13100
26190
-37.169821 -53.195960 1520.806379 6093.379804 0.147729 -0.128614 -0.980630 0.941593 0.321669 0.099660 0.302620 -0.938076 0.168622
-46.545411 -67.361564 -763.611212 6196.011035 0.184017 -0.168380 -0.968394 0.972823 0.172075 0.154939 0.140547 -0.970587 0.195469
-38.667273 -77.525147 2708.726502 11617.826246 0.504689 -0.002260 -0.863298 0.839703 0.233499 0.490283 0.200471 -0.972354 0.119742
-38.659736 -56.822403 413.963314 5171.958363 -0.202737 -0.305712 -0.930289 0.952903 0.157230 -0.259334 0.225551 -0.939052 0.259437
-22.648481 -69.273448 6292.648442 11498.945608 0.404509 0.062151 -0.912420 0.850081 0.342358 0.400192 0.337247 -0.937512 0.085654
-27.505366 -42.963921 4711.748079 4671.320399 0.121084 -0.052732 -0.991241 0.898194 0.430945 0.086793 0.422593 -0.900836 0.099544
-29.405497 -39.540354 278.116175 2720.185981 -0.425441 -0.338925 -0.839124 0.814701 0.260279 -0.518186 0.394032 -0.904093 0.165389
-33.893855 -45.419811 -1024.720387 2456.216820 -0.503186 -0.390162 -0.771088 0.799950 0.127266 -0.586415 0.326930 -0.911908 0.248072
-21.742806 -169.220302 10788.926733 60778.741433 -0.390327 -0.154656 -0.907594 0.140364 0.964270 -0.224679 0.909914 -0.215092 -0.354672
-31.837146 -151.280226 2695.640003 -42690.629069 -0.231829 0.055461 -0.971174 0.701925 0.700739 -0.127539 0.673467 -0.711258 -0.201381
-6.185425 -71.268430 18243.786195 12839.814736 -0.538266 -0.032843 -0.842135 0.357805 0.895808 -0.263634 0.763050 -0.443226 -0.470431
66.641593 -154.534702 7421.717638 22195.843790 -0.847750 0.348487 -0.399846 0.147143 0.878795 0.453947 0.509577 0.325999 -0.796276
45.671285 -132.261731 -9763.904882 22012.095836 0.897592 -0.377368 0.227863 0.162984 0.764360 0.623851 0.409591 0.522826 -0.747589
55.316995 -158.151632 11611.597609 17910.784865 -0.898646 0.398326 -0.183774 0.306239 0.869593 0.387332 0.314092 0.291795 -0.903439
52.267021 -120.860843 -10017.785119 17828.725483 0.857570 -0.381438 0.345078 0.048598 0.727962 0.683893 0.512067 0.569715 -0.642816
59.634506 -126.815809 -3699.809435 22700.709736 -0.703009 0.339325 -0.625009 0.060298 0.904108 0.423028 0.708620 0.259706 -0.656057
58.283764 -111.994750 1161.705843 20125.088745 -0.769453 0.389817 -0.505949 0.019730 0.806279 0.591206 0.638398 0.444923 -0.628085
0.907210 -16.389592 -1891.529334 -1981.847847 -0.027874 -0.643182 -0.765206 0.849261 -0.418996 0.321245 -0.527237 -0.640905 0.557909
-1.483064 -15.921182 -2084.817074 -1547.621807 0.064795 -0.688047 -0.722768 0.839996 -0.353397 0.411725 -0.538710 -0.633800 0.555058
-2.885717 -21.357535 -1144.772101 -1284.213832 -0.017927 -0.631452 -0.775208 0.871533 -0.389850 0.297401 -0.490009 -0.670288 0.557320
12.792380 -61.247835 489.266399 -8688.067750 -0.406971 0.085248 0.909454 0.781959 -0.482109 0.395109 0.472138 0.871954 0.129544
13.420471 -79.502563 1715.264187 -11286.887326 -0.375073 0.037383 0.926241 0.720898 -0.616396 0.316799 0.582774 0.786548 0.204244
12.843670 -78.398227 340.952710 -11999.370806 -0.408743 0.063323 0.910450 0.760146 -0.528469 0.378020 0.505082 0.846588 0.167873
14.640785 -63.279761 -1517.825653 -6384.083152 -0.433645 0.093333 0.896237 0.800188 -0.417429 0.430641 0.414309 0.903904 0.106332
12.630571 -104.665337 -196.107080 -3063.241542 -0.414200 -0.084548 0.906251 0.243352 0.949142 0.199773 -0.877051 0.303283 -0.372560
16.474397 -113.149564 -80.920541 2566.264855 -0.436178 -0.092104 0.895134 0.482700 0.815572 0.319127 -0.759440 0.571278 -0.311276
13.186512 -105.501878 1789.022622 692.772853 -0.378349 -0.138919 0.915179 0.406222 0.863468 0.299008 -0.831766 0.484896 -0.270261
-3.454503 -93.204975 680.982065 -4204.471251 -0.301146 -0.053326 0.952086 -0.135418 0.990708 0.012656 -0.943914 -0.125118 -0.305569
-4.451375 -92.630645 934.937191 -6031.573418 -0.310866 -0.039361 0.949638 -0.209448 0.977417 -0.028051 -0.927089 -0.207620 -0.312090
-1.273344 -80.105477 640.464077 -6673.763035 -0.305103 -0.073063 0.949512 -0.374167 0.926067 -0.048971 -0.875735 -0.370217 -0.309884
-0.588071 -84.836231 901.728514 -4103.679375 -0.294085 -0.089808 0.951551 -0.217960 0.975644 0.024719 -0.930595 -0.200131 -0.306497
-2.685690 -94.202354 1004.943203 -1760.289602 -0.287489 -0.068799 0.955310 0.030236 0.996268 0.080848 -0.957307 0.052127 -0.284336
65.931037 -40.687883 -3805.351622 4014.275265 0.756495 -0.380326 -0.532041 -0.653604 -0.467939 -0.594840 0.022730 -0.797737 0.602576
51.563279 -31.436086 -3807.439908 2413.998254 0.770501 -0.470934 -0.429592 -0.633654 -0.492531 -0.596570 -0.069358 -0.731871 0.677905
63.513781 -45.164993 -1818.841516 3969.212140 0.826322 -0.366991 -0.427211 -0.561672 -0.592782 -0.577177 0.041424 -0.716887 0.695958
9.629792 -35.525994 -263.697085 1452.071797 0.217471 -0.096552 -0.971280 0.935722 -0.262515 0.235606 -0.277723 -0.960085 0.033256
9.027697 -32.219889 238.162053 2362.641840 0.235172 -0.087357 -0.968020 0.952885 -0.175592 0.247341 -0.191583 -0.980580 0.041947
7.870918 -36.371157 781.706751 1476.037146 0.206293 -0.065458 -0.976298 0.939602 -0.265241 0.216322 -0.273114 -0.961958 0.006788
-10.516030 -42.035217 261.917381 -1301.332526 -0.132863 -0.128339 -0.982790 -0.307521 0.947982 -0.082219 0.942220 0.291305 -0.165419
-10.196031 -44.480427 177.851369 -489.018734 -0.142885 -0.179678 -0.973293 -0.362270 0.924636 -0.117512 0.921056 0.335805 -0.197208
-11.911407 -42.598160 467.772237 -1638.576006 -0.115260 -0.172346 -0.978270 -0.398701 0.910049 -0.113352 0.909809 0.376972 -0.173606
6.369368 -223.698955 552.985431 28046.512457 0.937442 -0.334703 0.095789 0.118187 0.047154 -0.991871 -0.327466 -0.941143 -0.083762
4.525764 -194.155707 1318.771631 4029.503543 0.931449 -0.320700 0.171915 0.262068 0.263489 -0.928382 -0.252434 -0.909794 -0.329472
6.005376 -199.761317 387.495161 5004.883469 0.924798 -0.340529 0.169674 0.272105 0.280300 -0.920538 -0.265910 -0.897481 -0.351880
6.433497 -257.340844 -156.162732 32720.525228 0.922908 -0.366730 0.117261 0.170649 0.116610 -0.978407 -0.345137 -0.922990 -0.170202
2.495798 -114.977792 1150.117332 -3499.140799 0.781258 -0.616652 0.096826 -0.243125 -0.157743 0.957083 0.574914 0.771270 0.273161
5.310750 -129.316270 1042.539526 -9333.564748 0.799950 -0.596323 0.066922 -0.358323 -0.385244 0.850407 0.481336 0.704263 0.521852
5.375555 -112.372583 1533.784805 -10280.888602 0.784279 -0.608203 0.122458 -0.296254 -0.193711 0.935259 0.545106 0.769783 0.332106
2.290761 -110.457260 573.890118 -3293.843868 0.794612 -0.603969 0.061758 -0.282071 -0.277189 0.918478 0.537613 0.747254 0.390620
3.994928 -104.235017 2349.411614 1113.306414 0.770915 -0.625392 0.120729 -0.175825 -0.026770 0.984057 0.612189 0.779852 0.130597
-0.567574 -116.082176 380.859853 4737.011377 0.784279 -0.612537 0.098517 -0.101956 0.029384 0.994355 0.611974 0.789896 0.039407
-0.150964 -105.716463 706.758859 2860.163605 0.782680 -0.617316 0.079580 -0.169615 -0.088519 0.981527 0.598867 0.781720 0.173989
16.280178 -44.395548 1472.864553 -389.806061 0.651274 -0.699327 0.294591 -0.296650 0.122688 0.947073 0.698456 0.704194 0.127552
9.458496 -43.171835 2992.669423 -167.197472 0.652112 -0.723710 0.225818 -0.326643 0.000585 0.945148 0.684145 0.690104 0.236013
17.834833 -48.737612 2242.084435 1202.840376 0.687305 -0.692843 0.218131 -0.312850 -0.011339 0.949735 0.655544 0.720999 0.224549
21.496854 -49.910606 1725.896059 -43.222924 0.685321 -0.675026 0.273268 -0.275391 0.107156 0.955342 0.674162 0.729971 0.112460
22.121909 -45.491048 -796.751232 1179.994263 -0.649928 0.666895 -0.364478 0.257230 -0.258246 -0.931204 0.715140 0.698971 0.003704
14.899929 -39.553818 -841.196545 1047.282047 -0.595915 0.690952 -0.409231 0.309065 -0.273011 -0.911012 0.741191 0.669365 0.050857
-0.489520 -262.495987 146.344705 7123.007366 0.853172 -0.505113 0.130221 -0.157036 -0.010653 0.987535 0.497430 0.862987 0.088410
-4.931742 -361.060416 66.278100 63052.170594 0.858904 -0.479074 0.181030 -0.067575 0.244375 0.967323 0.507659 0.843071 -0.177522
-7.187598 -317.100539 2751.243791 55772.069460 0.837956 -0.498077 0.223045 -0.097329 0.265759 0.959114 0.536989 0.825404 -0.174217
-1.338037 -258.353634 1416.778622 19556.518727 0.843367 -0.518937 0.139413 -0.214738 -0.087664 0.972729 0.492564 0.850305 0.185369
-205.608620 -2636.840997 1512806.866421 21286382.600979 0.949273 0.011731 0.314233 -0.291101 0.410684 0.864060 0.118914 0.911702 -0.393266
-16.622491 -7236.464974 -779.886414 308674.456577 0.971767 0.022591 -0.234858 0.230491 -0.303624 0.924493 0.050423 0.952524 0.300259
-43.822800 -19464.074096 377.319479 -11921503.111114 0.936022 0.120742 -0.330581 -0.000868 0.940098 0.340904 0.351939 -0.318807 0.880057
-25.972810 -4852.360632 -6092.003847 859733.638741 0.947451 0.046265 -0.316537 -0.055299 0.998277 -0.019611 0.315085 0.036085 0.948377
-247.589399 -9141.831160 -47059.927466 2619353.435449 0.996400 0.062381 -0.057415 -0.075268 0.962554 -0.260433 -0.039019 -0.263817 -0.963783
-54.091054 -74.785097 314.408237 6169.915406 0.076709 -0.385272 0.919609 -0.168500 0.904051 0.392809 -0.982712 -0.185087 0.004431
-38.017516 -74.264687 -3345.220004 2967.014959 -0.052735 -0.352893 0.934176 -0.223677 0.915883 0.333356 -0.973236 -0.191374 -0.127233
-43.939460 -71.226406 -2590.732154 -1454.438663 0.005719 -0.350839 0.936418 -0.365316 0.870976 0.328551 -0.930866 -0.343967 -0.123186
-57.038738 -69.936028 618.046640 -239.658751 0.124032 -0.279992 0.951956 -0.351693 0.884680 0.306028 -0.927862 -0.372754 0.011258
-53.822582 -68.671401 1729.203714 2550.600861 0.097648 0.051330 0.993896 -0.248351 0.968332 -0.025610 -0.963736 -0.244334 0.107304
-50.195044 -67.863622 334.773745 2434.080470 0.223472 0.470322 0.853732 -0.449078 0.827062 -0.338080 -0.865095 -0.307840 0.396036
-53.189389 -70.853047 344.945598 943.067893 0.178574 0.340637 0.923081 -0.524847 0.826520 -0.203470 -0.832254 -0.448141 0.326377
-52.371955 -70.508904 265.283143 1027.707015 0.246624 0.498094 0.831312 -0.594032 0.755460 -0.276415 -0.765704 -0.425655 0.482199
-49.409891 -67.237365 -70.088758 2726.343932 0.242952 0.636004 0.732443 -0.492390 0.731416 -0.471786 -0.835779 -0.246026 0.490861
18.429193 -86.333495 522.438118 -12397.902880 0.666015 -0.524986 0.529918 0.378350 0.849991 0.366560 -0.642865 -0.043640 0.764735
27.341724 -62.951847 332.117517 -11862.448576 0.655970 -0.525879 0.541437 0.265209 0.832185 0.486963 -0.706659 -0.175840 0.685356
35.221156 -71.170284 2535.783847 -11363.159094 0.578741 -0.592568 0.560287 0.343086 0.800196 0.491913 -0.739831 -0.092464 0.666408
18.866431 -95.896607 1534.004118 -11542.942904 0.596234 -0.598877 0.534650 0.496351 0.798424 0.340814 -0.630984 0.062170 0.773301
8.439254 -100.783714 7.714499 -8846.092696 0.664003 -0.527903 0.529545 0.515177 0.836279 0.187700 -0.541934 0.148176 0.827255
13.579258 -92.969333 289.989056 -10811.526042 0.737236 -0.448189 0.505578 0.377873 0.893843 0.241365 -0.560085 0.013101 0.828332
8.645901 -21.310078 -1755.158411 678.653054 0.295318 -0.057431 0.953671 0.695442 -0.671514 -0.255793 0.655094 0.738763 -0.158370
9.126348 -13.034358 1216.500775 -2914.123342 -0.460408 0.217086 -0.860754 -0.540613 0.700521 0.465842 0.704104 0.679812 -0.205166
11.187965 -23.237155 1010.323037 -1660.669700 -0.285968 0.080356 -0.954864 -0.654488 0.711456 0.255882 0.699905 0.698121 -0.150861
9.702578 -30.115695 -620.282112 -366.737635 0.159027 0.030835 0.986793 0.767305 -0.632813 -0.103881 0.621252 0.773691 -0.124294
6.199553 -23.988987 -1883.258352 444.878280 0.157278 0.073063 0.984848 0.782889 -0.617094 -0.079246 0.601954 0.783490 -0.154255
-7.301714 -49.137610 72.024311 1428.051612 -0.124137 -0.068139 0.989923 -0.491293 0.870993 -0.001656 -0.862103 -0.486547 -0.141599
-6.451988 -49.778709 -251.033530 6638.603201 -0.125565 -0.038769 0.991328 -0.344049 0.938927 -0.006858 -0.930518 -0.341927 -0.131235
-7.942903 -51.740975 437.792958 4862.681478 -0.134893 -0.035842 0.990212 -0.340533 0.940151 -0.012360 -0.930506 -0.338867 -0.139025
-7.716131 -49.934851 -456.235848 1282.823570 -0.127902 -0.038357 0.991045 -0.484164 0.874509 -0.028639 -0.865579 -0.483491 -0.130423
-7.321010 -53.584171 -160.102593 5585.023141 -0.161558 -0.047866 0.985702 -0.370890 0.928544 -0.015699 -0.914516 -0.368123 -0.167767
-8.154881 -52.132276 -238.723705 -6181.408029 -0.110672 -0.058522 0.992132 -0.634373 0.772617 -0.025191 -0.765064 -0.632170 -0.122632
-6.827759 -52.936058 -164.249212 5.367378 -0.147911 -0.085168 0.985327 -0.528463 0.848935 -0.005951 -0.835972 -0.521589 -0.170575
-7.123505 -54.318632 81.103104 -4100.445938 -0.122920 -0.074088 0.989647 -0.650017 0.759545 -0.023875 -0.749913 -0.646222 -0.141522
3.452785 -48.543610 699.344992 73.916550 0.006392 0.161772 -0.986808 0.812940 0.573813 0.099333 0.582312 -0.802850 -0.127843
2.081854 -47.738227 874.252183 294.554981 0.025928 0.176738 -0.983916 0.869751 0.481221 0.109360 0.492809 -0.858598 -0.141241
4.463539 -48.880345 717.636087 378.201122 0.029037 0.169226 -0.985149 0.883859 0.455959 0.104374 0.466851 -0.873764 -0.136332
4.656820 -66.362368 -64.351272 -2281.262229 0.197411 0.126908 -0.972072 0.860601 0.452422 0.233838 0.469463 -0.882728 -0.019904
5.660182 -65.275011 -111.602278 -1853.808424 0.160081 0.111619 -0.980773 0.816228 0.543787 0.195111 0.555109 -0.831767 -0.004056
5.064982 -59.799699 302.352665 -724.149726 0.193046 0.135580 -0.971777 0.874573 0.425212 0.233061 0.444809 -0.894882 -0.036489
0.415777 -104.839939 -1384.582222 -8706.477504 -0.153508 -0.041318 0.987283 -0.214045 0.976794 0.007598 -0.964686 -0.210156 -0.158790
0.908006 -95.459522 163.924333 -10300.285949 -0.138427 -0.041499 0.989503 -0.386824 0.922024 -0.015446 -0.911704 -0.384902 -0.143686
1.443921 -83.354243 -802.362362 -8449.289145 -0.151884 -0.060572 0.986541 -0.456798 0.889432 -0.015717 -0.876509 -0.453036 -0.162760
-7.382517 -74.538189 -923.975034 5086.627693 0.154312 0.205443 -0.966427 0.900063 -0.432677 0.051737 -0.407522 -0.877829 -0.251679
-3.963677 -75.276507 -870.811497 5172.204546 0.141920 0.189153 -0.971638 0.896043 -0.441691 0.044893 -0.420672 -0.877001 -0.232174
-6.344729 -89.811588 -247.011756 3943.245789 0.172891 0.208780 -0.962559 0.790119 -0.612887 0.008983 -0.588065 -0.762089 -0.270924
-9.732465 -96.301386 -1016.733653 6823.636911 0.196850 0.177924 -0.964154 0.802990 -0.593502 0.054421 -0.562545 -0.784919 -0.259702
-7.985768 -70.110093 179.027830 8385.166769 0.192675 0.230924 -0.953703 0.927522 -0.360089 0.100196 -0.320280 -0.903886 -0.283568
6.780316 -53.562426 1838.239940 7340.470360 0.382834 0.179228 -0.906264 0.894024 -0.319002 0.314576 -0.232719 -0.930653 -0.282359
6.348456 -53.007709 661.809554 -2249.844305 0.265070 0.173150 -0.948555 0.940996 -0.261103 0.215295 -0.210392 -0.949655 -0.232144
1.795542 -46.032753 983.563203 297.068694 0.309980 0.194884 -0.930555 0.931145 -0.259934 0.255739 -0.192043 -0.945756 -0.262040
5.060455 -59.339177 66.114182 449.966690 -0.182192 0.171697 0.968156 0.938989 0.322519 0.119506 -0.291730 0.930861 -0.219982
5.363153 -60.757263 -400.513955 1553.837278 -0.176883 0.196317 0.964454 0.957486 0.261210 0.122435 -0.227889 0.945108 -0.234175
6.463135 -59.566944 196.310661 -667.365610 -0.175842 0.172300 0.969223 0.969313 0.202122 0.139927 -0.171791 0.964085 -0.202554
5.926301 -58.939529 -305.282189 -422.378034 -0.150581 0.208334 0.966397 0.976991 0.180717 0.113273 -0.151046 0.961217 -0.230753
5.474057 -61.047654 822.292188 -1058.626285 -0.185440 0.141801 0.972371 0.957811 0.247190 0.146616 -0.219570 0.958535 -0.181657
39.996003 -37.588077 2009.294569 1846.481767 -0.366197 -0.157320 -0.917142 -0.331088 0.943136 -0.029582 0.869644 0.292822 -0.397461
37.797932 -35.988301 1533.668305 -1774.249370 -0.368481 -0.171544 -0.913671 -0.381570 0.924132 -0.019622 0.847718 0.341399 -0.405981
35.410657 -34.710895 6294.430758 -1707.099941 -0.482648 -0.162176 -0.860668 -0.342403 0.939433 0.014996 0.806108 0.301933 -0.508946
39.037865 -37.012489 -4473.297911 -697.360496 -0.209268 -0.146652 -0.966799 -0.359112 0.931131 -0.063510 0.909530 0.333899 -0.247520
41.179774 -39.249976 -3494.861686 2375.327650 -0.223233 -0.155140 -0.962340 -0.290274 0.953044 -0.086307 0.930542 0.260075 -0.257783
-2.684427 -162.740491 -1199.155043 22192.028045 -0.655950 0.421699 -0.626020 -0.061453 0.796790 0.601124 0.752299 0.432778 -0.496739
-3.687590 -192.498218 -1289.540242 24805.472693 -0.664355 0.422363 -0.616637 0.155611 0.885108 0.438598 0.731038 0.195429 -0.653751
-3.378224 -182.779174 -236.255848 20194.764841 -0.678015 0.410979 -0.609419 0.023916 0.840984 0.540532 0.734659 0.351914 -0.580029
-5.014880 -152.029556 -763.595367 17200.538811 -0.670880 0.407710 -0.619429 -0.216366 0.691335 0.689377 0.709299 0.596513 -0.375589
26.305905 -48.025114 -2642.192639 4262.794265 -0.541451 0.803044 0.248901 0.342070 -0.060014 0.937756 -0.767997 -0.592890 0.242202
44.904144 -57.089687 -888.505340 5068.766236 -0.514966 0.819060 0.252886 0.212949 -0.163528 0.963282 -0.830339 -0.549909 0.090207
30.467228 -48.056301 3075.827922 4102.912927 -0.414929 0.848476 0.328516 0.370610 -0.172142 0.912697 -0.830952 -0.500456 0.243027
17.482340 -40.776789 -467.309582 2544.874783 -0.476055 0.827579 0.297464 0.432682 -0.074061 0.898499 -0.765609 -0.556443 0.322822
40.389841 -1105.402701 5757.403641 387698.581684 -0.602122 0.263856 -0.753545 0.716828 0.594267 -0.364699 0.351579 -0.759754 -0.546960
24.722219 -1077.065201 -13626.326366 302426.709868 -0.649399 0.159514 -0.743529 0.757925 0.215342 -0.615774 0.061888 -0.963423 -0.260742
45.469080 -537.651218 1204.882368 138043.281371 -0.518827 0.157632 -0.840221 0.650245 0.710823 -0.268163 0.554977 -0.685480 -0.471294
-0.051695 -28.016126 803.634854 679.317910 -0.000977 -0.097191 0.995265 0.982148 0.187124 0.019237 -0.188108 0.977517 0.095273
0.412660 -30.376552 1090.389088 883.972020 -0.009522 -0.102629 0.994674 0.966783 0.253140 0.035373 -0.255422 0.961971 0.096810
1.209782 -28.631545 148.183642 508.041674 -0.069517 -0.105073 0.992032 0.973286 0.210985 0.090551 -0.218818 0.971826 0.087599
-1.674469 -26.464899 108.467681 424.145248 -0.058063 -0.101946 0.993094 0.989740 0.124206 0.070618 -0.130548 0.987005 0.093688
-2.889758 -27.069362 692.541883 771.237202 0.043257 -0.084990 0.995442 0.989705 0.139706 -0.031080 -0.136427 0.986539 0.090159
0.063521 -50.986700 -192.661774 1123.860047 0.123244 0.147881 -0.981296 0.992343 -0.026489 0.120640 -0.008154 -0.988650 -0.150013
1.619062 -49.202154 -328.960555 -555.161161 0.109467 0.145535 -0.983278 0.985113 0.116029 0.126845 0.132550 -0.982526 -0.130667
1.233689 -47.984088 445.301682 360.016122 0.088607 0.160268 -0.983089 0.992798 0.065687 0.100190 0.080633 -0.984885 -0.153293
52.438797 -1841.627186 212889.264413 915060.898319 0.890599 0.295067 0.346076 -0.351800 -0.035283 0.935410 -0.288219 0.954825 -0.072382
-333.673385 -2202.276489 159082.259826 935271.235673 0.143262 0.976012 0.163943 -0.118146 -0.147601 0.981965 -0.982607 0.160048 -0.094167
172.729201 -387.500799 895413.038919 87395.402935 0.077247 0.827844 0.555614 0.988635 0.008490 -0.150099 -0.128975 0.560894 -0.817779
-563.961850 -1575.761072 193970.378719 -534922.301178 0.576514 0.803894 -0.146242 -0.794335 0.593353 0.130246 -0.191477 -0.041076 -0.980637
-9.081722 -198.176421 -9428.183894 -66984.404153 0.463347 -0.111138 -0.879180 0.849638 0.337661 0.405093 0.251844 -0.934684 0.250881
30.011583 -752.675608 -5393.917145 -262828.292097 0.472629 -0.070767 -0.878416 0.784381 0.488140 0.382708 0.401707 -0.869892 0.286217
16.678314 -101.053473 -1866.544507 -29534.454929 0.415861 -0.030096 -0.908930 0.840433 0.394577 0.371457 0.347464 -0.918370 0.189383
5.587135 -54.795526 250.251992 -7188.160034 0.504486 0.024002 -0.863086 0.806661 0.343344 0.481053 0.307882 -0.938903 0.153850
-10.437391 -62.344377 -8771.355798 5184.294228 0.697719 -0.003101 -0.716365 -0.683562 -0.302045 -0.664463 0.214314 -0.953289 0.212862
2.590342 -21.146076 -584.075885 3267.303577 -0.084868 -0.002431 0.996389 -0.193328 0.981033 -0.014073 -0.977457 -0.193825 -0.083729
1.642425 -18.259143 -1007.886811 2600.895788 -0.112764 0.053004 0.992207 -0.171554 0.982541 -0.071985 -0.978700 -0.178335 -0.101702
4.020201 -14.230685 -681.572975 1562.537603 -0.077363 -0.047082 0.995891 -0.168895 0.985066 0.033450 -0.982593 -0.165613 -0.084159
-1.195866 -26.677301 -626.955986 3398.864672 -0.115113 0.103247 0.987972 -0.222659 0.966595 -0.126956 -0.968076 -0.234595 -0.088279
3.747821 -22.806197 -416.669896 4261.967526 -0.054561 -0.063494 0.996490 -0.211858 0.975990 0.050588 -0.975776 -0.208354 -0.066703
0.760285 -30.237573 -683.646812 3774.512074 -0.082792 0.001539 0.996566 -0.262345 0.964693 -0.023284 -0.961416 -0.263372 -0.079465
-51.394878 -82.372329 -546.064383 9191.262638 0.520221 -0.093103 -0.848942 0.852659 0.112961 0.510110 0.048404 -0.989228 0.138149
-54.165146 -75.835203 -1579.478035 3593.798063 0.234111 -0.197748 -0.951886 0.970500 -0.010514 0.240873 -0.057640 -0.980197 0.189453
-44.631647 -68.049358 -15.288716 5367.368614 -0.068729 -0.283955 -0.956371 0.994231 0.059633 -0.089155 0.082347 -0.956981 0.278218
-25.685736 -74.250643 3103.856552 -267.835696 -0.213893 -0.114878 -0.970079 -0.408519 0.912572 -0.017994 0.887334 0.392447 -0.242123
-22.868763 -69.776114 4073.539492 -1842.897334 -0.236350 -0.117068 -0.964590 -0.251793 0.966185 -0.055565 0.938477 0.229744 -0.257835
-5.161970 -72.933161 8103.543434 -1761.156183 -0.316510 -0.180269 -0.931302 -0.317732 0.945211 -0.074977 0.893794 0.272174 -0.356446
-33.723576 -70.088118 478.875734 -2304.641814 -0.152896 -0.073188 -0.985528 -0.239260 0.970327 -0.034940 0.958842 0.230455 -0.165870
-14.141542 -75.749109 6170.128115 66.616910 -0.277061 -0.200207 -0.939763 -0.498832 0.865891 -0.037404 0.821221 0.458421 -0.339774
-35.179322 -74.510632 1197.693918 -866.239542 -0.126752 -0.049614 -0.990693 -0.392568 0.919713 0.004167 0.910947 0.389443 -0.136052
-34.223929 -74.562757 286.962870 830.840418 -0.149927 -0.049874 -0.987438 -0.547342 0.835910 0.040884 0.823370 0.546596 -0.152623
-28.796806 -73.936623 2075.243394 535.211576 -0.220444 -0.136020 -0.965869 -0.581512 0.813335 0.018181 0.783102 0.565672 -0.258392
-47.189856 -181.136376 -19072.523692 73933.886595 0.347448 0.165929 -0.922902 0.115197 0.969211 0.217624 0.930596 -0.181928 0.317636
-62.412838 -320.423833 -10686.133301 136927.044898 0.148277 0.091240 -0.984728 -0.081841 0.993452 0.079725 0.985554 0.068770 0.154773
-21.058822 -63.545625 -1780.348809 11882.669494 -0.120627 -0.443278 -0.888231 0.291704 0.839434 -0.458541 0.948872 -0.314413 0.028048
-24.862542 -62.748060 -1358.937399 9365.485496 0.023260 -0.133326 -0.990799 0.435221 0.893576 -0.110026 0.900023 -0.428657 0.078810
23.994955 -139.909401 -5439.235972 18823.305898 0.884067 -0.452383 0.117368 0.278804 0.712041 0.644411 0.375091 0.536979 -0.755619
30.713401 -94.051341 -7145.316783 12169.359851 0.884961 -0.410846 0.219203 0.114347 0.648042 0.752971 0.451408 0.641285 -0.620471
17.939556 -99.110633 -4847.630546 12068.478397 0.884938 -0.443267 0.142824 0.177578 0.604684 0.776417 0.430523 0.661719 -0.613822
-3.561115 -45.867909 815.172092 -1409.053132 0.029387 -0.060750 -0.997720 0.457122 0.888475 -0.040634 0.888918 -0.454886 0.053880
-5.605916 -45.986754 690.558811 551.434035 0.037059 -0.090253 -0.995229 0.457101 0.887150 -0.063431 0.888642 -0.452570 0.074132
-4.313754 -42.040553 961.266750 -3998.233922 0.027268 -0.059426 -0.997860 0.589971 0.806793 -0.031925 0.806964 -0.587838 0.057059
-5.299642 -51.673241 894.700145 1608.952264 0.046271 -0.069472 -0.996510 0.332185 0.941875 -0.050239 0.942079 -0.328701 0.066659
-1.797206 -43.294994 779.099038 -4179.340951 0.034707 -0.033835 -0.998825 0.579818 0.814712 -0.007451 0.814006 -0.578878 0.047895
-2.520590 -52.617662 708.694172 -258.594502 0.044094 -0.051461 -0.997701 0.301705 0.952729 -0.035807 0.952381 -0.299432 0.057536
-1.201123 -46.154185 -36.069499 -638.059790 0.057770 -0.033420 -0.997770 0.414899 0.909845 -0.006453 0.908032 -0.413601 0.066428
4.725436 -49.996732 -2165.481418 -80.395618 0.252441 -0.204631 -0.945727 0.919976 0.353650 0.169046 0.299865 -0.912720 0.277531
2.858154 -48.430095 -2105.391482 2849.159060 0.240086 -0.197386 -0.950472 0.868955 0.480179 0.119775 0.432755 -0.854674 0.286803
6.858413 -48.200148 -726.238709 1218.831410 0.244684 -0.157757 -0.956683 0.860070 0.490866 0.139030 0.447671 -0.856833 0.255789
6.894462 -48.114819 -99.479799 -746.145557 0.248034 -0.147790 -0.957412 0.881836 0.443589 0.159980 0.401054 -0.883961 0.240351
7.242909 -48.569328 -990.868922 -417.506390 0.267425 -0.160496 -0.950118 0.905929 0.377820 0.191165 0.328293 -0.911862 0.246436
12.084118 -62.912272 379.499616 -7499.417531 -0.328884 0.098793 0.939189 0.764638 -0.555794 0.326224 0.554224 0.825429 0.107251
14.930976 -79.086363 1572.640239 -7074.905226 -0.322066 0.039357 0.945899 0.651406 -0.715806 0.251578 0.686982 0.697189 0.204900
15.076236 -87.491766 -2080.782096 3630.639716 0.360020 -0.012592 -0.932860 -0.593576 0.768330 -0.239451 0.719759 0.639930 0.269140
-6.411438 -89.904270 913.547319 -6088.155672 -0.335302 -0.016621 0.941964 -0.238595 0.968747 -0.067836 -0.911397 -0.247494 -0.328789
-3.384187 -80.324122 660.402123 -7439.786771 -0.317313 -0.057662 0.946566 -0.426976 0.899940 -0.088312 -0.846761 -0.432184 -0.310183
-4.819074 -36.749134 -1283.429792 761.698213 -0.171888 0.156528 -0.972601 -0.193512 0.962695 0.189133 0.965923 0.220720 -0.135186
-3.924693 -34.238248 -2641.216828 360.851186 -0.177435 0.254554 -0.950641 -0.227711 0.929136 0.291297 0.957426 0.268158 -0.106897
7.526250 -38.452841 -4772.752027 2062.715903 -0.184760 0.326671 -0.926903 -0.114165 0.929622 0.350385 0.976130 0.170557 -0.134462
0.450894 -39.210712 -2019.501790 1862.337183 -0.178286 0.155911 -0.971548 -0.092558 0.980332 0.174305 0.979616 0.121001 -0.160348
-7.253197 -40.364599 -301.513824 172.384565 -0.155796 -0.004530 -0.987779 -0.210866 0.977091 0.028778 0.965020 0.212773 -0.153182
-8.241393 -255.065427 948.102800 35301.754548 0.912197 -0.358486 0.198458 0.172333 0.775064 0.607928 0.371751 0.520349 -0.768790
-7.776337 -269.833431 -268.677755 21402.376937 -0.911242 0.359864 -0.200338 0.312461 0.920915 0.232990 0.268339 0.149713 -0.951620
-6.010194 -220.161876 2.286119 8512.868962 -0.917379 0.348169 -0.192856 0.301480 0.924207 0.234417 0.259856 0.156907 -0.952814
-5.930086 -226.549731 -544.394600 -12582.594054 -0.923093 0.331894 -0.194281 0.353116 0.931590 -0.086316 0.152342 -0.148281 -0.977141
-5.252833 -196.137379 -1300.392230 25328.141831 0.921470 -0.355080 0.157516 0.243320 0.843704 0.478496 0.302802 0.402593 -0.863846
-3.994702 -212.317951 2481.508011 14927.761979 -0.937688 0.324364 -0.124620 0.298725 0.935694 0.187722 0.177497 0.138798 -0.974284
-5.179001 -237.533100 -2064.197688 -7961.131432 0.928964 -0.339308 0.147974 0.359647 0.921944 -0.143783 0.087637 -0.186788 -0.978484
7.143057 -132.157348 581.169737 -13134.227676 0.804845 -0.582456 0.113886 -0.393617 -0.380261 0.836939 0.444173 0.718434 0.535316
4.149637 -119.275464 347.533832 -5732.326639 0.806478 -0.589439 0.046423 -0.375836 -0.450442 0.809845 0.456444 0.670570 0.584804
14.924609 -45.985345 3874.654019 532.916394 0.682626 -0.714836 0.151764 -0.338729 -0.125495 0.932477 0.647522 0.687940 0.327802
-4.819993 -336.262109 1803.970578 19975.663358 0.845727 -0.517176 0.131436 -0.191257 -0.063836 0.979462 0.498164 0.853495 0.152901
-61.183268 -8100.942578 -28613.565074 -3737238.366939 0.987055 0.016614 -0.159521 0.061317 0.879969 0.471057 -0.148200 0.474741 -0.867559
-25.605823 -30.803630 -912.105867 352.002267 0.582539 -0.401918 -0.706478 -0.405150 0.609925 -0.681062 0.704629 0.682974 0.192468
-24.385741 -28.886135 -659.274451 1012.165834 0.509645 -0.195900 -0.837786 -0.502990 0.722166 -0.474845 0.698043 0.663400 0.269512
-25.108993 -32.981188 -447.329453 509.267177 0.333258 -0.031770 -0.942300 -0.553833 0.802232 -0.222919 0.763025 0.596167 0.249755
-19.929868 -27.549727 -3431.824558 588.341416 0.767767 -0.552550 -0.324381 0.098679 -0.398256 0.911951 0.633085 0.732175 0.251243
-25.597390 -33.834409 107.221397 243.962890 0.377635 -0.204355 -0.903123 -0.502020 0.774368 -0.385138 0.778054 0.598827 0.189838
-26.172095 -33.444003 -486.080410 -165.220058 0.526359 -0.431710 -0.732511 -0.437991 0.600747 -0.668780 0.728773 0.672852 0.127123
-19.542303 -29.898406 -3354.696353 647.943086 0.759150 -0.585046 -0.285331 0.111380 -0.315132 0.942489 0.641316 0.747271 0.174070
-21.497683 -32.681123 -3313.843548 889.217347 0.735747 -0.573612 -0.360063 0.207775 -0.314836 0.926125 0.644597 0.756206 0.112458
-6.286714 -107.867350 267.326797 3281.520556 0.340216 0.046851 -0.939180 0.918490 0.197533 0.342575 0.201569 -0.979176 0.024172
-5.323876 -105.810787 683.198484 852.319501 0.347663 0.054737 -0.936020 0.937618 -0.021834 0.346980 -0.001444 -0.998262 -0.058913
-4.380483 -107.970344 -1037.332496 667.244356 0.338129 0.020792 -0.940870 0.940817 -0.031953 0.337404 -0.023049 -0.999273 -0.030366
-1.038131 -102.084063 4.062673 -7446.358840 0.370895 0.041031 -0.927768 0.875632 -0.348248 0.334652 -0.309362 -0.936504 -0.165091
-2.986867 -101.582535 -1173.222765 -9677.363368 0.335285 0.013587 -0.942019 0.881895 -0.356282 0.308746 -0.331429 -0.934280 -0.131439
38.339682 -363.702454 4717.841374 -47153.779734 0.179644 -0.377077 -0.908593 0.746735 -0.548998 0.375483 -0.640402 -0.745931 0.182953
25.715626 -376.295756 -3677.897407 67754.638641 -0.147263 0.247814 0.957550 -0.515927 0.806724 -0.288125 -0.843880 -0.536456 0.009053
26.463324 -589.599620 -3802.001024 162010.762766 -0.126463 0.344314 0.930298 -0.405401 0.837994 -0.365261 -0.905349 -0.423336 0.033610
20.552868 -484.570632 -4838.685239 147362.323510 -0.166206 0.444857 0.880044 -0.388798 0.790595 -0.473070 -0.906207 -0.420786 0.041557
2.593426 -214.928158 613.747693 40815.770440 -0.144959 0.374356 0.915885 -0.119667 0.912233 -0.391803 -0.982174 -0.166397 -0.087438
17.012378 -81.416719 1717.849674 -1036.778736 0.277652 -0.162889 -0.946772 0.274855 0.957794 -0.084181 0.920524 -0.236851 0.310704
29.978865 -94.833196 2154.287046 1176.070366 0.262793 -0.326494 -0.907933 0.533214 0.833399 -0.145358 0.804129 -0.445924 0.393102
22.213548 -76.997233 467.769529 5026.722850 0.292946 -0.408669 -0.864391 0.450497 0.856410 -0.252219 0.843347 -0.315519 0.434986
27.366308 -106.647205 2243.728150 -6453.243225 0.241322 -0.199755 -0.949664 0.502988 0.862628 -0.053632 0.829920 -0.464727 0.308646
-16.882184 -65.600108 -14628.797305 -11770.000160 -0.260676 -0.289475 0.921006 -0.425105 0.890943 0.159707 -0.866795 -0.349892 -0.355305
-17.758937 -72.699459 -9406.206533 5155.734699 -0.204727 -0.249605 0.946459 -0.123710 0.965784 0.227942 -0.970970 -0.070420 -0.228600
-53.821988 -73.084603 769.722790 -413.010846 0.127238 0.257083 0.957977 -0.644855 0.755290 -0.117040 -0.753639 -0.602864 0.261883
-56.560330 -69.222852 1799.628850 31.636200 0.100689 0.145175 0.984269 -0.461604 0.883190 -0.083045 -0.881353 -0.445981 0.155941
-55.261742 -67.366442 187.349971 -494.707685 -0.056169 0.092521 0.994125 -0.546419 0.830498 -0.108166 -0.835627 -0.549284 0.003907
-56.605869 -71.793391 1059.498602 47.276037 0.043904 0.142306 0.988849 -0.626491 0.774921 -0.083704 -0.778191 -0.615830 0.123175
41.032312 -45.945884 1554.049411 -7515.805887 0.603381 -0.538691 0.588000 0.213852 0.819643 0.531463 -0.768244 -0.194930 0.609757
13.030447 -11.673859 573.512249 -6133.376914 -0.411423 0.213755 -0.886025 -0.501425 0.758699 0.415872 0.761121 0.615374 -0.204964
-7.002768 -54.295766 307.147978 -2267.414648 -0.127884 -0.000505 0.991789 -0.302461 0.952383 -0.038515 -0.944544 -0.304903 -0.121947
-5.986924 -53.701263 -141.951102 1315.364524 -0.118866 0.008729 0.992872 -0.291888 0.955470 -0.043345 -0.949037 -0.294960 -0.111025
-6.600460 -52.842100 -272.834515 8974.851707 -0.117550 -0.005647 0.993051 -0.340475 0.939603 -0.034960 -0.932877 -0.342218 -0.112373
1.057383 -48.000232 850.875449 -249.925513 0.001010 0.161718 -0.986837 0.786863 0.608875 0.100584 0.617127 -0.776607 -0.126635
-1.678779 -44.721527 1106.843819 297.463303 0.014161 0.175408 -0.984394 0.835770 0.538363 0.107954 0.548897 -0.824256 -0.138977
6.652242 -63.976043 -10.146068 -1471.272313 0.121790 0.098818 -0.987624 0.769602 0.618963 0.156836 0.626801 -0.779179 -0.000667
6.643081 -68.985757 -191.847587 -1818.450646 0.118792 0.080088 -0.989684 0.720241 0.679158 0.141410 0.683477 -0.729609 0.022996
7.451233 -65.959550 -573.550528 -1937.374281 0.102752 0.059583 -0.992921 0.689418 0.715294 0.114267 0.717039 -0.696279 0.032421
6.793967 -61.956436 354.986995 -1513.267383 0.063476 0.085136 -0.994345 0.692641 0.713553 0.105310 0.718484 -0.695409 -0.013675
1.867524 -72.703212 -786.453083 -7481.051547 -0.152443 -0.038235 0.987572 -0.567194 0.821696 -0.055740 -0.809353 -0.568642 -0.146949
0.603299 -98.988648 984.379290 -9211.288119 -0.132796 -0.028862 0.990723 -0.347729 0.937396 -0.019301 -0.928143 -0.347067 -0.134518
2.620332 -80.529735 875.401190 -7434.330740 -0.139308 -0.027241 0.989874 -0.523274 0.850683 -0.050231 -0.840701 -0.524973 -0.132762
-0.912062 -62.436186 -50.159285 4353.224470 0.191324 0.167557 -0.967119 0.945050 -0.297567 0.135403 -0.265095 -0.939882 -0.215281
-2.561064 -66.197335 -436.907881 4282.095535 0.173697 0.178578 -0.968473 0.939729 -0.324157 0.108770 -0.294513 -0.928995 -0.224120
-1.481693 -58.471535 214.821289 4469.690545 0.195762 0.180937 -0.963815 0.965629 -0.206935 0.157283 -0.170989 -0.961478 -0.215228
-2.629613 -56.479926 -1062.913576 2589.967134 0.203606 0.164450 -0.965143 0.969332 -0.172431 0.175109 -0.137624 -0.971197 -0.194515
-0.391714 -56.035335 285.425901 4319.663436 0.195382 0.164706 -0.966798 0.971013 -0.170891 0.167121 -0.137691 -0.971426 -0.193321
-0.799794 -50.992097 -42.984293 1169.379051 0.226107 0.165521 -0.959937 0.972412 -0.096389 0.212425 -0.057367 -0.981484 -0.182749
10.436323 -57.862950 655.083140 3323.297466 0.341098 0.140854 -0.929415 0.893899 -0.354519 0.274336 -0.290854 -0.924379 -0.246835
10.890918 -64.552211 436.848910 -2373.941155 0.239939 0.153004 -0.958655 0.942464 -0.273511 0.192233 -0.232790 -0.949622 -0.209826
13.087789 -66.560410 3069.984049 8413.867127 0.409862 0.184765 -0.893239 0.839414 -0.459593 0.290099 -0.356926 -0.868698 -0.343464
13.355330 -67.908320 -189.807463 2611.628372 0.305300 0.114098 -0.945396 0.875478 -0.424186 0.231527 -0.374607 -0.898359 -0.229394
3.753443 -59.119661 -553.788623 4290.675662 -0.186413 0.202853 0.961302 0.937761 0.328547 0.112519 -0.293008 0.922447 -0.251473
4.245566 -59.352477 -556.446732 1816.704087 -0.160206 0.217751 0.962766 0.953175 0.287582 0.093567 -0.256500 0.932674 -0.253627
28.124143 -36.448491 5812.262844 -2307.121744 -0.483721 -0.176005 -0.857343 -0.405485 0.913168 0.041313 0.775626 0.367623 -0.513086
37.237881 -36.826214 -4487.424903 -833.188556 -0.223665 -0.144591 -0.963881 -0.447868 0.893592 -0.030121 0.865672 0.424955 -0.264623
30.957733 -37.940506 1413.242629 -1386.006041 -0.365388 -0.184792 -0.912329 -0.475671 0.879536 0.012357 0.800143 0.438483 -0.409272
50.781813 -57.543662 -3484.594401 1723.534174 -0.673253 0.738925 0.026851 0.009926 -0.027279 0.999579 -0.739346 -0.673236 -0.011032
85.099803 -70.453577 5683.445450 3900.097854 -0.535452 0.830257 0.154806 -0.037730 -0.206629 0.977692 -0.843723 -0.517666 -0.141965
-9.713604 -36.849944 4809.862169 589.832480 -0.237365 -0.486736 0.840682 0.971368 -0.127952 0.200183 0.010131 0.864127 0.503171
-11.958041 -38.598791 3067.782209 187.746584 -0.234258 -0.477030 0.847093 0.968003 -0.033822 0.248648 -0.089962 0.878236 0.469689
-1.861238 -38.141144 5192.862470 633.916268 -0.174303 -0.503283 0.846359 0.984233 -0.062812 0.165347 -0.030054 0.861836 0.506297
-7.563214 -31.431275 1946.470319 1098.389105 0.138011 -0.076157 0.987498 0.974179 0.190316 -0.121472 -0.178686 0.978764 0.100456
-8.582246 -34.968660 1569.913678 763.536967 0.106272 -0.059674 0.992545 0.961458 0.260736 -0.087267 -0.253585 0.963564 0.085083
-3.429632 -33.121530 2023.814341 1013.960506 0.046687 -0.100564 0.993835 0.958971 0.283029 -0.016410 -0.279634 0.953825 0.109652
-5.838422 -37.165228 1718.674097 289.487049 0.032460 -0.093114 0.995126 0.933490 0.358590 0.003104 -0.357132 0.928839 0.098561
0.364448 -50.134965 -228.557425 958.536854 0.142629 0.146623 -0.978856 0.989685 -0.007720 0.143050 0.013417 -0.989162 -0.146211
89.162655 -1552.142936 7043.989140 -521142.433321 0.283994 -0.098625 -0.953740 0.865843 0.453690 0.210906 0.411902 -0.885685 0.214239
33.281100 -357.457231 -3504.645597 -103848.583986 0.404037 -0.070296 -0.912038 0.669183 0.702483 0.242306 0.623657 -0.708221 0.330870
-0.127489 -21.063389 -658.338030 2872.964228 -0.141107 0.176598 0.974116 -0.159423 0.967066 -0.198414 -0.977074 -0.183294 -0.108306
-34.221953 -79.318269 5182.373847 3926.612528 0.464048 0.005753 -0.885791 0.885808 -0.000744 0.464052 0.002010 -0.999983 -0.005441
-16.639842 -79.269521 10315.259925 8146.157781 0.438821 0.113808 -0.891338 0.882805 0.130419 0.451272 0.167606 -0.984905 -0.043239
-28.045053 -63.320545 2540.545031 -4142.898761 -0.210264 -0.099249 -0.972594 -0.073073 0.993646 -0.085600 0.974910 0.053072 -0.216180
-98.637551 -440.092605 15808.386096 -177904.078800 -0.109191 0.164803 -0.980264 0.905040 0.424303 -0.029478 0.411071 -0.890397 -0.195484
-79.199262 -393.450709 5321.447587 -137331.766220 -0.209689 -0.076881 -0.974741 0.862414 0.455205 -0.221429 0.460731 -0.887061 -0.029149
-91.916442 -289.935848 13522.547734 -106061.028276 -0.213949 0.025361 -0.976516 0.773890 0.614411 -0.153598 0.596087 -0.788578 -0.151079
24.810075 -162.146977 -6477.274086 14082.045940 0.879591 -0.467379 0.088750 0.396454 0.823261 0.406284 0.262952 0.322179 -0.909427
51.098664 -166.195024 13384.312404 -2835.214251 -0.888305 0.442537 -0.122778 0.437877 0.896744 0.064135 0.138483 0.003210 -0.990360
-7.168125 -50.368865 422.040941 721.006886 0.066629 -0.093024 -0.993432 0.368262 0.927642 -0.062165 0.927332 -0.361701 0.096065
0.815119 -48.308978 -1556.270317 1952.039616 0.238302 -0.183758 -0.953648 0.904307 0.400079 0.148881 0.354177 -0.897869 0.261514
-0.149728 -47.805699 -912.330734 3621.516340 0.232698 -0.185702 -0.954655 0.855640 0.505705 0.110191 0.462312 -0.842482 0.276571
10.947491 -48.769639 -708.941707 -1841.491933 -0.458964 0.137950 0.877680 0.782034 -0.406086 0.472775 0.421633 0.903362 0.078497
11.367704 -95.836462 -251.735951 -4930.311842 -0.393687 -0.101041 0.913675 0.016942 0.992974 0.117111 -0.919088 0.061584 -0.389209
11.738740 -94.643246 -80.752536 -6191.721562 -0.407651 -0.084157 0.909251 0.021247 0.994600 0.101583 -0.912891 0.060729 -0.403662
12.552773 -100.295529 -170.339924 -8072.036427 -0.432794 -0.048675 0.900178 0.123483 0.985928 0.112681 -0.892996 0.159925 -0.420693
-9.612338 -104.300321 890.151879 -3098.069204 -0.348637 0.007418 0.937228 -0.012506 0.999843 -0.012566 -0.937174 -0.016102 -0.348490
-8.320228 -104.761218 364.869783 -4572.142341 -0.355772 0.018150 0.934397 -0.061564 0.997185 -0.042810 -0.932543 -0.072756 -0.353653
-5.960574 -91.188223 -7.214431 -9895.818135 -0.366998 0.008983 0.930178 -0.316156 0.939224 -0.133808 -0.874847 -0.343189 -0.341853
-4.142831 -99.206342 -2487.329454 -7089.647868 -0.403347 0.031291 0.914512 -0.169745 0.979510 -0.108381 -0.899165 -0.198949 -0.389771
-6.191462 -110.425298 -1489.374634 -1832.009434 -0.386213 0.058857 0.920530 0.101027 0.994658 -0.021210 -0.916861 0.084807 -0.390096
20.131929 -97.495365 -7436.362276 -3863.467404 0.776702 -0.628037 0.047989 0.617772 0.774432 0.136426 -0.122844 -0.076316 0.989487
26.725209 -82.568556 -7737.968747 7906.504619 0.787206 -0.615320 0.041082 -0.564062 -0.745356 -0.355357 -0.249279 -0.256567 0.933827
3.934309 -90.669769 -8712.941622 -6414.194090 0.778269 -0.618688 0.107343 0.561589 0.762275 0.321801 -0.280919 -0.190165 0.940703
6.833763 -100.284758 -8706.232308 -1910.135503 0.763822 -0.638099 0.096978 0.633589 0.769946 0.075818 -0.123047 0.003533 0.992395
15.220460 -99.158807 -4637.260486 -1551.927603 0.772704 -0.633872 0.033687 -0.632448 -0.764265 0.126131 0.054205 0.118767 0.991441
7.818994 -30.866082 1168.457856 2597.785195 0.194126 -0.043605 -0.980007 0.969184 -0.145909 0.198475 -0.151646 -0.988337 0.013937
10.477958 -26.243180 22.474558 2675.923897 0.261319 -0.105043 -0.959520 0.958814 -0.086373 0.270583 -0.111299 -0.990710 0.078146
