15215
30422
-36.874463 -57.946971 -305.884336 -3722.554019 0.457530 0.887616 0.052947 0.151693 -0.136587 0.978945 -0.876159 0.439865 0.197138
-34.312482 -57.487864 889.848858 -7031.931135 0.476677 0.836530 -0.270181 0.203970 0.193709 0.959621 -0.855088 0.512538 0.078291
-33.555415 -48.126679 -628.283084 -4165.133957 0.452873 0.867395 0.206235 -0.056102 -0.203134 0.977543 -0.889808 0.454272 0.043331
-29.024614 -42.319777 1101.478703 -5251.212046 0.518623 0.854830 -0.017213 -0.023730 0.034516 0.999122 -0.854674 0.517759 -0.038186
-33.889358 -54.712240 301.137359 -4084.381712 0.394746 0.874280 0.282509 0.028125 -0.318833 0.947394 -0.918360 0.366034 0.150447
-24.809633 -36.407503 369.914348 -2130.490465 0.375693 0.769194 0.516909 -0.296411 -0.428736 0.853420 -0.878063 0.473841 -0.066925
-30.148718 -45.137814 -20.933327 -3126.043940 0.349056 0.798801 0.489977 -0.177026 -0.457242 0.871545 -0.920229 0.390957 0.018195
-49.019628 -64.274127 -504.422648 727.315656 0.243000 0.868699 -0.431639 0.708441 0.145028 0.690709 -0.662618 0.473633 0.580181
-49.869805 -57.149148 -1214.827876 935.586471 0.613694 0.789321 0.018762 0.565813 -0.456243 0.686803 -0.550668 0.410871 0.726601
-42.618394 -56.767594 -4153.689741 2354.408684 -0.604521 -0.771913 0.196732 0.617770 -0.298379 0.727550 -0.502905 0.561355 0.657242
-46.135814 -70.934304 -1359.310205 -177.576859 0.950067 0.015766 0.311647 -0.235195 -0.620172 0.748378 -0.205074 0.784307 0.585497
-41.973069 -65.978519 -1491.623921 -577.949263 0.922845 0.106675 0.370105 -0.244016 -0.581535 0.776062 -0.298015 0.806497 0.510637
-40.521049 -66.259037 -2428.589707 940.386809 0.945638 0.214462 0.244487 -0.027784 -0.695736 0.717760 -0.324031 0.685534 0.651956
-45.296111 -69.920419 -1767.058490 1890.597691 0.975816 0.089716 0.199335 -0.063558 -0.756051 0.651420 -0.209150 0.648335 0.732064
14.786997 -39.561850 -197.620553 -45.638719 0.094709 0.965475 -0.242669 0.500176 0.164613 0.850133 -0.860729 0.201892 0.467317
9.032436 -38.177035 -2435.726187 -999.587152 0.064055 0.979327 -0.191875 0.388585 0.152618 0.908686 -0.919184 0.132765 0.370775
10.771087 -38.265421 1234.545243 -1305.738502 0.117225 0.947436 -0.297697 0.428265 0.222231 0.875901 -0.896017 0.230171 0.379703
9.803623 -39.739048 -3331.666929 1423.352787 0.066576 0.988624 -0.134871 0.480172 0.086745 0.872875 -0.874644 0.122874 0.468934
14.009762 -40.662574 2718.620332 -844.180458 0.140346 0.936207 -0.322211 0.535332 0.202010 0.820129 -0.832900 0.287591 0.472831
18.758601 -41.525883 1199.456961 -501.680360 0.132218 0.957049 -0.258023 0.601747 0.129353 0.788142 -0.787667 0.259471 0.558799
15.237514 -39.613476 -1947.381659 1510.509154 0.078318 0.979718 -0.184443 0.559516 0.109928 0.821497 -0.825111 0.167537 0.539559
13.324071 -35.646471 -2047.292430 -1117.362223 -0.303811 0.730135 -0.612047 -0.409832 0.479784 0.775787 -0.860080 -0.486529 -0.153469
14.470577 -38.443250 -2136.213021 -990.299962 -0.325403 0.752275 -0.572884 -0.285133 0.499592 0.817990 -0.901561 -0.429524 -0.051930
10.260046 -35.188704 -2701.560617 -999.940541 -0.347292 0.741227 -0.574431 -0.350375 0.465630 0.812666 -0.869842 -0.483498 -0.097998
5.763301 -31.047931 -2001.467661 -1082.382902 -0.331744 0.725579 -0.602895 -0.449692 0.440174 0.777190 -0.829291 -0.528945 -0.180262
8.190136 -29.713543 -2392.029053 -1344.747413 -0.301377 0.705384 -0.641564 -0.521690 0.441222 0.730180 -0.798130 -0.554757 -0.235018
13.683265 -32.403742 -2039.527070 -1067.938197 -0.250914 0.711554 -0.656303 -0.514512 0.476260 0.713059 -0.819951 -0.516592 -0.246603
-1.737235 -42.274040 -57.960819 -231.287303 0.289136 0.940591 0.178016 0.163570 0.134681 -0.977295 0.943210 -0.311689 0.114911
-0.688962 -40.696235 -135.711741 -50.929055 0.288324 0.933310 0.214011 0.169014 0.170389 -0.970774 0.942499 -0.316068 0.108615
-0.535928 -40.531592 28.831693 -517.727773 0.285528 0.934798 0.211250 0.096746 0.191186 -0.976774 0.953475 -0.299334 0.035849
0.139811 -47.283752 -50.613120 -1323.042358 0.482203 0.859606 0.168987 0.372463 -0.375755 0.848575 -0.792938 0.346244 0.501362
-0.156633 -50.596307 -696.332747 -1315.756890 0.464493 0.872187 0.153415 0.518679 -0.408352 0.751146 -0.717787 0.269329 0.642062
-1.651238 -49.269551 -1107.098331 -777.089260 0.464683 0.869710 0.166353 0.395419 -0.371911 0.839837 -0.792284 0.324479 0.516720
0.297252 -48.522279 -331.992340 771.189597 0.480067 0.857359 0.185667 0.302277 -0.360363 0.882478 -0.823508 0.367525 0.432157
-0.937191 -53.188934 -1058.050995 1698.254318 0.463984 0.868352 0.175166 0.285176 -0.333632 0.898535 -0.838685 0.366952 0.402433
-5.785865 -46.983434 -1234.259524 -520.473951 0.463895 0.876537 0.128393 0.474822 -0.368369 0.799280 -0.747894 0.309818 0.587083
-3.918792 -48.188954 -1330.760051 -135.022231 0.455510 0.881063 0.127432 0.378693 -0.321320 0.867955 -0.805669 0.347104 0.480016
-4.214921 -63.016950 -965.853106 2590.713460 0.443404 0.840346 -0.311789 0.090792 0.303955 0.948350 -0.891712 0.448810 -0.058478
-2.961640 -62.067034 -1305.178010 1666.465284 0.430519 0.854113 -0.291796 0.170077 0.240730 0.955575 -0.886412 0.461021 0.041626
-4.687629 -62.137357 -1264.965796 356.009768 0.441687 0.845662 -0.299614 0.227574 0.217427 0.949176 -0.867826 0.487423 0.096416
0.303822 -36.432560 -429.458219 -5474.309391 0.422506 0.842478 -0.334246 0.356998 -0.493654 -0.793006 0.833091 -0.215724 0.509335
-3.429071 -34.363579 1259.196042 -2233.246326 0.372990 0.875141 -0.308231 0.354711 -0.441465 -0.824190 0.857356 -0.198082 0.475084
-1.524019 -42.029108 -773.615604 -6089.068714 0.385591 0.897349 -0.214672 0.329134 -0.351131 -0.876572 0.861969 -0.267342 0.430741
-2.447560 -16.780903 1800.268216 1570.881572 0.675126 -0.649095 0.350544 0.631243 0.262403 -0.729847 -0.381756 -0.714017 -0.586892
0.357721 -19.598101 1503.470246 1969.342547 0.728061 -0.626756 0.277676 0.557861 0.306296 -0.771346 -0.398394 -0.716492 -0.572645
-5.183425 -24.030981 1086.329742 1849.599757 0.654030 -0.664103 0.362232 0.618325 0.193458 -0.761741 -0.435798 -0.722178 -0.537158
-7.967721 -20.517991 -1551.794717 1515.800064 -0.578389 0.688846 -0.436986 0.699611 0.143372 -0.699992 -0.419535 -0.710588 -0.564849
-3.312924 -12.037841 -1777.663728 1719.015704 -0.610771 0.676437 -0.411571 0.708147 0.234106 -0.666124 -0.354240 -0.698303 -0.622003
4.747838 -9.971057 2958.535939 1367.173371 0.793701 -0.573944 0.201560 0.499411 0.425625 -0.754607 -0.347313 -0.699593 -0.624454
9.271706 -111.069400 965.960073 -775.448213 0.829473 -0.505925 -0.236674 -0.378105 -0.196723 -0.904620 -0.411111 -0.839845 0.354469
8.514455 -111.173494 1109.297085 -2283.148347 0.837000 -0.497200 -0.228526 -0.468460 -0.435239 -0.768839 -0.282803 -0.750573 0.597213
6.083664 -109.772156 1208.472484 -315.764186 0.846179 -0.476706 -0.238185 -0.425592 -0.335543 -0.840406 -0.320705 -0.812504 0.486812
5.904532 -108.438276 1188.147213 1864.008666 0.840714 -0.479878 -0.250831 -0.322665 -0.071980 -0.943772 -0.434841 -0.874377 0.215355
2.525500 -113.345295 963.506856 -78.530627 0.853069 -0.461670 -0.243175 -0.378162 -0.225890 -0.897757 -0.359537 -0.857808 0.367286
-0.288489 -86.491973 181.093147 3223.313009 0.838624 -0.450176 -0.306677 0.036920 0.608692 -0.792547 -0.543458 -0.653327 -0.527084
0.273305 -83.175307 465.691539 2652.638554 0.835138 -0.460439 -0.300900 0.085157 0.648688 -0.756275 -0.543409 -0.605970 -0.580954
1.208285 -91.155808 469.906758 3457.795761 0.837341 -0.461120 -0.293646 -0.022234 0.507974 -0.861086 -0.546228 -0.727551 -0.415095
-21.350232 -100.501666 -1634.428388 6977.960631 0.315732 0.948334 0.031241 0.857447 -0.271064 -0.437388 0.406322 -0.164885 0.898730
-14.516991 -81.068442 -1482.137070 6385.094594 0.262896 0.960971 0.086136 0.787295 -0.162060 -0.594898 0.557721 -0.224211 0.799173
-19.061404 -83.771601 -2184.796223 7976.553301 0.282765 0.958188 0.043809 0.747305 -0.191440 -0.636306 0.601315 -0.212664 0.770191
-23.606842 -103.930713 -1546.962726 7972.141637 0.325142 0.944801 -0.040414 0.832408 -0.306219 -0.461873 0.448754 -0.116533 0.886025
4.680418 -141.349346 -1374.916023 -8561.186516 0.974214 -0.183408 -0.131408 -0.108859 -0.892232 0.438260 0.197627 0.412654 0.889191
3.105833 -135.575925 -748.764982 6131.232512 0.979300 -0.136648 -0.149328 -0.015415 -0.785938 0.618114 0.201827 0.603017 0.771775
3.781290 -147.036773 -593.132975 4651.769554 0.974194 -0.145927 -0.172193 -0.008746 -0.786727 0.617239 0.225541 0.599805 0.767701
5.392232 -158.200578 -78.584515 -9276.230312 0.964705 -0.202909 -0.167847 -0.126633 -0.916318 0.379901 0.230887 0.345238 0.909672
-17.860396 -34.051049 745.277639 -450.583020 -0.717839 0.572610 0.396012 0.015039 -0.555925 0.831096 -0.696047 -0.602549 -0.390453
-19.191947 -30.811002 621.868516 -95.306150 -0.716248 0.371728 0.590599 -0.146717 0.747188 -0.648216 -0.682249 -0.550934 -0.480633
-20.860092 -29.934206 -319.529402 -542.679957 -0.765659 0.565297 0.306931 -0.046357 -0.524410 0.850203 -0.641575 -0.636737 -0.427725
-14.900561 -34.825371 1753.099024 690.448857 -0.674988 0.485951 0.555195 -0.065914 0.709748 -0.701365 -0.734878 -0.510009 -0.447041
-17.391855 -34.340052 783.013562 1256.551576 0.740915 -0.649785 -0.169780 0.108716 0.365507 -0.924438 -0.662741 -0.666472 -0.341451
-13.925000 -38.507265 744.670633 -1119.133728 -0.704856 0.650417 0.283083 -0.001500 -0.400439 0.916322 -0.709349 -0.645450 -0.283227
-14.532208 -37.230075 1864.450963 -381.510872 -0.677441 0.596969 0.429768 0.037097 -0.555790 0.830495 -0.734641 -0.578555 -0.354369
14.206063 -377.453249 -2629.035887 59239.380326 0.948932 -0.127299 -0.288657 0.304848 0.134460 0.942862 0.081213 0.982708 -0.166400
22.943682 -733.999548 -8398.020691 193276.500289 0.944810 -0.142414 -0.295047 0.267742 -0.183369 0.945881 0.188810 0.972674 0.135119
15.633567 -423.369239 -1705.343475 99577.903587 0.959503 -0.121512 -0.254145 0.198870 -0.346783 0.916620 0.199514 0.930041 0.308574
-17.478587 -365.770303 1650.477550 27443.971456 0.861007 -0.437401 -0.259513 -0.245627 0.089184 -0.965253 -0.445347 -0.894833 0.030650
-13.450396 -482.076279 1421.885260 100757.970946 0.792361 -0.490569 -0.362636 -0.482193 -0.139494 -0.864888 -0.373702 -0.860165 0.347079
-5.904333 -490.615990 2812.144758 113318.278424 0.800810 -0.488172 -0.346974 -0.277898 0.210327 -0.937302 -0.530543 -0.847025 -0.032770
-7.257852 -386.755386 -3459.154182 72057.479862 0.756751 -0.556409 -0.343128 -0.444930 -0.053851 -0.893945 -0.478921 -0.829161 0.288315
52.866181 -34.450559 -780.695410 -2124.813541 -0.440388 -0.656801 0.612103 -0.439432 0.752216 0.490988 -0.782916 -0.052752 -0.619887
43.406392 -35.581542 -7367.443313 -1753.010721 -0.633048 -0.617711 0.466565 -0.382490 0.773593 0.505228 -0.673017 0.141378 -0.725990
56.361070 -37.262714 -1100.293899 180.477386 -0.450745 -0.651331 0.610407 -0.294119 0.753993 0.587357 -0.842807 0.085217 -0.531427
53.868394 -36.112588 3345.756639 -1162.370214 -0.263719 -0.680002 0.684141 -0.396471 0.722983 0.565779 -0.879353 -0.122035 -0.460266
12.439659 -25.733115 -2680.861339 -1508.101859 -0.155253 0.636912 -0.755142 -0.686412 0.480189 0.546130 -0.710447 -0.603127 -0.362633
13.346789 -30.241495 -1260.931153 -1076.035468 -0.188528 0.694056 -0.694797 -0.603196 0.476470 0.639634 -0.774991 -0.539688 -0.328824
8.742209 -25.946583 -2142.971606 -1336.417801 -0.238366 0.676686 -0.696618 -0.612754 0.451708 0.648454 -0.753468 -0.581425 -0.306970
6.500062 -20.412366 -2383.165950 -1584.997833 -0.176615 0.633464 -0.753346 -0.696269 0.460582 0.550522 -0.695714 -0.621762 -0.359716
10.440282 -21.247366 -3466.589176 -1285.932991 -0.103985 0.584415 -0.804764 -0.733408 0.501485 0.458940 -0.671789 -0.637943 -0.376468
6.693905 -27.556640 -3743.124686 -873.019795 -0.790820 0.526541 0.312024 0.269932 0.757592 -0.594299 -0.549309 -0.385758 -0.741249
3.782236 -23.989855 -2360.559175 -1081.786308 -0.776573 0.549811 0.307641 0.229202 0.701382 -0.674930 -0.586857 -0.453620 -0.670692
-2.954895 -25.765657 -2620.725723 -847.339445 -0.759657 0.587314 0.279255 0.293472 0.692796 -0.658717 -0.580341 -0.418445 -0.698647
-4.855346 -20.743923 -2642.067463 -4918.266367 0.914031 -0.282427 0.291173 -0.394116 -0.448400 0.802253 0.096016 0.848041 0.521160
-3.946628 -30.281525 -1618.277222 -4091.828265 0.925053 -0.272814 0.264289 -0.373160 -0.522841 0.766413 0.070907 0.807595 0.585459
-11.583556 -34.545494 -1910.901483 -2241.093121 0.977055 -0.180692 0.112755 -0.201472 -0.612384 0.764457 0.069082 0.769634 0.634737
3.415685 -18.206741 -3618.787120 -4382.297916 0.789886 -0.383233 0.478762 -0.605466 -0.363325 0.708100 0.097422 0.849192 0.519020
59.224249 -2502.770952 -9942.817915 811330.122506 -0.111076 0.355785 0.927944 0.618631 0.755515 -0.215622 -0.777790 0.550104 -0.304019
204.496294 -309.749888 75816.708331 71543.741099 0.307384 0.056011 0.949936 0.951565 -0.011583 -0.307229 -0.006205 0.998363 -0.056858
-117.861794 -670.923194 20925.745835 143372.280750 0.161745 0.184441 0.969443 0.980437 -0.141701 -0.136619 0.112173 0.972575 -0.203752
-2066.268078 -6410.943740 -8694.694399 -2105149.252936 0.834749 -0.013872 0.550455 0.132979 0.975170 -0.177085 -0.534331 0.221021 0.815868
-290.300974 -2852.320418 -32758.861153 640399.043915 -0.222543 0.101998 0.969573 0.942995 -0.229908 0.240629 0.247457 0.967853 -0.045019
115.082789 -633.965754 -35431.956853 134739.640137 0.303410 -0.064783 0.950655 0.900558 -0.306500 -0.308308 0.311349 0.949663 -0.034654
3.210841 -469.639549 5984.660467 131428.050212 0.412073 -0.068905 0.908542 0.841251 -0.354247 -0.408420 0.349990 0.932610 -0.088009
-126.465081 -289.619477 -27606.019297 -65603.961891 0.542772 0.836563 -0.074564 -0.069823 -0.043528 -0.996609 0.836972 -0.546138 -0.034785
-193.540033 -326.578809 -15199.102018 -76834.584014 -0.173991 -0.421385 -0.890035 0.315033 0.832504 -0.455732 0.932996 -0.359683 -0.012098
-129.152481 -175.342107 -11415.974158 -40179.574987 0.376975 0.801662 0.463927 0.405389 0.307552 -0.860855 0.832796 -0.512592 0.209046
-49.002786 -154.404758 -12674.124814 -29214.802199 0.609866 0.780839 -0.135478 0.086619 -0.235601 -0.967982 0.787757 -0.578605 0.211320
-61.353497 -327.114481 -18779.650830 -75003.044128 0.598107 0.781419 -0.177908 -0.145841 -0.112158 -0.982930 0.788034 -0.613844 -0.046881
-3.435533 -45.330524 512.355995 627.944330 0.326500 0.928514 0.176802 0.790634 -0.165783 -0.589419 0.517973 -0.332231 0.788243
-4.662591 -48.794905 249.020439 1686.727374 0.349644 0.919339 0.180460 0.820234 -0.207299 -0.533144 0.452731 -0.334430 0.826554
-5.805697 -45.499253 576.981830 793.128164 0.327374 0.923258 0.201051 0.813816 -0.167383 -0.556495 0.480136 -0.345801 0.806158
-3.718033 -50.864975 232.959700 1919.227475 0.369531 0.915623 0.158372 0.828778 -0.247692 -0.501772 0.420206 -0.316675 0.850378
-2.264628 -49.950055 293.103623 1697.476644 0.355599 0.922113 0.152501 0.793327 -0.211523 -0.570868 0.494147 -0.323983 0.806755
20.145705 -62.963860 -1473.233587 -3735.103501 0.007743 0.983871 -0.178710 0.873283 -0.093717 -0.478115 0.487152 0.152363 0.859923
15.040802 -57.150335 -836.216672 -3932.722797 0.010070 0.987619 -0.156546 0.912226 -0.073196 -0.403097 0.409565 0.138746 0.901669
18.491065 -58.615025 -1599.170948 -2491.979646 -0.043812 0.985436 -0.164304 0.922777 -0.023106 -0.384642 0.382836 0.168468 0.908325
15.931403 -48.062058 -1310.597793 -2361.684930 -0.105391 0.986259 -0.127221 0.955667 0.065080 -0.287166 0.274941 0.151846 0.949395
23.224827 -65.674402 -1646.818685 -1539.701167 -0.062537 0.979893 -0.189472 0.877306 -0.036540 -0.478538 0.475840 0.196151 0.857381
20.507333 -60.450631 -1150.047198 -2476.852501 -0.133217 0.972723 -0.189905 0.950584 0.071187 -0.302196 0.280434 0.220779 0.934138
21.090330 3.732255 5070.693600 881.875853 -0.747584 0.591117 0.302818 0.198050 0.633599 -0.747883 -0.633952 -0.499132 -0.590739
17.847366 -0.076226 4758.074662 762.608972 -0.742961 0.596134 0.304357 0.203743 0.634559 -0.745536 -0.637572 -0.491893 -0.592910
25.796110 2.108476 2863.860771 762.578568 -0.787247 0.566117 0.244444 0.211810 0.620554 -0.755016 -0.579118 -0.542608 -0.608439
-6.142041 -35.319308 901.547710 -3237.171654 -0.177443 0.896817 -0.405257 -0.580125 -0.427957 -0.693042 0.794965 -0.112124 -0.596204
-5.005086 -32.785002 367.651775 -1595.585495 -0.150297 0.921267 -0.358716 -0.593818 -0.374218 -0.712279 0.790437 -0.105959 -0.603309
-5.544727 -28.757463 826.272493 208.460461 -0.136509 0.923461 -0.358588 -0.566303 -0.369744 -0.736607 0.812814 -0.102516 -0.573432
-7.337108 -34.555505 692.321095 -3327.054953 -0.160875 0.889422 -0.427841 -0.565896 -0.438279 -0.698336 0.808629 -0.129769 -0.573828
11.805849 -28.973579 -542.660761 935.924833 0.180109 0.738186 -0.650109 0.524051 -0.631322 -0.571668 0.832425 0.237727 0.500554
9.152562 -26.000926 -1032.689643 1057.958663 0.202757 0.749092 -0.630675 0.493906 -0.634359 -0.594681 0.845545 0.190918 0.498601
11.326719 -28.959978 -1066.459422 827.149987 0.173892 0.775166 -0.607354 0.576993 -0.579996 -0.575051 0.798023 0.250443 0.548122
13.475655 -30.915381 -453.193495 363.806140 0.156226 0.748377 -0.644613 0.593193 -0.592911 -0.544589 0.789756 0.297301 0.536560
13.104164 -28.676730 -760.558565 -482.694552 0.146280 0.791847 -0.592942 0.658461 -0.525257 -0.539013 0.738263 0.311582 0.598235
-0.625785 -48.706230 664.793535 4173.938881 -0.320434 0.741822 -0.589086 -0.272517 -0.667778 -0.692681 0.907225 0.061423 -0.416138
-0.809946 -44.357744 -35.637575 4796.780905 -0.307318 0.748849 -0.587180 -0.310255 -0.662172 -0.682107 0.899610 0.027448 -0.435831
-0.347322 -39.308250 98.221018 3003.096677 -0.295681 0.766091 -0.570681 -0.364713 -0.642670 -0.673765 0.882925 -0.008915 -0.469429
0.324138 -41.961677 479.759569 2332.902876 -0.306680 0.756968 -0.577016 -0.357314 -0.653451 -0.667330 0.882198 -0.001520 -0.470875
-7.727313 -99.208080 -279.446584 5347.281757 -0.237703 0.597989 -0.765445 0.564485 -0.556259 -0.609863 0.790477 0.577048 0.205332
-5.469392 -89.854302 -1043.262998 -3804.687693 -0.224174 0.599110 -0.768644 -0.406662 0.659262 0.632456 0.885648 0.454358 0.095845
-8.107636 -98.524562 -119.123075 -4892.199373 -0.247055 0.559659 -0.791041 -0.565995 0.579267 0.586599 0.786520 0.592648 0.173653
-4.997382 -91.334068 921.231028 -4736.492339 0.124676 0.814896 -0.566039 0.139944 0.550345 0.823126 -0.982279 0.181837 0.045425
-2.636406 -86.315977 905.683961 -4701.266896 0.135772 0.828627 -0.543088 -0.046299 0.552871 0.831979 -0.989658 0.087815 -0.113429
-6.893522 -80.486400 909.860241 -2990.190022 0.114326 0.834655 -0.538776 -0.065543 0.547488 0.834243 -0.991279 0.060063 -0.117298
-8.762505 -86.700795 1039.053567 -4476.595379 0.104285 0.822086 -0.559732 0.127823 0.547054 0.827281 -0.986299 0.157820 0.048032
-0.884201 -65.851351 -374.951227 279.402773 -0.143526 0.744953 -0.651494 0.603326 0.587694 0.539086 -0.784473 0.315691 0.533799
-2.069502 -69.305141 -641.526021 -889.128048 -0.116935 0.769762 -0.627529 0.444320 0.605649 0.660128 -0.888204 0.201631 0.412842
-0.059708 -64.109142 -466.288280 -609.806040 -0.121907 0.775118 -0.619944 0.468745 0.595520 0.652406 -0.874881 0.211063 0.435931
-11.924965 -31.785305 512.911373 -1296.916306 0.306812 0.775384 -0.551948 0.943839 -0.322578 0.071492 -0.122612 -0.542885 -0.830808
-9.343888 -30.759256 1058.858525 -1731.279200 0.280924 0.808924 -0.516452 0.947575 -0.319154 0.015540 -0.152257 -0.493743 -0.856175
-10.315769 -34.228602 1016.480668 -1039.945827 0.268648 0.809216 -0.522492 0.961505 -0.257810 0.095088 -0.057757 -0.527924 -0.847325
-12.781887 -34.953305 765.511124 -817.627614 0.269291 0.790675 -0.549831 0.962825 -0.233617 0.135613 -0.021224 -0.565911 -0.824193
-8.352559 -36.194572 1333.205645 -683.691724 0.239765 0.830428 -0.502894 0.970785 -0.200068 0.132469 0.009393 -0.519964 -0.854137
-11.173147 -36.969498 794.277838 -470.972708 0.251183 0.809042 -0.531373 0.966152 -0.176213 0.188413 0.058799 -0.560713 -0.825920
11.590566 -25.753247 540.664876 -1822.456578 0.153860 0.688641 -0.708591 -0.415803 0.695667 0.585795 0.896345 0.204503 0.393374
11.207799 -25.326307 -625.824653 1396.956457 0.198975 0.708844 -0.676719 0.440011 -0.681630 -0.584612 0.875671 0.181441 0.447527
11.768755 -30.447143 649.742684 789.953422 0.143205 0.711654 -0.687780 0.519638 -0.645512 -0.559724 0.842300 0.277241 0.462243
8.784701 -29.809111 1716.912540 1468.945401 0.101461 0.692504 -0.714244 0.474443 -0.664727 -0.577098 0.874420 0.280315 0.395997
9.310241 -24.547338 1461.579049 -2355.812198 0.114903 0.680303 -0.723868 -0.380443 0.703273 0.600558 0.917639 0.206384 0.339625
-27.467867 -47.486083 3309.985020 -1382.386106 -0.029740 -0.320952 -0.946628 0.085140 0.942792 -0.322326 0.995925 -0.090182 -0.000713
-35.153665 -47.572877 3024.653614 -1635.810517 0.016258 -0.483733 -0.875065 0.173877 0.863213 -0.473951 0.984633 -0.144448 0.098144
-26.719200 -42.085653 3638.208874 -2056.974089 -0.082487 -0.479731 -0.873530 0.227009 0.844430 -0.485186 0.970393 -0.238320 0.039249
0.535957 -78.689133 -226.327488 6373.913700 0.009951 -0.758041 0.652131 0.975151 -0.136986 -0.174113 0.221318 0.637659 0.737841
0.710394 -71.667845 -452.474624 234.501554 0.071995 -0.763765 0.641466 0.922808 -0.193036 -0.333412 0.378475 0.615954 0.690911
1.377168 -76.486315 246.351599 902.584067 0.036127 -0.768763 0.638513 0.939641 -0.191407 -0.283617 0.340250 0.610219 0.715446
1.300139 -83.852715 440.132596 6026.873272 -0.006565 -0.763892 0.645311 0.983438 -0.121818 -0.134198 0.181123 0.633742 0.752040
-9.261221 -129.176254 -871.022290 793.671991 0.445982 -0.652525 0.612627 0.893606 0.363378 -0.263486 -0.050684 0.664957 0.745160
-7.558265 -117.903124 -862.029864 -318.607350 0.416429 -0.645313 0.640436 0.909126 0.302404 -0.286431 -0.008833 0.701515 0.712600
-9.419661 -116.814389 -594.046675 307.467680 0.473646 -0.629083 0.616372 0.853386 0.500811 -0.144638 -0.217696 0.594510 0.774058
-9.904336 -122.967901 -713.999418 -4145.623698 0.498373 -0.625701 0.600102 0.804653 0.591506 -0.051511 -0.322734 0.508546 0.798263
-9.465490 -112.576354 205.255532 -2746.340813 0.468753 -0.633432 0.615657 0.805695 0.592317 -0.004028 -0.362113 0.497920 0.788004
-10.351389 -110.579435 -37.586392 -3806.693800 0.516655 -0.614985 0.595702 0.729299 0.680595 0.070102 -0.448543 0.398226 0.800141
-8.876638 -97.486979 1504.313156 -6384.462601 0.548068 -0.619853 0.561608 0.574163 0.767057 0.286288 -0.608241 0.165549 0.776296
-11.225084 -93.998711 -141.696684 -3823.765201 0.500943 -0.634427 0.588693 0.531162 0.762391 0.369631 -0.683318 0.127527 0.718897
-6.144034 -86.165775 2750.609273 -1876.347013 0.528393 -0.673979 0.516288 0.462468 0.738465 0.490706 -0.711986 -0.020519 0.701894
-34.704465 -1303.463367 2357.038344 -456944.489209 0.104073 0.597436 -0.795135 -0.662741 0.637772 0.392455 0.741581 0.486124 0.462321
-37.231986 -711.171127 -6224.626298 192481.301319 0.066560 0.667080 -0.742007 0.790073 -0.489419 -0.369126 0.609389 0.561670 0.559617
-40.092601 -299.766689 1379.200984 -99128.159517 0.242595 0.554739 -0.795872 -0.425967 0.797976 0.426364 0.871608 0.235581 0.429885
-40.013649 -244.331522 4812.769900 -81058.350268 0.118099 0.511010 -0.851423 -0.441958 0.794868 0.415763 0.889228 0.327192 0.319717
-41.013020 -646.409007 -1140.873203 172026.641893 -0.151279 0.626015 -0.764997 0.730700 -0.450387 -0.513059 0.665727 0.636598 0.389295
-285.845069 -2790.768357 64853.921312 -634728.414199 -0.339640 0.809555 -0.478817 -0.375973 -0.583494 -0.719846 0.862142 0.064466 -0.502549
-2985.131286 -7659.454015 -809660.686433 -1119493.558822 0.170095 -0.765688 0.620314 0.941717 -0.059097 -0.331174 0.290235 0.640491 0.711010
-540.327537 -4132.166534 152107.325372 2421431.055355 -0.380855 0.815783 -0.435256 0.148431 -0.410687 -0.899614 0.912643 0.407228 -0.035325
-780.738601 -2981.018915 210870.028915 -872216.525405 -0.479197 0.680613 -0.554199 0.862633 0.481731 -0.154274 0.161974 -0.551998 -0.817963
-471.000309 -2388.868933 132573.916790 603824.500656 -0.480070 0.670241 -0.565959 0.788168 0.046310 -0.613715 -0.385127 -0.740697 -0.550495
3.199706 -21.814046 -3673.986231 2485.048436 0.880337 -0.472594 -0.040775 -0.452375 -0.862308 0.227557 0.142702 0.181881 0.972911
-5.513755 -24.515725 -3203.347003 2744.565815 0.921401 -0.382150 -0.070586 -0.359273 -0.906901 0.220121 0.148134 0.177460 0.972915
7.087135 -31.828446 -3946.433118 2405.798171 0.866470 -0.498887 -0.018471 -0.468374 -0.825168 0.315790 0.172786 0.264972 0.948649
11.664413 -23.551547 -3017.861041 2245.861267 0.833623 -0.550076 -0.049902 -0.523046 -0.815219 0.248678 0.177472 0.181203 0.967300
5.244973 -12.676093 -2962.345975 2986.865124 0.864581 -0.500831 -0.040838 -0.489152 -0.857445 0.159745 0.115022 0.118136 0.986313
8.271585 -28.394391 -2147.104771 -1241.915436 0.076941 0.464488 -0.882231 0.948133 -0.307806 -0.079370 -0.308422 -0.830365 -0.464079
15.246961 -31.920308 -2487.078813 -775.432839 0.065491 0.487098 -0.870888 0.966704 -0.247334 -0.065641 -0.247373 -0.837593 -0.487078
14.136545 -29.485192 -2631.948831 -1090.940568 0.012947 0.503846 -0.863697 0.941292 -0.297553 -0.159470 -0.337344 -0.810927 -0.478118
8.224994 -31.047584 -2514.083100 -572.805909 0.124056 0.438627 -0.890066 0.971046 -0.238217 0.017949 -0.204156 -0.866521 -0.455479
8.440891 -25.945987 -2158.144242 -1244.520573 0.019540 0.488083 -0.872578 0.928100 -0.333418 -0.165717 -0.371817 -0.806602 -0.459505
2.354423 -23.219447 -988.991403 -1498.625390 0.061500 0.471634 -0.879647 0.920152 -0.368243 -0.133106 -0.386701 -0.801223 -0.456622
2.024255 -27.331721 -1800.477207 -1352.582084 0.118335 0.436529 -0.891874 0.946438 -0.321327 -0.031699 -0.300421 -0.840352 -0.451172
-4.795652 -102.656404 883.355138 552.214645 0.108411 0.782458 -0.613194 0.629079 0.423619 0.651772 -0.769745 0.456406 0.446303
-7.868709 -100.225024 1018.259110 -2694.213899 0.091446 0.793044 -0.602261 0.523583 0.476158 0.706495 -0.847053 0.379939 0.371682
-7.390045 -100.483330 1186.950808 3256.254147 0.076091 0.778405 -0.623133 0.768342 0.352534 0.534201 -0.635500 0.519428 0.571257
-7.590050 -92.845604 -1803.722714 5869.228290 -0.058871 -0.767130 0.638784 0.900404 0.235503 0.365803 -0.431054 0.596699 0.676863
-5.222491 -97.607200 -1127.159207 4375.292076 -0.062840 -0.767284 0.638221 0.905155 0.225563 0.360300 -0.420412 0.600330 0.680337
-4.407240 -102.313448 811.721921 5552.811347 0.088035 0.775036 -0.625755 0.817901 0.302332 0.489524 -0.568584 0.554901 0.607287
-34.970112 -38.645579 -4034.637349 -8065.496568 0.757217 0.607577 -0.239737 0.608042 -0.521655 0.598466 -0.238554 0.598938 0.764438
-15.762169 -46.542308 -6841.293397 -4040.803512 0.459399 -0.560816 0.688795 0.824303 0.558050 -0.095414 -0.330872 0.611609 0.718650
-18.371326 -41.575063 -442.204466 -647.439353 -0.223374 -0.787921 0.573833 0.923498 0.017280 0.383214 -0.311858 0.615534 0.723784
-17.360076 -66.215933 -574.805245 -8295.221864 -0.620709 -0.702163 0.348838 0.764121 -0.442107 0.469745 -0.175614 0.558129 0.810957
-14.580180 -50.618234 -2687.419101 -3906.167620 -0.315637 -0.788079 0.528493 0.884668 -0.043003 0.464234 -0.343126 0.614070 0.710762
-6.211999 -41.071775 -943.597462 -984.360740 -0.019757 0.882358 -0.470165 0.460332 -0.409418 -0.787700 0.887527 0.231995 0.398089
-6.091875 -40.539699 801.449611 -1331.188365 -0.027331 0.872465 -0.487911 0.480392 -0.416573 -0.771810 0.876628 0.255483 0.407740
-5.886562 -43.810855 406.807394 -2409.177997 -0.038294 0.880763 -0.472006 0.389855 -0.421753 -0.818619 0.920080 0.215363 0.327219
-7.194477 -44.083712 -610.967182 -2492.267622 -0.048826 0.884005 -0.464920 0.391057 -0.411396 -0.823303 0.919070 0.222009 0.325610
-39.448174 -67.256321 -156.998641 -4572.300250 0.406128 0.853193 -0.327294 0.375949 0.170449 0.910829 -0.832900 0.492959 0.251532
-25.763267 -72.798904 3935.187608 -9187.139883 0.480291 0.751032 -0.453069 0.373904 0.291949 0.880319 -0.793421 0.592214 0.140593
-23.907556 -57.015141 4041.821952 -8746.602263 0.539829 0.757364 -0.367401 0.177103 0.324505 0.929156 -0.822933 0.566653 -0.041046
-50.843847 -60.637074 -2556.083348 1454.968488 0.304146 0.928387 -0.213524 0.683716 -0.056659 0.727545 -0.663346 0.367270 0.651986
-50.329036 -59.233174 -2536.053930 1406.888330 0.457140 0.889120 0.022110 0.663741 -0.357597 0.656942 -0.592006 0.285639 0.753617
-50.576009 -57.215805 -613.543971 302.029129 0.643221 0.764196 0.047659 0.616631 -0.553905 0.559425 -0.453909 0.330446 0.827510
-35.426601 -53.581968 -1163.965002 1445.339109 0.653788 0.009085 -0.756624 -0.641062 0.537877 -0.547474 -0.401996 -0.842975 -0.357481
-34.089190 -50.837287 -38.509707 2331.493567 0.638567 0.012825 -0.769460 -0.585644 0.656754 -0.475073 -0.499253 -0.753996 -0.426892
-36.017505 -51.838478 -433.566280 -2273.667480 0.607067 0.157271 -0.778932 0.675578 -0.618257 0.401687 -0.418406 -0.770081 -0.481572
-38.619229 -54.273026 -379.814170 -1567.869836 0.585648 0.174568 -0.791545 0.746036 -0.497915 0.442166 -0.316934 -0.849474 -0.421837
-38.736981 -55.106996 132.997043 -2296.515321 0.435672 0.368743 -0.821108 0.844592 -0.482880 0.231281 -0.311213 -0.794264 -0.521815
21.594917 -53.876442 1514.925186 -6522.399224 0.902381 0.402046 -0.155136 0.316248 -0.373275 0.872154 -0.292738 0.836077 0.463983
25.459455 -51.541390 1486.308453 -6207.375908 0.863099 0.484716 -0.141812 0.331015 -0.330868 0.883717 -0.381431 0.809677 0.446020
26.051225 -38.520227 1954.734664 -7839.427344 0.881757 0.450700 -0.139190 0.264888 -0.228949 0.936705 -0.390306 0.862816 0.321263
30.342063 -42.523810 1879.782777 -6852.626091 0.825616 0.543165 -0.152742 0.324735 -0.236050 0.915875 -0.461416 0.805762 0.371271
22.219680 -37.075758 902.159019 -7012.782597 0.918771 0.370468 -0.136433 0.239958 -0.249612 0.938144 -0.313497 0.894677 0.318233
24.570035 -24.593671 1555.804835 -4590.092753 0.928131 0.361216 -0.089981 0.176484 -0.214147 0.960726 -0.327760 0.907560 0.262505
33.169261 -29.660956 1622.672267 -6665.107977 0.832869 0.535120 -0.141337 0.264706 -0.160860 0.950818 -0.486066 0.829319 0.275624
29.426647 -24.893311 2584.217736 -5788.063481 0.891530 0.439687 -0.108853 0.208183 -0.184317 0.960566 -0.402285 0.879035 0.255860
3.210538 -38.913678 -3327.390795 -910.049762 0.077145 0.993904 -0.078767 0.355216 0.046419 0.933631 -0.931595 0.100004 0.349470
2.696804 -35.858542 -2592.444638 -1868.953518 0.069263 0.988795 -0.132236 0.271737 0.108842 0.956197 -0.959876 0.102162 0.261154
8.651313 -37.056343 -2756.562023 -889.465885 -0.364185 0.758758 -0.540051 -0.251603 0.478155 0.841465 -0.896697 -0.442328 -0.016769
0.570969 -46.836444 14.573757 -773.767222 0.290040 0.924097 0.248840 -0.145928 0.299681 -0.942813 0.945823 -0.237141 -0.221772
-0.463756 -45.887358 -30.852335 -410.693528 0.287143 0.938810 0.190222 -0.058726 0.215465 -0.974744 0.956086 -0.268720 -0.117002
-0.050832 -43.441268 -7.635685 -267.445485 0.284910 0.929667 0.233549 -0.065218 0.261883 -0.962893 0.956333 -0.259107 -0.135245
0.698867 -46.621996 -137.781667 -1607.903057 0.471302 0.868464 0.153768 0.459099 -0.390436 0.797990 -0.753062 0.305500 0.582724
1.129938 -50.410577 -461.325881 -1541.099112 0.452545 0.879814 0.145363 0.567270 -0.409805 0.714328 -0.688046 0.240805 0.684548
0.508315 -55.386934 -467.817857 -2117.201883 0.456834 0.877391 0.146590 0.625681 -0.434066 0.648158 -0.632318 0.204382 0.747263
-1.530015 -54.672255 -736.638058 -1660.821642 0.466477 0.871795 0.149575 0.607120 -0.438544 0.662634 -0.643277 0.218294 0.733855
-4.527610 -64.603509 -841.611608 -2203.547823 0.443334 0.848349 -0.289412 0.302669 0.162231 0.939187 -0.843710 0.503970 0.184847
-1.440752 -67.130613 -922.973732 -1467.838357 0.438714 0.853085 -0.282447 0.273805 0.172465 0.946196 -0.855898 0.492445 0.157916
-0.769962 -68.201382 -788.688375 2478.609039 0.439108 0.840455 -0.317521 0.142150 0.283972 0.948237 -0.887118 0.461514 -0.005224
0.949501 -69.802491 416.867307 -6070.853599 0.343644 0.934877 -0.088960 0.177309 -0.157616 -0.971452 0.922210 -0.318060 0.219926
4.674432 -84.847787 1384.321139 -2057.312003 0.324847 0.945334 -0.028590 -0.053673 -0.011754 -0.998489 0.944242 -0.325891 -0.046921
6.441745 -83.654324 1110.569807 -3864.032025 0.337858 0.936642 -0.092483 0.058184 -0.118858 -0.991205 0.939397 -0.329505 0.094655
2.703591 -72.644102 1535.937619 -7756.304597 0.332286 0.933376 -0.135629 0.235352 -0.221305 -0.946379 0.913343 -0.282548 0.293209
0.597027 -59.098732 661.471717 -8272.553035 0.354509 0.920827 -0.162483 0.310008 -0.279687 -0.908664 0.882167 -0.271759 0.384615
6.968475 -19.985152 2688.614334 2156.162313 0.811553 -0.567034 0.140904 0.425309 0.407959 -0.807887 -0.400616 -0.715571 -0.572245
-1.160405 -24.750042 1068.021817 2556.395548 0.729503 -0.630347 0.265494 0.529430 0.274638 -0.802669 -0.433045 -0.726110 -0.534075
11.216119 -109.027836 836.315159 -703.787834 0.824096 -0.517473 -0.230409 -0.435161 -0.317952 -0.842342 -0.362630 -0.794436 0.487207
10.513849 -108.553043 628.374011 -2479.699297 0.824704 -0.522778 -0.215795 -0.512950 -0.530681 -0.674730 -0.238216 -0.667144 0.705813
7.467705 -107.692789 1278.512612 -2107.213284 0.842438 -0.486216 -0.232145 -0.522482 -0.632005 -0.572348 -0.131568 -0.603459 0.786465
1.820050 -81.608120 708.893048 2962.662112 0.834485 -0.472512 -0.283491 0.132931 0.671906 -0.728610 -0.534756 -0.570329 -0.623507
-0.974285 -76.790974 -540.381101 1478.909315 -0.838471 0.449097 0.308673 0.196150 0.777181 -0.597926 -0.508422 -0.440797 -0.739733
1.186611 -76.670676 -849.813564 1617.019921 -0.835820 0.468160 0.286759 0.228604 0.771674 -0.593515 -0.499144 -0.430517 -0.752004
4.192644 -81.244430 721.019193 2512.006506 0.827841 -0.492078 -0.269330 0.138950 0.645033 -0.751416 -0.543482 -0.584629 -0.602359
-15.425950 -91.391633 -1819.870256 3905.067356 0.302795 0.948953 0.088342 0.886353 -0.246322 -0.392051 0.350278 -0.197013 0.915692
0.770499 -172.614662 -1523.458284 18905.835506 0.978472 -0.105872 -0.177157 0.075970 -0.613351 0.786148 0.191890 0.782682 0.592104
0.707925 -162.385313 -85.509684 20577.880091 0.974183 -0.134169 -0.181565 0.054092 -0.642096 0.764713 0.219183 0.754792 0.618262
-4.250968 -109.592254 -75.101076 -3422.645354 0.880714 -0.450794 -0.145355 -0.448005 -0.693225 -0.564563 -0.153738 -0.562338 0.812490
-3.433981 -112.368685 -34.968080 201.896437 0.878653 -0.448249 -0.164442 -0.435107 -0.609909 -0.662339 -0.196598 -0.653516 0.730935
-5.423045 -109.152879 423.224467 -690.029546 0.868348 -0.463275 -0.177053 -0.491016 -0.752798 -0.438404 -0.069816 -0.467623 0.881166
-4.290266 -111.387350 481.276381 -673.356219 0.873479 -0.447334 -0.192162 -0.470061 -0.672076 -0.572151 -0.126795 -0.590090 0.797319
-5.482988 -101.311073 175.941110 -2303.861946 0.870632 -0.468065 -0.151379 -0.490030 -0.798117 -0.350542 -0.043258 -0.379373 0.924232
-5.012738 -106.414237 -5.371909 -2806.707945 0.865718 -0.466934 -0.180288 -0.500525 -0.805867 -0.316312 -0.002409 -0.364076 0.931366
-21.211381 -26.866312 255.229772 -1093.682008 -0.725840 0.218393 0.652273 -0.276556 0.775591 -0.567429 -0.629820 -0.592253 -0.502557
-16.259176 -32.090032 652.303476 722.016119 -0.678634 0.273520 0.681647 -0.173224 0.842287 -0.510437 -0.713757 -0.464477 -0.524225
-17.260193 -29.467423 -59.933305 -305.733935 -0.648192 0.041463 0.760347 -0.347666 0.872254 -0.343949 -0.677477 -0.487292 -0.550973
41.329605 -387.598999 -8183.560755 91472.206440 0.956623 -0.136958 -0.257127 0.251020 -0.060437 0.966093 0.147854 0.988732 0.023436
36.515618 -233.591634 -8535.156476 14784.805180 0.950035 -0.157841 -0.269295 0.209909 -0.315463 0.925430 0.231024 0.935719 0.266568
34.311676 -553.861918 -5621.361302 134491.010302 0.946507 -0.128365 -0.296054 0.319946 0.254045 0.912741 0.041953 0.958636 -0.281525
-5.054551 -108.233342 1436.559669 49.664699 0.753662 -0.581951 -0.305495 -0.396469 -0.031811 -0.917497 -0.524220 -0.812602 0.254700
-2.716026 -103.976594 1033.893517 2593.477733 0.786930 -0.580969 -0.207884 -0.152314 0.143585 -0.977847 -0.597948 -0.801161 -0.024502
-4.351992 -120.540812 703.305513 3914.102680 0.776892 -0.568189 -0.271292 -0.281878 0.071421 -0.956788 -0.563013 -0.819793 0.104674
10.164090 -22.998392 101.201044 -939.132578 -0.754828 0.431259 0.494218 0.065451 0.799230 -0.597451 -0.652649 -0.418625 -0.631507
9.244824 -22.415690 -1724.613445 -1042.389089 -0.780643 0.475886 0.405128 0.126321 0.754995 -0.643448 -0.612077 -0.451127 -0.649496
13.101315 -24.821180 -496.496284 -696.664558 -0.771228 0.449782 0.450449 0.137574 0.808679 -0.571936 -0.621515 -0.379123 -0.685554
6.768757 -20.130750 -71.320613 -815.265769 -0.760661 0.436162 0.480789 0.031135 0.764306 -0.644102 -0.648402 -0.474974 -0.594957
11.984664 -24.812408 1966.887555 -801.950427 -0.725023 0.395976 0.563511 0.044438 0.843386 -0.535468 -0.687289 -0.363185 -0.629071
8.778151 -22.029398 1333.198793 -871.695508 -0.737387 0.393471 0.549037 0.001329 0.813664 -0.581334 -0.675470 -0.427939 -0.600508
-8.640770 -63.885817 -443.494438 83.203076 0.511670 0.815703 -0.269855 0.196150 0.194888 0.961012 -0.836492 0.544653 0.060282
-7.666710 -66.707943 200.726275 -2085.228796 0.519886 0.806117 -0.282656 0.348115 0.102238 0.931860 -0.780087 0.582857 0.227469
-7.951333 -63.105607 291.866742 1535.927217 0.542666 0.796348 -0.267104 0.289534 0.121161 0.949468 -0.788469 0.592580 0.164820
-7.291846 -37.182246 -1598.292097 -735.427368 0.954183 -0.225984 0.196127 -0.297120 -0.637992 0.710413 0.035414 0.736137 0.675905
-1.461568 -32.013537 -962.182862 -2183.877942 0.902346 -0.304319 0.305223 -0.429448 -0.574518 0.696781 0.036688 0.759815 0.649103
15.233772 -16.269535 -6961.488752 1878.002918 0.616032 -0.484380 0.621193 0.782692 0.287417 -0.552074 0.088872 0.826297 0.556178
-139.847468 -268.230435 -15907.802834 -51221.261663 0.049813 -0.291515 -0.955268 0.040830 0.956251 -0.289685 0.997924 -0.024574 0.059536
-188.863403 -261.036609 -5352.205707 -21542.955173 -0.192817 -0.591830 -0.782661 -0.188414 0.805118 -0.562393 0.962975 0.039025 -0.266750
-200.153078 -293.453641 -27912.459494 24254.034485 0.279057 -0.572876 -0.770675 -0.410519 0.654353 -0.635056 0.868102 0.493593 -0.052574
-212.593331 -322.968003 7806.117585 8924.338552 -0.135638 0.820375 0.555506 -0.627395 0.362823 -0.689010 0.766797 0.441978 -0.465486
-15.500220 -31.687408 2941.578345 1846.131755 0.139732 0.963223 0.229514 0.825651 0.014611 -0.563993 0.546604 -0.268306 0.793244
-20.367160 -36.714476 1624.617756 1852.831543 0.042572 0.952669 0.301013 0.893478 0.098520 -0.438168 0.447085 -0.287602 0.846995
-22.863355 -37.006837 3480.459969 2104.230543 -0.106521 0.905539 0.410673 0.879298 0.278614 -0.386275 0.464207 -0.319958 0.825917
-21.400174 -31.718848 3818.229037 2715.104619 -0.048666 0.920571 0.387532 0.816463 0.260158 -0.515466 0.575343 -0.291320 0.764273
-9.472620 -25.315690 3015.277892 2201.096845 0.256623 0.953702 0.156833 0.740676 -0.089808 -0.665833 0.620922 -0.287031 0.729431
-8.280577 -29.645842 1904.780360 1496.595660 0.335864 0.936922 0.096807 0.757838 -0.207762 -0.618479 0.559354 -0.281089 0.779815
-38.604706 -53.432832 2086.452950 1174.539234 0.360111 -0.533673 -0.765188 0.861146 -0.125315 0.492670 -0.358815 -0.836354 0.414443
-34.974619 -52.439301 700.750635 934.434464 0.394303 -0.464102 -0.793180 0.840578 -0.166699 0.515403 -0.371422 -0.869954 0.324384
-35.590366 -50.800366 1240.032767 902.802443 0.465720 -0.498677 -0.731045 0.846322 0.009637 0.532584 -0.258542 -0.866734 0.426530
-37.055192 -54.556756 1032.028135 716.269489 0.307452 -0.502094 -0.808316 0.813185 -0.302510 0.497211 -0.494170 -0.810179 0.315288
-38.922218 -55.197210 1174.134581 293.476876 0.290693 -0.606517 -0.740024 0.831499 -0.222529 0.509009 -0.473400 -0.763294 0.439630
17.200240 -63.475085 -776.610806 -3848.962452 0.053534 0.984357 -0.167854 0.830391 -0.137244 -0.540013 0.554603 0.110475 0.824749
11.960316 -54.440819 -831.572818 -4674.403060 0.086186 0.989417 -0.116729 0.888591 -0.129324 -0.440093 0.450531 0.065794 0.890333
11.824776 -41.503725 -1144.084542 -3165.182274 -0.050090 0.994556 -0.091378 0.952085 0.019911 -0.305185 0.301704 0.102286 0.947899
1.354301 -12.618872 -16.293807 3326.425405 0.113011 0.687770 -0.717078 -0.761214 0.523765 0.382392 -0.638578 -0.502635 -0.582732
4.202355 0.872300 824.386878 3970.669045 0.067195 0.727001 -0.683341 -0.752917 0.486343 0.443380 -0.654676 -0.484706 -0.580051
2.190341 -9.394719 448.048589 4335.700301 -0.124733 0.810523 -0.572272 -0.740099 0.308145 0.597746 -0.660830 -0.498096 -0.561431
