16331
32643
-39.428743 -58.068122 2547.954685 -6803.804094 0.247513 0.741245 0.623933 0.016148 -0.647037 0.762287 -0.968750 0.178601 0.172120
-43.404743 -68.708756 2468.857170 -5814.212203 0.231157 0.765410 0.600595 0.132304 -0.636310 0.760004 -0.963879 0.096219 0.248354
-40.275553 -71.697395 4292.688583 -10762.676400 0.250240 0.942006 0.223617 0.158205 -0.267646 0.950440 -0.955171 0.202461 0.216006
-39.921111 -60.280530 192.024252 4684.561273 0.154231 0.569007 0.807740 -0.026059 0.819580 -0.572372 -0.987691 0.067229 0.141233
-35.067153 -51.518838 5024.645642 -7823.927549 0.289218 0.757434 0.585360 -0.058315 -0.596417 0.800554 -0.955485 0.265670 0.128324
-34.167720 -50.950502 1169.095388 5056.762731 0.163612 0.473542 0.865441 0.107709 0.863444 -0.492812 -0.980627 0.173845 0.090265
95.909435 -85.004219 -5381.193663 10299.739956 -0.040803 0.948196 -0.315053 -0.420401 0.269755 0.866311 -0.906420 -0.167797 -0.387616
92.329820 -112.107039 -2760.531455 22409.396013 0.002051 0.952991 -0.302992 -0.544060 0.255288 0.799267 -0.839044 -0.163206 -0.519007
100.473630 -101.103454 4533.107684 17350.679694 0.156100 0.963306 -0.218345 -0.537981 0.268307 0.799117 -0.828377 0.007277 -0.560123
-30.934322 -58.359552 3858.927119 -5278.005094 0.388138 0.581077 0.715331 0.887078 -0.025104 -0.460936 -0.249881 0.813461 -0.525205
-35.963169 -50.725713 3488.147514 -1568.724760 0.383370 0.603971 0.698746 0.855997 0.051757 -0.514383 -0.346838 0.795324 -0.497155
-20.909017 -33.993954 8829.051498 -1099.248573 -0.124668 0.394160 0.910547 0.932246 0.360701 -0.028502 -0.339670 0.845300 -0.412422
-6.953378 -112.462072 57.558136 -3812.102237 0.567243 -0.713432 0.411399 0.475707 -0.123932 -0.870830 -0.672263 -0.689678 -0.269085
-9.254378 -116.516662 445.370762 51.202631 -0.565998 0.728268 -0.386357 0.616991 0.063372 -0.784414 -0.546780 -0.682356 -0.485203
-9.403811 -115.855593 -263.545718 569.310027 -0.573475 0.714023 -0.401619 0.625912 0.065592 -0.777131 -0.528546 -0.697043 -0.484531
-0.700987 -45.551953 -970.465113 -40.152893 0.474830 0.641433 0.602578 0.847313 -0.148104 -0.510026 -0.237903 0.752747 -0.613819
0.495585 -47.484292 -1675.055846 -494.749092 0.392029 0.666755 0.633838 0.869975 -0.044691 -0.491067 -0.299095 0.743936 -0.597580
-8.753498 -48.293598 -1356.065054 -159.639624 0.302469 0.667857 0.680058 0.937628 -0.080207 -0.338260 -0.171364 0.739955 -0.650462
-6.196567 -42.566700 -954.194742 2308.535213 0.417845 0.662885 0.621280 0.896030 -0.187689 -0.402371 -0.150118 0.724815 -0.672390
-8.809966 -45.003630 -808.724887 1021.345979 0.299498 0.675041 0.674256 0.949031 -0.138049 -0.283341 -0.098186 0.724750 -0.681980
-10.639249 -49.375311 -221.144301 -1038.904387 0.212082 0.672686 0.708882 0.975141 -0.098025 -0.198721 -0.064189 0.733406 -0.676754
-11.730246 -50.475399 -387.351572 -123.708693 0.207335 0.655783 0.725920 0.978175 -0.128648 -0.163165 -0.013612 0.743907 -0.668144
-9.249032 -58.620163 257.888262 -1399.595160 0.409324 0.838247 0.360273 0.356880 -0.510503 0.782319 -0.839697 0.191648 0.508114
-10.176930 -62.033352 402.806972 133.840108 0.392169 0.862109 0.320892 0.549177 -0.499269 0.670176 -0.737976 0.086596 0.669248
-9.098430 -62.523054 381.355153 -1625.885115 0.434138 0.835968 0.335681 0.336156 -0.496047 0.800585 -0.835777 0.234723 0.496369
-8.400250 -54.912007 104.076352 -2055.102855 0.419781 0.817876 0.393525 0.151547 -0.490651 0.858077 -0.894884 0.300567 0.329912
-7.511421 -54.160159 -794.561392 -1927.217403 0.365510 0.832767 0.415814 0.202829 -0.507247 0.837592 -0.908440 0.221809 0.354313
6.209497 -61.283679 263.229379 652.600023 0.446738 0.764078 0.465415 0.885555 -0.303596 -0.351600 -0.127352 0.569223 -0.812260
5.262704 -61.710065 426.085309 -325.252221 0.461498 0.758933 0.459391 0.834459 -0.195568 -0.515200 -0.301160 0.621107 -0.723553
5.632197 -62.931439 -202.996967 588.831496 0.451090 0.779627 0.434396 0.877363 -0.298175 -0.375934 -0.163562 0.550703 -0.818519
1.421879 -93.470408 -310.315518 5588.652900 0.512015 0.858965 -0.004493 -0.375487 0.228520 0.898214 -0.772561 0.458212 -0.439536
-0.176146 -107.734442 -452.328613 10409.037007 0.535526 0.843927 -0.031609 -0.502859 0.348720 0.790903 -0.678486 0.407654 -0.611125
3.204407 -101.634022 115.178520 9578.981882 0.545734 0.837882 -0.011276 -0.386424 0.263583 0.883855 -0.743539 0.477993 -0.467624
-2.637366 -98.532958 -693.466447 7720.772248 0.504033 0.863658 -0.006753 -0.504753 0.300901 0.809125 -0.700839 0.404417 -0.587598
3.592317 -85.143501 409.527276 2869.290986 0.528727 0.848792 0.000388 -0.250329 0.155498 0.955592 -0.811038 0.505344 -0.294693
3.632233 -84.336845 -474.664900 -3066.883891 0.488717 0.872406 0.008013 -0.247125 0.129618 0.960275 -0.836711 0.471283 -0.278939
0.331150 -86.673314 -1195.231560 810.444279 0.468119 0.883306 0.025208 -0.393177 0.182652 0.901138 -0.791377 0.431751 -0.432798
400.393939 -59.711611 -237613.773134 3285.183662 -0.064261 0.930167 0.361470 0.747339 0.284898 -0.600265 0.661329 -0.231567 0.713457
319.324994 -69.174287 -154132.645377 -4285.261528 -0.111701 0.914552 0.388738 0.799632 0.314977 -0.511251 0.590009 -0.253740 0.766489
420.519195 -64.099511 -88858.692928 -3004.489309 -0.318627 0.931087 0.177636 0.729029 0.360490 -0.581862 0.605800 0.055895 0.793651
564.787098 -53.682462 -178906.733140 11998.986615 -0.297696 0.943015 0.148660 0.664223 0.316450 -0.677249 0.685700 0.102871 0.720579
585.363936 -47.506718 112322.052526 10353.067768 -0.541953 0.835132 -0.094034 0.641829 0.339063 -0.687816 0.542534 0.433118 0.719768
433.088107 -52.251911 93492.558965 -5253.080143 -0.568570 0.816870 -0.097218 0.686633 0.406160 -0.602967 0.453059 0.409582 0.791820
16.905335 -39.906030 3913.528395 -4177.414492 0.300251 0.774079 0.557361 -0.753900 0.550556 -0.358501 0.584366 0.312555 -0.748883
24.574328 -17.710488 4592.053956 -11345.001932 0.388569 0.730704 0.561325 -0.669200 0.642562 -0.373210 0.633392 0.230620 -0.738667
18.487231 -17.267741 3037.342396 -13664.256127 0.341934 0.743431 0.574797 -0.666696 0.622984 -0.409153 0.662267 0.243312 -0.708662
-14.357093 -24.454413 -1615.507592 2572.559782 0.100096 0.885968 0.452815 0.863960 -0.303124 0.402106 -0.493513 -0.350964 0.795782
-10.114725 -21.101836 -11589.030169 3056.487432 0.002473 0.882683 0.469963 0.882722 -0.222759 0.413740 -0.469890 -0.413824 0.779714
-18.119600 -26.432943 -9757.971690 6099.062262 -0.341544 0.906696 0.247487 0.834391 0.171313 0.523873 -0.432596 -0.385427 0.815050
-19.806077 -31.630364 -3881.379463 -3578.568243 0.580039 0.689425 -0.433875 0.150394 0.432839 0.888837 -0.800585 0.580813 -0.147378
-27.029281 -29.951482 -3946.118460 -2117.107560 0.605695 0.795672 0.006204 -0.161883 0.115590 0.980017 -0.779055 0.594596 -0.198818
-19.386828 -24.940607 -3205.102537 -2983.912734 0.590041 0.742189 -0.317816 0.037049 0.368337 0.928954 -0.806523 0.559896 -0.189837
-23.341503 -32.090005 -1061.487115 331.911318 0.598735 0.779237 0.185219 -0.226316 -0.057233 0.972371 -0.768308 0.624111 -0.142087
-14.603764 -26.388417 -1835.821213 -3462.611778 0.541308 0.650270 -0.533043 0.184797 0.526445 0.829883 -0.820266 0.547727 -0.164801
-13.835703 -33.250425 -1784.053569 -3870.477137 0.542916 0.651911 -0.529390 0.225845 0.493819 0.839724 -0.808848 0.575460 -0.120872
-17.739236 -32.306880 -3013.551957 -1433.580242 0.608588 0.743851 -0.276237 0.104901 0.269652 0.957227 -0.786522 0.611534 -0.086076
1.698712 -61.079219 -349.424141 1818.423590 0.219271 0.913276 0.343290 -0.364395 0.403049 -0.839505 0.905062 -0.058985 -0.421170
3.300043 -57.001859 -792.956693 1701.910557 0.244594 0.897901 0.365987 -0.525162 0.439973 -0.728443 0.815094 0.014030 -0.579159
0.440630 -62.857181 62.656529 1276.197706 0.211136 0.921628 0.325613 -0.382856 0.384482 -0.839997 0.899357 -0.052690 -0.434028
-0.079661 -181.756702 1529.058029 -5928.054442 0.616539 -0.677531 0.401039 0.356444 -0.213978 -0.909484 -0.702017 -0.703680 -0.109576
-1.756269 -171.596250 -2092.475225 5372.194507 -0.616276 0.662600 -0.425635 -0.215266 0.378154 0.900367 -0.757539 -0.646499 0.090412
2.419815 -183.574613 -183.339013 8630.526368 -0.606612 0.688224 -0.397958 -0.325076 0.242086 0.914177 -0.725498 -0.683917 -0.076873
-0.611130 -183.975734 1488.513739 9493.253820 -0.590767 0.700003 -0.401236 -0.282312 0.286520 0.915536 -0.755840 -0.654142 -0.028353
35.760722 -151.980518 -8028.555541 -11842.361684 -0.707288 0.548940 -0.445430 0.125570 0.717633 0.685007 0.695683 0.428565 -0.576504
29.320876 -156.139687 -12601.294856 2704.481982 -0.707456 0.568724 -0.419594 0.010883 0.602385 0.798132 0.706674 0.560077 -0.432350
33.153031 -151.397322 5453.020046 -12978.114391 -0.753336 0.541176 -0.373649 0.131601 0.680733 0.720613 0.644334 0.493691 -0.584040
30.287953 -153.682804 -16070.041470 1263.948036 -0.680137 0.556568 -0.477123 0.008105 0.656511 0.754273 0.733040 0.509142 -0.451029
41.741078 -129.826946 10487.056508 -26523.152921 -0.751065 0.556779 -0.354821 0.276742 0.753421 0.596465 0.599429 0.349790 -0.719953
-2.497300 -102.321886 13.640351 422.925650 0.744691 -0.586463 0.318584 -0.635948 -0.768356 0.072108 -0.202497 0.256301 0.945148
-2.657912 -106.146695 -314.559643 361.335430 0.775462 -0.547411 0.314642 -0.622305 -0.746890 0.234291 -0.106750 0.377487 0.919841
-1.500289 -113.330880 -959.507093 -313.958598 0.746545 -0.576538 0.332076 -0.635401 -0.765829 0.098853 -0.197321 0.284800 0.938058
-2.193043 -96.533039 694.468168 1764.692821 0.769720 -0.561619 0.303504 -0.627446 -0.753187 0.197536 -0.117656 0.342480 0.932129
-1.491850 -92.365789 944.123058 1415.710280 0.734995 -0.605197 0.305809 -0.645995 -0.762042 0.044531 -0.206089 0.230281 0.951051
3.147749 -23.491009 2626.297605 -134.198028 0.030204 0.976038 -0.215492 0.694324 0.134598 0.706964 -0.719029 0.170974 0.673621
0.884756 -25.986361 2446.423116 794.377674 0.032841 0.977331 -0.209153 0.649750 0.138133 0.747492 -0.759438 0.160446 0.630485
-3.497655 -26.260935 993.861236 89.887982 -0.083383 0.943134 -0.321784 0.663705 0.293427 0.688038 -0.743332 0.156199 0.650430
-4.059301 -25.290329 1542.243956 38.048633 -0.068185 0.949231 -0.307100 0.711678 0.262002 0.651820 -0.699189 0.174112 0.693411
3.298741 -22.447336 3273.042395 978.190287 0.043254 0.973717 -0.223615 0.753577 0.115154 0.647195 -0.655935 0.196505 0.728790
2.576575 -106.851259 9768.645830 2936.074417 0.853282 -0.469755 0.226364 0.436257 0.405308 -0.803371 -0.285640 -0.784255 -0.550776
-10.994909 -108.222910 12508.748778 -1153.278025 0.846846 -0.466045 0.256232 0.376253 0.184486 -0.907964 -0.375881 -0.865314 -0.331581
-10.983452 -109.049121 6690.848858 3894.410526 0.828752 -0.501781 0.247763 0.475611 0.398246 -0.784343 -0.294897 -0.767865 -0.568700
8.541798 -187.857691 -828.067470 33719.220756 0.668989 -0.549256 0.500770 0.470838 0.834481 0.286276 -0.575122 0.044266 0.816869
6.712914 -237.651904 197.902823 26345.420029 0.663629 -0.593146 0.455822 0.286134 0.764272 0.577941 -0.691175 -0.253113 0.676912
8.656283 -188.351259 -1487.902142 26915.530873 0.645854 -0.568455 0.509640 0.391578 0.819694 0.418053 -0.655393 -0.070437 0.751997
9.185690 -156.704675 -1412.859878 30320.505311 0.662483 -0.536301 0.522970 0.483407 0.839403 0.248435 -0.572219 0.088224 0.815342
8.092132 -153.744284 -210.921614 26648.192530 0.659584 -0.543228 0.519473 0.448103 0.839074 0.308479 -0.603450 0.029310 0.796862
7.982311 -174.337056 -125.631184 17287.238391 0.650363 -0.565040 0.507699 0.340190 0.814236 0.470415 -0.679190 -0.133227 0.721770
34.722055 -466.608136 -34032.452197 -132048.509360 -0.239757 0.810487 -0.534441 0.097825 -0.527527 -0.843887 0.965892 0.254609 -0.047192
4.353049 -453.059930 -20282.100890 12190.311502 -0.252392 0.770490 -0.585358 -0.181128 -0.631869 -0.753614 0.950521 0.084181 -0.299036
-14.995849 -436.995242 -7140.517477 -37058.518582 -0.311703 0.741227 -0.594494 0.072414 -0.605314 -0.792686 0.947416 0.290132 -0.135003
57.256697 -370.900496 -36513.724004 -121655.299628 -0.331587 0.823102 -0.461035 0.359958 -0.341334 -0.868286 0.872055 0.453865 0.183100
80.308881 -442.548539 -24493.943227 -72623.500877 -0.417502 0.773766 -0.476423 -0.015461 -0.530278 -0.847683 0.908544 0.346543 -0.233355
23.979807 -560.482903 -14982.921532 -294737.190820 -0.428981 0.803943 -0.411887 -0.575056 0.108591 0.810875 -0.696624 -0.584708 -0.415729
30.302184 -893.117751 -15071.046024 618333.839455 -0.469414 0.776791 -0.419816 0.014307 0.482083 0.876009 -0.882862 -0.405205 0.237410
915.068650 -7830.667734 -361091.142651 -9831341.093574 -0.450920 0.757557 -0.471994 0.415651 0.646192 0.640054 -0.789877 -0.092428 0.606261
10.524402 -72.265865 5898.497702 9183.408550 0.697127 -0.606276 0.382678 0.693072 0.706482 -0.143296 0.183478 -0.365119 -0.912702
2.867442 -84.033724 -5615.393676 10707.512956 -0.659731 0.635911 -0.400464 0.745405 0.621468 -0.241142 0.095530 -0.457597 -0.884013
2.530365 -77.179560 -5767.743289 10187.495842 -0.644910 0.651462 -0.399610 0.743379 0.656095 -0.130106 0.177423 -0.380968 -0.907405
-15.124387 -50.332900 825.029972 -1371.090493 -0.588550 -0.664091 -0.461077 -0.640352 0.731066 -0.235569 0.493517 0.156607 -0.855521
-15.922329 -49.818400 831.617459 -590.260160 -0.612619 -0.611785 -0.500417 -0.613397 0.767288 -0.187118 0.498440 0.192322 -0.845322
-13.175314 -43.872917 -113.683477 -5456.554046 -0.604631 -0.636277 -0.479137 -0.545000 0.769173 -0.333688 0.580857 0.059372 -0.811837
-13.560326 -48.450672 755.841742 -3063.358114 -0.583131 -0.692424 -0.424860 -0.629467 0.715724 -0.302507 0.513546 0.091034 -0.853219
-26.840140 -57.211655 -7496.990353 -2445.537256 0.065964 0.389872 0.918504 -0.464373 0.826744 -0.317573 -0.883180 -0.405580 0.235581
-19.923384 -59.447008 -6707.479577 -2798.947174 0.064909 0.339259 0.938451 -0.376320 0.879320 -0.291855 -0.924213 -0.334214 0.184746
-14.950541 -51.035932 -6745.035275 -2880.635023 -0.011739 0.442395 0.896743 -0.517829 0.764494 -0.383930 -0.855404 -0.468867 0.220111
-26.840448 -52.888526 -7122.454396 -2856.986980 0.014169 0.481903 0.876110 -0.552960 0.733799 -0.394683 -0.833087 -0.478861 0.276871
-17.695552 -46.526314 -6476.606800 -1716.049802 -0.096576 0.565444 0.819113 -0.600939 0.622910 -0.500855 -0.793439 -0.540608 0.279639
-3.146720 -45.145541 -2645.605936 -3583.793513 -0.004989 0.456973 0.889466 -0.532365 0.751738 -0.389200 -0.846500 -0.475463 0.239526
-7.346400 -41.985857 -4501.883567 -1707.555166 -0.079538 0.530157 0.844161 -0.595769 0.653673 -0.466659 -0.799208 -0.540042 0.263859
23.447975 -227.469959 3355.253353 -39695.371216 0.455529 0.806573 0.376741 -0.060097 -0.394371 0.916984 -0.888190 0.440354 0.131175
35.636307 -238.029513 5187.124180 -45216.248546 0.391276 0.815934 0.425622 -0.137732 -0.405365 0.903720 -0.909908 0.412226 0.046230
25.021175 -154.685894 2836.271774 -15742.183731 0.419354 0.817985 0.393754 -0.311992 -0.277458 0.908668 -0.852527 0.503902 -0.138852
517.701628 -2858.945303 159499.362553 -1197815.548490 -0.346386 0.059027 0.936233 -0.422566 0.881213 -0.211898 -0.837529 -0.469019 -0.280297
37.198347 -1170.458541 -87011.601425 -268662.719807 -0.586963 0.257571 0.767550 0.345448 0.937089 -0.050292 -0.732216 0.235630 -0.639014
5.950824 -613.126333 84186.776993 -245940.938358 -0.148201 0.438663 0.886347 -0.468375 0.758222 -0.453567 -0.871012 -0.482362 0.093090
-1.622524 -276.615610 3166.688364 -100579.525069 -0.647911 0.535608 0.541604 0.616823 0.786109 -0.039512 -0.446923 0.308474 -0.839705
-1.455987 -91.743642 4217.219657 20654.746360 -0.448057 0.726572 0.520901 -0.722920 -0.637246 0.267028 -0.525957 0.256927 -0.810776
3.646049 -378.767928 613.186622 -134894.965031 -0.618894 0.584366 0.524868 0.619830 0.773787 -0.130634 -0.482474 0.244480 -0.841099
6.340280 -672.298000 559.054524 -240730.194506 0.692220 -0.530765 -0.489000 0.676417 0.713362 0.183234 -0.251580 0.457606 -0.852821
40.198193 -97.605923 2365.888071 -2285.233496 0.497731 0.862965 0.086921 0.414338 -0.148535 -0.897921 0.761963 -0.482937 0.431490
54.006539 -101.136955 5631.569837 4156.008097 0.545885 0.831747 0.101023 0.402867 -0.154842 -0.902065 0.734648 -0.533123 0.419610
52.018370 -88.118592 -5184.658586 -10596.941987 0.557190 0.830243 0.015360 0.540705 -0.348713 -0.765531 0.630220 -0.434851 0.643216
48.348698 -98.363841 -594.495875 -7881.567822 0.590330 0.798972 0.114692 0.571006 -0.312947 -0.758957 0.570493 -0.513525 0.640960
2.772628 -66.393479 6867.944279 1834.252670 0.279142 0.790277 0.545474 0.404363 0.418493 -0.813237 0.870959 -0.447578 0.202740
-51.679848 -179.943588 -58589.299926 102227.925385 0.743368 0.668880 0.001851 -0.049305 0.057554 -0.997124 0.667063 -0.741139 -0.075763
-11.436312 -91.092691 -10400.658101 -24381.683661 0.403547 0.812643 0.420430 0.513259 0.179338 -0.839287 0.757440 -0.554481 0.344725
-10.473139 -87.787819 -8636.931654 22933.553947 0.319692 0.749365 0.579871 0.214329 0.538934 -0.814625 0.922963 -0.384712 -0.011682
-4.272306 -62.520906 17602.091073 -4845.271139 0.323146 0.882817 0.340898 0.450446 0.173314 -0.875820 0.832271 -0.436574 0.341656
22.125904 -59.115668 24144.123475 5019.224109 0.119146 0.702809 0.701330 0.372782 0.623019 -0.687663 0.920238 -0.343376 0.187764
1.703009 -56.345523 22903.995942 2905.354068 0.249045 0.827361 0.503439 0.394976 0.387858 -0.832802 0.884291 -0.406251 0.230194
6.730120 -42.806535 -1298.326638 -3217.582713 0.194188 -0.606452 -0.771043 0.924835 -0.148881 0.350021 -0.327064 -0.781057 0.531957
6.272192 -43.028575 -1496.636274 -3726.430004 0.235322 -0.623653 -0.745440 0.917254 -0.111086 0.382498 -0.321354 -0.773768 0.545908
9.994269 -51.212362 -3013.247371 -3335.877272 0.223677 -0.625201 -0.747725 0.951213 -0.027246 0.307331 -0.212516 -0.779988 0.588605
9.030151 -52.811688 1689.400295 -3049.927183 0.181959 -0.566268 -0.803885 0.965056 -0.053936 0.256433 -0.188568 -0.822454 0.536666
14.206409 -59.508863 -289.030104 -2780.980532 0.208007 -0.592292 -0.778411 0.976166 0.075331 0.203531 -0.061911 -0.802194 0.593845
14.885374 -58.492914 -3992.855169 -2790.458805 0.256882 -0.634792 -0.728732 0.963541 0.109836 0.243977 -0.074834 -0.764836 0.639863
7.632113 -51.415966 -2530.660772 -3213.291069 0.288197 -0.631884 -0.719489 0.940052 0.043628 0.338230 -0.182332 -0.773834 0.606577
8.840357 -111.678238 -3199.773911 -11114.142483 0.930644 -0.059235 0.361099 0.365273 0.091490 -0.926394 -0.021838 -0.994043 -0.106782
16.220847 -106.863867 6484.649244 -12971.034595 0.901491 -0.039094 0.431028 0.432217 0.029782 -0.901278 -0.022398 -0.998792 -0.043745
22.564211 -90.477797 1835.148335 -13787.079058 0.928494 -0.029197 0.370197 0.364019 -0.125498 -0.922898 -0.073405 -0.991664 0.105895
12.408711 -107.935991 -2748.027405 -12192.883783 0.945050 -0.032300 0.325327 0.326586 0.047905 -0.943953 -0.014905 -0.998330 -0.055821
10.975261 -41.455699 -7197.030652 -1359.900998 -0.580162 -0.751817 -0.313344 0.717942 -0.290339 -0.632663 0.384671 -0.592010 0.708204
10.089966 -44.564118 -5313.427300 -709.347651 -0.537773 -0.755470 -0.374252 0.699934 -0.152601 -0.697714 0.469991 -0.637164 0.610844
20.441966 -43.606034 -2968.416703 -1622.864002 -0.559203 -0.730417 -0.392151 0.751083 -0.246118 -0.612618 0.350951 -0.637116 0.686234
22.813146 -38.802872 -5331.750382 -1378.059218 -0.582871 -0.740221 -0.335161 0.759984 -0.350653 -0.547236 0.287550 -0.573685 0.766942
29.135467 -41.685978 1565.495256 -2304.435066 -0.571760 -0.691821 -0.440992 0.792234 -0.325889 -0.515908 0.213202 -0.644345 0.734415
23.001067 -46.941229 2225.201795 -1785.396777 -0.537856 -0.694585 -0.477769 0.780916 -0.196974 -0.592766 0.317619 -0.691920 0.648356
-6.703521 -48.400940 437.293281 -1210.237246 0.588360 0.670875 0.451396 -0.049529 -0.527296 0.848237 -0.807081 0.521426 0.277012
-8.216369 -49.311245 754.144999 -1364.519524 0.574864 0.679061 0.456516 -0.025440 -0.542816 0.839466 -0.817853 0.494193 0.294771
-6.379367 -50.763011 578.238052 -346.139664 0.592099 0.667522 0.451479 0.078906 -0.605572 0.791869 -0.801993 0.433240 0.411230
-4.401606 -50.126851 572.328427 -400.028811 0.604338 0.656893 0.450851 0.048090 -0.594922 0.802344 -0.795275 0.463206 0.391124
7.938440 -129.161260 2813.017234 8754.318179 0.651840 0.629412 0.423019 -0.125791 -0.460344 0.878783 -0.747851 0.626038 0.220896
-1.254856 -127.468916 3677.799863 8078.526120 0.662488 0.603428 0.443830 -0.156595 -0.467848 0.869825 -0.732522 0.645750 0.215450
-1.022894 -109.844718 3190.504257 11018.798046 0.658994 0.622540 0.422103 0.033096 -0.584654 0.810608 -0.751419 0.520216 0.405887
-5.386419 -95.733194 -933.339951 2554.123253 0.467353 0.731172 0.496960 0.359462 -0.670723 0.648782 -0.807693 0.124572 0.576293
-3.331837 -100.352554 -1784.920789 4616.605935 0.427839 0.764829 0.481654 0.244407 -0.610931 0.753013 -0.870184 0.204449 0.448309
-0.635565 -89.628657 -1510.923330 811.232849 0.430816 0.773899 0.464195 0.402636 -0.625180 0.668607 -0.807640 0.101145 0.580937
-10.497377 -48.756023 -5337.654352 3460.534278 -0.677760 0.301149 -0.670784 0.508910 0.850588 -0.132330 0.530709 -0.431056 -0.729752
-5.826426 -50.689640 -4863.483365 4042.383601 -0.654999 0.313440 -0.687555 0.528330 0.840494 -0.120153 0.540225 -0.441956 -0.716123
-7.141441 -57.516926 4573.151301 4790.421965 0.696600 -0.270394 0.664556 0.542413 0.804765 -0.241126 0.469612 -0.528433 -0.707265
-13.327444 -55.706987 2251.807747 5085.988199 0.745124 -0.232201 0.625199 0.485418 0.831661 -0.269648 0.457341 -0.504404 -0.732405
-18.660144 -46.500898 -1528.623503 3234.137593 -0.729355 0.267562 -0.629644 0.458216 0.874471 -0.159181 0.508015 -0.404613 -0.760401
-3.099123 -38.497512 3397.718199 -252.683279 -0.195654 -0.845143 -0.497446 0.913589 -0.341466 0.220808 -0.356476 -0.411259 0.838922
-6.918624 -34.783803 1409.684833 -748.331742 -0.156643 -0.873085 -0.461721 0.926470 -0.291880 0.237613 -0.342223 -0.390550 0.854608
-5.875104 -32.401654 -3478.794208 -2895.852735 -0.000071 0.905420 0.424517 0.915454 -0.170776 0.364388 -0.402422 -0.388651 0.828859
-0.003202 -30.348680 -5403.023767 -4408.787754 0.040418 0.892788 0.448661 0.900943 -0.226725 0.369996 -0.432051 -0.389263 0.813515
4.651739 -35.462923 3452.714483 -2934.189372 -0.235008 -0.832080 -0.502408 0.889641 -0.392352 0.233666 -0.391549 -0.392049 0.832458
-12.945030 -38.806610 -2368.582301 -3441.064881 0.673155 0.437742 -0.596024 0.007609 0.801837 0.597494 0.739462 -0.406741 0.536430
-12.744494 -29.521814 -1762.014198 -4837.516307 0.659336 0.341842 -0.669642 0.138709 0.820065 0.555205 0.738942 -0.458952 0.493282
-19.010442 -30.389032 -3278.871064 -1930.312636 0.645541 0.503673 -0.574100 -0.028687 0.767170 0.640802 0.763187 -0.397195 0.509688
-17.045989 -35.612388 -2541.964997 -3769.281440 0.627284 0.626783 -0.462232 -0.174372 0.691493 0.701022 0.759019 -0.359140 0.543055
7.578901 -15.464127 -629.802448 -3391.068527 -0.493898 -0.737096 -0.461253 0.857826 -0.326344 -0.397032 0.142124 -0.591768 0.793480
8.990045 -15.840651 -194.541396 -3322.641427 -0.434724 -0.745774 -0.504813 0.890208 -0.271100 -0.366108 0.136179 -0.608545 0.781747
9.765645 -10.304295 -172.253880 -1079.729307 -0.517612 -0.723525 -0.456716 0.845585 -0.351081 -0.402154 0.130624 -0.594352 0.793525
8.051438 -10.629621 -529.348765 -1144.733443 -0.536710 -0.727340 -0.427690 0.831617 -0.370280 -0.413892 0.142675 -0.577814 0.803601
9.701167 -11.588233 522.940940 1312.744471 -0.560361 -0.695627 -0.449554 0.819952 -0.389286 -0.419684 0.116938 -0.603787 0.788522
9.789825 -11.018957 -450.833501 1587.219766 -0.548922 -0.715282 -0.432501 0.824777 -0.379462 -0.419227 0.135748 -0.586840 0.798243
-0.251974 -150.005528 421.891598 9375.701466 0.923522 -0.142505 0.356089 -0.330785 -0.765857 0.551402 -0.194136 0.627021 0.754424
-2.018291 -157.220974 -1468.972651 11246.629347 0.923758 -0.117433 0.364528 -0.309600 -0.789255 0.530305 -0.225430 0.602732 0.765438
0.982883 -138.982809 285.152648 16246.095679 0.925090 -0.140755 0.352698 -0.278440 -0.882966 0.377944 -0.258223 0.447837 0.856016
0.607731 -145.911632 2224.749456 22072.372312 0.924552 -0.164806 0.343574 -0.308988 -0.851899 0.422841 -0.223004 0.497098 0.838548
1.535324 -53.365587 6553.358871 -6058.275288 0.941545 -0.188542 0.279188 0.056257 -0.729094 -0.682098 -0.332158 -0.657932 0.675868
6.234497 -50.676947 5785.008413 -4776.195719 0.939021 -0.234675 0.251330 -0.004573 -0.739367 -0.673287 -0.343829 -0.631081 0.695355
-8.495193 -62.590176 5544.342480 10002.401326 0.927361 -0.058948 0.369495 0.191814 -0.772983 -0.604736 -0.321261 -0.631683 0.705527
1.420255 -16.686567 -658.197229 1906.732281 -0.601565 -0.791726 -0.106251 0.797795 -0.588706 -0.130186 0.040521 -0.163082 0.985780
-2.088114 -18.349686 -3326.444808 1739.733359 -0.531108 -0.841318 -0.100539 0.845507 -0.518513 -0.127526 0.055159 -0.152736 0.986726
5.626352 -14.243728 2099.704528 423.568303 0.715558 0.693815 0.081224 0.695419 -0.696511 -0.176818 0.066106 -0.183009 0.980886
-19.106038 -69.158935 -1118.378261 1266.440372 -0.720363 0.021279 -0.693271 0.129365 0.986112 -0.104154 0.681426 -0.164714 -0.713111
-19.961779 -66.484957 2417.905467 1034.312208 -0.740009 0.081212 -0.667676 0.157945 0.985907 -0.055137 0.653789 -0.146258 -0.742408
-15.810071 -68.112225 928.682222 -982.930211 -0.717763 0.123491 -0.685249 0.124945 0.991015 0.047720 0.684986 -0.051367 -0.726744
5.529026 -252.790372 5142.156661 24219.915249 0.850926 -0.246537 0.463837 -0.458585 0.081974 0.884862 0.256173 0.965660 0.043304
8.955355 -238.708409 7845.499254 28624.272373 0.842510 -0.275556 0.462868 -0.514502 -0.157084 0.842978 0.159579 0.948364 0.274119
27.244259 -274.540091 12999.439627 27733.187775 0.839700 -0.271528 0.470294 -0.476689 0.046304 0.877852 0.260138 0.961316 0.090552
-47.817504 -371.513329 196.853636 157532.586762 0.541854 0.102216 0.834234 0.838104 -0.140181 -0.527192 0.063057 0.984836 -0.161625
-42.502505 -241.185476 -10636.548683 95095.320223 0.466929 0.227882 0.854428 0.882831 -0.175705 -0.435589 0.050865 0.957704 -0.283223
-49.881977 -341.010319 3989.173052 123668.213186 0.534227 0.153550 0.831278 0.835239 0.055688 -0.547059 -0.130293 0.986570 -0.098501
18.266370 -3363.752200 3166.738199 800199.247144 0.811753 0.482032 0.329700 0.268097 0.193965 -0.943664 0.518827 -0.854414 -0.028220
71.405207 -2537.736754 -29674.148013 -425490.538138 0.907181 0.352783 0.229276 0.413567 -0.847886 -0.331739 -0.077368 -0.395768 0.915086
165.989956 -1869.337307 -59075.781882 365599.155554 0.883878 0.349721 0.310573 0.466321 -0.710209 -0.527398 -0.036130 -0.610982 0.790820
-11.537736 -1098.156364 4158.588943 181309.424499 0.884273 0.330803 0.329591 0.236906 0.290432 -0.927106 0.402413 -0.897897 -0.178451
398.648863 -5963.621242 -127004.293495 5018676.469014 0.902269 0.312701 0.296865 0.421331 -0.785689 -0.452961 -0.091602 -0.533771 0.840653
16.102470 -36.145503 -2263.511528 841.348561 0.279663 0.764305 0.581056 -0.700779 0.576187 -0.420614 0.656275 0.289562 -0.696748
13.275716 -41.022949 -3974.961495 568.598716 0.315065 0.766212 0.560047 -0.705744 0.583692 -0.401533 0.634554 0.268741 -0.724651
16.555789 -38.660089 -4500.787784 2806.406850 0.258047 0.798075 0.544507 -0.676590 0.551595 -0.487821 0.689665 0.242528 -0.682307
2.115537 -61.110322 650.860717 8133.892653 0.642951 -0.343851 0.684383 0.598840 0.782769 -0.169304 0.477499 -0.518690 -0.709194
1.869074 -61.025779 -219.808043 7210.720729 0.652895 -0.340095 0.676804 0.595180 0.783015 -0.180689 0.468496 -0.520791 -0.713644
1.651303 -51.267672 -518.927501 5603.441867 -0.648143 0.335798 -0.683484 0.543724 0.832464 -0.106617 0.533174 -0.440730 -0.722137
3.098934 -49.737398 -1711.701233 5940.825659 -0.648075 0.331279 -0.685750 0.539879 0.834930 -0.106872 0.537149 -0.439484 -0.719948
2.107489 -59.772824 734.377375 8614.786970 0.667339 -0.319598 0.672693 0.568820 0.801759 -0.183375 0.480731 -0.505014 -0.716839
-0.220551 -74.840375 172.688686 7687.627415 0.657899 -0.327435 0.678200 0.644779 0.710214 -0.282587 0.389138 -0.623203 -0.678373
-21.869735 -54.401886 -12.794313 -1766.506817 0.183692 0.934279 0.305581 -0.762577 0.331605 -0.555441 0.620269 0.130999 -0.773373
-21.448236 -53.841589 -358.600811 -1466.559884 0.101030 0.955913 0.275723 -0.827630 0.234551 -0.509916 0.552106 0.176680 -0.814839
-22.380242 -50.463732 25.722175 -1983.882148 0.171207 0.911964 0.372841 -0.713871 0.375639 -0.591003 0.679027 0.164976 -0.715336
-45.307480 -69.437173 3987.929983 -1384.036213 0.552871 -0.463810 -0.692252 0.783745 0.571580 0.242983 0.282980 -0.676888 0.679519
-53.444569 -77.597065 1226.538858 3436.535863 0.786903 -0.334031 -0.518852 -0.568075 -0.720501 -0.397705 0.240988 -0.607702 0.756719
-41.732036 -68.686990 4867.787920 -860.989720 0.469201 -0.528701 -0.707337 0.865223 0.435535 0.248391 0.176746 -0.728550 0.661798
6.355710 -34.873165 -623.970228 4088.821931 -0.505280 -0.736161 -0.450288 0.862945 -0.428487 -0.267814 0.004212 -0.523895 0.851772
6.844360 -26.684319 -1240.906314 4988.749452 -0.503756 -0.742000 -0.442342 0.859396 -0.378562 -0.343700 0.087572 -0.553287 0.828374
7.977050 -25.773955 -581.194007 4604.065740 -0.546487 -0.713300 -0.438810 0.834236 -0.417679 -0.359993 0.073502 -0.562803 0.823317
-597.897318 -1749.477608 -285415.642303 -206356.270968 0.712196 -0.054647 0.699851 0.610481 -0.443948 -0.655914 -0.346541 -0.894384 0.282817
-307.377616 -51548.030858 -2321596.248914 114769546.663930 -0.398765 -0.019190 -0.916852 0.912679 -0.105831 -0.394735 -0.089457 -0.994199 0.059716
-1486.102256 -2915.834035 -867877.962693 2347018.204864 0.877607 0.023013 0.478829 0.373016 -0.660174 -0.651942 -0.301107 -0.750760 0.587957
-689.608270 -1603.913844 -75400.696596 -640023.977387 0.867680 -0.288601 0.404772 0.070191 -0.734949 -0.674480 -0.492143 -0.613644 0.617444
14.952744 -173.130786 -84.239985 31409.233838 0.449065 0.591450 0.669721 -0.538915 0.777152 -0.324969 -0.712678 -0.214991 0.667734
13.147242 -226.725455 -225.615042 43916.147388 0.412102 0.625332 0.662670 -0.715558 0.672363 -0.189487 -0.564046 -0.396091 0.724544
11.845211 -198.896533 -943.787682 37682.056694 0.414459 0.600937 0.683446 -0.570387 0.756707 -0.319457 -0.709142 -0.257427 0.656391
12.761866 -180.044525 871.068961 31201.024901 0.483202 0.619471 0.618685 -0.629460 0.736969 -0.246287 -0.608519 -0.270431 0.746037
21.302857 -253.396327 530.986310 28200.200394 0.481455 0.263923 0.835791 -0.606251 0.788949 0.100097 -0.632978 -0.554891 0.539847
25.504157 -249.355882 1691.131329 9893.448155 -0.465409 -0.238315 -0.852409 0.808372 -0.506663 -0.299713 -0.360458 -0.828552 0.428452
21.516232 -271.351331 117.177766 27033.587787 0.443658 0.216415 0.869674 -0.618346 0.776339 0.122256 -0.648704 -0.591999 0.478248
26.000859 -262.273509 593.827887 5052.720786 -0.502093 -0.321116 -0.802987 0.804590 -0.513881 -0.297593 -0.317078 -0.795494 0.516382
14.882885 -237.456654 2986.122327 33521.949615 0.503918 0.191734 0.842202 -0.329433 0.944011 -0.017800 -0.798461 -0.268480 0.538868
14.541490 -210.656637 -314.558392 37715.486865 0.479309 0.279307 0.832016 -0.372202 0.923225 -0.095507 -0.794814 -0.263901 0.546469
22.993739 -256.831846 1.095034 35677.207327 0.497932 0.338179 0.798561 -0.644343 0.760574 0.079679 -0.580419 -0.554222 0.596617
-54.864725 -81.250040 1790.862548 -5077.725474 0.215475 0.902955 0.371810 0.326796 -0.425478 0.843903 -0.920204 0.060334 0.386762
-47.203208 -78.135538 2178.980620 -5365.490882 0.197709 0.763382 0.614946 0.237139 -0.645943 0.725619 -0.951145 -0.002366 0.308737
-44.487334 -72.070862 15.327710 5814.950108 0.133855 0.624640 0.769356 -0.144947 0.780333 -0.608334 -0.980343 -0.030088 0.194991
10.877808 -14.441272 10042.421842 -11520.766797 0.443959 0.520368 0.729464 0.816322 0.100805 -0.568732 -0.369483 0.847971 -0.380035
12.012956 -35.059865 11158.231525 -11769.130718 0.343805 0.485156 0.804003 0.890973 0.101889 -0.442477 -0.296590 0.868471 -0.397231
-6.142343 -31.682877 9045.894253 -10300.002187 0.270731 0.474932 0.837344 0.907831 0.163390 -0.386194 -0.320229 0.864722 -0.386923
8.327586 -23.087775 15887.257715 8207.443929 -0.586709 0.031423 0.809188 0.691898 0.538664 0.480749 -0.420773 0.841935 -0.337780
-23.492838 -39.871426 10737.556212 2261.462093 -0.245332 0.354190 0.902420 0.876260 0.479224 0.050130 -0.414705 0.803053 -0.427931
-30.442557 -41.674916 6945.151330 -158.839634 -0.218982 0.432412 0.874681 0.863535 0.503234 -0.032590 -0.454261 0.748181 -0.483602
-40.127091 -51.443660 979.266557 822.320729 0.598452 0.658183 0.456782 0.695761 -0.144296 -0.703630 -0.397205 0.738900 -0.544292
12.755734 -70.058408 1650.822876 -4512.004421 0.240991 0.213659 0.946717 -0.126041 0.974096 -0.187754 -0.962308 -0.074078 0.261678
16.468733 -70.303208 867.322417 -2987.393348 0.175211 0.299104 0.937997 -0.110684 0.952679 -0.283111 -0.978289 -0.054217 0.200026
19.481847 -76.489945 2443.141801 -240.361792 0.242137 0.243821 0.939106 0.048874 0.963616 -0.262786 -0.969010 0.109528 0.221411
7.996174 -59.809688 2058.393569 -5653.441819 0.226505 0.252079 0.940825 -0.268381 0.944690 -0.188501 -0.936305 -0.209804 0.281630
17.287571 -74.550127 -939.806933 -4671.014072 0.253672 0.165336 0.953055 -0.048877 0.986216 -0.158079 -0.966055 -0.006482 0.258257
11.772350 -61.559741 -1254.300558 -5639.073334 0.238202 0.160612 0.957843 -0.194689 0.974109 -0.114924 -0.951502 -0.159106 0.263304
15.098572 -65.775143 -3261.639692 -6411.132555 0.237844 0.124981 0.963229 -0.132570 0.986584 -0.095277 -0.962214 -0.105034 0.251222
10.128334 -48.780067 -1663.004556 -864.320298 0.537721 0.620884 0.570403 0.785506 -0.123120 -0.606483 -0.306327 0.774174 -0.553912
10.407285 -48.194093 -2935.477198 -265.824489 0.467392 0.646334 0.603156 0.805381 -0.029954 -0.592000 -0.364563 0.762466 -0.534545
-10.009137 -60.412808 333.954803 1725.314080 0.364425 0.882594 0.297023 0.713878 -0.469587 0.519486 -0.597973 -0.022724 0.801194
-10.584959 -58.018551 136.810555 1590.059650 0.339926 0.882014 0.326346 0.704400 -0.468702 0.533047 -0.623114 -0.048682 0.780614
-10.444731 -53.193984 344.923820 2073.705135 0.305617 0.903249 0.301231 0.827155 -0.408557 0.385870 -0.471606 -0.131236 0.871989
-9.909670 -55.206866 -374.676916 1421.443373 0.322896 0.872652 0.366356 0.692675 -0.481675 0.536834 -0.644933 -0.080424 0.759995
-11.174061 -51.584644 78.582045 2011.144052 0.288478 0.897334 0.334025 0.816523 -0.412751 0.403642 -0.500071 -0.156297 0.851763
3.614508 -63.499314 -942.065398 1208.187836 0.425837 0.803629 0.415744 0.904388 -0.364185 -0.222378 -0.027302 0.470690 -0.881876
-0.062710 -63.909725 -1329.714654 1060.269623 0.385607 0.826363 0.410404 0.915643 -0.397498 -0.059943 0.113600 0.398898 -0.909931
2.790840 -61.136464 -974.024488 1058.781946 0.399404 0.815809 0.418250 0.907110 -0.417740 -0.051423 0.132768 0.399937 -0.906875
4.075365 -108.435739 -1403.878541 4915.528621 0.530105 0.846899 -0.041855 -0.567345 0.390941 0.724765 -0.630165 0.360455 -0.687724
-0.488437 -110.727818 -1543.735445 2481.802760 0.530050 0.846054 -0.056913 -0.671811 0.459945 0.580621 -0.517414 0.269524 -0.812182
-4.762711 -108.048249 -614.704293 7512.769331 0.533158 0.845693 -0.023369 -0.637021 0.419474 0.646719 -0.556729 0.329917 -0.762370
203.742707 -58.799221 -127562.562928 965.643738 0.038495 0.897877 0.438561 0.798898 0.235975 -0.553243 0.600234 -0.371662 0.708228
175.616663 -60.028203 -99535.858478 -1574.882619 -0.007711 0.884541 0.466398 0.859984 0.243866 -0.448282 0.510262 -0.397638 0.762572
254.982586 -65.204069 -100898.615560 -6045.855321 -0.153989 0.901980 0.403386 0.857180 0.325011 -0.399512 0.491457 -0.284254 0.823207
-11.613154 -39.817441 861.366962 4993.635093 0.263439 0.661049 0.702577 0.876623 -0.468039 0.111675 0.402656 0.586476 -0.702791
-7.367207 -29.765892 1138.443016 3559.595726 0.390641 0.570169 0.722708 0.799168 -0.599697 0.041152 0.456869 0.561490 -0.689927
-11.257329 -30.336204 1228.727777 3944.734852 0.326307 0.637521 0.697919 0.820882 -0.557208 0.125190 0.468697 0.532058 -0.705150
-14.555292 -40.559576 838.323315 5020.420759 0.207685 0.720022 0.662145 0.889786 -0.420269 0.177919 0.406385 0.552216 -0.727949
-14.789667 -29.705331 2203.133998 3708.504203 0.309212 0.663214 0.681568 0.817933 -0.551093 0.165174 0.485153 0.506403 -0.712869
-26.264132 -38.899048 -5228.122587 3935.587146 0.284085 0.957628 -0.047380 0.923279 -0.259901 0.282857 -0.258558 0.124101 0.957991
-35.852942 -39.703514 -7678.156576 3467.645453 0.126730 0.981816 -0.141342 0.965134 -0.089147 0.246108 -0.229032 0.167604 0.958881
-26.817793 -40.428996 -4686.079820 -1950.650499 0.187579 0.977335 -0.098133 0.927024 -0.143120 0.346616 -0.324715 0.155989 0.932860
-31.805292 -33.478296 -8351.338836 -1928.357159 -0.553798 0.804319 -0.215358 0.814415 0.577072 0.060964 -0.173312 0.141629 0.974630
-24.087700 -33.179914 -4216.518957 5751.100030 0.229360 0.971518 -0.059552 0.951096 -0.210693 0.225885 -0.206904 0.108449 0.972332
-21.134820 -27.163058 -3522.984209 3598.894854 0.269526 0.654443 0.706441 -0.560551 -0.489877 0.667685 -0.783031 0.575955 -0.234814
-24.301805 -34.799585 -1155.244755 534.710757 0.427705 0.673363 0.603034 -0.560262 -0.326051 0.761445 -0.709348 0.663531 -0.237806
2.598103 -168.940752 340.866644 5480.805667 -0.596394 0.683736 -0.420499 -0.184821 0.392815 0.900854 -0.781125 -0.614980 0.107904
-1.447678 -152.868429 -1666.586425 3627.675777 -0.612144 0.657385 -0.439459 -0.090781 0.493653 0.864908 -0.785518 -0.569343 0.242508
-2.523817 -160.107172 351.835727 13911.785025 -0.602395 0.665532 -0.440667 -0.023092 0.537316 0.843065 -0.797864 -0.518034 0.308308
-8.553030 -173.462735 2821.210042 22243.986502 0.615012 -0.647658 0.449777 0.685736 0.157712 -0.710558 0.389263 0.745431 0.541117
-0.134387 -142.394374 2883.917668 -34276.903956 0.661212 -0.640129 0.391195 -0.508274 0.001278 0.861195 0.551776 0.768266 0.324516
-9.457078 -171.528230 3179.271919 26674.651501 0.600796 -0.639491 0.479683 0.665026 0.066844 -0.743823 0.443604 0.765887 0.465438
-6.383490 -170.864259 1046.771675 -23532.164481 0.654429 -0.638648 0.404786 -0.654054 -0.209525 0.726851 0.379389 0.740424 0.554830
-13.549319 -197.921059 2142.102045 18190.881396 0.588946 -0.634752 0.500232 0.771511 0.257274 -0.581876 0.240650 0.728629 0.641239
-14.048845 -193.851465 1213.730786 15352.654414 0.609097 -0.646096 0.459958 0.762710 0.318194 -0.563051 0.217429 0.693767 0.686594
-0.535088 -114.745758 -1309.041465 -1234.355886 0.772028 -0.544486 0.327885 -0.628680 -0.730035 0.267974 -0.093460 0.413018 0.905915
-2.269215 -109.345938 -732.523319 2244.165559 0.797490 -0.518500 0.308494 -0.603131 -0.698330 0.385445 -0.015577 0.493451 0.869634
-2.513987 -102.749064 427.210874 4086.484705 0.793188 -0.530631 0.298805 -0.608106 -0.716385 0.342051 -0.032557 0.453016 0.890908
-2.013961 -28.335171 2372.568120 1713.923116 0.064645 0.984333 -0.164039 0.597928 0.093400 0.796090 -0.798939 0.149547 0.582523
6.751261 -28.291522 5514.259921 1705.104032 0.156700 0.986302 -0.051502 0.601933 -0.054031 0.796717 -0.783021 0.155846 0.602155
2.421493 -32.305402 4930.078453 2279.938891 0.183474 0.982933 0.013446 0.525409 -0.109615 0.843759 -0.830832 0.147743 0.536553
18.384023 -28.898554 6896.697288 1705.994222 0.202351 0.978315 0.044202 0.595999 -0.158838 0.787119 -0.777071 0.132929 0.615215
13.527570 -33.212897 6656.266644 2523.934159 0.222042 0.970536 0.093576 0.519588 -0.198988 0.830922 -0.825061 0.135878 0.548463
-9.514595 -102.113532 1471.068368 5730.370334 0.803679 -0.534062 0.262445 0.564606 0.545084 -0.619760 -0.187936 -0.646267 -0.739608
0.692519 -90.684796 536.177097 7534.525596 0.757668 -0.578526 0.302071 0.650486 0.631838 -0.421485 -0.052980 -0.515839 -0.855046
0.885622 -89.623735 -220.066567 6700.817481 0.825679 -0.512747 0.235254 0.558880 0.686653 -0.464931 -0.076854 -0.515362 -0.853519
6.537469 -224.787446 1719.781765 31915.101827 0.689101 -0.574063 0.442257 0.430810 0.815264 0.386972 -0.582703 -0.076135 0.809111
4.660624 -257.934453 -191.658249 30606.694226 0.662623 -0.608120 0.437173 0.289950 0.746486 0.598906 -0.690551 -0.270090 0.670963
4.920684 -264.193128 804.600478 4060.366502 0.669857 -0.605552 0.429649 0.047518 0.612437 0.789090 -0.740968 -0.508162 0.439020
6.463152 -222.854719 -75.120508 7171.251779 0.649121 -0.603074 0.463620 0.140749 0.694173 0.705913 -0.747551 -0.392969 0.535484
3.361069 -255.285870 182.442736 12329.484545 0.661006 -0.615059 0.429853 0.130013 0.658057 0.741659 -0.739032 -0.434354 0.514945
