19429
38848
-44.722771 -72.911598 938.876558 13754.637230 0.824788 -0.556425 0.100577 0.498833 0.799780 0.333942 -0.266253 -0.225260 0.937213
-55.229803 -88.921902 1350.030493 14282.831168 0.872875 -0.450490 0.187480 0.343835 0.840490 0.418753 -0.346219 -0.301057 0.888537
-56.688284 -95.703245 -1317.930529 -17936.451590 0.938153 -0.277467 0.207078 -0.184097 -0.906329 -0.380364 -0.293219 -0.318717 0.901356
-46.167165 -71.533830 -194.351218 9489.980696 -0.634107 0.768791 -0.082874 0.687908 0.609820 0.393575 -0.353115 -0.192559 0.915549
-52.970756 -89.878656 1039.819108 -24213.726439 0.970905 -0.138983 0.195006 -0.083803 -0.960047 -0.266994 -0.224323 -0.242884 0.943762
-36.589876 -57.379492 1711.228076 10942.429674 0.827615 -0.559113 0.049455 0.535584 0.812993 0.228455 -0.167939 -0.162586 0.972298
-35.691441 -59.012582 -394.836422 6509.733011 -0.546844 0.837203 0.007254 0.799726 0.519761 0.300479 -0.247792 -0.170116 0.953761
52.706471 -94.331824 -17578.372196 -7458.530021 -0.719399 0.688987 0.088102 0.290742 0.413885 -0.862652 0.630820 0.594976 0.498066
56.546127 -79.461150 -15097.434413 -12406.595203 -0.749515 0.652974 0.108870 0.356146 0.536375 -0.765155 0.558021 0.534722 0.634575
68.080130 -97.048445 6064.598958 13923.273742 0.807937 -0.588072 -0.037532 -0.306346 -0.473583 0.825755 0.503378 0.655661 0.562779
68.339082 -110.471477 11409.899524 9337.213668 0.766511 -0.642047 -0.015400 -0.245200 -0.314727 0.916964 0.593581 0.699087 0.398672
44.128366 -103.068538 -19386.500091 -2466.761114 -0.692215 0.720447 0.042353 0.220309 0.266831 -0.938224 0.687242 0.640123 0.343426
21.884345 -93.057677 -22927.281997 -1218.541238 -0.656130 0.745818 0.115102 0.261302 0.367621 -0.892511 0.707965 0.555527 0.436091
-74.576769 -229.643588 -70637.282158 -155900.164402 0.980766 0.015793 0.194546 -0.108614 -0.783987 0.611201 -0.162174 0.620576 0.767193
-20.155524 -155.388737 -50127.326981 61337.847982 0.894388 -0.334187 0.297303 -0.389175 -0.909041 0.148952 -0.220483 0.248924 0.943093
-42.919032 -305.888492 -87493.478373 -153774.274132 0.844785 -0.425683 0.324241 0.446488 0.894718 0.011347 -0.294934 0.135184 0.945906
-142.129802 -358.680628 -109282.920853 -100087.755971 0.955077 -0.112873 0.274020 -0.235786 -0.849554 0.471872 -0.179533 0.515284 0.838004
-751.965798 -46387.732534 294390.492539 -42261279.522347 0.972214 0.066983 -0.224306 0.233839 -0.233174 0.943901 -0.010923 0.970125 0.242358
-61.336913 -316.193612 -72432.374087 -256105.113714 0.942595 -0.272661 0.192796 -0.311447 -0.509503 0.802127 0.120479 0.816127 0.565174
24.131933 -106.622453 26567.897058 32980.756584 0.657564 -0.726444 0.199724 0.720148 0.528167 -0.449919 0.221354 0.439681 0.870450
13.365901 -29.805712 -2996.078280 3685.127786 -0.300871 0.444081 -0.843960 0.675622 -0.525320 -0.517275 -0.673061 -0.725831 -0.141977
14.107302 -30.730354 2584.274618 -2968.457082 0.222450 -0.393399 0.892050 -0.670588 0.602422 0.432896 -0.707692 -0.694496 -0.129800
14.349720 -33.857454 -1863.563552 1521.152040 -0.322449 0.452630 -0.831356 0.638153 -0.544727 -0.544089 -0.699133 -0.705974 -0.113201
10.082630 -31.849217 -6452.297631 2802.070151 -0.346333 0.455202 -0.820271 0.670080 -0.491905 -0.555897 -0.656541 -0.742173 -0.134659
11.728739 -24.384894 -2483.390965 3110.818103 -0.396336 0.524938 -0.753232 0.650458 -0.418449 -0.633881 -0.647937 -0.741175 -0.175603
8.023935 -35.455351 -3035.474847 -205.144777 -0.432145 0.507905 -0.745173 0.606906 -0.447386 -0.656895 -0.667021 -0.736124 -0.114915
-1.382030 -33.872834 -6365.538760 2257.327360 -0.523260 0.550319 -0.650652 0.584566 -0.323761 -0.743950 -0.620066 -0.769628 -0.152287
4.605300 -28.773700 -8623.013453 3025.849273 -0.466258 0.520357 -0.715424 0.629608 -0.372913 -0.681564 -0.621447 -0.768222 -0.153748
9.870255 -40.790039 8991.897074 -4231.647900 -0.515275 0.583294 -0.627901 0.520109 -0.369478 -0.770047 -0.681160 -0.723363 -0.112995
25.456088 -38.553218 13558.681336 5667.991947 -0.454115 0.584867 -0.672094 -0.502620 0.454683 0.735279 -0.735630 -0.671710 -0.087488
7.328819 -77.368621 -5584.790860 9977.059402 0.368771 0.047626 0.928299 0.721330 0.615212 -0.318115 -0.586252 0.786921 0.192518
5.167288 -57.909341 -3686.906722 2606.931053 0.401466 0.071100 0.913110 0.757913 0.533936 -0.374807 -0.514191 0.842530 0.160470
19.515776 -72.219320 -11055.950672 10575.008898 0.460203 0.132269 0.877906 0.672840 0.593173 -0.442077 -0.579223 0.794135 0.183984
-1.252190 -69.216401 -693.913328 4673.424854 0.322935 -0.001909 0.946419 0.784228 0.560343 -0.266462 -0.529811 0.828258 0.182452
27.486646 -94.854648 -13800.806499 20331.265248 0.423491 0.106893 0.899572 0.624614 0.684776 -0.375419 -0.656134 0.720872 0.223230
14.137097 -99.857801 -5424.158956 19967.376677 0.354611 0.029666 0.934543 0.660360 0.699654 -0.272782 -0.661949 0.713866 0.228515
-0.154506 -83.895936 -1587.019233 13753.580659 0.302183 -0.018814 0.953064 0.740928 0.633686 -0.222413 -0.599759 0.773362 0.205429
-16.361179 -74.510769 3603.704522 -4517.594290 0.800173 -0.597354 -0.053779 0.107746 0.231376 -0.966879 -0.590012 -0.767876 -0.249503
-17.181818 -81.815917 2481.319755 5420.799979 0.791401 -0.606112 -0.079447 0.052523 0.196906 -0.979014 -0.609036 -0.770620 -0.187667
-18.599877 -75.147578 3047.152311 -7151.425894 0.780792 -0.623521 -0.039803 0.112134 0.202519 -0.972837 -0.614646 -0.755120 -0.228043
-16.660951 -70.998018 3628.341037 -5385.463430 0.781701 -0.623612 -0.007102 0.209052 0.272742 -0.939100 -0.587571 -0.732611 -0.343570
-3.825847 -81.225137 3059.381490 -1675.794663 -0.669834 0.741185 0.044354 -0.314915 -0.229487 -0.920959 0.672422 0.630857 -0.387128
-7.466983 -81.733293 1307.983144 15898.474667 -0.660298 0.750563 0.025722 -0.431904 -0.351496 -0.830608 0.614383 0.559558 -0.556263
-2.381985 -81.701273 3502.768341 12519.798902 -0.668254 0.742007 0.053497 -0.417829 -0.314855 -0.852224 0.615512 0.591855 -0.520435
-3.871482 -78.852391 74.032346 17441.452445 -0.658107 0.752488 0.025628 -0.481920 -0.394835 -0.782214 0.578488 0.527131 -0.622482
5.709613 -79.674724 6925.598889 -3159.211447 -0.682264 0.727958 0.067780 -0.314640 -0.208671 -0.925990 0.659938 0.653096 -0.371414
1.797187 -78.793167 1537.976144 -13816.923093 0.874694 -0.472456 -0.108148 -0.327680 -0.412042 -0.850204 -0.357122 -0.779107 0.515225
0.757740 -77.630226 -840.291073 -4820.097669 0.862037 -0.496794 -0.100438 -0.300663 -0.341693 -0.890420 -0.408036 -0.797773 0.443920
1.086250 -81.706258 1913.150838 1519.725971 0.879350 -0.468450 -0.085431 -0.237689 -0.276356 -0.931199 -0.412611 -0.839156 0.354359
2.393588 -75.461990 109.289563 -10497.797834 0.861297 -0.494189 -0.118086 -0.367006 -0.444363 -0.817220 -0.351388 -0.747207 0.564099
3.159079 -72.937311 748.734629 -9330.169436 0.864105 -0.488368 -0.121739 -0.378916 -0.472017 -0.796004 -0.331280 -0.733960 0.592922
45.704939 -91.135953 -7968.056263 6695.034815 -0.718192 0.681252 0.141762 0.423045 0.589226 -0.688365 0.552480 0.434406 0.711377
44.286426 -94.255125 7198.326728 -1772.779849 0.741728 -0.653834 -0.149469 0.496198 0.684883 -0.533595 0.451252 0.321616 0.832427
60.186474 -100.902502 9829.362841 1132.479363 0.783002 -0.613029 -0.105371 0.437696 0.663376 -0.606923 0.441961 0.429102 0.787745
32.435788 -91.148055 -7439.842517 840.887851 -0.684177 0.705304 0.185602 0.494882 0.635902 -0.592216 0.535717 0.313330 0.784112
63.483087 -96.609627 9587.550765 -10608.651999 0.767138 -0.635987 -0.083785 -0.394760 -0.570995 0.719812 0.505632 0.519121 0.689094
32.013830 -85.197941 -7830.077637 5498.685742 -0.660308 0.728178 0.183711 0.425677 0.564435 -0.707257 0.618702 0.388806 0.682670
-16.948025 -107.003509 1204.466104 -2663.300595 0.981803 0.117315 0.149329 -0.169885 0.191220 0.966734 -0.084858 0.974511 -0.207670
-19.433924 -106.257339 1046.770039 399.718426 0.986175 0.084075 0.142794 -0.143894 0.007138 0.989567 -0.082179 0.996434 -0.019137
-18.115766 -108.471827 1963.585612 -3281.972375 0.986801 0.071440 0.145331 -0.156146 0.181844 0.970851 -0.042930 0.980729 -0.190599
-5.657513 -69.514781 -532.175536 -5529.497424 -0.851289 0.519172 -0.075942 0.512610 0.853809 0.090783 0.111972 0.038355 -0.992971
-6.724508 -64.182224 271.945699 -4039.259519 -0.840854 0.537252 -0.065759 0.538588 0.842564 -0.003102 0.053739 -0.038026 -0.997831
-5.726139 -69.375084 425.649970 -6586.375121 -0.841464 0.537086 -0.058958 0.535093 0.843490 0.046896 0.074918 0.007914 -0.997158
-6.313376 -62.393072 391.570777 -4608.074245 -0.850076 0.521713 -0.072023 0.522761 0.852465 0.004944 0.063976 -0.033448 -0.997391
-5.255405 -64.332057 -568.394766 -6149.084264 -0.856658 0.508300 -0.088135 0.506678 0.861133 0.041564 0.097023 -0.009050 -0.995241
-4.348876 -131.972162 -49.941540 7259.773480 -0.013788 0.513196 -0.858161 0.986159 -0.134840 -0.096482 -0.165229 -0.847613 -0.504234
-5.685128 -121.804782 853.628026 2304.409642 0.014681 0.518658 -0.854855 0.999881 -0.003603 0.014986 0.004692 -0.854974 -0.518650
-5.265962 -130.350455 -1191.259873 165.219327 0.015420 0.509564 -0.860295 0.998947 -0.045024 -0.008764 -0.043199 -0.859254 -0.509722
-3.087832 -136.510465 -1533.348570 2709.164914 -0.023534 0.503034 -0.863946 0.972925 -0.187226 -0.135515 -0.229922 -0.843744 -0.485008
-4.762338 -140.587774 -1552.494121 9485.743723 -0.034330 0.497706 -0.866666 0.929016 -0.303802 -0.211266 -0.368443 -0.812400 -0.451947
-4.801057 -136.837800 851.130127 10297.285004 -0.010777 0.514329 -0.857525 0.948974 -0.265037 -0.170891 -0.315170 -0.815611 -0.485229
3.702147 -96.227938 1622.087013 -767.296323 0.880599 -0.472177 -0.039929 0.036391 0.151400 -0.987803 -0.472462 -0.868405 -0.150505
2.267796 -99.796973 -1306.343299 -2187.752403 0.863524 -0.503765 -0.023371 0.146089 0.294234 -0.944502 -0.482684 -0.812186 -0.327673
2.830566 -102.502474 -1886.191845 -2091.078179 0.863062 -0.504256 -0.029145 0.068659 0.174288 -0.982298 -0.500410 -0.845783 -0.185043
3.170151 -99.406762 -2543.595691 -202.467790 0.864860 -0.499063 -0.054338 -0.045784 0.029375 -0.998519 -0.499920 -0.866068 -0.002556
3.676266 -97.622921 1018.998875 -1925.641862 0.878079 -0.474936 -0.058430 -0.061983 0.008192 -0.998044 -0.474485 -0.879982 0.022245
5.143164 -96.448411 3853.511228 -8864.171933 0.890425 -0.451464 -0.057648 -0.042006 0.044602 -0.998121 -0.453187 -0.891174 -0.020750
7.176229 -44.616180 3625.853648 6551.841006 0.939073 -0.187332 0.288183 0.202793 -0.374984 -0.904578 -0.277520 -0.907906 0.314148
4.963923 -36.189848 1013.647612 6728.071788 0.918182 -0.154199 0.364918 0.293391 -0.354291 -0.887919 -0.266204 -0.922334 0.280063
9.637857 -31.804408 3859.193650 7544.392149 0.931938 -0.175740 0.317188 0.252408 -0.313637 -0.915381 -0.260351 -0.933138 0.247932
8.456476 -25.462558 71.177852 7348.340806 0.898385 -0.137678 0.417073 0.361869 -0.306133 -0.880530 -0.248910 -0.941981 0.225204
13.038977 -37.968768 5118.128683 7544.170014 0.943538 -0.205893 0.259506 0.184507 -0.323981 -0.927897 -0.275123 -0.923388 0.267699
2.304058 -196.872163 -1885.283256 4084.917238 0.968254 0.067948 0.240556 -0.194229 0.810288 0.552909 0.157351 0.582080 -0.797762
3.794850 -194.088579 -1289.285211 10285.877792 0.968490 0.050139 0.243953 -0.209200 0.695282 0.687618 0.135140 0.716986 -0.683863
0.481889 -192.085461 -1275.753795 -763.408045 0.973493 0.050837 0.222995 -0.200616 0.658019 0.725785 0.109839 0.751283 -0.650776
0.787472 -216.772191 -1331.299807 -346.175145 0.972900 0.048003 0.226188 -0.187953 0.733957 0.652673 0.134682 0.677498 -0.723089
-0.534784 -214.451729 443.624203 4930.625262 0.979204 0.023280 0.201540 -0.187273 0.485799 0.853773 0.078032 0.873761 -0.480055
4.199923 -195.229016 7007.172983 19783.930182 0.113545 0.571868 -0.812450 0.630439 0.590549 0.503784 0.767889 -0.569403 -0.293474
4.885607 -181.767401 3892.185411 27445.526341 0.141100 0.563807 -0.813764 0.423478 0.708616 0.564384 0.894850 -0.424246 -0.138774
-0.661031 -199.178719 7191.778812 20330.157908 0.097805 0.559577 -0.822987 0.661357 0.581394 0.473907 0.743667 -0.590639 -0.313217
-9.181539 -215.731395 967.964701 33888.387505 0.100035 0.512218 -0.853010 0.601639 0.651686 0.461882 0.792479 -0.559408 -0.242979
-4.503542 -212.883470 10120.219160 5568.475943 0.065646 0.557825 -0.827359 0.825147 0.435885 0.359354 0.561090 -0.706283 -0.431674
-10.483714 -225.182406 3789.822453 14176.219172 0.079572 0.512026 -0.855277 0.795147 0.484843 0.364237 0.601173 -0.709054 -0.368556
18.599626 -175.881679 -7313.289374 -21745.535740 0.205677 0.511491 -0.834311 -0.204307 0.856195 0.474541 0.957056 0.072854 0.280600
20.529645 -176.750742 117.510643 -13414.607996 0.154113 0.472383 -0.867815 -0.396247 0.834133 0.383680 0.905118 0.284739 0.315731
14.836845 -170.187394 2607.378084 -10963.832777 0.128051 0.474964 -0.870639 -0.178596 0.874558 0.450835 0.975555 0.097763 0.196814
-16.913851 -59.758176 -4501.585192 3222.301049 0.946487 0.040531 0.320187 0.233505 0.598858 -0.766058 0.222795 -0.799829 -0.557347
-10.069537 -60.953969 -4225.238533 3710.489131 0.957786 0.023189 0.286545 0.211986 0.616297 -0.758446 0.194184 -0.787173 -0.585365
-12.975809 -56.332203 -5556.452005 4384.286831 0.957631 0.041281 0.285023 0.187106 0.663177 -0.724698 0.218937 -0.747323 -0.627356
-31.142364 -53.281245 -6267.849667 1374.482715 0.933850 0.073775 0.349974 0.228881 0.628640 -0.743253 0.274841 -0.774189 -0.570170
-26.752825 -60.058763 -5412.701620 5571.297906 0.908795 0.011187 0.417094 0.334223 0.578896 -0.743757 0.249775 -0.815324 -0.522359
-21.112910 -52.227355 -7336.520297 3235.663921 0.956077 0.079974 0.281994 0.156642 0.673756 -0.722161 0.247749 -0.734614 -0.631635
1.402185 -845.929756 -2997.429940 -536864.964560 -0.162644 0.064582 -0.984569 0.723150 0.686670 -0.074418 0.671268 -0.724095 -0.158386
-19.943417 -991.974578 -1665.550658 -538087.254383 -0.117519 0.137506 -0.983505 0.535067 0.843086 0.053938 0.836596 -0.519902 -0.172653
-3.395971 -714.337617 32253.613316 -433843.127227 -0.204197 0.081216 -0.975555 0.716363 0.691587 -0.092369 0.667179 -0.717713 -0.199400
-36.135693 -711.419007 17220.351079 -358936.521288 -0.119394 0.136339 -0.983441 0.474600 0.877866 0.064084 0.872067 -0.459089 -0.169519
279.689702 -3678.882572 -105792.764899 -194275.080109 0.178671 -0.433920 0.883057 -0.233679 0.853105 0.466483 -0.955757 -0.289699 0.051027
-66.607325 -2207.777953 -851.168065 -1606951.285008 0.411089 -0.521122 0.747955 0.294788 0.852400 0.431872 -0.862616 0.042951 0.504033
764.827098 -9944.777100 316344.077591 17521379.461792 -0.233752 0.264729 -0.935563 0.927218 -0.228896 -0.296436 -0.292622 -0.936763 -0.191957
2837.273697 -41100.970474 1801732.530843 -19350559.529988 -0.084265 -0.622615 0.777978 0.877489 0.323572 0.353998 -0.472136 0.712497 0.519072
-20.117871 -27.158735 1446.576195 7731.754576 0.974162 -0.214436 0.070894 0.162328 0.446537 -0.879917 -0.157029 -0.868690 -0.469808
-19.058264 -37.332576 1526.594165 8847.406413 0.987708 -0.154680 -0.022514 0.044367 0.415535 -0.908494 -0.149882 -0.896328 -0.417290
-22.364921 -37.439917 2761.675755 8943.915181 0.980550 -0.196180 0.006000 0.087458 0.409359 -0.908172 -0.175709 -0.891032 -0.418554
-21.361727 -24.573307 -1377.227497 5951.304621 0.812633 -0.414563 0.409592 0.548531 0.306730 -0.777837 -0.196828 -0.856770 -0.476660
-23.758980 -34.190989 -239.630356 9711.263143 0.927595 -0.332935 0.169475 0.293940 0.370429 -0.881125 -0.230579 -0.867143 -0.441471
-6.192382 -47.177703 -1914.096099 2025.487478 -0.477310 0.867100 0.142522 0.847179 0.497151 -0.187428 0.233374 -0.031280 0.971884
-9.775253 -49.314605 -1226.645842 7920.248435 -0.546137 0.825316 0.143485 0.819500 0.561885 -0.112714 0.173646 -0.056029 0.983213
-5.883413 -48.896327 -2185.139412 7098.598476 -0.549736 0.819565 0.161567 0.802829 0.571798 -0.168858 0.230774 -0.036884 0.972308
-3.846739 -53.414514 -1403.937931 -8683.828426 -0.479792 0.865253 0.145383 0.842316 0.500626 -0.199694 0.245568 -0.026646 0.969013
-35.237024 -40.401020 -5909.142126 3835.826941 0.661100 -0.511068 0.549324 0.728911 0.263918 -0.631693 0.177861 0.818020 0.546999
-39.017500 -42.696578 -2034.638933 -3408.306499 0.815628 -0.484262 0.316610 -0.530004 -0.405882 0.744551 0.232051 0.775080 0.587710
-31.561698 -41.771367 -7745.308630 -68.510439 0.373809 -0.570034 0.731662 0.897423 0.023008 -0.440571 0.234307 0.821299 0.520162
-14.491489 -109.224218 4096.044864 -5029.339845 0.989154 -0.041134 0.141003 -0.146879 -0.280125 0.948660 -0.000476 0.959082 0.283128
-9.855598 -110.471045 5044.893033 -3747.845397 0.988115 -0.060876 0.141147 -0.150969 -0.211544 0.965638 0.028925 0.975471 0.218220
-14.272792 -105.490229 3605.981344 -576.058258 0.987422 -0.046150 0.151223 -0.156535 -0.150751 0.976100 0.022250 0.987494 0.156079
-1.216974 -15.424206 1260.588079 -1463.049094 0.139559 -0.527447 0.838047 0.972607 0.231903 -0.016012 -0.185900 0.817325 0.545363
-3.099705 -14.034610 1720.897701 -1817.508208 -0.004114 -0.557256 0.830331 0.982112 0.154061 0.108261 -0.188251 0.815923 0.546654
-3.095679 -12.167038 1140.323910 -1746.108713 0.166913 -0.520147 0.837608 0.963076 0.268022 -0.025476 -0.211246 0.810932 0.545678
-1.929363 -13.671851 302.766931 -1904.001649 0.240021 -0.503353 0.830075 0.948596 0.303315 -0.090364 -0.206290 0.809095 0.550281
-442.121927 -6382.451157 211653.945103 2104455.175404 0.534405 0.838456 -0.106781 0.802202 -0.463343 0.376545 0.266240 -0.286888 -0.920224
-2139.418859 -4399.278458 265306.068343 2268321.656048 -0.257673 0.772752 -0.580051 0.881432 0.433921 0.186522 0.395831 -0.463214 -0.792938
-538.323803 -2555.844677 252751.469616 874420.563233 0.284554 0.925457 -0.250115 -0.854413 0.363145 0.371625 -0.434751 -0.107954 -0.894057
-6.852987 -5142.961272 88641.220731 3101174.343241 0.331630 0.934617 -0.128500 -0.899074 0.354364 0.257085 -0.285812 -0.030274 -0.957807
-17.165850 -329.296690 8063.873938 155478.784609 0.176201 0.947971 -0.265148 0.137518 -0.290427 -0.946964 0.974701 -0.130394 0.181536
-2.783700 -1745.596848 12724.034073 847082.832407 0.167727 0.978178 -0.122620 0.323429 -0.172097 -0.930471 0.931269 -0.116406 0.345236
-31.733977 -226.244474 8238.920074 110179.256362 0.206252 0.958362 -0.197492 0.115666 -0.224296 -0.967633 0.971639 -0.176733 0.157111
-27.183197 -56.093903 7988.606472 26503.877061 0.196350 0.971082 -0.135818 0.079368 -0.153800 -0.984909 0.977316 -0.182607 0.107272
-17.538189 -88.649916 7435.720385 41811.577904 0.179061 0.958283 -0.222780 0.071829 -0.238569 -0.968465 0.981212 -0.157412 0.111551
-51.639218 -83.664938 -1680.564462 -4689.295588 0.270809 0.941516 -0.200524 -0.123574 0.240586 0.962729 -0.954669 0.235936 -0.181500
-51.494728 -81.164792 -4221.499302 -2542.398553 0.315032 0.927355 -0.201909 -0.205627 0.274381 0.939379 -0.926538 0.254417 -0.277128
-54.157106 -80.998895 -3253.496877 -3902.725869 0.242249 0.945938 -0.215676 -0.227628 0.271506 0.935131 -0.943133 0.177441 -0.281094
-55.869206 -83.528789 2910.250117 -2876.280132 0.206971 0.952075 -0.225201 -0.140630 0.256746 0.956193 -0.968187 0.166234 -0.187029
51.561928 -10.599466 23640.326607 -3757.231283 0.199050 0.910620 -0.362146 0.978389 -0.163550 0.126514 0.055977 -0.379502 -0.923496
-26.121851 -73.810700 20526.731721 -39323.301960 0.709455 -0.594913 0.377826 0.699521 0.659631 -0.274876 0.085698 -0.459309 -0.884133
31.461410 -72.336425 27544.471577 -53497.955105 -0.122866 0.932694 -0.339097 0.991928 0.104625 -0.071634 -0.031335 -0.345161 -0.938020
34.433598 -34.865902 -1828.781845 -2414.614974 0.998534 0.005523 -0.053848 -0.012755 0.990778 -0.134891 -0.052607 -0.135380 -0.989396
25.320558 -28.713092 -2078.717289 -1943.602155 0.995476 0.027727 -0.090877 -0.044353 0.981473 -0.186395 -0.084026 -0.189582 -0.978263
29.758471 -31.490804 -1788.115288 -1507.914506 0.997664 -0.059603 -0.033388 0.052173 0.980225 -0.190887 -0.044105 -0.188699 -0.981044
33.393833 -36.141527 -979.141591 -2478.080435 0.997071 -0.075495 0.012227 0.076477 0.982986 -0.167005 -0.000589 -0.167451 -0.985880
48.804919 -57.729220 6420.132381 -850.114262 0.992556 0.107501 0.057243 -0.078751 0.207955 0.974963 -0.092906 0.972213 -0.214873
49.556367 -55.295703 -3582.253711 -1187.904717 0.983060 0.183042 0.009462 -0.058720 0.265619 0.962288 -0.173626 0.946542 -0.271868
50.223983 -56.874742 10463.427736 -962.404814 0.995559 0.073793 0.058454 -0.079111 0.319246 0.944364 -0.051026 0.944795 -0.323666
46.703994 -55.732343 -6991.170290 -252.885955 0.976885 0.213176 0.015859 -0.058186 0.193784 0.979317 -0.205694 0.957603 -0.201709
42.990373 -59.534511 9469.388402 -754.787771 0.995171 0.046956 0.086193 -0.091487 0.125647 0.987848 -0.035555 0.990963 -0.129337
44.499910 -57.371778 -4008.334603 -621.880612 0.981123 0.185150 0.055835 -0.079912 0.125238 0.988903 -0.176103 0.974697 -0.137670
-1.395213 -48.489500 -4083.505148 7025.347596 0.736575 -0.655964 -0.164827 0.674145 0.731720 0.100569 -0.054638 0.185194 -0.981182
-2.625876 -48.660211 -987.614657 -4037.724621 0.737200 -0.660659 -0.141654 0.675262 0.727704 0.120285 -0.023615 0.184327 -0.982581
-3.018124 -49.401147 -225.606655 8979.487573 0.744574 -0.653039 -0.138380 0.666771 0.737504 0.107252 -0.032017 0.172125 -0.984555
-3.392863 -46.654054 993.893713 2308.237861 0.708644 -0.693649 -0.129132 0.705554 0.697719 0.124018 -0.004073 0.178994 -0.983842
-4.434657 -51.778318 23.608042 11153.422292 0.742258 -0.657147 -0.131189 0.669862 0.732992 0.118354 -0.018385 0.175728 -0.984267
13.635174 -60.093614 -4615.203215 -651.899806 0.910485 -0.341213 -0.233646 0.372883 0.921680 0.107067 -0.178814 0.184606 -0.966409
11.614629 -59.703535 -3451.972208 1370.386642 0.920128 -0.325251 -0.218119 0.371345 0.901515 0.222200 -0.124366 0.285450 -0.950290
7.914942 -59.921498 -4165.006331 3234.576974 0.899776 -0.365542 -0.238292 0.412000 0.891579 0.187999 -0.143735 0.267333 -0.952824
4.717336 -58.784419 -5213.171477 1429.472966 0.872792 -0.410402 -0.264205 0.448177 0.888245 0.100786 -0.193316 0.206376 -0.959186
2.278931 -56.935079 -1787.928771 3435.855185 0.892240 -0.383164 -0.238941 0.434812 0.871792 0.225650 -0.121846 0.305228 -0.944452
4.398959 -54.853476 297.096005 -1031.417335 0.840519 -0.536744 -0.073710 0.512041 0.742536 0.431803 0.177036 0.400682 -0.898951
2.703481 -54.124426 550.567440 -1318.168768 0.824743 -0.560601 -0.074335 0.536922 0.734995 0.414121 0.177520 0.381456 -0.907181
3.769684 -62.384037 -1375.317738 -6665.490839 0.827084 -0.554906 -0.089502 0.528616 0.713800 0.459407 0.191041 0.427280 -0.883705
5.105453 -64.706492 -375.035898 -10424.065532 0.842040 -0.533682 -0.078437 0.503224 0.724829 0.470520 0.194254 0.435668 -0.878896
-9.981590 -111.578168 -5502.757451 6250.629430 0.928765 -0.362728 -0.076317 0.214079 0.692992 -0.688427 -0.302599 -0.623049 -0.721279
-16.835898 -116.728157 -4950.318099 10477.466683 0.930453 -0.360782 -0.063980 0.242968 0.738209 -0.629296 -0.274269 -0.569985 -0.774528
-15.410760 -117.322877 -8308.015847 2028.426865 0.930667 -0.349690 -0.107589 0.141399 0.614994 -0.775751 -0.337439 -0.706753 -0.621800
-9.696959 -117.727167 -6862.483794 123.560197 0.926899 -0.354885 -0.122125 0.104007 0.555539 -0.824960 -0.360611 -0.751953 -0.551839
-4.910890 -107.366811 -4550.072364 891.770228 0.926447 -0.364048 -0.095732 0.175066 0.641842 -0.746586 -0.333238 -0.674913 -0.658366
-18.558174 -138.749792 -3808.564289 -7469.603514 0.988307 0.150099 -0.026829 0.152254 -0.980996 0.120274 0.008266 0.122953 0.992378
-15.828334 -138.566546 -956.092347 -7847.042700 0.987622 0.154886 -0.024754 0.156525 -0.983398 0.091809 0.010123 0.094547 0.995469
-15.999237 -143.741791 -1633.909335 -1419.999912 0.986573 0.158841 -0.038001 0.155046 -0.984001 -0.087766 0.051334 -0.080696 0.995416
-18.007615 -142.363183 -1401.442931 -8515.332731 0.987647 0.142518 -0.065125 0.147718 -0.985492 0.083571 0.052270 0.092158 0.994372
-3.495863 -76.468751 702.720270 -4180.476304 0.935229 -0.308045 -0.174512 -0.238494 -0.183853 -0.953582 -0.261661 -0.933438 0.245412
-2.683718 -69.007768 362.936005 -4404.054524 0.932416 -0.310690 -0.184584 -0.279021 -0.294317 -0.914070 -0.229667 -0.903797 0.361115
-2.827056 -69.167491 1177.789112 -4587.402123 0.930452 -0.311532 -0.192888 -0.283393 -0.278157 -0.917778 -0.232265 -0.908612 0.347098
-3.828752 -69.574858 571.580743 -683.997733 0.928018 -0.319517 -0.191553 -0.265315 -0.205906 -0.941918 -0.261517 -0.924939 0.275857
-3.318090 -92.514981 1379.722348 273.023570 0.942324 -0.313125 -0.118228 -0.056879 0.198281 -0.978493 -0.329833 -0.928783 -0.169035
-4.427907 -85.446416 3382.823189 -2578.692959 0.945088 -0.287795 -0.154864 -0.145454 0.053938 -0.987894 -0.292664 -0.956172 -0.009116
-4.359150 -87.492374 28.218751 4315.038187 0.937576 -0.320188 -0.135764 -0.083070 0.172895 -0.981431 -0.337715 -0.931444 -0.135505
-5.008781 -82.668823 -1629.488964 -3817.663294 0.927543 -0.344349 -0.145219 -0.136079 0.050704 -0.989400 -0.348062 -0.937471 -0.000171
-5.886437 -90.060160 -141.455825 -65.858821 0.936402 -0.328598 -0.123186 -0.050284 0.221769 -0.973802 -0.347308 -0.918064 -0.191142
-11.271416 -67.200087 1145.242110 6952.514438 0.694848 -0.622037 -0.360911 0.308483 -0.195534 0.930916 0.649634 0.758180 -0.056021
-12.753459 -61.957355 3333.781999 -10445.065382 0.697805 -0.636501 -0.328534 0.415955 -0.013316 0.909288 0.583138 0.771161 -0.255464
-14.527815 -64.696281 3847.071081 210.897210 0.683865 -0.619155 -0.385974 0.392821 -0.133344 0.909896 0.614834 0.773865 -0.152028
-9.614305 -65.434888 -1829.442526 11436.217552 0.676681 -0.570637 -0.465269 0.347077 -0.310083 0.885091 0.649338 0.760409 0.011772
-6.844576 -64.122680 -1620.984894 7446.820073 0.691096 -0.599101 -0.404308 0.263139 -0.312441 0.912764 0.673160 0.737197 0.058280
-8.470291 -68.175902 143.536636 10195.015423 0.698912 -0.629524 -0.339443 0.245303 -0.234824 0.940577 0.671824 0.740647 0.009697
106.708353 -18.652743 22840.993522 -6029.298635 -0.628718 0.714535 -0.306845 -0.703880 -0.690642 -0.166032 0.330556 -0.111595 -0.937166
86.616184 -17.800638 27874.931994 -261.786962 -0.665414 0.717186 -0.207045 -0.701090 -0.695675 -0.156551 0.256313 -0.040986 -0.965725
72.372447 -24.761691 25811.439711 -6502.093036 -0.685473 0.711763 -0.153364 -0.698679 -0.702289 -0.136519 0.204875 -0.013572 -0.978694
115.027066 -18.491639 24390.214103 -2938.944536 -0.640229 0.681440 -0.354608 0.679856 0.717541 0.151430 0.357636 -0.144132 -0.922671
-42.042821 -148.602479 -3907.486652 -6043.030855 0.976810 -0.120715 -0.176833 -0.141349 0.256764 -0.956082 -0.160817 -0.958906 -0.233747
-43.488589 -147.500394 90.464877 -7258.783858 0.988500 -0.014042 -0.150569 -0.146721 0.152080 -0.977417 -0.036623 -0.988268 -0.148271
-39.806778 -135.406891 -1944.242689 -1620.873422 0.973328 -0.086922 -0.212312 -0.203998 0.095483 -0.974304 -0.104961 -0.991629 -0.075204
23.173256 -65.758263 -1426.124011 37.906706 0.976984 -0.096765 0.190101 0.030304 0.945111 0.325341 0.211148 0.312092 -0.926291
21.386457 -64.951719 6235.562711 1647.290753 0.952932 -0.174223 0.248127 0.075968 0.929505 0.360900 0.293512 0.325063 -0.898991
29.379290 -65.770400 569.360888 3202.093775 0.968985 -0.136964 0.205690 0.030942 0.893050 0.448893 0.245173 0.428606 -0.869590
34.850640 -65.182516 3688.054659 1038.499947 0.961471 -0.160449 0.223224 0.024708 0.859152 0.511123 0.273793 0.485915 -0.830015
31.385694 -66.069780 -5079.838551 1305.176512 0.982562 -0.076722 0.169368 -0.021421 0.858126 0.512992 0.184696 0.507675 -0.841519
26.244878 -66.434037 -7769.794237 1817.312211 0.986991 -0.052398 0.151996 -0.018892 0.901053 0.433297 0.159660 0.430532 -0.888342
144.795578 -42.477423 1579.963710 -16590.710082 -0.368734 0.436558 -0.820641 0.669991 0.736783 0.090905 0.644320 -0.516302 -0.564167
134.650551 -55.764628 -9365.895744 -21533.531241 -0.433680 0.421331 -0.796494 0.631266 0.772830 0.065098 0.642982 -0.474568 -0.601132
132.797831 -34.771128 -12501.642939 -9720.145466 -0.471976 0.511937 -0.717746 0.657265 0.746923 0.100543 0.587573 -0.424296 -0.689008
20.694781 -148.814353 11023.250741 5697.464896 -0.293683 -0.124907 0.947707 0.833319 -0.519184 0.189808 0.468326 0.845486 0.256563
24.689356 -131.870781 14636.351717 -16309.278200 -0.302133 -0.161439 0.939496 0.930154 -0.265632 0.253483 0.208638 0.950461 0.230419
38.507875 -140.700812 16834.059672 -17591.863202 -0.309450 -0.108514 0.944704 0.901934 -0.348231 0.255440 0.301257 0.931107 0.205632
3.235507 -281.537162 264.903064 2069.174931 -0.396461 0.042697 0.917058 0.395429 0.909448 0.128609 -0.828526 0.413619 -0.377444
1.868792 -270.305923 -176.589392 5735.091107 -0.376162 0.045485 0.925437 0.675878 0.696676 0.240483 -0.633791 0.715943 -0.292805
4.533407 -290.520502 -2983.267631 -4883.045502 -0.383020 0.049044 0.922437 0.503949 0.847988 0.164167 -0.774165 0.527741 -0.349512
4.671229 -316.281663 -3710.964299 23098.921992 -0.404414 0.018839 0.914382 0.229279 0.969949 0.081422 -0.885370 0.242577 -0.396580
7.824953 -304.639972 139.344185 13451.238885 -0.413606 0.008113 0.910420 0.079025 0.996506 0.027021 -0.907020 0.083122 -0.412803
-0.653483 -122.878707 3980.692044 17016.463203 -0.633130 -0.319990 0.704807 0.288497 0.747390 0.598480 -0.718273 0.582250 -0.380878
-15.826266 -97.310265 -7846.770635 13962.021031 0.632971 0.368371 -0.680919 0.399758 0.597690 0.694953 -0.662980 0.712088 -0.231061
-10.857524 -102.067867 -620.191337 13730.527664 0.628576 0.274678 -0.727629 0.406348 0.681728 0.608382 -0.663154 0.678084 -0.316903
-33.254720 -1308.422083 -57.248625 -677229.645430 0.637166 -0.172326 -0.751215 0.703667 -0.267582 0.658219 -0.314440 -0.948000 -0.049234
-99.921096 -1058.946563 -15683.977440 -590770.100473 0.512869 -0.100019 -0.852620 0.698585 -0.528620 0.482225 -0.498943 -0.842946 -0.201241
-430.490590 -141915.697683 -140973.451815 80046462.480034 0.676908 -0.035328 -0.735219 -0.544536 0.648027 -0.532487 -0.495253 -0.760798 -0.419417
97.100926 -4115.986583 52956.851599 -2036880.948759 0.398803 0.011580 -0.916964 0.867158 -0.330042 0.372974 -0.298318 -0.943895 -0.141663
-65.647649 -1517.959862 14146.902206 -554930.885594 0.499030 -0.136533 -0.855761 0.850911 0.264166 0.454056 0.164069 -0.954764 0.248005
11.795888 -43.516427 -15778.354963 4872.688954 0.830692 -0.486325 0.270996 0.556149 0.747153 -0.363952 0.025477 -0.453046 -0.891123
-9.989357 -49.292134 -3940.786644 3836.650176 0.772397 -0.543364 0.328874 0.634563 0.682249 -0.363134 0.027060 -0.489175 -0.871766
10.782699 -49.281324 -18847.604075 3720.688939 0.836080 -0.483568 0.259098 0.548243 0.719272 -0.426705 -0.019978 -0.498808 -0.866482
-17.032616 -50.467701 238.416216 -4414.633501 -0.602041 0.474007 0.642545 0.665294 -0.147179 0.731930 0.441509 0.868133 -0.226746
-20.501058 -45.890298 -1597.222538 -868.220705 -0.613076 0.459102 0.642933 0.690056 -0.085050 0.718742 0.384657 0.884303 -0.264664
-19.663771 -48.691729 -3536.133730 -4296.212770 -0.553922 0.452713 0.698728 0.708946 -0.183565 0.680955 0.436540 0.872556 -0.219268
-28.758870 -41.397424 506.552559 -428.168770 0.974873 -0.069937 0.211499 -0.221665 -0.398684 0.889896 -0.022085 0.914418 0.404169
-27.255777 -42.575703 389.803001 1129.287122 0.910368 -0.121150 0.395667 -0.412765 -0.333425 0.847616 -0.029237 0.934960 0.353546
-26.991146 -39.018843 -2360.197120 1138.181133 0.929988 -0.063323 0.362095 -0.356162 -0.398944 0.844981 -0.090949 0.914786 0.393567
-3.728233 -73.906396 -3744.551363 -2633.450731 0.787591 -0.557124 -0.263274 0.217636 -0.148217 0.964711 0.576485 0.817095 -0.004516
-0.351471 -71.680961 -2963.975931 -2855.092395 0.791041 -0.559177 -0.248145 0.201765 -0.144461 0.968722 0.577534 0.816366 0.001452
-4.298633 -72.872973 -2656.446124 -668.342884 0.782089 -0.552955 -0.287363 0.162045 -0.264813 0.950587 0.601729 0.790009 0.117504
-8.495431 -74.567721 -1409.799893 1214.779482 0.762982 -0.562791 -0.318002 0.179210 -0.288500 0.940559 0.621082 0.774618 0.119263
-7.597750 -74.934242 -1963.169454 3400.517859 0.769379 -0.547526 -0.329046 0.127309 -0.373345 0.918915 0.625978 0.748884 0.217539
-4.634788 -73.586058 -2349.873488 815.837640 0.778042 -0.548102 -0.306976 0.093826 -0.381785 0.919477 0.621166 0.744194 0.245618
-2.725950 -50.381507 -184.300107 6437.276607 0.898225 -0.375404 -0.228613 0.426068 0.871427 0.243067 -0.107971 0.315734 -0.942685
-0.548241 -55.726674 -2708.514790 5325.894560 0.879056 -0.405055 -0.251378 0.454960 0.870309 0.188608 -0.142380 0.280164 -0.949334
-0.159459 -50.681873 26.525703 3676.064521 0.917951 -0.333553 -0.214728 0.386389 0.874368 0.293572 -0.089830 0.352454 -0.931508
-75.970481 -683.393788 17421.999576 -362351.137068 0.262252 0.868645 -0.420333 -0.307222 -0.337760 -0.889681 0.914789 -0.362456 -0.178289
-24.463395 -1502.187173 39960.015413 -842139.562837 0.290615 0.913451 -0.284870 -0.185350 -0.238338 -0.953331 0.938716 -0.329853 -0.100044
-146.960401 -618.800723 78270.673258 -286036.345217 0.285255 0.892950 -0.348238 -0.258295 -0.278271 -0.925121 0.922991 -0.353844 -0.151267
95.402271 -928.950694 -93676.365331 -465306.854642 0.253364 0.863989 -0.435119 -0.240509 -0.379413 -0.893421 0.936996 -0.331011 -0.111668
-66.487324 -543.049845 -44741.439856 -207897.678507 0.255550 0.906567 -0.335904 -0.314003 -0.250776 -0.915704 0.914383 -0.339483 -0.220579
-151.437697 -439.672796 -41748.995394 -122755.854227 0.981909 -0.167105 -0.089054 0.073272 -0.098354 0.992450 0.174603 0.981021 0.084330
-220.671666 -426.522754 -68158.148642 -131732.472245 0.929923 -0.307704 -0.201398 0.231960 0.065805 0.970497 0.285373 0.949204 -0.132568
-138.351226 -410.384969 -47643.739431 -161652.851125 0.987632 -0.099100 -0.121499 0.141561 0.230464 0.962729 0.067405 0.968021 -0.241642
-100.388166 -244.089040 -36280.511543 -80656.498705 0.979776 -0.075498 -0.185308 0.198947 0.466697 0.861750 -0.021422 0.881189 -0.472279
-71.641985 -447.176025 -28222.763633 -200749.207040 0.996218 0.029200 -0.081838 0.070225 0.284105 0.956218 -0.051172 0.958348 -0.280980
-96.208045 -510.663882 -32195.923646 -187537.779788 0.999895 -0.007722 -0.012293 0.011797 -0.061270 0.998052 0.008460 0.998091 0.061172
-237.414926 -462.098911 -62358.661810 129034.602395 -0.007026 0.993859 0.110429 0.279683 0.107978 -0.954001 0.960067 -0.024182 0.278724
-173.274935 -459.110096 -40042.655969 127530.879736 0.156440 0.970453 0.183703 0.349151 0.119647 -0.929397 0.923916 -0.209535 0.320117
-186.710806 -346.777386 -55012.344026 74112.803902 0.155405 0.958186 0.240267 0.059636 0.233678 -0.970483 0.986049 -0.165147 0.020828
-67.175023 -112.560545 -551.673904 -12016.505489 0.935141 -0.164359 0.313844 0.005846 -0.878593 -0.477536 -0.354228 -0.448398 0.820647
-59.911466 -98.839351 1889.319216 8488.037480 0.851767 -0.486956 0.193307 0.322049 0.777657 0.539940 -0.413253 -0.397649 0.819205
-52.556305 -87.498401 -126.360300 13878.356126 0.716997 -0.678936 0.157991 0.544747 0.687147 0.480707 -0.434933 -0.258600 0.862531
62.188289 -78.908965 3718.486044 11937.836212 0.843382 -0.534573 -0.054207 -0.340934 -0.610384 0.714979 0.415295 0.584519 0.697042
51.229393 -65.239569 -12259.654711 -8848.215000 -0.765000 0.632830 0.119585 0.394760 0.607466 -0.689310 0.508860 0.480115 0.714528
-14.436390 -104.705419 2213.677369 28941.109361 0.972900 -0.226109 0.048367 -0.230800 -0.962294 0.143951 -0.013995 0.151213 0.988402
-17.488130 -181.681698 -16286.849506 -108961.732671 0.976190 -0.199521 0.085118 0.193537 0.978325 0.073640 -0.097966 -0.055413 0.993646
13.612644 -29.388168 706.225271 -1394.064359 0.147929 -0.349814 0.925066 -0.642244 0.677321 0.358831 -0.752091 -0.647199 -0.124470
12.193591 -26.009879 -2616.783549 -2233.854538 0.188325 -0.417807 0.888803 -0.665335 0.611405 0.428384 -0.722400 -0.672028 -0.162839
8.767068 -25.031081 -4042.276995 -1925.787264 0.089752 -0.347979 0.933196 -0.658268 0.682422 0.317778 -0.747414 -0.642815 -0.167814
6.783414 -19.833515 -8662.085083 -1497.418447 0.202513 -0.474880 0.856433 -0.661596 0.578439 0.477178 -0.721997 -0.663247 -0.197037
0.963839 -26.241269 10274.140044 3844.450067 0.581477 -0.572106 0.578429 0.570851 -0.219665 -0.791123 -0.579667 -0.790217 -0.198858
-1.352132 -30.549040 2464.726439 7471.391312 0.594023 -0.605931 0.529135 0.559740 -0.161096 -0.812858 -0.577778 -0.779035 -0.243469
14.187886 -39.616313 -12593.829608 2956.658797 0.571883 -0.631274 0.523873 0.508840 -0.227934 -0.830137 -0.643453 -0.741309 -0.190866
20.214693 -58.607216 -10963.113533 8470.401042 0.540486 0.180692 0.821721 0.650457 0.529734 -0.544323 -0.533648 0.828693 0.168781
-0.858657 -50.726468 -2146.121854 1772.599933 0.283145 0.008334 0.959041 0.864885 0.429941 -0.259083 -0.414490 0.902818 0.114528
3.275373 -43.604326 -3847.858880 4842.177524 0.422012 0.094799 0.901620 0.781958 0.465177 -0.414913 -0.458746 0.880127 0.122182
-3.264491 -59.827327 334.457648 285.786165 0.306650 -0.015723 0.951692 0.839448 0.475768 -0.262623 -0.448656 0.879430 0.159093
-15.091152 -76.860875 -5327.860272 1081.407004 0.729162 -0.682050 -0.055953 0.093616 0.180407 -0.979127 -0.677908 -0.708704 -0.195397
-13.835581 -69.099271 -5281.243588 -4462.413661 0.726561 -0.683793 -0.067357 0.162363 0.266115 -0.950169 -0.667643 -0.679419 -0.304372
-18.630820 -73.370612 -2177.335029 -7515.881245 0.750847 -0.657316 -0.064537 0.100496 0.210275 -0.972463 -0.652786 -0.723685 -0.223942
19.224667 -60.888414 7043.817161 11040.528531 -0.694608 0.719054 -0.021920 -0.476449 -0.482653 -0.734876 0.538995 0.500007 -0.677847
3.537037 -64.974799 1176.517708 8885.576358 -0.680217 0.732931 -0.010769 -0.477120 -0.453862 -0.752573 0.556472 0.506775 -0.658421
16.352862 -52.916236 7963.733480 3037.696195 -0.708700 0.705193 -0.021156 -0.490845 -0.514382 -0.703194 0.506770 0.487969 -0.710683
40.742944 -52.797165 18267.583112 3738.971907 -0.713285 0.699385 -0.045660 -0.473623 -0.529007 -0.704154 0.516629 0.480637 -0.708577
31.667301 -59.836486 17637.829188 13652.448566 -0.722821 0.690469 -0.027967 -0.459286 -0.510256 -0.727114 0.516320 0.512729 -0.685947
2.404552 -84.481533 1148.798023 -12802.979449 0.878414 -0.472711 -0.070234 -0.298092 -0.427094 -0.853658 -0.373537 -0.770801 0.516077
3.118508 -76.036499 -216.298512 -6578.685034 0.866151 -0.492637 -0.084216 -0.345502 -0.468457 -0.813127 -0.361125 -0.733388 0.575961
1.695181 -80.481028 181.158718 -12857.585042 0.873655 -0.480839 -0.074301 -0.304571 -0.421393 -0.854204 -0.379425 -0.768909 0.514602
1.591607 -85.690950 306.031497 -4826.759979 0.879697 -0.472665 -0.052167 -0.227339 -0.321664 -0.919157 -0.417673 -0.820439 0.390422
57.346649 -99.221370 8657.609004 -7500.907195 0.804124 -0.583740 -0.112396 0.480875 0.749901 -0.454322 0.349491 0.311282 0.883719
31.453696 -93.424357 6894.076741 -1070.930045 0.708698 -0.678162 -0.194531 0.550646 0.704068 -0.448416 0.441062 0.210674 0.872399
42.293190 -94.894239 6333.924028 -3915.258129 0.766018 -0.624869 -0.150849 0.536181 0.750543 -0.386257 0.354579 0.214997 0.909972
-5.633024 -62.605844 -740.209154 -2189.885982 0.831496 -0.552792 0.055091 0.554894 0.831195 -0.034755 0.026579 -0.059468 -0.997876
-7.372468 -62.023734 666.066010 -121.020419 0.824656 -0.560852 0.073400 0.565634 0.817911 -0.105260 0.000999 -0.128321 -0.991732
-6.675033 -59.028195 2.293789 -1008.034045 0.833838 -0.547171 0.072926 0.551751 0.830185 -0.079776 0.016891 -0.106757 -0.994142
16.276310 -56.633102 -10039.432052 532.794485 0.924782 -0.132002 0.356867 0.132815 0.990889 0.022346 -0.356565 0.026733 0.933888
7.593005 -57.136244 -4318.831809 -725.419009 0.920328 -0.157776 0.357915 0.161994 0.986621 0.018378 -0.356026 0.041066 0.933573
13.592367 -57.367198 -9848.192495 -1404.073053 0.920345 -0.153287 0.359818 0.181892 0.982203 -0.046814 -0.346238 0.108533 0.931847
25.200787 -56.537040 -7647.632756 1182.635841 0.941333 -0.130358 0.311286 0.139682 0.990166 -0.007746 -0.307215 0.050773 0.950285
6.631755 -59.102488 -5288.132809 1070.694248 0.826008 -0.193977 0.529229 0.139577 0.980067 0.141372 -0.546103 -0.042906 0.836619
0.537349 -60.455435 -4453.604010 1096.497403 0.820964 -0.211050 0.530543 0.098910 0.967698 0.231898 -0.562348 -0.137904 0.815320
-5.374852 -57.974453 -4043.141391 87.653772 0.827352 -0.188219 0.529209 0.131806 0.980933 0.142817 -0.546000 -0.048407 0.836386
-0.588380 -58.079924 -3984.723606 321.182940 0.827963 -0.176011 0.532445 0.178677 0.982783 0.047033 -0.531556 0.056194 0.845157
73.742957 -13.614348 5839.357313 2628.548012 0.993348 -0.093800 0.066787 0.094737 0.336076 -0.937058 -0.065451 -0.937152 -0.342727
