14562
29116
-41.848165 -64.761623 -166.417033 8387.299512 -0.246265 0.961830 -0.119319 0.919212 0.192758 -0.343357 0.307252 0.194236 0.931595
-47.256993 -69.924131 -1176.409351 5831.774404 0.149252 -0.961481 0.230819 0.969338 0.096187 -0.226124 0.195212 0.257491 0.946356
-52.118171 -85.716248 1129.478613 9080.543891 0.546911 -0.835350 0.055483 0.822909 0.524211 -0.219140 0.153974 0.165508 0.974115
-34.234009 -53.434581 688.653372 5719.427282 0.139276 0.941844 -0.305831 0.922244 -0.235850 -0.306335 0.360650 0.239386 0.901458
-40.444907 -76.330317 -3059.734257 13590.817052 -0.474678 0.879784 0.025696 0.820302 0.452790 -0.349408 0.319038 0.144778 0.936618
-31.710683 -54.212500 -3013.825129 8615.473987 -0.250653 0.967349 -0.037524 0.860594 0.204905 -0.466254 0.443341 0.149161 0.883855
-27.662051 -71.323399 915.560474 -6786.505787 -0.142894 -0.978366 -0.149603 0.981094 -0.120086 -0.151768 0.130519 -0.168461 0.977029
-26.527497 -87.567595 1514.986936 -1659.494887 0.038016 0.994520 0.097386 0.975901 -0.015993 -0.217629 0.214879 -0.103312 0.971161
-22.399922 -62.242911 4640.050917 -16979.670899 0.231483 0.971403 0.052834 0.971382 -0.233767 0.042080 -0.053228 -0.041581 0.997716
12.236765 -86.549803 -11627.754456 -2560.723555 0.092842 0.923461 -0.372291 -0.834915 -0.131516 -0.534435 0.542492 -0.360449 -0.758801
0.392105 -81.859970 -10921.607628 -774.153033 0.155737 0.933090 -0.324173 -0.742027 -0.106116 -0.661918 0.652029 -0.343630 -0.675852
25.101075 -90.351609 -10910.024749 -733.116955 0.122649 0.941633 -0.313503 -0.749512 -0.119175 -0.651176 0.650530 -0.314840 -0.691148
32.241689 -96.558072 -9591.230375 -2481.240862 0.029165 0.941887 -0.334660 -0.863035 -0.145185 -0.483831 0.504302 -0.302934 -0.808647
29.420903 -47.569391 1971.216474 653.276264 -0.364892 0.928429 0.069811 0.416423 0.229806 -0.879648 0.832734 0.291905 0.470473
24.014338 -47.118983 3177.292012 75.925455 -0.409255 0.911439 0.042298 0.460351 0.246288 -0.852888 0.787773 0.329577 0.520377
25.800200 -47.335867 4884.434304 490.202181 -0.427415 0.902831 0.047030 0.344884 0.210919 -0.914641 0.835686 0.374712 0.401522
29.491466 -47.672949 945.368317 -57.299043 -0.355285 0.931106 0.082548 0.314753 0.202317 -0.927361 0.880172 0.303495 0.364948
5.237560 -50.654806 -2907.820846 -1265.956029 0.952301 -0.302721 -0.038509 0.201307 0.528349 0.824817 0.229344 0.793226 -0.564087
12.911168 -62.909784 -4982.366605 -7528.474520 0.945688 -0.316341 -0.074850 0.217897 0.445988 0.868110 0.241236 0.837271 -0.490695
1.997677 -63.453569 -3075.186774 -5870.604195 0.958869 -0.282523 -0.027422 0.166288 0.480812 0.860911 0.230042 0.830061 -0.508016
-4.495378 -52.422495 -2526.522549 -1431.746531 0.966046 -0.257714 0.018379 0.143731 0.595164 0.790646 0.214699 0.761159 -0.611998
1.883749 -45.804868 -2005.290565 384.139007 0.962729 -0.269998 0.015915 0.167040 0.639831 0.750143 0.212720 0.719526 -0.661085
7.458938 -43.770367 -5171.595132 2837.992130 0.183546 0.977045 -0.108138 -0.604145 0.025341 -0.796471 0.775448 -0.211520 -0.594928
3.698022 -38.423875 -4033.453873 3023.521529 0.190274 0.975013 -0.114650 -0.680497 0.046813 -0.731254 0.707615 -0.217158 -0.672401
-1.940575 -45.126024 -3460.452000 2739.891193 0.145920 0.977033 -0.155288 -0.617525 -0.032678 -0.785872 0.772897 -0.210569 -0.598574
-3.057115 -48.553528 -4993.593666 2186.636957 0.161493 0.975296 -0.150721 -0.530278 -0.043047 -0.846730 0.832301 -0.216665 -0.510227
-9.614814 -49.501785 -1226.280778 2449.910345 0.070328 0.971289 -0.227272 -0.550794 -0.152144 -0.820657 0.831673 -0.182895 -0.524280
-7.626021 -48.322372 294.802026 2423.345106 0.035888 0.976993 -0.210228 -0.599834 -0.147197 -0.786468 0.799319 -0.154327 -0.580751
-5.345235 -91.348484 -1039.926576 -3390.280976 0.136995 0.932151 0.335151 0.344028 0.272507 -0.898546 0.928912 -0.238398 0.283354
-7.447136 -84.806653 -1759.958525 -1856.010897 0.119037 0.920255 0.372774 0.524676 0.260440 -0.810485 0.842938 -0.292063 0.451834
-4.575916 -87.323708 -1164.345003 -1584.936690 0.136528 0.917898 0.372591 0.547263 0.243626 -0.800718 0.825750 -0.313226 0.469070
-6.510300 -89.721774 -1595.994231 3458.675445 0.091711 0.913687 0.395937 0.681316 0.232401 -0.694117 0.726222 -0.333416 0.601195
-4.917735 -93.611536 -1435.828022 -3516.167787 0.164239 0.926721 0.337955 0.354543 0.264254 -0.896922 0.920502 -0.267129 0.285162
-5.240486 -98.855812 361.474403 -2521.696278 0.148599 0.925776 0.347646 0.493824 0.235109 -0.837175 0.856771 -0.296079 0.422234
-3.423924 -98.920454 -293.661177 3970.535087 0.119290 0.913574 0.388783 0.678627 0.210806 -0.703581 0.724731 -0.347769 0.594829
-3.296787 -93.295966 -653.018400 4351.217899 0.098509 0.912135 0.397877 0.709465 0.215996 -0.670824 0.697822 -0.348362 0.625851
-16.566061 -65.143743 1329.893147 10215.709558 0.256398 0.966569 0.002050 0.897340 -0.237245 -0.372152 0.359224 -0.097259 0.928170
-18.892727 -71.994383 1136.443290 6864.091165 0.246709 0.969086 0.002622 0.945626 -0.240143 -0.219369 0.211957 -0.056600 0.975639
-21.369363 -67.278898 218.699857 10862.485107 0.141363 0.984418 0.104580 0.923449 -0.093060 -0.372265 0.356733 -0.149199 0.922216
-15.590175 -53.202253 -611.505312 4760.772272 0.155807 0.983169 0.095412 0.893266 -0.099007 -0.438490 0.421663 -0.153548 0.893657
-15.617461 -54.995330 -866.348286 7810.510928 0.006778 0.978699 0.205187 0.910584 0.078760 -0.405750 0.413268 -0.189591 0.890654
-17.907488 -61.580717 -6472.170135 7392.882681 0.918109 0.077564 0.388664 -0.182825 -0.787204 0.588970 -0.351640 0.611796 0.708558
-25.685343 -81.900542 -4244.954493 7642.785712 0.872161 -0.102564 0.478346 -0.427543 -0.635044 0.643371 -0.237784 0.765637 0.597711
-12.735278 -70.162644 -9557.450502 7876.795791 0.869600 0.033316 0.492632 -0.339969 -0.683150 0.646318 -0.358075 0.729517 0.582741
0.127444 -52.182149 -8376.547684 6388.142814 0.905172 0.127154 0.405581 -0.176552 -0.755517 0.630891 -0.386643 0.642671 0.661424
9.052073 -40.885686 -2235.211962 -883.816543 -0.113198 0.986533 0.118065 0.966222 0.081613 0.244447 -0.231519 -0.141748 0.962448
9.627920 -38.508492 850.577042 1971.841837 0.139812 -0.985543 -0.095694 0.985815 0.129482 0.106787 -0.092853 -0.109267 0.989666
6.121825 -42.280874 2224.514492 321.697858 0.107131 -0.984715 -0.137331 0.985084 0.086419 0.148803 -0.134660 -0.151224 0.979284
10.833282 -40.718395 -6.665297 47.812228 -0.100561 0.992465 0.070008 0.972337 0.083124 0.218292 -0.210827 -0.090023 0.973369
28.003759 -130.323105 -8801.624007 11442.186248 0.791850 -0.467527 0.392929 0.350198 0.874707 0.335036 -0.500336 -0.127695 0.856363
21.705982 -118.562542 -5272.012188 10518.907580 0.823150 -0.439412 0.359640 0.429664 0.896088 0.111427 -0.371231 0.062803 0.926414
56.386242 -121.897769 -13922.563825 12419.139497 0.865190 -0.326521 0.380566 0.227600 0.931970 0.282187 -0.446816 -0.157529 0.880648
57.949027 -121.697270 -16260.952328 -3531.522819 0.805589 -0.414055 0.423774 0.125784 0.818480 0.560596 -0.578969 -0.398306 0.711440
55.456710 -114.602084 -6689.461444 13914.270700 0.948252 -0.171395 0.267285 0.113661 0.969244 0.218284 -0.296477 -0.176608 0.938568
105.237722 -111.488841 -24548.621475 2708.695145 0.907149 -0.153996 0.391620 0.073639 -0.858180 -0.508039 -0.414317 -0.489706 0.767157
-1.995556 -106.283791 805.935377 -9405.195115 -0.001392 0.921569 0.388212 0.778293 -0.242760 0.579074 -0.627899 -0.302949 0.716913
-1.266584 -94.266992 -560.398384 -2332.988601 -0.070368 0.937023 0.342106 0.640350 -0.220531 0.735743 -0.764853 -0.270841 0.584504
-0.496932 -94.246938 856.835522 -2886.299778 -0.041281 0.938111 0.343866 0.636102 -0.240725 0.733093 -0.770500 -0.248997 0.586797
0.143916 -113.001011 649.202968 -11441.409961 0.010946 0.923117 0.384363 0.780946 -0.247957 0.573272 -0.624503 -0.293891 0.723619
-0.209818 -129.311945 78.993007 -11037.991757 0.031418 0.910877 0.411481 0.915161 -0.191737 0.354565 -0.401861 -0.365432 0.839623
-1.602105 -120.023470 224.774573 -12976.242034 0.018504 0.910842 0.412341 0.881559 -0.209435 0.423072 -0.471710 -0.355674 0.806836
-6.764362 -88.663212 1739.859609 -2574.952649 -0.043244 0.881688 0.469847 -0.873995 -0.261221 0.409752 -0.484008 0.392925 -0.781887
0.018888 -94.956207 1221.422191 -4187.397519 -0.061509 0.885998 0.459592 -0.779119 -0.330427 0.532720 -0.623851 0.325310 -0.710622
-2.161125 -88.399344 2105.371627 -4095.953770 -0.073546 0.868332 0.490500 -0.893510 -0.275835 0.354337 -0.442980 0.412207 -0.796150
-7.684628 -86.297407 1954.116898 903.405491 -0.060218 0.869486 0.490274 0.949146 0.201935 -0.241546 -0.309024 0.450796 -0.837429
-10.281778 -85.211663 1531.237374 290.664342 -0.028394 0.886630 0.461607 0.935963 0.185714 -0.299137 -0.350951 0.423554 -0.835126
-5.422425 -133.510212 1005.254459 15699.876999 -0.745794 0.285675 -0.601814 0.213987 0.958243 0.189686 0.630873 0.012686 -0.775783
-8.095673 -140.655761 2194.287589 13704.789850 -0.743097 0.293457 -0.601406 0.380416 0.924623 -0.018871 0.550536 -0.242807 -0.798720
-4.850309 -140.517435 878.283746 22157.494638 -0.745924 0.302538 -0.593354 0.307316 0.946715 0.096373 0.590893 -0.110460 -0.799152
-2.069332 -120.730683 -684.550900 13246.932504 -0.734358 0.306936 -0.605399 0.191693 0.949392 0.248814 0.651131 0.066668 -0.756031
-5.368696 -121.179217 1369.646383 -2124.576820 -0.744353 0.264625 -0.613117 0.081969 0.947397 0.309387 0.662737 0.180036 -0.726889
18.114953 -53.342917 -6562.077319 -5230.296505 0.799483 0.600491 -0.015399 0.567573 -0.746765 0.346704 -0.196693 0.285924 0.937848
16.593260 -58.055399 -7558.280032 -8731.241041 0.821639 0.569548 0.022920 0.539696 -0.790254 0.290217 -0.183405 0.226083 0.956686
6.408600 -51.644532 -6258.808060 -4200.322417 0.851178 0.524146 0.027704 0.481943 -0.801370 0.354311 -0.207912 0.288230 0.934717
26.919928 -67.419333 -5714.165296 -10047.588284 0.784690 0.619334 -0.026210 0.608893 -0.762154 0.219935 -0.116238 0.188540 0.975162
24.212360 -52.787033 55.588034 -4871.238556 0.772687 0.623282 -0.120307 0.626492 -0.718231 0.302740 -0.102285 0.309295 0.945449
16.507500 -41.820321 -820.904698 -1792.703362 0.810094 0.581616 -0.073963 0.558264 -0.726649 0.400402 -0.179135 0.365654 0.913350
-35.137611 -188.723079 13214.410739 -102174.249839 0.710730 -0.424504 0.560945 0.425797 -0.375140 -0.823387 -0.559964 -0.824055 0.085871
66.843876 -2803.553249 -6914.742619 -1216384.098744 0.681171 -0.534958 0.499826 0.450056 -0.232514 -0.862199 -0.577457 -0.812255 -0.082379
-14.187075 -420.638861 10598.588869 -186844.455742 0.722680 -0.467601 0.509001 0.324866 -0.420214 -0.847280 -0.610078 -0.777669 0.151773
-1.202474 -132.885042 607.066195 17763.142966 -0.713787 0.493160 -0.497295 0.585483 0.809828 -0.037272 0.384342 -0.317762 -0.866781
-3.369522 -136.473202 330.042660 16712.874866 -0.709834 0.490864 -0.505161 0.582293 0.812471 -0.028739 0.396322 -0.314551 -0.862546
-2.234139 -178.116094 -461.402719 24133.360198 0.693066 -0.499189 0.520067 0.680816 0.690407 -0.244597 0.236958 -0.523592 -0.818354
-12.722387 -44.151205 232.801658 1109.139937 0.351302 0.896370 0.270386 -0.875390 0.416899 -0.244721 0.332084 0.150722 -0.931130
-5.408123 -37.316909 -1591.096314 -5715.912193 0.375981 0.889577 0.259406 0.906488 -0.411150 0.096095 0.192139 0.199019 -0.960976
-13.226015 -45.743741 -1468.532375 3486.165006 0.199731 0.954666 0.220726 -0.938492 0.251140 -0.236985 0.281675 0.159816 -0.946107
-22.737129 -33.166364 2536.083618 -586.498308 -0.036215 0.911383 -0.409963 -0.200129 -0.408536 -0.890532 0.979100 -0.049794 -0.197189
-26.527618 -36.492946 2426.170785 -1093.803878 -0.059329 0.799011 -0.598382 -0.265109 -0.590524 -0.762233 0.962391 -0.113414 -0.246860
-20.828163 -34.643046 2615.287083 -678.238901 -0.078451 0.885094 -0.458753 -0.273449 -0.461626 -0.843876 0.958682 -0.059242 -0.278243
-16.508782 -31.525752 2076.363672 -383.505632 -0.061372 0.960080 -0.272911 -0.221545 -0.279709 -0.934174 0.973217 -0.003130 -0.229867
-1.730555 -43.018085 -440.564901 -187.867064 0.036991 0.948126 -0.315736 0.134490 0.308355 0.941716 -0.990224 0.077298 0.116107
0.349015 -44.294266 -1394.357466 523.272600 0.021942 0.947652 -0.318551 0.098682 0.315019 0.943941 -0.994877 0.052147 0.086604
0.427292 -42.584222 -1160.464607 -2126.716905 0.023108 0.944172 -0.328642 0.138220 0.322556 0.936404 -0.990132 0.067064 0.123050
-1.186160 -40.439587 -1009.938766 402.841913 0.020701 0.938880 -0.343621 0.245045 0.328447 0.912182 -0.969291 0.103085 0.223269
-9.442369 -30.841336 316.244567 663.988146 0.070075 0.936901 -0.342499 0.240262 -0.349087 -0.905766 0.968175 0.018818 0.249564
-12.467469 -31.398741 -1443.343748 287.394673 0.158931 0.875497 -0.456340 0.159202 -0.478892 -0.863317 0.974369 -0.064558 0.215491
-12.981963 -28.270972 652.549453 213.672539 0.059161 0.934953 -0.349805 0.162470 -0.354764 -0.920731 0.984938 0.002362 0.172889
-11.186435 -28.798042 1794.365549 1064.568574 0.022582 0.961550 -0.273701 0.188637 -0.272952 -0.943352 0.981787 0.030327 0.187547
-78.150001 -1079.375649 9990.734856 322811.211254 0.064867 0.070888 -0.995373 -0.605974 0.795299 0.017149 0.792835 0.602058 0.094545
-13.819349 -239.920075 -3316.491183 -65789.991775 0.043228 -0.172964 0.983979 0.806147 -0.575728 -0.136617 0.590134 0.799138 0.114547
-21.669930 -241.598560 -1055.934456 -68009.597387 -0.046049 -0.173483 0.983760 0.874026 -0.483846 -0.044412 0.483693 0.857786 0.173909
-104.473178 -456.931566 -3260.662456 -140444.877533 -0.332050 -0.025898 0.942906 0.831939 -0.479147 0.279813 0.444544 0.877353 0.180646
19.785002 -33.882401 -6972.509462 -5048.422294 -0.343364 0.888089 -0.305612 0.862762 0.169668 -0.476292 -0.371137 -0.427212 -0.824467
35.296358 -45.088372 -3305.837635 -1205.377956 -0.326095 0.921505 -0.210926 -0.864287 -0.200230 0.461428 -0.382975 -0.332770 -0.861739
26.522896 -34.999957 -2541.664517 425.753763 -0.454566 0.875287 -0.165051 -0.740322 -0.268237 0.616419 -0.495271 -0.402394 -0.769926
31.360324 -53.082932 -7047.075335 -4514.538560 -0.242654 0.911116 -0.333147 0.920136 0.107356 -0.376595 -0.307356 -0.397923 -0.864401
8.061450 -27.988804 -4487.654674 -1449.612879 -0.572382 0.806051 -0.150537 0.676751 0.360704 -0.641795 -0.463020 -0.469227 -0.751956
2.266617 -27.564740 -8535.806906 -8064.310581 -0.344948 0.869309 -0.353995 0.868418 0.152467 -0.471809 -0.356176 -0.470165 -0.807517
50.514513 -46.607106 37681.213091 -363.055982 0.778186 -0.525806 -0.343446 -0.429180 -0.045981 -0.902048 -0.458511 -0.849361 0.261447
-3.202141 -50.406418 23617.431220 -1805.372417 0.674957 -0.555185 -0.486007 -0.490905 0.153860 -0.857519 -0.550859 -0.817372 0.168694
59.465287 -42.600305 28505.465373 -2082.990335 0.735080 -0.589163 -0.335475 -0.392645 0.033444 -0.919082 -0.552709 -0.807321 0.206748
11.040608 -48.337784 24875.875543 -1237.062324 0.674811 -0.542243 -0.500603 -0.459447 0.222161 -0.859973 -0.577528 -0.810319 0.099215
63.488346 -39.958697 23815.158341 1211.266290 0.691436 -0.639285 -0.336499 -0.321788 0.144495 -0.935721 -0.646815 -0.755272 0.105805
76.992370 -33.732750 -5278.661894 1563.212466 -0.518502 0.825779 0.221912 0.358559 -0.025630 0.933155 -0.776268 -0.563411 0.282801
27.232489 -46.274297 3518.369588 203.102218 0.121412 0.841035 0.527180 0.854938 0.181242 -0.486038 -0.504322 0.509717 -0.697028
13.068887 -45.464084 6498.700432 843.948831 0.153324 0.791443 0.591701 0.861072 0.186768 -0.472941 -0.484816 0.582010 -0.652853
23.853719 -47.255533 6873.576089 -876.526460 0.168997 0.805996 0.567283 -0.805752 -0.218495 0.550476 -0.567630 0.550118 -0.612508
-6.884255 -55.975677 -810.359222 -4254.483659 0.277267 0.903302 0.327367 0.451568 -0.423264 0.785451 -0.848062 0.069951 0.525259
-7.748802 -58.509249 -1282.553302 -7885.076713 0.249764 0.917795 0.308658 0.340761 -0.381680 0.859187 -0.906366 0.109416 0.408079
-6.550725 -55.875072 -654.718318 -2639.059097 0.266028 0.905089 0.331727 0.484634 -0.423052 0.765609 -0.833282 0.042907 0.551181
-6.769468 -57.653845 -95.220819 6345.253768 0.283425 0.911365 0.298469 0.616226 -0.411549 0.671485 -0.734803 0.006391 0.678250
0.907473 -47.717209 -387.195083 2189.904719 0.215881 0.969943 0.112278 -0.717721 0.079668 0.691758 -0.662021 0.229922 -0.713348
0.361644 -47.004479 -319.471646 2370.535705 0.227956 0.967953 0.105371 -0.706730 0.090047 0.701729 -0.669753 0.234432 -0.704608
0.807206 -51.730532 -943.451753 4806.689673 0.203587 0.972312 0.114725 -0.747424 0.078663 0.659674 -0.632384 0.220050 -0.742744
6.718330 -113.543583 -5740.697566 -181.975853 0.023983 0.858398 0.512423 0.397941 -0.478410 0.782794 -0.917097 -0.185141 0.353065
3.782452 -109.564206 -4343.405733 1431.204165 0.017928 0.882333 0.470284 0.616832 -0.379941 0.689321 -0.786891 -0.277728 0.551063
-2.866156 -126.355734 -1946.175062 656.024834 0.044911 0.874729 0.482527 0.431316 -0.452654 0.780430 -0.901083 -0.173071 0.397614
-6.256635 -124.692922 8.544450 -1764.729061 0.079265 0.879803 0.468683 0.290652 -0.470131 0.833366 -0.953540 -0.070166 0.292982
-4.682853 -120.263070 874.840629 -5338.514065 0.092786 0.866060 0.491253 0.120085 -0.499514 0.857942 -0.988418 0.020613 0.150349
-0.616465 -116.973613 -2001.031178 -184.579945 0.066866 0.856793 0.511306 0.197360 -0.513686 0.834971 -0.978048 -0.045080 0.203445
5.559093 -147.277089 -1614.301417 10550.890316 0.305492 0.908056 0.286546 0.066873 -0.320649 0.944834 -0.949843 0.269478 0.158681
3.538506 -161.072081 511.710601 3022.765267 0.362433 0.898878 0.246294 -0.118560 -0.217649 0.968800 -0.924438 0.380326 -0.027688
3.746736 -146.152582 -185.498834 12259.367091 0.354743 0.888464 0.291187 0.239526 -0.387409 0.890248 -0.903761 0.246062 0.350241
4.507462 -125.340356 -966.235899 13110.021264 0.335594 0.881021 0.333435 0.357340 -0.446568 0.820296 -0.871599 0.156136 0.464690
5.748716 -128.162220 59.686903 10824.678665 0.331828 0.892732 0.304828 0.236144 -0.391458 0.889380 -0.913305 0.223138 0.340710
73.811334 -42.459339 3202.669862 2226.431359 0.486185 0.675406 0.554482 -0.681600 0.690179 -0.243051 -0.546850 -0.259767 0.795912
71.172085 -45.230275 14199.377332 -776.887097 0.542325 0.736280 0.404692 0.718611 -0.656063 0.230608 -0.435295 -0.165751 0.884898
76.819317 -44.288839 -1788.215882 605.120876 0.452764 0.639219 0.621614 -0.744642 0.654542 -0.130705 -0.490421 -0.403702 0.772342
64.226013 -43.037893 -14513.884622 2282.312664 0.353835 0.553722 0.753785 -0.675110 0.708978 -0.203903 -0.647323 -0.436740 0.624685
64.212358 -43.719141 -22140.000001 755.068765 0.315722 0.470303 0.824096 -0.737708 0.667891 -0.098533 -0.596747 -0.576833 0.557814
77.073629 -43.212833 20653.379833 1463.674015 -0.365636 -0.484317 -0.794825 0.783938 -0.620592 0.017522 -0.501748 -0.616687 0.606585
9.763142 -72.321284 -656.400378 6570.346584 0.131317 0.904896 0.404869 0.897931 -0.281638 0.338232 -0.420091 -0.319129 0.849518
12.651159 -82.018755 -2602.608934 8254.657472 0.071835 0.897413 0.435304 0.828116 -0.296918 0.475461 -0.555934 -0.326328 0.764491
13.637685 -81.498818 -687.381364 3200.192099 0.164583 0.897453 0.409255 0.846675 -0.341397 0.408153 -0.506017 -0.279331 0.816040
10.903315 -77.236637 -962.416002 521.020480 0.195292 0.891640 0.408459 0.907837 -0.321927 0.268692 -0.371071 -0.318341 0.872333
13.695449 -84.602589 -1063.836133 779.324978 0.220481 0.885439 0.409129 0.884425 -0.358361 0.298948 -0.411316 -0.295932 0.862116
15.255397 -85.514555 1916.605923 548.859963 0.240781 0.894024 0.377817 0.774005 -0.411740 0.481026 -0.585611 -0.176610 0.791119
3.459856 -51.351207 1485.244860 704.673334 0.403393 0.888286 0.219593 -0.508702 0.417191 -0.753110 0.760590 -0.192092 -0.620165
3.475835 -52.329353 1720.485159 831.412834 0.405988 0.888622 0.213363 -0.511062 0.414315 -0.753099 0.757621 -0.196707 -0.622348
2.633731 -50.473184 1269.722110 934.046748 0.374877 0.908323 0.185518 -0.624923 0.395400 -0.673149 0.684790 -0.136414 -0.715859
4.082434 -47.872428 536.342455 765.122659 0.380647 0.910747 0.160150 -0.652303 0.387209 -0.651590 0.655446 -0.143559 -0.741473
44.070994 -39.250536 -18313.846059 2179.817731 0.259673 0.461918 0.848058 -0.626742 0.748719 -0.215904 -0.734687 -0.475449 0.483925
35.590333 -41.082815 -18616.548358 487.393625 0.265831 0.425628 0.864971 -0.703122 0.699438 -0.128084 -0.659510 -0.574132 0.485200
11.254411 -39.309888 -9803.902841 1607.596804 0.282805 0.439034 0.852801 -0.649860 0.741638 -0.166300 -0.705481 -0.507171 0.495050
0.324154 -133.876194 -121.213909 -8222.928482 0.622537 0.715560 -0.316894 0.780340 -0.536891 0.320650 0.059307 -0.446901 -0.892615
2.334854 -135.690643 -1239.349736 -8383.029461 0.632780 0.706273 -0.317441 0.764934 -0.506480 0.397937 0.120275 -0.494628 -0.860742
3.046869 -124.439261 -1827.234208 -13855.129387 0.629461 0.701636 -0.333895 0.768371 -0.626028 0.133022 -0.115694 -0.340288 -0.933177
-1.042800 -124.833866 526.019297 -8374.878038 0.604699 0.736398 -0.303410 0.794055 -0.586966 0.157949 -0.061778 -0.336436 -0.939678
-1.373204 -132.787912 496.257206 -5122.122277 0.617372 0.726695 -0.301275 0.773485 -0.490916 0.400901 0.143432 -0.480537 -0.865166
-29.095468 -113.561254 -378.370046 -584.370228 0.610193 0.792079 -0.016596 -0.064717 0.070713 0.995395 -0.789605 0.606309 -0.094410
-30.845839 -112.179514 730.634028 -3041.981201 0.667291 0.744760 -0.007469 -0.134242 0.130130 0.982367 -0.732599 0.654522 -0.186812
-29.904413 -107.224748 691.650007 -3548.875688 0.622600 0.782184 -0.023603 -0.259110 0.234519 0.936943 -0.738397 0.577225 -0.348684
-29.222348 -100.092932 -348.109519 -3821.660975 0.562320 0.825376 -0.050507 -0.362892 0.301196 0.881811 -0.743038 0.477531 -0.468891
-28.867357 -108.645766 -695.281330 -1697.547632 0.564235 0.824326 -0.046100 -0.185315 0.180861 0.965892 -0.804548 0.536447 -0.254808
8.936535 -389.569765 -1358.502378 -32808.722796 0.554076 0.764186 -0.330181 0.089977 0.339332 0.936354 -0.827589 0.548520 -0.119257
8.825448 -340.951884 -2420.279884 -11339.119591 0.517380 0.779483 -0.353162 0.114495 0.345927 0.931250 -0.848062 0.522246 -0.089729
6.660729 -373.688201 -1991.027262 -32390.569578 0.541801 0.758362 -0.362407 -0.237694 0.551822 0.799371 -0.806197 0.346958 -0.479235
4.439320 -246.986594 -1378.563965 -7246.696675 0.516684 0.770389 -0.373548 -0.081901 0.478771 0.874112 -0.852250 0.421046 -0.310468
-0.845827 -61.734846 -3132.411635 732.970620 -0.808511 -0.539568 0.234896 -0.557657 0.829970 -0.012969 -0.187958 -0.141477 -0.971934
2.907814 -61.220766 -2527.303094 558.328078 -0.874270 -0.433260 0.218949 -0.456342 0.887329 -0.066325 -0.165544 -0.157902 -0.973479
3.532702 -61.060693 3219.187828 -685.010839 0.834942 0.503552 -0.222053 -0.538585 0.830587 -0.141600 -0.113131 -0.237822 -0.964698
-23.422187 -43.019121 334.651713 602.076556 -0.695292 -0.670430 -0.259022 -0.513993 0.715725 -0.472809 0.502374 -0.195605 -0.842235
-23.581328 -45.069517 203.990838 859.383402 -0.770917 -0.566819 -0.290523 -0.386407 0.778804 -0.494119 0.506337 -0.268665 -0.819416
-22.636477 -45.586471 -770.258182 224.559307 -0.752973 -0.608070 -0.251560 -0.470742 0.764854 -0.439773 0.459820 -0.212717 -0.862159
-21.510429 -41.984208 740.049098 188.495249 0.635758 0.734488 0.237361 -0.620003 0.669088 -0.409778 0.459792 -0.113355 -0.880762
-22.772893 -40.253839 -1097.283025 755.678519 0.638543 0.720452 0.270577 -0.577607 0.680993 -0.450132 0.508559 -0.131141 -0.850982
-0.356960 -44.547124 811.566523 1310.895577 0.215973 0.967588 0.130880 -0.688370 0.055825 0.723208 -0.692461 0.246288 -0.678115
-1.122223 -45.491826 714.933013 876.329744 0.202230 0.968384 0.146065 -0.695027 0.036840 0.718040 -0.689957 0.246728 -0.680503
-0.610006 -42.940227 752.972547 660.360693 0.202712 0.968200 0.146615 -0.626647 0.013208 0.779192 -0.752477 0.249828 -0.609397
0.632941 -46.033134 343.720265 1783.093352 0.212756 0.968706 0.127845 -0.695904 0.058379 0.715758 -0.685895 0.241250 -0.686547
22.218788 -50.138575 4685.653511 -113.741960 0.330558 0.938144 0.103041 -0.223802 -0.028147 0.974228 -0.916866 0.345100 -0.200654
22.260767 -44.459116 1942.997598 -3859.237408 0.274640 0.952585 0.130974 -0.412897 -0.006180 0.910757 -0.868383 0.304208 -0.391622
15.762797 -46.032031 3352.481815 -4027.575496 0.344966 0.933149 0.101153 -0.325273 0.017760 0.945453 -0.880452 0.359052 -0.309655
13.546186 -50.367383 4166.075153 -980.376572 0.367157 0.926172 0.086035 -0.198851 -0.012202 0.979954 -0.908655 0.376905 -0.179690
5.516136 -46.212742 1835.287352 -3387.067112 0.352002 0.931721 0.089388 -0.257053 0.004401 0.966387 -0.900010 0.363148 -0.241051
8.423227 -41.572719 2074.768073 -4079.517638 0.343063 0.929380 0.136237 -0.390514 0.009208 0.920551 -0.854287 0.369009 -0.366095
13.111668 -190.112819 -4483.165952 41591.386799 -0.550442 -0.822453 -0.143474 0.829025 -0.518150 -0.210328 0.098644 -0.234717 0.967046
15.006560 -92.808714 -5758.672503 22803.418986 -0.480829 -0.864594 -0.145876 0.821856 -0.386435 -0.418594 0.305543 -0.321161 0.896381
22.801548 -120.705925 -1825.296586 4081.755231 -0.464861 -0.852172 -0.240224 0.847224 -0.349344 -0.400213 0.257129 -0.389567 0.884376
-57.313001 -83.836220 199.249631 5481.441426 0.464616 -0.869521 0.167527 0.885349 0.452507 -0.106743 0.017008 0.197914 0.980072
-50.148175 -76.300610 -1922.084415 3563.177866 0.092939 -0.946079 0.310317 0.995010 0.076892 -0.063578 0.036289 0.314677 0.948505
-41.051311 -67.822193 -582.649073 5188.491744 -0.092016 -0.925615 0.367109 0.981488 -0.146499 -0.123367 0.167972 0.348961 0.921961
-37.598001 -57.999144 -770.130710 4544.734741 -0.224156 -0.884272 0.409654 0.929054 -0.320834 -0.184184 0.294300 0.339305 0.893454
-14.739654 -76.768420 9235.308832 -15561.875989 0.010355 0.999542 -0.028447 0.999455 -0.011238 -0.031044 0.031349 0.028110 0.999113
-21.407446 -91.007107 2165.889764 -282.185462 -0.032097 0.997794 0.058116 0.952774 0.048114 -0.299845 0.301979 -0.045748 0.952216
62.310085 -88.160498 -4007.352803 39.827112 -0.399526 0.908492 0.122560 -0.647143 -0.184813 -0.739628 0.649296 0.374815 -0.661762
54.183199 -74.107786 4288.156454 -1445.214502 -0.440773 0.853004 0.279471 0.781067 0.211051 0.587701 0.442328 0.477328 -0.759279
57.353578 -92.566520 -2271.023834 537.494810 -0.335808 0.927967 0.161588 -0.791320 -0.184879 -0.582780 0.510926 0.323570 -0.796403
60.257490 -103.687179 -3591.649654 -2176.091669 -0.311518 0.946855 0.080144 -0.700327 -0.171765 -0.692849 0.642261 0.271961 -0.716615
19.777086 -46.850575 5080.028758 -725.056182 -0.445666 0.894882 0.023826 0.498740 0.270307 -0.823524 0.743397 0.355133 0.566781
25.589321 -46.292356 2267.284511 -668.208816 -0.391556 0.919238 0.041043 0.562398 0.274385 -0.780013 0.728280 0.282336 0.624415
21.650203 -44.141773 2744.351365 -879.885908 -0.398658 0.916642 0.028977 0.651907 0.305462 -0.694053 0.645050 0.257799 0.719340
19.732989 -45.728913 5071.128016 -997.648674 -0.439180 0.898332 0.011002 0.573549 0.289782 -0.766204 0.691493 0.330191 0.642503
-14.052616 -44.785421 -3022.677958 -48.653610 -0.057567 0.998336 -0.003244 0.510743 0.026659 -0.859320 0.857804 0.051126 0.511428
-8.707354 -44.102047 -3064.704913 -322.691847 -0.050764 0.998007 0.037480 0.477008 0.057200 -0.877036 0.877432 0.026644 0.478961
-16.469029 -42.407014 -2264.299349 1056.894065 -0.103073 0.993611 0.045958 0.394783 0.083275 -0.914993 0.912974 0.076168 0.400845
-22.065977 -44.950950 -1860.630400 398.109710 -0.146339 0.989226 0.004129 0.438387 0.068592 -0.896165 0.886793 0.129333 0.443701
-21.782996 -42.666644 -1364.333534 1966.156117 -0.170546 0.982595 0.073627 0.312677 0.124827 -0.941622 0.934423 0.137569 0.328524
-16.134688 -40.827224 -1945.844525 3032.877490 -0.111459 0.989898 0.087633 0.286159 0.116418 -0.951083 0.951677 0.080930 0.296244
11.197415 -36.338580 -4175.805076 2646.119272 0.186132 0.978906 -0.084245 -0.680654 0.066635 -0.729568 0.708565 -0.193137 -0.678700
6.422966 -31.323020 -2919.486783 2365.788190 0.199669 0.976140 -0.085336 -0.727497 0.089339 -0.680270 0.656415 -0.197911 -0.727977
-5.970043 -66.744552 -525.498696 9891.689055 0.231901 0.964763 -0.124316 0.963943 -0.245068 -0.103710 0.130522 0.095783 0.986808
-6.319906 -62.570908 -731.400553 2424.998823 0.257027 0.956979 -0.134642 0.948555 -0.276473 -0.154293 0.184880 0.088058 0.978808
-7.405670 -60.998767 -520.417997 9123.378191 0.238765 0.959334 -0.150561 0.959151 -0.257206 -0.117791 0.151726 0.116286 0.981558
-5.053898 -63.757106 -753.620600 2667.033918 0.261623 0.957446 -0.121859 0.948171 -0.278550 -0.152909 0.180346 0.075538 0.980698
-5.113386 -65.864483 356.562354 2100.808205 -0.198294 -0.972651 0.120954 0.977555 -0.187298 0.096467 -0.071174 0.137368 0.987960
-4.721027 -71.279511 -135.702864 11393.036079 0.216460 0.969598 -0.114123 0.967764 -0.228514 -0.105892 0.128752 0.087523 0.987807
-4.297753 -64.555679 -438.622304 2625.568827 0.257709 0.959476 -0.113985 0.950008 -0.273136 -0.151265 0.176268 0.069304 0.981899
13.536005 -77.422785 -1181.504571 6448.577534 0.330358 0.866469 -0.374293 0.930253 -0.231819 0.284410 0.159664 -0.442145 -0.882619
12.150159 -83.166384 -821.641836 3960.788536 0.318009 0.868561 -0.380095 0.947954 -0.298020 0.112104 -0.015907 -0.395962 -0.918129
8.840059 -75.351859 -1689.841021 4381.247694 0.338345 0.846229 -0.411605 0.936988 -0.262499 0.230539 0.087043 -0.463670 -0.881722
4.149650 -73.818540 -2075.156376 4238.534741 0.329407 0.835040 -0.440681 0.942795 -0.265550 0.201548 0.051278 -0.481863 -0.874745
3.905931 -67.029782 -2474.600617 4337.399779 0.351087 0.825954 -0.441064 0.916644 -0.207066 0.341888 0.191055 -0.524331 -0.829804
7.510159 -69.614128 -2374.647461 4501.060506 0.358516 0.834163 -0.419093 0.899951 -0.189521 0.392645 0.248102 -0.517933 -0.818652
-9.488043 -84.549373 -1938.171665 1136.582427 0.089863 0.916985 0.388667 0.651035 0.241243 -0.719691 0.753710 -0.317710 0.575311
-10.456709 -41.010618 -2768.675596 -1254.878668 -0.689952 -0.077386 -0.719707 -0.363407 0.896918 0.251942 0.626021 0.435374 -0.646952
-13.667040 -44.427240 -3166.639812 -1540.807299 -0.709410 -0.025735 -0.704326 -0.378894 0.856567 0.350331 0.594287 0.515393 -0.617408
-4.840798 -45.365881 -2197.933163 -1532.153837 -0.724601 0.021156 -0.688844 -0.323494 0.872130 0.367072 0.608527 0.488817 -0.625102
-17.683487 -39.729243 -2958.235697 -1026.627152 -0.701159 -0.118832 -0.703033 -0.420567 0.865146 0.273213 0.575760 0.487239 -0.656582
-2.641489 -40.655541 -2091.288171 -1365.845282 -0.691819 -0.073831 -0.718287 -0.313218 0.926982 0.206395 0.650601 0.367768 -0.664429
-7.805239 -37.909949 -2789.363046 -1541.096773 -0.657795 -0.168014 -0.734219 -0.376610 0.917564 0.127440 0.652281 0.360343 -0.666845
-14.029110 -38.383092 -2724.900823 -1548.398489 -0.644885 -0.221939 -0.731346 -0.442340 0.888737 0.120343 0.623265 0.401111 -0.671305
4.981268 -24.362458 6161.783818 -1507.682194 0.019242 0.999585 -0.021432 0.841624 -0.004622 0.540043 -0.539720 0.028429 0.841364
10.170291 -26.566311 3760.388501 -1370.488528 0.008742 0.999769 0.019616 0.858416 -0.017564 0.512653 -0.512879 -0.012357 0.858372
9.064747 -25.374711 3651.690858 574.122640 -0.006255 0.999976 0.002937 0.830456 0.003558 0.557073 -0.557050 -0.005924 0.830458
1.082594 -24.681171 5010.935885 350.419777 -0.015531 0.999630 -0.022329 0.813332 0.025620 0.581236 -0.581593 0.009133 0.813429
-4.892762 -25.513675 4780.646256 -1501.453462 0.038661 0.998867 0.027745 0.840213 -0.047524 0.540170 -0.540877 -0.002428 0.841098
9.936967 -127.167171 -1996.163407 10094.097436 0.775422 -0.517624 0.361643 0.462128 0.855493 0.233600 -0.430300 -0.014014 0.902577
9.657774 -113.813126 -758.421515 5428.293160 0.785904 -0.508949 0.351178 0.541593 0.840617 0.006238 -0.298381 0.185293 0.936288
0.192410 -104.447434 -775.266696 8728.963696 -0.111713 0.947916 0.298288 0.497543 -0.206482 0.842506 -0.860216 -0.242530 0.448562
-0.862321 -99.883257 -1554.560432 8530.193460 -0.114367 0.946187 0.302738 0.488655 -0.211744 0.846393 -0.864949 -0.244734 0.438143
-0.620556 -102.118663 2395.250452 -839.123634 0.007815 0.900028 0.435762 -0.403029 -0.395979 0.825087 -0.915154 0.182073 -0.359643
-0.870555 -99.089864 1099.865081 -758.548611 -0.025683 0.897078 0.441126 -0.578880 -0.373105 0.725046 -0.815008 0.236738 -0.528882
-4.919891 -98.473783 2741.006377 -1130.130421 0.014741 0.902781 0.429848 -0.574028 -0.344353 0.742908 -0.818703 0.257696 -0.513145
-5.117901 -100.206977 1874.535306 -2520.857654 0.007192 0.916027 0.401053 -0.473954 -0.350031 0.807989 -0.880520 0.195892 -0.431637
-7.167866 -95.764456 1697.315401 -2849.488159 0.004323 0.913914 0.405885 -0.639848 -0.309397 0.703469 -0.768489 0.262746 -0.583429
-7.849441 -148.678960 -1788.857709 -5511.440148 0.731035 -0.308747 0.608493 0.579424 0.751850 -0.314626 0.360356 -0.582578 -0.728524
-5.784268 -143.708665 908.202165 7967.463054 -0.740313 0.322508 -0.589852 0.482362 0.865982 -0.131919 0.468255 -0.382184 -0.796663
-11.289617 -139.801174 -1816.106867 -5964.537549 0.732487 -0.277472 0.621668 0.527515 0.808570 -0.260657 0.430337 -0.518868 -0.738638
11.990292 -26.056261 -650.403843 1571.417575 -0.054463 0.993843 0.096488 0.845721 -0.005459 0.533598 -0.530839 -0.110664 0.840216
13.330752 -24.640921 -861.532096 -1222.859561 -0.069846 0.993596 0.088815 0.857298 0.014264 0.514623 -0.510061 -0.112085 0.852804
9.064952 -60.342569 -2475.204016 -6216.544300 0.906888 0.420239 0.030870 0.402594 -0.885772 0.230924 -0.124387 0.196994 0.972482
24.327427 -66.524679 -6322.771855 -9005.982901 0.844579 0.534630 0.029296 0.524437 -0.837028 0.156046 -0.107948 0.116429 0.987315
23.502387 -852.055568 31114.270911 311331.936411 0.370603 -0.010220 -0.928735 0.870915 -0.343638 0.351312 -0.322740 -0.939046 -0.118452
-53.021419 -442.424075 -8246.274343 -123279.057791 -0.107265 -0.127029 0.986082 -0.701444 0.712556 0.015490 -0.704606 -0.690020 -0.165536
-22.282660 -430.644512 14465.433093 146745.629132 0.139993 0.220251 -0.965345 0.789608 -0.613086 -0.025373 -0.597429 -0.758693 -0.259740
13.458743 -1230.108229 -6776.439107 472070.097272 0.119514 0.124634 -0.984979 0.932371 -0.355008 0.068210 -0.341174 -0.926518 -0.158634
9.707093 -342.987955 8864.435009 124069.317150 0.055531 0.319329 -0.946015 0.812604 -0.564997 -0.143016 -0.580165 -0.760794 -0.290863
10.368690 -645.473362 -32200.493228 -183958.005409 -0.228142 -0.385120 0.894222 -0.384432 0.879450 0.280678 -0.894518 -0.279733 -0.348692
-22.048491 -39.467693 -1874.528182 36.064631 0.889153 -0.453958 0.057701 0.302274 0.677309 0.670733 0.343566 0.578943 -0.739451
-23.103161 -41.739469 -1107.571485 -2519.014232 0.918540 -0.292691 0.265736 0.029003 0.720273 0.693084 0.394262 0.628919 -0.670089
-26.558407 -36.714797 -2882.336068 -397.592742 0.889463 -0.437390 0.132459 0.238792 0.691933 0.681327 0.389659 0.574385 -0.719894
-24.985572 -36.554729 -1799.914237 1678.528004 0.700621 -0.700678 -0.134834 0.618654 0.502360 0.604071 0.355524 0.506641 -0.785441
16.989447 -42.172144 -259.852989 108.703551 -0.664060 -0.284567 -0.691408 -0.240455 0.956895 -0.162890 0.707958 0.058084 -0.703862
26.599174 -44.609414 -1805.967506 -725.699974 -0.664487 -0.308082 -0.680840 -0.170247 0.949517 -0.263502 0.727649 -0.059183 -0.683392
23.073137 -39.173036 -65.807939 676.135227 -0.615596 -0.411966 -0.671807 -0.268615 0.911121 -0.312578 0.740869 -0.011965 -0.671543
17.976415 -36.064660 1605.684684 674.647116 -0.606541 -0.420409 -0.674807 -0.315456 0.906345 -0.281115 0.729792 0.042365 -0.682356
-23.484084 -41.988881 1853.715858 -1067.626737 -0.215503 0.720792 -0.658799 -0.519679 -0.655834 -0.547553 0.826736 -0.224365 -0.515915
-25.176141 -42.444157 2225.011737 -1129.419506 -0.172659 0.716382 -0.676007 -0.500285 -0.654978 -0.566320 0.848472 -0.240416 -0.471483
-25.599989 -43.732831 1336.567716 1054.072029 -0.227761 0.657781 -0.717947 0.577579 0.684871 0.444246 0.783918 -0.313490 -0.535908
-23.878924 -39.504265 1782.021352 -1195.101943 -0.157472 0.764964 -0.624526 -0.426666 -0.623045 -0.655569 0.890594 -0.163230 -0.424496
-20.925156 -39.677311 351.628836 -709.405739 -0.191984 0.780203 -0.595336 -0.492987 -0.601198 -0.628908 0.848591 -0.172753 -0.500050
-1.288276 -45.362438 -770.129851 3159.822987 0.028891 0.951109 -0.307502 0.078137 0.304540 0.949289 -0.996524 0.051453 0.065519
10.638326 -145.816920 -1623.624977 -5545.932915 0.197570 0.953082 0.229349 -0.156786 0.261671 -0.952337 0.967669 -0.152195 -0.201129
12.673104 -138.641896 -2278.805423 8925.323202 0.200472 0.946407 0.253230 0.095540 0.238360 -0.966466 0.975030 -0.217943 0.042635
18.118546 -144.272700 491.130470 8265.614881 0.123288 0.968673 0.215576 -0.002660 0.217555 -0.976044 0.992367 -0.119761 -0.029399
17.166960 -149.872766 1241.640019 5247.027738 0.107412 0.971811 0.209872 -0.293857 0.232694 -0.927093 0.949795 -0.037908 -0.310567
13.822456 -158.605115 -1174.322392 -4323.344221 0.167048 0.965050 0.201924 -0.298010 0.244644 -0.922680 0.939832 -0.093957 -0.328462
20.349433 -129.885642 1203.056948 3102.100589 0.066393 0.986915 0.146937 0.035535 0.144830 -0.988818 0.997161 -0.070872 0.025455
22.888713 -135.961119 624.610619 -368.309129 0.104439 0.981651 0.159545 0.227553 0.132580 -0.964698 0.968149 -0.137057 0.209531
-79.997339 -1699.525255 -20715.356161 497898.044877 0.094672 -0.153294 -0.983635 -0.561994 0.807339 -0.179909 0.821706 0.569829 -0.009718
-1.948579 -179.486418 -4598.584841 -40113.793448 0.128231 -0.231580 0.964328 0.735704 -0.629839 -0.249083 0.665054 0.741399 0.089609
-46.651530 -2163.944611 21033.015217 879467.832690 -0.045143 0.130997 -0.990355 -0.077153 0.987947 0.134195 0.995997 0.082467 -0.034492
-38.996554 -1128.364757 7584.058296 352101.776533 -0.061236 0.076592 -0.995180 0.023430 0.996887 0.075281 0.997848 -0.018707 -0.062839
-18.355913 -552.161974 3023.915125 152972.085322 -0.068603 0.083734 -0.994124 -0.478391 0.871673 0.106433 0.875463 0.482881 -0.019741
3.975054 -469.163166 -2777.663740 -110796.829803 -0.026601 0.047700 -0.998507 0.874332 0.485327 -0.000109 0.484598 -0.873030 -0.054616
14.641420 -1018.432377 -1758.503370 -315261.947323 -0.038052 0.034461 -0.998681 0.972845 0.229617 -0.029144 0.228310 -0.972671 -0.042263
15.140455 -673.777090 -7392.597986 -215782.051326 0.043603 -0.031822 -0.998542 0.998200 0.042573 0.042232 0.041167 -0.998586 0.033621
-3.566203 -421.467906 -3736.266594 -100288.158233 -0.026134 -0.001537 -0.999657 0.929243 0.368631 -0.024860 0.368543 -0.929574 -0.008206
36.095102 -48.528432 2110.388386 -2903.987816 -0.380600 0.919938 -0.094111 -0.753438 -0.249480 0.608352 -0.536167 -0.302446 -0.788068
42.897611 -64.611161 -1858.562524 -2721.869881 -0.259750 0.958375 -0.118522 -0.897661 -0.194384 0.395498 -0.355997 -0.209123 -0.910787
40.047952 -58.302581 -901.968342 -7459.775388 -0.338239 0.935968 -0.097765 -0.830144 -0.247827 0.499443 -0.443234 -0.250090 -0.860813
39.326096 -59.198865 -4048.664661 -4586.721105 -0.233500 0.938913 -0.252824 0.919473 0.128626 -0.371516 -0.316302 -0.319214 -0.893340
-19.573748 -50.865175 22954.108308 -1388.479707 0.647965 -0.564180 -0.511706 -0.552405 0.114446 -0.825682 -0.524396 -0.817682 0.237499
-45.060686 -65.897129 5458.754752 7129.820154 0.160825 -0.409804 -0.897884 0.722697 -0.570682 0.389912 -0.672193 -0.711606 0.204384
-34.466705 -61.714837 9095.151237 5735.958740 0.361020 -0.456240 -0.813333 0.650928 -0.501260 0.570115 -0.667800 -0.735244 0.116015
21.853982 -48.372531 6505.199797 -716.584394 0.181313 0.812932 0.553415 -0.735233 -0.261677 0.625267 -0.653115 0.520257 -0.550249
10.274895 -48.073701 7369.512886 -60.458112 0.187950 0.796893 0.574140 -0.672747 -0.321450 0.666395 -0.715602 0.511499 -0.475691
20.657015 -48.382356 5885.822670 439.077649 0.180474 0.825872 0.534196 -0.615196 -0.328984 0.716452 -0.767439 0.457936 -0.448700
3.967979 -47.384776 6534.873639 -327.346501 0.167128 0.792829 0.586081 -0.741024 -0.291098 0.605100 -0.650348 0.535429 -0.538854
-6.529413 -59.113011 -390.787171 -6699.201234 0.258302 0.906913 0.332850 0.356295 -0.409685 0.839769 -0.897961 0.098321 0.428951
-6.987778 -61.253480 -256.470296 2540.246705 0.258001 0.920052 0.294855 0.316120 -0.368778 0.874112 -0.912964 0.132312 0.385992
11.012539 -97.246151 -4348.602298 -2173.670908 0.028671 0.893143 0.448858 0.651344 -0.357316 0.669385 -0.758241 -0.273169 0.591988
6.543130 -92.257463 -3514.605907 9683.712534 0.011040 0.895935 0.444048 0.805221 -0.271261 0.527292 -0.592872 -0.351736 0.724420
17.242076 -104.067547 -5638.803436 876.757005 0.048726 0.872340 0.486465 0.498785 -0.443219 0.744829 -0.865355 -0.206349 0.456706
