17280
34543
-31.252949 -46.524023 189.508937 4102.463728 0.906589 0.155941 0.392147 -0.157934 -0.736332 0.657931 -0.391348 0.658406 0.642922
-29.582226 -49.166452 -1081.868169 3231.133375 0.880895 0.011413 0.473174 -0.330838 -0.700080 0.632799 -0.338482 0.713973 0.612921
-38.186642 -56.962937 595.201760 2001.671224 0.940677 0.228825 0.250530 -0.090808 -0.541651 0.835684 -0.326926 0.808859 0.488740
-28.006393 -42.088409 -51.809150 3474.314961 0.812017 -0.210808 0.544232 -0.500932 -0.730248 0.464549 -0.299493 0.649845 0.698574
-33.960484 -70.203981 208.069100 8115.369259 0.893880 0.442390 0.072595 0.194930 -0.529364 0.825698 -0.403710 0.723923 0.559423
-27.447273 -57.344474 -593.435546 8170.321421 0.876412 0.426122 0.224325 0.150575 -0.684960 0.712851 -0.457415 0.590974 0.664471
-23.690719 -36.059912 -875.543607 3746.591905 0.862623 0.057959 0.502516 -0.238368 -0.829630 0.504872 -0.446164 0.555297 0.701842
-24.473716 -35.561236 115.823016 1957.883749 0.734221 -0.296629 0.610681 -0.572832 -0.753464 0.322731 -0.364395 0.586773 0.723127
99.833919 -70.145645 -5576.200175 -636.612629 0.790179 0.590891 -0.162682 0.609442 -0.785625 0.106651 0.064788 0.183419 0.980898
84.025044 -60.435572 -7844.607154 -1522.209965 0.774657 0.624209 0.101336 -0.623283 0.780730 -0.044491 -0.106888 -0.028695 0.993857
96.629430 -66.374036 -12900.045351 -667.656606 0.731031 0.680168 0.054456 -0.654431 0.721483 -0.226237 -0.193168 0.129749 0.972549
61.916056 -55.621458 -9378.595490 -3429.510201 0.711042 0.635778 0.300342 -0.625162 0.767124 -0.143851 -0.321857 -0.085478 0.942922
57.179413 -67.385002 -9499.521550 -5533.500617 0.684650 0.687633 0.241695 -0.621319 0.723970 -0.299716 -0.381074 0.055031 0.922905
-38.958923 -62.256239 -418.998257 -5219.593580 0.873181 0.298029 0.385660 0.481089 -0.653897 -0.583928 -0.078155 -0.695412 0.714349
-35.454527 -49.474154 -769.961187 -3900.384685 0.848131 0.295767 0.439540 0.497402 -0.730168 -0.468451 -0.182386 -0.615936 0.766393
-34.726488 -62.266831 -1345.050297 -5782.590189 0.885811 0.168349 0.432432 0.423267 -0.675111 -0.604211 -0.190221 -0.718251 0.669277
-34.855855 -61.937508 -1308.373806 -2812.959970 0.866590 0.197447 0.458298 0.485478 -0.546088 -0.682715 -0.115471 -0.814127 0.569090
-39.798755 -62.204007 -759.089069 -2369.464479 0.864092 0.323738 0.385406 0.502758 -0.518555 -0.691618 0.024049 -0.791388 0.610841
1.842557 -85.486738 -635.159255 -361.420976 -0.303132 0.760423 0.574341 0.906022 0.043178 0.421023 0.295357 0.647991 -0.702048
1.441391 -82.554595 -583.652026 -2592.115291 -0.308535 0.759930 0.572112 0.945567 0.179592 0.271386 0.103488 0.624702 -0.773975
-0.776316 -86.138184 -710.858585 -1359.031532 -0.301080 0.762716 0.572377 0.906832 0.043340 0.419257 0.294968 0.645280 -0.704704
0.364357 -87.347758 -771.561221 429.708568 -0.299850 0.764060 0.571228 0.824473 -0.093684 0.558093 0.479932 0.638306 -0.601856
-5.762572 -28.423137 337.519168 -1169.503416 0.688728 -0.270475 -0.672679 0.352005 0.935863 -0.015894 0.633835 -0.225840 0.739763
-4.267279 -29.487658 244.077713 -1095.743636 0.677489 -0.249308 -0.691993 0.357267 0.933908 0.013314 0.642938 -0.256246 0.721781
-4.274961 -31.250934 144.179967 -554.808958 0.673715 -0.290352 -0.679562 0.323791 0.942592 -0.081730 0.664280 -0.164973 0.729051
-3.722704 -33.844509 -312.365495 -957.864845 0.673580 -0.317635 -0.667381 0.286346 0.944578 -0.160559 0.681392 -0.082952 0.727202
-5.936793 -31.287372 6.140544 -1162.134065 0.675167 -0.334202 -0.657616 0.336670 0.932826 -0.128409 0.656356 -0.134702 0.742329
-32.112228 -40.906065 1868.947668 -3406.661833 0.313682 0.865365 0.390830 -0.614921 -0.128496 0.778049 -0.723516 0.484389 -0.491824
-18.604452 -32.076063 6535.402755 270.024242 -0.019107 0.593969 0.804261 0.679547 0.597762 -0.425320 -0.733384 0.538406 -0.415051
-28.394440 -33.424622 1930.584590 1249.637929 0.678736 0.715675 -0.164702 -0.304361 0.478238 0.823804 -0.668343 0.509016 -0.542421
-2.138391 -30.559311 -222.318262 69.798921 0.820533 -0.433387 0.372695 0.556703 0.753798 -0.349098 0.129642 -0.493927 -0.859784
-2.196593 -30.786046 -220.405478 86.489874 0.832191 -0.419225 0.362917 0.536360 0.774608 -0.335113 0.140630 -0.473532 -0.869477
-3.236939 -30.186819 -370.461989 -32.760615 0.828516 -0.424050 0.365708 0.558076 0.678902 -0.477119 0.045958 -0.599394 -0.799134
-1.980154 -30.767498 -472.738120 -74.509375 0.807201 -0.460341 0.369476 0.589919 0.650919 -0.477807 0.020545 -0.603648 -0.796986
-1.084997 -30.895175 -200.293458 5.274989 0.809817 -0.454717 0.370713 0.577481 0.729289 -0.366952 0.103498 -0.511244 -0.853181
8.991339 -75.895114 -586.338867 1283.006857 0.943696 0.289117 0.160775 -0.191257 0.873368 -0.447938 0.269923 -0.391968 -0.879490
8.664209 -77.319701 -1039.611085 3004.401017 0.964144 0.218272 0.150942 -0.123663 0.872778 -0.472193 0.234806 -0.436596 -0.868476
13.400244 -75.745256 -673.722843 -1097.511049 0.941639 0.301326 0.150061 -0.148453 0.771814 -0.618276 0.302121 -0.559916 -0.771503
4.763403 -71.916305 -637.059239 3887.763822 0.953656 0.252055 0.164344 -0.199596 0.938618 -0.281350 0.225172 -0.235509 -0.945428
10.567265 -74.433623 -169.973728 -1153.973081 0.915334 0.359002 0.182434 -0.236953 0.846458 -0.476825 0.325603 -0.393226 -0.859858
6.999242 -69.575835 245.125903 -105.877397 -0.930051 -0.320148 -0.180309 -0.260143 0.920298 -0.292195 0.259483 -0.224850 -0.939207
-3.101447 -70.185540 -127.643119 4166.627309 0.930287 0.298313 0.213484 -0.339488 0.920606 0.192959 0.138972 0.251982 -0.957701
-4.641043 -78.134612 179.918992 1841.346272 -0.935914 -0.280145 -0.213505 -0.269961 0.959862 -0.076065 0.226244 -0.013552 -0.973976
-2.856441 -79.486393 346.524107 2101.101495 -0.949705 -0.253855 -0.183351 -0.254977 0.966783 -0.017830 0.181787 0.029817 -0.982886
-1.813445 -71.933447 -281.013393 4949.047824 0.946545 0.265272 0.183532 -0.303924 0.924055 0.231846 0.108091 0.275233 -0.955282
-1.476765 -59.525158 -157.829499 4617.052818 0.928365 0.308834 0.206784 -0.369276 0.829484 0.419036 0.042111 0.465378 -0.884110
-1.721073 -58.410870 -48.516184 4219.727578 0.912457 0.339081 0.229010 -0.405767 0.821921 0.399750 0.052681 0.457679 -0.887555
-4.601689 -58.451766 -13038.830742 3898.331230 -0.174775 0.874641 0.452169 -0.635629 0.250495 -0.730225 0.751950 0.415037 -0.512167
2.276153 -68.500392 -10734.935726 3418.279443 -0.247480 0.899103 0.361065 -0.417003 0.237535 -0.877317 0.874564 0.367684 -0.316143
12.825356 -53.987363 -12322.260930 3988.698926 -0.175432 0.879036 0.443304 -0.635351 0.242876 -0.733035 0.752032 0.410252 -0.515889
-15.317984 -70.467908 -7339.566634 2672.112826 -0.275356 0.875475 0.397143 -0.413026 0.265307 -0.871219 0.868095 0.403925 -0.288540
12.479859 -43.758878 -13227.054093 2607.781073 -0.063821 0.833726 0.548479 -0.792073 0.292015 -0.536048 0.607081 0.468646 -0.641735
-4.426591 -47.568687 -14254.029176 2660.330143 -0.033178 0.822137 0.568322 -0.802081 0.317358 -0.505915 0.596293 0.472626 -0.648891
-23.182941 -61.276361 -8638.427635 3788.158560 -0.201655 0.848587 0.489118 -0.645956 0.260159 -0.717676 0.736259 0.460671 -0.495687
-7.915763 -15.578321 -164.875369 -1827.965344 0.856385 0.499991 -0.128897 -0.362533 0.760005 0.539410 -0.367662 0.415213 -0.832119
-7.552267 -21.248001 -563.305646 -2663.011340 0.857895 0.493056 -0.144608 -0.328524 0.742737 0.583450 -0.395079 0.453032 -0.799171
-9.362125 -15.641367 -543.314167 -2204.821523 0.861703 0.496189 -0.106134 -0.375260 0.763970 0.524910 -0.341537 0.412489 -0.844515
-9.039896 -12.636394 -133.363682 56.540211 0.899817 0.403778 -0.165205 -0.273759 0.817432 0.506814 -0.339684 0.410814 -0.846077
-10.391999 -12.124807 -470.005085 59.218527 0.930060 0.316613 -0.186400 -0.191168 0.850274 0.490397 -0.313758 0.420464 -0.851332
-11.207105 -15.272590 -689.496254 -2305.670146 0.880324 0.467333 -0.081426 -0.363707 0.775133 0.516610 -0.304544 0.425169 -0.852340
4.359293 -75.523022 37.255988 -3933.094480 -0.333380 0.708231 0.622308 0.898276 0.439045 -0.018445 -0.286285 0.552854 -0.782555
5.130516 -62.951396 -265.182953 7667.350064 -0.360269 0.699006 0.617735 -0.813987 -0.559025 0.157847 -0.455665 0.445961 -0.770382
3.866187 -72.621234 235.090044 -5468.909567 -0.337967 0.710499 0.617227 0.895119 0.445262 -0.022419 -0.290756 0.544915 -0.786466
8.684345 -65.372190 -554.237137 8884.568159 -0.335157 0.694628 0.636523 -0.798740 -0.567796 0.199056 -0.499685 0.441701 -0.745128
3.649506 -82.123367 109.354762 -1068.388045 -0.325882 0.718282 0.614713 0.940752 0.310838 0.135518 -0.093736 0.622455 -0.777022
6.197347 -75.242074 -88.617473 -3850.619966 -0.317813 0.696808 0.643003 0.886523 0.458892 -0.059114 -0.336260 0.551250 -0.763579
4.236524 -79.609384 -221.116228 2269.747158 -0.325893 0.709812 0.624469 0.939352 0.317750 0.129047 -0.106826 0.628651 -0.770315
3.118350 -80.627324 138.789600 2164.999135 -0.323499 0.715844 0.618802 0.944728 0.281166 0.168628 -0.053275 0.639150 -0.767235
58.285000 -25.339733 -5549.076414 -379.706406 -0.234699 0.838078 0.492485 0.624754 -0.258090 0.736934 -0.744714 -0.480640 0.463020
58.972058 -31.965857 10856.116497 -679.040298 0.525024 -0.643821 -0.556637 0.656475 -0.109897 0.746300 -0.541656 -0.757243 0.364954
78.086744 -29.260862 13538.557876 -657.785119 0.557248 -0.610165 -0.563182 0.580060 -0.199256 0.789827 -0.594143 -0.766809 0.242897
-1.121490 -85.914176 515.833146 -1775.519667 0.009978 -0.688559 -0.725112 0.915296 -0.285713 0.283905 -0.402659 -0.666525 0.627384
-1.942629 -86.269308 -27.926096 -8537.802564 -0.038623 0.701848 0.711279 0.785512 -0.418646 0.455748 -0.617640 -0.576321 0.535140
2.075644 -91.593036 765.427612 -2496.552783 0.029371 -0.702519 -0.711058 0.896211 -0.296516 0.329975 -0.442654 -0.646950 0.620897
5.214207 -84.200224 2353.918715 9588.423471 0.028417 -0.678934 -0.733649 0.982304 -0.116958 0.146284 -0.185123 -0.724824 0.663596
4.920966 -98.069584 -1197.372753 -12139.101174 -0.047433 0.724670 0.687461 0.786464 -0.397207 0.472970 -0.615812 -0.563098 0.551087
11.187660 -99.623796 3816.718706 2288.436800 0.063174 -0.701383 -0.709979 0.914565 -0.244069 0.322492 -0.399475 -0.669695 0.626042
13.738900 -87.626055 4493.639968 11010.073603 0.055257 -0.687699 -0.723890 0.977166 -0.111727 0.180732 -0.205167 -0.717348 0.665822
-3.389944 -6.863443 20.011184 -1157.264305 0.128645 0.975974 0.175856 0.777886 0.010678 -0.628315 0.615097 -0.217625 0.757823
-3.024359 -5.568361 -1010.371149 -344.243383 0.388664 0.921063 -0.024161 0.683534 -0.305819 -0.662764 0.617836 -0.241078 0.748438
-4.504262 -7.371657 147.013330 -965.257747 -0.168709 0.887709 0.428382 0.742706 0.400221 -0.536854 0.648017 -0.227590 0.726827
1.370840 -70.050806 -3361.303667 5140.229455 0.365261 0.642590 0.673545 0.883731 -0.011950 -0.467843 -0.292582 0.766117 -0.572241
6.063473 -64.782239 -1801.374519 4693.679637 0.402284 0.593396 0.697172 0.877196 -0.031821 -0.479078 -0.262098 0.804282 -0.533325
9.276562 -70.968299 -1952.327171 359.462283 0.407863 0.610982 0.678490 0.776184 0.159309 -0.610048 -0.480818 0.775449 -0.409259
12.606783 -135.733851 3308.300921 -3990.114433 -0.031629 0.765371 0.642811 0.964379 0.192358 -0.181582 -0.262628 0.614170 -0.744192
18.263410 -134.597049 3222.470358 1531.365488 0.020982 0.793227 0.608565 0.865639 0.290142 -0.408027 -0.500228 0.535358 -0.680561
26.032134 -147.817049 4440.371778 -6244.786470 -0.069968 0.800926 0.594661 0.946191 0.242095 -0.214739 -0.315954 0.547638 -0.774768
-19.631306 -2750.464926 -3770.984539 -284911.955703 -0.234785 0.851045 0.469679 -0.457919 -0.523048 0.718841 -0.857430 0.046301 -0.512513
-40.694543 -1172.905048 -10275.709132 -57208.065228 -0.182022 0.832139 0.523844 -0.272611 -0.554567 0.786218 -0.944749 -0.000303 -0.327794
-63.734924 -2152.531730 -17661.757518 986359.734939 -0.249660 0.780432 0.573232 0.916511 0.381511 -0.120242 -0.312535 0.495354 -0.810522
-30.025849 -3799.537721 425.989495 1541801.679853 -0.227635 0.859354 0.457922 0.199988 -0.418984 0.885696 -0.952989 -0.293194 0.076485
-63.908275 -4637.085555 -59900.950155 4032254.031415 -0.156972 0.852790 0.498106 0.228526 -0.459306 0.858379 -0.960800 -0.248571 0.122786
-7.696717 -148.672601 3842.822910 -17189.358154 -0.439415 0.782713 0.440766 0.415009 0.612061 -0.673163 0.796670 0.112876 0.593782
-8.899963 -128.069570 2689.503408 -6432.606068 -0.471912 0.705353 0.528939 0.571063 0.701631 -0.426147 0.671704 -0.100954 0.733909
-14.944392 -143.674106 3015.783987 -12492.561024 -0.417231 0.764952 0.490679 0.453248 0.643129 -0.617213 0.787708 0.035121 0.615047
-11.432528 -160.455265 3827.499111 -15078.894872 -0.422765 0.801652 0.422638 0.214490 0.541627 -0.812794 0.880491 0.252969 0.400927
27.161968 -17.668484 3127.805046 2331.669375 0.760982 0.240825 0.602420 -0.367022 -0.605882 0.705834 -0.534978 0.758228 0.372677
18.236680 -18.276020 5240.687696 2214.867089 0.808542 0.187152 0.557883 -0.355286 -0.600494 0.716365 -0.469074 0.777419 0.419032
26.218996 -12.867551 3771.692271 599.287301 0.766375 0.225382 0.601558 -0.364487 -0.618545 0.696097 -0.528978 0.752732 0.391889
20.913505 -11.684987 4588.950792 -325.404967 0.783617 0.193785 0.590247 -0.349929 -0.647362 0.677105 -0.513316 0.737136 0.439473
33.877468 -12.803666 1314.886775 -305.047878 0.699010 0.300295 0.649005 -0.349425 -0.648408 0.676365 -0.623929 0.699565 0.348313
2.868496 -37.947893 -927.792972 -446.616836 0.911528 0.151841 -0.382180 -0.232707 0.956685 -0.174930 0.339064 0.248390 0.907380
3.049355 -37.976174 -1642.228041 -186.929909 0.913386 0.173768 -0.368144 -0.214979 0.973833 -0.073716 0.345701 0.146474 0.926842
6.945580 -37.385817 3211.129011 630.678826 0.883044 0.188293 -0.429860 -0.286926 0.941453 -0.177032 0.371359 0.279665 0.885370
-6.094982 -32.614391 1621.914159 926.782063 -0.246778 -0.852984 -0.459912 0.902649 -0.029647 -0.429356 0.352599 -0.521095 0.777261
-7.628663 -33.884426 1578.036010 -1046.654003 -0.111691 -0.844787 -0.523316 0.960385 0.043537 -0.275255 0.255315 -0.533329 0.806458
-1.489898 -32.451103 1521.615562 3761.127570 -0.151097 -0.842524 -0.517033 0.894041 0.106672 -0.435099 0.421734 -0.527991 0.737133
-11.783561 -30.784330 810.130273 -1851.468307 -0.208927 -0.863849 -0.458383 0.956176 -0.082130 -0.281039 0.205129 -0.497011 0.843150
0.153379 -26.399307 1581.833963 4502.790512 -0.286948 -0.851515 -0.438843 0.820988 0.017448 -0.570678 0.493598 -0.524040 0.694077
-10.331006 -30.673952 67.833706 170.488258 -0.345176 -0.861374 -0.372677 0.890170 -0.174641 -0.420831 0.297408 -0.477006 0.827051
-5.771482 -29.091150 257.789849 2984.971349 -0.353003 -0.857247 -0.374856 0.829101 -0.100948 -0.549910 0.433568 -0.504913 0.746379
33.036454 -29.583190 16061.407887 -6138.949677 0.975444 -0.076790 0.206429 -0.111722 0.635212 0.764214 0.189810 0.768511 -0.611035
29.772009 -19.869231 16507.170959 -10080.856438 0.959805 -0.030016 0.279058 -0.175486 0.711774 0.680134 0.219041 0.701767 -0.677896
10.852705 -22.986380 9809.580554 -5312.448198 0.979091 -0.067441 0.191916 -0.101451 0.655849 0.748044 0.176316 0.751873 -0.635294
-194.076655 -1046.247968 -76930.794839 138537.426603 -0.219575 0.967780 -0.123242 0.606403 0.036431 -0.794323 0.764240 0.249147 0.594864
-43.816020 -484.279006 -21384.465233 -27924.460948 -0.214884 0.974265 -0.068070 0.730123 0.113962 -0.673746 0.648649 0.194477 0.735821
-127.483313 -535.283925 -38235.915580 -25295.065379 -0.362884 0.922248 0.133321 0.156117 0.201222 -0.967025 0.918664 0.330104 0.216999
-633.503105 -764.069985 -251022.045941 138608.335306 -0.334919 0.940369 0.059457 0.081239 0.091685 -0.992469 0.938738 0.327567 0.107102
7.580394 -845.356068 40825.031955 47184.246527 0.189418 -0.972463 0.135783 0.981163 0.192802 0.012105 -0.037951 0.130932 0.990665
32.845617 -963.692710 -14186.146170 -164343.309433 -0.161862 0.970186 -0.180386 0.766906 0.238708 0.595713 -0.621012 0.041916 0.782680
-6.389478 -1693.481311 1980.751973 -197717.439629 -0.195933 0.956413 -0.216527 0.924656 0.253716 0.283969 -0.326528 0.144574 0.934065
-3.886371 -3181.382382 -8088.777770 1083838.565966 -0.162614 0.947332 -0.275895 0.925043 0.049087 -0.376678 0.343296 0.316468 0.884305
10.754268 -370.727531 2910.423732 -84449.994452 -0.041909 0.965599 0.256637 -0.209978 -0.259638 0.942601 -0.976808 0.014385 -0.213635
6.550635 -99.877702 769.772196 -11184.924874 -0.049549 0.936690 0.346637 -0.328866 -0.343011 0.879881 -0.943076 0.070400 -0.325041
2.737313 -103.414965 1908.211090 -19126.572604 -0.037953 0.926168 0.375196 -0.283204 -0.370041 0.884796 -0.958308 0.072677 -0.276339
1.531774 -300.672732 1951.511634 -77028.446470 -0.019292 0.961337 0.274697 -0.190952 -0.273233 0.942805 -0.981410 0.034265 -0.188841
-21.600844 -38.720151 -1964.844947 -475.983255 -0.973334 0.058376 -0.221841 0.051608 0.998012 0.036188 0.223513 0.023774 -0.974411
-16.654348 -29.177957 -3296.605640 -1121.256418 -0.942878 0.218761 -0.251247 0.236620 0.970658 -0.042832 0.234505 -0.099835 -0.966975
-23.037276 -31.158865 -1412.447920 -3350.354990 -0.983072 0.110772 -0.145940 0.124638 0.988153 -0.089548 0.134292 -0.106222 -0.985232
12.329538 -65.061137 -25818.016368 25997.672597 0.946035 0.308884 0.098021 -0.315793 0.946608 0.064871 0.072750 0.092325 -0.993068
-60.749976 -543.404468 -50225.767045 271473.498072 0.916944 0.395294 0.054364 -0.398297 0.898588 0.184120 -0.023931 0.190481 -0.981399
30.757463 -1583.498981 87977.183520 -760634.305686 0.639729 0.672842 0.371525 0.768562 -0.564855 -0.300420 0.007723 0.477727 -0.878474
-17.694429 -202.349388 1662.621291 131209.803284 0.969560 0.011340 0.244590 -0.108402 0.915577 0.387258 0.219549 0.401984 -0.888936
39.827274 -48.845685 -16452.974348 17972.035961 -0.887804 0.344460 -0.305209 0.319861 0.938650 0.128938 0.330898 0.016847 -0.943516
-5.546233 -38.975339 5155.912564 -1420.758292 -0.584141 0.351250 0.731712 0.535828 0.844024 0.022599 -0.609645 0.405273 -0.681239
0.962649 -33.646720 6063.220825 -374.795744 -0.690582 0.107374 0.715239 0.262147 0.958834 0.109166 -0.674074 0.262886 -0.690301
10.477355 -27.669033 3379.967994 -604.312003 -0.711370 0.172758 0.681254 0.355548 0.924593 0.136799 -0.606249 0.339533 -0.719152
5.639038 -34.620217 2848.861694 -1482.463991 -0.566164 0.422911 0.707534 0.641101 0.765449 0.055476 -0.518120 0.485009 -0.704498
14.467774 -20.812176 522.425300 -1113.012304 -0.741559 0.230625 0.630002 0.402071 0.904506 0.142156 -0.537056 0.358723 -0.763472
26.220121 -17.104298 3418.167724 687.116336 -0.822832 -0.095581 0.560189 0.074530 0.959090 0.273115 -0.563377 0.266478 -0.782046
7.713431 -26.093912 3564.254937 -3195.220165 0.056843 0.997802 0.034066 0.581766 -0.005374 -0.813338 0.811367 -0.066051 0.580793
-1.053313 -24.026459 1396.028455 -653.783492 0.033254 0.996096 0.081770 0.596817 0.045836 -0.801067 0.801688 -0.075440 0.592963
-1.820197 -33.314269 -226.891712 -3900.164970 0.046180 0.993771 0.101425 0.571543 0.056987 -0.818591 0.819272 -0.095771 0.565351
-0.740638 -50.422091 -1776.760270 -8489.910593 0.084956 0.993486 0.075944 0.506404 0.022589 -0.862000 0.858101 -0.111690 0.501187
-0.709126 -50.166201 696.665200 -8454.187293 0.082258 0.995933 0.036766 0.502717 -0.009611 -0.864398 0.860528 -0.089587 0.501463
7.815526 -39.361337 3690.125418 -6806.606763 0.060008 0.997916 0.023735 0.541736 -0.012587 -0.840455 0.838404 -0.063292 0.541362
10.359252 -26.108735 -369.045813 -750.909544 -0.929398 -0.336154 0.152380 -0.304151 0.931452 0.199724 -0.209072 0.139276 -0.967931
6.910191 -25.558331 -1001.672810 -852.900058 -0.942573 -0.311810 0.119708 -0.284702 0.937481 0.200185 -0.174644 0.154607 -0.972418
10.516345 -26.158058 786.201325 258.899021 0.941508 0.302929 -0.147634 -0.252506 0.924290 0.286232 -0.223165 0.232211 -0.946718
11.680342 -28.284660 -116.307099 -606.749682 -0.914193 -0.365244 0.175634 -0.319753 0.916297 0.241161 -0.249015 0.164309 -0.954460
14.239255 -25.369392 298.562642 1383.132958 -0.924407 -0.327982 0.194676 -0.251222 0.907646 0.336254 -0.286982 0.261929 -0.921431
14.220512 -20.757703 711.761501 2259.453779 0.950417 0.252105 -0.182072 -0.172994 0.915144 0.364121 -0.258419 0.314569 -0.913381
9.237347 -21.715526 2210.501539 1767.402860 0.963362 0.228693 -0.140122 -0.169954 0.924681 0.340706 -0.207485 0.304408 -0.929670
2.055268 -51.891194 566.136388 -4306.575691 0.762717 0.268673 -0.588283 -0.580047 0.686473 -0.438521 -0.286022 -0.675699 -0.679428
2.712189 -48.776489 -209.146835 -2853.570605 0.779305 0.196963 -0.594886 -0.538013 0.697027 -0.474020 -0.321287 -0.689463 -0.649165
5.036091 -46.738656 39.028376 68.927437 0.788542 0.220630 -0.574041 -0.567931 0.619330 -0.542112 -0.235915 -0.753494 -0.613670
1.314353 -98.902013 9.844646 -5018.805148 0.865792 0.345460 -0.362023 0.376603 0.026548 0.925994 -0.329505 0.938058 0.107116
1.698409 -107.153834 98.461959 -2612.254355 0.873965 0.338687 -0.348535 0.428315 -0.197920 0.881688 -0.229634 0.919847 0.318040
1.084077 -97.458326 -26.951612 -2623.508907 0.872089 0.350948 -0.341022 0.375134 -0.031972 0.926419 -0.314222 0.935849 0.159535
-3.119985 -33.813822 -5558.991047 -102.696948 0.419299 0.626232 -0.657283 0.842623 -0.537923 0.025022 -0.337898 -0.564334 -0.753228
-6.820781 -34.973160 -4259.021144 -266.359783 0.293091 0.696805 -0.654645 0.924027 -0.382266 0.006812 -0.245502 -0.606906 -0.755906
12.252167 -27.850946 -5514.802089 551.267301 0.554435 0.539779 -0.633436 0.763764 -0.632337 0.129667 -0.330554 -0.555687 -0.762854
20.364046 -28.621174 -6956.961470 -159.507461 0.616624 0.478812 -0.624911 0.673547 -0.731805 0.103900 -0.407564 -0.484974 -0.773751
21.514455 -23.934144 -3750.535234 38.637071 0.652040 0.510390 -0.560665 0.702575 -0.684725 0.193753 -0.285012 -0.520244 -0.805055
28.726987 -24.098985 -4405.408415 -328.659170 0.691521 0.469618 -0.548870 -0.641288 0.748855 -0.167232 -0.332489 -0.467628 -0.819009
10.051060 -69.324947 -2364.034399 7799.704270 0.937451 0.237306 -0.254700 -0.343337 0.751111 -0.563873 -0.057498 -0.616051 -0.785605
14.386708 -55.274346 -2697.391208 7563.387520 0.970572 0.148949 -0.189221 -0.224968 0.841136 -0.491812 -0.085906 -0.519908 -0.849892
6.666010 -77.253713 -1963.165126 9876.256236 0.927119 0.235281 -0.291707 -0.358146 0.785469 -0.504747 -0.110369 -0.572434 -0.812489
17.086702 -49.402384 -1585.828607 5737.241541 0.978218 0.160914 -0.131134 -0.206626 0.815302 -0.540914 -0.019873 -0.556227 -0.830792
2.935880 -88.344954 -1646.237656 8818.584887 0.899760 0.285327 -0.330183 -0.432507 0.683722 -0.587760 -0.058050 -0.671649 -0.738592
6.871125 -75.829378 -2140.712809 4438.441718 0.905524 0.291486 -0.308321 -0.424260 0.631261 -0.649240 -0.005387 -0.718711 -0.695288
12.489461 -59.473329 -1784.098714 4141.975470 0.944688 0.242480 -0.220836 -0.327909 0.711458 -0.621533 -0.006406 -0.659568 -0.751617
0.874997 -40.500857 -838.992891 3165.559743 0.676467 0.318995 -0.663804 0.393169 0.605721 0.691752 -0.622745 0.728934 -0.284331
4.081053 -42.271936 -415.278009 -741.162721 0.737544 0.347929 -0.578769 0.351737 0.533691 0.769061 -0.576463 0.770791 -0.271241
0.124782 -37.903098 -760.503462 -1889.818310 0.718732 0.379794 -0.582392 0.347429 0.529378 0.773984 -0.602260 0.758627 -0.248530
-4.527329 -33.882354 -198.984090 -329.190765 0.801818 0.354244 -0.481248 0.552814 -0.133926 0.822472 -0.226904 0.925514 0.303215
-3.758008 -34.702331 -377.158798 -499.573370 0.811167 0.371607 -0.451572 0.539366 -0.176927 0.823275 -0.226039 0.911375 0.343949
-4.933078 -37.432041 -132.140583 -1303.125521 0.801713 0.356059 -0.480083 0.578680 -0.261319 0.772555 -0.149620 0.897181 0.415547
24.145766 -74.513293 -8374.427093 -1678.157165 0.783915 0.130601 -0.606977 0.614135 -0.306696 0.727169 0.091189 0.942805 0.320631
25.447170 -70.901524 -8179.954957 -2549.314002 0.788304 0.129611 -0.601479 0.613139 -0.083906 0.785506 -0.051343 0.988008 0.145613
35.931040 -73.200397 -8932.890911 -2026.759461 0.788055 0.081233 -0.610222 0.606620 -0.271218 0.747298 0.104797 0.959084 0.263012
10.420439 -72.084229 -4657.123994 -2563.943558 0.779324 0.141796 -0.610367 0.625520 -0.118337 0.771182 -0.037121 0.982797 0.180919
32.116633 -75.960755 -8140.274682 -221.426213 0.785621 0.064376 -0.615350 0.558531 -0.501652 0.660597 0.266165 0.862671 0.430064
20.953713 -77.766980 -7704.443306 -415.537894 0.784580 0.116422 -0.609000 0.568291 -0.527817 0.631232 0.247951 0.841341 0.480276
9.222092 -75.400124 -4736.724595 -1592.798097 0.772102 0.150933 -0.617315 0.627175 -0.337685 0.701869 0.102523 0.929079 0.355389
-0.099346 -76.879390 -826.778674 3270.876512 0.948592 0.064460 -0.309869 0.284084 0.258221 0.923373 -0.139535 0.963933 -0.226634
-1.514905 -76.979354 -608.980916 3749.907969 0.938357 0.055737 -0.341144 0.307303 0.317376 0.897127 -0.158274 0.946661 -0.280684
0.646592 -85.072768 -836.237292 4933.425365 0.939920 0.055273 -0.336889 0.286636 0.408260 0.866697 -0.185443 0.911191 -0.367888
-2.931265 -70.690163 -526.640648 2036.245978 0.942660 0.057398 -0.328782 0.314858 0.173827 0.933085 -0.110708 0.983102 -0.145788
2.660032 -86.886317 -739.959048 4061.068873 0.946733 0.051423 -0.317887 0.282787 0.339451 0.897109 -0.154039 0.939217 -0.306828
-1.186531 -69.382572 -881.052723 2251.553927 0.953537 0.068846 -0.293304 0.284692 0.112641 0.951978 -0.098578 0.991248 -0.087808
2.540669 -76.722331 -907.222393 3415.721259 0.955461 0.062974 -0.288320 0.273213 0.180607 0.944847 -0.111573 0.981537 -0.155358
15.432412 -131.084599 1008.728148 15648.977804 0.851151 0.122798 -0.510355 -0.212337 -0.808611 -0.548691 0.480057 -0.575386 0.662175
12.540950 -142.312345 1086.837324 -8584.133331 0.848514 0.074265 -0.523936 0.128286 0.931699 0.339822 0.513388 -0.355557 0.781033
12.300292 -121.152725 1410.565812 13639.159628 0.829091 0.160679 -0.535528 -0.200778 -0.808367 -0.553381 0.521820 -0.566325 0.637949
-5.800317 -28.270855 964.225770 324.636032 0.858066 0.510484 -0.055937 0.057297 -0.203412 -0.977415 0.510333 -0.835482 0.203790
-4.406503 -28.490052 900.092267 247.316561 0.850551 0.524343 -0.040356 0.105737 -0.245680 -0.963567 0.515154 -0.815295 0.264406
-7.973052 -29.460663 653.778623 322.842506 0.866746 0.498333 -0.020392 0.121497 -0.250621 -0.960431 0.483725 -0.829972 0.277771
-29.810593 -111.656638 -1232.437555 -46258.964131 -0.755519 -0.632941 0.169048 -0.618189 0.774198 0.135864 -0.216871 -0.001856 -0.976199
-28.188336 -101.382832 1744.582718 -39604.667576 -0.723348 -0.646677 0.242025 -0.641731 0.758996 0.110031 -0.254850 -0.075725 -0.964011
-33.420178 -227.743504 -2487.709407 -68873.534249 -0.789117 -0.577148 0.210224 -0.510206 0.806452 0.298873 -0.342030 0.128588 -0.930849
-29.118899 -34.981714 1078.964350 -26770.745640 -0.854812 -0.478995 0.199652 -0.494863 0.868236 -0.035731 -0.156230 -0.129343 -0.979215
-31.337553 -226.104657 -5422.864973 -70075.325792 -0.795115 -0.585220 0.159088 -0.515487 0.790366 0.331050 -0.319475 0.181215 -0.930106
-33.365463 -146.310053 -6835.628776 -53284.314563 -0.766260 -0.637466 0.080510 -0.620467 0.766671 0.165034 -0.166929 0.076505 -0.982996
-35.415930 -53.638409 -2756.678011 -34660.128349 0.628388 0.769521 -0.113869 -0.769852 0.636190 0.050896 -0.111607 -0.055680 -0.992191
-12.098841 -24.780779 -117.886789 1597.835246 0.970370 0.189402 -0.150028 -0.128165 0.929843 0.344913 -0.204830 0.315465 -0.926567
-11.239244 -25.407644 -340.902670 1605.935110 0.956212 0.213404 -0.200294 -0.139831 0.934307 0.327900 -0.257111 0.285534 -0.923236
-11.280025 -19.997053 -149.163509 1817.898296 0.968316 0.175971 -0.177197 -0.084698 0.898917 0.429855 -0.234928 0.401227 -0.885339
-8.964666 -19.119512 723.504720 1752.924651 0.962830 0.260263 -0.072263 -0.200057 0.866881 0.456612 -0.181483 0.425183 -0.886726
-8.340036 -23.274926 874.933523 1522.584512 0.966105 0.250438 -0.062624 -0.210280 0.904169 0.371835 -0.149744 0.346063 -0.926184
-5.750827 -32.064052 -33.328200 -829.672409 0.853588 0.465815 -0.233249 0.203534 -0.710352 -0.673776 0.479544 -0.527653 0.701156
-5.629217 -32.959108 -118.690242 -375.884798 0.875251 0.414560 -0.249150 0.144844 -0.716143 -0.682759 0.461472 -0.561497 0.686851
-6.585816 -33.844879 557.459975 -341.708555 0.860186 0.451427 -0.237264 0.140949 -0.657562 -0.740098 0.490116 -0.603180 0.629254
-7.375810 -32.876359 -73.430541 -530.602764 0.843417 0.492200 -0.215375 0.187997 -0.645910 -0.739903 0.503293 -0.583557 0.637304
-3014.813756 -6949.223480 -2144499.732392 -2290266.492006 -0.414459 0.528334 -0.741004 0.775094 -0.221771 -0.591648 -0.476921 -0.819561 -0.317593
-1509.973427 -2874.766218 -308324.245690 -2293815.839155 0.812903 -0.022951 -0.581946 -0.325308 0.810923 -0.486394 -0.483077 -0.584703 -0.651736
-1023.664560 -1886.642373 -501425.484490 513194.923835 -0.397600 0.449251 -0.800055 0.917037 0.165165 -0.362992 -0.030934 -0.878006 -0.477649
-825.259850 -1750.603385 -440958.301066 627848.368540 0.055063 0.026133 -0.998141 0.918702 -0.392881 0.040394 -0.391095 -0.919218 -0.045641
-1583.417751 -1868.990262 -265718.124811 1165715.360035 0.207996 0.557244 -0.803876 0.895845 0.221414 0.385276 0.392682 -0.800284 -0.453151
-1748.638646 -15012.577928 398174.481282 -8543046.071591 0.836544 0.131038 -0.531999 -0.544509 0.090968 -0.833808 0.060866 -0.987195 -0.147450
-1694.559733 -5856.646305 918822.678394 -397895.860158 0.797139 -0.244437 0.552104 0.498038 0.783144 -0.372350 0.341361 -0.571783 -0.746014
-4.841834 -34.178179 -694.456647 -11123.500401 0.001722 0.090269 0.995916 -0.272654 0.958226 -0.086382 -0.962111 -0.271392 0.026262
-3.700811 -11.429496 -90.295135 -1492.538192 0.072124 -0.178239 0.981340 -0.237260 0.952594 0.190455 -0.968765 -0.246569 0.026416
-3.267676 -36.033873 48.214258 -12231.151740 0.016230 0.123000 0.992274 -0.269771 0.956139 -0.114109 -0.962788 -0.265835 0.048700
0.695640 -28.481965 1677.547570 -9175.578031 0.048089 0.067024 0.996592 -0.255736 0.965316 -0.052580 -0.965550 -0.252336 0.063561
-0.705890 -68.146424 1015.681790 -17558.959303 0.027741 0.165530 0.985815 -0.189739 0.969137 -0.157390 -0.981442 -0.182682 0.058293
4.872509 -19.884337 993.739242 -3370.118362 0.001009 0.173715 0.984796 -0.227437 0.959027 -0.168936 -0.973792 -0.223809 0.040477
5.878014 -35.960803 2239.381444 -10660.515210 0.057356 0.117917 0.991366 -0.230252 0.967793 -0.101792 -0.971439 -0.222425 0.082660
1.250360 -14.143174 1132.559702 -3683.485288 0.054666 0.006673 0.998482 -0.238295 0.971171 0.006556 -0.969653 -0.238292 0.054680
10.270352 -40.102941 745.426884 -8553.747250 -0.023348 0.165765 0.985889 -0.164904 0.972011 -0.167337 -0.986033 -0.166484 0.004641
-0.456025 -21.325561 1292.025079 5590.881346 -0.010482 0.253576 0.967259 -0.213585 0.944420 -0.249903 -0.976868 -0.209211 0.044260
3.894434 -26.755564 1098.602472 6690.378451 -0.064250 0.400116 0.914209 -0.215001 0.889038 -0.404210 -0.974498 -0.222526 0.028904
8.397109 -26.847668 349.118626 -2778.904500 -0.068885 0.267684 0.961041 -0.196761 0.940762 -0.276139 -0.978029 -0.208118 -0.012134
-32.355536 -54.462061 -932.960220 1799.217967 0.900511 0.009252 0.434735 -0.338546 -0.612506 0.714299 -0.272886 0.790412 0.548436
-30.059571 -49.963513 -586.381474 3647.671028 0.866316 -0.157047 0.474165 -0.447692 -0.665114 0.597659 -0.221513 0.730041 0.646507
95.544442 -67.691773 -4358.477213 3163.377561 0.825581 0.559744 -0.071434 -0.559594 0.828420 0.023974 0.072596 0.020181 0.997157
84.248934 -56.189948 -5837.626495 3288.395703 0.808552 0.565948 0.161077 -0.576569 0.816672 0.024788 -0.117519 -0.112915 0.986630
68.158196 -50.437921 -6138.527579 -1749.143094 0.759125 0.585344 0.284784 -0.610833 0.791759 0.000864 -0.224975 -0.174611 0.958591
-31.738335 -52.461546 -1682.316491 -4542.693382 0.883062 0.107248 0.456836 0.374739 -0.747128 -0.548972 -0.282439 -0.655970 0.699951
3.096018 -82.961659 -307.818180 -1544.224466 -0.313908 0.750144 0.582019 0.945023 0.187705 0.267765 0.091614 0.634075 -0.767825
2.812360 -77.160293 -317.279149 -3773.716574 -0.321525 0.746548 0.582484 0.942959 0.308514 0.125093 -0.086317 0.589479 -0.803159
1.458332 -74.931043 -522.784767 -4252.269189 -0.322667 0.755623 0.570018 0.943762 0.302719 0.132943 -0.072101 0.580858 -0.810806
-4.068089 -30.790449 -40.227930 -272.002321 0.663990 -0.263829 -0.699651 0.338657 0.940324 -0.033188 0.666655 -0.214906 0.713713
-3.719991 -27.451817 -102.817186 -1792.323243 0.671314 -0.250223 -0.697657 0.413933 0.907387 0.072859 0.614814 -0.337695 0.712717
-3.136166 -28.095719 -140.667098 -1764.562092 0.633190 -0.311558 -0.708521 0.455178 0.890269 0.015305 0.626006 -0.332194 0.705523
-4.297613 -30.739460 -193.019186 -424.480302 0.645534 -0.277137 -0.711675 0.357489 0.933099 -0.039098 0.674899 -0.229177 0.701420
-4.721233 -32.483403 -736.799107 117.079103 0.671197 -0.238918 -0.701721 0.265605 0.961296 -0.073245 0.692061 -0.137219 0.708676
-3.699185 -32.926442 304.479033 246.155250 0.665262 -0.236123 -0.708288 0.256393 0.963232 -0.080296 0.701206 -0.128182 0.701342
-20.348067 -37.601826 -4243.627025 606.754191 -0.785477 -0.453932 0.420681 -0.090328 0.756540 0.647679 -0.612264 0.470738 -0.635247
-11.343303 -36.867802 -3068.641778 -181.100420 -0.805728 -0.397475 0.439107 -0.094178 0.817924 0.567566 -0.584750 0.415949 -0.696458
-18.699096 -37.067178 -2404.190380 -1440.307959 -0.758775 -0.501536 0.415598 -0.189208 0.780256 0.596155 -0.623266 0.373713 -0.686934
-2.336342 -29.989204 18.875680 -100.039806 0.854619 -0.382550 0.351114 0.513672 0.721747 -0.463921 0.075943 -0.576833 -0.813324
-2.172165 -31.368563 -39.489061 -47.302290 0.841791 -0.402702 0.359470 0.521207 0.779642 -0.347134 0.140466 -0.479573 -0.866187
3.442184 -69.359320 -1086.476609 6354.778752 0.970688 0.182927 0.155890 -0.136219 0.953114 -0.270220 0.198011 -0.241064 -0.950095
-3.869012 -83.107149 522.808803 -414.723829 -0.956265 -0.230962 -0.179484 -0.181705 0.949913 -0.254260 0.229219 -0.210527 -0.950335
-3.390273 -75.055335 -5873.016060 130.500778 -0.300651 0.892589 0.335996 -0.150807 0.303371 -0.940863 0.941736 0.333542 -0.043400
-5.488169 -20.422393 -568.131255 -2372.167111 0.858965 0.476118 -0.188391 -0.289592 0.755157 0.588111 -0.422275 0.450610 -0.786533
-4.879702 -26.787207 -717.164873 -2118.953130 0.867620 0.449554 -0.212455 -0.221160 0.731591 0.644874 -0.445336 0.512519 -0.734167
-7.297391 -27.528672 -585.977311 -1987.799204 0.869348 0.466613 -0.162805 -0.259458 0.711315 0.653232 -0.420612 0.525645 -0.739447
4.018722 -60.111640 7.101973 -6804.632576 -0.365220 0.699645 0.614094 0.827838 0.545812 -0.129511 -0.425791 0.461071 -0.778534
5.378963 -48.088774 -578.253736 6429.925719 -0.398541 0.677076 0.618654 -0.740083 -0.635824 0.219100 -0.541703 0.370535 -0.754495
9.337445 -48.501073 -1304.282705 7656.048730 -0.381851 0.680569 0.625312 -0.720954 -0.642677 0.259214 -0.578287 0.351840 -0.736066
40.951746 -30.962321 -2610.540749 -757.657487 -0.250103 0.877438 0.409329 0.689521 -0.135378 0.711501 -0.679712 -0.460190 0.571154
44.892474 -33.823597 8855.322592 -536.330566 0.473555 -0.681535 -0.557903 0.738631 -0.037732 0.673053 -0.479760 -0.730812 0.485535
63.596837 -23.081976 6789.077620 -820.523472 0.062084 0.967722 0.244255 0.670574 -0.221706 0.707939 -0.739241 -0.119839 0.662693
32.557806 -34.268713 -1391.844388 -1057.429385 -0.239508 0.893415 0.380060 0.763166 -0.068745 0.642535 -0.600178 -0.443941 0.665359
47.907086 -31.464228 6710.051163 -851.334430 0.009582 0.985924 0.166922 0.746724 -0.118079 0.654569 -0.665065 -0.118372 0.737344
-0.506722 -129.724089 -388.259335 -9303.870508 -0.020205 0.671518 0.740712 -0.564900 -0.618939 0.545712 -0.824912 0.407403 -0.391847
0.062932 -110.591493 -205.848831 -6985.582434 -0.017979 0.673689 0.738796 -0.734957 -0.509879 0.447060 -0.677876 0.534946 -0.504299
0.775933 -128.324657 -69.763583 -10393.171488 -0.017850 0.668286 0.743690 -0.607554 -0.597986 0.522773 -0.794078 0.442500 -0.416694
-1.252632 -114.553178 -300.644340 -6415.421499 -0.012304 0.677855 0.735093 -0.698620 -0.531783 0.478683 -0.715387 0.507661 -0.480106
0.156664 -141.469541 -208.510098 10007.832055 -0.021829 0.672387 0.739878 0.386026 0.688331 -0.614153 -0.922229 0.272206 -0.274585
-2.304455 -133.380524 -479.823819 -9458.290832 -0.011214 0.676101 0.736724 -0.520850 -0.632877 0.572872 -0.853574 0.377299 -0.359244
-0.913042 -140.583680 -738.739622 9747.745381 -0.024678 0.675613 0.736843 0.344977 0.697547 -0.628028 -0.938286 0.238696 -0.250285
-11.262670 -26.162907 -611.857024 75.822307 0.814947 0.429527 -0.389059 0.550738 -0.782981 0.289187 0.180412 0.449942 0.874645
-14.599560 -27.551060 -1292.668797 137.536949 0.803508 0.421126 -0.420747 0.552509 -0.790679 0.263745 0.221606 0.444387 0.867992
-12.244206 -27.125317 -914.134934 347.678494 0.868140 0.344540 -0.357246 0.478703 -0.771333 0.419392 0.131059 0.535105 0.834557
-13.167854 -27.133322 -962.493091 -80.405578 0.760804 0.488491 -0.427263 0.590224 -0.794551 0.142566 0.269840 0.360645 0.892817
-8.182454 -25.088906 -344.903560 233.315233 0.889408 0.334378 -0.311681 0.447408 -0.776547 0.443622 0.093698 0.534009 0.840271
-8.616561 -24.442951 -109.282020 53.957211 0.848488 0.403740 -0.342143 0.510643 -0.794368 0.328973 0.138968 0.453842 0.880179
-10.590014 -25.875003 -347.194631 -130.514025 0.773824 0.492382 -0.398442 0.591413 -0.786885 0.176190 0.226775 0.371984 0.900112
10.256034 -114.576533 2267.152699 -5569.310351 0.092088 0.778268 0.621143 -0.793306 -0.319670 0.518147 -0.601818 0.540472 -0.587967
9.103739 -103.331509 1650.469671 -2270.901369 0.068945 0.776318 0.626560 0.862963 0.268707 -0.427891 -0.500541 0.570199 -0.651408
7.018645 -94.303748 298.671095 -4458.171952 0.050982 0.767764 0.638701 0.896043 0.247256 -0.368743 -0.441030 0.591103 -0.675344
6.905499 -97.741815 529.974504 3291.018726 0.086548 0.773491 0.627870 0.836423 0.285957 -0.467574 -0.541209 0.565633 -0.622216
12.062928 -168.825739 7767.183438 16285.712301 0.616178 -0.490499 -0.616227 0.752674 0.597147 0.277303 0.231961 -0.634686 0.737135
20.117696 -196.818313 8078.323951 11538.828545 0.622009 -0.493291 -0.608086 0.782875 0.406216 0.471269 0.014542 -0.769189 0.638856
18.817153 -187.616276 1444.580431 5209.907243 0.600765 -0.561314 -0.569217 0.799278 0.435447 0.414175 0.015382 -0.703785 0.710247
12.075982 -195.604340 10447.009154 23694.562165 0.631176 -0.458433 -0.625664 0.766293 0.493402 0.411521 0.120049 -0.739184 0.662718
11.622996 -161.787739 -1283.507071 15091.549108 0.596222 -0.583840 -0.551044 0.770417 0.609131 0.188197 0.225781 -0.536740 0.812978
3.933077 -151.785606 5974.298327 17860.156750 0.629759 -0.479002 -0.611524 0.718103 0.659179 0.223186 0.296197 -0.579690 0.759096
3.846296 -187.937830 6828.489192 25933.304368 0.630430 -0.470213 -0.617623 0.760954 0.531516 0.372075 0.153322 -0.704550 0.692894
5.164126 -134.214851 5068.214660 17032.028324 0.605113 -0.499590 -0.619877 0.692502 0.714420 0.100221 0.392783 -0.489911 0.778273
6.652627 -137.612171 1514.171756 15009.230387 0.579310 -0.564597 -0.587903 0.702236 0.711896 0.008297 0.413841 -0.417652 0.808889
0.429490 -129.213077 -2126.332601 8957.647796 0.534701 -0.629118 -0.564185 0.649213 0.733208 -0.202309 0.540941 -0.258102 0.800479
-6.316819 -145.950623 -5014.440769 10447.448045 0.503895 -0.679679 -0.533035 0.695594 0.685166 -0.216095 0.512092 -0.261886 0.818032
-15.407176 -135.429652 3403.114132 2642.184749 -0.452076 0.716971 0.530641 0.605852 0.683433 -0.407263 0.654653 -0.137376 0.743342
-166.921255 -2510.848993 -88437.546981 21531.704190 -0.297261 0.952567 -0.065201 0.648919 0.251651 0.718036 -0.700385 -0.171134 0.692946
37.736872 -1549.998841 -14341.986310 257852.674083 -0.118520 0.992919 0.008069 0.018063 -0.005969 0.999819 -0.992787 -0.118645 0.017228
479.293470 -1482.661176 -146286.938098 567431.859496 -0.245556 0.961175 -0.125878 0.727065 0.268500 0.631889 -0.641154 -0.063643 0.764768
-2.026092 -36.271915 923.802715 649.296176 -0.072767 -0.838560 -0.539928 0.946511 0.112572 -0.302397 0.314359 -0.533052 0.785515
-813.378379 -9207.149961 -186391.953553 1999408.683309 0.025591 0.994942 -0.097137 0.937135 -0.057705 -0.344163 0.348027 0.082223 0.933872
234.153729 -1002.556714 -178118.033028 260738.277446 -0.069520 0.995184 0.069106 0.984353 0.079677 -0.157162 0.161912 -0.057099 0.985152
128.063699 -697.852096 96578.499442 -441491.875323 -0.004613 -0.956437 0.291901 0.989119 -0.047288 -0.139311 0.147045 0.288082 0.946249
75.094327 -2267.034880 -12350.608370 -814383.652101 -0.677476 0.731539 0.076655 0.506061 0.539201 -0.673174 0.533786 0.417268 0.735500
