14252
28492
-47.061461 -74.026776 4597.496675 -13324.607915 0.995880 0.075817 -0.049757 -0.069305 0.990157 0.121597 -0.058487 0.117648 -0.991332
-56.093657 -79.506362 -624.580621 -8848.913363 0.944880 0.315360 -0.088035 -0.287209 0.927418 0.239599 -0.157205 0.201108 -0.966872
-53.582946 -98.124539 3255.919807 -16387.989165 0.989154 -0.079938 -0.123226 0.108334 0.963569 0.244538 -0.099189 0.255236 -0.961778
-46.345961 -63.011814 757.231767 -6845.732905 -0.726176 -0.686187 0.042622 -0.676072 0.723983 0.137022 -0.124880 0.070687 -0.989651
-33.069685 -103.463734 11674.797842 -19928.756675 0.993312 -0.113449 -0.021473 0.115444 0.972439 0.202569 0.002100 0.203694 -0.979032
-31.155450 -74.255395 10936.737195 -14131.608814 0.999068 0.025308 0.034953 -0.027061 0.998352 0.050609 0.033614 0.051507 -0.998107
-40.112772 -55.056760 2881.404538 -7287.706247 0.859136 0.511748 -0.000298 -0.511553 0.858825 0.027089 -0.014119 0.023121 -0.999633
-46.488443 -75.997248 -648.292289 -2770.872180 -0.274629 0.904975 -0.324960 -0.574333 0.116661 0.810267 -0.771181 -0.409158 -0.487718
-49.893694 -77.759051 -3481.385958 -4063.805086 -0.319369 0.869507 -0.376777 -0.467595 0.201227 0.860733 -0.824232 -0.451071 -0.342312
-47.767584 -81.785565 -35.603866 -2590.044868 -0.211300 0.904685 -0.369996 -0.465601 0.239671 0.851923 -0.859400 -0.352282 -0.370579
-49.899482 -82.540373 -2279.027032 -1438.431245 -0.297930 0.864144 -0.405577 -0.322560 0.308747 0.894780 -0.898439 -0.397404 -0.186753
-48.412580 -80.055373 900.330456 -1698.200909 -0.179399 0.942153 -0.283132 -0.593094 0.126039 0.795207 -0.784892 -0.310583 -0.536174
-50.482544 -82.960810 1846.405672 -2235.322382 -0.096165 0.925949 -0.365199 -0.477632 0.278971 0.833092 -0.873281 -0.254545 -0.415436
-49.450527 -83.058904 -20.221734 -1172.482121 -0.163027 0.899283 -0.405847 -0.335979 0.336163 0.879837 -0.927653 -0.279794 -0.247336
-63.504881 -81.780560 -2328.611612 -573.099108 0.772428 -0.604264 0.195500 -0.043903 -0.357891 -0.932731 -0.633584 -0.711884 0.302974
-63.152469 -77.622865 2230.064242 2922.375013 -0.728173 0.666733 -0.158845 0.197260 0.425818 0.883044 -0.656393 -0.611675 0.441589
-59.004251 -80.386637 946.343254 996.537692 -0.714987 0.649250 -0.259363 0.024899 0.394386 0.918607 -0.698695 -0.650334 0.298146
-67.650527 -82.003590 -2044.136923 -1066.239746 0.831429 -0.542602 0.119619 -0.123658 -0.390584 -0.912224 -0.541696 -0.743658 0.391840
0.005505 -20.160121 3123.425735 3413.886628 -0.760542 -0.385523 0.522444 0.113655 0.713171 0.691716 -0.639264 0.585457 -0.498580
-0.977378 -26.449666 484.392977 1680.793891 -0.778625 -0.483778 0.399627 -0.047975 0.680898 0.730805 -0.625653 0.549852 -0.553373
2.703594 -22.110549 2324.482768 2442.867652 -0.771811 -0.460617 0.438339 0.005110 0.684856 0.728660 -0.635832 0.564627 -0.526226
6.128009 -13.666690 3861.793549 4569.166317 -0.758147 -0.383636 0.527292 0.142602 0.691511 0.708150 -0.636301 0.612075 -0.469560
15.983005 -52.534948 1291.052205 1698.317808 0.799980 0.520335 -0.298803 -0.109131 -0.363503 -0.925179 0.590018 -0.772734 0.234010
14.934819 -54.186660 3469.560133 -3296.406768 0.799211 0.519367 -0.302521 -0.029440 -0.468891 -0.882765 0.600329 -0.714422 0.359453
4.754914 -54.248863 6541.664849 -96.367809 0.763954 0.510835 -0.394237 -0.179409 -0.418719 -0.890217 0.619829 -0.750814 0.228234
17.924703 -54.044981 -1161.927165 -711.986361 0.842995 0.514287 -0.157697 0.017723 -0.319555 -0.947402 0.537630 -0.795860 0.278498
8.687713 -55.997474 3963.893040 2356.559013 0.774044 0.523803 -0.355649 -0.212612 -0.314064 -0.925289 0.596366 -0.791829 0.131733
14.295921 -55.232381 -214.051335 1909.300517 0.822452 0.523171 -0.223305 -0.092829 -0.263860 -0.960084 0.561209 -0.810352 0.168447
-2.892921 -49.061651 -1108.720247 2197.400591 -0.805462 -0.443332 -0.393304 -0.291227 0.874068 -0.388835 0.516157 -0.198651 -0.833138
-3.837348 -50.849967 -799.858940 -8190.074443 -0.810877 -0.441717 -0.383880 -0.199465 0.825294 -0.528303 0.550175 -0.351818 -0.757319
-5.048660 -50.222677 -1267.357948 436.454965 -0.811661 -0.429889 -0.395478 -0.272765 0.877624 -0.394176 0.516533 -0.212065 -0.829592
-4.316862 -51.201386 -1955.667465 8119.018575 -0.808090 -0.437219 -0.394752 -0.356297 0.896445 -0.263514 0.469087 -0.072294 -0.880188
1.016715 -75.807147 -1850.350912 -596.732700 0.874389 0.342784 0.343428 0.302178 0.169088 -0.938135 0.379648 -0.924072 -0.044267
5.930042 -77.573951 -1249.592691 -1500.057148 0.855372 0.359131 0.373313 0.269824 0.306286 -0.912898 0.442191 -0.881597 -0.165086
1.825222 -77.086359 -1846.744114 703.657244 0.871574 0.340223 0.352997 0.259655 0.290405 -0.921002 0.415858 -0.894379 -0.164769
4.341237 -73.656564 -1812.164489 -832.474841 0.865107 0.354609 0.354743 0.328830 0.133100 -0.934963 0.378762 -0.925493 0.001460
-1.291748 -75.702306 -813.545081 1548.398634 0.873850 0.357324 0.329706 0.278390 0.188231 -0.941843 0.398603 -0.914816 -0.065010
-0.471946 -73.716064 -1243.692926 -712.201897 0.878446 0.358022 0.316470 0.333560 0.014788 -0.942613 0.342157 -0.933596 0.106431
-3.742149 -77.645641 -862.561233 -636.212439 0.883421 0.364584 0.294356 0.314614 0.004030 -0.949211 0.347254 -0.931162 0.111143
0.624310 -86.946456 -2087.605662 -7817.864402 -0.871750 -0.171970 -0.458779 -0.299257 0.928306 0.220666 0.387939 0.329658 -0.860714
-2.651818 -110.492958 1521.273199 -11708.017883 0.893285 0.118891 0.433481 -0.294273 0.883668 0.364053 0.339771 0.452765 -0.824354
0.963703 -93.879237 -1896.653771 -13513.215388 -0.900527 -0.087846 -0.425834 -0.197289 0.955309 0.220141 0.387465 0.282255 -0.877612
-0.797012 -109.548328 -1631.243105 -14196.896105 0.939863 0.018224 0.341065 -0.138615 0.932994 0.332126 0.312159 0.359430 -0.879413
5.253454 -83.221161 1195.231235 -16511.361874 -0.932685 -0.037143 -0.358774 -0.085100 0.989263 0.118814 0.350509 0.141348 -0.925832
2.553350 -78.188680 -2057.589066 -13290.254166 -0.874452 -0.159741 -0.458057 -0.221673 0.971462 0.084399 0.431503 0.175341 -0.884907
7.147598 -69.233359 -2025.861024 -8566.118895 -0.897869 -0.105054 -0.427545 -0.132571 0.990555 0.035013 0.419829 0.088117 -0.903316
4.475698 -219.720288 -635.588949 -5540.597342 0.879322 0.374490 0.294193 -0.435702 0.882002 0.179547 0.192240 0.286061 -0.938729
3.460069 -203.650978 2719.592733 -19888.988548 -0.862772 -0.420049 -0.281393 -0.372610 0.904453 -0.207671 0.341739 -0.074323 -0.936851
3.602789 -200.262823 2721.487592 -6541.692352 -0.872521 -0.385679 -0.299932 -0.427392 0.899960 0.086063 0.236734 0.203280 -0.950071
-8.392871 -101.827765 -1010.971738 -6989.159959 0.942444 0.246446 0.225971 -0.146659 0.912030 -0.383005 0.300483 -0.327820 -0.895681
-8.225314 -117.386708 1774.132508 -10525.073490 -0.942647 -0.245320 -0.226352 -0.206357 0.961309 -0.182488 0.262362 -0.125313 -0.956798
-9.084119 -104.230594 -672.582280 -5907.093213 -0.928004 -0.269424 -0.257329 -0.173386 0.923648 -0.341778 0.329765 -0.272554 -0.903864
-10.812293 -107.710349 177.066745 -6542.554343 -0.925937 -0.278126 -0.255511 -0.189673 0.927472 -0.322212 0.326595 -0.249884 -0.911534
-11.354776 -98.763661 1620.364154 -308.506513 0.921142 0.288910 0.260823 -0.133241 0.863676 -0.486118 0.365711 -0.413031 -0.834063
-8.225050 -52.224832 -6054.224525 2707.722850 0.896910 0.441779 0.019573 -0.208412 0.461332 -0.862402 0.390021 -0.769418 -0.505846
-10.751948 -50.941848 -1556.123464 2456.663040 0.879993 0.474467 0.022206 -0.244618 0.492774 -0.835066 0.407154 -0.729421 -0.549701
-11.425374 -54.977884 -128.093033 2074.939348 0.878693 0.477321 0.007979 -0.195088 0.374289 -0.906559 0.435706 -0.795030 -0.422005
-7.093113 -44.144379 -1345.711084 2680.638698 0.955663 0.140351 0.258862 -0.019893 -0.846321 0.532302 -0.293789 0.513851 0.806006
-10.577061 -43.163912 307.286858 1135.475219 0.959457 0.184879 0.212748 0.055993 -0.864796 0.498992 -0.276237 0.466849 0.840086
-8.851171 -46.897680 1018.316080 1131.451681 0.966215 0.146396 0.212124 0.005154 -0.833836 0.551988 -0.257686 0.532246 0.806419
-8.799811 -48.813273 502.350181 2992.751505 0.963666 0.116630 0.240304 -0.053737 -0.796597 0.602118 -0.261650 0.593153 0.761386
-5.497648 -51.087815 1247.302076 2202.945206 0.971124 0.133173 0.197948 -0.014824 -0.794422 0.607185 -0.238115 0.592586 0.769508
-7.538736 -51.291292 902.590967 2573.114808 0.965952 0.118240 0.230121 -0.055506 -0.774035 0.630705 -0.252696 0.622004 0.741118
-7.653657 -47.557462 1512.884529 938.910041 0.969158 0.167553 0.180715 0.048197 -0.848015 0.527775 -0.241680 0.502788 0.829937
7.286495 -61.909914 3433.761729 -22.327233 0.954927 0.275046 0.111644 -0.127864 0.720556 -0.681505 0.267892 -0.636513 -0.723247
9.524472 -61.762520 4320.361205 1350.547543 0.959655 0.259515 0.108231 -0.138767 0.771891 -0.620426 0.244553 -0.580376 -0.776761
14.304919 -61.196959 4087.510716 391.374105 0.965453 0.228873 0.124574 -0.090329 0.742374 -0.663868 0.244422 -0.629681 -0.737401
16.954922 -60.805921 4377.249173 -1781.899534 0.965288 0.229867 0.124019 -0.055577 0.644722 -0.762394 0.255207 -0.729037 -0.635117
15.989187 -61.547538 764.448502 -288.014707 0.982024 0.159480 0.100966 -0.069007 0.801219 -0.594379 0.175687 -0.576727 -0.797822
19.106555 -60.589176 1013.928673 -1105.564319 0.978962 0.171333 0.110811 -0.042637 0.702856 -0.710054 0.199540 -0.690391 -0.695374
-8.407494 -204.170770 -2870.358105 -35551.682852 -0.202198 0.700610 0.684296 0.944657 -0.044790 0.324988 0.258340 0.712137 -0.652780
-10.686182 -263.536319 -2584.779637 -47954.812062 -0.192759 0.710958 0.676301 0.875422 -0.186745 0.445827 0.443261 0.677986 -0.586392
-1.289553 -188.131019 -1453.207934 -32946.050723 -0.154801 0.687903 0.709102 0.977976 0.004988 0.208658 0.140000 0.725785 -0.673525
-3.193315 -149.171057 -3844.947239 -23302.975857 -0.169060 0.699431 0.694417 0.985575 0.114423 0.124694 0.007758 0.705481 -0.708687
-14.361449 -39.363401 3754.808762 936.182845 0.965733 -0.067900 0.250499 -0.198214 0.430110 0.880748 0.167545 0.900220 -0.401912
-21.955952 -38.589469 5290.960641 469.740254 0.973718 -0.052818 0.221549 -0.171209 0.471766 0.864942 0.150204 0.880140 -0.450324
-18.678239 -37.656024 5139.270559 1210.918832 0.985928 -0.094439 0.137936 -0.090469 0.392426 0.915324 0.140572 0.914923 -0.378360
-11.883584 -36.227897 3993.007932 1553.664442 0.976050 -0.091684 0.197283 -0.156685 0.332845 0.929873 0.150919 0.938514 -0.310508
-9.645530 -39.542515 148.604396 1804.210904 0.952736 -0.045597 0.300358 -0.259850 0.389899 0.883435 0.157392 0.919728 -0.359623
13.065092 -567.401250 -9679.845030 -95078.800471 0.272986 -0.563692 -0.779570 0.909975 -0.111615 0.399358 -0.312127 -0.818409 0.482476
14.015101 -576.344717 -12477.731420 -84973.826352 0.234875 -0.575466 -0.783373 0.759960 -0.393767 0.517116 -0.606049 -0.716789 0.344845
0.333055 -454.425690 -3535.114293 -49295.297687 0.300226 -0.570489 -0.764465 0.724228 -0.385241 0.571913 -0.620773 -0.725350 0.297504
24.158565 -767.925058 -7541.623623 232498.561673 -0.208267 0.506905 0.836464 -0.418153 0.726972 -0.544665 -0.884179 -0.463205 0.060560
15.779756 -543.004848 -3894.090140 27780.826640 0.316991 -0.588217 -0.743988 0.933440 0.054583 0.354556 -0.167947 -0.806859 0.566367
-11.270527 -465.690523 4050.626881 113532.916822 -0.306472 0.575741 0.758022 -0.460449 0.607306 -0.647430 -0.833104 -0.547449 0.078977
-0.549876 -739.323483 -892.072124 -229207.362914 0.411048 -0.563651 -0.716475 0.787663 -0.176078 0.590410 -0.458941 -0.807028 0.371590
3.717767 -586.152824 -6839.747214 178003.274095 -0.385996 0.527710 0.756657 -0.523096 0.550403 -0.650713 -0.759853 -0.646977 0.063590
-23.247016 -1018.544446 4784.842638 -435617.911052 -0.423832 0.431588 0.796303 0.429069 0.869937 -0.243125 -0.797663 0.238625 -0.553888
1.400142 -697.909982 -2876.674764 -252898.563122 -0.485199 0.377696 0.788624 0.495157 0.862038 -0.108212 -0.720695 0.337988 -0.605279
-10.804006 -509.306597 -4021.536445 -132216.334929 -0.453212 0.406509 0.793316 0.180493 0.913377 -0.364917 -0.872939 -0.022197 -0.487325
-7.673355 -534.967188 -8084.502758 -152023.207155 -0.389508 0.507799 0.768390 0.073318 0.848727 -0.523724 -0.918100 -0.147658 -0.367817
9.137874 -59.666893 -6941.430939 -317.937507 0.955454 0.293376 0.032235 -0.123874 0.497749 -0.858429 0.267887 -0.816196 -0.511918
17.208623 -59.422300 -9301.406809 376.685887 0.955541 0.289633 0.055269 -0.087758 0.458302 -0.884453 0.281497 -0.840281 -0.463344
12.452852 -59.402321 -11933.274994 212.357631 0.963273 0.265520 0.040041 -0.125788 0.577940 -0.806327 0.237238 -0.771676 -0.590114
7.410414 -59.576323 -4470.837074 159.546451 0.952210 0.300082 0.056978 -0.134780 0.580196 -0.803248 0.274099 -0.757181 -0.592914
-20.911328 -42.038421 876.644742 -1495.935712 0.906373 0.368909 0.205896 0.329485 -0.312196 -0.891052 0.264437 -0.875465 0.404516
-21.097868 -40.116595 1370.697303 1300.177871 0.800080 0.461722 0.382995 0.541160 -0.279996 -0.792937 0.258879 -0.841674 0.473884
-22.317940 -49.401541 30.521381 3061.538613 0.840621 0.384871 0.381091 0.501671 -0.288052 -0.815691 0.204162 -0.876870 0.435221
-21.161119 -47.243244 -162.040946 -71.170041 0.910457 0.324229 0.256796 0.345932 -0.256614 -0.902486 0.226714 -0.910508 0.345797
-21.587311 -50.092343 -482.393029 2426.505499 0.878955 0.324917 0.349095 0.437398 -0.257511 -0.861609 0.190055 -0.910009 0.368459
-20.267401 -54.268671 -748.225127 4120.004239 0.850183 0.330897 0.409506 0.509851 -0.323474 -0.797131 0.131304 -0.886494 0.443720
-20.116972 -55.290698 722.140542 4222.563816 0.770615 0.419674 0.479612 0.621677 -0.329401 -0.710642 0.140253 -0.845795 0.514743
0.547185 -12.496034 3618.856794 -6769.563042 -0.332183 0.307846 0.891564 0.685243 0.728305 0.003836 -0.648149 0.612212 -0.452879
7.466976 -17.703292 2652.298914 -8411.859138 -0.146835 0.511417 0.846695 0.753855 0.612049 -0.238953 -0.640423 0.603198 -0.475405
7.998739 -25.337094 2058.381946 -5471.338589 -0.232778 0.440125 0.867239 0.784707 0.611772 -0.099850 -0.574499 0.657286 -0.487777
5.502146 -63.161115 1372.726978 911.760841 0.971881 0.160563 0.172241 0.029367 -0.808406 0.587892 -0.233634 0.566303 0.790390
3.966604 -60.775568 1288.527931 896.426924 0.971286 0.174151 0.162094 0.055506 -0.828384 0.557404 -0.231349 0.532402 0.814264
5.212874 -64.482972 1247.132589 121.250761 0.969154 0.194573 0.151267 0.098471 -0.868359 0.486062 -0.225929 0.456173 0.860733
-2.094647 -94.336256 -95.767582 -2484.149729 0.890510 0.137378 0.433728 -0.286323 0.910085 0.299608 0.353569 0.390990 -0.849774
-1.089593 -98.394323 -514.369526 -4266.125295 0.888811 0.139027 0.436677 -0.333735 0.849384 0.408861 0.314063 0.509134 -0.801340
0.052109 -95.857429 -365.178101 -1368.122221 0.890536 0.138608 0.433281 -0.312213 0.878946 0.360524 0.330859 0.456336 -0.826008
50.014958 -68.158080 1567.253667 -7565.110299 0.937946 -0.309817 0.155789 -0.344598 -0.782368 0.518800 0.038849 0.540291 0.840581
45.879120 -68.557044 741.719225 -7339.883458 0.989451 -0.139393 0.039445 -0.143810 -0.912299 0.383443 0.017464 0.385071 0.922722
55.853963 -93.808248 1397.358800 -7311.872858 0.969514 -0.170881 0.175618 -0.232563 -0.867441 0.439840 -0.077178 0.467274 0.880737
60.791052 -86.332702 -1739.244602 -8440.640299 0.925068 -0.286822 0.248961 -0.379763 -0.689328 0.616933 0.005334 0.665251 0.746601
-17.159908 -49.492088 15417.548615 2394.728304 0.393815 0.898073 -0.195892 0.901904 -0.418668 -0.106238 0.177423 0.134838 0.974854
-35.026345 -58.956882 3157.263172 5916.267484 0.824839 0.548690 -0.136307 0.559690 -0.826551 0.059672 0.079924 0.125509 0.988868
-31.977285 -51.389708 11022.331211 500.541069 0.605232 0.785134 -0.131377 0.786370 -0.615332 -0.054666 0.123760 0.070225 0.989824
-31.615210 -43.894470 14815.591504 3339.440287 0.198227 0.976135 -0.088695 0.955597 -0.212597 -0.204051 0.218038 0.044308 0.974934
-42.528505 -53.689473 -1627.855172 6796.714855 0.938342 0.329218 -0.105502 -0.318932 0.942131 0.103306 0.133407 -0.063288 0.989039
-65.015710 -96.793613 2828.731788 -6086.651350 -0.254415 -0.207578 0.944555 0.932760 0.205273 0.296349 -0.255407 0.956439 0.141396
-66.464629 -104.089432 1213.628274 -1286.752922 -0.044861 -0.167500 0.984851 0.998055 0.035198 0.051448 -0.043282 0.985244 0.165595
-70.058312 -109.737482 1842.317957 -958.088950 -0.087091 -0.036872 0.995518 0.993707 0.067436 0.089431 -0.070431 0.997042 0.030767
-68.568030 -100.784003 3772.635563 -7944.305645 -0.233763 -0.083282 0.968720 0.928595 0.276212 0.247826 -0.288212 0.957482 0.012767
-71.401369 -106.985779 1142.788804 -6198.994962 -0.165744 0.060132 0.984334 0.963973 0.220456 0.148848 -0.208052 0.973542 -0.094504
16.638383 -57.443091 -6817.778487 8480.296242 0.598637 0.036106 0.800207 0.533575 -0.763062 -0.364739 -0.597438 -0.645316 0.476062
0.924229 -47.032135 2057.742359 4689.336232 -0.488938 -0.161745 -0.857192 0.673088 -0.695020 -0.252782 -0.554880 -0.700561 0.448690
5.819313 -63.189212 3038.756769 6333.388582 -0.480599 -0.170846 -0.860137 0.636889 -0.742246 -0.208431 -0.602824 -0.647984 0.465532
6.608226 -81.391257 -5067.693273 -13587.921897 0.451894 0.198810 0.869636 -0.596279 0.792394 0.128697 -0.663508 -0.576703 0.476624
21.703838 -84.514339 -7503.978122 -12981.570855 0.519133 0.120592 0.846144 -0.525992 0.825395 0.205076 -0.673672 -0.551526 0.491920
-10.002005 -56.918949 634.603140 -1999.583366 0.952576 0.275035 0.130209 -0.240722 0.942838 -0.230457 0.186149 -0.188184 -0.964332
-12.485053 -58.319807 287.467137 -2162.420215 0.958009 0.266019 0.107018 -0.237272 0.945017 -0.225044 0.161000 -0.190201 -0.968454
-10.441542 -60.667800 -910.244979 -1461.879882 -0.949224 -0.289007 -0.124294 -0.271175 0.951928 -0.142467 0.159493 -0.101527 -0.981964
-8.126224 -58.407803 -1670.912340 -1381.455873 -0.939279 -0.303067 -0.160952 -0.276366 0.946127 -0.168716 0.203413 -0.113990 -0.972435
13.123042 -67.471577 2393.288132 1658.190650 0.901768 0.420204 -0.101208 0.127371 -0.482113 -0.866801 0.413027 -0.768762 0.488276
16.313130 -69.375167 2204.736685 6190.454592 0.910301 0.410239 -0.055285 0.161340 -0.474614 -0.865281 0.381211 -0.778746 0.498229
16.069413 -73.730879 2984.505958 10870.269345 0.903928 0.419163 -0.084950 0.173355 -0.540671 -0.823179 0.390976 -0.729368 0.561391
10.321185 -74.392887 1894.872591 6209.400756 0.897778 0.424501 -0.117444 0.158276 -0.559774 -0.813389 0.411027 -0.711655 0.569741
8.666891 -69.617844 1670.549761 907.633501 0.895059 0.425278 -0.134195 0.094883 -0.475644 -0.874506 0.435737 -0.770001 0.466081
10.282424 -70.485230 728.065698 -7314.480472 0.908095 0.395029 -0.138983 0.049220 -0.430271 -0.901357 0.415863 -0.811676 0.410171
-5.950127 -128.595145 5273.351492 -8577.949392 0.880454 0.471856 0.046390 -0.072465 0.230613 -0.970343 0.468561 -0.850981 -0.237238
-10.044022 -123.113742 5658.457625 -7897.701647 0.884647 0.462939 0.055563 -0.082606 0.272894 -0.958491 0.458886 -0.843336 -0.279657
-7.954388 -139.748131 4412.225159 -10905.162478 0.890578 0.448804 0.073792 -0.150442 0.443778 -0.883418 0.429229 -0.775652 -0.462738
-4.232594 -147.272871 3756.919976 -12750.021766 0.890524 0.448306 0.077388 -0.152480 0.454393 -0.877654 0.428622 -0.769772 -0.473005
-2.283395 -68.175656 58.696602 -303.155665 0.967442 0.224018 0.117777 -0.246986 0.937250 0.246091 0.055258 0.267168 -0.962064
-2.300710 -66.183349 -818.632529 -833.336333 0.959582 0.259459 0.109008 -0.277429 0.937169 0.211538 0.047273 0.233230 -0.971272
-3.996122 -72.262182 342.263797 -1794.570251 0.969212 0.219441 0.111690 -0.244860 0.906729 0.343346 0.025928 0.360124 -0.932544
-14.600765 -45.445164 -190.161459 2115.105173 0.922619 0.382776 0.047511 -0.284125 0.757750 -0.587442 0.260860 -0.528486 -0.807871
-14.139569 -44.349286 -1671.332303 132.344499 0.946346 0.315892 0.068129 -0.230966 0.808626 -0.541091 0.226017 -0.496323 -0.838200
-12.633105 -44.066482 -614.461153 -79.667170 0.944955 0.309587 0.105909 -0.217721 0.836549 -0.502775 0.244251 -0.452041 -0.857905
29.619953 -61.958107 2100.732174 2300.086891 0.965598 0.248916 0.075247 0.224386 -0.943800 0.242679 -0.131425 0.217446 0.967184
31.073821 -60.510715 1284.912835 1347.092783 0.965512 0.246217 0.084638 0.232997 -0.962184 0.141121 -0.116184 0.116534 0.986368
32.832449 -61.543842 -4842.634907 -841.513482 0.946805 0.250912 0.201503 -0.207007 0.954285 -0.215613 -0.246391 0.162431 0.955462
-4.741554 -256.445958 487.006290 20311.223374 0.095387 0.656871 0.747945 0.075298 0.744457 -0.663411 -0.992588 0.119600 0.021551
-11.260793 -273.731264 2229.079762 33890.462723 0.113406 0.671136 0.732609 0.156480 0.716098 -0.680233 -0.981149 0.191781 -0.023810
-9.617724 -283.801027 537.282145 -13756.049510 0.115886 0.664520 0.738230 -0.310793 0.730176 -0.608483 -0.943387 -0.158922 0.291145
-1.939844 -260.276968 492.065025 435.934337 0.116218 0.660416 0.741852 -0.255581 0.741646 -0.620193 -0.959777 -0.117526 0.254982
-2.365193 -289.782665 -1923.180090 -202.378465 0.114639 0.677185 0.726828 0.552660 -0.651450 0.519788 -0.825485 -0.342101 0.448934
-22.824835 -131.576099 146.564170 5801.582448 0.150079 0.706180 0.691944 0.394643 -0.684486 0.612973 -0.906495 -0.181076 0.381416
-22.235498 -123.889347 -769.679766 6044.268546 0.171310 0.698264 0.695039 0.477066 -0.676037 0.561589 -0.862010 -0.235373 0.448930
-21.603925 -132.977566 1307.547508 -2569.227872 0.189541 0.702924 0.685545 -0.265469 0.708885 -0.653459 -0.945304 -0.058133 0.320967
-21.835255 -135.934349 1418.444107 1590.611921 0.163098 0.704897 0.690303 -0.136393 0.709063 -0.691828 -0.977137 0.018683 0.211790
4.926902 -272.563070 -1188.799996 434.001485 0.027584 -0.711924 -0.701714 0.997916 -0.021351 0.060889 -0.058331 -0.701932 0.709852
4.564371 -354.517745 -6154.948232 -20691.883863 0.043509 -0.727151 -0.685098 0.991250 -0.054117 0.120390 -0.124617 -0.684342 0.718434
4.959751 -287.215071 -1510.337466 -15166.449439 0.011492 -0.717072 -0.696904 0.908575 -0.283552 0.306740 -0.417563 -0.636715 0.648256
-16.941797 -2340.746643 46761.994592 -1196686.652783 -0.215431 -0.617607 -0.756407 -0.063980 0.781858 -0.620165 0.974421 -0.085208 -0.207951
-21.559838 -3690.797344 -1112.780041 434929.094201 0.267938 0.575233 0.772862 0.870195 -0.488778 0.062110 0.413485 0.655899 -0.631527
15921.277641 -19285.019381 44490363.882608 -7907703.023521 0.915061 -0.033407 -0.401929 0.357246 0.529657 0.769310 -0.187184 0.847553 -0.496604
517.144974 -17210.354686 106783.171684 13239695.766165 -0.175105 -0.627737 -0.758475 0.353087 0.679094 -0.643553 0.919058 -0.380497 0.102733
-668.626623 -5412.896789 -257044.161488 905911.787615 0.207862 0.570746 0.794382 0.932661 -0.360444 0.014927 0.294850 0.737786 -0.607236
-51.237394 -7612.696033 39746.345243 -392676.920382 -0.247356 -0.703905 -0.665832 0.968516 -0.159678 -0.190995 0.028124 -0.692113 0.721241
-471.140372 -11862.969079 158979.613545 -4170976.867502 -0.216924 -0.691866 -0.688669 0.976173 -0.157640 -0.149114 -0.005395 -0.704606 0.709578
-269.196875 -10351.040115 93205.950530 13192103.657110 -0.205169 -0.615258 -0.761159 0.097008 0.761091 -0.641350 0.973907 -0.205424 -0.096468
3.398750 -71.483881 -11188.950949 5427.174040 0.740554 0.553985 -0.380369 0.554268 -0.183508 0.811857 -0.379955 0.812050 0.442954
-20.378134 -72.136759 -9976.673646 3753.047994 0.702584 0.544890 -0.457679 0.610005 -0.129987 0.781663 -0.366428 0.828371 0.423713
-4.057146 -75.982778 -9304.258780 2383.856036 0.733226 0.544502 -0.407306 0.527456 -0.077398 0.846049 -0.429150 0.835181 0.343951
-20.465564 -77.574059 -8578.442027 736.510841 0.709804 0.525395 -0.469189 0.536491 0.028403 0.843428 -0.456459 0.850384 0.261709
2.035279 -77.822130 -8025.276171 -1117.134445 0.727869 0.545790 -0.415114 0.461849 0.057265 0.885108 -0.506854 0.835963 0.210392
18.758617 -48.251846 -9278.184359 -5359.061285 0.923585 -0.366075 -0.113926 0.368433 0.929654 -0.000385 0.106052 -0.041618 0.993489
4.473040 -40.573015 -8208.915145 2757.812662 0.946881 -0.304274 -0.104085 -0.313630 -0.945295 -0.089743 0.071085 -0.117620 0.990511
-2.817427 -45.586693 -6387.909813 -2578.132540 0.968423 -0.222623 -0.112228 0.230535 0.971013 0.063140 0.094918 -0.087019 0.991674
20.103886 -39.151034 -11877.615001 2967.790608 0.904851 -0.411010 -0.110971 -0.418573 -0.906477 -0.055640 0.077724 -0.096796 0.992265
30.550063 -41.422754 -10154.602109 -4815.553495 0.885355 -0.439219 -0.152423 0.450270 0.891714 0.045867 0.115772 -0.109240 0.987250
-3.154121 -32.482737 350.664249 -829.797701 0.942136 0.247035 0.226614 -0.270475 0.959522 0.078495 -0.198050 -0.135246 0.970816
-6.268403 -30.832216 -785.767557 27.556155 0.944134 0.239859 0.226004 0.274925 -0.951397 -0.138779 -0.181732 -0.193160 0.964190
-4.629432 -31.631528 -1189.669679 -1057.984057 0.914355 0.328752 0.236383 -0.348609 0.936111 0.046552 -0.205977 -0.124970 0.970544
-9.872447 -72.636682 -2482.577426 4207.721632 0.859911 0.507850 -0.051403 0.185066 -0.216332 0.958619 -0.475715 0.833840 0.280012
-1.869042 -65.733229 -8325.952403 -5324.685897 0.824775 0.565406 0.007939 0.060072 -0.101572 0.993013 -0.562261 0.818535 0.117739
-3.119040 -64.574885 -9379.415636 4783.889625 0.820696 0.568457 0.057572 0.120579 -0.270808 0.955052 -0.558497 0.776865 0.290795
-11.443231 -65.433171 649.224877 -13784.254991 0.884155 0.465471 -0.040082 0.048427 -0.005977 0.998809 -0.464677 0.885043 0.027826
-9.363412 -69.131120 -1797.182894 7807.686035 0.868492 0.494982 -0.026717 0.233657 -0.361247 0.902721 -0.437179 0.790249 0.429397
-15.573285 -73.246766 1245.402498 14766.796679 0.878154 0.466509 -0.105901 0.293118 -0.349773 0.889798 -0.378058 0.812421 0.443897
-15.912027 -68.873810 1930.601318 -682.339456 0.894423 0.436547 -0.097130 0.183131 -0.159369 0.970085 -0.408009 0.885454 0.222488
-61.938699 -101.536838 1791.416864 -10620.457889 0.984072 -0.000021 -0.177773 0.066192 0.928139 0.366301 -0.164990 0.372234 -0.913357
-60.970856 -88.437612 -1501.810172 -7190.633185 0.930294 0.346348 -0.120812 -0.283042 0.887281 0.364169 -0.233323 0.304590 -0.923464
-51.350549 -76.550032 -728.457353 -6658.277512 -0.769038 -0.632783 0.090366 -0.587557 0.755472 0.289894 -0.251709 0.169845 -0.952783
-47.100644 -73.803196 -516.441848 -2092.316058 -0.412861 0.863705 -0.289068 -0.514436 0.040771 0.856559 -0.751600 -0.502347 -0.427488
-49.014816 -77.709265 741.656131 -3651.433136 -0.379222 0.856873 -0.349226 -0.409107 0.183258 0.893895 -0.829953 -0.481856 -0.281057
-9.277282 -47.669836 5774.088174 14189.013447 0.403371 0.910086 -0.095051 -0.881531 0.358647 -0.307043 0.245345 -0.207643 -0.946937
-63.349514 -204.712761 -12923.689572 92221.047746 -0.897956 -0.333662 -0.286958 -0.307250 0.942143 -0.134030 0.315076 -0.032185 -0.948520
-22.300055 -46.560650 -585.491423 29378.657864 -0.964111 -0.018596 -0.264848 0.006601 0.995557 -0.093932 0.265418 -0.092309 -0.959704
-54.145760 -312.368818 -11000.636145 140793.720047 -0.942101 -0.165036 -0.291907 -0.181763 0.982855 0.030941 0.281796 0.082207 -0.955946
11.641031 -17.050876 -634.967897 -280.246412 -0.808810 -0.283381 0.515288 0.126445 0.771938 0.622996 -0.574315 0.569040 -0.588519
10.145484 -17.713828 2016.357814 -650.456312 -0.789693 -0.315921 0.525908 0.098841 0.780509 0.617281 -0.605488 0.539444 -0.585136
10.754351 -17.587194 -536.638841 -834.291495 -0.806898 -0.235404 0.541757 0.148889 0.806491 0.572193 -0.571619 0.542363 -0.615707
8.381064 -18.264164 2771.251017 -47.052044 0.829784 0.254002 -0.496932 0.127511 0.780584 0.611907 -0.543323 0.571115 -0.615328
6.853119 -19.503122 3924.546818 -238.491966 0.820056 0.145992 -0.553348 0.208307 0.824438 0.526223 -0.533025 0.546799 -0.645674
10.055194 -16.938999 -258.608646 -460.222478 -0.791341 -0.129787 0.597441 0.230376 0.841874 0.488032 -0.566310 0.523835 -0.636309
21.715436 -53.386076 6502.973714 -1059.576533 0.788082 0.531095 -0.311232 0.017907 -0.525164 -0.850812 0.615310 -0.664937 0.423383
1.190449 -56.073088 7848.693926 -2650.598758 0.751319 0.506805 -0.422691 -0.115382 -0.529757 -0.840265 0.649774 -0.680078 0.339540
30.620635 -51.618896 -297.922074 -1975.074191 0.828528 0.527384 -0.188168 0.093385 -0.461481 -0.882221 0.552105 -0.713373 0.431600
-0.470682 -50.484430 -930.324055 -7162.042015 -0.807118 -0.441412 -0.392067 -0.196697 0.827189 -0.526373 0.556661 -0.347727 -0.754463
8.146837 -75.030238 -1833.738031 -3000.762978 0.849727 0.352504 0.392053 0.284013 0.320449 -0.903686 0.444186 -0.879235 -0.172179
7.921372 -76.896870 -1059.782000 -3824.529751 0.847603 0.358722 0.391007 0.238241 0.401162 -0.884483 0.474141 -0.842845 -0.254564
7.648474 -74.315826 -2233.735365 -1359.460369 0.855126 0.357604 0.375337 0.315064 0.216474 -0.924053 0.411696 -0.908437 -0.072444
-1.872822 -102.103407 66.090074 -5602.624548 0.879709 0.181101 0.439676 -0.354371 0.866229 0.352234 0.317070 0.465672 -0.826206
-3.061922 -123.142558 -266.257185 -14198.541619 0.902333 0.132259 0.410248 -0.336320 0.811320 0.478172 0.269600 0.569445 -0.776562
-7.473549 -136.864761 -2757.287015 -22528.188420 0.922319 0.122953 0.366347 -0.305939 0.811486 0.497886 0.236069 0.571290 -0.786066
3.784126 -158.919703 2030.455168 12363.643588 0.893261 0.301957 0.333026 -0.447293 0.670963 0.591387 0.044875 0.677223 -0.734408
3.916082 -167.073697 2775.242064 17129.664639 0.898504 0.288765 0.330614 -0.438928 0.581149 0.685279 -0.005749 0.760842 -0.648912
5.396760 -181.912569 5718.555437 5903.016317 0.875833 0.308204 0.371385 -0.450165 0.799117 0.398451 0.173976 0.516161 -0.838636
-6.373049 -129.231442 1105.360857 -7873.239859 -0.943531 -0.239208 -0.229193 -0.238111 0.970682 -0.032855 0.230332 0.023574 -0.972826
-6.918070 -130.988871 1690.553388 -6225.838293 -0.943916 -0.240412 -0.226327 -0.266869 0.959119 0.094189 0.194430 0.149306 -0.969487
-7.531075 -43.752717 -1528.313915 -774.632051 0.953595 0.188109 0.235100 0.055462 -0.877202 0.476908 -0.295941 0.441738 0.846928
6.142461 -62.716609 2889.677171 -269.911047 0.958181 0.263526 0.111546 -0.157144 0.810325 -0.564517 0.239153 -0.523381 -0.817850
-14.174166 -285.226571 -1985.738017 29347.710107 -0.213268 0.692548 0.689126 -0.655355 0.421718 -0.626629 0.724587 0.585262 -0.363926
-11.877532 -284.560173 -1603.872805 47680.826832 -0.189311 0.710548 0.677704 -0.722080 0.366969 -0.586460 0.665404 0.600380 -0.443601
-5.384119 -240.672163 209.038550 -49701.091874 -0.162800 0.690394 0.704877 0.906015 -0.178276 0.383869 0.390683 0.701123 -0.596484
-12.009909 -39.991819 -2608.358652 2641.251631 0.920747 -0.016890 0.389794 -0.350829 0.401302 0.846094 0.170715 0.915790 -0.363572
-17.498003 -41.030894 -3499.338418 2524.522399 0.902513 -0.031137 0.429536 -0.372878 0.442543 0.815548 0.215481 0.896207 -0.387790
-12.400143 -41.614737 -2757.508004 1315.792849 0.937384 -0.032181 0.346808 -0.289244 0.482783 0.826594 0.194034 0.875148 -0.443245
9.541151 -518.961526 4360.096090 -692.170901 0.205792 -0.574497 -0.792214 0.951343 -0.072270 0.299538 -0.229337 -0.815310 0.531671
6.671675 -566.294276 -3966.332463 -107922.681298 0.237364 -0.536636 -0.809741 0.754392 -0.423324 0.501687 -0.612006 -0.729944 0.304352
0.090246 -413.022755 1537.532846 -2401.729278 -0.257817 0.549116 0.794986 -0.429287 0.672024 -0.603403 -0.865588 -0.496845 0.062469
12.700931 -28.794791 -403.889067 -5258.170922 -0.141716 0.554744 0.819863 0.820563 0.529101 -0.216169 -0.553709 0.642115 -0.530184
9.623320 -15.220512 -320.869454 9147.168424 -0.109608 0.583375 0.804773 -0.752297 -0.577861 0.316427 -0.649642 0.570745 -0.502210
3.510330 -62.299458 -488.285034 -305.158800 0.963140 0.131509 0.234663 -0.137917 -0.507561 0.850506 -0.230955 0.851521 0.470715
4.881502 -62.258155 37.852618 -1394.485776 0.967483 0.135518 0.213568 -0.086241 -0.617021 0.782207 -0.237779 0.775190 0.585270
5.640185 -62.580313 445.164955 -1788.740226 0.967133 0.130206 0.218403 -0.095645 -0.609568 0.786943 -0.235596 0.781968 0.577080
-30.369577 -37.409746 4178.968350 440.947002 0.992669 -0.058136 0.105966 -0.062973 0.499557 0.863989 0.103165 0.864328 -0.492234
-28.530762 -37.220346 3020.100437 376.189583 0.991315 -0.118682 -0.056646 0.100513 0.406022 0.908319 0.084802 0.906124 -0.414425
-34.322868 -37.270458 -536.170654 -289.063729 0.834364 -0.282194 -0.473502 0.550988 0.402348 0.731114 0.015803 0.870909 -0.491190
3.437261 -184.746695 183.396159 -17739.240283 0.832183 0.489558 0.260392 -0.148809 0.649544 -0.745620 0.534160 -0.581744 -0.613390
1.545396 -186.854069 -435.146569 -15353.209659 -0.823020 -0.497131 -0.274769 -0.193986 0.700655 -0.686624 0.533860 -0.511804 -0.673089
4.843997 -218.549519 -1177.052914 -30370.407213 -0.822202 -0.492035 -0.286156 -0.282667 0.789324 -0.545038 0.494048 -0.367244 -0.788066
-405.122136 -497.426266 105439.454377 30408.696100 0.521513 0.834271 -0.178929 0.560367 -0.493028 -0.665517 0.643438 -0.246810 0.724618
-291.460025 -418.220308 7801.380842 61372.586627 0.832843 0.548414 0.074933 0.417583 -0.533674 -0.735402 0.363315 -0.643765 0.673475
-229.639966 -346.379207 59348.719934 58515.040164 0.738323 0.334906 -0.585420 0.139855 0.773109 0.618663 0.659787 -0.538647 0.523966
-193.845411 -527.892737 59359.127836 186875.210700 0.546725 0.443199 -0.710399 -0.112048 0.879522 0.462478 0.829782 -0.173249 0.530516
2.817077 -98.022328 1752.959269 -857.358185 0.881608 0.129268 0.453935 -0.366152 0.794198 0.484955 0.297826 0.593750 -0.747503
51.421841 -62.884014 -5304.305948 -7641.126821 0.997148 -0.038937 -0.064656 -0.018061 -0.954863 0.296497 0.073282 0.294483 0.952843
53.025737 -71.941011 72.775134 1724.777015 0.999464 -0.012761 -0.030159 -0.008130 -0.988812 0.148944 0.031722 0.148619 0.988386
52.765002 -90.250846 3506.581391 3632.249788 0.994773 -0.065672 0.078191 -0.079682 -0.978106 0.192250 -0.063853 0.197476 0.978226
-39.860866 -85.588581 -3345.657937 -26540.757730 0.883900 0.448610 -0.132169 -0.448428 0.893216 0.032841 0.132788 0.030240 0.990683
-48.691695 -130.834146 -13081.934864 -42573.933609 0.983910 0.166863 0.063859 -0.169272 0.984971 0.034337 -0.057170 -0.044594 0.997368
-63.221012 -94.189864 1574.438954 -3596.798067 -0.156879 -0.295479 0.942380 0.978231 0.084752 0.189421 -0.135839 0.951582 0.275751
-63.811068 -96.968748 1600.199416 2978.698074 0.092997 -0.261331 0.960759 0.991075 -0.068262 -0.114499 0.095505 0.962833 0.252650
1.349955 -34.397699 2578.959401 7207.115158 -0.593089 -0.055751 -0.803204 0.611815 -0.679699 -0.404588 -0.523381 -0.731369 0.437231
-2.569651 -39.526285 -65.416898 1810.299009 -0.373672 -0.272135 -0.886742 0.786484 -0.599774 -0.147357 -0.491744 -0.752472 0.438148
17.624278 -50.768146 -5236.399626 -673.850514 0.841811 0.514874 -0.162046 0.098357 -0.441503 -0.891852 0.530735 -0.734833 0.422304
21.658637 -50.165142 -5381.823560 6841.229704 0.836427 0.527809 -0.147671 0.012805 -0.288180 -0.957491 0.547928 -0.798980 0.247800
14.120853 -53.666895 -2255.944883 7114.164356 0.849487 0.497778 -0.174898 0.005261 -0.339466 -0.940604 0.527583 -0.798111 0.290990
28.906753 -50.363856 -6086.292794 3192.005700 0.812654 0.567477 -0.132528 0.080572 -0.334651 -0.938891 0.577150 -0.752315 0.317678
13.166243 -51.795456 -1155.376412 -3335.596549 0.846084 0.500733 -0.182780 0.093228 -0.476615 -0.874155 0.524833 -0.722568 0.449939
15.192224 -49.400056 -1971.178245 -8854.971523 0.835625 0.521064 -0.173850 0.185090 -0.565079 -0.804007 0.517178 -0.639671 0.568637
25.760548 -49.182580 -5850.481287 -2745.205998 0.807303 0.571260 -0.148068 0.163732 -0.457875 -0.873809 0.566969 -0.681185 0.463177
19.180987 -50.597170 -3104.051075 -4619.701503 0.808471 0.563106 -0.171132 0.201044 -0.537526 -0.818930 0.553133 -0.627676 0.547784
-12.598707 -52.093785 234.216371 -3662.476135 0.959118 0.261058 0.109279 -0.206585 0.909739 -0.360135 0.193432 -0.322837 -0.926478
-15.983933 -57.150700 2345.177354 -3000.737799 0.956721 0.275338 0.094203 -0.241554 0.931903 -0.270569 0.162287 -0.236104 -0.958080
12.887861 -61.610926 1180.095428 -855.337125 0.917202 0.398421 0.000933 0.190635 -0.436799 -0.879127 0.349855 -0.806515 0.476586
12.580239 -64.434516 809.099781 -9125.077837 0.917171 0.393843 -0.060706 0.132976 -0.446090 -0.885054 0.375653 -0.803674 0.461512
0.539441 -135.203404 -4963.950171 17790.539294 -0.908743 -0.323344 -0.263884 -0.225997 0.912793 -0.340198 0.350873 -0.249516 -0.902569
-1.436420 -102.617626 -4278.146924 17824.164424 -0.914675 -0.294185 -0.277174 -0.269349 0.954936 -0.124689 0.301365 -0.039393 -0.952695
4.310759 -113.048715 -4114.830298 18768.036591 -0.914188 -0.304042 -0.267991 -0.260276 0.947283 -0.186844 0.310672 -0.101059 -0.945130
-1.158576 -70.110378 982.474721 -1894.195615 0.965890 0.219925 0.136713 -0.243261 0.951593 0.187867 0.088779 0.214716 -0.972633
0.856716 -78.064232 -639.326166 -3755.742011 0.968059 0.222717 0.115151 -0.248626 0.912015 0.326210 0.032367 0.344420 -0.938257
-0.421994 -70.090543 232.224616 -2678.307115 0.962605 0.235731 0.133501 -0.255624 0.953535 0.159457 0.089709 0.187621 -0.978136
-13.107397 -46.282901 -1446.739981 -1565.882316 0.952323 0.282686 0.114759 -0.202635 0.867256 -0.454759 0.228079 -0.409823 -0.883190
-12.952749 -47.648684 -912.200549 -2659.988206 0.957356 0.267107 0.110109 -0.191908 0.872813 -0.448741 0.215966 -0.408474 -0.886853
12.978859 -44.347973 -2758.007974 1751.952543 0.962691 0.270229 -0.014209 0.185096 -0.695890 -0.693885 0.197396 -0.665367 0.719946
11.845129 -48.718891 -422.027763 768.597297 0.964134 0.264423 -0.022945 0.179723 -0.714017 -0.676668 0.195310 -0.648275 0.735931
12.689092 -47.362442 -2910.132803 3090.701707 0.970675 0.236897 -0.040870 0.158815 -0.759555 -0.630757 0.180468 -0.605769 0.774903
11.721067 -46.927189 -861.991912 -1310.728496 0.956564 0.291251 0.012554 0.208415 -0.653123 -0.728006 0.203833 -0.699001 0.685455
12.669499 -43.114447 -916.205240 2809.285084 0.958579 0.274800 -0.074901 0.154856 -0.723534 -0.672695 0.239050 -0.633233 0.736119
12.004073 -42.156768 -721.276719 384.122788 0.947099 0.320804 0.009395 0.223295 -0.637635 -0.737266 0.230528 -0.700361 0.675538
-7.624735 -105.484495 -4387.448880 -26916.355760 -0.085121 0.652764 0.752764 -0.723208 -0.560161 0.403968 -0.685365 0.510019 -0.519765
-12.513705 -121.756387 -3124.584655 -19981.468387 -0.055400 0.670887 0.739488 -0.743397 -0.522140 0.418009 -0.666553 0.526575 -0.527661
-1.323405 -86.910844 -5351.754166 259.450879 -0.162229 0.590698 0.790416 -0.768648 -0.577945 0.274152 -0.618758 0.563077 -0.547798
-18.116344 -198.595735 -1739.023596 -48302.370228 -0.015837 0.691632 0.722076 -0.573821 -0.597691 0.559906 -0.818828 0.405475 -0.406338
5.289360 -83.105553 -5707.897403 1655.293119 -0.171058 0.583331 0.794018 0.740810 0.607465 -0.286683 -0.649569 0.539177 -0.536049
3.012588 -105.218990 -6739.688115 25703.305921 -0.145979 0.616819 0.773450 0.693084 0.621649 -0.364948 -0.705921 0.482791 -0.518255
-9.829419 -157.857609 -4795.364687 -47446.484770 -0.080869 0.658258 0.748436 -0.616590 -0.623012 0.481323 -0.783120 0.422554 -0.456258
-20.173967 -116.568989 967.050893 5844.558858 0.211303 0.725265 0.655242 0.571231 -0.635609 0.519324 -0.793125 -0.264560 0.548600
-20.027201 -125.532408 1195.149925 3224.348476 0.214575 0.711477 0.669147 0.402356 -0.688662 0.603204 -0.889982 -0.139803 0.434036
108.854699 -2391.943994 -80722.430692 -1257440.370244 0.227752 0.565364 0.792776 0.779858 0.381608 -0.496182 -0.583053 0.731259 -0.353991
38.106412 -2572.701659 -30778.926569 -1726174.547322 0.302245 0.563373 0.768934 0.704427 0.411455 -0.578349 -0.642208 0.716460 -0.272495
782.322944 -1533.185850 -74634.873372 459137.996944 -0.027638 0.657565 0.752891 -0.760086 0.475352 -0.443068 0.649234 0.584507 -0.486669
-2.743237 -62.028925 -11007.384248 6775.666171 0.726491 0.558687 -0.400098 0.614337 -0.267167 0.742436 -0.307896 0.785169 0.537317
-41.343878 -79.183936 9245.181890 -50.512526 -0.616627 -0.500487 0.607687 0.686940 0.034999 0.725871 -0.384558 0.865036 0.322223
11.072861 -33.888662 -10570.349928 1099.789381 0.916815 -0.383715 -0.110511 -0.395589 -0.910494 -0.120454 0.054400 -0.154151 0.986549
-2.239673 -37.011215 -5842.863581 253.877010 0.970181 -0.218900 -0.104073 -0.234120 -0.957478 -0.168596 0.062742 -0.187934 0.980176
-7.077429 -34.128154 1776.152681 511.079582 0.971073 0.108751 0.212580 0.145678 -0.975209 -0.166570 -0.189195 -0.192720 0.962842
-12.119551 -36.415516 2262.141490 -312.107025 0.979320 -0.034774 0.199305 0.019647 -0.964115 -0.264755 -0.201359 -0.263196 0.943495
-9.663899 -34.945365 1711.820658 -432.848946 0.981909 -0.000489 0.189353 0.050966 -0.962410 -0.266775 -0.182366 -0.271600 0.944974
