19040
38067
-42.183933 -56.024756 -215.806744 5162.388988 0.267234 0.939418 -0.214662 0.943672 -0.300227 -0.139090 0.195111 0.165401 0.966734
-45.545787 -66.335681 265.637875 5372.478837 -0.132448 -0.968129 0.212563 0.987621 -0.147082 -0.054504 0.084031 0.202713 0.975626
-43.095063 -74.235887 -2334.445530 11530.611669 -0.242365 0.965617 -0.094036 0.961178 0.225808 -0.158579 0.131893 0.128820 0.982858
-38.841080 -55.554166 398.632725 3239.824026 -0.530829 -0.790006 0.306774 0.827517 -0.561278 -0.013504 0.182854 0.246693 0.951687
-38.398950 -50.933968 -2049.558971 6882.188577 0.190210 0.970313 -0.149374 0.947872 -0.221131 -0.229434 0.255654 0.097947 0.961794
-32.326503 -46.918495 -160.875838 -3013.675709 0.711460 0.625219 -0.320821 -0.639274 0.765413 0.073976 0.291812 0.152462 0.944246
54.830549 -65.542914 1392.970887 -7550.504105 0.096095 0.995146 0.021202 0.069487 0.014542 -0.997477 0.992944 -0.097326 0.067752
56.045201 -69.197938 -1573.420865 -9180.322750 0.220093 0.974694 -0.039120 0.010187 -0.042398 -0.999049 0.975426 -0.219485 0.019261
48.887148 -57.731889 -1696.731736 -2862.437203 0.238316 0.970633 -0.032833 0.095525 -0.057070 -0.993790 0.966478 -0.233700 0.106320
44.194223 -62.000932 1569.728623 2175.811338 0.099821 0.993801 0.048950 0.155374 0.033023 -0.987304 0.982799 -0.106159 0.151115
-9.615370 -52.218010 -2723.657749 -16655.510412 -0.170367 0.972962 0.155948 0.809646 0.228425 -0.540643 0.561648 -0.034155 0.826671
-21.488204 -93.464587 24319.371378 -36006.278731 -0.095658 0.982054 -0.162538 0.864544 0.001035 -0.502556 0.493369 0.188595 0.849128
-6.853629 -69.766958 -3956.084241 -8548.041022 0.023677 0.998532 -0.048710 0.739913 -0.050268 -0.670821 0.672285 0.020158 0.740018
-13.854375 -51.934019 -13684.564028 -5165.506150 -0.074821 0.988999 0.127608 0.767641 0.138802 -0.625669 0.636498 -0.051144 0.769581
-13.982334 -55.326459 -15397.991018 793.556849 0.072452 0.997266 -0.014507 0.700615 -0.061241 -0.710907 0.709852 -0.041343 0.703137
2.949522 -22.779123 323.707436 -851.990847 -0.399027 -0.828620 0.392640 0.883941 -0.233774 0.404967 -0.243775 0.508663 0.825734
2.486414 -24.115572 45.302657 -591.653555 -0.321268 -0.840647 0.436004 0.907610 -0.141946 0.395089 -0.270242 0.522651 0.808582
4.135385 -27.778278 -143.623026 -900.880297 -0.392548 -0.823942 0.408688 0.896215 -0.242831 0.371257 -0.206652 0.512008 0.833752
2.425804 -20.296748 -510.542786 -894.300746 -0.288947 -0.843893 0.452055 0.909894 -0.095263 0.403755 -0.297663 0.527986 0.795379
5.773049 -28.204741 191.453586 -1350.969898 -0.470570 -0.803881 0.363785 0.863754 -0.335446 0.376039 -0.180261 0.491174 0.852206
4.726624 -24.947244 526.906221 -1062.617380 -0.497542 -0.798792 0.338206 0.843032 -0.353436 0.405439 -0.204327 0.486842 0.849256
1.978722 -19.253051 761.722175 -1200.817145 -0.472326 -0.810217 0.347070 0.846512 -0.307248 0.434759 -0.245612 0.499147 0.830980
2.728445 -17.497566 117.914517 -1278.826813 -0.289930 -0.847978 0.443705 0.909812 -0.100357 0.402705 -0.296956 0.520444 0.800597
-0.443636 -17.747382 479.048056 -957.214237 -0.430653 0.900956 -0.053076 0.888107 0.412575 -0.202603 0.160638 0.134389 0.977822
1.942703 -21.561570 1672.780424 -2108.332298 -0.393406 0.916706 -0.069872 0.899681 0.368228 -0.234482 0.189222 0.155110 0.969606
6.361584 -19.327928 3627.094406 -1726.434762 -0.261315 0.959124 -0.108611 0.947566 0.233456 -0.218213 0.183937 0.159938 0.969839
-2.914323 -20.243631 -367.302969 -1322.488821 -0.569871 0.821644 -0.012157 0.806285 0.556240 -0.201251 0.158595 0.124489 0.979464
-4.842409 -17.800015 -723.321840 -485.971571 -0.625423 0.780286 -0.000063 0.770069 0.617221 -0.161347 0.125858 0.100959 0.986898
79.887920 -58.253106 -1512.527988 4110.506780 0.829957 -0.518520 0.205689 -0.511742 -0.560984 0.650705 0.222016 0.645317 0.730941
76.488912 -46.953592 2819.841638 4119.489367 0.817596 -0.498627 0.287939 -0.561006 -0.577240 0.593352 0.129651 0.646658 0.751681
73.526007 -56.439993 5922.329503 9572.174285 0.843764 -0.444322 0.301065 -0.520559 -0.540896 0.660644 0.130694 0.714150 0.687684
69.945120 -67.619738 1901.412990 9716.534035 0.859243 -0.460581 0.222634 -0.461438 -0.509914 0.725991 0.220853 0.726535 0.650670
-15.261205 -47.046982 2291.541305 3140.002507 -0.783952 0.431476 -0.446371 0.504371 0.861878 -0.052698 0.361979 -0.266449 -0.893295
0.161209 -52.184552 -13507.062469 3186.463895 0.849615 -0.367127 0.378646 0.454804 0.873516 -0.173560 0.267035 -0.319669 -0.909123
4.951710 -44.358686 12577.201053 1966.492992 -0.884563 0.287352 -0.367391 0.347475 0.931438 -0.108092 0.311142 -0.223273 -0.923764
-11.292428 -51.960314 -608.239362 -1703.646918 0.182162 0.978169 0.100011 0.209853 0.060693 -0.975847 0.960614 -0.198750 0.194216
-10.442898 -50.662016 2007.709718 -379.115071 0.130960 0.985905 0.104121 0.230568 0.071856 -0.970399 0.964203 -0.151090 0.217908
-10.063434 -53.701345 -727.818859 5246.608713 0.170074 0.972017 0.162042 0.260527 0.114235 -0.958685 0.950369 -0.205264 0.233808
-9.758091 -56.550368 -2075.386264 252.815557 0.207800 0.972465 0.105502 0.194673 0.064585 -0.978740 0.958604 -0.223921 0.175892
-7.862189 -53.174589 -1883.584144 2540.071843 0.215942 0.968209 0.126259 0.269131 0.065280 -0.960889 0.938583 -0.241476 0.246478
13.562931 -76.445763 -4101.253307 18899.291445 -0.201889 0.970569 0.131286 -0.947651 -0.159722 -0.276489 0.247382 0.180234 -0.952007
13.293367 -103.796047 -4602.840473 11361.622050 -0.124235 0.978718 0.163333 -0.885018 -0.034865 -0.464250 0.448675 0.202229 -0.870514
17.640949 -84.175873 -2104.818201 17223.042095 -0.144627 0.969583 0.197462 -0.958544 -0.087771 -0.271088 0.245511 0.228483 -0.942083
21.017867 -63.702740 -4423.645627 -15231.231188 -0.234458 0.962369 0.137386 0.962230 0.209628 0.173691 0.138355 0.172921 -0.975170
1.348328 -133.673377 -453.415449 -1989.604882 -0.116908 0.992954 -0.019345 -0.415550 -0.031216 0.909035 -0.902026 -0.114312 -0.416271
0.270938 -133.923967 -1211.560095 -673.441817 -0.133465 0.990768 -0.023787 -0.309584 -0.018879 0.950685 -0.941459 -0.134247 -0.309246
1.102812 -126.095245 -1645.175542 -5240.491390 -0.120422 0.991096 -0.056810 -0.587703 -0.025054 0.808689 -0.800065 -0.130771 -0.585487
2.025402 -126.215923 169.449307 -4205.021488 -0.096795 0.994433 -0.041639 -0.647313 -0.031118 0.761589 -0.756053 -0.100671 -0.646721
2.335068 -118.166395 -762.641296 -6542.398003 -0.084272 0.993970 -0.070162 -0.788507 -0.023471 0.614577 -0.609224 -0.107115 -0.785730
0.960598 -114.195142 -1785.773556 -5876.696329 -0.098945 0.991807 -0.080802 -0.763983 -0.023685 0.644802 -0.637605 -0.125531 -0.760067
-0.982666 -116.494815 100.494640 8548.474115 -0.118018 0.992832 0.018867 0.254263 0.011847 0.967063 -0.959907 -0.118928 0.253838
0.464200 -110.560311 -620.313743 12047.451092 -0.134156 0.990447 0.031894 0.363630 0.019263 0.931344 -0.921833 -0.136543 0.362740
-0.772777 -101.408400 -535.415192 12634.596491 -0.121335 0.991594 0.044942 0.504389 0.022597 0.863181 -0.854909 -0.127403 0.502891
44.117710 -24.190948 13785.519953 -2518.718651 0.808489 -0.583683 -0.075230 -0.534314 -0.674429 -0.509563 -0.246686 -0.452172 0.857138
23.369592 -18.307576 11209.143695 -1291.572987 0.800806 -0.584556 -0.130401 -0.567573 -0.671163 -0.476865 -0.191234 -0.455888 0.869250
22.214323 -22.309217 14674.290594 -2363.263163 0.855023 -0.511193 -0.087275 -0.475974 -0.706758 -0.523395 -0.205874 -0.489055 0.847609
37.094494 -27.911501 17510.192604 -3433.910293 0.857555 -0.511048 -0.058560 -0.453899 -0.698223 -0.553588 -0.242023 -0.501313 0.830729
11.729021 -27.010556 13086.650846 -3414.072759 0.872677 -0.483570 -0.067790 -0.435619 -0.708267 -0.555513 -0.220616 -0.514314 0.828740
1.265453 -77.833958 699.934548 5016.085050 0.108225 0.988772 0.103042 0.989935 -0.116696 0.080066 0.091191 0.093340 -0.991449
2.662378 -66.985889 1077.438851 -8149.003673 0.117821 0.987159 0.107865 -0.966161 0.139054 -0.217250 0.229459 0.078619 -0.970138
1.738302 -68.332252 489.275161 -9696.814496 0.111088 0.989141 0.096226 -0.964123 0.130752 -0.231020 0.241093 0.067110 -0.968179
-7.755340 -17.605585 6194.416544 -2156.238141 0.315665 0.905897 -0.282322 0.515202 -0.413489 -0.750729 0.796820 -0.091526 0.597244
-0.135341 -25.763679 7299.209709 -4117.746044 0.280787 0.924214 -0.258819 0.497798 -0.370799 -0.784032 0.820583 -0.091307 0.564187
12.955383 -20.021135 8426.368039 -2071.335561 0.323542 0.891957 -0.315805 0.501794 -0.444700 -0.741920 0.802199 -0.081574 0.591458
-8.925662 -15.418816 5818.339726 481.360901 0.424885 0.791465 -0.439381 0.454905 -0.606311 -0.652264 0.782646 -0.077261 0.617654
-14.180361 -18.697725 -1305.756470 4265.359976 0.574017 -0.281880 -0.768797 0.260409 0.952979 -0.154978 0.776332 -0.111241 0.620430
6.772160 -16.478978 8289.461734 92.878210 0.346036 0.866875 -0.358868 0.506722 -0.494592 -0.706124 0.789615 -0.062498 0.610411
-6.596253 -50.319838 -1741.721583 5643.152001 0.193475 0.975503 0.104696 0.970236 -0.174399 -0.168006 0.145632 -0.134085 0.980211
-5.025857 -47.618467 1237.703814 2471.730222 -0.235306 -0.965590 -0.110757 0.971577 -0.230659 -0.053234 0.025855 -0.120135 0.992421
-3.608361 -43.872451 104.118321 4591.712617 0.177998 0.977818 0.110399 0.972473 -0.157652 -0.171586 0.150375 -0.137902 0.978964
0.193837 -177.406499 724.962158 -12792.230194 0.924675 -0.098879 0.367695 0.192347 0.954718 -0.226972 -0.328602 0.280600 0.901823
2.210127 -189.347386 87.785381 -12150.823188 0.919843 -0.087162 0.382482 0.199367 0.943570 -0.264438 -0.337850 0.319496 0.885314
0.565067 -200.566730 761.335191 12260.052942 0.914191 -0.140887 0.380006 -0.325126 -0.814737 0.480102 -0.241965 0.562455 0.790631
-1.161444 -168.185336 2023.257518 7998.899279 0.921320 -0.127693 0.367238 -0.247510 -0.921044 0.300692 -0.299846 0.367929 0.880182
2.234210 -131.580708 1146.914687 2203.320543 0.796382 -0.082417 0.599153 0.399165 -0.672629 -0.623087 -0.454360 -0.735376 0.502771
-0.562170 -129.984608 7.174869 1273.900767 0.812996 -0.134593 0.566500 -0.217094 0.832699 0.509395 -0.540285 -0.537120 0.647761
-0.869312 -122.230490 1250.255801 -1022.125710 0.811759 -0.098023 0.575707 0.280148 -0.799615 -0.531162 -0.512410 -0.592459 0.621634
-1.902069 -111.082763 528.960130 4347.704147 0.813486 -0.126295 0.567705 -0.171985 0.880239 0.442268 -0.555573 -0.457416 0.694341
-1.884133 -112.271362 648.617584 -467.266685 0.800259 -0.086450 0.593390 0.325994 -0.767833 -0.551507 -0.503303 -0.634790 0.586283
0.673627 -122.997162 2003.511525 2503.611817 0.793530 -0.056247 0.605926 0.436938 -0.640378 -0.631666 -0.423550 -0.765998 0.483583
-18.851776 -31.048226 468.393762 -649.466589 -0.113914 0.861099 0.495512 0.654718 0.440201 -0.614465 0.747240 -0.254425 0.613922
-13.283393 -31.896958 -2013.140722 490.818751 0.333276 -0.677677 -0.655501 0.616699 0.682583 -0.392127 0.713169 -0.273560 0.645411
-7.583999 -33.890029 -5973.865383 -1630.610053 0.016946 0.889041 0.457513 0.714169 0.309483 -0.627840 0.699768 -0.337381 0.629681
-3.292883 -57.342903 3901.720570 -611.564351 0.962887 0.093137 0.253328 0.002815 -0.941990 0.335629 -0.269892 0.322459 0.907292
-10.039567 -52.285903 1995.929666 -1803.712406 0.950573 0.203455 0.234559 0.102026 -0.918134 0.382912 -0.293261 0.340054 0.893510
0.027247 -61.179701 4090.979492 5229.215968 0.951677 0.241284 0.189984 -0.183390 0.942725 -0.278635 -0.246333 0.230329 0.941419
-8.985743 -59.346866 2900.706762 3335.782002 0.951122 -0.017371 0.308326 -0.146965 -0.903569 0.402447 -0.271603 0.428090 0.861958
2.942487 -427.851151 -445.624041 -120573.091420 0.853586 0.128415 0.504876 0.502629 0.051758 -0.862951 0.136947 -0.990369 0.020365
-1.704438 -403.275209 -620.461304 -84713.011754 0.846244 0.094789 0.524295 0.517055 0.091314 -0.851067 0.128547 -0.991301 -0.028262
1.889202 -369.871917 485.938316 -37777.861102 0.842311 0.088317 0.531707 0.438924 0.460147 -0.771758 0.312823 -0.883439 -0.348822
10.379615 -412.241378 5022.258304 -69236.434061 0.833201 0.132785 0.536790 0.488412 0.278460 -0.826991 0.259286 -0.951225 -0.167160
7.408423 -114.074964 -1414.513778 -3288.879994 0.822349 -0.165367 0.544423 0.142337 0.986200 0.084555 -0.550892 0.007958 0.834538
7.629930 -106.229282 -812.806995 -5823.490846 0.829017 -0.171440 0.532295 0.023659 0.961749 0.272910 -0.558722 -0.213653 0.801363
6.011811 -105.313719 -1645.666870 -4868.330732 0.820097 -0.166441 0.547484 0.039181 0.970851 0.236458 -0.570882 -0.172468 0.802713
-7.026939 -23.466175 -431.159744 1326.036023 0.859768 -0.506242 -0.067218 0.501830 0.861914 -0.072604 0.094692 0.028690 0.995093
-7.749291 -23.211654 -1107.398848 -115.122091 0.782575 -0.620117 -0.055054 0.610553 0.781761 -0.126784 0.121660 0.065605 0.990401
-6.342712 -21.211973 -655.981716 461.023193 0.801792 -0.596028 -0.043350 0.588137 0.799874 -0.119569 0.105941 0.070374 0.991879
-8.184800 -25.107589 -397.544112 1002.698625 0.830555 -0.550840 -0.082180 0.545984 0.834428 -0.075040 0.109908 0.017456 0.993788
-7.083829 -22.448258 39.694548 1450.051303 0.862003 -0.504415 -0.050163 0.500970 0.862828 -0.067502 0.077331 0.033057 0.996457
-6.639344 -26.263379 -219.127763 1540.487725 0.885632 -0.457451 -0.079971 0.457910 0.888895 -0.013582 0.077299 -0.024591 0.996705
-6.574491 -25.416706 21.002706 1769.027065 0.897270 -0.436512 -0.066056 0.436186 0.899633 -0.020047 0.068176 -0.010825 0.997615
0.777919 -172.261438 -248.973300 12105.022459 0.181178 0.980342 0.078132 0.699749 -0.072681 -0.710682 0.691032 -0.183432 0.699162
2.806169 -196.684840 -44.766611 1632.186011 0.171775 0.981958 0.079067 0.890744 -0.120532 -0.438232 0.420796 -0.145706 0.895377
3.381796 -182.323939 -1038.087643 11963.080174 0.191193 0.977674 0.087171 0.790617 -0.100762 -0.603963 0.581695 -0.184393 0.792231
2.399173 -160.141237 -760.591373 17156.696266 0.202093 0.977028 0.067632 0.601956 -0.069445 -0.795504 0.772533 -0.201477 0.602163
1.148844 -153.298934 506.796848 16939.868025 0.190620 0.980551 0.046723 0.461419 -0.047487 -0.885911 0.866462 -0.190431 0.461497
-0.339555 -148.664209 -662.363692 16717.469380 0.208550 0.976351 0.056968 0.417494 -0.036200 -0.907958 0.884424 -0.213139 0.415170
119.639116 -4082.890890 -13423.319410 -1896075.193680 0.013790 0.818062 0.574965 -0.454595 0.517286 -0.725092 0.890591 0.251378 -0.379020
47.383198 -396.512208 1660.086763 -135765.053045 0.040881 0.890707 0.452737 -0.492996 0.412101 -0.766243 0.869070 0.191872 -0.455962
22.244229 -108.599344 -1258.490863 6691.707658 0.042491 0.897447 0.439071 -0.392236 0.419169 -0.818809 0.918883 0.137427 -0.369822
21.616617 -97.090879 675.683598 -13333.716030 0.014516 0.807943 0.589082 -0.324920 0.560982 -0.761397 0.945630 0.180352 -0.270661
10.104980 -82.872796 -3416.398130 6649.110614 0.071829 0.912284 0.403211 -0.208777 0.409052 -0.888307 0.975322 0.020375 -0.219846
10.922856 -150.233896 2176.517139 1209.095115 -0.085816 -0.453622 0.887053 -0.580182 0.746555 0.325646 -0.809954 -0.486706 -0.327249
14.785119 -152.129406 1939.874798 -3666.700841 -0.075635 -0.555895 0.827804 -0.580097 0.699766 0.416911 -0.811029 -0.448673 -0.375400
0.407482 -137.537413 2037.363892 11342.129616 -0.085556 -0.517253 0.851545 -0.373933 0.808872 0.453762 -0.923501 -0.279599 -0.262622
-1.120700 -134.156208 -178.354090 20861.343516 -0.126192 -0.394420 0.910225 -0.326750 0.882883 0.337272 -0.936648 -0.254854 -0.240290
-11.660532 -108.165226 -14.501856 19952.248447 -0.124552 -0.467067 0.875406 -0.173587 0.878926 0.444248 -0.976911 -0.096627 -0.190549
51.045987 -48.793430 -12102.753697 29941.443093 -0.138928 0.989335 0.043754 0.394396 0.014748 0.918822 -0.908378 -0.144906 0.392239
30.967538 -84.770848 -13049.240880 8668.201768 -0.136734 0.984469 0.110115 0.142288 -0.090487 0.985681 -0.980336 -0.150444 0.127706
37.097149 -75.919494 17106.940638 11766.957288 0.080754 0.996316 -0.028871 0.220811 0.010364 0.975262 -0.971968 0.085131 0.219161
57.261021 -32.553854 20695.370749 31077.824545 0.043398 0.987667 -0.150431 0.420149 0.118568 0.899676 -0.906417 0.102248 0.409822
19.131929 -58.215225 23364.600944 24113.588211 0.105975 0.962117 -0.251198 0.335490 0.203213 0.919864 -0.936064 0.181758 0.301245
8.442442 -92.902329 26438.877798 7850.571771 0.160606 0.974530 -0.156517 0.119696 0.138175 0.983148 -0.979734 0.176634 0.094456
-52.634020 -58.631119 -1249.651518 -2431.107490 0.753890 -0.653639 -0.066382 0.591455 0.631213 0.501749 0.286062 0.417525 -0.862463
-52.177163 -58.570963 -683.140614 1623.236902 -0.372898 0.913203 0.164339 -0.866924 -0.279764 -0.412522 0.330740 0.296298 -0.896001
-50.893595 -56.887231 280.662406 -1064.458653 -0.648911 0.754017 0.101850 0.724721 0.571755 0.384546 0.231721 0.323349 -0.917470
-50.189543 -58.283297 -1096.135235 -830.006709 0.823974 -0.557329 -0.102228 0.540333 0.718524 0.437907 0.170605 0.416062 -0.893189
-50.998023 -59.386645 -2369.711809 -1388.782310 0.889829 -0.453386 -0.051438 0.402985 0.727983 0.554656 0.214027 0.514277 -0.830489
0.898357 -23.793123 2495.164535 2667.983282 0.136225 0.990163 0.031946 0.245067 -0.064925 0.967330 -0.959888 0.123945 0.251500
4.244480 -21.236635 1980.841385 3720.629225 0.121857 0.992546 0.001857 0.284913 -0.036772 0.957848 -0.950776 0.116191 0.287270
5.173522 -28.604844 1171.975948 2466.380259 0.123981 0.991534 0.038596 0.202945 -0.063412 0.977135 -0.971309 0.113313 0.209089
2.619004 -28.739725 2225.334097 1811.135006 0.143618 0.986762 0.075334 0.176957 -0.100502 0.979074 -0.973684 0.127281 0.189049
-1.191565 -25.509378 1651.592521 2058.683887 0.153432 0.977868 0.142239 0.191292 -0.170613 0.966591 -0.969467 0.121097 0.213236
-3.874434 -20.432890 1796.649071 2798.208740 0.153813 0.979137 0.132787 0.251676 -0.168776 0.952982 -0.955511 0.113162 0.272386
4.506183 -129.687058 2494.539667 -59.088270 0.921668 0.334277 0.196942 0.010705 -0.529327 0.848350 -0.387831 0.779789 0.491442
7.074088 -125.580632 1728.054910 -217.448202 0.914449 0.354768 0.194736 -0.066033 -0.343940 0.936667 -0.399277 0.869393 0.291089
2.049532 -127.792369 1814.635408 -742.595684 0.920707 0.331879 0.205316 -0.065072 -0.388187 0.919281 -0.384791 0.859748 0.335810
-24.023595 -30.162515 -167.291855 2142.002257 0.664240 0.216379 0.715517 0.531021 -0.810276 -0.247931 -0.526120 -0.544640 0.653120
-21.583092 -29.672832 1726.668664 5604.852601 0.309502 0.638274 0.704851 0.781274 -0.593230 0.194137 -0.542051 -0.490596 0.682272
-20.169427 -32.169787 1702.136930 -4025.859760 0.448229 0.476796 0.756145 -0.690240 0.722106 -0.046171 -0.568031 -0.501226 0.652773
-19.969889 -34.694912 596.206134 3988.303619 0.653521 0.187792 0.733242 0.537356 -0.797357 -0.274719 -0.533066 -0.573547 0.622001
-11.056338 -41.653689 999.669858 -278.937082 -0.061457 0.971754 -0.227852 0.579118 0.220645 0.784817 -0.812924 0.083721 0.576321
-12.911795 -43.617396 -1429.301777 154.056183 -0.053215 0.986278 -0.156281 0.628275 0.154714 0.762453 -0.776169 0.057613 0.627887
-15.129508 -41.503127 -950.335407 913.377367 -0.031711 0.984347 -0.173367 0.670863 0.149539 0.726348 -0.740903 0.093272 0.665103
-11.487084 -40.820068 2526.572689 139.549512 -0.023526 0.976078 -0.216144 0.646179 0.179817 0.741699 -0.762823 0.122219 0.634952
-11.648319 -38.860126 2374.616464 1524.921733 0.013117 0.985052 -0.171758 0.716575 0.110542 0.688695 -0.697387 0.132111 0.704413
-14.627927 -36.699466 -634.423279 2711.832091 -0.002687 0.989795 -0.142473 0.748722 0.096434 0.655833 -0.662879 0.104910 0.741340
7.760956 -60.398335 1207.149822 280.520031 -0.200135 0.960490 -0.193404 0.967187 0.162146 -0.195595 -0.156507 -0.226203 -0.961425
5.338877 -60.831508 474.936122 -98.913086 -0.172693 0.964920 -0.197752 0.974548 0.138249 -0.176476 -0.142946 -0.223195 -0.964236
7.665937 -60.598911 503.577056 272.665626 -0.191862 0.960616 -0.201013 0.957413 0.138174 -0.253513 -0.215754 -0.241092 -0.946216
0.092713 -54.926221 -1034.795950 -2820.108367 -0.135286 0.979998 0.145953 0.846611 0.190864 -0.496810 0.514730 -0.056354 0.855498
0.787924 -54.527968 -773.500599 -1550.505752 -0.140214 0.978529 0.151067 0.882342 0.192713 -0.429341 0.449235 -0.073093 0.890419
2.163936 -57.793855 -785.098666 -2521.331760 -0.146602 0.977628 0.150834 0.806476 0.206420 -0.554063 0.572803 -0.040417 0.818696
1.594813 -55.460361 -101.172552 -3825.580164 -0.171943 0.971914 0.160679 0.833809 0.230445 -0.501655 0.524594 -0.047719 0.850014
14.250951 -89.184033 950.679052 -2553.423669 -0.057588 0.998147 0.019653 0.882593 0.060102 -0.466280 0.466597 0.009507 0.884419
15.576808 -87.685705 299.504765 -2670.225013 -0.082910 0.996385 0.018532 0.837329 0.079734 -0.540854 0.540377 0.029325 0.840912
16.557921 -100.331292 382.614389 -5608.374455 -0.065175 0.997013 0.041445 0.771249 0.076685 -0.631898 0.633188 0.009220 0.773943
3.635351 -189.202018 710.715981 -5747.725158 -0.078475 0.956518 -0.280919 0.011641 0.282648 0.959153 -0.996848 -0.071999 0.033316
3.120971 -175.988128 986.627718 -14893.926317 -0.083343 0.952835 -0.291821 -0.201227 0.270715 0.941393 -0.975993 -0.137181 -0.169174
2.928378 -169.766856 1013.740113 -15710.896773 -0.083098 0.949072 -0.303904 -0.308534 0.265473 0.913417 -0.947577 -0.169668 -0.270760
4.306363 -175.785060 873.221172 -20942.003213 -0.068218 0.948133 -0.310468 -0.355539 0.267657 0.895517 -0.932168 -0.171474 -0.318840
1.617998 -151.639584 499.012077 -18875.836820 -0.078819 0.940918 -0.329333 -0.560409 0.231397 0.795234 -0.824457 -0.247241 -0.509061
-1.666563 -129.229230 908.521379 13548.304003 0.947843 0.291157 0.129699 -0.152226 0.771016 -0.618354 0.280039 -0.566359 -0.775123
-3.254236 -131.626807 1365.446036 14716.068827 0.950432 0.277399 0.140462 -0.102857 0.706804 -0.699892 0.293428 -0.650752 -0.700301
-1.288727 -118.520857 468.006741 9910.332846 0.955809 0.259079 0.138951 -0.134975 0.806603 -0.575477 0.261172 -0.531291 -0.805927
0.813148 -108.373726 293.877265 7716.527467 0.949602 0.290425 0.117935 -0.208389 0.865974 -0.454603 0.234156 -0.407116 -0.882852
-0.614389 -103.573559 842.269952 4829.221619 0.954179 0.265685 0.137675 -0.186672 0.888087 -0.420067 0.233873 -0.375119 -0.896989
-3.154115 -120.766870 482.193527 8595.633178 0.961088 0.235919 0.143707 -0.111409 0.807069 -0.579851 0.252780 -0.541278 -0.801948
4.977217 -40.263637 2037.133260 -288.971541 0.068242 0.996989 0.036820 0.673012 -0.073247 0.735996 -0.736477 0.025445 0.675984
6.043415 -36.694366 2252.877423 1833.575627 0.035103 0.999383 0.000896 0.737124 -0.026496 0.675238 -0.674846 0.023042 0.737599
8.213784 -40.631872 1244.932617 440.626456 0.065957 0.995665 0.065581 0.699375 -0.093008 0.708678 -0.711705 0.000877 0.702478
-3.091041 -103.573223 -742.442789 6991.657576 -0.962925 -0.235241 -0.132048 -0.221537 0.968869 -0.110520 0.153936 -0.077169 -0.985063
-2.066847 -96.757238 -740.672800 5438.176369 -0.958277 -0.254747 -0.129651 -0.263243 0.963274 0.052980 0.111392 0.084900 -0.990143
-2.869626 -101.199956 -383.981219 4989.955806 -0.959321 -0.253004 -0.125272 -0.244483 0.966387 -0.079528 0.141182 -0.045666 -0.988930
5.734171 -80.904142 -575.729370 -1659.505387 -0.182745 0.977621 0.104216 0.837553 0.099290 0.537258 -0.514887 -0.185467 0.836955
5.231939 -77.548748 -1080.616376 -1845.130963 -0.208449 0.972609 0.102859 0.794527 0.107071 0.597715 -0.570330 -0.206317 0.795083
7.238074 -78.220166 -1321.478488 416.617197 -0.219633 0.971893 0.084764 0.747917 0.111955 0.654283 -0.626404 -0.207098 0.751484
5.791683 -83.745091 1041.100725 213.938657 -0.194156 0.979469 0.054268 0.767127 0.117119 0.630713 -0.611408 -0.164087 0.774116
7.237203 -36.924271 1453.763244 2218.343167 0.089340 0.984758 0.149230 0.088034 -0.157050 0.983659 -0.992103 0.074743 0.100723
8.570777 -38.694677 307.462264 2791.579414 0.061694 0.991053 0.118352 0.054703 -0.121757 0.991051 -0.996595 0.054668 0.061725
7.955745 -43.619022 2242.012121 3135.454429 0.090056 0.988760 0.119342 0.001945 -0.120004 0.992772 -0.995935 0.089173 0.012730
4.503076 -41.609478 2178.530009 2318.964817 0.103089 0.984448 0.142247 0.041831 -0.147173 0.988226 -0.993792 0.095925 0.056353
5.927574 -33.041908 821.507418 2623.043276 0.095200 0.981745 0.164662 0.149287 -0.177623 0.972709 -0.984200 0.068020 0.163472
38.332142 -27.779266 5713.182274 2210.190409 0.890366 0.169501 0.422513 -0.228323 -0.636667 0.736562 -0.393848 0.752280 0.528166
30.255780 -34.442333 -130.559583 3300.224680 0.881567 0.096388 0.462114 -0.290876 -0.660092 0.692582 -0.371794 0.744975 0.553878
27.578266 -28.598412 -783.533302 555.619681 0.843668 0.049856 0.534545 -0.356012 -0.693313 0.626556 -0.401845 0.718909 0.567177
29.108342 -23.747563 3743.640948 -314.156601 0.862134 0.142547 0.486215 -0.271793 -0.679756 0.681220 -0.427613 0.719453 0.547297
-16.771422 -147.833378 2479.842915 10992.908454 0.853410 0.446757 0.268514 -0.391871 0.889594 -0.234648 -0.343699 0.095028 0.934259
-17.999428 -149.130992 2879.302168 13701.052939 0.851582 0.432779 0.295821 -0.359145 0.892719 -0.272152 -0.381866 0.125517 0.915655
-19.424093 -171.662695 2557.732851 8556.035983 0.870471 0.396902 0.291116 -0.421597 0.906444 0.024794 -0.254040 -0.144317 0.956366
-12.015301 -108.670673 788.749205 21864.120409 0.891288 0.236650 0.386786 -0.059962 -0.784003 0.617854 -0.449457 0.573878 0.684582
-15.797180 -153.979619 -11.450390 32225.228781 0.879229 0.271810 0.391248 -0.129260 -0.654342 0.745069 -0.458527 0.705659 0.540183
-12.825434 -112.021082 377.311153 18514.957882 0.879071 0.259075 0.400143 -0.051794 -0.782539 0.620444 -0.473869 0.566139 0.674489
2.745797 -42.175502 742.584976 -394.731609 0.995091 -0.069005 0.070932 0.053365 0.977806 0.202601 0.083338 0.197821 -0.976689
5.629338 -44.906479 1685.450998 523.055694 0.993184 -0.077988 0.086623 0.062288 0.983284 0.171096 0.098518 0.164534 -0.981439
1.525762 -45.058976 50.482420 -227.438073 0.994858 0.021661 0.098933 -0.046414 0.965751 0.255284 0.090015 0.258563 -0.961791
4.867614 -40.071517 82.820098 870.480976 0.981948 -0.184460 0.041870 0.176990 0.974110 0.140654 0.066731 0.130704 -0.989173
-3.346716 -39.990634 -2254.637252 -1001.897414 0.997681 -0.023831 0.063760 0.005780 0.962989 0.269479 0.067822 0.268486 -0.960893
-24.941256 -407.910485 7469.233437 161590.850373 0.935855 0.326498 -0.132567 -0.109797 -0.087299 -0.990113 0.334843 -0.941158 0.045851
-17.157277 -351.258973 11914.138026 142738.597151 0.907687 0.398414 -0.131797 -0.012795 -0.287646 -0.957651 0.419453 -0.870934 0.255995
-24.683383 -520.378714 14573.553684 181190.164302 0.913747 0.389255 -0.116391 0.058915 -0.410397 -0.910002 0.401990 -0.824654 0.397932
-39.656514 -13958.103134 229003.214789 -23148958.533123 0.378079 0.610965 0.695541 0.693324 0.311004 -0.650060 -0.613480 0.728010 -0.306013
-13.971560 -6796.917722 2618.359886 120463.474808 0.418087 0.656162 0.628216 0.905023 -0.360501 -0.225768 0.078332 0.662941 -0.744563
-367.425568 -6219.138781 -125155.923192 2253235.615979 -0.556039 -0.504048 -0.660876 -0.466032 0.847451 -0.254244 0.688211 0.166619 -0.706118
-1050.045132 -6495.513085 341316.813916 13898523.830231 0.501960 0.624316 0.598554 0.863012 -0.407145 -0.299071 0.056983 0.666681 -0.743162
-784.273130 -5219.798919 235136.285591 -49578025.024519 0.434228 0.584895 0.685087 0.146141 0.704713 -0.694279 -0.888869 0.401595 0.220529
-8.231959 -24.100421 -1116.626351 1284.563430 -0.468008 -0.829037 0.306049 0.747569 -0.186714 0.637400 -0.471285 0.527101 0.707146
-12.696971 -30.671957 -2820.452194 1122.236734 -0.505979 -0.823831 0.255513 0.707654 -0.227114 0.669063 -0.493164 0.519347 0.697903
-11.587914 -27.384148 1720.020998 -618.156630 0.686848 0.723168 -0.072578 0.567054 -0.470739 0.675910 -0.454632 0.505403 0.733401
-6.014613 -29.528660 -1694.346381 2041.213373 -0.342216 -0.847431 0.405892 0.780303 -0.015655 0.625206 -0.523465 0.530674 0.666610
40.539552 -27.690962 5001.831598 -777.701743 -0.299098 0.921124 0.249142 -0.814685 -0.110564 -0.569267 0.496819 0.373238 -0.783495
30.133031 -22.241155 8384.232638 154.820041 -0.377262 0.872634 0.310134 0.804210 0.142622 0.576980 0.459260 0.467085 -0.755587
31.752233 -24.263987 7748.195754 734.943972 -0.297703 0.892742 0.338209 0.852465 0.089117 0.515133 0.429740 0.441668 -0.787561
41.796615 -30.000642 4743.856454 -656.047207 -0.224080 0.935660 0.272634 -0.870356 -0.066263 -0.487945 0.438485 0.346627 -0.829205
19.815070 -21.363683 5468.154507 1496.230840 -0.260251 0.883462 0.389570 0.879486 0.050397 0.473248 0.398464 0.465785 -0.790108
32.886381 -27.189342 7606.568217 1503.989302 -0.226614 0.900392 0.371403 0.891772 0.038475 0.450846 0.391649 0.433375 -0.811664
-0.647464 -26.779792 237.291223 -1018.583110 0.039439 0.988388 0.146742 -0.927033 -0.018612 0.374518 -0.372900 0.150805 -0.915535
-2.312180 -24.885540 996.009770 -372.110218 0.045856 0.987833 0.148603 -0.946659 -0.004526 0.322207 -0.318959 0.155452 -0.934933
-1.327282 -25.697818 1204.847272 -791.825919 0.090537 0.986925 0.133352 -0.926220 0.034241 0.375424 -0.365949 0.157503 -0.917210
-3.534651 -60.753854 1038.275730 -3752.449752 -0.245264 0.969182 0.023065 0.001785 -0.023340 0.999726 -0.969455 -0.245238 -0.003995
-1.975554 -54.350400 1206.932499 -4958.484840 -0.239382 0.970756 -0.018119 -0.132916 -0.014279 0.991024 -0.961785 -0.239641 -0.132448
-2.740945 -59.909442 505.541219 -6643.750545 -0.254350 0.967087 -0.007041 -0.139629 -0.029517 0.989764 -0.956980 -0.252730 -0.142541
-5.625549 -102.366487 264.309508 -6067.181011 -0.036792 0.998458 -0.041559 0.039022 0.042991 0.998313 -0.998561 -0.035108 0.040544
-6.226540 -100.497175 -273.634864 -3562.282478 -0.044144 0.997796 -0.049547 0.078464 0.052905 0.995512 -0.995939 -0.040058 0.080626
-5.701487 -112.429955 586.452915 -9889.279977 -0.032123 0.998217 -0.050314 0.161533 0.054864 0.985341 -0.986344 -0.023525 0.163008
-4.148647 -116.467844 1244.634419 -7196.657551 -0.018729 0.999224 -0.034649 0.270315 0.038425 0.962005 -0.962590 -0.008651 0.270825
23.941288 -245.943169 1159.751122 -37278.646131 0.109560 0.925262 -0.363162 0.188659 0.339363 0.921542 -0.975912 0.169478 0.137378
20.050050 -261.581305 -3810.705414 -54617.394527 0.043709 0.942934 -0.330098 0.056411 0.327557 0.943146 -0.997450 0.059845 0.038874
20.969586 -169.821776 1211.403628 -26345.189271 0.126664 0.934021 -0.334007 -0.139720 0.350161 0.926210 -0.982056 0.070650 -0.174855
-78.889421 -376.798328 -20256.561558 118153.727116 0.527147 0.457998 -0.715789 -0.407660 0.875371 0.259883 0.745607 0.154802 0.648157
-45.133134 -260.591240 -11627.116497 5958.680700 0.607238 0.387896 -0.693396 -0.024025 0.881289 0.471967 0.794156 -0.269938 0.544472
-87.615817 -294.215756 -21312.728416 -21539.660151 0.520528 0.406049 -0.751116 0.058326 0.860722 0.505723 0.851850 -0.307053 0.424346
-16.753854 -42.497341 2875.563896 -3645.709314 0.174123 0.981122 -0.084146 -0.862232 0.193180 0.468227 -0.475644 0.008976 -0.879592
-16.352005 -41.968959 7850.111602 -1356.457960 0.215641 0.971017 -0.103079 -0.866626 0.238956 0.438017 -0.449953 0.005124 -0.893037
-16.867058 -45.031508 4206.171107 -1658.385402 0.133676 0.985798 -0.101651 -0.828558 0.167446 0.534279 -0.543712 -0.012804 -0.839174
-17.069304 -46.234272 149.805355 -4490.454834 0.107239 0.990168 -0.089816 -0.816016 0.139265 0.561002 -0.567994 -0.013130 -0.822928
-17.677542 -46.472218 1555.465870 466.437297 0.069097 0.989786 -0.124694 -0.762271 0.133015 0.633443 -0.643559 -0.051282 -0.763677
-19.221295 -45.633727 1081.143795 5035.584773 0.024040 0.989941 -0.139426 -0.770647 0.107189 0.628183 -0.636808 -0.092346 -0.765472
-53.112499 -82.376740 -291.495304 8235.143089 0.241513 -0.954463 0.175134 0.969756 0.243952 -0.007793 -0.035286 0.171720 0.984514
-50.313505 -74.787767 669.046646 5205.272706 -0.073894 -0.970243 0.230583 0.996193 -0.061091 0.062190 -0.046253 0.234301 0.971063
-43.150799 -66.949478 827.045803 5143.477463 -0.330573 -0.895245 0.298760 0.941483 -0.334883 0.038248 0.065808 0.293921 0.953561
63.065121 -79.553935 951.069369 -11730.198089 0.107315 0.994204 -0.006491 -0.070609 0.001109 -0.997503 0.991715 -0.107505 -0.070319
-6.833828 -69.453055 3696.992293 -49492.494081 -0.214142 0.965860 0.145804 0.888786 0.254585 -0.381111 0.405219 -0.047977 0.912960
-17.143644 -386.661185 5401.565819 -218508.509927 -0.004825 0.998571 0.053214 0.960824 0.019376 -0.276482 0.277118 -0.049795 0.959545
-48.120220 -157.763848 51235.444333 -46675.789740 -0.174821 0.952639 -0.248829 0.832662 0.008172 -0.553721 0.525463 0.303993 0.794655
2.033770 -25.302805 22.424865 -477.221022 -0.244063 -0.848892 0.468844 0.923065 -0.055143 0.380671 -0.297295 0.525681 0.797041
3.175471 -27.590500 64.896948 -880.418414 -0.330340 -0.837433 0.435409 0.912554 -0.165542 0.373955 -0.241084 0.520866 0.818888
2.494599 -21.142562 -723.647558 -497.627329 -0.191851 -0.845948 0.497559 0.923549 0.015906 0.383150 -0.332039 0.533028 0.778223
10.263629 -24.605645 4249.763872 -2835.491464 -0.275481 0.954612 -0.113248 0.935840 0.239380 -0.258651 0.219802 0.177235 0.959310
6.010162 -25.994574 2373.829166 -2391.548348 -0.373837 0.924267 -0.077301 0.897344 0.339349 -0.282161 0.234561 0.174848 0.956248
-1.462572 -24.678954 1136.436475 -2003.167437 -0.512560 0.858020 -0.032930 0.835218 0.489307 -0.250978 0.199231 0.156145 0.967432
83.385592 -52.290077 -4974.332511 3477.497218 0.700862 -0.675060 0.230406 -0.693028 -0.567986 0.443964 0.168834 0.470835 0.865915
88.560613 -69.738914 -4458.226062 -1114.935532 0.700300 -0.709638 0.077420 -0.623432 -0.555162 0.550570 0.347725 0.433830 0.831191
89.797947 -67.066522 -1780.940192 -6924.552463 -0.600264 0.798814 -0.039736 0.756582 0.551014 -0.352090 0.259359 0.241411 0.935122
85.170176 -85.161710 -5990.685761 2005.313996 -0.575320 0.809508 0.117066 0.639797 0.534559 -0.552183 0.509575 0.242783 0.825463
73.906039 -85.131647 -9146.747738 -6333.480788 -0.499391 0.851820 0.158150 0.768866 0.519873 -0.372259 0.399316 0.064307 0.914556
85.511563 -68.495571 -10697.047713 -10194.100622 -0.503446 0.860167 0.081576 0.828477 0.507379 -0.237048 0.245292 0.051757 0.968067
92.885273 -53.661295 6682.935807 -8271.354763 0.521977 -0.848851 0.083614 0.845174 0.501508 -0.184853 0.114980 0.167157 0.979203
-22.641517 -43.405164 -200.704921 965.794812 -0.651580 0.569071 -0.501600 0.603266 0.789611 0.112179 0.459907 -0.229505 -0.857796
-24.034305 -42.011098 12.992515 1560.312346 -0.691614 0.545680 -0.473183 0.560337 0.818749 0.125190 0.455732 -0.178559 -0.872023
-24.236328 -40.438514 -443.256063 -19.819342 -0.616630 0.621639 -0.483045 0.607984 0.765827 0.209436 0.500122 -0.164539 -0.850179
-10.392174 -50.788826 501.823736 -5897.689650 0.178262 0.983576 0.028307 0.170910 -0.002619 -0.985283 0.969026 -0.180476 0.168570
-10.560474 -50.451598 2189.092336 -6250.071276 0.141029 0.989700 0.024573 0.164608 0.001034 -0.986359 0.976225 -0.143150 0.162767
-9.227674 -46.271651 1777.078931 -2576.821014 0.110505 0.990248 0.084840 0.236224 0.056748 -0.970040 0.965395 -0.127236 0.227649
-9.190588 -46.840985 3494.732868 4484.196840 0.080626 0.980951 0.176735 0.267550 0.149506 -0.951874 0.960165 -0.124032 0.250399
-2.035268 -60.118273 201.567401 772.440767 0.010356 0.998506 0.053647 -0.981582 0.020386 -0.189952 0.190762 0.050691 -0.980327
-4.338032 -60.723185 370.044214 2339.985623 0.026982 0.997806 0.060461 -0.943041 0.045470 -0.329554 0.331580 0.048125 -0.942199
-2.325221 -59.400806 -457.659240 1206.762063 0.048184 0.997532 0.051070 -0.971412 0.058699 -0.230028 0.232458 0.038526 -0.971843
-3.923235 -58.463319 407.506112 2702.489729 -0.016300 0.998633 0.049664 -0.955290 -0.000888 -0.295668 0.295220 0.052263 -0.953999
-0.059442 -61.271963 -542.935227 -1134.293497 0.030271 0.998369 0.048397 -0.991559 0.036101 -0.124527 0.126071 0.044219 -0.991035
-2.264206 -57.389093 117.936555 229.232214 -0.025659 0.998693 0.044195 -0.977799 -0.015876 -0.208942 0.207967 0.048575 -0.976929
-0.344823 -61.580174 -288.439535 -1689.549037 -0.023698 0.998798 0.042915 -0.996510 -0.020163 -0.081001 0.080038 0.044685 -0.995790
1.267580 -64.120970 -112.058036 -1916.698555 0.003217 0.998593 0.052929 -0.998128 0.006439 -0.060817 0.061072 0.052634 -0.996745
17.877167 -100.005569 -1035.569731 7449.058734 -0.101470 0.964273 0.244706 -0.917127 0.004636 -0.398568 0.385463 0.264869 -0.883891
11.967977 -114.026484 -4291.439273 487.937793 -0.096506 0.979720 0.175602 -0.729454 0.050416 -0.682170 0.677188 0.193927 -0.709795
15.502081 -110.228898 -871.287528 2909.838545 -0.119419 0.963598 0.239203 -0.827010 0.036766 -0.560984 0.549358 0.264816 -0.792514
6.603021 -108.633516 -4900.096908 7563.281563 -0.125112 0.981310 0.146209 -0.814191 -0.017338 -0.580338 0.566957 0.191649 -0.801143
-1.274968 -128.448748 -760.625175 -756.676137 -0.133195 0.991016 -0.012100 -0.189613 -0.013497 0.981766 -0.972783 -0.133060 -0.189707
-1.838420 -123.793534 -287.635607 625.381378 -0.125955 0.992036 -0.000058 -0.074460 -0.009396 0.997180 -0.989238 -0.125604 -0.075050
-1.220543 -126.118222 709.861457 -2160.978029 -0.107825 0.993875 -0.024193 -0.322118 -0.011904 0.946625 -0.940539 -0.109863 -0.321429
-2.987786 -122.878808 -1104.384775 -2614.974138 -0.121900 0.992137 -0.028371 -0.323446 -0.012684 0.946162 -0.938362 -0.124514 -0.322449
2.608814 -114.709682 -526.365763 10992.482285 -0.124322 0.991820 0.028943 0.421531 0.026386 0.906430 -0.898251 -0.124890 0.421363
1.360749 -122.487892 -538.928924 8950.193850 -0.134885 0.990530 0.025637 0.241884 0.007826 0.970274 -0.960884 -0.137077 0.240649
2.742352 -129.961452 -571.183257 5940.575438 -0.127935 0.991611 0.018451 0.130680 -0.001588 0.991423 -0.983135 -0.129249 0.129381
1.380205 -106.252845 -420.719634 12247.842273 -0.130730 0.990862 0.033202 0.460121 0.030974 0.887316 -0.878179 -0.131276 0.459965
4.513339 -121.061803 -1096.138082 9481.129085 -0.121405 0.992417 0.019212 0.342822 0.023759 0.939100 -0.931522 -0.120598 0.343107
4.967457 -112.842160 -878.878026 5011.287724 -0.105357 0.994010 0.029052 0.515750 0.029640 0.856226 -0.850237 -0.105193 0.515783
2.261653 -96.626499 -632.551250 7753.136095 -0.121871 0.991619 0.042881 0.564746 0.033750 0.824574 -0.816217 -0.124708 0.564126
2.999074 -107.332239 -831.226895 3790.536646 -0.096952 0.993581 0.058287 0.622559 0.014849 0.782432 -0.776544 -0.112145 0.620003
0.927381 -16.462885 5445.333319 -1480.009707 0.750047 -0.642735 -0.155954 -0.629110 -0.620567 -0.468099 -0.204084 -0.449208 0.869806
8.027066 -14.548010 7302.503733 -927.950516 0.779708 -0.609362 -0.143993 -0.598512 -0.657762 -0.457310 -0.183955 -0.442750 0.877572
-8.830476 -19.065004 18.036904 2315.661835 0.398584 -0.857186 -0.326134 0.888560 0.272856 0.368797 -0.227140 -0.436787 0.870417
-11.164998 -21.981272 1361.553917 3117.040496 0.613949 -0.752454 -0.238495 0.754019 0.469684 0.459187 -0.233499 -0.461747 0.855726
0.548307 -56.108193 282.400384 1825.012998 0.022621 0.999026 0.037891 -0.997699 0.020135 0.064741 -0.063915 0.039268 -0.997183
-1.823190 -60.184792 -329.101426 -2940.486617 -0.015179 0.999225 0.036306 -0.991097 -0.019839 0.131653 -0.132271 0.033985 -0.990631
2.827346 -54.692616 656.503372 1736.599695 0.041942 0.998903 0.020804 -0.994422 0.039719 0.097708 -0.096775 0.024786 -0.994998
-1.294538 -61.437580 782.520489 -2983.779201 -0.043550 0.997688 0.052174 -0.991384 -0.049614 0.121227 -0.123536 0.046445 -0.991253
1.872113 -54.710032 117.103269 -2948.173517 0.004924 0.999155 0.040816 0.999884 -0.005507 0.014170 0.014383 0.040742 -0.999066
0.405453 -60.411500 148.018274 958.391539 -0.053171 0.997728 0.041372 -0.995446 -0.056241 0.076973 -0.079125 0.037091 -0.996174
1109.554251 141.018637 93536.921931 6682.804451 0.810066 -0.069515 0.582204 0.556679 0.402991 -0.726434 0.184125 -0.912560 -0.365146
5399.649890 -210.894342 -2115372.396455 88754.851937 0.918035 -0.396259 0.013779 0.257327 0.569003 -0.781037 -0.301652 -0.720565 -0.624333
2842.226025 23.985250 -953920.372565 10295.095654 0.659105 -0.749243 0.064926 0.603929 0.475866 -0.639391 -0.448163 -0.460636 -0.766136
3049.101307 316.953156 -554067.847343 -53172.988816 0.923406 0.004302 0.383800 0.342851 0.440287 -0.829819 0.172552 -0.897847 -0.405089
409.717242 -31.397323 122767.275801 -350.895574 -0.316788 0.929848 -0.187157 -0.740734 -0.119290 0.661123 -0.592418 -0.348069 -0.726559
19.523267 -25.170404 9009.736500 -3508.682587 0.314127 0.906846 -0.280988 0.490840 -0.408475 -0.769561 0.812650 -0.103820 0.573429
17.453805 -31.677730 9083.473141 -2810.544064 0.283221 0.928009 -0.242046 0.453035 -0.351902 -0.819100 0.845308 -0.122331 0.520086
