14691
29370
-25.983169 -40.801402 -729.426401 3512.882958 0.206540 -0.399627 -0.893106 0.128423 0.915964 -0.380156 0.969974 -0.036178 0.240505
-33.169018 -51.491549 -478.255235 4182.030256 0.245481 -0.220874 -0.943903 0.225648 0.959971 -0.165950 0.942774 -0.172252 0.285494
-33.075723 -53.103941 12.391594 6860.359237 0.233939 0.141449 -0.961907 0.081020 0.983083 0.164267 0.968870 -0.116362 0.218522
-26.798494 -43.670996 -485.741524 2949.835140 0.236561 -0.587644 -0.773766 0.266995 0.805028 -0.529759 0.934212 -0.081271 0.347336
-24.501645 -42.725778 2346.505988 6411.480694 0.158426 0.122255 -0.979773 -0.044147 0.992190 0.116666 0.986383 0.024771 0.162586
-19.647793 -31.160710 626.150820 2232.743187 0.160862 -0.566550 -0.808173 0.054513 0.822687 -0.565874 0.985470 0.046971 0.163224
-21.494335 -36.228722 322.915287 1790.504666 0.185582 -0.702038 -0.687533 0.193438 0.712097 -0.674907 0.963401 -0.007744 0.267953
-45.292056 -61.074618 -1229.111950 -2844.154745 0.369282 0.302060 -0.878857 0.500688 0.732042 0.461981 0.782907 -0.610634 0.119092
-44.778186 -54.447325 -513.803187 -1842.831001 0.290655 0.152788 -0.944551 0.674003 0.667988 0.315454 0.679146 -0.728318 0.091175
-29.443107 -51.408063 9247.974701 -4646.830188 0.040116 0.234037 -0.971400 0.703859 0.683414 0.193721 0.709206 -0.691499 -0.137313
-36.238700 -53.035964 53.317252 685.348204 0.411131 -0.843541 -0.345557 0.900019 0.435795 0.006987 0.144698 -0.313881 0.938372
-39.251271 -55.078371 -392.413189 1237.080078 0.449126 -0.792086 -0.413384 0.890091 0.436849 0.130003 0.077613 -0.426337 0.901229
-38.066803 -52.951807 464.690557 650.312585 0.348031 -0.827843 -0.439945 0.907920 0.414557 -0.061835 0.233572 -0.377914 0.895893
5.284149 -14.457730 -2945.200289 409.179957 0.323703 0.706700 -0.629120 -0.473192 -0.454874 -0.754440 0.819332 -0.541909 -0.187161
-1.703526 -15.088187 -1480.107517 297.230524 0.403598 0.798955 -0.445846 -0.397669 -0.285679 -0.871922 0.823995 -0.529205 -0.202420
3.777384 -15.618253 -1857.106044 441.785596 0.363936 0.761611 -0.536190 -0.397025 -0.393902 -0.828983 0.842569 -0.514577 -0.159023
-3.885631 -18.871232 324.590178 -671.759145 0.506761 0.855295 -0.108003 -0.228070 0.012193 -0.973568 0.831371 -0.517999 -0.201246
-0.102426 -20.172194 -465.195662 -232.376339 0.471856 0.846579 -0.246285 -0.240355 -0.145245 -0.959757 0.848281 -0.512063 -0.134945
6.626930 -18.237855 -1477.543487 526.450957 0.371495 0.771052 -0.517176 -0.346861 -0.401443 -0.847662 0.861208 -0.494290 -0.118314
11.550871 -18.231209 -1798.146922 754.569956 0.294529 0.710772 -0.638792 -0.405943 -0.512084 -0.756955 0.865137 -0.482258 -0.137710
-13.873573 -40.790750 2155.530456 256.758840 0.223958 0.654957 -0.721716 -0.288667 0.751876 0.592751 0.930867 0.075584 0.357453
-2.663691 -42.103797 3533.537326 876.599006 0.207229 0.587295 -0.782394 -0.200370 0.808281 0.553655 0.957553 0.042035 0.285176
-5.991848 -40.698461 3234.519398 1159.069895 0.197975 0.600844 -0.774463 -0.307994 0.788215 0.532782 0.930562 0.133053 0.341103
-2.160838 -41.533259 -365.300601 839.044291 -0.578408 0.309956 0.754567 0.642673 0.742844 0.187497 -0.502410 0.593389 -0.628867
-3.035667 -35.488132 -954.867018 -307.803748 -0.548539 0.348846 0.759876 0.708817 0.676056 0.201315 -0.443491 0.649042 -0.618110
-3.896315 -37.178869 688.834272 -532.740854 -0.522111 0.348066 0.778621 0.739565 0.639467 0.210062 -0.424787 0.685516 -0.591290
-2.824192 -37.815876 521.903915 -302.731515 -0.488476 0.366328 0.791957 0.819112 0.505325 0.271482 -0.300745 0.781313 -0.546902
-3.871624 -39.237831 1227.204433 51.353152 -0.500277 0.355003 0.789744 0.792630 0.554879 0.252678 -0.348511 0.752384 -0.558980
-6.353489 -42.885921 1871.563214 -272.529612 -0.537333 0.329600 0.776297 0.698921 0.689177 0.191165 -0.471998 0.645290 -0.600682
-4.547857 -43.164989 1960.575946 994.723390 -0.563735 0.299701 0.769664 0.650850 0.734907 0.190544 -0.508525 0.608352 -0.609353
-0.943795 -41.448758 495.300727 797.298981 0.412652 -0.209660 -0.886432 0.385759 0.921798 -0.038446 0.825172 -0.326084 0.461260
0.287540 -41.278092 400.888577 1745.713264 0.403110 -0.217008 -0.889050 0.287666 0.952283 -0.102010 0.868764 -0.214629 0.446301
-1.043954 -40.046692 348.715513 1923.226354 0.415858 -0.221705 -0.881992 0.269010 0.956417 -0.113575 0.868732 -0.190034 0.457375
-0.553514 -43.638651 509.426271 -20.558563 0.417487 -0.182395 -0.890189 0.445220 0.895061 0.025409 0.792139 -0.406937 0.454883
-3.166487 -41.841627 608.810131 370.557403 0.419374 -0.219334 -0.880919 0.429568 0.902807 -0.020282 0.799748 -0.369908 0.472833
-1.237175 -46.775368 280.937895 46.737722 0.430792 -0.196109 -0.880886 0.507131 0.860012 0.056548 0.746483 -0.471085 0.469939
0.676734 -51.302201 -584.201276 -1849.004515 -0.652407 0.178052 0.736656 -0.202103 0.895936 -0.395541 -0.730424 -0.406934 -0.548530
1.732298 -52.737623 -896.131992 -1982.768756 -0.638723 0.126268 0.759005 -0.291092 0.873472 -0.390272 -0.712248 -0.470216 -0.521151
-0.185855 -47.877035 -246.192255 -700.762858 -0.628311 0.118391 0.768901 -0.347721 0.841396 -0.413694 -0.695928 -0.527292 -0.487492
-1.474281 -44.958063 212.594576 -86.970884 -0.628194 0.133598 0.766501 -0.389287 0.799006 -0.458307 -0.673668 -0.586295 -0.449922
-0.111034 -47.430786 -264.335835 -630.419720 -0.647029 0.170673 0.743118 -0.258171 0.868014 -0.424146 -0.717426 -0.466287 -0.517568
-1.362019 -45.097892 -16.552870 -382.669135 0.612704 -0.089529 -0.785225 -0.465523 0.762020 -0.450127 -0.638657 -0.641335 -0.425215
3.115389 -66.712170 351.070019 -2685.523237 0.484533 -0.347553 -0.802766 -0.301814 0.794916 -0.526324 0.821058 0.497308 0.280267
0.737336 -65.393087 -971.437417 -2150.156195 0.489053 -0.300040 -0.819026 -0.300110 0.823768 -0.480978 0.819000 0.481022 0.312821
3.554441 -71.697969 -753.128338 -2051.836174 0.487656 -0.297358 -0.820835 -0.401875 0.758215 -0.513426 0.775041 0.580248 0.250248
9.623613 -72.953019 472.735625 -350.766569 0.487021 -0.334647 -0.806736 -0.513931 0.637036 -0.574509 0.706177 0.694404 0.138264
16.944224 -22.264290 1216.989014 -5985.386836 -0.169045 -0.703657 0.690139 0.904639 0.167166 0.392026 -0.391219 0.690596 0.608296
20.563316 -30.893843 2419.953486 -3797.876536 -0.200426 -0.686989 0.698481 0.929437 0.092115 0.357297 -0.309799 0.720806 0.620051
14.837846 -36.392118 776.597407 -1597.511578 -0.172016 -0.701833 0.691261 0.951306 0.063858 0.301561 -0.255788 0.709474 0.656673
19.949202 -39.091539 2098.714448 200.958578 -0.174244 -0.686650 0.705798 0.971655 -0.003598 0.236377 -0.159769 0.726979 0.667813
28.178316 -9.477778 1354.674018 -970.375005 -0.343631 0.546813 -0.763488 0.915815 0.375062 -0.143569 0.207850 -0.748548 -0.629662
18.282651 -4.137167 2259.242432 -1247.651728 -0.390805 0.563935 -0.727495 0.905483 0.377588 -0.193722 0.165447 -0.734441 -0.658197
22.310914 -7.558810 558.897962 -568.435855 -0.185273 0.557516 -0.809228 0.966493 0.252264 -0.047482 0.177667 -0.790910 -0.585573
20.859434 -22.048878 -4353.741943 -2010.382128 -0.099308 -0.081933 -0.991678 -0.105355 0.991868 -0.071398 0.989464 0.097388 -0.107132
9.119548 -19.011256 -5594.430935 -1589.691493 -0.026858 -0.148658 -0.988524 -0.098034 0.984506 -0.145390 0.994821 0.093004 -0.041016
6.994378 -23.569095 -5145.976881 -2090.470386 -0.045491 -0.068260 -0.996630 -0.150769 0.986704 -0.060698 0.987522 0.147499 -0.055177
19.055281 -26.643368 -4113.605594 -1985.544374 -0.112231 0.005691 -0.993666 -0.162312 0.986448 0.023983 0.980336 0.163976 -0.109786
-9.626119 -72.899990 36.453692 1655.646587 0.168928 -0.267203 0.948718 0.946644 0.312017 -0.080680 -0.274458 0.911728 0.305655
-9.865041 -69.888568 547.152131 1541.511711 0.196179 -0.292720 0.935857 0.933798 0.347010 -0.087209 -0.299224 0.891010 0.341417
-9.224390 -70.316177 218.070059 560.367002 0.197415 -0.288254 0.936983 0.967417 0.211847 -0.138654 -0.158529 0.933826 0.320684
12.754432 -90.819666 -992.187193 12659.928542 0.841373 -0.054680 0.537681 -0.540256 -0.112059 0.834006 -0.014649 0.992196 0.123825
10.851301 -102.945459 -1567.804523 8410.169972 0.858100 -0.053208 0.510718 -0.495981 0.171577 0.851214 0.132918 0.983733 -0.120840
12.936826 -100.640978 1711.442061 11920.463980 0.854384 -0.149450 0.497687 -0.505278 -0.015302 0.862821 0.121333 0.988651 0.088587
14.663512 -78.648149 1533.382786 4479.297821 0.846036 -0.144181 0.513258 -0.533099 -0.219295 0.817138 0.005261 0.964946 0.262394
15.480571 -72.030271 -215.878318 5726.621888 0.846181 -0.058882 0.529632 -0.527216 -0.237218 0.815948 -0.077594 0.969670 0.231773
9.770221 -29.266072 5479.048514 -110.992917 -0.330032 0.831146 -0.447521 -0.402574 -0.552736 -0.729669 0.853822 0.060654 -0.517019
12.973713 -27.869865 4726.697455 -165.420023 -0.328832 0.756742 -0.564988 -0.305089 -0.651303 -0.694785 0.893751 0.056096 -0.445043
-2.417384 -28.407218 3550.942340 -430.971561 -0.279076 0.885348 -0.371855 -0.340333 -0.453296 -0.823830 0.897936 0.103357 -0.427817
-15.209333 -64.897778 -4693.543197 17295.843262 0.142743 0.980034 -0.138415 -0.903899 0.072106 -0.421624 0.403225 -0.185297 -0.896144
-12.435200 -109.585807 8987.997491 31380.756006 -0.754371 -0.555865 -0.349197 -0.482149 0.830171 -0.279910 0.445485 -0.042791 -0.894266
4.880910 -34.465190 -7936.871668 9625.716659 0.621186 0.741423 0.253811 -0.667295 0.670257 -0.324766 0.410908 -0.032373 -0.911102
-5.048135 -70.688134 9202.175994 -27814.996557 -0.876697 -0.385915 -0.287178 -0.274722 0.891728 -0.359651 0.394879 -0.236411 -0.887795
35.955950 -26.755128 -5617.473734 -557.090677 -0.168929 0.618567 -0.767358 0.471079 0.734537 0.488405 0.865764 -0.278981 -0.415478
27.554729 -25.609732 -4648.874224 -925.119948 -0.118894 0.606444 -0.786187 0.430516 0.744988 0.509558 0.894718 -0.277883 -0.349658
30.453624 -28.715789 -2025.706670 -1119.603058 -0.181192 0.661249 -0.727956 0.393453 0.727128 0.562565 0.901312 -0.184484 -0.391920
24.233122 -27.539512 -3283.825524 -1311.180687 -0.100229 0.630081 -0.770034 0.362944 0.743755 0.561337 0.926405 -0.223218 -0.303230
1.373817 -41.016926 -631.393807 -826.157944 -0.706277 0.334792 0.623769 0.203158 0.939900 -0.274436 -0.678159 -0.067105 -0.731845
2.457447 -40.874136 7.152707 236.418720 -0.689721 0.338705 0.639971 0.192084 0.937769 -0.289299 -0.698132 -0.076608 -0.711859
2.119377 -38.786930 -230.255858 339.375293 -0.703189 0.304092 0.642692 0.100228 0.937293 -0.333822 -0.703903 -0.170324 -0.689572
-4.061741 -22.912276 113.147420 193.745037 0.369439 0.417228 -0.830323 -0.704599 0.708336 0.042431 0.605851 0.569369 0.555665
-5.579332 -23.178755 553.599515 -167.066432 -0.460954 -0.319036 0.828093 0.673312 -0.733591 0.092168 0.578077 0.600050 0.552963
-7.041423 -22.862959 70.242782 -353.215366 -0.412118 -0.375430 0.830187 0.730844 -0.680313 0.055149 0.544083 0.629465 0.554750
-6.841095 -22.791544 -637.085209 -329.467661 -0.314945 -0.463803 0.828068 0.769146 -0.635897 -0.063632 0.556079 0.616864 0.557005
1.924083 -99.263671 2422.339542 -1293.443213 -0.004773 -0.242376 0.970171 -0.689987 0.703030 0.172242 -0.723806 -0.668583 -0.170592
3.274710 -223.206186 -305.496351 -42834.707504 -0.003486 -0.286959 0.957936 -0.557883 0.795571 0.236291 -0.829912 -0.533593 -0.162864
0.355236 -212.777630 575.398774 -49172.678878 0.008932 -0.295935 0.955166 -0.599807 0.762699 0.241913 -0.800095 -0.575077 -0.170691
-4.248559 -91.099941 1810.805589 -6033.444088 0.008488 -0.269549 0.962949 -0.649827 0.730441 0.210193 -0.760035 -0.627535 -0.168960
-0.687770 -34.089774 1596.476114 1442.798510 -0.418566 0.376941 0.826267 0.906995 0.126911 0.401564 0.046504 0.917501 -0.395005
-3.244875 -32.136476 975.089765 399.104969 -0.420258 0.382327 0.822927 0.900931 0.067669 0.428655 0.108200 0.921546 -0.372889
-3.660833 -34.984727 635.788775 1453.438082 -0.429204 0.387474 0.815872 0.902490 0.147996 0.404485 0.035982 0.909924 -0.413212
-39.822249 -80.662357 -5695.492479 -6759.400844 0.865797 -0.009270 -0.500309 -0.404537 0.575516 -0.710725 -0.294525 -0.817738 -0.494530
-25.675990 -68.504293 -1807.880362 -8296.812371 0.725599 0.127257 -0.676249 -0.659777 0.407797 -0.631186 -0.195450 -0.904161 -0.379859
-29.023509 -70.157664 258.877138 -4343.848923 0.774466 0.081015 -0.627407 -0.542121 0.596145 -0.592212 -0.326048 -0.798779 -0.505614
-37.083971 -68.800797 -544.835243 4876.212847 0.874334 -0.020894 -0.484874 -0.301068 0.760253 -0.575651 -0.380654 -0.649291 -0.658425
-32.457870 -62.466366 -297.400149 5250.864549 0.777814 0.005113 -0.628473 -0.395324 0.781357 -0.482907 -0.488593 -0.624063 -0.609772
-27.910159 -67.680254 -209.256721 -1986.047720 0.679681 0.079230 -0.729217 -0.585815 0.656910 -0.474647 -0.441424 -0.749794 -0.492903
-44.816123 -48.750231 129.028682 4163.896822 0.956630 -0.130869 -0.260255 -0.038113 0.829498 -0.557207 -0.288802 -0.542960 -0.788535
-40.766394 -46.714266 3214.545415 2989.324352 0.775816 0.454859 -0.437278 -0.608456 0.722775 -0.327684 -0.167004 -0.520287 -0.837503
-45.790421 -58.460195 371.995574 2694.259975 0.964179 0.038229 -0.262483 -0.202469 0.745361 -0.635171 -0.171362 -0.665564 -0.726402
-46.458482 -63.891300 534.728190 808.491056 0.982455 0.022179 -0.185175 -0.163757 0.577744 -0.799622 -0.089249 -0.815917 -0.571240
-48.063776 -62.651202 -228.479607 1533.996946 0.955746 -0.097099 -0.277707 -0.156100 0.632743 -0.758465 -0.249363 -0.768250 -0.589585
-46.589922 -57.699749 -196.163040 1782.501427 0.954511 -0.212203 -0.209474 0.003678 0.710842 -0.703342 -0.298155 -0.670577 -0.679287
-8.874703 -33.190081 -1147.469149 1830.038915 -0.106977 -0.644171 0.757364 0.961181 0.127851 0.244509 -0.254335 0.754121 0.605488
-7.661183 -37.050294 28.217026 1139.295862 -0.120101 -0.645245 0.754477 0.916853 0.219366 0.333556 -0.380732 0.731804 0.565248
-10.166494 -36.182564 -942.839704 1675.603763 -0.133631 -0.656698 0.742220 0.929310 0.177141 0.324044 -0.344276 0.733055 0.586604
12.504619 -45.233307 1693.417776 377.764382 -0.398276 -0.695767 0.597733 0.867542 -0.074085 0.491816 -0.297906 0.714436 0.633113
8.528707 -50.223998 2513.334374 2017.186079 -0.369986 -0.685755 0.626778 0.847896 0.026496 0.529500 -0.379714 0.727350 0.571645
20.202204 -44.186300 3865.878213 749.751240 -0.284468 -0.677795 0.677991 0.916158 0.016102 0.400493 -0.282369 0.735075 0.616387
25.458111 -39.006574 4430.325893 876.471484 -0.282919 -0.698216 0.657610 0.947416 -0.096548 0.305091 -0.149529 0.709346 0.688817
-14.550928 -32.256401 739.145978 -819.163962 0.289413 0.513015 -0.808119 0.921483 -0.377808 0.090170 -0.259055 -0.770764 -0.582077
-11.896787 -31.381155 646.835803 -995.903090 0.235801 0.567789 -0.788679 0.935518 -0.352317 0.026062 -0.263067 -0.743968 -0.614253
-14.224430 -33.007943 920.035037 -49.944198 0.257115 0.548432 -0.795685 0.952969 -0.280589 0.114541 -0.160442 -0.787714 -0.594782
-15.805709 -33.168001 618.140231 89.255014 0.287524 0.498838 -0.817613 0.942049 -0.301343 0.147429 -0.172839 -0.812621 -0.556573
-2.095182 -58.934913 -336.750617 38.028985 0.347678 0.760480 -0.548444 0.372424 0.424804 0.825132 -0.860477 0.491134 0.135526
-3.337923 -60.414578 -249.545673 362.083089 0.350346 0.762973 -0.543259 0.488849 0.345797 0.800907 -0.798927 0.546165 0.251830
-1.453666 -57.978624 648.385605 2064.357457 0.371170 0.743222 -0.556645 0.487180 0.354467 0.798128 -0.790499 0.567427 0.230516
2.737497 -85.019920 2364.902911 2297.366400 0.007622 0.989096 -0.147077 -0.960657 0.048078 0.273543 -0.277632 -0.139205 -0.950549
3.431133 -90.030267 3069.764944 -452.210795 0.039107 0.989536 -0.138883 0.998173 -0.045093 -0.040217 -0.046059 -0.137057 -0.989492
-2.642622 -85.653675 -339.093604 1830.928764 0.025303 0.976725 -0.212999 -0.972309 0.073563 0.221821 -0.232327 -0.201488 -0.951539
8.934762 -86.187218 5513.663457 1287.264306 0.021369 0.992921 -0.116842 -0.968584 0.049523 0.243707 -0.247769 -0.107964 -0.962785
5.944595 -136.025617 -735.876606 14547.647827 0.101613 0.836190 -0.538944 -0.242749 -0.504531 -0.828566 0.964753 -0.215021 -0.151718
5.217435 -138.219942 872.108298 12763.397569 0.049802 0.836983 -0.544958 -0.284057 -0.511232 -0.811143 0.957513 -0.195195 -0.212290
7.371341 -111.743774 58.277795 4799.857865 0.088145 0.833430 -0.545550 -0.461000 -0.451368 -0.764033 0.883011 -0.318844 -0.344426
7.338800 -118.004534 361.278916 7754.085265 0.074506 0.833794 -0.547025 -0.337005 -0.495224 -0.800738 0.938550 -0.244010 -0.244096
4.819091 -141.067976 -202.029116 16127.134726 0.089691 0.828679 -0.552491 -0.109581 -0.543148 -0.832456 0.989923 -0.135206 -0.042092
-6.037853 -83.314811 351.880355 -744.466352 0.136260 0.874612 -0.465281 -0.728833 0.406610 0.550882 -0.670996 -0.264049 -0.692851
-5.670138 -85.467268 238.407299 263.139255 0.123143 0.876015 -0.466298 -0.774616 0.378559 0.506618 -0.620327 -0.298816 -0.725192
-6.331954 -77.225135 205.042987 488.726960 0.126596 0.875660 -0.466040 -0.615223 0.437854 0.655580 -0.778122 -0.203724 -0.594157
-2.688160 -49.801485 -364.248827 500.607422 0.172654 0.907495 -0.382941 0.912350 -0.000816 0.409410 0.371225 -0.420063 -0.828094
-3.161584 -48.419580 -496.576071 285.811908 0.161382 0.907103 -0.388740 -0.874637 -0.050994 -0.482089 0.457128 -0.417807 -0.785157
-1.535300 -45.208118 -397.456803 -1125.580473 0.129679 0.903021 -0.409556 -0.837924 -0.121042 -0.532196 0.530158 -0.412192 -0.740966
-1.115096 -47.270370 313.353652 401.793311 0.141997 0.912421 -0.383830 0.915368 0.026547 0.401743 0.376748 -0.408391 -0.831431
3.520012 -20.543195 -1872.369687 1111.835639 -0.353723 0.647599 -0.674904 0.758758 -0.223273 -0.611911 -0.546961 -0.728536 -0.412394
8.148342 -21.858722 -1767.398534 1240.318470 -0.287258 0.643420 -0.709572 0.761142 -0.296396 -0.576899 -0.581503 -0.705804 -0.404592
2.986084 -24.614165 -2433.861151 1126.969246 -0.345233 0.632876 -0.693024 0.720368 -0.294623 -0.627907 -0.601569 -0.716006 -0.354190
-1.800648 -21.438285 -2288.322587 1069.078684 -0.403381 0.647805 -0.646245 0.744121 -0.178775 -0.643680 -0.532511 -0.740533 -0.409931
-2.370338 -100.772433 1625.528870 -3726.540000 0.344347 0.610671 -0.713096 0.323042 0.636100 0.700728 0.881515 -0.471654 0.021767
-5.821021 -99.686069 1065.595613 2081.731688 0.371613 0.609952 -0.699902 -0.382936 -0.586064 -0.714065 0.845732 -0.533374 -0.015784
-3.311963 -93.530335 1724.238152 4229.034647 0.340386 0.611930 -0.713918 -0.543308 -0.491686 -0.680487 0.767434 -0.619505 -0.165104
-16.002511 -33.243507 2149.872423 879.800921 -0.116430 0.748070 -0.653327 0.160732 0.663321 0.730870 -0.980107 0.019915 0.197469
-13.879642 -31.788608 854.330312 348.101791 -0.100682 0.781893 -0.615229 0.207980 0.621250 0.755508 -0.972938 0.051889 0.225167
-13.591765 -33.003604 861.240309 461.776182 -0.105558 0.713816 -0.692333 0.067666 0.699765 0.711161 -0.992108 -0.028221 0.122167
-22.429607 -45.369836 3716.397819 -7456.578035 0.950632 -0.293060 0.102057 0.169214 0.213852 -0.962099 -0.260127 -0.931871 -0.252884
-10.554059 -113.627000 -8092.191819 51724.604441 0.679486 0.035230 -0.732842 0.721735 -0.211668 0.659011 -0.131902 -0.976706 -0.169252
-23.987894 -205.518620 -6474.874171 79498.312365 0.641627 0.122083 -0.757239 0.755556 -0.270625 0.596571 -0.132097 -0.954912 -0.265881
-0.561497 -27.988542 1967.921631 1382.718194 0.919900 -0.199263 0.337756 -0.384422 -0.628391 0.676272 -0.077487 0.751944 0.654657
-0.808324 -25.165727 1902.751632 1506.800219 0.915874 -0.206304 0.344403 -0.387058 -0.681517 0.621064 -0.106588 0.702121 0.704035
6.409117 -25.731818 1889.887748 1085.191362 0.957097 -0.127932 0.259998 -0.278961 -0.649552 0.707293 -0.078396 0.749477 0.657372
6.041561 -29.520097 3051.888956 839.851879 0.947296 -0.169714 0.271713 -0.318996 -0.577882 0.751195 -0.029530 0.798279 0.601563
29.247968 -173.708893 4335.709541 -6287.643361 0.240455 0.779018 -0.579061 0.964395 -0.124065 0.233559 0.110106 -0.614604 -0.781113
15.212139 -152.382822 2492.954217 3570.453873 0.266121 0.818930 -0.508461 0.950953 -0.136748 0.277468 0.157696 -0.557362 -0.815156
21.730322 -191.264357 4247.935965 10164.998552 0.336249 0.799669 -0.497460 0.934705 -0.347962 0.072447 -0.115164 -0.489339 -0.864456
36.813588 -212.967425 6422.370265 1747.743669 0.282630 0.771485 -0.570027 0.944215 -0.328485 0.023581 -0.169053 -0.544893 -0.821287
58.639497 -259.391785 8984.609321 -16078.001831 0.199097 0.709875 -0.675602 0.979964 -0.148074 0.133206 -0.005480 -0.688587 -0.725133
-42.145149 -64.148135 -1227.725068 4668.565393 0.317414 0.240660 -0.917241 0.222154 0.921472 0.318647 0.921898 -0.304912 0.239025
-37.623033 -59.463514 -238.503310 2370.094387 0.272086 -0.101695 -0.956884 0.365832 0.930667 0.005114 0.890020 -0.351450 0.290425
-31.359638 -53.515963 68.213338 3505.329739 0.271115 -0.371246 -0.888073 0.343528 0.899187 -0.271019 0.899158 -0.231600 0.371317
-43.739895 -55.978322 763.369544 732.727549 0.170459 0.039185 -0.984585 0.816473 0.553782 0.163394 0.551648 -0.831739 0.062404
-48.711527 -57.800727 -2318.856650 -1115.363957 0.367593 0.023300 -0.929695 0.720127 0.625439 0.300406 0.588467 -0.779925 0.213128
-51.154052 -57.290283 -2224.193068 -205.420017 0.292705 -0.008084 -0.956169 0.830502 0.497749 0.250027 0.473910 -0.867284 0.152407
-42.918528 -58.368793 2405.268729 -504.162922 0.158126 0.049424 -0.986181 0.896496 0.411436 0.164365 0.413874 -0.910098 0.020750
-21.413068 -59.819726 10183.970459 1257.079231 0.049657 0.137816 -0.989212 0.864396 0.490248 0.111693 0.500353 -0.860618 -0.094784
-34.140962 -51.969080 126.184035 1790.410648 0.193597 -0.816766 0.543519 0.963214 0.263486 0.052861 -0.186385 0.513291 0.837731
-35.442538 -52.229113 288.945363 285.027228 0.321366 -0.824200 0.466282 0.903941 0.413721 0.108288 -0.282162 0.386692 0.877983
-32.838313 -49.941657 -762.134723 2025.919100 0.335133 -0.818178 0.467195 0.933914 0.353981 -0.050013 -0.124459 0.453081 0.882739
-37.660592 -53.936936 -41.229715 337.701168 0.064100 -0.856795 0.511657 0.926756 0.241281 0.287935 -0.370155 0.455725 0.809506
-36.862626 -58.018726 371.289029 2711.232876 -0.050007 -0.809825 0.584536 0.965656 0.110206 0.235292 -0.254964 0.576227 0.776502
-6.136489 -18.845432 642.030644 -1258.031979 0.536048 0.844183 -0.002850 -0.206583 0.127903 -0.970033 0.818521 -0.520573 -0.242956
-11.179781 -41.599369 2242.996357 34.649124 0.231262 0.667816 -0.707488 -0.164875 0.743585 0.647995 0.958819 -0.033209 0.282069
2.245267 -40.951092 4577.303957 -182.857219 0.204393 0.565205 -0.799229 -0.054474 0.821767 0.567214 0.977372 -0.072398 0.198752
-1.498074 -40.229574 -1591.275963 868.384747 -0.592202 0.298912 0.748297 0.618949 0.763355 0.184909 -0.515944 0.572661 -0.637072
-1.979247 -36.608608 -742.271968 -86.598138 -0.564910 0.318250 0.761310 0.654928 0.734169 0.179068 -0.501942 0.599761 -0.623170
0.836479 -41.512885 -190.687493 1859.258887 0.423323 -0.208765 -0.881598 0.248690 0.962486 -0.108504 0.871178 -0.173312 0.459361
1.231354 -37.713218 -66.441703 1055.379619 0.413794 -0.236387 -0.879145 0.188039 0.967069 -0.171522 0.890739 -0.094339 0.444617
0.039188 -43.598495 21.099909 1025.804491 0.426821 -0.186567 -0.884882 0.378772 0.925407 -0.012412 0.821192 -0.329871 0.465650
3.566174 -59.326615 -567.943519 -2197.734928 -0.645542 0.205344 0.735601 -0.089586 0.936167 -0.339950 -0.758452 -0.285351 -0.585939
5.165590 -59.662950 -308.450788 -2678.744217 -0.611549 0.141480 0.778455 -0.256697 0.895183 -0.364354 -0.748408 -0.422647 -0.511131
2.942479 -51.158317 -1077.585065 -2385.514747 -0.607086 0.062034 0.792211 -0.447084 0.797523 -0.405059 -0.656934 -0.600091 -0.456431
-3.022419 -83.118363 832.002265 -1960.993992 -0.240811 0.423837 -0.873140 0.358377 0.874869 0.325836 0.901984 -0.234449 -0.362571
-2.028948 -81.572711 382.858518 -8001.450861 -0.223983 0.428074 -0.875548 0.559821 0.791887 0.243956 0.797767 -0.435509 -0.417014
-1.628817 -84.193822 1284.685517 -5409.957093 -0.255566 0.432755 -0.864528 0.499359 0.824794 0.265248 0.827845 -0.363921 -0.426890
23.723406 -11.202084 3449.530573 -9199.980524 -0.237308 -0.701645 0.671847 0.863498 0.164480 0.476778 -0.445034 0.693282 0.566837
26.259244 -33.177717 2779.215481 -1734.575875 -0.198840 -0.650109 0.733362 0.954992 0.039540 0.293984 -0.220119 0.758811 0.612987
28.598231 -21.157016 3048.093004 -6785.117512 -0.258247 -0.647097 0.717338 0.893419 0.122549 0.432186 -0.367575 0.752494 0.546481
-24.780603 -35.808310 -3016.176435 -1912.447789 0.737490 0.159696 -0.656206 -0.636658 -0.159795 -0.754409 0.225334 -0.974147 0.016176
-18.304158 -35.967081 -2247.281213 -2603.544256 0.850221 0.140034 -0.507459 -0.503305 -0.066314 -0.861560 0.154300 -0.987924 -0.014098
-25.195069 -45.586621 -3187.995704 -3912.645461 0.922892 0.178654 -0.341105 -0.352062 0.032711 -0.935405 0.155956 -0.983368 -0.093086
-35.719119 -46.218361 -3557.769330 -4306.232907 0.919731 0.264814 -0.289773 -0.299134 -0.005204 -0.954197 0.254192 -0.964286 -0.074428
-34.085725 -56.870821 -3399.037944 -4854.585736 0.963401 0.219174 -0.154339 -0.194187 0.173705 -0.965463 0.184795 -0.960098 -0.209909
-23.951820 -34.688593 -1470.015012 312.902274 -0.148439 -0.696885 -0.701653 -0.045827 0.713598 -0.699055 0.987859 -0.071613 -0.137862
-17.966833 -26.869318 -1527.048590 -40.971875 -0.073797 -0.679732 -0.729738 -0.049211 0.733324 -0.678096 0.996058 -0.014131 -0.087567
-15.438644 -33.778451 -2753.792973 2796.575780 -0.075800 -0.271897 -0.959336 0.090250 0.956285 -0.278163 0.993030 -0.107664 -0.047948
-4.306328 -81.956009 -628.147486 1978.678143 0.120462 -0.226199 0.966604 0.951757 0.303126 -0.047676 -0.282218 0.925715 0.251801
-3.473285 -81.816733 -577.748049 385.169836 0.153680 -0.216626 0.964083 0.984607 0.115776 -0.130937 -0.083253 0.969365 0.231084
-2.088826 -86.332613 -198.685748 414.719762 0.145885 -0.214646 0.965735 0.982813 0.143061 -0.116668 -0.113117 0.966158 0.231827
-2.086122 -82.793074 100.095133 -554.857493 0.178542 -0.213838 0.960415 0.978048 -0.068017 -0.196964 0.107443 0.974498 0.197000
-2.443170 -88.321803 107.309173 1770.144294 0.117766 -0.223213 0.967630 0.949691 0.310076 -0.044055 -0.290205 0.924137 0.248500
-1.704477 -89.219372 668.198568 1735.382900 0.153058 -0.217450 0.963996 0.987147 0.079034 -0.138906 -0.045984 0.972866 0.226752
8.427250 -109.095057 -1090.271981 -191.610030 0.864965 -0.076314 0.495996 -0.410254 0.461681 0.786475 0.289011 0.883757 -0.368030
6.893551 -101.858333 -1961.109900 669.111351 0.852066 -0.044445 0.521543 -0.476448 0.346742 0.807940 0.216750 0.936907 -0.274272
2.194319 -103.796169 -2242.991091 -4884.648620 0.856403 -0.041677 0.514624 -0.403310 0.568317 0.717187 0.322360 0.821753 -0.469900
-38.357214 -47.193773 -12269.146664 5076.312612 0.520044 0.830496 0.199574 -0.670542 0.541694 -0.506894 0.529081 -0.129784 -0.838587
-38.168805 -57.476393 10347.686896 6311.129701 0.515659 0.796351 0.316103 -0.603128 0.599426 -0.526237 0.608550 -0.080709 -0.789401
-18.461629 -46.297978 758.517782 2361.880555 0.851017 0.021570 -0.524694 0.477024 0.386042 0.789569 -0.219584 0.922229 -0.318239
-17.686200 -43.718427 705.642979 985.083921 0.871265 0.037755 -0.489359 0.457604 0.298032 0.837721 -0.177473 0.953809 -0.242388
-18.428317 -43.251937 180.925736 1143.206948 0.865407 0.007325 -0.501017 0.465399 0.358767 0.809129 -0.185675 0.933398 -0.307070
2.903478 -40.847554 -177.385513 338.046767 -0.694631 0.320882 0.643834 0.126435 0.935528 -0.329850 -0.708168 -0.147721 -0.690418
3.181430 -39.142103 -276.886171 -625.266082 -0.699973 0.291914 0.651785 0.012775 0.917620 -0.397254 -0.714055 -0.269740 -0.646038
-8.603496 -24.322705 899.014658 -12.449498 -0.544829 -0.223404 0.808240 0.647485 -0.724552 0.236194 0.532845 0.652009 0.539407
-7.919301 -24.448049 1036.337954 272.192876 -0.557762 -0.184801 0.809167 0.591795 -0.772104 0.231590 0.581963 0.608033 0.540014
1.000937 -236.169320 1190.639432 -51040.791189 0.048347 -0.320778 0.945920 -0.552362 0.780453 0.292897 -0.832201 -0.536651 -0.139453
20.204708 -837.479539 3228.363806 -253311.914614 0.037142 -0.365025 0.930257 -0.417009 0.840312 0.346381 -0.908143 -0.400790 -0.121008
5.528241 -446.473409 487.901150 -103001.004332 0.057154 -0.288014 0.955919 -0.236076 0.926432 0.293244 -0.970052 -0.242430 -0.015044
8.311729 -823.603447 -7988.897855 -237207.562920 0.006738 -0.222270 0.974962 -0.473381 0.858107 0.198901 -0.880832 -0.462869 -0.099437
-0.771788 -146.049059 -240.480999 -33927.848523 0.030526 -0.308863 0.950617 -0.617929 0.741708 0.260830 -0.785641 -0.595376 -0.168214
0.517940 -31.667048 1277.291949 -217.130056 -0.441862 0.381261 0.812033 0.891593 0.086655 0.444468 0.099092 0.920397 -0.378219
-53.318650 -83.854939 -12382.034765 -8795.232110 0.754833 0.069018 -0.652276 -0.628324 0.361487 -0.688866 -0.188245 -0.929819 -0.316228
-21.885585 -54.882513 -3068.687463 4104.989084 0.562983 0.194036 -0.803368 0.819143 -0.260134 0.511209 -0.109790 -0.945875 -0.305395
-29.279205 -41.562297 7824.559351 -467.221110 0.281284 0.842475 -0.459472 0.933879 -0.350485 -0.070929 -0.220794 -0.409140 -0.885356
-22.674989 -42.285119 8230.585778 -1090.159230 0.455061 0.788942 -0.412903 0.885157 -0.451313 0.113201 -0.097040 -0.416997 -0.903713
-4.499793 -36.333356 1699.094440 -243.882864 -0.147473 -0.297261 0.943338 0.072667 0.947933 0.310069 -0.986393 0.114277 -0.118193
-8.858342 -34.772693 1229.557260 -90.413874 -0.170960 -0.247384 0.953716 0.009392 0.967513 0.252646 -0.985233 0.052149 -0.163082
-4.175815 -35.298669 2621.112307 11.364488 -0.139820 -0.243066 0.959880 -0.038500 0.970004 0.240022 -0.989428 -0.003395 -0.144984
-0.205946 -36.652032 2040.504909 -189.704611 -0.140506 -0.287710 0.947355 -0.036077 0.957699 0.285501 -0.989422 0.005937 -0.144942
6.216740 -51.241346 346.891720 1591.264522 -0.414960 -0.679658 0.604874 0.817847 0.012666 0.575297 -0.398666 0.733420 0.550601
4.401937 -51.740794 960.447685 1407.155831 -0.394486 -0.678254 0.619962 0.772180 0.121044 0.623768 -0.498116 0.724790 0.475983
-12.862825 -28.410720 697.908881 -1820.231541 0.274368 0.525304 -0.805468 0.893181 -0.449561 0.011055 -0.356300 -0.722462 -0.592537
-10.431427 -25.665977 624.550677 -1960.074022 0.194706 0.589304 -0.784099 0.905508 -0.415263 -0.087244 -0.377020 -0.693021 -0.614473
9.931488 -98.120581 2013.619281 -4187.447679 -0.026521 0.886700 -0.461585 0.449011 -0.401980 -0.797998 0.893132 0.228421 0.387477
7.991253 -97.672398 1193.519524 -8.016228 -0.020448 0.896237 -0.443104 0.192630 -0.431361 -0.881375 0.981058 0.103377 0.163821
12.807821 -100.467728 -56.873835 205.550680 0.008574 0.912267 -0.409506 0.249180 -0.398552 -0.882647 0.968419 0.094473 0.230736
3.894405 -96.276686 2862.968868 -2170.312041 -0.044414 0.878902 -0.474930 0.286645 -0.444199 -0.848836 0.957007 0.173836 0.232204
18.062668 -99.539559 -538.475240 -6632.192439 0.011060 0.916106 -0.400784 0.584488 -0.331129 -0.740761 0.811327 0.226061 0.539115
12.321412 -89.045405 3004.809463 -4316.613096 -0.048865 0.871219 -0.488456 0.668581 -0.334786 -0.664016 0.742032 0.359019 0.566122
3.527478 -92.667090 3462.333052 -5455.353355 -0.044798 0.859454 -0.509247 0.549022 -0.404695 -0.731298 0.834606 0.312349 0.453730
4.695940 -108.467079 1699.938294 8860.354481 0.025485 0.852189 -0.522613 -0.498118 -0.442436 -0.745741 0.866735 -0.279328 -0.413215
6.389302 -111.801801 706.892634 9283.586972 0.072751 0.846525 -0.527354 -0.579555 -0.394438 -0.713116 0.811680 -0.357511 -0.461912
-7.177097 -70.923369 46.966354 3289.853653 0.168900 0.879920 -0.444088 -0.402055 0.472878 0.784052 -0.899903 -0.046121 -0.433645
-6.978166 -73.179215 -200.907100 4470.144681 0.128612 0.880218 -0.456809 -0.394025 0.468071 0.790983 -0.910057 -0.078265 -0.407028
-7.197911 -67.933450 -395.335186 2830.272797 0.139337 0.880437 -0.453229 -0.281989 0.474023 0.834137 -0.949246 -0.011579 -0.314322
-7.871387 -62.360358 -590.103089 553.818305 0.148271 0.875774 -0.459386 -0.143250 0.478641 0.866246 -0.978517 0.062632 -0.196424
-8.196082 -68.028780 -185.750615 1168.398285 0.172826 0.876299 -0.449701 -0.287223 0.481566 0.828008 -0.942143 0.013937 -0.334920
-3.874211 -51.511249 -628.268081 191.606402 0.194891 0.908183 -0.370434 0.914817 -0.032105 0.402590 0.353732 -0.417340 -0.837079
-4.065777 -50.628987 -304.070181 359.505863 0.182916 0.916507 -0.355747 -0.887133 -0.002085 -0.461510 0.423719 -0.400012 -0.812682
11.134203 -26.829378 -2490.103482 1129.532129 -0.297564 0.632810 -0.714847 0.693218 -0.371621 -0.617533 -0.656433 -0.679301 -0.328094
5.790953 -81.559206 -535.698225 -5072.352529 -0.345593 -0.637695 0.688411 0.827512 0.138818 0.544016 -0.442480 0.757677 0.479726
3.933915 -74.262934 -1170.810761 -3473.782322 -0.332129 -0.618161 0.712437 0.723683 0.317431 0.612797 -0.604957 0.719106 0.341925
4.189907 -78.204173 -908.734013 -4117.412726 -0.329591 -0.614856 0.716465 0.815161 0.197533 0.544513 -0.476322 0.763500 0.436101
4.378554 -71.936216 -433.157142 -3217.848168 -0.336943 -0.641248 0.689398 0.718877 0.297633 0.628196 -0.608017 0.707259 0.360693
5.734430 -86.773987 -667.962812 -3388.792800 -0.338537 -0.615552 0.711680 0.895425 0.021670 0.444685 -0.289149 0.787798 0.543844
4.627010 -74.735090 492.572343 -3032.663793 -0.338975 -0.672733 0.657668 0.769991 0.203281 0.604806 -0.540564 0.711412 0.449091
6.747366 -84.390872 414.369050 -4087.571710 -0.355915 -0.669444 0.652050 0.863398 0.031428 0.503544 -0.357587 0.742197 0.566811
7.650387 -94.877476 54.213444 -3649.142570 -0.362558 -0.648531 0.669298 0.915037 -0.111474 0.387660 -0.176800 0.752982 0.633846
-14.658345 -35.439350 -824.809985 -148.040328 0.129499 -0.618273 0.775222 -0.241183 0.738686 0.629423 -0.961801 -0.268480 -0.053458
-16.253782 -35.993853 -1161.279675 -89.602547 0.169394 -0.637315 0.751755 -0.207007 0.722755 0.659374 -0.963563 -0.267313 -0.009499
-16.030389 -35.223622 -1248.817940 182.594589 0.136599 -0.666555 0.732834 -0.081084 0.729763 0.678875 -0.987302 -0.152155 0.045638
-14.897318 -34.973453 -1107.707472 -482.451556 0.170286 -0.631003 0.756861 -0.345426 0.681116 0.645571 -0.922867 -0.371371 -0.101980
-13.094925 -34.306903 -527.008280 493.218598 0.102139 -0.641636 0.760179 -0.142287 0.746894 0.649541 -0.984542 -0.174507 -0.015009
-13.371893 -35.145317 -473.992861 -427.481176 0.121731 -0.606211 0.785932 -0.365545 0.708786 0.603324 -0.922799 -0.360737 -0.135317
-12.638046 -34.539425 45.439807 -303.497414 0.094891 -0.599452 0.794766 -0.286577 0.748122 0.598487 -0.953346 -0.284553 -0.100799
376.166349 -4905.502721 -34027.555399 -1804336.742571 0.190471 0.660542 -0.726227 0.977938 -0.063031 0.199159 0.085778 -0.748139 -0.657975
-13.815574 -1122.935467 1037.531461 -348752.175663 -0.037080 0.585840 -0.809578 0.992457 0.116318 0.038716 0.116850 -0.802036 -0.585734
-25.772577 -509.329024 1905.508188 -142501.534859 -0.199528 0.522207 -0.829149 0.929510 -0.166967 -0.328837 -0.310161 -0.836315 -0.452082
-49.585613 -326.106895 2935.196397 -101205.287728 -0.290508 0.415273 -0.862064 0.855139 -0.291570 -0.428630 -0.429350 -0.861705 -0.270413
-20.557866 -95.197254 10114.807872 -34897.359687 -0.563377 0.532018 -0.632111 0.655935 -0.177174 -0.733729 -0.502351 -0.827989 -0.249154
-19.574620 -97.953552 1117.267433 -29605.931301 -0.519045 0.530062 -0.670542 0.741856 -0.110285 -0.661428 -0.424548 -0.840757 -0.335987
-20.112401 -258.832632 2377.024671 -78544.395491 -0.152654 0.583158 -0.797887 0.957183 -0.113689 -0.266224 -0.245962 -0.804364 -0.540834
-4.487421 -28.122821 959.409448 2091.755722 -0.268558 -0.637246 0.722354 0.953118 -0.067239 0.295035 -0.139439 0.767722 0.625428
-4.150051 -24.644704 598.733455 2701.731444 -0.367345 -0.617825 0.695234 0.926716 -0.179565 0.330082 -0.079093 0.765538 0.638510
-7.191748 -29.940190 1065.245319 1493.844748 -0.376059 -0.614933 0.693136 0.908911 -0.099355 0.404981 -0.180170 0.782295 0.596282
3.293367 -23.191222 1550.456310 1187.829848 0.933349 -0.172665 0.314718 -0.340975 -0.700541 0.626880 -0.112233 0.692409 0.712723
12.083058 -143.071018 1220.342767 -28566.690213 0.445894 0.710829 0.543967 0.826589 -0.560167 0.054437 0.343408 0.425364 -0.837339
12.774907 -143.414491 39.513577 19341.070868 0.465016 0.723694 0.509928 -0.726381 0.641166 -0.247542 0.506093 0.255291 -0.823830
10.027279 -207.555440 -248.162134 31798.269467 -0.462604 -0.658651 -0.593445 -0.604524 0.723975 -0.332283 0.648497 0.205036 -0.733083
10.056407 -183.648794 2070.584505 38232.124387 0.424352 0.673777 0.604937 -0.764216 0.624836 -0.159858 0.485695 0.394467 -0.780062
-4.696263 -60.202317 490.221678 2378.762675 0.239438 0.922431 -0.302971 0.965485 -0.259156 -0.026007 -0.102506 -0.286287 -0.952645
-3.987008 -59.762285 600.818116 1466.876835 0.238556 0.927366 -0.288241 0.967652 -0.252084 -0.010184 -0.082105 -0.276487 -0.957504
-4.795265 -56.755630 315.271546 -23.479033 0.253881 0.918560 -0.302972 0.967210 -0.238827 0.086407 0.007012 -0.314974 -0.949074
-32.081586 -72.969715 952.919611 9004.954243 0.258768 0.367706 -0.893214 0.159939 0.895635 0.415038 0.952606 -0.250259 0.172951
-20.774243 -66.473817 4721.972380 11127.411321 0.141789 0.336752 -0.930857 0.019974 0.939192 0.342810 0.989695 -0.067199 0.126441
-47.481860 -61.117673 -1888.972070 -1636.839827 0.404657 0.164650 -0.899524 0.545566 0.745961 0.381969 0.733900 -0.645316 0.212031
-32.464866 -52.118210 236.629869 509.239268 0.420921 -0.824356 0.378501 0.886521 0.462219 0.020815 -0.192109 0.326788 0.925367
-33.000902 -52.060830 -693.091028 -1278.524968 -0.449487 0.811470 -0.373467 0.827965 0.535395 0.166809 -0.335313 0.234240 0.912522
-36.471520 -51.175506 -1072.925769 -1433.553591 -0.341106 0.830153 -0.441013 0.838540 0.480751 0.256378 -0.424851 0.282355 0.860103
-9.846047 -41.398092 3021.162548 378.150250 0.221367 0.707803 -0.670829 0.037486 -0.693563 -0.719420 0.974470 -0.134110 0.180065
-19.711098 -40.791666 1055.990329 107.325848 0.281024 0.715123 -0.640019 0.252446 -0.698492 -0.669612 0.925903 -0.026607 0.376823
-17.204553 -41.353272 1289.224610 5.466710 0.256560 0.762897 -0.593436 0.144416 -0.637352 -0.756919 0.955678 -0.108493 0.273694
-3.444707 -35.313794 257.829796 3.294142 -0.449338 0.386940 0.805216 0.885368 0.313189 0.343564 -0.119246 0.867289 -0.483312
-3.234591 -36.549906 -842.043339 93.683924 -0.473428 0.417779 0.775452 0.871980 0.346790 0.345525 -0.124566 0.839760 -0.528475
-2.462897 -37.450772 542.355204 -782.380666 -0.483785 0.363986 0.795906 0.838154 0.454435 0.301642 -0.251894 0.813021 -0.524924
-3.634454 -34.794004 -777.961912 1932.284437 -0.430099 0.422978 0.797561 0.902759 0.207797 0.376625 -0.006427 0.881992 -0.471221
-0.169601 -34.770912 1416.743508 -1581.227925 -0.476818 0.361880 0.801053 0.851431 0.416603 0.318602 -0.218426 0.833957 -0.506760
-0.824892 -33.458736 1445.366262 834.297150 -0.442228 0.372311 0.815977 0.894032 0.255713 0.367855 -0.071700 0.892186 -0.445941
-3.465904 -39.109445 1163.535372 1495.176586 0.396300 -0.244004 -0.885104 0.280498 0.950123 -0.136337 0.874224 -0.194240 0.444976
-2.385040 -44.270904 -339.590275 289.917028 0.618575 -0.111854 -0.777723 -0.503479 0.703477 -0.501626 -0.603219 -0.701861 -0.378837
-2.006597 -42.074656 162.653799 96.506716 -0.626114 0.128712 0.769034 -0.439847 0.756076 -0.484648 -0.643829 -0.641702 -0.416776
-2.350846 -67.689958 -36.688722 -5199.437950 -0.209490 0.443148 -0.871627 0.671367 0.713269 0.201277 0.710900 -0.543017 -0.446938
-2.134375 -76.794743 -667.689579 -6357.893816 -0.194100 0.435449 -0.879039 0.579785 0.773749 0.255269 0.791312 -0.460106 -0.402651
-0.745211 -65.538782 -763.154657 -4347.016493 -0.186985 0.453657 -0.871339 0.698582 0.685013 0.206736 0.690666 -0.570046 -0.445004
-1.296995 -74.540149 -858.269354 -5032.011484 -0.168424 0.453633 -0.875129 0.585107 0.760493 0.281603 0.793274 -0.464615 -0.393509
-3.014653 -81.327177 -1128.862913 -2793.192148 -0.171913 0.439130 -0.881823 0.391785 0.851788 0.347794 0.903853 -0.285695 -0.318478
15.729785 -2.085982 -327.775841 -8425.461884 -0.117009 -0.711581 0.692792 0.884519 0.242533 0.398501 -0.451591 0.659416 0.601029
19.173151 0.380828 2341.790971 -10593.806136 -0.191278 -0.722544 0.664336 0.856258 0.208038 0.472803 -0.479828 0.659280 0.578891
-15.142812 -28.126672 -1642.422268 811.788961 0.634538 0.077219 -0.769025 0.747149 0.193377 0.635904 0.197815 -0.978081 0.065011
-12.414273 -32.055312 -1413.563196 -2716.381257 0.875553 0.109427 -0.470566 -0.467086 -0.057135 -0.882364 0.123440 -0.992351 -0.001087
-10.396827 -23.318241 -752.126731 -1469.816507 0.768009 0.070766 -0.636518 -0.624740 -0.135931 -0.768910 0.140935 -0.988188 0.060186
