13739
27468
-47.286497 -80.946723 -1076.694861 9206.987604 -0.022235 0.985669 -0.167222 0.974185 0.058947 0.217920 -0.224654 0.158059 0.961534
-36.638229 -63.293221 3216.811971 10476.856542 -0.119789 -0.989970 0.074904 0.992021 -0.116367 0.048507 -0.039304 0.080117 0.996010
-43.667556 -64.625478 -416.251872 7626.789786 -0.329478 -0.935294 0.129109 0.939246 -0.310745 0.145792 -0.096239 0.169300 0.980854
-34.925387 -50.881798 -1282.672869 5712.221590 -0.640275 -0.760747 0.106354 0.768042 -0.636295 0.072385 0.012606 0.128030 0.991690
-48.475801 -72.574717 -1170.310098 4924.649158 -0.371993 -0.915168 0.155203 0.901520 -0.316376 0.295242 -0.221093 0.249747 0.942732
-39.443883 -61.539801 -540.208782 5935.696160 -0.655844 -0.739571 0.151341 0.752617 -0.625021 0.207163 -0.058620 0.249768 0.966530
-49.718004 -73.445814 1579.348688 -1217.892742 0.912079 0.302552 -0.276722 0.394352 -0.462554 0.794059 -0.112245 0.833370 0.541198
-50.283478 -73.433776 932.852956 -1310.330266 0.846431 0.456932 -0.273437 0.483761 -0.445223 0.753493 -0.222555 0.770058 0.597896
-47.526980 -73.540658 1250.249606 -328.294838 0.893541 0.377044 -0.243769 0.434892 -0.591870 0.678645 -0.111600 0.712410 0.692833
-49.146324 -74.391553 -283.932568 -798.290188 0.805789 0.543210 -0.235854 0.543825 -0.521086 0.657817 -0.234433 0.658325 0.715297
-46.183412 -71.319602 238.885097 2357.930913 0.832538 0.511238 -0.213345 0.536186 -0.646866 0.542281 -0.139228 0.565862 0.812660
10.116275 -13.746479 266.695827 -236.250125 0.149682 0.861435 -0.485309 0.645291 0.286780 0.708065 -0.749129 0.419150 0.512950
7.836832 -15.531443 -2096.044081 -1270.484962 0.013480 0.827669 -0.561054 0.673247 0.407348 0.617095 -0.739295 0.386046 0.551735
6.957400 -15.132869 -3288.772181 -879.690504 0.093525 0.882002 -0.461873 0.635284 0.304327 0.709788 -0.766595 0.359803 0.531859
11.737873 -13.216421 -940.784715 237.679464 0.171037 0.874527 -0.453816 0.622997 0.260841 0.737453 -0.763296 0.408858 0.500215
-8.396573 -60.332002 -1661.700870 -3427.718132 0.252114 0.947347 -0.197412 0.311542 0.113681 0.943408 -0.916177 0.299348 0.266478
-7.530203 -65.552981 -1728.064923 -644.071109 0.262491 0.951630 -0.159680 0.490039 0.011088 0.871630 -0.831240 0.307045 0.463426
-10.521720 -61.607833 -2740.500909 -1907.463887 0.251962 0.950467 -0.182011 0.423365 0.060865 0.903913 -0.870217 0.304809 0.387058
-12.496649 -57.565236 -1665.086506 -5193.502420 0.276725 0.931729 -0.235169 0.259461 0.163192 0.951866 -0.925259 0.324422 0.196588
2.189116 -45.522088 -699.313687 -1012.163980 0.400528 0.914730 -0.053344 0.852411 -0.393331 -0.344509 0.336114 -0.092514 0.937266
0.487716 -44.166036 -804.507623 357.699032 0.402199 0.914107 -0.051416 0.879176 -0.401282 -0.256946 0.255508 -0.058140 0.965057
2.772401 -45.830639 -84.739525 -637.078606 0.391620 0.918172 -0.059957 0.856781 -0.387643 -0.340087 0.335500 -0.081815 0.938481
-1.067083 -105.446462 -7166.632973 -3026.904153 -0.290281 0.851751 0.436186 0.431451 -0.290364 0.854131 -0.854159 -0.436131 0.283201
-6.217682 -119.428540 -6639.159753 -5829.826957 -0.299354 0.873039 0.384955 0.552135 -0.170540 0.816127 -0.778161 -0.456858 0.430983
-11.317485 -116.626208 -5131.518624 -8074.156539 -0.264071 0.887746 0.377059 0.395482 -0.256899 0.881815 -0.879693 -0.381982 0.283248
0.311024 -98.813664 -6324.912782 -8295.242851 -0.275589 0.857510 0.434427 0.236798 -0.377442 0.895245 -0.931653 -0.349591 0.099038
-1.160998 -184.498641 -421.162760 -8713.810312 0.075576 0.978783 0.190452 -0.980917 0.107291 -0.162142 0.179136 0.174564 -0.968214
2.295945 -146.588790 885.382667 3660.342450 0.066038 0.978341 0.196182 0.989258 -0.089890 0.115274 0.130412 0.186462 -0.973768
-0.158124 -148.984148 301.755050 -1660.096316 0.131936 0.970019 0.204100 -0.908822 0.200580 -0.365802 0.395773 0.137228 -0.908038
-2.195584 -180.374223 -78.575525 3764.011608 0.158302 0.960913 0.227128 -0.859942 0.247212 -0.446527 0.485222 0.124631 -0.865463
-0.556681 -148.722391 305.728216 3460.196531 0.189437 0.953289 0.235274 -0.787844 0.290578 -0.543016 0.586017 0.082492 -0.806089
-2.654125 -157.874310 106.234075 5363.408042 0.196276 0.948160 0.249937 -0.744628 0.309969 -0.591141 0.637969 0.070083 -0.766866
-9.644632 -93.930750 1490.288456 3184.821692 -0.144623 0.878846 0.454659 -0.603807 0.285637 -0.744196 0.783901 0.382154 -0.489344
-4.728371 -88.869197 1730.065444 2880.613045 -0.159397 0.875365 0.456431 -0.703087 0.223897 -0.674936 0.693009 0.428493 -0.579769
-2.159311 -94.786768 2942.921756 2806.764192 -0.181660 0.873217 0.452207 -0.570186 0.281128 -0.771916 0.801179 0.398069 -0.446827
10.898818 -94.442355 -2566.385273 -3595.899446 -0.207157 0.868384 0.450550 0.356054 -0.362033 0.861486 -0.911214 -0.338883 0.234194
8.954937 -83.597806 -3553.392261 -5969.948318 -0.209011 0.862382 0.461099 0.116738 -0.446138 0.887318 -0.970920 -0.239287 0.007425
4.055396 -82.883688 -5581.896291 -11712.809148 -0.244715 0.851333 0.464054 0.053869 -0.465929 0.883181 -0.968097 -0.241126 -0.068160
-4.249448 -60.027006 482.829475 -1787.177977 0.479334 0.814888 -0.325879 -0.205968 -0.256495 -0.944345 0.853121 -0.519777 -0.044894
-4.883715 -61.653667 546.797968 -1442.218467 0.459819 0.810152 -0.363620 -0.359647 -0.204491 -0.910405 0.811924 -0.549397 -0.197340
-3.757212 -57.087733 513.480409 -2060.006408 0.465433 0.823444 -0.324519 -0.243517 -0.233364 -0.941404 0.850924 -0.517186 -0.091907
-3.749809 -215.180313 1300.387261 23275.381557 -0.506374 -0.458643 -0.730227 0.831383 -0.034895 -0.554603 0.228883 -0.887935 0.398978
-2.769552 -223.077641 149.183547 2521.427398 -0.506874 -0.478311 -0.717145 0.856523 -0.373262 -0.356433 -0.097197 -0.794918 0.598881
-4.539017 -222.892600 -855.483850 24830.598026 -0.500938 -0.474488 -0.723824 0.844048 -0.082854 -0.529829 0.191426 -0.876354 0.441996
-9.237670 -218.259084 -2820.330732 24291.716634 -0.509523 -0.482929 -0.712156 0.847421 -0.138117 -0.512641 0.149209 -0.864698 0.479618
-6.138657 -193.341452 -1305.532326 26930.583078 -0.487294 -0.475531 -0.732404 0.760800 0.180500 -0.623381 0.428635 -0.860982 0.273828
-4.095536 -196.525570 834.663547 26359.105511 -0.491717 -0.457439 -0.740921 0.729599 0.248008 -0.637321 0.475290 -0.853956 0.211798
-2.578432 -108.653145 6812.969915 -3621.860310 0.456410 0.079201 0.886238 0.860521 0.213989 -0.462289 -0.226259 0.973620 0.029513
6.096913 -105.420159 -1120.774743 1828.914737 0.349289 0.109197 0.930631 0.936067 0.003996 -0.351798 -0.042135 0.994012 -0.100820
-5.557478 -101.035535 763.495171 -3293.350200 0.383127 0.110348 0.917081 0.880057 0.257952 -0.398698 -0.280559 0.959835 0.001716
-13.181877 -92.093585 -318.983358 -4724.471483 0.388470 0.138140 0.911048 0.818937 0.401479 -0.410069 -0.422414 0.905390 0.042834
-11.766668 -95.382075 5782.259535 -7355.168748 0.489079 0.095505 0.866995 0.749860 0.461700 -0.473860 -0.445548 0.881880 0.154192
218.974466 -2652.202214 -55081.383657 -932809.894637 -0.251809 -0.316138 -0.914685 0.931995 -0.333840 -0.141191 -0.260723 -0.888036 0.378703
-5.521972 -51.716611 -4560.256462 393.737206 0.909747 0.099535 0.403054 0.411653 -0.342238 -0.844639 -0.053870 -0.934327 0.352323
-6.332389 -142.807685 1661.364509 -61235.190375 0.743253 0.127714 0.656707 0.634099 -0.447437 -0.630649 -0.213293 -0.885149 0.413542
-6.785846 -523.917965 -3696.653371 -190551.577961 0.691421 0.114649 0.713297 0.685981 -0.413923 -0.598413 -0.226642 -0.903064 0.364842
-15.809410 -331.515776 -9291.220636 -134695.587827 -0.684748 -0.193370 -0.702658 0.711321 -0.387111 -0.586658 -0.158564 -0.901528 0.402622
-0.952242 -51.929438 -2241.441816 -3608.015427 -0.244689 0.102062 -0.964215 -0.574532 0.785801 0.228976 0.781051 0.610000 -0.133639
13.226678 -64.789323 1198.474399 5119.734072 0.312115 -0.185467 0.931765 0.673822 -0.648175 -0.354730 0.669737 0.738561 -0.077334
15.629769 -60.792574 -4793.450518 -4040.407220 -0.183533 0.035173 -0.982384 -0.658244 0.737832 0.149393 0.730089 0.674067 -0.112264
-13.123465 -38.288564 -68.042998 190.144553 -0.560489 0.698491 0.444928 -0.013916 0.529229 -0.848365 0.828045 0.481691 0.286907
-13.322039 -37.862492 -84.973151 -337.403144 -0.556140 0.714023 0.425301 0.071553 0.550975 -0.831448 0.828003 0.431970 0.357509
-12.723349 -37.627405 -16.574869 -46.483481 -0.530757 0.715118 0.454866 0.008162 0.540988 -0.840991 0.847485 0.442649 0.292970
-13.073284 -36.816249 -18.839413 -110.502683 -0.524770 0.734212 0.430755 0.085083 0.548735 -0.831655 0.846981 0.399778 0.350429
220.402778 -2077.000867 -71779.977922 679282.807602 0.924733 0.071123 -0.373913 -0.362489 -0.134996 -0.922159 0.116063 -0.988290 0.099054
242.221824 -12021.970156 -217740.350172 -3892665.381142 0.501450 -0.065281 -0.862720 0.864676 0.003568 0.502317 -0.029714 -0.997861 0.058236
30.111417 -2401.161833 8068.186391 764267.797460 0.736139 -0.048624 -0.675082 -0.676621 -0.077673 -0.732223 0.016832 -0.995792 0.090079
-177.256592 -1055.530609 1902.466608 -299200.929210 0.543546 0.215829 -0.811157 0.679891 0.453518 0.576256 0.492247 -0.864719 0.099768
-22.929518 -172.648948 2561.406459 41576.662879 -0.297324 0.281519 0.912329 -0.080717 0.944710 -0.317816 -0.951359 -0.168135 -0.258162
-26.130718 -100.854626 55.299407 24733.765377 -0.361215 0.483270 0.797480 0.195940 0.875465 -0.441779 -0.911664 -0.003319 -0.410923
-48.192200 -312.089330 6467.052966 100668.275097 -0.341151 0.166579 0.925131 0.027149 0.985509 -0.167439 -0.939616 -0.032005 -0.340729
-28.909098 -78.640475 -7625.312617 18251.249160 -0.353404 0.454537 0.817619 0.109107 0.888082 -0.446549 -0.929086 -0.068605 -0.363445
-40.363368 -253.219542 8275.253989 59000.809802 -0.254550 0.198107 0.946551 -0.220567 0.941100 -0.256282 -0.941570 -0.274015 -0.195861
-20.827031 -191.749379 8251.365790 26381.789197 -0.194810 0.252336 0.947827 -0.433267 0.844813 -0.313961 -0.879960 -0.471824 -0.055249
111.330255 -104.577953 446.954951 -1644.157851 -0.053797 0.917990 0.392938 -0.847967 0.165803 -0.503450 0.527312 0.360282 -0.769505
112.155178 -109.789273 -3593.498441 -885.687951 0.083644 0.975565 0.203168 -0.746622 0.196383 -0.635601 0.659969 0.098525 -0.744805
103.921806 -95.386015 1201.854259 -8348.277506 -0.076969 0.923233 0.376453 -0.672695 0.230599 -0.703069 0.735906 0.307353 -0.603305
105.138834 -101.581375 -5134.365292 9677.046694 0.104887 0.982023 0.156936 -0.893421 0.162360 -0.418854 0.436804 0.096278 -0.894390
90.335300 -90.699069 9604.970543 -11753.105161 -0.212176 0.787030 0.579280 -0.736358 0.260950 -0.624245 0.642463 0.559007 -0.524168
-31.385832 -114.485848 -6158.119622 36841.002941 0.174352 0.959350 -0.221920 -0.689490 0.279844 0.668050 -0.702997 -0.036536 -0.710254
-38.987789 -113.445586 -6595.398786 33401.129986 0.313424 0.881717 -0.352619 -0.675272 0.468018 0.570059 -0.667663 -0.059443 -0.742087
-20.019453 -41.181417 -2932.066946 12468.628930 0.058404 0.991929 -0.112541 -0.756763 0.117515 0.643040 -0.651075 -0.047611 -0.757518
63.736087 -66.739835 -15003.043909 -1117.380868 -0.133262 0.865726 0.482452 -0.160148 -0.499207 0.851555 -0.978056 -0.036216 -0.205170
63.143036 -68.018080 -15720.422348 3585.630298 -0.145518 0.840105 0.522540 -0.329160 -0.539184 0.775200 -0.932994 0.059194 -0.354990
81.325479 -53.000240 -11004.443450 844.217747 0.036636 0.822783 0.567174 -0.224369 -0.546293 0.806984 -0.973815 0.156821 -0.164593
-19.826383 -28.758531 669.159115 -1270.594887 -0.515036 0.780188 0.355026 -0.408632 0.140611 -0.901803 0.753497 0.609536 -0.246390
-16.145184 -23.082443 2154.931198 -153.334705 -0.340556 0.602632 0.721704 -0.561826 0.485048 -0.670134 0.753906 0.633690 -0.173388
-18.995331 -26.127823 1803.958783 -766.814370 -0.299662 0.620866 0.724381 -0.527364 0.524934 -0.668080 0.795041 0.582211 -0.170120
-21.921489 -30.143352 723.383340 -888.229119 -0.359842 0.749328 0.555897 -0.474478 0.366044 -0.800552 0.803358 0.551833 -0.223821
-21.268473 -33.609648 356.908070 -903.999271 -0.525163 0.822089 0.219939 -0.386478 -0.000139 -0.922298 0.758181 0.569359 -0.317793
-18.682647 -32.900009 720.784869 -1223.929579 -0.611866 0.781460 0.122228 -0.333919 -0.115123 -0.935545 0.717020 0.613243 -0.331384
-1.361936 -30.613824 1111.530304 -1386.367190 -0.207131 0.926807 0.313249 -0.086931 -0.336363 0.937712 -0.974443 -0.166998 -0.150239
-3.438199 -32.065323 1336.891690 -735.881281 -0.204026 0.948188 0.243541 -0.017740 -0.252314 0.967483 -0.978805 -0.193071 -0.068300
0.704958 -33.846237 1175.001423 -791.319431 -0.205663 0.943133 0.261158 -0.005540 -0.267980 0.963409 -0.978607 -0.196690 -0.060339
1.923842 -34.256720 1270.418992 -1072.293401 -0.203528 0.925149 0.320430 -0.046374 -0.336022 0.940712 -0.977970 -0.176602 -0.111293
3.409303 -34.264513 1602.176704 535.283090 -0.199338 0.955303 0.218311 0.086855 -0.204681 0.974968 -0.976074 -0.213310 0.042172
3.844579 -36.913429 1006.199964 -552.524609 -0.204384 0.937131 0.282865 0.024960 -0.283881 0.958535 -0.978572 -0.202970 -0.034630
0.836391 -73.845836 -1092.315609 3522.197838 -0.522479 0.852170 -0.028678 -0.831844 -0.516826 -0.202303 0.187218 0.081843 -0.978903
0.217812 -66.016269 23.302272 3959.128587 -0.549665 0.835211 -0.017069 -0.832595 -0.549383 -0.070450 0.068218 0.024512 -0.997369
-1.268955 -72.158958 384.552545 3362.577758 -0.537536 0.843220 -0.005944 -0.824869 -0.527275 -0.203894 0.175062 0.104697 -0.978975
8.505853 -119.049331 2053.156789 -13261.580901 0.614493 -0.699522 -0.364783 0.775991 0.619301 0.119596 0.142251 -0.356560 0.923380
12.874124 -127.123411 -1917.774913 -2914.189937 -0.623479 0.699922 0.348401 0.705219 0.695843 -0.135896 0.337549 -0.160971 0.927442
3.665402 -128.104921 -3711.115069 -2973.664169 -0.584485 0.716526 0.380746 0.722982 0.672909 -0.156494 0.368340 -0.183804 0.911341
6.045067 -97.425663 2066.206705 -16266.023730 0.624359 -0.687823 -0.370237 0.780703 0.533662 0.325127 -0.026049 -0.492041 0.870182
11.450704 -104.484968 1576.668596 -13800.024406 0.643360 -0.683986 -0.343878 0.765395 0.565235 0.307700 -0.016090 -0.461164 0.887169
1.044480 -114.821119 3601.279597 -13022.363924 0.597609 -0.695045 -0.399719 0.788276 0.600457 0.134435 0.146576 -0.395428 0.906726
8.513462 -37.485383 -6380.027784 -346.291038 -0.716952 0.599949 0.355023 0.317014 0.734150 -0.600439 -0.620873 -0.317938 -0.716542
13.925986 -39.325140 -10649.547745 337.335588 -0.711852 0.643077 0.282343 0.318870 0.654116 -0.685897 -0.625770 -0.398227 -0.670692
-6.204212 -45.516167 -6163.443835 -165.881764 -0.765753 0.453186 0.456338 0.194019 0.839277 -0.507908 -0.613171 -0.300394 -0.730606
27.230704 -33.734778 -7503.440185 89.661173 -0.609559 0.757303 0.234372 -0.415374 -0.556928 0.719232 -0.675205 -0.341062 -0.654045
-3.809500 -41.166540 -2905.255426 -549.625556 -0.764428 0.422519 0.486957 0.205977 0.875784 -0.436549 -0.610920 -0.233408 -0.756504
1.540661 -33.720324 -2733.649818 -27.193456 -0.711754 0.576914 0.400720 0.348721 0.785423 -0.511375 -0.609755 -0.224234 -0.760209
19.992314 -31.975846 -6703.829140 200.300860 -0.594431 0.762187 0.256365 -0.461515 -0.584427 0.667420 -0.658525 -0.278419 -0.699162
-4.515189 -128.066699 -1163.159486 8994.187198 -0.440724 0.868566 -0.226618 0.896840 0.436739 -0.070260 0.037947 -0.234205 -0.971446
-4.050510 -120.623407 -210.129186 8651.126543 -0.434131 0.876315 -0.208813 0.891932 0.450662 0.036906 0.126446 -0.170225 -0.977259
-3.498786 -111.885274 -1278.925039 -6041.962266 -0.453562 0.860468 -0.232114 -0.856840 -0.492659 -0.152028 0.245168 -0.129930 -0.960734
-3.080355 -107.364369 -385.110140 -5899.418940 -0.450601 0.866682 -0.214060 -0.834154 -0.494177 -0.244899 0.318033 -0.068207 -0.945623
-1.170173 -97.902195 -770.424216 -2989.406859 -0.478547 0.848173 -0.227145 -0.755513 -0.529561 -0.385702 0.447429 0.012965 -0.894225
-1.169834 -105.795883 -563.301995 -6243.009841 -0.477051 0.849389 -0.225745 -0.819760 -0.522646 -0.234168 0.316885 -0.073347 -0.945624
-3.255910 -129.825815 -714.210555 11270.234551 -0.455579 0.860182 -0.229205 0.886390 0.462119 -0.027550 0.082222 -0.215717 -0.972988
20.361577 -198.551144 -1780.701258 39938.369015 -0.316980 0.889704 -0.328559 -0.682575 -0.454522 -0.572278 0.658494 -0.042865 -0.751364
24.404990 -284.614750 2282.519637 79287.452027 -0.374848 0.853803 -0.361260 -0.450084 -0.508267 -0.734227 0.810502 0.112626 -0.574807
20.487304 -177.738353 1416.780337 40268.139529 -0.380488 0.877765 -0.291131 -0.662707 -0.478369 -0.576179 0.645018 0.026295 -0.763715
22.159475 -116.474578 2446.028790 8264.167202 -0.362276 0.894501 -0.261961 -0.765391 -0.445891 -0.464067 0.531915 -0.032382 -0.846178
18.708009 -125.204795 -1937.986101 6042.019974 -0.310777 0.878527 -0.362779 -0.769460 -0.456609 -0.446586 0.557986 -0.140355 -0.817895
10.594950 -175.740883 -2974.248883 31241.367253 -0.292669 0.870530 -0.395630 -0.678957 -0.480528 -0.555076 0.673322 -0.106162 -0.731688
13.911957 -210.258419 -2229.316181 49782.163585 -0.305153 0.888115 -0.343705 -0.589671 -0.459620 -0.664107 0.747777 -0.000019 -0.663950
-6.589073 -191.137853 -1645.639910 25044.493446 -0.258443 0.882239 -0.393524 0.892362 0.062005 -0.447040 -0.369996 -0.466700 -0.803302
-3.334538 -182.876895 -985.508170 27437.946237 -0.243737 0.876881 -0.414333 0.903092 0.049456 -0.426590 -0.353578 -0.478157 -0.803958
-4.143337 -216.150245 -2028.960748 -22026.029344 -0.252377 0.875616 -0.411829 -0.725579 0.110334 0.679236 -0.640188 -0.470238 -0.607483
-6.527690 -150.826612 -826.761865 14310.560900 -0.266112 0.881206 -0.390717 0.957168 0.193592 -0.215295 -0.114080 -0.431274 -0.894980
11.064746 -106.600775 -7437.087610 3840.578731 -0.468099 0.753480 -0.461682 0.262122 -0.380548 -0.886834 0.843904 0.536144 0.019370
-5.981075 -111.343558 -2921.814654 4892.633754 -0.514114 0.752279 -0.412024 0.166481 -0.383714 -0.908321 0.841410 0.535574 -0.072032
2.537400 -118.084074 -4676.852428 1631.954882 -0.498488 0.748702 -0.436983 0.405130 -0.244447 -0.880974 0.766406 0.616190 0.181468
1.584934 -98.807856 -5881.885152 5326.801407 -0.483159 0.768640 -0.419225 0.025314 -0.466359 -0.884233 0.875167 0.437838 -0.205868
17.454941 -93.280034 -9102.513174 4838.190897 -0.460974 0.754537 -0.467095 0.083901 -0.486940 -0.869396 0.883438 0.439959 -0.161160
-24.687311 -412.251713 -5531.685258 -129836.676306 -0.215169 0.939496 -0.266550 -0.246267 0.211923 0.945749 -0.945016 -0.269138 -0.185768
449.870419 -1122.020049 -136644.823983 -409866.038297 -0.166675 0.845951 -0.506543 0.498995 0.515455 0.696642 -0.850425 0.136649 0.508039
67.620629 -1614.050733 -13142.115654 -582057.020329 -0.285599 0.736628 -0.613035 -0.089811 0.616290 0.782381 -0.954131 -0.278505 0.109855
17.672620 -299.692230 36403.366718 -112465.990673 0.146645 0.966305 -0.211543 -0.535928 0.257361 0.804081 -0.831431 0.004542 -0.555610
-18.748239 -190.696043 8086.690120 -37108.057175 -0.292528 0.945710 -0.141634 -0.346485 0.033224 0.937467 -0.891277 -0.323310 -0.317956
10.002250 -133.687780 56.981708 4916.027087 -0.559154 0.759948 -0.331399 0.341018 -0.153524 -0.927436 0.755681 0.631592 0.173313
10.087362 -136.805838 -379.199747 -2327.589069 0.553683 -0.759113 0.342321 -0.542824 -0.017278 0.839669 0.631489 0.650730 0.421631
10.341177 -133.988653 -98.765888 3395.985287 -0.567204 0.749956 -0.340360 0.485351 -0.029497 -0.873822 0.665367 0.660830 0.347261
11.418574 -128.932101 -366.345573 4200.790108 -0.574689 0.751131 -0.324862 0.291597 -0.182962 -0.938880 0.764659 0.634293 0.113881
8.671678 -134.926841 -447.749575 -3771.815578 0.594347 -0.729702 0.338064 -0.474273 0.021452 0.880117 0.649475 0.683429 0.333328
2.475162 -86.770813 1889.998163 4287.230130 -0.620354 0.731171 -0.283812 -0.423991 -0.617054 -0.662930 0.659843 0.290917 -0.692802
4.658559 -88.589027 650.151985 2872.524402 -0.589821 0.756987 -0.281213 -0.477332 -0.607708 -0.634701 0.651356 0.240128 -0.719774
6.558621 -98.602418 589.122788 5065.130852 -0.599557 0.743810 -0.295429 -0.309902 -0.556099 -0.771177 0.737897 0.370811 -0.563922
2.285961 -96.548538 2977.105384 5896.833230 -0.640101 0.711897 -0.288919 -0.268732 -0.559759 -0.783870 0.719760 0.424114 -0.549612
46.015954 18.396569 302.120952 -11175.633975 -0.552860 0.829248 0.081813 -0.074631 0.048512 -0.996031 0.829925 0.556771 -0.035067
36.269398 6.223380 6401.415027 -8178.613693 -0.675680 0.727141 0.121336 -0.109283 0.063975 -0.991950 0.729050 0.683501 -0.036237
43.119787 -2.145700 805.304727 -8035.357600 -0.537220 0.839703 0.079330 -0.093663 0.034080 -0.995020 0.838225 0.541976 -0.060341
-4.217838 -64.095971 634.171678 -2543.980296 0.714504 -0.679481 -0.166701 -0.445529 -0.258184 -0.857231 -0.539433 -0.686765 0.487202
-4.848171 -66.588454 -133.203706 122.762826 0.706146 -0.691648 -0.151595 -0.346994 -0.151403 -0.925566 -0.617214 -0.706188 0.346910
-5.055432 -68.541400 733.456337 -291.085988 0.727801 -0.670215 -0.145321 -0.328028 -0.154128 -0.932010 -0.602249 -0.725987 0.332024
-4.235484 -67.292259 729.200682 -2083.017085 0.728325 -0.666716 -0.158215 -0.415710 -0.246365 -0.875494 -0.544727 -0.703416 0.456594
13.212324 -255.092037 -3005.139266 -39820.280857 -0.519736 0.854325 0.001912 -0.722476 -0.440717 0.532725 -0.455963 -0.275495 -0.846286
20.795388 -260.334495 -3559.701019 -27603.472767 -0.485754 0.874046 -0.009363 -0.728536 -0.398921 0.556864 -0.482990 -0.277320 -0.830551
22.653453 -334.407744 -4560.612976 -42630.467204 -0.502193 0.864260 0.029264 -0.468850 -0.300556 0.830569 -0.726624 -0.403385 -0.556146
10.451305 -246.372858 -1767.655638 8614.019382 -0.523570 0.851928 -0.009697 -0.438685 -0.259811 0.860264 -0.730363 -0.454662 -0.509757
5.876560 -218.705265 -1162.435251 -14214.156357 -0.530110 0.847549 -0.025378 -0.692438 -0.415432 0.589870 -0.489401 -0.330268 -0.807100
5.267220 -212.464406 -657.721782 -33576.761112 -0.498656 0.866465 -0.024093 -0.841543 -0.477277 0.253005 -0.207721 -0.146438 -0.967165
-41.430080 -491.102660 4949.401280 -140738.985533 0.715570 0.616457 0.328543 -0.064119 0.526306 -0.847874 0.695592 -0.585647 -0.416136
-23.260235 -1349.921285 -7011.041371 -507322.659547 -0.745551 -0.609838 -0.268795 -0.373848 0.716587 -0.588847 0.551716 -0.338527 -0.762239
-43.587032 -1102.272278 -3403.797948 -444388.840606 0.616268 0.749200 0.242721 -0.565260 0.635398 -0.526070 0.548356 -0.187000 -0.815069
-30.270052 -815.316854 7937.784768 -280917.219688 0.601436 0.700428 0.384285 -0.332490 0.656815 -0.676789 0.726447 -0.279275 -0.627918
-16.942588 -52.776464 -180.688581 2134.480600 -0.398507 0.911199 0.104445 0.915327 0.387916 0.108156 0.058035 0.138702 -0.988632
-17.496901 -51.148300 690.828852 2771.027342 -0.413271 0.900230 0.137085 0.908813 0.417205 0.000042 -0.057155 0.124602 -0.990559
-17.091109 -48.647940 -767.868890 2467.273051 -0.379922 0.913652 0.144568 0.924945 0.373251 0.071842 0.011678 0.161011 -0.986883
-24.062658 -86.819756 -7235.359384 16077.561955 -0.060285 0.997782 -0.028232 0.991310 0.063158 0.115389 -0.116916 0.021030 0.992919
-19.242782 -62.094042 -7134.852891 13536.047888 0.067708 0.997548 0.017738 0.997011 -0.066987 -0.038489 0.037207 -0.020291 0.999102
-27.924451 -44.337969 -2624.352508 5843.670274 0.431024 0.901356 -0.042128 0.900578 -0.432630 -0.042313 0.056365 0.019702 0.998216
-52.060675 -72.856241 1782.858372 717.057021 0.862177 0.376741 -0.338699 0.463961 -0.318700 0.826541 -0.203449 0.869768 0.449569
-52.518583 -76.779586 -754.029656 -626.720938 0.737736 0.622098 -0.262183 0.572816 -0.371318 0.730756 -0.357249 0.689288 0.630282
-52.086088 -74.176133 82.108016 962.547857 0.791929 0.526579 -0.309133 0.508968 -0.289562 0.810620 -0.337342 0.799292 0.497324
-42.908819 -71.888646 -1429.550380 3205.537332 0.323063 0.931461 0.167365 -0.485768 0.314985 -0.815361 0.812194 -0.182113 -0.554234
-48.772658 -79.651843 -4257.558991 5619.143897 0.237166 0.966278 0.100299 -0.412294 0.193601 -0.890243 0.879639 -0.169783 -0.444306
-43.291267 -78.329814 -1979.237043 3292.533665 0.359155 0.925112 0.123185 -0.314698 0.244307 -0.917213 0.878620 -0.290656 -0.378875
-42.017220 -72.155133 1900.024916 1994.984316 0.370693 0.918981 0.134390 -0.454561 0.305703 -0.836613 0.809915 -0.249038 -0.531054
5.524076 -19.739414 -3894.361644 -2024.075203 -0.003748 0.864147 -0.503226 0.664275 0.378308 0.644688 -0.747479 0.331865 0.575449
8.203846 -19.158076 -1468.185013 -1575.311860 -0.145868 0.736887 -0.660091 0.704694 0.545695 0.453458 -0.694355 0.399017 0.598879
-25.368352 -53.102301 -641.528123 973.781083 0.313145 0.583363 -0.749418 0.258939 0.706764 0.658358 0.913724 -0.400215 0.070264
-21.568901 -50.746300 -2387.344382 598.621919 0.406086 0.592415 -0.695801 0.179751 0.694750 0.696428 0.895982 -0.407881 0.175641
-20.221636 -51.724383 -2707.568683 210.131575 0.418137 0.606048 -0.676659 0.281053 0.622041 0.730804 0.863812 -0.495753 0.089767
-5.222593 -63.536319 -487.111407 -1780.476512 0.261118 0.948767 -0.177929 0.377312 0.069345 0.923486 -0.888512 0.308273 0.339874
2.295174 -44.399214 -293.823789 64.458942 0.377364 0.924407 -0.055384 0.891088 -0.378743 -0.250033 0.252109 -0.045002 0.966652
-2.098943 -42.794264 -1378.430171 2464.109282 0.424953 0.903829 -0.050085 0.863568 -0.421370 -0.276944 0.271414 -0.074436 0.959580
-2.385743 -41.724038 -1203.554016 -285.147440 0.404188 0.913312 -0.049929 0.900231 -0.406874 -0.155042 0.161917 -0.017719 0.986645
3.326332 -156.398577 1390.014130 6989.011599 0.010007 0.978520 0.205910 0.988707 0.021109 -0.148367 -0.149526 0.205069 -0.967258
4.254838 -150.287673 1092.215776 7799.660089 0.038292 0.980952 0.190441 0.998346 -0.045733 0.034830 0.042876 0.188793 -0.981081
0.371781 -168.605997 -464.965612 8838.329032 0.019628 0.983822 0.178068 0.996698 -0.005218 -0.081036 -0.078795 0.179071 -0.980676
-14.053504 -100.224088 637.238031 372.154008 -0.111792 0.899056 0.423320 -0.227063 0.391611 -0.891675 0.967443 0.195803 -0.160363
-16.194124 -101.197947 -240.839897 618.296077 -0.059625 0.914663 0.399795 -0.191921 0.382531 -0.903790 0.979598 0.130617 -0.152735
-15.652965 -97.424938 1189.428352 2521.816073 -0.104736 0.895002 0.433591 -0.416071 0.356564 -0.836509 0.903280 0.268017 -0.335039
-0.035108 -47.361306 291.309611 126.018740 0.486250 0.854712 -0.181736 -0.031015 -0.190966 -0.981106 0.873269 -0.482700 0.066349
2.123489 -46.876884 279.222868 329.366295 0.488843 0.862771 -0.129072 0.101014 -0.202941 -0.973967 0.866504 -0.463079 0.186358
0.532934 -49.012999 324.795683 -24.633404 0.485473 0.856311 -0.176201 0.056433 -0.231819 -0.971121 0.872428 -0.461510 0.160867
21.170868 -41.229509 1279.918513 4780.881433 -0.002667 -0.608948 -0.793206 0.355419 0.740840 -0.569941 0.934703 -0.283441 0.214456
17.805360 -38.292583 -4166.239130 3652.565206 0.074289 -0.635298 -0.768686 0.337949 0.741243 -0.579956 0.938228 -0.216692 0.269765
20.433670 -32.547074 -357.515961 1004.902522 0.020313 -0.605290 -0.795746 0.304679 0.761800 -0.571692 0.952238 -0.230834 0.199894
20.377239 -36.615362 3588.073465 2736.525643 -0.067395 -0.585854 -0.807609 0.314278 0.755778 -0.574481 0.946936 -0.292531 0.133185
-3.661390 -224.190089 115.652580 15759.748357 -0.500212 -0.484851 -0.717432 0.859546 -0.177819 -0.479125 0.104731 -0.856330 0.505699
-1.696350 -232.894243 -41.234886 -12177.436451 -0.494261 -0.503488 -0.708665 0.833206 -0.506880 -0.220998 -0.247938 -0.699695 0.670040
-0.791565 -219.664374 844.609075 -17428.069470 -0.512361 -0.482191 -0.710618 0.759735 -0.640284 -0.113310 -0.400360 -0.597937 0.694394
-1.700218 -225.954594 -1041.142381 -19909.880259 -0.520411 -0.486805 -0.701565 0.750359 -0.652863 -0.103595 -0.407595 -0.580337 0.705036
17.346321 -105.735750 -2136.264983 5042.667258 0.333527 0.123245 0.934650 0.924382 -0.237456 -0.298552 0.185143 0.963548 -0.193124
39.117042 -104.337346 -14007.114296 2876.467290 0.287838 0.149058 0.946008 0.955273 -0.114675 -0.272588 0.067852 0.982156 -0.175399
8.004568 -112.978640 2629.720860 1500.646746 0.427145 0.115698 0.896751 0.903917 -0.078692 -0.420406 0.021927 0.990162 -0.138194
-68.782910 -79.203950 -30082.231844 9424.356718 0.981321 -0.162548 0.102896 0.036431 -0.368166 -0.929046 -0.188897 -0.915441 0.355367
21.292434 -155.981790 -22156.833417 56887.378787 0.804867 0.189447 0.562405 0.593388 -0.271135 -0.757876 -0.008910 -0.943714 0.330644
-12.829165 -35.195315 773.633753 782.718240 -0.518210 0.692548 0.501832 -0.155916 0.500432 -0.851621 0.840921 0.519562 0.151350
-12.994796 -31.385180 899.974208 2028.434852 -0.510021 0.693411 0.508979 -0.240921 0.452882 -0.858402 0.825733 0.560427 0.063922
-12.007383 -33.050333 716.496622 1873.325105 -0.535327 0.682569 0.497519 -0.211233 0.462123 -0.861292 0.817805 0.566165 0.103206
-11.672913 -28.212091 808.079439 2722.945325 -0.543867 0.689209 0.478748 -0.263379 0.401482 -0.877179 0.796769 0.603161 0.036830
-12.371580 -36.004158 521.311959 1230.869322 -0.548336 0.685313 0.479243 -0.146957 0.485195 -0.861968 0.823244 0.543076 0.165338
-11.627388 -33.099869 10.150856 1911.541436 -0.564591 0.693157 0.448074 -0.179618 0.426680 -0.886387 0.805589 0.580929 0.116396
-9.774643 -89.701771 126.764229 -2192.958748 -0.035239 0.937746 0.345531 0.605196 0.295164 -0.739335 0.795297 -0.183060 0.577921
-11.661408 -89.885509 1024.297096 -1481.614656 -0.021792 0.944275 0.328436 0.456004 0.301740 -0.837266 0.889711 -0.131523 0.437168
-12.332773 -96.912879 -336.724810 -2505.259720 -0.028073 0.935140 0.353165 0.364545 0.338550 -0.867463 0.930763 -0.104392 0.350404
-13.657911 -93.327896 582.669964 -981.649038 -0.006589 0.941362 0.337333 0.223504 0.330192 -0.917071 0.974681 -0.069352 0.212574
3.659729 -19.993869 -1772.300789 2469.179979 -0.273602 0.931294 0.240487 0.840917 0.110236 0.529818 -0.466906 -0.347189 0.813301
7.480831 -20.199142 -2213.204232 2465.275763 -0.300082 0.930718 0.209078 0.830828 0.147315 0.536678 -0.468696 -0.334756 0.817474
5.795892 -16.941412 -1948.316278 277.630098 -0.316083 0.925703 0.207762 0.837366 0.169263 0.519777 -0.445993 -0.338265 0.828654
1.239294 -19.150453 -1239.500220 1813.697245 -0.263466 0.931736 0.249907 0.850388 0.102018 0.516171 -0.455440 -0.348512 0.819215
-199.791228 -1074.305821 40748.289383 -347645.896125 0.599841 -0.040097 -0.799114 0.800097 0.022504 0.599449 -0.006053 -0.998942 0.045580
-13.828005 -106.246763 -935.967767 23825.133846 0.902921 -0.060632 -0.425509 -0.424883 0.023520 -0.904943 -0.064877 -0.997883 0.004525
-24.941522 -82.280336 2911.326126 -18691.028380 0.592457 -0.053804 -0.803803 0.802418 -0.049203 0.594730 -0.071549 -0.997339 0.014023
-43.252070 -117.615509 10896.440856 21968.007856 -0.339563 0.499245 0.797152 0.302190 0.860483 -0.410184 -0.890718 0.101609 -0.443055
-8.998492 -70.905541 812.311819 202.654188 -0.255657 0.831765 0.492754 -0.443849 -0.553784 0.704500 -0.858858 0.038598 -0.510757
-14.405371 -58.394931 -6932.044089 -2005.148595 -0.291241 0.806564 0.514425 -0.359518 -0.590598 0.722455 -0.886525 -0.025463 -0.461980
-11.917277 -72.449742 1431.522540 4954.281753 0.312278 0.948463 -0.053849 0.936900 -0.298102 0.182630 -0.157166 0.107482 0.981706
-13.210926 -65.697438 -1635.306191 1377.143033 -0.299793 -0.952725 0.049396 0.952887 -0.296535 0.063826 -0.046161 0.066203 0.996738
-8.862314 -69.732024 -2038.084601 2866.766345 -0.299991 -0.949767 0.089155 0.947478 -0.285792 0.143558 -0.110867 0.127539 0.985618
7.366343 -26.340290 1904.948868 2749.028477 -0.200553 0.967368 0.154851 0.287394 -0.093014 0.953285 -0.936581 -0.235687 0.259361
7.943608 -31.295019 -755.984839 3226.773855 -0.237825 0.946763 0.216978 0.237916 -0.159801 0.958050 -0.941719 -0.279471 0.187246
5.574413 -31.299329 1910.409508 2536.998380 -0.201629 0.963244 0.177501 0.195637 -0.137965 0.970923 -0.959725 -0.230492 0.160628
2.639101 -27.882114 2631.745341 2711.340356 -0.198682 0.970913 0.133620 0.226022 -0.087270 0.970205 -0.953645 -0.222964 0.202109
-53.590189 -175.673786 -12049.296931 57443.698832 0.188808 0.932512 -0.307853 -0.681264 0.350165 0.642856 -0.707270 -0.088353 -0.701400
-79.675062 -232.670519 -9075.107624 77011.238018 0.281315 0.898844 -0.336066 -0.602195 0.438024 0.667455 -0.747143 -0.014612 -0.664503
-47.554276 -183.669833 -572.257159 62107.541144 0.469419 0.803199 -0.366766 -0.566148 0.592543 0.573035 -0.677586 0.061349 -0.732881
-12.064440 -86.308954 448.693703 25722.742893 -0.631986 -0.632035 0.448469 -0.492435 0.774348 0.397358 -0.598416 0.030283 -0.800613
-12.523162 -24.211806 -2612.082147 440.541211 0.098495 -0.339444 -0.935455 -0.584995 0.740700 -0.330369 0.805034 0.579777 -0.125618
-5.398194 -29.534327 1234.534805 -1223.025964 -0.209812 0.938339 0.274769 -0.082748 -0.297058 0.951267 -0.974234 -0.176851 -0.139972
2.556828 -69.013284 -961.861112 3793.857222 -0.536573 0.843430 -0.026750 -0.839050 -0.536628 -0.089588 0.089916 0.025625 -0.995620
21.662091 -130.234329 951.215895 5766.785778 0.643922 -0.685516 -0.339753 0.577974 0.726812 -0.371065 0.501308 0.042569 0.864221
12.281594 -132.151344 -2421.066915 4695.231863 -0.606604 0.709310 0.359042 0.614118 0.704877 -0.354975 0.504868 -0.005165 0.863181
-3.837123 -121.705000 25.660197 5434.073265 -0.447362 0.893678 -0.034728 -0.829866 -0.429270 -0.356441 0.333451 0.130638 -0.933672
-2.651646 -117.811183 -542.049440 1026.449546 -0.449751 0.891346 -0.056801 -0.849501 -0.446542 -0.280979 0.275814 0.078118 -0.958031
-3.458368 -120.038220 -469.181665 -652.536397 -0.467476 0.882308 -0.054750 -0.866205 -0.469550 -0.170913 0.176506 0.032473 -0.983764
-3.663759 -119.742621 -1349.507296 -799.972119 -0.478125 0.876137 -0.061482 -0.867103 -0.482014 -0.125677 0.139746 0.006779 -0.990164
-9.437930 -49.135636 -9805.031973 -372.677984 -0.762858 0.503747 0.405323 0.175868 0.764916 -0.619657 -0.622188 -0.401426 -0.672115
15.016731 -41.730882 -14102.388323 -113.776615 -0.709844 0.671901 0.211354 -0.301074 -0.560708 0.771337 -0.636770 -0.483896 -0.600307
35.894933 -35.129530 -9765.637751 -122.014329 -0.600176 0.780813 0.173553 -0.399531 -0.480614 0.780631 -0.692939 -0.399176 -0.600411
78.884128 -16.832600 13654.086284 2308.834410 0.494525 0.045442 0.867975 0.639898 0.656778 -0.398964 -0.588197 0.752714 0.295714
114.796404 -19.225989 15897.080455 -187.641790 0.484899 0.021033 0.874317 0.672655 0.629943 -0.388210 -0.558935 0.776357 0.291311
68.055924 -19.594483 13426.656236 1811.875912 0.470990 -0.219380 0.854424 0.715975 0.660879 -0.224985 -0.515314 0.717712 0.468338
-4.645918 -127.291925 650.041519 4536.242749 -0.417429 0.889589 -0.185428 0.908708 0.408269 -0.086985 -0.001676 -0.204810 -0.978800
-4.085856 -115.950127 327.101301 -6329.118450 -0.436415 0.878514 -0.194308 -0.867941 -0.467966 -0.166395 0.237110 -0.096031 -0.966725
-4.945440 -141.110657 230.727337 10709.275313 -0.424616 0.883573 -0.197486 0.893735 0.374201 -0.247412 -0.144707 -0.281555 -0.948571
8.329543 -130.801258 -409.242686 1589.013429 -0.537087 0.782852 -0.314134 0.195313 -0.246871 -0.949161 0.820604 0.571137 0.020310
10.299737 -125.632252 -547.346343 3302.664340 -0.558665 0.765915 -0.318227 0.138729 -0.291987 -0.946307 0.817709 0.572816 -0.056868
7.657082 -122.350564 -896.550934 3551.069637 -0.536730 0.786131 -0.306461 -0.027526 -0.379332 -0.924851 0.843305 0.487960 -0.225238
17.186199 -178.219905 1101.759673 31754.438751 -0.384817 0.875615 -0.291914 -0.569806 -0.474178 -0.671176 0.726111 0.091946 -0.681402
20.447651 -269.342704 672.063291 30915.624881 -0.329785 0.872182 -0.361303 -0.019122 -0.388806 -0.921121 0.943862 0.296864 -0.144900
18.741775 -223.475204 1137.018489 38129.053306 -0.380969 0.858810 -0.342503 -0.267686 -0.457024 -0.848218 0.884990 0.231462 -0.404003
-2.058080 -278.073950 -943.165517 19803.467224 -0.214398 0.924443 -0.315340 -0.406467 0.209122 0.889411 -0.888154 -0.318864 -0.330920
0.688187 -245.548094 13.454590 33031.096157 -0.181187 0.917306 -0.354572 -0.087351 0.344104 0.934860 -0.979562 -0.200356 -0.017780
-1.102498 -291.169698 625.321688 34167.963949 -0.200476 0.930828 -0.305563 -0.275350 0.245788 0.929392 -0.940208 -0.270458 -0.207029
0.250163 -255.765514 -1381.458922 28357.318266 -0.212962 0.913489 -0.346677 -0.077353 0.337939 0.937984 -0.973994 -0.226571 0.001307
11.462445 -497.514112 19054.287331 84959.655771 0.229716 -0.765420 0.601135 0.967000 0.109571 -0.230010 0.110187 0.634134 0.765332
72.341421 -2189.082812 -34373.102623 739573.824466 -0.353343 0.841017 -0.409681 0.794431 0.501010 0.343320 -0.493992 0.204153 0.845159
1.924507 -78.905871 1172.408574 1727.852967 -0.597293 0.754093 -0.273102 -0.540983 -0.630199 -0.556945 0.592097 0.184916 -0.784364
2.432735 -83.687975 538.095951 536.237244 -0.563030 0.786030 -0.255253 -0.628430 -0.607788 -0.485458 0.536724 0.112919 -0.836168
4.806658 -86.590178 -246.703896 1317.901661 -0.559138 0.784268 -0.268865 -0.533849 -0.588695 -0.606995 0.634326 0.195860 -0.747843
23.370236 -292.465233 -4770.740770 -58321.864615 -0.483049 0.875590 -0.002549 -0.859898 -0.473839 0.189874 -0.165044 -0.093911 -0.981805
27.454387 -294.883225 -2370.094977 -41650.427897 -0.419231 0.907378 0.030181 -0.774108 -0.374631 0.510302 -0.474344 -0.190571 -0.859465
24.731925 -407.809139 2757.678465 -116582.773146 -0.383202 0.917691 0.104875 -0.913482 -0.393340 0.104089 -0.136773 0.055914 -0.989023
-59.115679 -535.278194 4961.390441 -159845.044852 0.745390 0.629134 0.220417 0.017773 0.311772 -0.949991 0.666391 -0.712031 -0.221210
-126.962733 -1308.858213 -5138.809268 -441549.379063 0.675395 0.736363 0.040135 -0.490912 0.489546 -0.720660 0.550315 -0.467027 -0.692126
-16.810876 -50.188205 -55.640160 2246.136845 -0.396192 0.903324 0.164431 0.914127 0.404854 -0.021556 -0.086042 0.141771 -0.986153
-56.472219 -81.186757 1590.720552 1540.858066 0.154457 0.965089 -0.211532 0.902460 -0.050671 0.427782 -0.402130 0.256973 0.878781
-48.221651 -77.134916 -592.111912 1884.410798 -0.423150 -0.885334 0.192686 0.842575 -0.306298 0.443000 -0.333184 0.349808 0.875570
-44.377493 -71.840244 -115.244434 4402.313577 -0.585593 -0.789401 0.184193 0.785443 -0.496396 0.369690 -0.200401 0.361161 0.910715
-49.236155 -71.533208 632.713736 -90.805559 0.912818 0.242655 -0.328454 0.392163 -0.296561 0.870781 -0.113893 0.923672 0.365866
-47.477367 -67.960851 -503.725187 817.820687 0.683197 -0.691702 -0.234073 0.332607 0.009399 0.943019 0.650088 0.722122 -0.236486
-48.427046 -70.324018 395.359172 -2111.370266 -0.649009 0.756679 0.078889 -0.236693 -0.102281 -0.966186 0.723024 0.645736 -0.245482
-50.097352 -69.901235 -217.751596 665.913407 -0.693170 0.720720 0.008814 -0.286197 -0.263993 -0.921086 0.661518 0.640992 -0.389260
-49.852522 -66.376827 -966.159550 -1122.622510 0.722525 -0.652810 -0.227588 0.418813 0.151390 0.895364 0.550048 0.742240 -0.382789
7.640772 -12.753671 -2974.940851 -432.627667 0.148675 0.895395 -0.419718 0.605928 0.252939 0.754236 -0.781503 0.366455 0.504940
5.092210 -15.055761 -2908.527096 -2206.170119 0.126117 0.913448 -0.386920 0.596994 0.241614 0.764997 -0.792271 0.327468 0.514852
-4.926478 -46.017038 -5890.513547 2105.612494 0.519461 0.666129 -0.535194 -0.498283 -0.272675 -0.823020 0.694172 -0.694205 -0.190277
9.202599 -43.432318 -5332.440573 1975.958952 0.582042 0.694563 -0.422858 -0.526924 -0.073916 -0.846692 0.619337 -0.715625 -0.322960
-4.601799 -45.202488 -7200.456478 -402.174702 0.532740 0.654909 -0.535987 0.563567 0.197936 0.802006 0.631332 -0.729325 -0.263637
-17.707250 -49.552531 -2739.078071 2483.349775 0.379926 0.650728 -0.657426 -0.584048 -0.382385 -0.716010 0.717318 -0.655999 -0.234778
-2.899106 -65.054087 -242.538803 -2908.048708 0.245895 0.953458 -0.174509 0.319974 0.090099 0.943132 -0.914960 0.287750 0.282927
-3.066810 -69.475659 -279.989618 -54.879956 0.256903 0.955707 -0.143611 0.507510 -0.006952 0.861618 -0.822456 0.294236 0.486817
-3.622755 -61.206626 15.331030 -3203.818462 0.256633 0.945272 -0.201497 0.229501 0.142917 0.962759 -0.938866 0.293320 0.180263
-5.848870 -58.277963 -1095.678418 -2661.740951 0.249033 0.945506 -0.209764 0.225076 0.154157 0.962069 -0.941978 0.286800 0.174421
2.931254 -46.088954 168.715944 -764.824409 0.375703 0.924536 -0.063877 0.867874 -0.375176 -0.325633 0.325025 -0.066904 0.943336
3.161676 -48.424188 289.792611 -1036.023162 0.398646 0.913928 -0.076266 0.801461 -0.387595 -0.455444 0.445804 -0.120436 0.886991
57.919273 -90.923135 -2389.709394 7163.577170 0.075698 0.995708 0.053252 -0.398879 0.079184 -0.913579 0.913874 -0.047915 -0.403161
57.776372 -94.910824 4151.343127 7544.931358 -0.066679 0.984234 0.163821 -0.468996 0.114001 -0.875812 0.880679 0.135230 -0.454001
