17656
35298
-36.026132 -57.257409 179.494952 7216.758265 0.333468 0.918806 -0.211172 0.679274 -0.389489 -0.622001 0.653748 -0.063974 0.754004
-40.661675 -67.589355 -1295.188562 6113.953081 0.196802 0.977054 -0.081447 0.797947 -0.207886 -0.565742 0.569692 -0.046349 0.820550
-44.704545 -66.799925 1746.115386 9837.934907 0.032509 0.992847 0.114885 0.779492 0.046759 -0.624665 0.625568 -0.109859 0.772396
-40.209231 -65.308799 -446.889306 7574.315200 0.311130 0.899387 -0.307083 0.729715 -0.433089 -0.529103 0.608863 0.059464 0.791044
-32.608943 -48.405049 -625.895437 5928.804662 0.402590 0.882268 -0.243975 0.593410 -0.454484 -0.664311 0.696983 -0.122668 0.706517
-30.473493 -50.100295 924.310575 3553.271098 0.509697 0.723134 -0.466140 0.503808 -0.690056 -0.519616 0.697414 -0.030002 0.716040
106.088465 -66.567557 -19543.294771 -5859.968762 0.344649 0.931547 0.115915 -0.248127 0.209490 -0.945805 0.905345 -0.297209 -0.303343
135.303374 -78.433554 -12332.819845 -6657.498730 0.076995 0.956372 0.281824 -0.202536 0.291772 -0.934798 0.976243 -0.014895 -0.216165
137.104466 -81.207334 -11565.332001 -6102.552060 0.206653 0.966461 0.152472 -0.423136 0.228788 -0.876705 0.882185 -0.116658 -0.456224
-36.423443 -46.128439 1518.149411 2717.029216 0.314182 0.854522 0.413620 -0.071831 0.455830 -0.887164 0.946641 -0.249020 -0.204595
-38.173251 -45.093778 -567.103962 -448.025921 0.302118 0.952842 0.028581 -0.270750 0.114517 -0.955814 0.914013 -0.281030 -0.292579
-37.911073 -43.808655 2416.324062 1076.718814 0.263280 0.918892 0.293803 -0.196799 0.349300 -0.916111 0.944433 -0.183373 -0.272801
67.700707 -28.198945 -18504.454027 1946.069377 0.258180 -0.878302 -0.402403 0.946375 0.146195 0.288099 -0.194208 -0.455206 0.868948
36.941575 -23.251867 -11169.975022 807.238133 0.297713 -0.882774 -0.363425 0.939156 0.202507 0.277449 -0.171328 -0.423913 0.889351
79.994120 -28.264607 -18539.013863 798.042147 0.371389 -0.832402 -0.411313 0.921051 0.274379 0.276370 -0.117196 -0.481481 0.868586
107.804342 -35.168957 -27611.707516 721.827693 0.305871 -0.837136 -0.453482 0.929804 0.160239 0.331342 -0.204713 -0.522997 0.827386
86.822428 -36.155125 -2874.129522 3091.743873 0.405596 -0.644545 -0.648115 0.913999 0.278309 0.295212 -0.009901 -0.712113 0.701995
98.282146 -33.370984 -18984.790192 496.610227 0.432536 -0.735131 -0.522011 0.901340 0.338212 0.270553 -0.022342 -0.587533 0.808892
-4.465033 -42.861345 10143.151213 -1026.279994 0.047357 0.979020 0.198186 0.578114 0.134938 -0.804721 0.814581 -0.152683 0.559595
7.319634 -40.837127 13712.766416 -385.972762 0.014581 0.974903 0.222153 0.656015 0.158347 -0.737951 0.754607 -0.156495 0.637242
-11.430655 -42.376493 8933.079614 -817.580874 0.125273 0.984111 0.125826 0.618415 0.021717 -0.785551 0.775802 -0.176222 0.605869
-23.218525 -43.116585 2318.735715 10917.980073 0.761575 0.192897 0.618704 -0.353269 0.923934 0.146786 -0.543328 -0.330358 0.771789
-18.077502 -38.539802 2921.372336 10301.931136 0.843345 0.045186 0.535470 -0.184912 0.960008 0.210219 -0.504556 -0.276302 0.817973
-23.254831 -28.034705 -372.501856 7961.034483 0.818712 -0.285025 0.498469 0.093153 0.922533 0.374506 -0.566598 -0.260178 0.781840
-16.601524 -51.394026 2801.889380 8007.418097 0.822682 0.133942 0.552499 -0.302647 0.925874 0.226189 -0.481248 -0.353293 0.802237
-27.772776 -32.001379 810.182806 13910.319418 0.543269 0.510955 0.666171 -0.564845 0.809489 -0.160244 -0.621136 -0.289228 0.728380
-26.525098 -47.568499 904.455169 9954.808197 0.644804 0.321238 0.693566 -0.488459 0.871116 0.050643 -0.587908 -0.371433 0.718611
-21.355800 -56.386452 2124.336763 3493.584682 0.749120 0.221403 0.624339 -0.432592 0.877280 0.207950 -0.501680 -0.425864 0.752966
4.655708 -53.451099 -49.630296 815.513412 0.471607 0.780250 -0.410849 -0.710889 0.612083 0.346398 -0.521751 -0.128705 -0.843333
3.866384 -56.493270 503.430837 795.140985 0.475974 0.790312 -0.385818 -0.729029 0.599938 0.329531 -0.491899 -0.124424 -0.861716
3.692063 -51.390491 563.851842 89.406139 0.454195 0.801872 -0.388211 -0.653739 0.596016 0.466251 -0.605254 -0.042020 -0.794923
4.972837 -59.765517 119.556864 1747.569294 0.504524 0.764425 -0.401385 -0.767663 0.609929 0.196671 -0.395157 -0.208903 -0.894545
4.187480 -49.401174 -115.889220 404.486308 0.446329 0.794097 -0.412552 -0.632493 0.606073 0.482316 -0.633042 -0.045665 -0.772769
4.356691 -50.734389 -605.413638 667.984970 0.460497 0.775197 -0.432449 -0.695672 0.617770 0.366607 -0.551347 -0.132021 -0.823764
5.155675 -55.623028 -370.691204 1235.293881 0.497490 0.756068 -0.425281 -0.754482 0.619063 0.217987 -0.428089 -0.212420 -0.878417
65.999981 -72.486220 7937.028382 12401.912679 0.015743 0.996851 0.077725 -0.713432 0.065663 -0.697642 0.700548 0.044468 -0.712218
65.456719 -69.099099 421.776536 11118.865529 0.156209 0.983922 -0.086576 -0.686561 0.045147 -0.725670 0.710094 -0.172796 -0.682575
55.956460 -83.323930 5940.546412 7541.557373 0.052957 0.994402 0.091432 -0.577997 0.105188 -0.809231 0.814319 0.009993 -0.580332
71.117448 -64.157440 -1705.747704 10469.100911 0.154810 0.980736 -0.119122 -0.775238 0.045850 -0.630003 0.612405 -0.189879 -0.767402
45.754870 -87.365376 9168.898447 3975.312917 -0.053198 0.967322 0.247908 -0.560969 0.176435 -0.808817 0.826126 0.182096 -0.533252
55.939863 -75.545380 11848.939244 7606.037391 -0.091580 0.961946 0.257435 -0.703544 0.120453 -0.700369 0.704726 0.245257 -0.665740
74.788815 -65.814271 9310.938980 11600.494024 -0.004171 0.997539 0.069983 -0.808843 0.037786 -0.586809 0.588010 0.059053 -0.806695
-0.347663 -63.341389 1803.827927 3927.562679 0.313274 0.932108 -0.181753 -0.550140 0.334127 0.765314 -0.774084 0.139763 -0.617463
-3.492091 -68.778640 1647.436265 4430.877876 0.273460 0.953282 -0.128350 -0.565882 0.267341 0.779940 -0.777816 0.140652 -0.612552
-5.403547 -56.854979 2251.269784 128.484525 0.277253 0.951334 -0.134518 -0.481761 0.258785 0.837220 -0.831286 0.167316 -0.530064
-0.429739 -56.456573 1438.589888 -889.403197 0.307068 0.928436 -0.209084 -0.461770 0.337456 0.820299 -0.832152 0.155338 -0.532346
-4.572983 -60.761824 2558.662106 -4425.329025 0.314699 0.924097 -0.216816 -0.362509 0.328118 0.872311 -0.877241 0.195918 -0.438252
-9.792224 -56.379138 1695.542075 -1290.013826 0.254267 0.953318 -0.162891 -0.360445 0.249703 0.898737 -0.897456 0.169806 -0.407110
5.640941 -43.123120 -660.317752 -17.804603 0.586598 0.688589 -0.426319 -0.451369 -0.159097 -0.878040 0.672435 -0.707484 -0.217482
2.275677 -40.491470 -5.909305 395.000159 0.595452 0.700457 -0.393442 -0.330826 -0.232495 -0.914604 0.732114 -0.674764 -0.093290
7.070364 -42.828817 1693.640354 -927.371407 0.580699 0.739170 -0.341198 -0.396030 -0.109694 -0.911662 0.711301 -0.664526 -0.229034
11.299363 -44.646083 1835.909333 -1080.892845 0.560414 0.744539 -0.362764 -0.511241 -0.033616 -0.858780 0.651589 -0.666733 -0.361800
6.538877 -44.074409 1860.259589 -1345.033837 0.580515 0.762026 -0.286913 -0.391249 -0.047974 -0.919034 0.714092 -0.645767 -0.270292
42.724069 -67.190286 1627.322858 4918.880314 0.551338 -0.692117 -0.465833 0.832984 0.425543 0.353625 -0.046518 -0.582999 0.811140
38.183824 -73.781202 3386.928749 10764.375930 0.527511 -0.693480 -0.490732 0.843064 0.356085 0.403047 -0.104762 -0.626330 0.772487
62.639466 -61.478172 14019.956888 3971.981621 0.610899 -0.673998 -0.415368 0.788131 0.467895 0.399906 -0.075187 -0.571666 0.817035
53.264192 -63.978088 7930.239553 -5398.753321 0.586399 -0.674002 -0.449285 0.810016 0.490107 0.321977 0.003185 -0.552735 0.833351
62.302733 -64.667193 21306.943240 -4909.509975 0.618096 -0.667631 -0.415001 0.785984 0.515712 0.340983 -0.013629 -0.536944 0.843508
670.206451 -68.754877 -348458.873575 19344.325660 -0.574269 -0.224017 -0.787421 0.818016 -0.195362 -0.541003 -0.032639 -0.954804 0.295440
530.307263 -65.766474 160509.717007 20633.769986 -0.422145 0.329818 -0.844402 0.845140 -0.193757 -0.498194 -0.327922 -0.923947 -0.196949
380.013121 -92.737960 -18368.556520 18215.170560 -0.505682 0.074929 -0.859460 0.814831 -0.285816 -0.504341 -0.283437 -0.955351 0.083478
350.583453 -96.857461 -61012.799915 18741.020626 -0.493160 -0.132337 -0.859814 0.844366 -0.310698 -0.436478 -0.209380 -0.941251 0.264965
-9.297998 -95.245409 -535.790891 238.768705 0.289734 0.932862 0.214063 0.050772 0.208360 -0.976733 0.955759 -0.293862 -0.013006
-7.370100 -99.065230 -475.726383 450.609045 0.323476 0.923686 0.205349 0.049943 0.200047 -0.978513 0.944917 -0.326781 -0.018579
-9.570976 -95.943490 -527.174791 -927.424980 0.298575 0.935315 0.189840 -0.141718 0.240158 -0.960333 0.943806 -0.259828 -0.204256
-8.227791 -95.798410 -455.996963 1708.971806 0.292910 0.927249 0.233267 0.243020 0.163757 -0.956099 0.924740 -0.336740 0.177374
-11.784109 -91.954936 -600.709361 -710.730726 0.263710 0.939027 0.220646 -0.137872 0.263087 -0.954870 0.954698 -0.221388 -0.198844
-11.534363 -92.320202 -756.200811 14.209625 0.257570 0.938751 0.228918 0.050942 0.223390 -0.973397 0.964916 -0.262380 -0.009716
-10.411595 -92.975987 -551.473236 1256.102640 0.257462 0.937322 0.234820 0.243903 0.172105 -0.954406 0.935000 -0.302997 0.184305
7.008077 -167.929893 857.957090 -10952.973402 0.330101 -0.820900 0.466001 0.938269 0.231285 -0.257214 0.103368 0.522141 0.846572
15.988013 -180.364674 3044.823730 -14773.794275 0.339889 -0.809810 0.478209 0.938369 0.258084 -0.229905 0.062761 0.526879 0.847620
9.959105 -179.764601 1211.243550 -286.214318 0.294535 -0.825457 0.481529 0.894376 0.060590 -0.443194 0.336661 0.561204 0.756115
8.336211 -160.647323 961.771513 1284.732448 0.268054 -0.839399 0.472817 0.894157 0.034061 -0.446456 0.358650 0.542447 0.759685
4.244852 -151.812784 406.233375 -6349.250987 0.301694 -0.835113 0.459965 0.943638 0.192674 -0.269118 0.136121 0.515232 0.846172
246.600637 -114.429417 104102.365031 -24041.256297 -0.259665 0.793278 -0.550712 -0.687561 0.248576 0.682254 -0.678111 -0.555806 -0.480880
179.883888 -126.476507 67692.427553 -11637.176860 -0.337498 0.712491 -0.615184 -0.533177 0.393897 0.748710 -0.775769 -0.580690 -0.246944
298.153876 -112.638781 139345.664400 20666.626008 -0.331925 0.680169 -0.653602 0.697239 -0.289788 -0.655653 -0.635361 -0.673344 -0.378053
9.233445 -246.504317 -2093.071299 -24952.439039 -0.118946 0.801980 -0.585389 0.283749 0.592443 0.753988 -0.951493 0.076420 0.298029
6.424414 -258.027925 278.500785 -37093.363991 -0.126285 0.778107 -0.615306 0.300814 0.621103 0.723700 -0.945285 0.093700 0.312501
14.634633 -236.741122 -2830.367579 -33346.755811 -0.126852 0.784099 -0.607533 0.030833 0.615302 0.787688 -0.991442 -0.081188 0.102229
18.782463 -308.486979 -6721.506099 -60069.844627 -0.092774 0.829904 -0.550138 0.201188 0.556749 0.805949 -0.975149 0.035910 0.218619
29.250814 -267.007343 -7597.496537 -47457.603078 -0.087353 0.804004 -0.588173 -0.114223 0.578452 0.807680 -0.989607 -0.137736 -0.041306
16.001151 -191.966528 -4995.297337 -13579.822360 -0.152983 0.728330 -0.667931 -0.209353 0.636661 0.742182 -0.965799 -0.253375 -0.055080
30.158447 -209.889469 -6451.876352 -16509.680846 -0.094050 0.754435 -0.649602 -0.260407 0.611136 0.747463 -0.960907 -0.239460 -0.138983
8.986612 -204.091634 -1976.996663 -27174.808424 -0.152483 0.746576 -0.647590 -0.001098 0.655124 0.755520 -0.988305 -0.115915 0.099075
-39.815082 -219.871154 -12076.962981 -90204.271150 -0.551287 0.821789 -0.144034 0.773045 0.438195 -0.458680 -0.313823 -0.364209 -0.876851
-21.272093 -220.790541 26659.156830 89237.472464 -0.399182 0.907545 -0.130448 -0.877843 -0.337233 0.340097 -0.264661 -0.250273 -0.931299
-17.124512 -311.101282 14593.757208 -91865.778333 -0.430738 0.889201 -0.154231 0.896306 0.401547 -0.188139 -0.105363 -0.219277 -0.969957
-28.801600 -275.038218 -6845.157452 -115035.308299 -0.537201 0.823483 -0.182459 0.788097 0.412981 -0.456453 -0.300529 -0.389003 -0.870838
-36.700015 -165.680328 18009.282396 -75253.540945 0.727711 -0.681906 0.073760 0.562427 0.531712 -0.633212 -0.392572 -0.502280 -0.770455
-103.849957 -4178.928966 -7664.104599 -2367439.298919 0.239573 0.873738 -0.423305 -0.489382 -0.267884 -0.829906 0.838517 -0.405981 -0.363414
-46.809661 -2989.776192 19572.401926 -1146685.088349 0.180177 0.857304 -0.482251 -0.801950 -0.155862 -0.576700 0.569572 -0.490649 -0.659432
369.163406 -38150.314796 561947.048986 -51731070.318758 0.302061 0.864034 -0.402746 0.906801 -0.130106 0.400979 0.294060 -0.486331 -0.822807
-24.640676 -2993.492289 39534.762005 4448396.744438 0.100508 0.890459 -0.443825 0.950221 -0.218140 -0.222475 -0.294921 -0.399371 -0.868058
-6.752939 -1048.996036 -13551.207834 25502.806045 -0.105903 0.845466 -0.523423 0.950767 -0.068081 -0.302335 -0.291249 -0.529672 -0.796632
145.735449 -1653.640491 228124.899040 -938057.918093 -0.561713 0.808915 -0.173596 -0.340297 -0.034645 0.939680 -0.754106 -0.586905 -0.294732
-53.273367 -311.141281 -24235.112550 -111916.243796 -0.005773 0.723652 -0.690140 0.935557 -0.239807 -0.259278 -0.353127 -0.647163 -0.675634
11.260191 -18.927449 -2219.653656 -71.919094 0.481013 -0.837995 -0.257663 0.856878 0.387205 0.340341 -0.185436 -0.384495 0.904310
13.931902 -21.516560 -2175.458208 -1814.872841 0.578524 -0.795648 -0.179596 0.795453 0.501629 0.340034 -0.180457 -0.339578 0.923105
21.185089 -20.726555 -3509.436878 -1758.578519 0.467801 -0.841458 -0.270389 0.870547 0.385830 0.305422 -0.152675 -0.378263 0.913021
1.561837 -23.402948 -1729.076576 3266.046534 0.296499 -0.892786 -0.339149 0.932312 0.193579 0.305485 -0.207080 -0.406769 0.889751
2.938595 -20.520460 920.067581 2380.696277 0.492324 -0.831452 -0.257497 0.844642 0.384911 0.372053 -0.210231 -0.400664 0.891780
17.037276 -26.447999 -8760.627160 3344.405963 0.194528 -0.911488 -0.362420 0.957606 0.096433 0.271462 -0.212485 -0.399863 0.891605
-19.821482 -35.727203 780.522105 -1757.659761 0.154535 0.775270 -0.612434 0.306359 -0.626927 -0.716314 0.939289 0.076929 0.334393
-20.382077 -35.043249 2339.271125 -1579.423773 0.178356 0.768290 -0.614752 0.350362 -0.633409 -0.689956 0.919476 0.092328 0.382152
-22.652057 -39.969750 1496.501288 1739.538839 0.232061 0.655404 -0.718745 -0.206114 0.755269 0.622162 0.950613 0.003764 0.310357
-17.183261 -31.234147 1608.449667 -919.068299 0.062055 0.890456 -0.450819 0.431260 -0.431269 -0.792478 0.900091 0.145243 0.410781
-21.448857 -40.607885 200.123287 1789.492331 0.195502 0.663220 -0.722439 -0.157874 0.748330 0.644266 0.967913 -0.011901 0.251005
-19.895035 -36.275891 -387.159620 -1873.577489 0.126692 0.765925 -0.630324 0.251005 -0.639518 -0.726645 0.959659 0.066154 0.273273
-17.681580 -31.866800 6.187129 -1259.516248 0.054031 0.884009 -0.464337 0.378951 -0.448381 -0.809537 0.923838 0.132221 0.359223
-41.619018 -88.230022 -1161.241878 15326.122939 -0.443919 0.353970 0.823189 0.697300 0.713426 0.069259 -0.562769 0.604755 -0.563527
-28.294544 -61.908191 21922.202678 25483.181302 0.761628 -0.075557 -0.643594 0.477252 0.737244 0.478228 -0.438352 0.671389 -0.597565
-40.153714 -106.386338 -4767.099292 14170.452370 -0.646405 0.241430 0.723790 0.533839 0.820870 0.202950 -0.545140 0.517575 -0.659499
-21.288032 -40.429725 43783.374551 2909.080492 0.879487 0.240709 -0.410562 0.169986 0.646886 0.743400 -0.444530 0.723601 -0.528011
-41.962326 -98.270319 -2191.025442 -1437.700192 -0.628233 0.213753 0.748086 0.452909 0.882284 0.128249 -0.632611 0.419385 -0.651091
-39.483481 -71.302455 247.504404 10177.114389 -0.101022 0.502721 0.858526 0.815519 0.536114 -0.217967 -0.569845 0.678125 -0.464138
-40.816844 -84.246873 549.691302 -5904.704486 -0.179747 0.447175 0.876200 0.703510 0.681006 -0.203236 -0.687579 0.579884 -0.437001
-43.142604 -89.588286 214.897521 -3223.489102 -0.429713 0.340319 0.836379 0.602011 0.798336 -0.015539 -0.673000 0.496832 -0.547931
5.891875 -171.350845 -1270.946411 -38868.547668 0.377828 0.911187 0.164272 -0.474678 0.342964 -0.810590 0.794939 -0.228287 -0.562101
3.400482 -155.596749 -699.419837 -15743.477042 0.386832 0.903574 0.184161 -0.479518 0.367684 -0.796788 0.787670 -0.219914 -0.575512
7.524127 -135.696876 -1435.655828 -30649.549870 0.394475 0.903780 0.166044 -0.294077 0.295359 -0.909000 0.870579 -0.309748 -0.382293
10.877177 -138.547895 -2185.868567 -43339.348816 0.379292 0.912406 0.153796 -0.312174 0.282658 -0.907002 0.871025 -0.296007 -0.392039
8.378819 -124.095557 -1305.336442 -16404.116279 0.388224 0.911848 0.133478 -0.147248 0.204354 -0.967759 0.909725 -0.356053 -0.213603
11.117831 -105.838442 -1758.372585 -9189.222371 0.368559 0.921554 0.122076 -0.207945 0.209723 -0.955393 0.906048 -0.326734 -0.268927
-402.052072 -3551.058588 237953.043991 -3702704.638897 0.412971 0.105267 -0.904640 0.875057 -0.321192 0.362092 -0.252447 -0.941145 -0.224758
-82.769321 -1420.814652 36634.784313 -786966.077432 0.398047 0.023581 -0.917062 0.885732 -0.270132 0.377502 -0.238826 -0.962534 -0.128411
-341.368620 -4538.242763 175929.944432 -3712722.174739 0.484386 0.177842 -0.856588 0.838202 0.186096 0.512626 0.250574 -0.966302 -0.058926
-723.460582 -4786.010891 464127.148346 -1385733.552983 0.386625 0.049786 -0.920892 0.897646 0.208738 0.388150 0.211550 -0.976704 0.036013
-644.804675 -6622.452602 86794.010004 2281284.986221 0.406824 0.036204 -0.912789 0.704851 0.623182 0.338865 0.581102 -0.781238 0.228008
-212.565244 -3343.230088 153514.791276 -2078335.247863 0.400244 0.242642 -0.883702 0.609700 0.649412 0.454456 0.684157 -0.720686 0.111985
-8.689782 -789.756423 13771.030543 -307510.161020 0.142350 0.934506 0.326243 -0.682988 0.331297 -0.650976 0.716425 0.130153 -0.685416
4.632028 -405.924557 5859.204222 28635.757516 0.168189 0.953886 0.248624 -0.960932 0.214897 -0.174437 0.219821 0.209573 -0.952763
26.447911 -1531.534707 -1296.963736 -586635.602048 0.155556 0.957947 0.241123 -0.655412 0.282716 -0.700362 0.739079 0.049089 -0.671828
68.507194 -86.227169 7312.084644 6910.602258 0.104146 0.688338 -0.717875 0.540978 -0.644888 -0.539872 0.834564 0.332129 0.439538
82.153580 -125.129873 1207.649932 21513.909216 0.265670 0.750943 -0.604570 0.647411 -0.603632 -0.465282 0.714338 0.267794 0.646535
80.286615 -121.168080 11766.154214 -17298.195108 0.113949 0.600859 -0.791192 -0.660378 0.640787 0.391527 0.742238 0.477871 0.469811
37.459742 -0.676183 9796.566325 -3852.069895 -0.371239 0.922592 -0.104904 0.276531 0.217703 0.936021 -0.886404 -0.318478 0.335946
38.254385 -9.800368 9866.756741 -16517.892627 -0.308005 0.947903 0.081322 0.307124 0.018164 0.951496 -0.900449 -0.318041 0.296718
48.394751 -8.042221 -5508.026383 -3446.660221 -0.428567 0.901199 0.064576 0.326241 0.087701 0.941210 -0.842554 -0.424439 0.331594
36.866470 -8.751695 2843.722113 11581.312178 -0.423840 0.898423 -0.114872 0.310383 0.263218 0.913443 -0.850895 -0.351500 0.390417
35.708637 -61.855756 14847.403883 15934.036379 -0.118410 0.896032 0.427908 -0.333681 -0.441785 0.832756 -0.935220 0.044178 -0.351301
18.215720 -72.216696 7071.060695 13671.575064 -0.140080 0.855732 0.498097 -0.266405 -0.517079 0.813423 -0.953628 0.018751 -0.300403
28.963080 -47.280688 8167.734683 13156.891855 -0.166161 0.847553 0.504028 -0.206501 -0.529707 0.822659 -0.964234 -0.032612 -0.263037
60.384720 -49.523829 18837.917910 12937.410833 -0.143302 0.926830 0.347059 -0.348607 -0.375474 0.858774 -0.926249 -0.002077 -0.376906
45.855922 -104.648021 6727.882265 32049.219150 -0.203701 0.509914 0.835759 -0.463887 0.701479 -0.541051 -0.862157 -0.497911 0.093651
43.051836 -150.299250 5220.701100 32706.972392 -0.216736 0.517717 0.827644 -0.640450 0.564445 -0.520793 -0.736783 -0.642939 0.209236
46.760914 -102.176524 -55.782547 26498.307726 -0.258889 0.454053 0.852533 -0.474764 0.708829 -0.521690 -0.841175 -0.539812 0.032060
46.217901 -63.153113 5339.295292 16423.271111 -0.210466 0.485635 0.848447 -0.354510 0.770898 -0.529188 -0.911058 -0.412159 0.009914
45.896988 -63.658794 -2752.508973 10929.859558 -0.297307 0.420456 0.857219 -0.382260 0.770303 -0.510403 -0.874921 -0.479427 -0.068293
2.823503 -35.991522 503.943667 1232.368126 -0.012775 0.999332 -0.034249 0.518622 0.035906 0.854249 -0.854908 0.006849 0.518734
1.158093 -36.872850 648.507024 1402.786367 0.023487 0.999679 0.009513 0.508368 -0.020136 0.860904 -0.860819 0.015384 0.508678
1.061975 -31.831806 -16.740966 2726.657401 0.002023 0.999925 -0.012048 0.567326 0.008773 0.823447 -0.823491 0.008501 0.567266
2.197340 -28.721515 607.999458 3767.791915 -0.017121 0.998691 -0.048189 0.583945 0.049110 0.810306 -0.811612 0.014266 0.584022
-10.447059 -38.990151 -3751.000429 -2499.792679 0.998402 0.040173 0.039746 -0.056207 0.778885 0.624643 0.005864 0.625878 -0.779899
-11.870869 -42.157088 -4294.110289 -3098.418418 0.986923 0.126376 0.100060 -0.160743 0.725272 0.669434 -0.012030 0.676764 -0.736102
-18.318053 -42.638549 -2717.897924 -2407.117852 0.999427 -0.033554 -0.004335 0.027306 0.724292 0.688952 0.019977 0.688676 -0.724794
-19.706939 -45.239341 -3764.269790 -1908.957245 0.993389 0.080000 0.082330 -0.114716 0.664918 0.738054 -0.004302 0.742620 -0.669700
-24.476955 -44.029787 -1092.388522 -497.179830 0.995647 -0.088562 -0.029054 0.079298 0.641064 0.763380 0.048980 0.762360 -0.645296
10.762315 -48.906493 6155.037528 -88.342463 -0.371759 0.696681 0.613539 -0.795817 -0.579463 0.175781 -0.477986 0.422917 -0.769851
22.522607 -49.475864 6327.115487 -79.764077 -0.379521 0.710752 0.592279 -0.788176 -0.583632 0.195327 -0.484502 0.392689 -0.781699
13.301836 -48.431595 6662.576581 876.155128 -0.377722 0.690800 0.616540 0.842485 0.532648 -0.080657 -0.384116 0.488960 -0.783181
12.340955 -48.051326 6035.247347 853.693745 -0.362202 0.709069 0.605005 -0.735207 -0.616317 0.282177 -0.572958 0.342599 -0.744544
-0.716892 -47.791553 6219.230840 326.204636 -0.373776 0.684211 0.626216 0.840388 0.535515 -0.083499 -0.392479 0.495055 -0.775165
-1.264360 -48.489429 5548.466515 457.400741 -0.367825 0.696908 0.615649 -0.785706 -0.587033 0.195088 -0.497364 0.411961 -0.763490
0.589328 -53.470544 1781.280200 -54.944285 -0.510369 0.858325 0.052937 0.660708 0.430777 -0.614733 0.550444 0.278764 0.786957
-6.034561 -56.119182 -253.561654 213.617356 -0.524352 0.843342 0.117601 0.600497 0.464159 -0.651122 0.603704 0.270798 0.749807
18.022178 -52.123685 6163.563971 1451.617249 -0.479732 0.876078 -0.048411 0.577882 0.273962 -0.768763 0.660234 0.396776 0.637699
167.908156 -53.034954 40043.414532 1747.492558 -0.448276 0.886120 -0.117641 0.661368 0.240244 -0.710546 0.601366 0.396325 0.693747
330.891847 -57.279645 70990.209855 3576.643275 -0.495161 0.864599 -0.085350 0.519330 0.215796 -0.826879 0.696500 0.453763 0.555866
45.691495 -47.815558 11827.089446 1513.305441 -0.482307 0.869169 -0.109197 0.470583 0.151932 -0.869177 0.738872 0.470597 0.482294
4.547178 -89.130063 248.785576 -1800.736906 -0.660294 0.748795 -0.057603 -0.141420 -0.048642 0.988754 -0.737572 -0.661014 -0.138013
2.565722 -95.279348 1531.365896 -3662.304071 -0.637824 0.769039 -0.041950 -0.127273 -0.051526 0.990528 -0.759593 -0.637122 -0.130743
4.300161 -92.539765 588.494767 -223.068680 -0.658528 0.752273 -0.020637 0.075063 0.092945 0.992838 -0.748803 -0.652262 0.117675
4.175197 -87.019069 -475.949225 -142.121121 -0.683367 0.729669 -0.024362 0.046434 0.076741 0.995969 -0.728597 -0.679481 0.086324
3.355725 -85.751273 -541.936775 -359.219051 -0.683039 0.728406 -0.053686 -0.150324 -0.068269 0.986277 -0.714745 -0.681736 -0.156127
1.124844 -153.459328 470.994823 7098.577850 -0.401993 0.913630 0.060679 0.483836 0.268212 -0.833046 0.777371 0.305520 0.549866
0.518398 -146.469098 452.208987 648.343849 -0.379089 0.925356 0.002829 0.349893 0.146169 -0.925316 0.856660 0.349787 0.379186
2.709612 -129.932299 609.873383 6690.868734 -0.393532 0.917165 0.062772 0.441013 0.248257 -0.862482 0.806623 0.311731 0.502179
19.658571 -24.907233 11098.834595 4523.911980 0.213388 0.896779 0.387626 0.559326 -0.437445 0.704128 -0.801012 -0.066557 0.594937
0.047182 -16.987764 1863.180716 5856.639857 0.129799 0.932559 0.336878 0.620424 -0.341410 0.706055 -0.773450 -0.117362 0.622897
19.853459 -18.577540 14379.459166 10642.536306 0.143557 0.946669 0.288459 0.673668 -0.306999 0.672252 -0.724957 -0.097820 0.681813
51.159722 -27.926257 22859.580927 7017.057088 0.161783 0.916214 0.366577 0.600040 -0.386243 0.700549 -0.783440 -0.106624 0.612253
-6.254996 -89.929916 -1120.527141 -7604.803352 0.969604 0.244177 -0.015668 0.080013 -0.376936 -0.922777 0.231226 -0.893475 0.385016
-3.789439 -86.038603 99.646160 -4379.907395 0.966176 0.257879 0.001554 0.125371 -0.464433 -0.876689 0.225358 -0.847231 0.481054
-3.815849 -94.047141 -260.182234 -3613.428021 0.970768 0.238896 -0.023193 0.061215 -0.339864 -0.938480 0.232081 -0.909627 0.344553
-0.524831 -112.150830 -5130.452866 1502.950297 -0.428192 0.872134 0.236716 0.536661 0.456158 -0.709869 0.727081 0.176924 0.663364
0.271453 -117.530212 -4178.367529 4606.369649 -0.471324 0.844271 0.255069 0.639206 0.526262 -0.560771 0.607676 0.101263 0.787703
11.298313 -109.656331 -3881.708125 5086.807724 -0.497136 0.827932 0.259584 0.483958 0.512899 -0.709027 0.720167 0.226855 0.655665
7.351357 -98.107964 -6028.904941 5965.603599 -0.429268 0.866399 0.255111 0.361518 0.423672 -0.830546 0.827668 0.264300 0.495088
-3.502146 -275.061293 1019.636949 45412.133718 0.982928 0.078571 0.166370 -0.144678 -0.228572 0.962717 -0.113670 0.970351 0.213302
17.102132 -233.343706 7032.066902 34824.841108 0.977327 0.072046 0.199103 -0.145929 -0.452151 0.879923 -0.153420 0.889027 0.431385
9.126596 -267.126788 7991.273523 36539.332853 0.980158 0.054544 0.190566 -0.179441 -0.164268 0.969957 -0.084209 0.984907 0.151222
7.449803 -61.243168 2661.507882 291.993460 0.979554 0.179507 0.090831 -0.194446 0.728940 0.656382 -0.051615 0.660623 -0.748941
4.776055 -62.437548 1747.306688 2811.141709 0.981781 0.174813 0.074474 -0.179081 0.720213 0.670241 -0.063529 0.671367 -0.738397
9.181077 -58.003632 815.658581 1575.675566 0.973335 0.208473 0.095701 -0.210443 0.645493 0.734202 -0.091287 0.734764 -0.672152
5.934963 -58.623082 -1903.816295 -412.791833 0.977089 0.199933 0.072970 -0.200141 0.746510 0.634560 -0.072397 0.634626 -0.769421
32.158435 -48.166682 4990.351902 1436.425990 0.931530 0.237664 0.275259 -0.318748 0.897978 0.303374 0.175076 0.370340 -0.912248
42.428391 -44.582603 5204.395525 15508.673891 0.951681 0.196216 0.236225 -0.263841 0.916060 0.302029 0.157133 0.349761 -0.923567
43.676057 -63.385624 17885.012828 28265.708048 0.926219 0.173443 0.334718 -0.282368 0.907446 0.311142 0.249773 0.382699 -0.889469
368.882168 -604.595006 -47827.829252 418565.776715 -0.034927 0.199030 -0.979371 0.918071 -0.380810 -0.110130 -0.394873 -0.902979 -0.169423
-17.070919 -126.745395 -28514.329290 7567.636804 0.375941 0.210126 -0.902505 0.900303 -0.313392 0.302058 -0.219368 -0.926084 -0.306995
-80.901829 -749.803872 -53473.106301 -86222.897587 0.660723 0.184524 -0.727596 0.679809 -0.558112 0.475785 -0.318286 -0.808988 -0.494198
657.855390 -1354.487162 85059.060202 1028716.696258 0.044132 0.379105 -0.924301 0.776928 -0.594655 -0.206804 -0.628041 -0.708988 -0.320781
73.919070 -258.298239 -9419.160111 78900.083356 0.926158 0.371537 0.064743 0.255983 -0.493234 -0.831380 0.276955 -0.786562 0.551920
66.216494 -379.136994 -6891.918995 127791.891183 0.876173 0.479192 0.051917 0.379725 -0.619907 -0.686676 0.296866 -0.621361 0.725108
73.491547 -270.401482 12939.419200 75019.496394 0.872399 0.488384 -0.020038 0.257821 -0.494599 -0.830000 0.415269 -0.718925 0.557403
-54.708246 -4045.522854 33384.319024 1385025.902278 0.839029 0.457216 0.294931 0.014517 0.523060 -0.852172 0.543893 -0.719279 -0.432225
-153.274743 -12362.960834 87880.581102 14685307.693065 0.792656 0.511407 0.331902 0.122065 0.400251 -0.908240 0.597324 -0.760436 -0.254836
-219.119563 -3133.880721 121498.701402 11259830.092106 0.795638 0.547815 0.258572 -0.593694 0.789982 0.153153 0.120367 0.275367 -0.953774
-74.775948 -14976.851881 6740.813905 -7392651.456602 0.807024 0.501816 0.311276 0.583311 -0.759535 -0.287845 -0.091980 -0.413869 0.905678
31.178541 5.005653 6943.019525 -15697.048936 -0.204124 0.650319 0.731723 -0.351987 0.648717 -0.674738 0.913476 0.395287 -0.096485
50.497952 22.874959 -17421.210233 -7703.084740 -0.071235 -0.220358 -0.972815 -0.346164 0.920137 -0.183077 0.935466 0.323712 -0.141826
59.657269 25.805307 -25893.399132 -1057.344023 -0.121113 0.000917 -0.992638 -0.386361 0.921098 0.047991 0.914361 0.389329 -0.111202
8.959949 -35.798833 5907.571130 1926.266446 -0.434664 0.825005 0.361156 -0.353374 -0.525098 0.774208 -0.828368 -0.208898 -0.519777
24.606757 -34.444373 6191.853971 1363.321887 -0.505674 0.771714 0.385683 -0.328172 -0.585507 0.741272 -0.797870 -0.248272 -0.549330
11.399223 -39.856034 6366.104369 1464.853501 -0.439154 0.819367 0.368485 -0.429643 -0.551747 0.714830 -0.789019 -0.155604 -0.594337
-15.807756 -41.925304 543.228392 1164.630139 0.042512 0.872488 0.486783 -0.642687 0.396919 -0.655293 0.764949 0.284991 -0.577610
-17.733007 -45.616616 2898.807627 1420.422167 0.105375 0.842291 0.528622 -0.595239 0.479258 -0.644982 0.796609 0.246692 -0.551867
-16.684694 -41.568048 2269.922957 1232.836219 0.011652 0.899525 0.436713 -0.725715 0.308062 -0.615172 0.687897 0.309761 -0.656388
-14.148654 -38.162159 -364.319672 702.457923 -0.066704 0.922563 0.380036 -0.744772 0.207425 -0.634262 0.663976 0.325348 -0.673264
-14.859679 -38.789653 -1858.608458 787.916951 -0.030543 0.905008 0.424297 -0.675126 0.294350 -0.676434 0.737070 0.307114 -0.602004
-9.868742 -41.811937 -401.998678 -556.237197 -0.321874 0.946414 -0.026409 -0.548293 -0.163589 0.820130 -0.771862 -0.278458 -0.571568
-8.635347 -42.854160 -773.914040 93.781245 -0.342566 0.938401 0.045311 -0.488221 -0.219017 0.844791 -0.802676 -0.267275 -0.533174
-12.418724 -41.385959 -941.764928 910.956331 -0.386880 0.920720 0.050981 -0.588550 -0.289109 0.755000 -0.709882 -0.262089 -0.653740
-5.963972 -41.496615 301.885552 -658.680015 -0.305917 0.951897 0.017535 -0.409249 -0.148108 0.900322 -0.859610 -0.268247 -0.434872
-11.678117 -39.585097 -493.134243 671.117307 -0.368611 0.929582 -0.001551 -0.635269 -0.250687 0.730472 -0.678645 -0.270245 -0.682941
-9.750392 -40.194597 281.692070 -901.634200 -0.326299 0.944443 -0.039451 -0.581428 -0.167623 0.796143 -0.745299 -0.282719 -0.603821
-8.534617 -42.541762 865.046745 -1640.068678 -0.289423 0.955977 -0.048388 -0.472990 -0.098884 0.875501 -0.832175 -0.276277 -0.480787
12.254943 -35.312224 8284.173847 35096.340522 0.069592 0.997507 0.011711 0.992858 -0.068118 -0.097943 0.096901 -0.018444 0.995123
5.508231 -77.561491 6351.747717 33111.575781 -0.129466 0.991561 0.006681 0.991290 0.129261 0.025194 -0.024118 -0.009884 0.999660
-4.803223 -62.091584 6815.695890 32134.720892 -0.157715 0.987023 0.030204 0.978228 0.160342 -0.131756 0.134889 -0.008766 0.990822
5.130303 -24.378632 10916.379927 26289.644796 0.065529 0.997786 -0.011374 0.982332 -0.066508 -0.174932 0.175301 -0.000290 0.984515
-5.142255 -45.657306 1237.359648 12663.561833 -0.404096 0.911734 0.073811 0.906344 0.409984 -0.102243 0.123480 -0.025583 0.992017
-16.385423 -80.784351 -2517.901382 24046.528644 0.297719 -0.949800 -0.096140 0.954147 0.299328 -0.002431 0.031086 -0.091008 0.995365
20.376719 -108.219980 -459.547816 -12851.797159 -0.129155 0.965161 0.227559 0.984122 0.096583 0.148914 0.121748 0.243179 -0.962310
8.013580 -124.771320 2517.583642 17711.165817 -0.254095 0.944572 0.207893 -0.906183 -0.157380 -0.392510 0.338036 0.288123 -0.895944
18.932309 -99.639355 -4218.348413 -14025.922200 -0.098486 0.969667 0.223711 0.968736 0.041979 0.244517 0.227709 0.240799 -0.943485
45.780036 -82.070640 -9370.938066 13.861803 0.145763 0.942479 0.300810 0.988329 -0.152328 -0.001648 0.044268 0.297539 -0.953683
19.341168 -82.430775 -8627.924341 9974.939468 -0.095436 0.975022 0.200561 -0.930735 -0.015950 -0.365347 0.353022 0.221536 -0.909009
38.503561 -67.860776 -9136.371858 -148.276514 0.162816 0.926213 0.340030 0.968648 -0.215596 0.123451 0.187651 0.309270 -0.932276
-7.134394 -257.767934 7769.378027 82919.774006 0.889047 0.307267 0.339386 0.409572 -0.202573 -0.889503 0.204564 -0.929813 0.305945
7.084053 -236.022302 2381.293385 49964.029051 0.891197 0.244649 0.381989 0.452027 -0.408522 -0.792957 0.037945 -0.879350 0.474661
-7.213792 -286.269422 6579.115739 33134.037708 0.901548 0.285434 0.325176 0.432445 -0.569661 -0.698912 0.014253 -0.770723 0.637011
-0.884427 -82.228193 -1064.178753 656.082500 -0.705995 0.707966 -0.018856 0.002527 0.029143 0.999572 -0.708213 -0.705645 0.022364
-3.253032 -81.354486 -564.561004 825.620396 -0.695148 0.718659 -0.017264 -0.019852 0.004815 0.999791 -0.718593 -0.695346 -0.010920
-1.339451 -83.513208 958.445687 -860.550077 0.703823 -0.709232 0.040286 0.180347 0.123543 -0.975813 -0.687101 -0.694065 -0.214861
-1.472919 -80.547970 646.244837 939.773229 0.695009 -0.717171 0.051265 0.360537 0.285931 -0.887838 -0.622074 -0.635538 -0.457292
0.336056 -81.757907 753.266118 196.062372 0.696449 -0.715522 0.054651 0.333731 0.255531 -0.907374 -0.635281 -0.650179 -0.416756
-52.175684 -79.356760 265.906148 3922.992314 -0.010550 0.997100 0.075361 0.901931 0.042030 -0.429829 0.431750 -0.063436 0.899760
-44.553187 -75.572786 -1462.164637 6460.551311 0.171977 0.977534 -0.121867 0.851733 -0.209709 -0.480181 0.494950 0.021218 0.868662
255.413208 -108.172305 70292.827567 -12232.285904 0.519128 -0.632088 -0.575301 0.399564 0.774503 -0.490401 0.755549 0.024711 0.654626
227.408037 -120.110022 32796.080441 -8439.956897 0.631611 -0.656413 -0.412541 0.300129 0.697645 -0.650550 0.714836 0.287079 0.637648
203.899845 -110.409495 67706.679224 3848.544750 0.294184 -0.690043 -0.661284 0.275414 0.723757 -0.632710 0.915207 0.004006 0.402965
238.931358 -110.080796 10933.697525 -14027.618859 0.806979 -0.543495 -0.231082 0.381118 0.778146 -0.499237 0.451148 0.314804 0.835083
132.338940 -102.805875 42627.847788 1326.253464 0.279080 -0.668072 -0.689778 0.444950 0.726518 -0.523633 0.850961 -0.160781 0.500016
240.978909 -96.092890 35616.572310 -9739.912986 0.763515 -0.574695 -0.294568 0.458002 0.803455 -0.380387 0.455279 0.155518 0.876661
245.678599 -98.467898 76415.849728 -2320.959593 0.569570 -0.598103 -0.563792 0.448594 0.800962 -0.396515 0.688733 -0.027070 0.724509
178.831960 -107.924408 67993.816242 -2355.815132 0.375319 -0.631358 -0.678618 0.471424 0.760398 -0.446715 0.798057 -0.152256 0.583029
-38.770592 -46.877286 -1036.640689 1243.828623 0.393627 0.849462 0.351386 -0.074260 0.410378 -0.908887 0.916266 -0.331669 -0.224617
-41.338114 -48.098971 -889.021680 -428.399281 0.384822 0.922957 0.007899 -0.275808 0.123155 -0.953290 0.880819 -0.364668 -0.301952
-39.256822 -51.593337 -59.143158 -3804.031624 0.239651 0.936275 -0.256820 -0.437136 -0.132137 -0.889636 0.866879 -0.325467 -0.377613
40.217742 -31.076331 -13255.983303 3155.256846 0.148870 -0.900237 -0.409159 0.961333 0.034812 0.273181 -0.231684 -0.434006 0.870610
10.989617 -41.778874 9692.279804 -585.817870 -0.017698 0.959017 0.282796 0.603226 0.235806 -0.761915 0.797374 -0.157105 0.582677
20.921502 -40.391983 9671.595692 -396.402474 -0.018130 0.955976 0.292885 0.675048 0.227792 -0.701727 0.737551 -0.184989 0.649460
0.714804 -43.909690 9279.392127 -1511.604938 -0.007843 0.965296 0.261041 0.535782 0.224472 -0.813972 0.844320 -0.133477 0.518948
10.484451 -43.768304 3288.645425 -1129.953034 -0.035370 0.934269 0.354809 0.551741 0.314276 -0.772536 0.833265 -0.168438 0.526591
22.174498 -42.642009 1803.202362 -34.794387 -0.032444 0.926876 0.373963 0.620406 0.312026 -0.719539 0.783610 -0.208664 0.585163
-14.997297 -24.887195 -2065.774050 2112.321078 0.794336 -0.496247 0.350385 0.323320 0.833665 0.447734 -0.514290 -0.242365 0.822657
-11.559478 -32.123815 1943.017522 6073.606490 0.875580 -0.131746 0.464760 0.000304 0.962242 0.272194 -0.483072 -0.238186 0.842561
-11.401987 -46.320308 2066.215833 9480.409846 0.862087 0.035968 0.505482 -0.172420 0.958785 0.225836 -0.476525 -0.281846 0.832758
2.193742 -54.362024 685.209544 54.796131 0.445077 0.817736 -0.364987 -0.676114 0.574115 0.461803 -0.587177 -0.041235 -0.808408
2.885562 -60.344047 469.213811 816.728819 0.466934 0.803691 -0.368855 -0.749023 0.581175 0.318120 -0.470039 -0.127740 -0.873353
4.274118 -64.231144 379.504970 2066.931913 0.504135 0.774070 -0.382968 -0.783224 0.596631 0.174905 -0.363879 -0.211774 -0.907052
67.654907 -62.528810 -7352.810209 5910.161482 0.278187 0.927339 -0.250308 -0.723243 0.030740 -0.689909 0.632085 -0.372957 -0.679243
657.287056 -33.009196 150422.269386 20134.695756 -0.460654 0.259375 -0.848836 0.867052 -0.072987 -0.492842 -0.189785 -0.963015 -0.191270
-7.652365 -101.315507 -485.469361 -545.714129 0.327622 0.928331 0.175683 -0.147430 0.233899 -0.961018 0.933235 -0.288950 -0.213494
-5.731808 -105.326956 -178.831610 233.954491 0.340869 0.918511 0.200362 0.064298 0.189850 -0.979706 0.937909 -0.346834 -0.005656
-6.335178 -99.498891 -381.575490 1344.571778 0.322200 0.918128 0.230711 0.250503 0.152333 -0.956056 0.912927 -0.365835 0.180912
19.321823 -130.248314 11373.373025 -8769.979756 -0.189477 0.923781 -0.332757 -0.372699 0.245868 0.894787 -0.908402 -0.293560 -0.297705
22.017285 -139.232926 11138.395387 8486.372296 -0.191776 0.911634 -0.363519 -0.138035 0.341658 0.929632 -0.971683 -0.228460 -0.060315
43.263867 -132.190735 14711.446235 -6656.298688 -0.233224 0.891605 -0.388132 -0.381630 0.283195 0.879863 -0.894408 -0.353328 -0.274215
29.194517 -116.279009 12349.781852 -23322.398791 -0.215274 0.924826 -0.313613 -0.586239 0.134452 0.798903 -0.781013 -0.355835 -0.513225
8.517424 -119.197813 4196.252582 -22392.354781 -0.237700 0.919310 -0.313636 -0.530677 0.147534 0.834635 -0.813560 -0.364832 -0.452788
24.820298 -190.149974 8202.788937 -19996.496146 0.351592 -0.808268 0.472319 0.935922 0.292277 -0.196529 0.020800 0.511152 0.859239
23.973816 -160.068636 8139.488770 -21647.694911 0.391884 -0.797852 0.458104 0.898439 0.439082 -0.003844 -0.198078 0.413085 0.888890
12.515124 -194.965524 448.410027 -5461.556069 0.317408 -0.803951 0.502906 0.901283 0.090859 -0.423595 0.294857 0.587714 0.753427
31.872485 -165.133713 15042.899126 -22272.327862 0.402370 -0.792807 0.457772 0.893103 0.449813 -0.005992 -0.201162 0.411249 0.889049
33.582226 -193.978128 16795.722228 -20378.670385 0.358769 -0.807445 0.468313 0.933383 0.315192 -0.171612 -0.009042 0.498684 0.866737
24.591436 -207.238136 5779.976356 -14762.992821 0.307891 -0.804315 0.508213 0.918369 0.111672 -0.379640 0.248597 0.583615 0.773041
-4.664379 -11.396361 -82.116558 1679.812768 -0.021944 0.340804 0.939878 0.732805 -0.634022 0.247008 0.680085 0.694168 -0.235830
-3.684337 -9.231246 -1781.370498 754.135061 -0.119983 0.451151 0.884345 0.730756 -0.562837 0.386277 0.672011 0.692588 -0.262151
-5.829612 -11.277429 3.218477 984.064067 0.220599 0.146758 0.964260 0.735744 -0.674062 -0.065729 0.640325 0.723949 -0.256674
25.736101 -285.108086 32832.670806 -58746.903470 -0.339041 0.931395 -0.132492 0.940680 0.333657 -0.061601 -0.013168 -0.145518 -0.989268
23.684907 -217.865809 56036.411282 89235.777252 -0.286706 0.950131 -0.122682 -0.924337 -0.240691 0.296090 -0.251796 -0.198290 -0.947249
-6.202073 -2903.071618 -56499.103466 803271.764174 0.028886 0.804465 -0.593298 -0.230649 0.582892 0.779126 -0.972608 -0.114338 -0.202387
-102.410006 -2287.582951 -105664.342404 -777184.648965 -0.170375 0.878196 -0.446927 -0.145299 0.426211 0.892879 -0.974608 -0.217062 -0.054985
-166.317439 -2341.294966 -106330.033845 -473176.112645 -0.051315 0.742047 -0.668381 -0.701006 0.449915 0.553323 -0.711306 -0.496933 -0.497092
249.747215 -1264.390582 97532.696255 175364.014057 -0.207766 0.958217 -0.196606 0.069355 0.214916 0.974167 -0.975717 -0.188764 0.111109
19995.879695 -138307.491892 10266714.290030 -139455839.627319 -0.588675 0.807876 -0.028249 0.219453 0.193346 0.956273 -0.778012 -0.556735 0.291109
-16.524719 -50.931070 522.585520 -3024.123452 0.709867 -0.518625 0.476568 -0.495171 0.113710 0.861322 0.500894 0.847407 0.176089
-13.397665 -59.819663 970.445562 6058.598762 0.624558 -0.525742 0.577513 0.639698 -0.079818 -0.764471 0.448011 0.846891 0.286465
-15.928747 -47.433414 146.982149 -3428.242915 0.682361 -0.543914 0.488406 -0.506974 0.129228 0.852219 0.526650 0.829130 0.187570
-16.603716 -43.024651 57.485822 -1838.941542 0.767269 -0.547989 0.333177 -0.319600 0.123693 0.939445 0.556017 0.827290 0.080232
