10638
21255
-50.423943 -74.811364 183.451636 5741.722187 0.316586 0.947461 0.045727 0.868627 -0.270201 -0.415305 0.381130 -0.171200 0.908532
-40.650819 -71.241880 -2581.423188 9831.669874 0.215073 0.955880 0.200092 0.852210 -0.083635 -0.516472 0.476950 -0.281600 0.832598
-43.520057 -61.881584 -15.324166 6998.318218 0.518790 0.849124 -0.099218 0.680921 -0.480594 -0.552608 0.516917 -0.219128 0.827514
-36.762691 -52.079375 -2520.737643 6604.215116 0.417645 0.906826 0.056924 0.706455 -0.284687 -0.647978 0.571397 -0.310839 0.759529
-47.196243 -69.193696 463.125415 5576.276063 0.564253 0.797977 -0.211782 0.680642 -0.594800 -0.427715 0.467274 -0.097192 0.878754
-39.686325 -55.890238 473.102603 -4418.920807 0.703399 0.596115 -0.387138 -0.395727 0.780866 0.483373 0.590449 -0.186803 0.785159
-45.262383 -61.993872 1008.542802 -3151.099936 -0.031206 -0.190961 -0.981101 0.130876 0.972348 -0.193420 0.990907 -0.134439 -0.005351
-45.855140 -63.418423 638.800202 -2907.707317 0.084878 -0.172091 -0.981418 0.087338 0.982466 -0.164721 0.992556 -0.071734 0.098419
-45.714200 -55.933967 502.036543 -3904.748998 0.072672 -0.185366 -0.979979 0.248253 0.955013 -0.162234 0.965965 -0.231493 0.115421
-45.775741 -65.159309 1222.263536 -196.716549 -0.032589 -0.221734 -0.974563 -0.075353 0.972850 -0.218824 0.996624 0.066304 -0.048413
26.359988 -46.170537 -3891.426928 -877.091429 0.598820 -0.764571 0.238423 0.800884 0.571653 -0.178320 0.000043 0.297730 0.954650
23.714289 -47.254145 -5102.638181 48.315469 0.607721 -0.748617 0.265042 0.786971 0.522922 -0.327460 0.106546 0.407584 0.906931
29.381837 -47.258486 563.619511 -279.892698 0.601661 -0.787842 0.131562 0.786503 0.555609 -0.269651 0.139345 0.265713 0.953929
27.554619 -48.111784 -988.881263 139.572283 0.611890 -0.769902 0.181224 0.759670 0.508271 -0.405663 0.220210 0.385892 0.895877
5.171949 -44.309168 -3180.689188 1757.624988 -0.169282 0.983255 -0.067482 0.889470 0.122927 -0.440150 0.424484 0.134533 0.895385
7.813365 -42.898387 -577.806201 1210.547067 -0.105667 0.981709 -0.158372 0.900240 0.026793 -0.434568 0.422376 0.188492 0.886605
4.066131 -39.347019 -2034.099887 1528.385090 -0.159573 0.982612 -0.094919 0.840142 0.084687 -0.535714 0.518361 0.165231 0.839047
-0.914421 -39.629489 -2699.135828 1353.568341 -0.236145 0.971158 -0.032993 0.813725 0.179077 -0.552976 0.531119 0.157430 0.832543
0.253468 -34.519823 -97.650768 1275.373678 -0.135605 0.981954 -0.131822 0.788644 0.026446 -0.614282 0.599710 0.187260 0.777998
-2.015133 -35.848913 -1634.499441 1004.965196 -0.209608 0.976588 -0.048376 0.778753 0.136819 -0.612229 0.591277 0.166001 0.789199
-12.017096 -63.644989 -1926.207654 1567.848232 0.418195 0.887201 -0.194904 0.738437 -0.207095 0.641734 -0.528983 0.412294 0.741748
-11.127680 -67.578416 -1699.101618 -252.259690 0.398406 0.891057 -0.217465 0.617450 -0.085227 0.781980 -0.678254 0.445819 0.584137
-9.725797 -68.131861 -1288.283346 826.111952 0.405113 0.895183 -0.185826 0.690949 -0.166667 0.703428 -0.598726 0.413365 0.686045
-10.462859 -63.187999 -960.571653 2573.856237 0.437433 0.882031 -0.175140 0.805179 -0.297448 0.513041 -0.400423 0.365440 0.840306
-12.788748 -59.443533 1283.018859 3315.388889 -0.453718 -0.868427 0.199937 0.815786 -0.314464 0.485392 -0.358655 0.383337 0.851129
-3.049431 -64.623982 -197.896667 -1043.462273 0.623175 0.706374 -0.335692 -0.083951 -0.366330 -0.926690 0.777564 -0.605672 0.168987
-2.464744 -63.916204 -170.956794 -157.206171 0.625498 0.720034 -0.300507 0.072454 -0.437094 -0.896493 0.776855 -0.538981 0.325571
-2.518863 -66.493364 47.260698 46.769828 0.621138 0.710890 -0.329883 -0.016645 -0.408868 -0.912442 0.783524 -0.572244 0.242131
-1.957156 -66.040757 -557.721988 108.623201 0.627726 0.691957 -0.356590 -0.201213 -0.298286 -0.933027 0.751980 -0.657436 0.048011
-3.547993 -65.603940 -361.682540 -1154.462346 0.623261 0.691265 -0.365648 -0.263101 -0.254959 -0.930470 0.736426 -0.676128 -0.022966
16.386343 -102.150580 4984.222052 2725.584550 0.015329 0.936806 0.349514 0.988256 0.038956 -0.147756 -0.152035 0.347675 -0.925207
32.072751 -96.718614 6284.141596 1720.144580 -0.009671 0.956562 0.291367 0.998931 0.022413 -0.040428 -0.045203 0.290665 -0.955757
16.983499 -94.414755 5583.467653 1755.098211 -0.024660 0.940718 0.338292 0.995888 -0.006389 0.090363 0.087168 0.339130 -0.936692
375.786104 -46.551428 124078.802057 -3189.696220 0.668070 0.622269 -0.408000 -0.049816 0.584487 0.809872 -0.742429 0.520727 -0.421477
537.480893 -37.112213 144274.038507 -581.330156 0.206440 0.731878 -0.649413 -0.011331 0.665454 0.746353 -0.978394 0.146719 -0.145669
950.834411 -62.925642 -308732.227598 5529.227838 -0.289586 -0.694395 0.658753 -0.081567 0.703643 0.705857 -0.953670 0.150674 -0.260404
369.635728 -46.811076 122230.696626 -597.723109 0.699973 0.648808 -0.298473 -0.159926 0.549718 0.819899 -0.696033 0.526173 -0.488548
1.154482 -160.423410 -440.672316 -4080.000234 -0.339210 -0.023211 -0.940424 0.937923 0.068564 -0.339999 0.072371 -0.997377 -0.001488
1.444052 -150.925498 -799.608649 -5161.786614 -0.344824 -0.023079 -0.938383 0.908559 -0.259370 -0.327486 -0.235831 -0.965502 0.110406
-1.605239 -173.189291 -1954.628184 -9477.467181 -0.338397 -0.055049 -0.939392 0.938215 -0.096531 -0.332317 -0.072387 -0.993806 0.084314
-10.161152 -100.501370 -620.999689 356.707418 0.292571 0.940134 0.174789 0.100525 0.151535 -0.983327 0.950945 -0.305264 0.050172
-8.565338 -102.485730 -128.156068 912.989128 0.311515 0.935009 0.169462 0.048489 0.162462 -0.985523 0.949003 -0.315222 -0.005272
-10.208246 -102.616438 -84.254755 -1087.321718 0.289954 0.946687 0.140394 -0.140819 0.187301 -0.972157 0.946624 -0.262111 -0.187620
-8.003077 -101.024219 -564.953591 567.227667 0.314119 0.928438 0.198322 0.306109 0.098693 -0.946867 0.898680 -0.358138 0.253202
-11.717513 -99.483361 -1056.679675 -897.806537 0.286404 0.944412 0.161427 -0.125595 0.204038 -0.970873 0.949841 -0.257788 -0.177050
-11.681506 -94.669669 -734.770056 -1117.838871 0.260210 0.949191 0.176994 0.079612 0.161593 -0.983641 0.962264 -0.270044 0.033519
-10.479200 -93.288028 -538.693709 744.346008 0.259337 0.947823 0.185409 0.251779 0.118988 -0.960442 0.932390 -0.295760 0.207784
-9.452472 -97.354457 -146.564591 376.404136 0.266785 0.943364 0.197206 0.345056 0.097562 -0.933498 0.899868 -0.317090 0.299485
-12.648310 -345.521509 -1072.830317 74301.110621 -0.558657 -0.205302 -0.803588 0.597006 0.573035 -0.561440 0.575749 -0.793399 -0.197564
-10.258612 -211.185858 -17.820173 27783.557215 -0.532542 -0.168221 -0.829518 0.413978 0.803058 -0.428625 0.738256 -0.571663 -0.358022
-11.581399 -231.569954 -404.913303 28308.775775 -0.494649 -0.175701 -0.851147 0.449153 0.786744 -0.423434 0.744032 -0.591746 -0.310245
-12.434440 -382.145009 -2499.875495 80850.007840 -0.504502 -0.204359 -0.838877 0.620097 0.590311 -0.516733 0.600797 -0.780878 -0.171091
-7.336058 -238.358738 2063.587939 31348.823135 -0.569560 -0.139653 -0.809999 0.582666 0.626472 -0.517719 0.579743 -0.766831 -0.275442
10.251115 -41.759486 -270.891954 1306.162320 0.626296 0.374644 0.683663 -0.085112 0.904575 -0.417733 -0.774925 0.203437 0.598418
11.615115 -40.205470 -3033.062146 1135.386492 0.597175 0.274442 0.753700 0.090958 0.910415 -0.403573 -0.796937 0.309559 0.518714
13.928142 -34.903855 256.043711 1406.615272 0.637252 0.260945 0.725133 0.065700 0.919109 -0.388486 -0.767850 0.295204 0.568560
17.611096 -31.924160 -1517.651349 1161.895632 0.602848 0.126789 0.787718 0.239523 0.912992 -0.330263 -0.761054 0.387775 0.520026
16.228028 -26.549788 296.481884 880.145611 0.636398 0.109657 0.763526 0.197202 0.933820 -0.298482 -0.745727 0.340522 0.572657
31.934212 -1148.589987 12205.565181 388059.059149 -0.602167 0.555282 -0.573635 -0.158878 0.620790 0.767709 0.782402 0.553427 -0.285597
70.434599 -543.518051 17459.414120 221147.313753 0.642507 -0.654225 0.398967 -0.369700 0.191396 0.909225 0.671198 0.731681 0.118894
-75.922732 -3588.170680 11387.539082 1488778.611490 -0.589550 0.202871 -0.781840 0.385574 0.921227 -0.051705 0.709763 -0.331940 -0.621332
-9.678117 -32.197330 1863.035198 -2575.024071 -0.677791 0.512784 -0.526927 -0.172549 0.585711 0.791940 0.714721 0.627691 -0.308510
-13.285398 -37.801655 1675.275266 2248.888411 -0.652129 0.525037 -0.546867 0.259974 -0.522738 -0.811886 0.712139 0.671625 -0.204396
-18.715470 -30.486435 2329.293900 1696.652311 -0.654609 0.586219 -0.477319 0.139727 -0.526698 -0.838490 0.742942 0.615578 -0.262870
-11.169706 -25.739017 2355.487238 2145.466871 -0.690453 0.581188 -0.430691 0.041291 -0.562753 -0.825593 0.722198 0.587817 -0.364557
46.224345 -133.050607 7207.467577 -5577.123480 -0.089529 0.671489 0.735586 0.659889 -0.513197 0.548794 -0.746010 -0.534539 0.397162
43.034485 -141.417690 -1214.566859 9318.539920 -0.182669 0.523015 0.832519 -0.656485 0.565459 -0.499284 -0.731888 -0.637740 0.240059
42.137525 -136.475994 376.740151 22997.786207 -0.153129 0.564269 0.811265 -0.359711 0.732801 -0.577591 -0.920413 -0.380267 0.090761
33.548505 -135.596329 6778.647043 27512.905736 -0.047388 0.667385 0.743204 -0.348406 0.686269 -0.638473 -0.936145 -0.289193 0.200000
24.021354 -128.539123 5313.843872 -15345.100160 -0.063229 0.722489 0.688485 0.465934 -0.588697 0.660562 -0.882558 -0.362555 0.299409
15.308970 -29.442445 8113.843659 -2143.155802 0.785371 -0.588485 0.192033 0.370692 0.695550 0.615466 -0.495761 -0.412184 0.764412
-5.017260 -40.156460 367.048930 -498.583244 0.833096 -0.408294 0.373159 0.245744 0.877607 0.411602 -0.495542 -0.251202 0.831466
-2.457007 -37.916044 57.285999 1171.349008 0.846072 -0.298009 0.441988 0.115100 0.911708 0.394386 -0.520495 -0.282806 0.805671
-3.410246 -40.351200 -8.379636 300.077332 0.846834 -0.143678 0.512082 -0.080774 0.916908 0.390839 -0.525687 -0.372339 0.764864
4.199838 -32.157679 2634.578739 -2790.381707 0.861474 -0.344539 0.373035 0.100866 0.836071 0.539269 -0.497683 -0.426940 0.755006
-1.534953 -62.954506 458.783338 -1819.165325 0.368380 0.900095 -0.232650 0.084128 0.216947 0.972552 -0.925861 0.377841 -0.004196
-1.715353 -68.549238 -327.141926 -2241.774342 0.355105 0.914562 -0.193587 0.218105 0.120314 0.968481 -0.909027 0.386135 0.156746
-2.006554 -63.954733 66.034832 -2540.369364 0.365150 0.902232 -0.229443 0.147768 0.187165 0.971151 -0.919146 0.388520 0.064978
-35.240890 -110.500296 7244.675190 -25008.297401 0.291422 0.875281 0.385949 0.483876 -0.482919 0.729831 -0.825189 0.025937 0.564261
-16.864804 -136.051000 629.655382 -32831.977699 0.353067 0.846118 0.399285 0.497369 -0.531212 0.685885 -0.792444 0.043572 0.608387
-27.980349 -57.944981 -2296.678765 -2493.508161 0.314271 0.871485 0.376493 0.478619 -0.487947 0.729953 -0.819852 0.049206 0.570457
-29.002042 -64.924157 -2340.340891 10570.076769 0.029439 0.999561 0.003354 0.443238 -0.016062 0.896260 -0.895921 0.024898 0.443516
-40.123656 -71.233698 3615.982371 4527.052346 0.105169 0.988256 0.110856 0.500264 -0.148918 0.852971 -0.859463 0.034249 0.510050
32.868189 -93.462731 -233.518614 14693.851784 -0.148978 0.559376 0.815416 -0.117286 0.808802 -0.576267 -0.981860 -0.181488 -0.054887
21.870833 -67.972888 -6013.847252 8554.201598 -0.283272 0.502947 0.816579 -0.072007 0.837898 -0.541057 -0.956333 -0.212066 -0.201137
23.449175 -66.685990 3268.082372 2073.955344 -0.088950 0.634027 0.768178 0.001437 0.771316 -0.636451 -0.996035 -0.055509 -0.069520
24.225944 -72.123969 6278.280966 4062.266134 -0.033730 0.650532 0.758730 -0.062717 0.756288 -0.651226 -0.997461 -0.069551 0.015290
35.642160 -51.595014 2453.617713 -6683.734807 -0.072274 0.928200 -0.364994 -0.326492 0.323771 0.888017 -0.942433 -0.183349 -0.279650
29.011998 -63.115698 2480.064458 -8479.029388 -0.000490 0.952185 -0.305523 -0.261316 0.294785 0.919138 -0.965253 -0.080289 -0.248677
31.266348 -67.492647 2832.323789 -8994.283779 -0.064104 0.943588 -0.324856 -0.176207 0.309709 0.934362 -0.982264 -0.117138 -0.146414
36.926638 -63.798460 3253.157742 -7973.596525 -0.149341 0.926930 -0.344235 -0.169935 0.318898 0.932430 -0.974074 -0.197748 -0.109893
-5.641932 -21.480549 -1592.548086 946.378739 0.079575 -0.309658 -0.947512 -0.617416 0.730939 -0.290732 0.782602 0.608144 -0.133023
-8.843824 -24.546782 -2432.815544 903.375515 0.076398 -0.319492 -0.944504 -0.583550 0.753764 -0.302173 0.808475 0.574251 -0.128853
-11.399718 -21.275752 -2032.762597 537.195222 0.183998 -0.434118 -0.881865 -0.619724 0.645156 -0.446896 0.762946 0.628741 -0.150326
-15.955325 -24.383731 -2979.180739 381.140618 0.201714 -0.478083 -0.854838 -0.584424 0.641631 -0.496748 0.785977 0.599789 -0.149977
-6.287669 -44.437290 -573.857901 -858.178309 -0.342142 0.916164 0.208763 -0.778238 -0.400792 0.483437 -0.526578 -0.002936 -0.850122
-6.075839 -46.308506 -697.562041 -1123.642281 -0.346346 0.910243 0.226940 -0.706820 -0.412263 0.574843 -0.616806 -0.038688 -0.786164
-7.601975 -45.563600 -1106.098343 -516.949550 -0.338535 0.913274 0.226549 -0.740620 -0.407132 0.534533 -0.580411 -0.013171 -0.814217
-7.914415 -44.610377 -1315.504439 -512.021363 -0.331680 0.918924 0.213466 -0.816785 -0.392947 0.422440 -0.472071 0.034240 -0.880895
-12.402466 -104.567753 -1106.815927 -2629.926236 -0.558372 0.814056 0.159795 0.812711 0.575426 -0.091578 0.166499 -0.078733 0.982893
-13.280430 -92.664242 -13.168776 -7126.016710 0.602616 -0.785697 -0.139768 0.796377 0.580799 0.168688 -0.051361 -0.212963 0.975709
-11.556036 -97.963028 1312.754461 -7530.007646 0.592285 -0.787000 -0.172713 0.805117 0.569727 0.164918 -0.031391 -0.236732 0.971068
-9.789420 -79.472448 936.827786 -9607.082120 0.630910 -0.758914 -0.161253 0.750861 0.544922 0.373186 -0.195345 -0.356526 0.913635
-6.016096 -100.559190 2711.152299 -11889.572739 0.585638 -0.777546 -0.229020 0.807454 0.534855 0.248893 -0.071033 -0.330685 0.941064
-0.894654 -149.509175 1640.225704 -3241.595322 0.407715 -0.896401 -0.173879 0.905886 0.420993 -0.046210 0.114625 -0.138674 0.983682
-2.749301 -144.965465 -1464.432666 4030.319015 -0.384908 0.910776 0.149444 0.838773 0.412746 -0.355106 0.385104 0.011334 0.922804
-5.404557 -144.201745 -1280.991996 -2722.761369 -0.398671 0.905073 0.148005 0.905915 0.413770 -0.090067 0.142757 -0.098173 0.984877
-6.517095 -136.951084 -1531.581503 8743.178559 -0.372692 0.918107 0.134834 0.772931 0.387541 -0.502384 0.513496 0.083018 0.854067
-2.971668 -141.534675 1389.022311 -9431.633264 0.427326 -0.889880 -0.159708 0.897729 0.396714 0.191575 -0.107121 -0.225239 0.968397
-5.574630 -140.064123 1151.310276 -8959.089511 0.432527 -0.889908 -0.144859 0.885224 0.388641 0.255611 -0.171172 -0.238791 0.955865
-8.988139 -129.008904 -1867.425981 -87.828045 -0.395257 0.906517 0.148324 0.876442 0.420520 -0.234546 0.274993 -0.037291 0.960723
-7.834965 -131.761142 1583.063470 -5979.485213 0.421463 -0.894710 -0.147864 0.906834 0.416647 0.063696 0.004618 -0.160933 0.986954
-13.681338 -96.089708 280.220953 -922.586325 -0.570060 0.821416 0.017548 -0.492701 -0.324685 -0.807357 0.657478 0.468888 -0.589802
-13.807755 -96.332449 495.778225 -2382.403966 -0.603914 0.796874 0.016718 -0.327676 -0.229101 -0.916592 0.726579 0.559021 -0.399473
-14.808099 -94.700557 250.802248 -1380.720053 -0.571536 0.820561 0.005133 -0.334856 -0.227513 -0.914390 0.749145 0.524325 -0.404802
-14.768679 -94.847384 -210.171981 -923.548987 -0.527638 0.849432 -0.007949 -0.285804 -0.186328 -0.939999 0.799946 0.493708 -0.341085
-14.541061 -96.722754 -813.486158 54.298924 -0.526713 0.850031 -0.004583 -0.451591 -0.284384 -0.845690 0.720166 0.443366 -0.533655
2.768838 -164.546820 -1563.596823 3015.016670 -0.683582 0.728235 -0.048888 0.156076 0.080416 -0.984466 0.712991 0.680593 0.168631
5.775136 -142.367939 -1503.734722 2321.116149 -0.698011 0.714960 -0.040160 0.062583 0.005039 -0.998027 0.713347 0.699147 0.048262
4.615395 -152.059700 -548.732661 7554.562620 -0.699100 0.714208 -0.034149 -0.111019 -0.155603 -0.981561 0.706353 0.682418 -0.188073
2.460988 -152.399328 -370.352423 -453.758321 -0.679655 0.731392 -0.055986 0.101710 0.018378 -0.994644 0.726446 0.681709 0.086881
-0.151656 -153.013337 -1561.719387 -1501.065199 -0.667824 0.740176 -0.078425 0.326941 0.197051 -0.924273 0.668671 0.642892 0.373589
4.416842 -157.535304 -305.984466 8854.517834 -0.679314 0.733271 -0.029095 -0.108449 -0.139523 -0.984262 0.725790 0.665468 -0.174302
46.749455 -34.898106 13394.354295 167.989032 -0.238789 0.963486 0.121136 -0.134298 -0.156312 0.978535 -0.961740 -0.217395 -0.166720
20.818433 -35.436060 10106.074971 -1465.395876 -0.165258 0.984517 0.058444 -0.161810 -0.085521 0.983109 -0.972886 -0.153010 -0.173438
44.426493 -36.662730 15631.593664 -134.479375 -0.169885 0.981593 0.087260 -0.061323 -0.098906 0.993205 -0.983554 -0.163380 -0.076997
54.967632 -37.118013 8607.850876 137.714494 -0.343042 0.935231 0.087547 -0.091453 -0.126013 0.987804 -0.934858 -0.330851 -0.128758
8.319399 -53.245006 -3281.793110 -27.479628 -0.375312 0.918704 0.122975 -0.910460 -0.390273 0.136931 -0.173793 0.060571 -0.982918
2.889005 -53.423467 -3763.110147 151.629349 -0.349900 0.930597 0.107519 -0.923536 -0.361907 0.126903 -0.157008 0.054895 -0.986071
8.259283 -51.996752 -2473.596352 658.113222 -0.378060 0.915897 0.134919 0.925010 0.379658 0.014693 -0.037766 0.130356 -0.990748
10.725448 -52.857184 -955.021088 -109.243861 -0.405025 0.895510 0.184438 -0.898314 -0.427323 0.102108 -0.170253 0.124327 -0.977526
-2.228598 -268.207246 1615.362020 40226.202176 -0.425596 0.872473 -0.240122 0.545477 0.459075 0.701217 -0.722027 -0.167454 0.671295
-0.656623 -191.087699 2950.957223 27389.375150 -0.431373 0.870234 -0.237929 0.729643 0.491634 0.475307 -0.530602 -0.031431 0.847038
3.052347 -184.868419 753.244964 26445.349366 -0.411695 0.888536 -0.202511 0.799559 0.458801 0.387566 -0.437279 0.002360 0.899323
0.822834 -280.948629 -1323.226118 57277.434254 -0.456517 0.872562 -0.173861 0.674758 0.466915 0.571570 -0.579908 -0.143617 0.801923
-1.491516 -319.772897 -2064.019686 57383.132401 -0.471764 0.851790 -0.227799 0.344091 0.415726 0.841887 -0.811813 -0.318789 0.489218
18.626844 -470.127576 5966.903098 29164.089436 -0.448646 0.892852 -0.039131 -0.699677 -0.323663 0.636941 -0.556029 -0.313140 -0.769919
34.462639 -607.076740 14086.660394 32125.505252 -0.482940 0.875647 -0.003303 -0.623816 -0.341397 0.703066 -0.614510 -0.341600 -0.711117
48.436176 -883.326618 12734.545323 -266946.913992 -0.407150 0.910942 -0.066443 -0.891832 -0.380798 0.244190 -0.197141 -0.158678 -0.967449
28.551688 -521.796584 7351.499574 93665.124667 -0.403762 0.913096 -0.056846 -0.397837 -0.119287 0.909668 -0.823834 -0.389905 -0.411427
6.059706 -502.273366 2762.268716 67823.620034 -0.471705 0.879748 -0.059486 0.872434 0.455869 -0.176189 -0.127884 -0.135007 -0.982557
4.092097 -470.780397 2586.542264 -11853.358029 -0.468185 0.881453 -0.062000 -0.717200 -0.338080 0.609366 -0.516166 -0.329762 -0.790461
13.918893 -463.580611 4874.187206 68592.018074 -0.434842 0.899176 -0.048948 -0.404715 -0.146585 0.902618 -0.804437 -0.412306 -0.427651
3042.177271 -41292.868782 -1438321.070396 -112377825.105905 -0.655189 0.711001 -0.255352 -0.647172 -0.702611 -0.295813 0.389737 0.028557 -0.920483
-12.981540 -3304.500446 12700.839561 2226120.055644 0.744259 -0.583365 0.325214 -0.182624 0.290619 0.939249 0.642439 0.758436 -0.109759
-125.011316 -5959.970036 -3956.276149 1161465.425915 0.681017 -0.654731 0.327937 -0.340562 0.113268 0.933375 0.648254 0.747327 0.145839
78.883193 -976.723271 34824.097147 420819.221762 0.605062 -0.618803 0.500982 0.597382 0.768821 0.228142 -0.526340 0.161238 0.834846
299.299536 -14.736014 130007.195718 15007.927153 -0.456345 0.282013 0.843930 0.726332 -0.429809 0.536383 0.513995 0.857749 -0.008694
73.673812 -4366.085599 5669.837513 948407.604394 -0.652941 0.690221 -0.311870 0.655246 0.721289 0.224490 0.379896 -0.057773 -0.923224
-4.384288 -92.149378 -374.740644 5098.503111 0.726125 -0.687560 0.001865 0.661904 0.699759 0.268740 0.186080 0.193904 -0.963211
-3.345906 -126.339689 229.732126 16152.204129 -0.700636 0.713423 0.011702 0.713069 0.699518 0.046992 0.025340 0.041268 -0.998827
-2.417604 -112.522468 -909.530552 11678.091963 0.713614 -0.699875 -0.030499 0.692580 0.698293 0.180887 0.105301 0.150207 -0.983031
-1.580512 -88.017632 -1654.010736 1363.747585 0.747055 -0.664478 -0.019449 0.619583 0.685382 0.382582 0.240887 0.297860 -0.923717
-19.188511 -53.284764 194.669881 138.503732 -0.146563 -0.641251 -0.753204 -0.081125 0.766654 -0.636915 0.985869 -0.032245 -0.164384
-20.666405 -54.107462 221.607477 794.247464 0.163693 0.709960 0.684954 -0.224349 0.702917 -0.674963 0.960662 0.043182 -0.274342
-21.054190 -50.858887 273.392784 1191.108114 -0.104123 -0.692844 -0.713530 -0.247470 0.712915 -0.656134 0.963285 0.108259 -0.245689
-3.044154 -115.793155 -536.885791 9510.613512 -0.561659 0.825815 -0.050686 -0.139872 -0.034393 0.989572 -0.815460 -0.562892 -0.134826
-2.916830 -114.178951 602.341715 9037.970711 -0.540306 0.840739 -0.035030 -0.151452 -0.056213 0.986865 -0.827727 -0.538514 -0.157704
-3.931297 -119.661744 -271.868641 2082.650802 -0.551658 0.832153 -0.056525 -0.370016 -0.183431 0.910736 -0.747503 -0.523330 -0.409102
-216.581124 -560.477650 57173.194891 137011.357261 -0.335457 0.938946 0.076484 -0.085023 0.050681 -0.995089 0.938211 0.340313 -0.062831
-357.929544 -469.382080 71189.435915 115562.454099 -0.280612 -0.231789 -0.931413 -0.248030 0.954954 -0.162922 0.927221 0.185300 -0.325462
-172.457997 -521.371918 48135.375257 135572.867627 -0.402434 0.904573 0.140691 -0.472434 -0.073577 -0.878290 0.784126 0.419921 -0.456961
-250.167974 -1125.407539 54421.517902 398523.413142 -0.031271 0.985242 0.168288 0.121397 0.170868 -0.977787 0.992111 0.010146 0.124948
-75.610223 -892.416286 18235.286002 252509.637119 -0.438334 0.893279 0.099580 -0.157597 0.032691 -0.986962 0.884888 0.448313 -0.126448
-155.474586 -449.858171 38365.337024 44335.802501 -0.241790 0.963973 0.110879 0.400002 0.203129 -0.893721 0.884045 0.171741 0.434706
-86.949769 -472.405041 24933.077507 57011.696912 -0.387806 0.920738 0.042983 0.382614 0.203228 -0.901279 0.838578 0.333076 0.431101
-36.699771 -81.359638 -3931.695982 5521.514658 0.149779 0.965479 0.213113 0.944583 -0.076048 -0.319343 0.292112 -0.249134 0.923365
-26.250522 -80.849477 -7570.193581 11183.585845 0.176777 0.932414 0.315205 0.899838 -0.023345 -0.435599 0.398800 -0.360637 0.843148
-24.474412 -70.681415 -6045.122846 13124.470450 0.272441 0.920322 0.280684 0.802762 -0.056599 -0.593608 0.530424 -0.387046 0.754219
-45.740161 -63.795286 1045.134262 -60.162784 0.089162 -0.229566 -0.969200 -0.083309 0.967947 -0.236934 0.992527 0.101869 0.067179
-45.858110 -63.243955 -1267.768272 -2483.139938 0.195328 -0.213812 -0.957148 0.020306 0.976619 -0.214017 0.980528 0.022368 0.195102
-10.015424 -97.500613 3250.931490 -7466.458068 0.578190 -0.176311 0.796625 0.589256 0.765564 -0.258245 -0.564335 0.618730 0.546533
-1.436892 -99.594174 2503.141695 -6285.928002 0.593182 -0.184358 0.783676 0.550751 0.802928 -0.227989 -0.587204 0.566850 0.577818
-5.796509 -112.407320 1833.337123 -5224.237675 0.556997 -0.193705 0.807610 0.715024 0.606521 -0.347668 -0.422487 0.771110 0.476334
-3.977295 -86.917246 3413.963800 -6333.503507 0.615930 -0.137547 0.775700 0.421707 0.889256 -0.177165 -0.665427 0.436240 0.605724
-13.114569 -111.212095 3248.700540 -4720.611921 0.530712 -0.218734 0.818841 0.768944 0.530600 -0.356635 -0.356469 0.818913 0.449790
-13.614939 -82.274844 3381.177177 -6777.298809 0.602142 -0.108632 0.790964 0.414951 0.888964 -0.193800 -0.682086 0.444906 0.580360
-18.367430 -93.926974 4057.911380 -7705.894725 0.554592 -0.179721 0.812483 0.605467 0.756947 -0.245848 -0.570822 0.628277 0.528612
13.869388 -47.123398 -2591.838156 1501.078564 -0.116650 0.987246 -0.108343 0.943274 0.075985 -0.323203 0.310848 0.139899 0.940107
13.179167 -46.498841 2513.522491 474.498672 -0.071272 0.972818 -0.220329 0.951541 0.000064 -0.307521 0.299148 0.231570 0.925681
4.767211 -41.781321 2949.661849 1610.385983 -0.058896 0.965146 -0.255000 0.889888 -0.064993 -0.451526 0.452361 0.253514 0.855044
-8.506685 -69.205447 -1208.983651 -126.452839 0.387714 0.897500 -0.210172 0.542082 -0.037589 0.839485 -0.745537 0.439410 0.501092
-10.205991 -66.318158 -1307.021487 152.263083 0.396911 0.885391 -0.241960 0.519873 0.000395 0.854243 -0.756435 0.464847 0.460134
-8.715138 -64.797018 -1190.514588 -1699.462962 0.385503 0.888388 -0.249308 0.387427 0.089376 0.917558 -0.837430 0.450310 0.309730
12.425808 -88.089791 4718.818849 1159.490333 -0.052420 0.948979 0.310951 -0.844281 0.124182 -0.521314 0.533330 0.289858 -0.794696
-1.320729 -87.907676 2322.497892 533.382163 -0.004363 0.942119 0.335250 -0.852511 0.171731 -0.493694 0.522691 0.287958 -0.802418
10.993768 -89.656715 4378.096594 1008.935398 -0.038526 0.943591 0.328866 0.946191 -0.071377 0.315639 0.321308 0.323330 -0.890067
-8.422849 -101.471073 -507.179364 -298.036675 0.321387 0.938758 0.124272 -0.167057 0.185384 -0.968362 0.932096 -0.290458 -0.216406
-6.407668 -105.629419 -280.718557 298.295277 0.325418 0.929452 0.173845 0.168444 0.123929 -0.977890 0.930446 -0.347506 0.116231
-6.498598 -109.072826 -484.163969 130.207416 0.334132 0.932561 0.136698 -0.108598 0.182160 -0.977253 0.936249 -0.311687 -0.162140
-16.944772 -193.434911 1296.279132 20328.605346 0.570591 -0.013682 0.821120 -0.251644 0.948851 0.190676 -0.781730 -0.315428 0.537963
-12.074473 -208.451016 1576.103149 34142.159988 0.611614 0.024085 0.790790 -0.124188 0.990068 0.065896 -0.781349 -0.138510 0.608530
-11.988456 -159.506545 1052.202984 21972.262824 0.568200 -0.022345 0.822587 0.023034 0.999671 0.011245 -0.822568 0.012558 0.568528
-4.420165 -149.843620 1980.865739 26375.184959 0.598534 0.043300 0.799926 0.121188 0.982152 -0.143842 -0.791878 0.183036 0.582604
-15.882152 -192.842414 574.489968 20806.405629 0.527408 -0.047505 0.848283 -0.187029 0.967452 0.170461 -0.828771 -0.248556 0.501357
-9.664867 -160.265810 1432.967352 23438.330840 0.561518 -0.065810 0.824843 0.141518 0.989783 -0.017370 -0.815273 0.126484 0.565095
-3.689635 -123.993180 1353.047201 16878.066936 0.576197 -0.013077 0.817206 0.255423 0.952672 -0.164849 -0.776373 0.303719 0.552267
0.584715 -47.434866 -5595.658027 371.160555 0.557063 0.279845 0.781900 0.108464 0.908934 -0.402585 -0.823357 0.309073 0.475980
10.849463 -42.386458 -5064.537886 -187.543368 0.547779 0.173945 0.818341 0.258517 0.895086 -0.363303 -0.795681 0.410565 0.445341
4.925391 -47.507046 -3412.901064 1673.831042 0.578577 0.374647 0.724492 -0.058093 0.904935 -0.421565 -0.813556 0.201820 0.545339
3.022292 -926.973310 5910.994604 311141.746246 0.156844 -0.165581 0.973644 0.929677 -0.307964 -0.202135 0.333317 0.936878 0.105634
-17.227347 -222.609194 -4279.677449 -14769.813021 0.504207 -0.314028 0.804464 0.644713 -0.482897 -0.592584 0.574561 0.817433 -0.041022
-10.539215 -267.921268 -2634.362311 -13766.509851 0.440417 -0.300380 0.846052 0.675582 -0.509763 -0.532663 0.591288 0.806172 -0.021577
-19.823065 -36.612273 2022.677117 -2248.124645 -0.582946 0.496877 -0.642875 -0.345451 0.564578 0.749610 0.735417 0.659064 -0.157472
-14.037745 -45.567287 -1332.772563 -3301.050487 0.606081 -0.496461 0.621444 -0.397513 0.487671 0.777277 0.688948 0.718125 -0.098219
21.811648 -134.866287 -9868.481850 16007.674032 -0.272724 0.386947 0.880848 -0.556237 0.683610 -0.472522 -0.784998 -0.618829 0.028798
-1.003749 -68.132800 -1172.951397 -1985.810795 0.523816 0.713621 -0.465148 0.845764 -0.370643 0.383806 0.101488 -0.594449 -0.797703
-0.656074 -70.154920 -1337.568927 44.139209 0.543854 0.704658 -0.455720 0.800529 -0.272728 0.533640 0.251746 -0.655039 -0.712424
1.947882 -68.956312 -1388.477638 -2329.570646 0.537341 0.707241 -0.459429 0.840341 -0.402900 0.362629 0.071363 -0.580932 -0.810818
1.152095 -63.959137 -1144.730711 -2592.904542 0.518300 0.716852 -0.466357 0.854330 -0.458593 0.244568 -0.038549 -0.525182 -0.850116
-280.349610 -581.471583 -15743.057420 -136840.007235 0.819280 -0.087991 -0.566602 0.462162 -0.483553 0.743359 0.339390 0.870881 0.355499
-276.209609 -596.914003 -65961.730770 -120873.440646 -0.344344 -0.133790 0.929262 0.833210 -0.499683 0.236810 0.432653 0.855814 0.283538
-134.253892 -193.236289 -13129.269674 -56519.761433 0.782474 -0.110117 -0.612870 0.494781 -0.487620 0.719318 0.378057 0.866084 0.327066
-1.531332 -65.407693 170.556456 -2044.209132 0.361711 0.906111 -0.219382 0.092618 0.199226 0.975567 -0.927678 0.373193 0.011860
20.911593 -110.273660 -9984.829625 19689.604319 -0.292543 0.438029 0.850029 -0.263352 0.817637 -0.511972 -0.919274 -0.373631 -0.123839
-14.194148 -76.136853 -16106.165817 9244.875007 -0.401010 0.378402 0.834268 -0.191723 0.855864 -0.480353 -0.895786 -0.352575 -0.270662
-20.029235 -26.425521 1302.441900 -1039.734482 -0.459094 0.756761 0.465344 -0.449844 0.253667 -0.856326 0.766076 0.602466 -0.223967
-19.889078 -27.164827 2219.565635 -350.864633 -0.262506 0.618093 0.740980 -0.525581 0.552413 -0.646996 0.809231 0.559286 -0.179846
-23.192873 -31.252830 755.398862 -1076.809409 -0.468891 0.830194 0.301529 -0.396038 0.107530 -0.911916 0.789490 0.547006 -0.278369
-19.841043 -30.655841 1036.814289 -1326.813780 -0.593096 0.791540 0.147315 -0.337022 -0.077906 -0.938268 0.731200 0.606131 -0.312972
-13.673672 -98.325618 1349.105501 -2835.449075 -0.586565 0.804445 0.093859 0.802126 0.593039 -0.069989 0.111964 -0.034234 0.993122
-12.224057 -88.157588 -1901.769145 -6189.177347 0.625989 -0.776518 -0.071822 0.775524 0.610217 0.161858 -0.081858 -0.157021 0.984197
-10.829461 -77.907653 -655.042407 -7699.489621 0.646178 -0.756496 -0.100839 0.738235 0.586062 0.333976 -0.193553 -0.290251 0.937172
1.572864 -153.249124 -1222.925559 10174.149157 -0.379208 0.913447 0.147700 0.784988 0.402086 -0.471297 0.489893 0.062777 0.869519
-2.189617 -137.414222 -1310.538080 8982.056592 -0.361997 0.922998 0.130509 0.680065 0.357245 -0.640225 0.637550 0.143005 0.757020
-12.421387 -97.416393 612.629276 -3575.800439 -0.630068 0.776222 0.022212 -0.352226 -0.260179 -0.899024 0.692063 0.574270 -0.437336
-12.988811 -91.350882 612.640357 -3421.429563 -0.626520 0.779333 0.010609 -0.178600 -0.130304 -0.975255 0.758666 0.612912 -0.220827
-12.998230 -98.628267 432.306255 -398.110063 -0.598868 0.800339 0.028542 -0.506778 -0.351128 -0.787328 0.620107 0.485970 -0.615874
6.146541 -133.942386 -1056.325980 2716.550137 -0.700980 0.712533 -0.030387 -0.123211 -0.162961 -0.978909 0.702457 0.682451 -0.202024
-2.519611 -53.460588 -3310.348282 528.722875 -0.322032 0.940041 0.112331 0.944591 0.327004 -0.028569 -0.063589 0.096907 -0.993260
-4.283742 -54.109584 -2584.668231 230.847418 -0.319968 0.939493 0.122367 -0.919320 -0.339102 0.199650 -0.229065 0.048613 -0.972197
-5.514180 -53.142475 -2098.036697 897.651870 -0.316458 0.940403 0.124483 -0.872936 -0.340055 0.349778 -0.371264 -0.002025 -0.928525
-7.665825 -53.563039 -284.355808 631.448395 -0.295583 0.942371 0.156740 -0.888199 -0.331505 0.318129 -0.351756 0.045183 -0.935001
-8.509712 -54.205660 -1907.704453 -173.718493 -0.293166 0.944811 0.146238 -0.938827 -0.313406 0.142761 -0.180714 0.095440 -0.978894
0.559296 -158.085192 1381.386037 24914.785143 -0.442066 0.870763 -0.215287 0.850282 0.483236 0.208573 -0.285653 0.090852 0.954017
-9.698403 -24.387805 -1816.913646 1141.435137 -0.633302 -0.627434 0.453052 -0.405476 0.767638 0.496308 -0.659180 0.130611 -0.740556
2.444979 -21.902222 4916.236307 -348.834706 0.438498 0.876397 -0.199119 -0.587026 0.447060 0.674935 -0.680529 0.179070 -0.710503
-2.974085 -21.579140 4339.082324 627.814898 0.414238 0.889432 -0.193177 -0.631557 0.433720 0.642669 -0.655395 0.144216 -0.741390
-9.679181 -27.362005 4045.106171 -317.881815 0.542747 0.768795 -0.338201 -0.485446 0.615741 0.620650 -0.685396 0.172677 -0.707400
48.796518 -816.657939 13185.155737 158413.940358 -0.541373 0.832071 -0.120714 0.832508 0.510399 -0.215459 -0.117665 -0.217139 -0.969023
49.057872 -616.400946 6817.889235 -4263.662009 0.598252 -0.783838 0.166411 0.581908 0.282204 -0.762721 -0.550888 -0.553135 -0.624951
74.405977 -1917.204472 4104.342963 537786.410109 -0.475127 0.879060 -0.038841 -0.180558 -0.054199 0.982070 -0.861193 -0.473621 -0.184472
1841.279855 -3229.198553 1076748.644927 2050095.003140 -0.034683 0.774911 -0.631118 0.897580 -0.253549 -0.360643 -0.439485 -0.578987 -0.686751
-86.565442 -4806.802584 -39348.172141 -1185933.467030 -0.634903 0.740884 -0.219065 -0.679933 -0.670467 -0.296927 0.366864 0.039571 -0.929433
2860.035378 -1781.774092 -24522929.983902 7456133.538753 -0.182859 -0.527687 0.829524 0.962570 -0.267784 0.041841 0.200054 0.806126 0.556902
-17.802570 -8198.075659 53510.009566 10146265.606316 0.647051 -0.683051 0.338773 0.603502 0.730366 0.319921 -0.465951 -0.002555 0.884807
-4.943911 -108.410998 -166.689120 9692.838545 -0.718185 0.695785 -0.009645 0.681849 0.706432 0.189828 0.138893 0.129755 -0.981770
-20.477135 -52.665863 1015.088923 1928.545908 0.154540 0.762079 0.628771 -0.394685 0.631049 -0.667833 0.905727 0.144960 -0.398303
-17.599321 -55.230372 -305.705620 535.389620 0.202678 0.773154 0.600962 -0.252165 0.634209 -0.730884 0.946221 0.003407 -0.323502
-17.517819 -53.947372 -891.341398 1494.049125 0.213688 0.811334 0.544127 -0.409585 0.580081 -0.704092 0.886892 0.072411 -0.456267
-7.404664 -54.189839 -4823.627979 177.829478 0.252137 0.859065 0.445460 -0.278508 0.505276 -0.816780 0.926747 -0.081877 -0.366655
-8.327211 -52.445213 -4130.774720 -1153.137424 0.240266 0.839974 0.486534 -0.158672 0.528460 -0.833999 0.957651 -0.123182 -0.260251
-3.701060 -123.758500 330.063366 -5292.083532 -0.533906 0.841916 -0.078241 -0.600383 -0.312319 0.736204 -0.595386 -0.440038 -0.672221
-4.514087 -122.149545 -333.869848 -6552.738556 -0.518150 0.848053 -0.111027 -0.746326 -0.384908 0.542994 -0.417752 -0.364215 -0.832364
-2.098443 -131.190692 -1137.735112 -2288.870454 -0.542179 0.831588 -0.120427 -0.591229 -0.275713 0.757912 -0.597068 -0.482124 -0.641145
15.854070 -330.146620 -2902.214740 68775.530273 -0.425821 0.884396 -0.191102 0.862700 0.333164 -0.380461 -0.272809 -0.326872 -0.904837
31.554478 -240.206822 -6825.604241 11540.612708 -0.386308 0.897812 -0.211423 0.884022 0.294983 -0.362614 -0.263193 -0.326983 -0.907641
21.961180 -288.449558 -5723.658478 -9752.479505 -0.429384 0.888946 -0.159389 -0.706782 -0.220893 0.672060 -0.562217 -0.401225 -0.723139
11.999749 -304.834275 -4125.130001 20742.604518 -0.446477 0.872669 -0.197758 -0.559136 -0.099546 0.823078 -0.698588 -0.478059 -0.532386
4.405570 -241.028123 -2302.646837 -3317.422288 -0.468069 0.857416 -0.213890 -0.755835 -0.263039 0.599603 -0.457848 -0.442322 -0.771186
2.101617 -238.298034 -2068.102906 35080.333903 -0.445638 0.869442 -0.213255 0.894072 0.420231 -0.155052 -0.045192 -0.259762 -0.964615
-266.344000 -451.145909 31430.818162 90123.805743 0.277019 0.882826 0.379313 -0.051571 0.407854 -0.911590 0.959479 -0.232966 -0.158512
-208.097329 -365.827055 28298.678473 69067.105670 -0.543068 -0.417991 -0.728258 -0.016554 0.872457 -0.488411 0.839525 -0.253185 -0.480723
-260.799269 -836.568894 25375.997881 253033.406131 -0.462245 -0.374734 -0.803682 -0.397696 0.897667 -0.189818 0.792570 0.231878 -0.563972
-54.314682 -81.394317 -221.332621 969.052362 0.177385 0.978386 0.106278 0.966137 -0.152559 -0.208099 0.187388 -0.139592 0.972317
-55.525356 -77.534384 517.612544 2740.622501 0.416129 0.904274 -0.095530 0.866680 -0.426216 -0.259242 0.275142 -0.025084 0.961076
-0.820280 -112.364400 995.110623 -5862.916751 0.561213 -0.210429 0.800474 0.689001 0.654661 -0.310962 -0.458604 0.726044 0.512390
2.515629 -100.534900 1193.679082 -5034.099314 0.570366 -0.189883 0.799142 0.535652 0.823558 -0.186623 -0.622703 0.534506 0.571441
3.000592 -90.485379 2628.563291 -4146.180149 0.618541 -0.127585 0.775325 0.340373 0.932853 -0.118036 -0.708205 0.336910 0.620434
-0.843500 -48.509910 -3735.116408 1916.616496 -0.229198 0.972981 -0.027862 0.907635 0.203288 -0.367250 0.351664 0.109461 0.929705
-3.192904 -44.284873 -3440.840765 2073.938418 -0.252100 0.967533 -0.018046 0.848867 0.212150 -0.484166 0.464618 0.137377 0.874790
-11.276000 -47.365532 -3052.829221 1852.891530 -0.294670 0.955338 -0.022335 0.861761 0.255560 -0.438244 0.412963 0.148385 0.898578
-11.321970 -43.402442 -2624.879948 1939.935699 -0.314097 0.949301 -0.013065 0.807444 0.259872 -0.529623 0.499376 0.176903 0.848133
-7.661060 -39.970357 -2064.542564 1176.352157 -0.317074 0.948382 0.006070 0.773114 0.262173 -0.577547 0.549326 0.178432 0.816335
-0.917728 -66.780187 -442.559188 -187.558026 0.627342 0.697742 -0.345829 -0.089618 -0.376450 -0.922092 0.773570 -0.609460 0.173633
-1.005807 -66.942463 11.466425 -16.196719 0.625115 0.711036 -0.321962 0.049711 -0.447921 -0.892690 0.778948 -0.542029 0.315348
1.485570 -71.593528 -1180.849562 78.612004 0.635124 0.701949 -0.322312 0.004471 -0.420614 -0.907229 0.772398 -0.574761 0.270280
2.359204 -68.576753 -1269.628799 1634.827858 0.638967 0.684910 -0.350171 -0.198406 -0.293078 -0.935276 0.743207 -0.667086 0.051377
-9.186959 -86.911516 2186.904149 -423.128769 0.035742 0.937636 0.345775 -0.839800 0.215733 -0.498193 0.541719 0.272575 -0.795137
-8.374262 -91.779833 1511.445063 1749.963235 0.024816 0.941747 0.335406 -0.716212 0.250819 -0.651253 0.697441 0.224061 -0.680715
-13.178303 -90.379508 2248.197391 2003.592026 0.042426 0.938635 0.342294 -0.704213 0.271122 -0.656183 0.708720 0.213209 -0.672502
-13.543490 -86.573190 1794.325530 -115.989490 0.071247 0.939929 0.333853 -0.809396 0.250084 -0.531353 0.582925 0.232362 -0.778593
-11.170125 -88.634160 1854.231833 -2191.831474 0.068136 0.939674 0.335217 -0.912344 0.194650 -0.360194 0.403715 0.281291 -0.870569
6.931148 -68.557484 -1448.808664 -4077.092697 0.644695 0.687637 -0.333951 -0.504443 0.054445 -0.861727 0.574373 -0.724010 -0.381974
7.712443 -63.649215 -2156.191931 25.572625 0.648032 0.678488 -0.345990 -0.427340 -0.052110 -0.902588 0.630424 -0.732761 -0.256176
13.717985 -66.359276 -2663.170545 -2350.040927 0.635979 0.693163 -0.339199 -0.465741 -0.005707 -0.884902 0.615318 -0.720758 -0.319205
3.115480 -66.011982 -1575.208087 -52.990820 0.651040 0.673817 -0.349454 -0.435271 -0.045751 -0.899136 0.621841 -0.737481 -0.263508
11.528040 -75.168528 -1760.909880 -5554.704491 0.629711 0.702575 -0.331441 -0.564144 0.120277 -0.816869 0.534047 -0.701372 -0.472093
2.245915 -70.747320 -1318.774135 -2567.360756 0.651121 0.675113 -0.346791 -0.537893 0.088112 -0.838395 0.535455 -0.732433 -0.420511
-3.601330 -121.884596 358.856669 6793.624946 -0.368531 0.029468 -0.929148 0.237536 0.969303 -0.063473 0.898756 -0.244098 -0.364217
-3.244186 -135.857906 -506.252111 9635.261980 -0.339498 -0.003504 -0.940600 0.244275 0.965354 -0.091765 0.908334 -0.260919 -0.326880
-4.457508 -135.192457 -106.027789 8935.727621 -0.367076 -0.007544 -0.930160 0.424019 0.888675 -0.174541 0.827927 -0.458476 -0.323013
-2.559530 -114.545225 93.517460 5536.928345 -0.357131 0.037178 -0.933314 0.015738 0.999305 0.033785 0.933922 -0.002623 -0.357468
-6.294785 -143.219163 909.410025 11068.696702 -0.380978 0.021162 -0.924342 0.470979 0.864749 -0.174322 0.795635 -0.501758 -0.339417
-2.521451 -107.499955 -155.801912 4083.878415 -0.348322 0.071863 -0.934616 0.046395 0.997157 0.059381 0.936226 -0.022678 -0.350666
-4.664891 -126.674407 327.194397 7620.565470 -0.368765 0.051652 -0.928087 0.301072 0.951267 -0.066685 0.879414 -0.304012 -0.366345
-9.123977 -101.448601 -825.123912 -1448.503810 0.309822 0.946276 0.092583 -0.363760 0.207937 -0.907987 0.878458 -0.247637 -0.408641
-17.633000 -238.204937 1859.671997 22961.335327 0.588935 0.032402 0.807530 -0.453474 0.840328 0.297003 -0.668967 -0.541109 0.509592
-12.715417 -255.523406 1105.949934 39874.634237 0.606593 0.060315 0.792721 -0.387670 0.892976 0.228704 -0.694087 -0.446044 0.565055
-6.580117 -190.054657 707.503731 30661.101679 0.596508 0.106703 0.795482 -0.165494 0.986177 -0.008183 -0.785359 -0.126766 0.605921
-1.034563 -143.897804 427.152617 22702.130857 0.589987 0.091314 0.802233 0.084235 0.981201 -0.173634 -0.803007 0.170018 0.571204
45.847459 -44.937568 5592.808861 -2495.782976 -0.017713 0.998632 0.049191 0.630968 -0.027000 0.775338 -0.775606 -0.044772 0.629627
47.314181 -58.841605 -2455.294354 -293.821450 -0.086421 0.946935 0.309589 0.584712 -0.203391 0.785330 -0.806625 -0.248889 0.536107
