12781
25545
-40.599124 -56.664544 -910.185466 5484.098892 0.205501 0.966032 -0.156692 0.920732 -0.245109 -0.303602 0.331696 0.081881 0.939826
-45.998246 -66.006978 881.305108 4202.109829 0.309523 0.918690 -0.245366 0.927390 -0.348664 -0.135577 0.210103 0.185586 0.959903
-44.103546 -73.975871 -2423.210317 9186.015240 -0.219257 0.975474 -0.019390 0.946382 0.207801 -0.247346 0.237250 0.072583 0.968733
-36.599660 -56.663080 206.542840 3869.375607 0.493147 0.806723 -0.325582 0.804569 -0.565283 -0.182000 0.330869 0.172201 0.927832
-34.107214 -58.559672 -5129.259821 8621.931577 -0.092387 0.995182 0.032813 0.909824 0.097761 -0.403315 0.404580 0.007407 0.914473
-34.222232 -46.149045 261.434493 3998.560085 0.570091 0.743527 -0.349520 0.693661 -0.663571 -0.280192 0.440262 0.082713 0.894051
-53.868187 -75.462559 -2679.494091 -3347.062196 -0.112734 0.979552 0.166639 -0.520838 0.084565 -0.849457 0.846179 0.182554 -0.500654
-54.103869 -71.687388 -3185.878870 -7599.000475 -0.098405 0.966961 0.235166 -0.338945 0.189617 -0.921500 0.935646 0.170389 -0.309087
-48.742425 -74.138014 -1121.464775 -6478.310665 -0.036629 0.988792 0.144736 -0.361757 0.121890 -0.924270 0.931553 0.086214 -0.353238
-47.038618 -75.843666 -1975.583661 -1452.188573 0.017555 0.991904 0.125768 -0.569057 0.113339 -0.814450 0.822110 0.057271 -0.566440
-51.540874 -77.540649 -2762.075761 3980.527774 -0.090944 0.985314 0.144521 -0.731508 0.032377 -0.681063 0.675740 0.167657 -0.717821
-83.010754 -333.581402 6849.011800 -118864.958009 0.355001 0.934836 0.007522 0.766565 -0.286476 -0.574726 0.535120 -0.209794 0.818311
-27.463897 -103.160745 -6129.113102 30677.048596 0.494628 0.862890 -0.103748 0.182358 -0.219758 -0.958359 0.849758 -0.455111 0.266053
-48.009750 -142.535362 -12876.595130 53979.013552 0.490629 0.864153 -0.111908 0.160391 -0.215794 -0.963176 0.856480 -0.454613 0.244477
-45.573649 -366.503936 -6930.281441 177648.685031 0.440495 0.894494 -0.076451 -0.226693 0.028427 -0.973551 0.868662 -0.446176 -0.215298
-170.098621 -588.349953 -17672.663119 -204566.426360 0.311252 0.919569 0.239823 0.860444 -0.165561 -0.481898 0.403433 -0.356346 0.842769
-74.212894 -624.913920 1297.723895 301772.656436 0.269384 0.962194 0.040181 -0.258569 0.112457 -0.959425 0.927672 -0.248064 -0.279088
-10.814590 -52.159728 -916.100759 -298.476840 0.360207 0.880437 -0.308354 -0.498357 -0.097810 -0.861437 0.788601 -0.463966 -0.403540
-11.694935 -50.482013 -2228.366174 -1356.665362 0.392465 0.866184 -0.309349 -0.395258 -0.144863 -0.907076 0.830507 -0.478268 -0.285512
-2.430039 -51.608539 -5651.429003 -675.597690 0.453797 0.849310 -0.269707 -0.440333 -0.049409 -0.896474 0.774710 -0.525578 -0.351558
-12.668163 -50.675649 2496.619276 -1442.343087 0.323694 0.892243 -0.314842 -0.397472 -0.173740 -0.901016 0.858626 -0.416794 -0.298403
-5.556027 -51.108790 -3455.614626 1046.539057 0.417540 0.862592 -0.285649 -0.555767 -0.006271 -0.831314 0.718876 -0.505862 -0.476782
-10.605051 -51.816522 -255.498970 1180.778236 0.347801 0.887063 -0.303568 -0.604986 -0.035018 -0.795466 0.716259 -0.460318 -0.524481
-10.962003 -51.942585 1238.448777 -485.847624 0.314622 0.899815 -0.302235 -0.502804 -0.112083 -0.857103 0.805109 -0.421628 -0.417167
14.244136 -49.078316 352.370881 303.835780 0.307499 0.929648 -0.202975 -0.716246 0.085700 -0.692566 0.626447 -0.358344 -0.692209
12.187187 -49.353205 489.916480 -126.567263 0.342763 0.931877 -0.118825 -0.691491 0.164657 -0.703370 0.635888 -0.323255 -0.700822
17.685633 -47.209998 1117.277381 -547.060247 0.309164 0.934384 -0.177041 -0.766334 0.134533 -0.628199 0.563161 -0.329889 -0.757643
20.653745 -48.487635 920.266384 139.287777 0.250322 0.913644 -0.320303 -0.789402 0.001071 -0.613876 0.560521 -0.406514 -0.721500
11.400326 -48.558402 1659.348607 260.860201 0.229984 0.925237 -0.301734 -0.700759 -0.057702 -0.711061 0.675311 -0.374975 -0.635098
237.386397 -58.153157 79906.330257 1997.961567 0.180079 0.980380 0.080164 -0.567431 0.036965 0.822591 -0.803489 0.193619 -0.562955
324.841956 -57.146678 105311.463085 1614.467246 0.198341 0.977925 0.065759 -0.630280 0.075877 0.772651 -0.750605 0.194695 -0.631416
15.156389 -51.350888 7974.381208 3092.436389 0.173485 0.983038 0.059493 -0.617291 0.061471 0.784329 -0.767368 0.172794 -0.617485
8.041757 -100.416989 239.252220 -3028.930680 0.092029 0.952160 0.291415 0.435894 0.224605 -0.871521 0.895280 -0.207231 0.394371
8.462194 -105.377756 144.345598 -996.236711 0.108239 0.951606 0.287630 0.384294 0.226786 -0.894922 0.916844 -0.207400 0.341150
8.662866 -93.125659 335.436765 -10459.390531 0.115270 0.953624 0.278054 0.622196 0.148889 -0.768573 0.774329 -0.261598 0.576178
7.599927 -92.584026 574.215893 -11983.624583 0.119073 0.949516 0.290242 0.658678 0.143192 -0.738674 0.742943 -0.279132 0.608376
8.371165 -78.782489 -449.146171 -16331.791789 0.123664 0.946350 0.298544 0.769758 0.098382 -0.630709 0.626243 -0.307803 0.716294
7.826965 -77.702278 1400.639002 -11618.362930 0.108041 0.959721 0.259349 0.798603 0.071585 -0.597586 0.592082 -0.271681 0.758702
7.391618 -80.715884 39.836048 -12326.844597 0.107142 0.957928 0.266260 0.725611 0.107745 -0.679617 0.679713 -0.266017 0.683539
7.068914 -92.907872 -878.862361 -6006.895662 0.116040 0.950515 0.288195 0.594261 0.166053 -0.786944 0.795857 -0.262580 0.545585
-7.887918 -105.656443 670.533708 278.366117 0.168692 0.977985 0.122834 -0.264814 -0.075070 0.961373 -0.949429 0.194704 -0.246321
-6.632502 -105.669842 -1347.488329 1999.358675 0.126825 0.988026 0.087864 -0.205529 -0.060482 0.976780 -0.970398 0.141939 -0.195397
-6.131219 -102.126880 805.161767 3497.398818 0.164872 0.977494 0.131616 -0.045107 -0.125830 0.991026 -0.985283 0.169329 -0.023346
-5.750418 -103.267132 1475.109313 1963.074813 0.183158 0.969345 0.163777 -0.226660 -0.120468 0.966495 -0.956597 0.214143 -0.197647
-8.977592 -104.403900 1269.958879 -189.148291 0.185470 0.971099 0.150226 -0.442682 -0.053914 0.895056 -0.877287 0.232508 -0.419889
-26.651650 -48.725690 -5487.351505 3425.083868 0.086772 0.994671 0.055676 0.775549 -0.102523 0.622907 -0.625296 0.010871 0.780312
-27.904379 -54.764337 -1007.669688 3873.999201 0.146055 0.988294 0.044084 0.681207 -0.132786 0.719947 -0.717373 0.075122 0.692627
-24.292735 -54.929628 -4243.482271 3803.282767 0.062635 0.996165 0.061086 0.686694 -0.087431 0.721669 -0.724243 0.003254 0.689537
17.999347 -44.964764 198.466194 153.962234 0.152081 0.988343 -0.007022 -0.880747 0.132294 -0.454735 0.448505 -0.075341 -0.890599
18.351222 -39.479420 250.311333 3255.584466 0.170055 0.985433 -0.001803 -0.922159 0.158490 -0.352850 0.347424 -0.061667 -0.935678
18.057597 -40.969050 214.738771 1545.551014 0.184405 0.981227 -0.056469 -0.901268 0.145900 -0.407957 0.392060 -0.126123 -0.911253
18.640272 -45.756797 1113.126806 -797.694348 0.169464 0.985433 -0.014258 -0.827832 0.134482 -0.544618 0.534767 -0.104097 -0.838563
19.000729 -46.400966 394.523527 -165.004324 0.130542 0.991436 0.003660 -0.828841 0.111158 -0.548330 0.544041 -0.068546 -0.836254
3.202657 -45.969024 2948.767395 2904.819581 0.037880 0.999174 0.014681 0.594987 -0.034355 0.803001 -0.802842 0.021683 0.595797
2.048290 -49.721426 1818.412415 2730.009689 0.059363 0.994771 0.083110 0.498572 -0.101675 0.860865 -0.864813 0.009667 0.502000
0.819607 -46.711294 2390.422958 1567.546848 0.053519 0.997770 0.039877 0.551642 -0.062830 0.831711 -0.832362 0.022515 0.553774
1.413290 -45.150032 1965.304979 1102.886559 0.030919 0.999431 0.013494 0.651253 -0.030385 0.758252 -0.758230 0.014657 0.651822
-1.922126 -144.216050 -357.672134 12153.369530 0.392989 -0.092525 0.914876 0.176806 0.983964 0.023564 -0.902385 0.152495 0.403046
0.633275 -130.876893 -903.797696 8730.971945 0.384597 -0.084718 0.919189 0.233111 0.972418 -0.007912 -0.893165 0.217316 0.393738
1.060906 -164.006600 -376.576865 19857.432909 0.402732 -0.091607 0.910722 0.016820 0.995552 0.092703 -0.915163 -0.022016 0.402481
3.196246 -141.031459 -1279.952511 10686.659714 0.387471 -0.081364 0.918284 0.149157 0.988506 0.024649 -0.909735 0.127418 0.395153
2.996267 -181.265341 -554.448954 20754.444315 0.396195 -0.101771 0.912509 -0.094601 0.984024 0.150821 -0.913280 -0.146078 0.380237
2.151550 -256.490413 3301.432614 12440.212871 0.163489 -0.222880 0.961039 0.752056 -0.602320 -0.267625 0.638501 0.766508 0.069145
4.609623 -304.738392 2852.993554 4532.793959 0.180207 -0.224682 0.957624 0.924231 -0.294512 -0.243023 0.336634 0.928860 0.154585
12.279438 -627.088753 5465.084487 165759.080719 0.175496 -0.196197 0.964732 0.735436 -0.625327 -0.260957 0.654472 0.755296 0.034548
60.195638 -207.164066 -10459.135097 -34469.414520 0.516983 -0.444484 -0.731548 0.745100 -0.187024 0.640194 -0.421373 -0.876046 0.234497
-115.458142 -684.701204 527.737386 156600.446847 0.721029 -0.606211 -0.335596 -0.320124 0.138104 -0.937256 -0.614522 -0.783221 0.094485
-11.416841 -130.693195 14211.862125 -13159.769384 0.781490 -0.355759 0.512552 0.286618 -0.524987 -0.801398 -0.554188 -0.773191 0.308305
-59.727530 -248.469649 611.426478 -73940.596408 -0.552886 0.243645 -0.796840 0.581500 -0.572108 -0.578403 -0.596804 -0.783153 0.174631
5677.203847 -24444.727720 1678444.187031 14768093.099763 0.607775 -0.666275 -0.432073 0.688245 0.713379 -0.131943 0.396142 -0.217180 0.892135
-37.485246 -825.904221 -5383.895010 -323657.482089 -0.366795 -0.093132 -0.925628 0.924529 -0.147166 -0.351553 -0.103480 -0.984718 0.140083
64.626561 -756.448475 -11745.350881 -113337.204324 0.581274 -0.579109 0.571623 0.030920 0.717704 0.695662 -0.813120 -0.386696 0.435088
20.139515 -41.458714 677.769336 1313.882417 0.156214 0.981424 -0.111376 -0.928926 0.107654 -0.354270 0.335699 -0.158802 -0.928487
22.032896 -35.231135 651.475271 1647.190312 0.149767 0.976662 -0.153950 -0.926038 0.084002 -0.367965 0.346445 -0.197672 -0.917007
19.700043 -41.230887 340.422211 -971.735138 0.197864 0.974087 -0.109564 -0.875908 0.125521 -0.465864 0.440039 -0.188146 -0.878047
19.937372 -39.058925 149.585986 -1110.409136 0.249423 0.963360 -0.098617 -0.816670 0.154524 -0.556033 0.520422 -0.219225 -0.825289
19.200110 -43.195632 -94.807275 -1229.579661 0.218017 0.973832 -0.064190 -0.822524 0.147946 -0.549150 0.525283 -0.172522 -0.833255
-21.500273 -39.128847 -1651.730918 1193.408970 0.064616 0.887314 0.456616 -0.568951 0.408674 -0.713639 0.819829 0.213680 -0.531245
-17.179183 -36.224747 844.842487 1463.240961 -0.073545 0.932603 0.353332 -0.658568 0.220640 -0.719448 0.748919 0.285605 -0.597955
-20.816441 -38.282746 1127.171666 1040.092406 -0.086239 0.930452 0.356120 -0.584674 0.242158 -0.774284 0.806672 0.274988 -0.523128
-25.193302 -40.498895 344.931370 653.775684 -0.034885 0.909046 0.415233 -0.486786 0.347411 -0.801464 0.872824 0.230089 -0.430391
-19.363368 -39.352299 3589.019104 543.683049 -0.205908 0.940791 0.269285 -0.517062 0.129032 -0.846167 0.830812 0.313469 -0.459878
-36.305049 -70.052748 6063.683758 832.746883 0.630059 0.533163 -0.564591 -0.555225 0.817603 0.152482 0.542909 0.217402 0.811164
-35.111010 -68.177262 5106.023864 -147.296349 0.637552 0.485620 -0.598081 -0.428299 0.868712 0.248797 0.640381 0.097536 0.761839
-23.262676 -65.613562 6121.840157 -845.933889 0.520532 0.600816 -0.606685 -0.558822 0.776943 0.289961 0.645573 0.188095 0.740173
3.182630 -51.897054 296.574563 850.561193 0.055710 0.991907 0.114091 0.005993 -0.114599 0.993394 -0.998429 0.054658 0.012329
2.221050 -52.590927 891.965781 1577.271155 0.076572 0.986782 0.142824 0.063550 -0.147783 0.986976 -0.995037 0.066498 0.074026
2.755639 -51.702915 513.109847 845.022588 0.063040 0.989122 0.132906 0.144272 -0.140804 0.979469 -0.987528 0.042571 0.151579
3.643530 -50.912940 -498.377490 384.932524 0.036977 0.991261 0.126624 0.149422 -0.130771 0.980088 -0.988082 0.017321 0.152951
-3.701666 -124.434866 249.484847 -1006.650408 0.361072 0.932538 -0.000498 -0.315412 0.121622 -0.941129 0.877578 -0.339973 -0.338048
-3.468826 -126.566275 1913.371276 -1760.131209 0.340380 0.940177 0.014466 -0.253070 0.106416 -0.961577 0.905592 -0.323641 -0.274152
-3.007907 -127.470263 827.759124 1095.955966 0.353837 0.935133 -0.018041 -0.502455 0.173780 -0.846959 0.788884 -0.308750 -0.531352
7.526091 -190.433420 -1317.655842 17972.960412 0.378803 0.923063 0.066802 0.705332 -0.241211 -0.666576 0.599178 -0.299619 0.742438
9.943620 -165.329325 -1247.392703 9924.306090 0.388403 0.919883 0.054386 0.490729 -0.156525 -0.857137 0.779954 -0.359604 0.512209
3.998875 -179.434009 -1635.355184 18263.724323 0.401916 0.912566 0.075417 0.580644 -0.190309 -0.791603 0.708037 -0.361948 0.606364
2.317282 -202.370341 -2036.423494 16244.785619 0.393051 0.914281 0.097991 0.797267 -0.285759 -0.531703 0.458124 -0.287111 0.841243
0.181380 -184.708294 -1964.957488 17677.377713 0.411574 0.906838 0.090837 0.624673 -0.208121 -0.752641 0.663619 -0.366511 0.652135
0.254354 -158.057208 -1592.346204 11031.274130 0.423250 0.904113 0.058653 0.413532 -0.135178 -0.900399 0.806133 -0.405348 0.431094
95.184985 -97.516489 -10158.880071 2667.915235 0.180431 0.842428 0.507701 -0.153385 -0.485758 0.860530 -0.971554 0.233140 -0.041570
95.957010 -87.539944 4054.441354 3301.031479 0.151882 0.843388 0.515393 0.065524 -0.528886 0.846159 -0.986224 0.094746 0.135590
93.821868 -91.306401 1724.970369 3209.336430 0.086798 0.858532 0.505360 -0.114743 -0.495283 0.861120 -0.989596 0.132730 -0.055521
87.646471 -93.586490 3653.152363 7399.506499 -0.030365 0.880467 0.473134 -0.170980 -0.470951 0.865431 -0.984806 0.054617 -0.164843
92.814023 -102.784515 -8140.355034 2562.234783 0.069581 0.884009 0.462263 -0.345740 -0.413296 0.842408 -0.935747 0.218438 -0.276880
-28.671514 -49.267816 -5467.029604 2142.507090 -0.079314 0.980767 0.178338 -0.609500 -0.189278 0.769860 -0.788809 0.047637 -0.612790
-19.422691 -47.088441 -48.787237 6158.572769 -0.082807 0.975441 0.204104 -0.552032 -0.215412 0.805517 -0.829701 0.045970 -0.556312
-23.386494 -37.880440 -4991.990860 5234.518547 -0.180224 0.934204 0.307866 -0.466817 -0.356732 0.809212 -0.865795 -0.002122 -0.500395
-54.105629 -79.874161 -1153.790745 -3691.170515 0.443115 0.101140 0.890741 -0.207781 0.978145 -0.007700 -0.872053 -0.181668 0.454445
-50.492644 -65.306455 -3188.657555 -10208.202269 0.342653 0.376934 0.860529 -0.527343 0.835233 -0.155872 -0.777495 -0.400384 0.484968
-57.212578 -84.236953 -1271.985819 -6047.956892 0.555911 0.064798 0.828713 -0.217990 0.973429 0.070117 -0.802149 -0.219630 0.555265
-60.678944 -92.336209 -1045.716979 -1156.813266 0.664081 -0.020786 0.747372 -0.061914 0.994651 0.082678 -0.745093 -0.101177 0.659242
-57.917717 -89.163227 -1149.161784 1232.699621 0.535723 -0.027566 0.843944 -0.006002 0.999317 0.036451 -0.844372 -0.024593 0.535192
2.338125 -49.410248 3806.316003 -1495.401312 0.556238 0.801229 -0.220526 -0.090740 0.322338 0.942266 -0.826054 0.504113 -0.252000
9.952554 -50.801212 4015.880766 -2221.094010 0.543759 0.818245 -0.186551 -0.114166 0.292338 0.949476 -0.831440 0.494988 -0.252377
6.536215 -49.160492 3966.232944 -2147.527785 0.566089 0.805369 -0.175852 -0.225654 0.356569 0.906608 -0.792858 0.473540 -0.383585
3.891065 -50.294384 3952.222177 1515.246588 0.553909 0.792168 -0.256233 0.094188 0.246161 0.964642 -0.827232 0.558458 -0.061738
-2.800134 -49.400053 1291.030485 866.801256 0.526197 0.822348 -0.216472 -0.196033 0.365015 0.910129 -0.827459 0.436471 -0.353277
-1.474032 -46.391884 1409.627943 -1569.335963 0.531462 0.776894 -0.337616 0.064635 0.360210 0.930629 -0.844613 0.516416 -0.141223
-5.876739 -47.982493 144.095845 -2897.401836 0.506437 0.817109 -0.275416 -0.089487 0.367486 0.925714 -0.857621 0.444170 -0.259229
0.377074 -46.996842 -944.216048 -3445.816964 -0.376895 -0.446606 0.811476 -0.105142 0.891047 0.441566 -0.920269 0.081104 -0.382788
0.318192 -44.313795 -559.962881 339.261562 -0.369248 -0.416147 0.830950 0.055454 0.882678 0.466695 -0.927675 0.218405 -0.302850
1.719781 -48.751622 -552.866649 -2084.410735 -0.369111 -0.426575 0.825706 -0.077337 0.899460 0.430106 -0.926162 0.094899 -0.364991
0.099480 -67.618286 -496.273733 -2604.207206 0.412475 0.719239 -0.559070 0.254338 0.498382 0.828811 -0.874744 0.484057 -0.022641
0.318665 -70.579233 -1604.818994 -3124.976066 0.404583 0.738523 -0.539347 0.250610 0.477657 0.842044 -0.879492 0.475843 -0.008171
-1.253291 -74.395083 -353.694970 -1118.820914 0.429042 0.728493 -0.534061 0.393430 0.381504 0.836461 -0.813103 0.568992 0.122930
-1.507561 -68.743071 1.994688 763.951708 0.426739 0.715755 -0.552801 0.391396 0.404877 0.826368 -0.815293 0.569008 0.107367
0.237688 -95.374160 693.188344 -11111.395619 0.798346 -0.520595 -0.302695 -0.537381 -0.389023 -0.748253 -0.271781 -0.760028 0.590333
1.970421 -121.530377 1813.186872 -14320.628026 0.821416 -0.502038 -0.270617 -0.469962 -0.326983 -0.819889 -0.323129 -0.800649 0.504528
0.679417 -94.440586 993.710351 -4492.595141 0.768344 -0.547333 -0.331773 -0.609863 -0.468798 -0.638980 -0.194201 -0.693293 0.693997
0.548590 -82.642422 351.570506 -2319.817072 0.765617 -0.546549 -0.339285 -0.612782 -0.459109 -0.643208 -0.195776 -0.700359 0.686417
-0.991561 -80.797594 83.784319 -2891.949399 0.765940 -0.550213 -0.332568 -0.607741 -0.450898 -0.653714 -0.209728 -0.702821 0.679748
2.533995 -106.794392 757.081300 -8126.631073 0.694809 -0.600183 -0.396259 0.718500 0.603465 0.345813 0.031577 -0.524986 0.850525
4.450157 -129.436403 1201.573505 -12226.608836 0.665904 -0.625710 -0.406275 0.724105 0.673157 0.150103 0.179566 -0.394140 0.901338
2.285472 -129.238848 953.166927 -10282.212112 0.660918 -0.630046 -0.407713 0.712685 0.697136 0.077992 0.235093 -0.342117 0.909773
-12.348087 -44.114104 -957.855633 -799.430363 0.059214 0.974731 -0.215392 -0.966659 0.109838 0.231313 -0.249126 -0.194514 -0.948736
-11.268152 -41.302141 -1098.905867 2035.735085 0.062220 0.974808 -0.214190 0.990409 -0.086831 -0.107477 -0.123368 -0.205448 -0.970861
-9.240977 -43.462822 -1304.044754 1322.452358 0.019012 0.972225 -0.233275 0.979333 -0.065098 -0.191492 -0.201359 -0.224813 -0.953370
-4.032193 -41.639997 -1844.723738 1666.823264 0.002485 0.969873 -0.243598 0.989192 -0.038098 -0.141593 -0.146608 -0.240613 -0.959485
-3.777334 -45.074387 -2174.733116 -831.781631 -0.008780 0.969476 -0.245027 -0.967384 0.053801 0.247535 -0.253162 -0.239209 -0.937384
-10.875908 -45.419468 -1238.584428 -278.722078 0.021948 0.973149 -0.229127 -0.946138 0.094266 0.309736 -0.323018 -0.209988 -0.922803
0.162735 -46.580886 657.569293 119.395884 -0.616919 -0.589888 0.521002 0.704843 -0.708628 0.032284 0.350153 0.387142 0.852945
-0.769880 -50.516451 339.713762 2067.410105 -0.592780 -0.607706 0.528493 0.750994 -0.654122 0.090182 0.290895 0.450353 0.844134
0.032129 -49.059923 419.535096 800.725265 -0.597719 -0.602327 0.529087 0.719165 -0.694497 0.021819 0.354307 0.393543 0.848287
-0.983071 -46.984404 682.969926 405.958333 -0.624390 -0.582780 0.520100 0.712048 -0.698403 0.072256 0.321130 0.415452 0.851044
0.039037 -50.536396 -419.790161 767.318348 0.692541 0.441291 -0.570656 -0.009966 0.796841 0.604106 0.721310 -0.412681 0.556243
-0.849847 -52.701919 -1285.172092 2148.808925 0.699413 0.419855 -0.578397 0.089316 0.751578 0.653569 0.709115 -0.508775 0.488164
-1.547468 -49.718819 -1064.250386 864.103530 0.699204 0.445070 -0.559488 -0.019346 0.794078 0.607508 0.714661 -0.413948 0.563832
0.119688 -46.852322 -337.076397 -258.903472 0.689571 0.461826 -0.557860 -0.119181 0.832156 0.541583 0.714344 -0.306973 0.628872
-1.357139 -45.837318 -1017.760882 -161.752350 0.694615 0.467585 -0.546694 -0.133042 0.830338 0.541145 0.706973 -0.303154 0.638973
-8.231449 -49.970828 -1291.969614 -1351.662941 -0.454452 -0.432550 0.778700 0.720760 0.335125 0.606792 -0.523430 0.837013 0.159466
-15.546970 -57.452041 722.410082 731.349113 -0.474065 -0.476141 0.740643 0.778016 0.167321 0.605553 -0.412254 0.863304 0.291124
-7.025227 -54.628859 -2342.885097 2621.247394 -0.463930 -0.433728 0.772430 0.779394 0.214625 0.588626 -0.421087 0.875109 0.238474
4.930993 -204.911159 1521.074576 27039.104335 0.295684 0.107295 -0.949241 0.497803 0.830787 0.248969 0.815330 -0.546152 0.192239
17.509047 -207.647874 4532.623866 32968.895272 0.329863 0.141470 -0.933368 0.402074 0.873493 0.274492 0.854124 -0.465828 0.231252
18.731470 -152.132869 3731.841769 16616.593064 0.286647 0.091155 -0.953690 0.238514 0.957329 0.163193 0.927871 -0.274247 0.252673
6.520880 -159.902172 2875.192438 17888.800715 0.231022 0.078527 -0.969774 0.314085 0.937354 0.150723 0.920858 -0.339412 0.191885
-1.920295 -205.861931 179.576722 22829.898918 0.258671 0.089490 -0.961811 0.598893 0.766374 0.232373 0.757903 -0.636130 0.144644
27.631235 -25.446095 14837.581649 2770.933946 0.103035 0.864259 -0.492382 -0.025990 0.497187 0.867254 -0.994338 0.076561 -0.073690
10.615195 -19.501098 10104.420889 1006.408793 0.130634 0.724223 -0.677079 0.030290 0.679697 0.732867 -0.990968 0.116247 -0.066855
43.282396 -21.534910 17328.875984 1766.495666 0.110928 0.834863 -0.539165 0.029602 0.539497 0.841467 -0.993387 0.109303 -0.035132
45.227340 -19.528048 18851.552611 -931.507778 0.149837 0.766196 -0.624894 0.070811 0.622090 0.779737 -0.986172 0.161083 -0.038957
0.598173 -107.061733 -1453.038656 1776.057905 -0.759062 -0.321167 0.566283 -0.256403 0.947021 0.193412 -0.598400 0.001615 -0.801196
4.580773 -108.441915 -1078.654445 -2294.323807 -0.745193 -0.361451 0.560394 -0.157816 0.912078 0.378428 -0.647906 0.193563 -0.736717
2.455124 -106.185235 -838.339922 1009.072346 -0.748470 -0.332259 0.573930 -0.293538 0.942026 0.162549 -0.594666 -0.046808 -0.802609
14.137490 -32.015340 -2500.139317 1518.173496 0.174722 0.965642 -0.192373 0.980989 -0.153964 0.118135 0.084458 -0.209357 -0.974185
16.424947 -36.716620 784.039003 1571.189060 0.156867 0.980258 -0.120366 0.985256 -0.146899 0.087697 0.068284 -0.132348 -0.988849
16.061779 -39.124651 -351.971328 2520.704575 0.110377 0.980921 -0.160036 0.993880 -0.109658 0.013345 -0.004459 -0.160530 -0.987021
10.249337 -29.418945 3178.098220 273.386601 -0.454644 0.847539 0.273820 -0.719303 -0.530689 0.448299 -0.525264 -0.006857 -0.850912
13.475630 -31.778432 -1215.333598 -1137.812835 -0.599946 0.760970 0.246961 -0.636603 -0.641034 0.428733 -0.484563 -0.100000 -0.869021
7.409741 -30.538254 -475.586081 958.466284 -0.565610 0.778389 0.272390 -0.682766 -0.627246 0.374691 -0.462511 -0.025950 -0.886234
0.173899 -32.285479 2553.710304 2305.449249 -0.370547 0.897072 0.240741 -0.804775 -0.439494 0.398976 -0.463714 0.045903 -0.884795
0.860055 -30.019189 4920.970543 2116.316837 -0.297425 0.927867 0.224948 -0.799212 -0.370856 0.472998 -0.522302 0.039100 -0.851864
7.302825 -29.295149 6743.582514 -92.657764 -0.349251 0.898546 0.265780 -0.744772 -0.438317 0.503183 -0.568629 0.022208 -0.822294
-11.667048 -31.578308 -1328.630857 -1764.446429 0.311115 0.950369 0.002589 -0.801571 0.260939 0.537955 -0.510580 0.169441 -0.842970
-14.846952 -30.567386 -1437.457400 -41.109695 0.208748 0.974117 0.086722 -0.871415 0.145020 0.468621 -0.443915 0.173395 -0.879132
-11.978205 -28.860422 -1208.471480 -479.568135 0.267809 0.963222 0.021932 -0.848011 0.224848 0.479917 -0.457336 0.147125 -0.877039
-13.255524 -28.785884 -1022.427371 756.705331 0.155612 0.985052 0.073874 -0.904679 0.112085 0.411087 -0.396662 0.130802 -0.908598
-8.500487 -30.094835 -789.701935 -1839.618028 0.337607 0.940382 -0.041269 -0.792287 0.307565 0.526959 -0.508236 0.145208 -0.848888
-9.498114 -27.523050 -472.094290 -522.719078 0.289052 0.957232 -0.012491 -0.846824 0.261754 0.463005 -0.446473 0.123254 -0.886268
0.435204 -55.874085 877.315594 -294.131789 0.601353 0.575129 -0.554619 -0.553265 0.800547 0.230266 0.576431 0.168380 0.799610
0.351266 -55.509968 125.466560 -1024.477537 0.592926 0.604711 -0.531754 -0.646536 0.751148 0.133294 0.480031 0.264764 0.836343
-0.574785 -56.116521 172.754059 -378.009860 0.576318 0.619317 -0.533202 -0.662424 0.736118 0.139016 0.478594 0.273088 0.834488
4.348956 -330.370033 3032.176025 49993.943008 0.637910 -0.766278 0.076737 0.768713 0.639584 -0.003514 -0.046387 0.061230 0.997045
12.074433 -400.749095 -6355.595825 4935.848160 -0.614747 0.786365 -0.060955 0.753369 0.608313 0.249781 -0.233499 -0.107631 0.966382
7.766050 -383.495220 5695.084103 82443.724315 0.656571 -0.749740 0.082486 0.750479 0.638417 -0.170893 0.075464 0.174107 0.981831
-0.544417 -231.235972 3390.434051 20123.636437 0.575895 -0.811013 0.102966 0.783621 0.511723 -0.352247 0.232987 0.283544 0.930226
-0.508214 -199.358371 1301.561079 31625.697715 0.626721 -0.775186 0.079417 0.773845 0.607164 -0.180323 0.091565 0.174468 0.980396
7.433295 -364.085122 804.414370 86885.220944 -0.669658 0.741282 -0.045374 0.731939 0.669098 0.128733 -0.125787 -0.052996 0.990641
-54.176048 -76.955838 -1458.240170 4028.078221 -0.017307 -0.988088 0.152913 0.996957 -0.028680 -0.072488 0.076010 0.151193 0.985578
-45.661818 -73.645308 -266.219322 3490.436380 -0.282540 -0.920582 0.269630 0.956510 -0.291625 0.006629 0.072528 0.259777 0.962941
-41.445358 -62.978176 -592.783387 3767.528188 -0.540283 -0.743750 0.393613 0.796728 -0.602651 -0.045128 0.270775 0.289221 0.918168
-44.824963 -70.414647 71.622178 3486.687186 -0.414754 -0.835141 0.361273 0.900578 -0.433536 0.031707 0.130145 0.338505 0.931921
-55.132376 -64.168588 -1150.515261 -4243.498648 -0.052626 0.797182 0.601442 -0.322836 0.556354 -0.765668 0.944991 0.234461 -0.228080
-50.388223 -62.547345 -1992.798808 -3177.621868 -0.054781 0.967035 0.248682 -0.240463 0.228949 -0.943271 0.969111 0.111472 -0.219994
-11.607539 -47.410723 642.650483 -1883.548704 0.369047 0.879896 -0.299311 -0.293001 -0.195476 -0.935916 0.882017 -0.433096 -0.185671
-3.935871 -48.239183 -5035.490539 -1300.032232 0.456051 0.850684 -0.261448 -0.300324 -0.129436 -0.945014 0.837749 -0.509493 -0.196451
9.511380 -52.096314 263.101247 542.876223 0.389209 0.920556 0.033064 -0.520354 0.249339 -0.816738 0.760097 -0.300677 -0.576060
10.227103 -50.579052 168.438918 478.985202 0.371211 0.927498 -0.044163 -0.625535 0.214641 -0.750090 0.686228 -0.306067 -0.659860
7.028232 -51.356667 -255.279828 -449.939050 0.386221 0.922265 -0.016148 -0.481932 0.186832 -0.856058 0.786495 -0.338409 -0.516628
3.001263 -48.722082 -1760.164207 -727.033589 0.383842 0.918440 -0.095564 -0.475108 0.107693 -0.873313 0.791794 -0.380617 -0.477695
2.384677 -54.693056 -1425.989237 2001.010509 0.398083 0.916902 -0.028648 -0.403524 0.146978 -0.903087 0.823831 -0.371064 -0.428501
5.394169 -54.406322 -360.853774 742.562105 0.396273 0.917665 0.029312 -0.378442 0.192342 -0.905420 0.836510 -0.347701 -0.423503
8.685411 -53.596177 409.649318 -1108.147685 0.393490 0.918047 0.048537 -0.416888 0.225242 -0.880608 0.819372 -0.326276 -0.471353
-6.338863 -48.704464 1038.786514 3521.380411 0.094724 0.989970 0.104818 -0.542303 -0.036982 0.839369 -0.834826 0.136351 -0.533360
-8.222726 -46.398550 -814.777767 2955.022660 0.053044 0.994482 0.090514 -0.476132 -0.054487 0.877684 -0.877772 0.089653 -0.470615
-6.264571 -42.721777 798.614280 2370.185919 0.070801 0.987271 0.142418 -0.448190 -0.096067 0.888762 -0.891130 0.126755 -0.435683
8.818545 -103.923879 911.300810 6004.760275 0.072010 0.951661 0.298591 0.178841 0.282197 -0.942540 0.981239 -0.121273 0.149875
-7.234498 -105.703152 -26.869765 3058.551279 0.133245 0.986372 0.096524 -0.050988 -0.090441 0.994596 -0.989771 0.137447 -0.038242
1001.033342 -87.103301 300490.736153 -15494.593426 -0.289838 0.843764 -0.451725 -0.075859 0.450247 0.889676 -0.954065 -0.292129 0.066491
360.276917 -51.042971 113110.763696 -2559.155540 0.059291 0.886758 -0.458416 -0.014470 0.459939 0.887833 -0.998136 0.046007 -0.040102
923.456038 -48.018600 -270612.141699 -4904.755565 0.593412 -0.543742 0.593470 -0.145263 0.652868 0.743412 -0.791682 -0.527359 0.308434
265.493333 -44.992916 83758.916969 1340.455444 -0.022569 0.852826 -0.521708 0.167369 0.517699 0.839032 -0.985636 0.068381 0.154420
1781.782617 -77.646769 -383494.760778 5279.913101 0.915692 -0.284792 0.283552 0.097893 -0.526247 -0.844678 -0.389776 -0.801223 0.454001
976.077327 -4.089239 -136855.855428 -9625.943396 0.953333 -0.177967 0.243893 0.037817 -0.731056 -0.681269 -0.299543 -0.658699 0.690209
26305.573399 -1615.660693 11642791.871666 217674.590613 0.981766 0.189927 0.007943 0.131906 -0.650572 -0.747902 0.136879 -0.735312 0.663762
595.515200 -29.732547 -178593.186808 790.755156 0.489668 -0.609935 0.623060 0.022010 0.723013 0.690484 -0.871631 -0.324395 0.367461
20.361532 -21.426925 283.923618 8009.807105 0.206649 0.978380 -0.008249 -0.948021 0.198138 -0.248993 0.241975 -0.059274 -0.968470
22.170144 -29.192644 -1589.182436 6216.302691 0.221816 0.974684 0.028069 -0.934533 0.220718 -0.279162 0.278290 -0.035691 -0.959834
23.567398 -4.023526 -1546.734585 11788.345634 0.307169 0.949993 0.056227 -0.931156 0.312224 -0.188322 0.196460 -0.005491 -0.980497
25.161985 -26.993052 -2597.538987 5053.333036 0.217853 0.972223 0.085567 -0.921605 0.233779 -0.309824 0.321222 0.011363 -0.946936
26.288354 -10.014092 -3548.840043 8815.402102 0.295760 0.952098 0.077688 -0.926401 0.305714 -0.219820 0.233041 0.006957 -0.972442
46.902080 -40.899632 21949.796403 2175.481099 0.118650 0.967443 -0.223555 -0.002402 0.225425 0.974258 -0.992933 0.115058 -0.029070
75.722484 -36.904012 28583.652643 3201.707439 0.150267 0.956097 -0.251590 -0.077535 0.265093 0.961100 -0.985600 0.124915 -0.113965
-1.063214 -48.876775 1496.278084 -1591.021937 0.087494 0.982547 0.164153 -0.047173 -0.160513 0.985906 -0.995047 0.094005 -0.032306
0.150171 -49.996912 1558.083067 1162.127216 0.053215 0.994563 0.089517 0.426663 -0.103695 0.898446 -0.902844 0.009617 0.429862
12.381494 -45.551736 11995.896917 3179.379424 0.580945 -0.783477 -0.220605 0.735788 0.389620 0.553907 -0.348022 -0.484108 0.802820
36.385914 -39.462272 14424.723220 4171.748787 0.558239 -0.807386 -0.191040 0.779267 0.431192 0.454770 -0.284800 -0.402742 0.869878
4.659171 -41.120459 8822.796164 4884.242140 0.530138 -0.813625 -0.238679 0.809730 0.402275 0.427215 -0.251579 -0.419749 0.872078
-3.646352 -131.866469 250.536464 5709.966418 0.367399 -0.126127 0.921472 0.440110 0.896391 -0.052782 -0.819342 0.424941 0.384843
5.364864 -303.834267 1397.883152 -8234.095127 0.232112 -0.209031 0.949963 0.970941 0.108317 -0.213403 -0.058289 0.971892 0.228098
4.868825 -490.059627 2146.588804 -34474.665151 0.193232 -0.180345 0.964436 0.970463 -0.109576 -0.214930 0.144441 0.977481 0.153845
-253.894796 -493.904789 61290.282594 157655.247370 -0.434564 0.194850 -0.879311 0.703256 -0.536524 -0.466447 -0.562658 -0.821082 0.096124
22.587054 -27.289075 940.845057 7470.775239 0.127726 0.982819 -0.133241 -0.963514 0.091098 -0.251677 0.235215 -0.160525 -0.958596
22.118395 -20.606323 -821.998556 -7490.255413 0.063827 0.972274 -0.224967 0.970736 -0.008192 0.240010 0.231513 -0.233703 -0.944344
19.642862 -30.819832 -698.595731 1132.139476 0.135506 0.965687 -0.221554 -0.931108 0.047691 -0.361612 0.338638 -0.255291 -0.905622
-17.902597 -37.394770 -1115.586691 1203.814078 0.090204 0.885049 0.456675 -0.638271 0.403370 -0.655670 0.764509 0.232339 -0.601286
1.151684 -52.502298 906.148031 224.938375 0.077615 0.983688 0.162276 0.205270 -0.175047 0.962924 -0.975623 0.041427 0.215508
-4.002494 -115.226750 1433.612120 -5747.087745 0.364871 0.930731 0.024662 -0.044850 0.044027 -0.998023 0.929977 -0.363044 -0.057807
-4.290119 -124.445266 -25.455321 -5180.726048 0.395010 0.918676 -0.001676 -0.215204 0.090759 -0.972343 0.893115 -0.384445 -0.233553
-3.467326 -130.435030 361.925828 243.928614 0.375247 0.926656 -0.022309 -0.448338 0.160383 -0.879358 0.811285 -0.339978 -0.475639
11.167808 -175.057803 -1540.245215 9406.380676 0.382515 0.921450 0.067919 0.600658 -0.192143 -0.776074 0.702063 -0.337656 0.626974
13.125681 -512.535687 -1776.657732 123703.994035 -0.389489 -0.692259 0.607516 0.719949 0.182551 0.669588 -0.574431 0.698178 0.427289
19.352944 -376.551128 -3007.579677 99371.793485 -0.434315 -0.722941 0.537334 0.877300 -0.204236 0.434319 -0.204244 0.660034 0.722938
22.220947 -391.794676 2078.927370 51612.948207 -0.350045 -0.767961 0.536381 0.708205 0.157824 0.688141 -0.613119 0.620747 0.488628
16.510579 -708.609770 1572.653784 147828.396019 0.443247 0.641665 -0.625938 0.452366 0.442725 0.774183 -0.773885 0.626307 0.094031
9.415884 -449.905979 -5862.046819 -57876.125074 0.337464 0.780776 -0.525839 0.298694 0.440925 0.846385 -0.892693 0.442689 0.084417
22.578803 -282.926033 1439.719707 26774.614619 -0.360655 -0.816110 0.451545 0.827989 -0.057272 0.557812 -0.429375 0.575052 0.696385
16.723114 -336.205340 -3312.131814 -24533.756199 0.336403 0.807057 -0.485275 0.583705 0.225685 0.779971 -0.739000 0.545642 0.395162
-8.130783 -51.941759 -79.448544 -2459.476435 0.120591 0.988550 0.090703 0.905730 -0.146966 0.397559 -0.406338 -0.034211 0.913082
-5.598283 -46.826073 259.550388 -111.234597 0.063169 0.995872 0.065175 0.863136 -0.087300 0.497368 -0.501005 -0.024837 0.865088
-8.213799 -52.707472 47.175046 -2947.649625 0.137269 0.982840 0.123222 0.876838 -0.178436 0.446447 -0.460773 -0.046762 0.886285
-9.011787 -53.819184 170.087692 -4727.782531 0.160445 0.979307 0.123347 0.904216 -0.195938 0.379475 -0.395791 -0.050648 0.916943
96.355797 -85.999344 3731.700613 3228.861031 0.226022 0.846031 0.482851 0.289608 -0.531626 0.795928 -0.930076 0.040059 0.365177
112.542924 -81.835321 18133.815899 2544.039845 0.093353 0.845207 0.526223 0.236168 -0.532245 0.812982 -0.967218 -0.048383 0.249297
96.479539 -89.561029 -6421.988436 5552.810096 0.303028 0.806333 0.507938 0.053320 -0.546510 0.835754 -0.951489 0.226174 0.208602
-48.888056 -74.817580 -2314.164767 -6349.632270 0.314676 0.262283 0.912243 -0.392284 0.911086 -0.126632 -0.864345 -0.318011 0.389586
-39.529100 -60.213345 -8492.737412 -6579.087039 0.041374 0.590162 0.806224 -0.593491 0.663651 -0.455341 -0.803777 -0.459647 0.377714
-4.673388 -50.519392 -23177.456964 636.540246 -0.359898 0.809533 0.463822 0.615948 -0.167239 0.769830 -0.700772 -0.562751 0.438441
-38.939071 -53.083688 -19299.102176 -87.705912 -0.289466 0.833942 0.469841 0.692793 -0.156173 0.704023 -0.660490 -0.529293 0.532543
11.355925 -49.974728 4466.090198 -2981.888606 0.548623 0.817890 -0.173404 -0.234767 0.349761 0.906946 -0.802432 0.456862 -0.383901
12.024756 -51.223340 51.143365 -2874.713478 0.501846 0.845837 -0.180863 -0.222949 0.328530 0.917803 -0.835730 0.420272 -0.353450
15.134558 -51.873412 883.815117 -1104.942112 0.488299 0.854868 -0.175399 -0.080448 0.244229 0.966375 -0.868961 0.457769 -0.188029
12.455486 -52.224223 1824.292196 2106.734769 0.511620 0.834901 -0.202942 0.086848 0.184735 0.978943 -0.854812 0.518472 -0.022005
-1.337210 -43.478478 -1043.784456 1433.340479 -0.381633 -0.444004 0.810689 0.058838 0.863623 0.500693 -0.922439 0.238780 -0.303463
-0.362077 -45.886450 -240.233688 4279.623562 -0.365626 -0.412556 0.834335 0.197593 0.841564 0.502720 -0.909546 0.348666 -0.226180
-2.026014 -74.155476 1182.361737 -2619.923258 0.439591 0.729788 -0.523612 0.286409 0.438636 0.851803 -0.851310 0.524412 0.016197
-1.617519 -77.949505 -39.627251 -1395.936215 0.431159 0.731246 -0.528565 0.385543 0.380327 0.840659 -0.815756 0.566243 0.117946
-0.292720 -71.966711 -51.699175 -3928.304876 0.415379 0.723003 -0.552022 0.152566 0.542882 0.825834 -0.896763 0.427254 -0.115196
-2.370862 -78.652243 721.767744 802.824472 0.432380 0.732414 -0.525944 0.468643 0.315780 0.825019 -0.770338 0.603202 0.206704
-1.458039 -72.307363 1552.697224 -4195.653034 0.437437 0.721224 -0.537108 0.116312 0.546889 0.829086 -0.891695 0.425145 -0.155342
-4.447821 -74.941673 1684.983675 -3919.927915 0.429704 0.740269 -0.517065 0.227078 0.465634 0.855348 -0.873951 0.484961 -0.031985
-3.453435 -78.383749 1444.302306 227.208497 0.427289 0.737657 -0.522767 0.441493 0.334347 0.832644 -0.788992 0.586578 0.182808
2.140499 -161.356659 2612.964595 -18160.772534 0.844194 -0.487145 -0.223665 -0.302460 -0.088402 -0.949054 -0.442555 -0.868835 0.221971
1.456818 -131.882096 2671.516746 -11799.971686 0.836997 -0.479649 -0.263389 -0.354782 -0.109209 -0.928549 -0.416613 -0.870638 0.261579
3.736941 -150.378647 805.462851 -12964.000526 0.648486 -0.649449 -0.397092 0.708070 0.706140 0.001439 0.279468 -0.282103 0.917778
5.340132 -126.347273 1217.031491 -8394.661182 0.666724 -0.631657 -0.395586 0.743321 0.602254 0.291142 0.054341 -0.488159 0.871062
4.601454 -155.913759 1100.654872 -14915.614243 0.637248 -0.664140 -0.390939 0.743228 0.663759 0.083878 0.203782 -0.344008 0.916587
-14.407525 -44.171156 -1187.851864 -889.560798 0.110667 0.973700 -0.199150 -0.968677 0.150495 0.197524 -0.222301 -0.171053 -0.959856
-14.644602 -41.195758 -1080.688437 1945.094801 0.079843 0.981254 -0.175403 0.992816 -0.094014 -0.074012 -0.089115 -0.168233 -0.981711
-0.038198 -51.800187 215.484233 1786.873591 -0.582100 -0.614009 0.533060 0.762284 -0.640241 0.094946 0.282989 0.461612 0.840733
-0.862818 -50.506423 756.487216 1147.051175 -0.569810 -0.632805 0.524285 0.800091 -0.572798 0.178204 0.187541 0.521018 0.832688
-1.929275 -51.079456 -98.327683 3780.356475 -0.577756 -0.610620 0.541610 0.780758 -0.606896 0.148641 0.237937 0.508744 0.827385
-2.416461 -48.489452 200.401631 1359.621412 -0.609893 -0.587435 0.531930 0.748590 -0.647334 0.143427 0.260083 0.485673 0.834553
0.606114 -53.709617 -768.700941 1682.888380 0.696609 0.419400 -0.582100 0.081142 0.760083 0.644741 0.712848 -0.496365 0.495449
-2.241372 -36.019666 315.655191 1259.565050 -0.369675 -0.404210 0.836633 0.561295 0.620411 0.547758 -0.740465 0.672090 -0.002469
-2.769501 -43.175735 -1008.303386 -3346.157701 -0.424507 -0.440174 0.791227 0.557779 0.561227 0.611480 -0.713215 0.700907 0.007275
-0.272331 -35.710963 -1055.550914 -436.848996 -0.386569 -0.391150 0.835204 0.577688 0.603238 0.549892 -0.718917 0.695058 -0.007230
-0.890592 -33.175078 22.521426 787.881111 -0.360428 -0.361328 0.859961 0.531666 0.677933 0.507678 -0.766435 0.640194 -0.052240
7550.116146 -247.231044 2855198.403317 -51086.079274 0.931253 -0.008746 -0.364269 -0.297723 -0.594622 -0.746850 0.210071 -0.803958 0.556347
938.033355 -61.528686 351644.381392 -14812.957638 0.980437 -0.189123 -0.054557 -0.159561 -0.601336 -0.782902 -0.115258 -0.776291 0.619749
493.172818 -41.381513 -6196.857835 -1792.319477 0.870362 -0.462987 0.167668 -0.173153 -0.606523 -0.775982 -0.460964 -0.646353 0.608062
3.698074 -30.602429 -1703.966052 -19.719277 -0.735084 0.603985 0.307983 0.534663 0.795757 -0.284441 -0.416877 -0.044421 -0.907877
15.324508 -36.598896 -4982.531735 -1423.077200 -0.681843 0.697329 0.220957 -0.556438 -0.690513 0.462135 -0.474834 -0.192155 -0.858842
8.649896 -33.917437 -4328.069304 1284.640592 -0.741645 0.615870 0.265833 0.521564 0.778647 -0.348826 -0.421822 -0.120056 -0.898695
-17.479642 -33.525493 -856.235932 1139.895624 0.064016 0.978655 0.195287 -0.923861 -0.015875 0.382400 -0.377337 0.204897 -0.903124
-15.168850 -31.268533 -1641.870411 1585.657620 0.079375 0.988733 0.126913 -0.919056 0.023280 0.393438 -0.386051 0.147869 -0.910549
-0.784795 -56.128661 383.145155 -996.088043 0.562540 0.630398 -0.534927 -0.726964 0.685319 0.043142 0.393792 0.364604 0.843796
-7.723450 -28.092503 -223.808258 -1178.330866 0.598865 0.750740 -0.278838 -0.633728 0.657118 0.408148 -0.489642 0.067718 -0.869290
-6.078704 -27.654013 -44.163743 -2557.272731 0.498186 0.846108 -0.189505 -0.707769 0.523078 0.474817 -0.500873 0.102422 -0.859440
-8.752193 -25.254164 -31.682118 -594.412193 0.555024 0.797789 -0.235544 -0.685130 0.599015 0.414460 -0.471746 0.068657 -0.879057
-10.790094 -26.553534 470.716328 863.249846 -0.670125 -0.669816 0.319811 -0.591883 0.742221 0.314297 -0.447892 0.021327 -0.893833
-9.531667 -29.086917 363.639853 578.423849 -0.717185 -0.587240 0.375227 -0.506067 0.809043 0.298909 -0.479106 0.024482 -0.877416
5.385843 -490.308764 7313.934575 67184.499948 0.592643 -0.800051 0.093232 0.801747 0.574834 -0.163610 0.077304 0.171710 0.982110
-3.013498 -73.997913 230.178509 -9231.485888 0.419231 0.680992 -0.600412 0.513271 0.367721 0.775457 -0.748865 0.633270 0.195374
-3.426448 -71.583111 85.892080 -7305.395754 0.422982 0.673772 -0.605902 0.509618 0.376007 0.773892 -0.749250 0.636121 0.184322
-2.155201 -70.503483 66.714687 -2657.046516 0.414574 0.675215 -0.610093 0.470600 0.414742 0.778797 -0.778887 0.609978 0.145815
-50.475294 -84.417282 1545.236001 7404.736037 0.329436 -0.941950 0.064817 0.943464 0.325742 -0.061380 0.036703 0.081373 0.996008
