10861
21706
-29.753245 -41.213457 -149.801640 1783.379011 -0.480231 -0.143411 0.865339 0.168154 0.953193 0.251291 -0.860873 0.266188 -0.433638
-23.606226 -42.479331 849.064706 3043.205637 -0.327129 0.077308 0.941812 0.354224 0.934010 0.046368 -0.876078 0.348781 -0.332926
-24.668019 -33.186660 132.222188 1957.172735 -0.531658 -0.348635 0.771877 0.217709 0.824474 0.522346 -0.818500 0.445754 -0.362437
-18.551011 -32.537971 1143.768314 2757.256167 -0.344354 -0.119560 0.931196 0.434795 0.858771 0.271047 -0.832090 0.498215 -0.243737
-26.760419 -38.779425 -36.340571 1842.447568 -0.607489 -0.461529 0.646489 -0.000393 0.814056 0.580786 -0.794328 0.352567 -0.494712
-18.671065 -24.990786 -263.565266 1029.014426 0.580588 0.609422 -0.539928 0.133587 0.582854 0.801521 -0.803164 0.537480 -0.256987
-24.135314 -33.228493 256.683472 1532.002795 0.652720 0.669341 -0.354878 -0.146436 0.571057 0.807744 -0.743312 0.475264 -0.470756
-20.454117 -27.754906 314.010167 863.721413 0.623668 0.725342 -0.291406 -0.110628 0.450939 0.885672 -0.773822 0.520127 -0.361479
-2.762227 -60.279046 -675.117410 -2254.014051 0.977629 -0.209506 -0.018687 0.123020 0.641584 -0.757124 -0.170611 -0.737887 -0.653004
-6.853893 -59.248377 -731.736743 -1681.586189 0.979727 -0.200338 -0.000015 0.148537 0.726455 -0.670970 -0.134431 -0.657365 -0.741485
-6.435943 -50.396735 -954.870194 -1982.980700 0.967696 -0.246292 0.053892 0.179729 0.523992 -0.832545 -0.176810 -0.815336 -0.551330
-10.849345 -54.379278 -932.067663 -2318.825577 0.975877 -0.207760 0.067081 0.187524 0.640329 -0.744858 -0.111797 -0.739469 -0.663842
-1.706309 -49.192034 -823.911518 -2182.524195 0.969768 -0.240709 0.040113 0.142697 0.426016 -0.893391 -0.197959 -0.872106 -0.447485
-10.697657 -45.558713 -947.875761 -2246.643075 0.962269 -0.236322 0.134874 0.230992 0.447499 -0.863937 -0.143811 -0.862494 -0.485203
-5.994743 -42.598887 -949.504592 -1199.165024 0.944010 -0.281034 0.172815 0.256944 0.297711 -0.919428 -0.206941 -0.912353 -0.353252
2.804691 -25.501857 866.080943 654.377037 -0.607741 0.039772 0.793139 0.177913 0.980177 0.087174 -0.773950 0.194089 -0.602770
4.051305 -24.700535 2.468414 426.319733 -0.658074 -0.049934 0.751295 0.113125 0.979916 0.164218 -0.744406 0.193058 -0.639209
1.867317 -22.636547 688.508219 574.116015 -0.618201 0.016405 0.785849 0.246261 0.953489 0.173821 -0.746447 0.300981 -0.593488
-0.345868 -23.424801 915.725573 530.921121 -0.594019 0.085167 0.799930 0.271279 0.957342 0.099523 -0.757330 0.276123 -0.591783
-1.824048 -20.671099 583.269709 400.797784 -0.594496 0.081011 0.800007 0.346417 0.923653 0.163895 -0.725651 0.374571 -0.577172
-0.939815 -19.307592 6.852537 404.009847 -0.645150 -0.010177 0.763988 0.300520 0.915939 0.265976 -0.702473 0.401188 -0.587860
-0.369705 -26.100259 153.638306 -299.270761 0.300490 0.744806 -0.595794 -0.271103 0.665594 0.695333 -0.914445 0.047419 -0.401923
0.526218 -27.311311 74.915900 -277.792654 0.302431 0.736895 -0.604584 -0.122402 0.659060 0.742064 -0.945279 0.150421 -0.289517
0.516932 -26.454853 -12.066550 -543.836719 0.287282 0.746113 -0.600653 -0.261054 0.664337 0.700362 -0.921585 0.044399 -0.385628
0.536861 -25.088755 236.589751 -183.521870 0.294412 0.759876 -0.579577 -0.351051 0.650048 0.673944 -0.888867 -0.005044 -0.458137
0.737349 -38.750363 -114.155333 -309.094056 0.374053 0.704864 -0.602704 0.038547 0.637502 0.769484 -0.926606 0.311060 -0.211289
-0.060531 -37.779551 -259.257777 -234.039271 0.362012 0.725672 -0.585105 0.106015 0.591556 0.799264 -0.926126 0.351372 -0.137218
0.396097 -34.624776 -48.782180 -518.915471 -0.376175 -0.682674 0.626457 -0.047559 0.689454 0.722766 -0.925327 0.242092 -0.291823
0.669998 -35.731530 64.841991 -606.602917 -0.376949 -0.677228 0.631880 -0.099150 0.707787 0.699434 -0.920912 0.201000 -0.333946
-0.617957 -46.144688 -118.256121 2320.248998 0.252058 0.121504 -0.960054 0.964200 -0.115983 0.238467 -0.082375 -0.985791 -0.146389
-0.444789 -52.341370 -114.313703 2687.330393 0.239077 0.125031 -0.962917 0.966049 -0.130647 0.222891 -0.097934 -0.983513 -0.152021
-0.593650 -57.339635 -177.100895 3667.192942 0.209220 0.130680 -0.969097 0.939783 -0.300758 0.162335 -0.270250 -0.944705 -0.185735
326.326676 -28.452049 53102.127785 -235.488550 0.727743 0.392734 -0.562272 -0.081046 0.863318 0.498110 0.681044 -0.316926 0.660103
5123.766871 -124.301843 819841.127884 2247.599148 0.634772 0.530936 -0.561401 -0.045349 0.750891 0.658867 0.771367 -0.392772 0.500722
595.785130 6.485955 -83123.902538 25203.099620 -0.662399 -0.663891 -0.347097 0.732611 -0.477231 -0.485316 0.156551 -0.575760 0.802491
770.228090 -70.973395 -125431.118495 -10895.579469 0.884244 -0.066738 0.462232 0.205776 -0.832810 -0.513891 -0.419247 -0.549521 0.722674
454.623045 -2.961625 -57695.932050 2542.410216 0.824265 -0.079569 0.560585 -0.224981 0.862534 0.453232 -0.519587 -0.499704 0.693055
35.458155 -26.509729 -808.390046 74.942027 -0.265780 0.371173 0.889714 0.729994 0.680285 -0.065735 -0.629659 0.632015 -0.451760
33.555000 -26.255730 -28.928996 -277.952783 -0.203807 0.303245 0.930863 0.767904 0.639306 -0.040137 -0.607277 0.706633 -0.363158
32.904318 -26.314766 -238.805176 -131.888773 -0.205540 0.304423 0.930097 0.691246 0.717927 -0.082222 -0.692772 0.626025 -0.357994
-1.410593 -45.226219 64.183923 -1864.617113 0.299841 0.130226 -0.945059 0.950727 0.041060 0.307297 0.078822 -0.990634 -0.111498
-0.870047 -40.300464 -76.443282 -425.153291 0.280396 0.121175 -0.952205 0.959632 -0.012652 0.280973 0.022000 -0.992551 -0.119831
-0.346261 -43.059168 7.502337 911.266727 0.257198 0.126122 -0.958093 0.965372 -0.078337 0.248839 -0.043670 -0.988917 -0.141903
-0.280728 -43.979400 222.854404 388.037746 0.239252 0.141962 -0.960524 0.970632 -0.060578 0.232816 -0.025136 -0.988017 -0.152286
-9.061841 -53.185482 -13.206167 -574.971828 -0.225832 -0.129507 0.965520 0.900392 0.350604 0.257626 -0.371880 0.927526 0.037429
-9.487464 -52.175056 362.241576 -509.531621 -0.217134 -0.180005 0.959402 0.941859 0.219553 0.254357 -0.256425 0.958851 0.121867
-10.192171 -53.163042 247.618590 -111.868954 -0.207218 -0.142676 0.967835 0.969185 0.104757 0.222950 -0.133197 0.984210 0.116572
-9.541791 -54.591521 -210.410619 -280.333608 -0.210109 -0.089665 0.973558 0.957612 0.181839 0.223415 -0.197063 0.979232 0.047658
61.336293 -25.468669 -2837.086559 1831.340532 0.716960 -0.305268 0.626721 -0.012738 0.893135 0.449608 -0.696998 -0.330334 0.636454
61.356894 -20.448247 -5511.828880 2267.370380 0.474694 -0.363552 0.801558 -0.011436 0.908081 0.418639 -0.880077 -0.207892 0.426903
66.248877 -19.199417 -5074.804083 -400.408299 0.640894 -0.310210 0.702157 -0.027682 0.904774 0.424991 -0.767130 -0.291811 0.571277
64.134758 -29.379474 1822.104067 -2016.786652 0.867046 -0.183658 0.463143 -0.032698 0.906600 0.420723 -0.497154 -0.379930 0.780058
3.829495 -74.975481 -1577.901832 -3160.526031 0.976845 -0.212747 0.022627 0.171019 0.712917 -0.680075 -0.128552 -0.668197 -0.732794
-1.106483 -67.782484 -681.393115 -832.185741 0.988245 -0.152862 -0.002457 0.086527 0.572497 -0.815328 -0.126039 -0.805531 -0.578994
3.140501 -67.501683 -1732.366695 -522.854004 0.981693 -0.190455 0.002186 0.108245 0.548427 -0.829163 -0.156720 -0.814221 -0.559003
3.866794 -36.044129 1421.847391 131.685537 0.980727 0.029943 0.193073 -0.179676 0.526391 0.831041 0.076748 0.849715 -0.521626
7.494575 -34.049436 1383.210055 -61.020230 0.961732 0.079882 0.262088 -0.272251 0.386256 0.881298 0.030833 0.918926 -0.393223
8.570651 -31.798012 692.996274 -129.662741 0.966125 0.117731 0.229656 -0.257832 0.478870 0.839170 0.011179 0.869956 -0.493003
2.420941 -37.064179 1450.882944 262.122352 0.977838 0.033346 0.206691 -0.203819 0.377325 0.903374 0.047866 0.925481 -0.375759
46.927828 -285.562740 -3077.142599 18054.667138 0.982546 0.022661 0.184632 0.059184 -0.979057 -0.194792 -0.176351 -0.202319 0.963311
18.961943 -209.993474 4751.486223 621.963427 0.999326 0.024763 -0.027095 0.023380 -0.998465 -0.050220 0.028297 -0.049552 0.998371
24.839335 -345.719997 5446.129481 -32935.818370 0.984226 0.175207 0.024529 0.167391 -0.877362 -0.449685 0.057267 -0.446698 0.892850
282.635551 -9924.566354 8593.183339 -2337475.593637 0.963601 0.246272 0.104038 0.237824 -0.611864 -0.754362 0.122122 -0.751647 0.648162
38.394238 -689.032554 -7335.159331 104426.001750 0.985537 0.080433 0.149157 0.148581 -0.833403 -0.532318 -0.081492 -0.546781 0.833300
17.631969 -13.870707 -3763.109303 -204.216206 -0.221192 -0.234494 0.946619 0.062204 0.965293 0.253655 -0.973244 0.114990 -0.198928
27.451865 -14.913524 -2219.508595 -25.678412 -0.080714 -0.246310 0.965824 0.046515 0.966999 0.250497 -0.995651 0.065144 -0.066593
18.737085 -15.380689 -3086.013644 780.268261 -0.203963 -0.272225 0.940368 0.012471 0.959760 0.280544 -0.978899 0.068948 -0.192361
11.779755 -21.022051 72.955963 -297.349232 0.869489 0.071952 0.488684 -0.493402 0.079832 0.866130 -0.023307 0.994208 -0.104914
8.528220 -19.046081 583.951381 -281.715497 0.890169 0.006349 0.455585 -0.449747 0.172398 0.876360 0.072979 0.985007 -0.156319
8.697360 -21.119712 1777.822113 -503.354880 0.902842 -0.061473 0.425556 -0.419383 0.092404 0.903094 0.094839 0.993822 -0.057645
8.433621 -18.869699 -952.304999 -190.781748 0.846253 0.142178 0.513460 -0.532182 0.179862 0.827304 -0.025272 0.973363 -0.227874
11.387241 -23.442732 891.359107 -694.068282 0.890763 -0.013281 0.454273 -0.454373 -0.005646 0.890794 0.009266 0.999896 0.011064
9.818843 -21.167823 -1571.331247 -253.479274 0.818731 0.196767 0.539409 -0.561507 0.078114 0.823777 -0.119956 0.977334 -0.174440
12.741757 -23.218745 -1116.040724 -625.228135 0.832619 0.164186 0.528951 -0.534998 -0.008607 0.844809 -0.143259 0.986392 -0.080673
121.189123 -2344.802702 14055.991791 -361657.339404 0.848921 0.119756 0.514774 -0.154252 0.987725 0.024596 -0.505509 -0.100285 0.856973
1.218734 -321.935032 -760.430702 11661.472663 0.842417 0.349196 0.410361 -0.055776 -0.700979 0.710997 -0.535932 0.621844 0.571040
42.899982 -2038.792798 -1104.932249 -454868.866764 0.798520 0.437229 0.413759 -0.207578 0.845184 -0.492519 -0.565047 0.307399 0.765655
50.259814 -2817.622652 3892.265201 -430477.094154 0.794721 0.343031 0.500748 -0.371175 0.927411 -0.046231 -0.480258 -0.149124 0.864358
8.292264 -553.713493 960.573692 -88777.477406 0.818929 0.257852 0.512707 -0.355819 0.929072 0.101085 -0.450276 -0.265212 0.852592
27.423242 -31.902219 -3667.652793 -1696.341033 0.646906 0.109321 -0.754693 0.151489 0.951523 0.267685 0.747371 -0.287495 0.598985
6.164313 -22.578525 -3913.759289 -1783.255707 0.739607 0.139011 -0.658527 0.164899 0.911189 0.377548 0.652526 -0.387827 0.650999
10.961579 -34.100820 -5148.342621 -1951.309604 0.766535 0.190969 -0.613152 0.025056 0.945143 0.325693 0.641714 -0.265018 0.719700
39.659912 -45.270225 -6876.182269 -2954.065398 0.693423 0.195948 -0.693375 -0.038338 0.970982 0.236059 0.719510 -0.137107 0.680813
9.020528 -42.820260 -5530.590242 -1800.577096 0.757317 0.287406 -0.586403 -0.190940 0.956159 0.222038 0.624510 -0.056186 0.778993
1.570287 -10.326826 158.402186 -922.610189 0.495927 0.159378 -0.853613 0.851673 -0.281083 0.442319 -0.169440 -0.946357 -0.275134
1.137873 -16.171758 427.731600 -838.454478 0.501058 0.165913 -0.849361 0.859614 -0.208852 0.466310 -0.100024 -0.963770 -0.247268
-1.260222 -10.449794 451.605397 -889.679468 0.385595 0.199754 -0.900786 0.901996 -0.287110 0.322445 -0.194215 -0.936838 -0.290886
0.841462 -5.627866 462.218011 -678.829103 0.217932 0.253081 -0.942579 0.947119 -0.287912 0.141678 -0.235524 -0.923611 -0.302443
1.222735 -6.428413 14.220320 -1176.917229 0.558958 0.135230 -0.818094 0.806951 -0.315706 0.499159 -0.190776 -0.939171 -0.285590
3.263585 -12.555174 109.269958 -1238.857518 0.664942 0.084719 -0.742075 0.733355 -0.262381 0.627173 -0.141573 -0.961238 -0.236598
1.690465 -4.773928 171.969942 -119.639140 0.162433 0.254025 -0.953460 0.964254 -0.245888 0.098761 -0.209357 -0.935420 -0.284885
27.988531 -43.799646 -592.857176 -4645.987200 0.711086 -0.667763 -0.220113 -0.532233 -0.306650 -0.789109 -0.459440 -0.678276 0.573460
23.445332 -44.282305 -1194.505016 -5149.131850 0.654492 -0.742698 -0.141563 -0.521607 -0.308002 -0.795651 -0.547327 -0.594588 0.588981
24.910375 -33.557363 -1406.133443 -1742.695673 0.665286 -0.734639 -0.133044 -0.549589 -0.361286 -0.753276 -0.505319 -0.574263 0.644108
18.904441 -37.567594 1696.418147 2953.793411 -0.602188 0.795764 0.064267 0.524540 0.333684 0.783271 -0.601854 -0.505386 0.618350
18.407800 -34.315121 1685.762351 -1148.842675 -0.579119 0.811864 0.074151 0.571640 0.339541 0.746954 -0.581247 -0.474963 0.660728
11.126940 -23.505808 -540.127321 332.024030 -0.181026 0.575872 0.797246 -0.700184 0.493792 -0.515666 0.690631 0.651568 -0.313827
8.605195 -20.790874 -936.876384 -519.356691 -0.172167 0.615771 0.768886 0.772878 -0.399504 0.493008 0.610753 0.679134 -0.407134
7.580154 -21.945850 -1044.268477 264.359600 -0.113289 0.604751 0.788316 -0.711612 0.504320 -0.489152 0.693378 0.616391 -0.373214
4.396190 -37.263998 97.634480 12.766764 0.748306 -0.333628 -0.573350 0.272924 -0.632933 0.724505 0.604608 0.698633 0.382573
3.817341 -37.365443 149.088498 105.068542 0.749988 -0.327727 -0.574554 0.262968 -0.649299 0.713624 0.606931 0.686299 0.400785
4.044160 -37.342144 153.874566 -427.806417 0.747170 -0.331065 -0.576310 0.363465 -0.522430 0.771336 0.556444 0.785788 0.270014
4.388497 -36.597639 80.212168 -694.395167 0.745597 -0.336433 -0.575237 -0.163212 0.744725 -0.647107 0.646101 0.576366 0.500355
6.667058 -58.899176 -1773.916958 2221.110811 0.434355 -0.729381 -0.528526 0.863169 0.504752 0.012800 0.257438 -0.461767 0.848821
8.290623 -55.417628 1550.531619 1445.207636 -0.459404 0.676872 0.575146 0.779796 0.617383 -0.103709 0.425283 -0.400852 0.811450
10.950317 -59.573726 -1667.604354 1070.674895 0.429721 -0.707126 -0.561527 0.879138 0.469551 0.081477 0.206051 -0.528672 0.823437
9.191253 -63.037670 -1621.019232 530.410693 0.419386 -0.729195 -0.540730 0.907714 0.328253 0.261354 -0.013082 -0.600436 0.799566
0.856930 -28.891405 -3.461785 -235.552902 -0.446205 0.500813 0.741679 -0.543750 0.506525 -0.669155 -0.710800 -0.701868 0.046304
0.652052 -29.268113 159.787290 159.101367 0.470680 -0.503643 -0.724433 0.549445 -0.475114 0.687297 -0.690341 -0.721533 0.053097
0.990318 -28.640424 -142.468005 -143.576002 -0.461471 0.498746 0.733687 -0.429139 0.598323 -0.676646 -0.776456 -0.627106 -0.062078
0.647112 -29.888773 315.870300 -365.653790 0.480555 -0.500142 -0.720365 0.608588 -0.401238 0.684564 -0.631417 -0.767376 0.111563
0.819634 -28.768231 -31.846204 -239.704457 -0.447238 0.501479 0.740606 -0.436540 0.600323 -0.670108 -0.780648 -0.623002 -0.049572
0.570825 -28.969604 90.453384 -170.402999 -0.444286 0.503527 0.740993 -0.475225 0.568692 -0.671380 -0.759454 -0.650423 -0.013373
0.659251 -29.076862 97.033301 -80.483753 0.461252 -0.498816 -0.733778 0.637904 -0.388386 0.665007 -0.616705 -0.774816 0.139053
0.064846 -28.654570 -341.202297 314.701415 0.418761 -0.511587 -0.750278 0.596105 -0.468418 0.652107 -0.685053 -0.720322 0.108805
23.347145 -25.325032 -1607.080434 -642.698635 -0.601264 0.139330 0.786809 0.783990 0.293147 0.547198 -0.154409 0.945861 -0.285492
19.222613 -26.570963 -1245.670029 -349.371313 -0.567754 0.109202 0.815923 0.820147 0.160302 0.549238 -0.070816 0.981009 -0.180574
26.831935 -25.056243 279.334346 -692.988420 -0.489042 0.017094 0.872093 0.836604 0.292130 0.463415 -0.246843 0.956226 -0.157164
32.355727 -22.877669 -1979.478886 -839.124486 -0.550620 0.109945 0.827484 0.790792 0.386161 0.474897 -0.267330 0.915856 -0.299572
-3.997015 -26.737040 -114.557577 40.318773 0.440402 -0.467586 -0.766426 0.776518 -0.230096 0.586580 -0.450628 -0.853475 0.261754
-3.011147 -28.178243 -308.276917 270.680263 0.430781 -0.490065 -0.757802 0.728068 -0.307440 0.612697 -0.533240 -0.815670 0.224362
-4.254205 -27.951701 -28.743460 535.069675 0.429903 -0.458556 -0.777759 0.746745 -0.303616 0.591768 -0.507499 -0.835191 0.211899
-4.736105 -25.978943 63.636273 87.236055 0.451178 -0.444749 -0.773716 0.795000 -0.193611 0.574882 -0.405478 -0.874479 0.266223
2.846048 -30.974391 267.771475 -361.645952 0.726530 -0.311218 -0.612615 0.637066 -0.029006 0.770263 0.257489 0.949896 -0.177193
1.444604 -33.584730 191.159844 -248.461564 0.704128 -0.319029 -0.634369 0.644314 -0.088419 0.759633 0.298435 0.943612 -0.143296
3.016678 -32.954979 237.019674 -65.790296 0.733473 -0.321669 -0.598788 0.573406 -0.180229 0.799201 0.364997 0.929541 -0.052254
4.125920 -31.767718 202.210099 -218.723072 0.752100 -0.299757 -0.586934 0.568386 -0.155764 0.807883 0.333592 0.941214 -0.053228
4.594400 -30.252787 384.062374 -338.876447 0.757319 -0.295317 -0.582456 0.601599 -0.031494 0.798177 0.254060 0.954880 -0.153811
3.334724 -29.121304 379.623744 -407.542005 0.738604 -0.298022 -0.604687 0.651467 0.084872 0.753915 0.173363 0.950778 -0.256838
-5.185356 -73.129613 595.422482 604.718525 -0.511205 0.855021 0.087220 0.066742 -0.061683 0.995862 -0.856863 -0.514911 0.025533
-6.007605 -75.348966 10.240003 393.410516 -0.559751 0.826241 0.063286 0.059533 -0.036077 0.997574 -0.826520 -0.562161 0.028994
-4.217069 -72.158529 148.224765 334.670478 -0.523991 0.842234 0.126785 0.300328 0.043412 0.952847 -0.797017 -0.537361 0.275694
-6.723738 -77.079238 330.234695 1762.895775 -0.542506 0.838718 0.047318 -0.130933 -0.140061 0.981448 -0.829785 -0.526246 -0.185800
-2.355865 -69.855506 527.226570 1183.093306 -0.493987 0.859875 0.128812 0.268328 0.009849 0.963277 -0.827029 -0.510410 0.235594
-5.712061 -78.031518 739.358275 1452.495346 -0.519850 0.851016 0.074350 -0.184604 -0.196891 0.962889 -0.834072 -0.486833 -0.259455
-3.109393 -80.553273 654.782262 3020.621899 -0.507244 0.856848 0.092276 -0.004709 -0.109827 0.993940 -0.861790 -0.503735 -0.059744
5.933950 -45.260217 -316.903450 -1394.994824 -0.643199 0.721913 -0.255219 -0.599186 -0.682067 -0.419239 0.476731 0.116731 -0.871264
9.075637 -51.311606 -424.287119 -1471.416560 -0.612718 0.761178 -0.212567 -0.673951 -0.643733 -0.362488 0.412754 0.078843 -0.907424
11.643843 -51.892005 351.416492 915.187292 -0.674300 0.698052 -0.240923 0.674992 0.714947 0.182310 0.299509 -0.039690 -0.953268
8.872734 -47.197103 321.648599 1415.728078 -0.734736 0.593651 -0.328239 0.543727 0.804715 0.238314 0.405614 -0.003374 -0.914038
-19.517946 -155.160470 649.076889 22299.093050 -0.723374 0.679138 -0.124509 0.558233 0.681382 0.473386 0.406333 0.272930 -0.872011
-18.688552 -128.633438 358.183657 10395.214894 0.819543 -0.570486 0.053809 0.492252 0.748988 0.443515 0.293322 0.336992 -0.894650
-23.685105 -66.320255 2750.903788 -2927.896501 -0.614166 0.788415 0.034654 -0.617694 -0.452919 -0.642898 0.491176 0.416252 -0.765167
204.092773 -361.389718 -47370.438306 68415.580438 0.987611 -0.109369 0.112531 0.090222 0.982483 0.163057 0.128394 0.150884 -0.980178
-59.360473 -162.637839 -2237.181879 31678.277822 -0.751999 -0.106250 -0.650544 -0.283708 0.943004 0.173936 0.594985 0.315364 -0.739282
-34.696570 -378.847027 2156.692813 -64445.511052 -0.590171 0.782922 -0.196801 -0.579843 -0.580728 -0.571434 0.561677 0.223130 -0.796701
-99.544457 -114.150147 2404.307313 8277.205320 -0.931680 0.232761 -0.278917 0.175654 0.960695 0.214968 0.317991 0.151288 -0.935945
-5.097802 -17.840520 -363.831102 749.555825 0.835121 -0.446772 -0.320885 0.412966 0.123884 0.902282 0.363362 0.886029 -0.287960
-5.381255 -18.472039 -248.138829 -36.411065 0.733827 -0.489134 -0.471430 0.584886 0.101918 0.804687 0.345553 0.866234 -0.360878
-2.140870 -16.726005 -543.392241 -866.785742 0.850597 -0.437361 -0.291889 0.432252 0.265523 0.861775 0.299404 0.859193 -0.414903
-1.814105 -16.354800 -318.306006 -354.263348 0.908499 -0.392104 -0.144514 0.268045 0.281478 0.921370 0.320595 0.875800 -0.360824
-7.481123 -19.370381 -193.363082 -465.344703 -0.528995 0.641731 0.555289 0.654467 -0.108038 0.748332 0.540220 0.759282 -0.362841
-8.799804 -19.387609 -262.806758 -417.588705 -0.568978 0.616084 0.544705 0.643632 -0.078661 0.761282 0.511861 0.783743 -0.351775
-8.699623 -20.571647 -118.813093 -81.568659 -0.571593 0.607378 0.551701 0.586584 -0.167682 0.792339 0.573759 0.776515 -0.260432
-8.175697 -20.902086 -89.884441 -144.531346 -0.544893 0.640410 0.541264 0.576658 -0.182421 0.796359 0.608735 0.746055 -0.269897
-8.477233 -20.991906 -13.600055 136.956878 0.561728 -0.614717 -0.553701 0.518226 -0.260262 0.814681 0.644906 0.744571 -0.172366
-3.588203 -75.809819 56.392712 -2636.897746 -0.465665 0.380588 0.798942 -0.219741 0.824798 -0.520982 -0.857245 -0.418164 -0.300449
-3.364214 -66.037721 170.422348 -2281.205566 -0.468434 0.414673 0.780138 -0.383110 0.700336 -0.602293 -0.796113 -0.581013 -0.169196
-2.395685 -66.657874 -100.435032 -2926.517536 -0.472348 0.413031 0.778648 -0.445247 0.650598 -0.615206 -0.760685 -0.637282 -0.123408
-8.887845 -87.737338 -2141.843870 -438.759593 -0.529283 0.617812 -0.581522 -0.423501 0.401531 0.812046 -0.735191 -0.676078 -0.049121
-1.838693 -85.356040 -1366.866989 -1611.039870 -0.607993 0.684192 -0.402773 -0.018414 0.495018 0.868687 -0.793729 -0.535573 0.288369
-11.387041 -70.033376 -815.490334 -5978.565798 -0.583747 0.727732 -0.360064 -0.188814 0.309636 0.931920 -0.789676 -0.611991 0.043343
-18.062765 -58.677304 -2201.236698 -2557.139480 -0.395878 0.548519 -0.736484 0.600303 -0.452335 -0.659568 -0.694923 -0.703221 -0.150208
-3.341051 -121.404905 -902.866020 -13014.343568 -0.300302 0.473070 -0.828266 0.789723 -0.363674 -0.494043 -0.534935 -0.802463 -0.264382
3.491681 -201.440731 -1178.228931 -24453.690242 -0.423514 0.557179 -0.714274 0.661510 -0.348471 -0.664057 -0.618903 -0.753737 -0.220997
-26.716110 -43.750005 356.260294 694.290957 -0.380745 0.016373 0.924535 0.112851 0.993192 0.028885 -0.917768 0.115333 -0.380001
-15.067900 -44.558465 2191.257902 785.737005 -0.264014 0.015927 0.964387 0.145175 0.989129 0.023408 -0.953531 0.146185 -0.263456
-11.375152 -43.233525 2280.078248 3735.281601 -0.240030 -0.019459 0.970570 0.380634 0.917853 0.112536 -0.893030 0.396444 -0.212905
-25.367489 -35.587879 123.371647 1041.079646 0.732822 0.192295 0.652682 -0.672633 0.060021 0.737538 -0.102650 0.979500 -0.173329
-25.368826 -34.763202 -261.415511 815.030716 0.713758 0.325237 0.620299 -0.664980 0.036632 0.745963 -0.219891 0.944923 -0.242422
-25.165529 -31.652447 147.796505 1216.476643 0.738109 0.215229 0.639431 -0.637386 -0.088298 0.765469 -0.221211 0.972564 -0.072011
-25.331942 -36.113364 -33.821826 -387.330101 0.693732 0.287681 0.660284 0.716626 -0.184072 -0.672729 -0.071992 0.939871 -0.333857
-25.572381 -37.129988 226.241885 -128.402845 0.707686 0.136770 0.693162 -0.701893 0.248279 0.667611 0.080789 0.958985 -0.271702
-25.333462 -35.791492 195.083807 1177.703383 0.716306 0.079771 0.693212 -0.697704 0.066627 0.713281 -0.010712 0.994584 -0.103382
-4.699029 -67.269101 -400.968588 -1729.506607 0.983096 -0.178908 -0.038913 0.129527 0.829809 -0.542807 -0.129403 -0.528591 -0.838955
-6.634002 -64.560417 -307.433111 -1077.040750 0.985114 -0.171782 -0.006357 0.148751 0.870408 -0.469322 -0.086154 -0.461390 -0.883004
-9.954818 -61.651877 -813.921473 -1507.074088 0.983673 -0.179455 0.013523 0.157128 0.819789 -0.550688 -0.087738 -0.543821 -0.834602
6.169326 -26.625797 1008.507691 642.890211 -0.616419 0.004050 0.787408 0.095803 0.992944 0.069892 -0.781568 0.118518 -0.612457
7.219366 -26.437698 226.647914 395.954200 -0.646260 -0.055370 0.761106 0.019454 0.995845 0.088966 -0.762870 0.072302 -0.642497
4.583928 -26.355618 -1066.500295 -158.820744 -0.712028 -0.139696 0.688114 -0.054017 0.988002 0.144684 -0.700070 0.065849 -0.711031
1.855835 -24.266166 -1142.758175 424.745429 -0.717301 -0.115636 0.687101 0.085774 0.963977 0.251776 -0.691464 0.239534 -0.681543
0.295300 -27.035874 -14.030743 -414.014504 0.300976 0.732988 -0.610035 -0.136951 0.666288 0.733010 -0.943747 0.137074 -0.300920
0.877073 -28.406316 -45.142790 -196.634848 0.303236 0.718608 -0.625819 0.014085 0.653290 0.756977 -0.952811 0.238358 -0.187979
0.459434 -29.127316 -61.960709 -224.846294 0.298130 0.727182 -0.618325 0.026095 0.641331 0.766820 -0.954169 0.244747 -0.172225
0.596394 -40.538486 -380.645517 -43.848251 0.373504 0.738884 -0.560843 0.206601 0.523153 0.826818 -0.904329 0.424690 -0.042746
0.139671 -38.509384 -375.330299 -57.269524 0.367755 0.753313 -0.545230 0.245760 0.486740 0.838264 -0.896860 0.442271 0.006133
-0.098961 -77.625551 -107.570408 3660.003241 0.170104 0.164092 -0.971668 0.815603 -0.576831 0.045370 -0.553043 -0.800212 -0.231955
0.241644 -69.800715 57.545846 4827.914823 0.214013 0.148879 -0.965419 0.940264 -0.299278 0.162284 -0.264768 -0.942479 -0.204035
0.565250 -73.452752 20.872059 3128.597043 0.188890 0.157712 -0.969251 0.849480 -0.521412 0.080707 -0.492651 -0.838604 -0.232462
0.293189 -79.100530 -191.484166 -1535.771404 -0.181010 -0.186815 0.965575 -0.703394 0.710778 0.005657 -0.687366 -0.678156 -0.260063
-0.654800 -82.049206 -27.547597 805.167997 -0.166901 -0.187662 0.967950 -0.529636 0.845119 0.072525 -0.831643 -0.500556 -0.240443
-8.521961 -41.293404 -495.326789 1802.532990 -0.364140 -0.526051 0.768553 -0.612439 0.756945 0.227932 -0.701656 -0.387692 -0.597808
-11.659822 -51.260380 -388.180721 3195.560611 -0.388740 -0.459916 0.798347 -0.671418 0.734787 0.096366 -0.630935 -0.498563 -0.594437
-11.471853 -40.188846 -200.919020 3021.093528 -0.344910 -0.457931 0.819351 -0.577291 0.791789 0.199513 -0.740116 -0.404189 -0.537456
-11.677982 -36.284937 -102.982970 2310.178255 -0.351630 -0.385182 0.853224 -0.495636 0.849805 0.179377 -0.794167 -0.359815 -0.489727
-9.578413 -33.066374 -194.555514 1378.800524 -0.344739 -0.482528 0.805184 -0.514616 0.814528 0.267795 -0.785064 -0.322041 -0.529117
19.723187 -26.321165 3611.132715 -185.143978 0.014742 0.027548 0.999512 0.703223 0.710338 -0.029950 -0.710816 0.703322 -0.008901
20.625943 -24.973225 3305.447388 177.412328 -0.004134 0.117404 0.993076 0.617532 0.781402 -0.089809 -0.786535 0.612885 -0.075730
26.708115 -25.638278 2510.654718 49.747936 -0.076284 0.175801 0.981466 0.680617 0.728519 -0.077592 -0.728657 0.662084 -0.175227
9.975146 -24.625758 2349.177673 -212.259268 -0.007403 0.016062 0.999844 0.639971 0.768362 -0.007605 -0.768364 0.639814 -0.015968
-0.691577 -59.460798 -189.987393 -3568.662273 0.372919 0.125220 -0.919376 0.902834 0.179624 0.390674 0.214062 -0.975733 -0.046068
-0.608411 -50.474227 17.265339 -828.923739 0.332962 0.130822 -0.933821 0.939943 0.032856 0.339747 0.075128 -0.990861 -0.112026
-1.247604 -47.298441 -236.534240 -839.166451 0.314132 0.114550 -0.942443 0.948096 0.013755 0.317687 0.049355 -0.993322 -0.104283
58.970641 -17.045639 -5154.254658 -400.419427 0.458431 -0.336784 0.822446 -0.025652 0.920017 0.391038 -0.888359 -0.200362 0.413125
-1.404428 -67.455049 -699.741663 797.164412 0.990423 -0.132262 -0.039614 0.014982 0.388181 -0.921461 -0.137252 -0.912043 -0.386445
10.348380 -31.351454 431.070478 -86.610935 0.940906 0.152529 0.302374 -0.336132 0.311558 0.888790 -0.041359 0.937905 -0.344417
8.219409 -33.814480 1072.749187 349.537867 0.950663 0.100651 0.293442 -0.309216 0.231230 0.922452 -0.024993 0.967679 -0.250945
11.712902 -30.309715 143.459532 416.081070 0.916482 0.179340 0.357628 -0.383277 0.137265 0.913377 -0.114715 0.974164 -0.194538
9.642489 -28.330197 -507.498195 -151.032812 0.942012 0.214610 0.257982 -0.323804 0.379456 0.866697 -0.088109 0.899975 -0.426944
10.830883 -27.656625 -688.427438 10.685629 0.909517 0.244191 0.336378 -0.391857 0.233750 0.889836 -0.138661 0.941133 -0.308287
257.083207 -1815.266655 -17469.413517 487238.085382 0.950955 0.302484 0.064719 0.258438 -0.891889 0.371138 -0.169985 0.336210 0.926320
1.182076 -16.502931 -162.773345 -128.492262 0.901763 -0.079861 0.424789 -0.208343 0.780766 0.589066 0.378704 0.619699 -0.687427
0.794887 -15.177259 -308.173957 641.874784 0.807919 0.207898 0.551403 -0.442724 0.831684 0.335109 0.388924 0.514860 -0.763975
-1.705392 -9.567222 483.032026 -1226.312116 0.904395 -0.168999 0.391803 -0.093268 0.817723 0.568005 0.416378 0.550243 -0.723783
4.434302 -19.171180 1554.620654 -388.815236 0.918071 -0.065457 0.390974 -0.374109 0.183118 0.909126 0.131103 0.980909 -0.143627
144.383834 -26.316165 22849.442814 469.711038 0.643203 0.446396 -0.622109 -0.186986 0.879450 0.437726 0.742513 -0.165221 0.649135
258.137995 -28.362378 35513.684635 489.520568 0.766517 0.324316 -0.554320 -0.150814 0.929889 0.335503 0.624265 -0.173569 0.761687
179.417979 -4508.072925 9728.117255 -889381.951423 0.737042 0.525471 0.425029 -0.326784 0.827563 -0.456455 -0.591592 0.197534 0.781664
14.415974 -23.002962 -2691.574605 -395.828775 0.615259 0.009692 -0.788265 0.301336 0.921098 0.246525 0.728459 -0.389209 0.563794
0.556418 -19.333904 -2615.946952 -829.307726 0.705326 0.123947 -0.697963 0.269295 0.863934 0.425556 0.655741 -0.488113 0.575977
-9.032823 -21.743883 -2817.145173 -642.163796 0.771145 0.374628 -0.514771 0.020404 0.793592 0.608109 0.636332 -0.479444 0.604330
-3.256117 -15.070658 775.737246 -843.812310 0.406471 0.191011 -0.893474 0.902603 -0.235646 0.360247 -0.141733 -0.952883 -0.268191
-0.791333 -20.402337 829.104387 -791.406674 0.475551 0.182453 -0.860559 0.878853 -0.141165 0.455731 -0.038331 -0.973028 -0.227480
3.480893 -22.609857 596.844277 -898.225767 0.545203 0.156460 -0.823574 0.838299 -0.098258 0.536284 0.002984 -0.982785 -0.184731
22.546702 -55.039662 -1004.041342 -4386.129894 0.662884 -0.727085 -0.178697 -0.422307 -0.166005 -0.891122 -0.618257 -0.666176 0.417096
17.021281 -55.399090 1273.726998 5458.019802 -0.601424 0.792715 0.099464 0.436556 0.221810 0.871906 -0.669110 -0.567806 0.479466
-4.176444 -22.460667 414.972947 -694.404259 -0.396352 0.266578 0.878545 0.709743 -0.518041 0.477387 0.582384 0.812754 0.016125
-2.392733 -21.852429 458.322568 -696.813017 -0.400480 0.248306 0.882020 0.729445 -0.496164 0.470883 0.554549 0.831965 0.017578
-3.213267 -24.702797 618.167865 -518.772948 -0.420931 0.259804 0.869091 0.648500 -0.583721 0.488588 0.634244 0.769267 0.077223
-4.447814 -19.185494 307.420632 -819.203225 -0.371241 0.259756 0.891464 0.775939 -0.440535 0.451495 0.509999 0.859335 -0.038010
-4.865686 -24.207169 382.538206 -496.341233 -0.395101 0.284400 0.873505 0.651407 -0.583729 0.484695 0.647738 0.760511 0.045372
-6.030473 -22.152008 290.497827 -628.895090 -0.370780 0.287250 0.883182 0.708688 -0.527102 0.468961 0.600236 0.799781 -0.008132
3.959475 -36.696008 -57.264991 -455.829022 0.766303 -0.300264 -0.567997 0.373553 -0.511053 0.774134 0.522721 0.805398 0.279457
3.212426 -35.788116 -141.992087 -656.620772 0.765924 -0.314882 -0.560544 -0.132050 0.776225 -0.616472 0.629225 0.546190 0.552949
3.271220 -37.051074 -299.714922 189.246465 0.778628 -0.280738 -0.561181 0.264397 -0.664281 0.699161 0.569063 0.692761 0.443002
6.011984 -74.891821 562.696506 2453.234243 -0.402526 0.538357 0.740368 0.483146 0.811903 -0.327695 -0.777523 0.225800 -0.586917
4.027309 -70.026662 608.756418 -1268.916120 -0.398288 0.533748 0.745976 0.180696 0.842984 -0.506682 -0.899286 -0.067010 -0.432196
8.919317 -70.561748 536.800126 2820.341324 -0.397116 0.560125 0.727020 0.417508 0.815702 -0.400397 -0.817304 0.144533 -0.557785
0.298084 -71.374100 1325.197140 832.910304 -0.351068 0.493116 0.795982 0.396272 0.848454 -0.350847 -0.848363 0.192255 -0.493273
10.140074 -69.431564 508.020876 3324.558898 -0.389791 0.558669 0.732087 0.602068 0.756137 -0.256458 -0.696834 0.340801 -0.631092
7.675797 -69.863437 1042.044754 3604.366024 -0.370127 0.518079 0.771103 0.666774 0.726122 -0.167808 -0.646853 0.452042 -0.614199
0.248869 -29.743234 -56.183464 -19.077103 -0.483455 0.518831 0.705043 0.498469 -0.498916 0.708951 -0.719583 -0.694188 0.017418
-0.695482 -31.515854 205.551357 -580.055410 0.502241 -0.516168 -0.693775 0.572306 -0.403034 0.714164 -0.648244 -0.755734 0.092986
-0.415619 -31.229987 175.158702 -652.530796 0.487343 -0.517277 -0.703506 0.603394 -0.382877 0.699515 -0.631199 -0.765395 0.125530
16.077027 -26.656504 -1260.698685 -605.977705 -0.679993 0.191291 0.707826 0.731513 0.242810 0.637128 -0.049990 0.951026 -0.305040
-0.287713 -29.060341 -458.499439 -107.811238 0.429973 -0.520927 -0.737400 0.682141 -0.347606 0.643314 -0.591445 -0.779618 0.205885
-1.554286 -28.133825 -491.460846 -161.353729 0.426669 -0.508142 -0.748161 0.726790 -0.299694 0.618030 -0.538266 -0.807450 0.241442
-1.115880 -29.281036 -295.998322 -345.586991 0.457544 -0.515877 -0.724241 0.744523 -0.223048 0.629234 -0.486148 -0.827116 0.282028
-0.114829 -30.154615 13.945518 -626.068725 0.475350 -0.504229 -0.720969 0.697845 -0.282949 0.657991 -0.535775 -0.815900 0.217374
-2.396436 -30.185851 -198.276597 -125.404569 0.498995 -0.513998 -0.697718 0.795843 -0.046851 0.603687 -0.342983 -0.856511 0.385684
-1.131295 -30.837488 -63.939801 -326.239080 0.500480 -0.514192 -0.696510 0.763666 -0.116795 0.634959 -0.407840 -0.849685 0.334218
0.075729 -35.356623 308.227014 -116.615008 0.689074 -0.323318 -0.648569 0.645749 -0.132255 0.752009 0.328915 0.937003 -0.117649
-0.538552 -34.034616 -259.112596 -359.154817 -0.664169 0.319958 0.675652 0.718068 0.021595 0.695638 0.207985 0.947186 -0.244094
1.905750 -35.967763 227.393811 -238.565070 0.718980 -0.324994 -0.614367 0.560154 -0.252339 0.789020 0.411456 0.911430 -0.000620
-1.622524 -37.128785 -438.584742 -228.349883 -0.665754 0.327476 0.670471 0.683616 -0.092453 0.723963 0.299068 0.940325 -0.162317
-0.112796 -37.422879 470.316347 -149.826111 0.696970 -0.331680 -0.635784 0.580011 -0.260622 0.771793 0.421687 0.906678 -0.010733
2.185115 -42.261184 37.449079 -603.800095 -0.587632 0.361248 0.724009 0.484568 0.873713 -0.042650 -0.647983 0.325769 -0.688471
1.864570 -39.369155 88.049030 -272.217088 -0.559482 0.402001 0.724827 0.396210 0.897834 -0.192125 -0.728009 0.179694 -0.661599
1.117894 -45.577708 -101.878900 -479.864887 -0.580619 0.409088 0.703938 0.418556 0.891580 -0.172904 -0.698350 0.194246 -0.688895
0.582356 -44.302196 -51.784480 -154.353216 -0.555963 0.471360 0.684635 0.296874 0.881941 -0.366123 -0.776383 -0.000301 -0.630261
-0.470077 -47.337103 -378.250963 -60.203844 -0.572004 0.466342 0.674787 0.332148 0.883881 -0.329290 -0.749993 0.035774 -0.660478
-0.409577 -48.501920 -344.238757 -171.886540 -0.587753 0.420294 0.691302 0.442943 0.882201 -0.159761 -0.677014 0.212308 -0.704683
0.536657 -49.156037 -353.439569 -629.019454 -0.609414 0.377694 0.697109 0.528346 0.849027 0.001878 -0.591155 0.369460 -0.716962
-7.357507 -78.191413 -26.101745 769.714914 -0.565970 0.824252 0.016944 -0.203337 -0.159480 0.966033 -0.798957 -0.543300 -0.257861
6.749817 -44.052780 -951.580990 -1878.147543 -0.574984 0.790512 -0.210910 -0.584538 -0.577282 -0.570141 0.572458 0.204537 -0.794013
8.285455 -51.078995 -86.879145 -1776.317637 -0.611298 0.780297 -0.132105 -0.634820 -0.583147 -0.506895 0.472566 0.226001 -0.851825
9.097082 -57.921300 -194.726881 -1560.894614 -0.636617 0.756569 -0.149407 -0.711881 -0.651032 -0.263406 0.296553 0.061329 -0.953045
-13.029427 -87.900451 -1955.037230 -3146.552042 0.723480 -0.690286 -0.009073 0.526657 0.543390 0.653728 0.446329 0.477737 -0.756676
-15.072778 -98.911338 -588.017386 4993.860369 0.807862 -0.589333 0.006708 0.517324 0.714514 0.471005 0.282372 0.377037 -0.882105
-21.261491 -77.376311 -715.580479 -1072.258472 0.720010 -0.690562 -0.068620 0.689103 0.699782 0.188262 0.081988 0.182837 -0.979719
5.720176 -25.639140 -274.048393 537.219688 -0.300011 0.346197 0.888899 0.877243 -0.265939 0.399651 0.374751 0.899680 -0.223915
6.218552 -23.671923 -417.476518 332.164267 -0.266981 0.316078 0.910393 0.884456 -0.294783 0.361719 0.382700 0.901775 -0.200856
8.356057 -21.040671 -363.967046 -271.182565 -0.202388 0.300045 0.932208 0.942881 -0.197497 0.268272 0.264603 0.933256 -0.242936
4.771633 -24.005937 -274.132279 220.421971 -0.342684 0.352289 0.870896 0.822692 -0.335060 0.459252 0.453592 0.873858 -0.175005
7.560937 -23.737224 -406.952189 -602.303965 -0.253558 0.347760 0.902647 0.935216 -0.150279 0.320604 0.247142 0.925461 -0.287127
5.864775 -27.112331 -104.180142 348.414503 -0.329736 0.371498 0.867907 0.869429 -0.238783 0.432523 0.367923 0.897202 -0.244256
4.359320 -26.200710 95.777164 403.472740 -0.362628 0.365045 0.857463 0.805410 -0.340126 0.485416 0.468844 0.866635 -0.170671
-7.361847 -19.803899 62.848852 -35.629574 -0.575093 0.504675 0.643872 0.713827 -0.074924 0.696303 0.399648 0.860052 -0.317162
-4.981249 -18.233272 147.776792 -1103.853491 -0.609718 0.523421 0.595209 0.728821 0.075064 0.680577 0.311550 0.848761 -0.427249
-2.699740 -14.859681 -459.034638 -1418.822171 0.790687 -0.472896 -0.388824 0.551923 0.275747 0.786984 0.264945 0.836859 -0.479032
-7.633845 -17.159873 -338.298301 -700.049092 -0.510181 0.632508 0.582794 0.723592 -0.050615 0.688369 0.464897 0.772898 -0.431855
-5.995423 -16.408197 -306.529731 -688.817079 -0.443354 0.649137 0.618109 0.759496 -0.094166 0.643660 0.476029 0.754821 -0.451268
-6.019600 -13.093115 -485.294326 -669.243438 -0.353975 0.636628 0.685133 0.842525 -0.100967 0.529110 0.406022 0.764533 -0.500636
-7.935135 -15.045029 -445.211482 -725.560730 -0.463087 0.620411 0.632961 0.785111 -0.044247 0.617773 0.411280 0.783027 -0.466601
1.857551 -72.226372 557.864621 3064.511717 -0.454944 0.289467 0.842161 0.635150 0.768336 0.079023 -0.624187 0.570850 -0.533405
1.049778 -62.030729 477.132910 1674.121695 -0.486069 0.251711 0.836886 0.739092 0.629414 0.239961 -0.466347 0.735173 -0.491977
-0.635042 -69.299036 514.323828 2837.546139 -0.452768 0.292863 0.842159 0.647460 0.757377 0.084712 -0.613023 0.583619 -0.532533
0.886564 -78.251480 568.340204 2511.168139 -0.434811 0.319619 0.841893 0.471786 0.877174 -0.089352 -0.767045 0.358342 -0.532197
-106.134700 -307.781257 6522.470246 39364.886294 0.522855 0.832890 -0.181428 -0.246646 -0.055913 -0.967491 0.815958 -0.550606 -0.176195
-250.012463 -16638.154953 10338.259447 -4880967.109350 0.289950 0.956919 -0.015355 0.760569 -0.240135 -0.603216 0.580916 -0.163224 0.797430
326.210188 -366.502804 -72132.416551 -65360.511699 0.566154 0.456831 -0.686131 0.360371 0.611446 0.704462 0.741352 -0.646095 0.181545
-9.828095 -243.737086 6902.412002 -35984.633202 -0.280321 0.955608 -0.090744 0.932567 0.293518 0.210155 -0.227461 0.025714 0.973448
893.991691 -3232.398653 3347.842029 -1159540.456850 0.471470 -0.800378 0.370285 0.862150 0.506647 -0.002615 -0.185511 0.320474 0.928915
378.805529 -785.958357 -76132.648122 -184034.930242 0.249778 0.219677 -0.943055 0.907954 0.285318 0.306943 0.336499 -0.932918 -0.128191
3.907527 -88.195908 -992.155432 2179.627781 -0.645367 0.703947 -0.296579 0.321638 0.602584 0.730371 -0.692856 -0.375966 0.615304
6.162327 -105.538618 -787.071703 6976.504673 -0.593240 0.679759 -0.431270 0.178070 0.633256 0.753179 -0.785084 -0.370020 0.496718
8.874519 -113.487458 154.855685 11939.613548 -0.560431 0.704280 -0.435782 0.341941 0.676003 0.652760 -0.754316 -0.216815 0.619676
8.173390 -86.820061 -283.169385 6687.566137 -0.606456 0.711782 -0.354369 0.470314 0.680478 0.561920 -0.641105 -0.174115 0.747441
-32.549943 -44.331139 -419.318220 467.844210 -0.493412 -0.092301 0.864884 0.000317 0.994334 0.106297 -0.869796 0.052722 -0.490587
-28.720584 -42.819930 140.562722 1009.493718 -0.577825 -0.362809 0.731087 -0.079662 0.916557 0.391888 -0.812264 0.168203 -0.558512
-25.304045 -30.775770 -158.557151 844.108428 0.703057 0.352213 0.617784 -0.631056 -0.091491 0.770323 -0.327839 0.931437 -0.157943
-1.953072 -66.485887 -380.862324 -1958.731859 0.984330 -0.167380 -0.055484 0.086746 0.733572 -0.674053 -0.153524 -0.658677 -0.736597
0.568120 -58.683020 -731.459041 -1520.402112 0.978290 -0.205001 -0.030399 0.082986 0.521909 -0.848955 -0.189902 -0.828001 -0.527590
-0.502928 -26.365759 1027.087774 606.493215 -0.589028 0.100212 0.801875 0.190584 0.981518 0.017334 -0.785318 0.163035 -0.597240
-4.200176 -24.775909 723.109205 498.033656 -0.590480 0.147711 0.793420 0.290187 0.956217 0.037945 -0.753077 0.252646 -0.607491
-3.976618 -21.982357 588.595211 437.386821 -0.586876 0.154596 0.794781 0.371106 0.923786 0.094339 -0.719623 0.350313 -0.599520
-4.529836 -26.977838 829.703367 486.673136 -0.597011 0.145557 0.788918 0.200658 0.979237 -0.028825 -0.776733 0.141094 -0.613822
-8.165412 -26.585777 745.463457 472.942180 -0.601197 0.200018 0.773664 0.291192 0.956434 -0.020992 -0.744157 0.212664 -0.633249
