17975
35934
-21.830933 -35.747901 -429.695239 -2416.464448 -0.053057 -0.308219 0.949835 0.900034 0.397279 0.179191 -0.432579 0.864391 0.256329
-25.129160 -42.765537 -622.876530 -1821.307536 0.103409 -0.255055 0.961381 0.942722 0.333327 -0.012970 -0.317146 0.907656 0.274915
-26.302525 -44.105485 -691.855764 -4460.284204 0.382219 -0.031958 0.923519 0.819502 0.473527 -0.322783 -0.426996 0.880199 0.207181
-22.026280 -36.812895 363.816180 -1465.980454 -0.161851 -0.445639 0.880460 0.912842 0.271321 0.305131 -0.374866 0.853107 0.362884
-18.918379 -30.082260 -909.160056 -3129.816739 -0.078208 -0.282730 0.956006 0.843981 0.491641 0.214442 -0.530641 0.823622 0.200169
-18.021262 -31.344754 541.490164 -1802.283018 -0.291390 -0.486684 0.823547 0.825552 0.306991 0.473519 -0.483276 0.817860 0.312329
30.454510 -34.211435 550.540538 2504.742783 -0.007516 -0.156276 0.987685 -0.153410 0.976200 0.153292 -0.988134 -0.150369 -0.031311
31.358553 -34.400236 -1874.579964 4167.938388 -0.125578 -0.234448 0.963984 -0.155083 0.964369 0.214339 -0.979887 -0.122581 -0.157462
27.826434 -28.182876 -1541.456043 2238.904424 -0.123397 -0.250533 0.960212 -0.099637 0.965845 0.239198 -0.987343 -0.066157 -0.144145
28.240476 -37.888089 1070.227512 512.530917 0.115814 -0.037898 0.992548 -0.170109 0.983751 0.057411 -0.978596 -0.175490 0.107485
32.273132 -43.795766 1525.470008 4117.246268 0.119537 -0.079454 0.989645 -0.244204 0.963816 0.106877 -0.962328 -0.254451 0.095809
-34.347376 -795.478290 -6607.734599 -337887.606922 -0.352817 -0.277076 0.893728 -0.562343 0.826199 0.034145 -0.747858 -0.490534 -0.447309
-9.985626 -138.406685 -8016.265105 -43729.664160 -0.528836 -0.426937 0.733523 -0.096627 0.888934 0.447728 -0.843205 0.165896 -0.511354
-2.908674 -128.015506 -8010.602798 -41588.104108 -0.371976 -0.161101 0.914155 -0.175661 0.979246 0.101095 -0.911470 -0.122977 -0.392556
4.134300 -8.610009 1030.165673 375.196840 0.328319 -0.567750 0.754895 0.920236 0.012031 -0.391180 0.213010 0.823113 0.526414
1.291245 -8.479301 797.613100 670.989102 0.282561 -0.568224 0.772839 0.938586 -0.002550 -0.345035 0.198028 0.822870 0.532607
4.349174 -8.893821 815.854923 409.967812 0.496517 -0.534454 0.683981 0.846636 0.124324 -0.517447 0.191516 0.836004 0.514217
1.178136 -9.995106 207.425151 832.053529 0.068345 -0.559407 0.826071 0.977490 -0.128115 -0.167630 0.199605 0.818933 0.538059
6.466550 -8.840040 332.489073 -53.263963 0.446321 -0.528813 0.721910 0.872908 0.079636 -0.481341 0.197050 0.844994 0.497148
2.999157 -9.594278 710.428868 369.448979 0.156429 -0.575947 0.802381 0.962687 -0.092721 -0.254236 0.220824 0.812212 0.539952
5.546147 -8.386761 677.055945 -170.753797 0.323976 -0.562206 0.760896 0.919568 -0.001883 -0.392927 0.222339 0.826995 0.516377
-5.074510 -22.793269 -1141.576357 601.396192 0.664026 -0.647422 -0.374051 -0.450807 0.052456 -0.891079 -0.596525 -0.760325 0.257030
-3.825548 -21.611972 -708.080594 677.443660 0.591899 -0.622177 -0.512398 -0.514710 0.197448 -0.834319 -0.620266 -0.757569 0.203371
-8.754615 -23.244489 -698.217335 -866.946395 0.546552 -0.608100 -0.575757 0.601617 -0.193135 0.775085 -0.582528 -0.770009 0.260284
0.479724 -21.572182 -170.142446 515.450130 0.692073 -0.637624 -0.338335 -0.381683 0.074573 -0.921280 -0.612661 -0.766730 0.191760
-10.211364 -23.886526 -1317.700439 704.859854 0.638571 -0.648005 -0.415110 -0.523201 0.030001 -0.851681 -0.564347 -0.761045 0.319879
-6.555434 -24.612259 -1354.723999 420.277435 0.717178 -0.654591 -0.239095 -0.391413 -0.094497 -0.915350 -0.576586 -0.750054 0.323987
-1.194064 -23.430066 -466.140971 374.299000 0.732251 -0.642477 -0.225902 -0.337977 -0.054845 -0.939555 -0.591253 -0.764340 0.257303
19.186229 -24.808919 2571.404017 -473.047034 0.802471 0.266915 0.533663 0.532934 -0.722863 -0.439830 -0.268368 -0.637358 0.722325
24.840025 -28.412983 4189.122652 -378.414583 0.694308 0.331278 0.638898 0.643901 -0.682467 -0.345877 -0.321446 -0.651532 0.687152
18.211118 -27.105240 2966.116905 955.331874 0.842343 0.249697 0.477607 0.473931 -0.765137 -0.435839 -0.256607 -0.593479 0.762847
16.215839 -27.383421 2687.707224 -1593.505702 0.781883 0.280628 0.556693 0.566463 -0.692698 -0.446417 -0.260343 -0.664392 0.700575
13.554574 -27.321581 2095.115845 -1856.417685 0.866954 0.204973 0.454286 0.438854 -0.745982 -0.500918 -0.236214 -0.633638 0.736686
55.816429 -24.671573 12541.315190 1366.901543 -0.150760 -0.162960 0.975046 0.985841 -0.098020 0.136047 0.073404 0.981752 0.175430
65.908779 -26.482042 7187.250868 908.052020 -0.130131 0.112387 0.985107 0.991251 -0.007397 0.131786 0.022098 0.993637 -0.110441
59.399538 -24.546917 5471.206252 1656.467152 -0.165596 0.107689 0.980296 0.979401 -0.098507 0.176267 0.115548 0.989292 -0.089159
51.677630 -21.966480 10777.203246 1484.742063 -0.169293 -0.135665 0.976184 0.973655 -0.176547 0.144319 0.152763 0.974898 0.161979
7.166266 -53.607782 566.503565 601.764227 0.231247 0.481840 -0.845195 0.899755 0.224552 0.374190 0.370090 -0.846999 -0.381610
6.996104 -53.603438 408.317503 -161.387511 0.265508 0.477628 -0.837483 0.942573 0.053980 0.329610 0.202638 -0.876903 -0.435867
8.345896 -57.884618 178.820037 1274.924239 0.247825 0.440050 -0.863098 0.902404 0.219289 0.370916 0.352490 -0.870786 -0.342757
7.164816 -52.363296 599.062708 1025.308221 0.197580 0.468797 -0.860925 0.833924 0.381275 0.398998 0.515298 -0.796780 -0.315609
10.132610 -117.006826 -719.668307 4802.107056 -0.179400 0.285411 0.941465 0.946905 -0.209448 0.243932 0.266809 0.935239 -0.232682
8.167893 -121.703540 -753.394913 3229.209242 -0.199447 0.297937 0.933517 0.979850 0.050251 0.193308 0.010683 0.953262 -0.301956
5.605364 -109.092548 -528.069240 5977.069418 -0.147410 0.328859 0.932803 0.941958 -0.240941 0.233800 0.301637 0.913126 -0.274254
-16.616382 -22.381667 659.669163 153.090145 -0.598039 0.160991 0.785131 0.779036 -0.113371 0.616644 0.188285 0.980423 -0.057617
-17.212008 -23.052749 86.220858 -567.096781 0.735571 -0.231498 -0.636666 0.651832 -0.014132 0.758232 0.184527 0.972733 -0.140503
-17.321162 -21.023123 -96.595761 -732.405975 0.839669 -0.159629 -0.519109 0.533058 0.059297 0.843998 0.103945 0.985395 -0.134881
-3.073897 -11.956643 -152.788677 1400.048912 -0.611417 -0.378235 0.695059 0.785986 -0.391985 0.478093 0.091621 0.838621 0.536954
-3.124818 -8.160036 218.524572 974.836820 -0.651168 -0.356730 0.669868 0.752081 -0.421656 0.506538 0.101757 0.833636 0.542859
-1.774929 -13.525444 -440.097704 1435.356330 -0.501058 -0.414433 0.759728 0.861692 -0.320244 0.393612 0.080172 0.851874 0.517574
-2.190471 -18.607926 -529.826336 2659.131875 -0.463041 -0.428116 0.776086 0.884014 -0.286421 0.369435 0.064126 0.857135 0.511085
-0.319653 -44.730273 0.918106 1096.517209 -0.018470 -0.310711 -0.950325 -0.678582 0.701950 -0.216316 0.734293 0.640878 -0.223808
-0.205703 -45.296470 18.241010 717.360150 -0.035383 -0.291618 -0.955880 -0.670980 0.715774 -0.193530 0.740631 0.634529 -0.220996
0.120384 -45.638293 51.121782 2422.938728 -0.009094 0.331313 0.943477 0.754721 -0.616681 0.223830 0.655982 0.714098 -0.244441
0.086845 -45.056508 64.895418 2111.893053 -0.009592 0.336492 0.941637 0.758972 -0.610662 0.225950 0.651052 0.716844 -0.249531
-0.395173 -44.218019 -6.612492 1169.415186 -0.004454 -0.328844 -0.944374 -0.681496 0.692112 -0.237789 0.731808 0.642528 -0.227189
-1.336437 -38.366727 10.116491 -368.248849 0.215037 0.504598 -0.836146 0.878951 -0.473185 -0.059512 -0.425681 -0.722134 -0.545269
-1.438416 -40.017134 81.734880 -243.185054 0.192590 0.519714 -0.832350 0.947721 -0.318445 0.020450 -0.254429 -0.792774 -0.553873
-0.933609 -37.159897 -5.968218 -480.937193 0.221128 0.493656 -0.841074 0.880382 -0.472067 -0.045610 -0.419558 -0.730381 -0.538994
-1.762238 -40.638846 -46.244324 -107.516831 0.202546 0.522321 -0.828345 0.943729 -0.329940 0.022712 -0.261441 -0.786333 -0.559757
-0.443980 -36.143043 -18.210305 -524.746434 0.247484 0.473605 -0.845252 0.782026 -0.612672 -0.114315 -0.572002 -0.632718 -0.521998
-0.969954 -37.496541 -129.182208 -420.519160 0.232010 0.485386 -0.842954 0.782205 -0.608232 -0.134939 -0.578209 -0.628056 -0.520787
-1.945589 -39.094832 -195.186241 -139.490728 0.212861 0.509611 -0.833659 0.878164 -0.473861 -0.065445 -0.428390 -0.718159 -0.548389
812.009405 -24.514862 -357421.800258 3001.902211 -0.482027 0.499054 -0.720136 0.568349 0.803636 0.176491 0.666805 -0.324215 -0.671011
767.595578 -30.707387 -326385.477733 3268.349006 -0.657294 0.521856 -0.543720 0.548568 0.825996 0.129628 0.516758 -0.213064 -0.829196
438.453228 -23.830032 -145016.529432 1368.354486 -0.530558 0.482233 -0.697108 0.591468 0.799715 0.103056 0.607185 -0.357640 -0.709521
1016.995477 -25.515425 -556143.386968 2323.398452 -0.640906 0.554018 -0.531323 0.544180 0.816101 0.194545 0.541394 -0.164450 -0.824529
156.328156 -28.151735 -42256.403397 1949.708192 -0.365873 0.569679 -0.735937 0.625272 0.736173 0.259007 0.689327 -0.365397 -0.625550
238.684886 -22.536884 -94850.070572 2459.467332 -0.351609 0.535805 -0.767648 0.563869 0.775784 0.283213 0.747277 -0.333273 -0.574897
1052.350926 -19.678677 -532155.164740 4423.796627 -0.475037 0.537889 -0.696431 0.545889 0.800869 0.246199 0.690177 -0.263220 -0.674070
-2.936880 -86.951415 549.182355 -28.670880 -0.609452 0.737037 -0.292140 0.286996 0.548584 0.785295 -0.739055 -0.394756 0.545862
-3.718919 -85.287104 522.423783 1794.659369 -0.606424 0.746766 -0.273113 0.154549 0.447624 0.880765 -0.779977 -0.491908 0.386862
-4.707985 -84.176656 190.410434 524.227284 -0.627921 0.722412 -0.289544 0.251854 0.540626 0.802679 -0.736400 -0.431096 0.521413
-5.706993 -54.822119 705.307246 6217.730922 0.787625 -0.554342 0.268984 0.088559 -0.330172 -0.939757 -0.609758 -0.763997 0.210960
-5.925203 -50.891963 2470.252120 -3332.971192 0.821125 -0.515876 0.244184 0.101110 -0.289585 -0.951797 -0.561721 -0.806234 0.185625
-3.621370 -42.528679 1590.781597 2332.973499 0.798659 -0.527436 0.289750 0.149873 -0.291983 -0.944608 -0.582822 -0.797845 0.154147
-6.513635 -54.648293 -1270.529391 11462.382502 0.758757 -0.595217 0.264583 0.105330 -0.288730 -0.951599 -0.642801 -0.749901 0.156381
-8.584191 -84.661712 -793.132634 15530.903536 0.763951 -0.610686 0.208428 -0.016714 -0.341625 -0.939688 -0.645058 -0.714391 0.271192
-7.834774 -85.343696 -67.381902 14490.501857 0.765530 -0.607248 0.212634 -0.035175 -0.369491 -0.928568 -0.642438 -0.703368 0.304216
44.074156 -23.043647 -464.187805 44.391568 0.051664 0.367135 0.928732 0.883721 0.416352 -0.213747 -0.465153 0.831783 -0.302935
43.106565 -26.112028 -7419.737877 -485.415520 -0.020305 0.556658 0.830494 0.895540 0.379448 -0.232439 -0.444518 0.739020 -0.506214
44.338958 -23.201422 -1208.066683 -743.200943 0.008718 0.331896 0.943276 0.909347 0.389752 -0.145541 -0.415948 0.859033 -0.298411
40.678631 -20.974230 5875.318041 176.431713 0.111373 0.135219 0.984536 0.889345 0.428530 -0.159461 -0.443465 0.893352 -0.072530
38.047006 -21.340053 4752.882760 472.199616 0.145973 0.181804 0.972440 0.850867 0.478399 -0.217164 -0.504696 0.859117 -0.084857
3.443143 -43.763590 -1543.018972 2531.562078 0.943775 0.093146 -0.317194 0.329820 -0.199946 0.922627 -0.022517 0.975369 0.219425
7.752445 -46.039412 -1819.527552 2582.371328 0.996809 -0.003688 -0.079737 0.077976 -0.168591 0.982597 0.017067 0.985679 0.167766
-4.727785 -38.031702 -1146.996996 530.711319 0.999053 -0.042959 -0.006922 -0.006982 -0.315295 0.948968 0.042949 0.948021 0.315297
-11.310342 -34.312939 -890.721598 1088.236637 0.991288 -0.010373 -0.131303 0.116950 -0.389239 0.913683 0.060585 0.921079 0.384635
-6.736306 -44.539281 -1166.510222 -1673.451596 0.964327 -0.124405 0.233658 -0.264335 -0.405431 0.875073 0.014131 0.905621 0.423852
-10.664521 -41.939076 -1181.933899 -1801.986729 0.969560 -0.128393 0.208492 -0.243841 -0.428893 0.869823 0.022258 0.894184 0.447145
-0.860476 -55.776645 94.829883 -409.756934 0.775537 -0.471157 0.420183 0.354471 -0.225763 -0.907404 -0.522391 -0.852668 0.008075
-1.124824 -57.866204 259.304820 -1199.741741 0.788741 -0.468484 0.398007 0.404106 -0.092747 -0.909998 -0.463233 -0.878590 -0.116164
0.003325 -54.419789 225.920325 2.693726 0.774809 -0.465120 0.428175 0.382441 -0.194457 -0.903286 -0.503398 -0.863626 -0.027214
0.423303 -53.736675 221.371618 736.011166 0.767548 -0.462698 0.443600 0.321267 -0.321163 -0.890866 -0.554670 -0.826296 0.097858
-0.030011 -52.498892 264.555517 259.503589 0.776799 -0.458376 0.431827 0.400528 -0.169544 -0.900462 -0.485965 -0.872437 -0.051891
0.458585 -51.758967 267.785627 1279.893667 0.767251 -0.454144 0.452856 0.352226 -0.291707 -0.889294 -0.535969 -0.841820 0.063851
55.955937 -82.669225 -9062.607968 -13507.380220 -0.472091 0.757566 -0.450804 -0.597917 -0.650937 -0.467735 0.647785 -0.048730 -0.760263
57.498759 -103.253491 -19236.659100 23773.114752 -0.483346 0.672310 -0.560693 0.620800 0.714812 0.321949 0.617239 -0.192465 -0.762872
25.692437 -58.899921 -26355.563705 -17096.434190 -0.386477 0.708880 -0.590021 -0.577563 -0.684778 -0.444410 0.719067 -0.169020 -0.674074
75.443868 -113.876390 5456.780240 -17793.538583 -0.567605 0.721037 -0.397405 -0.664907 -0.686118 -0.295195 0.485513 -0.096683 -0.868867
75.417723 -79.839828 5452.943246 5400.724461 -0.454878 0.839234 -0.297948 -0.583418 -0.533598 -0.612287 0.672837 0.104687 -0.732346
68.744959 -102.944872 9298.812253 -11794.844601 -0.573734 0.782127 -0.243118 -0.618444 -0.608303 -0.497488 0.536989 0.135071 -0.832706
73.238940 -136.568595 9788.857360 -28177.097601 -0.607245 0.737649 -0.295173 -0.667009 -0.675161 -0.315051 0.431686 -0.005570 -0.902007
-11.952721 -89.377740 3091.403148 -9038.359168 -0.408742 0.797824 -0.443178 0.473810 0.600530 0.644102 -0.780022 -0.053289 0.623479
-14.229507 -85.643309 3776.907994 -126.332950 -0.427141 0.780556 -0.456380 0.376654 0.612467 0.694993 -0.821999 -0.124963 0.555609
-18.657999 -99.349731 2804.590011 -2697.875507 -0.447749 0.780369 -0.436515 0.443813 0.617762 0.649154 -0.776242 -0.096927 0.622940
-8.873423 -83.213730 3339.960412 -323.802745 -0.418927 0.766653 -0.486562 0.355222 0.631516 0.689206 -0.835654 -0.115889 0.536892
-14.088212 -114.331921 2011.600109 -13930.360282 -0.424730 0.802864 -0.418347 0.601746 0.595607 0.532122 -0.676392 0.025730 0.736092
-9.202215 -104.583712 2444.382550 -15238.486161 -0.380563 0.813383 -0.439977 0.600772 0.579158 0.551043 -0.703026 0.054619 0.709064
1.343053 -32.146283 -1392.362241 404.588580 -0.024790 -0.015036 0.999580 0.564592 0.824947 0.026411 -0.824998 0.565009 -0.011962
1.749376 -30.206295 -1067.512315 525.235353 -0.011011 -0.009552 0.999894 0.665057 0.746653 0.014456 -0.746711 0.665146 -0.001869
4.837829 -31.910936 -956.875829 325.496708 0.002996 -0.000246 0.999995 0.566975 0.823733 -0.001496 -0.823729 0.566977 0.002607
-5.718362 -23.859043 1342.130594 1502.846040 -0.104236 0.269628 0.957307 -0.678925 0.684094 -0.266601 -0.726770 -0.677729 0.111750
-6.252974 -23.363909 1681.850847 1356.447607 -0.053669 0.197762 0.978780 -0.631546 0.752529 -0.186678 -0.773478 -0.628164 0.084509
-9.289205 -28.274999 -911.129125 -1251.102646 -0.035501 -0.105453 -0.993790 0.723061 -0.689163 0.047299 -0.689872 -0.716891 0.100715
-2.870252 -54.705012 -1290.937625 3580.024866 0.887779 -0.420941 0.186165 -0.277964 -0.812712 -0.512090 -0.366858 -0.402875 0.838514
-8.742241 -47.086281 -221.926980 3343.044727 0.920737 -0.332186 0.204682 -0.160857 -0.801090 -0.576524 -0.355482 -0.497902 0.791028
-4.426519 -58.749216 -851.582628 -3663.148239 0.901610 -0.389670 0.187770 0.285364 0.862075 0.418801 -0.325066 -0.324012 0.888453
-5.957261 -18.200440 808.450918 -300.465697 0.027667 -0.185731 0.982211 0.044678 0.981835 0.184402 -0.998618 0.038781 0.035463
-7.819772 -18.836271 402.837234 -258.104003 -0.034984 -0.361557 0.931693 0.092987 0.927042 0.363244 -0.995053 0.099343 0.001189
-10.007899 -17.655300 855.486015 -104.013583 -0.002840 -0.308322 0.951278 0.010918 0.951216 0.308334 -0.999936 0.011262 0.000665
63.718439 -1200.147315 -88952.643711 39652.293776 -0.190569 0.980130 -0.055028 -0.196556 -0.093017 -0.976070 0.961795 0.175192 -0.210377
-95.519651 -1303.916448 -79762.100997 -429507.600728 -0.301145 0.952744 -0.039873 -0.090384 -0.070145 -0.993434 0.949285 0.295564 -0.107237
151.989039 -2057.220059 -149547.071601 -856766.127943 -0.238004 0.970118 0.047180 0.339950 0.128708 -0.931594 0.909829 0.205684 0.360425
54.371363 -1248.517768 -47847.710156 -456514.763178 -0.236612 0.971573 0.007798 -0.091929 -0.014397 -0.995661 0.967245 0.236303 -0.092723
21.910715 -48.488708 -909.788988 61.038995 -0.254562 0.815141 -0.520330 0.623962 0.549520 0.555607 -0.738830 0.183230 0.648504
16.629584 -53.026326 -1288.460457 -175.320435 -0.264443 0.841789 -0.470596 0.485305 0.537836 0.689356 -0.833396 0.046087 0.550751
32.259385 -53.010124 -2608.914353 -2450.581120 -0.242900 0.764113 -0.597605 0.515485 0.623547 0.587762 -0.821751 0.165289 0.545348
35.123551 -66.491439 -3322.179295 -4635.212988 -0.196315 0.817632 -0.541238 0.690244 0.507281 0.515974 -0.696437 0.272293 0.663952
28.970904 -43.762165 1882.116590 -1722.715280 0.196392 -0.695488 0.691177 0.360996 0.706678 0.608512 -0.911653 0.130006 0.389854
38.685098 -56.175484 2749.371833 -2744.899191 0.176008 -0.675549 0.715999 0.510695 0.684479 0.520269 -0.841553 0.274086 0.465473
48.161098 -77.419561 -4295.291597 -6851.531292 -0.163105 0.749166 -0.641987 0.661228 0.565941 0.492431 -0.732239 0.344182 0.587678
-4.529283 -265.673190 -933.369938 -76319.714011 -0.197762 0.980083 -0.018069 -0.979622 -0.196942 0.039440 -0.035096 -0.025501 -0.999059
-11.010791 -216.301258 -1902.897919 60324.027691 -0.183366 0.982825 -0.020794 0.982889 0.182919 -0.021682 -0.017506 -0.024414 -0.999549
-3.121889 -201.384347 -1588.365350 -65805.667551 -0.211027 0.976840 -0.035369 -0.969571 -0.213776 -0.119293 0.124091 -0.009118 -0.992229
1.429848 -235.797691 -1075.106815 58997.438190 -0.213618 0.976303 -0.034648 0.976756 0.212805 -0.025711 -0.017728 -0.039335 -0.999069
-3.381504 -708.422259 -1640.381515 -201345.842139 -0.191131 0.980539 -0.044859 -0.944425 -0.171254 0.280597 -0.267454 -0.095997 -0.958777
-9.499876 -20.393138 562.307744 202.821489 0.107991 -0.367585 0.923699 -0.358689 0.852143 0.381044 -0.927189 -0.372470 -0.039825
-10.883949 -22.077684 363.526760 462.507834 0.161762 -0.508583 0.845681 -0.422939 0.738542 0.525051 -0.891603 -0.442604 -0.095631
-9.471656 -20.426540 111.849949 355.554249 0.129589 -0.374589 0.918090 -0.411367 0.822149 0.393508 -0.902210 -0.428667 -0.047552
103.485840 -65.094208 -44230.801687 3964.822953 0.080733 0.941732 0.326532 -0.413197 0.329747 -0.848844 0.907056 0.066392 -0.415742
28.902374 -134.246831 -46020.586501 -135.745590 0.184433 0.894592 0.407051 -0.556979 0.436366 -0.706653 0.809789 0.096389 -0.578749
36.570630 -118.768457 -58364.272246 -32841.300371 0.091388 0.959582 0.266179 -0.184955 0.279003 -0.942310 0.978489 -0.036884 -0.202977
-123.935970 -194.644876 -78145.290897 -19016.651853 0.040063 0.987741 -0.150875 0.012660 -0.151486 -0.988378 0.999117 -0.037687 0.018574
66.582331 -92.031202 -50023.804511 -26098.497920 -0.012082 0.998332 0.056447 -0.003713 0.056406 -0.998401 0.999920 0.012273 -0.003026
-25.977309 -142.203098 3840.118994 -37790.107370 -0.282134 0.457603 -0.843208 0.947150 0.272721 -0.168909 0.152667 -0.846299 -0.510363
11.704406 -17.697010 7906.929506 2989.760246 0.839159 0.523923 0.146005 -0.160630 0.495212 -0.853793 0.519625 -0.693015 -0.499719
6.853638 -25.583587 -2361.701532 -3047.290721 0.620456 -0.124615 0.774278 0.592157 0.721756 -0.358354 0.514184 -0.680837 -0.521609
-14.172250 -182.975019 5838.666993 -42991.023449 -0.188096 0.649535 -0.736698 0.968923 0.245413 -0.031012 0.160652 -0.719637 -0.675510
15.586145 -35.680402 1871.550441 -2171.831450 -0.530030 0.180920 -0.828454 0.600993 0.769377 -0.216486 0.598227 -0.612639 -0.516524
-21.834293 -35.183631 638.217421 -2406.403376 -0.344575 0.020416 -0.938537 0.935913 -0.070317 -0.345141 -0.073042 -0.997316 0.005122
-24.628120 -34.011984 406.738017 -1395.603647 -0.355326 -0.078316 -0.931456 0.933689 -0.077044 -0.349700 -0.044376 -0.993947 0.100498
-23.552279 -35.902249 248.229770 454.417434 -0.151998 -0.009431 -0.988336 0.981613 -0.118257 -0.149836 -0.115464 -0.992938 0.027232
-22.391376 -36.678818 143.808933 -217.575917 -0.220639 0.091352 -0.971068 0.972368 -0.057271 -0.226321 -0.076288 -0.994170 -0.076191
-23.561214 -38.314456 -272.139055 1957.730923 -0.082835 0.052845 -0.995161 0.986881 -0.134511 -0.089289 -0.138579 -0.989502 -0.041009
-25.165599 -37.917118 449.093336 1865.824165 -0.058719 -0.040887 -0.997437 0.978603 -0.199736 -0.049423 -0.197203 -0.978996 0.051740
2.095087 -86.258914 595.249876 720.228428 -0.441695 -0.363519 0.820219 0.868783 -0.401446 0.289927 0.223879 0.840651 0.493136
-0.234169 -84.686711 662.920906 -449.662261 -0.456810 -0.361725 0.812699 0.861135 -0.408939 0.302020 0.223096 0.837809 0.498302
1.190764 -82.741684 446.939652 -831.384589 -0.449211 -0.357878 0.818616 0.892581 -0.219597 0.393797 0.038834 0.907580 0.418080
0.663074 -84.902005 758.499462 567.211601 -0.448864 -0.366810 0.814845 0.795003 -0.580297 0.176708 0.408033 0.727122 0.552089
1.944229 -86.329262 506.602118 1076.634253 -0.426392 -0.363277 0.828384 0.904166 -0.197447 0.378812 0.025948 0.910519 0.412652
3.490727 -84.488363 267.410341 604.526884 -0.424472 -0.351627 0.834375 0.878628 -0.382559 0.285765 0.218715 0.854405 0.471335
3.167043 -83.197264 606.605897 198.563288 -0.432616 -0.366202 0.823857 0.804982 -0.568408 0.170049 0.406015 0.736755 0.540688
5.612086 -66.503118 947.092550 4481.847817 0.755241 -0.212868 -0.619918 0.107084 0.973159 -0.203705 0.646641 0.087463 0.757764
2.762741 -67.015736 1379.984715 834.351355 0.757786 -0.158845 -0.632873 0.185800 0.982293 -0.024074 0.625490 -0.099345 0.773881
8.325524 -63.629257 1245.368679 5190.494093 0.770426 -0.128226 -0.624501 0.012969 0.982514 -0.185735 0.637397 0.134995 0.758618
-7.807327 -21.385251 620.111803 -1325.851849 -0.081905 0.517555 0.851721 0.816789 -0.454839 0.354933 0.571093 0.724747 -0.385480
-5.192967 -22.884775 405.214160 -220.232611 0.056274 0.416213 0.907524 0.796743 -0.566505 0.210408 0.601692 0.711223 -0.363495
-6.391277 -21.915754 923.016837 64.921468 -0.073421 0.508841 0.857724 0.760460 -0.527857 0.378244 0.645221 0.680035 -0.348197
-8.799501 -22.681079 903.868424 -496.999034 -0.152468 0.587214 0.794943 0.780640 -0.421726 0.461248 0.606099 0.690889 -0.394103
-2.635367 -43.804837 -18.823285 -1057.890031 0.206800 -0.154966 -0.966033 0.005628 0.987549 -0.157212 0.978367 0.027074 0.205097
-2.961328 -41.758148 64.674685 -1049.131650 0.224826 -0.144879 -0.963568 0.020272 0.989366 -0.144028 0.974188 0.012848 0.225372
-2.034351 -38.587012 -16.321184 -1213.837076 0.215309 -0.118339 -0.969349 0.224372 0.972069 -0.068834 0.950421 -0.202674 0.235847
6.109973 -73.357849 -477.952059 3628.335000 -0.412285 0.371615 0.831819 0.840950 0.506450 0.190554 -0.350462 0.778081 -0.521312
5.533475 -61.999808 -431.657435 3946.266686 -0.409133 0.365786 0.835949 0.898453 0.321478 0.299055 -0.159349 0.873415 -0.460168
7.243832 -68.017179 -12.132061 3183.129228 -0.371468 0.335006 0.865900 0.868512 0.455036 0.196540 -0.328174 0.825053 -0.459989
8.177112 -74.843123 151.152167 1573.161676 -0.355005 0.341907 0.870099 0.773461 0.630192 0.067941 -0.525100 0.697107 -0.488173
7.010639 -69.340684 445.073027 1387.118637 -0.319272 0.295319 0.900473 0.807331 0.582360 0.095256 -0.496269 0.757392 -0.424351
6.715669 -63.996025 260.584102 2490.058641 -0.338606 0.289434 0.895307 0.888577 0.411321 0.203089 -0.309478 0.864316 -0.396460
5.946706 -50.327606 -161.191318 -151.963987 -0.331223 0.298260 0.895171 0.943360 0.085520 0.320560 0.019055 0.950646 -0.309693
6.177613 -51.659597 -73.516150 -1232.862732 -0.300117 0.289230 0.908997 0.930899 -0.119209 0.345278 0.208225 0.949808 -0.233467
5.669018 -51.308167 -51.606530 -658.638601 -0.317927 0.275716 0.907140 0.944652 0.010415 0.327908 0.080961 0.961183 -0.263767
7.368994 -54.468962 -8161.010834 2635.392606 0.868915 0.196578 -0.454251 -0.320604 0.922733 -0.213954 0.377094 0.331543 0.864800
17.225699 -50.252978 -3434.324078 3233.410856 0.858418 0.154997 -0.488973 -0.303783 0.921721 -0.241136 0.413321 0.355537 0.838307
10.910366 -60.016763 -4670.638632 1409.329274 0.834748 0.228566 -0.500952 -0.262124 0.965028 0.003523 0.484238 0.128371 0.865468
-0.873024 -62.535411 -4878.097383 725.157685 0.829830 0.268282 -0.489292 -0.286015 0.957395 0.039870 0.479142 0.106860 0.871208
3.433657 -63.267798 -3589.396467 -260.554512 0.819779 0.274524 -0.502592 -0.173989 0.955522 0.238128 0.545610 -0.107767 0.831082
11.635749 -61.839707 -3672.143410 9.588969 0.823303 0.234820 -0.516752 -0.146640 0.967499 0.206015 0.548334 -0.093837 0.830978
-6.784644 -21.023499 -137.174517 -1494.882709 0.051154 0.042920 0.997768 0.861649 -0.507012 -0.022365 0.504920 0.860870 -0.062917
-7.251339 -16.718544 -61.671132 -1435.228151 0.082208 0.025974 0.996277 0.896036 -0.439564 -0.062476 0.436305 0.897836 -0.059409
-7.599951 -20.932055 -47.216085 -1515.321850 0.076538 -0.002675 0.997063 0.863456 -0.499872 -0.067623 0.498584 0.866095 -0.035950
-4.679410 -16.637837 -716.487050 -1283.218514 0.078553 0.067904 0.994595 0.891590 -0.451107 -0.039619 0.445978 0.889883 -0.095979
-6.895829 -25.559319 -4.370458 -1078.051738 0.062359 -0.000058 0.998054 0.812793 -0.580333 -0.050817 0.579206 0.814380 -0.036141
-5.782936 -25.517115 -195.286243 -1133.684965 0.032218 0.053591 0.998043 0.809778 -0.586712 0.005364 0.585851 0.808020 -0.062300
-4.240475 -20.999345 -811.790645 -1524.985776 0.023841 0.097954 0.994905 0.857848 -0.513030 0.029954 0.513351 0.852763 -0.096260
3.390497 -79.522098 280.037046 2584.763517 -0.336999 -0.315005 0.887245 0.940344 -0.159400 0.300574 0.046744 0.935609 0.349931
3.109626 -74.146998 -206.813376 -634.384365 -0.336637 -0.316845 0.886727 0.916147 -0.327822 0.230668 0.217603 0.890024 0.400633
2.160044 -79.579095 -119.688413 2357.462871 -0.345743 -0.316375 0.883385 0.936913 -0.168103 0.306489 0.051534 0.933621 0.354537
40.582923 -26.753099 8327.614109 443.524537 -0.597776 0.185034 0.780017 0.691948 -0.372238 0.618585 0.404811 0.909506 0.094481
49.535626 -25.332416 3248.327544 465.465190 -0.571106 0.361768 0.736859 0.653066 -0.343610 0.674861 0.497335 0.866635 -0.040021
37.031611 -25.380541 5616.676860 261.890759 -0.586717 0.227150 0.777281 0.625632 -0.482275 0.613185 0.514148 0.846058 0.140846
1.988091 -103.346990 378.060109 -2314.503625 0.430159 0.477641 -0.766043 -0.186172 0.877259 0.442444 0.883348 -0.047705 0.466284
0.950808 -106.108625 88.026000 -2115.248358 0.428865 0.470942 -0.770901 -0.120059 0.875506 0.468054 0.895355 -0.108178 0.432015
1.223993 -100.665956 293.064318 -1511.796783 0.436818 0.485754 -0.757121 0.004307 0.840528 0.541751 0.899539 -0.239907 0.365066
2.508188 -102.412236 374.183471 -1122.881437 0.433579 0.495432 -0.752700 -0.044862 0.846130 0.531086 0.899998 -0.196500 0.389090
0.645262 -95.441078 160.574917 -910.423703 0.444600 0.486083 -0.752366 0.177168 0.775633 0.605810 0.878033 -0.402639 0.258728
1.557567 -100.975442 585.047348 1759.665216 0.423509 0.506573 -0.751015 0.132962 0.785296 0.604675 0.896081 -0.355942 0.265225
17.852897 -67.605340 -5595.854737 16782.511415 0.648225 0.310840 -0.695113 0.748937 -0.095464 0.655729 0.137468 -0.945656 -0.294682
15.478183 -70.206539 -1632.735085 16706.169998 0.611932 0.359037 -0.704721 0.774968 -0.094191 0.624942 0.157999 -0.928558 -0.335881
11.737857 -87.208025 -3133.107982 12583.288315 0.631956 0.335762 -0.698495 0.774640 -0.246033 0.582580 0.023755 -0.909248 -0.415577
19.128412 -44.134178 -2739.086148 12464.615490 0.592543 0.360094 -0.720573 0.771361 0.004160 0.636385 0.232155 -0.932907 -0.275297
9.883175 -83.693707 -3814.025408 9520.826914 0.661479 0.311106 -0.682392 0.749909 -0.263335 0.606870 0.009103 -0.913163 -0.407492
13.094400 -65.778524 -5253.365765 14595.597407 0.652091 0.286907 -0.701756 0.746535 -0.081656 0.660316 0.132147 -0.954472 -0.267433
17.988731 -47.706073 -6349.827159 12882.229883 0.636885 0.301466 -0.709575 0.744708 -0.002429 0.667387 0.199471 -0.953474 -0.226051
-4.515449 -117.097469 1204.952339 -5515.188719 -0.525483 -0.348194 0.776292 0.052240 0.897495 0.437919 -0.849199 0.270673 -0.453429
-6.308618 -126.142490 175.975333 2043.175577 -0.549922 -0.309991 0.775558 0.290664 0.799497 0.525660 -0.783007 0.514499 -0.349558
-4.664479 -117.776754 358.463142 -5752.155436 -0.558061 -0.305236 0.771621 0.060197 0.912546 0.404519 -0.827613 0.272196 -0.490882
-6.768515 -19.835334 1261.540165 287.168113 0.068090 -0.474489 -0.877624 -0.168182 0.861618 -0.478883 0.983402 0.180208 -0.021133
-9.916953 -19.316052 251.307829 679.913621 0.106327 -0.516744 -0.849511 -0.150902 0.836073 -0.527457 0.982814 0.184276 0.010919
-7.399554 -21.732088 1245.144832 911.427742 0.057479 -0.382217 -0.922283 -0.096230 0.917388 -0.386186 0.993698 0.110948 0.015950
-17.552833 -67.597178 -1285.640459 -877.799495 0.777742 0.202944 -0.594922 -0.095246 0.973567 0.207595 0.621326 -0.104792 0.776513
-14.962239 -65.987905 -795.775294 -816.118068 0.788290 0.262224 -0.556630 -0.142571 0.957865 0.249336 0.598558 -0.117190 0.792461
-12.938341 -62.952476 -927.585478 -1429.751356 0.780857 0.251559 -0.571821 0.009662 0.910367 0.413689 0.624635 -0.328557 0.708436
-15.610693 -64.305778 -1469.859008 -1659.788798 0.761732 0.206725 -0.614026 0.050167 0.926065 0.374015 0.645946 -0.315704 0.695043
-20.104924 -69.394740 -1070.425326 -912.185584 0.751328 0.151647 -0.642269 -0.062964 0.985272 0.158978 0.656918 -0.079005 0.749811
4.640050 -135.309388 -420.628382 -5068.717956 -0.511468 -0.441168 0.737409 0.756115 -0.638786 0.142277 0.408278 0.630336 0.660292
5.157667 -131.136188 175.046459 -5522.867301 -0.507715 -0.453498 0.732506 0.726691 -0.682128 0.081376 0.462759 0.573621 0.675879
4.606283 -142.345110 201.670717 -3812.862295 0.501836 0.463692 -0.730172 -0.645701 0.762518 0.040453 0.575527 0.451172 0.682065
5.071586 -123.781476 145.847597 -5674.685323 -0.530290 -0.433886 0.728379 0.796443 -0.549456 0.252540 0.290639 0.714032 0.636936
3.089730 -157.981295 -245.320294 503.158884 -0.517555 -0.462598 0.719819 0.743462 -0.659555 0.110686 0.423557 0.592445 0.685280
4.891214 -135.881587 -615.691618 -5718.432609 -0.529343 -0.422537 0.735703 0.810411 -0.508429 0.291089 0.251057 0.750308 0.611562
25.778351 -269.795519 12684.726090 -74162.742591 -0.569403 -0.326971 0.754235 0.334731 0.745771 0.576004 -0.750823 0.580444 -0.315197
57.621037 -345.051055 -25571.156191 -96851.057715 0.583848 0.232818 -0.777764 0.466780 0.687561 0.556216 -0.664258 0.687790 -0.292756
38.147006 -327.217324 -10970.884549 -65245.003272 0.570359 0.338204 -0.748537 0.519081 0.557857 0.647573 -0.636589 0.757901 -0.142624
12.034672 -1117.891642 -12891.149459 -30521.651013 -0.412122 -0.506973 0.757056 0.892258 -0.392796 0.222681 0.184476 0.767261 0.614231
51.699381 -954.129875 9610.440474 -450755.543129 -0.454340 -0.516109 0.726090 0.787614 0.148097 0.598106 -0.416220 0.843622 0.339209
35.833409 -634.361444 -12130.119816 -85144.226724 -0.494065 -0.358659 0.791999 0.857175 -0.048567 0.512730 -0.145430 0.932204 0.331429
-6.147379 -23.379169 -1968.399204 -195.308404 0.073988 -0.559335 -0.825633 0.997028 0.059316 0.049163 0.021475 -0.826817 0.562061
-0.438922 -24.029895 -1864.977902 -173.915231 0.133327 -0.555789 -0.820562 0.990211 0.109203 0.086926 0.041295 -0.824120 0.564908
-3.224485 -22.498592 -1974.823932 -273.826147 0.090969 -0.562539 -0.821751 0.993810 -0.001557 0.111082 -0.063767 -0.826769 0.558915
-7.543104 -22.623811 -1210.347034 -291.031383 -0.008596 -0.530826 -0.847437 0.997785 -0.060458 0.027750 -0.065965 -0.845322 0.530170
-7.673353 -58.510317 40.119391 876.425483 0.426953 -0.211307 -0.879239 0.888685 -0.081711 0.451178 -0.167181 -0.973998 0.152899
-7.723295 -58.617292 49.992996 407.281059 0.450122 -0.174244 -0.875802 0.878581 -0.088922 0.469242 -0.159640 -0.980679 0.113062
-6.960691 -55.639381 -87.145280 502.099737 0.432230 -0.218133 -0.874983 0.901686 0.117266 0.416186 0.011822 -0.968848 0.247373
-595.005693 -2337.865238 -196787.424651 410407.849667 0.929058 -0.113614 -0.352056 0.021108 0.966401 -0.256171 0.369332 0.230567 0.900240
1933.343908 -56405.139650 -337681.656006 54826145.290861 0.868745 0.352818 -0.347565 -0.196296 0.889603 0.412402 0.454698 -0.290046 0.842095
-1137.182328 -2708.108349 -484630.084133 -1499130.000570 0.886471 -0.353993 -0.298090 0.254524 0.910890 -0.324803 0.386505 0.212057 0.897578
-20.815885 -31.143602 1343.794469 -7070.251752 0.885203 -0.018807 0.464825 0.434349 -0.324424 -0.840292 -0.166603 -0.945725 0.279012
-32.606722 -58.011131 2894.860161 -17076.508091 0.959422 -0.181969 0.215398 0.145717 -0.334023 -0.931233 -0.241403 -0.924833 0.293953
-20.793323 -167.263904 1847.819135 -46021.651822 0.986001 -0.165347 0.021510 -0.022816 -0.261585 -0.964911 -0.165172 -0.950912 0.261696
-9.573772 -155.171525 1434.750017 -45757.202735 0.989128 -0.138309 -0.049964 -0.084752 -0.258482 -0.962291 -0.120179 -0.956064 0.267394
-14.644768 -180.662459 1520.535997 27870.874725 0.985582 -0.166141 0.032014 0.169011 0.957849 -0.232294 -0.007929 -0.234355 -0.972119
-34.319234 -182.546614 6669.198508 32978.003699 0.988894 -0.145868 0.028495 0.148601 0.966966 -0.207112 -0.002657 -0.209046 -0.977902
-34.274082 -158.559443 5890.985928 -16850.499712 0.999977 0.005885 0.003264 -0.005524 0.994848 -0.101230 0.003843 -0.101209 -0.994858
-13.950177 -136.976015 1180.483616 -12279.015024 0.999221 -0.029338 0.026381 0.031437 0.996052 -0.083025 0.023841 -0.083789 -0.996198
-33.282412 -51.872956 -62.537396 -2515.096799 0.402779 -0.122709 0.907034 0.890434 0.281936 -0.357266 -0.211886 0.951554 0.222823
-28.254684 -48.722130 -430.527022 -1813.338044 0.153384 -0.279926 0.947689 0.965173 0.248123 -0.082924 -0.211931 0.927403 0.308235
-25.019504 -43.591311 94.822646 -1727.163458 -0.049877 -0.420249 0.906037 0.961910 0.223918 0.156813 -0.268779 0.879347 0.393073
-0.520387 -9.517101 -363.013569 182.047791 -0.059140 -0.531546 0.844963 0.986597 -0.160080 -0.031649 0.152084 0.831765 0.533888
-7.013791 -23.136151 -484.448373 -1209.472007 0.443675 -0.551855 -0.706122 0.661460 -0.329967 0.673492 -0.604667 -0.765883 0.218632
-2.515726 -20.736718 -1038.451333 -716.857750 0.497232 -0.584253 -0.641411 0.583850 -0.321523 0.745481 -0.641779 -0.745165 0.181245
3.221277 -19.554103 -194.553336 202.151407 0.608539 -0.617596 -0.498253 -0.455488 0.242293 -0.856636 -0.649778 -0.748244 0.133863
34.116137 -31.062928 3670.173749 1816.650400 0.771726 0.259235 0.580720 0.530572 -0.765891 -0.363187 -0.350618 -0.588395 0.728601
18.425320 -28.699030 -4513.405796 -917.772694 -0.571447 -0.410604 -0.710530 0.777955 -0.546650 -0.309774 -0.261216 -0.729780 0.631813
59.964254 -26.526711 13690.603191 975.322112 -0.112477 -0.143314 0.983265 0.993536 -0.000961 0.113512 -0.015323 0.989677 0.142496
60.398539 -26.564137 5396.950695 734.749906 -0.086519 0.148092 0.985182 0.995355 0.054770 0.079180 -0.042232 0.987456 -0.152143
68.385045 -28.369737 -5138.513370 947.456424 -0.101051 0.401752 0.910156 0.994870 0.036385 0.094396 0.004808 0.915026 -0.403367
6.510737 -50.235090 537.846441 -2096.382457 0.291029 0.488496 -0.822602 0.956707 -0.145301 0.252188 0.003668 -0.860383 -0.509634
4.624271 -49.186902 726.658169 -1284.945357 0.272754 0.523383 -0.807264 0.958201 -0.072476 0.276763 0.086346 -0.849010 -0.521275
8.533532 -56.046836 33.765961 -834.853708 0.278820 0.433908 -0.856728 0.952695 -0.012610 0.303665 0.120960 -0.900869 -0.416898
3.707576 -45.017607 865.923598 -1724.957012 0.296440 0.531196 -0.793696 0.951610 -0.234775 0.198293 -0.081008 -0.814071 -0.575088
5.916087 -44.732560 696.347001 -2353.585749 0.317482 0.497977 -0.806985 0.936332 -0.299203 0.183737 -0.149956 -0.813939 -0.561263
8.520069 -50.951723 219.497944 -3157.685399 0.301315 0.446879 -0.842323 0.949903 -0.217597 0.224356 -0.083027 -0.867727 -0.490057
4.237611 -84.680311 -462.575319 6148.298649 -0.076330 0.343123 0.936184 0.848439 -0.470859 0.241751 0.523761 0.812748 -0.255178
2.684499 -61.909559 -325.233290 3729.333986 -0.007609 0.317401 0.948261 0.740145 -0.635864 0.218775 0.672404 0.703515 -0.230084
5.020925 -71.012601 561.062407 -5341.560190 0.018626 -0.313788 -0.949310 -0.720083 0.654497 -0.230467 0.693638 0.687875 -0.213763
26.365995 -9.814186 -3656.074699 212.176422 0.543367 0.189655 0.817792 0.828561 -0.277869 -0.486082 0.135051 0.941711 -0.308125
20.904111 -6.400852 -2793.229555 -157.715495 0.543194 0.202762 0.814756 0.829209 -0.281805 -0.482699 0.131730 0.937802 -0.321207
39.199094 -8.983723 -2657.175868 -469.786603 0.537864 0.037214 0.842210 0.819043 -0.259693 -0.511594 0.199677 0.964974 -0.170159
10.949147 -9.124120 -4659.034142 781.392934 0.556457 0.319209 0.767113 0.826717 -0.304979 -0.472786 0.083035 0.897270 -0.433603
43.175224 -11.200336 -3119.343296 205.096509 0.470758 0.037965 0.881445 0.859168 -0.246824 -0.448229 0.200545 0.968316 -0.148812
14.133175 -11.647990 -5022.089456 1410.505866 0.597660 0.287866 0.748289 0.797363 -0.310918 -0.517245 0.083759 0.905794 -0.415357
28.711361 -11.561866 -4811.088543 825.913865 0.517513 0.181770 0.836146 0.844925 -0.262962 -0.465781 0.135210 0.947529 -0.289668
-2.909429 -7.912960 -104.079835 404.327208 0.921255 0.122779 -0.369073 0.370773 -0.563960 0.737887 0.117546 0.816624 0.565074
-2.876386 -6.007151 417.459118 -342.783876 0.978502 -0.194790 0.067760 -0.165896 -0.548205 0.819725 0.122528 0.813344 0.568735
-3.597435 -5.954814 -303.570893 132.057711 -0.270146 -0.505466 0.819466 0.956216 -0.240363 0.166965 0.112575 0.828691 0.548268
-0.430049 -58.108953 111.105330 3898.463825 -0.069724 -0.257504 -0.963759 -0.566373 0.805518 -0.174249 0.821195 0.533697 -0.202007
0.015499 -48.381841 35.177363 244.468460 -0.037974 -0.286428 -0.957349 -0.670289 0.717844 -0.188183 0.741128 0.634555 -0.219249
0.499842 -59.608579 133.076026 3565.714450 -0.070352 -0.249651 -0.965777 -0.548403 0.818415 -0.171610 0.833249 0.517562 -0.194487
-1.189629 -42.858889 77.958370 -442.657253 0.183566 0.531320 -0.827045 0.978126 -0.182463 0.099880 -0.097837 -0.827289 -0.553192
456.546333 -27.768090 -106984.983633 1470.633345 0.804106 -0.592402 -0.049732 0.590593 0.786482 0.180685 0.067924 0.174662 -0.982283
-4.502762 -87.562080 -33.510779 -3108.393342 -0.650487 0.694070 -0.308437 0.324122 0.620936 0.713711 -0.686885 -0.364289 0.628874
-3.697408 -95.932419 -59.209887 -6474.199910 0.666661 -0.673520 0.319270 0.397150 0.683453 0.612506 -0.630741 -0.281536 0.723120
-3.436298 -99.677531 -91.829223 -7496.569566 -0.655325 0.685827 -0.316529 0.435606 0.685488 0.583399 -0.617087 -0.244434 0.747968
-9.757346 -66.888383 1087.614984 -9396.796235 0.808377 -0.558166 0.187020 0.124414 -0.148528 -0.981051 -0.575367 -0.816327 0.050623
-8.851611 -62.284094 332.587627 -6817.192177 0.793756 -0.583485 0.171748 0.095634 -0.159133 -0.982614 -0.600671 -0.796381 0.070511
-3.010369 -50.111567 3772.193051 -8819.253672 0.827072 -0.498783 0.259165 0.131986 -0.275849 -0.952096 -0.546380 -0.821659 0.162315
-12.237880 -76.118562 -935.612385 -5570.200469 0.776791 -0.614542 0.137599 0.193989 0.025629 -0.980669 -0.599135 -0.788468 -0.139123
-12.369033 -79.121569 -257.249266 -7527.378388 0.794150 -0.589857 0.146268 0.210201 0.040781 -0.976807 -0.570212 -0.806477 -0.156374
-6.828734 -66.975734 2034.640387 -13113.187709 0.820172 -0.540270 0.188218 0.141661 -0.126964 -0.981739 -0.554301 -0.831858 0.027597
23.900947 -63.097887 -3760.743860 4235.636418 0.982196 0.075512 -0.172014 0.172788 -0.003794 0.984952 -0.073723 0.997138 0.016774
25.505918 -62.360667 -701.600483 5613.635308 0.998561 -0.052587 0.010510 -0.012033 -0.028728 0.999515 0.052260 0.998203 0.029320
-1.850652 -60.441680 61.568972 -1505.953539 0.785343 -0.481235 0.389421 0.380114 -0.121650 -0.916905 -0.488620 -0.868110 -0.087387
28.833781 -92.590998 -32485.068412 28522.393848 -0.442466 0.594561 -0.671358 0.575064 0.762557 0.296325 0.688131 -0.254960 -0.679316
51.166930 -138.754876 -22440.171624 27654.566360 -0.493187 0.591932 -0.637481 0.673420 0.723678 0.150979 0.550701 -0.354832 -0.755528
71.646299 -146.416978 -1158.943304 27399.827384 -0.577277 0.690924 -0.435172 0.693243 0.696312 0.185916 0.431469 -0.194355 -0.880943
