16290
32566
-45.096805 -67.092998 565.552679 4320.742290 -0.310195 0.948121 -0.069611 0.760847 0.203688 -0.616136 0.569992 0.244085 0.784558
-48.527261 -74.724486 -495.083077 9132.143629 -0.544470 0.802433 0.244242 0.581622 0.570994 -0.579381 0.604375 0.173399 0.777601
-42.427679 -58.107932 252.513679 6083.586987 -0.252113 0.962275 -0.102299 0.703973 0.109843 -0.701681 0.663974 0.248919 0.705109
-40.685983 -54.540615 -2063.447213 8624.535076 -0.386169 0.908681 0.158654 0.548726 0.364552 -0.752331 0.741467 0.203470 0.639396
-38.158620 -59.163520 790.202147 4436.737751 -0.147627 0.941455 -0.303100 0.786590 -0.074018 -0.613023 0.599568 0.328914 0.729612
-34.697799 -49.621801 2545.936829 3375.623447 0.027698 0.884188 -0.466310 0.714109 -0.343930 -0.609721 0.699486 0.316108 0.640933
42.023428 -8.714968 21074.479654 -26289.945290 0.024663 0.999679 -0.005753 0.994830 -0.025109 -0.098403 0.098516 0.003296 0.995130
67.498209 -28.056099 20551.345796 2824.559272 -0.025719 0.999632 0.008649 0.983237 0.026857 -0.180343 0.180509 -0.003866 0.983566
22.447984 -30.647337 23049.761571 1407.984159 0.175123 0.972213 -0.155352 0.953167 -0.206937 -0.220567 0.246586 0.109450 0.962921
75.598821 -208.925006 29019.278934 104899.076163 -0.212515 0.974872 -0.066795 0.878990 0.160858 -0.448889 0.426865 0.154108 0.891088
3.189674 -38.711267 13392.725939 -22476.290286 0.107039 0.993656 -0.034501 0.979246 -0.111367 -0.169336 0.172104 0.015659 0.984954
1.170196 -233.946528 8489.951244 -103427.401700 -0.019037 0.968838 -0.246964 0.456784 -0.211295 -0.864120 0.889374 0.129260 0.438527
14.698823 -71.657631 7874.878547 -29998.604799 0.045558 0.882901 -0.467343 0.321824 -0.455859 -0.829832 0.945703 0.112597 0.304907
-1.766129 -108.360127 -278.763499 -40478.032908 0.081460 0.991134 -0.104963 0.305936 -0.125094 -0.943798 0.948561 -0.044770 0.313414
-60.745993 -459.195687 27314.077190 -157097.688583 -0.172539 0.935058 0.309672 0.404655 0.353920 -0.843205 0.898045 0.020176 0.439441
-11.252439 -102.801227 -18160.109046 14449.922773 0.306573 0.930047 -0.202549 -0.135676 -0.167925 -0.976419 0.942128 -0.326824 -0.074704
-2.780346 -37.194215 5168.030302 -1612.195020 -0.149270 0.969918 -0.192296 -0.191163 -0.219113 -0.956789 0.970142 0.106060 -0.218119
-5.458435 -31.457572 5776.214747 -2243.391847 -0.164867 0.961074 -0.221709 -0.087255 -0.238115 -0.967309 0.982449 0.140133 -0.123116
-16.908423 -37.321450 3596.383846 -819.349335 -0.131331 0.961509 -0.241357 -0.193066 -0.263611 -0.945111 0.972357 0.077524 -0.220255
-12.093051 -40.676636 3191.759400 -531.846088 -0.131113 0.964835 -0.227820 -0.305847 -0.257961 -0.916468 0.943010 0.050483 -0.328914
-9.947764 -71.812040 248.127931 130.019572 0.914169 -0.324766 0.242534 -0.007949 -0.612604 -0.790350 -0.405256 -0.720585 0.562605
-8.655161 -78.368063 -2152.632160 -8903.976842 0.894471 -0.319541 0.312755 0.099471 -0.539739 -0.835935 -0.435922 -0.778829 0.450996
-14.061096 -92.366885 -1085.819510 -12085.797137 0.895132 -0.272762 0.352619 0.162293 -0.537318 -0.827617 -0.415211 -0.798054 0.436703
-11.288349 -122.716047 -2488.218728 -25359.667925 0.873796 -0.292724 0.388322 0.237819 -0.439300 -0.866290 -0.424173 -0.849310 0.314243
-14.993188 -113.299864 1483.763710 -20977.015885 0.901067 -0.210061 0.379412 0.249913 -0.463491 -0.850129 -0.354433 -0.860843 0.365139
-12.855451 -109.734333 1972.274651 -16532.683708 0.909849 -0.198602 0.364324 0.212947 -0.530086 -0.820769 -0.356130 -0.824358 0.440006
-10.124224 -83.754099 675.966417 -4054.295631 0.912868 -0.258689 0.315835 0.092017 -0.623341 -0.776517 -0.397749 -0.737920 0.545225
-13.227615 -136.810650 -2260.687189 -23731.756507 0.884854 -0.262805 0.384664 0.275119 -0.371555 -0.886711 -0.375956 -0.890438 0.256469
19.310689 -48.269354 -1404.385786 -169.445144 -0.107397 0.987459 -0.115715 0.695066 -0.008647 -0.718894 0.710879 0.157637 0.685420
11.867122 -45.692369 -5781.554558 -172.046873 -0.083914 0.995943 -0.032488 0.677153 0.033075 -0.735098 0.731042 0.083685 0.677182
22.719967 -46.698346 -1713.734475 -308.963315 -0.144547 0.984234 -0.101932 0.754803 0.043065 -0.654536 0.639827 0.171550 0.749128
17.017419 -51.190646 4371.429683 -942.128512 -0.129297 0.963235 -0.235503 0.691617 -0.082592 -0.717527 0.710597 0.255651 0.655510
6.668586 -48.525233 2796.319765 4044.439684 -0.084284 0.960812 -0.264076 0.434094 -0.203144 -0.877664 0.896916 0.188607 0.399961
10.796504 -49.910594 3532.489445 1960.082085 -0.108881 0.959874 -0.258431 0.525176 -0.165187 -0.834807 0.843999 0.226616 0.486117
7.365526 -53.290869 4402.828406 5393.880728 -0.097474 0.950247 -0.295853 0.507034 -0.208384 -0.836357 0.856397 0.231531 0.461496
0.248092 -52.093098 1795.783092 6975.004709 -0.051419 0.945924 -0.320287 0.472106 -0.259590 -0.842454 0.880041 0.194527 0.433228
0.625406 -46.577406 1726.034913 3781.520791 -0.087826 0.960961 -0.262376 0.416106 -0.203922 -0.886156 0.905065 0.187004 0.381952
5.094658 -42.444824 1538.724616 920.449081 -0.073415 0.963489 -0.257487 0.358665 -0.215402 -0.908274 0.930575 0.159033 0.329756
-3.192992 -64.511562 -1392.759280 -496.505901 0.162512 0.869338 -0.466735 -0.415564 -0.368722 -0.831475 0.894928 -0.329083 -0.301343
-4.017888 -61.967638 -46.192981 -184.392478 0.156262 0.879629 -0.449260 -0.445387 -0.343227 -0.826937 0.881596 -0.329314 -0.338142
-2.801190 -60.070876 -1197.056784 166.267299 0.188047 0.881980 -0.432146 -0.328906 -0.358041 -0.873858 0.925451 -0.306462 -0.222760
4.878294 -133.596013 277.214990 -8882.711064 0.093839 0.983891 0.152158 0.971578 -0.123862 0.201729 -0.217326 -0.128903 0.967550
3.072678 -122.683704 -888.055130 -10557.579552 0.047756 0.986103 0.159122 0.877239 -0.117587 0.465431 -0.477673 -0.117361 0.870663
5.848072 -156.273738 -2588.987084 -16607.042416 0.097243 0.978415 0.182341 0.960027 -0.140529 0.242076 -0.262475 -0.151512 0.952970
2.815330 -123.954354 -337.540633 -11006.205708 0.076532 0.981762 0.174027 0.952142 -0.123763 0.279477 -0.295919 -0.144309 0.944249
10.380476 -127.260902 -6026.217791 -1276.692569 -0.243790 0.961946 -0.123397 -0.516542 -0.021102 0.856002 -0.820823 -0.272425 -0.502030
5.046879 -121.032309 -5187.857009 1292.455589 -0.201094 0.963739 -0.175410 -0.618008 0.014114 0.786045 -0.760018 -0.266474 -0.592760
16.403326 -122.744356 -8032.093044 -5214.959178 -0.241386 0.955690 -0.168494 -0.712865 -0.056816 0.698996 -0.658450 -0.288841 -0.694992
-13.081861 -44.801105 -791.085223 3673.301225 -0.175600 0.979204 -0.101604 -0.961782 -0.192665 -0.194567 0.210096 -0.063555 -0.975613
-11.190795 -38.517027 -1036.446754 5486.189739 -0.094572 0.988997 -0.113756 -0.988131 -0.107149 -0.110073 0.121051 -0.101996 -0.987392
-13.244147 -39.016372 -1115.882499 5302.470938 -0.157561 0.983301 -0.091073 -0.981577 -0.166041 -0.094533 0.108076 -0.074501 -0.991347
-14.788000 -45.542919 -778.558110 3143.246268 -0.199297 0.977245 -0.072616 -0.956402 -0.210119 -0.202844 0.213486 -0.029024 -0.976515
-11.900993 -31.374705 -1859.493412 -5017.660457 -0.119673 0.988449 -0.092990 0.991843 0.123170 0.032805 0.043880 -0.088306 -0.995126
-13.909749 -30.725770 -1964.894076 -4475.876496 -0.132467 0.988316 -0.075392 0.990626 0.134567 0.023474 0.033345 -0.071576 -0.996878
-15.937300 -39.518540 -1289.736913 3955.225953 -0.188193 0.980749 -0.052107 -0.975596 -0.192787 -0.105095 0.113118 -0.031057 -0.993096
6.122666 -36.431777 -3346.255209 -4158.796882 -0.049518 0.987971 0.146498 0.988478 0.069483 -0.134471 0.143032 -0.138151 0.980029
11.348990 -32.078914 4173.904421 -4333.152359 0.064737 -0.988177 -0.138978 0.993402 0.077029 -0.084963 0.094664 -0.132561 0.986644
13.754494 -39.029043 -2236.110570 -4785.254593 -0.053274 0.993090 0.104566 0.987297 0.068079 -0.143560 0.149687 -0.095589 0.984102
10.841569 -42.065751 -1819.036515 -2505.475636 -0.052754 0.991026 0.122820 0.966394 0.081651 -0.243752 0.251593 -0.105834 0.962029
12.597220 -40.665128 379.851543 -1062.272007 -0.056409 0.996534 0.061145 0.963377 0.070408 -0.258741 0.262149 -0.044310 0.964010
14.524823 -37.066077 1048.777003 -3932.463034 -0.020790 0.999444 0.026050 0.989960 0.024222 -0.139259 0.139812 -0.022893 0.989913
207.285037 -103.879371 -39440.867036 18795.457673 0.985516 0.164471 0.041312 0.138438 -0.639597 -0.756142 0.097940 -0.750909 0.653103
140.335714 -108.597412 -29293.253733 6704.291541 0.991870 0.074652 0.103056 0.118027 -0.842436 -0.525711 -0.047573 -0.533600 0.844398
144.657243 -102.607811 -523.848037 10471.514704 0.921604 0.357054 -0.152181 0.185337 -0.749334 -0.635727 0.341023 -0.557684 0.756764
92.659040 -100.938060 -1897.887400 -4148.065458 0.948613 0.280800 -0.145890 0.220677 -0.917469 -0.330988 0.226791 -0.281785 0.932289
93.075499 -96.124213 14278.740339 2139.348999 0.814940 0.488216 -0.312281 -0.347388 0.842812 0.411084 0.463891 -0.226526 0.856441
-17.550093 -82.955882 630.977559 1798.191582 0.058384 0.984308 0.166521 -0.948536 0.106702 -0.298151 0.311240 0.140544 -0.939881
-17.679044 -82.965871 2450.107241 1431.293617 0.070769 0.986330 0.148808 -0.960634 0.107570 -0.256145 0.268651 0.124823 -0.955116
-17.056532 -80.792880 347.203677 514.810676 0.066558 0.985495 0.156110 0.989184 -0.085667 0.119065 0.130711 0.146497 -0.980537
-18.669756 -86.745846 3150.321714 2546.662806 0.057257 0.985546 0.159438 -0.886817 0.123560 -0.445295 0.458559 0.115896 -0.881074
-16.668232 -87.445607 -2776.106000 3917.589568 0.066771 0.983544 0.167878 -0.920746 0.125561 -0.369408 0.384408 0.129907 -0.913978
-17.491180 -86.815238 640.828310 3267.864164 0.055619 0.984024 0.169125 -0.878248 0.128793 -0.460534 0.474959 0.122919 -0.871381
7.069843 -115.026166 2406.115225 -2171.663106 0.867419 -0.394890 0.302732 -0.086987 0.478694 0.873662 0.489916 0.784164 -0.380878
1.599569 -121.374357 4139.669918 -4769.584411 0.863937 -0.419566 0.278527 -0.150586 0.312541 0.937892 0.480559 0.852222 -0.206835
8.259223 -120.095732 1721.308433 -1797.868158 0.873522 -0.397565 0.280892 -0.183197 0.266123 0.946371 0.450996 0.878135 -0.159631
10.766370 -124.614124 137.337396 -3958.799254 0.884859 -0.376773 0.273983 -0.258267 0.092724 0.961613 0.387715 0.921653 0.015260
10.569649 -120.948081 -32.613215 -3727.214299 0.888619 -0.364123 0.278875 -0.159830 0.324076 0.932432 0.429896 0.873149 -0.229782
0.145374 -134.189019 -1116.805709 14250.794579 0.844423 0.068713 0.531251 -0.225864 0.944942 0.236790 -0.485731 -0.319941 0.813451
0.829333 -127.297439 -1922.757749 13273.560210 0.843882 0.085009 0.529752 -0.150620 0.985198 0.081840 -0.514953 -0.148854 0.844195
-0.074626 -162.109992 -1081.763013 19998.017712 0.855719 0.044986 0.515481 -0.244288 0.913326 0.325822 -0.456145 -0.404738 0.792540
-6.851258 -220.805754 311.352373 9725.864688 0.900857 -0.043072 0.431975 0.404946 -0.275227 -0.871934 -0.156447 -0.960414 0.230498
-3.462843 -224.725315 347.937406 -13793.025993 0.900998 -0.022283 0.433251 0.330022 -0.613007 -0.717850 -0.281581 -0.789763 0.544964
-7.027580 -225.883492 -639.354583 11004.214766 0.906742 -0.065019 0.416642 0.379072 -0.307141 -0.872908 -0.184723 -0.949440 0.253851
-4.998471 -222.479396 1634.578355 -7690.426073 0.891761 0.004914 0.452480 0.416251 -0.401088 -0.816005 -0.177474 -0.916027 0.359720
-9.958116 -202.331424 2009.169815 14987.583913 0.892797 -0.005907 0.450421 0.450002 -0.033391 -0.892403 -0.020311 -0.999425 0.027153
-24.774872 -43.151918 1609.305529 342.185635 0.960659 0.174600 0.215983 -0.271731 0.751652 0.600984 0.057412 0.636030 -0.769525
-25.584105 -40.554134 1560.429702 609.770722 0.845028 0.410657 0.342473 -0.530146 0.727024 0.436328 0.069805 0.550270 -0.832064
-28.679215 -38.930775 666.940453 1639.732622 0.941291 0.269254 0.203649 -0.337549 0.740693 0.580892 -0.005566 0.615530 -0.788094
-20.350021 -43.050851 2996.631944 -495.045022 0.885971 0.300005 0.353628 -0.439736 0.785649 0.435188 0.147269 0.541067 -0.827985
-26.577725 -41.029712 -1099.792087 -901.992482 0.999462 0.014518 -0.029395 0.008945 0.741829 0.670530 -0.031541 0.670432 -0.741300
-23.550092 -47.384523 -662.967043 -2856.591994 0.999969 -0.005492 0.005697 -0.000232 0.699313 0.714815 0.007910 0.714794 -0.699290
-21.818894 -50.049235 1146.099930 -2082.512175 0.987522 0.052619 0.148430 -0.141467 0.710517 0.689313 0.069191 0.701710 -0.709095
-20.421842 -47.672940 2656.676027 -733.387705 0.946225 0.157720 0.282460 -0.297823 0.765643 0.570168 0.126336 0.623630 -0.771443
78.471232 -9092.004526 88252.823972 -3955216.365781 0.794096 0.105947 0.598486 0.510242 -0.651246 -0.561723 -0.330249 -0.751435 0.571211
10.414025 -726.075297 4635.301329 -192923.356582 0.774797 0.104409 0.623529 0.626808 -0.255518 -0.736085 -0.082469 -0.961150 0.263419
24.631487 -364.967508 8242.869867 -47062.977099 0.779775 0.137507 0.610773 0.616537 -0.338179 -0.710998 -0.108783 -0.930982 0.348481
39.152203 -358.102481 10669.401687 -70858.347423 0.789428 0.099179 0.605779 0.530769 -0.606035 -0.592458 -0.308364 -0.789231 0.531061
-116.772016 -4341.668965 1511.231439 -1623419.507048 0.730947 -0.455375 0.508282 0.669635 0.622175 -0.405571 0.131554 -0.636814 -0.759711
92.015483 -3897.658250 74433.632092 1686533.314655 -0.680919 0.604179 -0.413906 0.319558 0.753638 0.574379 0.658963 0.258839 -0.706237
13.802016 -2296.561885 16828.043480 1284651.616813 -0.697469 0.562142 -0.444447 0.500669 0.825980 0.259012 0.512706 -0.041867 -0.857543
-27.406199 -1250.601699 32964.051090 -316726.213288 0.945278 -0.325787 0.017696 0.003531 -0.044019 -0.999024 -0.326248 -0.944418 0.040460
-150.176951 -2156.312262 -50583.188638 -906978.521923 0.798466 -0.329903 0.503603 0.535312 0.006274 -0.844631 -0.275487 -0.943994 -0.181611
52.790533 -4982.338103 52318.400408 -2541123.192820 0.707660 -0.427672 0.562419 0.697562 0.296302 -0.652390 -0.112363 -0.853992 -0.508008
15.654781 -30.064375 1186.063971 5845.666426 -0.289885 0.956826 -0.021211 -0.950920 -0.285448 0.119457 -0.108245 -0.054799 -0.992613
12.538081 -40.049982 1547.743253 -12.643504 -0.185780 0.982531 -0.010877 0.982584 0.185724 -0.005979 -0.003854 -0.011798 -0.999923
13.785025 -34.214189 1131.390038 6324.577055 -0.196572 0.980481 0.004110 -0.973114 -0.195605 0.121605 -0.120035 -0.019904 -0.992570
20.567212 -1.501837 2065.577419 15338.104436 -0.408034 0.912632 0.024721 -0.882417 -0.401182 0.245751 -0.234198 -0.078460 -0.969018
9.701537 -44.930999 -108.898172 881.705344 -0.138994 0.990277 0.005690 -0.989795 -0.139104 0.030921 -0.031411 0.001334 -0.999506
11.829099 -36.112402 -176.841762 6906.972873 -0.120248 0.992690 0.010383 -0.982388 -0.120494 0.142808 -0.143015 -0.006972 -0.989696
16.263068 -8.348171 414.583568 16786.684420 -0.145577 0.989308 0.008745 -0.959250 -0.143306 0.243522 -0.242172 -0.027063 -0.969856
-12.663003 -31.272544 -1923.395666 -1364.115010 -0.197184 0.641680 -0.741192 0.480473 0.722265 0.497472 0.854555 -0.258029 -0.450729
-10.656355 -32.941111 -1301.040631 2737.099011 -0.122619 0.715003 -0.688284 -0.464518 -0.654210 -0.596852 0.877034 -0.246535 -0.412350
-8.542195 -32.620962 -1598.538048 -259.288449 -0.156231 0.662237 -0.732826 0.515574 0.687516 0.511376 0.842482 -0.297934 -0.448843
-14.959807 -33.665390 -1474.026462 178.308763 -0.206266 0.650522 -0.730942 0.408809 0.735977 0.539641 0.889005 -0.187506 -0.417746
-11.280101 -32.621521 -1488.179984 -142.077840 -0.190086 0.637725 -0.746441 0.520034 0.710285 0.474405 0.832726 -0.297997 -0.466654
-14.680124 -35.496574 -2297.208989 1342.693167 -0.209031 0.634853 -0.743819 0.516759 0.717459 0.467133 0.830220 -0.286730 -0.478038
-18.882021 -32.687721 -2322.235657 926.825293 -0.252267 0.616674 -0.745704 0.439241 0.759637 0.479603 0.862223 -0.206556 -0.462499
-4.664636 -62.305483 1039.184120 4244.647150 -0.057773 -0.981206 0.184111 0.998226 -0.059433 -0.003504 0.014380 0.183582 0.982899
-5.992604 -69.008933 802.454893 -1776.242438 -0.069401 -0.977077 0.201254 0.993694 -0.085519 -0.072521 0.088070 0.194952 0.976851
-6.621491 -63.715833 1072.491103 5083.264067 -0.068040 -0.977856 0.197909 0.997455 -0.070912 -0.007452 0.021321 0.196898 0.980192
-5.939492 -56.332121 1058.276632 -77.313456 -0.044193 -0.979797 0.195051 0.990352 -0.017298 0.137493 -0.131342 0.199245 0.971108
-11.271160 -93.682897 -3125.031562 -1872.159693 0.150659 0.987609 0.043927 -0.327596 0.091800 -0.940348 0.932729 -0.127281 -0.337367
-12.108444 -90.009046 -3409.635694 -328.714352 0.142142 0.989065 0.039310 -0.473198 0.102780 -0.874940 0.869413 -0.105764 -0.482633
-14.248589 -90.616392 -162.481923 -1155.905554 0.099632 0.992699 0.067987 -0.366880 0.100163 -0.924860 0.924918 -0.067202 -0.374181
-13.546144 -88.684593 -1192.957755 -693.228851 0.110636 0.990783 0.078157 -0.198643 0.099098 -0.975049 0.973807 -0.092350 -0.207776
4.307815 -25.882762 1485.309711 -1273.452583 -0.245315 0.902667 0.353571 0.912099 0.091330 0.399667 0.328475 0.420536 -0.845727
8.143643 -29.971128 2609.050852 -1408.294372 -0.274382 0.901047 0.335900 0.880626 0.095128 0.464164 0.386280 0.423160 -0.819587
1.084868 -27.509191 1683.131542 -1107.490461 -0.275583 0.898120 0.342688 0.889049 0.102555 0.446178 0.365577 0.427626 -0.826734
30.133975 -245.371014 -2423.978600 -33407.524157 0.157630 0.967159 -0.199390 0.743690 0.016572 0.668319 -0.649675 0.253631 0.716654
28.533299 -322.348014 -3148.913957 -56271.075383 0.189819 0.977599 -0.090937 0.784050 -0.095183 0.613356 -0.590960 0.187726 0.784554
23.660846 -248.067126 -1830.872507 -45794.247230 0.155281 0.974745 -0.160499 0.503414 0.061711 0.861838 -0.849977 0.214625 0.481118
-17.954525 -1199.272577 2473.768133 437692.313891 -0.102083 0.184301 -0.977554 -0.054694 0.980162 0.190504 0.993271 0.072914 -0.089977
-11.284225 -1272.972284 6589.862873 454305.581136 -0.154105 0.154129 -0.975959 -0.270284 0.943506 0.191682 0.950367 0.293325 -0.103741
-20.557588 -844.038075 -1781.764053 288845.068955 -0.045837 0.171835 -0.984059 -0.477907 0.861275 0.172655 0.877214 0.478203 0.042643
-48.725822 -269.863204 -12802.657104 -86554.469894 -0.166906 0.040973 -0.985121 0.984982 -0.037845 -0.168457 -0.044184 -0.998443 -0.034041
-34.180832 -212.618246 -7124.384146 38547.088527 0.006712 -0.023598 -0.999699 0.988038 -0.153871 0.010266 -0.154067 -0.987809 0.022283
-66.116634 -226.122056 -13947.875181 43904.724431 0.055166 0.022327 -0.998228 0.991592 -0.118429 0.052150 -0.117055 -0.992711 -0.028673
-144.812126 -363.146773 -34839.376908 -41944.319858 -0.027723 0.101765 -0.994422 0.999131 -0.028137 -0.030734 -0.031108 -0.994410 -0.100896
128.117418 -30.113287 -25156.861490 -7097.057924 0.978031 0.108068 -0.178259 -0.095828 0.992498 0.075926 0.185127 -0.057176 0.981050
274.835065 -23.900360 -39591.694970 -5308.191402 0.892634 0.289245 -0.345747 -0.199777 0.941396 0.271778 0.404095 -0.173527 0.898107
356.700024 -29.511294 -123538.977660 1156.264731 0.996944 0.064803 0.043638 0.070472 -0.987030 -0.144244 -0.033724 -0.146878 0.988579
112.297372 -42.475001 -34923.886167 -1696.942740 0.980373 -0.172841 0.094840 0.173192 0.984877 0.004577 -0.094197 0.011938 0.995482
167.586559 -43.629116 72891.176260 1515.829632 -0.095235 0.830215 0.549248 0.364488 -0.484357 0.795328 -0.926326 -0.275937 0.256475
51.936593 -46.958007 35048.819404 3000.723241 -0.173703 0.901573 0.396224 0.270739 -0.343119 0.899428 -0.946852 -0.263506 0.184490
25.479241 -39.132011 17017.353840 2769.678500 -0.271832 0.941614 0.198671 0.265431 -0.125076 0.955982 -0.925016 -0.312600 0.215934
156.375410 -25.716001 79989.018095 3356.091769 -0.113965 0.897960 0.425063 0.399934 -0.350186 0.847008 -0.909431 -0.266527 0.319216
8.428786 -29.468727 12159.126758 3803.003135 -0.318604 0.946103 -0.058147 0.249018 0.142731 0.957924 -0.914594 -0.290718 0.281071
-9.181324 -38.832313 3960.770677 2163.100706 -0.363171 0.908179 -0.208129 0.099630 0.259953 0.960468 -0.926380 -0.328078 0.184889
-7.763804 -45.172409 812.182393 353.463633 -0.368645 0.926565 -0.074684 0.065298 0.105956 0.992225 -0.927274 -0.360902 0.099563
3.241400 -46.608611 270.262690 5797.591179 0.419941 0.829815 -0.367500 0.880652 -0.470448 -0.055954 -0.219321 -0.300143 -0.928339
6.977283 -44.112355 -839.274204 1320.918671 0.456517 0.794464 -0.400523 0.867102 -0.498130 0.000250 -0.199315 -0.347409 -0.916287
7.564304 -43.341599 1223.401772 774.017068 0.409293 0.839385 -0.357649 0.894602 -0.446245 -0.023533 -0.179352 -0.310321 -0.933560
6.512724 -46.301672 -435.875832 1708.539495 0.495587 0.763593 -0.413907 0.836475 -0.547926 -0.009293 -0.233886 -0.341618 -0.910272
3.797405 -46.687683 432.015408 6146.497990 0.357434 0.867738 -0.345356 0.911529 -0.404648 -0.073307 -0.203359 -0.288599 -0.935604
1.382397 -47.798246 -193.202581 -3250.019661 0.348704 0.867756 -0.354124 -0.885672 0.428689 0.178354 -0.306577 -0.251445 -0.918034
2.916440 -46.126304 658.782474 -4539.730291 0.484621 0.785254 -0.385383 -0.828836 0.553054 0.084634 -0.279597 -0.278403 -0.918867
-6.166921 -44.864428 -1132.000663 -834.523435 -0.037639 0.993323 0.109056 0.929644 -0.005222 0.368422 -0.366532 -0.115251 0.923240
-7.956402 -43.894280 -234.666159 1527.828904 -0.029456 0.994674 0.098771 0.964267 0.002249 0.264922 -0.263289 -0.103046 0.959198
-8.757834 -44.104114 -591.846837 485.361392 -0.080139 0.994760 0.063486 0.936293 0.053273 0.347157 -0.341956 -0.087262 0.935656
-6.516081 -41.818723 -929.075158 -1745.599313 -0.092030 0.993641 0.064866 0.888720 0.052582 0.455425 -0.449119 -0.099561 0.887908
-7.392326 -41.600169 -369.169502 -1293.758528 -0.173282 0.984812 0.010936 0.888983 0.151622 0.432111 -0.423889 -0.084599 0.901754
-0.382390 -67.780443 -556.625015 -6855.767079 0.146905 0.988962 -0.019308 0.095040 0.005317 0.995459 -0.984574 0.148073 0.093210
1.321623 -55.180644 -599.010722 -449.294015 0.149970 0.988150 -0.032696 0.042519 0.026594 0.998742 -0.987776 0.151171 0.038027
1.026684 -69.277628 -9.512159 -6748.983714 0.156110 0.987535 -0.020124 0.104997 0.003667 0.994466 -0.982143 0.157359 0.103116
-4.746625 -129.236750 -782.436430 4110.572008 0.250614 0.953067 0.169872 0.871811 -0.298476 0.388405 -0.420878 -0.050756 0.905696
-2.045709 -109.464060 -911.330357 11210.009473 0.239509 0.957791 0.158971 0.958473 -0.259362 0.118582 -0.154808 -0.123968 0.980136
-8.432954 -125.010011 -1327.745821 6464.904324 0.253315 0.954422 0.157831 0.921669 -0.287672 0.260328 -0.293866 -0.079523 0.952533
-8.262373 -129.477618 -485.909546 15629.369510 0.287460 0.949575 0.125194 0.929513 -0.308108 0.202672 -0.231026 -0.058110 0.971211
-9.194863 -128.058971 -2378.398897 8765.477560 0.262439 0.954521 0.141477 0.878299 -0.297015 0.374664 -0.399645 -0.025933 0.916303
15.254068 -27.634995 2494.996984 -12935.771848 0.044064 0.988541 0.144377 -0.968749 0.077590 -0.235594 0.244096 0.129484 -0.961068
11.445157 -35.131359 1126.794517 -8163.597504 -0.041366 0.987870 0.149672 -0.979563 -0.010586 -0.200860 0.196839 0.154922 -0.968119
11.190294 -47.244442 1624.638381 3544.423882 -0.006508 0.991092 0.133020 0.996038 -0.005373 0.088766 0.088690 0.133070 -0.987130
15.559165 -44.195631 359.554584 -4812.077962 0.050664 0.993916 0.097794 -0.990286 0.062690 -0.124111 0.129487 0.090556 -0.987437
11.984763 -53.316431 -4.439057 -1276.188520 0.013830 0.994258 0.106111 0.998486 -0.008083 -0.054403 -0.053233 0.106703 -0.992865
45.681307 -16.219321 8281.463147 3888.516292 0.512942 -0.737046 -0.440061 0.843707 0.527379 0.100146 0.158267 -0.422652 0.892366
65.457529 -24.691106 9788.953729 1680.269987 0.499707 -0.730577 -0.465349 0.861155 0.476886 0.176046 0.093303 -0.488709 0.867444
66.201176 -20.580900 5009.874331 3555.073320 0.333206 -0.890927 -0.308582 0.939916 0.339693 0.034171 0.074379 -0.301427 0.950584
52.109457 -12.652266 6717.159393 2665.148138 0.308668 -0.892861 -0.327908 0.945073 0.326859 -0.000383 0.107521 -0.309779 0.944709
-54.235205 -81.395060 -1305.382405 9488.788234 0.713497 -0.057156 0.698323 -0.080149 0.983467 0.162385 -0.696059 -0.171831 0.697120
-53.978673 -89.857467 -747.068035 4820.970158 0.670724 0.072169 0.738187 -0.305495 0.933794 0.186284 -0.675871 -0.350458 0.648365
-56.758012 -93.048087 -632.767002 4140.055480 0.740776 0.092915 0.665295 -0.306556 0.928005 0.211731 -0.597724 -0.360795 0.715927
-56.967439 -80.340210 -1599.477695 8811.158959 0.775662 -0.107315 0.621959 0.013127 0.987968 0.154097 -0.631013 -0.111363 0.767738
-58.259569 -92.866028 -380.575329 6970.911921 0.823151 0.056664 0.564988 -0.183974 0.967949 0.170961 -0.537192 -0.244670 0.807193
-6.128780 -91.152518 589.588234 -9639.553576 0.385656 0.910159 -0.151263 -0.136251 0.218329 0.966317 -0.912527 0.352056 -0.208210
-7.132905 -92.174624 876.903812 -12859.934906 0.393439 0.902327 -0.176101 -0.143154 0.249342 0.957776 -0.908137 0.351617 -0.227273
-4.805043 -109.266989 606.895653 -9303.045043 0.389931 0.909125 -0.146445 0.094165 0.118833 0.988439 -0.916017 0.399213 0.039271
21.994366 -28.192715 -16548.767179 679.191438 0.125654 0.935552 0.330083 0.654215 -0.328264 0.681355 -0.745797 -0.130330 0.653300
36.473970 -31.816817 -14686.107445 -240.011907 0.150777 0.951411 0.268485 0.623252 -0.302300 0.721230 -0.767348 -0.058589 0.638548
42.866109 -30.062181 -14734.841951 4013.292662 0.164594 0.946840 0.276411 0.701199 -0.309408 0.642329 -0.693707 -0.088096 0.714850
32.381267 -26.332283 -18236.584800 4206.882898 0.123683 0.923596 0.362868 0.733093 -0.331496 0.593873 -0.668788 -0.192565 0.718082
48.048886 -26.424574 -12573.050740 2948.759512 0.189838 0.949905 0.248278 0.721760 -0.306452 0.620605 -0.665601 -0.061382 0.743779
-0.908066 -206.680688 -2824.109124 -29407.119071 0.057973 0.806878 -0.587867 0.541644 -0.520074 -0.660413 0.838607 0.280128 0.467191
-0.682676 -193.798110 -305.327594 -23208.983007 0.024662 0.794966 -0.606153 0.487780 -0.538831 -0.686827 0.872618 0.278731 0.401057
-3.709487 -237.452694 -2712.642218 -23019.535856 0.046184 0.815268 -0.577239 0.195964 -0.574022 -0.795045 0.979523 0.076400 0.186274
-3.670531 -238.964595 415.607560 -4421.015400 0.000425 0.815492 -0.578768 -0.189746 -0.568188 -0.800724 0.981833 -0.110159 -0.154495
-4.208167 -235.057845 -1857.573264 3255.041514 0.031364 0.826930 -0.561430 -0.192425 -0.546203 -0.815252 0.980810 -0.133603 -0.141991
-2.829919 -236.750437 -1873.341938 -17100.477039 0.009735 0.823468 -0.567279 -0.019680 -0.567038 -0.823457 0.999759 -0.019181 -0.010686
7.695030 -146.755000 -1916.935924 17947.197700 -0.126339 0.695343 -0.707486 -0.789222 -0.502533 -0.352973 0.600972 -0.513769 -0.612270
5.808552 -174.139723 -1859.601775 28137.748527 -0.066796 0.755064 -0.652239 -0.796835 -0.433789 -0.420571 0.600493 -0.491635 -0.630637
12.351164 -134.396246 -2798.745360 -2548.333514 -0.106334 0.698658 -0.707510 0.887141 0.388023 0.249837 0.449081 -0.601095 -0.661068
2.691903 -178.782408 -2156.879089 30289.161548 -0.090414 0.735518 -0.671445 -0.644398 -0.557255 -0.523659 0.759327 -0.385331 -0.524350
-9.002165 -35.225727 1395.854048 -1417.975135 -0.483578 -0.056163 0.873497 -0.082937 0.996389 0.018150 -0.871363 -0.063668 -0.486490
-8.563578 -37.193098 -1228.275855 72.098593 -0.478911 -0.183059 0.858565 -0.135402 0.981716 0.133789 -0.867358 -0.052178 -0.494941
-11.952172 -37.752746 1876.155448 -1988.326149 -0.460617 -0.194291 0.866073 -0.095475 0.980933 0.169281 -0.882449 -0.004714 -0.470385
-5.905707 -34.979920 -862.486566 266.898283 -0.511561 0.086393 0.854892 -0.059749 0.988948 -0.135694 -0.857167 -0.120494 -0.500746
-10.199307 -34.704343 229.596204 -2536.712652 -0.505038 0.211230 0.836850 0.044260 0.974653 -0.219302 -0.861962 -0.073717 -0.501586
-7.322133 -61.017508 -2043.656600 -37.785568 -0.137348 -0.536424 0.832697 -0.612818 0.706480 0.354034 -0.778196 -0.461666 -0.425764
-6.633940 -59.204709 -2219.393036 -906.526159 -0.263635 -0.403400 0.876222 -0.554857 0.806461 0.204340 -0.789070 -0.432307 -0.436440
1.008150 -60.064144 -2692.432497 -302.869913 -0.250255 -0.430051 0.867426 -0.660557 0.730862 0.171773 -0.707840 -0.529998 -0.466975
14.510596 -147.908705 -824.018658 -7101.238412 0.440553 0.832134 -0.336846 -0.691407 0.553840 0.463916 -0.572599 -0.028518 -0.819339
14.426125 -169.383617 -326.256814 -15380.022006 0.444703 0.833030 -0.329089 -0.540729 0.542601 0.642803 -0.714039 0.107908 -0.691740
11.795752 -170.236798 -2259.678295 -23862.115821 0.407456 0.840419 -0.357318 -0.547820 0.537989 0.640672 -0.730666 0.065300 -0.679605
17.445337 -145.390976 1079.536193 -6376.097134 0.460041 0.843807 -0.276317 -0.709991 0.536472 0.456191 -0.533174 0.013684 -0.845895
-59.449382 -1388.709691 -4684.201723 423963.518006 0.869620 0.216501 -0.443721 -0.332866 0.920852 -0.203058 0.364639 0.324282 0.872857
-21.627141 -778.001645 6944.999627 -266004.180209 0.737794 0.407143 -0.538418 0.655451 -0.622789 0.427221 0.161381 0.668108 0.726353
-22.569810 -624.230520 -7204.786634 -202002.260640 0.755868 0.466724 -0.459165 0.641718 -0.389028 0.660950 -0.129853 0.794246 0.593558
-7.275469 -182.967144 -8187.122497 -4838.489247 0.864630 -0.140812 -0.482272 -0.417274 -0.735895 -0.533236 0.279816 -0.662291 0.695035
7.590923 -161.566535 -5877.573792 12069.706078 0.861925 -0.086317 -0.499635 -0.446441 -0.596338 -0.667137 0.240366 -0.798079 0.552534
-0.118040 -192.953257 -5232.935841 27863.887476 0.871101 -0.067467 -0.486447 -0.476338 -0.357133 -0.803466 0.119519 -0.931614 0.343236
-20.886922 -240.455329 -8468.886802 43420.675701 0.838848 -0.132142 -0.528085 -0.525020 -0.452711 -0.720699 0.143836 -0.881811 0.449133
-52.627048 -78.040093 830.388184 3949.304447 -0.433067 0.900080 0.048042 0.766417 0.395761 -0.505944 0.474403 0.182287 0.861228
-57.887735 -86.589513 -1459.177132 7668.786062 0.698642 -0.659518 -0.277370 0.562000 0.745783 -0.357720 0.442781 0.094036 0.891685
-44.211487 -92.561528 1627.483624 10129.648925 0.656284 -0.655038 -0.374454 0.535103 0.753958 -0.381066 0.531935 0.049716 0.845324
-32.184280 -90.783520 -5719.250542 16479.036569 -0.544226 0.729321 0.414619 0.461949 0.673061 -0.577574 0.700301 0.122798 0.703206
4.621887 -30.911312 9252.411742 -5964.344383 0.080089 0.724877 -0.684207 0.224061 -0.681937 -0.696246 0.971279 0.097543 0.217032
23.621783 -25.775292 11586.584543 6777.479108 0.110026 0.638908 -0.761375 -0.246933 0.759579 0.601717 0.962766 0.121804 0.241341
8.114964 -16.370525 12292.896990 -1916.864621 0.068000 0.667439 -0.741554 -0.235972 0.732944 0.638052 0.969378 0.131598 0.207337
-9.694750 -25.123851 4959.518155 6234.197165 0.010801 0.899490 -0.436807 0.256548 -0.424703 -0.868222 0.966471 0.102684 0.235350
8.545020 -34.388930 8002.072578 -2030.984447 -0.174875 0.961493 -0.212015 -0.112498 -0.233435 -0.965843 0.978143 0.145051 -0.148988
-3.701299 -23.793823 6240.119591 -2758.417019 -0.171807 0.956599 -0.235374 0.005892 -0.237924 -0.971266 0.985113 0.168257 -0.035241
-15.115157 -26.263698 3694.273628 -3114.262610 -0.136790 0.977642 -0.159700 -0.024375 -0.164488 -0.986078 0.990300 0.130993 -0.046330
9.716653 -28.521516 7830.022701 -3221.425118 -0.172639 0.954653 -0.242557 -0.026444 -0.250658 -0.967714 0.984630 0.160651 -0.068518
6.489878 -61.673265 -7944.325147 -2805.499584 0.882710 -0.389265 0.263243 0.027282 -0.516791 -0.855677 -0.469126 -0.762496 0.445557
-5.812969 -77.809732 -4177.688616 -13561.625762 0.872461 -0.330183 0.360264 0.167254 -0.490937 -0.854990 -0.459170 -0.806201 0.373099
-5.385304 -66.019630 -1671.739024 2961.651909 0.903024 -0.370232 0.217888 -0.044739 -0.585493 -0.809442 -0.427253 -0.721198 0.545278
17.305401 -41.305360 -6700.879713 -438.484714 -0.152235 0.987637 0.037379 0.759235 0.141075 -0.635343 0.632761 0.068342 0.771325
3.530495 -43.144452 -6515.558994 -609.827827 -0.138821 0.988584 0.058577 0.686932 0.138731 -0.713357 0.713340 0.058791 0.698348
-1.488855 -43.685008 -5994.922112 142.171593 -0.105067 0.994445 0.006289 0.595833 0.068013 -0.800223 0.796206 0.080330 0.599670
4.339477 -46.184153 -4818.088420 -365.949689 -0.052671 0.995207 -0.082396 0.579405 -0.036746 -0.814211 0.813336 0.090625 0.574693
5.732639 -46.979307 -3481.059504 -720.399697 -0.014932 0.986643 -0.162214 0.455832 -0.137677 -0.879353 0.889940 0.087073 0.447688
9.974793 -47.313988 -4754.519770 -526.667370 -0.025253 0.991242 -0.129622 0.539805 -0.095614 -0.836342 0.841411 0.091090 0.532663
11.308990 -47.575120 -153.797453 31.748038 -0.052384 0.978463 -0.199665 0.479453 -0.150746 -0.864523 0.876003 0.141017 0.461230
-6.336721 -62.047126 537.000260 -685.939251 0.144392 0.886482 -0.439660 -0.611742 -0.269264 -0.743820 0.777767 -0.376360 -0.503419
-5.307837 -61.609010 992.157835 -2208.736054 0.148922 0.894623 -0.421274 -0.509748 -0.295603 -0.807945 0.847336 -0.335065 -0.412011
-6.492761 -62.506387 -328.898637 -1916.372911 0.155002 0.877723 -0.453405 -0.524611 -0.315765 -0.790617 0.837113 -0.360408 -0.411519
-2.935365 -60.607419 1705.252671 -1215.510283 0.145675 0.906160 -0.397056 -0.483368 -0.284984 -0.827732 0.863212 -0.312504 -0.396493
-6.764334 -63.907315 -222.368403 -199.279188 0.140392 0.870815 -0.471138 -0.651204 -0.277227 -0.706454 0.745804 -0.405988 -0.528158
-7.529756 -62.677961 -43.010494 1057.407152 0.126663 0.872000 -0.472835 -0.730839 -0.240261 -0.638865 0.670694 -0.426487 -0.606860
-6.356003 -61.691492 175.097496 896.347998 0.119270 0.879999 -0.459756 -0.737890 -0.231258 -0.634065 0.664299 -0.414874 -0.621760
-3.808528 -60.352461 1083.472123 350.743715 0.140128 0.896786 -0.419689 -0.635512 -0.243578 -0.732662 0.759268 -0.369384 -0.535787
6.273633 -179.934565 1929.502900 -8346.209426 -0.151710 -0.975171 -0.161327 0.983121 -0.131988 -0.126695 0.102256 -0.177825 0.978735
7.680808 -161.959087 -1052.118806 -19867.167137 0.091910 0.986954 0.132192 0.949663 -0.126806 0.286461 -0.299487 -0.099209 0.948928
8.726891 -171.130204 -558.847549 -10459.160391 0.124971 0.985712 0.112934 0.985077 -0.136849 0.104378 -0.118342 -0.098204 0.988105
5.857197 -178.345050 1104.613751 -2547.344100 0.158263 0.982053 0.102587 0.962061 -0.129983 -0.239883 0.222244 -0.136659 0.965366
3.488367 -189.306921 872.615239 5127.246552 0.180049 0.977998 0.105371 0.868887 -0.107912 -0.483104 0.461104 -0.178538 0.869199
3.452826 -181.266799 -3306.350930 5110.548545 0.197726 0.967459 0.157883 0.860473 -0.094146 -0.500723 0.469565 -0.234860 0.851087
3.636140 -165.614891 -1826.250228 -1666.219671 0.161147 0.972759 0.166650 0.944460 -0.102996 -0.312070 0.286405 -0.207683 0.935329
-2.308347 -42.780783 -2021.906152 4681.126112 -0.121128 0.965670 0.229803 0.483545 -0.144780 0.863263 -0.866898 -0.215685 0.449408
-7.932898 -38.161938 -1937.395913 6553.127653 -0.139983 0.974377 0.176050 0.456068 -0.094368 0.884928 -0.878867 -0.204166 0.431172
-3.040285 -53.669033 -3125.618523 11782.054271 -0.203409 0.975955 0.078343 0.372194 0.003067 0.928150 -0.905592 -0.217953 0.363868
-11.208567 -43.177461 -788.613192 4618.307486 -0.136102 0.982400 -0.127933 -0.971145 -0.157827 -0.178798 0.195842 -0.099907 -0.975533
-8.220867 -36.419076 -946.158639 4573.253860 -0.037146 0.990234 -0.134376 -0.989000 -0.055695 -0.137032 0.143177 -0.127808 -0.981410
3.839144 -26.617239 4490.064400 -2564.756121 0.085364 -0.983433 -0.159912 0.993960 0.095165 -0.054651 0.068963 -0.154281 0.985617
9.496391 -127.915393 119.294270 -1982.809709 0.898495 -0.348709 0.266664 -0.374234 -0.290913 0.880522 0.229469 0.890939 0.391883
9.722783 -128.248008 1182.335981 591.054501 0.890367 -0.378841 0.252440 -0.396258 -0.371953 0.839423 0.224112 0.847426 0.481293
8.779690 -125.369155 91.250636 808.949882 0.902993 -0.341269 0.261034 -0.417419 -0.552854 0.721189 0.101805 0.760190 0.641675
11.176639 -129.490135 -24.358534 -1446.158324 0.889320 -0.369425 0.269509 -0.346152 -0.158725 0.924654 0.298812 0.915604 0.269035
9.396744 -124.059652 -1363.682416 265.584639 0.909586 -0.301909 0.285488 -0.389540 -0.380470 0.838750 0.144607 0.874124 0.463676
10.084688 -125.214487 -815.572747 -773.103525 0.910138 -0.314777 0.269378 -0.332869 -0.168456 0.927804 0.246674 0.934097 0.258097
9.354950 -124.566884 -258.783932 -1192.448843 0.903621 -0.334976 0.266948 -0.318083 -0.107386 0.941962 0.286868 0.936087 0.203587
-15.282364 -80.184133 -531.401127 1206.467085 0.041678 0.977422 0.207145 0.998203 -0.049668 0.033522 0.043054 0.205375 -0.977736
-15.367312 -79.929917 1777.492476 1634.279030 0.034049 0.967526 0.250468 0.997029 -0.015559 -0.075434 -0.069088 0.252292 -0.965182
-15.593250 -79.961244 1694.915536 585.653474 0.032959 0.966402 0.254915 0.993469 -0.059554 0.097324 0.109236 0.250043 -0.962053
-2.337635 -127.865870 5322.574643 -4635.423820 0.861988 -0.446087 0.240798 -0.245023 0.049206 0.968268 0.443780 0.893636 0.066887
-3.560947 -118.864875 4822.814177 -6379.151318 0.855831 -0.439713 0.272408 -0.134802 0.318840 0.938173 0.499382 0.839639 -0.213599
-0.596393 -228.788827 -262.337199 -17698.399170 0.911851 -0.056161 0.406662 0.273847 -0.654776 -0.704468 -0.305836 -0.753733 0.581679
-29.518652 -37.396762 466.070204 2419.912372 0.823718 0.479393 0.302773 -0.566516 0.673788 0.474415 -0.023426 0.562310 -0.826595
-21.578829 -40.567604 1246.568555 -1468.051460 0.762765 0.511784 0.395305 -0.630780 0.723522 0.280417 0.142499 0.463242 -0.874700
-27.389420 -38.344768 -124.376716 -1130.859830 0.666426 0.640566 0.381511 0.745351 -0.584828 -0.320044 0.018109 0.497645 -0.867191
13.202982 -400.395138 5228.610158 -52380.578209 0.776207 0.119898 0.618972 0.620633 0.027515 -0.783619 0.110985 -0.992405 0.053055
1.268860 -407.589872 1245.088976 -51273.440100 0.778913 0.119512 0.615639 0.624316 -0.054853 -0.779244 0.059359 -0.991316 0.117338
0.005962 -509.522403 4496.421793 58175.046597 0.801582 0.095050 0.590281 0.535572 0.324696 -0.779574 0.265761 -0.941030 -0.209364
1.246174 -1454.249413 -15228.539131 -627898.814537 -0.516375 0.673119 -0.529403 0.065627 -0.585277 -0.808173 0.853844 0.452063 -0.258048
17.031898 -527.911140 -3395.168091 -208933.125151 -0.631494 0.721244 -0.284643 -0.020266 -0.382329 -0.923804 0.775116 0.577608 -0.256055
-1.325661 -13.263011 530.651295 275.529515 0.613772 0.785715 -0.077044 0.788468 -0.615004 0.009360 -0.040028 -0.066492 -0.996984
-1.698061 -14.431616 486.919691 -679.627794 0.443134 0.892483 -0.084302 0.896246 -0.443101 0.020132 -0.019387 -0.084476 -0.996237
-3.560885 -12.600140 1789.029073 -271.534005 0.513408 0.854247 -0.081693 0.857927 -0.513090 0.026443 -0.019327 -0.083663 -0.996307
-1.788235 -12.368319 5.246422 -420.044165 0.791309 0.607104 -0.072487 -0.610214 0.791614 -0.031393 -0.038323 -0.069074 -0.996875
-16.883453 -51.096872 -234.228253 -368.038882 0.092773 0.963664 0.250490 0.992682 -0.069987 -0.098407 -0.077301 0.257787 -0.963105
-17.042987 -49.243569 -384.148728 247.456143 0.115494 0.974205 0.193869 0.991571 -0.101538 -0.080478 -0.058717 0.201530 -0.977721
-14.286253 -47.601891 -447.406021 -2631.332226 0.107005 0.966412 0.233661 0.971687 -0.051856 -0.230509 -0.210650 0.251711 -0.944599
-8.193582 -33.970475 -1222.653583 1990.541648 -0.084963 0.725347 -0.683120 -0.507574 -0.621480 -0.596767 0.857409 -0.296031 -0.420970
-12.836163 -36.705826 -848.784277 1901.969626 -0.123326 0.739703 -0.661536 -0.408028 -0.645466 -0.645668 0.904602 -0.190297 -0.381422
-11.035350 -95.150636 -3578.343271 -312.151237 0.166983 0.985849 0.014789 -0.517353 0.100378 -0.849865 0.839323 -0.134262 -0.526793
-13.350419 -90.280048 -3466.183600 1179.718342 0.142556 0.989343 0.029630 -0.629095 0.113677 -0.768971 0.764145 -0.090981 -0.638596
7.373070 -82.419424 -692.354098 13811.454548 0.044709 0.994209 0.097724 -0.469294 -0.065455 0.880613 -0.881910 0.085232 -0.463650
-1.223597 -61.570325 1864.228740 -9877.075802 0.096434 0.995334 -0.003226 -0.420699 0.043696 0.906147 -0.902060 0.086027 -0.422950
4.411083 -67.794576 1268.843860 157.073348 0.071509 0.997357 -0.012868 -0.441132 0.043193 0.896402 -0.894589 0.058424 -0.443055
-4.424881 -49.799068 -1101.625898 -3585.638291 0.187199 0.947617 -0.258804 0.770919 -0.305004 -0.559157 0.608803 0.094843 0.787632
-5.535552 -60.223373 -855.078394 3869.449591 0.161036 0.957949 -0.237490 0.799933 -0.267629 -0.537105 0.578079 0.103483 0.809392
-3.049809 -51.058187 -1053.273946 -4099.641035 0.185592 0.950319 -0.249899 0.770829 -0.298525 -0.562766 0.609408 0.088185 0.787937
-34.572959 -52.840355 40855.236608 -2939.660268 0.345858 -0.152956 -0.925736 0.830974 -0.408250 0.377908 -0.435734 -0.899965 -0.014094
67.648303 -56.793346 50629.481403 -1069.226432 0.429590 -0.187413 -0.883362 0.783284 -0.409439 0.467787 -0.449353 -0.892881 -0.029094
31.694704 -67.957497 51519.142503 -9464.623051 0.342402 -0.116842 -0.932260 0.868149 -0.340077 0.361477 -0.359276 -0.933111 -0.015007
