19502
38992
-32.211782 -51.651907 -137.416258 5318.239005 0.878258 0.080046 0.471440 0.016230 0.980332 -0.196686 -0.477911 0.180392 0.859686
-36.375075 -60.628527 408.593653 4756.363168 0.869214 0.166739 0.465473 -0.120064 0.984424 -0.128429 -0.479637 0.055746 0.875694
-38.004634 -64.333763 -407.574505 7254.311033 0.818508 0.469064 0.331696 -0.383062 0.875896 -0.293378 -0.428145 0.113072 0.896609
-32.467247 -51.916856 520.136563 4592.922248 0.824338 -0.074976 0.561112 0.130446 0.989674 -0.059399 -0.550864 0.122160 0.825606
-31.483647 -52.981676 1091.592830 8449.392598 0.856911 0.419911 0.298962 -0.288400 0.871274 -0.397122 -0.427234 0.254078 0.867707
-29.458487 -42.885821 -577.162076 4105.173765 0.855901 -0.115481 0.504082 0.235759 0.954695 -0.181591 -0.460274 0.274266 0.844350
-27.079705 -44.061972 -473.169066 2055.717550 0.768703 -0.296355 0.566807 0.373937 0.927185 -0.022355 -0.518910 0.229134 0.823547
51.072214 -25.209863 6878.630092 4174.001333 0.985085 0.171394 0.015219 0.038516 -0.305844 0.951302 -0.167703 0.936527 0.307883
49.628531 -16.748750 -3343.738604 -3787.945180 0.946110 0.236307 -0.221441 0.295890 -0.352846 0.887665 -0.131627 0.905350 0.403751
55.050557 -31.370059 -1610.735947 -4358.425150 0.966015 0.250513 -0.063704 0.151196 -0.347732 0.925323 -0.209654 0.903507 0.373791
58.069144 -39.568632 2990.428836 -446.979339 0.958888 0.283437 0.014038 0.073381 -0.295430 0.952542 -0.274133 0.912351 0.304084
64.163132 -48.695221 6965.854190 3369.297247 0.960125 0.250803 0.123527 -0.064289 -0.231937 0.970604 -0.272081 0.939842 0.206565
43.698668 -38.377028 8917.048832 5043.946090 0.980649 0.043222 0.190942 -0.174494 -0.249234 0.952593 -0.088762 0.967478 0.236869
-38.443163 -83.249117 -27717.879627 7585.163586 0.759759 0.554242 0.339973 -0.046473 0.567823 -0.821838 -0.648541 0.608599 0.457166
-9.430904 -53.560296 4705.162217 5372.435711 0.903440 0.401657 0.149891 0.155696 -0.633152 0.758207 -0.399443 0.661657 0.634551
-17.305397 -70.004076 -13019.403856 -26089.824975 0.840978 0.475474 0.258225 -0.215051 0.731664 -0.646855 -0.496496 0.488459 0.717565
-19.973973 -251.542004 -9436.731797 -104529.844890 0.889054 0.252390 0.381947 -0.059950 0.891303 -0.449427 -0.453861 0.376667 0.807547
-57.087929 -123.419942 -39693.416819 -19606.223636 0.697573 0.683185 0.215987 0.198810 -0.474157 0.857700 -0.688380 0.555368 0.466583
-68.869841 -257.563527 -41025.616994 -116546.984215 0.747072 0.664682 0.009014 0.005328 -0.019547 0.999795 -0.664722 0.746871 0.018144
-13.256100 -66.047256 -6435.199054 -13876.251286 0.828766 0.239374 0.505813 -0.323164 -0.533199 0.781834 -0.456849 0.811418 0.364540
6.561388 -7.425312 2956.528331 -90.566829 -0.623586 -0.376172 -0.685299 0.777778 -0.210228 -0.592340 0.078753 -0.902385 0.423674
1.342286 -4.821957 3519.849271 250.773820 -0.540686 -0.392773 -0.743900 0.838084 -0.175163 -0.516656 0.072625 -0.902800 0.423885
7.205931 -9.047137 2377.568515 905.765721 -0.354142 -0.449818 -0.819907 0.931495 -0.091794 -0.351980 0.083065 -0.888391 0.451511
1.196050 -7.794200 76.082986 1561.105555 0.944029 0.189931 0.269696 0.324108 -0.382023 -0.865455 0.061347 -0.904425 0.422199
10.680007 -9.739032 479.756517 235.833831 -0.500306 -0.450001 -0.739725 0.859018 -0.150869 -0.489210 0.108544 -0.880192 0.462040
4.956924 -8.918930 -2342.072824 0.038255 0.811597 0.284124 0.510475 0.580603 -0.295212 -0.758782 0.064890 -0.912208 0.404556
10.915465 -9.199764 1724.167338 -667.757467 -0.652138 -0.379146 -0.656479 0.752096 -0.214794 -0.623069 0.095226 -0.900062 0.425230
19.044198 -25.884831 2229.117484 1222.152350 -0.250709 -0.895847 -0.366882 0.967397 -0.245900 -0.060636 -0.035896 -0.370123 0.928289
15.429194 -21.631523 2829.487273 1740.538043 -0.284466 -0.886062 -0.366024 0.958003 -0.248324 -0.143404 0.036173 -0.391445 0.919490
11.343419 -23.655726 1731.122384 1171.825023 -0.138607 -0.906450 -0.398920 0.990347 -0.126529 -0.056596 0.000827 -0.402914 0.915238
5.887097 -21.585175 1428.413438 1372.738662 -0.085371 -0.910297 -0.405057 0.994686 -0.054387 -0.087418 0.057546 -0.410367 0.910103
11.889330 -27.703649 2702.429701 525.247685 -0.109234 -0.902133 -0.417401 0.992099 -0.125013 0.010561 -0.061708 -0.412949 0.908661
1.973236 -25.937430 2292.182563 315.409477 0.083830 -0.894850 -0.438424 0.996042 0.088288 0.010251 0.029534 -0.437548 0.898710
90.885008 -67.394418 -5069.434859 715.720677 -0.279791 -0.907448 -0.313458 0.937150 -0.329049 0.116090 -0.208489 -0.261276 0.942479
97.381655 -73.670728 -372.801638 -2955.723360 0.192304 0.915361 0.353742 0.893896 -0.312134 0.321749 -0.404931 -0.254335 0.878262
88.741848 -81.796269 12028.418061 -1385.349150 0.327203 0.937092 0.121641 0.902520 -0.348052 0.253609 -0.279992 -0.026802 0.959628
70.216957 -74.651791 -11251.890164 4185.820837 -0.364706 -0.925919 -0.098303 0.929432 -0.368369 0.021466 -0.056087 -0.083538 0.994925
83.047481 -60.354093 -8483.484507 5938.178747 -0.339271 -0.903302 -0.262565 0.940621 -0.322416 -0.106209 0.011283 -0.283008 0.959051
-18.519807 -41.282803 430.705650 -198.760386 0.164135 0.254746 0.952976 0.954415 0.203146 -0.218687 -0.249303 0.945429 -0.209790
-21.423402 -41.959004 847.237811 340.348145 0.194582 0.305589 0.932069 0.954899 0.158267 -0.251237 -0.224291 0.938918 -0.261010
-19.601742 -41.202350 1712.647485 741.822185 0.174722 0.261904 0.949146 0.935012 0.257980 -0.243307 -0.308584 0.929974 -0.199809
-18.815061 -42.488578 2148.955699 170.812263 0.226814 0.222383 0.948209 0.914222 0.287052 -0.286006 -0.335789 0.931744 -0.138200
-17.542721 -41.603943 219.044058 -1433.073071 0.239839 0.213254 0.947101 0.925836 0.243259 -0.289227 -0.292070 0.946228 -0.139095
1.840270 -55.074266 -275.548483 -2751.189847 0.813191 0.023340 0.581529 0.233300 0.902329 -0.362454 -0.533190 0.430415 0.728321
1.527082 -53.626613 126.529038 -4235.413384 0.803993 -0.010347 0.594549 0.302222 0.868193 -0.393577 -0.512111 0.496119 0.701148
1.759796 -52.522664 75.937241 -1935.708627 0.818770 0.032320 0.573211 0.234084 0.892863 -0.384708 -0.524233 0.449167 0.723484
3.121285 -49.607691 -332.667611 -334.499797 0.823990 0.066488 0.562690 0.167472 0.920141 -0.353968 -0.541289 0.385901 0.747052
3.766050 -47.871782 526.594869 -420.737157 0.839847 0.079729 0.536936 0.145176 0.920132 -0.363705 -0.523050 0.383407 0.761195
1.711680 -50.448807 348.943793 -996.413054 0.831330 0.052919 0.553254 0.222291 0.880708 -0.418259 -0.509389 0.470695 0.720395
-33.320082 -112.138990 -1362.207374 -12523.178106 0.774658 0.479804 0.411939 0.626500 -0.670918 -0.396695 -0.086041 -0.565383 0.820329
-37.592383 -116.973623 -4.814887 -13928.822459 0.729615 0.573555 0.372421 0.683298 -0.633473 -0.363065 -0.027681 -0.519372 0.854100
-31.280671 -94.069320 -105.378046 -7667.727070 0.789035 0.502373 0.353617 0.600238 -0.753054 -0.269487 -0.130910 -0.424890 0.895730
-27.196049 -93.898768 -2316.109738 -8156.769973 0.809842 0.408692 0.420865 0.555667 -0.764442 -0.326900 -0.188126 -0.498598 0.846173
-27.758376 -108.161511 -4377.112424 -11772.528465 0.788037 0.383729 0.481404 0.591018 -0.690446 -0.417113 -0.172325 -0.613218 0.770887
-3.670119 -90.198409 343.831225 3380.837341 0.824642 0.563330 0.051229 -0.554030 0.822642 -0.127716 -0.114089 0.076937 0.990487
-1.851670 -97.031663 -1918.963037 -5777.848784 0.820312 0.564983 0.088783 0.568761 -0.822181 -0.023004 -0.059998 -0.069366 0.995785
-2.397556 -88.323647 -656.063653 4345.133277 0.834822 0.546975 0.062372 -0.528412 0.827922 -0.187953 -0.154445 0.123949 0.980196
9.574094 -90.391969 135.699960 38.651661 0.786835 0.617143 -0.005066 -0.157725 0.193145 -0.968410 0.596669 -0.762778 -0.249312
9.136006 -88.254553 1972.538924 -1151.763097 0.761744 0.646748 0.038258 -0.056823 0.125516 -0.990463 0.645382 -0.752305 -0.132361
12.763540 -90.624894 1087.090686 915.918746 0.767834 0.639842 0.032135 -0.204529 0.292360 -0.934181 0.607123 -0.710723 -0.355350
121.316417 -1.477892 35658.542760 -2442.425699 -0.117341 0.923661 0.364802 0.845311 0.285697 -0.451472 0.521231 -0.255395 0.814305
91.235418 -5.113456 34950.370974 -4304.435259 -0.237492 0.892117 0.384351 0.823941 0.394576 -0.406733 0.514509 -0.220087 0.828760
888.577502 -1.940223 337022.657101 -1609.084206 -0.170641 0.858203 0.484116 0.804335 0.405119 -0.434652 0.569145 -0.315222 0.759413
420.125033 -30.559035 135271.635957 -3758.214215 0.043381 0.783088 0.620396 0.822395 0.324600 -0.467228 0.567261 -0.530479 0.629926
313.463826 -10.793555 104815.289704 -3424.868985 -0.061786 0.877018 0.476469 0.845572 0.299621 -0.441853 0.530273 -0.375588 0.760094
335.598636 -36.121421 71119.695751 1507.361155 0.125680 0.644922 0.753843 0.737501 0.447503 -0.505800 0.663548 -0.619529 0.419389
1173.168323 -26.238939 435941.466517 3297.709868 -0.207972 0.847604 0.488176 0.729561 0.466858 -0.499784 0.651528 -0.252213 0.715472
-1.123074 -43.284359 1162.021019 -2820.730989 0.727916 0.022495 0.685297 -0.513269 0.680576 0.522849 0.454636 0.732332 -0.506948
-1.936929 -43.261235 1400.469775 -3802.740347 0.739743 -0.007278 0.672850 -0.488518 0.681845 0.544461 0.462742 0.731460 -0.500835
-0.317616 -49.102666 1309.210013 1258.846215 0.715020 0.033427 0.698305 -0.500455 0.721927 0.477877 0.488151 0.691162 -0.532921
4.146947 -43.153428 -1414.892587 853.644092 0.703725 0.076407 0.706352 -0.530605 0.717676 0.451000 0.472472 0.692173 -0.545589
10.735990 -41.209612 -3745.749913 2773.472362 0.683107 0.136678 0.717415 -0.538658 0.757636 0.368559 0.493165 0.638207 -0.591169
16.267121 -35.415381 -6160.297755 2128.018554 0.728070 0.079144 0.680918 -0.521782 0.708201 0.475600 0.444586 0.701561 -0.556916
4.023558 -47.978995 -760.299176 4330.559044 0.676876 0.114692 0.727107 -0.530924 0.760264 0.374324 0.509862 0.639410 -0.575497
8.645310 -97.189064 1122.298711 -4283.524363 0.308168 -0.332566 -0.891310 0.935922 0.273936 0.221381 0.170538 -0.902418 0.395674
11.496324 -89.509316 948.026014 -4863.246497 0.356323 -0.354138 -0.864650 0.908088 0.349163 0.231215 0.220022 -0.867566 0.446004
9.003632 -101.496152 1910.677730 -3214.445688 0.322130 -0.325107 -0.889122 0.855006 0.503129 0.125801 0.406444 -0.800729 0.440041
6.471489 -100.440074 1373.582568 -5407.994003 0.318536 -0.315843 -0.893744 0.901229 0.393146 0.182269 0.293803 -0.863527 0.409878
6.734642 -94.292315 567.298720 -2098.297326 0.299344 -0.326694 -0.896473 0.944906 0.231939 0.230993 0.132463 -0.916229 0.378125
0.317389 -49.776392 -4172.439235 -8044.481634 0.720882 -0.061726 0.690304 0.426337 -0.745779 -0.511909 -0.546412 -0.663328 0.511302
3.737494 -49.609984 -141.673559 -9872.863412 0.769147 -0.051863 0.636964 0.398072 -0.740848 -0.541001 -0.499951 -0.669667 0.549176
4.913914 -51.637736 -2407.023337 105.114100 0.745681 -0.050034 0.664422 0.510614 -0.597712 -0.618073 -0.428058 -0.800148 0.420154
-0.451396 -57.550695 2205.615182 6494.902379 0.803571 -0.049552 0.593143 0.507533 -0.463550 -0.726314 -0.310941 -0.884684 0.347346
-2.105998 -58.386841 -3236.306368 3927.494050 0.750424 -0.070848 0.657149 0.556475 -0.468765 -0.685999 -0.356650 -0.880477 0.312347
-1.796784 -111.272494 304.550216 5143.392994 0.630174 -0.288561 -0.720842 -0.629260 -0.733679 -0.256412 0.454876 -0.615181 0.643926
-1.991190 -125.395047 -552.211118 -10625.705234 0.650802 -0.287156 -0.702851 0.508920 0.851958 0.123157 0.563434 -0.437845 0.700595
-0.603233 -122.929347 -176.798773 -12495.528950 0.645468 -0.283829 -0.709092 0.537554 0.828340 0.157761 0.542592 -0.483005 0.687240
-2.203856 -109.566386 -832.348194 6050.728556 0.640737 -0.302829 -0.705515 -0.640135 -0.718066 -0.273144 0.423890 -0.626638 0.653943
0.207212 -105.772099 -605.164152 6543.064766 0.641430 -0.296486 -0.707576 -0.627171 -0.733830 -0.261054 0.441842 -0.611219 0.656648
-2.339846 -105.510385 -414.736889 2045.883161 0.605537 -0.315675 -0.730530 0.734569 0.574859 0.360478 0.306158 -0.754908 0.579984
-1.165950 -105.280544 -306.989522 2896.830753 0.611909 -0.314378 -0.725764 0.702300 0.638023 0.315755 0.363787 -0.702918 0.611200
0.232611 -109.625958 -643.651305 -1128.494538 0.362563 -0.188583 -0.912680 0.402322 0.915031 -0.029245 0.840645 -0.356588 0.407628
-0.364993 -100.472761 -96.986017 154.291038 0.363638 -0.152923 -0.918903 0.316261 0.948111 -0.032630 0.876211 -0.278748 0.393133
1.291720 -109.912014 -427.750069 -1952.111288 0.376603 -0.134824 -0.916511 0.196792 0.978415 -0.063067 0.905231 -0.156611 0.395006
-0.178040 -121.825910 -46.712074 -770.940173 0.364883 -0.163422 -0.916599 0.249026 0.965738 -0.073050 0.897132 -0.201603 0.393077
35.973046 -1.987660 -2331.937081 568.864341 -0.357285 0.305439 0.882641 0.587668 0.808025 -0.041736 -0.725944 0.503788 -0.468192
32.030490 -0.750792 -4816.423371 711.056258 -0.418665 0.341520 0.841477 0.584531 0.810476 -0.038113 -0.695013 0.475912 -0.538947
34.614587 -0.187051 1715.629257 227.041270 -0.325934 0.241103 0.914131 0.571585 0.820446 -0.012595 -0.753032 0.518399 -0.405222
35.462037 -1.632554 4643.364086 913.524944 -0.270416 0.222108 0.936773 0.584998 0.810699 -0.023346 -0.764626 0.541697 -0.349158
-12.356312 -52.775731 -970.228903 5828.508682 0.711295 -0.230256 -0.664110 -0.681326 -0.458116 -0.570899 0.172787 -0.858552 0.482735
-16.154363 -45.988763 -816.516755 -938.146123 0.607250 -0.282525 -0.742582 0.788388 0.330081 0.519124 0.098447 -0.900681 0.423181
-14.572605 -48.402727 1370.711183 4424.392694 0.756551 -0.160497 -0.633933 -0.628620 -0.445608 -0.637394 0.180186 -0.880724 0.438017
-9.801874 -63.637920 1439.677144 8399.086744 0.796847 -0.117646 -0.592617 -0.545689 -0.561170 -0.622344 0.259342 -0.819297 0.511365
9.999960 -168.586501 -1299.971799 -8705.030427 0.627019 -0.156126 -0.763199 0.337037 0.937638 0.085088 0.702320 -0.310578 0.640537
14.498916 -232.462468 -2287.398017 -51840.714502 0.629454 -0.146519 -0.763099 0.162569 0.985160 -0.055058 0.759841 -0.089400 0.643932
19.704464 -190.191314 -4897.969181 -8512.649196 0.620091 -0.162963 -0.767418 0.309340 0.949725 0.048277 0.720969 -0.267329 0.639327
31.457080 -253.360942 -11329.194515 -29517.819498 0.633387 -0.161555 -0.756784 0.150893 0.984977 -0.083979 0.758981 -0.061002 0.648249
-42.022627 -824.277968 8215.631520 -1227.668812 -0.281816 0.601389 0.747604 0.877314 -0.153952 0.454554 0.388459 0.783983 -0.484221
-19.353435 -591.879908 -3296.870061 -192685.219352 0.293617 -0.568291 -0.768657 -0.418407 0.646581 -0.637863 0.859491 0.508899 -0.047929
16.396308 -1487.723225 -18255.309039 -641493.868580 0.097845 -0.514664 -0.851791 -0.628696 0.631518 -0.453791 0.771471 0.579919 -0.261776
-7.928113 -627.044490 -5877.975085 -59483.152976 -0.248524 0.668197 0.701248 0.906109 -0.095498 0.412125 0.342348 0.737830 -0.581726
-181.020333 -1671.622945 -131619.356062 -2068146.852796 -0.126832 -0.207331 0.970014 0.041255 0.975963 0.213997 -0.991066 0.067159 -0.115230
204.991189 -1586.139529 -245203.160762 -1885699.612403 -0.107410 -0.373384 0.921438 -0.141033 0.923149 0.357638 -0.984161 -0.091539 -0.151815
-218.731411 -1657.955316 82148.354718 458188.427371 0.090962 0.189061 -0.977743 0.851479 -0.523923 -0.022093 -0.516440 -0.830518 -0.208639
-470.281108 -1714.650628 145636.799664 233975.956964 0.088333 0.107600 -0.990262 0.768852 -0.639427 -0.000896 -0.633296 -0.761286 -0.139211
-501.596300 -2126.189387 137768.842687 629305.124980 0.152418 0.073304 -0.985594 0.895816 0.410995 0.169103 0.417470 -0.908686 -0.003024
-2.905272 -47.646090 -5045.262757 4068.204101 0.974365 0.143251 0.173469 -0.153262 0.987129 0.045692 -0.164690 -0.071107 0.983779
-14.929715 -46.893229 -3748.044760 3221.999039 0.990552 0.029663 0.133889 -0.037080 0.997893 0.053242 -0.132028 -0.057703 0.989565
-9.763731 -37.730590 -4615.657780 4012.673261 0.983020 0.079049 0.165598 -0.071407 0.996111 -0.051613 -0.169034 0.038912 0.984842
-7.973011 -52.733540 -3896.895342 -2257.667171 0.984039 0.102673 0.145345 0.124722 -0.980515 -0.151773 -0.126930 -0.167478 0.977671
3.382557 -40.593724 -6136.663908 4401.762402 0.967591 0.175705 0.181372 -0.171923 0.984434 -0.036492 -0.184961 0.004128 0.982737
2.912643 -54.891709 -4621.752904 -2392.345930 0.975816 0.139427 0.168354 0.170047 -0.968136 -0.183841 -0.137357 -0.208023 0.968431
-3.283938 -56.817588 -705.877233 1144.635237 0.726356 0.252682 0.639186 0.562076 0.316850 -0.763987 0.395571 -0.914198 -0.088119
-3.240382 -61.094675 -976.740184 163.256948 0.742217 0.248693 0.622307 0.588126 0.203460 -0.782759 0.321281 -0.946972 -0.004749
-2.796024 -54.063168 -1367.419306 2780.796015 0.734638 0.227050 0.639340 0.541093 0.372418 -0.754005 0.409298 -0.899863 -0.150737
-2.916196 -53.336804 -1270.518287 4781.300780 0.712099 0.228207 0.663955 0.520821 0.462471 -0.717541 0.470808 -0.856762 -0.210470
-2.285593 -51.118534 -258.555736 1551.872043 0.698660 0.227959 0.678166 0.516973 0.494405 -0.698786 0.494583 -0.838808 -0.227572
-2.618425 -51.601964 -1467.300254 2519.910995 0.708036 0.215852 0.672378 0.501342 0.516912 -0.693872 0.497334 -0.828378 -0.257776
-10.641290 -74.442985 -280.967873 1108.101251 0.820795 0.564626 0.086561 0.102005 -0.293980 0.950353 -0.562041 0.771215 0.298892
-10.023829 -73.172009 130.647936 1673.475890 0.807080 0.585913 0.072987 0.158753 -0.334399 0.928964 -0.568699 0.738162 0.362903
-9.277897 -70.957873 76.985978 1156.939110 0.817273 0.571316 0.075256 0.216139 -0.424976 0.879022 -0.534181 0.702135 0.470805
-9.447958 -72.182822 -1343.513765 1570.229432 0.819013 0.567650 0.083611 0.200821 -0.420099 0.884979 -0.537483 0.708019 0.458063
181.882375 -48.455144 75608.736190 3976.828851 -0.710586 -0.195137 -0.676010 0.048322 0.944970 -0.323570 0.701949 -0.262591 -0.662053
194.471176 -50.849644 80165.235177 6341.606424 -0.688668 -0.289227 -0.664894 -0.073771 0.940188 -0.332571 0.721314 -0.179982 -0.668814
31.576682 -37.772432 12532.995984 2823.178174 -0.662910 -0.134859 -0.736454 0.018564 0.980381 -0.196237 0.748469 -0.143759 -0.647400
9.810812 -112.420620 1914.575211 805.873580 0.803152 0.503580 0.318363 0.000224 0.534113 -0.845413 0.595775 -0.679066 -0.428861
7.945911 -119.398210 1138.870135 -1596.719272 0.797385 0.527257 0.293560 -0.009892 0.497807 -0.867231 0.603390 -0.688613 -0.402160
4.109999 -130.545626 -519.830713 -11076.926133 -0.795295 -0.544982 -0.265520 -0.165247 0.616290 -0.769987 0.583266 -0.568491 -0.580189
7.912986 -111.214435 2086.081844 -6666.959744 0.800879 0.507051 0.318577 -0.077435 0.615228 -0.784537 0.593798 -0.603651 -0.531987
3.847807 -133.134783 -1599.009207 -19609.282665 -0.794349 -0.537356 -0.283300 -0.218031 0.687495 -0.692685 0.566986 -0.488466 -0.663271
0.899654 -153.003389 -652.333545 -16717.201267 -0.796189 -0.550473 -0.251122 -0.321531 0.736532 -0.595095 0.512543 -0.393065 -0.763413
0.868951 -143.955266 -297.378701 -12098.910767 -0.788637 -0.567503 -0.236627 -0.304766 0.695039 -0.651182 0.534013 -0.441430 -0.721089
13.502620 -121.241288 -89.049169 9301.436634 0.835539 0.533584 0.131005 0.362499 -0.356189 -0.861234 0.412878 -0.767084 0.491034
13.614200 -134.502650 -329.823000 10041.826177 0.852652 0.503301 0.140260 0.362412 -0.376352 -0.852653 0.376354 -0.777848 0.503299
11.670659 -144.482193 -96.142695 13601.107054 0.871075 0.483887 0.084154 0.396689 -0.592114 -0.701455 0.289596 -0.644402 0.707729
15.139257 -117.905877 -153.090421 1746.308933 0.824087 0.524789 0.213254 0.331779 -0.142024 -0.932605 0.459133 -0.839301 0.291154
-178.103628 -274.639604 16329.175122 -58552.549435 -0.681718 0.106708 -0.723791 0.421704 0.865740 -0.269556 0.597851 -0.488987 -0.635190
-112.803907 -253.789898 21941.828586 -50440.891640 -0.857681 -0.279434 -0.431626 -0.014678 0.852403 -0.522679 0.513973 -0.441956 -0.735191
-199.051752 -280.165224 24941.518981 -36933.165910 -0.801200 -0.017369 -0.598144 0.042197 0.995450 -0.085428 0.596907 -0.093684 -0.796822
-174.475813 -275.243863 -15035.561126 -54623.843482 -0.438718 0.521796 -0.731612 0.460331 0.829709 0.315718 0.771766 -0.198273 -0.604207
-183.630155 -255.149201 -3044.321416 -10281.661587 -0.602428 0.435088 -0.669163 0.165879 0.888310 0.428241 0.780746 0.146985 -0.607314
-19.910501 -54.257715 5107.199175 10191.341028 0.928134 0.366278 0.066389 0.010291 0.153031 -0.988168 0.372103 -0.917836 -0.138264
-22.859192 -39.722416 -711.971613 2384.809265 0.781386 0.188150 0.595009 0.527406 0.310573 -0.790815 0.333585 -0.931743 -0.143446
-10.876633 -38.702148 3422.596253 2994.699675 0.876220 0.316748 0.363192 0.261910 0.319627 -0.910627 0.404525 -0.893034 -0.197105
-6.619154 -68.132556 10440.939218 11965.627770 0.898825 0.437720 0.022682 -0.007307 0.066704 -0.997746 0.438247 -0.896633 -0.063154
-20.445414 -75.953784 8435.258689 13686.209654 0.925263 0.368469 -0.090110 -0.078359 -0.046763 -0.995828 0.371145 -0.928463 0.014395
-3.975317 -51.151943 4399.850107 6311.338583 0.906001 0.378146 0.190176 0.109190 0.225294 -0.968153 0.408949 -0.897913 -0.162827
110.335848 -100.888360 7733.687792 8436.656747 -0.646573 -0.646231 0.405374 -0.491648 0.759315 0.426290 -0.583289 0.076327 -0.808671
84.881909 -107.734077 11858.713984 10388.930266 -0.508402 -0.643297 0.572447 -0.557185 0.752603 0.350902 -0.656560 -0.140560 -0.741061
96.381701 -103.891636 5706.703155 -662.577898 -0.662810 -0.638465 0.391211 -0.626716 0.758931 0.176779 -0.409769 -0.128007 -0.903163
91.142132 -90.342049 12856.391046 12614.286851 -0.516877 -0.659258 0.546092 -0.438576 0.751766 0.492441 -0.735180 0.015028 -0.677706
125.060538 -104.221898 3968.130334 1780.022350 -0.777017 -0.594918 0.205712 -0.523842 0.792326 0.312743 -0.349048 0.135246 -0.927294
130.976209 -97.510374 5537.331915 8643.195385 -0.766754 -0.608441 0.204665 -0.435448 0.727227 0.530590 -0.471670 0.317711 -0.822549
107.944460 -78.220745 10750.189258 10445.522995 -0.614455 -0.673047 0.411647 -0.389693 0.712587 0.583403 -0.685991 0.198059 -0.700135
0.614844 -45.456651 -4835.260101 -727.145515 0.646044 0.757833 0.091193 -0.612064 0.585716 -0.531333 0.456075 -0.287449 -0.842240
12.997070 -44.790987 -5090.065741 -741.951714 0.631562 0.767606 0.109138 -0.621927 0.585617 -0.519865 0.462965 -0.260451 -0.847248
7.004725 -46.388874 -4957.317142 -1115.600334 0.642887 0.758749 0.104867 -0.647595 0.611534 -0.454584 0.409045 -0.224335 -0.884509
-5.190424 -47.253083 -4085.233674 -763.464407 0.652695 0.749672 0.109456 -0.647107 0.626772 -0.434061 0.394007 -0.212480 -0.894210
-0.367297 -46.968242 -4513.504599 -25.245785 0.657980 0.745246 0.108033 -0.681947 0.650549 -0.334268 0.319392 -0.146269 -0.936266
-3.278875 -41.399580 4112.701464 -185.462694 0.709952 0.620769 0.332587 -0.684743 0.718843 0.119967 0.164606 0.312907 -0.935411
5.834124 -40.536471 5540.630128 289.187728 0.692576 0.636300 0.339795 0.698828 -0.708629 -0.097385 0.178823 0.304905 -0.935444
0.537060 -39.418779 -4619.481976 -692.539331 -0.704473 -0.624001 -0.338144 -0.666502 0.745389 0.013039 0.243912 0.234559 -0.941004
4.457922 -42.572169 5170.121554 422.860211 0.690200 0.639989 0.337695 0.714598 -0.676281 -0.178868 0.113903 0.364771 -0.924104
-1.549134 -39.395712 -3721.290499 -369.276952 0.434559 0.838224 -0.329452 0.899452 -0.422713 0.110904 -0.046301 -0.344520 -0.937636
7.569211 -41.221613 -4626.841209 221.127959 0.449255 0.830297 -0.329814 0.893213 -0.409813 0.184996 0.018440 -0.377705 -0.925742
11.987068 -40.447859 -5360.173208 -1174.554756 0.442648 0.831629 -0.335344 0.895298 -0.430759 0.113525 -0.050042 -0.350485 -0.935231
22.765931 -41.020243 -6391.272572 -1061.166992 0.439376 0.841849 -0.313430 0.895415 -0.438398 0.077715 -0.071983 -0.314796 -0.946426
10.122934 -38.947366 -5006.634300 -1181.509985 0.425769 0.841260 -0.333171 0.896081 -0.443113 0.026267 -0.125535 -0.309732 -0.942501
9.714720 -45.445205 3703.220927 -177.311399 0.709740 0.632475 0.310232 -0.697141 0.567261 0.438416 -0.101305 0.527437 -0.843533
2.628961 -44.220536 3286.512158 46.628858 0.708660 0.628889 0.319842 -0.701193 0.577457 0.418177 -0.078291 0.520616 -0.850194
5.722142 -44.810573 2977.422906 -2.894441 0.722356 0.621712 0.302781 -0.674973 0.538679 0.504218 -0.150377 0.568594 -0.808757
-1.135945 -50.051180 -531.355429 -4121.368520 0.278041 0.843447 0.459662 0.938873 -0.339757 0.055522 0.203004 0.416127 -0.886356
-1.960185 -53.652947 1165.919957 -1716.121592 0.295510 0.821915 0.486959 0.931772 -0.360488 0.043008 0.210892 0.441026 -0.872365
-0.360284 -56.266761 358.715421 992.824623 0.286065 0.831836 0.475621 0.943549 -0.331035 0.011460 0.166980 0.445494 -0.879576
0.134160 -57.052437 -861.832938 959.171436 0.282980 0.838541 0.465588 0.947057 -0.321055 0.002619 0.151676 0.440197 -0.884998
-3.958512 -46.695685 1144.950314 1672.096589 0.379624 0.859370 0.342593 -0.349850 -0.209463 0.913088 -0.856441 0.466486 -0.221134
-2.981710 -46.309894 705.069320 -817.244359 0.374196 0.863197 0.338923 -0.256352 -0.254948 0.932355 -0.891213 0.435767 -0.125882
-1.140480 -44.978657 966.924118 -588.142368 0.379387 0.852782 0.358927 -0.310104 -0.248294 0.917707 -0.871723 0.459471 -0.170252
-1.748622 -46.242439 1034.987824 1962.108788 0.383719 0.853612 0.352288 -0.382339 -0.200399 0.902030 -0.840581 0.480819 -0.249472
1.610129 -47.838398 1087.069358 -1943.593140 0.376889 0.852703 0.361735 -0.282379 -0.266168 0.921638 -0.882166 0.449502 -0.140470
1.307886 -46.486358 1029.199199 1451.413588 0.379222 0.854928 0.353960 -0.372974 -0.208849 0.904031 -0.846806 0.474847 -0.239666
12.942947 -54.348270 2635.813655 6720.743393 0.301446 0.953415 0.011437 -0.168193 0.041364 0.984886 -0.938532 0.298813 -0.172827
18.280095 -61.648226 4693.032840 12134.855895 0.278448 0.957924 0.069634 -0.209888 -0.010060 0.977674 -0.937237 0.286847 -0.198256
9.153541 -73.427611 2946.454832 11148.465477 0.282246 0.956085 0.078980 -0.328936 0.019110 0.944159 -0.901187 0.292465 -0.319885
21.597800 -54.981189 4351.528670 8020.909653 0.284612 0.957973 0.035832 -0.106914 -0.005425 0.994253 -0.952662 0.286808 -0.100877
17.710407 -49.073665 4689.635600 -1141.687790 0.349464 0.936274 -0.035593 -0.087705 0.070510 0.993648 -0.932836 0.344122 -0.106757
7.770039 -42.463579 1307.531388 1186.850359 0.337809 0.940739 -0.029919 -0.174603 0.093871 0.980154 -0.924877 0.325881 -0.195967
-0.340544 -64.063892 634.904004 -4988.136787 0.201477 0.965174 0.166875 0.533844 0.034637 -0.844873 0.821229 -0.259308 0.508274
-0.002700 -78.763611 96.140228 -6824.964685 0.199557 0.962709 0.182672 0.413071 0.086399 -0.906591 0.888566 -0.256373 0.380426
0.431404 -63.362804 314.517431 -6326.236293 0.199538 0.964609 0.172376 0.557686 0.032852 -0.829401 0.805711 -0.261628 0.531394
1.067376 -53.782871 54.447904 -5051.855646 0.204877 0.962844 0.175944 0.652396 -0.000329 -0.757878 0.729661 -0.270057 0.628223
0.410881 -57.522390 -90.891653 -5887.432112 0.199669 0.963043 0.180776 0.634147 0.013641 -0.773092 0.746987 -0.269001 0.607988
-2.500795 -67.278389 -828.510586 2042.992192 0.192512 0.957776 0.213553 0.924269 -0.103873 -0.367338 0.329645 -0.268097 0.905239
-0.441879 -62.091282 -305.997074 4959.426128 0.167823 0.962281 0.214128 0.866985 -0.040683 -0.496671 0.469225 -0.268999 0.841111
-1.666692 -62.634159 -533.078077 5757.974185 0.198156 0.959495 0.200258 0.848648 -0.065720 -0.524859 0.490438 -0.273952 0.827297
-11.711664 -23.386795 -3142.299210 1335.935309 0.565087 0.823135 0.055910 0.058726 0.027465 -0.997896 0.822939 -0.567181 0.032819
-5.402363 -24.450436 -2263.929396 1436.981341 0.570437 0.812402 0.120848 0.103886 0.074587 -0.991789 0.814745 -0.578307 0.041850
-5.837451 -21.668399 -2063.921003 1100.756360 0.569362 0.818143 0.080431 0.038862 0.070943 -0.996723 0.821168 -0.570622 -0.008598
-10.348758 -20.316296 -3014.331965 1066.546247 0.563458 0.826031 -0.013673 -0.031668 0.005057 -0.999486 0.825537 -0.563602 -0.029008
-16.031216 -21.353900 -1681.720692 1479.271037 0.494853 0.780912 -0.381178 -0.220951 -0.311162 -0.924315 0.840417 -0.541622 -0.018564
-18.554010 -23.769755 -1313.626338 1128.147864 0.508090 0.797833 -0.324511 -0.129624 -0.301644 -0.944568 0.851494 -0.521990 0.049845
-7.888986 -38.026055 -494.365881 -523.772867 0.169436 0.981558 0.088520 0.894101 -0.190878 0.405153 -0.414577 -0.010498 0.909954
-5.483959 -39.790379 -1386.553089 2173.033001 0.175381 0.979305 0.101013 0.864302 -0.202285 0.460503 -0.471406 -0.006542 0.881892
-1.749624 -38.820708 -2545.257077 -148.862585 0.233670 0.962840 0.135419 0.872964 -0.269080 0.406853 -0.428173 -0.023147 0.903400
-7.628558 -38.451187 271.697705 -1085.243502 0.195011 0.975657 0.100326 0.918170 -0.217567 0.331101 -0.344869 -0.027548 0.938247
0.053169 -37.129854 -2547.718545 -1128.365653 0.274047 0.948177 0.160806 0.876273 -0.315084 0.364510 -0.396287 -0.041018 0.917210
386.108628 -59.898140 -161860.412147 -4247.743983 0.510717 0.813364 0.278581 0.736842 -0.581044 0.345618 -0.442981 -0.028757 0.896070
10.182874 -106.188368 -2197.693119 -4031.901729 -0.305936 -0.840886 -0.446445 0.942132 -0.199882 -0.269136 0.137076 -0.502949 0.853377
11.289635 -99.550583 -3283.726559 -4492.849887 -0.305947 -0.839477 -0.449082 0.949118 -0.305922 -0.074742 -0.074640 -0.449098 0.890359
5.050149 -106.309557 -744.158727 -5201.953213 -0.280073 -0.848571 -0.448873 0.957777 -0.278652 -0.070826 -0.064978 -0.449757 0.890784
6.401333 -103.499395 -1514.002709 -570.480463 -0.266420 -0.857859 -0.439430 0.943353 -0.138539 -0.301485 0.197753 -0.494859 0.846172
10.921320 -96.535001 -1981.056126 7401.893869 -0.288847 -0.843031 -0.453724 0.869881 -0.033172 -0.492145 0.399843 -0.536840 0.742919
17.467048 -102.535619 -3164.846219 1100.822427 -0.335054 -0.827115 -0.451242 0.883359 -0.109167 -0.455806 0.327743 -0.551328 0.767217
10.079469 -46.107749 -1817.876637 341.242662 0.521854 0.850191 0.069597 -0.781397 0.509162 -0.360794 0.342180 -0.133899 -0.930045
13.571231 -45.302997 -1702.616485 884.914391 0.514244 0.854688 0.071136 -0.821171 0.514610 -0.246687 0.247448 -0.068443 -0.966481
9.158802 -45.399613 -2321.507218 578.200136 0.492218 0.870266 0.018918 -0.828481 0.475032 -0.296587 0.267097 -0.130312 -0.954818
12.927504 -43.609278 -3175.090514 913.529997 0.495249 0.868638 0.014026 -0.854151 0.489810 -0.174678 0.158602 -0.074529 -0.984526
5.103061 -45.661481 -1693.849767 -347.219712 0.489271 0.871837 0.022684 -0.781859 0.450002 -0.431502 0.386407 -0.193386 -0.901827
18.346749 -65.207001 2186.561966 15831.661533 0.262525 0.823964 0.502159 0.680375 0.210959 -0.701845 0.684230 -0.525908 0.505223
24.603499 -73.292912 3022.017144 16510.599513 0.315491 0.809570 0.495037 0.667755 0.181250 -0.721978 0.674218 -0.558340 0.483412
17.972657 -89.264238 2614.152609 14808.484598 0.306878 0.827246 0.470627 0.763432 0.081322 -0.640749 0.568329 -0.555923 0.606590
11.736830 -83.268343 964.650936 16029.500119 0.260924 0.835464 0.483651 0.746175 0.143328 -0.650138 0.612488 -0.530525 0.586005
10.100835 -64.170990 -5776.430516 -10900.880204 0.236560 0.729208 0.642102 0.646947 -0.611275 0.455853 -0.724913 -0.307570 0.616362
20.348924 -54.136114 -5200.668675 -2466.719407 0.358989 0.651347 0.668487 -0.586095 0.714725 -0.381656 -0.726375 -0.254786 0.638329
17.336910 -63.433218 -2175.943345 10464.895057 0.393138 0.676962 0.622226 -0.611757 0.697778 -0.372637 -0.686437 -0.234154 0.688460
4.719219 -89.399241 -3605.675304 -23072.154233 0.222705 0.767632 0.600952 0.705929 -0.552122 0.443651 -0.672359 -0.325426 0.664854
-0.162693 -97.867499 471.398468 -7773.838187 0.416365 0.867465 0.272295 0.505749 0.027902 -0.862229 0.755551 -0.496715 0.427102
-0.513624 -85.191550 -1313.077375 -7428.350136 0.417201 0.853245 0.312916 0.585137 0.011263 -0.810856 0.695384 -0.521389 0.494566
1.287378 -82.428737 65.224973 -3015.862038 0.383922 0.865487 0.321769 0.672809 -0.023544 -0.739441 0.632401 -0.500378 0.591347
20.870426 -61.007412 3605.053722 3992.645778 -0.312605 0.370214 0.874768 -0.045322 0.914060 -0.403039 -0.948801 -0.165639 -0.268961
7.550741 -55.344704 2910.490327 3412.712098 -0.262415 0.545235 0.796151 0.104592 0.836276 -0.538240 -0.959270 -0.057971 -0.276479
24.001372 -65.343272 5050.111442 3991.695537 -0.251297 0.545985 0.799219 -0.046411 0.817969 -0.573387 -0.966797 -0.181183 -0.180213
-46.474846 -1571.822356 3299.645783 -565346.303979 0.531428 0.814735 0.231927 0.596422 -0.554292 0.580552 -0.601552 0.170195 0.780493
-19.884467 -741.370835 16872.798461 -255359.625577 0.384203 0.920539 0.070688 0.822476 -0.376045 0.426760 -0.419431 0.105823 0.901598
-20.431545 -423.519768 12580.481469 -121326.042761 0.388372 0.915320 0.106566 0.593764 -0.337002 0.730667 -0.704707 0.220495 0.674367
10.283412 -404.472351 12370.014445 -105858.532528 0.337655 0.936549 0.094156 0.658049 -0.306398 0.687816 -0.673023 0.170285 0.719752
3.368195 -875.628381 -5599.174913 -299787.082878 0.477308 0.796100 0.372024 0.276772 -0.538013 0.796203 -0.834011 0.277068 0.477136
0.942701 -219.351850 6706.779832 -43140.308823 0.364152 0.924493 0.112719 0.423637 -0.272207 0.863964 -0.829412 0.266862 0.490775
-1781.649634 -5326.743658 -637373.739808 3559638.627647 -0.370539 -0.525932 -0.765570 0.699292 0.384512 -0.602612 0.611304 -0.758648 0.225303
-627.977524 -6643.700995 -199743.599163 -4263419.498757 -0.277221 -0.665968 -0.692557 0.959075 -0.235059 -0.157869 -0.057656 -0.707978 0.703877
-540.548902 -5252.708970 170467.955684 2089107.490837 0.091954 0.546448 0.832430 -0.710437 0.621765 -0.329678 -0.697727 -0.561074 0.445391
-616.836009 -2955.567181 -207625.515816 3203211.769055 -0.611226 -0.016167 -0.791291 0.737209 0.352140 -0.576646 0.287968 -0.935808 -0.203319
-11.853587 -47.519242 -1926.267242 -1085.457954 0.652872 0.742718 0.148756 -0.637263 0.644728 -0.422164 0.409456 -0.180822 -0.894231
-12.772396 -48.297749 -424.586820 -973.826643 0.654581 0.735920 0.173047 -0.663111 0.668842 -0.336056 0.363052 -0.105227 -0.925808
-12.196011 -48.793349 1604.846063 -2120.380295 0.635473 0.744886 0.203270 -0.630151 0.652464 -0.420953 0.446188 -0.139413 -0.884014
-4.930835 -40.865921 81.643244 3339.651405 -0.355228 0.347731 0.867696 0.227901 0.932443 -0.280377 -0.906573 0.098151 -0.410478
-10.116042 -34.453958 -256.186845 2934.685914 -0.358979 0.261710 0.895903 0.281388 0.945568 -0.163469 -0.889919 0.193414 -0.413081
-11.045703 -36.491382 237.878007 1890.825455 -0.305138 0.465067 0.831026 0.344563 0.867438 -0.358926 -0.887788 0.176819 -0.424933
-7.668906 -43.813771 1598.333138 2158.639922 -0.283156 0.539640 0.792850 0.307611 0.834109 -0.457863 -0.908404 0.114243 -0.402182
4.944085 -36.298317 678.557053 1044.284532 0.202551 0.924429 0.323117 0.931327 -0.079866 -0.355320 -0.302662 0.372898 -0.877122
1.869230 -39.810571 2063.914971 613.019041 0.157311 0.915226 0.370966 0.943417 -0.028235 -0.330405 -0.291921 0.401952 -0.867881
2.299959 -39.560717 933.283375 222.255759 0.100378 0.923566 0.370068 -0.917281 -0.058166 0.393970 -0.385383 0.379002 -0.841331
-20.587813 -34.658371 3582.075565 -103.555945 -0.633483 -0.434327 0.640359 0.277074 0.645384 0.711835 -0.722447 0.628362 -0.288499
-22.505302 -34.611275 222.043183 292.854449 -0.714337 -0.534127 0.452141 0.056764 0.599744 0.798176 -0.697496 0.595832 -0.398101
-18.777614 -33.705155 2611.034779 626.214795 -0.612888 -0.414700 0.672601 0.263556 0.695179 0.668778 -0.744921 0.587154 -0.316770
-12.652975 -34.733737 2608.606344 -286.889257 -0.575169 -0.346879 0.740848 0.391097 0.678831 0.621475 -0.718487 0.647197 -0.254779
-11.705749 -33.276142 1960.993686 542.105831 -0.568245 -0.334754 0.751690 0.364430 0.716652 0.594644 -0.737759 0.611842 -0.285239
-0.914850 -55.446775 -1119.829049 635.845667 0.281334 0.895565 0.344695 -0.753128 -0.016541 0.657665 -0.594684 0.444623 -0.669822
-2.563218 -58.946767 -1352.276886 533.952769 0.279929 0.893761 0.350472 -0.805980 0.020454 0.591590 -0.521571 0.448076 -0.726079
0.822377 -56.344057 -530.664684 1887.393334 0.261412 0.889728 0.374230 -0.817971 -0.001631 0.575257 -0.512432 0.456488 -0.727346
-3.796548 -20.050315 425.344020 -406.324028 0.260971 0.706493 -0.657847 -0.448538 -0.514692 -0.730689 0.854815 -0.485757 -0.182569
-4.610364 -19.473657 335.433594 169.843339 0.223840 0.650501 -0.725772 -0.471058 -0.579705 -0.664865 0.853229 -0.490704 -0.176662
-5.762305 -19.316630 -402.319192 142.445202 0.266944 0.678959 -0.683927 -0.502730 -0.507359 -0.699893 0.822195 -0.530662 -0.205896
-77.748566 -815.810761 -2584.504032 231497.338550 0.794410 -0.607321 -0.008658 0.278354 0.351359 0.893905 0.539845 0.712537 -0.448173
-16.486371 -7607.039325 -16521.944976 4027848.710083 0.927313 -0.354597 0.119796 0.203170 0.745691 0.634561 0.314344 0.564098 -0.763532
-94.926872 -1242.307119 -4328.302099 400149.748303 0.827932 -0.552289 -0.097497 0.272338 0.243951 0.930763 0.490266 0.797161 -0.352384
-58.124407 -332.520498 -2669.134290 83823.032926 0.782819 -0.620180 0.050702 -0.076945 -0.015623 0.996913 0.617473 0.784304 0.059950
21.135631 -92.898012 2415.944774 -11882.446911 -0.911681 0.071986 0.404544 0.043618 0.995926 -0.078921 -0.408578 -0.054305 -0.911107
36.883691 -58.269520 5523.009893 3512.794710 -0.929046 -0.149742 0.338305 -0.155542 0.987778 0.010068 -0.335678 -0.043267 -0.940983
15.765824 -113.309030 -524.308791 -28404.215036 -0.911274 0.198175 0.360979 0.187162 0.980136 -0.065605 -0.366810 0.007778 -0.930263
22.596980 -43.755898 1818.986455 -1951.531764 -0.940307 -0.220062 0.259605 -0.215091 0.975425 0.047774 -0.263738 -0.010917 -0.964533
7.453395 -103.339564 3137.421589 7921.806777 0.705520 -0.526799 -0.474051 0.261085 -0.428657 0.864921 0.658844 0.733987 0.164887
12.458887 -100.793866 496.057362 9762.214987 0.730551 -0.502028 -0.462885 0.242430 -0.443027 0.863108 0.638375 0.742762 0.201947
11.365791 -289.021123 1858.616704 88926.294164 0.731152 -0.499920 -0.464217 0.322801 -0.345950 0.880976 0.601013 0.793977 0.091568
-4.176755 -228.835811 4118.272215 72768.988788 0.726284 -0.552124 -0.409476 0.259136 -0.331825 0.907050 0.636679 0.764886 0.097924
1276.715221 -11218.565039 -54407.081171 4606635.399549 0.826107 -0.548051 -0.131099 0.161312 0.007085 0.986878 0.539931 0.836415 -0.094260
0.371989 -30.646412 513.860583 -4782.827710 0.500798 0.864916 -0.033501 -0.175596 0.063620 -0.982405 0.847566 -0.497869 -0.183736
2.912544 -26.692983 -1358.260103 -2423.900997 0.509217 0.853340 -0.111846 -0.181787 -0.020378 -0.983127 0.841220 -0.520957 -0.144749
3.511336 -22.584577 445.752091 -4280.096729 0.469861 0.870516 -0.146398 -0.188550 -0.063046 -0.980038 0.862369 -0.488084 -0.134513
0.752742 -29.354260 1769.740054 -6441.486548 0.466239 0.877276 -0.114053 -0.207064 -0.017125 -0.978178 0.860085 -0.479681 -0.173668
2.891740 -23.657114 374.585470 -4405.117061 0.432847 0.864209 -0.256489 -0.248421 -0.159156 -0.955488 0.866563 -0.477297 -0.145798
-43.431960 -68.914861 -1021.263267 2178.009190 0.823975 0.412813 0.388138 -0.393721 0.909740 -0.131747 -0.407492 -0.044261 0.912136
-37.672001 -66.185785 1511.868561 2463.093425 0.855610 0.198907 0.477879 -0.211529 0.976973 -0.027916 -0.472428 -0.077200 0.877982
-36.270896 -62.008480 634.350124 4334.118481 0.834086 0.044306 0.549852 -0.049427 0.998763 -0.005502 -0.549415 -0.022588 0.835244
42.715490 -38.049695 230.787961 -6309.107255 0.974807 0.172654 -0.141216 0.198621 -0.383831 0.901789 -0.101495 0.907119 0.408453
21.602233 -38.133912 6702.541928 -21740.523201 0.973084 0.046677 -0.225673 0.230052 -0.254293 0.939368 0.013540 0.966000 0.258186
47.340009 -12.761010 -27048.105406 -1101.882573 0.729158 0.333703 -0.597471 0.680996 -0.267547 0.681661 -0.067621 0.903914 0.422334
-9.493475 -33.600935 821.642499 9554.309516 0.795052 0.598729 -0.097033 0.496210 -0.550053 0.671727 -0.348809 0.582207 0.734416
-13.519210 -42.895279 9077.376986 6728.348962 0.867272 0.496339 -0.038547 0.371391 -0.593492 0.714028 -0.331523 0.633573 0.699055
-11.161005 -45.013820 13843.448266 1468.250708 0.890157 0.452338 0.054862 0.248831 -0.583440 0.773098 -0.381711 0.674528 0.631909
-15.130997 -48.017757 12422.852499 -1183.143046 0.911002 0.385327 0.146961 0.104180 -0.559825 0.822036 -0.399025 0.733566 0.550145
4.949543 -8.688245 3225.510084 1633.439271 -0.021391 -0.440277 -0.897607 0.998493 0.035981 -0.041444 0.050544 -0.897141 0.438843
-2.013509 -4.523994 -966.288366 -1221.500713 0.665579 -0.294474 -0.685777 0.743921 0.335501 0.577946 0.059889 -0.894832 0.442367
0.390871 -10.135919 528.685546 2706.058162 0.992598 0.008417 -0.121155 -0.103285 -0.466281 -0.878587 0.063888 -0.884597 0.461960
20.608967 -21.099128 3206.128144 2004.265373 -0.399419 -0.866477 -0.299469 0.913857 -0.350293 -0.205331 0.073013 -0.355685 0.931750
