14742
29472
-39.939716 -60.031692 1463.054917 7986.572838 -0.157619 -0.979764 0.123367 0.982131 -0.142525 0.122905 -0.102835 0.140534 0.984721
-47.051742 -75.147993 -2004.446787 7968.311869 -0.081106 0.978036 -0.192009 0.967806 0.123333 0.219412 -0.238273 0.168032 0.956552
-36.794508 -75.262535 -3548.143508 13028.939409 -0.179137 0.977572 -0.110737 0.977827 0.189322 0.089508 -0.108465 0.092248 0.989811
-43.856568 -60.265507 -658.185625 6941.132868 -0.382802 -0.907114 0.174948 0.916153 -0.348388 0.198218 -0.118857 0.236158 0.964418
-31.701437 -48.178817 4314.115169 6431.548016 -0.125297 -0.990120 0.062945 0.992119 -0.125078 0.007427 0.000519 0.063380 0.997989
-34.163142 -47.963318 658.271610 4687.964073 -0.569414 -0.812659 0.123909 0.821578 -0.557473 0.119303 -0.027876 0.169734 0.985096
54.578358 -89.561600 -3234.401057 -8996.740918 0.351243 0.935930 -0.025764 0.220482 -0.109425 -0.969234 0.909954 -0.334756 0.244791
58.801394 -86.975876 2816.284999 -12163.290734 0.173082 0.984661 -0.022024 0.374790 -0.086526 -0.923063 0.910810 -0.151512 0.384018
62.143693 -104.614163 2065.140711 -7172.778670 0.207869 0.976886 -0.049842 0.094072 -0.070684 -0.993053 0.973623 -0.201736 0.106591
54.447024 -104.983078 -6661.572372 -6162.520941 0.400369 0.911767 -0.091568 -0.040345 -0.082290 -0.995791 0.915465 -0.402379 -0.003839
67.211105 -68.589502 9781.039701 9046.671944 -0.461685 0.778525 -0.425143 0.446413 -0.210242 -0.869778 0.766527 0.591353 0.250478
54.817789 -48.512513 11313.120993 3995.285597 -0.506611 0.810307 -0.294530 0.274328 -0.172363 -0.946063 0.817367 0.560084 0.134968
69.391006 -63.131998 4356.505334 4645.020508 -0.402354 0.871739 -0.279610 0.308610 -0.158393 -0.937908 0.861900 0.463662 0.205297
38.438232 -41.928747 12798.967154 6134.308893 -0.559752 0.691280 -0.456957 0.377141 -0.278499 -0.883291 0.737863 0.666762 0.104819
67.041430 -86.556693 -14399.317871 14196.835214 0.490791 -0.640925 0.590202 0.630952 -0.205700 -0.748055 0.600852 0.739528 0.303437
47.114778 -58.508171 -12255.762869 11782.090665 0.498302 -0.645063 0.579301 0.540224 -0.291595 -0.789386 0.678125 0.706305 0.203176
42.937601 -48.272789 10573.262129 6555.946162 -0.521151 0.651623 -0.551170 0.482549 -0.307696 -0.820043 0.703951 0.693333 0.154084
-52.917953 -81.325957 1027.434096 1613.468848 0.506765 0.386130 0.770774 -0.223760 0.922355 -0.314950 -0.832539 -0.012863 0.553818
-52.793139 -79.695061 908.779361 -903.339068 0.593868 0.206873 0.777512 -0.283025 0.958327 -0.038807 -0.753139 -0.197009 0.627670
-49.080683 -77.636667 901.205742 -69.779299 0.576961 0.357694 0.734283 -0.278560 0.931280 -0.234780 -0.767802 -0.069083 0.636951
-45.647904 -75.093790 3366.404986 1325.682447 0.586777 0.472226 0.657797 -0.275111 0.880285 -0.386540 -0.761582 0.045845 0.646445
-43.431705 -73.749154 3320.877850 1589.913353 0.548099 0.586711 0.596119 -0.250913 0.795219 -0.551968 -0.797891 0.152959 0.583072
-44.087542 -72.343454 4963.993193 2037.241478 0.506404 0.643675 0.573793 -0.166950 0.726021 -0.667099 -0.845980 0.242027 0.475121
-54.680561 -81.244243 4675.793191 1460.193909 0.467335 0.421125 0.777336 -0.148425 0.904153 -0.400596 -0.871532 0.071837 0.485048
22.170750 -49.513871 -3972.817208 652.969852 0.109151 -0.904654 0.411930 0.987320 0.146721 0.060605 -0.115266 0.400092 0.909198
21.740424 -49.738448 -5653.804253 665.740847 0.097397 -0.898389 0.428266 0.965043 0.190455 0.180053 -0.243323 0.395758 0.885533
14.030138 -49.260569 -6324.716948 923.755417 0.100264 -0.879948 0.464369 0.985942 0.150568 0.072436 -0.133659 0.450579 0.882674
15.821511 -48.342772 -5387.176942 379.779006 0.117854 -0.883430 0.453500 0.992977 0.109610 -0.044527 -0.010372 0.455562 0.890143
22.328584 -48.744153 -2434.920004 116.952232 0.118751 -0.910858 0.395267 0.992903 0.106331 -0.053270 0.006493 0.398787 0.917021
-5.715458 -69.343119 -533.595696 -1447.636785 0.255606 0.966020 0.038342 -0.267888 0.032664 0.962896 -0.928925 0.256393 -0.267134
-5.790924 -71.125764 -572.239934 -520.541330 0.247892 0.965941 0.074210 -0.046930 -0.064538 0.996811 -0.967650 0.250584 -0.029334
-7.340165 -66.552404 -518.921295 -1822.341852 0.277892 0.959725 0.041269 -0.251256 0.031152 0.967419 -0.927171 0.279207 -0.249794
-4.109061 -73.614257 -540.846611 -564.179312 0.229814 0.970445 0.073629 -0.061843 -0.060940 0.996224 -0.971268 0.233500 -0.046010
-6.621543 -60.899167 -324.451398 -1955.155313 0.297240 0.954795 0.003872 -0.433293 0.131274 0.891642 -0.850827 0.266709 -0.452725
-5.009976 -63.411314 -502.838708 -1664.753409 0.273439 0.961883 0.003468 -0.457207 0.126798 0.880275 -0.846282 0.242287 -0.474451
-3.925963 -71.758365 -526.498675 -1299.223440 0.237285 0.970646 0.039281 -0.283338 0.030474 0.958536 -0.929201 0.238576 -0.282252
40.833752 -80.416391 -5125.910302 -3739.485453 0.331842 0.937080 0.108452 0.777080 -0.206366 -0.594609 0.534815 -0.281592 0.796667
36.261042 -78.482543 -4423.719366 693.925262 0.293267 0.949276 0.113446 0.853050 -0.206255 -0.479337 0.431624 -0.237349 0.870268
50.128175 -83.410321 -4132.123096 -5522.613051 0.213055 0.975659 0.051927 0.807303 -0.145857 -0.571829 0.550336 -0.163752 0.818728
-4.305630 -116.433017 67.924783 5702.679753 -0.479430 0.877553 -0.006843 0.458651 0.257206 0.850578 -0.748188 -0.404654 0.525804
-5.857140 -109.164982 -171.628153 6385.364845 -0.479304 0.877630 0.005779 0.646886 0.348821 0.678131 -0.593132 -0.328769 0.734918
-5.168411 -114.711553 -135.020750 4485.973988 -0.486038 0.873361 -0.031749 0.441548 0.276754 0.853488 -0.754190 -0.400809 0.520144
-3.569985 -112.951682 -18.074925 -2772.658102 -0.480717 0.876119 -0.036423 0.181714 0.140169 0.973310 -0.857841 -0.461269 0.226585
-1.018515 -81.168520 -288.223075 -234.405402 0.203303 0.978754 0.026604 -0.364447 0.050427 0.929858 -0.908761 0.198738 -0.366956
-1.477309 -76.621354 -127.891525 -1592.202232 0.218237 0.975863 0.008016 -0.561732 0.118897 0.818731 -0.798016 0.183180 -0.574121
-0.792237 -83.421747 61.475959 681.312991 0.211522 0.977242 0.015996 -0.371469 0.065244 0.926150 -0.904029 0.201843 -0.376816
-1.794814 -74.602423 -181.965047 -1276.767972 0.218478 0.975730 0.014801 -0.544312 0.109261 0.831737 -0.809933 0.189772 -0.554972
-0.051072 -84.127561 -395.880478 197.776877 0.189913 0.981037 0.038719 -0.163097 -0.007365 0.986583 -0.968159 0.193680 -0.158605
-0.490287 -82.497296 -547.814840 -878.700070 0.188062 0.981016 0.047331 -0.157337 -0.017477 0.987390 -0.969473 0.193138 -0.151063
-1.686434 -79.516051 -126.585302 -614.661703 0.209443 0.977181 0.035362 -0.349676 0.041077 0.935970 -0.913159 0.208398 -0.350300
809.355016 -41.241744 1045327.181787 2307.668700 0.284818 0.914198 -0.288307 0.953194 -0.238260 0.186155 0.101491 -0.327833 -0.939268
594.835647 -39.668602 707481.946934 1983.588323 0.329994 0.913395 -0.238354 0.941518 -0.300232 0.152987 0.068176 -0.274900 -0.959053
1009.627357 -48.811018 606600.086957 734.632458 0.399350 0.722249 -0.564692 0.916593 -0.327579 0.229236 -0.019415 -0.609138 -0.792827
1255.597421 -40.655236 1219165.411343 5506.918633 0.346815 0.778373 -0.523312 0.936487 -0.256399 0.239271 0.052065 -0.573058 -0.817859
973.284010 -50.511407 -223215.014758 5166.372118 0.344849 0.414185 -0.842336 0.922483 -0.315420 0.222566 -0.173506 -0.853792 -0.490851
1393.884854 -37.322236 112434.527283 -6546.660322 0.400981 0.452138 -0.796734 0.907591 -0.314243 0.278443 -0.124473 -0.834759 -0.536362
2.418620 -47.840158 159.653606 598.494375 0.466020 0.880026 -0.091541 -0.830856 0.399707 -0.387186 0.304145 -0.256494 -0.917446
0.201974 -45.907372 -767.056987 806.888022 0.462602 0.878810 -0.117011 -0.845977 0.398084 -0.354757 0.265184 -0.263100 -0.927607
1.535410 -51.929230 -304.562683 1990.499850 0.488027 0.868003 -0.091651 -0.776680 0.383956 -0.499345 0.398243 -0.314878 -0.861542
3.076886 -52.893901 167.385286 1883.105879 0.483485 0.872591 -0.069482 -0.770546 0.386593 -0.506758 0.415331 -0.298549 -0.859284
63.654256 -39.125336 13891.800967 -2824.481531 0.331827 0.925088 -0.184671 0.080205 0.167387 0.982623 -0.939925 0.340872 0.018653
69.928379 -35.036269 1567.439087 -2148.845298 0.159230 0.955009 -0.250208 0.103547 0.235888 0.966248 -0.981796 0.179764 0.061328
78.271053 -29.736896 3117.720621 -608.447384 0.194360 0.935652 -0.294584 0.040285 0.292444 0.955434 -0.980103 0.197565 -0.019147
71.051282 -34.648782 16657.394043 -783.764283 0.383130 0.890687 -0.244721 0.021780 0.256153 0.966391 -0.923438 0.375583 -0.078740
46.406675 -44.387432 13315.755892 -3381.464887 0.451587 0.886115 -0.104260 0.050957 0.091048 0.994542 -0.890771 0.454435 0.004038
-6.492824 -154.810322 -822.812576 -8351.856698 0.412438 0.162626 -0.896352 -0.483323 0.873101 -0.063983 0.772201 0.459617 0.438701
-8.090341 -145.615505 -450.323811 536.325201 0.419477 0.138954 -0.897068 -0.307141 0.951657 0.003788 0.854227 0.273937 0.441876
-7.677898 -143.455079 -419.442165 -469.049301 0.390449 0.165603 -0.905608 -0.448489 0.893284 -0.030015 0.803995 0.417874 0.423053
18.236652 -131.430056 -8311.035366 27037.936649 0.412270 0.016308 -0.910916 0.390872 0.899980 0.193017 0.822953 -0.435626 0.364660
11.756178 -151.538001 -9584.585558 22366.905162 0.417217 0.008601 -0.908766 0.505814 0.828567 0.240062 0.755038 -0.559824 0.341342
11.905030 -126.999875 -6850.440858 23876.938594 0.444921 0.037649 -0.894778 0.379499 0.897052 0.226448 0.811188 -0.440319 0.384829
19.318196 -97.047818 -6377.507104 22789.131973 0.439890 0.038393 -0.897230 0.267371 0.948181 0.171659 0.857327 -0.315404 0.406830
-35.980327 -106.885781 5250.649976 -1613.621787 -0.282130 -0.118218 0.952065 0.945832 0.131892 0.296660 -0.160640 0.984190 0.074604
-41.869959 -99.697047 8580.942056 -6783.178101 -0.234021 -0.135194 0.962786 0.886383 0.377198 0.268416 -0.399449 0.916212 0.031562
-28.463446 -107.172859 6653.454051 -1459.953569 -0.230673 -0.193185 0.953661 0.958170 0.125539 0.257195 -0.169408 0.973098 0.156145
-24.579051 -107.505885 3762.561860 3076.087635 -0.286640 -0.131565 0.948962 0.953184 -0.138748 0.268679 0.096318 0.981550 0.165176
8.335649 -349.821907 3701.916480 22671.665176 -0.357802 -0.172051 0.917811 0.929833 0.024831 0.367143 -0.085957 0.984775 0.151095
8.435660 -339.923390 5020.237713 -16028.111347 -0.319334 -0.183814 0.929644 0.801576 0.470876 0.368446 -0.505472 0.862837 -0.003026
1.246464 -588.364011 3315.250321 33487.140410 -0.341342 -0.109489 0.933540 0.892530 0.273690 0.358447 -0.294746 0.955566 0.004301
21.644988 -586.059904 -114.948823 130730.528537 -0.422921 -0.119706 0.898225 0.880307 -0.289389 0.375918 0.214937 0.949697 0.227767
7.146111 -320.041083 3770.638783 23168.143280 -0.409407 -0.164975 0.897312 0.857461 -0.405570 0.316658 0.311683 0.899053 0.307503
-110.301324 -1755.420325 -9716.887216 689813.036539 -0.610844 -0.164610 0.774451 0.317091 0.845416 0.429797 -0.725482 0.508110 -0.464221
-70.475568 -2395.153547 14199.754968 727234.583220 -0.578806 -0.105923 0.808557 0.134366 0.965588 0.222680 -0.804319 0.237531 -0.544655
-7.746794 -1879.226635 8692.423825 768276.754201 -0.641312 -0.356756 0.679297 0.662680 0.188716 0.724735 -0.386748 0.914938 0.115389
-34.884889 -759.571752 -9948.780644 261211.750401 0.652148 0.450083 -0.610024 0.517842 0.323211 0.792070 -0.553663 0.832442 0.022291
-15.683825 -31.705365 -1639.173376 -5004.798984 -0.087357 0.994818 0.052024 -0.226576 -0.070697 0.971424 -0.970068 -0.073073 -0.231578
-16.304603 -39.900099 -1824.080747 -3217.495212 -0.079027 0.995034 0.060517 -0.121687 -0.069882 0.990105 -0.989418 -0.070881 -0.126605
-18.239182 -32.301169 -933.245578 -4224.702900 -0.026261 0.999503 0.017452 -0.229511 -0.023020 0.973034 -0.972952 -0.021548 -0.230001
-16.826055 -23.128250 -460.447984 -4108.024405 0.009058 0.992856 -0.118972 -0.304511 0.116065 0.945411 -0.952466 -0.027665 -0.303387
-12.977473 -25.274413 2087.755650 -2561.095614 0.080907 0.978311 -0.190685 -0.290012 0.206141 0.934558 -0.953597 0.020311 -0.300400
-13.196399 -31.346525 2413.055123 -3788.551850 0.057690 0.994849 -0.083353 -0.220403 0.094124 0.970857 -0.973701 0.037638 -0.224697
20.783333 -37.473543 -1166.039771 21748.538991 0.217799 -0.518657 -0.826776 -0.343499 0.752178 -0.562349 0.913549 0.406476 -0.014334
29.027898 -13.640556 1395.680054 16046.931779 0.187071 -0.444071 -0.876245 -0.364507 0.796934 -0.481696 0.912217 0.409508 -0.012784
20.470796 -18.788213 1515.446483 14561.634011 0.179263 -0.576459 -0.797220 -0.318942 0.732527 -0.601398 0.930667 0.362076 -0.052542
-21.160845 -40.902042 2.599217 857.191189 0.612866 0.655133 -0.441809 -0.260954 0.695554 0.669408 0.745854 -0.294966 0.597241
-23.246070 -40.413667 -980.056808 676.860557 0.578777 0.656107 -0.484294 -0.184302 0.683746 0.706062 0.794387 -0.319396 0.516658
-21.487214 -38.179420 -674.839717 -771.468498 0.544720 0.740505 -0.393615 0.377914 -0.635755 -0.673050 0.748640 -0.217871 0.626156
-19.406959 -37.965559 221.057145 -908.141927 0.568786 0.740225 -0.358538 0.443701 -0.643200 -0.624038 0.692540 -0.195860 0.694281
-21.605651 -40.950536 953.624806 1048.701455 0.643195 0.651023 -0.403074 -0.327351 0.709674 0.623863 0.692200 -0.269319 0.669572
-11.069124 -99.764166 -940.971593 -1670.713114 0.571049 -0.816464 0.085380 0.770284 0.496960 -0.399616 0.283842 0.293967 0.912698
-14.038111 -96.375521 405.014260 -1816.996049 -0.532292 0.844965 -0.051953 0.792598 0.475862 -0.381239 0.297411 0.244108 0.923016
-12.719624 -98.725137 793.124056 965.823347 -0.573550 0.815762 -0.074649 0.679765 0.423112 -0.599080 0.457121 0.394346 0.797202
-40.474456 -55.975301 -3868.282929 1358.159644 -0.016149 0.996948 0.076382 -0.625975 0.049488 -0.778271 0.779676 0.060382 -0.623266
-47.798434 -61.165235 -2236.635678 6397.792002 -0.430120 0.853654 -0.293720 -0.464902 -0.488344 -0.738502 0.773862 0.181093 -0.606912
-48.330502 -67.887401 -1785.706148 6253.753090 -0.232694 0.956857 -0.174006 -0.497863 -0.270894 -0.823862 0.835455 0.105077 -0.539419
-414.863845 -1484.339758 132020.218516 -1419280.971164 0.952043 0.303112 0.041687 -0.040416 -0.010466 0.999128 -0.303284 0.952898 -0.002286
-2253.060136 -8016.124366 -1244401.729519 -8359842.789860 0.814691 0.541369 0.207843 -0.323381 0.126620 0.937759 -0.481357 0.831196 -0.278225
-471.900508 -1886.914569 186758.308664 -376929.321082 0.859353 0.487559 -0.154271 0.350561 -0.342017 0.871855 -0.372317 0.803313 0.464832
-1951.855882 -4297.801552 -1224357.452808 1205406.791426 -0.849604 -0.416251 0.323895 -0.177199 0.803692 0.568048 -0.496762 0.425222 -0.756580
-28.261279 -243.401474 477.513461 114907.890286 0.905837 -0.124121 -0.405034 -0.419072 -0.122753 -0.899617 -0.061942 -0.984645 0.163210
-30.263130 -617.803755 1886.617782 217222.785889 0.918813 -0.075631 -0.387379 -0.393501 -0.251739 -0.884186 0.030646 -0.964835 0.261062
-25.987863 -433.614844 -2395.004384 194308.088996 0.924601 -0.180406 -0.335509 -0.371884 -0.236610 -0.897618 -0.082551 -0.954709 0.285860
-30.075729 -110.939513 -1857.999186 39813.274552 0.937993 -0.174750 -0.299386 -0.327126 -0.160434 -0.931262 -0.114707 -0.971454 0.207651
-49.335513 -331.701701 -11407.037563 -72083.692252 0.990350 -0.053163 -0.127988 -0.125717 0.044071 -0.991087 -0.058330 -0.997613 -0.036962
-82.311614 -357.397171 -15184.217338 -106506.211824 0.996879 0.023283 -0.075432 -0.077701 0.120513 -0.989666 0.013951 -0.992439 -0.121946
-92.965103 -318.697905 -20141.628337 -74171.443197 0.991311 0.067705 -0.112778 -0.103540 -0.127179 -0.986461 0.081131 -0.989566 0.119064
57.521772 -78.866285 -1639.442867 7487.499154 0.153937 0.977593 -0.143581 -0.929526 0.093997 -0.356576 0.335090 -0.188352 -0.923168
44.899003 -64.487731 -6629.917836 -7594.941491 0.280131 0.912036 -0.299528 0.923493 -0.170849 0.343469 0.262082 -0.372829 -0.890119
54.340122 -89.776025 -5510.809856 10462.743002 0.294346 0.927742 -0.229467 -0.834662 0.132596 -0.534563 0.465510 -0.348874 -0.813380
33.526268 -88.959793 -12591.830308 -9229.129217 0.416969 0.840534 -0.345890 0.770278 -0.124762 0.625385 0.482503 -0.527198 -0.699466
54.472064 -103.514149 -9726.674841 4768.263009 0.395670 0.884438 -0.247414 -0.616701 0.056244 -0.785186 0.680533 -0.463255 -0.567688
66.782593 -92.499126 -1407.670868 11083.840862 0.187375 0.974343 -0.124685 -0.846009 0.095571 -0.524533 0.499159 -0.203769 -0.842211
66.025972 -106.068569 557.165995 8254.120511 0.213886 0.968707 -0.125936 -0.715160 0.067460 -0.695698 0.665431 -0.238864 -0.707209
-56.354570 -82.971834 1662.349973 2092.604645 -0.831651 0.078978 0.549653 -0.111363 0.946004 -0.304425 -0.544017 -0.314386 -0.777950
-57.481005 -84.260115 -297.648664 1760.464466 -0.766610 0.001232 0.642112 -0.155288 0.969959 -0.187257 -0.623053 -0.243265 -0.743389
-54.812505 -76.626833 -207.216832 4095.891558 -0.834826 -0.115940 0.538166 -0.178722 0.981700 -0.065749 -0.520695 -0.151071 -0.840270
-53.371338 -78.475461 -219.865165 4234.997725 -0.889103 0.005386 0.457676 -0.112974 0.966411 -0.230840 -0.443546 -0.256946 -0.858630
-52.716866 -81.178998 669.006880 1076.492577 0.912815 -0.093389 -0.397552 -0.082621 0.911136 -0.403738 -0.399929 -0.401384 -0.823983
3.185466 -83.456032 5188.234493 16386.322774 -0.493308 0.510951 0.703972 0.754135 -0.152109 0.638861 0.433507 0.846045 -0.310290
18.585698 -107.538100 6252.454243 9216.586964 -0.484748 0.505235 0.713973 0.842721 0.051230 0.535908 0.234182 0.861460 -0.450606
25.998877 -97.572638 7409.668836 14725.184461 -0.529183 0.528589 0.663746 0.758270 -0.056442 0.649493 0.380778 0.846999 -0.370945
18.653461 -69.708168 7043.675710 16894.320532 -0.557141 0.534184 0.635799 0.648364 -0.198564 0.734981 0.518862 0.821717 -0.235717
42.614372 -90.910819 12423.329818 15615.099914 -0.561607 0.549608 0.618490 0.676669 -0.125080 0.725585 0.476148 0.826006 -0.301657
52.150265 -111.441256 11350.648286 14154.502278 -0.531050 0.572848 0.624365 0.767645 0.013274 0.640737 0.358757 0.819554 -0.446793
-0.537838 -48.595596 -1178.184743 486.735937 0.092307 0.914223 0.394557 0.333443 -0.401751 0.852885 -0.938241 -0.052835 0.341925
0.109135 -45.680701 -828.051672 309.962168 0.104584 0.911000 0.398924 0.483970 -0.397044 0.779826 -0.868813 -0.111510 0.482421
-2.804667 -45.592784 -786.861389 420.481493 0.109235 0.911736 0.395985 0.456577 -0.399880 0.794754 -0.882952 -0.093983 0.459959
19.755116 -93.259727 -2278.428902 -3568.061148 -0.109005 0.979787 0.167735 -0.928360 -0.040023 -0.369521 0.355338 0.195998 -0.913958
18.467234 -97.976019 -2170.477609 -2619.717202 -0.223485 0.959789 0.169880 -0.936665 -0.163259 -0.309846 0.269652 0.228367 -0.935487
10.743738 -90.072227 -1152.612576 -4670.900358 -0.161646 0.971051 0.175869 0.983981 0.145020 0.103684 0.075178 0.189812 -0.978938
10.205738 -87.278596 -27.595582 -2767.033821 -0.048802 0.981784 0.183624 0.984620 0.016412 0.173938 0.167756 0.189288 -0.967485
3.726052 -81.267922 -806.532901 9403.095553 -0.193584 0.965502 0.174157 -0.961048 -0.222311 0.164208 -0.197260 0.135585 -0.970930
3.400720 -80.466445 221.673678 -6217.383088 -0.095463 0.979997 0.174622 0.990276 0.111329 -0.083418 -0.101190 0.164961 -0.981096
-5.098884 -128.136652 1081.582446 2455.518430 0.302022 -0.898038 -0.319860 0.923810 0.358523 -0.134300 0.235284 -0.254928 0.937898
-4.570950 -129.593277 761.652980 767.105707 0.332407 -0.889483 -0.313569 0.943042 0.318150 0.097219 0.013288 -0.328025 0.944576
-1.189915 -137.277581 830.128336 4285.925918 0.312081 -0.890261 -0.331723 0.923422 0.366336 -0.114410 0.223376 -0.270615 0.936414
-7.714328 -122.315010 948.375240 -1814.357195 0.332464 -0.893837 -0.300870 0.943033 0.310824 0.118650 -0.012537 -0.323177 0.946256
-0.556032 -132.359015 -977.184712 5136.922897 -0.277980 0.902835 0.328048 0.869007 0.381885 -0.314627 0.409333 -0.197616 0.890727
-4.248834 -122.255153 -1245.392402 3439.539669 -0.265521 0.910338 0.317463 0.856388 0.373946 -0.356038 0.442829 -0.177336 0.878894
-8.434074 -116.316524 -1054.876446 3854.232200 -0.286874 0.910872 0.296674 0.869682 0.377491 -0.318046 0.401691 -0.166773 0.900461
-8.855540 -118.145354 1120.109458 790.869227 0.309609 -0.901909 -0.301167 0.930095 0.353092 -0.101242 0.197651 -0.248768 0.948182
68.140937 -74.917120 -15425.010965 -10996.419099 0.057198 0.701206 -0.710660 0.989960 -0.131997 -0.050564 -0.129261 -0.700633 -0.701716
84.421176 -48.575906 -5501.291064 -9579.680577 0.191042 0.751848 -0.631053 0.955148 -0.290581 -0.057046 -0.226262 -0.591851 -0.773639
70.066437 -78.031443 -22951.733767 -12108.429495 0.017259 0.633149 -0.773837 0.985386 -0.141944 -0.094160 -0.169459 -0.760903 -0.626346
58.859744 -103.460965 -18410.791248 -19406.247497 -0.062729 0.640031 -0.765784 0.995410 -0.015444 -0.094447 -0.072275 -0.768194 -0.636124
-1.571257 -69.257629 -216.404392 -983.580448 -0.421213 0.877890 0.227789 0.434868 -0.024914 0.900149 -0.795908 -0.478213 0.371272
-2.729563 -80.239533 -347.083840 -7999.518954 -0.403365 0.877162 0.260545 0.539671 -0.001894 0.841874 -0.738953 -0.480191 0.472615
-1.856798 -68.539055 30.117187 -1834.879673 -0.428867 0.881373 0.198127 0.419319 -0.000040 0.907839 -0.800153 -0.472421 0.369559
-1.237401 -72.404339 43.529588 6505.208867 -0.441019 0.881889 0.166657 0.311633 -0.023668 0.949908 -0.841658 -0.470863 0.264388
-1.450739 -67.935413 240.370066 -1862.000499 -0.433411 0.884065 0.174883 0.411676 0.021597 0.911074 -0.801672 -0.466865 0.373309
-0.886685 -71.439096 224.315004 5992.122446 -0.437876 0.883958 0.163962 0.311859 -0.021708 0.949881 -0.843213 -0.467063 0.266164
-17.630520 -283.904135 -1675.664625 22821.213157 0.044736 0.288866 0.956324 0.987654 -0.156649 0.001116 0.150129 0.944467 -0.292308
-16.692699 -290.943880 5306.698131 -74205.678463 0.042089 0.223875 0.973709 0.918526 0.374788 -0.125875 -0.393114 0.899675 -0.189860
-16.693091 -270.034442 -855.015936 -41955.508532 0.046332 0.248302 0.967574 0.970967 0.216368 -0.102020 -0.234683 0.944209 -0.231068
25.756191 -27.660229 -438.946237 6790.818233 -0.046382 0.989514 -0.136785 -0.428238 0.104015 0.897660 -0.902475 -0.100212 -0.418923
22.101703 -30.902175 1272.533125 3461.430952 -0.034443 0.995066 -0.093041 -0.485395 0.064723 0.871896 -0.873617 -0.075192 -0.480771
22.542286 -20.754696 3333.907470 8381.441017 0.015401 0.985514 -0.168893 -0.414457 0.160011 0.895892 -0.909938 -0.056201 -0.410918
25.466333 -16.323963 4650.352606 9455.146303 0.035025 0.978547 -0.203026 -0.371052 0.201362 0.906517 -0.927951 -0.043582 -0.370144
28.712432 -23.655021 -1569.089034 5975.319809 -0.050962 0.984503 -0.167797 -0.386873 0.135436 0.912133 -0.920724 -0.111400 -0.373976
52.595269 -109.273053 8908.537725 -7110.303736 0.097539 0.155221 0.983053 -0.515695 0.852697 -0.083470 -0.851202 -0.498813 0.163218
40.454809 -114.935117 7604.872370 5945.366003 0.103477 0.196496 0.975029 -0.314883 0.936342 -0.155282 -0.943473 -0.290952 0.158764
42.994517 -114.233962 10087.443697 -12498.982725 0.125176 0.237859 0.963200 -0.523767 0.840369 -0.139458 -0.842614 -0.487036 0.229777
45.293421 -105.623646 3346.557575 7319.353399 0.042042 0.093502 0.994731 -0.288699 0.954278 -0.077498 -0.956496 -0.283920 0.067114
54.523091 -103.388081 10133.418394 -22655.514399 0.115853 0.195068 0.973923 -0.676057 0.733837 -0.066561 -0.727684 -0.650717 0.216894
68.204415 -90.453182 8989.845014 -14563.649527 0.081213 0.098474 0.991820 -0.673677 0.738802 -0.018190 -0.734550 -0.666689 0.126340
62.598069 -99.877595 4624.716461 -5722.534554 0.039104 0.036046 0.998585 -0.521985 0.852892 -0.010346 -0.852058 -0.520841 0.052167
2.586142 -373.541678 3875.945099 -48662.029419 -0.094343 -0.108721 -0.989585 0.993462 0.053898 -0.100634 0.064278 -0.992610 0.102925
0.415188 -336.725677 3011.503662 2463.725754 -0.082356 -0.100848 -0.991487 0.851180 0.510351 -0.122612 0.518372 -0.854032 0.043809
-4.712293 -300.845607 3268.856157 -166.787581 -0.079559 -0.082670 -0.993396 0.903187 0.415715 -0.106930 0.421810 -0.905730 0.041593
2.612052 -522.210102 6379.498972 -77496.103958 -0.128047 -0.078868 -0.988627 0.979061 0.149008 -0.138695 0.158252 -0.985686 0.058136
17.520318 -862.858851 15483.556142 -212761.614165 -0.152248 -0.038584 -0.987589 0.953390 -0.269120 -0.136462 -0.260514 -0.962334 0.077759
40.002789 -175.526335 4971.633418 47194.713389 0.408183 -0.149526 -0.900571 0.898181 0.242210 0.366885 0.163269 -0.958632 0.233168
154.899246 -1238.888420 -12330.087151 -571734.880696 -0.189799 -0.355545 -0.915185 0.270046 0.877273 -0.396821 0.943955 -0.322458 -0.070492
150.937240 -1388.618161 -5595.957418 -447904.105843 -0.264523 -0.107869 -0.958328 0.897145 0.337018 -0.285569 0.353778 -0.935298 0.007625
13.592318 -45.241946 -5103.584725 -523.456584 -0.047848 0.967780 -0.247211 -0.215815 -0.251665 -0.943445 0.975261 -0.008210 -0.220903
14.463656 -44.138045 -4337.326119 712.258175 -0.077570 0.972480 -0.219695 -0.158964 -0.229604 -0.960215 0.984232 0.039560 -0.172400
17.890917 -45.377704 -4503.312889 -102.924822 -0.078774 0.973158 -0.216236 -0.230985 -0.228825 -0.945666 0.969763 0.024547 -0.242810
18.503879 -58.722532 41.555707 -3111.715886 -0.353085 0.001372 -0.935590 0.075670 0.996765 -0.027095 0.932526 -0.080362 -0.352046
25.671282 -57.041774 -1640.205494 -5107.907863 -0.334207 0.005770 -0.942482 0.172706 0.983424 -0.055222 0.926541 -0.181228 -0.329664
17.844900 -62.335230 -2018.833285 -2440.764668 -0.323717 -0.065033 -0.943916 0.055843 0.994583 -0.087675 0.944505 -0.081093 -0.318332
-4.832463 -9.024840 432.956072 -220.638330 0.555327 -0.548582 -0.625036 -0.066966 0.719639 -0.691111 0.828932 0.425649 0.362899
-3.908022 -9.708030 543.247986 285.150351 0.536306 -0.447416 -0.715678 -0.128929 0.794557 -0.593344 0.834118 0.410486 0.368441
-3.637220 -10.684499 -366.028023 -405.139735 -0.555011 0.649265 0.520017 -0.000456 0.624901 -0.780704 0.831843 0.433537 0.346531
-1.879541 -42.187662 425.023765 1786.252925 0.153379 0.953023 0.261195 0.981627 -0.177306 0.070504 0.113503 0.245582 -0.962708
-1.363136 -45.455871 288.367158 2667.885142 0.230720 0.939366 0.253691 0.972474 -0.213879 -0.092468 -0.032602 0.268043 -0.962855
0.606730 -44.563083 576.457955 2203.327130 0.145026 0.953353 0.264736 0.986191 -0.160905 0.039193 0.079962 0.255396 -0.963524
-3.443953 -43.715720 142.608119 1732.418047 0.249274 0.936868 0.245235 0.968425 -0.240126 -0.067026 -0.003908 0.254200 -0.967144
-3.312788 -40.441194 985.395930 57.174350 0.149223 0.950978 0.270874 0.980927 -0.176879 0.080595 0.124556 0.253681 -0.959235
-2.671823 -216.543066 507.659774 849.684529 -0.275018 0.948580 0.156719 0.400058 0.261128 -0.878502 0.874253 0.178907 0.451302
-4.101186 -255.459881 648.794665 2529.390632 -0.265418 0.955672 0.127453 0.192988 0.182181 -0.964140 0.944621 0.231303 0.232787
-1.379941 -205.448148 86.165233 -10576.877048 -0.253138 0.962711 0.095438 0.209482 0.150856 -0.966106 0.944478 0.224566 0.239858
-23.735586 -70.343384 3847.203782 19386.960597 0.944194 0.329389 0.001095 -0.045651 0.127566 0.990779 -0.326212 0.935537 -0.135484
194.117026 -81.250761 -103030.471761 29286.445477 0.316208 0.413234 0.853961 0.896763 0.163527 -0.411188 -0.309563 0.895821 -0.318865
-34.101507 -56.697703 11698.717938 6907.145883 0.957209 0.289317 0.006785 -0.037461 0.100626 0.994219 -0.286961 0.951930 -0.107158
43.087519 -394.918692 -74665.167365 125290.458068 0.658276 0.273678 -0.701265 0.546268 0.467292 0.695147 -0.517942 0.840678 -0.158105
-14.261864 -36.737269 6954.744404 -4066.618764 0.875833 0.358967 0.322583 -0.346927 0.003632 0.937885 -0.335498 0.933343 -0.127716
-45.768440 -112.692949 -1565.326818 34812.033893 0.934517 0.251624 -0.251719 0.199537 0.215248 0.955957 -0.294724 0.943585 -0.150945
-31.859940 -198.477124 -2555.905720 72098.610902 0.895078 0.288721 -0.339817 0.288362 0.206494 0.934991 -0.340121 0.934880 -0.101572
-23.176016 -52.080348 -1768.094706 12933.345798 0.944327 0.305971 -0.120947 0.069174 0.174753 0.982179 -0.321654 0.935865 -0.143859
-73.452683 -523.315625 22098.362850 146134.903198 -0.313123 0.940518 0.131835 -0.288434 0.038082 -0.956742 0.904853 0.337604 -0.259353
-81.003038 -427.727109 22346.085160 70466.876902 -0.267601 0.957736 0.105503 0.124002 0.142818 -0.981950 0.955517 0.249689 0.156979
-123.060532 -448.850094 27723.947729 110427.752803 -0.108727 0.987837 0.111160 -0.234415 0.083191 -0.968570 0.966037 0.131368 -0.222519
-31.805930 -94.697929 -5228.934509 13077.684684 -0.264978 0.953537 -0.143369 0.924926 0.293376 0.241750 -0.272579 0.068547 0.959689
-54.778240 -81.335777 -705.889624 2284.043237 0.060937 0.978020 -0.199410 0.922938 0.020867 0.384382 -0.380094 0.207466 0.901380
-50.086871 -90.964846 -1472.561708 4412.865811 -0.279668 0.919164 -0.277350 0.848835 0.371701 0.375923 -0.448626 0.130291 0.884171
-48.173462 -71.839643 -173.319678 6171.130935 -0.366972 -0.910594 0.190133 0.902837 -0.299407 0.308611 -0.224092 0.284910 0.931992
62.703648 -55.815621 5705.060125 240.757440 -0.431903 0.882455 -0.186366 0.205325 -0.105004 -0.973045 0.878238 0.458526 0.135838
50.027924 -41.339848 11589.123547 -1156.646398 -0.543603 0.837716 -0.052223 0.045477 -0.032732 -0.998429 0.838110 0.545124 0.020304
33.057402 -32.000611 13775.701260 2301.362865 -0.602650 0.757065 -0.252322 0.206096 -0.157806 -0.965723 0.770933 0.633996 0.060926
32.934839 -49.350854 -4558.150815 10673.660055 0.328185 0.841944 0.428280 0.761906 -0.503948 0.406861 -0.558386 -0.192783 0.806871
31.389437 -56.408145 -1823.682099 12148.137409 0.325328 0.807750 0.491631 0.732559 -0.544046 0.409111 -0.597929 -0.227054 0.768718
29.524614 -68.044240 -3476.013095 8057.489183 0.315169 0.829659 0.460797 0.673329 -0.537652 0.507503 -0.668802 -0.150318 0.728085
33.577578 -37.392641 -4094.415618 10892.569779 0.344056 0.808289 0.477802 0.782768 -0.527947 0.329464 -0.518556 -0.260654 0.814346
34.306110 -62.184430 -2374.060065 7371.886360 0.352660 0.854965 0.380351 0.708193 -0.509533 0.488711 -0.611632 -0.097013 0.785172
35.699597 -36.085698 -3826.393060 8832.208810 0.336880 0.850108 0.404758 0.796828 -0.486418 0.358417 -0.501574 -0.201779 0.841254
37.908338 -45.923310 -479.801812 8579.664696 0.356838 0.866895 0.348080 0.774357 -0.482914 0.408858 -0.522530 -0.123642 0.843608
12.428047 -49.292756 -6041.512696 325.806395 0.084379 -0.883692 0.460401 0.959170 0.197209 0.202733 -0.269948 0.424496 0.864252
-3.977210 -72.217532 -530.348641 1225.781576 0.231411 0.967238 0.104396 0.183442 -0.148766 0.971709 -0.955405 0.205714 0.211858
66.604149 -88.752031 -4159.373659 -5687.224456 0.113039 0.993588 -0.002116 0.711691 -0.082454 -0.697637 0.693339 -0.077354 0.716448
81.256150 -95.009176 -4490.975119 -508.097677 0.006127 0.999208 -0.039326 0.568431 -0.035835 -0.821950 0.822708 0.017318 0.568201
75.661927 -90.599626 -6694.606222 1351.517402 0.156218 0.987662 -0.010909 0.555800 -0.097030 -0.825634 0.816506 -0.122916 0.564101
-4.849138 -110.221814 -191.754632 8229.366934 -0.476916 0.878261 0.034761 0.655872 0.329268 0.679275 -0.585135 -0.346756 0.733061
-6.393529 -95.780142 -379.477312 4744.188030 -0.461479 0.885514 0.053871 0.788462 0.381551 0.482438 -0.406651 -0.265110 0.874272
-7.768994 -95.285002 -340.031889 3316.736358 -0.473298 0.880740 0.016915 0.778727 0.409346 0.475415 -0.411793 -0.238185 0.879599
-1.605048 -78.820067 260.948316 -2000.295697 0.227020 0.973888 -0.001909 -0.579160 0.136581 0.803691 -0.782966 0.181348 -0.595044
-1.933124 -71.338268 40.811486 -3600.703428 0.234434 0.972046 -0.012963 -0.726868 0.184126 0.661635 -0.645526 0.145687 -0.749714
-1.818901 -69.519333 -294.266411 -2933.328713 0.231133 0.972862 -0.010800 -0.710575 0.176380 0.681156 -0.664576 0.149763 -0.732059
-5.704425 -60.093588 382.135411 -4030.331197 0.235207 0.968666 -0.079777 -0.881589 0.247181 0.402122 -0.409241 0.024251 -0.912104
-7.246919 -52.445410 815.774132 337.340195 0.188302 0.978215 -0.087395 -0.937710 0.205530 0.280104 -0.291964 -0.029207 -0.955983
-8.237227 -55.939937 1366.395790 -3287.384218 0.228977 0.968946 -0.093342 -0.891910 0.247247 0.378637 -0.389957 0.003446 -0.920826
1.138218 -44.057238 -398.799421 282.112777 0.441890 0.889578 -0.115695 0.881594 -0.406787 0.239410 0.165911 -0.207789 -0.964001
-1.475076 -42.783236 -1347.431554 31.922765 0.431905 0.891297 -0.138011 0.892606 -0.400479 0.207052 0.129275 -0.212616 -0.968547
-3.174866 -43.974792 -1654.738853 -971.369106 0.443041 0.885517 -0.139912 0.866061 -0.382430 0.322001 0.231631 -0.263832 -0.936344
66.179431 -31.083091 -12964.477461 -1463.929920 -0.024561 0.955086 -0.295309 0.119776 0.296082 0.947623 -0.992497 0.012096 0.121668
56.423244 -38.310977 -6582.137188 -3797.088290 0.042345 0.973721 -0.223775 0.179059 0.212953 0.960515 -0.982927 0.080742 0.165336
78.797300 -26.382656 -10710.062317 -98.731538 -0.001988 0.938502 -0.345268 0.056469 0.344823 0.936968 -0.998402 0.017635 0.053682
42.983005 -34.274965 -13010.738557 -3221.177992 -0.089508 0.961339 -0.260415 0.185595 0.272984 0.943946 -0.978541 -0.036159 0.202854
61.430059 -23.959413 -17177.735000 -16.112090 -0.157649 0.915727 -0.369581 0.059357 0.382372 0.922100 -0.985710 -0.123431 0.114636
48.007657 -27.839661 -17264.513518 -978.240228 -0.159833 0.926863 -0.339674 0.124425 0.360269 0.924513 -0.979271 -0.105504 0.172908
-4.382097 -111.774059 140.447249 2211.779938 0.329533 0.075291 -0.941137 0.610119 0.743744 0.273128 0.720530 -0.664210 0.199151
-6.153793 -113.038297 -133.684879 -4377.185528 0.338803 0.077320 -0.937675 0.495097 0.832821 0.247564 0.800057 -0.548116 0.243881
-5.976463 -117.050302 1383.662161 3268.685849 0.323475 0.086582 -0.942267 0.618766 0.734032 0.279867 0.715886 -0.673573 0.183867
-4.605242 -108.014804 -90.270205 -7852.902138 0.315079 0.069198 -0.946539 0.541439 0.806008 0.239156 0.779467 -0.587846 0.216490
-3.945183 -121.323245 635.725597 12792.041160 0.309206 0.072310 -0.948242 0.718553 0.635396 0.282762 0.622955 -0.768794 0.144510
-2.471147 -110.068994 337.257296 377.928704 0.302463 0.071003 -0.950513 0.658003 0.705923 0.262116 0.689600 -0.704721 0.166796
-17.916821 -19.859064 23.953552 3515.925405 0.932040 -0.221586 0.286709 0.211097 0.975138 0.067408 -0.294517 -0.002303 0.955643
-18.070829 -22.876517 426.549984 2385.750032 0.944069 -0.014704 0.329420 0.013044 0.999889 0.007249 -0.329490 -0.002546 0.944156
-17.077026 -28.041992 -214.576710 2542.560956 0.910595 -0.299978 0.284306 0.269528 0.952503 0.141746 -0.313323 -0.052444 0.948197
-13.062892 -20.925271 5180.921536 2087.367362 0.474983 0.871714 0.120441 0.820156 -0.488126 0.298457 -0.318960 0.042982 0.946793
-8.909466 -18.424207 6630.967003 148.479439 0.374415 0.924455 0.072087 0.883446 -0.379258 0.275110 -0.281667 0.039320 0.958706
-38.102347 -82.453240 8348.913889 -8021.081765 -0.172439 -0.087905 0.981090 0.781572 0.593987 0.190592 -0.599509 0.799657 -0.033723
-46.916501 -84.066280 7652.548273 -8186.656588 -0.190837 -0.025548 0.981289 0.798025 0.578077 0.170247 -0.571610 0.815582 -0.089930
-30.880921 -99.104897 6343.378687 -6430.168545 -0.198739 -0.173061 0.964652 0.883654 0.394050 0.252745 -0.423861 0.902649 0.074613
-31.992063 -66.276829 -1110.155984 -6891.082994 -0.079313 0.123231 0.989203 0.684134 0.728473 -0.035897 -0.725032 0.673900 -0.142084
-28.870781 -83.282240 7719.868365 -7727.158111 -0.185384 -0.157464 0.969968 0.763036 0.598913 0.243062 -0.619200 0.785180 0.009122
-31.501736 -66.074782 6313.851214 -6909.226550 -0.136785 -0.032801 0.990058 0.666164 0.736659 0.116442 -0.733154 0.675468 -0.078913
4.158154 -325.521375 -1460.835185 -23780.441937 -0.335866 -0.096535 0.936950 0.590185 0.753682 0.289215 -0.734082 0.650111 -0.196162
8.448098 -281.303231 2443.237347 -44304.086273 -0.273383 -0.152004 0.949819 0.543016 0.790660 0.282827 -0.793975 0.593087 -0.133613
-284.126913 -4620.617198 65550.730421 1207212.605782 0.664169 0.140797 -0.734204 0.619900 0.445216 0.646147 -0.417855 0.884284 -0.208419
-368.802391 -3193.929853 -102021.395389 109013.802104 -0.732837 -0.040826 0.679178 -0.368202 0.863205 -0.345404 -0.572169 -0.503200 -0.647621
20.080117 -47.055710 1473.547417 -234.341136 -0.122957 0.980602 -0.152648 0.806754 0.009188 -0.590816 0.577953 0.195794 0.792234
18.827010 -46.307796 3341.998604 -1573.178607 -0.128078 0.979746 -0.153930 0.736142 -0.010093 -0.676752 0.664599 0.199992 0.719939
22.810495 -45.523100 -111.321631 839.106996 -0.113827 0.991109 -0.068891 0.771173 0.044424 -0.635074 0.626367 0.125415 0.769373
19.094200 -45.700526 2848.407403 19007.537013 0.166672 -0.437530 -0.883622 -0.338938 0.816124 -0.468040 0.925927 0.377503 -0.012270
22.066677 -31.421895 528.885965 12549.468137 0.182878 -0.270180 -0.945282 -0.349263 0.880924 -0.319355 0.919005 0.388555 0.066738
13.061002 -57.500576 -545.044530 16871.429482 0.210125 -0.469049 -0.857812 -0.263255 0.817849 -0.511683 0.941565 0.333340 0.048371
10.944026 -58.514819 2737.151482 5656.995504 0.152115 -0.409347 -0.899609 -0.163195 0.887305 -0.431343 0.974797 0.212425 0.068169
9.316240 -46.330306 678.345968 1903.689180 0.174018 -0.324936 -0.929588 -0.126255 0.928839 -0.348308 0.976615 0.177977 0.120610
-24.913024 -37.987572 -1497.138348 -614.053172 0.514221 0.741624 -0.430779 0.303427 -0.627101 -0.717409 0.802190 -0.238197 0.547497
-40.476582 -66.499450 908.066482 -2584.009946 0.831672 -0.220647 -0.509546 0.543563 0.136089 0.828263 0.113410 0.965813 -0.233117
-42.592118 -66.835973 870.673118 -1909.273843 0.876860 -0.067876 -0.475929 0.480570 0.150483 0.863949 -0.012977 0.986280 -0.164572
-42.047844 -69.142335 541.823670 -945.115296 0.868596 -0.151308 -0.471855 0.474966 -0.017195 0.879836 0.141239 0.988337 -0.056931
-4174.745841 -26220.981810 1755242.586087 -23935625.008661 0.652395 0.167384 0.739164 -0.487636 -0.653900 0.578469 -0.580166 0.737833 0.344979
-636.799025 -4454.002298 -447664.394958 -3145127.902363 -0.686151 -0.463396 0.560768 -0.061537 0.805069 0.589980 -0.724852 0.370308 -0.580915
-32.143994 -884.538184 -9760.920549 309105.585648 0.979573 -0.060740 -0.191698 -0.195502 -0.510841 -0.837150 0.047078 -0.857527 0.512280
-203.545503 -477.626068 -44710.309771 -139806.560927 0.956308 0.288101 0.049733 0.060040 -0.027043 -0.997830 0.286130 -0.957218 0.043159
-289.545137 -475.070255 -64734.847645 -126654.632890 0.860092 0.508943 0.034911 0.083088 -0.072236 -0.993921 0.503327 -0.857764 0.104417
-220.772383 -386.458572 -47585.809000 -95493.148181 0.667327 0.009705 -0.744702 0.678543 0.404263 0.613311 0.307008 -0.914591 0.263190
-142.529232 -258.624960 -34986.499209 -11147.191352 0.975407 0.122425 -0.183283 -0.156976 -0.197874 -0.967577 0.154722 -0.972552 0.173790
-54.209952 -77.110848 -1297.284892 3902.168435 -0.740069 -0.179036 0.648263 -0.153320 0.983446 0.096574 -0.654822 -0.027920 -0.755267
-52.352946 -71.421675 -2185.569751 3039.551886 -0.784230 -0.306123 0.539697 -0.266934 0.951666 0.151916 -0.560116 -0.024927 -0.828039
-57.889571 -87.087162 -1530.485083 827.253474 -0.686756 0.003951 0.726877 -0.124143 0.984656 -0.122643 -0.716208 -0.174463 -0.675728
3.779547 -103.915953 5432.366125 12571.982687 -0.405565 0.476376 0.780117 0.877907 -0.034668 0.477574 0.254550 0.878558 -0.404154
17.638900 -110.294465 8958.469449 -100.203213 -0.418680 0.456369 0.785133 0.908122 0.214737 0.359447 -0.004557 0.863490 -0.504345
154.742832 -34.671028 27403.294366 -1945.253902 0.013167 0.747117 0.664562 -0.341514 -0.621293 0.705240 -0.939785 0.236243 -0.246970
127.263630 -26.820340 -7196.521387 -1922.776669 -0.275610 0.768861 0.576968 -0.330335 -0.639415 0.694281 -0.902728 -0.000758 -0.430211
113.128314 -28.619343 20632.295038 -1578.748924 0.020788 0.787676 0.615738 -0.460479 -0.539116 0.705205 -0.887427 0.298194 -0.351501
180.548115 -34.826649 -10717.266672 -1815.369165 -0.280671 0.743069 0.607513 -0.214241 -0.665488 0.715001 -0.935588 -0.070526 -0.345979
99.323544 -35.737965 28891.582977 -1167.080029 0.221879 0.759134 0.611953 -0.451160 -0.476449 0.754620 -0.864421 0.443523 -0.236776
142.012211 -40.144718 45198.311778 -1033.961934 0.260221 0.730170 0.631772 -0.331763 -0.546861 0.768684 -0.906762 0.409627 -0.099939
221.604729 -40.546941 52821.813176 -1155.603909 0.051084 0.748525 0.661136 -0.216143 -0.638024 0.739059 -0.975024 0.180654 -0.129195
-1.168973 -135.849263 718.326132 26.639302 0.337433 -0.879839 -0.334697 0.941331 0.317581 0.114181 0.005832 -0.353589 0.935383
-3.778884 -125.706999 659.588194 -2785.869665 0.352520 -0.881945 -0.312894 0.911713 0.248298 0.327304 -0.210973 -0.400651 0.891611
-6.867402 -119.541198 640.177310 -2371.770192 0.354229 -0.889998 -0.287099 0.908994 0.255576 0.329258 -0.219664 -0.377604 0.899535
