18302
36575
-20.752953 -33.683567 -538.446762 -1699.193432 0.987671 -0.121527 -0.098674 0.111120 0.988256 -0.104889 0.110262 0.092631 0.989577
-24.765949 -39.646281 -443.202916 1310.790155 0.986499 0.092962 -0.134828 0.117923 -0.974501 0.190900 0.113644 0.204222 0.972306
-24.120902 -37.922597 72.851226 3096.519370 0.923308 0.369082 -0.106212 0.375817 -0.925245 0.051809 0.079150 0.087752 0.992993
-21.727010 -35.008870 -396.389688 -1066.289579 0.965604 -0.195372 -0.171578 0.162566 0.968612 -0.188050 0.202932 0.153689 0.967056
-18.182344 -27.560858 -723.011236 -2665.000024 0.989633 -0.121530 -0.076529 0.122507 0.992434 0.008181 0.074955 -0.017472 0.997034
-17.537844 -29.835809 -377.741782 -1380.658851 0.913036 -0.383705 -0.138331 0.372730 0.922636 -0.099068 0.165642 0.038893 0.985419
22.679191 -37.178205 1145.741483 3889.285297 0.992156 0.124067 0.015286 0.051948 -0.297991 -0.953154 0.113700 -0.946472 0.302099
24.411119 -30.855094 1067.611139 1720.058705 0.999304 0.036776 -0.006261 0.008320 -0.383322 -0.923577 0.036365 -0.922882 0.383361
17.773690 -37.989075 819.184170 2336.134391 0.970068 0.198959 0.139225 0.214075 -0.430023 -0.877070 0.114631 -0.880622 0.459744
17.568170 -41.479723 1472.835465 6032.063224 0.959707 0.263167 0.098516 0.172505 -0.275011 -0.945839 0.221821 -0.924723 0.309327
21.760733 -33.448394 1796.783836 -650.580563 0.939807 0.261231 0.220277 0.333592 -0.561762 -0.757060 0.074024 -0.784973 0.615092
13.404888 -44.127335 1183.743261 -120.931683 0.928888 0.295821 0.222838 0.354378 -0.535076 -0.766884 0.107625 -0.791318 0.601858
11.585217 -50.818388 1068.392130 4947.304247 0.943185 0.291573 0.159332 0.270178 -0.393882 -0.878556 0.193406 -0.871689 0.450280
5.272818 -17.013550 1486.533764 437.715617 0.947106 -0.268633 -0.175573 -0.308932 -0.911315 -0.272151 0.086894 -0.311996 0.946101
6.043497 -11.398989 1295.007691 2116.758721 0.834955 -0.488515 -0.253383 -0.548053 -0.779869 -0.302394 0.049882 -0.391352 0.918888
3.213581 -10.898386 -1072.304346 1007.182331 0.904707 -0.385578 -0.181206 -0.422921 -0.864141 -0.272760 0.051418 -0.323403 0.944863
1.668724 -20.359106 3324.390648 2171.420069 0.958109 -0.207212 -0.197713 -0.260517 -0.917334 -0.301047 0.118988 -0.339944 0.932888
2.454002 -16.390033 -436.775107 -173.503137 0.970603 -0.203059 -0.129216 -0.228454 -0.946222 -0.229068 0.075753 -0.251854 0.964796
2.421676 -20.913967 1286.545158 -22.573675 0.993867 -0.027223 -0.107179 -0.051386 -0.971920 -0.229631 0.097918 -0.233730 0.967358
-2.261797 -5.721657 1786.645847 -60.826109 0.323295 0.832247 -0.450383 0.825014 -0.481007 -0.296622 0.463500 0.275676 0.842123
0.397979 -7.349276 1707.915435 693.928827 0.587454 0.609232 -0.532667 -0.680574 0.728061 0.082138 0.437855 0.314267 0.842329
-2.503577 -7.529293 -742.904313 372.303383 0.887514 0.015631 -0.460516 -0.138606 0.962193 -0.234464 0.439440 0.271920 0.856126
-2.177243 -7.225538 768.939768 503.548186 0.786945 -0.558830 -0.261585 0.423328 0.797420 -0.430018 0.448900 0.227664 0.864094
0.145552 -6.601526 -1857.530344 -42.765957 -0.335762 0.938441 -0.081193 0.810392 0.243856 -0.532727 0.480134 0.244668 0.842383
-4.541133 -22.897146 237.004158 -989.515608 0.814298 -0.219336 0.537410 0.491510 0.753062 -0.437397 0.308766 -0.620314 -0.721023
-6.806805 -23.770082 380.012749 -1185.577568 0.720142 -0.337456 0.606233 0.605381 0.732496 -0.311391 0.338982 -0.591247 -0.731791
-2.599827 -21.735904 -115.187587 -504.248663 0.701369 -0.367739 0.610613 0.649766 0.682049 -0.335580 0.293062 -0.632121 -0.717313
0.226352 -20.829824 327.630355 -344.320686 0.773421 -0.281257 0.568080 0.574133 0.690671 -0.439711 0.268684 -0.666235 -0.695658
0.515221 -20.344520 727.929803 -204.395199 -0.684672 0.390591 -0.615356 0.685468 0.632012 -0.361517 0.247708 -0.669327 -0.700458
-2.081337 -22.101415 805.202534 -392.583803 -0.590323 0.473225 -0.653894 0.757698 0.604127 -0.246827 0.278230 -0.641162 -0.715192
36.355452 -54.219684 7108.150396 9033.910261 0.205124 0.923606 0.323845 -0.262568 0.370681 -0.890872 0.942858 -0.097708 -0.318545
50.032721 -60.069447 5899.592523 7871.241462 0.316577 0.898231 0.304894 -0.191367 0.375295 -0.906936 0.929063 -0.228768 -0.290701
40.268403 -69.924808 7002.504011 7799.387600 0.220633 0.922136 0.317785 -0.095481 0.344669 -0.933856 0.970672 -0.175696 -0.164092
26.750468 -65.046530 5809.558098 8226.551489 0.138405 0.941689 0.306700 -0.170954 0.327748 -0.929169 0.975510 -0.076170 -0.206347
43.652456 -77.532913 5939.185191 2586.171680 0.266322 0.912863 0.309440 0.106263 0.291271 -0.950720 0.958009 -0.286080 0.019431
30.569365 -75.845623 6848.091092 3470.197475 0.161084 0.937755 0.307682 0.045773 0.304319 -0.951470 0.985879 -0.167350 -0.006097
57.804712 -22.802091 -5881.431884 827.874442 0.895345 -0.003988 0.445356 0.008153 0.999939 -0.007437 -0.445299 0.010290 0.895323
37.488899 -24.380147 -8778.982498 411.072851 0.785476 -0.092476 0.611944 0.108141 0.994070 0.011416 -0.609371 0.057210 0.790819
49.512872 -17.944934 -6984.632805 1197.406208 0.861973 -0.036426 0.505644 0.086897 0.993270 -0.076579 -0.499451 0.109948 0.859337
46.047231 -19.565800 2634.725448 1353.438194 0.978538 -0.000366 0.206065 0.019480 0.995684 -0.090736 -0.205143 0.092803 0.974322
40.588347 -12.611714 -3388.197550 1176.354412 0.935270 0.007991 0.353844 0.046442 0.988330 -0.145073 -0.350874 0.152116 0.923985
29.131322 -13.833414 -5699.926985 1186.653923 0.816282 -0.158257 0.555552 0.245230 0.965712 -0.085223 -0.523016 0.205804 0.827103
1.117100 -41.347406 -153.917466 -170.126096 0.989291 0.025274 0.143755 0.136305 0.192276 -0.971829 0.052203 -0.981015 -0.186772
2.869103 -42.430600 -327.419886 -10.754481 0.990720 0.035784 0.131122 0.121886 0.192978 -0.973603 0.060143 -0.980550 -0.186825
2.028020 -43.745094 -218.039312 719.636577 0.992451 0.035240 0.117467 0.094696 0.388447 -0.916592 0.077931 -0.920797 -0.382177
1.839540 -40.692480 -294.585296 -1096.113422 0.985760 0.019692 0.167004 0.167415 -0.021455 -0.985653 0.015826 -0.999576 0.024446
2.861078 -105.345088 -79.231787 -1830.018361 0.989743 0.008155 0.142628 0.050364 -0.954188 -0.294938 -0.133689 -0.299096 0.944812
3.952511 -99.292226 -111.504330 3035.525080 0.988830 0.036778 0.144439 -0.041034 0.998804 0.026592 -0.143288 -0.032222 0.989156
4.112567 -113.149947 -175.326053 -1502.513945 0.993589 -0.007675 0.112795 0.027796 -0.950486 -0.309522 -0.109586 -0.310673 0.944179
2.924584 -109.539010 -162.250614 -261.484120 0.993824 -0.028652 0.107207 0.038050 -0.819542 -0.571755 -0.104243 -0.572303 0.813390
1.704144 -103.835505 -55.786463 -72.511227 0.991409 -0.012868 0.130163 0.063037 -0.824947 -0.561685 -0.114605 -0.565064 0.817048
2.110450 -17.013135 2922.601911 -1239.368937 0.965993 0.224811 -0.127738 0.251427 -0.931985 0.261128 0.060346 0.284365 0.956815
5.983436 -20.464205 4062.199290 -935.250684 0.985713 0.117732 -0.120457 0.137943 -0.974639 0.176213 0.096656 0.190311 0.976954
19.414655 -14.588587 5343.611028 -1000.236101 0.981342 0.146396 -0.124645 0.173789 -0.952705 0.249300 0.082254 0.266311 0.960371
-7.931411 -22.170989 1068.888603 -1078.385024 0.991331 0.121507 -0.049980 0.128690 -0.974647 0.183034 0.026473 0.187879 0.981835
15.133585 -12.753852 4128.506430 -1142.532567 0.961492 0.241195 -0.131749 0.271249 -0.909969 0.313655 0.044236 0.337314 0.940352
0.350241 -14.233545 2238.859730 -885.272057 0.954416 0.271180 -0.124704 0.297647 -0.895871 0.329881 0.022262 0.351962 0.935750
-8.198105 -18.324228 793.236309 -1485.771701 0.979965 0.191447 -0.054930 0.199161 -0.938989 0.280418 -0.002106 0.285740 0.958305
-0.423772 -36.094160 -440.718478 5691.653909 0.900634 -0.283972 -0.328966 0.208679 0.946590 -0.245805 0.381198 0.152732 0.911790
1.297528 -41.804088 1078.617116 1167.601038 0.890003 -0.290486 -0.351444 0.249393 0.955406 -0.158122 0.381704 0.053081 0.922759
-0.102974 -32.186922 806.861133 3941.014684 0.859865 -0.412375 -0.300964 0.308625 0.889484 -0.337001 0.406673 0.196891 0.892105
2.799985 -42.778958 -174.793251 2509.077578 0.910932 -0.228116 -0.343752 0.207697 0.973507 -0.095634 0.356461 0.015720 0.934178
-0.309435 -25.923082 -1309.517483 5512.851444 0.859005 -0.438876 -0.263624 0.312738 0.857503 -0.408513 0.405345 0.268470 0.873853
1.117384 -36.700928 -1271.553697 6161.442713 0.917723 -0.227488 -0.325627 0.172513 0.966678 -0.189140 0.357804 0.117403 0.926387
-0.336505 -28.353430 -1567.270339 6362.075297 0.895262 -0.331080 -0.298148 0.231843 0.917626 -0.322817 0.380466 0.219882 0.898275
7.177170 -77.844809 -27.254077 -1095.268849 0.226795 0.509879 -0.829812 -0.122439 0.860180 0.495075 0.966216 -0.010679 0.257514
7.018623 -75.732810 -103.770731 -1439.973328 0.233782 0.502742 -0.832224 0.107827 0.837257 0.536073 0.966292 -0.215060 0.141526
5.463716 -77.151915 -543.806169 -901.801646 0.263918 0.506332 -0.820960 -0.135989 0.862168 0.488030 0.954911 -0.017159 0.296398
0.504261 -64.060609 -685.442275 1692.057415 0.226646 -0.403287 0.886561 0.949312 0.295019 -0.108487 -0.217801 0.866212 0.449711
0.599770 -70.572101 -645.096422 3566.838789 0.208475 -0.410228 0.887835 0.911115 0.411463 -0.023823 -0.355538 0.813886 0.459545
-0.847513 -64.613943 -303.934229 1937.696970 0.214002 -0.414107 0.884714 0.940090 0.333377 -0.071353 -0.265396 0.846980 0.460641
2.427573 -69.977942 -722.169456 2852.717302 0.213430 -0.411432 0.886099 0.929683 0.364262 -0.054795 -0.300228 0.835486 0.460246
-1.288950 -60.899026 -292.351250 533.152001 0.215232 -0.412457 0.885186 0.968245 0.208185 -0.138423 -0.127189 0.886870 0.444168
0.047143 -60.083029 -648.269240 1170.084622 0.233123 -0.401206 0.885826 0.969342 0.168614 -0.178734 -0.077653 0.900335 0.428214
2.818990 -63.603281 -780.377865 1404.517027 0.236701 -0.404144 0.883538 0.958279 0.247082 -0.143704 -0.160229 0.880692 0.445768
4.608167 -126.260479 -659.629804 6962.888438 0.004161 0.353992 -0.935239 -0.600822 0.748502 0.280638 0.799372 0.560745 0.215801
3.699266 -115.673101 61.658404 -3248.401883 0.048491 -0.387178 0.920729 0.793354 -0.545110 -0.271008 0.606827 0.743605 0.280736
4.126498 -121.721978 476.801632 2718.101656 -0.061412 0.349375 -0.934968 -0.696386 0.656068 0.290898 0.715035 0.668964 0.203010
3.819982 -127.786034 959.049021 4080.126335 -0.052710 0.319271 -0.946196 -0.498936 0.812353 0.301903 0.865034 0.488005 0.116477
3.751541 -132.667920 -643.158803 3427.631694 0.011291 0.320058 -0.947331 -0.274072 0.912100 0.304889 0.961643 0.256194 0.098017
3.465519 -123.050705 -1409.512832 5581.747560 0.032870 0.347078 -0.937260 -0.378528 0.872232 0.309722 0.925006 0.344599 0.160049
-7.112833 -129.675720 -250.586495 -12907.018752 -0.111674 0.361338 -0.925723 0.484020 0.833361 0.266897 0.867902 -0.418264 -0.267960
-7.992616 -136.540005 240.688634 -9719.457288 -0.107045 0.361441 -0.926230 0.302767 0.899189 0.315898 0.947034 -0.246617 -0.205686
-7.208896 -117.988099 -203.018231 -15449.310992 -0.090016 0.380235 -0.920499 0.624234 0.741714 0.245340 0.776034 -0.552522 -0.304122
-15.882130 -63.729285 505.752771 2108.327414 0.074549 0.746739 -0.660926 -0.292953 -0.617127 -0.730296 0.953216 -0.248063 -0.172753
-16.264571 -56.399667 954.640779 2135.478464 0.057608 0.747643 -0.661598 -0.478708 -0.560857 -0.675483 0.876082 -0.355625 -0.325593
-15.096564 -62.672418 883.357419 2294.203542 0.031193 0.765727 -0.642409 -0.323169 -0.600473 -0.731433 0.945827 -0.230422 -0.228728
-14.598442 -67.592881 789.206753 2122.178897 0.040942 0.767605 -0.639614 -0.134638 -0.630074 -0.764774 0.990049 -0.117428 -0.077552
-14.282691 -67.309012 -91.607115 1814.536374 0.010367 0.776095 -0.630531 -0.133380 -0.623857 -0.770073 0.991011 -0.092083 -0.097048
-14.047362 -61.065809 30.484346 2465.005631 -0.007539 0.761605 -0.647997 -0.355101 -0.607820 -0.710252 0.934798 -0.224750 -0.275029
3.219329 -127.800211 774.724415 -7878.966750 -0.061786 0.289919 -0.955055 0.011089 0.957023 0.289800 0.998028 0.007315 -0.062346
3.557699 -141.199650 232.993871 -8721.128735 -0.046568 0.299509 -0.952956 -0.225311 0.926258 0.302128 0.973173 0.228781 0.024349
2.792678 -146.166737 -889.129209 -18327.560771 -0.010762 0.292845 -0.956099 -0.054055 0.954586 0.292990 0.998480 0.054835 0.005557
1.965138 -122.779588 -425.621054 -15635.637376 -0.014938 0.283574 -0.958834 0.185228 0.943128 0.276043 0.982582 -0.173480 -0.066615
3.057995 -116.667502 745.938183 -11381.361935 -0.051562 0.288915 -0.955965 0.247208 0.931140 0.268079 0.967590 -0.222499 -0.119434
3.072650 -129.167560 291.709225 -9045.905273 -0.032512 0.294298 -0.955160 0.127548 0.949074 0.288081 0.991299 -0.112463 -0.068393
-3.228874 -559.756705 88.499161 115761.088481 0.042863 0.549914 -0.834121 0.890110 -0.400177 -0.218086 -0.453725 -0.733111 -0.506637
-7.848497 -527.356835 279.030160 12212.804922 0.055216 0.522148 -0.851066 0.816054 -0.514742 -0.262862 -0.575332 -0.680002 -0.454523
-2.011376 -477.012357 -702.921154 53591.459891 -0.030150 -0.543690 0.838744 -0.585164 0.689899 0.426171 -0.810354 -0.477954 -0.338948
-2.383616 -553.369958 637.548919 140639.016353 0.093842 0.516264 -0.851273 0.981522 -0.191191 -0.007749 -0.166756 -0.834816 -0.524667
-2.379106 -456.334049 2801.839398 56213.170409 -0.004375 -0.526847 0.849949 -0.550932 0.710599 0.437634 -0.834539 -0.466349 -0.293366
10.971237 -715.549040 1824.519550 279455.722552 0.094191 0.532421 -0.841223 0.995375 -0.066415 0.069416 -0.018911 -0.843870 -0.536214
-7.417058 -534.763178 -923.760827 156356.811075 0.072081 0.522249 -0.849741 0.995397 -0.091615 0.028131 -0.063157 -0.847858 -0.526449
-3.945757 -552.462088 -1679.288674 127211.638723 -0.009516 0.548658 -0.835992 0.900569 -0.358660 -0.245638 -0.434608 -0.755207 -0.490692
62.524424 -1244.469748 -10440.132037 473869.108041 0.248331 -0.234734 0.939804 -0.523560 0.783749 0.334100 -0.814995 -0.575012 0.071732
-89.106229 -1034.202385 -10052.249333 552821.260644 0.251979 -0.309171 0.917017 0.142854 0.949095 0.280733 -0.957131 0.060261 0.283318
-68.769997 -269.732760 -46083.303418 167419.068384 0.276100 0.026378 0.960767 -0.016709 0.999604 -0.022643 -0.960984 -0.009802 0.276431
-8.620430 -18.231162 981.576490 398.746268 0.679374 -0.207622 -0.703807 -0.673727 -0.556545 -0.486158 0.290763 -0.804457 0.517983
-11.514121 -21.201909 1039.796553 241.526102 0.448483 -0.376802 -0.810484 0.858476 0.433980 0.273278 0.248762 -0.818341 0.518108
-8.651125 -15.759316 379.841193 749.894498 0.395406 -0.376444 -0.837821 0.880891 0.413782 0.229815 0.260162 -0.828899 0.495218
-11.829628 -24.438035 1713.064877 1009.641670 0.701627 -0.204892 -0.682451 -0.648375 -0.580800 -0.492220 0.295516 -0.787839 0.540352
-5.714943 -13.479878 874.873146 418.249752 0.725892 -0.152648 -0.670656 -0.626054 -0.550443 -0.552330 0.284846 -0.820799 0.495128
-7.000438 -22.544655 1505.300930 1744.396516 0.822126 -0.058456 -0.566297 -0.469981 -0.631058 -0.617158 0.321290 -0.773530 0.546282
-3.704577 -16.928964 1121.723546 1179.307942 0.829558 -0.048685 -0.556294 -0.468198 -0.603568 -0.645365 0.304341 -0.795824 0.523489
-7.162996 -24.927019 -816.125221 -53.942593 0.991931 0.115776 -0.051666 -0.095853 0.418119 -0.903321 0.082981 -0.900984 -0.425843
-4.814392 -25.439290 -1165.618286 321.052340 0.995854 0.087088 -0.026263 -0.056228 0.362423 -0.930316 0.071501 -0.927936 -0.365818
-3.857135 -26.614013 -1131.962149 56.033791 0.989797 0.101835 -0.099654 -0.132411 0.399122 -0.907287 0.052620 -0.911225 -0.408534
-5.851110 -27.053259 -823.048224 -227.596377 0.982810 0.133453 -0.127573 -0.175139 0.455354 -0.872914 0.058402 -0.880252 -0.470899
-3.068108 -39.964510 -501.652222 1079.150990 0.122614 0.489832 -0.863152 0.988769 -0.135175 0.063748 -0.085451 -0.861274 -0.500905
-3.381980 -35.667577 -341.486183 1184.024583 0.154668 0.492558 -0.856425 0.987906 -0.067523 0.139578 0.010922 -0.867656 -0.497045
-2.689164 -38.788373 -438.321219 398.413614 0.168140 0.482407 -0.859658 0.985502 -0.062194 0.157853 0.022684 -0.873736 -0.485871
-3.258303 -34.296205 -131.398211 182.732111 0.201778 0.500007 -0.842187 0.973279 -0.006139 0.229542 0.109603 -0.865999 -0.487886
-3.228081 -36.576308 -278.708337 -452.693339 0.229843 0.495128 -0.837866 0.962224 0.013482 0.271924 0.145934 -0.868715 -0.473326
-20.013475 -36.659188 2497.968652 1471.847439 0.861028 -0.215213 -0.460775 0.222129 0.974199 -0.039935 0.457481 -0.067966 0.886618
-22.522159 -35.288072 2792.485847 1134.217248 0.880363 -0.172570 -0.441791 0.151675 0.984981 -0.082503 0.449394 0.005624 0.893316
-28.575713 -40.474522 2100.240559 1835.067420 0.815673 -0.433412 -0.383187 0.434467 0.896286 -0.088933 0.381990 -0.093942 0.919380
-26.078913 -41.327975 2154.898788 1700.286675 0.811532 -0.393562 -0.431886 0.430601 0.902445 -0.013249 0.394968 -0.175219 0.901831
-16.491690 -38.316032 2369.264821 1021.871142 0.849762 -0.194317 -0.490047 0.252769 0.965946 0.055289 0.462615 -0.170851 0.869941
-0.438568 -13.896267 -779.299455 702.638477 -0.733411 -0.594064 -0.330449 -0.320033 0.730607 -0.603152 0.599739 -0.336603 -0.725955
-0.021035 -11.217796 -255.186689 755.171469 -0.731047 -0.608729 -0.308251 -0.369975 0.733224 -0.570528 0.573314 -0.303037 -0.761235
1.811161 -13.962354 -416.739129 650.733062 -0.744918 -0.579911 -0.329848 -0.304710 0.735564 -0.605060 0.593506 -0.350213 -0.724639
1.950970 -16.517303 -760.501988 477.269104 -0.733576 -0.599787 -0.319566 -0.283400 0.697362 -0.658309 0.617698 -0.392355 -0.681547
-1.439959 -16.350484 -1083.750799 510.985457 -0.731665 -0.591087 -0.339533 -0.273154 0.710586 -0.648424 0.624542 -0.381685 -0.681369
-19.496477 -34.467828 11313.496063 -5476.708177 0.478839 0.877210 -0.034874 0.399888 -0.182577 0.898196 -0.781539 0.444037 0.438211
-31.572648 -50.711737 2100.386157 13653.833395 0.629707 0.578477 0.518491 -0.047908 0.695090 -0.717324 -0.775354 0.426864 0.465417
-29.730026 -46.188839 10005.824453 -9379.640954 0.685669 0.656634 0.314151 0.224708 -0.601438 0.766667 -0.692362 0.455088 0.559938
125.554608 -1264.138375 44803.726076 201463.407350 0.438499 0.178278 -0.880872 0.884416 -0.259838 0.387675 -0.159771 -0.949053 -0.271611
2795.390613 -8370.267524 1414634.779372 -1075348.374302 0.415639 0.440887 -0.795527 0.849388 0.124618 0.512845 0.325244 -0.888869 -0.322688
614.404006 -4854.042733 509925.803164 -3047872.977842 0.669671 0.320718 -0.669836 0.734730 -0.417546 0.534628 -0.108223 -0.850173 -0.515260
-23.195502 -120.800376 7671.258720 23412.672601 -0.212101 -0.171818 0.962025 0.972110 0.063720 0.225705 -0.100081 0.983066 0.153510
-24.930972 -57.582366 9568.263143 7536.087132 0.125957 -0.114826 0.985368 0.990746 -0.036081 -0.130849 0.050578 0.992730 0.109218
-44.624701 -132.473889 8455.009587 27791.544969 -0.334460 -0.104272 0.936624 0.941883 -0.003740 0.335921 -0.031524 0.994542 0.099463
0.958768 -21.180820 -747.417768 -169.570365 0.960359 0.157772 -0.229823 0.058616 0.691712 0.719791 -0.272534 0.704729 -0.655044
4.929808 -25.097637 594.127879 -902.661690 0.970604 0.169770 -0.170604 0.006859 0.689037 0.724694 -0.240584 0.704561 -0.667618
-1.218194 -29.835332 389.079433 -1314.263119 0.969826 0.210456 -0.123066 -0.041058 0.638572 0.768466 -0.240315 0.740226 -0.627944
0.835613 -37.764154 -466.238138 -2185.145565 0.937589 0.346057 0.034220 -0.201778 0.461246 0.864024 -0.283218 0.817005 -0.502286
-3.844129 -27.543100 -2220.644904 -2173.772944 0.940573 0.336392 -0.046504 -0.162838 0.566939 0.807505 -0.298003 0.751944 -0.588025
15.478648 -32.668921 6856.332797 7271.307722 0.796157 -0.305973 -0.522030 0.499512 0.819249 0.281634 -0.341500 0.484985 -0.805088
6.676572 -238.644025 12471.394293 71550.320772 0.916533 -0.146711 -0.372079 0.354484 0.728802 0.585823 -0.185225 0.668822 -0.719978
22.948574 -27.305878 6908.392114 7371.351328 0.704425 -0.431929 -0.563225 0.637810 0.733372 0.235295 -0.311423 0.524979 -0.792094
-32.084915 -333.013194 13021.511807 110764.623815 0.945869 0.064079 -0.318160 0.207107 0.635591 0.743727 -0.249877 0.769362 -0.587915
-13.540253 -67.496085 -6765.102118 25918.229296 0.856585 0.402594 -0.322769 -0.073805 0.714674 0.695553 -0.510700 0.571979 -0.641892
1.925456 -11.279529 2458.864885 502.729734 0.989076 0.021201 0.145872 -0.118608 -0.473120 0.872978 -0.087523 0.880743 0.465437
-1.775360 -11.436857 677.324104 398.021852 0.957249 -0.027122 0.287991 -0.266292 -0.471453 0.840726 -0.112972 0.881474 0.458521
-0.462773 -9.974428 2293.428892 103.550604 0.981088 -0.014741 0.193002 -0.173271 -0.511335 0.841733 -0.086281 0.859255 0.504219
-0.986039 -10.325585 1818.805031 -136.278708 0.975768 -0.023167 0.217579 -0.194199 -0.549854 0.812372 -0.100816 0.834940 0.541029
3.882985 -9.736471 2348.987898 -320.924042 0.979389 -0.013841 0.201509 -0.176815 -0.541025 0.822209 -0.097641 0.840893 0.532321
6.910887 -27.569178 1683.955536 361.355837 0.974599 0.086025 0.206776 -0.174012 0.872092 0.457357 0.140983 0.481721 -0.864910
5.578392 -27.648247 -1797.467504 104.314581 0.980561 0.093586 0.172460 -0.163579 0.875296 0.455081 0.108364 0.474445 -0.873590
6.231779 -27.570941 1719.398491 -150.413889 0.974535 0.079866 0.209532 -0.183037 0.823117 0.537565 0.129536 0.562228 -0.816774
12.652959 -27.237553 4759.016795 -70.997658 0.964697 0.096966 0.244861 -0.216558 0.821169 0.528001 0.149874 0.562387 -0.813178
12.314059 -27.569948 4058.136029 600.648764 0.964052 0.123186 0.235434 -0.220702 0.864637 0.451323 0.147968 0.487060 -0.860743
-2.625960 -34.793220 489.510458 -78.516734 -0.548724 0.029783 0.835473 0.260184 0.955818 0.136811 -0.794485 0.292448 -0.532230
-5.027119 -35.345253 356.233222 -98.776204 -0.568816 0.052367 0.820796 0.282201 0.949814 0.134969 -0.772535 0.308402 -0.555048
-2.798425 -31.930354 430.068364 -739.964107 -0.549780 0.036316 0.834520 0.090717 0.995741 0.016433 -0.830369 0.084740 -0.550733
-0.494401 -31.919094 467.501692 -584.607830 -0.546278 0.023494 0.837275 0.091582 0.995289 0.031824 -0.832582 0.094064 -0.545856
-0.814271 -29.148851 261.601042 -1179.003288 -0.558373 0.041359 0.828559 -0.060623 0.994052 -0.090475 -0.827372 -0.100748 -0.552544
-2.481687 -28.948466 235.168583 -1287.617409 -0.562282 0.057420 0.824950 -0.066017 0.991286 -0.113994 -0.824306 -0.118557 -0.553591
-7.146714 -949.412778 5006.701187 -272811.571615 0.080062 -0.325256 0.942231 0.136888 0.939897 0.312819 -0.987346 0.103935 0.119774
46.067112 -2653.669999 469.900653 -1040159.950443 0.180822 -0.494926 0.849913 0.473017 0.801414 0.366048 -0.862298 0.335834 0.379022
-15.267228 -347.995255 -307.132898 -63255.066286 0.053813 -0.324169 0.944467 -0.294331 0.898667 0.325219 -0.954187 -0.295488 -0.047053
6590.816364 -14335.635288 18624673.246253 -10575576.577756 -0.593154 -0.696243 0.404244 0.705158 -0.207004 0.678160 -0.388484 0.687310 0.613747
81.251139 -231.376063 22601.260182 8280.515656 -0.311497 0.262647 0.913228 -0.408058 0.830949 -0.378170 -0.858172 -0.490449 -0.151663
215.156988 -491.377135 91699.870173 7662.533867 -0.256071 0.361338 0.896584 -0.168453 0.896637 -0.409471 -0.951867 -0.255886 -0.168734
-16.646577 -3775.203094 -9535.700759 -1742673.399503 0.078456 -0.549950 0.831504 0.723711 0.605054 0.331892 -0.685629 0.575730 0.445475
-13.263603 -47.535812 -297.660247 379.387149 0.151326 0.894809 0.420020 0.264288 0.372819 -0.889470 0.952498 -0.245606 0.180070
-14.362950 -45.844398 -248.829350 243.169090 0.126616 0.898225 0.420905 0.103274 0.410077 -0.906185 0.986561 -0.158206 0.040841
-14.576803 -46.754048 -174.772470 264.778009 0.047498 0.888796 0.455834 0.277277 0.426683 -0.860848 0.959615 -0.167281 0.226176
-12.644432 -50.510563 -153.460857 664.478108 0.117902 0.887054 0.446356 0.427057 0.360508 -0.829250 0.896505 -0.288390 0.336318
-13.444313 -49.351371 -20.853003 313.392572 0.008441 0.878080 0.478440 0.441334 0.426065 -0.789742 0.897303 -0.217818 0.383930
-15.542413 -45.361611 -83.447013 192.823206 -0.062757 0.864760 0.498248 0.270856 0.495253 -0.825446 0.960572 -0.083151 0.265306
-4.123231 -30.171338 -376.754873 -355.008239 0.768385 -0.290778 -0.570116 0.273533 0.954572 -0.118204 0.578588 -0.065120 0.813016
-4.473241 -33.256817 -377.542771 -493.829729 0.782290 -0.243002 -0.573561 0.126258 0.963514 -0.236009 0.609985 0.112211 0.784428
-2.176690 -31.380964 -142.008290 -437.106183 0.777157 -0.264940 -0.570819 0.269412 0.959805 -0.078687 0.568722 -0.092633 0.817297
-0.975646 -32.626234 -97.112546 -513.480912 0.789941 -0.245167 -0.562037 0.268442 0.962358 -0.042497 0.551300 -0.117304 0.826019
-0.353175 -30.162926 -111.999583 -304.694699 0.774389 -0.292788 -0.560890 0.394102 0.916724 0.065579 0.494980 -0.271832 0.825289
26.746695 -20.691001 -2443.856874 935.844539 0.836640 -0.156151 0.525024 -0.442569 -0.757478 0.479958 -0.322748 0.633911 0.702844
29.740680 -24.132886 -3972.261054 4237.499967 0.767787 -0.217264 0.602743 -0.462551 -0.838920 0.286811 -0.443339 0.499009 0.744607
24.107572 -16.858611 -3194.216936 -5100.682497 0.718613 -0.202190 0.665368 0.435611 0.876700 -0.204061 -0.542069 0.436482 0.718084
272.249452 -26.900702 -83921.232884 -706.556861 0.973351 0.167329 0.156811 0.007929 -0.707949 0.706219 -0.229185 0.686155 0.690409
19.177372 -19.191864 -1615.241509 3298.479900 0.731685 -0.184868 0.656095 -0.480986 -0.822050 0.304772 -0.483001 0.538570 0.690401
21.650664 -29.267294 127.796772 -3232.611599 0.848960 -0.253844 0.463498 -0.518457 -0.569895 0.637512 -0.102317 0.781526 0.615425
19.280901 -25.409398 -1057.739581 -1744.621069 0.815917 -0.208500 0.539265 -0.538811 -0.612454 0.578432 -0.209671 0.762514 0.612054
17.147131 -27.834740 712.138798 -2948.732402 0.767791 -0.279695 0.576426 -0.594563 -0.646266 0.478366 -0.238728 0.710007 0.662494
-6.120275 -70.662947 1367.456797 11698.906231 0.511488 -0.540402 -0.668091 0.726564 -0.143126 0.672026 -0.458786 -0.829144 0.319430
-2.070691 -93.639546 1650.003066 11585.611212 0.544254 -0.535807 -0.645522 0.603839 -0.283964 0.744811 -0.582379 -0.795158 0.168993
-1.460965 -65.272789 1613.349290 11449.255168 0.528436 -0.526924 -0.665662 0.729267 -0.119697 0.673679 -0.434656 -0.841441 0.321016
-1.786138 -95.522108 627.268729 1524.001840 -0.445535 0.366298 0.816899 0.827244 -0.180431 0.532083 0.342295 0.912836 -0.222629
-0.700908 -101.199205 -85.863438 759.994265 -0.433770 0.385099 0.814581 0.819081 -0.208165 0.534578 0.375432 0.899092 -0.225132
-0.703618 -95.651863 277.806075 404.239193 -0.459156 0.384393 0.800886 0.728395 -0.353187 0.587111 0.508544 0.852937 -0.117821
-1.794287 -91.634674 383.189756 107.688646 -0.466820 0.391405 0.793021 0.744506 -0.310014 0.591272 0.477274 0.866426 -0.146682
-2.981347 -90.340140 479.392901 1750.671302 -0.455128 0.387082 0.801889 0.827782 -0.147882 0.541209 0.328077 0.910109 -0.253114
-4.804900 -84.380647 245.435122 3503.352036 -0.300646 0.442137 0.845060 0.677435 0.722692 -0.137103 -0.671337 0.531254 -0.516794
-5.188418 -84.254957 -145.086901 6830.019310 -0.318072 0.467737 0.824653 0.634839 0.751106 -0.181161 -0.704137 0.465900 -0.535843
-4.971892 -95.555427 195.630255 6330.620394 -0.280589 0.471273 0.836165 0.556978 0.789428 -0.258029 -0.781694 0.393325 -0.483993
-4.292368 -99.311989 453.775647 7330.573651 -0.271620 0.467146 0.841426 0.591105 0.770931 -0.237194 -0.759485 0.432945 -0.485533
1.801874 -77.060643 -2071.568429 -2145.772770 0.706792 -0.597859 -0.378166 -0.692709 -0.693360 -0.198510 0.143524 -0.402264 0.904204
10.828569 -70.789577 -3973.576924 4948.053433 0.708438 -0.604567 -0.364161 0.647051 0.762415 -0.006964 0.281852 -0.230697 0.931310
9.873991 -79.222998 -3756.144496 -2160.291626 0.701149 -0.613006 -0.364163 -0.699839 -0.689398 -0.186966 0.136442 -0.385946 0.912376
-2.985092 -27.658150 -687.980406 -199.384540 -0.442659 0.821273 0.359950 0.873654 0.304608 0.379398 0.201946 0.482416 -0.852346
-3.052747 -27.869184 -1937.100608 -253.001360 -0.455143 0.817648 0.352557 0.879515 0.351056 0.321267 0.138916 0.456302 -0.878915
-3.813723 -28.059895 -1574.545927 -64.303819 -0.473879 0.807560 0.351121 0.857736 0.333050 0.391620 0.199315 0.486750 -0.850499
-4.226539 -28.978787 -553.294815 -539.897770 -0.458759 0.811684 0.361536 0.846315 0.275178 0.456101 0.270723 0.515214 -0.813181
39.417250 -191.924177 5802.510357 12789.526522 0.660140 -0.498282 -0.562076 0.658244 0.744226 0.113328 -0.361842 0.444795 -0.819285
46.214530 -178.235817 1522.755768 5613.630664 -0.622087 0.452527 0.638926 0.620544 0.782581 0.049917 -0.477423 0.427534 -0.767647
45.038027 -178.299090 -6327.919878 -3035.178004 -0.628147 0.492981 0.601998 0.528050 0.838329 -0.135527 -0.571484 0.232754 -0.786912
46.722912 -177.549793 1586.975852 740.905487 -0.562280 0.460809 0.686656 0.589695 0.805561 -0.057723 -0.579743 0.372461 -0.724687
53.875550 -168.795132 644.116881 -10642.534045 -0.554145 0.475714 0.683096 0.415849 0.869083 -0.267890 -0.721106 0.135615 -0.679423
47.747187 -163.762546 -8793.744399 -22735.301748 -0.633468 0.495637 0.594191 0.323407 0.867221 -0.378597 -0.702941 -0.047663 -0.709649
29.647624 -176.025529 -12482.266547 -18879.241644 -0.686886 0.532632 0.494460 0.420623 0.846181 -0.327192 -0.592676 -0.016762 -0.805267
0.546781 -74.351688 -163.460624 -1356.131800 0.590825 -0.437262 -0.678032 -0.296170 0.664178 -0.686405 0.750472 0.606358 0.262909
-0.366631 -79.789528 -139.437818 887.006775 0.570688 -0.404670 -0.714533 -0.248210 0.744435 -0.619846 0.782756 0.531093 0.324397
0.545682 -80.745773 -121.941859 -977.565769 0.581609 -0.432878 -0.688729 -0.328766 0.649346 -0.685757 0.744073 0.625273 0.235350
14.454527 -20.721421 -2139.519336 -738.764889 -0.869940 -0.222052 -0.440338 -0.203601 0.974963 -0.089413 0.449167 0.011869 -0.893369
17.552834 -22.102669 -636.486614 -440.505372 -0.908119 -0.242890 -0.341064 -0.219568 0.969817 -0.106038 0.356526 -0.021409 -0.934040
13.744242 -18.218226 -1937.132145 -888.569037 -0.862872 -0.273606 -0.424962 -0.215218 0.959669 -0.180877 0.457312 -0.064614 -0.886956
8.242694 -17.012015 -1838.035380 -1094.996359 -0.853798 -0.236179 -0.463949 -0.183754 0.970530 -0.155901 0.487097 -0.047856 -0.872036
7.334561 -14.060982 -1811.147964 -968.796626 -0.839999 -0.307151 -0.447280 -0.216315 0.945576 -0.243092 0.497604 -0.107444 -0.860724
12.869533 -15.906467 -1843.657673 -743.395944 -0.846012 -0.348154 -0.403799 -0.250601 0.928149 -0.275205 0.470599 -0.131634 -0.872473
-4.827539 -44.638986 3356.520830 -2807.783073 -0.526978 0.845484 0.086313 0.672309 0.476846 -0.566232 0.519898 0.240363 0.819714
-0.900918 -34.289488 1684.586491 -719.429893 -0.295126 0.953956 -0.053552 0.848163 0.235767 -0.474377 0.439909 0.185422 0.878691
-11.760013 -44.287762 2688.967407 -3238.646738 -0.446193 0.894094 0.038834 0.712097 0.380982 -0.589720 0.542060 0.235475 0.806673
8.930940 -130.258295 -1424.143712 -7555.735389 0.364236 0.906256 0.214552 -0.628219 0.409159 -0.661762 0.687512 -0.106252 -0.718358
2.016702 -111.418444 -228.536638 -10994.796492 0.364278 0.899358 0.241779 -0.572591 0.421040 -0.703466 0.734466 -0.117817 -0.668340
7.832081 -112.407345 -1220.035192 -7503.258979 0.398776 0.876336 0.270209 -0.410636 0.434096 -0.801834 0.819973 -0.208795 -0.532962
23.414798 -146.407769 -3318.270319 -6651.443893 0.362371 0.887856 0.283547 -0.446055 0.432326 -0.783664 0.818366 -0.157500 -0.552695
22.524148 -127.694420 -3362.344385 -4299.173996 0.396890 0.844313 0.360019 -0.193210 0.460296 -0.866486 0.897300 -0.274341 -0.345817
7.959317 -96.362394 -1207.172963 -2828.616361 0.432266 0.830794 0.350610 -0.197046 0.466441 -0.862326 0.879954 -0.303668 -0.365331
-1520.432173 -2292.823921 784141.681575 634993.878663 0.821137 0.481932 0.305736 0.551551 -0.532370 -0.642163 0.146714 -0.695933 0.702959
-1696.109941 -3287.909232 925454.292317 2707003.082187 0.867847 0.366764 0.335150 0.413179 -0.158172 -0.896808 0.275905 -0.916769 0.288808
-1068.691686 -15505.792240 614078.109475 -11174480.772870 0.891682 0.152247 -0.426292 -0.107385 -0.843712 -0.525945 0.439741 -0.514753 0.735973
-0.992478 -169.068046 496.665184 15509.921703 0.296622 0.930016 0.216991 0.799798 -0.366084 0.475716 -0.521860 -0.032442 0.852414
1.784912 -142.615240 599.726689 11076.707042 0.313221 0.922184 0.226869 0.903108 -0.363129 0.229202 -0.293750 -0.133096 0.946571
2.543477 -154.100692 345.361971 15529.335950 0.319677 0.914412 0.248309 0.811708 -0.399476 0.426086 -0.488812 -0.065345 0.869938
-0.927646 -153.035506 520.756735 12074.198105 0.278688 0.937283 0.209363 0.908910 -0.327818 0.257717 -0.310187 -0.118470 0.943265
-0.008441 -157.035886 391.241822 6324.572244 0.309109 0.922345 0.231801 0.644996 -0.382434 0.661608 -0.698879 0.054998 0.713122
-2.320291 -163.829353 367.561081 2364.706678 0.291298 0.932589 0.213126 0.606781 -0.352360 0.712502 -0.739569 0.078230 0.668519
-1.960189 -176.091906 239.876846 13811.620402 0.272387 0.939576 0.207371 0.788228 -0.341498 0.511933 -0.551816 -0.024012 0.833620
0.392289 -61.101920 10015.262905 -7750.240961 -0.676913 0.520977 0.519972 0.730175 0.564450 0.385021 -0.092911 0.640296 -0.762488
-37.605245 -53.482358 -14142.883804 -367.105121 0.915225 -0.197170 -0.351408 0.359440 0.793651 0.490837 -0.182116 0.575537 -0.797240
9.639792 -42.991072 -8127.441550 -2587.349725 0.762205 -0.464830 -0.450529 0.634890 0.672608 0.380149 -0.126324 0.575788 -0.807781
-32.052567 -47.327726 177.297113 1936.937610 0.881312 0.431232 -0.193205 0.469587 -0.844859 0.256322 0.052697 0.316626 0.947085
-26.217846 -44.403679 -619.239489 1226.688654 0.975180 0.128005 -0.180661 0.176363 -0.942385 0.284266 0.133865 0.309072 0.941570
-24.316692 -41.312800 -422.296862 1581.306337 0.973736 -0.098098 -0.205465 -0.039767 -0.961827 0.270754 0.224182 0.255472 0.940466
27.158894 -30.535380 -554.042510 572.136250 0.997324 -0.049945 -0.053386 -0.066745 -0.324127 -0.943656 -0.029827 -0.944694 0.326594
20.776973 -22.341084 -1112.524405 -2649.532629 0.985393 -0.151796 -0.077189 -0.133756 -0.409347 -0.902521 -0.105402 -0.899663 0.423671
2.445978 -9.879035 770.140398 1680.069250 0.495707 -0.813906 -0.303037 0.868484 0.463334 0.176228 -0.003025 -0.350540 0.936543
12.078045 -11.451841 3578.981663 -740.960855 0.514167 -0.786916 -0.341167 0.857546 0.464366 0.221314 -0.015729 -0.406359 0.913578
9.178454 -9.421045 5269.772499 -2307.288473 0.683357 -0.626377 -0.375067 0.728628 0.617554 0.296190 0.046098 -0.475688 0.878405
3.689582 -7.289045 1453.988374 585.734785 0.624269 0.572023 -0.532050 -0.654603 0.754728 0.043367 0.426360 0.321208 0.845602
5.128989 -9.178754 1363.228779 -578.404738 0.454056 0.747943 -0.484164 0.780100 -0.596260 -0.189522 0.430439 0.291642 0.854205
-0.219557 -8.318489 -8.109333 953.175202 0.831739 0.218557 -0.510336 -0.344091 0.924336 -0.164936 0.435674 0.312786 0.844010
7.266554 -8.146095 524.176557 -424.329968 0.542237 0.689481 -0.480202 0.737232 -0.664581 -0.121743 0.403072 0.288007 0.868668
2.341453 -7.634460 648.092201 712.822612 0.784678 0.315210 -0.533781 -0.441143 0.888886 -0.123588 0.435515 0.332451 0.836543
6.557538 -6.468066 1114.611982 272.067447 0.639679 0.562021 -0.524350 -0.649014 0.760420 0.023288 0.411815 0.325414 0.851184
-9.297008 -25.468228 -312.275671 -900.550608 0.849482 -0.167369 0.500367 0.399561 0.823413 -0.402916 0.344573 -0.542197 -0.766350
-11.409129 -26.115123 55.340642 -951.435609 0.751021 -0.312621 0.581581 0.537751 0.800699 -0.264016 0.383135 -0.511027 -0.769454
-8.552711 -26.039673 -1173.695600 -1225.538885 -0.603462 0.445462 -0.661360 0.694936 0.700526 -0.162257 0.391020 -0.557519 -0.732309
43.207290 -38.018376 3786.439918 4298.881301 0.339824 0.892740 0.295864 -0.302473 0.401614 -0.864417 0.890522 -0.204259 -0.406507
48.474837 -27.822520 -11181.129267 56.415722 0.768088 -0.034969 0.639389 -0.010891 0.997650 0.067645 -0.640252 -0.058921 0.765902
4.733647 -31.876831 -8728.600030 215.472058 0.686247 -0.233570 0.688847 0.230497 0.968063 0.098617 -0.689881 0.091101 0.718168
5.497207 -43.966384 -645.896455 1163.452752 0.992611 0.043366 0.113326 0.087233 0.394162 -0.914892 0.084344 -0.918017 -0.387466
3.174308 -43.402847 -403.542343 -1206.179691 0.985934 0.032826 0.163880 0.164810 -0.027955 -0.985929 0.027783 -0.999070 0.032972
5.443702 -43.951519 -548.102163 312.077579 0.988969 0.048668 0.139900 0.127760 0.197659 -0.971910 0.074954 -0.979062 -0.189260
5.020526 -92.953518 -180.356472 -5482.398171 0.987988 0.070712 0.137406 0.037923 -0.972920 0.228010 -0.149808 0.220061 0.963914
3.659291 -79.550073 -172.040028 -4545.241958 0.980896 0.090400 0.172251 0.045470 -0.967481 0.248821 -0.189143 0.236236 0.953109
5.149580 -78.217964 -266.477991 -5958.758764 0.981876 0.134428 0.133599 0.062062 -0.894107 0.443533 -0.179075 0.427203 0.886245
2.393857 -69.835918 -212.417422 4368.592144 0.972961 0.095800 0.210164 -0.044946 0.971061 -0.234564 -0.226553 0.218776 0.949111
2.072202 -59.322405 -179.088276 -3035.964552 0.972231 0.144514 0.184072 0.050604 -0.897767 0.437554 -0.228486 0.416089 0.880150
3.601455 -65.082315 -258.156103 -3622.382508 0.974892 0.160156 0.154713 0.070287 -0.880579 0.468657 -0.211295 0.446016 0.869726
-5.043276 -25.170726 1990.014844 -564.281250 0.997793 0.038259 -0.054280 0.042304 -0.996253 0.075439 0.051190 0.077568 0.995672
1.578445 -38.741709 2687.202070 601.359174 0.857319 -0.394934 -0.330198 0.324246 0.912476 -0.249503 0.399835 0.106839 0.910339
3.298389 -45.725817 2393.648873 -1064.182736 0.881701 -0.304857 -0.360092 0.287386 0.952308 -0.102556 0.374183 -0.013062 0.927263
4.566100 -47.005234 1018.502838 -228.483752 0.899986 -0.250341 -0.356869 0.261861 0.964964 -0.016529 0.348504 -0.078574 0.934008
13.701940 -50.381229 911.436654 -203.716705 0.920556 0.159204 0.356694 -0.086030 -0.808112 0.582712 -0.381019 0.567106 0.730216
12.246792 -43.564982 691.963261 -832.588210 0.892257 0.135231 0.430802 -0.200744 -0.735812 0.646747 -0.404450 0.663546 0.629386
9.506040 -49.052042 385.731874 207.095722 0.922114 0.177305 0.343902 -0.153034 -0.649217 0.745049 -0.355368 0.739648 0.571519
13.921938 -50.379565 61.301388 -1073.310349 0.875133 0.179804 0.449236 -0.094287 -0.847239 0.522777 -0.474607 0.499857 0.724494
8.301655 -51.318599 505.926896 152.102906 0.939717 0.173744 0.294525 -0.109749 -0.662496 0.740982 -0.323863 0.728637 0.603490
10.054623 -49.960027 783.667377 162.000096 0.943532 0.166755 0.286253 -0.034916 -0.809206 0.586487 -0.329437 0.563364 0.757689
15.776604 -54.301373 1191.880699 -776.430714 0.928423 0.186087 0.321562 0.032680 -0.903070 0.428249 -0.370085 0.387087 0.844512
15.619195 -55.544644 43.628392 754.370185 0.884084 0.212633 0.416153 -0.017165 0.904667 -0.425774 -0.467013 0.369277 0.803451
-0.788847 -29.252082 -283.023796 445.311661 0.934867 0.310917 0.171331 -0.265516 0.292043 0.918810 -0.235638 0.904456 -0.355575
-1.165704 -31.795322 -292.545472 1000.141985 0.939445 0.306929 0.152440 -0.275329 0.411122 0.869007 -0.204052 0.858355 -0.470733
0.725007 -30.414112 -258.444165 426.815390 0.939951 0.303786 0.155581 -0.257047 0.330186 0.908242 -0.224541 0.893695 -0.388446
-2.849671 -30.631672 -310.998872 985.060889 0.935938 0.305692 0.174847 -0.286993 0.374344 0.881760 -0.204094 0.875453 -0.438095
0.936117 -29.275613 -208.867423 -113.173735 0.934748 0.305647 0.181180 -0.252818 0.213848 0.943585 -0.249659 0.927819 -0.277167
-0.397422 -28.260725 -243.935606 -169.030852 0.928639 0.314064 0.197470 -0.260867 0.174339 0.949502 -0.263778 0.933258 -0.243827
-2.382820 -28.023675 -330.418274 314.995531 0.928648 0.313665 0.198060 -0.282752 0.252883 0.925257 -0.240135 0.915240 -0.323529
1.745104 -79.312916 -567.358577 5381.700965 0.194212 -0.423335 0.884912 0.877505 0.478200 0.036181 -0.438482 0.769488 0.464351
4.517661 -113.747634 -238.012095 -1717.959004 0.077008 -0.376117 0.923367 0.840546 -0.473609 -0.263017 0.536239 0.796386 0.279672
-17.221168 -57.771036 -210.186217 1850.894099 0.113918 0.720233 -0.684315 -0.453631 -0.575095 -0.680797 0.883879 -0.387982 -0.261206
-17.257319 -51.368456 268.983984 2250.241997 0.100045 0.721635 -0.685006 -0.606099 -0.501783 -0.617136 0.789072 -0.476923 -0.387182
-15.468913 -49.204244 1280.265221 2594.475526 0.034988 0.737934 -0.673965 -0.628302 -0.508194 -0.589046 0.777182 -0.444063 -0.445865
1.007621 -166.172151 -938.289220 -13312.388235 -0.043886 0.320109 -0.946364 -0.397981 0.863266 0.310457 0.916343 0.390259 0.089512
200.157173 -2631.205329 -34701.662122 1373179.222254 -0.166602 -0.272116 0.947732 -0.428797 0.885515 0.178874 -0.887906 -0.376584 -0.264211
-18.254276 -882.540986 930.175160 190559.050835 -0.111179 -0.434106 0.893975 -0.733632 0.642663 0.220834 -0.670390 -0.631297 -0.389925
