14215
28414
-44.711574 -66.294102 2670.240307 8797.206052 0.127219 -0.981229 0.144933 0.991340 0.130583 0.013902 -0.032567 0.141909 0.989344
-51.237320 -71.667755 -866.179920 3305.292184 -0.050400 -0.977330 0.205637 0.981235 -0.010087 0.192551 -0.186112 0.211483 0.959499
-43.080262 -93.536457 -2603.595024 11960.786483 -0.394380 0.898337 -0.193535 0.899576 0.420422 0.118359 -0.187693 0.127421 0.973928
-39.017841 -60.756039 -215.584356 3131.034034 -0.540623 -0.823473 0.172104 0.838819 -0.512062 0.184865 -0.064103 0.244307 0.967577
-31.915608 -82.040654 5605.213520 15612.362426 0.282679 -0.956296 0.074765 0.959149 0.280889 -0.033685 0.011213 0.081233 0.996632
-28.781268 -52.518155 -4742.257482 8869.126018 0.079971 0.994272 -0.070902 0.991554 -0.086634 -0.096515 0.102104 0.062585 0.992803
-35.329651 -51.445579 -456.794562 4646.371175 -0.619569 -0.762967 0.184431 0.782734 -0.618142 0.072305 0.058838 0.189159 0.980182
-26.526722 -79.495163 -6935.952649 3000.648780 -0.161143 -0.149191 0.975590 0.212335 0.960118 0.181897 -0.963819 0.236463 -0.123038
-38.079285 -80.987702 -5647.081783 6360.701330 -0.116916 -0.226106 0.967061 0.303033 0.919182 0.251547 -0.945781 0.322461 -0.038950
-23.048217 -71.457653 -6106.556087 7049.601667 -0.202427 -0.241989 0.948928 0.364988 0.880531 0.302406 -0.908739 0.407562 -0.089920
-10.987021 -70.034056 -7699.229332 3535.559220 -0.226057 -0.167292 0.959641 0.292118 0.928161 0.230617 -0.929282 0.332461 -0.160948
-13.474933 -72.430667 -7860.799769 -1981.652056 -0.212501 -0.076694 0.974146 0.127002 0.986291 0.105354 -0.968872 0.146107 -0.199848
91.906318 -42.683750 -11074.119724 -2729.758866 -0.079970 0.862934 0.498949 0.246823 -0.467822 0.848659 -0.965755 -0.191019 0.175580
75.410476 -44.586209 -26335.284357 -1299.009868 -0.296191 0.781575 0.549009 0.242224 -0.494544 0.834718 -0.923904 -0.380220 0.042836
84.121581 -36.291753 -12809.157074 -1807.826348 -0.106291 0.852582 0.511670 0.186461 -0.488366 0.852485 -0.976696 -0.186018 0.107065
82.647286 -37.205198 12013.384554 -2597.881381 0.176786 0.878766 0.443302 0.187897 -0.472245 0.861208 -0.966148 0.068955 0.248604
5.537014 -80.517928 339.679553 108.256053 0.078377 0.978481 0.190870 -0.194226 0.202777 -0.959769 0.977821 -0.038152 -0.205940
4.251930 -79.323255 459.576763 2226.744488 0.070467 0.984563 0.160221 -0.381743 0.175011 -0.907548 0.921579 -0.002789 -0.388182
5.293761 -76.602326 -195.842949 828.254512 0.106646 0.977224 0.183465 -0.274772 0.206297 -0.939118 0.955577 -0.049742 -0.290514
5.465591 -75.359263 -711.078453 -1710.973263 0.120402 0.970098 0.210743 -0.088009 0.221882 -0.971094 0.988816 -0.098375 -0.112093
11.129120 -160.292159 -593.999289 -14805.035807 -0.064865 0.990569 0.120685 -0.839909 -0.119499 0.529408 -0.538837 0.067025 -0.839740
8.975441 -173.227730 -777.434328 -11887.379752 -0.107482 0.984737 0.136898 -0.662079 -0.173616 0.729047 -0.741687 0.012278 -0.670634
7.531744 -137.268734 -690.427744 -12114.246145 -0.090658 0.993780 0.064678 -0.824341 -0.111325 0.555039 -0.558787 0.002998 -0.829306
12.703096 -193.117166 -880.757362 -6543.508124 -0.075468 0.981662 0.175054 -0.656120 -0.181083 0.732609 -0.750874 0.059568 -0.657754
8.552859 -118.896112 -879.770417 -10757.475546 -0.033883 0.999017 0.028599 -0.932345 -0.041902 0.359134 -0.359979 0.014496 -0.932848
11.982918 -136.123083 -657.792435 -14260.372009 -0.007493 0.996738 0.080354 -0.949177 -0.032374 0.313075 -0.314655 0.073924 -0.946323
14.277674 -158.844023 -616.176622 -16470.630715 -0.014991 0.991379 0.130168 -0.926713 -0.062661 0.370508 -0.375470 0.115074 -0.919663
15.041915 -185.543213 -1131.825604 -10453.330854 -0.049684 0.987304 0.150872 -0.828967 -0.125021 0.545146 -0.557087 0.097983 -0.824654
-16.578667 -28.644410 2397.786010 271.076363 0.170390 0.979366 0.108669 0.205422 -0.143163 0.968146 -0.963727 0.142639 0.225577
-11.168773 -30.221681 2942.782136 -49.669408 0.209021 0.957991 0.196378 0.117445 -0.223952 0.967498 -0.970833 0.179163 0.159321
-18.527145 -29.371500 2502.651535 205.004688 0.176628 0.964739 0.195145 0.122119 -0.218209 0.968231 -0.976673 0.147185 0.156354
8.681462 -21.961495 8711.629939 -5173.777108 0.475200 0.745600 -0.467189 0.464698 0.238207 0.852826 -0.747155 0.622365 0.233283
13.586492 -27.328458 9045.575890 -764.868183 0.422214 0.716348 -0.555501 0.578961 0.258437 0.773314 -0.697524 0.648117 0.305622
44.900943 -27.349873 24192.073183 -4418.434568 0.555189 0.747042 -0.365641 0.401275 0.144483 0.904490 -0.728521 0.648886 0.219554
14.437688 -21.345699 10969.657637 -5471.302304 0.562786 0.752540 -0.341988 0.332869 0.172373 0.927085 -0.756617 0.635588 0.153487
-2.850378 -105.443151 -410.016284 9029.242384 0.754481 0.384156 -0.532148 -0.638862 0.615637 -0.461353 -0.150379 -0.688052 -0.709909
-3.032791 -98.780622 106.716703 6723.008623 0.752823 0.396674 -0.525268 -0.617355 0.702325 -0.354419 -0.228320 -0.591091 -0.773615
-5.379989 -113.687491 26.641895 17699.356694 0.757513 0.406205 -0.511050 -0.631962 0.652594 -0.418025 -0.163704 -0.639623 -0.751055
-5.282944 -120.798007 -112.955118 14158.298266 0.747774 0.407685 -0.524048 -0.660381 0.538445 -0.523426 -0.068778 -0.737475 -0.671863
-8.998480 -137.282998 -1212.063063 14236.318023 0.737776 0.422386 -0.526571 -0.673801 0.508130 -0.536466 -0.040971 -0.750596 -0.659490
-2.284331 -101.634467 -1009.157917 -3748.943177 0.137239 0.989849 0.036948 -0.181991 0.061864 -0.981352 0.973676 -0.127955 -0.188634
-6.185759 -97.489919 -1250.660306 -3167.070562 0.130899 0.990486 0.042455 -0.186545 0.066666 -0.980182 0.973687 -0.120385 -0.193497
-2.400668 -95.848841 -1027.315597 -2985.587443 0.139720 0.988031 0.065365 -0.016298 0.068299 -0.997532 0.990057 -0.138310 -0.025645
-6.114273 -103.181084 -1278.113054 -4025.312866 0.126579 0.991834 0.015595 -0.356026 0.060099 -0.932541 0.925863 -0.112488 -0.360726
0.907891 -101.907751 -570.117531 -2909.448765 0.130541 0.989403 0.063562 -0.023508 0.067181 -0.997464 0.991164 -0.128716 -0.032029
-2.283872 -108.069328 -969.771619 -5108.234766 0.130248 0.991408 0.012052 -0.347362 0.057013 -0.935996 0.928641 -0.117725 -0.351804
0.883580 -107.736988 -584.275379 -3266.558436 0.130230 0.990886 0.034435 -0.187754 0.058749 -0.980458 0.973544 -0.121220 -0.193693
1.748807 -118.269025 1391.207597 -4833.671985 0.761163 0.406597 -0.505281 -0.646865 0.419650 -0.636757 0.046863 -0.811525 -0.582436
1.340445 -115.893417 715.193123 -902.330005 0.768567 0.393907 -0.504124 -0.624678 0.291910 -0.724269 0.138136 -0.871565 -0.470417
0.077688 -123.913310 2147.890397 -7061.092894 0.763305 0.416878 -0.493536 -0.640157 0.385222 -0.664683 0.086970 -0.823296 -0.560909
-0.499764 -127.823569 2832.483187 -5526.501565 0.742361 0.435968 -0.508755 -0.669192 0.519752 -0.531074 -0.032895 -0.734704 -0.677590
-9.078077 -171.709184 -548.345963 8775.048408 -0.693931 -0.365598 0.620320 -0.536164 0.837400 -0.106250 -0.480611 -0.406324 -0.777119
-15.481830 -179.121880 1778.693260 3746.321393 0.703016 0.353747 -0.616954 -0.630873 0.710652 -0.311405 -0.328281 -0.608142 -0.722769
-7.283105 -172.389466 739.937223 10311.560135 -0.720427 -0.312213 0.619280 -0.512628 0.841148 -0.172286 -0.467116 -0.441580 -0.766035
4.372515 -53.825667 -8212.558871 2967.977291 0.360298 0.234304 0.902933 0.560712 0.719171 -0.410360 -0.745512 0.654137 0.127739
36.680615 -61.596243 -4390.394364 4853.391455 0.396167 0.219709 0.891504 0.408364 0.827471 -0.385397 -0.822369 0.516740 0.238096
14.924887 -49.493712 -2542.629648 2125.105841 0.300967 0.087294 0.949631 0.541608 0.803967 -0.245556 -0.784907 0.588232 0.194688
-7.305594 -52.172575 581.529276 609.082463 0.170899 -0.083457 0.981748 0.645201 0.762535 -0.047492 -0.744654 0.641541 0.184162
-21.241801 -109.508313 25028.186281 -54992.257266 0.864536 0.271234 -0.423095 -0.465960 0.748027 -0.472586 -0.188305 -0.605713 -0.773080
-43.301262 -66.365162 8366.597567 21826.231283 0.960210 -0.065107 -0.271585 -0.082657 0.862629 -0.499037 -0.266768 -0.501629 -0.822923
-23.166025 -111.929946 -2591.670901 32439.120884 0.942213 -0.319412 -0.101052 0.188100 0.753983 -0.629388 -0.277225 -0.574009 -0.770493
-15.477426 -76.355284 10934.599853 12690.257023 0.960538 -0.228887 -0.158043 0.065449 0.738230 -0.671367 -0.270340 -0.634529 -0.724078
7.913551 -267.892705 17239.824762 -86126.983417 0.886315 0.178209 -0.427420 -0.407142 0.739642 -0.535877 -0.220640 -0.648977 -0.728112
2.963204 -43.081766 5435.909447 3713.721472 0.017273 0.872669 0.488006 0.847985 0.245807 -0.469576 0.529739 -0.421933 0.735764
-3.179000 -38.627748 9531.557954 2566.039350 -0.049305 0.861356 0.505604 0.792538 0.341809 -0.505024 0.607825 -0.375811 0.699510
12.963545 -44.507107 9535.822573 4241.001337 -0.080393 0.844745 0.529096 0.810386 0.364454 -0.458746 0.580354 -0.391892 0.713869
-37.243998 -66.231378 6970.835224 3413.902562 0.760784 0.503424 0.409600 -0.123619 0.731970 -0.670029 -0.637124 0.459113 0.619103
-46.721511 -66.948588 6519.222068 5004.363989 0.719967 0.460436 0.519275 -0.011949 0.756338 -0.654071 -0.693906 0.464705 0.550040
-50.995285 -74.675622 4971.622064 2681.816458 0.718254 0.311634 0.622089 -0.004133 0.895983 -0.444068 -0.695768 0.316383 0.644832
-41.765784 -72.266054 4550.017525 1685.310691 0.772632 0.373324 0.513487 -0.127503 0.883596 -0.450556 -0.621919 0.282643 0.730295
-3.225172 -79.015498 184.805059 381.094807 -0.176370 0.975187 0.133804 0.039331 -0.128844 0.990885 -0.983538 -0.180025 0.015631
-2.070892 -77.393700 -171.579415 2915.074164 -0.194177 0.971134 0.138544 0.258853 -0.085501 0.962125 -0.946198 -0.222685 0.234779
-2.545836 -74.945528 171.623836 3321.399817 -0.177143 0.972695 0.149948 0.300801 -0.091558 0.949282 -0.937091 -0.213263 0.276369
-21.319305 -38.047346 -3309.509861 4843.787575 -0.191081 0.973637 0.124578 -0.001180 -0.127144 0.991884 -0.981574 -0.189383 -0.025443
-21.139827 -29.098256 -3273.687857 2193.121425 -0.183345 0.946750 0.264668 0.083747 -0.253210 0.963780 -0.979475 -0.198869 0.032863
-27.642519 -34.298169 -2597.399626 2977.605734 -0.136302 0.973812 0.181969 0.008044 -0.182589 0.983156 -0.990635 -0.135470 -0.017054
-292.486380 -905.276760 142853.631427 120741.794990 0.839240 0.066823 0.539640 -0.541744 0.017330 0.840365 -0.046804 0.997614 -0.050745
-137.031729 -748.802389 68909.533360 366169.311178 0.878445 0.059157 0.474167 -0.472573 -0.039420 0.880409 -0.070774 0.997470 0.006672
-353.777156 -1483.967495 160929.758984 431730.931432 0.884095 0.032594 0.466169 -0.354935 0.695720 0.624496 0.303968 0.717573 -0.626651
1025.796967 -19012.846657 -1151370.756009 -41625228.993815 0.973372 0.044908 0.224791 -0.214240 0.527038 0.822394 0.081541 0.848654 -0.522625
-484.075079 -2366.612476 162393.107873 1162966.365531 0.989672 -0.025925 0.140985 -0.035103 0.909736 0.413700 0.138984 0.414377 -0.899430
-198.376530 -4802.757822 36731.958463 -2885827.947800 -0.797328 -0.207889 -0.566613 -0.325520 0.938678 0.113667 0.508237 0.275074 -0.816106
-165.278175 -2393.335754 -23772.579204 251481.148509 -0.867270 0.092694 -0.489132 0.207137 0.960617 -0.185227 0.452699 -0.261959 -0.852315
-3.822762 -27856.509243 1377434.180144 -14239116.556574 0.219990 0.975269 0.021334 -0.905800 0.212341 -0.366656 0.362119 -0.061336 -0.930112
15.734218 -44.572769 6766.477685 2133.375051 -0.020546 0.282826 -0.958951 0.607496 0.765315 0.212700 0.794057 -0.578189 -0.187540
16.185955 -41.666045 873.885939 1442.332899 0.095520 0.130767 -0.986801 0.548051 0.820647 0.161799 0.830973 -0.556272 0.006722
12.531772 -40.817938 6509.178002 254.659680 -0.027378 0.259565 -0.965338 0.538036 0.817711 0.204611 0.842477 -0.513785 -0.162042
48.390699 26.121453 -2519.449360 -2636.430144 0.219866 0.055515 -0.973949 0.078519 0.994133 0.074391 0.972365 -0.092829 0.214217
42.907961 26.168911 12197.871137 -889.122639 -0.022811 -0.220683 -0.975079 0.062777 0.973092 -0.221702 0.997767 -0.066270 -0.008343
38.926931 32.900253 -2916.174426 -3891.455121 0.230110 0.094928 -0.968524 -0.002966 0.995295 0.096848 0.973160 -0.019413 0.229309
39.570104 25.693051 -15544.971917 259.807911 0.430468 0.403413 -0.807438 -0.081398 0.908268 0.410394 0.898928 -0.110938 0.423817
40.464390 28.089624 -2393.700168 -3669.445850 -0.078418 0.995991 -0.043045 0.250660 -0.022092 -0.967823 0.964894 0.086685 0.247923
38.513213 24.314221 -5282.972457 -13789.604261 0.202460 0.906653 -0.370121 0.365448 -0.420595 -0.830390 0.908547 -0.032861 0.416488
34.618542 -37.930819 -7886.987955 912.613841 -0.011983 0.934720 -0.355183 0.998679 -0.006562 -0.050960 -0.049964 -0.355325 -0.933407
49.252285 -47.471096 -3422.554927 4180.140498 -0.073230 0.966369 -0.246511 0.995779 0.057137 -0.071826 -0.055326 -0.250731 -0.966475
26.493353 -46.299104 -5282.737355 1333.323255 -0.073481 0.941841 -0.327927 0.979698 0.006670 -0.200370 -0.186530 -0.335993 -0.923209
8.302290 -47.157580 -9218.708186 5093.015546 -0.015384 0.894713 -0.446377 0.991504 -0.044020 -0.122405 -0.129167 -0.444467 -0.886434
6.281880 -70.423829 -12158.983467 13146.203697 -0.024709 0.872548 -0.487903 0.990626 -0.044220 -0.129250 -0.134352 -0.486523 -0.863276
-1.031007 -76.453499 -12285.122051 13146.778546 0.114176 0.809315 -0.576171 0.981856 -0.180312 -0.058706 -0.151402 -0.559014 -0.815218
-48.602012 -89.979918 3722.303124 7037.534881 0.055793 0.010272 0.998390 0.238885 0.970767 -0.023337 -0.969444 0.239802 0.051708
-50.982126 -90.730467 3313.069346 1528.188545 0.003123 -0.046452 0.998916 0.105105 0.993403 0.045867 -0.994456 0.104848 0.007984
-41.612011 -86.685986 7567.229856 2259.773188 0.132715 -0.079835 0.987934 0.160148 0.985381 0.058115 -0.978131 0.150503 0.143560
-52.601213 -90.192151 2063.191850 7929.009661 -0.016924 0.040481 0.999037 0.292482 0.955675 -0.033769 -0.956121 0.291629 -0.028014
-40.474359 -80.918280 5119.839864 6801.499857 0.134666 0.028692 0.990476 0.341565 0.936973 -0.073581 -0.930160 0.348221 0.116379
8.117292 -52.488869 151.717817 2038.658225 0.374421 0.850988 0.368277 0.907786 -0.417374 0.041509 0.189033 0.318776 -0.928789
2.067695 -52.933303 3387.419424 1937.880000 0.382114 0.810078 0.444705 0.885721 -0.458312 0.073807 0.263603 0.365682 -0.892631
8.846169 -54.392438 3427.749602 1469.183328 0.395504 0.817948 0.417777 0.914646 -0.392190 -0.098032 0.083663 0.420890 -0.903245
13.390755 -52.160946 126.481758 554.951840 0.334008 0.868235 0.366888 0.942422 -0.300717 -0.146321 -0.016711 0.394636 -0.918686
11.764045 -54.821785 2549.842079 -1073.043708 0.403300 0.826449 0.392850 0.907678 -0.306850 -0.286295 -0.116062 0.472044 -0.873902
1.502759 -53.831215 4623.275174 -968.276694 0.467476 0.781265 0.413632 0.881548 -0.377132 -0.283980 -0.065870 0.497390 -0.865022
105.892368 -35.372473 -17576.604126 -1141.960644 -0.178231 0.960999 -0.211457 -0.320544 0.146472 0.935841 -0.930315 -0.234578 -0.281937
81.669830 -31.555146 -11401.618813 -3714.033274 -0.143457 0.962047 -0.232133 -0.283844 0.184707 0.940912 -0.948078 -0.200870 -0.246573
78.733039 -38.707376 -31950.002439 -969.506526 -0.358324 0.873391 -0.329836 -0.288360 0.232483 0.928870 -0.887949 -0.427948 -0.168547
106.811208 -40.985100 -46951.822939 204.429621 -0.390220 0.863100 -0.320603 -0.357523 0.178842 0.916620 -0.848473 -0.472306 -0.238791
36.484718 -46.673184 -35320.026440 -1248.812034 -0.448519 0.784186 -0.428816 -0.367984 0.275207 0.888171 -0.814505 -0.556159 -0.165132
19.148617 -48.707554 -22936.249539 -1646.994414 -0.378125 0.775283 -0.505922 -0.295388 0.416890 0.859621 -0.877364 -0.474488 -0.071373
-0.876077 -130.430349 -562.189702 -5535.947290 0.934869 0.105463 0.338964 0.166792 0.712400 -0.681665 0.313368 -0.693804 -0.648411
2.562346 -131.030998 -1425.499248 -15243.493988 0.911153 0.039807 0.410140 0.329579 0.527032 -0.783335 0.247340 -0.848912 -0.467088
1.783725 -160.768060 -342.551274 -12763.318411 0.931374 0.129263 0.340344 0.172603 0.666324 -0.725411 0.320548 -0.734373 -0.598286
9.385908 -155.063426 156.770932 8072.094076 -0.324461 0.636555 -0.699659 -0.593581 0.438884 0.674568 -0.736469 -0.634175 -0.235447
8.519349 -132.639865 -285.904461 10479.094353 -0.369035 0.601993 -0.708108 -0.582804 0.443597 0.680853 -0.723983 -0.663947 -0.187141
8.373414 -163.607051 35.394770 -8919.095243 -0.308672 0.605943 -0.733181 0.766196 -0.298353 -0.569147 -0.563618 -0.737441 -0.372178
8.039035 -181.664449 443.968299 -488.863582 -0.273818 0.637656 -0.720013 0.793678 -0.273026 -0.543629 -0.543231 -0.720314 -0.431333
-25.345136 -36.938273 -744.700602 6093.981331 -0.630443 -0.313138 0.710272 -0.081376 0.936641 0.340708 -0.771958 0.156998 -0.615981
-23.775885 -29.002746 3154.096267 1061.215796 0.463768 0.840243 -0.280911 -0.435483 0.492320 0.753641 -0.771540 0.227182 -0.594234
-22.560624 -32.154851 -1787.865143 5132.310950 -0.688381 -0.156917 0.708173 0.011897 0.973746 0.227327 -0.725252 0.164912 -0.668441
-20.966720 -37.905551 -2577.542549 2014.104560 -0.688967 0.010251 0.724720 0.060151 0.997259 0.043077 -0.722292 0.073272 -0.687695
-24.341359 -43.117397 -1507.797204 3411.635177 -0.641186 -0.143266 0.753893 -0.044087 0.987673 0.150197 -0.766118 0.063067 -0.639598
-7.221933 -96.647152 -828.036115 -8081.934984 0.834532 0.213866 0.507758 -0.364861 0.905070 0.218460 -0.412836 -0.367573 0.833341
-7.207331 -97.418629 783.951173 -5293.211942 0.841367 0.201880 0.501345 -0.353738 0.907027 0.228411 -0.408622 -0.369522 0.834555
-8.357796 -86.603883 -1052.390769 4000.123319 0.847978 0.188758 0.495281 0.394759 -0.848470 -0.352510 -0.353692 -0.494437 0.793999
-9.367884 -82.519299 -1330.469586 9532.675596 0.833662 0.229321 0.502414 0.429771 -0.840714 -0.329390 -0.346851 -0.490523 0.799426
-6.048783 -96.912897 -469.290583 -11778.328282 0.821214 0.254710 0.510617 -0.399100 0.895945 0.194941 -0.407831 -0.363875 0.837418
-4.662626 -98.328883 -495.392059 -6766.693688 -0.198756 0.731720 -0.651983 0.525485 -0.481977 -0.701116 0.827261 0.481958 0.288712
-7.058706 -94.826629 -534.878473 -5869.140388 -0.220950 0.720587 -0.657218 0.527639 -0.478419 -0.701935 0.820230 0.501867 0.274503
-4.630502 -90.131833 -456.368675 -2409.987113 -0.214478 0.741631 -0.635596 0.638250 -0.386169 -0.665966 0.739349 0.548504 0.390521
41.617953 -48.881255 -10787.275129 -32.949867 0.148578 -0.204871 -0.967446 0.892350 0.449398 0.041878 0.426188 -0.869522 0.249588
11.254835 -46.910809 -7545.694298 354.159575 0.066296 -0.231520 -0.970569 0.833916 0.546973 -0.073513 0.547895 -0.804499 0.229330
31.257936 -50.103613 -8995.114852 -72.392716 0.173316 -0.152711 -0.972955 0.822990 0.565097 0.057907 0.540970 -0.810768 0.223620
250.522560 -141.947861 54852.753510 17852.147025 0.957668 -0.040861 0.284961 -0.219597 -0.743754 0.631353 -0.186143 0.667203 0.721242
272.736456 -119.012233 -102154.106753 -22443.682596 0.832509 0.161744 0.529875 0.144655 0.859793 -0.489726 -0.534793 0.484350 0.692388
310.557144 -135.966572 -196093.249351 -27533.115592 0.685228 0.334437 0.647004 0.148702 0.805388 -0.573793 -0.712987 0.489390 0.502143
149.616880 -120.199557 -108356.581406 -11129.231650 0.523726 0.270151 0.807917 0.243729 0.861223 -0.445971 -0.816276 0.430480 0.385202
209.392381 -132.157431 -199361.450483 -19456.767174 0.570920 0.361963 0.736908 0.259018 0.772318 -0.580030 -0.779076 0.522023 0.347177
156.492124 -154.733565 -109051.523936 29724.979996 0.743677 0.259033 0.616316 -0.289983 -0.705662 0.646492 -0.602374 0.659502 0.449669
166.938301 -157.669734 -23530.726958 29362.798659 0.874867 0.121385 0.468906 -0.254842 -0.707907 0.658729 -0.411901 0.695797 0.588391
-51.089866 -138.649442 191.820775 -17762.126220 0.991148 0.057680 -0.119579 -0.128811 0.635933 -0.760918 -0.032155 -0.769585 -0.637734
-56.045322 -137.744273 -4523.311795 -16721.891256 0.987574 -0.004887 -0.157081 -0.100948 0.746325 -0.657882 -0.120449 -0.665564 -0.736557
-54.754795 -143.845232 -1949.375068 -8675.622370 0.995858 0.022144 -0.088189 -0.066975 0.834628 -0.546727 -0.061498 -0.550368 -0.832654
-51.721299 -143.978885 4129.120110 -15251.632069 0.996676 0.079355 0.018415 -0.048450 0.759141 -0.649120 0.065490 -0.646071 -0.760463
-263.852717 -590.932193 35532.587236 -285404.839009 0.992752 0.117633 0.024637 0.031489 -0.056752 -0.997892 0.115986 -0.991434 0.060044
24.657250 -81.981944 -40528.572667 -3779.592800 0.832040 -0.139799 0.536811 0.541540 -0.004961 -0.840661 -0.120187 -0.990167 -0.071579
-31.490544 -318.506965 -8838.951341 -100231.063888 0.983121 -0.157754 -0.092671 -0.090272 0.022320 -0.995667 -0.159138 -0.987226 -0.007702
-46.047263 -387.185496 14900.070695 -134461.040169 0.977701 0.094293 -0.187641 -0.188785 0.003284 -0.982013 0.091980 -0.995539 -0.021012
60.245979 -24.689967 9761.147301 3152.808700 -0.059405 0.992545 0.106425 -0.809792 -0.110257 0.576264 -0.583702 0.051949 -0.810305
51.446287 -22.125348 15541.441232 2106.360333 0.068379 0.980671 0.183327 -0.803698 -0.054725 0.592516 -0.591096 0.187855 -0.784421
68.828928 -24.996797 14457.622128 570.767253 -0.018162 0.993497 0.112405 -0.788093 -0.083409 0.609880 -0.615289 0.077509 -0.784482
-13.012267 -27.112001 -1115.930316 39.814008 0.113170 0.973209 0.200143 -0.623493 0.226400 -0.748331 0.773595 0.040099 -0.632411
-12.702298 -29.039211 -1146.619013 -1501.143389 0.160560 0.952459 0.258926 -0.656488 0.298943 -0.692572 0.737051 0.058783 -0.673276
-15.388362 -29.585071 -1101.753038 170.905538 0.036118 0.985027 0.168575 -0.635666 0.152806 -0.756690 0.771119 0.079827 -0.631667
-11.205787 -25.862008 -625.407745 -181.976326 0.185221 0.951235 0.246668 -0.613698 0.308013 -0.726982 0.767508 0.016728 -0.640821
-14.577859 -28.397514 -911.073793 1610.971836 0.026943 0.994745 0.098771 -0.589607 0.095604 -0.802012 0.807241 0.036627 -0.589084
-12.442700 -26.046530 -558.662676 1195.442420 0.121239 0.977770 0.171077 -0.583995 0.209626 -0.784224 0.802652 0.004829 -0.596428
-9.766176 -120.947727 1573.705338 702.511352 0.449669 -0.704917 0.548534 0.843222 0.537565 -0.000422 -0.294575 0.462725 0.836128
-13.016544 -110.849497 630.853244 843.232457 0.442955 -0.658576 0.608333 0.833846 0.551913 -0.009665 -0.329382 0.511537 0.793623
-9.896022 -122.136481 -1421.922779 -1148.931451 -0.475019 0.678037 -0.560913 0.742250 0.651113 0.158484 -0.472676 0.341055 0.812563
10.844072 -133.327200 -1328.373952 10977.314602 -0.206150 0.663876 -0.718867 0.509386 0.700065 0.500435 0.835481 -0.263016 -0.482488
6.545590 -128.414486 -886.610641 14822.336404 -0.181016 0.666081 -0.723581 0.476317 0.703065 0.528036 0.860439 -0.249071 -0.444532
12.097551 -120.634903 -1296.079948 10009.575360 -0.199589 0.680179 -0.705351 0.347406 0.722194 0.598117 0.916228 -0.125665 -0.380440
18.789284 -125.043473 -1608.237730 13536.519524 -0.261254 0.642956 -0.719968 0.333650 0.760048 0.557678 0.905773 -0.094521 -0.413088
25.363446 -114.393636 -3480.198469 17959.918416 -0.241481 0.635134 -0.733683 0.174899 0.772163 0.610880 0.954514 0.019196 -0.297547
14.456271 -121.053756 -2384.408787 -8386.634206 -0.169712 0.691050 -0.702600 0.251093 0.719734 0.647251 0.952969 -0.066572 -0.295666
-145.036786 -175.572587 -2616.211793 58610.437971 -0.477195 0.761978 -0.437807 -0.612753 -0.645609 -0.455765 0.629935 -0.050779 -0.774986
-37.684856 -115.975973 24286.260111 -23276.713712 -0.746576 -0.097900 -0.658058 -0.035662 0.993581 -0.107357 0.664344 -0.056683 -0.745274
-61.222372 -409.077646 57075.223530 -102102.973421 -0.761656 -0.175624 -0.623728 -0.215833 0.976364 -0.011356 0.610980 0.125972 -0.781559
-458.651382 -3702.738116 97409.433396 -1478815.771174 -0.729768 0.334464 -0.596299 0.138976 0.926531 0.349609 0.669421 0.172262 -0.722635
-48.143806 -89.097363 -11226.750592 3192.748067 -0.496521 0.639853 -0.586562 0.791936 0.057255 -0.607913 -0.355392 -0.766361 -0.535151
-24.622844 -92.809265 -6492.770358 162.832196 -0.546205 0.602717 -0.581715 0.731085 0.004037 -0.682274 -0.408870 -0.797945 -0.442842
-43.480001 -99.007563 -12724.449357 3452.598531 -0.517058 0.589071 -0.621004 0.682468 -0.154167 -0.714472 -0.516613 -0.793239 -0.322309
-71.848773 -100.729131 -16790.013115 7141.535678 -0.437123 0.630613 -0.641288 0.672195 -0.244663 -0.698780 -0.597559 -0.736524 -0.316948
-67.562983 -91.762471 -15786.444983 3948.136724 -0.444477 0.654766 -0.611328 0.765023 -0.077579 -0.639314 -0.466027 -0.751840 -0.466429
-54.505065 -76.429329 1051.271541 1799.674442 0.115329 0.959458 -0.257178 0.939674 -0.021441 0.341399 -0.322044 0.281036 0.904050
-57.998842 -86.932640 -218.633267 7686.138803 -0.358457 0.880077 -0.311404 0.870205 0.435775 0.229877 -0.338011 0.188584 0.922055
-43.834197 -67.728959 151.029692 1281.791934 -0.482462 -0.855078 0.189926 0.854373 -0.411605 0.317218 -0.193071 0.315313 0.929140
-11.494634 -46.763032 3734.793411 10106.611152 0.358257 0.930400 -0.077505 0.861007 -0.361351 -0.357901 0.360998 -0.061489 0.930537
-20.983522 -69.395930 1823.122273 12609.007649 0.270943 0.962567 0.007423 0.917784 -0.255997 -0.303542 0.290279 -0.089056 0.952789
-19.820644 -41.475932 3216.785091 7452.952790 0.514507 0.851783 -0.098728 0.760527 -0.506478 -0.406299 0.396083 -0.133959 0.908391
-3.960034 -27.110879 6490.908054 9032.271890 0.608752 0.764608 -0.211649 0.663726 -0.636969 -0.392095 0.434612 -0.098212 0.895247
2.144706 -28.814172 5374.237009 6470.807104 0.529279 0.825872 -0.194421 0.752345 -0.562772 -0.342439 0.392225 -0.034974 0.919204
-46.382392 -77.995806 -5987.305209 7991.093505 -0.074142 -0.270511 0.959858 0.392063 0.877095 0.277471 -0.916946 0.396897 0.041028
-51.544332 -88.155114 -5601.397132 3713.571011 -0.009194 -0.203390 0.979055 0.222495 0.954136 0.200303 -0.974891 0.219676 0.036481
-33.394416 -68.734180 -5546.148673 7737.595520 -0.182889 -0.324228 0.928132 0.431393 0.821850 0.372106 -0.883432 0.468444 -0.010437
-54.808641 -84.160625 -5294.922363 5711.564180 0.044444 -0.227095 0.972858 0.320696 0.925524 0.201395 -0.946139 0.303040 0.113963
-53.407518 -76.752693 -4889.233982 9775.624557 0.027726 -0.265545 0.963700 0.446041 0.866059 0.225808 -0.894583 0.423589 0.142457
-44.760869 -64.370030 -5787.140050 7688.600776 -0.135233 -0.409153 0.902389 0.519195 0.746439 0.416251 -0.843889 0.524807 0.111487
75.044469 -49.050060 -24370.722095 -1181.759509 -0.279917 0.786756 0.550147 0.323310 -0.462326 0.825667 -0.903945 -0.408986 0.124953
27.281642 -52.038021 -30251.839501 -1233.238138 -0.404967 0.677233 0.614294 0.269696 -0.553483 0.787985 -0.873651 -0.484780 -0.041495
7.489999 -50.177486 -21669.195949 -6.846982 -0.338723 0.612857 0.713914 -0.207920 0.691253 -0.692054 -0.917625 -0.382851 -0.106718
3.366099 -84.529850 981.497190 3309.865461 0.046783 0.986204 0.158786 -0.315978 0.165408 -0.934237 0.947612 0.006467 -0.319357
1.158205 -82.523332 692.103750 2487.273874 0.039521 0.992365 0.116831 -0.487503 0.121212 -0.864667 0.872226 0.022783 -0.488571
2.730745 -76.570344 439.496727 981.997189 0.050546 0.991631 0.118798 -0.537117 0.127274 -0.833851 0.841992 0.021660 -0.539055
10.766612 -192.753460 -970.820287 -2830.803686 -0.100618 0.977392 0.185961 -0.410989 -0.211049 0.886875 -0.906071 -0.012807 -0.422933
47.381738 -30.372849 -23260.415224 1208.837760 -0.485557 -0.721224 0.494034 0.576651 0.160504 0.801070 -0.657045 0.673851 0.337960
-2.767856 -98.367960 -855.318363 1273.267475 0.753971 0.384267 -0.532792 -0.624894 0.669660 -0.401326 -0.202573 -0.635527 -0.745030
-3.477321 -96.559699 -335.889196 -2444.177856 0.735190 0.413960 -0.536780 -0.617000 0.736601 -0.277001 -0.280726 -0.534842 -0.796955
-3.735430 -89.109665 323.905689 1273.083995 0.744823 0.416716 -0.521140 -0.597395 0.764373 -0.242597 -0.297251 -0.492018 -0.818267
-14.890362 -80.800371 -192.191012 -54.799743 -0.039747 0.997347 0.060982 0.585065 0.072704 -0.807721 0.810011 -0.003574 0.586403
-13.255093 -86.479945 -588.832561 1824.976619 -0.001384 0.994153 0.107974 0.724582 0.075411 -0.685051 0.689188 -0.077288 0.720449
-13.379864 -81.198416 -533.587326 8.067064 0.015456 0.995681 0.091550 0.594700 0.064451 -0.801360 0.803799 -0.066831 0.591135
-9.010909 -99.731113 -628.486966 -4603.786689 0.075309 0.996707 0.030063 -0.356252 0.055052 -0.932767 0.931350 -0.059536 -0.359225
2.461269 -115.276975 -21.196927 -251.753524 0.759976 0.388265 -0.521235 -0.642202 0.325110 -0.694176 0.100065 -0.862296 -0.496420
1.166574 -116.508136 280.271697 4371.643410 0.754655 0.392876 -0.525493 -0.625704 0.189897 -0.756593 0.197458 -0.899771 -0.389131
0.616125 -115.998683 -158.586676 6620.478933 0.763804 0.383745 -0.518983 -0.606626 0.152143 -0.780293 0.220474 -0.910819 -0.348997
-12.490970 -176.271029 453.148763 2251.791614 0.686293 0.389345 -0.614339 -0.645204 0.715787 -0.267134 -0.335729 -0.579706 -0.742446
-17.269215 -169.606616 1332.401685 -5176.758943 0.701605 0.373237 -0.606997 -0.694173 0.550307 -0.463989 -0.160857 -0.746898 -0.645189
-18.606696 -171.245218 1823.043697 -5394.479154 0.721965 0.332879 -0.606595 -0.675073 0.531196 -0.511964 -0.151798 -0.779116 -0.608223
-5.801358 -11.376009 154.279163 -947.080960 0.056062 0.484059 -0.873238 -0.331969 0.833890 0.440935 0.941623 0.265168 0.207442
-5.310338 -11.067077 303.537435 1073.280658 -0.051826 0.688886 -0.723014 0.303065 -0.678995 -0.668668 0.951560 0.253775 0.173588
-4.136853 -12.910098 837.343526 -1207.668616 -0.053120 0.674416 -0.736438 -0.326530 0.685207 0.651053 0.943693 0.275053 0.183819
68.711603 -74.953321 17230.802884 5392.154028 0.500713 0.247593 0.829448 0.184768 0.905566 -0.381853 -0.845664 0.344454 0.407682
65.459145 -68.548108 10202.777242 3031.063593 0.420823 0.147004 0.895152 0.268050 0.922568 -0.277520 -0.866635 0.356732 0.348834
29.849942 -57.672474 1860.884384 3510.512815 0.254461 -0.040669 0.966228 0.493722 0.864564 -0.093635 -0.831558 0.500874 0.240077
45.238327 -76.664902 -3857.039138 9522.638167 0.488231 0.327402 0.808974 0.247971 0.836713 -0.488284 -0.836744 0.438997 0.327323
30.216499 -69.918888 -1988.890832 7298.280849 0.519240 0.359219 0.775469 0.290324 0.779274 -0.555377 -0.803805 0.513511 0.300340
2.916568 -122.965004 -1703.990184 -2265.971361 -0.654133 -0.562488 0.505685 -0.101997 0.728051 0.677893 -0.749471 0.391854 -0.533614
4.018338 -130.971029 -1088.505890 782.900089 -0.649831 -0.560830 0.513020 0.024863 0.658910 0.751811 -0.759672 0.501305 -0.414236
1.834698 -128.812644 572.412181 -2488.459356 -0.615320 -0.601168 0.509881 -0.197351 0.743713 0.638704 -0.763174 0.292382 -0.576263
1.333550 -116.208856 -1652.776672 -3438.482151 -0.649617 -0.577143 0.494877 -0.259266 0.780085 0.569428 -0.714688 0.241606 -0.656390
-2.983577 -36.472197 10590.812020 90.314808 -0.093958 0.848100 0.521438 0.746157 0.406733 -0.527085 0.659107 -0.339550 0.671032
-13.822987 -40.043687 2977.441622 444.299892 0.110065 0.897157 0.427780 0.761972 0.200188 -0.615892 0.638188 -0.393744 0.661575
-12.928384 -37.527535 6280.237529 -1577.083348 0.032719 0.893115 0.448638 0.714514 0.292967 -0.635326 0.698855 -0.341345 0.628558
-16.286324 -42.777120 -286.344228 -516.089020 0.258618 0.905346 0.336847 0.708244 0.059418 -0.703463 0.656892 -0.420498 0.625839
-9.959695 -44.534948 -2129.585907 916.874404 0.290646 0.889871 0.351646 0.758361 0.009860 -0.651760 0.583449 -0.456106 0.671978
-57.031068 -74.138269 3424.800243 5524.256501 0.626988 0.258600 0.734855 0.130161 0.895262 -0.426103 -0.768078 0.362811 0.527659
-51.195243 -62.872194 6202.425879 5875.284465 0.668155 0.508864 0.542795 0.060852 0.689722 -0.721512 -0.741529 0.515112 0.429876
-2.215589 -80.163199 -599.423248 -705.676865 -0.203963 0.970355 0.129656 -0.010588 -0.134618 0.990841 -0.978921 -0.200723 -0.037731
-0.775075 -78.388010 -845.855778 1467.788556 -0.216087 0.966558 0.138100 0.201105 -0.094349 0.975016 -0.955439 -0.238460 0.173992
-3.222400 -79.595383 -39.910568 -1817.360370 -0.178322 0.976583 0.120365 -0.222840 -0.159229 0.961763 -0.958407 -0.144681 -0.246016
-2.106655 -79.965436 -832.165819 -2372.462606 -0.205864 0.971723 0.115646 -0.261234 -0.168459 0.950462 -0.943068 -0.165455 -0.288526
-0.620728 -80.862132 -1273.430992 -1530.579398 -0.226433 0.965604 0.127816 -0.059097 -0.144602 0.987723 -0.972232 -0.216100 -0.089807
-98.686849 -796.567640 61807.552978 -69679.811607 0.674166 -0.155042 0.722123 0.690830 0.478216 -0.542277 -0.261255 0.864449 0.429504
-5.533408 -351.382761 12867.141058 288741.284485 0.788362 0.140601 0.598930 -0.451116 -0.529828 0.718175 -0.418306 0.836369 0.354269
-28.930856 -513.901348 27722.938025 208731.139803 0.824425 0.049536 0.563799 -0.560106 -0.071623 0.825319 -0.081264 0.996201 0.031303
16.688191 -41.126038 -6237.885490 2713.904324 0.220699 -0.041671 -0.974451 0.550342 0.830167 0.089143 0.805242 -0.555956 0.206151
13.854899 -37.604388 -5443.174348 1592.858073 0.221770 -0.007516 -0.975070 0.475542 0.873827 0.101422 0.851280 -0.486179 0.197363
18.234127 -45.156018 695.244706 2379.014932 0.095586 0.124880 -0.987557 0.622593 0.766594 0.157199 0.776686 -0.629872 -0.004474
51.772736 -43.769242 -7077.486951 -607.472208 0.050154 0.953012 -0.298752 0.998028 -0.036519 0.051052 0.037743 -0.300723 -0.952964
59.075055 -55.373227 -3266.783498 1941.144219 0.017928 0.982428 -0.185777 0.998010 -0.006349 0.062734 0.060452 -0.186532 -0.980587
-58.443222 -92.799272 1292.611796 3598.732694 -0.115616 -0.011397 0.993229 0.153831 0.987664 0.029240 -0.981310 0.156170 -0.112436
-3.560982 -48.922929 2810.445940 -1942.966441 0.416358 0.789342 0.451204 -0.808175 0.548659 -0.214072 0.416533 0.275521 -0.866365
-3.946474 -51.397424 3061.522425 328.334350 0.428695 0.795530 0.428197 0.865078 -0.498115 0.059342 0.260500 0.344984 -0.901735
92.375196 -32.428577 11518.134726 -2570.441733 0.164432 0.973974 -0.156005 -0.269267 0.196473 0.942812 -0.948924 0.113022 -0.294566
71.050382 -28.373242 7900.113851 -2036.310373 0.168012 0.972435 -0.161688 -0.197132 0.193850 0.961021 -0.965873 0.129589 -0.224267
61.000165 -26.570445 -6010.175397 564.600823 -0.058324 0.965358 -0.254327 -0.163394 0.242094 0.956396 -0.984835 -0.097336 -0.143614
-7.500208 -70.137526 -127.686587 2273.200617 0.966902 0.055407 0.249058 0.250455 -0.392449 -0.885018 -0.048706 -0.918103 0.393337
-6.155073 -77.908713 225.588538 1743.318177 0.964132 0.060385 0.258464 0.252588 -0.507902 -0.823550 -0.081544 -0.859296 0.504937
-8.688959 -68.349516 -23.557267 4924.445568 0.980453 0.007479 0.196613 0.189480 -0.305107 -0.933278 -0.053008 -0.952289 0.300560
-9.840888 -59.842061 38.769568 5411.958641 0.970139 0.052692 0.236757 0.242547 -0.206084 -0.947998 0.001160 -0.977115 0.212710
-9.066656 -63.405868 74.613297 3491.712892 0.952742 0.101699 0.286252 0.303387 -0.270576 -0.913644 0.015464 -0.957312 0.288643
9.640776 -135.267176 -67.467707 10466.677507 -0.364089 0.658492 -0.658656 -0.388572 0.535310 0.749970 -0.846435 -0.528991 -0.060971
8.084193 -111.639413 -526.112050 7419.341416 -0.413951 0.629397 -0.657651 -0.398753 0.524079 0.752554 -0.818316 -0.573761 -0.034031
6.276890 -116.058959 -708.499505 11044.676995 -0.410002 0.566445 -0.714869 -0.577713 0.445223 0.684123 -0.705794 -0.693481 -0.144700
-21.917316 -24.898038 2957.844520 748.534252 0.533193 0.786533 -0.311561 -0.437061 0.571425 0.694587 -0.724350 0.234178 -0.648443
-9.811420 -100.631538 1947.567074 -3099.459167 0.836816 0.193466 0.512163 -0.353960 0.904858 0.236526 -0.417675 -0.379214 0.825678
-9.729714 -107.313165 2076.733226 -4019.930744 0.831423 0.208942 0.514858 -0.294035 0.951679 0.088610 -0.471466 -0.225058 0.852683
-15.770022 -108.770372 2723.869150 -1764.834792 0.815547 0.212418 0.538295 -0.306873 0.947382 0.091081 -0.490624 -0.239469 0.837820
-9.751510 -115.782032 2068.972427 -5171.740641 0.831806 0.207476 0.514833 -0.205008 0.976769 -0.062408 -0.515821 -0.053634 0.855016
-16.014161 -114.639940 2961.684706 -4091.017067 0.815843 0.215176 0.536749 -0.219676 0.973933 -0.056536 -0.534923 -0.071786 0.841846
-1902.161736 -2244.272672 332477.048591 372351.362605 -0.092970 0.737210 0.669237 0.400538 -0.587671 0.703003 -0.911551 -0.333413 0.240645
183.340095 -2795.489606 79077.741156 -1834061.974142 0.815625 0.104612 -0.569045 -0.379745 0.838823 -0.390090 -0.436520 -0.534259 -0.723891
3445.441975 -567.168536 -63504.990048 176639.628669 -0.474639 -0.236104 -0.847923 0.879525 -0.090064 -0.467251 0.033953 -0.967545 0.250407
122.550752 -39.370455 37395.807555 -1914.368616 0.329968 0.943380 0.034002 -0.498323 0.143481 0.855037 -0.801746 0.299079 -0.517451
133.776616 -38.559924 40651.802357 3698.434527 0.371392 0.927248 0.047735 -0.383406 0.106337 0.917438 -0.845617 0.359031 -0.395005
111.992993 -38.235624 9215.416284 2224.666624 0.024508 0.992949 -0.115979 -0.437603 0.114964 0.891789 -0.898834 -0.028897 -0.437335
-10.272371 -28.231148 -512.272076 -1702.619621 0.224402 0.930725 0.288782 -0.644661 0.364011 -0.672241 0.730791 0.035314 -0.681687
6.740923 -145.349641 -1209.213456 17468.705366 -0.193258 0.641019 -0.742796 0.651791 0.649751 0.391143 0.733362 -0.408556 -0.543380
3.607158 -134.173583 -992.243083 22628.292958 -0.184476 0.635891 -0.749407 0.637225 0.657901 0.401385 0.748273 -0.403495 -0.526573
3.234216 -114.332051 -496.593567 17355.465275 -0.161071 0.669016 -0.725585 0.474708 0.697073 0.537347 0.865279 -0.257890 -0.429866
-28.604206 -180.214378 -5366.832303 63121.177301 0.148874 0.963557 -0.222250 -0.701206 -0.055607 -0.710787 0.697242 -0.261661 -0.667374
-14.898643 -212.470959 -2567.340416 85855.047131 0.142656 0.952924 -0.267554 -0.704240 -0.092221 -0.703947 0.695482 -0.288845 -0.657931
-26.129933 -61.131124 -5439.591275 23140.447019 -0.015590 0.915400 -0.402243 -0.747436 -0.277884 -0.603423 0.664151 -0.291243 -0.688536
-33.151375 -51.454808 17650.509240 -3582.972691 -0.644812 0.166800 -0.745919 0.281731 0.959053 -0.029083 0.710524 -0.228901 -0.665402
-61.363933 -82.217506 874.391862 4693.975885 -0.137682 0.932664 -0.333439 0.879197 0.270111 0.392495 -0.456131 0.239120 0.857185
-48.159426 -72.060931 630.780728 1182.854122 -0.425642 -0.872363 0.240439 0.839897 -0.281986 0.463742 -0.336751 0.399332 0.852721
-54.326646 -78.197390 531.412885 3494.354912 0.154669 0.934344 -0.321060 0.865449 0.028608 0.500179 -0.476524 0.355224 0.804202
-46.803562 -70.702986 663.628141 -1267.608927 0.931798 0.131023 -0.338505 0.357969 -0.486087 0.797231 0.060088 0.864033 0.499837
-47.769849 -71.437665 667.655640 -244.712336 0.913628 0.183344 -0.362863 0.405538 -0.348012 0.845237 -0.028688 0.919387 0.392307
-48.035778 -71.641104 -143.175843 -1605.193508 0.911012 0.299094 -0.283902 0.403710 -0.506422 0.761942 -0.084118 0.808752 0.582103
-45.468401 -69.560973 1179.973970 648.660882 0.902328 0.022802 -0.430446 0.413159 -0.330461 0.848584 0.122896 0.943544 0.307605
-44.494700 -68.276195 1088.317855 -644.272973 0.916641 -0.025422 -0.398902 0.343742 -0.459165 0.819151 0.203986 0.887987 0.412151
-52.328891 -74.686450 1409.869990 1978.062579 0.802347 0.432640 -0.411172 0.473335 -0.041580 0.879900 -0.363584 0.900607 0.238146
-52.918275 -73.340167 819.521972 2610.444931 0.771357 0.542132 -0.333319 0.513217 -0.220194 0.829532 -0.376321 0.810930 0.448079
-51.198818 -72.517571 835.996934 1779.760641 0.847740 0.385493 -0.364323 0.466243 -0.214096 0.858359 -0.252891 0.897529 0.361232
13.310215 -61.540982 5471.306270 5995.734361 -0.447396 0.809669 -0.379833 0.383252 -0.210163 -0.899416 0.808056 0.547967 0.216281
15.945986 -71.825828 6805.770535 10973.176439 -0.429824 0.781539 -0.452160 0.462759 -0.239327 -0.853567 0.775310 0.576125 0.258796
3.810910 -57.855490 4423.383806 3319.421663 -0.396440 0.752125 -0.526444 0.458554 -0.334553 -0.823288 0.795339 0.567787 0.212259
-2.981718 -45.691623 2733.229354 1526.146932 -0.411868 0.784106 -0.464266 0.332823 -0.344845 -0.877674 0.848288 0.516004 0.118938
7.969432 -48.812915 6999.424969 2804.347365 -0.473777 0.840867 -0.261684 0.251876 -0.155351 -0.955209 0.843857 0.518468 0.138192
92.854293 -41.153671 16717.518962 -3580.383562 0.191780 0.892028 0.409275 0.239858 -0.446970 0.861792 -0.951677 0.067107 0.299680
83.666561 -44.993455 1973.369772 -2776.182025 0.035090 0.892016 0.450640 0.324278 -0.436683 0.839137 -0.945311 -0.116687 0.304585
76.440828 -39.797943 26970.830604 -1581.887099 0.391836 0.853149 0.344385 0.248158 -0.458449 0.853371 -0.885936 0.248920 0.391352
76.603517 -40.075229 23127.299020 -852.877260 0.324371 0.880915 0.344634 0.326586 -0.446223 0.833202 -0.887764 0.157714 0.432436
6.524970 -77.361698 -168.746587 -3923.290298 0.092492 0.971393 0.218725 0.005979 0.219121 -0.975679 0.995695 -0.091550 -0.014459
