15270
30532
-52.721436 -79.723943 342.045068 4965.105256 -0.089899 0.989753 0.110936 0.867651 0.132518 -0.479187 0.488978 -0.053176 0.870674
-42.617780 -77.904442 -2267.174912 11258.123392 -0.134105 0.960602 0.243431 0.773397 0.255041 -0.580355 0.619575 -0.110441 0.777129
-44.094580 -65.157373 429.648719 7288.351551 0.155010 0.986131 -0.059307 0.757182 -0.157152 -0.634018 0.634545 -0.053373 0.771041
-37.633313 -54.019677 -1172.284106 7604.875173 0.169374 0.984967 -0.033941 0.675518 -0.141100 -0.723717 0.717627 -0.099651 0.689262
-46.041878 -70.124454 534.633995 6495.925562 0.187871 0.968209 -0.165152 0.797571 -0.248517 -0.549654 0.573223 0.028457 0.818905
-39.515497 -58.363352 -45.027352 5555.354037 0.353150 0.863235 -0.360708 0.635401 -0.504292 -0.584770 0.686696 0.022683 0.726591
-33.357603 -72.471696 15175.952736 3054.208031 -0.177315 -0.948972 -0.260791 0.976762 -0.202109 0.071328 -0.120397 -0.242083 0.962757
-33.778713 -67.841788 15747.603999 -268.398133 -0.218590 -0.930771 -0.293060 0.975696 -0.203746 -0.080653 0.015360 -0.303567 0.952686
-60.689409 -68.780640 -2663.069139 -1047.473958 -0.052612 -0.996728 -0.061369 0.997197 -0.055712 0.049942 -0.053197 -0.058569 0.996865
-39.193561 -77.529167 -10010.272820 -3218.812750 0.287869 0.944313 0.159385 0.931110 -0.314906 0.184034 -0.223977 -0.095427 0.969911
-3.746651 -76.264880 -23409.035523 -557.536294 0.237310 0.924298 0.298927 0.936353 -0.299589 0.183002 -0.258704 -0.236473 0.936564
-42.256688 -66.533685 1800.270513 -532.923714 -0.009627 0.274719 0.961476 0.969961 -0.231162 0.075761 0.243070 0.933324 -0.264241
-39.950566 -65.710261 307.548291 412.088494 -0.035295 0.206674 0.977773 0.948348 -0.301712 0.098007 0.315262 0.930729 -0.185349
-41.798155 -63.609456 214.836347 2821.777363 -0.033707 0.299170 0.953604 0.914460 -0.375766 0.150210 0.403271 0.877096 -0.260913
12.846571 -19.079738 5360.951754 -41.158935 -0.620747 0.756356 -0.206397 0.650576 0.643840 0.402766 -0.437521 -0.115739 0.891729
9.509106 -18.693092 5962.060908 679.218106 -0.620143 0.757876 -0.202599 0.631477 0.635485 0.444292 -0.465467 -0.147588 0.872673
2.443558 -21.547395 -1996.077372 1390.064098 0.777148 -0.549636 0.306498 0.433026 0.820443 0.373313 -0.456650 -0.157397 0.875612
1.222625 -25.210012 -1440.757485 1667.609571 0.800071 -0.497254 0.335596 0.395150 0.857734 0.328859 -0.451378 -0.130501 0.882738
13.517220 -22.488515 5101.681860 -851.951807 -0.619422 0.753787 -0.219364 0.668269 0.652909 0.356548 -0.411986 -0.074259 0.908159
-7.138113 -47.848525 -2940.755965 1659.605184 -0.243010 0.969092 -0.042501 0.866123 0.197044 -0.459353 0.436781 0.148438 0.887236
-13.856145 -49.221840 -2549.776605 885.332948 -0.277101 0.958604 -0.065527 0.871897 0.222208 -0.436370 0.403745 0.178051 0.897378
-8.780829 -51.393806 -2150.782477 1295.380795 -0.269684 0.961154 -0.058767 0.903812 0.231593 -0.359846 0.332257 0.150159 0.931159
7.867155 -49.668374 -3654.777552 1602.984675 -0.529727 0.847054 0.043467 0.021069 0.064374 -0.997703 0.847906 0.527595 0.051947
13.966465 -44.028365 -4151.623841 2275.423173 -0.539878 0.835551 0.101912 -0.069500 0.076411 -0.994651 0.838869 0.544074 -0.016818
8.058244 -47.405022 -3028.392177 2828.338534 -0.531566 0.844931 0.059402 -0.065723 0.028774 -0.997423 0.844463 0.534100 -0.040236
5.372021 -52.907357 -149.668445 1485.891680 -0.536691 0.843773 0.003075 0.067925 0.046836 -0.996590 0.841040 0.534652 0.082450
-0.548696 -52.603457 1619.040632 -444.085804 0.411806 0.851454 -0.324719 -0.639880 0.523892 0.562220 -0.648822 0.023745 -0.760570
0.910736 -50.155093 412.253520 -185.342425 0.415326 0.836779 -0.356798 -0.614299 0.547279 0.568438 -0.670925 0.016906 -0.741332
1.414993 -52.564071 1349.608796 -38.733393 0.441676 0.824189 -0.354451 -0.693337 0.564294 0.448170 -0.569391 -0.047808 -0.820676
0.189264 -52.724661 1079.166402 -1263.866460 0.412106 0.847047 -0.335680 -0.700280 0.530154 0.478063 -0.582904 -0.038057 -0.811649
16.832251 -115.101140 -6884.509770 3069.566320 0.268225 0.940014 -0.210782 -0.902245 0.321811 0.287039 -0.337652 -0.113186 -0.934441
9.705829 -113.320135 -1953.167179 4725.985512 0.365195 0.899268 -0.240729 -0.892455 0.411768 0.184312 -0.264871 -0.147530 -0.952931
26.144657 -112.630767 -7287.746200 674.827036 0.295600 0.925222 -0.237874 0.950181 -0.310524 -0.027030 -0.098874 -0.218033 -0.970920
32.797120 -108.878708 -9700.947852 -130.698272 0.179735 0.964268 -0.194633 -0.965409 0.210896 0.153327 -0.188895 -0.160342 -0.968818
19.648208 -111.577827 -5783.444239 -1941.212420 0.182538 0.971846 -0.148982 -0.908605 0.224636 0.352102 -0.375656 -0.071094 -0.924028
15.201576 -100.745880 5147.534108 -1731.052582 0.071597 0.930270 0.359821 -0.770280 -0.177615 0.612472 -0.633674 0.321014 -0.703852
13.299981 -100.323167 2941.432250 -1009.094549 0.088093 0.936188 0.340281 -0.624783 -0.214130 0.750863 -0.775813 0.278747 -0.566051
16.270966 -105.423603 1339.788371 -1917.788334 0.059813 0.955104 0.290170 -0.635891 -0.187617 0.748627 -0.769457 0.229295 -0.596120
19.541993 -103.435806 3067.663422 -3211.656180 0.038488 0.945983 0.321923 -0.797644 -0.164968 0.580129 -0.601899 0.279108 -0.748209
-1.577323 -50.775062 -217.836462 -293.009714 0.367413 0.883895 -0.289374 -0.369986 0.424363 0.826455 -0.853298 0.196586 -0.482945
-2.181520 -51.861320 -193.008181 -929.717657 0.354152 0.886872 -0.296707 -0.390576 0.428542 0.814741 -0.849722 0.172656 -0.498160
-2.554677 -56.385328 -529.724520 -2568.647607 0.350410 0.894938 -0.276224 -0.290235 0.384162 0.876461 -0.890492 0.226950 -0.394356
-1.855487 -53.836549 463.695941 -1208.796453 0.377137 0.883158 -0.278926 -0.294443 0.399872 0.867989 -0.878106 0.245223 -0.410846
-1.141818 -49.297388 457.886541 -250.079479 0.386072 0.868421 -0.311117 -0.366505 0.453907 0.812184 -0.846535 0.199535 -0.493521
41.199396 -26.841230 15534.702081 -5225.970938 -0.157255 0.982785 -0.096977 0.626169 0.175163 0.759757 -0.763664 -0.058752 0.642935
16.538071 -21.036714 7808.708017 -3020.235979 -0.253019 0.946355 -0.200981 0.631307 0.318920 0.706924 -0.733098 -0.051984 0.678133
39.723707 -26.814061 14778.768879 13.741791 -0.258517 0.944506 -0.202678 0.704726 0.327897 0.629162 -0.660705 -0.019816 0.750384
65.064224 -37.431135 13726.783135 -1551.326753 -0.279951 0.959973 -0.008874 0.697181 0.209652 0.685555 -0.659975 -0.185735 0.727967
67.794850 -37.053956 17322.781899 4596.930423 -0.333645 0.930420 -0.151656 0.761398 0.360823 0.538590 -0.555836 -0.064227 0.828807
-0.135935 -74.331682 -12.938212 5139.040525 0.086987 0.980707 0.175063 0.284288 -0.192859 0.939141 -0.954785 0.031925 0.295580
-0.768043 -90.330454 -143.850877 12676.002493 0.081263 0.985990 0.145671 0.194900 -0.159052 0.967841 -0.977451 0.050258 0.205094
-0.189406 -73.322350 -203.013124 3271.907325 0.091176 0.978105 0.187075 0.306392 -0.206298 0.929282 -0.947529 0.027410 0.318493
0.195131 -69.190503 41.744353 -4470.979160 0.108572 0.967135 0.229916 0.361900 -0.253866 0.896984 -0.925873 0.014180 0.377569
-0.163526 -72.488998 243.625141 -5905.414509 0.115429 0.964367 0.238059 0.384329 -0.264355 0.884538 -0.915952 0.010609 0.401149
0.711954 -70.346784 -84.463566 4083.302660 0.613108 0.677000 -0.407148 0.705335 -0.236980 0.668089 0.355810 -0.696787 -0.622806
-0.933536 -68.348511 -102.790984 3650.594380 0.596330 0.687650 -0.414159 0.678507 -0.156069 0.717823 0.428974 -0.709069 -0.559644
-1.315493 -67.918300 73.433370 3189.345576 0.620454 0.677171 -0.395572 0.648447 -0.159287 0.744409 0.441082 -0.718378 -0.537940
0.265291 -71.842341 -268.888271 2739.394578 0.637464 0.672813 -0.375449 0.656627 -0.219467 0.721578 0.403088 -0.706511 -0.581690
0.171832 -237.325487 3127.033327 48859.889300 0.320936 -0.450645 0.833019 -0.583264 0.598925 0.548718 -0.746192 -0.661973 -0.070629
3.345925 -167.829250 2402.069744 16927.077844 0.334953 -0.484344 0.808219 -0.350236 0.732309 0.584002 -0.874723 -0.478681 0.075655
-0.169415 -164.153751 1154.350396 21863.094000 0.334780 -0.484266 0.808337 -0.395785 0.706234 0.587015 -0.855147 -0.516449 0.044768
-2.289928 -212.273128 561.728559 41612.525753 0.320807 -0.484124 0.814068 -0.591754 0.568649 0.571372 -0.739534 -0.665028 -0.104056
-13.454458 -67.018543 -687.457198 -6664.264462 0.722015 -0.436974 0.536421 -0.568792 0.066533 0.819786 0.393915 0.897010 0.200510
-14.504229 -54.636233 -1099.685230 -2263.304067 0.763661 -0.431080 0.480617 -0.464664 0.149848 0.872716 0.448230 0.889784 0.085874
-12.339458 -64.006656 -1644.259863 -6322.898594 0.770807 -0.397308 0.497999 -0.508952 0.086130 0.856475 0.383177 0.913634 0.135821
-8.894812 -80.671659 -1543.250083 -12071.218568 0.752302 -0.411225 0.514719 -0.576783 -0.033552 0.816208 0.318376 0.910916 0.262429
-8.010904 -72.847031 -1728.031904 -9110.432010 0.798990 -0.385850 0.461231 -0.492518 0.020177 0.870069 0.345023 0.922341 0.173916
-10.823818 -56.843014 -1701.579575 -1709.480230 0.813544 -0.374274 0.445044 -0.432065 0.123161 0.893393 0.389186 0.919103 0.061514
6.390203 -292.309363 138.432840 -48839.862226 0.238119 -0.580388 0.778749 -0.064100 0.790672 0.608875 -0.969118 -0.194902 0.151071
2.393602 -424.469357 -427.183023 -98628.945271 0.226248 -0.620078 0.751210 0.310999 0.776827 0.547558 -0.923088 0.109742 0.368599
8.453534 -519.087246 829.746903 -153641.324505 0.248335 -0.627126 0.738270 0.226403 0.778612 0.585239 -0.941845 0.021811 0.335340
5.637542 -508.463181 -2421.118831 -116556.502234 0.228547 -0.623694 0.747510 0.640442 0.674612 0.367059 -0.733212 0.394846 0.553621
7.001284 -296.774866 872.535439 -39820.708478 0.275856 -0.580770 0.765904 -0.128919 0.767267 0.628236 -0.952514 -0.272043 0.136783
-3.022725 -10.938977 3749.763929 275.076146 0.099316 0.692909 0.714152 -0.480627 0.661832 -0.575305 0.871283 0.286104 -0.398761
1.238576 -14.270826 1206.522848 974.792818 0.032023 0.781260 0.623383 -0.469141 0.562476 -0.680828 0.882542 0.270652 -0.384534
-1.419249 -12.616473 -1740.647579 575.507880 -0.142416 0.938892 0.313369 -0.453267 0.219586 -0.863904 0.879924 0.265074 -0.394296
0.238134 -12.580723 -2509.162651 157.762053 -0.183255 -0.566398 -0.803499 -0.470135 0.768309 -0.434367 0.863360 0.298153 -0.407080
-5.247626 -8.405539 -2248.105402 -1015.431216 -0.390869 0.891958 -0.227230 -0.319611 -0.363031 -0.875247 0.863174 0.269482 -0.426977
-3.479519 -10.730957 -967.407442 -107.762935 -0.336243 -0.302122 -0.891999 -0.398002 0.903997 -0.156157 0.853543 0.302511 -0.424208
12.106397 -27.543001 4860.139170 1365.989822 -0.641369 0.719928 0.265236 -0.260671 0.120667 -0.957857 0.721593 0.683479 -0.110272
14.903567 -33.290365 3476.698597 1708.525113 -0.649755 0.741983 0.165165 -0.139753 0.096974 -0.985426 0.747187 0.663368 -0.040686
8.030558 -26.816295 3745.666170 1746.377643 -0.659473 0.727821 0.188074 -0.188275 0.082298 -0.978662 0.727769 0.680811 -0.082757
4.167406 -21.034206 3231.824244 1025.586634 -0.622503 0.712812 0.323092 -0.320385 0.144549 -0.936194 0.714033 0.686298 -0.138392
2.362310 -23.697049 2089.441622 1969.620880 -0.670772 0.730011 0.130952 -0.151218 0.038241 -0.987760 0.726084 0.682364 -0.084740
-38.206145 -66.256114 7295.649051 -2975.852377 0.437627 0.850697 0.291199 0.812211 -0.512941 0.277858 -0.385741 -0.114916 0.915422
-36.232622 -69.662432 6191.608069 -2169.029819 0.504850 0.821731 0.264357 0.833625 -0.543610 0.097766 -0.224044 -0.171017 0.959457
-20.168773 -63.664504 6041.174512 -2120.061547 0.361648 0.910246 0.201650 0.877199 -0.405478 0.257117 -0.315805 -0.083901 0.945107
-20.818028 -59.155208 6421.141135 -2629.261966 0.324646 0.926270 0.191388 0.837734 -0.375532 0.396455 -0.439097 -0.031624 0.897883
-26.885408 -32.986372 753.364063 -650.705400 -0.287937 0.884856 0.366226 -0.063009 0.364088 -0.929231 0.955574 0.290636 0.049080
-28.641483 -34.197256 846.958091 338.678147 -0.279442 0.901312 0.330983 -0.133623 0.304856 -0.942978 0.950819 0.307734 -0.035247
-25.559954 -34.103422 1268.583484 5.161004 -0.317533 0.817983 0.479663 -0.144892 0.458048 -0.877040 0.937112 0.347989 0.026927
-24.026599 -32.893993 1561.462486 -1377.047563 -0.338584 0.841995 0.420005 -0.040243 0.433003 -0.900494 0.940075 0.321795 0.112724
-25.414660 -32.025978 768.851524 -985.323829 -0.286150 0.927985 0.238668 0.054879 0.264547 -0.962810 0.956612 0.262411 0.126627
-14.970399 -84.989804 -952.344712 1204.440193 0.220012 0.962058 0.161364 -0.898023 0.264353 -0.351671 0.380985 0.067537 -0.922111
-14.238617 -86.178930 281.587363 1373.943396 0.234879 0.960055 0.152074 -0.884799 0.275944 -0.375480 0.402445 0.046363 -0.914269
-14.652669 -85.673045 -210.234557 797.746903 0.220915 0.963780 0.149417 -0.955912 0.244359 -0.162853 0.193466 0.106853 -0.975271
-15.074683 -86.492439 -529.616973 -148.122396 0.243411 0.953504 0.177709 -0.782307 0.301313 -0.545166 0.573364 0.006323 -0.819277
-312.032425 -573.064780 -106341.603717 216435.437381 -0.532640 -0.154987 0.832030 0.690031 -0.648759 0.320889 0.490053 0.745045 0.452500
157.137097 -2762.809798 15694.883992 424166.026955 0.472271 0.197822 -0.858969 -0.613504 0.773483 -0.159177 0.632909 0.602155 0.486658
1935.522803 -11828.613995 150936.383674 4518800.071400 0.410160 -0.271840 -0.870558 0.187025 0.959330 -0.211443 0.892631 -0.076090 0.444320
-324.899336 -2245.003114 213962.493325 899862.745544 0.932605 -0.350383 -0.086490 -0.343216 -0.786967 -0.512724 -0.111585 -0.507853 0.854186
-48.078938 -264.654622 22256.947269 -72324.925520 0.984149 -0.101112 -0.145694 0.050020 -0.629918 0.775049 0.170142 0.770051 0.614876
-74.297805 -2137.905723 -27155.473347 767643.406517 -0.060171 -0.399292 0.914847 0.996791 -0.072513 0.033912 0.052797 0.913952 0.402373
14.350516 -64.949554 -1631.209756 1294.594976 0.171913 0.595788 -0.784527 -0.179571 0.801993 0.569703 0.968607 0.042939 0.244860
40.162866 -64.207980 3516.256322 4129.397209 0.140901 0.718894 -0.680689 0.303539 -0.685805 -0.661465 0.942343 0.113414 0.314843
21.764849 -86.147630 -1341.864120 9071.719835 0.144392 0.454598 -0.878915 -0.229721 0.879356 0.417086 0.962486 0.141681 0.231403
11.504652 -60.464686 -20375.900376 28299.081729 0.053417 0.919636 0.389122 0.834569 -0.255083 0.488289 -0.548307 -0.298666 0.781126
-19.454165 -73.485475 -23445.188383 19888.182722 0.177884 0.851764 0.492804 0.766534 -0.433971 0.473387 -0.617076 -0.293543 0.730102
-4.415272 -78.439323 -20942.385787 6734.456664 0.155226 0.885265 0.438419 0.614205 -0.434079 0.659036 -0.773729 -0.166979 0.611114
19.111006 -70.490920 -11632.260466 15258.363062 0.133588 0.933310 0.333298 0.673301 -0.332250 0.660511 -0.727200 -0.136174 0.672783
5.958193 -83.372219 -14928.862122 -4271.678107 0.124639 0.929811 0.346289 0.467589 -0.362869 0.806032 -0.875115 -0.061458 0.479997
-18.502030 -81.357144 -10799.960947 -12670.782101 0.250506 0.889372 0.382446 0.351565 -0.451644 0.820012 -0.902025 0.070963 0.425811
12.425743 -4.574867 2279.564113 -2448.871908 0.572249 0.228843 0.787503 -0.140856 0.973434 -0.180518 -0.807892 -0.007623 0.589281
6.644716 -0.278293 4198.776001 1304.694490 0.485178 0.612372 0.624181 -0.361701 0.790444 -0.494338 -0.796100 0.014075 0.605002
10.735704 -3.547743 -681.525690 1013.397363 0.461513 0.537371 0.705860 -0.303773 0.843289 -0.443380 -0.833504 -0.009796 0.552427
12.027767 -7.845369 -3080.738140 -2457.047939 0.486468 0.349982 0.800538 -0.212360 0.936151 -0.280223 -0.847498 -0.033683 0.529730
9.406218 -48.092512 1779.665321 925.821763 -0.504763 0.790448 0.346997 0.847097 0.530952 0.022749 -0.166256 0.305423 -0.937590
11.312976 -48.635483 -3139.104663 729.097021 -0.498637 0.800133 0.333387 0.847953 0.530057 -0.003886 -0.179824 0.280759 -0.942782
8.101830 -49.777439 1031.572298 -473.524903 -0.513156 0.786739 0.343093 -0.817013 -0.570231 0.085598 -0.262986 0.236387 -0.935393
10.970025 -47.244924 -2087.047431 845.257076 -0.482685 0.807338 0.339442 0.871797 0.479913 0.098254 -0.083578 0.343350 -0.935481
9.221913 -49.618382 3664.844732 -529.276396 -0.500495 0.795855 0.340762 -0.826370 -0.556518 0.086023 -0.258102 0.238542 -0.936206
11.195876 -46.266554 2610.524438 871.261018 -0.488452 0.800023 0.348393 0.870526 0.474221 0.131525 -0.059992 0.367529 -0.928075
13.038936 -47.785922 3723.551008 1268.400243 -0.492489 0.804565 0.331858 0.857679 0.513418 0.028081 -0.147789 0.298457 -0.942911
-12.144958 -22.575005 -3498.199917 242.302941 0.115670 -0.433319 -0.893787 -0.644426 0.652008 -0.399500 0.755867 0.622190 -0.203825
-15.942682 -22.018672 2640.655131 259.676354 -0.289043 0.606482 0.740698 -0.627390 0.464397 -0.625074 0.723074 0.645380 -0.246270
-9.360169 -20.655400 -3141.371393 472.890247 0.123007 -0.425124 -0.896738 -0.674527 0.626976 -0.389762 0.727930 0.652818 -0.209635
-5.198294 -21.670167 -2102.376750 739.368684 0.029001 -0.334860 -0.941821 -0.650372 0.709182 -0.272173 0.759062 0.620427 -0.197217
-2.026617 -51.399632 1247.459569 812.756280 0.571116 -0.802126 -0.174412 0.731194 0.400544 0.552196 -0.373071 -0.442897 0.815267
-5.480600 -52.519776 399.147573 683.168004 0.550045 -0.816726 -0.174384 0.727410 0.365952 0.580477 -0.410274 -0.446137 0.795385
-3.209997 -50.471917 1205.589796 646.988031 0.556880 -0.809699 -0.185129 0.699720 0.337243 0.629808 -0.447522 -0.480266 0.754366
-0.085569 -50.249026 1925.435332 -707.606085 0.566022 -0.800939 -0.195233 0.688900 0.329463 0.645656 -0.452809 -0.499951 0.738250
-2.848556 -50.134034 2122.156984 -1827.347064 0.555370 -0.804960 -0.208817 0.646547 0.260027 0.717191 -0.523012 -0.533316 0.664856
4.885270 -63.071811 940.468986 -1574.570538 -0.500360 0.845912 -0.184587 -0.533173 -0.469015 -0.704096 0.682177 0.253885 -0.685694
7.219244 -62.968788 1184.762744 -1471.922033 -0.501271 0.841057 -0.203348 -0.553251 -0.492221 -0.672036 0.665313 0.224370 -0.712051
5.198850 -60.526637 1869.162891 -1372.662742 -0.504103 0.844840 -0.179236 -0.461678 -0.439004 -0.770798 0.729886 0.305812 -0.611347
2.388454 -61.976058 681.706555 -761.645033 -0.483195 0.860615 -0.160826 -0.470951 -0.410348 -0.780909 0.738057 0.301590 -0.603586
1.655762 -86.312965 1222.199147 2760.620489 -0.466845 0.882662 -0.054427 0.410777 0.161936 -0.897239 0.783146 0.441230 0.438177
-2.795627 -90.900280 1346.093373 2484.928129 -0.471949 0.880859 -0.036779 0.417206 0.186392 -0.889493 0.776662 0.435139 0.455467
0.762015 -80.548993 702.312649 7400.843739 -0.460639 0.885980 -0.053396 0.274499 0.084992 -0.957824 0.844074 0.455869 0.282351
3.031046 -78.196192 1104.541062 6723.509915 -0.455819 0.886442 -0.080315 0.270071 0.051763 -0.961448 0.848110 0.459937 0.262997
3.707883 -83.045479 844.136086 2858.575030 -0.450957 0.890218 -0.064419 0.403391 0.138898 -0.904424 0.796187 0.433843 0.421743
2.223379 -87.053286 1152.311041 -1306.578568 -0.471119 0.880890 -0.045608 0.544950 0.250014 -0.800327 0.693597 0.401904 0.597827
-1.626402 -100.602914 65.461689 9515.213885 -0.567212 0.823094 0.028061 0.015160 -0.023632 0.999606 -0.823432 -0.567414 -0.000926
-3.423896 -107.751397 -152.803804 10661.734189 -0.569269 0.822045 0.013207 -0.065497 -0.061358 0.995965 -0.819538 -0.566107 -0.088770
-1.814886 -91.667325 -1.260253 8080.393136 -0.570221 0.821130 0.024366 0.072727 0.020915 0.997133 -0.818266 -0.570358 0.071645
10.166063 -81.417187 132.387343 -473.066922 -0.524560 0.846987 -0.086309 -0.842731 -0.530968 -0.088753 0.121000 -0.026179 -0.992307
7.151822 -76.818564 164.610508 -2406.764439 -0.556990 0.826614 -0.080447 0.829768 0.549752 -0.096216 -0.035308 -0.120344 -0.992104
10.103343 -74.641590 -1072.806112 2154.720502 -0.493770 0.861281 -0.119942 -0.864405 -0.501177 -0.040326 0.094844 -0.083766 -0.991962
6.225501 -69.295352 1150.891435 -4257.241033 -0.546762 0.832957 -0.085053 0.831393 0.528072 -0.172989 -0.099178 -0.165296 -0.981245
-18.274015 -26.326601 -3428.458001 -248.452233 0.154569 -0.531624 -0.832757 -0.578288 0.634731 -0.512543 0.801057 0.560796 -0.209322
-9.960314 -26.309565 -3169.096740 985.237993 0.005493 -0.324650 -0.945818 -0.566534 0.778386 -0.270470 0.824020 0.537324 -0.179650
-17.730319 -28.553917 -4008.166505 770.602166 0.052853 -0.426568 -0.902910 -0.543583 0.746188 -0.384346 0.837690 0.511120 -0.192437
-23.042146 -28.999580 1825.448213 -815.900825 -0.283987 0.731228 0.620207 -0.519243 0.426497 -0.740599 0.806063 0.532359 -0.258566
3.694100 -117.837760 -750.064818 -3141.975641 0.948467 0.203263 0.243092 -0.137592 0.955239 -0.261891 -0.285444 0.214947 0.933981
8.037778 -116.431982 2494.866273 -1035.276664 0.957502 0.166482 0.235528 -0.130281 0.978188 -0.161789 -0.257326 0.124228 0.958306
3.436111 -118.105715 1727.652197 2051.144167 0.953869 0.192046 0.230766 0.085893 -0.911082 0.403177 -0.287675 0.364757 0.885548
1.486970 -122.182347 -1388.642360 1999.979003 0.945467 0.224032 0.236434 0.093218 -0.881638 0.462628 -0.312093 0.415360 0.854444
0.373766 -122.079657 112.361962 444.921809 0.949248 0.216903 0.227776 0.028634 -0.780768 0.624165 -0.313223 0.585965 0.747353
3.865525 -119.857427 2116.210488 1005.636073 0.954101 0.180693 0.238833 0.024367 -0.841672 0.539438 -0.298492 0.508859 0.807443
-48.087483 -68.538056 -3890.944866 -1006.852895 -0.482300 -0.177417 0.857852 -0.520782 0.845505 -0.117929 -0.704396 -0.503631 -0.500182
-53.898244 -73.250738 -2370.427562 780.018055 -0.286937 -0.369757 0.883712 -0.505961 0.841830 0.187950 -0.813432 -0.393193 -0.428635
-49.948758 -68.425531 -3241.966001 1761.119363 -0.359491 -0.412413 0.837067 -0.474471 0.853208 0.216596 -0.803519 -0.319300 -0.502399
-41.684146 -66.438834 -4139.716930 428.895931 -0.534036 -0.218313 0.816790 -0.466598 0.881743 -0.069399 -0.705048 -0.418174 -0.572746
-1.499324 -79.569188 -253.049815 8300.703085 -0.575731 0.816970 0.033067 0.288438 0.165092 0.943159 -0.765073 -0.552544 0.330693
1.295666 -89.269753 -1246.256337 9715.939960 -0.578338 0.814656 0.043132 0.276165 0.145756 0.949994 -0.767631 -0.561329 0.309276
-0.726104 -79.642150 -722.950564 -580.888611 -0.554539 0.827618 0.086807 0.407755 0.179305 0.895313 -0.725412 -0.531882 0.436897
4.820025 -65.869100 282.272150 -1301.361268 -0.488502 0.872266 0.022749 0.733565 0.424662 -0.530607 0.472492 0.242515 0.847312
4.597749 -65.315839 914.021656 -370.171371 -0.529773 0.847540 0.031875 0.768960 0.495832 -0.403547 0.357827 0.189278 0.914403
4.447667 -70.312098 405.902098 -1014.502053 -0.501939 0.864754 0.016077 0.730824 0.433994 -0.526826 0.462552 0.252685 0.849821
4.612664 -71.538934 243.446862 -2824.610801 -0.465660 0.884933 -0.007398 0.680946 0.352956 -0.641666 0.565220 0.303835 0.766949
-5.450086 -120.219009 232.667431 -2144.712563 -0.957025 0.115713 -0.265921 0.158600 0.976508 -0.145869 0.242795 -0.181776 -0.952895
-7.208352 -115.280805 779.659267 -1159.885243 -0.963318 0.086726 -0.253964 0.073481 0.995417 0.061203 0.258108 0.040297 -0.965275
-3.440452 -112.233993 -931.326716 2509.253874 -0.957948 0.080676 -0.275369 0.054238 0.993272 0.102320 0.281771 0.083082 -0.955878
-5.368388 -123.719869 307.605826 447.069802 -0.964972 0.083658 -0.248657 0.116856 0.985642 -0.121878 0.234891 -0.146666 -0.960893
7.886457 -62.670063 1161.938702 378.980844 0.984539 0.073887 0.158819 -0.173941 0.519392 0.836646 0.020672 0.851336 -0.524213
2.744000 -69.405321 3173.323474 -517.549897 0.985264 0.036690 0.167058 -0.158339 0.565002 0.809754 0.064679 0.824273 -0.562486
6.325246 -68.715767 2712.950915 -3017.373259 0.973952 0.073068 0.214660 -0.224645 0.439749 0.869572 0.030859 0.895144 -0.444709
5.604003 -61.926248 321.710830 1063.381493 0.990437 0.058220 0.125080 -0.133943 0.623106 0.770583 0.033074 0.779968 -0.624945
8.344074 -62.738315 -989.552615 -1275.924624 0.973554 0.123380 0.192275 -0.227180 0.433996 0.871801 -0.024116 0.892427 -0.450548
7.110125 -59.385847 -2371.730179 375.285201 0.983855 0.109676 0.141424 -0.178525 0.545857 0.818638 -0.012588 0.830669 -0.556624
-2.868807 -203.618911 2751.286750 10110.602197 -0.994351 0.070621 -0.079232 0.068420 0.997200 0.030173 0.081141 0.024582 -0.996399
-6.264768 -188.417491 1254.855396 5287.586808 -0.993419 0.052998 -0.101535 0.058202 0.997102 -0.048993 0.098645 -0.054580 -0.993625
-3.244420 -215.599840 -1900.791209 21319.836787 0.990017 -0.101178 0.098134 0.124062 0.955964 -0.265973 0.066902 -0.275493 -0.958972
-1.992140 -299.246035 -5531.029846 36589.927333 0.990073 -0.123384 0.067317 0.134269 0.971884 -0.193427 0.041558 -0.200546 -0.978803
-2.858740 -265.134702 -2932.329413 29452.434435 0.984077 -0.148831 0.097171 0.177509 0.851005 -0.494248 0.009134 -0.503627 -0.863873
-16.223361 -26.804427 -1805.465873 1790.726231 -0.271399 0.146159 0.951304 -0.290676 0.929801 -0.225783 -0.917524 -0.337799 -0.209862
-16.470440 -21.303721 1866.898685 1917.138950 -0.306306 0.593630 0.744164 -0.082001 0.762380 -0.641913 -0.948395 -0.257644 -0.184843
-14.872675 -22.720388 -865.986214 3641.429256 -0.282075 0.165838 0.944951 -0.205670 0.951596 -0.228398 -0.937088 -0.258773 -0.234313
-13.072629 -26.600510 -1800.222548 1193.637345 -0.296297 0.094446 0.950415 -0.282812 0.941797 -0.181757 -0.912264 -0.322643 -0.252341
-4.743462 -105.126702 -2.148125 5874.560559 -0.549538 0.829733 0.097730 -0.146112 -0.210620 0.966587 -0.822593 -0.516897 -0.236978
-5.256781 -106.425684 1140.599265 -438.977239 -0.540501 0.832712 0.120203 -0.268746 -0.306264 0.913224 -0.797267 -0.461294 -0.389324
-5.915325 -110.741294 -263.323784 -3887.564056 -0.552738 0.828220 0.092374 -0.383949 -0.351472 0.853845 -0.739638 -0.436486 -0.512266
952.471781 -2498.495641 -176245.529039 -893574.191724 0.934619 0.212290 -0.285341 -0.304404 0.062600 -0.950484 0.183916 -0.975199 -0.123130
-47.394761 -472.559013 87269.387461 -120773.891501 0.923916 0.158839 -0.348066 -0.361389 0.063638 -0.930241 0.125608 -0.985251 -0.116199
-45.421319 -542.985951 40793.035246 -160533.708237 0.828242 0.162696 -0.536233 -0.555213 0.108720 -0.824572 0.075855 -0.980668 -0.180377
90.506636 -636.631345 -23261.977357 -213629.183883 0.817194 0.236559 -0.525580 -0.553048 0.065099 -0.830602 0.162272 -0.969434 -0.184027
2104.009771 -2017.010142 -698649.523669 -777921.705350 0.876185 0.213611 -0.432053 -0.448728 0.034375 -0.893007 0.175905 -0.976314 -0.125972
3.279449 -525.270183 -3253.908028 116315.543220 0.799421 0.363846 0.478060 0.545555 -0.772892 -0.324049 -0.251585 -0.519860 0.816364
-15.871136 -1717.898828 9464.566460 684304.490859 0.813832 0.437592 0.382349 0.568621 -0.735314 -0.368759 -0.119780 -0.517520 0.847246
6.183617 -643.806287 -2809.150221 214409.500685 0.822918 0.325543 0.465648 0.567772 -0.440866 -0.695178 0.021022 -0.836456 0.547631
15.313077 -286.453597 -1837.309007 45903.721942 0.843491 0.256938 0.471705 0.516613 -0.628526 -0.581435 -0.147086 -0.734124 0.662893
13.814267 -299.222666 -2166.233760 -1485.577609 0.816647 0.294709 0.496220 0.439744 -0.874583 -0.204281 -0.373782 -0.385035 0.843822
14.552268 -426.005617 -4747.727718 141379.494236 0.828126 0.275524 0.488154 0.558857 -0.473313 -0.680922 -0.043439 -0.836697 0.545941
-42.541478 -85.080833 -2029.260600 4781.666927 -0.208784 0.944408 0.253975 0.875095 0.296352 -0.382602 0.436599 -0.142371 0.888320
-23.113436 -91.540441 -8571.211934 13514.527942 -0.083194 0.939985 0.330917 0.816172 0.254804 -0.518593 0.571789 -0.226941 0.788388
-26.904460 -72.499120 -5691.814692 15717.856934 -0.026855 0.958550 0.283655 0.701931 0.220116 -0.677379 0.711739 -0.180915 0.678747
-57.866400 -74.052794 2230.941364 -3781.587825 -0.179490 0.975846 0.124531 0.973302 0.194562 -0.121773 0.143061 -0.099349 0.984715
-37.959289 -66.218222 570.355088 -2135.642655 -0.035931 0.185803 0.981930 0.988900 -0.135140 0.061758 0.144173 0.973249 -0.178885
-38.810072 -67.321573 347.098155 -1350.103123 -0.094297 0.112134 0.989209 0.968030 -0.221663 0.117405 0.232436 0.968654 -0.087647
-36.829125 -64.266892 -403.515470 -2277.485935 -0.120324 0.105954 0.987064 0.990384 -0.055575 0.126694 0.068280 0.992817 -0.098248
-39.127037 -65.316884 405.050651 947.068415 -0.104701 0.152259 0.982779 0.920638 -0.358898 0.153683 0.376117 0.920874 -0.102599
-40.241449 -66.737435 1116.981569 438.536244 -0.172758 0.066962 0.982685 0.920748 -0.343364 0.185267 0.349824 0.936812 -0.002337
-39.162264 -66.970865 -145.341115 -1232.942241 -0.176176 0.039446 0.983568 0.967465 -0.177382 0.180406 0.181583 0.983351 -0.006912
1.168915 -20.832997 5507.333420 907.521586 -0.667402 0.708060 -0.230705 0.557796 0.680560 0.475080 -0.493394 -0.188383 0.849161
-1.423612 -22.034101 -1310.614218 2009.469523 0.804354 -0.487011 0.340345 0.356491 0.853847 0.379287 -0.475320 -0.183751 0.860411
-19.854460 -48.039007 -2586.689152 1375.043876 -0.307993 0.946736 -0.093973 0.837567 0.222971 -0.498764 0.451244 0.232325 0.861629
-15.063275 -45.668640 -1874.631977 2462.190835 -0.297850 0.952724 -0.060018 0.803955 0.216446 -0.553902 0.514725 0.213231 0.830416
-20.439893 -50.169494 -3114.730914 -109.810773 -0.313742 0.945020 -0.092216 0.892885 0.260600 -0.367212 0.322991 0.197548 0.925555
-18.552100 -44.721208 -2021.626035 2145.134277 -0.339691 0.938732 -0.058247 0.756571 0.235933 -0.609866 0.558758 0.251234 0.790361
-25.287834 -49.486183 -2672.227025 140.922793 -0.333261 0.933476 -0.132510 0.868525 0.249258 -0.428409 0.366880 0.257860 0.893816
-25.936428 -47.241033 -2648.261910 1197.669632 -0.343481 0.930427 -0.127776 0.802035 0.219815 -0.555357 0.488632 0.293236 0.821737
13.216862 -41.688747 -3800.582696 2731.841880 -0.532874 0.833216 0.147635 -0.172806 0.063641 -0.982898 0.828362 0.549273 -0.110072
18.233125 -37.877092 -950.636894 1894.165406 -0.576001 0.797533 0.179342 -0.160896 0.104490 -0.981425 0.801458 0.594157 -0.068134
2.080013 -47.978906 786.161643 -390.411475 0.427622 0.827167 -0.364601 -0.598192 0.561333 0.571901 -0.677721 0.026456 -0.734843
0.662381 -48.844118 273.087076 301.361190 0.403667 0.845580 -0.349353 -0.533136 0.527717 0.661272 -0.743518 0.080682 -0.663831
2.712536 -47.152186 1153.060531 -28.656461 0.433328 0.824390 -0.364153 -0.552752 0.562248 0.615095 -0.711823 0.065252 -0.699322
4.824071 -47.148734 567.918851 -237.506182 0.449066 0.801659 -0.394567 -0.634285 0.597043 0.491143 -0.629303 -0.029712 -0.776592
3.907766 -102.936434 746.408613 5400.055243 0.381193 0.892915 -0.239571 -0.832860 0.444161 0.330249 -0.401293 -0.073640 -0.912985
7.993210 -110.358712 431.829638 3981.985456 0.411388 0.876268 -0.250829 -0.888444 0.446969 0.104334 -0.203537 -0.179926 -0.962392
19.058064 -111.083178 -2939.837713 -153.641989 0.364875 0.896811 -0.250194 0.930645 -0.359288 0.069368 -0.027681 -0.258153 -0.965707
11.735497 -102.486287 627.681912 770.304159 0.076770 0.950552 0.300928 -0.421912 -0.242493 0.873606 -0.903381 0.194032 -0.382433
6.676582 -97.310969 1829.834336 312.749875 0.094242 0.930436 0.354128 -0.663292 -0.206579 0.719283 -0.742403 0.302677 -0.597683
9.374494 -98.092204 917.139920 729.031875 0.090423 0.938625 0.332875 -0.509268 -0.243659 0.825395 -0.855845 0.244157 -0.455979
-3.825935 -53.264391 958.419830 -1005.178568 0.365753 0.882931 -0.294377 -0.420753 0.438985 0.793889 -0.830176 0.166507 -0.532056
-3.347615 -57.409542 517.524746 -2902.291263 0.352270 0.895904 -0.270667 -0.311535 0.384964 0.868763 -0.882525 0.221717 -0.414717
2773.165161 -64.418854 -923314.334997 10415.553799 -0.440175 -0.049404 -0.896552 0.809206 -0.454556 -0.372243 -0.389143 -0.889347 0.240062
2300.269977 -128.410947 843043.110437 -1083.130180 0.650318 -0.098731 0.753219 0.620571 -0.502838 -0.601703 -0.438154 -0.858724 0.265735
148.457512 -5.792525 -70869.281409 9217.904439 -0.680235 -0.134866 -0.720480 0.691873 -0.442731 -0.570352 -0.242058 -0.886454 0.394471
408.268738 -4.781425 -168746.917098 8930.100265 -0.602781 -0.132247 -0.786871 0.762578 -0.385680 -0.519351 -0.234798 -0.913106 0.333329
2677.115312 9.927172 -775671.285160 40174.938254 -0.434262 -0.165106 -0.885526 0.853882 -0.388537 -0.346301 -0.286883 -0.906520 0.309708
19.364001 -18.433037 7140.661959 -4143.701861 -0.129236 0.989284 -0.067931 0.604972 0.132939 0.785070 -0.785688 -0.060363 0.615670
-0.413130 -80.098129 -518.095185 8061.718253 0.079071 0.983116 0.165016 0.252096 -0.179874 0.950838 -0.964466 0.033584 0.262063
-0.546657 -97.279654 -314.994952 15467.652031 0.073951 0.988759 0.129946 0.124424 -0.138433 0.982525 -0.989469 0.056491 0.133263
-17.475362 -51.287028 -835.689266 -2380.034333 0.551893 0.815160 -0.175863 0.623399 -0.543365 -0.562253 0.553884 -0.200671 0.808049
-14.468577 -51.952716 259.601376 -6162.873460 0.602084 0.769591 -0.212660 0.543597 -0.590193 -0.596804 0.584806 -0.243725 0.773693
-17.317592 -53.293466 -1590.173912 -5742.195316 0.588792 0.782477 -0.202617 0.543189 -0.568682 -0.617695 0.598557 -0.253635 0.759868
-15.566281 -53.348035 881.630509 -2123.308042 0.556595 0.814962 -0.161367 0.621324 -0.537277 -0.570342 0.551506 -0.217188 0.805401
-15.620989 -48.712409 431.359540 4001.306982 0.520640 0.842852 -0.136145 0.672765 -0.503187 -0.542393 0.525663 -0.190798 0.829020
4.943021 -160.220979 1966.367230 -10887.758262 0.334313 -0.531004 0.778633 -0.121643 0.794948 0.594358 -0.934579 -0.293417 0.201169
6.862059 -184.426542 1654.755982 13345.040242 0.315826 -0.503996 0.803892 -0.286777 0.756925 0.587216 -0.904441 -0.415996 0.094522
7.614305 -192.698313 1141.706331 -21970.830354 0.306199 -0.560947 0.769143 -0.025421 0.802844 0.595646 -0.951628 -0.201939 0.231570
-6.214391 -143.303023 1067.435898 -2715.313598 -0.273523 0.743420 -0.610338 0.629628 0.618081 0.470684 -0.727154 0.255543 0.637137
-6.947839 -140.533910 901.256662 -480.497419 -0.288786 0.746823 -0.599048 0.679627 0.600617 0.421149 -0.674322 0.285507 0.681010
-4.396400 -145.563682 1152.027094 -1491.295763 -0.268911 0.745135 -0.610296 0.804238 0.522374 0.283421 -0.529989 0.414608 0.739738
-15.865565 -53.390803 -63.296516 -3459.224677 0.717428 -0.469783 0.514394 -0.509616 0.149515 0.847311 0.474962 0.870028 0.132142
-15.905678 -47.946199 -459.687546 -966.198506 0.762883 -0.472197 0.441632 -0.392706 0.204205 0.896706 0.513606 0.857514 0.029650
11.983032 -580.357399 -1784.944999 -198209.330271 0.208294 -0.614086 0.761256 0.187211 0.788969 0.585217 -0.959982 0.020618 0.279302
2.506826 -551.695484 201.068864 -153369.795817 0.181134 -0.638778 0.747766 0.622643 0.663035 0.415572 -0.761253 0.390317 0.517829
5.622470 -17.604513 -2123.866833 928.615117 -0.089902 0.911280 0.401853 -0.430245 0.328360 -0.840874 0.898224 0.248491 -0.362554
4.404583 -19.176711 -1301.299903 1907.185699 0.055115 0.796108 0.602639 -0.439180 0.561366 -0.701419 0.896707 0.226008 -0.380575
2.170389 -15.843111 -168.666924 1060.609461 0.131581 0.689549 0.712186 -0.467433 0.676707 -0.568836 0.874181 0.258052 -0.411360
17.106508 -31.624584 2564.495414 1312.152971 -0.605211 0.751853 0.261604 -0.259821 0.124065 -0.957654 0.752471 0.647552 -0.120262
-52.154289 -75.496577 5218.030138 5107.940112 0.656346 0.640680 0.398422 -0.679452 0.731503 -0.056984 -0.327955 -0.233308 0.915431
-42.557762 -73.731782 -5116.978654 -2322.903899 -0.661022 -0.706805 -0.251947 0.746979 -0.651706 -0.131539 -0.071223 -0.275149 0.958760
-28.994825 -66.642796 -4957.175732 29.819735 -0.472005 -0.856174 -0.210185 0.880225 -0.470973 -0.058213 -0.049151 -0.212486 0.975927
-50.977262 -79.545368 4239.048529 -4615.299809 0.739185 0.581226 0.340268 0.648407 -0.750768 -0.126158 -0.182136 -0.313886 0.931827
-29.661813 -33.771560 1555.629028 -178.130710 -0.285578 0.884756 0.368309 -0.199877 0.320876 -0.925790 0.937280 0.338002 -0.085207
-31.963965 -34.629871 67.983484 -718.633077 -0.247071 0.968231 -0.038521 -0.064745 -0.056160 -0.996320 0.966832 0.243668 -0.076564
-32.024546 -32.568156 246.751367 1504.342755 -0.312789 0.667714 -0.675515 -0.098691 0.684504 0.722298 0.944681 0.292594 -0.148208
-31.276879 -35.240115 -90.589029 1172.311061 -0.260890 0.613902 -0.745024 -0.050801 0.761951 0.645639 0.964031 0.206289 -0.167599
-30.299931 -35.038869 -801.888484 -404.261013 -0.187249 0.898669 -0.396650 0.032881 -0.397832 -0.916869 0.981762 0.184725 -0.044944
-31.118274 -36.680576 -1328.713511 -1420.228321 -0.178676 0.761044 -0.623607 0.016800 -0.631354 -0.775312 0.983764 0.149007 -0.100023
-13.841513 -89.036494 539.487253 568.890162 0.244481 0.955738 0.163687 -0.775782 0.294065 -0.558291 0.581714 -0.009506 -0.813338
-13.046544 -89.126389 -379.387180 2009.507940 0.259513 0.959182 0.112352 -0.817106 0.280093 -0.503871 0.514773 -0.038958 -0.856441
-13.825365 -85.927844 987.089999 203.214893 0.229199 0.962876 0.142607 -0.946945 0.254481 -0.196305 0.225308 0.090048 -0.970117
-6198.474956 -84956.034546 9097092.022077 42867103.806297 -0.147288 0.787034 0.599069 0.671970 0.524059 -0.523276 0.725784 -0.325484 0.606051
25.367215 -63.204180 -2284.340584 3026.155883 0.228845 0.837126 -0.496840 0.261046 -0.544463 -0.797129 0.937809 -0.052721 0.343126
50.048742 -77.714715 -154.157411 4648.278229 0.206146 0.788495 -0.579464 0.428631 -0.605111 -0.670907 0.879647 0.110071 0.462715
41.978498 -54.565763 -49001.614184 4188.297314 -0.154321 0.904936 0.396581 0.844495 -0.087536 0.528361 -0.512848 -0.416447 0.750705
-21.046399 -68.591160 -26439.110006 4194.451324 0.070405 0.911491 0.405250 0.842840 -0.271651 0.464571 -0.533538 -0.308853 0.787367
5.562264 -7.003527 804.277236 6937.709172 -0.260837 0.898743 -0.352456 0.562315 0.438210 0.701266 -0.784708 0.015275 0.619678
3.691894 -5.222412 735.565104 3918.039675 0.049928 0.998722 0.007818 0.621447 -0.037193 0.782573 -0.781864 0.034214 0.622510
7.788826 -4.369463 2415.846798 -1627.447087 0.383951 0.792301 0.474175 0.471126 -0.609758 0.637366 -0.794117 0.021321 0.607390
10.583262 -5.640635 -561.417638 1985.534764 0.399501 0.690348 0.603174 -0.398070 0.723328 -0.564214 -0.825796 -0.014702 0.563777
10.386121 -50.149400 -3577.242260 -402.392776 -0.505526 0.794442 0.336610 -0.821911 -0.562095 0.092256 -0.262498 0.230026 -0.937114
18.512664 -48.319440 -5398.334250 858.644762 -0.480650 0.806750 0.343700 0.868131 0.493094 0.056631 -0.123789 0.325597 -0.937370
19.959213 -49.872156 -6255.089531 387.845263 -0.490622 0.800671 0.343826 0.838826 0.540809 -0.062426 -0.235927 0.257783 -0.936956
-18.033320 -23.937199 2900.727849 -162.930855 -0.229001 0.587580 0.776085 -0.606400 0.537562 -0.585924 0.761471 0.604795 -0.233206
-20.005721 -26.845342 1327.291429 -1814.878183 -0.585169 0.780593 0.219662 -0.380605 -0.025191 -0.924394 0.716043 0.624531 -0.311839
-21.863489 -27.725116 780.833131 -1790.803658 -0.480238 0.806068 0.345869 -0.433999 0.124301 -0.892297 0.762244 0.578622 -0.290139
-21.101336 -32.038451 843.235832 -1234.967541 -0.606548 0.791759 0.072227 -0.332254 -0.169898 -0.927762 0.722293 0.586730 -0.366117
-18.783456 -32.739501 1091.935294 -1872.234615 -0.667486 0.744622 0.000145 -0.292932 -0.262408 -0.919420 0.684582 0.613743 -0.393278
-3.970690 -52.392397 944.588613 -168.190213 0.569781 -0.803518 -0.172363 0.751384 0.424430 0.505255 -0.332825 -0.417395 0.845582
-5.688429 -53.834710 542.491838 -42.022510 0.540982 -0.822522 -0.175485 0.758675 0.387214 0.523906 -0.362974 -0.416560 0.833503
8.148620 -63.921656 493.979103 19.234307 -0.486047 0.845662 -0.220487 -0.625392 -0.512795 -0.588155 0.610444 0.147980 -0.778113
8.316923 -61.322174 623.136123 -1073.280620 -0.485388 0.846001 -0.220638 -0.531905 -0.486027 -0.693437 0.693884 0.219228 -0.685904
7.424876 -59.287615 678.200635 -1665.809335 -0.485356 0.847782 -0.213764 -0.452355 -0.452719 -0.768388 0.748201 0.276244 -0.603228
-2.839803 -84.488273 1282.096080 7954.707654 -0.469064 0.882712 -0.028247 0.273406 0.114724 -0.955033 0.839778 0.455695 0.295152
4.303671 -71.367922 183.098031 -3479.807118 -0.622591 0.779359 -0.070571 0.759042 0.579492 -0.296723 -0.190358 -0.238303 -0.952353
-1.592450 -27.181626 -2341.710463 1312.895903 -0.061348 -0.216136 -0.974434 -0.521360 0.839441 -0.153370 0.851129 0.498622 -0.164183
-9.498355 -28.838083 -3501.082494 1469.104978 -0.016178 -0.297655 -0.954537 -0.518512 0.818761 -0.246527 0.854917 0.490950 -0.167584
-1.805590 -24.305663 -1805.166891 984.145823 -0.045235 -0.250006 -0.967187 -0.578002 0.796211 -0.178778 0.814781 0.550949 -0.180520
6.924737 -118.561148 -35.587605 2063.283665 0.954260 0.174872 0.242501 -0.165183 0.984443 -0.059891 -0.249202 0.017094 0.968301
14.277066 -118.592871 3339.428671 4188.455341 0.966078 0.115215 0.231124 -0.137286 0.987152 0.081750 -0.218736 -0.110707 0.969484
16.704987 -110.793702 4042.253111 -2114.573409 0.960735 0.106866 0.256064 -0.101078 0.994238 -0.035701 -0.258403 0.008417 0.966000
