13531
27046
-28.166060 -43.871810 45.612725 -4023.973492 0.201607 0.765179 0.611437 -0.254340 0.643739 -0.721742 0.945868 0.010004 -0.324398
-31.952600 -49.401133 -257.254275 -3392.716039 0.221588 0.833442 0.506234 -0.376328 0.552012 -0.744083 0.899598 0.025630 -0.435966
-37.231663 -57.472015 -168.780313 -3527.529541 -0.336850 -0.527479 -0.779935 -0.350468 0.839065 -0.416104 0.873901 0.133178 -0.467504
-25.509899 -40.146769 75.366499 -2836.116575 0.150070 0.959973 0.236497 -0.314688 0.273145 -0.909045 0.937257 -0.061998 -0.343083
-27.604737 -56.763993 -1221.977685 -7662.359253 -0.253145 -0.462878 -0.849507 -0.185552 0.885036 -0.426945 0.949467 0.049549 -0.309930
-21.926004 -41.244046 -2202.578169 -5461.011920 -0.171044 -0.592504 -0.787199 -0.103651 0.805361 -0.583653 0.979796 -0.018237 -0.199166
-22.585474 -34.046099 441.714491 -2997.036156 0.135887 0.916394 0.376505 -0.192547 0.397212 -0.897300 0.971834 -0.049437 -0.230425
-28.951426 -46.586072 -4.081288 908.800158 0.296811 0.557188 -0.775529 0.944971 -0.054358 0.322606 0.137596 -0.828605 -0.542661
-29.058527 -43.555765 475.781018 1100.350361 0.213554 0.492111 -0.843932 0.940696 0.129508 0.313558 0.263602 -0.860845 -0.435270
-29.255464 -45.578987 530.821661 1387.703347 0.291413 0.479763 -0.827590 0.949195 -0.037601 0.312435 0.118777 -0.876592 -0.466346
-29.295756 -47.952984 940.675509 574.075475 0.316357 0.528617 -0.787707 0.948588 -0.167524 0.268547 0.009999 -0.832166 -0.554437
-28.340733 -47.531882 744.063114 578.401539 0.359368 0.452885 -0.815935 0.932268 -0.213200 0.292269 -0.041593 -0.865703 -0.498827
21.882752 -36.989343 1469.974068 -3719.879998 0.373741 0.264022 -0.889162 0.417681 0.808027 0.415494 0.828167 -0.526673 0.191716
21.444244 -44.065987 1078.214344 -6027.729184 0.349455 0.235180 -0.906957 0.378900 0.849833 0.366360 0.856923 -0.471672 0.207868
17.527480 -34.017627 -569.133330 -3654.524135 0.338027 0.260047 -0.904496 0.424035 0.815910 0.393047 0.840198 -0.516398 0.165531
16.691415 -26.674926 -565.514385 -980.708835 0.372592 0.286956 -0.882514 0.461362 0.767855 0.444458 0.805183 -0.572760 0.153706
13.934776 -33.996621 722.104241 -4320.065760 0.240030 0.279385 -0.929693 0.429857 0.828095 0.359835 0.870407 -0.486006 0.078672
14.493469 -25.459353 -196.444994 -1855.879634 0.291767 0.289405 -0.911656 0.457875 0.794563 0.398772 0.839775 -0.533773 0.099316
-5.502405 -33.622938 912.400864 466.775433 -0.073682 0.937495 0.340110 -0.552632 0.245506 -0.796445 0.830162 0.246639 -0.500000
-2.231173 -32.001453 1274.247176 2621.907794 -0.098992 0.933870 0.343639 -0.675485 0.190518 -0.712337 0.730699 0.302638 -0.611955
-1.986404 -34.332327 1732.158558 1036.440420 -0.123856 0.932813 0.338407 -0.579142 0.208971 -0.787988 0.805763 0.293583 -0.514349
-5.542798 -33.002864 1327.403927 1996.080218 -0.061855 0.927286 0.369208 -0.698625 0.223960 -0.679533 0.712809 0.299971 -0.633972
-3.720272 -37.052787 972.658991 -314.713290 -0.109102 0.942924 0.314629 -0.413932 0.244674 -0.876810 0.903746 0.225897 -0.363612
-8.485020 -33.550874 866.824266 1143.763268 -0.033700 0.929848 0.366399 -0.624482 0.266639 -0.734116 0.780312 0.253549 -0.571687
-9.843570 -35.064452 149.670980 -1461.320427 -0.006456 0.937005 0.349255 -0.477206 0.304040 -0.824520 0.878768 0.171990 -0.445182
-7.092943 -37.152295 402.205995 -427.651120 -0.059233 0.946146 0.318277 -0.397509 0.270111 -0.876941 0.915684 0.178462 -0.360102
-6.195073 -29.494961 1108.435337 -555.024267 0.456304 0.168628 0.873700 0.889587 -0.063776 -0.452292 -0.020548 0.983614 -0.179111
-3.833550 -30.111224 1269.501268 696.243905 0.466212 0.162906 0.869545 0.876685 -0.216865 -0.429411 0.118621 0.962513 -0.243923
-9.073845 -31.370531 870.488585 371.132686 0.380871 0.209331 0.900621 0.923618 -0.131660 -0.359994 0.043218 0.968941 -0.243488
-10.373621 -30.602383 820.126188 -542.125028 0.390943 0.210739 0.895965 0.918989 -0.035215 -0.392707 -0.051207 0.976908 -0.207434
-10.772257 -26.441986 722.207920 -1638.232419 0.400834 0.214534 0.890678 0.903586 0.067888 -0.422995 -0.151213 0.974354 -0.166639
-7.462086 -25.348786 851.291311 -1738.564902 0.452739 0.170678 0.875155 0.879176 0.078104 -0.470052 -0.148581 0.982226 -0.114695
-0.669271 -45.441312 -45.153189 173.519469 -0.049089 0.980165 0.192006 0.055314 0.194610 -0.979320 0.997262 0.037454 0.063770
-1.100812 -44.963335 78.958191 135.634460 -0.048859 0.987064 0.152698 0.209449 0.159607 -0.964705 0.976598 0.015152 0.214538
-0.740368 -43.672472 -108.955984 259.348111 -0.053721 0.975991 0.211082 0.032879 0.213002 -0.976498 0.998015 0.045519 0.043532
-0.324871 -44.287456 93.725119 -270.160309 -0.055776 0.971610 0.229918 -0.068810 0.225988 -0.971697 0.996069 0.070019 -0.054252
-0.511874 -42.789400 -370.370241 -51.189739 -0.044135 0.966974 0.251024 -0.089303 0.246445 -0.965034 0.995026 0.065009 -0.075477
-0.008792 -41.528739 -282.213016 115.015785 -0.047739 0.967651 0.247734 -0.010954 0.247494 -0.968827 0.998800 0.048964 0.001216
14.051201 -78.768241 2011.674222 -2294.541451 -0.249994 -0.518620 -0.817641 0.645964 0.539721 -0.539843 0.721272 -0.663124 0.200083
6.192046 -80.129903 1573.987591 -2936.034699 -0.237037 -0.463033 -0.854057 0.661640 0.566777 -0.490915 0.711370 -0.681443 0.172014
17.787156 -77.892680 2568.625309 -1730.713603 -0.251201 -0.504303 -0.826182 0.777454 0.403335 -0.482582 0.576596 -0.763544 0.290754
106.143090 -30.973912 -24350.168487 136.375115 0.366145 0.874442 0.318260 0.659453 -0.485130 0.574256 -0.656551 0.000383 0.754282
842.792510 -103.776701 -187786.084891 11931.199648 0.550989 0.764627 0.334300 0.610926 -0.642479 0.462591 -0.568490 0.050650 0.821129
81.089254 -29.960457 -17866.606010 291.604715 0.375276 0.875232 0.305183 0.736585 -0.481460 0.475014 -0.562681 -0.046532 0.825363
675.032434 -42.543300 -150583.214140 -1224.434076 0.462295 0.862244 0.206927 0.605677 -0.477492 0.636520 -0.647641 0.168929 0.742983
25.741451 -27.165508 -5890.103062 -112.856179 0.300602 0.907563 0.293203 0.723682 -0.417283 0.549690 -0.621227 -0.046948 0.782223
311.583965 -38.622036 -69590.218068 442.887816 0.356521 0.865693 0.351381 0.580377 -0.499939 0.642825 -0.732158 0.025246 0.680667
59.605941 -28.734175 -14565.009141 477.397158 0.304533 0.904382 0.298921 0.658327 -0.426651 0.620141 -0.688379 -0.007934 0.725308
285.243241 -16.692467 61937.726332 -648.216611 0.956166 -0.001745 0.292819 -0.287795 0.178933 0.940828 0.054037 0.983860 -0.170587
475.932233 -29.408091 100055.837364 -1799.494574 0.865413 0.414021 0.282220 -0.360410 0.123065 0.924640 -0.348089 0.901910 -0.255719
3724.382003 -136.718223 841350.102827 -12344.144410 0.828160 0.187281 0.528277 -0.556247 0.158850 0.815693 -0.068847 0.969377 -0.235728
109.401221 -4.880490 23267.182493 -148.838341 0.895208 -0.118248 0.429675 -0.410640 0.155716 0.898403 0.173142 0.980699 -0.090841
23199.681587 -752.769468 5621635.723343 -166998.586809 0.799744 -0.015479 0.600142 -0.589338 0.170274 0.789739 0.114413 0.985275 -0.127054
2.162049 -99.703101 -847.151657 -2788.474117 0.858193 0.341855 -0.382936 -0.477058 0.806570 -0.349086 -0.189528 -0.482265 -0.855277
3.000309 -97.447787 906.633421 -771.112824 -0.857683 -0.346792 0.379625 -0.413888 0.903713 -0.109540 -0.305084 -0.251073 -0.918633
0.624851 -104.617090 574.717726 -2263.364363 -0.868492 -0.324807 0.374463 -0.381336 0.920422 -0.086064 -0.316710 -0.217542 -0.923239
0.192818 -101.091137 -83.402940 -2070.590184 0.865343 0.337858 -0.370181 -0.450980 0.847124 -0.281064 -0.218629 -0.410161 -0.885420
-1.178110 -111.663680 -73.916524 -1749.457816 -0.876976 -0.318388 0.359920 -0.376428 0.920735 -0.102711 -0.298689 -0.225559 -0.927312
0.834998 -76.026506 -210.066724 4538.175751 0.878427 0.323396 -0.351826 0.298964 0.202458 0.932540 -0.372810 0.924352 -0.081161
-0.278900 -66.954254 -543.663066 3482.913797 0.867488 0.340324 -0.362828 0.377301 0.025220 0.925747 -0.324205 0.939970 0.106526
-0.834753 -77.315829 -465.069145 3556.927576 0.867243 0.333884 -0.369339 0.318553 0.198011 0.926993 -0.382641 0.921582 -0.065364
1.107531 -66.973127 -71.032125 4185.511789 0.878586 0.324509 -0.350401 0.367906 0.007940 0.929829 -0.304520 0.945849 0.112413
1.538217 -74.848286 -193.773782 3667.964806 0.878155 0.324271 -0.351699 0.296727 0.207442 0.932159 -0.375230 0.922939 -0.085946
-10.452319 -69.102950 248.366223 1146.839785 -0.145406 -0.543067 -0.827004 0.542352 0.655353 -0.525707 0.827473 -0.524968 0.199241
-10.944963 -66.937806 62.272445 948.527971 -0.125495 -0.580226 -0.804729 0.523799 0.650120 -0.550435 0.842547 -0.490594 0.222335
-12.028003 -68.872020 -72.786738 980.612315 0.122461 0.560295 0.819191 0.691235 0.544141 -0.475504 0.712178 -0.624484 0.320660
-9.123507 -64.324128 122.531464 618.547264 -0.147971 -0.572170 -0.806676 0.356994 0.729761 -0.583099 0.922312 -0.374260 0.096278
-10.836627 -70.817401 395.927420 688.270622 -0.142671 -0.521847 -0.841024 0.713591 0.534595 -0.452765 0.685881 -0.664743 0.296113
-9.331157 -71.161529 376.837167 726.564949 -0.172057 -0.511709 -0.841754 0.565197 0.648578 -0.509803 0.806814 -0.563473 0.177624
-8.626291 -66.559885 333.978599 838.565502 -0.178146 -0.535750 -0.825370 0.371099 0.740272 -0.560610 0.911345 -0.406164 0.066939
13.346079 -66.813863 1606.774165 1414.432355 -0.810146 -0.101209 0.577425 0.221512 0.859110 0.461370 -0.542767 0.501684 -0.673586
14.465611 -73.863509 -818.239872 5277.843332 -0.876330 -0.114783 0.467837 0.121474 0.887153 0.445201 -0.466144 0.446973 -0.763495
10.486464 -67.758669 457.227246 -3116.794092 0.862306 0.114774 -0.493209 0.185514 0.834662 0.518579 -0.471182 0.538671 -0.698442
7.329407 -72.948052 181.002556 -6222.934338 0.827162 0.088865 -0.554893 0.291973 0.775726 0.559465 -0.480162 0.624782 -0.615705
-2.200775 -4.142354 7.602856 146.373491 -0.301464 0.144667 -0.942439 0.923751 0.289199 -0.251093 0.236227 -0.946274 -0.220820
-2.047321 -4.776819 -187.119590 465.674056 -0.087822 0.198035 -0.976253 0.969275 0.243045 -0.037892 0.229769 -0.949585 -0.213295
-2.482801 -5.509148 -284.295828 664.338318 -0.090032 0.198507 -0.975955 0.967096 0.251550 -0.038050 0.237949 -0.947268 -0.214623
-2.058909 -4.220726 321.411613 75.379878 -0.099195 0.205717 -0.973571 0.968739 0.243540 -0.047243 0.227385 -0.947823 -0.223444
-2.088726 -4.996433 -319.314347 -177.830259 -0.485766 0.077370 -0.870658 0.839116 0.320217 -0.439712 0.244779 -0.944180 -0.220473
-2.345671 -4.198343 299.199293 -323.737229 -0.581639 0.047355 -0.812068 0.777437 0.326104 -0.537818 0.239351 -0.944147 -0.226490
-2.977567 -3.737393 409.259946 -131.640430 -0.055403 0.221255 -0.973641 0.970240 0.242146 -0.000183 0.235723 -0.944675 -0.228086
-25.822018 -96.691840 -5781.617822 -6251.929039 -0.009376 0.482821 0.875669 0.973445 -0.195902 0.118438 0.228730 0.853526 -0.468163
-12.756338 -98.044985 -2481.951411 -16649.716208 0.045247 0.496294 0.866975 0.998587 0.001746 -0.053115 -0.027874 0.868153 -0.495514
-40.101114 -92.408641 -8766.971442 -12517.591211 0.143261 0.524901 0.839020 0.984164 0.013866 -0.176719 -0.104394 0.851050 -0.514602
0.397626 -93.153987 -3508.026179 -7796.284197 -0.000178 0.516401 0.856347 0.974183 -0.193238 0.116730 0.225758 0.834259 -0.503035
-77.073653 -105.724305 -18593.890768 -7655.336342 -0.037110 0.543920 0.838316 0.982019 -0.135536 0.131410 0.185098 0.828119 -0.529110
62.007998 -39.454151 15309.401499 4938.757572 -0.005223 0.867660 -0.497131 0.845366 -0.261724 -0.465678 0.534161 0.422690 0.732123
4062.725490 -7683.745694 393885.122388 -2477297.213613 -0.453370 0.780758 -0.429969 0.414403 -0.242448 -0.877205 0.789130 0.575879 0.213630
-23.229981 -357.597897 4305.706114 29142.585723 0.687746 0.495022 -0.530998 -0.295239 -0.477502 -0.827542 0.663204 -0.725910 0.182250
-18.935771 -205.161386 4519.512896 -15473.324998 0.903868 0.424101 -0.056232 -0.226249 0.362309 -0.904181 0.363091 -0.829982 -0.423432
45.348359 -583.757938 16330.398671 -34040.691944 0.969144 0.057813 0.239619 0.076143 0.854349 -0.514092 0.234439 -0.516475 -0.823585
193.776924 -3679.807022 -29546.441253 1078518.587195 0.884959 0.330970 -0.327575 -0.094360 -0.561406 -0.822143 0.456008 -0.758473 0.465591
62.883642 -31.512181 -14561.064421 -1552.054127 0.148124 0.343370 0.927446 0.988964 -0.054477 -0.137780 0.003215 0.937619 -0.347650
57.447734 -30.926253 -12644.421658 334.563871 0.167866 0.322550 0.931549 0.973920 -0.200585 -0.106048 0.152649 0.925055 -0.347809
61.023660 -32.308730 -4569.336976 -649.734846 0.129951 0.056720 0.989897 0.979419 -0.162850 -0.119244 0.154441 0.985019 -0.076715
7.941673 -21.299195 1109.399707 767.392626 0.252171 0.327622 -0.910535 0.575871 0.705381 0.413292 0.777678 -0.628571 -0.010791
10.185380 -21.322630 671.884128 409.293831 0.268855 0.321051 -0.908099 0.536538 0.733067 0.418019 0.799902 -0.599616 0.024833
5.521972 -21.240422 2167.132563 523.327449 0.161198 0.279194 -0.946608 0.576159 0.752115 0.319944 0.801284 -0.596971 -0.039621
2.833778 -22.097561 1614.209051 756.074447 0.166885 0.266339 -0.949322 0.630062 0.711785 0.310457 0.758400 -0.649943 -0.049023
-6.465122 -33.643573 -27.200866 -862.510878 0.147182 0.979851 -0.135015 0.166373 -0.159082 -0.973146 0.975017 -0.120767 0.186434
-7.703686 -34.476300 185.736585 -6.350532 0.129197 0.984699 -0.116945 0.036779 -0.122610 -0.991773 0.990937 -0.123833 0.052057
-5.684688 -33.212849 -497.414456 -676.328035 0.124954 0.988497 -0.085204 0.169201 -0.105850 -0.979881 0.977629 -0.108024 0.180481
-4.616203 -32.738224 -171.628032 -1017.885790 0.124693 0.987645 -0.094914 0.282610 -0.127052 -0.950784 0.951096 -0.091733 0.294961
-6.158827 -33.581267 317.483473 -731.609320 0.154374 0.975343 -0.157717 0.234065 -0.191189 -0.953237 0.959886 -0.110239 0.257809
-4.206330 -35.102824 256.080029 -1106.726513 -0.002473 0.918466 0.395492 -0.894232 0.174991 -0.411980 0.447597 0.354680 -0.820889
-3.579693 -32.628656 166.246462 56.413183 -0.042978 0.930079 0.364838 -0.843828 0.161717 -0.511666 0.534890 0.329851 -0.777876
-5.622248 -33.678296 210.468602 -925.904131 -0.028137 0.930073 0.366296 -0.885487 0.146836 -0.440853 0.463811 0.336755 -0.819436
-1.303050 -86.982360 -692.659111 1422.826951 0.001341 0.730661 0.682739 0.639591 0.524205 -0.562256 0.768714 -0.437427 0.466621
-2.503569 -84.028182 -260.214536 70.395721 -0.003899 0.724580 0.689180 0.517368 0.591239 -0.618681 0.855754 -0.354148 0.377180
-2.360470 -82.643579 -496.637640 1601.598250 -0.023046 0.716889 0.696806 0.445986 0.631166 -0.634607 0.894743 -0.296141 0.334268
-4.244055 -108.372106 -1490.881893 20774.395358 0.448248 0.760336 -0.470067 0.879129 -0.279732 0.385853 0.161885 -0.586208 -0.793822
3.617836 -196.141111 -1976.866140 40534.018427 0.447068 0.741462 -0.500365 0.884904 -0.284885 0.368492 0.130676 -0.607515 -0.783485
0.309221 -242.392712 -1123.563269 56742.724615 0.425175 0.757929 -0.494743 0.901263 -0.404875 0.154279 -0.083376 -0.511489 -0.855236
-13.886092 -33.769621 4849.384436 1179.963518 0.170342 0.958300 -0.229446 0.358935 0.156509 0.920147 -0.917687 0.239096 0.317308
-17.995649 -39.435616 3373.472754 542.178368 0.211444 0.977389 -0.001340 0.207082 -0.043459 0.977358 -0.955201 0.206934 0.211589
-19.892356 -32.904994 4088.328218 -736.726606 0.081833 0.986296 -0.143260 0.277622 0.115494 0.953723 -0.957199 0.117818 0.264366
-18.992020 -32.662280 4638.799412 121.903668 0.023280 0.953016 -0.302025 0.415622 0.265536 0.869913 -0.909239 0.145780 0.389913
-38.387559 -47.522210 -416.321914 -579.336317 0.393679 0.850125 -0.349720 0.463446 0.145002 0.874181 -0.793873 0.506223 0.336902
-33.336639 -46.667519 -1761.692683 173.972849 0.098844 0.800226 -0.591496 0.691744 0.372044 0.618929 -0.715346 0.470341 0.516778
-39.937462 -50.799465 -626.867094 160.971110 0.427563 0.783474 -0.450952 0.575419 0.148858 0.804198 -0.697196 0.603332 0.387180
-40.093739 -49.742235 -586.258743 -321.965857 0.562212 0.817513 -0.124864 0.246993 -0.021893 0.968770 -0.789248 0.575494 0.214229
-3.754383 -26.670118 893.300834 -458.035635 0.476325 0.259427 0.840126 -0.624074 0.772829 0.115184 -0.619392 -0.579166 0.530019
-6.179552 -25.837945 -862.377295 370.399818 -0.482593 -0.230918 -0.844855 0.657559 -0.732715 -0.175340 -0.578549 -0.640160 0.505446
-3.580366 -25.045734 -925.063648 279.604255 -0.489958 -0.246166 -0.836267 0.677860 -0.710767 -0.187926 -0.548130 -0.658948 0.515112
-1.696051 -25.145032 -517.044244 549.172991 -0.483096 -0.254561 -0.837745 0.658242 -0.736511 -0.155784 -0.577352 -0.626698 0.523369
-4.488514 -37.340442 686.601071 -276.159780 0.664807 0.061340 0.744492 -0.586669 0.659832 0.469512 0.462439 0.748906 -0.474647
-2.913397 -36.648049 514.136457 -221.623706 0.660955 0.059254 0.748083 -0.573367 0.683011 0.452489 0.484137 0.728001 -0.485414
-5.116588 -36.173719 645.008473 -461.112379 0.681506 0.047611 0.730262 -0.505594 0.752071 0.422805 0.529079 0.657360 -0.536613
-6.488915 -38.088991 837.057335 -455.860828 0.678200 0.063598 0.732120 -0.557315 0.693880 0.455994 0.479003 0.717277 -0.506034
-6.742035 -35.975999 775.933693 -740.561496 0.695318 0.046354 0.717206 -0.461891 0.793367 0.396518 0.550627 0.606977 -0.573052
-5.534593 -33.780889 -548.965050 -656.862792 -0.690466 -0.037438 -0.722395 -0.414121 0.839269 0.352323 0.593094 0.542426 -0.594991
3.223795 -48.155304 -280.535532 -3687.602770 0.706009 0.292936 0.644779 0.434308 0.540059 -0.720911 0.559399 -0.789003 -0.254062
0.826054 -47.720913 -379.048238 -4233.967631 0.682145 0.259582 0.683590 0.484414 0.539866 -0.688396 0.547742 -0.800726 -0.242521
4.672534 -43.480753 307.343501 -667.072181 0.679307 0.288066 0.674951 0.527292 0.448080 -0.721934 0.510397 -0.846311 -0.152489
-3.209701 -74.859689 345.138954 -1033.872825 0.721452 0.387429 0.573939 0.649731 -0.665394 -0.367560 -0.239492 -0.638083 0.731775
-3.727149 -70.836127 162.200468 -512.972322 0.725286 0.361856 0.585680 0.611705 -0.729056 -0.307074 -0.315877 -0.580980 0.750123
-3.861639 -72.326296 66.888545 -795.886665 0.704924 0.379556 0.599182 0.688496 -0.569184 -0.449448 -0.170454 -0.729361 0.662554
-4.482323 -68.824467 122.055889 -947.188338 0.714842 0.362432 0.598033 0.647671 -0.665612 -0.370788 -0.263672 -0.652383 0.710544
-3.006550 -77.262137 -421.954590 -1392.501829 -0.694429 -0.408486 -0.592374 0.715693 -0.477347 -0.509827 -0.074511 -0.777997 0.623834
-4.720482 -69.703211 -202.384839 -346.170387 -0.692452 -0.379054 -0.613864 0.714995 -0.474238 -0.513693 -0.096400 -0.794617 0.599408
-3.682886 -74.394317 -23.488645 -646.065040 -0.678377 -0.392649 -0.620993 0.734713 -0.360810 -0.574468 0.001504 -0.845957 0.533249
-1.724602 -34.853236 -2588.688286 392.623556 -0.537834 -0.288649 -0.792097 0.683607 -0.699171 -0.209383 -0.493373 -0.654096 0.573360
6.466209 -33.883478 -1960.024754 383.568984 -0.557199 -0.234869 -0.796471 0.668411 -0.695979 -0.262374 -0.492703 -0.678564 0.544788
0.814520 -35.978594 -2566.228262 722.904415 -0.549302 -0.270826 -0.790519 0.615369 -0.771113 -0.163419 -0.565321 -0.576228 0.590232
-6.277913 -36.391869 1978.487621 -556.971336 0.509185 0.294514 0.808698 -0.621485 0.775840 0.108762 -0.595388 -0.557973 0.578082
-3.260862 -37.508710 2063.758727 -475.108815 0.534646 0.282286 0.796535 -0.527342 0.847970 0.053446 -0.660351 -0.448621 0.602225
4.276679 -36.566153 1591.058512 -697.743876 0.544142 0.239823 0.803986 -0.537256 0.835631 0.114355 -0.644411 -0.494171 0.583549
-1.585603 -36.555195 -677.777988 -201.570498 0.740612 0.036937 0.670917 -0.586453 0.522899 0.618587 0.327973 0.851594 -0.408927
-2.880796 -36.522642 -143.325793 727.504494 0.744501 0.006845 0.667587 -0.554832 0.562502 0.612987 0.371323 0.826768 -0.422581
-0.892399 -39.053762 -293.634783 1035.256608 0.755986 0.013760 0.654443 -0.521046 0.617824 0.588901 0.396228 0.786196 -0.474236
4.035812 -39.939701 169.612317 311.128840 -0.635750 -0.177185 -0.751284 -0.153398 0.982886 -0.101999 0.756499 0.050400 -0.652050
2.865744 -39.552199 -464.399796 365.239170 -0.615075 -0.169109 -0.770120 -0.166416 0.982569 -0.082848 0.770707 0.077202 -0.632496
3.834100 -38.349975 -90.431495 178.301326 -0.632281 -0.167073 -0.756510 -0.248387 0.968640 -0.006322 0.733842 0.183910 -0.653952
4.301014 -39.064797 239.088115 80.739913 -0.644386 -0.171388 -0.745247 -0.228917 0.973103 -0.025853 0.729632 0.153940 -0.666288
3.481090 -37.113612 -244.907342 296.844265 -0.632638 -0.145677 -0.760623 -0.344271 0.932671 0.107715 0.693719 0.330005 -0.640195
4.169104 -38.532484 92.643171 255.737716 -0.648551 -0.154735 -0.745278 -0.328382 0.940194 0.090559 0.686693 0.303467 -0.660576
-0.816183 -156.241651 -1017.124210 -6086.308077 0.877208 -0.193296 0.439479 0.440162 -0.041780 -0.896946 -0.191738 -0.980250 -0.048432
-3.468914 -136.410081 -637.771589 445.642758 0.884720 -0.172867 0.432883 0.439137 -0.002294 -0.898417 -0.156300 -0.984942 -0.073883
-4.092571 -130.736474 -503.384864 -2017.329192 0.872872 -0.166702 0.458589 0.393241 -0.316094 -0.863392 -0.288886 -0.933968 0.210356
-5.482717 -127.479993 354.255746 -427.949552 0.886085 -0.135621 0.443238 0.405165 -0.237872 -0.882756 -0.225154 -0.961782 0.155826
-1.675182 -142.485594 -1107.402558 -6604.451636 0.851870 -0.189413 0.488303 0.392615 -0.386131 -0.834719 -0.346656 -0.902787 0.254568
-6.631664 -124.562157 71.947749 -4935.087971 0.873392 -0.134280 0.468141 0.322344 -0.561177 -0.762349 -0.365078 -0.816731 0.446843
-4.559974 -128.668462 -420.657095 -4398.387355 0.859422 -0.145309 0.490182 0.312905 -0.608737 -0.729061 -0.404331 -0.779952 0.477694
-3.901805 -168.457241 -349.767203 -9107.977583 0.859347 0.069363 0.506668 -0.398392 -0.530387 0.748314 -0.320636 0.844913 0.428153
-2.224613 -175.020810 350.262775 -6748.613478 0.853752 0.050200 0.518254 -0.403693 -0.564810 0.719737 -0.328846 0.823693 0.461943
-4.891746 -164.426690 -45.945158 -222.527988 0.855885 0.051582 0.514587 -0.260925 -0.816020 0.515781 -0.446518 0.575718 0.684960
6.066765 -51.827883 1197.226997 -503.866178 0.866230 -0.231799 0.442623 0.380806 -0.267228 -0.885198 -0.323470 -0.935339 0.143210
8.740683 -48.681429 -156.766739 92.511443 0.871454 -0.284196 0.399750 0.360219 -0.182303 -0.914881 -0.332882 -0.941275 0.056496
6.539203 -48.401595 -54.428205 -929.255525 0.857205 -0.261818 0.443453 0.342529 -0.353140 -0.870613 -0.384543 -0.898189 0.213033
4.766228 -49.284787 963.376574 -1187.713277 0.855200 -0.220377 0.469112 0.342658 -0.438678 -0.830751 -0.388868 -0.871204 0.299644
5.491486 -45.297257 -117.938695 -1170.039418 0.842580 -0.245706 0.479257 0.315159 -0.496657 -0.808707 -0.436730 -0.832443 0.341036
5.711212 -44.747903 -738.918715 -1008.675261 0.849196 -0.279593 0.447989 0.309510 -0.423833 -0.851216 -0.427866 -0.861507 0.273380
68.125791 -1035.565290 12413.656529 262806.407985 0.878173 0.056559 0.474987 -0.465008 0.333766 0.819980 0.112157 0.940958 -0.319405
30.238899 -370.549340 7089.770995 78369.753901 0.924633 0.176356 0.337567 -0.326416 -0.089714 0.940959 -0.196228 0.980230 0.025387
145.933836 -2268.744001 47949.404502 143698.105730 0.968226 0.040058 0.246849 -0.187835 0.768149 0.612099 0.165097 0.639017 -0.751266
-27.037863 -1671.279911 -1620.445789 -204685.221431 -0.915671 0.075423 -0.394788 -0.039507 0.960589 0.275151 0.399981 0.267545 -0.876604
1017.290003 -289.320236 39396.526818 124415.668116 0.427975 0.875867 -0.222922 0.857094 -0.315065 0.407582 0.286753 -0.365500 -0.885541
-236.290147 -42062.116786 -54592.875061 946282.273119 0.983838 -0.159142 -0.082080 0.024107 0.571935 -0.819945 -0.177432 -0.804714 -0.566528
59.946151 -6158.209558 -17859.698919 -1145221.074076 0.995245 0.013463 0.096464 -0.015423 -0.956121 0.292564 -0.096170 0.292661 0.951368
399.718155 -3108.803581 767239.491555 -24278352.775033 -0.824789 -0.206677 0.526316 -0.165102 0.978269 0.125423 -0.540801 0.016552 -0.840988
-122.339505 -4752.295764 44395.450008 -3684457.135528 0.997604 0.031533 -0.061585 0.058016 0.103733 0.992912 -0.037698 0.994105 -0.101655
-11.936599 -20.349881 -640.263793 1087.807873 0.720007 0.018239 0.693727 0.684908 0.142323 -0.714595 0.111767 -0.989652 -0.089982
-12.860698 -23.801135 -289.425718 746.294091 0.760824 0.071999 0.644951 0.641776 0.063964 -0.764220 0.096277 -0.995352 -0.002458
-11.027834 -23.029434 -405.457671 1178.333174 0.778593 0.012970 0.627395 0.624644 0.079736 -0.776828 0.060101 -0.996732 -0.053980
-9.698247 -19.106955 -657.107679 1246.167602 0.722638 -0.021629 0.690888 0.685834 0.147042 -0.712749 0.086174 -0.988894 -0.121092
-8.720172 -21.682529 -540.744663 999.906687 0.756326 -0.037580 0.653115 0.653892 0.073794 -0.752980 0.019899 -0.996565 -0.080385
-6.048903 -60.244938 733.865027 838.772355 0.581701 0.380815 0.718751 0.506575 0.521742 -0.686416 0.636400 -0.763391 -0.110587
-7.263662 -61.866694 1025.951173 1534.250024 0.597560 0.396122 0.697144 0.574575 0.394896 -0.716883 0.559272 -0.828942 -0.008372
-8.323196 -60.347360 496.470839 620.150583 0.612804 0.362520 0.702176 0.475728 0.540272 -0.694110 0.630995 -0.759398 -0.158620
8.280182 -276.630849 -1988.067448 -4692.099882 -0.610188 -0.297052 -0.734459 0.254786 0.804223 -0.536944 0.750169 -0.514767 -0.415043
26.933362 -1210.927940 -5222.920490 -278239.354731 -0.597782 -0.235269 -0.766359 0.678206 0.361281 -0.639932 0.427427 -0.902289 -0.056406
38.764637 -1295.499112 -5463.559610 -304297.972902 -0.551396 -0.270199 -0.789275 0.655999 0.444061 -0.610307 0.515390 -0.854285 -0.067603
13.507295 -786.016172 -1662.629879 175197.255192 -0.613744 -0.344145 -0.710551 -0.225717 0.938916 -0.259786 0.756551 0.000942 -0.653934
12.816297 -679.448975 2026.913565 155207.397889 -0.664072 -0.222180 -0.713894 -0.183271 0.974069 -0.132671 0.724859 0.042733 -0.687570
-121.612370 -4866.972361 -33180.390254 1361805.532719 0.844522 -0.377730 -0.379610 -0.012410 -0.722474 0.691287 0.535378 0.579095 0.614833
2.408690 -156.112446 3092.854805 -32389.152019 0.793637 -0.555613 -0.247860 0.218026 0.640082 -0.736722 0.567983 0.530650 0.629131
0.700974 -62.020482 1331.023455 -12766.382168 0.816445 -0.541227 -0.201226 0.301546 0.696835 -0.650762 0.492431 0.470633 0.732131
4.787188 -53.742466 975.137438 -11496.388028 0.836660 -0.497621 -0.228854 0.251387 0.720094 -0.646737 0.486626 0.483568 0.727569
9.742110 -67.026310 597.606872 11712.765387 0.853659 -0.468370 -0.227807 -0.212293 -0.712312 0.668987 0.475603 0.522725 0.707503
12.314173 -115.429432 689.444782 21324.217802 0.853554 -0.454345 -0.254982 -0.109576 -0.635008 0.764694 0.509351 0.624768 0.591799
-35.474103 -54.321411 -74.347241 -1854.060586 0.256447 0.843817 0.471389 -0.514967 0.531995 -0.672153 0.817951 0.070378 -0.570967
-30.611350 -48.659591 90.187855 -2926.118578 0.215430 0.934824 0.282300 -0.450297 0.351617 -0.820730 0.866500 -0.049691 -0.496698
-28.191522 -44.454569 -495.657756 1004.124137 0.257272 0.565126 -0.783865 0.916570 0.114260 0.383202 0.306122 -0.817054 -0.488582
11.513003 -97.211404 6669.464462 551.417806 -0.232724 -0.461331 0.856162 0.948515 -0.302143 0.095022 0.214846 0.834196 0.507895
26.900188 -102.871359 1591.023983 2272.121407 -0.175039 -0.342251 0.923161 0.955452 -0.285363 0.075367 0.237641 0.895228 0.376954
26.346881 -97.176911 5407.829049 8151.808475 -0.243591 -0.420360 0.874049 0.868929 -0.494920 0.004140 0.430844 0.760495 0.485821
27.438398 -61.670598 3668.301568 -7457.037543 0.377298 0.224574 -0.898450 0.348280 0.864524 0.362352 0.858107 -0.449627 0.247969
23.348210 -65.727059 2238.693060 -9734.327334 0.316051 0.189745 -0.929574 0.306744 0.906736 0.289375 0.897786 -0.376599 0.228371
0.476535 -33.263128 1257.508380 1398.360600 -0.131462 0.937507 0.322177 -0.672272 0.154534 -0.723995 0.728538 0.311769 -0.609945
-0.486937 -31.138712 1336.847256 1290.812076 -0.110457 0.938714 0.326519 -0.714148 0.153523 -0.682952 0.691225 0.308620 -0.653423
-2.285759 -27.199770 1432.827647 1299.538385 0.469744 0.156269 0.868862 0.855575 -0.323137 -0.404443 0.217559 0.933361 -0.285491
2.291856 -27.434562 1561.380047 1295.764503 0.533055 0.137654 0.834807 0.822792 -0.314240 -0.473567 0.197142 0.939311 -0.280768
1.887168 -22.492090 1561.574869 1631.666195 0.525249 0.130457 0.840889 0.798636 -0.416708 -0.434207 0.293760 0.899631 -0.323063
8.335076 -22.663943 1558.995495 1660.077721 0.588609 0.129025 0.798055 0.766123 -0.404155 -0.499715 0.258062 0.905545 -0.336739
8.662230 -27.307880 1630.650939 913.205964 0.578485 0.144693 0.802757 0.803233 -0.272406 -0.529728 0.142028 0.951241 -0.273805
-0.179789 -47.671678 336.016986 302.841880 -0.061838 0.984280 0.165433 0.111007 0.171505 -0.978909 0.991894 0.042170 0.119868
0.102522 -47.736024 493.306911 -21.424145 -0.059049 0.990517 0.124055 0.282715 0.135777 -0.949546 0.957385 0.020998 0.288052
-2.085592 -44.911024 92.123512 283.374808 -0.031774 0.993414 0.110087 0.389477 0.113742 -0.913986 0.920488 -0.013835 0.390526
-1.886777 -42.915806 176.851239 -300.525141 -0.049766 0.988244 0.144555 0.280778 0.152741 -0.947541 0.958482 0.006567 0.285079
-0.963984 -45.686158 297.814948 30.571840 -0.041939 0.993542 0.105426 0.361964 0.113460 -0.925262 0.931248 0.000644 0.364385
8.872646 -78.016941 1232.359214 -2536.603965 -0.239415 -0.524284 -0.817195 0.471819 0.672785 -0.569865 0.848568 -0.522002 0.086292
-0.480981 -75.968535 1210.291560 -2018.427189 -0.229828 -0.444113 -0.865992 0.612426 0.625553 -0.483340 0.756381 -0.641442 0.128217
1.331429 -75.676049 1571.954113 -1727.404505 -0.220478 -0.427619 -0.876659 0.770406 0.474883 -0.425396 0.598218 -0.769174 0.224739
1.895383 -77.670561 1005.403647 -79.953050 -0.239295 -0.478976 -0.844583 0.406104 0.740741 -0.535147 0.881939 -0.471047 0.017258
131.939195 -31.646912 -28052.085880 287.114370 0.481023 0.825506 0.295222 0.720995 -0.564065 0.402489 -0.498781 -0.019247 0.866514
610.295741 -68.723102 -132565.714896 12401.665963 0.641122 0.731381 0.232475 0.622697 -0.672820 0.399453 -0.448566 0.111336 0.886788
1391.425343 -34.080315 364165.754252 1411.572173 -0.454380 -0.701844 0.548593 0.885329 -0.287591 0.365356 -0.098652 0.651696 0.752038
268.236738 -27.702522 10776.704779 -900.018042 0.703013 0.701163 0.118926 -0.220721 0.056148 0.973719 -0.676058 0.710787 -0.194234
429.059819 -26.666154 -101678.316949 -449.096856 0.388519 0.921441 0.000120 -0.299245 0.126051 0.945814 -0.871496 0.367503 -0.324710
4.270619 -95.018260 -771.201058 -2069.531558 0.858281 0.359346 -0.366367 -0.484672 0.802248 -0.348557 -0.168665 -0.476727 -0.862719
-1.912116 -69.980642 -607.761806 2626.940518 0.856376 0.340591 -0.388096 0.410212 0.007727 0.911958 -0.313603 0.940180 0.133098
-1.725490 -62.160235 -602.184231 845.380431 0.849937 0.345666 -0.397646 0.454081 -0.097760 0.885581 -0.267241 0.933251 0.240050
-0.724541 -60.071938 -278.558789 1562.025958 0.857918 0.340148 -0.385066 0.445525 -0.119234 0.887294 -0.255898 0.932782 0.253837
-9.617024 -62.772553 64.148519 148.611764 -0.121883 -0.604202 -0.787455 0.355926 0.713997 -0.602930 0.926532 -0.353763 0.128027
-10.082353 -63.620222 -126.371799 564.331936 -0.105848 -0.617935 -0.779072 0.504493 0.641782 -0.577583 0.856903 -0.454173 0.243813
9.644547 -194.715616 -2106.854699 -18750.215176 0.812934 0.166207 -0.558135 -0.564221 0.462103 -0.684189 -0.144199 -0.871112 -0.469437
15.187663 -181.286524 581.648057 -5387.622753 0.840351 0.197400 -0.504820 -0.515710 0.577925 -0.632492 -0.166894 -0.791856 -0.587461
14.311368 -202.213578 -1722.862707 13755.889978 0.811309 0.166922 -0.560281 -0.434850 0.812861 -0.387508 -0.390747 -0.558027 -0.732068
-2.648991 -6.787309 -23.886420 1194.716280 0.226873 0.261143 -0.938260 0.948447 0.159669 0.273777 0.221306 -0.952003 -0.211456
-2.344319 -5.505921 -391.969377 462.287502 0.052479 0.216918 -0.974778 0.976211 0.194491 0.095836 0.210375 -0.956619 -0.201551
-1.563462 -4.971128 52.350045 98.051411 -0.042435 0.209079 -0.976978 0.976229 0.216703 0.003974 0.212545 -0.953586 -0.213305
-535.665710 -14085.318440 35652.837212 -267433.962998 0.581530 0.647484 -0.492532 -0.457427 -0.240415 -0.856132 0.672744 -0.723163 -0.156368
-231.812684 -4255.273746 -75620.262363 210745.541475 0.626203 0.443122 -0.641493 0.331588 0.593300 0.733515 0.705634 -0.672041 0.224592
-126.435347 -16205.082785 41787.104091 -1634499.609462 0.665119 0.403336 -0.628440 -0.519411 0.854524 -0.001288 0.536497 0.327275 0.777857
-10.467884 -33.921344 755.194778 255.666485 0.172297 0.967137 -0.186974 -0.027015 -0.185102 -0.982348 0.984675 -0.174307 0.005765
-10.834746 -33.107655 679.703375 419.921508 0.169795 0.973661 -0.152166 -0.133665 -0.130228 -0.982433 0.976372 -0.187152 -0.108032
-8.863246 -34.182864 355.762784 168.638701 0.148941 0.978757 -0.140893 -0.045699 -0.135517 -0.989721 0.987790 -0.153849 -0.024544
-2.138723 -31.057993 682.070393 794.806258 -0.046021 0.916393 0.397626 -0.819313 0.193098 -0.539851 0.571496 0.350625 -0.741926
-2.111882 -31.551926 311.437096 366.677437 -0.055823 0.927059 0.370737 -0.777806 0.192437 -0.598320 0.626021 0.321762 -0.710329
-2.052898 -33.407420 509.713981 -397.438213 -0.032104 0.917378 0.396719 -0.858241 0.178124 -0.481347 0.512242 0.355934 -0.781613
-1.576110 -85.082730 171.105517 -204.159142 0.005274 0.750500 0.660849 0.741681 0.440329 -0.505984 0.670732 -0.492808 0.554309
6.795137 -175.848502 1056.551919 -6279.331942 -0.014214 0.621886 0.782979 0.977526 -0.156077 0.141711 0.210333 0.767397 -0.605691
7.673123 -193.788460 1029.614851 -22721.050763 0.013910 0.605286 0.795887 0.964301 0.202388 -0.170773 -0.264444 0.769849 -0.580862
9.755682 -181.803789 300.030634 -20660.295336 0.011579 0.668982 0.743188 0.983750 0.125553 -0.128344 -0.179170 0.732598 -0.656657
-0.255608 -77.165415 -1713.304206 11926.107133 0.570109 0.692533 -0.442011 0.768213 -0.258632 0.585627 0.291248 -0.673429 -0.679461
8.940182 -107.014473 -1975.955547 16039.325597 0.548865 0.715690 -0.431897 0.763065 -0.218024 0.608438 0.341289 -0.663516 -0.665783
14.262949 -213.250857 -1941.253327 41603.880879 0.482282 0.749833 -0.452939 0.863896 -0.321394 0.387800 0.145213 -0.578321 -0.802781
1.016838 -9.942513 -649.001740 2402.737920 0.775549 0.286253 -0.562657 -0.630297 0.401025 -0.664760 -0.035350 -0.870194 -0.491439
3.170615 -20.516603 370.451937 1706.703484 0.870918 0.228989 -0.434817 -0.491242 0.381271 -0.783144 0.013548 -0.895654 -0.444544
1.425184 -18.123804 686.131084 672.386335 0.734898 0.334530 -0.589928 -0.678110 0.374820 -0.632200 -0.009626 -0.864638 -0.502303
7.872086 -13.944895 3142.082415 2054.441777 0.397071 0.478149 -0.783395 0.916955 -0.243041 0.316426 -0.039099 -0.843981 -0.534946
-32.604382 -42.080731 -1215.570137 559.978911 -0.223951 -0.616439 0.754884 -0.280215 0.782579 0.555923 -0.933448 -0.087030 -0.347995
-31.137599 -40.109961 -975.709268 178.106681 -0.302926 -0.534760 0.788839 -0.159968 0.844519 0.511075 -0.939492 0.028629 -0.341372
-29.104508 -42.169554 -804.934016 -284.830486 -0.356168 -0.547877 0.756951 -0.279804 0.835436 0.473029 -0.891546 -0.043320 -0.450854
-33.701044 -37.494583 -561.767165 845.798358 -0.184621 -0.557540 0.809360 -0.111827 0.830085 0.546309 -0.976427 0.010352 -0.215599
-29.175271 -42.099182 -1089.716978 530.119937 -0.347427 -0.546904 0.761702 -0.377307 0.825177 0.420383 -0.858448 -0.141343 -0.493040
-31.799588 -43.128734 -1620.682767 762.222437 -0.245591 -0.577269 0.778746 -0.390695 0.794157 0.465480 -0.887154 -0.189935 -0.420574
-35.872248 -43.354844 -1218.228429 1065.887737 -0.099248 -0.618978 0.779112 -0.331191 0.758885 0.560719 -0.938329 -0.202385 -0.280318
-35.253589 -39.925586 -679.839606 1358.628196 -0.099415 -0.645225 0.757497 -0.197722 0.758897 0.620468 -0.975204 -0.088090 -0.203021
-21.991505 -47.755765 -1193.906525 5522.938916 0.243955 0.936759 0.250935 0.259398 -0.312355 0.913864 -0.934451 0.157850 0.319194
-24.171992 -53.305915 -3003.539355 8994.842177 0.183166 0.826371 0.532505 0.111729 -0.555658 0.823869 -0.976712 0.091409 0.194107
29.697492 -29.078592 -1343.771111 4514.272539 0.544267 0.649481 0.530987 -0.007296 -0.629259 0.777162 -0.838880 0.426857 0.337746
24.001190 -44.072802 -1027.779849 4369.768873 0.510720 0.625349 0.590003 -0.173288 -0.597294 0.783078 -0.842103 0.502174 0.196685
26.519253 -36.739711 -1084.872051 4290.975946 0.598662 0.623009 0.503452 -0.071219 -0.584638 0.808162 -0.797829 0.519671 0.305631
26.471534 -34.349735 -1343.091988 -4846.469100 0.458689 0.649809 0.606097 0.046938 0.663412 -0.746781 -0.887356 0.370989 0.273799
28.871060 -26.447462 148.046055 -2042.222237 0.654468 0.602168 0.457237 -0.000046 0.604771 -0.796400 -0.756090 0.521197 0.395831
31.137975 -21.686962 8.953021 -1857.863066 0.597125 0.624749 0.503121 -0.023931 0.640813 -0.767324 -0.801791 0.446148 0.397596
31.057033 -21.935321 -1752.049018 3682.876092 0.489558 0.675614 0.551251 0.035432 -0.647081 0.761597 -0.871250 0.353314 0.340723
0.143614 -24.513425 514.762014 776.007244 0.635149 0.367304 -0.679466 0.771547 -0.342791 0.535920 -0.036069 -0.864629 -0.501115
-1.881183 -33.565728 52.466046 2162.115753 0.565255 0.383085 -0.730570 0.821405 -0.343010 0.455674 -0.076031 -0.857665 -0.508556
4.977432 -34.699219 1877.132603 3681.173669 0.447110 0.453402 -0.771051 0.887703 -0.330818 0.320222 -0.109888 -0.827639 -0.550399
-1.089268 -26.623783 273.972948 -216.651178 0.716974 0.315357 -0.621690 -0.697027 0.311389 -0.645903 0.010103 -0.896430 -0.443070
7.973009 -22.090620 3064.893678 2715.550724 0.433294 0.472904 -0.767215 0.899249 -0.283589 0.333060 -0.060068 -0.834230 -0.548136
2.577173 -23.071805 861.126225 607.518873 0.811104 0.274195 -0.516651 -0.584341 0.341177 -0.736304 0.025622 -0.899119 -0.436953
4.709066 -28.791768 -2200.340372 967.608617 0.799193 0.370542 0.473275 0.281643 0.464744 -0.839458 0.531006 -0.804184 -0.267060
-1.346575 -30.640598 -630.830441 727.369872 0.772490 0.358567 0.524108 0.330007 0.478460 -0.813739 0.542545 -0.801565 -0.251276
4.813308 -31.963936 -1596.385201 765.791350 0.799812 0.380081 0.464585 0.331853 0.364951 -0.869876 0.500174 -0.849911 -0.165761
0.906347 -32.421618 -723.149450 556.383670 0.781850 0.372361 0.500059 0.370200 0.368096 -0.852911 0.501661 -0.851970 -0.149948
12.816937 -30.360525 -3198.486868 996.837794 0.789952 0.390019 0.473140 0.313793 0.405791 -0.858410 0.526792 -0.826571 -0.198170
8.084640 -34.395990 -912.332778 783.777688 0.788382 0.411822 0.457008 0.374890 0.267389 -0.887671 0.487761 -0.871152 -0.056417
3.729965 -34.059992 -850.562235 -184.654203 0.793863 0.376895 0.477212 0.409996 0.247824 -0.877774 0.449093 -0.892487 -0.042213
-3.088607 -74.496749 363.772440 617.323397 0.739466 0.356855 0.570829 0.554255 -0.804000 -0.215373 -0.382089 -0.475646 0.792319
-3.647666 -71.804438 277.225790 -530.014523 0.744204 0.336283 0.577126 -0.496976 0.856061 0.142036 -0.446290 -0.392521 0.804209
-4.338753 -68.650006 67.516845 -315.405523 0.731542 0.340235 0.590835 0.555722 -0.799603 -0.227612 -0.394992 -0.494848 0.774020
2.804253 -33.376316 -2850.447162 84.357474 -0.559431 -0.268750 -0.784099 0.725931 -0.615456 -0.306982 -0.400077 -0.740937 0.539399
9.129077 -32.293757 -1954.553241 313.870987 -0.571272 -0.223022 -0.789879 0.714010 -0.609648 -0.344267 -0.404769 -0.760651 0.507515
-1.744214 -41.626856 -137.527201 1746.232803 0.760531 -0.003710 0.649291 -0.476859 0.675495 0.562416 0.440679 0.737355 -0.511966
-1.176001 -155.337640 -1217.100323 -5278.229421 0.883657 -0.187925 0.428760 0.466537 0.277902 -0.839711 -0.038650 -0.942048 -0.333244
-4.251465 -138.192758 356.860566 -86.113165 0.898612 -0.132388 0.418294 0.429933 0.075588 -0.899691 -0.087491 -0.988312 -0.124843
-1.716814 -150.750771 -606.755459 -7337.199328 0.898911 -0.166870 0.405110 0.436946 0.273468 -0.856909 -0.032208 -0.947296 -0.318737
-1.072868 -170.585117 -385.383840 -10780.981297 0.843275 0.084026 0.530874 -0.480382 -0.325199 0.814542 -0.241082 0.941905 0.233867
-3.438116 -186.833320 -451.582603 -6760.489835 0.835773 0.054868 0.546328 -0.386557 -0.647835 0.656417 -0.389947 0.759802 0.520233
8.639983 -52.342355 1199.368829 517.170376 0.887494 -0.238080 0.394553 0.393790 -0.052867 -0.917679 -0.239340 -0.969806 -0.046834
10.098502 -47.246100 -524.362306 1136.652250 0.892179 -0.305242 0.332932 0.351379 0.005889 -0.936215 -0.283811 -0.952257 -0.112510
6.786083 -44.815882 -1437.409979 307.101327 0.880055 -0.339767 0.331755 0.309724 -0.118881 -0.943366 -0.359964 -0.932966 -0.000612
-13.601734 -216.243375 648.393546 -48441.211367 0.979359 -0.113741 0.167090 0.202128 0.549637 -0.810582 -0.000358 -0.827625 -0.561282
