17163
34316
-40.014331 -58.194704 738.901142 7102.014432 -0.027421 0.977578 -0.208780 0.971464 -0.023164 -0.236054 0.235597 0.209295 0.949047
-47.939529 -71.966681 -1304.062981 5445.783019 0.189868 -0.962040 0.196036 0.978633 0.169394 -0.116546 0.078915 0.213975 0.973646
-49.613782 -82.286115 896.662595 11918.561069 0.507076 -0.858319 0.078498 0.851436 0.484688 -0.200335 0.133904 0.168421 0.976578
-38.316847 -61.631411 -549.704679 4557.508567 -0.209506 -0.921098 0.328154 0.965065 -0.248786 -0.082186 0.157341 0.299471 0.941042
-34.163339 -78.335526 -6578.301537 16609.910318 -0.452663 0.891651 0.007417 0.850559 0.434269 -0.296580 0.267667 0.127942 0.954979
-33.252202 -49.441020 -1579.200187 7487.015343 0.020292 0.984740 -0.172843 0.938727 -0.078259 -0.335658 0.344063 0.155441 0.925991
-30.181149 -48.357520 667.528156 3421.952376 0.473709 0.797008 -0.374671 0.828195 -0.547827 -0.118233 0.299488 0.254293 0.919588
15.713831 -21.077525 -20671.071377 -8518.423502 0.417563 0.127563 -0.899649 0.183110 0.957971 0.220821 0.890007 -0.256942 0.376655
-14.330122 -29.854472 -10634.520045 -1477.762757 0.398284 0.568721 -0.719671 0.007846 0.782445 0.622671 0.917229 -0.253646 0.307173
8.282147 -37.597125 -23730.782975 -4331.545636 0.428037 0.258757 -0.865927 0.063894 0.947075 0.314590 0.901500 -0.189984 0.388850
2.331228 -39.329906 -3675.278286 -7505.817445 0.372891 0.283165 -0.883612 0.074367 0.940112 0.332655 0.924890 -0.189755 0.329501
3.503718 -24.950764 5666.427817 4043.107578 0.360633 0.856991 -0.368117 0.688268 -0.510876 -0.515065 0.629468 0.067614 0.774079
-1.894776 -25.053984 6583.401095 8306.750303 0.369532 0.849879 -0.375703 0.643580 -0.525731 -0.556248 0.670262 0.036244 0.741239
14.970701 -12.807068 10590.458489 -3891.893063 0.602066 0.558882 -0.570234 -0.417002 0.829135 0.372349 0.680901 0.013611 0.732249
21.730177 -47.797137 -6342.991525 -329.673324 -0.236104 0.960962 0.144247 0.582713 0.258807 -0.770366 0.777625 0.097832 0.621071
21.377512 -47.112229 -4734.637815 -917.081419 -0.251528 0.958671 0.132977 0.680968 0.272927 -0.679554 0.687762 0.080374 0.721473
27.943576 -47.512647 -4200.924347 -120.423677 -0.284573 0.952458 0.108817 0.595635 0.264611 -0.758419 0.751157 0.151010 0.642619
28.246318 -48.300354 -3835.186015 304.275727 -0.296131 0.949540 0.103346 0.501723 0.246709 -0.829101 0.812761 0.193672 0.549465
19.599091 -48.488158 -6134.798651 92.495625 -0.219990 0.964170 0.148258 0.486063 0.240112 -0.840291 0.845782 0.112792 0.521469
1.115442 -13.098420 116.706245 -1025.696558 -0.618645 -0.682915 -0.388466 -0.496527 0.723019 -0.480317 0.608884 -0.104262 -0.786378
1.401278 -12.360088 -504.890998 -847.061188 -0.675594 -0.570524 -0.466985 -0.404490 0.816380 -0.412204 0.616410 -0.089592 -0.782312
2.315415 -16.912577 -145.931879 -2825.343464 -0.683533 -0.565668 -0.461305 -0.412300 0.820730 -0.395487 0.602322 -0.080132 -0.794221
0.075034 -10.411815 -1144.028245 -216.472013 -0.600398 -0.698601 -0.389203 -0.499907 0.707743 -0.499192 0.624192 -0.105148 -0.774163
0.502589 -18.905537 1142.967953 -3135.293590 -0.664058 -0.621031 -0.416351 -0.457585 0.777957 -0.430580 0.591307 -0.095415 -0.800782
-1.688485 -15.096343 -1564.322038 -608.070603 0.568565 0.757204 0.321520 -0.559064 0.642376 -0.524214 0.603474 -0.118299 -0.788559
-0.199605 -12.537823 2.940370 724.826175 0.524187 0.800345 0.290991 -0.587826 0.587286 -0.556377 0.616189 -0.120594 -0.778311
-4.373090 -36.733188 179.397396 934.338154 0.396808 0.903877 -0.159845 0.710415 -0.412693 -0.570084 0.581252 -0.112658 0.805887
-1.477628 -35.283569 3808.705158 4244.063089 0.414483 0.883578 -0.217932 0.611915 -0.447841 -0.651919 0.673620 -0.136853 0.726297
-2.946042 -37.957465 1372.641522 2152.581961 0.440412 0.873202 -0.208700 0.682309 -0.476621 -0.554334 0.583516 -0.101738 0.805704
-5.399631 -40.476539 -308.784828 -2174.106269 0.435903 0.884653 -0.165464 0.760098 -0.460316 -0.458650 0.481912 -0.074158 0.873076
-5.168052 -38.683957 -1463.889735 -3594.982917 0.396679 0.909189 -0.126575 0.778147 -0.406198 -0.479052 0.486963 -0.091536 0.868613
-2.833606 -41.638813 -115.335801 2162.257582 0.067254 0.963020 -0.260901 -0.050025 0.264419 0.963110 -0.996481 0.051721 -0.065958
-3.731114 -43.756609 -19.036728 -305.560324 0.072012 0.965258 -0.251181 0.011610 0.251006 0.967916 -0.997336 0.072618 -0.006869
-3.746277 -43.026019 -971.690093 1033.931026 0.065347 0.956742 -0.283503 -0.042549 0.286523 0.957128 -0.996955 0.050483 -0.059432
-3.206880 -44.059229 -226.973931 740.961733 0.074493 0.964104 -0.254863 -0.160191 0.263823 0.951176 -0.984271 0.030029 -0.174094
-5.013644 -45.166284 -1166.540909 -894.731313 0.074571 0.958998 -0.273427 -0.156934 0.282060 0.946475 -0.984790 0.027670 -0.171533
0.775492 -60.715585 683.165431 2004.344502 0.163243 0.921969 -0.351178 -0.928085 0.264255 0.262350 -0.334679 -0.283096 -0.898803
1.978085 -61.904416 -274.970625 -2387.910274 0.154678 0.920105 -0.359836 0.946094 -0.242857 -0.214303 -0.284570 -0.307291 -0.908071
1.825709 -57.798055 -764.234053 2293.921375 0.151289 0.919992 -0.361560 -0.893572 0.283682 0.347929 -0.422660 -0.270442 -0.864997
2.533255 -60.616704 79.800121 1909.413241 0.152975 0.923743 -0.351138 -0.926021 0.258068 0.275475 -0.345086 -0.283020 -0.894883
2.564831 -54.155194 -222.010265 3216.139850 0.147934 0.926000 -0.347332 -0.851154 0.298050 0.432093 -0.503640 -0.231712 -0.832260
1.518894 -50.693986 -955.531415 2468.934400 0.146395 0.920815 -0.361480 -0.815365 0.319232 0.482982 -0.560133 -0.224032 -0.797534
-9.405663 -95.071242 888.586740 887.172534 0.134632 0.951499 0.276629 -0.016917 0.281337 -0.959460 0.990751 -0.124495 -0.053973
-9.454014 -92.142322 -510.523992 941.934760 0.123016 0.950148 0.286506 -0.010339 0.289910 -0.956998 0.992351 -0.114764 -0.045487
-8.457963 -90.899155 725.179391 -524.175801 0.111922 0.948108 0.297598 0.205875 0.270859 -0.940346 0.972157 -0.166513 0.164876
29.462363 -9.177349 4474.219606 -1247.577592 -0.907431 -0.126099 -0.400835 -0.233289 0.944577 0.230976 0.349493 0.303105 -0.886556
17.699271 -12.966141 -4213.822892 -1755.481974 0.951183 -0.009393 0.308484 -0.087606 0.950204 0.299060 0.295932 0.311486 -0.902995
29.164761 -7.720948 5745.455063 -947.676568 -0.927080 -0.109709 -0.358451 -0.201160 0.952474 0.228753 0.316319 0.284178 -0.905088
37.390514 -6.242532 3876.127101 -541.730264 -0.871679 -0.175851 -0.457440 -0.289754 0.937714 0.191663 0.395244 0.299614 -0.868340
33.268942 -8.478639 1271.683492 -1623.372939 -0.841220 -0.177946 -0.510573 -0.308584 0.933406 0.183110 0.443988 0.311591 -0.840111
27.986993 -12.631530 3292.770973 -2406.520728 -0.890626 -0.131085 -0.435434 -0.254787 0.936981 0.239062 0.376655 0.323857 -0.867898
15.964652 -25.369283 -12508.489414 2199.071560 0.457467 -0.653847 0.602667 0.833378 0.551650 -0.034095 -0.310169 0.517847 0.797264
31.975243 -31.504544 -12339.638415 4548.472319 0.360016 -0.734311 0.575479 0.876222 0.477943 0.061696 -0.320350 0.482036 0.815486
9.763582 -25.517854 -5890.782322 482.941358 0.510946 -0.641585 0.572104 0.796053 0.604312 -0.033250 -0.324397 0.472414 0.819507
41.352290 -27.196125 -17826.947741 2999.221569 0.421005 -0.688202 0.590874 0.860548 0.508962 -0.020355 -0.286724 0.517045 0.806507
-2.127786 -46.363174 -1295.414184 601.740405 -0.151779 0.892608 0.424515 0.118944 -0.409876 0.904353 -0.981232 -0.187755 0.043960
2.902641 -54.429090 -1223.658662 -2954.503308 -0.140887 0.865717 0.480297 0.173320 -0.456076 0.872900 -0.974736 -0.206225 0.085791
-3.788932 -56.657811 -3114.201012 -9373.598273 -0.169720 0.824815 0.539329 0.164900 -0.515784 0.840699 -0.971598 -0.231619 0.048473
2.806128 -56.569486 -1615.970435 6880.626360 -0.153093 0.925953 0.345216 0.084752 -0.335744 0.938133 -0.984571 -0.172879 0.027076
1.066308 -35.878172 -106.742385 -4577.945302 0.256517 0.947643 -0.190187 0.941090 -0.289737 -0.174364 0.220339 0.134256 0.966140
3.589937 -30.945009 -1011.745293 99.793549 0.318429 0.927436 -0.196124 0.921462 -0.351399 -0.165608 0.222509 0.127987 0.966493
1.386259 -38.491020 -1189.311322 -2724.142982 0.330144 0.924983 -0.188179 0.909607 -0.365024 -0.198424 0.252229 0.105661 0.961882
3.706714 -30.470982 1042.986771 -1136.043298 0.311980 0.925208 -0.216007 0.931255 -0.342832 -0.123413 0.188237 0.162655 0.968561
-1.092925 -39.134609 -312.186239 -4582.891608 0.146968 0.976090 -0.160153 0.970486 -0.173591 -0.167402 0.191201 0.130823 0.972794
2.062067 -31.076479 819.781183 -941.584609 0.263767 0.943202 -0.201984 0.946192 -0.293699 -0.135869 0.187475 0.155277 0.969919
-5.926809 -161.425745 -1529.440271 15419.411052 -0.658506 0.250547 -0.709646 0.689044 0.579916 -0.434644 0.302637 -0.775192 -0.554516
-8.564858 -154.539476 -2847.023483 17246.988339 -0.670546 0.237950 -0.702672 0.698962 0.520078 -0.490888 0.248638 -0.820304 -0.515054
-9.353085 -129.566120 1412.014073 7510.642572 0.649823 -0.275052 0.708573 0.647087 0.689261 -0.325880 0.398758 -0.670273 -0.625881
-5.378009 -139.145433 1337.411412 5593.615305 0.644680 -0.261083 0.718487 0.600929 0.754024 -0.265203 0.472516 -0.602731 -0.642997
13.502460 -73.082444 4983.369985 7955.487532 0.966721 0.164475 0.195953 -0.146867 0.983952 -0.101331 -0.209475 0.069180 0.975364
27.248961 -84.803665 523.244507 8491.124771 0.929452 0.317194 0.188432 -0.322042 0.946712 -0.005143 -0.180022 -0.055903 0.982073
31.004335 -91.652967 5717.468897 12318.204629 0.976203 0.068843 0.205641 -0.083156 0.994620 0.061780 -0.200282 -0.077410 0.976675
49.290474 -96.473539 2970.521140 -5425.160820 0.956969 0.221309 0.187701 0.261393 -0.938317 -0.226351 -0.126029 -0.265674 0.955790
51.452806 -98.188806 -1044.678943 8145.238790 0.954843 -0.014412 0.296761 -0.057552 0.970933 0.232329 -0.291484 -0.238917 0.926259
25.970719 -88.058065 1356.846005 11893.428399 0.954156 -0.105421 0.280130 0.103010 0.994406 0.023359 -0.281025 0.006568 0.959678
2.162872 -281.553572 -900.000250 -68170.934824 0.637157 -0.148991 0.756196 0.584720 -0.545764 -0.600204 -0.502130 -0.824587 0.260619
0.214469 -292.094986 -717.695402 -47738.030942 -0.647107 0.136016 -0.750168 0.656881 -0.399980 -0.639158 -0.386988 -0.906375 0.169483
-2.529258 -362.210565 359.434565 -82297.028943 -0.617336 0.147493 -0.772750 0.751315 -0.180745 -0.634710 -0.233286 -0.972408 0.000766
1.097227 -357.322530 511.259465 -87257.798677 -0.608271 0.134206 -0.782301 0.711654 -0.344262 -0.612399 -0.351504 -0.929232 0.113896
5.807029 -250.615085 480.877056 -46274.178617 0.616812 -0.130276 0.776254 0.546532 -0.638823 -0.541486 -0.566432 -0.758243 0.322834
-31.759909 -135.419844 -12226.065694 5934.303397 0.053007 -0.519997 0.852522 0.944311 -0.251540 -0.212141 0.324756 0.816291 0.477705
-8.769543 -169.556598 -4007.772289 12925.400530 0.057965 -0.533295 0.843941 0.951432 -0.226517 -0.208487 0.302352 0.815038 0.494264
-17.886996 -310.833168 -11262.930665 94008.374951 -0.109672 -0.492544 0.863349 0.983230 -0.181085 0.021591 0.145705 0.851239 0.504144
11.234973 -346.074104 -7744.005799 80923.398183 -0.077028 -0.503282 0.860682 0.996852 -0.055140 0.056972 0.018785 0.862361 0.505945
-44.021111 -291.687076 -20162.613512 93010.937911 -0.245320 -0.463130 0.851662 0.957529 -0.253059 0.138202 0.151516 0.849395 0.505541
-4.985686 -533.812777 -10485.514747 183856.120552 -0.024272 -0.458992 0.888109 0.983202 0.149791 0.104286 -0.180897 0.875722 0.447646
-0.517213 -51.352285 -3470.449390 -595.687052 0.007641 0.997819 0.065562 0.764502 0.036433 -0.643590 0.644575 -0.055040 0.762557
1.195739 -48.794729 -2788.223525 -1138.004193 -0.017034 0.996089 0.086696 0.826134 0.062864 -0.559956 0.563217 -0.062084 0.823974
5.665734 -51.013311 -3111.259450 -614.610087 -0.018483 0.996232 0.084734 0.770839 0.068172 -0.633372 0.636762 -0.053610 0.769194
3.000824 -51.695879 -3651.728328 -1420.528293 -0.001768 0.997164 0.075232 0.721985 0.053326 -0.689851 0.691907 -0.053097 0.720032
31.999717 -37.957351 8485.086086 -1057.769452 -0.188239 0.967104 0.171101 0.886221 0.242347 -0.394816 0.423294 -0.077314 0.902688
27.752935 -40.085690 5443.495217 -1226.074623 -0.160764 0.967189 0.196723 0.853096 0.236404 -0.465124 0.496369 -0.093049 0.863110
37.992536 -34.785488 1041.412983 -1289.071461 -0.194461 0.931262 0.308117 0.881130 0.303868 -0.362317 0.431039 -0.201035 0.879654
43.958132 -34.799716 10264.351917 -1398.763905 -0.212654 0.957871 0.193033 0.918154 0.263473 -0.295932 0.334324 -0.114302 0.935501
20.241557 -36.768619 280.477689 -6913.159869 0.742434 0.162647 0.649876 -0.309721 0.943515 0.117694 -0.594025 -0.288660 0.750873
24.253135 -40.466382 -883.992676 -4607.026336 0.794897 0.057343 0.604029 -0.171190 0.976274 0.132602 -0.582093 -0.208809 0.785854
17.266339 -22.541231 1166.484899 -10376.480114 0.791993 0.099995 0.602285 -0.263968 0.945609 0.190117 -0.550516 -0.309556 0.775311
21.088832 -35.105306 -614.119921 -5958.693126 0.836870 -0.024372 0.546858 -0.116939 0.967987 0.222094 -0.534765 -0.249813 0.807230
14.820776 -19.145965 2068.851471 -10861.061165 0.671524 0.321314 0.667692 -0.487106 0.870451 0.071015 -0.558375 -0.372925 0.741043
9.256620 5.762853 -10323.409532 -2435.637063 0.060488 0.886961 0.457866 0.847117 -0.288234 0.446445 -0.527952 -0.360862 0.768795
13.920351 -16.335499 -2017.728901 -9560.776982 0.855882 -0.166744 0.489553 -0.035760 0.925252 0.377663 -0.515933 -0.340741 0.785944
-14.868306 -87.486327 5732.005500 257.538446 0.060867 0.967355 0.246008 0.989660 -0.026419 -0.140976 -0.129875 0.252045 -0.958961
-12.738306 -89.451858 1987.052432 -236.622247 0.062310 0.968060 0.242854 0.996226 -0.045596 -0.073852 -0.060420 0.246539 -0.967248
-14.394877 -85.890375 4059.888326 271.210274 0.059319 0.968047 0.243652 0.995172 -0.076468 0.061530 0.078195 0.238826 -0.967909
-4.310760 -28.352647 614.965253 -44.778189 -0.064891 0.995234 0.072784 0.087434 0.078328 -0.993086 0.994055 0.058078 0.092100
-6.003552 -28.141638 1584.245626 -291.719352 -0.051700 0.998272 0.027921 0.127122 0.034309 -0.991293 0.990539 0.047701 0.128677
-5.974499 -28.599766 222.285473 -153.095631 -0.054054 0.998343 0.019739 0.065606 0.023276 -0.997574 0.996380 0.052628 0.066755
-6.331355 -28.862559 -63.642786 -186.298937 -0.062059 0.995635 0.069707 0.026985 0.071490 -0.997076 0.997708 0.059996 0.031304
-6.279602 -28.955240 -258.072392 -226.660626 -0.069859 0.986565 0.147681 0.028398 0.149949 -0.988286 0.997153 0.064847 0.038492
-0.486930 -311.620804 -3649.451581 -41264.155360 0.107359 0.980181 0.166494 0.994202 -0.104812 -0.024034 -0.006107 0.168109 -0.985750
-0.834173 -286.092624 -1470.622711 -3401.929589 0.100084 0.978168 0.182129 -0.959972 0.143059 -0.240806 0.261604 0.150738 -0.953332
3.409824 -300.774943 -3208.227936 -43062.353388 0.096091 0.983844 0.151056 -0.890290 0.152819 -0.428987 0.445140 0.093262 -0.890591
8.640723 -345.316459 -38.849742 -48580.595684 0.045497 0.981189 0.187611 -0.915942 0.115934 -0.384201 0.398724 0.154361 -0.903987
-43.890418 -108.124678 20484.895213 20610.638038 -0.238650 0.449020 0.861061 0.275909 0.881493 -0.383204 -0.931086 0.146122 -0.334257
-32.447929 -191.641199 8404.873842 59493.800101 -0.237866 0.256454 0.936830 0.102146 0.965770 -0.238441 -0.965912 0.038976 -0.255920
-11.732476 -77.994912 7600.998144 11466.331118 -0.211280 0.613378 0.761005 0.304318 0.781163 -0.545138 -0.928844 0.116411 -0.351706
41.423802 -40.089816 -14718.405570 -2713.307790 -0.090481 -0.934807 0.343436 0.943302 0.030141 0.330564 -0.319365 0.353874 0.879078
39.075099 -40.665016 13405.217886 -2479.422164 0.084899 0.930786 -0.355569 0.909073 0.073729 0.410061 -0.407895 0.358052 0.839893
19.389454 -47.259543 -8443.114695 -2596.643403 -0.251854 -0.917791 0.306968 0.923792 -0.133468 0.358880 -0.288407 0.373960 0.881462
24.888282 -45.841448 -8022.856393 -993.020817 -0.210398 -0.934141 0.288293 0.950821 -0.126963 0.282523 -0.227314 0.333557 0.914914
3.286707 -45.518739 1173.789475 -2293.422665 0.304528 0.814912 -0.493134 -0.410885 -0.354688 -0.839863 0.859323 -0.458384 -0.226822
6.658928 -44.006428 586.073932 -5167.126055 0.312425 0.802253 -0.508705 -0.469167 -0.335326 -0.816969 0.825998 -0.493909 -0.271626
3.608995 -44.365091 -105.904655 -5039.701526 0.284311 0.763749 -0.579529 -0.452370 -0.426088 -0.783460 0.845298 -0.484908 -0.224356
8.429678 3.796739 1274.108597 -232.300753 0.784421 0.585305 0.205190 -0.349725 0.690622 -0.633035 -0.512227 0.424805 0.746434
5.890151 0.895389 -710.537771 6794.958785 0.769392 0.012033 0.638663 0.287142 0.886598 -0.362622 -0.570601 0.462385 0.678686
10.235569 4.462999 -468.188211 -1217.462474 -0.040274 0.885874 -0.462174 0.823691 0.291268 0.486514 -0.565607 0.361095 0.741417
10.407295 0.288933 -2318.462342 3226.792153 0.276630 0.941615 -0.191931 0.791604 -0.110048 0.601043 -0.544829 0.318200 0.775828
-29.613219 -46.797224 -1707.349084 -53.038575 -0.127952 0.990431 -0.051725 -0.909635 -0.096412 0.404066 -0.395212 -0.098752 -0.913266
-38.018421 -50.279491 -3755.050694 -1024.799262 -0.355901 0.927472 0.114592 -0.844234 -0.371672 0.386173 -0.400755 -0.040697 -0.915281
-37.818717 -51.977362 -3406.856725 -116.997235 -0.396573 0.911125 0.112168 -0.862639 -0.411654 0.293931 -0.313982 -0.019804 -0.949222
-33.482314 -51.473754 296.739253 -640.227572 -0.390522 0.918696 0.059079 -0.877356 -0.390849 0.278358 -0.278818 -0.056872 -0.958659
-38.676409 -55.035782 -2378.610991 2601.135454 -0.433843 0.896943 0.085278 -0.874505 -0.441980 0.199735 -0.216842 -0.012078 -0.976132
-45.135915 -55.439016 -3424.494788 2750.345985 -0.546760 0.808070 0.219264 -0.787830 -0.585180 0.192062 -0.283509 0.067731 -0.956575
6.403874 -46.877422 -11582.236073 -2747.555432 -0.346504 0.830783 -0.435585 0.787815 0.005670 -0.615886 -0.509197 -0.556568 -0.656468
-10.245257 -76.749228 -33944.808558 3834.712295 -0.203062 0.606401 -0.768794 0.817085 -0.327720 -0.474312 -0.539572 -0.724485 -0.428933
1.636674 -125.719083 -30764.158746 84647.028330 -0.067195 0.613797 -0.786599 0.991437 -0.047398 -0.121678 -0.111968 -0.788040 -0.605356
0.207717 -45.351821 -3824.431547 13049.329690 -0.021481 0.763768 -0.645134 -0.672852 0.466230 0.574369 -0.739466 -0.446417 -0.503887
27.136597 -46.972105 -6215.787227 -834.128419 -0.435554 0.843160 -0.315235 0.784317 0.183612 -0.592565 -0.441746 -0.505339 -0.741278
26.268206 -48.426132 12047.504283 1179.890431 -0.114681 0.989337 0.089780 -0.433786 -0.131177 0.891416 -0.893688 -0.063283 -0.444205
43.545496 -44.277227 12000.680129 1754.079897 -0.155106 0.982544 0.102713 -0.335344 -0.150164 0.930051 -0.929240 -0.109812 -0.352782
41.363789 -47.388817 16208.679999 1311.465615 -0.143947 0.984718 0.098030 -0.450884 -0.153446 0.879294 -0.880899 -0.082371 -0.466082
30.380055 -50.434566 11865.328176 608.728697 -0.118000 0.990379 0.072293 -0.546143 -0.125528 0.828233 -0.829339 -0.058249 -0.555701
59.993221 -60.121148 22205.246886 -2409.020138 -0.589013 0.805349 0.066910 -0.571694 -0.473776 0.669852 -0.571165 -0.356300 -0.739474
26.573500 -51.565366 11688.960394 -54.568375 -0.553864 0.829683 0.069719 -0.620203 -0.466987 0.630295 -0.555503 -0.305857 -0.773219
38.007500 -52.750500 14232.278067 153.344440 -0.491830 0.870685 -0.003325 -0.597606 -0.334791 0.728548 -0.633222 -0.360309 -0.684987
6.993521 -47.690226 4668.601277 278.046652 -0.451293 0.891829 -0.031226 -0.683026 -0.322690 0.655245 -0.574291 -0.317036 -0.754770
10.344261 -46.145529 2687.667622 238.066357 -0.355172 0.925811 -0.129334 -0.684501 -0.163346 0.710477 -0.636641 -0.340871 -0.691734
17.491783 -45.583566 6873.458023 394.017004 -0.326028 0.933577 -0.148793 -0.628832 -0.096641 0.771512 -0.705887 -0.345100 -0.618571
11.957980 -44.312659 1249.767368 -1055.013184 0.390401 0.897104 0.206859 -0.772022 0.441417 -0.457311 0.501567 -0.018835 -0.864914
7.362798 -46.930941 306.692776 -6894.344796 0.300655 0.935484 0.185679 -0.816602 0.353079 -0.456615 0.492715 0.014342 -0.870073
8.018157 -48.919953 1530.992343 -6683.193136 0.340023 0.917546 0.206141 -0.815899 0.396830 -0.420516 0.467646 0.025205 -0.883556
10.422343 -43.840869 541.795607 -1459.755884 0.317221 0.929566 0.187825 -0.784138 0.368488 -0.499343 0.533384 -0.011121 -0.845800
15.472710 -38.915460 1014.339692 2770.157549 0.375666 0.908123 0.184899 -0.751821 0.415286 -0.512156 0.541886 -0.053388 -0.838754
3.789225 -16.453848 2599.345892 -799.353496 0.103437 0.952210 0.287396 0.196877 -0.302830 0.932488 -0.974957 0.039872 0.218792
0.435068 -18.385066 1910.594609 -1229.234112 0.102163 0.942031 0.319595 0.232945 -0.334998 0.912969 -0.967109 0.018823 0.253666
6.758704 -18.647085 2440.934553 -2357.853176 0.110717 0.932896 0.342706 0.222794 -0.359348 0.906219 -0.968558 0.023981 0.247629
8.409185 -24.770697 2020.111006 -2814.485682 0.088384 0.943346 0.319822 0.280846 -0.331653 0.900629 -0.955675 -0.010220 0.294248
10.542563 -18.803888 1300.733148 -3153.308421 0.070774 0.936598 0.343183 0.223326 -0.350190 0.909666 -0.972171 -0.012261 0.233952
10.805439 -15.292394 2682.585248 -2000.834084 0.099188 0.936710 0.335761 0.199287 -0.349289 0.915577 -0.974908 0.023902 0.221319
8.463017 -14.704536 3264.982720 -1372.245798 0.108349 0.940641 0.321645 0.193940 -0.337334 0.921191 -0.975012 0.037430 0.218978
1.209756 -40.398440 93.977675 -1502.012352 0.080065 0.967849 0.238448 -0.773147 -0.090690 0.627709 -0.629153 0.234613 -0.741029
1.006483 -41.567236 -314.642661 -1916.808323 0.076084 0.969859 0.231485 -0.772916 -0.089303 0.628193 -0.629931 0.226714 -0.742824
1.037827 -47.548664 -108.758025 2118.622659 0.086757 0.968903 0.231735 -0.803525 -0.069451 0.591206 -0.588915 0.237496 -0.772512
0.681176 -45.486472 251.332500 2476.935045 0.084421 0.966155 0.243756 -0.793179 -0.082908 0.603318 -0.603109 0.244275 -0.759335
0.265321 -40.266240 312.481044 -1780.078509 0.082477 0.965400 0.247387 -0.771915 -0.095126 0.628569 -0.630353 0.242804 -0.737361
0.401250 -36.370241 464.534420 1365.649263 0.078546 0.964613 0.251697 -0.701446 -0.125928 0.701509 -0.708381 0.231653 -0.666733
4.971488 -60.141451 188.910781 8279.601483 0.229357 0.924247 0.305227 -0.260965 0.360497 -0.895511 0.937706 -0.125739 -0.323878
5.490374 -51.437615 -117.739162 4187.801251 0.253441 0.889987 0.379065 -0.342592 0.449041 -0.825223 0.904654 -0.079281 -0.418708
7.535962 -50.613570 -1176.328427 7272.552230 0.254512 0.911342 0.323542 -0.373427 0.401226 -0.836403 0.892063 -0.092055 -0.442436
7.031138 -56.722275 2.304695 8024.535038 0.229691 0.932615 0.278337 -0.352137 0.346242 -0.869549 0.907326 -0.101715 -0.407937
1.820934 -78.783593 1313.866846 9912.613588 0.126774 0.871570 0.473596 0.483137 -0.471241 0.737909 -0.866318 -0.135264 0.480829
-0.204093 -103.037575 912.968209 10795.667802 0.126526 0.867038 0.481908 0.259131 -0.497834 0.827655 -0.957519 -0.020158 0.287666
1.089965 -83.107541 1759.704472 9916.192409 0.133910 0.872236 0.470396 0.439401 -0.477720 0.760730 -0.888254 -0.104823 0.447233
2.186283 -65.264609 747.434909 6036.785142 0.117287 0.870152 0.478623 0.580643 -0.451074 0.677780 -0.805666 -0.198414 0.558153
2.121218 -64.492317 56.621117 3328.275753 0.092640 0.876133 0.473084 0.609415 -0.425632 0.668918 -0.787421 -0.226335 0.573359
2.565933 -63.757195 327.093146 5605.859783 0.119348 0.857370 0.500672 0.532170 -0.480960 0.696759 -0.838183 -0.183286 0.513668
-6.359916 -47.350122 -1771.753181 2824.889714 0.194122 0.960062 0.201490 -0.823241 0.047737 0.565681 -0.533470 0.275686 -0.799629
-7.651278 -48.786288 -3636.554292 4444.602101 0.173033 0.967277 0.185565 -0.759476 0.011078 0.650441 -0.627101 0.253479 -0.736541
-10.851218 -48.742242 -3274.865553 -750.807278 0.224878 0.955705 0.189889 -0.826676 0.083971 0.556377 -0.515787 0.282094 -0.808942
-8.794742 -49.499097 -1859.135129 -3891.118523 0.217805 0.953355 0.208984 -0.899985 0.113341 0.420929 -0.377608 0.279763 -0.882692
23.776583 -28.202246 184.548672 97.754141 0.794277 0.339866 0.503602 -0.133021 -0.711507 0.689974 -0.592815 0.615020 0.519924
20.404392 -36.361586 -1382.599485 1650.550740 0.810687 0.298250 0.503819 -0.151982 -0.723823 0.673039 -0.565410 0.622196 0.541465
19.957520 -31.279870 -3790.241350 -300.553507 0.760609 0.207539 0.615143 0.229178 0.800688 -0.553513 -0.607413 0.561984 0.561447
18.088847 -34.292536 -4589.327733 -199.451958 0.739061 0.068568 0.670139 0.293391 0.862733 -0.411841 -0.606391 0.500989 0.617495
16.082522 -28.120540 -6387.465539 -521.659583 0.725204 0.133886 0.675391 0.266206 0.850111 -0.454362 -0.634990 0.509299 0.580863
17.677441 -25.502174 -1478.837775 -300.082883 0.765535 0.247387 0.593933 0.190206 0.794845 -0.576232 -0.614637 0.554096 0.561427
3.296487 -118.142095 722.412611 -7095.870821 0.749140 0.662169 -0.017937 -0.532014 0.617582 0.579271 -0.394653 0.424412 -0.814938
4.723973 -123.749162 1886.958163 -2242.621404 0.739314 0.673352 -0.003609 -0.441716 0.489018 0.752162 -0.508235 0.554489 -0.658968
4.512612 -115.571635 -387.867161 -5825.852169 0.727731 0.685088 -0.032575 -0.542095 0.603634 0.584602 -0.420167 0.407774 -0.810666
3.864004 -106.943651 592.934237 -7699.549183 0.731471 0.681553 -0.020858 -0.613466 0.671135 0.416219 -0.297674 0.291656 -0.909025
2.156127 -104.103387 690.720569 -7994.826507 -0.744594 -0.665804 0.047800 -0.604652 0.703075 0.374274 -0.282800 0.249780 -0.926085
6.632208 -113.365789 435.394173 -5170.253731 0.710721 0.703320 -0.014681 -0.548729 0.567321 0.614038 -0.440195 0.428354 -0.789140
2.025743 -61.021839 685.008715 -402.084759 0.084716 0.965250 0.247215 0.968844 -0.021846 -0.246706 -0.232732 0.260413 -0.937028
4.227361 -60.258364 831.248900 2458.528448 0.101151 0.966929 0.234131 0.975524 -0.050211 -0.214085 -0.195249 0.250056 -0.948341
2.586723 -59.647466 -18.695703 -1510.193649 0.090102 0.968820 0.230804 0.987740 -0.057263 -0.145229 -0.127484 0.241059 -0.962101
1.283629 -61.345904 1237.972599 -1432.034358 0.107400 0.960210 0.257801 0.985025 -0.067591 -0.158611 -0.134875 0.270975 -0.953090
14.951368 -52.779162 -7233.073078 683.356289 -0.121734 0.992112 0.029908 -0.655778 -0.103011 0.747893 -0.745075 -0.071431 -0.663145
26.011562 -51.971884 -8223.990633 -239.002010 -0.109314 0.991747 0.066990 -0.733286 -0.125957 0.668151 -0.671075 -0.023915 -0.741003
20.611929 -52.848386 -3873.771744 -509.181949 -0.092917 0.990619 0.100201 -0.635426 -0.136476 0.760005 -0.766551 -0.006947 -0.642146
15.368272 -52.592261 -5984.013479 260.621539 -0.105832 0.992914 0.054059 -0.565097 -0.104786 0.818343 -0.818208 -0.056058 -0.572183
12.324432 -52.194547 -1912.066384 155.978440 -0.121250 0.992066 0.033221 -0.594525 -0.099382 0.797912 -0.794883 -0.076996 -0.601858
14.090930 -51.443646 1024.409731 308.291494 -0.103019 0.994265 0.028718 -0.697762 -0.092813 0.710292 -0.708883 -0.053135 -0.703321
27.318264 -96.016111 -5993.787505 24197.600741 -0.627264 -0.775409 -0.072668 0.686800 -0.506752 -0.521064 0.367213 -0.376753 0.850418
12.883993 -77.765849 4988.265460 16649.870650 0.564340 0.823113 0.063292 0.717920 -0.451475 -0.529869 0.407568 -0.344465 0.845714
30.098000 -58.485426 8654.333380 9676.007465 0.593236 0.802233 0.067031 0.673631 -0.449092 -0.586973 0.440786 -0.393368 0.806827
11.726063 -157.664059 -1908.002999 -13545.719689 0.757615 0.652006 0.030118 -0.516265 0.570376 0.638859 -0.399362 0.499558 -0.768734
13.040232 -177.458242 -837.825050 -1612.587502 0.758787 0.644333 0.095275 -0.401877 0.348023 0.846980 -0.512579 0.680966 -0.523018
10.800472 -152.817488 -2026.377517 -2738.394773 0.744644 0.665396 0.052467 -0.438113 0.427959 0.790511 -0.503550 0.611636 -0.610196
-17.208418 -361.513615 4946.441050 108852.870495 0.411149 0.862126 0.296135 -0.731554 0.118240 0.671452 -0.543861 0.492705 -0.679306
-14.696246 -122.961608 5802.497607 7829.676272 0.543407 0.811786 0.213804 -0.575993 0.175278 0.798442 -0.610689 0.557028 -0.562830
-11.560830 -302.989332 5162.066939 -98383.179254 0.465563 0.840484 0.277198 0.738224 -0.196049 -0.645437 -0.488135 0.505126 -0.711739
42.673904 -4531.839448 16183.197499 -1766146.053462 0.562624 0.795973 0.223339 0.763748 -0.397036 -0.508971 -0.316453 0.456935 -0.831305
-33.098672 -413.477517 4142.609830 145519.142836 0.447854 0.864722 0.227340 -0.746418 0.221611 0.627493 -0.492226 0.450716 -0.744694
-148.401322 -17935.696990 18896.044280 24285714.100977 0.491955 0.870604 -0.005345 0.218664 -0.117614 0.968686 -0.842714 0.477719 0.248230
89.706302 -11955.542416 -133920.518770 3938662.567800 0.448496 0.886741 0.111986 0.869496 -0.461881 0.175051 -0.206950 -0.018862 0.978170
-35.252741 -3270.030358 -4704.825671 1131908.203423 0.383427 0.923185 0.026727 0.063980 -0.055420 0.996411 -0.921353 0.380340 0.080315
0.571434 -2471.912867 2164.873084 -430746.420244 0.554333 0.832117 0.017195 -0.035433 0.002953 0.999368 -0.831540 0.554592 -0.031121
14.855485 -5247.077605 4974.853646 -2293067.517587 0.494062 0.866488 -0.071418 -0.823219 0.492646 0.282152 -0.279665 0.080608 -0.956708
-160.454520 -8280.985268 89146.692958 -42477522.400914 0.594121 0.796161 -0.114666 0.804259 -0.585538 0.101552 0.013710 -0.152555 -0.988200
3.664045 -21.045988 -2899.414512 125.473943 0.065876 0.996148 -0.057868 -0.833080 0.022986 -0.552675 0.549216 -0.084616 -0.831386
5.850718 -22.208861 -3271.466884 -1166.813872 -0.052751 0.988455 -0.142032 -0.855391 -0.118118 -0.504335 0.515290 -0.094889 -0.851747
-1.069178 -18.365138 -1789.806217 -1401.869823 -0.095399 0.982503 -0.159962 -0.840034 -0.165677 -0.516618 0.534080 -0.085088 -0.841141
-2.225689 -15.448457 -1851.440052 -139.449120 0.069342 0.996454 -0.047661 -0.822697 0.030098 -0.567682 0.564235 -0.078575 -0.821867
-5.572525 -13.221222 -812.352684 -1350.315602 -0.181596 0.961894 -0.204408 -0.809166 -0.264284 -0.524790 0.558814 -0.070100 -0.826325
-3.184243 -20.489802 -1434.783561 -2126.272828 -0.222299 0.947687 -0.229068 -0.830690 -0.307100 -0.464375 0.510429 -0.087054 -0.855502
-4.872086 -15.733109 -897.129696 -1760.441508 -0.248318 0.938363 -0.240445 -0.804358 -0.338054 -0.488598 0.539766 -0.072076 -0.838724
41.010547 -10.861812 1500.726113 -9847.716430 -0.452284 0.878250 0.155297 -0.549188 -0.137050 -0.824385 0.702732 0.458143 -0.544310
28.454857 -10.298208 7474.953926 -5676.703389 -0.554526 0.798993 0.232617 -0.567667 -0.158799 -0.807797 0.608485 0.579994 -0.541620
38.476496 -21.670234 5462.945342 -1767.928679 -0.468207 0.850031 0.241310 -0.624553 -0.125169 -0.770887 0.625073 0.511645 -0.589494
32.435331 2.086837 7207.907486 -12783.415439 -0.573245 0.792900 0.206639 -0.499767 -0.138491 -0.855017 0.649325 0.593405 -0.475654
44.387440 -27.314318 -911.425050 -1657.959853 -0.351550 0.918010 0.183495 -0.647775 -0.097027 -0.755628 0.675870 0.384504 -0.628773
40.960891 -19.800005 -3058.632185 -8093.497194 -0.318559 0.942038 0.105280 -0.591092 -0.110590 -0.798987 0.741033 0.316755 -0.592060
45.607930 1.098692 -3804.752246 -14097.152859 -0.386266 0.917944 0.090426 -0.522379 -0.136904 -0.841652 0.760210 0.372338 -0.532396
41.859623 11.150424 812.906191 -14748.563212 -0.486625 0.863806 0.130521 -0.504335 -0.155782 -0.849340 0.713332 0.479136 -0.511455
-27.409381 -107.246656 -530.725407 1031.906329 0.791317 0.556350 0.253560 -0.118619 -0.267136 0.956330 -0.599789 0.786837 0.145395
-24.405578 -102.384196 -2097.969019 3957.646133 0.740330 0.617051 0.266758 -0.029068 -0.367063 0.929742 -0.671615 0.696069 0.253811
-26.255375 -98.263853 -4438.883694 4339.583106 0.751335 0.592320 0.290951 0.024918 -0.466037 0.884414 -0.659450 0.657241 0.364910
-29.907454 -98.928071 -2240.433340 747.751679 0.801376 0.531095 0.275200 -0.039330 -0.412297 0.910200 -0.596867 0.740236 0.309517
-21.249669 -35.737171 417.683711 -1764.376512 -0.326592 0.925847 0.190118 -0.789293 -0.156501 -0.593737 0.519956 0.343969 -0.781877
-20.017512 -35.901790 1066.789396 -535.469826 -0.367334 0.910818 0.188353 -0.818028 -0.220013 -0.531437 0.442602 0.349293 -0.825892
-19.446397 -34.602773 1167.615258 -1444.243645 -0.409908 0.890711 0.196495 -0.774077 -0.225751 -0.591474 0.482474 0.394552 -0.782015
-19.474718 -31.890033 719.254478 -1416.733815 -0.408632 0.885012 0.223101 -0.743836 -0.181278 -0.643309 0.528893 0.428827 -0.732380
-20.870669 -33.353495 676.082969 -910.612737 -0.317470 0.916004 0.245254 -0.778037 -0.103762 -0.619591 0.542099 0.387518 -0.745626
0.628569 -49.411828 2868.393518 2675.885322 0.282068 0.896321 0.342120 -0.271561 0.416608 -0.867578 0.920159 -0.151809 -0.360918
3.027611 -47.292258 1645.180812 2429.763127 0.283214 0.902920 0.323303 -0.256290 0.396099 -0.881715 0.924178 -0.166854 -0.343590
1.755357 -49.234591 881.465589 2083.831453 0.306631 0.879559 0.363804 -0.138446 0.419365 -0.897199 0.941706 -0.224742 -0.250362
0.185289 -51.358677 466.464714 1874.334614 0.305355 0.867478 0.392734 -0.136204 0.447981 -0.883607 0.942447 -0.216322 -0.254948
-1.822220 -57.159104 88.032081 826.986029 0.320932 0.844307 0.429125 0.022443 0.446186 -0.894659 0.946836 -0.296756 -0.124246
1.294108 -52.262024 356.376522 -1334.611736 0.319591 0.851943 0.414794 -0.010295 0.440848 -0.897523 0.947500 -0.282570 -0.149662
0.072577 -129.164982 314.482168 9590.814498 0.332527 0.774838 0.537636 0.714914 0.164700 -0.679538 0.615081 -0.610328 0.499175
0.362624 -114.526703 531.190507 8316.841358 0.361557 0.783346 0.505615 0.524757 0.277276 -0.804828 0.770653 -0.556316 0.310815
0.721863 -123.458218 1246.750485 10006.616052 0.341980 0.783742 0.518457 0.649854 0.201280 -0.732923 0.678777 -0.587567 0.440485
3.178149 -180.131233 -4800.027304 6925.891133 0.772913 0.563297 0.292064 0.627280 -0.747640 -0.218067 -0.095522 -0.351753 0.931207
9.000496 -175.391137 -2922.557057 1955.681486 0.849430 0.472992 0.233981 0.516654 -0.655175 -0.551194 0.107412 -0.589088 0.800898
-2.069497 -127.976681 -4180.647814 -3558.873573 0.837852 0.477254 0.265013 0.545705 -0.745092 -0.383463 -0.014450 -0.465904 0.884717
-2.583371 -140.234258 -2652.826740 11165.214194 0.704255 0.642051 0.302976 0.688691 -0.721480 -0.071910 -0.172421 -0.259299 0.950281
15.590724 -45.716829 1266.211801 -1505.913715 0.545670 0.814595 0.196670 -0.726410 0.576811 -0.373656 0.417819 -0.061029 -0.906478
10.412117 -47.277283 1809.070463 -4760.767247 0.524321 0.823422 0.216941 -0.762244 0.567426 -0.311467 0.379567 0.002053 -0.925162
13.658690 -46.511921 490.599863 -2266.744874 0.626653 0.755773 0.190036 -0.688669 0.651193 -0.318876 0.364748 -0.068953 -0.928550
-56.420186 -91.531549 -1556.151807 8968.374997 0.616536 -0.771757 0.155801 0.786102 0.614436 -0.067171 -0.043890 0.163889 0.985502
-46.039478 -71.027926 -415.846378 4789.191679 0.092671 -0.960867 0.261051 0.995510 0.084332 -0.042991 0.019293 0.263863 0.964367
-57.316211 -80.184474 -1522.452395 2569.497884 0.370088 -0.905975 0.205533 0.923349 0.383081 0.025989 -0.102282 0.180161 0.978305
72.879800 -94.978832 -11224.569262 -15563.965678 0.840358 -0.539090 -0.056398 0.188042 0.192367 0.963138 0.508369 0.819986 -0.263029
79.195839 -91.307409 -1442.207645 9230.111344 -0.641863 0.765528 0.044483 -0.267688 -0.169330 -0.948510 0.718579 0.620720 -0.313609
87.250914 -108.467236 -614.134905 -8558.087038 0.720486 -0.690875 -0.059932 0.107417 0.025804 0.993879 0.685099 0.722514 -0.092802
82.549040 -114.551971 -11843.246156 -7286.111834 0.853365 -0.520630 -0.026705 0.015288 -0.026211 0.999540 0.521090 0.853380 0.014408
13.881574 -16.879699 11499.818416 233.300891 0.624753 0.483820 -0.612863 -0.358170 0.875020 0.325659 0.693828 0.016052 0.719961
-12.335651 -29.254705 4881.761561 5079.073805 0.436470 0.810280 -0.391077 0.595550 -0.586002 -0.549474 0.674399 -0.006923 0.738334
18.829747 -46.506244 -5221.561466 -277.131708 -0.235856 0.962282 0.135594 0.762806 0.269772 -0.587665 0.602079 0.035172 0.797662
12.614743 -47.323814 -6198.846388 -488.365197 -0.206851 0.966889 0.149460 0.746018 0.254709 -0.615289 0.632985 0.015774 0.774004
12.661063 -46.960771 -4467.754278 208.658312 -0.202251 0.970652 0.130115 0.818541 0.240488 -0.521685 0.537666 -0.000993 0.843158
8.273086 -47.860411 -2572.790850 -206.305136 -0.193865 0.971709 0.134902 0.743519 0.235243 -0.625971 0.639996 0.021052 0.768090
7.072498 -47.840341 -3160.813342 182.714626 -0.177130 0.975186 0.132804 0.805158 0.221184 -0.550271 0.565991 -0.009458 0.824357
1.586269 -14.351361 -392.068004 -1012.419678 -0.702366 -0.515847 -0.490494 -0.370691 0.853331 -0.366626 0.607676 -0.075684 -0.790570
0.652517 -12.974265 -16.707104 -23.524889 -0.731215 -0.435970 -0.524647 -0.290562 0.894911 -0.338687 0.617169 -0.095211 -0.781049
-0.230582 -10.239269 -412.676444 -94.149072 -0.710796 -0.487296 -0.507259 -0.325465 0.867158 -0.376974 0.623572 -0.102856 -0.774970
-0.501337 -40.566984 4057.597384 -1333.409533 0.400256 0.894396 -0.199629 0.600994 -0.420642 -0.679607 0.691810 -0.152041 0.705891
-3.071411 -41.707799 1258.478617 -1456.454593 0.401782 0.901391 -0.161451 0.601617 -0.392746 -0.695563 0.690383 -0.182333 0.700090
-0.959413 -43.298340 704.214051 -6016.370918 0.410104 0.897135 -0.164207 0.575797 -0.394307 -0.716226 0.707299 -0.199177 0.678274
-2.439806 -40.918301 -1363.909001 -5574.727373 0.440451 0.883105 -0.161643 0.559063 -0.410673 -0.720276 0.702461 -0.226878 0.674592
-4.623100 -41.819423 -1955.918256 -1351.628037 0.423639 0.895186 -0.138460 0.594117 -0.389976 -0.703522 0.683779 -0.215778 0.697055
-8.434619 -44.723688 -2429.561322 3457.736888 0.081427 0.929712 -0.359173 0.084891 0.352590 0.931919 -0.993057 0.106374 0.050214
-8.725600 -44.666092 -1613.667191 737.821473 0.097405 0.935326 -0.340114 -0.017533 0.343299 0.939062 -0.995090 0.085507 -0.049838
-5.185844 -43.286135 -1592.964992 2837.622162 0.063994 0.946171 -0.317279 0.033953 0.315682 0.948257 -0.997372 0.071456 0.011924
-7.195315 -44.957145 -1139.579492 -108.911324 0.083661 0.936228 -0.341288 0.105639 0.332227 0.937265 -0.990879 0.114466 0.071108
-0.141803 -63.154244 -899.511307 1659.673493 0.154201 0.914334 -0.374454 0.987660 -0.132142 0.084061 0.027378 -0.382796 -0.923427
0.391113 -63.487363 888.402344 -989.753449 0.167877 0.922783 -0.346827 0.971509 -0.214571 -0.100651 -0.167298 -0.320048 -0.932513
0.746233 -62.071637 -1658.687705 134.585278 0.135961 0.912061 -0.386858 0.978807 -0.184020 -0.089847 -0.153135 -0.366444 -0.917752
0.977713 -62.888762 -790.473777 4402.654827 0.138916 0.918126 -0.371142 0.990291 -0.126888 0.056767 0.005026 -0.375424 -0.926839
-0.629862 -61.459593 -1480.635611 3508.272794 0.139100 0.917266 -0.373195 -0.936795 0.244060 0.250699 -0.321039 -0.314735 -0.893239
0.487288 -61.727534 -1163.360842 -1442.648852 0.138740 0.919245 -0.368430 0.976276 -0.189405 -0.104934 -0.166242 -0.345130 -0.923715
0.482911 -78.228985 428.287588 -1354.575242 0.189766 0.981775 -0.010315 0.978621 -0.188287 0.082762 -0.079312 0.025800 0.996516
-3.033607 -79.406456 1720.786579 -1756.812170 0.231879 0.972330 -0.028396 0.969315 -0.228513 0.090615 -0.081619 0.048537 0.995481
-4.493224 -75.315732 1877.273961 3524.957692 0.207904 0.977989 -0.017719 0.962775 -0.207801 -0.172864 0.172741 -0.018880 0.984786
-0.775264 -71.529558 554.159161 5209.948577 0.210047 0.977691 0.001248 0.935100 -0.200524 -0.292195 0.285426 -0.062542 0.956358
-0.401448 -73.218154 522.556874 3023.035081 0.194965 0.980802 -0.003989 0.971058 -0.193597 -0.139884 0.137971 -0.023399 0.990160
-3.415842 -65.605886 860.374351 3228.088996 0.215489 0.976497 0.004347 0.912952 -0.199882 -0.355761 0.346530 -0.080632 0.934567
-6.828859 -65.469625 2754.917864 3593.829855 0.198748 0.979932 -0.015249 0.919397 -0.191814 -0.343391 0.339424 -0.054228 0.939069
-9.519211 -75.396447 3195.066159 7290.317770 0.220474 0.975292 -0.014024 0.942238 -0.216675 -0.255419 0.252147 -0.043099 0.966729
-6.565246 -78.884849 -108.014154 -4402.464732 0.107103 0.934878 0.338425 0.611971 0.206279 -0.763506 0.783595 -0.288880 0.550025
-6.240133 -84.308843 362.228646 -3226.836206 0.128698 0.938536 0.320293 0.513359 0.213284 -0.831247 0.848469 -0.271405 0.454357
-7.268265 -85.604767 1255.580790 -3124.310343 0.105118 0.945328 0.308716 0.422316 0.238618 -0.874477 0.900333 -0.222299 0.374144
-7.871324 -88.735107 826.887774 -2923.070120 0.127020 0.943242 0.306856 0.362017 0.243937 -0.899688 0.923477 -0.225365 0.310485
-7.940779 -77.703823 -706.739605 -3791.510777 0.094607 0.935626 0.340079 0.590094 0.222424 -0.776091 0.801772 -0.274102 0.531064
-10.100728 -112.433460 397.871697 3293.648020 -0.045439 0.964461 0.260289 -0.185884 -0.264170 0.946394 -0.981520 0.005380 -0.191282
-8.400426 -101.370960 1038.989250 5850.490184 -0.046439 0.952911 0.299673 0.048710 -0.297479 0.953485 -0.997733 -0.058876 0.032602
