12987
25964
-38.278285 -56.756659 -1592.816140 7842.284916 0.309302 0.947368 0.082624 0.763678 -0.195674 -0.615229 0.566681 -0.253390 0.784007
-47.531192 -67.496420 172.425218 6693.664368 0.362663 0.931194 -0.036775 0.803325 -0.332379 -0.494158 0.472381 -0.149671 0.868594
-40.397408 -78.393788 -2664.280472 10884.882016 0.037350 0.969879 0.240706 0.892680 0.075879 -0.444258 0.449141 -0.231466 0.862958
-38.344618 -57.348629 1076.422056 5156.423940 0.608892 0.736652 -0.294270 0.547876 -0.658808 -0.515562 0.573657 -0.152698 0.804737
-22.793256 -69.474479 -6638.208156 13503.741996 0.167432 0.940991 0.294114 0.809699 0.038948 -0.585552 0.562454 -0.336184 0.755398
-26.035771 -44.647520 -4394.920696 5928.291176 0.367479 0.922250 0.120056 0.688302 -0.182877 -0.701995 0.625460 -0.340603 0.701990
-31.565180 -45.437879 112.720852 -3642.766431 0.662990 0.674441 -0.324921 -0.414919 0.692302 0.590390 0.623126 -0.256607 0.738828
126.250621 -62.037852 -8514.939724 -6132.937734 -0.525446 0.850807 0.005752 0.821775 0.505742 0.262511 -0.220437 -0.142662 0.964912
102.803343 -43.577274 1216.796885 -5450.501371 -0.424607 0.895107 -0.135989 0.800453 0.441326 0.405593 -0.423065 -0.063365 0.903881
112.553639 -41.682181 7399.519715 -4463.677391 -0.470654 0.795745 -0.381148 0.782002 0.576267 0.237464 -0.408604 0.186295 0.893497
124.052898 -49.472543 -10575.133531 -5754.359194 0.535527 -0.652072 0.536669 0.747778 0.661454 0.057504 -0.392478 0.370514 0.841831
139.622397 -65.339524 -2623.050509 -4562.285862 -0.575335 0.796344 -0.186615 0.800198 0.595259 0.073143 -0.169331 0.107247 0.979707
87.581865 -27.900416 12479.035613 -2015.760393 -0.370570 0.706948 -0.602414 0.765389 0.599859 0.233127 -0.526173 0.374691 0.763380
96.480405 -33.128816 -11181.774420 -2361.535529 0.447076 -0.601813 0.661773 0.739149 0.665213 0.105592 -0.503767 0.441941 0.742231
-12.166824 -42.135109 262.703302 1201.891537 -0.126714 0.724859 0.677143 -0.367399 0.599799 -0.710816 0.921391 0.338852 -0.190309
-11.775337 -38.365751 -1148.047016 2756.885646 -0.159877 0.749178 0.642784 -0.461772 0.518761 -0.719481 0.872471 0.411848 -0.263011
-12.276770 -41.678053 -713.149729 1097.733124 -0.151993 0.721746 0.675263 -0.354492 0.597939 -0.718891 0.922623 0.348642 -0.164970
-11.315931 -42.158261 170.387669 -845.178225 -0.126672 0.694891 0.707870 -0.242808 0.670188 -0.701350 0.961768 0.260718 -0.083831
232.846121 -34.729795 110112.284314 4122.001705 0.835145 -0.182205 0.518974 0.322960 -0.601320 -0.730830 -0.445230 -0.777956 0.443344
340.199330 -45.744380 162239.506588 -4592.443313 0.873968 -0.230722 0.427723 0.184612 -0.656528 -0.731362 -0.449553 -0.718149 0.531190
4.547576 -29.803264 17332.279019 -1192.039174 0.810049 -0.299767 0.503944 0.193933 -0.674108 -0.712719 -0.553363 -0.675069 0.487925
571.990625 -49.284406 204575.614069 910.347897 0.840115 -0.289374 0.458769 0.118863 -0.727024 -0.676245 -0.529224 -0.622655 0.576388
-24.286878 -32.366654 352.254193 -4727.556763 0.717225 -0.662343 -0.216540 -0.403151 -0.140942 -0.904215 -0.568381 -0.735824 0.368111
-6.043170 -56.277540 -1316.471828 -82.742628 0.626437 0.760377 -0.171477 0.577082 -0.600303 -0.553726 0.523979 -0.247918 0.814851
-7.297966 -53.114410 -1723.131344 -5122.440600 0.656575 0.727145 -0.200423 0.527394 -0.632552 -0.567216 0.539226 -0.266718 0.798810
-10.960721 -54.180494 -902.631379 -538.466894 0.599762 0.772954 -0.206949 0.600216 -0.605613 -0.522469 0.529175 -0.189143 0.827163
-8.135195 -52.130756 -1006.725114 5348.796750 0.603925 0.774840 -0.186808 0.619372 -0.603746 -0.501866 0.501650 -0.187386 0.844532
-13.434453 -50.546347 -176.518133 5898.192705 0.555978 0.801083 -0.221709 0.652783 -0.585941 -0.480154 0.514551 -0.122227 0.848703
-14.786263 -51.851617 -784.623059 -427.872287 0.580334 0.779464 -0.235901 0.620595 -0.610849 -0.491657 0.527328 -0.138926 0.838227
-14.959699 -57.571229 179.666509 -2765.350745 -0.182237 -0.975139 -0.126072 0.977335 -0.165597 -0.131883 0.107728 -0.147248 0.983215
-10.607964 -67.077280 -329.399518 -5618.031289 0.090483 0.982764 0.161209 0.976629 -0.055873 -0.207542 0.194958 -0.176221 0.964851
-10.814677 -69.542364 -1709.678848 -10655.536020 0.210301 0.968246 0.135177 0.957927 -0.176457 -0.226359 0.195318 -0.177093 0.964618
-5.100352 -82.514165 -2394.615192 -10162.114997 0.162387 0.967287 0.194900 0.923501 -0.079420 -0.375285 0.347530 -0.240932 0.906187
-7.239973 -84.513286 -2620.249274 -11494.170480 0.202372 0.966576 0.157403 0.912353 -0.127674 -0.388987 0.355889 -0.222327 0.907697
-9.181107 -89.461222 -1606.587076 -1906.768974 0.203178 0.941181 0.269994 0.491693 0.140383 -0.859378 0.846733 -0.307361 0.434249
-10.449907 -86.663012 -49.252813 -2297.225759 0.144067 0.955697 0.256686 0.653940 0.102736 -0.749538 0.742702 -0.275841 0.610168
-7.804830 -86.536066 -1802.786450 -2111.180573 0.205399 0.939322 0.274745 0.595581 0.102793 -0.796691 0.776591 -0.327272 0.538330
-9.368352 -93.594213 -907.816462 -489.542117 0.226563 0.939888 0.255499 0.421736 0.141789 -0.895564 0.877957 -0.310655 0.364260
-10.454646 -94.026907 -962.137642 -575.288307 0.193317 0.945327 0.262651 0.272261 0.205501 -0.940023 0.942604 -0.253232 0.217649
-1.809305 -54.995583 619.085610 -321.051872 0.385128 0.853824 -0.350230 -0.178920 0.441384 0.879300 -0.905353 0.275980 -0.322756
0.642449 -53.212078 930.775432 529.569960 0.390675 0.843932 -0.367629 -0.139370 0.448990 0.882600 -0.909917 0.293574 -0.293028
0.560381 -51.922960 783.496316 2006.947193 0.397620 0.829164 -0.392918 -0.192614 0.494112 0.847793 -0.897105 0.261418 -0.356178
-1.389175 -53.087310 -488.769070 194.742441 0.367041 0.847929 -0.382488 -0.252875 0.486656 0.836194 -0.895173 0.210196 -0.393043
-4.469882 -53.898460 735.214635 -1741.079894 0.571392 0.723215 -0.387906 -0.388526 -0.177957 -0.904090 0.722882 -0.667302 -0.179304
-4.469007 -56.453222 -120.945398 -1781.252197 0.561208 0.706773 -0.430717 -0.520305 -0.103450 -0.847691 0.643683 -0.699836 -0.309680
-3.335348 -51.022104 -188.953395 -2235.686981 0.585655 0.721283 -0.369810 -0.360929 -0.176455 -0.915748 0.725768 -0.669787 -0.156990
-1.090437 -49.790725 840.348721 -2077.384459 0.571020 0.733427 -0.368810 -0.397041 -0.146485 -0.906035 0.718536 -0.663797 -0.207555
-1.895315 -49.052609 504.487125 -1084.947028 0.598385 0.736415 -0.315640 -0.239871 -0.211224 -0.947548 0.764459 -0.642711 -0.050252
-1.324110 -47.162786 1162.764538 -1725.666511 0.585563 0.743274 -0.323513 -0.277866 -0.190870 -0.941467 0.761516 -0.641181 -0.094764
-18.016632 -49.889301 -2472.642265 -1399.010242 0.576775 0.782364 -0.235027 0.636783 -0.610807 -0.470555 0.511701 -0.121743 0.850494
-18.952141 -49.105635 -3318.980090 -5143.051677 0.602283 0.751782 -0.268475 0.582638 -0.643881 -0.495933 0.545700 -0.142268 0.825815
-19.222836 -47.753361 -1526.734710 -1282.883698 0.538396 0.797767 -0.271473 0.662561 -0.599805 -0.448605 0.520713 -0.061660 0.851502
-17.464916 -48.558764 -592.181305 4094.706616 0.535848 0.805161 -0.254132 0.681796 -0.590178 -0.432255 0.498018 -0.058357 0.865201
-18.436390 -46.949453 54.297253 3676.983655 0.476644 0.821162 -0.313853 0.713028 -0.569950 -0.408347 0.514200 0.029150 0.857175
-18.933664 -44.970873 274.258430 -1987.521534 0.534956 0.757283 -0.374626 0.637431 -0.652786 -0.409332 0.554531 0.019823 0.831927
-8.502950 -144.238088 -73.981946 -6307.794504 -0.484509 0.022707 -0.874491 -0.115236 0.989295 0.089535 0.867163 0.144154 -0.476706
-9.019559 -135.915281 -200.386003 -3571.248078 -0.452795 -0.010335 -0.891555 0.070455 0.996391 -0.047333 0.888826 -0.084247 -0.450433
-7.899110 -134.280443 665.578601 -5557.599746 -0.481684 -0.016104 -0.876197 0.138125 0.985939 -0.094054 0.865391 -0.166329 -0.472686
1.171781 -108.923035 -358.342587 12863.554796 0.544516 0.177046 0.819852 0.028089 0.973071 -0.228789 -0.838280 0.147608 0.524879
2.694485 -92.191697 -1332.076406 10505.009113 0.531430 0.192415 0.824959 0.194921 0.919952 -0.340138 -0.824371 0.341561 0.451385
-0.807238 -118.572589 1076.999454 16885.461864 0.559220 0.102030 0.822717 0.172954 0.956202 -0.236146 -0.810777 0.274350 0.517081
7.552167 -7957.284657 -331789.119086 3339539.271729 -0.289190 -0.355715 0.888727 0.665267 0.592879 0.453778 -0.688324 0.722469 0.065191
-55.304107 -602.086104 -12101.861488 173429.986128 -0.139801 -0.272260 0.952014 0.850362 0.459558 0.256300 -0.507286 0.845388 0.167273
-26.202314 -487.043910 -14796.674773 128567.169083 -0.121538 -0.242834 0.962424 0.929826 0.311457 0.196007 -0.347351 0.918709 0.187939
29.784065 -756.123071 1746.823681 250165.775479 0.140819 -0.150265 0.978566 0.883135 0.465818 -0.055558 -0.447485 0.872029 0.198300
1.957677 -768.646862 -18127.914151 119335.137559 -0.173091 -0.160130 0.971801 0.486917 0.843768 0.225759 -0.856126 0.512263 -0.068079
41.893085 -45.483774 -3700.345430 -1737.714766 0.330921 -0.898573 -0.288198 0.941598 0.334593 0.037957 0.062322 -0.283927 0.956818
29.637445 -45.477340 -4423.637200 -2433.665326 0.379496 -0.907914 -0.177976 0.925193 0.372309 0.073510 -0.000479 -0.192559 0.981285
34.771261 -47.935309 -4177.100854 -1163.622046 0.381073 -0.903903 -0.194273 0.914992 0.398844 -0.060930 0.132560 -0.154540 0.979053
46.188630 -47.720143 -4189.914167 -298.479500 0.319542 -0.905011 -0.280800 0.924857 0.362369 -0.115446 0.206233 -0.222810 0.952798
6.557579 -37.452596 1817.556910 1657.523214 -0.631107 0.765225 -0.127022 0.249509 0.045211 -0.967317 0.734472 0.642174 0.219463
1.129419 -30.051475 1233.553410 2075.181731 -0.645104 0.757105 -0.103115 0.152815 -0.004387 -0.988245 0.748658 0.653278 0.112867
8.239593 -31.843524 1885.211635 1965.168298 -0.642024 0.765194 -0.047784 0.121135 0.039699 -0.991842 0.757055 0.642574 0.118180
2.405183 -24.877425 704.249224 2310.512734 -0.645133 0.763893 -0.016459 0.039326 0.011683 -0.999158 0.763058 0.645237 0.037578
-0.841723 -76.970623 -745.114579 1250.774634 0.359468 0.913316 -0.191405 0.684520 -0.118678 0.719269 -0.634205 0.389575 0.667844
-2.463380 -75.638000 -80.944322 5869.238952 0.372560 0.909156 -0.186105 0.799714 -0.212791 0.561407 -0.470804 0.357988 0.806342
-2.915712 -72.884118 96.062683 -712.193135 0.376637 0.905788 -0.194147 0.698023 -0.139712 0.702313 -0.609022 0.400037 0.684881
-2.782991 -80.253542 39.561988 -5773.022890 0.370320 0.905287 -0.208131 0.564384 -0.041317 0.824478 -0.737789 0.422786 0.526230
-12.268967 -35.327878 -146.667798 -1613.873666 0.434494 0.765354 -0.474814 0.595156 -0.639656 -0.486446 0.676021 0.071231 0.733432
-9.312234 -31.821818 1038.253822 629.624208 0.298754 0.854546 -0.424850 0.704876 -0.497702 -0.505413 0.643347 0.148472 0.751039
-12.549782 -38.335209 518.832720 170.197134 0.420756 0.782510 -0.458958 0.639530 -0.614676 -0.461708 0.643402 0.099251 0.759068
-10.286092 -29.904089 586.595999 -2056.115355 0.281367 0.859552 -0.426618 0.686884 -0.490856 -0.535958 0.670092 0.142236 0.728523
-15.081168 -40.951457 952.539607 1840.749696 0.505599 0.703076 -0.500054 -0.516421 0.710915 0.477399 0.691143 0.016865 0.722521
-12.615862 -35.045470 -759.088334 -2360.662082 0.446464 0.732571 -0.513818 0.546590 -0.677918 -0.491595 0.708455 0.061368 0.703083
-13.648733 -40.502206 -1226.303391 2397.419243 0.527915 0.668450 -0.523909 -0.462763 0.743656 0.482521 0.712149 -0.012284 0.701921
-326.906152 -439.944630 59966.313772 -119026.696337 0.067752 0.886996 -0.456779 -0.601033 -0.329146 -0.728301 0.796348 -0.323883 -0.510813
-263.646015 -450.166579 44907.296390 120877.775917 0.438198 0.837547 -0.326340 0.790348 -0.186064 0.583721 0.428173 -0.513707 -0.743487
-216.506101 -1425.508099 51315.038532 -663806.265475 0.263060 0.960812 -0.087410 -0.721339 0.135708 -0.679156 0.640679 -0.241711 -0.728770
-248.760888 -345.061410 13484.120975 79727.951988 0.580572 0.672000 -0.459730 0.623034 -0.003155 0.782189 0.524180 -0.740544 -0.420511
-205.228037 -556.858275 52596.691908 -161925.036925 0.078201 0.996423 0.032022 -0.481915 0.065901 -0.873736 0.872721 -0.052895 -0.485345
-208.948611 -335.140766 -56182.717469 107011.250471 -0.262247 0.028173 -0.964589 0.135696 0.990719 -0.007956 0.955412 -0.132977 -0.263636
249.232208 -48.990894 -90742.415779 1252.066320 -0.458990 -0.647498 0.608338 0.759193 0.069807 0.647111 -0.461469 0.758863 0.459535
225.402894 -57.439523 -108784.844293 193.831047 -0.555558 -0.572184 0.603291 0.679511 0.105713 0.726009 -0.479187 0.813283 0.330076
54.197828 -58.886043 25619.069038 -1590.319690 0.612618 0.687053 -0.390714 0.606423 -0.091548 0.789854 -0.506902 0.720817 0.472729
51.814834 -55.019065 -22450.882823 4983.481517 -0.607810 -0.698732 0.377280 0.701176 -0.249249 0.668002 -0.372718 0.670559 0.641430
57.670533 -47.055179 -18024.212084 7305.033463 -0.508773 -0.759691 0.404993 0.805610 -0.254254 0.535115 -0.303551 0.598518 0.741373
-44.098475 -66.448297 2817.583445 451.593560 0.537616 0.832296 0.135100 -0.804515 0.554299 -0.213329 0.252438 -0.005999 -0.967594
-42.475628 -61.104430 2100.871830 -2120.881054 0.457241 0.875924 0.153908 -0.874272 0.474435 -0.102764 0.163033 0.087569 -0.982727
-41.374752 -61.839873 692.610529 -121.277772 0.533675 0.810046 0.242933 -0.808122 0.573141 -0.135823 0.249258 0.123835 -0.960487
11.782484 -28.098696 2641.218953 1686.764701 -0.311399 0.828876 0.464753 -0.457012 -0.559425 0.691508 -0.833169 -0.002938 -0.553011
16.328480 -28.874849 1641.822027 1873.479148 -0.329382 0.862633 0.383889 -0.478097 -0.502979 0.720025 -0.814206 -0.053628 -0.578094
16.672336 -35.136896 2499.718906 1934.513924 -0.334019 0.823302 0.458918 -0.535409 -0.566433 0.626491 -0.775737 0.036449 -0.630003
10.662152 -31.873258 3758.939250 1698.466848 -0.309396 0.801382 0.511919 -0.488122 -0.595839 0.637740 -0.816095 0.052565 -0.575523
2.596817 -27.682395 2830.743363 1693.858372 -0.327491 0.775918 0.539167 -0.407744 -0.630823 0.660156 -0.852346 0.003647 -0.522965
5.962540 -23.359080 1888.041734 1708.476854 -0.323476 0.812139 0.485586 -0.383653 -0.581670 0.717266 -0.864970 -0.045721 -0.499736
-5.060597 -48.493993 -837.453445 -8790.802230 -0.360592 0.903414 -0.231984 0.931829 0.338035 -0.132011 -0.040841 -0.263771 -0.963720
-6.541645 -47.414020 -1538.663112 -8456.349245 -0.399925 0.886910 -0.231195 0.915280 0.373196 -0.151614 -0.048187 -0.272242 -0.961021
-6.646394 -53.303207 -1110.028285 -3225.034335 -0.361756 0.905260 -0.222794 0.925333 0.377763 0.032448 0.113537 -0.194421 -0.974325
-4.548320 -52.956054 -318.190577 -2576.359651 -0.359722 0.903718 -0.232150 0.920544 0.384351 0.069806 0.152312 -0.188593 -0.970172
-6.504654 -59.278415 -780.661873 -2642.070356 -0.378845 0.899486 -0.217720 -0.882252 -0.422065 -0.208550 0.279479 -0.113076 -0.953470
-8.071576 -59.228474 -277.318599 -2389.274749 -0.385601 0.903886 -0.185208 -0.891854 -0.416579 -0.176233 0.236448 -0.097223 -0.966768
64.016956 -38.936705 -8403.516268 527.263134 -0.539516 0.839893 0.059176 -0.114932 -0.143087 0.983014 -0.834094 -0.523550 -0.173728
64.191914 -36.511297 10721.608673 2220.469438 -0.287910 0.952677 0.097537 -0.043719 -0.114819 0.992424 -0.956659 -0.281464 -0.074708
72.657281 -35.161637 -4263.755925 1780.518144 -0.489753 0.870491 0.048868 -0.032017 -0.073969 0.996746 -0.871273 -0.486595 -0.064097
3.877816 -64.468954 -2517.417307 12500.995402 -0.476508 0.858360 0.190154 0.084024 0.259761 -0.962010 0.875146 0.442428 0.195901
-1.238710 -72.671054 378.331371 10649.581949 -0.487128 0.866010 0.112846 0.131987 0.200732 -0.970714 0.863300 0.457968 0.212084
-1.382904 -81.402369 -1172.788818 11130.186590 -0.487830 0.858433 0.158474 0.238930 0.305912 -0.921591 0.839604 0.411716 0.354339
11.025820 -74.811972 -5580.850791 11335.283697 -0.461732 0.852619 0.244629 0.144395 0.344358 -0.927668 0.875188 0.393011 0.282115
-1.452649 -108.954034 -714.956634 8819.874545 -0.588100 0.807720 -0.041550 0.009824 0.058504 0.998239 -0.808729 -0.586656 0.042341
-1.918342 -109.860265 -1161.718176 9264.497703 -0.587714 0.807769 -0.045837 -0.078332 -0.000422 0.996927 -0.805268 -0.589499 -0.063522
-2.535654 -124.992773 -1552.672517 6909.108841 -0.586228 0.806740 -0.074218 -0.255428 -0.097114 0.961938 -0.768826 -0.582872 -0.262995
0.020287 -125.742454 625.120963 9573.223156 -0.551029 0.831699 -0.068146 -0.150881 -0.018981 0.988370 -0.820733 -0.554902 -0.135947
-9.037090 -112.506948 -592.533431 -6560.652653 -0.478766 0.870893 0.111033 0.799438 0.380181 0.465145 -0.362879 -0.311460 0.878243
-9.928795 -127.486355 1097.278360 -7524.158569 0.445925 -0.887009 -0.119860 0.883950 0.415375 0.214699 -0.140653 -0.201690 0.969298
-8.970702 -110.598773 -400.132209 -6705.403187 -0.482508 0.870966 0.092760 0.798494 0.393872 0.455271 -0.359990 -0.293740 0.885508
201.187616 -104.588510 68515.250559 4195.449860 0.650495 -0.573711 0.497707 0.755439 0.556492 -0.345874 -0.078538 0.600976 0.795399
115.956726 -99.479048 47621.151591 2070.697222 0.642959 -0.528850 0.554005 0.765149 0.411486 -0.495203 0.033923 0.742292 0.669218
53.894987 -99.727258 15846.278421 -653.568702 0.706254 -0.502960 0.498233 0.707936 0.496140 -0.502665 0.005627 0.707727 0.706464
46.237652 -87.101053 7163.784681 -6096.634456 0.678504 -0.529643 0.509029 0.710619 0.648829 -0.272107 -0.186153 0.546351 0.816607
-33.496817 -54.551293 4280.020117 5880.737732 0.466288 0.026466 0.884237 0.019465 0.999003 -0.040166 -0.884419 0.035940 0.465308
-27.722187 -40.694938 3079.650825 4040.746392 0.496005 0.289811 0.818529 -0.021384 0.946449 -0.322145 -0.868057 0.142281 0.475641
-42.891617 -48.126667 4955.423502 4526.133335 0.402149 0.379825 0.833072 -0.017106 0.912849 -0.407940 -0.915415 0.149802 0.373598
-44.659251 -64.027416 4954.114456 6828.994465 0.397115 -0.124282 0.909315 0.032216 0.992066 0.121523 -0.917203 -0.018964 0.397968
-31.307412 -64.862618 5836.705139 4617.197887 0.488495 -0.156392 0.858437 -0.045739 0.977865 0.204178 -0.871367 -0.139004 0.470529
0.831096 -28.862687 -1754.690381 3314.083772 -0.409896 0.875646 0.255399 -0.422697 -0.430475 0.797508 -0.808278 -0.218939 -0.546583
6.860061 -26.337759 -3166.433251 3217.139235 -0.405721 0.886999 0.220504 -0.411359 -0.392645 0.822565 -0.816195 -0.243026 -0.524180
1.602964 -21.619679 -1862.458363 3343.107344 -0.417852 0.869294 0.264061 -0.359902 -0.425256 0.830439 -0.834189 -0.251964 -0.490554
2.996892 -16.756756 -2406.897986 2474.514822 -0.433954 0.856464 0.279561 -0.312033 -0.433973 0.845164 -0.845174 -0.279530 -0.455569
-1.825487 -17.721517 -1039.099885 1968.164090 -0.454021 0.816863 0.355808 -0.292712 -0.513922 0.806352 -0.841537 -0.261952 -0.472437
-2.431432 -25.138766 -133.077079 2909.756719 -0.414820 0.857979 0.302980 -0.384729 -0.467137 0.796095 -0.824566 -0.213671 -0.523867
-8.840986 -207.210519 -1315.197545 11243.128992 0.623492 -0.759444 0.185748 -0.508220 -0.213152 0.834433 0.594113 0.614664 0.518863
-10.563866 -217.518441 904.605245 -10853.927270 -0.600642 0.780959 -0.171265 0.457731 0.160261 -0.874528 0.655523 0.603672 0.453729
-9.218518 -213.525707 3029.815507 2015.535518 -0.644174 0.742423 -0.183978 0.248534 -0.024313 -0.968318 0.723374 0.669490 0.168856
-7.911950 -209.056687 806.408982 10727.257793 -0.610852 0.771773 -0.176710 -0.028253 -0.244297 -0.969289 0.791240 0.587100 -0.171034
-6.953418 -214.903552 26.855026 -24.929938 -0.612205 0.768513 -0.185992 0.303073 0.010813 -0.952906 0.730309 0.639743 0.239535
12.812192 -122.733549 1746.533060 -22924.625773 -0.515361 0.853380 0.078390 -0.853664 -0.519250 0.040469 -0.075239 0.046062 -0.996101
11.781848 -93.227963 1652.747976 13276.077859 -0.541230 0.839361 0.050432 0.840091 0.537164 0.075509 0.036289 0.083235 -0.995869
8.705730 -86.506453 2449.260996 13912.988400 -0.507027 0.857295 0.089275 0.861929 0.504499 0.050591 -0.001668 0.102600 -0.994721
7.122547 -61.091020 2116.901391 4637.384741 -0.539218 0.837648 0.087123 0.835671 0.519365 0.178647 0.104395 0.169136 -0.980048
12.557799 -123.282913 1903.067253 -24055.366376 -0.462529 0.878789 0.117458 -0.876253 -0.473285 0.090458 -0.135085 0.061083 -0.988949
8.533163 -78.497792 1244.553807 13930.365353 -0.485162 0.868363 0.102785 0.874260 0.479424 0.076306 0.016983 0.126881 -0.991772
-3.465874 -1069.117355 16521.638897 -361500.599214 0.597676 -0.754768 -0.270386 0.703679 0.332225 0.628063 -0.384213 -0.565643 0.729677
-31.929952 -787.923485 -4096.379145 -149724.490587 0.537906 -0.800887 -0.263130 0.685431 0.233801 0.689580 -0.490756 -0.551287 0.674716
-81.327576 -642.662099 -9513.734474 -190455.496644 -0.564405 0.819761 0.097154 0.213425 0.031218 0.976460 -0.797431 -0.571855 0.192577
-52.118548 -1310.619299 16542.660500 332144.380827 0.605991 -0.745983 -0.276195 0.786897 0.613008 0.070815 0.116483 -0.260250 0.958489
-22.912185 -891.437019 9117.398110 311053.741953 0.688861 -0.695681 -0.203714 -0.483392 -0.231432 -0.844258 -0.540188 -0.680050 0.495711
-84.278813 -2547.464885 -9018.003265 539048.635194 0.426208 -0.836536 -0.344317 0.904601 0.391336 0.168978 -0.006612 -0.383490 0.923521
20.609584 -39.560583 -4630.604347 241.990219 -0.023969 0.008204 -0.999679 -0.068850 0.997579 0.009838 0.997339 0.069063 -0.023346
3.358330 -39.301128 -5076.714072 283.573454 0.018698 -0.125117 -0.991966 -0.138346 0.982272 -0.126502 0.990207 0.139600 0.001057
11.752471 -36.644093 -4160.356231 -171.377762 -0.010400 -0.038166 -0.999217 -0.169883 0.984812 -0.035848 0.985409 0.169377 -0.016726
10.254233 -597.887758 -806.222350 -185721.212170 -0.325418 0.942641 0.074376 0.940837 0.330646 -0.074158 0.094497 -0.045843 0.994469
6.569756 -209.032730 276.640820 -39060.565595 0.381517 -0.919176 -0.097772 0.921401 0.369703 0.119746 -0.073921 -0.135772 0.987979
6.698772 -162.976865 528.559013 -21064.626254 -0.327216 0.943343 0.055087 0.940411 0.319383 0.116716 -0.092510 -0.089996 0.991636
7.563848 -534.407238 1239.589096 -160614.583873 -0.399962 0.913527 0.074157 0.909424 0.405617 -0.091781 0.113924 -0.030731 0.993014
3.952557 -143.075952 4292.834632 13785.807506 -0.204289 0.978893 0.005811 0.959205 0.198988 0.200820 -0.195425 -0.046599 0.979611
0.790584 -304.714931 -1117.840265 -72336.168398 0.329627 -0.943316 -0.038749 0.944085 0.329036 0.020948 -0.007011 -0.043488 0.999029
-167.916177 -522.180625 -33976.509094 124993.091615 0.945137 0.104199 0.309611 0.310678 0.006249 -0.950495 0.100976 -0.994537 0.026466
-77.868217 -288.515920 -17109.655434 39034.717164 0.937180 -0.065540 0.342635 0.317184 -0.248777 -0.915153 -0.145219 -0.966341 0.212361
-123.037674 -764.911139 -27588.113600 197484.781114 0.907568 0.051029 0.416792 0.399617 0.199833 -0.894636 0.128941 -0.978500 -0.160970
-15.035337 -48.957298 1387.851541 -4325.929420 -0.437170 0.899364 -0.005148 -0.898167 -0.436871 -0.049383 0.046663 0.016965 -0.998767
-16.016409 -45.161456 183.926396 1084.058442 -0.402237 0.915453 0.012294 0.915346 0.401844 0.025741 0.018625 0.021607 -0.999593
-14.494728 -45.797730 176.822050 -3307.066794 -0.400845 0.915864 -0.022707 -0.905857 -0.399926 -0.139580 0.136917 0.035381 -0.989950
-53.040970 -78.442501 421.303777 3394.543262 0.188660 0.979387 0.072174 0.931227 -0.155079 -0.329798 0.311807 -0.129430 0.941289
-47.461594 -75.269381 -214.691614 4042.529109 0.396109 0.909475 -0.126304 0.842091 -0.414657 -0.344882 0.366034 -0.030251 0.930110
-45.422787 -67.675293 280.368799 5261.610154 0.539153 0.787113 -0.299611 0.682881 -0.616775 -0.391488 0.492938 -0.006474 0.870041
126.472772 -81.444357 7687.944844 6783.263183 -0.151842 0.891426 0.426970 -0.426252 0.330688 -0.841995 0.891770 0.309847 -0.329760
103.853483 -72.815200 12053.758037 7051.206339 -0.407883 0.813656 0.414240 -0.297564 0.310462 -0.902812 0.863184 0.491505 -0.115482
91.213175 -59.144375 14366.057241 4910.185467 -0.368558 0.753062 0.545035 -0.523473 0.316387 -0.791123 0.768206 0.576886 -0.277601
134.128856 -94.713603 4663.405952 1165.736604 0.047496 0.916948 0.396171 -0.543725 0.356443 -0.759810 0.837918 0.179320 -0.515497
128.292461 -84.926935 -2729.487923 187.322834 0.125547 0.936560 0.327250 -0.319397 0.350455 -0.880436 0.939268 -0.006013 -0.343133
116.852920 -80.816031 9289.057468 860.311501 -0.133962 0.848759 0.511529 -0.583995 0.349414 -0.732707 0.800627 0.396885 -0.448863
108.301708 -64.082420 13285.643407 -3894.534023 0.463369 -0.862902 -0.201715 0.841494 0.357100 0.405423 -0.277808 -0.357602 0.891596
95.949085 -51.913193 -7326.050774 -413.103294 -0.376387 0.923085 0.079032 0.816330 0.290096 0.499449 -0.438108 -0.252503 0.862731
7.494443 -43.052164 -2888.531913 -1328.465136 0.237889 0.871251 0.429338 0.678770 0.167055 -0.715098 0.694752 -0.461535 0.551638
2.680120 -45.565264 3338.893863 -1015.055959 0.258947 0.894335 0.364845 0.683831 0.097017 -0.723161 0.682145 -0.436752 0.586452
10.678400 -40.885926 -587.891842 -853.059574 0.223987 0.881409 0.415871 0.751948 0.115167 -0.649085 0.620003 -0.458099 0.636978
8.603142 -43.834958 3765.845545 -334.448570 0.230678 0.888693 0.396247 0.760197 0.089591 -0.643486 0.607362 -0.449664 0.654915
24.447378 -41.500708 -9867.013604 -745.564889 0.202872 0.824765 0.527831 0.720269 0.239485 -0.651045 0.663367 -0.512259 0.545468
-15.307064 -45.286096 4237.031305 1026.981072 -0.521541 0.787623 0.328095 0.461799 -0.062769 0.884761 -0.717452 -0.612953 0.330987
-9.845248 -45.609514 2293.567565 -720.242061 -0.509556 0.801402 0.313222 0.414357 -0.090488 0.905605 -0.754096 -0.591242 0.285958
-12.199247 -45.225280 1843.980684 -1927.224143 -0.551862 0.793844 0.255460 0.304537 -0.093334 0.947917 -0.776341 -0.600916 0.190247
-19.436412 -48.796796 2795.443304 -1926.094750 -0.543969 0.763545 0.347988 0.384018 -0.142203 0.912309 -0.746075 -0.629902 0.215861
-24.822665 -49.374538 1740.838839 -471.453517 -0.524849 0.716467 0.459575 0.512993 -0.164602 0.842464 -0.679244 -0.677925 0.281151
-3.734116 -52.878747 -1460.772393 -4694.122437 0.653692 0.737441 -0.169906 0.523352 -0.602702 -0.602373 0.546617 -0.304846 0.779922
-5.818582 -51.043735 -1257.858404 -39.019183 0.657396 0.727218 -0.197446 0.410679 -0.565450 -0.715269 0.631802 -0.389128 0.670377
5.521363 -97.189626 -1563.116381 2232.787249 0.174046 0.975461 -0.134847 -0.748272 0.220026 0.625842 -0.640154 0.008023 -0.768204
0.304381 -84.901167 956.357441 7984.410919 0.243224 0.957340 -0.156023 -0.641552 0.279420 0.714378 -0.727498 0.073657 -0.682144
6.212559 -101.248769 -1005.392741 5249.504995 0.257401 0.942972 -0.211065 -0.792997 0.330951 0.511494 -0.552177 -0.035715 -0.832962
1.644543 -82.937540 -922.862860 9323.179398 0.138168 0.989224 -0.048428 -0.554127 0.117739 0.824063 -0.820885 0.087024 -0.564424
17.486361 -107.279475 -6916.733122 -359.653160 0.179480 0.959334 -0.217866 -0.876230 0.256570 0.407913 -0.447222 -0.117688 -0.886646
14.882474 -113.036759 -5538.348022 -2376.800003 0.128353 0.981623 -0.141215 -0.844510 0.182837 0.503361 -0.519931 -0.054649 -0.852459
8.248380 -100.011268 -2689.248230 4310.817427 0.079325 0.996540 -0.024818 -0.671387 0.071813 0.737620 -0.736849 0.041849 -0.674760
-8.321281 -83.103371 -339.948074 -444.068401 0.144265 0.950122 0.276507 0.811583 0.046263 -0.582402 0.566145 -0.308429 0.764429
-7.557107 -83.616932 -1260.661450 -1902.492848 0.185441 0.941029 0.282976 0.721038 0.065342 -0.689807 0.667619 -0.331955 0.666401
-10.704410 -82.016039 -1079.827945 -1006.168299 0.132607 0.950296 0.281696 0.798640 0.065878 -0.598193 0.587018 -0.304298 0.750208
-12.977141 -83.681281 -273.358237 -1605.397121 0.114088 0.957018 0.266647 0.653158 0.129983 -0.745982 0.748578 -0.259270 0.610254
-13.322828 -86.992712 776.243616 -2802.932844 0.113083 0.960856 0.252918 0.538457 0.154665 -0.828337 0.835030 -0.229856 0.499890
11.365634 -84.551235 -908.371210 -318.919311 0.573707 0.779412 -0.251748 0.386215 -0.528473 -0.756012 0.722287 -0.336500 0.604210
17.392190 -86.016221 -1789.574404 2139.992894 0.594699 0.752703 -0.282439 0.136729 -0.440891 -0.887085 0.792236 -0.488931 0.365114
11.505292 -80.479974 -2771.999949 832.582531 0.631045 0.726059 -0.273168 0.252191 -0.525018 -0.812869 0.733609 -0.444066 0.514415
-10.624296 -52.666320 -439.647758 244.406821 0.625295 0.705803 -0.332940 0.197717 -0.555995 -0.807328 0.754927 -0.438990 0.487209
-11.972593 -55.388104 -871.413983 2443.141806 0.622510 0.739916 -0.254962 0.303336 -0.528435 -0.792934 0.721435 -0.416270 0.553399
-9.076641 -52.419117 -1430.043757 11.325206 0.642461 0.727142 -0.241884 0.222943 -0.479346 -0.848837 0.733171 -0.491418 0.470073
-8.937607 -46.115476 471.296024 3134.741743 0.613067 0.704316 -0.357895 0.063498 -0.495476 -0.866297 0.787475 -0.508372 0.348483
-1.587440 -52.650336 1341.858367 -1690.993990 0.400902 0.853149 -0.333787 -0.087530 0.398352 0.913047 -0.911930 0.336826 -0.234376
-0.064128 -52.978159 872.521546 -1639.859175 0.393151 0.856848 -0.333532 -0.043622 0.379716 0.924074 -0.918438 0.348752 -0.186663
-5.563842 -59.077362 928.305050 -1074.805157 0.550451 0.713870 -0.432890 -0.535076 -0.096358 -0.839291 0.640856 -0.693618 -0.328934
-1.229595 -53.018386 794.557036 -1717.743674 0.548123 0.727136 -0.413321 -0.522544 -0.088148 -0.848043 0.653076 -0.680811 -0.331645
-15.963691 -49.828081 -2188.538195 -4799.803233 0.623111 0.737333 -0.260907 0.561976 -0.654081 -0.506320 0.543981 -0.168870 0.821929
-9.543789 -164.935510 237.837147 -6828.225199 -0.453030 0.005866 -0.891476 -0.059748 0.997530 0.036926 0.889491 0.069992 -0.451560
-10.484761 -158.980191 516.849958 -452.176728 -0.449177 -0.038074 -0.892631 0.218419 0.964097 -0.151032 0.866333 -0.262808 -0.424734
-77.411933 -327.721057 -3281.952781 88013.369329 -0.296495 -0.434920 0.850256 0.928522 0.077044 0.363197 -0.223469 0.897167 0.380989
-245.315364 -593.406259 51034.902052 -181696.120355 0.981684 0.188177 -0.029777 0.084039 -0.287439 0.954105 -0.170981 0.939132 0.297988
-365.170816 -3690.651188 -15526.447109 1291009.799807 -0.016140 -0.194238 0.980822 0.728755 0.669344 0.144546 -0.684584 0.717112 0.130749
32.245654 -41.313951 -4192.986444 -1645.410213 0.354449 -0.905126 -0.234760 0.932220 0.322445 0.164299 -0.073015 -0.277083 0.958068
23.477283 -43.078493 -3836.367685 -1405.412791 0.390739 -0.905319 -0.166494 0.917746 0.369159 0.146505 -0.071171 -0.210045 0.975098
1.800588 -75.605531 -1300.842679 3927.268749 0.363504 0.914097 -0.179696 0.788048 -0.198847 0.582615 -0.496835 0.353392 0.792634
-9.402058 -36.555296 1569.687325 2548.153651 0.307758 0.854206 -0.419066 0.727540 -0.495113 -0.474919 0.613164 0.158728 0.773845
17.771178 -161.570385 -782.859923 -1357.875337 0.266239 0.960726 0.078245 -0.016205 0.085624 -0.996196 0.963771 -0.263958 -0.038365
24.634080 -338.322473 -649.743819 -73752.169904 0.167008 0.983788 0.065339 -0.168405 0.093759 -0.981249 0.971467 -0.152873 -0.181334
10.849535 -286.772782 -5769.071066 -63994.972954 0.276981 0.956985 0.086381 -0.268642 0.163439 -0.949273 0.922558 -0.239725 -0.302355
24.964885 -400.593553 -4470.006819 -78288.247494 0.209687 0.973686 0.089253 -0.437052 0.174993 -0.882249 0.874653 -0.145988 -0.462245
12.039688 -203.933275 -1379.197808 -24194.443530 0.310929 0.941351 0.131080 -0.151059 0.185109 -0.971039 0.938352 -0.282124 -0.199755
-204.473633 -382.073190 42437.878834 10918.248818 0.301193 0.940864 -0.155108 0.945586 -0.273700 0.175941 0.123084 -0.199660 -0.972104
-263.194730 -357.276006 40564.610972 -215.981851 0.360675 0.828120 -0.429104 0.931698 -0.341128 0.124785 -0.043043 -0.444802 -0.894594
-256.043337 -587.495412 -16408.725944 -178662.576023 0.710418 0.464983 -0.528295 -0.688217 0.302005 -0.659659 0.147183 -0.832216 -0.534559
179.936210 -55.207393 -56389.599809 -2301.277715 -0.571808 -0.611523 0.546877 0.605842 0.134711 0.784097 -0.553164 0.779674 0.293458
-23.614555 -52.921251 -9429.090726 1434.517209 0.300137 0.923897 0.237343 -0.434490 -0.089094 0.896259 -0.849197 0.372124 -0.374684
-36.140905 -45.276137 -3355.877129 2676.961548 0.129734 0.690389 0.711710 -0.501265 -0.573635 0.647824 -0.855513 0.440801 -0.271648
-37.504034 -48.130409 -6115.423929 776.094556 0.224672 0.818944 0.528066 -0.555947 -0.337338 0.759689 -0.800279 0.464257 -0.379499
-46.477738 -49.592721 -1124.856957 -54.713581 -0.000377 0.641549 0.767082 -0.709633 -0.540635 0.451812 -0.704571 0.544176 -0.455468
-33.261891 -50.138081 -7351.465030 -495.992160 0.346861 0.904421 0.248416 -0.536981 -0.025660 0.843204 -0.768986 0.425869 -0.476756
19.243462 -34.127040 457.831875 2093.258391 -0.354119 0.858503 0.370908 -0.528744 -0.510927 0.677778 -0.771381 -0.043899 -0.634857
18.625663 -29.361225 238.705951 2208.825232 -0.341731 0.883797 0.319566 -0.480198 -0.456503 0.749010 -0.807855 -0.102505 -0.580399
-6.725593 -42.352903 -1443.755689 -4170.175592 -0.363576 0.901190 -0.235944 0.928092 0.328563 -0.175190 -0.080357 -0.282673 -0.955845
-7.312167 -41.864842 -1655.502144 -4545.829085 -0.392796 0.894498 -0.213504 0.914291 0.354876 -0.195283 -0.098913 -0.271911 -0.957226
45.812566 -36.649270 17190.491970 256.971873 -0.105892 0.987372 0.117823 -0.113634 -0.129729 0.985017 -0.987863 -0.090917 -0.125936
56.466397 -35.569962 21591.476625 1139.921037 -0.109632 0.989878 0.090119 -0.004103 -0.091116 0.995832 -0.993964 -0.108805 -0.014050
1.509294 -62.062582 -206.813980 9045.633953 -0.459649 0.886529 0.052818 0.099323 0.110416 -0.988910 0.882529 0.449305 0.138805
3.169769 -61.442035 -149.824590 2386.536170 -0.484794 0.868571 0.102757 0.034840 0.136571 -0.990017 0.873934 0.476375 0.096470
4.478547 -56.294810 -1063.314432 -86.064559 -0.453113 0.891143 0.023501 0.034240 0.043741 -0.998456 0.890796 0.451608 0.050332
4.214212 -53.023811 -634.427605 5099.718709 -0.449314 0.893342 -0.007570 0.077301 0.030434 -0.996543 0.890023 0.448346 0.082731
1.538653 -65.221653 494.459181 8847.299132 -0.463122 0.886234 -0.010387 0.179512 0.082319 -0.980306 0.867925 0.455866 0.197213
-1.168631 -90.380037 -446.048162 7992.880236 -0.584480 0.810963 -0.026879 0.139270 0.132899 0.981296 -0.799366 -0.569805 0.190620
-0.832992 -96.971443 42.753846 8756.920744 -0.571210 0.819854 -0.039487 0.000832 0.048686 0.998814 -0.820804 -0.570499 0.028492
-4.271512 -86.369362 1008.034250 -6328.843279 -0.536897 0.843568 0.011565 0.627283 0.389998 0.674105 -0.564143 -0.369180 0.738545
-7.911559 -102.636246 1202.829308 -5505.491396 -0.515637 0.856453 0.024639 0.760193 0.444038 0.474275 -0.395253 -0.263283 0.880032
-4.176167 -87.859760 1435.275937 -5700.918404 -0.544447 0.838641 -0.016058 0.635798 0.425097 0.644246 -0.547118 -0.340548 0.764650
-1.877139 -76.493982 1038.255129 -5714.635730 -0.551421 0.834063 -0.016536 0.520729 0.359618 0.774284 -0.651748 -0.418346 0.632622
-3.068498 -75.492231 485.584155 -6559.013131 -0.544902 0.838411 0.012213 0.512519 0.321500 0.796218 -0.663631 -0.440120 0.604887
54.722511 -65.260169 17522.927033 9502.132764 0.681449 -0.574859 0.452951 -0.672288 -0.736275 0.076997 -0.289234 0.356983 0.888204
87.760442 -43.118363 23595.963584 -6493.114946 0.663189 -0.564953 0.490927 0.641231 0.767168 0.016615 -0.386010 0.303779 0.871042
259.118681 -55.787508 90141.882620 12125.832702 0.733587 -0.502982 0.457012 -0.615869 -0.776343 0.134148 -0.287324 0.379869 0.879287
185.482837 -32.696311 51267.540986 6516.380840 0.718193 -0.339669 0.607309 -0.543845 -0.818454 0.185380 -0.434086 0.463421 0.772535
-26.562364 -39.908889 4637.163093 1733.169679 0.362081 0.868334 0.338958 0.260417 -0.443384 0.857668 -0.895031 0.222275 0.386669
-20.758076 -32.713044 2698.813508 1083.244515 0.443057 0.766293 0.465290 0.251554 -0.604426 0.755903 -0.860477 0.217863 0.460560
-18.403497 -29.839599 2582.140475 3259.172014 0.552664 0.228172 0.801561 0.019912 0.957902 -0.286405 -0.833166 0.174247 0.524855
-5.715657 -40.105142 1079.064312 503.622941 -0.391049 0.894465 0.216823 0.908072 0.413348 -0.067449 -0.149954 0.170515 -0.973878
-3.537770 -38.462492 1300.012032 926.280716 -0.381413 0.896947 0.223629 0.923992 0.377148 0.063233 -0.027625 0.230749 -0.972621
-7.515395 -39.681985 1318.081044 567.630295 -0.406120 0.890029 0.207159 0.911796 0.409751 0.027073 -0.060788 0.199881 -0.977933
-8.407490 -40.453700 795.342223 -264.762834 -0.436215 0.877856 0.197700 -0.885732 -0.457639 0.077752 -0.158730 0.141193 -0.977174
-9.080675 -41.489190 443.649227 -708.758582 -0.438098 0.875549 0.203678 -0.867127 -0.471342 0.161020 -0.236983 0.106072 -0.965706
-6.955652 -40.889697 1241.671009 -393.306385 -0.380968 0.898099 0.219731 -0.886739 -0.422206 0.188245 -0.261834 0.123129 -0.957226
6.401029 -33.929608 -3587.896571 3029.667314 -0.414180 0.881091 0.228329 -0.474120 -0.422984 0.772201 -0.776959 -0.211575 -0.592934
13.195712 -30.447543 -3309.983307 2745.651068 -0.379525 0.897529 0.224503 -0.461999 -0.394093 0.794511 -0.801572 -0.197817 -0.564225
-8.275541 -135.063815 802.732247 -15463.106344 0.520014 -0.845238 0.123122 0.845883 0.489582 -0.211642 0.118609 0.214203 0.969561
-0.890069 -108.967604 3581.720367 -347.983767 0.410950 -0.906513 0.096719 0.911014 0.404353 -0.080949 0.034273 0.121379 0.992014
-7.112816 -152.243367 2387.525551 -21012.024205 0.503139 -0.859950 0.085655 0.837901 0.461155 -0.291989 0.211596 0.218682 0.952578
0.188290 -128.124419 -5635.949547 -17648.767181 -0.425168 0.902052 -0.074389 0.884791 0.396897 -0.244165 0.190725 0.169630 0.966876
-14.243214 -206.360063 595.918876 -38499.299766 0.554454 -0.824241 0.114921 0.758352 0.443529 -0.477687 0.342759 0.352006 0.870981
-16.429204 -248.194142 -1284.452264 -46654.601597 -0.521440 0.845484 -0.115137 0.736146 0.377507 -0.561763 0.431497 0.377683 0.819247
-6.684741 -321.588711 -4727.379577 -86075.161463 -0.462349 0.882284 -0.088369 0.816682 0.384905 -0.429975 0.345346 0.270968 0.898506
15.809744 -172.146078 963.322826 -32528.527453 -0.516557 0.855669 0.031610 -0.848590 -0.516513 0.114492 -0.114294 -0.032318 -0.992921
12.216415 -100.752411 -988.417203 -18439.723103 -0.558553 0.829460 0.003723 -0.829112 -0.558176 -0.031827 0.024321 0.020863 -0.999486
9.950577 -66.489171 -1073.514699 -4097.337818 -0.592458 0.805597 -0.002638 -0.796318 -0.586123 -0.149455 0.121947 0.086446 -0.988765
7.799294 -63.163544 1090.352239 -2388.811768 -0.599586 0.799926 0.024785 -0.778217 -0.575528 -0.251289 0.186748 0.169957 -0.967595
-164.713989 -1282.893676 -19427.712222 -467903.633357 -0.482201 0.873806 0.062817 0.159737 0.017194 0.987010 -0.861375 -0.485972 0.147870
-64.059634 -1187.990771 17221.875671 -440614.357250 -0.474012 0.875508 0.093796 0.334472 0.080494 0.938962 -0.814519 -0.476451 0.330988
-27.118103 -1261.770715 3806.913950 377144.393003 0.635575 -0.739162 -0.222899 0.768835 0.632261 0.095601 0.070266 -0.232134 0.970143
-149.297010 -4168.951897 -24243.679562 -1639721.678828 -0.651839 0.758227 -0.014034 0.660859 0.577016 0.479915 -0.371982 -0.303553 0.877203
44.699479 -3303.418518 10981.660477 -1527990.364944 -0.495880 0.616662 -0.611418 -0.498971 0.373915 0.781803 -0.710726 -0.692760 -0.122279
249.062681 -10197.222169 64942.875603 -9620128.188042 -0.635387 0.673595 -0.377562 0.771549 0.573767 -0.274778 0.031544 -0.465897 -0.884276
91.472641 -5608.376162 26398.352305 145577.303406 -0.542457 0.506615 -0.670136 0.749786 -0.067811 -0.658197 -0.378895 -0.859502 -0.343068
9.022945 -146.620904 -1153.808991 -4891.640106 -0.428000 0.896090 0.117637 0.845828 0.351291 0.401461 -0.318420 -0.271325 0.908290
5.343626 -165.259638 997.176747 -23694.707157 0.418380 -0.901162 -0.113428 0.896194 0.389286 0.212820 -0.147629 -0.190693 0.970485
5.209262 -182.243160 -67.375798 -28744.325443 0.446719 -0.888648 -0.103668 0.887348 0.425278 0.178190 -0.114260 -0.171590 0.978520
10.960667 -127.689868 -1414.757213 7037.223400 -0.429687 0.895654 0.114771 0.772838 0.299042 0.559728 -0.467002 -0.329207 0.820690
14.058362 -160.261371 -2360.617085 15728.701067 -0.420854 0.904161 0.073313 0.760363 0.307535 0.572075 -0.494701 -0.296505 0.816918
5.780632 -181.687716 532.488769 -29316.827199 0.433914 -0.893803 -0.113290 0.881886 0.395626 0.256432 -0.184379 -0.211179 0.959900
8.906870 -149.985258 -82.447530 -9029.287722 -0.443131 0.889656 0.110213 0.811074 0.345517 0.471992 -0.381830 -0.298545 0.874686
-51.632436 -1124.298696 -5808.283498 -330305.502506 -0.765813 -0.161519 -0.622449 0.227135 0.837615 -0.496801 0.601615 -0.521836 -0.604770
-64.679573 -3807.936579 -10886.961881 1636745.651994 -0.806381 -0.030535 -0.590608 -0.129504 0.983545 0.125966 0.577043 0.178063 -0.797066
-34.025110 -1234.940046 -4320.717726 430366.453314 -0.763837 -0.062203 -0.642405 -0.210271 0.965023 0.156577 0.610196 0.254678 -0.750200
