17641
35271
-29.392616 -43.992139 -350.786729 -4947.747421 0.978287 -0.043221 -0.202696 -0.200780 0.044888 -0.978607 -0.051395 -0.998057 -0.035235
-34.151932 -53.821163 -498.150966 -3745.859605 0.979933 -0.069943 -0.186651 -0.168804 0.206777 -0.963716 -0.106000 -0.975885 -0.190821
-33.980654 -60.614780 349.405318 -8018.061112 0.967795 -0.072835 0.240973 0.248769 0.130064 -0.959790 -0.038564 -0.988827 -0.143994
-27.687572 -44.636265 -218.104097 -3307.033586 0.841860 -0.082896 -0.533291 -0.521254 0.131212 -0.843254 -0.139877 -0.987882 -0.067253
-23.696426 -53.142091 3190.298510 -10084.481884 0.978926 0.028379 0.202235 0.202165 0.005345 -0.979337 0.028874 -0.999583 0.000505
-22.537885 -34.205944 683.509193 -4055.374160 0.957232 0.011427 -0.289094 -0.287727 -0.067121 -0.955358 0.030321 -0.997679 0.060963
-22.779592 -36.067376 197.299147 -2164.190448 0.745586 -0.054255 -0.664197 -0.664398 0.016865 -0.747189 -0.051740 -0.998385 0.023473
52.957574 -80.963335 6470.807716 -4629.344412 0.779182 0.284051 0.558739 0.617836 -0.498260 -0.608290 -0.105612 -0.819178 0.563732
48.718479 -71.075973 6060.349951 -3226.864495 0.837387 0.321148 0.442320 0.539068 -0.619161 -0.571004 -0.090490 -0.716592 0.691598
37.656792 -83.619371 5317.509913 -6616.192979 0.819983 0.358191 0.446460 0.571869 -0.479474 -0.665636 0.024359 -0.801126 0.597999
34.823533 -74.483690 3459.470311 -7648.272727 0.863178 0.349791 0.364101 0.504888 -0.592990 -0.627257 0.003501 -0.725265 0.688461
40.853815 -84.406780 5736.995703 -4072.788227 0.772444 0.307679 0.555575 0.632816 -0.299053 -0.714221 0.053605 -0.903273 0.425706
29.016515 -81.076575 2770.351106 -3366.299249 0.808823 0.350447 0.472220 0.572518 -0.285929 -0.768419 0.134269 -0.891870 0.431903
26.636496 -73.979084 1936.429625 -4182.347746 0.841983 0.381544 0.381430 0.524147 -0.411027 -0.745873 0.127805 -0.827938 0.546063
23.993116 -25.011510 -7493.428790 -1670.727420 0.885904 0.363469 0.288210 0.105347 0.447436 -0.888090 0.451749 -0.817124 -0.358094
8.639908 -21.813684 -3123.327601 -1731.304857 0.884517 0.380080 0.270499 0.100992 0.410078 -0.906442 0.455446 -0.829081 -0.324336
19.681271 -21.610470 -5707.067191 -628.328612 0.869195 0.352910 0.346345 0.184809 0.417817 -0.889536 0.458635 -0.837188 -0.297943
37.234784 -25.478253 -8075.599753 -248.425814 0.840358 0.383509 0.383040 0.193416 0.447983 -0.872870 0.506348 -0.807609 -0.302289
-11.076665 -16.639120 409.235236 1930.005361 0.798222 -0.040122 0.601026 0.244243 0.933635 -0.262053 -0.550625 0.355973 0.755047
-7.927777 -16.097441 -1695.419183 2196.742404 0.562873 -0.470612 0.679485 0.597818 0.799494 0.058508 -0.570778 0.373276 0.731353
-12.414964 -20.030647 -1696.191468 1596.481286 0.623620 -0.396135 0.673925 0.511529 0.858692 0.031396 -0.591131 0.325153 0.738132
-7.177794 -20.294209 -2103.306032 1498.630295 0.502760 -0.533190 0.680398 0.609619 0.776742 0.158229 -0.612860 0.335232 0.715558
-12.681638 -22.818809 -2489.395470 509.431273 0.536066 -0.511529 0.671544 0.548270 0.815856 0.183793 -0.641899 0.269663 0.717808
-3.918415 -12.548062 1617.600639 -443.723697 -0.181848 0.899076 -0.398238 0.613294 0.420268 0.668764 -0.768637 0.122624 0.627823
-0.131250 -13.131078 466.058449 -546.856790 -0.145652 0.923359 -0.355238 0.630103 0.363402 0.686228 -0.762729 0.123886 0.634741
-2.349525 -11.802629 639.621882 -373.396033 -0.151644 0.920703 -0.359597 0.601194 0.374688 0.705815 -0.784583 0.109155 0.610340
0.009723 -12.387294 -251.519499 -291.314365 -0.109733 0.947268 -0.301069 0.620631 0.301893 0.723656 -0.776386 0.107443 0.621032
-6.574161 -11.589556 1960.075429 -215.853255 -0.209143 0.876785 -0.433020 0.580517 0.467664 0.666551 -0.786930 0.111971 0.606797
-4.218853 -10.147252 1134.565405 -411.204452 -0.153385 0.918382 -0.364758 0.573739 0.383303 0.723811 -0.804547 0.098254 0.585704
-1.314996 -11.105392 107.952946 -387.511979 -0.119371 0.941268 -0.315857 0.592254 0.322840 0.738248 -0.796860 0.098942 0.596007
-0.351696 -36.033900 -213.729940 1640.314756 0.883235 -0.217114 -0.415642 -0.468691 -0.380356 -0.797282 -0.015009 -0.898994 0.437703
-0.956996 -34.284532 -153.619100 3405.207083 0.868023 -0.220426 -0.444915 -0.493432 -0.283091 -0.822426 -0.055333 -0.933419 0.354495
-1.863321 -36.615502 -420.859636 1670.955285 0.885975 -0.217608 -0.409506 -0.457749 -0.268974 -0.847419 -0.074259 -0.938243 0.337914
-0.404505 -34.503319 234.361533 1921.054727 0.904947 -0.188978 -0.381259 -0.425043 -0.358848 -0.831003 -0.020228 -0.914065 0.405062
-0.009988 -35.055953 552.097412 -785.956772 0.890911 -0.194467 -0.410439 -0.451994 -0.468146 -0.759303 0.044486 -0.861987 0.504975
0.438431 -35.845723 -669.004109 -2184.924650 0.887475 -0.217101 -0.406516 -0.457178 -0.525950 -0.717192 0.058104 -0.822341 0.566021
2.584410 -32.953671 640.580390 -918.014303 0.962163 -0.158064 -0.221940 -0.244016 -0.137447 -0.959981 -0.121233 -0.977816 0.170817
1.425288 -32.689862 544.795451 108.555534 0.961793 -0.154435 -0.226060 -0.239776 -0.076631 -0.967799 -0.132139 -0.985027 0.110734
2.533122 -34.072342 545.169518 272.264631 0.966060 -0.158696 -0.203822 -0.206641 -0.001291 -0.978416 -0.155008 -0.987327 0.034040
1.803085 -34.870571 379.223691 -400.805490 0.957500 -0.152015 -0.245121 -0.272107 -0.194230 -0.942461 -0.095659 -0.969106 0.227339
3.609270 -34.734535 568.905297 -592.325441 0.964835 -0.162766 -0.206399 -0.219091 -0.064124 -0.973595 -0.145232 -0.984579 0.097530
3.763138 -32.466972 742.093356 -1332.620369 0.961827 -0.161894 -0.220632 -0.249038 -0.183614 -0.950929 -0.113439 -0.969575 0.216923
2.342435 -35.845022 259.149360 317.958263 0.956761 -0.169704 -0.236240 -0.270129 -0.217152 -0.938017 -0.107886 -0.961273 0.253605
-12.587516 -43.186747 -3155.226206 6116.995195 -0.856696 -0.334654 -0.392528 -0.404081 0.908390 0.107452 0.320609 0.250667 -0.913442
-23.207675 -70.410022 -2526.244080 13949.091096 -0.907024 -0.184980 -0.378273 -0.229966 0.970148 0.076999 0.352737 0.156830 -0.922486
-17.524400 -46.898035 -2812.391720 7537.234220 -0.926502 -0.154714 -0.343013 -0.227749 0.956200 0.183879 0.299540 0.248485 -0.921157
-9.433407 -34.460400 -2492.340961 -169.544793 -0.879568 -0.304120 -0.365884 -0.378128 0.913579 0.149642 0.288755 0.269971 -0.918551
-4.685430 -64.773960 -1219.215695 -228.241195 0.769751 0.533234 0.350920 -0.458275 0.078933 0.885298 -0.444372 0.842278 -0.305127
3.893109 -68.980814 -3458.834719 805.978564 0.735885 0.572916 0.360888 -0.506075 0.111277 0.855281 -0.449846 0.812025 -0.371825
-3.792302 -64.831019 -1772.211047 888.124684 0.754328 0.550370 0.357886 -0.393689 -0.057016 0.917474 -0.525355 0.832972 -0.173666
4.728106 -65.536649 -3467.551373 858.475696 0.720308 0.573288 0.390509 -0.419340 -0.088561 0.903499 -0.552549 0.814554 -0.176611
-1.936013 -63.330305 -2035.910859 1059.422378 0.743968 0.557445 0.368465 -0.305312 -0.206918 0.929500 -0.594387 0.804015 -0.016255
-8.077867 -63.994380 -1074.156431 1277.699798 0.767781 0.542787 0.340433 -0.274305 -0.201710 0.940250 -0.579024 0.815289 0.005980
-10.090651 -65.392654 -894.981800 459.369416 0.783691 0.526156 0.330135 -0.354896 -0.056910 0.933172 -0.509782 0.848482 -0.142131
12.381114 -39.293110 -3091.074967 -2416.549921 0.902625 -0.427472 -0.050358 0.033151 -0.047606 0.998316 0.429150 0.902774 0.028799
7.031903 -43.474131 -3003.335991 -3937.991531 0.918379 -0.376593 -0.121484 0.104626 -0.064984 0.992386 0.381621 0.924097 0.020279
19.978990 -34.798082 -6732.048219 -276.141436 0.908105 -0.418729 -0.003370 0.018884 0.032911 0.999280 0.418317 0.907515 -0.037793
5.797435 -36.236252 -2690.778344 -2090.308453 0.918800 -0.378288 -0.112718 0.124806 0.007504 0.992153 0.374474 0.925657 -0.054107
18.241715 -29.250555 -6741.344202 94.995743 0.912987 -0.407125 -0.026525 0.081633 0.118589 0.989582 0.399738 0.905641 -0.141505
32.757845 -35.979468 -6142.652726 -954.339872 0.719157 0.135296 0.681548 -0.425499 0.861194 0.278021 -0.549330 -0.489939 0.676902
29.463658 -35.226786 -7406.013852 1023.892452 0.676327 0.092699 0.730745 0.480048 -0.807910 -0.341811 -0.558691 -0.581969 0.590912
22.320838 -37.970222 -8494.000453 -1634.546242 0.677385 0.038993 0.734595 -0.393605 0.862839 0.317150 -0.621470 -0.503973 0.599822
36.242302 -34.784653 -1972.229150 266.395335 0.750834 0.195217 0.630982 0.484322 -0.812282 -0.325008 -0.449089 -0.549626 0.704437
22.809864 -38.618964 -6486.264807 -1038.906738 0.708285 0.063771 0.703040 -0.310174 0.922740 0.228787 -0.634133 -0.380111 0.673343
32.491074 -35.965390 -1809.944016 -635.951554 0.772153 0.176489 0.610435 -0.373778 0.903032 0.211716 -0.513877 -0.391644 0.763247
39.465648 -35.143018 1499.964596 454.549281 0.795246 0.246391 0.553963 0.447040 -0.855517 -0.261237 -0.409558 -0.455392 0.790494
4.661532 -115.456600 -3243.222036 -6584.727921 0.755888 0.653614 0.037706 0.411234 -0.429191 -0.804165 0.509430 -0.623365 0.593209
11.364732 -127.588924 -2719.499847 7713.246094 0.735231 0.677806 -0.003901 0.237438 -0.262936 -0.935141 0.634869 -0.686618 0.354255
3.927499 -112.486944 -2452.346040 10442.860508 0.765651 0.643193 -0.009055 0.175531 -0.222452 -0.959012 0.618844 -0.732679 0.283221
0.867179 -106.448520 -1837.972538 7.974107 0.757272 0.652283 0.032651 0.343415 -0.355169 -0.869437 0.555522 -0.669613 0.492964
2.984963 -86.284117 -1600.162164 13893.119783 0.771577 0.627933 -0.101834 -0.060301 -0.087164 -0.994367 0.633272 -0.773371 0.029388
0.925333 -96.317922 -556.399040 11685.784813 0.759270 0.650049 -0.030732 0.125612 -0.192725 -0.973180 0.638538 -0.735046 0.227984
11.772431 -32.105421 -3746.920992 -581.889204 0.900444 -0.322268 -0.292135 0.043030 -0.602328 0.797088 0.432837 0.730304 0.528496
4.107613 -37.268951 -1115.088372 1316.096219 0.893124 -0.375543 -0.247584 0.002894 -0.545608 0.838035 0.449802 0.749186 0.486209
13.063938 -31.361887 -4025.247934 1546.535206 0.900584 -0.388127 -0.195720 -0.031937 -0.508125 0.860691 0.433508 0.768874 0.470004
23.782045 -26.223841 -5996.552516 -8.252776 0.894288 -0.328914 -0.303421 0.047632 -0.604231 0.795384 0.444949 0.725755 0.524690
20.368648 -31.482839 -7455.714152 -1687.926001 0.908688 -0.277649 -0.311765 0.058420 -0.654870 0.753481 0.413369 0.702892 0.578852
-14.993083 -22.381282 1921.559960 -1298.662447 0.053659 -0.239350 -0.969449 0.937932 0.345214 -0.033317 0.342642 -0.907490 0.243018
-18.561626 -20.986570 -492.562143 -1083.751562 0.651894 -0.010625 -0.758236 0.687795 0.429352 0.585316 0.319331 -0.903075 0.287199
-12.835266 -18.976399 -1852.291232 1490.432749 0.763495 0.043503 -0.644347 -0.586243 -0.371853 -0.719753 0.270913 -0.927272 0.258405
-17.208257 -22.667957 1801.507011 -575.176219 -0.345423 -0.406422 -0.845875 0.849191 0.248291 -0.466075 0.399446 -0.879303 0.259364
-12.019930 -20.452319 8.038811 -2080.796334 0.266862 -0.153233 -0.951475 0.920698 0.332274 0.204718 0.284781 -0.930652 0.229753
-11.900563 -23.946812 143.117710 -470.080092 -0.364894 -0.422995 -0.829414 0.809122 0.296660 -0.507262 0.460623 -0.856194 0.234005
-12.135546 -26.673115 55.204448 -1406.190600 -0.029442 -0.258665 -0.965518 0.926016 0.356615 -0.123775 0.376335 -0.897729 0.229028
-12.543107 -71.240224 656.022935 -1436.289451 0.882121 0.409349 0.233016 0.227552 -0.803498 0.550100 -0.412411 0.432232 0.801931
-14.522802 -72.311089 1200.655089 232.093097 0.872762 0.420134 0.248542 -0.273062 0.842234 -0.464843 -0.404627 0.337829 0.849793
-12.585433 -73.007252 616.022562 -820.147704 0.884592 0.398803 0.241772 -0.307227 0.888346 -0.341252 -0.350869 0.227590 0.908347
-15.266154 -70.836441 1289.923546 -2568.943538 0.867995 0.431846 0.245140 0.205287 -0.761566 0.614715 -0.452152 0.483246 0.749688
-13.053273 -67.158567 618.165545 -2852.795885 0.874199 0.427381 0.230482 0.150483 -0.689753 0.708234 -0.461661 0.584454 0.667295
5.918895 -121.533523 -1716.947349 -3412.131289 0.665956 0.716808 -0.206613 0.710817 -0.525688 0.467323 0.226367 -0.458080 -0.859605
6.018409 -157.697128 -2627.209935 14929.452261 0.693848 0.692840 -0.196333 -0.632542 0.456066 -0.626015 0.344187 -0.558548 -0.754691
7.225474 -146.928489 -1319.240577 2985.484610 0.643503 0.737491 -0.204965 0.746271 -0.544917 0.382288 0.170245 -0.398963 -0.901025
-2.126703 -85.764195 -1536.535154 -5505.752093 -0.572466 -0.786650 0.231224 0.815201 -0.576304 0.057627 0.087923 0.221483 0.971192
3.070353 -82.376965 -3708.022185 -7048.340471 -0.551675 -0.788807 0.270994 0.834045 -0.523591 0.173842 0.004762 0.321926 0.946753
-1.107363 -79.750290 -2281.274714 -4839.838966 -0.547400 -0.796637 0.256363 0.832974 -0.489127 0.258669 -0.080672 0.355140 0.931326
-5.137946 -84.151458 13.107854 -5253.315628 -0.565537 -0.798994 0.204392 0.824403 -0.540783 0.167073 -0.022959 0.262987 0.964526
-4.286079 -78.233601 -530.353739 -3445.140762 -0.532457 -0.814678 0.229760 0.830012 -0.449265 0.330516 -0.166041 0.366689 0.915407
-21.680697 -39.520726 1026.479812 -64.800888 0.778746 -0.067443 0.623703 0.571057 -0.335374 -0.749279 -0.259707 -0.939668 0.222657
-24.392812 -38.338314 1025.065193 -444.336714 0.757210 -0.103978 0.644842 0.538916 -0.458362 -0.706735 -0.369055 -0.882663 0.291041
-24.959167 -39.028230 1596.072579 -54.940136 0.736910 -0.093397 0.669508 0.613767 -0.322614 -0.720562 -0.283291 -0.941912 0.180413
-25.212190 -37.956542 412.381837 420.351901 0.697577 -0.147389 0.701187 0.646583 -0.292182 -0.704670 -0.308735 -0.944937 0.108520
-23.862640 -38.432975 -1011.504208 23.087741 -0.681305 0.104490 -0.724503 0.693877 -0.223060 -0.684675 -0.233149 -0.969188 0.079469
-21.263999 -39.866852 1549.233355 -51.466730 0.746072 -0.061977 0.662974 0.639517 -0.210614 -0.739364 -0.185455 -0.975603 0.117497
12.641039 -36.513367 1743.181404 -1070.628753 0.551710 0.734812 -0.394548 0.787909 -0.614331 -0.042378 -0.273523 -0.287487 -0.917898
15.763042 -32.221767 2442.117897 1283.696464 0.462826 0.797931 -0.386132 -0.805879 0.560194 0.191680 -0.369257 -0.222461 -0.902308
16.258029 -31.713980 -178.506753 -978.479001 0.486838 0.755436 -0.438526 0.822719 -0.565235 -0.060356 -0.293465 -0.331400 -0.896690
21.304514 -23.572080 1391.409571 1184.017873 0.277979 0.853131 -0.441470 -0.877924 0.412153 0.243679 -0.389844 -0.319839 -0.863554
11.786148 -37.541960 452.551573 -565.685967 0.578388 0.704007 -0.412118 0.793817 -0.602114 0.085515 -0.187939 -0.376607 -0.907109
14.003786 -26.088373 -958.489465 -710.834088 0.405519 0.777534 -0.480620 0.863717 -0.498061 -0.076995 -0.299244 -0.383896 -0.873543
12.365486 -32.476927 -1888.680507 -620.672123 0.562646 0.675996 -0.475877 0.799699 -0.590964 0.106031 -0.209550 -0.440217 -0.873097
15.693173 -526.638224 12572.591754 19328.785786 0.037932 0.872789 0.486622 -0.898210 0.243191 -0.366164 0.437926 0.423199 -0.793173
-2.007418 -516.758845 14152.703759 -130752.438176 -0.002696 0.864565 0.502513 -0.516927 0.428962 -0.740795 0.856025 0.261760 -0.445761
-27.143780 -976.675372 5828.711115 242692.001497 0.171457 0.824677 0.538991 -0.834486 0.412372 -0.365489 0.523675 0.387114 -0.758885
-6.744205 -753.021410 10178.584604 -216507.187583 0.020463 0.880363 0.473860 0.999446 -0.030458 0.013427 0.026253 0.473322 -0.880498
20.918571 -371.814355 8388.978130 -63796.049017 0.008151 0.918768 0.394714 0.988558 0.052052 -0.141576 -0.150621 0.391352 -0.907831
33.706693 -491.173394 4907.218962 -29961.407978 0.101817 0.953624 0.283259 0.986741 -0.132989 0.093041 0.126396 0.270030 -0.954520
-97.509369 -2556.139172 69264.276367 10274146.059187 0.276007 0.951968 -0.132578 -0.584701 0.275776 0.762936 -0.762853 0.133057 -0.632733
-351.886082 -5220.012949 78956.877076 2374878.972827 0.333718 0.923299 -0.190135 -0.844915 0.203519 -0.494670 0.418032 -0.325728 -0.848027
-223.642994 -3202.649830 48744.420915 4735994.139498 0.358168 0.881084 -0.308880 -0.839908 0.448546 0.305551 -0.407763 -0.149992 -0.900684
-403.201752 -5836.310913 94564.505856 -2092746.854492 0.268260 0.963182 -0.017819 0.418912 -0.099977 0.902506 -0.867496 0.249571 0.430309
2.460369 -34.932130 5733.929216 683.330727 -0.553570 0.331985 -0.763771 0.778129 -0.120631 -0.616412 -0.296774 -0.935539 -0.191550
1.324204 -33.751681 4882.213725 -73.344518 -0.550978 0.325772 -0.768307 0.803583 -0.041238 -0.593762 -0.225114 -0.944549 -0.239063
-7.670347 -35.154576 4203.478217 96.912281 -0.532753 0.309954 -0.787466 0.803015 -0.108535 -0.585993 -0.267099 -0.944536 -0.191075
-16.757797 -31.040448 1121.031494 -139.760057 0.522455 0.268230 0.809378 -0.490369 0.871069 0.027859 -0.697552 -0.411449 0.586626
-20.200246 -31.297580 1074.581964 -23.284828 0.538728 0.176793 0.823721 -0.503070 0.851790 0.146200 -0.675790 -0.493152 0.547822
-16.230816 -30.582061 1456.628084 -432.684820 0.533850 0.286168 0.795684 -0.553720 0.829481 0.073186 -0.639061 -0.479656 0.601275
-13.167002 -30.405482 1038.673429 -553.310784 0.543293 0.323049 0.774901 -0.535045 0.844509 0.023059 -0.646962 -0.427135 0.631662
-13.099859 -30.677902 1082.127562 -50.666676 0.529607 0.341429 0.776494 -0.484167 0.873321 -0.053779 -0.696490 -0.347471 0.627826
-15.198350 -30.650479 947.938100 356.460978 0.512319 0.297595 0.805585 -0.432492 0.899812 -0.057356 -0.741943 -0.319024 0.589698
11.473628 -73.581773 -4408.137853 2113.451117 0.745427 0.557244 0.365811 -0.562492 0.231365 0.793771 -0.357688 0.797464 -0.485911
17.848938 -68.633577 -5922.598677 1050.662207 0.731268 0.554112 0.397753 -0.501087 0.040781 0.864435 -0.462773 0.831443 -0.307480
-2.426821 -4.740149 -654.826278 -428.360065 0.355232 0.836782 0.416661 0.402983 -0.539273 0.739452 -0.843454 0.094770 0.528776
-2.473394 -3.931835 -543.751116 -77.690266 0.394066 0.773884 0.495798 0.364745 -0.626832 0.688508 -0.843607 0.090478 0.529283
-2.719979 -5.366892 -346.710085 -1507.355266 0.070110 0.996027 -0.054904 0.541471 0.008227 0.840679 -0.837791 0.088669 0.538744
-61.127479 -1548.185095 -2490.518137 -491217.761753 0.130365 0.006954 -0.991442 0.985597 -0.109555 0.128828 -0.107722 -0.993956 -0.021136
-189.624974 -1126.417964 -26443.308453 464037.411979 0.793470 -0.597859 -0.113885 0.312429 0.560718 -0.766801 -0.522296 -0.572853 -0.631702
80.916711 -502.970331 -59229.181399 148549.610058 -0.484670 0.089792 0.870076 -0.400616 0.861466 -0.312063 -0.777562 -0.499814 -0.381555
-14.457587 -180.733081 -15730.436831 37321.423109 -0.010933 -0.205612 0.978572 -0.515604 0.839659 0.170664 -0.856757 -0.502690 -0.115195
-43.082502 -195.157057 -10819.884957 44538.125644 -0.256971 0.445753 0.857479 -0.328064 0.794352 -0.511252 -0.909033 -0.412685 -0.057890
-23.667074 -170.153376 -3352.566021 -45400.139740 -0.001684 0.996102 0.088195 0.938918 -0.028776 0.342935 -0.344136 -0.083385 0.935210
-19.950295 -305.708737 4454.311542 -68948.156273 -0.026469 -0.995491 -0.091092 0.998753 -0.030195 0.039767 -0.042338 -0.089925 0.995048
-37.579807 -193.047295 -8069.522791 -57308.246430 0.040730 0.997095 0.064367 0.946176 -0.059191 0.318195 -0.321081 -0.047943 0.945838
-41.806550 -49.051093 -4761.211935 -9822.705489 0.463603 0.862736 0.201889 0.799072 -0.505547 0.325433 -0.382827 -0.010452 0.923761
-158.058589 -263.270324 -32068.047298 -59439.559604 -0.257083 0.795790 0.548295 0.089077 0.584462 -0.806517 0.962275 0.158501 0.221142
-121.790959 -200.540951 -25287.423734 11114.988096 -0.027609 0.999524 -0.013796 0.286948 -0.005296 -0.957932 0.957548 0.030407 0.286665
-98.819806 -370.213843 -16917.480645 -85140.041959 -0.097066 0.898453 0.428206 0.068774 0.435264 -0.897672 0.992899 0.057684 0.104040
-14.962234 -28.548105 12015.905465 -1449.001471 0.418203 0.223968 0.880309 0.812306 -0.525937 -0.252088 0.406528 0.820505 -0.401879
-6.135815 -20.228994 14657.371211 -3359.122979 0.514918 0.116902 0.849231 0.782581 -0.468456 -0.410020 0.349895 0.875718 -0.332702
15.138906 -30.775489 13208.722858 -1993.346153 0.461758 0.170006 0.870562 0.789189 -0.526780 -0.315726 0.404919 0.832827 -0.377412
-19.155989 -24.902125 -3173.848198 5760.397364 0.681327 -0.506731 -0.528221 0.670211 0.141725 0.728513 0.294298 0.850375 -0.436178
-25.312585 -35.755508 -2430.367844 4023.254117 0.932349 -0.358161 -0.049450 0.231409 0.486039 0.842743 0.277803 0.797174 -0.536040
76.749367 -39.000458 9435.396773 -4849.217598 0.735401 0.644734 0.208573 -0.675568 0.721573 0.151459 0.052850 0.252289 -0.966208
81.281880 -38.075207 12354.090432 639.787385 0.798479 0.560986 0.218464 -0.591592 0.798416 0.112028 0.111579 0.218693 -0.969393
67.187667 -48.187511 16182.148573 319.777805 0.759393 0.514754 0.397933 -0.600252 0.790261 0.123230 0.251038 0.332439 -0.909101
82.339106 -48.847813 13580.719033 5021.161457 0.677666 0.669167 0.304932 0.735369 -0.617328 -0.279534 0.001189 0.413668 -0.910427
88.259833 -32.749845 3357.212569 -4447.501810 0.617055 0.786388 0.028939 -0.763784 0.589655 0.262565 -0.189414 0.184120 -0.964480
55.698032 -53.711419 13223.904935 -3662.375100 0.721401 0.548201 0.423151 -0.669498 0.708316 0.223743 0.177068 0.444707 -0.877999
-0.750202 -15.497492 -137.260046 -2728.860047 0.864454 0.077623 0.496682 -0.033507 0.994707 -0.097139 -0.501593 0.067330 0.862479
-2.551831 -22.691730 -1.808607 -2562.378340 0.862048 0.137194 0.487905 -0.060880 0.983726 -0.169048 -0.503157 0.116024 0.856371
-1.010639 -13.634498 952.305986 -2497.809729 0.853780 0.241508 0.461231 -0.178547 0.967998 -0.176353 -0.489061 0.068215 0.869578
-4.976679 -12.693168 1444.226786 -2703.765410 0.790381 0.450582 0.415058 -0.369280 0.891012 -0.264064 -0.488804 0.055439 0.870630
-0.987956 -6.429302 788.333427 -2888.516250 0.820254 0.358370 0.445819 -0.296325 0.932893 -0.204699 -0.489259 0.035798 0.871403
-4.071161 -56.599852 580.845254 -2127.957041 -0.457930 0.039857 -0.888095 -0.239646 0.956477 0.166495 0.856078 0.289071 -0.428448
-3.260694 -57.865863 233.039050 -1274.456673 -0.457734 0.039668 -0.888204 -0.213560 0.964851 0.153149 0.863060 0.259786 -0.433173
-2.532167 -55.948908 -77.064929 1065.928664 -0.455272 0.055696 -0.888608 -0.384151 0.888077 0.252480 0.803215 0.456307 -0.382921
-1.730336 -55.240842 -212.196402 2797.939416 -0.474905 0.087767 -0.875650 -0.497171 0.794259 0.349247 0.726145 0.601207 -0.333562
-2.314944 -55.378865 189.686241 2440.444234 -0.464347 0.073538 -0.882595 -0.520196 0.783886 0.338997 0.716783 0.616535 -0.325741
7.564164 -46.460242 154.827780 -6910.485590 0.613794 0.103378 0.782668 -0.072926 0.994575 -0.074176 -0.786090 -0.011548 0.618004
5.916677 -50.589989 -1143.799300 -6454.927514 0.582983 0.135758 0.801062 -0.106171 0.990217 -0.090548 -0.805518 -0.032262 0.591693
9.068125 -62.378665 -861.589519 -8370.776228 0.596705 0.078273 0.798634 0.026532 0.992763 -0.117123 -0.802022 0.091077 0.590310
9.102795 -56.831485 1037.571939 -7670.356126 0.633510 0.032589 0.773048 0.037756 0.996620 -0.072954 -0.772813 0.075404 0.630138
11.332972 -66.284994 1256.879096 -4148.789504 0.633694 0.014602 0.773446 0.186683 0.967385 -0.171216 -0.750721 0.252888 0.610300
10.825058 -71.782080 -1886.281345 -3382.536988 0.571593 0.059393 0.818385 0.200981 0.956862 -0.209816 -0.795543 0.284409 0.534999
12.333590 -52.272994 -4218.398645 1158.804392 0.333346 0.134580 0.933150 -0.546881 0.833835 0.075104 -0.767985 -0.535358 0.351555
22.018297 -49.982738 -4150.817219 3706.216806 0.346333 0.193164 0.918009 -0.533435 0.845519 0.023336 -0.771687 -0.497780 0.395872
17.854192 -57.489626 -2840.309992 4441.652266 0.361266 0.176485 0.915609 -0.632535 0.767842 0.101573 -0.685117 -0.615850 0.389029
7.256924 -60.609172 -2946.348516 1787.330727 0.346806 0.115373 0.930814 -0.629876 0.763977 0.139988 -0.694969 -0.634846 0.337623
159.322555 -77.276302 -46399.173054 -210.930841 -0.410984 0.736527 -0.537234 -0.415313 0.373333 0.829540 -0.811546 -0.564048 -0.152455
96.759671 -74.733708 -24649.063998 -379.772394 -0.442463 0.653535 -0.614100 -0.472032 0.412518 0.779111 -0.762504 -0.634603 -0.125965
227.723430 -71.531099 -73384.536478 -2500.969402 -0.433621 0.683373 -0.587345 -0.572804 0.294130 0.765104 -0.695607 -0.668198 -0.263898
-4.879086 -110.911833 236.488184 -11114.719948 -0.830938 0.067977 -0.552196 -0.015880 0.989206 0.145672 0.556138 0.129813 -0.820889
-3.573736 -104.751528 532.457850 -9362.992785 -0.838966 0.052002 -0.541694 -0.023169 0.991108 0.131029 0.543691 0.122480 -0.830300
-4.668970 -122.172293 732.352715 -9538.368993 -0.842825 0.060476 -0.534778 -0.140320 0.934605 0.326839 0.519572 0.350509 -0.779223
-6.866823 -128.478099 48.075476 -10630.689020 -0.820320 0.086005 -0.565401 -0.132766 0.932981 0.334545 0.556281 0.349500 -0.753924
1.147744 -43.822833 -451.344637 -799.972454 0.631613 -0.071201 0.772008 0.212274 0.973604 -0.083876 -0.745658 0.216854 0.630055
1.592589 -41.776884 -229.181759 -762.370061 0.630778 -0.093803 0.770273 0.205786 0.977344 -0.049499 -0.748179 0.189735 0.635791
-0.140152 -41.418178 -252.027565 -41.392213 0.638403 -0.032350 0.769022 0.106719 0.993187 -0.046813 -0.762268 0.111954 0.637506
-1.326126 -43.569781 -683.817372 -115.126240 0.641607 -0.014095 0.766904 0.100034 0.992830 -0.065443 -0.760482 0.118705 0.638417
-1.898932 -14.657978 147.406333 -1783.285963 0.658434 0.456522 0.598375 -0.643248 0.754111 0.132471 0.390765 0.472127 -0.790189
-2.332407 -19.276990 372.908303 -1965.247084 0.736429 0.353608 0.576744 -0.568320 0.785837 0.243868 0.366993 0.507367 -0.779676
0.286958 -13.452678 855.430935 -2184.761396 0.721701 0.363942 0.588807 -0.557034 0.810326 0.181893 0.410927 0.459258 -0.787541
1.066644 -9.955902 996.105841 -1444.155020 0.687731 0.406417 0.601540 -0.585557 0.800346 0.128723 0.429125 0.440763 -0.788403
-0.617808 -11.525208 361.125937 1832.863423 0.631668 0.481315 0.607726 0.652219 -0.753691 -0.080995 0.419054 0.447532 -0.790006
1.125193 -116.976374 -142.215039 -2333.503306 0.853843 -0.050501 0.518074 -0.319871 0.734282 0.598759 0.410651 0.676963 -0.610809
2.560121 -109.231181 -300.778296 -261.121163 0.855697 -0.067328 0.513079 -0.374539 0.603588 0.703848 0.357077 0.794449 -0.491271
1.209489 -118.649098 333.877010 279.936736 0.850774 -0.068869 0.521000 -0.430395 0.477580 0.765949 0.301569 0.875885 -0.376671
2.817885 -107.213074 -527.469915 438.079001 0.852931 -0.056092 0.519002 -0.284907 0.783062 0.552848 0.437421 0.619409 -0.651917
0.240516 -114.280036 -333.582945 2485.767384 0.855422 -0.051254 0.515389 -0.396430 0.575591 0.715219 0.333311 0.816130 -0.472055
1.715415 -112.540408 86.835917 -1127.513946 -0.846508 0.050407 -0.529984 -0.215939 0.877428 0.428358 0.486615 0.477052 -0.731865
0.854071 -114.619586 957.150089 -2989.964506 -0.858821 0.036098 -0.511003 -0.197577 0.896997 0.395424 0.472642 0.440561 -0.763227
0.054921 -114.926806 -610.858787 -2005.382027 0.857582 -0.042441 0.512594 -0.281480 0.795386 0.536778 0.430491 0.604616 -0.670162
-5.291780 -141.351264 1074.027033 -21122.918898 0.883857 -0.274425 0.378799 -0.416476 -0.830358 0.370207 -0.212945 0.484970 0.848209
-5.254967 -182.085031 2315.224454 24933.987793 0.909896 -0.216568 0.353817 0.285395 0.945788 -0.155029 -0.301062 0.242038 0.922377
1.954222 -212.028093 1704.351715 -41191.805513 0.900309 -0.236533 0.365372 -0.375667 -0.846231 0.377847 -0.219816 0.477437 0.850726
34.367127 -62.802886 -835.390354 3529.612562 0.543582 -0.474715 0.692217 0.339683 0.878565 0.335765 -0.767550 0.052618 0.638825
30.652340 -56.129746 -2086.231037 1857.963980 0.552699 -0.415302 0.722529 0.411670 0.889878 0.196586 -0.724605 0.188791 0.662802
31.923075 -65.067198 4202.577570 3451.079720 0.669971 -0.408599 0.619827 0.376528 0.906577 0.190641 -0.639817 0.105659 0.761229
-91.468883 -391.752082 85763.404091 -152550.314537 -0.533227 0.462945 0.708061 0.737670 0.664181 0.121271 -0.414139 0.586980 -0.695660
51.314593 -1526.251915 2693.085239 -1157865.240115 -0.168176 0.914471 -0.368048 0.110180 0.388465 0.914853 -0.979580 -0.113304 0.166087
-62.945772 -6238.739263 13966.826458 2008936.577680 -0.641946 0.764095 0.063758 -0.756874 -0.644786 0.106734 -0.122665 -0.020260 -0.992241
71.784043 -1320.615708 2998.428046 -402277.448948 0.710232 -0.703465 -0.026607 0.605165 0.590804 0.533598 0.359648 0.395080 -0.845320
-11.001468 -231.681614 -1445.580111 -77757.677762 0.735806 -0.677142 0.008258 0.620197 0.678724 0.393305 0.271928 0.284275 -0.919371
6.867268 -31.567437 -2470.017677 -2318.928731 0.999356 0.000703 0.035889 -0.032976 0.412916 0.910172 0.014180 0.910769 -0.412673
11.231010 -36.892887 -249.950498 -2326.339916 0.990671 -0.028852 0.133184 -0.109859 0.409192 0.905811 0.080632 0.911992 -0.402205
5.796578 -36.684078 -1510.877625 -641.784831 0.992446 0.014116 0.121867 -0.120706 0.289900 0.949415 0.021927 0.956953 -0.289414
11.166947 -13.049709 1208.721118 3409.849936 -0.464058 0.690684 -0.554622 0.637871 0.695006 0.331795 0.614631 -0.199806 -0.763090
11.202011 -2.120251 -1624.813706 -1617.726987 -0.760369 0.230447 -0.607234 0.288838 0.957376 0.001648 0.581731 -0.174140 -0.794521
11.167323 -14.592936 977.327939 -4712.235604 -0.268830 0.871473 -0.410202 -0.777339 -0.447776 -0.441862 0.568749 -0.200080 -0.797805
-13.000147 -64.626044 -201.587985 -2459.689746 0.620439 0.028368 0.783741 0.012486 0.998862 -0.046038 -0.784155 0.038349 0.619379
-12.932192 -66.934558 -342.003832 -1824.020955 0.620832 0.020714 0.783670 0.145685 0.979189 -0.141295 -0.770288 0.201889 0.604895
-12.105170 -64.808804 -203.482989 -2073.095126 0.594242 0.020750 0.804019 0.049908 0.996789 -0.062612 -0.802737 0.077334 0.591298
-0.133924 -39.353875 6505.153936 2178.226123 0.214740 0.773798 0.595923 -0.262927 0.633433 -0.727759 0.940615 0.000405 -0.339475
22.447665 -37.617378 11798.905910 982.566851 0.199662 0.760963 0.617309 -0.239632 0.648785 -0.722257 0.950111 0.003720 -0.311889
6.433974 -37.450230 12475.986782 -1124.503785 0.172536 0.765116 0.620345 -0.112217 0.640958 -0.759329 0.978590 -0.061398 -0.196447
-9.907600 -38.812659 3941.956280 -1808.732699 0.261957 0.730913 0.630194 -0.080947 0.667336 -0.740344 0.961679 -0.142926 -0.233979
-6.939057 -27.674979 4558.632881 -5321.802306 0.269970 0.742188 0.613411 0.018134 0.633034 -0.773911 0.962698 -0.220056 -0.157441
16.683408 -24.283965 15002.569075 -4153.935827 0.174513 0.789774 0.588050 -0.000140 0.597234 -0.802067 0.984655 -0.139889 -0.104336
16.814148 -93.810336 -929.485451 617.526163 0.737841 0.035745 0.674028 -0.566257 -0.510695 0.646950 -0.367348 0.859019 0.356570
12.185699 -94.100552 409.124620 -3422.274634 0.746822 -0.018050 0.664779 -0.507508 -0.661460 0.552183 -0.429758 0.749763 0.503153
15.390095 -95.404037 -38.265320 -1186.773154 0.742043 0.050456 0.668451 -0.500671 -0.621360 0.602693 -0.445758 0.781899 0.435814
19.183278 -99.742804 -56.769411 2330.470123 0.745234 0.057246 0.664341 -0.573260 -0.453886 0.682173 -0.340587 0.889219 0.305435
19.777019 -104.146042 174.187288 7707.008444 0.743090 0.015308 0.669017 -0.627125 -0.332940 0.704177 -0.233522 0.942824 0.237805
-18.137005 -271.962746 3372.343447 62110.536688 0.505499 0.482859 -0.715065 -0.022160 0.835739 0.548680 0.862543 -0.261511 0.433166
-16.942210 -1261.153818 -1435.575044 -404245.536723 0.553137 0.548413 -0.627123 -0.386082 -0.498304 -0.776295 0.738228 -0.671518 0.063898
-24.765330 -928.476498 4118.112508 278593.669497 0.477934 0.570820 -0.667640 0.092900 0.722957 0.684619 0.873469 -0.389227 0.292497
-10.447781 -359.290640 2819.721393 106751.565319 0.477805 0.540592 -0.692432 -0.289439 0.841094 0.456931 0.829414 -0.017906 0.558348
-21.261553 -279.314003 2010.346061 68397.443674 0.518195 0.455776 -0.723700 -0.152067 0.881791 0.446454 0.841635 -0.121299 0.526248
-12.268120 -288.032670 580.641222 83085.936684 0.479362 0.491840 -0.726847 -0.182970 0.866014 0.465340 0.858332 -0.090075 0.505126
4.787641 -184.290565 -569.619969 56110.523546 -0.638659 -0.034515 -0.768715 0.769341 -0.048280 -0.637011 -0.015127 -0.998237 0.057389
218.667573 -9450.171712 4546.502335 3370264.523289 -0.578934 -0.034641 -0.814638 0.753946 -0.403185 -0.518659 -0.310483 -0.914463 0.259535
14.029973 -718.860069 217.237579 198720.507298 -0.650378 -0.053505 -0.757724 0.750158 -0.202118 -0.629612 -0.119462 -0.977899 0.171590
1.796210 -118.206830 49.463036 27930.236140 -0.642447 -0.057043 -0.764204 0.766093 -0.022982 -0.642319 0.019077 -0.998107 0.058465
-41.796703 -65.421997 -1881.976441 -4327.013401 0.948465 -0.157047 0.275229 0.308587 0.260315 -0.914882 -0.072033 -0.952666 -0.295362
-35.155478 -59.719051 774.635699 -2468.543325 0.971780 -0.098651 -0.214269 -0.170474 0.334118 -0.926986 -0.163039 -0.937354 -0.307871
-42.624649 -62.666845 -558.946422 -2081.456706 0.984436 -0.139721 0.106604 0.150923 0.361308 -0.920152 -0.090047 -0.921919 -0.376771
-31.461177 -54.181621 -97.642642 -3572.646306 0.903656 -0.116280 -0.412171 -0.371191 0.267355 -0.889235 -0.213597 -0.956556 -0.198435
63.470114 -74.916712 3857.057701 -17.671898 0.793180 0.218797 0.568325 0.555207 -0.643253 -0.527229 -0.250220 -0.733726 0.631693
60.823814 -67.368636 2290.772774 1432.457787 0.879303 0.224350 0.420110 0.423485 -0.771909 -0.474148 -0.217912 -0.594830 0.773751
42.955705 -63.625066 2991.838912 -4507.134280 0.898788 0.309295 0.310671 0.435889 -0.706019 -0.558156 -0.046705 -0.637082 0.769380
0.900182 -18.018416 -500.101475 -919.236446 0.870126 0.340126 0.356645 0.191729 0.433037 -0.880749 0.454006 -0.834741 -0.311585
-1.801226 -22.128529 -914.666102 -2621.812278 0.885077 0.390622 0.253089 0.071014 0.424061 -0.902845 0.459996 -0.817060 -0.347587
-2.317763 -17.222862 219.852292 -1640.092288 0.847145 0.297355 0.440370 0.264535 0.482741 -0.834854 0.460833 -0.823736 -0.330291
0.580328 -15.351425 135.802894 154.104036 0.812230 0.237448 0.532823 0.372746 0.491343 -0.787174 0.448711 -0.837974 -0.310576
3.259198 -16.833361 -260.558823 1038.196552 0.830640 0.263278 0.490633 0.342093 0.453937 -0.822748 0.439328 -0.851250 -0.286993
-10.794221 -27.033621 1686.411726 2276.830021 0.830516 0.408225 0.378941 -0.225765 0.868657 -0.440982 -0.509189 0.280691 0.813596
-10.865585 -21.000753 1782.800658 1963.648365 0.843509 0.304716 0.442312 -0.094482 0.894835 -0.436284 -0.528739 0.326219 0.783592
-13.958756 -25.035110 1693.968021 1993.246310 0.828617 0.338618 0.445794 -0.149486 0.901243 -0.406713 -0.539488 0.270369 0.797404
-13.745707 -29.512670 1391.867065 2093.131120 0.797697 0.454332 0.396563 -0.293791 0.867048 -0.402385 -0.526656 0.204475 0.825120
-17.359485 -25.316700 1201.461592 1273.007972 0.795563 0.374031 0.476635 -0.198636 0.904232 -0.378031 -0.572384 0.206071 0.793670
1.437253 -14.077498 68.047045 -537.828424 -0.095019 0.953435 -0.286239 0.653380 0.276669 0.704663 -0.751043 0.120066 0.649244
1.140228 -15.814597 892.749891 -877.251396 -0.138071 0.926426 -0.350244 0.669080 0.347984 0.656688 -0.730253 0.143672 0.667899
1.455698 -35.431633 347.936124 286.222490 0.963836 -0.156576 -0.215649 -0.212907 0.034278 -0.976471 -0.160284 -0.987071 0.000297
-29.819832 -94.070653 -1724.561147 10357.534238 -0.912591 -0.145250 -0.382204 -0.080410 0.980275 -0.180541 0.400889 -0.134027 -0.906270
-23.905024 -82.330237 -2362.671238 11590.947282 -0.861766 -0.281163 -0.422263 -0.256400 0.959622 -0.115695 0.437742 0.008567 -0.899060
-34.422868 -107.973802 1249.053744 3043.283753 0.918728 0.124466 0.374763 0.064903 0.888529 -0.454207 0.389522 -0.441616 -0.808238
-34.329761 -101.015089 -482.315059 5516.210080 -0.950048 -0.054705 -0.307273 0.038357 0.956590 -0.288902 0.309738 -0.286257 -0.906708
-30.847024 -100.412951 -1147.381142 6369.821840 -0.878542 -0.217323 -0.425365 -0.057298 0.932024 -0.357838 0.474216 -0.290003 -0.831274
6.448541 -63.995299 -5128.026034 575.833553 0.707899 0.567260 0.420827 -0.332556 -0.257950 0.907121 -0.623126 0.782098 -0.006043
19.889475 -65.289124 -6596.212777 549.469039 0.717642 0.538990 0.440999 -0.430520 -0.154384 0.889279 -0.547396 0.828043 -0.121254
0.928549 -38.150827 -247.425538 301.634800 0.901318 -0.412513 -0.132129 0.424374 0.779842 0.460167 0.086785 0.470829 -0.877945
1.780448 -37.605587 -1544.287786 732.114189 0.892229 -0.421512 -0.162035 0.444770 0.758157 0.476841 0.078146 0.497519 -0.863926
1.902215 -37.888274 -1416.834644 2378.208429 0.889877 -0.425350 -0.164913 0.439332 0.701628 0.560986 0.122908 0.571660 -0.811232
0.860246 -38.819464 -484.061218 -1001.197947 0.901545 -0.410297 -0.137380 0.431980 0.835365 0.339940 0.024714 0.365817 -0.930359
1.519491 -37.835604 -385.946824 1742.680970 0.889188 -0.432994 -0.147854 0.433669 0.694557 0.574040 0.145863 0.574549 -0.805368
0.308160 -41.371231 140.798455 -853.728004 0.919619 -0.377513 -0.108558 0.390991 0.853131 0.345390 0.037775 0.360072 -0.932159
-0.591623 -39.649691 527.901989 396.376764 0.904844 -0.411310 -0.109917 0.412077 0.781219 0.468922 0.107003 0.469596 -0.876373
33.343531 -33.957788 -5754.799274 313.212800 0.699562 0.136248 0.701462 0.533734 -0.752336 -0.386159 -0.475121 -0.644537 0.599026
10.270862 -127.767136 -1917.475023 -14385.904092 0.721854 0.691846 0.016609 0.484925 -0.488545 -0.725377 0.493735 -0.531670 0.688152
17.686418 -138.779048 -2448.606756 -8590.508121 0.712351 0.701813 0.003763 0.397554 -0.399094 -0.826241 0.578365 -0.590070 0.563304
20.970311 -142.659988 -2513.153470 13286.192076 0.707163 0.706674 -0.023061 0.178420 -0.209913 -0.961303 0.684169 -0.675683 0.274528
7.435468 -37.342527 -2874.458219 2636.760985 0.901817 -0.407146 -0.144770 -0.053899 -0.438391 0.897167 0.428744 0.801277 0.417293
-11.677286 -23.471963 -3605.231640 2255.085610 0.926536 0.159753 -0.340602 -0.261452 -0.377556 -0.888310 0.270507 -0.912102 0.308052
-13.784731 -23.338861 2808.829876 1887.426144 0.806181 0.493762 0.325995 0.434609 -0.120317 -0.892546 0.401482 -0.861234 0.311590
-14.236242 -73.111022 1000.224496 -1315.942818 0.864942 0.424489 0.267738 -0.341129 0.888560 -0.306744 -0.368111 0.173983 0.913359
-15.551168 -73.489705 1479.268720 435.964700 0.856361 0.439871 0.270480 -0.270466 0.828290 -0.490698 -0.439880 0.347059 0.828285
14.504489 -76.478444 2894.374544 -5674.661287 0.375459 0.907867 -0.186571 -0.856487 0.262929 -0.444183 0.354204 -0.326568 -0.876295
6.169181 -76.606514 931.373301 -5805.285811 0.363382 0.913264 -0.184126 -0.869695 0.261666 -0.418523 0.334042 -0.312217 -0.889346
10.822760 -81.684966 2301.960653 -1534.863593 0.378129 0.908380 -0.178503 0.916539 -0.340203 0.210283 0.130290 -0.243119 -0.961206
10.870474 -68.018906 2254.259466 -9712.424885 0.363047 0.911865 -0.191572 -0.787502 0.190386 -0.586169 0.498034 -0.363670 -0.787214
18.588147 -81.996005 3733.741769 -1583.636218 0.399201 0.897161 -0.189052 0.901339 -0.346227 0.260220 0.168004 -0.274280 -0.946861
22.900139 -76.078427 4385.254229 -5557.167936 0.395510 0.896097 -0.201449 -0.843075 0.267184 -0.466730 0.364411 -0.354433 -0.861151
19.866723 -64.221565 3575.994642 -9990.528582 0.376788 0.901706 -0.212031 -0.760695 0.170596 -0.626291 0.528559 -0.397270 -0.750202
9.402797 -87.544857 -2023.833640 11344.891864 -0.545171 -0.816118 0.191676 0.820267 -0.472098 0.322933 -0.173061 0.333279 0.926809
9.905326 -73.834968 -3348.701359 -2977.769558 -0.541872 -0.804759 0.242356 0.837790 -0.494237 0.232027 -0.066945 0.328773 0.942033
14.887218 -78.463959 -488.643713 7748.564998 -0.535308 -0.833840 0.134747 0.834247 -0.496970 0.238859 -0.132205 0.240275 0.961660
15.916643 -139.721274 -1184.061284 32745.902154 -0.546671 -0.826405 0.134928 0.803743 -0.472684 0.361340 -0.234835 0.305982 0.922620
10.883989 -161.325701 -2259.958173 37310.814640 -0.560213 -0.810736 0.169907 0.771525 -0.436028 0.463281 -0.301514 0.390623 0.869772
-20.717191 -36.797008 1666.585903 -662.690316 0.765808 -0.026413 0.642527 0.530709 -0.538297 -0.654664 -0.363162 -0.842341 0.398214
-24.177960 -37.223493 1606.242623 -28.419597 0.755164 -0.076979 0.651001 0.510974 -0.552977 -0.658120 -0.410650 -0.829633 0.378254
-20.411546 -37.993034 1368.427094 -891.684463 0.780119 -0.043509 0.624116 0.541704 -0.452115 -0.708625 -0.313004 -0.890898 0.329135
6.537381 -38.072728 3258.457424 688.557283 0.562196 0.744773 -0.359513 -0.778394 0.623379 0.074171 -0.279353 -0.238145 -0.930188
27.842704 -24.248858 2588.439965 1221.195440 0.260455 0.879583 -0.398117 -0.855023 0.401658 0.328034 -0.448440 -0.254961 -0.856677
-1.998103 -458.839965 10119.655222 -139506.991129 -0.015119 0.902166 0.431123 -0.061552 0.429515 -0.900959 0.997989 0.040158 -0.049036
-20.770673 -517.574108 8482.256677 -153666.462450 0.108969 0.869337 0.482057 -0.072106 0.490580 -0.868408 0.991427 -0.059870 -0.116142
-78.407757 -4344.654423 11318.629588 3406095.086979 0.376538 0.915733 -0.140184 0.653443 -0.369799 -0.660501 0.656682 -0.157101 0.737623
