15735
31457
-27.876609 -46.572734 96.404003 5057.915830 0.875450 -0.407381 -0.260053 -0.069388 -0.638435 0.766542 0.478301 0.653025 0.587185
-36.283300 -54.713629 829.238040 3886.946028 0.847461 -0.433975 -0.305738 0.033767 -0.530698 0.846888 0.529782 0.728029 0.435092
-33.495978 -61.543882 199.152099 7294.606513 0.830454 -0.232835 -0.506097 0.266495 -0.631741 0.727931 0.489210 0.739385 0.462583
-30.563450 -46.880256 16.352663 3586.138261 0.780836 -0.623479 -0.039621 -0.290589 -0.418607 0.860422 0.553041 0.660335 0.508039
-19.599594 -67.293503 -3548.805203 10242.201211 0.878265 -0.129728 -0.460241 0.253400 -0.689966 0.678038 0.405511 0.712122 0.573100
-21.285114 -46.637967 -1884.450519 7350.202195 0.908398 -0.219288 -0.355987 0.072830 -0.755418 0.651183 0.411715 0.617460 0.670249
-19.305965 -32.414286 -1360.172815 2658.865981 0.836651 -0.547355 -0.020411 -0.368574 -0.590161 0.718237 0.405176 0.593391 0.695500
-24.051128 -36.497815 45.479247 2784.235260 0.718204 -0.686132 0.115784 -0.496389 -0.388597 0.776267 0.487628 0.614993 0.619680
-25.968279 -54.826368 -8415.597122 32.349155 0.947956 -0.176807 -0.264800 0.269559 0.003014 0.962979 0.169463 0.984241 -0.050517
-20.265281 -57.812380 -8919.106288 1338.956130 0.907461 -0.274777 -0.317825 0.371288 0.170462 0.912737 0.196622 0.946277 -0.256709
-8.416753 -67.089283 -20771.709581 7656.403810 0.954862 -0.064995 -0.289853 0.293399 0.053822 0.954474 0.046436 0.996433 -0.070462
15.980577 -61.153184 -13230.147007 322.880134 0.929659 -0.184377 -0.318965 0.357188 0.238915 0.902960 0.090279 0.953375 -0.287967
28.265656 -83.115336 -24819.841648 14220.026089 0.984010 0.048402 -0.171409 0.174988 -0.083267 0.981043 -0.033211 0.995351 0.090405
-31.487397 -51.715932 64.603205 -932.375238 0.209774 0.911326 -0.354230 -0.166336 -0.323748 -0.931407 0.963497 -0.254307 -0.083673
-32.994259 -52.285530 85.612805 105.176715 0.139623 0.933680 -0.329769 -0.311643 -0.274673 -0.909634 0.939885 -0.229776 -0.252624
-31.840559 -51.321579 600.704151 -1118.964821 0.123078 0.927881 -0.351979 -0.147353 -0.333657 -0.931107 0.981396 -0.166464 -0.095661
-31.158730 -52.274488 -638.862163 65.190737 0.273268 0.888023 -0.369784 -0.276669 -0.295615 -0.914367 0.921292 -0.352175 -0.164906
-13.242870 -43.481530 -14078.761788 545.776193 0.849307 0.507327 -0.145936 0.153279 0.027546 0.987799 -0.505157 0.861313 0.054368
-43.899009 -50.370071 -3472.342506 4909.956027 0.799487 0.297788 0.521673 -0.479993 -0.205434 0.852880 -0.361147 0.932266 0.021306
-33.707707 -49.708668 -8025.885091 3398.334079 0.853443 0.452143 0.259232 -0.266896 -0.048074 0.962525 -0.447661 0.890649 -0.079647
3.007262 -92.759490 891.473362 1273.467877 -0.189961 -0.368345 -0.910075 -0.018653 0.928140 -0.371763 0.981614 -0.053645 -0.183181
2.672083 -92.660339 1000.817322 475.331962 -0.192316 -0.367838 -0.909786 -0.221063 0.919501 -0.325037 0.956110 0.138611 -0.258150
-0.756282 -99.390422 1137.751644 2361.657327 -0.206838 -0.351584 -0.913020 -0.202715 0.928350 -0.311564 0.957144 0.120640 -0.263290
0.401661 -99.457998 1133.386090 994.504163 -0.214299 -0.352524 -0.910935 0.093720 0.920877 -0.378420 0.972262 -0.166468 -0.164304
-2.108866 -95.351792 647.291852 2747.692280 -0.202701 -0.326492 -0.923209 -0.132529 0.943253 -0.304482 0.970231 0.060633 -0.234468
-2.314851 -37.904029 -443.406000 -136.385954 0.730639 -0.577778 0.363784 -0.668318 -0.496187 0.554211 0.139707 0.648052 0.748673
-2.932106 -37.413674 -1017.642511 -3245.599323 0.708633 -0.583146 0.397216 -0.698934 -0.503083 0.508329 0.096598 0.637846 0.764082
-5.766730 -36.462223 -1470.679608 -290.076529 0.729136 -0.574378 0.372090 -0.667803 -0.478234 0.570378 0.149667 0.664366 0.732269
-3.845132 -34.494058 -521.456174 2869.650584 0.742200 -0.569854 0.352711 -0.646732 -0.471026 0.599893 0.175715 0.673350 0.718139
64.389379 -38.161438 9334.481634 3901.718311 -0.703242 0.708991 -0.052747 0.555535 0.594296 0.581544 -0.443657 -0.379663 0.811803
50.865936 -34.055881 8085.839572 2052.121135 -0.680000 0.712297 -0.173874 0.538501 0.646115 0.540881 -0.497611 -0.274168 0.822931
78.513341 -37.266992 -11873.835060 1561.979952 0.738249 -0.674083 0.024511 -0.556163 -0.628860 -0.543339 -0.381669 -0.387487 0.839156
32.296689 -45.703682 4525.788013 5709.584187 -0.682291 0.692096 -0.235547 0.444149 0.648320 0.618396 -0.580699 -0.317308 0.749736
103.637601 -40.355922 -14341.332167 -1679.519972 0.748710 -0.649106 -0.134519 -0.593602 -0.566165 -0.571922 -0.295078 -0.508054 0.809203
-1.673658 -72.153469 -3215.588706 1864.763559 0.710788 -0.000540 -0.703407 0.693908 0.164320 0.701064 -0.115205 0.986407 -0.117171
1.200821 -69.626488 -1904.163575 1450.890084 0.746113 -0.018820 -0.665554 0.665254 -0.020141 0.746346 0.027451 0.999620 0.002507
-2.138302 -63.376086 -2592.084301 2459.113857 0.748670 -0.013477 -0.662806 0.659540 -0.086033 0.746730 0.067086 0.996201 0.055522
-5.575305 -63.807868 2687.059403 3020.228367 -0.694041 0.024027 0.719534 0.719483 0.058561 0.692037 -0.025509 0.997995 -0.057931
-6.448617 -73.464828 3733.958457 2615.479085 -0.672388 -0.002540 0.740195 0.713210 0.265346 0.648785 -0.198055 0.964150 -0.176604
-0.460124 -79.294156 -3663.908452 126.555330 0.686061 0.012244 -0.727441 0.653488 0.429134 0.623536 -0.319804 0.903158 -0.286411
1.529599 -34.526006 -1087.727060 -280.649469 -0.677817 0.726701 -0.111671 0.695559 0.584584 -0.417683 -0.238250 -0.360787 -0.901704
2.934415 -33.634423 -568.168250 1473.241181 -0.663249 0.739210 -0.116914 0.693486 0.548302 -0.467379 -0.281387 -0.391067 -0.876292
2.262093 -34.149822 -697.840020 177.238107 -0.684836 0.720938 -0.106056 0.685444 0.587932 -0.429537 -0.247316 -0.366858 -0.896800
2.662232 -34.701150 -292.495014 913.707725 0.684086 -0.724733 0.082390 0.662178 0.569699 -0.486789 -0.305855 -0.387562 -0.869625
1.764060 -35.694028 43.044277 -252.177987 0.705003 -0.704764 0.079237 0.663017 0.615301 -0.426396 -0.251754 -0.353145 -0.901060
40.805803 -26.468791 13259.052556 -1592.521732 0.954361 -0.298425 0.011713 0.126556 0.439626 0.889220 0.270515 0.847155 -0.457330
30.918359 -22.186621 10817.289606 -1104.289143 0.949457 -0.312665 -0.027789 0.186130 0.489498 0.851908 0.252759 0.814022 -0.522953
12.604885 -29.002103 8050.011064 -1065.212552 0.952821 -0.303328 -0.011163 0.147812 0.431560 0.889892 0.265112 0.849558 -0.456035
29.086928 -30.453662 10879.851861 -1605.760887 0.955087 -0.295966 0.014585 0.103584 0.379570 0.919346 0.277631 0.876545 -0.393180
5.160663 -64.455261 -2281.448551 -5425.968234 0.759574 -0.283257 0.585501 -0.498843 0.323949 0.803874 0.417375 0.902675 -0.104762
4.035416 -52.907843 -3458.365247 -4629.929314 0.761266 -0.256358 0.595613 -0.439517 0.471346 0.764629 0.476759 0.843868 -0.246145
10.071308 -59.917685 -1071.135520 -6088.545336 0.757992 -0.336786 0.558591 -0.450461 0.349073 0.821726 0.471735 0.874485 -0.112885
11.584518 -67.304654 -547.456546 -5197.763483 0.767511 -0.351262 0.536229 -0.496042 0.204414 0.843894 0.406041 0.913690 0.017351
-5.254182 -41.436903 1300.666364 -2481.293513 -0.769992 -0.059367 0.635285 -0.081549 0.996653 -0.005704 -0.632820 -0.056199 -0.772257
-5.542365 -40.855708 1792.973245 4130.799772 -0.778975 0.132719 0.612849 0.023898 0.982918 -0.182486 -0.626600 -0.127506 -0.768840
-1.774571 -50.234175 843.311783 1505.373698 -0.782897 0.046741 0.620393 -0.013957 0.995604 -0.092622 -0.621995 -0.081172 -0.778802
-0.321384 -51.449042 987.760577 -2850.857627 -0.768397 -0.059860 0.637167 -0.022986 0.997555 0.065997 -0.639560 0.036066 -0.767895
-6.908065 -50.821438 2733.907061 -6578.014038 -0.743290 -0.097079 0.661888 -0.069326 0.995265 0.068125 -0.665367 0.004751 -0.746501
-4.019233 -47.988379 1555.352088 399.502413 -0.557339 0.803222 -0.210258 0.306198 0.434226 0.847167 -0.771762 -0.407779 0.487955
-4.676749 -47.931427 1266.443106 551.722155 -0.583566 0.776035 -0.239208 0.388196 0.525318 0.757196 -0.713271 -0.349014 0.607811
-3.323101 -50.428714 1148.845603 267.435682 -0.568755 0.788056 -0.235552 0.287145 0.458606 0.840969 -0.770756 -0.410668 0.487121
-2.352287 -49.631083 441.695358 -117.381996 -0.575605 0.793464 -0.197720 0.175372 0.355949 0.917902 -0.798701 -0.493674 0.344038
-2.843088 -48.144321 -357.339660 -1522.913581 -0.584020 0.793366 -0.171726 0.226935 0.362695 0.903854 -0.779372 -0.488899 0.391864
7.181476 -27.040794 1182.365664 -1200.521559 0.843280 -0.266225 -0.466909 0.405248 -0.255709 0.877717 0.353063 0.929375 0.107747
6.803190 -22.353383 1061.370268 -1528.378730 0.797709 -0.249038 -0.549218 0.515616 -0.190631 0.835344 0.312730 0.949547 0.023660
4.203511 -27.528870 2106.164831 -1556.432830 0.823283 -0.300321 -0.481677 0.432120 -0.218652 0.874908 0.368073 0.928439 0.050238
1.684124 -32.025029 2078.166827 -870.590257 0.840453 -0.310668 -0.443987 0.360997 -0.290053 0.886313 0.404129 0.905182 0.131626
4.851979 -31.722816 2425.721475 -791.600135 0.848105 -0.307817 -0.431239 0.329368 -0.331237 0.884194 0.415012 0.891925 0.179538
1.506144 -30.445750 752.836236 -1607.839326 0.843672 -0.287147 -0.453612 0.403899 -0.217135 0.888661 0.353672 0.932952 0.067212
3.394980 -26.182447 615.427740 -2219.454010 0.828946 -0.281768 -0.483173 0.460974 -0.145091 0.875472 0.316784 0.948449 -0.009615
-3.717623 -90.013484 7.095613 2418.892222 -0.178349 -0.317294 -0.931405 -0.689905 0.715253 -0.111553 0.701586 0.622686 -0.346468
-3.567770 -91.018739 -461.017195 2255.416953 -0.159663 -0.305764 -0.938624 -0.555971 0.813538 -0.170444 0.815723 0.494635 -0.299888
-3.558894 -93.844948 253.728940 -223.215987 -0.188277 -0.320046 -0.928506 -0.488353 0.850758 -0.194221 0.852093 0.416871 -0.316474
-2.502171 -53.968874 -3222.450033 -5158.919076 0.732596 -0.247115 0.634221 -0.479488 0.473974 0.738539 0.483109 0.845153 -0.228743
37.287043 -371.052367 -715.798096 -1603.551739 0.062823 0.228214 0.971582 -0.704503 0.699688 -0.118796 -0.706915 -0.677019 0.204734
47.148644 -693.796679 -17837.686394 176871.578352 -0.064632 0.190808 0.979497 -0.368748 0.907512 -0.201117 -0.927280 -0.374186 0.011706
44.006553 -330.486077 -1757.664998 14671.008941 0.106968 0.238304 0.965282 -0.367006 0.911755 -0.184419 -0.924048 -0.334537 0.184987
-8470.056376 -20226.689130 -6147626.840861 9561225.475221 -0.342798 0.857174 -0.384372 0.694288 -0.044452 -0.718323 0.632814 0.513104 0.579888
-591.949262 -2932.667329 -69642.467115 -880205.102494 0.948061 0.307490 0.081421 0.124948 -0.595398 0.793656 -0.292520 0.742261 0.602894
-735.526496 -7130.624698 -183416.035764 2020959.413823 0.308613 0.916986 0.252773 0.879809 -0.174189 -0.442261 0.361517 -0.358879 0.860530
-3.094945 -36.220429 -476.005903 1863.569158 0.824585 -0.517821 0.227861 -0.297667 -0.054606 0.953107 0.481096 0.853744 0.199166
-3.186383 -33.756591 -135.597605 -1937.654542 0.802008 -0.532703 0.270205 -0.356101 -0.063228 0.932306 0.479558 0.843937 0.240405
-3.013516 -34.707522 90.154830 1396.826551 0.800641 -0.539773 0.260035 -0.331550 -0.037649 0.942686 0.499047 0.840968 0.209105
-4.077995 -36.610915 224.644105 4387.813738 0.815260 -0.538906 0.211969 -0.266118 -0.023549 0.963653 0.514327 0.842037 0.162611
-5.489093 -35.062243 460.056266 4605.248202 0.798462 -0.554070 0.235511 -0.290222 -0.011501 0.956890 0.527475 0.832391 0.169986
-3.427651 -33.834839 316.933411 1228.001261 0.778799 -0.551292 0.299249 -0.365219 -0.010654 0.930861 0.509988 0.834244 0.209640
-9.381354 -60.990286 392.899775 749.059143 0.783751 0.104481 -0.612224 -0.587883 -0.193141 -0.785551 0.200321 -0.975592 0.089952
-6.278728 -60.539122 695.878722 189.442526 0.754894 0.124461 -0.643929 -0.633802 -0.113979 -0.765052 0.168613 -0.985656 0.007159
-8.034386 -59.128853 682.739435 -259.683768 0.756162 0.122302 -0.642854 -0.589888 -0.297880 -0.750533 0.283285 -0.946736 0.153101
-6.886032 -62.052118 381.388019 -307.078505 0.777525 0.104090 -0.620178 -0.622514 -0.012275 -0.782513 0.089064 -0.994492 -0.055253
-12.164892 -61.054210 962.548976 -255.283472 0.785046 0.121422 -0.607420 -0.516782 -0.412267 -0.750315 0.341524 -0.902936 0.260900
-2.641042 -21.224056 162.745519 0.241289 -0.410938 0.358562 0.838190 0.882721 -0.073332 0.464141 0.227890 0.930621 -0.286375
-1.802331 -20.685124 581.826610 337.642660 -0.368144 0.351662 0.860700 0.912840 -0.039141 0.406437 0.176617 0.935308 -0.306602
-0.699826 -21.558806 796.630283 -96.124544 -0.509564 0.356717 0.783006 0.836575 -0.007411 0.547802 0.201213 0.934183 -0.294644
151.129804 -692.651890 -10128.091270 -171944.963649 0.335940 0.418159 0.843971 0.689589 0.501154 -0.522793 -0.641570 0.757620 -0.120000
-226.470502 -4318.974516 64418.483982 -1551837.206157 -0.021639 -0.624357 0.780839 0.997034 -0.071171 -0.029278 0.073853 0.777890 0.624046
-61.256869 -1714.693669 5059.258023 624417.175405 0.104743 -0.238700 0.965428 0.892024 -0.406641 -0.197320 0.439683 0.881853 0.170333
4.929817 -12.815386 157.415866 243.239898 0.952830 0.134271 0.272190 0.293173 -0.639194 -0.710972 -0.078519 -0.757233 0.648408
1.509631 -12.219047 323.416880 -56.090962 0.962203 0.111645 0.248398 0.263457 -0.612589 -0.745202 -0.068967 -0.782477 0.618848
4.698085 -12.585386 497.743454 87.375201 0.886845 0.228186 0.401793 0.452670 -0.603529 -0.656386 -0.092716 -0.763992 0.638529
61.454168 -73.153277 -3533.635305 -1256.228177 0.988769 0.022369 -0.147767 -0.146115 0.352427 -0.924362 -0.031400 -0.935572 -0.351737
62.258737 -78.419527 -1444.125338 -1845.446325 0.981551 0.167693 -0.091853 -0.168695 0.533407 -0.828866 0.090000 -0.829069 -0.551855
55.095125 -71.603840 -2602.746493 -1050.358851 0.985293 0.012316 -0.170427 -0.147191 0.567758 -0.809929 -0.086786 -0.823103 -0.561221
55.699533 -67.517908 -3072.447012 2439.366295 0.972351 -0.133870 -0.191342 -0.119358 0.419352 -0.899943 -0.200715 -0.897899 -0.391779
58.390239 -75.934796 -4368.325034 1592.378489 0.971515 -0.139417 -0.191629 -0.164594 0.184790 -0.968897 -0.170492 -0.972839 -0.156579
59.331314 -70.268164 -158.503819 -1454.702873 0.986821 0.082249 -0.139357 -0.148928 0.124795 -0.980942 0.063290 -0.988768 -0.135400
-4.967469 -62.896067 7133.315700 11827.620430 -0.544704 0.674484 0.498367 0.517452 0.737964 -0.433189 -0.659955 0.021921 -0.750985
-3.725770 -89.029836 -2275.757796 -22717.229743 -0.590635 0.782795 0.195915 -0.726869 -0.621550 0.292126 -0.350446 -0.030135 -0.936098
-17.223747 -153.965919 -3139.551924 37599.220595 -0.709976 0.653523 0.262376 0.599638 0.756379 -0.261390 -0.369280 -0.028250 -0.928889
-9.376095 -77.424431 11247.567632 13869.197950 -0.433745 0.800098 0.414377 -0.395493 -0.582277 0.710309 -0.809599 -0.144209 -0.568993
25.030019 -40.709940 396.602011 -284.882514 0.937562 0.191531 -0.290333 -0.347817 0.514155 -0.784008 0.000885 -0.836039 -0.548670
22.460072 -39.345708 2092.284260 384.973064 0.942728 0.242740 -0.228781 -0.330936 0.594752 -0.732633 0.041772 -0.766385 -0.641021
24.839481 -40.052644 -987.386325 188.828470 0.937469 0.143886 -0.316938 -0.336813 0.604695 -0.721734 -0.087804 -0.783352 -0.615345
21.109380 -39.391436 3427.791660 -194.151909 0.930944 0.283382 -0.230301 -0.343287 0.464164 -0.816520 0.124489 -0.839194 -0.529392
24.619735 -41.121657 -2008.588298 -328.006212 0.933777 0.107310 -0.341386 -0.347880 0.495866 -0.795673 -0.083898 -0.861743 -0.500360
25.177204 -39.390698 51.612401 -648.234213 0.936076 0.170053 -0.307966 -0.351507 0.416579 -0.838394 0.014279 -0.893053 -0.449725
-2.257107 -29.776692 -1527.775382 -283.699039 0.979057 -0.192605 -0.065962 0.002608 0.335835 -0.941917 -0.203571 -0.922018 -0.329304
-4.996158 -31.114668 -1389.076689 531.163772 0.983514 -0.168203 -0.066398 0.003813 0.386384 -0.922330 -0.180794 -0.906871 -0.380655
-5.412966 -29.354715 -1476.190392 -877.827851 0.981481 -0.163101 -0.100465 -0.050589 0.285147 -0.957148 -0.184759 -0.944505 -0.271615
-9.982809 -30.918372 -501.987573 -565.989667 0.988017 -0.089787 -0.125538 -0.090688 0.320433 -0.942920 -0.124889 -0.943006 -0.308451
-9.384742 -30.057528 -777.611872 -2044.890647 0.981870 -0.110096 -0.154303 -0.125487 0.232571 -0.964450 -0.142068 -0.966328 -0.214539
-6.687431 -28.963367 -1657.710070 -1077.596639 0.980076 -0.156083 -0.122839 -0.090777 0.198090 -0.975971 -0.176666 -0.967677 -0.179975
4.748944 -31.467127 -1039.383533 -262.839258 0.937428 -0.163161 0.307584 -0.311853 -0.000580 0.950130 0.154846 0.986599 0.051426
4.418010 -35.226774 -452.245409 208.705588 0.937835 -0.182257 0.295379 -0.318949 -0.116909 0.940534 0.136886 0.976276 0.167772
2.904688 -35.385342 -1024.786539 214.481739 0.943277 -0.162966 0.289258 -0.307823 -0.102860 0.945867 0.124391 0.981255 0.147191
-12.725363 -80.999951 1896.882305 -2775.870422 0.992996 -0.108749 0.046181 -0.109763 -0.704507 0.701158 0.043715 0.701316 0.711509
-8.193107 -86.767727 -494.645551 -1119.818442 0.999614 -0.005605 0.027223 -0.020823 -0.799759 0.599961 -0.018409 0.600296 0.799566
-4.640124 -82.306380 1355.928773 764.968229 0.985176 -0.151536 0.080407 -0.171354 -0.847084 0.503076 0.008122 0.509397 0.860493
-5.310609 -76.904440 1849.828884 -1250.331692 0.972749 -0.199717 0.117786 -0.228481 -0.739220 0.633522 0.039456 0.643170 0.764707
6.140092 -65.206474 115.312201 -442.187449 0.752160 0.246198 -0.611263 0.642665 -0.068917 0.763042 -0.145733 0.966766 0.210059
5.681512 -64.850400 494.736152 -586.703872 0.750264 0.213574 -0.625692 0.648887 -0.056525 0.758782 -0.126690 0.975290 0.180994
8.175514 -71.570159 370.132507 -1964.196505 0.748574 0.236172 -0.619564 0.663009 -0.256109 0.703439 -0.007456 0.937353 0.348301
4.808033 -61.135792 348.352615 -992.397045 0.757304 0.234020 -0.609692 0.604691 0.101334 0.789988 -0.246656 0.966936 0.064769
8.123396 -67.806614 -274.498755 -1483.930384 0.757978 0.267853 -0.594747 0.641415 -0.140348 0.754247 -0.118556 0.953183 0.278186
6.088487 -62.920190 279.421117 -873.780310 0.759987 0.245836 -0.601651 0.610237 0.048678 0.790722 -0.223675 0.968088 0.113024
0.740515 -73.114964 214.861257 -1451.146851 -0.090979 0.437600 -0.894555 0.983543 -0.101318 -0.149592 -0.156096 -0.893443 -0.421181
1.811172 -69.474484 -268.982205 -915.116658 -0.105811 0.438205 -0.892626 0.986890 -0.063735 -0.148273 -0.121866 -0.896613 -0.425717
0.577601 -68.110308 190.955207 539.497373 -0.082249 0.440125 -0.894162 0.950320 -0.235632 -0.203397 -0.300213 -0.866468 -0.398879
-6.667864 -138.879368 899.920309 9004.200129 -0.271383 0.194986 -0.942513 -0.123241 0.964163 0.234950 0.954549 0.179918 -0.237627
-4.354976 -145.068228 292.700630 4786.506407 -0.274917 0.212276 -0.937742 0.165273 0.971239 0.171405 0.947157 -0.107861 -0.302093
-3.412538 -130.660146 551.251901 3466.877031 -0.289480 0.198649 -0.936344 -0.006460 0.977800 0.209441 0.957162 0.066678 -0.281771
-5.228265 -119.194117 702.069851 6502.652640 -0.277684 0.167812 -0.945902 -0.317406 0.913303 0.255208 0.906722 0.371102 -0.200345
-8.250952 -116.434847 530.720891 7676.022720 -0.243529 0.165001 -0.955756 -0.452484 0.852284 0.262431 0.857877 0.496373 -0.132896
-9.180811 -120.098138 505.874505 12626.852854 -0.253022 0.185247 -0.949560 -0.338899 0.902337 0.266338 0.906161 0.389195 -0.165531
-8.757160 -31.618401 1097.035331 -526.924472 -0.076344 0.333399 -0.939690 0.997043 0.033848 -0.068995 0.008804 -0.942178 -0.334997
-6.567954 -33.655501 -191.795195 -490.367407 -0.160997 0.328423 -0.930709 0.986854 0.067041 -0.147052 0.014100 -0.942149 -0.334899
-9.341164 -33.027533 893.850918 -901.782103 -0.168077 0.330113 -0.928857 0.981128 0.147395 -0.125151 0.095595 -0.932363 -0.348657
-12.276334 -31.408823 1575.563224 -722.906879 -0.077767 0.316501 -0.945399 0.992739 0.111871 -0.044209 0.091771 -0.941972 -0.322903
5.877070 -200.860890 1041.892052 23040.843870 -0.227839 0.138175 -0.963845 -0.660511 0.705369 0.257256 0.715412 0.695243 -0.069444
6.385029 -257.579400 -1128.741934 -28042.619253 0.205373 -0.135890 0.969204 0.728633 -0.639922 -0.244118 0.653388 0.756329 -0.032409
4.744668 -179.385070 -628.984170 -19466.725003 0.181469 -0.099635 0.978336 0.878175 -0.431319 -0.206816 0.442581 0.896681 0.009226
4.530472 -171.123272 -395.747132 -16596.133272 0.199707 -0.107378 0.973954 0.829586 -0.510431 -0.226379 0.521445 0.853188 -0.012857
-10.007420 -31.688871 -810.163920 -406.682087 0.762340 -0.194982 -0.617106 -0.450671 0.524400 -0.722426 -0.464470 -0.828846 -0.311898
-10.299237 -32.497966 -1141.591814 -1164.626497 0.748848 -0.160629 -0.642982 -0.454627 0.581423 -0.674731 -0.482226 -0.797588 -0.362370
-11.801425 -30.561843 -464.532068 -606.569378 0.767930 -0.131961 -0.626793 -0.481166 0.527075 -0.700479 -0.422803 -0.839511 -0.341262
-7.975176 -33.752247 3387.232736 -745.829384 0.643505 0.659743 0.388124 -0.610916 0.748175 -0.258874 -0.461175 -0.070524 0.884502
6.762675 -32.884754 9892.984893 784.256692 0.578112 0.768284 0.274820 0.713448 -0.639389 0.286659 -0.395953 -0.030349 0.917769
8.523682 -34.442724 10349.446469 81.492801 0.624924 0.730441 0.275547 0.634534 -0.680858 0.365786 -0.454793 0.053745 0.888974
-0.849954 -37.390863 -3.749023 189.558060 0.953706 -0.205242 0.219818 -0.085254 0.516432 0.852074 0.288402 0.831369 -0.475026
-2.151196 -36.431968 990.219685 902.813484 0.944910 -0.236249 0.226565 -0.043718 0.594873 0.802630 0.324399 0.768318 -0.551773
-1.925386 -38.387923 1685.823034 2587.251614 0.944008 -0.250794 0.214364 -0.055010 0.520995 0.851785 0.325306 0.815884 -0.478027
13.600760 -172.675264 1902.947898 -11935.814085 -0.766818 0.039965 0.640619 -0.120227 0.971452 -0.204515 -0.630504 -0.233845 -0.740122
24.951322 -159.936567 4226.971679 -5872.683677 -0.782405 0.089934 0.616242 -0.039445 0.980375 -0.193156 -0.621519 -0.175434 -0.763503
19.487568 -188.450160 3648.665810 4297.988577 -0.767555 0.014410 0.640821 0.126143 0.983593 0.128972 -0.628448 0.179828 -0.756779
10.683517 -181.967718 2324.824113 4271.400954 -0.733171 0.003687 0.680034 0.091168 0.991491 0.092916 -0.673905 0.130121 -0.727269
6.868100 -166.462250 1347.592684 -11711.806619 -0.744425 0.014096 0.667557 -0.157219 0.967966 -0.195763 -0.648932 -0.250683 -0.718362
-3.421203 -44.363163 -1252.697492 3574.680881 -0.539583 0.285363 -0.792097 0.376360 0.923330 0.076262 0.753130 -0.256964 -0.605612
-3.825798 -64.093484 -1815.345892 8340.434101 -0.529925 0.265654 -0.805362 0.438708 0.898596 0.007739 0.725751 -0.349218 -0.592733
-30.528071 -134.288907 47.467208 29659.053794 -0.242157 0.654429 -0.716298 0.611554 0.676102 0.410959 0.753234 -0.338538 -0.563942
2.361147 -60.598734 -423.152133 316.478030 0.930951 -0.365144 -0.000884 0.365139 0.930947 -0.003302 -0.002028 -0.002751 -0.999994
1.900586 -58.600491 -190.246727 123.849199 0.931338 -0.364154 -0.001019 0.360794 0.923117 -0.132978 -0.049365 -0.123480 -0.991118
1.482649 -60.533916 -678.656452 65.778855 -0.934358 0.355894 -0.017744 0.355121 0.934125 0.036054 0.029407 0.027386 -0.999192
-40.518022 -62.904064 1106.752011 2099.475681 0.787748 -0.263563 -0.556766 0.386846 -0.491718 0.780105 0.479379 0.829908 0.285391
-39.761735 -60.014046 614.600050 1495.051801 0.825466 -0.433023 -0.362073 0.167588 -0.424517 0.889775 0.539000 0.795158 0.277855
-33.368576 -55.607896 -332.128161 2224.909371 0.787135 -0.604965 -0.120150 -0.109011 -0.328190 0.938301 0.607071 0.725472 0.324278
-39.159509 -55.398139 -1072.155349 1228.925754 0.858411 -0.384857 -0.339140 0.374845 0.019298 0.926887 0.350174 0.922774 -0.160827
-40.116191 -54.042203 -2318.936739 -722.259997 0.861682 -0.411510 -0.296922 0.396352 0.180412 0.900198 0.316872 0.893370 -0.318561
-35.850478 -50.870416 -3246.293676 -966.567241 0.939136 -0.300034 -0.167340 0.275719 0.367682 0.888138 0.204943 0.880221 -0.428028
-9.734325 -56.387674 -12070.462129 -3118.711985 0.938271 -0.185811 -0.291758 0.342518 0.381399 0.858613 0.048264 0.905544 -0.421499
-32.696712 -51.663059 -320.864657 -1033.537635 0.076993 0.945158 -0.317408 -0.163732 -0.302045 -0.939128 0.983496 -0.124276 -0.131497
-33.632346 -52.775018 -1005.669713 -441.227625 0.043566 0.953897 -0.296954 -0.272223 -0.274655 -0.922204 0.961247 -0.121015 -0.247707
-31.088420 -50.958200 -65.940017 857.108997 0.224142 0.908922 -0.351597 -0.411772 -0.238664 -0.879479 0.883292 -0.341906 -0.320774
-32.270938 -50.038731 484.872969 1502.365181 0.157008 0.939331 -0.304968 -0.485482 -0.195501 -0.852107 0.860032 -0.281844 -0.425333
-33.451067 -51.887945 -644.574945 868.432551 0.090985 0.954744 -0.283171 -0.431645 -0.218442 -0.875195 0.897443 -0.201859 -0.392235
-30.734191 -43.286495 -10903.338403 -625.327154 0.812038 0.460709 -0.358249 0.385598 0.037236 0.921915 -0.438074 0.886770 0.147411
-45.280779 -49.929935 652.628880 -6307.721330 0.106423 -0.106579 0.988592 0.945803 0.317631 -0.067573 -0.306806 0.942206 0.134606
6.321067 -92.543355 1077.679960 982.552148 -0.182373 -0.386492 -0.904082 -0.105944 0.921873 -0.372727 0.977505 0.027807 -0.209071
5.257754 -92.916898 1215.073439 -1355.408600 -0.193125 -0.375230 -0.906590 -0.321064 0.897284 -0.302984 0.927157 0.232560 -0.293761
-5.723722 -43.564502 -1316.073203 -456.382265 -0.706622 0.666729 -0.236977 -0.125595 -0.447769 -0.885285 0.696356 0.595798 -0.400141
-6.833191 -46.668030 -868.145760 5200.887360 -0.723838 0.650674 -0.229526 -0.245768 -0.553989 -0.795421 0.644715 0.519346 -0.560913
-9.449552 -45.782483 -476.655352 -34.718923 -0.744631 0.628474 -0.224823 -0.112214 -0.449901 -0.886001 0.657976 0.634515 -0.405534
-2.334843 -46.069742 -1377.410621 5379.757513 -0.696358 0.674172 -0.246127 -0.256526 -0.554092 -0.791945 0.670284 0.488339 -0.558789
-7.899056 -44.683643 -965.820681 -5526.292164 -0.723156 0.646613 -0.242770 0.014473 -0.337227 -0.941312 0.690533 0.684229 -0.234509
-2.737365 -42.526835 -1834.008873 -6643.368609 -0.687058 0.687128 -0.236233 -0.002046 -0.326949 -0.945040 0.726599 0.648814 -0.226039
-2.623899 -44.098909 -755.048703 -937.238547 -0.690696 0.683742 -0.235449 -0.132956 -0.440111 -0.888046 0.710817 0.582065 -0.394891
82.599597 -61.962454 -7637.529649 1850.941659 0.853618 -0.511895 -0.096435 -0.518952 -0.819734 -0.242332 -0.044997 -0.256904 0.965389
94.103746 -55.765918 -8419.648300 6095.889169 0.835731 -0.536814 -0.115689 -0.528754 -0.729781 -0.433403 -0.148229 -0.423380 0.893744
67.629132 -56.769229 -7534.137316 -4064.320987 0.793183 -0.605116 0.068516 0.561157 0.769956 0.303760 -0.236564 -0.202489 0.950282
87.062617 -63.949554 -1432.356928 2263.470115 0.870499 -0.383184 -0.308873 -0.468891 -0.836406 -0.283844 0.149578 -0.391913 0.907761
66.204362 -62.302722 -5986.667305 638.960354 0.837242 -0.546778 -0.007739 -0.543320 -0.830178 -0.124931 -0.061885 -0.108802 0.992135
74.610031 -66.937822 -6524.207687 -1629.862600 0.875991 -0.464317 -0.130575 -0.475233 -0.877138 -0.069157 0.082421 -0.122634 0.989024
2.475152 -29.191660 -184.082989 509.535273 -0.679665 0.729525 -0.076477 0.726127 0.654378 -0.211018 -0.103898 -0.198953 -0.974486
1.688140 -33.005246 714.186395 -1984.683191 0.693820 -0.714252 0.091965 0.691549 0.625181 -0.361813 -0.200931 -0.314631 -0.927704
1.911849 -30.779459 704.795612 -461.251975 0.704016 -0.705220 0.083821 0.702173 0.673533 -0.230882 -0.106366 -0.221401 -0.969365
1.815546 -31.239179 -8.738938 -1563.698770 -0.676185 0.733538 -0.068522 0.714138 0.629751 -0.305648 -0.181053 -0.255609 -0.949676
1.264703 -33.394252 629.090481 950.042327 0.708813 -0.701016 0.078487 0.704638 0.698494 -0.124868 -0.032712 -0.143813 -0.989064
3.740272 -28.484935 1206.980596 1125.838011 -0.644875 0.762019 -0.058853 0.758513 0.628653 -0.171621 -0.093781 -0.155315 -0.983403
1.695888 -31.998534 551.372896 1794.515484 -0.684542 0.726787 -0.056408 0.728288 0.678495 -0.096132 -0.031595 -0.106888 -0.993769
19.134745 -20.274312 8081.513042 -1009.538264 0.920266 -0.370225 -0.126663 0.317936 0.518787 0.793585 0.228094 0.770580 -0.595130
30.327242 -13.184929 3848.371035 -622.147983 0.954802 -0.250856 -0.159450 0.271306 0.516338 0.812274 0.121433 0.818820 -0.561059
26.105623 -14.323049 6129.898300 -1295.379832 0.888960 -0.381762 -0.252998 0.436336 0.538145 0.721118 0.139146 0.751437 -0.644966
30.729933 -9.032282 474.751389 -610.271359 0.922493 -0.221257 -0.316310 0.385978 0.539936 0.747991 -0.005289 0.812105 -0.583487
30.972010 -5.979551 -3916.239051 -527.606904 0.966359 -0.008172 -0.257067 0.225081 0.510511 0.829890 -0.124454 0.859832 -0.495176
9.757865 -68.851919 -1413.569820 -1164.695836 0.763774 -0.305342 0.568697 -0.567845 0.101087 0.816905 0.306923 0.946862 0.096180
-4.640023 -46.428326 869.758652 -52.515852 -0.597745 0.761361 -0.251060 0.436341 0.571690 0.694821 -0.672538 -0.305778 0.673938
-4.419216 -43.743206 -127.281524 204.275194 -0.620338 0.745184 -0.244706 0.454446 0.595772 0.662220 -0.639264 -0.299595 0.708226
-2.773770 -40.451919 -276.895141 1147.168532 0.652478 -0.695861 0.300084 0.521538 0.699631 0.488379 -0.549792 -0.162152 0.819412
-3.738894 -44.519838 1213.691182 560.426809 -0.609494 0.742954 -0.276651 0.492254 0.628195 0.602542 -0.621452 -0.231063 0.748604
-2.137903 -38.945414 1778.385328 609.015371 0.669364 -0.688174 0.279945 0.481980 0.688994 0.541279 -0.565374 -0.227385 0.792873
-2.595790 -42.167633 -1669.796289 672.811514 -0.636223 0.735161 -0.234006 0.441800 0.595823 0.670677 -0.632482 -0.323316 0.703871
8.983501 -22.531717 226.009510 -1377.306445 0.846772 -0.227214 -0.480990 0.439385 -0.210951 0.873178 0.299863 0.950723 0.078793
7.929075 -18.327802 -118.893079 -1563.905351 0.808709 -0.209256 -0.549729 0.527215 -0.156559 0.835185 0.260832 0.965247 0.016288
6.897694 -17.855065 512.845566 -1423.144913 0.752891 -0.227971 -0.617402 0.601650 -0.141860 0.786062 0.266784 0.963278 -0.030353
35.781889 -24.162280 6970.454991 450.427581 0.714396 -0.445162 0.539879 -0.699286 -0.426344 0.573785 0.025253 0.787440 0.615874
43.237466 -32.775577 9733.491919 -4041.511723 0.702257 -0.420851 0.574212 0.711869 0.405158 -0.573663 0.008781 0.811623 0.584116
27.301325 -34.197708 5936.549453 5119.014687 0.745200 -0.441723 0.499558 -0.664863 -0.434495 0.607595 0.051333 0.784917 0.617471
-0.793221 -5.339737 -1480.843409 2187.494796 -0.548711 -0.772839 -0.318805 0.645741 -0.149601 -0.748758 0.530976 -0.616717 0.581141
0.285428 -10.023590 1855.170140 613.334733 0.701131 0.703655 0.115260 0.504749 -0.375621 -0.777262 0.503630 -0.603140 0.618529
-3.456764 -11.191600 -819.521581 304.556777 -0.514758 -0.779652 -0.356606 0.708189 -0.152244 -0.689413 0.483211 -0.607425 0.630509
-4.825160 -10.541368 -496.619217 134.024476 -0.359832 -0.781743 -0.509312 0.800154 0.022198 -0.599384 0.479870 -0.623205 0.617527
1.022011 -65.203098 -1690.010207 -4611.734357 0.727839 -0.249984 0.638560 -0.562565 0.314823 0.764465 0.392138 0.915639 -0.088508
-5.860246 -54.482000 -146.391775 -5154.905338 0.653354 -0.251134 0.714185 -0.547417 0.494922 0.674824 0.522937 0.831856 -0.185884
-7.845090 -45.369779 -2011.777759 -4892.689756 0.690037 -0.262359 0.674549 -0.441734 0.585619 0.679648 0.573340 0.766954 -0.288206
-10.665321 -1532.892813 1659.847801 486784.416242 -0.005201 -0.131795 -0.991263 0.930380 -0.364006 0.043515 -0.366560 -0.922025 0.124513
-21.681005 -1539.083819 9012.727541 466256.037430 -0.079661 -0.225165 -0.971059 0.986607 0.121294 -0.109062 0.142340 -0.966741 0.212487
-67.752784 -3031.805766 8655.791160 1007049.132836 -0.190788 -0.087245 -0.977747 0.888877 -0.438001 -0.134364 -0.416531 -0.894731 0.161115
-21.239335 -830.480260 5695.595689 246968.627615 0.093779 -0.142214 -0.985383 0.993033 0.084290 0.082342 0.071348 -0.986241 0.149128
-43.380972 -2335.161642 -18772.543326 868046.103460 -0.025752 0.243010 0.969682 -0.419474 0.877848 -0.231136 -0.907402 -0.412709 0.079330
-26.999509 -1038.710996 2877.389958 -140167.122872 -0.000602 0.078636 0.996903 -0.546792 0.834650 -0.066168 -0.837268 -0.545138 0.042495
-20.314271 -754.690577 802.589260 189100.375739 0.011429 -0.048216 -0.998772 0.898181 -0.438499 0.031447 -0.439477 -0.897437 0.038294
-460.596036 -4449.836006 -105281.604985 -559868.104250 0.339762 0.671059 0.658970 -0.296857 0.741351 -0.601893 -0.892434 0.008880 0.451091
-4474.901414 -7284.884503 -414484.617427 -1980967.872493 0.182149 0.919862 -0.347384 0.619471 0.167008 0.767049 -0.763595 0.354912 0.539407
-167.414376 -5662.801378 -14962.897013 -1563638.478057 0.396836 0.600241 0.694429 0.688377 0.305831 -0.657727 -0.607172 0.739039 -0.291828
-4.423094 -24.628439 -1181.028421 -120.243285 0.932133 -0.240185 -0.270997 0.118167 0.909157 -0.399336 0.342293 0.340212 0.875837
-3.229679 -25.905650 -924.614562 258.689061 0.927449 -0.238113 -0.288341 -0.087311 -0.887643 0.452180 0.363614 0.394198 0.844034
-0.665431 -25.011822 -1032.740328 476.144590 0.916065 -0.332381 -0.224381 -0.186645 -0.848590 0.495034 0.354948 0.411604 0.839401
-2.308006 -23.839563 -717.922457 -119.127409 0.912174 -0.338715 -0.230676 0.214338 0.874093 -0.435913 0.349282 0.348186 0.869924
-3.149655 -34.989892 -776.295132 -2295.190058 0.817507 -0.517986 0.251740 -0.336728 -0.075287 0.938587 0.467222 0.852070 0.235968
-1.861236 -30.756071 -391.196578 -854.480411 0.809808 -0.521821 0.268167 -0.397949 -0.152687 0.904612 0.431100 0.839279 0.331306
-3.563233 -65.360189 1053.395795 -1672.969884 0.753454 0.139944 -0.642435 -0.652169 0.034890 -0.757270 0.083560 -0.989545 -0.117555
-1.180369 -21.063444 862.089869 212.649431 -0.319908 0.349855 0.880489 0.940885 0.008109 0.338630 0.111331 0.936769 -0.331768
3.331949 -19.839075 1759.421557 -133.605541 -0.482401 0.340685 0.806984 0.867498 0.058136 0.494032 0.121394 0.938378 -0.323589
-4.303977 -20.437964 557.889668 801.230139 -0.278724 0.362834 0.889193 0.943876 -0.067370 0.323355 0.177229 0.929415 -0.323693
145.938826 -3153.722358 -35344.934755 -719169.068605 0.283974 0.066161 0.956547 0.622641 0.745932 -0.236439 -0.729162 0.662728 0.170631
-135.640136 -3038.666482 11018.708563 -957660.141144 0.120767 -0.584802 0.802136 0.988836 0.141920 -0.045408 -0.087285 0.798664 0.595413
-100.176951 -493.259085 21248.638988 116689.184445 0.788150 -0.206466 -0.579820 -0.584553 0.043779 -0.810173 -0.192657 -0.977474 0.086186
-209.958126 -266.365758 14969.759717 34203.306638 0.909215 -0.396148 0.128041 0.035629 -0.232382 -0.971972 -0.414799 -0.888293 0.197171
-172.132263 -346.712817 41416.115086 81181.690412 0.818291 -0.244862 -0.520041 -0.414126 0.376279 -0.828803 -0.398623 -0.893564 -0.206502
-74.485719 -474.906035 18427.769182 128628.396746 0.848097 -0.117545 -0.516638 -0.431585 0.412372 -0.802299 -0.307353 -0.903400 -0.299001
-33.636705 -370.994072 8957.048258 81782.816462 0.829819 -0.088762 -0.550928 -0.556082 -0.049060 -0.829678 -0.046615 -0.994844 0.090070
-48.499909 -281.702074 11454.703674 -6575.326749 0.828499 -0.145301 -0.540811 -0.535674 -0.487129 -0.689753 0.163223 -0.861158 0.481420
-42.312706 -370.802816 11112.006621 84666.180711 0.867755 -0.068737 -0.492216 -0.443555 0.339641 -0.829399 -0.224187 -0.938040 -0.264237
-21.399978 -28.219692 2176.644210 -2270.236888 0.889629 0.395173 0.228906 -0.452649 0.696530 0.556736 -0.060567 0.598903 -0.798528
-24.654907 -26.311939 2197.997155 -2445.935268 0.851643 0.473640 0.224430 -0.518935 0.701909 0.487884 -0.073552 0.531967 -0.843564
-26.141741 -30.378497 990.936515 72.050753 0.856635 0.493041 0.151944 -0.476317 0.642635 0.600119 -0.198239 0.586456 -0.785348
-21.827756 -32.353201 523.424322 129.096762 0.877419 0.444404 0.180667 -0.441858 0.602004 0.665096 -0.186809 0.663397 -0.724573
60.397176 -83.159170 3251.699310 -5177.690852 0.938840 0.342179 0.038639 -0.140220 0.482362 -0.864676 0.314512 -0.806375 -0.500841
58.910281 -88.238823 804.046487 1570.764532 0.957206 0.289252 -0.009540 -0.227167 0.730512 -0.644008 0.179311 -0.618616 -0.764959
25.712469 -38.421526 -8.255670 1039.089703 0.945774 0.179792 -0.270529 -0.315457 0.706963 -0.633001 -0.077446 -0.684017 -0.725344
20.475759 -37.093860 3165.481116 954.679788 0.953681 0.248442 -0.169613 -0.298420 0.710279 -0.637534 0.037917 -0.658620 -0.751520
14.783155 -38.123252 4078.364026 257.678092 0.933858 0.306845 -0.183729 -0.330385 0.543428 -0.771707 0.136951 -0.781365 -0.608862
13.477030 -36.753735 3943.222920 720.393998 0.946124 0.284474 -0.154676 -0.308581 0.647365 -0.696920 0.098124 -0.707102 -0.700270
-5.826548 -33.265627 -1222.459591 296.246673 0.985705 -0.150663 -0.075402 0.001137 0.453488 -0.891261 -0.168474 -0.878436 -0.447177
-8.809234 -32.108782 -887.033304 722.097162 0.988442 -0.115382 -0.098329 -0.041406 0.418480 -0.907282 -0.145833 -0.900867 -0.408866
5.440583 -32.580881 -468.530979 -160.945991 0.933211 -0.182751 0.309387 -0.324311 -0.057614 0.944195 0.154728 0.981470 0.113034
4.730797 -35.532231 -353.068943 -669.705821 0.937620 -0.184532 0.294648 -0.325060 -0.164717 0.931238 0.123309 0.968925 0.214426
-0.537669 -91.789208 -4052.323514 -89.863887 0.993269 0.114408 0.018106 0.088858 -0.852874 0.514500 -0.074305 0.509428 0.857299
-6.491067 -87.051085 -3959.960658 -4718.235620 0.988999 0.147858 -0.004261 0.107697 -0.700025 0.705950 -0.101398 0.698643 0.708248
1.017729 -86.926559 -1735.630878 1387.941998 0.998397 -0.024845 0.050854 -0.042849 -0.918822 0.392338 -0.036978 0.393888 0.918414
7.774249 -94.636535 -4442.872023 -1895.555726 0.975657 0.209615 -0.064454 0.208425 -0.794917 0.569795 -0.068202 0.569359 0.819255
17.154786 -93.306892 -5917.248361 4220.865027 0.992711 0.115690 0.033760 0.102459 -0.957674 0.269003 -0.063452 0.263584 0.962547
-9.967684 -88.556281 -270.028276 -380.912999 0.825797 0.169666 -0.537841 0.448789 -0.775240 0.444512 0.341537 0.608454 0.716335
-8.420117 -84.380424 -356.979769 -1526.538572 0.813756 0.160998 -0.558463 0.495473 -0.694452 0.521769 0.303823 0.701296 0.644885
-9.297093 -84.820793 -438.961336 -2758.684751 0.818953 0.179966 -0.544912 0.535276 -0.581866 0.612300 0.206872 0.793123 0.572852
6.512404 -66.722644 1002.645999 -417.742237 0.739429 0.207505 -0.640459 0.673216 -0.235024 0.701102 0.005041 0.949582 0.313479
4.478948 -60.273767 81.014870 -1618.442969 0.757126 0.232734 -0.610406 0.591606 0.152012 0.791767 -0.277060 0.960587 0.022594
4.345105 -59.791606 335.026041 -1681.507146 0.753385 0.218037 -0.620380 0.609457 0.122746 0.783260 -0.246929 0.968191 0.040410
-7.976305 -27.083005 311.946823 -174.420257 0.848762 -0.475694 0.230910 0.506913 0.607719 -0.611324 -0.150475 -0.635919 -0.756944
-9.228615 -29.020299 -43.445992 -1256.333022 0.830394 -0.490539 0.264230 0.518907 0.508143 -0.687406 -0.202932 -0.707929 -0.676503
-9.091941 -30.283082 -712.516860 -1508.094562 0.820147 -0.519438 0.239883 0.511823 0.478677 -0.713376 -0.255728 -0.707850 -0.658446
-7.414558 -26.103315 2119.525858 -335.754860 0.848635 -0.443692 0.288022 0.520660 0.604428 -0.602976 -0.093447 -0.661668 -0.743951
-8.093722 -27.955374 195.953311 -659.052809 0.816235 -0.522354 0.246794 0.544687 0.553431 -0.630104 -0.192554 -0.648738 -0.736249
-8.067190 -31.019343 3.442074 1599.124466 0.876459 -0.446598 0.179916 0.469167 0.708229 -0.527536 -0.108175 -0.546774 -0.830263
-5.436214 -28.849150 1068.462893 1295.329789 0.906007 -0.372871 0.200298 0.420928 0.744087 -0.518800 -0.044406 -0.554348 -0.831100
-6.432441 -31.852385 92.807173 2591.585426 0.860588 -0.427102 0.277440 0.478778 0.492682 -0.726661 -0.173668 -0.758187 -0.628483
-5.888220 -30.240690 -259.931589 2896.507561 0.903961 -0.373657 0.207929 0.398326 0.558936 -0.727273 -0.155532 -0.740251 -0.654094
-8.956970 -32.330509 -724.663897 620.064317 0.860980 -0.433868 0.265466 0.442046 0.380082 -0.812486 -0.251613 -0.816882 -0.519033
-4.062559 -28.291602 -405.578852 2029.177700 0.901347 -0.385644 0.197111 0.405422 0.591213 -0.697209 -0.152340 -0.708341 -0.689236
-8.589399 -32.387772 244.013432 -730.130421 0.847275 -0.434313 0.305773 0.454530 0.294995 -0.840465 -0.274823 -0.851088 -0.447350
2.150085 -82.319629 427.416524 -4163.779039 -0.064110 0.432267 -0.899464 0.996432 -0.021847 -0.081520 -0.054889 -0.901481 -0.429324
0.536237 -77.244752 228.731591 -1203.071178 -0.061790 0.438116 -0.896792 0.979410 -0.146400 -0.139005 -0.192191 -0.886917 -0.420049
0.610695 -75.948401 50.940239 851.445179 -0.031503 0.414290 -0.909600 0.968747 -0.211368 -0.129822 -0.246044 -0.885262 -0.394683
0.141488 -77.209115 196.453945 3202.868151 0.009892 0.401729 -0.915705 0.919167 -0.364241 -0.149867 -0.393744 -0.840204 -0.372859
2.169084 -72.919890 191.657505 -1146.529630 0.011862 0.397101 -0.917698 0.969641 -0.228741 -0.086446 -0.244243 -0.888813 -0.387759
3.871481 -83.986032 61.334076 -4809.584349 -0.039237 0.405594 -0.913211 0.996208 -0.055146 -0.067295 -0.077655 -0.912388 -0.401892
