14308
28605
-45.002743 -66.222289 -2260.054289 7715.490832 -0.234819 0.966500 -0.103622 0.961047 0.214855 -0.173855 0.145767 0.140410 0.979304
-48.375040 -74.236612 1357.411062 5541.015251 0.219789 -0.964639 0.145481 0.975334 0.214165 -0.053451 0.020404 0.153640 0.987916
-32.017205 -85.256983 6091.571358 10135.045172 0.364858 -0.930560 0.030605 0.929687 0.362335 -0.066296 0.050603 0.052641 0.997331
-46.096345 -64.261873 -208.761706 4419.224778 -0.311511 -0.912773 0.264211 0.947017 -0.321103 0.007236 0.078234 0.252466 0.964438
-35.672452 -62.162816 -5443.756067 8885.194372 -0.295030 0.955488 -0.000602 0.925528 0.285622 -0.248633 0.237394 0.073912 0.968598
-39.624091 -49.882928 1393.956243 4116.072608 0.525274 0.798023 -0.295375 0.816202 -0.570665 -0.090305 0.240625 0.193651 0.951104
-70.642153 -83.853800 -436.133528 6228.858887 0.639038 -0.649068 0.412723 0.612529 0.753977 0.237333 -0.465229 0.101140 0.879393
-59.432452 -72.705450 -2640.221098 -1492.968088 0.395456 0.885486 0.243986 0.684988 -0.461294 0.563913 -0.611887 0.055875 0.788969
-57.657104 -69.563336 725.434722 -3936.524216 -0.142148 0.989165 -0.036702 0.855099 0.141390 0.498813 -0.498598 -0.039521 0.865932
-58.109785 -81.859673 -462.721836 635.459588 -0.439457 0.873562 -0.209205 0.831696 0.483687 0.272633 -0.339352 0.054184 0.939098
29.356249 -82.482644 3331.278054 6337.467651 0.656543 0.752461 -0.052472 0.696313 -0.631358 -0.341372 0.289998 -0.187588 0.938462
42.988945 -61.816806 9197.315205 14486.200566 0.650776 0.758979 -0.021026 0.642960 -0.565604 -0.516425 0.403848 -0.322558 0.856074
43.481092 -84.239505 4167.661374 8460.771945 0.691852 0.721802 0.018518 0.678031 -0.640653 -0.360330 0.248224 -0.261851 0.932641
3.820294 -53.295049 -2363.077017 -3886.930111 0.908952 -0.381040 0.169158 0.044130 0.491413 0.869808 0.414558 0.783149 -0.463486
14.160968 -57.726867 -6849.331046 -8294.600528 0.904547 -0.421136 0.066631 0.116049 0.393545 0.911951 0.410278 0.817170 -0.404852
7.611167 -67.704046 -2289.929225 -9894.409624 0.909573 -0.388255 0.148105 0.025017 0.406929 0.913117 0.414791 0.826841 -0.379845
0.288094 -63.870540 -1490.790050 -6395.834237 0.911905 -0.350309 0.213806 -0.012123 0.497747 0.867237 0.410222 0.793430 -0.449651
0.276825 -51.184935 126.922606 -2455.567597 0.903719 -0.363098 0.226829 0.015638 0.557462 0.830055 0.427839 0.746590 -0.509468
-9.716298 -32.239869 1976.389445 1009.142057 -0.030447 0.999355 -0.019024 0.972320 0.034024 0.231161 -0.231660 0.011459 0.972729
-8.684784 -29.764585 1978.054986 1586.290416 -0.125347 0.991189 -0.042795 0.980089 0.130408 0.149730 -0.153991 0.023175 0.987800
-4.110102 -34.632429 3384.622505 1472.391384 -0.037055 0.998125 -0.048712 0.974535 0.046881 0.219279 -0.221152 0.039346 0.974445
-13.124407 -28.210593 1025.899634 1247.967542 -0.156493 0.987587 -0.013481 0.974583 0.156619 0.160184 -0.160307 -0.011929 0.986995
-4.405289 -34.939489 3207.628377 376.613610 0.038835 0.999002 -0.022050 0.952778 -0.030369 0.302145 -0.301174 0.032743 0.953007
-11.219753 -32.952163 1867.543280 182.734476 0.039990 0.999159 0.009046 0.950041 -0.040826 0.309443 -0.309552 0.003780 0.950875
-14.912836 -30.681263 1358.551610 840.492460 -0.059768 0.998173 0.008886 0.969414 0.055919 0.238974 -0.238041 -0.022897 0.970985
-7.463312 -120.520410 -2582.518157 -134.716048 -0.109071 0.991458 0.071520 -0.738391 -0.128980 0.661924 -0.665494 -0.019387 -0.746151
-11.428669 -110.455486 -1302.999535 1394.930752 -0.089633 0.990151 0.107545 -0.685309 -0.139668 0.714733 -0.722715 0.009638 -0.691079
-11.613281 -112.330341 -603.018620 -2083.549788 -0.045543 0.994498 0.094338 -0.845810 -0.088637 0.526069 -0.531537 0.055833 -0.845193
-6.386480 -118.656981 -2888.563548 -984.417723 -0.074693 0.996640 0.033625 -0.882860 -0.081769 0.462463 -0.463659 -0.004857 -0.886001
2.528623 -120.919237 -3581.860025 -3485.252994 -0.130278 0.990681 0.039739 -0.876370 -0.133805 0.462679 -0.463684 -0.025450 -0.885635
1.109204 -125.303752 -2794.593977 -3540.324857 -0.142604 0.986851 0.076086 -0.751446 -0.157977 0.640603 -0.644200 -0.034178 -0.764093
-10.888069 -87.366170 -828.577306 -1014.827079 0.088553 0.995855 -0.020755 -0.971915 0.090948 0.217047 -0.218035 -0.000952 -0.975941
-7.383112 -89.460270 -1236.345063 -369.934518 0.079221 0.994484 -0.068746 -0.971255 0.092531 0.219322 -0.224473 -0.049395 -0.973228
-10.610185 -89.864957 -887.710073 -683.400231 0.075812 0.996925 -0.019839 -0.921352 0.077645 0.380897 -0.381266 0.010598 -0.924405
-12.951248 -88.717333 -333.956524 -425.767997 0.090252 0.995174 0.038508 -0.918731 0.068269 0.388937 -0.384431 0.070481 -0.920459
-13.468768 -86.167058 -398.627939 -706.621510 0.097604 0.994544 0.036815 -0.970398 0.086893 0.225340 -0.220912 0.057719 -0.973584
-12.535995 -47.003214 3921.899172 37.827354 0.601876 -0.397557 -0.692599 0.545233 0.838252 -0.007349 0.583494 -0.373205 0.721285
-3.094773 -39.024527 1548.478597 -233.980534 0.495241 -0.547146 -0.674809 0.655773 0.744917 -0.122721 0.569823 -0.381745 0.727717
-14.817093 -45.281040 3201.618050 631.164973 0.648346 -0.316900 -0.692259 0.432592 0.901558 -0.007562 0.626508 -0.294563 0.721610
-24.952366 -51.352797 5452.151229 -131.394822 0.731916 -0.150277 -0.664617 0.295189 0.949028 0.110494 0.614136 -0.277060 0.738969
-24.327819 -46.898716 4408.747230 460.115167 0.742058 -0.044543 -0.668854 0.165982 0.978928 0.118955 0.649461 -0.199289 0.733815
-16.194828 -41.615660 2738.842458 1726.239543 0.673796 -0.243519 -0.697637 0.326706 0.945017 -0.014329 0.662768 -0.218268 0.716308
21.748191 -101.464010 8241.911253 -9339.147803 0.514135 0.833537 0.202191 0.463097 -0.071350 -0.883431 0.721946 -0.547837 0.422692
20.969813 -94.842162 -10879.595475 -4983.762474 0.552925 0.803311 0.221279 0.432548 -0.049748 -0.900237 0.712163 -0.593478 0.374978
22.435762 -106.336748 4506.529861 1897.890481 0.504662 0.821290 0.266082 0.348848 0.087930 -0.933045 0.789697 -0.563695 0.242130
52.846374 -114.151791 22386.221835 -1345.846711 0.460955 0.841936 0.280471 0.361554 0.110455 -0.925785 0.810431 -0.528151 0.253491
0.481664 -80.055069 481.992498 4362.379770 0.057412 0.977619 0.202396 0.420150 -0.207564 0.883398 -0.905637 -0.034319 0.422663
-1.268669 -80.334812 242.563236 5515.345224 0.051822 0.982558 0.178588 0.448996 -0.182658 0.874665 -0.892030 -0.034859 0.450630
0.641166 -74.223846 78.629555 1761.618722 0.045210 0.978068 0.203319 0.570687 -0.192334 0.798325 -0.819922 -0.079939 0.566867
2.160360 -59.518603 785.563992 650.083935 0.165967 0.970307 0.175951 -0.605102 0.241091 -0.758766 0.778657 -0.019462 -0.627148
-1.025645 -60.643225 876.595887 348.474259 0.124478 0.982432 0.139040 -0.727945 0.185644 -0.660025 0.674241 0.019055 -0.738265
1.478968 -57.045316 830.496487 451.306478 0.132396 0.980613 0.144463 -0.735302 0.194902 -0.649110 0.664682 0.020285 -0.746851
4.858086 -65.643765 403.844968 23.434360 0.000792 0.988092 0.153863 -0.775079 -0.096614 0.624434 -0.631863 0.119750 -0.765773
5.329688 -67.940433 341.371014 -107.265285 0.029981 0.991105 0.129664 -0.868817 -0.038301 0.493650 -0.494225 0.127454 -0.859940
3.835558 -70.885542 417.694006 -485.514269 0.009107 0.985804 0.167656 -0.802615 -0.092796 0.589236 -0.596428 0.139929 -0.790375
3.068675 -69.894117 462.457646 347.992602 -0.024962 0.978747 0.203546 -0.686545 -0.164785 0.708168 -0.726659 0.122066 -0.676067
3.897715 -64.793374 570.190696 1122.798377 -0.025411 0.982285 0.185664 -0.655897 -0.156542 0.738440 -0.754423 0.103012 -0.648255
-1.250059 -187.730572 -909.430718 12593.958202 0.914182 0.047897 0.402464 0.314958 0.541028 -0.779802 0.255094 -0.839640 -0.479512
-0.411518 -198.604066 -932.227877 -1774.032957 0.918762 0.051345 0.391460 0.373848 0.205656 -0.904402 0.126942 -0.977277 -0.169753
1.322119 -183.485938 -666.993750 17187.874360 0.917287 0.046898 0.395455 0.332781 0.455155 -0.825888 0.218726 -0.889176 -0.401902
0.623537 -155.467069 -846.217062 16143.462593 0.908862 0.026185 0.416275 0.276731 0.708873 -0.648783 0.312075 -0.704850 -0.637021
-43.979404 -80.494158 10301.229655 5940.733911 0.636511 0.175639 -0.751002 0.710751 0.244511 0.659581 0.299477 -0.953606 0.030798
-103.158255 -214.424813 30808.652948 137945.185799 -0.219370 0.122468 -0.967925 0.921343 0.352358 -0.164230 0.320943 -0.927818 -0.190132
21.763963 -204.203123 23784.983619 86426.366337 0.936593 0.333775 -0.106717 -0.182852 0.205714 -0.961378 0.298930 -0.919933 -0.253702
18.007045 -119.614261 -4524.957161 43070.049335 0.988012 0.123743 -0.092300 -0.112785 0.170352 -0.978907 0.105409 -0.977583 -0.182266
4.394536 -112.517603 7205.599031 64037.025502 0.976091 0.201333 -0.081922 -0.136129 0.272398 -0.952506 0.169455 -0.940885 -0.293293
-14.940072 -40.307957 -93.862599 24.426001 0.133712 0.979052 0.153550 -0.562923 0.202553 -0.801305 0.815622 -0.020707 -0.578215
-14.738398 -41.637828 -117.233924 -739.573093 0.174487 0.943258 0.282523 -0.589081 0.329913 -0.737659 0.789011 0.037717 -0.613221
-12.411795 -38.343374 -117.441395 -354.039958 0.167527 0.954403 0.247080 -0.500924 0.298264 -0.812474 0.849123 -0.012343 -0.528051
33.514463 13.421379 -5441.445361 15089.589033 0.305472 0.932326 0.193531 -0.871085 0.355704 -0.338653 0.384575 0.065133 -0.920793
26.885065 17.805022 -6964.598039 11853.470303 0.539491 0.813572 0.216912 -0.760751 0.581389 -0.288521 0.360843 0.009362 -0.932579
21.747226 -17.129334 -4002.685686 10653.308517 0.110004 0.992967 0.043768 -0.902628 0.118238 -0.413864 0.416128 -0.006020 -0.909286
46.048632 30.333192 13724.517275 -573.171376 -0.840630 -0.346860 -0.415968 -0.347445 0.934524 -0.077112 0.415479 0.079703 -0.906104
44.291616 32.660000 -4354.348745 13396.695738 0.368665 0.856144 0.362083 -0.823257 0.481599 -0.300518 0.431665 0.187297 -0.882375
6.763745 -32.567402 -3340.118854 411.775789 -0.741679 -0.053664 -0.668605 -0.067826 0.997685 -0.004837 0.667317 0.041761 -0.743602
3.962412 -30.226523 -2564.853998 1256.266782 -0.750335 -0.049859 -0.659175 -0.122910 0.990287 0.065005 0.649531 0.129795 -0.749175
8.261028 -30.135458 58.549870 677.083929 -0.806969 0.063272 -0.587195 -0.004617 0.993538 0.113402 0.590576 0.094223 -0.801462
24.253960 -103.445733 -3898.375624 616.938302 0.276635 0.960926 0.009697 -0.319426 0.101465 -0.942163 0.906333 -0.257538 -0.335013
20.164057 -107.781085 -2071.453527 25378.649656 0.247384 0.968618 0.024101 -0.236044 0.084373 -0.968072 0.939726 -0.233797 -0.249509
32.430326 -104.447993 -3829.034754 13665.473543 0.229275 0.970082 0.079836 -0.380260 0.164771 -0.910084 0.896011 -0.178301 -0.406661
13.482274 -104.520185 -2251.810044 8939.924064 0.286434 0.958068 -0.007840 -0.175577 0.044444 -0.983462 0.941875 -0.283074 -0.180945
38.813843 -133.896833 -6536.263788 -53007.555844 0.290520 0.948238 0.128232 -0.379492 0.237202 -0.894271 0.878399 -0.211141 -0.428760
22.994620 -111.521363 -4526.611228 -26545.412150 0.311628 0.949416 0.038709 -0.370189 0.158825 -0.915279 0.875128 -0.270897 -0.400957
12.392454 -105.601068 -2405.166529 -8360.503219 0.307732 0.951469 -0.002710 -0.267153 0.083671 -0.960015 0.913198 -0.296152 -0.279936
1.871879 -268.331136 1174.310536 -49795.257024 0.268682 0.963199 -0.007549 0.476976 -0.126235 0.869804 -0.836842 0.237301 0.493340
7.768843 -305.677399 -4467.125785 -63163.010747 0.216442 0.976222 0.011960 0.514547 -0.124475 0.848379 -0.829695 0.177471 0.529254
6.942666 -265.748626 -1227.559230 -44431.731306 0.236058 0.971716 -0.006727 0.670247 -0.157803 0.725167 -0.703594 0.175690 0.688541
-404.472617 -1487.111010 -115559.879418 524107.973130 0.618709 0.602515 -0.504158 0.784876 -0.446122 0.430053 0.034197 -0.661779 -0.748919
-249.066681 -498.239873 -32079.262203 133870.658371 0.484341 0.839798 -0.245261 0.874799 -0.468675 0.122762 -0.011853 -0.274013 -0.961653
-271.601327 -591.177846 -23974.983709 187980.929271 0.572262 0.813357 -0.104726 0.767491 -0.486194 0.417820 0.288919 -0.319479 -0.902474
-13.389246 -39.556113 18270.092797 -261.434052 -0.717387 -0.563572 0.409565 -0.572716 0.811802 0.113900 -0.396676 -0.152854 -0.905143
-15.010450 -39.143764 -19450.434681 -1318.018350 0.500950 0.791232 -0.350716 -0.737621 0.602295 0.305214 -0.452730 -0.105799 -0.885349
-28.052473 -37.323302 -1130.870193 1817.115083 0.181974 0.971265 -0.153397 -0.919782 0.223295 0.322708 -0.347688 -0.082368 -0.933985
-33.343037 -39.120745 2744.472805 5680.001802 -0.082702 0.991651 -0.098935 -0.958024 -0.051765 0.281976 -0.274501 -0.118102 -0.954307
33.491747 -2.830323 -11857.176075 -4222.294974 -0.571715 -0.306414 0.761086 -0.334901 0.933998 0.124456 -0.748988 -0.183735 -0.636599
3.381059 -18.190077 -7224.164979 -14859.146380 -0.613768 0.471861 0.632958 0.090264 0.838418 -0.537501 -0.784309 -0.272767 -0.557186
42.752740 -22.382101 -13629.729020 4349.286201 -0.548548 -0.378953 0.745312 -0.374022 0.908449 0.186621 -0.747799 -0.176392 -0.640064
2.145039 -18.136560 3067.551284 1951.166205 0.170484 0.972435 0.159077 0.214307 -0.194168 0.957273 -0.961773 0.129109 0.241502
7.807367 -17.651623 2638.562554 2576.597510 0.147235 0.984675 0.093468 0.234572 -0.126563 0.963825 -0.960884 0.119984 0.249612
5.592782 -23.668359 2275.500131 2564.199967 0.155876 0.976184 0.150890 0.158593 -0.175509 0.971620 -0.974962 0.127522 0.182173
0.981097 -23.557195 1974.703213 2203.387983 0.173708 0.952654 0.249551 0.136031 -0.274186 0.952007 -0.975357 0.131425 0.177219
-2.714347 -19.024896 1981.820732 1411.688338 0.189423 0.939357 0.285878 0.185050 -0.320085 0.929141 -0.964301 0.123099 0.234459
20.294272 -47.320840 3082.031545 -724.779998 0.067503 0.986563 0.148783 0.992649 -0.051394 -0.109577 -0.100458 0.155086 -0.982780
24.184137 -46.667280 -2395.605553 -372.766989 0.070580 0.986710 0.146360 0.992050 -0.054109 -0.113619 -0.104190 0.153215 -0.982685
21.840160 -46.261620 3791.424462 744.314170 0.080990 0.982593 0.167185 -0.975724 0.043918 0.214553 -0.203476 0.180503 -0.962297
23.399177 -47.240457 -2306.246353 -73.668387 0.062080 0.989023 0.134091 0.998069 -0.061798 -0.006268 0.002087 0.134222 -0.990949
23.444244 -47.017197 6293.233148 1142.849067 0.049167 0.988476 0.143168 -0.978966 0.019276 0.203112 -0.198012 0.150143 -0.968632
21.456707 -48.393157 2357.476327 -875.072146 0.029519 0.994354 0.101925 0.996679 -0.021538 -0.078529 -0.075890 0.103904 -0.991688
20.077301 -48.159242 2814.476145 169.154245 0.051073 0.989300 0.136663 0.998692 -0.050944 -0.004440 0.002570 0.136711 -0.990608
18.807613 -51.597644 -412.152184 -13500.842237 0.113154 0.987265 0.111823 -0.676205 0.158980 -0.719356 0.727972 -0.005783 -0.685582
15.929232 -42.116869 868.870045 -9432.622299 0.138861 0.982653 0.122927 -0.701597 0.185222 -0.688081 0.698913 -0.009302 -0.715146
21.073080 -37.253843 -2320.029039 -2331.867174 0.216866 0.960923 0.172037 -0.630314 0.272406 -0.726979 0.745435 -0.049220 -0.664759
22.805477 -45.563752 -776.165157 -7840.544242 0.144113 0.975367 0.167007 -0.584684 0.220088 -0.780837 0.798359 -0.014882 -0.601998
17.450883 -66.968601 -869.061742 -17074.102958 0.037039 0.996070 0.080456 -0.656436 0.084956 -0.749583 0.753472 0.025050 -0.657003
-10.419751 -87.486698 -307.518623 932.649508 -0.074283 0.989464 -0.124266 -0.738103 0.029242 0.674054 -0.670586 -0.141792 -0.728154
-9.159856 -88.333660 -616.240904 1263.391056 -0.087789 0.981106 -0.172405 -0.733742 0.053369 0.677329 -0.673733 -0.185963 -0.715194
-9.253530 -86.981859 -452.855610 -873.078463 -0.086518 0.989292 -0.117539 -0.579646 0.045969 0.813571 -0.810262 -0.138520 -0.569462
-9.682813 -86.684002 -67.489374 -1067.416540 -0.066187 0.995058 -0.074017 -0.582466 0.021700 0.812565 -0.810156 -0.096894 -0.578151
-10.273570 -86.583060 143.451389 590.082484 -0.054629 0.995471 -0.077807 -0.742474 0.011605 0.669774 -0.667643 -0.094359 -0.738477
-4.992302 -85.870035 1454.319800 -5354.482230 -0.135229 0.983492 0.120234 -0.918272 -0.078824 -0.388026 0.372143 0.162880 -0.913772
-9.762555 -87.430044 564.986426 -5767.879895 -0.137449 0.987610 0.075727 -0.940060 -0.105978 -0.324125 0.312083 0.115738 -0.942979
-6.218756 -92.798180 1277.738893 -5956.644063 -0.125586 0.984621 0.121449 -0.971878 -0.097522 -0.214341 0.199200 0.144952 -0.969179
357.670229 -45.238719 119977.344488 -88.703510 0.482334 0.873323 0.068269 0.870723 -0.486508 0.071771 -0.095893 -0.024826 0.995082
178.776834 -44.850286 61257.663952 -244.711785 0.452157 0.889221 -0.069567 0.875868 -0.427918 0.223028 -0.168552 0.161775 0.972326
227.131255 -46.099740 -99402.142001 -237.139041 -0.402835 -0.895931 0.187165 0.915176 -0.397256 0.068128 0.013315 0.198733 0.979963
4.266778 -49.567303 1826.353319 5846.789542 0.227584 -0.944555 -0.236686 0.955259 0.263718 -0.133910 0.188904 -0.195621 0.962314
-1.977769 -73.418944 2457.927829 14101.198135 0.244837 -0.932915 -0.264053 0.955485 0.278404 -0.097669 0.164630 -0.228386 0.959550
8.881841 -70.859608 5872.742607 12868.082324 0.239765 -0.920304 -0.309118 0.964311 0.262601 -0.033853 0.112329 -0.289969 0.950421
0.105918 -56.913371 937.012279 -555.088236 0.004429 0.983456 -0.181091 -0.887291 -0.079654 -0.454279 0.461188 -0.162692 -0.872260
-1.733343 -58.650456 655.785848 -405.805242 0.041405 0.984719 -0.169158 -0.805037 -0.067397 -0.589384 0.591778 -0.160582 -0.789944
-1.825205 -59.679336 469.441163 -240.599793 0.012602 0.981599 -0.190536 -0.897557 -0.072881 -0.434832 0.440717 -0.176497 -0.880123
-17.928630 -259.591625 -1636.775927 -17892.153605 0.875563 0.167113 0.453281 -0.476728 0.450818 0.754648 0.078235 0.876833 -0.474387
-16.009059 -288.968954 -249.368681 9014.829144 0.877638 0.146266 0.456463 -0.478196 0.201872 0.854737 -0.032872 0.968429 -0.247114
-14.091477 -266.620431 2014.904714 -12912.446239 0.870626 0.105604 0.480478 -0.471465 0.457996 0.753631 0.140471 0.882659 -0.448532
-17.774882 -274.849058 -1779.626900 -26235.473015 0.864892 0.220902 0.450737 -0.495284 0.521500 0.694789 0.081579 0.824160 -0.560450
-17.560492 -245.560315 -3179.451813 -30435.351630 0.868329 0.200268 0.453759 -0.454190 0.688652 0.565216 0.199287 0.696886 -0.688937
-0.124256 -106.797587 1598.183397 11454.166180 -0.968685 -0.206940 -0.137207 -0.190384 0.973775 -0.124567 0.159387 -0.094544 -0.982679
0.494886 -102.413085 436.112663 10386.287310 -0.965958 -0.202641 -0.160815 -0.188093 0.976923 -0.101201 0.177611 -0.067508 -0.981783
0.360196 -92.301459 1097.327626 6588.521145 -0.970386 -0.192428 -0.146023 -0.200461 0.978788 0.042307 0.134784 0.070326 -0.988376
0.724082 -122.534257 -1600.358905 11483.053194 0.968276 0.201620 0.147615 -0.150453 0.942058 -0.299817 0.199511 -0.268097 -0.942507
-1.117825 -96.908090 85.918013 9811.220100 -0.963417 -0.209849 -0.166709 -0.207994 0.977709 -0.028708 0.169017 0.007016 -0.985588
-1.535408 -107.213279 68.178432 9080.253006 -0.963192 -0.209182 -0.168832 -0.179203 0.967805 -0.176747 0.200369 -0.139986 -0.969668
0.136482 -120.290568 -1004.820222 8639.165744 0.968066 0.196959 0.155097 -0.138633 0.936053 -0.323399 0.208875 -0.291570 -0.933466
18.783460 -94.425048 296.529080 5334.054007 0.852262 0.289850 0.435474 -0.166060 0.939309 -0.300206 -0.496059 0.183539 0.848669
16.815640 -87.754441 -1922.555904 3714.003589 0.838219 0.217271 0.500182 -0.101449 0.963320 -0.248440 -0.535814 0.157504 0.829515
11.140528 -86.275208 -2913.961129 -1646.637056 0.831995 0.352864 0.428103 -0.140276 0.880386 -0.453038 -0.536756 0.316873 0.781975
-6.172267 -127.537874 11408.273580 21764.031637 0.340723 -0.064640 -0.937939 0.893543 -0.287992 0.344443 -0.292384 -0.955449 -0.040367
-25.335511 -410.033263 -11834.972485 130959.682264 0.984090 -0.044345 -0.172048 -0.166915 0.101056 -0.980779 -0.060879 -0.993892 -0.092047
55.946601 -788.974087 -25165.236599 139079.296522 0.786542 0.115008 -0.606733 -0.512203 0.670335 -0.536934 -0.344963 -0.733092 -0.586154
-413.272198 -2863.374382 -162721.189459 406212.799667 -0.274252 -0.207739 0.938952 -0.283167 0.950545 0.127596 -0.919023 -0.230886 -0.319514
-33.750152 -668.400017 -20357.683568 191062.683092 0.663162 -0.055225 0.746436 0.594483 -0.567061 -0.570115 -0.454760 -0.821822 0.343223
49.063024 -122.777212 -8322.470387 44871.105754 -0.164381 -0.177656 -0.970266 0.986094 -0.005206 -0.166110 0.024459 -0.984079 0.176042
20.911530 -30.126504 4507.875938 1902.470032 -0.073484 0.859019 0.506642 0.947425 -0.098507 0.304436 0.311424 0.502377 -0.806618
33.540366 -31.719439 5631.608341 2204.453258 -0.135197 0.897515 0.419748 0.923585 -0.039240 0.381381 0.358766 0.439235 -0.823626
20.721345 -26.308655 6021.572985 2796.073982 -0.128818 0.864857 0.485210 0.914719 -0.085348 0.394974 0.383008 0.494710 -0.780107
13.254470 -24.624827 3358.071970 2555.564864 -0.079414 0.856146 0.510594 0.920904 -0.133077 0.366370 0.381614 0.499303 -0.777860
8.161164 -24.212876 2555.236180 2060.218249 -0.039903 0.843651 0.535407 0.928707 -0.166384 0.331389 0.368660 0.510460 -0.776866
7.552562 -28.088254 2953.259830 1371.554891 -0.012384 0.835936 0.548688 0.952660 -0.156846 0.260460 0.303787 0.525938 -0.794420
15.966557 -32.404944 3423.051332 862.592238 -0.000632 0.845416 0.534107 0.973540 -0.121533 0.193521 0.228517 0.520097 -0.822970
36.090224 -38.268741 -5360.449010 -595.898465 -0.118052 0.992330 0.036665 -0.766846 -0.067645 -0.638257 0.630881 0.103463 -0.768950
26.093345 -41.551640 -6055.621588 -1396.232331 -0.049836 0.998628 -0.016098 -0.749954 -0.048061 -0.659741 0.659610 0.020806 -0.751320
38.882499 -26.880759 -5739.143644 -5879.774193 -0.166409 0.986049 -0.003809 -0.691518 -0.119455 -0.712413 0.702930 0.115918 -0.701750
24.111910 -43.941539 -5820.435926 438.553920 -0.012394 0.999781 0.016875 -0.815658 -0.000346 -0.578535 0.578402 0.020934 -0.815483
43.969818 -26.595221 -2105.458420 -3715.338703 -0.251464 0.964595 0.079509 -0.711289 -0.128466 -0.691061 0.656380 0.230330 -0.718411
41.305474 -34.230078 -1765.817873 -287.303821 -0.196854 0.973505 0.116349 -0.781707 -0.084218 -0.617934 0.591763 0.212593 -0.777574
33.471990 -40.077318 -5071.702231 -74.486653 -0.074434 0.994820 0.069234 -0.827839 -0.022933 -0.560498 0.556006 0.099035 -0.825257
-18.957814 -29.066650 -2890.754078 -771.107820 -0.521153 0.845763 -0.114387 0.488774 0.405641 0.772370 -0.699642 -0.346614 0.624788
-24.859355 -32.343179 2945.426463 -1812.607735 0.675743 -0.583364 0.450618 0.248782 0.755927 0.605542 -0.693886 -0.297085 0.655944
-20.559705 -26.376622 -3996.584906 -2335.145436 -0.584274 0.762986 -0.276542 0.337723 0.538438 0.772028 -0.737948 -0.357682 0.572274
-24.912888 -31.999848 -214.445563 -898.651788 -0.643549 0.680348 -0.350672 0.374907 0.679620 0.630525 -0.667300 -0.274304 0.692436
-10.097637 -23.661309 -4166.580205 -1766.785572 -0.401370 0.910279 0.101459 0.542974 0.147267 0.826736 -0.737619 -0.386916 0.553366
-10.555031 -27.725409 -2970.230612 -849.357586 -0.381301 0.915286 0.129853 0.602374 0.139442 0.785940 -0.701253 -0.377900 0.604513
-19.501798 -30.180961 -2193.765113 -527.885002 -0.471274 0.881657 -0.024107 0.581922 0.331363 0.742674 -0.662772 -0.335975 0.669219
-1606.819366 -2806.892735 753895.150744 1340011.385760 0.314588 0.849115 -0.424310 0.072882 0.424079 0.902688 -0.946426 0.314899 -0.071525
-3607.468667 -6773.850966 1847691.129711 -3546475.061774 -0.204534 0.969544 0.134724 -0.405507 -0.209193 0.889833 -0.890915 -0.127369 -0.435944
2517.211739 -132448.747271 -4652919.372497 159860637.571882 -0.244511 0.864715 -0.438727 0.243650 0.492735 0.835372 -0.938536 -0.097362 0.331167
-1465.036927 -1892.165488 684622.987083 142063.883081 0.109507 0.733016 -0.671339 0.607999 0.484918 0.628643 -0.786350 0.477014 0.392571
15.115316 -272.935656 -982.789434 -52324.713219 -0.187608 -0.794636 0.577371 0.890350 0.110671 0.441621 -0.414826 0.596914 0.686741
23.422578 -259.356936 -2624.003680 -65206.436321 0.139229 0.815484 -0.561784 0.684997 0.330372 0.649333 -0.715118 0.475227 0.512607
19.198767 -340.813215 -1369.170335 -123339.278925 0.248783 0.810665 -0.530027 0.585221 0.310231 0.749182 -0.771767 0.496566 0.397238
2.857258 -1097.201218 16945.587335 -415700.572333 0.636414 0.697614 -0.329108 -0.361003 -0.107674 -0.926328 0.681655 -0.708337 -0.183316
10.173863 -594.372505 2031.066018 -172423.649060 0.629690 0.656313 -0.415624 -0.444376 -0.134526 -0.885682 0.637197 -0.742398 -0.206940
13.919792 -130.544489 1590.678245 -15085.166388 0.585066 0.625425 -0.516276 -0.406208 -0.324993 -0.854034 0.701920 -0.709382 -0.063910
6.238427 -97.416774 2491.240077 -24100.390061 0.537011 0.652047 -0.535214 -0.444651 -0.320371 -0.836449 0.716871 -0.687166 -0.117891
-51.143706 -75.301582 309.220946 4672.318670 -0.057693 -0.980809 0.186241 0.994826 -0.040854 0.093020 -0.083626 0.190644 0.978091
-55.276041 -87.513285 -170.223141 7055.071354 -0.396931 0.900941 -0.175360 0.906911 0.414384 0.076152 -0.141275 0.128809 0.981555
-62.137522 -78.667334 2160.143591 -2265.301664 -0.049086 0.970265 -0.237016 0.845619 0.166655 0.507103 -0.531525 0.175534 0.828655
-63.924207 -75.080933 2480.000055 -3372.218024 -0.036820 0.968782 -0.245163 0.723753 0.195017 0.661928 -0.689076 0.153065 0.708340
-57.025719 -74.425738 -3645.380028 -5024.690785 0.186706 0.970289 0.153881 0.669783 -0.240308 0.702597 -0.718701 0.028112 0.694750
36.774896 -49.138628 -219.337961 -345.179912 -0.345970 0.938230 0.005332 0.518568 0.195950 -0.832280 0.781916 0.285179 0.554329
35.076663 -46.992971 1386.219152 -226.828634 -0.351116 0.936219 -0.014570 0.606990 0.215740 -0.764866 0.712939 0.277400 0.644025
31.733863 -47.478547 6391.405522 -329.047752 -0.417886 0.907872 -0.033749 0.525491 0.211242 -0.824158 0.741101 0.362139 0.565354
33.900673 -48.523042 5340.538225 40.708408 -0.421409 0.906765 -0.013856 0.413365 0.178462 -0.892906 0.807183 0.382006 0.450030
37.779174 -49.181989 -2319.279920 -203.968014 -0.322439 0.946311 0.022984 0.413038 0.162500 -0.896099 0.851723 0.279444 0.443259
13.034633 -66.642148 -5488.461694 -13330.390389 0.910226 -0.402256 0.098383 0.060079 0.363335 0.929720 0.409731 0.840344 -0.354884
24.569114 -73.694589 -10587.658342 -17442.171257 0.902683 -0.429007 0.033406 0.110174 0.305468 0.945807 0.415962 0.850083 -0.323007
31.816717 -56.516356 -11353.777072 -13431.181852 0.864695 -0.498498 -0.061669 0.234799 0.292609 0.926957 0.444041 0.816015 -0.370064
21.024642 -47.893177 -8571.158016 -3003.177201 0.879080 -0.476673 0.000928 0.196614 0.364368 0.910263 0.434236 0.800012 -0.414030
-3.652946 -31.360575 3364.941443 1984.243484 -0.119893 0.990440 -0.068219 0.982366 0.128284 0.136016 -0.143467 0.050709 0.988355
-11.166125 -103.910309 915.864834 -169.590708 -0.053870 0.984061 0.169479 -0.685254 -0.159884 0.710537 -0.726309 0.077860 -0.682945
-9.791472 -102.399987 473.650885 6841.122014 -0.085703 0.980124 0.178919 -0.504461 -0.197547 0.840532 -0.859171 0.018222 -0.511365
-12.383988 -106.104369 1025.423150 -4816.810014 -0.027726 0.988611 0.147918 -0.830406 -0.105155 0.547145 -0.556468 0.107662 -0.823864
-8.332203 -98.299742 2401.129480 2363.218544 -0.018790 0.973794 0.226653 -0.631745 -0.187270 0.752215 -0.774948 0.129053 -0.618709
-9.431285 -100.021491 2296.612028 -3256.922792 -0.003806 0.978105 0.208076 -0.797103 -0.128612 0.589988 -0.603832 0.163613 -0.780140
-3.670901 -91.941029 -922.540236 766.622643 0.101422 0.991574 -0.080592 0.993063 -0.105752 -0.051409 -0.059498 -0.074819 -0.995421
-3.411249 -92.762941 -990.585959 292.012214 0.081531 0.993266 -0.082317 -0.969015 0.098319 0.226589 -0.233156 -0.061293 -0.970506
-0.704345 -97.412198 -526.893167 203.414875 0.112288 0.990390 -0.080739 -0.990996 0.117578 0.064048 -0.072925 -0.072821 -0.994675
-1.674803 -96.212390 -574.490570 297.412954 0.138851 0.987193 -0.078547 -0.985021 0.129485 -0.113872 0.102243 -0.093181 -0.990386
15.342275 -32.527853 -7295.025160 -454.847591 -0.193392 0.779933 0.595235 0.840120 0.444997 -0.310122 0.506752 -0.440094 0.741296
1.479023 -32.555905 -2685.936652 268.977042 -0.316528 0.715710 0.622551 0.753165 0.588604 -0.293747 0.576674 -0.375905 0.725357
-0.353084 -62.827445 939.885494 457.666728 0.152561 0.973946 0.167793 -0.593614 0.226046 -0.772350 0.790156 -0.018226 -0.612634
-2.852826 -63.535096 654.531930 156.800740 0.127652 0.983547 0.127830 -0.716605 0.180566 -0.673701 0.685699 0.005604 -0.727864
3.046258 -61.956871 796.248874 897.872556 0.187099 0.960667 0.205215 -0.454401 0.269848 -0.848942 0.870927 -0.065586 -0.487016
0.789287 -64.275614 1034.692556 814.512476 0.169456 0.966074 0.194900 -0.440384 0.251143 -0.861968 0.881673 -0.060235 -0.468001
-2.350121 -65.442738 761.405805 307.195996 0.148493 0.977319 0.150987 -0.580278 0.209744 -0.786947 0.800767 -0.029242 -0.598262
4.205291 -72.551262 689.369347 771.106818 0.051540 0.987924 0.146115 -0.885502 -0.022443 0.464093 -0.461768 0.153304 -0.873652
-3.058437 -199.498199 -1090.518335 1047.183508 0.917842 0.045063 0.394380 0.371210 0.254482 -0.892996 0.140603 -0.966027 -0.216846
-1.771316 -196.543075 -378.225742 -17213.100853 0.916618 0.056526 0.395748 0.398485 -0.050071 -0.915807 0.031951 -0.997145 0.068420
0.406675 -199.900511 -347.420412 -16785.746257 0.918355 0.060894 0.391044 0.395496 -0.105344 -0.912407 0.014366 -0.992570 0.120826
12.034941 -152.579215 -1382.936285 -27377.298344 0.768685 0.012830 0.639499 -0.422915 0.760263 0.493096 0.479861 0.649489 -0.589828
14.336334 -114.619751 1135.556239 -23532.474008 -0.737569 -0.053487 -0.673150 -0.375432 0.861071 0.342941 0.561287 0.505665 -0.655180
13.335546 -136.389857 -141.059094 -20131.635276 0.742674 0.011525 0.669554 -0.439809 0.762373 0.474716 0.504979 0.647035 -0.571263
17.862247 -116.069492 580.222155 -27982.473762 -0.757928 -0.042904 -0.650926 -0.351874 0.867112 0.352565 0.549299 0.496263 -0.672305
11.548723 -164.021911 -592.805457 -19151.780610 0.777519 -0.029042 0.628189 -0.478277 0.621281 0.620694 0.408308 0.783049 -0.469168
11.385064 -181.096509 -53.470712 -22844.871025 0.790038 -0.014124 0.612895 -0.481589 0.604334 0.634707 0.379358 0.796606 -0.470644
11.385407 -165.057959 -1164.232761 -30717.011898 0.780186 0.022653 0.625137 -0.419427 0.760371 0.495901 0.464103 0.649094 -0.602732
-19.607127 -62.805424 2765.008586 4878.430098 0.927032 -0.028622 0.373889 -0.198299 -0.883676 0.424021 -0.318260 0.467223 0.824872
-15.196810 -52.910219 3081.295984 -3194.762802 0.934105 0.237932 0.266150 0.111547 -0.902720 0.415516 -0.339124 0.358448 0.869776
-14.723626 -63.034586 2471.569197 3437.601015 0.935524 -0.005453 0.353221 -0.159835 -0.898216 0.409465 -0.315035 0.439521 0.841174
-11.116273 -366.233004 -32043.123984 132543.274580 -0.053373 0.007120 -0.998549 0.938020 0.343286 -0.047690 0.342448 -0.939204 -0.025001
-63.798274 -273.455121 5353.374665 102260.851712 -0.105766 0.199405 -0.974193 0.986270 0.145985 -0.077196 0.126824 -0.968982 -0.212107
-12.847719 -38.360829 490.649609 -460.781434 0.162807 0.939152 0.302470 -0.526524 0.341958 -0.778356 0.834426 0.032536 -0.550159
-10.315281 -38.224489 1846.928792 -1500.565594 0.209026 0.879333 0.427880 -0.519383 0.470558 -0.713314 0.828583 0.073132 -0.555070
-14.808086 -44.028170 579.543070 -2048.649541 0.177618 0.918515 0.353245 -0.617254 0.383548 -0.686942 0.766453 0.096029 -0.635082
-16.405176 -46.643524 -217.127745 -2275.894122 0.177362 0.935815 0.304619 -0.668504 0.341718 -0.660554 0.722250 0.086481 -0.686204
16.891516 -16.595739 -2031.530710 12981.255569 0.057427 0.998275 -0.012234 -0.917258 0.047921 -0.395400 0.394132 -0.033928 -0.918428
49.592913 24.607003 17250.165883 30.634531 -0.893037 -0.213631 -0.396038 -0.207355 0.976475 -0.059161 0.399360 0.029287 -0.916326
23.569711 18.908470 18899.716603 2734.580373 -0.882673 -0.352372 -0.311003 -0.326715 0.935728 -0.132930 0.337855 -0.015724 -0.941067
5.634657 -32.600171 3516.036958 983.060703 -0.854799 0.156035 -0.494946 0.101640 0.985594 0.135178 0.508909 0.065244 -0.858344
-4.907243 -34.045608 4714.365938 1870.099552 -0.840414 0.254043 -0.478713 0.197863 0.966180 0.165369 0.504534 0.044259 -0.862257
9.042196 -33.972328 4726.499219 557.327621 -0.864311 0.152364 -0.479325 0.142106 0.988159 0.057865 0.482465 -0.018102 -0.875728
80.241457 -57.183747 43229.483255 -6353.197872 0.881792 -0.469376 -0.046148 -0.319728 -0.522974 -0.790109 -0.346724 -0.711467 0.611227
5.329423 -55.466384 31024.724150 -4128.421065 0.911896 -0.408199 -0.042649 -0.268483 -0.514705 -0.814245 -0.310423 -0.753957 0.578953
58.032931 -51.673480 41549.804499 -1444.681164 0.902801 -0.429638 -0.018986 -0.226250 -0.436949 -0.870567 -0.365733 -0.790245 0.491683
6.471542 -221.785672 -3852.237385 -36770.662898 0.206172 0.978511 0.003053 0.226957 -0.050854 0.972576 -0.951832 0.199825 0.232565
5.629753 -317.022583 -4423.768723 -62373.304995 0.198159 0.979313 -0.040984 0.498600 -0.064714 0.864413 -0.843879 0.191726 0.501109
-288.739529 -502.019669 -64201.506283 -153358.487599 0.748098 0.431685 -0.503982 -0.640249 0.669198 -0.377168 -0.174446 -0.604832 -0.777011
-210.073678 -319.830842 35380.375163 -67193.281221 -0.616913 -0.679275 0.397496 -0.732073 0.680689 0.027043 -0.288941 -0.274313 -0.917205
-48.362172 -57.840558 1198.828059 -1632.919251 0.779504 -0.587704 -0.216742 0.623970 0.758952 0.186157 -0.055091 0.280350 -0.958316
-44.780052 -55.012022 -2272.603303 -1805.890562 -0.465340 0.867530 0.175644 0.884448 0.463536 0.053726 -0.034808 0.180349 -0.982987
-46.727727 -55.235913 -2788.290117 -4317.236270 -0.662009 0.702935 0.260051 0.728615 0.684914 0.003458 -0.175682 0.191767 -0.965589
-47.917648 -57.043001 -1156.410750 1080.812337 -0.525098 0.833702 0.170920 0.846503 0.490941 0.205937 0.087779 0.252821 -0.963523
-49.485598 -59.668919 890.005322 -4165.461991 0.837126 -0.445371 -0.317593 0.508983 0.846894 0.153972 -0.200392 0.290543 -0.935643
-50.486561 -61.386861 852.925337 -477.438367 0.909025 -0.336081 -0.246421 0.404287 0.854656 0.325754 -0.101126 0.395744 -0.912776
-50.789647 -59.706862 435.569782 1437.645240 0.828861 -0.536011 -0.160255 0.556257 0.759007 0.338359 0.059729 0.369596 -0.927271
-41.215318 -63.108764 2724.346001 -213.467261 -0.120825 0.973429 -0.194517 0.991385 0.128311 0.026310 0.050569 -0.189663 -0.980546
-39.594059 -64.005070 -3937.218556 -3271.124585 -0.065310 0.941682 -0.330104 0.997736 0.066955 -0.006397 0.016078 -0.329774 -0.943923
-42.842407 -61.194490 1559.498128 -3875.984944 -0.242793 0.947447 -0.208315 0.965519 0.215220 -0.146468 -0.093937 -0.236693 -0.967033
-39.034250 -66.918098 -476.615339 1336.324951 0.000144 0.960985 -0.276601 0.984933 0.047699 0.166229 0.172937 -0.272457 -0.946499
-39.466462 -59.152104 4430.130316 -1848.454052 -0.233066 0.966429 -0.108141 0.968991 0.221407 -0.109709 -0.082082 -0.130356 -0.988064
-40.827323 -66.192695 3765.136718 -2303.954067 -0.115714 0.978427 -0.171145 -0.973011 -0.146290 -0.178463 0.199650 -0.145875 -0.968948
-38.811208 -61.968081 3713.036966 85.111680 -0.161191 0.982049 -0.097960 0.985594 0.165328 0.035640 0.051196 -0.090804 -0.994552
10.833387 -17.067714 946.282991 2993.081763 0.117417 0.989571 0.083444 0.244687 -0.110263 0.963312 -0.962467 0.092691 0.255081
10.838316 -12.355926 1891.142550 1148.770410 0.138206 0.981718 0.130880 0.256766 -0.163147 0.952604 -0.956541 0.098050 0.274620
12.729214 -11.748922 551.763394 1157.860664 0.110875 0.982322 0.150832 0.253855 -0.174726 0.951330 -0.960867 0.067189 0.268740
10.333109 -12.878946 2068.799685 -872.279728 0.161404 0.961543 0.222223 0.261295 -0.258777 0.929924 -0.951669 0.092028 0.293014
13.214777 -11.655231 489.393918 -1083.654249 0.119753 0.970691 0.208370 0.260280 -0.233235 0.936940 -0.958078 0.057967 0.280582
23.131815 -46.303758 -4537.318411 323.956773 0.073821 0.985108 0.155283 -0.975384 0.038877 0.217060 -0.207790 0.167484 -0.963728
29.398004 -46.655504 -9005.786936 -72.156423 0.055615 0.983995 0.169294 0.992460 -0.035932 -0.117183 -0.109225 0.174535 -0.978574
30.040636 -46.519466 -8424.115040 95.498454 0.058113 0.985964 0.156515 0.998304 -0.056830 -0.012663 -0.003590 0.156986 -0.987594
-2.418642 -58.044328 -1098.245475 1102.216041 -0.149679 0.944552 -0.292264 -0.711297 0.102451 0.695385 -0.686770 -0.311971 -0.656522
1.484811 -57.655614 -1237.769488 1514.030100 -0.161625 0.943960 -0.287778 -0.714180 0.089364 0.694234 -0.681047 -0.317731 -0.659714
-1.916832 -53.251789 -1559.709286 1792.527597 -0.161993 0.938872 -0.303773 -0.551886 0.168994 0.816616 -0.818034 -0.299934 -0.490775
1.617187 -61.034340 -918.263470 329.632205 -0.150085 0.946568 -0.285454 -0.846253 0.026295 0.532133 -0.511206 -0.321431 -0.797089
-2.202618 -60.640150 -820.873998 110.490525 -0.133765 0.945927 -0.295514 -0.844498 0.047239 0.533471 -0.518585 -0.320921 -0.792515
11.071808 -38.678140 -601.607803 -3420.744601 0.149557 0.988359 0.027917 -0.743345 0.131010 -0.655953 0.651975 -0.077350 -0.754285
13.562181 -54.988133 1339.536482 -16083.680651 0.086362 0.996128 0.016462 -0.760080 0.076562 -0.645304 0.644066 -0.043217 -0.763748
13.189583 -35.505620 -2555.316472 3422.466812 0.208514 0.971019 0.116811 -0.696949 0.231317 -0.678789 0.686137 -0.060125 -0.724983
12.226208 -49.997759 -997.543753 -10595.858214 0.101499 0.991701 -0.078912 -0.781697 0.030439 -0.622915 0.615343 -0.124911 -0.778299
5.753308 -40.940055 -1551.557115 10194.877265 0.130025 0.990948 -0.033399 -0.755130 0.077140 -0.651020 0.642551 -0.109870 -0.758325
8.653573 -41.585435 -1538.955831 2180.601654 0.102588 0.989496 -0.101847 -0.775124 0.015351 -0.631623 0.623425 -0.143741 -0.768557
-7.131079 -89.336310 -659.910742 1260.795805 -0.090494 0.972440 -0.214874 -0.733002 0.081023 0.675384 -0.674180 -0.218621 -0.705468
-8.398206 -94.815626 -641.826188 2790.826504 -0.073621 0.972444 -0.221206 -0.857081 0.051711 0.512579 -0.509894 -0.227328 -0.829657
-6.181736 -97.433024 -583.220522 3352.940857 -0.069069 0.963923 -0.257064 -0.857325 0.074410 0.509369 -0.510120 -0.255569 -0.821256
-9.193371 -99.525730 -520.146108 2062.363049 -0.048306 0.973557 -0.223276 -0.946968 0.026457 0.320238 -0.317677 -0.226905 -0.920649
-7.123877 -104.579073 -606.076144 3688.226066 -0.046449 0.964231 -0.260962 -0.943920 0.043124 0.327347 -0.326891 -0.261532 -0.908154
-9.111419 -81.489374 685.222702 -4855.559758 -0.147064 0.986360 0.073929 -0.869145 -0.093183 -0.485700 0.472186 0.135684 -0.870994
-12.122809 -87.509222 505.083321 -4967.006803 -0.137077 0.989967 0.034279 -0.933168 -0.117449 -0.339711 0.332276 0.078555 -0.939905
-12.157678 -94.322208 366.289174 -3841.920564 -0.132762 0.990602 0.032897 -0.981146 -0.126647 -0.145989 0.140451 0.051658 -0.988739
4.517397 -83.014960 1352.011431 229.776889 -0.020264 0.988562 -0.149445 -0.178069 -0.150655 -0.972417 0.983809 -0.006906 -0.179085
3.641904 -86.317823 1276.915390 2574.538213 -0.016186 0.993821 -0.109805 -0.010618 -0.109984 -0.993877 0.999813 0.014921 -0.012333
-0.588798 -90.889133 1857.941086 1566.458928 -0.028724 0.993862 -0.106837 -0.057382 -0.108344 -0.992456 0.997939 0.022376 -0.060142
22.790728 -80.552685 3037.255152 790.932875 -0.168117 0.983388 0.068445 0.978880 0.158346 0.129304 -0.116318 -0.088738 0.989240
17.045493 -76.320400 1057.167816 679.238657 -0.142672 0.985374 0.093177 0.984558 0.150939 -0.088676 0.101443 -0.079087 0.991693
19.998767 -71.246125 -1296.143949 2036.118085 0.221968 -0.965791 -0.134084 0.974852 0.217016 0.050670 -0.019838 -0.141959 0.989674
14.545236 -81.812362 1455.758892 164.313979 -0.119740 0.991387 0.053049 0.990456 0.122960 -0.062272 0.068259 -0.045086 0.996648
24.931942 -87.256114 -194.541873 3205.714832 -0.205778 0.960626 0.186691 0.946508 0.146921 0.287293 -0.248552 -0.235823 0.939473
16.903551 -82.145587 2097.985481 -576.321335 -0.120990 0.991540 0.047011 0.980747 0.112091 0.159907 -0.153284 -0.065453 0.986012
26.363939 -89.440097 3733.836422 2357.243908 -0.133050 0.988398 0.073259 0.933607 0.100177 0.344009 -0.332679 -0.114165 0.936104
6.278465 -60.277939 -235.664829 775.679082 -0.148928 0.958223 -0.244192 -0.826477 0.014964 0.562772 -0.542915 -0.285631 -0.789721
4.435720 -56.783932 -784.804265 1557.305432 -0.162104 0.949508 -0.268619 -0.706440 0.078392 0.703418 -0.688959 -0.303790 -0.658064
4.737051 -60.427336 -1008.440859 622.815042 -0.159351 0.947752 -0.276357 -0.838000 0.018128 0.545369 -0.521885 -0.318492 -0.791327
-8.103170 -100.829597 2185.951862 3030.248629 -0.024383 0.998349 -0.052001 0.081099 -0.049870 -0.995458 0.996408 0.028489 0.079750
-6.311127 -95.943730 2080.037145 1441.630694 -0.021071 0.994873 -0.098916 -0.115594 -0.100699 -0.988179 0.993073 0.009388 -0.117123
