12259
24511
-35.077613 -61.598012 2386.408978 9677.086937 0.186363 -0.965667 0.180988 0.969313 0.150659 -0.194255 0.160318 0.211636 0.964110
-48.143657 -75.448804 1114.724055 9198.986616 0.291192 -0.930317 0.222974 0.956641 0.281525 -0.074710 0.006731 0.235061 0.971957
-38.493689 -82.918185 4030.361239 12988.151127 0.403074 -0.905648 0.131659 0.914130 0.391578 -0.105040 0.043574 0.162692 0.985714
-43.217628 -65.326349 -633.182308 5653.521353 -0.220547 -0.920141 0.323573 0.974465 -0.222201 0.032323 0.042156 0.322439 0.945651
-19.618491 -80.220880 -5325.356055 15275.543824 -0.342033 0.938787 -0.041141 0.922478 0.327106 -0.205028 0.179020 0.108078 0.977891
-23.690249 -53.263985 -4107.012048 9723.162111 -0.155369 0.982709 -0.100710 0.947413 0.119360 -0.296920 0.279766 0.141546 0.949577
-32.151898 -49.722224 640.499999 4656.733527 -0.268183 -0.919162 0.288477 0.939593 -0.315677 -0.132334 0.212702 0.235562 0.948298
74.726556 -96.578386 -1526.767252 2268.289647 -0.396800 0.917726 0.018111 -0.344743 -0.130714 -0.929551 0.850707 0.375090 -0.368247
62.386146 -78.637843 3505.681988 7285.717417 -0.606515 0.792590 0.062777 -0.362210 -0.205158 -0.909238 0.707773 0.574205 -0.411515
56.394609 -70.514831 3698.184869 5740.476218 -0.514170 0.846060 0.140755 -0.546626 -0.196788 -0.813926 0.660931 0.495436 -0.563661
67.833215 -95.882949 491.374710 5484.701324 -0.331012 0.940960 0.070888 -0.608034 -0.155240 -0.778586 0.721613 0.300823 -0.623522
75.001859 -114.045636 -24.425271 -4616.867178 -0.204161 0.978317 -0.034839 -0.437062 -0.122938 -0.890990 0.875954 0.166679 -0.452685
3.590921 -17.937287 743.018618 1039.256318 0.707354 -0.405969 0.578653 -0.598253 -0.779851 0.184190 -0.376488 0.476469 0.794503
1.850472 -19.411833 1508.822696 -1618.368753 0.616377 -0.522742 0.588914 0.671151 0.739912 -0.045674 -0.411869 0.423403 0.806904
2.311380 -14.396595 -1064.647420 -824.223371 0.577468 -0.536613 0.615286 0.699838 0.713463 -0.034587 -0.420425 0.450574 0.787545
2.026801 -14.052150 -1432.339309 1097.418869 0.734951 -0.334257 0.590016 -0.548960 -0.804069 0.228288 -0.398107 0.491676 0.774446
-4.397022 -9.673639 -3246.139264 -331.952493 0.601941 -0.487422 0.632524 0.680567 0.727496 -0.087053 -0.417727 0.482876 0.769633
1.687340 -12.726292 1028.642997 301.610510 -0.297156 0.736590 -0.607563 0.836509 0.507633 0.206306 -0.460382 0.446927 0.767010
-12.464610 -40.732106 1918.217810 -1204.993585 0.221388 0.958470 -0.179785 0.395231 -0.256727 -0.881977 0.891504 -0.124203 0.435653
-9.066590 -43.150446 5189.943224 -956.190914 0.149079 0.978000 -0.145919 0.360886 -0.191202 -0.912799 0.920617 -0.083419 0.381451
-4.822471 -39.956431 5705.266296 -389.495398 0.159274 0.972249 -0.171356 0.431883 -0.224701 -0.873491 0.887755 -0.065119 0.455687
-17.695533 -42.754163 3172.626810 -2056.778051 0.214806 0.958203 -0.188957 0.309361 -0.250266 -0.917422 0.926366 -0.138612 0.350190
-9.044375 -41.034129 -3601.183829 -1528.187335 0.237770 0.970726 -0.034020 0.323067 -0.112065 -0.939718 0.916020 -0.212446 0.340255
-5.221444 -39.800289 -4806.636981 -751.203779 0.232787 0.972416 0.014739 0.414312 -0.085449 -0.906115 0.879861 -0.217039 0.422775
52.395473 -30.532365 12986.403359 -3804.693154 -0.513397 0.571384 -0.640268 0.852765 0.423152 -0.306160 0.095996 -0.703180 -0.704501
12.564505 -32.929042 -2119.968138 -1320.938442 -0.046557 0.671245 -0.739772 0.978171 0.180779 0.102473 0.202520 -0.718853 -0.665009
64.994149 -20.721551 13316.210424 -2526.667587 -0.390537 0.681777 -0.618595 0.920581 0.291685 -0.259712 0.003369 -0.670894 -0.741545
178.554546 -22.709881 36749.085693 -6151.060046 -0.647736 0.508868 -0.567002 0.761570 0.411761 -0.500464 -0.021201 -0.755980 -0.654251
36.391806 -35.265746 2105.551378 -71.033544 0.111031 0.831073 -0.544967 0.989723 -0.042747 0.136456 0.090109 -0.554518 -0.827279
115.847081 -17.480962 20681.041529 -3337.402491 -0.300708 0.788503 -0.536506 0.940419 0.151539 -0.304381 -0.158704 -0.596070 -0.787092
247.840513 -13.032690 48633.466408 -7689.050248 -0.597816 0.568945 -0.564728 0.791513 0.307346 -0.528248 -0.126977 -0.762785 -0.634063
3.470920 -55.522782 -86.552550 616.340856 0.354045 0.933284 -0.060272 -0.046896 -0.046649 -0.997810 0.934052 -0.356096 -0.027252
3.694341 -55.883787 -172.783236 135.077494 0.354255 0.934361 -0.038364 0.128396 -0.089234 -0.987700 0.926292 -0.344972 0.151580
2.742688 -57.307942 583.659864 637.644611 0.325183 0.943222 -0.067730 -0.030759 -0.061035 -0.997662 0.945151 -0.326506 -0.009165
3.516919 -55.056236 -380.673676 330.166848 0.375454 0.925878 -0.042233 0.100592 -0.086004 -0.991204 0.921366 -0.367903 0.125427
1.901663 -56.755562 439.410994 446.838442 0.323714 0.940977 -0.098855 -0.199826 -0.034130 -0.979237 0.924813 -0.336746 -0.176983
3.864498 -53.966814 -212.735183 711.598349 0.373237 0.925488 -0.064542 -0.073701 -0.039770 -0.996487 0.924804 -0.376683 -0.053366
3.047671 -54.300604 -41.028976 331.001775 0.349187 0.932423 -0.093041 -0.212884 -0.017757 -0.976916 0.912551 -0.360933 -0.192298
16.565482 -95.741873 3177.491857 689.587457 -0.153264 0.947763 0.279743 -0.254316 0.235723 -0.937954 0.954900 0.214898 -0.204903
16.453624 -92.466890 1974.352326 2244.464070 -0.113803 0.962489 0.246299 -0.066106 0.240024 -0.968514 0.991302 0.126502 -0.036310
9.696445 -102.526058 2937.077095 5557.026324 -0.168464 0.933581 0.316301 -0.081222 0.306649 -0.948351 0.982356 0.185454 -0.024168
497.893810 -39.838530 770354.659890 1189.109297 0.111539 0.951921 -0.285315 -0.490958 0.302407 0.817013 -0.864013 -0.048949 -0.501084
541.756123 -54.330488 183198.220925 4119.726449 -0.156565 0.882375 -0.443736 -0.492709 0.319602 0.809378 -0.855994 -0.345353 -0.384716
552.138765 -37.016443 602830.747762 254.697491 -0.034584 0.950538 -0.308676 -0.560472 0.237273 0.793456 -0.827451 -0.200445 -0.524544
494.819819 -53.700880 238289.029351 -47.784605 -0.105923 0.891078 -0.441316 -0.410912 0.364922 0.835454 -0.905501 -0.269836 -0.327501
260.831283 -39.472838 287627.401530 -3840.762910 0.050993 0.958524 -0.280414 -0.571563 0.258260 0.778857 -0.818972 -0.120558 -0.561026
600.103252 -43.901244 822845.840242 708.192086 0.192545 0.935842 -0.295170 -0.413200 0.350154 0.840630 -0.890052 0.039895 -0.454110
202.341352 -42.539969 298596.007914 -1648.000127 0.200462 0.949772 -0.240310 -0.496691 0.309954 0.810695 -0.844461 0.043153 -0.533877
-6.823107 -48.995923 -5047.324600 4302.073832 0.532704 -0.305690 0.789164 0.371928 0.922172 0.106152 -0.760195 0.236965 0.604939
0.889820 -49.808585 -4929.739261 3514.592768 0.566515 -0.182121 0.803674 0.247283 0.967897 0.045024 -0.786073 0.173229 0.593364
-11.203411 -60.431871 -6193.349848 4390.237504 0.568393 -0.188724 0.800820 0.211922 0.974077 0.079140 -0.794996 0.124729 0.593654
-20.458580 -59.828324 -5386.521068 5191.439070 0.569578 -0.282376 0.771910 0.327764 0.939265 0.101745 -0.753758 0.195053 0.627537
-25.617693 -72.361677 -6068.252711 5991.526809 0.611159 -0.136141 0.779712 0.134207 0.988657 0.067430 -0.780047 0.063432 0.622497
-13.902444 -70.120395 -7766.602236 3209.616965 0.575419 -0.075673 0.814351 0.025020 0.996873 0.074955 -0.817476 -0.022755 0.575513
3997.708871 4.800975 -5504966.711312 15379.325419 -0.609364 -0.281312 -0.741309 0.762800 0.047132 -0.644915 0.216361 -0.958458 0.185864
1814.491436 -12.772431 971794.675138 36567.861676 -0.571299 0.364038 -0.735590 0.808647 0.096366 -0.580348 -0.140383 -0.926385 -0.349432
1635.934619 -22.145447 -1839018.672236 33910.695126 -0.595963 -0.371245 -0.712043 0.749340 0.061626 -0.659311 0.288647 -0.926488 0.241462
3460.399878 22.464800 4661801.720821 6988.551901 -0.528699 0.488263 -0.694317 0.799373 0.011330 -0.600728 -0.285447 -0.872623 -0.396294
1883.511451 -2.963289 -2341298.448990 19473.282825 -0.456482 -0.674440 -0.580306 0.769983 0.027355 -0.637478 0.445815 -0.737823 0.506820
4790.172508 34.493394 -4821382.543618 -8182.540992 -0.492800 -0.625508 -0.604886 0.785960 -0.021685 -0.617896 0.373382 -0.779916 0.502311
3766.322838 10.159630 -4665115.552520 -10055.885277 -0.614149 -0.183317 -0.767604 0.785636 -0.049812 -0.616681 0.074813 -0.981791 0.174612
-4.796614 -35.173277 1604.779589 1262.422632 0.000619 0.996934 -0.078249 0.596854 -0.063152 -0.799861 0.802350 0.046208 0.595063
-0.226422 -36.522305 1515.694614 756.808356 -0.047729 0.998310 -0.033164 0.639395 0.005027 -0.768862 0.767395 0.057902 0.638554
-3.303743 -38.371976 1891.468041 1016.858203 0.004342 0.995854 -0.090858 0.693680 -0.068443 -0.717024 0.720270 0.059912 0.691102
-8.857176 -37.769646 1175.451763 1299.864783 0.084199 0.987484 -0.133364 0.638499 -0.156220 -0.753601 0.765003 0.021700 0.643661
-9.895548 -34.273468 1107.403081 997.165389 0.077951 0.986423 -0.144542 0.544388 -0.163575 -0.822730 0.835204 0.014554 0.549748
-6.923778 -106.963369 4278.656355 -4587.283389 0.640906 -0.525403 0.559635 -0.391945 0.402868 0.827089 0.660014 0.749432 -0.052271
-5.596989 -113.703315 4980.111967 -3238.818856 0.641841 -0.545236 0.539219 -0.496983 0.239743 0.833985 0.583993 0.803269 0.117096
0.048344 -109.611675 4526.849281 -2689.765388 0.624498 -0.539828 0.564435 -0.408808 0.389848 0.825163 0.665490 0.746059 -0.022773
1.949903 -107.383806 -4425.089067 -6201.701198 -0.620127 0.525786 -0.582230 -0.268730 0.554895 0.787322 0.737039 0.644702 -0.202811
9.514405 -123.580252 1915.001019 -2568.779842 0.642430 -0.510757 0.571324 -0.431961 0.374457 0.820483 0.633003 0.773892 -0.019935
-6.752456 -187.335906 -1445.206865 -11568.147162 -0.570061 0.365180 -0.735985 -0.361102 0.693273 0.623681 0.737995 0.621301 -0.263341
-7.956860 -162.367636 -1081.654809 -4591.582015 -0.562667 0.332304 -0.756954 -0.152974 0.857985 0.490367 0.812407 0.391708 -0.431926
-5.827113 -168.966072 -657.139397 -6426.443856 -0.590598 0.351041 -0.726611 -0.337003 0.710852 0.617347 0.733227 0.609475 -0.301526
-0.398022 -385.631590 194.293634 16522.748897 -0.489738 0.620932 -0.612046 0.247508 0.772126 0.585288 0.836000 0.135151 -0.531825
-2.313075 -830.220783 4551.709002 40907.463765 -0.551567 0.613189 -0.565485 0.652400 0.739560 0.165607 0.519758 -0.277579 -0.807961
22.794987 -684.121151 -22471.519613 85932.221532 -0.493760 0.510478 -0.703998 0.306201 0.859780 0.408679 0.813906 -0.013776 -0.580834
-8.910670 -386.280348 -4002.145736 19644.137606 -0.433695 0.586079 -0.684412 -0.125431 0.712900 0.689957 0.892287 0.385077 -0.235669
-5.636831 -422.091987 -204.190102 -69777.465303 -0.447097 0.648731 -0.615835 0.146797 -0.625930 -0.765939 0.882358 0.432851 -0.184620
-2.802470 -96.216009 -5250.606164 -3159.715348 -0.616673 0.514744 -0.595612 -0.130672 0.679173 0.722253 0.776299 0.523223 -0.351565
-7.245435 -98.675286 -3248.015959 -4211.187675 -0.638276 0.498489 -0.586611 -0.282451 0.557226 0.780846 0.716118 0.664084 -0.214866
6.252029 -98.076802 -4700.294982 -4902.130564 -0.614622 0.515520 -0.597059 -0.095898 0.702453 0.705240 0.782971 0.490713 -0.382305
9.689041 -115.810757 -1692.613183 -7141.432130 -0.644475 0.496177 -0.581773 -0.195832 0.628373 0.752859 0.739122 0.599129 -0.307803
-3.374676 -31.098273 4316.130019 1206.892335 -0.671571 0.312129 -0.671988 0.082589 0.932822 0.350745 0.736323 0.180051 -0.652235
-6.075800 -28.612411 3933.432406 1295.692676 -0.667870 0.299208 -0.681487 0.015813 0.921132 0.388928 0.744110 0.248977 -0.619928
-15.898962 -31.363228 4014.718999 875.066373 -0.628273 0.444893 -0.638234 0.164978 0.877890 0.449546 0.760299 0.177143 -0.624953
4.721642 -29.321947 2846.175982 1115.466500 -0.667915 0.197468 -0.717562 -0.033641 0.955162 0.294167 0.743477 0.220618 -0.631324
-3.368547 -32.464390 4922.543629 745.659554 -0.669096 0.311753 -0.674626 0.138398 0.944151 0.299040 0.730175 0.106719 -0.674874
7.070509 -31.956768 3850.050800 569.999670 -0.679780 0.199248 -0.705832 0.032068 0.969545 0.242806 0.732714 0.142420 -0.665467
17.699615 -33.455696 5318.429239 -1181.519820 -0.694815 0.173501 -0.697947 0.161407 0.983327 0.083761 0.700843 -0.054455 -0.711234
15.248012 -32.253705 -80.654263 -1403.340323 -0.596887 0.118037 -0.793595 0.081047 0.992930 0.086728 0.798221 -0.012552 -0.602233
10.587802 -32.923351 5005.819901 -645.015147 -0.692900 0.186609 -0.696467 0.100527 0.981497 0.162967 0.713992 0.042906 -0.698838
12.795926 -129.204327 -629.810456 6989.092187 0.187288 0.971465 0.145533 -0.099615 0.166174 -0.981052 0.977241 -0.169242 -0.127894
13.596818 -118.031571 -32.780933 29636.177260 0.130929 0.986480 0.098560 -0.197357 0.123361 -0.972539 0.971549 -0.107882 -0.210840
10.974101 -115.111599 -862.629994 7089.376592 0.197619 0.970744 0.136394 -0.207993 0.177492 -0.961892 0.957959 -0.161719 -0.236984
7.196728 -132.872376 -801.961709 -9506.625110 0.246922 0.952038 0.180703 -0.201885 0.232926 -0.951308 0.947772 -0.198418 -0.249717
8.508395 -116.984137 -967.845062 -17828.247812 0.229858 0.959068 0.165392 -0.265952 0.225373 -0.937271 0.936181 -0.171453 -0.306870
29.487949 -102.124783 2736.568300 6402.037111 -0.091175 0.484214 -0.870186 -0.722820 0.568891 0.392294 0.684995 0.664755 0.298131
21.520134 -416.032568 -4486.724848 104616.663568 0.120544 0.118010 -0.985669 -0.581410 0.813187 0.026255 0.804631 0.569913 0.166637
46.808901 -110.982571 7957.395239 -7323.890238 -0.119203 0.532565 -0.837953 -0.640867 0.603342 0.474623 0.758340 0.593593 0.269383
54.129347 -129.436198 -8825.730369 19045.892386 0.075426 -0.540091 0.838220 0.772240 -0.500168 -0.391762 0.630838 0.676856 0.379354
52.852687 -106.606543 6113.700287 10366.635996 -0.074917 0.695487 -0.714622 0.554623 -0.566505 -0.609480 0.828723 0.442006 0.343292
263.396538 -1586.125363 33955.510825 -451125.321536 0.033449 0.544676 -0.837979 -0.746747 0.570885 0.341261 0.664266 0.614344 0.425831
43.592866 -76.602081 -2861.602169 -3432.195218 -0.318115 0.947723 -0.024987 -0.861725 -0.278060 0.424396 -0.395262 -0.156539 -0.905132
42.867092 -76.215946 -3616.045099 2705.565085 -0.406593 0.906580 0.113111 -0.646224 -0.372900 0.665838 -0.645814 -0.197630 -0.737473
40.015143 -57.999866 282.985369 3425.676185 -0.402258 0.915456 -0.011360 -0.721093 -0.309159 0.620037 -0.564104 -0.257607 -0.784491
43.232248 -59.986958 -1084.484861 -2851.587299 -0.328037 0.936312 -0.125346 -0.881299 -0.255549 0.397500 -0.340152 -0.240863 -0.909000
35.882948 -51.904034 2803.602303 2385.293376 -0.346437 0.930640 -0.117856 -0.804043 -0.229869 0.548339 -0.483215 -0.284726 -0.827910
-7.360330 -16.910583 -1468.210927 1338.260459 -0.360578 -0.318243 -0.876758 -0.620005 0.784039 -0.029603 0.696834 0.532920 -0.480020
-11.790924 -17.671751 -2510.492602 357.494884 -0.126837 -0.569299 -0.812288 -0.728094 0.609571 -0.313533 0.673641 0.551654 -0.491819
-7.576581 -14.958478 -2082.282606 185.566789 -0.125240 -0.553193 -0.823585 -0.738570 0.606256 -0.294904 0.662442 0.571341 -0.484499
-4.341891 -13.889041 -539.001658 1054.384320 -0.327185 -0.360979 -0.873295 -0.656055 0.751908 -0.065009 0.680105 0.551659 -0.482835
-3.727325 -16.309467 -288.844514 1410.709697 -0.459159 -0.180728 -0.869776 -0.530710 0.840972 0.105422 0.712405 0.510004 -0.482053
2.801854 -62.713284 -934.617075 -393.650934 -0.014008 0.976575 0.214723 0.998889 0.023329 -0.040935 -0.044985 0.213911 -0.975817
5.052759 -63.252928 -734.770919 118.302428 -0.019823 0.974252 0.224590 0.993744 -0.005495 0.111547 0.109909 0.225397 -0.968048
4.266420 -62.252484 -771.123833 -615.650220 -0.028421 0.973959 0.224938 0.995101 0.048883 -0.085931 -0.094689 0.221393 -0.970577
-17.408288 -120.642639 278.202852 -3030.350712 -0.195800 0.808352 0.555185 0.301024 -0.489266 0.818537 -0.933299 -0.327394 0.147535
-12.783948 -118.652975 -10.230967 -13660.667784 -0.219686 0.813984 0.537744 -0.021426 -0.555102 0.831506 -0.975335 -0.171149 -0.139388
-18.806426 -125.548821 -1268.493014 -4092.240705 -0.271320 0.758304 0.592757 0.289105 -0.523211 0.801666 -0.918043 -0.388877 0.077271
-13.925512 -115.984868 3348.315525 -6555.039995 -0.109412 0.850649 0.514224 0.209238 -0.486028 0.848526 -0.971724 -0.200434 0.124811
-18.921193 -123.128539 -136.050015 9770.162308 -0.187717 0.788313 0.585939 0.595520 -0.383051 0.706136 -0.781101 -0.481492 0.397551
-16.448779 -116.914627 2480.633197 4943.465016 -0.115084 0.840655 0.529203 0.538491 -0.394877 0.744378 -0.834735 -0.370637 0.407241
85.974262 -36.820155 13804.235318 2079.886048 0.380434 0.824069 0.419739 0.665500 0.071214 -0.742993 0.642168 -0.561996 0.521325
173.816087 -31.316095 -33097.485484 206.683503 -0.406584 -0.713395 -0.570752 0.674208 0.187303 -0.714396 0.616550 -0.675267 0.404822
219.530505 -34.158764 -53614.909055 361.223811 -0.410748 -0.696537 -0.588322 0.723990 0.143040 -0.674817 0.554189 -0.703119 0.445532
-9.168340 -52.382702 -724.225804 701.114082 0.080964 0.962859 0.257578 -0.893907 -0.044164 0.446071 -0.440880 0.266367 -0.857131
-9.608337 -48.280119 -815.132528 1381.475963 0.049498 0.963481 0.263163 -0.781328 -0.126777 0.611109 -0.622155 0.235865 -0.746519
-10.173648 -50.249868 -307.631094 915.395233 0.111285 0.949760 0.292528 -0.860490 -0.055169 0.506471 -0.497164 0.308080 -0.811119
-9.515477 -51.772503 -328.553425 -112.581419 0.154306 0.946127 0.284662 0.940665 -0.052550 -0.335243 -0.302223 0.319502 -0.898098
-7.953687 -53.722576 -510.602784 -197.217196 0.128083 0.957877 0.257035 0.963366 -0.058590 -0.261713 -0.235629 0.281139 -0.930290
8.073536 -39.729866 -297.995921 1557.277014 -0.064311 0.977948 0.198702 0.479029 -0.144422 0.865837 -0.875440 -0.150867 0.459177
8.860002 -33.678991 296.134424 4136.518975 -0.076517 0.984853 0.155594 0.590725 -0.080936 0.802804 -0.803237 -0.153341 0.575584
6.247245 -40.485050 -1850.067257 1917.963160 -0.087878 0.967168 0.238460 0.501067 -0.163978 0.849731 -0.860935 -0.194157 0.470206
5.622568 -43.872300 -1742.822566 -584.905544 -0.077198 0.965373 0.249191 0.400786 -0.198806 0.894341 -0.912913 -0.168914 0.371560
-16.322031 -32.985105 -3264.229379 -2699.680800 0.198248 0.222677 0.954522 -0.597968 0.799101 -0.062226 -0.776615 -0.558438 0.291574
-10.547096 -34.112218 -518.792067 3895.447317 0.030811 0.462983 0.885832 -0.516367 0.766199 -0.382496 -0.855813 -0.445629 0.262677
0.369408 -38.149515 -9272.932745 2791.288688 0.052450 0.297098 0.953406 -0.563256 0.797164 -0.217423 -0.824616 -0.525607 0.209153
0.419280 -40.297237 -11354.806313 279.135587 0.153679 0.199647 0.967742 -0.634389 0.770814 -0.058278 -0.757584 -0.604969 0.245111
27.163552 -39.149740 -18096.387828 1173.231466 0.013292 0.286241 0.958066 -0.649750 0.730761 -0.209315 -0.760031 -0.619721 0.195698
25.645555 -36.243774 -11327.115863 2274.663541 -0.002427 0.365069 0.930977 -0.568322 0.765511 -0.301666 -0.822803 -0.529827 0.205619
2.151032 -268.087505 -1611.109341 -52180.449409 0.860265 0.237306 0.451254 0.480630 -0.672777 -0.562464 -0.170117 -0.700754 0.692823
4.344390 -202.009967 -2117.053306 -12483.147720 0.840499 0.249150 0.481130 0.483664 -0.745239 -0.459008 -0.244195 -0.618501 0.746877
6.237095 -335.622400 -5352.357425 -55226.824684 0.869948 0.205141 0.448449 0.483188 -0.536375 -0.691976 -0.098584 -0.818669 0.565741
4.937329 -555.399677 -8809.877230 -176558.997964 0.878889 0.224670 0.420805 0.476148 -0.359702 -0.802432 0.028917 -0.905615 0.423115
-5.403551 -239.497047 -3417.631778 -36535.505879 0.853576 0.209111 0.477158 0.508430 -0.534096 -0.675455 -0.113603 -0.819155 0.562210
-14.855086 -73.616807 -858.834317 -7768.523095 0.796866 0.274886 0.537998 0.080175 0.834505 -0.545136 -0.598812 0.477534 0.642950
-15.019041 -70.787497 2136.782905 -8246.417616 0.821790 0.176238 0.541850 0.170706 0.831131 -0.529226 -0.543618 0.527410 0.652931
-23.500118 -87.129679 -2502.275010 8440.319775 0.812640 0.350898 0.465281 -0.125367 -0.674445 0.727604 -0.569121 0.649611 0.504090
-18.352308 -89.052813 -2951.665101 -7973.127367 0.778090 0.413080 0.473223 0.078878 0.683141 -0.726014 -0.623180 0.602231 0.498963
-22.489582 -102.351663 -2358.264022 4786.388658 0.801429 0.416583 0.429150 -0.209763 -0.476180 0.853963 -0.560099 0.774411 0.294241
42.946376 -783.209730 -23095.682569 -227202.252616 -0.436776 -0.516828 -0.736285 -0.262351 0.856088 -0.445292 0.860464 -0.001327 -0.509509
40.232737 -535.490561 -15053.247347 -143024.768084 -0.526258 -0.584784 -0.617317 -0.020303 0.734412 -0.678400 0.850083 -0.344480 -0.398363
6.416433 -476.279482 14591.535241 -133783.010107 0.470284 0.609385 0.638344 0.271588 0.588285 -0.761683 0.839686 -0.531574 -0.111160
16.323562 -613.963139 -12221.500165 -186573.713633 -0.410192 -0.533525 -0.739658 0.018691 0.805941 -0.591701 0.911808 -0.256535 -0.320618
-1.549173 -759.989876 -5152.943391 -238061.461305 -0.488964 -0.429601 -0.759182 0.561191 0.511372 -0.650817 0.667816 -0.744272 -0.008955
-24.046853 -30.828359 -3462.641704 -1488.133419 -0.262156 0.898156 0.352972 0.428411 -0.219430 0.876536 -0.864719 -0.381006 0.327255
-28.102992 -31.041184 -916.955268 -221.840801 -0.015514 0.765503 0.643245 0.470125 -0.562192 0.680384 -0.882463 -0.312961 0.351161
-24.272800 -28.417754 -2874.777278 132.001372 -0.092010 0.714440 0.693621 0.437153 -0.596878 0.672781 -0.894669 -0.365121 0.257400
-15.705031 -26.466710 -4674.318077 -2451.007621 -0.294638 0.860592 0.415414 0.378709 -0.293962 0.877591 -0.877364 -0.415893 0.239301
-21.173317 -29.020926 -2775.970717 -3415.429768 0.076420 0.338469 0.937869 -0.390029 0.875816 -0.284295 -0.917626 -0.344070 0.198943
-15.170583 -23.334943 -4369.117853 552.880538 -0.164748 0.691112 0.703720 0.410077 -0.600889 0.686127 -0.897048 -0.401618 0.184414
-35.965710 -1023.981557 5682.822977 -250985.515268 0.451212 0.793340 0.408681 -0.151660 -0.383120 0.911163 -0.879436 0.473108 0.052550
123.041002 -438.233102 -39269.550280 75046.283978 0.355294 0.655006 -0.666883 0.264774 0.613691 0.743826 -0.896471 0.440851 -0.044612
-173.977759 -1820.951605 -16584.835444 -492723.312831 0.474340 0.626122 0.618848 -0.196725 -0.609799 0.767753 -0.858080 0.485919 0.166078
-20.880372 -583.522381 5095.876999 -152768.196286 0.504685 0.837744 0.208515 0.227843 -0.362221 0.903816 -0.832695 0.408634 0.373681
3.837401 -152.502897 -6086.069251 -17763.711524 0.890686 0.368127 0.266760 0.415913 -0.422903 -0.805090 0.183561 -0.828031 0.529782
-4.772948 -179.331756 -8977.490802 -33873.081748 0.912943 0.318090 0.255643 0.396481 -0.543040 -0.740209 0.096629 -0.777127 0.621882
-11.574903 -152.129431 -3737.195939 -37937.368848 0.906752 0.383359 0.175602 0.415861 -0.744185 -0.522732 0.069714 -0.547015 0.834215
-26.625808 -229.196707 -8866.395385 -46671.970832 0.892727 0.373285 0.252383 0.436850 -0.579692 -0.687836 0.110455 -0.724304 0.680576
-35.205469 -237.031923 -8538.319062 -83343.543526 0.907636 0.389236 0.157141 0.419518 -0.828476 -0.370987 0.014214 -0.402644 0.915246
-21.362687 -106.356338 -2984.838266 -35262.914742 0.975088 0.221756 0.005339 0.210914 -0.919425 -0.331924 0.068697 -0.324781 0.943291
-22.968358 -57.533962 7947.667410 -18175.273455 0.985512 0.146106 -0.086132 0.104964 -0.924310 -0.366924 0.133223 -0.352567 0.926255
-22.157524 -70.508108 -882.999363 -20158.252455 0.853151 0.494322 0.166669 0.515656 -0.750781 -0.412827 0.078937 -0.438148 0.895430
-46.948531 -81.523180 -1323.733692 2862.168877 -0.352613 0.913831 -0.201437 0.919185 0.378591 0.108481 -0.175395 0.146906 0.973476
-53.964435 -77.820995 -135.392478 5630.895956 0.182282 -0.942472 0.280213 0.975288 0.209495 0.070183 -0.124848 0.260496 0.957369
46.568912 -55.924845 -6474.678431 -4928.888440 0.716197 -0.690034 -0.104470 0.374073 0.253182 0.892171 0.589178 0.678050 -0.439451
54.979786 -76.742953 -6662.730911 -11164.453503 0.754101 -0.656278 -0.025123 0.251763 0.253536 0.933989 0.606587 0.710646 -0.356418
4.363306 -21.810188 1024.930729 -264.083628 0.644610 -0.491639 0.585464 0.669533 0.732715 -0.121880 -0.369057 0.470553 0.801484
1.649193 -24.269543 1724.134074 -318.662309 0.529515 -0.613517 0.585842 0.744608 0.667014 0.025508 -0.406414 0.422716 0.810024
2.885245 -18.655190 -1910.355281 -421.257771 -0.404545 0.712662 -0.573111 0.796324 0.582654 0.162424 -0.449679 0.390675 0.803220
6.441858 -41.561928 7081.436164 -361.379522 0.117846 0.987799 -0.101806 0.439304 -0.143802 -0.886754 0.890575 -0.059776 0.450890
7.636726 -45.384220 5978.991177 -276.967872 0.098379 0.994797 -0.026454 0.364995 -0.060800 -0.929022 0.925797 -0.081741 0.369078
-9.052403 -46.357089 6033.822727 -1508.312538 0.123017 0.985763 -0.114623 0.289220 -0.146098 -0.946048 0.949325 -0.083229 0.303075
-14.568612 -45.579924 3585.462128 -2300.546501 0.163488 0.979574 -0.117074 0.261193 -0.157414 -0.952365 0.951341 -0.125121 0.281593
2.952158 -54.449195 -576.097811 -558.804388 0.374584 0.926834 -0.025811 0.282359 -0.140543 -0.948958 0.883154 -0.348176 0.314345
0.338918 -91.627020 186.151140 -4829.838038 -0.116605 0.940201 0.320040 0.645075 0.316712 -0.695393 0.755170 -0.125363 0.643430
-0.273079 -103.747116 312.262861 -8842.903126 -0.128753 0.926758 0.352906 0.471605 0.370272 -0.800305 0.872360 -0.063391 0.484737
1.862356 -98.667025 -421.703960 -8432.017219 -0.100501 0.933874 0.343189 0.626134 0.327431 -0.707633 0.773211 -0.143764 0.617638
-3.096147 -96.067174 985.087891 -6191.037624 -0.137621 0.936176 0.323474 0.494248 0.347923 -0.796661 0.858359 -0.050239 0.510585
1.570287 -84.574865 -521.948558 -2608.821577 -0.099638 0.942207 0.319873 0.764326 0.278304 -0.581681 0.637086 -0.186530 0.747882
1.795510 -83.667517 346.260067 2685.080869 -0.112562 0.950998 0.287979 0.772730 0.265981 -0.576318 0.624674 -0.157659 0.764805
-0.908238 -84.764042 1223.648715 -212.539514 -0.119876 0.954098 0.274455 0.651587 0.284187 -0.703329 0.749042 -0.094519 0.655746
681.374205 -49.952852 111650.274370 5803.721676 -0.251689 0.852146 -0.458802 -0.570002 0.252599 0.781851 -0.782144 -0.458302 -0.422149
655.312482 -49.042424 260207.854074 -4909.490177 0.526286 -0.606935 0.595528 0.521476 -0.322816 -0.789843 -0.671629 -0.726237 -0.146608
580.475383 -47.657160 -224454.110789 4354.561047 -0.533961 0.628756 -0.565289 -0.414712 0.387871 0.823147 -0.736818 -0.673960 -0.053645
1.898861 -40.028395 -3914.724018 2642.623543 0.552732 -0.242691 0.797238 0.344722 0.937557 0.046408 -0.758719 0.249174 0.601879
10.955678 -41.297765 -3497.742421 2385.656179 0.612431 -0.112008 0.782549 0.217580 0.975561 -0.030647 -0.759992 0.189036 0.621834
10.443410 -50.227831 -5497.410124 3550.740127 0.588043 -0.098882 0.802763 0.154414 0.987969 0.008583 -0.793953 0.118910 0.596237
2738.177535 -1.188347 3618301.829843 27891.800422 -0.511246 0.593862 -0.621254 0.799096 0.062391 -0.597957 -0.316343 -0.802144 -0.506450
1.783985 -39.006174 1898.981025 289.130578 -0.044357 0.997510 -0.054829 0.733061 -0.004787 -0.680146 0.678715 0.070362 0.731024
21.979836 -670.744421 -2927.002494 -48846.391639 -0.504748 0.478656 -0.718413 0.690000 0.723805 -0.002537 0.518776 -0.496986 -0.695612
-10.564541 -88.968678 -2763.053247 -1392.921469 -0.633927 0.480019 -0.606398 -0.178009 0.672464 0.718405 0.752629 0.563360 -0.340845
-6.715430 -87.090982 -4614.742392 -1537.010828 -0.612055 0.494431 -0.617193 -0.046125 0.756803 0.652014 0.789469 0.427536 -0.440399
1.874525 -88.344216 -4443.230751 -2588.170133 -0.602283 0.494105 -0.626989 0.039088 0.802734 0.595055 0.797325 0.333884 -0.502787
0.633122 -25.319890 2577.759883 1597.112659 -0.665412 0.220904 -0.713042 -0.087858 0.925395 0.368681 0.741288 0.307971 -0.596360
18.048397 -32.792979 -1362.113147 -1449.976878 -0.562302 0.100533 -0.820798 0.131300 0.990845 0.031412 0.816442 -0.090108 -0.570354
15.675065 -33.403235 -5628.633821 -148.745586 -0.467994 0.014459 -0.883613 0.050351 0.998678 -0.010326 0.882296 -0.049323 -0.468103
20.023892 -34.481419 -745.307878 -296.399632 -0.582992 0.106775 -0.805431 0.178080 0.984015 0.001551 0.792722 -0.142527 -0.592687
20.171855 -33.700267 -6907.371303 246.110147 -0.447884 0.007445 -0.894061 0.116322 0.991952 -0.050012 0.886493 -0.126398 -0.445145
16.708391 -126.967147 401.490677 3933.138562 0.119726 0.987621 0.101344 0.072995 0.093046 -0.992982 0.990120 -0.126284 0.060952
17.257594 -123.763406 169.281210 14392.862655 0.086012 0.994677 0.056733 -0.043378 0.060629 -0.997217 0.995349 -0.083312 -0.048361
12.354469 -46.420487 -5977.442128 2575.514507 -0.302618 0.875128 -0.377588 0.900064 0.132070 -0.415261 -0.313539 -0.465519 -0.827638
35.493281 -51.328890 -3013.880723 2013.609963 -0.296538 0.924913 -0.237910 0.900249 0.187567 -0.392901 -0.318775 -0.330688 -0.888273
18.012730 -46.698046 -1741.042470 2442.387054 -0.376379 0.899625 -0.221388 -0.791739 -0.188232 0.581135 -0.481131 -0.394009 -0.783115
-9.874723 -85.909818 -16625.673913 23242.638937 -0.060829 0.696270 -0.715198 0.973822 -0.115828 -0.195587 -0.219021 -0.708373 -0.670997
2.692294 -43.790395 -7920.309393 -3172.489190 -0.288379 0.835156 -0.468350 0.831580 -0.024032 -0.554885 -0.474671 -0.549488 -0.687569
70.967061 -81.671314 5075.979608 6570.581503 -0.073159 0.812494 0.578361 0.994797 0.018225 0.100232 0.070897 0.582684 -0.809600
54.509436 -63.901742 7539.956635 6190.078843 -0.144978 0.810410 0.567642 0.951513 -0.043115 0.304573 0.271303 0.584275 -0.764864
45.077019 -68.729000 11458.068620 9397.379492 0.009735 0.667454 0.744588 0.991319 -0.104079 0.080337 0.131117 0.737342 -0.662673
9.471926 -9.457756 -3872.834732 19.953130 0.509103 0.841250 0.181968 0.430999 -0.432172 0.792128 -0.745019 0.324847 0.582598
9.173072 -7.880138 -1537.527264 -1046.978306 0.479759 0.875660 0.055227 0.502562 -0.325849 0.800783 -0.719210 0.356428 0.596402
6.130011 -9.868049 -3765.943704 -200.677624 0.386042 0.922476 0.003244 0.557285 -0.236015 0.796072 -0.735122 0.305509 0.605194
11.720392 -6.086203 -342.450994 -162.337636 0.560476 0.814793 0.148253 0.424971 -0.436606 0.792953 -0.710821 0.381428 0.590971
6.988960 -12.799114 -1757.905834 -93.516965 0.358236 0.933628 -0.002514 0.558575 -0.212168 0.801859 -0.748105 0.288659 0.597507
7.889122 -14.209751 -1728.816347 166.664767 0.476881 0.862483 0.169437 0.435696 -0.399370 0.806643 -0.763383 0.310849 0.566232
9.477277 -9.543284 -2283.843584 1009.117005 0.575555 0.772048 0.269590 0.351706 -0.531319 0.770716 -0.738268 0.348773 0.577337
-14.754791 -21.705762 1284.191157 -2331.457539 -0.359780 0.828343 0.429425 -0.684671 0.078285 -0.724636 0.633865 0.554724 -0.538977
-17.714870 -22.466950 1174.468033 -1718.466360 -0.251652 0.836407 0.486924 -0.710603 0.181882 -0.679678 0.657050 0.517052 -0.548582
-10.697977 -18.297621 2106.991737 -1791.688701 -0.230941 0.767019 0.598622 -0.738095 0.262762 -0.621427 0.633942 0.585353 -0.505450
-17.162444 -28.837335 916.616264 -2116.013166 -0.474347 0.845548 0.245037 -0.643067 -0.142716 -0.752394 0.601215 0.514471 -0.611441
-14.648549 -28.390451 652.825584 -2329.504435 -0.506944 0.821905 0.259769 -0.633488 -0.150874 -0.758900 0.584552 0.549280 -0.597152
-12.228997 -23.942683 1074.545237 -2582.802385 -0.429067 0.809379 0.401007 -0.683877 -0.001057 -0.729596 0.590096 0.587285 -0.553970
-4.989832 -68.505661 -462.389444 159.809938 -0.110545 0.892066 0.438175 0.194502 -0.412935 0.889749 -0.974653 -0.183583 0.127861
-5.113367 -66.874157 -468.952970 -1238.752102 -0.115849 0.907229 0.404369 -0.058107 -0.412603 0.909056 -0.991566 -0.081816 -0.100516
-3.940083 -70.571546 -303.101657 -1479.041618 -0.129584 0.902663 0.410374 -0.041620 -0.418451 0.907285 -0.990695 -0.100490 -0.091794
-3.537225 -64.748127 -381.423434 -2620.814887 -0.125418 0.918105 0.375971 -0.290494 -0.396338 0.870936 -0.948622 -0.000014 -0.316412
-3.658132 -73.629059 12.822437 -1155.481845 -0.141134 0.896975 0.418947 -0.021766 -0.425892 0.904512 -0.989751 -0.118539 -0.079631
-4.167004 -72.582092 -335.050962 226.243721 -0.125989 0.886829 0.444590 0.219888 -0.412049 0.884231 -0.967355 -0.209163 0.143090
-2.857375 -67.909820 56.198374 -2804.984028 -0.134258 0.912076 0.387418 -0.276500 -0.409910 0.869207 -0.951589 -0.009577 -0.307223
-15.243724 -123.132960 -582.441863 -13458.154968 -0.268016 0.766413 0.583763 -0.015432 -0.609268 0.792814 -0.963291 -0.203478 -0.175121
-6.949025 -97.799923 294.538874 -11875.738605 -0.213673 0.832731 0.510786 -0.262302 -0.552566 0.791118 -0.941032 -0.035060 -0.336496
-7.558957 -103.605220 2105.769941 -10789.665550 -0.153971 0.867106 0.473730 -0.097473 -0.490438 0.866008 -0.983256 -0.087164 -0.160033
47.601506 -34.269560 11219.335061 362.789721 0.199090 0.918157 0.342566 0.710876 0.105307 -0.695389 0.674550 -0.381967 0.631730
17.620657 -37.128578 6838.251643 -1202.578722 0.076185 0.918899 0.387067 0.795348 0.178116 -0.579394 0.601347 -0.351993 0.717274
39.015699 -38.863702 11088.495843 -3717.872507 0.120657 0.943047 0.310006 0.714345 0.134365 -0.686773 0.689313 -0.304315 0.657449
-9.923393 -45.577108 -77.216892 1649.954499 0.071373 0.945721 0.317045 -0.745616 -0.160545 0.646747 -0.662542 0.282554 -0.693686
-9.081633 -44.028269 -712.823363 1263.586731 0.023656 0.958799 0.283098 -0.655198 -0.199014 0.728772 -0.755087 0.202725 -0.623495
8.166803 -36.404756 713.235445 2678.768386 -0.056930 0.987208 0.148930 0.521931 -0.097736 0.847370 -0.851086 -0.125972 0.509690
6.849262 -32.848568 793.691328 3357.084146 -0.073831 0.990350 0.117288 0.554900 -0.056926 0.829967 -0.828635 -0.126361 0.545342
5.456765 -27.979190 2028.800749 3546.477411 -0.070832 0.994447 0.077838 0.607082 -0.018940 0.794414 -0.791476 -0.103524 0.602369
-6.998661 -189.983070 -1061.977939 -1988.511389 0.829993 0.459699 0.315893 -0.552262 0.756717 0.349838 0.078221 0.464819 -0.881944
-4.335451 -221.174156 371.649219 -9241.264223 0.829740 0.450170 0.329968 -0.554809 0.729802 0.399470 0.060982 0.514526 -0.855304
-2.971099 -203.586603 176.947262 3136.192144 0.815760 0.474443 0.330818 -0.562795 0.519182 0.643204 -0.133408 0.710883 -0.690542
-6.995465 -209.748608 616.957598 -7753.256800 -0.848575 -0.429700 -0.308672 -0.465906 0.883357 0.051115 0.250703 0.187187 -0.949794
-5.221115 -199.319633 -2078.965436 1157.256441 0.797435 0.504952 0.330335 -0.591855 0.547950 0.591149 -0.117495 0.666914 -0.735813
-9.727438 -186.313042 2100.549594 -5405.464000 -0.848066 -0.423855 -0.318010 -0.448622 0.893706 0.005217 0.281996 0.147091 -0.948073
-10.699238 -183.684334 -4630.153886 -6939.399619 0.815846 0.495161 0.298681 -0.571001 0.771446 0.280764 0.091393 0.399608 -0.912119
150.993936 -42.869727 31419.925444 -10760.105295 0.873454 0.213903 0.437406 0.481124 -0.517205 -0.707827 -0.074823 -0.828701 0.554668
109.378797 -65.737036 32598.820965 -23389.177685 0.870711 0.395463 0.292354 0.479277 -0.549072 -0.684699 0.110250 -0.736294 0.667620
155.369466 -91.639489 33921.236394 -31867.802617 0.896088 0.209627 0.391258 0.442270 -0.496573 -0.746868 -0.037725 -0.842301 0.537685
108.026332 -32.723155 26567.522916 -7341.927948 0.860772 0.367085 0.352591 0.506866 -0.554973 -0.659615 0.046457 -0.746494 0.663768
154.474225 -24.633611 28134.927669 -3855.552251 0.862587 0.207446 0.461422 0.491823 -0.557575 -0.668745 -0.118548 -0.803789 0.582984
43.506723 -1055.089019 -14480.554471 110064.837971 -0.586737 -0.579540 -0.565574 -0.562841 0.794005 -0.229709 0.582193 0.183550 -0.792061
50.819832 -1159.173028 1677.637184 -343829.733006 -0.740994 -0.499329 -0.448997 -0.243111 0.822759 -0.513775 0.625959 -0.271548 -0.731052
53.407134 -461.263410 3963.424918 -85329.468838 0.718785 0.496150 0.487014 0.205090 0.518013 -0.830422 0.664294 -0.696777 -0.270584
-4.605500 -61.297146 -635.006131 -2005.255486 -0.115583 0.924701 0.362725 -0.295630 -0.380648 0.876191 -0.948285 0.005960 -0.317365
-26.519860 -32.085977 -1279.255602 -65.494731 -0.131838 0.882279 0.451887 0.525993 -0.324131 0.786302 -0.840209 -0.341353 0.421340
-28.701864 -88.649178 6592.101513 -5801.364293 0.523901 0.848331 0.076569 -0.014746 -0.080846 0.996618 -0.851652 0.523258 0.029846
-44.461402 -529.589498 23523.864372 167971.334604 0.095899 -0.196385 0.975826 0.506792 0.853400 0.121942 -0.856718 0.482847 0.181366
-10.286154 -196.017862 -7735.435231 28.530677 0.910910 0.330935 0.246425 0.338661 -0.258504 -0.904701 0.235696 -0.907556 0.347549
-23.502761 -81.465412 -7114.680549 2547.169716 -0.378254 0.924083 -0.054722 0.919540 0.381888 0.092780 -0.106634 0.015224 0.994182
-55.726341 -76.213002 -250.975445 -434.869941 0.266122 0.851776 -0.451283 0.763843 0.099228 0.637728 -0.587982 0.514423 0.624216
-54.221402 -77.360568 142.378667 -1920.014349 0.117537 0.899327 -0.421185 0.859930 0.119960 0.496115 -0.496694 0.420502 0.759258
-54.297718 -76.414270 546.441022 -1531.048608 -0.296180 -0.846789 0.441844 0.829603 0.001172 0.558352 -0.473324 0.531928 0.702152
-54.521555 -76.528107 293.918367 -107.352950 -0.410801 -0.771356 0.486059 0.740001 0.029329 0.671967 -0.532581 0.635728 0.558755
-53.112479 -76.938762 415.389632 -1302.904130 -0.450019 -0.764539 0.461479 0.792885 -0.104314 0.600376 -0.410872 0.636081 0.653135
5.249270 -17.113456 -559.525694 935.336802 0.818936 -0.189343 0.541750 -0.435481 -0.819851 0.371755 -0.373765 0.540365 0.753860
-1.044859 -13.284699 -1744.466375 1491.099842 0.844193 -0.113225 0.523945 -0.350990 -0.855521 0.380644 -0.405148 0.505237 0.761965
118.950909 -40.798441 -23921.057982 -2219.957304 0.707727 -0.398165 0.583598 0.689002 0.571632 -0.445549 0.156201 -0.717427 -0.678896
0.515835 -59.337120 948.285961 542.652361 0.309010 0.944357 -0.112706 -0.193918 -0.053454 -0.979560 0.931079 -0.324550 -0.166610
3.686488 -104.401303 986.355485 -3947.146461 -0.130632 0.933322 0.334432 0.393856 0.358416 -0.846413 0.909842 -0.021149 0.414415
1.153562 -105.489138 1301.275806 -1968.473746 -0.154458 0.923786 0.350373 0.207961 0.377082 -0.902530 0.965865 0.066539 0.250355
-3.873778 -103.491438 876.526606 -5886.141305 -0.139197 0.922466 0.360113 0.276481 0.385395 -0.880357 0.950885 0.022979 0.308690
892.841709 -34.625053 827366.078139 2618.124523 -0.175553 0.924624 -0.338012 -0.617780 0.163859 0.769089 -0.766504 -0.343833 -0.542448
479.792336 -37.057373 446663.505764 -5099.273241 -0.093060 0.952624 -0.289562 -0.628695 0.169292 0.759001 -0.772064 -0.252679 -0.583156
-15.209007 -48.730571 -4632.386231 4881.292941 0.503597 -0.404473 0.763408 0.486222 0.863101 0.136547 -0.714128 0.302421 0.631319
-28.763254 -57.424221 -5192.098100 5556.565860 0.571990 -0.364850 0.734651 0.436769 0.893575 0.103713 -0.694306 0.261550 0.670471
-35.265727 -70.517506 -5181.164416 6923.965539 0.646826 -0.203610 0.734955 0.246332 0.967825 0.051329 -0.721759 0.147842 0.676170
765.609290 -27.600105 -661345.976780 10690.531282 -0.490507 -0.549027 -0.676737 0.815638 -0.015825 -0.578346 0.306818 -0.835655 0.455570
-1.761721 -40.893122 2240.724481 419.752853 0.001099 0.995105 -0.098820 0.787883 -0.061718 -0.612724 0.615824 0.077185 0.784094
-7.627122 -41.091614 1319.048003 1096.020811 0.082709 0.988630 -0.125579 0.742517 -0.145180 -0.653905 0.664702 0.039161 0.746082
-4.134532 -161.205323 3770.486925 10301.085770 -0.687405 0.223640 -0.690984 0.449380 0.878389 -0.162758 0.570554 -0.422395 -0.704309
-8.662739 -134.919677 4824.644873 1490.478538 -0.696120 0.251678 -0.672365 0.275246 0.958535 0.073826 0.663066 -0.133674 -0.736529
-6.845068 -141.749993 2687.941903 3297.885814 -0.671806 0.222119 -0.706640 0.414570 0.903322 -0.110191 0.613848 -0.366979 -0.698940
-5.337144 -142.048154 -146.644135 3202.010844 -0.667825 0.216703 -0.712074 0.312677 0.949850 -0.004182 0.675458 -0.225442 -0.702092
-8.129443 -168.291200 -2857.378950 16906.933217 0.686600 -0.201263 0.698623 0.540131 0.784424 -0.304854 0.486661 -0.586661 -0.647294
-2.124856 -183.244598 386.172878 12390.986277 -0.682509 0.207219 -0.700887 0.501981 0.829907 -0.243454 0.531222 -0.517991 -0.670439
-1.112210 -256.045989 -4424.108972 43858.893630 0.687818 -0.212252 0.694158 0.601411 0.702115 -0.381234 0.406461 -0.679694 -0.610578
41.958835 -102.499403 3955.563438 7904.459344 0.936413 0.136262 0.323362 -0.210240 0.955676 0.206114 -0.280944 -0.260992 0.923555
72.318137 -108.883165 -3116.303249 5384.856767 0.918076 0.047219 0.393583 0.240382 -0.855812 -0.458042 -0.315205 -0.515127 0.797051
47.525980 -114.582230 -1004.261095 9880.561810 0.898468 -0.079732 0.431738 -0.048373 0.959406 0.277848 -0.436366 -0.270523 0.858139
65.624268 -971.723478 15102.626165 -296613.919420 -0.407246 0.843068 -0.351264 -0.221350 -0.464244 -0.857603 0.886090 0.271503 -0.375674
82.402174 -1788.929150 17255.120418 -675719.482138 -0.472134 0.742919 -0.474511 -0.577801 -0.667334 -0.469906 0.665760 -0.052315 -0.744330
12.835953 -464.154584 5831.336510 -107688.251641 -0.459848 0.735156 -0.498081 -0.260828 -0.647984 -0.715602 0.848828 0.199155 -0.489724
