15893
31775
-37.876308 -58.683458 -362.826007 -3187.797349 0.143391 0.768462 0.623623 0.727501 0.345360 -0.592848 0.670955 -0.538695 0.509535
-36.046520 -59.729471 1390.097334 -7780.790430 -0.170616 0.664411 0.727632 0.785375 0.537653 -0.306782 0.595043 -0.519122 0.613544
-34.525171 -51.572261 -266.677169 -2565.408823 0.266688 0.806891 0.527071 0.761392 0.158904 -0.628516 0.590898 -0.568926 0.571982
-29.392889 -42.863344 -914.209610 -3867.763066 -0.281604 -0.831220 -0.479346 0.818496 0.052623 -0.572097 0.500763 -0.553448 0.665531
-37.348487 -55.870132 -773.888913 -2454.757778 0.349591 0.774392 0.527354 0.675017 0.182154 -0.714963 0.649721 -0.605918 0.459049
-30.063159 -46.512743 -476.069715 -2209.062905 -0.519023 -0.776703 -0.356859 0.662193 -0.101386 -0.742443 0.540477 -0.621654 0.566949
74.352937 -96.005259 3902.194445 9613.204659 0.576632 -0.541035 -0.612190 -0.464100 0.399763 -0.790443 -0.672388 -0.739913 0.020578
74.799111 -91.800920 -3992.871607 -1003.585487 0.485484 -0.669262 -0.562489 0.627324 -0.181441 0.757327 -0.608908 -0.720533 0.331758
73.261416 -101.984015 6559.872659 1787.041941 0.641713 -0.405031 -0.651271 0.670643 -0.115631 0.732712 -0.372079 -0.906962 0.197429
64.806126 -80.429285 10995.315478 10977.388055 0.685440 -0.383941 -0.618677 -0.375012 0.542169 -0.751943 -0.624129 -0.747423 -0.227642
70.263897 -78.071018 -3012.202843 -9338.988514 -0.549155 0.592227 0.589658 0.285534 -0.530151 0.798380 -0.785430 -0.606801 -0.122034
64.612682 -94.980513 10855.519571 9398.661423 0.702208 -0.293091 -0.648846 -0.534176 0.385623 -0.752297 -0.470701 -0.874867 -0.114226
-29.173640 -60.450789 1751.197480 147.090229 0.245723 0.883251 0.399359 0.253874 -0.456250 0.852868 -0.935504 0.108183 0.336345
-30.765385 -59.297540 -64.668546 -776.624266 0.161514 0.901303 0.401953 0.165024 -0.426232 0.889434 -0.972975 0.077325 0.217579
-32.328780 -60.657531 713.275419 -408.256880 0.142600 0.886192 0.440827 0.300705 -0.463116 0.833727 -0.942996 -0.013669 0.332523
-32.898012 -60.629653 -22.365930 -1749.116000 0.074053 0.904099 0.420858 0.139061 -0.427256 0.893373 -0.987511 0.007632 0.157365
-34.820296 -62.612907 1069.732480 -1490.178678 0.064635 0.871749 0.485671 0.275222 -0.483385 0.831018 -0.959206 -0.079955 0.271167
-11.688172 -33.897681 -2315.629867 218.263205 0.352514 0.833737 0.424991 0.784791 -0.510759 0.351040 -0.509743 -0.209783 0.834358
-14.159830 -35.243033 -2000.702374 560.375097 0.358662 0.829589 0.427953 0.732501 -0.534305 0.421853 -0.578622 -0.162174 0.799310
-5.119435 -35.169895 -3791.564967 155.947224 0.277653 0.857551 0.433030 0.774847 -0.466367 0.426748 -0.567909 -0.217044 0.793959
-16.223778 -34.533049 -51.217195 278.574051 0.369848 0.856143 0.360875 0.773082 -0.499018 0.391569 -0.515322 -0.134165 0.846430
1.304183 -84.043882 -3253.576362 17987.057326 0.352037 -0.130423 0.926855 0.756255 -0.543832 -0.363765 0.551497 0.828997 -0.092815
20.181438 -57.042027 -7957.853536 7209.846631 0.289854 -0.078478 0.953848 0.744362 -0.607972 -0.276217 0.601590 0.790071 -0.117807
17.791553 -104.228184 -6562.450113 23256.926040 0.328854 -0.126478 0.935873 0.788712 -0.508264 -0.345833 0.519411 0.851863 -0.067390
-0.805329 -150.971672 -3069.393279 30968.117612 0.355506 -0.150033 0.922554 0.851551 -0.354920 -0.385865 0.385325 0.922780 0.001585
22.428608 -35.702922 2631.692054 914.887201 0.204559 0.884891 0.418477 0.743221 0.137807 -0.654700 0.637007 -0.444945 0.629480
15.376997 -35.014088 4063.996286 838.723959 0.102733 0.895573 0.432891 0.774848 0.200843 -0.599394 0.623744 -0.397002 0.673300
20.154930 -30.293944 3932.779493 2139.912954 0.072032 0.883205 0.463422 0.697849 0.287336 -0.656084 0.712614 -0.370657 0.595646
29.520733 -31.672339 1450.655741 2732.620408 0.204133 0.869100 0.450550 0.654380 0.221163 -0.723100 0.728091 -0.442440 0.523575
26.928122 -37.995510 -713.627862 1309.838204 0.309789 0.849529 0.427002 0.715122 0.087783 -0.693466 0.626603 -0.520186 0.580323
17.564993 -42.947267 -1668.917717 1225.001557 0.342590 0.849028 0.402223 0.761138 0.000140 -0.648590 0.550727 -0.528347 0.646180
-6.445530 -56.099180 750.348186 3110.604883 0.584602 0.734903 0.343742 0.751337 -0.330509 -0.571188 -0.306158 0.592184 -0.745376
-7.001756 -52.719133 388.204753 2440.155364 0.579902 0.741164 0.338215 0.780434 -0.386276 -0.491644 -0.233745 0.549060 -0.802432
-4.599145 -55.104175 -158.840367 2127.813972 0.604044 0.735752 0.306268 0.733845 -0.363624 -0.573802 -0.310809 0.571355 -0.759573
-5.003318 -54.512794 476.388039 2239.566313 0.565836 0.739616 0.364414 0.777030 -0.330511 -0.535711 -0.275778 0.586285 -0.761719
-4.829414 -54.665894 738.237159 175.465834 0.568367 0.738237 0.363271 0.716556 -0.227144 -0.659510 -0.404360 0.635147 -0.658089
-0.384055 -57.834666 1092.209020 -82.302272 0.595494 0.795745 0.110347 0.591350 -0.527160 0.610253 -0.543776 0.298149 0.784484
-2.852654 -55.147010 866.142034 314.599387 0.603616 0.787906 0.121868 0.544364 -0.518974 0.659040 -0.582508 0.331466 0.742169
-2.450836 -54.833213 445.798523 -115.339589 0.581540 0.806204 0.108840 0.641688 -0.536821 0.547777 -0.500048 0.248713 0.829514
-1.543699 -57.311017 575.804666 614.961226 0.609572 0.780202 0.140382 0.465132 -0.495411 0.733634 -0.641930 0.381907 0.664886
-1.592385 -56.145141 831.096165 -717.785062 0.583761 0.804858 0.106891 0.688554 -0.560515 0.460128 -0.430252 0.195004 0.881395
0.998633 -57.941733 1076.590506 -1141.607046 0.584280 0.804451 0.107120 0.682679 -0.558570 0.471116 -0.438824 0.202135 0.875543
2.714696 -56.811858 860.512101 -1100.778486 0.589545 0.799103 0.117777 0.616612 -0.539425 0.573420 -0.521753 0.265435 0.810752
0.524678 -58.603150 949.768837 1017.819071 0.604526 0.784765 0.136718 0.482709 -0.497419 0.720809 -0.633672 0.369753 0.679516
2.713773 -57.845203 1218.797312 964.813631 0.602888 0.787710 0.126643 0.533526 -0.516076 0.670086 -0.593192 0.336419 0.731400
6.858271 -64.114496 263.231542 2085.962230 0.183002 0.908718 0.375157 0.886785 0.012157 -0.462021 0.424408 -0.417234 0.803613
7.726169 -76.486738 -451.816153 5191.724018 -0.182231 -0.920496 -0.345657 0.949798 -0.073870 -0.304017 0.254313 -0.383706 0.887747
6.822800 -65.454645 -794.294980 5732.760233 -0.202710 -0.926018 -0.318433 0.908469 -0.056464 -0.414120 0.365502 -0.373233 0.852705
7.776176 -69.932025 -225.171978 2024.049457 -0.188116 -0.905133 -0.381243 0.935597 -0.047061 -0.349920 0.298782 -0.422515 0.855693
5.783044 -52.948601 -552.903931 4637.675795 0.195855 0.912610 0.358864 0.842915 0.030340 -0.537190 0.501133 -0.407704 0.763311
8.664037 -64.255363 787.728026 -1650.188602 0.184411 0.899281 0.396593 0.876373 0.032216 -0.480554 0.444929 -0.436183 0.782165
7.325207 -66.820034 1169.258293 -3157.019663 0.129796 0.891740 0.433534 0.816252 0.152134 -0.557304 0.562926 -0.426209 0.708139
4.504209 -57.341479 -300.218446 -1601.584516 0.153120 0.896874 0.414936 0.831306 0.110122 -0.544796 0.534307 -0.428358 0.728715
-0.579183 -108.748257 849.530974 -5364.938664 0.302076 0.938979 0.164525 0.647501 -0.075435 -0.758322 0.699638 -0.335601 0.630777
-1.290285 -114.030205 1709.338240 -689.370573 0.271386 0.944717 0.184007 0.450630 0.044214 -0.891615 0.850460 -0.324891 0.413719
0.244019 -117.218152 275.722249 -1263.825923 0.302743 0.933976 0.189829 0.432992 0.042650 -0.900388 0.849038 -0.354780 0.391492
0.060386 -112.089027 598.044993 -2822.525678 0.313316 0.936779 0.155815 0.592636 -0.064672 -0.802870 0.742035 -0.343893 0.575432
-0.450230 -99.534627 -242.862894 -7285.022251 0.332361 0.930259 0.155420 0.750040 -0.160787 -0.641551 0.571819 -0.329798 0.751170
-1.378452 -93.983446 -45.044097 -8106.887923 0.338469 0.929305 0.147753 0.815427 -0.211310 -0.538913 0.469593 -0.302887 0.829302
-1.158170 -96.154021 296.977310 -6437.720700 0.309254 0.936865 0.163236 0.757850 -0.139099 -0.637428 0.574478 -0.320836 0.753020
-15.981273 -22.718089 -3077.778662 -323.217930 -0.069224 0.272125 0.959769 0.133815 0.955915 -0.261381 -0.988586 0.110338 -0.102586
-12.939832 -21.019602 -3022.959422 -796.950621 -0.094492 0.234505 0.967512 0.076156 0.970715 -0.227844 -0.992608 0.052153 -0.109583
-20.056170 -23.080074 -1344.699422 -1154.991281 0.021415 0.745101 0.666607 -0.093709 -0.662329 0.743330 -0.995369 0.078385 -0.055639
-21.216925 -25.011830 -1716.330158 1128.180936 0.047865 0.662052 0.747927 0.160192 0.734005 -0.659981 -0.985925 0.151402 -0.070922
-14.646113 -24.407708 -3174.231958 -371.735792 -0.073089 0.216270 0.973594 0.197124 0.960079 -0.198469 -0.977650 0.177413 -0.112804
45.159636 -10.700578 -4278.088247 -4.676805 0.045611 0.908619 0.415128 0.302999 0.383400 -0.872465 0.951899 -0.165577 0.257823
33.982005 -13.024484 -9887.477195 430.108436 0.168365 0.871346 0.460879 0.302546 0.399306 -0.865460 0.938147 -0.285150 0.196393
31.920337 -12.590745 -9826.063730 2109.277541 0.204331 0.886791 0.414550 0.314597 0.341531 -0.885656 0.926972 -0.311383 0.209196
47.019410 -8.145277 -4687.045009 836.697771 0.080444 0.943186 0.322379 0.342544 0.277569 -0.897563 0.936051 -0.182632 0.300755
44.630674 -13.149568 -11956.565781 2283.181053 0.229547 0.914688 0.332646 0.338408 0.245443 -0.908426 0.912572 -0.321097 0.253197
108.376178 -90.817114 -7412.023554 8377.451298 0.327907 0.612528 -0.719226 -0.507668 0.756303 0.412650 0.796712 0.229817 0.558958
80.913348 -84.896454 -8440.734558 693.028143 0.449421 0.721923 -0.526163 0.406649 -0.689763 -0.599053 0.795398 -0.055263 0.603563
131.551633 -83.730428 -16879.992551 -10447.936195 0.471103 0.716332 -0.514713 0.618914 -0.684210 -0.385748 0.628496 0.136836 0.765682
-1.983964 -99.170899 -2656.967805 -3560.847066 -0.277924 0.011673 -0.960532 0.874472 -0.410765 -0.258015 -0.397564 -0.911667 0.103954
-0.435844 -92.414964 -2363.884417 -2729.914803 -0.294194 0.032485 -0.955193 0.736590 -0.629127 -0.248261 -0.609003 -0.776623 0.161157
-5.059003 -91.213411 -2132.340861 -2493.094636 -0.285049 0.035945 -0.957839 0.757512 -0.603843 -0.248092 -0.587302 -0.796293 0.144896
-1.668919 -144.957344 385.413888 -14542.286696 -0.359673 0.430470 -0.827847 -0.249355 0.810610 0.529843 0.899142 0.396999 -0.184215
-3.638879 -115.321393 326.518895 -7681.953676 -0.363295 0.421736 -0.830756 -0.035875 0.884687 0.464803 0.930983 0.198664 -0.306273
-2.018985 -116.619698 723.372386 -8992.881515 -0.374318 0.433170 -0.819909 -0.007224 0.882800 0.469694 0.927272 0.181738 -0.327318
1.619145 -137.136733 1598.195263 -11800.951590 -0.375926 0.427458 -0.822167 -0.202872 0.827757 0.523126 0.904169 0.363452 -0.224456
0.530505 -159.526673 1404.947987 -13868.631147 -0.359532 0.409879 -0.838294 -0.441681 0.716605 0.539811 0.821982 0.564337 -0.076606
-2.705053 -190.224151 724.054637 -23647.916876 -0.360743 0.416136 -0.834683 -0.513494 0.658474 0.550214 0.778581 0.627091 -0.023857
-24.682052 -35.939161 -300.101544 -1118.489368 -0.161986 0.794123 -0.585772 -0.370754 0.501143 0.781919 -0.914495 -0.343837 -0.213247
-25.478883 -34.805366 681.100884 -1279.660768 0.033530 -0.581425 0.812909 -0.497056 0.695941 0.518267 -0.867070 -0.421439 -0.265666
-21.614322 -37.892153 1325.187961 -57.848853 0.161183 -0.634710 0.755754 -0.388663 0.663063 0.639756 -0.907172 -0.396852 -0.139814
-20.942956 -36.628048 -276.189078 913.920229 -0.202575 0.819035 -0.536792 -0.237365 0.490742 0.838350 -0.950064 -0.297245 -0.094998
-18.033087 -36.595961 -1511.753142 1688.328598 -0.217933 0.697247 -0.682900 -0.228352 0.643867 0.730267 -0.948873 -0.315091 -0.018898
2.097971 -249.056683 -1077.927107 -22248.586904 0.505224 -0.378555 0.775529 0.153408 0.923738 0.350961 -0.849243 -0.058342 0.524768
4.552749 -341.027626 106.753875 -58008.418435 0.487523 -0.446734 0.750166 0.488772 0.851585 0.189485 -0.723480 0.274282 0.633519
2.221537 -242.816848 -77.593920 -24229.261437 0.511307 -0.395172 0.763154 0.181195 0.917619 0.353757 -0.840080 -0.042599 0.540788
1.471539 -215.526948 -1000.540372 -6040.860919 0.516492 -0.355752 0.778894 -0.140575 0.862045 0.486947 -0.844674 -0.360997 0.395230
1.967989 -203.805088 75.511761 1964.683868 0.521634 -0.356637 0.775054 -0.081174 0.883574 0.461203 -0.849299 -0.303493 0.431952
0.863657 -217.027842 231.646700 -15494.595886 0.519816 -0.400714 0.754466 0.159752 0.913179 0.374944 -0.839208 -0.074374 0.538700
-12.968964 -92.077996 -3191.405345 -4388.557077 0.604939 -0.137021 0.784394 0.546740 -0.644692 -0.534273 -0.578899 -0.752062 0.315084
-6.268760 -109.378859 -2358.353248 -5102.912124 0.641461 -0.178038 0.746211 0.568402 -0.542956 -0.618156 -0.515215 -0.820671 0.247088
-14.942719 -96.911312 -2985.471159 -3888.033607 0.664550 -0.192751 0.721955 0.605163 -0.427943 -0.671299 -0.438349 -0.883013 0.167743
-3.207086 -84.530888 1817.864621 1775.471227 0.295466 -0.048093 0.954142 -0.604858 0.763652 0.225796 -0.739491 -0.643835 0.196543
0.924519 -85.186981 2083.774749 2595.679768 0.305580 -0.045508 0.951078 -0.583013 0.780778 0.224680 -0.752806 -0.623149 0.212058
-0.780378 -77.776145 1568.999098 3138.630385 0.306867 -0.061582 0.949758 -0.408977 0.892543 0.190013 -0.859401 -0.446738 0.248707
-5.677335 -78.498571 1302.970770 2208.442421 0.296846 -0.070773 0.952299 -0.460304 0.863139 0.207630 -0.836662 -0.499981 0.223642
-19.920531 -36.926330 541.367610 -607.175880 0.511762 0.298491 0.805608 0.273774 0.832159 -0.482243 -0.814339 0.467348 0.344148
-19.102782 -34.465868 147.119924 -793.298781 0.503675 0.406154 0.762463 0.127193 0.838107 -0.530471 -0.854478 0.364165 0.370474
-20.309865 -36.949367 130.623268 -589.305660 0.553041 0.322794 0.768082 0.186882 0.850344 -0.491926 -0.811924 0.415596 0.409950
-20.621186 -39.267377 103.476564 -737.572678 0.535605 0.233901 0.811430 0.338188 0.821047 -0.459902 -0.773794 0.520741 0.360654
-0.045481 -35.626668 1574.033155 -1328.465553 0.475020 0.879923 0.009575 0.866065 -0.465557 -0.182176 0.155843 -0.094830 0.983219
-2.432361 -37.973048 482.638992 -4080.293013 0.497196 0.867219 0.026971 0.858853 -0.487512 -0.157174 0.123155 -0.101310 0.987203
-1.847393 -36.029158 1421.535201 -659.405666 0.488754 0.872402 0.005823 0.841950 -0.469924 -0.265126 0.228560 -0.134484 0.964196
6.281094 -82.625791 -2704.324032 1913.987644 0.119572 0.935465 0.332578 -0.838217 -0.084401 0.538766 -0.532067 0.343193 -0.774031
12.228334 -81.324110 -3133.230681 3683.980074 0.089812 0.921553 0.377723 -0.779803 -0.170855 0.602259 -0.619549 0.348640 -0.703285
3.670551 -75.280745 -2210.513913 2611.599573 0.104190 0.931875 0.347496 -0.689840 -0.183974 0.700196 -0.716426 0.312670 -0.623676
-46.417869 -88.715794 7413.633847 -19063.876354 0.045463 -0.174714 0.983569 0.965466 -0.245155 -0.088174 0.256532 0.953611 0.157535
25.598072 -292.563734 -15147.401909 -74402.205946 -0.361689 -0.030675 0.931794 0.842427 -0.438894 0.312551 0.399371 0.898015 0.184584
-209.421883 -6888.237141 -144.415033 2080613.243178 0.926313 -0.373648 -0.048295 0.005231 -0.115419 0.993303 0.376719 0.920362 0.104959
-73.883979 -240.721480 -17504.364258 61281.256366 0.974700 -0.220994 -0.033483 0.002607 -0.138551 0.990352 0.223501 0.965383 0.134469
23.166544 -122.223368 -3278.089061 -15328.618441 0.759651 0.621355 0.191959 0.477361 -0.332303 -0.813450 0.441653 -0.709572 0.549045
16.505352 -118.867261 -816.525590 -13837.954432 0.781891 0.595250 0.185267 0.445567 -0.325735 -0.833887 0.436023 -0.734557 0.519913
19.527393 -88.986225 -1897.100932 -7058.071511 0.752793 0.612916 0.240076 0.576020 -0.436850 -0.690915 0.318595 -0.658404 0.681910
21.227152 -79.450875 -3189.666922 -7150.342984 0.725983 0.645446 0.237379 0.629762 -0.485264 -0.606563 0.276312 -0.589846 0.758771
24.018919 -104.155131 -3667.055042 -13038.167364 0.736768 0.636852 0.227140 0.567848 -0.400441 -0.719163 0.367044 -0.658838 0.656667
-3.697391 -50.824232 -3079.748147 -4143.026054 0.124886 0.791121 0.598775 0.934681 -0.296256 0.196477 0.332828 0.535127 -0.776444
-2.366812 -67.218591 -5565.076816 2668.045454 0.044420 0.834076 0.549858 -0.850663 0.320181 -0.416961 0.523832 0.449222 -0.723740
-0.147860 -52.225419 -2302.631530 -4000.886503 -0.015419 0.831649 0.555088 0.904296 -0.225273 0.362630 0.426627 0.507555 -0.748584
-1.118435 -38.773256 -2462.697198 -3158.924474 0.177280 0.782244 0.597215 0.939722 -0.314835 0.133426 0.292396 0.537562 -0.790906
-2.050231 -37.575797 -3641.553845 -4886.818929 0.317976 0.728462 0.606823 0.926917 -0.373392 -0.037466 0.199290 0.574388 -0.793953
-9.886572 -45.904723 -1541.530477 -6517.807187 0.222909 0.718837 0.658472 0.949279 -0.313725 0.021131 0.221769 0.620363 -0.752309
-32.413911 -45.521663 820.536329 -149.156806 0.971906 -0.196635 -0.129355 0.110846 0.867218 -0.485434 -0.207632 -0.457458 -0.864651
-33.755739 -48.076643 1539.201091 747.934075 0.958026 -0.210877 -0.194208 0.072432 0.833506 -0.547743 -0.277380 -0.510685 -0.813794
-37.358279 -47.798324 1536.226599 -926.810030 0.955302 -0.109955 -0.274422 -0.007987 0.918321 -0.395757 -0.295523 -0.380259 -0.876395
23.845734 -35.877769 -7081.308612 -265.915594 -0.477877 0.876624 0.056252 -0.504511 -0.326320 0.799365 -0.719098 -0.353618 -0.598207
5.399573 -24.404031 -5103.753524 2307.599259 -0.389969 0.909895 -0.141477 -0.607135 -0.138552 0.782426 -0.692323 -0.391018 -0.606460
20.842864 -35.256085 -7049.436544 1789.567677 -0.371672 0.913833 -0.163612 -0.667673 -0.140669 0.731044 -0.645037 -0.380948 -0.662424
26.221122 -45.448083 -465.007037 -4657.060373 0.772525 0.548898 -0.319242 -0.335246 -0.074408 -0.939188 0.539273 -0.832571 -0.126533
23.753979 -60.091828 -1605.045420 -8090.520651 0.777512 0.561811 -0.282566 -0.359389 0.028235 -0.932761 0.516057 -0.826784 -0.223862
17.477496 -60.618724 -1745.575459 -5718.057973 0.837634 0.493439 -0.234283 -0.289266 0.036880 -0.956538 0.463352 -0.868998 -0.173627
25.317507 -43.822339 -2062.213301 -2765.455631 0.789776 0.493511 -0.364281 -0.333168 -0.153509 -0.930287 0.515027 -0.856085 -0.043184
-3.885191 -31.527555 3820.893961 56.168821 0.681551 0.555069 -0.476851 0.580726 -0.013775 0.813982 -0.445247 0.831690 0.331732
10.219588 -29.756304 4824.405384 423.713882 0.771829 0.539598 -0.336325 0.471263 -0.130389 0.872302 -0.426840 0.831765 0.354930
0.250891 -29.892046 4202.359226 630.920501 0.715074 0.542612 -0.440727 0.515137 0.017165 0.856936 -0.472549 0.839808 0.267246
14.217756 -28.220352 3560.530032 73.805501 0.772560 0.567782 -0.284210 0.398200 -0.084608 0.913389 -0.494559 0.818819 0.291455
-9.032784 -31.828054 -3576.167558 2035.418504 -0.610418 -0.534899 0.584186 0.633651 0.112767 0.765357 -0.475265 0.837357 0.270104
-6.743863 -34.527105 4764.793848 1479.495491 0.687151 0.510259 -0.517164 0.525063 0.143195 0.838930 -0.502127 0.848016 0.169522
4.832472 -30.950456 3660.768244 -286.840073 0.750872 0.561877 -0.347110 0.402127 0.027968 0.915157 -0.523913 0.826748 0.204945
-6.686277 -45.763678 639.466918 1739.626283 0.388275 0.915116 0.108654 -0.597912 0.339880 -0.725936 0.701244 -0.216897 -0.679126
-6.789141 -47.842694 -175.730739 1495.794962 0.371443 0.924289 0.087869 -0.611185 0.314658 -0.726253 0.698916 -0.216057 -0.681789
-7.384188 -50.250971 -297.963351 -803.596571 0.379268 0.923342 0.059964 -0.466412 0.246747 -0.849456 0.799134 -0.294204 -0.524241
-6.023580 -44.341626 -222.552117 4768.239130 0.412840 0.903094 0.118257 -0.689607 0.394749 -0.607137 0.594984 -0.169099 -0.785748
-5.684203 -44.431186 -166.001502 6472.135059 0.457531 0.877128 0.145989 -0.663492 0.446068 -0.600668 0.591983 -0.177962 -0.786057
1.043661 -53.004403 588.822387 417.739473 0.479632 0.864975 -0.147550 0.789450 -0.351970 0.502878 -0.383044 0.357680 0.851671
-0.120063 -52.004390 335.249843 -736.411408 0.494112 0.858658 -0.136232 0.746211 -0.338454 0.573252 -0.446119 0.384909 0.807975
-0.717629 -54.170837 379.925629 262.011504 0.483754 0.863542 -0.142401 0.806994 -0.377134 0.454456 -0.338737 0.334762 0.879313
-1.772434 -54.458449 -496.783597 310.174401 -0.496387 -0.857004 0.138361 0.801374 -0.391094 0.452599 -0.333767 0.335543 0.880915
-5.827108 -96.962625 -2274.922454 -1022.964385 0.310606 0.948328 0.064796 -0.305732 0.164217 -0.937849 0.900029 -0.271491 -0.340940
-5.544768 -92.857409 -1851.785851 -4740.694542 0.309413 0.949270 0.056125 -0.168164 0.112713 -0.979294 0.935940 -0.293568 -0.194508
-2.211266 -88.041379 -1510.454805 3080.855543 0.320639 0.941971 0.099399 -0.463891 0.247659 -0.850570 0.825830 -0.226616 -0.516382
-3.352065 -95.893501 -614.783708 8665.668625 0.289610 0.951021 0.108102 -0.545862 0.256883 -0.797525 0.786232 -0.171962 -0.593521
-8.934471 -85.920860 -950.583489 -3549.670162 0.483011 0.874907 0.035176 0.858330 -0.481037 0.178530 -0.173118 0.056039 0.983306
-11.982624 -80.287165 -841.289888 -3122.722954 0.509372 0.860394 0.016219 0.817271 -0.489572 0.303952 -0.269459 0.141569 0.952549
-10.503387 -80.146451 -1390.544415 -2739.270052 0.473338 0.879930 0.040920 0.804974 -0.450947 0.385569 -0.357727 0.149565 0.921771
-7.770175 -84.454184 -879.914762 -2308.505917 0.459304 0.886893 0.049607 0.839387 -0.451618 0.302442 -0.290637 0.097274 0.951876
6.853804 -74.691690 -683.729285 1515.047804 0.404348 0.912681 0.059302 0.711611 -0.273210 -0.647276 0.574554 -0.303925 0.759946
7.392702 -76.189464 -977.679119 3476.775807 0.389068 0.919204 0.060747 0.777275 -0.292170 -0.557207 0.494438 -0.264008 0.828149
8.104542 -71.609745 -617.856371 220.617585 0.389635 0.919719 0.047973 0.690930 -0.257474 -0.675517 0.608934 -0.296351 0.735782
4.622649 -83.397179 -969.110501 3194.636160 0.410075 0.909639 0.066300 0.816340 -0.333653 -0.471450 0.406728 -0.247453 0.879397
6.735985 -104.171389 1404.413159 -796.276972 -0.727766 -0.436469 -0.529010 -0.179177 0.865562 -0.467651 0.662007 -0.245554 -0.708132
4.500687 -104.381402 58.176928 425.024960 -0.726834 -0.434871 -0.531602 -0.104264 0.834905 -0.540429 0.678853 -0.337374 -0.652178
7.008249 -107.331153 1004.372714 285.093671 -0.722170 -0.437500 -0.535784 -0.009757 0.780939 -0.624531 0.691647 -0.445790 -0.568239
9.282902 -106.356208 1374.549135 -179.938465 -0.712935 -0.447332 -0.540017 -0.065368 0.809142 -0.583966 0.698177 -0.381030 -0.606106
10.072245 -110.201080 2027.309775 3545.375464 -0.718472 -0.443961 -0.535440 0.074340 0.716380 -0.693739 0.691572 -0.538237 -0.481695
-5.844827 -109.447107 377.357743 -7291.811102 0.826242 0.268076 0.495439 -0.089818 0.930948 -0.353934 -0.556109 0.247936 0.793266
-6.285814 -108.577919 868.352260 -9131.107376 0.825430 0.268658 0.496476 -0.106766 0.937914 -0.330027 -0.554316 0.219407 0.802866
-5.000279 -90.948928 349.816089 -4202.697977 0.822931 0.260482 0.504910 -0.188322 0.963525 -0.190143 -0.536022 0.061389 0.841969
-4.153829 -95.065654 891.688439 -1041.856979 0.832844 0.267931 0.484339 -0.181573 0.958862 -0.218207 -0.522879 0.093790 0.847232
-3.940693 -84.809274 208.122757 -1466.756366 0.820383 0.285643 0.495358 -0.298554 0.952808 -0.054979 -0.487685 -0.102787 0.866947
-4.910796 -79.464523 -255.399996 -4101.802210 0.806415 0.277948 0.521957 -0.306411 0.951321 -0.033188 -0.505773 -0.133170 0.852326
-4.107584 -74.868129 1586.272274 -2222.480423 0.241253 0.967994 -0.069168 0.094380 -0.094338 -0.991056 0.965862 -0.232567 0.114119
-2.046252 -81.311293 348.643748 -3374.239252 0.252937 0.967459 0.006705 -0.068746 0.024885 -0.997324 0.965037 -0.251799 -0.072804
-4.703621 -88.298765 -151.845477 -4822.031834 0.258062 0.965987 -0.016543 0.033053 -0.025940 -0.999117 0.965563 -0.257287 0.038623
-5.373648 -33.799743 463.409542 328.995060 0.527856 0.835721 0.151453 -0.646303 0.510932 -0.566781 0.551053 -0.201294 -0.809828
-6.815522 -30.891061 479.281911 906.152722 0.498375 0.858012 0.124245 -0.737482 0.494910 -0.459548 0.455788 -0.137399 -0.879420
-5.665689 -31.405301 437.645611 510.790769 0.536330 0.828633 0.160367 -0.690005 0.539901 -0.482080 0.486049 -0.147900 -0.861325
-7.659361 -31.023964 767.012844 402.149646 0.507336 0.850294 0.140038 -0.765219 0.519250 -0.380551 0.396294 -0.085908 -0.914096
-5.868990 -30.408993 534.754440 1392.884040 0.531662 0.830815 0.164568 -0.733413 0.548794 -0.401162 0.423605 -0.092587 -0.901103
-0.142068 -81.175482 -1515.921612 8922.305458 0.876191 0.400476 0.268156 0.362016 -0.179557 -0.914715 0.318172 -0.898542 0.302305
-2.303326 -99.416483 -1800.813715 11050.094890 0.860008 0.411312 0.302008 0.438689 -0.293641 -0.849310 0.260650 -0.862901 0.432971
1.985637 -105.637557 -412.440253 11707.106118 0.865752 0.430788 0.254746 0.430631 -0.381850 -0.817770 0.255010 -0.817687 0.516098
2.784082 -98.941462 -1122.656829 13820.622887 0.867408 0.418931 0.268516 0.394768 -0.250854 -0.883872 0.302923 -0.872679 0.382973
-12.674285 -108.808579 -459.592267 38.149878 0.698085 0.547102 0.461905 0.410377 0.222921 -0.884249 0.586743 -0.806836 0.068900
-8.567767 -114.863673 479.059481 -4811.729706 0.715118 0.572116 0.401610 0.207870 0.374495 -0.903628 0.667381 -0.729683 -0.148882
-6.831379 -97.850522 3036.232609 -952.113840 0.660602 0.597451 0.454595 0.412016 0.217667 -0.884796 0.627573 -0.771799 0.102368
-11.102684 -111.033164 -819.411288 744.528309 0.729167 0.532621 0.429687 0.252527 0.374157 -0.892321 0.636039 -0.759159 -0.138322
-11.120924 -100.789564 1028.529271 2793.057013 0.656022 0.559265 0.506812 0.554292 0.098744 -0.826444 0.512246 -0.823087 0.245218
-11.571905 -110.832691 -816.597450 598.713693 0.712658 0.512039 0.479515 0.452840 0.186269 -0.871917 0.535774 -0.838522 0.099126
-0.315958 -366.010558 1745.944671 11532.086682 0.776065 0.430738 0.460638 0.363426 0.291484 -0.884849 0.515407 -0.854109 -0.069669
-1.336563 -409.701982 27.147882 -19196.580778 0.773821 0.399961 0.491154 0.455373 0.187693 -0.870291 0.440268 -0.897108 0.036891
0.201374 -415.321407 2305.685862 -65791.324899 0.771099 0.428576 0.470881 0.581031 -0.171182 -0.795675 0.260401 -0.887141 0.381014
4.362532 -324.964352 -933.394563 -40770.870371 0.791662 0.418210 0.445389 0.497886 -0.019109 -0.867032 0.354091 -0.908149 0.223349
3.203734 -306.596660 -744.840294 3921.774104 0.777705 0.416744 0.470637 0.303219 0.407134 -0.861568 0.550666 -0.812752 -0.190266
-3.169208 -49.992198 -943.716910 -2131.417096 0.313388 0.948303 0.050096 0.461545 -0.105999 -0.880761 0.829918 -0.299141 0.470903
-1.183833 -46.315630 -286.577280 -982.002751 0.317144 0.948364 0.005060 0.525942 -0.171436 -0.833064 0.789180 -0.266862 0.553154
-1.998632 -49.418434 263.756540 -1704.695954 0.305095 0.952270 0.009889 0.436139 -0.130487 -0.890369 0.846581 -0.275961 0.455133
-0.586126 -34.985299 -1479.391833 -824.887552 0.416042 0.908771 -0.032331 -0.908827 0.416742 0.018945 -0.030691 -0.021501 -0.999298
-2.287168 -36.046778 -141.881031 305.676738 0.413519 0.910467 -0.007194 -0.903267 0.411217 0.122516 -0.114505 0.044165 -0.992440
-5.441274 -38.598655 -1109.438627 1394.480497 0.479634 0.877179 -0.022535 -0.870924 0.479030 0.109641 -0.106970 0.032962 -0.993716
-9.795273 -38.473465 -1649.562978 1414.780692 0.545648 0.837523 -0.028691 -0.820540 0.540913 0.184737 -0.170241 0.077259 -0.982369
-7.259830 -39.846815 -2115.443632 1467.861129 0.510862 0.859199 -0.028235 -0.854715 0.511166 0.090392 -0.092098 0.022045 -0.995506
-12.726703 -347.690017 -5191.697931 -83149.454658 0.903972 0.337563 -0.262462 0.417991 -0.826961 0.376057 0.090103 0.449651 0.888648
-2.696933 -696.808032 -7468.848071 194789.380236 0.887605 0.406834 -0.215970 -0.380286 0.911832 0.154744 0.259883 -0.055221 0.964060
-24.273878 -446.699485 -4244.652444 107347.199238 0.892468 0.334757 -0.302389 -0.377636 0.921081 -0.094877 0.246764 0.198867 0.948451
10.763167 -63.883005 -1461.793659 -7989.417767 0.874607 0.250333 -0.415205 0.479312 -0.575310 0.662781 0.072956 0.778686 0.623158
6.255078 -95.378959 -2323.699841 20568.095891 0.764786 0.332937 -0.551594 0.640737 -0.482747 0.597001 0.067516 0.810005 0.582524
13.491724 -100.506934 -1615.944593 9307.044662 0.798826 0.287994 -0.528145 0.588479 -0.556223 0.586777 0.124778 0.779535 0.613804
15.664298 -97.217993 -1557.988704 -16809.039510 0.873768 0.257032 -0.412872 0.474726 -0.635193 0.609233 0.105661 0.728329 0.677032
25.189050 18.723405 4633.524941 -7311.453043 -0.016799 0.529839 0.847932 -0.112689 0.841645 -0.528143 -0.993488 -0.104425 0.045568
34.791462 18.856088 10837.220646 2391.226600 0.011264 -0.391328 0.920182 -0.060569 0.918284 0.391262 -0.998100 -0.060141 -0.013359
29.583600 25.761033 10274.329207 2146.973393 0.005753 -0.330811 0.943679 -0.137330 0.934492 0.328428 -0.990509 -0.131484 -0.040054
27.589786 8.968334 1884.510557 10749.633333 -0.126674 0.824273 0.551840 0.097882 -0.543219 0.833866 -0.987103 -0.159645 0.011870
-42.659413 -68.399037 69.154947 -6910.072898 0.136428 -0.610040 -0.780537 0.685692 0.626812 -0.370044 0.714992 -0.484723 0.503815
-30.790582 -75.873683 -3113.248106 -7766.741649 0.252809 -0.592917 -0.764550 0.651801 0.688359 -0.318303 0.715013 -0.417864 0.560487
-21.525117 -74.849792 5031.176909 -11753.083034 -0.275557 0.660166 0.698749 0.768005 0.588354 -0.252998 0.578132 -0.466927 0.669136
-24.167604 -48.239626 -4027.037217 -7420.861723 0.149638 -0.756293 -0.636890 0.876995 0.398992 -0.267743 0.456606 -0.518485 0.722969
-28.471366 -59.072315 974.515085 94.378493 0.246860 0.873348 0.419909 0.077193 -0.449665 0.889855 -0.965972 0.187255 0.178421
-31.091093 -57.535925 -782.672549 -937.200575 0.115105 0.905840 0.407681 -0.003529 -0.410034 0.912064 -0.993347 0.106422 0.044001
5.805908 -35.493705 8557.117464 1369.430588 0.019818 0.997740 0.064203 0.984333 -0.030724 0.173624 -0.175204 -0.059756 0.982717
-5.031033 -34.499185 7789.101356 831.095163 0.101280 0.991912 0.076499 0.960175 -0.117586 0.253452 -0.260397 -0.047783 0.964318
-8.189124 -31.739239 5926.095519 2111.830471 -0.071926 0.994776 0.072435 0.988607 0.061475 0.137394 -0.132223 -0.081492 0.987864
3.001805 -31.058210 -5970.934150 1454.498235 0.116847 -0.991057 -0.064439 0.990909 0.111981 0.074569 -0.066686 -0.072566 0.995132
14.449303 -35.335468 -5624.541493 1273.496082 0.012179 -0.994499 -0.104035 0.995830 0.002656 0.091191 -0.090413 -0.104712 0.990384
22.766182 -47.909945 -8710.631635 -2468.142697 0.225351 -0.030193 0.973810 0.714455 -0.674439 -0.186244 0.662398 0.737713 -0.130414
2.356157 -51.677800 -3291.701520 -3150.590867 0.209586 -0.022819 0.977524 0.682085 -0.712902 -0.162884 0.700596 0.700892 -0.133850
19.491915 -62.569877 6518.208709 8480.388872 -0.202825 0.043045 -0.978268 -0.636671 0.753245 0.165145 0.743984 0.656330 -0.125372
76.388655 -40.732690 -23613.370715 11.502200 0.218953 -0.064314 0.973614 0.742694 -0.636165 -0.209045 0.632823 0.768868 -0.091525
73.858925 -52.227240 -19335.953311 -7588.119305 0.203542 -0.070361 0.976535 0.700642 -0.686213 -0.195480 0.683865 0.723990 -0.090375
10.060025 -30.476028 3197.802517 1366.171294 -0.020410 0.862026 0.506452 0.737817 0.354829 -0.574215 0.674692 -0.361949 0.643260
3.770471 -34.992351 2584.712845 1328.963930 0.043461 0.882067 0.469115 0.808837 0.244555 -0.534766 0.586424 -0.402679 0.702820
-4.616369 -49.858468 -278.180551 3231.389422 0.592577 0.742307 0.312783 0.779351 -0.430182 -0.455583 -0.203629 0.513735 -0.833434
-6.474607 -45.569487 516.712774 1231.000399 0.586552 0.733858 0.342649 0.793270 -0.435231 -0.425790 -0.163338 0.521562 -0.837433
-6.247412 -44.295005 -591.689116 2384.168868 0.574261 0.754185 0.318479 0.804324 -0.447242 -0.391201 -0.152601 0.480812 -0.863443
-6.008583 -50.133612 681.265275 1833.707518 0.584696 0.729829 0.354232 0.787673 -0.406211 -0.463211 -0.194171 0.549857 -0.812376
-3.220665 -55.068586 244.064148 372.561993 0.603615 0.782419 0.153199 0.442291 -0.488491 0.752167 -0.663346 0.386261 0.640918
8.345389 -80.877253 -1325.417051 6352.643470 -0.196108 -0.930233 -0.310175 0.964007 -0.124979 -0.234673 0.179535 -0.345032 0.921260
9.579422 -83.668781 -97.354317 3562.000272 -0.176017 -0.922807 -0.342703 0.984103 -0.156602 -0.083763 0.023629 -0.351999 0.935702
7.871424 -78.848342 1069.556166 5810.542666 -0.170186 -0.906436 -0.386537 0.974526 -0.096671 -0.202372 0.146070 -0.411132 0.899797
-0.346033 -106.783608 -110.937310 -1565.224498 0.297808 0.934609 0.194466 0.505571 0.018384 -0.862589 0.809758 -0.355203 0.467036
-0.337092 -109.747699 774.102548 -2219.860403 0.272585 0.941428 0.198523 0.358426 0.092122 -0.929002 0.892876 -0.324388 0.312321
42.567950 -13.658186 -10928.489013 -2301.337655 0.162734 0.867710 0.469677 0.306836 0.407914 -0.859918 0.937747 -0.284052 0.199863
67.309993 -80.593025 -3478.654355 -1682.836267 0.340386 0.611477 -0.714306 -0.243466 0.791077 0.561178 0.908219 -0.017108 0.418145
50.168891 -75.243989 -940.049819 4842.843804 0.420788 0.730557 -0.537795 0.179222 -0.648098 -0.740168 0.889279 -0.215069 0.403644
1.173660 -57.415223 -114.067067 5752.012305 0.284078 0.914668 0.287546 -0.382900 0.383174 -0.840574 0.879026 -0.128688 -0.459078
1.093256 -52.129596 -102.437753 2147.314966 0.282091 0.910044 0.303718 -0.450648 0.405167 -0.795460 0.846960 -0.087522 -0.524403
1.271077 -50.231399 -36.124371 1994.440110 0.286208 0.910750 0.297689 -0.474946 0.404680 -0.781448 0.832173 -0.082270 -0.548380
1.083253 -58.474879 -81.051172 4649.237467 0.284113 0.915603 0.284518 -0.426951 0.386518 -0.817507 0.858483 -0.110789 -0.500732
1.013745 -73.400243 -36.663232 7440.091500 0.284044 0.918891 0.273786 -0.268157 0.350285 -0.897437 0.920549 -0.181494 -0.345903
4.845966 -90.343664 -1614.129508 -2571.972328 -0.293807 0.054861 -0.954289 0.675520 -0.694419 -0.247901 -0.676276 -0.717477 0.166966
-4.662394 -101.370453 200.410845 -2389.706978 -0.377332 0.407108 -0.831795 0.163830 0.913370 0.372714 0.911471 0.004364 -0.411340
-27.589674 -32.006898 -378.867375 -2079.580397 -0.091690 0.771969 -0.629013 -0.466564 0.524744 0.712013 -0.879722 -0.358759 -0.312058
-26.125907 -32.406341 -1082.706768 411.821560 -0.286060 -0.221539 0.932250 -0.464745 0.882891 0.067203 -0.837963 -0.414034 -0.355519
-24.393082 -35.495339 -575.234410 271.222478 -0.157903 -0.336570 0.928325 -0.548183 0.811824 0.201088 -0.821317 -0.477140 -0.312691
-5.188189 -427.354893 1371.602818 -84443.401772 0.488094 -0.399701 0.775889 0.314505 0.909799 0.270837 -0.814156 0.111827 0.569775
-2.349159 -18.951333 1484.582756 1712.151421 -0.068752 0.946376 0.315666 0.873486 0.209968 -0.439244 0.481970 -0.245532 0.841082
-4.076750 -16.041474 1944.717395 676.935507 -0.084449 0.946200 0.312369 0.856216 0.229256 -0.462964 0.509669 -0.228358 0.829512
0.382398 -17.140472 1102.375813 1987.360995 -0.146231 0.921756 0.359141 0.850352 0.302631 -0.430484 0.505488 -0.242446 0.828071
5.124786 -80.306436 -529.078056 2268.392928 0.283320 -0.133676 0.949663 -0.408034 0.879337 0.245509 -0.867893 -0.457053 0.194589
3.491545 -76.464351 155.392866 3021.113164 0.296844 -0.109919 0.948579 -0.314068 0.926852 0.205685 -0.901801 -0.358974 0.240608
5.973816 -85.107863 125.681842 3349.460132 0.283169 -0.099200 0.953926 -0.521546 0.818783 0.239965 -0.804863 -0.565467 0.180117
2.761565 -75.870586 -251.295029 1789.332158 0.296505 -0.152408 0.942792 -0.234350 0.945391 0.226530 -0.925832 -0.288110 0.244596
-21.009133 -34.239931 227.334631 -865.050693 0.388209 0.484861 0.783711 0.256649 0.759884 -0.597250 -0.885113 0.432996 0.170555
-20.440878 -34.905548 -862.879579 -183.764826 0.410954 0.434103 0.801668 0.260029 0.787011 -0.559463 -0.873786 0.438371 0.210546
-21.105018 -35.389437 16.309068 -547.187949 0.382830 0.378730 0.842618 0.367594 0.774337 -0.515051 -0.847535 0.506918 0.157221
-4.058400 -39.186348 190.656995 3568.798979 0.531763 0.845833 0.042366 0.760526 -0.454926 -0.463295 0.372597 -0.278583 0.885191
-4.299735 -37.489735 -150.823403 1872.002175 0.530047 0.846949 0.041560 0.751182 -0.446244 -0.486407 0.393417 -0.289038 0.872743
-4.157042 -36.690894 121.301985 3026.372411 0.527981 0.848767 0.028835 0.772413 -0.465817 -0.431733 0.353008 -0.250219 0.901541
10.537860 -71.754525 -3319.520324 3487.104768 0.071919 0.916902 0.392580 -0.664243 -0.249587 0.704618 -0.744049 0.311444 -0.591096
-32.908602 -108.491150 1446.304194 -20723.251418 -0.376193 -0.081102 0.922985 0.893568 -0.295144 0.338269 0.244980 0.952004 0.183501
-69.894783 -462.565843 9949.455529 -120130.111000 -0.626576 -0.026553 0.778908 0.692848 -0.476627 0.541099 0.356881 0.878705 0.317040
15.502962 -158.403487 -193.034352 -24885.430603 0.805590 0.582009 0.110863 0.267444 -0.190252 -0.944605 0.528676 -0.790614 0.308919
13.911362 -108.169028 1267.525803 -11219.488776 0.787841 0.584268 0.194778 0.444788 -0.321022 -0.836127 0.425994 -0.745370 0.512789
21.680668 -171.762220 -1809.956791 -27796.879604 0.772408 0.619704 0.139118 0.318512 -0.188446 -0.928998 0.549487 -0.761876 0.342941
2.691354 -67.390892 592.328235 4323.839707 -0.105582 0.835709 0.538928 -0.808926 0.243023 -0.535330 0.578352 0.492474 -0.650368
8.273446 -73.806164 -5094.216311 1847.919932 -0.020947 0.848605 0.528612 -0.743030 0.340546 -0.576138 0.668930 0.404843 -0.623406
-11.397034 -70.939850 -3717.916448 -6216.828124 0.080992 0.769432 0.633573 0.883376 -0.349811 0.311897 0.461614 0.534421 -0.708030
2.072132 -78.256927 -10805.828262 2110.684587 0.088946 0.836507 0.540689 -0.756916 0.409617 -0.509207 0.647431 0.363964 -0.669599
-38.625298 -49.401946 3083.755679 888.790615 0.942040 -0.210717 -0.261073 0.043415 0.848180 -0.527926 -0.332680 -0.485993 -0.808168
-32.288117 -51.403061 1302.869627 2048.140308 0.955263 -0.260250 -0.140508 0.107593 0.748318 -0.654556 -0.275492 -0.610156 -0.742842
-37.695019 -53.597241 3204.285890 2363.269195 0.936662 -0.301110 -0.178877 0.115196 0.747185 -0.654557 -0.330748 -0.592493 -0.734546
16.282079 -78.321404 -1955.396751 -9097.769473 0.757060 0.580962 -0.298903 -0.459927 0.148962 -0.875373 0.464033 -0.800184 -0.379973
14.633884 -76.300749 96.531034 -6244.813710 0.804699 0.557204 -0.204897 -0.372753 0.205578 -0.904872 0.462076 -0.804526 -0.373128
3.526728 -33.900181 5477.834228 -2016.794508 0.750736 0.531500 -0.392305 0.530857 -0.131935 0.837129 -0.393176 0.836720 0.381199
20.763364 -29.921035 3215.116885 1431.494194 0.772900 0.580518 -0.256173 0.426249 -0.175942 0.887331 -0.470040 0.795012 0.383431
15.796631 -34.897566 6250.765986 -2045.796685 0.777050 0.523981 -0.348765 0.498995 -0.175072 0.848737 -0.383663 0.833543 0.397503
22.538942 -34.215883 5427.134320 -1244.440499 0.786731 0.547243 -0.285622 0.453645 -0.198754 0.868736 -0.418641 0.813033 0.404620
-6.915881 -49.184739 -171.215093 -1332.383903 0.368595 0.926685 0.073441 -0.464361 0.251990 -0.849041 0.805299 -0.278849 -0.523198
-5.796004 -50.013480 384.942982 -376.359704 0.345900 0.931978 0.108490 -0.499385 0.280756 -0.819628 0.794335 -0.229331 -0.562530
-6.925611 -47.893667 6.276326 2807.328846 0.353752 0.928650 0.111659 -0.654454 0.331038 -0.679782 0.668243 -0.167399 -0.724864
-6.414131 -47.107042 -765.263541 1465.029442 0.408957 0.904068 0.124155 -0.699848 0.398029 -0.593115 0.585634 -0.155669 -0.795487
3.839364 -51.635214 -457.897688 935.050757 -0.479047 -0.867883 0.131503 0.850722 -0.422119 0.313188 -0.216301 0.261904 0.940542
3.497436 -53.730375 522.757744 296.128590 0.473538 0.869272 -0.141875 0.817498 -0.373827 0.438121 -0.327810 0.323449 0.887649
2.501992 -53.693220 -628.986804 273.188125 -0.476797 -0.867030 0.144651 0.824082 -0.383647 0.416777 -0.305864 0.317923 0.897426
4.704892 -53.983205 9.600942 292.678559 0.477843 0.870476 -0.118055 0.813210 -0.387523 0.434183 -0.332197 0.303475 0.893055
5.374664 -51.650575 -241.775148 587.711112 -0.481515 -0.868593 0.116998 0.845902 -0.425650 0.321359 -0.229330 0.253709 0.939702
3.372716 -47.295548 -1025.134280 1912.843115 -0.478196 -0.866155 0.145270 0.875172 -0.456111 0.161362 -0.073506 0.204299 0.976145
4.952956 -48.837569 -416.358973 2038.390907 -0.481709 -0.867647 0.123069 0.868824 -0.454505 0.196394 -0.114465 0.201530 0.972771
0.625896 -77.151549 -704.415726 -2440.123420 0.285111 0.956793 0.057090 -0.154345 0.104615 -0.982463 0.945986 -0.271299 -0.177503
2.748092 -72.194567 -1338.075428 -1685.403347 0.300248 0.950490 0.080129 -0.193001 0.142804 -0.970751 0.934132 -0.276001 -0.226322
2.077429 -75.333659 -729.329518 743.373074 0.301149 0.948736 0.095967 -0.343120 0.201708 -0.917378 0.889707 -0.243340 -0.386274
-10.576966 -70.321143 -202.273239 -947.539408 0.508300 0.861171 0.003841 -0.623711 0.365058 0.691171 -0.593814 0.353718 -0.722681
-11.035413 -71.480405 1200.135277 253.365421 0.546597 0.836946 0.027434 -0.545274 0.330864 0.770198 -0.635538 0.435947 -0.637214
-10.290632 -72.449870 1001.187803 -2008.455225 0.544227 0.837658 0.046332 -0.652691 0.388063 0.650693 -0.527078 0.384365 -0.757926
