19873
39734
-44.972779 -69.181593 -482.289450 -10828.168931 -0.429808 0.723370 0.540371 -0.322289 -0.681956 0.656556 -0.843442 -0.108037 -0.526244
-48.187568 -81.882271 732.777274 -9154.860057 -0.425060 0.762827 0.487257 -0.241740 -0.614423 0.751030 -0.872287 -0.201443 -0.445573
-53.445087 -89.224589 -2233.845845 -13286.563173 -0.264983 0.930035 0.254595 -0.374362 -0.342548 0.861692 -0.888615 -0.133023 -0.438939
-43.324383 -68.959224 854.970775 9463.496358 -0.538666 0.587550 0.603840 0.200061 0.785410 -0.585753 -0.818422 -0.194720 -0.540620
-41.714384 -77.700658 4099.302989 -19333.188721 -0.190456 0.948118 0.254558 -0.492021 -0.316575 0.810984 -0.849495 -0.029209 -0.526788
-38.211231 -55.909289 -346.927308 8461.037538 -0.454504 0.634143 0.625531 0.353218 0.772993 -0.526991 -0.817719 -0.018571 -0.575319
-36.932067 -58.306145 -974.512121 4384.484983 -0.583227 0.363407 0.726486 0.133760 0.925103 -0.355377 -0.801221 -0.110090 -0.588154
-13.778216 -58.817478 25642.589901 -1382.059640 -0.293976 0.820094 0.490941 -0.854148 -0.455923 0.250132 -0.428963 0.345804 -0.834512
9.548371 -60.426917 27989.521275 2216.842162 -0.519251 0.649648 0.555280 0.762480 0.645625 -0.042339 -0.386009 0.401405 -0.830585
-27.630345 -52.832040 14150.767052 1889.864108 -0.501353 0.725434 0.471583 0.800151 0.596118 -0.066343 -0.329247 0.344076 -0.879323
-52.793975 -55.000293 -1452.824179 4662.179142 -0.880975 -0.450696 0.144069 -0.383843 0.858778 0.339359 -0.276671 0.243667 -0.929559
-42.275461 -53.747394 11918.775282 -1214.644188 -0.280662 0.874566 0.395428 -0.879635 -0.399211 0.258596 -0.384019 0.275254 -0.881343
130.851296 -60.368429 26088.713408 7526.342470 -0.202726 0.880870 -0.427751 0.347663 0.473109 0.809505 -0.915441 -0.015395 0.402157
124.828082 -49.320278 11132.874015 2530.308120 -0.346370 0.880277 -0.324253 0.412801 0.453408 0.789947 -0.842392 -0.139762 0.520426
133.777953 -51.493323 2324.662525 10577.211035 -0.448370 0.811656 -0.374406 0.311843 0.534593 0.785471 -0.837687 -0.235426 0.492804
136.900959 -70.539555 22350.876155 9113.452115 -0.239092 0.850430 -0.468619 0.211083 0.516597 0.829802 -0.947776 -0.099482 0.303026
1.343403 -20.175601 5395.843902 4416.675342 -0.538709 0.841894 0.031741 0.735317 0.451455 0.505468 -0.411220 -0.295640 0.862262
3.028882 -24.974539 8510.604834 4943.850764 -0.631736 0.771304 -0.077459 0.612931 0.558183 0.559238 -0.474578 -0.305814 0.825381
4.103487 -30.629269 -853.065079 5434.162703 -0.564547 0.824919 0.028191 0.698339 0.459155 0.549090 -0.440011 -0.329674 0.835288
5.388630 -23.479697 -2032.527812 8254.793256 -0.465799 0.876730 0.119898 0.804107 0.362811 0.470934 -0.369382 -0.315772 0.873982
23.533615 -36.394371 -13528.956552 1298.358187 -0.579612 0.812598 0.061102 0.651443 0.417004 0.633821 -0.489562 -0.407175 0.771062
23.657145 -33.799004 -16062.423173 8713.229805 -0.505138 0.852074 0.137135 0.777851 0.380657 0.500049 -0.373877 -0.359264 0.855070
168.678476 -98.783991 16804.012754 4223.154817 -0.277626 0.789409 -0.547501 -0.125778 0.535131 0.835353 -0.952420 -0.300780 0.049276
137.599665 -109.265911 33305.750908 8138.245985 -0.013285 0.862567 -0.505768 -0.060938 0.504174 0.861450 -0.998053 -0.042264 -0.045865
144.121392 -93.124800 25290.737025 6644.886046 -0.180618 0.841383 -0.509365 0.029756 0.522320 0.852231 -0.983103 -0.138772 0.119377
823.296881 -76.004314 -402047.838053 10559.103456 -0.540208 0.699753 0.467462 0.316504 0.683649 -0.657609 0.779744 0.207292 0.590787
2862.168257 -91.200515 1462129.626497 34804.870037 0.482566 -0.686103 -0.544419 0.391703 0.725016 -0.566499 0.783389 0.060123 0.618616
940.611695 -66.865054 413989.427728 -1293.695375 0.757992 -0.597227 -0.262237 0.382805 0.732839 -0.562501 0.528118 0.325986 0.784108
4.011556 -52.751110 1761.588077 -2523.810929 -0.451632 0.726786 0.517505 0.087754 -0.541032 0.836411 -0.887878 -0.423163 -0.180569
5.931515 -53.557787 2359.859116 -1345.401935 -0.456222 0.738937 0.495816 0.089502 -0.516252 0.851747 -0.885353 -0.432963 -0.169389
5.206695 -57.701769 732.762399 -2273.352296 -0.462522 0.714416 0.525056 0.010756 -0.587642 0.809049 -0.886543 -0.379851 -0.264113
4.723619 -56.965978 1217.692045 2652.522515 -0.458374 0.709598 0.535130 -0.011496 -0.606793 0.794777 -0.888685 -0.358153 -0.286296
4.198324 -54.182421 1206.984382 -6264.857775 -0.453760 0.724485 0.518868 0.000676 -0.581983 0.813201 -0.891124 -0.369348 -0.263591
20.267728 -112.502133 3700.078695 -15136.625127 -0.584235 0.519321 0.623679 0.730096 0.000695 0.683344 0.354441 0.854579 -0.379560
32.067914 -109.793617 7502.657277 -19408.834520 -0.616194 0.527899 0.584489 0.712048 0.056244 0.699875 0.336590 0.847443 -0.410546
21.824765 -118.314970 5614.585999 -9256.160298 -0.598986 0.519416 0.609445 0.660009 -0.110728 0.743053 0.453437 0.847317 -0.276495
13.841076 -115.857005 1054.902002 -1270.442945 -0.580649 0.520270 0.626232 0.640594 -0.182771 0.745811 0.502480 0.834215 -0.227156
-8.061481 -110.288943 467.376471 -2105.608749 -0.079373 0.963094 0.257196 -0.922134 -0.168940 0.348036 -0.378642 0.209544 -0.901511
-10.082467 -108.627763 -1474.457448 -47.104241 -0.088226 0.971778 0.218776 -0.883239 -0.177867 0.433881 -0.460549 0.154952 -0.874005
-7.417304 -109.072238 932.799172 5206.309917 -0.065816 0.964635 0.255241 -0.826826 -0.195919 0.527233 -0.558594 0.176340 -0.810480
-8.123781 -106.826759 -1580.523552 -5707.566476 -0.097020 0.967366 0.234071 -0.956665 -0.155515 0.246185 -0.274552 0.200043 -0.940534
-7.987004 -112.354920 1988.641871 237.483585 -0.073028 0.957042 0.280601 -0.905546 -0.181526 0.383452 -0.417916 0.226095 -0.879902
-8.664794 -110.328037 2586.271929 3418.433377 -0.097407 0.951664 0.291287 0.975050 0.149912 -0.163720 -0.199474 0.268071 -0.942522
-24.299566 -59.988372 -6119.644608 25.269774 -0.157952 -0.312381 0.936733 0.348294 0.870046 0.348872 -0.923982 0.381364 -0.028625
-11.579852 -50.688808 -5389.045778 1502.919239 -0.253879 -0.472705 0.843857 0.315822 0.784110 0.534254 -0.914222 0.402145 -0.049778
-23.708653 -57.847863 -3862.258674 -735.370422 -0.134579 -0.234813 0.962679 0.273458 0.924989 0.263848 -0.952423 0.298761 -0.060273
-31.496205 -58.538471 -3751.149378 -3122.736005 -0.064420 -0.005363 0.997908 0.204572 0.978677 0.018466 -0.976729 0.205334 -0.061949
-37.406662 -64.786859 -5530.928287 -909.462116 -0.016483 0.022050 0.999621 0.247887 0.968635 -0.017279 -0.968649 0.247508 -0.021432
-23.463746 -52.719599 -2801.758694 -4177.297040 -0.146255 -0.181544 0.972446 0.193969 0.958672 0.208145 -0.970044 0.219066 -0.104996
101.247888 -54.204835 -15872.647321 584.471352 -0.031201 0.968167 -0.248352 -0.733705 0.146549 0.663477 -0.678752 -0.202918 -0.705776
89.093747 -55.247069 -9508.291310 -908.043572 -0.055659 0.956255 -0.287189 -0.684164 0.172966 0.708522 -0.727202 -0.235920 -0.644608
91.068493 -53.488710 -5978.303667 -423.516724 -0.063722 0.942917 -0.326875 -0.768049 0.162802 0.619351 -0.637213 -0.290522 -0.713833
102.312737 -54.833510 -7872.170512 18.394748 -0.014721 0.957315 -0.288671 -0.839637 0.144932 0.523455 -0.542949 -0.250085 -0.801663
104.667874 -55.382924 -12094.585719 1842.887141 0.002087 0.975810 -0.218612 -0.783545 0.137427 0.605946 -0.621331 -0.170027 -0.764878
-3.276027 -101.861019 1865.491135 3653.653977 0.904231 0.176163 0.389015 -0.022148 0.929069 -0.369242 -0.426469 0.325264 0.843995
-3.476607 -97.631160 2171.028887 878.254773 0.906399 0.210890 0.366015 0.002856 -0.869504 0.493918 -0.422414 0.446641 0.788719
-5.465279 -104.089997 1827.835051 946.809665 0.904037 0.223689 0.364253 0.013819 -0.866994 0.498127 -0.427231 0.445291 0.786886
-4.163203 -81.768851 -1542.689179 -3787.157453 -0.612644 0.435580 0.659498 0.767934 0.130699 0.627053 0.186937 0.890611 -0.414569
-1.825983 -84.138321 -2847.998929 -4043.046705 -0.629481 0.441819 0.639179 0.723936 0.034658 0.688996 0.282258 0.896435 -0.341665
-3.078663 -80.966639 -1132.192561 -1949.380266 -0.641588 0.432985 0.633158 0.743195 0.146648 0.652805 0.189804 0.889392 -0.415880
-4.610828 -81.518821 -1212.854045 -3218.662546 0.695693 -0.431795 -0.574077 0.643429 0.019242 0.765264 0.319391 0.901767 -0.291216
-4.135431 -80.528374 -1681.331902 2446.473116 0.701629 -0.427011 -0.570419 0.568858 -0.146398 0.809301 0.429089 0.892317 -0.140191
-6.085493 -81.526413 -595.811687 -3026.580022 0.698093 -0.443661 -0.561989 0.629619 0.006621 0.776876 0.340949 0.896170 -0.283959
43.122788 -32.638891 4481.724131 790.655013 0.864648 0.198698 0.461413 0.445985 -0.726385 -0.522935 -0.231258 -0.657939 0.716684
63.911986 -28.580762 10163.324835 -1712.059763 0.927242 0.018078 0.374025 0.273480 -0.714993 -0.643424 -0.255793 -0.698898 0.667915
43.792423 -27.045662 4887.392926 909.059822 0.896508 0.058847 0.439102 0.328958 -0.752307 -0.570806 -0.296750 -0.656179 0.693808
28.731808 -32.118747 2047.164820 1479.175698 0.820077 0.247248 0.516084 0.495140 -0.758714 -0.423308 -0.286897 -0.602679 0.744626
30.060749 -38.310350 -498.244036 2654.257524 0.775190 0.339085 0.533012 0.581356 -0.713066 -0.391869 -0.247196 -0.613643 0.749891
6.365571 -163.029318 1065.908208 -2571.005186 0.902983 0.296462 0.311019 -0.152867 -0.454830 0.877360 -0.401564 0.839786 0.365385
7.144126 -154.802324 1564.805960 -5946.895991 0.908129 0.304327 0.287554 -0.210416 -0.262037 0.941839 -0.361977 0.915817 0.173928
3.384446 -166.479252 3139.996413 -7941.333357 0.912035 0.274696 0.304522 -0.172966 -0.415619 0.892941 -0.371852 0.867066 0.331546
1.262612 -170.722738 2815.865483 -1385.908092 0.907241 0.249171 0.338863 -0.112250 -0.632992 0.765977 -0.405357 0.732963 0.546307
-3.158616 -181.812657 4773.490531 -7778.548985 0.911574 0.233959 0.338077 -0.141887 -0.592760 0.792782 -0.385877 0.770648 0.507149
5.165412 -149.291087 -382.778137 1793.661883 0.895805 0.282114 0.343431 -0.049615 -0.704411 0.708057 -0.441669 0.651320 0.617018
3.078628 -153.693460 1450.411749 3028.660191 0.902768 0.225985 0.365980 -0.005651 -0.844557 0.535435 -0.430091 0.485442 0.761162
1.636343 -139.138005 -1283.368671 268.213828 0.892167 0.245947 0.378877 0.005848 -0.844989 0.534752 -0.451667 0.474873 0.755310
1.397478 -141.902203 -3054.276551 3815.774212 0.886139 0.307721 0.346504 -0.034610 -0.701679 0.711652 -0.462125 0.642615 0.611135
-1.778846 -129.413483 -3949.658490 -135.321027 0.882566 0.271796 0.383671 0.011221 -0.827939 0.560706 -0.470054 0.490555 0.733761
-5.381412 -137.788320 1775.411630 -12087.384403 0.888100 0.269620 0.372267 -0.430392 0.772113 0.467552 0.161371 0.575454 -0.801756
-5.989230 -137.380953 -0.868679 -12838.129788 0.887814 0.291167 0.356381 -0.436634 0.777595 0.452434 0.145386 0.557285 -0.817494
-6.528812 -153.376623 -1073.637923 -13245.688727 0.881898 0.306586 0.358135 -0.469487 0.640210 0.608040 0.042865 0.704369 -0.708538
-126.006221 -1460.184556 -3089.625829 -691369.043986 0.908708 0.395924 -0.132261 -0.401447 0.915725 -0.016940 0.114408 0.068490 0.991070
-83.791323 -1444.903855 5368.874716 637724.656988 0.965002 0.257746 -0.048361 0.231791 -0.924568 -0.302402 0.122656 -0.280609 0.951953
-50.742522 -848.775207 -4912.591314 348842.551597 0.939740 0.340597 -0.029704 0.294577 -0.850731 -0.435294 0.173530 -0.400313 0.899798
96.954516 -5193.515219 56220.311902 7785593.479237 0.864518 0.150397 0.479573 -0.398215 -0.377201 0.836148 -0.306649 0.913838 0.266206
84.837013 -9258.050451 55212.040101 -11247992.281052 0.840598 0.213865 0.497651 -0.261225 0.964912 0.026573 -0.474507 -0.152336 0.866970
122.884016 -2220.368587 52794.243670 -81631.921648 0.850976 0.180078 0.493368 -0.278954 -0.640955 0.715095 -0.444999 0.746156 0.495204
-17.241151 -6062.182050 85745.391105 4913415.105469 0.868335 0.164888 0.467767 -0.112693 0.984045 -0.137679 -0.483005 0.066837 0.873063
142.283578 -6995.612975 69188.716694 8451189.720711 0.905092 0.198087 0.376258 -0.415520 0.599911 0.683704 0.090289 0.775157 -0.625283
-27.630892 -3556.174128 16656.568327 2385644.535837 0.895844 0.136848 0.422772 -0.351326 0.800670 0.485280 0.272091 0.583266 -0.765354
-74.202618 -7201.630257 44855.617287 -22894008.939073 0.891331 0.157696 0.425042 -0.401840 -0.159247 0.901757 -0.209890 0.974563 0.078573
5.632179 -63.209857 270.444840 2381.317595 -0.386899 0.796075 -0.465376 0.919664 0.296296 -0.257735 -0.067287 -0.527706 -0.846758
7.764053 -61.158789 -1479.546789 3835.603805 -0.355131 0.802735 -0.479060 0.933805 0.328462 -0.141852 0.043484 -0.497724 -0.866245
10.992612 -63.232030 -8044.926537 1500.392531 -0.365506 0.787288 -0.496571 0.928738 0.272897 -0.250942 -0.062051 -0.552906 -0.830930
27.306936 -93.644203 2203.554932 7326.718463 0.953736 0.142546 0.264705 0.132523 0.590976 -0.795729 0.269863 -0.793995 -0.544745
32.916688 -88.572729 -5031.730557 7533.323673 0.985341 0.107476 0.132482 0.039891 0.609901 -0.791473 0.165865 -0.785156 -0.596674
19.335786 -101.786118 1945.106918 8227.292315 0.970057 0.136515 0.200878 0.112573 0.480152 -0.869932 0.215211 -0.866498 -0.450407
13.627609 -108.830514 2648.477684 9143.900131 0.936652 0.120919 0.328728 0.240202 0.461314 -0.854103 0.254924 -0.878958 -0.403046
19.708943 -102.463596 4732.247194 8709.501659 0.918801 0.120244 0.375960 0.252936 0.551866 -0.794649 0.303032 -0.825218 -0.476641
7.706091 -41.360369 5008.642601 2779.095532 0.968820 -0.194784 0.153126 -0.133804 -0.931474 -0.338310 -0.208530 -0.307272 0.928493
17.450293 -43.326872 6177.721755 1423.352077 0.974475 -0.104207 0.198847 -0.042252 -0.955043 -0.293440 -0.220486 -0.277548 0.935069
11.891642 -48.595137 6660.912308 4129.111403 0.975882 -0.165438 0.142425 -0.121396 -0.953519 -0.275797 -0.181432 -0.251856 0.950606
10.016823 -30.886302 5120.692055 4102.645150 0.970876 -0.157010 0.180963 -0.078463 -0.922046 -0.379044 -0.226370 -0.353806 0.907512
-2.472797 -66.600808 301.295223 -374.130022 0.640106 -0.652776 -0.405152 0.628833 0.748120 -0.211860 0.441400 -0.119160 0.889363
-4.013808 -67.942626 726.508688 -1839.107787 0.640017 -0.654851 -0.401932 0.624671 0.748050 -0.224071 0.447399 -0.107666 0.887830
-3.506566 -69.087831 1499.626306 4054.074707 0.629608 -0.663162 -0.404734 0.647844 0.735688 -0.197641 0.428826 -0.137768 0.892820
-2.917548 -71.098463 630.098989 5582.986976 0.618377 -0.677598 -0.398083 0.686959 0.712089 -0.144971 0.381703 -0.183820 0.905822
3.594403 -118.060208 2970.755143 4580.172030 -0.298359 0.936817 0.182634 -0.214010 0.120814 -0.969332 0.930151 0.328295 -0.164442
7.322307 -129.218295 2195.264233 9159.272901 -0.281748 0.946216 0.159041 -0.058385 0.148542 -0.987181 0.957711 0.287421 -0.013393
3.658511 -119.164152 3194.092539 9957.711389 -0.310503 0.939961 0.141635 -0.062129 0.128614 -0.989747 0.948540 0.316119 -0.018463
-727.287286 -2769.643903 219923.440567 357402.311739 0.714537 -0.692425 -0.099918 -0.049710 0.092210 -0.994498 -0.697829 -0.715573 -0.031467
-767.457051 -1489.108379 323586.069704 -308396.080647 0.958279 -0.278511 0.064294 -0.075870 -0.464705 -0.882209 -0.275582 -0.840524 0.466448
-740.713596 -4504.138948 530491.035560 -489880.344705 0.636182 0.414588 0.650683 -0.295934 0.909976 -0.290460 -0.712527 -0.007774 0.701601
762.250608 -9965.910226 33461.467369 3081513.040126 0.911609 0.294910 0.286352 -0.338773 0.933561 0.117032 -0.232813 -0.203695 0.950950
-357.923573 -454.848960 138278.257909 117701.585690 0.828992 0.549191 -0.105654 0.409406 -0.467233 0.783633 -0.380998 0.692880 0.612174
2017.109157 552.842697 -4473491.644769 -183438.886883 -0.111719 0.241287 0.964002 0.849449 0.526615 -0.033367 -0.515709 0.815142 -0.263794
-129.772484 -441.044744 -23231.750656 -151015.649070 0.799449 0.435139 -0.414169 0.581917 -0.389731 0.713780 -0.149179 0.811643 0.564785
-94.518916 -315.880690 -22278.719621 7948.781551 0.796954 0.519802 -0.307685 0.603733 -0.669237 0.433161 -0.019244 0.530969 0.847173
-143.871641 -323.369840 -29280.904330 29750.593262 0.797272 0.401593 -0.450644 0.580367 -0.715219 0.389404 0.165927 0.572000 0.803296
-205.625901 -562.657578 -46184.704656 -189240.340810 0.802785 0.308873 -0.510033 0.588056 -0.268645 0.762902 -0.098623 0.912374 0.397299
2187.285269 -59.666061 1171660.746119 3352.299816 0.800042 -0.366163 -0.475245 -0.599857 -0.501702 -0.623270 0.010213 -0.783721 0.621028
495.518911 -68.897065 297857.537973 -4064.842608 0.727923 -0.210556 -0.652529 -0.668201 -0.431230 -0.606257 0.153739 -0.877329 0.454596
2218.774775 -67.390637 1018273.927544 -12322.871473 0.805734 -0.294280 -0.513995 -0.591661 -0.439479 -0.675866 0.026997 -0.848680 0.528218
142.888152 -80.547444 86322.603085 8295.161259 0.648414 -0.355567 -0.673151 0.760191 0.254950 0.597587 -0.040862 -0.899207 0.435612
18.496150 -36.566421 9440.114207 -540.707267 0.284644 0.917355 -0.278275 0.852943 -0.374856 -0.363279 0.437569 0.133947 0.889152
13.200713 -40.092478 28031.211090 3464.226070 0.476293 0.741392 -0.472740 0.751674 -0.622265 -0.218569 0.456215 0.251243 0.853666
2.449037 -24.506441 29162.668867 9250.730730 0.410065 0.790433 -0.455040 0.754332 -0.574368 -0.317938 0.512669 0.212876 0.831777
1.152849 -24.463972 12436.493886 -2542.100383 -0.096389 0.987005 -0.128572 0.855300 0.016065 -0.517884 0.509089 0.159886 0.845733
25.989102 -43.032860 -827.176149 -16275.468510 0.007000 0.997845 -0.065246 0.888144 -0.036187 -0.458138 0.459512 0.054741 0.886483
32.534820 -58.421882 -7654.782496 -13695.484674 0.253200 0.961862 -0.103495 0.897802 -0.273480 -0.345197 0.360335 0.005514 0.932807
-6.876071 -92.508220 -1548.034954 -12268.197180 0.296842 0.949741 -0.099379 0.941204 -0.308567 -0.137552 0.161304 0.052705 0.985496
-2.321712 -108.087109 -785.193811 -6570.633298 0.319926 0.940468 -0.114750 0.881385 -0.339861 -0.328108 0.347574 -0.003831 0.937645
-5.431148 -97.171043 407.183778 -6480.750904 0.366399 0.918796 -0.146852 0.883066 -0.393106 -0.256245 0.293165 0.035792 0.955392
-9.567524 -88.018009 -1366.665226 -6126.821017 0.324324 0.939792 -0.107729 0.942001 -0.331260 -0.053864 0.086307 0.084012 0.992720
-7.366032 -79.224365 3728.431687 -9670.852402 -0.327478 -0.942416 0.067905 0.944788 -0.325730 0.035707 -0.011532 0.075849 0.997053
17.072124 -16.378183 -1573.714144 -1216.420949 -0.098682 0.949380 -0.298228 0.913043 -0.032802 -0.406543 0.395746 0.312413 0.863587
17.113760 -13.975657 1268.168293 -970.792927 -0.115760 0.933918 -0.338226 0.912979 -0.034082 -0.406581 0.391241 0.355859 0.848702
17.871075 -18.810594 -744.147461 -3339.140915 -0.122883 0.945977 -0.300046 0.902595 -0.019161 -0.430065 0.412581 0.323667 0.851479
17.645673 -14.504217 -1104.113307 422.556388 -0.058338 0.941679 -0.331416 0.925378 -0.073539 -0.371844 0.374530 0.328378 0.867119
14.163835 -17.982845 -3402.533133 1061.417898 -0.032130 0.952099 -0.304097 0.923433 -0.088132 -0.373503 0.382413 0.292814 0.876368
6.021879 -62.399755 -7072.344888 -7139.584275 0.476332 -0.597053 0.645473 0.752915 0.656117 0.051278 -0.454121 0.461561 0.762060
-3.922466 -76.541682 -4489.126282 -19534.113238 0.386500 -0.671831 0.631871 0.818175 0.565974 0.101308 -0.425685 0.477825 0.768424
1.298833 -102.338933 -5443.524034 -26510.597281 0.357208 -0.678958 0.641419 0.863454 0.501902 0.050416 -0.356160 0.535827 0.765532
9.182384 -107.521860 -4681.508900 -31864.917019 0.382870 -0.682065 0.623055 0.867667 0.497026 0.010914 -0.317118 0.536426 0.782102
13.982979 -58.989398 -6416.617112 -11302.419906 0.490801 -0.604872 0.627092 0.770874 0.636893 0.010992 -0.406040 0.478014 0.778867
0.704718 -174.324078 -4124.429170 -46158.011828 0.330996 -0.702530 0.629995 0.926295 0.369288 -0.074864 -0.180056 0.608341 0.772982
-4.267260 -162.324085 -4834.540751 -41570.570850 0.317632 -0.707611 0.631187 0.927052 0.371594 -0.049934 -0.199211 0.601004 0.774022
4.053996 -21.180396 -2147.316836 1299.513650 0.043466 0.950855 -0.306569 0.927511 -0.152439 -0.341301 0.371261 0.269511 0.888554
2.320424 -20.876584 556.186207 920.677847 0.071175 0.942410 -0.326799 0.925005 -0.184954 -0.331901 0.373230 0.278668 0.884898
1.718059 -22.436837 276.421745 1551.258206 0.030790 0.949698 -0.311650 0.938236 -0.134965 -0.318588 0.344624 0.282591 0.895196
2.960220 -23.957693 -2064.234216 1173.224593 0.041114 0.950752 -0.307214 0.945033 -0.136825 -0.296969 0.324379 0.278118 0.904118
40.208183 -28.605216 20653.956941 2732.246479 -0.207472 -0.948743 0.238417 0.977711 -0.193087 0.082451 -0.032189 0.250209 0.967657
9.917665 -34.567349 11361.269341 938.558898 -0.100510 -0.960655 0.258919 0.994596 -0.090212 0.051385 -0.026006 0.262684 0.964531
36.096397 -33.373900 19352.192144 4730.953061 -0.258520 -0.935898 0.239295 0.964102 -0.234424 0.124712 -0.060621 0.262946 0.962904
54.772333 -27.152494 16772.290743 3945.503797 -0.310669 -0.908874 0.278266 0.948511 -0.277414 0.152870 -0.061744 0.311430 0.948261
-0.999415 -59.629892 767.477504 11986.162727 -0.437878 0.688030 -0.578687 0.532107 -0.320488 -0.783677 0.724655 0.651078 0.225771
-1.678939 -60.790672 -550.140473 8358.518484 -0.440168 0.703514 -0.557962 0.565981 -0.265027 -0.780657 0.697078 0.659416 0.281519
0.940940 -52.415444 -656.133808 7352.410959 -0.465870 0.714493 -0.521981 0.470874 -0.299263 -0.829891 0.749161 0.632409 0.197019
0.620495 -49.752020 -722.713667 4846.535172 -0.446370 0.707450 -0.547968 0.482045 -0.325817 -0.813312 0.753915 0.627183 0.195587
-12.336267 -111.581152 -4530.252054 2468.056449 -0.253943 0.762009 -0.595697 -0.215706 0.555757 0.802873 -0.942859 -0.332380 -0.023239
-12.974269 -105.666233 -4331.497869 8072.202318 -0.241046 0.746402 -0.620307 -0.031792 0.632738 0.773713 -0.969993 -0.206222 0.128789
-15.986201 -114.779863 -2797.845379 3113.402750 -0.222051 0.773914 -0.593086 -0.172341 0.567541 0.805106 -0.959683 -0.280988 -0.007354
9.996664 -130.827495 -1707.107469 6525.345563 -0.285187 0.893266 -0.347482 0.906756 0.133968 -0.399808 -0.310584 -0.429101 -0.848180
11.886473 -127.142875 1689.646708 8688.535532 -0.249835 0.907224 -0.338418 0.875370 0.062222 -0.479432 -0.413895 -0.416020 -0.809702
10.324809 -150.185732 -1882.492160 -13390.821303 -0.237794 0.897143 -0.372275 -0.835010 0.006980 0.550190 -0.496198 -0.441685 -0.747464
7.470010 -145.867110 -4315.458321 11036.128314 -0.265469 0.884488 -0.383676 0.875562 0.054568 -0.480015 -0.403631 -0.463361 -0.788910
6.064683 -134.027309 -3223.310921 1921.855268 -0.321253 0.878781 -0.352902 0.923616 0.208464 -0.321677 -0.209116 -0.429286 -0.878626
7.139025 -124.705449 -915.602241 -1252.546924 -0.337734 0.884255 -0.322536 0.936379 0.280858 -0.210509 -0.095557 -0.373112 -0.922852
-3.177114 -63.634048 -3479.032501 -4269.102574 -0.206405 0.770127 -0.603574 0.506557 0.611862 0.607474 -0.837136 0.180360 0.516405
0.704889 -65.402077 -694.754353 -6376.633799 -0.209565 0.749483 -0.627980 0.521701 0.628893 0.576474 -0.826989 0.206809 0.522800
-1.592855 -76.090694 -2197.133728 -6870.655895 -0.197971 0.771953 -0.604066 0.613019 0.578380 0.538223 -0.764863 0.263752 0.587724
80.648324 -54.315998 -9385.766690 3742.982484 -0.230837 0.967417 -0.104017 0.970281 0.220898 -0.098790 -0.072594 -0.123730 -0.989657
73.990396 -52.767901 -10172.149140 330.826843 -0.343606 0.918023 -0.197908 0.932631 0.308853 -0.186571 -0.110152 -0.248682 -0.962301
58.134117 -55.484523 -10275.401283 -701.344787 -0.347644 0.909399 -0.228334 0.937592 0.335073 -0.092991 -0.008058 -0.246412 -0.969132
21.413849 -38.814162 -5944.646616 3157.433490 0.972002 0.127840 0.197152 -0.010638 0.862124 -0.506586 0.234731 -0.490306 -0.839346
10.154338 -42.687376 -4026.183202 832.459635 0.970236 0.203903 0.130634 -0.091552 0.808276 -0.581643 0.224187 -0.552371 -0.802886
15.523058 -43.055518 -5288.503301 -986.928488 0.970680 0.136292 0.198000 0.009045 0.802423 -0.596687 0.240204 -0.580983 -0.777664
23.838385 -40.701441 -3428.366079 1597.462267 0.956858 0.084082 0.278123 0.078428 0.846941 -0.525871 0.279770 -0.524997 -0.803808
18.300488 -40.866332 -2091.924825 -3744.982519 0.952970 0.096245 0.287375 0.106489 0.781430 -0.614839 0.283739 -0.616526 -0.734431
-3.731463 -59.806752 1473.927110 2744.892435 0.245591 -0.692231 0.678602 0.299027 0.720003 0.626242 -0.922100 0.049121 0.383822
-2.859996 -62.883948 425.861841 5381.326251 0.244996 -0.677058 0.693952 0.259427 0.735446 0.625952 -0.934170 0.026674 0.355829
-1.931169 -67.217314 975.000481 5983.471302 0.246990 -0.686710 0.683685 0.209613 0.726701 0.654192 -0.946075 -0.018270 0.323431
-19.502723 -117.067469 1017.955346 -6983.166613 -0.444301 0.654404 -0.611843 -0.750033 -0.645211 -0.145443 0.489946 -0.394282 -0.777492
-17.317270 -115.111575 2465.427557 -5821.495109 -0.446628 0.680789 -0.580559 -0.775249 -0.618395 -0.128754 0.446669 -0.392573 -0.803973
-17.349627 -107.047214 2230.055094 -5727.036386 -0.429861 0.685128 -0.588065 -0.681777 -0.673306 -0.286076 0.591946 -0.277956 -0.756532
-19.417496 -124.345397 1299.274081 6209.196991 -0.458816 0.654569 -0.600855 0.830915 0.555634 -0.029186 0.314751 -0.512650 -0.798825
-18.094816 -107.979458 168.692519 7190.321436 -0.424944 0.658739 -0.620875 0.662548 0.693691 0.282529 0.616808 -0.291301 -0.731226
-17.261336 -113.804703 -2794.805237 6106.727798 -0.422225 0.618423 -0.662781 0.717306 0.674979 0.172845 0.554255 -0.402437 -0.728591
-18.864342 -120.399237 -1382.564164 5443.396652 -0.437296 0.628259 -0.643478 0.796821 0.602411 0.046658 0.416951 -0.492333 -0.764042
-15.462500 -63.692785 655.284175 8521.765213 -0.428711 0.778311 -0.458737 0.034521 -0.493283 -0.869184 0.902782 0.388465 -0.184608
-16.254441 -62.941184 2610.513156 9938.738757 -0.423593 0.783868 -0.454004 0.065797 -0.473241 -0.878472 0.903460 0.401987 -0.148886
-15.959333 -61.117617 1418.981370 13316.955137 -0.404812 0.801506 -0.440131 -0.026459 -0.491399 -0.870532 0.914017 0.340757 -0.220132
-14.462417 -58.750496 -41.618093 3315.288559 -0.415176 0.814010 -0.406221 -0.066643 -0.472538 -0.878787 0.907297 0.337780 -0.250435
-13.298168 -221.123542 -4171.085517 -21477.561954 -0.624547 0.709852 -0.325654 0.355557 0.629695 0.690697 -0.695356 -0.315584 0.645667
-6.697095 -226.317985 -6486.138441 -34488.846815 -0.632871 0.727275 -0.265602 0.415567 0.608512 0.676030 -0.653282 -0.317465 0.687342
-15.427031 -239.514866 -3856.588265 -24694.502653 -0.634729 0.706543 -0.312916 0.518186 0.689582 0.505924 -0.573238 -0.158976 0.803819
-23.329670 -250.305758 2662.258912 -17212.867471 0.623665 -0.694661 0.358451 0.547205 0.715439 0.434411 -0.558219 -0.074781 0.826317
-18.470313 -260.330160 -3602.524596 -26391.247810 -0.630407 0.707620 -0.319157 0.664298 0.704486 0.249813 -0.401615 0.054532 0.914184
-4.608665 -121.688489 3528.866536 3116.049056 -0.404036 0.711734 -0.574621 0.584023 0.684192 0.436804 -0.704040 0.159107 0.692108
-0.349764 -116.646459 2960.184628 4579.063536 -0.406937 0.714303 -0.569363 0.566092 0.686389 0.456520 -0.716897 0.136537 0.683678
-3.771757 -126.862215 -5532.561444 9365.446979 0.413559 -0.692799 0.590761 0.450991 0.719529 0.528095 -0.790934 0.048030 0.610014
-7.539676 -134.686270 -4671.839098 7357.066838 0.423100 -0.683987 0.594263 0.417348 0.729257 0.542222 -0.804243 0.018600 0.594010
-6.488803 -140.803486 -3704.666690 10210.177231 0.433910 -0.681873 0.588872 0.256891 0.720112 0.644550 -0.863556 -0.128401 0.487632
65.466107 -42.459649 -12307.958075 2453.448103 0.114791 -0.775585 0.620718 0.910068 -0.168393 -0.378708 0.398245 0.608368 0.686505
38.016061 -48.104165 -20761.977042 2549.153815 0.053535 -0.670484 0.739990 0.893621 -0.298532 -0.335141 0.445617 0.679213 0.583177
59.224581 -42.089185 -14230.977552 5321.552309 0.072738 -0.751035 0.656243 0.877299 -0.264798 -0.400287 0.474401 0.604838 0.639621
37.247785 -108.132835 -4402.402531 -16783.330379 -0.644502 0.732742 -0.218416 0.528761 0.633474 0.564909 -0.552294 -0.248596 0.795721
41.179112 -101.617027 -1563.072809 -11126.480583 -0.649213 0.691392 -0.317018 0.394128 0.662268 0.637232 -0.650528 -0.288754 0.702449
44.874319 -124.357970 -1380.775911 -14830.509021 -0.597570 0.737454 -0.314758 0.497159 0.648763 0.576143 -0.629081 -0.187801 0.754312
44.107059 -122.482756 -1751.739658 -8559.194233 -0.596242 0.759008 -0.261538 0.625432 0.643415 0.441420 -0.503319 -0.099619 0.858339
46.360467 -131.885830 2102.829440 -7112.913486 -0.558349 0.759517 -0.333736 0.615734 0.648997 0.446850 -0.555984 -0.044005 0.830028
43.117311 -133.954459 2794.041539 -12839.061871 -0.553714 0.740182 -0.381485 0.479394 0.657947 0.580764 -0.680868 -0.138696 0.719153
8.306475 -275.419589 1705.135692 39522.799552 -0.474879 0.832034 -0.286721 0.664095 0.552578 0.503622 -0.577466 -0.048750 0.814958
11.070707 -256.882430 -7499.464423 14548.776378 -0.470134 0.843320 -0.260358 0.735729 0.537408 0.412184 -0.487521 -0.002229 0.873108
8.685214 -274.737837 2440.978998 -35569.895500 -0.478227 0.834606 -0.273370 0.779541 0.546760 0.305563 -0.404492 0.066975 0.912086
6.826950 -287.943604 3619.974388 -38326.223560 -0.469029 0.839642 -0.273886 0.774478 0.540075 0.329396 -0.424494 0.057622 0.903595
7.884186 -269.047151 1580.598058 17519.759308 -0.492662 0.819158 -0.293707 0.606106 0.565186 0.559643 -0.624435 -0.097697 0.774943
-16.577764 -37.696012 -727.660846 4703.726540 -0.518315 0.852380 -0.069269 0.781857 0.439496 -0.442201 0.346480 0.283358 0.894237
-16.684929 -42.838930 -2058.076233 3207.357104 -0.529777 0.847021 -0.043503 0.790929 0.474873 -0.385911 0.306216 0.238855 0.921510
-13.969161 -37.066415 -3495.580057 4605.018641 -0.570476 0.821302 0.004450 0.734967 0.512910 -0.443561 0.366580 0.249770 0.896233
-12.864949 -29.690510 -1754.857514 4990.056980 -0.584331 0.811515 -0.000791 0.702536 0.505373 -0.501039 0.406201 0.293329 0.865424
-14.715323 -30.366720 -507.520899 5607.553710 -0.503083 0.859200 -0.093184 0.771690 0.398046 -0.496039 0.389105 0.321458 0.863286
-17.404403 -37.411449 1240.749910 4899.610391 -0.435873 0.886576 -0.154915 0.836757 0.335804 -0.432520 0.331440 0.318150 0.888216
27.067750 -73.576559 -17484.539711 2745.145321 -0.540983 0.296833 -0.786910 0.731097 0.628477 -0.265543 0.415733 -0.718962 -0.557010
42.983039 -79.686675 -10619.936076 2819.909951 -0.544286 0.394830 -0.740177 0.754583 0.615942 -0.226319 0.366548 -0.681707 -0.633181
36.691123 -83.308952 -17808.992512 8214.292328 -0.572728 0.296999 -0.764051 0.750533 0.564822 -0.343040 0.329671 -0.769914 -0.546397
29.380732 -73.673648 -14322.277621 -3324.503881 -0.510452 0.369195 -0.776617 0.737138 0.652926 -0.174110 0.442793 -0.661349 -0.605436
11.245024 -70.641725 -14274.741249 -1697.171719 -0.530693 0.305685 -0.790520 0.695999 0.689442 -0.200639 0.483685 -0.656679 -0.578638
-30.843078 -45.495106 -3749.885477 1770.252335 -0.082099 0.923310 -0.375178 -0.887956 -0.238703 -0.393136 0.452542 -0.300866 -0.839455
-34.073108 -47.855938 -2791.649248 496.961857 -0.026840 0.941524 -0.335876 -0.924159 -0.151453 -0.350702 0.381064 -0.300990 -0.874183
-31.926139 -48.734803 -1761.418123 924.007104 0.071987 0.965192 -0.251439 -0.910659 -0.039225 -0.411293 0.406840 -0.258582 -0.876137
-28.458250 -44.130169 -71.772390 -2953.742705 0.018376 0.965264 -0.260631 -0.857758 -0.118718 -0.500158 0.513726 -0.232749 -0.825781
13.340278 -37.419169 -3245.418273 5237.273943 0.036994 -0.910379 0.412118 0.967750 -0.070195 -0.241933 0.249180 0.407777 0.878423
7.637083 -33.154409 -3459.264190 5774.013660 0.058202 -0.903734 0.424119 0.956343 -0.071404 -0.283390 0.286393 0.422097 0.860124
14.196491 -30.611681 -3522.503551 6581.025507 0.016267 -0.907150 0.420494 0.952434 -0.113936 -0.282643 0.304309 0.405091 0.862147
-64.996068 -1722.972350 -74788.827367 863750.540857 0.403928 0.313112 0.859536 0.701767 0.496680 -0.510717 -0.586826 0.809487 -0.019108
-134.721378 -2084.653455 -42561.978632 894080.911603 0.418937 0.545303 0.726041 -0.063183 0.815160 -0.575779 -0.905814 0.195342 0.375955
-508.733881 -1950.040379 -191327.955277 234105.532557 0.402581 0.310821 0.860999 0.376444 0.801154 -0.465233 -0.834397 0.511412 0.205523
-14.360044 -1010.537186 -11821.221566 429508.803494 0.428243 0.301833 0.851766 0.443957 0.750704 -0.489229 -0.787090 0.587656 0.187483
-352.025680 -2430.124946 -167134.211607 1198953.999665 0.402645 0.303457 0.863592 0.851533 0.221939 -0.475010 -0.335810 0.926638 -0.169041
-114.089452 -163.780389 524468.777705 -80703.673755 0.979749 -0.150721 0.131817 -0.092069 0.245495 0.965016 0.177808 0.957609 -0.226646
-38.145036 -858.847383 -19662.553593 364967.745035 0.409601 0.184843 0.893342 0.846425 0.288266 -0.447735 -0.340281 0.939540 -0.038382
-31.279057 -48.580985 -9393.761749 -9077.084288 -0.465587 -0.010952 0.884935 0.847983 0.280657 0.449619 -0.253287 0.959746 -0.121383
-9.930565 -18.895292 -2022.475057 -1193.209441 -0.230744 0.050946 0.971680 0.936114 0.284030 0.207406 -0.265420 0.957461 -0.113230
-12.639087 -39.591277 -436.344212 20786.548145 0.276842 0.198810 0.940124 0.927545 0.200305 -0.315497 -0.251035 0.959350 -0.128952
-16.536423 -47.205508 992.624801 203.897776 0.329758 -0.901447 0.280451 0.934976 0.270715 -0.229203 0.130692 0.337796 0.932102
-17.581029 -53.027850 2220.763656 -3955.047944 0.312814 -0.912398 0.263965 0.935518 0.247930 -0.251669 0.164178 0.325670 0.931120
-17.028359 -56.375342 -1492.561462 -3906.658873 0.339705 -0.887318 0.311876 0.923955 0.252854 -0.287006 0.175807 0.385656 0.905738
-14.974265 -50.087368 -3251.080327 39.407680 0.361036 -0.872828 0.328366 0.924010 0.287270 -0.252351 0.125929 0.394521 0.910217
-14.930276 -41.192502 -3013.310067 -2106.131846 0.095265 0.992025 -0.082531 -0.720843 0.011570 -0.693002 0.686520 -0.125511 -0.716197
-18.873022 -41.905264 -3793.405559 -2075.416377 0.103366 0.994109 -0.032611 -0.701148 0.049571 -0.711290 0.705483 -0.096388 -0.702142
-14.432405 -38.722737 -3111.695118 -2344.021744 0.038008 0.989273 -0.141047 -0.669745 -0.079535 -0.738319 0.741618 -0.122527 -0.659538
-12.223768 -38.073526 6.567891 -1620.123714 0.045997 0.988336 -0.145175 -0.709567 -0.069968 -0.701156 0.703135 -0.135262 -0.698072
-8.686240 -40.263494 2209.951582 -2449.891134 -0.139726 0.699811 -0.700530 -0.737107 -0.545905 -0.398323 0.661173 -0.460709 -0.592112
-9.076540 -39.361839 2544.181955 -697.156429 -0.119405 0.715219 -0.688624 -0.707527 -0.547879 -0.446356 0.696526 -0.433923 -0.571456
-10.683132 -40.128890 4735.525601 107.001100 -0.068303 0.753201 -0.654235 -0.732156 -0.483298 -0.479969 0.677704 -0.446219 -0.584471
-57.924242 -95.889425 -2321.070313 -4309.264928 -0.326528 0.902007 0.282424 -0.229829 -0.365604 0.901949 -0.916820 -0.229602 -0.326687
-51.557829 -91.550816 2566.598402 -4467.859396 -0.441912 0.774903 0.451929 -0.124743 -0.551978 0.824475 -0.888343 -0.307970 -0.340589
-48.218325 -81.952807 1653.545968 9099.600651 -0.525553 0.652838 0.545524 0.138608 0.698356 -0.702201 -0.839394 -0.293430 -0.457512
12.324802 -92.293254 14834.839073 9309.589875 -0.536528 0.691361 0.483899 0.783087 0.621596 -0.019836 -0.314503 0.368293 -0.874899
25.261773 -66.617092 -38848.528166 916.209196 0.722243 -0.425150 -0.545538 0.597286 0.781100 0.182023 -0.348733 0.457307 -0.818081
1.351300 -75.962265 20123.815425 -3646.280939 -0.258919 0.836716 0.482563 -0.856267 -0.430015 0.286172 -0.446954 0.339107 -0.827791
14.793092 -22.298030 1718.539276 -3702.100947 0.891230 -0.262217 0.370069 -0.018636 -0.836419 -0.547773 -0.453168 -0.481295 0.750329
17.553765 -27.550824 -3412.810266 2959.770989 0.855686 -0.374217 0.357441 0.112293 0.808524 0.577650 -0.505166 -0.454149 0.733864
12.974687 -21.140958 1021.525370 3619.665196 0.859354 -0.429529 0.277517 0.208430 0.789754 0.576928 -0.466978 -0.437942 0.768205
11.981077 -29.287820 -4687.406399 4293.167839 0.819190 -0.491368 0.295779 0.251188 0.771019 0.585179 -0.515589 -0.405077 0.755036
7.131013 -13.006837 6431.876633 -2720.203983 0.900250 -0.328872 0.285294 -0.120373 -0.817760 -0.562831 -0.418402 -0.472347 0.775776
10.514296 -13.958942 5040.299775 -1813.682114 0.821719 -0.553064 0.137471 -0.374979 -0.706359 -0.600372 -0.429148 -0.441789 0.787816
12.199890 -20.609088 -2152.490750 3059.241444 0.789738 -0.585922 0.181683 0.386501 0.705243 0.594347 -0.476372 -0.399158 0.783417
47.927519 -59.128821 11972.183869 -1993.052905 -0.403680 0.914432 -0.029276 -0.053927 0.008161 0.998512 -0.913309 -0.404658 -0.046018
47.755116 -55.852691 -224.505226 1333.050487 -0.534326 0.845229 -0.009140 -0.055382 -0.024217 0.998172 -0.843462 -0.533856 -0.059750
43.763867 -56.100719 9017.260412 1524.638085 -0.437701 0.896087 -0.073796 -0.160943 0.002667 0.986960 -0.884599 -0.443871 -0.143051
39.278643 -54.668832 -3438.584273 4294.017773 -0.569049 0.821987 -0.022797 -0.137405 -0.067717 0.988198 -0.810742 -0.565465 -0.151479
752.208227 -75.201679 -375674.344870 -7610.109535 0.917539 0.116242 0.380275 -0.230680 -0.623355 0.747138 -0.323896 0.773251 0.545138
378.339195 -60.941029 89912.951304 -2023.270962 0.931758 -0.362964 0.009204 -0.256051 -0.638909 0.725419 0.257421 0.678271 0.688246
367.992976 -66.028440 -38759.073607 -3462.505610 0.956589 -0.265444 0.120318 -0.277889 -0.706333 0.651054 0.087834 0.656226 0.749435
941.561115 -69.156250 -432006.077607 9176.069396 0.805112 0.124960 0.579810 -0.330171 -0.717667 0.613140 -0.492729 0.685083 0.536544
26.550026 -121.559581 -5193.967553 -3594.950692 0.609072 -0.551901 -0.569593 0.587652 -0.168268 0.791424 0.532632 0.816756 -0.221839
-8.862020 -103.894622 -454.113607 5337.421317 -0.070518 0.971690 0.225488 -0.763576 -0.198038 0.614600 -0.641856 0.128837 -0.755924
-10.485996 -105.580964 -905.896748 -3567.201037 -0.098228 0.969889 0.222858 -0.956094 -0.154107 0.249269 -0.276107 0.188588 -0.942443
0.124376 -60.401769 2038.030478 3548.395812 -0.616483 0.733806 0.285444 0.618855 0.675715 -0.400534 0.486793 0.070274 0.870686
0.811242 -57.520714 2794.975926 -363.634386 -0.635281 0.714932 0.292045 0.581284 0.691631 -0.428667 0.508455 0.102563 0.854958
4.095710 -58.448702 1557.650790 -4296.884023 -0.584158 0.766561 0.266729 0.603768 0.630037 -0.488383 0.542425 0.124250 0.830865
4.345411 -57.204472 4077.208371 -5364.124743 -0.613155 0.741273 0.273049 0.560476 0.651799 -0.510906 0.556693 0.160227 0.815120
12.967332 -45.344498 14277.203213 -181.648770 0.379973 0.684620 -0.622026 0.276882 0.557447 0.782681 -0.882585 0.469625 -0.022256
-4.991265 -43.724718 -7184.438631 548.675420 -0.322826 -0.598487 0.733210 0.233981 0.700175 0.674542 -0.917080 0.389317 -0.086000
95.981621 -53.218006 -12487.284221 -684.020838 -0.006763 0.982307 -0.187154 -0.678809 0.132921 0.722185 -0.734284 -0.131926 -0.665900
88.882901 -54.701740 -11956.594164 -553.306942 -0.033734 0.969780 -0.241637 -0.605461 0.172529 0.776949 -0.795159 -0.172512 -0.581344
75.295183 -56.184323 -6579.147284 -1301.608944 -0.086284 0.934873 -0.344336 -0.604274 0.225682 0.764147 -0.792091 -0.274007 -0.545446
7.109224 -127.745932 699.801101 9986.597896 0.893067 0.146112 0.425538 -0.159237 0.987229 -0.004785 -0.420802 -0.063488 0.904928
5.155476 -109.544294 1342.131928 10184.741604 0.896192 0.137353 0.421870 -0.068400 0.982277 -0.174506 -0.438362 0.127535 0.889704
3.987027 -121.882931 1435.257368 10716.323833 0.895586 0.141923 0.421643 -0.141145 0.989431 -0.033240 -0.421904 -0.029743 0.906152
-1.341664 -80.587922 14.681160 -3618.771971 -0.664864 0.427079 0.612828 0.710457 0.108210 0.695372 0.230665 0.897716 -0.375366
-0.303439 -81.963710 -715.727015 -4656.490426 0.681636 -0.424438 -0.596007 0.670670 0.036764 0.740844 0.292531 0.904710 -0.309717
-2.845904 -78.493553 2014.211915 -2982.676322 -0.683835 0.412015 0.602173 0.700404 0.139413 0.699999 0.204460 0.900449 -0.383912
7.362908 -159.335636 158.791424 -2114.458282 0.898237 0.316977 0.304460 -0.241929 -0.221747 0.944616 -0.366935 0.922146 0.122495
5.762106 -159.407836 911.894657 -877.305505 0.899463 0.273515 0.340817 -0.075539 -0.670852 0.737734 -0.430419 0.689309 0.582746
0.811084 -164.657348 1645.866007 978.126640 0.898620 0.227358 0.375220 -0.047770 -0.799455 0.598823 -0.436119 0.556039 0.707546
-19.586220 -621.061206 12734.212290 232689.343594 0.985067 0.124648 -0.118770 0.012087 -0.738194 -0.674480 0.171748 -0.662973 0.728677
-66.230502 -856.560168 11462.670596 319383.952520 0.987159 0.114025 -0.111871 0.005262 -0.723165 -0.690655 0.159653 -0.681198 0.714479
-108.290403 -1520.819084 -3351.198798 481944.878119 0.974774 0.219372 -0.041137 0.200538 -0.941728 -0.270059 0.097984 -0.254997 0.961964
576.617918 -3163.868944 293716.021490 141762.953304 0.837896 0.198389 0.508500 0.401562 -0.855046 -0.328093 -0.369701 -0.479102 0.796105
-14.580006 -3379.401545 8903.163608 -189422.134817 0.868268 0.070733 0.491027 0.482777 -0.348279 -0.803510 -0.114180 -0.934719 0.336547
