13286
26559
-35.964654 -54.862404 1407.653793 -6640.239161 0.972671 -0.055369 0.225489 -0.162427 0.531707 0.831207 0.165918 0.845116 -0.508183
-40.665375 -64.362006 243.723643 -5220.130168 0.979831 -0.036928 0.196388 -0.164500 0.408917 0.897623 0.113454 0.911824 -0.394595
-37.556014 -68.114311 2206.001065 -10228.613189 0.961661 -0.261860 -0.081469 0.189552 0.419997 0.887509 0.198186 0.868926 -0.453530
-37.266046 -55.741264 -97.741944 -4892.770382 0.904297 0.156220 0.397294 -0.422449 0.461557 0.780065 0.061512 0.873247 -0.483380
-29.032136 -45.765196 3160.765383 -5404.448951 0.963297 -0.129414 0.235184 -0.109118 0.611693 0.783534 0.245260 0.780438 -0.575121
-31.070004 -44.627337 489.039647 -3758.231462 0.817503 0.235800 0.525440 -0.560178 0.537439 0.630364 0.133752 0.809665 -0.571448
-21.245559 -162.633978 -591.472359 62910.082137 0.838946 0.122735 0.530195 -0.408923 0.785016 0.465330 0.359099 0.607195 -0.708775
-22.780439 -192.702896 -5046.782574 63437.653159 0.869156 -0.019072 0.494171 -0.254263 0.839833 0.479615 0.424168 0.542510 -0.725096
-76.695550 -251.820177 7222.542948 79847.510023 0.860626 -0.077299 0.503336 -0.269949 0.768854 0.579647 0.431798 0.634734 -0.640830
25.057274 5.651181 -4551.747711 -2599.498574 0.056184 0.888555 -0.455317 -0.748362 0.339353 0.569907 -0.660907 -0.308722 -0.684027
25.463557 6.752003 -5122.241188 77.156727 -0.010897 0.912937 -0.407954 -0.729694 0.271686 0.627482 -0.683687 -0.304519 -0.663204
30.032368 9.237560 -1712.918373 -3167.229600 0.142910 0.898804 -0.414401 -0.743007 0.374032 0.555014 -0.653848 -0.228586 -0.721271
29.797866 5.134350 -168.448614 -2084.735955 0.184437 0.906060 -0.380838 -0.742530 0.382319 0.549982 -0.643919 -0.181346 -0.743291
25.856285 1.696599 -4356.978053 -1603.380986 0.113044 0.865234 -0.488458 -0.735758 0.403282 0.544080 -0.667743 -0.297882 -0.682192
-3.047796 -37.584139 -240.842745 -1902.713936 -0.865812 -0.033334 -0.499257 -0.134742 0.976453 0.168476 0.481886 0.213140 -0.849916
-3.571015 -31.613115 -869.847515 1400.048109 -0.856769 -0.054832 -0.512777 -0.144064 0.980193 0.135894 0.495169 0.190303 -0.847698
-4.881760 -37.027657 83.376837 -1514.643405 -0.866165 -0.066944 -0.495254 -0.173469 0.969647 0.172317 0.468686 0.235167 -0.851487
-5.547973 -40.451998 99.494328 -4255.962142 -0.870303 -0.048463 -0.490127 -0.171149 0.962888 0.208695 0.461823 0.265513 -0.846299
32.086474 -63.403111 1600.661398 1523.599506 0.940686 0.186132 0.283662 -0.022612 0.868613 -0.494975 0.338523 -0.459202 -0.821301
29.674314 -63.271938 -1789.595604 1958.071720 -0.916738 -0.202164 -0.344559 -0.031154 0.896052 -0.442855 0.398272 -0.395247 -0.827743
38.258903 -65.533151 1181.593401 -5462.117879 0.961962 0.141230 0.233843 -0.028322 0.902943 -0.428826 0.271710 -0.405892 -0.872597
48.007469 -70.191752 2316.339753 -6615.033354 0.988642 0.075190 0.130130 -0.004575 0.880509 -0.474007 0.150222 -0.468028 -0.870852
42.771309 -64.453999 4308.237591 -254.694821 0.962183 0.167385 0.214908 -0.025494 0.840806 -0.540736 0.271208 -0.514808 -0.813277
2.652126 -72.032329 -2587.236529 1349.005403 0.908257 -0.379523 -0.176158 0.021190 0.462197 -0.886524 -0.417876 -0.801459 -0.427836
-3.221651 -77.772257 -1690.706301 2564.173890 0.918925 -0.374427 -0.124022 0.032025 0.384218 -0.922687 -0.393130 -0.843908 -0.365059
5.199623 -75.820846 -3677.353703 2207.635508 0.901185 -0.390897 -0.187258 -0.051452 0.332500 -0.941699 -0.430371 -0.858279 -0.279531
20.851162 -79.898671 -6141.888752 1031.547014 0.899991 -0.382672 -0.208752 -0.119676 0.243576 -0.962470 -0.419158 -0.891197 -0.173420
15.675390 -76.387168 -5366.989630 539.177818 0.907067 -0.360417 -0.217552 -0.043479 0.433801 -0.899959 -0.418735 -0.825782 -0.377816
9.928530 -79.768236 -4119.492109 1930.625811 0.902207 -0.394904 -0.173417 -0.116326 0.164380 -0.979514 -0.415320 -0.903897 -0.102367
-5.133323 -87.547082 -250.414114 -4259.284063 0.959719 -0.278884 -0.034108 -0.278776 -0.930097 -0.239171 -0.034977 -0.239045 0.970378
-5.316813 -81.655121 -113.526138 -7803.308960 0.964444 -0.261224 -0.040116 -0.263373 -0.962586 -0.063748 0.021963 -0.072046 0.997159
-2.934558 -76.485464 -590.442754 8436.497992 0.954677 -0.296403 -0.027165 0.296778 0.954884 0.010903 0.022708 -0.018471 0.999572
-8.626514 -95.126319 -376.524439 -4222.811041 0.970578 -0.239136 -0.028158 -0.235598 -0.918995 -0.316134 -0.049722 -0.313467 0.948296
1.872521 -44.190143 5198.084097 -1051.359567 0.254672 0.966881 0.016852 -0.699715 0.172217 0.693354 -0.667488 0.188369 -0.720400
2.534220 -48.120930 5429.645242 -1490.903722 0.308742 0.950055 -0.045545 -0.577419 0.225267 0.784756 -0.755821 0.215989 -0.618129
16.732208 -48.292788 7075.182891 -986.192305 0.286227 0.958159 -0.002375 -0.637304 0.192229 0.746252 -0.715485 0.212084 -0.665659
6.388984 -42.747854 5648.909792 -987.015145 0.231327 0.971897 0.043626 -0.765755 0.154236 0.624364 -0.600089 0.177840 -0.779914
-2.403820 -39.387776 3765.253574 -1064.361988 0.163964 0.983869 0.071533 -0.805241 0.091602 0.585830 -0.569827 0.153657 -0.807271
15.730819 -45.660698 6904.360150 -555.669601 0.246348 0.968660 0.031780 -0.734077 0.165078 0.658696 -0.632807 0.185597 -0.751738
2.552792 -63.298548 -2218.925020 2678.803442 0.072622 0.952717 -0.295052 0.967577 -0.139054 -0.210851 -0.241909 -0.270173 -0.931926
-0.701220 -67.391968 -2265.741104 -2989.770262 0.079764 0.948994 -0.305038 -0.910044 0.194201 0.366205 -0.406765 -0.248388 -0.879116
-4.863058 -68.801568 -33.101142 -3302.143761 0.156806 0.942880 -0.293920 -0.909943 0.253620 0.328148 -0.383948 -0.215994 -0.897736
10.267076 -63.615302 -4104.093299 -2448.708828 0.011444 0.959447 -0.281657 -0.932608 0.111851 0.343120 -0.360709 -0.258749 -0.896068
-2.407675 -66.333335 -377.628139 2063.363894 0.151569 0.942971 -0.296365 0.957653 -0.214348 -0.192240 -0.244802 -0.254678 -0.935527
1.639291 -61.988463 -1957.866543 -186.212786 0.091512 0.948059 -0.304647 0.986963 -0.127026 -0.098832 -0.132397 -0.291631 -0.947324
13.507014 -61.592222 -3972.040410 2380.288085 -0.017099 0.962728 -0.269932 0.982631 -0.033712 -0.182481 -0.184779 -0.268364 -0.945430
9.939707 -61.377510 -3412.664812 -411.634400 0.011321 0.956526 -0.291428 0.996960 -0.033267 -0.070460 -0.077092 -0.289744 -0.953994
-7.765772 -116.538145 1113.770494 -3486.120140 0.257990 0.871480 -0.417090 0.127223 0.397301 0.908827 -0.957734 0.287532 0.008373
-9.215911 -110.360036 970.106278 -5602.156992 0.252499 0.888370 -0.383462 -0.155553 0.428417 0.890091 -0.955012 0.165098 -0.246363
-10.819998 -107.934902 -608.224971 -6919.691427 0.223440 0.879836 -0.419479 -0.149857 0.456251 0.877142 -0.963129 0.133127 -0.233795
-8.641868 -106.967436 -970.063313 -3924.713565 0.206292 0.873685 -0.440589 0.050036 0.440266 0.896472 -0.977210 0.206981 -0.047108
-6.465198 -110.061298 -499.924364 -575.612966 0.215314 0.867533 -0.448360 0.269313 0.388573 0.881182 -0.938675 0.310479 0.149973
-3.367372 -118.158486 250.543820 1906.028801 0.230897 0.868968 -0.437700 0.449464 0.303721 0.840081 -0.862942 0.390703 0.320442
-2.687501 -115.547337 1714.501975 514.811017 0.266927 0.869236 -0.416148 0.365424 0.308277 0.878311 -0.891748 0.386516 0.235352
14.098920 -17.059312 2460.544440 269.916180 0.738073 -0.083622 -0.669519 0.465215 -0.655640 0.594737 0.488696 0.750429 0.445007
15.461546 -20.943602 2357.416341 2143.034673 0.740062 -0.059470 -0.669904 0.497803 -0.621331 0.605095 0.452217 0.781288 0.430220
9.908342 -19.349722 1749.920429 1071.034787 0.713464 -0.076723 -0.696479 0.503048 -0.635843 0.585360 0.487762 0.767996 0.415056
7.960439 -20.089618 2465.815020 -1221.281500 0.731831 -0.130814 -0.668813 0.437668 -0.662043 0.608397 0.522370 0.737961 0.427250
12.413604 -22.271731 2341.551034 -2191.162399 0.756922 -0.127297 -0.640987 0.407141 -0.675372 0.614906 0.511181 0.726408 0.459376
-2.497616 -233.792780 2662.365514 4859.672490 0.052775 0.901248 -0.430077 0.218655 0.409797 0.885582 -0.974374 0.140775 0.175436
-3.412731 -216.937192 1784.320990 -18256.689030 0.047795 0.902048 -0.428981 -0.173867 0.430429 0.885721 -0.983609 -0.032253 -0.177409
-4.617076 -223.231955 957.611823 6824.095523 0.031701 0.905685 -0.422764 0.196120 0.409118 0.891156 -0.980067 0.111163 0.164654
-5.887231 -222.417050 1426.243195 21500.530307 0.021506 0.904454 -0.426028 0.524248 0.352641 0.775118 -0.851294 0.240014 0.466574
-3.978574 -221.877841 1311.361797 19561.807171 0.029852 0.899500 -0.435899 0.495032 0.365551 0.788236 -0.868362 0.239315 0.434369
25.452988 -36.437815 1128.560630 -1569.857984 -0.262272 0.953487 0.148580 0.964885 0.261426 0.025547 -0.014484 0.150063 -0.988570
24.017774 -34.517255 2388.397813 699.048660 -0.180620 0.971988 0.150383 0.978933 0.192459 -0.068182 -0.095215 0.134900 -0.986274
29.634126 -39.001968 4055.858760 333.878503 -0.204648 0.972715 0.109291 0.978002 0.207803 -0.018182 -0.040397 0.103166 -0.993844
21.317511 -31.378720 -699.640997 345.552116 -0.253510 0.952079 0.171108 0.965195 0.260715 -0.020659 -0.064279 0.159915 -0.985036
-2760.410233 -53989.830109 5034682.594356 -22595812.303549 0.772864 -0.325307 -0.544846 0.524338 -0.156234 0.837054 0.357423 0.932613 -0.049823
-101.755999 -594.010678 4657.463779 189213.127860 -0.241355 0.870912 0.428089 -0.313100 0.347655 -0.883801 0.918540 0.347345 -0.188774
-78.204093 -180.807770 -1243.403145 57679.660934 -0.351497 0.902263 -0.249742 0.042824 -0.250989 -0.967042 0.935209 0.350607 -0.049583
72.684560 -261.668561 -23773.376512 -52912.921671 0.110343 0.550690 -0.827385 -0.617461 0.690312 0.377110 0.778824 0.469266 0.416201
11.709408 -96.877851 -5075.762088 -22793.093317 0.028354 0.126927 -0.991507 -0.078459 0.989128 0.124379 0.996514 0.074266 0.038004
-926.482110 -7577.779354 -210605.743214 -1578909.529883 0.085551 0.959638 0.267911 0.443242 -0.277480 0.852374 -0.892310 -0.045828 0.449091
-405.190730 -4761.306860 -174219.773895 -2878063.843400 0.143952 0.954659 0.260583 -0.822871 -0.030794 0.567393 -0.549691 0.296104 -0.781129
-171.267290 -1526.846184 -33560.434241 -331573.743207 0.318223 0.941409 0.111726 0.562465 -0.282357 0.777115 -0.763130 0.184454 0.619362
16.157294 -2049.288252 4191.983161 -378987.849881 0.119723 0.992770 0.008569 0.980899 -0.116950 -0.155434 0.153308 -0.027014 0.987809
-1226.811611 -10935.169462 -243384.632335 290069.628868 0.104056 0.977449 0.183754 0.898063 -0.012948 -0.439676 0.427382 -0.210774 0.879158
17.421206 -73.858459 -4233.237939 -5176.494753 0.143258 0.950620 -0.275317 -0.299144 0.306766 0.903553 -0.943393 0.047082 -0.328319
19.562530 -67.603054 -4547.177681 -4048.015032 0.126521 0.948812 -0.289394 -0.435298 0.315253 0.843286 -0.891352 -0.019280 -0.452902
23.783268 -66.996794 -2036.340514 -5149.277209 0.178759 0.965512 -0.189295 -0.398151 0.246924 0.883461 -0.899734 0.082559 -0.428560
16.801171 -79.226541 -2261.889411 -6750.314072 0.187362 0.959918 -0.208452 -0.233475 0.249647 0.939769 -0.954141 0.127409 -0.270891
9.002304 -85.555876 -2740.017799 -6625.987523 0.147985 0.940461 -0.305997 -0.145441 0.326734 0.933859 -0.978237 0.093693 -0.185133
-860.998533 -17251.414351 43705.754160 5737953.056276 0.947456 -0.281697 -0.151572 -0.207914 -0.902387 0.377451 0.243104 0.326104 0.913541
-168.355641 -889.135422 -43037.781196 289268.136399 0.956699 -0.049776 0.286791 -0.167525 -0.899891 0.402656 -0.238038 0.433265 0.869263
-85.627178 -1417.507396 4316.922055 508053.145678 0.907077 -0.405161 0.114262 -0.420965 -0.872905 0.246628 0.000184 0.271811 0.962351
-83.662749 -413.691390 26043.253944 -135702.656016 0.884857 -0.396839 -0.244023 0.250914 0.847312 -0.468086 0.392518 0.352960 0.849322
-31.926602 -139.463349 7827.190555 41898.274038 0.824580 -0.539948 0.168890 -0.551762 -0.701565 0.450961 0.125009 0.465041 0.876419
6.951720 -42.832172 2729.950305 743.036449 0.864711 -0.130126 -0.485120 -0.495968 -0.068700 -0.865619 -0.079312 -0.989115 0.123944
10.098905 -44.782905 10.104886 -606.436207 0.836688 -0.189159 -0.513977 -0.544664 -0.189030 -0.817073 -0.057400 -0.963580 0.261187
6.806124 -41.872056 3783.673046 -515.665403 0.837321 -0.116820 -0.534085 -0.546548 -0.202752 -0.812513 0.013369 -0.972237 0.233616
1.095223 -38.449159 5355.746818 -1341.403489 0.794339 -0.109810 -0.597467 -0.599038 -0.304941 -0.740381 0.100891 -0.946019 0.308007
-1.096180 -39.718867 4270.506578 -212.907630 0.840843 -0.110011 -0.529981 -0.540747 -0.214112 -0.813480 0.023983 -0.970594 0.239523
-1.885734 -40.493506 3000.006798 147.829045 0.879940 -0.117041 -0.460442 -0.472490 -0.114439 -0.873875 -0.049586 -0.986512 0.156000
0.475842 -57.837447 -1815.824641 1937.774896 0.727617 -0.217414 -0.650619 -0.665237 0.007857 -0.746591 -0.167431 -0.976048 0.138915
4.561209 -66.896304 -1402.996191 2961.360023 0.707200 -0.189880 -0.681038 -0.692063 0.011132 -0.721752 -0.144628 -0.981744 0.123536
-0.739340 -55.046294 -2288.596619 -3835.674266 0.653260 -0.212241 -0.726777 0.701169 -0.192604 0.686488 -0.285681 -0.958049 0.022997
-4.453859 -51.699456 -1917.442120 1826.787408 0.696683 -0.213297 -0.684936 -0.674707 0.129562 -0.726626 -0.243729 -0.968358 0.053650
-2.794301 -50.352983 22.465078 -29.920621 0.788340 -0.188666 -0.585599 -0.597761 -0.009610 -0.801617 -0.145610 -0.981994 0.120354
1.814924 -55.038453 -163.131435 -43.555641 0.805944 -0.186632 -0.561804 -0.586368 -0.121166 -0.800931 -0.081408 -0.974929 0.207088
-8.230605 -33.065054 487.082158 -441.642320 0.841103 0.200627 -0.502289 -0.354327 -0.497256 -0.791952 0.408653 -0.844089 0.347156
-8.001810 -34.622561 -216.043968 2707.298981 0.859291 0.200937 -0.470365 -0.375673 -0.376142 -0.846987 0.347115 -0.904512 0.247729
-8.776193 -34.288704 -108.633291 -788.201803 0.840470 0.212119 -0.498614 -0.350201 -0.489544 -0.798565 0.413484 -0.845785 0.337162
-8.590460 -34.297548 608.270939 -3151.191967 0.826400 0.201914 -0.525636 -0.318589 -0.602045 -0.732149 0.464288 -0.772511 0.433202
-8.952712 -34.261776 -197.563415 -2716.385901 0.849999 0.176174 -0.496453 -0.302318 -0.608637 -0.733597 0.431400 -0.773643 0.464080
0.508816 -57.933508 149.871136 624.343750 0.843102 0.244969 -0.478717 -0.537249 0.422290 -0.730092 -0.023307 -0.872732 -0.487643
1.034336 -54.865342 626.447269 -2367.555579 0.844128 0.250849 -0.473838 -0.532636 0.493264 -0.687742 -0.061208 -0.832926 -0.549989
3.574925 -57.044719 93.729962 -1840.327594 0.834821 0.247139 -0.491932 -0.544907 0.498245 -0.674410 -0.078429 -0.831068 -0.550613
6.132829 -59.240764 531.132378 108.360855 0.821818 0.263586 -0.505111 -0.546007 0.617620 -0.566059 -0.162761 -0.740991 -0.651491
4.943631 -59.885015 664.827277 -851.844383 0.811143 0.271584 -0.517966 -0.582402 0.456004 -0.672955 -0.053431 -0.847527 -0.528056
-4.885292 -52.803506 -597.239485 -1692.230551 -0.551458 0.034873 0.833474 0.560173 -0.724871 0.400960 0.618143 0.688002 0.380201
-6.709607 -50.489931 437.191684 -2180.805970 0.556377 -0.039304 -0.830000 0.556258 -0.724416 0.407183 0.617270 0.688241 0.381185
-4.200363 -77.264204 1702.472042 10960.713322 0.513315 -0.026168 -0.857801 -0.520004 0.785669 -0.335142 0.682718 0.618093 0.389688
-7.056740 -56.936563 1293.893008 5873.241717 0.617535 -0.121057 -0.777172 0.543730 -0.648264 0.533021 0.568339 0.751731 0.334503
-0.419256 -54.693921 -1373.647070 -4475.155649 -0.535365 0.021795 0.844340 0.561383 -0.737718 0.374995 0.631057 0.674757 0.382713
-1.450629 -55.302254 1668.784672 4965.457094 0.611069 -0.128285 -0.781113 0.523724 -0.674405 0.520472 0.593555 0.727132 0.344922
-10.565498 -84.332501 258.453177 -81.670314 0.813905 0.080426 -0.575404 -0.565553 0.336511 -0.752935 -0.133075 -0.938239 -0.319373
-9.785825 -80.382528 1089.555226 -283.929858 0.803392 0.077534 -0.590380 -0.581551 0.315140 -0.749990 -0.127903 -0.945873 -0.298271
-11.210736 -82.720302 237.696520 -237.412013 0.819318 0.056789 -0.570520 -0.507969 0.533338 -0.676401 -0.265868 -0.843994 -0.465820
-10.881958 -86.091455 -62.405385 -371.141770 0.837278 0.072999 -0.541883 -0.489025 0.543287 -0.682417 -0.244582 -0.836367 -0.490581
-10.912853 -83.478862 -377.574632 -509.140388 0.835330 0.045054 -0.547899 -0.428708 0.677277 -0.597918 -0.344141 -0.734348 -0.585065
-11.294923 -84.826401 350.418183 -838.799968 0.815800 0.023905 -0.577839 -0.443288 0.667552 -0.598223 -0.371437 -0.744180 -0.555186
-11.705129 -85.433684 -1072.689848 -951.418198 0.815255 0.015461 -0.578896 -0.417881 0.707767 -0.569597 -0.400918 -0.706276 -0.583471
9.083884 -72.557835 -46.709295 -1168.368533 0.790441 0.126264 -0.599383 -0.608641 0.272096 -0.745332 -0.068981 -0.953950 -0.291926
8.342486 -68.010208 883.902646 -2511.324118 0.808925 0.157094 -0.566535 -0.587318 0.259223 -0.766721 -0.026411 -0.952956 -0.301956
9.906294 -70.607692 1204.673620 1186.274125 0.818510 0.156764 -0.552690 -0.557787 0.447166 -0.699225 -0.137531 -0.880607 -0.453450
-2.060629 -98.599238 -622.354870 -6557.862661 0.540135 0.017126 -0.841404 0.815788 -0.256272 0.518474 -0.206749 -0.966453 -0.152393
-3.054368 -134.974873 33.413279 -12411.589783 0.557984 0.017107 -0.829676 0.829253 0.026482 0.558245 0.031522 -0.999503 0.000590
-2.781422 -118.539319 1077.465847 -10421.724958 0.585826 0.049834 -0.808903 0.809610 -0.081065 0.581344 -0.036603 -0.995462 -0.087836
-1.285354 -98.157931 875.874531 -6509.447473 0.585868 0.026984 -0.809957 0.793092 -0.224584 0.566187 -0.166625 -0.974081 -0.152978
-0.170395 -94.447122 1512.571886 -5515.709118 0.581467 0.057650 -0.811525 0.783384 -0.308867 0.539362 -0.219559 -0.949357 -0.224757
-2.869532 -118.270993 499.285431 -9515.619770 0.602190 0.016639 -0.798179 0.793664 -0.120670 0.596268 -0.086395 -0.992553 -0.085872
-5.980297 -45.403535 840.568155 77.640162 0.739488 -0.146419 -0.657053 -0.141380 0.920509 -0.364246 0.658156 0.362250 0.660005
-4.472073 -46.788026 1012.787299 2172.009761 0.726018 -0.138257 -0.673635 -0.147042 0.925714 -0.348470 0.671772 0.352048 0.651755
-3.867683 -46.553504 1409.809697 454.433933 0.717574 -0.161510 -0.677497 -0.176626 0.898744 -0.401327 0.673715 0.407645 0.616388
-5.194027 -43.195821 801.194249 -2120.057931 0.744186 -0.194198 -0.639120 -0.150033 0.883763 -0.443231 0.650905 0.425736 0.628547
-3.816660 -42.825839 1582.877255 -916.985575 0.719716 -0.192697 -0.666991 -0.211622 0.854102 -0.475106 0.661230 0.483091 0.573932
-1.508923 -46.969548 1019.215167 513.719793 0.708098 -0.141681 -0.691754 -0.262569 0.856582 -0.444213 0.655480 0.496179 0.569343
-5.333262 -48.995422 3930.614060 1230.876274 0.870971 -0.118106 -0.476928 -0.467290 0.100818 -0.878337 -0.151819 -0.987870 -0.032620
3.443980 -48.622609 4511.129975 847.331755 0.856916 -0.102133 -0.505236 -0.502446 0.053313 -0.862963 -0.115073 -0.993341 0.005632
-5.109367 -49.448633 4024.242496 -300.619981 0.871146 -0.104178 -0.479846 -0.487604 -0.068381 -0.870383 -0.057863 -0.992205 0.110367
-5.859864 -48.942103 2900.787676 -1135.197549 0.870788 -0.119192 -0.476992 -0.491643 -0.203649 -0.846649 -0.003775 -0.971762 0.235935
-8.525450 -49.843531 1116.410512 -1448.600804 0.872760 -0.157742 -0.461961 -0.483737 -0.152520 -0.861821 -0.065488 -0.975631 0.209419
-8.652884 -49.711277 934.251584 420.830852 0.876323 -0.163311 -0.453197 -0.464492 -0.037080 -0.884801 -0.127693 -0.985878 0.108351
-1.276415 -252.145028 -450.961077 2892.283481 0.785689 0.096325 -0.611076 -0.287984 -0.817288 -0.499104 0.547501 -0.568121 0.614395
-2.454427 -259.840316 -1120.802195 17973.218296 0.774223 0.076933 -0.628220 -0.491336 -0.552621 -0.673200 0.398959 -0.829874 0.390052
-5.609472 -253.881099 726.308515 10411.199302 0.750134 0.112291 -0.651682 -0.455088 -0.627338 -0.631935 0.479786 -0.770609 0.419485
-3.074189 -238.995136 -106.353097 14609.600154 0.748444 0.064724 -0.660032 -0.620310 -0.283764 -0.731228 0.234621 -0.956707 0.172232
-2.937954 -130.792323 -242.119515 5168.333834 0.616229 -0.002181 -0.787564 -0.059705 0.996989 -0.049477 0.785301 0.077510 0.614244
-3.462050 -114.836150 471.316036 3463.054848 0.614630 -0.023263 -0.788472 -0.105185 0.988221 -0.111150 0.781771 0.151252 0.604944
-5.546880 -113.978411 30.648168 2550.562660 0.611458 0.025176 -0.790876 -0.260303 0.950263 -0.171001 0.747236 0.310428 0.587599
32.132472 -62.904034 1024.364843 10097.291871 0.756547 0.282052 -0.589986 -0.097615 0.940803 0.324593 0.646613 -0.187979 0.739294
40.017246 -45.098257 881.073749 63.538626 0.768468 0.373049 -0.519895 -0.219713 0.916912 0.333166 0.600985 -0.141800 0.786581
32.141201 -64.294268 1439.773931 14106.407692 0.703592 0.272278 -0.656371 -0.128872 0.957255 0.258949 0.698820 -0.097607 0.708606
187.610858 -2333.065120 178168.252983 286212.229221 0.408062 -0.390097 -0.825415 0.767064 -0.343782 0.541689 -0.495074 -0.854188 0.158945
11.169923 -2045.024718 7877.213539 -671998.266859 -0.204439 0.250961 0.946162 0.330331 0.927565 -0.174653 -0.921458 0.276841 -0.272531
744.583077 -2958.289979 -37297.515135 492538.491329 0.156484 0.807175 0.569193 0.601525 -0.534972 0.593273 -0.783378 -0.249546 0.569251
-29.286900 -1452.595442 -3815.694189 448703.618663 0.693231 -0.452023 -0.561343 -0.683766 -0.658680 -0.314013 0.227805 -0.601511 0.765695
-2.225063 -72.479557 -1028.689302 -1418.390142 0.490600 0.062196 -0.869163 0.791308 -0.449475 0.414491 -0.364888 -0.891125 -0.269728
-0.038420 -71.824722 -1333.046600 -77.145738 0.466726 0.075912 -0.881138 0.733066 -0.590564 0.337415 -0.494754 -0.803413 -0.331280
-4.587048 -67.809708 -572.568348 1143.574503 0.465604 0.093147 -0.880078 0.754595 -0.561356 0.339803 -0.462385 -0.822316 -0.331658
-5.640549 -68.699847 -321.296339 -2207.056591 0.495499 0.078816 -0.865025 0.799314 -0.431154 0.418574 -0.339969 -0.898829 -0.276635
-8.719582 -686.195488 -9121.283462 -132860.103859 0.448046 -0.509174 0.734845 0.869198 0.440407 -0.224804 -0.209167 0.739448 0.639895
-8.808843 -450.855013 -7211.749952 -114238.295399 0.482382 -0.522210 0.703281 0.588518 0.787880 0.181362 -0.648810 0.326408 0.687389
-9.444362 -354.484900 -6570.883133 -71714.634364 0.480075 -0.504805 0.717426 0.660286 0.746376 0.083336 -0.577538 0.433699 0.691632
-49.605302 -75.539359 58.089589 -5297.085632 0.975735 -0.167688 -0.140793 0.180135 0.249236 0.951542 0.124472 0.953815 -0.273394
-46.960039 -67.697895 -178.637140 -3713.987468 0.967582 0.063800 0.244366 -0.252054 0.305031 0.918382 0.015947 0.950203 -0.311224
-23.375927 -70.198863 4267.870750 638.323777 0.863491 0.009630 0.504272 0.321088 0.760541 -0.564340 0.388954 -0.649218 -0.653629
-18.148553 -65.481572 6025.269100 2908.586451 0.860141 0.059761 0.506544 0.203325 0.870620 -0.447972 0.467778 -0.488312 -0.736705
5.391223 -69.451185 13622.423704 1487.255079 0.819171 0.119421 0.560980 0.263643 0.790224 -0.553207 0.509364 -0.601069 -0.615844
-34.866025 -70.293725 1587.530640 1723.864676 0.908062 -0.039178 0.416999 0.268313 0.818908 -0.507344 0.321607 -0.572586 -0.754131
-14.004685 -70.320136 9769.073484 -438.170097 0.828461 0.110953 0.548946 0.340613 0.678239 -0.651133 0.444562 -0.726417 -0.524103
-35.369408 -71.454143 548.369904 -1932.987369 0.876327 -0.101188 0.470969 0.417933 0.645889 -0.638873 0.239548 -0.756695 -0.608300
-23.288298 -69.311346 4944.051852 -2084.516149 0.858972 0.008024 0.511959 0.395480 0.624675 -0.673332 0.325211 -0.780844 -0.533405
-1.313592 -63.309659 -10973.219919 -11014.920582 -0.685443 -0.041614 -0.726936 -0.101670 0.994055 0.038962 0.720993 0.100614 -0.685599
-11.401556 -114.766325 -8950.471174 -36589.580382 -0.775162 0.009136 -0.631697 0.036564 0.998868 -0.030422 0.630704 -0.046679 -0.774619
28.244033 6.274584 -1334.630650 646.721633 0.133327 0.910978 -0.390312 -0.714674 0.361225 0.598963 -0.686633 -0.199088 -0.699214
21.359727 -7.163977 -2921.207616 6984.010876 -0.031189 0.940975 -0.337035 -0.665688 0.231975 0.709258 -0.745578 -0.246481 -0.619161
15.993237 -4.143337 -4430.866433 4769.047683 -0.234857 0.943671 -0.233082 -0.661746 0.020417 0.749450 -0.711993 -0.330255 -0.619675
-2.630175 -31.286228 -1605.713358 -10.064985 -0.844152 -0.069518 -0.531578 -0.097030 0.994993 0.023963 0.527250 0.071808 -0.846671
-0.458689 -33.791150 -1384.227881 -109.906114 -0.848567 -0.062295 -0.525408 -0.125443 0.988418 0.085406 0.514002 0.138382 -0.846553
-2.306680 -34.508468 -1307.797036 447.457764 -0.848949 -0.088897 -0.520944 -0.065541 0.995851 -0.063129 0.524395 -0.019450 -0.851253
-3.781536 -31.704800 -319.286266 -1814.513655 -0.857721 -0.083887 -0.507225 -0.065713 0.996394 -0.053666 0.509898 -0.012699 -0.860141
-0.689542 -51.415378 -1854.342642 -3577.950064 0.908423 0.221124 0.354783 0.307601 0.221161 -0.925456 0.283105 -0.949838 -0.132890
-3.385954 -54.536510 -1949.234468 -3421.817811 0.895278 0.201940 0.397111 0.318534 0.333032 -0.887483 0.311469 -0.921038 -0.233831
-6.372876 -55.113713 -1520.909320 -3355.045140 0.896740 0.222097 0.382792 0.326535 0.251779 -0.911034 0.298717 -0.941956 -0.153258
-2.894131 -45.830110 -1760.342459 -1103.230924 0.905533 0.213787 0.366477 0.331169 0.183784 -0.925500 0.265212 -0.959437 -0.095623
-8.681301 -50.224993 -3.207413 -1910.494268 0.883813 0.261415 0.387990 0.345174 0.195442 -0.917964 0.315799 -0.945233 -0.082501
-9.453036 -57.303633 -56.970253 -3433.323391 0.890414 0.253626 0.377938 0.309256 0.272119 -0.911214 0.333952 -0.928237 -0.163863
22.945088 -63.114092 -3378.043661 6522.618842 -0.863522 -0.228166 -0.449744 -0.005835 0.896260 -0.443491 0.504277 -0.380340 -0.775272
26.221902 -55.763058 -3126.145065 -319.793291 -0.874901 -0.230764 -0.425789 -0.052598 0.919256 -0.390130 0.481437 -0.318930 -0.816396
-6.526005 -76.123267 -1522.792693 411.268511 0.918700 -0.375602 -0.122121 0.107315 0.534960 -0.838034 -0.380097 -0.756797 -0.531776
-10.938719 -77.374656 -2317.253961 2920.402338 0.916260 -0.387877 -0.100096 0.073667 0.408768 -0.909660 -0.393753 -0.826112 -0.403111
-1.864811 -67.445527 -573.485236 -6570.742409 0.954799 -0.296197 -0.025041 -0.291382 -0.949274 0.118220 0.058787 0.105580 0.992672
-3.271905 -69.458434 -784.663764 -6572.239348 0.962154 -0.270537 -0.032702 -0.266610 -0.959363 0.092426 0.056377 0.080209 0.995182
-5.146508 -82.894424 -738.980843 -8057.656048 0.973644 -0.226014 -0.030591 -0.227773 -0.970465 -0.079479 0.011724 -0.084352 0.996367
-8.469541 -47.193895 2807.957856 -1917.741586 0.328928 0.933625 -0.141956 -0.493015 0.297980 0.817401 -0.805446 0.198879 -0.558305
4.739924 -52.595607 4849.089832 -2266.241237 0.325082 0.941742 -0.086274 -0.463780 0.238265 0.853310 -0.824154 0.237384 -0.514217
15.034788 -52.070180 7480.756776 -2232.874402 0.319242 0.947169 -0.030922 -0.540670 0.208837 0.814901 -0.778306 0.243432 -0.578775
-5.605345 -72.676493 -923.441629 -2631.533029 0.136732 0.941484 -0.308080 -0.833606 0.277371 0.477667 -0.535168 -0.191505 -0.822752
2.058193 -70.456798 -3709.758043 -1376.264822 0.047323 0.946899 -0.318029 -0.826769 0.215802 0.519503 -0.560548 -0.238352 -0.793079
-11.158066 -95.920554 40.668807 -4584.354576 0.226887 0.894815 -0.384486 -0.366098 0.444187 0.817722 -0.902493 0.044771 -0.428370
-7.280249 -100.997187 2453.254675 -3657.959009 0.274031 0.900218 -0.338400 -0.384545 0.425081 0.819410 -0.881494 0.094414 -0.462659
-6.636953 -108.181596 3361.759049 -3889.373861 0.293557 0.884563 -0.362454 -0.150488 0.417193 0.896272 -0.944022 0.208562 -0.255587
11.273433 -24.021480 1182.069093 2415.930996 0.727600 -0.063245 -0.683080 0.524673 -0.590186 0.613513 0.441946 0.804786 0.396236
13.911392 -28.737735 1552.376976 3059.002973 0.746794 -0.060477 -0.662300 0.523699 -0.560348 0.641677 0.409925 0.826047 0.386793
19.755723 -25.985920 2576.876660 3296.686632 0.762253 -0.038944 -0.646107 0.506973 -0.584677 0.633349 0.402429 0.810331 0.425928
8.543833 -76.438350 -3107.070900 -4140.100243 0.053105 -0.834997 0.547686 0.996887 0.012322 -0.077873 0.058275 0.550117 0.833052
6.996873 -79.967009 -3178.807616 -5047.072953 0.166019 -0.825144 0.539977 0.970348 0.039145 -0.238520 0.175676 0.563565 0.807176
13.926960 -88.149889 -1438.531099 -4356.369209 0.034227 -0.848761 0.527667 0.980423 -0.073923 -0.182500 0.193906 0.523583 0.829615
-257.657803 -5136.782218 -57987.681495 2350091.958428 0.379341 0.924648 0.033557 0.752635 -0.287270 -0.592466 0.538182 -0.250003 0.804896
-58.428252 -519.640400 -15184.157746 152371.558843 0.053944 0.950080 0.307308 0.324708 0.274340 -0.905153 0.944275 -0.148613 0.293700
-133.325437 -1231.708138 29584.512108 235285.394461 -0.119632 0.929195 0.349694 0.473458 0.362987 -0.802545 0.872654 -0.069555 0.483360
27.752316 -2263.288617 -36746.296949 806968.605348 0.373457 0.921309 0.108258 0.601095 -0.151452 -0.784695 0.706551 -0.358123 0.610355
-6337.800813 -31455.568389 3569493.920003 -7844878.474517 0.743822 -0.523182 -0.415945 0.517688 0.844597 -0.136582 0.422763 -0.113737 0.899075
102.246434 -5394.243687 42948.058959 -2159704.733932 -0.283301 -0.934012 -0.217630 0.944676 -0.310896 0.104547 -0.165308 -0.175971 0.970416
-97.699420 -3118.466748 16297.063674 -874387.592334 -0.056739 -0.964701 -0.257164 0.990264 -0.021582 -0.137522 0.127118 -0.262462 0.956533
-405.230855 -3418.599327 -128687.507954 1248703.591820 0.290523 0.946640 0.139530 -0.606214 0.069269 0.792279 -0.740338 0.314760 -0.593991
-2637.669831 -37332.684665 931761.458644 -9313188.813281 -0.911945 0.179769 -0.368836 0.061899 0.948901 0.309444 0.405618 0.259365 -0.876473
-224.948032 -6806.325149 -84236.857956 2256617.098883 0.128731 0.958783 0.253306 -0.387942 0.283764 -0.876915 0.912650 -0.014618 -0.408481
26.644881 -58.330954 -1209.180010 -2957.835784 0.172274 0.968003 -0.182462 -0.522934 0.246847 0.815847 -0.834783 0.045133 -0.548727
26.788893 -58.744443 -5274.874217 -1760.336222 0.105225 0.962459 -0.250199 -0.562240 0.265103 0.783331 -0.820253 -0.058246 -0.569028
25.517560 14.752194 -1851.649326 -6351.437274 -0.685060 0.539866 0.489120 0.254319 0.806410 -0.533877 -0.682653 -0.241345 -0.689737
19.602339 -2.576865 -2437.557832 -8766.579165 -0.788409 0.303408 0.535121 0.047043 0.897092 -0.439333 -0.613349 -0.321200 -0.721549
25.554730 -2.898968 -2945.538056 -9176.144329 -0.734283 0.432279 0.523415 0.140497 0.851118 -0.505825 -0.664145 -0.297880 -0.685696
26.078882 -10.063334 -1562.813305 -6701.348228 -0.684188 0.432883 0.586941 0.142237 0.868542 -0.474767 -0.715301 -0.241345 -0.655817
30.843569 6.627231 -2387.471461 -8335.428140 -0.631594 0.612761 0.474988 0.262838 0.745601 -0.612369 -0.729387 -0.261924 -0.631973
-0.791512 -60.720076 -212.522827 -949.466858 0.956947 -0.288176 -0.034740 -0.275176 -0.938772 0.207330 0.092361 0.188844 0.977654
-3.148146 -68.592948 220.735720 -6419.599751 0.966904 -0.249991 -0.051001 -0.242765 -0.962937 0.117547 0.078497 0.101276 0.991757
-17.914876 -45.983455 -34.087082 -1413.688176 0.935379 0.187615 0.299778 -0.347256 0.326845 0.878969 -0.066927 0.926268 -0.370874
-18.289300 -44.756011 495.474058 675.165832 0.925652 0.162507 0.341702 -0.378356 0.407127 0.831321 0.004021 0.898799 -0.438343
-17.149504 -40.363593 -753.504785 -395.380807 0.913893 0.249024 0.320604 -0.400855 0.428770 0.809612 -0.064148 0.868414 -0.491672
8.291186 -47.128195 -2943.196677 -506.391348 0.833472 -0.243773 -0.495883 -0.540092 -0.169825 -0.824294 -0.116727 -0.954848 0.273204
9.713275 -44.919421 -2594.136424 -771.052696 0.823052 -0.240310 -0.514622 -0.566604 -0.284691 -0.773247 -0.039311 -0.928010 0.370477
9.829835 -45.342316 7.268883 747.967310 0.851281 -0.195229 -0.487039 -0.505655 -0.057359 -0.860827 -0.140123 -0.979079 0.147547
6.312227 -61.739990 -1932.905155 -5883.736782 0.647824 -0.189011 -0.737969 0.716540 -0.177712 0.674529 -0.258639 -0.965760 0.020308
8.148096 -73.546322 -1223.088219 -3293.328145 0.683950 -0.173348 -0.708634 0.717933 -0.012567 0.695999 -0.129555 -0.984780 0.115857
-7.024857 -34.155019 -244.349868 844.998037 0.864933 0.205302 -0.457977 -0.378844 -0.331456 -0.864068 0.329194 -0.920863 0.208909
-6.913833 -34.451167 314.200333 1177.589824 0.882282 0.216454 -0.418002 -0.336101 -0.332041 -0.881354 0.329567 -0.918094 0.220204
-6.010892 -30.153278 401.277454 -1373.624115 0.885898 0.220994 -0.407856 -0.337103 -0.297286 -0.893299 0.318664 -0.928861 0.188868
-6.493281 -31.525795 574.789712 -967.569056 0.897176 0.225125 -0.379993 -0.302493 -0.313705 -0.900049 0.321829 -0.922447 0.213349
-6.791493 -33.074328 202.330552 1589.180630 0.886526 0.202843 -0.415845 -0.328543 -0.356856 -0.874479 0.325778 -0.911871 0.249719
-8.249666 -43.263545 -850.844649 3913.376433 -0.554363 0.027609 0.831817 0.581453 -0.702241 0.410816 0.595478 0.711404 0.373243
-9.325247 -80.561865 414.621647 -211.037111 0.787722 0.047688 -0.614182 -0.614900 0.121244 -0.779229 -0.037306 -0.991476 -0.124831
-9.880683 -81.157933 -513.704188 -2.855349 0.786883 0.018064 -0.616838 -0.598896 0.263364 -0.756282 -0.148792 -0.964527 -0.218055
-9.791357 -83.494643 1629.923628 -270.517979 0.796812 0.087561 -0.597850 -0.604227 0.114113 -0.788599 0.000828 -0.989602 -0.143833
-3.030609 -166.289730 514.362019 -24043.392936 0.518659 0.033558 -0.854322 0.841441 0.157092 0.517010 0.151557 -0.987014 0.053240
-5.395644 -167.041152 -130.077281 -15960.303568 0.553337 0.015303 -0.832817 0.785058 0.324583 0.527570 0.278392 -0.945733 0.167590
-2.775996 -118.581371 -1011.847668 -11356.319784 0.524818 0.007714 -0.851180 0.849062 -0.075817 0.522825 -0.060501 -0.997092 -0.046339
3.534141 -47.803583 4671.121598 1384.902787 0.859003 -0.109125 -0.500205 -0.476970 0.184464 -0.859344 -0.186046 -0.976762 -0.106406
12.170195 -47.129679 2290.319017 970.126050 0.833315 -0.143654 -0.533806 -0.506800 0.187114 -0.841512 -0.220769 -0.971778 -0.083121
-20.897188 -188.829147 14684.857050 30720.168066 0.549092 0.320962 -0.771674 -0.094474 0.941237 0.324265 0.830405 -0.105148 0.547148
-40.093604 -84.135604 4728.883449 12261.214167 0.693086 0.329734 -0.641021 -0.099727 0.924559 0.367756 0.713923 -0.190959 0.673682
-12.271543 -440.941613 3414.227018 150509.143462 0.599153 0.442628 -0.667155 -0.160056 0.882681 0.441878 0.784473 -0.157970 0.599706
-22.240173 -129.644090 6835.368733 -36227.927680 0.509891 -0.165127 -0.844242 0.192928 0.978355 -0.074837 0.838326 -0.124719 0.530712
32.966802 -719.252121 10576.408961 234798.896714 0.511093 0.476186 -0.715563 0.012986 0.828136 0.560376 0.859427 -0.295697 0.417071
23.439367 -293.227354 7798.249795 10325.693046 0.610184 0.194392 -0.768041 -0.020607 0.972997 0.229895 0.791992 -0.124451 0.597713
8.630882 -331.852601 14934.922740 -47600.935492 0.489183 0.093689 -0.867134 -0.134564 0.990417 0.031096 0.861738 0.101474 0.497103
-3.855148 -34.357610 -2446.277229 -1043.546162 0.829860 -0.243914 -0.501836 -0.526327 -0.640776 -0.558915 0.185237 -0.727950 0.660133
8.179631 -30.873072 -4742.641398 -1277.300013 0.788283 -0.315336 -0.528368 -0.584675 -0.651450 -0.483496 0.191742 -0.690056 0.697896
-0.549463 -36.926002 -3145.391352 -1379.482006 0.822430 -0.264539 -0.503614 -0.552231 -0.583795 -0.595168 0.136562 -0.767595 0.626217
-1.747391 -73.455684 -1542.399916 2639.285097 0.436762 0.091779 -0.894883 0.673105 -0.693302 0.257415 -0.596799 -0.714779 -0.364584
-22.283088 -33.252218 2271.556382 294.208183 -0.456061 0.852643 0.254967 -0.731641 -0.522326 0.438038 -0.506666 -0.013227 -0.862041
-24.770831 -35.868593 46.912952 -540.295789 -0.731761 0.601619 0.320284 0.461036 0.783032 -0.417501 -0.501969 -0.157849 -0.850359
-24.859193 -33.037161 1081.077058 -88.082877 -0.715862 0.553949 0.425067 0.404217 0.825163 -0.394607 -0.569341 -0.110665 -0.814619
-25.391708 -36.555309 1470.605591 -82.087270 -0.608337 0.749450 0.261249 -0.661173 -0.660626 0.355561 -0.439063 -0.043571 -0.897399
-20.415981 -29.906545 2050.972877 847.651111 -0.490693 0.806183 0.330591 -0.639571 -0.590914 0.491701 -0.591751 -0.029837 -0.805568
-13.438629 -30.078342 2825.634989 750.207274 -0.251094 0.944895 0.210059 -0.797657 -0.324923 0.508103 -0.548357 0.039973 -0.835288
-14.139650 -33.085210 2817.885590 -64.621524 -0.269799 0.942603 0.196746 -0.842218 -0.330048 0.426307 -0.466774 0.050686 -0.882923
-16.356394 -35.431814 3574.363846 211.313951 -0.300705 0.931423 0.205007 -0.861107 -0.357559 0.361451 -0.409966 0.067842 -0.909574
-23.580129 -35.767189 4341.188430 -846.450760 -0.470758 0.842852 0.260745 -0.778413 -0.535904 0.326924 -0.415283 0.049066 -0.908368
-11.022035 -74.823913 75.573071 600.709697 -0.725676 -0.048780 0.686306 0.265125 0.900630 0.344347 -0.634905 0.431841 -0.640632
-8.706679 -80.029161 516.241877 -2786.287314 -0.687848 -0.049655 0.724154 0.377972 0.827220 0.415744 -0.619679 0.559679 -0.550234
-9.947979 -80.381456 -643.865557 -3346.877785 0.712990 0.061029 -0.698513 0.380643 0.802944 0.458685 -0.588859 0.592922 -0.549261
-11.990526 -173.666436 -270.818549 -40745.958810 0.540053 -0.553344 0.634156 0.197015 0.815665 0.543944 -0.818247 -0.168821 0.549519
-10.856313 -64.391907 143.068546 -10304.050307 -0.494868 0.704238 -0.509072 0.177466 0.655394 0.734142 -0.850654 -0.272960 0.449312
-14.482403 -151.259355 -456.679293 -40373.437219 0.554907 -0.537987 0.634545 0.154490 0.816128 0.556838 -0.817442 -0.210962 0.535989
-10.003602 -118.759774 -1356.223826 -31426.155779 0.509246 -0.617176 0.599802 0.108137 0.737304 0.666850 -0.853800 -0.274730 0.442208
-4.749334 -216.218041 -889.447427 -51244.888608 0.517902 -0.534578 0.667835 0.285809 0.843962 0.453918 -0.806282 -0.044212 0.589877
3.292793 -491.400339 -3668.129978 -145746.500909 -0.025780 0.702069 -0.711642 -0.467981 -0.637531 -0.612003 0.883362 -0.317257 -0.344991
110.553322 -1264.660742 -35866.911687 380173.936668 -0.091083 0.575700 -0.812572 0.457677 0.748884 0.479275 0.884441 -0.328242 -0.331695
18.379023 -634.329151 -7864.324066 -187603.412413 -0.110736 0.654356 -0.748035 -0.732177 -0.562672 -0.383819 0.672053 -0.505191 -0.541412
-11.100960 -585.431212 -6549.314471 -156801.671248 -0.100227 0.657027 -0.747174 -0.672164 -0.598392 -0.436030 0.733587 -0.458522 -0.501605
-34.746846 -75.255599 2936.873602 -4803.079940 0.932479 -0.297378 -0.205060 0.270783 0.199734 0.941692 0.239081 0.933634 -0.266772
-23.100858 -82.599250 6064.978977 -14272.103152 0.921289 -0.370739 -0.117387 0.262257 0.369442 0.891478 0.287138 0.852095 -0.437592
-19.047873 -65.756722 5755.679606 -12254.398047 0.945071 -0.326513 0.015144 0.173642 0.540770 0.823053 0.276927 0.775214 -0.567763
-32.035317 -62.152096 -1851.991913 4213.390448 -0.908301 -0.034494 -0.416893 0.135299 0.918803 -0.370803 0.395833 -0.393206 -0.829882
-15.097866 -24.582695 -1257.174778 -1827.966438 -0.703855 0.428135 0.566823 0.175464 0.878018 -0.445305 -0.688332 -0.213973 -0.693120
-14.575988 -22.172643 1059.669281 -1093.025959 -0.638236 -0.142868 0.756468 -0.263294 0.963882 -0.040101 -0.723416 -0.224767 -0.652800
-19.722324 -25.699867 -1378.107602 -1262.738388 -0.681345 0.402317 0.611482 0.186623 0.903274 -0.386352 -0.707772 -0.149123 -0.690523
-15.886075 -25.911921 2061.041943 -1324.635597 -0.530158 -0.411157 0.741541 -0.381316 0.896747 0.224595 -0.757318 -0.163690 -0.632198
-15.440366 -31.159976 -1329.342423 -2347.032165 -0.639237 0.623247 0.450488 0.389376 0.767477 -0.509280 -0.663146 -0.150141 -0.733277
-17.993097 -31.777596 -1149.887005 1543.219739 -0.560224 0.715677 0.417080 -0.511111 -0.694893 0.505856 -0.651855 -0.070218 -0.755085
-22.532815 -28.671106 -1307.824095 1947.552593 -0.423217 0.836420 0.348265 -0.585532 -0.545827 0.599354 -0.691404 -0.049736 -0.720754
-22.659575 -25.714397 2459.106202 -1016.304891 -0.568864 -0.427723 0.702457 -0.349190 0.898926 0.264571 -0.744621 -0.094786 -0.660724
51.557550 -64.895747 5337.361930 -2052.859539 0.985054 0.127695 0.115596 -0.031331 0.792754 -0.608736 0.169371 -0.596016 -0.784906
42.255183 -82.182049 1131.007934 -5350.893998 0.998176 -0.028090 0.053443 0.043665 0.947180 -0.317715 0.041696 -0.319469 -0.946679
50.808465 -74.629037 209.581313 -5188.526575 0.999904 0.004224 0.013215 0.003463 0.846378 -0.532572 0.013434 -0.532566 -0.846282
2.601911 -74.517447 -2278.633544 -869.431503 0.913067 -0.368776 -0.174107 0.074736 0.571015 -0.817531 -0.400903 -0.733448 -0.548935
-9.299584 -97.740211 -753.001822 -4148.135197 0.975260 -0.220165 -0.019870 -0.213772 -0.916404 -0.338385 -0.056292 -0.334261 0.940798
-19.454310 -21.021335 1217.978982 -2627.260992 -0.608243 0.578956 0.543002 0.467247 0.814168 -0.344689 -0.641654 0.044061 -0.765727
-21.162106 -26.221851 1440.975517 -1414.090807 -0.690191 0.454247 0.563290 0.415404 0.886102 -0.205580 -0.592517 0.092104 -0.800276
-20.615385 -22.861625 -2725.263016 1199.655874 0.269406 0.944825 -0.186348 -0.760513 0.327442 0.560715 -0.590796 0.009341 -0.806767
