14461
28912
-46.639130 -65.898427 -909.084327 10115.257733 0.248110 -0.606639 0.755269 0.707032 -0.419571 -0.569268 0.662229 0.675240 0.324813
-52.453455 -76.512170 -122.693065 5805.996717 0.318663 -0.610001 0.725501 0.771272 -0.278058 -0.572559 0.550993 0.742012 0.381870
-39.352786 -88.112676 3863.111754 14250.841799 0.425271 -0.729232 0.536064 0.669007 -0.145634 -0.728849 0.609569 0.668589 0.425928
-44.351731 -63.160560 -1654.350910 7271.372767 -0.025591 -0.323916 0.945740 0.769412 -0.610386 -0.188238 0.638240 0.722846 0.264846
-39.176183 -63.044479 -3572.983804 12571.112747 -0.307978 0.709628 -0.633702 0.621322 -0.354403 -0.698826 0.720492 0.608956 0.331759
-37.714665 -50.859656 1857.877118 -4739.531059 0.112286 0.266526 -0.957265 -0.677300 0.725431 0.122531 0.727088 0.634597 0.261973
64.520748 -86.012224 -3769.953351 2570.309022 -0.155093 0.880550 -0.447860 -0.308945 -0.473838 -0.824639 0.938349 -0.010468 -0.345531
60.427876 -69.611083 -510.767151 2061.833850 -0.064682 0.797863 -0.599359 -0.328375 -0.584185 -0.742225 0.942330 -0.148806 -0.299785
43.366863 -72.929743 -2464.157591 3572.815934 -0.047317 0.873144 -0.485161 -0.158205 -0.486125 -0.859450 0.986272 -0.036088 -0.161138
44.318041 -87.540671 -4384.562755 6119.737226 -0.084159 0.911496 -0.402608 -0.117379 -0.410297 -0.904367 0.989515 0.028852 -0.141521
47.880351 -99.244885 -3014.853514 10006.920209 -0.155410 0.927790 -0.339194 -0.162231 -0.362675 -0.917686 0.974438 0.087590 -0.206880
-43.779863 -155.101390 -17994.547568 -22732.993039 0.219616 -0.813581 0.538382 0.903099 0.378284 0.203257 -0.369027 0.441574 0.817821
-156.856126 -180.844782 52356.046112 -24841.125337 -0.242571 0.810618 -0.532971 0.873477 0.421543 0.243597 -0.422135 0.406449 0.810310
-87.364826 -161.745327 -36068.068986 12560.107003 0.171658 -0.823077 0.541366 0.981146 0.192365 -0.018640 -0.088797 0.534359 0.840580
11.349566 -94.483194 -126.444991 6848.892085 -0.458952 -0.539996 0.705526 0.771903 -0.635547 0.015696 0.439919 0.551801 0.708510
13.994447 -94.653932 977.128741 -8832.961275 -0.488968 -0.540762 0.684461 0.837638 -0.510079 0.195405 0.243461 0.668877 0.702375
15.082494 -91.244688 276.063504 -3868.029064 -0.474157 -0.515383 0.713831 0.798622 -0.593078 0.102279 0.370645 0.618578 0.692809
5.699167 -49.248805 -4924.835303 1668.908261 -0.381115 0.836351 -0.394042 0.223186 -0.330375 -0.917082 0.897184 0.437458 0.060751
11.073785 -46.227489 -3032.785273 1237.589240 -0.394924 0.792685 -0.464419 0.218861 -0.409781 -0.885539 0.892264 0.451364 0.011656
0.400945 -46.214424 -3699.720699 1652.072494 -0.397000 0.840794 -0.368043 0.089686 -0.363541 -0.927251 0.913426 0.401127 -0.068919
-9.750018 -48.907289 -4339.199002 1655.260485 -0.413085 0.858706 -0.303291 0.079523 -0.297748 -0.951326 0.907214 0.417097 -0.054708
-11.098696 -45.078164 -3174.014797 1288.255711 -0.421109 0.871036 -0.252910 -0.061999 -0.305830 -0.950065 0.904889 0.384401 -0.182791
-3.006177 -41.631379 -2247.959245 1054.942810 -0.410934 0.851920 -0.324600 -0.039178 -0.372225 -0.927315 0.910823 0.368348 -0.186336
2.444443 -34.507135 -5038.083289 -1581.321920 0.183416 -0.906765 0.379652 0.974190 0.219356 0.053266 -0.131578 0.360084 0.923594
-0.595812 -32.118542 -5742.303691 -1414.562551 0.203453 -0.899372 0.386959 0.960803 0.259418 0.097775 -0.188320 0.351899 0.916898
-9.835814 -37.059343 -4364.664914 93.992776 0.148486 -0.922502 0.356288 0.981064 0.182721 0.064235 -0.124359 0.340004 0.932165
-7.402277 -36.566029 -4561.321866 -479.048278 0.147582 -0.919784 0.363617 0.987351 0.158550 0.000320 -0.057946 0.358970 0.931548
8.627115 -105.174102 1739.052462 6811.229350 0.315240 -0.612137 0.725198 -0.147522 0.723263 0.674631 -0.937476 -0.319653 0.137698
15.566629 -107.878596 -5790.912659 3723.059401 -0.344728 0.671767 -0.655661 -0.125762 0.659128 0.741441 -0.930240 -0.338053 0.142737
2.924631 -93.523649 769.225716 7847.113362 0.304598 -0.665690 0.681232 0.073837 0.729569 0.679910 -0.949615 -0.156799 0.271378
0.300087 -86.821553 -2042.425300 8634.843977 0.294123 -0.615600 0.731114 0.050049 0.773820 0.631425 -0.954456 -0.149125 0.258409
-3.595161 -71.374369 -2054.913082 7698.320855 0.287084 -0.677223 0.677460 0.244308 0.735607 0.631820 -0.926227 -0.015877 0.376632
-2.545533 -78.783057 238.308147 9135.958796 -0.284142 0.728959 -0.622802 0.295215 0.684535 0.666528 -0.912202 -0.005528 0.409705
-7.562028 -87.809044 -1352.791730 -480.270557 -0.116878 0.802296 -0.585372 -0.771019 0.298215 0.562670 -0.625995 -0.517097 -0.583730
-11.487188 -86.407527 -1029.171050 1542.259916 -0.086079 0.826290 -0.556629 -0.759693 0.307022 0.573241 -0.644560 -0.472211 -0.601298
-7.788725 -90.645606 -1509.418891 -3496.271429 -0.107415 0.798303 -0.592600 0.856824 -0.228005 -0.462457 -0.504297 -0.557428 -0.659514
-3.214267 -92.918286 -1194.233593 -2994.535782 -0.105821 0.792952 -0.600024 0.858113 -0.232069 -0.458024 -0.502438 -0.563357 -0.655885
-3.559086 -98.206979 -1224.354206 -4796.420479 -0.093007 0.790753 -0.605028 0.929190 -0.149378 -0.338071 -0.357709 -0.593629 -0.720867
-8.062774 -95.820370 -1471.200440 -3771.702216 -0.099019 0.799914 -0.591889 0.931355 -0.134946 -0.338182 -0.350390 -0.584745 -0.731642
-47.319268 -68.992623 5218.635121 -1321.728389 0.636948 -0.637330 -0.433714 0.526128 0.770590 -0.359695 0.563460 0.000918 0.826143
-32.406110 -60.543939 -12747.937304 -3687.322321 -0.382825 0.837379 0.390182 0.749531 0.528437 -0.398694 0.540044 -0.139824 0.829941
-29.832944 -61.680912 -10925.319306 -3290.620863 -0.411253 0.802410 0.432446 0.667540 0.588179 -0.456549 0.620694 -0.100918 0.777531
-43.035818 -66.320818 5337.360053 -583.670788 0.612091 -0.620764 -0.489894 0.459571 0.783384 -0.418454 0.643537 0.030991 0.764788
10.345688 -48.102310 -5635.584481 -1907.298588 -0.587409 -0.431213 0.684840 0.809061 -0.292779 0.509608 -0.019242 0.853426 0.520859
15.342966 -53.260274 -5412.087131 -2988.332035 -0.600142 -0.446259 0.663839 0.799740 -0.318501 0.508893 -0.015665 0.836307 0.548037
12.766865 -43.126641 -6973.882103 -1503.078859 -0.675796 -0.414809 0.609289 0.729602 -0.258936 0.632956 -0.104789 0.872288 0.477633
5.374490 -42.345928 -3903.835898 -3999.792433 -0.599795 -0.442939 0.666372 0.795096 -0.236437 0.558498 -0.089826 0.864814 0.493992
5.714448 -33.269036 2023.734405 -3011.515404 0.730395 0.416713 -0.541178 0.661363 -0.233519 0.712789 -0.170653 0.878532 0.446160
12.696679 -38.099725 5300.340743 -1479.707161 0.766972 0.401320 -0.500695 0.611664 -0.221385 0.759510 -0.193960 0.888780 0.415270
18.251797 -43.500132 4371.712683 -634.005609 0.733580 0.433099 -0.523722 0.649756 -0.221094 0.727279 -0.199192 0.873809 0.443599
-2.129175 -90.026496 -333.786420 10584.436646 -0.100396 0.917072 -0.385876 0.925177 0.228724 0.302874 -0.366016 0.326596 0.871417
-1.218185 -91.516801 -397.809033 11036.906404 -0.134450 0.909921 -0.392387 0.922174 0.259815 0.286515 -0.362654 0.323328 0.874037
-0.611160 -75.811052 32.861116 2692.281566 0.072993 -0.922648 0.378673 0.965231 0.160909 0.206002 -0.250999 0.350470 0.902314
-0.824029 -75.467034 57.340070 3210.294707 0.052078 -0.927320 0.370629 0.967713 0.138512 0.210583 -0.246615 0.347696 0.904593
-2.479721 -88.419294 -134.250108 9727.082899 -0.062673 0.923823 -0.377656 0.924091 0.196652 0.327695 -0.376999 0.328450 0.866021
12.261799 -107.288551 -1237.344127 -4339.762409 -0.247408 0.369582 -0.895655 0.704536 -0.565962 -0.428153 -0.665145 -0.736950 -0.120360
9.824848 -97.588035 -1333.889918 -4847.434288 -0.252763 0.327060 -0.910573 0.691368 -0.597327 -0.406462 -0.676847 -0.732279 -0.075137
14.826565 -106.377745 -2120.337296 -4211.632570 -0.213555 0.324606 -0.921426 0.830272 -0.436733 -0.346284 -0.514822 -0.838985 -0.176245
7.773045 -90.368750 659.511422 3278.389742 0.289848 -0.384022 0.876650 -0.543201 0.688136 0.481042 -0.787985 -0.615626 -0.009147
19.065011 -110.730447 -2066.069405 -1835.898666 -0.224776 0.378765 -0.897782 0.840857 -0.390172 -0.375133 -0.492377 -0.839228 -0.230786
15.136249 -115.760726 -202.009038 -2699.534901 -0.242568 0.420519 -0.874257 0.719365 -0.526667 -0.452920 -0.650903 -0.738773 -0.174754
10.143778 -100.237210 288.474521 2763.200856 0.276234 -0.420722 0.864111 -0.554833 0.664334 0.500820 -0.784764 -0.617781 -0.049919
9.015686 -179.113643 -9988.538393 30523.206809 0.604140 0.726142 -0.328226 0.056919 0.371517 0.926680 -0.794843 0.578527 -0.183117
-7.117435 -183.005344 -3168.579233 32185.658558 0.634773 0.720251 -0.279824 0.053939 0.319952 0.945897 -0.770813 0.615524 -0.164248
-2.262342 -224.832068 -4577.135876 35049.666220 0.612168 0.734745 -0.292233 -0.143503 0.466670 0.872712 -0.777597 0.492310 -0.391118
11.745932 -218.093416 -11252.710728 29424.077616 0.610046 0.716920 -0.337446 -0.153891 0.524963 0.837097 -0.777278 0.458738 -0.430579
-3.380695 -238.364764 -5390.259630 18203.823419 0.617571 0.724553 -0.305988 -0.356353 0.604585 0.712383 -0.701155 0.330907 -0.631571
-13.996469 -252.175461 127.370542 12636.346842 0.663431 0.702099 -0.258680 -0.333991 0.587242 0.737290 -0.669559 0.402745 -0.624089
15.980808 -52.365517 -39600.744818 -4009.433468 0.020766 0.273652 -0.961604 -0.059885 0.960425 0.272024 0.997989 0.051937 0.036332
3.911148 -64.553743 -4086.177017 -11858.562302 -0.093577 0.366667 -0.925634 -0.023965 0.928615 0.370271 0.995324 0.056832 -0.078110
26.909419 -52.878295 -42138.651810 -2532.196304 0.040030 0.103609 -0.993812 -0.014431 0.994566 0.103106 0.999094 0.010215 0.041308
-10.589809 -60.265290 -18224.831781 -5079.382166 -0.053600 0.583069 -0.810653 -0.121167 0.802023 0.584874 0.991184 0.129574 0.027660
-105.459335 -478.591314 -15629.540665 167294.998738 0.368518 0.871407 0.323797 0.716776 -0.044551 -0.695878 0.591968 -0.488534 0.641022
-63.587720 -690.767851 4441.363667 230462.239029 0.208334 0.938407 0.275662 0.681414 0.062923 -0.729188 0.701621 -0.339754 0.626335
-116.194193 -1179.940916 9969.111421 404303.862650 -0.436153 -0.839525 -0.323989 0.882592 -0.328870 -0.335970 0.175505 -0.432484 0.884396
-43.747945 -1271.917957 -1570.334784 449556.689748 -0.362070 -0.897716 -0.251021 0.903824 -0.272217 -0.330151 0.228050 -0.346417 0.909939
-343.276388 -1683.138844 -33855.285395 163247.865893 0.502699 0.807569 0.308425 0.771637 -0.580029 0.261043 -0.389706 -0.106766 0.914730
41.344050 8.591146 -8163.223708 -3593.661327 0.973270 0.225892 0.041450 -0.199443 0.920811 -0.335156 0.113877 -0.317930 -0.941251
41.606392 9.501511 -7481.441226 -2212.247125 0.968263 0.243548 0.056130 -0.213132 0.921903 -0.323527 0.130541 -0.301297 -0.944553
45.093640 8.106546 1925.149574 -2673.705418 0.947106 0.267429 0.177401 -0.199663 0.923809 -0.326669 0.251245 -0.273970 -0.928341
44.431691 4.590907 447.782161 -4019.246327 0.942592 0.289807 0.165931 -0.221528 0.914442 -0.338706 0.249893 -0.282503 -0.926145
39.101224 8.316345 -10117.825172 -2693.689929 -0.910974 -0.256578 -0.322947 -0.154302 0.938112 -0.310061 0.382515 -0.232626 -0.894185
37.950086 5.248480 -10715.838729 2417.506829 -0.920715 -0.168375 -0.352042 -0.087312 0.968141 -0.234691 0.380342 -0.185347 -0.906083
-2.264654 -78.805273 -291.935631 -2544.858762 0.281033 -0.543303 0.791102 0.743561 0.644423 0.178425 -0.606743 0.538089 0.585083
-1.512325 -84.419924 -137.830050 -936.457306 0.260615 -0.563632 0.783836 0.876230 0.478963 0.053073 -0.405342 0.672989 0.618695
-1.660215 -76.064839 -92.324811 -2638.304456 0.271593 -0.544812 0.793358 0.753188 0.633492 0.177189 -0.599121 0.549424 0.582398
-23.914953 -48.231252 -4091.148669 -191.550581 0.745348 -0.655239 0.122953 0.170285 0.365424 0.915133 0.644561 0.661156 -0.383945
-30.073485 -46.385573 1305.333092 627.092886 -0.688082 0.718123 -0.104123 -0.290057 -0.403731 -0.867680 0.665139 0.566833 -0.486097
-22.854126 -47.111280 4354.216088 617.679616 -0.740655 0.665209 -0.094483 -0.274932 -0.428373 -0.860761 0.613060 0.611550 -0.500164
-1369.890105 -1863.396685 -771795.645359 1179389.579216 0.589076 -0.224372 0.776304 0.604926 -0.514510 -0.607737 0.535775 0.827609 -0.167357
-678.041054 -1476.493679 -297638.119897 -225431.711360 0.243403 0.527209 0.814129 0.917118 -0.398283 -0.016276 0.315672 0.750614 -0.580456
-908.764773 -1163.495379 -457943.583938 -176324.384588 0.831845 0.136565 0.537944 -0.554935 0.188934 0.810155 -0.009003 0.972447 -0.232949
-768.858376 -14520.453267 -862063.487634 19508415.208818 -0.012959 -0.323582 -0.946111 -0.455030 0.844450 -0.282580 0.890382 0.426847 -0.158183
3.108287 -156.355264 -2447.129527 38313.515766 -0.115587 0.889970 -0.441127 0.088840 0.451586 0.887794 -0.989316 -0.063428 0.131262
4.608620 -163.641355 -6012.392885 52764.052296 -0.150483 0.923673 -0.352397 0.207477 0.378025 0.902247 -0.966596 -0.062658 0.248528
-6.446563 -72.752976 -4759.877636 -5818.659636 -0.153101 0.917917 -0.366043 0.173885 0.389654 0.904397 -0.972792 -0.074815 0.219269
-3.892823 -77.598893 -309.002961 4473.141235 -0.116690 0.878383 -0.463493 0.052603 0.471493 0.880300 -0.991774 -0.078341 0.101224
-15.814912 -79.292042 1290.578971 -18807.636176 -0.153377 0.816235 -0.556989 0.113007 0.574449 0.810702 -0.981685 -0.061400 0.180347
-41.456309 -58.950390 -2350.807023 3076.978352 -0.285199 0.810577 -0.511494 -0.706509 0.182836 0.683679 -0.647694 -0.556359 -0.520535
-40.118241 -59.937993 -560.338231 -2282.822642 -0.349801 0.760816 -0.546625 0.798014 -0.063653 -0.599268 -0.490727 -0.645839 -0.584876
-41.215968 -59.423093 2152.977223 372.336376 -0.346878 0.771178 -0.533817 0.725136 -0.140469 -0.674127 -0.594856 -0.620929 -0.510483
-43.156688 -46.645077 -3548.569183 -1776.800387 -0.221792 0.394426 -0.891760 0.768410 -0.492317 -0.408865 -0.600296 -0.775920 -0.193889
-19.410285 -43.578328 -15105.705980 2574.704355 0.456389 -0.298257 -0.838303 0.592467 -0.601050 0.536397 -0.663846 -0.741473 -0.097605
-28.774481 -45.833589 16831.693677 -115.812036 -0.471114 0.271592 0.839220 -0.538957 0.664531 -0.517614 -0.698267 -0.696158 -0.166693
-44.531278 -52.678660 -287.259217 -4090.537973 -0.500082 0.638902 -0.584570 0.605759 -0.224315 -0.763373 -0.618849 -0.735858 -0.274844
9.396309 -18.360056 -840.651337 3119.056910 -0.233828 0.918041 -0.320195 0.536431 0.396478 0.745015 -0.810904 -0.002443 0.585173
7.860600 -13.780215 -1413.828261 1191.469611 -0.239609 0.923815 -0.298586 0.560874 0.382746 0.734116 -0.792470 -0.008432 0.609853
6.556566 -18.290238 -2331.177100 3558.998069 -0.242180 0.926926 -0.286632 0.549419 0.374514 0.746912 -0.799680 -0.023406 0.599971
24.351278 -48.469180 3839.732787 445.450831 -0.197017 0.953818 -0.226751 -0.819442 -0.033232 0.572198 -0.538237 -0.298542 -0.788146
25.414251 -47.272965 111.833469 1513.433136 -0.194837 0.960395 -0.199197 -0.796465 -0.036389 0.603588 -0.572435 -0.276255 -0.772012
23.377000 -47.196656 3439.768110 654.535980 -0.191813 0.953667 -0.231790 -0.739604 0.014787 0.672880 -0.645131 -0.300500 -0.702500
26.971555 -48.239192 1154.969756 -1115.366570 -0.245927 0.912576 -0.326687 -0.781640 0.012598 0.623602 -0.573200 -0.408712 -0.710208
30.742908 -48.193305 3645.698454 -130.455093 -0.247862 0.924912 -0.288274 -0.823801 -0.044631 0.565119 -0.509820 -0.377552 -0.773006
24.288818 -49.888216 1633.840110 2675.174726 -0.239558 0.927624 -0.286577 -0.847622 -0.055887 0.527648 -0.473443 -0.369311 -0.799663
1.781807 -66.232724 986.279639 -2774.584516 0.669726 -0.726799 0.152415 0.404298 0.184697 -0.895785 -0.622904 -0.661552 -0.417540
-2.510174 -63.498635 1290.659410 -2693.286355 0.665836 -0.723669 0.181565 0.398786 0.139513 -0.906370 -0.630581 -0.675899 -0.381481
-0.334645 -69.976854 952.571370 -1429.443731 0.647329 -0.738938 0.186909 0.548819 0.281702 -0.787046 -0.528926 -0.612057 -0.587898
3.892338 -71.882700 1093.981813 -751.285738 0.668522 -0.726039 0.161075 0.556909 0.345192 -0.755443 -0.492880 -0.594735 -0.635106
5.623666 -71.635527 747.345615 -1302.940630 0.676454 -0.724990 0.129610 0.510726 0.334980 -0.791800 -0.530630 -0.601812 -0.596870
4.444492 -65.495060 644.954984 -3159.476800 0.674722 -0.728005 0.121488 0.368828 0.189996 -0.909872 -0.639309 -0.658719 -0.396703
17.183872 -91.960315 1018.402385 11784.470068 -0.490813 0.867434 0.081614 -0.753605 -0.469675 0.459875 -0.437244 -0.164208 -0.884225
17.301854 -91.868091 1073.638851 11359.149561 -0.515731 0.856202 0.030654 -0.768550 -0.478154 0.425089 -0.378619 -0.195672 -0.904632
16.858204 -103.630281 1504.651918 12904.105009 -0.486150 0.870157 0.080532 -0.826704 -0.487819 0.280344 -0.283229 -0.069713 -0.956515
16.491116 -102.784073 -533.996182 13840.887371 -0.482668 0.871221 0.089474 -0.817480 -0.484826 0.310918 -0.314257 -0.076927 -0.946216
16.251014 -111.395653 -591.224330 5304.179644 -0.477949 0.874787 0.079449 -0.870515 -0.483806 0.090196 -0.117340 0.026052 -0.992750
16.350273 -107.058059 1679.829786 -798.176646 -0.476922 0.875078 0.082364 -0.875503 -0.481249 0.043520 -0.077721 0.051354 -0.995652
-6.112514 -100.225293 -464.066431 -1385.057849 -0.577525 0.808467 -0.113337 -0.419413 -0.174724 0.890822 -0.700398 -0.562007 -0.439989
-7.045362 -99.727629 -615.111047 -2666.428619 -0.574687 0.815759 -0.065353 -0.227523 -0.082554 0.970267 -0.786109 -0.572469 -0.233047
-8.155352 -97.089507 -690.502520 -585.106252 -0.567339 0.818753 -0.088150 -0.403905 -0.183387 0.896231 -0.717626 -0.544071 -0.434741
-6.887186 -102.274235 -663.764361 1212.961366 -0.567504 0.812166 -0.135374 -0.563315 -0.263064 0.783246 -0.600513 -0.520753 -0.606795
-13.564188 -84.011208 623.939735 2103.042993 -0.542494 0.827970 0.142008 0.816066 0.479302 0.322964 0.199339 0.291094 -0.935697
-13.623368 -89.001792 408.698474 3996.628965 -0.529361 0.836185 0.143426 0.845923 0.507322 0.164434 0.064734 0.208372 -0.975905
-10.574404 -85.178020 767.258061 2172.115147 -0.536817 0.823286 0.184466 0.828158 0.472409 0.301635 0.161189 0.314690 -0.935408
-10.725623 -82.287112 710.123605 1027.712101 -0.559851 0.811182 0.168969 0.775686 0.441390 0.451094 0.291338 0.383612 -0.876335
-13.363885 -80.168521 507.163086 1552.349250 -0.553922 0.822870 0.126709 0.760587 0.438234 0.479018 0.338642 0.361712 -0.868612
898.949538 -30.389626 666406.824202 3015.186997 0.113696 0.983040 -0.143892 0.495674 -0.181645 -0.849301 0.861035 -0.025239 0.507920
1290.176722 -35.662474 1060625.987895 49340.486240 0.252247 0.961869 -0.105735 0.457606 -0.214851 -0.862807 0.852624 -0.169255 0.494352
614.677394 -55.384779 376079.084508 15480.916148 0.079543 0.989945 -0.116973 0.522107 -0.141335 -0.841088 0.849163 -0.005830 0.528099
1.477692 -56.811001 993.579921 -1093.139265 -0.559522 0.825472 -0.074376 -0.804529 -0.562500 -0.190598 0.199170 0.046807 -0.978847
3.930091 -54.043684 814.809281 -907.782730 -0.580039 0.809784 -0.088342 -0.785746 -0.584804 -0.201511 0.214843 0.047470 -0.975494
0.211928 -54.093004 537.907895 -537.205478 -0.527331 0.846744 -0.070336 -0.782359 -0.516184 -0.348524 0.331417 0.128760 -0.934657
14.616331 -49.988330 -11770.678209 -1120.600635 0.272350 -0.942033 0.195957 0.955757 0.241333 -0.168185 0.111145 0.233093 0.966082
58.394769 -46.290053 -27312.440802 -537.638932 0.106379 -0.965055 0.239484 0.988322 0.076196 -0.131963 0.109104 0.250725 0.961890
12.731792 -46.379783 -9278.632617 -1547.110817 0.237622 -0.955100 0.176973 0.970727 0.240059 -0.007829 -0.035007 0.173652 0.984185
-8.130914 -49.754130 -1290.536565 -2326.287089 0.418210 -0.901136 0.114253 0.908160 0.417379 -0.032264 -0.018613 0.117253 0.992928
-7.490269 -45.790124 1809.554609 -1452.466783 -0.371444 0.919027 -0.131977 0.915010 0.386451 0.115813 -0.157438 0.077742 0.984464
8.936875 -43.471900 6882.770098 -1364.671850 -0.203212 0.966185 -0.158719 0.963275 0.226334 0.144477 -0.175515 0.123530 0.976696
2.657903 -155.407892 -1613.888631 14515.982555 0.660887 -0.508503 0.551954 0.741451 0.328631 -0.585022 0.116097 0.795881 0.594219
5.062852 -155.449383 137.231684 9581.071432 0.645462 -0.531582 0.548451 0.763790 0.451094 -0.461670 -0.001987 0.716892 0.697181
-2.072947 -182.140366 -2572.080073 11723.548230 0.678213 -0.492312 0.545578 0.727071 0.557386 -0.400861 -0.106749 0.668543 0.735972
-1.885850 -110.652823 -6340.841171 14110.804354 0.810192 -0.385898 0.441217 -0.218511 0.499626 0.838228 0.543914 0.775536 -0.320470
7.833803 -107.434083 -15042.083007 18471.310423 0.816317 -0.333872 0.471335 -0.286537 0.474452 0.832341 0.501521 0.814509 -0.291636
-4.805023 -89.721778 -13298.069468 9735.728720 0.831480 -0.350308 0.431190 -0.299420 0.371199 0.878953 0.467962 0.859939 -0.203756
22.800104 -44.541289 4945.358623 11700.485852 0.647721 -0.343254 0.680172 0.152864 0.933155 0.325352 -0.746385 -0.106764 0.656895
16.096658 -67.963301 1231.526190 19667.148958 0.611572 -0.507103 0.607311 0.220685 0.846463 0.484560 -0.759788 -0.162319 0.629583
25.991397 -42.398082 7518.430102 14779.723465 0.621188 -0.353658 0.699322 0.125594 0.925771 0.356615 -0.773532 -0.133695 0.619495
17.306290 -227.808711 2295.981003 60349.289892 0.690703 -0.637406 0.341530 0.336024 0.701105 0.628920 -0.640326 -0.319634 0.698439
21.274092 -158.526667 1509.319192 45838.909389 0.702492 -0.595570 0.389617 0.423274 0.789738 0.444019 -0.572140 -0.147005 0.806874
16.399113 -218.993078 2597.681659 69821.694158 0.702990 -0.645718 0.298081 0.435478 0.722185 0.537408 -0.562284 -0.247985 0.788885
13.959603 -225.550406 -2560.197562 34060.931606 -0.703214 0.640625 -0.308368 0.247273 0.627017 0.738719 -0.666593 -0.443226 0.599336
15.645899 -211.123676 -1679.326256 7700.143574 -0.673296 0.651206 -0.350146 0.097888 0.547913 0.830788 -0.732864 -0.525092 0.432653
1.205540 -316.731946 -9019.764642 53330.696361 0.564042 -0.582973 0.584807 0.708760 0.705184 0.019378 -0.423693 0.403557 0.810941
5.184608 -204.196240 -4690.374519 23953.112827 0.617279 -0.547002 0.565469 0.728328 0.669096 -0.147814 -0.297499 0.503089 0.811416
5.798877 -308.850991 -8544.026156 -11279.642641 0.659718 -0.513584 0.548637 0.735111 0.592704 -0.329111 -0.156154 0.620429 0.768559
0.147528 -404.180473 5180.884616 -72935.311683 0.645324 -0.559428 0.520190 0.745478 0.609863 -0.268940 -0.166792 0.561344 0.810601
-4.782761 -32.907530 -3638.493016 -3621.481288 0.369355 -0.668693 0.645312 0.489867 0.730201 0.476274 -0.789688 0.140203 0.597274
-13.815652 -30.728231 -1093.969148 -3867.419490 0.394780 -0.673779 0.624636 0.464360 0.732956 0.497138 -0.792792 0.093796 0.602232
-5.786966 -37.829185 3982.658949 -2726.375197 -0.351131 0.701909 -0.619702 0.567532 0.685956 0.455381 -0.744725 0.191802 0.639216
20.537189 -36.439801 12490.228702 -2672.574532 -0.275787 0.739575 -0.613980 0.603191 0.630486 0.488517 -0.748400 0.235621 0.619984
-14.569042 -49.096456 -1313.991458 171.105720 -0.359298 0.783033 -0.507706 0.779789 -0.046963 -0.624278 -0.512673 -0.620205 -0.593727
-14.078697 -49.228555 -2522.694801 849.535338 -0.443502 0.792321 -0.418967 0.679578 -0.007504 -0.733565 -0.584363 -0.610058 -0.535116
-17.726901 -46.640553 -2067.564947 921.466777 -0.424598 0.804678 -0.414981 0.733230 0.036737 -0.678988 -0.531122 -0.592573 -0.605612
-20.694996 -42.292833 193.219487 -443.182138 -0.189067 0.970047 0.152517 -0.829278 -0.240911 0.504242 -0.525882 0.031144 -0.849987
-17.495966 -39.902025 -292.629122 -1110.045970 -0.227033 0.960464 0.161134 -0.875014 -0.273810 0.399223 -0.427559 0.050358 -0.902584
-19.827130 -42.002203 -2884.248673 -465.610210 -0.291537 0.947568 0.130849 -0.802662 -0.316741 0.505380 -0.520327 -0.042309 -0.852918
-15.987679 -40.436592 4073.645864 -545.411720 -0.089840 0.980604 0.174200 -0.893883 -0.156522 0.420088 -0.439206 0.117973 -0.890607
-22.424902 -43.591813 -3217.158485 -151.315566 -0.260119 0.958389 0.117598 -0.744797 -0.276658 0.607238 -0.614504 -0.070367 -0.785769
-22.721554 -43.340264 143.249609 -500.914383 -0.186894 0.970114 0.154757 -0.766394 -0.242536 0.594825 -0.614583 0.007436 -0.788817
-18.266170 -41.933486 4208.203694 -531.117033 -0.099673 0.978468 0.180739 -0.842127 -0.179705 0.508456 -0.529988 0.101526 -0.841906
-14.716333 -44.761469 549.218889 -767.095554 -0.287545 0.936391 -0.201220 -0.635338 -0.029273 0.771679 -0.716703 -0.349736 -0.603342
-15.451366 -48.560196 382.338497 -696.031864 -0.343693 0.925828 -0.157217 -0.508629 -0.042791 0.859922 -0.789412 -0.375515 -0.485610
-10.650649 -44.097317 1742.584617 -1333.843405 -0.259585 0.955613 -0.139357 -0.575054 -0.037025 0.817277 -0.775841 -0.292290 -0.559140
-9.682792 -39.978797 2054.131531 -680.415945 -0.210605 0.961626 -0.175841 -0.672290 -0.011888 0.740193 -0.709698 -0.274104 -0.648995
11.158498 -217.008511 -1455.480827 -49470.528308 -0.402414 0.915407 -0.009631 -0.071377 -0.041862 -0.996571 0.912671 0.400346 -0.082185
11.572666 -169.452340 -1805.818220 -64031.138563 -0.384503 0.923087 -0.008223 0.147475 0.052631 -0.987664 0.911268 0.380973 0.156369
20.589244 -213.844675 -3222.805743 -103158.419566 -0.426712 0.904374 0.004835 0.075964 0.041168 -0.996260 0.901191 0.424749 0.086266
19.178091 -300.871562 -2249.724755 -112107.346964 -0.455292 0.890095 -0.020992 -0.157910 -0.103931 -0.981969 0.876227 0.443768 -0.187874
9.751744 -269.213785 -873.563143 -21893.426371 -0.430390 0.902187 -0.028694 -0.329930 -0.186824 -0.925334 0.840185 0.388787 -0.378066
-91.374182 -493.710444 4163.589620 133764.490741 -0.082113 -0.279592 0.956601 0.341141 0.893975 0.290571 -0.936419 0.350196 0.021973
-96.293202 -192.615347 -16475.503530 20786.557134 -0.099503 -0.377693 0.920569 0.063755 0.920839 0.384695 -0.992993 0.096969 -0.067546
-41.981990 -250.749845 10080.889633 79851.599850 0.004375 -0.219112 0.975690 0.468364 0.862512 0.191595 -0.883525 0.456139 0.106398
-31.380002 -215.156768 -7669.321167 77414.816104 -0.230863 -0.578938 0.782006 0.424693 0.663156 0.616328 -0.875408 0.474399 0.092772
-123.466442 -593.652503 7524.135494 165874.397389 -0.209180 -0.192885 0.958665 0.372003 0.890949 0.260431 -0.904355 0.411103 -0.114615
-119.970433 -474.797055 -26383.898132 140512.019674 -0.283559 -0.361294 0.888291 0.166615 0.893661 0.416665 -0.944369 0.266152 -0.193209
33.388283 -244.462790 7236.195784 -39880.055067 0.198356 0.657139 -0.727203 0.664373 0.455338 0.592686 -0.720600 0.600696 0.346266
13.873133 -243.567824 3249.817002 -55469.373910 0.182932 0.618909 -0.763863 0.592831 0.550378 0.587908 -0.784275 0.560389 0.266227
17.819101 -253.592498 -2314.617647 -26766.378252 -0.185208 -0.608209 0.771868 0.858754 0.281684 0.428014 -0.477745 0.742116 0.470131
38.677726 -269.953945 -6964.275963 10913.392830 -0.177079 -0.653667 0.735773 0.902051 0.191207 0.386968 -0.393633 0.732229 0.555782
47.320310 -296.386586 12772.377073 -30216.821582 0.183061 0.674156 -0.715544 0.698127 0.423311 0.577431 -0.692176 0.605246 0.393154
-13.590348 -47.907279 -580.831827 -432.459209 -0.520222 0.839686 -0.155874 0.613294 0.494322 0.616049 -0.594339 -0.224886 0.772132
-12.761596 -46.121528 437.354640 -216.965344 -0.478439 0.854288 -0.203196 0.629142 0.494910 0.599370 -0.612598 -0.158923 0.774253
-13.083901 -46.874654 -292.320979 -987.272230 -0.527553 0.829092 -0.185187 0.489214 0.474711 0.731655 -0.694520 -0.295391 0.656039
-57.593595 -84.755230 -317.183020 1938.625045 0.263480 -0.561117 0.784682 0.863552 -0.225347 -0.451106 0.429949 0.796471 0.425180
-59.591861 -89.129265 -1573.038118 2692.102848 0.552133 -0.632118 0.543670 0.745831 0.082994 -0.660945 0.372673 0.770415 0.517277
-48.887414 -74.178831 -322.215341 5827.136867 0.038811 -0.364471 0.930406 0.849219 -0.478672 -0.222936 0.526613 0.798770 0.290938
20.878523 -78.912322 -19620.304395 1846.627646 0.202069 0.300778 -0.932041 0.729932 0.588248 0.348084 0.652968 -0.750664 -0.100681
34.259217 -78.572373 -20511.574263 3868.241102 0.218916 0.325831 -0.919734 0.659131 0.645637 0.385615 0.719459 -0.690642 -0.073426
55.189671 -87.733462 -22030.781957 6373.983033 0.155950 0.355408 -0.921610 0.743576 0.571938 0.346385 0.650211 -0.739305 -0.175079
12.249084 -81.899942 -19255.409984 -200.043467 0.156214 0.278387 -0.947680 0.851322 0.448567 0.272100 0.500848 -0.849287 -0.166925
-9.143564 -76.086234 -12772.772971 661.544214 0.209973 0.302232 -0.929821 0.734366 0.579089 0.354065 0.645459 -0.757173 -0.100356
9.610855 -62.726507 65.426664 -16478.401526 0.481631 0.548914 -0.683173 -0.639996 0.752848 0.153705 0.598696 0.363199 0.713897
8.010162 -85.985643 -2491.274586 -14141.457634 0.460901 0.605365 -0.648925 -0.752064 0.654632 0.076533 0.471137 0.452759 0.756994
8.164353 -86.491114 -774.453077 -14487.525288 0.445747 0.571210 -0.689224 -0.731244 0.676454 0.087703 0.516325 0.464898 0.719221
18.627668 -47.662207 -4043.490987 962.311009 -0.381670 0.788042 -0.483030 0.346304 -0.362606 -0.865211 0.856972 0.497500 0.134507
15.375404 -45.946246 581.069818 -735.017225 -0.446521 0.703476 -0.552938 0.346857 -0.433557 -0.831696 0.824809 0.563160 0.050413
9.034488 -28.600942 -5264.710208 -3651.385246 0.228041 -0.892225 0.389784 0.950627 0.290573 0.108971 -0.210487 0.345689 0.914436
3.748409 -26.419659 -8689.462640 -4083.191895 0.246477 -0.878066 0.410182 0.935583 0.326001 0.135674 -0.252850 0.350319 0.901856
-3.218962 -28.152362 -7501.453502 -963.188060 0.286925 -0.864029 0.413676 0.929559 0.355481 0.097740 -0.231505 0.356492 0.905163
24.049913 -115.213709 -7580.767197 2106.262998 -0.358302 0.629150 -0.689775 -0.344442 0.597626 0.724019 -0.867744 -0.497005 -0.002575
29.105730 -112.835754 -7298.302560 -2418.633382 -0.358451 0.702864 -0.614406 -0.319668 0.525942 0.788161 -0.877112 -0.478923 -0.036159
17.488660 -110.935869 -4405.916995 -1803.447808 -0.327765 0.746280 -0.579341 -0.107041 0.579933 0.807602 -0.938676 -0.326717 0.110199
-10.988826 -86.850660 -685.607171 -2499.955682 -0.091695 0.833144 -0.545401 -0.654368 0.362432 0.663660 -0.750596 -0.417748 -0.511950
-13.523067 -85.854966 -474.093367 -64.148188 -0.061827 0.856745 -0.512021 -0.630780 0.364024 0.685276 -0.773494 -0.365342 -0.517911
-14.198334 -86.647137 -644.170976 3147.615693 -0.059211 0.855382 -0.514602 -0.744385 0.305642 0.593695 -0.665120 -0.418216 -0.618636
-15.527875 -37.713971 -1561.406729 702.942348 -0.379683 0.794707 0.473585 0.382851 0.601003 -0.701584 0.842180 0.085067 0.532444
-21.992087 -45.407873 2896.371026 1359.369610 0.468346 -0.659593 -0.587868 0.286519 0.742776 -0.605137 0.835799 0.114978 0.536862
-11.181316 -41.167588 -2441.707874 -50.512420 -0.318523 0.857309 0.404431 0.502815 0.514491 -0.694605 0.803567 0.017893 0.594945
-24.294257 -42.308408 2771.420179 2796.804314 0.491784 -0.559449 -0.667208 0.143841 0.807944 -0.571433 0.858754 0.185049 0.477806
-4.220437 -34.389221 -4775.575625 792.934920 -0.154179 0.963101 0.220604 0.554319 0.269140 -0.787587 0.817899 -0.000855 0.575361
-18.163108 -40.030314 1171.222359 2376.962217 0.435847 -0.681889 -0.587422 0.233646 0.716024 -0.657814 0.869165 0.149457 0.471397
-12.721250 -35.790111 -723.654007 -353.275915 -0.291169 0.874007 0.389014 0.424183 0.482423 -0.766379 0.857490 0.058133 0.511206
11.969624 -57.899444 -4094.816113 -4604.774601 -0.544409 -0.452415 0.706357 0.836978 -0.348747 0.421714 0.055550 0.820790 0.568522
-0.272043 -76.092220 51.306904 1275.087559 0.096169 -0.917675 0.385519 0.960836 0.186716 0.204769 -0.259894 0.350728 0.899692
-0.544933 -96.389598 -323.858161 10960.214109 -0.142404 0.908078 -0.393848 0.917232 0.270622 0.292318 -0.372031 0.319622 0.871455
-1.127928 -100.041897 151.140217 629.919127 0.320069 -0.554482 0.768183 0.913637 0.395169 -0.095436 -0.250645 0.732387 0.633077
-0.355200 -96.879971 479.966265 382.598951 0.303475 -0.564325 0.767751 0.911455 0.406813 -0.061256 -0.277763 0.718360 0.637814
-1.480718 -95.642425 358.501862 -1976.016668 0.344690 -0.542369 0.766175 0.810698 0.583468 0.048312 -0.473242 0.604484 0.640813
11.729863 -98.846589 -872.822726 -3748.171680 -0.199186 0.295232 -0.934432 0.822484 -0.468040 -0.323199 -0.532770 -0.832932 -0.149597
0.151528 -140.483498 -4981.548396 27927.165397 0.629833 0.703793 -0.328612 0.258817 0.208732 0.943104 -0.732342 0.679048 0.050687
-12.203446 -175.046865 -1368.996636 37867.381035 0.662644 0.707333 -0.246135 0.168265 0.179637 0.969236 -0.729787 0.683675 -0.000016
0.135630 -95.645827 2182.597344 7174.795905 0.636150 0.764487 -0.104267 -0.595219 0.400264 -0.696781 0.490945 -0.505319 -0.709665
0.592306 -93.155719 1667.145852 -767.926315 0.635517 0.763526 -0.114658 0.650105 -0.449066 0.612946 0.416510 -0.464078 -0.781762
2.918019 -98.415645 1484.539525 7555.456733 0.646010 0.754879 -0.113263 -0.567835 0.376081 -0.732206 0.510131 -0.537328 -0.671599
-1.925176 -93.402942 765.125257 -1130.846702 0.648628 0.751523 -0.120395 0.649819 -0.464460 0.601674 0.396254 -0.468498 -0.789616
1.711477 -113.098354 2054.666048 10337.386382 0.628944 0.767354 -0.124890 -0.501974 0.278147 -0.818936 0.593676 -0.577757 -0.560130
-1.664064 -98.066355 1392.427350 6539.186207 0.642935 0.757343 -0.114306 -0.591446 0.396092 -0.702355 0.486648 -0.519174 -0.702589
-28.094650 -100.311680 21043.151475 -29177.507189 -0.152410 0.480627 -0.863579 0.162749 0.874064 0.457740 0.974825 -0.070782 -0.211438
-24.135576 -679.384330 17697.819158 268549.740903 -0.018231 0.884901 0.465421 0.356072 0.440725 -0.823999 0.934281 -0.150701 0.323124
-374.938772 -828.857248 -73808.124823 355243.992721 -0.085097 0.995783 0.034277 0.593983 0.078320 -0.800656 0.799964 0.047774 0.598143
30.686858 -328.837028 -7501.353184 -81023.833514 0.832655 0.286753 -0.473770 -0.278632 0.956258 0.089084 0.478591 0.057830 0.876131
-1041.926660 -2013.360435 407201.228006 -338849.033811 0.728046 -0.228573 -0.646300 0.413299 -0.605817 0.679830 0.546931 0.762063 0.346593
-562.934229 -5404.966176 -138973.468903 3468569.658850 0.302629 0.947719 0.101212 -0.425106 0.229259 -0.875628 0.853054 -0.221965 -0.472262
-575.327576 -5970.123221 -180906.842752 2521702.412248 0.760607 0.623916 -0.179460 -0.302871 0.096510 -0.948133 0.574236 -0.775509 -0.262372
-2072.648602 -6207.444598 637591.745428 -2014992.553508 -0.790847 -0.611988 0.005646 -0.611414 0.790446 0.036991 -0.027101 0.025802 -0.999300
16084.686588 -1374.664770 -102944256.357170 -492894.546404 0.233299 -0.041007 0.971540 0.943716 0.250449 -0.216046 -0.234462 0.967261 0.097129
16.215152 -31.672187 2952.111625 -691.519447 0.361577 0.931964 -0.026565 -0.585141 0.204652 -0.784683 0.725860 -0.299267 -0.619328
22.998314 -31.199943 501.232300 -629.839243 0.381568 0.923554 -0.038139 -0.507128 0.174668 -0.843986 0.772805 -0.341379 -0.535007
13.215709 -31.426734 6849.726689 -1405.733584 0.284294 0.957234 -0.053666 -0.563828 0.121657 -0.816883 0.775419 -0.262493 -0.574302
3.481033 -34.759957 5090.307510 -1173.766306 0.250728 0.962757 -0.101161 -0.662826 0.094571 -0.742777 0.705547 -0.253288 -0.661853
9.002511 -35.593701 2863.553510 -1357.876660 0.382801 0.923778 -0.009850 -0.638635 0.256907 -0.725358 0.667540 -0.283958 -0.688301
17.904542 -32.468495 494.770621 -559.683582 0.442623 0.896652 0.010046 -0.579724 0.294685 -0.759659 0.684109 -0.330418 -0.650245
-0.237522 -89.448512 -186.249356 531.452891 0.251430 -0.568841 0.783073 0.949294 0.302708 -0.084907 -0.188743 0.764714 0.616107
-0.514607 -87.497894 319.164466 -459.114634 0.238747 -0.582377 0.777070 0.954391 0.288446 -0.077050 -0.179271 0.760024 0.624681
-833.999512 -156915.319433 2639687.177579 -219541735.332788 0.138418 -0.349346 -0.926714 0.202634 0.925916 -0.318779 0.969423 -0.143659 0.198952
-2247.576386 -7986.595945 -668539.368732 -9861595.149435 0.115814 0.789448 -0.602793 0.598793 -0.539691 -0.591761 0.792486 0.292413 0.535220
-2200.909274 -3535.491991 -821971.618248 -2668524.639850 0.757835 0.103105 -0.644249 0.150248 0.933317 0.326105 0.634911 -0.343930 0.691809
-2639.323835 -3202.305838 1942812.728855 2182448.749887 -0.200546 -0.068506 -0.977286 -0.487375 0.872327 0.038864 0.849851 0.484099 -0.208330
-2135.491704 -4080.394985 -1390549.592864 -1362955.608909 0.578469 0.717608 0.387831 0.490051 0.074355 -0.868517 0.652092 -0.692466 0.308653
-4657.908544 -11134.012830 3638989.866957 -7546204.460777 -0.418708 -0.390441 -0.819902 0.086840 0.881503 -0.464124 0.903959 -0.265533 -0.335187
49.456291 -322.879685 -22.598117 -70318.188388 0.619250 -0.155869 0.769567 0.713920 0.519783 -0.469195 -0.326875 0.839959 0.433154
73.379649 -315.071794 1069.172875 -62549.693680 0.513517 -0.278257 0.811710 0.843845 0.335347 -0.418889 -0.155645 0.900064 0.407012
36.578358 -276.772248 -4040.490279 -62331.572977 0.556318 -0.271752 0.785278 0.684268 0.685993 -0.247366 -0.471473 0.674955 0.567582
80.964687 -307.803381 -62.929361 -23950.984837 0.614876 -0.163593 0.771470 0.788624 0.128483 -0.601303 -0.000752 0.978125 0.208014
53.020122 -478.647244 -15565.042474 138945.884406 0.672051 -0.079243 0.736253 -0.512782 -0.767099 0.385504 -0.534231 0.636615 0.556164
88.984854 -528.843895 -29568.309797 139820.682043 0.689367 0.077840 0.720218 -0.646870 -0.381389 0.660380 -0.326087 0.921132 0.212564
22.461658 -953.123323 -10380.142209 355564.736541 -0.083771 0.857800 -0.507111 0.074815 0.512877 0.855196 -0.993673 -0.033701 0.107140
-25.459250 -59.291756 -10554.873395 -4062.048959 -0.288015 0.305537 -0.907576 0.846967 -0.360983 -0.390306 -0.446873 -0.881101 -0.154811
-8.082724 -67.224414 -19501.274162 -6060.191793 -0.246493 0.203808 -0.947472 0.894467 -0.328482 -0.303362 -0.373056 -0.922259 -0.101331
-14.147911 -49.261139 -14241.411476 -5295.179139 -0.240810 0.225824 -0.943935 0.821815 -0.469976 -0.322091 -0.516363 -0.853303 -0.072410
-30.697704 -65.273983 -10151.399570 -5174.700866 -0.272405 0.313402 -0.909711 0.894923 -0.264757 -0.359188 -0.353423 -0.911966 -0.208350
-34.709147 -48.577663 -6548.108439 -2887.312990 -0.248409 0.337454 -0.907975 0.800124 -0.456855 -0.388696 -0.545980 -0.823048 -0.156518
-40.925391 -59.620951 -864.818074 -3174.283683 -0.361322 0.465717 -0.807808 0.810678 -0.271143 -0.518924 -0.460703 -0.842371 -0.279577
-13.455854 -31.866047 -9868.063912 7042.831279 0.426623 -0.274191 -0.861865 0.656225 -0.561922 0.503599 -0.622383 -0.780425 -0.059798
3.190569 -44.659431 12852.172641 -8135.795873 -0.416659 0.373001 0.829015 -0.564463 0.608689 -0.557565 -0.712585 -0.700263 -0.043071
-3.493361 -49.050530 16001.584515 -1933.580031 -0.345429 0.297486 0.890046 -0.547244 0.706621 -0.448565 -0.762367 -0.642019 -0.081290
1.777014 -8.893647 -1096.722308 2709.815098 -0.120450 -0.476487 0.870892 0.945001 0.213684 0.247612 -0.304080 0.852819 0.424542
0.732815 -5.257499 -2781.834615 1168.836098 -0.274629 -0.499099 0.821876 0.910662 0.139375 0.388934 -0.308666 0.855263 0.416234
0.993398 -14.349737 -570.923301 5860.679561 0.205714 -0.370819 0.905635 0.922547 0.382219 -0.053053 -0.326478 0.846405 0.420725
7.178069 -6.785020 -3995.265158 -1277.742022 -0.495592 -0.531607 0.686864 0.810560 0.001049 0.585654 -0.312059 0.846990 0.430380
1.479303 -17.060462 -205.711929 3712.553792 0.107305 -0.414979 0.903481 0.937759 0.344135 0.046688 -0.330294 0.842237 0.426078
4.025145 -9.893962 -2316.511290 399.986517 -0.327749 -0.515736 0.791579 0.898517 0.088778 0.429868 -0.291973 0.852135 0.434301
32.074024 -46.608855 -5152.283336 1583.049139 -0.200065 0.965565 -0.166308 -0.787254 -0.057372 0.613954 -0.583271 -0.253758 -0.771623
32.879998 -47.950901 -5080.080506 1171.420624 -0.210000 0.962474 -0.171885 -0.846755 -0.091152 0.524116 -0.488780 -0.255609 -0.834121
36.850325 -46.713219 -6208.033218 1049.382644 -0.192335 0.974729 -0.113626 -0.841924 -0.104417 0.529397 -0.504154 -0.197486 -0.840731
37.143002 -47.936330 -5617.720601 -133.801123 -0.204040 0.971775 -0.118409 -0.892312 -0.134863 0.430803 -0.402675 -0.193559 -0.894644
33.908313 -48.925810 -4776.624904 -258.135876 -0.219217 0.959081 -0.179183 -0.896622 -0.125613 0.424607 -0.384725 -0.253740 -0.887470
-4.223789 -67.261824 891.890920 -1247.273917 0.627002 -0.751055 0.206845 0.558946 0.248776 -0.791005 -0.542630 -0.611577 -0.575782
17.294306 -79.675988 819.021695 96.037949 -0.525598 0.850125 0.032167 -0.719903 -0.464598 0.515643 -0.453306 -0.247864 -0.856199
17.583374 -80.317014 -564.894069 1039.348940 -0.549767 0.834678 -0.032707 -0.734216 -0.464183 0.495440 -0.398351 -0.296391 -0.868026
17.199094 -92.257827 -1062.392872 10922.395087 -0.543542 0.838403 -0.040525 -0.778011 -0.485093 0.399228 -0.315056 -0.248526 -0.915956
-5.872972 -110.470216 -526.546873 -6146.472294 -0.577628 0.815649 -0.032601 -0.022316 0.024144 0.999459 -0.815995 -0.578043 -0.004256
-7.349049 -106.751967 -555.761949 -5333.420155 -0.559592 0.828674 -0.012523 -0.013063 0.006289 0.999895 -0.828666 -0.559696 -0.007306
