18502
36995
-41.679274 -61.647303 432.062340 9626.588990 0.365334 0.930859 0.005627 0.852583 -0.332174 -0.403438 0.373675 -0.152187 0.914990
-37.170976 -62.966650 -611.261547 7090.923749 0.542967 0.828864 -0.134802 0.764984 -0.554423 -0.327740 0.346389 -0.074830 0.935102
-44.606127 -72.609432 2326.481808 6147.883935 0.341037 0.940018 -0.007741 0.905028 -0.330547 -0.267701 0.254202 -0.084290 0.963471
-33.625303 -52.231239 1185.766689 -4371.342099 0.727830 0.625548 -0.280986 -0.529993 0.773136 0.348380 0.435169 -0.104641 0.894247
-39.300161 -87.299104 -2227.075094 15633.748922 0.061965 0.986304 0.152855 0.956520 -0.014951 -0.291285 0.285010 -0.164258 0.944346
-32.061593 -70.276408 -5272.591497 16687.654827 0.155817 0.970001 0.186598 0.904474 -0.064174 -0.421673 0.397048 -0.234477 0.887341
-33.093252 -46.377858 830.016163 6150.747762 0.577674 0.810750 -0.094744 0.683157 -0.543730 -0.487497 0.446754 -0.216889 0.867969
132.512101 -86.290381 224.707982 -4883.115430 0.030286 0.951147 0.307248 0.090576 0.303513 -0.948512 0.995429 -0.056556 0.076959
122.356738 -81.152792 -9889.626661 -2457.442592 0.049637 0.932660 0.357327 0.215396 0.339353 -0.915666 0.975265 -0.122417 0.184046
127.055897 -91.370927 -6016.498838 -1437.887765 -0.127941 0.930366 0.343584 0.171679 0.361977 -0.916242 0.976810 0.058238 0.206036
-51.626717 -75.890010 3940.631835 2649.165366 -0.437671 0.885399 0.156566 -0.640610 -0.184879 -0.745277 0.630922 0.426484 -0.648112
-58.603183 -79.826604 4582.538056 6056.127417 -0.316455 0.938697 0.136765 -0.701078 -0.134314 -0.700321 0.639020 0.317502 -0.700604
-53.231919 -69.519183 1611.985903 8362.011506 -0.441284 0.896484 0.039808 -0.734080 -0.335117 -0.590612 0.516134 0.289850 -0.805973
-59.278928 -77.952815 -856.353719 11923.175432 -0.214507 0.975618 0.046447 -0.810998 -0.151408 -0.565117 0.544306 0.158890 -0.823702
-49.189977 -67.910269 1861.886061 5939.787069 -0.565296 0.820082 0.088920 -0.665500 -0.389717 -0.636577 0.487392 0.419030 -0.766070
-49.472007 -57.486592 1387.346251 7603.526169 -0.601804 0.798639 -0.002778 -0.694613 -0.525128 -0.491684 0.394137 0.293968 -0.870769
-53.483634 -56.914707 -3939.894567 3996.508259 0.143239 0.963963 0.224184 -0.877427 0.228478 -0.421806 0.457827 0.136286 -0.878533
9.004097 -22.287235 2050.658699 -873.251952 -0.205006 0.914824 0.347950 0.878503 0.015253 0.477494 -0.431516 -0.403564 0.806802
22.154694 -26.235270 9035.406769 1180.759465 -0.110192 0.909240 0.401423 0.889323 -0.090146 0.448307 -0.443805 -0.406395 0.798674
5.515370 -25.292602 2783.485548 2674.283190 -0.097871 0.909292 0.404486 0.886764 -0.104812 0.450183 -0.451743 -0.402743 0.796069
-0.639455 -21.964747 218.397762 1710.051709 -0.241888 0.916760 0.317868 0.857657 0.048802 0.511902 -0.453779 -0.396445 0.798070
4.769638 -20.156503 340.331898 -1622.111956 -0.335203 0.907770 0.252174 0.835199 0.162450 0.525407 -0.435983 -0.386734 0.812623
-14.255743 -35.036929 -1992.206366 2978.273094 -0.232724 0.801317 0.551117 -0.344218 0.462128 -0.817283 0.909590 0.379906 -0.168280
-14.443557 -28.281272 -2317.978424 2439.404500 -0.294761 0.860245 0.416046 -0.364240 0.301372 -0.881195 0.883428 0.411282 -0.224503
-18.557418 -32.229247 -2586.915490 2354.285544 -0.286616 0.827373 0.483017 -0.326374 0.389690 -0.861175 0.900739 0.404471 -0.158341
-18.715724 -36.677713 -1925.939090 2261.605353 -0.246113 0.750089 0.613837 -0.291416 0.546747 -0.784948 0.924394 0.372068 -0.084027
-22.612901 -32.100266 -2265.038786 2079.664725 -0.309869 0.786357 0.534438 -0.304999 0.450186 -0.839231 0.900531 0.423054 -0.100340
12.926299 -47.584623 -7278.494395 -838.473749 0.600343 -0.744426 0.292264 0.649787 0.240993 -0.720901 0.466224 0.622697 0.628397
14.881387 -47.231296 -6669.431078 516.977823 0.621105 -0.737408 0.265440 -0.594986 -0.223210 0.772120 0.510119 0.637500 0.577384
24.728345 -48.504668 -8465.356855 -817.794714 0.620116 -0.741820 0.255263 0.628659 0.275237 -0.727346 0.469302 0.611512 0.637031
16.299359 -47.691524 -8570.258645 -636.454074 0.602597 -0.738527 0.302415 0.693344 0.296855 -0.656621 0.395159 0.605355 0.690937
-3.827784 -37.312139 851.903986 121.585461 0.711260 0.667700 -0.219738 -0.672273 0.737461 0.064814 0.205325 0.101624 0.973403
-6.213095 -37.664927 1112.637299 282.768343 0.682280 0.699645 -0.212110 -0.701576 0.708178 0.079215 0.205634 0.094764 0.974030
-3.847421 -40.729353 1045.989181 -4242.669950 0.687560 0.691176 -0.222568 -0.658654 0.722682 0.209538 0.305674 0.002526 0.952133
-6.958671 -40.986415 -521.014851 -3460.410833 -0.684648 -0.698239 0.209093 0.721521 -0.689900 0.058695 0.103270 0.191050 0.976133
1.242301 -51.929676 391.599315 3256.397858 -0.473200 -0.870150 0.137552 0.880946 -0.468097 0.069422 0.003980 0.154026 0.988059
2.345442 -45.621493 232.691692 -3710.259078 -0.462832 -0.873854 0.148881 0.886043 -0.461113 0.047985 0.026719 0.154124 0.987690
1.057762 -44.390591 346.538511 -3106.718317 -0.487041 -0.862321 0.138541 0.872721 -0.486668 0.038880 0.033897 0.139844 0.989593
1.530293 -65.338647 365.862170 -5323.539792 0.510823 0.834973 -0.204646 0.742741 -0.548515 -0.384015 0.432893 -0.044165 0.900363
0.362923 -59.622658 -348.989362 -8363.432788 0.513204 0.835060 -0.198236 0.799158 -0.549171 -0.244453 0.312998 0.032968 0.949181
-1.709507 -62.295335 986.938814 -9973.238487 0.469400 0.860679 -0.197221 0.827837 -0.506664 -0.240787 0.307165 0.050242 0.950329
0.900212 -64.151622 -929.850750 -4133.416279 0.544873 0.811336 -0.211771 0.713592 -0.581290 -0.391009 0.440340 -0.061932 0.895693
-0.972892 -67.132799 1213.978600 -7155.625028 0.468012 0.864927 -0.181289 0.776424 -0.500416 -0.383079 0.422056 -0.038529 0.905751
0.977747 -76.516424 -593.720580 489.654333 0.538643 0.816297 -0.208622 0.650642 -0.560325 -0.512544 0.535284 -0.140340 0.832932
1.712423 -80.254802 1137.455610 -146.070763 0.485078 0.851510 -0.199074 0.671915 -0.508630 -0.538354 0.559669 -0.127383 0.818868
4.463171 -85.511975 6793.311385 119.655290 -0.047327 0.879249 0.474006 0.991299 0.099695 -0.085953 -0.122830 0.465814 -0.876316
2.490033 -82.858129 6226.417231 1481.010328 -0.051961 0.877799 0.476202 0.998017 0.028684 0.056025 0.035520 0.478169 -0.877549
-3.827736 -86.071970 1911.099842 1529.848188 -0.014010 0.897353 0.441092 0.999842 0.017402 -0.003645 -0.010946 0.440971 -0.897454
-5.847819 -82.419965 2531.994203 3061.801859 -0.013028 0.891832 0.452180 0.983645 -0.069816 0.166037 0.179646 0.446947 -0.876336
-9.996249 -85.144938 64.700050 3046.488285 0.006864 0.905216 0.424896 0.993489 -0.054494 0.100047 0.113718 0.421443 -0.899696
-8.438442 -88.811408 917.767085 144.567142 0.000774 0.904237 0.427031 0.992518 0.051445 -0.110733 -0.122097 0.423922 -0.897431
1.883858 -89.882186 3149.000267 984.183586 -0.027051 0.895812 0.443609 0.975172 0.121221 -0.185324 -0.219790 0.427582 -0.876850
17.888743 -40.084834 4112.438460 -231.019418 0.347280 0.852386 -0.390940 0.908518 -0.409116 -0.084963 -0.232361 -0.325671 -0.916486
75.495901 -42.501583 25477.405449 540.923669 0.229166 0.871873 -0.432805 0.955434 -0.286485 -0.071223 -0.186090 -0.397194 -0.898670
13.921412 -40.869444 5887.936260 1388.761896 0.352459 0.855754 -0.378759 0.923872 -0.382671 -0.004870 -0.149108 -0.348208 -0.925483
7.033035 -47.871574 3274.565669 -2889.632510 0.390696 0.851460 -0.349817 0.910164 -0.414161 0.008450 -0.137686 -0.321693 -0.936780
8.074022 -39.138646 763.731700 2962.336214 0.393036 0.829684 -0.396417 -0.863648 0.481077 0.150591 -0.315650 -0.283177 -0.905636
21.765061 -40.213338 4237.377030 65.643994 0.351219 0.835509 -0.422575 -0.867616 0.460090 0.188573 -0.351977 -0.300402 -0.886494
-4.700756 -72.761938 -819.303166 -1954.440017 0.315976 0.910114 -0.268051 0.005232 0.280849 0.959738 -0.948753 0.304657 -0.083980
-3.299287 -75.493491 -527.793271 -2862.362437 0.314635 0.909547 -0.271532 0.051342 0.269335 0.961677 -0.947823 0.316518 -0.038044
-3.506994 -77.587778 -1490.317214 -2464.105723 0.307790 0.917230 -0.252892 0.149245 0.215962 0.964928 -0.939676 0.334738 0.070421
-3.806536 -74.104649 -466.953644 -2399.527882 0.324821 0.911311 -0.252990 0.088664 0.236975 0.967461 -0.941610 0.336683 0.003826
19.987362 -40.983447 -15315.004835 -706.217727 0.196073 0.812567 0.548898 0.779463 0.210486 -0.590028 0.594973 -0.543535 0.592096
8.032435 -38.060090 13331.098983 -1028.410042 -0.185676 -0.821570 -0.539025 0.835755 0.156447 -0.526343 0.516756 -0.548222 0.657583
39.383357 -41.603855 -18434.149296 -1015.608602 0.097389 0.801594 0.589883 0.830579 0.261080 -0.491910 0.548319 -0.537851 0.640361
-1.780245 -40.032337 -2193.523903 -1570.980461 0.299953 0.863698 0.405036 0.775709 0.026301 -0.630542 0.555251 -0.503323 0.662090
4.022816 -40.317868 2795.466192 -2816.225770 0.501488 0.751571 -0.428544 -0.731999 0.632630 0.252897 -0.461180 -0.186869 -0.867406
10.365821 -39.155218 2824.496854 -3875.604246 0.440650 0.794776 -0.417322 -0.808076 0.553660 0.201181 -0.390949 -0.248578 -0.886210
-1.754575 -36.616814 2082.456592 -2010.870010 0.437710 0.814435 -0.380927 -0.821205 0.534639 0.199460 -0.366106 -0.225513 -0.902835
51.047350 -42.192984 17497.853017 -3841.153446 0.385580 0.835278 -0.391968 -0.813335 0.508288 0.283073 -0.435678 -0.209654 -0.875346
-2.724940 -36.399715 355.065486 -1647.488280 0.408474 0.824440 -0.391723 -0.787177 0.535429 0.306052 -0.462062 -0.183341 -0.867689
-5.094020 -40.918035 -860.005685 -429.072768 0.440065 0.795631 -0.416311 -0.730719 0.586752 0.348957 -0.521912 -0.150643 -0.839592
50.439884 -49.812527 21247.189312 -1986.878145 0.463181 0.792087 -0.397570 -0.715353 0.598953 0.359897 -0.523195 -0.117705 -0.844045
-0.180053 -47.023707 2682.800139 -2620.288163 0.534761 0.708831 -0.459988 -0.650404 0.692799 0.311456 -0.539449 -0.132624 -0.831508
46.095383 -43.702848 614.291996 -3831.777373 -0.372458 -0.732492 -0.569851 0.919367 -0.207431 -0.334270 0.126646 -0.648404 0.750689
40.612159 -35.254491 -6380.575068 -4385.482041 -0.381996 -0.820133 -0.425983 0.908221 -0.247899 -0.337165 0.170920 -0.515683 0.839558
38.871934 -42.742383 -4406.938744 -2162.364363 -0.316220 -0.817956 -0.480576 0.912806 -0.124335 -0.389006 0.258437 -0.561684 0.785952
46.617997 -30.907284 -2716.133319 -3628.062753 -0.439227 -0.764544 -0.471755 0.894449 -0.323114 -0.309125 0.083909 -0.557736 0.825766
48.203532 -38.312029 3058.609876 -5465.433927 -0.431426 -0.687586 -0.584035 0.901796 -0.310609 -0.300476 0.025197 -0.656314 0.754067
-16.091558 -88.349366 219.923982 3341.748008 0.130609 0.936847 0.324436 -0.544591 0.341243 -0.766142 0.828469 0.076620 -0.554768
-13.464797 -86.517401 325.683439 2908.475282 0.155814 0.940417 0.302222 -0.589951 0.333994 -0.735123 0.792262 0.063754 -0.606841
-16.288622 -86.381122 30.203378 1926.922281 0.144892 0.933117 0.329087 -0.692714 0.333153 -0.639653 0.706508 0.135283 -0.694655
-18.768537 -85.756417 -1852.138378 2844.290847 0.136050 0.930424 0.340298 -0.620181 0.347847 -0.703120 0.772571 0.115387 -0.624356
-9.746868 -95.833252 -1010.145035 -6288.578640 0.489675 -0.018741 0.871704 0.345539 0.922079 -0.174280 -0.800513 0.386549 0.457995
-8.970496 -97.357472 -1359.027775 -9087.871053 0.476596 0.008984 0.879077 0.401293 0.887469 -0.226633 -0.782189 0.460780 0.419359
-4.916100 -94.498688 -1443.876014 1602.362100 0.512915 0.065047 0.855972 0.226760 0.951442 -0.208180 -0.827948 0.300879 0.473258
-11.771750 -113.404589 396.728926 -20096.866041 0.450513 -0.078075 0.889350 0.509016 0.840854 -0.184032 -0.733445 0.535602 0.418556
-5.555716 -91.369092 -1449.886418 4017.864086 0.525302 0.052467 0.849297 0.182154 0.968027 -0.172466 -0.831190 0.245299 0.498950
-9.034323 -105.414259 -494.636280 -5075.323017 0.513901 -0.028318 0.857382 0.268734 0.954463 -0.129550 -0.814671 0.296983 0.498109
-12.125840 -126.447666 36.728787 -17330.382996 0.461942 -0.101153 0.881123 0.477702 0.865432 -0.151090 -0.747269 0.490709 0.448100
-5.969798 -145.626816 4249.951133 -15364.167372 0.506973 -0.168938 0.845245 0.620288 0.752402 -0.221664 -0.598516 0.636672 0.486237
-6.527207 -167.296165 1473.586623 -18044.960686 0.469700 -0.164240 0.867414 0.716569 0.644836 -0.265923 -0.515665 0.746466 0.420569
-8.567814 -132.229470 2385.445333 -14308.790834 0.501445 -0.142987 0.853292 0.526959 0.832686 -0.170138 -0.686197 0.534965 0.492895
-77.951218 -902.428535 872.907626 -230009.516078 -0.089016 -0.262795 0.960737 -0.285212 0.930900 0.228208 -0.954322 -0.253699 -0.157817
-37.688793 -606.760855 -6995.981827 -216188.024162 -0.158581 -0.152217 0.975542 -0.659201 0.751898 0.010163 -0.735055 -0.641467 -0.219579
-49.740225 -1958.361013 9186.579245 802839.085965 0.077048 0.032525 -0.996497 0.742764 -0.668606 0.035606 -0.665106 -0.742905 -0.075673
-25.422332 -564.483127 -13108.635635 -63469.091620 -0.235853 -0.211600 0.948472 -0.297585 0.944845 0.136791 -0.925104 -0.249989 -0.285813
-95.744870 -1404.812009 -1390.857221 -437749.795106 -0.038458 -0.187665 0.981480 -0.302808 0.938212 0.167527 -0.952275 -0.290757 -0.092908
-83.367902 -960.309896 780.369288 219346.374490 -0.125691 -0.190159 0.973674 0.268278 0.938375 0.217897 -0.955107 0.288603 -0.066930
-35.875326 -742.634494 -10157.592538 207294.030067 -0.175541 -0.188480 0.966261 0.241880 0.943159 0.227916 -0.954295 0.273728 -0.119974
-3.516105 -88.686005 -4801.320993 -4720.792423 -0.206454 0.393759 -0.895729 -0.340754 0.829209 0.443056 0.917204 0.396694 -0.037018
0.711150 -95.692560 -4605.117326 -3186.697915 -0.207647 0.391238 -0.896558 -0.520003 0.732158 0.439933 0.828541 0.557563 0.051415
2.414711 -90.853262 -3164.236625 -4356.313594 -0.209272 0.383764 -0.899406 -0.387176 0.812085 0.436593 0.897942 0.439595 -0.021362
0.380451 -84.434194 -3674.025730 -4301.835057 -0.212332 0.380799 -0.899948 -0.215676 0.879975 0.423234 0.953100 0.283963 -0.104717
-5.100478 -83.132164 -3276.886793 -4428.644035 -0.209938 0.386141 -0.898232 -0.189038 0.885339 0.424781 0.959266 0.258978 -0.112871
-8.780772 -82.538854 -510.693835 -4935.321638 -0.247398 0.367288 -0.896601 -0.203995 0.884880 0.418775 0.947196 0.286507 -0.143993
-7.932832 -86.050019 -1660.968146 -4969.601366 -0.239405 0.369937 -0.897681 -0.314022 0.845373 0.432128 0.918736 0.385345 -0.086218
-11.954232 -47.712651 93.532316 344.003724 0.521981 0.588522 -0.617397 -0.272575 0.800969 0.533059 0.808232 -0.109960 0.578506
-14.539823 -48.234640 -849.641280 302.385625 0.526704 0.565701 -0.634480 -0.211636 0.810169 0.546659 0.823282 -0.153648 0.546442
-15.242070 -43.834452 -774.288630 728.835473 0.493480 0.627307 -0.602464 -0.351590 0.777440 0.521509 0.795526 -0.045534 0.604206
-12.624959 -44.900099 -1839.859046 2810.583209 0.522215 0.639846 -0.563816 -0.395918 0.767456 0.504243 0.755342 -0.040098 0.654103
-12.147348 -15.058065 1290.659713 3662.661690 -0.597788 0.763090 0.245649 -0.169091 0.179509 -0.969115 0.783618 0.620863 -0.021724
-6.919054 -12.569254 2780.636994 544.881097 -0.299165 0.311729 -0.901846 -0.537197 0.726100 0.429183 0.788619 0.612865 -0.049764
-10.017324 -11.178666 620.238910 1811.952225 -0.626597 0.763138 -0.158104 0.079797 -0.138978 -0.987075 0.775247 0.631115 -0.026187
-9.711373 -68.119448 -1714.806727 6757.413406 0.473775 0.754929 -0.453453 0.813857 -0.178639 0.552924 0.336414 -0.631008 -0.699039
-7.649883 -62.391589 -1476.279906 2677.985209 0.499297 0.751555 -0.431123 0.771803 -0.159680 0.615486 0.393730 -0.640052 -0.659780
-8.061318 -65.913417 -1771.121092 6082.735124 0.465167 0.749608 -0.470859 0.821254 -0.166912 0.545602 0.330395 -0.640491 -0.693261
-12.198451 -43.722835 985.536881 3962.295720 0.378539 0.831809 -0.405959 0.740443 -0.535314 -0.406427 0.555385 0.146741 0.818544
-11.375852 -48.316442 548.145385 5264.198807 0.344938 0.853889 -0.389733 0.787122 -0.489342 -0.375476 0.511328 0.177251 0.840908
-11.961532 -51.857578 712.617468 3846.905348 0.369384 0.850615 -0.374178 0.811828 -0.491323 -0.315494 0.452207 0.187230 0.872040
-15.198579 -46.311206 642.285582 2905.251767 0.395790 0.842843 -0.364644 0.776833 -0.519045 -0.356543 0.489776 0.142151 0.860181
-39.335112 -68.319329 -1263.866986 -234.899357 -0.521531 0.228091 0.822180 0.683649 -0.464850 0.562617 0.510518 0.855505 0.086500
-39.735849 -67.685458 -1456.478268 -1145.869058 -0.512858 0.211913 0.831907 0.760067 -0.338414 0.554774 0.399093 0.916825 0.012490
-39.251264 -68.854721 -3139.904197 -441.860179 -0.540122 0.183220 0.821400 0.698044 -0.447667 0.558864 0.470109 0.875228 0.113899
22.662636 -162.001257 -2207.396965 -9318.274939 0.197524 0.965976 0.166957 0.293053 -0.220710 0.930273 -0.935470 0.134824 0.326678
28.995016 -220.968012 -1742.033280 -26182.450905 0.273777 0.948372 0.160116 0.433759 -0.270333 0.859519 -0.858428 0.165865 0.485376
24.379223 -199.529950 -3938.149347 -11978.883670 0.235898 0.940010 0.246441 0.590752 -0.340076 0.731684 -0.771599 0.027018 0.635536
18.257755 -160.343271 -3560.067921 -12521.351481 0.168490 0.958092 0.231668 0.424148 -0.282627 0.860361 -0.889780 0.046701 0.453993
17.486281 -143.510375 -2188.294509 -6342.546195 0.148993 0.975000 0.164853 0.196066 -0.192533 0.961504 -0.969206 0.110935 0.219850
-63.539086 -422.135990 15719.719445 -104371.711767 0.140433 0.977548 0.157094 -0.819272 0.203825 -0.535956 0.555942 0.053436 -0.829502
-27.462340 -364.164554 10125.135507 -3035.973083 0.115004 0.966699 0.228618 -0.968201 0.160555 -0.191856 0.222173 0.199284 -0.954424
-25.930942 -442.076865 12220.297093 -129148.806163 0.093230 0.963942 0.249247 -0.777847 0.226781 -0.586109 0.621500 0.139233 -0.770943
54.126679 -73.101680 -99.585181 1069.453873 0.140510 0.804054 -0.577714 0.395404 -0.580522 -0.711793 0.907696 0.128416 0.399496
74.002823 -93.724693 -3619.905325 8536.506669 0.225173 0.814999 -0.533922 0.563978 -0.555884 -0.610674 0.794497 0.163613 0.584812
65.634052 -69.971826 6407.680973 1420.073340 0.046214 0.704437 -0.708260 0.494776 -0.632079 -0.596383 0.867791 0.322869 0.377750
56.009426 -86.261392 -8278.288329 -3616.679454 0.268359 0.882372 -0.386528 0.504202 -0.470553 -0.724127 0.820831 0.000563 0.571171
34.355789 -83.100877 -6062.850586 -6042.345025 0.218992 0.921538 -0.320640 0.358607 -0.381634 -0.851914 0.907438 -0.071579 0.414045
-270.687175 -2557.798409 141193.698209 -1122289.542479 0.268753 0.839937 -0.471464 0.249662 0.411999 0.876314 -0.930291 0.353219 0.098974
-107.760560 -328.353009 -64588.959097 -139687.537342 0.123221 0.822167 0.555750 0.033541 -0.563148 0.825675 -0.991812 0.083100 0.096968
-273.174207 -998.700242 -124857.615441 -367824.884282 -0.119805 0.931663 0.343003 0.270965 -0.301689 0.914090 -0.955105 -0.202454 0.216304
-236.899038 -989.043582 -10456.876157 -366334.012954 0.264555 0.956218 0.125130 0.473025 -0.241739 0.847236 -0.840391 0.164951 0.516269
-510.004125 -41207.246008 49166.013333 -17991809.323234 0.721107 0.675272 0.154960 0.190175 -0.407996 0.892957 -0.666212 0.614448 0.422629
36.858489 -34.211390 667.598580 -2314.812906 -0.040918 0.854972 0.517058 -0.154474 0.505856 -0.848674 0.987149 0.114598 -0.111373
31.223370 -36.362482 159.241984 1079.290899 -0.058277 0.898585 0.434913 -0.247321 0.409077 -0.878344 0.967179 0.158751 -0.198399
29.846845 -24.943030 -4424.082490 -1505.427571 0.093275 0.827850 0.553140 -0.164956 0.560734 -0.811398 0.981881 0.015561 -0.188861
43.686174 -15.757843 567.122304 -9072.934124 0.027858 0.791512 0.610518 -0.074554 0.610700 -0.788345 0.996828 0.023555 -0.076023
36.723073 -10.523714 -5660.730951 -8136.601470 0.165204 0.718329 0.675804 -0.060815 0.691335 -0.719970 0.984383 -0.077843 -0.157897
-6.876029 -18.516941 2704.898710 -698.273293 -0.342985 0.844473 0.411372 -0.247932 -0.503792 0.827480 -0.906030 -0.181821 -0.382165
-3.177590 -18.054592 825.439397 -825.290773 -0.345594 0.848538 0.400684 -0.282092 -0.501187 0.818068 -0.894980 -0.169690 -0.412573
-7.341398 -17.085376 1804.533219 911.085644 -0.407219 0.685061 0.604040 0.192870 0.710946 -0.676282 -0.892734 -0.158894 -0.421638
-3.830109 -20.307099 1487.227513 -639.086864 -0.320626 0.884615 0.338607 -0.263001 -0.426566 0.865374 -0.909961 -0.188407 -0.369422
-12.069240 -19.112372 1569.145614 1551.282944 -0.418698 0.577782 0.700614 0.091500 0.794409 -0.600452 -0.903504 -0.187301 -0.385484
-10.102973 -21.309685 3285.002004 -868.720679 -0.326263 0.871726 0.365577 -0.220587 -0.446274 0.867284 -0.919181 -0.202321 -0.337894
27.978015 -19.407107 2297.111217 970.346917 -0.383707 0.735150 0.558859 0.103945 -0.566953 0.817165 -0.917586 -0.371643 -0.141129
38.023382 -19.004052 -544.527769 -239.083562 -0.426833 0.691546 0.582733 0.145593 -0.583426 0.799010 -0.892534 -0.425885 -0.148342
29.345542 -18.390493 -5570.544404 2994.175194 -0.520341 0.622982 0.584071 0.163069 -0.598884 0.784058 -0.838244 -0.503221 -0.210035
26.273705 -20.477882 -4796.780536 -1974.722907 -0.508288 0.624855 0.592621 -0.105721 0.637665 -0.763025 -0.854673 -0.450489 -0.258058
6.138038 -61.042736 -1268.788141 871.014746 -0.461066 0.880452 0.110549 0.534154 0.374861 -0.757733 0.708588 0.290315 0.643133
3.178572 -60.243826 -3981.905353 159.281050 -0.450626 0.883028 0.131138 0.573292 0.398853 -0.715719 0.684304 0.247341 0.685966
5.583572 -61.458822 -735.908476 -1178.109381 -0.474522 0.872724 0.114815 0.644064 0.433146 -0.630528 0.600008 0.225251 0.767627
3.575720 -58.599282 -1850.100236 1771.358021 -0.455743 0.884518 0.099628 0.437814 0.320207 -0.840111 0.774995 0.339256 0.533187
6.402228 -62.102423 769.376097 -30.252796 -0.468782 0.877113 0.104476 0.567731 0.389797 -0.725079 0.676701 0.280590 0.680695
5.849051 -59.793521 284.227594 2028.540067 -0.455624 0.885257 0.093421 0.432872 0.312040 -0.845726 0.777836 0.344894 0.525376
1.821760 -72.077057 694.131764 286.005195 -0.557945 0.829229 0.032817 0.813214 0.554199 -0.177611 0.165468 0.072410 0.983553
3.398429 -66.634981 1020.440245 -1437.655594 -0.577710 0.815157 0.042061 0.813140 0.579239 -0.057317 0.071086 -0.001088 0.997470
1.472455 -68.753482 -685.798500 -1243.479768 0.600253 -0.798911 -0.037918 0.799810 0.599548 0.029087 -0.000505 -0.047786 0.998857
-11.209349 -109.492928 810.774022 -6798.179480 -0.509568 0.858990 0.049776 0.818669 0.466220 0.335293 -0.264806 -0.211604 0.940798
-13.493254 -112.387111 -839.156194 -3730.992559 0.497239 -0.866335 -0.047074 0.865352 0.491298 0.098959 -0.062605 -0.089942 0.993977
-8.386373 -106.800341 293.801003 -6171.322338 -0.526971 0.849075 0.037073 0.813604 0.491386 0.310786 -0.245663 -0.193938 0.949757
-6.029212 -96.106705 848.331866 -3795.027672 -0.546294 0.837311 0.021764 0.732950 0.465306 0.496260 -0.405397 -0.287056 0.867901
-3.637438 -100.212735 1724.912230 -5722.344130 -0.552623 0.833411 -0.005724 0.739170 0.493283 0.458584 -0.385013 -0.249193 0.888633
-0.230972 -55.368136 151.616645 -1147.001140 0.650358 -0.758240 -0.045891 0.678840 0.553019 0.483059 -0.340896 -0.345314 0.874384
-0.521965 -55.792560 1856.404632 -259.663249 0.655258 -0.752514 -0.066025 -0.651592 -0.518825 -0.553397 -0.382183 -0.405640 0.830296
0.267725 -56.150179 1050.437244 -2261.670723 0.654398 -0.753938 -0.057795 0.690034 0.564176 0.453385 -0.309218 -0.336575 0.889439
32.129532 -39.746261 -13412.294729 -470.419223 -0.712384 0.684702 0.153924 -0.382609 -0.562795 0.732715 -0.588319 -0.463082 -0.662899
2.139382 -44.815652 -11251.234807 983.229437 -0.790776 0.546632 0.275439 0.286277 0.728018 -0.622925 -0.541035 -0.413742 -0.732187
24.231351 -37.193584 -10823.844588 1631.593999 -0.730846 0.646308 0.219431 0.387321 0.657429 -0.646351 -0.562002 -0.387393 -0.730808
19.428833 -35.450414 -8593.883619 -199.383464 -0.755754 0.588509 0.287215 0.356267 0.737510 -0.573718 -0.549463 -0.331264 -0.767043
33.466666 -32.949913 -7024.867351 -1221.510414 -0.657042 0.720145 0.222907 -0.459838 -0.617172 0.638473 -0.597365 -0.317002 -0.736658
41.848348 -33.764551 -6522.868457 -1840.714173 -0.623455 0.757039 0.195437 -0.447373 -0.550412 0.704914 -0.641219 -0.352048 -0.681836
-9.985940 -41.642640 -1383.076779 273.979068 -0.000609 0.996468 0.083974 0.996542 0.007581 -0.082738 -0.083083 0.083634 -0.993027
-7.438124 -43.004715 -4417.522271 -950.145835 -0.002574 0.997759 0.066863 0.999796 0.001227 0.020178 0.020051 0.066902 -0.997558
-0.951119 -42.721364 -4962.223315 77.724201 -0.064523 0.996093 0.060303 0.997766 0.065444 -0.013417 -0.017311 0.059303 -0.998090
8.276487 -44.580322 -4845.158485 214.838666 -0.127222 0.989803 0.064073 0.991872 0.127109 0.005845 -0.002359 0.064296 -0.997928
3.901538 -43.605131 -6688.652478 -1595.751187 -0.135291 0.989487 0.051105 -0.989192 -0.137833 0.050004 -0.056522 0.043788 -0.997441
-5.125088 -42.784276 -3651.806665 -1494.606098 -0.103220 0.991789 0.075497 -0.988823 -0.110528 0.100062 -0.107585 0.064324 -0.992113
-1.102331 -41.629890 -4366.608008 1005.313582 0.512591 -0.855580 -0.072341 0.857595 0.514293 -0.005858 0.042216 -0.059037 0.997363
87.492095 -46.242901 39626.256753 -1075.442145 -0.315193 0.948083 0.042327 0.946219 0.317376 -0.062781 0.072955 -0.020263 0.997129
2.956445 -41.086062 -4598.334166 280.040460 0.476408 -0.876742 -0.066021 0.878778 0.472428 0.067539 -0.028024 -0.090193 0.995530
18.970558 -55.819536 -1472.118424 6340.244604 -0.052854 0.998437 0.018146 -0.866145 -0.054879 0.496770 -0.496990 -0.010539 -0.867692
21.750374 -48.844216 -1688.150217 8559.930076 0.015846 0.998485 -0.052699 -0.788055 0.044911 0.613964 -0.615400 -0.031801 -0.787573
15.379023 -70.832521 -1813.819721 8512.998640 -0.150794 0.988491 0.012089 -0.852188 -0.136179 0.505204 -0.501036 -0.065880 -0.862915
-9.386207 -85.348266 854.936246 -1799.285064 -0.693896 0.719706 0.023074 0.043226 0.073619 -0.996349 0.718777 0.690365 0.082194
-6.753354 -83.980721 1715.806278 -534.271018 -0.705194 0.707670 0.043633 -0.012683 0.048940 -0.998721 0.708901 0.704846 0.025537
-7.544267 -82.247885 130.458263 -371.485590 -0.690321 0.723330 0.015830 0.134658 0.149949 -0.979481 0.710862 0.674024 0.200915
-7.808234 -86.515395 -2075.958590 1846.393433 0.704410 -0.708074 -0.049379 0.101464 0.031596 0.994337 0.702504 0.705431 -0.094101
7.521383 -194.691309 1352.528936 -20594.621720 -0.212174 0.925046 -0.315075 0.941511 0.279877 0.187685 -0.261800 0.256825 0.930324
5.838408 -201.915759 -2782.065028 -24354.865317 -0.210542 0.940853 -0.265456 0.950950 0.260064 0.167515 -0.226642 0.217167 0.949459
4.616060 -177.002471 -2064.056950 -7359.487544 -0.176391 0.949684 -0.258819 0.866171 0.274662 0.417503 -0.467584 0.150538 0.871036
4.656884 -164.762870 1368.131432 -8870.649262 -0.158940 0.940668 -0.299804 0.817994 0.295505 0.493521 -0.552833 0.166798 0.816428
3.473688 -148.480068 2084.922359 -12625.067597 -0.184893 0.923826 -0.335200 0.891766 0.301050 0.337819 -0.412998 0.236460 0.879499
4.691955 -148.930606 647.935427 3551.578561 -0.436598 0.887817 -0.145473 0.051418 -0.136810 -0.989262 0.898186 0.439390 -0.014081
3.776020 -133.538347 541.605798 10934.095105 -0.448905 0.886856 -0.109413 -0.209997 -0.223716 -0.951763 0.868554 0.404275 -0.286665
7.120968 -141.536780 1365.579186 13768.241549 -0.438341 0.892006 -0.110370 -0.227880 -0.229077 -0.946359 0.869441 0.389677 -0.303684
-5.173313 -63.125879 354.575268 1536.199647 -0.475922 0.859784 -0.185118 0.295143 0.354412 0.887290 -0.828486 -0.367645 0.422432
-5.529427 -69.786998 -271.320898 2257.003700 -0.485780 0.852931 -0.191120 0.261331 0.350375 0.899413 -0.834101 -0.386971 0.393102
-2.425567 -73.241021 479.282599 -4713.213813 -0.475049 0.855858 -0.204539 0.344302 0.394692 0.851865 -0.809805 -0.334255 0.482171
-1.803915 -70.452832 1673.526292 1345.821698 -0.446873 0.882521 -0.146493 0.332388 0.315825 0.888692 -0.830556 -0.348440 0.434473
19.252145 -203.824554 -692.484911 45640.938487 -0.354416 0.929369 -0.103262 -0.560877 -0.122923 0.818723 -0.748202 -0.348085 -0.564827
22.703426 -208.347021 832.910472 65053.723428 -0.339708 0.932643 -0.121556 -0.367011 -0.012453 0.930133 -0.865968 -0.360586 -0.346521
17.756108 -198.877864 -1652.140633 22379.370543 -0.380002 0.916552 -0.124622 -0.676491 -0.183496 0.713224 -0.630840 -0.355332 -0.689768
3.352575 -327.015350 54.386055 42195.318407 -0.104402 0.978963 -0.175306 -0.303319 0.136529 0.943058 -0.947153 -0.151631 -0.282684
1.382814 -327.832827 -493.664403 6947.211576 -0.158744 0.970884 -0.179399 -0.636538 0.038258 0.770296 -0.754731 -0.236474 -0.611932
4.640123 -341.338370 2358.039392 64205.565315 -0.113376 0.976897 -0.181158 -0.241187 0.149819 0.958845 -0.963833 -0.152403 -0.218629
1.553715 -353.662190 1178.233737 -23094.765475 -0.113754 0.983207 -0.142703 -0.618378 0.042353 0.784739 -0.777605 -0.177512 -0.603175
2.728574 -120.451139 -2490.207061 -3347.396838 -0.342878 0.884759 -0.315652 0.150149 -0.280083 -0.948161 0.927303 0.372498 0.036812
4.935466 -153.331646 -1242.953592 -8236.737052 -0.362008 0.847003 -0.389277 0.018681 -0.410925 -0.911478 0.931988 0.337234 -0.132935
-0.253740 -121.363235 -2522.412868 -352.055812 -0.342087 0.850946 -0.398581 -0.037680 -0.436254 -0.899035 0.938912 0.292530 -0.181300
-6.218913 -106.251680 -4234.045279 -353.423096 -0.322581 0.884293 -0.337591 0.109150 -0.319526 -0.941270 0.940227 0.340484 -0.006553
-4.250001 -149.133461 575.677371 19990.623027 -0.469127 0.879477 -0.080249 0.879206 0.456553 -0.136220 -0.083164 -0.134460 -0.987423
-2.739867 -109.960153 617.165940 -14231.790574 -0.463192 0.882707 -0.079253 -0.882452 -0.467634 -0.050967 0.082050 -0.046330 -0.995551
-4.922944 -105.456272 147.736371 -13062.575884 -0.465219 0.879775 -0.097809 -0.869139 -0.474933 -0.137972 0.167837 -0.020822 -0.985595
-9.682798 -42.579399 -1229.219999 7727.151043 -0.331813 0.734075 -0.592481 -0.069261 -0.645326 -0.760761 0.940799 0.211394 -0.264971
-7.441334 -38.998343 -1398.017758 -8138.914515 -0.310312 0.693239 -0.650481 0.084124 0.701601 0.707587 0.946905 0.164852 -0.276034
-12.178748 -32.709362 -1058.105540 7020.913760 -0.319391 0.730492 -0.603631 -0.131141 -0.664939 -0.735295 0.938505 0.155686 -0.308173
36.592465 11.342437 -3136.317833 -13598.528316 -0.480499 0.844141 -0.237796 0.187604 -0.165937 -0.968127 0.856695 0.509795 0.078631
31.289185 9.478251 -4131.394780 -16057.118957 -0.380489 0.872317 -0.307067 0.238588 -0.228207 -0.943927 0.893479 0.432416 0.121294
47.240290 29.699403 -12355.465434 141.445155 -0.130128 0.294964 -0.946606 -0.496087 0.807258 0.319739 0.858467 0.511205 0.041281
43.004978 7.528368 -3639.908617 -11297.505113 -0.565071 0.802498 -0.191553 0.145363 -0.131703 -0.980573 0.812136 0.581938 0.042232
37.992394 -6.269091 -3432.440690 -8962.392813 -0.522217 0.846765 -0.101380 0.081210 -0.068961 -0.994309 0.848937 0.527478 0.032753
39.835634 31.772533 -2032.555177 -7989.078687 -0.438091 0.627507 -0.643670 0.382479 -0.517874 -0.765190 0.813503 0.581413 0.013132
39.700320 24.983212 -2021.930217 -10488.497887 -0.606272 0.774435 -0.180789 0.108680 -0.144517 -0.983516 0.787796 0.615927 -0.003451
11752.439038 -13024.940253 4749429.018880 8054755.749153 -0.560040 0.002220 -0.828463 0.583220 -0.709164 -0.396157 -0.588396 -0.705040 0.395866
-39605.058665 -883739.532686 420026.585648 359184289.744531 0.563360 -0.084770 0.821851 -0.426547 0.822066 0.377180 -0.707590 -0.563046 0.426961
-97.612046 -1082.934531 211127.990530 -75927.146274 0.379510 0.273550 0.883823 0.296876 0.868768 -0.396368 -0.876263 0.412811 0.248496
28.602609 -80.676116 3299.840202 4759.702790 0.396671 0.479105 0.783013 0.877379 -0.448698 -0.169930 0.269923 0.754406 -0.598343
34.723311 -101.527821 7174.770760 -6776.163762 0.472874 0.454835 0.754663 0.815984 -0.549250 -0.180265 0.332508 0.701035 -0.630864
21.859314 -122.442331 2953.109623 -24850.980467 0.525554 0.365302 0.768341 0.770650 -0.587001 -0.248048 0.360404 0.722485 -0.590021
10.044251 -115.488906 1117.298226 -19553.569007 0.519105 0.375632 0.767744 0.820937 -0.469135 -0.325538 0.237893 0.799258 -0.551900
10.020699 -196.429083 -1084.172265 -51278.467055 0.739686 -0.035152 0.672034 0.656610 0.256441 -0.709296 0.147404 -0.965921 -0.212767
14.637551 -1468.968054 -4090.383951 -664323.458851 0.784422 0.024977 0.619724 0.561383 0.396208 -0.726546 0.263686 -0.917821 -0.296772
3.521217 -700.946271 2767.956689 -266901.056284 0.777087 -0.031235 0.628618 0.595890 0.358030 -0.718839 0.202611 -0.933187 -0.296833
8.573732 -101.606839 -2881.754471 7462.549968 0.788625 -0.039515 0.613603 0.610122 0.174130 -0.772936 0.076304 -0.983930 -0.161432
14.181774 -154.695723 -1659.283598 -31600.582182 0.748108 -0.020913 0.663247 0.652018 0.208906 -0.728856 0.123314 -0.977712 -0.169920
4.054448 -163.640934 -2557.324570 -25019.433148 0.772907 -0.046522 0.632811 0.623384 0.241693 -0.743624 0.118351 -0.969237 -0.215807
-43.144517 -71.169418 -469.125282 5108.399946 0.449234 0.886261 -0.112829 0.859456 -0.463186 -0.216319 0.243976 -0.000206 0.969781
-38.276007 -62.709636 -362.490217 6270.832764 0.631287 0.733209 -0.252748 0.683511 -0.679983 -0.265396 0.366455 0.005215 0.930421
91.585738 -57.279687 14049.395639 9491.837164 -0.509395 0.797181 0.324067 -0.218519 0.244415 -0.944728 0.832326 0.552055 -0.049695
122.566832 -79.381150 7254.777012 5679.352177 -0.272568 0.908413 0.317006 -0.174914 0.277206 -0.944755 0.946103 0.312959 -0.083336
114.058623 -82.810196 8523.080852 8259.966155 -0.422568 0.861301 0.282131 -0.043541 0.291637 -0.955537 0.905285 0.416063 0.085734
89.104906 -72.059771 17242.058416 12472.319576 -0.597573 0.771832 0.217214 -0.069749 0.219838 -0.973040 0.798775 0.596613 0.077535
-59.396747 -84.546695 6951.828915 -2310.680095 -0.373055 0.915041 0.153396 -0.568357 -0.094702 -0.817314 0.733349 0.392086 -0.555398
60.037128 -34.565951 -14853.910962 -1393.378140 0.258058 -0.867958 -0.424329 0.886027 0.037510 0.462115 -0.385179 -0.495219 0.778714
49.664105 -30.707071 -14014.872989 646.650367 0.187764 -0.899787 -0.393864 0.887733 -0.016141 0.460076 -0.420328 -0.436032 0.795739
43.264598 -30.945915 -12157.198522 -1369.757048 0.211719 -0.904036 -0.371341 0.899343 0.031484 0.436108 -0.382566 -0.426296 0.819704
48.140545 -35.999517 -9965.850373 -1208.946896 0.278771 -0.880503 -0.383407 0.908959 0.113053 0.401264 -0.309969 -0.460362 0.831857
-10.425195 -20.379829 -1441.562186 2450.774739 -0.372430 0.899754 0.227460 -0.361676 0.085000 -0.928421 0.854685 0.428039 -0.293763
-10.818094 -21.278437 999.423868 2392.304293 -0.514954 0.835296 -0.192621 -0.151318 -0.309752 -0.938700 0.843757 0.454240 -0.285903
-14.671193 -24.365109 -855.522817 1663.792151 -0.434873 0.897905 0.068210 -0.251480 -0.048365 -0.966653 0.864664 0.437525 -0.246837
0.184472 -45.562823 -5478.128782 -1080.610536 0.601528 -0.743075 0.293264 -0.591254 -0.167257 0.788951 0.537199 0.647970 0.539956
9.591986 -46.218943 -5236.400308 -2302.102206 0.621583 -0.742762 0.248878 -0.529696 -0.164470 0.832088 0.577111 0.649041 0.495670
-4.320229 -40.141172 2481.782894 4470.149617 0.649646 0.729383 -0.214385 0.693983 -0.684099 -0.224489 0.310399 0.002941 0.950602
-7.290687 -38.152709 1260.508551 -439.841665 0.633469 0.747644 -0.199364 0.747102 -0.658045 -0.093886 0.201384 0.089471 0.975418
-9.347744 -42.473013 468.711844 -3696.449513 -0.645548 -0.737660 0.197804 0.756464 -0.653214 0.032780 0.105027 0.170792 0.979693
0.842383 -57.082739 130.583313 2543.989984 -0.419471 -0.894510 0.154583 0.891384 -0.373677 0.256514 -0.171691 0.245394 0.954099
1.661770 -57.334655 -146.088508 9446.807644 -0.445359 -0.882974 0.148363 0.894761 -0.432894 0.109567 -0.032520 0.181546 0.982845
-0.053580 -56.643807 294.609289 -1592.188849 -0.421619 -0.893626 0.153851 0.879386 -0.361573 0.309751 -0.221173 0.265892 0.938288
1.810433 -58.870548 274.975259 8543.080925 -0.424335 -0.893472 0.147133 0.903839 -0.408071 0.128659 -0.054913 0.187579 0.980713
-0.772273 -65.580864 -584.189227 -6138.090648 0.409295 0.898726 -0.157381 0.840243 -0.304044 0.448942 -0.355626 0.315988 0.879592
1.207985 -58.423358 260.033020 410.470511 -0.408661 -0.898752 0.158878 0.888319 -0.351721 0.295264 -0.209488 0.261797 0.942113
-0.944183 -60.002747 861.372295 -313.368413 0.475203 0.856290 -0.202361 0.833529 -0.511763 -0.208154 0.281801 0.069758 0.956934
0.742618 -57.691697 -8.434962 -1643.933581 0.495527 0.846946 -0.192706 0.826773 -0.527927 -0.194270 0.266270 0.063058 0.961834
-0.616002 -60.850199 -1148.378372 -4634.684137 0.556161 0.806065 -0.202347 0.718519 -0.588720 -0.370324 0.417631 -0.060570 0.906596
11.994117 -85.539844 11510.578652 89.306225 -0.083388 0.862167 0.499715 0.990248 0.127854 -0.055346 -0.111608 0.490226 -0.864420
1.940743 -80.192766 5351.103672 2848.560417 -0.058795 0.883434 0.464853 0.973862 -0.051584 0.221207 0.219401 0.465708 -0.857309
22.175153 -84.052590 10753.543826 424.460952 -0.109529 0.879264 0.463572 0.993362 0.080341 0.082321 0.035138 0.469511 -0.882227
13.832346 -48.259376 3737.527981 -3152.223031 0.353242 0.849915 -0.390980 0.926599 -0.375465 0.020976 -0.128971 -0.369691 -0.920160
-2.826555 -71.316077 -2241.443441 -3112.424935 0.288642 0.905203 -0.311920 -0.087787 0.349435 0.932839 -0.953404 0.241874 -0.180326
-3.989494 -69.332897 -1313.220564 -2989.485787 0.304931 0.905558 -0.294927 -0.111085 0.341381 0.933338 -0.945874 0.251842 -0.204692
-4.523361 -63.831091 -2293.922714 -2121.695104 0.289256 0.898862 -0.329207 -0.242384 0.401476 0.883214 -0.926057 0.175680 -0.333999
-4.137656 -65.372774 -733.060403 -3185.039611 0.308076 0.890414 -0.335040 -0.243181 0.414173 0.877111 -0.919756 0.188742 -0.344129
-1.994839 -75.383493 -1111.857029 -3718.607043 0.296419 0.900853 -0.317175 -0.062849 0.349779 0.934722 -0.952988 0.257135 -0.160299
22.968791 -41.432855 5297.615932 -2221.054263 0.400072 0.810794 -0.427265 -0.829142 0.518830 0.208179 -0.390468 -0.270977 -0.879833
-4.223761 -83.439694 -2737.305685 -6151.918526 0.498306 0.078684 0.863423 0.368466 0.882244 -0.293051 -0.784808 0.464171 0.410635
-3.553740 -85.033229 -1365.314267 1316.919005 0.518240 0.082235 0.851272 0.280955 0.923753 -0.260278 -0.807769 0.374056 0.455621
-10.277163 -111.587010 -1298.706918 -17510.477152 0.463931 0.011854 0.885792 0.517938 0.807573 -0.282076 -0.718685 0.589649 0.368518
-13.952709 -138.118031 1314.219646 -21563.298652 0.455099 -0.081681 0.886686 0.617980 0.745897 -0.248471 -0.641081 0.661034 0.389935
-3.600412 -12.928552 -603.446517 -3152.722903 0.141631 -0.226789 -0.963591 -0.662611 0.701460 -0.262487 0.735450 0.675663 -0.050924
-4.317585 -14.171426 -853.744286 -2832.072049 0.043261 -0.139555 -0.989269 -0.687012 0.714763 -0.130874 0.725357 0.685302 -0.064955
-0.919979 -16.004374 1356.088558 843.914581 -0.153119 0.229487 0.961192 0.702302 -0.659010 0.269218 0.695217 0.716269 -0.060262
-50.461917 -720.454916 1985.087116 308878.605167 0.118682 0.072668 -0.990270 0.913095 -0.399804 0.080094 -0.390093 -0.913716 -0.113803
-21.862290 -432.077395 13981.428890 148909.256970 0.234083 0.202861 -0.950817 0.783711 -0.618116 0.061066 -0.575327 -0.759461 -0.303675
4.283869 -86.486269 300.459893 -3192.607084 -0.225737 0.283970 -0.931882 -0.137956 0.937615 0.319135 0.964371 0.200599 -0.172479
1.041156 -80.248429 -1190.384358 -432.780399 -0.221401 0.278653 -0.934523 0.014884 0.959160 0.282473 0.975069 0.048630 -0.216507
4.058525 -82.094965 -752.462842 -2088.575914 -0.228002 0.313950 -0.921657 -0.105977 0.932963 0.344018 0.967876 0.176111 -0.179446
1.674431 -84.659000 415.569851 -373.147809 -0.235531 0.243070 -0.940979 -0.000453 0.968191 0.250213 0.971867 0.059359 -0.227928
-7.728727 -77.542623 412.247048 -3433.995992 -0.253499 0.350307 -0.901678 -0.102578 0.917135 0.385151 0.961882 0.190128 -0.196558
-10.524905 -84.342831 -1161.344162 -3221.034183 -0.242449 0.340367 -0.908498 -0.228603 0.890027 0.394453 0.942846 0.303320 -0.137977
-11.564792 -90.934399 220.315230 -3340.589880 -0.266714 0.350354 -0.897839 -0.389545 0.812911 0.432933 0.881543 0.465218 -0.080336
-15.429275 -47.955265 -2919.274337 1033.157673 0.538764 0.512774 -0.668428 -0.123622 0.832958 0.539350 0.833337 -0.207949 0.512158
-18.140885 -46.211433 -2038.331927 1177.613097 0.513279 0.538945 -0.667894 -0.208116 0.833166 0.512370 0.832606 -0.123989 0.539810
-19.227084 -46.507075 -3530.199337 1827.726011 0.513625 0.499356 -0.697734 -0.142234 0.851498 0.504699 0.846143 -0.159985 0.508376
-15.543291 -47.412932 -2838.956043 -135.282553 0.530575 0.499550 -0.684791 -0.027610 0.817639 0.575069 0.847188 -0.286210 0.447612
-4.446369 -24.094100 2249.071252 2559.688685 -0.661156 0.745387 -0.085271 0.115533 -0.011148 -0.993241 0.741300 0.666539 0.078747
-5.140928 -21.487230 1307.674398 2897.972885 -0.654237 0.755684 -0.030254 0.054243 0.006986 -0.998503 0.754342 0.654899 0.045562
