12811
25614
-42.696060 -70.637555 1679.176994 9944.824501 -0.082882 -0.992612 0.088609 0.995310 -0.078000 0.057214 -0.049879 0.092936 0.994422
-48.493180 -74.769768 -247.181761 7296.180357 -0.166443 -0.975507 0.143818 0.972275 -0.138067 0.188730 -0.164251 0.171243 0.971441
-43.704153 -86.731354 -1998.435179 7765.571835 -0.046805 0.988858 -0.141311 0.964493 0.081550 0.251205 -0.259930 0.124536 0.957563
-45.848604 -66.637210 -424.601286 5157.243942 -0.572446 -0.809268 0.131873 0.812441 -0.538119 0.224427 -0.110659 0.235611 0.965527
-31.999833 -93.675929 -4002.659546 13192.556651 -0.110101 0.992859 -0.045923 0.982051 0.115789 0.148890 -0.153144 0.028706 0.987787
-21.621170 -77.088492 6042.269480 16760.587446 0.001385 -0.999363 -0.035649 0.999943 0.001760 -0.010483 0.010539 -0.035633 0.999309
-32.763817 -48.902003 -2135.078489 7783.029303 0.300066 0.953480 -0.028917 0.952087 -0.301230 -0.052820 0.059074 0.011682 0.998185
-37.274412 -51.637385 75.425993 4566.534592 0.749162 0.651935 -0.117207 0.661387 -0.745948 0.078287 0.036392 0.136169 0.990017
-62.051255 -86.122965 -1534.489399 3248.132077 -0.054020 0.994610 0.088506 -0.260342 0.071541 -0.962862 0.964004 0.075055 -0.255075
-62.984081 -85.489113 -3064.185664 -5478.923219 0.006607 0.989051 0.147429 -0.020564 0.147536 -0.988843 0.999767 -0.003501 -0.021314
-58.777335 -86.497206 -5265.865460 2872.971209 0.167413 0.981887 0.088721 -0.237394 0.127492 -0.963011 0.956879 -0.140158 -0.254438
-58.153701 -83.668679 -3842.048759 8661.765425 0.108297 0.991914 0.066172 -0.477768 0.110304 -0.871533 0.871785 -0.062769 -0.485850
-60.469861 -81.671560 196.142553 7903.825292 -0.169146 0.985591 -0.000227 -0.439000 -0.075547 -0.895305 0.882422 0.151338 -0.445453
41.234903 -46.424320 -11513.663077 676.951878 -0.485315 0.871229 0.073687 0.712856 0.443072 -0.543620 0.506266 0.211299 0.836091
42.576403 -47.660637 -6678.077810 1125.689853 -0.498118 0.865526 0.052377 0.765027 0.467108 -0.443332 0.408181 0.180762 0.894826
49.143991 -46.265042 -3062.736747 951.082134 -0.521263 0.852712 -0.034177 0.726658 0.422493 -0.541726 0.447496 0.307217 0.839860
46.138455 -47.334692 -7154.629749 -641.289068 -0.503865 0.863758 -0.006575 0.675104 0.389044 -0.626801 0.538846 0.320262 0.779151
35.197704 -47.105268 -12489.083930 -877.492828 -0.470231 0.879868 0.068674 0.659840 0.402180 -0.634715 0.586084 0.253149 0.769689
-22.450472 -45.843374 -2973.051966 -224.434090 0.052026 0.533080 0.844464 -0.650370 0.659786 -0.376431 -0.757834 -0.529630 0.381025
-27.108518 -46.382071 -513.301926 -740.867128 0.165240 0.531494 0.830788 -0.656057 0.688201 -0.309788 -0.736400 -0.493855 0.462409
-26.677410 -42.621884 -1760.407859 2890.563620 0.081352 0.586291 0.806006 -0.543259 0.704081 -0.457318 -0.835615 -0.400666 0.375786
1.045642 -44.044550 -482.533299 185.167094 0.564722 0.797935 -0.210687 -0.125846 -0.169045 -0.977541 0.815630 -0.578553 -0.004953
1.297002 -45.723249 -327.365976 1238.721418 0.561426 0.806462 -0.185524 0.008667 -0.229909 -0.973174 0.827481 -0.544757 0.136066
1.369846 -45.270372 231.583395 411.729538 0.541531 0.810688 -0.222552 -0.125291 -0.183944 -0.974919 0.831292 -0.555832 -0.001960
0.375279 -46.544111 75.474001 -878.059121 0.535884 0.802914 -0.261069 -0.258599 -0.138262 -0.956039 0.803713 -0.579838 -0.133540
0.501917 -45.345900 -395.053301 -984.842933 0.559667 0.791748 -0.244762 -0.259244 -0.113260 -0.959148 0.787125 -0.600256 -0.141868
15.666145 -108.628531 -2122.279333 804.651385 -0.100017 0.980227 0.170737 -0.667468 -0.193358 0.719096 -0.737891 0.042039 -0.673610
26.738434 -110.365501 -737.857511 -3903.991968 -0.081394 0.976021 0.201886 -0.814286 -0.181923 0.551218 -0.574728 0.119527 -0.809568
18.000619 -111.812976 206.715086 -471.285938 -0.093211 0.954208 0.284252 -0.646172 -0.275178 0.711856 -0.757478 0.117324 -0.642232
8.886412 -101.814749 -1030.516199 5477.755782 -0.106431 0.961816 0.252156 -0.460867 -0.272429 0.844621 -0.881064 0.026316 -0.472264
5.351347 -97.359958 -2755.485287 11235.984898 -0.098578 0.982569 0.157608 -0.454225 -0.185346 0.871394 -0.885416 -0.014310 -0.464578
-1.936629 -93.751956 529.300948 5955.952889 -0.037641 0.910119 0.412634 0.011822 -0.412492 0.910885 -0.999221 -0.039165 -0.004767
-4.535584 -103.966465 633.657902 3026.060350 -0.035248 0.916610 0.398225 -0.216585 -0.396009 0.892339 -0.975627 0.054796 -0.212482
-3.736260 -95.173037 192.224666 7345.745387 -0.051503 0.926231 0.373423 0.036574 -0.371919 0.927545 -0.998003 -0.061429 0.014721
-1.214267 -102.242618 1079.273289 2143.587068 -0.027884 0.899758 0.435498 -0.235590 -0.429310 0.871889 -0.971452 0.078288 -0.223945
-1.480108 -82.476545 164.441345 7823.543937 -0.049302 0.914668 0.401187 0.245588 -0.378242 0.892535 -0.968120 -0.142531 0.205984
0.267593 -83.888752 417.939283 6697.741593 -0.040881 0.905247 0.422915 0.210795 -0.405928 0.889263 -0.976675 -0.125502 0.174227
0.916065 -94.134994 896.861850 4509.419505 -0.029802 0.898565 0.437828 -0.024259 -0.438544 0.898382 -0.999261 -0.016152 -0.034868
9.824428 -50.895382 -5959.428984 -1770.628135 0.027607 -0.214519 -0.976330 -0.245456 0.945345 -0.214652 0.969015 0.245571 -0.026557
-2.255250 -47.630892 -3308.895687 -1254.133990 0.022280 -0.246953 -0.968771 -0.257261 0.934964 -0.244252 0.966085 0.254669 -0.042700
5.887604 -51.229927 -5667.652605 -817.551035 0.010166 -0.174210 -0.984656 -0.349288 0.922060 -0.166741 0.936960 0.345624 -0.051476
20.756677 -54.267744 -8498.069839 -454.487661 0.026997 -0.203359 -0.978732 -0.318408 0.926343 -0.201257 0.947569 0.317069 -0.039742
14.854940 -55.232972 -9018.950123 -652.804279 0.005215 -0.116312 -0.993199 -0.448641 0.887371 -0.106275 0.893697 0.446144 -0.047554
19.029702 -88.034054 -482.329564 -367.223758 0.460272 0.262324 0.848137 0.412391 0.782844 -0.465928 -0.786183 0.564217 0.252142
17.115563 -90.782905 -2532.588949 -1005.891729 0.418237 0.266326 0.868417 0.407852 0.799196 -0.441523 -0.811624 0.538847 0.225632
15.269319 -93.241213 -2104.716796 -7477.065399 0.422518 0.239946 0.874016 0.531626 0.715403 -0.453401 -0.734066 0.656220 0.174709
15.960903 -98.681933 -1062.489197 -8535.373901 0.458775 0.220174 0.860842 0.636798 0.594194 -0.491347 -0.619689 0.773600 0.132395
18.822478 -90.728141 -662.713989 -6270.795309 0.474437 0.241318 0.846567 0.484236 0.731571 -0.479916 -0.735136 0.637628 0.230230
47.543870 -31.948433 3315.023774 432.244409 -0.015808 0.944367 0.328514 -0.042494 0.327624 -0.943852 0.998972 0.028881 -0.034951
50.129777 -35.982508 3940.440362 559.101607 -0.046119 0.931322 0.361265 0.028449 0.362727 -0.931461 0.998531 0.032680 0.043223
38.973911 -38.057791 3418.069320 -358.583720 -0.149930 0.952055 0.266670 -0.035480 0.264364 -0.963770 0.988060 0.153959 0.005857
46.402272 -33.031798 -915.971821 775.599799 0.100332 0.919937 0.379010 0.019206 0.379070 -0.925168 0.994769 -0.100104 -0.020364
39.247305 -34.602536 4260.242345 78.612370 -0.119498 0.963486 0.239616 -0.116736 0.226036 -0.967099 0.985948 0.143538 -0.085463
45.766037 -27.447933 3497.010298 2624.270410 -0.000554 0.962514 0.271231 -0.150388 0.268066 -0.951590 0.988627 0.041317 -0.144602
41.254184 -28.463255 -2713.900099 1478.817665 0.173778 0.917128 0.358716 -0.053440 0.372504 -0.926491 0.983334 -0.141834 -0.113744
-6.058542 -95.034146 -1600.508457 -6777.060197 0.382425 0.516351 0.766245 0.343062 0.690657 -0.636633 -0.857939 0.506334 0.086984
-1.774720 -86.263781 -1978.209254 4001.854929 0.409897 0.569356 0.712614 0.204536 0.703992 -0.680117 -0.888903 0.424534 0.172111
-7.824196 -98.737662 -539.525830 -10208.748294 0.408795 0.487771 0.771341 0.306288 0.722840 -0.619427 -0.859694 0.489471 0.146095
-9.941607 -127.407591 -621.226485 -24769.845717 0.383732 0.441380 0.811131 0.463857 0.667389 -0.582605 -0.798490 0.599813 0.051361
-8.405897 -115.530545 415.597069 -9146.270162 0.416658 0.445944 0.792168 0.350234 0.725396 -0.592568 -0.838888 0.524342 0.146057
3.356876 -47.185372 929.586542 -2879.577446 -0.510243 0.509860 -0.692600 -0.388974 0.581435 0.714586 0.767040 0.634016 -0.098351
11.321423 -61.471108 317.437166 -6407.793729 -0.500436 0.494904 -0.710376 -0.489264 0.515269 0.703647 0.714273 0.699691 -0.015720
4.884528 -52.060413 2323.890683 -4406.970167 -0.432288 0.401701 -0.807318 -0.499848 0.638411 0.585307 0.750519 0.656558 -0.075187
-4.701358 -41.870326 1516.969392 -3118.047276 -0.473233 0.454755 -0.754486 -0.351289 0.688001 0.635020 0.807865 0.565555 -0.165834
-2.001964 -42.356754 601.405986 -1629.279916 -0.528075 0.580346 -0.619948 -0.248905 0.592197 0.766387 0.811901 0.559018 -0.168273
6.041317 -521.699758 -4018.847558 -89194.350032 0.367288 0.420254 0.829751 0.716734 0.440679 -0.540457 -0.592783 0.793214 -0.139354
-16.505218 -897.830582 -11141.971187 -239703.169973 0.306039 0.419258 0.854729 0.931829 0.052000 -0.359152 -0.195024 0.906376 -0.374763
7.329483 -364.685848 -1629.675629 -46014.784620 0.339704 0.408627 0.847128 0.770938 0.394954 -0.499665 -0.538753 0.822821 -0.180859
7.154824 -298.209054 4.624096 -23508.610006 0.391733 0.421094 0.818062 0.517213 0.634557 -0.574306 -0.760944 0.648087 0.030781
198.315683 -168.739038 62746.741163 -40781.308284 -0.430040 0.320334 0.844068 0.871592 -0.096422 0.480656 0.235357 0.942385 -0.237735
40.862130 -441.707546 -22808.922114 -6978.688318 0.423288 0.326412 0.845152 0.902017 -0.064514 -0.426852 -0.084806 0.943023 -0.321738
17.520267 -1079.571244 -5084.727552 -263532.681173 -0.221590 -0.163216 -0.961384 -0.323304 0.942427 -0.085479 0.919985 0.291878 -0.261600
-5.232729 -33.293815 6237.783763 -886.990216 -0.094219 0.779262 0.619575 0.237393 0.621977 -0.746183 0.966834 -0.076778 0.243594
6.778134 -31.429331 -7803.893964 -640.472662 0.137195 -0.681671 -0.718681 0.301812 0.719810 -0.625126 0.943444 -0.131142 0.304491
-8.770539 -34.980021 5565.204807 -992.069089 -0.078855 0.788361 0.610138 0.295238 0.603056 -0.741052 0.952164 -0.121700 0.280308
-13.327046 -37.513055 3644.051846 -1102.759939 -0.029822 0.870539 0.491195 0.192276 0.487232 -0.851842 0.980888 -0.069042 0.181914
-16.922523 -38.579784 2076.576596 -901.837170 0.018072 0.883808 0.467501 0.235243 0.450693 -0.861125 0.971768 -0.125539 0.199765
-16.594757 -38.360326 2131.726952 -818.581878 0.016981 0.844883 0.534682 0.320152 0.502010 -0.803423 0.947214 -0.184822 0.261967
-5.865212 -35.864268 -1215.949826 728.337363 -0.332568 0.939656 0.080277 0.685194 0.299239 -0.664052 0.648003 0.165837 0.743364
-4.012845 -32.578266 -1175.724480 1001.451010 -0.244550 0.969281 0.026248 0.704905 0.196305 -0.681596 0.665810 0.148182 0.731258
-8.323507 -33.722776 -702.567214 473.472792 -0.387868 0.911717 0.135388 0.584516 0.356876 -0.728684 0.712670 0.203497 0.671335
-11.563029 -36.767108 -857.513197 582.709150 -0.462098 0.869560 0.174158 0.539509 0.431509 -0.723001 0.703843 0.240137 0.668535
-10.978411 -39.263291 -1761.179920 843.699342 -0.406383 0.906252 0.116451 0.654407 0.377628 -0.655094 0.637655 0.190013 0.746519
-41.228778 -67.080417 617.780072 -2079.049527 0.774280 -0.313059 -0.549985 0.578474 -0.002303 0.815698 0.256628 0.949731 -0.179313
-43.139128 -67.970307 949.189135 -1576.618347 0.830270 -0.177030 -0.528499 0.539659 0.018262 0.841686 0.139352 0.984036 -0.110698
-42.443108 -69.377525 640.424679 -503.440598 0.818005 -0.259086 -0.513558 0.493333 -0.143111 0.857987 0.295789 0.955193 -0.010750
-3.957362 -22.925839 -3639.868986 1528.969376 -0.322852 0.918750 0.227300 0.329406 -0.116068 0.937027 -0.887276 -0.377395 0.265169
-1.505678 -22.599109 -3960.309380 -1323.004563 -0.333391 0.919317 0.209063 0.353544 -0.083659 0.931669 -0.873989 -0.384523 0.297127
-9.347911 -22.684780 -1216.115123 1177.253437 -0.289902 0.935955 0.199863 0.335131 -0.096333 0.937234 -0.896462 -0.338686 0.285741
5.924541 -21.917558 -5916.628162 1544.900021 -0.345656 0.908740 0.233907 0.330374 -0.115456 0.936762 -0.878279 -0.401075 0.260317
-8.833918 -25.135549 -1329.597438 3061.676454 -0.273988 0.927113 0.255721 0.304501 -0.168590 0.937474 -0.912256 -0.334723 0.236115
-1.997398 -25.730886 -3698.992516 3285.762839 -0.314992 0.912111 0.262363 0.298462 -0.167215 0.939659 -0.900944 -0.374290 0.219559
-43.997849 -59.511234 2198.928912 -945.355792 -0.650210 0.495580 0.575871 0.722847 0.170149 0.669733 0.233923 0.851733 -0.468861
-39.171072 -59.315259 54.579568 -1035.917844 -0.662890 0.398635 0.633773 0.736221 0.193038 0.648626 0.136222 0.896564 -0.421446
-42.310561 -62.371088 1155.447300 -2355.285246 -0.663669 0.469959 0.581964 0.683944 0.066176 0.726527 0.302926 0.880204 -0.365345
-47.653700 -62.098082 -2604.782341 -2283.509426 0.682037 -0.568753 -0.459723 0.612264 0.100293 0.784266 0.399947 0.816371 -0.416631
-44.583939 -65.727795 -1554.970310 -2399.285668 0.678038 -0.542427 -0.496021 0.573470 -0.031736 0.818612 0.459779 0.839503 -0.289547
-41.635599 -66.414272 -304.345820 -2337.664235 0.707208 -0.431298 -0.560213 0.607296 -0.035139 0.793698 0.362006 0.901525 -0.237076
15.662339 -79.926314 1873.159635 7295.864028 0.245615 0.878610 -0.409533 0.202697 0.366585 0.908036 -0.947938 0.306038 0.088053
18.807715 -89.060835 193.367399 8207.896907 0.179830 0.888080 -0.423055 0.235183 0.378779 0.895106 -0.955170 0.260462 0.140746
17.200644 -89.975866 68.000052 6735.595092 0.234731 0.895836 -0.377332 0.032886 0.380637 0.924140 -0.971504 0.229333 -0.059887
13.605355 -84.876187 1267.650356 6530.530204 0.280906 0.895148 -0.346124 0.012157 0.357297 0.933912 -0.959658 0.266549 -0.089485
11.283577 -73.209718 3113.842645 5016.840354 0.305132 0.867544 -0.392762 0.169829 0.356247 0.918829 -0.937045 0.347066 0.038632
12.011859 -63.246141 3357.006945 4450.547403 0.252116 0.843547 -0.474201 0.351010 0.376940 0.857151 -0.901792 0.382551 0.201061
-5.686283 -43.564140 -321.367902 -727.090423 -0.531939 0.838595 -0.117472 -0.714399 -0.369958 0.593940 -0.454615 -0.399862 -0.795887
-4.726449 -42.558094 -509.079199 -140.754888 -0.498535 0.853664 -0.150731 0.809290 0.396016 -0.433845 -0.310666 -0.338272 -0.888290
-3.354288 -43.110961 -477.846530 189.791818 -0.525870 0.837271 -0.149796 0.791996 0.417784 -0.445196 -0.310167 -0.352753 -0.882814
-4.369815 -45.466895 -261.066921 -1345.006939 -0.558706 0.821672 -0.112704 -0.703818 -0.397845 0.588524 -0.438735 -0.408135 -0.800586
-6.630411 -49.419797 -83.238500 -1577.730264 -0.574619 0.816006 -0.062826 -0.580668 -0.352391 0.733925 -0.576747 -0.458208 -0.676319
-7.567110 -46.942304 -236.075155 -1278.039505 -0.550077 0.832465 -0.066466 -0.583147 -0.325920 0.744121 -0.597791 -0.448083 -0.664731
3.750654 -59.741768 386.696974 -3340.386216 -0.589011 0.802579 -0.094514 0.805755 0.592203 0.007314 0.061841 -0.071847 -0.995497
4.660469 -60.081457 -44.862043 3226.859765 -0.583698 0.803191 -0.119082 -0.807152 -0.589915 -0.022515 0.088332 -0.082975 -0.992629
3.710663 -67.571465 632.868577 2675.283233 -0.585638 0.805580 -0.089825 -0.779614 -0.590135 -0.209624 0.221878 0.052735 -0.973647
1.662720 -67.889405 805.526990 2990.384352 -0.579801 0.811708 -0.070432 -0.790983 -0.581506 -0.190256 0.195389 0.054600 -0.979205
2.241426 -59.892330 580.961578 -3446.411614 -0.584643 0.807671 -0.076551 0.810337 0.585924 -0.006848 0.039323 -0.066036 -0.997042
-1.294789 -103.768067 -1527.892673 -1629.602315 0.748405 -0.636480 -0.186503 0.640430 0.620389 0.452733 0.172451 0.458270 -0.871923
4.394735 -103.399381 -2167.754874 2683.021617 0.754841 -0.626733 -0.193446 0.621324 0.588731 0.517061 0.210172 0.510491 -0.833803
-1.724430 -103.482401 -1937.847045 2474.882666 0.752297 -0.629921 -0.192997 0.579525 0.493379 0.648635 0.313368 0.599813 -0.736223
-7.202088 -103.657925 -1304.164128 -584.775389 0.738049 -0.650384 -0.179679 0.607419 0.524462 0.596642 0.293812 0.549492 -0.782134
-5.439683 -100.172130 -856.974486 -4250.529445 0.721585 -0.668532 -0.179944 0.677018 0.627029 0.385333 0.144777 0.399876 -0.905063
625.267063 -49.431946 -200343.240168 8084.893521 0.018720 -0.601502 -0.798652 0.997959 0.060018 -0.021811 0.061053 -0.796613 0.601398
404.510401 -67.830609 -166385.888481 11055.812189 0.191257 -0.789786 -0.582803 0.980622 0.179420 0.078668 0.042435 -0.586555 0.808797
1242.308961 -54.211033 -825309.396599 31573.114472 0.015064 -0.661750 -0.749573 0.983703 0.144140 -0.107484 0.179171 -0.735738 0.653137
2542.071340 -26.560551 -1913091.675015 34661.566779 -0.218957 -0.440297 -0.870744 0.958444 0.070200 -0.276507 0.182872 -0.895103 0.406630
798.496249 -36.304680 -298989.690460 2552.892259 -0.134095 -0.362785 -0.922174 0.989600 -0.000134 -0.143847 0.052062 -0.931873 0.359030
-4.448092 -134.312621 -635.300298 14888.122609 -0.380672 0.906924 -0.180494 0.914755 0.340766 -0.217030 -0.135323 -0.247725 -0.959333
-3.287996 -112.720337 -642.702606 8620.271052 -0.388276 0.902151 -0.188058 0.921039 0.386644 -0.046830 0.030464 -0.191392 -0.981041
-3.375032 -144.161028 -288.410045 13177.599132 -0.397583 0.897837 -0.189252 0.904187 0.348269 -0.247294 -0.156119 -0.269439 -0.950279
-5.131698 -111.536848 -739.249849 7530.495023 -0.368122 0.913496 -0.173238 0.928612 0.370549 -0.019319 0.046546 -0.167983 -0.984690
-4.947949 -162.097456 220.094732 -19632.162579 -0.389038 0.908016 -0.155422 -0.860535 -0.297978 0.413145 -0.328830 -0.294475 -0.897304
-7.675163 -152.945018 -1095.650005 -17553.210489 -0.384004 0.908122 -0.166899 -0.868095 -0.293503 0.400333 -0.314566 -0.298614 -0.901043
-6.792043 -134.512027 -1094.242710 15159.255539 -0.370239 0.913581 -0.168205 0.922068 0.339447 -0.185923 -0.112759 -0.223932 -0.968060
-8.303212 -67.136414 731.361683 2157.211929 -0.517873 0.821398 -0.238983 -0.692091 -0.566494 -0.447320 0.502811 0.066257 -0.861854
-9.427182 -66.908191 474.164062 2647.030129 -0.485822 0.843635 -0.228599 -0.721856 -0.534731 -0.439302 0.492849 0.048407 -0.868767
-6.866338 -65.902190 123.375298 -1830.363066 -0.497244 0.834142 -0.238653 -0.756737 -0.551516 -0.350970 0.424380 -0.006080 -0.905464
-6.913190 -64.424162 1134.089504 -908.598913 -0.521136 0.822163 -0.229054 -0.731084 -0.568506 -0.377249 0.440378 0.029141 -0.897339
-6.390432 -68.608508 1304.269115 776.945871 -0.533570 0.814946 -0.226198 -0.696626 -0.575139 -0.428866 0.479598 0.071255 -0.874590
-7.999514 -72.018320 1780.394563 3723.176172 -0.538943 0.810006 -0.231152 -0.619994 -0.567217 -0.542101 0.570218 0.148848 -0.807896
-0.152273 -27.562708 1087.145456 1853.658907 -0.313089 0.773929 0.550462 -0.384452 -0.633271 0.671688 -0.868431 0.001328 -0.495809
-3.563972 -27.929091 1004.115463 1971.143455 -0.341079 0.723876 0.599724 -0.343761 -0.689840 0.637142 -0.874925 -0.011154 -0.484130
-2.339882 -23.275869 135.150950 1539.652790 -0.333570 0.746459 0.575786 -0.311490 -0.663735 0.680022 -0.889778 -0.047483 -0.453917
-12.155514 -197.794353 361.952046 -23784.029678 -0.341775 0.886028 -0.313281 0.644145 -0.021872 -0.764591 0.684301 0.463116 0.563255
-9.153111 -185.441701 1424.269616 -13440.266819 -0.363231 0.873211 -0.324910 0.725700 0.046456 -0.686441 0.584314 0.485124 0.650563
-12.443632 -176.045058 110.705811 -22506.701409 -0.351204 0.893548 -0.279692 0.774696 0.109554 -0.622772 0.525835 0.435396 0.730703
-13.839249 -217.490249 -206.224199 -33489.164985 -0.324429 0.904546 -0.276664 0.694577 0.029261 -0.718823 0.642113 0.425372 0.637770
4.697770 -140.548900 1176.415609 5047.120190 -0.364163 0.924502 -0.112612 0.930705 0.365696 -0.007471 0.034275 -0.107529 -0.993611
7.792653 -141.068663 1867.919996 6261.232369 -0.360187 0.924715 -0.123153 0.930931 0.364818 0.016591 0.060271 -0.108671 -0.992249
5.844561 -130.489918 1757.909168 -8618.711727 -0.371408 0.920999 -0.117547 -0.875614 -0.389553 -0.285568 0.308798 0.003137 -0.951122
1.282103 -122.561399 1155.948515 -7699.962098 -0.364393 0.924841 -0.109028 -0.901592 -0.379673 -0.207316 0.233130 -0.022754 -0.972179
1.091607 -133.660300 624.887396 3844.119244 -0.352627 0.929053 -0.111869 0.935762 0.350350 -0.040051 0.001984 -0.118806 -0.992916
22.512752 -90.680629 -4893.856310 7832.304865 0.211019 0.162941 0.963806 0.877316 -0.466362 -0.113239 0.431031 0.869458 -0.241362
39.725741 -88.513362 794.478280 7262.256629 0.341209 0.001154 0.939987 0.855958 -0.413658 -0.310199 0.388476 0.910431 -0.142131
36.406329 -97.782338 -5182.480649 3686.240354 0.162932 0.201591 0.965823 0.960192 -0.257520 -0.108231 0.226900 0.945010 -0.235525
15.532691 -75.036990 -2592.684504 9489.237204 0.298074 0.022497 0.954277 0.754117 -0.618448 -0.220973 0.585200 0.785504 -0.201309
21.763700 -101.111997 -3579.477662 12279.566163 0.027903 0.271178 0.962125 0.918615 -0.386490 0.082292 0.394167 0.881526 -0.259893
11.613485 -85.694145 -2721.881992 10513.559002 0.118098 0.209719 0.970603 0.816868 -0.576277 0.025124 0.564605 0.789888 -0.239370
15.925886 -603.557968 -500.558106 -82083.302701 -0.307340 0.895700 -0.321346 -0.831238 -0.417082 -0.367541 0.463234 -0.154155 -0.872726
20.935676 -486.128444 8630.019547 37242.339140 -0.242491 0.946252 -0.214023 0.966638 0.254423 0.029653 0.082512 -0.199692 -0.976378
145.527515 -2254.559638 -4378.907151 -1263132.817993 -0.574595 0.765025 -0.290821 0.817007 0.557158 -0.148573 0.048371 -0.322972 -0.945172
32.388720 -732.794616 14120.357684 -73081.274545 -0.375137 0.832378 -0.407945 -0.825479 -0.500195 -0.261514 0.421731 -0.238646 -0.874752
42.156668 -440.903073 -156.629689 -33777.458006 -0.362817 0.833682 -0.416340 0.921330 0.253945 -0.294386 -0.139697 -0.490394 -0.860231
-13.084739 -25.391169 818.588266 25.054602 0.592335 0.688266 0.418843 0.100613 -0.578975 0.809114 -0.799385 0.437126 0.412195
-8.764921 -23.493933 1709.732544 1423.599592 0.557767 0.811857 0.172582 0.246939 -0.360833 0.899344 -0.792412 0.459007 0.401740
-11.275242 -29.941402 2116.751804 1496.511122 0.545239 0.819023 0.178649 0.212094 -0.340962 0.915839 -0.811006 0.461460 0.359615
-17.808013 -31.310774 2894.790216 807.959633 0.587164 0.598797 0.544683 -0.016969 0.681848 -0.731297 -0.809290 0.420149 0.410518
-5.690934 -35.285688 2177.396223 2417.770020 0.495415 0.867308 -0.048384 0.258753 -0.094172 0.961342 -0.829223 0.488783 0.271073
-18.588659 -37.436414 4606.764615 2351.955308 0.537168 0.834324 0.123908 0.202166 -0.269973 0.941405 -0.818889 0.480643 0.313693
18.601122 -33.710037 5045.598967 1613.557712 -0.539206 0.684912 0.490054 0.643964 -0.039691 0.764026 0.542741 0.727544 -0.419656
28.799027 -36.930882 6986.938937 995.672660 -0.551087 0.697751 0.457655 0.631655 -0.009564 0.775191 0.545267 0.716277 -0.435467
19.768270 -31.224882 5204.722676 2056.887669 -0.559030 0.690996 0.458268 0.582770 -0.065703 0.809976 0.589800 0.719866 -0.365962
29.677903 -39.221731 6853.670263 1432.601757 -0.523307 0.697116 0.490081 0.698542 0.021552 0.715244 0.488046 0.716634 -0.498243
6.754171 -26.806237 1768.967488 2043.554331 -0.556903 0.688153 0.465084 0.560340 -0.102044 0.821953 0.613089 0.718354 -0.328771
18.312792 -36.869267 4985.918568 861.060321 -0.521564 0.679488 0.516011 0.710133 0.010469 0.703990 0.472950 0.733612 -0.487987
5.636325 -31.984293 3014.208752 1641.028109 -0.543018 0.676224 0.497847 0.641068 -0.049089 0.765912 0.542367 0.735058 -0.406850
-10.873428 -77.855106 -753.599502 -718.931705 -0.454699 0.883232 0.114671 0.047818 0.152775 -0.987103 0.889360 0.443352 0.111701
-13.100889 -76.893296 -147.336776 -253.613301 -0.512363 0.853706 0.093116 0.059657 0.143551 -0.987843 0.856694 0.500579 0.124479
-13.266611 -77.677161 -256.192775 1132.642547 -0.508448 0.854793 0.103969 0.194273 0.231501 -0.953239 0.838891 0.464474 0.283769
-24.804467 -76.652116 1833.474002 -22750.442344 0.912883 0.346402 0.215986 0.389399 -0.897730 -0.206031 -0.122527 -0.272187 0.954411
-22.104371 -69.240146 7162.056572 -23549.417048 0.987926 0.109137 0.109960 0.129844 -0.970451 -0.203384 -0.084514 -0.215206 0.972905
-32.984337 -46.642277 -5497.147406 10529.394355 -0.175804 -0.958845 -0.222956 0.976230 -0.198974 0.085932 -0.126758 -0.202549 0.971034
-23.214679 -75.326552 -3825.753587 -8799.688452 0.728900 0.607313 0.316032 0.660444 -0.745349 -0.090931 -0.180330 -0.275001 0.944381
-15.520867 -92.974226 1737.609334 14272.592785 0.374239 0.874409 0.308795 0.885705 -0.435689 0.160317 -0.274721 -0.213504 0.937520
-8.837080 -102.157610 1757.959768 19186.657958 0.064174 0.956417 0.284864 0.956378 -0.140463 0.256146 -0.284995 -0.256000 0.923711
-15.990519 -70.262961 2099.305415 10844.511076 0.244196 -0.938737 -0.243190 0.967590 0.219235 0.125323 -0.064330 -0.265911 0.961849
-55.002319 -77.756882 383.554153 3770.221311 0.134638 0.967527 -0.213925 0.942053 -0.058039 0.330406 -0.307260 0.246014 0.919276
-63.084922 -77.863947 1890.134829 -5987.794081 -0.175412 0.903842 0.390256 0.105195 0.411341 -0.905391 0.978859 0.117764 0.167234
-63.090796 -81.050468 -3417.277554 -9547.255696 0.014411 0.980775 0.194611 0.161996 0.189770 -0.968372 0.986686 -0.045481 0.156146
-56.108546 -83.882238 -5063.411825 -6526.058152 0.171651 0.979996 0.100715 0.073237 0.089256 -0.993313 0.982432 -0.177879 0.056451
46.349161 -47.488829 -5129.683506 1458.165535 0.555377 -0.822141 0.125064 0.773584 0.455570 -0.440481 0.305162 0.341380 0.889008
-24.192316 -36.392926 -395.764645 -4896.221384 -0.003529 0.701488 0.712672 0.438950 -0.639261 0.631402 -0.898504 -0.315056 0.305663
-20.514700 -27.987423 840.777613 -3180.424769 -0.188137 0.910520 0.368182 0.324845 -0.296088 0.898224 -0.926866 -0.288591 0.240073
-22.880487 -33.918412 -510.624427 4770.867685 -0.034213 0.647892 0.760964 -0.403330 0.687701 -0.603649 -0.914415 -0.327572 0.237786
1.841378 -46.727882 260.281827 1342.684162 0.543374 0.818795 -0.185256 0.014588 -0.229853 -0.973116 0.839364 -0.526064 0.136841
35.202268 -102.766696 1425.633746 -4939.415667 -0.088015 0.959673 0.266987 -0.897634 -0.192613 0.396425 -0.431863 0.204765 -0.878388
32.341770 -104.961537 -2015.933528 -6971.138102 -0.044502 0.995289 0.086132 -0.925340 -0.073561 0.371933 -0.376517 0.063150 -0.924255
45.267466 -97.439012 4072.099452 8380.942729 -0.072286 0.963363 0.258277 0.972264 0.125814 -0.197166 -0.222437 0.236861 -0.945737
17.766391 -103.979036 -4245.018544 -1698.781962 -0.008121 0.999668 -0.024469 -0.837471 0.006572 0.546443 -0.546422 -0.024930 -0.837139
28.978951 -106.304206 -6532.636012 -2237.767098 0.007245 0.996411 -0.084337 -0.935846 0.036472 0.350516 -0.352334 -0.076387 -0.932752
45.869280 -103.121352 -1635.656005 -8185.741398 -0.037939 0.996784 0.070581 -0.986405 -0.048658 0.156963 -0.159892 0.063666 -0.985079
-6.121891 -106.838203 268.594673 3700.636425 -0.047018 0.933736 0.354860 -0.207036 -0.356648 0.911009 -0.977203 0.030635 -0.210086
-3.970039 -105.873507 1096.573254 -1046.806976 -0.026011 0.903999 0.426743 -0.453720 -0.391061 0.800755 -0.890765 0.172794 -0.420334
5.356541 -53.503415 -6204.706513 -1680.411606 -0.065189 -0.039871 -0.997076 -0.533914 0.845538 0.001097 0.843022 0.532425 -0.076408
-0.769224 -51.798916 -3020.037129 -2789.198517 -0.170728 0.063513 -0.983269 -0.593523 0.789930 0.154079 0.786500 0.609899 -0.097166
16.473907 -59.836175 -6834.687540 -3308.130768 -0.093063 -0.011403 -0.995595 -0.626848 0.777556 0.049689 0.773564 0.628711 -0.079510
21.305087 -60.352970 -10528.624236 -2274.632096 -0.026147 -0.078600 -0.996563 -0.536555 0.842240 -0.052351 0.843460 0.533343 -0.064195
21.389851 -90.492845 -1950.517610 5174.871475 0.453842 0.303787 0.837700 0.271381 0.848312 -0.454663 -0.848752 0.433681 0.302558
15.196522 -93.667961 -2881.458425 4890.980230 0.394922 0.282206 0.874297 0.326699 0.846311 -0.420744 -0.858664 0.451793 0.242031
44.836906 -39.392888 3026.145159 937.105740 -0.121700 0.939053 0.321510 0.035948 0.327875 -0.944037 0.991916 0.103332 0.073660
50.857063 -40.654360 2852.329500 1910.711330 -0.067802 0.930810 0.359160 0.097369 0.364443 -0.926121 0.992936 0.027822 0.115342
48.220350 -38.056666 -461.540479 1811.879085 0.078045 0.916684 0.391919 0.082472 0.385834 -0.918875 0.993533 -0.104036 0.045488
1.218444 -84.052143 -2741.001628 1559.011996 0.409001 0.575747 0.707979 0.252928 0.673917 -0.694164 -0.876782 0.462981 0.130010
3.461867 -84.338375 -2415.883680 6744.745152 0.423455 0.602190 0.676796 0.142856 0.693349 -0.706300 -0.894583 0.395771 0.207575
2.405321 -108.749258 -1492.391152 6219.614824 -0.194466 -0.487706 -0.851073 0.065732 0.859208 -0.507387 0.978704 -0.154612 -0.135029
2.869257 -104.613492 -1896.804118 -1111.597985 -0.189922 -0.459760 -0.867496 -0.111320 0.887964 -0.446237 0.975468 0.011820 -0.219824
7.522630 -113.472608 -2259.989393 1576.618482 -0.185827 -0.489130 -0.852186 -0.010571 0.868237 -0.496037 0.982526 -0.083169 -0.166513
-0.579602 -107.377645 -434.452209 -171.948983 -0.218411 -0.454652 -0.863475 -0.073484 0.889988 -0.450025 0.973086 -0.034839 -0.227793
5.330071 -123.760514 -2319.193968 9462.136477 -0.184910 -0.498919 -0.846692 0.197472 0.825114 -0.529331 0.962711 -0.265077 -0.054049
-2.117074 -109.108227 -1078.149262 5100.984344 -0.205307 -0.473428 -0.856572 0.112457 0.858007 -0.501176 0.972215 -0.199223 -0.122915
1.457456 -126.222713 -621.253910 11903.429625 -0.209263 -0.485495 -0.848825 0.284601 0.800227 -0.527863 0.935527 -0.352038 -0.029285
19.661034 -73.144531 -1571.236909 7505.218808 0.454694 -0.441625 0.773448 0.599439 -0.490542 -0.632488 0.658731 0.751223 0.041680
3.078244 -692.523079 6413.997251 66316.991780 0.386460 0.443461 0.808697 0.882625 0.076602 -0.463794 -0.267623 0.893014 -0.361806
11.345414 -440.847191 -342.843597 14651.939553 0.296351 0.445720 0.844695 0.930054 -0.335812 -0.149101 0.217201 0.829798 -0.514062
2.429373 -755.160671 9867.212139 -79525.571344 0.245402 0.398953 0.883524 0.920613 -0.381453 -0.083460 0.303726 0.833865 -0.460890
6.782097 -31.159117 -5310.625606 -763.325955 0.113872 -0.683223 -0.721276 0.209993 0.726148 -0.654685 0.971049 -0.076913 0.226160
-6.822383 -30.828760 -987.449633 589.760892 -0.302656 0.949425 0.083609 0.616888 0.262007 -0.742160 0.726531 0.173042 0.664988
2.865682 -109.604050 2131.016738 -179.117014 -0.177525 0.894889 0.409461 0.138906 0.434690 -0.889803 0.974264 0.101086 0.201474
15.283256 -113.157263 3600.239929 1875.035311 -0.180603 0.913087 0.365588 0.105401 0.387527 -0.915813 0.977892 0.126866 0.166229
2.248620 -107.672196 1574.688365 -3208.271269 -0.162020 0.905712 0.391709 0.364962 0.423806 -0.828970 0.916816 -0.008649 0.399216
-28.893081 -80.399639 -14705.995520 -3748.398367 0.155374 0.982714 0.100657 0.296138 -0.143544 0.944297 -0.942423 0.116911 0.313322
14.764593 -82.158330 -26760.646888 -8972.442942 0.069805 0.990112 0.121678 0.348271 -0.138489 0.927107 -0.934791 0.022340 0.354495
-30.815659 -77.675686 -17122.486555 -62.629848 0.118730 0.991837 0.046511 0.465339 -0.096962 0.879806 -0.877134 0.082816 0.473052
20.036800 -172.879384 -3154.454627 -24188.949410 0.058091 0.924474 0.376793 0.501380 -0.353395 0.789766 -0.863275 -0.143038 0.484042
35.065892 -255.566348 -4986.782971 -42113.557234 0.104264 0.923571 0.368978 0.651241 -0.343800 0.676525 -0.751674 -0.169757 0.637314
20.104353 -173.404919 -2974.677310 -12201.087892 0.086278 0.911428 0.402313 0.692146 -0.345288 0.633806 -0.716582 -0.223776 0.660632
-268.712993 -577.559915 -29188.858602 38396.862811 0.337098 0.488836 -0.804615 0.940576 -0.212088 0.265207 -0.041007 -0.846202 -0.531282
-254.736057 -486.392634 2914.956874 101613.586544 0.333976 0.745104 -0.577305 0.871808 -0.011336 0.489717 0.358346 -0.666852 -0.653373
-289.556343 -532.165679 -45816.014699 76015.912488 0.344133 0.469523 -0.813093 0.845322 0.221982 0.485958 0.408660 -0.854560 -0.320507
-375.764836 -560.146830 -63270.946190 56977.908888 0.663667 0.138008 -0.735187 0.744286 -0.023637 0.667443 0.074735 -0.990149 -0.118405
7.783189 -22.364083 -4710.261624 -2021.452235 -0.338358 0.916983 0.211319 0.342756 -0.089042 0.935195 -0.876374 -0.388862 0.284173
20.142262 -90.108617 54.160624 -1113.460957 0.191081 0.893974 -0.405337 -0.031367 0.418296 0.907769 -0.981073 0.160744 -0.107969
20.658927 -97.645606 402.602135 7500.109268 0.130125 0.896382 -0.423753 0.247485 0.384495 0.889334 -0.960114 0.220597 0.171809
20.008270 -82.344951 -1057.632360 8095.390824 0.096279 0.875273 -0.473948 0.449999 0.386443 0.805085 -0.887824 0.290789 0.356666
20.289774 -87.544148 -876.270170 9013.804380 0.101544 0.885149 -0.454093 0.365323 0.391383 0.844605 -0.925326 0.251655 0.283622
94.943466 -112.015374 -31558.954788 -13678.504899 -0.013922 0.469325 0.882916 0.949141 0.283973 -0.135983 -0.314544 0.836118 -0.449409
44.968841 -107.504555 -7453.712838 -4502.841857 0.027222 0.346151 0.937784 0.999506 -0.024175 -0.020090 0.015716 0.937867 -0.346638
104.097234 -113.577550 -22152.348592 -16167.654216 0.113928 0.336606 0.934728 0.941565 0.263603 -0.209688 -0.316979 0.903997 -0.286905
-2.777165 -46.872673 -827.168119 -1415.845878 -0.516783 0.839501 -0.167850 0.836872 0.454025 -0.305789 -0.180502 -0.298496 -0.937187
4.794296 -60.334381 -370.599367 2897.145685 -0.567380 0.811412 -0.140325 -0.815454 -0.577347 -0.041290 0.114519 -0.091002 -0.989244
3.788702 -52.250550 -447.233229 -2567.529912 -0.573352 0.807410 -0.139130 0.817965 0.554375 -0.153628 -0.046910 -0.201886 -0.978285
5.163492 -67.363823 312.375305 2190.644374 -0.580003 0.806951 -0.111476 -0.774058 -0.588583 -0.233246 0.253831 0.048995 -0.966007
2.443913 -52.864678 -672.330830 -2536.891405 -0.551068 0.819763 -0.155923 0.833674 0.532742 -0.145513 -0.036220 -0.210177 -0.976992
5.530094 -67.338192 -193.901732 1681.614699 -0.564221 0.814399 -0.135680 -0.773619 -0.578897 -0.257668 0.288389 0.040418 -0.956660
3.371006 -60.732245 -726.003636 2651.530771 -0.546033 0.822931 -0.156947 -0.826858 -0.559513 -0.057020 0.134738 -0.098638 -0.985960
9.900532 -97.876017 -1886.085849 5279.741223 0.740362 -0.646644 -0.183619 0.620520 0.552400 0.556605 0.258494 0.526028 -0.810232
8.982498 -103.746505 -1628.832657 3462.944858 0.747098 -0.643445 -0.166802 0.652601 0.662327 0.368014 0.126319 0.383798 -0.914736
5.198386 -98.610299 -2408.395885 3554.334187 0.744808 -0.634695 -0.205968 0.575986 0.455673 0.678677 0.336899 0.624119 -0.704965
11.488974 -99.816570 -926.442848 8297.565364 0.733497 -0.665229 -0.139475 0.651163 0.628925 0.424783 0.194859 0.402398 -0.894486
13.057300 -89.651686 -1037.295947 5105.031355 0.712888 -0.681780 -0.164215 0.630404 0.520440 0.575963 0.307216 0.514119 -0.800812
11.161874 -91.842224 -1843.497339 1742.721545 0.719063 -0.665091 -0.201502 0.588287 0.428196 0.685978 0.369955 0.611802 -0.699164
233.229338 -63.389582 -122639.311699 7448.288535 0.312910 -0.868782 -0.383803 0.949656 0.292780 0.111502 0.015499 -0.399371 0.916658
230.714142 -71.139247 -118636.534795 1506.103022 0.254201 -0.892078 -0.373603 0.963025 0.197822 0.182893 -0.089248 -0.406280 0.909380
576.030340 -51.829602 -333221.626574 14556.540973 0.183761 -0.810653 -0.555944 0.976011 0.217656 0.005233 0.116762 -0.543570 0.831203
145.985026 -58.756220 -94749.010260 4230.033588 0.286497 -0.932990 -0.217831 0.954315 0.257756 0.151145 -0.084869 -0.251182 0.964212
156.390282 -51.853786 -94165.402813 5692.320876 0.346736 -0.903134 -0.253223 0.937912 0.336654 0.083580 0.009765 -0.266481 0.963791
233.382434 -51.870465 -108468.289720 6458.811765 0.340845 -0.844606 -0.412874 0.935748 0.347097 0.062453 0.090559 -0.407633 0.908644
-2.504127 -120.893695 153.940805 8129.535519 -0.417236 0.890930 -0.179328 0.908219 0.415815 -0.047288 0.032437 -0.182599 -0.982652
-1.410411 -101.144100 -1114.259752 -5593.612642 -0.405226 0.891717 -0.201576 -0.895510 -0.431541 -0.108783 0.183992 -0.136432 -0.973413
-3.128584 -99.747950 -706.532568 -4355.166189 -0.391766 0.902726 -0.177775 -0.900138 -0.416055 -0.129038 0.190450 -0.109469 -0.975574
-7.460417 -65.550835 -129.625354 -1287.487716 -0.475264 0.845860 -0.242167 -0.775253 -0.532748 -0.339357 0.416062 -0.026456 -0.908951
-2.314275 -32.346025 1935.704296 1654.369618 -0.322888 0.749139 0.578390 -0.433155 -0.660333 0.613463 -0.841499 0.052453 -0.537707
-6.438105 -32.514669 1871.456707 1726.878233 -0.345042 0.722190 0.599489 -0.403856 -0.690800 0.599747 -0.847258 0.035169 -0.530016
-6.305084 -27.943051 1559.557272 -1824.367298 -0.355524 0.695942 0.623913 0.315997 0.717715 -0.620508 -0.879630 -0.023451 -0.475081
-12.580086 -152.444489 325.672428 -13672.320894 0.364307 -0.890446 0.272738 0.846597 0.194639 -0.495368 0.388013 0.411366 0.824757
-5.465504 -187.294219 2411.740856 -4940.617666 -0.370455 0.865998 -0.335874 0.655097 -0.012758 -0.755437 0.658492 0.499885 0.562586
-6.247150 -175.415056 1598.260587 -6124.019174 -0.355766 0.876478 -0.324372 0.796922 0.103198 -0.595202 0.488207 0.470251 0.735199
-10.056287 -155.797647 -1472.946036 -11032.061754 0.359050 -0.876727 0.320050 0.865258 0.184135 -0.466287 0.349875 0.444347 0.824708
10.819885 -140.631113 4544.941474 -11374.162001 -0.355855 0.929642 -0.095570 -0.917835 -0.366911 -0.151508 0.175914 -0.033802 -0.983825
11.263338 -147.318157 1963.584970 772.504094 -0.361563 0.920425 -0.148628 0.921136 0.328000 -0.209582 -0.144155 -0.212684 -0.966429
14.629194 -141.376225 461.087268 8728.062664 -0.338212 0.923800 -0.179459 0.931002 0.356273 0.079401 0.137287 -0.140223 -0.980556
12.320547 -146.353690 764.852581 9244.622183 -0.364840 0.917987 -0.155536 -0.813312 -0.232901 0.533181 -0.453229 -0.321025 -0.831581
15.154964 -142.199929 1828.336761 14883.581378 -0.362136 0.915187 -0.176889 -0.828235 -0.228863 0.511515 -0.427649 -0.331744 -0.840870
14.705665 -77.054855 3845.203552 9882.436427 0.372320 -0.150329 0.915849 0.703449 -0.598000 -0.384130 0.605424 0.787272 -0.116899
34.101975 -84.189212 5966.101266 9993.027131 0.455268 -0.265081 0.849978 0.719902 -0.452138 -0.526604 0.523900 0.851647 -0.015011
21.939532 -803.993953 14382.060970 25119.139392 -0.226376 0.939217 -0.258118 -0.740489 -0.338102 -0.580830 0.632796 -0.059647 -0.772018
17.547684 -489.458519 7212.904295 -13665.591325 -0.248594 0.943841 -0.217637 -0.890855 -0.310997 -0.331147 0.380234 -0.111562 -0.918137
25.968468 -32.964161 -7251.960643 2028.212977 0.575508 -0.695265 -0.430577 0.561093 -0.047341 0.826398 0.594950 0.717193 -0.362863
-11.716678 -91.536105 -142.407137 -1966.155099 -0.587381 0.802045 0.108204 0.724079 0.461080 0.512947 0.361515 0.379643 -0.851574
-11.715708 -91.025181 31.247335 545.345670 -0.566748 0.819481 0.085134 -0.726902 -0.448712 -0.519876 0.387828 0.356523 -0.849989
-10.736077 -88.332063 242.819329 -572.788574 -0.587297 0.800676 0.118326 0.782512 0.524357 0.335745 0.206778 0.289773 -0.934491
-78.278252 -505.842016 6847.329655 -117067.209715 0.870622 0.389639 0.300331 0.196513 0.284219 -0.938404 0.450998 -0.876014 -0.170878
8.265627 -1245.201441 14118.169192 -414335.391286 0.884030 0.443903 0.146428 0.106560 0.113624 -0.987793 0.455122 -0.888842 -0.053145
-85.464595 -360.396256 8743.584734 -96000.947097 0.887888 0.458644 -0.036073 -0.112532 0.140484 -0.983667 0.446085 -0.877445 -0.176346
-47.315483 -83.191876 -1653.667424 -817.499973 0.025880 0.988422 -0.149507 0.879917 0.048453 0.472651 -0.474422 0.143786 0.868475
-57.278014 -77.369552 1756.620974 -892.297956 0.167214 0.963743 -0.207938 0.846680 -0.032308 0.531121 -0.505146 0.264868 0.821384
-51.538866 -75.372077 -619.573165 2428.138072 -0.519760 -0.832606 0.191355 0.805829 -0.403423 0.433462 -0.283706 0.379496 0.880621
-54.678757 -77.792042 985.568437 218.383012 0.354238 0.914723 -0.194416 0.831731 -0.213143 0.512633 -0.427479 0.343296 0.836307
-54.864781 -69.058374 4390.572737 -4212.273416 -0.229517 0.715222 0.660136 0.183291 0.697868 -0.692376 0.955890 0.037915 0.291266
-50.392384 -71.001720 -6718.640071 351.667526 0.361588 -0.516448 -0.776232 -0.023459 0.827261 -0.561327 0.932043 0.221179 0.287012
9.477445 -51.893635 -3785.406817 -288.965333 0.310662 0.878353 0.363297 0.432108 0.209927 -0.877048 0.846624 -0.429449 0.314328
3.266510 -50.462389 -1355.406236 -1206.061378 0.295099 0.889558 0.348716 0.540454 0.145565 -0.828686 0.787925 -0.433010 0.437809
14.546711 -51.493773 -6008.454230 -874.210738 0.312418 0.873338 0.373731 0.495082 0.186076 -0.848687 0.810733 -0.450173 0.374241
0.680911 -50.628978 -1123.531998 -1412.333810 0.269211 0.890019 0.367957 0.539468 0.177139 -0.823162 0.797809 -0.420105 0.432449
25.355505 -51.235871 -6035.948824 672.242266 0.284455 0.874582 0.392673 0.381988 0.272278 -0.883148 0.879301 -0.401212 0.256629
11.506850 -50.681384 -5329.498949 1103.559402 0.325899 0.876224 0.354995 0.318861 0.251620 -0.913792 0.890010 -0.410997 0.197391
-3.021137 -50.848327 -1824.316504 280.791047 0.279329 0.886607 0.368652 0.444351 0.220990 -0.868168 0.851192 -0.406315 0.332235
