18095
36176
-40.426648 -60.359554 148.596693 7898.527269 -0.247206 -0.961854 0.117157 0.957229 -0.223661 0.183547 -0.150342 0.157520 0.976004
-44.903430 -71.474733 -1290.077118 6914.691791 0.221073 0.963274 -0.152413 0.937861 -0.167122 0.304117 -0.267477 0.210174 0.940363
-49.720387 -78.304992 353.975748 7391.561081 -0.081680 0.979256 -0.185434 0.949736 0.132892 0.283445 -0.302208 0.152962 0.940890
-38.537767 -58.382411 125.236647 6734.005124 -0.496524 -0.854221 0.154179 0.857022 -0.454246 0.243256 -0.137759 0.252917 0.957630
-39.462093 -72.015132 -2231.519269 13227.138171 -0.143649 0.982262 -0.120525 0.978109 0.159449 0.133714 -0.150560 0.098679 0.983664
-33.611997 -48.421563 2195.628132 6950.064633 -0.269487 -0.960190 0.073564 0.961490 -0.263995 0.076448 -0.053984 0.091333 0.994356
-32.755940 -47.800006 -208.697333 3125.186277 -0.667153 -0.739188 0.092240 0.741953 -0.648340 0.170768 -0.066427 0.182366 0.980984
65.600348 -84.242129 -6630.393697 -751.675607 -0.084206 0.995981 -0.030515 0.647283 0.031391 -0.761604 0.757585 0.083884 0.647324
72.347491 -86.862080 -4977.280143 -4688.775424 -0.138327 0.983377 -0.117619 0.514767 -0.030070 -0.856802 0.846097 0.179066 0.502051
62.427019 -89.439084 -5305.059419 -8549.627068 -0.004298 0.999291 -0.037399 0.516358 -0.029809 -0.855854 0.856362 0.022990 0.515864
52.740200 -69.295665 -5257.039373 2417.893225 0.009857 0.997348 0.072116 0.674275 0.046627 -0.737007 0.738414 -0.055891 0.672027
59.008357 -85.377823 -8880.316441 7760.928604 -0.080990 0.993487 0.080148 0.737069 0.113828 -0.666163 0.670948 -0.005123 0.741487
57.184314 -72.186437 -3987.700478 -7372.087125 0.030077 0.999477 0.011882 0.609630 -0.008922 -0.792636 0.792115 -0.031083 0.609580
-49.668641 -75.991026 -2827.924371 2110.252587 -0.580549 0.710995 -0.396797 -0.173016 -0.583924 -0.793157 0.795631 0.391815 -0.462010
-53.664452 -78.350804 -1627.394778 -566.257089 -0.683990 0.646669 -0.337605 -0.117213 -0.554206 -0.824086 0.720013 0.524095 -0.454869
-50.499133 -79.556012 -1870.916740 30.654596 -0.572134 0.728525 -0.376714 -0.066590 -0.499064 -0.864003 0.817452 0.469240 -0.334044
-38.793578 -62.082499 2541.053914 -2108.085362 0.671891 0.416170 0.612670 -0.349076 0.907505 -0.233625 -0.653229 -0.056897 0.755020
-43.296070 -69.217756 2274.884518 -1323.783564 0.608171 0.405355 0.682506 -0.311027 0.912727 -0.264937 -0.730335 -0.051151 0.681171
-42.769334 -65.402590 3194.076376 -1226.424537 0.713133 0.116601 0.691264 -0.229996 0.970406 0.073586 -0.662226 -0.211464 0.718846
-37.220840 -58.121829 3260.962384 -1449.537467 0.768154 0.134640 0.625948 -0.215176 0.975063 0.054327 -0.603024 -0.176421 0.777970
6.402227 -4.077555 -2866.385780 4436.566249 -0.207733 0.845955 0.491128 -0.141030 0.470934 -0.870823 0.967966 0.250162 -0.021476
5.381616 -1.203461 4845.866184 -742.147486 0.087887 -0.407450 -0.908989 -0.238558 0.877357 -0.416336 0.967143 0.253437 -0.020092
-0.203262 -11.659553 -1742.559478 5563.194394 -0.242487 0.952764 0.182865 -0.061281 0.173072 -0.983001 0.968217 0.249572 -0.016419
1.238877 -17.243796 -1854.101408 6143.820718 -0.236684 0.938869 0.250013 -0.065102 0.241421 -0.968234 0.969403 0.245442 -0.003982
3.427490 -19.220854 -2379.463759 6366.326156 -0.231152 0.883067 0.408365 -0.106952 0.394125 -0.912813 0.967021 0.254674 -0.003343
10.949082 -10.079049 -4000.843437 6505.119385 -0.203034 0.754557 0.624036 -0.185215 0.596210 -0.781171 0.961495 0.274185 -0.018705
-2.710289 -36.549785 -6497.067905 2758.678384 0.799171 0.528562 -0.286265 -0.250874 -0.139486 -0.957917 0.546249 -0.837357 -0.021130
-15.755811 -40.380330 -4555.909321 1986.567073 0.694485 0.483473 -0.532864 -0.417275 -0.332694 -0.845693 0.586151 -0.809672 0.029310
-14.603605 -43.032824 -1145.784520 3710.010450 0.675294 0.489051 -0.552093 -0.396172 -0.390875 -0.830822 0.622114 -0.779773 0.070207
-4.227043 -33.226043 -9173.517079 1162.937381 0.807615 0.488499 -0.330344 -0.312302 -0.120881 -0.942261 0.500226 -0.864151 -0.054934
18.220111 -30.178754 -9663.652265 3211.956346 0.839500 0.535455 -0.092342 -0.117626 0.013174 -0.992971 0.530475 -0.844461 -0.074043
16.616207 -37.192716 -9550.663232 -4067.210324 0.833506 0.528144 -0.162270 -0.175497 -0.025412 -0.984152 0.523897 -0.848775 -0.071507
9.137527 -32.746706 -8376.869490 7892.702549 0.823227 0.546673 -0.153120 -0.143410 -0.060719 -0.987799 0.549301 -0.835142 -0.028413
1.157255 -53.094227 -775.254444 3226.790842 -0.379466 -0.894753 -0.235419 0.871525 -0.260273 -0.415574 0.310563 -0.362870 0.878565
0.893667 -49.396420 -894.326201 -1080.672049 -0.381115 -0.894360 -0.234245 0.845069 -0.234230 -0.480618 0.374978 -0.381124 0.845065
1.406767 -49.751590 -1509.948383 -661.707253 -0.406925 -0.884885 -0.226695 0.847530 -0.273170 -0.455050 0.340741 -0.377302 0.861126
1.292872 -51.610609 -1932.789323 3435.988081 -0.398832 -0.890158 -0.220346 0.868207 -0.289186 -0.403222 0.295210 -0.352124 0.888178
-6.893895 -51.155862 -26.727908 -6558.842585 0.272603 0.944728 0.182143 0.439054 -0.290601 0.850166 -0.856107 0.151787 0.494005
-6.637255 -49.189057 -186.632773 111.589727 0.254691 0.948867 0.186506 0.538787 -0.299397 0.787445 -0.803020 0.100068 0.587491
-6.942605 -48.749752 455.514225 2374.447325 0.288677 0.938461 0.189624 0.571139 -0.327752 0.752582 -0.768418 0.108952 0.630606
-6.382055 -49.012171 256.727879 7166.970500 0.286502 0.934818 0.209837 0.656946 -0.351104 0.667194 -0.697380 0.053300 0.714717
-6.899599 -48.398907 165.874356 6283.889917 0.316460 0.926486 0.203658 0.644279 -0.367500 0.670708 -0.696246 0.081040 0.713214
11.066554 -103.899596 5951.646862 3034.251469 -0.430438 0.881195 -0.195494 0.302412 0.344858 0.888606 -0.850453 -0.323369 0.414924
12.840256 -100.820354 1606.545658 1821.982084 -0.486659 0.850912 -0.197766 0.295709 0.373475 0.879245 -0.822021 -0.369412 0.433377
18.538344 -99.444274 6809.986536 552.092324 -0.434873 0.878801 -0.196451 0.114881 0.270521 0.955835 -0.893134 -0.393099 0.218600
18.790395 -96.657999 2998.498227 -2396.251634 -0.491731 0.850803 -0.185299 -0.073645 0.171405 0.982444 -0.867627 -0.496744 0.021628
14.028276 -96.674000 5777.934809 -5992.719053 -0.437167 0.881224 -0.179802 -0.043499 0.178967 0.982893 -0.898328 -0.437510 0.039906
-3.556371 -122.770739 285.140689 -1314.610568 -0.299461 0.940237 0.162102 0.684734 0.330105 -0.649746 0.664426 0.083577 0.742666
-3.798711 -122.621836 511.316705 -5028.575724 -0.301437 0.940012 0.159725 0.785815 0.339796 -0.516753 0.540028 0.030255 0.841103
-4.624715 -122.099058 -974.670125 -5093.650356 -0.295189 0.936462 0.189477 0.788967 0.350768 -0.504473 0.538882 -0.000576 0.842381
-4.862806 -128.650234 -960.605717 -7557.031005 -0.290220 0.936450 0.197064 0.759242 0.350673 -0.548252 0.582515 0.009495 0.812764
-3.950612 -128.179368 -1092.457047 -2351.460633 -0.280045 0.941776 0.186099 0.653476 0.329023 -0.681699 0.703238 0.069295 0.707569
-8.952346 -84.524389 830.357140 5966.864963 -0.473738 0.873739 -0.110236 0.734475 0.461056 0.497970 -0.485921 -0.154942 0.860159
-10.018547 -78.376202 1297.822636 3079.008003 -0.476238 0.873594 -0.100159 0.767787 0.468648 0.436889 -0.428603 -0.131162 0.893922
-10.517172 -78.919155 2683.343235 1476.142452 -0.468813 0.874740 -0.122656 0.795248 0.478428 0.372406 -0.384441 -0.077046 0.919929
-7.527055 -77.270737 1344.315318 2338.126748 -0.473431 0.871421 -0.128406 0.786281 0.483805 0.384311 -0.397020 -0.080982 0.914230
-16.612732 -49.657050 -3244.820137 5140.501603 -0.435137 -0.366279 0.822493 0.132209 0.877616 0.460772 -0.890604 0.309240 -0.333458
-7.851358 -50.392848 -3709.372494 4815.823890 -0.450349 -0.251672 0.856649 0.110618 0.936332 0.333235 -0.885974 0.244833 -0.393836
-19.882365 -64.004043 -4622.616980 6212.303851 -0.419007 -0.200478 0.885574 0.083948 0.962589 0.257632 -0.904094 0.182292 -0.386502
-27.744717 -58.767538 -5141.641058 6604.106493 -0.392879 -0.298059 0.869946 0.140390 0.915486 0.377063 -0.908811 0.270272 -0.317831
-34.690761 -71.211116 -5635.756145 7848.175966 -0.361154 -0.179614 0.915045 0.100717 0.968021 0.229764 -0.927051 0.175141 -0.331514
-13.381117 -20.125561 -237.856226 -2046.581603 -0.096879 0.994376 -0.042782 -0.372730 0.003610 0.927933 -0.922869 -0.105844 -0.370284
-11.984406 -25.565148 -325.114690 -4901.416650 -0.132167 0.991176 0.010142 -0.330577 -0.053722 0.942249 -0.934479 -0.121181 -0.334760
-13.697842 -24.377731 -872.398221 -4986.531782 -0.124893 0.989414 0.073899 -0.337766 -0.112433 0.934491 -0.932907 -0.091751 -0.348232
-14.647782 -18.417388 -715.706803 -1344.386369 -0.053158 0.996206 -0.068909 -0.378793 0.043733 0.924448 -0.923954 -0.075244 -0.375030
-15.107103 -32.644383 -1862.075303 -4952.978960 -0.109269 0.991602 0.069175 -0.277791 -0.097282 0.955703 -0.954407 -0.085212 -0.286088
-15.769529 -24.455279 -1648.723736 -4188.924636 -0.095757 0.993088 0.067870 -0.352698 -0.097610 0.930632 -0.930825 -0.065177 -0.359607
-5.063249 -99.579448 -381.898503 -9359.252081 0.558041 0.046798 -0.828493 0.582897 -0.732713 0.351229 -0.590611 -0.678927 -0.436162
-4.067845 -83.542201 -144.741612 3903.650280 -0.545679 -0.081852 0.833987 -0.502753 0.828190 -0.247670 -0.670428 -0.554438 -0.493077
-5.600913 -89.643877 510.198740 9405.332957 -0.547697 -0.079406 0.832900 -0.548970 0.785346 -0.286118 -0.631395 -0.613943 -0.473723
-7.340326 -112.256778 -773.832451 -15677.694626 0.554412 0.056796 -0.830302 0.635221 -0.673459 0.378085 -0.537700 -0.737039 -0.409452
-0.421036 -48.747322 279.758184 -541.384519 0.443106 0.885917 0.137143 0.565087 -0.157262 -0.809904 0.695941 -0.436371 0.570304
-0.797252 -53.805932 152.122501 -2108.367006 0.485886 0.870071 0.083013 0.498381 -0.197783 -0.844096 0.718005 -0.451507 0.529727
-3.161460 -55.575881 -413.534973 -4057.302371 0.477553 0.873051 0.098617 0.477985 -0.163981 -0.862925 0.737206 -0.459230 0.495615
1.694749 -48.186152 785.949342 -334.678331 0.448957 0.884656 0.125779 0.598914 -0.193459 -0.777094 0.663128 -0.424213 0.616688
3.183003 -46.799338 454.001496 353.842915 0.408268 0.894646 0.181455 0.678639 -0.164511 -0.715811 0.610546 -0.415385 0.674306
13.892920 -12.433628 -1772.173941 507.199109 -0.129034 0.950922 -0.281244 0.279497 0.306992 0.909746 -0.951437 -0.038781 0.305392
13.134131 -14.683263 -2071.625108 -2953.518632 -0.109310 0.963019 -0.246262 0.290909 0.267893 0.918480 -0.950486 -0.028759 0.309434
10.366987 -12.217036 -1568.132361 -1112.646413 -0.154671 0.940729 -0.301838 0.282200 0.334853 0.899020 -0.946805 -0.053874 0.317266
9.399344 -14.442366 -1717.246561 2036.322030 -0.169163 0.945621 -0.277822 0.285010 0.316775 0.904667 -0.943479 -0.073854 0.323098
11.770585 -17.514783 -1980.223319 3603.865578 -0.147616 0.952645 -0.265853 0.274361 0.297690 0.914389 -0.950229 -0.062039 0.305312
15.143696 -14.304185 -1839.142910 3187.162121 -0.126862 0.944580 -0.302779 0.274631 0.326760 0.904326 -0.953144 -0.031572 0.300864
67.982822 -30.236485 6472.011830 -6634.319738 0.274370 0.786383 0.553465 0.789975 -0.512504 0.336569 -0.548325 -0.344880 0.761838
96.650650 -29.842021 23153.004544 -4806.960982 0.296195 0.734219 0.610894 0.742503 -0.579322 0.336267 -0.600797 -0.353991 0.716752
58.574056 -21.060928 3921.875847 -1222.882127 0.333763 0.778320 0.531809 0.765041 -0.553258 0.329572 -0.550740 -0.296857 0.780103
53.186207 -21.605447 -1263.031086 -2249.818314 0.313766 0.820128 0.478477 0.791450 -0.504297 0.345385 -0.524554 -0.270321 0.807322
-3.998396 -116.359071 -1072.979794 6661.100800 -0.444559 -0.289218 0.847774 0.294811 0.846470 0.443367 -0.845845 0.447036 -0.291041
-4.018322 -108.118568 553.203777 10494.736005 -0.413216 -0.297145 0.860789 0.419083 0.777163 0.469455 -0.808469 0.554728 -0.196608
-3.963349 -107.513658 41.063824 2126.895427 -0.415868 -0.282039 0.864585 0.472437 0.745346 0.470385 -0.777083 0.604080 -0.176720
-3.598819 -121.448593 263.771767 13035.616592 -0.423061 -0.283142 0.860727 0.256581 0.873607 0.413493 -0.869014 0.395779 -0.296940
-3.675476 -126.588451 -1210.972886 5162.302180 -0.447105 -0.279362 0.849738 0.074932 0.934941 0.346801 -0.891338 0.218729 -0.397083
15.884926 -29.840930 9066.953409 -114.868462 -0.450392 0.844713 0.289148 0.718650 0.535162 -0.444009 0.529802 -0.007818 0.848086
-0.439149 -32.198124 6572.882799 -1412.594438 -0.344047 0.911739 0.224418 0.736307 0.410289 -0.538067 0.582653 0.019880 0.812478
12.043843 -29.729704 7751.534889 -1032.240235 -0.454970 0.830537 0.321264 0.672792 0.556937 -0.487004 0.583398 0.005428 0.812168
-4.319926 -32.430301 3821.590523 -474.402951 -0.277193 0.936723 0.213807 0.784890 0.349110 -0.511927 0.554176 -0.025912 0.831996
7.246609 -30.836496 8484.213542 891.688066 -0.410454 0.875212 0.255991 0.764522 0.483299 -0.426530 0.497025 -0.020640 0.867491
5.790719 -289.970560 825.986309 -47941.341148 -0.443011 -0.120223 0.888418 0.469229 0.813303 0.344040 -0.763914 0.569285 -0.303890
5.574195 -328.626852 -172.308890 -20345.925075 -0.467424 -0.111220 0.877009 0.733889 0.504276 0.455096 -0.492871 0.856350 -0.154088
4.628449 -283.408339 966.239433 -22634.271192 -0.458820 -0.132392 0.878611 0.706441 0.545395 0.451093 -0.538911 0.827658 -0.156711
-50.707248 -72.434119 5416.915131 4056.687195 0.377023 0.657208 0.652634 0.015854 0.699951 -0.714015 -0.926068 0.279547 0.253478
-52.089645 -77.371788 4434.412839 2200.609674 0.405037 0.552290 0.728644 -0.076803 0.814677 -0.574807 -0.911069 0.176856 0.372392
-42.513729 -71.314057 6273.264907 -2776.032506 0.459906 0.685842 0.564010 0.077272 -0.663672 0.744022 -0.884599 0.298598 0.358223
-47.380552 -76.474414 4701.830045 1252.178226 0.477778 0.560295 0.676608 -0.173244 0.815171 -0.552705 -0.861229 0.146852 0.486539
-35.524519 -69.570328 5508.476770 -1485.571217 0.503727 0.703969 0.500686 0.167402 -0.648150 0.742885 -0.847488 0.290396 0.444336
-1.677183 -60.559876 -775.674569 -4407.597247 0.228336 0.973195 -0.027467 -0.823453 0.208101 0.527845 -0.519412 0.097908 -0.848897
-1.430807 -61.252417 -1914.058578 -4999.504261 0.212102 0.976642 -0.034400 -0.808064 0.195070 0.555860 -0.549587 0.090102 -0.830564
-1.577867 -56.403812 -289.254694 -2556.588437 0.238900 0.970557 -0.030752 -0.848331 0.224015 0.479741 -0.472505 0.088522 -0.876871
154.667178 -1954.018282 11396.490929 1077250.149096 -0.450844 0.058547 0.890681 0.407191 0.901459 0.146856 -0.794314 0.428886 -0.430257
182.864011 -194.369698 -64444.176476 -63223.923539 0.952782 0.298959 -0.053192 0.181984 -0.421956 0.888164 -0.243080 0.855907 0.456437
-129.904135 -672.057310 -51542.021596 252068.812360 0.479868 0.346013 0.806227 0.736313 0.340832 -0.584532 -0.477043 0.874133 -0.091220
191.589167 -1028.200640 66481.433385 -499534.914478 0.774731 0.106782 0.623209 -0.594327 -0.213408 0.775392 -0.215796 0.971110 0.101870
-67.183100 -749.479192 3189.811520 219491.896926 0.616946 0.066605 0.784182 0.721133 0.351212 -0.597174 -0.315189 0.933924 0.168648
-6.089838 -172.004060 -6811.450850 -63536.986861 0.888478 0.224820 -0.400079 0.353942 -0.890610 0.285551 0.292117 0.395310 0.870860
12.481500 -228.420201 -724.011407 -67196.564573 0.843598 0.290571 -0.451564 0.446707 -0.846421 0.289871 0.297985 0.446251 0.843839
16.773796 -795.288930 -9461.717208 296462.988653 0.929245 -0.023758 -0.368699 -0.059139 0.975498 -0.211910 0.364700 0.218721 0.905072
9.995717 -62.548811 -199.254250 513.471266 -0.586489 -0.655529 0.475723 0.776189 -0.622702 0.098854 0.231433 0.427228 0.874022
-7.705887 -333.683691 -7111.944966 138905.008970 0.913049 0.114938 -0.391318 -0.224836 0.942357 -0.247813 0.340279 0.314248 0.886261
-14.412506 -68.101466 -7008.956576 -24138.476796 0.794349 0.401082 -0.456227 0.527968 -0.827282 0.191972 0.300432 0.393366 0.868910
-99.792291 -389.660452 -24886.059007 89607.134072 0.824213 0.038631 -0.564961 -0.441845 -0.580130 -0.684268 0.354185 -0.813608 0.461081
-53.764764 -322.500224 -15062.544305 84050.020458 0.875761 0.017745 -0.482418 -0.431593 -0.418905 -0.798903 0.216264 -0.907857 0.359202
-97.909619 -278.375483 -24819.061402 54178.551476 0.833955 0.029055 -0.551067 -0.520847 -0.288472 -0.803432 0.182311 -0.957047 0.225440
-188.779505 -347.155571 -37131.617139 -77945.110030 0.648771 0.060948 -0.758539 0.669938 0.427043 0.607304 0.360943 -0.902175 0.236221
-33.754135 -111.156410 2065.690091 14316.168885 -0.010873 0.999933 -0.003890 0.193522 0.005921 0.981078 -0.981036 -0.009915 0.193574
-27.360182 -87.821337 1135.709950 6560.127041 0.000904 0.996625 0.082083 0.324042 -0.077946 0.942826 -0.946042 -0.025747 0.323019
-27.325488 -100.744770 1624.136086 12211.425466 0.058301 0.993976 0.092807 0.206331 -0.102956 0.973051 -0.976744 0.037581 0.211091
-15.318637 -30.309735 1426.023640 -549.810025 -0.237852 0.970395 0.041940 0.832354 0.225892 -0.506122 0.500613 0.085474 0.861441
-13.359227 -31.065130 1276.846986 -92.079462 -0.293728 0.954739 0.046870 0.831502 0.279386 -0.480154 0.471516 0.102063 0.875931
-13.247077 -30.036088 1157.562338 130.646977 -0.183662 0.982836 0.017353 0.869968 0.170738 -0.462607 0.457629 0.069867 0.886394
-14.697162 -29.273230 115.404465 -525.719989 -0.006011 0.999337 -0.035896 0.884176 -0.011456 -0.467014 0.467116 0.034546 0.883521
37.925114 -87.963302 -330.612005 -11128.353177 -0.158501 0.987151 0.020235 -0.961634 -0.149691 -0.229898 0.223915 0.055897 -0.973004
30.637794 -96.566443 920.811080 -15415.506780 -0.149101 0.988315 -0.031663 -0.983759 -0.151498 -0.096267 0.099939 -0.016796 -0.994852
37.771843 -84.178250 2935.082900 -14289.379106 -0.092827 0.994955 -0.038041 -0.973655 -0.098699 -0.205558 0.208276 -0.017958 -0.977905
25.995304 -109.189250 -1247.637343 -14590.093533 -0.196775 0.980439 -0.004323 -0.980316 -0.196819 -0.015573 0.016119 -0.001173 -0.999869
-33.999469 -56.124075 4091.112043 -1707.665043 0.085943 0.994566 0.058763 -0.620118 0.099563 -0.778165 0.779787 -0.030437 -0.625305
-43.493857 -64.604467 4651.705715 113.668168 0.113602 0.989798 -0.085991 -0.650673 0.008712 -0.759308 0.750813 -0.142211 -0.645024
-39.538182 -62.872340 3667.078884 -1790.643837 -0.018833 0.985063 -0.171162 -0.719440 -0.132231 -0.681852 0.694300 -0.110300 -0.711184
-35.052177 -61.248466 2580.931349 -1828.138176 -0.104371 0.978790 -0.176289 -0.764565 -0.192328 -0.615183 0.636040 -0.070577 -0.768422
-31.672092 -60.337170 3770.957261 -4698.522926 -0.038437 0.996413 -0.075388 -0.691998 -0.080968 -0.717344 0.720875 -0.024596 -0.692628
-6.851454 -96.004701 -2318.759955 -17710.649965 -0.246525 -0.354600 -0.901934 0.857362 -0.513694 -0.032381 -0.451836 -0.781266 0.430659
1.487268 -82.323853 -4131.181992 -16178.417238 -0.235682 -0.374780 -0.896657 0.847621 -0.530601 -0.001015 -0.475387 -0.760265 0.442724
-2.605334 -62.976703 -3726.120224 -5879.203874 -0.185475 -0.404427 -0.895566 0.818352 -0.568085 0.087056 -0.543965 -0.716742 0.436329
-2.223613 -127.444884 -3326.698162 -27275.692189 -0.269888 -0.350427 -0.896862 0.901212 -0.419932 -0.107119 -0.339084 -0.837173 0.429143
-9.147554 -73.226307 -1588.672945 -7229.133299 -0.200627 -0.368781 -0.907607 0.814134 -0.578075 0.054920 -0.544918 -0.727895 0.416214
-8.534280 -136.178094 -1798.145621 -25133.922315 -0.265564 -0.337057 -0.903254 0.924560 -0.354575 -0.139515 -0.273247 -0.872163 0.405792
-10.795826 -104.062549 -706.344260 -17299.458863 -0.248573 -0.318507 -0.914749 0.871249 -0.486182 -0.067468 -0.423246 -0.813745 0.398350
-11.134448 -29.737580 9729.698887 1315.439990 0.050522 0.998677 0.009602 -0.599956 0.022662 0.799712 -0.798436 0.046164 -0.600307
7.302161 -31.857382 5513.437274 425.130326 -0.022528 0.998439 0.051105 -0.639803 -0.053677 0.766662 -0.768209 0.015426 -0.640013
-9.483261 -30.636388 9277.900493 163.196551 0.015036 0.998397 0.054560 -0.671119 -0.030372 0.740727 -0.741197 0.047754 -0.669587
-26.682858 -31.408206 4942.338813 3551.015465 0.415231 0.835030 -0.360983 -0.587589 0.549112 0.594319 -0.694494 0.034670 -0.718663
-27.808830 -33.539687 4357.327758 5480.963315 0.434067 0.777094 -0.455754 -0.500735 0.628667 0.595015 -0.748899 0.030064 -0.662001
-7.956422 -42.010179 -587.374978 -1704.788788 0.031871 0.971752 -0.233842 -0.775466 0.171648 0.607609 -0.630584 -0.161972 -0.759032
-5.250153 -39.688248 -538.086925 -4372.064965 -0.023203 0.976630 -0.213669 -0.822880 0.102717 0.558854 -0.567741 -0.188792 -0.801266
-7.149706 -44.140244 -403.774645 -1532.336321 -0.041983 0.979208 -0.198469 -0.758398 0.098087 0.644369 -0.650438 -0.177571 -0.738511
-6.673537 -37.448633 -649.287401 -4165.683460 0.051445 0.969691 -0.238857 -0.836122 0.172613 0.520678 -0.546127 -0.172927 -0.819660
-9.017303 -45.453876 -146.151327 198.469450 0.011311 0.975980 -0.217566 -0.717187 0.159535 0.678374 -0.696789 -0.148363 -0.701765
-10.223624 -44.056165 -663.797929 98.380516 0.082961 0.964114 -0.252194 -0.727736 0.231499 0.645607 -0.680822 -0.129971 -0.720825
-10.422842 -40.730299 -1122.458091 -1713.739266 0.126614 0.951808 -0.279338 -0.775064 0.270673 0.570975 -0.619068 -0.144211 -0.771983
11.487972 -53.587148 -1431.633258 -62.973880 0.376391 0.918149 0.123822 -0.444365 0.296185 -0.845467 0.812939 -0.263204 -0.519475
11.856113 -53.784056 250.968797 396.100064 0.340889 0.931053 0.130131 -0.562613 0.312941 -0.765202 0.753168 -0.187635 -0.630501
11.461131 -53.185394 -3227.610793 1136.413900 0.389855 0.914593 0.107393 -0.563319 0.329111 -0.757864 0.728481 -0.234960 -0.643513
8.933433 -54.279558 -2191.969098 -39.323153 0.377107 0.919907 0.107523 -0.650937 0.345834 -0.675781 0.658841 -0.184851 -0.729218
8.468802 -52.512971 -3042.871240 1477.529931 0.406622 0.906242 0.115690 -0.512620 0.331138 -0.792192 0.756227 -0.262817 -0.599206
5.724772 -53.573700 -2215.646034 1679.468722 0.390837 0.914199 0.107178 -0.624201 0.348815 -0.699072 0.676476 -0.206323 -0.706974
-21.382010 -103.279527 2059.399667 -3424.881331 -0.020459 0.985345 0.169344 -0.512372 -0.155779 0.844516 -0.858520 0.069489 -0.508050
-14.887951 -97.995118 3693.295048 -423.014457 0.040288 0.984023 0.173422 -0.469092 -0.134619 0.872829 -0.882230 0.116516 -0.456174
-12.748195 -93.978500 2552.112376 -6142.777863 0.045272 0.989712 0.135725 -0.673593 -0.070089 0.735772 -0.737715 0.124734 -0.663489
-19.818713 -105.983385 2949.675829 2535.355615 -0.009178 0.976854 0.213709 -0.305049 -0.206266 0.929731 -0.952292 0.056658 -0.299881
-18.875225 -98.679924 1207.573889 -9548.288765 -0.018425 0.991254 0.130677 -0.702530 -0.105832 0.703741 -0.711416 0.078838 -0.698335
-26.072322 -110.982835 1106.488943 -9195.971680 -0.095990 0.978512 0.182485 -0.577511 -0.204069 0.790466 -0.810720 0.029510 -0.584690
-26.184373 -112.763864 2578.998434 667.948271 -0.069556 0.971733 0.225605 -0.325477 -0.235883 0.915655 -0.942988 0.009740 -0.332684
-15.543090 -78.447426 66.974988 199.709040 -0.364956 0.920187 0.141645 0.507292 0.324112 -0.798503 0.780680 0.219563 0.585090
-15.970719 -76.723440 9.764406 1350.978146 -0.377768 0.913368 0.151822 0.356064 0.294670 -0.886785 0.854699 0.280940 0.436535
-15.141555 -77.604615 -227.987039 -375.433672 -0.395833 0.906748 0.145343 0.452770 0.330397 -0.828153 0.798947 0.262003 0.541330
-13.605456 -80.408607 190.230915 359.787383 -0.397516 0.907751 0.134049 0.571294 0.359157 -0.737990 0.718056 0.216781 0.661364
-9.731076 -46.783288 791.018526 283.782469 0.005459 0.944846 0.327468 0.675393 -0.244978 0.695579 -0.737438 -0.217373 0.639480
-7.082111 -48.644273 81.053458 -1778.000515 -0.028776 0.956569 0.290082 0.739873 -0.174752 0.649654 -0.672131 -0.233318 0.702711
-6.843784 -49.043785 440.941733 -237.469571 0.019317 0.949581 0.312926 0.691972 -0.238610 0.681352 -0.721666 -0.203374 0.661693
-6.060116 -47.002968 2585.150278 -358.561836 0.959082 -0.244769 0.142303 0.282574 0.858971 -0.426989 0.017720 -0.449729 -0.892989
-13.568273 -55.428744 4963.272667 160.402790 0.979219 -0.174732 0.102956 0.202081 0.883580 -0.422433 0.017157 -0.434460 -0.900528
-8.814201 -45.914652 1510.684973 2793.368576 0.992227 -0.102547 0.070503 0.120215 0.936294 -0.330004 0.032170 -0.335914 -0.941343
-5.163436 -40.110354 -1030.271711 -800.416288 0.954008 -0.268542 0.133245 0.299595 0.869750 -0.392146 0.010582 -0.414030 -0.910202
-11.549943 -47.076479 -705.244360 -1208.995925 0.170664 0.887474 0.428093 0.164198 -0.454008 0.875737 -0.971552 0.079165 0.223204
-7.922962 -44.337327 456.002521 -3148.437641 0.152941 0.878487 0.452624 0.106892 -0.470031 0.876153 -0.982437 0.085618 0.165790
-8.780250 -48.855018 672.140492 417.101772 0.160544 0.890503 0.425710 0.230228 -0.453193 0.861168 -0.959802 0.040245 0.277776
-8.253406 -46.862378 132.016288 -1766.874726 0.115577 0.897034 0.426582 0.030045 -0.432420 0.901171 -0.992844 0.091338 0.076929
-6.529835 -47.729345 -517.426531 659.104350 0.094651 0.907980 0.408183 0.041130 -0.413240 0.909693 -0.994660 0.069315 0.076459
-6.657706 -46.735423 -995.209000 -1762.370140 0.090561 0.893954 0.438913 0.101989 -0.446732 0.888836 -0.990655 0.035729 0.131630
-7.049049 -45.783623 -429.070830 -3172.264204 0.114760 0.887881 0.445530 0.075877 -0.455018 0.887244 -0.990491 0.068015 0.119587
-8.386217 -46.669796 499.379204 -621.081525 0.133313 0.903888 0.406465 0.004551 -0.410680 0.911768 -0.991064 0.119700 0.058862
6.156271 -125.449232 -120.083730 5483.404259 0.042598 0.442957 0.895530 -0.033573 0.896472 -0.441826 -0.998528 -0.011245 0.053059
6.293475 -121.562875 -514.830277 7555.716920 0.043999 0.435971 0.898884 0.180108 0.881552 -0.436380 -0.982662 0.181096 -0.039735
5.077296 -126.656653 -33.062801 4405.678407 0.054566 0.428098 0.902084 0.116589 0.894518 -0.431560 -0.991680 0.128722 -0.001101
4.202150 -125.162669 769.434778 1064.111566 0.055901 0.440969 0.895780 -0.138116 0.891972 -0.430475 -0.988837 -0.099657 0.110767
-7.882916 -83.506431 -376.292880 -1836.120428 -0.370367 0.922455 0.109107 -0.907473 -0.384400 0.169499 -0.198296 0.036235 -0.979472
-7.157469 -84.148584 15.236621 -2363.372552 -0.354547 0.930219 0.094807 -0.912859 -0.366306 0.180302 -0.202449 0.022619 -0.979032
-6.453891 -87.710128 56.823112 -4459.299440 -0.375630 0.920801 0.105012 -0.864622 -0.388978 0.318001 -0.333663 -0.028655 -0.942257
-7.071348 -85.734332 349.251866 -5740.108025 -0.390346 0.909082 0.145603 -0.878655 -0.415075 0.235963 -0.274946 0.035828 -0.960792
-9.329787 -81.359766 -216.681677 -1235.030654 -0.392016 0.908033 0.147648 -0.903995 -0.409989 0.121255 -0.170637 0.085939 -0.981579
5.111498 -138.890230 -198.176714 -3625.451378 0.123796 0.339030 0.932595 0.989740 -0.109750 -0.091483 0.071337 0.934352 -0.349138
4.033361 -130.743914 -530.913112 -2574.728966 0.123207 0.367523 0.921817 0.988513 0.036480 -0.146666 -0.087531 0.929299 -0.358807
5.533382 -130.282516 -524.129253 -899.783275 0.154464 0.364244 0.918405 0.968334 -0.240347 -0.067538 0.196136 0.899755 -0.389835
5.992132 -133.175085 -1425.411588 3481.497712 0.166601 0.351364 0.921297 0.917075 -0.398474 -0.013867 0.362241 0.847208 -0.388613
-3.738756 -117.155483 1206.895265 8788.827453 -0.142745 0.116108 0.982926 -0.385372 0.908206 -0.163248 -0.911653 -0.402095 -0.084897
-4.479794 -127.183150 -95.152281 7495.644539 -0.169737 0.125541 0.977460 -0.502940 0.841928 -0.195469 -0.847491 -0.524782 -0.079767
-0.819456 -132.765845 1115.462606 7728.300271 -0.149962 0.124805 0.980783 -0.584504 0.788890 -0.189757 -0.797412 -0.601728 -0.045354
-0.390630 -127.402744 2002.432139 10250.722255 -0.129294 0.110909 0.985384 -0.431603 0.888363 -0.156620 -0.892749 -0.445545 -0.066992
-4.256025 -39.487700 -3096.927407 746.096716 -0.279314 0.939526 0.198179 -0.940331 -0.309414 0.141564 -0.194322 0.146813 -0.969889
-10.954921 -39.354204 -1687.244650 -712.845779 -0.323376 0.920076 0.221107 0.932226 0.349866 -0.092462 -0.162430 0.176222 -0.970857
-6.010914 -41.651742 -3127.099155 -645.708573 -0.236037 0.953235 0.188757 0.966528 0.250397 -0.055899 -0.100549 0.169244 -0.980432
57.719777 -193.986883 -44747.461423 85486.977029 0.571841 0.099360 -0.814325 0.727706 0.396834 0.559434 0.378737 -0.912497 0.154621
140.798786 -537.180215 -35610.801696 243088.311813 0.482753 0.016806 -0.875595 0.860283 0.178017 0.477728 0.163899 -0.983884 0.071480
2.173781 -186.283017 32032.886012 66006.913248 -0.291532 -0.197515 -0.935947 0.893533 0.293062 -0.340166 0.341479 -0.935469 0.091049
-27.690151 -66.369519 11212.908457 -9718.963307 0.953288 0.298938 -0.043345 0.011916 -0.180603 -0.983484 0.301829 -0.937027 0.175729
23.497494 -78.830299 -7093.433033 -39389.789860 0.872339 0.230329 -0.431246 -0.333177 -0.365460 -0.869156 0.357795 -0.901880 0.242065
-705.903370 -6054.903884 217698.265804 -3109458.052274 -0.404065 0.475776 0.781261 0.186529 0.878999 -0.438824 -0.895510 -0.031585 -0.443919
-646.399051 -13351.977908 196093.593466 -8854188.447330 -0.182467 0.666880 0.722480 0.970983 0.006690 0.239053 0.154587 0.745135 -0.648750
-430.186080 -2593.809002 131078.971218 2414600.853134 -0.656604 0.193051 0.729110 -0.293397 0.825174 -0.482707 -0.694830 -0.530866 -0.485173
-9087.215545 -17911.696213 -6318501.247527 -13135772.610796 0.959003 -0.077987 0.272453 0.193680 0.882193 -0.429212 0.206884 -0.464385 -0.861131
-989.997024 -4372.304772 -303590.989196 -1760035.757089 0.292159 -0.316149 -0.902603 0.955941 0.124799 0.265711 0.028640 -0.940465 0.338681
2559.520275 -202.296885 12789070.596485 -90276.803786 0.571238 0.769960 -0.284338 -0.339417 -0.093819 -0.935946 0.747317 -0.631157 -0.207744
-15.085214 -32.510884 -777.182635 3195.321219 0.089974 0.963414 -0.252463 -0.483195 0.263885 0.834798 -0.870877 -0.046879 -0.489260
-13.595495 -34.343533 -663.664946 3113.740951 0.040231 0.968240 -0.246763 -0.506567 0.232637 0.830223 -0.861261 -0.091601 -0.499838
-14.676618 -26.195857 -1030.460813 4182.957626 0.080185 0.946508 -0.312559 -0.421217 0.316371 0.849991 -0.903408 -0.063499 -0.424054
-15.207594 -23.581025 -556.538215 3292.479402 0.114313 0.935580 -0.334101 -0.377798 0.351978 0.856376 -0.918804 -0.028328 -0.393696
-10.913220 -26.005228 1256.656128 3783.847833 0.095489 0.974938 -0.200940 -0.405287 0.222451 0.886712 -0.909189 0.003233 -0.416372
-8.073564 -31.574878 2479.793751 3087.436586 0.102739 0.980841 -0.165516 -0.476126 0.194588 0.857578 -0.873355 0.009300 -0.486996
-9.134820 -37.381796 2514.983527 2358.481872 0.118864 0.972833 -0.198661 -0.543792 0.231188 0.806748 -0.830760 -0.012137 -0.556499
-10.704436 -45.936441 193.536916 2.759208 0.054915 0.942304 -0.330225 -0.534204 -0.251683 -0.807020 0.843570 -0.220725 -0.489561
-9.761679 -45.135358 1522.156665 811.525437 0.021777 0.939964 -0.340579 -0.631770 -0.251084 -0.733364 0.774850 -0.231138 -0.588373
-11.003692 -45.121692 904.207858 354.176621 0.016042 0.941015 -0.337986 -0.573664 -0.268197 -0.773938 0.818934 -0.206306 -0.535524
-11.723478 -44.925935 229.863029 -27.011419 0.035945 0.945393 -0.323945 -0.500372 -0.263570 -0.824717 0.865064 -0.191738 -0.463574
-5.951073 -28.404268 -1481.830234 -590.286136 -0.128882 0.987896 0.086318 -0.395690 0.028583 -0.917939 0.909296 0.152461 -0.387216
-4.103128 -30.959901 -2126.716319 -1617.860021 -0.111977 0.987350 0.112255 -0.454628 0.049548 -0.889302 0.883614 0.150616 -0.443329
-9.063623 -30.961874 -2010.127606 -1048.402637 -0.158378 0.985784 0.056092 -0.422027 -0.016226 -0.906438 0.892642 0.167232 -0.418597
-9.129278 -28.353960 -1897.712539 -151.415299 -0.168660 0.985659 0.005455 -0.352053 -0.055070 -0.934359 0.920659 0.159509 -0.356292
-7.785460 -50.534952 -1406.633669 3565.059720 0.215073 0.969055 0.121147 -0.937299 0.169988 0.304262 -0.274253 0.178989 -0.944854
-5.892306 -47.012268 -669.620955 3011.440039 0.245378 0.963078 0.110774 0.965555 -0.232594 -0.116634 -0.086562 0.135578 -0.986978
-4.460980 -50.320505 -1720.037311 3662.605456 0.225983 0.968815 0.101638 -0.945992 0.193360 0.260212 -0.232444 0.154952 -0.960187
-5.379799 -53.201849 -1916.898823 4024.927907 0.169989 0.978775 0.114472 -0.927449 0.119639 0.354295 -0.333080 0.166393 -0.928101
-0.768498 -37.083372 -3280.739423 -3154.141823 -0.854117 0.300584 0.424421 0.162187 0.929314 -0.331770 -0.494145 -0.214535 -0.842494
-8.454313 -39.090772 -2692.109130 512.493639 -0.864698 0.176856 0.470127 0.089930 0.975350 -0.201508 -0.494176 -0.131966 -0.859288
-3.522583 -36.263450 -2294.459889 526.075683 -0.857901 0.268810 0.437889 0.188768 0.957525 -0.217973 -0.477883 -0.104340 -0.872205
-6.869765 -38.974873 -3657.277216 -4494.430791 -0.865930 0.198859 0.458935 0.051860 0.948316 -0.313060 -0.497470 -0.247287 -0.831488
2.890321 -34.628599 -2857.939853 -2517.979102 -0.833961 0.384419 0.395893 0.253968 0.904310 -0.343109 -0.489907 -0.185595 -0.851789
9.100192 -30.317424 -4133.918802 -3171.573113 -0.806398 0.473743 0.353964 0.301920 0.844469 -0.442400 -0.508495 -0.249881 -0.824010
4.675837 -30.320066 -4642.937643 -4375.443869 -0.834372 0.405605 0.373240 0.218607 0.865111 -0.451435 -0.505999 -0.295071 -0.810493
-65.512511 -1242.717764 36376.565508 54850.190017 0.993192 0.082272 0.082471 0.105345 -0.936526 -0.334396 -0.049725 -0.340807 0.938817
-389.479473 -3623.159593 136150.830208 1595022.537331 0.973293 0.107951 0.202603 0.224509 -0.631854 -0.741860 -0.047931 -0.767533 0.639215
-40.641933 -980.757715 38861.155245 357529.734576 0.999978 -0.004731 0.004546 0.002415 -0.378850 -0.925455 -0.006101 -0.925446 0.378830
-261.044943 -1488.906678 42160.133434 161898.303265 0.979678 -0.059098 -0.191675 -0.186297 0.086051 -0.978718 -0.074334 -0.994536 -0.073293
35.839091 -3125.408527 47320.344913 1453368.969685 0.992329 0.002055 0.123612 0.088976 -0.706061 -0.702539 -0.085834 -0.708148 0.700827
-118.908101 -471.241758 32832.808481 134754.598232 0.985582 -0.081045 -0.148524 -0.138567 0.117097 -0.983406 -0.097092 -0.989808 -0.104179
-46.214198 -634.300708 17686.743121 214694.397863 0.992183 -0.016620 0.123678 0.119357 -0.162860 -0.979403 -0.036419 -0.986509 0.159603
7.859918 -111.357730 1104.111468 -12214.789739 0.800235 0.457817 0.387333 -0.531775 0.243181 0.811221 -0.277199 0.855141 -0.438057
9.169870 -85.627642 -1217.005637 -3720.077660 0.755114 0.468581 0.458513 -0.588408 0.175994 0.789178 -0.289098 0.865713 -0.408612
4.783341 -131.851633 2686.004858 -28830.845954 0.861879 0.434514 0.261462 -0.363835 0.170680 0.915693 -0.353255 0.884345 -0.305197
12.454121 -87.106950 114.975350 2438.266084 0.711032 0.452097 0.538555 -0.682728 0.260583 0.682627 -0.168275 0.853056 -0.493942
13.325698 -187.519341 3534.068971 -38433.736791 0.853488 0.452889 0.257778 -0.348034 0.127219 0.928810 -0.387853 0.882444 -0.266200
14.411516 -99.930290 -1614.942251 -5665.659580 0.720000 0.502013 0.479147 -0.672190 0.332857 0.661338 -0.172513 0.798241 -0.577105
15.042505 -142.507924 2063.352266 -20969.543690 0.794680 0.485478 0.364409 -0.533198 0.271319 0.801303 -0.290144 0.831082 -0.474468
19.792708 -81.439372 878.803066 6881.986367 0.962429 0.017907 0.270943 0.271514 -0.075468 -0.959471 -0.003266 -0.996987 0.077494
17.832205 -82.609057 921.977318 10333.236274 0.981353 0.047822 0.186172 0.189511 -0.078787 -0.978713 0.032136 -0.995744 0.086380
15.917972 -119.021152 2874.668376 -28765.503202 0.926112 0.038348 0.375295 0.376228 -0.020742 -0.926295 0.027737 -0.999049 0.033637
24.626320 -101.761343 -115.075585 23170.694937 0.984194 0.031127 0.174337 0.177085 -0.183197 -0.966995 -0.001838 -0.982583 0.185814
17.446508 -142.815070 811.162401 -40685.104831 0.915794 0.012033 0.401468 0.401499 -0.000207 -0.915859 0.010938 -0.999928 0.005021
19.178999 -142.495055 1809.957514 -18299.590162 0.918109 -0.010511 0.396188 0.395558 -0.037993 -0.917655 -0.024698 -0.999223 0.030724
23.797715 -114.624423 -1120.115295 17868.091455 0.964241 -0.017835 0.264427 0.255328 -0.204944 -0.944884 -0.071045 -0.978611 0.193062
0.406805 -77.021022 53.480739 1343.656759 0.073920 0.991972 0.102600 -0.847147 0.008176 0.531296 -0.526192 0.126190 -0.840950
1.093840 -77.003949 -943.224756 -644.317593 0.057210 0.993357 0.099846 -0.776218 -0.018638 0.630189 -0.627864 0.113556 -0.769995
0.536726 -77.850973 -825.450229 41.056837 0.061524 0.992895 0.101859 -0.821516 -0.007585 0.570135 -0.566857 0.118756 -0.815212
-54.961841 -81.697875 -265.047324 1636.618803 0.009250 0.974538 -0.224030 0.886698 0.095574 0.452363 -0.462256 0.202831 0.863237
-48.643006 -77.518713 -936.691476 4078.231407 0.246224 0.950897 -0.187533 0.892208 -0.146796 0.427101 -0.378600 0.272481 0.884543
-42.658241 -70.399340 240.709198 8001.867553 -0.395433 -0.896461 0.199975 0.887056 -0.316261 0.336319 -0.238253 0.310380 0.920272
73.419887 -84.562364 -4322.875449 -1710.108587 -0.196023 0.968637 -0.152701 0.379515 -0.068647 -0.922635 0.904181 0.238811 0.354156
66.485383 -97.220449 -5194.889345 -6927.189182 -0.066882 0.994743 -0.077546 0.349553 -0.049434 -0.935612 0.934526 0.089682 0.344409
-44.029663 -59.553406 1709.422981 -5525.919306 0.040478 0.999173 -0.003951 0.445982 -0.021606 -0.894781 0.894126 -0.034457 0.446488
-38.615831 -51.069118 1414.969706 -4333.319863 0.036250 0.993261 0.110081 0.549267 0.072221 -0.832520 0.834860 -0.090643 0.542948
-40.856331 -61.522377 -1125.622562 -6569.614236 0.182320 0.980204 -0.077199 0.422177 -0.148951 -0.894193 0.887990 -0.130437 0.440976
-42.124593 -72.752174 -1726.994576 -6996.490244 0.145872 0.988531 -0.039088 0.315002 -0.083865 -0.945379 0.937814 -0.125591 0.323623
-46.510229 -71.556878 1390.452524 -7930.065710 0.021397 0.998215 -0.055761 0.336395 -0.059710 -0.939826 0.941478 -0.001352 0.337072
-28.300111 -46.901092 2002.449757 -2859.963461 0.716481 0.517490 0.467824 -0.427718 0.855645 -0.291426 -0.551101 0.008705 0.834393
-28.168252 -45.809063 2439.014235 692.425736 0.844192 0.043206 0.534297 -0.099315 0.992096 0.076692 -0.526761 -0.117806 0.841810
-25.366178 -40.572895 2248.054607 757.420542 0.856471 0.140649 0.496664 -0.149733 0.988488 -0.021719 -0.494001 -0.055765 0.867671
-23.451669 -35.563363 2221.584487 -1943.063713 0.789353 0.449444 0.418235 -0.389759 0.893199 -0.224240 -0.474351 0.013994 0.880225
-20.179807 -42.874047 3308.696299 4844.495775 0.608009 0.732962 0.305110 0.598776 -0.675696 0.430002 -0.521336 0.078752 0.849710
21.969294 -0.253752 5795.504582 -1035.584941 0.072256 -0.210778 -0.974860 -0.253855 0.941339 -0.222346 0.964540 0.263539 0.014511
15.463737 -3.859725 5715.240825 -1093.679753 0.044437 -0.180060 -0.982651 -0.254005 0.949262 -0.185428 0.966182 0.257838 -0.003554
1.107047 -5.191652 5717.334327 -1547.313523 0.004169 -0.137895 -0.990438 -0.253178 0.958031 -0.134449 0.967411 0.251318 -0.030918
-3.673934 -7.660623 -1981.120631 5222.033258 -0.237895 0.950625 0.199294 -0.073753 0.186912 -0.979604 0.968487 0.247742 -0.025646
2.351251 -51.127428 1092.731025 398.731821 -0.366782 -0.895251 -0.252974 0.869072 -0.232703 -0.436535 0.331941 -0.379966 0.863389
3.417837 -47.870923 2244.432092 -166.389628 -0.371288 -0.889044 -0.267853 0.833404 -0.191903 -0.518278 0.409370 -0.415660 0.812184
2.227379 -46.002634 -295.418326 250.612297 0.387023 0.887259 0.250970 0.792807 -0.181225 -0.581905 0.470819 -0.424181 0.773563
-11.951713 -89.417729 -1833.423024 -7435.950261 -0.065981 0.976576 -0.204805 0.996817 0.073714 0.030354 0.044740 -0.202150 -0.978332
-16.267519 -81.627800 1119.659537 -6689.742384 -0.000786 0.989091 -0.147301 0.998785 0.008035 0.048625 0.049278 -0.147084 -0.987896
-11.332684 -101.405439 -1185.208615 6071.805317 0.037908 0.984460 -0.171470 -0.968081 -0.006364 -0.250556 0.247753 -0.175495 -0.952796
-18.061343 -73.469213 -157.835588 -8726.085985 -0.092524 0.980427 -0.173786 0.991131 0.073965 -0.110405 -0.095390 -0.182459 -0.978575
-4.091815 -106.949053 -4415.575559 4432.758981 -0.031655 0.972909 -0.229009 -0.967373 -0.087447 -0.237788 0.251372 -0.214010 -0.943934
-15.578687 -70.732159 -2428.628547 -10044.875462 -0.161773 0.963446 -0.213546 0.974052 0.121188 -0.191143 -0.158277 -0.238926 -0.958051
-10.665812 -85.539598 -4251.240332 -11317.167468 -0.141962 0.956680 -0.254187 0.985659 0.112951 -0.125371 -0.091229 -0.268340 -0.958995
-3.569382 -102.910141 -5675.103783 -8747.321793 -0.105311 0.956848 -0.270836 0.989880 0.126916 0.063486 0.095120 -0.261410 -0.960530
8.917226 -99.077017 3551.030921 -635.140047 -0.448049 0.875478 -0.181082 0.434269 0.390179 0.811893 -0.781449 -0.285130 0.555012
8.134953 -93.477731 -4309.238418 -1192.438036 -0.532986 0.831424 -0.157037 0.432456 0.427200 0.794029 -0.727261 -0.355295 0.587246
9.931461 -97.411614 -6188.244187 924.497640 -0.573914 0.796070 -0.192082 0.284133 0.413557 0.865008 -0.768044 -0.441863 0.463536
-3.630958 -120.252093 -354.632576 -3497.461808 -0.286770 0.945420 0.154736 0.764621 0.323189 -0.557587 0.577163 0.041584 0.815570
