18035
36060
-59.003855 -85.551558 94.026377 -14040.712929 0.699847 -0.353420 0.620732 -0.082086 0.823466 0.561396 -0.709561 -0.443845 0.547289
-66.939998 -105.846474 940.744404 -12374.322014 0.718532 -0.278785 0.637174 -0.018289 0.908256 0.418016 -0.695254 -0.312010 0.647512
-69.508759 -115.956172 -3452.351778 -26442.428898 0.555284 0.110459 0.824293 -0.359278 0.925744 0.117972 -0.750053 -0.361658 0.553736
-56.535915 -89.403631 1547.869311 -10409.314835 0.756082 -0.492187 0.431383 0.131339 0.759824 0.636724 -0.641163 -0.424759 0.639133
-52.398117 -89.571599 -9964.445464 -26536.419332 0.519300 -0.011607 0.854513 -0.410304 0.873737 0.261215 -0.749652 -0.486260 0.448969
-47.253992 -66.539421 1719.058350 -12540.053775 0.702631 -0.543519 0.459235 0.007467 0.650994 0.759046 -0.711516 -0.529900 0.461467
-47.428825 -72.591634 -2687.239459 -6273.809107 -0.718393 0.658464 -0.224358 0.255108 0.549426 0.795645 -0.647172 -0.514350 0.562683
79.984149 -154.629649 32673.123872 -33264.851723 0.375540 -0.055060 0.925169 0.082126 0.996284 0.025956 -0.923160 0.066233 0.378666
151.706543 -199.241850 68669.633936 -21022.457934 0.284302 -0.051649 0.957342 0.302054 0.952521 -0.038312 -0.909910 0.300061 0.286405
80.123127 -163.421294 46162.509591 -16463.526059 0.363543 -0.135714 0.921639 0.315810 0.948702 0.015126 -0.876413 0.285564 0.387754
41.967406 -142.848919 2832.390922 -13712.642369 0.353969 -0.136901 0.925183 0.255639 0.965720 0.045094 -0.899641 0.220551 0.376832
48.728523 -128.563034 -1777.874919 -13890.406959 0.401430 -0.074301 0.912871 0.068327 0.996356 0.051050 -0.913338 0.041881 0.405044
-88.579641 -115.145548 688.537352 9962.561739 -0.379532 -0.179567 -0.907586 0.499919 0.785637 -0.364494 0.778484 -0.592056 -0.208406
-83.546568 -105.616835 97.211205 11051.054669 -0.382595 -0.335100 -0.861005 0.332330 0.819621 -0.466667 0.862078 -0.464682 -0.202219
-84.879405 -110.313649 -4992.698138 6395.535615 -0.377623 -0.439332 -0.815100 0.410182 0.709828 -0.572622 0.830151 -0.550575 -0.087841
-81.055000 -100.186868 3152.338079 8917.681310 -0.404609 -0.128270 -0.905449 0.353306 0.891312 -0.284145 0.843485 -0.434868 -0.315314
-90.565451 -112.891250 -2973.702743 4530.367501 -0.325253 -0.313547 -0.892132 0.569074 0.688569 -0.449476 0.755226 -0.653882 -0.045527
-82.316067 -113.763173 3267.563412 15604.420637 -0.397780 0.048243 -0.916212 0.514511 0.838544 -0.179226 0.759638 -0.542694 -0.358377
67.152224 -52.027420 -2693.868313 -7391.010390 -0.567377 -0.720568 -0.398580 0.799277 -0.598342 -0.056062 -0.198091 -0.350384 0.915419
64.862506 -65.842040 526.164605 -8402.371761 -0.558001 -0.730583 -0.393553 0.821367 -0.553841 -0.136442 -0.118283 -0.399386 0.909120
66.732132 -74.351581 10194.462360 -13415.945792 -0.498928 -0.687612 -0.527504 0.837248 -0.539616 -0.088492 -0.223801 -0.485803 0.844931
67.591294 -43.726854 -1652.542624 -6146.847572 -0.622897 -0.638173 -0.452476 0.727036 -0.685775 -0.033649 -0.288822 -0.349926 0.891142
55.509512 -38.293126 -7598.702793 -5861.217387 -0.591514 -0.733844 -0.334042 0.776894 -0.629588 0.007409 -0.215746 -0.255133 0.942529
80.666858 -61.784399 868.576017 -10141.572664 -0.547766 -0.628143 -0.552620 0.772908 -0.632786 -0.046854 -0.320259 -0.452790 0.832115
46.998921 -72.833113 17698.716186 -1673.138025 -0.482286 0.267044 -0.834319 0.776627 -0.310278 -0.548249 -0.405278 -0.912368 -0.057751
47.191658 -72.534190 14003.743188 -2934.736283 -0.498125 0.247592 -0.831005 0.808345 -0.214197 -0.548360 -0.313768 -0.944891 -0.093443
35.892961 -73.243549 13689.846616 -1120.152976 -0.459925 0.293707 -0.837977 0.795750 -0.282430 -0.535739 -0.394020 -0.913219 -0.103821
-32.432943 -61.900800 -9647.789802 175.804810 0.998526 -0.011728 0.052987 -0.009206 0.925613 0.378359 0.053483 0.378290 -0.924141
-35.372589 -71.099050 -7703.631248 -2443.416424 0.968305 0.193868 0.157479 -0.227899 0.943786 0.239438 0.102208 0.267739 -0.958055
-21.601557 -59.006761 -9699.403096 4539.596620 0.999588 -0.008030 0.027557 -0.001765 0.941055 0.338248 0.028649 0.338157 -0.940653
-9.335068 -50.289056 -18827.102584 1206.737835 0.978329 -0.177737 -0.106218 0.205685 0.893180 0.399904 -0.023794 0.413085 -0.910382
-14.932132 -58.590246 -20229.049489 -5979.980274 0.972261 -0.207056 -0.108795 0.233889 0.865044 0.443842 -0.002212 0.456976 -0.889476
0.240321 -70.942328 2576.882568 -9756.106496 -0.629826 0.746229 -0.215551 0.672235 0.384656 -0.632566 -0.389126 -0.543307 -0.743907
0.737502 -70.803936 4126.164379 -312.887171 -0.653043 0.734734 -0.183580 0.699511 0.492312 -0.517989 -0.290206 -0.466686 -0.835455
0.501009 -70.736628 1960.178135 -9569.166922 -0.643272 0.735977 -0.211044 0.665849 0.401689 -0.628721 -0.377950 -0.544962 -0.748445
-1.089000 -74.695161 1386.570845 -1713.028737 -0.627457 0.744325 -0.228643 0.658562 0.350622 -0.665853 -0.415444 -0.568370 -0.710184
-1.639272 -66.590466 -350.689645 -8967.511381 -0.650094 0.727952 -0.217861 0.654841 0.391293 -0.646586 -0.385436 -0.563006 -0.731070
-0.306902 -84.281089 -3053.514757 -5188.733258 0.720844 -0.515847 0.462910 -0.439780 0.175802 0.880731 0.535703 0.838448 0.100134
4.426807 -84.736959 -377.315856 -4280.587444 0.730099 -0.527025 0.434971 -0.389089 0.202657 0.898632 0.561752 0.825333 0.057100
4.725081 -85.620231 -1853.766504 -612.401959 0.729731 -0.529381 0.432722 -0.359542 0.241211 0.901414 0.581568 0.813372 0.014316
4.562136 -88.074232 3978.683799 979.825923 0.702442 -0.552324 0.448903 -0.370731 0.254458 0.893202 0.607563 0.793845 0.026021
0.303301 -85.324176 761.915274 -1761.522760 0.703060 -0.521511 0.483459 -0.473173 0.164441 0.865486 0.530861 0.837249 0.131153
-2.185576 -126.655983 1609.670705 19428.492840 0.363204 -0.414046 0.834655 -0.436435 0.715865 0.545034 -0.823169 -0.562231 0.079300
2.388142 -139.451522 621.854217 18994.933141 0.342599 -0.396082 0.851906 -0.555267 0.646085 0.523692 -0.757829 -0.652452 0.001417
2.784264 -147.301584 -597.430884 10807.198920 0.381678 -0.456912 0.803463 -0.581053 0.557416 0.593014 -0.718818 -0.693195 -0.052737
9.256772 -153.796909 -3531.037215 210.536606 -0.351495 0.374253 -0.858129 0.727077 -0.468298 -0.502052 -0.589755 -0.800395 -0.107506
-10.002091 -159.439722 2010.061011 -1084.479526 0.320148 -0.363295 0.874941 0.131601 0.931650 0.338688 -0.938182 0.006713 0.346076
3.697041 -158.375449 16671.351572 1794.781583 0.385611 -0.347169 0.854856 0.319188 0.919498 0.229440 -0.865692 0.184385 0.465381
-8.650266 -156.883781 11901.331381 -2837.726221 0.360588 -0.353443 0.863165 0.305012 0.919226 0.248980 -0.881444 0.173496 0.439266
2.454869 -149.399351 10101.372904 13937.128407 0.363711 -0.351585 0.862614 0.517479 0.846260 0.126730 -0.774551 0.400291 0.489732
-11.842686 -168.815759 29.705935 -8160.808857 0.313659 -0.357959 0.879479 0.162795 0.932778 0.321593 -0.935476 0.042304 0.350849
-7.148597 -162.215210 2126.138486 4423.940811 0.331825 -0.349602 0.876168 0.399649 0.893422 0.205130 -0.854501 0.282093 0.436178
-11.133090 -135.244178 4005.484880 -19632.057765 0.331633 -0.341421 0.879461 -0.304337 0.843661 0.442284 -0.892972 -0.414328 0.175878
-7.297322 -133.022668 -2825.025293 -22310.734484 0.273571 -0.345462 0.897672 -0.334632 0.840789 0.425553 -0.901765 -0.416808 0.114413
-8.514239 -121.015597 -944.019143 -17478.693747 0.300976 -0.334205 0.893152 -0.438175 0.783394 0.440792 -0.847004 -0.524024 0.089343
-6.997100 -192.383116 -2078.502578 -36500.149970 -0.847101 -0.502037 -0.174292 -0.454754 0.854490 -0.251089 0.274987 -0.133438 -0.952143
-9.821915 -211.188980 941.279857 -46734.660354 -0.867818 -0.468447 -0.165677 -0.448592 0.882029 -0.144183 0.213674 -0.050804 -0.975583
-4.805840 -165.978793 1245.390480 -26377.182524 -0.854351 -0.492140 -0.166977 -0.415907 0.840131 -0.348140 0.311617 -0.227987 -0.922451
-3.463364 -158.139763 106.197831 -20285.077459 -0.851367 -0.497513 -0.166298 -0.386058 0.808878 -0.443480 0.355152 -0.313364 -0.880721
-4.948413 -170.178695 -2295.480927 -19964.744000 -0.836254 -0.522981 -0.164833 -0.433551 0.814657 -0.385187 0.335727 -0.250651 -0.907999
20.798249 -64.779222 -2594.234097 -180.417286 0.482705 -0.372622 0.792558 0.331598 0.915357 0.228397 -0.810579 0.152562 0.565408
13.360251 -62.858924 -3575.389718 1748.656770 0.459548 -0.382277 0.801673 0.366181 0.903892 0.221112 -0.809152 0.191946 0.555364
18.908913 -61.770029 -4881.016768 6192.708560 0.473726 -0.372877 0.797838 0.427251 0.889496 0.162028 -0.770091 0.264120 0.580690
22.477888 -62.920233 -288.378744 1105.406245 0.504584 -0.386743 0.771897 0.378539 0.902643 0.204803 -0.775953 0.188852 0.601857
-6.796029 -151.150978 3629.828985 -13349.607616 0.839670 0.527834 0.127852 -0.276067 0.617555 -0.736487 0.467698 -0.583110 -0.664260
-5.499638 -152.648478 3138.031497 -9318.489849 0.839039 0.523853 0.146944 -0.252935 0.614689 -0.747116 0.481703 -0.589692 -0.648248
-4.365924 -142.161772 2193.137715 -6985.126833 0.845074 0.516198 0.139251 -0.189104 0.532201 -0.825229 0.500090 -0.671046 -0.547364
-2.663445 -153.215956 -2779.296165 -12020.972432 0.856087 0.507041 0.100118 -0.250001 0.575804 -0.778428 0.452343 -0.641372 -0.619699
-6.043653 -157.309415 -965.765296 -15600.145121 0.847503 0.520838 0.102308 -0.316904 0.651129 -0.689639 0.425806 -0.552049 -0.716890
2.748279 -131.857180 2540.260897 -4705.006481 0.659234 -0.556077 0.506151 0.677010 0.731859 -0.077719 -0.327214 0.393904 0.858936
-0.954528 -125.761733 562.829757 -591.494891 0.644797 -0.555476 0.525056 0.726058 0.659819 -0.193592 -0.238906 0.506049 0.828757
-1.239189 -125.535590 582.378109 4393.443168 0.671203 -0.532303 0.515888 0.724633 0.617799 -0.305337 -0.156183 0.578773 0.800393
20.987204 -56.312239 -4759.052044 2820.988320 -0.500432 0.498879 -0.707593 0.767683 0.633561 -0.096246 0.400288 -0.591371 -0.700035
17.173363 -60.031673 -3717.423705 3937.351461 -0.493977 0.514202 -0.701130 0.806706 0.571872 -0.148955 0.324363 -0.639186 -0.697302
16.380474 -60.088704 1940.071500 1414.576189 -0.488912 0.502745 -0.712890 0.796300 0.590899 -0.129401 0.356191 -0.630940 -0.689234
23.446743 -59.629884 -7209.394650 6503.570777 -0.505878 0.512956 -0.693515 0.785841 0.605605 -0.125290 0.355728 -0.608374 -0.709464
17.047265 -59.978758 -567.512314 -1494.191217 -0.507266 0.482137 -0.714300 0.753002 0.651083 -0.095283 0.419129 -0.586204 -0.693322
20.842953 -56.245252 -4074.080413 -1271.851338 -0.533832 0.459862 -0.709613 0.705631 0.704688 -0.074165 0.465950 -0.540316 -0.700678
25.686346 -51.401739 -4244.878052 3612.052562 -0.519518 0.515598 -0.681366 0.745968 0.662562 -0.067405 0.416694 -0.543295 -0.728832
589.976499 -66.538257 -375289.421908 -32846.978951 -0.325278 0.943554 -0.062455 -0.249804 -0.022041 0.968045 -0.912026 -0.330485 -0.242873
755.049391 -40.346218 -438820.268151 -16746.161153 -0.322050 0.936218 -0.140636 -0.251312 0.058680 0.966126 -0.912757 -0.346485 -0.216385
404.736190 -62.792466 -34024.309312 -49260.114144 0.155896 0.987726 0.009684 -0.306946 0.039123 0.950923 -0.938872 0.151217 -0.309277
338.079513 -55.080667 -169903.654932 -28639.217439 -0.501803 0.841122 -0.201763 -0.248295 0.083370 0.965090 -0.828579 -0.534381 -0.167011
-16.315241 -177.136689 -254.114420 17743.315251 0.800818 0.507492 0.318027 -0.260154 0.773063 -0.578527 -0.539453 0.380559 0.751109
-16.634554 -187.331589 1048.315298 12079.831834 0.798563 0.516805 0.308560 -0.383784 0.832091 -0.400419 -0.463688 0.201340 0.862819
-13.754943 -181.748335 2860.770480 20259.969358 0.812571 0.510088 0.282026 -0.299544 0.780534 -0.548672 -0.500001 0.361356 0.787033
-3.786841 -56.896240 482.997826 -524.705006 -0.231719 0.152811 0.960706 -0.587696 0.764995 -0.263431 -0.775190 -0.625645 -0.087457
1.679304 -57.949384 -1452.552791 3783.868686 -0.186801 0.082598 0.978919 -0.546785 0.819110 -0.173453 -0.816169 -0.567659 -0.107847
3.694929 -52.485033 -942.177947 1905.293711 -0.143644 0.000870 0.989629 -0.568337 0.818577 -0.083213 -0.810160 -0.574396 -0.117089
-24.481511 -68.832479 -1109.829454 8943.752890 -0.326132 0.299677 -0.896567 0.385859 0.908018 0.163146 0.862990 -0.292741 -0.411766
-25.670772 -63.404380 2062.012893 5131.512469 -0.312315 0.262051 -0.913120 0.392021 0.911094 0.127387 0.865320 -0.318177 -0.387278
-26.329246 -73.788661 -1217.618995 3072.276495 -0.285376 0.346987 -0.893398 0.498513 0.849880 0.170846 0.818563 -0.396615 -0.415513
-25.217675 -75.780194 -1370.823035 5480.765981 -0.319806 0.388509 -0.864167 0.479417 0.853046 0.206089 0.817241 -0.348388 -0.459067
-25.876982 -79.445520 -424.756987 239.336162 -0.296313 0.402444 -0.866162 0.583128 0.794469 0.169646 0.756412 -0.454816 -0.470088
-17.178211 -51.401142 289.346940 703.439361 -0.012257 0.437632 -0.899071 0.920447 0.356236 0.160853 0.390675 -0.825575 -0.407183
-19.845761 -52.092381 -1376.689862 -1249.125812 -0.002459 0.465024 -0.885294 0.928233 0.330385 0.170966 0.371991 -0.821339 -0.432463
-17.623267 -49.334922 -226.405752 1464.579994 -0.001093 0.462485 -0.886626 0.897687 0.391130 0.202916 0.440632 -0.795691 -0.415594
-16.695621 -46.969868 -920.749967 3553.205805 -0.033147 0.412751 -0.910240 0.878598 0.446159 0.170318 0.476411 -0.794090 -0.377431
-18.289582 -44.422918 -548.609081 4306.544011 -0.042530 0.458709 -0.887568 0.855873 0.475039 0.204496 0.515434 -0.750949 -0.412801
9.910963 -75.363033 348.913338 1957.381061 0.800121 -0.515315 0.307013 -0.084335 0.410099 0.908133 0.593881 0.752508 -0.284670
10.220216 -74.312545 924.159005 1821.700858 0.794517 -0.519771 0.313976 -0.165840 0.311666 0.935607 0.584158 0.795426 -0.161425
7.203844 -74.773551 2708.089731 2300.274979 0.800141 -0.513643 0.309751 -0.123689 0.364019 0.923142 0.586920 0.776957 -0.227734
5.780489 -72.588664 1154.221892 203.123382 0.796246 -0.504220 0.334298 -0.212653 0.284046 0.934931 0.566367 0.815525 -0.118946
6.128669 -78.110934 2566.547642 4459.511871 0.804189 -0.518835 0.289985 -0.024293 0.458783 0.888216 0.593877 0.721338 -0.356344
3.464516 -156.330144 -2456.088953 -33556.887205 0.395582 -0.344998 0.851170 0.916891 0.201990 -0.344255 -0.053161 0.916611 0.396229
1.708863 -158.048624 -2658.779656 -36863.368480 0.395053 -0.333765 0.855882 0.915731 0.217384 -0.337906 -0.073274 0.917249 0.391517
1.608835 -126.915287 -1102.154502 -16938.470553 0.370996 -0.351335 0.859608 0.911281 0.315855 -0.264203 -0.178687 0.881362 0.437346
-687.129811 -2234.596387 -34841.254717 1567168.006458 0.739775 0.218658 0.636334 0.638250 -0.527425 -0.560767 -0.213003 -0.820982 0.529734
-352.911781 -489.075173 347903.941872 -183487.508700 0.922736 0.243751 -0.298568 -0.226257 0.969676 0.092389 0.312035 -0.017698 0.949906
-2593.398273 -3358.867617 2220411.884882 -2519373.530802 0.866290 0.488104 -0.106285 -0.481996 0.872619 0.078845 0.131231 -0.017074 0.991205
2035.528573 -487.897626 13367.840623 -88444.579517 -0.529169 0.649591 0.545905 0.034990 0.659523 -0.750870 -0.847795 -0.378235 -0.371728
594.997273 -5600.971324 448724.512059 -6262262.137945 0.566269 -0.486230 -0.665523 -0.545314 0.384453 -0.744868 -0.618039 -0.784714 0.047445
12.765246 -1145.687139 -4501.795497 -644436.014982 0.788527 -0.072208 -0.610746 -0.545162 0.377567 -0.748493 -0.284645 -0.923163 -0.258357
11.889626 -1366.953793 -1404.749333 -844076.794602 0.804238 -0.059207 -0.591351 -0.414108 0.657879 -0.629055 -0.426282 -0.750793 -0.504573
12.424946 -895.580075 140.546205 -514286.381748 0.795733 -0.083993 -0.599795 -0.419532 0.637815 -0.645899 -0.436809 -0.765596 -0.472293
9.024509 -510.922754 -6184.124589 -271041.988440 0.805233 -0.151762 -0.573209 -0.483596 0.391311 -0.782950 -0.343125 -0.907658 -0.241705
-37.767012 -147.920403 10641.447374 -27790.051048 0.490129 -0.638568 0.593299 0.381360 0.769156 0.512799 -0.783797 -0.025077 0.620510
-47.451135 -172.499989 19030.052010 -40066.525205 0.567721 -0.575296 0.588836 0.434177 0.816959 0.379565 -0.699416 0.040172 0.713585
-50.173335 -188.047077 14451.728814 -43462.206544 0.534270 -0.528913 0.659399 0.353720 0.848370 0.393892 -0.767748 0.022798 0.640346
69.526407 -53.633340 7009.277666 -2645.040167 0.634555 0.063712 0.770248 -0.519072 0.773516 0.363645 0.572630 0.630566 -0.523909
53.875526 -41.309022 -5327.493710 3472.813769 0.662107 0.144774 0.735293 -0.548927 0.761656 0.344326 0.510190 0.631602 -0.583768
50.932873 -75.363176 11513.091785 6461.960510 -0.762347 0.104934 -0.638605 -0.272318 0.843143 0.463629 0.587086 0.527350 -0.614192
59.518866 -73.690112 4667.625154 -3764.032742 -0.707367 0.096760 -0.700192 -0.343552 0.818649 0.460201 0.617741 0.566084 -0.545844
60.846898 -88.538115 7278.399563 -4434.994998 -0.680115 0.130038 -0.721480 -0.304792 0.844899 0.439600 0.666742 0.518879 -0.534994
63.495081 -98.762203 6682.043066 13134.432547 -0.714188 0.185164 -0.675018 -0.198543 0.871176 0.449036 0.671205 0.454717 -0.585420
51.575541 -99.587471 16089.701260 14257.789297 -0.796176 0.162404 -0.582863 -0.139637 0.887985 0.438161 0.588732 0.430242 -0.684314
-46.265765 -80.868013 -3134.459724 -385.721098 -0.595356 0.070456 -0.800367 -0.184133 0.957671 0.221271 0.782078 0.279109 -0.557182
-47.204962 -82.195803 -5090.011984 -1122.437744 -0.633137 0.037439 -0.773134 -0.154483 0.972623 0.173609 0.758467 0.229354 -0.610020
-45.685415 -80.930189 -1371.248067 -1888.767888 -0.650842 0.059753 -0.756858 -0.220185 0.939197 0.263491 0.726583 0.338139 -0.598113
-48.143758 -82.752683 -463.790170 1729.292768 -0.622964 0.112586 -0.774106 -0.040668 0.983589 0.175782 0.781193 0.140987 -0.608162
-23.348647 -159.608542 -6145.694606 -7609.951624 0.616178 -0.707698 0.345670 0.774031 0.625254 -0.099661 -0.145602 0.328968 0.933049
-31.083957 -156.760375 -5912.507457 -8540.632697 0.541251 -0.781319 0.310786 0.832043 0.551037 -0.063738 -0.121455 0.293086 0.948340
-33.855293 -165.586609 -4841.891787 -10275.326159 0.604773 -0.726529 0.326198 0.796381 0.554405 -0.241687 -0.005253 0.405943 0.913883
-28.452018 -175.550021 -7729.253311 -314.682712 0.661985 -0.657624 0.359592 0.749441 0.587574 -0.305114 -0.010637 0.471474 0.881816
-36.551802 -176.020158 -6664.594116 -2432.828602 0.634668 -0.692254 0.343484 0.762513 0.488744 -0.423915 0.125581 0.530956 0.838042
8595.448833 -68.602812 3616426.981017 -54464.151086 0.473112 0.861380 0.184901 -0.338636 -0.015950 0.940782 -0.813321 0.507710 -0.284148
1257.188305 -108.915115 562454.742764 45063.839628 0.755484 -0.654305 0.033606 0.125250 0.093890 -0.987673 -0.643084 -0.750380 -0.152884
2826.492874 -13.336070 1631487.888465 14599.557688 0.754113 -0.631045 0.181924 0.273720 0.050200 -0.960498 -0.596985 -0.774121 -0.210586
12812.007309 -33.142294 15672923.608702 -24735.941814 0.550185 0.810247 0.201982 -0.267845 -0.057867 0.961723 -0.790921 0.583225 -0.185183
2539.312004 1.113461 1350686.264707 12445.658631 0.718986 -0.635183 0.282138 0.361087 -0.005481 -0.932516 -0.593865 -0.772342 -0.225415
-42.894632 -47.575313 6793.070862 4647.826711 0.763897 -0.118300 0.634402 -0.463070 -0.785175 0.411177 -0.449474 0.607869 0.654574
-26.222383 -45.719725 12252.716923 -2325.998275 0.563404 -0.449268 0.693351 0.707269 0.696038 -0.123704 -0.427022 0.560080 0.709903
-34.611574 -47.010721 15504.166430 -960.396065 0.607927 -0.405773 0.682476 0.696837 0.684672 -0.213642 -0.380582 0.605453 0.698988
-43.989154 -50.111426 4160.308851 6047.066544 0.881186 0.061708 0.468725 -0.271976 -0.744790 0.609358 -0.386704 0.664439 0.639516
-14.439467 -60.322061 -2456.768404 5508.848387 0.623818 -0.321223 0.712507 0.732722 0.557598 -0.390132 -0.271973 0.765441 0.583207
-14.748387 -59.504177 -913.814591 -5025.848613 0.692990 -0.276189 0.665947 -0.667369 -0.595188 0.447627 -0.272734 0.754633 0.596779
-7.515004 -50.915449 2389.608834 -7697.591033 0.715075 -0.268930 0.645247 -0.670067 -0.526711 0.523054 -0.199194 0.806382 0.556839
-9.207892 -52.799418 -2326.670024 8973.890009 0.603621 -0.332700 0.724536 0.768417 0.485049 -0.417448 -0.212550 0.808726 0.548438
-7.850998 -142.864839 -7307.812600 9245.356861 -0.357423 0.787364 -0.502301 0.829102 0.019920 -0.558742 -0.429928 -0.616166 -0.659925
-7.032309 -128.945632 -8406.673331 14229.516891 -0.339582 0.797018 -0.499446 0.889084 0.098714 -0.446974 -0.306944 -0.595833 -0.742138
-2.777885 -126.858616 -8276.394703 12791.271659 -0.359658 0.793102 -0.491564 0.881728 0.116510 -0.457144 -0.305290 -0.597841 -0.741205
-5.258574 -163.022308 -2691.966105 -7396.923417 0.176525 -0.804192 0.567551 0.908474 -0.088808 -0.408398 0.378833 0.587698 0.714910
-5.265311 -168.344123 1450.035765 20030.572683 -0.184583 0.814967 -0.549325 0.759418 -0.236527 -0.606085 0.623869 0.529040 0.575242
-4.597616 -170.416570 1282.448700 19037.766294 -0.195250 0.818127 -0.540874 0.758264 -0.223846 -0.612315 0.622024 0.529680 0.576650
-5.703783 -162.090554 2478.532331 -8550.581017 0.136975 -0.829334 0.541704 0.907850 -0.113675 -0.403592 0.396290 0.547068 0.737340
-4.362704 -166.544499 2493.044717 -5161.141565 0.174482 -0.828798 0.531648 0.896766 -0.089230 -0.433415 0.406652 0.552387 0.727669
-2.803883 -156.515062 344.729523 -25349.250586 0.163578 -0.815184 0.555623 0.979429 0.066738 -0.190433 0.118157 0.575344 0.809332
-3.699384 -164.942603 -126.346702 -30547.671080 0.155727 -0.813453 0.560396 0.972398 0.026449 -0.231825 0.173757 0.581029 0.795119
-4.531372 -158.922229 -2258.237624 5480.696705 -0.039433 0.878005 -0.477025 0.578485 0.409316 0.705561 -0.814740 0.248129 0.524053
-3.596975 -137.419685 -4910.791743 18417.268015 -0.063529 0.875042 -0.479861 0.780428 0.343248 0.522603 -0.622010 0.341296 0.704713
-3.844336 -152.309588 -3913.329028 -1912.887817 -0.043629 0.872430 -0.486787 0.616175 0.407038 0.674276 -0.786400 0.270528 0.555329
8.996554 -34.291278 -1969.339020 6602.785650 0.308171 0.886684 -0.344705 -0.419169 -0.198714 -0.885895 0.854007 -0.417497 -0.310432
11.958045 -26.456007 -3857.583072 4090.125001 0.306508 0.874179 -0.376649 -0.454686 -0.213169 -0.864766 0.836250 -0.436315 -0.332139
2.057285 -37.423268 -1973.570033 6547.524825 0.244982 0.826466 -0.506891 -0.457956 -0.362180 -0.811851 0.854553 -0.431023 -0.289757
5.512108 -28.640866 -4908.353586 4755.414361 0.239800 0.809754 -0.535532 -0.502603 -0.368399 -0.782095 0.830594 -0.456706 -0.318642
0.489476 -45.350034 -471.332737 9477.639237 0.282443 0.877868 -0.386747 -0.385757 -0.265189 -0.883666 0.878304 -0.398776 -0.263743
-3.141294 -39.339203 -3675.203296 6626.773150 0.167183 0.743309 -0.647720 -0.490653 -0.507109 -0.708590 0.855166 -0.436270 -0.279927
-5.872434 -52.518935 -357.940424 9476.899234 0.221548 0.815510 -0.534658 -0.400361 -0.423873 -0.812430 0.889172 -0.394049 -0.232590
55.379264 -44.552751 38180.398046 -10032.296310 0.674893 -0.592200 0.440249 0.609827 0.783532 0.119113 -0.415488 0.188087 0.889940
17.861507 -34.803989 16624.383156 -6657.494029 0.694114 -0.565588 0.445327 0.586180 0.803164 0.106404 -0.417851 0.187185 0.889023
58.776290 -27.058252 32189.758160 -23114.891887 0.736040 -0.521599 0.431486 0.500906 0.848413 0.171141 -0.455345 0.090167 0.885738
92.170898 -48.650870 32521.337216 -19615.423274 0.647788 -0.543756 0.533573 0.553026 0.817352 0.161546 -0.523959 0.190433 0.830182
85.565006 -53.358106 38999.844118 3586.448066 0.591739 -0.647852 0.479721 0.711066 0.699830 0.068000 -0.379776 0.300875 0.874782
13.896890 -108.998273 653.996504 -868.655112 -0.178829 0.724566 -0.665600 0.632741 0.602746 0.486144 -0.753432 0.334216 0.566251
23.294688 -122.697763 8260.864122 -9994.147225 -0.182281 0.643186 -0.743697 0.737416 0.589734 0.329290 -0.650378 0.488390 0.581793
19.898450 -122.762591 -5970.266650 -5950.234315 -0.200450 0.730269 -0.653091 0.734103 0.553407 0.393489 -0.648778 0.400561 0.647023
12.674217 -120.515801 -2885.151720 -688.299161 -0.191102 0.748673 -0.634798 0.636418 0.586869 0.500557 -0.747297 0.308340 0.588620
20.628727 -122.047534 -3473.809790 -917.996531 -0.195133 0.746706 -0.635888 0.711500 0.554021 0.432236 -0.675048 0.368091 0.639389
24.568646 -123.651819 -6354.544917 -1614.865007 -0.195094 0.751463 -0.630271 0.803058 0.491314 0.337208 -0.563060 0.440357 0.699321
119.112682 -73.447379 -72057.891473 2207.847297 -0.269481 0.902269 -0.336587 0.345186 0.416794 0.840910 -0.899014 -0.110424 0.423769
28.127752 -78.945731 -29401.419217 -631.269795 -0.272485 0.870900 -0.409004 0.398270 0.489055 0.776020 -0.875861 -0.048560 0.480114
21.965245 -77.083468 -24037.975357 1227.558748 -0.262967 0.879466 -0.396720 0.312158 0.466632 0.827534 -0.912911 -0.093774 0.397241
20.080158 -157.074937 1261.932052 37148.550510 -0.709572 0.700157 -0.079293 -0.407827 -0.499844 -0.764090 0.574617 0.509839 -0.640218
25.758926 -233.497106 4769.271982 60364.712447 -0.713360 0.697709 -0.065725 -0.357085 -0.442582 -0.822564 0.602999 0.563314 -0.564862
25.791543 -161.545654 1342.823506 -4994.519069 -0.709919 0.699879 -0.078638 -0.431899 -0.520830 -0.736342 0.556308 0.488780 -0.672024
16.634643 -138.356611 -6320.135704 7967.270040 -0.679205 0.719563 -0.144602 -0.382273 -0.515012 -0.767222 0.626537 0.465824 -0.624868
7.753175 -264.705050 -1525.877715 107477.980788 -0.690523 0.720501 -0.063688 -0.377104 -0.433749 -0.818324 0.617228 0.541055 -0.571217
-20.390525 -70.406240 -1147.348448 2568.407469 0.166516 0.801925 -0.573750 -0.152712 -0.553880 -0.818472 0.974141 -0.223907 -0.030234
-15.872285 -68.736863 1776.549286 4626.811609 0.173622 0.807316 -0.564001 -0.231449 -0.523208 -0.820174 0.957229 -0.272937 -0.096012
-16.310735 -64.854171 -3008.264723 3407.252167 0.153649 0.764009 -0.626644 -0.282156 -0.573847 -0.768822 0.946985 -0.294940 -0.127399
-22.753288 -65.891465 -5961.694645 2220.191808 0.142702 0.755164 -0.639815 -0.221980 -0.605545 -0.764225 0.964552 -0.251082 -0.081218
-23.534222 -67.982926 -3127.083251 810.963661 0.143062 0.796116 -0.587991 -0.098698 -0.579664 -0.808856 0.984780 -0.173750 0.004353
-3.828323 -765.309175 -7565.435259 -193784.160100 0.800458 -0.583868 0.135519 -0.599049 -0.786899 0.148087 -0.020176 0.199720 0.979645
3.542792 -612.422136 2898.300952 2290.357949 0.788810 -0.608426 0.087154 0.608042 0.793178 0.033968 -0.089796 0.026199 0.995616
-12.821964 -588.204057 3760.581595 -184031.215968 0.806358 -0.583708 0.095249 -0.570093 -0.724256 0.387875 0.157421 0.367067 0.916777
-26.679370 -1134.447677 6426.787201 -479730.500470 0.838324 -0.531933 0.119415 -0.490871 -0.641196 0.589842 0.237188 0.553096 0.798641
-13.179452 -645.623929 8379.750968 -223764.246805 0.815588 -0.572285 0.085474 -0.458796 -0.549569 0.698198 0.352594 0.608657 0.710784
-55.048927 -248.168438 -13688.575828 99869.867618 0.804762 -0.546060 -0.232760 0.052868 0.456493 -0.888155 -0.591239 -0.702447 -0.396238
28.849445 -777.167020 58253.317899 468629.096934 -0.748097 0.588583 0.306465 0.160902 0.608938 -0.776727 -0.643787 -0.531756 -0.550249
-12.248631 -87.919775 22077.013048 -8128.124300 -0.656710 0.404859 0.636256 -0.279466 0.652966 -0.703942 -0.700450 -0.640098 -0.315665
-28.334524 -138.051540 52739.862008 80400.056147 0.503981 0.007740 -0.863680 0.642352 -0.671836 0.368809 -0.577396 -0.740660 -0.343565
-493.087345 -2621.461536 230132.106312 2475667.302683 0.960043 0.057439 -0.273893 0.268507 0.086773 0.959362 -0.078871 0.994571 -0.067883
-644.198423 -3862.987007 330721.734652 -2137076.286808 0.963446 -0.220515 -0.152137 -0.079180 -0.776890 0.624638 0.255936 0.589759 0.765951
-330.960166 -2646.713202 256259.378486 337916.871641 0.947420 -0.230573 -0.221881 0.262758 0.164828 0.950679 0.182628 0.958993 -0.216747
-1025.381768 -2796.016635 490176.938193 984993.838778 0.874799 -0.238160 -0.421908 0.374146 0.885344 0.276007 -0.307800 0.399306 -0.863605
21.000798 -42.178484 -11397.007494 -6530.728861 -0.057503 0.337996 -0.939389 0.537371 0.803487 0.256204 0.841383 -0.490068 -0.227832
38.672871 -50.780794 -14726.925828 -3674.112589 -0.095572 0.328880 -0.939523 0.489208 0.837514 0.243407 0.866915 -0.436359 -0.240933
32.193387 -40.113975 -13903.919040 -5678.369572 -0.119595 0.285024 -0.951030 0.551599 0.815534 0.175051 0.825491 -0.503652 -0.254752
14.637370 -32.574355 -8071.372687 -7415.013215 -0.079153 0.317046 -0.945102 0.584719 0.782619 0.213569 0.807365 -0.535714 -0.247329
24.713338 -32.186422 -12485.131672 -6403.588785 -0.139069 0.250331 -0.958120 0.588477 0.799048 0.123354 0.796464 -0.546677 -0.258437
41.132562 -41.867438 -9451.030724 -6072.108286 -0.221260 0.256760 -0.940807 0.580790 0.809669 0.084380 0.783408 -0.527741 -0.328271
-22.801609 -55.436750 2177.869206 -2868.464023 -0.390912 0.025452 -0.920076 0.334135 0.935349 -0.116089 0.857637 -0.352811 -0.374143
-23.294907 -58.488870 4732.743524 -1549.502152 -0.394460 0.018743 -0.918722 0.255079 0.962734 -0.089879 0.882800 -0.269800 -0.384541
-23.226889 -56.382833 504.880583 -4971.884281 -0.343898 0.008807 -0.938966 0.338198 0.934009 -0.115105 0.875989 -0.357141 -0.324182
-22.177976 -51.590059 -921.948626 -2531.589213 -0.331823 0.034669 -0.942704 0.401042 0.909706 -0.107707 0.853850 -0.413803 -0.315765
-24.511547 -58.324968 -3742.675550 -2426.372470 -0.285145 0.029536 -0.958029 0.292648 0.954479 -0.057676 0.912716 -0.296812 -0.280808
-23.244012 -53.025301 -539.767590 -2954.518839 -0.289770 0.049597 -0.955810 0.387361 0.919287 -0.069733 0.875205 -0.390450 -0.285594
0.866216 -123.613737 -1433.707007 -20139.715490 0.191288 -0.806791 0.559014 0.962655 0.265374 0.053589 -0.191583 0.527887 0.827425
0.734832 -103.477281 -1176.784031 -11951.039295 0.166411 -0.816605 0.552688 0.942199 0.296987 0.155112 -0.290806 0.494929 0.818826
0.103251 -120.842554 -911.927423 -24956.814452 0.194889 -0.808872 0.554747 0.966770 0.253826 0.030464 -0.165450 0.530376 0.831461
11.589402 -400.496728 -3363.084879 -86914.963210 -0.221325 0.934122 -0.280057 0.919927 0.295296 0.257943 -0.323650 0.200543 0.924680
21.852903 -439.566786 -2945.043794 -111770.621895 -0.215769 0.931169 -0.293885 0.879106 0.316249 0.356594 -0.424990 0.181415 0.886833
18.142510 -428.392833 3902.131067 -7649.614520 0.232888 -0.929639 0.285541 0.972502 0.223129 -0.066732 -0.001676 0.293230 0.956040
11.701756 -410.508888 1895.428384 -16534.724709 0.228418 -0.933951 0.274883 0.971900 0.202251 -0.120439 0.056888 0.294669 0.953905
8.138265 -447.094681 1803.420083 -74162.717022 0.237956 -0.931646 0.274614 0.955116 0.275810 0.108084 -0.176437 0.236570 0.955461
-87.411187 -243.242773 69284.913595 110430.934809 0.666422 -0.461404 0.585652 0.047830 0.810343 0.584000 -0.744039 -0.361179 0.562100
15.848514 -276.935706 34849.508472 108100.609450 0.584443 -0.395555 0.708493 -0.050024 0.853912 0.518008 -0.809891 -0.338187 0.479275
-24.037484 -125.876308 43247.966444 2895.117285 0.585952 0.007140 0.810315 -0.233162 0.959159 0.160152 -0.776078 -0.282776 0.563686
-103.750741 -213.966258 44596.528680 -119720.360799 0.314685 0.660286 0.681906 -0.572945 0.704901 -0.418150 -0.756774 -0.259109 0.600129
24.326939 -159.139998 -17998.693503 -4258.828456 0.122298 -0.576594 0.807826 0.977489 0.210969 0.002597 -0.171923 0.789323 0.589416
17.876602 -154.192123 -15730.600339 10038.191866 0.160475 -0.551613 0.818517 0.943622 0.328983 0.036705 -0.289525 0.766481 0.573308
10.754622 -170.792798 -17736.075895 -2804.786774 0.131378 -0.551411 0.823824 0.975463 0.220007 -0.008303 -0.176669 0.804701 0.566785
24.497502 -165.455941 -17762.063563 -10931.890472 0.089195 -0.582140 0.808181 0.995966 0.044184 -0.078093 0.009752 0.811887 0.583733
5.668094 -177.143900 -9994.279523 -1900.648538 0.110362 -0.580734 0.806578 0.993827 0.055243 -0.096208 0.011313 0.812217 0.583246
27.070146 -35.443358 20383.439987 7649.920937 0.698572 -0.291589 0.653432 0.703691 0.445457 -0.553522 -0.129676 0.846489 0.516372
0.845728 -39.209283 5017.349930 -7885.202240 0.727900 -0.259655 0.634618 -0.668165 -0.476470 0.571430 -0.154002 0.839974 0.520315
21.892274 -40.600529 18544.150652 -8671.034432 0.734471 -0.273395 0.621134 -0.662327 -0.488248 0.568275 -0.147904 0.828776 0.539681
-80.518224 -123.197109 2744.981048 -15335.500529 0.627116 0.081924 0.774605 -0.232448 0.968824 0.085724 -0.743433 -0.233815 0.626608
-81.890053 -122.975837 41.622789 -9597.153550 0.681537 -0.001505 0.731782 -0.104268 0.989595 0.099144 -0.724317 -0.143872 0.674289
-69.356231 -117.515613 230.130306 -11142.629666 0.751355 -0.254116 0.609008 0.062031 0.945993 0.318196 -0.656976 -0.201301 0.726540
-62.899622 -106.398768 1442.147663 -12746.563028 0.779991 -0.378390 0.498433 0.117740 0.870995 0.476974 -0.614615 -0.313350 0.723920
132.639172 -174.569361 -7305.581420 -22109.536725 -0.312184 -0.417088 -0.853568 0.949613 -0.163358 -0.267487 -0.027872 -0.894064 0.447070
133.447345 -169.991649 9824.011486 -14019.666846 -0.342616 -0.246114 -0.906665 0.937926 -0.034208 -0.345144 0.053929 -0.968637 0.242557
125.999133 -159.722069 19676.333104 -8532.508553 -0.305731 -0.180862 -0.934782 0.939606 -0.215953 -0.265526 -0.153845 -0.959507 0.235962
123.140702 -146.397635 -1099.539581 -15606.623198 -0.320161 -0.400915 -0.858350 0.917317 -0.357566 -0.175145 -0.236699 -0.843453 0.482245
112.797227 -145.526338 18288.371980 -2711.680743 -0.297380 -0.193378 -0.934971 0.886721 -0.418992 -0.195374 -0.353964 -0.887159 0.296072
-82.096100 -107.282405 -982.019937 6805.451491 -0.343207 -0.517686 -0.783716 0.325018 0.717392 -0.616208 0.881233 -0.466209 -0.077957
-80.092981 -98.448238 -740.823114 8594.117487 -0.361213 -0.509981 -0.780669 0.188024 0.780164 -0.596649 0.913330 -0.362302 -0.185917
61.339711 -98.868594 9660.141024 -21978.900701 -0.504321 -0.705388 -0.498084 0.854097 -0.492438 -0.167400 -0.127194 -0.509836 0.850817
61.054779 -91.415176 2086.668068 -19054.638312 -0.585201 -0.731122 -0.350713 0.810217 -0.544790 -0.216223 -0.032980 -0.410688 0.911179
46.408123 -131.081861 9130.161526 -35613.636827 -0.532317 -0.718592 -0.447510 0.846483 -0.445401 -0.291694 0.010288 -0.534083 0.845370
46.613661 -125.902478 -639.113335 -30339.035552 -0.590467 -0.747044 -0.305409 0.799564 -0.490016 -0.347249 0.109754 -0.449233 0.886647
64.436240 -89.545183 -11371.133624 -20383.180167 -0.613992 -0.758273 -0.219169 0.787151 -0.567700 -0.241060 0.058367 -0.320528 0.945439
55.919485 -72.638462 8772.226823 -999.140655 -0.508935 0.200447 -0.837142 0.782256 -0.298174 -0.546963 -0.359251 -0.933227 -0.005050
53.385507 -74.291152 1973.926316 -621.012615 -0.530841 0.142605 -0.835387 0.813578 -0.190234 -0.549456 -0.237274 -0.971326 -0.015036
42.372037 -73.732609 8199.785794 -1363.817210 -0.510432 0.226828 -0.829462 0.838727 -0.081495 -0.538419 -0.189726 -0.970519 -0.148649
-29.892587 -72.873657 -5322.966449 -2844.940229 0.977546 0.175652 0.116403 -0.199958 0.947526 0.249423 0.066484 0.267098 -0.961373
-17.030040 -70.780595 12831.602603 -1209.788144 0.881287 0.380794 0.279875 -0.424506 0.898127 0.114730 0.207674 0.219919 -0.953156
-38.358713 -73.342595 6056.384520 -4541.829223 -0.963967 -0.194536 -0.181448 -0.217596 0.968986 0.117123 0.153036 0.152385 -0.976401
-34.373189 -73.710771 -4339.656333 -3150.678841 0.973414 0.182551 0.138348 -0.207018 0.959647 0.190316 0.098023 0.213897 -0.971926
1.899921 -70.215352 313.801389 -858.303939 -0.640603 0.737653 -0.213299 0.717832 0.476652 -0.507465 -0.272664 -0.478196 -0.834855
3.785205 -74.038462 970.363936 7705.099345 -0.653936 0.728768 -0.203139 0.739787 0.559757 -0.373345 -0.158373 -0.394423 -0.905179
-1.203934 -76.313654 3777.085127 13670.715672 -0.675638 0.716113 -0.175200 0.711645 0.571436 -0.408683 -0.192548 -0.400802 -0.895703
7.826742 -78.172013 2907.588561 773.318039 0.749828 -0.541527 0.380140 -0.303523 0.228985 0.924900 0.587905 0.808897 -0.007333
8.780334 -80.219488 -339.837612 1796.960354 0.752926 -0.533493 0.385342 -0.280191 0.269949 0.921206 0.595479 0.801569 -0.053771
-14.056516 -84.987088 -3771.463565 -13845.760102 0.336625 -0.309242 0.889412 -0.159676 0.912111 0.377568 -0.928002 -0.269117 0.257661
-8.862564 -75.605553 -3513.550672 11187.446465 0.359662 -0.398725 0.843600 -0.173412 0.859786 0.480308 -0.916827 -0.319039 0.240089
-13.306310 -70.247664 -4016.857592 428.743104 0.369892 -0.421155 0.828135 -0.139564 0.856053 0.497690 -0.918532 -0.299669 0.257869
-9.298376 -91.298501 794.064049 -844.519217 0.355517 -0.323697 0.876828 -0.196014 0.891433 0.408564 -0.913885 -0.317122 0.253470
-20.131847 -87.659806 -5361.487594 -23092.083915 0.352368 -0.329530 0.875926 -0.135296 0.908188 0.396094 -0.926030 -0.258080 0.275432
-20.033813 -110.910619 -6583.376161 -33417.243389 0.312608 -0.238116 0.919553 -0.108434 0.952796 0.283587 -0.943673 -0.188362 0.272032
-15.101735 -105.370572 2291.565692 -20082.045887 0.345393 -0.223610 0.911429 -0.148474 0.945946 0.288344 -0.926639 -0.234915 0.293523
13.137316 -159.803188 15395.354912 5012.036598 0.367709 -0.319893 0.873188 0.306081 0.928286 0.211185 -0.878126 0.189611 0.439253
12.863262 -153.557566 15468.589315 7486.110819 0.375670 -0.335036 0.864074 0.520737 0.847573 0.102239 -0.766619 0.411547 0.492873
-7.119990 -163.634865 405.927175 -8609.308014 -0.213166 0.620254 -0.754881 -0.579049 0.542113 0.608946 -0.786932 -0.566920 -0.243597
-10.379808 -183.321242 5066.163353 -6599.006610 0.212807 -0.597610 0.773030 -0.494544 0.616454 0.612708 -0.842698 -0.512686 -0.164359
-9.615112 -168.889974 -3081.711746 2053.447130 -0.218384 0.622629 -0.751426 -0.670225 0.463983 0.579240 -0.709301 -0.630121 -0.315975
-7.976497 -188.145268 702.809880 -23942.256881 0.189912 -0.581668 0.790946 -0.407796 0.686095 0.602474 -0.893105 -0.436962 -0.106904
-5.248768 -158.740387 1970.375533 -4824.969230 -0.225093 0.649379 -0.726388 0.725485 -0.385945 -0.569841 -0.650388 -0.655251 -0.384241
-10.231226 -146.300198 -521.017030 -7812.370292 0.283105 -0.358489 0.889571 -0.068469 0.917596 0.391573 -0.956642 -0.171764 0.235231
-10.123136 -131.444405 4973.458443 -16960.285561 0.301058 -0.326159 0.896094 -0.317048 0.851999 0.416627 -0.899358 -0.409534 0.153093
-8.893887 -120.420531 2622.093119 -13036.132953 0.288434 -0.328303 0.899457 -0.441021 0.788252 0.429137 -0.849886 -0.520457 0.082570
-11.928346 -121.616817 5501.070945 -9569.127720 0.298326 -0.331541 0.895032 -0.432096 0.789223 0.436371 -0.851055 -0.516921 0.092188
-12.677208 -130.761513 332.780703 -20342.254854 0.271922 -0.362439 0.891457 -0.345389 0.827883 0.441946 -0.898201 -0.428075 0.099937
-8.459013 -215.091362 926.222466 -45100.082989 -0.870678 -0.456468 -0.183185 -0.439536 0.889240 -0.126732 0.220745 -0.029826 -0.974875
-14.833137 -257.037437 380.885366 -44244.244432 0.878084 0.444781 0.176463 -0.467381 0.876278 0.117011 0.102586 0.185221 -0.977328
-12.042458 -259.524091 -783.993061 -57120.472682 0.879190 0.439303 0.184494 -0.458902 0.884895 0.079814 0.128196 0.154836 -0.979587
-18.582989 -263.290103 1524.016207 -12849.083659 0.874368 0.452967 0.174075 -0.483804 0.785916 0.385057 -0.037609 0.420900 -0.906327
-14.889693 -272.671166 -54.907149 -15246.497937 0.887094 0.429896 0.168086 -0.459290 0.785781 0.414248 -0.046004 0.444677 -0.894509
19.031034 -61.228477 -1440.478962 -4263.300064 0.475258 -0.364761 0.800675 0.248639 0.928603 0.275455 -0.843984 0.068167 0.532019
10.940378 -61.504944 -5768.869589 -1659.926584 0.427454 -0.396024 0.812680 0.305410 0.909353 0.282494 -0.850887 0.127447 0.509656
2.811258 -57.692991 -6282.653162 4537.527040 0.422029 -0.406355 0.810412 0.435253 0.874975 0.212067 -0.795265 0.263236 0.546132
-4.975144 -117.657819 -1126.709725 4624.086035 0.663809 -0.535038 0.522582 0.741966 0.558968 -0.370190 -0.094041 0.633474 0.768028
13.664526 -63.314397 3300.698733 2954.154122 -0.483271 0.520283 -0.704099 0.837042 0.510260 -0.197470 0.256533 -0.684792 -0.682093
14.840388 -66.233717 -6489.337296 4188.484123 -0.514150 0.501180 -0.696038 0.825407 0.509704 -0.242701 0.233136 -0.699299 -0.675742
20.869314 -63.666481 -8338.957963 5336.493302 -0.514890 0.502060 -0.694855 0.808530 0.553791 -0.198987 0.284901 -0.664267 -0.691072
476.004994 -27.688770 -98221.328337 -10482.742592 0.113255 0.992802 -0.038945 -0.243473 0.065734 0.967678 -0.963273 0.100112 -0.249165
632.710289 -29.274635 -265312.100644 21538.282509 -0.098563 0.986845 -0.128151 -0.168328 0.110389 0.979530 -0.980791 -0.118117 -0.155234
604.960368 -28.396584 -310844.531035 -613.241668 -0.496828 0.842301 -0.209023 -0.213592 0.114765 0.970158 -0.841154 -0.526648 -0.122891
14.604263 -51.558641 -8714.220506 1445.239760 -0.084600 -0.099779 0.991407 -0.512828 0.857437 0.042534 -0.854313 -0.504823 -0.123709
-9.714413 -655.832036 -3256.826365 134490.320628 0.953465 0.203362 -0.222594 0.100049 -0.909852 -0.402690 0.284420 -0.361681 0.887858
