11063
22108
-47.671210 -70.125168 -450.734935 6252.167562 -0.066098 -0.977389 0.200853 0.995695 -0.077716 -0.050510 0.064978 0.196650 0.978318
-46.086897 -72.844857 -3468.335752 9855.709855 -0.284522 0.955980 -0.071757 0.949896 0.271024 -0.155702 0.129400 0.112462 0.985194
-43.038862 -57.209376 287.773436 6307.052301 0.171472 0.960507 -0.219142 0.961320 -0.211792 -0.176091 0.215550 0.180471 0.959671
-35.643574 -53.521931 -3953.924155 7283.555836 -0.061921 0.995343 -0.073882 0.955351 0.037680 -0.293060 0.288912 0.088729 0.953235
-42.439437 -66.399335 -942.007602 5602.938018 -0.312646 -0.897981 0.309650 0.943823 -0.330411 -0.005235 0.107013 0.290618 0.950836
-31.848549 -43.099430 -363.537213 3685.082968 0.528191 0.789313 -0.313049 0.783391 -0.595206 -0.178963 0.327587 0.150713 0.932723
-37.118653 -52.906824 -595.303068 3911.728993 -0.539517 -0.757687 0.367195 0.803005 -0.594178 -0.046204 0.253188 0.269932 0.928996
-17.351038 -31.753946 -3018.393105 1660.472375 0.562585 0.777343 -0.281488 0.698352 -0.629061 -0.341448 0.442495 0.004484 0.896760
-8.338865 -25.417187 -772.693324 3031.568700 0.402006 0.886384 -0.229597 0.760418 -0.462872 -0.455537 0.510055 -0.008540 0.860099
-12.812137 -23.110448 -4734.403802 3535.150363 0.557626 0.779337 -0.285808 0.657137 -0.624817 -0.421633 0.507173 -0.047299 0.860546
-13.868828 -33.567584 -3122.325866 2439.990513 0.181177 0.978524 -0.098311 0.886070 -0.205790 -0.415367 0.426678 0.011856 0.904326
-46.224240 -72.335994 3881.925539 244.348230 0.825451 0.537829 -0.171379 -0.545779 0.837929 0.000869 0.144071 0.092818 0.985205
-45.145375 -67.266732 2788.187037 -800.468964 0.898803 0.373014 -0.230248 -0.349061 0.926764 0.138799 0.265159 -0.044382 0.963183
-35.667754 -66.006385 3930.710612 -570.661367 0.718164 0.639199 -0.275072 -0.650164 0.757245 0.062184 0.248045 0.134183 0.959411
-21.114070 -63.199649 4434.228466 844.904589 0.569400 0.747856 -0.341314 0.782768 -0.620071 -0.052785 0.251114 0.237114 0.938466
-31.126578 -67.208698 -4849.827162 -849.644744 -0.643122 -0.710987 0.284415 0.756638 -0.647172 0.093099 0.117874 0.275073 0.954170
-0.963309 -117.375253 -1898.715805 -18573.207522 0.711774 -0.149513 0.686312 0.535886 -0.516083 -0.668195 -0.454098 -0.843389 0.287212
-1.294396 -85.546378 -671.956995 -6596.300853 0.739714 -0.176697 0.649308 0.409364 -0.647666 -0.642611 -0.534082 -0.741152 0.406755
6.180345 -81.635570 -4486.388037 -7512.332846 0.727140 -0.192756 0.658872 0.427927 -0.623211 -0.654589 -0.536792 -0.757927 0.370676
-3.209623 -102.975185 406.615460 -9950.116025 0.723579 -0.126516 0.678548 0.475160 -0.621747 -0.622619 -0.500656 -0.772932 0.389768
17.106068 -110.505295 -6959.509371 -18599.615725 0.709757 -0.174319 0.682538 0.526442 -0.512555 -0.678341 -0.468086 -0.840774 0.272020
4.904243 -146.288195 -4722.642280 -26237.769351 0.704546 -0.159150 0.691583 0.613784 -0.352502 -0.706408 -0.356209 -0.922179 0.150670
-4.242578 -160.325955 -1121.168527 -23410.784153 0.698779 -0.132932 0.702877 0.661020 -0.255576 -0.705502 -0.273422 -0.957606 0.090720
-4.928073 -141.635999 321.683029 -19165.093216 0.704890 -0.109739 0.700776 0.605675 -0.421074 -0.675170 -0.369171 -0.900363 0.230345
22.713065 -43.379692 -916.501483 1627.577415 -0.228375 0.971653 0.061112 -0.408831 -0.038744 -0.911787 0.883573 0.233214 -0.406090
23.648331 -45.535549 -1310.171404 1204.786107 -0.255003 0.966502 0.029098 -0.291237 -0.048076 -0.955442 0.922038 0.252115 -0.293741
20.248798 -39.479726 1804.552443 1675.631248 -0.342115 0.936211 0.080409 -0.367238 -0.054449 -0.928532 0.864924 0.347194 -0.362441
20.983541 -36.201692 1419.246129 1630.054834 -0.282130 0.949377 0.138152 -0.486896 -0.017614 -0.873283 0.826641 0.313645 -0.467217
23.305062 -40.575688 -505.310893 1956.195145 -0.196746 0.974715 0.105929 -0.518066 -0.011624 -0.855261 0.832405 0.223148 -0.507254
6.118395 -64.181466 1639.727816 910.665689 0.113568 0.936257 0.332453 -0.167035 0.347848 -0.922551 0.979388 -0.049241 -0.195893
6.098292 -66.104224 1285.537011 1147.946772 0.118667 0.929595 0.348956 -0.013782 0.352948 -0.935541 0.992838 -0.106209 -0.054695
3.211902 -67.758926 1277.436923 525.766161 0.109168 0.937878 0.329344 -0.063039 0.337189 -0.939324 0.992022 -0.081782 -0.095933
-1.235122 -70.915570 619.977120 -446.713829 0.117375 0.945284 0.304404 -0.071862 0.313804 -0.946764 0.990484 -0.089251 -0.104763
-0.728968 -67.348115 714.781366 665.640744 0.111798 0.948487 0.296435 -0.204857 0.313895 -0.927094 0.972386 -0.042921 -0.229397
2.019608 -69.077651 1357.333422 -292.368446 0.099743 0.935899 0.337853 0.099805 0.328423 -0.939243 0.989995 -0.127402 0.060650
2.426705 -65.046855 1367.499650 1390.119792 0.101230 0.945047 0.310867 -0.254541 0.326675 -0.910216 0.961749 -0.013013 -0.273622
16.936173 -121.832371 313.652005 2814.296217 -0.126610 0.940592 0.315051 -0.654276 -0.317909 0.686190 -0.745582 0.119252 -0.655657
19.382992 -127.202417 -1130.425921 2374.325880 -0.162950 0.952319 0.257944 -0.668235 -0.298870 0.681277 -0.725885 0.061353 -0.685074
18.699665 -121.898103 373.553898 -5224.967349 -0.144773 0.939096 0.311673 -0.847200 -0.280376 0.451268 -0.511169 0.198717 -0.836192
13.339376 -117.648833 1835.807869 -2179.239565 -0.095276 0.917628 0.385851 -0.820287 -0.291971 0.491815 -0.563961 0.269651 -0.780536
13.640784 -121.603022 478.727925 2470.154036 -0.091844 0.929030 0.358424 -0.595036 -0.339816 0.728325 -0.798434 0.146383 -0.584016
15.758511 -113.589230 -195.869732 3908.869010 -0.106546 0.939991 0.324138 -0.464694 -0.335275 0.819543 -0.879038 0.063306 -0.472530
-44.782195 -64.529982 -5676.965603 6611.824429 0.673268 -0.281272 0.683810 0.398476 0.917054 -0.015120 -0.622838 0.282662 0.729503
-31.800969 -50.292277 -5701.061615 3419.438255 0.434325 -0.567063 0.699858 0.670408 0.722421 0.169296 -0.601594 0.395661 0.693929
-30.528894 -59.047765 -5304.391178 5217.717104 0.580959 -0.332827 0.742774 0.435577 0.898033 0.061711 -0.687575 0.287684 0.666693
-33.677249 -69.614133 -5841.065489 5493.321259 0.645662 -0.132619 0.752019 0.188612 0.981987 0.011237 -0.739964 0.134585 0.659045
-12.353594 -123.885221 -249.229250 -3559.621248 0.790446 -0.270859 0.549391 -0.548878 0.084924 0.831577 0.271896 0.958866 0.081541
-9.488210 -126.693564 299.653955 2501.816478 0.799218 -0.280292 0.531683 -0.595598 -0.250555 0.763207 0.080705 0.926638 0.367189
-8.346110 -123.215641 749.982328 1549.907597 0.766074 -0.309794 0.563168 -0.623718 -0.146645 0.767770 0.155265 0.939427 0.305565
-12.917832 -48.078456 -826.932834 -1853.844933 0.155058 0.980688 0.119199 0.410480 0.045793 -0.910719 0.898589 -0.190143 0.395453
-13.238484 -48.127477 -342.992915 336.678248 0.127474 0.972427 0.195285 0.503386 0.106219 -0.857508 0.854607 -0.207614 0.475966
-12.905578 -50.160264 -212.930696 -1272.596020 0.161112 0.974462 0.156416 0.414524 0.077016 -0.906774 0.895663 -0.210931 0.391530
-10.152509 -223.876660 -1501.855519 26630.441621 0.848782 -0.067856 0.524371 0.526169 0.206124 -0.825020 0.052103 -0.976170 -0.210658
-5.474363 -191.849235 -2466.204260 28329.898802 0.857136 -0.068907 0.510460 0.474246 0.492324 -0.729868 0.201019 -0.867680 -0.454668
-9.008123 -225.000064 688.675954 34401.778934 0.868765 -0.006084 0.495187 0.484680 0.215684 -0.847682 0.101647 -0.976444 -0.190328
-0.980803 -183.339918 -2638.799607 13429.148079 0.827283 -0.083967 0.555475 0.514420 0.510603 -0.688954 0.225778 -0.855707 -0.465607
-11.609905 -232.645659 977.038652 9209.352255 0.868538 -0.006240 0.495584 0.486187 -0.183463 -0.854379 -0.096253 -0.983007 0.156311
-13.284586 -215.032429 -2143.772310 30379.758761 0.829277 -0.103054 0.549253 0.554729 0.032848 -0.831382 -0.067635 -0.994133 -0.084408
-5.206237 -177.327716 -2225.460440 17394.008430 0.798273 -0.101738 0.593641 0.592334 0.311134 -0.743193 0.109092 -0.944905 -0.308633
-15.199896 -226.212884 1150.236214 11179.164104 0.861845 -0.050184 0.504682 0.485082 -0.208909 -0.849148 -0.148046 -0.976647 0.155704
2.889952 -14.450511 894.397672 1494.019581 -0.292828 0.917426 0.269410 -0.626994 0.028488 -0.778503 0.721894 0.396885 -0.566878
-1.525283 -8.790308 -134.585764 865.595486 -0.243097 0.915020 0.321935 -0.665655 0.084042 -0.741512 0.705554 0.394557 -0.588657
2.401282 -10.665306 1773.899241 189.834823 -0.085704 0.863537 0.496949 -0.712329 0.295624 -0.636548 0.696593 0.408546 -0.589787
0.400384 -11.828078 86.531760 1712.023001 -0.367414 0.912713 0.178777 -0.594270 -0.082520 -0.800021 0.715437 0.400181 -0.572717
9.316174 -16.137804 3166.450552 1308.171274 -0.174847 0.898317 0.403057 -0.688255 0.181223 -0.702469 0.704083 0.400230 -0.586585
9.427703 -19.726180 2474.845366 1586.751803 -0.276359 0.919346 0.280052 -0.618543 0.052877 -0.783970 0.735548 0.389882 -0.554041
8.993417 -22.500212 1753.016409 2009.876970 -0.371186 0.914242 0.162426 -0.533207 -0.066652 -0.843355 0.760205 0.399648 -0.512221
2.378749 -17.383430 840.962907 2149.845615 -0.391000 0.907015 0.156341 -0.552761 -0.095593 -0.827839 0.735918 0.410104 -0.538739
30.241185 -676.713394 10041.711849 -209781.902249 0.765458 0.089630 0.637213 0.643481 -0.110263 -0.757479 -0.002368 -0.989853 0.142077
55.973324 -655.760309 23798.445392 69093.334029 0.839938 0.003042 0.542674 0.513116 -0.330019 -0.792338 -0.176682 -0.943969 0.278756
16.264062 -394.428090 5815.673045 -42885.652384 0.771145 0.077057 0.631979 0.592845 -0.448789 -0.668673 -0.232099 -0.890310 0.391764
22.448237 -1015.366931 -2538.880870 -400082.045677 0.803578 0.108719 0.585185 0.576918 -0.384073 -0.720870 -0.146381 -0.916880 0.371355
21.397717 -643.065260 10644.219153 -161721.970462 0.706323 0.153167 0.691121 0.698256 0.009775 -0.715781 0.116390 -0.988152 0.100045
8.867969 -290.822528 314.053824 -16306.825228 0.780476 0.080212 0.620018 0.522189 -0.628958 -0.575960 -0.343766 -0.773290 0.532773
-3.057880 -7175.619363 9601.275463 -2634136.669606 -0.768965 0.149378 -0.621594 0.270466 0.957030 -0.104602 0.579259 -0.248555 -0.776325
157.787756 -5082.041785 -156366.235155 27864496.725842 -0.781262 0.332437 -0.528313 0.374947 0.926605 0.028592 0.499043 -0.175752 -0.848568
-42.403678 -3927.320563 -15490.703821 -3416461.744325 0.859180 -0.107368 0.500283 0.315510 -0.658562 -0.683191 -0.402820 -0.744828 0.531947
-139.367032 -8685.612659 -54802.913635 12124709.282891 0.780111 -0.290790 0.553958 -0.625431 -0.385434 0.678437 -0.016232 0.875718 0.482550
6.011768 -62.349339 -372.700723 -1229.422928 0.188938 0.918257 0.348003 0.241539 0.300042 -0.922840 0.951820 -0.258416 0.165106
3.794827 -57.230003 -681.887425 -1899.277922 0.207279 0.913978 0.348827 0.406197 0.243973 -0.880614 0.889966 -0.324225 0.320684
5.601106 -60.116806 -677.531693 -2316.089741 0.181936 0.912472 0.366462 0.352071 0.287526 -0.890716 0.918121 -0.291074 0.268944
132.511744 -1.242797 38897.750427 8454.743862 -0.442006 -0.148109 -0.884700 0.740164 -0.617389 -0.266436 -0.506742 -0.772590 0.382515
36.092825 -21.577205 18652.244504 3545.382604 -0.411593 -0.149511 -0.899020 0.689797 -0.695805 -0.200090 -0.595627 -0.702497 0.389520
119.027383 -34.462371 37050.580043 3190.136810 -0.278333 -0.352110 -0.893616 0.764459 -0.644478 0.015838 -0.581493 -0.678724 0.448553
130.742960 -38.594122 22340.038732 3755.364131 -0.464226 -0.510539 -0.723771 0.790709 -0.607083 -0.078932 -0.399091 -0.608934 0.685511
169.404116 -14.837006 30076.661161 5743.007945 -0.566297 -0.343041 -0.749420 0.740510 -0.610989 -0.279888 -0.361875 -0.713453 0.600026
11.825636 -89.631725 753.349184 7782.707444 0.172170 0.034308 -0.984470 0.961574 -0.222818 0.160401 -0.213855 -0.974256 -0.071352
13.241168 -176.465481 253.640056 8107.310895 0.034690 0.006474 -0.999377 0.962851 -0.268167 0.031685 -0.267794 -0.963351 -0.015536
5.151709 -158.966008 3044.258586 -26763.122330 -0.022373 0.055941 -0.998183 0.985654 -0.165832 -0.031386 -0.167286 -0.984566 -0.051428
15.625747 -163.085833 1980.036548 35019.436772 0.172312 0.074411 -0.982228 0.927225 -0.348847 0.136235 -0.332510 -0.934221 -0.129106
-33.641841 -53.054779 -2092.289169 -1367.506396 -0.079048 0.996838 0.008109 -0.860484 -0.072338 0.504316 -0.503308 -0.032888 -0.863481
-32.265491 -62.073509 1902.786047 -6924.902029 -0.080954 0.996286 -0.029346 -0.891725 -0.059241 0.448683 -0.445278 -0.062491 -0.893209
-29.660268 -54.312254 2140.475639 1983.638352 -0.042552 0.998703 0.027957 -0.778088 -0.050679 0.626108 -0.626712 -0.004889 -0.779235
-58.105702 -83.718772 153.511346 7806.654102 0.446310 -0.045916 0.893700 0.093138 0.995642 0.004640 -0.890018 0.081167 0.448642
-61.027216 -88.351494 -380.260753 -181.087572 0.359314 -0.048753 0.931942 -0.191304 0.973579 0.124689 -0.913398 -0.223087 0.340494
-58.224476 -88.230442 632.322838 5.258177 0.512168 -0.023105 0.858574 -0.160239 0.979516 0.121948 -0.843805 -0.200035 0.497975
-49.855982 -87.455990 3974.029840 -61.836535 0.659105 0.021568 0.751741 -0.141781 0.985228 0.096043 -0.738565 -0.169885 0.652427
-54.808480 -86.854558 1912.679362 6367.882999 0.578221 0.059336 0.813720 -0.022959 0.998140 -0.056470 -0.815557 0.013970 0.578508
12.920002 -82.347876 3753.597775 10762.996165 0.704029 0.534303 0.467828 0.674360 -0.709520 -0.204499 -0.222668 -0.459458 0.859836
1.414822 -79.404808 2385.624763 1826.596335 0.725115 0.524776 0.445890 0.667698 -0.694212 -0.268792 -0.168487 -0.492625 0.853776
6.057368 -74.390699 4131.904524 -454.539913 0.738209 0.522493 0.426673 0.666421 -0.662908 -0.341228 -0.104555 -0.536241 0.837564
19.910425 -67.773174 6004.330136 2095.323263 0.714672 0.534309 0.451395 0.686835 -0.658136 -0.308406 -0.132295 -0.530443 0.837334
7.590372 -31.661826 -1690.988731 -1599.981683 0.035076 0.987254 -0.155236 -0.831487 -0.057345 -0.552576 0.554435 -0.148459 -0.818878
10.241898 -37.601512 -2865.878670 -1892.864281 -0.023323 0.974791 -0.221897 -0.894969 -0.119271 -0.429888 0.445517 -0.188565 -0.875190
4.651655 -31.847647 -2860.189832 -2432.694652 -0.023634 0.972689 -0.230907 -0.847905 -0.141864 -0.510814 0.529621 -0.183714 -0.828101
1.748333 -25.276494 -1952.627126 -2057.412649 0.016548 0.981419 -0.191162 -0.800697 -0.101499 -0.590408 0.598841 -0.162833 -0.784140
-1.266750 -28.208638 -1843.304016 -2591.414338 -0.069072 0.966661 -0.246568 -0.820667 -0.195586 -0.536891 0.567217 -0.165266 -0.806816
3.388047 -63.556599 -428.696044 -666.486424 0.480183 0.865738 0.141147 0.385697 -0.063867 -0.920412 0.787821 -0.496406 0.364580
5.327042 -64.187044 -147.929320 -689.685617 0.469720 0.873119 0.130482 0.414624 -0.087699 -0.905757 0.779391 -0.479554 0.403210
3.568837 -66.526246 56.952709 -631.285499 0.473183 0.872664 0.120648 0.270758 -0.013738 -0.962549 0.838325 -0.488128 0.242781
2.553663 -246.656911 -1699.746990 -28521.296185 0.397444 0.916061 -0.053575 -0.499067 0.264782 0.825120 -0.770046 0.301201 -0.562412
0.888500 -167.206133 -2239.566930 -17237.448001 0.393885 0.911565 -0.117912 -0.633439 0.362160 0.683809 -0.666040 0.194652 -0.720070
1.945585 -212.076642 -2662.645992 -32415.906832 0.403732 0.907398 -0.116741 -0.752527 0.401941 0.521676 -0.520291 0.122767 -0.845119
0.697009 -212.548171 -1081.057166 -37584.505426 0.442041 0.891428 -0.099777 -0.735051 0.423740 0.529287 -0.514101 0.160625 -0.842556
-12.011587 -51.854990 770.891531 1446.598786 -0.390203 -0.911461 -0.130311 0.908890 -0.358686 -0.212751 0.147173 -0.201455 0.968378
0.491332 -52.011118 5287.292689 1475.617133 0.440973 0.896555 0.041627 0.882671 -0.424808 -0.201074 0.162591 -0.125411 0.978691
-13.042270 -53.822800 -161.412772 87.789079 -0.409557 -0.907337 -0.094886 0.912195 -0.405834 -0.056566 0.012817 -0.109722 0.993880
-12.982879 -52.768164 1218.784328 547.896425 -0.390249 -0.909207 -0.145083 0.920423 -0.381323 -0.086103 0.022962 -0.167139 0.985666
-6.059180 -42.254109 176.189510 1562.988316 0.369842 0.920611 0.125266 0.820533 -0.260400 -0.508839 0.435824 -0.290976 0.851699
17.063629 -41.940917 8213.626958 201.167769 0.384479 0.918593 0.091450 0.758834 -0.258081 -0.597968 0.525688 -0.299301 0.796286
17.496213 -42.146386 10868.322201 735.416354 0.432503 0.900716 0.040656 0.778232 -0.350159 -0.521291 0.455299 -0.257099 0.852410
-9.819690 -46.801182 -442.889814 2173.024520 0.381106 0.915487 0.129001 0.872491 -0.309983 -0.377716 0.305806 -0.256502 0.916891
-9.200880 -41.822258 -246.393169 1566.832540 0.341651 0.927303 0.152913 0.843915 -0.231091 -0.484154 0.413621 -0.294458 0.861518
4.571522 -43.541198 4908.740990 1905.235438 0.435821 0.898069 0.059434 0.816382 -0.366650 -0.446193 0.378921 -0.242981 0.892961
1.340852 -54.562991 415.398849 2259.661601 0.470474 0.880919 0.051343 -0.287591 0.208082 -0.934876 0.834233 -0.425069 -0.351242
1.841057 -52.557682 280.830329 1385.900190 0.476046 0.878493 0.040380 -0.277414 0.193583 -0.941046 0.834519 -0.436779 -0.335861
1.107095 -56.760678 345.596574 1580.292206 0.475753 0.875823 0.081199 -0.145367 0.169338 -0.974779 0.867483 -0.451950 -0.207879
1.157013 -58.023472 -62.464940 1734.754587 0.483061 0.872550 0.072858 -0.179441 0.180098 -0.967143 0.857002 -0.454115 -0.243570
1.141196 -60.443508 -105.287204 873.099600 0.485374 0.868247 0.102758 -0.031797 0.134983 -0.990338 0.873728 -0.477417 -0.093125
0.528451 -60.446159 43.659190 1364.521159 0.480319 0.869609 0.114342 0.019766 0.119600 -0.992625 0.876871 -0.479037 -0.040257
32.218506 -43.455461 5700.198878 2469.182159 0.358235 0.928524 0.097519 -0.060412 -0.081179 0.994867 -0.931675 0.362288 -0.027013
34.811535 -40.212794 6444.273828 2448.501324 0.387120 0.915335 0.110906 0.039184 -0.136509 0.989864 -0.921196 0.378850 0.088712
36.499598 -40.048504 548.388962 1913.109024 0.252530 0.955044 0.155303 -0.049100 -0.147650 0.987820 -0.966342 0.257080 -0.009606
19.993392 -46.623756 6457.722853 2941.288616 0.435225 0.900045 0.022321 -0.019093 -0.015559 0.999697 -0.900119 0.435519 -0.010413
31.179387 -44.660358 1537.819142 2099.315415 0.262539 0.957463 0.119742 -0.150585 -0.081920 0.985197 -0.953099 0.276684 -0.122673
24.827538 -48.343496 5379.386509 2223.204335 0.379473 0.923783 0.051234 -0.140450 0.002783 0.990084 -0.914480 0.382906 -0.130802
10.114046 -282.904126 -701.392490 29190.720878 0.723109 0.313439 0.615524 -0.676429 0.140919 0.722901 -0.139846 0.939094 -0.313919
12.653351 -340.271193 1760.437158 47382.146960 0.699880 0.282800 0.655890 -0.698847 0.081385 0.710626 -0.147585 0.955720 -0.254594
8.976083 -420.671722 -1042.562896 109640.170770 0.706694 0.345905 0.617198 -0.542337 -0.295384 0.786524 -0.454373 0.890561 0.021149
15.823836 -276.071834 882.670646 10950.670808 0.699783 0.289308 0.653149 0.702582 -0.444047 -0.556058 0.129157 0.848011 -0.514000
19.174953 -278.635321 -2544.355696 -40363.767124 0.702607 0.359200 0.614263 -0.683421 0.581066 0.441924 0.198188 0.730299 -0.653746
2.655465 -16.184555 -5190.253999 1455.877210 -0.039184 0.750242 0.660001 0.365575 -0.603953 0.708235 -0.929957 -0.269031 0.250604
16.558231 -14.320922 -5682.664923 936.276906 -0.031069 0.785819 0.617676 0.355705 -0.568824 0.741561 -0.934082 -0.242750 0.261847
7.239382 -14.364066 -4368.501628 148.337013 -0.062840 0.811605 0.580817 0.381617 -0.518203 0.765398 -0.922182 -0.269747 0.277159
-3.516692 -16.467576 -4971.610835 48.636532 -0.116724 0.863271 0.491058 0.383249 -0.416991 0.824160 -0.916240 -0.284397 0.282175
-11.177173 -19.586370 -3897.327797 -1981.795053 0.031083 0.668347 0.743200 -0.359297 0.701329 -0.615665 -0.932705 -0.247893 0.261935
-4.582475 -20.577184 -3498.275862 -1949.568660 0.056780 0.590988 0.804680 -0.302038 0.778381 -0.550360 -0.951603 -0.211795 0.222698
-4.889644 -397.466715 7090.210052 85935.888588 -0.710715 -0.224120 -0.666824 -0.039679 0.959156 -0.280082 0.702360 -0.172599 -0.690579
9.388439 -1096.543754 1711.911085 407940.671508 -0.697872 -0.265763 -0.665090 -0.107609 0.956974 -0.269484 0.708092 -0.116496 -0.696444
-1.480756 -247.368251 2552.676346 -13402.465499 -0.687038 -0.392312 -0.611613 -0.415063 0.902770 -0.112822 0.596408 0.176345 -0.783071
-5.892289 -216.363441 1286.061510 -5066.147250 -0.669819 -0.379101 -0.638456 -0.291005 0.925085 -0.243995 0.683125 0.022361 -0.729959
-9.170375 -241.030512 951.028474 8326.612875 -0.665305 -0.305287 -0.681300 -0.015506 0.918024 -0.396221 0.746411 -0.253043 -0.615499
12.134464 -144.593876 101.875099 -4599.543646 0.752859 0.503693 0.423671 -0.625803 0.348394 0.697848 -0.203897 0.790516 -0.577504
12.099628 -150.090963 69.844303 -1497.034356 0.745594 0.506895 0.432605 -0.528983 0.055368 0.846824 -0.405298 0.860228 -0.309421
11.283261 -137.631812 -758.416410 -877.661800 0.733053 0.545613 0.406128 -0.574745 0.177581 0.798833 -0.363733 0.819007 -0.443764
11.632092 -129.873655 -705.140577 -4310.565635 0.748597 0.536976 0.388920 -0.646896 0.462937 0.605982 -0.145353 0.705227 -0.693921
8.231019 -127.408754 -1281.032593 -2525.646176 0.728196 0.567991 0.383559 -0.644790 0.378042 0.664327 -0.232330 0.731075 -0.641523
7.545306 -131.260790 -1356.590321 -2078.187042 0.715775 0.578566 0.391061 -0.558802 0.138682 0.817623 -0.418816 0.803760 -0.422568
-1.011349 -29.472249 -1016.313160 -1346.891613 -0.678262 0.339880 -0.651492 0.194101 0.937980 0.287262 0.708721 0.068383 -0.702167
4.782820 -27.263215 -2980.786320 4188.508118 -0.670996 0.284330 -0.684778 0.012989 0.927918 0.372558 0.741347 0.241090 -0.626323
5.806048 -27.494324 -1003.661594 357.167264 -0.713796 0.106023 -0.692282 -0.026778 0.983620 0.178253 0.699841 0.145774 -0.699265
-74.440509 -540.720422 -43092.141457 123426.331131 0.585612 -0.228609 -0.777687 0.724117 -0.283640 0.628652 -0.364299 -0.931282 -0.000563
-256.841159 -997.333799 -118183.098716 281566.161263 0.451524 -0.053579 -0.890649 0.765264 -0.490017 0.417437 -0.458799 -0.870065 -0.180252
-89.667844 -5223.721847 40097.845601 -1524280.733892 0.865679 0.187949 -0.463978 -0.483879 0.551709 -0.679322 -0.128303 -0.812584 -0.568547
-82.330396 -286.707397 2920.713455 -61602.900825 0.818429 -0.114486 -0.563087 -0.557654 0.078032 -0.826398 -0.138550 -0.990355 -0.000020
-22.251938 -454.348125 -14220.251392 122165.812589 0.632148 -0.138062 -0.762449 0.754628 -0.113627 0.646239 -0.175856 -0.983884 0.032356
-19.818374 -399.489642 -7412.227022 -88259.801748 0.974007 0.004816 0.226467 0.218295 0.246983 -0.944112 0.060480 -0.969008 -0.239511
-12.374077 -266.112813 -5788.108346 20486.822739 0.974709 0.027837 0.221736 0.132601 0.726629 -0.674112 0.179885 -0.686466 -0.704561
-46.386268 -263.967536 -13985.413212 -2546.989235 0.975138 -0.018734 0.220805 0.183152 0.629050 -0.755481 0.124745 -0.777139 -0.616842
-120.169960 -322.515351 -25278.198072 -3842.157666 0.953907 0.110993 0.278822 0.162565 0.589856 -0.790976 0.252257 -0.799844 -0.544624
-85.304611 -518.344509 -20093.888858 -115937.938986 0.967123 0.030863 0.252430 0.243066 0.179712 -0.953217 0.074784 -0.983235 -0.166302
-53.508587 -81.613343 1023.739714 5659.689787 0.236149 -0.957718 0.164346 0.968687 0.245366 0.037950 -0.076671 0.150238 0.985672
-35.873078 -83.763557 -4888.085438 5659.095561 -0.336866 0.940013 -0.053823 0.940163 0.338923 0.035001 -0.051144 0.038812 0.997937
-30.492014 -78.236508 -6528.675862 13927.830247 -0.355586 0.934254 0.026990 0.910173 0.352696 -0.217232 0.212469 0.052679 0.975747
-24.806456 -84.527872 1175.344701 6264.530636 0.159220 0.981111 0.109864 0.959585 -0.127641 -0.250806 0.232045 -0.145357 0.961783
-18.108015 -81.043820 3442.663850 9385.289115 0.071533 0.996811 0.035371 0.942765 -0.055991 -0.328724 0.325695 -0.056861 0.943764
-13.491793 -85.531555 7813.517214 -20.048980 0.068348 0.997657 -0.002968 0.995280 -0.068389 -0.068858 0.068900 -0.001753 0.997622
-24.261147 -47.936651 3261.619854 -3943.633656 0.646735 0.652810 -0.394428 -0.591727 0.755739 0.280567 0.481242 0.051941 0.875048
-32.746938 -52.028807 2703.502873 -2367.468471 0.807167 0.434410 -0.399713 -0.372903 0.900120 0.225227 0.457630 -0.032742 0.888540
-25.945224 -39.207103 2311.844271 148.069355 0.829662 0.177809 -0.529193 -0.107685 0.981092 0.160821 0.547782 -0.076441 0.833122
-19.532317 -36.749263 3271.836458 -4187.567385 0.617561 0.656954 -0.432469 -0.557126 0.753503 0.349061 0.555184 0.025373 0.831341
-14.724888 -46.910493 4509.204328 4580.101509 0.517431 0.760574 -0.392163 0.699536 -0.639907 -0.318070 0.492864 0.109753 0.863157
-16.250848 -56.137630 4385.211276 3257.501672 0.531949 0.761300 -0.370745 0.752170 -0.625921 -0.206066 0.388935 0.169246 0.905586
2.666237 -73.045829 -1728.709848 2358.325995 0.759751 -0.219237 0.612139 0.312748 -0.702170 -0.639646 -0.570059 -0.677417 0.464908
-0.284088 -85.155815 668.324899 1101.321281 0.759116 -0.178105 0.626116 0.317103 -0.738826 -0.594628 -0.568497 -0.649935 0.504377
7.951086 -65.736959 2079.197121 839.658904 0.119343 0.927996 0.352961 -0.068017 0.362308 -0.929573 0.990521 -0.086930 -0.106358
7.433814 -64.871315 506.129068 370.728139 0.143271 0.921888 0.359996 0.110433 0.346585 -0.931495 0.983503 -0.173212 0.052151
16.064788 -127.587836 -698.355740 10277.369615 -0.149536 0.960023 0.236633 -0.560035 -0.279470 0.779908 -0.814861 0.015899 -0.579438
17.205314 -120.561361 -717.159884 10494.000340 -0.146939 0.957987 0.246312 -0.498819 -0.286799 0.817879 -0.854160 0.002687 -0.520004
14.268172 -114.281021 -263.935136 15006.315851 -0.135633 0.955343 0.262534 -0.313479 -0.292750 0.903343 -0.939859 -0.040224 -0.339186
0.980759 -49.794126 -168.960649 811.782653 -0.178446 0.957903 0.224896 -0.024670 -0.232848 0.972200 -0.983640 -0.167937 -0.065182
1.001112 -49.358848 -48.165339 419.304538 -0.172334 0.955323 0.240122 0.060162 -0.233106 0.970589 -0.983200 -0.181712 0.017302
0.462015 -49.708990 -460.712281 -67.907001 -0.181202 0.954632 0.236313 0.110956 -0.218912 0.969415 -0.977167 -0.201881 0.066255
0.448300 -50.162889 -381.838319 -754.886788 -0.177327 0.948776 0.261494 0.194543 -0.226669 0.954345 -0.964732 -0.220103 0.144383
0.106811 -49.054571 -160.889128 326.190065 -0.173503 0.958681 0.225449 0.023566 -0.224814 0.974117 -0.984551 -0.174325 -0.016414
-1.422374 -50.034614 -446.070352 245.107311 -0.172770 0.957781 0.229794 0.142997 -0.206440 0.967954 -0.974527 -0.200093 0.101293
-0.603151 -49.934047 -239.942150 -366.598727 -0.168030 0.952297 0.254747 0.245963 -0.209747 0.946313 -0.954604 -0.221667 0.198986
-11.381990 -39.596951 -831.581494 981.543532 0.192353 0.964033 0.183412 0.821980 -0.056184 -0.566738 0.536050 -0.259775 0.803223
-12.863240 -41.075481 -151.095621 112.342366 0.115768 0.978111 0.172908 0.839321 -0.003240 -0.543627 0.531167 -0.208060 0.821324
-10.517758 -37.095673 -773.219529 -668.392626 0.197371 0.964378 0.176121 0.880511 -0.095409 -0.464324 0.430981 -0.246721 0.867977
-11.538517 -37.286271 35.507809 -1122.410686 0.132955 0.979156 0.153546 0.897602 -0.053263 -0.437577 0.420278 -0.196002 0.885974
-9.472510 -37.742405 -785.272185 -409.561075 0.220012 0.956961 0.189263 0.853130 -0.094675 -0.513035 0.473036 -0.274340 0.837242
-8.740270 -35.468147 -805.907506 -1293.465830 0.222465 0.957031 0.186016 0.913717 -0.138117 -0.382158 0.340045 -0.254983 0.905181
-9.701206 -36.033303 -411.310156 -2638.566122 0.198642 0.966020 0.165369 0.922295 -0.127174 -0.364964 0.331532 -0.225016 0.916217
-18.186741 -41.271730 -3770.039103 2124.047059 0.331213 -0.613283 0.717065 0.716208 0.658164 0.232090 -0.614283 0.436696 0.657231
-24.686607 -42.612884 5033.568393 172.550007 -0.090905 0.792759 -0.602719 0.849676 0.377410 0.368256 -0.519410 0.478639 0.707897
-13.538691 -34.918288 2685.956888 348.909171 -0.121803 0.750498 -0.649551 0.821427 0.443570 0.358473 -0.557155 0.489896 0.670508
-10.884317 -34.485792 -1449.561508 1985.870008 0.332680 -0.589128 0.736378 0.703998 0.674701 0.221733 -0.627464 0.444642 0.639205
5.757011 -132.416094 2163.091820 656.700092 0.712997 -0.350228 0.607433 -0.677418 -0.120513 0.725660 0.180943 0.928879 0.323176
1.093119 -135.704910 3578.744303 -1923.807743 0.699133 -0.368490 0.612722 -0.629592 0.088866 0.771827 0.338861 0.925374 0.169869
0.920740 -134.803337 2519.075401 1446.977250 0.726116 -0.347513 0.593288 -0.679595 -0.231674 0.696045 0.104435 0.908604 0.404390
6.424279 -129.492682 1317.665393 1305.501920 0.727413 -0.328105 0.602676 -0.686096 -0.363065 0.630441 -0.011959 0.872084 0.489209
-6.551114 -197.934419 467.303487 31430.881015 0.861441 0.000180 0.507858 0.433108 0.521955 -0.734834 0.265212 -0.852973 -0.449555
2.339867 -149.039762 -3477.952641 4029.978371 0.829955 -0.075010 0.552764 0.459472 0.653835 -0.601154 0.316324 -0.752910 -0.577118
-0.482463 -154.439001 -2477.030487 9470.335116 0.840542 -0.043574 0.539990 0.412696 0.697229 -0.586135 0.350957 -0.715523 -0.604033
-2.848327 -8.319814 682.925689 -1239.592626 0.133172 0.745332 0.653258 -0.707015 0.533354 -0.464396 0.694547 0.400018 -0.597989
-4.619489 -5.892155 -764.810525 -127.892601 -0.062664 0.870676 0.487848 -0.713590 0.302653 -0.631815 0.697755 0.387716 -0.602341
-2.105774 -6.569417 -420.378614 505.214855 -0.469173 0.882271 0.038398 -0.543721 -0.254330 -0.799802 0.695877 0.396123 -0.599034
-0.972497 -9.714163 -23.975257 1273.192621 -0.415508 0.901777 0.118964 -0.574603 -0.158842 -0.802871 0.705113 0.401956 -0.584163
179.143659 -4073.419656 -55213.011732 1796632.074708 0.720693 -0.006541 0.693224 0.550453 -0.602475 -0.577949 -0.421430 -0.798111 0.430599
68.780211 -786.608085 6524.971827 -37839.299360 0.774102 -0.093175 0.626166 0.603699 -0.189086 -0.774464 -0.190560 -0.977530 0.090122
51.925399 -526.068986 -556.346515 83757.189249 0.715331 -0.315973 0.623267 0.457691 -0.462125 -0.759578 -0.528034 -0.828614 0.185954
76.391896 -1626.188105 -22704.934391 -355163.701071 0.711218 -0.052158 0.701033 -0.234874 0.922302 0.306908 -0.662573 -0.382933 0.643708
-185.640993 -17321.284529 -27004.916015 34669221.009269 0.840806 0.040750 0.539801 0.428054 0.560375 -0.709049 0.331385 -0.827236 -0.453723
1541.711814 -7897.445481 -2898880.316241 33379367.917281 -0.621697 -0.099459 -0.776918 -0.430003 0.872401 0.232410 0.654668 0.478566 -0.585136
5.180699 -59.817042 2731.859732 -3662.841232 0.616123 -0.043453 0.786450 -0.488858 0.761794 0.425074 0.617584 0.646361 -0.448117
8.580681 -63.850966 1655.035961 -3131.099309 0.629783 -0.041040 0.775686 -0.494539 0.748883 0.441140 0.599003 0.661430 -0.451338
8.314743 -55.145024 -2360.089968 -1738.378400 -0.606278 0.012803 -0.795150 -0.431185 0.834850 0.342207 0.668212 0.550329 -0.500630
10.120728 -28.900995 2690.693787 2109.625391 -0.413610 0.904872 0.100665 -0.440180 -0.101958 -0.892102 0.796974 0.413293 -0.440478
8.934907 -34.179127 3490.384094 2211.777332 -0.446674 0.892800 0.058223 -0.350797 -0.114898 -0.929376 0.823058 0.435553 -0.364514
3.492036 -28.781201 2296.593904 2060.775696 -0.439490 0.894410 0.082942 -0.421049 -0.123564 -0.898582 0.793452 0.429841 -0.430896
43.794301 -471.873781 -7366.109530 102446.311185 0.176664 0.964003 0.198717 0.964339 -0.209946 0.161159 -0.197078 -0.163159 0.966716
32.392080 -345.309967 -4385.638827 -13271.509157 0.189812 0.964367 0.184304 0.754212 -0.263400 0.601486 -0.628599 -0.024835 0.777333
51.289202 -389.818250 -3473.327568 42256.992931 0.225496 0.971005 0.079378 0.931996 -0.238733 0.272746 -0.283788 -0.012477 0.958806
62.403999 -381.680303 6994.105452 61462.566630 -0.262822 -0.951102 -0.162265 0.953191 -0.229891 -0.196409 0.149502 -0.206290 0.967002
9.999272 -150.415530 -2267.309987 -4986.978769 0.026687 -0.078583 -0.996550 0.974277 -0.221109 0.043526 -0.223766 -0.972078 0.070661
156.924852 -2491.603134 -2900.835282 -670250.046451 -0.147415 -0.018388 -0.988904 0.983444 -0.109260 -0.144570 -0.105389 -0.993843 0.034190
11.450370 -148.321355 -3426.105189 18219.788410 0.077496 -0.084303 -0.993422 0.891230 -0.440766 0.106928 -0.446881 -0.893654 0.040976
-34.269179 -82.973108 2996.749500 -17772.674834 -0.076795 0.991601 -0.104069 -0.942893 -0.038296 0.330888 -0.324124 -0.123536 -0.937914
-32.281905 -58.132266 102.378309 -5097.460111 -0.008259 0.985791 -0.167772 -0.925120 0.056155 0.375499 -0.379585 -0.158310 -0.911511
-33.191239 -45.056526 -1175.435224 1817.514256 0.161311 0.961730 -0.221481 -0.934376 0.221069 0.279409 -0.317679 -0.161875 -0.934279
-31.005631 -56.345699 -744.707930 -5239.000025 0.069072 0.959798 -0.272060 -0.941540 0.152860 0.300228 -0.329746 -0.235417 -0.914246
-58.158226 -72.067306 565.397092 -10750.162784 0.402030 -0.092932 0.910898 -0.439361 0.853242 0.280964 -0.803327 -0.513169 0.302198
-60.435042 -82.722561 2.225158 -4091.538244 0.200284 -0.014023 0.979638 -0.367508 0.925811 0.088388 -0.908198 -0.377727 0.180271
-31.251910 -54.751114 19796.173736 847.494131 0.727292 -0.686316 0.004174 -0.184596 -0.201467 -0.961943 -0.661038 -0.698843 0.273217
-46.061331 -61.785866 11050.721284 -6027.358317 0.735339 -0.505690 0.451170 -0.069816 0.605669 0.792648 -0.674094 -0.614364 0.410066
-55.279477 -59.107839 -922.099144 -12786.484850 0.111862 0.167407 0.979521 -0.619499 0.782467 -0.062982 -0.776987 -0.599767 0.191237
3.390301 -92.522698 1645.865257 9547.820260 0.709149 0.524809 0.470832 0.635250 -0.765306 -0.103747 -0.305883 -0.372668 0.876102
-4.176634 -84.680069 1813.938419 422.213641 0.749941 0.498061 0.435344 0.637259 -0.720493 -0.273479 -0.177453 -0.482520 0.857721
13.927749 -43.158754 -3627.297848 -1459.344688 -0.052232 0.969283 -0.240339 -0.945711 -0.125318 -0.299877 0.320784 -0.211628 -0.923207
6.257479 -41.904982 -4373.020803 -1569.992201 -0.057146 0.962167 -0.266399 -0.933779 -0.145927 -0.326745 0.353258 -0.230086 -0.906791
13.961639 -42.208366 211.296677 -1520.912403 -0.046463 0.988334 -0.145039 -0.927778 -0.096510 -0.360435 0.370228 -0.117818 -0.921439
10.909123 -37.039404 -221.824125 -1752.294592 -0.009408 0.990518 -0.137057 -0.874194 -0.074692 -0.479798 0.485486 -0.115301 -0.866608
2.279386 -63.445693 971.907369 457.001316 0.305105 0.948835 -0.081381 0.950981 -0.308089 -0.026748 -0.050452 -0.069231 -0.996324
5.117789 -59.805651 282.225230 762.389401 0.309938 0.943946 -0.113595 0.947824 -0.316146 -0.041011 -0.074624 -0.094958 -0.992680
4.150667 -59.229920 -181.494650 873.636261 0.318960 0.940969 -0.113322 0.945589 -0.307839 0.105345 0.064241 -0.140757 -0.987958
3.520524 -61.323034 3.626664 439.674325 0.294618 0.949229 -0.110293 -0.929879 0.311372 0.195888 -0.220285 -0.044847 -0.974404
2.561551 -60.683380 737.285101 -132.266007 0.335361 0.938016 -0.087517 -0.930500 0.315276 -0.186469 0.147319 -0.143969 -0.978555
2.225603 -62.382173 920.301206 203.537569 0.283662 0.955646 -0.079227 -0.929236 0.294340 0.223348 -0.236762 -0.010266 -0.971514
0.713575 -63.826686 1478.700002 731.606861 0.295777 0.952901 -0.067042 -0.935992 0.303121 0.178989 -0.190881 -0.009810 -0.981564
-0.131915 -62.661298 1549.671401 -778.260757 0.334961 0.939967 -0.065296 -0.934375 0.322439 -0.151576 0.121423 -0.111783 -0.986287
-0.507376 -64.515719 1686.300860 1022.052401 0.310724 0.948220 -0.065796 0.950257 -0.311465 -0.001063 -0.021501 -0.062193 -0.997833
9.145043 -96.538603 814.217427 -2806.661376 0.252188 0.952739 0.169380 0.949006 -0.209285 -0.235769 -0.189178 0.220200 -0.956934
11.012986 -96.800459 -218.105662 888.626704 0.242093 0.962730 0.120588 -0.953353 0.212936 0.213954 -0.180303 0.166760 -0.969372
9.528885 -103.239250 1262.508433 665.475219 0.257910 0.949000 0.181333 0.960876 -0.271557 0.054528 0.100989 0.160175 -0.981909
5.792881 -97.742393 1553.518482 -2067.251227 0.263638 0.943334 0.201535 0.964251 -0.263510 -0.027961 0.026730 0.201702 -0.979082
6.124119 -93.079354 1038.953977 -4890.875486 0.257415 0.948834 0.182898 0.939247 -0.201211 -0.278083 -0.227053 0.243369 -0.942984
9.471801 -92.453283 266.659470 3102.476064 0.245157 0.956440 0.158495 -0.881475 0.151843 0.447153 -0.403608 0.249332 -0.880303
1.279976 -167.624427 -1831.701606 -3075.281279 0.378366 0.922857 -0.071934 -0.380758 0.225998 0.896631 -0.843719 0.311865 -0.436896
-10.891978 -49.605084 605.152323 2458.886497 0.410757 0.907880 0.083863 0.879351 -0.370184 -0.299509 0.240873 -0.196771 0.950401
6.106668 -47.952394 6298.292795 2192.484007 0.445280 0.894867 0.030650 0.842094 -0.406896 -0.353995 0.304307 -0.183437 0.934745
52.602287 -50.509747 21280.096395 1823.043618 0.497517 0.867243 -0.019151 0.826673 -0.480701 -0.292469 0.262848 -0.129677 0.956083
45.718499 -53.666398 19655.701905 681.251496 0.511036 0.859313 -0.020563 0.851498 -0.509367 -0.124486 0.117447 -0.046108 0.992008
167.830997 -48.789095 61815.712667 -1610.974011 0.476260 0.879278 -0.006830 0.737677 -0.403764 -0.541117 0.478550 -0.252674 0.840920
2.245673 -50.493857 163.388618 737.180985 0.468661 0.883362 0.005243 -0.385439 0.209826 -0.898560 0.794854 -0.419099 -0.438820
3.825116 -48.066944 422.079688 400.326477 0.464980 0.885243 -0.011748 -0.377071 0.186018 -0.907312 0.801007 -0.426312 -0.420294
2.594370 -50.377859 273.239580 959.522957 0.475153 0.879728 0.017578 -0.271220 0.165435 -0.948193 0.837060 -0.445769 -0.317207
41.276741 -35.353675 -337.479876 1683.003410 0.227799 0.951999 0.204463 0.068008 -0.225027 0.971976 -0.971330 0.207510 0.116005
42.266924 -36.516849 7090.437639 768.045397 0.387958 0.908299 0.156466 0.092616 -0.207322 0.973879 -0.917012 0.363332 0.164555
30.577828 -39.429634 8499.502407 1175.407509 0.444824 0.891648 0.084232 0.100157 -0.142983 0.984644 -0.890000 0.429557 0.152906
19.059061 -44.205984 7344.659653 2638.301083 0.453613 0.891035 0.017113 0.085038 -0.062390 0.994422 -0.887133 0.449627 0.104073
20.157408 -314.044179 4798.193187 44722.789476 0.676039 0.279246 0.681904 0.695746 -0.546714 -0.465877 0.242712 0.789383 -0.563885
-18.412365 -46.551719 -144.325893 761.221223 -0.353772 0.919294 -0.172466 -0.765044 -0.390483 -0.512084 0.538101 0.049217 -0.841442
-16.037516 -40.732379 -748.885620 -891.591433 -0.449486 0.839764 -0.304564 -0.601453 -0.536592 -0.591881 0.660467 0.082862 -0.746269
-18.242947 -40.302719 -501.036233 215.993022 -0.344690 0.905679 -0.246848 -0.739477 -0.423957 -0.522909 0.578241 -0.002297 -0.815863
-18.111108 -44.129856 -215.500753 599.694289 -0.260505 0.954919 -0.142365 -0.845772 -0.296827 -0.443354 0.465625 -0.004913 -0.884968
0.478404 -143.417903 684.709853 7871.390330 -0.566736 -0.802810 -0.185221 0.674294 -0.322773 -0.664188 0.473432 -0.501313 0.724256
1.651082 -161.785448 -263.962038 11326.629243 0.574297 0.801721 0.165607 0.569396 -0.245837 -0.784444 0.588193 -0.544800 0.597680
0.256596 -130.477615 -600.337387 7353.348670 0.586768 0.794899 0.154399 0.499701 -0.205414 -0.841489 0.637183 -0.570912 0.517742
-2.290708 -139.432956 1262.582915 8046.068238 -0.568901 -0.800422 -0.188879 0.655520 -0.302645 -0.691881 0.496634 -0.517426 0.696868
0.101854 -442.317833 -4859.285650 -101631.010502 0.984167 0.026811 0.175202 0.155210 0.346935 -0.924957 0.085583 -0.937506 -0.337281
-51.022199 -76.026679 -1353.552738 4045.129052 -0.094484 -0.958498 0.268986 0.991933 -0.067705 0.107170 -0.084511 0.276942 0.957163
-30.223769 -47.499376 3408.913417 73.155593 0.862582 -0.013556 -0.505735 0.094191 0.986466 0.134210 0.497071 -0.163403 0.852185
-38.597312 -56.599197 3078.484479 -988.396013 0.912761 0.110572 -0.393245 -0.035057 0.980321 0.194272 0.406988 -0.163538 0.898675
15.063985 -69.775077 -5538.759833 2956.140888 0.752441 -0.216159 0.622180 0.338055 -0.683969 -0.646456 -0.565290 -0.696751 0.441572
32.050438 -77.065437 -11139.461608 -7846.358906 0.732875 -0.180379 0.656017 0.435241 -0.616806 -0.655832 -0.522933 -0.766168 0.373533
6.969561 -62.439130 -793.916669 -1653.982299 0.182766 0.911988 0.367253 0.229959 0.323529 -0.917850 0.955885 -0.252205 0.150590
7.786476 -63.097122 -593.310757 1261.533868 0.186862 0.917413 0.351333 0.042491 0.349750 -0.935879 0.981467 -0.189809 -0.026373
6.300132 -61.386961 -705.382541 -2154.533828 0.168561 0.909696 0.379526 0.334943 0.309262 -0.890040 0.927039 -0.277145 0.252567
19.863216 -131.132282 -900.638855 -6655.723867 -0.165078 0.956344 0.241153 -0.844224 -0.263430 0.466788 -0.509937 0.126531 -0.850855
1.608901 -50.040698 284.848236 1281.907276 -0.163579 0.959148 0.230817 -0.071290 -0.244850 0.966937 -0.983951 -0.141716 -0.108430
1.399372 -50.494556 153.254959 235.545810 -0.161117 0.956305 0.243973 -0.008914 -0.248602 0.968565 -0.986895 -0.153877 -0.048578
0.104100 -51.951862 424.904572 -491.641474 -0.154363 0.952695 0.261811 0.143417 -0.240575 0.959977 -0.977550 -0.185733 0.099496
-13.027993 -43.120471 -626.204564 -1122.206393 0.118409 0.970606 0.209531 0.801326 0.031210 -0.597414 0.586393 -0.238641 0.774076
-14.686805 -44.719653 -213.943826 -1778.058502 0.064263 0.980445 0.186004 0.803420 0.059728 -0.592410 0.591935 -0.187509 0.783871
