17331
34653
-31.044474 -46.370812 218.148514 5259.489814 -0.445106 0.849853 -0.282189 0.894096 0.404277 -0.192748 -0.049725 -0.338097 -0.939797
-37.023253 -56.256688 -1007.842664 3967.444748 -0.332229 0.883540 -0.330124 0.927932 0.243458 -0.282261 -0.169017 -0.400107 -0.900748
-34.409495 -62.823746 507.916786 8165.437020 -0.065112 0.937877 -0.340804 0.986036 0.008013 -0.166338 -0.153273 -0.346876 -0.925302
-31.255148 -50.197720 349.979781 3898.716705 -0.616383 0.731836 -0.290669 0.782178 0.526390 -0.333334 -0.090941 -0.432816 -0.896883
-24.261049 -52.654353 3399.852933 8577.413707 -0.124607 0.961154 -0.246286 0.992165 0.118440 -0.039755 -0.009040 -0.249310 -0.968381
-25.962880 -34.955350 236.372122 3248.289452 0.717586 -0.663988 0.210214 0.695734 0.697269 -0.172540 0.032011 -0.270066 -0.962310
-26.996272 -40.398711 334.940153 2728.765146 0.807971 -0.541344 0.232659 0.589003 0.752822 -0.293827 0.016089 -0.374441 -0.927111
57.108756 -66.936557 -8443.083067 -6802.314216 0.459708 0.884585 -0.078601 -0.714598 0.421009 0.558660 -0.527274 0.200652 -0.825664
55.946462 -106.485714 -6779.191978 -19890.618500 0.471879 0.881550 0.014164 -0.656525 0.340614 0.673021 -0.588477 0.326883 -0.739488
41.058716 -86.296839 -6881.749062 -16621.159390 0.418706 0.900638 -0.116347 -0.652496 0.387474 0.651239 -0.631612 0.196762 -0.749900
38.200446 -119.711719 -6436.560969 -19097.624568 0.408480 0.912417 -0.025288 -0.519659 0.255244 0.815356 -0.750399 0.319915 -0.578407
42.218213 -60.145108 -7309.812197 -3348.336753 0.424884 0.882392 -0.202135 -0.678321 0.458201 0.574397 -0.599462 0.106940 -0.793227
-32.212947 -40.179883 -384.472068 2076.286119 -0.569490 0.799769 -0.189868 -0.394006 -0.468310 -0.790851 0.721415 0.375573 -0.581812
-31.873990 -43.419710 -96.852248 3801.496824 -0.538583 0.792690 -0.285607 -0.314867 -0.503763 -0.804414 0.781529 0.343315 -0.520910
-31.871272 -35.883591 -101.776651 591.879023 -0.316117 0.948416 0.024046 -0.566723 -0.168447 -0.806505 0.760852 0.268577 -0.590738
-29.310735 -30.086783 439.575890 -218.631192 -0.680721 0.458772 -0.571093 0.163459 0.855075 0.492064 0.714073 0.241608 -0.657058
-29.905614 -31.896453 -4.719338 -694.646825 -0.670324 0.599752 -0.436993 0.252736 0.738196 0.625453 0.697703 0.308812 -0.646410
21.666076 -36.740393 3068.179815 -380.466033 0.372180 0.554086 -0.744628 0.774724 -0.627277 -0.079541 -0.511160 -0.547277 -0.662724
24.393100 -37.128748 5597.888365 -140.612631 0.370465 0.541294 -0.754823 0.818610 -0.574262 -0.010040 -0.438900 -0.614186 -0.655852
16.970587 -37.662974 1312.569787 70.950560 0.376286 0.547736 -0.747258 0.818685 -0.574179 -0.008617 -0.433779 -0.608527 -0.664478
28.502781 -36.320737 4144.398351 -384.204332 0.340072 0.519148 -0.784115 0.787573 -0.612868 -0.064197 -0.513887 -0.595716 -0.617286
16.700308 -37.155353 -361.136963 229.072330 0.338039 0.587792 -0.735004 0.795672 -0.595589 -0.110359 -0.502628 -0.547516 -0.669022
25.979414 -35.562809 -4798.817194 405.022233 -0.359565 -0.539350 0.761455 -0.741466 0.660575 0.117769 -0.566517 -0.522247 -0.637430
18.492982 -36.291229 -2709.740683 10.341599 -0.359037 -0.574140 0.735837 -0.731342 0.662886 0.160377 -0.579855 -0.480567 -0.657893
-6.882991 -34.517776 1244.163572 -974.622059 -0.719141 0.675690 -0.162110 0.636256 0.734092 0.237248 0.279309 0.067471 -0.957828
-7.768243 -37.025477 214.909226 -1137.717761 -0.755545 0.617499 -0.218741 0.592096 0.786566 0.175315 0.280311 0.002943 -0.959905
-8.447305 -38.715944 1320.143551 -1581.286217 -0.728023 0.664466 -0.168723 0.651350 0.747192 0.132086 0.213835 -0.013736 -0.976773
-6.242668 -37.164557 1812.618631 -1455.269285 -0.707533 0.692692 -0.139907 0.673685 0.720936 0.162482 0.213414 0.020709 -0.976742
14.192768 -28.280948 674.669689 -1321.152205 -0.226267 -0.665066 0.711681 -0.132358 0.744846 0.653977 -0.965031 0.053777 -0.256561
15.676111 -31.055620 764.548771 -816.523975 -0.221264 -0.691371 0.687785 -0.061024 0.713699 0.697789 -0.973303 0.112424 -0.200106
11.582218 -28.214096 1779.427224 -830.421845 -0.195255 -0.686138 0.700778 -0.097458 0.724569 0.682277 -0.975898 0.064922 -0.208346
2.687312 -38.594624 218.761815 -281.576480 -0.643473 0.750068 -0.152774 -0.706756 -0.658821 -0.257781 0.294005 0.057901 -0.954049
3.649832 -40.738728 106.198537 372.040401 -0.645890 0.746690 -0.158996 -0.732800 -0.664782 -0.145151 0.214081 -0.022761 -0.976551
3.668258 -39.166792 -661.384552 104.675266 -0.649996 0.737993 -0.181306 -0.706361 -0.674718 -0.214033 0.280285 0.011053 -0.959853
2.666381 -41.116762 862.518523 -507.879521 -0.643403 0.752582 -0.140186 -0.735155 -0.658498 -0.161021 0.213493 0.000543 -0.976944
2.060326 -38.212588 63.202318 -900.742582 -0.660128 0.733556 -0.161640 -0.656178 -0.667887 -0.351222 0.365598 0.125787 -0.922234
1.965799 -37.441248 447.197585 -842.074683 -0.649022 0.746639 -0.145946 -0.667103 -0.650763 -0.362604 0.365710 0.137977 -0.920445
1.619688 -38.802034 404.153248 -467.065233 -0.642371 0.752174 -0.146949 -0.701945 -0.654398 -0.281134 0.307625 0.077442 -0.948351
-3.737165 -57.040601 -569.264739 -2457.708064 -0.503159 0.797786 -0.332218 0.825778 0.330502 -0.457012 -0.254799 -0.504288 -0.825089
-1.191163 -63.219545 -253.770521 -1911.870824 -0.515077 0.793953 -0.323006 0.846449 0.411809 -0.337547 -0.134980 -0.447271 -0.884154
0.426359 -58.165033 -1087.874942 -1297.785859 -0.570175 0.755987 -0.321534 0.809887 0.451617 -0.374334 -0.137782 -0.473842 -0.869764
-6.405969 -59.241492 -518.022469 -3309.965676 -0.440956 0.823866 -0.356093 0.848198 0.252796 -0.465462 -0.293459 -0.507285 -0.810274
-2.036264 -52.727389 -1452.169799 -2305.488729 -0.541036 0.770883 -0.336183 0.795967 0.340321 -0.500618 -0.271509 -0.538443 -0.797723
-5.588567 -52.211490 -840.103301 -2826.023785 -0.483470 0.801085 -0.352872 0.790407 0.226269 -0.569263 -0.376184 -0.554134 -0.742577
-7.257198 -69.421673 27.428135 1680.370566 -0.245509 0.944511 -0.218231 -0.952595 -0.276791 -0.126293 0.179689 -0.176880 -0.967691
-7.917028 -70.224328 618.673606 -134.070994 -0.257447 0.942617 -0.212587 -0.900302 -0.313896 -0.301540 0.350967 -0.113762 -0.929452
-7.788900 -68.166131 716.884021 -1723.980066 -0.230221 0.947578 -0.221574 0.956949 0.261804 0.125331 0.176770 -0.183181 -0.967056
-7.791806 -64.093338 800.015306 -1412.317592 -0.208907 0.950765 -0.228919 0.976243 0.216516 0.008353 0.057506 -0.221736 -0.973410
-6.917950 -65.296376 567.984296 -1665.514227 -0.224924 0.951419 -0.210263 0.974375 0.219971 -0.046968 0.001565 -0.215439 -0.976516
8.233152 -78.899280 -675.615370 -1227.609850 -0.078057 0.960172 -0.268284 0.876651 0.194256 0.440169 -0.474754 0.200833 0.856899
7.192331 -78.340018 -1745.844389 -604.487185 -0.078585 0.969134 -0.233675 0.956108 0.139641 0.257601 -0.282280 0.203175 0.937570
6.795246 -76.396520 -582.842588 -632.172226 -0.078628 0.963068 -0.257521 0.896218 0.181418 0.404823 -0.436591 0.198965 0.877383
8.082790 -74.391695 -1211.376815 132.982677 -0.088076 0.965351 -0.245640 0.844719 0.203074 0.495187 -0.527913 0.163883 0.833337
-3.503642 -7.316880 327.466807 2402.494905 0.361465 0.586354 -0.724935 0.137501 0.735482 0.663445 0.922191 -0.339492 0.185227
4.560701 -3.593372 -3356.997859 1453.233494 0.112320 -0.229736 -0.966750 0.365242 0.914345 -0.174848 0.924112 -0.333459 0.186609
-1.361679 -8.325696 -1756.199364 1922.978909 0.204228 0.025231 -0.978598 0.335225 0.937424 0.094129 0.919737 -0.347274 0.182990
-6.612871 -12.057680 -268.530423 1680.546405 0.344649 0.490977 -0.800099 0.212020 0.789583 0.575853 0.914475 -0.368104 0.168032
-5.164883 -13.779153 1184.152182 -2304.571353 0.389865 0.812146 -0.434078 -0.025831 -0.461547 -0.886740 0.920510 -0.356921 0.158962
0.933232 -69.994829 3813.797214 8798.582643 0.131420 0.927424 -0.350161 0.674694 0.175114 0.717023 -0.726303 0.330483 0.602714
-4.887460 -62.283665 3895.009690 10677.999330 0.088341 0.920928 -0.379590 0.756520 0.185868 0.627001 -0.647976 0.342557 0.680281
3.640221 -48.564483 1444.178527 4464.547624 0.094904 0.946127 -0.309575 0.764716 0.129809 0.631157 -0.637341 0.296636 0.711199
-9.808761 -34.494847 -324.399330 1940.406082 0.715075 -0.565657 0.410731 -0.649199 -0.319466 0.690276 0.259245 0.760246 0.595666
-8.789824 -37.167096 210.361270 3442.450198 0.731916 -0.570014 0.373340 -0.615704 -0.318532 0.720725 0.291903 0.757378 0.584099
-9.552812 -38.476238 -1515.625830 2749.766853 0.749348 -0.520237 0.409672 -0.605570 -0.288110 0.741807 0.267885 0.803957 0.530934
-9.655786 -34.229594 -1395.099562 878.322345 0.738860 -0.526495 0.420582 -0.634396 -0.333018 0.697597 0.227220 0.782241 0.580060
7.507964 -22.410779 2322.101988 696.871775 0.766683 -0.638577 0.066460 0.103563 0.020846 -0.994404 -0.633618 -0.769276 -0.082115
8.352862 -38.399953 3431.122174 7299.050438 0.766097 -0.639330 0.065978 0.100930 0.018287 -0.994725 -0.634751 -0.768715 -0.078537
3.438558 -33.562421 966.687194 4797.797599 0.754635 -0.644994 0.120453 0.142737 -0.017808 -0.989600 -0.640432 -0.763980 -0.078626
4.114638 -23.234054 675.526538 -1669.517020 0.764494 -0.641997 0.058215 0.101941 0.031230 -0.994300 -0.636519 -0.766071 -0.089321
3.516524 -107.895000 21.918747 4440.991146 -0.313916 0.866083 -0.389046 0.795369 0.016109 -0.605911 0.518502 0.499640 0.693913
3.820000 -115.709350 573.832863 1727.600763 0.271404 -0.877564 0.395249 0.924397 0.123320 -0.360946 0.268011 0.463329 0.844687
4.090610 -111.282321 504.041668 2107.323101 0.278119 -0.875104 0.396033 0.904099 0.099233 -0.415641 0.324429 0.473651 0.818780
4.187742 -101.361288 -57.837086 1661.475843 0.308721 -0.865372 0.394743 0.813343 0.025022 -0.581246 0.493117 0.500504 0.711570
-4.510060 -96.408282 -84.161925 -7183.618025 0.123163 0.388331 0.913253 -0.367414 0.872708 -0.321540 -0.921866 -0.295940 0.250163
-4.773354 -98.179539 1082.408722 -4147.089086 0.170706 0.373954 0.911602 -0.296848 0.901715 -0.314311 -0.939543 -0.216952 0.264936
-7.202682 -113.267580 1283.466955 -5708.792275 0.165242 0.401125 0.900996 -0.080512 0.915992 -0.393036 -0.982961 -0.007595 0.183656
-10.786767 -116.415195 650.755791 -6172.507694 0.122342 0.418544 0.899919 -0.014045 0.907369 -0.420099 -0.992389 0.038756 0.116888
-7.639444 -100.563718 33.734548 -6731.868967 0.104125 0.408054 0.907001 -0.226589 0.897708 -0.377860 -0.968409 -0.166172 0.185934
-9.829029 -130.635220 1522.229247 -5828.551953 0.161388 0.440688 0.883033 0.181250 0.866307 -0.465468 -0.970104 0.235171 0.059937
-11.512507 -28.828980 -2083.888725 228.660491 0.322661 0.940941 -0.102569 -0.585744 0.113379 -0.802527 0.743501 -0.319024 -0.587733
-17.023889 -31.090335 -1260.573201 101.941110 0.199578 0.963661 -0.177558 -0.620746 -0.015868 -0.783851 0.758184 -0.266658 -0.595022
-16.349092 -30.094462 -1451.029719 -513.866274 0.201711 0.955660 -0.214536 -0.554534 -0.069121 -0.829285 0.807344 -0.286244 -0.516004
-16.183548 -29.949031 -1276.742224 -687.363288 0.220305 0.952871 -0.208574 -0.486853 -0.077875 -0.870005 0.845245 -0.293212 -0.446752
-12.792388 -30.050279 -1366.310879 -130.517263 0.283490 0.945582 -0.159715 -0.524782 0.013571 -0.851129 0.802644 -0.325102 -0.500071
1.815356 -189.675634 -274.817980 -968.418898 -0.138285 -0.648011 -0.748972 0.003394 0.755923 -0.654651 0.990387 -0.093070 -0.102333
3.352384 -208.126694 -1473.024553 -8192.815185 0.134300 0.701883 0.699517 -0.327144 0.697738 -0.637290 0.935383 0.143254 -0.323323
1.625646 -177.187868 42.131934 1571.405483 -0.149667 -0.645166 -0.749240 -0.056803 0.762134 -0.644922 0.987103 -0.053964 -0.150714
3.386651 -193.201504 -996.065321 5654.723925 -0.129447 -0.618607 -0.774964 0.299314 0.720707 -0.625294 0.945333 -0.312900 0.091864
0.726320 -168.545420 635.495146 3322.309164 -0.170613 -0.629504 -0.758034 0.002438 0.769042 -0.639194 0.985335 -0.110903 -0.129673
2.601899 -182.721348 928.258137 6841.203584 -0.167635 -0.594345 -0.786544 0.300376 0.729107 -0.614962 0.938974 -0.339348 0.056303
-1.469176 -179.359746 603.589480 -6491.492134 -0.152115 -0.680102 -0.717163 -0.304796 0.722522 -0.620534 0.940192 0.124196 -0.317199
-14.931778 -209.896960 1040.671353 5936.886447 -0.238778 -0.336634 -0.910858 0.836802 0.404579 -0.368888 0.492695 -0.850290 0.185092
-7.409915 -196.683909 5.189609 26615.508809 -0.379315 -0.333003 -0.863267 0.899791 0.084673 -0.428026 0.215629 -0.939116 0.267515
-7.497273 -151.696383 2700.309819 18611.160483 -0.300394 -0.312633 -0.901124 0.838911 0.362953 -0.405577 0.453863 -0.877796 0.153242
-2.800500 -143.094212 977.802603 1150.117627 -0.217791 -0.253781 -0.942424 0.802233 0.503400 -0.320951 0.555868 -0.825944 0.093956
-8.063332 -143.645832 2095.148057 -2969.519066 -0.190085 -0.263910 -0.945632 0.756913 0.574037 -0.312354 0.625261 -0.775134 0.090642
-4.004057 -12.976216 -1509.934281 1389.139800 0.239900 0.119192 -0.963453 0.355557 0.912688 0.201445 0.903343 -0.390889 0.176574
3.509206 -9.786719 -2614.698079 1153.927221 0.144663 -0.139109 -0.979654 0.392943 0.916728 -0.072149 0.908113 -0.374510 0.187279
-5.931830 -27.916733 350.122305 -10.984360 0.144037 0.714859 -0.684274 0.987887 -0.063537 0.141570 0.057726 -0.696377 -0.715351
-3.216827 -26.839298 1706.186019 635.016757 0.049509 0.742836 -0.667640 0.995785 0.014958 0.090485 0.077202 -0.669306 -0.738965
-6.652166 -26.955383 833.107039 904.520435 0.154923 0.726624 -0.669340 0.979132 -0.022731 0.201950 0.131527 -0.686659 -0.714982
-8.874876 -28.648820 -201.363095 328.611101 0.253844 0.689897 -0.677942 0.959444 -0.090758 0.266889 0.122597 -0.718195 -0.684957
-6.993145 -29.721396 499.011809 131.102027 0.167802 0.702870 -0.691243 0.985650 -0.106577 0.130901 0.018336 -0.703289 -0.710668
15.791127 -115.980080 -635.363193 -3070.358082 -0.369638 0.887477 -0.275233 -0.702046 -0.460792 -0.542957 0.608687 0.007471 -0.793375
15.149850 -111.301671 -444.368507 -8025.471524 -0.380520 0.869466 -0.315012 -0.594653 -0.490926 -0.636694 0.708232 0.054952 -0.703838
13.035676 -118.449311 318.863834 297.403193 -0.392432 0.883211 -0.256779 -0.540667 -0.447357 -0.712426 0.744095 0.140746 -0.653080
11.385169 -143.334288 824.753843 13860.929305 -0.390142 0.898892 -0.199454 -0.577213 -0.407539 -0.707628 0.717366 0.160948 -0.677851
10.136814 -180.796075 1783.223494 34718.935216 -0.413660 0.876601 -0.245878 -0.407871 -0.419882 -0.810766 0.813958 0.235095 -0.531228
-1.749932 -184.918830 3548.511900 -53606.939226 0.818316 0.402538 0.410270 -0.449966 0.004546 0.893034 -0.357615 0.915392 -0.184848
3.531556 -377.045674 3176.341820 -105682.626825 0.804357 0.362319 0.470887 -0.400895 -0.253975 0.880216 -0.438512 0.896784 0.059034
5.182420 -133.341173 2746.400507 -38203.634754 0.827596 0.417005 0.375756 -0.441635 0.070535 0.894418 -0.346472 0.906163 -0.242538
12.416639 -58.503307 10542.459419 -10412.566461 -0.094864 0.991875 -0.084765 0.083995 0.092820 0.992134 -0.991940 -0.086998 0.092118
12.725916 -68.836973 3652.690698 239.491664 -0.206920 0.971914 -0.112103 0.267470 0.166414 0.949087 -0.941087 -0.166401 0.294392
15.481527 -51.035127 -3613.825824 -10107.819277 -0.326068 0.932524 -0.155174 0.067666 0.186747 0.980075 -0.942921 -0.309071 0.123993
5.216873 -71.109145 13093.459878 2142.048428 -0.081070 0.995165 -0.055445 0.297848 0.077275 0.951481 -0.951165 -0.060623 0.302672
23.209789 -25.943173 6115.611189 -22317.689302 -0.194901 0.946891 -0.255757 -0.215095 0.213147 0.953049 -0.956947 -0.240762 -0.162129
-39.419262 -43.952688 -434.412271 -1531.088624 0.373317 0.868522 -0.326044 0.668307 -0.495534 -0.554808 0.643428 0.010778 0.765430
-40.365060 -48.660885 158.915295 1900.769899 0.606607 0.679213 -0.413155 -0.483063 0.727657 0.486996 0.631410 -0.095835 0.769505
-39.747324 -47.702706 -844.142436 2948.530780 0.518819 0.699360 -0.491653 -0.465232 0.713469 0.523947 0.717207 -0.043101 0.695526
-39.385214 -42.245015 525.716776 -870.921802 0.161340 0.941323 -0.296447 0.690013 -0.322354 -0.648051 0.705586 0.099995 0.701534
-40.832982 -48.323744 -288.252418 -3766.040374 0.407015 0.715302 -0.568050 0.468110 -0.697364 -0.542731 0.784354 0.045010 0.618678
-41.067666 -55.049144 -878.539672 -2102.141727 0.489417 0.711535 -0.504172 0.344140 -0.688812 -0.638048 0.801273 -0.138766 0.581984
-32.580496 -47.278914 -542.176233 1704.060762 -0.389977 0.895126 -0.216024 0.660668 0.108572 -0.742786 0.641433 0.432390 0.633722
-31.625783 -43.307462 244.106427 2366.474291 -0.399746 0.915035 -0.053987 0.539135 0.187079 -0.821179 0.741307 0.357369 0.568112
-31.383835 -44.575856 -357.440396 1267.851855 -0.463844 0.885416 -0.029778 0.459509 0.211714 -0.862571 0.757430 0.413781 0.505059
12.615572 -110.169992 612.178510 -18067.236781 -0.266265 -0.615358 0.741915 0.903791 0.108171 0.414079 -0.335060 0.780791 0.527353
11.850170 -71.925031 1159.784530 -15297.693248 -0.146971 -0.618323 0.772060 0.863239 0.300900 0.405311 -0.482926 0.726041 0.489537
15.830004 -84.489023 1328.027451 -18253.907027 -0.165148 -0.594093 0.787261 0.832913 0.343469 0.433918 -0.528187 0.727381 0.438105
19.830776 -42.887212 -562.150902 -7240.381289 0.054998 -0.520630 0.852009 0.805111 0.527820 0.270560 -0.590569 0.671082 0.448194
22.133813 -50.650901 376.256390 -9425.286965 0.004552 -0.511667 0.859172 0.762938 0.557205 0.327793 -0.646455 0.654003 0.392906
80.566795 -94.998090 -21525.279121 -11338.968096 -0.516276 -0.751044 -0.411573 0.843434 -0.529264 -0.092192 -0.148590 -0.394731 0.906702
50.018562 -95.320710 -6744.479659 -10115.222368 -0.623397 -0.712506 -0.322043 0.771659 -0.627082 -0.106352 -0.126171 -0.314807 0.940732
38.103642 -105.848887 -1592.559408 -6538.819447 -0.635337 -0.672445 -0.379690 0.771289 -0.528229 -0.355088 0.038213 -0.518451 0.854253
37.448006 -103.601932 2530.351941 -7624.686963 -0.645493 -0.695700 -0.315184 0.762682 -0.565148 -0.314522 0.040688 -0.443407 0.895396
35.719398 -105.379790 5935.425915 4223.771048 -0.664482 -0.659853 -0.350797 0.704809 -0.397319 -0.587692 0.248411 -0.637755 0.729082
166.472851 10.347394 -17101.492937 2451.464212 0.330219 0.914139 0.235171 -0.526844 -0.028226 0.849493 -0.783193 0.404417 -0.472288
183.847911 -4.616554 -41837.218600 5191.046849 0.044238 0.997742 -0.050531 -0.373716 0.063435 0.925371 -0.926487 0.022052 -0.375679
1214.935974 -24.770977 -347354.171538 4761.461300 0.022898 0.954764 0.296483 -0.547707 -0.236115 0.802662 -0.836357 0.180765 -0.517524
1008.855162 -3.181674 -247661.073951 5457.019400 0.252617 0.686797 0.681538 0.761888 0.292993 -0.577653 -0.596416 0.665180 -0.449247
426.510909 53.106645 -98372.228559 7640.177133 0.282555 0.696826 0.659239 0.798885 0.209477 -0.563829 -0.530986 0.685969 -0.497495
-1.744482 -35.941945 2989.395642 -675.407290 -0.232635 -0.827821 0.510484 0.969744 -0.157492 0.186530 -0.074016 0.538432 0.839412
4.515210 -33.057328 4194.123290 -781.640104 -0.273385 -0.822463 0.498814 0.949987 -0.149481 0.274190 -0.150947 0.548826 0.822195
7.710177 -35.909963 4043.021485 -682.283370 -0.274281 -0.817514 0.506399 0.960104 -0.202950 0.192386 -0.054505 0.538963 0.840564
1.220264 -38.184696 3843.187653 -1228.644680 -0.242718 -0.832412 0.498174 0.969950 -0.217177 0.109689 0.016885 0.509827 0.860111
1.488186 -51.332552 -336.088506 -2260.521613 0.246230 0.660833 -0.708992 0.963119 -0.084937 0.255320 0.108504 -0.745711 -0.657375
1.526442 -53.257203 -113.860369 -2286.531440 0.217990 0.654908 -0.723585 0.967694 -0.048808 0.247356 0.126679 -0.754131 -0.644391
0.446385 -52.623233 -398.404576 -1421.607743 0.216527 0.658980 -0.720321 0.945796 0.041335 0.322120 0.242045 -0.751024 -0.614310
2.133868 -50.731267 -482.942546 -1681.429525 0.249933 0.663143 -0.705531 0.951406 -0.032821 0.306184 0.179888 -0.747773 -0.639122
3.149775 -48.233304 -306.840264 -835.637196 0.274960 0.663541 -0.695780 0.960191 -0.152408 0.234104 0.049295 -0.732451 -0.679033
-4.737863 -86.828482 -200.667131 1414.870218 -0.585058 -0.454113 0.671929 0.683514 0.169811 0.709910 -0.436480 0.874612 0.211043
2.780911 -78.573877 -2976.771159 4065.011964 -0.611472 -0.423332 0.668500 0.741054 -0.010214 0.671368 -0.277384 0.905917 0.319958
5.035152 -85.493675 -3713.595342 540.855963 -0.621292 -0.409636 0.667978 0.668596 0.167417 0.724535 -0.408627 0.896755 0.169866
11.599797 -83.430232 -6137.360754 2474.555679 -0.629306 -0.376953 0.679618 0.719406 0.048253 0.692912 -0.293989 0.924975 0.240816
2.270271 -88.373169 3332.901359 364.277320 0.608834 0.410860 -0.678613 0.585435 0.344568 0.733853 -0.535338 0.844078 0.030747
13.405076 -86.143715 -5172.400563 52.777190 -0.618128 -0.394144 0.680123 0.631277 0.266665 0.728271 -0.468409 0.879511 0.083981
-0.264409 -110.105272 224.709748 3008.022716 -0.159270 -0.555471 0.816140 0.986339 -0.124740 0.107585 0.042045 0.822126 0.567751
-0.728312 -106.693541 -333.512091 1178.052188 -0.191787 -0.535123 0.822715 0.973593 0.002036 0.228284 -0.123835 0.844771 0.520602
-1.490396 -100.583432 -218.282219 4888.489196 -0.156030 -0.541459 0.826122 0.969257 -0.245023 0.022470 0.190252 0.804230 0.563044
-1.839008 -100.966208 605.018495 5415.513052 -0.126083 -0.560677 0.818379 0.933436 -0.346352 -0.093478 0.335858 0.752119 0.567025
-2.284174 -91.013625 -648.310825 2300.631603 -0.120856 -0.546447 0.828728 0.909229 -0.395967 -0.128498 0.398366 0.737974 0.544701
-2.956759 -94.505510 269.280246 2985.049722 -0.118237 -0.558504 0.821031 0.911106 -0.389798 -0.133950 0.394848 0.732209 0.554946
-2.421494 -92.375609 -751.358333 4862.785401 -0.153731 -0.535466 0.830448 0.952541 -0.303781 -0.019543 0.262739 0.788031 0.556754
4.450106 -41.328218 153.480669 1936.455115 0.097941 0.618891 -0.779347 -0.602291 -0.586553 -0.541480 0.792245 -0.522427 -0.315305
4.613983 -46.338276 -58.244583 3783.930076 0.116936 0.619960 -0.775871 -0.558571 -0.604902 -0.567532 0.821173 -0.499744 -0.275556
3.995820 -48.216532 764.263083 -3627.257001 0.081100 0.623474 -0.777627 0.524370 0.636806 0.565256 0.847619 -0.453607 -0.275286
4.084238 -43.352551 608.576634 761.099375 0.077614 0.620068 -0.780700 -0.614645 -0.586785 -0.527157 0.784976 -0.520768 -0.335579
-10.372911 -33.199083 58.527531 -1157.779634 -0.169357 -0.621847 0.764608 0.937573 -0.340778 -0.069483 0.303769 0.705108 0.640740
-10.745378 -32.880453 -516.807865 -1334.256381 -0.189628 -0.625015 0.757230 0.937824 -0.343662 -0.048805 0.290735 0.700894 0.651322
-12.049410 -36.611102 -485.507701 -3038.073326 -0.165893 -0.631899 0.757089 0.924282 -0.367267 -0.104009 0.343777 0.682509 0.644979
-11.776153 -34.802136 -758.218930 -1558.697989 -0.234021 -0.625912 0.743954 0.930047 -0.367081 -0.016278 0.283280 0.688103 0.668032
-13.121916 -37.677406 -730.254090 -1774.804818 -0.201535 -0.647850 0.734625 0.896252 -0.424523 -0.128503 0.395116 0.632511 0.666193
-7.009551 -52.981494 126.905969 -5808.161458 -0.468339 -0.390429 0.792605 0.255663 0.798810 0.544553 -0.845751 0.457676 -0.274296
-5.952167 -60.932208 1026.197776 -6481.271109 -0.453292 -0.454386 0.766851 0.259272 0.755903 0.601157 -0.852822 0.471322 -0.224835
-8.339208 -76.660355 308.377388 -11698.586209 -0.488147 -0.457769 0.743075 0.343612 0.681841 0.645774 -0.802274 0.570562 -0.175544
-3.926154 -55.750529 982.999012 -1833.552479 -0.432140 -0.398791 0.808839 0.194782 0.834463 0.515491 -0.880520 0.380312 -0.282928
-7.288276 -53.763439 -643.687230 -6844.418582 -0.495516 -0.385012 0.778607 0.301296 0.764551 0.569810 -0.814668 0.516942 -0.262845
-5.349127 -45.237705 -1462.682037 91.082040 -0.464220 -0.296850 0.834494 0.277192 0.846146 0.455194 -0.841228 0.442625 -0.310514
-4.242470 -50.037824 -80.694125 915.274010 -0.439016 -0.319043 0.839927 0.210036 0.872487 0.441194 -0.873584 0.370106 -0.316025
2.782874 -39.308311 -627.702202 696.115173 0.123227 0.579883 -0.805326 0.454329 0.688505 0.565284 0.882270 -0.435541 -0.178615
1.125421 -37.719630 -658.311514 961.414269 0.129729 0.589463 -0.797310 0.525839 0.640819 0.559325 0.840633 -0.491818 -0.226830
-0.065316 -39.416582 163.245373 -199.356195 0.142711 0.617863 -0.773226 -0.537503 -0.607606 -0.584726 0.831098 -0.499058 -0.245391
1.302889 -42.142280 -72.345296 179.640030 0.139140 0.604268 -0.784539 0.455360 0.664476 0.592552 0.879367 -0.439695 -0.182704
-4.876315 -41.475562 872.193598 -1187.235528 0.253939 0.676755 -0.691027 0.839218 0.201028 0.505273 0.480861 -0.708231 -0.516896
-5.370629 -38.184146 450.330937 889.403692 0.217940 0.654104 -0.724327 0.780834 0.328372 0.531479 0.585491 -0.681410 -0.439181
-5.970888 -39.028846 214.663530 -1151.786141 0.265273 0.659720 -0.703136 0.837075 0.204316 0.507504 0.478472 -0.723205 -0.498036
-5.845373 -42.299558 419.897854 -262.715046 0.302076 0.673937 -0.674210 0.857199 0.117407 0.501423 0.417085 -0.729400 -0.542232
3.816303 -56.780677 2069.029419 1250.351166 0.426062 0.406454 -0.808249 -0.204721 0.913536 0.351484 0.881227 0.015711 0.472433
7.697363 -59.759737 2494.869195 721.389906 0.429164 0.388306 -0.815498 -0.047972 0.911397 0.408723 0.901952 -0.136288 0.409766
7.799695 -56.639279 975.255742 760.619156 0.450864 0.378898 -0.808182 -0.153769 0.924866 0.347819 0.879248 -0.032546 0.475252
5.587968 -53.349140 1270.349743 1437.813823 0.443819 0.400639 -0.801569 -0.310281 0.907865 0.281969 0.840684 0.123568 0.527239
8.614727 -53.502779 562.554599 1043.244165 0.466395 0.367453 -0.804645 -0.217325 0.929357 0.298437 0.857465 0.035680 0.513304
-0.143392 -264.110898 1226.161146 -4341.439420 -0.194215 -0.602975 0.773758 0.915925 0.170953 0.363120 -0.351228 0.779228 0.519078
-1.158030 -251.318252 -272.622238 -16028.559290 -0.200899 -0.584750 0.785943 0.816823 0.342903 0.463916 -0.540777 0.735177 0.408748
1.861928 -254.606921 -784.642817 -34704.571449 0.195163 0.596217 -0.778740 0.663604 0.504384 0.552473 -0.722178 0.624598 0.297215
10.628394 -306.511912 4141.508266 -45979.343541 -0.173766 -0.612196 0.771376 0.751043 0.424264 0.505899 -0.636977 0.667245 0.386063
-1.690765 -31.284895 -1384.339270 862.924789 -0.329523 -0.708175 0.624422 0.685728 0.275096 0.673869 -0.648993 0.650239 0.394965
4.377980 -29.502827 -1618.421627 1479.817693 -0.368717 -0.724457 0.582416 0.683225 0.213624 0.698261 -0.630279 0.655382 0.416200
-0.474286 -32.868410 1713.540141 131.014307 0.351037 0.712178 -0.607927 0.618311 0.311260 0.721671 -0.703181 0.629221 0.331084
6.635801 -26.986755 -3837.144222 -1924.408686 0.493751 0.662857 -0.562877 -0.547950 0.739766 0.390509 0.675249 0.115614 0.728472
-0.732871 -27.306915 -3027.434630 186.141332 0.448490 0.723670 -0.524555 0.555544 -0.685455 -0.470661 0.700163 0.080326 0.709450
-1.416171 -31.659549 -3052.002198 -2107.597097 0.503595 0.651484 -0.567416 -0.558103 0.746663 0.361959 0.659479 0.134396 0.739611
5.879962 -36.218212 -3247.972518 -4052.581419 0.523367 0.617117 -0.587584 -0.574728 0.764753 0.291274 0.629106 0.185258 0.754920
-11.523664 -31.296743 840.039041 331.932098 -0.013600 0.845261 -0.534180 0.455355 -0.470383 -0.755904 0.890206 0.253522 0.378497
-13.193186 -31.210734 85.179804 -599.148183 0.049315 0.798140 -0.600450 0.565517 -0.517845 -0.641893 0.823261 0.307910 0.476899
-13.813859 -30.252397 305.799196 -402.888611 0.017050 0.860336 -0.509442 0.498788 -0.448908 -0.741412 0.866556 0.241463 0.436779
-3.235799 -46.985754 -132.725596 -1837.492315 -0.337220 -0.500680 0.797246 0.529780 0.599109 0.600335 -0.778213 0.624810 0.063219
-3.535535 -46.543192 755.263898 -1029.450334 -0.321591 -0.524095 0.788609 0.550917 0.573805 0.606001 -0.770110 0.629343 0.104203
-3.378609 -48.783548 -120.918071 1275.358715 -0.323209 -0.486190 0.811884 0.659555 0.499496 0.561686 -0.678619 0.717024 0.159228
-2.780562 -48.209988 853.883667 -1301.030075 -0.334748 -0.531747 0.777938 0.423925 0.652324 0.628301 -0.841565 0.540110 0.007056
-3.934812 -49.384214 -894.166049 -1812.133669 -0.357474 -0.509670 0.782591 0.437359 0.649037 0.622469 -0.825185 0.564790 -0.009105
-14.237596 -1346.331457 5142.441413 -448228.038498 -0.348299 0.562198 0.750081 0.937379 0.211245 0.276939 -0.002757 0.799568 -0.600569
-7.835437 -43.221298 -1379.731069 -10484.200698 -0.412938 0.535138 0.736959 0.910475 0.262757 0.319364 -0.022738 0.802861 -0.595733
-12.382136 -379.131519 -44.374595 -104786.835169 -0.502558 0.480154 0.718949 0.864361 0.296138 0.406426 -0.017761 0.825684 -0.563853
-3.009128 -54.833815 -2098.564184 -19928.786037 -0.223394 0.585825 0.779041 0.974436 0.153804 0.163766 -0.023881 0.795709 -0.605208
15.600771 -2407.678612 -17268.694238 -760837.650386 -0.105103 0.560016 0.821788 0.993296 0.019126 0.114004 0.048127 0.828261 -0.558271
-38.553468 -652.203352 -10600.058253 -175519.316529 -0.105852 0.567549 0.816507 0.969960 -0.121933 0.210501 0.219029 0.814261 -0.537593
1.956907 -510.421445 2005.814427 -173503.907779 -0.352686 0.564720 0.746125 0.935485 0.194126 0.295267 0.021901 0.802126 -0.596753
40.821840 -1789.189481 2496.299732 -618652.915152 -0.089344 0.522145 0.848164 0.878172 -0.360485 0.314426 0.469926 0.772926 -0.426326
21.197589 -1331.588601 -3118.992514 -421348.319023 -0.168490 0.542241 0.823156 0.861420 -0.324922 0.390360 0.479130 0.774855 -0.412351
130.671209 -1961.810334 -29280.823807 -604619.096742 0.088412 0.520750 0.849119 0.991009 -0.131928 -0.022276 0.100422 0.843454 -0.527732
4.780884 -269.775368 -1277.812473 -73543.849489 -0.190631 0.558586 0.807243 0.978926 0.046821 0.198775 0.073237 0.828124 -0.555740
-1.316535 -47.679806 194.848113 1729.694997 -0.242162 -0.468879 0.849417 0.962742 -0.007522 0.270318 -0.120357 0.883230 0.453231
-2.025869 -50.327220 638.722623 2272.437572 -0.253891 -0.471213 0.844688 0.957773 -0.000639 0.287525 -0.134946 0.882019 0.451477
-1.828751 -50.621012 -89.816307 3983.821337 -0.284286 -0.460620 0.840840 0.938516 0.045483 0.342226 -0.195880 0.886431 0.419369
-2.216144 -50.408062 -398.495502 4707.200886 -0.265062 -0.456443 0.849354 0.948530 0.034887 0.314761 -0.173301 0.889069 0.423702
-1.180995 -45.665817 -178.450856 1775.411825 -0.225170 -0.464769 0.856323 0.968227 -0.008604 0.249925 -0.108790 0.885390 0.451939
3.019886 -70.542246 -2057.515720 3836.439317 0.441020 0.459097 -0.771188 0.896182 -0.178767 0.406078 0.048567 -0.870214 -0.490274
-0.247468 -74.036606 -1052.974704 3770.372562 0.397379 0.492282 -0.774434 0.917453 -0.230814 0.324045 -0.019228 -0.839276 -0.543366
-3.626332 -70.692461 -256.088470 3476.565916 0.374174 0.509210 -0.775048 0.919348 -0.094071 0.382034 0.121626 -0.855486 -0.503340
-43.768168 -66.705785 -359.414908 3156.308251 -0.051116 0.902645 -0.427340 0.944583 -0.095238 -0.314152 -0.324267 -0.419717 -0.847755
-40.684679 -60.142512 -573.586580 2647.002662 -0.385604 0.845255 -0.369938 0.891003 0.236998 -0.387228 -0.239632 -0.478933 -0.844512
154.704879 -90.650376 -17851.787288 -4095.605870 0.504475 0.458976 -0.731332 0.862345 -0.310212 0.400162 -0.043203 -0.832532 -0.552290
145.295372 -87.491274 5558.639075 -1968.505691 0.491274 0.631279 -0.600113 0.867688 -0.414777 0.274002 -0.075941 -0.655322 -0.751523
169.411994 -81.369523 -30088.193836 -3616.172438 0.422005 0.242086 -0.873674 0.854222 -0.428975 0.293744 -0.303673 -0.870273 -0.387825
148.404240 -90.810089 -35431.960472 -1741.678862 0.536239 0.214816 -0.816273 0.844025 -0.145960 0.516059 -0.008286 -0.965686 -0.259580
148.074148 -92.661971 -7740.942614 397.830163 0.505753 0.607903 -0.612101 0.827560 -0.141495 0.543253 0.243636 -0.781302 -0.574638
166.700279 -83.911040 -41844.051487 -5486.528471 0.462148 0.107908 -0.880213 0.850692 -0.334304 0.405664 -0.250485 -0.936267 -0.246294
-32.366248 -48.853635 -340.401042 3725.775221 -0.606349 0.746634 -0.273639 -0.235576 -0.497326 -0.834967 0.759503 0.441818 -0.477443
-33.541172 -54.658026 140.120070 4178.140059 -0.527593 0.814297 -0.242006 -0.217517 -0.404878 -0.888121 0.821177 0.415926 -0.390735
30.171683 -36.805688 2766.547341 -408.002912 0.307268 0.479038 -0.822258 0.835533 -0.549384 -0.007836 -0.455490 -0.684616 -0.569061
25.147312 -36.759001 4206.347469 -752.604717 0.344123 0.521410 -0.780840 0.856679 -0.514740 0.033825 -0.384292 -0.680569 -0.623815
-8.272626 -41.508707 -941.877341 206.367569 -0.047073 0.992047 -0.116730 -0.855010 -0.100438 -0.508793 0.516471 -0.075855 -0.852938
-6.506878 -40.442261 -1024.486714 200.330540 0.039920 0.994779 -0.093921 -0.885539 -0.008319 -0.464491 0.462847 -0.101713 -0.880583
-5.812840 -41.044260 -1337.274784 619.930153 -0.061160 0.990414 -0.123852 -0.901402 -0.108094 -0.419274 0.428643 -0.085998 -0.899372
-9.404542 -40.328736 -206.978135 -135.491482 0.008676 0.994047 -0.108608 -0.830169 -0.053388 -0.554950 0.557444 -0.094978 -0.824764
-10.124910 -39.916058 12.007859 -542.673750 -0.065175 0.989667 -0.127717 -0.782328 -0.130128 -0.609122 0.619447 -0.060216 -0.782725
-18.366025 -30.457193 -1533.826042 -4050.033831 -0.185259 0.628835 0.755146 0.226315 0.775094 -0.589924 -0.956274 0.061612 -0.285908
-15.262233 -28.506807 -2457.038403 -4509.307108 -0.265072 0.502941 0.822671 0.153407 0.864320 -0.478975 -0.951947 -0.000759 -0.306262
-19.098282 -21.139674 1704.375644 -1835.484514 -0.227217 -0.057757 0.972130 -0.021504 0.998294 0.054286 -0.973607 -0.008570 -0.228072
-13.894913 -37.083487 -1897.678173 -1800.037029 -0.232777 0.593590 0.770367 0.299475 0.797386 -0.523918 -0.925273 0.108749 -0.363378
-21.809177 -26.647225 -152.544489 4602.045773 -0.046993 0.837835 0.543897 -0.224014 -0.539469 0.811659 -0.973452 0.083698 -0.213038
-17.637542 -35.843090 -912.869979 -1317.263404 -0.148994 0.655764 0.740118 0.335269 0.737639 -0.586074 -0.930266 0.160817 -0.329761
-5.681132 -35.838740 878.231205 577.594198 0.329621 0.778083 -0.534730 0.000165 0.566336 0.824175 -0.944113 0.271754 -0.186547
-0.396435 -35.594597 1267.335190 -852.470306 0.335585 0.739385 -0.583689 -0.088125 0.641545 0.762007 -0.937879 0.204280 -0.280451
-5.033292 -36.086106 1053.038100 -882.149028 0.325034 0.782734 -0.530736 -0.100444 0.586607 0.803619 -0.940353 0.207895 -0.269288
-2.684492 -34.940967 1183.326007 905.163524 0.339836 0.746345 -0.572260 0.032927 0.598658 0.800328 -0.939908 0.290823 -0.178870
-7.736644 -36.465337 651.064723 14.438164 0.309098 0.810217 -0.498003 -0.038185 0.533797 0.844750 -0.950263 0.242095 -0.195934
-8.865095 -32.937410 822.021639 1875.500164 0.317756 0.814685 -0.485097 0.076861 0.487797 0.869567 -0.945052 0.313595 -0.092383
-6.934435 -31.995426 756.198960 2212.415315 0.335364 0.782734 -0.524270 0.106919 0.521279 0.846662 -0.936002 0.339994 -0.091128
-2.666957 -67.819920 -888.711510 -2032.756602 -0.465554 0.810782 -0.354812 0.879151 0.377580 -0.290735 -0.101753 -0.447286 -0.888584
-7.371852 -71.678443 -111.411773 -254.636034 -0.270156 0.940668 -0.205329 -0.894715 -0.324051 -0.307370 0.355670 -0.100673 -0.929174
-8.111909 -69.851957 100.107824 -1307.814720 -0.280551 0.934040 -0.221042 -0.803364 -0.354527 -0.478452 0.525259 -0.043347 -0.849838
-8.945997 -68.749775 562.569594 -1422.408142 -0.262574 0.939159 -0.221440 -0.832760 -0.336488 -0.439644 0.487408 -0.068967 -0.870446
9.114364 -6.147421 -3774.940885 1616.234388 0.092293 -0.268822 -0.958758 0.374516 0.901536 -0.216726 0.922616 -0.339068 0.183883
40.605770 -16.265051 2321.521553 -444.071513 0.124584 0.278699 0.952263 -0.616057 0.774063 -0.145947 -0.777787 -0.568466 0.268130
60.940711 -18.818958 5329.938878 1151.769438 0.150934 0.118557 0.981409 -0.636287 0.771438 0.004665 -0.756543 -0.625162 0.191873
49.905663 -13.425400 4150.872910 -400.742159 0.144716 0.026504 0.989118 -0.600644 0.796744 0.066530 -0.786311 -0.603735 0.131221
4.311614 -49.062978 -336.533437 -885.892324 -0.019312 0.942274 -0.334285 0.780307 0.223244 0.584195 -0.625099 0.249564 0.739574
4.460617 -55.158887 -108.174526 -5075.681601 -0.122900 0.912826 -0.389416 0.810857 0.318601 0.490921 -0.572194 0.255427 0.779328
6.075826 -57.927281 -403.811427 -1491.512768 -0.040805 0.943269 -0.329513 0.741585 0.249607 0.622694 -0.669617 0.218953 0.709699
-8.692514 -38.762095 -234.616115 1306.298634 0.753751 -0.545688 0.366173 -0.556199 -0.232972 0.797726 0.350002 0.804952 0.479115
2.488550 -118.339556 586.121771 4158.212518 0.294353 -0.879583 0.373751 0.835014 0.046471 -0.548263 0.464874 0.473470 0.748143
2.032043 -127.943809 735.949093 2304.985844 0.260389 -0.883760 0.388800 0.946435 0.153997 -0.283807 0.190943 0.441874 0.876520
-6.532840 -125.209342 1680.983060 -2393.548820 0.195947 0.464132 0.863821 0.399838 0.766530 -0.502555 -0.895396 0.443863 -0.035378
-10.434964 -143.366532 1405.213585 -1834.399285 0.164096 0.477171 0.863354 0.450893 0.742155 -0.495885 -0.877364 0.470654 -0.093368
-6.452545 -130.812082 1711.486406 -945.549695 0.211450 0.488879 0.846337 0.595997 0.621803 -0.508083 -0.774646 0.611849 -0.159890
-2.647223 -122.368476 1416.311052 172.598278 0.232891 0.500334 0.833923 0.607229 0.594986 -0.526559 -0.759628 0.629013 -0.165250
-7.828507 -106.698859 -1708.475845 9647.028469 0.062062 0.529697 0.845914 -0.675982 0.645864 -0.354834 -0.734300 -0.549801 0.398149
-9.680894 -91.388343 -76.179796 7721.630478 0.076687 0.588362 0.804953 -0.633091 0.652433 -0.416567 -0.770270 -0.477663 0.422520
-7.606383 -85.075508 -577.647231 4071.752341 0.031569 0.598395 0.800579 -0.512065 0.697559 -0.501200 -0.858366 -0.394126 0.328439
-14.323394 -29.388165 -1454.416388 458.194836 0.305883 0.948394 -0.083575 -0.645952 0.142245 -0.750008 0.699415 -0.283400 -0.656127
6.251011 -246.852337 1010.684503 -5324.114135 -0.134715 -0.656088 -0.742564 -0.276100 0.744570 -0.607770 0.951641 0.123146 -0.281451
-2.607152 -179.129500 1423.158231 15804.631000 -0.443753 -0.293261 -0.846807 0.895712 -0.174667 -0.408891 -0.027998 -0.939941 0.340186
-3.069959 -273.292136 1292.114480 40519.655633 -0.422724 -0.307694 -0.852425 0.891786 -0.308656 -0.330830 -0.161312 -0.900031 0.404874
2.656567 -268.509162 2155.688602 38165.735628 -0.535187 -0.246049 -0.808106 0.765862 -0.544960 -0.341282 -0.356413 -0.801547 0.480095
-1.624201 -258.823343 -2410.675842 56052.755639 -0.592526 -0.283947 -0.753848 0.789418 -0.391029 -0.473197 -0.160414 -0.875483 0.455848
-5.231456 -139.874169 -1636.750802 9476.320594 -0.427532 -0.314581 -0.847500 0.896319 -0.025561 -0.442672 0.117593 -0.948887 0.292893
-6.649495 -25.394163 1144.006356 728.958983 0.138577 0.739789 -0.658413 0.974167 0.017875 0.225119 0.178309 -0.672601 -0.718202
-0.421704 -26.150595 1476.873901 814.403928 -0.054111 0.736267 -0.674524 0.996171 0.086259 0.014242 0.068670 -0.671170 -0.738116
-3.210035 -24.716375 1333.083754 737.304142 -0.001194 0.738625 -0.674116 0.991077 0.090722 0.097648 0.133282 -0.667985 -0.732142
-2.785987 -56.981804 588.805905 -1832.089077 -0.524662 0.756584 -0.390269 0.126131 0.522458 0.843284 -0.841915 -0.393215 0.369543
-3.197893 -51.098773 109.736498 -581.292352 -0.548015 0.736779 -0.396026 0.224532 0.585646 0.778848 -0.805770 -0.337900 0.486373
-1.987938 -53.144655 924.086742 99.936767 -0.520663 0.749877 -0.408159 0.239938 0.587324 0.772968 -0.819353 -0.304523 0.485722
-2.780729 -50.914684 134.773473 3169.315251 -0.550168 0.727952 -0.409146 0.364296 0.650111 0.666816 -0.751401 -0.217811 0.622860
-1.885492 -51.450533 542.929888 2832.146393 -0.531109 0.738327 -0.415687 0.386244 0.647630 0.656803 -0.754147 -0.188277 0.629137
1.096848 -23.443182 -598.330747 1419.434736 0.381456 0.422383 -0.822243 0.659008 0.499504 0.562321 0.648228 -0.756365 -0.087814
3.227286 -26.789910 -1048.232346 1167.014321 0.366139 0.405765 -0.837435 0.710442 0.459337 0.533180 0.601011 -0.790167 -0.120092
-1.077115 -23.927093 -753.107690 1294.684845 0.354624 0.398864 -0.845665 0.691139 0.497331 0.524394 0.629737 -0.770435 -0.099306
18.633598 -108.734691 -887.832459 -1071.470147 -0.396906 0.854177 -0.335928 -0.778687 -0.507117 -0.369430 0.485913 -0.114954 -0.866414
15.080220 -99.728520 -2246.485166 -6643.271991 -0.367379 0.841333 -0.396473 -0.660268 -0.536150 -0.525918 0.655041 -0.068568 -0.752476
3.020857 -1727.584165 4565.881799 -731915.101967 0.590412 0.516557 0.620147 0.694865 -0.716198 -0.064985 0.410580 0.469287 -0.781789
-48.780848 -1433.571129 111.444883 -441239.852586 0.640831 0.559043 0.526124 0.762415 -0.543609 -0.351016 0.089773 0.626067 -0.774584
-15.770605 -946.898762 -3757.733023 -269824.336451 0.641439 0.512807 0.570601 0.759593 -0.320224 -0.566105 -0.107583 0.796546 -0.594929
2.801939 -919.505454 1289.055213 -281693.739653 0.575943 0.534327 0.618696 0.758146 -0.632212 -0.159758 0.305784 0.561074 -0.769216
-6.153897 -50.622438 -926.545663 1589.101648 -0.541223 0.782001 -0.309114 0.575118 0.076068 -0.814526 -0.613447 -0.618617 -0.490913
