15876
31739
-24.997340 -37.014284 -324.317150 -2621.925338 -0.289705 0.800471 0.524706 0.030366 -0.540253 0.840954 -0.956634 -0.259562 -0.132207
-29.530772 -45.381345 126.607351 -2479.692879 -0.299612 0.914245 0.272742 0.072526 -0.263222 0.962005 -0.951300 -0.308009 -0.012558
-22.414390 -46.806732 1202.614057 -5180.193867 -0.216034 0.973292 0.077664 -0.090646 -0.099192 0.990931 -0.972169 -0.207034 -0.109653
-26.010184 -40.309411 55.032516 -2219.715881 -0.353197 0.679423 0.643146 0.177636 -0.626244 0.759120 -0.918530 -0.382365 -0.100498
-22.082768 -32.352936 1189.712315 -2991.189926 -0.239940 0.882758 0.403940 -0.099320 -0.436234 0.894335 -0.965694 -0.174468 -0.192346
-20.729236 -32.062086 199.169706 1638.302206 -0.315064 0.549244 0.773993 -0.096408 0.792787 -0.601825 -0.944161 -0.264233 -0.196827
47.009556 -72.068415 -3136.144262 4436.605172 -0.087405 0.883109 -0.460954 -0.873099 0.154884 0.462286 -0.479644 -0.442864 -0.757505
50.044601 -60.831519 -374.361364 7414.390098 -0.022957 0.907673 -0.419051 -0.740892 0.265982 0.616711 -0.671232 -0.324629 -0.666381
41.967970 -66.559469 -3217.813276 7509.291142 -0.127363 0.837578 -0.531264 -0.746794 0.271519 0.607104 -0.652746 -0.474067 -0.590917
43.317537 -77.465014 -5215.705658 2143.818511 -0.116439 0.848781 -0.515764 0.961670 -0.033453 -0.272160 -0.248258 -0.527686 -0.812352
50.590705 -76.284589 -3055.565643 1771.136768 -0.053314 0.922899 -0.381332 0.977398 -0.030005 -0.209267 -0.204574 -0.383870 -0.900440
34.296438 -74.424458 -4100.311469 -6116.611614 -0.176499 0.810381 -0.558687 0.844405 -0.167007 -0.509007 -0.505794 -0.561597 -0.654813
-26.052591 -48.911936 370.784481 -679.560314 -0.189431 0.828419 0.527104 0.979371 0.120951 0.161875 0.070347 0.546894 -0.834241
-25.628713 -45.489667 -430.437514 -908.508466 -0.228712 0.806381 0.545381 0.971863 0.221555 0.079978 -0.056339 0.548327 -0.834364
-24.923319 -47.187708 -1.153922 -10.536381 -0.145294 0.779085 0.609850 0.986657 0.068325 0.147781 0.073466 0.623184 -0.778617
-25.297918 -45.926754 171.968808 -2204.203379 -0.257099 0.844628 0.469577 0.962820 0.265575 0.049466 -0.082927 0.464836 -0.881504
-25.822926 -48.328379 374.477319 915.497495 -0.101447 0.815312 0.570066 0.968519 -0.050002 0.243867 0.227332 0.576859 -0.784572
-26.632125 -50.671483 1173.240368 499.225998 -0.137908 0.867419 0.478086 0.966816 0.013089 0.255138 0.215054 0.497407 -0.840439
-26.729467 -50.725029 1137.559705 -2179.273611 -0.210211 0.869385 0.447192 0.977060 0.170852 0.127134 0.034125 0.463658 -0.885357
1.371685 -24.347181 5442.167502 631.414019 0.438911 0.841569 0.314832 -0.468577 -0.084590 0.879363 -0.766676 0.533485 -0.357213
2.647072 -25.400839 5913.804239 6.776595 0.361852 0.822423 0.438958 -0.622857 -0.137058 0.770236 -0.693623 0.552120 -0.462657
-6.904293 -22.197803 3249.450114 465.110656 0.359267 0.870335 0.336814 -0.516838 -0.114952 0.848330 -0.777049 0.478856 -0.408524
-8.902179 -20.513691 1940.425783 868.523911 0.448669 0.889803 0.083344 -0.308976 0.066934 0.948712 -0.838588 0.451409 -0.304959
0.373998 -22.388074 4029.033877 799.585480 0.475902 0.866041 0.153264 -0.297529 -0.005457 0.954697 -0.827644 0.499943 -0.255075
5.733231 -28.785612 -3533.936737 -677.634438 -0.772378 0.507946 -0.381344 0.195518 0.761370 0.618134 0.604322 0.402873 -0.687377
-9.284850 -29.345330 -914.700168 -525.755893 -0.773960 0.617511 -0.140234 0.399398 0.647888 0.648631 0.491393 0.446005 -0.748073
7.929255 -30.112737 -3681.767034 -467.201693 -0.760810 0.539389 -0.360871 0.152197 0.688851 0.708746 0.630875 0.484298 -0.606178
26.630103 -30.238095 -5153.264070 -321.272273 -0.761351 0.447594 -0.469045 0.025433 0.743518 0.668232 0.647840 0.496831 -0.577462
11.111867 -30.825332 -3966.189535 -299.652415 -0.746183 0.570709 -0.342786 0.102188 0.606977 0.788122 0.657851 0.553055 -0.511236
34.651620 -30.933072 -6245.652124 -70.861268 -0.734698 0.491631 -0.467459 -0.029928 0.664907 0.746326 0.677733 0.562315 -0.473792
1.014520 -33.400300 -5.968302 65.283721 0.007834 0.866954 0.498327 -0.421488 -0.449048 0.787848 -0.906800 0.216211 -0.361893
0.759077 -36.489709 -38.049556 667.955982 -0.031392 0.844895 0.534011 -0.559168 -0.457688 0.691269 -0.828460 0.276901 -0.486806
0.669693 -34.764522 -25.749660 602.149838 -0.015406 0.848281 0.529322 -0.563236 -0.444767 0.696382 -0.826153 0.287404 -0.484634
1.098601 -32.130596 30.741557 62.867397 0.019753 0.866134 0.499421 -0.431882 -0.443118 0.785572 -0.901714 0.231208 -0.365315
1.039598 -33.503540 71.393378 -596.187578 0.035401 0.883915 0.466306 -0.281923 -0.438815 0.853206 -0.958784 0.161667 -0.233662
2.981002 -68.225529 1193.878303 -1898.057425 0.244830 0.969375 0.019251 0.282140 -0.090226 0.955121 -0.927607 0.228411 0.295590
7.441387 -69.375287 1045.129063 164.743067 0.263453 0.963284 0.051740 0.387234 -0.154726 0.908906 -0.883540 0.219419 0.413779
4.150070 -65.418413 853.227079 -1210.626858 0.254089 0.964766 0.068307 0.141885 -0.107042 0.984079 -0.956717 0.240352 0.164084
-2.242724 -67.446475 298.776497 -3056.028027 0.700038 0.103568 0.706555 -0.585558 0.649581 0.484940 0.408741 0.753206 -0.515376
-2.247835 -69.090075 -129.233545 -2999.176599 0.707317 0.107556 0.698666 -0.606451 0.600152 0.521570 0.363208 0.792622 -0.489725
-2.175977 -59.215227 -151.207254 -1777.625916 0.726292 0.096271 0.680612 -0.496627 0.758063 0.422732 0.475249 0.645037 -0.598385
-2.127888 -60.417236 270.003326 -1786.818561 0.711947 0.101164 0.694908 -0.491311 0.778800 0.389981 0.501742 0.619061 -0.604167
-2.668672 -67.323198 330.844041 -2825.224927 0.699110 0.121210 0.704665 -0.580654 0.671334 0.460599 0.417237 0.731176 -0.539717
4.722815 -24.573725 -470.114746 -584.827029 0.104142 0.987755 0.116166 0.626623 -0.155868 0.763576 -0.772333 0.006728 0.635182
4.757938 -22.134101 -529.750088 -997.423112 0.072640 0.994671 0.073171 0.553249 -0.101228 0.826843 -0.829843 0.019581 0.557653
5.442179 -25.425738 207.678545 -678.692492 0.118849 0.989805 0.078489 0.604764 -0.134856 0.784904 -0.787487 0.045818 0.614626
5.383484 -25.979002 265.562474 43.193499 0.136864 0.985055 0.104572 0.681634 -0.170250 0.711611 -0.718779 0.026114 0.694748
4.921370 -24.811713 -523.247621 21.589026 0.127489 0.980083 0.152260 0.695369 -0.197787 0.690899 -0.707254 -0.017795 0.706736
9.161099 -33.692008 1644.527651 26.364060 0.188260 0.950279 0.248048 -0.576359 -0.097601 0.811347 -0.795216 0.295709 -0.529328
7.782772 -33.437773 1211.834010 222.111196 0.184870 0.954693 0.233203 -0.457540 -0.126397 0.880159 -0.869759 0.269415 -0.413444
12.000625 -33.205308 674.792804 74.873509 0.184640 0.965400 0.184150 -0.555400 -0.052088 0.829950 -0.810826 0.255519 -0.526566
14.968321 -32.565818 1111.913387 -360.539335 0.196758 0.961056 0.194057 -0.667860 -0.013531 0.744164 -0.717809 0.276023 -0.639188
14.481188 -32.088860 -213.832280 -295.261973 0.188385 0.974383 0.122834 -0.641790 0.027469 0.766388 -0.743382 0.223210 -0.630524
11.043047 -32.489823 -394.580946 104.495404 0.171194 0.977587 0.122540 -0.530559 -0.013328 0.847543 -0.830181 0.210109 -0.516386
3.451033 -111.579800 -46.143887 2689.609079 0.635697 0.054501 0.770012 -0.451736 0.835133 0.313828 -0.625959 -0.547342 0.555511
3.137774 -102.061126 -110.353169 5355.718390 0.623360 0.080882 0.777741 -0.333286 0.927245 0.170699 -0.707349 -0.365617 0.604964
4.079709 -118.039191 21.910571 3982.388095 0.650660 0.063604 0.756700 -0.409703 0.868411 0.279295 -0.639363 -0.491748 0.591100
4.154959 -123.535474 101.358067 -701.246232 0.662402 0.049608 0.747504 0.525608 -0.741774 -0.416542 -0.533815 -0.668813 0.517427
3.849106 -119.197032 106.158123 -3345.234518 0.652756 0.030035 0.756973 0.552198 -0.702937 -0.448282 -0.518640 -0.710617 0.475432
5.022704 -76.116735 -869.237659 4289.867956 0.734628 0.183210 0.653265 -0.677057 0.135844 0.723285 -0.043771 0.973643 -0.223839
4.478704 -83.201320 969.079530 5214.798271 0.744008 0.120678 0.657183 -0.665223 0.226077 0.711595 0.062700 0.966605 -0.248481
6.712711 -73.316005 -361.504649 2687.286726 0.760600 0.148540 0.631999 -0.637170 -0.015895 0.770559 -0.124504 0.988779 -0.082556
1.154182 -97.164287 -492.909996 -2409.165666 0.634771 -0.006937 0.772669 0.499667 -0.759071 -0.417306 -0.589406 -0.650971 0.478370
-0.996440 -92.636287 146.062139 5973.673134 0.647998 0.023098 0.761292 -0.455855 0.812504 0.363364 -0.610160 -0.582498 0.537030
0.504184 -89.686592 -136.396896 4211.203028 0.615858 0.051399 0.786179 -0.365047 0.902908 0.226931 -0.698183 -0.426750 0.574826
-0.603440 -167.551922 -910.485610 -19241.064090 0.655472 0.286290 0.698852 0.662848 0.225376 -0.714030 -0.361924 0.931259 -0.042039
6.516264 -171.785212 -1875.888581 -10748.422262 0.675266 0.265530 0.688121 0.713515 0.001178 -0.700639 -0.186852 0.964102 -0.188664
10.639620 -156.700291 -3445.789973 13899.160382 0.677569 0.279404 0.680319 -0.622579 -0.274544 0.732817 -0.391530 0.920086 0.012071
-3.130820 -179.988401 141.851368 -234.766717 0.669364 0.254686 0.697916 0.742200 -0.187469 -0.643424 -0.033033 0.948678 -0.314513
-2.981717 -179.564550 -279.246422 -6029.022752 0.664665 0.258771 0.700898 0.736425 -0.068587 -0.673033 -0.126089 0.963501 -0.236153
20.161219 -19.010953 2369.757031 1540.467649 0.769114 0.493349 0.406288 -0.615681 0.742488 0.263909 0.171464 0.453120 -0.874804
22.237675 -18.262455 -275.701045 793.455351 0.759537 0.548507 0.349633 -0.641446 0.720800 0.262669 0.107939 0.423778 -0.899312
17.702941 -18.099399 741.857294 888.428920 0.756371 0.557445 0.342284 -0.638566 0.742723 0.201485 0.141905 0.370968 -0.917739
14.693059 -19.933581 31.034329 -150.397929 0.792037 0.505739 0.341916 -0.573920 0.807760 0.134684 0.208071 0.302907 -0.930029
16.069823 -19.634730 1148.937762 446.634812 0.788036 0.461408 0.407557 -0.575786 0.786693 0.222676 0.217878 0.410142 -0.885614
9.440100 -19.350329 -1501.179197 175.218392 0.727502 0.620811 0.292120 -0.668491 0.737224 0.098082 0.154468 0.266635 -0.951339
11.860005 -18.340814 -1066.839749 -622.926891 0.697639 0.651840 0.297330 0.708204 -0.690204 -0.148548 0.108388 0.314203 -0.943148
-14.180039 -22.849510 -1059.041518 -648.116742 -0.494849 0.797897 0.344216 0.839406 0.541367 -0.048156 -0.224770 0.265107 -0.937655
-15.822997 -26.103914 -834.862081 -801.273489 -0.635408 0.690540 0.345559 0.760706 0.636638 0.126562 -0.132600 0.343287 -0.929823
-12.853927 -23.685339 -828.017679 -759.809682 -0.528304 0.788610 0.314625 0.835250 0.549265 0.025775 -0.152486 0.276407 -0.948866
-20.811192 -33.906523 2263.696829 -1757.872222 0.585238 -0.492017 -0.644527 0.685497 0.724783 0.069157 0.433116 -0.482295 0.761447
0.575686 -32.407537 15003.867936 -1067.728153 0.364835 -0.618646 -0.695825 0.803004 0.587327 -0.101151 0.471254 -0.521846 0.711053
-17.820040 -38.698630 2400.078247 -1816.871784 0.582019 -0.448694 -0.678179 0.596758 0.802206 -0.018610 0.552389 -0.393878 0.734661
-24.224925 -36.508341 -816.287651 -516.241381 0.682243 -0.432894 -0.589192 0.576538 0.814114 0.069441 0.449609 -0.387067 0.805003
-27.516613 -32.185228 -1204.128673 308.883496 0.777279 -0.381251 -0.500484 -0.545591 -0.804598 -0.234418 0.313316 -0.455268 0.833405
2.077208 -84.521946 356.474627 -5751.045660 0.094814 0.811911 0.576030 0.955812 -0.235993 0.175305 0.278271 0.533955 -0.798409
0.562849 -84.941203 321.063058 -3963.129638 0.120789 0.803692 0.582657 0.948400 -0.266776 0.171370 0.293168 0.531892 -0.794445
2.965038 -79.731230 507.774445 -4097.438327 0.093756 0.810534 0.578139 0.987070 -0.151506 0.052336 0.130011 0.565757 -0.814258
5.233785 -78.452399 608.774536 -894.087425 0.052907 0.825611 0.561754 0.983492 -0.140562 0.113958 0.173046 0.546451 -0.819418
3.743529 -74.998181 536.210882 -2372.897833 0.099954 0.813119 0.573452 0.994611 -0.065701 -0.080203 -0.027538 0.578378 -0.815304
6.626582 -75.331944 646.990168 28.466593 0.059171 0.831583 0.552239 0.997714 -0.067352 -0.005482 0.032636 0.551301 -0.833668
-12.274763 -665.085824 -2898.333211 142225.601567 0.999177 -0.015760 -0.037365 0.040287 0.280505 0.959007 0.004633 0.959723 -0.280910
-8.625883 -268.403013 -425.519707 59620.940584 0.996603 0.076583 0.030302 -0.008566 -0.269547 0.962949 -0.081913 0.959937 0.267976
-12.149175 -484.058653 -522.945803 120093.079809 0.997873 0.031204 0.057238 -0.053512 -0.109425 0.992554 -0.037235 0.993505 0.107522
-12.737094 -365.438202 -181.437326 72084.959283 0.987968 0.143823 0.056866 -0.083369 0.185572 0.979088 -0.130263 0.972048 -0.195330
7.645173 -75.935976 1220.072543 13272.139712 0.981889 0.004126 0.189413 -0.171417 -0.406434 0.897456 -0.080687 0.913671 0.398366
8.963516 -54.767419 37.632391 -1081.609090 0.991291 0.106606 0.077306 -0.016125 -0.484363 0.874719 -0.130695 0.868348 0.478426
9.749759 -173.821384 1772.218735 35849.495802 0.967636 0.034258 0.250015 -0.216195 -0.398461 0.891341 -0.130157 0.916545 0.378159
-26.753811 -38.558832 -723.759694 -104.503042 0.557277 0.440984 -0.703545 0.178504 0.763872 0.620190 0.810912 -0.471203 0.346971
-26.843283 -37.851586 -653.330077 -443.603530 0.572569 0.412319 -0.708630 0.099806 0.822852 0.559422 0.813759 -0.391033 0.429988
-24.594528 -37.856715 -135.680836 -241.353971 0.631436 0.446269 -0.634139 0.137871 0.740150 0.658156 0.763073 -0.503013 0.405830
-24.276233 -37.250162 -232.321761 103.616888 0.649292 0.484075 -0.586592 0.191190 0.642626 0.741942 0.736115 -0.593888 0.324702
-26.072769 -37.407317 -856.000718 327.216683 0.565672 0.475106 -0.674010 0.247970 0.681517 0.688510 0.786464 -0.556605 0.267703
2.160288 -33.237965 6459.736151 636.399124 -0.603043 0.791093 0.102524 0.360594 0.384979 -0.849566 0.711556 0.475355 0.517422
-12.070145 -191.229984 -7176.031345 -89641.935369 0.768779 -0.372968 -0.519494 0.338900 -0.451285 0.825523 0.542334 0.810701 0.220539
1.670625 -47.027688 6286.737454 7363.099550 -0.654061 0.726244 0.211598 0.168846 0.412835 -0.895019 0.737357 0.549669 0.392642
-14.948108 -64.114183 -9241.817050 12462.526833 0.824301 -0.427801 -0.370830 0.052928 0.710362 -0.701843 0.563673 0.558902 0.608195
-2.479217 -31.453794 -1995.332008 -1958.741022 0.703427 -0.570670 -0.423706 0.312818 0.783851 -0.536398 0.638228 0.244774 0.729898
2.950274 -27.033970 1066.543775 -1183.331293 0.397289 -0.719172 -0.570046 0.884220 0.133749 0.447512 -0.245595 -0.681838 0.689043
1.645682 -24.440027 705.252189 -1108.883828 0.378338 -0.725978 -0.574297 0.873574 0.074829 0.480904 -0.306152 -0.683635 0.662506
3.827246 -25.302268 624.214794 -1196.553190 0.426876 -0.721843 -0.544719 0.856765 0.130085 0.499030 -0.289362 -0.679721 0.673980
5.352593 -32.003961 1197.513833 -1638.185605 0.408179 -0.720625 -0.560437 0.893937 0.191028 0.405445 -0.185115 -0.666489 0.722167
-4.491907 -29.675900 813.920980 108.924285 -0.884219 -0.258910 -0.388745 -0.014424 0.847040 -0.531334 0.466850 -0.464208 -0.752703
-4.920324 -29.834048 828.021959 -25.997014 -0.882283 -0.252544 -0.397239 -0.049794 0.889234 -0.454735 0.468079 -0.381424 -0.797131
-6.545874 -29.357789 -113.825477 129.598230 -0.862414 -0.285463 -0.418036 -0.064119 0.880775 -0.469173 0.502127 -0.377817 -0.777896
-2.147841 -29.327731 1064.250651 -347.376174 -0.892268 -0.241028 -0.381789 -0.032577 0.877754 -0.478003 0.450329 -0.414069 -0.791044
-7.615648 -29.529929 -69.372135 399.886827 -0.853278 -0.258861 -0.452667 0.004913 0.864053 -0.503377 0.521432 -0.431744 -0.736006
-2.013347 -32.831274 -1606.133547 1099.233159 0.893979 0.291963 0.339940 -0.010164 0.771626 -0.635995 0.447994 -0.565111 -0.692785
-1.249617 -29.567388 -1117.314611 1.689117 0.889619 0.271609 0.367161 -0.018829 0.825065 -0.564724 0.456316 -0.495476 -0.739107
-3.864031 -23.545329 432.574271 462.272111 0.529735 0.846686 -0.050047 0.730974 -0.485674 -0.479373 0.430184 -0.217358 0.876183
-1.520929 -24.931323 925.049301 161.970858 0.510203 0.857497 -0.066270 0.744128 -0.478755 -0.465905 0.431239 -0.188393 0.882350
-3.017148 -22.699487 775.777460 413.549802 0.593844 0.799061 -0.094077 0.720295 -0.580088 -0.380358 0.358502 -0.158110 0.920042
-5.602108 -21.506608 -229.191825 878.160829 0.633411 0.770635 -0.070083 0.688842 -0.602800 -0.402651 0.352543 -0.206768 0.912667
-4.617124 -21.194105 -186.086818 30.377129 0.490371 0.871509 0.002787 0.763373 -0.427979 -0.483833 0.420473 -0.239385 0.875156
-0.839028 -31.912118 187.633751 141.908043 0.473261 0.855540 -0.209943 0.357349 0.031384 0.933444 -0.805187 0.516785 0.290873
-1.489386 -31.913917 232.169712 -204.481772 0.473503 0.854761 -0.212553 0.225982 0.115347 0.967278 -0.851309 0.506042 0.138544
-2.452679 -32.068044 237.629501 -120.254296 0.458778 0.857538 -0.232705 0.271418 0.114127 0.955671 -0.846082 0.501602 0.180392
10.476668 -38.461473 -2327.532460 -269.487184 0.428984 0.722689 -0.541935 -0.745121 0.622257 0.239979 -0.510653 -0.300860 -0.805429
18.854593 -34.959716 -2287.519966 -2101.281456 0.522340 0.696333 -0.492221 -0.735499 0.659987 0.153162 -0.431511 -0.282025 -0.856890
14.061232 -43.373587 -2308.999649 -2839.604123 0.454910 0.715316 -0.530453 -0.678113 0.664348 0.314332 -0.577252 -0.216714 -0.787284
3.917608 -46.001667 -1520.221522 -1659.200015 0.385525 0.756011 -0.528978 -0.686013 0.618244 0.383616 -0.617055 -0.214992 -0.756982
0.707326 -43.306050 -1138.331302 35.919629 0.360563 0.781285 -0.509497 -0.779898 0.552150 0.294770 -0.511619 -0.291072 -0.808408
1.767083 -61.197240 279.870396 2308.958860 0.505927 0.845473 -0.170920 0.513980 -0.136356 0.846895 -0.692721 0.516317 0.503542
0.657326 -68.784949 142.714662 1839.134616 0.501160 0.846465 -0.179821 0.359359 -0.014541 0.933086 -0.787210 0.532246 0.311472
0.180653 -61.597738 220.771339 2873.822002 0.495321 0.845030 -0.201446 0.539722 -0.117646 0.833582 -0.680703 0.521616 0.514354
2.259291 -65.220868 277.685993 1541.080498 0.511096 0.847293 -0.144487 0.349282 -0.051141 0.935621 -0.785355 0.528658 0.322082
1.096450 -56.268326 284.859206 2364.002413 0.485866 0.849008 -0.207654 0.672460 -0.211344 0.709318 -0.558330 0.484272 0.673608
3.835491 -60.728161 444.310435 1404.642358 0.517133 0.846054 -0.129485 0.485711 -0.165520 0.858305 -0.704740 0.506751 0.496533
2.914439 -58.680792 361.420048 1545.092524 0.497378 0.849697 -0.175017 0.642618 -0.225325 0.732305 -0.582801 0.476701 0.658102
-14.538667 -19.457846 -564.586194 52.094395 0.694706 0.709149 0.120381 -0.622186 0.676420 -0.394133 0.360927 -0.198907 -0.911135
-10.767677 -18.459071 1083.319282 -401.949403 -0.924544 -0.315671 -0.213472 -0.263045 0.933974 -0.241866 0.275727 -0.167463 -0.946536
-15.561680 -21.095160 717.836398 -84.569047 -0.751208 -0.627003 -0.206285 -0.552695 0.768358 -0.322728 0.360852 -0.128423 -0.923739
-15.733824 -22.462553 -389.505993 22.802832 0.498461 0.860110 0.108384 -0.728358 0.483311 -0.485700 0.470139 -0.163161 -0.867380
-14.576215 -21.037732 -375.093713 214.833155 0.411906 0.911077 -0.016487 -0.783449 0.344849 -0.516997 0.465339 -0.225871 -0.855828
-9.461753 -22.352773 -2203.278978 4.450468 0.846003 0.533175 -0.001514 0.468588 -0.742161 0.479189 -0.254368 0.406105 0.877710
-11.950330 -22.539497 -1116.506005 -682.093654 0.759574 0.635627 -0.137933 0.621776 -0.647366 0.440807 -0.190896 0.420589 0.886940
-12.409470 -27.085630 -1666.382423 1466.539980 0.893735 0.448574 0.004373 0.383454 -0.768976 0.511507 -0.232811 0.455475 0.859268
-10.761584 -27.954637 -2168.739225 1600.688611 0.903523 0.422004 0.074556 0.320580 -0.781051 0.535900 -0.284384 0.460297 0.840983
-10.279307 -22.946748 -551.540356 486.915098 0.829872 0.557757 -0.014843 0.488481 -0.713429 0.502399 -0.269627 0.424177 0.864508
-24.655811 -42.026519 2109.840749 -736.945198 0.825725 0.226813 -0.516464 -0.202474 0.973758 0.103925 0.526482 0.018757 0.849979
-29.414924 -43.075892 1234.974580 -920.880862 0.881135 0.148443 -0.448961 -0.118201 0.988451 0.094838 0.457854 -0.030497 0.888504
-23.975669 -40.012724 2311.620385 -937.812130 0.819993 0.172213 -0.545851 -0.116048 0.983878 0.136077 0.560485 -0.048237 0.826758
3.189043 -23.432503 -368.980701 -1182.258890 0.219995 0.959425 0.176367 0.886603 -0.121245 -0.446357 0.406862 -0.254563 0.877303
0.963053 -24.435728 -850.396028 -878.106263 0.285031 0.945093 0.159864 0.864428 -0.181389 -0.468894 0.414151 -0.271840 0.868667
1.048133 -19.196066 -653.400300 -764.735552 0.270181 0.948644 0.164551 0.901189 -0.189009 -0.390044 0.338912 -0.253674 0.905974
1.982864 -18.015473 1.047016 -979.956571 0.202681 0.963601 0.174335 0.920564 -0.126790 -0.369440 0.333889 -0.235365 0.912755
3.162563 -100.682668 -318.976998 4334.754265 -0.608996 0.648446 -0.456773 0.025515 0.591598 0.805829 -0.792762 -0.479093 0.376826
2.816343 -94.456173 -394.908861 3079.228258 -0.622187 0.631827 -0.462253 -0.047141 0.559152 0.827724 -0.781448 -0.536790 0.318112
3.692281 -108.264230 -172.652631 2607.374401 -0.601561 0.633022 -0.487245 -0.163512 0.499460 0.850767 -0.781913 -0.591458 0.196949
4.720774 -115.159865 -172.755236 4764.680104 -0.584669 0.645909 -0.490881 -0.109772 0.536526 0.836714 -0.803811 -0.543086 0.242787
4.618137 -119.350308 -133.157184 2764.243328 -0.578988 0.637162 -0.508721 -0.289504 0.422625 0.858822 -0.762207 -0.644525 0.060234
3.801386 -114.074429 -0.834321 2731.559164 -0.590904 0.622106 -0.513631 -0.340367 0.384986 0.857867 -0.731425 -0.681740 0.015745
2.429099 -101.437859 -82.435613 2834.281920 -0.526566 0.610719 -0.591397 0.832996 0.509627 -0.215401 0.169843 -0.606054 -0.777079
2.112703 -105.281535 -372.165441 4995.903729 -0.543305 0.592119 -0.595159 0.838882 0.410849 -0.357044 0.033108 -0.693252 -0.719934
1.690615 -102.397798 -182.484462 2933.301072 -0.535119 0.599615 -0.595071 0.818788 0.541519 -0.190642 0.207931 -0.589253 -0.780734
-3.248044 -38.350756 864.451137 701.182610 -0.425202 0.688003 -0.588095 0.144552 0.693037 0.706261 0.893481 0.215293 -0.394133
-3.841492 -40.196054 1036.630447 498.384542 -0.428541 0.695501 -0.576742 0.216844 0.698840 0.681617 0.877115 0.167038 -0.450297
0.058798 -39.165718 1763.016894 -335.844811 -0.439609 0.700018 -0.562777 -0.126212 -0.668496 -0.732928 0.889277 0.251173 -0.382228
-1.862619 -36.770428 745.482289 -894.629561 -0.423808 0.683430 -0.594399 -0.069505 -0.678853 -0.730977 0.903081 0.268480 -0.335205
3.468996 -40.087709 2121.797036 20.923621 -0.432831 0.716356 -0.547259 -0.218603 -0.672356 -0.707213 0.874569 0.186471 -0.447614
4.194218 -39.469772 1357.268736 -461.267130 -0.419733 0.713218 -0.561377 -0.103494 -0.652071 -0.751061 0.901728 0.257146 -0.347509
0.705996 -37.179690 1281.892835 -478.864269 -0.437075 0.677328 -0.591770 -0.018361 -0.664525 -0.747040 0.899237 0.315647 -0.302884
5.101956 -37.796356 1371.296655 -716.661927 -0.425023 0.708698 -0.563119 0.002015 -0.621363 -0.783520 0.905180 0.334148 -0.262666
4.075658 -162.222246 995.846538 -14116.842619 0.477133 -0.795361 0.373824 0.782280 0.190538 -0.593071 0.400478 0.575409 0.713107
6.292199 -145.342587 2105.850573 -13257.577753 0.466134 -0.810633 0.354391 0.852180 0.303765 -0.426048 0.237717 0.500600 0.832401
17.034320 -162.584212 5425.864410 -13919.361587 0.440337 -0.827213 0.349030 0.793809 0.177066 -0.581820 0.419488 0.533260 0.734618
6.073040 -162.334903 2310.827822 -6089.821761 0.462253 -0.805443 0.370923 0.679150 0.052620 -0.732110 0.570155 0.590333 0.571341
-1.322331 -182.916855 79.952386 -1043.881417 0.470996 -0.792999 0.386413 0.647419 0.013212 -0.762020 0.599176 0.609079 0.519625
21.101356 -19.544025 -3153.097427 -722.544036 0.444995 0.864491 -0.233739 0.782528 -0.248447 0.570897 0.435464 -0.436954 -0.787047
13.345668 -17.466749 -2378.414768 -800.697756 0.498781 0.833084 -0.239141 0.760416 -0.288213 0.581981 0.415916 -0.472127 -0.777245
22.253859 -21.634600 -3253.319624 705.437218 0.490653 0.846823 -0.205305 -0.721884 0.263088 -0.640053 0.487998 -0.462251 -0.740393
27.324670 -23.757902 -1419.755968 259.135222 0.402945 0.907773 -0.116545 -0.730709 0.242414 -0.638201 0.551090 -0.342320 -0.760997
-11.512437 -19.247505 -304.384256 652.045510 0.217058 0.940600 -0.261070 -0.871925 0.066569 -0.485094 0.438900 -0.332927 -0.834582
-12.983796 -19.905265 -204.869339 497.806927 0.296807 0.943471 -0.147543 -0.839345 0.184062 -0.511489 0.455418 -0.275653 -0.846528
-11.633813 -21.531230 -163.676438 98.926282 0.207192 0.957177 -0.202199 -0.808011 0.050910 -0.586964 0.551534 -0.284993 -0.783957
49.894515 -418.770363 6070.329649 -105156.900819 0.245860 0.953189 -0.176024 -0.847061 0.122999 -0.517067 0.471212 -0.276229 -0.837650
23.994395 -148.968676 2148.326146 -28331.902199 0.231807 0.957881 -0.169497 -0.871734 0.127232 -0.473172 0.431677 -0.257441 -0.864511
35.458557 -211.245317 4244.674720 33668.092054 0.268116 0.942749 -0.198340 0.951693 -0.227208 0.206534 0.149645 -0.244134 -0.958126
54.712358 -787.012868 4597.997755 160784.258818 0.274164 0.905716 -0.323284 0.933153 -0.169274 0.317130 0.232506 -0.388620 -0.891580
-5.719633 -137.720648 -1996.667306 -32057.381045 -0.421797 -0.581493 -0.695667 0.123055 0.723447 -0.679325 0.898301 -0.372143 -0.233592
-2.411684 -239.790318 -1594.945785 -47547.737779 -0.432415 -0.526799 -0.731779 -0.109190 0.836198 -0.537448 0.895039 -0.152497 -0.419105
1.863163 -161.312666 -269.788283 -31513.611158 -0.474132 -0.601202 -0.643239 0.081703 0.697381 -0.712029 0.876655 -0.390150 -0.281530
-30.757219 -54.554121 -210.920151 -4291.355160 -0.305987 0.949943 -0.063088 0.049498 0.082050 0.995398 -0.950748 -0.301456 0.072126
-31.225113 -46.709291 87.207495 -1867.826148 -0.352187 0.865325 0.356618 0.173032 -0.314263 0.933434 -0.919796 -0.390450 0.039050
-34.408055 -52.346285 130.165230 -1223.393895 -0.353211 0.934632 0.041295 0.182735 0.025634 0.982828 -0.917524 -0.354692 0.179844
44.507660 -57.123991 -2724.254488 4082.259170 -0.112506 0.853569 -0.508686 -0.656719 0.320314 0.682729 -0.745696 -0.410875 -0.524518
49.198800 -56.847714 -268.312142 3966.904907 -0.042480 0.893252 -0.447544 -0.651019 0.315046 0.690594 -0.757872 -0.320696 -0.568141
-24.254584 -39.839396 -768.628107 -2010.919627 -0.303771 0.819575 0.485819 0.932490 0.360342 -0.024831 -0.195412 0.445479 -0.873706
-6.626964 -23.709402 3049.385085 -353.812861 0.255246 0.842398 0.474568 -0.668014 -0.201198 0.716434 -0.699005 0.499885 -0.511378
3.323563 -25.253926 5285.320600 -507.464169 0.286561 0.817898 0.498924 -0.730418 -0.150486 0.666216 -0.619978 0.555335 -0.554284
11.640763 -13.936789 1587.795537 -109.646007 -0.193785 0.930393 0.311154 -0.833990 0.010792 -0.551674 0.516631 0.366405 -0.773847
8.721984 -13.157342 1685.633151 -85.828911 -0.028736 0.897259 0.440568 -0.887652 0.179754 -0.423983 0.459617 0.403254 -0.791289
13.002263 -17.188645 1412.799517 376.375259 -0.050876 0.922448 0.382754 -0.887328 0.134130 -0.441201 0.458324 0.362075 -0.811690
-9.922888 -27.326010 -1118.904372 -534.651744 -0.771461 0.609653 -0.182128 0.425666 0.707261 0.564438 0.472923 0.357916 -0.805133
-15.288253 -28.518842 233.901143 -420.089860 -0.652278 0.754961 0.067590 0.666423 0.528720 0.525676 0.361128 0.387931 -0.847995
0.201788 -38.567528 21.819190 808.998153 -0.054432 0.827805 0.558369 -0.691032 -0.434882 0.577367 -0.720772 0.354423 -0.595711
0.895740 -40.484574 81.686754 835.846578 -0.065583 0.823516 0.563489 -0.693936 -0.443432 0.567293 -0.717044 0.353821 -0.600549
6.723032 -47.522355 747.151664 -7.717587 -0.111359 0.804270 0.583737 0.969141 0.217876 -0.115306 -0.219920 0.552883 -0.803714
10.717707 -50.774203 982.705151 -1788.036425 -0.106246 0.819051 0.563798 0.991233 0.132032 -0.005014 -0.078546 0.558322 -0.825898
6.988321 -48.993832 808.322223 -1176.198719 -0.133863 0.797345 0.588491 0.987414 0.157787 0.010819 -0.084230 0.582532 -0.808431
-2.584077 -72.774822 -147.049699 -3912.750056 0.704166 0.092949 0.703925 -0.635193 0.525500 0.566021 0.317301 0.845701 -0.429080
-2.308492 -83.882144 128.033315 -5343.064262 0.704445 0.091205 0.703874 -0.666016 0.427712 0.611134 0.245317 0.899302 -0.362044
-1.732687 -91.095783 340.366125 -7111.280805 0.700171 0.077299 0.709778 -0.686098 0.347920 0.638921 0.197559 0.934332 -0.296638
-3.021825 -94.231334 176.082017 -6643.607339 0.711418 0.101097 0.695460 -0.690042 0.287973 0.664013 0.133144 0.952287 -0.274630
-2.329071 -97.260717 178.588882 -6986.777585 0.714489 0.088972 0.693967 -0.692730 0.229090 0.683844 0.098138 0.969331 -0.225316
6.032919 -22.130306 129.886359 -1211.818835 0.097799 0.993991 0.049160 0.524527 -0.093461 0.846249 -0.845758 0.056976 0.530515
5.169108 -18.090613 -654.816648 -1169.862238 0.039486 0.998842 0.027480 0.484939 -0.043201 0.873480 -0.873656 0.021164 0.486084
4.074529 -33.492898 1479.328596 211.288504 0.184939 0.944023 0.273164 -0.469082 -0.159456 0.868640 -0.863574 0.288781 -0.413335
3.937698 -32.317382 1167.209335 356.984985 0.185905 0.949452 0.252945 -0.344159 -0.178204 0.921845 -0.920323 0.258428 -0.293633
6.524767 -32.177239 690.301004 299.356771 0.175203 0.958880 0.223280 -0.336609 -0.154780 0.928837 -0.925202 0.237893 -0.295649
2.338277 -87.266566 -343.721450 6447.178358 0.601177 0.098854 0.792978 -0.250699 0.965553 0.069693 -0.758773 -0.240697 0.605251
3.141122 -90.493420 -145.977290 8030.530810 0.612649 0.112031 0.782375 -0.214046 0.976428 0.027794 -0.760819 -0.184492 0.622187
2.480386 -77.132453 -348.564415 6791.904702 0.591739 0.135093 0.794729 -0.143746 0.987741 -0.060873 -0.793210 -0.078218 0.603904
1.959585 -74.792039 -358.017235 5584.213415 0.589096 0.120329 0.799054 -0.179847 0.983572 -0.015524 -0.787795 -0.134563 0.601059
3.472725 -79.152864 -557.339452 3208.775721 0.723432 0.174528 0.667971 -0.686469 0.284882 0.669031 0.073529 0.942540 -0.325901
1.171671 -80.960267 -396.284266 1025.165421 0.721922 0.178260 0.668619 -0.666647 0.438194 0.602966 0.185500 0.881027 -0.435179
2.414766 -83.857661 -459.122948 1660.838837 0.730872 0.167941 0.661530 -0.652831 0.454758 0.605811 0.199095 0.874638 -0.442007
0.717626 -69.386695 -79.844257 3197.812009 0.586185 0.138891 0.798183 -0.132951 0.988331 -0.074340 -0.799194 -0.062542 0.597810
0.341653 -78.927240 -2.485914 3562.600217 0.598729 0.103924 0.794181 -0.219092 0.974980 0.037590 -0.770404 -0.196505 0.606517
-6.942874 -25.848975 -344.740067 704.249513 0.287128 0.932843 -0.217626 0.905033 -0.189762 0.380664 -0.313803 0.306258 0.898740
-7.490647 -22.949390 -386.588087 537.987209 -0.310363 -0.929921 0.197288 0.918299 -0.239628 0.315128 -0.245768 0.278973 0.928317
-6.583636 -23.365510 -18.959019 835.742213 -0.296111 -0.928578 0.223745 0.925264 -0.220721 0.308495 -0.237077 0.298371 0.924537
22.878170 -165.408885 -6415.175239 15607.262409 0.677826 0.286601 0.677061 -0.639489 -0.224567 0.735271 -0.362775 0.931359 -0.031061
28.520721 -187.366181 -8048.111327 -14155.970438 0.683624 0.304864 0.663111 0.696417 -0.000706 -0.717637 -0.218313 0.952396 -0.212795
-1.877311 -167.875095 -815.328060 -29155.574671 -0.608363 0.465311 -0.642946 0.735559 0.634814 -0.236569 0.298073 -0.616845 -0.728461
-2.085354 -76.115857 -416.916330 -5153.826775 -0.647151 0.453145 -0.613070 0.747969 0.532925 -0.395643 0.147437 -0.714599 -0.683821
-3.618136 -153.867235 -836.269102 -39251.553793 -0.591327 0.505484 -0.628346 0.775887 0.569027 -0.272411 0.219846 -0.648609 -0.728679
92.843446 -6514.069596 -9013.039206 -2284514.889615 -0.643176 0.438434 -0.627774 0.654607 0.740172 -0.153735 0.397258 -0.509824 -0.763063
-20.291935 -160.521950 -5927.730890 -31343.058711 -0.575045 0.535961 -0.618118 0.776813 0.594740 -0.206992 0.256680 -0.599192 -0.758344
21.592986 -18.990940 4124.911251 1291.876670 0.759367 0.492752 0.424921 -0.630424 0.718799 0.293076 0.161019 0.490433 -0.856474
-4.169796 -35.711514 12859.255203 -1474.080460 0.413497 -0.579409 -0.702357 0.698675 0.696555 -0.163293 0.583844 -0.423198 0.692842
0.480587 -87.238758 253.727835 1653.236064 0.108649 0.811255 0.574508 -0.869951 0.357247 -0.339941 0.481020 0.462860 -0.744567
-1.860011 -475.321176 3393.612038 104755.744671 0.963578 -0.202291 -0.174919 -0.222242 -0.241907 -0.944505 -0.148751 -0.948978 0.278054
-3.492941 -1039.130314 9580.443055 245464.798650 0.950673 -0.189032 -0.245943 -0.267604 -0.098820 -0.958448 -0.156873 -0.976986 0.144531
-143.001720 -585.187691 10295.717489 53135.900188 0.770196 -0.083911 -0.632264 -0.542611 0.434807 -0.718690 -0.335219 -0.896606 -0.289356
6.308364 -834.702486 8808.329694 112890.584859 0.977264 -0.119023 -0.175469 -0.206818 -0.717433 -0.665219 0.046711 -0.686384 0.725737
27.454536 -794.345493 -10439.877900 189593.003560 0.949825 -0.312439 -0.014672 0.003966 0.058935 -0.998254 -0.312758 -0.948108 -0.057217
-30.568685 -1011.063980 -3951.884414 -28737.588016 0.982742 -0.108142 -0.150080 -0.175390 -0.802598 -0.570153 0.058796 -0.586635 0.807714
-1.167215 -892.467355 -2739.929866 138826.854771 0.993568 -0.111265 -0.021044 -0.090692 -0.670606 -0.736249 -0.067807 -0.733422 0.676383
-10.327151 -105.332015 -1712.565284 -28400.863772 0.989770 0.099792 -0.101962 0.130349 -0.341980 0.930623 -0.058000 0.934394 0.351489
-4.506527 -94.106097 -1936.335248 -32033.938738 0.990294 0.082501 -0.111850 0.133236 -0.334450 0.932948 -0.039561 0.938795 0.342196
-7.495855 -18.302232 -99.079580 -3243.048954 0.843074 0.228923 -0.486642 0.534730 -0.260321 0.803926 -0.057354 0.937991 0.341882
-10.643081 -88.126023 510.011056 -19373.945283 0.947005 0.152806 -0.282545 0.316704 -0.297207 0.900759 -0.053667 0.942506 0.329850
10.352896 -52.168138 1374.241379 -10938.413278 0.978957 0.061726 -0.194506 0.199039 -0.499060 0.843399 0.045010 0.864366 0.500844
12.500697 -66.861422 92.515316 -8755.004700 0.989260 0.110873 -0.095244 0.143802 -0.621557 0.770057 -0.026179 0.775483 0.630825
9.053584 -36.126993 923.609398 -7759.753761 0.983926 0.082779 -0.158230 0.178569 -0.448756 0.875632 -0.001478 0.889812 0.456324
10.354225 -82.253309 687.780496 -12907.954401 0.988799 0.035363 -0.145006 0.132878 -0.651033 0.747328 0.067976 0.758225 0.648440
-27.111177 -35.985657 -1011.960956 557.896349 0.577918 0.556574 -0.596856 -0.115119 0.779640 0.615556 0.807935 -0.287031 0.514640
-27.660661 -35.506247 -765.045847 302.396700 0.512105 0.520772 -0.683040 -0.055163 0.813528 0.578903 0.857149 -0.258781 0.445340
-27.364231 -33.193553 -281.556731 -1300.203783 0.454256 0.716293 -0.529694 0.272379 -0.677777 -0.682956 0.848211 -0.165959 0.502987
-28.584735 -33.445513 173.962100 344.060656 0.407274 0.675395 -0.614793 -0.152514 0.713993 0.683340 0.900482 -0.184542 0.393798
-5.855477 -143.859110 -4512.354455 41380.814333 0.733775 -0.438890 -0.518603 -0.165006 0.625351 -0.762698 0.659050 0.645222 0.386447
-0.529311 -71.675763 -266.953058 2997.389906 0.456964 -0.620184 0.637618 -0.018847 0.709927 0.704023 -0.889286 -0.333730 0.312723
0.179607 -74.547869 -129.661234 3226.491085 0.462133 -0.626483 0.627656 -0.012605 0.703056 0.711023 -0.886721 -0.336499 0.317009
-1.232468 -77.781031 348.844546 2367.694115 -0.459197 0.631595 -0.624681 -0.182334 0.621220 0.762128 -0.869421 -0.463867 0.170102
0.462857 -65.791679 -49.212634 3587.088627 0.463350 -0.613643 0.639335 0.140751 0.763257 0.630578 -0.874926 -0.202191 0.440026
-2.726403 -74.867428 -435.216643 2181.295713 0.457120 -0.617116 0.640475 -0.191965 0.634686 0.748547 -0.868442 -0.465125 0.171663
-1.740771 -69.594974 -332.605711 2135.010832 0.457194 -0.601864 0.654777 -0.039081 0.721921 0.690871 -0.888508 -0.341452 0.306537
-0.019907 -64.578477 -247.371905 2824.424347 0.457348 -0.607617 0.649333 0.128978 0.767774 0.627605 -0.879885 -0.203284 0.429509
-5.372505 -28.978180 115.029520 328.670279 -0.867029 -0.302769 -0.395717 -0.128627 0.903290 -0.409294 0.481368 -0.303970 -0.822123
-2.949764 -29.602950 575.940599 92.428966 -0.882131 -0.261470 -0.391762 -0.097541 0.915142 -0.391152 0.460793 -0.306835 -0.832780
1.281674 -25.938518 640.082131 -510.151164 0.489229 0.870499 -0.053728 0.772336 -0.461031 -0.436976 0.405157 -0.172286 0.897867
-0.056343 -26.968465 361.891879 -160.372172 0.453860 0.891028 -0.008955 0.738872 -0.381936 -0.555151 0.498075 -0.245345 0.831701
0.051369 -23.237049 1676.400610 -678.764870 0.529735 0.839782 -0.118940 0.774957 -0.536223 -0.334524 0.344705 -0.085036 0.934851
0.804194 -28.682731 -159.708214 -468.174986 0.428918 0.902821 0.030726 0.762429 -0.343558 -0.548333 0.484490 -0.258617 0.835695
2.412145 -27.165927 -300.282446 -715.180118 0.458386 0.888742 0.004391 0.806177 -0.413712 -0.422991 0.374113 -0.197433 0.906123
2.716467 -23.927233 856.100306 -1010.600482 0.502733 0.860637 -0.081015 0.810823 -0.501968 -0.300989 0.299709 -0.085628 0.950180
-0.731926 -39.627472 351.379935 621.057654 0.471268 0.872710 -0.127610 -0.488784 0.378855 0.785850 -0.734164 0.307972 -0.605108
0.880344 -40.179039 264.349485 520.526674 0.466650 0.875693 -0.124099 -0.516560 0.383746 0.765444 -0.717916 0.293090 -0.631422
-0.497390 -40.315031 272.126758 -30.938759 0.462508 0.878040 -0.123010 -0.629508 0.422911 0.651817 -0.624344 0.224034 -0.748334
1.033835 -37.994133 279.254081 847.271492 0.470010 0.872731 -0.132027 -0.376126 0.333349 0.864528 -0.798511 0.356678 -0.484934
-1.627601 -39.615181 266.525941 -56.739217 0.441925 0.889965 -0.112535 -0.621032 0.394054 0.677525 -0.647319 0.229528 -0.726839
-2.971702 -38.828343 438.971688 718.862938 0.460255 0.879086 -0.123988 -0.465690 0.357964 0.809317 -0.755843 0.314752 -0.574136
-0.855269 -37.248552 372.515536 1022.820302 0.474989 0.869519 -0.135358 -0.341809 0.324041 0.882136 -0.810896 0.372739 -0.451125
20.908196 -34.117784 414.168920 -4043.354990 0.614877 0.716400 -0.329692 -0.736404 0.671177 0.085028 -0.282196 -0.190505 -0.940252
19.433059 -29.807632 -1107.779065 535.298062 0.582287 0.717332 -0.382593 -0.754846 0.651801 0.073238 -0.301910 -0.246153 -0.921010
19.508162 -27.023353 1685.733723 -1381.880220 0.653546 0.725977 -0.214089 -0.741104 0.671248 0.013849 -0.153761 -0.149611 -0.976716
17.805842 -29.935375 245.368005 -3570.478148 0.587773 0.763294 -0.268153 0.788355 -0.614824 -0.022068 -0.181712 -0.198429 -0.963123
15.950934 -38.074384 -1437.948686 5791.693665 0.490414 0.768034 -0.411847 -0.819059 0.567637 0.083252 -0.297720 -0.296499 -0.907442
-4.806329 -17.783169 989.286401 -533.218990 -0.968002 -0.091525 -0.233657 -0.057024 0.986984 -0.150368 0.244378 -0.132232 -0.960622
-5.398399 -16.166277 802.206645 -348.091759 -0.964356 -0.132239 -0.229194 -0.079860 0.971229 -0.224358 0.252269 -0.198057 -0.947171
-10.937928 -20.293434 1240.019642 -383.603202 -0.934635 -0.264811 -0.237343 -0.232978 0.960226 -0.153909 0.268660 -0.088553 -0.959156
-0.824763 -15.527860 531.030265 -257.555622 -0.965395 0.023599 -0.259724 0.064188 0.986763 -0.148925 0.252771 -0.160443 -0.954130
-3.808463 -19.547409 1189.830801 -565.530733 -0.970513 -0.061845 -0.232981 -0.047162 0.996565 -0.068079 0.236391 -0.055083 -0.970096
0.660334 -17.366723 728.769037 -412.331088 -0.966190 0.053024 -0.252319 0.074245 0.994391 -0.075331 0.246910 -0.091517 -0.964707
-18.871474 -26.424755 -72.131387 1550.109744 0.888140 0.453190 -0.076326 0.431271 -0.764492 0.479121 -0.158782 0.458444 0.874424
-17.324128 -22.002403 -108.972773 -1856.864544 0.772093 0.606408 -0.190113 0.619786 -0.652372 0.436207 -0.140495 0.454621 0.879534
3.584082 -27.767122 -585.180166 -1338.280448 0.249133 0.954442 0.164237 0.832286 -0.124286 -0.540234 0.495210 -0.271282 0.825332
0.031640 -28.320845 -749.553833 -978.086776 0.302951 0.941970 0.144614 0.808944 -0.173955 -0.561560 0.503817 -0.287109 0.814701
-1.044006 -25.047286 -901.598998 -553.957337 0.318400 0.935941 0.150450 0.849691 -0.211411 -0.483043 0.420293 -0.281637 0.862575
2.532696 -86.547049 -548.023087 4038.921410 -0.626757 0.650780 -0.428556 0.128739 0.628909 0.766746 -0.768506 -0.425392 0.477954
1.926479 -83.761162 -260.111486 2818.961595 -0.618337 0.647087 -0.446024 0.059683 0.604548 0.794330 -0.783643 -0.464544 0.412435
1.480965 -78.798715 361.008398 461.024535 0.340982 -0.780680 0.523708 0.856700 0.028695 -0.515017 0.387035 0.624272 0.678593
3.578311 -72.942710 574.980429 186.346972 0.337765 -0.779354 0.527751 0.851181 0.013589 -0.524696 0.401753 0.626436 0.667961
0.903791 -77.317148 208.536708 649.303799 0.364945 -0.777776 0.511742 0.772551 -0.053776 -0.632671 0.519595 0.626237 0.581247
3.825860 -77.197769 503.702685 1119.277578 0.308306 -0.778748 0.546351 0.912284 0.079270 -0.401814 0.269603 0.622309 0.734878
-0.435287 -81.426721 354.317252 2454.475964 0.363538 -0.780348 0.508820 0.772986 -0.052162 -0.632276 0.519936 0.623166 0.584235
2.039177 -81.672990 479.841577 -922.647936 0.316573 -0.783673 0.534451 0.918605 0.112787 -0.378740 0.236529 0.610848 0.755592
