11455
22903
-51.384969 -75.683330 890.843674 5835.968410 0.216677 0.957562 -0.190069 0.945169 -0.157035 0.286348 -0.244349 0.241693 0.939084
-40.224078 -72.201154 1951.394726 10841.605751 -0.055398 -0.990327 0.127211 0.993739 -0.042307 0.103403 -0.097021 0.132143 0.986471
-37.678196 -59.364147 545.685356 6155.080450 -0.494787 -0.860405 0.122019 0.867582 -0.481022 0.126171 -0.049864 0.168289 0.984476
-29.640484 -60.984087 -4068.346190 10493.884269 0.060851 0.997421 -0.038054 0.997444 -0.062195 -0.035180 0.037456 0.035816 0.998656
-43.643972 -69.797703 -559.359554 5371.947134 -0.595557 -0.785834 0.166664 0.789806 -0.534917 0.300118 -0.146691 0.310370 0.939230
-31.366418 -44.197072 1301.230575 4083.731619 -0.672371 -0.734085 0.095059 0.738004 -0.674729 0.009515 0.057154 0.076551 0.995426
-37.014944 -58.248621 -10.540455 4740.484947 0.758915 0.628268 -0.171255 0.651129 -0.728518 0.212821 -0.008947 0.273022 0.961966
-32.433132 -49.804301 -444.686069 4531.508918 0.767464 0.627379 -0.131888 0.640411 -0.759734 0.112599 0.029558 0.170878 0.984849
-12.583542 -84.517063 6875.828049 5639.437233 0.268209 0.963357 0.002677 0.960551 -0.267637 0.075575 -0.073522 0.017698 0.997137
-19.361917 -76.601651 -1938.216318 10991.647107 -0.306912 -0.943346 -0.126105 0.945836 -0.287588 -0.150621 0.105821 -0.165502 0.980516
-14.477726 -72.052064 3264.028045 9833.850701 0.300980 0.952570 0.044964 0.947176 -0.293134 -0.130113 0.110761 -0.081751 0.990479
128.399888 -96.218388 35011.819894 -10377.451213 0.496500 -0.697908 0.516152 0.863551 0.336753 -0.375337 0.088135 0.632078 0.769877
152.538961 -77.265509 25718.698693 -7890.008939 0.523572 -0.652353 0.548004 0.849495 0.448825 -0.277333 -0.065039 0.610731 0.789163
127.735679 -94.629343 11181.929072 -9490.047078 0.448377 -0.492802 0.745724 0.891665 0.304832 -0.334682 -0.062389 0.814999 0.576094
141.835266 -96.695120 -32728.950431 -7296.818381 0.362482 -0.069949 0.929362 0.907648 0.252916 -0.334977 -0.211619 0.964956 0.155167
94.583719 -104.200532 -9886.745049 -6679.488390 0.424368 -0.269229 0.864539 0.905067 0.096952 -0.414069 0.027660 0.958184 0.284814
99.353387 -105.341184 19656.887401 -9583.188771 0.450175 -0.602025 0.659476 0.878750 0.167544 -0.446908 0.158559 0.780702 0.604453
40.112394 -53.361636 1500.345932 -8293.942909 0.656206 0.413042 0.631498 -0.573492 0.816890 0.061630 -0.490408 -0.402601 0.772924
38.346319 -55.473981 -3215.081163 -3167.315342 0.553819 0.368245 0.746779 -0.583376 0.811554 0.032451 -0.594102 -0.453625 0.664280
37.593213 -73.842762 1097.651483 -10286.217323 0.625829 0.390437 0.675201 -0.511402 0.859041 -0.022735 -0.588902 -0.331071 0.737283
31.893180 -73.412306 6055.258993 -13764.177395 0.692757 0.470843 0.546255 -0.556569 0.830739 -0.010216 -0.458605 -0.296952 0.837557
32.469476 -50.254003 5117.492005 9705.240032 0.703627 0.483326 0.520869 0.610902 -0.785860 -0.096034 -0.362915 -0.385772 0.848217
27.725082 -45.426407 4473.787531 720.109701 -0.609141 0.791826 -0.044263 0.311112 0.187250 -0.931744 0.729491 0.581334 0.360408
18.062485 -42.244149 6584.396784 787.742627 -0.656703 0.749367 -0.084792 0.308023 0.163893 -0.937156 0.688377 0.641551 0.338451
18.397253 -39.493420 5514.033324 652.141746 -0.655127 0.755292 -0.018527 0.200512 0.150173 -0.968113 0.728425 0.637952 0.249828
-6.440619 -42.401428 126.387025 -776.160254 0.233056 0.920195 -0.314526 -0.760732 0.373992 0.530488 -0.605782 -0.115637 -0.787182
-7.669804 -41.091418 209.186410 -854.094093 0.260447 0.916240 -0.304420 -0.817826 0.376943 0.434827 -0.513155 -0.135713 -0.847499
-6.874447 -40.631578 1067.055776 -472.872122 0.239574 0.923534 -0.299481 -0.831800 0.354331 0.427268 -0.500712 -0.146746 -0.853085
-6.520237 -41.589753 -493.991429 -798.941453 0.249165 0.902098 -0.352330 -0.819990 0.390083 0.418869 -0.515299 -0.184540 -0.836906
26.743964 -115.325289 -1876.764394 -3678.215077 -0.061693 0.990705 0.121230 -0.910957 -0.105524 0.398777 -0.407863 0.085834 -0.909000
28.735592 -116.258458 -1935.559831 -3192.678601 -0.111636 0.976234 0.185755 -0.875036 -0.185164 0.447243 -0.471009 0.112614 -0.874911
21.994013 -111.505090 -1350.572905 972.523350 -0.085092 0.985934 0.143855 -0.773325 -0.156391 0.614419 -0.628274 0.058964 -0.775755
34.627503 -112.113267 1919.918858 -3543.847667 -0.106171 0.964230 0.242875 -0.960972 -0.162252 0.224068 -0.255460 0.209607 -0.943825
17.997632 -108.531175 -2232.355630 2402.668596 -0.034047 0.996751 0.072997 -0.793274 -0.071379 0.604666 -0.607912 0.037320 -0.793127
21.093126 -113.813188 -3589.025804 538.009123 -0.027070 0.999632 0.001711 -0.894930 -0.024997 0.445507 -0.445386 -0.010528 -0.895277
36.057299 -118.350001 -559.688575 -6264.632197 -0.056933 0.993134 0.102197 -0.986192 -0.071887 0.149190 -0.155513 0.092292 -0.983513
0.621182 -49.854209 805.403044 -392.652638 0.231811 0.927636 -0.292838 -0.584225 0.373462 0.720560 -0.777782 -0.004050 -0.628521
-0.893283 -50.742904 340.824272 -180.920404 0.213070 0.934756 -0.284312 -0.595056 0.354951 0.721053 -0.774925 -0.015547 -0.631862
-1.750511 -53.590399 911.272854 -1137.960992 0.214921 0.941742 -0.258709 -0.481423 0.332638 0.810915 -0.849730 0.049734 -0.524867
-0.570120 -52.484688 277.812490 -798.110097 0.214704 0.935929 -0.279175 -0.455580 0.348811 0.819010 -0.863915 0.048658 -0.501282
2.067921 -48.275847 597.109534 -961.915159 0.248535 0.916674 -0.312953 -0.573368 0.399633 0.715222 -0.780692 -0.001680 -0.624914
144.233106 -81.229412 -42492.265651 -8061.298929 0.270241 0.090435 0.958536 0.861702 0.421371 -0.282695 -0.429465 0.902368 0.035944
83.283602 -57.069282 -27048.042726 -8517.202279 0.268386 0.107339 0.957313 0.753384 0.595912 -0.278031 -0.600318 0.795844 0.079066
35.481544 -80.416473 -21119.112585 -9565.182690 0.275546 0.193637 0.941583 0.793761 0.506677 -0.336485 -0.542234 0.840109 -0.014089
49.878825 -96.846456 -26534.417608 -5934.054740 0.262686 0.202394 0.943416 0.903503 0.291563 -0.314122 -0.338642 0.934894 -0.106274
21.527506 -44.053187 6155.784333 -1251.732251 0.428250 0.869886 -0.244745 0.792220 -0.231113 0.564777 0.434728 -0.435758 -0.788116
17.270942 -47.178017 4624.967039 1389.802891 0.384437 0.879069 -0.281860 0.842178 -0.208922 0.497080 0.378081 -0.428472 -0.820650
29.543819 -42.993353 7612.526412 -105.695613 0.358373 0.884387 -0.299045 0.853431 -0.180494 0.488955 0.378450 -0.430443 -0.819448
29.539783 -43.752676 6409.961422 -3236.381147 0.456840 0.850067 -0.262076 0.768483 -0.228762 0.597579 0.448029 -0.474399 -0.757770
-1.924848 -50.697598 -906.785838 -1786.293083 0.321280 0.848517 -0.420474 0.919668 -0.385444 -0.075118 -0.225808 -0.362563 -0.904190
-0.766393 -52.366191 -29.066937 -2084.282482 0.323475 0.852833 -0.409926 0.925343 -0.375642 -0.051315 -0.197749 -0.362724 -0.910674
-0.835423 -47.156462 -851.202024 -503.793023 0.303876 0.854144 -0.422016 0.899191 -0.403510 -0.169219 -0.314825 -0.328052 -0.890656
-4.058170 -45.728125 -1053.772583 1036.369907 0.307838 0.857692 -0.411825 -0.878791 0.422205 0.222417 -0.364640 -0.293440 -0.883703
0.299871 -130.428500 1348.526314 2343.522123 -0.463688 -0.432670 -0.773169 0.379003 0.691917 -0.614498 0.800843 -0.577969 -0.156851
-1.607440 -158.817850 283.583326 11726.720781 -0.471986 -0.439593 -0.764191 0.578658 0.499489 -0.644721 0.665120 -0.746505 0.018622
6.122471 -133.933708 4200.447723 2400.484081 -0.463285 -0.393713 -0.793950 0.484215 0.637881 -0.598868 0.742228 -0.661889 -0.104879
8.222711 -123.348289 4962.477656 9068.580163 -0.487469 -0.392898 -0.779747 0.251201 0.792173 -0.556201 0.836225 -0.467004 -0.287463
13.598045 -131.569236 3962.490016 11785.646970 -0.453186 -0.385388 -0.803803 0.280554 0.794227 -0.538974 0.846116 -0.469765 -0.251811
11.744221 -140.617168 2140.841597 -736.229926 -0.399802 -0.406759 -0.821405 0.571506 0.589998 -0.570336 0.716617 -0.697459 -0.003417
-28.598993 -46.612309 223.648662 -115.656271 -0.510792 0.855893 -0.080860 0.723669 0.377285 -0.577893 0.464107 0.353699 0.812097
-28.122553 -47.386483 -274.057992 546.930014 -0.476501 0.876826 -0.064208 0.779359 0.387476 -0.492404 0.406874 0.284672 0.867995
-27.699760 -45.796846 -1902.903066 194.623835 -0.485117 0.874104 0.024581 0.700545 0.405310 -0.587334 0.523353 0.267706 0.808972
-0.456486 -352.732998 -532.257225 -79996.624463 -0.400584 -0.575592 -0.712900 0.847116 -0.529166 -0.048756 -0.349179 -0.623440 0.699569
3.351589 -273.529084 383.595960 43135.216034 0.433295 0.563310 0.703518 -0.655765 0.732535 -0.182660 -0.618246 -0.382196 0.686803
1.920148 -345.078736 -467.203107 -81080.950796 -0.450431 -0.566638 -0.689951 0.751041 -0.658333 0.050357 -0.482752 -0.495499 0.722102
0.221126 -223.834179 1374.719405 29149.650223 0.471588 0.551842 0.687804 -0.689239 0.717197 -0.102854 -0.550050 -0.425557 0.718572
-4.066892 -268.788257 -2099.512172 -34983.504438 -0.447265 -0.570014 -0.689230 0.844250 -0.523482 -0.114927 -0.295290 -0.633286 0.715369
-7.951742 -48.358870 -700.983290 -15.017309 0.276432 0.904031 0.326059 0.344367 0.223571 -0.911827 0.897216 -0.364341 0.249516
-10.430536 -47.263574 -1418.805770 593.404013 0.231913 0.884856 0.404038 0.384525 0.298138 -0.873644 0.893508 -0.357973 0.271107
-6.457554 -49.182565 -419.057313 8.461220 0.267425 0.895051 0.356886 0.446763 0.212986 -0.868930 0.853749 -0.391817 0.342918
-3.433841 -50.066930 406.437167 -536.428025 0.288291 0.905922 0.310152 0.442837 0.161045 -0.882020 0.848990 -0.391625 0.354748
-1.642540 -49.246955 -1907.575624 789.525207 0.305544 0.901546 0.306361 0.307854 0.210933 -0.927757 0.901038 -0.377785 0.213095
-8.095288 -47.793050 -957.478265 1020.990909 0.287073 0.907932 0.305367 0.239818 0.240513 -0.940554 0.927403 -0.343240 0.148693
57.428277 -64.059615 -3471.379578 591.977219 0.006117 0.969434 0.245276 0.384465 -0.228707 0.894360 -0.923120 -0.088829 0.374112
47.669656 -40.992235 7841.031388 -1265.917019 0.286307 0.952387 0.104817 0.378181 -0.212843 0.900931 -0.880345 0.218303 0.421113
54.318764 -50.892661 4104.697943 -639.424009 0.104985 0.993997 0.030776 0.520442 -0.081287 0.850019 -0.847419 0.073222 0.525852
-9.620769 -54.616959 -1134.777463 -2747.047698 0.349391 0.854734 -0.383870 0.931379 -0.361538 0.042715 -0.102273 -0.372452 -0.922399
-6.919713 -57.162939 -1352.092784 -1968.279573 0.345496 0.847913 -0.402089 0.936713 -0.337438 0.093295 -0.056574 -0.408875 -0.910835
-9.164941 -49.389443 -2004.236681 -2078.159908 0.349550 0.843797 -0.407212 0.914469 -0.401837 -0.047680 -0.203865 -0.355716 -0.912088
-9.588793 -46.501050 -899.347680 -2609.900602 0.338947 0.859401 -0.382812 0.905343 -0.408611 -0.115718 -0.255869 -0.307354 -0.916550
-29.389897 -35.586291 -538.091125 -860.738937 -0.204174 0.835207 -0.510629 0.020435 -0.517867 -0.855217 0.978721 0.185048 -0.088667
-29.027798 -35.725330 -585.914470 -668.428358 -0.172335 0.952317 -0.251778 0.053765 -0.246127 -0.967745 0.983570 0.180314 0.008784
-28.041414 -38.778906 -524.782559 -1043.572108 -0.150358 0.791967 -0.591761 -0.026994 -0.601631 -0.798318 0.988263 0.104059 -0.111838
-25.604564 -37.794918 1404.374727 1208.131140 -0.263823 0.626506 -0.733408 0.011746 0.762377 0.647027 0.964500 0.162086 -0.208492
-27.627698 -42.874254 -519.060361 -1167.974406 -0.113928 0.749595 -0.652019 -0.125257 -0.661892 -0.739060 0.985561 0.002530 -0.169300
-26.271742 -41.985415 1052.696745 1121.662727 -0.216217 0.645746 -0.732300 0.127762 0.762305 0.634482 0.967950 0.043625 -0.247325
-62.798048 -1328.262305 10421.158107 -357359.379741 0.149565 -0.077289 -0.985727 0.987028 0.070511 0.144234 0.058357 -0.994512 0.086832
-368.555372 -7281.090443 3708.549802 -2549463.160836 0.287287 0.007168 -0.957818 0.736339 0.637884 0.225630 0.612593 -0.770099 0.177978
-237.550513 -1600.138124 -40135.758929 408322.237966 0.636888 0.169583 -0.752074 -0.592160 -0.517062 -0.618057 0.493681 -0.838981 0.228890
-119.613593 -428.541096 -23436.331412 -87286.314320 -0.067763 -0.033640 -0.997134 0.942055 0.326956 -0.075050 0.328543 -0.944441 0.009535
-288.966128 -345.150584 -44785.829183 -10561.255285 0.334747 0.395339 -0.855366 0.827563 0.310776 0.467502 0.450649 -0.864364 -0.223137
-111.978935 -254.056584 -25605.299118 14897.236624 -0.059709 0.035989 -0.997567 0.648237 0.761355 -0.011333 0.759094 -0.647336 -0.068789
-33.846592 -64.678703 4610.323926 -5335.057023 0.034261 0.939177 -0.341722 -0.626352 0.286619 0.724936 -0.778787 -0.189201 -0.598075
-29.424211 -50.120621 -1195.012598 -5935.191093 -0.306618 0.945561 -0.109082 -0.721325 -0.156060 0.674786 -0.621028 -0.285585 -0.729908
-37.679516 -51.314353 -2510.946149 -5679.126385 -0.371470 0.909659 -0.185822 -0.660381 -0.118189 0.741572 -0.652616 -0.398185 -0.644625
-35.554844 -68.950640 2848.054436 -3733.625730 0.042503 0.870034 -0.491156 -0.572360 0.424139 0.701790 -0.818900 -0.251290 -0.516000
7.911273 -50.769804 3969.411360 -1455.704596 0.507900 -0.291584 0.810566 -0.040083 0.931950 0.360365 -0.860483 -0.215520 0.461650
-9.705282 -61.566313 6974.977992 -1019.504796 0.548514 -0.277057 0.788906 -0.047663 0.931613 0.360314 -0.834782 -0.235239 0.497797
2.996482 -48.961375 6140.427226 -3384.001857 0.552965 -0.428922 0.714322 -0.088643 0.822169 0.562299 -0.828476 -0.374251 0.416610
12.196462 -37.696853 2273.868131 -4016.286156 0.509702 -0.444150 0.736841 -0.087618 0.825193 0.558014 -0.855878 -0.348981 0.381687
15.058649 -29.351853 3677.423381 -3142.426908 0.543153 -0.630197 0.554831 -0.040671 0.640278 0.767066 -0.838648 -0.439200 0.322137
-11.066025 -53.202191 -1285.644793 -536.458810 -0.476830 0.877845 -0.044950 0.878920 0.476836 -0.011293 0.011520 -0.044892 -0.998925
-9.465743 -51.761801 -551.152213 -4003.075533 -0.503075 0.862267 -0.058407 0.861176 0.494456 -0.117853 -0.072741 -0.109587 -0.991312
-12.349017 -50.681334 -1012.129297 6566.757336 -0.485677 0.873039 -0.043835 -0.859666 -0.467948 0.204936 -0.158404 -0.137216 -0.977793
-9.484207 -57.629073 -787.836991 -1060.545982 -0.483495 0.873831 -0.051505 -0.867937 -0.486211 -0.101407 0.113655 0.004327 -0.993511
-12.677228 -52.585371 -775.711268 174.321856 -0.470165 0.882567 -0.004626 -0.882174 -0.469784 0.032732 -0.026715 -0.019470 -0.999453
-10.883784 -58.418051 -601.927547 -3392.099950 -0.485182 0.874285 -0.014955 -0.862357 -0.481253 -0.157275 0.144700 0.063411 -0.987442
-13.391451 -58.518404 -13.939925 -3254.220229 -0.467347 0.883469 0.032707 -0.879594 -0.460941 -0.117676 0.088887 0.083764 -0.992513
-7.080930 -62.472773 -1465.013784 -443.597085 -0.589167 0.746773 0.308565 0.596766 0.659617 -0.456919 0.544750 0.085060 0.834273
-5.127155 -62.039980 -695.756193 -670.898390 -0.587655 0.748155 0.308100 0.590653 0.656918 -0.468601 0.552983 0.093395 0.827941
-6.529562 -61.253794 111.675068 257.213586 -0.602633 0.744074 0.288422 0.503600 0.634960 -0.585844 0.619048 0.207800 0.757363
-4.372360 -58.502941 -879.080316 -1591.878387 -0.583929 0.749893 0.310947 0.687385 0.660504 -0.302054 0.431890 -0.037363 0.901152
-16.269244 -109.105882 611.108315 1082.801841 -0.626123 0.727349 0.280950 0.691882 0.684414 -0.229951 0.359541 -0.050407 0.931767
-12.686321 -100.668936 1341.978321 -275.018354 -0.649339 0.719503 0.246323 0.705222 0.690910 -0.159074 0.284641 -0.070419 0.956044
-13.346054 -97.840429 -733.758682 -6473.794723 0.666231 -0.695281 -0.269667 0.734873 0.673615 0.078777 0.126880 -0.250655 0.959726
-8.209263 -94.497896 -2446.319319 -4653.256778 0.671640 -0.716541 -0.188332 0.729445 0.684039 -0.001154 0.129654 -0.136603 0.982105
-10.381907 -87.196396 -1963.936252 -8629.437110 0.697248 -0.684707 -0.212182 0.716765 0.661952 0.219243 -0.009663 -0.304952 0.952319
-11.989510 -81.237608 -658.015526 -10537.568328 0.703796 -0.660862 -0.260641 0.708061 0.622792 0.332836 -0.057634 -0.418798 0.906249
-3.401358 -120.019836 535.077727 -4482.235887 -0.610822 0.776540 0.154539 -0.326512 -0.424861 0.844324 -0.721309 -0.465273 -0.513064
-2.158670 -120.409870 789.456460 -3771.240534 -0.614594 0.776629 0.138280 -0.296933 -0.390163 0.871552 -0.730825 -0.494591 -0.470399
-2.020605 -116.147105 549.034336 5306.717968 -0.611410 0.775979 0.155032 -0.078869 -0.254699 0.963799 -0.787374 -0.577049 -0.216926
1.663027 -69.702314 -73.565673 4386.265559 -0.628775 0.757508 0.175564 0.388040 0.110018 0.915052 -0.673845 -0.643488 0.363120
1.862161 -66.055717 265.069562 1077.534831 0.639952 -0.748370 -0.174366 -0.477722 -0.209744 -0.853106 -0.601867 -0.629245 0.491739
3.046340 -65.505482 684.215748 330.133974 -0.622630 0.759997 0.186377 0.446765 0.149708 0.882037 -0.642443 -0.632449 0.432753
3.326242 -66.025676 -102.084567 3118.630968 0.640625 -0.748808 -0.169960 -0.511922 -0.251530 -0.821382 -0.572307 -0.613204 0.544468
4.481001 -31.485555 -11.957305 4702.620153 0.306996 0.850356 -0.427374 0.447167 0.267521 0.853507 -0.840116 0.453131 0.298123
1.201690 -22.181285 222.954326 4881.624603 0.207186 0.794546 -0.570763 0.553001 0.386153 0.738292 -0.807009 0.468596 0.359379
5.176652 -38.487798 -97.813103 5275.555217 0.276503 0.845640 -0.456552 0.436084 0.312939 0.843742 -0.856374 0.432392 0.282241
7.801375 -48.256476 -314.747545 5755.093041 0.313364 0.868518 -0.384031 0.337119 0.276318 0.900000 -0.887780 0.411491 0.206206
-0.237072 -112.266474 -1086.659041 -12130.183623 -0.544591 0.769287 -0.334093 0.504575 0.618710 0.602164 -0.669944 -0.159358 0.725107
2.091505 -138.515699 -531.237259 -10572.353118 -0.543836 0.756395 -0.363467 0.681858 0.650759 0.334039 -0.489195 0.066170 0.869661
1.437604 -114.030378 -588.854113 -9481.748327 -0.532698 0.776167 -0.337338 0.624887 0.629546 0.461724 -0.570744 -0.035161 0.820375
-12.193810 -252.726304 1311.813003 27876.835883 -0.274429 0.828369 -0.488359 0.272170 0.554001 0.786769 -0.922286 -0.082996 0.377492
-14.015831 -300.526767 556.160317 38245.394035 -0.323583 0.819168 -0.473558 0.365817 0.569874 0.735813 -0.872623 -0.064861 0.484068
-8.250698 -238.825487 1536.537886 35453.638210 -0.267061 0.823587 -0.500384 0.586644 0.550886 0.593610 -0.764544 0.135017 0.630272
-12.742188 -272.599722 -229.564219 -22007.640204 -0.322016 0.828189 -0.458704 -0.097518 0.452919 0.886202 -0.941699 -0.330103 0.065083
-6.949641 -239.939511 2132.671585 26001.548271 -0.227013 0.847959 -0.478989 0.313934 0.529292 0.788223 -0.921906 -0.028566 0.386359
-12.684190 -236.928890 1791.783814 -778.615296 -0.271201 0.843874 -0.462955 -0.063833 0.464154 0.883452 -0.960404 -0.269144 0.072012
9.112805 -4127.092674 27939.568726 -785484.618984 -0.680089 0.718568 -0.145391 0.488728 0.592187 0.640670 -0.546464 -0.364656 0.753925
-82.456212 -1625.506994 -4273.466305 -376120.108036 -0.655739 0.736020 0.168168 -0.327724 -0.478155 0.814840 -0.680149 -0.479210 -0.554757
-4.528726 -1531.859612 2880.702903 -543947.857109 -0.529238 0.842738 -0.098483 0.203497 0.238757 0.949518 -0.823709 -0.482480 0.297854
64.892727 -5218.608362 2471.549135 1897400.261918 0.663484 -0.699886 0.264478 0.704032 0.703661 0.095920 -0.253235 0.122560 0.959610
11.143434 -50.296118 3478.908092 -262.012651 -0.041472 0.982769 0.180124 0.997950 0.031947 0.055460 0.048749 0.182054 -0.982079
9.013865 -51.599716 3363.133560 425.127509 -0.049547 0.981751 0.183603 0.996139 0.061912 -0.062239 -0.072471 0.179810 -0.981028
14.912339 -50.767090 5924.674885 -655.004737 -0.046916 0.981425 0.186019 0.997458 0.056027 -0.044021 -0.053626 0.183481 -0.981559
-10.047594 -30.137545 -1014.718300 1579.530468 0.700628 -0.698654 -0.144926 0.346326 0.155395 0.925154 0.623842 0.698380 -0.350836
-6.758270 -24.212651 -964.770074 2293.957075 0.662519 -0.697483 -0.273102 0.375309 -0.006427 0.926878 0.648237 0.716572 -0.257513
-10.828347 -26.211445 -1337.334251 2313.355054 0.671546 -0.710679 -0.209670 0.335906 0.039772 0.941055 0.660449 0.702391 -0.265430
-13.192618 -46.080943 264.278824 -1337.404890 -0.378487 0.897702 0.225563 -0.681942 -0.435220 0.587826 -0.625862 -0.068664 -0.776905
-11.483630 -46.795701 1616.234199 -1187.852440 -0.347397 0.893381 0.284931 -0.692320 -0.449298 0.564645 -0.632462 0.001107 -0.774591
-11.016321 -44.182006 447.666922 -2918.635314 -0.422872 0.859628 0.286738 -0.753147 -0.509359 0.416320 -0.503933 0.039906 -0.862820
-12.617923 -49.464606 1903.241371 1039.555414 -0.312800 0.919014 0.239936 -0.619994 -0.388930 0.681426 -0.719558 -0.064391 -0.691440
-13.111346 -40.647654 -960.105949 -2105.485447 -0.451532 0.863651 0.224111 -0.707770 -0.499632 0.499429 -0.543305 -0.066889 -0.836866
-14.043559 -48.394111 62.021816 72.413385 -0.351216 0.916442 0.191783 -0.589592 -0.375594 0.715060 -0.727344 -0.138067 -0.672242
-15.247927 -46.040619 -2239.150229 -1351.417082 -0.414601 0.895085 0.164099 -0.658427 -0.419540 0.624868 -0.628157 -0.151024 -0.763290
-208.303528 -2862.160673 44062.135541 546829.563748 0.601658 0.199599 -0.773413 0.701074 -0.595952 0.391582 -0.382758 -0.777818 -0.498493
-167.059315 -440.502393 37011.531869 86414.034308 0.327091 0.083861 0.941265 0.039487 0.993972 -0.102278 -0.944168 0.070622 0.321808
-597.469446 -2335.556541 36243.893574 -740608.961567 0.743029 -0.413054 -0.526586 -0.668891 -0.484401 -0.563862 0.022173 -0.771195 0.636212
-172.616302 -886.506716 43108.563354 -292034.375717 0.270165 0.945383 0.182378 -0.325368 -0.088632 0.941424 -0.906171 0.313680 -0.283653
4.890571 -557.149901 -8044.888263 139052.068854 0.601674 0.173191 -0.779739 0.709505 0.332493 0.621330 0.366867 -0.927067 0.077172
17.150819 -210.583438 5423.605938 55378.437036 0.646001 0.756628 0.100975 0.463420 -0.283625 -0.839523 0.606568 -0.589127 0.533858
12.068073 -276.911094 2545.807117 89468.901126 0.679900 0.724959 0.110318 0.325195 -0.163242 -0.931451 0.657255 -0.669168 0.346741
19.983749 -224.285232 4083.827938 62076.169485 0.630058 0.756801 0.174009 0.422352 -0.145925 -0.894609 0.651648 -0.637149 0.411577
-42.715677 -85.879744 -2596.287470 8485.864064 -0.101892 0.981499 -0.162103 0.954996 0.142139 0.260344 -0.278569 0.128281 0.951811
-24.843679 -81.655669 -6892.852939 12835.186806 -0.077820 0.996627 -0.026033 0.990947 0.080189 0.107679 -0.109403 0.017418 0.993845
132.030995 -78.114149 24830.816706 -3647.335282 0.532129 -0.781677 0.325300 0.845986 0.475529 -0.241205 0.033855 0.403551 0.914330
146.900272 -57.153527 25719.112985 -5940.611754 0.527951 -0.690642 0.494249 0.834166 0.530984 -0.149073 -0.159482 0.490989 0.856443
110.297811 -99.475974 20632.090547 -8890.446735 0.546901 -0.745972 0.380033 0.825132 0.403497 -0.395409 0.141622 0.529827 0.836198
34.176112 -69.787725 -4518.899300 -9537.947373 0.528667 0.315478 0.788026 -0.495991 0.868201 -0.014827 -0.688842 -0.383015 0.615464
27.690362 -58.820618 -5020.470721 -1741.092635 0.468323 0.307072 0.828481 -0.567425 0.823277 0.015610 -0.677276 -0.477411 0.559800
37.283059 -62.496379 -2508.397266 7752.574862 0.507115 0.440480 0.740818 -0.682817 0.729822 0.033470 -0.525923 -0.522817 0.670871
30.010742 -79.653145 -4048.248414 11185.842658 0.433867 0.395730 0.809418 -0.669299 0.742980 -0.004488 -0.603157 -0.539796 0.587216
9.193374 -41.533936 6413.404014 1217.233659 -0.657185 0.745458 -0.111354 0.349581 0.170573 -0.921248 0.667758 0.644358 0.372696
4.129582 -39.337270 4661.796672 381.040823 -0.661275 0.747789 -0.059393 0.255259 0.149862 -0.955188 0.705378 0.646802 0.289980
-5.632717 -66.052107 -1271.295643 -1119.111214 0.359372 0.841729 -0.402919 0.903295 -0.205345 0.376686 0.234330 -0.499325 -0.834125
-3.237265 -66.062901 -552.776448 -1928.358998 0.351783 0.838542 -0.416049 0.916775 -0.218825 0.334124 0.189135 -0.498962 -0.845733
-3.865533 -62.174138 -869.428804 -2502.338002 0.339679 0.848605 -0.405570 0.938262 -0.275730 0.208896 0.065443 -0.451489 -0.889874
-3.686774 -67.279548 14.124908 460.034233 0.360596 0.846725 -0.391188 0.842659 -0.115936 0.525817 0.399870 -0.519246 -0.755306
-6.139612 -62.462642 -901.962995 -2663.395214 0.340869 0.852223 -0.396893 0.937136 -0.274467 0.215508 0.074727 -0.445403 -0.892206
-5.728870 -64.446364 -1467.698029 1819.471325 0.379143 0.844091 -0.379158 0.830260 -0.129403 0.542146 0.408557 -0.520350 -0.749878
-4.035696 -65.489708 -687.013568 1219.202193 0.369284 0.844936 -0.386927 0.821303 -0.101907 0.561317 0.434847 -0.525069 -0.731581
-8.746200 -64.787760 -1770.984474 -724.131067 0.369301 0.841184 -0.395002 0.901603 -0.221298 0.371670 0.225230 -0.493393 -0.840140
-8.494661 -62.914056 -1448.968455 -2955.353802 0.350562 0.847295 -0.398995 0.934891 -0.291334 0.202738 0.055538 -0.444089 -0.894260
27.807575 -112.255470 1696.498531 -3553.744796 -0.111346 0.947502 0.299736 -0.875008 -0.236460 0.422430 -0.471129 0.215236 -0.855401
18.069938 -111.727775 -596.482754 254.701266 -0.119982 0.962016 0.245214 -0.707616 -0.256114 0.658548 -0.696336 0.094504 -0.711467
-1.014694 -51.443297 451.424355 -332.577469 0.212036 0.938802 -0.271462 -0.606261 0.344228 0.716907 -0.766478 -0.012567 -0.642148
14.774011 -61.668366 -11639.674673 -8075.229097 0.378866 0.233163 0.895598 0.621375 0.653073 -0.432885 -0.685823 0.720508 0.102546
96.012970 -39.408360 -23884.202402 -6452.570958 0.318333 -0.112370 0.941295 0.754650 0.630986 -0.179887 -0.573731 0.767613 0.285664
54.312825 -43.588630 -20487.104989 -6023.132740 0.335386 0.115500 0.934974 0.659263 0.680180 -0.320510 -0.672970 0.723888 0.151978
17.399690 -49.678026 4266.647427 1638.171719 0.330569 0.892806 -0.305976 0.893342 -0.191433 0.406563 0.304408 -0.407738 -0.860863
0.017475 -51.193915 -476.849062 -1871.241562 0.327178 0.849543 -0.413801 0.919967 -0.386412 -0.065926 -0.215905 -0.359114 -0.907977
0.766514 -48.167559 -323.642624 -607.450952 0.320818 0.853163 -0.411325 0.896407 -0.413733 -0.158995 -0.305827 -0.317706 -0.897514
1.845215 -54.122449 -1184.953912 -2211.420398 0.347388 0.836705 -0.423376 0.915623 -0.400101 -0.039423 -0.202378 -0.373958 -0.905096
-29.431697 -47.842860 -611.904391 229.963854 -0.464886 0.882341 -0.073184 0.831185 0.406467 -0.379363 0.304981 0.237190 0.922349
-27.786277 -48.376264 -1780.106507 60.070317 0.530152 -0.839098 0.121870 0.802257 0.449882 -0.392415 0.274448 0.305811 0.911679
-25.656776 -48.045034 -1770.809274 256.006441 -0.428351 0.903601 -0.004476 0.838315 0.395544 -0.375197 0.337257 0.164468 0.926934
-26.163495 -48.321000 -329.213552 -395.242475 0.513099 -0.855378 0.071126 0.838513 0.481825 -0.254444 0.183375 0.190194 0.964469
-0.911605 -428.332949 5055.136085 135402.455117 0.385779 0.589511 0.709684 -0.743381 0.654197 -0.139324 -0.546406 -0.473817 0.690607
3.930348 -243.084351 542.153947 12839.355476 0.424927 0.534135 0.730846 -0.523161 0.803781 -0.283264 -0.738742 -0.261984 0.620987
6.094635 -241.382914 -1886.170274 -18981.560936 0.455362 0.516398 0.725244 -0.433198 0.840181 -0.326243 -0.777808 -0.165615 0.606289
-5.529178 -49.244528 -1785.905885 731.903978 0.226217 0.872991 0.432103 0.504614 0.274409 -0.818575 0.833181 -0.403221 0.378447
-10.006981 -46.253704 -1045.242559 1083.548943 0.151431 0.846333 0.510675 0.453723 0.399477 -0.796589 0.878182 -0.352334 0.323508
16.894384 -45.481693 -3806.067448 1505.197523 0.238692 -0.262252 0.935013 0.212931 0.953547 0.213093 -0.947463 0.148229 0.283445
6.496994 -44.014111 -4343.572354 2624.032387 0.181925 -0.323832 0.928459 0.322616 0.911607 0.254740 -0.928882 0.253192 0.270318
13.453036 -36.454505 -2380.139737 2287.190384 0.263277 -0.287359 0.920929 0.350516 0.917861 0.186196 -0.898790 0.273779 0.342376
21.718867 -43.125589 -1005.188581 1576.509485 0.343480 -0.243563 0.907027 0.220878 0.959646 0.174049 -0.912817 0.140560 0.383417
21.137180 -44.347337 -2155.165663 -439.737249 0.284528 -0.242629 0.927456 0.083535 0.970038 0.228141 -0.955021 0.012563 0.296271
-59.666598 -656.290691 -12752.709124 173798.497684 -0.121083 -0.352509 0.927942 0.775950 0.549390 0.309954 -0.619064 0.757567 0.207008
-106.289089 -647.234775 -30446.580265 134750.235322 -0.137690 -0.321756 0.936757 0.699340 0.638160 0.321987 -0.701402 0.699446 0.137148
-1471.456070 -4847.139912 -337190.971788 1393914.999070 -0.070178 -0.363394 0.928989 0.995664 0.031493 0.087533 -0.061066 0.931103 0.359608
-155.575106 -1200.543701 -31774.028813 405488.528060 0.011359 -0.418977 0.907926 0.996835 0.076194 0.022689 -0.078685 0.904794 0.418516
-38.050227 -1729.463157 -2020.201512 517399.031431 -0.179423 -0.411905 0.893388 0.940592 0.194269 0.278472 -0.288261 0.890278 0.352578
-35.962506 -1021.816755 -261.485574 245423.232341 -0.119795 -0.314026 0.941826 0.518268 0.789357 0.329110 -0.846786 0.527544 0.068189
-449.167827 -3981.818301 -22979.736254 -562823.751534 -0.039975 -0.356473 0.933450 0.024835 0.933554 0.357577 -0.998892 0.037477 -0.028466
-325.658016 -736.747920 -66918.069160 177473.548203 0.602724 0.352180 -0.716026 0.782430 -0.084728 0.616947 0.156609 -0.932089 -0.326624
-257.409459 -729.996817 1749.131973 200164.383170 0.434228 0.738091 -0.516399 0.783631 -0.026788 0.620649 0.444262 -0.674169 -0.590023
-217.740729 -605.217964 -41861.043786 -137837.580970 -0.178844 0.030765 -0.983396 0.979579 0.098902 -0.175055 0.091874 -0.994621 -0.047825
-30.332941 -74.051815 1847.960819 -1259.697623 0.105415 0.921118 -0.374740 -0.500963 0.374718 0.780143 -0.859025 -0.105492 -0.500947
-27.147541 -67.489034 -2187.325357 6161.278943 0.020319 0.919429 -0.392731 -0.266408 0.383590 0.884243 -0.963646 -0.086660 -0.252738
-27.157737 -76.373816 -2123.844107 -649.025492 0.082908 0.931421 -0.354374 -0.396186 0.357095 0.845884 -0.914419 -0.070267 -0.398622
-39.543578 -56.967852 398.605239 735.784051 -0.060316 0.996584 -0.056405 -0.936191 -0.076083 -0.343157 0.346277 -0.032108 -0.937583
-40.746252 -59.090729 766.562727 2089.845176 -0.006495 0.988871 -0.148631 -0.944805 -0.054757 -0.323024 0.327568 -0.138329 -0.934647
-38.909248 -55.460433 780.520739 839.072339 -0.052336 0.993878 -0.097305 -0.977124 -0.071078 -0.200441 0.206130 -0.084589 -0.974862
-40.288460 -57.899862 792.480251 618.238201 0.027400 0.997462 -0.065712 -0.886074 -0.006195 -0.463502 0.462733 -0.070925 -0.883656
-41.552078 -56.228319 -247.218561 -896.041465 0.010948 0.999028 0.042693 -0.846431 0.031991 -0.531537 0.532386 0.030317 -0.845959
-0.662505 -56.645552 6101.279858 1958.475399 0.544701 -0.192921 0.816139 0.091945 0.981052 0.170538 -0.833575 -0.017853 0.552118
-16.917863 -64.898260 7006.399710 2157.357980 0.528026 -0.199155 0.825546 0.043031 0.977139 0.208203 -0.848137 -0.074413 0.524525
-9.074787 -49.340383 -313.030379 4038.446807 -0.504632 0.861515 -0.056019 -0.846620 -0.481114 0.227515 -0.169056 -0.162239 -0.972162
-7.127168 -52.544412 -575.347519 -4601.716398 -0.520886 0.848890 -0.089797 0.848200 0.502860 -0.166400 -0.096100 -0.162842 -0.981961
-7.903866 -55.271362 -429.643927 -2010.832656 -0.503367 0.860571 -0.077718 0.863655 0.503880 -0.014297 0.026857 -0.074318 -0.996873
16.148266 -55.902802 8989.908124 -1575.626113 -0.526276 0.835317 0.158997 0.705785 0.533406 -0.466203 0.474237 0.133134 0.870273
1.102039 -57.121586 3341.143714 -3324.250291 -0.583410 0.779332 0.228636 0.717276 0.626455 -0.305073 0.380983 0.013988 0.924476
-7.521018 -60.056524 -501.902330 -2138.153473 -0.601932 0.749571 0.275358 0.650342 0.660250 -0.375666 0.463393 0.047048 0.884903
-8.255853 -56.392042 -808.790550 -2761.691511 -0.612380 0.738422 0.282355 0.706375 0.671458 -0.224007 0.355001 -0.062271 0.932790
-13.483212 -105.337755 1628.855008 3262.601519 -0.625900 0.742530 0.238535 0.653037 0.666179 -0.360206 0.426370 0.069681 0.901861
-8.725854 -101.393965 2473.707681 902.696433 -0.648617 0.736774 0.190944 0.682681 0.674091 -0.282041 0.336514 0.052582 0.940209
-0.748659 -116.108162 423.688010 5914.414041 -0.627736 0.766235 0.137226 -0.070642 -0.231633 0.970235 -0.775214 -0.599358 -0.199533
-2.487247 -122.269277 -591.101599 1611.860828 -0.642995 0.757380 0.113720 -0.217441 -0.322906 0.921114 -0.734354 -0.567545 -0.372312
-3.999958 -121.598689 187.897797 -6898.181649 -0.616475 0.780147 0.106435 -0.461818 -0.467745 0.753617 -0.637717 -0.415433 -0.648639
25.197042 -106.292062 1406.104586 1918.013053 -0.705637 0.643879 0.295797 0.085008 -0.337512 0.937475 -0.703456 -0.686662 -0.183426
21.244998 -108.128207 5871.960180 4015.200546 -0.593252 0.751381 0.288927 0.051511 -0.322742 0.945084 -0.803367 -0.575556 -0.152763
23.533703 -99.554755 -3170.241070 -4628.424135 0.674211 -0.688031 -0.268426 -0.232548 0.147193 -0.961382 -0.700971 -0.710597 0.060761
23.844408 -106.074541 2925.304585 -2868.484675 0.778787 -0.563483 -0.275639 -0.219304 0.167110 -0.961239 -0.587704 -0.809050 -0.006569
24.772356 -107.834206 3732.227275 -365.377060 0.776257 -0.558230 -0.292924 -0.078301 0.375678 -0.923437 -0.625535 -0.739760 -0.247913
-1.396427 -138.020284 -2010.720293 55.507573 0.617519 -0.689019 0.379372 -0.572631 -0.063164 0.817376 0.539225 0.721985 0.433559
-0.039484 -139.303127 -2047.955111 -943.356213 0.608431 -0.692776 0.387134 0.720189 0.277072 -0.636049 0.333376 0.665802 0.667509
-1.797239 -130.599097 1893.709665 -617.025033 0.566104 -0.734037 0.375121 0.689827 0.172712 -0.703071 0.451292 0.656780 0.604132
0.887935 -144.431866 -4674.010053 792.880798 0.640735 -0.664373 0.384794 -0.603950 -0.126710 0.786886 0.474029 0.736582 0.482436
-5.499227 -130.386829 428.233390 -1842.526560 0.595207 -0.708650 0.378871 -0.519961 0.019834 0.853959 0.612673 0.705281 0.356665
-3.134579 -135.587988 -2634.595237 -1453.671129 0.638633 -0.681012 0.358289 -0.344770 0.163034 0.924421 0.687955 0.713893 0.130673
1.114806 -141.725976 -3089.349354 570.295989 0.655366 -0.666814 0.354760 -0.404634 0.086647 0.910364 0.637783 0.740170 0.213030
856.707598 -128.593151 -241454.576948 13104.921922 0.220225 -0.943858 -0.246237 0.974376 0.224694 0.010165 0.045733 -0.242167 0.969156
250.008825 -59.479061 -77059.113970 2362.047336 0.079167 -0.952725 -0.293339 0.994417 0.054882 0.090123 -0.069763 -0.298836 0.951751
283.272916 -76.878586 -91435.908544 7162.252709 0.208279 -0.950037 -0.232485 0.977936 0.198355 0.065544 -0.016155 -0.241007 0.970389
403.857423 -53.279589 -109964.659069 1354.596935 0.261059 -0.945711 -0.193595 0.960788 0.273970 -0.042739 0.093458 -0.174847 0.980150
-7.909814 -305.049018 570.408508 67390.596973 -0.331343 0.810320 -0.483315 0.687847 0.558087 0.464117 -0.645815 0.178665 0.742295
-10.753664 -260.650502 481.958741 18908.287699 -0.358694 0.806567 -0.469881 0.401897 0.587775 0.702139 -0.842507 -0.063009 0.534988
-13.660275 -264.777532 -1277.741755 -1674.216654 -0.363455 0.807026 -0.465414 0.048423 0.515269 0.855659 -0.930352 -0.288457 0.226356
-523.891309 -3033.894082 -146147.856290 -151531.071184 -0.627398 0.767820 0.129709 0.365530 0.143313 0.919701 -0.687575 -0.624431 0.370576
-106.142154 -8026.247914 19585.557835 2849359.832824 0.680409 -0.730773 0.054902 0.610559 0.523856 -0.593964 -0.405292 -0.437659 -0.802616
87.847750 -425.191717 255471.955226 -2737748.056974 0.651312 -0.662709 -0.369607 0.576240 0.115054 0.809142 0.493701 0.739986 -0.456815
-7.125318 -28.082056 -908.168259 1746.139308 0.689520 -0.690821 -0.217552 0.385001 0.095182 0.917995 0.613463 0.716734 -0.331596
-5.572631 -26.134777 -1280.675254 1900.196180 0.673542 -0.675087 -0.300998 0.422888 0.017965 0.906004 0.606224 0.737520 -0.297586
-9.361015 -31.366057 -506.576894 182.131208 0.716406 -0.681494 -0.149430 0.393635 0.217982 0.893049 0.576034 0.698606 -0.424423
-7.266130 -29.249030 -700.008040 585.072825 0.690069 -0.679347 -0.249585 0.440766 0.120953 0.889436 0.574047 0.723780 -0.382899
-9.474305 -46.245700 1182.174768 -3367.167418 -0.371044 0.875746 0.308860 -0.755215 -0.478116 0.448392 -0.540349 0.066882 -0.838779
-9.983451 -49.794828 2441.041287 1446.335510 -0.301291 0.912152 0.277853 -0.579598 -0.406573 0.706233 -0.757159 -0.051738 -0.651178
17.020316 -150.279871 -3019.135865 16652.168696 0.790198 0.570752 0.223225 0.392535 -0.191639 -0.899550 0.470641 -0.798447 0.375473
7.771510 -152.349457 -4683.940655 6153.803125 0.800550 0.549012 0.240221 0.518938 -0.434628 -0.736072 0.299706 -0.713922 0.632844
16.679792 -161.847158 -1656.953846 17503.157089 0.744726 0.632670 0.212395 0.530063 -0.367382 -0.764241 0.405482 -0.681733 0.608954
18.378701 -159.741029 621.590136 26218.593555 0.716911 0.663816 0.213041 0.385590 -0.122956 -0.914441 0.580826 -0.737719 0.344109
-54.325046 -84.923375 -72.941562 4329.630035 -0.003674 0.969233 -0.246118 0.914001 0.103105 0.392391 -0.405695 0.223510 0.886259
-55.814776 -80.067809 711.981895 803.044114 0.296576 0.926538 -0.231450 0.838595 -0.136701 0.527324 -0.456947 0.350484 0.817533
-47.630520 -75.278882 -67.423501 2577.689397 -0.489914 -0.852344 0.183011 0.815581 -0.373974 0.441555 -0.307916 0.365585 0.878371
-16.662925 -55.280231 1577.142373 10273.374416 0.427036 0.901830 0.065905 0.870447 -0.390248 -0.300046 0.244871 -0.185497 0.951645
-25.175734 -58.176374 -1345.235779 9101.316913 -0.397048 -0.908990 -0.126845 0.891814 -0.349451 -0.287320 0.216845 -0.227202 0.949399
-27.057863 -49.746422 3312.438063 3321.023106 0.522688 0.848998 0.077454 0.807751 -0.464134 -0.363482 0.272646 -0.252551 0.928376
-14.897345 -41.658104 4435.481827 3564.897385 0.672341 0.737351 -0.065359 0.660280 -0.637287 -0.397362 0.334648 -0.224007 0.915332
126.147917 -56.936277 18927.576447 -3448.062611 0.500471 -0.787639 0.359380 0.853616 0.518196 -0.053030 -0.144461 0.333313 0.931683
125.502414 -39.482568 15086.906411 -5471.871299 0.486118 -0.643269 0.591519 0.822040 0.566289 -0.059733 -0.296546 0.515289 0.804075
30.756963 -86.002741 -1350.831809 -8126.037349 0.571210 0.347033 0.743833 -0.346157 0.923544 -0.165052 -0.744241 -0.163204 0.647665
27.248155 -85.958287 5795.443101 -6466.224658 0.689534 0.427604 0.584548 -0.376929 0.901060 -0.214511 -0.618439 -0.072420 0.782488
30.256176 -45.184653 -2947.892310 1971.559309 -0.360512 0.923345 0.132151 -0.035978 0.127808 -0.991146 0.932060 0.362075 0.012856
30.897361 -46.422288 -3034.623880 1587.543620 -0.388417 0.913605 0.120243 0.059113 0.154924 -0.986156 0.919586 0.375932 0.114181
32.308622 -40.450195 -408.886445 1990.412239 -0.449312 0.877219 0.169134 -0.087608 0.145143 -0.985524 0.889069 0.457625 -0.011637
29.834570 -48.376706 -742.549545 1365.591943 -0.348011 0.929093 0.125202 0.076074 0.161097 -0.984002 0.934399 0.332919 0.126743
32.475160 -41.718475 -3232.693629 1750.167836 -0.355741 0.918793 0.171075 -0.156297 0.121984 -0.980149 0.921422 0.375418 -0.100210
27.576042 -46.476004 -1770.820784 1744.552051 -0.326162 0.936598 0.128073 -0.073300 0.110017 -0.991223 0.942468 0.332687 -0.032770
-1.623753 -60.634657 -502.098944 -2250.575868 0.333676 0.843656 -0.420601 0.942029 -0.281737 0.182223 0.035234 -0.457022 -0.888757
-2.863964 -68.107099 64.589869 -760.336810 0.366024 0.837941 -0.404822 0.880724 -0.171404 0.441526 0.300584 -0.518146 -0.800733
-1.862843 -64.726074 -78.084327 -2063.349504 0.355939 0.837893 -0.413815 0.927719 -0.263537 0.264357 0.112447 -0.477999 -0.871133
11.854946 -99.888462 -2558.068407 8457.188646 -0.070974 0.992421 0.100312 -0.595513 -0.122835 0.793899 -0.800204 0.003391 -0.599718
11.642034 -102.593424 -2885.047242 8522.063594 -0.019468 0.999628 0.019115 -0.695029 -0.027274 0.718465 -0.718719 -0.000702 -0.695301
-2.427494 -53.079272 998.087885 -1417.015584 0.201268 0.949514 -0.240654 -0.525888 0.312016 0.791257 -0.826397 0.032698 -0.562137
-1.338304 -52.082229 -206.183070 -0.913701 0.186325 0.948488 -0.256231 -0.609169 0.316146 0.727300 -0.770841 -0.020574 -0.636695
-2.949690 -53.868510 -694.096475 -924.447011 0.163636 0.954877 -0.247858 -0.502024 0.296881 0.812302 -0.849232 0.008491 -0.527951
-1.909028 -55.787760 -676.067235 -331.043698 0.150986 0.959923 -0.236117 -0.542656 0.280134 0.791865 -0.826274 -0.008570 -0.563204
2.753275 -91.658705 -7965.239248 -5734.771845 0.363984 0.175858 0.914653 0.830932 0.382348 -0.404180 -0.420794 0.907130 -0.006957
10.009617 -101.188573 -7229.868300 -3833.259917 0.351259 0.159531 0.922587 0.901962 0.206674 -0.379144 -0.251160 0.965316 -0.071295
41.668850 -105.805914 -12421.219682 -243.099508 0.307278 0.152619 0.939302 0.950494 -0.001224 -0.310741 -0.046275 0.988284 -0.145440
70.264119 -30.356259 20237.556206 4580.156974 -0.039878 0.897595 -0.439014 0.968355 0.143050 0.204514 0.246371 -0.416966 -0.874895
100.488531 -19.622876 28837.068714 7209.448268 -0.143685 0.828180 -0.541731 0.955281 0.259030 0.142624 0.258443 -0.497012 -0.828364
47.676956 -16.578413 7887.309147 4116.101967 0.182807 0.841199 -0.508888 0.922086 0.032877 0.385585 0.341084 -0.539726 -0.769648
32.910296 -36.677938 3377.914200 -2794.400270 0.482249 0.805039 -0.345468 0.795209 -0.236832 0.558169 0.367530 -0.543896 -0.754387
