12930
25847
-35.297746 -56.991449 -1450.373981 6252.283260 0.044887 0.995838 -0.079319 0.956255 -0.065806 -0.285038 0.289072 0.063055 0.955229
-42.597973 -62.556820 643.561682 5789.445826 0.143521 0.974322 -0.173489 0.969299 -0.173760 -0.173976 0.199654 0.143193 0.969347
-41.297614 -75.871527 -2405.293557 9954.042970 -0.251887 0.967265 -0.030852 0.953890 0.242774 -0.176508 0.163240 0.073889 0.983816
-30.938549 -48.589164 -1515.360699 3925.319211 0.410779 0.879750 -0.239376 0.850662 -0.464293 -0.246589 0.328077 0.102335 0.939092
-30.196552 -71.153766 -6235.556978 10877.819630 -0.247770 0.966204 0.071128 0.922874 0.257724 -0.286151 0.294812 0.005258 0.955541
-28.640445 -46.004416 -4398.557577 4138.782622 0.154389 0.985406 -0.071687 0.906834 -0.170132 -0.385625 0.392193 0.005472 0.919867
-58.630215 -75.820103 -834.587055 -3021.569218 -0.344583 0.909042 0.234317 -0.449084 0.059566 -0.891502 0.824370 0.412425 -0.387711
-55.986437 -78.039963 -2157.203705 -789.322136 -0.199743 0.963638 0.177494 -0.503729 0.054387 -0.862148 0.840452 0.261617 -0.474549
-56.642001 -76.688798 -1345.864195 2332.277836 -0.364980 0.924218 0.112300 -0.597818 -0.140178 -0.789281 0.713725 0.355206 -0.603676
-56.329162 -74.860520 -1629.947975 -4260.854861 -0.217185 0.915474 0.338730 -0.337291 0.255256 -0.906134 0.916005 0.311049 -0.253344
-5.508631 -48.855418 -2244.128707 796.591611 0.333826 0.934284 -0.125195 -0.184317 -0.065555 -0.980678 0.924439 -0.350452 -0.150321
-4.297897 -48.139823 -2551.840513 -244.408517 0.334541 0.934740 -0.119765 -0.065093 -0.103863 -0.992459 0.940130 -0.339814 -0.026099
1.682924 -48.597794 -6791.352046 652.058979 0.384457 0.918012 -0.097194 -0.149876 -0.041818 -0.987820 0.910895 -0.394341 -0.121510
-0.263253 -47.429683 -4778.269959 1468.344321 0.367477 0.923429 -0.110635 -0.284307 -0.001725 -0.958732 0.885511 -0.383766 -0.261904
-6.925451 -47.836366 -908.057285 1127.230589 0.307384 0.940811 -0.142793 -0.292811 -0.049263 -0.954900 0.905415 -0.335333 -0.260337
17.185188 -39.163963 1782.022121 1807.806642 0.121197 0.947312 -0.296500 -0.675913 -0.139994 -0.723563 0.726948 -0.288102 -0.623333
25.280298 -41.498920 2106.238696 1258.139635 0.127917 0.919408 -0.371924 -0.737987 -0.162292 -0.655009 0.662581 -0.358261 -0.657751
22.801535 -39.153908 2298.291855 2979.361244 0.107872 0.920462 -0.375649 -0.700757 -0.197627 -0.685480 0.705197 -0.337183 -0.623702
21.060795 -42.657040 3298.206911 -949.063400 0.123332 0.956440 -0.264598 -0.732197 -0.092270 -0.674814 0.669834 -0.276964 -0.688922
15.542380 -39.386875 1583.955485 1252.034195 0.122804 0.965804 -0.228345 -0.700256 -0.078717 -0.709539 0.703250 -0.247035 -0.666643
3.400289 -80.837166 -443.038672 -9682.545755 -0.121709 0.985857 0.115208 0.752556 0.167337 -0.636912 0.647183 -0.009182 0.762279
4.784129 -66.063344 -674.104552 -8784.014305 -0.122839 0.984554 0.124753 0.828577 0.170934 -0.533144 0.546233 -0.037877 0.836776
5.594989 -76.330003 -965.197127 -12914.432490 -0.114763 0.987190 0.110840 0.771175 0.158869 -0.616482 0.626194 -0.014728 0.779528
3.358642 -64.690156 -905.366329 -5256.218952 -0.123025 0.980759 0.151579 0.820017 0.186491 -0.541104 0.558961 -0.057728 0.827182
1.182798 -78.313916 932.341630 -6133.820067 -0.123615 0.988170 0.090774 0.694893 0.151503 -0.702972 0.708409 0.023820 0.705401
502.496097 -65.321556 164909.965254 -2925.739912 -0.066016 0.890447 -0.450273 -0.524260 0.353000 0.774947 -0.848996 -0.287219 -0.443522
326.833476 -49.397730 108313.246783 2022.705173 -0.048145 0.855535 -0.515502 -0.366087 0.465072 0.806032 -0.929334 -0.227524 -0.290809
4460.359252 -437.734433 1644365.275716 121723.163542 -0.372040 0.441837 -0.816312 0.627118 -0.528724 -0.571991 -0.684331 -0.724728 -0.080377
414.782828 -47.841119 109320.303833 -6985.779240 -0.365121 0.711043 -0.600920 -0.647234 0.270084 0.712841 -0.669159 -0.649209 -0.361598
733.873322 44.572312 158565.411113 -14446.859009 -0.492347 0.039587 -0.869498 0.692732 -0.587008 -0.418980 -0.526988 -0.808613 0.261588
5157.304563 -555.541802 1420938.026497 -70829.628037 0.948722 0.016735 0.315669 0.258878 -0.614203 -0.745478 -0.181410 -0.788971 0.587040
1707.394794 -17.101239 244959.647705 3021.000822 0.764599 0.108195 0.635360 0.632723 -0.313651 -0.708014 -0.122678 -0.943354 0.308275
-9.770199 -27.827977 -1289.114857 3268.563778 0.311540 0.948080 -0.063937 -0.658945 0.167071 -0.733402 0.684642 -0.270614 -0.676782
-12.306461 -35.877666 -1174.333226 3584.096116 0.232415 0.963038 -0.136169 -0.640750 0.046277 -0.766354 0.731726 -0.265362 -0.627821
-9.738534 -33.859723 -720.604655 3997.624591 0.282717 0.952815 -0.110519 -0.631474 0.098153 -0.769160 0.722019 -0.287245 -0.629427
-13.414771 -29.346003 -2263.382009 2825.387902 0.293944 0.953754 -0.062854 -0.675511 0.160766 -0.719611 0.676227 -0.253984 -0.691527
51.494633 -52.458472 4844.170603 523.964249 0.119099 0.896864 -0.425970 0.992809 -0.102347 0.062097 0.012096 -0.430302 -0.902604
54.125231 -51.185321 7934.832760 -4250.904215 0.051050 0.927094 -0.371336 0.988392 -0.100175 -0.114221 -0.143093 -0.361194 -0.921446
54.988776 -48.946231 -167.626412 -2260.306546 0.073346 0.828872 -0.554609 0.995803 -0.091396 -0.004900 -0.054750 -0.551922 -0.832097
52.830388 -49.147367 -904.455383 4748.409176 0.099257 0.846361 -0.523279 0.984408 -0.006775 0.175768 0.145218 -0.532566 -0.833837
24.198197 -17.829601 -6538.592361 -673.019012 -0.609913 0.791630 0.036438 0.740288 0.552741 0.382689 -0.282808 -0.260381 0.923158
33.140269 -18.159809 -7968.010266 -446.531888 -0.616518 0.787243 0.012414 0.719495 0.556919 0.414931 -0.319738 -0.264744 0.909768
40.994358 -20.169676 -8418.587803 -745.024624 -0.577975 0.816021 -0.007410 0.749222 0.534218 0.391507 -0.323437 -0.220730 0.920145
34.379437 -19.645732 -8230.745855 -558.789676 -0.562280 0.826743 0.018357 0.779741 0.522660 0.344718 -0.275399 -0.208142 0.938527
5.482457 -53.310195 -2127.850470 -139.941335 0.125322 0.992114 -0.001869 0.649084 -0.083415 -0.756130 0.750323 -0.093547 0.654419
3.727440 -54.083075 -3879.173720 186.398291 0.140967 0.989809 -0.020181 0.546904 -0.094849 -0.831805 0.825242 -0.106221 0.554701
2.728016 -53.850515 -1158.768042 114.907821 0.131957 0.990999 -0.022543 0.580148 -0.095650 -0.808875 0.803751 -0.093658 0.587548
8.385012 -52.051012 2527.117772 -617.192219 0.094973 0.995435 -0.009431 0.685653 -0.072279 -0.724331 0.721707 -0.062325 0.689388
7.466800 -51.798365 524.269226 -904.783217 0.100275 0.994955 0.003030 0.758944 -0.074519 -0.646878 0.643388 -0.067165 0.762588
-8.702021 -203.461386 67.245895 -25868.920587 0.909379 -0.146173 0.389441 -0.145532 0.765255 0.627061 0.389680 0.626912 -0.674634
-11.325442 -227.306588 -182.566391 -40034.864675 0.903659 -0.126920 0.409013 -0.190908 0.735539 0.650028 0.383346 0.665488 -0.640446
-11.118311 -305.752971 -918.948190 -61704.702883 0.891210 -0.141073 0.431096 -0.299152 0.531603 0.792405 0.340959 0.835163 -0.431567
-14.937633 -228.730570 1965.693799 -14885.910558 0.930048 -0.105579 0.351942 0.126275 -0.807649 -0.575984 -0.345058 -0.580134 0.737821
-15.769743 -233.869561 606.515032 13471.555733 0.920140 -0.137364 0.366707 0.250476 -0.513375 -0.820797 -0.301007 -0.847099 0.437970
-12.907507 -240.832660 1053.509947 -3641.711731 0.938512 -0.094056 0.332187 0.210922 -0.605535 -0.767359 -0.273326 -0.790241 0.548463
9.632548 -66.467833 4976.881327 -1434.991106 -0.844671 0.039445 -0.533831 -0.182976 0.915931 0.357199 0.503042 0.399394 -0.766442
4.193903 -75.174107 -4132.891862 -4306.530561 0.853269 -0.104312 0.510931 -0.205473 0.833269 0.513267 0.479284 0.542938 -0.689569
0.456484 -73.040189 4719.830324 -1589.362916 -0.858741 0.090741 -0.504312 -0.142821 0.902808 0.405636 0.492105 0.420362 -0.762318
7.640393 -67.609563 4807.558398 -327.224524 -0.843820 0.007668 -0.536572 -0.115245 0.973978 0.195154 0.524106 0.226511 -0.820978
-4.933224 -74.532582 3334.701102 -1005.973512 -0.849768 0.118883 -0.513576 -0.080217 0.933733 0.348868 0.521017 0.337654 -0.783920
-9.558260 -81.857823 1659.885712 -2660.706264 -0.849313 0.205554 -0.486225 -0.105501 0.836397 0.537875 0.517240 0.508121 -0.688677
-37.090142 -121.895210 15412.528545 -49883.268032 0.991065 -0.125743 0.044475 0.073852 0.239687 -0.968037 -0.111064 -0.962673 -0.246831
-19.528161 -257.639492 9153.439035 84300.230379 -0.647442 0.441400 -0.621277 0.707448 0.044906 -0.705337 -0.283437 -0.896186 -0.341342
19.464687 -1425.741624 -5822.331306 -529950.688028 0.944583 -0.312762 0.099717 0.194486 0.288463 -0.937531 -0.264459 -0.904969 -0.333305
31.556561 -924.942054 -16752.862186 -329624.206847 0.880557 -0.466117 0.085765 0.363980 0.549191 -0.752268 -0.303544 -0.693631 -0.653251
-1.791275 -269.733632 -110.387851 -103407.291024 0.964821 -0.256832 0.056198 0.124069 0.256328 -0.958594 -0.231793 -0.931844 -0.279175
8.394655 -122.310090 -378.958521 -3805.920877 0.798518 -0.261870 0.542027 -0.309279 0.594020 0.742621 0.516445 0.760634 -0.393345
7.819344 -115.712369 -1902.847151 -2841.746702 0.811229 -0.226919 0.538902 -0.189304 0.770071 0.609225 0.553237 0.596237 -0.581747
6.720305 -113.716535 -554.724926 -3593.532390 -0.782358 0.280025 -0.556330 -0.164534 0.768576 0.618240 0.600704 0.575220 -0.555227
5.478347 -119.338257 1586.214848 -4643.804578 0.772237 -0.319724 0.549024 -0.260772 0.628495 0.732797 0.579351 0.709063 -0.401972
4.245957 -107.357172 -1587.383576 -5629.707760 -0.769091 0.315211 -0.556005 -0.116241 0.786436 0.606636 0.628481 0.531188 -0.568200
4.572560 -99.545028 57.953289 -3514.527710 -0.785974 0.271429 -0.555492 -0.035801 0.876988 0.479176 0.617222 0.396507 -0.679573
-1.708463 -103.914843 94.914157 7822.003571 -0.812769 0.166335 -0.558337 0.368550 0.889033 -0.271644 0.451196 -0.426559 -0.783881
-2.083620 -85.602801 -42.803609 2823.032490 -0.800144 0.203390 -0.564272 0.308767 0.946201 -0.096779 0.514231 -0.251665 -0.819897
-1.795819 -92.452399 24.861182 2675.359257 -0.801290 0.204215 -0.562344 0.303163 0.948924 -0.087379 0.515777 -0.240498 -0.822274
15.944259 -37.948663 984.676065 5581.670423 -0.791724 -0.264539 -0.550629 -0.296323 0.954534 -0.032520 0.534197 0.137417 -0.834116
11.944400 -35.347762 1099.871078 -1253.682773 -0.812931 -0.150047 -0.562698 -0.134168 0.988500 -0.069758 0.566694 0.018788 -0.823714
20.474509 -28.474202 889.148390 7825.533308 -0.812808 -0.131867 -0.567411 -0.237071 0.964611 0.115424 0.532110 0.228334 -0.815305
-3.504461 -130.656714 -2037.918508 -548.406963 -0.178376 0.961694 -0.208148 -0.325130 0.142052 0.934940 -0.928694 -0.234446 -0.287337
-2.327564 -125.555900 -690.099239 2406.585306 -0.170600 0.968093 -0.183550 -0.073924 0.173181 0.982112 -0.982563 -0.181117 -0.042021
-4.700187 -121.867051 -683.567783 1856.140563 -0.170613 0.968488 -0.181445 -0.089985 0.168061 0.981661 -0.981221 -0.183811 -0.058476
10.833689 -291.025326 -2395.840347 4642.633650 0.014706 0.981039 -0.193251 0.982344 0.021874 0.185800 0.186504 -0.192571 -0.963396
5.645907 -246.799290 -1853.201000 -9506.198537 0.068440 0.973222 -0.219440 -0.919786 -0.023639 -0.391708 0.386407 -0.228646 -0.893538
15.306613 -287.944813 -2655.364519 -49102.082378 0.033976 0.975187 -0.218762 -0.793994 -0.106599 -0.598507 0.606975 -0.194031 -0.770670
26.885399 -428.495749 -4004.884940 -82303.049505 -0.042783 0.982860 -0.179322 -0.922018 -0.107967 -0.371787 0.384775 -0.149432 -0.910834
34.911919 -556.620715 -7447.391300 -152619.322262 0.046947 0.972050 -0.230033 -0.624607 -0.151146 -0.766173 0.779526 -0.179650 -0.600054
-8.357498 -1501.652136 -18844.830678 -464132.237529 0.192775 0.214511 -0.957509 0.923437 0.290320 0.250956 0.331817 -0.932577 -0.142120
-34.832132 -600.788614 2013.590365 -177647.421448 0.017278 0.233519 -0.972199 0.941366 0.323876 0.094525 0.336945 -0.916828 -0.214231
-17.057757 -1005.221724 5713.952751 -332090.906913 -0.024763 0.216006 -0.976078 0.577749 0.799903 0.162361 0.815839 -0.559907 -0.144606
-24.454119 -1820.161572 -103.191056 -685645.981477 0.080155 0.044199 -0.995802 0.658463 0.747662 0.086187 0.748332 -0.662607 0.030826
5.234960 -67.536015 30314.842309 5562.264767 0.724722 -0.407629 -0.555533 -0.268277 0.575693 -0.772402 -0.634670 -0.708814 -0.307860
-48.399555 -85.318977 32725.682480 10926.138975 0.635799 -0.302368 -0.710164 -0.489062 0.553995 -0.673726 -0.597141 -0.775669 -0.204353
-59.797259 -61.232112 -16427.255475 -4080.583185 -0.702623 0.659482 0.267216 0.030613 -0.347171 0.937302 -0.710903 -0.666750 -0.223742
-16.433059 -136.954783 -13258.160227 63120.487199 0.001255 0.848361 -0.529416 0.984681 -0.093359 -0.147268 -0.174363 -0.521121 -0.835482
7.007606 -49.170469 -9403.354757 -6598.460768 -0.202759 0.921139 -0.332254 -0.876636 -0.019554 0.480757 -0.436347 -0.388743 -0.811468
-3.777573 -85.097585 -15930.057684 34949.828778 -0.008545 0.787210 -0.616626 0.932386 -0.216570 -0.289402 -0.361363 -0.577407 -0.732133
-25.296183 -76.841933 -6823.970704 -20319.460051 -0.011648 0.911221 -0.411752 -0.874121 0.190683 0.446714 -0.485569 -0.365124 -0.794296
-31.803135 -187.582978 -1933.421413 87871.801319 -0.029204 0.944020 -0.328593 0.994205 -0.006590 -0.107294 -0.103453 -0.329822 -0.938357
-8.687743 -67.414805 -8356.869221 -8295.151659 -0.058960 0.878092 -0.474846 -0.839453 0.213806 0.499605 -0.540224 -0.428068 -0.724511
91.112512 -39.401669 4418.734485 -1584.657950 -0.279313 0.958954 -0.048897 0.262321 0.125195 0.956825 -0.923673 -0.254426 0.286522
87.247131 -39.869254 8388.666113 1071.022249 -0.248765 0.964905 -0.084104 0.374581 0.175921 0.910352 -0.893199 -0.194960 0.405198
89.416789 -43.137587 -26025.150344 -815.966802 -0.599303 0.793335 0.107032 0.316197 0.111761 0.942088 -0.735429 -0.598439 0.317829
91.471897 -37.164197 27415.426443 -725.721772 -0.015795 0.991198 -0.131445 0.280444 0.130577 0.950947 -0.959741 0.021842 0.280038
2.422331 -36.270592 -1667.394213 -1251.401883 0.029867 0.990344 0.135375 -0.923172 -0.024595 0.383600 -0.383225 0.136431 -0.913523
-0.880839 -37.262370 -2617.106430 -1381.372939 0.012710 0.992166 0.124277 -0.911065 -0.039728 0.410344 -0.412067 0.118440 -0.903423
-2.151995 -34.967735 -2521.535354 -846.351076 0.004143 0.991006 0.133753 -0.947480 -0.038883 0.317444 -0.319789 0.128044 -0.938797
0.601410 -33.688389 -1249.470706 -345.445699 0.032865 0.990741 0.131728 -0.951420 -0.009358 0.307753 -0.306136 0.135444 -0.942303
3.607825 -34.389695 353.601831 -790.201050 0.064561 0.986467 0.150714 -0.937396 0.008156 0.348169 -0.342228 0.163757 -0.925237
1.142388 -57.223213 -664.151802 1667.291460 0.023814 0.975287 -0.219653 0.997439 -0.008357 0.071033 0.067442 -0.220782 -0.972989
1.090070 -59.343019 -1100.491323 -1153.350251 0.009991 0.974274 -0.225146 0.992335 -0.037395 -0.117782 -0.123171 -0.222244 -0.967180
-2.054896 -56.775426 -1101.691874 -932.781174 0.036367 0.973794 -0.224504 0.995646 -0.054602 -0.075554 -0.085833 -0.220779 -0.971540
-2.098367 -60.002222 -1174.882906 4186.173451 0.010362 0.974904 -0.222386 -0.973886 0.060282 0.218888 -0.226800 -0.214311 -0.950070
-4.864262 -59.170249 -1070.732700 1922.533062 0.037050 0.976426 -0.212651 -0.968362 0.087631 0.233656 -0.246783 -0.197266 -0.948780
3.192219 -45.254279 429.857328 1850.524569 -0.086105 0.991180 -0.100740 -0.746317 0.002814 0.665585 -0.659998 -0.132494 -0.739492
3.828817 -48.319093 -44.515125 3071.629101 -0.087167 0.989309 -0.116920 -0.774557 0.006502 0.632471 -0.626469 -0.145692 -0.765709
3.102914 -53.346547 750.952029 3406.870795 -0.074152 0.992464 -0.097553 -0.824575 -0.006001 0.565721 -0.560872 -0.122389 -0.818806
1.795264 -45.917132 1154.270276 2424.226258 -0.081717 0.992970 -0.085632 -0.758351 -0.006197 0.651817 -0.646704 -0.118204 -0.753526
1.407901 -50.399592 759.875050 3750.405898 -0.082060 0.992629 -0.089187 -0.797816 -0.011795 0.602785 -0.597290 -0.120620 -0.792903
1.055964 -58.063326 962.831703 3148.109422 -0.060083 0.992971 -0.101976 -0.887140 -0.006288 0.461457 -0.457572 -0.118193 -0.881282
2.694325 -59.327860 1377.795890 2267.612404 -0.064620 0.994163 -0.086396 -0.910655 -0.023343 0.412508 -0.408084 -0.105333 -0.906848
3.921190 -58.879383 799.466467 1882.282707 -0.070645 0.992419 -0.100565 -0.922098 -0.026520 0.386047 -0.380453 -0.120003 -0.916981
16.369333 -15.202443 -3731.934936 290.455672 0.009182 0.749605 0.661822 0.444320 -0.595983 0.668868 -0.895821 -0.287919 0.338537
24.830460 -17.686378 -3996.457545 -1215.967758 0.069665 0.743296 0.665325 0.436948 -0.622300 0.649476 -0.896785 -0.245467 0.368134
15.786033 -15.810813 -3819.865645 -1480.564352 0.025360 0.734616 0.678009 0.450645 -0.613807 0.648197 -0.892343 -0.289103 0.346618
23.982556 -18.445443 -3578.427855 72.916357 0.044107 0.775982 0.629211 0.424754 -0.584629 0.691226 -0.904234 -0.236772 0.355387
8.849143 -15.648659 -3373.049490 330.723918 -0.022718 0.744725 0.666985 0.449313 -0.588376 0.672258 -0.893085 -0.314957 0.321248
12.996832 -16.074272 -3915.168915 1184.085328 -0.020323 0.750508 0.660548 0.436400 -0.587765 0.681240 -0.899523 -0.302108 0.315576
413.677931 -69.667908 -38676.987459 -10793.886252 0.667172 -0.176468 0.723699 -0.349740 0.783586 0.513493 -0.657696 -0.595694 0.461069
1469.539938 -101.446879 518267.761478 20168.884703 0.942840 -0.063612 0.327118 0.205717 -0.661152 -0.721498 -0.262170 -0.747551 0.610274
1841.638264 -75.328135 -745635.512320 -18743.809671 0.441751 -0.354678 0.824051 -0.466646 0.693656 0.548711 -0.766223 -0.626934 0.140915
-0.288297 -106.533114 -1253.676702 -4287.925705 0.203588 0.977687 -0.051766 -0.339049 0.020803 -0.940539 0.918476 -0.209034 -0.335719
-1.523574 -96.298735 -457.735048 547.333902 0.208238 0.978078 0.001082 -0.154482 0.033982 -0.987411 0.965801 -0.205450 -0.158172
1.398570 -100.304846 -1006.882143 586.277248 0.219631 0.975555 -0.007319 -0.154072 0.027276 -0.987683 0.963340 -0.218054 -0.156296
1.227372 -114.894082 -1228.988218 -3887.880946 0.205018 0.977010 -0.058477 -0.337615 0.014514 -0.941172 0.918686 -0.212700 -0.332829
-2.039059 -116.036130 -597.728044 -7047.983729 0.169759 0.981728 -0.085982 -0.545097 0.020854 -0.838113 0.821006 -0.189146 -0.538677
-3.866273 -108.183458 -2422.902836 -7658.645310 0.190819 0.977747 -0.087172 -0.533080 0.028648 -0.845580 0.824266 -0.207822 -0.526684
8.897025 -26.934909 -2414.576148 -163.669456 0.620342 -0.090206 0.779127 -0.529990 -0.780475 0.331617 -0.578175 0.618646 0.531969
2.993188 -20.437158 -2239.346742 -58.166086 0.598021 -0.129598 0.790933 -0.545378 -0.788939 0.283087 -0.587310 0.600650 0.542482
7.713280 -21.056651 -535.137744 406.855299 0.723496 0.071102 0.686657 -0.411844 -0.753821 0.511995 -0.554020 0.653222 0.516103
-13.708556 -376.442002 3865.112887 -44932.443698 0.745703 0.662607 0.069856 0.038533 -0.147558 0.988303 -0.665164 0.734288 0.135566
-12.418821 -430.684907 -18.677352 -93245.913950 0.691886 0.715382 0.097579 0.276071 -0.387007 0.879779 -0.667142 0.581768 0.465261
-11.862927 -409.026325 3795.323650 -86022.484405 0.748578 0.660087 0.062587 0.253346 -0.371980 0.892999 -0.612738 0.652623 0.445686
-3204.102586 -496265.098369 -934828.836355 -56378637.457808 0.487189 0.803857 0.341264 0.807770 -0.266287 -0.525927 -0.331896 0.531888 -0.779064
-381.176230 -3519.822342 -4994101.220667 2100978.179892 0.615761 -0.010562 0.787862 0.090775 0.994203 -0.057618 -0.782686 0.106997 0.613150
-104.307930 -12729.330462 -9247.014917 2407647.049339 0.468161 0.804674 0.365137 0.384283 -0.557498 0.735882 -0.795708 0.204195 0.570221
57.666464 -9900.114865 49087.907640 -2925442.851529 0.522030 0.820032 0.234592 0.777712 -0.344704 -0.525683 -0.350212 0.456867 -0.817694
-77.513960 -1609.719724 -84.883135 428696.046920 0.244251 0.810105 0.532983 0.386164 -0.585427 0.712848 -0.889505 -0.031705 0.455824
75.127167 -903.562091 -30834.765535 68725.465990 -0.404620 -0.666217 -0.626448 0.903978 -0.187844 -0.384107 0.138224 -0.721713 0.678251
-14.732605 -43.133937 820.341959 1767.508149 0.505208 0.573106 0.645224 0.741042 -0.671268 0.016006 0.442291 0.470051 -0.763826
-9.289834 -35.631299 -1107.188779 -2187.626265 -0.424291 -0.630496 -0.649963 -0.703737 0.681290 -0.201490 0.569852 0.371913 -0.732769
-14.309214 -36.358235 1093.447996 -868.141476 0.332649 0.728374 0.599012 -0.793841 0.559160 -0.239073 0.509078 0.395993 -0.764218
-18.443818 -39.342366 1295.901372 1088.230626 0.473203 0.634848 0.610776 0.784025 -0.619646 0.036640 0.401726 0.461525 -0.790956
-17.203211 -46.016689 833.226248 1848.424607 0.587918 0.529541 0.611505 0.741890 -0.654278 -0.146694 0.322414 0.539914 -0.777523
-2.100046 -21.834501 1392.845976 -1928.241976 -0.176231 0.870923 0.458732 -0.853623 0.096849 -0.511809 0.490175 0.481781 -0.726372
2.403762 -22.115353 2142.265667 -1987.641624 -0.175405 0.867996 0.464560 -0.854309 0.100314 -0.509993 0.489274 0.486333 -0.723941
-2.001426 -17.883094 925.311398 -1818.072447 -0.173888 0.873028 0.455614 -0.830215 0.118866 -0.544623 0.529629 0.472961 -0.704132
-3.869934 -26.607796 1861.762893 2006.491608 -0.201507 0.868290 0.453285 0.873203 -0.050410 0.484743 0.443748 0.493489 -0.748035
-5.729528 -22.972488 869.721835 -2149.552444 -0.239366 0.881310 0.407427 -0.835233 0.027057 -0.549230 0.495065 0.471764 -0.729623
21.710674 -255.190333 -2106.209828 -51510.905442 0.109061 0.986186 -0.124667 -0.947861 0.140954 0.285818 -0.299442 -0.086995 -0.950140
11.097166 -170.429199 -2097.559164 -12553.549185 0.061792 0.984898 -0.161733 -0.977665 0.092341 0.188796 -0.200880 -0.146455 -0.968606
15.451068 -161.685413 -1941.463790 21207.191736 0.071680 0.988616 -0.132292 0.997424 -0.070665 0.012352 0.002863 -0.132836 -0.991134
19.658494 -171.629502 -372.580445 26058.516742 0.086290 0.994807 -0.053971 0.996221 -0.085620 0.014610 0.009913 -0.055028 -0.998436
-12.678280 -154.224603 5492.850626 -49261.348912 0.926179 0.341950 0.158939 0.187225 -0.051137 -0.980985 0.327320 -0.938326 0.111383
-13.856288 -72.894372 2568.930634 -15549.251052 0.949128 0.303494 -0.083946 -0.042999 -0.139175 -0.989334 0.311940 -0.942614 0.119045
-27.106930 -928.269388 -1479.001857 -309726.768566 0.949725 0.301199 -0.085446 -0.063444 -0.082106 -0.994602 0.306589 -0.950020 0.058869
-23.814617 -1654.748595 9087.877294 -578054.241486 0.930985 0.358655 0.068075 0.064635 0.021588 -0.997675 0.359291 -0.933221 0.003083
18.252698 -90.680139 -2097.403596 4228.502549 -0.255570 0.944685 0.205556 0.698423 0.033390 0.714906 -0.668497 -0.326274 0.668324
15.167272 -105.150585 -4615.000138 3407.463825 -0.303310 0.914091 0.269149 0.549495 -0.062976 0.833120 -0.778497 -0.400589 0.483187
21.744874 -99.177195 392.575056 4304.859857 -0.180351 0.957930 0.223258 0.504973 -0.104610 0.856773 -0.844083 -0.267259 0.464862
-50.754777 -75.289923 -950.127850 4587.874969 0.074866 -0.985474 0.152434 0.996942 0.070534 -0.033638 0.022398 0.154486 0.987741
-43.375641 -69.796106 782.071301 4952.698011 -0.253000 -0.934959 0.248681 0.963551 -0.266613 -0.022091 0.086955 0.234028 0.968333
-37.658385 -55.982080 -617.748358 4251.061176 0.449352 0.837660 -0.310496 0.850862 -0.507214 -0.136997 0.272245 0.202629 0.940651
-52.413801 -76.776164 -2988.458232 5235.451436 -0.150179 0.981228 0.120987 -0.709248 -0.021670 -0.704626 0.688777 0.191630 -0.699188
-53.261578 -78.742581 -1668.048785 -4350.754197 -0.137299 0.968943 0.205664 -0.338894 0.149149 -0.928927 0.930752 0.197239 -0.307891
-49.448474 -80.026344 -2142.263294 517.608288 -0.048517 0.989890 0.133279 -0.511750 0.089956 -0.854412 0.857763 0.109659 -0.502212
-4.965571 -46.739857 -3632.278889 -1233.539795 0.348396 0.929750 -0.119102 0.058104 -0.148240 -0.987243 0.935545 -0.337031 0.105668
5.874395 -47.800668 -7306.346787 -664.161442 0.386217 0.918930 -0.080030 -0.006310 -0.084128 -0.996435 0.922387 -0.385345 0.026694
-5.982950 -47.646450 2341.825993 -983.548633 0.280486 0.951768 -0.124356 0.020131 -0.135362 -0.990592 0.959647 -0.275344 0.057128
8.783268 -44.925156 354.247622 1092.333610 0.148892 0.966349 -0.209764 -0.502942 -0.108637 -0.857465 0.851399 -0.233169 -0.469843
6.809431 -46.966973 199.429772 1784.852072 0.147813 0.976253 -0.158371 -0.439372 -0.078642 -0.894856 0.886061 -0.201855 -0.417313
9.177256 -44.868491 462.412168 340.321007 0.144722 0.975511 -0.165632 -0.514353 -0.068832 -0.854812 0.845279 -0.208903 -0.491796
-1.169854 -43.992198 -3231.283302 -55.194453 -0.216040 0.976007 -0.027158 0.931854 0.197803 -0.304174 0.291504 0.091021 0.952229
-8.400686 -41.937323 -1564.789195 -409.535868 -0.265360 0.963313 -0.040154 0.920702 0.240821 -0.307105 0.286169 0.118463 0.950828
-2.998662 -40.790778 -2269.470729 -615.177844 -0.313249 0.949350 -0.024687 0.932781 0.302693 -0.195694 0.178309 0.084329 0.980354
7.251574 -64.231329 -642.590457 -8047.366768 -0.125741 0.984926 0.118785 0.843762 0.169151 -0.509367 0.521781 -0.036178 0.852312
6.724354 -57.744941 -791.532065 -2225.180933 -0.122478 0.983872 0.130367 0.867554 0.169932 -0.467412 0.482027 -0.055853 0.874374
-8.073623 -120.000045 -1010.702178 1233.059097 -0.164455 0.970966 -0.173721 -0.176456 0.144318 0.973671 -0.970473 -0.190779 -0.147599
-9.038440 -111.719787 137.831907 1830.138608 -0.125195 0.983379 -0.131495 -0.112429 0.117622 0.986674 -0.985741 -0.138311 -0.095834
-10.256130 -111.886835 -396.443854 -1075.373692 -0.132737 0.977616 -0.163244 -0.348294 0.108190 0.931121 -0.927940 -0.180451 -0.326137
-7.741518 -118.385104 -1952.361060 -1744.448970 -0.160539 0.964433 -0.209992 -0.461285 0.114779 0.879797 -0.872607 -0.238108 -0.426452
362.297068 -46.019169 129355.770422 1402.074988 0.044141 0.890615 -0.452610 -0.450017 0.422210 0.786908 -0.891928 -0.168948 -0.419429
245.914429 -46.971322 103487.790844 2198.290879 0.066051 0.839822 -0.538828 -0.359480 0.523774 0.772292 -0.930812 -0.142687 -0.336495
212.481218 -50.846691 76661.079249 4900.200330 0.040904 0.840615 -0.540086 -0.251656 0.531780 0.808628 -0.966952 -0.102839 -0.233298
-6.101225 -30.450285 -1231.328052 3440.347441 0.350426 0.934601 -0.061005 -0.613530 0.179851 -0.768918 0.707660 -0.306877 -0.636431
-9.221124 -38.079942 -776.671525 3123.073422 0.282682 0.950613 -0.128164 -0.572553 0.060019 -0.817668 0.769593 -0.304521 -0.561243
-0.664085 -26.316356 -2044.437293 2608.441133 0.398725 0.916870 -0.019188 -0.594009 0.242266 -0.767112 0.698693 -0.317264 -0.641226
-3.347505 -23.036822 -1015.426750 2424.798158 0.416398 0.908942 0.020920 -0.607357 0.295214 -0.737540 0.676557 -0.294404 -0.674979
44.371504 -52.987071 10479.040817 2331.943021 0.069802 0.961163 -0.267008 0.984856 -0.108980 -0.134840 -0.158702 -0.253552 -0.954214
104.117445 -31.470062 26698.323713 5307.737433 -0.209204 0.940020 -0.269438 0.954373 0.136231 -0.265733 -0.213089 -0.312737 -0.925629
105.835445 -31.804961 19789.100217 -3517.211082 -0.263506 0.847060 -0.461577 0.927258 0.090470 -0.363329 -0.266003 -0.523741 -0.809282
10.495555 -52.926984 -3526.110372 154.851242 0.114251 0.993395 0.010657 0.492042 -0.047265 -0.869288 0.863042 -0.104561 0.494192
7.900744 -52.357464 -2304.648922 351.275766 0.138781 0.990286 -0.008557 0.454289 -0.071338 -0.887993 0.879978 -0.119349 0.459777
14.027927 -51.194725 -3412.266377 1260.294411 0.111527 0.993703 0.010784 0.365864 -0.030968 -0.930153 0.923962 -0.107682 0.367014
-13.166053 -271.109325 -85.986178 44283.069473 0.898735 -0.131913 0.418180 -0.433439 -0.411630 0.801681 -0.066384 0.901754 0.427122
-12.504027 -257.390160 514.642399 -15858.903035 0.898802 -0.155260 0.409938 -0.396876 0.108861 0.911394 0.186129 0.981857 -0.036226
-13.665018 -260.452377 1116.847518 150.206807 0.897525 -0.146201 0.416021 -0.421114 -0.004314 0.906997 0.130809 0.989246 0.065439
-10.335701 -262.190966 -2892.539268 8568.270214 0.904458 -0.043956 0.424292 -0.425687 -0.029301 0.904396 0.027322 0.998604 0.045213
-12.702552 -274.283596 -132.361793 54651.067497 0.892016 -0.102666 0.440190 -0.433395 -0.470823 0.768436 -0.128359 0.876233 0.464477
-11.735197 -269.727433 -199.864228 -34629.608565 0.908307 -0.100622 0.406021 -0.353192 0.335588 0.873290 0.224128 0.936619 -0.269279
-16.635107 -215.917124 -133.208311 -119.545384 0.891656 -0.151848 0.426488 0.234261 -0.651376 -0.721686 -0.387391 -0.743405 0.545231
-12.617282 -218.065426 -984.805369 26169.895659 0.894762 -0.141049 0.423682 0.380492 -0.255789 -0.888706 -0.233724 -0.956388 0.175202
15.350146 -63.649662 2382.866302 -2631.214710 -0.800744 0.037152 -0.597854 -0.250365 0.885955 0.390385 0.544175 0.462280 -0.700122
10.254743 -73.639833 -3200.916307 -5354.700893 0.823612 -0.073524 0.562368 -0.292296 0.794708 0.531979 0.486032 0.602522 -0.633041
3.081767 -80.138050 -4010.301526 -5987.654909 0.855648 -0.128292 0.501405 -0.258303 0.733657 0.628512 0.448492 0.667300 -0.594614
-27.013827 -231.006473 -897.852665 119047.676471 -0.347122 0.428842 -0.834027 0.937647 0.141609 -0.317436 -0.018024 -0.892212 -0.451258
7.778889 -576.171702 14105.430014 228932.624861 -0.458034 0.555245 -0.694196 0.821659 -0.033574 -0.568989 -0.339236 -0.831009 -0.440844
21.729068 -875.694038 -13940.003349 322109.801844 0.604822 -0.593521 0.530964 0.575785 -0.134685 -0.806431 -0.550147 -0.793469 -0.260281
6.823481 -116.659124 -769.848725 -3054.561444 0.801486 -0.236656 0.549195 -0.276389 0.667802 0.691122 0.530311 0.705716 -0.469824
4.842659 -115.686563 -302.631291 -4826.274414 -0.786794 0.239376 -0.568907 -0.184953 0.787936 0.587324 0.588853 0.567324 -0.575669
33.479304 -52.967218 3815.140775 5568.475912 0.411964 0.805293 0.426368 0.026015 0.457333 -0.888915 0.910829 -0.377292 -0.167455
20.271948 -41.467368 7852.442868 3249.750992 0.294343 0.844565 0.447295 -0.016714 0.472506 -0.881169 0.955554 -0.251890 -0.153195
29.886756 -40.339464 6662.857644 3513.055957 0.358930 0.781732 0.509965 -0.049475 0.561540 -0.825969 0.932052 -0.271235 -0.240230
-5.906999 -63.794584 -1527.204962 295.300199 -0.063926 0.993852 0.090397 0.990915 0.052474 0.123832 -0.118328 -0.097492 0.988177
-6.154661 -67.339770 -1800.794529 -6578.483316 -0.091948 0.992685 0.078246 0.951484 0.064415 0.300879 -0.293638 -0.102115 0.950447
-4.078344 -65.893421 -1058.193276 -1045.227957 -0.076395 0.992724 0.093077 0.978109 0.056493 0.200277 -0.193562 -0.106339 0.975308
-4.299552 -64.615805 1212.114283 4748.256637 0.036861 -0.994364 -0.099406 0.997980 0.041779 -0.047859 0.051742 -0.097441 0.993895
-1.551021 -114.058633 -748.383932 1710.225432 -0.064666 0.957386 -0.281478 0.993363 0.034872 -0.109605 -0.095119 -0.286698 -0.953287
1.327402 -115.484941 595.964087 3021.322485 -0.062018 0.961722 -0.266917 0.983553 0.013436 -0.180117 -0.169637 -0.273698 -0.946738
-0.450011 -121.441074 -369.233193 -3707.570352 -0.109140 0.958693 -0.262670 -0.916367 0.005357 0.400305 -0.385176 -0.284391 -0.877930
4.365011 -277.992174 -892.404171 -15988.843248 0.023056 0.978799 -0.203522 0.999583 -0.019031 0.021711 0.017378 -0.203938 -0.978830
4.682617 -696.645216 10404.568187 -205504.589555 -0.154082 0.212013 -0.965044 0.689329 0.722807 0.048735 0.707873 -0.657724 -0.257519
139.134600 -3740.616593 -867.811740 -1281924.137624 0.094273 0.295954 -0.950539 0.977388 0.154014 0.144889 0.189276 -0.942704 -0.274743
125.750924 -3314.292117 -62861.318966 -1353903.281220 0.107674 0.422954 -0.899731 0.659458 0.646858 0.383001 0.743990 -0.634575 -0.209271
-23.182480 -47.964659 -20958.943913 1609.276029 -0.718532 0.571536 0.396305 0.073838 0.629287 -0.773658 -0.691563 -0.526635 -0.494364
10.134251 -46.380146 -18554.369553 3917.298109 -0.715313 0.590244 0.374084 0.165078 0.662896 -0.730286 -0.679026 -0.460631 -0.571615
16.227532 -52.698959 -27772.005248 1900.036156 -0.751071 0.505483 0.424712 0.000776 0.643962 -0.765057 -0.660221 -0.574283 -0.484053
-13.931852 -53.126111 -25389.785894 898.532225 -0.735498 0.514100 0.441297 -0.061131 0.598325 -0.798918 -0.674763 -0.614580 -0.408640
6.802648 -47.889915 -7740.758095 180.952193 -0.191040 0.919322 -0.344020 -0.818452 0.044294 0.572866 -0.541886 -0.391004 -0.743959
98.877137 -41.022418 -22945.195634 1730.427366 -0.557414 0.828720 0.050118 0.415848 0.226441 0.880792 -0.718582 -0.511808 0.470843
86.113505 -36.350225 25071.657022 -497.426855 0.032076 0.977413 -0.208890 0.351055 0.184665 0.917965 -0.935805 0.102776 0.337203
106.037159 -40.480057 28990.284899 1594.375690 -0.014401 0.973723 -0.227282 0.450697 0.209226 0.867811 -0.892561 0.089938 0.441867
94.762188 -39.081935 5043.215882 1463.889841 -0.315147 0.944494 -0.092812 0.455149 0.236231 0.858507 -0.832780 -0.228313 0.504332
-6.690480 -36.623435 -2532.027267 -1134.532632 -0.012749 0.988284 0.152092 -0.942050 -0.062866 0.329530 -0.335231 0.139077 -0.931814
-1.406879 -57.518915 -545.496881 1610.052269 0.090601 0.974413 -0.205698 0.986523 -0.059556 0.152396 0.136246 -0.216733 -0.966677
0.497436 -53.165810 -745.699484 -2526.534503 0.098588 0.972242 -0.212194 0.977073 -0.054137 0.205908 0.188705 -0.227629 -0.955288
0.589990 -57.867233 -383.331887 1218.102957 0.064921 0.975646 -0.209525 0.984716 -0.028630 0.171798 0.161615 -0.217476 -0.962593
-0.223485 -50.701705 -1079.810612 -3167.437307 0.144457 0.967211 -0.208890 0.973591 -0.101214 0.204637 0.176785 -0.232935 -0.956289
-4.611813 -54.866851 -189.653421 4867.576975 0.103236 0.976037 -0.191557 0.992577 -0.088644 0.083262 0.064286 -0.198731 -0.977943
-3.830526 -55.064734 -722.469067 80.348110 0.161395 0.967934 -0.192496 0.981546 -0.137167 0.133237 0.102560 -0.210447 -0.972211
3.791112 -42.174039 -545.870546 603.085813 -0.085922 0.987651 -0.131011 -0.734932 0.025952 0.677644 -0.672675 -0.154508 -0.723626
3.820481 -47.826564 -332.910819 2601.568687 -0.084425 0.987225 -0.135129 -0.771768 0.020994 0.635557 -0.630275 -0.157945 -0.760136
0.557735 -84.000818 -716.720273 -13531.947801 -0.237518 0.931012 0.277131 -0.311451 -0.343222 0.886113 -0.920100 -0.124155 -0.371486
-2.656329 -98.865447 -393.977412 -11790.831284 -0.229542 0.923121 0.308478 -0.121559 -0.341649 0.931933 -0.965678 -0.176419 -0.190637
-1.643160 -85.135072 958.158196 -12083.105568 -0.206881 0.949106 0.237484 -0.308219 -0.293600 0.904876 -0.928548 -0.114004 -0.353273
-1.592123 -143.750021 491.173300 -3882.495586 0.120880 0.982903 -0.138890 -0.701822 -0.014327 -0.712208 0.702021 -0.183567 -0.688091
-2.816640 -142.411203 1528.633292 2392.593860 0.098290 0.984298 -0.146616 -0.822243 -0.002668 -0.569130 0.560585 -0.176494 -0.809070
-2.369019 -144.967550 118.576272 5856.269756 0.105895 0.980328 -0.166562 -0.921818 0.033969 -0.386132 0.372878 -0.194429 -0.907281
-1.623733 -133.796893 -537.343846 4908.642483 0.121712 0.978198 -0.168270 -0.874064 0.025299 -0.485151 0.470317 -0.206128 -0.858087
30.972481 -19.624429 -5412.776862 -1543.469725 0.092236 0.722846 0.684826 0.467134 -0.638790 0.611338 -0.879363 -0.263518 0.396585
33.907499 -20.179913 -4364.005492 -392.108884 0.098634 0.785303 0.611204 0.448053 -0.583466 0.677359 -0.888549 -0.207041 0.409407
13.331761 -29.670025 -1185.824151 -161.277581 0.706482 0.016656 0.707535 -0.470888 -0.735264 0.487495 -0.528345 0.677577 0.511607
10.426869 -38.957551 1191.729192 2617.946117 0.806825 0.119099 0.578662 -0.359794 -0.677829 0.641168 -0.468596 0.725509 0.504038
7.036795 -41.717644 1678.584563 1362.487424 0.763282 0.000883 0.646065 -0.439425 -0.732358 0.520151 -0.473610 0.680919 0.558608
8.167828 -36.452166 83.557107 232.315293 0.664448 -0.100642 0.740527 -0.506513 -0.789231 0.347215 -0.549503 0.605793 0.575380
-2.736515 -50.793415 5276.562701 3212.576435 0.815849 0.014417 0.578086 -0.372444 -0.751627 0.544374 -0.442353 0.659431 0.607844
1381.467940 -61.955087 480882.708579 14443.779663 0.909517 -0.021988 0.415085 0.317680 -0.607229 -0.728253 -0.268065 -0.794222 0.545300
1.210087 -103.017628 -301.718933 3326.087917 0.205364 0.977555 0.047035 0.077071 0.031756 -0.996520 0.975646 -0.208275 0.068820
-15.785927 -189.578245 3291.136837 -5639.414071 0.752244 0.658881 0.001879 0.513378 -0.584331 -0.628491 0.413003 -0.473744 0.777815
-20.740605 -198.942467 -288.979738 -8066.940540 0.763943 0.639476 0.086384 0.529922 -0.545333 -0.649456 0.368203 -0.541924 0.755476
-15.112817 -188.504422 1319.572683 2111.876237 0.779164 0.626808 -0.003953 0.328128 -0.413241 -0.849449 0.534075 -0.660563 0.527656
-16.359025 -211.974999 -785.927891 12726.378694 0.766003 0.634952 0.100370 0.375688 -0.315483 -0.871395 0.521629 -0.705199 0.480205
-7.772019 -182.170410 4150.398253 614.011550 0.769973 0.634422 -0.068195 0.350094 -0.509394 -0.786100 0.533457 -0.581401 0.614326
-7.850468 -186.107199 558.257012 18593.059369 0.794564 0.607132 0.007648 0.108452 -0.129517 -0.985629 0.597416 -0.783975 0.168754
1.964837 -22.584977 -2821.254492 2223.483351 0.396957 -0.370322 0.839814 0.660425 0.750655 0.018842 -0.637388 0.547155 0.542548
-4.471479 -13.287441 -1017.638565 989.450442 0.543887 -0.232142 0.806410 0.598193 0.781204 -0.178568 -0.588517 0.579509 0.563752
8.895151 -28.600200 -3358.360260 388.284945 0.533271 -0.207475 0.820108 0.573644 0.801202 -0.170317 -0.621735 0.561275 0.546274
-30.878529 -20378.893358 -5860.526234 -6741810.714220 0.437997 0.873834 0.211123 -0.741886 0.218718 0.633851 -0.507704 0.434254 -0.744083
-315.879237 -1563.256098 79856.528452 6007562.428738 0.548653 0.647527 0.528856 -0.651376 0.727618 -0.215131 -0.524109 -0.226452 0.820993
-61.727584 -3545.840687 -48882.918143 -1167847.756233 -0.520439 -0.756940 -0.395201 0.682360 -0.090426 -0.725402 0.513350 -0.647197 0.563567
20.581026 -19.830817 -3757.856632 6718.154852 -0.717173 0.265400 -0.644380 0.033877 0.936828 0.348146 0.696071 0.227851 -0.680859
13.123791 -27.401473 -1954.913309 2741.507035 -0.749909 0.183588 -0.635557 0.058961 0.975446 0.212200 0.658909 0.121657 -0.742320
8.295555 -28.073945 -1605.159407 2490.546475 -0.708428 0.373584 -0.598803 0.216557 0.922556 0.319365 0.671739 0.096572 -0.734466
0.622538 -16.244611 1247.752606 -1589.551217 -0.209802 0.874240 0.437822 -0.818824 0.087612 -0.567319 0.534332 0.477523 -0.697468
2.751632 -28.451656 2682.161331 1712.599578 -0.152953 0.866523 0.475124 0.898241 -0.078552 0.432426 0.412029 0.492917 -0.766332
13.397312 -26.706219 3372.097598 1937.657136 -0.165490 0.881559 0.442117 0.874097 -0.076484 0.479692 0.456691 0.465837 -0.757911
-7.068164 -127.301624 -1940.932371 608.989308 0.143995 0.975896 0.163992 0.917113 -0.069356 -0.392547 0.371711 -0.206924 0.904994
-9.566879 -119.445766 -1462.391749 -3805.047144 0.104236 0.982295 0.155661 0.974153 -0.069303 -0.214994 0.200400 -0.174048 0.964130
-6.151333 -123.520772 1734.223498 -4612.156334 -0.107087 -0.978049 -0.178751 0.992375 -0.094109 -0.079595 0.061025 -0.185911 0.980670
-3.854819 -132.135373 -1171.030332 -4374.227976 0.128695 0.977400 0.167708 0.972333 -0.091121 -0.215093 0.194950 -0.190749 0.962086
-3.550682 -130.791491 -2350.723088 3116.992671 0.164240 0.971632 0.170164 0.844313 -0.049271 -0.533581 0.510060 -0.231307 0.828454
-6.946284 -121.685174 -2676.057296 6985.161726 0.173515 0.972610 0.154666 0.745048 -0.026935 -0.666467 0.644047 -0.230875 0.729315
5.154456 -168.403242 -1542.330225 -23816.470573 0.059135 0.984954 -0.162387 -0.952533 0.104340 0.285998 -0.298638 -0.137766 -0.944371
8.814001 -193.450490 -2738.534380 -20472.142745 0.043388 0.985117 -0.166320 -0.886710 0.114671 0.447880 -0.460286 -0.128045 -0.878488
1.661517 -200.901924 -973.875460 -33473.318361 0.036259 0.987992 -0.150193 -0.837926 0.111957 0.534178 -0.544578 -0.106481 -0.831923
0.120310 -163.328443 -1720.537744 -23007.322472 0.050660 0.983240 -0.175135 -0.945260 0.103808 0.309367 -0.322362 -0.149876 -0.934676
14.833266 -112.656774 -4330.406099 3564.053570 -0.275944 0.915731 0.292047 0.355664 -0.184997 0.916122 -0.892949 -0.356669 0.274644
-48.851167 -84.624067 1754.954192 7323.966876 0.358608 -0.930564 0.073827 0.933459 0.358096 -0.020522 -0.007340 0.076274 0.997060
-28.590481 -88.188646 -7507.858600 10769.832341 -0.326499 0.943487 0.056837 0.939534 0.330528 -0.089592 0.103315 -0.024149 0.994355
-54.722657 -73.670953 -2634.293973 5997.165567 -0.333978 0.936617 0.105863 -0.740496 -0.191224 -0.644281 0.583201 0.293567 -0.757426
-56.403463 -74.477388 170.110894 3520.274360 -0.534206 0.840962 0.086063 -0.611600 -0.314200 -0.726101 0.583583 0.440524 -0.682180
82.129210 -65.827456 -10020.202226 2864.731899 -0.253896 0.966149 0.045742 0.950093 0.240255 0.199000 -0.181274 -0.093984 0.978931
76.407251 -84.252820 -6110.820237 3438.058247 -0.210853 0.964318 0.160099 0.919089 0.139798 0.368418 -0.332890 -0.224827 0.915771
75.262697 -60.398530 -2514.533528 -1351.630622 -0.115094 0.991998 -0.051905 0.886900 0.126153 0.444403 -0.447395 -0.005114 0.894322
