19522
39033
-41.428780 -64.048324 294.764169 10053.239321 0.463455 -0.783100 -0.414686 0.658325 -0.008966 0.752680 -0.593142 -0.621832 0.511379
-46.626932 -75.057983 494.170830 8723.712724 -0.471804 0.807203 0.354719 0.566270 -0.030961 0.823638 -0.675825 -0.589462 0.442487
-48.311602 -83.928200 1615.837773 -16313.662455 0.703617 -0.708233 -0.057695 -0.355584 -0.280640 -0.891516 -0.615210 -0.647802 0.449299
-37.561206 -59.808516 1148.998060 4930.693616 -0.163943 0.777272 0.607430 0.763520 -0.289917 0.577050 -0.624628 -0.558388 0.545932
-40.006533 -63.819710 4368.880962 -13028.542807 0.674474 -0.704669 -0.220288 -0.530096 -0.254530 -0.808834 -0.513890 -0.662311 0.545216
-36.528110 -52.324423 -1792.559014 6949.855421 0.222814 -0.758763 -0.612072 0.812800 -0.202063 0.546376 -0.538247 -0.619233 0.571700
-17.321662 -251.866335 -4197.030239 135531.739489 0.660543 -0.661399 -0.355294 -0.634303 -0.238438 -0.735396 -0.401675 -0.711125 0.577026
-11.695092 -48.684140 -7704.804462 33729.765380 0.809833 -0.558287 -0.180242 -0.486757 -0.467930 -0.737638 -0.327473 -0.685097 0.650695
-3.987463 -38.757720 2273.892244 35236.433510 0.971563 -0.213545 0.102298 -0.047129 -0.597788 -0.800268 -0.232045 -0.772689 0.590852
-46.459192 -261.745415 23783.966915 148372.405831 0.833672 -0.368975 -0.410912 -0.533681 -0.346882 -0.771270 -0.142042 -0.862282 0.486100
-73.599907 -394.169359 22786.554987 -180567.253515 0.582198 -0.620143 -0.525802 0.778215 0.237780 0.581242 -0.235428 -0.747585 0.621040
-45.547871 -160.242548 53309.258317 -64003.469577 -0.553624 0.827049 0.097420 0.723548 0.419797 0.547949 -0.412284 -0.373846 0.830820
4.368127 -15.863802 -4966.049278 -646.544343 -0.188935 0.948142 0.255600 -0.652086 -0.315752 0.689264 -0.734226 0.036447 -0.677926
9.826853 -13.480970 -3807.502821 206.389012 -0.121035 0.971913 0.201832 -0.639964 -0.231832 0.732598 -0.758813 0.040495 -0.650049
2.487679 -19.301288 -7536.131631 -1416.379158 -0.106724 0.986443 0.124661 -0.642355 -0.164105 0.748632 -0.758940 0.000180 -0.651161
-4.469760 -21.008722 -5182.440352 -3336.787570 -0.180179 0.957070 0.227053 -0.659460 -0.288805 0.694049 -0.729828 0.024679 -0.683186
2.391988 -15.630833 -199.795806 -2970.897900 -0.214522 0.928257 0.303841 -0.670374 -0.366173 0.645380 -0.710337 0.065239 -0.700832
2.208661 -13.581258 -2847.546575 -434.794601 -0.205781 0.931124 0.301101 -0.666535 -0.358641 0.653534 -0.716509 0.066209 -0.694429
8.895970 -14.928382 -3764.652213 472.160025 -0.151120 0.953876 0.259392 -0.667671 -0.291998 0.684801 -0.728957 0.069701 -0.681002
-3.623771 -45.481600 3606.404763 -919.018052 0.797151 -0.577397 -0.176527 -0.406610 -0.297245 -0.863895 -0.446339 -0.760433 0.471724
-11.423636 -43.363508 2997.034787 -1466.234461 0.807764 -0.576357 -0.123814 -0.406647 -0.392715 -0.824872 -0.426797 -0.716650 0.551595
-11.354154 -47.185312 3803.571368 -1125.911279 0.796643 -0.582033 -0.163085 -0.399646 -0.304766 -0.864524 -0.453479 -0.753893 0.475396
-7.801329 -48.705521 3377.916319 -2062.506329 0.783339 -0.589711 -0.196522 -0.397665 -0.232441 -0.887600 -0.477748 -0.773442 0.416587
-10.882766 -60.834926 1214.376821 721.368770 -0.767800 0.594162 0.239697 0.368049 0.715270 -0.594077 -0.524426 -0.367912 -0.767866
-9.049608 -60.581107 988.526537 2637.591400 -0.784586 0.574934 0.232112 0.382527 0.743480 -0.548553 -0.487952 -0.341598 -0.803252
-10.720960 -64.526803 197.439888 -5398.866956 -0.791764 0.569008 0.222125 0.295798 0.675332 -0.675596 -0.534428 -0.469208 -0.703015
3.349405 -65.842545 -3920.782004 -4236.326760 0.693635 -0.666796 -0.272496 0.271927 -0.107912 0.956248 0.667027 0.737386 -0.106469
0.880026 -61.959870 -5494.368972 -7041.911177 0.713026 -0.653003 -0.255305 0.334501 -0.003199 0.942390 0.616200 0.757349 -0.216149
21.486854 -60.974042 -11099.249488 -8942.794973 0.717636 -0.649352 -0.251674 0.331747 0.001004 0.943368 0.612325 0.760487 -0.216141
24.632659 -80.698753 4227.882237 -2349.868438 0.782690 -0.530981 -0.324739 -0.603586 -0.774868 -0.187785 0.151919 -0.342986 0.926974
18.626156 -84.483703 4256.555782 -1712.979038 0.755992 -0.540328 -0.369489 -0.632848 -0.747563 -0.201627 0.167271 -0.386259 0.907097
17.396143 -84.655139 2811.566116 -8328.976333 0.783861 -0.527992 -0.326782 -0.616660 -0.723595 -0.310066 0.072745 -0.444562 0.892789
14.671210 -84.819555 3364.472690 -5946.392728 0.760367 -0.535632 -0.367342 -0.645962 -0.682554 -0.341836 0.067633 -0.497210 0.864990
-18.535208 -90.661758 -1120.140993 2066.796571 0.947465 -0.311059 -0.074517 -0.062767 -0.409245 0.910263 0.313642 0.857765 0.407269
-17.445628 -91.033034 -545.030537 -821.808208 0.934534 -0.342063 -0.098179 -0.020964 -0.328317 0.944335 0.355255 0.880455 0.313995
-16.646305 -92.656662 -130.191941 -842.563357 0.943747 -0.323091 -0.070380 -0.009188 -0.238384 0.971128 0.330540 0.915852 0.227943
-17.881287 -89.161543 -1093.499450 3654.362516 0.937067 -0.332628 -0.106135 -0.069679 -0.476023 0.876668 0.342127 0.814101 0.469243
-18.500957 -87.923215 943.435072 2321.716382 0.946521 -0.314641 -0.071406 -0.101873 -0.501444 0.859172 0.306137 0.805950 0.506681
-18.991406 -88.947199 -841.876541 2464.569854 0.942443 -0.320379 -0.095698 -0.109697 -0.566622 0.816643 0.315860 0.759142 0.569154
-3.234560 -56.933766 -659.721675 -994.003284 0.821327 -0.566415 -0.067786 0.534905 0.723389 0.436560 0.198239 0.394818 -0.897118
-3.330314 -52.309062 808.953374 -2122.493935 0.807013 -0.587818 -0.056569 0.564506 0.739770 0.366159 0.173387 0.327429 -0.928831
-4.272885 -57.811803 150.158905 1135.732312 0.809887 -0.583031 -0.064480 0.569956 0.756169 0.321494 0.138683 0.297125 -0.944714
-0.988642 -87.576167 -45.291952 2090.370600 -0.831343 0.548675 0.088463 0.521166 0.824936 -0.218784 -0.193018 -0.135780 -0.971755
-2.356030 -79.473169 -177.840795 2613.253239 -0.822575 0.562974 0.080183 0.557903 0.826249 -0.077821 -0.110063 -0.019279 -0.993738
-1.432336 -83.778768 163.518775 1575.685131 -0.816137 0.571486 0.085583 0.561020 0.819109 -0.119651 -0.138481 -0.049637 -0.989120
-0.133679 -89.918060 -863.864564 2217.848484 -0.823423 0.562779 0.072480 0.541440 0.817489 -0.196351 -0.169754 -0.122436 -0.977851
-0.872637 -82.182373 -1119.460584 2608.905124 -0.811588 0.580501 0.065896 0.577322 0.814168 -0.061882 -0.089573 -0.012180 -0.995906
-8.074866 -47.007170 1409.078975 2839.233648 0.624265 -0.631939 -0.459289 0.778789 0.457145 0.429541 -0.061482 -0.625837 0.777527
-6.428225 -48.556611 1225.870557 456.307409 0.624242 -0.621446 -0.473420 0.778871 0.448001 0.438925 -0.060675 -0.642729 0.763687
-5.548052 -49.308166 1012.161518 6246.720611 0.592469 -0.655618 -0.468130 0.805261 0.498666 0.320761 0.023144 -0.567008 0.823387
-7.960745 -46.820557 3835.162237 -5820.460586 0.674056 -0.587045 -0.448359 0.720098 0.386924 0.575977 -0.164643 -0.711103 0.683539
-7.619933 -45.398061 937.879485 4156.345042 0.523562 -0.692206 -0.496723 0.851980 0.422912 0.308667 -0.003591 -0.584804 0.811166
13.735543 -35.149191 4358.567706 5718.616956 0.797767 -0.599607 -0.063555 0.525385 0.742970 -0.414687 -0.295869 -0.297433 -0.907742
16.410243 -26.907402 -4684.002419 5940.472580 -0.799347 0.596958 0.068451 0.539142 0.762854 -0.356903 -0.265274 -0.248384 -0.931630
17.227032 -35.159039 -938.170091 5313.092419 -0.795678 0.594449 0.116302 0.506194 0.758018 -0.411310 -0.332662 -0.268399 -0.904045
15.399658 -43.726921 3290.766645 4482.066540 0.797024 -0.599125 -0.076176 0.498595 0.723912 -0.476817 -0.340818 -0.342054 -0.875696
15.477154 -43.917472 817.331375 3295.387846 -0.786648 0.603644 0.129608 0.472023 0.723331 -0.503970 -0.397968 -0.335270 -0.853941
13.951845 -39.775050 4683.483591 3109.477200 -0.789178 0.583063 0.192965 0.452597 0.764503 -0.459011 -0.415155 -0.274906 -0.867221
14.912765 -32.650295 5494.170067 5172.933275 -0.784993 0.585500 0.202422 0.486634 0.784987 -0.383383 -0.383370 -0.202448 -0.901134
-4.141718 -114.226125 -519.958982 -6323.083670 -0.623153 -0.729342 -0.282384 0.717673 -0.389743 -0.577101 0.310847 -0.562282 0.766298
-5.818867 -125.448031 -744.745280 -11012.113145 -0.636353 -0.719583 -0.277949 0.700425 -0.388025 -0.599034 0.323204 -0.575880 0.750934
-5.352498 -131.617828 715.652340 -11105.729547 0.641877 0.720315 0.262944 0.629823 -0.299646 -0.716614 0.437398 -0.625587 0.646007
-4.086858 -107.963571 -593.827624 -7404.588665 -0.618466 -0.730147 -0.290489 0.761759 -0.466308 -0.449755 0.192930 -0.499441 0.844593
-4.884662 -126.490297 -52.755230 -10556.407394 -0.633727 -0.725710 -0.267833 0.640006 -0.297414 -0.708476 0.434491 -0.620395 0.652938
-3.532742 -111.235030 -230.860422 -5254.932321 -0.615420 -0.735576 -0.283170 0.715075 -0.369929 -0.593144 0.331550 -0.567521 0.753654
-2.667154 -102.303107 -857.354972 -4971.188094 -0.596965 -0.746553 -0.293754 0.777515 -0.448119 -0.441203 0.197744 -0.491780 0.847968
0.776098 -59.107435 -1292.059433 -608.777636 0.739791 -0.565767 -0.364166 0.542506 0.821720 -0.174536 0.397990 -0.068442 0.914833
1.485041 -59.669727 -917.390166 172.114023 0.723961 -0.590831 -0.356088 0.515258 0.806352 -0.290354 0.458682 0.026728 0.888198
3.004581 -57.900105 -1485.749254 -750.905616 0.750648 -0.552800 -0.361856 0.530309 0.830776 -0.169066 0.394081 -0.064986 0.916775
2.444701 -60.686696 -2187.118150 -834.940077 0.758768 -0.541034 -0.362704 0.555338 0.828339 -0.073853 0.340399 -0.145386 0.928973
0.248474 -64.275639 -1706.387142 1209.129539 0.757362 -0.542854 -0.362921 0.563901 0.823962 -0.055699 0.329270 -0.162467 0.930154
-6.613230 -64.800777 -909.933514 -88.996332 0.892007 -0.436332 -0.118055 -0.205383 -0.158575 -0.965749 -0.402667 -0.885702 0.231065
-3.002114 -67.788345 -585.293347 1555.417982 0.879675 -0.448715 -0.157566 -0.291746 -0.247515 -0.923916 -0.375575 -0.858715 0.348643
-3.499145 -63.994637 -504.184818 -1707.356906 0.876237 -0.452771 -0.164943 -0.284416 -0.209624 -0.935503 -0.388993 -0.866635 0.312456
-5.386614 -63.978174 -299.229046 -148.126583 0.883676 -0.444885 -0.145584 -0.206899 -0.092230 -0.974005 -0.419893 -0.890826 0.173548
-7.561108 -68.793602 -1344.831586 -896.159386 0.877109 -0.455596 -0.152025 -0.170020 0.001504 -0.985439 -0.449191 -0.890185 0.076141
-8.721469 -99.355490 -2612.318946 2809.133350 0.968275 -0.249128 -0.019459 0.092652 0.285601 0.953859 0.232076 0.925401 -0.299623
-5.925415 -103.566952 -1622.052457 3847.611486 0.962507 -0.269481 -0.031005 0.150588 0.435760 0.887376 0.225620 0.858774 -0.460002
-3.649333 -102.557541 -1671.572706 3185.835125 0.970332 -0.241568 0.010020 0.076136 0.344634 0.935645 0.229475 0.907123 -0.352801
-8.377596 -96.412235 -1790.434307 3004.035012 0.970719 -0.240004 0.010162 0.029866 0.162554 0.986248 0.238356 0.957065 -0.164962
-11.571967 -95.244635 -1433.955303 1603.772809 0.962414 -0.269991 -0.029409 0.078242 0.171938 0.981996 0.260073 0.947387 -0.186600
9.476705 -265.337594 4056.976778 46689.050734 0.656570 0.745085 0.117321 0.700406 -0.659988 0.271748 -0.279906 0.096249 0.955190
13.514187 -209.002117 -2840.212418 52199.079603 -0.665542 -0.732528 -0.143024 0.741592 -0.670661 -0.015959 -0.084231 -0.116687 0.989591
13.028294 -252.172753 1899.104503 41827.583605 0.645697 0.752276 0.130979 0.703606 -0.652796 0.280706 -0.296671 0.089094 0.950815
12.210982 -276.795432 2405.254316 1571.653798 0.646914 0.753659 0.116192 0.568330 -0.578101 0.585491 -0.508431 0.312727 0.802309
5.078284 -293.279888 4961.259694 10380.589104 0.660871 0.741092 0.118462 0.576882 -0.602584 0.551452 -0.480060 0.296100 0.825753
3.192406 -303.819743 3738.744527 70678.601354 0.655910 0.744540 0.124270 0.691557 -0.658706 0.296405 -0.302543 0.108476 0.946943
-10.544397 -238.127821 -2034.937309 3490.547453 0.572437 0.819874 0.011064 -0.693067 0.491022 -0.527783 0.438149 -0.294455 -0.849307
-10.014187 -249.467774 1576.157994 274.885993 0.562557 0.825145 0.051619 -0.710967 0.514691 -0.479185 0.421965 -0.232869 -0.876195
-10.376449 -232.725767 536.334753 -14878.812790 0.560505 0.827203 0.039622 -0.538077 0.400130 -0.741869 0.629530 -0.394501 -0.669374
-5.748539 -38.442269 2752.386297 637.212187 0.720476 -0.679526 0.138415 0.355644 0.190705 -0.914959 -0.595341 -0.708433 -0.379067
-12.111099 -37.427028 1036.240925 588.386078 0.689688 -0.702814 0.174305 0.374360 0.140031 -0.916649 -0.619826 -0.697455 -0.359683
-9.870399 -34.720621 868.100108 1228.922415 0.657011 -0.713933 0.242148 0.466234 0.132386 -0.874700 -0.592420 -0.687585 -0.419839
-12.300543 -33.111991 771.415178 1498.084152 0.617651 -0.729680 0.293382 0.505678 0.082765 -0.858743 -0.602326 -0.678761 -0.420103
-4.894602 -35.384728 3354.345421 2739.655130 0.694255 -0.690671 0.202442 0.453763 0.201700 -0.867995 -0.558667 -0.694471 -0.453433
-8.106487 -31.698063 1934.968416 1821.088149 0.605141 -0.725819 0.327094 0.571694 0.110247 -0.813026 -0.554049 -0.678993 -0.481662
15.760169 -25.793289 987.622880 -71.761608 -0.563598 -0.588511 0.579665 -0.228893 0.785516 0.574955 -0.793703 0.191362 -0.577421
12.927832 -30.882047 1820.515547 2526.331715 -0.617388 -0.403256 0.675439 -0.130417 0.899204 0.417641 -0.775773 0.169758 -0.607749
18.715140 -33.671727 821.190293 1783.300660 -0.621979 -0.466338 0.629024 -0.144584 0.857900 0.493054 -0.769570 0.215723 -0.601021
-29.742827 -708.123243 8436.217783 353489.763889 0.459193 0.888164 -0.017505 -0.395607 0.186811 -0.899220 0.795385 -0.419841 -0.437146
17.435350 -550.017455 28083.018691 229182.346222 0.387238 0.917892 0.086722 -0.101328 0.135861 -0.985533 0.916395 -0.372849 -0.145619
34.064627 -1273.473855 26014.003499 701368.111006 0.379121 0.920663 -0.092992 -0.130299 -0.046378 -0.990389 0.916127 -0.387594 -0.102379
-12.813969 -716.100906 638.658472 333018.602905 0.472414 0.864117 -0.173570 -0.433378 0.056260 -0.899455 0.767469 -0.500136 -0.401067
-38.702228 -195.353602 -14688.469420 121399.527401 0.490182 0.832680 -0.257617 -0.608297 0.115129 -0.785315 0.624257 -0.541655 -0.562951
-11.820878 -2310.294680 2992.171482 712906.725105 0.504141 0.825492 0.253781 0.484900 -0.513729 0.707781 -0.714643 0.233763 0.659273
-18.395907 -776.104186 7613.960993 -6215.234931 0.632777 0.736372 0.239475 0.691018 -0.676562 0.254476 -0.349409 -0.004455 0.936960
-34.510298 -1323.634861 -5002.839129 -181748.644733 0.549567 0.821590 0.151547 0.226644 -0.321209 0.919488 -0.804120 0.470973 0.362734
42.837262 -221.355677 -29175.927579 82153.618513 0.625224 0.495179 0.603235 -0.041613 0.792989 -0.607813 -0.779335 0.354917 0.516402
41.767717 16.102278 5193.352338 23634.224488 -0.244782 0.969134 -0.029356 0.765578 0.174612 -0.619193 0.594955 0.174042 0.784690
35.757220 -22.817280 1894.135316 15281.476677 -0.562680 0.814320 0.142387 0.648041 0.541440 -0.535617 0.513258 0.209108 0.832370
42.618137 16.765997 5083.995953 27323.461181 -0.408158 0.912903 0.003949 0.723762 0.326224 -0.608068 0.556395 0.245330 0.793875
51.324628 36.408304 33635.608895 5751.681860 0.215176 0.858584 -0.465332 0.818490 -0.418473 -0.393643 0.532705 0.296167 0.792787
63.183601 39.734726 31599.626775 5407.907912 0.292113 0.853233 -0.432045 0.769503 -0.477942 -0.423599 0.567922 0.208721 0.796179
-26.600598 -49.388083 -678.920923 4130.349499 -0.587603 -0.796201 0.144179 0.777600 -0.506384 0.372710 -0.223743 0.331119 0.916679
-22.193308 -56.068522 -1280.477806 7848.291157 -0.447573 -0.866157 0.222374 0.849083 -0.333590 0.409604 -0.280600 0.372142 0.884745
-23.329989 -56.759471 1534.913751 4695.802906 -0.599001 -0.796246 0.084790 0.750412 -0.521241 0.406435 -0.279426 0.307083 0.909737
-26.320345 -50.904251 -1965.314351 -53.951980 0.733442 0.679407 -0.021644 0.643668 -0.683920 0.343431 -0.218527 0.265818 0.938928
-22.166062 -59.701620 -2639.509700 1942.330721 0.703042 0.710768 0.023250 0.659067 -0.663487 0.354142 -0.267139 0.233653 0.934903
-19.105027 -67.716623 -2344.401614 4806.922360 0.602831 0.797220 -0.032194 0.714502 -0.521446 0.466455 -0.355080 0.304196 0.883959
-16.459223 -55.543661 455.450729 2932.549092 0.906127 -0.408841 -0.108552 0.370164 0.890578 -0.264290 0.204726 0.199298 0.958315
-14.372635 -53.248145 133.451051 3887.222945 0.912119 -0.381749 -0.149354 0.320478 0.891257 -0.320866 0.255604 0.244803 0.935274
-14.325865 -49.349028 1185.110463 -4895.625967 0.888313 -0.447399 -0.103602 -0.380116 -0.842905 0.380818 0.257704 0.298905 0.918828
-16.643566 -57.404977 -44.222403 1769.642815 0.914114 -0.378752 -0.144718 0.343289 0.912901 -0.220828 0.215752 0.152182 0.964516
-55.942033 -70.706824 8586.863176 5410.264442 -0.567664 0.217011 0.794144 -0.043436 0.955394 -0.292123 -0.822114 -0.200322 -0.532916
-41.313260 -70.296843 8174.637926 4000.551613 -0.503378 0.348475 0.790680 -0.036126 0.905781 -0.422203 -0.863311 -0.241092 -0.443361
-32.704123 -61.230389 8178.403889 3781.633429 -0.472318 0.506839 0.721131 0.167383 0.854827 -0.491175 -0.865389 -0.111286 -0.488587
-28.135080 -53.196079 7965.015487 2451.293313 -0.406637 0.675375 0.615236 0.356005 0.737333 -0.574108 -0.841372 -0.014427 -0.540264
-44.082390 -58.866363 9804.815689 3105.995157 -0.472062 0.627841 0.618849 0.324395 0.776446 -0.540277 -0.819711 -0.054293 -0.570199
-26.074041 -41.098851 -1387.071742 79.286932 0.951241 -0.298115 -0.079167 0.295973 0.954448 -0.037809 0.086832 0.012534 0.996144
-22.613075 -41.134034 -2155.642046 550.594121 0.977871 -0.208408 -0.018318 0.207947 0.977840 -0.024234 0.022963 0.019889 0.999538
-22.399420 -40.084084 -2026.795775 1457.848904 0.963249 -0.264177 -0.048595 -0.266701 -0.962149 -0.056028 0.031954 -0.066929 0.997246
-24.515052 -40.896345 -1758.673880 -1320.308242 0.963634 -0.265510 -0.030235 -0.261295 -0.959902 0.101548 0.055985 0.089955 0.994371
-25.350861 -39.598557 -846.149177 1374.151381 0.927651 -0.358552 -0.104420 -0.365663 -0.928878 -0.058965 0.075851 -0.092881 0.992784
-29.219964 -40.760209 -1152.544457 -123.454173 0.891089 -0.431899 -0.139367 0.429101 0.901809 -0.051109 0.147757 -0.014260 0.988921
-29.162481 -42.966158 -647.384906 65.299721 0.915578 -0.387256 -0.108392 0.377194 0.920454 -0.102417 0.139431 0.052886 0.988818
-26.786695 -41.581162 -1523.131867 204.964484 0.932055 -0.357488 -0.058950 0.348094 0.928676 -0.128026 0.100513 0.098807 0.990017
20.103930 -97.981388 -10623.278349 5223.248911 0.975851 -0.194136 0.100126 -0.060019 0.202432 0.977455 0.210029 0.959860 -0.185892
24.215310 -107.391799 -6807.839953 6691.274614 0.967558 -0.236135 0.089838 -0.007934 0.327012 0.944987 0.252523 0.915043 -0.314530
25.261232 -99.898510 -7184.742086 5079.633921 0.960021 -0.240383 0.143444 -0.105958 0.162251 0.981044 0.259100 0.957022 -0.130294
14.142679 -91.618481 -7884.478295 3723.823790 0.970438 -0.202381 0.131500 -0.120958 0.063658 0.990614 0.208852 0.977236 -0.037297
6.598910 -94.811391 -5745.132938 4535.654162 0.975835 -0.204960 0.075748 -0.043952 0.155464 0.986863 0.214043 0.966345 -0.142698
-22.797761 -40.065656 6784.742664 -2560.510805 0.873140 -0.473773 0.114740 0.473314 0.767656 -0.432063 -0.116618 -0.431559 -0.894515
-29.164822 -36.480813 6154.481025 -1960.044804 0.912041 -0.408588 0.035162 0.375228 0.796821 -0.473582 -0.165482 -0.445120 -0.880048
-31.227037 -40.348258 6287.798329 -1910.345515 0.806959 -0.579790 0.112522 0.573361 0.723341 -0.384753 -0.141684 -0.374995 -0.916135
-35.713291 -38.514153 -354.592769 -1931.107894 -0.308395 0.919242 -0.244715 0.928539 0.235011 -0.287377 -0.206659 -0.315853 -0.926029
-30.242558 -42.037939 -3481.057365 -1615.530470 -0.599727 0.782938 -0.165333 0.792806 0.553329 -0.255511 -0.108566 -0.284314 -0.952564
-22.860361 -44.193762 5334.997347 -1425.623580 0.809184 -0.568276 0.149279 0.584182 0.750948 -0.307910 -0.062877 -0.336362 -0.939632
24.397230 -152.090834 3285.234615 1944.428982 0.876605 -0.416415 -0.241168 0.388651 0.908179 -0.155438 0.283750 0.042528 0.957955
23.298992 -237.752836 5695.656022 -69471.081673 0.872079 -0.417854 -0.254709 0.343172 0.893246 -0.290423 0.348872 0.165863 0.922376
19.902797 -238.225896 2907.706415 -54233.569796 0.863494 -0.430089 -0.263443 0.381618 0.898659 -0.216285 0.329767 0.086226 0.940116
21.876337 -161.523700 -3776.026324 -3693.718685 0.883864 -0.419209 -0.207480 0.424718 0.905116 -0.019470 0.195955 -0.070912 0.978046
18.143541 -182.506300 1703.252569 -19159.574778 0.869417 -0.402069 -0.287150 0.406944 0.912328 -0.045322 0.280197 -0.077451 0.956813
-7.342534 -399.490029 7842.796109 72488.650323 0.164175 0.888467 0.428570 -0.579481 -0.264728 0.770792 -0.798278 0.374893 -0.471388
-21.029933 -551.510259 8403.469998 189840.186859 0.180929 0.911271 0.369931 -0.425581 -0.266557 0.864771 -0.886648 0.313898 -0.339592
4.138880 -320.525069 6825.762871 89127.481120 0.111837 0.889522 0.442993 -0.233766 -0.409729 0.881746 -0.965839 0.202169 -0.162117
10.126693 -385.654436 7464.439520 55182.127330 0.129695 0.896108 0.424463 -0.612110 -0.264416 0.745255 -0.780064 0.356474 -0.514224
5.949412 -210.076518 3059.289792 65385.779728 0.083417 0.884930 0.458192 0.076759 -0.464134 0.882433 -0.993554 0.038440 0.106644
15.446975 -233.548501 2977.596260 67745.223799 0.053341 0.894450 0.443976 0.041438 -0.446209 0.893969 -0.997716 0.029287 0.060866
20.698075 -304.591803 4528.441906 56379.969869 0.075697 0.905953 0.416555 -0.337392 -0.369842 0.865669 -0.938316 0.206071 -0.277666
-38.820657 -99.504521 -19989.172919 20130.144994 0.879785 0.370939 0.297292 -0.473949 0.732810 0.488224 0.036757 0.570433 -0.820521
-4.353335 -67.213023 -384.360012 9217.026381 0.931766 0.232276 0.279033 -0.346197 0.799938 0.490150 0.109359 0.553306 -0.825768
-0.747724 -68.028915 -8884.730070 -4743.464462 0.988956 0.053594 0.138177 -0.126453 0.791385 0.598096 0.077296 0.608964 -0.789423
-8.497010 -44.209318 -970.000215 1604.660709 0.749093 -0.641429 -0.165616 -0.143601 0.086833 -0.985819 -0.646714 -0.762252 0.027064
-8.470324 -44.898318 -1336.998655 -1428.237325 0.747582 -0.655171 -0.108965 -0.163632 -0.022682 -0.986261 -0.643698 -0.755140 0.124163
-9.109351 -47.330984 398.722530 443.046873 0.746367 -0.639931 -0.182823 -0.131121 0.127928 -0.983078 -0.652490 -0.757709 -0.011573
-7.199242 -45.010010 100.905903 3413.216688 0.755562 -0.620205 -0.210885 -0.108899 0.198528 -0.974027 -0.645962 -0.758902 -0.082460
-16.029808 -34.594561 1294.927615 -1737.620045 0.678712 -0.701310 -0.217977 0.734001 0.657605 0.169700 0.024331 -0.275173 0.961087
-12.915175 -35.798582 1101.819032 -1332.771073 0.647809 -0.719949 -0.249033 0.761802 0.612502 0.210947 0.000662 -0.326367 0.945243
-14.894223 -36.158469 1891.555712 -1715.773644 0.579410 -0.768341 -0.271914 0.812965 0.568597 0.125642 0.058074 -0.293854 0.954084
-152.102166 -175.943820 3960.617407 29845.099039 0.960362 0.179028 -0.213669 -0.271810 0.771465 -0.575292 -0.061844 -0.610566 -0.789547
-129.522114 -154.761524 27836.475114 274.374811 0.684101 0.688944 -0.239505 0.704201 -0.538310 0.462952 0.190020 -0.485365 -0.853413
-159.482247 -182.441954 39218.219588 -16813.077512 0.818678 0.524554 -0.233689 -0.513972 0.487821 -0.705594 0.256123 -0.697764 -0.668975
-32.163757 -93.658064 -4665.822601 549.426523 -0.581635 0.812915 0.029506 -0.782284 -0.568927 0.253680 -0.223007 -0.124467 -0.966838
-29.647929 -95.412341 816.149772 -3520.282626 -0.632384 0.773482 0.042608 -0.766579 -0.632765 0.109382 -0.111566 -0.036509 -0.993086
-22.688674 -87.733729 -3804.080666 7943.833249 -0.607127 0.794504 -0.012644 -0.759303 -0.575390 0.303949 -0.234213 -0.194137 -0.952604
-45.467987 -57.580083 -993.044485 4097.500006 -0.626128 0.749318 -0.215608 -0.247901 -0.453478 -0.856097 0.739263 0.482577 -0.469692
-36.343261 -40.457394 -9614.905281 1616.425174 -0.069093 0.858477 0.508176 -0.656761 0.344291 -0.670916 0.750927 0.380106 -0.540026
-45.565960 -46.767476 -2765.905416 6322.220306 -0.575943 0.816911 -0.030767 -0.443759 -0.344026 -0.827480 0.686562 0.462928 -0.560651
38.664693 -74.768048 989.311618 -2667.251704 -0.192566 0.864635 0.464030 0.977796 0.208906 0.016515 -0.082659 0.456907 -0.885666
36.622409 -72.739402 669.771451 -4272.768323 -0.123640 0.901845 0.413991 0.979101 0.178757 -0.096994 -0.161477 0.393347 -0.905099
45.244224 -78.588078 2549.851580 -2954.281759 -0.126688 0.908739 0.397673 0.991459 0.128517 0.022173 -0.030959 0.397086 -0.917259
45.388928 -75.221884 5155.400364 1434.665532 -0.219975 0.843971 0.489207 0.971983 0.147049 0.183372 0.082823 0.515838 -0.852673
53.571125 -83.790157 3513.700143 -3343.701663 -0.048619 0.950733 0.306176 0.998478 0.054250 -0.009903 -0.026025 0.305228 -0.951924
56.576776 -79.900827 1877.339951 3695.468726 -0.138768 0.918546 0.370158 0.978749 0.070223 0.192665 0.150978 0.389027 -0.908770
59.913479 -136.612327 3519.814987 -9298.524646 -0.221906 0.906386 -0.359476 -0.109349 -0.389475 -0.914523 0.968917 0.163630 -0.185540
72.483228 -159.994495 18064.370414 2195.557161 -0.171257 0.906874 -0.385033 -0.221155 -0.416219 -0.881959 0.960084 0.065889 -0.271840
60.226300 -149.203670 15048.545851 -31485.487421 -0.213518 0.873815 -0.436872 0.086659 -0.428481 -0.899386 0.973088 0.229894 -0.015764
66.415040 -141.605202 2408.990087 18655.930532 -0.182422 0.933370 -0.309101 -0.388167 -0.357206 -0.849547 0.903354 0.034993 -0.427465
55.723495 -119.773512 -9971.044624 8932.434503 -0.215317 0.933110 -0.288001 -0.295506 -0.343349 -0.891509 0.930760 0.106851 -0.349668
-4.638275 -60.266701 594.878793 2337.586376 -0.390397 0.574588 0.719332 0.637664 -0.394814 0.661443 0.664060 0.716917 -0.212260
-3.999495 -62.759381 -365.094383 -10776.235684 -0.385142 0.586711 0.712345 0.739259 -0.265904 0.618701 0.552414 0.764895 -0.331321
-5.956689 -60.050009 -797.912753 -6420.719393 -0.393467 0.583063 0.710789 0.719255 -0.286304 0.633010 0.572586 0.760308 -0.306720
-3.280923 -58.290070 -1658.394090 994.590228 -0.364669 0.585694 0.723863 0.645878 -0.400864 0.649730 0.670714 0.704464 -0.232104
-5.789686 -60.692462 1234.244455 -8908.457052 -0.394091 0.552584 0.734400 -0.584843 0.465629 -0.664190 0.708979 0.691260 -0.139675
-3.051802 -60.510482 -948.959053 -10524.146034 -0.362492 0.571020 0.736570 -0.543752 0.512292 -0.664749 0.756924 0.641478 -0.124791
-11.695941 -67.057887 -714.398692 -5228.536026 -0.639099 0.449864 0.623839 0.579903 0.814659 0.006619 -0.505238 0.365997 -0.781524
-11.215665 -67.618415 1200.718471 -4943.278280 -0.620977 0.439701 0.648884 0.592961 0.804930 0.022018 -0.512625 0.398436 -0.760568
-13.296720 -72.898630 606.466505 -12366.685794 -0.609648 0.466011 0.641219 0.635596 0.770758 0.044147 -0.473652 0.434471 -0.766087
-10.802271 -69.137985 -1497.782799 -10772.672644 -0.632062 0.481358 0.607283 0.636341 0.769635 0.052261 -0.442231 0.419472 -0.792765
-8.227735 -80.236065 -42.180485 -17798.430892 0.740007 -0.560638 -0.371583 0.606773 0.318095 0.728452 0.290199 0.764526 -0.575573
-10.009438 -72.413425 -362.279956 -14604.955794 0.739078 -0.551253 -0.387148 0.624243 0.344505 0.701168 0.253147 0.759892 -0.598732
-9.872018 -88.609495 -7.422002 -10342.684779 0.738071 -0.546435 -0.395802 0.573006 0.197898 0.795299 0.356251 0.813784 -0.459174
-10.616908 -73.009253 1019.919767 -12267.801856 0.742024 -0.544490 -0.391064 0.616464 0.325025 0.717169 0.263386 0.773233 -0.576835
7.475530 -135.145829 -2484.801912 -17839.501663 -0.720897 0.631560 0.285375 0.498059 0.758449 -0.420348 -0.481917 -0.160894 -0.861318
7.492024 -155.012944 1394.962546 -16594.272339 -0.686913 0.651261 0.322505 0.554074 0.756478 -0.347480 -0.470269 -0.059997 -0.880481
7.209680 -123.810607 236.079824 -10824.122524 -0.725625 0.597360 0.341511 0.368187 0.756361 -0.540699 -0.581298 -0.266605 -0.768775
7.338816 -113.595833 -3052.466985 -14908.142426 -0.734475 0.614063 0.288916 0.435488 0.752987 -0.493316 -0.520477 -0.236509 -0.820468
7.564686 -135.082638 -2418.853325 -18009.401995 -0.709254 0.651430 0.269440 0.561635 0.753158 -0.342518 -0.426058 -0.091605 -0.900046
7.237377 -107.381616 -2836.528646 -8306.152154 -0.751470 0.581000 0.312622 0.355649 0.755819 -0.549775 -0.555704 -0.301955 -0.774607
13.757018 -69.879942 638.183864 -8930.651391 0.483409 -0.377069 -0.790022 0.304844 0.918498 -0.251858 0.820601 -0.119083 0.558957
11.639660 -59.575809 -939.791172 -7284.527159 0.465208 -0.399139 -0.790107 0.400036 0.891025 -0.214583 0.789653 -0.216245 0.574182
12.767902 -57.535934 173.220231 -8335.901590 0.468128 -0.401985 -0.786933 0.401541 0.890055 -0.215794 0.787160 -0.214967 0.578073
-3.582065 -154.684778 1652.882576 793.824326 0.398301 0.558512 -0.727613 0.430594 0.586563 0.685954 0.809905 -0.586522 -0.006863
-6.024565 -155.383688 932.207856 5138.221730 0.418770 0.558873 -0.715746 0.256014 0.683556 0.683526 0.871257 -0.469482 0.143173
-6.127039 -155.988059 840.464291 -4775.443481 0.419014 0.544378 -0.726691 0.478098 0.548122 0.686283 0.771913 -0.634992 -0.030595
-7.486951 -160.899258 619.512383 4047.434471 0.435312 0.547507 -0.714661 0.296870 0.662123 0.688085 0.849925 -0.511693 0.125692
-3.269328 -150.440888 1830.578938 -8804.490269 0.396741 0.550043 -0.734881 0.608224 0.442090 0.659257 0.687503 -0.708527 -0.159154
-5.673248 -150.895265 1471.194459 -11111.680858 0.411472 0.535768 -0.737322 0.653295 0.390720 0.648493 0.635529 -0.748525 -0.189245
-9.395007 -161.979433 1809.674837 4485.119869 0.423060 0.535983 -0.730577 -0.508021 -0.527331 -0.681055 0.750290 -0.659276 -0.049198
7.130570 -134.685233 2762.579716 -778.255061 -0.562603 -0.465519 0.683205 0.175428 0.740356 0.648921 -0.807900 0.484938 -0.334861
9.486799 -135.634460 2002.439779 37.578365 -0.576048 -0.449627 0.682645 0.324215 0.640948 0.695751 -0.750369 0.622110 -0.223441
6.778458 -134.283643 2451.654984 302.573426 -0.561491 -0.465199 0.684338 0.327518 0.634536 0.700068 -0.759908 0.617215 -0.203926
4.702897 -134.410202 949.009900 1461.807971 -0.566536 -0.465612 0.679884 0.242551 0.694290 0.677592 -0.787531 0.548787 -0.280406
11.618670 -90.124888 58.752618 1044.558761 0.785363 -0.587753 -0.194297 0.230268 0.568723 -0.789640 -0.574614 -0.575413 -0.581995
9.965769 -94.289890 680.132579 -2453.712783 -0.765177 0.606072 0.217214 -0.173211 -0.518734 0.837206 -0.620083 -0.602987 -0.501901
12.522821 -93.255278 -1384.151817 -176.686148 0.778197 -0.592127 -0.209273 0.147396 0.496123 -0.855650 -0.610479 -0.635018 -0.473359
90.690582 -23.195711 21759.073448 -459.685939 0.977727 -0.194315 -0.079324 0.204367 0.967494 0.148960 -0.047801 0.161853 -0.985656
67.341812 -18.328036 19922.591665 -4110.674609 0.990634 -0.123429 0.058384 0.118794 0.989918 0.077139 0.067316 0.069481 -0.995309
46.855711 -24.291798 -18065.959073 -3465.987677 -0.991625 0.054827 -0.116935 0.041053 0.992271 0.117104 0.122452 0.111323 -0.986211
82.899262 -29.291329 26425.693497 -2387.247885 0.969849 -0.235386 -0.063142 0.243147 0.952147 0.185190 -0.016530 0.194959 -0.980672
114.628064 -30.248273 17477.195897 1324.862728 0.931171 -0.243567 -0.271285 0.299592 0.935229 0.188658 -0.207763 0.256947 -0.943829
-11.903828 -107.313797 3269.862170 -2405.428360 0.571363 -0.675998 -0.465372 0.293123 0.697733 -0.653642 0.766566 0.237056 0.596809
-11.081922 -109.458861 -3810.418012 -173.013586 -0.560814 0.692954 0.453104 0.148360 0.622515 -0.768417 0.814541 0.363716 0.451922
-11.777990 -106.235582 -2590.058490 -1442.743087 -0.582807 0.683008 0.440268 0.177312 0.635626 -0.751359 0.793030 0.359833 0.491552
-12.160178 -101.959643 954.599757 -1424.589029 0.607501 -0.665621 -0.433463 0.283047 0.691285 -0.664838 0.742177 0.281199 0.608359
391.894785 -38.829428 -157619.956032 756.633010 0.841428 0.035883 -0.539177 -0.520097 -0.216958 -0.826092 0.146621 -0.975521 0.163892
504.390837 -50.351181 -204441.921318 3112.935320 0.854551 0.133388 -0.501947 -0.462215 -0.245428 -0.852128 0.236856 -0.960194 0.148076
2020.527831 -80.667706 -1032544.214199 10059.943377 0.760012 0.499827 -0.415396 -0.425163 -0.101041 -0.899460 0.491546 -0.860211 -0.135716
1178.492793 -114.787798 -472727.083156 23667.562998 0.748442 0.232183 -0.621229 -0.589864 -0.195111 -0.783577 0.303141 -0.952902 0.009073
-5.881972 -125.684532 -1713.493764 -12120.520668 0.519952 0.758856 -0.392159 0.821445 -0.570114 -0.014083 -0.234262 -0.314814 -0.919790
-4.465326 -139.581490 -568.931771 -13676.177766 0.541655 0.749197 -0.381200 0.834693 -0.533036 0.138422 -0.099488 -0.393162 -0.914071
-0.380385 -150.517962 -1904.973034 -14986.468818 0.528070 0.758499 -0.381865 0.848232 -0.492603 0.194537 -0.040551 -0.426639 -0.903512
2.406642 -168.644229 -1857.443011 -14984.941121 0.543644 0.750934 -0.374899 0.833552 -0.430796 0.345842 0.098199 -0.500513 -0.860142
3.221292 -153.317897 -3972.859287 -18979.927197 0.516011 0.758138 -0.398697 0.849585 -0.512350 0.125315 -0.109266 -0.403391 -0.908481
-0.497108 -128.774040 -2990.723671 -14359.965542 0.490313 0.778367 -0.392096 0.841499 -0.539907 -0.019506 -0.226878 -0.320384 -0.919718
23.719914 -110.869454 -11205.862990 -19085.012361 0.632391 0.695657 -0.340797 0.732696 -0.679965 -0.028379 0.251472 0.231754 0.939708
34.934037 -95.749664 12404.223282 -7717.794207 -0.609781 -0.702299 0.367346 0.770695 -0.633557 0.068080 0.184922 0.324626 0.927589
44.861087 -103.774720 15783.974714 -26366.747365 -0.612655 -0.704912 0.357426 0.749960 -0.661222 -0.018568 0.249427 0.256680 0.933757
50.187838 -92.754444 5490.363165 -8114.655551 -0.554791 -0.671211 0.491613 0.768937 -0.639304 -0.005103 0.317715 0.375188 0.870799
37.190063 -120.185547 -14055.617455 19266.562867 0.618616 0.694419 -0.367555 -0.684798 0.705881 0.181062 0.385183 0.139693 0.912206
-24.494815 -43.329133 298.512523 680.808412 0.954800 -0.293073 -0.049644 -0.028389 -0.256159 0.966218 0.295889 0.921136 0.252901
-25.166077 -42.804823 89.451515 1318.468617 0.949296 -0.313463 0.024023 -0.128215 -0.316253 0.939971 0.287049 0.895391 0.340408
-23.613781 -42.242384 -1503.308005 2501.813068 0.945342 -0.324243 -0.034574 -0.071114 -0.308479 0.948569 0.318232 0.894264 0.314676
-10.843871 -75.941881 2816.173415 4268.745906 -0.588287 -0.492193 0.641611 0.807735 -0.395445 0.437250 0.038511 0.775480 0.630197
-15.378939 -84.249378 -466.209464 5582.573761 -0.615908 -0.441570 0.652436 0.784328 -0.421548 0.455111 0.074070 0.792031 0.605971
-13.153411 -86.110091 1414.426399 5516.179967 -0.644654 -0.452898 0.615878 0.762955 -0.330370 0.555658 -0.048189 0.828094 0.558514
-15.162308 -97.770385 913.600681 6524.549946 -0.686792 -0.432264 0.584350 0.711600 -0.236024 0.661754 -0.148132 0.870310 0.469698
-12.207288 -91.382344 2514.737319 7265.497067 -0.663714 -0.469445 0.582327 0.734598 -0.262459 0.625684 -0.140887 0.843052 0.519051
17.349398 -367.508598 -10705.703005 19531.147732 -0.641579 -0.600525 0.477228 0.738785 -0.651129 0.173859 0.206331 0.464113 0.861410
15.665793 -334.579592 -521.762236 6916.171757 -0.590430 -0.649284 0.479399 0.756951 -0.651571 0.049795 0.280031 0.392282 0.876183
32.427454 -383.141362 15091.914814 6623.808014 0.588663 0.644304 -0.488209 -0.663692 0.729997 0.163145 0.461506 0.227983 0.857342
57.861718 -429.700246 20328.274089 -19952.277333 0.623476 0.633059 -0.458818 -0.513982 0.774085 0.369614 0.589151 0.005379 0.808005
45.139049 -472.125395 19804.079356 -34338.502765 0.682126 0.590658 -0.431076 -0.646025 0.762965 0.023154 0.342572 0.262692 0.902018
12.831664 -41.027208 4453.474163 4313.145055 0.872552 -0.485530 -0.053976 0.485967 0.851395 0.197391 0.049885 0.198465 -0.978838
12.305857 -46.256560 4628.395326 1913.101432 0.854775 -0.515754 -0.057942 0.518964 0.850655 0.084042 -0.005943 0.101907 -0.994776
5.211931 -47.265488 5018.056691 2469.017244 0.848714 -0.526474 -0.050109 0.528407 0.840293 0.121216 0.021710 0.129355 -0.991361
18.335405 -45.441252 3712.900093 4694.182361 -0.001137 0.703668 -0.710528 0.686188 -0.516306 -0.512420 0.727423 0.488138 0.482262
19.045926 -38.097650 -266.072716 2607.478118 -0.094194 0.758300 -0.645065 0.656883 -0.439544 -0.612622 0.748086 0.481437 0.456712
24.101958 -40.859008 5316.869571 1579.116427 -0.068700 0.741267 -0.667685 0.632019 -0.485493 -0.604027 0.771902 0.463486 0.435141
25.010627 -48.871396 6624.626858 4784.891876 0.050690 0.687783 -0.724144 0.654695 -0.570435 -0.495963 0.754192 0.448953 0.479203
5.347004 -48.433148 -2331.267028 4889.585247 0.442629 0.836310 -0.323519 0.835106 -0.515872 -0.190982 0.326614 0.185639 0.926748
0.940339 -47.488668 -1102.959906 6068.453737 0.296142 0.909025 -0.293211 0.888534 -0.374818 -0.264610 0.350438 0.182165 0.918700
9.945839 -47.805412 2827.001921 -6527.063687 -0.319499 -0.901631 0.291518 0.928482 -0.359339 -0.093792 0.189320 0.240702 0.951956
15.189750 -44.888126 3024.758716 -9421.795384 -0.459408 -0.823473 0.332922 0.872034 -0.489393 -0.007155 0.168822 0.287032 0.942927
-18.382457 -34.763277 1254.399592 -2109.908032 0.824008 -0.552960 0.123477 -0.369709 -0.359623 0.856730 0.429332 0.751603 0.500767
-19.769919 -37.866572 1421.923772 -2514.336696 0.780401 -0.590848 0.204631 -0.477816 -0.352422 0.804668 0.403320 0.725739 0.557347
-15.824190 -33.842177 744.675418 -2209.403096 0.819032 -0.567978 0.081157 -0.361668 -0.401288 0.841525 0.445401 0.718588 0.534088
-17.799096 -37.848179 829.899015 -1523.727689 0.771276 -0.611655 0.176101 -0.488881 -0.392105 0.779262 0.407589 0.687118 0.601448
-14.250008 -31.666276 1101.065725 -1125.821637 0.855331 -0.517793 -0.017302 -0.235457 -0.418260 0.877279 0.461485 0.746290 0.479669
-12.811854 -30.824010 967.264082 -2039.550560 0.850795 -0.522402 -0.056958 -0.216266 -0.446862 0.868069 0.478933 0.726231 0.493165
-13.522649 -31.408558 657.770838 -1453.983459 0.845233 -0.531221 -0.058190 -0.244889 -0.481809 0.841362 0.474986 0.696896 0.537331
-15.790038 -34.958297 404.330508 -1258.422414 0.808996 -0.585187 0.055514 -0.383991 -0.454610 0.803667 0.445059 0.671480 0.592484
4.648290 -52.822473 1351.451569 -3999.589151 -0.540664 0.549898 0.636627 0.705848 -0.115177 0.698937 0.457669 0.827252 -0.325872
4.050561 -55.852423 1577.434726 -4145.400847 -0.547358 0.542858 0.636949 0.649472 -0.204464 0.732380 0.527812 0.814555 -0.240656
4.308919 -52.534207 1514.190734 -5440.084966 -0.553362 0.546046 0.628987 0.700599 -0.103296 0.706039 0.450501 0.831363 -0.325399
-12.482708 -47.762771 -2317.514784 -1504.269475 0.994473 -0.078879 -0.069288 0.102726 0.594759 0.797314 0.021682 0.800025 -0.599575
-17.977503 -49.898122 1201.395363 -1628.986031 0.978009 -0.175626 -0.112490 0.192212 0.549645 0.812985 0.080951 0.816729 -0.571316
-15.661971 -47.723608 1067.794418 -1113.623729 0.983928 -0.156200 -0.086530 0.166060 0.622251 0.765002 0.065650 0.767075 -0.638189
-788.795081 -3261.393957 922608.231278 1283468.188192 0.595622 0.151343 0.788879 -0.561794 0.780428 0.274446 0.574127 0.606653 -0.549864
-272.964597 -8497.160528 360705.722122 -6344228.270945 0.868364 0.276705 -0.411555 -0.418147 0.854706 -0.307621 -0.266638 -0.439218 -0.857899
-1462.589825 -8604.060138 -1028525.392789 -2175165.017345 -0.548747 -0.544631 -0.634234 -0.140013 0.807823 -0.572555 0.824180 -0.225387 -0.519546
-952.464821 -6237.733285 -740874.936189 -3522432.429011 -0.518316 -0.598853 -0.610511 -0.673132 0.726019 -0.140675 0.527486 0.338040 -0.779414
-390.923675 -1294.788712 136848.106184 361519.558902 0.699819 -0.045993 0.712838 0.502014 0.741592 -0.444997 0.508169 -0.669272 -0.542069
-37.893486 -125.072148 -5798.049423 -43125.355347 0.685800 0.309802 0.658560 0.504544 0.449757 -0.736990 0.524513 -0.837700 -0.152135
-27.590125 -70.987012 2457.616294 -27084.240696 -0.594302 -0.312363 -0.741103 0.615125 0.417087 -0.669074 0.518098 -0.853503 -0.055733
-18.602344 -47.762221 -2998.201682 -7799.947316 0.792031 0.423482 0.439715 0.340008 0.292222 -0.893869 0.507032 -0.857478 -0.087461
-21.809440 -81.326010 367.899172 -24694.847209 0.686619 0.318629 0.653475 0.511215 0.427501 -0.745589 0.516927 -0.846002 -0.130643
22.125072 -45.058154 4855.235780 -7025.254636 0.676812 -0.721324 -0.147029 -0.457551 -0.255729 -0.851616 -0.576692 -0.643657 0.503123
16.127226 -66.198750 -1251.666907 21597.235513 0.547261 -0.750745 -0.369982 0.608261 0.053104 0.791958 -0.574911 -0.658454 0.485711
14.110150 -64.776175 3185.789766 -17362.047967 0.560578 -0.740320 -0.371050 -0.554543 -0.002830 -0.832150 -0.615008 -0.672249 0.412125
8.755477 -104.843401 -2024.759184 20734.759303 -0.484316 0.721042 0.495517 0.523446 -0.215013 0.824484 -0.701030 -0.658687 0.273292
0.394626 -14.166116 1811.668299 1891.961682 0.832969 -0.551013 -0.050469 0.524691 0.757618 0.388219 0.175677 0.349855 -0.920184
4.118419 -13.167554 1884.144169 2740.357114 0.855514 -0.516165 -0.040859 0.491312 0.784343 0.378707 0.163428 0.344064 -0.924614
