15116
30215
-68.082662 -100.210751 -12292.851410 20869.373682 0.650604 0.657747 -0.379582 -0.219394 0.641315 0.735242 -0.727035 0.395073 -0.561548
-82.902744 -126.583918 5829.139698 24499.966906 -0.686989 -0.607380 0.398918 -0.264003 0.720074 0.641714 -0.677015 0.335534 -0.655033
-75.612699 -133.674154 10914.187424 36617.673900 -0.679151 -0.353228 0.643416 0.020930 0.866914 0.498018 -0.733700 0.351696 -0.581372
-78.001756 -119.617734 -1762.653751 17252.010337 0.654206 0.746078 -0.124020 -0.467966 0.528128 0.708582 -0.594156 0.405522 -0.694644
-48.662352 -98.231788 18844.859412 25604.783663 -0.622063 -0.498640 0.603651 0.026423 0.757171 0.652682 -0.782521 0.421960 -0.457833
-61.873759 -75.762303 -516.713614 21242.230884 0.460888 0.871813 0.165904 -0.488092 0.092885 0.867836 -0.741180 0.480952 -0.468334
-64.557244 -92.518397 -9030.839667 14330.518204 0.485200 0.871839 0.066910 -0.533892 0.234784 0.812303 -0.692488 0.429852 -0.579385
69.924466 -144.938225 24391.424386 -6568.876594 -0.525901 -0.819014 0.229444 0.764497 -0.336936 0.549562 -0.372791 0.464424 0.803329
63.638178 -159.068057 30659.612214 -11459.192827 -0.556911 -0.809290 0.186816 0.781416 -0.434295 0.448082 -0.281495 0.395522 0.874255
31.833419 -139.070950 -38380.162965 -4235.818300 0.499934 0.854483 -0.141160 0.754384 -0.349583 0.555605 -0.425408 0.384254 0.819376
33.435318 -25.997260 7680.259723 -11394.696996 -0.610807 -0.577884 0.541262 -0.280494 0.797198 0.534602 -0.740431 0.174718 -0.649027
34.535478 -20.684048 5302.641338 -371.201912 -0.616129 -0.572635 0.540809 -0.279169 0.800805 0.529883 -0.736512 0.175499 -0.653261
34.880182 -24.362090 -2711.406728 -8400.227243 -0.650025 -0.567890 0.504944 -0.279364 0.796527 0.536191 -0.706699 0.207474 -0.676410
-12.057648 -261.261375 1742.202691 51518.105303 0.804818 -0.591092 -0.053650 -0.265726 -0.278023 -0.923089 -0.530715 -0.757175 0.380826
-8.570946 -196.256512 4716.845674 48856.068122 0.816293 -0.574996 -0.055187 -0.109497 -0.060222 -0.992161 -0.567165 -0.815937 0.112119
-3.024715 -220.433629 9988.923084 58743.417671 0.817739 -0.571424 -0.069119 -0.157527 -0.106680 -0.981736 -0.553613 -0.813692 0.177251
-4.356491 -274.647632 13227.403534 65482.416492 0.822085 -0.564087 -0.077343 -0.274560 -0.273750 -0.921780 -0.498792 -0.779016 0.379922
-7.035427 -286.287537 8733.089884 35010.945820 0.811419 -0.579551 -0.075628 -0.372439 -0.412993 -0.831099 -0.450430 -0.702537 0.550958
-13.561902 -287.692422 365.085981 17815.865826 0.799190 -0.598552 -0.055057 -0.407698 -0.472488 -0.781369 -0.441677 -0.646909 0.621636
18.833820 -94.646044 4964.683217 -4870.900233 0.440770 0.801587 -0.403956 0.720704 -0.584300 -0.373066 0.535077 0.126696 0.835249
23.325824 -104.474299 9028.975493 -6381.536697 0.449762 0.788071 -0.420307 0.592637 -0.615392 -0.519686 0.668204 0.015354 0.743820
45.120602 -93.753596 15299.670902 -4297.707374 0.447683 0.810896 -0.376865 0.698481 -0.580269 -0.418823 0.558305 0.075733 0.826172
33.708809 -87.134845 7389.700872 -2418.624562 0.436974 0.831799 -0.342293 0.807144 -0.530559 -0.258892 0.396953 0.163151 0.903222
-10.734416 -166.248717 -1322.392183 -33369.504602 0.479869 0.729771 -0.486990 0.518149 -0.683668 -0.513926 0.707988 0.005716 0.706201
-0.839486 -127.898188 -5235.422219 51376.568709 0.516994 0.698455 -0.494852 -0.616750 0.704829 0.350480 0.593580 0.124004 0.795164
5.750899 -153.718209 -13692.878708 52315.693881 0.567864 0.656545 -0.496467 -0.498191 0.754273 0.427641 0.655238 0.004493 0.755409
-4.776791 -184.542775 -10388.343277 24469.618595 0.548398 0.679312 -0.487642 -0.369467 0.719980 0.587471 0.750169 -0.142000 0.645819
-18.185555 -187.978095 1060.928929 -5080.751383 0.467653 0.732009 -0.495443 0.350178 -0.668079 -0.656541 0.811589 -0.133540 0.568763
-15.287288 -205.894359 -2746.703387 -6714.856475 0.514695 0.723782 -0.459596 -0.453322 -0.225260 -0.862413 0.727728 -0.652225 -0.212167
-10.961411 -203.754732 -3532.758168 -20255.546192 0.556431 0.708844 -0.433503 -0.259818 -0.347131 -0.901107 0.789227 -0.614036 0.008984
-9.744453 -215.222011 -3038.403384 -9897.723555 0.546620 0.702811 -0.455261 -0.439159 -0.222305 -0.870471 0.712983 -0.675749 -0.187129
44.677524 -204.594085 -7818.524143 -13670.753374 -0.388777 -0.644061 0.658815 -0.626909 0.708933 0.323108 -0.675157 -0.287400 -0.679385
44.777413 -186.567190 10091.455923 16394.994652 0.374539 0.672910 -0.637897 0.806773 -0.575586 -0.133486 -0.456988 -0.464642 -0.758465
32.546806 -199.722712 14104.356229 -22180.356168 0.440782 0.689555 -0.574652 -0.684193 0.672504 0.282169 -0.581026 -0.268798 -0.768216
46.473573 -195.517428 2136.374837 -12761.254990 -0.325617 -0.605686 0.726029 -0.698983 0.671298 0.246539 -0.636707 -0.427205 -0.641950
35.197935 -206.272420 7745.308697 -2463.994029 -0.325046 -0.586916 0.741535 -0.498348 0.772713 0.393146 -0.803738 -0.241752 -0.543656
53.772513 -103.768112 19959.934543 1638.769502 0.372127 0.783930 -0.496966 0.654420 0.158099 0.739418 -0.658222 0.600382 0.454187
48.333429 -94.872999 13742.180548 -99.840402 0.462056 0.777788 -0.426086 0.563560 0.113459 0.818246 -0.684766 0.618201 0.385906
35.321078 -90.872032 11469.838292 -1503.218116 0.445071 0.771143 -0.455247 0.631110 0.090553 0.770390 -0.635305 0.630189 0.446374
38.923261 -95.416229 -14305.279745 -1828.303998 -0.374664 -0.768474 0.518725 0.706326 0.125852 0.696610 -0.600609 0.627383 0.495640
-7.921673 -220.346679 -10426.274884 -1005.980040 0.853970 -0.442648 -0.273492 0.455066 0.380515 0.805061 0.252291 0.811955 -0.526382
-11.618537 -213.220336 -9865.642582 12541.801278 0.855876 -0.441990 -0.268555 0.380745 0.187056 0.905562 0.350015 0.877300 -0.328382
-17.878937 -211.172465 -2280.001824 9914.089158 0.834691 -0.479953 -0.270067 0.408891 0.211596 0.887713 0.368916 0.851394 -0.372866
-14.198747 -217.525453 -6174.770754 465.440958 0.835330 -0.467886 -0.288628 0.491255 0.399635 0.773926 0.246763 0.788273 -0.563678
55.026073 -100.202284 30265.167025 30310.888419 0.802163 -0.587488 -0.106740 -0.020108 0.152083 -0.988163 -0.596767 -0.794814 -0.110182
103.755150 -123.944493 56722.046468 61199.315236 0.775133 -0.627177 -0.076281 -0.026544 0.088301 -0.995740 -0.631241 -0.773855 -0.051797
44.460187 -139.094683 25353.505934 60036.751013 0.804224 -0.588041 -0.086207 -0.048743 0.079301 -0.995658 -0.592324 -0.804934 -0.035113
-15.397203 -371.185409 8405.061737 49952.839648 -0.629785 0.776734 0.007449 0.750877 0.606309 0.261865 -0.198884 -0.170512 0.965076
-12.920486 -425.505676 11098.221835 22570.337400 -0.606644 0.794819 0.015678 0.700263 0.524930 0.483819 -0.376319 -0.304484 0.875028
-20.573745 -363.129573 7333.293335 47678.965512 0.629622 -0.773279 -0.074941 0.750965 0.581048 0.313744 -0.199067 -0.253819 0.946545
-23.884413 -324.848494 9499.870696 56539.340287 0.652174 -0.754539 -0.073070 0.757719 0.645907 0.093094 -0.023047 -0.116080 0.992972
-23.877887 -352.841897 7897.148895 59249.977402 0.633429 -0.768635 -0.089264 0.765102 0.604877 0.220776 -0.115702 -0.208142 0.971231
-34.530465 -328.813663 4691.649329 -6361.593930 0.756189 -0.620624 -0.207372 -0.146820 0.147908 -0.978043 -0.637669 -0.770032 -0.020727
-25.379775 -309.755787 5212.562635 -1943.999017 0.777069 -0.605260 -0.172698 -0.119426 0.127611 -0.984608 -0.617982 -0.785733 -0.026879
-18.690519 -306.692179 5060.404086 -20449.937476 0.783466 -0.604322 -0.144827 -0.244486 -0.085487 -0.965877 -0.571320 -0.792140 0.214725
-27.059030 -324.907870 6277.900078 -25721.623418 0.760691 -0.624067 -0.178578 -0.276127 -0.062127 -0.959111 -0.587455 -0.778897 0.219581
-36.425498 -350.715561 6897.614417 -12698.486316 0.733589 -0.638784 -0.231953 -0.193457 0.130903 -0.972337 -0.651476 -0.758169 0.027548
28.519430 -90.239675 -17550.398052 -5045.586227 0.739929 -0.639332 0.209190 -0.507136 -0.325863 0.797889 0.441948 0.696468 0.565344
15.244134 -83.784020 -20156.439194 -1582.401444 0.748249 -0.620376 0.235069 -0.524316 -0.335899 0.782474 0.406468 0.708735 0.576609
11.806146 -86.631471 -18613.546551 1071.790653 0.767162 -0.606898 0.207693 -0.466662 -0.305903 0.829849 0.440100 0.733551 0.517894
31.997813 -88.996221 -18338.381568 -1806.399840 0.759456 -0.626394 0.175664 -0.441384 -0.297763 0.846473 0.477919 0.720394 0.502618
19.093089 -87.502909 -18047.276961 7519.805810 0.777550 -0.603008 0.178318 -0.400175 -0.255771 0.880023 0.485052 0.755621 0.440184
315.601572 -3246.547314 -15065.481184 2212484.053045 -0.616711 0.787149 -0.008009 0.469338 0.375844 0.799039 -0.631973 -0.489017 0.601226
1078.792196 -7605.417951 512391.444019 5754723.401120 -0.487991 0.772931 0.405516 0.490565 -0.141402 0.859855 -0.721949 -0.618533 0.310170
52.692799 -268.073744 68148.010174 173250.384296 0.471096 -0.790031 -0.392326 0.690508 0.053536 0.721341 -0.548878 -0.610725 0.570743
101.766344 -350.408933 117023.255338 335144.624739 0.404290 -0.792441 -0.456713 0.789838 0.050694 0.611217 -0.461201 -0.607838 0.646395
17.032288 -170.424240 72211.731572 113274.398390 0.551379 -0.766649 -0.328983 0.650716 0.148449 0.744668 -0.522062 -0.624670 0.580723
-13.119954 -69.673105 -15023.721329 -3619.510358 -0.180245 -0.746073 0.641004 0.980275 -0.189966 0.054541 0.081077 0.638191 0.765597
-20.738682 -76.964050 -5260.311908 -2522.689995 -0.324593 -0.732779 0.598059 0.940006 -0.320117 0.117955 0.105014 0.600466 0.792725
-19.380914 -76.214354 -7467.554608 -3615.770192 -0.235356 -0.747415 0.621271 0.958143 -0.285637 0.019341 0.163002 0.599819 0.783357
-22.920772 -82.728071 -3313.529942 -8509.575123 -0.238935 -0.758574 0.606198 0.941448 -0.333901 -0.046756 0.237878 0.559532 0.793938
-13.351183 -72.346494 -7179.283870 -5189.224306 -0.082706 -0.764378 0.639442 0.982369 -0.170480 -0.076728 0.167661 0.621822 0.765001
30.797971 -236.868080 -3764.793934 57151.658730 0.382767 0.856855 -0.345384 0.770431 -0.089745 0.631175 -0.509829 0.507687 0.694499
23.522761 -281.502374 -2086.848263 -969.940327 0.364317 0.854314 -0.370703 0.627521 0.068920 0.775543 -0.688106 0.515168 0.510991
31.410508 -257.698603 -3461.270779 79130.455400 -0.377395 -0.817056 0.435882 0.816159 -0.071062 0.573441 -0.437559 0.572163 0.693666
42.742239 -212.153245 17.497738 148484.579928 -0.379825 -0.829355 0.409760 0.888454 -0.203684 0.411293 -0.257647 0.520272 0.814208
36.491408 -194.057492 6651.202424 83255.219040 -0.397119 -0.863380 0.311242 0.839502 -0.204690 0.503328 -0.370855 0.461169 0.806096
36.877198 -173.645504 -16319.080606 11666.170791 0.254519 0.570598 -0.780793 0.902730 -0.429753 -0.019793 -0.346842 -0.699807 -0.624476
23.886588 -204.345551 -21697.519897 13013.789498 0.238973 0.526176 -0.816107 0.845224 -0.526447 -0.091921 -0.478004 -0.667827 -0.570543
30.768810 -168.870347 -16494.026841 23129.914571 0.235119 0.568041 -0.788701 0.942476 -0.331609 0.042129 -0.237609 -0.753237 -0.613332
38.872509 -154.427938 367.720440 7945.767344 0.252199 0.640078 -0.725738 0.954679 -0.287080 0.078563 -0.158059 -0.712661 -0.683471
27.661891 -146.260525 -7432.274127 28431.297450 0.217652 0.596569 -0.772485 0.975807 -0.149780 0.159268 -0.020688 -0.788461 -0.614736
116.037781 -190.608243 46264.303820 35050.665689 -0.192376 0.637905 -0.745700 -0.188953 0.721595 0.666031 0.962958 0.269030 -0.018283
145.223289 -202.373258 21418.818551 10227.571633 -0.109924 0.631275 -0.767729 -0.029297 0.770017 0.637351 0.993508 0.092552 -0.066148
138.448563 -183.441496 15003.829987 27195.963554 0.007388 0.620285 -0.784341 -0.240705 0.762403 0.600668 0.970570 0.184357 0.154938
103.475866 -203.467206 49589.892143 6274.777985 -0.294763 0.664358 -0.686836 0.005028 0.719839 0.694123 0.955557 0.201148 -0.215522
115.067336 -164.431498 44554.240299 29530.712557 -0.126021 0.621482 -0.773226 -0.315424 0.713888 0.625197 0.940546 0.322682 0.106066
84.402366 -167.251960 52031.430803 34298.725373 -0.229151 0.635307 -0.737479 -0.298516 0.675264 0.674467 0.926487 0.374704 0.034912
70.428500 -188.475910 39583.940041 -28881.428197 -0.318518 0.670917 -0.669639 0.150834 -0.661559 -0.734567 0.935840 0.334977 -0.109522
276.086963 -213.873149 114373.036112 85382.594837 0.921488 -0.270790 -0.278446 -0.279574 0.035223 -0.959478 -0.269625 -0.961994 0.043248
260.782956 -130.150737 104113.934917 71218.471447 0.941803 -0.283076 -0.181314 -0.137260 0.168532 -0.976093 -0.306865 -0.944174 -0.119869
280.309894 -204.359302 55783.928362 113621.505981 0.823190 -0.528716 -0.206922 -0.176257 0.108469 -0.978350 -0.539714 -0.841839 0.003899
259.111041 -318.489468 -13310.979072 145971.939769 0.755555 -0.600742 -0.261240 -0.336612 -0.013919 -0.941540 -0.561986 -0.799322 0.212733
255.641614 -229.238553 110714.288510 -142929.975737 -0.611131 0.768561 0.189295 0.169462 -0.106563 0.979759 -0.773176 -0.630839 0.065118
260.062864 -138.891039 63079.310108 -74279.491255 -0.659404 0.734405 0.160734 0.079545 -0.144446 0.986310 -0.747569 -0.663162 -0.036830
-4.980734 -84.023428 -2615.548026 -2386.218123 0.431598 0.799290 -0.418161 -0.327543 -0.293061 -0.898238 0.840499 -0.524643 -0.135318
-8.513898 -80.125441 -4415.341266 -3280.890741 0.429191 0.789385 -0.438938 -0.217663 -0.381256 -0.898480 0.876594 -0.481160 -0.008188
-1.268007 -80.181360 -2361.483179 -5676.610424 0.444162 0.787696 -0.426914 -0.262301 -0.341294 -0.902617 0.856691 -0.512888 -0.055024
-14.694197 -84.785010 -5920.742750 -2340.359902 0.419811 0.794849 -0.438149 -0.330341 -0.315824 -0.889455 0.845360 -0.518142 -0.129985
0.381244 -85.080586 428.722751 -4308.714956 0.438116 0.802120 -0.405780 -0.381308 -0.242955 -0.891951 0.814038 -0.545506 -0.199413
-10.190806 -86.413470 -6720.958433 -372.016402 0.429047 0.793077 -0.432374 -0.442008 -0.233113 -0.866191 0.787748 -0.562750 -0.250530
-2.541049 -87.573030 -1099.352029 753.833825 0.433248 0.808638 -0.397996 -0.442553 -0.193817 -0.875546 0.785139 -0.555463 -0.273894
82.796416 -43.318995 -15144.974621 56.538484 0.003734 0.826477 -0.562959 0.984603 -0.101427 -0.142374 -0.174768 -0.553759 -0.814130
58.531016 -29.653588 -3403.762372 6857.212222 -0.106997 0.795606 -0.596290 0.981137 -0.012627 -0.192901 -0.161003 -0.605682 -0.779248
61.779560 -31.511798 7788.439797 1560.925103 0.071541 0.820342 -0.567381 0.990660 -0.124642 -0.055300 -0.116084 -0.558125 -0.821596
-25.748474 -173.152704 -929.895825 -29936.454228 0.439133 0.763000 -0.474334 0.083615 0.490963 0.867159 -0.894523 0.420459 -0.151799
-27.362521 -201.589634 -2564.935008 -29277.426424 0.444486 0.783524 -0.434191 0.240467 0.362548 0.900408 -0.862906 0.504628 0.027264
-24.794247 -162.693987 3846.511616 -28163.189563 0.482449 0.725088 -0.491416 0.117768 0.502237 0.856673 -0.867971 0.471174 -0.156911
-20.922301 -126.654543 4447.995372 -27920.986521 0.476378 0.691235 -0.543377 -0.012916 0.623442 0.781763 -0.879146 0.365396 -0.305921
-21.087436 -134.081995 -709.869095 -32552.833752 0.428231 0.743852 -0.513131 -0.074897 0.595092 0.800160 -0.900560 0.304221 -0.310549
-16.446954 -147.465941 4620.460388 5242.785425 -0.561232 -0.795046 0.230046 0.811527 -0.474000 0.341684 -0.162612 0.378452 0.911225
-14.879311 -153.793761 4575.527411 7475.824367 -0.542296 -0.807350 0.232597 0.784745 -0.387815 0.483502 -0.300151 0.444731 0.843874
-8.997510 -154.345185 3581.405245 3391.859675 -0.559971 -0.799914 0.215800 0.809400 -0.472547 0.348671 -0.176931 0.369914 0.912063
-14.657088 -149.427179 4043.535583 -1703.142872 -0.581805 -0.783122 0.219594 0.812501 -0.547456 0.200333 -0.036667 0.294976 0.954801
-21.142841 -144.170601 3052.759206 1167.712060 -0.582392 -0.767953 0.266584 0.812191 -0.535922 0.230508 -0.034151 0.350763 0.935841
15.411453 -208.709581 -2058.567327 35746.010088 0.518110 0.780323 -0.350227 -0.627659 0.625037 0.464083 -0.581039 0.020623 -0.813614
11.450438 -209.644872 -1630.453400 46295.147465 0.556461 0.725266 -0.405388 -0.686325 0.676227 0.267723 -0.468305 -0.129251 -0.874062
15.258228 -251.376780 -1226.514503 60045.889135 0.574965 0.729051 -0.371350 -0.683004 0.677578 0.272752 -0.450469 -0.096810 -0.887528
-0.424095 -217.820606 -18102.958659 24913.917075 0.385650 0.861673 -0.329840 0.766182 -0.099914 0.634809 -0.514042 0.497532 0.698730
1.405210 -233.507481 -15578.144214 13129.471173 0.362769 0.852013 -0.377456 0.648780 0.059844 0.758619 -0.668942 0.520089 0.531059
28.712323 -226.898812 15608.034000 37891.024132 -0.350509 -0.835976 0.422241 0.798756 -0.031431 0.600833 -0.489011 0.547866 0.678758
18.707073 -191.623749 22807.205166 41332.967057 -0.366079 -0.868877 0.333226 0.871191 -0.194112 0.450940 -0.327128 0.455383 0.828018
10.909132 -202.383776 2143.613988 -11317.585873 -0.600859 0.799244 -0.013359 0.751411 0.570442 0.331627 -0.272672 -0.189223 0.943316
2.542172 -251.854490 3482.470072 24767.269032 -0.610213 0.790420 -0.053622 0.734753 0.589951 0.334806 -0.296272 -0.164904 0.940760
2.385785 -229.884463 -2155.441684 -26695.741277 -0.658592 0.752486 -0.004629 0.735094 0.644662 0.209873 -0.160911 -0.134818 0.977718
6.513054 -235.470691 -4783.622555 47063.237775 -0.584020 0.811735 -0.002727 0.737414 0.531946 0.416237 -0.339325 -0.241080 0.909252
24.349545 -221.331467 12749.875142 -67564.765500 -0.630522 0.775919 -0.019807 0.746597 0.613276 0.257848 -0.212216 -0.147791 0.965982
22.992910 -204.932557 8447.788525 -14684.574061 -0.559104 0.829092 -0.002977 0.771278 0.521427 0.365026 -0.304193 -0.201792 0.930992
-0.927408 -235.343424 1179.249358 834.365722 0.413496 -0.863114 -0.289924 0.910399 0.387056 0.146153 -0.013930 -0.324380 0.945824
3.050501 -245.695173 4345.663124 7541.753432 0.407106 -0.863879 -0.296612 0.913376 0.383990 0.135260 -0.002952 -0.325984 0.945371
-1.563614 -231.697985 2097.777717 15192.817836 0.394036 -0.870154 -0.295918 0.904725 0.423933 -0.041879 0.161891 -0.251222 0.954295
4.078101 -236.574621 3727.241227 -12874.952865 0.429009 -0.856522 -0.286916 0.885457 0.335937 0.321112 -0.178654 -0.391811 0.902534
-4.702688 -222.142783 885.486263 6677.178823 0.399936 -0.868927 -0.291577 0.903866 0.426643 -0.031665 0.151913 -0.250882 0.956023
-4.205279 -227.346134 1181.216415 -1504.320028 0.418956 -0.859580 -0.292570 0.907812 0.389850 0.154582 -0.018817 -0.330362 0.943667
-1.307386 -231.713605 -609.077558 -12439.621153 0.429044 -0.858370 -0.281285 0.883835 0.334660 0.326862 -0.186433 -0.388848 0.902242
19.719637 -832.174318 -4027.082579 -302299.387253 -0.654640 0.747172 0.114803 0.342876 0.158137 0.925975 -0.673708 -0.645543 0.359710
0.206783 -739.088785 -17065.334400 -224559.390457 -0.668906 0.723940 0.168750 0.242715 -0.001864 0.970096 -0.702606 -0.689861 0.174464
13.998653 -1225.933587 -4169.973963 -686652.592993 -0.665185 0.741465 0.088086 -0.001198 -0.119029 0.992890 -0.746678 -0.660350 -0.080065
39.630793 -1074.237782 31331.044577 472209.000132 0.700192 -0.699500 -0.142936 -0.240123 -0.042186 -0.969825 -0.672363 -0.713386 0.197505
-436.505883 -8747.968073 407962.363237 17384878.024258 -0.259451 0.961754 0.087829 0.480811 0.207507 -0.851917 0.837559 0.178802 0.516260
-1568.935486 -14482.142067 928639.948224 -30980786.605654 -0.330259 0.943522 0.026364 0.834532 0.278832 0.475194 -0.441005 -0.178938 0.879486
-14040.493618 -17081.133624 10247495.245447 5573508.581936 0.020507 0.871163 -0.490565 0.577374 -0.410897 -0.705551 0.816222 0.268771 0.511413
-1105.198011 -3799.852208 833069.256835 21536367.513399 -0.260300 0.963407 -0.063956 -0.457970 -0.181509 -0.870240 0.850005 0.197234 -0.488458
19.537998 -63.650953 -7792.361579 -11420.691879 0.441840 0.696558 -0.565318 0.829721 -0.077709 0.552742 0.341087 -0.713280 -0.612284
16.652833 -61.138306 -2233.675924 -9363.125804 0.434806 0.692158 -0.576074 0.834155 -0.068532 0.547256 0.339308 -0.718485 -0.607165
16.712326 -74.652463 -2756.660600 -6811.362910 0.441262 0.703323 -0.557336 0.789305 -0.008701 0.613940 0.426949 -0.710817 -0.558976
-35.865356 -79.335562 7133.195279 -9879.313428 -0.353448 0.917717 -0.181300 0.408589 -0.022893 -0.912431 0.841505 0.396574 0.366877
-30.647750 -91.117412 826.141276 -15102.793264 -0.368561 0.928702 -0.040937 0.289798 0.072943 -0.954304 0.883278 0.363582 0.296020
-25.226650 -93.900220 6600.976839 -16401.694637 -0.350548 0.913315 -0.207297 0.345707 -0.079522 -0.934967 0.870404 0.399414 0.287863
-24.058397 -80.642242 9985.257990 -9119.870629 -0.322245 0.888153 -0.327631 0.475065 -0.147638 -0.867477 0.818823 0.435186 0.374355
-16.930001 -89.002552 11293.926863 -10141.165868 -0.343387 0.879559 -0.329334 0.424034 -0.167692 -0.889986 0.838022 0.445258 0.315380
-16.800811 -106.748997 8317.205341 -19417.713002 -0.364647 0.902399 -0.229583 0.280741 -0.128539 -0.951137 0.887816 0.411282 0.206470
-15.306208 -69.320827 -7375.285495 1470.787087 -0.548534 0.591241 -0.591223 0.835636 0.363383 -0.411904 -0.028694 -0.719990 -0.693390
-0.144172 -62.110852 -2863.697779 -2159.586224 -0.446047 0.634039 -0.631694 0.894647 0.295765 -0.334858 -0.025480 -0.714505 -0.699166
-4.942907 -54.356916 -6299.249785 -17587.471301 -0.444982 0.631332 -0.635146 0.887633 0.216895 -0.406281 -0.118738 -0.744564 -0.656906
-3304.353403 -28469.975375 -3889209.935319 49604721.106853 -0.559494 -0.281288 -0.779643 0.779819 0.140030 -0.610142 0.280799 -0.949352 0.141008
-1490.839149 -9305.498491 2434186.601053 -22341915.627656 0.707859 0.499940 0.498994 0.294463 0.433266 -0.851805 0.642049 -0.749894 -0.159477
-2700.918734 -82171.419041 -1370030.455935 175810134.613942 -0.402303 -0.541186 -0.738424 0.812548 0.160546 -0.560350 0.421804 -0.825435 0.375151
-899.704676 -4038.302394 -961044.665434 -1265874.300154 -0.351301 -0.736074 -0.578604 0.934470 -0.313877 -0.168065 -0.057902 -0.599730 0.798105
-4322.929324 -53819.422505 1440841.052769 -85719728.021628 0.934673 0.094864 0.342617 0.298914 -0.731412 -0.612933 -0.192449 -0.675305 0.711988
-50.077300 -921.543451 23177.401059 496393.947247 0.356185 0.852025 0.383648 -0.258412 0.484380 -0.835822 0.897973 -0.198568 -0.392702
-122.483009 -1547.058634 -3810.313254 695026.729443 0.349654 0.753384 0.556914 0.410529 0.411122 -0.813907 0.842145 -0.513216 0.165536
378.326591 -10633.697925 223305.559577 10308362.993007 0.364534 0.869152 0.334201 0.061084 0.335803 -0.939949 0.929185 -0.363058 -0.069320
13.536497 -2828.181271 102928.727772 2235007.772051 0.354642 0.862713 0.360492 -0.436760 0.493756 -0.751962 0.826722 -0.109229 -0.551905
21.285711 -665.038340 6841.124351 -452238.503376 0.156517 0.901107 0.404363 0.826749 -0.343520 0.445511 -0.540359 -0.264577 0.798756
14.492853 -790.419369 13483.649401 -452243.031333 0.125594 0.936319 0.327922 0.813427 -0.286416 0.506264 -0.567946 -0.203157 0.797599
12.283015 -1564.487764 -11572.348984 -1052751.301497 -0.233587 -0.901266 -0.364906 0.940182 -0.305067 0.151634 -0.247984 -0.307658 0.918613
230.596023 -5474.869263 -58578.142226 -4709358.874471 -0.323656 -0.840702 -0.434129 0.917075 -0.391649 0.074733 -0.232854 -0.373941 0.897746
-95.761485 -144.969343 1992.586153 17982.739812 -0.736584 -0.421170 0.529208 -0.204968 0.884659 0.418768 -0.644541 0.199987 -0.737951
-91.000905 -137.808780 1134.526715 19299.408600 -0.709875 -0.627108 0.320644 -0.378457 0.723562 0.577259 -0.594010 0.288431 -0.750972
94.846184 -169.809603 11440.551547 -11303.546668 -0.579952 -0.750407 0.317087 0.788747 -0.419858 0.448997 -0.203799 0.510498 0.835379
90.714281 -185.571379 19859.255961 -15404.008534 -0.618857 -0.742636 0.255943 0.781907 -0.551261 0.291089 -0.075082 0.380266 0.921824
54.396243 -157.095900 36028.893973 -8782.742074 -0.613168 -0.778923 0.131545 0.774422 -0.559862 0.294660 -0.155871 0.282547 0.946505
-26.168593 -134.488637 29524.589540 -488.117524 -0.582834 -0.807149 0.093891 0.794667 -0.542024 0.273340 -0.169735 0.233923 0.957324
-14.544644 -131.523141 28845.348987 1692.967400 -0.553485 -0.826515 0.102606 0.787370 -0.479110 0.387947 -0.271484 0.295511 0.915953
12.749609 -139.826741 39663.444262 -299.014206 -0.593939 -0.800736 0.077836 0.783383 -0.553602 0.282552 -0.183159 0.228794 0.956089
-18.667955 -142.146251 39047.578854 -7351.300677 -0.643550 -0.763114 0.059167 0.762218 -0.631907 0.140416 -0.069765 0.135463 0.988323
-49.691063 -134.833638 15593.890395 -2983.828953 -0.573292 -0.802312 0.166226 0.817481 -0.546389 0.182163 -0.055328 0.240320 0.969116
35.025042 -34.854029 -6357.119962 -11060.053368 -0.681686 -0.543273 0.490060 -0.239481 0.798590 0.552180 -0.691341 0.259054 -0.674492
29.671665 -46.372580 -11208.699679 -9736.612476 -0.715361 -0.499145 0.488991 -0.172666 0.804375 0.568478 -0.677085 0.322235 -0.661604
38.172914 -49.718571 3335.516258 -12279.759535 -0.666145 -0.549227 0.504579 -0.198940 0.782878 0.589512 -0.718800 0.292319 -0.630774
-10.517354 -188.305480 -1401.698231 43613.207369 0.798007 -0.601683 -0.034111 -0.082306 -0.052741 -0.995211 -0.597002 -0.796992 0.091609
-8.984300 -165.205590 -1538.987945 37262.867872 0.798334 -0.599179 -0.060386 -0.019616 0.074346 -0.997040 -0.601895 -0.797155 -0.047599
8.233342 -105.761393 2872.489902 -5368.793700 0.460445 0.766197 -0.448255 0.599952 -0.640783 -0.479014 0.654253 0.048372 0.754727
4.709164 -111.995497 1751.844678 -4495.775478 0.478232 0.751242 -0.454895 0.444741 -0.653800 -0.612169 0.757297 -0.090448 0.646776
18.569899 -112.119328 8050.144574 -5740.699454 0.454045 0.785975 -0.419626 0.442133 -0.607652 -0.659756 0.773538 -0.114029 0.623407
12.617391 -84.016610 -11514.359109 34146.112054 0.596597 0.611372 -0.519899 -0.606947 0.767551 0.206110 0.525059 0.192586 0.828989
0.181119 -104.317096 -977.041004 -42621.397062 0.476623 0.741803 -0.471761 0.700554 -0.644689 -0.305943 0.531088 0.184675 0.826947
10.903924 -74.898913 -5749.116430 17070.632078 0.555390 0.664432 -0.500072 -0.681953 0.708039 0.183361 0.475901 0.239189 0.846349
5.811829 -91.996113 -1038.192132 -29476.140776 0.447410 0.773269 -0.449310 0.761341 -0.592922 -0.262305 0.469238 0.224720 0.854000
-0.444061 -124.428735 1273.856740 -40836.375299 0.402119 0.807159 -0.432198 0.725688 -0.568802 -0.387093 0.558281 0.157983 0.814472
-26.742300 -146.740040 1003.070416 -878.449540 0.333073 0.764338 -0.552133 0.574747 -0.628784 -0.523734 0.747482 0.142895 0.648731
-28.098488 -148.603756 523.712054 -1331.304607 0.365275 0.781733 -0.505437 0.580887 -0.615687 -0.532447 0.727423 0.099112 0.678994
-25.516379 -150.436494 980.792461 -1413.048282 0.337396 0.763575 -0.550561 0.432236 -0.645219 -0.629972 0.836264 0.025422 0.547738
-28.691534 -149.314397 338.999697 763.463749 0.359392 0.783574 -0.506803 0.704431 -0.583999 -0.403390 0.612058 0.212033 0.761858
-21.832988 -149.285302 1503.644491 -1202.683780 0.308669 0.743239 -0.593565 0.430719 -0.665609 -0.609464 0.848059 0.067537 0.525580
-27.189224 -147.927250 1379.610989 868.090202 0.326936 0.765134 -0.554691 0.701387 -0.589827 -0.400201 0.633379 0.258213 0.729491
-22.662169 -145.425907 2140.039409 -2008.351455 0.300484 0.745072 -0.595464 0.577447 -0.639005 -0.508161 0.759121 0.191155 0.622250
29.561082 -175.762391 11660.562326 18369.087056 0.417489 0.706002 -0.572070 0.816544 -0.567706 -0.104714 -0.398696 -0.423403 -0.813493
32.977549 -162.458912 9950.103909 5469.992674 0.384915 0.711362 -0.588051 0.889386 -0.456147 0.030360 -0.246641 -0.534691 -0.808254
49.279061 -184.184477 2936.772497 18646.499785 0.335555 0.627073 -0.702981 0.834037 -0.544684 -0.087757 -0.437932 -0.556865 -0.705774
44.724576 -167.186644 8745.409729 7163.998138 0.338845 0.686745 -0.643090 0.903127 -0.429008 0.017729 -0.263716 -0.586799 -0.765585
-2.803872 -217.483841 -17046.858571 5194.096467 0.877792 -0.405656 -0.254803 0.365776 0.224097 0.903321 0.309337 0.886129 -0.345089
-8.818164 -203.558947 -14963.793866 13226.186182 0.877766 -0.412911 -0.242964 0.278398 0.026885 0.960090 0.389900 0.910374 -0.138552
119.310080 -88.349860 65667.587891 32079.860219 0.767104 -0.636729 -0.078285 0.017012 0.142178 -0.989695 -0.641298 -0.757867 -0.119897
198.653295 -101.133575 122248.384059 44149.637185 0.728831 -0.683903 -0.032893 0.018634 0.067835 -0.997523 -0.684440 -0.726413 -0.062184
66.182784 -79.863684 40313.519720 7425.081379 0.799983 -0.585451 -0.131430 -0.005385 0.212029 -0.977249 -0.599998 -0.782490 -0.166467
218.793321 -75.771410 -112999.096752 -33652.468050 -0.684789 0.727646 0.039956 -0.046003 -0.097883 0.994134 -0.727288 -0.678934 -0.100503
130.778192 -71.183825 70458.219433 11160.133853 0.752778 -0.650136 -0.103195 0.035136 0.196225 -0.979929 -0.657336 -0.734043 -0.170557
-15.946653 -498.103655 24930.079244 56728.090291 -0.606515 0.793833 -0.044373 0.751681 0.590706 0.293331 -0.259067 -0.144555 0.954981
-10.759734 -530.974044 19530.106929 -10396.294185 -0.590365 0.806976 -0.016089 0.614483 0.462287 0.639297 -0.523335 -0.367532 0.768792
-11.000673 -424.761900 3472.783566 -26323.546267 -0.600252 0.798497 0.045816 0.591496 0.404626 0.697431 -0.538359 -0.445734 0.715186
-10.698601 -279.917972 12785.919414 -9435.962533 0.804714 -0.582763 -0.113239 -0.199691 -0.086081 -0.976070 -0.559070 -0.808070 0.185643
28.350983 -88.967916 -15392.176217 1386.312764 0.718136 -0.653369 0.239562 -0.579558 -0.370961 0.725603 0.385218 0.659922 0.645066
4.901782 -257.046876 -3079.458083 12176.505830 0.789063 -0.614139 0.014579 -0.606255 -0.782325 -0.142907 -0.099171 -0.103924 0.989629
0.254530 -267.985474 13525.532314 21167.005692 0.797578 -0.602715 -0.024579 -0.600305 -0.789072 -0.130382 -0.059188 -0.118745 0.991159
4.237995 -245.418079 10189.655171 47737.228448 0.799822 -0.600174 -0.008700 -0.554011 -0.732570 -0.395490 -0.230989 -0.321141 0.918429
126.194769 -2011.537444 -91686.078214 1206033.490543 -0.726086 0.677491 0.117492 -0.175520 -0.347828 0.920982 -0.664824 -0.648090 -0.371467
191.583285 -1819.948524 -154770.780102 1036255.511692 -0.658325 0.718935 0.223026 -0.136081 -0.405075 0.904100 -0.740331 -0.564842 -0.364505
190.389032 -1620.682903 43090.960395 695018.191102 -0.662843 0.741659 -0.102863 0.376943 0.449227 0.810005 -0.646957 -0.498133 0.577330
-14.575982 -68.133646 -12484.998917 -4003.494687 -0.268107 -0.741405 0.615172 0.963388 -0.205566 0.172120 -0.001152 0.638797 0.769375
-30.616165 -73.063652 1774.808629 -5086.123197 0.920567 0.368122 -0.130549 0.380668 -0.770752 0.510914 -0.087457 0.520027 0.849661
-25.712191 -64.617364 3322.093351 -4175.796262 0.854298 0.468653 -0.224809 0.502908 -0.635941 0.585374 -0.131372 0.613142 0.778973
-32.928578 -69.749492 6276.163076 -5135.726526 0.898581 0.415175 -0.142061 0.416594 -0.705453 0.573398 -0.137843 0.574427 0.806867
-14.639535 -91.715477 8359.768274 325.859945 0.560584 0.758926 -0.331326 -0.358628 0.583133 0.728932 -0.746413 0.289805 -0.599067
-15.972349 -90.095999 3997.573216 933.918579 0.550368 0.754233 -0.358091 -0.227883 0.548306 0.804631 -0.803222 0.361240 -0.473646
-1.252330 -89.299607 8729.360506 -4397.421349 0.606663 0.714136 -0.349242 -0.370478 0.642677 0.670606 -0.703354 0.277446 -0.654460
-22.048989 -87.621925 2263.822510 4066.769523 0.505804 0.778987 -0.370596 -0.182757 0.516616 0.836486 -0.843067 0.355369 -0.403672
4.877287 -81.881797 -15131.940969 -3516.075183 -0.637342 -0.690610 0.341837 -0.453196 0.694713 0.558558 -0.623224 0.201074 -0.755752
-14.131663 -89.228492 10168.270445 -1636.200325 0.564185 0.762144 -0.317541 -0.481319 0.616084 0.623516 -0.670840 0.198940 -0.714420
-24.078547 -92.431483 4246.398045 4333.603634 0.505042 0.791480 -0.344227 -0.331217 0.546023 0.769516 -0.797012 0.274624 -0.537916
19.455174 -294.177817 -1123.202325 -16917.241770 0.350327 0.855082 -0.382237 0.454241 0.201787 0.867725 -0.819107 0.477615 0.317722
17.368550 -290.433795 -4332.396540 11594.103530 0.328775 0.880170 -0.342357 0.449829 0.172801 0.876239 -0.830398 0.442087 0.339113
23.784354 -290.679242 1271.911524 -25202.317254 0.359159 0.823783 -0.438618 0.648566 0.117637 0.752013 -0.671093 0.554565 0.492028
14.974519 -301.366079 -2359.884812 23959.441686 0.326934 0.877482 -0.350912 0.245588 0.279675 0.928153 -0.912579 0.389625 0.124064
17.029772 -291.718317 147.174651 580.495617 0.355868 0.861011 -0.363343 0.258460 0.282952 0.923654 -0.898085 0.422609 0.121844
17.390440 -300.388519 1996.998017 -53006.328375 0.354192 0.828212 -0.434295 0.472229 0.242445 0.847478 -0.807185 0.505257 0.305234
145.143432 -1058.826514 -6773.453230 918932.157559 0.979846 -0.087168 -0.179733 0.182729 0.754633 0.630190 -0.080700 0.650331 -0.755352
-60.011590 -245.715088 -1769.501396 168402.950106 0.005125 0.797360 0.603482 0.988417 0.087496 -0.123999 -0.151674 0.597127 -0.787676
-39.940466 -1061.706102 137947.237831 686791.195315 0.980712 -0.191338 -0.039929 0.195366 0.953221 0.230655 0.006072 0.234007 -0.972216
115.069764 -186.793376 408442.063351 130996.206204 -0.619997 0.460430 0.635301 0.653720 0.750906 0.093758 -0.433882 0.473439 -0.766552
3451.617404 -6066.138405 4640760.490650 6183881.625771 0.938825 -0.147952 0.310994 0.258497 0.899416 -0.352462 0.227565 -0.411292 -0.882640
-6.545892 -678.282107 -9470.367700 420935.454576 0.883325 0.332704 0.330220 -0.114557 0.836306 -0.536161 -0.454548 0.435776 0.776844
9.140830 -567.506840 -11239.315547 135601.271367 0.883398 0.335349 0.327337 -0.263433 0.933059 -0.244958 -0.387572 0.130164 0.912604
-10.896315 -504.418647 -15190.033226 -62212.771845 0.899925 0.313490 0.303082 -0.327584 0.944811 -0.004578 -0.287791 -0.095165 0.952953
36.516270 -190.946236 -12892.575875 11865.381353 0.284080 0.571586 -0.769798 0.826675 -0.552731 -0.105341 -0.485703 -0.606447 -0.629535
16.551903 -214.077282 18334.971369 -5669.348134 -0.283266 -0.520705 0.805374 -0.686318 0.696624 0.209002 -0.669871 -0.493540 -0.554699
-3.295446 -231.550851 7570.218831 -2361.776157 -0.305864 -0.523444 0.795269 -0.647526 0.726730 0.229290 -0.697967 -0.444826 -0.561224
-3.674354 -29.965548 -766.868831 -2712.676968 0.718066 -0.694976 0.037285 -0.497002 -0.474538 0.726500 0.487207 0.540206 0.686154
-5.674019 -24.756832 -63.910567 -3976.087126 0.710372 -0.702499 0.043196 -0.481753 -0.440574 0.757501 0.513113 0.558918 0.651403
-2.035509 -29.773306 -746.555436 -2773.130773 0.795900 -0.599011 -0.087914 -0.362095 -0.587344 0.723820 0.485212 0.544255 0.684366
158.362464 -189.489801 -18935.434927 19238.093417 0.124375 0.591434 -0.796704 -0.059483 0.805939 0.589003 0.990451 -0.025867 0.135419
136.638432 -205.364341 33073.151059 -28575.769923 -0.221630 0.660128 -0.717712 0.225059 0.750773 0.621038 0.948804 -0.023887 -0.314962
-98.050773 -132.925948 -2519.438968 -3475.376338 -0.687783 -0.704078 -0.176719 -0.656521 0.707191 -0.262416 0.309735 -0.064465 -0.948635
-94.973697 -131.707166 -4061.984515 -7095.908373 -0.684168 -0.632434 -0.363237 -0.590136 0.772702 -0.233818 0.428549 0.054389 -0.901880
-95.586344 -130.057351 -4268.111882 -9037.667793 -0.717351 -0.659065 -0.225923 -0.550611 0.734975 -0.395778 0.426891 -0.159516 -0.890123
210.895855 -127.075571 44483.102409 70516.852772 0.964642 -0.155176 -0.213040 -0.190496 0.148115 -0.970450 -0.182145 -0.976720 -0.113318
190.868053 -74.685766 27161.013323 52898.210878 0.975262 -0.168416 -0.143180 -0.104917 0.217451 -0.970416 -0.194568 -0.961432 -0.194401
205.176254 -71.659646 73400.740028 46639.865673 0.963175 -0.239594 -0.122017 -0.069068 0.218104 -0.973478 -0.259852 -0.946058 -0.193524
245.428095 -72.058267 66801.629664 47480.511476 0.897159 -0.424023 -0.123731 -0.031490 0.218007 -0.975439 -0.440583 -0.879021 -0.182234
-18.037400 -81.177193 -5761.631326 -2716.611741 0.411629 0.791874 -0.451107 -0.219331 -0.394361 -0.892398 0.884565 -0.466279 -0.011352
1.624452 -66.529110 8388.470288 3052.943868 0.631448 0.655782 -0.413791 0.762524 -0.622055 0.177775 -0.140819 -0.427781 -0.892846
14.514818 -70.753012 7547.744225 766.131455 0.601194 0.674280 -0.428849 0.783907 -0.601798 0.152734 -0.155095 -0.428001 -0.890371
4.751399 -67.342421 5868.339691 5232.094532 0.576609 0.693323 -0.432233 0.812387 -0.542796 0.213072 -0.086887 -0.474000 -0.876228
10.356421 -59.101585 14371.754081 -9334.529274 0.679201 0.619328 -0.393851 0.708435 -0.693468 0.131231 -0.191848 -0.368150 -0.909758
-0.227343 -59.192273 8021.057225 5489.224266 0.694769 0.595069 -0.403967 -0.691454 0.707215 -0.147438 -0.197956 -0.381760 -0.902814
-27.926610 -207.661168 -1586.199494 -15331.049044 0.471683 0.784177 -0.403214 0.404084 0.214204 0.889288 -0.783729 0.582395 0.215837
-20.075369 -226.778074 -9239.295279 -10609.030902 0.413117 0.822540 -0.390848 0.460679 0.181465 0.868819 -0.785563 0.538979 0.303960
-27.164285 -214.508532 141.895453 5650.012804 0.496009 0.783733 -0.373816 0.574204 0.026887 0.818271 -0.651356 0.620516 0.436686
-3.036505 -238.630053 -13209.939631 -6509.532770 0.359526 0.839345 -0.407727 0.479032 0.208959 0.852563 -0.800793 0.501834 0.326947
-17.139045 -225.387831 -10481.411410 10630.729796 0.430554 0.834304 -0.344326 0.635859 -0.009637 0.771745 -0.640552 0.551221 0.534649
-15.118739 -161.627238 5006.006390 4914.831615 -0.527201 -0.815604 0.238432 0.729212 -0.290194 0.619707 -0.436244 0.500578 0.747739
-21.581816 -158.634947 3021.838242 9187.430451 -0.554138 -0.784269 0.279022 0.729793 -0.296477 0.616038 -0.400417 0.544998 0.736643
-21.616235 -172.031077 3811.671721 9251.652842 -0.539325 -0.792276 0.285354 0.655282 -0.182019 0.733127 -0.528899 0.582381 0.617332
-25.742895 -157.596204 106.493872 11612.127652 -0.581082 -0.743209 0.331638 0.729705 -0.295343 0.616687 -0.360380 0.600344 0.713942
-25.043939 -169.899971 658.868552 12263.126835 -0.573049 -0.749216 0.332099 0.658119 -0.179228 0.731271 -0.488358 0.637615 0.595780
-13.571756 -90.564560 -7394.363425 -12895.134842 -0.106943 0.028880 -0.993846 0.962495 0.253672 -0.096198 0.249333 -0.966859 -0.054925
-4.894492 -82.956271 -17129.529666 -9299.429552 0.033083 0.054201 -0.997982 0.984974 0.167581 0.041754 0.169506 -0.984367 -0.047842
-30.324680 -105.416989 -13708.488950 -8711.962867 -0.244964 0.001464 -0.969531 0.931289 0.278447 -0.234881 0.269619 -0.960451 -0.069573
19.460045 -65.567977 -32916.021283 497.051955 0.286263 0.104131 -0.952476 0.938933 0.167614 0.300517 0.190941 -0.980338 -0.049791
-21.886415 -94.481841 -6225.840933 -1275.848502 -0.231676 -0.012692 -0.972710 0.913172 0.341837 -0.221956 0.335326 -0.939673 -0.067606
-3.394330 -72.180050 -11400.894809 -2841.381354 0.090573 0.073286 -0.993190 0.957478 0.267897 0.107084 0.273921 -0.960656 -0.045906
12.186372 -216.549943 3859.082408 -8446.349818 -0.299389 0.937668 0.176477 0.031569 0.194595 -0.980376 0.953609 0.287943 0.087861
7.550624 -206.221689 2527.800890 -21099.001716 -0.306148 0.931622 0.195840 0.233663 0.272961 -0.933217 0.922863 0.239942 0.301252
8.112108 -223.948290 1287.201084 -6615.911107 -0.313325 0.931035 0.187088 0.036289 0.208603 -0.977327 0.948952 0.299431 0.099147
12.162931 -198.694745 4701.936863 -22182.298928 -0.287145 0.940813 0.180049 0.267884 0.259337 -0.927891 0.919666 0.218207 0.326496
8.485134 -227.333301 2412.983105 8886.002683 -0.315199 0.934162 0.167302 -0.166533 0.119109 -0.978816 0.934300 0.336383 -0.118026
17.294120 -211.305277 4273.919958 -11142.565196 -0.276130 0.948118 0.157556 0.089867 0.188681 -0.977918 0.956910 0.255874 0.137305
19.396404 -218.651910 4738.495578 414.867144 -0.281964 0.947864 0.148496 -0.148833 0.109689 -0.982760 0.947811 0.299204 -0.110145
13.769238 -220.311567 3333.830293 6878.828238 -0.297651 0.942277 0.153355 -0.200729 0.095274 -0.975003 0.933334 0.320994 -0.160784
21.031876 -244.254796 -12446.561688 13991.868116 0.361296 0.825412 -0.433773 0.643870 0.115645 0.756345 -0.674460 0.552558 0.489676
-2.414747 -216.661414 1564.808448 -2407.774886 -0.638246 0.769015 -0.035468 0.767627 0.639227 0.046245 -0.058235 -0.002289 0.998300
3.129954 -200.441704 8157.380850 -3145.978158 -0.593402 0.802115 -0.066981 0.773185 0.591170 0.229573 -0.223741 -0.084440 0.970984
4.986493 -221.706104 7583.908075 39133.799403 -0.584385 0.808526 -0.069132 0.746334 0.568963 0.345350 -0.318558 -0.150222 0.935924
-1.825500 -319.578952 -7731.369454 63874.500360 -0.623207 0.781120 -0.038280 0.615978 0.520431 0.591374 -0.481856 -0.344969 0.805488
5.265771 -301.323758 9045.820834 68896.240511 -0.597359 0.796032 -0.097440 0.664906 0.559526 0.494803 -0.448399 -0.230787 0.863525
1.428521 -238.890029 3737.199147 21971.060306 0.381536 -0.874699 -0.298885 0.908033 0.415159 -0.055847 0.172934 -0.250089 0.952654
4.206671 -254.430412 1887.060807 6279.278340 0.396846 -0.871217 -0.288952 0.917882 0.375813 0.127506 -0.002493 -0.315824 0.948814
7.071497 -243.902047 8972.398922 -11883.398912 0.416444 -0.856263 -0.305593 0.891123 0.317810 0.323876 -0.180203 -0.407198 0.895387
