16565
33112
-22.042691 -33.097305 227.527693 1925.724563 -0.561751 -0.481346 0.672861 0.322631 0.621460 0.713930 -0.761804 0.618136 -0.193809
-21.014062 -35.791088 776.879429 1812.702231 -0.595987 -0.505606 0.623828 0.232682 0.634809 0.736802 -0.768543 0.584278 -0.260693
-27.019437 -41.864840 -135.972111 1366.734462 -0.508435 -0.323418 0.798057 0.281515 0.813430 0.509000 -0.813783 0.483459 -0.322529
-21.755478 -33.747348 -179.275680 1549.106447 0.711608 0.573811 -0.405407 0.086628 0.500965 0.861121 -0.697216 0.647900 -0.306783
-22.033493 -45.825385 403.243337 3874.061550 -0.325388 -0.122308 0.937637 0.531824 0.796226 0.288421 -0.781847 0.592507 -0.194036
-17.954501 -29.067762 1020.995224 2076.367698 -0.422809 -0.368443 0.827939 0.524203 0.645818 0.555095 -0.739219 0.668707 -0.079918
-19.190810 -26.813623 -323.106493 1171.685052 0.698232 0.634553 -0.331382 0.122467 0.350203 0.928633 -0.705318 0.688985 -0.166811
46.144719 -44.471436 2218.633020 -25.447732 -0.057358 -0.125824 0.990393 0.990394 0.117851 0.072330 -0.125820 0.985028 0.117855
51.092388 -42.757488 604.824682 -945.233756 -0.077463 0.054138 0.995524 0.987518 0.141515 0.069144 -0.137138 0.988455 -0.064424
47.458738 -47.844956 890.541465 -3497.626527 -0.063815 -0.070053 0.995500 0.996579 0.048021 0.067263 -0.052517 0.996387 0.066749
50.252588 -42.891508 1476.124678 1633.921701 -0.096553 -0.002089 0.995326 0.963544 0.250494 0.093995 -0.249519 0.968116 -0.022173
42.127217 -47.364710 3666.039224 2678.210728 -0.065019 -0.186802 0.980244 0.967253 0.229721 0.107934 -0.245344 0.955161 0.165749
-24.369528 -44.160996 -765.874284 -995.451661 0.373833 0.549804 -0.746970 -0.661271 0.722715 0.201008 0.650361 0.418806 0.633744
-24.568826 -43.595290 435.567143 -632.079921 -0.395399 -0.513520 0.761549 0.754653 -0.654265 -0.049358 0.523601 0.555189 0.646225
-22.274840 -42.713481 -1079.206077 -364.564378 0.464531 0.593756 -0.657012 -0.721027 0.684334 0.108656 0.514131 0.423249 0.746009
-21.153138 -43.094785 -1079.935769 -1696.706456 0.436505 0.628032 -0.644235 -0.630849 0.724187 0.278538 0.641478 0.284832 0.712304
-24.114083 -42.258564 -930.290559 -1872.159226 0.388148 0.551150 -0.738630 -0.512624 0.795157 0.323947 0.765871 0.252900 0.591171
-2.404412 -52.508984 63.045585 -1766.530271 -0.247601 0.745684 0.618586 0.963670 0.255554 0.077666 -0.100168 0.615343 -0.781869
-3.667188 -50.098765 1207.632989 -2099.079914 -0.242285 0.734316 0.634096 0.959061 0.280045 0.042146 -0.146627 0.618349 -0.772105
-1.669189 -43.654089 263.750530 -1736.765839 -0.206417 0.762289 0.613439 0.930924 0.346044 -0.116764 -0.301285 0.546963 -0.781063
-0.435319 -45.832551 -147.158789 -1636.554632 -0.209520 0.758012 0.617673 0.928402 0.352467 -0.117628 -0.306873 0.548803 -0.777588
0.871688 -38.804451 102.273510 1056.866832 -0.129623 0.792095 0.596476 -0.868621 -0.380831 0.316963 -0.478221 0.477026 -0.737395
-2.170798 -36.011081 454.243717 1030.381249 -0.124816 0.803595 0.581941 -0.873923 -0.366745 0.318992 -0.469765 0.468757 -0.748056
19.256575 -44.240426 1486.539488 798.187768 -0.188674 -0.903602 0.384586 0.962326 -0.092044 0.255846 -0.195784 0.418368 0.886925
18.831325 -41.724213 1564.943772 1810.113887 -0.137172 -0.918277 0.371417 0.987734 -0.098564 0.121105 -0.074600 0.383474 0.920534
16.406995 -51.812402 3181.586925 2050.460367 -0.216264 -0.933009 0.287618 0.953219 -0.138050 0.268916 -0.211196 0.332320 0.919217
21.033872 -35.834057 -1437.485982 1213.847660 -0.126816 -0.860800 0.492890 0.989646 -0.076125 0.121680 -0.067221 0.503218 0.861541
16.776158 -49.173498 2641.245964 1283.478601 -0.265683 -0.912141 0.312109 0.910279 -0.130731 0.392813 -0.317498 0.388470 0.865035
22.710766 -36.575384 -1442.087134 737.695079 -0.194017 -0.851096 0.487846 0.968353 -0.086568 0.234089 -0.157000 0.517824 0.840957
23.204644 -42.243836 -529.764194 878.893983 -0.243954 -0.871880 0.424631 0.937011 -0.099040 0.334965 -0.249994 0.479600 0.841122
59.563006 -11.161407 5225.958174 522.100723 0.692131 -0.354223 -0.628872 -0.684987 -0.596969 -0.417637 0.227481 -0.719829 0.655819
39.677648 -12.202906 3851.690197 -345.398641 0.668251 -0.458874 -0.585555 0.713287 0.618807 0.329090 0.211334 -0.637584 0.740827
23.201999 -19.776455 -1084.156400 -1039.590780 0.918571 0.007578 -0.395184 -0.198739 -0.855382 -0.478355 0.341658 -0.517942 0.784223
105.422465 -14.835959 13266.701516 -1252.092300 0.464734 -0.608484 -0.643249 0.874730 0.428203 0.226914 0.137367 -0.668124 0.731260
29.887686 -22.554477 729.202397 -85.989979 0.856724 0.073342 -0.510533 -0.274304 -0.773456 -0.571422 0.436785 -0.629592 0.642521
108.065702 -13.362089 10108.591740 -1346.282765 0.654855 -0.257267 -0.710618 0.715854 0.512633 0.474090 0.242318 -0.819159 0.519866
198.192656 -6.201758 25309.798175 -2407.036621 0.410347 -0.585602 -0.699061 0.909395 0.319891 0.265840 0.067947 -0.744809 0.663810
0.493705 -34.673022 -80.261452 -22.371671 0.602775 0.241518 -0.760481 0.372998 0.757250 0.536139 0.705361 -0.606829 0.366365
0.502447 -33.984103 -154.273887 364.112492 0.602451 0.226958 -0.765208 -0.514959 -0.621961 -0.589900 0.609812 -0.749437 0.257826
-0.199830 -34.028198 -94.938335 87.528752 0.606027 0.246310 -0.756348 0.380979 0.744817 0.547816 0.698274 -0.620144 0.357540
0.333980 -33.053951 -0.746192 323.909899 0.605041 0.269890 -0.749056 0.212601 0.851871 0.478661 0.767284 -0.448860 0.458038
0.821730 -32.136426 93.313878 435.328460 0.611378 0.294157 -0.734635 0.208082 0.835917 0.507883 0.763491 -0.463373 0.449853
-0.282543 -33.398506 -27.678190 197.775674 0.615851 0.271825 -0.739485 0.378139 0.721444 0.580111 0.691186 -0.636890 0.341515
14.667980 -38.788230 -779.500135 4413.747909 0.453192 0.098136 -0.885994 0.316666 0.911369 0.262923 0.833270 -0.399719 0.381949
15.641121 -28.845910 17.003387 2847.602754 0.402674 0.076317 -0.912156 0.251276 0.949018 0.190327 0.880178 -0.305843 0.362969
15.901980 -36.862562 1143.974163 2670.073747 0.289144 0.181586 -0.939905 0.395604 0.871416 0.290054 0.871719 -0.455698 0.180129
14.287301 -29.183717 -2160.841308 3704.950934 0.541927 0.017178 -0.840250 0.209559 0.965450 0.154894 0.813880 -0.260023 0.519603
14.977019 -47.418439 182.325920 3246.093478 0.354212 0.192967 -0.915040 0.481554 0.801141 0.355357 0.801648 -0.566513 0.190850
10.296760 -41.164610 -2225.290021 4906.667154 0.577098 0.088130 -0.811906 0.251144 0.926834 0.279117 0.777100 -0.364983 0.512741
13.025828 -48.771284 -1384.824119 3666.083928 0.486427 0.120343 -0.865394 0.417994 0.837716 0.351443 0.767248 -0.532681 0.357185
5.515361 -57.026526 -317.740426 -1902.404645 0.603577 0.243750 -0.759131 0.647468 -0.705466 0.288276 -0.465274 -0.665510 -0.583623
3.596130 -57.611050 -334.644400 -2823.613853 0.559546 0.236942 -0.794208 0.664756 -0.700607 0.259326 -0.494983 -0.673059 -0.549530
3.973568 -61.487145 -314.360725 -2069.152040 0.591500 0.242159 -0.769081 0.730091 -0.565656 0.383406 -0.342191 -0.788284 -0.511384
4.663812 -52.972757 379.663036 1728.150511 -0.555072 -0.248818 0.793716 -0.569840 0.808873 -0.144938 -0.605952 -0.532743 -0.590769
6.063773 -59.158744 -285.825821 -715.840567 0.641441 0.253094 -0.724221 0.701455 -0.575767 0.420064 -0.310667 -0.777455 -0.546855
5.972447 -57.415173 211.630347 320.531088 -0.594216 -0.276337 0.755345 -0.577435 0.800311 -0.161469 -0.559890 -0.532110 -0.635124
6.980033 -59.716101 -124.175472 -277.613352 0.640396 0.275519 -0.716926 0.645666 -0.698639 0.308251 -0.415943 -0.660297 -0.625299
-11.440399 -13.231833 311.829798 -673.235237 0.265479 0.322175 -0.908694 -0.525339 0.838644 0.143859 0.808418 0.439181 0.391894
-12.673063 -14.290207 338.767363 -190.159020 0.489132 0.002734 -0.872205 -0.359394 0.911788 -0.198690 0.794724 0.410651 0.446968
-8.054858 -12.347502 931.346904 295.431603 0.527480 -0.639042 -0.559813 0.034795 0.674636 -0.737330 0.848855 0.369448 0.378092
-12.440184 -17.107377 274.893597 -506.026376 0.223590 0.482520 -0.846866 -0.642353 0.726428 0.244303 0.733069 0.489363 0.472370
-10.710113 -16.680541 362.139258 -590.201975 0.096899 0.531368 -0.841581 -0.653539 0.671702 0.348859 0.750664 0.516202 0.412357
6.651789 -14.120809 348.824707 -1280.653161 -0.478877 -0.503950 0.718826 -0.415464 0.851416 0.320126 -0.773348 -0.145345 -0.617097
5.750313 -18.762402 374.445196 -1000.388841 -0.483747 -0.469144 0.738846 -0.330415 0.879618 0.342197 -0.810441 -0.078589 -0.580524
4.299210 -15.898244 1086.113921 -922.271570 -0.452106 -0.441612 0.774970 -0.356629 0.885864 0.296751 -0.817567 -0.142214 -0.557996
4.461663 -17.807469 -721.505732 -718.877241 -0.523389 -0.512464 0.680767 -0.352035 0.857610 0.374934 -0.775973 -0.043417 -0.629270
4.675421 -12.480379 1429.262936 -964.999746 -0.426847 -0.462839 0.776905 -0.425939 0.860737 0.278762 -0.797733 -0.211925 -0.564544
10.075839 -10.604617 1392.937280 -1140.243551 -0.440059 -0.513885 0.736390 -0.470685 0.830381 0.298199 -0.764724 -0.215383 -0.607295
3.677495 -15.119462 -1057.117164 -949.880883 -0.523929 -0.552345 0.648393 -0.426446 0.829061 0.361665 -0.737321 -0.087018 -0.669915
7.946198 -10.571519 -452.528017 -1833.622128 -0.491171 -0.569407 0.659187 -0.491341 0.805986 0.330107 -0.719260 -0.161746 -0.675650
8.055490 -24.956366 1858.132584 1554.443555 0.798817 0.554340 -0.233665 0.263806 0.026286 0.964218 -0.540646 0.831875 0.125240
14.595196 -20.774766 1635.255912 1593.134188 0.759357 0.602404 -0.245940 0.321323 -0.018502 0.946789 -0.565799 0.797977 0.207616
15.296295 -28.207619 1048.688139 1295.024590 0.746853 0.636070 -0.193973 0.217075 0.042519 0.975229 -0.628561 0.770459 0.106319
11.168879 -31.569616 1982.590519 1023.484595 0.792014 0.575723 -0.203118 0.158855 0.126901 0.979112 -0.589474 0.807737 -0.009050
11.910721 -19.918928 -1988.246356 50.015816 -0.715984 -0.102423 0.690562 -0.224181 0.970522 -0.088489 -0.661142 -0.218167 -0.717840
8.552646 -19.647785 -1592.303971 -47.853400 -0.704382 -0.114661 0.700499 -0.148006 0.988900 0.013042 -0.694219 -0.094492 -0.713535
22.927071 -18.512718 -2671.730174 163.663208 -0.702395 0.027925 0.711240 -0.136900 0.975274 -0.173490 -0.698499 -0.219227 -0.681204
1.212272 -21.732708 -893.865405 -242.262698 -0.678236 -0.262378 0.686406 -0.253101 0.960339 0.116999 -0.689881 -0.094377 -0.717745
27.775691 -20.349046 -3538.889108 180.777771 -0.719833 -0.001545 0.694146 -0.236972 0.940468 -0.243648 -0.652446 -0.339878 -0.677346
3.187556 -21.418706 -1260.351910 -43.184432 -0.688834 -0.231524 0.686953 -0.317710 0.948188 0.000988 -0.651589 -0.217571 -0.726701
15.708265 -21.214137 -3036.337063 167.155042 -0.732930 -0.122350 0.669211 -0.312036 0.934577 -0.170880 -0.604522 -0.334061 -0.723157
8.458899 -89.415123 -260.016380 -7664.717096 -0.164309 0.880301 0.445053 0.986408 0.146018 0.075353 0.001347 0.451385 -0.892328
6.632787 -111.261297 -349.269266 -6672.523102 -0.191784 0.877318 0.439922 0.940513 0.036200 0.337824 0.280454 0.478542 -0.832072
9.054789 -84.890217 1471.737629 -6059.096272 -0.161408 0.845596 0.508836 0.985976 0.116018 0.119960 0.042403 0.521063 -0.852464
6.643204 -66.717173 1570.191116 -5614.360146 -0.108117 0.848190 0.518540 0.983958 0.165753 -0.065969 -0.141904 0.503089 -0.852505
9.975737 -64.873223 2994.761625 -7247.711013 -0.093669 0.842956 0.529765 0.970938 0.195051 -0.138688 -0.220239 0.501378 -0.836729
11.434249 -68.378010 960.082125 -7564.617589 -0.106044 0.870776 0.480108 0.969305 0.198230 -0.145436 -0.221814 0.449949 -0.865069
2.541610 -67.240825 283.910487 1133.006291 -0.374125 0.824824 0.423906 0.310949 -0.319069 0.895268 -0.873694 -0.466755 0.137106
0.426036 -71.019287 -182.973458 684.240406 -0.373261 0.798885 0.471656 0.172728 -0.439666 0.881396 -0.911505 -0.410459 -0.026121
1.302022 -67.482182 253.062340 757.493034 -0.367105 0.814023 0.450112 0.150999 -0.425329 0.892354 -0.917842 -0.395554 -0.033224
-14.512380 -23.526944 -116.389238 -202.740763 -0.303981 0.009157 0.952634 0.830567 0.492345 0.260297 -0.466641 0.870352 -0.157269
-13.044246 -22.497672 68.109758 -263.376587 -0.307382 0.017676 0.951422 0.763806 0.600909 0.235604 -0.567553 0.799122 -0.198210
-14.106166 -23.360987 214.022634 -197.893654 -0.375891 -0.095332 0.921747 0.779929 0.504607 0.370246 -0.500417 0.858069 -0.115326
26.752947 -41.869094 -5628.633852 3676.543774 -0.090728 -0.961779 0.258361 0.992477 -0.108737 -0.056260 0.082203 0.251313 0.964409
26.867892 -30.994848 -6630.428969 1558.931549 -0.005626 -0.971905 0.235307 0.984776 -0.046267 -0.167556 0.173736 0.230783 0.957369
40.382017 -40.752637 5401.400618 4081.010478 0.005194 0.996530 -0.083071 0.987577 -0.018159 -0.156086 0.157053 0.081229 0.984244
3.688731 -186.575325 1434.134520 5816.530024 -0.291431 0.782949 0.549599 0.114412 0.598944 -0.792576 0.949725 0.168101 0.264129
-3.902008 -156.321818 -73.248386 13608.332352 -0.275772 0.768003 0.578032 -0.340440 0.484333 -0.805929 0.898916 0.419038 -0.127894
0.955202 -177.616935 854.931031 6344.078550 -0.265457 0.719519 0.641735 -0.191705 0.612933 -0.766526 0.944871 0.326504 0.024772
15.849242 -223.179981 3670.317995 8024.010700 -0.300353 0.825407 0.478008 0.520388 0.561794 -0.643105 0.799365 -0.055591 0.598268
5.263313 -160.819336 1680.237296 -5529.808829 -0.316385 0.828587 0.461892 0.322270 0.551827 -0.769174 0.892212 0.094501 0.441618
13.150652 -219.366661 1797.560353 -8245.931051 -0.238721 0.731994 0.638120 0.276155 0.681160 -0.678055 0.930994 -0.014354 0.364751
78.160029 -4358.733552 10353.560581 956594.682970 0.240497 -0.594590 -0.767218 -0.471835 0.619134 -0.627730 0.848253 0.512968 -0.131648
-17.353262 -498.504569 4140.080918 109284.284712 0.226163 -0.512982 -0.828070 -0.640415 0.562242 -0.523214 0.733975 0.648640 -0.201363
-16.382192 -131.362471 -1293.740963 -21186.851653 -0.036365 0.295593 0.954622 0.761472 -0.610432 0.218023 0.647177 0.734846 -0.202887
66.545181 -1650.387933 31049.298304 365912.102338 -0.288675 0.611610 0.736614 -0.600322 0.483717 -0.636892 0.745842 0.626060 -0.227526
751.267050 -5840.946056 233240.261232 1633620.132593 -0.059178 0.810930 0.582143 0.122558 0.584656 -0.801971 0.990695 -0.023887 0.133985
0.249189 -22.529257 416.821710 410.096381 -0.441576 -0.514307 0.735187 -0.093194 0.841261 0.532536 -0.892371 0.166640 -0.419411
-1.271314 -22.777798 479.257544 -252.455669 -0.441054 -0.511270 0.737614 -0.192623 0.856645 0.478598 -0.876566 0.069006 -0.476309
1.951478 -22.653790 598.296240 298.208324 -0.449515 -0.455964 0.768136 -0.085028 0.877848 0.471331 -0.889217 0.146558 -0.433376
3.410544 -20.430351 511.397383 878.079588 -0.449865 -0.449731 0.771598 0.017484 0.859358 0.511076 -0.892925 0.243406 -0.378732
4.709229 -20.913194 469.941123 738.188231 -0.464671 -0.403863 0.788020 0.011997 0.886979 0.461655 -0.885402 0.223972 -0.407308
3.808897 -22.598610 547.487253 195.025839 -0.464654 -0.419870 0.779619 -0.092939 0.898697 0.428609 -0.880602 0.126698 -0.456605
10.316994 -18.760089 179.367733 134.373173 -0.260791 0.946570 -0.189721 0.748560 0.074173 -0.658905 0.609628 0.313854 0.727908
8.290877 -17.544068 971.043255 -34.908820 -0.214364 0.922370 -0.321376 0.769359 -0.043265 -0.637350 0.601777 0.383878 0.700359
6.903186 -18.836466 540.014694 -166.635476 -0.281629 0.937850 -0.202788 0.713507 0.063384 -0.697775 0.641554 0.341205 0.687013
10.340320 -21.198215 200.202864 -124.135027 -0.309276 0.947331 -0.083144 0.696897 0.166288 -0.697626 0.647057 0.273702 0.711621
-8.482699 -21.312322 294.166456 -425.096055 0.847614 -0.004528 -0.530594 0.293413 -0.829171 0.475798 0.442107 0.558976 0.701489
-8.656773 -21.879992 -10.731923 335.079199 0.841660 -0.039245 -0.538580 -0.228300 0.877981 -0.420749 0.489375 0.477085 0.730001
-7.274752 -19.720173 -70.341305 -352.267855 0.801142 0.066762 -0.594738 0.399088 -0.800143 0.447772 0.445982 0.596082 0.667672
-6.855206 -18.976794 299.989611 -358.731107 0.792971 0.098804 -0.601194 0.458716 -0.746236 0.482402 0.400969 0.658308 0.637066
-7.460508 -18.436760 -363.623246 -278.021227 0.733467 0.151133 -0.662710 0.512826 -0.762954 0.393586 0.446134 0.628538 0.637107
-6.012385 -17.772487 -79.882733 -268.486153 0.730190 0.167729 -0.662337 0.557428 -0.706807 0.435543 0.395091 0.687234 0.609601
-834.117488 -6171.321058 227967.792711 3601331.420971 0.863028 -0.420271 0.280277 0.402482 0.236779 -0.884276 -0.305272 -0.875961 -0.373498
-1367.812711 -15729.553025 321545.518414 12360678.220074 0.804620 -0.459931 0.375566 0.255888 -0.302170 -0.918267 -0.535825 -0.834959 0.125441
-12293.719400 -14340.087691 -7816666.426403 -14326819.007419 0.832951 -0.119898 -0.540200 -0.370082 0.605067 -0.704935 -0.411377 -0.787095 -0.459619
-609.592448 -4577.827481 -667178.562563 -3370196.321001 0.945452 -0.321503 0.052492 0.299200 0.793289 -0.530256 -0.128838 -0.517037 -0.846211
-30.228291 -120.741344 5340.929637 25685.119418 0.992683 0.096076 -0.073140 -0.030161 0.783819 0.620257 -0.116920 0.613513 -0.780981
-39.563031 -54.088570 683.093023 4803.789781 0.840897 0.444486 0.308745 -0.537527 0.619642 0.571934 -0.062905 0.646897 -0.759979
6.240832 -63.905550 -1186.227095 11386.962102 0.971160 -0.082595 -0.223665 0.212975 0.722243 0.658033 -0.107190 0.686690 -0.719004
-3.755013 -55.907967 -1048.939912 5143.057771 0.626130 0.330702 -0.706114 0.775287 -0.360473 0.518642 -0.083019 -0.872178 -0.482092
-7.274222 -42.825228 251.798211 4979.395089 0.637587 0.310545 -0.705014 0.766991 -0.341617 0.543160 -0.072169 -0.887051 -0.455996
-2.554557 -98.692045 -1677.119981 -13953.516813 0.723591 0.295055 -0.623986 -0.660750 0.557484 -0.502614 -0.199564 -0.775986 -0.598348
-2.103648 -30.085939 -1199.724803 2248.506955 0.414675 0.372836 -0.830083 0.908588 -0.119402 0.400264 0.050120 -0.920183 -0.388268
-2.227822 -92.564263 -1391.165603 -9972.092462 0.694355 0.319511 -0.644814 -0.675971 0.596941 -0.432117 -0.246850 -0.735917 -0.630469
-1.837333 -39.711153 -887.875045 4666.955102 0.507832 0.382027 -0.772116 0.857141 -0.134473 0.497219 0.086122 -0.914315 -0.395740
-3.398234 -63.546237 -170.774125 5779.199126 0.641018 0.374836 -0.669772 0.765724 -0.372084 0.524614 -0.052567 -0.849147 -0.525533
-0.490807 -10.533479 645.244690 -130.490177 -0.409162 -0.529007 0.743463 0.241455 0.722972 0.647311 -0.879935 0.444368 -0.168081
-1.037578 -13.243788 418.933693 977.090364 0.472867 0.719560 -0.508556 0.079034 0.540198 0.837818 -0.877582 0.436370 -0.198572
-2.363147 -11.058492 526.782469 747.818895 -0.431819 -0.621913 0.653266 0.166202 0.657006 0.735336 -0.886515 0.426107 -0.180344
6.387783 -49.093751 -1160.005758 2218.767637 0.263748 0.459677 -0.848018 0.935558 -0.335978 0.108854 -0.234878 -0.822080 -0.518668
4.202969 -47.650166 -5219.848585 4003.090714 0.197949 0.406067 -0.892147 0.963111 -0.249844 0.099977 -0.182300 -0.879027 -0.440544
4.552561 -40.353502 -2541.779989 2974.710860 0.263624 0.443624 -0.856563 0.958249 -0.222371 0.179751 -0.110733 -0.868187 -0.483724
1.768546 -269.670391 8240.794312 -86308.436238 0.509159 0.585395 -0.630928 0.812431 -0.084921 0.576840 0.284100 -0.806289 -0.518831
-29.208617 -157.294700 12267.253939 56477.418001 0.019997 0.523116 -0.852027 0.614620 0.665720 0.423154 0.788570 -0.532135 -0.308205
-96.179771 -485.664989 -6367.601411 -102893.701596 0.448093 0.250305 -0.858231 0.893367 -0.089623 0.440300 0.033292 -0.964010 -0.263774
3.082960 -7.264529 1071.978534 -346.306566 0.693923 0.708744 -0.127092 -0.624360 0.680180 0.384095 -0.358671 0.187181 -0.914505
0.653312 -9.319734 -464.483646 173.677178 -0.816081 -0.533855 0.221386 -0.456147 0.830193 0.320482 -0.354884 0.160555 -0.921021
1.992009 -8.087817 -652.602838 206.064292 -0.768769 -0.611422 0.187503 -0.519446 0.768008 0.374620 -0.373055 0.190598 -0.908021
4.565504 -6.758232 1043.946095 202.225348 0.664315 0.738625 -0.114541 -0.639744 0.641119 0.423903 -0.386539 0.208328 -0.898436
6.121076 -6.283983 578.570959 -52.409843 0.571594 0.813965 -0.103646 -0.717166 0.556958 0.418892 -0.398690 0.165105 -0.902101
19.203369 -47.774855 2986.621935 3801.797353 -0.341240 0.924697 -0.168791 -0.909654 -0.370106 -0.188551 0.236824 -0.089200 -0.967449
13.452978 -57.262103 2208.849415 3279.033510 -0.340204 0.924779 -0.170426 -0.847509 -0.380060 -0.370516 0.407417 -0.018387 -0.913057
11.358430 -48.649543 1616.708106 3906.215036 -0.299463 0.945834 -0.125380 -0.924677 -0.320096 -0.206183 0.235149 -0.054192 -0.970448
16.958571 -36.064710 1973.248717 -2926.248985 -0.289612 0.944263 -0.156500 0.951054 0.302312 0.064060 0.107801 -0.130288 -0.985598
15.996087 -32.855425 921.724499 -3112.563214 -0.228525 0.966056 -0.120463 0.971462 0.234362 0.036560 0.063551 -0.108670 -0.992044
11.524609 -44.960942 221.359668 4245.133619 -0.243669 0.965664 -0.090101 -0.954578 -0.255219 -0.153767 0.171483 -0.048540 -0.983991
-1.933125 -11.769123 733.441698 574.573911 0.260773 0.697060 -0.667911 0.902236 -0.422111 -0.088272 -0.343464 -0.579594 -0.738988
-3.825528 -12.256162 336.693031 502.735732 0.305804 0.654085 -0.691850 0.878385 -0.474169 -0.060033 -0.367320 -0.589352 -0.719541
-1.670035 -14.798551 589.261277 759.600924 0.322239 0.659240 -0.679385 0.860693 -0.502848 -0.079703 -0.394170 -0.559059 -0.729440
0.645620 -12.684390 689.407248 820.839391 0.285371 0.687012 -0.668265 0.895959 -0.438819 -0.068526 -0.340326 -0.579182 -0.740761
0.601165 -16.291964 558.155016 932.229066 0.334084 0.653939 -0.678787 0.853657 -0.515229 -0.076216 -0.399571 -0.553989 -0.730369
-1.262296 -17.171225 459.451383 606.545676 0.381984 0.614733 -0.690066 0.803044 -0.590338 -0.081370 -0.457393 -0.523071 -0.719158
-8.478862 -59.362802 -534.807869 -137.324477 -0.353718 -0.522393 0.775880 0.772451 0.304616 0.557250 -0.527449 0.796439 0.295775
-7.300566 -55.996646 -404.184658 -1750.580416 -0.323703 -0.513703 0.794560 0.640144 0.499483 0.583722 -0.696730 0.697585 0.167160
-8.626232 -63.964268 246.921557 -643.888672 -0.318959 -0.580034 0.749550 0.760486 0.315347 0.567642 -0.565620 0.751077 0.340525
-6.042553 -54.976670 -715.763541 -378.878676 -0.367624 -0.474853 0.799604 0.750827 0.355786 0.556485 -0.548737 0.804941 0.225737
-8.515200 -64.276996 -7.774543 329.538016 -0.361817 -0.574818 0.733943 0.857492 0.103697 0.503938 -0.365781 0.811684 0.455383
-8.043022 -60.245928 -695.822790 541.705058 -0.387321 -0.513372 0.765788 0.848755 0.125784 0.513608 -0.359996 0.848898 0.387009
-4.234497 -46.999033 419.695337 504.847547 -0.423947 -0.656696 0.623714 0.891902 -0.183023 0.413537 -0.157414 0.731610 0.663301
-1.727243 -48.868400 321.686965 526.041324 -0.422933 -0.663544 0.617120 0.892035 -0.185088 0.412329 -0.159377 0.724881 0.670184
-1.920063 -46.693617 306.731592 495.407571 -0.446132 -0.654507 0.610398 0.894943 -0.321249 0.309639 -0.006571 0.684412 0.729066
-4.097423 -50.975994 422.791079 982.674836 -0.400583 -0.659810 0.635754 0.864389 -0.041988 0.501068 -0.303916 0.750258 0.587152
-6.127744 -49.639204 315.850298 836.978998 -0.415038 -0.622028 0.663946 0.862273 -0.036144 0.505152 -0.290220 0.782161 0.551359
-7.701994 -29.650267 -1233.752221 -538.343337 -0.684661 0.159313 -0.711238 0.727680 0.093853 -0.679466 -0.041496 -0.982757 -0.180186
-8.404174 -29.962014 -1850.613403 -306.282957 -0.615271 0.156991 -0.772526 0.782671 0.004584 -0.622419 -0.094173 -0.987589 -0.125693
-14.611459 -33.684350 1737.613566 401.452139 0.775385 -0.175425 0.606633 0.631143 0.183505 -0.753647 -0.020889 -0.967239 -0.253005
-9.412374 -29.591032 1099.613938 603.498260 0.758343 -0.147492 0.634951 0.650722 0.228713 -0.724052 0.038430 -0.962256 -0.269419
-4.975076 -26.433944 -454.618817 -277.840049 -0.674945 0.151680 -0.722109 0.737835 0.147916 -0.658574 0.006919 -0.977299 -0.211750
-0.211051 -38.902995 81.292760 -306.978797 -0.344061 -0.521237 0.780983 -0.469082 0.815948 0.337920 -0.813378 -0.250080 -0.525239
-0.306316 -46.129117 149.077870 -2064.325942 -0.316046 -0.567736 0.760126 -0.378525 0.810118 0.447692 -0.869962 -0.146235 -0.470937
-0.801008 -43.636989 96.693132 -2106.479775 -0.328783 -0.555287 0.763909 -0.374003 0.819303 0.434584 -0.867193 -0.142821 -0.477053
-0.198916 -49.417925 -392.825181 25.820111 -0.481021 -0.486517 0.729328 0.873751 -0.197753 0.444358 -0.071961 0.850996 0.520218
1.741566 -46.938177 -308.332876 179.193507 -0.475840 -0.491424 0.729437 0.872356 -0.157976 0.462643 -0.112120 0.856473 0.503868
-0.173095 -50.220012 -293.842323 423.660224 -0.444830 -0.496974 0.745079 0.866338 -0.027798 0.498684 -0.227121 0.867320 0.442913
-3.097831 -53.790602 -513.425550 -20.872682 -0.441477 -0.495848 0.747819 0.867310 -0.022242 0.497271 -0.229938 0.868124 0.439874
-1.239812 -51.063852 -324.977436 105.926506 -0.403355 -0.495974 0.768970 0.830512 0.154349 0.535189 -0.384129 0.854510 0.349654
-1.404285 -93.140444 -226.714831 3273.350895 -0.138170 -0.989899 -0.031776 0.990378 -0.138347 0.003425 -0.007787 -0.030997 0.999489
-1.527725 -98.023970 102.973954 -389.704062 0.142333 0.988681 0.047455 0.959399 -0.149595 0.239114 -0.243507 -0.011494 0.969831
-2.885527 -91.924044 703.930010 3117.692826 0.149684 0.988645 0.013286 0.984933 -0.147918 -0.089594 0.086611 -0.026496 0.995890
-0.657698 -48.100426 -45.265675 264.873024 0.498068 0.856206 0.137257 0.134811 0.079906 -0.987644 0.856595 -0.510417 0.075627
1.144186 -45.639476 -492.436592 -339.281466 0.500697 0.844373 0.190623 0.134374 0.141729 -0.980743 0.855129 -0.516670 0.042499
1.509708 -49.820752 -191.327590 -1451.790241 0.498256 0.854804 0.145088 0.028923 0.150859 -0.988132 0.866547 -0.496539 -0.050443
-0.926348 -47.143661 -302.307360 1607.685558 0.510834 0.847911 0.141758 0.211995 0.035558 -0.976624 0.833131 -0.528944 0.161589
-0.455615 -48.363791 119.008991 365.336151 0.493563 0.863701 0.102063 0.097434 0.061702 -0.993327 0.864235 -0.500214 0.053700
-1.782530 -50.215312 -1.130283 1940.166594 0.501373 0.857730 0.113689 0.230635 -0.005844 -0.973023 0.833926 -0.514068 0.200752
-1.619564 -50.382012 178.199593 1630.781371 0.492357 0.864670 0.099654 0.209960 -0.006876 -0.977686 0.844690 -0.502294 0.184932
-4.710432 -24.510337 245.383660 365.196392 -0.668273 0.156166 -0.727340 0.739759 0.242711 -0.627573 0.078528 -0.957447 -0.277722
-4.720002 -19.210397 313.220148 -743.734470 -0.456096 0.188877 -0.869656 0.889484 0.127716 -0.438756 0.028199 -0.973660 -0.226254
-3.256892 -23.018164 210.678587 -402.972645 -0.593050 0.171620 -0.786663 0.805013 0.145397 -0.575164 0.015669 -0.974375 -0.224384
33.465718 -30.077884 -4712.868779 -1264.915370 0.089372 -0.811739 -0.577141 0.891710 0.323349 -0.316701 0.443697 -0.486338 0.752734
23.936247 -34.476350 3197.930797 -75.140413 0.024494 0.860740 0.508455 0.862404 0.239050 -0.446222 0.505627 -0.449423 0.736451
26.591363 -29.592402 -1577.187521 -335.137427 0.105391 -0.733599 -0.671361 0.853990 0.412671 -0.316867 0.509504 -0.539941 0.669977
15.434731 -36.850044 2813.723712 -108.314094 0.031606 0.867208 0.496942 0.807276 0.271006 -0.524272 0.589327 -0.417740 0.691511
12.722043 -33.942122 321.027341 181.528331 0.000854 0.784490 0.620141 0.784067 0.384382 -0.487329 0.620675 -0.486648 0.614765
17.970088 -29.299716 -1390.890682 -62.166500 -0.090957 0.649292 0.755081 0.803883 0.495404 -0.329161 0.587791 -0.577058 0.567015
32.874473 -25.877356 51.101744 -1171.308873 0.226121 -0.535953 -0.813403 0.842111 0.527265 -0.113315 0.489610 -0.659353 0.570557
-1.531863 -57.626562 891.028871 -2194.806171 0.180963 0.971381 -0.153854 -0.251333 -0.105566 -0.962127 0.950833 -0.212778 -0.225037
-2.818776 -61.729188 438.046826 -2386.868581 0.205738 0.964614 -0.164901 -0.317161 -0.093686 -0.943733 0.925787 -0.246462 -0.286663
-2.998268 -75.257444 571.317490 -5065.165355 0.212618 0.970101 -0.117040 -0.351705 -0.035773 -0.935427 0.911645 -0.240052 -0.333584
-1.659194 -70.839056 643.357704 -4199.583371 0.214534 0.973264 -0.082051 -0.187425 -0.041424 -0.981405 0.958565 -0.225923 -0.173527
-15.973912 -48.446592 1893.036810 3897.951174 0.263071 0.908255 -0.325371 0.886067 -0.094033 0.453920 0.381680 -0.407714 -0.829512
-15.130626 -50.970134 1728.137526 1880.529179 0.278745 0.901810 -0.330211 0.933794 -0.174187 0.312550 0.224343 -0.395471 -0.890659
-11.193027 -54.197582 2135.759470 1779.511335 0.240032 0.922633 -0.301881 0.936566 -0.138280 0.322061 0.255401 -0.360037 -0.897298
-9.513759 -54.382312 2078.815080 -1310.853370 0.167701 0.927115 -0.335162 -0.892613 -0.001517 -0.450822 0.418472 -0.374773 -0.827300
-6.335214 -57.316774 1634.301377 1261.279978 0.216116 0.933314 -0.286738 0.922579 -0.099076 0.372869 0.319595 -0.345122 -0.882468
-7.465896 -57.239333 1272.710168 89.124452 0.273873 0.918731 -0.284477 0.952946 -0.219253 0.209338 0.129953 -0.328423 -0.935548
36.468725 -289.061550 -24795.780124 32734.136596 0.849627 0.254668 -0.461820 -0.525242 0.487451 -0.697505 -0.047483 -0.835186 -0.547914
-30.568746 -132.309964 527.390317 -22645.464530 0.645571 0.663039 -0.378970 0.754986 -0.479332 0.447479 0.115044 -0.574996 -0.810027
4.465544 -89.891460 -2963.595997 7167.061066 -0.113963 0.878434 -0.464076 0.983691 0.165200 0.071138 0.139155 -0.448400 -0.882934
14.661549 -607.919749 2202.354401 28327.710093 -0.037471 0.939622 -0.340157 -0.636783 0.239882 0.732778 -0.770132 -0.244064 -0.589347
87.356635 -1207.653202 14260.503118 419505.063033 -0.252337 0.967071 -0.033155 0.389591 0.132901 0.911349 -0.885745 -0.217050 0.410298
5.115138 -30.130831 1670.940047 -471.372034 0.859902 0.414148 -0.298411 -0.504890 0.603936 -0.616723 0.075193 -0.680986 -0.728426
4.027719 -26.220461 1760.262078 -1200.614307 0.837561 0.439322 -0.324789 -0.528423 0.500389 -0.685843 0.138785 -0.746061 -0.651254
-4.728497 -29.010585 1860.978574 -665.191398 0.885416 0.388056 -0.255836 -0.453514 0.600711 -0.658386 0.101807 -0.698970 -0.707867
0.116250 -31.470066 1882.286846 -424.601320 0.876937 0.402315 -0.262915 -0.478370 0.677959 -0.558152 0.046308 -0.615235 -0.786983
-1.778059 -24.679646 -1063.331460 40.702712 0.678163 0.320303 -0.661439 0.168911 0.807997 0.564456 0.715237 -0.494517 0.493851
0.123761 -25.217955 -1486.944206 44.854784 0.681280 0.297033 -0.669050 0.259422 0.756687 0.600104 0.684512 -0.582406 0.438459
-5.125220 -24.555465 -468.306069 50.316970 0.660726 0.343045 -0.667653 0.207080 0.771641 0.601406 0.721497 -0.535622 0.438806
-5.529214 -24.273085 -305.773705 -66.531377 0.653271 0.378117 -0.655945 0.114910 0.806812 0.579525 0.748353 -0.453962 0.483618
-3.066480 -24.104467 -730.846482 221.022356 0.673072 0.346879 -0.653184 0.072302 0.848093 0.524891 0.736034 -0.400516 0.545748
-6.699227 -21.284397 -641.849496 637.390115 0.440898 0.895413 -0.062003 0.334228 -0.227898 -0.914524 0.833007 -0.382489 0.399752
-4.694886 -21.229120 -402.508370 554.035579 0.488185 0.864406 -0.120325 0.304109 -0.297714 -0.904922 0.818042 -0.405178 0.408213
-6.440512 -18.666576 -300.571386 598.887565 0.455999 0.883774 -0.104922 0.235099 -0.233322 -0.943551 0.858367 -0.405591 0.314169
-7.917132 -18.652915 -285.807225 596.852927 0.418661 0.904476 -0.081527 0.260054 -0.205416 -0.943491 0.870112 -0.373801 0.321213
-6.606785 -16.820811 -66.030021 348.058447 0.465177 0.853613 -0.234426 0.100475 -0.314025 -0.944083 0.879497 -0.415611 0.231844
-7.435446 -16.485366 -80.133617 575.294585 0.433616 0.880197 -0.192951 0.148822 -0.281142 -0.948057 0.888723 -0.382377 0.252900
-172.556226 -1964.455688 28917.065122 -80683.962018 0.669309 0.673801 0.313078 0.459986 -0.044877 -0.886791 0.583471 -0.737549 0.339975
-325.075341 -4663.301606 133333.839136 -3641297.439187 0.694859 0.695332 0.183535 0.053000 0.205005 -0.977325 0.717190 -0.688830 -0.105597
58.612136 -10841.532675 74202.519512 8607051.822899 0.494785 0.776493 0.390188 0.475731 0.133718 -0.869367 0.727232 -0.615775 0.303240
-592.528711 -2188.425943 191731.032088 -11235.607340 0.835222 0.495703 0.238083 0.320674 -0.087320 -0.943156 0.446736 -0.864091 0.231891
19.956480 -1555.660521 -60915.659295 -856650.202310 -0.447907 -0.812165 -0.373856 0.789896 -0.163565 -0.591025 0.418860 -0.560031 0.714788
-260.724585 -1856.715875 -52885.095300 314174.453616 -0.518890 -0.687552 -0.507962 0.821250 -0.236006 -0.519471 0.237282 -0.686712 0.687113
-3.769976 -25.512584 401.070124 -77.667821 0.585444 0.506187 -0.633269 0.756972 -0.620969 0.203449 -0.290257 -0.598475 -0.746712
-4.846682 -25.638969 -15.366376 95.698707 0.579485 0.457386 -0.674534 0.763859 -0.593345 0.253890 -0.284106 -0.662374 -0.693213
-4.303134 -25.131632 272.300181 -22.923470 0.557805 0.515447 -0.650513 0.727034 -0.681516 0.083408 -0.400343 -0.519471 -0.754901
-4.136431 -25.292717 337.097193 -14.625653 0.583447 0.508836 -0.632989 0.795035 -0.517011 0.317205 -0.165856 -0.688321 -0.706191
-1.462189 -23.533767 759.602255 -75.402946 0.543369 0.567874 -0.618280 0.740071 -0.671696 0.033468 -0.396290 -0.475756 -0.785245
-2.433979 -24.517475 506.694146 -121.012384 0.570248 0.543547 -0.615933 0.773351 -0.608070 0.179382 -0.277028 -0.578625 -0.767104
-23.227519 -38.615012 484.956367 1552.512994 -0.632348 -0.478842 0.608972 0.164102 0.685454 0.709382 -0.757104 0.548510 -0.354867
49.174052 -52.516051 170.541604 -4458.336472 -0.097908 0.075178 0.992352 0.994665 0.039933 0.095111 -0.032478 0.996370 -0.078687
46.548769 -42.968803 -1433.487269 -1737.577934 -0.137182 0.264077 0.954696 0.985217 0.136211 0.103891 -0.102605 0.954835 -0.278859
50.195620 -38.258039 -908.473392 715.199424 -0.155225 0.208305 0.965668 0.956659 0.275505 0.094347 -0.246393 0.938459 -0.242042
-22.809750 -42.124246 1177.057827 -1720.667294 -0.495767 -0.554535 0.668361 0.782403 -0.619200 0.066613 0.376910 0.555952 0.740848
-4.555332 -57.549280 569.605213 -1248.930464 -0.267264 0.737387 0.620347 0.956192 0.123144 0.265579 0.119443 0.664150 -0.737996
-6.997571 -51.807094 1629.011039 -2164.676976 -0.257117 0.730814 0.632299 0.962960 0.248756 0.104063 -0.081237 0.635635 -0.767704
-7.498566 -42.806730 2099.009938 -2536.980065 -0.224846 0.739975 0.633941 0.925527 0.365638 -0.098529 -0.304702 0.564576 -0.767079
17.516777 -46.617939 1978.693501 3431.206480 -0.174185 -0.935652 0.306944 0.983815 -0.152046 0.094818 -0.042047 0.318492 0.946993
19.711489 -36.716125 1249.573888 2868.861445 -0.093863 -0.923677 0.371497 0.993316 -0.112065 -0.027663 0.067184 0.366417 0.928022
20.993792 -32.205237 -1432.216857 1682.386769 -0.064553 -0.874221 0.481218 0.996591 -0.081304 -0.014015 0.051377 0.478673 0.876489
15.844853 -17.780481 -2112.492672 -146.412022 0.944746 -0.099855 -0.312225 -0.242737 -0.853227 -0.461609 0.220305 -0.511892 0.830321
73.077459 -19.487801 9519.702821 -1245.906741 0.444808 -0.642905 -0.623554 0.871993 0.469753 0.137699 0.204389 -0.604984 0.769558
1.501037 -34.493316 -140.592602 464.389403 0.603156 0.237470 -0.761453 -0.496820 -0.634993 -0.591569 0.623997 -0.735113 0.265020
1.770507 -32.629986 -191.206960 -564.202950 0.598281 0.226848 -0.768505 0.606564 0.498479 0.619353 0.523583 -0.836695 0.160633
14.962107 -23.035890 -870.313784 585.729803 0.492573 0.007677 -0.870237 0.210845 0.969117 0.127893 0.844344 -0.246482 0.475742
2.602964 -51.325029 232.435851 2370.365786 -0.533866 -0.260544 0.804428 -0.576680 0.807955 -0.121033 -0.618407 -0.528513 -0.581590
-8.771501 -13.980999 979.982535 382.168130 0.534483 -0.657194 -0.531435 0.105142 0.675602 -0.729731 0.838614 0.334153 0.430196
-13.491235 -15.665117 449.909098 200.984836 0.598784 -0.195268 -0.776742 -0.194036 0.905563 -0.377233 0.777051 0.376597 0.504347
-13.481282 -17.535853 179.629338 -237.402801 0.405059 0.347827 -0.845543 -0.578735 0.813493 0.057399 0.707808 0.466096 0.530812
3.606069 -19.786745 901.502617 -902.627267 -0.458500 -0.437556 0.773513 -0.292418 0.896205 0.333628 -0.839207 -0.073221 -0.538859
5.108272 -21.410085 246.110404 -497.465941 -0.490326 -0.442197 0.751028 -0.230308 0.896835 0.377684 -0.840559 0.012221 -0.541583
4.339785 -20.139417 -482.126238 -488.885294 -0.521232 -0.470382 0.712080 -0.261697 0.882288 0.391258 -0.812300 0.017587 -0.582974
9.075956 -19.730460 2149.315903 1499.945370 0.784512 0.562281 -0.261500 0.326332 -0.015761 0.945124 -0.527303 0.826796 0.195855
11.541378 -15.417165 1967.838585 1404.493468 0.770635 0.578194 -0.267980 0.367785 -0.060104 0.927966 -0.520438 0.813682 0.258969
-0.725525 -23.232451 -657.224535 -428.887367 -0.664805 -0.320092 0.674963 -0.194678 0.946561 0.257145 -0.721203 0.039550 -0.691593
52.725044 -18.095581 -1161.078703 4296.550982 0.161063 0.929056 0.333038 0.235618 -0.363882 0.901151 -0.958406 0.066673 0.277511
46.891288 -30.348152 -233.540197 5994.659612 0.196936 0.922794 0.331162 0.191001 -0.367416 0.910233 -0.961631 0.116005 0.248612
46.226018 -20.159124 2385.164038 5397.659417 0.358547 0.910818 0.204582 0.262774 -0.308766 0.914119 -0.895764 0.273995 0.350047
4.386207 -130.312827 -1842.791080 6465.672291 -0.198186 0.894572 0.400579 -0.841492 0.054276 -0.537537 0.502607 0.443616 -0.742018
5.651551 -126.303689 -721.337354 5682.303737 -0.215392 0.879211 0.424964 -0.813723 0.078991 -0.575860 0.539871 0.469839 -0.698420
5.584632 -114.952202 -1698.229253 -9171.087405 -0.189304 0.894813 0.404319 0.956676 0.075312 0.281244 0.221211 0.440043 -0.870303
1.976914 -71.204826 -290.342483 438.323086 -0.389073 0.807463 0.443426 0.329178 -0.327711 0.885578 -0.860386 -0.490520 0.138295
-1.705814 -74.605616 -988.383871 -185.576779 -0.387438 0.778802 0.493316 0.180563 -0.460640 0.869027 -0.904040 -0.425768 -0.037846
3.757598 -66.835475 188.497983 445.391809 -0.391556 0.832527 0.391895 0.448110 -0.199458 0.871444 -0.803667 -0.516831 0.294965
2.807520 -71.187927 -488.801108 28.356398 -0.408785 0.814456 0.411773 0.471176 -0.198064 0.859514 -0.781593 -0.545374 0.302787
-1.109287 -75.687652 -1217.839836 -525.371633 -0.399570 0.789337 0.466144 0.341555 -0.343695 0.874765 -0.850696 -0.508744 0.132272
-11.714609 -22.728550 -368.449819 -265.387135 -0.294843 0.080595 0.952141 0.793524 0.575773 0.196989 -0.532341 0.813627 -0.233717
-10.725168 -21.439243 -201.326731 -360.821420 -0.292421 0.097747 0.951281 0.726009 0.670148 0.154314 -0.622415 0.735763 -0.266931
-11.336712 -20.983179 239.126035 -311.141520 -0.319626 0.017460 0.947383 0.685931 0.694046 0.218627 -0.653710 0.719719 -0.233811
-3.941901 -131.684183 -560.616302 10695.613376 -0.282714 0.788662 0.545973 -0.467570 0.383681 -0.796346 0.837527 0.480418 -0.260283
-8.515007 -137.822172 -373.289804 11354.861002 -0.266089 0.750558 0.604863 -0.665166 0.311187 -0.678761 0.697675 0.582946 -0.416442
-7.732001 -168.606646 234.686408 14098.438557 -0.274414 0.710363 0.648136 -0.594770 0.404238 -0.694867 0.755609 0.576173 -0.311575
-19.074921 -68.980557 -4738.453788 -10914.492604 -0.086228 0.388478 0.917415 0.765113 -0.563962 0.310722 0.638096 0.728719 -0.248600
-13.816032 -278.741256 -289.279320 -19340.829014 0.005378 -0.561068 -0.827752 0.830182 0.463963 -0.309091 0.557467 -0.685522 0.468283
-10.352814 -362.190723 -1032.322299 60961.264989 0.009876 -0.587618 -0.809078 0.512362 0.697807 -0.500550 0.858713 -0.409598 0.307965
-18.789948 -488.867387 -1790.926572 -74181.540137 0.052588 -0.575150 -0.816356 0.807042 0.505947 -0.304469 0.588148 -0.642822 0.490777
-3.891361 -20.679455 137.535318 -759.730435 -0.440627 -0.571655 0.692140 -0.305462 0.820493 0.483203 -0.844121 0.001490 -0.536150
-2.492866 -20.341750 583.183520 -867.439836 -0.441359 -0.501117 0.744368 -0.282397 0.864955 0.414855 -0.851736 -0.027107 -0.523270
20.542189 2.656945 -2261.847844 1960.405310 -0.085551 0.989641 0.115287 0.315069 0.136646 -0.939180 0.945205 0.044025 0.323495
20.916811 5.883840 -2713.663290 -566.272984 -0.108738 0.964838 0.239299 0.343870 0.262374 -0.901617 0.932700 0.015752 0.360309
13.222087 -2.342106 -2270.428614 2411.323040 0.035441 0.997435 -0.062185 0.320980 -0.070288 -0.944474 0.946423 -0.013513 0.322648
25.603578 8.177214 -1852.302234 -1344.407694 -0.220592 0.933243 0.283543 0.338559 0.345892 -0.875064 0.914722 0.097036 0.392259
12.919369 -10.075928 -1009.433894 4051.199228 -0.017509 0.997062 -0.074575 0.292795 -0.066203 -0.953881 0.956015 0.038537 0.290775
24.552371 8.052633 -1648.981621 1133.926858 -0.215615 0.947575 0.235823 0.297527 0.293772 -0.908392 0.930047 0.125699 0.345271
19.137596 -4.472616 -1126.197499 4495.581215 -0.111906 0.992105 0.056605 0.263291 0.084529 -0.961006 0.958204 0.092638 0.270671
4.296529 -54.799206 462.048670 2666.893078 -0.637453 -0.501726 0.584743 0.764541 -0.506006 0.399293 0.095548 0.701591 0.706145
4.277752 -65.540054 371.163849 4459.291515 -0.597829 -0.517633 0.612092 0.801168 -0.360089 0.477980 -0.027011 0.776139 0.629983
