17242
34468
-23.138412 -33.798014 -51.619902 -2164.490344 0.381531 -0.323880 -0.865757 -0.108790 0.914363 -0.390006 0.917932 0.242985 0.313623
-20.619473 -34.471073 -478.687874 -1788.164680 0.377973 -0.560893 -0.736570 -0.070360 0.775886 -0.626938 0.923139 0.288790 0.253800
-25.968193 -40.060837 44.798911 -1205.400483 0.338856 -0.276008 -0.899442 -0.325335 0.862651 -0.387285 0.882799 0.423854 0.202519
-20.235898 -30.197789 -138.774121 -1692.391822 -0.297332 0.747517 0.593980 0.073110 0.638115 -0.766462 0.951971 0.184468 0.244383
-22.068899 -50.225401 -92.686101 -3264.837138 0.296265 0.007028 -0.955080 -0.362481 0.925986 -0.105627 0.883648 0.377492 0.276885
-18.287102 -47.719330 -786.626812 -4777.588184 0.402285 -0.039683 -0.914654 -0.216128 0.966706 -0.136999 0.889638 0.252795 0.380314
-19.006308 -27.485653 -469.578416 -2445.177578 0.423998 -0.312372 -0.850088 -0.011464 0.936710 -0.349920 0.905591 0.158111 0.393582
-17.993570 -25.108824 -398.846487 -717.981039 -0.240466 0.893037 0.380343 0.231570 0.433307 -0.870988 0.942630 0.121367 0.310996
19.963106 -32.848633 3341.571503 -1278.281003 0.514489 0.245933 -0.821473 -0.614343 0.774058 -0.153025 0.598234 0.583396 0.549331
11.892654 -38.123469 -2422.976164 3485.142166 -0.536071 -0.188420 0.822877 0.638220 -0.728485 0.248968 0.552542 0.658641 0.510773
8.802245 -32.206294 -2146.531307 -1.619526 -0.507148 -0.179948 0.842864 0.612920 -0.762839 0.205928 0.605913 0.621044 0.497166
6.756310 -36.657768 -1301.491642 2019.115383 -0.542834 -0.114197 0.832040 0.626693 -0.714612 0.310783 0.559095 0.690137 0.459482
11.501789 -31.371770 3178.537984 1783.999673 0.512838 0.194891 -0.836071 -0.573500 0.802475 -0.164720 0.638823 0.563961 0.523310
8.649880 -32.122917 78.110829 -166.106980 -0.518947 -0.154974 0.840641 0.602201 -0.764235 0.230865 0.606669 0.626042 0.489923
6.683777 -32.829834 1336.751080 2097.638755 0.520262 0.163268 -0.838255 -0.549139 0.815684 -0.181951 0.654044 0.554980 0.514026
-21.302866 -24.428811 99.433490 -373.255309 0.833743 -0.191965 -0.517709 -0.436424 -0.803482 -0.404909 0.338242 -0.563531 0.753675
-22.150835 -26.455672 208.773811 653.961041 0.671938 -0.388854 -0.630311 0.675550 0.670613 0.306448 0.303531 -0.631721 0.713301
-20.163630 -25.488119 296.402665 501.567987 0.844059 -0.068418 -0.531868 -0.370899 -0.790812 -0.486878 0.387296 -0.608223 0.692868
20.985945 -16.328505 4278.093182 334.353111 0.764626 -0.241743 -0.597417 0.236637 -0.756923 0.609155 0.599458 0.607147 0.521558
21.558937 -15.486479 4105.382440 54.253100 0.754189 -0.173301 -0.633377 -0.258140 0.808646 -0.528636 0.603791 0.562191 0.565135
30.731902 -18.376487 3903.259970 323.683530 0.792136 -0.155133 -0.590300 0.290290 -0.755004 0.587964 0.536891 0.637105 0.553032
32.293779 -20.149342 5300.289264 686.993899 0.785658 -0.223382 -0.576925 0.277323 -0.706434 0.651186 0.553023 0.671604 0.493067
20.458635 -17.607447 4704.949815 767.020797 0.767303 -0.315775 -0.558151 0.205690 -0.703191 0.680598 0.607403 0.637031 0.474609
24.121112 1.247979 -2259.149887 -1526.603159 0.689330 -0.390204 0.610381 0.661021 -0.005979 -0.750343 -0.296437 -0.920709 -0.253811
23.824645 -0.831911 2207.825227 -763.488614 -0.672359 0.392508 -0.627591 0.680789 -0.004973 -0.732462 -0.290618 -0.919735 -0.263871
20.544428 1.354018 2777.583571 -1205.926161 -0.662513 0.454463 -0.595433 0.667206 -0.003268 -0.744866 -0.340459 -0.890760 -0.301055
-0.573286 -23.964365 43.499253 203.623141 0.617435 -0.567281 -0.544946 0.471816 0.821391 -0.320479 0.629415 -0.059239 0.774808
0.016973 -25.982919 11.036156 328.906235 0.614869 -0.571796 -0.543126 0.578364 0.795138 -0.182349 0.536127 -0.202004 0.819611
-0.854287 -24.141862 68.948113 211.339883 0.595034 -0.584042 -0.552114 0.472554 0.809915 -0.347462 0.650098 -0.054152 0.757919
-0.513390 -42.503750 -85.331749 -243.068554 0.669083 -0.284866 -0.686425 0.623979 -0.286395 0.727068 0.403706 0.914784 0.013871
-0.233975 -42.634569 -168.980965 -28.137679 0.685758 -0.287201 -0.668769 0.489883 -0.497428 0.715947 0.538285 0.818585 0.200420
-0.843583 -41.777489 -129.856768 -357.667694 0.671276 -0.289876 -0.682174 0.614651 -0.296657 0.730890 0.414239 0.909927 0.020966
-11.412724 -68.824376 -62.267654 3409.329009 0.723680 -0.021425 -0.689803 0.511511 -0.654336 0.556956 0.463296 0.755900 0.462571
-10.666954 -73.056316 -586.494961 234.689672 0.736590 0.051913 -0.674344 0.644876 -0.354473 0.677114 0.203886 0.933624 0.294579
-8.791971 -67.479615 -292.403483 2300.475065 0.726653 0.045038 -0.685526 0.564763 -0.607329 0.558744 0.391175 0.793173 0.466754
0.213081 -27.130049 -24.807881 -141.251211 -0.523159 0.332908 0.784523 0.688933 0.707088 0.159366 -0.501673 0.623858 -0.599271
-0.311564 -28.270525 -46.672768 -61.723188 -0.547720 0.312273 0.776202 0.661346 0.729846 0.173050 -0.512469 0.608121 -0.606271
-0.782627 -29.149252 13.030614 -320.441175 -0.550582 0.310556 0.774864 0.738215 0.614502 0.278256 -0.389741 0.725219 -0.567591
-0.163059 -28.070243 -42.830755 -354.229903 -0.532506 0.331127 0.778969 0.760247 0.591692 0.268189 -0.372105 0.735021 -0.566818
0.935276 -26.077756 -180.940845 -254.877196 -0.501862 0.366801 0.783321 0.714598 0.686076 0.136567 -0.487324 0.628297 -0.606431
-6.945301 -26.028120 720.838751 -436.019276 -0.378956 0.528156 0.759897 0.723940 0.680697 -0.112084 -0.576458 0.507645 -0.640307
-10.648440 -26.921626 1147.352743 -38.680235 -0.342023 0.530345 0.775729 0.820782 0.570547 -0.028180 -0.457535 0.627065 -0.630437
-13.436561 -28.085485 1257.691654 714.602500 -0.201150 0.676514 0.708426 -0.812908 -0.518805 0.264618 -0.546552 0.522657 -0.654301
-9.466593 -26.473679 1186.894700 1247.834274 -0.253947 0.670406 0.697185 -0.710578 -0.618339 0.335762 -0.656193 0.410138 -0.633401
-13.526298 -29.640478 946.219977 2338.917163 -0.064588 0.804312 0.590687 -0.770963 -0.416043 0.482207 -0.633596 0.424253 -0.646967
-16.286931 -30.529128 589.367235 -491.052417 -0.036278 0.786196 0.616911 0.863344 0.335564 -0.376875 -0.503310 0.518934 -0.690931
3.838810 -61.965569 427.560641 389.766177 -0.696567 0.376720 -0.610636 0.206980 0.920394 0.331713 0.686989 0.104670 -0.719090
1.867039 -62.967293 550.512203 8.969979 -0.711034 0.386912 -0.587137 0.221165 0.915681 0.335581 0.667470 0.108755 -0.736652
3.885108 -62.412856 494.209224 680.904556 -0.702034 0.376889 -0.604238 0.322048 0.924779 0.202652 0.635164 -0.052325 -0.770603
5.590151 -63.937145 238.355020 887.900008 -0.679451 0.367349 -0.635139 0.332109 0.925864 0.180218 0.654255 -0.088486 -0.751079
5.815787 -62.879229 270.588694 1079.027580 -0.674537 0.366360 -0.640922 0.190062 0.925089 0.328765 0.713356 0.099949 -0.693638
-2.811983 -49.780634 -7.445910 897.728148 0.777791 -0.362356 0.513555 0.393667 -0.356103 -0.847477 -0.489967 -0.861330 0.134327
-2.530794 -55.750184 69.121261 1323.671183 0.796904 -0.356938 0.487380 0.300524 -0.465631 -0.832390 -0.524051 -0.809805 0.263794
-2.832080 -53.224405 41.588699 1488.528224 0.789492 -0.374970 0.485902 0.287988 -0.472799 -0.832781 -0.542002 -0.797407 0.265284
-2.530244 -47.985448 -92.188259 994.329659 0.767810 -0.374505 0.519822 0.384557 -0.379550 -0.841462 -0.512430 -0.845984 0.147403
-7.045617 -43.276362 115.396759 -141.638451 0.800648 -0.185597 -0.569664 -0.386554 0.566422 -0.727833 -0.457754 -0.802944 -0.381762
-5.006782 -42.499682 345.822899 -401.151295 0.815541 -0.117578 -0.566630 -0.335800 0.701291 -0.628831 -0.471309 -0.703112 -0.532449
-5.706886 -42.516686 300.005858 43.970396 0.816800 -0.120559 -0.564184 -0.410106 0.566480 -0.714782 -0.405772 -0.815209 -0.413259
8.697024 -51.763950 -795.559672 -837.044191 -0.800862 0.086430 0.592579 0.075184 0.996212 -0.043691 -0.594110 0.009561 -0.804327
6.846570 -48.626195 -1025.751035 -131.711952 -0.820031 0.057990 0.569374 -0.027492 0.989714 -0.140396 -0.571659 -0.130782 -0.810001
4.355986 -48.905863 -854.705944 -608.071157 -0.829163 0.096284 0.550653 0.090355 0.995186 -0.037956 -0.551657 0.018282 -0.833871
-3.069903 -58.277230 356.988215 -2930.566422 0.736395 -0.492257 0.464118 0.180820 -0.517849 -0.836144 -0.651940 -0.699654 0.292331
-2.155648 -57.060072 25.641240 574.424234 0.722339 -0.496672 0.481189 -0.090043 0.622350 0.777543 -0.685652 -0.604977 0.404826
-2.881015 -60.121698 89.191122 3580.828898 0.734240 -0.514871 0.442493 -0.117996 0.545084 0.830036 -0.668557 -0.661658 0.339469
-4.300667 -59.693982 234.114323 -787.727143 0.732921 -0.520108 0.438537 0.270440 -0.368746 -0.889319 -0.624251 -0.770399 0.129604
-2.451732 -61.933938 -255.447516 -815.067196 0.729698 -0.542420 0.416320 0.220473 -0.389697 -0.894163 -0.647250 -0.744256 0.164772
-1.504589 -63.654591 -275.567503 4150.546574 0.723385 -0.527039 0.446032 -0.077289 0.580135 0.810845 -0.686106 -0.621026 0.378926
28.441298 -22.005567 -3213.935429 -2001.831931 0.727960 -0.502863 0.466051 -0.682299 -0.464508 0.564535 0.067400 0.728945 0.681246
37.253802 -31.447140 -3282.746060 -3267.639990 0.774233 -0.530370 0.345356 -0.628898 -0.583432 0.513901 0.071066 0.615073 0.785261
26.153978 -29.579103 -3389.606430 -3183.032833 0.751391 -0.465967 0.467211 -0.659797 -0.521023 0.541483 0.008886 0.715130 0.698935
-2.726754 -46.995555 888.004064 -619.028640 -0.368237 0.296784 -0.881091 0.725175 0.684745 -0.072427 0.581827 -0.665615 -0.467369
0.146286 -65.175603 86.670121 7716.705370 -0.262870 0.363538 -0.893722 0.820945 0.570933 -0.009227 0.506901 -0.736122 -0.448526
-1.074609 -55.133187 26.774938 1660.310885 -0.333099 0.312960 -0.889439 0.758883 0.648822 -0.055909 0.559590 -0.693603 -0.453622
-2.076185 -52.162317 290.209230 -2680.155368 -0.433553 0.221154 -0.873569 0.607690 0.787569 -0.102215 0.665390 -0.575175 -0.475846
13.039347 -116.351943 17616.611114 -20966.535955 0.238134 0.968451 -0.073449 0.782080 -0.146367 0.605745 -0.575884 0.201692 0.792261
5.517301 -52.911310 -4828.027260 -6852.385043 0.382379 0.923070 0.041578 0.632606 -0.294323 0.716368 -0.673495 0.247622 0.696482
-7.230436 -80.129451 22690.876491 -20234.585546 0.155454 0.952342 -0.262447 0.789104 0.040109 0.612949 -0.594264 0.302383 0.745262
-4.041514 -101.383462 -10188.951777 4220.971137 0.568181 0.820482 0.063082 0.669206 -0.505310 0.544816 -0.478888 0.267340 0.836179
2.835487 -83.281477 19328.570504 10419.333822 0.523110 0.849378 0.070096 0.749431 -0.497598 0.436748 -0.405844 0.175935 0.896849
7.227032 -23.224452 -4228.935805 279.974209 0.789646 -0.262866 -0.554401 -0.594624 -0.550631 -0.585857 0.151268 -0.792280 0.591109
5.054406 -23.987932 -2747.407887 215.529919 0.759378 -0.284340 -0.585232 -0.643919 -0.457472 -0.613261 0.093353 -0.842538 0.530485
2.578372 -24.289762 -1008.854002 251.467121 0.735959 -0.275224 -0.618560 -0.652932 -0.530106 -0.540987 0.179009 -0.802022 0.569839
5.115249 -25.215161 2862.985294 75.437367 0.698864 -0.251817 -0.669460 -0.677307 -0.533811 -0.506263 0.229880 -0.807239 0.543618
2.001912 -25.260353 2480.963265 4.286214 0.681433 -0.268167 -0.680981 -0.665851 -0.613377 -0.424748 0.303795 -0.742870 0.596534
11.981928 -16.162709 81.858129 340.682920 0.996365 -0.047528 0.070691 0.053724 -0.293397 -0.954480 -0.066105 -0.954808 0.289777
16.207989 -14.867445 -972.161267 -391.190593 0.996194 -0.086283 0.012361 -0.021869 -0.384695 -0.922785 -0.084376 -0.919002 0.385118
10.131840 -15.788875 796.503820 -167.869724 0.995975 -0.027723 -0.085241 -0.089630 -0.318292 -0.943746 0.000968 -0.947587 0.319496
7.604370 -16.184766 731.801337 -44.260276 0.999663 -0.024692 -0.008061 -0.013948 -0.248503 -0.968531 -0.021911 -0.968316 0.248763
8.540441 -17.017429 746.834977 -69.126832 0.991946 -0.012083 0.126081 0.119597 -0.238384 -0.963779 -0.041701 -0.971096 0.235019
10.672757 -17.639273 16.860191 -49.506855 0.979980 -0.051511 0.192318 0.173891 -0.248979 -0.952770 -0.096962 -0.967138 0.235037
-1.755027 -3.048897 616.223681 71.869295 0.852363 0.383957 -0.355041 -0.423996 0.109987 -0.898961 0.306112 -0.916777 -0.256545
-1.666862 -4.052560 601.260071 -247.782524 0.625938 0.388408 -0.676270 0.716050 0.057340 0.695690 0.308989 -0.919702 -0.242229
-2.568396 -3.868108 -70.672361 506.346193 0.712693 0.046463 0.699935 0.637792 0.372494 -0.674144 0.292045 -0.926871 -0.235840
-1.856998 -4.242740 0.793819 529.263869 0.858885 0.135530 0.493911 0.422330 0.358148 -0.832687 0.289747 -0.923776 -0.250370
-1.489652 -6.329831 -6.192346 324.086392 0.740088 0.049567 0.670681 0.618744 0.340545 -0.707944 0.263488 -0.938921 -0.221364
-2.255073 -5.861081 31.847658 236.368244 -0.598336 0.009328 -0.801191 0.755279 0.340379 -0.560086 0.267484 -0.940242 -0.210706
4.711956 -49.479478 376.486494 -928.116872 -0.541061 0.427827 0.724028 0.741514 0.648854 0.170721 -0.396749 0.629248 -0.668309
2.987020 -55.721958 291.119798 716.366605 -0.599041 0.340869 0.724540 0.686916 0.683743 0.246258 -0.411457 0.645216 -0.643738
2.461882 -46.651574 285.353119 -258.866219 -0.585998 0.369052 0.721392 0.640475 0.756313 0.133350 -0.496385 0.540176 -0.679567
3.585449 -38.113068 113.292531 -2700.755440 -0.538137 0.460171 0.706152 0.685840 0.726066 0.049509 -0.489931 0.510951 -0.706327
2.884873 -34.975716 246.105578 -1311.471353 -0.588776 0.379971 0.713418 0.582767 0.811165 0.048921 -0.560111 0.444560 -0.699029
1.440620 -49.855704 177.643318 1580.525989 -0.632355 0.294779 0.716402 0.518037 0.848496 0.108130 -0.575990 0.439499 -0.689257
-144.681054 -1998.929432 25565.043668 546516.047635 -0.522172 -0.735768 -0.431256 0.563627 0.081779 -0.821971 0.640048 -0.672278 0.371996
-150.389021 -2161.406255 -40115.796644 -559581.431238 0.406814 0.765578 0.498391 0.283033 0.413099 -0.865587 0.868559 -0.493194 0.048629
-268.428278 -1369.706727 -84740.365195 26717.185626 0.379811 0.824817 0.418833 0.644310 0.089009 -0.759567 0.663783 -0.558350 0.497631
26.513725 -123.924096 2698.774139 -13760.796544 -0.444858 -0.438112 -0.781127 0.125442 0.833104 -0.538705 0.886773 -0.337633 -0.315655
11.047866 -111.857401 1259.176037 -13401.870005 -0.499247 -0.449291 -0.740871 0.157247 0.793875 -0.587398 0.852071 -0.409757 -0.325690
12.414141 -68.076592 1037.788062 -6726.681481 -0.462170 -0.374525 -0.803822 0.348845 0.756574 -0.553085 0.815295 -0.536029 -0.219015
26.286810 3.355567 867.650977 -1739.428901 0.737483 -0.239327 0.631539 0.648293 -0.011242 -0.761308 -0.189302 -0.970874 -0.146863
24.292684 6.186375 3462.183896 -1755.089805 0.758182 -0.086992 0.646214 0.648307 -0.005371 -0.761360 -0.069703 -0.996195 -0.052325
23.931779 2.179914 3142.594184 -857.355935 0.764048 -0.103417 0.636817 0.639903 -0.004270 -0.768444 -0.082189 -0.994629 -0.062914
7.976578 -18.078322 3571.106014 1431.633187 -0.051030 0.589152 0.806409 0.000943 0.807489 -0.589882 -0.998697 -0.029341 -0.041762
-2.611581 -18.648555 2827.577487 1583.310244 -0.063971 0.620015 0.781978 0.018794 0.784192 -0.620233 -0.997775 -0.024981 -0.061818
3.701201 -24.546982 3714.157134 615.557799 -0.039470 0.588800 0.807315 -0.055798 0.805385 -0.590120 -0.997662 -0.068339 0.001065
-2.859249 -9.232322 948.173109 366.010610 -0.529752 0.074139 0.844906 0.461352 0.861095 0.213706 -0.711700 0.503011 -0.490371
-3.472854 -5.180824 -2603.121497 940.722885 0.656252 0.699911 -0.281883 -0.201077 0.522294 0.828720 -0.727256 0.487169 -0.483493
1.555913 -11.856714 314.309027 1152.132660 -0.126300 0.653187 0.746589 -0.708618 -0.586088 0.392889 -0.694197 0.479424 -0.536883
-0.556346 -14.117367 999.211860 -686.165836 -0.234236 0.534860 0.811824 0.716502 0.659380 -0.227691 -0.657084 0.528340 -0.537678
-6.913734 -13.725506 2370.752323 122.885020 -0.411164 0.301497 0.860258 0.607141 0.794507 0.011733 -0.679944 0.527122 -0.509724
38.567084 -14.866689 -5624.376014 -148.988852 -0.661090 0.063103 0.747648 0.661586 0.519062 0.541182 -0.353925 0.852404 -0.384895
37.401674 -12.778973 5221.814724 186.948851 0.701381 0.004067 -0.712775 0.586192 0.565618 0.580048 -0.405517 0.824658 -0.394329
26.257542 -11.683563 4552.934227 -275.894288 0.682598 -0.124368 -0.720134 0.654575 0.542216 0.526814 -0.324949 0.830984 -0.451524
-10.382767 -21.156557 -515.851037 808.734443 0.491607 0.244758 -0.835713 0.822598 -0.445441 0.353433 -0.285755 -0.861206 -0.420319
-10.917351 -19.488942 -518.804616 441.643996 0.618544 0.169729 -0.767199 0.751806 -0.411721 0.515047 -0.228454 -0.895365 -0.382271
-8.872266 -22.399413 -457.145138 581.940073 0.504966 0.192826 -0.841325 0.800658 -0.468748 0.373124 -0.322421 -0.862029 -0.391090
-4.964266 -8.874756 420.757989 -285.883284 0.888831 0.031302 -0.457164 0.377335 0.516059 0.768961 -0.259994 0.855981 -0.446878
-3.689219 -9.010971 30.383655 -241.114011 0.843013 -0.030377 -0.537034 0.474640 0.511747 0.716123 -0.253072 0.858599 -0.445828
-4.229520 -7.968628 224.463055 -65.708865 0.918763 0.087412 -0.385012 0.280145 0.542811 0.791755 -0.278198 0.835294 -0.474226
-3.917324 -10.767886 207.820685 -416.365142 0.822704 -0.055287 -0.565775 0.520957 0.471651 0.711442 -0.227515 0.880051 -0.416831
-4.556574 -8.191665 143.648275 -235.696632 0.953989 0.210978 -0.213059 0.080214 0.505097 0.859327 -0.288914 0.836878 -0.464934
-5.727827 -9.119659 161.522420 -417.901216 0.953747 0.192925 -0.230534 0.113944 0.477653 0.871128 -0.278178 0.857104 -0.433578
-5.819249 -10.580566 612.377197 -445.134435 0.861690 -0.006779 -0.507390 0.448270 0.478739 0.754893 -0.237790 0.877931 -0.415563
1.978495 -29.804817 52.489514 171.671463 0.779048 0.338251 -0.527892 -0.441939 0.893499 -0.079685 0.444717 0.295375 0.845565
1.984722 -28.864242 109.698245 185.230034 0.794022 0.323704 -0.514533 -0.441448 0.888958 -0.121975 0.417914 0.323990 0.848751
1.411285 -28.615580 114.228373 -284.978557 0.768171 0.352536 -0.534445 0.522517 -0.827586 0.205126 0.369985 0.436829 0.819934
1.440848 -29.272508 -2.009479 -323.012192 0.754361 0.375538 -0.538434 0.533449 -0.828697 0.169390 0.382586 0.415008 0.825467
0.779171 -28.395002 5.371332 -301.252124 0.748723 0.385746 -0.539087 0.596533 -0.746729 0.294183 0.289072 0.541845 0.789203
0.855995 -27.970274 63.916031 -130.883309 0.758343 0.372273 -0.535097 0.588578 -0.743858 0.316625 0.280165 0.555057 0.783211
10.407447 -53.052354 -243.702896 1576.458457 0.745345 0.403138 -0.530980 -0.641271 0.215746 -0.736360 0.182298 -0.889344 -0.419326
11.529015 -53.851896 -199.532432 1445.893063 0.748955 0.369346 -0.550136 -0.643521 0.207533 -0.736757 0.157947 -0.905822 -0.393115
10.378268 -55.302471 -389.251984 -277.512381 0.750360 0.392254 -0.532069 -0.590075 0.034671 -0.806604 0.297946 -0.919203 -0.257476
-2.544859 -29.391816 -413.664781 -1455.513972 -0.652167 -0.481768 0.585301 0.690450 -0.696255 0.196232 0.312981 0.532097 0.786712
-0.208121 -32.978319 325.294230 1031.453594 0.679210 0.441190 -0.586537 -0.597392 0.796586 -0.092592 0.426376 0.413282 0.804613
-0.908380 -28.302739 244.263181 -960.739891 0.672053 0.458836 -0.581218 0.667998 -0.714375 0.208440 0.319568 0.528335 0.786599
-2.765996 -74.610975 -160.249238 -1757.364409 0.109186 -0.443260 0.889718 0.407891 0.836221 0.366552 -0.906479 0.322886 0.272105
-3.473799 -77.933917 -29.938320 -1624.516525 0.128265 -0.452331 0.882579 0.438510 0.824076 0.358619 -0.889526 0.341022 0.304052
-2.732468 -76.505829 -132.562136 230.656882 0.103885 -0.455578 0.884114 0.587270 0.745514 0.315153 -0.802696 0.486474 0.344995
-1.561876 -73.359616 -270.995379 -210.214703 0.086570 -0.450951 0.888341 0.555797 0.761886 0.332595 -0.826798 0.464944 0.316594
-1.426459 -73.101431 -274.127498 1904.745856 0.077699 -0.461263 0.883855 0.708943 0.648884 0.276315 -0.700973 0.605133 0.377426
-2.543236 -74.920748 -151.107546 2265.205523 0.096396 -0.463095 0.881051 0.736034 0.629046 0.250108 -0.670046 0.624374 0.401491
3.156964 -63.597915 302.143706 1558.750235 -0.372429 0.560098 -0.739991 0.278450 0.828054 0.486613 0.885304 -0.024822 -0.464350
3.363143 -66.114068 284.480699 183.755466 -0.365667 0.567562 -0.737673 0.508550 0.785629 0.352369 0.779528 -0.246294 -0.575912
3.919064 -64.741760 199.771390 1269.126314 -0.363914 0.558933 -0.745091 0.332662 0.825176 0.456532 0.870002 -0.081725 -0.486228
3.612981 -61.466344 248.475450 1701.177851 -0.375547 0.549389 -0.746416 0.120189 0.827434 0.548550 0.918977 0.116295 -0.376771
21.321195 -21.846923 2236.441943 -40.152596 0.757902 0.071300 -0.648461 -0.636451 -0.137428 -0.758976 0.143232 -0.987942 0.058778
30.168857 -21.638966 2591.227560 -203.336262 0.796875 0.001710 -0.604141 -0.601015 -0.099389 -0.793034 0.061401 -0.995047 0.078173
40.760360 -20.516046 4059.953283 166.162646 0.795127 0.004249 -0.606427 -0.587550 -0.242254 -0.772074 0.150190 -0.970204 0.190126
2.143714 -62.463704 731.615473 1819.866459 0.292659 -0.182662 0.938608 -0.472636 0.825663 0.308051 -0.831243 -0.533774 0.155305
2.196946 -57.188539 -1070.324215 4801.957177 -0.332970 0.189683 -0.923662 0.665067 -0.647161 -0.372651 -0.668444 -0.738378 0.089333
10.023434 -60.410504 -2665.413381 5768.796709 -0.324907 0.178063 -0.928832 0.647834 -0.673613 -0.355749 -0.689019 -0.717314 0.103506
-12.454548 -21.996913 829.089235 -153.475824 0.840528 0.384671 -0.381498 -0.508084 0.804117 -0.308620 -0.188052 -0.453237 -0.871328
-14.238683 -21.987659 -606.401916 -56.058224 0.786640 0.390264 -0.478427 -0.547701 0.798774 -0.248964 -0.284993 -0.457880 -0.842095
-13.012202 -22.931410 732.369098 -116.590519 0.851146 0.364645 -0.377603 -0.462781 0.860772 -0.211910 -0.247758 -0.355114 -0.901393
-12.247716 -21.250187 476.352404 -202.696248 0.820566 0.394602 -0.413475 -0.549844 0.742488 -0.382601 -0.156025 -0.541296 -0.826229
-10.591626 -22.319227 1919.613210 -140.484213 0.866748 0.391177 -0.309402 -0.481405 0.818334 -0.313972 -0.130375 -0.421082 -0.897604
-9.893137 -21.200242 1654.013291 -218.370354 0.852399 0.405815 -0.329744 -0.516363 0.752630 -0.408555 -0.082378 -0.518519 -0.851089
5.999472 -24.549648 -1296.710886 30.346127 -0.366181 0.059759 -0.928623 -0.612961 0.735351 0.289028 0.700136 0.675047 -0.232642
5.845945 -25.514126 -1892.743504 470.749386 -0.328335 -0.004069 -0.944553 -0.618504 0.756716 0.211738 0.713897 0.653731 -0.250973
-3.115606 -28.514717 -64.324976 1106.696165 -0.413757 0.130554 -0.900978 -0.503514 0.791703 0.345949 0.758471 0.596794 -0.261836
5.166791 -72.891077 -194.565056 1754.071359 0.126139 -0.290631 0.948484 0.986562 0.136843 -0.089272 -0.103849 0.946999 0.303987
5.489059 -74.642273 9.909082 -3862.412667 0.158353 -0.295090 0.942256 0.987277 0.033390 -0.155462 0.014414 0.954886 0.296623
6.000862 -77.987845 -697.943306 -1738.870060 0.153339 -0.301051 0.941199 0.985442 0.117358 -0.123009 -0.073425 0.946359 0.314664
6.486421 -80.951524 -1118.824365 3563.109822 0.131056 -0.295844 0.946203 0.971278 0.229522 -0.062766 -0.198606 0.927252 0.317427
32.333727 -134.705604 -1492.892178 -1882.600140 0.735574 -0.241982 0.632752 0.648923 -0.016480 -0.760675 -0.194498 -0.970141 -0.144905
23.870913 -127.747912 6016.427060 -453.060408 0.785918 -0.100583 0.610095 0.618162 0.104765 -0.779038 -0.014442 -0.989398 -0.144513
20.311984 -125.288181 -608.268378 -764.484226 0.735827 -0.233941 0.635477 0.676747 0.220899 -0.702294 -0.023919 -0.946824 -0.320862
22.780843 -144.779030 6499.237193 -2591.231712 -0.662074 0.354919 -0.660069 0.719045 0.052547 -0.692974 -0.211265 -0.933419 -0.289992
38.299546 -144.233451 -4919.042526 -2216.192259 0.660378 -0.319342 0.679648 0.634178 -0.247518 -0.732498 -0.402142 -0.914743 -0.039064
193.998532 -2097.443218 -77332.051979 1048141.730244 -0.414698 0.506177 -0.756182 0.752250 -0.276878 -0.597879 -0.512002 -0.816776 -0.265951
30.802144 -692.926766 -13239.271345 -329060.900590 -0.413042 0.552104 -0.724277 0.877186 0.454981 -0.153419 0.244829 -0.698694 -0.672224
-61.043973 -3458.698116 2038.315846 -3475101.092995 -0.418749 0.718803 -0.554951 0.843398 0.081296 -0.531104 -0.336644 -0.690444 -0.640280
111.867667 -851.065637 -18788.451311 184308.739609 -0.190142 0.707813 -0.680328 -0.446009 0.555055 0.702132 -0.874598 -0.436937 -0.210152
28.136593 -81.706050 14554.982620 -15062.990051 0.082657 0.981987 -0.169909 0.983789 -0.053175 0.171267 0.159148 -0.181311 -0.970463
196.476152 -177.054816 70067.335933 -8003.367703 0.494903 0.855548 -0.152018 -0.308417 0.336502 0.889744 -0.812373 0.393452 -0.430402
-1.839691 -26.215386 -13.065665 -128.317523 -0.665537 0.200061 0.719053 0.052079 0.973505 -0.222654 -0.744546 -0.110737 -0.658322
-2.245744 -25.946816 -551.892484 -105.951445 -0.671913 0.231795 0.703423 -0.021296 0.943324 -0.331190 -0.740323 -0.237512 -0.628895
0.305569 -26.726493 2490.473696 -215.347258 -0.629125 0.222508 0.744776 0.018071 0.962081 -0.272165 -0.777094 -0.157767 -0.609290
3.303065 -26.521107 -137.555696 -370.839677 -0.415144 -0.074620 0.906690 -0.042914 0.997127 0.062414 -0.908743 -0.012999 -0.417153
0.189672 -26.546169 -338.138982 -771.837796 -0.410571 -0.157753 0.898079 -0.188799 0.978284 0.085529 -0.892068 -0.134441 -0.431439
0.080210 -24.965579 308.932635 -195.606707 -0.424793 0.019305 0.905085 -0.037693 0.998528 -0.038989 -0.904506 -0.050678 -0.423440
-4.084014 -11.882191 387.098368 -728.332732 0.719513 0.426717 -0.547918 -0.657758 0.165573 -0.734806 0.222833 -0.889100 -0.399809
-3.422260 -13.409185 332.980574 -762.840969 0.726081 0.437261 -0.530668 -0.658095 0.218226 -0.720617 0.199292 -0.872456 -0.446209
-2.729832 -10.917603 316.934384 -558.502844 0.773985 0.415150 -0.478119 -0.592118 0.206966 -0.778820 0.224373 -0.885898 -0.406007
-928.181224 -1278.274657 370424.525259 -604297.724638 0.621382 -0.033511 0.782791 0.091889 0.995307 -0.030332 -0.778101 0.090778 0.621545
-895.720186 -1322.424757 186233.100285 -270847.970571 0.495014 0.482285 0.722746 0.117814 0.786871 -0.605767 -0.860861 0.385013 0.332692
1238.975749 -157919.993694 -2345296.665821 113627309.601743 -0.078523 0.809428 0.581945 0.391156 -0.511920 0.764810 -0.916968 -0.287687 0.276415
-1199.231181 -1658.360891 417225.519977 -683928.515838 0.548274 0.057314 0.834332 -0.402187 0.892777 0.202964 -0.733240 -0.446837 0.512538
-455.237248 -2469.939277 123330.414040 741244.366640 0.876456 -0.375351 0.301555 -0.027973 -0.664946 -0.746368 -0.480668 -0.645723 0.593296
-1316.742123 -2440.578063 -319126.441687 -1046084.800924 -0.276479 0.527611 0.803235 -0.556124 0.593814 -0.581473 -0.783764 -0.607463 0.129240
6.280088 -152.254885 842.690437 21243.797553 0.663305 0.370502 0.650196 0.598832 -0.783853 -0.164241 -0.448807 -0.498299 0.741802
51.364872 -454.462562 -176.241567 71734.944551 0.374051 -0.790203 -0.485454 0.839340 0.065807 0.539609 -0.394454 -0.609302 0.687864
7.225739 -897.013202 7669.272430 -173095.944600 0.583231 -0.715463 -0.384648 -0.486370 0.071686 -0.870807 -0.650605 -0.694963 0.306170
-2.458469 -10.829699 -1139.104121 -119.249101 -0.337331 -0.657358 -0.673860 0.866097 -0.497218 0.051478 -0.368895 -0.566264 0.737063
507.271022 -908.692328 155349.507030 161498.771967 0.154188 0.960990 0.229618 0.753960 -0.264634 0.601259 -0.638569 -0.080416 0.765352
1.902230 -600.914086 -2643.052355 177260.661936 0.780734 -0.624300 0.026515 0.602756 0.763622 0.231443 -0.164738 -0.164713 0.972487
7.629714 -403.819303 -2544.939814 -74359.146018 0.682347 -0.696855 -0.220899 -0.628961 -0.405628 -0.663230 -0.372572 -0.591490 0.715073
-4.248428 -464.577357 -1254.855301 82507.126144 0.417355 -0.797380 -0.435890 0.779254 0.067253 0.623089 -0.467524 -0.599718 0.649430
-9.848933 -27.233634 -689.968887 4352.554700 0.549033 -0.785533 -0.285483 0.732494 0.287737 0.616977 -0.402511 -0.547856 0.733375
-12.428245 -57.090894 799.925668 -13790.403167 0.761562 -0.605693 -0.230563 -0.601533 -0.528199 -0.599303 -0.241211 -0.595098 0.766600
-14.635946 -287.270548 -105.862886 -55322.077645 0.716091 -0.666830 -0.206280 -0.575191 -0.396314 -0.715605 -0.395435 -0.631089 0.667351
-14.034590 -92.886997 819.688747 -21329.823543 0.800078 -0.566538 -0.197256 -0.542959 -0.544054 -0.639688 -0.255090 -0.618902 0.742893
10.494773 -50.746143 1317.931845 7586.697780 0.731837 -0.577333 -0.362080 -0.681360 -0.609917 -0.404659 -0.012784 -0.542851 0.839731
9.151526 -32.677394 901.771183 4997.507214 0.735353 -0.592689 -0.328596 -0.668711 -0.555966 -0.493687 -0.109915 -0.582770 0.805169
12.906455 -52.801978 302.726029 6200.476516 0.759939 -0.599179 -0.251946 -0.647848 -0.666740 -0.368444 -0.052781 -0.443217 0.894859
13.164647 -66.865607 434.884449 6375.288779 0.765912 -0.584731 -0.267337 -0.639940 -0.733466 -0.229139 0.062098 -0.346580 0.935963
9.561702 -70.705376 1418.548423 9133.322254 0.743824 -0.549932 -0.379868 -0.658874 -0.698800 -0.278501 0.112296 -0.457441 0.882121
-22.084483 -38.101531 -441.478151 -1067.297554 0.345251 -0.531052 -0.773812 -0.194614 0.766079 -0.612575 0.918111 0.362087 0.161140
-20.865189 -35.060574 -195.351897 -1736.624696 0.279165 -0.679738 -0.678251 -0.076813 0.688261 -0.721385 0.957166 0.253484 0.139925
25.997743 -43.845721 -3474.565629 5734.752660 -0.558361 -0.254866 0.789478 0.630932 -0.748364 0.204636 0.538662 0.612368 0.578661
16.887128 -51.599685 -2176.874902 7195.163821 -0.583486 -0.182221 0.791416 0.655015 -0.681692 0.325964 0.480105 0.708584 0.517115
10.409234 -46.673992 -401.485913 4255.237095 -0.587406 -0.115656 0.800986 0.658688 -0.643358 0.390155 0.470197 0.756779 0.454093
21.759941 -16.595568 3745.043568 326.979333 0.748475 -0.113922 -0.653304 -0.268274 0.848912 -0.455388 0.606476 0.516111 0.604827
9.671651 -15.487653 1668.536920 442.397600 0.752537 -0.139993 -0.643498 -0.243022 0.849142 -0.468933 0.612069 0.509273 0.604990
30.089785 -17.076690 3427.123725 -28.470095 0.789660 -0.089915 -0.606920 0.301135 -0.805059 0.511075 0.534560 0.586340 0.608647
10.396199 -17.872903 1731.232346 585.000064 0.741463 -0.107239 -0.662369 -0.231960 0.885320 -0.402993 0.629625 0.452447 0.631557
21.393165 -18.409461 3389.846473 424.438749 0.743575 -0.067401 -0.665247 -0.259609 0.887756 -0.380121 0.616197 0.455353 0.642615
29.029588 -17.830510 2890.208349 -274.254120 0.785408 -0.026180 -0.618425 0.313693 -0.844463 0.434142 0.533602 0.534974 0.655035
-9.778305 -16.852402 445.692073 196.840135 0.261606 0.286655 -0.921624 0.955988 -0.208388 0.206545 -0.132848 -0.935095 -0.328554
-10.053260 -16.876998 -246.092159 -56.115782 0.466293 0.182545 -0.865591 0.866221 -0.292795 0.404884 -0.179532 -0.938588 -0.294653
-7.984506 -15.372501 420.655400 -707.011236 0.225802 0.301385 -0.926380 0.946930 -0.291220 0.136067 -0.228772 -0.907942 -0.351149
-12.297087 -16.379299 -147.946285 655.651395 0.566663 0.166574 -0.806936 0.818799 -0.223173 0.528925 -0.091981 -0.960441 -0.262855
-6.830934 -16.206844 923.445247 -422.797061 0.110027 0.362405 -0.925503 0.976943 -0.210842 0.033582 -0.182965 -0.907859 -0.377248
-8.553454 -17.963312 789.089139 134.410087 0.033680 0.364342 -0.930656 0.996080 -0.088446 0.001422 -0.081794 -0.927056 -0.365893
-11.359772 -16.380273 617.105184 369.401767 0.033888 0.314378 -0.948693 0.998926 -0.040677 0.022203 -0.031610 -0.948426 -0.315419
-1.826210 -23.343954 56.995629 -41.934568 0.583391 -0.593686 -0.554249 0.355988 0.800280 -0.482519 0.730019 0.084192 0.678221
-2.719071 -24.148661 71.613732 -150.454660 0.590703 -0.575495 -0.565576 0.195782 0.782212 -0.591450 0.782777 0.238642 0.574726
-2.328655 -24.082851 58.801745 -231.645473 0.614275 -0.559250 -0.556692 0.242610 0.805163 -0.541159 0.750871 0.197361 0.630271
-1.206304 -38.915779 57.820235 -525.348193 -0.646494 0.299606 0.701628 0.711366 -0.095598 0.696289 0.275687 0.949261 -0.151326
-1.233850 -34.282159 49.904044 -624.634685 -0.606674 0.312951 0.730759 0.785227 0.092570 0.612250 0.123958 0.945247 -0.301897
-0.948284 -35.446636 -9.420969 -569.247994 -0.619806 0.308029 0.721774 0.777028 0.112139 0.619397 0.109853 0.944745 -0.308852
-9.431723 -65.744265 -352.453217 -2963.194840 0.735617 0.042035 -0.676092 0.677390 -0.041005 0.734480 -0.003151 0.998274 0.058638
-12.549223 -70.658721 -155.215026 -2708.352811 0.712820 -0.015452 -0.701176 0.696481 -0.101958 0.710294 0.082466 0.994669 0.061915
-1.036638 -29.444200 -44.585536 -300.508267 -0.565295 0.295458 0.770160 0.717712 0.636390 0.282659 -0.406608 0.712539 -0.571803
-0.551146 -28.770493 -107.742872 11.983609 -0.571398 0.290133 0.767677 0.634763 0.749151 0.189336 -0.520174 0.595479 -0.612229
-5.488333 -26.038038 473.553558 -66.979769 -0.425950 0.446790 0.786731 0.759122 0.649586 0.042097 -0.492241 0.615156 -0.615859
-7.414735 -26.141657 654.869826 170.683460 -0.402939 0.452888 0.795319 0.837341 0.533214 0.120594 -0.369460 0.714545 -0.594075
2.243710 -64.557359 467.291773 270.478656 -0.708265 0.386709 -0.590608 0.350834 0.918804 0.180875 0.612598 -0.079098 -0.786427
-0.013044 -64.836986 266.480494 34.290167 -0.698510 0.406042 -0.589248 0.232336 0.907506 0.349932 0.676834 0.107527 -0.728240
-1.813293 -57.966092 141.637972 1642.727860 0.802210 -0.337803 0.492288 0.318190 -0.455792 -0.831269 -0.505186 -0.823494 0.258156
-1.556868 -62.018010 168.466384 1596.908226 0.809283 -0.353745 0.468963 0.206512 -0.576050 -0.790898 -0.549922 -0.736907 0.393134
-2.607594 -51.642981 -28.772082 1015.725055 0.786538 -0.347747 0.510323 0.398956 -0.344639 -0.849740 -0.471372 -0.871949 0.132336
-7.825426 -45.157030 11.496387 -466.837692 0.744380 -0.289496 -0.601739 -0.382761 0.553419 -0.739744 -0.547167 -0.780973 -0.301146
-7.798889 -44.285624 14.201567 -332.255430 0.774737 -0.243624 -0.583464 -0.378804 0.560009 -0.736816 -0.506251 -0.791857 -0.341574
-7.705632 -45.723649 -52.375891 80.427323 0.752020 -0.297904 -0.587979 -0.460070 0.401568 -0.791883 -0.472019 -0.866023 -0.164930
-6.970204 -46.487902 -25.121335 -126.031530 0.720258 -0.334889 -0.607518 -0.476173 0.398183 -0.784034 -0.504468 -0.853990 -0.127329
-7.650132 -46.326629 -121.718784 688.449981 0.755723 -0.301746 -0.581233 -0.529995 0.239547 -0.813464 -0.384692 -0.922804 -0.021107
-6.601057 -46.848400 -104.535455 377.328173 0.727775 -0.345936 -0.592175 -0.545480 0.231379 -0.805553 -0.415686 -0.909281 0.020309
-5.752633 -45.905185 -103.374800 -668.548255 -0.733640 0.282476 0.618044 0.173781 0.957254 -0.231227 -0.656941 -0.062233 -0.751369
-5.072429 -45.546508 -64.738619 -460.435600 -0.760377 0.247060 0.600657 0.155947 0.967219 -0.200417 -0.630482 -0.058722 -0.773980
-6.243515 -44.507661 -26.239495 170.125486 -0.730762 0.289747 0.618088 0.080584 0.935734 -0.343378 -0.677859 -0.201120 -0.707148
-4.343537 -47.611723 -132.847286 -1120.752746 -0.763517 0.246447 0.596913 0.250936 0.964904 -0.077405 -0.595040 0.090687 -0.798563
-6.039926 -45.095744 3.979790 -148.284420 -0.698753 0.320287 0.639656 0.084593 0.924892 -0.370701 -0.710343 -0.204918 -0.673365
-5.845968 -46.826594 -58.759962 -853.294180 -0.702235 0.305054 0.643279 0.179545 0.950229 -0.254615 -0.688933 -0.063302 -0.722055
-5.297179 -48.155310 -172.720960 -1320.751191 -0.737397 0.275215 0.616849 0.268685 0.957383 -0.105955 -0.619721 0.087607 -0.779917
-1.336884 -54.039337 151.161285 1248.444380 0.723302 -0.484116 0.492408 -0.145739 0.589999 0.794142 -0.674977 -0.646167 0.356193
-0.691113 -54.401864 82.299628 -2015.418168 0.713735 -0.494700 0.495836 -0.059445 0.662579 0.746629 -0.697889 -0.562370 0.443499
-2.514758 -57.300457 -94.570562 -2404.201433 0.708157 -0.499142 0.499370 -0.000950 0.706594 0.707619 -0.706054 -0.501580 0.499906
35.117514 -19.171919 -1561.388808 -1800.886069 0.726972 -0.601542 0.331148 -0.663356 -0.490640 0.565005 0.177400 0.630412 0.755718
37.729025 -20.974778 -599.950782 -1796.529184 0.753988 -0.620140 0.216632 -0.625756 -0.577747 0.524059 0.199831 0.530693 0.823670
40.755060 -29.276371 -789.363162 -2095.704160 0.772127 -0.608391 0.183520 -0.610812 -0.630881 0.478433 0.175295 0.481508 0.858733
42.396650 -47.544372 -1988.971555 -6760.524319 0.805310 -0.553886 0.211390 -0.582516 -0.672963 0.455847 0.110230 0.490236 0.864591
38.171646 -57.511120 -4806.102154 -7910.502225 0.799600 -0.471511 0.371911 -0.599707 -0.659415 0.453347 -0.031485 0.585534 0.810037
1.401710 -85.192083 -691.827864 9952.691660 -0.246029 0.360913 -0.899562 0.857409 0.513855 -0.028337 0.452017 -0.778264 -0.435873
3.719366 -325.238507 -720.981240 69759.753777 -0.271865 0.386304 -0.881396 0.911029 0.398378 -0.106401 0.310026 -0.831904 -0.460239
1.364788 -77.877426 457.974837 11680.321958 -0.223209 0.398668 -0.889518 0.862700 0.505615 0.010129 0.453791 -0.765126 -0.456788
17.074706 -31.332101 -2133.062743 -6696.118954 0.470362 0.881275 0.045984 0.548428 -0.332740 0.767145 -0.691366 0.335617 0.639824
13.109000 -23.522233 -2641.705178 -84.288588 0.783429 -0.202896 -0.587428 -0.599203 -0.497407 -0.627330 0.164908 -0.843457 0.511259
9.751075 -23.422828 -952.840066 -198.791255 0.765919 -0.208089 -0.608331 -0.631569 -0.420643 -0.651291 0.120364 -0.883039 0.453601
6.691351 -22.969283 -1726.332218 402.896038 0.761673 -0.269884 -0.589081 -0.646685 -0.373661 -0.664963 0.040654 -0.887435 0.459137
20.280762 -14.854572 -1639.696223 -521.736296 0.995866 -0.086326 0.028257 -0.013416 -0.447470 -0.894198 -0.089836 -0.890123 0.446778
17.245179 -16.014464 -1962.692225 -562.477312 0.986252 -0.120724 0.112843 0.050865 -0.427927 -0.902381 -0.157228 -0.895714 0.415903
18.696145 -15.627154 -3412.992512 -690.388476 0.981531 -0.169233 0.089208 -0.001842 -0.474652 -0.880172 -0.191297 -0.863751 0.466197
12.383143 -16.935455 -1290.697603 -95.910013 0.978562 -0.142278 0.148909 0.074464 -0.429691 -0.899900 -0.192020 -0.891697 0.409884
0.098537 -4.187547 449.632446 251.491409 0.689021 0.388538 -0.611791 -0.659051 -0.015268 -0.751944 0.301499 -0.921306 -0.245546
0.304251 -5.913013 451.906174 -407.469672 0.602843 0.379469 -0.701843 0.731613 0.088034 0.676012 0.318312 -0.921007 -0.224554
5.626438 -55.837222 410.870564 212.722760 -0.568364 0.374455 0.732630 0.770424 0.554766 0.314137 -0.288809 0.742979 -0.603798
3.476455 -60.062677 263.438097 1438.105866 -0.619230 0.300989 0.725231 0.720114 0.585897 0.371699 -0.313034 0.752417 -0.579551
1.636615 -62.858255 -70.019079 942.228526 0.647134 -0.276702 -0.710390 0.620133 0.733063 0.279381 -0.443455 0.621333 -0.645982
-78.236924 -824.055423 12552.237678 184803.437907 -0.534182 -0.562510 -0.631056 -0.127506 0.791557 -0.597645 0.835698 -0.238788 -0.494559
-62.700773 -1087.012587 -14318.888133 175304.555292 -0.458198 -0.463711 -0.758305 -0.457652 0.854434 -0.245963 0.761977 0.234340 -0.603719
-105.087353 -1444.819609 -21897.857864 -25006.304406 -0.455010 -0.533634 -0.712882 -0.049564 0.814489 -0.578058 0.889106 -0.227689 -0.397049
-11.140951 -314.798339 -4079.085114 87620.745939 -0.401558 -0.442814 -0.801665 -0.277667 0.893004 -0.354182 0.872727 0.080372 -0.481548
-70.364523 -184.273615 13002.862663 34338.833572 -0.580333 -0.627987 -0.518503 -0.195246 0.725406 -0.660049 0.790628 -0.281813 -0.543589
12.563520 -93.860144 -670.518716 -2217.735684 0.719117 -0.368310 -0.589253 0.532309 -0.253107 0.807827 0.446675 0.894586 -0.014042
9.555602 -91.700354 -514.427523 -2641.729799 0.769361 -0.341733 -0.539724 0.421373 -0.363538 0.830834 0.480134 0.866636 0.135695
8.541394 -80.860718 -405.722834 -3478.089919 0.739684 -0.327904 -0.587661 0.567202 -0.166154 0.806644 0.362144 0.929985 -0.063086
10.102495 -141.011964 1535.410673 -16680.251308 -0.514700 -0.498095 -0.697843 -0.107023 0.844894 -0.524119 0.850664 -0.195079 -0.488175
24.798481 -140.249602 2665.782962 -13596.489223 -0.475813 -0.487787 -0.731892 -0.179024 0.868416 -0.462390 0.861134 -0.088986 -0.500529
12.783545 -136.065949 1098.313857 -5336.585638 -0.499461 -0.506404 -0.702918 -0.466388 0.840931 -0.274439 0.730082 0.190761 -0.656193
11.999236 -47.825832 8275.410591 -2588.156605 -0.584566 0.025098 0.810958 0.720358 0.475957 0.504529 -0.373319 0.879110 -0.296308
-3.824294 -45.612487 -5728.411414 -3459.766084 0.666133 -0.059129 -0.743486 0.639821 0.557569 0.528910 -0.383270 0.828022 -0.409247
5.193152 -41.028197 5428.665095 -3345.594949 -0.586299 0.093899 0.804634 0.670035 0.614465 0.416517 -0.455309 0.783336 -0.423176
0.287324 -30.416615 3329.497082 -2635.851106 -0.593590 0.175256 0.785453 0.626250 0.713567 0.314060 -0.505432 0.678312 -0.533320
9.135191 -38.049346 1719.278779 -1842.361666 -0.569732 0.228242 0.789500 0.713917 0.613318 0.337881 -0.407096 0.756139 -0.512373
4.251358 -9.622694 -830.280478 1018.512901 0.084255 0.816692 0.570889 -0.673378 -0.375639 0.636755 -0.734481 0.438074 -0.518293
6.030204 -8.323866 -2466.837151 573.528010 0.530483 0.846838 0.038123 -0.424719 0.226597 0.876508 -0.733622 0.481165 -0.479874
8.810425 -11.716922 -1932.060317 -751.791312 -0.573399 0.225331 0.787680 0.760295 0.504544 0.409129 -0.305230 0.833463 -0.460624
