13217
26419
-49.882345 -72.689543 -468.152018 6440.215630 0.132489 -0.983388 0.124079 0.983745 0.115151 -0.137792 0.121215 0.140318 0.982658
-37.753120 -63.563626 -2415.766865 8910.611463 -0.149148 0.988225 -0.034138 0.950551 0.133780 -0.280277 0.272410 0.074252 0.959312
-41.093977 -58.765819 -390.871376 5180.859708 0.228417 0.951855 -0.204446 0.942440 -0.268858 -0.198803 0.244198 0.147268 0.958478
-33.221001 -46.847413 -1763.963643 4672.858942 0.260300 0.950294 -0.170835 0.897955 -0.303291 -0.318891 0.354853 0.070395 0.932268
-46.770783 -69.641819 286.924267 4775.716669 -0.189495 -0.953125 0.235890 0.976379 -0.208312 -0.057351 0.103801 0.219451 0.970086
-34.273863 -49.296170 -660.178978 3192.070107 0.532582 0.775368 -0.339355 0.775113 -0.607852 -0.172380 0.339935 0.171232 0.924729
-40.385707 -59.118383 400.732034 4554.532872 -0.415445 -0.847532 0.330295 0.877786 -0.468763 -0.098757 0.238530 0.248900 0.938697
-39.258889 -64.293649 397.169168 2439.288167 -0.642081 0.242763 0.727185 0.671323 -0.280011 0.686235 0.370212 0.928795 0.016817
-39.399108 -59.789033 193.631656 2207.838782 0.644079 -0.339516 -0.685486 0.597635 -0.336014 0.727961 0.477487 0.878535 0.013512
-40.415414 -63.494410 210.249738 2394.922298 -0.592425 0.329663 0.735088 0.712116 -0.212393 0.669163 0.376726 0.919898 -0.108931
-40.371746 -66.685570 203.124067 862.754083 -0.581844 0.249326 0.774141 0.776622 -0.112300 0.619877 0.241487 0.961886 -0.128291
-40.470705 -66.288656 11.532156 1946.243614 -0.611121 0.157787 0.775651 0.750041 -0.197685 0.631157 0.252923 0.967483 0.002463
8.027123 -22.958806 -2182.434439 -1765.580235 0.229714 -0.956462 0.180035 0.972369 0.217640 -0.084444 0.041585 0.194458 0.980029
7.238880 -28.516265 -2744.136724 -1883.130471 0.314517 -0.929914 0.190630 0.944258 0.285917 -0.163183 0.097242 0.231327 0.968004
13.495881 -28.971581 -1606.156634 -2106.975742 0.190522 -0.968205 0.162113 0.975413 0.168072 -0.142551 0.110772 0.185286 0.976421
13.004521 -23.994993 -1248.641664 -2468.760511 0.140051 -0.979119 0.147346 0.988550 0.129827 -0.076906 0.056170 0.156429 0.986091
15.859463 -44.507483 8375.311579 227.855046 -0.525838 0.850239 -0.024265 0.005926 -0.024865 -0.999673 0.850564 0.525810 -0.008036
30.873509 -45.705994 7651.258686 105.718339 -0.482472 0.875542 -0.025419 0.001286 -0.028312 -0.999598 0.875910 0.482311 -0.012534
30.015432 -46.823121 7787.411540 499.081970 -0.481165 0.875047 -0.052663 0.102411 -0.003553 -0.994736 0.870628 0.484025 0.087905
25.209078 -46.843017 7314.997971 908.387521 -0.486869 0.869084 -0.087476 0.223626 0.027212 -0.974295 0.844364 0.493916 0.207598
11.490892 -45.439797 8700.230699 777.266889 -0.530861 0.845445 -0.058381 0.114323 0.003184 -0.993438 0.839712 0.534053 0.098345
80.769934 -38.564031 -7653.140300 -2420.941334 0.165019 0.887122 0.431026 0.888907 -0.323120 0.324713 -0.427333 -0.329558 0.841890
63.093294 -38.420329 22630.489229 -1545.028420 -0.137353 -0.775796 -0.615852 0.867041 -0.394789 0.303944 -0.478930 -0.492221 0.726873
74.663575 -31.646399 -15288.698331 -1896.360873 0.152081 0.842438 0.516884 0.858796 -0.371493 0.352793 -0.489225 -0.390245 0.779979
71.774765 -30.558994 5562.551096 -3564.561845 0.245339 0.941736 0.230093 0.847023 -0.323684 0.421640 -0.471551 -0.091449 0.877084
62.191341 -24.933852 -14581.608705 -3887.164463 0.158953 0.849993 0.502241 0.809400 -0.403487 0.426697 -0.565337 -0.338689 0.752119
0.104026 -62.505213 -1246.508660 -420.210179 0.109338 0.968888 -0.222041 -0.851024 -0.024179 -0.524570 0.513619 -0.246318 -0.821902
-1.804755 -63.651118 -1588.375020 1239.329974 0.097135 0.968048 -0.231186 -0.787115 -0.067440 -0.613109 0.609110 -0.241525 -0.755414
0.528438 -63.623683 -1141.933452 1501.341182 0.108870 0.971125 -0.212282 -0.759503 -0.056513 -0.648045 0.641329 -0.231781 -0.731420
2.742558 -61.140277 -484.267131 -799.239960 0.112081 0.973608 -0.198810 -0.841036 -0.013613 -0.540808 0.529241 -0.227821 -0.817314
2.595451 -65.445601 -302.297407 -2669.045852 0.117798 0.974003 -0.193499 -0.912034 0.029034 -0.409085 0.392832 -0.224667 -0.891744
1.321794 -46.117896 -988.428163 -323.354318 -0.188511 0.973724 -0.127770 0.096962 0.147921 0.984235 -0.977273 -0.173150 0.122299
2.637231 -45.635417 -641.643494 584.860850 -0.187965 0.970039 -0.153926 -0.001604 0.156416 0.987690 -0.982174 -0.185898 0.027845
2.628437 -46.270813 -1177.011167 285.239888 -0.192705 0.971612 -0.137237 -0.034698 0.133023 0.990505 -0.980643 -0.195638 -0.008079
1.353949 -48.237255 -0.320769 -1025.056322 -0.166946 0.981048 -0.098356 0.053329 0.108595 0.992655 -0.984523 -0.160475 0.070448
-0.350079 -52.915370 245.116204 -2944.260800 -0.158075 0.984418 -0.077023 0.191477 0.107083 0.975638 -0.968684 -0.139476 0.205420
0.814971 -49.460445 -15.799643 -1703.129504 -0.170865 0.979446 -0.107199 0.208795 0.142321 0.967548 -0.962917 -0.142937 0.228821
4.126348 -19.836230 -1925.137898 512.696587 0.168883 0.963752 -0.206544 -0.726069 -0.020071 -0.687329 0.666560 -0.266043 -0.696361
8.240708 -24.379183 -1571.946279 448.850367 0.244181 0.960802 -0.131285 -0.662826 0.066544 -0.745811 0.707840 -0.269131 -0.653093
8.675851 -25.616383 -1276.639270 -203.818991 0.095025 0.964971 -0.244543 -0.736881 -0.096982 -0.669030 0.669311 -0.243773 -0.701853
2.321305 -18.525530 -1329.286738 1639.758819 0.311134 0.946843 -0.081751 -0.669940 0.157502 -0.725516 0.674074 -0.280501 -0.683333
-1.085715 -12.840127 -1216.263211 2103.712503 0.205925 0.961937 -0.179643 -0.740555 0.033190 -0.671175 0.639666 -0.271247 -0.719202
3.819424 -134.389256 551.970373 -3969.483066 0.817959 -0.205531 0.537308 -0.432827 0.395381 0.810145 0.378951 0.895227 -0.234446
3.760269 -132.822462 -1979.586835 -867.517071 0.829015 -0.181483 0.528959 -0.491932 0.213187 0.844129 0.265963 0.960008 -0.087458
3.946293 -131.237558 309.472163 -3205.533179 0.825935 -0.206733 0.524493 -0.485215 0.213025 0.848049 0.287050 0.954925 -0.075635
2.786669 -150.532435 2573.988058 -2466.763105 0.826518 -0.219811 0.518220 -0.488597 0.177030 0.854361 0.279539 0.959345 -0.038919
1.944829 -105.502803 -815.801450 -7259.661934 0.844365 -0.210942 0.492495 0.124132 0.971242 0.203175 -0.521190 -0.110420 0.846267
0.836602 -95.270984 -1150.011080 -3163.281635 0.838993 -0.192212 0.509063 0.009044 0.940330 0.340144 -0.544067 -0.280774 0.790669
-0.852897 -109.731081 -904.707313 -4923.294098 0.838946 -0.195993 0.507698 0.081856 0.967730 0.238322 -0.538024 -0.158381 0.827917
2.807389 -96.663868 -755.720703 -5248.884063 0.844274 -0.191777 0.500423 0.005547 0.936856 0.349673 -0.535883 -0.292443 0.792027
4.339460 -110.866490 -1287.917514 -8122.799925 0.842830 -0.204989 0.497611 0.135379 0.975642 0.172612 -0.520874 -0.078117 0.850052
-5.444332 -92.613241 -237.926211 7379.538914 0.062309 0.993359 -0.096728 0.780042 -0.108928 -0.616173 0.622617 0.037059 0.781649
-6.173478 -85.406563 -707.014635 4941.032860 0.094292 0.990168 -0.103331 0.669126 -0.139886 -0.729864 0.737143 0.000321 0.675737
-6.963598 -81.492749 -222.314480 5082.406839 0.062181 0.992575 -0.104540 0.683869 -0.118662 -0.719890 0.726950 0.026728 0.686170
28.708057 -104.775315 -1607.175495 -11393.846647 -0.258616 0.959812 -0.108990 -0.928948 -0.216173 0.300539 -0.264901 -0.178971 -0.947522
28.407260 -84.484906 913.204659 -7535.396977 -0.268821 0.962180 -0.044100 -0.951044 -0.257905 0.170297 -0.152483 -0.087720 -0.984405
27.628593 -100.980160 126.782790 -10176.609791 -0.250273 0.966730 -0.052887 -0.906069 -0.214619 0.364662 -0.341179 -0.139184 -0.929637
25.014112 -117.759720 -729.149268 -10546.584998 -0.229375 0.968959 -0.092230 -0.847539 -0.152237 0.508431 -0.478608 -0.194790 -0.856149
20.422737 -109.842897 590.176948 -9394.484124 -0.214687 0.976493 -0.019238 -0.839756 -0.174495 0.514160 -0.498717 -0.126539 -0.857478
16.581688 -147.756028 819.137844 -9972.414037 0.860398 -0.079703 0.503351 0.465834 0.523554 -0.713366 0.206674 -0.848256 -0.487593
9.638458 -161.502945 -3118.839457 10318.685613 0.894607 -0.125869 0.428759 0.437476 0.442241 -0.782967 0.091063 -0.888020 -0.450697
5.248802 -158.844105 -298.476206 7123.146753 0.871338 -0.106325 0.479025 0.485208 0.332138 -0.808862 0.073100 -0.937219 -0.340995
4.589488 -144.315412 363.535099 9639.019777 0.841706 -0.111938 0.528205 0.539375 0.218870 -0.813124 0.024588 -0.969312 -0.244601
11.739168 -138.044141 1338.296971 -5918.353399 0.824335 -0.084528 0.559757 0.545519 0.382823 -0.745557 0.151267 -0.919947 -0.361686
-3.637800 -8.160203 -793.714426 547.798194 -0.467943 -0.420061 -0.777546 -0.629790 0.775732 -0.040060 0.619995 0.470945 -0.627548
0.456090 -9.336738 -2219.107123 1337.531145 -0.300438 -0.572854 -0.762611 -0.725145 0.656580 -0.207528 0.619598 0.490653 -0.612664
-3.333342 -11.037118 -728.811284 -1251.937593 -0.451568 -0.429509 -0.782054 -0.619400 0.781793 -0.071716 0.642207 0.452020 -0.619070
3.102798 -1.624654 4479.360840 2996.489972 -0.006343 0.754418 0.656364 -0.804752 0.385768 -0.451174 0.593577 0.531072 -0.604672
-2.626317 -5.096131 2169.147423 -1089.700300 -0.691250 0.713235 -0.116059 -0.390165 -0.503571 -0.770836 0.608231 0.487558 -0.626373
-5.933384 -8.575495 -158.573578 -505.018180 -0.664223 -0.129461 -0.736239 -0.416833 0.881703 0.221021 0.620531 0.453696 -0.639611
11.503681 -991.229643 1530.023030 340747.610521 0.844347 -0.535740 0.007723 0.117145 0.198652 0.973044 0.522833 0.820682 -0.230491
-12.673347 -303.385505 1520.515831 36704.932138 0.847436 -0.486368 0.212836 -0.184200 0.106631 0.977088 0.497919 0.867223 -0.000774
-11.315450 -199.420486 -55.335971 7135.850181 0.837938 -0.492335 0.235514 -0.234898 0.064173 0.969899 0.492629 0.868037 0.061875
-1.448544 -15.398853 109.590795 1781.176392 0.406275 0.913368 0.026455 -0.637504 0.304072 -0.707905 0.654622 -0.270739 -0.705812
1.155155 -19.900177 -987.908931 1713.944653 0.408434 0.912585 0.019250 -0.614799 0.290623 -0.733185 0.674688 -0.287623 -0.679756
-2.689339 -15.372102 266.878311 1649.008176 0.487625 0.864740 0.120195 -0.590394 0.428033 -0.684268 0.643161 -0.262704 -0.719257
13.460286 -31.851990 -4757.169812 -364.596694 -0.433498 -0.647191 -0.627075 -0.284940 0.758597 -0.585952 0.854920 -0.075330 -0.513261
12.788025 -30.408933 4627.518407 -275.691691 0.392930 0.705084 0.590307 -0.249709 0.699631 -0.669449 0.885015 -0.115641 -0.450972
3.124250 -33.217090 5459.262726 -903.317903 0.340473 0.773184 0.535037 -0.351875 0.632462 -0.690055 0.871930 -0.046679 -0.487400
2.355104 -34.193307 4193.245236 -1773.359688 0.386350 0.715719 0.581791 -0.372261 0.698110 -0.611608 0.843893 -0.019716 -0.536149
8.241828 -33.413283 -3250.734095 -1568.813726 -0.471857 -0.585886 -0.658854 -0.304799 0.809598 -0.501646 0.827314 -0.035887 -0.560592
16.654865 -33.565844 -1651.301969 -425.429025 -0.527073 -0.527284 -0.666457 -0.239115 0.844567 -0.479093 0.815486 -0.093157 -0.571231
-2.934661 -28.323104 1480.299197 -100.450321 -0.094773 0.977547 -0.188204 0.150469 -0.172817 -0.973393 0.984062 0.120570 0.130712
0.770753 -28.371111 531.099396 -6.090445 -0.110839 0.989650 -0.091149 0.167767 -0.071767 -0.983211 0.979576 0.124270 0.158076
1.460522 -28.656403 1358.519093 384.711692 -0.107468 0.983278 -0.147020 0.215687 -0.121296 -0.968900 0.970531 0.135836 0.199045
-3.562443 -39.947417 3358.411621 -1899.540533 0.045381 0.955861 -0.290295 0.795210 0.141319 0.589636 -0.604634 0.257603 0.753697
-2.378030 -41.099468 3093.198830 -1854.353185 0.055020 0.956917 -0.285100 0.862553 0.098280 0.496330 -0.502966 0.273222 0.819985
7.172096 -35.564617 5511.019936 -876.008268 -0.071671 0.926603 -0.369147 0.801222 0.273912 0.531993 -0.594060 0.257640 0.762046
-19.266213 -51.910433 11911.453686 1979.353273 -0.119548 0.989671 -0.079119 -0.047786 -0.085333 -0.995206 0.991678 0.115195 -0.057494
-50.369077 -57.777528 20448.919912 -8162.236015 -0.087891 0.829834 0.551045 -0.192726 0.528568 -0.826724 0.977309 0.178862 -0.113474
2.897737 -82.924951 9150.682825 -7921.705723 -0.090860 0.975760 0.199092 -0.236717 0.173028 -0.956047 0.967321 0.133995 -0.215258
9.766400 -77.439715 -10.226687 4685.741166 -0.006715 0.998852 -0.047439 -0.108068 -0.047888 -0.992990 0.994121 0.001541 -0.108265
10.825443 -40.824111 6139.200624 -3857.154482 -0.044272 0.940724 -0.336271 0.908076 0.178212 0.378998 -0.416460 0.288581 0.862138
1.911542 -46.321783 -4632.243078 -1732.198244 -0.060312 -0.953338 0.295819 0.962036 0.023510 0.271907 -0.266174 0.300988 0.915728
19.841267 -39.435456 9100.535691 -3085.706221 -0.080278 0.934619 -0.346473 0.929154 0.196009 0.313453 -0.360871 0.296763 0.884140
13.713357 -43.218803 -7883.988586 -869.774104 0.025087 -0.945606 0.324345 0.974606 0.095352 0.202610 -0.222517 0.311026 0.923985
65.902006 -32.822397 12400.380566 -2242.151828 0.580683 0.802907 0.134708 0.331427 -0.384266 0.861682 -0.743615 0.455719 0.489242
59.889983 -37.077061 11199.882425 -2961.541000 0.500786 0.864731 0.038131 0.464477 -0.305641 0.831171 -0.730394 0.398527 0.554708
72.376962 -45.122588 -3481.147412 -2633.819763 0.329480 0.902552 0.277205 0.340577 -0.387444 0.856676 -0.880596 0.187848 0.435044
54.008895 -27.033305 16777.610740 -2704.384249 0.681807 0.731135 0.024105 0.360614 -0.364588 0.858506 -0.636472 0.576643 0.512236
-10.840965 -17.018648 2227.577394 -931.952027 -0.008357 0.850320 0.526200 -0.798472 0.311106 -0.515418 0.601974 0.424464 -0.676356
-11.801023 -22.643762 1192.026245 -2403.777047 -0.325886 0.902717 0.280892 -0.765353 -0.077486 -0.638929 0.555007 0.423199 -0.716149
-8.337748 -16.893023 1418.337224 -1749.141867 -0.152252 0.883379 0.443238 -0.800408 0.152881 -0.579633 0.579798 0.443022 -0.683788
-6.445897 -13.779523 1719.050676 -35.213629 0.170417 0.747311 0.642249 -0.775234 0.504016 -0.380762 0.608252 0.433005 -0.665234
-2.051013 -22.465206 2318.701709 -2258.022913 0.182539 0.964370 0.191496 0.217337 -0.229528 0.948726 -0.958876 0.131560 0.251492
-5.621238 -22.677116 1213.638791 -1798.283242 0.154710 0.973737 0.167038 0.238737 -0.200910 0.950073 -0.958681 0.107108 0.263550
-2.104886 -26.837765 1830.868946 -2553.467170 0.157888 0.977222 0.141802 0.279707 -0.181982 0.942680 -0.947014 0.109175 0.302069
2.065406 -24.581183 1930.145564 -3083.106248 0.174722 0.970254 0.167567 0.225046 -0.205032 0.952531 -0.958554 0.128717 0.254176
1.393414 -30.708622 1760.181788 -2989.131954 0.157680 0.978458 0.133258 0.303036 -0.176380 0.936515 -0.939844 0.107288 0.324319
-1.054322 -33.040333 1244.355478 -1966.735475 0.128886 0.987759 0.087863 0.367412 -0.129861 0.920947 -0.921084 0.086416 0.379652
-0.782575 -66.140147 -855.299984 2926.140876 -0.040701 0.989610 -0.137896 -0.921482 0.016178 0.388084 -0.386282 -0.142864 -0.911250
-1.023855 -67.304347 -676.590131 3309.014396 -0.035634 0.989818 -0.137804 -0.939790 0.013707 0.341477 -0.339889 -0.141675 -0.929733
-0.991311 -71.711486 -955.890501 1354.386217 -0.016038 0.989079 -0.146513 -0.979703 0.013738 0.199982 -0.199811 -0.146747 -0.968783
1.125418 -68.607649 -730.379738 3169.043712 -0.030799 0.991817 -0.123900 -0.922569 0.019488 0.385338 -0.384600 -0.126174 -0.914420
1.797456 -73.604960 -808.631581 158.850741 -0.003427 0.990973 -0.134020 -0.984910 0.019845 0.171928 -0.173036 -0.132587 -0.975951
-2.531959 -70.539507 -650.402297 1754.653575 -0.004130 0.990208 -0.139541 0.999514 0.008400 0.030022 0.030901 -0.139350 -0.989761
-0.083152 -73.593500 -1312.011181 1188.588744 0.003169 0.987854 -0.155351 0.999752 0.000298 0.022287 0.022063 -0.155383 -0.987608
4.624032 -130.814354 -3882.324040 -8853.431880 0.056942 0.960229 0.273344 0.869881 0.086647 -0.485592 0.489964 -0.265428 0.830351
2.901506 -139.303589 -5704.520549 -2016.557314 0.092546 0.959336 0.266662 0.716326 0.121871 -0.687041 0.691602 -0.254600 0.675919
-4.805845 -129.759387 -3812.641772 -7887.967255 0.071503 0.963012 0.259797 0.856811 0.074045 -0.510287 0.510649 -0.259084 0.819825
-1.128035 -111.556287 -3532.300724 -12124.651041 0.044809 0.959435 0.278347 0.958787 0.036950 -0.281712 0.280569 -0.279499 0.918238
-4.338507 -117.240211 -579.989265 -3917.558884 0.038761 0.980684 -0.191718 0.999197 -0.039992 -0.002554 -0.010172 -0.191465 -0.981447
-2.427897 -115.742336 -333.416346 -2106.536446 0.053668 0.980300 -0.190081 0.998539 -0.053897 0.003967 -0.006356 -0.190016 -0.981760
-3.146826 -126.389424 -357.163138 -4971.302434 -0.000885 0.984674 -0.174403 -0.973641 0.038930 0.224738 -0.228083 -0.170005 -0.958685
57.231440 -24.892376 18025.822650 2375.570326 0.014900 0.965585 -0.259660 0.697520 0.176027 0.694608 -0.716410 0.191468 0.670892
58.997649 -16.883877 7497.496872 1558.370654 -0.122280 0.980512 -0.153765 0.708379 0.194735 0.678437 -0.695160 0.025965 0.718386
66.511628 -21.754143 4144.615294 2260.627830 -0.236457 0.964119 -0.120676 0.665795 0.251230 0.702567 -0.707675 -0.085781 0.701311
83.630622 -30.223579 22616.031180 1845.295191 -0.053221 0.963617 -0.261936 0.619691 0.237560 0.748029 -0.783039 0.122508 0.609788
42.075953 -34.124542 19428.062952 1566.712719 0.078432 0.952609 -0.293913 0.622111 0.183604 0.761096 -0.778990 0.242541 0.578228
7.645431 -134.098311 331.846261 276.482013 0.695088 0.701914 -0.155464 0.486966 -0.300598 0.820064 -0.528883 0.645722 0.550750
7.946558 -136.481785 116.265044 -1267.568611 0.713557 0.686083 -0.141869 0.441207 -0.282762 0.851694 -0.544217 0.670326 0.504471
5.961959 -135.407599 -21.159001 -117.071911 0.712654 0.687683 -0.138622 0.572375 -0.455749 0.681674 -0.405599 0.565142 0.718404
5.860702 -133.182685 423.049832 -548.541499 0.689331 0.708377 -0.151736 0.611424 -0.456542 0.646320 -0.388565 0.538304 0.747828
-3.350079 -119.704602 63.540699 3360.228796 0.090422 0.986627 -0.135611 -0.879025 0.015061 -0.476538 0.468123 -0.162295 -0.868632
-3.563156 -114.924940 -544.846021 -2782.660605 0.116151 0.985834 -0.120997 -0.768585 0.012049 -0.639634 0.629115 -0.167291 -0.759097
-2.063362 -120.971474 -192.695257 -4909.474843 0.109427 0.985429 -0.130216 -0.709639 -0.014281 -0.704420 0.696016 -0.169489 -0.697736
-2.426697 -126.655553 -464.579609 931.477207 0.095950 0.982479 -0.159775 -0.843455 -0.004985 -0.537177 0.528562 -0.186305 -0.828199
-6.885654 -133.871361 912.932248 4141.000180 0.750555 0.652791 -0.102617 0.609536 -0.623946 0.489037 -0.255211 0.429598 0.866206
-8.745283 -116.589090 1215.783870 -2669.217654 0.737305 0.669411 -0.090945 0.640529 -0.649920 0.409056 -0.214720 0.359852 0.907966
-8.092768 -131.408997 1190.818330 141.452914 0.733660 0.667451 -0.127488 0.675276 -0.695207 0.246353 -0.075798 0.266828 0.960759
-5.819497 -129.443184 619.298562 -1005.645746 0.734032 0.663925 -0.142834 0.675175 -0.736073 0.048329 0.073050 0.131913 0.988566
-5.907157 -131.087064 877.748199 2482.935797 0.737245 0.662425 -0.132902 0.667732 -0.684415 0.292764 -0.102974 0.304581 0.946904
-6.928613 -133.543169 817.570062 2960.798999 0.723385 0.678025 -0.130367 -0.681492 0.731470 0.022809 0.110824 0.072344 0.991203
-15.310677 -45.620891 -4.041702 613.462854 0.093728 0.969700 0.225605 -0.641542 -0.114459 0.758501 -0.761340 0.215828 -0.611375
-12.441053 -44.713174 -585.271399 655.572309 0.087795 0.972841 0.214179 -0.553238 -0.131181 0.822630 -0.828384 0.190715 -0.526695
-15.569152 -45.100229 241.142410 694.752613 0.090389 0.956050 0.278923 -0.589716 -0.174309 0.788575 -0.802536 0.235764 -0.548043
35.934497 -386.136250 -10211.756531 -33743.124086 0.869289 0.475253 -0.135912 -0.388095 0.485914 -0.783116 0.306136 -0.733501 -0.606842
32.639943 -539.146259 -11505.226041 -39377.121283 0.823539 0.554991 -0.117337 -0.529818 0.678645 -0.508659 0.202671 -0.481069 -0.852935
21.043376 -481.427168 -7195.963279 49166.667809 0.843455 0.519958 -0.135008 -0.525176 0.745234 -0.410872 0.113024 -0.417455 -0.901641
65.086984 -480.990633 -13700.310021 -83736.079965 0.848186 0.519030 -0.105769 -0.343292 0.386563 -0.855990 0.403398 -0.762349 -0.506057
50.765617 -329.312991 -12770.049154 -45401.177636 0.889398 0.444991 -0.104664 -0.208151 0.190375 -0.959391 0.406995 -0.875066 -0.261944
24.909294 -368.703669 -7050.652407 -54206.075403 0.890111 0.443313 -0.105718 -0.201199 0.174102 -0.963954 0.408928 -0.879296 -0.244164
4409.422105 -149171.543418 -677894.116029 -64598520.366243 0.650574 0.759119 -0.022184 0.367670 -0.289268 0.883823 -0.664510 0.583148 0.467295
16.542626 -1073.126827 -2619.105972 -352496.783598 0.556206 0.822178 -0.121070 0.491034 -0.207602 0.846042 -0.670462 0.530023 0.519187
33.537462 -516.218625 -17621.010653 -95407.691782 0.609377 0.790434 -0.062242 0.671701 -0.472940 0.570216 -0.421281 0.389284 0.819134
-10.877884 -46.765159 4102.383391 2757.112078 0.265230 0.813867 -0.516985 0.649104 0.245763 0.719906 -0.712964 0.526517 0.463101
-5.433060 -40.240200 2943.182449 2934.088964 0.285758 0.810796 -0.510836 0.702139 0.185638 0.687415 -0.652183 0.555112 0.516244
-0.238411 -45.416977 2697.250388 3327.094184 0.255436 0.797014 -0.547285 0.661712 0.268593 0.699996 -0.704904 0.540950 0.458785
-3.801051 -52.214527 3421.066349 2645.937793 0.254833 0.799873 -0.543381 0.570190 0.329552 0.752515 -0.780989 0.501597 0.372099
-18.702225 -35.417288 901.703135 394.610651 -0.324346 0.941313 0.093432 -0.848891 -0.246068 -0.467798 0.417354 0.231042 -0.878883
-19.582452 -34.636191 819.632936 1019.659054 -0.181672 0.976740 0.113909 -0.904714 -0.120625 -0.408586 0.385342 0.177284 -0.905584
-17.078615 -33.505369 378.675391 755.054379 -0.263536 0.959962 0.094986 -0.905441 -0.212193 -0.367629 0.332755 0.182888 -0.925109
-17.091504 -32.781410 -95.665317 1104.247990 -0.017181 0.990940 0.133198 -0.950617 0.025100 -0.309349 0.309890 0.131935 -0.941574
-16.788689 -42.752234 1304.510449 -392.134886 0.249855 0.968142 -0.016535 -0.940283 0.246672 0.234564 -0.231170 0.043059 -0.971960
-16.652906 -43.317753 641.232471 2828.413572 0.218833 0.974344 -0.052581 -0.912350 0.223424 0.343074 -0.346020 0.027104 -0.937836
-16.569241 -43.225811 419.796033 364.720565 0.199633 0.979709 -0.017805 -0.912969 0.192571 0.359727 -0.355856 0.055558 -0.932888
-16.814233 -44.419310 14.037433 468.769579 0.146825 0.987721 -0.053385 -0.894604 0.155623 0.418885 -0.422049 0.013744 -0.906469
-16.028730 -40.239004 447.585504 -586.463962 0.259198 0.965815 0.004193 -0.934137 0.249589 0.255134 -0.245365 0.070047 -0.966897
-16.104691 -44.916202 141.136630 -582.761349 0.128356 0.991652 -0.012277 -0.876945 0.119272 0.465554 -0.463132 0.048991 -0.884934
-40.935095 -80.549323 -2306.846201 13233.741633 -0.328739 0.944216 -0.019694 0.930872 0.320432 -0.175499 0.159398 0.076026 0.984283
-21.358641 -80.553157 -7194.068517 14826.504640 -0.270077 0.958181 0.094594 0.924202 0.285536 -0.253612 0.270016 -0.018929 0.962670
-24.958450 -55.050417 -5863.375361 9013.563295 -0.131246 0.990054 0.050675 0.914280 0.140645 -0.379882 0.383231 0.003526 0.923646
-39.207141 -58.194941 -735.199595 -195.330025 0.681408 -0.349538 -0.643044 0.497071 -0.423877 0.757132 0.537218 0.835554 0.115088
-40.118966 -57.975410 116.441456 273.256105 0.610457 -0.418377 -0.672535 0.561557 -0.370186 0.740011 0.558566 0.829411 -0.008960
-41.795935 -60.646589 148.998657 2705.704385 -0.588016 0.420037 0.691235 0.639586 -0.281686 0.715250 0.495142 0.862683 -0.103014
65.430807 -113.001613 1419.120894 -1445.468760 -0.084705 0.990944 0.104186 -0.757879 0.003807 -0.652383 0.646872 0.134221 -0.750694
61.183473 -95.221015 -964.920156 408.829482 -0.157857 0.969842 0.185707 -0.789601 -0.011042 -0.613522 0.592969 0.243483 -0.767531
63.603933 -103.787021 -294.952856 1140.600611 -0.070809 0.984113 0.162811 -0.899229 0.007663 -0.437411 0.431710 0.177377 -0.884400
63.813086 -116.481667 909.283535 1955.962115 0.003797 0.999766 0.021295 -0.891918 0.013015 -0.452011 0.452182 0.017278 -0.891758
14.978874 -34.582155 -1691.828575 -1820.943532 0.245812 -0.954929 0.166395 0.949469 0.202644 -0.239676 0.195155 0.216903 0.956487
7.503930 -33.042211 -3478.606952 -1538.404393 0.352247 -0.915837 0.192782 0.920654 0.302039 -0.247323 0.168279 0.264604 0.949561
-1.546633 -27.015773 -2006.753268 -1652.262123 0.450881 -0.877477 0.163527 0.890784 0.430725 -0.144846 0.056664 0.210975 0.975848
1.779471 -30.137107 -2883.482698 -1613.718572 0.398741 -0.899698 0.177622 0.910547 0.365361 -0.193431 0.109133 0.238862 0.964902
21.520329 -42.671001 7558.571877 293.709617 -0.503651 0.863822 0.012108 -0.112270 -0.051550 -0.992340 0.856581 0.501152 -0.122944
64.667647 -47.110553 28086.470162 -1758.896549 -0.075650 -0.757015 -0.649004 0.909284 -0.319501 0.266685 -0.409242 -0.569954 0.712512
21.086965 -45.638979 24000.897464 -277.292198 -0.189373 -0.653685 -0.732690 0.835582 -0.499183 0.229389 -0.515694 -0.568782 0.640739
-4.496081 -63.780062 -414.380195 48.652110 0.068718 0.973786 -0.216839 -0.669962 -0.116006 -0.733276 0.739208 -0.195663 -0.644428
-3.090508 -63.957662 -1071.652897 811.810418 0.078989 0.969611 -0.231552 -0.773333 -0.086974 -0.628006 0.629060 -0.228672 -0.742962
-4.825010 -63.193450 -192.917077 -275.375266 0.051091 0.972282 -0.228162 -0.759997 -0.110365 -0.640487 0.647915 -0.206126 -0.733293
-5.104692 -63.934017 138.737675 -616.374951 0.049086 0.975861 -0.212804 -0.676846 -0.124179 -0.725575 0.734486 -0.179651 -0.654412
10.752569 -88.743559 1265.750387 2785.703391 -0.152293 0.985526 -0.074471 0.858815 0.094668 -0.503463 0.489126 0.140631 0.860801
7.264628 -82.594665 659.762522 4990.137068 -0.127740 0.988701 -0.078435 0.699811 0.033810 -0.713528 0.702814 0.146036 0.696223
9.098578 -77.467755 -326.841626 3412.008095 -0.133834 0.990589 -0.028654 0.779029 0.087291 -0.620882 0.612538 0.105417 0.783380
6.373352 -88.855821 2441.982685 6275.502123 -0.142906 0.981393 -0.128244 0.800488 0.038404 -0.598117 0.582062 0.188132 0.791081
12.633232 -84.636651 -1500.678375 2730.246031 -0.162275 0.986745 0.001267 0.882823 0.145758 -0.446517 0.440783 0.071340 0.894774
9.374721 -94.444490 3265.669638 235.939917 -0.152497 0.980936 -0.120456 0.913746 0.093499 -0.395382 0.376582 0.170361 0.910584
13.987802 -99.825805 501.455370 2978.330850 -0.179998 0.982122 -0.055111 0.935889 0.153738 -0.316979 0.302839 0.108634 0.946830
3.003634 -48.094801 -851.381088 1192.745561 -0.191585 0.969333 -0.153911 -0.108959 0.134841 0.984858 -0.975409 -0.205454 -0.079784
10.823290 -27.769598 -337.007787 -903.352047 0.175788 0.972941 -0.149944 -0.670941 0.006951 -0.741479 0.720373 -0.230947 -0.654008
5.753123 -24.452555 -1856.162742 1786.445763 0.347238 0.935974 -0.058122 -0.617199 0.181434 -0.765602 0.706039 -0.301719 -0.640683
12.727449 -29.063229 114.796141 496.365678 0.239823 0.967185 -0.083889 -0.612487 0.083696 -0.786037 0.753222 -0.239891 -0.612461
11.474600 -28.948287 -1858.315856 1553.280921 0.307886 0.948382 -0.076014 -0.592979 0.128799 -0.794850 0.744031 -0.289797 -0.602026
4.445394 -128.778459 -1365.604498 -3220.651553 0.816602 -0.190873 0.544728 -0.405466 0.481978 0.776720 0.410802 0.855140 -0.316191
-1.421979 -101.158311 -886.111683 -13.999573 0.834825 -0.160874 0.526485 -0.071402 0.916631 0.393306 -0.545865 -0.365934 0.753740
-0.156956 -91.814871 -1038.651243 111.585469 0.832566 -0.152620 0.532486 -0.125094 0.884657 0.449148 -0.539616 -0.440556 0.717443
-4.310132 -99.833306 -686.475442 7297.230372 0.087803 0.992499 -0.085064 0.791408 -0.121362 -0.599120 0.604949 0.014716 0.796128
-3.668123 -89.555615 -606.535979 4602.654829 0.115695 0.986143 -0.118899 0.655205 -0.165735 -0.737047 0.746540 -0.007370 0.665300
15.225261 -142.475433 -3852.197047 -3412.946673 0.899750 -0.117761 0.420216 0.394187 0.632479 -0.666774 0.187258 -0.765574 -0.615493
10.618589 -5.668899 6582.444103 3669.270704 0.057352 0.732343 0.678517 -0.805095 0.435822 -0.402345 0.590367 0.523195 -0.614601
5.061018 -30.232195 5845.601596 -738.721589 0.320117 0.799622 0.508065 -0.255080 0.589229 -0.766644 0.912392 -0.115819 -0.392590
0.221485 -31.745519 4916.653541 -1031.440669 0.313903 0.821857 0.475412 -0.334124 0.564312 -0.754926 0.888722 -0.078127 -0.451741
-1.944945 -30.740521 1953.444354 994.492643 -0.091744 0.972511 -0.214024 0.290430 -0.179453 -0.939919 0.952488 0.148391 0.265982
-7.112565 -32.095944 823.614360 900.582483 -0.045660 0.960850 -0.273281 0.299905 -0.247762 -0.921233 0.952876 0.124022 0.276851
-6.491725 -30.192397 1672.402552 425.313377 -0.067721 0.958840 -0.275752 0.242449 -0.252286 -0.936787 0.967798 0.130296 0.215385
-8.557953 -43.812326 1557.432536 -961.959421 0.132157 0.969518 -0.206324 0.847115 -0.002384 0.531404 -0.514714 0.245009 0.821608
-8.011687 -46.923593 1530.764943 -630.678521 0.148782 0.966450 -0.209377 0.889705 -0.038412 0.454917 -0.431612 0.253967 0.865570
-6.745413 -47.787482 1211.775841 -2943.795347 0.138277 0.965291 -0.221570 0.902813 -0.030873 0.428923 -0.407195 0.259347 0.875746
3.280910 -40.787160 4007.095461 -3221.518456 -0.019846 0.948886 -0.314994 0.887080 0.162041 0.432241 -0.461189 0.270847 0.844953
-74.270313 -94.658842 34166.338863 -17697.242983 -0.156724 0.939253 0.305353 -0.253261 0.260616 -0.931632 0.954618 0.223343 -0.197032
-9.893870 -169.956542 18096.081003 -37422.234343 -0.152323 0.936488 0.315892 -0.368942 0.242637 -0.897223 0.916886 0.253213 -0.308550
-122.823698 -231.727139 40665.961187 -64160.474368 -0.237752 0.965534 0.105919 -0.362776 0.012888 -0.931787 0.901037 0.259960 -0.347208
22.485921 -34.537996 8040.276032 -1913.185621 -0.159036 0.911209 -0.380007 0.861871 0.315878 0.396735 -0.481545 0.264422 0.835581
-34.205820 -41.868571 363.454333 -7123.722254 -0.419698 0.254448 0.871269 0.128700 0.966887 -0.220377 -0.898493 0.019640 -0.438548
-29.742116 -42.801594 -5981.402044 5131.592574 -0.295554 0.841082 0.453022 -0.417085 -0.540230 0.730884 -0.859470 -0.027067 -0.510470
-26.813653 -29.519785 -6297.763661 5100.473343 -0.213840 0.942647 0.256298 -0.388738 -0.322813 0.862945 -0.896189 -0.084900 -0.435473
-37.692677 -49.744249 258.567288 -4011.259883 -0.433861 0.449215 0.781006 0.307078 0.888666 -0.340552 -0.847035 0.092078 -0.523501
-25.522669 -34.017773 5956.238424 -4174.774720 -0.269581 -0.636294 0.722811 -0.277159 0.770107 0.574559 -0.922230 -0.045444 -0.383961
-9.716564 -81.395507 -10195.970679 -658.583749 0.271540 0.900270 -0.340265 -0.839811 0.048954 -0.540668 0.470089 -0.432571 -0.769349
15.877029 -87.329841 -11188.433717 -1921.690432 0.181323 0.909584 -0.373870 0.933957 -0.040218 0.355115 0.307971 -0.413569 -0.856805
-10.488430 -78.217701 -9697.570157 -1380.760423 0.163121 0.908727 -0.384195 0.950904 -0.041001 0.306757 0.263006 -0.415372 -0.870801
71.009875 -54.564447 -4755.041657 -2947.516892 0.195027 0.951608 0.237500 0.485770 -0.304081 0.819489 -0.852052 0.044452 0.521567
36.621051 -25.398530 11903.717645 -1617.981838 0.626598 0.779074 -0.020472 0.460268 -0.348733 0.816419 -0.628911 0.520989 0.577098
44.018061 -27.707653 14420.997975 -23.321998 0.562379 0.820655 -0.101265 0.566616 -0.293273 0.770024 -0.602226 0.490424 0.629927
59.153186 -32.288894 13702.385105 647.679445 0.457245 0.881866 -0.115061 0.638209 -0.235267 0.733034 -0.619368 0.408609 0.670390
65.805903 -46.427084 2825.920188 796.123791 0.266802 0.961615 0.064141 0.640884 -0.226732 0.733390 -0.719781 0.154563 0.676776
-17.567305 -27.818278 1461.492833 -2010.819202 -0.337543 0.921313 0.192996 -0.757255 -0.143988 -0.637050 0.559134 0.361179 -0.746270
-19.299542 -32.121097 891.591587 -1128.616155 -0.335273 0.932833 0.131961 -0.773302 -0.192476 -0.604117 0.538141 0.304590 -0.785894
-16.614340 -32.578171 1304.698711 -1433.186670 -0.421908 0.899104 0.116643 -0.754648 -0.276955 -0.594813 0.502494 0.338981 -0.795356
-14.584088 -29.655382 1281.584223 -2037.463175 -0.422469 0.891375 0.164228 -0.747493 -0.240170 -0.619332 0.512614 0.384408 -0.767761
-4.201936 -18.336070 2331.105957 -1418.731177 0.178759 0.965956 0.187015 0.183785 -0.219513 0.958142 -0.966576 0.136906 0.216768
-8.018977 -18.828500 1093.201455 -1079.463136 0.152861 0.970819 0.184781 0.192319 -0.212626 0.958021 -0.969354 0.110908 0.219209
25.681824 -124.240154 874.375294 10574.978774 -0.125375 0.957081 0.261300 0.517340 0.287804 -0.805933 0.846546 -0.034137 0.531220
22.814940 -135.775150 -1736.181014 7643.029955 -0.030527 0.960940 0.275069 0.593566 0.238847 -0.768525 0.804206 -0.139811 0.577673
21.880741 -128.081982 -85.612223 -1309.098447 -0.082635 0.964994 0.248914 0.742049 0.226304 -0.630991 0.665233 -0.132565 0.734773
-0.274219 -118.328544 -1553.078484 -7173.809547 0.066424 0.973248 -0.219946 0.996895 -0.055387 0.055978 0.042298 -0.222981 -0.973905
-0.414393 -114.410612 -1127.355587 3606.399508 0.042759 0.978001 -0.204168 0.988983 -0.070421 -0.130204 -0.141717 -0.196352 -0.970238
53.504385 -12.493758 -7024.044078 1864.512881 -0.320683 0.946424 -0.038010 0.688803 0.260561 0.676505 -0.650164 -0.190762 0.735456
43.812519 -12.305224 -823.846647 1111.963060 -0.150912 0.987252 -0.050589 0.743867 0.147114 0.651935 -0.651067 -0.060753 0.756585
-3.283362 -114.548846 934.613943 14514.656769 0.669450 0.731127 -0.131493 0.663286 -0.668008 -0.337368 0.334498 -0.138633 0.932144
3.603050 -113.380774 3594.798630 19582.489345 0.657539 0.739277 -0.145296 0.616204 -0.638654 -0.460883 0.433514 -0.213517 0.875486
0.386030 -132.582616 1229.779329 8392.595429 0.664047 0.735249 -0.135834 0.721923 -0.677775 -0.139455 0.194599 0.005457 0.980868
11.084438 -129.089601 3468.736881 19377.245291 0.677390 0.723822 -0.131240 0.645446 -0.670404 -0.366003 0.352905 -0.163218 0.921313
-1.093551 -131.156419 369.025570 2816.421948 0.685339 0.716398 -0.130709 0.722307 -0.691565 -0.003142 0.092645 0.092259 0.991416
9.315682 -141.433840 2106.046996 1235.331373 0.674183 0.729007 -0.118427 0.732460 -0.680533 -0.019435 0.094762 0.073641 0.992773
3.693415 -148.590516 -626.515275 -5380.059736 -0.665830 -0.733758 0.135166 0.742687 -0.634496 0.214082 -0.071322 0.242928 0.967419
-0.080833 -142.800462 -1210.102953 -3885.932817 -0.671882 -0.724689 0.152971 0.740635 -0.655761 0.146413 -0.005792 0.211668 0.977324
-4.263955 -114.699021 -981.271912 3488.018122 0.097292 0.985595 -0.138335 -0.918201 0.035263 -0.394543 0.383982 -0.165405 -0.908405
-5.418340 -108.745720 -959.311642 103.256780 0.109977 0.987153 -0.115909 -0.826391 0.026020 -0.562495 0.552252 -0.157648 -0.818636
-4.067629 -117.949192 250.129795 4036.201579 0.090867 0.987588 -0.128112 -0.918816 0.033525 -0.393259 0.384083 -0.153446 -0.910458
-7.214796 -115.475507 796.271169 4014.767720 0.767054 0.638890 -0.058718 0.534935 -0.586336 0.608322 -0.354222 0.498026 0.791516
-9.434376 -106.017182 101.203302 -5743.631924 0.746027 0.665186 -0.031158 0.591365 -0.640271 0.490245 -0.306154 0.384162 0.871028
-11.423823 -119.553282 404.143976 -10597.344538 0.712230 0.698676 -0.067681 0.686031 -0.672422 0.277867 -0.148629 0.244336 0.958232
-12.957014 -45.428860 1120.577683 479.884843 0.066567 0.901781 0.427036 -0.612024 -0.301114 0.731271 -0.788033 0.310035 -0.531867
-15.778907 -45.347611 -109.886436 581.099949 0.063119 0.931741 0.357595 -0.617562 -0.245006 0.747388 -0.783986 0.268011 -0.559943
-12.164645 -43.879121 138.900162 812.712431 0.066148 0.918068 0.390865 -0.522915 -0.301727 0.797196 -0.849814 0.257122 -0.460113
-9.409813 -43.683396 1430.687838 712.067404 0.085127 0.897325 0.433084 -0.510388 -0.334033 0.792418 -0.855721 0.288497 -0.429548
-10.215709 -41.943746 -122.052590 987.961474 0.065596 0.918472 0.390008 -0.425265 -0.327845 0.843604 -0.902688 0.221194 -0.369089
12.743747 -500.821332 -4150.365242 7583.721067 0.814751 0.572970 -0.088802 -0.579069 0.811853 -0.074653 -0.029321 -0.112246 -0.993248
19.446344 -678.198237 -5339.703969 -119757.775542 0.742117 0.669668 -0.028423 -0.662599 0.726565 -0.181838 0.101120 -0.153778 -0.982918
60.399572 -1168.432249 -1207.407034 -395992.864229 0.774604 0.632266 0.015119 -0.490176 0.615288 -0.617372 0.399646 -0.470807 -0.786526
-13.414713 -37.868319 933.732471 -1379.381764 -0.044754 0.944697 0.324877 -0.829922 0.145862 -0.538474 0.556082 0.293721 -0.777496
-14.612160 -41.807689 851.491312 -2575.452962 -0.146916 0.966136 0.212125 -0.809478 0.005815 -0.587122 0.568473 0.257968 -0.781211
-16.912011 -43.913867 576.048557 98.316588 -0.214468 0.956482 0.197854 -0.874785 -0.097997 -0.474497 0.434459 0.274844 -0.857733
-17.352417 -39.490710 89.701277 403.102930 -0.116534 0.949246 0.292151 -0.889679 0.030980 -0.455535 0.441465 0.313006 -0.840914
-21.162569 -35.762115 901.727539 71.059504 -0.239829 0.965009 0.106019 -0.847390 -0.154798 -0.507906 0.473722 0.211650 -0.854864
-22.004301 -36.014523 1032.226860 365.755447 -0.120409 0.985269 0.121437 -0.876212 -0.047978 -0.479532 0.466641 0.164144 -0.869081
-20.727080 -35.016268 795.613638 -550.288091 -0.303700 0.946773 0.106711 -0.804204 -0.194673 -0.561568 0.510904 0.256366 -0.820521
-23.526574 -35.506915 784.357394 -466.635889 -0.163441 0.976731 0.138866 -0.819683 -0.056113 -0.570063 0.549006 0.206997 -0.809781
-6.607147 -35.139187 -334.984407 1001.419065 0.056917 0.914849 0.399764 -0.156436 -0.387295 0.908587 -0.986047 0.114251 -0.121072
-7.338853 -35.589442 -232.352730 1248.249922 0.070931 0.907112 0.414870 -0.198083 -0.394825 0.897149 -0.977615 0.145814 -0.151678
-8.341338 -38.026735 -198.525724 864.444404 0.064987 0.930268 0.361078 -0.257281 -0.333990 0.906784 -0.964149 0.151828 -0.217635
7.204589 -101.093256 1560.945461 -6214.692137 0.013084 0.999327 0.034259 -0.997025 0.015641 -0.075481 0.075966 0.033170 -0.996559
9.901197 -87.987184 -3459.647301 -843.706398 0.080417 0.996599 -0.018003 -0.993276 0.081632 0.082087 -0.083277 -0.011281 -0.996463
12.068323 -122.146568 655.633969 487.878211 0.133376 0.990731 0.025759 -0.957324 0.122067 0.261974 -0.256401 0.059601 -0.964731
-15.016280 -44.187889 -166.322464 1558.811097 0.182453 0.980700 -0.070280 -0.945662 0.194602 0.260489 -0.269138 -0.018934 -0.962916
-15.328545 -47.350766 -1137.760241 2407.405357 0.133509 0.987201 -0.087237 -0.907968 0.157122 0.388467 -0.397202 -0.027344 -0.917324
-49.764151 -83.848115 1323.660807 6362.684385 0.379933 -0.921448 0.081145 0.924920 0.379681 -0.019118 -0.013193 0.082316 0.996519
-57.298141 -78.212805 -1099.202409 2881.044373 0.114406 -0.977280 0.178422 0.990983 0.124876 0.048561 -0.069739 0.171258 0.982755
-41.770435 -58.751891 -781.254451 -1987.095991 0.606360 -0.437649 -0.663921 0.496085 -0.444328 0.745971 0.621472 0.781688 0.052311
-15.637191 -78.551176 -8077.109810 -644.910556 0.351778 0.899280 -0.259901 -0.702406 0.070053 -0.708321 0.618772 -0.431728 -0.656302
4.444795 -84.988213 -11513.731878 -937.726316 0.347902 0.893124 -0.285120 -0.691391 0.039012 -0.721427 0.633201 -0.448116 -0.631070
21.354792 -93.089533 -10835.412877 -1516.670835 0.250132 0.915201 -0.315977 -0.814313 0.022312 -0.579998 0.523764 -0.402381 -0.750840
15.491194 -30.584787 -322.580729 -3068.888042 0.117118 -0.984595 0.129832 0.986872 0.100744 -0.126234 0.111209 0.142912 0.983468
14.972757 -27.857374 579.346105 -3425.238260 0.087084 -0.991626 0.095367 0.992646 0.078295 -0.092326 0.084086 0.102706 0.991151
13.023619 -46.157134 8501.282705 4.776489 -0.516440 0.847438 -0.123037 0.336386 0.068635 -0.939220 0.787486 0.526438 0.320512
2.653578 -45.283065 7683.391790 418.433564 -0.521626 0.848718 -0.087092 0.230654 0.042005 -0.972129 0.821404 0.527175 0.217671
85.388300 -37.143295 19022.087830 -3338.788054 0.284608 0.952771 0.105949 0.883201 -0.303579 0.357486 -0.372766 0.008169 0.927889
66.576086 -35.689840 23480.279544 -2002.392850 0.335579 0.941705 -0.024058 0.872460 -0.301069 0.384930 -0.355248 0.150164 0.922632
64.720639 -19.235536 -5751.501715 -2399.257302 0.166290 0.936076 0.310015 0.828161 -0.303233 0.471380 -0.535254 -0.178356 0.825646
70.083385 -25.882935 15463.584338 -2596.719482 0.264506 0.962495 0.060327 0.836652 -0.260135 0.482020 -0.479635 0.077024 0.874081
58.962482 -32.612952 19791.599926 -3234.649948 0.321935 0.945911 -0.040135 0.842714 -0.266977 0.467501 -0.431499 0.184328 0.883081
-2.830730 -64.772618 -960.403524 1125.942863 0.096597 0.970949 -0.218921 -0.679642 -0.096344 -0.727190 0.727156 -0.219032 -0.650591
7.528259 -78.003844 -718.746819 1978.360431 -0.107732 0.993819 -0.026802 0.662559 0.051671 -0.747226 0.741222 0.098258 0.664030
6.072221 -82.549349 161.834748 -882.065159 -0.125381 0.991380 -0.038028 0.600660 0.045348 -0.798217 0.789612 0.122923 0.601168
5.132533 -79.157764 1584.194429 -280.348770 -0.130047 0.987153 -0.092822 0.588770 0.001560 -0.808299 0.797770 0.159768 0.581409
4.421847 -80.263982 2254.062636 4954.825797 -0.127444 0.982080 -0.138839 0.659839 -0.020562 -0.751126 0.740521 0.187338 0.645394
