16380
32747
-35.556609 -51.652700 -504.914007 -4908.740544 0.299364 -0.478602 0.825422 0.905340 0.415602 -0.087372 -0.301231 0.773443 0.557714
-33.925067 -54.012292 -1985.427020 -4623.458359 0.111113 -0.571403 0.813113 0.964918 0.257870 0.049357 -0.237880 0.779103 0.580009
-41.851037 -60.428589 -753.971837 -2136.235173 0.326913 -0.483205 0.812183 0.940498 0.250634 -0.229447 -0.092691 0.838865 0.536389
-32.730893 -47.010225 -178.861941 -5189.965213 -0.088984 -0.694289 0.714174 0.942645 0.172894 0.285531 -0.321717 0.698621 0.639083
-42.127314 -69.878317 1380.446860 -5596.458636 0.621771 -0.356510 0.697353 0.769407 0.444407 -0.458820 -0.146335 0.821829 0.550621
-28.127266 -70.101924 -1924.795297 -8532.621547 0.535393 -0.294520 0.791588 0.789705 0.506945 -0.345504 -0.299534 0.810101 0.503999
-28.019761 -46.555629 -2027.255317 -5693.748336 0.381115 -0.388130 0.839110 0.825212 0.552047 -0.119453 -0.416865 0.737969 0.530683
-29.392557 -38.226493 772.242930 -2307.810937 -0.331400 -0.734421 0.592284 0.851739 0.037157 0.522648 -0.405851 0.677677 0.613220
142.127527 -92.474630 11703.119782 -7355.319291 0.958233 -0.236057 0.161454 -0.264586 -0.946024 0.187170 -0.108557 0.222071 0.968969
111.124738 -89.416101 20268.996116 -1229.060672 0.967191 -0.247796 0.056034 0.246773 0.968761 0.024598 -0.060379 -0.009963 0.998126
125.916058 -89.233341 -3324.996144 -309.933863 0.892761 -0.189939 0.408536 0.190143 0.980919 0.040543 -0.408441 0.041485 0.911841
123.427319 -89.743134 36803.530339 6574.836744 0.923412 -0.349105 -0.159489 0.316280 0.927540 -0.199087 0.217434 0.133396 0.966917
156.109471 -82.329513 28371.509150 -9094.674413 0.947764 -0.318445 -0.018351 -0.291615 -0.888351 0.354673 0.129246 0.330795 0.934810
4.035685 -30.962067 6016.661034 484.701893 0.213078 -0.375766 0.901886 0.882255 0.470609 -0.012363 -0.419790 0.798328 0.431798
20.505796 -33.088385 4452.234614 1304.267763 0.276096 -0.288986 0.916656 0.872625 0.475128 -0.113044 -0.402860 0.831108 0.383357
12.515128 -27.265063 7219.840604 2434.428632 0.218916 -0.381866 0.897917 0.922230 0.381544 -0.062581 -0.318697 0.841785 0.435694
42.219295 -56.368536 -3388.296831 -9313.119306 -0.282610 0.585138 0.760096 0.922958 -0.049983 0.381641 0.261304 0.809392 -0.525932
47.784051 -48.008193 -1202.444716 -9618.131154 -0.287249 0.480930 0.828369 0.943519 -0.007005 0.331246 0.165109 0.876731 -0.451754
42.036127 -34.596210 -4179.176242 -5807.243614 -0.300226 0.623757 0.721659 0.934987 0.042651 0.352109 0.188851 0.780454 -0.596009
30.866160 -56.655181 -4748.200320 -9667.429611 -0.268161 0.692008 0.670235 0.916480 -0.031168 0.398864 0.296907 0.721217 -0.625854
27.562229 -38.601095 -4324.340708 -5434.839938 -0.294185 0.715998 0.633090 0.922971 0.040841 0.382697 0.248155 0.696907 -0.672859
17.354276 -37.874183 119.845673 -963.028654 0.871081 -0.456568 0.181010 0.407289 0.877477 0.253280 -0.274471 -0.146904 0.950308
18.793359 -39.324877 -410.102555 -969.595529 0.858173 -0.484603 0.169408 0.462445 0.873036 0.154766 -0.222899 -0.054474 0.973318
17.299725 -35.924354 2831.214778 -893.676632 0.880436 -0.465571 0.089871 0.435052 0.868547 0.237395 -0.188581 -0.169913 0.967247
12.910445 -40.909886 -4166.838830 -1495.603224 0.832129 -0.494383 0.251291 0.459519 0.868330 0.186671 -0.310490 -0.039861 0.949741
15.612504 -33.413358 2650.346194 710.970895 0.897949 -0.424835 0.114907 -0.370351 -0.870477 -0.324207 -0.237758 -0.248565 0.938982
16.107996 -35.543770 224.091766 -462.567625 0.886149 -0.417272 0.201551 0.338720 0.880071 0.332780 -0.316240 -0.226623 0.921213
11.557793 -40.128154 -3392.490092 -1094.733219 0.842118 -0.474364 0.256546 0.405694 0.870652 0.278170 -0.355316 -0.130172 0.925638
2.862965 -57.541170 -486.950292 1512.845743 -0.171176 -0.692086 0.701225 0.933566 0.113536 0.339948 -0.314887 0.712830 0.626673
2.820752 -58.051587 -386.264682 189.799144 -0.210344 -0.703315 0.679046 0.838782 0.226967 0.494904 -0.502195 0.673672 0.542187
1.361089 -53.956635 44.344117 1219.013117 -0.175065 -0.698463 0.693903 0.932939 0.107524 0.343603 -0.314605 0.707522 0.632800
-0.404847 -109.677319 -100.919389 3040.697507 0.410783 -0.310719 0.857153 0.787429 -0.352988 -0.505327 0.459579 0.882527 0.099667
0.100287 -99.800852 -77.818371 8286.322492 0.428502 -0.323208 0.843755 0.615671 -0.579039 -0.534475 0.661314 0.748499 -0.049130
0.044655 -116.931852 -95.112535 3700.177475 0.400983 -0.309813 0.862107 0.793811 -0.352214 -0.495791 0.457249 0.883154 0.104702
-0.718206 -116.142410 -54.472196 -2685.699184 0.376247 -0.311941 0.872428 0.904959 -0.078225 -0.418246 0.198713 0.946876 0.252862
-1.009117 -108.866064 -98.378837 -3164.954349 0.389702 -0.311028 0.866830 0.899638 -0.072708 -0.430540 0.196936 0.947615 0.251479
-3.789880 -95.899534 327.018131 5172.808926 -0.085985 0.754183 0.651010 -0.161133 -0.655355 0.737934 -0.983180 0.041448 -0.177875
-2.830768 -115.756177 -753.232434 10034.999184 -0.108784 0.761328 0.639176 -0.362104 -0.629164 0.687775 -0.925768 0.156629 -0.344122
-3.168159 -103.066920 94.765713 7429.718210 -0.103020 0.747192 0.656575 -0.230732 -0.660034 0.714925 -0.967548 0.077841 -0.240398
34.637643 -9.689119 -3726.697686 -527.052694 0.716631 0.011089 0.697365 -0.422659 0.802266 0.421579 0.554797 0.596864 -0.579615
19.318481 -2.243118 -6130.851312 -1199.268117 0.744518 0.071914 0.663718 -0.413676 0.830011 0.374104 0.523990 0.553091 -0.647708
29.700842 -8.175072 2917.181285 -499.665254 -0.748184 0.109098 -0.654460 -0.297057 0.826924 0.477445 0.593277 0.551629 -0.586283
4.330682 -88.473204 380.488810 -5329.406320 -0.250953 0.744992 0.618070 -0.381153 0.510873 -0.770540 0.889801 0.428948 -0.155751
3.040778 -88.489911 1149.638718 -5358.730634 -0.265963 0.740237 0.617505 -0.356900 0.519443 -0.776403 0.895481 0.426882 -0.126038
4.345734 -81.085254 797.309980 -1870.446100 -0.265065 0.759300 0.594310 -0.214684 0.554412 -0.804076 0.940027 0.340721 -0.016054
3.012676 -89.922144 942.256046 -3260.225812 -0.261104 0.734051 0.626892 -0.513441 0.444329 -0.734132 0.817437 0.513557 -0.260875
5.036797 -89.715302 -110.331479 -3437.989783 -0.247938 0.741816 0.623086 -0.552841 0.419820 -0.719804 0.795546 0.522934 -0.306017
50.363911 -35.604856 4843.890983 -806.932849 0.799388 -0.231041 0.554616 0.137964 0.969027 0.204823 -0.584761 -0.087216 0.806504
44.433658 -32.546615 5430.932720 -1142.044911 0.790300 -0.232304 0.566975 0.071635 0.954026 0.291037 -0.608518 -0.189392 0.770608
60.682589 -33.928247 4426.991032 -822.418727 0.708790 -0.170655 0.684466 0.074198 0.982950 0.168239 -0.701507 -0.068460 0.709367
59.369768 -37.004698 2553.538670 -1615.876574 0.730292 -0.183592 0.658003 0.131559 0.982977 0.128253 -0.670348 -0.007096 0.742013
52.449161 -32.701353 -2962.516087 -975.719092 0.553116 -0.157846 0.818015 0.055849 0.986703 0.152634 -0.831231 -0.038739 0.554577
59.829945 -36.166890 -236.515767 -1346.762034 0.608715 -0.157933 0.777511 0.103909 0.987416 0.119219 -0.786555 0.008220 0.617465
-10.882492 -135.783700 1925.176838 12979.012187 -0.236110 0.530747 0.813978 0.861373 -0.273398 0.428125 0.449766 0.802223 -0.392619
-9.332883 -119.181246 1794.490110 11347.003261 -0.222799 0.532558 0.816543 0.740307 -0.452538 0.497147 0.634277 0.715256 -0.293431
-14.151368 -136.433258 1279.039904 12693.240835 -0.247500 0.571120 0.782666 0.825708 -0.298293 0.478778 0.506903 0.764751 -0.397751
-4.989821 -118.238333 1683.597759 10704.069472 -0.207972 0.502497 0.839193 0.793612 -0.414836 0.445074 0.571776 0.758556 -0.312514
-16.304183 -151.720848 1760.375626 12158.135125 -0.253225 0.559668 0.789081 0.926112 -0.095527 0.364954 0.279632 0.823193 -0.494125
-6.526134 -136.069002 2018.079019 11578.138371 -0.220796 0.498919 0.838051 0.900172 -0.226500 0.372005 0.375419 0.836527 -0.399103
-12.332995 -151.542635 2167.705485 11103.812292 -0.241120 0.521563 0.818434 0.946906 -0.058372 0.316168 0.212675 0.851214 -0.479796
-3.787191 -94.902929 365.584863 4397.643353 -0.227207 0.764580 0.603154 -0.052108 0.608920 -0.791518 0.972451 0.211268 0.098511
-2.592500 -88.293207 843.057635 4883.970443 -0.236642 0.774749 0.586315 -0.203004 0.550710 -0.809635 0.950153 0.310618 -0.026956
-4.452450 -93.065578 188.613241 4159.712045 -0.237909 0.777729 0.581840 -0.012976 0.596441 -0.802552 0.971201 0.198484 0.131807
-3.350061 -91.121885 55.620270 3670.358794 -0.208950 0.768283 0.605046 -0.209446 0.569188 -0.795083 0.955234 0.292857 -0.041982
-5.037092 -100.055285 -52.034950 2566.711284 -0.220288 0.761233 0.609915 0.139344 0.643421 -0.752724 0.965431 0.080828 0.247811
-4.424403 -98.910945 -438.229945 2417.264757 -0.196355 0.759381 0.620310 -0.022731 0.628930 -0.777129 0.980269 0.166693 0.106232
-11.842657 -104.604778 -1134.845286 9182.688626 0.151218 -0.669078 -0.727645 0.187311 0.742169 -0.643506 0.970591 -0.038987 0.237555
-8.598902 -105.145107 -1187.593210 8234.059445 0.175540 -0.672361 -0.719108 0.174520 0.740134 -0.649419 0.968880 -0.011500 0.247263
-11.094464 -121.990408 -1094.993642 10369.480882 0.149850 -0.683584 -0.714324 0.373210 0.708141 -0.599375 0.915565 -0.176777 0.361235
-12.129030 -128.309843 -329.358973 12510.256439 0.128905 -0.662834 -0.737587 0.388532 0.718085 -0.577406 0.912374 -0.212145 0.350097
-11.226613 -108.434221 -284.275933 12278.157989 0.126539 -0.646196 -0.752608 0.195838 0.760048 -0.619657 0.972438 -0.068978 0.222725
1.155943 -137.659383 362.215353 6484.446324 0.082647 -0.673696 -0.734373 0.951215 -0.166468 0.259765 -0.297252 -0.720015 0.627072
0.184447 -135.246086 38.126960 -2687.517807 0.091068 -0.679653 -0.727859 0.987453 -0.033055 0.154413 -0.129007 -0.732789 0.668115
-1.612248 -133.702513 737.675540 7271.266243 0.099504 -0.673939 -0.732055 0.967503 -0.106344 0.229409 -0.232457 -0.731093 0.641457
2.759518 -140.308179 653.259297 -8072.814017 0.075935 -0.678055 -0.731079 0.981448 -0.078627 0.174865 -0.176051 -0.730794 0.659505
0.047158 -143.759725 917.184114 13311.452861 0.087958 -0.662580 -0.743808 0.914267 -0.242732 0.324340 -0.395447 -0.708568 0.584425
1.680931 -141.577487 669.471183 4445.398180 0.077688 -0.663495 -0.744136 0.870368 -0.318886 0.375196 -0.486235 -0.676821 0.552711
2.708328 -136.593127 256.364126 2571.399593 0.069737 -0.677382 -0.732319 0.933982 -0.213559 0.286479 -0.350448 -0.703951 0.617770
9.233315 -335.430470 252.822834 -84040.599056 0.191342 -0.886521 -0.421270 0.936185 0.293778 -0.193008 0.294866 -0.357456 0.886160
-10.287932 -130.237890 -6060.936629 -25314.935341 0.174741 -0.943844 -0.280400 0.971370 0.211804 -0.107603 0.160951 -0.253569 0.953833
-12.954201 -285.350189 -3080.600719 -77209.595279 0.380733 -0.825793 -0.416064 0.883513 0.457644 -0.099834 0.272851 -0.329588 0.903839
-243.139677 -1797.967825 -26501.657325 930884.417984 0.316141 0.493472 0.810272 0.842361 -0.538914 -0.000452 0.436444 0.682684 -0.586054
-382.766096 -1134.302890 -92821.448733 551564.384835 -0.210651 0.812917 0.542947 -0.060581 0.543486 -0.837229 0.975682 0.209255 0.065239
-485.982414 -2145.967953 -129263.905334 -1181141.713613 0.314518 0.799736 0.511371 -0.314156 0.596047 -0.738941 0.895759 -0.071760 -0.438710
-6024.203506 -500133.099256 -23456922.408931 -521173200.735852 -0.635290 0.035181 0.771472 0.649619 -0.515855 0.558471 0.417615 0.855953 0.304863
-297.866300 -2626.859369 -79972.291669 137769.891796 0.425547 0.686060 0.590112 0.898711 -0.244045 -0.364362 -0.105961 0.685393 -0.720422
-259.017566 -2541.068181 -58945.613884 2874522.269125 0.670131 0.415586 0.614990 -0.632599 -0.113621 0.766100 -0.388256 0.902429 -0.186759
-0.964407 -121.147518 1373.565295 -15123.437266 -0.150653 0.512998 0.845066 0.502077 0.776075 -0.381610 -0.851600 0.366798 -0.374483
-0.688395 -99.303411 937.900563 -10393.502140 -0.143861 0.544962 0.826027 0.320238 0.815433 -0.482200 -0.936350 0.195156 -0.291826
-1.333487 -128.430907 261.653514 -12523.915726 -0.152932 0.523936 0.837916 0.457325 0.789158 -0.409980 -0.876051 0.320501 -0.360296
-3.808045 -124.868167 -2209.267404 -13676.512280 -0.188737 0.550785 0.813028 0.361460 0.808748 -0.463976 -0.913085 0.206308 -0.351727
-2.932520 -152.575370 -2081.709838 -12344.533082 -0.200934 0.542667 0.815560 0.650922 0.696129 -0.302828 -0.732070 0.470018 -0.493110
-5.595825 -34.139959 540.516110 3922.042892 0.608521 -0.432981 -0.665004 0.563375 -0.354452 0.746306 0.558849 0.828789 -0.028239
-6.673622 -32.382215 1287.505441 2992.611637 0.667652 -0.466195 -0.580433 0.451025 -0.366997 0.813566 0.592298 0.804969 0.034761
-5.638561 -27.837538 396.813501 3595.861989 0.656277 -0.469261 -0.590842 0.471650 -0.356082 0.806692 0.588937 0.808084 0.012361
-7.590441 -38.343687 797.027730 1342.903176 0.633186 -0.418386 -0.651175 0.556630 -0.338433 0.758700 0.537808 0.842862 -0.018595
-6.759171 -30.908527 -450.496147 4795.234602 0.588340 -0.429555 -0.685083 0.582704 -0.362188 0.727514 0.560636 0.827226 -0.037213
-5.555862 -39.491940 -404.259656 1135.654509 -0.585311 0.404115 0.702924 0.640907 -0.300424 0.706387 0.496637 0.863965 -0.083159
-5.806866 -37.008100 294.109325 4215.626107 -0.558438 0.409221 0.721586 0.645531 -0.331940 0.687826 0.520996 0.849914 -0.078797
-17.134673 -37.780227 -265.600116 788.457639 0.029543 0.983316 -0.179490 0.523766 0.137713 0.840657 -0.851350 0.118846 0.510959
-17.554033 -37.069394 -672.271058 980.432585 0.081779 0.977932 -0.192254 0.589414 0.108095 0.800566 -0.803681 0.178787 0.567567
-19.062218 -40.494541 -677.612722 583.738152 0.108115 0.983759 -0.143278 0.435445 0.082701 0.896408 -0.893699 0.159305 0.419432
-15.588746 -33.895060 -282.107631 1195.948577 -0.016211 0.970826 -0.239236 0.656697 0.190764 0.729628 -0.753980 0.145278 0.640631
-16.611377 -34.839867 232.422110 1025.260778 -0.051603 0.975526 -0.213743 0.595102 0.201916 0.777871 -0.801992 0.087058 0.590957
12.631678 -14.407394 -10763.767253 1898.586591 -0.213581 0.429891 -0.877255 -0.362489 0.798999 0.479795 0.907185 0.420470 -0.014821
28.019657 -15.722952 -18138.612721 -1122.611834 -0.254098 0.523884 -0.813007 -0.304425 0.754550 0.581361 0.918020 0.395222 -0.032246
31.977858 -25.284307 -14742.207366 8412.311833 -0.247176 0.359097 -0.899974 -0.436827 0.787762 0.434297 0.864920 0.500481 -0.037852
6.549194 -14.009117 -5158.788110 3835.071370 -0.201804 0.297743 -0.933072 -0.406411 0.841328 0.356366 0.891126 0.451127 -0.048778
0.944911 -10.007259 -2990.429659 -261.238743 -0.311121 0.578916 -0.753698 -0.279206 0.702382 0.654754 0.908431 0.414145 -0.056889
21.391520 -28.519287 -10794.592299 7908.438574 -0.171455 0.226037 -0.958911 -0.433517 0.856717 0.279462 0.884684 0.463619 -0.048898
-77.102350 -14622.771016 -263925.512500 -15178296.696054 0.444072 0.895020 0.041707 0.402153 -0.240695 0.883368 -0.800670 0.375506 0.466821
-181.646007 -1519.139192 -73099.658332 -536982.727231 0.497995 0.833694 0.238655 -0.331697 -0.071152 0.940699 -0.801236 0.547624 -0.241101
-80.774083 -1534.912235 -45351.953035 -615481.564974 0.402221 0.891331 0.209157 0.072836 -0.258880 0.963159 -0.912641 0.372168 0.169048
15.434364 -4245.404867 -6834.247755 -1582296.675020 0.246130 0.825978 0.507130 -0.580571 -0.293333 0.759535 -0.776117 0.481369 -0.407341
67.349316 -4336.056372 38627.942990 -1448092.405310 0.360304 0.826185 0.433127 -0.522368 -0.205990 0.827466 -0.772860 0.524391 -0.357353
-12.802876 -564.804057 -2970.226078 184084.783290 0.203725 0.808155 0.552613 0.903304 0.062508 -0.424423 -0.377542 0.585643 -0.717276
12.712704 -1009.648437 -6244.602476 362256.969940 0.118436 0.772242 0.624192 0.903038 0.177634 -0.391111 -0.412910 0.609991 -0.676326
0.224589 -669.584352 -2374.110172 -175002.801861 0.209247 0.834376 0.509934 -0.452428 -0.379700 0.806931 -0.866905 0.399557 -0.298043
99.103207 -85.715864 -1618.753349 -5914.001190 -0.499997 0.015834 -0.865882 0.766018 -0.458339 -0.450713 -0.404004 -0.888636 0.217039
90.934861 -92.482131 -272.018555 -2456.650403 -0.519701 -0.099813 -0.848497 0.831495 -0.287263 -0.475495 -0.196282 -0.952637 0.232285
92.197336 -94.578749 -371.440252 1433.991363 -0.452159 0.074337 -0.888834 0.864218 -0.209989 -0.457199 -0.220633 -0.974874 0.030705
97.650694 -96.697825 294.181440 -114.856430 -0.374670 0.241356 -0.895193 0.841008 -0.317971 -0.437721 -0.390292 -0.916865 -0.083849
85.050063 -93.182851 -258.654744 7474.086588 -0.369294 0.250296 -0.894971 0.918002 -0.051540 -0.393212 -0.144546 -0.966797 -0.210739
10.673549 -78.188262 -101.697507 -1553.721931 -0.635008 -0.176704 -0.752024 0.309540 0.833717 -0.457275 0.707778 -0.523155 -0.474720
16.411514 -81.460291 -468.294232 -1910.168727 -0.615911 -0.129900 -0.777033 0.435336 0.765930 -0.473110 0.656610 -0.629664 -0.415195
19.159063 -74.715439 980.062630 -942.899954 -0.657959 -0.217055 -0.721094 0.377119 0.733864 -0.565000 0.651821 -0.643685 -0.400997
-40.910468 -60.220949 1896.071220 1716.853584 -0.275821 0.847162 0.454136 -0.799125 0.060451 -0.598118 0.534156 0.527884 -0.660315
-39.537017 -62.313980 2239.162392 -409.405706 -0.221585 0.815617 0.534481 -0.735251 0.220298 -0.640995 0.640551 0.535013 -0.550868
-45.088618 -62.866452 662.991973 789.730445 -0.149310 0.887299 0.436356 -0.778035 0.166918 -0.605640 0.610219 0.429928 -0.665428
-42.918350 -57.921265 1204.005134 -3232.724284 -0.269168 0.888364 0.371965 0.848351 0.035875 0.528218 0.455905 0.457736 -0.763301
-3.439690 -29.701893 34.721934 -608.556819 0.807700 -0.321430 0.494271 0.561708 0.164741 -0.810768 -0.179179 -0.932493 -0.313611
-3.695361 -31.373807 99.240144 -535.742209 0.808810 -0.322026 0.492063 0.577763 0.279164 -0.766979 -0.109621 -0.904636 -0.411845
-4.685255 -30.410364 -707.325769 -685.376459 0.807705 -0.328511 0.489585 0.564484 0.191156 -0.803005 -0.170209 -0.924954 -0.339837
-4.551323 -31.018865 683.452807 -481.556184 0.814763 -0.315559 0.486399 0.565163 0.244978 -0.787767 -0.129429 -0.916738 -0.377941
-4.877507 -28.897056 -832.115078 -512.478013 0.814924 -0.327674 0.478047 0.530619 0.090060 -0.842812 -0.233114 -0.940489 -0.247262
-3.104781 -27.776375 35.729446 -412.050867 0.815139 -0.318851 0.483614 0.528389 0.067138 -0.846344 -0.237388 -0.945424 -0.223204
-3.920773 -28.826351 740.116722 -474.284746 0.814537 -0.312595 0.488685 0.547429 0.135430 -0.825821 -0.191965 -0.940182 -0.281436
17.309897 -18.339356 164.608818 -417.307418 -0.834347 -0.110940 -0.539961 -0.220019 0.965153 0.141673 0.505427 0.237006 -0.829681
16.807970 -18.270733 3474.181110 -236.042000 -0.888591 -0.240697 -0.390477 -0.314644 0.939265 0.137042 0.333776 0.244635 -0.910356
15.236100 -18.305532 2819.856212 1079.869613 -0.888291 -0.183833 -0.420886 -0.254112 0.960076 0.116971 0.382579 0.210856 -0.899540
2.312667 -59.237214 726.838555 -5621.438993 0.931875 -0.348891 0.099421 0.362605 0.887254 -0.285129 -0.011267 -0.301755 -0.953319
3.065612 -55.653042 -280.141265 -3718.177567 0.908277 -0.412581 0.069346 0.414440 0.864641 -0.283965 -0.057199 -0.286658 -0.956324
5.741724 -53.320468 44.654005 87.014273 0.910458 -0.401301 0.100116 0.407385 0.828297 -0.384658 -0.071438 -0.391001 -0.917614
1.489614 -113.071234 10.406923 -6523.388352 0.864464 -0.360678 0.350162 -0.444699 -0.223878 0.867249 0.234404 0.905423 0.353928
1.948068 -122.368113 126.054230 -3452.343286 0.855490 -0.371122 0.361118 -0.501779 -0.421903 0.755126 0.127887 0.827204 0.547155
1.242345 -111.272862 -33.252606 -3430.545266 0.855503 -0.360955 0.371249 -0.475773 -0.265027 0.838690 0.204339 0.894132 0.398464
-3.705614 -38.751301 -7288.141235 126.448267 0.988002 0.150826 0.033223 -0.141480 0.970158 -0.196920 0.061932 -0.189857 -0.979856
-7.895855 -40.174085 -5600.468268 330.283448 0.957612 0.288034 0.004075 -0.273737 0.914304 -0.298523 0.089711 -0.284753 -0.954394
13.824323 -32.026401 -7169.078148 -733.505962 0.996917 -0.002209 0.078430 0.016958 0.982044 -0.187888 0.076607 -0.188639 -0.979054
23.032989 -32.820871 -9055.599646 225.917357 0.992215 -0.088572 0.087550 0.095327 0.992522 -0.076241 0.080143 -0.083993 -0.993238
24.425827 -27.519508 -4850.482228 -59.329809 0.982017 -0.088504 0.166761 0.118287 0.976874 -0.178115 0.147140 -0.194638 -0.969776
32.617147 -27.724675 5730.532639 -428.897268 -0.973543 0.145756 -0.175980 0.164505 0.981589 -0.097062 0.158593 -0.123444 -0.979597
11.006395 -81.089250 -2655.325101 10921.809833 0.772251 -0.484965 0.410410 0.601252 0.766576 -0.225517 0.205243 -0.420916 -0.883575
16.505799 -63.252157 -3332.623913 9783.785167 0.704299 -0.565464 0.429201 0.651685 0.754774 -0.074984 0.281549 -0.332515 -0.900091
8.494028 -88.374747 -2434.100915 13071.252731 0.795774 -0.476943 0.373188 0.565962 0.804971 -0.178069 0.215477 -0.352913 -0.910507
18.986043 -58.938333 1917.821661 8881.376706 -0.667117 0.565653 -0.484760 0.686058 0.720092 -0.103883 0.290310 -0.401876 -0.868456
5.519068 -100.270597 -1803.763863 10371.802183 0.830347 -0.427548 0.357389 0.539856 0.776175 -0.325741 0.138126 -0.463417 -0.875309
7.570293 -86.581154 -2126.399802 5519.929930 0.821226 -0.422394 0.383629 0.557867 0.735607 -0.384275 0.119884 -0.529590 -0.839739
13.427073 -70.155874 -1478.797523 7421.988813 0.750233 -0.480701 0.453958 0.628858 0.730818 -0.265410 0.204178 -0.484594 -0.850576
-5.358247 -43.571635 -517.902771 -1602.402786 0.911139 -0.305974 0.276053 -0.409336 -0.594533 0.692080 0.047636 0.743580 0.666948
-5.652730 -42.445079 -164.445418 -1676.018532 0.918847 -0.314231 0.238703 -0.383917 -0.571954 0.724897 0.091258 0.757712 0.646177
-4.331054 -39.449532 -485.675607 -646.092212 0.912080 -0.308019 0.270618 -0.395020 -0.483290 0.781274 0.109861 0.819484 0.562473
-2.495809 -40.609765 -575.249204 -730.344722 0.901458 -0.307914 0.304243 -0.425837 -0.504665 0.750983 0.077697 0.806537 0.586055
-3.323063 -44.336543 -565.014973 -1463.606330 0.899251 -0.308668 0.309954 -0.437245 -0.613537 0.657563 0.012800 0.726840 0.686687
25.869807 -78.539290 -7305.395817 -845.963679 0.869930 -0.489212 0.062393 -0.232950 -0.296097 0.926316 0.434690 0.820365 0.371546
30.008609 -80.493486 -11092.755308 -2949.765768 0.883130 -0.466563 0.048985 -0.288957 -0.458728 0.840281 0.369574 0.756232 0.539933
13.194444 -80.039279 -5540.863267 -1351.715017 0.883448 -0.464806 0.058944 -0.235641 -0.332052 0.913353 0.404960 0.820790 0.402879
14.706874 -85.841498 -4865.243199 3013.608107 0.876866 -0.471978 0.091340 -0.189026 -0.163808 0.968213 0.442013 0.866258 0.232854
27.596204 -83.766972 -5933.918692 2913.113897 0.854820 -0.508048 0.105688 -0.187853 -0.113110 0.975662 0.483729 0.853870 0.192128
-0.078124 -87.653072 -1078.567298 4244.786822 0.730621 -0.612844 0.301022 -0.369072 0.016440 0.929256 0.574438 0.790033 0.214172
-1.701735 -87.781965 -793.656342 4869.876130 0.742809 -0.612905 0.269410 -0.309212 0.042848 0.950027 0.593821 0.788994 0.157690
0.765221 -96.967479 -1092.067140 6405.027001 0.740398 -0.614231 0.273005 -0.252544 0.122198 0.959838 0.622923 0.779608 0.064645
-3.308277 -80.636760 -685.382216 2648.635186 0.737245 -0.614346 0.281156 -0.402902 -0.065722 0.912880 0.542346 0.786295 0.295975
3.036715 -99.005523 -957.539280 5274.528758 0.728623 -0.621263 0.288341 -0.310445 0.075696 0.947573 0.610518 0.779938 0.137715
-1.313167 -79.139523 -1146.811605 2917.598980 0.723832 -0.612662 0.317353 -0.462153 -0.088975 0.882326 0.512331 0.785321 0.347546
2.895484 -87.443421 -1171.804249 4419.965833 0.718293 -0.618157 0.319275 -0.428696 -0.031803 0.902889 0.547973 0.785411 0.287846
5.987588 -148.439068 236.778238 -5588.636166 0.814447 -0.570308 0.106888 -0.533312 -0.663193 0.525122 0.228594 0.484689 0.844288
4.495549 -141.655895 650.822781 -3007.892397 0.816853 -0.571117 0.081093 -0.533099 -0.693707 0.484330 0.220354 0.438857 0.871119
6.355410 -161.176988 93.105379 -7362.448833 0.830855 -0.548374 0.094692 -0.545939 -0.770237 0.329676 0.107850 0.325609 0.939333
7.130729 -170.269423 -416.699451 -12454.463882 0.828363 -0.546167 0.124562 -0.548571 -0.745816 0.377927 0.113511 0.381392 0.917418
6.376110 -163.204089 910.083690 -7790.132199 0.846414 -0.527941 0.069724 -0.532525 -0.839094 0.111082 0.000140 0.131151 0.991362
7.238447 -174.647781 -651.667731 -4975.811604 0.842211 -0.524826 0.123447 -0.538012 -0.832968 0.129257 -0.034990 0.175278 0.983897
20.852308 -21.569973 -5375.221834 -23.612055 0.838071 -0.395460 0.375830 0.435763 0.070746 -0.897277 -0.328249 -0.915754 -0.231617
17.962163 -22.149093 -7533.897595 682.838802 0.848024 -0.430023 0.309734 0.372205 0.067241 -0.925712 -0.377250 -0.900311 -0.217079
20.578735 -21.344633 -2109.833054 644.524906 0.878407 -0.346105 0.329564 0.367700 0.048941 -0.928656 -0.305283 -0.936919 -0.170253
15.480354 -25.029482 -3796.242676 922.529315 0.897910 -0.380323 0.221610 0.256149 0.042028 -0.965723 -0.357973 -0.923898 -0.135157
18.469633 -23.485049 657.093150 1212.261478 0.908066 -0.310742 0.280811 0.301235 0.018750 -0.953366 -0.290986 -0.950309 -0.110633
-14.846029 -161.186186 7726.744688 60162.562144 -0.557369 -0.362405 -0.746996 -0.601892 0.796099 0.062873 0.571897 0.484654 -0.661849
34.981969 -19.072878 8118.216806 -12631.109994 0.301923 0.646195 0.700910 0.805118 -0.566551 0.175513 0.510516 0.511324 -0.691318
-14.199378 -140.306231 15067.617724 48485.664023 -0.478452 -0.539063 -0.693177 -0.694899 0.715035 -0.076421 0.536842 0.445124 -0.716704
-13.880498 -103.430739 2609.985050 33575.254685 -0.688676 -0.028793 -0.724497 -0.301125 0.920323 0.249660 0.659583 0.390099 -0.642474
549.666116 -4517.018834 -187709.906912 2807706.602074 0.755828 -0.646701 -0.102477 0.522538 0.690065 -0.500765 0.394560 0.324944 0.859496
32.609896 -7546.726372 -5036.929083 2749597.536015 0.786754 -0.608401 -0.104247 0.249475 0.158931 0.955250 0.564607 0.777554 -0.276820
1297.926767 532.646979 4426571.162598 -106705.080624 0.243953 0.581331 0.776236 0.816708 -0.554771 0.158801 0.522948 0.595218 -0.610115
50.133466 -9544.426675 8775.004910 -2157332.086284 -0.803415 0.583818 0.116965 0.545037 0.800187 -0.250269 -0.239705 -0.137320 -0.961085
330.751387 -7344.708948 -52801.674141 1414156.167574 0.656364 -0.674799 -0.337391 0.561956 0.735672 -0.378143 0.503380 0.058601 0.862076
19.430441 -2583.177413 -22070.584652 -1004929.131594 -0.516759 0.831234 -0.204962 -0.154554 -0.326047 -0.932634 0.842065 0.450270 -0.296958
72.789447 -3049.458894 -8305.277752 228438.387068 0.874269 -0.485345 0.009653 0.366165 0.646269 -0.669522 -0.318711 -0.588877 -0.742730
220.918674 -298.306045 -41223.771568 -185978.293461 -0.524068 0.845680 -0.100889 -0.836446 -0.533374 -0.125976 0.160347 -0.018369 -0.986890
-0.198804 -19.252065 -1016.312649 1585.459821 0.585183 -0.401894 0.704302 -0.293944 0.704340 0.646144 -0.755750 -0.585138 0.294034
-0.436948 -14.945106 -982.817914 1145.738427 0.555727 -0.329011 0.763492 -0.305756 0.773112 0.555708 -0.773099 -0.542264 0.329042
5.419880 -19.751573 -2201.609037 1403.999264 0.560210 -0.373685 0.739273 -0.309974 0.733052 0.605434 -0.768167 -0.568326 0.294831
-4.278429 -14.393154 -455.843500 1364.581936 0.585434 -0.365154 0.723830 -0.278473 0.747930 0.602540 -0.761394 -0.554314 0.336178
2.651277 -24.720405 -1403.499027 1725.628203 0.591674 -0.423707 0.685853 -0.323485 0.654476 0.683388 -0.738430 -0.626206 0.250174
-2.035506 -25.694151 -857.207407 1721.984303 0.601040 -0.434779 0.670610 -0.330739 0.628554 0.703940 -0.727573 -0.644893 0.233988
-4.232251 -19.746212 -772.773583 1735.175732 0.600094 -0.424983 0.677699 -0.283258 0.679412 0.676878 -0.748099 -0.598155 0.287331
-3.120127 -51.401192 -1618.596792 1424.528794 -0.236873 0.583538 -0.776772 0.403448 0.786410 0.467749 0.883810 -0.202590 -0.421706
-12.049273 -50.680489 -3615.847685 659.313264 -0.207803 0.603897 -0.769498 0.470022 0.751547 0.462879 0.857845 -0.265493 -0.440018
-5.785916 -48.025568 -2041.737964 1944.620538 -0.221994 0.608313 -0.762019 0.304904 0.785636 0.538341 0.926149 -0.112834 -0.359884
-2.910427 -52.180219 -2078.422918 -1071.906836 -0.240439 0.560305 -0.792621 0.542846 0.754558 0.368728 0.804678 -0.341615 -0.485584
1.402878 -48.128989 -1561.607520 2970.169976 -0.221479 0.596917 -0.771127 0.299450 0.794191 0.528763 0.928050 -0.113804 -0.354644
4.740535 -55.114715 -1994.184522 457.349144 -0.242864 0.558847 -0.792910 0.448933 0.789334 0.418821 0.859928 -0.254247 -0.442586
3.096925 -52.120792 -1843.158340 2801.470514 -0.226738 0.579889 -0.782508 0.354063 0.797540 0.488436 0.907320 -0.166310 -0.386150
6.553228 -48.030119 -249.213957 1424.973868 -0.718582 0.663729 -0.207616 0.163798 0.451669 0.877020 -0.675878 -0.596204 0.433279
5.568994 -49.228924 -251.896246 1012.073537 -0.739924 0.638799 -0.210830 0.124154 0.437711 0.890502 -0.661134 -0.632728 0.403183
6.399920 -52.054560 138.553648 1076.241182 -0.705845 0.675065 -0.214640 0.030869 0.332032 0.942763 -0.707693 -0.658819 0.255201
9.223419 -40.909288 627.107698 1545.475229 0.789895 -0.335452 0.513359 0.138937 -0.717462 -0.682602 -0.597295 -0.610509 0.520113
8.493630 -38.714376 -153.803071 1762.738030 0.795429 -0.362735 0.485506 0.176471 -0.627760 -0.758139 -0.579785 -0.688724 0.435326
8.657279 -36.013229 26.293676 1428.716008 0.774240 -0.374315 0.510333 0.184890 -0.637403 -0.748019 -0.605283 -0.673502 0.424296
-153.317333 -2575.576177 -166562.363438 2090512.254674 0.312629 -0.120227 -0.942236 0.829181 0.518451 0.208965 0.463380 -0.846613 0.261772
-199.329010 -2424.167186 -162663.782371 1693401.932451 0.573627 -0.115845 -0.810884 0.819117 0.081402 0.567821 0.000228 -0.989926 0.141585
-675.372026 -1358.927214 -280988.261533 364368.602719 0.320806 0.090084 -0.942851 0.810298 0.489324 0.322457 0.490408 -0.867437 0.083983
-1209.780600 -4716.719182 -470467.504586 3033827.716886 0.259113 0.106261 -0.959984 0.481264 0.847547 0.223715 0.837404 -0.519974 0.168471
-770.413445 -6450.635676 -524634.190697 -7919255.780682 0.223203 -0.233701 -0.946343 0.529936 0.843925 -0.083419 0.818137 -0.482882 0.312213
-137.544476 -233.892845 3711.963816 54838.195644 0.176321 -0.489755 0.853845 0.942456 -0.166325 -0.290022 0.284055 0.855848 0.432246
-44.364508 -196.983424 12093.964011 -42337.472012 0.709813 -0.554362 0.434567 -0.602754 -0.158786 0.781969 0.364490 0.816988 0.446852
-101.314280 -263.408451 -2656.391074 73668.816325 -0.218596 -0.248827 0.943557 0.887724 -0.452193 0.086413 0.405169 0.856508 0.319738
-264.478805 -8155.917002 -80685.473124 2421779.702178 -0.542256 -0.187023 0.819134 0.826107 -0.296569 0.479160 0.153316 0.936520 0.315317
-35.374862 -60.548796 -2277.909610 -2261.069782 0.154464 -0.589686 0.792724 0.980867 0.187754 -0.051459 -0.118493 0.785505 0.607405
-34.910954 -56.149470 -657.282716 -5042.954962 0.008205 -0.696974 0.717049 0.980429 0.146661 0.131335 -0.196700 0.701939 0.684537
11.124080 -5.576068 -4453.423573 847.228126 -0.090165 0.020875 0.995708 0.303507 0.952800 0.007508 -0.948554 0.302881 -0.092245
11.824289 -11.008670 -8956.903381 8909.798800 -0.259973 -0.467449 0.844929 0.114443 0.853933 0.507643 -0.958810 0.228670 -0.168504
-0.880379 -9.380597 7621.119960 -7777.175311 0.257624 0.925768 0.276738 -0.195739 -0.230465 0.953191 -0.946211 0.299733 -0.121836
-16.773918 -31.390420 -4302.506163 -8000.489710 -0.231766 -0.542548 0.807419 0.036348 0.824610 0.564533 -0.972092 0.160188 -0.171396
18.886135 -28.974564 14137.794511 -6063.881971 0.293866 0.902594 0.314590 -0.175465 -0.272589 0.945995 -0.939603 0.333196 -0.078269
-1.940950 -25.645580 10850.312754 -5586.814317 0.245040 0.959254 0.140668 -0.171201 -0.099999 0.980148 -0.954277 0.264258 -0.139722
-34.924847 -67.068893 -736.281014 2977.613096 0.004527 -0.532001 0.846732 -0.399257 0.775361 0.489294 -0.916828 -0.340279 -0.208895
-33.976620 -60.110450 1320.806974 3313.325164 0.004890 -0.575706 0.817642 -0.278804 0.784445 0.553999 -0.960336 -0.230671 -0.156673
-33.100445 -64.260606 727.919915 715.733569 -0.082774 -0.522827 0.848411 -0.423986 0.788917 0.444799 -0.901878 -0.322896 -0.286973
-33.515170 -60.845560 -1074.235435 4962.862408 0.078029 -0.568634 0.818881 -0.237030 0.787251 0.569256 -0.968364 -0.238518 -0.073355
-34.526834 -65.160278 -879.146452 -1864.424243 -0.061747 -0.484135 0.872812 -0.560462 0.740411 0.371044 -0.825875 -0.466267 -0.317058
-35.678262 -68.457694 -2630.168419 -353.817232 0.044723 -0.479748 0.876266 -0.530905 0.731613 0.427648 -0.846251 -0.484339 -0.221981
-36.390084 -70.675157 -2422.562638 6040.228128 0.095883 -0.519536 0.849052 -0.343861 0.783181 0.518061 -0.934112 -0.341629 -0.103555
-4.476593 -33.333287 5533.738694 213.750576 0.169900 -0.399788 0.900724 0.847293 0.525995 0.073642 -0.503218 0.750666 0.428104
-8.999364 -34.842099 3400.439558 1001.741146 0.156146 -0.407410 0.899797 0.799248 0.587375 0.127254 -0.580363 0.699291 0.417338
-1.654228 -34.615479 5831.551319 187.851417 0.240093 -0.366924 0.898734 0.794307 0.606484 0.035412 -0.558061 0.705368 0.437063
43.760091 -68.236456 338.569230 -10716.506936 -0.281043 0.466887 0.838470 0.921032 -0.114272 0.372347 0.269658 0.876903 -0.397903
36.208398 -66.684620 3484.069204 -11976.816874 -0.246480 0.367443 0.896790 0.949328 -0.094642 0.299698 0.194996 0.925218 -0.325497
43.466432 -44.784902 1801.759111 -11391.243214 -0.239189 0.375747 0.895323 0.967049 0.009370 0.254418 0.087208 0.926675 -0.365607
18.927832 -37.791094 3052.701886 -785.768974 0.862120 -0.502004 0.068854 0.490132 0.860657 0.137984 -0.128529 -0.085211 0.988038
-1.513225 -48.671576 -167.387848 -125.536227 0.250141 0.721648 -0.645487 0.614090 0.397177 0.682014 -0.748547 0.566986 0.343807
-0.549265 -49.042657 -219.468622 -18.089754 0.221566 0.706867 -0.671749 0.742108 0.324660 0.586406 -0.632602 0.628438 0.452638
-1.477490 -51.818063 60.149642 -54.667279 0.271577 0.726002 -0.631797 0.607696 0.379693 0.697524 -0.746292 0.573372 0.338072
0.234541 -46.514579 -365.361929 78.865568 0.201690 0.699050 -0.686039 0.746202 0.344032 0.569934 -0.634432 0.626873 0.452245
-2.290309 -50.695550 -13.290832 -64.872373 0.289485 0.746654 -0.598921 0.465292 0.437041 0.769739 -0.836482 0.501501 0.220895
-2.419145 -48.166327 -133.061260 -86.713436 0.270077 0.740162 -0.615807 0.470299 0.456677 0.755159 -0.840165 0.493564 0.224759
-0.569236 -45.949102 -227.171542 -109.415643 0.229859 0.710411 -0.665193 0.617417 0.421897 0.663927 -0.752304 0.563311 0.341643
0.426698 -84.465915 120.270783 -8595.380843 -0.445423 0.338487 -0.828870 -0.460575 0.707261 0.536332 0.767769 0.620652 -0.159132
0.094594 -78.491726 86.573384 -8649.737978 -0.447707 0.340562 -0.826786 -0.434054 0.725614 0.533930 0.781764 0.597914 -0.177040
0.676863 -105.994301 -171.557584 9040.816307 0.426753 -0.318740 0.846337 0.620972 -0.577076 -0.530449 0.657476 0.751923 -0.048341
0.399573 -68.894006 137.660964 -6039.080884 -0.462054 0.367747 -0.807012 -0.296405 0.793609 0.531346 0.835853 0.484713 -0.257688
1.059716 -88.537685 215.834352 -8908.699782 -0.445732 0.336940 -0.829334 -0.443864 0.721356 0.531630 0.777372 0.605076 -0.171976
13.439875 -45.421186 2704.309531 -3311.711812 0.321660 0.778152 -0.539457 -0.007117 0.571706 0.820428 -0.946828 0.260060 -0.189433
5.799449 -50.651788 1577.335956 -2493.524496 0.333227 0.765322 -0.550673 0.129777 0.541264 0.830777 -0.933872 0.348302 -0.081043
14.216404 -52.473861 2643.956866 -3133.526511 0.310302 0.765461 -0.563721 0.125933 0.554667 0.822487 -0.942260 0.326211 -0.075718
-21.758606 -49.951460 -3056.934888 -5110.139888 -0.312052 0.934367 0.171993 -0.267931 0.087136 -0.959490 0.911502 0.345493 -0.223155
-25.379507 -45.561776 -3126.426085 -4624.305317 -0.358302 0.926381 0.115924 -0.181521 0.052673 -0.981975 0.915789 0.372887 -0.149285
-15.909327 -38.839809 -2555.249284 -3752.542806 -0.323996 0.945844 0.020149 -0.138054 -0.026198 -0.990078 0.935931 0.323563 -0.139066
-35.717484 -57.494836 -3580.541925 -6246.899981 -0.348153 0.875836 0.334216 -0.328070 0.220140 -0.918645 0.878157 0.429475 -0.210693
-26.057139 -61.391236 -3324.050979 -5479.835146 -0.279283 0.915319 0.290159 -0.412635 0.158452 -0.897009 0.867026 0.370249 -0.333440
4.999837 -89.819502 396.023547 -3298.207743 -0.258917 0.762359 0.593103 -0.222388 0.550494 -0.804673 0.939950 0.340243 -0.027007
5.165901 -92.662122 -152.167215 -1681.925408 -0.233503 0.753842 0.614165 -0.459911 0.470882 -0.752830 0.856714 0.458249 -0.236748
26.380264 -35.763728 4268.054883 99.650884 0.832880 -0.336271 0.439582 0.151341 0.902359 0.403539 -0.532360 -0.269573 0.802448
31.805816 -33.033196 5068.378529 -232.165733 0.808741 -0.290594 0.511363 0.082152 0.916710 0.391015 -0.582399 -0.274221 0.765254
31.307356 -36.458684 4759.338392 64.883978 0.841763 -0.314922 0.438475 0.187725 0.932284 0.309200 -0.506157 -0.177961 0.843881
-3.237717 -105.118423 -1329.660797 -7770.251191 0.188795 -0.499321 -0.845597 -0.669806 0.564221 -0.482716 0.718134 0.657521 -0.227926
-3.092621 -86.008988 253.174917 3433.936805 -0.238535 0.796313 0.555866 -0.168354 0.529814 -0.831237 0.956430 0.291861 -0.007683
-1.135329 -81.784013 614.609757 2662.828210 -0.234401 0.790584 0.565715 -0.342899 0.477287 -0.809084 0.909657 0.383633 -0.159214
-1.958986 -84.232568 537.042443 4590.568993 -0.223922 0.776963 0.588377 -0.372824 0.489501 -0.788284 0.900478 0.395875 -0.180060
-7.420235 -120.061914 -1275.200469 7404.920694 0.178390 -0.685868 -0.705523 0.366965 0.711667 -0.599054 0.912970 -0.152037 0.378643
22.980407 -18.410752 -1358.542669 260.726282 -0.352134 0.745165 0.566332 -0.013751 0.600903 -0.799203 0.935849 0.289214 0.201352
20.902589 -20.651666 2734.636607 -76.047246 0.312389 -0.672798 -0.670638 -0.043423 0.695118 -0.717583 0.948961 0.253286 0.187933
37.175536 -19.265752 -2038.756694 -89.854975 -0.328848 0.778677 0.534342 0.093129 0.589791 -0.802168 0.939780 0.214028 0.266469
26.054422 -30.613913 11058.475799 -2356.767051 0.400445 0.565939 0.720664 -0.188262 0.820511 -0.539740 -0.896772 0.080463 0.435115
17.352937 -28.214777 2798.053857 -943.436833 0.379563 0.553379 0.741420 -0.213316 0.832145 -0.511889 -0.900238 0.036137 0.433896
28.495221 -28.858137 8004.844691 1549.673178 0.348289 0.594430 0.724809 -0.216852 0.803341 -0.554633 -0.911959 0.035996 0.408698
2.104943 -144.729936 429.883226 -13890.112474 0.085454 -0.681218 -0.727076 0.996332 0.055212 0.065371 -0.004388 -0.729996 0.683438
-52.250160 -150.527123 -2942.673369 -98669.270843 -0.278784 0.960353 0.000880 0.959717 0.278566 0.036665 -0.034967 -0.011066 0.999327
235.482846 -1674.120447 91894.906127 500396.527201 -0.025425 0.993126 0.114256 0.895652 0.073396 -0.438658 0.444029 -0.091181 0.891361
-3.778193 -143.923247 -1899.707309 17326.447300 0.299051 -0.856097 -0.421505 0.931284 0.358140 -0.066670 0.208034 -0.372603 0.904372
4.696947 -199.244095 -16206.814759 -39483.326128 0.651615 -0.720145 -0.238303 0.748448 0.559288 0.356402 -0.123381 -0.410594 0.903432
-15.043451 -89.582240 -9468.908493 -7077.909428 0.561665 -0.762173 -0.321907 0.827267 0.511370 0.232659 -0.012713 -0.396979 0.917739
-470.250956 -8873.766185 -142091.897947 9445526.979237 0.251476 0.908065 -0.334930 0.870561 -0.363439 -0.331716 0.422946 0.208158 0.881922
-5.372136 -27.312279 1588.537045 2678.643207 0.713714 -0.519192 -0.470162 0.326799 -0.346876 0.879136 0.619528 0.781099 0.077899
-7.570424 -32.116589 2119.328758 2174.138648 0.729158 -0.506060 -0.460687 0.297523 -0.371810 0.879339 0.616286 0.778242 0.120544
-9.977495 -37.446952 742.018749 1282.554596 0.701922 -0.430350 -0.567542 0.436039 -0.370418 0.820159 0.563183 0.823158 0.072355
-19.910936 -39.818858 -652.955919 783.574007 0.171709 0.973475 -0.151206 0.504456 0.044952 0.862266 -0.846191 0.224336 0.483357
-18.316544 -36.059837 -730.307981 1147.010026 0.145518 0.970926 -0.190070 0.640065 0.054104 0.766413 -0.754414 0.233184 0.613583
-15.580755 -32.800458 -692.328825 1359.305997 0.031411 0.967680 -0.250218 0.707970 0.155174 0.688985 -0.705544 0.198788 0.680214
-213.113670 -2427.941770 -179589.511657 -1806272.631201 0.502319 0.864539 0.015760 0.726667 -0.431950 0.534204 -0.468647 0.256889 0.845209
-700.924130 -1635.251441 394113.222756 173970.887410 -0.322681 -0.942991 0.081520 0.946497 -0.321885 0.023089 0.004467 0.084609 0.996404
-755.882362 -1713.649053 439085.040550 -201886.288864 -0.543557 -0.821978 0.169994 0.735248 -0.368564 0.568833 -0.404915 0.434181 0.804693
15.196211 -67.289815 4102.159103 1706.473944 -0.188013 0.733922 -0.652694 0.513444 0.639954 0.571695 -0.837273 0.227636 0.497147
11.147137 -66.846773 -4490.502218 -660.235923 0.222371 -0.617889 0.754164 0.318050 0.777189 0.542974 -0.921626 0.119120 0.369344
10.886588 -86.139626 -1556.836423 4078.246824 0.253138 -0.639695 0.725749 0.433421 0.745673 0.506081 -0.864909 0.186447 0.466015
