18200
36384
-17.613923 -28.170100 -110.281354 -1372.236864 0.032410 0.924434 0.379962 -0.812496 0.245764 -0.528631 0.582066 0.291585 -0.759064
-24.419964 -36.152887 -810.866861 -1519.646296 0.355812 0.753120 0.553360 -0.807385 0.545917 -0.223839 0.470667 0.367130 -0.802302
-19.561464 -34.441746 -836.867982 -3152.839404 -0.483885 -0.571041 -0.663150 -0.639778 0.747863 -0.177158 0.597110 0.338544 -0.727219
-19.558911 -33.461520 168.313112 -1179.127620 0.104127 0.912034 0.396675 -0.883007 0.268309 -0.385108 0.457663 0.310167 -0.833271
-14.853721 -24.567923 355.357907 -2249.975175 0.130766 0.858510 0.495844 -0.735875 0.419205 -0.531748 0.664371 0.295344 -0.686573
-12.112874 -22.227777 165.722487 -1424.393805 -0.192845 0.965378 0.175661 -0.706812 -0.012494 -0.707291 0.680608 0.260557 -0.684750
-14.624464 -24.821831 -267.611447 -773.061214 -0.213210 0.970317 0.114137 -0.760582 -0.091518 -0.642760 0.613235 0.223853 -0.757518
-17.574436 -28.780640 -71.187340 -962.011120 -0.078604 0.975441 0.205758 -0.848367 0.042941 -0.527664 0.523540 0.216035 -0.824157
30.012535 -47.379960 -955.192141 856.223580 -0.356811 -0.428765 -0.829968 0.653824 0.519952 -0.549695 0.667233 -0.738790 0.094813
26.353105 -48.130351 -498.946023 3015.732507 -0.287003 -0.518721 -0.805331 0.590854 0.565870 -0.575050 0.754003 -0.640874 0.144082
25.604500 -45.188632 -640.145704 793.353740 -0.336441 -0.437514 -0.833900 0.525277 0.647776 -0.551788 0.781595 -0.623673 0.011877
31.009398 -50.576117 -1052.866453 1314.247487 -0.300910 -0.485507 -0.820814 0.758071 0.400433 -0.514763 0.578603 -0.777133 0.247555
32.114800 -47.769795 -1464.834543 -661.551394 -0.411815 -0.364258 -0.835299 0.573200 0.609042 -0.548187 0.708414 -0.704545 -0.042020
32.317924 -46.352212 -771.393388 146.040254 -0.397724 -0.368464 -0.840268 0.758529 0.383189 -0.527067 0.516187 -0.846995 0.127087
14.822625 -42.330509 -1735.715584 19.087913 -0.443587 0.846943 0.293119 0.750012 0.171760 0.638734 0.490625 0.503176 -0.711408
26.771939 -43.352069 -2872.582160 -648.403125 -0.570804 0.772292 0.278835 0.678518 0.252426 0.689851 0.462381 0.582964 -0.668100
15.339481 -41.381779 -2380.907220 -1221.773006 -0.536854 0.801302 0.264013 0.764772 0.330068 0.553334 0.356246 0.498969 -0.790012
21.115279 -40.173773 -1690.128272 -1158.520865 -0.452034 0.833677 0.317250 -0.645762 -0.060497 -0.761139 0.615351 0.548929 -0.565703
6.891580 -40.502164 -1349.494929 -683.024737 -0.411956 0.861857 0.295796 0.833810 0.225628 0.503839 0.367497 0.454197 -0.811573
8.108010 -41.649573 -490.244010 -137.646539 -0.342295 0.879976 0.329356 -0.814174 -0.102820 -0.571445 0.468993 0.463756 -0.751648
12.743749 -40.877316 -678.986105 -909.605887 -0.370848 0.869111 0.327289 -0.716502 -0.043546 -0.696224 0.590844 0.492697 -0.638869
19.956891 -40.951466 1285.883940 -3309.057354 0.535553 -0.163912 -0.828442 0.162570 0.982645 -0.089327 0.828706 -0.086841 0.552906
19.030970 -36.520677 1956.469477 -2591.319550 0.592351 -0.073511 -0.802319 0.174245 0.983950 0.038492 0.786612 -0.162600 0.595653
25.938409 -58.108676 2555.304429 -5296.967706 0.600506 -0.119840 -0.790589 0.080076 0.992748 -0.089661 0.795601 -0.009465 0.605747
25.483752 -53.583092 2260.339418 -4577.736659 0.518804 -0.269662 -0.811249 0.068577 0.959017 -0.274925 0.852138 0.086999 0.516035
19.109374 -42.845804 57.375072 -3855.358727 0.499412 -0.236159 -0.833556 0.165178 0.970438 -0.175975 0.850473 -0.049801 0.523657
5.077235 -28.606163 242.176302 185.491927 -0.229273 0.882860 0.409867 0.600177 0.459735 -0.654547 0.766304 -0.095922 0.635277
8.729296 -33.528436 1221.453195 -1275.912871 -0.228935 0.900351 0.370077 0.713338 0.413854 -0.565574 0.662373 -0.134510 0.737000
1.844592 -29.407004 1387.436767 -115.163813 -0.187794 0.943026 0.274656 0.630868 0.330132 -0.702152 0.752820 -0.041412 0.656922
10.992972 -31.859803 -477.125160 -1922.944102 -0.240358 0.837912 0.490033 0.711644 0.495439 -0.498100 0.660145 -0.229006 0.715377
1.561525 -29.860199 964.685315 2395.446787 -0.215648 0.912730 0.347015 0.469970 0.408524 -0.782456 0.855935 0.005649 0.517053
3.698840 -28.760553 189.752842 1992.900677 -0.240764 0.865609 0.439036 0.459943 0.500081 -0.733737 0.854684 -0.025274 0.518533
7.249986 -27.316284 -489.901910 -603.324874 -0.244826 0.813132 0.528088 0.609555 0.552647 -0.568352 0.753991 -0.182751 0.630951
1.785874 -28.924828 -385.703313 -137.527214 -0.016428 0.551599 0.833948 -0.660206 0.620401 -0.423358 -0.750905 -0.557532 0.353977
1.423728 -29.208718 -213.153950 -297.282051 0.010593 0.549106 0.835686 -0.555766 0.697993 -0.451586 -0.831271 -0.459662 0.312568
1.673516 -28.121326 -57.625866 -321.085179 -0.006616 0.571358 0.820674 -0.610934 0.647409 -0.455655 -0.791654 -0.504392 0.344779
3.083760 -27.746676 68.637174 133.509590 -0.014344 0.597240 0.801934 0.708153 -0.560145 0.429834 -0.705913 -0.574058 0.414902
2.817928 -27.534028 301.566586 -95.355074 -0.001055 0.605871 0.795562 -0.637049 0.612831 -0.467554 -0.770822 -0.507306 0.385323
1.924636 -27.855878 -256.287833 -5.275951 -0.002689 0.561096 0.827746 -0.528038 0.702144 -0.477671 -0.849216 -0.438366 0.294392
4.590949 -40.045853 154.488257 -4659.719805 0.171368 0.404435 0.898368 0.983116 -0.129581 -0.129198 0.064159 0.905340 -0.419813
4.970530 -26.929213 334.025554 -2381.220711 0.163004 0.390043 0.906254 0.986568 -0.054531 -0.153980 -0.010640 0.919180 -0.393693
5.208354 -31.010038 84.209845 -3794.926081 0.150506 0.426781 0.891743 0.988468 -0.049750 -0.143021 -0.016675 0.902985 -0.429348
3.740862 -32.643489 192.820857 -1798.387537 0.179146 0.381316 0.906921 0.980140 -0.148864 -0.131019 0.085048 0.912380 -0.400411
4.283449 -46.353941 149.756100 -4619.298404 0.152564 0.428848 0.890401 0.979412 -0.186121 -0.078173 0.132198 0.883995 -0.448415
4.218067 -43.235918 -159.243557 -3771.956013 0.155742 0.416633 0.895635 0.977241 -0.197191 -0.078203 0.144029 0.887430 -0.437861
-0.845278 -59.649071 -574.078745 414.264889 0.202664 0.572412 0.794526 0.895547 0.219880 -0.386843 -0.396134 0.789935 -0.468060
0.808414 -60.892729 -1774.566631 109.783230 0.176665 0.594191 0.784682 0.782014 0.399378 -0.478488 -0.597698 0.698165 -0.394110
-2.800667 -61.638905 -522.998110 236.189346 0.179380 0.552610 0.813907 0.794136 0.406982 -0.451347 -0.580664 0.727315 -0.365843
0.985162 -56.707895 -1357.488723 1947.387345 0.177861 0.574400 0.799018 -0.607945 -0.574341 0.548211 -0.773801 0.583265 -0.247050
-3.016665 -59.339083 183.142650 589.738884 0.193459 0.534687 0.822608 0.892892 0.251520 -0.373473 -0.406593 0.806751 -0.428759
-2.247174 -59.397778 -894.573759 -1556.414345 0.156497 0.564403 0.810530 0.630508 0.574580 -0.521840 -0.760243 0.592711 -0.265941
-3.685187 -61.823791 152.293943 1096.696802 0.169210 0.542680 0.822719 0.834350 0.365465 -0.412669 -0.524622 0.756263 -0.390945
-0.632442 -69.913029 -461.410945 3133.097972 -0.064388 0.410243 0.909700 0.952917 -0.245405 0.178116 0.296316 0.878338 -0.375126
-0.760312 -72.172114 340.994307 3181.261935 -0.091483 0.374861 0.922556 0.902984 -0.359351 0.235557 0.419823 0.854603 -0.305619
-0.902841 -61.115920 -187.484249 1322.265014 -0.100356 0.411041 0.906076 0.865348 -0.413370 0.283370 0.491021 0.812509 -0.314209
0.146711 -65.291019 280.023227 917.786519 -0.119727 0.385518 0.914900 0.778533 -0.535390 0.327482 0.616078 0.751488 -0.236037
-0.612794 -65.902328 -561.748945 2452.088033 -0.062288 0.410189 0.909871 0.961289 -0.220513 0.165219 0.268409 0.884940 -0.380575
-0.869716 -63.644653 -76.494091 2006.345172 -0.061694 0.401077 0.913965 0.956393 -0.238172 0.169075 0.285493 0.884540 -0.368893
-5.000402 -58.975290 654.005819 1146.155255 0.194820 0.512761 0.836135 0.915428 0.211040 -0.342716 -0.352189 0.832189 -0.428281
-5.361985 -51.669131 156.448868 2818.306183 0.195713 0.522597 0.829812 0.977186 -0.032750 -0.209846 -0.082489 0.851950 -0.517084
-4.357523 -52.904907 782.762624 930.362726 0.219568 0.493945 0.841314 0.960982 0.039210 -0.273819 -0.168239 0.868609 -0.466063
-3.437097 -27.835059 -365.785671 -639.547649 0.326300 -0.667038 -0.669768 0.024585 0.714298 -0.699409 0.944946 0.211751 0.249475
-4.985747 -28.016267 425.540070 -834.454700 -0.312726 0.721717 0.617517 0.046433 0.660964 -0.748980 0.948708 0.205552 0.240212
-4.968506 -26.887944 -809.791238 -1685.099829 0.330681 -0.650428 -0.683809 -0.032433 0.716311 -0.697027 0.943185 0.252671 0.215775
-3.250164 -26.163052 -432.547331 -1799.530398 0.333478 -0.617250 -0.712597 -0.045742 0.744381 -0.666187 0.941647 0.254755 0.220001
4.572469 -22.093543 1044.856919 -848.228914 0.064092 0.509819 0.857891 0.986733 0.096118 -0.130838 -0.149162 0.854896 -0.496895
4.169639 -18.707475 930.327551 -1189.115257 0.077202 0.519965 0.850692 0.966826 0.169332 -0.191242 -0.243488 0.837236 -0.489643
7.164341 -22.321205 406.803498 -782.949092 0.087303 0.547283 0.832382 0.984591 0.079688 -0.155661 -0.151522 0.833145 -0.531893
0.927794 -20.013355 1284.228891 -1227.051965 0.055417 0.493934 0.867732 0.974378 0.162982 -0.155001 -0.217985 0.854088 -0.472246
6.844415 -23.251188 613.503327 -138.630633 0.090201 0.535057 0.839987 0.994093 0.002742 -0.108496 -0.060355 0.844812 -0.531649
0.807728 -21.870889 1180.720588 -718.956689 0.020945 0.494355 0.869008 0.986822 0.129271 -0.097323 -0.160450 0.859594 -0.485133
2.984328 -23.093348 961.284651 39.997161 0.030322 0.500867 0.864993 0.998222 0.029253 -0.051931 -0.051314 0.865030 -0.499090
-3.382059 -60.824808 -58.457526 -745.253165 0.739870 0.633259 -0.227102 0.125252 0.202008 0.971342 -0.660987 0.747112 -0.070143
-3.027073 -57.878682 -31.041304 -417.825586 0.741781 0.637044 -0.209609 0.072125 0.234957 0.969326 -0.666753 0.734145 -0.128340
-2.947437 -56.758877 -124.419043 305.322312 0.726392 0.638670 -0.253880 0.245566 0.103830 0.963803 -0.641912 0.762444 0.081414
-2.550057 -51.997027 -331.838062 1418.723419 0.708111 0.655320 -0.262935 0.325055 0.028034 0.945279 -0.626832 0.754831 0.193164
-2.843151 -54.481745 -148.963061 914.721792 0.706255 0.642433 -0.297463 0.418329 -0.039726 0.907426 -0.571143 0.765312 0.296806
-2.481609 -59.702153 216.398453 225.301181 0.732379 0.624990 -0.270202 0.300763 0.059078 0.951867 -0.610871 0.778394 0.144706
1.345934 -30.255581 117.973012 355.229669 -0.023730 0.371017 0.928323 0.976216 -0.191566 0.101517 0.215499 0.908652 -0.357647
1.196572 -36.865969 203.777892 2216.274237 -0.026255 0.359521 0.932768 0.988091 -0.132188 0.078762 0.151617 0.923727 -0.351769
1.738269 -34.813807 202.079693 1235.097318 -0.008018 0.355727 0.934556 0.988337 -0.139308 0.061505 0.152071 0.924149 -0.350461
-8.646860 -26.287978 429.432626 -483.451182 -0.106263 0.633883 0.766094 0.406298 0.730883 -0.548391 -0.907541 0.252988 -0.335211
-5.739970 -26.531742 250.951000 -826.913884 -0.061430 0.635923 0.769304 0.383073 0.726754 -0.570161 -0.921673 0.259674 -0.288250
-6.442676 -25.151404 -22.976026 -272.114090 -0.090133 0.649408 0.755079 0.457860 0.700314 -0.547653 -0.884443 0.296359 -0.360460
2.504452 -123.989200 -626.833991 7657.697032 -0.595304 -0.682867 0.423446 -0.682455 0.707876 0.182118 -0.424110 -0.180567 -0.887427
2.757337 -104.389573 -684.755785 5348.734376 -0.624872 -0.652484 0.428718 -0.504521 0.756542 0.416055 -0.595813 0.043684 -0.801934
3.259174 -121.815194 -893.253152 5862.820518 -0.615763 -0.667945 0.417954 -0.564706 0.744036 0.357097 -0.549494 -0.016135 -0.835342
-0.431722 -121.260571 -307.942510 9671.041917 -0.611709 -0.665827 0.427184 -0.571778 0.745308 0.342907 -0.546701 -0.034496 -0.836617
3.441997 -135.909547 614.515623 2806.662546 0.587587 0.693027 -0.417679 -0.745624 0.664240 0.053192 -0.314303 -0.280177 -0.907036
0.811755 -71.370575 421.840927 -349.571484 0.745606 0.641620 -0.179988 -0.641632 0.618291 -0.453900 0.179946 -0.453916 -0.872685
1.139468 -68.542777 459.367192 -517.089393 0.730318 0.657496 -0.185298 -0.650688 0.587000 -0.481702 0.207947 -0.472366 -0.856521
-0.284097 -68.748502 217.160707 -469.665149 0.752818 0.634084 -0.176639 -0.656857 0.706381 -0.263750 0.042465 -0.314583 -0.948280
-1.511062 -70.472376 -265.344331 363.906283 0.742846 0.638496 -0.201252 -0.656238 0.753946 -0.030272 -0.132405 -0.154556 -0.979072
-1.652000 -70.132232 206.517450 -139.135499 0.772961 0.610685 -0.172033 -0.625347 0.779101 -0.044083 -0.107110 -0.141654 -0.984104
8.293754 -22.068319 1531.770842 -499.038724 -0.894270 0.325721 0.306898 0.369163 0.924553 0.094446 -0.252981 0.197755 -0.947045
1.283769 -25.545125 2156.587500 159.888572 -0.914122 0.240072 0.326721 0.294389 0.947112 0.127729 -0.278778 0.212943 -0.936450
4.846490 -23.796177 2981.502653 -14.403704 -0.910917 0.215537 0.351815 0.246628 0.968041 0.045505 -0.330763 0.128219 -0.934963
-12.605603 -19.457136 -950.058069 219.093257 0.762006 0.276703 0.585476 0.623549 -0.069560 -0.778684 0.174738 -0.958434 0.225543
-9.375921 -20.293580 -884.485090 -99.225584 0.795341 0.239481 0.556849 0.596137 -0.142644 -0.790110 0.109785 -0.960365 0.256215
-10.582884 -21.300637 -609.912429 -152.080068 0.868089 0.235893 0.436778 0.465781 -0.082792 -0.881018 0.171664 -0.968246 0.181745
-12.776894 -20.470976 -758.874301 -181.675825 0.882033 0.262695 0.391163 0.419995 -0.062007 -0.905406 0.213591 -0.962884 0.165023
-15.297135 -18.730078 -929.431715 -123.383093 0.895774 0.301374 0.326746 0.365698 -0.081778 -0.927134 0.252693 -0.949993 0.183466
-14.730097 -18.762848 691.503968 403.020135 -0.518528 -0.332398 -0.787807 0.828408 0.032952 -0.559155 0.211822 -0.942563 0.258275
-9.012066 -18.656870 -677.339407 -946.404532 -0.081421 -0.803582 -0.589599 0.886505 0.211965 -0.411316 0.455500 -0.556172 0.695121
-12.259501 -18.527179 -642.954640 -769.361176 -0.087505 -0.767581 -0.634951 0.894408 0.220105 -0.389343 0.438608 -0.601974 0.667270
-11.653894 -21.214332 -359.654840 -487.566917 -0.177192 -0.788992 -0.588299 0.832661 0.198487 -0.516991 0.524671 -0.581460 0.621792
14.798988 -24.247866 -807.846618 -1263.773627 0.949755 0.249395 -0.189126 -0.065723 0.749679 0.658530 -0.306017 0.613012 -0.728402
8.736192 -26.435665 -1591.069623 -1247.505182 0.916195 0.326954 -0.231704 -0.087977 0.728207 0.679687 -0.390955 0.602341 -0.695945
9.649078 -22.045987 -1671.261767 -947.349482 0.918004 0.334034 -0.213751 -0.140805 0.778424 0.611743 -0.370732 0.531486 -0.761630
13.350919 -20.438350 -799.916430 -858.432800 0.946631 0.261255 -0.188773 -0.102450 0.799184 0.592291 -0.305604 0.541341 -0.783298
15.002133 -21.045902 208.128373 -1092.405219 0.971907 0.177524 -0.154538 -0.055011 0.809740 0.584205 -0.228846 0.559291 -0.796757
16.586423 -27.116253 10.591228 -839.111266 0.974762 0.171556 -0.142858 -0.017982 0.698161 0.715715 -0.222523 0.695083 -0.683625
15.831486 -27.993666 -547.083993 -639.380473 0.953294 0.225340 -0.201127 0.003157 0.658417 0.752647 -0.302027 0.718129 -0.626953
15.956461 -23.997086 247.685976 -1380.233014 0.981113 0.139055 -0.134466 -0.022155 0.771351 0.636024 -0.192163 0.621033 -0.759863
-13.275225 -31.504334 -566.620354 753.480951 0.557791 0.829728 -0.020522 0.646953 -0.450142 -0.615486 0.519924 -0.330036 0.787880
-13.138410 -31.709370 -251.577378 5.688460 0.473280 0.880543 -0.025501 0.728448 -0.407481 -0.550748 0.495348 -0.242081 0.834282
-11.425764 -32.028301 532.965280 521.467742 0.511048 0.858517 -0.042167 0.723756 -0.456256 -0.517694 0.463688 -0.234049 0.854526
-0.812205 -34.197224 305.278063 12.229545 0.187894 -0.617616 -0.763706 0.661834 0.654135 -0.366174 0.725722 -0.436644 0.531667
-0.095969 -33.052087 334.846184 94.078232 0.192651 -0.601402 -0.775372 0.560017 0.716239 -0.416393 0.805771 -0.354002 0.474779
-1.553907 -33.495045 448.955453 -78.565016 0.198035 -0.588597 -0.783796 0.521302 0.740412 -0.424304 0.830076 -0.324567 0.453464
-4.725089 -28.586206 -53.773960 734.198646 -0.307457 0.649673 0.695266 0.946292 0.131956 0.295161 0.100013 0.748674 -0.655351
-4.841790 -26.461524 -46.433626 725.299299 -0.326340 0.630435 0.704311 0.937492 0.120585 0.326447 0.120875 0.766819 -0.630380
-4.892452 -28.747202 -191.929733 2657.963849 -0.286764 0.659315 0.695033 0.920619 -0.011034 0.390306 0.265004 0.751786 -0.603814
-17.638655 -30.551680 -339.922796 -928.007418 0.864103 0.397282 0.309020 -0.176917 -0.335043 0.925444 -0.471197 0.854349 0.219226
-18.211255 -33.692021 -1231.232406 1128.982939 0.771573 0.285239 0.568607 -0.436357 -0.413094 0.799341 -0.462891 0.864865 0.194266
-19.555921 -30.854155 -144.740022 -2561.103486 0.610746 0.198223 0.766614 0.651068 0.425313 -0.628665 -0.450666 0.883072 0.130701
-14.879962 -28.694747 -1165.417733 -2289.732517 0.425661 0.161790 0.890301 0.786944 0.419502 -0.452479 -0.446689 0.893220 0.051246
-18.845115 -25.028973 225.933416 832.957966 0.706589 0.314874 0.633709 -0.505289 -0.402442 0.763363 -0.495394 0.859590 0.125258
49.376003 -48.730908 1897.139449 -1953.781124 0.104285 0.400021 0.910553 -0.593676 0.759573 -0.265700 -0.797918 -0.512865 0.316696
56.713652 -54.406756 2034.822571 -42.506187 -0.052848 0.308633 0.949712 -0.487199 0.822205 -0.294307 -0.871691 -0.478252 0.106914
49.666284 -53.087461 2977.350839 -1275.557385 0.152955 0.384397 0.910409 -0.409009 0.863266 -0.295776 -0.899620 -0.327125 0.289262
51.482369 -51.080051 1569.475311 -1009.722175 -0.082949 0.333112 0.939231 -0.682502 0.667770 -0.297110 -0.726161 -0.665672 0.171959
41.592049 -48.101621 2147.289854 -3141.637463 0.280953 0.476120 0.833292 -0.555200 0.788859 -0.263542 -0.782828 -0.388601 0.485974
46.986945 -45.284416 1327.971737 -442.576536 0.070016 0.418679 0.905431 -0.691587 0.674486 -0.258409 -0.718891 -0.608092 0.336778
41.733921 -45.425510 1203.207280 -778.491644 0.198461 0.475564 0.857002 -0.672035 0.702508 -0.234206 -0.713430 -0.529454 0.459016
0.180795 -21.264442 6222.273192 548.145692 -0.370909 0.911586 -0.177305 0.698736 0.399702 0.593301 -0.611714 -0.096171 0.785212
-5.414183 -23.424861 4597.435662 -26.002706 -0.172755 0.984754 0.020395 0.708206 0.109796 0.697416 -0.684543 -0.134926 0.716377
-14.841902 -21.176390 3660.343853 53.925666 -0.271827 0.962318 0.007385 0.740017 0.204115 0.640868 -0.615212 -0.179670 0.767616
-15.694444 -20.279827 3801.586108 878.002687 -0.407986 0.901719 -0.143002 0.734801 0.417268 0.534748 -0.541863 -0.113092 0.832824
-21.940744 -25.152577 48.277437 1311.233863 0.654965 0.474783 0.587879 -0.534087 0.841212 -0.084346 -0.534577 -0.258735 0.804539
-2.003157 -20.606468 -2556.905013 -1022.512900 0.284118 0.782959 0.553401 0.133986 -0.603946 0.785682 -0.949381 0.149078 0.276498
-3.314692 -24.223606 -1610.483432 490.739389 0.320631 0.691435 0.647389 -0.213336 0.718628 -0.661862 -0.922867 0.074102 0.377923
-6.390001 -19.599575 -1691.302622 -1015.231050 0.311796 0.741824 0.593701 0.146046 -0.654843 0.741520 -0.938858 0.144496 0.312518
-7.237597 -15.062322 -2130.191339 -799.296742 0.268875 0.903243 0.334451 0.150711 -0.382415 0.911617 -0.951311 0.194706 0.238950
133.399652 -28.477329 -27312.842449 -5082.742911 -0.273076 0.952135 -0.137361 0.320806 -0.044482 -0.946100 0.906925 0.302423 0.293303
21.271726 -43.650429 -4542.146194 -6561.253648 -0.198012 0.958016 -0.207356 0.310345 -0.139387 -0.940349 0.929773 0.250553 0.269715
18.126791 -24.916529 -3698.990604 -3649.266611 -0.215416 0.964379 -0.153521 0.341356 -0.072929 -0.937100 0.914916 0.254272 0.313487
-7.248307 -25.502622 544.565345 -41.694120 -0.162934 0.985383 0.049734 -0.757613 -0.092663 -0.646093 0.632041 0.142950 -0.761636
-8.618423 -25.928989 417.529868 -650.851586 -0.164648 0.986265 0.013098 -0.781057 -0.122258 -0.612375 0.602363 0.111057 -0.790459
-5.601245 -24.220331 981.230967 203.600318 -0.234230 0.971605 0.033455 -0.802574 -0.173831 -0.570664 0.548645 0.160517 -0.820502
-1.084133 -34.219608 279.080667 192.362415 -0.269691 0.959990 -0.075409 0.306754 0.011418 -0.951720 0.912781 0.279802 0.297560
-0.857935 -34.290011 191.718700 1236.190008 -0.268838 0.960633 -0.070075 0.155011 -0.028655 -0.987497 0.950630 0.276340 0.141205
-0.299276 -34.810719 244.300364 53.692388 -0.272210 0.959536 -0.072055 0.309258 0.016332 -0.950838 0.911187 0.281111 0.301190
-3.074906 -34.716296 470.800372 1357.599173 -0.265474 0.961364 -0.072816 0.145655 -0.034667 -0.988728 0.953052 0.273087 0.130825
-0.637721 -35.444996 155.615982 -641.623800 -0.261336 0.962348 -0.074768 0.469557 0.059071 -0.880924 0.843339 0.265325 0.467314
-2.367038 -35.741379 199.360297 -1763.686203 -0.262135 0.962334 -0.072098 0.452816 0.056681 -0.889800 0.852199 0.265895 0.450619
-3.325865 -33.489638 511.104286 271.894600 -0.266011 0.960731 -0.078960 0.294023 0.002856 -0.955794 0.918035 0.277467 0.283237
-10.025782 -55.200270 -743.804695 346.242515 0.043092 0.990534 0.130327 -0.772109 -0.049767 0.633538 -0.634027 0.127927 -0.762656
-6.688633 -49.114412 -1292.013205 907.576107 0.067298 0.996348 0.052543 -0.612539 -0.000311 0.790441 -0.787571 0.085380 -0.610281
-10.506570 -51.695133 -911.375368 713.993755 0.087180 0.994251 0.062161 -0.588707 0.001082 0.808346 -0.803632 0.107066 -0.585417
-2.659627 -64.635778 -925.107187 4930.822537 0.835477 0.495117 0.238407 -0.053095 -0.359080 0.931795 -0.546954 0.791152 0.273714
-3.009042 -66.682167 -785.558315 3887.220186 0.833121 0.497653 0.241354 -0.054369 -0.360571 0.931146 -0.550412 0.788879 0.273342
-3.215307 -61.311022 -625.135781 3884.493310 0.837128 0.498880 0.224354 0.027804 -0.448425 0.893388 -0.546300 0.741642 0.389260
-3.273593 -63.878655 -211.881099 3967.762356 0.845170 0.490705 0.211889 0.026203 -0.433989 0.900537 -0.533856 0.755554 0.379652
-2.192957 -63.888662 270.447624 4131.846912 0.859196 0.463980 0.215648 -0.059267 -0.328388 0.942682 -0.508202 0.822730 0.254651
-6.825425 -55.712826 322.821190 924.100313 -0.814988 -0.529419 -0.235603 -0.550339 0.834450 0.028633 0.181441 0.152997 -0.971427
-5.464778 -57.510838 -579.883366 1215.064820 0.843546 0.499892 0.196311 -0.520641 0.850856 0.070546 0.131767 0.161717 -0.978001
-5.044932 -51.964930 -593.324621 1065.444719 0.833558 0.505903 0.221911 -0.548722 0.804702 0.226626 0.063921 0.310673 -0.948365
38.041895 -28.260280 1318.995700 -1591.157788 -0.142841 0.595344 0.790672 0.859051 0.471330 -0.199698 -0.491556 0.650702 -0.578756
33.712794 -23.191265 -2746.809853 -1094.672729 -0.221532 0.752447 0.620280 0.887606 0.419008 -0.191282 -0.403831 0.508190 -0.760699
36.144187 -30.229306 1281.076332 1018.769108 -0.016803 0.609788 0.792386 0.965528 0.215780 -0.145581 -0.259755 0.762625 -0.592394
39.509844 -23.404425 -2841.457684 3387.458141 -0.288441 0.704790 0.648130 -0.803712 -0.546131 0.236193 -0.520431 0.452782 -0.723975
-0.011219 -40.996396 39.897860 8.099402 0.808729 0.524916 0.265368 -0.545384 0.500279 0.672515 -0.220256 0.688610 -0.690871
-0.423888 -49.405720 76.085671 2626.982547 0.777541 0.553515 0.298414 -0.614078 0.566160 0.549884 -0.135419 0.610807 -0.780113
0.323004 -40.536608 -166.867942 1152.316006 0.795642 0.540399 0.273720 -0.574132 0.528605 0.625260 -0.193200 0.654634 -0.730841
0.449307 -48.340709 162.504560 2067.534303 0.769338 0.565514 0.297174 -0.620432 0.550538 0.558544 -0.152259 0.614086 -0.774413
0.342408 -36.153640 -54.791906 -765.281989 0.816023 0.520755 0.250840 -0.525085 0.486429 0.698336 -0.241646 0.701570 -0.670378
0.404502 -41.699975 130.514343 -2274.173089 0.831878 0.501002 0.238697 -0.477875 0.427998 0.767107 -0.282160 0.752206 -0.595459
-0.270653 -46.205614 -198.533103 -2142.219746 0.840916 0.499470 0.208303 -0.438743 0.403899 0.802727 -0.316805 0.766417 -0.558783
1.594800 -45.510673 293.926315 -1705.683974 0.834787 0.509573 0.208485 -0.456542 0.429017 0.779432 -0.307734 0.745842 -0.590779
1.908612 -44.285255 369.073138 -551.107809 0.798213 0.544641 0.257335 -0.558148 0.508050 0.656015 -0.226554 0.667271 -0.709523
0.559805 -27.128250 -151.257208 385.255955 -0.281597 0.954197 -0.101049 -0.167829 -0.152667 -0.973923 0.944741 0.257295 -0.203133
0.226691 -28.930856 101.897017 721.567253 -0.291070 0.949720 -0.115366 -0.073037 -0.142294 -0.987126 0.953910 0.278897 -0.110782
0.562009 -26.575316 146.317443 434.028350 -0.285807 0.954643 -0.083493 -0.185129 -0.140490 -0.972620 0.940235 0.262525 -0.216885
-30.328643 -74.990124 -190.084605 -3114.439766 0.147622 0.815791 -0.559189 0.577985 0.387638 0.718102 -0.802584 0.429210 0.414291
-27.401844 -71.714667 930.769647 -3018.933731 0.254047 0.765898 -0.590644 0.488625 0.425384 0.761770 -0.834689 0.482129 0.266170
-29.007171 -68.465436 -39.762463 -5567.630087 0.125329 0.811027 -0.571427 0.331318 0.508687 0.794648 -0.935158 0.288916 0.204955
-24.872906 -67.011028 617.065514 -4386.209864 0.220843 0.748742 -0.624991 0.237427 0.580262 0.779053 -0.945969 0.320438 0.049625
-29.309381 -75.296680 -941.293223 -4817.044441 0.045921 0.867200 -0.495838 0.466520 0.420291 0.778276 -0.883318 0.267058 0.385266
-27.491492 -64.460902 -542.842227 -2979.445777 0.045302 0.877486 -0.477459 0.255210 0.451923 0.854771 -0.965824 0.160575 0.203470
-27.680555 -60.164492 199.388626 -2973.863073 0.134500 0.814936 -0.563728 0.175638 0.540284 0.822949 -0.975224 0.209698 0.070465
-14.515645 -77.448312 -507.026317 7891.123757 -0.379446 -0.660459 0.647931 -0.232705 0.745918 0.624063 -0.895471 0.086021 -0.436728
-11.615426 -63.865529 -191.223802 1800.286374 -0.402840 -0.661553 0.632509 -0.168473 0.732850 0.659203 -0.899632 0.158993 -0.406674
-10.765778 -76.508271 -626.468147 5444.406003 -0.446294 -0.642929 0.622466 -0.311691 0.763705 0.565335 -0.838851 0.058289 -0.541232
-11.006131 -27.891628 -561.053674 285.910379 -0.533174 0.795480 -0.287987 -0.044009 0.313868 0.948446 -0.844860 -0.518361 0.132338
-12.753554 -30.360590 -235.208011 594.592502 -0.496539 0.838605 -0.224033 -0.018295 0.247931 0.968605 -0.867822 -0.485049 0.107765
-11.615993 -30.743793 -611.825519 1201.682774 -0.544759 0.816007 -0.193312 -0.063934 0.189435 0.979810 -0.836152 -0.546120 0.051026
-10.960908 -28.900221 -378.353981 -567.345712 -0.517180 0.785823 -0.339126 -0.006175 0.392797 0.919605 -0.855855 -0.477695 0.198294
1.606717 -150.073864 277.860175 -6599.865455 0.578488 0.582935 -0.570560 0.743594 -0.664399 0.075117 -0.335291 -0.467719 -0.817813
-1.036103 -134.139367 1132.217514 -4997.225447 -0.588028 -0.549387 0.593630 -0.591466 0.792683 0.147720 -0.551717 -0.264248 -0.791064
-0.591845 -143.869782 -893.866246 -7589.052618 0.592049 0.560114 -0.579440 0.736189 -0.668408 0.106095 -0.327877 -0.489391 -0.808080
-4.651798 -148.456742 -1147.660246 -2900.554044 0.617001 0.553950 -0.558972 0.683072 -0.729700 0.030841 -0.390798 -0.400847 -0.828613
-2.839005 -118.779267 -797.259944 -8744.452991 -0.719317 -0.614803 0.323420 -0.584168 0.787280 0.197327 -0.375940 -0.046991 -0.925452
-2.638668 -96.898052 1045.330451 -713.103976 0.775937 0.529734 -0.342496 -0.593361 0.797212 -0.111244 -0.214112 -0.289542 -0.932910
-7.748863 -109.766421 -1540.151189 -5654.866958 -0.717525 -0.603285 0.348146 -0.598699 0.789621 0.134383 -0.355975 -0.112012 -0.927758
-6.195114 -142.310955 -776.652330 -16028.573061 -0.676575 -0.662171 0.322141 -0.537473 0.743104 0.398648 -0.503357 0.096573 -0.858665
-0.283012 -19.538286 515.545223 1071.906719 0.483537 0.249849 0.838909 -0.611634 0.782044 0.119626 -0.626175 -0.570949 0.530963
2.463838 -15.589744 271.944524 1149.919961 0.461050 0.274533 0.843839 -0.570452 0.820104 0.044868 -0.679718 -0.502056 0.534717
0.203451 -15.502834 856.709875 1016.705438 0.584241 0.123357 0.802151 -0.479446 0.849936 0.218496 -0.654824 -0.512242 0.555710
-7.812722 -28.518499 -1489.097853 -776.071629 0.055917 0.946750 0.317077 -0.823158 -0.136013 0.551281 -0.565052 0.291831 -0.771719
-15.859818 -29.785251 -1848.614190 -733.372322 0.087216 0.934453 0.345242 -0.813744 -0.133083 0.565783 -0.574643 0.330284 -0.748798
-11.430842 -26.693484 -1490.056033 -635.019779 0.024578 0.936755 0.349121 -0.872602 -0.150306 0.464729 -0.487813 0.316065 -0.813721
-12.859161 -18.477803 395.371912 -3.768467 -0.394579 -0.486582 -0.779452 0.890640 0.006091 -0.454668 0.225981 -0.873614 0.430966
-14.078306 -19.094626 252.284246 392.861687 -0.471231 -0.523423 -0.709908 0.859827 -0.093239 -0.502000 0.196567 -0.846956 0.493990
-12.069412 -18.823139 400.594630 360.986088 -0.482060 -0.465481 -0.742257 0.860916 -0.094422 -0.499909 0.162613 -0.880007 0.446257
-11.249415 -18.366598 311.920232 177.709951 -0.470409 -0.445597 -0.761681 0.859038 -0.033736 -0.510800 0.201915 -0.894598 0.398654
-13.001583 -25.197988 404.180072 2124.065210 0.751992 0.651094 -0.102879 0.119772 0.018512 0.992629 -0.648199 0.758771 0.064062
-9.530542 -18.212830 596.562051 2421.266202 0.751931 0.651331 -0.101820 0.177194 -0.050915 0.982858 -0.634982 0.757083 0.153697
-8.741354 -20.633448 1478.571173 1773.667709 0.784473 0.569913 0.244543 -0.124473 -0.241602 0.962359 -0.607543 0.785384 0.118591
-10.479957 -22.668405 -651.557192 1785.931449 0.616935 0.660003 -0.428704 0.383610 0.223452 0.896054 -0.687193 0.717262 0.115328
-69.722455 -490.673345 -10410.031243 58541.631969 0.355453 0.933398 -0.049212 -0.740337 0.313290 0.594770 -0.570574 0.174979 -0.802389
-391.001441 -37927.564283 155537.474869 7302432.453896 0.301619 0.913831 0.271916 -0.373619 -0.149102 0.915520 -0.877174 0.377731 -0.296453
-560.569728 -1411.323297 -94545.264415 74157.641530 0.281735 0.957127 0.067323 -0.919901 0.249497 0.302544 -0.272776 0.147168 -0.950755
-104.888125 -1186.252662 -12813.615203 214798.114127 0.431587 0.890233 -0.145660 -0.345599 0.312331 0.884879 -0.833243 0.331563 -0.442462
-52.413033 -1812.576706 -4582.745944 274888.583324 0.253876 0.963189 -0.088396 0.959460 -0.239216 0.149035 0.122403 -0.122648 -0.984873
-28.952072 -712.769375 695.239576 61298.173389 0.362845 0.926324 -0.101329 -0.847940 0.373309 0.376347 -0.386447 0.050634 -0.920921
-16.226828 -50.864408 334.946673 10851.165979 0.207726 0.900775 -0.381384 -0.010570 -0.387799 -0.921683 0.978130 -0.195489 0.071034
-11.139320 -23.839406 886.881457 -2600.696770 0.162140 0.651760 -0.740891 0.118423 0.732547 0.670336 0.979636 -0.196426 0.041592
-10.135780 -82.126795 2472.538253 16475.266251 0.107079 0.771679 -0.626933 0.007756 -0.631188 -0.775591 0.994220 -0.078187 0.073572
-13.943011 -269.992635 1072.209776 59735.027274 0.171073 0.897337 -0.406841 0.102645 -0.426914 -0.898448 0.979897 -0.111940 0.165140
-33.980267 -214.291440 37.938011 41181.387782 0.059773 0.907241 -0.416343 0.151868 -0.420499 -0.894493 0.986592 0.009763 0.162916
-13.167191 -75.131699 -53.107463 14910.941685 0.079366 0.726347 -0.682730 0.037311 -0.686576 -0.726100 0.996147 -0.032155 0.081592
-27.776724 -181.289382 1328.444306 33495.857976 0.025134 0.883389 -0.467966 0.152040 -0.466046 -0.871599 0.988055 0.049243 0.146024
-9.163749 -53.863028 -1428.941593 -11381.012929 0.332658 0.791179 -0.513200 -0.152843 -0.491765 -0.857208 0.930579 -0.363596 0.042663
-3.989766 -111.991057 -1776.023160 -18792.205654 0.403569 0.833674 -0.376988 -0.324703 -0.254714 -0.910872 0.855395 -0.490009 -0.167902
-13.182021 -94.175279 -1623.364149 -17557.800409 0.362183 0.839237 -0.405592 -0.212622 -0.349277 -0.912577 0.907533 -0.416758 -0.051938
-23.177986 -39.512304 -10.976996 1014.466679 0.252763 0.836141 0.486804 0.902211 -0.385424 0.193555 0.349465 0.390277 -0.851797
-29.631009 -44.964727 -938.555027 2257.564325 0.605406 0.566407 0.559166 0.715390 -0.695173 -0.070375 0.348857 0.442627 -0.826063
-23.560004 -48.218692 -482.220944 -4591.443673 -0.650953 -0.414746 -0.635803 -0.581457 0.810866 0.066369 0.488024 0.412895 -0.768993
22.372620 -41.414713 -156.346276 1656.686093 -0.284825 -0.517001 -0.807208 0.483613 0.649562 -0.586675 0.827643 -0.557476 0.065017
23.804460 -46.368152 -271.107725 3822.127337 -0.233450 -0.592475 -0.771022 0.513149 0.598459 -0.615244 0.825942 -0.539278 0.164318
28.229312 -53.976938 261.655178 2868.766690 0.239653 0.590904 0.770323 0.698207 0.446418 -0.559659 0.674591 -0.671970 0.305588
28.025729 -44.021516 -3120.718723 -1688.381124 -0.631822 0.728055 0.265964 0.685971 0.365451 0.629197 0.360893 0.579984 -0.730325
44.430014 -46.123869 4861.861883 147.451574 0.676907 -0.686856 -0.264622 0.582715 0.280405 0.762769 0.449711 0.670523 -0.590049
35.216323 -43.676688 -4084.683442 1467.380697 -0.556204 0.778238 0.291519 0.589211 0.121912 0.798729 0.586061 0.616022 -0.526354
12.879550 -24.476095 -45.576712 -860.953294 0.597923 -0.085125 -0.797021 0.275594 0.955556 0.104693 0.752686 -0.282252 0.594809
14.502640 -25.128612 1640.470718 -741.066821 0.621502 0.016366 -0.783242 0.191527 0.966269 0.172167 0.759640 -0.257014 0.597403
19.413827 -34.626391 1895.734641 -2590.900080 0.668936 0.028788 -0.742762 0.130823 0.979092 0.155768 0.731717 -0.201369 0.651184
25.284656 -55.291317 1951.770311 -6786.517873 0.669561 -0.014609 -0.742613 0.083900 0.994895 0.056075 0.738003 -0.099851 0.667369
6.199786 -33.995718 1949.714142 -1460.361841 -0.193879 0.940056 0.280545 0.723025 0.330206 -0.606794 0.663058 -0.085197 0.743704
8.008058 -32.324244 2189.063329 -225.474622 -0.195489 0.937728 0.287141 0.753958 0.330944 -0.567471 0.627161 -0.105558 0.771704
14.315419 -32.625867 1237.383878 198.142865 -0.261841 0.870976 0.415741 0.733990 0.459416 -0.500196 0.626657 -0.174178 0.759581
7.269828 -27.751732 692.370090 799.609903 0.375145 -0.520372 -0.767124 0.711364 0.692210 -0.121678 0.594329 -0.500058 0.629853
9.992159 -28.675103 554.324269 2324.309127 0.348449 -0.611732 -0.710188 0.683585 0.684251 -0.253994 0.641323 -0.396970 0.656597
7.357673 -28.528431 806.823586 2509.822907 0.351273 -0.535691 -0.767882 0.636132 0.738328 -0.224071 0.686982 -0.409765 0.600124
7.164961 -29.321823 538.681187 1645.557729 0.355064 -0.514533 -0.780503 0.629957 0.748563 -0.206899 0.690712 -0.418221 0.589921
1.322389 -29.098977 -261.696000 -200.173005 0.012527 0.532474 0.846353 -0.599042 0.681710 -0.420024 -0.800619 -0.501740 0.327515
0.178600 -29.543748 -284.301798 -58.815179 0.027938 0.516082 0.856084 -0.473283 0.761171 -0.443420 -0.880467 -0.392782 0.265519
0.224449 -29.885827 -126.219636 -23.974224 0.029632 0.526290 0.849788 -0.404496 0.783754 -0.471289 -0.914060 -0.329771 0.236106
5.568078 -22.692573 291.575713 -824.387408 0.106000 0.404040 0.908579 0.992112 0.018519 -0.123980 -0.066919 0.914554 -0.398890
5.078399 -21.433859 655.781458 -177.212811 0.121525 0.369469 0.921263 0.990330 0.017446 -0.137632 -0.066923 0.929079 -0.363776
3.112238 -25.842120 736.478696 -405.014097 0.144588 0.346975 0.926662 0.988968 -0.020201 -0.146746 -0.032198 0.937657 -0.346068
3.904746 -24.754010 233.713987 1490.904016 0.045480 0.379773 0.923961 0.992801 0.085405 -0.083973 -0.110802 0.921129 -0.373154
3.591489 -25.785986 970.526298 1137.338968 0.047109 0.334629 0.941172 0.992259 0.092704 -0.082627 -0.114900 0.937779 -0.327671
7.131944 -60.437157 -1937.369917 1562.057427 0.199992 0.596638 0.777191 -0.652452 -0.510672 0.559929 -0.730965 0.619061 -0.287147
-2.329759 -77.754812 606.171685 4006.033997 -0.061072 0.365412 0.928840 0.974950 -0.177560 0.133958 0.213875 0.913754 -0.345415
1.024059 -78.576508 552.982587 4737.763751 -0.095477 0.372133 0.923256 0.842522 -0.463741 0.274046 0.530133 0.804029 -0.269254
-0.205437 -90.915212 347.440615 4471.231165 -0.050162 0.375894 0.925304 0.978333 -0.167842 0.121220 0.200871 0.911336 -0.359330
-4.874767 -45.066147 -308.968247 3398.599689 0.181725 0.521943 0.833397 0.983257 -0.108081 -0.146713 0.013498 0.846105 -0.532845
-3.671483 -46.340321 -50.031196 3634.029488 0.157572 0.491030 0.856773 0.987425 -0.089531 -0.130289 0.012732 0.866530 -0.498963
-4.833794 -42.400943 -127.886446 1704.253590 0.162108 0.491680 0.855554 0.979153 -0.187694 -0.077661 0.122398 0.850307 -0.511856
-3.055647 -25.795339 177.402462 1102.103508 -0.311729 0.724745 0.614467 0.073887 0.663222 -0.744767 0.947294 0.186764 0.260295
-3.392546 -26.431604 108.578555 787.992247 -0.295405 0.782083 0.548709 0.109785 0.598324 -0.793697 0.949043 0.174222 0.262609
-4.925929 -27.436180 28.348165 -530.540278 -0.289413 0.761404 0.580090 0.051071 0.617444 -0.784955 0.955841 0.197551 0.217582
-1.055802 -15.791484 1298.331724 -1225.620992 0.051319 0.490901 0.869703 0.957099 0.224503 -0.183196 -0.285182 0.841793 -0.458319
-3.133891 -60.741945 159.166977 -557.591977 0.752679 0.631804 -0.185195 -0.059012 0.344893 0.936785 -0.655737 0.694170 -0.296878
0.830227 -40.725032 135.377836 2151.591324 -0.024680 0.350646 0.936183 0.997715 -0.050280 0.045135 0.062898 0.935157 -0.348603
0.658147 -40.020978 -91.812790 1976.162659 -0.019653 0.362884 0.931627 0.999337 -0.021446 0.029435 0.030662 0.931588 -0.362222
1.762367 -38.286113 -209.935374 -311.758695 -0.010178 0.369881 0.929023 0.991190 0.126424 -0.039476 -0.132053 0.920437 -0.367909
-6.153519 -25.857813 87.137445 309.473211 -0.087318 0.611590 0.786341 0.521284 0.700709 -0.487103 -0.848904 0.367374 -0.379997
-5.002416 -26.796581 170.396503 -471.540994 -0.064423 0.594467 0.801535 0.452327 0.733350 -0.507541 -0.889522 0.329859 -0.316139
-6.074637 -28.486758 169.386218 749.977691 -0.106861 0.565985 0.817461 0.610154 0.686484 -0.395540 -0.785043 0.456509 -0.418696
-6.889419 -26.368490 3.321672 826.755983 -0.121177 0.597139 0.792932 0.617906 0.670553 -0.410549 -0.776858 0.440209 -0.450231
-5.581754 -29.618689 257.411356 579.844648 -0.067671 0.559257 0.826228 0.574946 0.698655 -0.425815 -0.815388 0.446221 -0.368821
-0.960772 -102.665388 385.490321 -7931.039762 0.635349 0.525758 -0.565606 0.442217 0.352739 0.824633 -0.633069 0.774050 0.008387
-0.492038 -76.491784 391.006475 -2388.063293 0.659463 0.541854 -0.521060 0.202930 0.539091 0.817436 -0.723829 0.644807 -0.245552
-1.711391 -84.163868 550.448905 -6197.909837 0.664393 0.525573 -0.531371 0.337761 0.423085 0.840783 -0.666708 0.738087 -0.103577
-1.636979 -68.485552 -376.708657 -1844.475779 -0.660227 -0.543587 0.518279 0.173011 0.561427 0.809238 -0.730867 0.623949 -0.276623
-1.687416 -111.591723 414.513865 -10085.919730 0.637361 0.528331 -0.560925 0.543885 0.207215 0.813173 -0.545857 0.823364 0.155281
-1.170873 -93.707721 169.777930 -7315.907521 0.650129 0.535151 -0.539394 0.463942 0.282612 0.839576 -0.601739 0.796080 0.064544
-1.202735 -75.463884 54.995974 -4628.532924 0.650107 0.541796 -0.532746 0.303723 0.457390 0.835791 -0.696501 0.705161 -0.132796
1.186268 -70.966329 688.892294 502.538293 0.717755 0.667229 -0.199081 -0.625229 0.491755 -0.606024 0.306458 -0.559448 -0.770131
1.495820 -68.350863 151.661643 103.495180 0.713725 0.666618 -0.214981 -0.618804 0.456325 -0.639414 0.328144 -0.589397 -0.738196
0.864998 -28.061950 -1255.564247 -365.652061 0.922525 -0.237317 -0.304349 0.313201 0.921141 0.231093 -0.225506 0.308511 -0.924104
-8.949850 -30.598761 450.186733 1163.077382 -0.969008 -0.052531 0.241380 -0.005983 0.981833 0.189655 -0.246957 0.182333 -0.951718
-4.811414 -28.420559 423.432603 746.120096 0.975704 0.060539 -0.210563 0.003216 0.957005 0.290053 -0.219070 0.283683 -0.933559
7.012415 -24.415465 -1838.937658 -292.480778 0.881221 -0.336193 -0.332301 0.406545 0.897695 0.169896 -0.241188 0.284811 -0.927745
8.731758 -27.527834 -1133.630517 -1033.028256 0.875662 -0.365362 -0.315796 0.447036 0.860635 0.243856 -0.182690 0.354707 -0.916955
11.461883 -32.483644 -589.432651 -1334.193761 0.924001 -0.253973 -0.285867 0.348882 0.865950 0.358346 -0.156536 0.430846 -0.888745
1.055507 -28.384668 -56.841438 -682.344051 0.964115 -0.084936 -0.251533 0.168654 0.927650 0.333199 -0.205034 0.363664 -0.908685
2.445919 -324.393959 176.372666 61955.820805 0.502637 0.734905 -0.455269 0.131016 -0.585302 -0.800160 0.854512 -0.342543 0.390479
11.634596 -273.967598 -80.047024 9038.950013 0.486847 0.762868 -0.425454 0.553189 -0.646226 -0.525713 0.675989 -0.020585 0.736624
5.123685 -206.511495 -485.548578 -10340.399891 0.492785 0.693843 -0.525114 -0.284582 0.698798 0.656273 0.822299 -0.173963 0.541813
10.129439 -564.034754 -1689.330531 128548.907096 -0.170742 0.868893 -0.464621 0.821274 0.386029 0.420109 -0.544387 0.309851 0.779510
13.082000 -263.641999 -4279.521269 55225.822890 -0.110098 0.875275 -0.470926 0.831090 0.340938 0.439375 -0.545131 0.343008 0.764970
-3.639280 -206.289725 676.302027 46157.449683 0.240209 -0.753638 0.611824 0.937365 0.343886 0.055575 -0.252281 0.560153 0.789039
4.774502 -27.673880 94.629102 1068.722816 0.328164 -0.537195 -0.777000 0.629587 0.737603 -0.244053 0.704222 -0.409100 0.580266
4.944561 -28.079998 27.647264 433.859872 0.312717 -0.554884 -0.770916 0.575127 0.756543 -0.311242 0.755934 -0.346044 0.555713
