17845
35680
-21.231032 -31.745135 22.944851 1881.580901 -0.561860 0.801076 0.206377 -0.444861 -0.082264 -0.891814 0.697433 0.592883 -0.402588
-23.801369 -37.287623 -68.093780 1511.358135 -0.558154 0.786777 0.263527 -0.375185 0.043965 -0.925907 0.740068 0.615670 -0.270647
-25.545595 -40.506284 102.696077 1943.801323 -0.371686 0.769556 0.519262 -0.503999 0.302461 -0.809013 0.779638 0.562406 -0.275435
-20.096433 -31.397270 35.212635 -1765.282192 0.720016 -0.693910 0.008106 0.247799 0.267997 0.931007 0.648207 0.668331 -0.364912
-20.682377 -36.901433 -571.748391 3613.998079 -0.289173 0.802166 0.522406 -0.640850 0.243173 -0.728134 0.711119 0.545340 -0.443749
-19.286775 -26.527886 198.339694 1659.591465 -0.623133 0.780519 0.049949 -0.420322 -0.280341 -0.862982 0.659571 0.558748 -0.502759
-17.031335 -26.215158 282.220383 917.066166 -0.759815 0.620887 -0.192824 -0.168186 -0.474207 -0.864200 0.628009 0.624201 -0.464734
80.916774 -38.818479 -6673.410981 2141.034835 -0.061506 0.846493 0.528835 0.995205 0.092387 -0.032134 -0.076059 0.524322 -0.848116
83.311938 -42.257596 -8910.942159 -246.540049 0.040583 0.806747 0.589501 0.999023 -0.043096 -0.009797 0.017501 0.589323 -0.807708
98.587190 -50.146622 -4156.349886 2127.409521 -0.015165 0.669480 0.742675 0.999303 0.035493 -0.011590 -0.034119 0.741981 -0.669552
91.595950 -46.745133 -3335.825453 2498.839522 -0.128252 0.797448 0.589600 0.970730 0.222668 -0.090007 -0.203061 0.560799 -0.802665
-7.810461 -21.235152 3453.308871 277.180902 0.988858 -0.146542 0.026163 0.139161 0.972448 0.187028 0.052849 0.181303 -0.982006
3.105150 -22.476016 5803.704377 115.333342 0.992463 0.059057 0.107374 -0.070222 0.992162 0.103362 0.100428 0.110122 -0.988831
-17.739752 -21.023051 471.317402 -12.066980 0.968924 -0.246184 -0.024086 0.247242 0.966860 0.063665 -0.007615 0.067642 -0.997681
4.789445 -26.071998 6625.909062 0.803260 0.970329 -0.205539 0.127340 0.176847 0.962456 0.205920 0.164884 0.177291 -0.970248
-1.063676 -66.329951 -298.336488 -611.441511 0.921628 0.318577 -0.221609 -0.274860 0.938989 0.206766 0.273959 -0.129650 0.952962
-1.492086 -68.214076 -406.272977 419.966311 0.922605 0.319218 -0.216564 -0.328710 0.944394 -0.008320 0.201866 0.078863 0.976233
1.508857 -67.286982 -829.334552 580.597044 0.929348 0.309997 -0.200532 -0.313071 0.949577 0.017025 0.195698 0.046959 0.979539
1.053947 -8.882639 -404.454341 405.067448 0.567466 0.808412 0.156376 0.672897 -0.345852 -0.653908 -0.474544 0.476295 -0.740237
1.595290 -7.195091 46.514061 276.694644 0.565424 0.805978 0.175200 0.673734 -0.328790 -0.661801 -0.475793 0.492236 -0.728920
1.486333 -11.892576 -199.624548 -1477.745019 0.650612 0.756154 0.070252 -0.582965 0.438017 0.684320 -0.486679 0.486181 -0.725790
0.197221 -17.263712 -519.525798 -2029.826667 0.686205 0.727322 0.011198 -0.529410 0.488806 0.693393 -0.498847 0.481738 -0.720472
-1.101990 -11.103210 -789.274746 -800.516660 0.613266 0.784397 0.092875 -0.624585 0.409591 0.664927 -0.483526 0.465786 -0.741111
-0.477616 -8.437263 -749.822358 79.695117 0.459985 0.855852 0.236498 0.763393 -0.245156 -0.597603 -0.453481 0.455429 -0.766120
2.332305 -21.445959 644.428591 635.841588 -0.524177 0.787288 -0.324678 0.270627 -0.207497 -0.940056 0.807465 0.580623 0.104297
1.760699 -23.151185 672.848324 516.215945 -0.525357 0.783048 -0.332920 0.192366 -0.271831 -0.942922 0.828852 0.559414 0.007824
2.897619 -20.351131 407.039956 1462.168415 -0.519260 0.793973 -0.316190 0.203720 -0.244317 -0.948054 0.829980 0.556701 0.034884
3.321611 -20.172233 319.966247 465.199388 -0.521742 0.801267 -0.292844 0.295271 -0.152442 -0.943173 0.800375 0.578561 0.157056
3.282250 -20.727948 490.874755 -1228.584538 -0.515189 0.797488 -0.313995 0.399683 -0.100536 -0.911124 0.758178 0.594899 0.266947
-3.476968 -22.936833 -88.932637 -149.465091 0.788862 -0.596313 0.148687 0.335060 0.620123 0.709353 -0.515201 -0.509763 0.688992
-2.444735 -22.510112 30.864395 -7.004560 0.782070 -0.612130 0.116891 -0.345990 -0.582497 -0.735519 -0.518322 -0.534784 0.667344
-3.169976 -22.349806 51.640918 -494.642216 0.793629 -0.592130 0.139766 0.357221 0.639474 0.680784 -0.492490 -0.490363 0.719026
-2.098499 -22.263876 236.101021 291.065848 0.786759 -0.609199 0.099432 -0.369041 -0.593361 -0.715354 -0.494792 -0.526116 0.691652
-2.662598 -22.386911 432.751389 251.857022 0.795946 -0.596696 0.102094 -0.415359 -0.660986 -0.624959 -0.440393 -0.455028 0.773953
-3.521774 -21.243725 -546.918206 377.835264 0.733940 -0.678877 0.021427 -0.132410 -0.173949 -0.975812 -0.666183 -0.713350 0.217558
-3.774090 -20.834215 -222.512349 346.443279 0.757355 -0.650248 0.059930 -0.125689 -0.235219 -0.963781 -0.640793 -0.722392 0.259873
-2.806964 -21.625917 -323.867870 -101.891291 0.745197 -0.664779 0.052453 -0.184128 -0.280725 -0.941961 -0.640920 -0.692288 0.331600
3.511021 -40.835142 -944.922306 -208.855672 -0.664415 0.649584 -0.369585 0.692056 0.348055 -0.632389 -0.282154 -0.675942 -0.680802
4.172417 -42.173351 122.346428 -21.269405 -0.641280 0.689946 -0.335759 0.697023 0.340856 -0.630854 -0.320809 -0.638586 -0.699492
4.086868 -40.259633 43.355125 -119.096854 0.673811 -0.665223 0.321648 0.612756 0.259793 -0.746350 -0.412928 -0.699990 -0.582671
-2.717956 -45.827473 322.550168 -1552.446230 -0.310185 0.822202 0.477252 -0.728818 0.116675 -0.674693 0.610417 0.557110 -0.563045
-4.234402 -47.668788 343.009254 806.514050 -0.291530 0.826076 0.482296 0.839547 -0.020680 0.542894 0.458445 0.563180 -0.687500
-3.031912 -50.266757 223.374185 867.779465 -0.272566 0.824015 0.496696 0.862109 -0.020034 0.506326 0.427171 0.566214 -0.704930
-4.448075 -50.970761 425.804469 615.767222 -0.255452 0.822602 0.508007 0.924056 0.053187 0.378539 0.284367 0.566125 -0.773717
-1.163659 -49.362583 350.692706 1892.892821 -0.285632 0.818400 0.498634 0.787237 -0.096343 0.609078 0.546510 0.566515 -0.616756
-3.102272 -53.673957 178.913369 267.007012 -0.238494 0.822332 0.516615 0.946411 0.077515 0.313524 0.217775 0.563704 -0.796751
-1.965884 -52.359080 50.373459 518.253057 -0.257146 0.825128 0.503030 0.891180 0.001169 0.453648 0.373729 0.564944 -0.735639
0.661570 -21.644805 355.146705 -665.153200 0.792119 -0.603335 0.092381 -0.304213 -0.521466 -0.797199 -0.529152 -0.603373 0.596606
1.530086 -22.992565 572.899904 -29.284958 0.789334 -0.609413 0.074619 -0.322786 -0.515292 -0.793904 -0.522266 -0.602569 0.603447
1.034529 -22.435689 205.523419 204.655884 0.779857 -0.620830 0.079962 -0.342386 -0.530011 -0.775797 -0.524019 -0.577632 0.625896
-0.594538 -22.359447 144.694247 -145.768070 0.781400 -0.618927 0.079649 -0.346282 -0.536244 -0.769760 -0.519137 -0.573909 0.633345
0.511433 -22.510515 11.617555 424.082007 0.762278 -0.642879 0.075096 -0.395020 -0.553989 -0.732841 -0.512730 -0.528964 0.676243
0.247117 -23.085770 -600.351547 -434.323587 -0.093869 0.897584 0.430733 -0.834621 0.164919 -0.525556 0.542767 0.408832 -0.733662
12.634395 -22.629795 -4250.297969 -272.809256 0.019223 0.905748 0.423380 -0.838259 0.245400 -0.486931 0.544934 0.345541 -0.763969
6.474223 -23.474956 -3059.357197 -348.731845 -0.020561 0.909379 0.415460 -0.873475 0.185841 -0.450006 0.486435 0.372146 -0.790498
-1.877805 -45.768902 -135.429016 1423.568076 -0.220112 0.931021 0.291120 -0.313308 0.215152 -0.924958 0.923790 0.294804 -0.244339
-2.527327 -43.952126 -168.544995 -115.159478 -0.235768 0.933580 0.269891 -0.445656 0.142930 -0.883721 0.863600 0.328632 -0.382357
-2.197220 -43.408720 21.057288 267.385360 -0.240264 0.925817 0.291781 -0.359063 0.194503 -0.912821 0.901858 0.324086 -0.285695
56.597751 -18.730140 -6397.085361 -252.988316 0.747076 -0.630800 -0.209686 0.457784 0.716940 -0.525767 0.481987 0.296797 0.824379
81.901107 -18.404216 -10504.424278 -380.443646 0.788126 -0.592255 -0.167604 0.480195 0.761972 -0.434523 0.385058 0.261976 0.884928
65.137404 -22.444773 -14204.535030 -309.260918 0.803502 -0.584924 0.110672 -0.553255 -0.665104 0.501543 0.219756 0.464221 0.858025
33.801101 -20.194986 -5904.435321 -498.122643 0.718750 -0.691876 0.068604 -0.584162 -0.547436 0.599223 0.377032 0.470767 0.797638
0.680101 -80.149708 -177.539950 -4108.354812 0.795543 0.590363 -0.136319 0.168151 -0.431271 -0.886414 0.582097 -0.682258 0.442365
1.029133 -66.400532 -252.369168 -3592.374045 0.786519 0.608167 -0.107336 0.339023 -0.570475 -0.748079 0.516189 -0.551989 0.654872
1.423178 -81.925746 7.742903 -4609.397725 0.782450 0.608874 -0.130550 0.220778 -0.467276 -0.856102 0.582262 -0.641035 0.500046
0.413152 -104.739214 277.602718 -6289.460986 0.792042 0.593842 -0.141495 0.019451 -0.256213 -0.966425 0.610156 -0.762697 0.214482
0.228182 -100.838455 32.596905 -5765.089937 0.792161 0.592197 -0.147595 0.001788 -0.244087 -0.969752 0.610310 -0.767935 0.194415
3.774137 -48.967482 507.627146 -461.708380 0.920353 0.390975 0.009419 -0.275807 0.631797 0.724405 -0.277273 0.669307 -0.689310
1.791855 -52.610158 468.058562 2159.841528 0.932807 0.360366 -0.002614 -0.280017 0.729351 0.624210 -0.226851 0.581536 -0.781252
2.432253 -51.961697 544.393947 166.445132 0.936252 0.351142 -0.011485 -0.233469 0.646262 0.726524 -0.262536 0.677528 -0.687045
-8.669269 -24.666580 564.743505 64.109028 0.506153 -0.088644 -0.857876 -0.157872 0.968374 -0.193207 0.847872 0.233227 0.476150
-0.395978 -24.547402 2023.926969 77.544652 0.481978 -0.318574 -0.816216 -0.026062 0.925933 -0.376787 0.875796 0.202875 0.437977
-6.753765 -24.696878 1131.396812 53.861643 0.507128 -0.259196 -0.821972 -0.136444 0.917536 -0.373512 0.851002 0.301572 0.429943
148.628003 -945.035864 19916.626515 190458.148320 0.661949 0.510384 -0.548937 -0.543578 -0.177374 -0.820403 0.516088 -0.841455 -0.160021
42.509754 -974.386856 -10236.933149 240845.007799 0.778924 0.538007 -0.322220 -0.180582 -0.299623 -0.936812 0.600556 -0.787892 0.136229
19.127872 -268.675422 -11964.661552 59609.908604 0.732707 0.531010 -0.425640 -0.524131 0.041377 -0.850632 0.434083 -0.846355 -0.308636
-24.071099 -61.833130 -7892.732467 17958.315055 0.791142 0.512372 -0.334020 -0.440001 0.097438 -0.892696 0.424846 -0.853218 -0.302531
-4.658148 -55.067639 -2913.875572 -11946.577697 0.374076 0.463317 -0.803371 0.867735 0.130833 0.479499 0.327267 -0.876482 -0.353095
5.441163 -14.197316 2704.379962 1147.605313 -0.315484 0.915702 0.248915 -0.248394 0.173475 -0.952999 0.915844 0.362485 -0.172727
-4.536730 -17.381744 1950.070401 1304.752558 -0.320315 0.936333 0.143801 -0.183681 0.087529 -0.979081 0.929333 0.340028 -0.143950
-4.322561 -12.323408 2027.451261 814.030563 -0.335821 0.936052 0.105028 -0.224348 0.028807 -0.974083 0.914818 0.350681 -0.200328
0.629969 -17.664221 -1393.887615 12.041392 0.628796 0.058433 -0.775371 -0.167461 0.983949 -0.061653 0.759323 0.168612 0.628489
-0.621394 -16.701408 -1047.463643 339.108121 0.603846 0.191494 -0.773757 -0.193747 0.976863 0.090558 0.773196 0.095230 0.626976
-2.776760 -20.220886 -683.151005 571.887117 0.560986 0.310024 -0.767581 -0.249701 0.947409 0.200162 0.789268 0.079377 0.608896
-4.840838 -23.540116 -142.341890 437.259747 0.508944 0.380572 -0.772102 -0.255813 0.923304 0.286476 0.821910 0.051713 0.567266
-4.147695 -21.196663 -794.239232 180.587725 0.571470 0.207232 -0.794026 -0.251414 0.965273 0.070979 0.781161 0.159067 0.603726
-2.563175 -22.603013 -118.599812 186.101547 0.509249 0.416328 -0.753217 -0.192997 0.908158 0.371484 0.838700 -0.043809 0.542829
15.162575 4.654347 1630.107753 -2892.301773 0.388769 0.525690 0.756643 0.682378 0.387506 -0.619838 -0.619046 0.757290 -0.208069
14.640185 -1.868422 1075.905913 -2311.423521 0.305465 0.529023 0.791724 0.710998 0.426350 -0.559202 -0.633382 0.733731 -0.245900
8.945362 0.535097 2139.905825 -2501.487776 0.505383 0.492444 0.708581 0.637326 0.340572 -0.691250 -0.581725 0.800943 -0.141729
10.255450 8.383869 2729.683286 -1457.927102 0.349591 0.383968 0.854608 0.768420 0.404359 -0.496009 -0.536020 0.830098 -0.153688
3.322468 1.847477 -565.999953 3039.089459 0.828368 0.492754 -0.266458 0.157480 0.251637 0.954923 -0.537593 0.832990 -0.130850
3.769010 -25.893080 -5918.196549 -308.589297 0.936701 0.144362 -0.318983 -0.230589 0.939921 -0.251750 -0.263475 -0.309368 -0.913713
44.523031 -25.966459 -12874.365257 -204.034076 0.853868 0.353205 -0.382303 -0.441788 0.880174 -0.173544 -0.275196 -0.317081 -0.907594
6.811653 -26.097563 8012.105108 -334.605309 -0.905695 -0.242528 0.347702 -0.302426 0.944400 -0.129025 -0.297077 -0.222012 -0.928685
1.469179 -26.760419 -139.260469 -868.487022 -0.500168 0.839102 -0.213869 -0.343383 -0.418929 -0.840587 0.794934 0.346996 -0.497668
1.310374 -26.779533 -350.000990 450.348565 -0.484431 0.848270 -0.213928 -0.465668 -0.457047 -0.757800 0.740594 0.267483 -0.616420
0.276612 -26.687907 -239.242838 -680.803592 -0.488682 0.844072 -0.220752 -0.358368 -0.424888 -0.831289 0.795463 0.327126 -0.510124
0.856998 -26.770472 -42.341785 -501.068502 -0.505753 0.831249 -0.230733 -0.250446 -0.397420 -0.882799 0.825524 0.388692 -0.409180
1.606562 -26.200847 -156.066083 -1263.360772 -0.505087 0.832285 -0.228450 -0.247126 -0.393077 -0.885674 0.826932 0.390887 -0.404217
16.962042 -50.519349 1482.845883 -1266.479202 -0.221547 0.831797 0.508951 0.204297 -0.470747 0.858289 -0.953509 -0.294128 0.065641
12.455714 -45.984619 2469.798099 -693.418109 -0.148262 0.832311 0.534113 0.105424 -0.523703 0.845353 -0.983313 -0.181642 0.010100
8.517050 -47.646734 1859.905718 -595.680219 -0.139049 0.850822 0.506722 0.224583 -0.471267 0.852918 -0.964483 -0.232399 0.125551
10.799170 -49.602845 1484.738886 -639.019659 -0.173195 0.848542 0.499980 0.367287 -0.415384 0.832200 -0.913840 -0.327769 0.239716
-0.725733 -7.812775 -34.796971 230.459728 0.832896 0.539350 0.124043 -0.329543 0.303267 0.894109 -0.444619 0.785577 -0.430329
-0.196806 -8.176792 17.935695 128.795915 0.871522 0.490282 0.008575 -0.229334 0.392081 0.890886 -0.433423 0.778393 -0.454146
0.144922 -8.892987 -71.180488 111.764296 0.851123 0.520226 0.070384 -0.298987 0.370165 0.879537 -0.431504 0.769638 -0.470597
100.051840 -1511.219090 955.444322 113555.318777 -0.667555 0.073145 -0.740959 -0.333499 0.860378 0.385394 0.665694 0.504381 -0.549956
484.618754 -6561.925818 19849.201251 2433983.434389 0.819390 -0.007602 0.573186 -0.384015 0.735101 0.558713 0.425597 0.677915 -0.599415
77.104807 -493.567299 9799.215306 -116708.731994 0.494123 -0.108130 0.862642 0.853658 -0.127573 -0.504968 0.164652 0.985917 0.029269
1.061131 -66.809509 1468.442030 11199.779878 0.922818 0.246319 0.296198 -0.371219 0.774093 0.512812 0.102970 0.583186 -0.805786
1.437860 -304.281040 1025.939759 65041.425438 0.818311 0.450600 0.356829 -0.561157 0.760664 0.326334 0.124381 0.467280 -0.875316
-6.303456 -189.242472 1621.762477 44334.155870 0.851769 0.384173 0.356232 -0.508538 0.769779 0.385785 0.126011 0.509757 -0.851040
-2.604913 -31.628823 506.806094 827.725914 0.989161 -0.114423 0.092023 0.042073 0.821290 0.568958 0.140680 0.558919 -0.817202
9.680417 -30.244423 -580.317942 -1008.844098 0.981525 -0.189510 0.026339 0.127162 0.748985 0.650270 0.142960 0.634907 -0.759247
-24.208735 -130.145872 1604.892809 19960.570575 0.719165 0.432671 0.543688 0.400913 0.380696 -0.833270 0.567512 -0.817231 -0.100320
-17.973768 -166.219696 1859.056311 26618.066299 0.633137 0.498587 0.592072 0.581003 0.199292 -0.789125 0.511442 -0.843619 0.163502
-35.699030 -198.276705 2742.246937 33270.158585 0.647585 0.412999 0.640363 0.622163 0.198615 -0.757275 0.439940 -0.888810 0.128332
-46.457024 -153.205739 5156.541433 22299.014867 0.717724 0.351229 0.601258 0.455971 0.415536 -0.787033 0.526273 -0.839028 -0.138090
-21.824801 -44.963981 -644.247522 -202.522976 0.673209 -0.490677 -0.553196 0.720050 0.605249 0.339413 0.168279 -0.626825 0.760771
-17.180877 -43.950202 -1179.155163 -385.535368 0.526964 -0.644587 -0.553910 0.818731 0.559870 0.127380 0.228010 -0.520628 0.822775
-20.177799 -40.188199 -1326.179019 -772.456141 0.594756 -0.612774 -0.520358 0.798762 0.523559 0.296421 0.090799 -0.591941 0.800850
-22.474444 -36.525382 -983.865956 -2486.961395 0.690042 -0.502740 -0.520667 0.723769 0.478624 0.497069 -0.000693 -0.719841 0.694138
-13.155703 -38.770885 112.752798 -3156.122928 0.562132 -0.722034 -0.403329 0.826581 0.506849 0.244678 0.027761 -0.470926 0.881736
-11.181797 -34.245576 -140.334942 -3334.725594 0.629607 -0.702715 -0.331340 0.775910 0.547071 0.314128 -0.039476 -0.454868 0.889684
-10.902558 -27.536702 -23.067639 -2446.458192 0.649047 -0.679878 -0.341328 0.755535 0.523637 0.393663 -0.088911 -0.513391 0.853536
9.261649 -23.571125 5417.639219 563.726426 0.059857 0.038623 -0.997459 0.997251 0.041403 0.061448 0.043671 -0.998396 -0.036038
-2.512537 -24.536892 5339.817803 35.724480 0.047382 0.031029 -0.998395 0.994547 0.091498 0.050044 0.092904 -0.995322 -0.026524
-15.706650 -28.094254 2797.276278 747.567435 -0.252814 -0.051095 -0.966165 0.967237 -0.037265 -0.251124 -0.023173 -0.997998 0.058842
-5.276439 -20.423142 -84.737859 55.762877 -0.245934 0.587296 0.771103 -0.221376 0.740477 -0.634576 -0.943668 -0.326767 -0.052095
-3.548791 -20.069012 -237.068638 131.360165 -0.262471 0.585078 0.767328 -0.184437 0.750128 -0.635051 -0.947149 -0.308206 -0.088977
-3.923400 -21.312391 -171.033340 295.139039 -0.256568 0.590634 0.765065 -0.266201 0.717765 -0.643390 -0.929145 -0.368734 -0.026928
-2.050168 -20.954791 -484.925568 162.466650 -0.279028 0.583706 0.762516 -0.252774 0.721405 -0.644733 -0.926417 -0.372643 -0.053746
-5.601534 -21.485209 -61.545164 356.809467 -0.238030 0.592324 0.769736 -0.294781 0.711074 -0.638340 -0.925444 -0.378848 0.005349
-3.464711 -30.097569 176.154362 1114.277187 0.486435 -0.276455 -0.828826 0.871558 0.220176 0.438075 0.061380 -0.935465 0.348048
-3.409939 -29.105033 98.656004 1.945938 0.529506 -0.260180 -0.807422 0.844517 0.071812 0.530692 -0.080093 -0.962886 0.257752
-2.982340 -31.391164 -5.240199 1713.175532 0.500537 -0.267159 -0.823461 0.863262 0.225585 0.451543 0.065126 -0.936876 0.343542
-3.227982 -30.791299 22.558425 204.974336 0.468878 -0.266219 -0.842188 0.875185 0.268689 0.402315 0.119183 -0.925707 0.358973
13.379966 -21.723496 1540.353243 343.070406 0.060231 0.609123 0.790785 0.726561 -0.569983 0.383705 -0.684457 -0.551443 0.476895
8.725239 -22.161169 1677.240695 535.457779 0.098133 0.618756 0.779430 0.698166 -0.600934 0.389155 -0.709178 -0.505983 0.490966
9.193953 -20.740142 1458.340475 167.739163 0.076540 0.622292 0.779034 0.755589 -0.545995 0.361904 -0.650559 -0.560929 0.511987
14.056312 -20.643081 -1107.141970 182.968532 -0.016411 -0.604080 -0.796755 0.789408 -0.496887 0.360469 -0.613649 -0.623049 0.485020
-4.086559 -55.736496 544.099865 1781.987454 0.228331 -0.080727 -0.970231 0.677419 0.728936 0.098771 0.699263 -0.679805 0.221125
-2.764247 -49.444386 906.972892 3531.775567 0.235507 -0.048639 -0.970655 0.503536 0.860349 0.079060 0.831256 -0.507379 0.227110
-4.642462 -48.297509 270.962920 4074.077923 0.267121 -0.074380 -0.960788 0.465050 0.883186 0.060922 0.844023 -0.463089 0.270508
0.063250 -41.008944 1144.317468 4116.705176 0.240490 -0.039321 -0.969855 0.338820 0.939730 0.045916 0.909596 -0.339649 0.239318
0.442101 -71.694566 271.974876 -700.251836 0.322031 -0.517863 -0.792536 -0.392244 0.688918 -0.609537 0.861650 0.507158 0.018724
-0.133333 -69.036753 128.434554 -1685.873269 0.314897 -0.499583 -0.807005 -0.183695 0.802105 -0.568228 0.931180 0.327176 0.160809
1.769045 -74.417816 214.478585 -261.839417 0.314660 -0.504903 -0.803780 -0.377599 0.710324 -0.594019 0.870867 0.490420 0.032860
2.093156 -72.729000 547.659752 1143.635924 0.315820 -0.528153 -0.788234 -0.563847 0.563681 -0.603607 0.763109 0.635074 -0.119776
0.235449 -70.533676 446.112352 1190.483597 0.324408 -0.537026 -0.778693 -0.545131 0.566622 -0.617877 0.773040 0.624934 -0.108933
-6.261739 -20.714223 -35.620161 -285.481443 0.378986 -0.474959 -0.794219 0.772442 0.634987 -0.011141 0.509610 -0.609266 0.607529
-6.305575 -21.389879 10.155763 -556.317917 0.431364 -0.457098 -0.777808 0.759479 0.649325 0.039606 0.486947 -0.607814 0.627252
-5.670647 -19.821887 -125.260315 45.119163 0.367745 -0.495615 -0.786848 0.817864 0.575063 0.020023 0.442564 -0.650898 0.616822
-6.009906 -19.376523 -198.596676 -185.440470 0.345189 -0.489585 -0.800719 0.808299 0.588661 -0.011469 0.476967 -0.643261 0.598930
-6.250517 -20.235642 -82.396630 84.092169 0.373192 -0.471844 -0.798806 0.841698 0.534343 0.077601 0.390221 -0.701313 0.596563
-5.324690 -20.863341 -191.334890 470.816979 0.393241 -0.488059 -0.779205 0.847932 0.520178 0.102109 0.355490 -0.700866 0.618396
-5.091960 -26.984716 -865.529080 899.148456 0.403377 -0.298972 -0.864814 -0.165411 0.905721 -0.390267 0.899959 0.300474 0.315894
-2.089748 -27.559315 -1333.402924 895.597918 0.421641 -0.418748 -0.804281 -0.076863 0.867283 -0.491845 0.903499 0.269202 0.333496
-7.819011 -30.058125 -82.860032 644.563543 0.397821 -0.319887 -0.859890 -0.008419 0.935935 -0.352072 0.917424 0.147301 0.369642
21.199947 -17.339363 4003.081298 1575.499085 -0.066355 0.952140 0.298373 0.876280 0.198624 -0.438955 0.477210 -0.232331 0.847521
7.443203 -11.212074 1757.573699 1403.373093 -0.048993 0.957445 0.284427 0.873255 0.179282 -0.453082 0.484794 -0.226180 0.844877
15.889748 -14.727481 3601.323851 2444.557148 -0.172510 0.926627 0.334070 0.815476 0.324584 -0.479212 0.552485 -0.189757 0.811636
27.049754 -18.713146 3332.823337 2308.031890 -0.111042 0.899019 0.423597 0.816760 0.325385 -0.476474 0.566192 -0.293068 0.770414
28.951251 -24.447248 -3234.571746 -1151.006781 -0.012399 -0.924186 -0.381742 0.935133 0.124470 -0.331713 0.354080 -0.361092 0.862693
7.616803 -42.686871 -240.970842 -584.224921 0.334346 -0.300938 -0.893112 0.568337 0.820330 -0.063651 0.751802 -0.486307 0.445308
9.414701 -43.761048 -622.214778 -397.737766 0.325294 -0.268844 -0.906591 0.617262 0.786669 -0.011803 0.716360 -0.555764 0.421846
8.814621 -40.962839 -888.271104 -387.348057 0.333856 -0.303374 -0.892471 0.707387 0.706402 0.024495 0.623012 -0.639500 0.450439
6.169943 -40.453168 -707.183316 -501.647268 0.338896 -0.329442 -0.881259 0.672179 0.740164 -0.018204 0.658274 -0.586195 0.472283
36.415064 -27.615018 8543.246813 -420.688459 -0.401323 0.727064 0.557062 0.396722 0.686161 -0.609750 0.825561 0.023708 0.563814
-1.156676 -30.098691 -1983.360200 -176.494943 0.441581 -0.537943 -0.718069 0.359445 0.839361 -0.407766 0.822074 -0.078045 0.564007
17.342715 -29.122467 -6266.583957 -460.167675 0.413194 -0.680789 -0.604811 0.320480 0.730381 -0.603188 0.852387 0.055404 0.519969
625.227619 6.668527 96252.018514 -1773.712165 0.225221 0.754802 0.616075 -0.661200 0.582833 -0.472356 0.715605 0.300964 -0.630342
280.443389 19.747027 -26494.240745 722.629216 0.389088 0.913210 0.121076 -0.710000 0.381024 -0.592216 0.586950 -0.144460 -0.796631
664.155802 0.365504 -103824.677321 -644.574338 0.367323 0.929615 -0.029821 -0.756184 0.279820 -0.591512 0.541534 -0.239826 -0.805744
11.926047 -119.721760 -1939.094229 12373.119338 -0.433714 0.017732 0.900876 0.857284 -0.299693 0.418626 0.277410 0.953871 0.114780
16.217891 -115.936226 -420.013161 13829.095038 -0.490226 -0.062318 0.869365 0.803795 -0.418020 0.423288 0.337033 0.906298 0.255015
11.246810 -158.493541 -776.215788 15662.149478 -0.448362 -0.026262 0.893466 0.892981 -0.057279 0.446434 0.039452 0.998013 0.049133
-0.918919 -101.603994 -33.507455 3474.560296 0.514326 0.008505 -0.857553 0.692162 0.586273 0.420946 0.506340 -0.810069 0.295649
-1.340940 -96.295867 40.367173 4372.645193 0.502094 0.016184 -0.864662 0.600799 0.712632 0.362212 0.622047 -0.701352 0.348085
-1.424267 -107.411950 43.015708 3040.808077 0.506001 0.018667 -0.862331 0.775850 0.426964 0.464498 0.376855 -0.904076 0.201561
-1.859354 -102.199261 75.787577 2817.086830 0.500527 0.015938 -0.865574 0.739240 0.512478 0.436910 0.450551 -0.858552 0.244727
-7.731527 -127.021013 -647.164809 9416.432525 -0.377946 -0.033818 0.925210 0.886850 -0.300137 0.351306 0.265809 0.953297 0.143427
-7.112300 -92.518438 -615.168514 8581.735880 -0.368013 -0.036133 0.929118 0.721943 -0.640829 0.261031 0.585974 0.766833 0.261919
-3.339176 -98.610520 -1094.308008 9726.911458 -0.387107 -0.001875 0.922033 0.776958 -0.539114 0.325102 0.496472 0.842231 0.210151
-5.860198 -340.689505 -478.664849 -68425.485762 0.694734 0.168797 -0.699180 -0.651128 -0.265385 -0.711057 0.305576 -0.949251 0.074464
0.616378 -437.681730 681.726721 85703.246326 0.688296 0.168167 -0.705669 0.724387 -0.211465 0.656160 -0.038880 -0.962810 -0.267368
7.165135 -910.932904 949.445448 241891.592533 0.663901 0.209131 -0.717983 0.730470 -0.386968 0.562734 -0.160151 -0.898065 -0.409672
-6.589815 -417.661859 1974.411703 -85589.294832 0.752828 0.163019 -0.637711 -0.566397 -0.333137 -0.753800 0.335329 -0.928679 0.158461
44.591418 -1855.449801 -777.803517 105903.648381 0.647433 0.351479 -0.676235 0.658989 -0.703900 0.265063 -0.382838 -0.617242 -0.687349
-9.204964 -1273.989541 1150.079616 78651.416001 -0.653981 -0.373903 0.657652 -0.580557 0.805417 -0.119403 -0.485038 -0.459892 -0.743799
10.378846 -575.184570 -1072.441433 -121377.020012 0.792028 0.220363 -0.569326 -0.574784 -0.045065 -0.817063 0.205707 -0.974376 -0.090968
-127.889488 -2809.803757 17528.558297 622812.601454 0.664779 0.266092 -0.698043 0.733610 -0.056152 0.677246 0.141013 -0.962311 -0.232536
-3.767301 -17.193256 71.458412 468.131570 -0.087359 0.295075 0.951472 0.650169 0.740536 -0.169963 -0.754751 0.603769 -0.256542
-4.521288 -18.082175 163.439434 333.563087 -0.043283 0.331215 0.942562 0.609143 0.756544 -0.237876 -0.791878 0.563859 -0.234503
-3.060550 -17.012544 381.949886 526.593807 0.007389 0.370972 0.928615 0.660715 0.695245 -0.283001 -0.750600 0.615641 -0.239969
-5.341424 -18.466637 -186.625115 121.012401 -0.139346 0.258363 0.955945 0.576572 0.806017 -0.133796 -0.805076 0.532528 -0.261280
-2.621943 -15.353745 347.785009 637.260260 -0.040857 0.329121 0.943403 0.708665 0.675153 -0.204847 -0.704361 0.660188 -0.260822
-4.472353 -18.137003 -117.731287 212.336982 -0.170621 0.232616 0.957485 0.619371 0.781074 -0.079388 -0.766334 0.579493 -0.277343
-3.281339 -16.205518 169.409347 552.218490 -0.119221 0.270286 0.955370 0.684351 0.719516 -0.118159 -0.719340 0.639721 -0.270752
0.332086 -6.443929 66.928793 421.969298 0.096393 0.435570 0.894979 0.825462 0.467442 -0.316401 -0.556166 0.769270 -0.314488
-0.716719 -6.644511 317.137005 319.822678 0.090641 0.430444 0.898055 0.826684 0.470316 -0.308863 -0.555318 0.770403 -0.313211
-0.704834 -7.971466 246.612104 363.952666 0.034696 0.400470 0.915653 0.814561 0.519506 -0.258076 -0.579039 0.754810 -0.308182
0.086203 -7.973826 -31.975785 379.333252 0.063600 0.423013 0.903889 0.805299 0.513206 -0.296839 -0.589448 0.746780 -0.308012
-0.798290 -9.414296 233.437313 415.787127 -0.009575 0.368329 0.929646 0.798793 0.562078 -0.214470 -0.601529 0.740542 -0.299601
-2.255181 -10.178866 356.165811 629.735299 -0.075933 0.323284 0.943251 0.800015 0.584389 -0.135888 -0.595156 0.744296 -0.303006
-0.881339 -32.887044 413.329269 -807.714425 -0.462722 0.421064 0.780124 0.877797 0.094593 0.469600 0.123937 0.902085 -0.413379
0.499239 -32.347630 524.741526 -278.240963 -0.429217 0.414154 0.802652 0.879477 -0.010700 0.475820 0.205651 0.910144 -0.359646
-0.047273 -33.407995 654.331678 -60.475704 -0.439523 0.411754 0.798297 0.861128 -0.059639 0.504878 0.255495 0.909341 -0.328360
3.432118 -51.023398 880.294075 -1286.290704 -0.330048 0.161932 0.929971 0.806006 -0.464456 0.366927 0.491348 0.870666 0.022775
7.751898 -51.085019 947.038453 -1955.475670 -0.273131 0.166172 0.947516 0.824865 -0.466345 0.319562 0.494972 0.868855 -0.009696
6.757010 -55.753357 613.643479 -1167.073052 -0.309724 0.187260 0.932204 0.695355 -0.624071 0.356393 0.648500 0.758597 0.063077
4.734043 -45.402283 1131.022875 -1386.051120 -0.282492 0.144546 0.948317 0.885312 -0.341354 0.315753 0.369353 0.928754 -0.031538
2.214813 -5.859388 713.052331 0.337717 0.104820 -0.463960 -0.879633 0.983061 -0.085377 0.162177 -0.150344 -0.881732 0.447152
5.352221 -5.650612 808.038046 -259.485251 0.183459 -0.486082 -0.854440 0.970858 -0.046752 0.235052 -0.154201 -0.872662 0.463339
1.700249 -7.373909 730.808349 -543.612651 0.133561 -0.465298 -0.875020 0.981542 -0.059841 0.181641 -0.136879 -0.883129 0.448717
-0.936664 -6.712059 437.755482 -19.811804 -0.007374 -0.454965 -0.890479 0.987324 -0.144504 0.065654 -0.158548 -0.878707 0.450263
4.226972 -160.050824 -1722.466736 37318.019640 0.422900 0.777514 -0.465433 -0.161025 0.569927 0.805763 -0.891755 0.265811 -0.366222
5.222707 -627.535399 2676.254017 159251.668167 -0.505517 -0.659395 0.556463 -0.296143 0.738360 0.605908 -0.810402 0.141504 -0.568529
7.117952 -321.010222 -903.886021 64339.598655 0.490463 0.727856 -0.479242 -0.113528 0.598607 0.792957 -0.864036 0.334509 -0.376226
10.252453 -57.850470 -75.243189 8557.013908 0.389006 0.894347 -0.220945 -0.155201 0.300031 0.941220 -0.908068 0.331850 -0.255517
-27.802178 -42.108231 72.872285 479.656987 -0.471590 0.782240 0.407068 -0.321132 0.277579 -0.905441 0.821266 0.557719 -0.120299
-24.791423 -40.677141 -411.302629 895.580663 -0.598437 0.762539 0.245780 -0.245186 0.117746 -0.962299 0.762730 0.636137 -0.116500
-22.560889 -36.793369 271.884422 -1830.315130 0.692045 -0.713883 -0.106987 0.244085 0.091940 0.965386 0.679336 0.694204 -0.237875
68.297779 -37.158215 5599.545501 -1961.911969 0.093126 0.442072 0.892132 0.857029 0.420481 -0.297820 -0.506783 0.792318 -0.339711
90.528260 -45.684542 4268.236742 -1246.166533 -0.037864 0.674166 0.737609 0.838182 0.423317 -0.343880 -0.544075 0.605230 -0.581102
94.095503 -49.861186 3806.176578 -493.192227 -0.058219 0.632896 0.772045 0.923159 0.328495 -0.199674 -0.379985 0.701095 -0.603388
91.921665 -49.621198 -2.309220 -651.177382 -0.192391 0.823901 0.533078 -0.873755 -0.391101 0.289124 -0.446697 0.410154 -0.795132
5.127013 -20.901487 -5611.529458 -1131.058652 -0.987825 -0.110386 -0.109616 -0.111024 0.993818 -0.000288 0.108970 0.011886 -0.993974
12.161116 -28.746482 -8085.572570 -890.329649 -0.982500 0.024901 -0.184590 0.008761 0.996105 0.087739 0.186056 0.084587 -0.978891
12.907245 -24.633162 -687.169431 -151.513680 -0.353813 0.295214 0.887505 0.635476 -0.620365 0.459693 0.686285 0.726634 0.031892
15.599506 -24.610806 1735.538452 -106.497174 0.358622 -0.302339 -0.883166 -0.554266 0.692303 -0.462067 0.751119 0.655216 0.080699
16.627856 -24.758594 -2530.468169 -262.443703 -0.372125 0.306744 0.876031 0.619213 -0.621048 0.480494 0.691446 0.721254 0.041167
12.975292 -24.959866 -105.665761 7.232045 0.350922 -0.300845 -0.886762 -0.563763 0.688251 -0.456598 0.747680 0.660153 0.071917
13.431876 -24.211264 -1977.242209 -127.279654 -0.379305 0.309565 0.871950 0.678006 -0.548278 0.489591 0.629631 0.776892 -0.001922
11.156590 -24.831309 1382.124123 -166.273525 -0.339334 0.303582 0.890331 0.655419 -0.602617 0.455280 0.674743 0.738032 0.005515
10.965969 -24.210463 286.046760 -123.087269 -0.361041 0.285595 0.887742 0.712322 -0.529932 0.460183 0.601869 0.798503 -0.012108
1.075707 -11.453650 176.256895 -1355.823109 0.678000 0.732984 0.055233 -0.554378 0.460556 0.693219 -0.482680 0.500623 -0.718607
0.330402 -7.129698 543.787403 -10.662059 0.605696 0.778431 0.164857 0.644844 -0.358833 -0.674845 -0.466164 0.515057 -0.719310
-0.485656 -10.710472 535.860323 -974.871003 0.731506 0.681786 0.008204 -0.488527 0.515684 0.703855 -0.475647 0.518882 -0.710296
-1.358383 -6.636836 591.502400 404.087670 0.666009 0.738355 0.106130 -0.592529 0.437223 0.676569 -0.453146 0.513486 -0.728691
-1.490624 -7.236600 248.869835 544.920887 0.700786 0.711420 0.052737 -0.540678 0.481460 0.689829 -0.465367 0.511936 -0.722049
-1.551237 -7.822748 446.546738 42.658758 0.677869 0.730374 0.083948 -0.566885 0.446565 0.692258 -0.468119 0.516849 -0.716751
0.012489 -6.537540 645.846492 -292.374873 0.542219 0.808231 0.229699 0.711037 -0.295709 -0.637951 -0.447688 0.509234 -0.735021
-0.097698 -24.471267 -67.289465 -1178.366376 -0.498438 0.804491 -0.323037 0.136661 -0.295050 -0.945658 0.856086 0.515499 -0.037122
0.567399 -27.342077 85.303325 -1739.452302 -0.503430 0.808940 -0.303603 0.102801 -0.292804 -0.950630 0.857899 0.509786 -0.064247
0.385566 -24.377720 319.424325 -137.427123 -0.507778 0.791860 -0.339292 0.169027 -0.294614 -0.940549 0.844743 0.534940 -0.015753
-0.658523 -23.115330 84.356554 1049.893581 -0.504118 0.791620 -0.345257 0.168624 -0.301857 -0.938322 0.847013 0.531244 -0.018685
-9.931844 -24.726664 1630.376255 194.271314 0.795774 -0.560525 0.229249 -0.172735 -0.572915 -0.801206 -0.580436 -0.597980 0.552733
-4.760275 -23.932153 798.209670 246.461005 0.776923 -0.617973 0.120422 -0.225439 -0.451642 -0.863248 -0.587851 -0.643529 0.490206
-4.200137 -22.869903 515.940127 223.965999 0.787637 -0.594289 0.162632 -0.238216 -0.537149 -0.809150 -0.568226 -0.598575 0.564647
-2.818790 -22.339404 -138.371737 -229.717827 0.784210 -0.603964 0.142278 -0.302376 -0.572202 -0.762335 -0.541834 -0.554809 0.631350
-3.227586 -22.736255 253.567502 -159.631469 0.797799 -0.579432 0.166659 -0.295180 -0.616394 -0.730019 -0.525724 -0.533214 0.662795
-2.493043 -22.013200 -138.234397 255.607464 0.774138 -0.620849 0.123520 -0.259136 -0.488844 -0.832995 -0.577546 -0.612844 0.539317
-5.633684 -23.146542 936.510487 -209.548182 0.804504 -0.552349 0.218367 -0.228146 -0.626830 -0.745006 -0.548382 -0.549541 0.630303
-2.387372 -23.003547 -96.738430 269.719434 0.762430 -0.640614 0.091177 -0.245325 -0.416565 -0.875379 -0.598762 -0.645048 0.474760
-8.722627 -24.708913 1538.085660 181.963165 0.787436 -0.591136 0.174649 -0.156690 -0.465997 -0.870801 -0.596148 -0.658335 0.459568
4.249887 -43.711068 434.631411 277.225156 -0.643009 0.696352 -0.318799 0.686294 0.339162 -0.643405 -0.339912 -0.632505 -0.695986
3.828934 -41.770041 223.251873 237.527655 -0.617561 0.707656 -0.343281 0.748630 0.395029 -0.532452 -0.241187 -0.585812 -0.773727
3.491245 -45.696533 481.673246 446.119571 -0.635819 0.711756 -0.298560 0.699983 0.368760 -0.611587 -0.325204 -0.597846 -0.732682
3.712920 -41.378551 147.164714 1016.678397 -0.606863 0.722016 -0.332281 0.775110 0.445127 -0.448405 -0.175848 -0.529674 -0.829773
3.511474 -37.124451 -303.119621 1194.199142 -0.608038 0.702866 -0.369147 0.791497 0.500467 -0.350806 -0.061824 -0.505483 -0.860619
-4.329180 -44.448375 190.605314 -1169.716285 -0.306796 0.836160 0.454657 -0.741881 0.089156 -0.664578 0.596228 0.541191 -0.592979
-5.064114 -48.948626 216.831447 237.212573 -0.266386 0.838564 0.475236 0.901416 0.042152 0.430897 0.341302 0.543170 -0.767124
20.538535 -23.531460 1559.569522 -390.703864 -0.267246 0.386108 0.882893 0.896291 -0.236887 0.374897 0.353897 0.891518 -0.282758
17.099310 -23.854594 2067.170556 -53.552435 -0.295655 0.326895 0.897624 0.856278 -0.325899 0.400722 0.423529 0.887091 -0.183559
13.629738 -24.203766 2576.193402 -12.503487 -0.337044 0.267112 0.902803 0.886570 -0.232668 0.399823 0.316851 0.935156 -0.158394
11.265798 -24.108659 2324.710583 134.066400 -0.340323 0.256388 0.904680 0.842872 -0.343315 0.414368 0.416829 0.903549 -0.099264
1.585237 -21.499956 -1780.747558 -343.156454 -0.079910 0.901432 0.425483 -0.784097 0.206711 -0.585202 0.615472 0.380383 -0.690292
14.457726 -21.561869 -5197.812302 -135.523127 0.070677 0.883665 0.462754 -0.789470 0.333114 -0.515531 0.609707 0.328894 -0.721170
-2.610743 -23.093459 1080.905130 -535.756194 -0.176124 0.887925 0.424935 -0.777327 0.139397 -0.613458 0.603939 0.438359 -0.665657
3.797363 -19.774362 -3512.399899 -250.686312 0.016410 0.892229 0.451285 -0.747376 0.310770 -0.587241 0.664199 0.327643 -0.671930
83.207143 -18.179759 4124.838826 -1060.046618 0.631813 -0.635316 -0.444056 0.514981 0.772225 -0.372106 0.579317 0.006421 0.815077
128.199456 -21.227000 -21502.752336 -190.957771 0.857516 -0.509232 0.073143 -0.491529 -0.769004 0.408695 0.151874 0.386415 0.909735
1.067402 -55.897320 -408.068080 2779.976834 0.776284 0.625082 -0.081579 -0.467732 0.657904 0.590245 0.422623 -0.420041 0.803091
0.119978 -58.797304 -431.003451 -3133.203830 0.784105 0.613383 -0.094550 0.427184 -0.643922 -0.634727 0.450214 -0.457303 0.766930
3.768942 -51.015600 423.334052 1690.125740 0.921157 0.389174 -0.003536 -0.299967 0.715737 0.630667 -0.247970 0.579883 -0.776046
1.806718 -61.292344 287.037920 3806.404527 0.932155 0.361477 -0.020544 -0.308916 0.823643 0.475587 -0.188835 0.436974 -0.879429
0.513998 -59.576232 192.369830 3605.990524 0.936456 0.349874 -0.025270 -0.291945 0.817290 0.496795 -0.194469 0.457849 -0.867500
0.872096 -23.521470 1828.642129 -146.671099 0.490105 -0.245746 -0.836305 0.026295 0.963167 -0.267615 0.871267 0.109168 0.478515
12.791477 -418.121076 -8637.974065 77594.229455 0.855030 0.460398 -0.238657 0.043871 -0.522784 -0.851336 0.516719 -0.717448 0.467194
-62.680449 -2708.980159 -24701.451984 104887.528772 0.945303 0.170545 -0.278060 0.139338 0.559634 0.816943 -0.294937 0.811002 -0.505260
-91.101158 -3367.477437 -17477.241511 -569118.868870 0.932140 0.236112 -0.274529 -0.339300 0.834320 -0.434496 -0.126455 -0.498158 -0.857815
5.028717 -875.810346 -990.897064 -44128.341254 0.960789 0.176443 -0.213897 -0.069444 0.899947 0.430433 -0.268442 0.398701 -0.876913
27.323846 -10.778459 1667.706001 511.118947 -0.147737 0.966199 0.211266 -0.278120 0.164405 -0.946372 0.949117 0.198571 -0.244431
17.973790 -13.665540 2585.488087 1424.322771 -0.264273 0.931339 0.250533 -0.255823 0.182770 -0.949289 0.929900 0.314963 -0.189957
22.765233 -10.618432 2997.792940 394.824132 -0.238360 0.937291 0.254302 -0.283765 0.183207 -0.941229 0.928796 0.296514 -0.222302
27.677999 -10.391588 1973.581697 -581.585942 -0.138876 0.962956 0.231147 -0.295413 0.182499 -0.937777 0.945222 0.198518 -0.259125
16.904653 -9.336000 3252.126196 -230.287316 -0.274187 0.927449 0.254284 -0.296962 0.169840 -0.939664 0.914678 0.333156 -0.228850
19.515545 5.584930 -351.074866 -2524.804029 0.300548 0.629715 0.716331 0.696015 0.368695 -0.616138 -0.652099 0.683757 -0.327481
39.590375 -26.279445 9993.732372 -410.001411 -0.846685 -0.430807 0.312298 -0.466177 0.883544 -0.045046 -0.256522 -0.183726 -0.948916
53.042104 -25.808969 -6016.732436 -604.145086 0.872645 0.474019 -0.117456 -0.487458 0.860041 -0.150711 -0.029577 -0.188772 -0.981575
0.205304 -8.707309 -105.713378 173.736965 0.880976 0.471647 -0.037821 -0.197019 0.438329 0.876956 -0.430191 0.765126 -0.479080
-0.286875 -7.728944 42.674723 170.754073 0.889011 0.452433 -0.070453 -0.147615 0.428840 0.891238 -0.433439 0.781921 -0.448030
-102.332627 -341.161161 31016.050957 -91094.506725 0.499037 -0.745456 0.441879 0.866043 0.411067 -0.284593 0.030510 0.524709 0.850735
-170.843285 -1181.651379 -74292.180673 180116.051011 0.911451 0.402777 -0.083825 0.270170 -0.739651 -0.616380 0.310265 -0.539153 0.782975
107.334873 -1763.680856 -38739.361249 -1077400.007686 0.780106 0.584617 -0.222838 -0.353585 0.705803 0.613857 0.516151 -0.400081 0.757313
-95.026148 -1111.269415 13295.928763 227251.372636 0.127875 0.403505 -0.905997 -0.662982 0.714181 0.224501 0.737633 0.571952 0.358843
53.583889 -572.210303 -2335.950567 -128925.874437 0.290403 -0.510824 0.809151 0.956718 0.171666 -0.234990 -0.018865 0.842371 0.538567
5.510464 -202.831132 -127.296587 -11381.229278 -0.844816 -0.441138 -0.302792 -0.277217 0.844903 -0.457482 0.457642 -0.302549 -0.836079
4.363476 -360.427628 -814.037964 71484.588534 -0.795022 -0.514389 -0.321471 -0.556381 0.829501 0.048678 0.241621 0.217560 -0.945667
6.119262 -353.390078 262.338633 60789.971927 -0.837946 -0.470551 -0.276458 -0.492688 0.870119 0.012334 0.234747 0.146543 -0.960947
5.458202 -314.513809 -272.228968 40083.742375 -0.851789 -0.447732 -0.272014 -0.427162 0.894166 -0.134164 0.303295 0.001915 -0.952895
7.685932 -284.712948 -1259.130427 -37858.981502 -0.855524 -0.404614 -0.323058 -0.195993 0.830594 -0.521249 0.479235 -0.382624 -0.789894
-23.598488 -127.838324 -2942.865967 1774.175950 -0.635431 -0.510984 -0.578898 0.740664 -0.191420 -0.644031 0.218276 -0.838006 0.500101
-20.068392 -27.271740 2710.868650 548.429211 -0.268733 -0.092270 -0.958785 0.961426 0.034934 -0.272835 0.058669 -0.995121 0.079323
-0.748418 -21.312161 -352.626031 -101.174356 -0.289735 0.593884 0.750570 -0.381467 0.647575 -0.659644 -0.877802 -0.477440 0.038922
-0.945963 -20.824505 -621.320831 102.551450 -0.298461 0.579875 0.758067 -0.256576 0.716282 -0.648929 -0.919287 -0.388182 -0.065000
