16969
33930
-33.295641 -45.871210 1203.970319 -4608.478141 0.687050 0.514817 -0.512763 0.695171 -0.671061 0.257709 -0.211422 -0.533517 -0.818938
-37.180919 -56.444686 942.587632 4408.413207 0.780384 0.433317 -0.450818 -0.615863 0.657408 -0.434197 -0.108226 -0.616483 -0.779895
-33.936367 -63.725310 -1947.520071 8980.643054 0.945648 0.080601 -0.315045 -0.253886 0.788365 -0.560377 -0.203203 -0.609905 -0.765979
-30.128910 -48.232754 234.442160 -3107.296744 0.477756 0.715988 -0.509030 0.872536 -0.454102 0.180201 -0.102129 -0.530239 -0.841675
-27.992249 -44.692225 -1263.379873 6967.826787 0.834771 0.272362 -0.478514 -0.468249 0.808377 -0.356749 -0.289655 -0.521868 -0.802343
-21.198258 -34.925591 -431.736969 -3569.262291 0.516114 0.639337 -0.569977 0.796951 -0.602285 0.046061 -0.313840 -0.478017 -0.820368
-25.144489 -39.560760 166.427886 -1964.581979 0.308409 0.792028 -0.526854 0.925721 -0.377355 -0.025387 -0.218918 -0.479890 -0.849577
27.163387 -92.901220 2577.977434 9644.796190 0.861779 -0.187538 -0.471345 -0.427306 0.232398 -0.873728 -0.273397 -0.954369 -0.120139
23.943850 -75.242111 -442.918751 6857.655379 0.890395 -0.173028 -0.421020 -0.335503 0.375625 -0.863912 -0.307626 -0.910476 -0.276403
32.184121 -88.387963 5191.699520 12993.182155 0.882129 -0.243875 -0.402957 -0.282767 0.409994 -0.867149 -0.376686 -0.878880 -0.292707
47.003775 -112.793452 8511.077266 12429.945530 0.841990 -0.278930 -0.461790 -0.416322 0.208455 -0.884998 -0.343115 -0.937414 -0.059393
58.918448 -77.331997 11304.592954 13684.390253 0.866638 -0.345100 -0.360341 -0.164747 0.483780 -0.859543 -0.470954 -0.804278 -0.362408
59.072197 -103.518257 10956.735413 19076.196827 0.855174 -0.326258 -0.402781 -0.278902 0.365358 -0.888103 -0.436910 -0.871820 -0.221451
-33.712497 -63.933241 -861.188938 -3346.014486 0.794681 0.317990 -0.517073 0.244963 0.611380 0.752468 -0.555405 0.724636 -0.407956
-36.091962 -63.138240 -945.498441 -5243.498334 0.838680 0.233864 -0.491856 0.229499 0.667258 0.708588 -0.493908 0.707160 -0.505944
-33.525898 -55.305255 21.731777 -4199.821267 0.808619 0.311302 -0.499225 0.138053 0.724453 0.675359 -0.571906 0.615027 -0.542831
-34.398308 -50.988971 -1084.063402 -3141.237832 -0.757829 -0.337318 0.558491 0.103811 0.782744 0.613625 -0.644142 0.523000 -0.558169
-33.671484 -58.195100 809.050971 -2882.265098 0.765136 0.364960 -0.530444 0.177703 0.672144 0.718780 -0.618860 0.644226 -0.449427
4.140877 -27.483421 -573.095660 2163.983511 0.449109 0.616909 -0.646316 0.855956 -0.089645 0.509217 0.256202 -0.781912 -0.568308
2.585454 -21.626109 -416.512165 751.278292 0.488112 0.616130 -0.618166 0.816536 -0.072227 0.572758 0.308245 -0.784326 -0.538348
3.838596 -25.486344 -51.935964 1405.313128 0.518267 0.624118 -0.584702 0.802095 -0.117519 0.585519 0.296720 -0.772441 -0.561509
1.698761 -22.539742 -753.493178 1607.452262 0.421037 0.612815 -0.668719 0.861546 -0.039627 0.506130 0.283664 -0.789232 -0.544653
6.249613 -32.902499 -111.049480 2925.442965 0.476846 0.627264 -0.615758 0.850052 -0.150823 0.504643 0.223674 -0.764063 -0.605126
-1.739165 -35.852977 994.709341 -2525.822039 -0.495711 -0.435926 0.751159 -0.496236 0.851983 0.166958 -0.712756 -0.289989 -0.638659
-0.773389 -32.314507 -1300.874216 2536.630364 -0.504852 -0.480683 0.716986 -0.526270 0.829783 0.185742 -0.684226 -0.283556 -0.671886
-0.692314 -33.733177 -973.191286 -406.791424 -0.511859 -0.461745 0.724425 -0.484916 0.851377 0.200036 -0.709124 -0.248895 -0.659693
-0.724914 -35.208465 838.870328 -4132.325491 -0.498287 -0.420460 0.758237 -0.450198 0.872876 0.188175 -0.740967 -0.247591 -0.624233
-1.757228 -36.885325 1842.767922 -4681.364474 -0.491905 -0.440382 0.751062 -0.459519 0.864029 0.205659 -0.739508 -0.243962 -0.627384
-4.464288 -37.078194 -105.967550 701.012448 0.795543 0.295705 -0.528838 0.129613 0.769557 0.625286 0.591871 -0.565986 0.573888
-5.094026 -35.832634 -233.974939 -138.767072 0.799960 0.302025 -0.518502 -0.170303 -0.714286 -0.678817 0.575379 -0.631329 0.519965
-4.472379 -35.824120 913.046534 -505.270298 0.789338 0.334506 -0.514831 -0.144870 -0.713387 -0.685632 0.596622 -0.615779 0.514644
-4.512251 -36.666462 -582.030394 391.116441 0.801527 0.296478 -0.519284 -0.233701 -0.644035 -0.728425 0.550399 -0.705210 0.446924
-4.151771 -37.757351 414.499124 -6.762820 0.792681 0.315500 -0.521648 0.110901 0.766767 0.632273 0.599464 -0.559042 0.572813
3.155939 -54.419942 0.975960 -804.211321 0.753923 0.257986 -0.604187 -0.297719 0.953980 0.035844 0.585630 0.152855 0.796036
3.616773 -60.005179 254.088898 -1233.939733 0.749613 0.225204 -0.622385 -0.268595 0.962931 0.024927 0.604927 0.148484 0.782314
1.535772 -53.459599 215.444274 -910.448414 0.765836 0.185996 -0.615549 -0.139601 0.982514 0.123195 0.627699 -0.008416 0.778410
1.968277 -50.361932 -64.808133 -446.250891 0.770573 0.221421 -0.597654 -0.180904 0.975132 0.128026 0.611139 0.009465 0.791466
-11.681353 -85.431485 -161.292837 2686.870082 0.710147 0.092490 -0.697952 -0.146876 0.988984 -0.018386 0.688563 0.115569 0.715908
-9.802655 -91.552217 -1717.973459 2266.431420 0.734955 0.087543 -0.672441 -0.032591 0.995046 0.093921 0.677332 -0.047112 0.734168
-11.916177 -88.536328 731.088469 2234.550382 0.690458 0.069737 -0.720003 -0.031480 0.997296 0.066406 0.722687 -0.023185 0.690786
-9.465574 -94.210097 -3124.470047 3428.455116 0.754911 0.110008 -0.646535 -0.147773 0.989012 -0.004263 0.638962 0.098759 0.762872
-12.571602 -83.079185 938.698110 2988.909235 0.683961 0.080059 -0.725113 -0.199975 0.976462 -0.080816 0.701575 0.200280 0.683872
-11.308719 -83.692952 -1110.724014 3188.725099 0.722696 0.112559 -0.681939 -0.269370 0.954503 -0.127921 0.636514 0.276142 0.720135
-3.969986 -45.050354 -692.964643 -7132.388578 0.772641 -0.019891 -0.634532 0.327400 0.868823 0.371425 0.543907 -0.494724 0.677800
-5.591028 -38.320642 -476.200179 -5380.792426 0.748620 -0.074392 -0.658812 0.373638 0.868198 0.326537 0.547688 -0.490610 0.677746
-5.977054 -58.151450 -752.144134 -6379.472090 0.791428 0.073277 -0.606854 0.166665 0.929305 0.329569 0.588102 -0.361972 0.723265
-1.830995 -64.221094 -1273.391963 -7233.283067 0.799860 0.064004 -0.596764 0.180026 0.922930 0.340280 0.572551 -0.379610 0.726693
11.112883 -22.611394 6975.396552 -2182.886093 0.725692 0.230305 -0.648329 -0.661220 -0.026985 -0.749707 0.190156 -0.972744 -0.132700
-2.365237 -27.562187 5180.036050 1877.484070 0.682029 0.206470 -0.701574 0.718984 -0.013812 0.694889 0.133783 -0.978355 -0.157869
24.965423 -25.531767 11205.877312 1383.341898 0.648450 0.253105 -0.717949 0.748086 -0.037193 0.662559 0.140995 -0.966724 -0.213462
-10.280587 -24.362247 1942.531966 -3333.354787 0.730789 0.160812 -0.663390 -0.662823 -0.065087 -0.745942 0.163135 -0.984837 -0.059025
37.363147 -20.020326 11072.403245 1214.926232 0.672214 0.226105 -0.704986 0.722495 0.007564 0.691335 0.161647 -0.974074 -0.158275
27.761684 -17.885112 9526.212633 -2040.196518 0.716198 0.215868 -0.663673 -0.666637 -0.069817 -0.742105 0.206533 -0.973923 -0.093903
5.623915 -18.784086 6018.586487 -2369.298245 0.765863 0.212459 -0.606890 -0.603123 -0.089865 -0.792570 0.222927 -0.973029 -0.059315
132.749665 -34.608062 14118.379803 -2973.575438 0.945707 0.293179 -0.140299 0.022730 -0.490262 -0.871278 0.324224 -0.820785 0.470309
120.176248 -29.815881 17679.100327 -441.492811 0.922258 0.351063 -0.161850 -0.019722 -0.375401 -0.926653 0.386072 -0.857805 0.339293
123.604531 -29.831806 -16617.686656 -51.009921 0.999521 -0.029669 0.008805 -0.003564 -0.392973 -0.919543 -0.030743 -0.919071 0.392891
112.616446 -28.553097 -7494.885948 1516.125650 0.997729 0.053781 -0.040558 -0.023708 -0.283202 -0.958767 0.063049 -0.957551 0.281283
104.434875 -26.238306 -24511.088310 2420.813293 0.969016 -0.225004 0.101885 0.033852 -0.287621 -0.957146 -0.244666 -0.930939 0.271092
104.845445 -28.766110 -31810.497549 671.599904 0.926406 -0.316260 0.204331 0.073026 -0.381456 -0.921498 -0.369376 -0.868603 0.330288
-6.094766 -38.928270 70.779528 -1417.408276 0.780416 0.293170 -0.552270 -0.337413 -0.546155 -0.766725 0.526406 -0.784707 0.327309
-6.196418 -39.926921 -544.845121 -727.210932 0.778132 0.261884 -0.570900 -0.420164 -0.458589 -0.783044 0.466876 -0.849184 0.246809
-6.704773 -37.836946 608.703845 -1480.836044 0.759615 0.303818 -0.575048 -0.386721 -0.499893 -0.774954 0.522907 -0.811050 0.262234
-6.377787 -38.297213 613.961972 -1100.356410 0.772627 0.320559 -0.547987 -0.320816 -0.547701 -0.772723 0.547836 -0.772829 0.320328
-7.145947 -37.151313 239.621298 -658.137772 0.767636 0.333699 -0.547156 -0.341938 -0.508827 -0.790046 0.542045 -0.793562 0.276490
-7.891880 -38.463742 113.995115 -278.977077 0.747786 0.307128 -0.588633 -0.454804 -0.408948 -0.791148 0.483704 -0.859322 0.166122
-11.956324 -37.710619 -514.088078 -2439.644489 0.740023 0.266023 -0.617736 0.386399 0.583603 0.714215 -0.550510 0.767229 -0.329088
-11.762466 -41.599567 -556.644126 -1079.994652 0.753776 0.309915 -0.579461 0.399882 0.483413 0.778721 -0.521456 0.818697 -0.240456
-13.466349 -39.099992 -353.742505 -1680.983619 0.771653 0.261734 -0.579696 0.405878 0.499091 0.765618 -0.489709 0.826077 -0.278893
-11.599976 -33.422041 97.288548 -2136.424654 0.713864 0.168379 -0.679740 0.463012 0.614732 0.638533 -0.525373 0.770553 -0.360874
-12.969141 -35.367491 388.713096 -2168.082845 0.744516 0.160474 -0.648031 0.478886 0.547944 0.685876 -0.465150 0.820978 -0.331104
-14.566371 -39.860399 -795.874404 222.462902 0.796392 0.275720 -0.538273 0.427083 0.373775 0.823342 -0.428205 0.885590 -0.179917
-14.935540 -38.887592 -283.320998 -1003.009225 0.789566 0.229650 -0.569075 0.432415 0.449798 0.781472 -0.435434 0.863101 -0.255841
5.007416 -48.150351 132.098928 -1443.633631 0.740350 0.346810 -0.575852 -0.428518 0.903508 -0.006785 0.517933 0.251786 0.817526
5.969911 -45.725969 951.373201 -1084.408283 0.734086 0.355051 -0.578841 -0.424407 0.905311 0.017070 0.530091 0.233133 0.815262
5.715066 -47.480146 1022.553133 -412.074185 0.718466 0.374993 -0.585822 -0.504439 0.860793 -0.067650 0.478903 0.344116 0.807612
5.775372 -48.936087 1158.398296 -448.659206 0.704029 0.401088 -0.586065 -0.568607 0.812776 -0.126812 0.425476 0.422520 0.800279
5.786704 -50.865134 1061.143747 319.577306 0.703683 0.394510 -0.590925 0.568328 -0.811670 0.134891 0.426420 0.430759 0.795369
5.338830 -50.234304 266.092894 -834.799588 0.720826 0.378567 -0.580600 -0.515998 0.852378 -0.084847 0.462771 0.360748 0.809756
-6.778281 -107.229253 255.270626 2716.416164 0.750124 0.067740 0.657819 -0.646020 -0.137516 0.750831 -0.141322 0.988180 0.059392
-7.087834 -108.380214 15.464549 364.787183 0.765722 0.048249 0.641360 -0.641589 0.127212 0.756426 0.045092 0.990701 -0.128365
-7.902026 -115.167651 101.052701 1226.724676 0.768644 0.072755 0.635526 -0.639650 0.096566 0.762577 0.005889 0.992664 -0.120762
-8.431652 -114.366084 503.533121 1245.440721 0.748497 0.083506 0.657860 -0.640860 -0.163895 0.749958 -0.170446 0.982937 0.069159
-7.832109 -141.353179 -392.701543 -10524.444891 0.675605 0.037470 0.736311 -0.541523 -0.652507 0.530083 -0.500310 0.756856 0.420546
-7.957780 -120.886773 124.145819 -2656.986954 0.716193 0.081268 0.693154 -0.596997 -0.443076 0.668788 -0.361471 0.892793 0.268811
-9.532707 -152.163295 737.344042 -13803.839610 0.682759 0.045064 0.729252 -0.557667 -0.612727 0.559976 -0.472067 0.789009 0.393214
6.545910 -15.477462 609.540630 -758.447425 0.722928 -0.127432 0.679070 0.554274 0.693748 -0.459885 0.412500 -0.708854 -0.572162
8.919846 -17.299798 786.521625 -577.318133 -0.561072 0.284175 -0.777459 0.712412 0.644036 -0.278723 0.421506 -0.710255 -0.563801
13.576102 -17.423616 243.299986 -250.168188 0.683424 -0.161993 0.711822 0.568120 0.730351 -0.379246 0.458445 -0.663586 -0.591171
-36.553743 -3536.300998 -8489.221185 1188533.928804 0.855435 0.497706 0.143248 -0.443195 0.560359 0.699697 -0.267973 0.662032 -0.699932
32.280205 -1681.259890 -9611.443537 579549.997447 -0.948117 -0.172421 -0.267106 -0.131388 0.977561 -0.164657 0.289502 -0.121020 -0.949496
34.404668 -1986.081506 -12492.388069 908968.409922 -0.880376 -0.361691 -0.306787 -0.215266 0.881116 -0.421064 0.422610 -0.304654 -0.853573
64.369716 -2295.220890 19059.992276 -295377.331604 0.841192 0.465233 0.275598 -0.538272 0.671830 0.508830 -0.051570 0.576370 -0.815560
17.821461 -38.367919 -2568.653425 2547.449207 -0.663086 -0.194383 -0.722864 0.688164 0.221669 -0.690864 0.294528 -0.955551 -0.013218
14.099892 -33.842300 2284.631384 2269.197970 0.678987 0.192818 0.708377 0.641154 0.314292 -0.700101 0.357630 -0.929538 -0.089774
19.440040 -33.999873 -484.501957 2285.954565 -0.653175 -0.106470 -0.749684 0.701671 0.287068 -0.652112 0.284640 -0.951975 -0.112799
21.625512 -38.437257 -685.980386 1469.928168 -0.645011 -0.103542 -0.757126 0.735850 0.183082 -0.651924 0.206118 -0.977630 -0.041899
10.220088 -22.463864 2499.115289 -514.781754 0.767509 0.179741 0.615323 -0.640687 0.183329 0.745594 -0.021207 0.966480 -0.255865
14.518009 -22.784240 -251.509564 -204.145108 0.704686 0.247929 0.664793 -0.703703 0.124491 0.699503 -0.090666 0.960746 -0.262195
10.753257 -20.672656 595.379098 -326.159794 0.715145 0.232795 0.659070 -0.698417 0.200289 0.687094 -0.027948 0.951678 -0.305824
8.039984 -20.629090 2001.483431 -522.338215 0.775336 0.183859 0.604194 -0.631424 0.244705 0.735814 0.012563 0.952006 -0.305822
8.574438 -20.063065 -935.867769 345.851710 0.627606 0.301679 0.717705 0.777756 -0.201810 -0.595289 -0.034746 0.931806 -0.361290
6.373367 -19.321997 597.815303 -412.460670 0.723875 0.225426 0.652064 -0.689675 0.262156 0.674998 0.018780 0.938327 -0.345238
-2.028729 -82.114842 690.966684 180.394549 0.614490 -0.015596 -0.788770 0.207621 0.967758 0.142612 0.761115 -0.251399 0.597916
-3.762662 -82.470615 850.753566 808.416445 0.614134 -0.005302 -0.789184 0.060050 0.997392 0.040029 0.786914 -0.071974 0.612851
-4.696687 -85.520860 652.126619 1059.621012 0.626312 0.012982 -0.779464 0.101187 0.990049 0.097795 0.772977 -0.140122 0.618766
-3.650544 -87.250314 527.882930 -2219.398076 0.631682 0.001285 -0.775227 0.303314 0.919870 0.248676 0.713427 -0.392221 0.580676
-0.668384 -80.959626 810.972806 -2901.757363 0.610036 -0.025677 -0.791958 0.369485 0.893379 0.255645 0.700954 -0.448570 0.554480
-14.789522 -26.435444 -296.323574 -629.705375 0.824572 0.080151 -0.560051 0.350872 0.704099 0.617360 -0.443814 0.705563 -0.552458
-17.296359 -27.857146 -388.543061 -699.248417 0.821837 0.055435 -0.567019 0.399824 0.652887 0.643335 -0.405862 0.755424 -0.514402
-15.950879 -27.319203 455.529622 -582.850389 0.747300 -0.108258 -0.655609 0.541464 0.671122 0.506372 -0.385175 0.733400 -0.560147
-16.165640 -28.693851 -593.077918 -573.658048 0.867334 0.227442 -0.442721 0.228492 0.608273 0.760129 -0.442180 0.760444 -0.475607
-13.114150 -25.818796 183.833268 -410.738621 0.751607 -0.103836 -0.651387 0.497289 0.737986 0.456159 -0.433349 0.666780 -0.606311
-12.445703 -25.365680 -124.444028 -497.516607 0.831206 0.121143 -0.542605 0.278036 0.754585 0.594388 -0.481447 0.644923 -0.593534
-13.799119 -27.258203 -171.462767 -810.502349 0.858387 0.250700 -0.447572 0.173850 0.678671 0.713570 -0.482646 0.690330 -0.538978
13.634659 -182.571031 -2997.840291 -4383.426419 0.502994 0.124459 -0.855282 0.644410 -0.713460 0.275158 -0.575963 -0.689555 -0.439068
5.403064 -180.076486 1804.161420 8049.339875 -0.481009 -0.119535 0.868528 -0.515743 0.839695 -0.170063 -0.708971 -0.529739 -0.465551
6.784087 -190.150085 -894.863704 8183.305660 0.509204 0.111097 -0.853445 0.743297 -0.556643 0.371023 -0.433845 -0.823289 -0.366023
13.140150 -172.600862 -1555.489989 5831.573973 0.512181 0.138946 -0.847564 0.796032 -0.447335 0.407706 -0.322496 -0.883507 -0.339723
9.118939 -180.290261 325.328876 8774.733544 0.549797 0.124609 -0.825952 0.823359 -0.247437 0.510740 -0.140728 -0.960858 -0.238638
6.411612 -167.722649 -1902.198069 8538.921874 0.544450 0.052717 -0.837135 0.818635 -0.250880 0.516620 -0.182786 -0.966582 -0.179747
-4.768385 -159.920778 -3443.557841 -25112.546970 0.082120 0.758798 0.646128 0.843671 -0.398054 0.360238 -0.530542 -0.515537 0.672864
2.567822 -138.272295 3434.873511 -11576.602811 -0.065894 -0.755528 -0.651794 0.954013 -0.239140 0.180751 -0.292432 -0.609910 0.736541
-11.046457 -158.982903 5671.558857 -3293.949373 -0.025347 -0.737378 -0.675004 0.990402 -0.110295 0.083298 -0.135872 -0.666414 0.733097
-21.930377 -219.559377 -5937.657570 -42640.355763 0.033801 0.782132 0.622196 0.818690 -0.378744 0.431625 -0.573241 -0.494796 0.653125
-4.941602 -48.877785 -1057.378318 -1307.744829 0.570805 0.393996 -0.720381 0.779820 0.014504 0.625836 0.257026 -0.918998 -0.298967
-5.024341 -53.242770 -2220.482455 241.044469 0.569994 0.384119 -0.726333 0.801830 -0.067056 0.593778 0.179376 -0.920845 -0.346219
-5.631781 -48.504607 -1015.943584 -853.689165 0.553510 0.406388 -0.726963 0.784420 0.038906 0.619008 0.279841 -0.912872 -0.297244
-4.593750 -43.799556 -786.862968 1807.210694 0.585956 0.401059 -0.704136 0.714803 0.153512 0.682269 0.381723 -0.903098 -0.196727
4.819177 -45.413764 598.613821 -992.299808 0.748457 0.331457 -0.574411 -0.373453 0.926408 0.047964 0.548037 0.178616 0.817161
54.482973 -65.661769 20581.577302 -28423.900449 0.783962 0.511703 -0.351515 -0.102222 -0.452092 -0.886094 0.612334 -0.730597 0.302116
10.498042 -91.478244 29860.366999 -40243.652617 0.716313 0.645808 -0.264249 0.080254 -0.452437 -0.888178 0.693149 -0.615006 0.375915
14.444362 -679.819178 41914.687691 229948.919243 0.656991 0.527525 -0.538592 0.109412 0.640127 0.760438 0.745917 -0.558529 0.362840
51.536768 -267.463921 -2170.206851 -126588.102629 0.823516 0.328496 -0.462506 -0.156837 -0.651672 -0.742109 0.545182 -0.683677 0.485142
-6.306645 -31.124476 2209.280890 5551.509770 0.741161 0.594509 -0.311832 -0.506587 0.800083 0.321306 0.440511 -0.080169 0.894161
1.907220 -19.329583 4448.128153 -4556.822443 0.572066 0.780517 -0.252058 0.692523 -0.624303 -0.361465 0.439490 -0.032226 0.897669
-4.350925 -24.316582 3084.384823 -3610.679417 0.581161 0.783128 -0.221273 0.713048 -0.621073 -0.325318 0.392193 -0.031284 0.919351
22.393325 -39.931511 2661.269990 -1015.977951 0.469192 -0.299541 -0.830743 0.208974 0.951658 -0.225114 0.858014 -0.067982 0.509107
25.497461 -42.307515 -74.159336 -857.519850 0.535473 -0.272501 -0.799382 0.140866 0.962074 -0.233601 0.832722 0.012481 0.553551
26.023181 -42.319204 2829.619936 -311.039436 0.470848 -0.313895 -0.824483 0.091703 0.946912 -0.308136 0.877436 0.069477 0.474636
22.564290 -39.416211 1556.806926 -1139.378125 0.518877 -0.244670 -0.819087 0.244357 0.960637 -0.132157 0.819180 -0.131577 0.558239
16.124142 -39.773552 3471.947546 -634.802852 0.424741 -0.339779 -0.839134 0.201050 0.939153 -0.278514 0.882709 -0.050411 0.467209
13.961049 -37.121791 2964.579415 -795.660317 0.438185 -0.317066 -0.841108 0.298012 0.934045 -0.196847 0.848046 -0.164405 0.503774
19.618465 -37.402695 2942.563698 -1076.106581 0.475836 -0.275965 -0.835119 0.287494 0.946146 -0.148845 0.831220 -0.169266 0.529549
34.949316 -38.646426 -3914.605858 -199.928038 0.588566 -0.277659 -0.759273 0.473412 -0.642936 0.602091 0.655340 0.713820 0.246963
34.469593 -37.826476 1087.284204 377.804797 0.512850 -0.355571 -0.781380 -0.415206 0.693918 -0.588287 0.751391 0.626137 0.208240
33.929840 -38.148145 -4522.990881 287.456733 0.588507 -0.272412 -0.761217 -0.407677 0.713079 -0.570366 0.698183 0.645995 0.308596
34.548901 -37.515643 2711.016672 -1.335742 0.498073 -0.385906 -0.776531 -0.488462 0.615055 -0.618961 0.716470 0.687593 0.117842
104.592891 -25.524357 14956.405791 -324.450339 0.129024 -0.193065 -0.972666 0.801423 -0.557367 0.216941 -0.584015 -0.807508 0.082813
132.259057 -4.973822 209.696528 1486.273130 -0.231952 -0.290260 -0.928411 0.753835 -0.656843 0.017020 -0.614760 -0.695921 0.371165
100.029079 -25.489706 11085.380011 -3694.093382 0.096177 -0.287070 -0.953069 0.803646 -0.542554 0.244519 -0.587285 -0.789447 0.178522
82.057479 -38.914308 21003.761418 -2198.810849 0.293690 -0.116045 -0.948831 0.808390 -0.499585 0.311321 -0.510149 -0.858457 -0.052913
5.143266 -54.098034 -882.027197 -76.299629 0.755003 -0.121879 -0.644295 0.425326 -0.656809 0.622655 0.499067 0.744142 0.444055
2.980281 -54.541480 -736.339921 -1601.604543 0.756349 -0.125891 -0.641940 0.402444 -0.684089 0.608326 0.515727 0.718452 0.466746
3.790160 -52.939542 -274.729621 810.511657 0.745813 -0.111614 -0.656738 0.466868 -0.615658 0.634822 0.475181 0.780069 0.407057
5.429149 -51.412241 -1132.946038 725.999674 0.755966 -0.118439 -0.643807 0.492423 -0.545128 0.678495 0.431318 0.829944 0.353776
10.286176 -37.389211 1605.654034 -674.050105 -0.379083 0.421483 0.823801 0.868327 0.469735 0.159241 -0.319851 0.775694 -0.544053
4.029759 -40.042038 501.984398 3404.816760 -0.481701 0.319857 0.815877 0.818381 0.497139 0.288281 -0.313396 0.806563 -0.501237
1.268257 -42.961039 1955.070582 6364.070060 -0.399837 0.362640 0.841797 0.837839 0.517032 0.175224 -0.371693 0.775352 -0.510562
30.955615 -74.933536 -2166.407115 9709.907394 -0.432438 0.610299 0.663726 0.707280 0.686161 -0.170113 -0.559243 0.395877 -0.728374
26.250763 -95.370764 2488.018345 13367.269897 -0.383041 0.540187 0.749318 0.635746 0.742668 -0.210408 -0.670154 0.395780 -0.627894
28.175770 -98.975073 -548.777847 12212.531793 -0.436823 0.580435 0.687227 0.568417 0.770225 -0.289231 -0.697200 0.264289 -0.666381
28.795900 -78.773925 -3380.209086 9798.312139 -0.456623 0.633084 0.625060 0.647625 0.718249 -0.254362 -0.609981 0.288657 -0.737970
1.801012 -119.245962 548.394135 -12535.215504 -0.392656 0.392744 0.831609 -0.551730 0.622852 -0.554662 -0.735809 -0.676615 -0.027878
2.037910 -114.983193 260.250191 8588.000351 0.420492 -0.399219 -0.814746 0.613844 -0.536090 0.579486 -0.668118 -0.743796 0.019636
3.164529 -101.304264 57.516522 6256.192512 0.407996 -0.387533 -0.826654 0.687065 -0.465940 0.557532 -0.601233 -0.795436 0.076159
1.457607 -108.238855 -1352.377726 10504.070582 0.385356 -0.389652 -0.836464 0.673741 -0.500591 0.543582 -0.630535 -0.773033 0.069619
-11.046495 -36.628043 -888.216416 -261.982182 0.852696 0.213606 -0.476741 0.521596 -0.398948 0.754174 0.029099 0.891747 0.451597
-12.036835 -34.307055 -980.477913 -957.378901 0.828581 0.216545 -0.516296 0.559712 -0.298596 0.773022 -0.013230 0.929488 0.368614
-9.634271 -33.149048 -1069.432079 -1368.492092 0.849159 0.221348 -0.479514 0.526096 -0.274773 0.804812 -0.046386 0.935684 0.349776
-6.944443 -35.685709 -1636.535738 -643.842680 0.866437 0.225314 -0.445556 0.498874 -0.354404 0.790900 -0.020294 0.907542 0.419472
11.478970 -110.386901 1203.955250 6122.503482 -0.385099 0.292451 -0.875312 0.917768 0.221009 -0.329936 0.096961 -0.930391 -0.353513
15.686227 -105.322061 1707.814267 6492.479259 -0.420367 0.262638 -0.868512 0.901458 0.229833 -0.366812 0.103274 -0.937122 -0.333371
9.213212 -101.523582 970.762786 3749.508862 -0.365383 0.298569 -0.881676 0.876384 0.429594 -0.217713 0.313761 -0.852235 -0.418627
7.463792 -108.428571 321.404516 5445.841914 -0.356804 0.316451 -0.878948 0.903957 0.354343 -0.239381 0.235697 -0.879943 -0.412489
6.845915 -101.717599 -784.274507 1101.711311 -0.327010 0.316838 -0.890325 0.844133 0.521486 -0.124464 0.424857 -0.792254 -0.437985
0.135549 -79.880181 460.276528 -8144.963201 -0.367375 0.345727 -0.863429 0.826528 -0.304334 -0.473533 -0.426483 -0.887611 -0.173948
2.075578 -92.784342 195.384168 -6405.722508 -0.393537 0.351431 -0.849485 0.888639 -0.091270 -0.449434 -0.235477 -0.931754 -0.276377
0.266225 -79.942154 17.780118 -7200.186428 -0.391716 0.350770 -0.850599 0.825424 -0.274458 -0.493304 -0.406490 -0.895340 -0.182024
-1.714092 -69.879369 -410.931598 -4831.381610 -0.388174 0.351626 -0.851869 0.759074 -0.402195 -0.511904 -0.522616 -0.845339 -0.110788
30.551899 -28.382543 11377.036840 -1287.322814 -0.150443 -0.377562 0.913681 0.728339 0.582610 0.360678 -0.668498 0.719731 0.187344
16.274436 -34.035798 10429.701452 -2282.842037 -0.084409 -0.357861 0.929952 0.781412 0.555324 0.284625 -0.618281 0.750700 0.232762
2.364998 -34.583943 8489.528012 -1926.045624 0.027213 -0.287024 0.957537 0.780564 0.604511 0.159020 -0.624484 0.743091 0.240491
2.159944 -127.911478 -631.086398 1330.502706 -0.593947 0.088834 -0.799584 0.746491 -0.309720 -0.588918 -0.299964 -0.946669 0.117644
4.007802 -152.321087 -1406.305974 -6961.194885 -0.570429 0.091996 -0.816178 0.775078 -0.268523 -0.571970 -0.271781 -0.958870 0.081869
2.670960 -143.772270 -1352.023085 7355.037551 -0.616710 0.085801 -0.782500 0.659274 -0.486882 -0.572978 -0.430147 -0.869243 0.243699
7.395326 -106.105041 1378.674740 -6126.164932 0.496155 -0.436145 0.750738 0.643299 -0.396033 -0.655228 0.583092 0.808044 0.084078
9.556339 -115.843804 1323.066142 -9698.925686 0.524306 -0.423060 0.739002 0.636994 -0.381075 -0.670090 0.565104 0.822072 0.069687
9.553513 -123.001370 -1463.667253 7381.577852 -0.489790 0.402230 -0.773509 -0.510551 0.586848 0.628448 0.706713 0.702724 -0.082073
4.529459 -98.723783 757.785146 -5294.854066 0.476399 -0.437376 0.762723 0.649431 -0.409732 -0.640593 0.592692 0.800514 0.088850
3.478222 -93.522397 986.252847 -2714.648144 0.503412 -0.449633 0.737839 0.742551 -0.211507 -0.635518 0.441808 0.867810 0.227401
7.139008 -112.669887 -1502.016913 5741.880843 -0.465847 0.417515 -0.780172 -0.516328 0.587762 0.622849 0.718604 0.692977 -0.058233
8.097593 -26.639837 -6160.879272 -4357.423957 0.544608 -0.438007 -0.715228 0.790925 0.551911 0.264256 0.278997 -0.709608 0.647006
-2.030694 -29.559905 -3911.391358 -6939.541543 0.437880 -0.511744 -0.739175 0.846876 0.510758 0.148075 0.301764 -0.690829 0.657035
7.267320 -29.250899 -4168.031807 -4559.847943 0.525286 -0.437461 -0.729865 0.779339 0.591684 0.206253 0.341621 -0.677154 0.651734
17.179927 -24.423547 1023.024399 -1258.014251 0.521713 -0.332342 -0.785725 0.756846 0.605329 0.246499 0.393700 -0.723274 0.567340
17.002985 -550.727049 -979.674242 149899.731767 -0.084777 0.206157 -0.974840 0.994580 0.076615 -0.070291 0.060196 -0.975515 -0.211534
13.222621 -564.757208 5989.950942 146024.872216 0.059467 0.283484 -0.957132 0.997998 -0.037555 0.050883 -0.021521 -0.958241 -0.285149
31.275441 -457.231900 1676.520068 20646.291638 -0.049051 0.288493 -0.956225 0.899361 -0.403674 -0.167923 -0.434447 -0.868228 -0.239659
16.578360 -438.315942 -2501.494268 -10665.100702 -0.197710 0.220388 -0.955165 0.932255 -0.258918 -0.252709 -0.303003 -0.940420 -0.154267
72.394610 -2178.430388 -10974.378526 798818.055596 0.177439 -0.302870 0.936368 -0.623254 0.701760 0.345090 -0.761623 -0.644828 -0.064245
-1720.281040 -132356.283249 -264142.067885 -13374296.008382 0.623275 -0.148743 0.767726 0.673368 0.601267 -0.430179 -0.397623 0.785082 0.474913
-2062.937068 -10040.042047 631210.500239 12987108.620098 0.032556 -0.553952 -0.831912 -0.099830 0.826389 -0.554180 0.994472 0.101092 -0.028397
-402.134806 -32065.727263 -63125.188682 -3770603.220163 0.365128 0.203945 0.908344 0.728448 0.544971 -0.415174 -0.579694 0.813273 0.050420
-1369.368710 -50601.077439 -770747.836567 137026701.033854 -0.384972 -0.591691 -0.708307 0.910629 -0.118642 -0.395827 0.150172 -0.797387 0.584485
20.602371 -26.456513 -3597.702498 -1947.509730 0.943197 -0.197075 0.267471 0.211909 -0.263189 -0.941184 -0.255879 -0.944401 0.206477
21.479220 -20.379496 -854.426900 -2966.620789 0.937666 -0.149103 0.313928 0.272879 -0.243519 -0.930718 -0.215221 -0.958367 0.187653
14.437112 -35.702448 -1373.986897 -3959.040695 0.834525 -0.115426 0.538744 0.508924 -0.213158 -0.834002 -0.211103 -0.970176 0.119142
-11.234947 -36.558801 306.019960 1587.845967 0.934092 -0.131490 -0.331938 0.246635 -0.434594 0.866198 0.258155 0.890976 0.373520
-12.995209 -39.353068 143.516206 800.777329 0.929688 -0.086959 -0.357935 0.307947 -0.349695 0.884806 0.202110 0.932819 0.298328
-11.022328 -35.820205 -101.898051 1137.710236 0.905343 -0.040430 -0.422752 0.360009 -0.454978 0.814487 0.225273 0.889584 0.397356
-8.714062 -32.976730 385.148443 2211.068064 0.923219 -0.097168 -0.371787 0.271371 -0.520158 0.809811 0.272075 0.848525 0.453851
-8.219057 -31.695850 301.260044 1704.618808 0.894735 -0.025578 -0.445864 0.361268 -0.545482 0.756264 0.262555 0.837732 0.478822
-15.605189 -34.512969 4633.435313 287.724352 0.434362 -0.549261 -0.713892 -0.414862 0.581500 -0.699819 0.799512 0.600141 0.024714
-12.846363 -33.383812 4473.827227 113.911537 0.417730 -0.532557 -0.736128 -0.494631 0.546318 -0.675926 0.762129 0.646467 -0.035206
-19.204450 -34.356238 -2024.238943 238.532224 -0.511090 0.539452 0.669163 -0.416702 0.525406 -0.741827 0.751763 0.657982 0.043739
-45.733535 -1326.097425 -3361.742780 405234.126930 0.103583 -0.322298 0.940954 0.520321 0.823824 0.224900 -0.847665 0.466303 0.253032
-10.456746 -870.684458 -4944.952876 253937.949507 -0.019708 -0.412630 0.910685 0.285349 0.870656 0.400668 -0.958221 0.267759 0.100585
-88.974805 -733.418222 -18982.248326 215469.134542 0.032543 -0.424963 0.904626 0.464735 0.807742 0.362732 -0.884851 0.408607 0.223781
-95.759879 -417.682224 -21137.472785 137880.287608 0.147267 -0.561234 0.814450 0.512828 0.747430 0.422323 -0.845766 0.355478 0.397889
-21.907727 -701.173867 -1648.540583 202473.456809 -0.040651 -0.087243 0.995357 0.888024 -0.459780 -0.004032 0.457997 0.883737 0.096164
-22.260296 -416.197783 928.826059 -112030.469610 0.103631 0.092191 -0.990334 -0.514768 0.856938 0.025907 0.851043 0.507107 0.136262
-1.408027 -2232.949601 -9931.119480 -882985.692569 0.008032 0.168207 -0.985719 -0.577519 0.805512 0.132750 0.816338 0.568205 0.103612
-149.624233 -359.156968 28531.604857 -76851.119198 0.201328 0.081106 0.976160 0.771032 0.601522 -0.209000 -0.604133 0.794729 0.058568
-250.709741 -289.966917 57638.652836 1277.930880 -0.144350 -0.068113 0.987180 0.622664 0.769104 0.144115 -0.769060 0.635484 -0.068609
-179.927785 -282.190207 38007.293836 25585.528060 -0.141780 -0.369738 0.918255 0.574049 0.725011 0.380562 -0.806453 0.581079 0.109456
-43.029436 -67.366171 708.084595 4899.658047 0.942222 0.170887 -0.288123 -0.322798 0.693077 -0.644551 -0.089546 -0.700316 -0.708194
-42.466124 -64.158849 725.466155 3003.515280 0.853576 0.364933 -0.371796 -0.520947 0.604421 -0.602735 -0.004764 -0.708166 -0.706030
-34.982646 -58.214968 643.384593 -3776.992314 0.645351 0.602318 -0.469824 0.763884 -0.510032 0.395409 -0.001464 -0.614069 -0.789251
40.466714 -61.539419 -6803.701938 2502.403121 0.899237 -0.148220 -0.411586 -0.344683 0.339298 -0.875255 -0.269381 -0.928928 -0.254020
28.920133 -60.849639 -4477.190528 2735.265225 0.914326 -0.192198 -0.356465 -0.233934 0.467845 -0.852288 -0.330579 -0.862659 -0.382802
29.793457 -75.975256 -4283.212655 3970.837193 0.857313 -0.177031 -0.483398 -0.448312 0.204817 -0.870096 -0.253042 -0.962658 -0.096227
-33.099488 -42.640765 -812.532468 -966.585695 -0.761935 -0.118454 0.636729 0.199093 0.892689 0.404313 -0.616293 0.434829 -0.656588
-31.036104 -35.582299 -1018.179468 -996.717773 -0.701067 0.138346 0.699547 0.331186 0.931950 0.147599 -0.631523 0.335157 -0.699177
-33.471452 -39.977146 -841.973388 -425.312681 -0.673958 -0.049188 0.737130 0.230001 0.934223 0.272630 -0.702054 0.353282 -0.618314
-35.046781 -45.771507 -1027.310278 -2540.584428 -0.709756 -0.266747 0.651991 0.125255 0.863001 0.489429 -0.693223 0.429040 -0.579109
1.022425 -17.683891 -646.270200 170.088020 0.505591 0.607661 -0.612476 0.800849 -0.066443 0.595169 0.320966 -0.791413 -0.520237
1.389487 -18.141491 -272.113055 411.503849 0.579630 0.605528 -0.545312 0.731086 -0.090854 0.676209 0.359920 -0.790621 -0.495355
28.083860 -79.456575 713.707536 -8839.991992 -0.841939 0.006253 -0.539537 0.103101 0.983373 -0.149491 0.529632 -0.181489 -0.828584
16.451693 -87.479361 1082.189670 -7551.705166 -0.851734 0.047152 -0.521849 0.037128 0.998870 0.029655 0.522658 0.005883 -0.852522
23.375473 -83.454595 2672.328638 -9040.565666 -0.886103 0.124733 -0.446389 0.184211 0.978549 -0.092235 0.425309 -0.163959 -0.890073
-1.937172 -31.779748 -1934.688280 2104.865369 -0.501525 -0.482127 0.718350 -0.579849 0.803548 0.134481 -0.642065 -0.349089 -0.682561
-0.986253 -33.917693 -1340.200925 2797.424178 -0.518802 -0.459246 0.721067 -0.517203 0.840198 0.162998 -0.680695 -0.288374 -0.673420
-1.150407 -31.040935 -788.605263 1821.376073 -0.496730 -0.479791 0.723229 -0.591195 0.797130 0.122770 -0.635411 -0.366586 -0.679608
-3.472176 -35.618309 -1358.586885 -27.986725 0.814266 0.279007 -0.509045 -0.174498 -0.718715 -0.673053 0.553644 -0.636871 0.536538
-0.140772 -43.591496 77.351416 1725.574997 0.758955 0.408097 -0.507390 0.540458 -0.829419 0.141313 0.363169 0.381473 0.850051
0.443606 -49.179568 711.194840 875.632026 0.746004 0.413890 -0.521702 0.604608 -0.749341 0.270068 0.279154 0.516897 0.809253
0.877853 -47.868972 342.759066 981.587763 0.757766 0.408659 -0.508713 0.583531 -0.773293 0.248010 0.292033 0.484783 0.824440
-2.198083 -44.028141 -972.807577 1119.956494 0.750252 0.425455 -0.506073 0.570436 -0.803526 0.170146 0.334253 0.416334 0.845542
0.763422 -42.770395 170.924003 -2126.644855 0.761745 0.402963 -0.507312 -0.516117 0.850754 -0.099203 0.391622 0.337400 0.856033
-0.250652 -39.154520 437.643144 -1593.868126 0.761491 0.393951 -0.514717 -0.473224 0.880554 -0.026152 0.442934 0.263491 0.856961
-2.209030 -39.903663 -1295.624231 -1793.112204 0.767648 0.405975 -0.495884 -0.487207 0.872369 -0.040015 0.416349 0.272316 0.867466
3.987141 -66.422386 0.753702 -1115.168429 0.745111 0.233178 -0.624851 -0.328047 0.943857 -0.038962 0.580685 0.234011 0.779772
3.712240 -61.243095 -394.694134 -2501.048750 0.762969 0.179557 -0.620998 -0.182746 0.981374 0.059231 0.620067 0.068294 0.781571
4.777378 -59.088227 186.989723 -1160.616599 0.736863 0.288454 -0.611414 -0.397289 0.916519 -0.046408 0.546986 0.277104 0.789949
5.313406 -64.159709 324.333199 -1049.898805 0.726117 0.280202 -0.627886 -0.422172 0.902477 -0.085478 0.542701 0.327143 0.773598
-7.668321 -101.194961 -2595.362666 2177.345535 0.758588 0.080395 -0.646592 0.054375 0.981086 0.185779 0.649298 -0.176088 0.739868
-4.183438 -30.582659 -1335.952587 5360.428204 0.728221 -0.147455 -0.669291 -0.475496 -0.812000 -0.338467 0.493556 -0.564724 0.661430
-4.713118 -27.543529 -972.636147 4054.971754 0.693217 -0.203474 -0.691411 -0.514056 -0.811990 -0.276440 0.505170 -0.547057 0.667482
0.154155 -30.821206 6058.470723 925.140967 0.654187 0.220766 -0.723396 0.751359 -0.080179 0.655005 0.086602 -0.972026 -0.218327
-11.976338 -33.174101 1905.291349 1183.196873 0.612394 0.172200 -0.771571 0.788924 -0.070485 0.610436 0.050733 -0.982537 -0.179017
-14.513178 -28.902629 1441.043590 2229.997275 0.664295 0.159324 -0.730293 0.739716 0.000240 0.672919 0.107387 -0.987226 -0.117695
128.813978 -34.868597 39800.782411 -1065.725098 0.762943 0.578006 -0.289530 -0.006178 -0.441326 -0.897326 0.646436 -0.686397 0.333136
102.300405 -29.487501 16094.851043 1947.677935 0.913585 0.366278 -0.176646 -0.078641 -0.267056 -0.960467 0.398972 -0.891359 0.215174
84.908005 -30.504826 26785.066618 1579.442184 0.763284 0.578081 -0.288478 -0.107056 -0.327172 -0.938881 0.637132 -0.747516 0.187838
-5.098133 -40.301257 -964.704078 -1134.518058 0.790649 0.252870 -0.557612 -0.368824 -0.530243 -0.763421 0.488716 -0.809259 0.325971
-5.900375 -41.739073 -866.837614 529.974817 0.776754 0.234169 -0.584652 -0.468702 -0.405134 -0.784974 0.420679 -0.883760 0.204934
-6.651755 -44.034908 -412.024416 -104.475023 0.753251 0.236205 -0.613856 -0.524777 -0.346804 -0.777391 0.396511 -0.907708 0.137275
-10.337878 -40.107211 -234.333571 -2027.991008 0.728550 0.296242 -0.617621 0.363993 0.596387 0.715424 -0.580280 0.746032 -0.326668
-10.139245 -41.730573 -399.849112 -601.567048 0.733699 0.336598 -0.590244 0.397626 0.491708 0.774672 -0.550981 0.803072 -0.226925
-10.582445 -41.903254 -351.674040 829.569383 0.743320 0.329110 -0.582377 0.441779 0.412212 0.796814 -0.502302 0.849569 -0.161012
-11.575279 -40.965145 -655.265603 930.827070 0.759145 0.318654 -0.567589 0.452045 0.369319 0.811948 -0.468352 0.872962 -0.136321
3.366222 -91.446940 -1190.395637 -563.162307 0.698082 0.228398 -0.678613 0.638886 -0.626592 0.446326 0.323273 0.745129 0.583333
1.382751 -85.049319 870.650837 -1059.842459 -0.683135 -0.236527 0.690928 0.693679 -0.505969 0.512646 0.228334 0.829488 0.509719
3.490709 -90.705697 1434.192706 -886.194405 -0.667294 -0.257725 0.698782 0.729069 -0.417811 0.542119 0.152241 0.871213 0.466702
5.835214 -51.750202 315.922898 1687.453668 0.695780 0.431961 -0.573846 0.628776 -0.752493 0.195945 0.347175 0.497155 0.795177
6.212471 -53.567270 585.197613 1192.893455 0.689211 0.417552 -0.592147 0.621969 -0.760165 0.187891 0.371676 0.497794 0.783619
0.456449 -169.473615 -1645.484778 15526.785110 0.680033 -0.110453 0.724814 0.580639 -0.522493 -0.624387 -0.447676 -0.845459 0.291180
3.782020 -136.559773 555.648047 12206.226794 -0.657900 0.085032 -0.748290 0.699144 -0.300377 -0.648823 -0.279940 -0.950023 0.138169
1.198160 -145.463118 303.065979 15723.196660 -0.668463 0.087765 -0.738549 0.704318 -0.244325 -0.666515 -0.238942 -0.965714 0.101508
5.964604 -109.123389 -891.578505 11381.362547 -0.643081 0.051541 -0.764062 0.763504 -0.034027 -0.644906 -0.059238 -0.998091 -0.017469
6.140155 -112.930774 459.230047 12921.517653 -0.657723 0.095606 -0.747168 0.752119 0.028769 -0.658399 -0.041451 -0.995003 -0.090829
3.002703 -14.290278 182.537147 -725.987653 -0.583804 0.264491 -0.767605 0.710714 0.623553 -0.325680 0.392503 -0.735681 -0.552010
6.042026 -18.655143 2141.487959 256.392913 -0.355284 0.434629 -0.827569 0.857361 0.504254 -0.103245 0.372432 -0.746207 -0.551787
12.192853 -20.778579 2577.854552 62.825411 -0.439266 0.375246 -0.816233 0.792290 0.590103 -0.155093 0.423464 -0.714821 -0.556516
-164.171646 -3893.188253 -73749.547379 1742192.364461 -0.924579 -0.355694 0.136515 -0.319179 0.918797 0.232243 -0.208037 0.171154 -0.963030
-48.446027 -246.837912 -12763.527042 64529.535457 -0.938323 -0.334281 -0.088354 -0.320800 0.937011 -0.138194 0.128984 -0.101327 -0.986456
2.620428 -26.114927 -6860.898733 677.153651 -0.449457 0.201097 0.870373 0.701581 0.682590 0.204584 -0.552967 0.702589 -0.447880
16.604979 -30.362841 -7236.508023 2804.433160 -0.392117 0.246779 0.886197 0.704435 0.700103 0.116735 -0.591622 0.670041 -0.448362
2.848555 -30.311828 -4924.180263 1897.792627 -0.473133 0.156165 0.867040 0.647166 0.729376 0.221781 -0.597764 0.666050 -0.446156
-7.104953 -29.117090 -1578.952779 -505.409233 -0.579586 0.007671 0.814875 0.583876 0.701474 0.408684 -0.568479 0.712654 -0.411044
-5.489679 -32.319572 852.105402 1392.350665 0.572245 0.013770 -0.819967 0.545904 0.739746 0.393402 -0.611985 0.672745 -0.415799
8.369632 -32.310250 2691.119730 2040.366442 0.719741 0.252906 0.646538 0.563078 0.332099 -0.756738 0.406098 -0.908707 -0.096620
9.491118 -29.222626 1723.249678 131.983189 0.686974 0.180914 0.703802 0.616247 0.368229 -0.696166 0.385106 -0.911964 -0.141476
15.207920 -31.440168 -1077.670268 394.733901 -0.646758 -0.100904 -0.755991 0.687344 0.352473 -0.635076 0.330548 -0.930366 -0.158609
14.629805 -24.846129 3416.035413 -1156.253587 0.748789 0.171661 0.640194 -0.660532 0.113277 0.742203 -0.054888 0.978622 -0.198208
18.939350 -25.134179 -1414.572328 757.038606 0.681118 0.284567 0.674611 0.715722 -0.064553 -0.695396 -0.154339 0.956480 -0.247639
15.574755 -24.622839 -3142.803533 596.078910 0.610548 0.341344 0.714643 0.774657 -0.069701 -0.628529 -0.164734 0.937350 -0.306980
-5.890016 -81.848156 630.278347 2320.267489 0.621814 0.015245 -0.783016 -0.069869 0.996904 -0.036075 0.780042 0.077140 0.620954
-18.937523 -28.241141 298.450281 -527.641380 0.765080 -0.076789 -0.639340 0.544848 0.606380 0.579175 -0.343209 0.791458 -0.505768
-18.690659 -29.004992 -844.179776 -746.880624 0.845706 0.120961 -0.519759 0.352826 0.603978 0.714650 -0.400368 0.787769 -0.468109
-2.832969 -36.584897 330.528293 -409.268902 -0.758525 -0.536610 -0.369715 -0.502121 0.842927 -0.193261 0.415349 0.039049 -0.908824
-26.917594 -58.740667 2993.490648 -12795.380792 0.446353 0.846811 0.289274 -0.774354 0.527524 -0.349420 0.448492 0.068036 -0.891194
-10.205671 -91.301373 -511.423580 -21941.826072 0.565744 0.737944 0.367930 -0.711262 0.662471 -0.235031 0.417182 0.128727 -0.899660
-16.649122 -30.035894 -6578.451230 -401.549028 -0.805996 -0.423938 -0.413094 -0.388954 0.905388 -0.170260 0.446190 0.023446 -0.894631
