17170
34329
-36.004338 -54.992651 -47.238573 7301.856765 -0.483700 -0.872029 0.074831 0.875210 -0.481287 0.048682 -0.006437 0.089041 0.996007
-41.372133 -67.772392 203.798585 6675.499604 -0.395090 -0.913593 0.096184 0.909370 -0.374113 0.181896 -0.130196 0.159332 0.978602
-47.242547 -76.562735 2014.844518 10048.199455 0.023840 0.992007 -0.123906 0.990701 -0.006836 0.135883 -0.133950 0.125994 0.982946
-34.588300 -57.850799 284.426328 6064.161532 -0.638452 -0.759705 0.123395 0.769444 -0.626204 0.125798 -0.018299 0.175262 0.984352
-34.777478 -67.144368 3574.214488 14548.077530 0.021515 -0.999296 0.030723 0.999768 0.021488 -0.001202 0.000541 0.030742 0.999527
-27.826486 -41.828614 -1445.911591 6716.027481 0.510022 0.859167 -0.041339 0.857187 -0.511665 -0.058567 0.071470 0.005564 0.997427
-28.707398 -44.998556 458.479175 2632.845390 0.851023 0.511767 -0.117704 0.520793 -0.851266 0.064201 0.067341 0.115936 0.990971
79.781201 -103.149090 486.808386 -7457.587216 -0.503994 0.858924 0.090777 0.646800 0.444986 -0.619384 0.572399 0.253451 0.779822
72.502460 -116.267812 9813.311804 -9168.472726 -0.592748 0.804196 -0.043813 0.600267 0.404860 -0.689759 0.536963 0.435153 0.722712
78.955392 -109.635855 4128.486723 -8937.417563 -0.492802 0.868697 0.050124 0.558119 0.359758 -0.747714 0.667569 0.340500 0.662126
8.286165 -120.415641 -1027.830565 -879.867779 0.322605 0.320774 0.890523 0.576357 0.679725 -0.453637 -0.750825 0.659605 0.034403
6.883834 -121.055487 -805.749667 723.737673 0.324824 0.316039 0.891408 0.466423 0.766399 -0.441681 -0.822763 0.559241 0.101537
4.092823 -120.878791 -1355.009179 -1454.062522 0.321564 0.340448 0.883568 0.389413 0.803017 -0.451133 -0.863107 0.489141 0.125647
5.587582 -117.124715 -812.477051 -4021.628599 0.336608 0.326205 0.883338 0.226801 0.882377 -0.412276 -0.913924 0.339117 0.223031
4.688213 -123.858489 598.815364 19517.099889 0.204516 0.725325 0.657326 0.685710 0.373062 -0.625001 0.698552 -0.578557 0.421066
3.235001 -125.914865 -34.277108 2802.349294 -0.250540 -0.731320 -0.634350 0.850687 0.146477 -0.504852 0.462126 -0.666119 0.585426
6.290846 -112.654224 -2613.882751 13667.212463 0.204602 0.709512 0.674337 0.725504 0.352546 -0.591062 0.657101 -0.610167 0.442623
9.770496 -92.894352 -2821.322530 16612.231373 0.137736 0.682619 0.717677 0.577019 0.533625 -0.618298 0.805033 -0.499275 0.320385
-0.684206 -30.736727 4242.376805 2110.703728 -0.276201 0.957498 0.083135 0.722470 0.149799 0.674979 -0.633837 -0.246493 0.733138
6.380536 -31.690233 2675.079625 2647.273294 -0.301464 0.950535 0.074850 0.726699 0.178232 0.663432 -0.617275 -0.254394 0.744483
6.006430 -35.604907 2582.329830 2272.369289 -0.274188 0.955743 0.106659 0.695183 0.120350 0.708686 -0.664486 -0.268461 0.697415
1.404119 -25.212310 3752.206517 2010.475021 -0.330580 0.943219 0.032482 0.744901 0.239631 0.622655 -0.579516 -0.230033 0.781822
2.486332 -46.845035 -648.208771 -41.496443 0.414878 0.905216 -0.091983 0.860469 -0.423199 -0.283719 0.295754 -0.038560 0.954486
3.194604 -45.098120 -157.241800 -6487.318985 0.414526 0.904428 -0.100889 0.843623 -0.423479 -0.330100 0.341276 -0.051723 0.938539
2.350371 -45.894550 14.750042 -264.686495 0.424698 0.900235 -0.095964 0.850724 -0.433089 -0.297831 0.309679 -0.044849 0.949783
1.660647 -43.289770 -298.462092 3688.455681 0.402560 0.911594 -0.083319 0.873768 -0.409794 -0.261912 0.272901 -0.032634 0.961488
8.430017 -84.924423 -78.876032 3522.299178 0.300451 0.910454 -0.284258 -0.864693 0.385783 0.321678 -0.402535 -0.149147 -0.903173
8.070550 -90.987807 -547.300526 6117.798115 0.263805 0.926532 -0.268225 -0.835279 0.358505 0.416873 -0.482406 -0.114070 -0.868488
6.496788 -77.359441 -1185.095843 5478.222533 0.237601 0.932367 -0.272466 -0.795070 0.347816 0.496878 -0.558041 -0.098571 -0.823938
10.513747 -100.087299 -536.314610 2425.733422 0.324261 0.901054 -0.288021 -0.909973 0.380303 0.165282 -0.258463 -0.208497 -0.943253
4.448332 -71.808566 -1030.111364 3918.062085 0.246937 0.924380 -0.290765 -0.802452 0.363273 0.473396 -0.543224 -0.116426 -0.831476
5.614784 -77.565834 -1316.115220 2378.925213 0.301189 0.896561 -0.324752 -0.867911 0.398818 0.296100 -0.394989 -0.192673 -0.898254
9.691534 -90.331323 66.100909 2836.938428 0.360364 0.882850 -0.301187 -0.903225 0.410920 0.123814 -0.233073 -0.227422 -0.945493
-15.827221 -84.931645 3.454907 2443.237097 0.089270 0.971902 0.217803 -0.938170 0.155484 -0.309291 0.334465 0.176726 -0.925690
-12.027861 -83.021208 -3638.228855 2458.377225 0.113595 0.980302 0.161569 -0.945513 0.156610 -0.285445 0.305126 0.120341 -0.944678
-16.353220 -84.438890 164.995854 1028.999454 0.085145 0.973325 0.213048 0.980969 -0.119339 0.153163 0.174502 0.195952 -0.964962
-12.615403 -87.641784 -4164.531109 3573.815078 0.114204 0.980922 0.157321 -0.884362 0.172527 -0.433750 0.452617 0.089593 -0.887193
-17.144087 -83.186125 3019.880386 -1804.415573 0.088492 0.959177 0.268606 0.968328 -0.146047 0.202511 0.233473 0.242178 -0.941722
-17.717060 -85.940328 1940.342508 2012.082325 0.067697 0.956504 0.283754 -0.914780 0.173030 -0.365017 0.398239 0.234862 -0.886705
-14.985926 -88.161053 -323.927443 2712.187437 0.088682 0.971829 0.218368 -0.861307 0.184932 -0.473235 0.500286 0.146114 -0.853443
-10.798021 -22.327925 2415.195546 -2524.693198 -0.356316 -0.453410 -0.816981 -0.003294 0.874974 -0.484158 0.934360 -0.169822 -0.313261
-5.581173 -17.476092 2874.726204 -1741.327281 -0.380653 -0.451286 -0.807121 -0.004587 0.873740 -0.486371 0.924706 -0.181437 -0.334662
-6.903251 -29.564846 2386.963934 -6418.594422 -0.365508 -0.253291 -0.895683 0.041390 0.956889 -0.287490 0.929887 -0.142152 -0.339267
-12.703793 -34.271174 2501.323721 -5312.409562 -0.336997 -0.321251 -0.885003 -0.001803 0.940205 -0.340603 0.941504 -0.113186 -0.317426
-16.158762 -24.926287 2865.246029 -1226.586414 -0.329978 -0.628627 -0.704232 -0.054692 0.757495 -0.650546 0.942403 -0.176150 -0.284338
-10.079906 -22.363186 -2817.104487 2017.893188 0.319360 0.810468 0.491072 -0.124599 0.549622 -0.826069 0.939406 -0.202627 -0.276511
10.765149 -47.199488 -2134.657229 -556.424782 0.306767 -0.932718 -0.189556 0.947236 0.318632 -0.034887 0.092938 -0.168852 0.981250
6.331132 -45.641805 -2138.387585 304.623155 0.319189 -0.931269 -0.175660 0.947691 0.313684 0.059023 0.000136 -0.185311 0.982680
12.773859 -46.822198 -191.643355 -433.640689 0.365109 -0.915247 -0.170346 0.925102 0.377187 -0.043770 0.104312 -0.141607 0.984412
15.140640 -47.633429 1627.329832 -1232.570224 -0.324798 0.927166 0.186735 0.929748 0.349209 -0.116713 0.173422 -0.135709 0.975453
-4.229823 -124.634922 639.558695 -15233.317818 -0.227376 -0.485948 -0.843892 0.783753 -0.605643 0.137582 -0.577955 -0.630120 0.518572
-2.928255 -101.476065 -308.462126 11581.239339 0.239717 0.472011 0.848376 -0.660144 0.719994 -0.214053 -0.711861 -0.508738 0.484190
-2.381667 -105.565233 -719.982224 13412.417299 0.222206 0.474301 0.851859 -0.736393 0.654273 -0.172201 -0.639023 -0.589039 0.494654
-2.948798 -120.266086 410.104100 -14314.672298 -0.225721 -0.461919 -0.857718 0.797614 -0.593140 0.109527 -0.559340 -0.659406 0.502317
-3.148107 -123.394727 -136.691727 -15728.174214 -0.225126 -0.489416 -0.842490 0.835496 -0.541825 0.091498 -0.501262 -0.683299 0.530884
1.383152 -55.893458 585.921968 -1617.341567 0.470295 0.864982 -0.175011 0.625513 -0.466612 -0.625306 0.622540 -0.184606 0.760502
2.605051 -51.515712 424.023962 -1767.613135 0.477667 0.866213 -0.146662 0.604944 -0.445352 -0.660079 0.637085 -0.226576 0.736740
2.601990 -54.657342 530.760984 948.963662 0.454600 0.880508 -0.134331 0.674034 -0.438673 -0.594344 0.582252 -0.179646 0.792912
1.938859 -54.494433 -302.351034 183.340155 0.449740 0.884748 -0.122289 0.705448 -0.435849 -0.558908 0.547792 -0.165095 0.820163
45.938980 -43.653938 -1339.658337 1380.732202 -0.119887 0.940774 0.317131 0.164682 0.333854 -0.928128 0.979034 0.059045 0.194953
40.040692 -40.903294 270.376244 1099.332598 -0.119515 0.945915 0.301597 0.065015 0.310579 -0.948321 0.990701 0.093730 0.098617
46.678146 -40.435240 3400.217442 2051.064815 -0.077988 0.935352 0.345014 0.097569 0.351568 -0.931064 0.992168 0.038949 0.118679
49.516545 -42.923778 4631.396587 1490.861363 -0.062893 0.933697 0.352496 0.176520 0.358034 -0.916871 0.982286 -0.004558 0.187334
48.301846 -38.505521 3635.973517 1906.530777 0.020314 0.931367 0.363515 0.067571 0.361479 -0.929928 0.997508 -0.043454 0.055591
37.566887 -28.218731 5054.111462 -1504.330589 0.718618 0.437483 0.540553 -0.572720 0.813227 0.103215 -0.394438 -0.383758 0.834955
36.697539 -29.693924 3571.117452 5483.196225 0.678894 0.466037 0.567374 -0.610731 0.787367 0.084035 -0.407568 -0.403563 0.819161
45.628034 -32.082885 777.039770 -890.168586 0.667913 0.391265 0.633091 -0.564676 0.820541 0.088622 -0.484802 -0.416683 0.768988
40.426814 -41.081748 4983.358442 -9898.025241 0.695464 0.443160 0.565632 -0.590106 0.801395 0.097681 -0.410006 -0.401717 0.818852
4.722483 -154.206591 -624.328803 -3667.397025 0.351403 0.371970 0.859159 0.890812 -0.415185 -0.184596 0.288046 0.830217 -0.477252
3.387141 -145.194074 -200.562282 -733.321752 0.327211 0.364938 0.871638 0.877698 -0.459138 -0.137254 0.350113 0.809946 -0.470540
3.730229 -143.581996 -242.302922 -1890.800771 0.373603 0.351247 0.858514 0.919543 -0.261877 -0.293019 0.121904 0.898914 -0.420825
3.514100 -98.375263 -1586.380088 4236.702492 0.550790 0.674914 0.491041 -0.515864 0.737773 -0.435402 -0.656136 -0.013495 0.754522
7.377522 -91.560636 -3335.832630 7136.671469 0.556741 0.686286 0.468029 -0.494225 0.726514 -0.477408 -0.667668 0.034481 0.743660
4.999989 -87.901336 -2877.014501 -8538.178539 0.543725 0.694875 0.470650 -0.672156 0.696354 -0.251589 -0.502562 -0.179555 0.845690
-53.665799 -446.149258 -19075.704908 176127.464345 0.647820 -0.441605 -0.620737 0.742825 0.546888 0.386167 0.168941 -0.711265 0.682320
-94.463816 -1170.518520 7952.489824 452008.691883 0.268619 -0.410629 -0.871337 0.956732 0.008709 0.290840 -0.111839 -0.911761 0.395202
-92.187926 -183.795050 49215.663142 41674.245427 0.989608 0.059082 -0.131095 -0.077424 -0.549306 -0.832026 0.121169 -0.833530 0.539024
72.958241 -1005.724895 241346.336340 611708.770548 0.971213 0.168904 0.167981 0.220751 -0.373118 -0.901140 0.089529 -0.912280 0.399662
56.200779 -474.052527 52562.180179 151677.881423 0.909811 0.193090 0.367368 0.366961 -0.787752 -0.494759 -0.193862 -0.584948 0.787562
23.699866 -20.184245 -6892.198048 1335.259681 0.278204 0.894712 0.349419 -0.130734 0.395666 -0.909042 0.951584 -0.207218 -0.227045
21.959869 -17.011439 -6063.493129 2329.220177 0.267292 0.901365 0.340728 -0.168537 0.391872 -0.904451 0.948762 -0.184327 -0.256658
15.424983 -16.832306 -3749.541038 2233.872895 0.301960 0.837585 0.455272 -0.129991 0.509279 -0.850728 0.944417 -0.197704 -0.262660
16.850947 -22.174415 -5694.314213 1812.961182 0.312099 0.848467 0.427432 -0.092627 0.474937 -0.875131 0.945523 -0.233536 -0.226818
8.607268 -17.902364 -2744.500147 2269.397808 0.322954 0.802348 0.501934 -0.112800 0.559205 -0.821319 0.939668 -0.208631 -0.271102
7.324626 -13.225970 -1683.025273 2765.902186 0.319190 0.789965 0.523519 -0.148479 0.587279 -0.795649 0.935987 -0.176232 -0.304747
0.612013 -46.945923 -6454.363014 -272.931357 0.596124 -0.763294 0.249034 0.767484 0.450634 -0.455958 0.235806 0.462937 0.854450
-1.508075 -45.701416 -6811.665766 -515.871693 0.591432 -0.764382 0.256767 0.797406 0.507115 -0.327075 0.119800 0.398190 0.909446
-14.457651 -47.191707 -6175.547216 -272.386931 0.596019 -0.760853 0.256638 0.775803 0.463215 -0.428442 0.207103 0.454460 0.866357
-10.418876 -47.176827 -6457.428087 -173.015207 0.590880 -0.764372 0.258062 0.742230 0.389701 -0.545186 0.316158 0.513681 0.797607
10.078206 -46.589694 -8713.205962 230.251260 0.612187 -0.749855 0.250888 0.724956 0.405593 -0.556716 0.315698 0.522697 0.791911
12.894857 -31.426677 -2625.945221 -1701.537614 -0.265400 0.119161 -0.956746 -0.375934 0.901000 0.216501 0.887827 0.417132 -0.194329
8.076713 -34.593494 -2399.183805 -1675.621077 -0.205696 0.013514 -0.978523 -0.437971 0.892907 0.104398 0.875140 0.450038 -0.177749
6.446743 -31.835931 -1254.227541 -345.791044 -0.291594 0.115741 -0.949514 -0.447126 0.861037 0.242268 0.845607 0.495196 -0.199322
3.581240 -35.679365 -1409.002845 -427.859134 -0.186173 -0.035287 -0.981883 -0.532288 0.843613 0.070609 0.825838 0.535791 -0.175841
1.484159 -30.764378 -1214.503841 449.359529 -0.198891 -0.017544 -0.979864 -0.575788 0.811167 0.102349 0.793039 0.584551 -0.171436
-26.197917 -46.096768 -363.704326 1536.014163 0.353485 0.559332 -0.749797 -0.077056 0.816231 0.572563 0.932261 -0.144616 0.331625
-24.675509 -41.270976 344.101550 2313.217154 0.309786 0.649711 -0.694196 -0.222750 0.759387 0.611321 0.924346 -0.034746 0.379970
-23.874321 -44.041903 -1297.330009 1828.614701 0.399529 0.558876 -0.726660 -0.159015 0.822907 0.545470 0.902824 -0.102381 0.417645
1.538744 -56.006919 -1484.610001 -3190.819812 0.412786 0.776912 -0.475412 0.898243 -0.433699 0.071173 -0.150890 -0.456414 -0.876880
3.195654 -55.200502 -1753.348116 -2261.254906 0.414971 0.780321 -0.467866 0.890216 -0.454439 0.031644 -0.187924 -0.429633 -0.883233
0.564069 -50.956386 -2635.568586 -1881.807060 0.402156 0.780256 -0.479032 0.884442 -0.466337 -0.017073 -0.236712 -0.416810 -0.877631
-7.669475 -99.322506 363.439585 -3817.998139 -0.138292 0.902056 0.408865 0.262672 0.431454 -0.863048 0.954924 0.011955 0.296611
-10.233344 -96.119086 1318.502659 -2228.259343 -0.135016 0.902653 0.408641 0.235997 0.429844 -0.871515 0.962328 0.021230 0.271060
-8.029399 -103.579502 -513.482182 -2907.884640 -0.125401 0.889739 0.438907 0.035637 0.446154 -0.894247 0.991466 0.096498 0.087655
-6.310830 -103.883726 2003.691011 -1700.743768 -0.185881 0.886524 0.423702 0.086783 0.444345 -0.891642 0.978732 0.128969 0.159531
262.006083 -3700.915735 -32065.864315 80727.903173 0.218442 -0.069395 0.973379 -0.088536 0.991945 0.090587 -0.971825 -0.105967 0.210538
-667.326821 -850.589134 63666.072018 -825284.222610 0.484405 0.812285 -0.324878 0.642152 -0.077938 0.762605 -0.594132 0.578030 0.559363
-179.283629 -1168.997570 -44362.430484 -452554.854557 0.922446 0.360801 -0.137537 0.292263 -0.419635 0.859354 -0.252340 0.832904 0.492539
-303.954555 -1628.847726 34762.088800 -561804.747305 0.993334 -0.071412 -0.090484 -0.052507 -0.979131 0.196329 0.102616 0.190270 0.976354
-9.628655 -475.861368 -24349.808585 -174459.121001 0.999006 0.036375 0.025783 -0.003670 -0.509222 0.860627 -0.044435 0.859866 0.508582
-16.661389 -83.304400 13325.779573 -12520.214922 -0.125537 0.987549 0.094805 -0.068363 0.086723 -0.993884 0.989731 0.131250 -0.056625
-53.327025 -89.882703 -8908.699387 36463.317266 0.015986 -0.140282 -0.989983 -0.150702 0.978460 -0.141083 0.988450 0.151448 -0.005500
-83.863930 -94.102781 35939.356499 -15928.599872 -0.138129 0.979590 0.146025 -0.121663 0.129540 -0.984082 0.982913 0.153696 -0.101287
-54.672565 -199.143938 17744.268082 -45519.576579 -0.152245 0.988104 0.021717 -0.199258 -0.009164 -0.979904 0.968048 0.153513 -0.198283
-170.117409 -206.325208 24020.032291 -51155.540230 -0.215847 0.850766 -0.479173 -0.173960 -0.516396 -0.838494 0.960806 0.097630 -0.259462
-18.311520 -38.671837 -7383.195942 -2892.401537 0.532798 0.717242 -0.449099 -0.378356 0.676601 0.631710 -0.756950 0.166654 -0.631864
-29.851368 -43.202784 4655.032413 -5695.422628 -0.682388 -0.391497 0.617314 -0.135461 0.897589 0.419505 -0.718329 0.202644 -0.665536
-20.806099 -34.242939 -8046.939905 -4810.839318 0.543049 0.728206 -0.418107 -0.460356 0.674614 0.577034 -0.702260 0.120879 -0.701583
-9.233891 -32.632468 -6289.092379 -2311.640578 0.421940 0.859914 -0.287254 -0.554256 0.495396 0.668867 -0.717472 0.123010 -0.685640
-11.146919 -38.397444 -4487.703329 -1754.506752 0.439662 0.844295 -0.306371 -0.465146 0.505839 0.726475 -0.768334 0.176896 -0.615119
-21.647393 -51.487520 -9208.808710 2148.290553 -0.007300 0.991389 0.130748 -0.862525 -0.072400 0.500808 -0.505961 0.109118 -0.855626
-12.575590 -48.181160 -9518.370202 8998.703127 0.036511 0.996851 0.070393 -0.808732 -0.011905 0.588056 -0.587043 0.078399 -0.805751
-24.120528 -41.592040 -9072.971182 4612.173174 -0.178034 0.944832 0.274948 -0.792861 -0.303224 0.528609 -0.582817 0.123885 -0.803104
-14.701148 -39.082641 -10683.012037 6750.138380 -0.051044 0.987013 0.152314 -0.771995 -0.135750 0.620964 -0.633576 0.085889 -0.768898
59.493605 -78.244416 -11745.684710 2421.628753 -0.082795 0.924950 0.370961 0.231597 -0.344189 0.909888 -0.969282 -0.161248 0.185719
43.079441 -96.314705 -7621.396933 -824.686203 -0.168759 0.924932 0.340619 0.329474 -0.272762 0.903907 -0.928960 -0.264767 0.258710
36.939778 -88.980631 -5966.935171 -3927.497906 -0.126930 0.904614 0.406892 0.189672 -0.380506 0.905119 -0.973608 -0.192063 0.123283
71.488593 -78.027608 -14585.976335 7922.455432 -0.106803 0.944344 0.311139 0.419085 -0.241017 0.875374 -0.901644 -0.223886 0.370019
41.535664 -78.908623 -7687.581116 -3009.238209 -0.112688 0.896423 0.428634 0.093610 -0.419886 0.902736 -0.989211 -0.141852 0.036598
62.147059 -76.671662 -15014.459354 -8063.722599 -0.069056 0.904394 0.421073 0.005211 -0.421748 0.906698 -0.997599 -0.064808 -0.024411
72.031694 -65.996665 -7331.762223 -4113.754178 0.090259 0.913649 0.396357 0.080440 -0.403370 0.911495 -0.992664 0.050388 0.109901
67.056762 -66.258253 -3275.360741 16852.581592 0.109846 0.930626 0.349097 0.339521 -0.365228 0.866795 -0.934162 -0.023312 0.356086
12.244089 -10.682003 -964.786352 -588.806643 0.580558 0.635453 0.509070 -0.034926 0.644085 -0.764156 -0.813470 0.425857 0.396122
9.050527 -10.386976 1401.354220 940.314187 0.617832 0.658299 0.430031 0.093751 -0.604667 0.790941 -0.780702 0.448353 0.435298
10.303454 -6.194474 -1236.216649 2371.207495 0.574252 0.678292 0.458426 0.111793 -0.619682 0.776850 -0.811010 0.394859 0.431682
7.845730 -9.413750 -2475.888125 1482.639010 0.545617 0.701245 0.458866 0.096401 -0.596434 0.796852 -0.832472 0.390541 0.393025
89.947888 -71.669349 -13906.299912 3223.271807 -0.093183 0.690067 0.717722 -0.605789 -0.611370 0.509162 -0.790149 0.387343 -0.475005
58.127545 -82.046454 -8017.376058 2688.932723 -0.165040 0.749312 0.641321 -0.591342 -0.595580 0.543690 -0.789351 0.289510 -0.541395
60.935481 -86.605241 -1106.337752 -850.037737 -0.187414 0.688983 0.700128 -0.741769 -0.566517 0.358938 -0.643937 0.452063 -0.617239
90.674778 -63.940596 -16144.628171 6425.949559 -0.066015 0.767753 0.637336 -0.435755 -0.596786 0.673769 -0.897641 0.233243 -0.373949
20.898114 -39.376180 -3942.029106 -3126.915882 0.063543 0.997975 0.002987 -0.640727 0.043091 -0.766559 0.765135 -0.046796 -0.642168
9.442822 -41.097791 -5518.500854 -2345.971386 0.108070 0.993317 -0.040522 -0.672361 0.043005 -0.738973 0.732292 -0.107107 -0.672515
12.752433 -34.194416 -4342.847778 -2592.622823 0.103255 0.994615 -0.008931 -0.588771 0.053881 -0.806502 0.801677 -0.088534 -0.591164
19.390100 -33.467091 -5009.482979 -2582.832865 0.093089 0.995658 -0.000085 -0.577824 0.053954 -0.814376 0.810836 -0.075859 -0.580337
16.743506 -27.758636 -4098.671253 -1867.391953 0.116140 0.992636 0.034422 -0.523181 0.090598 -0.847392 0.844271 -0.080407 -0.529850
6.831827 -29.198981 -4036.192496 -2247.987194 0.110060 0.993721 -0.020134 -0.547375 0.043691 -0.835746 0.829619 -0.103003 -0.548747
0.986549 -52.544540 -252.569362 191.402999 0.608633 -0.745504 -0.271643 0.765213 0.460978 0.449387 -0.209798 -0.481377 0.851035
-0.363346 -52.008493 -2573.377603 414.193541 0.606691 -0.754954 -0.248941 0.769018 0.478072 0.424333 -0.201340 -0.448879 0.870615
1.143636 -52.068366 388.177157 11.612647 0.613126 -0.740223 -0.275945 0.785466 0.533909 0.313025 -0.084378 -0.408669 0.908774
-1.867799 -50.795102 -3546.148839 -118.817811 0.583752 -0.772451 -0.250108 0.743321 0.384502 0.547387 -0.326662 -0.505449 0.798632
1.345707 -51.641956 2257.202334 190.041175 0.628072 -0.721481 -0.291532 0.772362 0.532362 0.346480 -0.094778 -0.442782 0.891606
1.981953 -50.130526 -1285.244760 -219.855409 0.603899 -0.750406 -0.268696 0.726597 0.379705 0.572609 -0.327664 -0.541032 0.774546
2.753060 -51.902469 2251.222280 118.288927 0.618639 -0.728657 -0.293845 0.754791 0.447358 0.479750 -0.218120 -0.518584 0.826737
9.119581 -103.602917 -1644.828903 1324.222093 -0.701447 0.711405 0.043297 0.712009 0.696737 0.087178 0.031852 0.091978 -0.995251
9.936574 -103.529743 751.627248 -447.712137 0.719024 -0.689115 -0.090138 0.694402 0.717663 0.052583 -0.028453 0.100400 -0.994540
8.533511 -98.221562 -1080.801597 -9578.903370 -0.711687 0.698598 0.073913 0.678553 0.710849 -0.185093 -0.181847 -0.081574 -0.979937
6.542908 -98.170038 -1959.818705 -10084.430101 -0.715156 0.697225 0.049287 0.678475 0.709412 -0.190803 -0.167998 -0.103014 -0.980390
6.070200 -97.827727 647.349119 5508.334018 -0.702631 0.707868 0.072337 -0.702137 -0.706224 0.090832 -0.115384 -0.013031 -0.993236
-2.851644 -151.660725 1930.524144 -10488.205152 -0.544083 0.838932 -0.012924 -0.740056 -0.472586 0.478518 -0.395336 -0.269918 -0.877982
0.059089 -165.224345 -2219.438220 -8747.184193 -0.570786 0.818742 -0.062177 -0.703450 -0.448540 0.551335 -0.423512 -0.358432 -0.831964
-2.150943 -164.977128 1601.591822 1235.077255 -0.556961 0.830493 -0.008688 -0.584920 -0.384800 0.714001 -0.589630 -0.402752 -0.700091
-13.426532 -91.999798 761.828897 5718.457514 0.701926 -0.703000 -0.114415 0.288140 0.133369 0.948255 0.651364 0.698572 -0.296178
-13.581320 -95.870842 -645.588469 3408.993972 0.685814 -0.717476 -0.122010 0.414776 0.247573 0.875596 0.598013 0.651103 -0.467381
-14.124744 -98.374327 637.766436 3384.735475 0.697168 -0.704213 -0.134315 0.449692 0.283655 0.846946 0.558331 0.650864 -0.514434
4.212770 -132.671427 1201.663256 11894.585798 -0.234485 0.959283 -0.157458 -0.792314 -0.094742 0.602712 -0.563254 -0.266083 -0.782269
9.342305 -142.365936 3459.641822 12067.811899 -0.227577 0.958631 -0.170981 -0.766436 -0.068030 0.638708 -0.600654 -0.276401 -0.750212
6.697210 -141.821371 4451.470861 -13669.453554 -0.240247 0.963539 -0.117790 -0.901954 -0.176725 0.394013 -0.358831 -0.200902 -0.911526
7.722259 -140.474359 3864.232501 29243.004497 -0.261304 0.959684 -0.103575 0.955155 0.241594 -0.171205 -0.139280 -0.143666 -0.979776
3.559205 -137.260753 3817.627113 -22058.440905 -0.268353 0.958483 -0.096423 -0.937892 -0.237111 0.253255 -0.219877 -0.158396 -0.962582
3.989954 -132.036862 288.199035 -10958.120364 -0.263351 0.954771 -0.138054 -0.915779 -0.202430 0.346945 -0.303307 -0.217795 -0.927669
-6.163519 -48.760373 925.932434 -1991.989775 0.593162 -0.756080 -0.276591 -0.493562 -0.070086 -0.866882 -0.636046 -0.650716 0.414745
-4.652486 -48.387888 717.229686 862.686125 0.613149 -0.743967 -0.265634 -0.425484 -0.027700 -0.904542 -0.665592 -0.667642 0.333530
-3.869283 -51.258906 1443.971053 -3912.816509 0.609001 -0.738700 -0.288861 -0.535001 -0.113702 -0.837165 -0.585570 -0.664375 0.464450
-6.128950 -48.707417 1515.057576 -758.294697 0.591979 -0.748854 -0.297957 -0.547002 -0.101803 -0.830918 -0.591904 -0.654869 0.469889
-2.826755 -49.787757 2522.223332 -1062.751781 0.609795 -0.725302 -0.319509 -0.588194 -0.143955 -0.795805 -0.531204 -0.673211 0.514401
-0.357221 -49.982786 2058.055251 -1983.608222 0.627574 -0.723952 -0.286433 -0.568970 -0.175338 -0.803449 -0.531436 -0.667195 0.521945
-0.878548 -50.381210 631.711081 -2811.547713 0.633732 -0.733620 -0.245329 -0.494412 -0.140224 -0.857843 -0.594930 -0.664936 0.451574
-2.248682 -193.800644 -1364.984417 25338.754701 -0.481027 0.851581 -0.208383 0.815222 0.347031 -0.463662 -0.322530 -0.392913 -0.861159
-2.929089 -150.717069 -560.013367 20378.596061 -0.465548 0.860272 -0.207839 0.865703 0.393849 -0.308936 -0.183912 -0.323751 -0.928096
-2.542585 -141.740888 139.396236 18756.079673 -0.469841 0.857392 -0.210068 0.880964 0.440285 -0.173354 -0.056142 -0.266511 -0.962195
-2.256771 -174.796321 494.806227 20467.831390 -0.465870 0.865824 -0.182520 0.803403 0.327447 -0.497315 -0.370822 -0.378321 -0.848153
-2.651431 -189.336520 -433.646039 -14046.594747 -0.483514 0.856626 -0.180019 -0.692853 -0.248849 0.676778 -0.534948 -0.451958 -0.713838
1.632322 -99.638393 -583.245818 -6838.282693 0.571147 -0.788543 -0.228013 0.605401 0.217075 0.765746 -0.554328 -0.575394 0.601367
0.693643 -93.892465 1683.349280 7411.122503 0.594938 -0.768283 -0.236197 -0.578162 -0.204911 -0.789772 -0.558369 -0.606426 0.566102
0.707216 -91.053153 -1392.563397 -57.608918 -0.613868 0.766773 0.187684 0.447152 0.141816 0.883144 -0.650555 -0.626057 0.429920
23.185012 -49.048061 14653.286385 1874.726777 -0.270803 0.909534 0.315298 0.648746 -0.069549 0.757820 -0.711192 -0.409768 0.571223
43.541919 -45.537791 23798.666875 353.038740 -0.211538 0.892473 0.398426 0.663016 -0.168475 0.729401 -0.718096 -0.418459 0.556085
19.531327 -45.435622 14639.433102 1995.309277 -0.264805 0.908336 0.323734 0.617408 -0.098178 0.780492 -0.740733 -0.406554 0.534816
4.146008 -47.458224 5943.346101 -372.112100 -0.377636 0.889346 0.257788 0.589820 0.016425 0.807368 -0.713795 -0.456940 0.530757
0.068078 -209.803256 526.785848 -4358.033748 -0.157221 0.912917 -0.376650 -0.441146 0.276303 0.853842 -0.883556 -0.300399 -0.359289
-1.286730 -209.508422 -1399.828053 724.637213 -0.182295 0.906601 -0.380583 -0.406427 0.282975 0.868759 -0.895313 -0.313049 -0.316882
-1.212363 -196.051726 -1530.020016 -19656.753739 -0.188244 0.901628 -0.389398 -0.721918 0.141789 0.677297 -0.665882 -0.408610 -0.624211
1.018261 -212.816234 957.582256 14161.238454 -0.152133 0.911892 -0.381194 -0.079244 0.373188 0.924365 -0.985178 -0.170834 -0.015488
-1.153518 -194.283856 1075.564816 -22228.989040 -0.163318 0.910964 -0.378776 -0.728452 0.147576 0.669013 -0.665345 -0.385183 -0.639492
-8.627938 -135.384355 850.738155 4256.848878 -0.320482 0.887952 -0.329899 -0.787298 -0.443350 -0.428490 0.526739 -0.122406 -0.841168
-8.505114 -137.963383 -1490.949570 4667.894081 -0.320447 0.877920 -0.355767 -0.742675 -0.465976 -0.480937 0.588003 -0.110104 -0.801330
-9.122525 -144.270120 -124.565403 1484.612578 -0.335665 0.866322 -0.369886 -0.572632 -0.499445 -0.650113 0.747945 0.006412 -0.663730
-9.147040 -129.864010 1426.922603 556.755706 -0.317823 0.877656 -0.358759 -0.687873 -0.473846 -0.549818 0.652548 -0.072036 -0.754315
33.551214 -84.443399 -6276.073494 -5070.291675 0.658863 -0.433229 0.614990 -0.511750 0.341076 0.788529 0.551372 0.834254 -0.003018
26.379027 -81.854199 -287.231751 3114.254305 0.595239 -0.367335 0.714672 0.644689 -0.312583 -0.697616 0.479653 0.875989 0.050755
14.912055 -72.242256 -2020.074493 -4622.890932 0.641468 -0.409755 0.648553 -0.483536 0.440373 0.756481 0.595577 0.798857 -0.084354
23.408336 -73.327787 -9939.405890 -5725.117294 0.703684 -0.434706 0.562014 -0.370006 0.451076 0.812173 0.606568 0.779462 -0.156571
39.529163 -78.917619 -10484.530395 -5656.677497 0.675314 -0.496910 0.545005 -0.345576 0.439631 0.829037 0.651558 0.748201 -0.125169
42.482281 -93.374764 -5940.607076 -6920.337950 0.617837 -0.529204 0.581568 -0.467113 0.347944 0.812859 0.632521 0.773873 0.032225
38.351264 -99.119417 -5542.074306 -6258.303434 0.620520 -0.495697 0.607650 -0.586348 0.221255 0.779258 0.520721 0.839840 0.153358
23.091263 -453.568744 2371.758187 -80393.811071 -0.262833 0.923888 -0.278118 0.549928 0.380295 0.743609 -0.792779 -0.042500 0.608026
45.104165 -1153.082279 -3058.309099 -470312.928395 -0.303674 0.910941 -0.279228 0.300802 0.369743 0.879095 -0.904046 -0.182966 0.386294
25.261452 -366.712886 6459.733084 -24793.269444 -0.202660 0.944435 -0.258788 0.238709 0.303946 0.922299 -0.949709 -0.125138 0.287042
-5.928593 -40.983555 1516.313651 2217.276755 -0.263211 0.960746 0.087675 -0.758338 -0.149864 -0.634401 0.596359 0.233469 -0.768016
-9.834459 -44.702740 630.250911 1058.228674 -0.268416 0.960473 0.073782 -0.671452 -0.131625 -0.729264 0.690727 0.245288 -0.680242
-10.133668 -43.259508 601.431973 947.635153 -0.200561 0.974734 0.098330 -0.704864 -0.073865 -0.705486 0.680398 0.210802 -0.701869
34.460890 -43.558191 -3160.511441 -2625.966725 -0.351496 0.919522 0.175871 -0.303141 0.065949 -0.950661 0.885752 0.387467 -0.255564
40.357610 -40.867864 -4281.356242 -2950.611387 -0.401063 0.898973 0.176057 -0.306082 0.049636 -0.950710 0.863402 0.435183 -0.255252
35.620906 -43.488735 -4037.216907 -1778.524020 -0.357808 0.908898 0.214190 -0.396289 0.059896 -0.916170 0.845535 0.412694 -0.338755
26.640924 -47.440820 -2721.574084 -1579.285293 -0.287430 0.933250 0.215475 -0.401786 0.086735 -0.911617 0.869455 0.348600 -0.350036
28.002869 -45.158469 -3076.240054 -2274.807695 -0.284337 0.943296 0.171304 -0.290524 0.085501 -0.953040 0.913645 0.320753 -0.249739
-2.762322 -74.876119 -138.795106 -6728.726813 0.602974 -0.784674 -0.143909 0.607455 0.334669 0.720413 -0.517127 -0.521808 0.678451
-0.681376 -68.575987 1305.824120 -7228.049897 -0.613357 0.780835 0.118702 0.534682 0.299898 0.790049 -0.581299 -0.548049 0.601443
-1.061408 -66.854102 367.233452 -6426.182866 -0.607911 0.781306 0.141437 0.529983 0.266638 0.804998 -0.591238 -0.564327 0.576171
-2.545063 -76.622589 154.916035 -7340.748810 0.591423 -0.787928 -0.171430 0.614443 0.302684 0.728589 -0.522187 -0.536238 0.663151
-1.606388 -67.770532 -208.939001 -5274.971631 -0.613479 0.775998 0.146527 0.512678 0.250224 0.821309 -0.600670 -0.578977 0.551345
-0.424907 -59.466247 90.518473 -759.010486 -0.622155 0.772633 0.126342 0.453610 0.224222 0.862533 -0.638092 -0.593939 0.489974
-24.883904 -389.038513 11439.894155 -144235.796184 0.594072 0.639394 0.488113 0.772581 -0.284511 -0.567602 -0.224047 0.714303 -0.663004
-63.148678 -532.506326 4959.210807 153466.870799 0.759282 0.567211 0.319003 -0.617020 0.471689 0.629917 -0.206826 0.675116 -0.708126
-25.186674 -245.023057 2421.891122 -74465.504222 0.638685 0.666219 0.385011 0.659650 -0.216453 -0.719729 -0.396160 0.713653 -0.577717
-33.487461 -652.622745 5578.836204 -222460.864148 0.695159 0.549292 0.463716 0.711833 -0.615946 -0.337497 0.100240 0.564702 -0.819184
-3.028852 -452.722925 12789.272368 -199009.672089 0.524981 0.668383 0.526933 0.798467 -0.172403 -0.576825 -0.294696 0.723561 -0.624190
-11.736254 -520.271126 9799.000020 -204865.999879 0.553440 0.633339 0.540912 0.824252 -0.323191 -0.464926 -0.119637 0.703156 -0.700898
-10.225444 -71.571566 1625.735910 14885.592802 0.334011 -0.934587 -0.122406 0.942537 0.330099 0.051564 -0.007785 -0.132595 0.991140
-9.560586 -49.779946 4927.265798 8797.892320 0.510723 -0.845400 -0.156396 0.855934 0.517085 0.000008 0.080864 -0.133869 0.987694
-6.590164 -58.023819 -496.451163 12877.404472 -0.464988 0.880713 0.090173 0.880253 0.470802 -0.059158 0.094555 -0.051867 0.994168
4.941067 -54.838237 -3773.697942 -2377.463837 -0.670315 0.735065 0.101774 0.733032 0.677235 -0.063375 0.115510 -0.032122 0.992787
-6.818829 -79.628812 -5401.732150 17391.109397 0.291777 -0.956027 -0.029631 0.956130 0.290683 0.036317 -0.026107 -0.038927 0.998901
-1.036532 -61.574901 3199.249361 9751.271885 -0.481495 0.875655 0.037291 0.870119 0.482689 -0.099523 0.105147 0.015472 0.994336
-0.995316 -57.125674 28.757009 -738.957055 -0.665300 0.730475 0.154215 0.311323 0.083701 0.946611 -0.678567 -0.677791 0.283100
-3.329362 -59.743013 -22.160920 848.441744 -0.661898 0.734034 0.151938 0.260226 0.034925 0.964916 -0.702974 -0.678214 0.214131
-2.138606 -62.530357 679.323910 -1716.413917 0.683422 -0.717933 -0.132311 -0.230700 -0.040443 -0.972184 -0.692612 -0.694936 0.193266
-6.541708 -65.874264 -912.904467 -5130.904519 -0.483978 0.874653 0.027334 -0.239826 -0.102535 -0.965386 0.841575 0.473781 -0.259389
-7.467537 -61.760149 -869.983681 -2755.626137 -0.487369 0.872110 0.043536 -0.195463 -0.060368 -0.978851 0.851038 0.485571 -0.199887
-5.793523 -62.234795 -779.529903 -4091.973758 -0.482269 0.875106 0.040065 -0.161224 -0.043710 -0.985949 0.861059 0.481953 -0.162168
-53.977400 -84.144478 1272.472975 4551.311269 0.044817 0.983701 -0.174137 0.949588 0.012192 0.313264 -0.310281 0.179398 0.933564
-43.503659 -76.278535 -1506.526570 4278.343168 0.348220 0.927798 -0.133915 0.905989 -0.296417 0.302192 -0.240679 0.226555 0.943794
-39.169776 -69.378219 492.083026 6227.157284 -0.541971 -0.825568 0.157178 0.829839 -0.496166 0.255317 -0.132795 0.268807 0.953996
66.892638 -113.976043 12613.505635 -371.478982 -0.614700 0.786012 -0.065801 0.440366 0.272780 -0.855376 0.654387 0.554776 0.513811
52.301687 -116.423035 -12102.464404 4747.881327 0.663738 -0.729784 0.163915 -0.532704 -0.307391 0.788503 0.525051 0.610677 0.592786
61.875116 -111.844313 -9920.704840 -10975.977181 0.641649 -0.751098 0.155368 0.661184 0.438992 -0.608377 0.388745 0.493091 0.778292
-5.785416 -132.480120 -1732.944727 -3042.275552 0.318646 0.361684 0.876156 0.717482 0.512009 -0.472299 -0.619423 0.779122 -0.096352
-0.615535 -139.294801 -1120.363139 -4159.573634 0.315214 0.340904 0.885677 0.818781 0.374169 -0.435426 -0.479831 0.862428 -0.161183
-2.145938 -132.012260 -1413.549132 -4799.235490 0.316468 0.351244 0.881178 0.630025 0.616626 -0.472060 -0.709166 0.704557 -0.026151
2.951534 -126.180538 -2483.364915 -4226.314563 0.299081 0.360650 0.883449 0.754268 0.477744 -0.450378 -0.584491 0.801057 -0.129143
-4.874688 -126.389659 -773.494348 -4387.731958 0.326225 0.341549 0.881431 0.532362 0.704134 -0.469879 -0.781132 0.622527 0.047878
8.420398 -145.069493 -3659.551187 16180.644091 -0.249118 -0.739844 -0.624957 0.779782 0.229466 -0.582482 0.574352 -0.632437 0.519753
0.398350 -120.124632 -703.342724 -15855.024916 -0.319152 -0.732845 -0.600899 0.933150 -0.132312 -0.334252 0.165449 -0.667406 0.726082
3.613391 -112.719811 3746.979101 -8657.678414 -0.294868 -0.704932 -0.645077 0.916746 -0.018301 -0.399050 0.269498 -0.709039 0.651640
5.478901 -139.930348 -3618.212598 -11394.103803 -0.286302 -0.741143 -0.607238 0.916956 -0.028129 -0.397996 0.277891 -0.670758 0.687649
-7.760926 -44.490512 -1259.213468 1632.830212 0.563339 0.808477 -0.170335 0.164995 -0.312088 -0.935616 0.809584 -0.498965 0.309206
-4.499825 -41.517986 -1044.137372 -1099.098318 0.557135 0.815547 -0.156475 0.193014 -0.310442 -0.930791 0.807680 -0.488374 0.330370
-4.250366 -43.715706 495.233100 5892.323034 0.544609 0.825097 -0.150387 0.061129 -0.217886 -0.974058 0.836459 -0.521288 0.169100
-7.959465 -49.971987 -1839.109554 -4230.126726 0.569258 0.804517 -0.169406 0.286334 -0.387152 -0.876428 0.770687 -0.450407 0.450749
-10.064660 -50.073713 -880.222209 -2539.931075 0.551633 0.801406 -0.231192 0.240861 -0.418426 -0.875732 0.798553 -0.427397 0.423845
10.437381 -35.164200 1140.803699 2866.223920 -0.311361 0.945160 0.098623 0.716476 0.165308 0.677743 -0.624273 -0.281684 0.728655
8.384935 -28.534778 1830.895165 2551.976910 -0.331431 0.941077 0.067285 0.746390 0.217907 0.628823 -0.577109 -0.258632 0.774632
6.442123 -74.663868 -996.614491 6248.793023 0.208403 0.945852 -0.248862 -0.734349 0.319387 0.598935 -0.645987 -0.057932 -0.761147
7.299260 -86.510706 94.621864 7451.549115 0.233938 0.943750 -0.233686 -0.783656 0.325295 0.529213 -0.575462 -0.059327 -0.815674
-8.770447 -88.154087 -5082.258527 2306.880256 0.108292 0.985785 0.128457 -0.927888 0.146605 -0.342827 0.356786 0.082069 -0.930574
-10.573599 -83.541693 -3974.905975 58.742191 0.101730 0.983595 0.148971 -0.969878 0.131379 -0.205127 0.221334 0.123616 -0.967332
-17.379099 -59.517588 -60.336005 -6111.210664 0.210508 0.976363 0.049008 0.962939 -0.198444 -0.182668 0.168625 -0.085645 0.981952
-16.147680 -66.382885 913.841091 -4057.244888 0.208446 0.977938 -0.013701 0.945653 -0.205100 -0.252337 0.249580 -0.039642 0.967542
-17.834105 -57.793523 495.573367 -1150.808217 0.230431 0.973089 -0.000075 0.959886 -0.227317 -0.164153 0.159753 -0.037754 0.986435
-3.724490 -104.623449 -902.421105 10193.480616 0.243083 0.460495 0.853730 -0.633896 0.741609 -0.219528 -0.734225 -0.487813 0.472178
36.484323 -44.414028 -350.335065 193.926839 -0.208213 0.945542 0.250196 0.128365 0.280006 -0.951377 0.969624 0.165973 0.179675
31.924308 -43.122104 1972.122835 -438.206436 -0.213641 0.953295 0.213509 0.019253 0.222621 -0.974715 0.976723 0.204128 0.065915
-0.796874 -231.295668 1700.758302 -3922.251955 0.390505 0.334470 0.857692 0.905237 0.029991 -0.423848 -0.167488 0.941929 -0.291063
-2.559127 -242.542039 2133.774187 26247.410593 0.374977 0.332809 0.865234 0.897227 -0.365062 -0.248422 0.233187 0.869464 -0.435495
-1.510172 -211.902763 1656.456968 11495.063630 0.383360 0.317259 0.867399 0.911572 -0.281038 -0.300091 0.148566 0.905740 -0.396943
-3.342370 -202.501161 1521.377926 17724.823212 0.374141 0.323734 0.869031 0.825687 -0.542919 -0.153231 0.422208 0.774878 -0.470431
-1.258080 -199.023532 1324.229216 365.534753 0.398773 0.328125 0.856338 0.915175 -0.082708 -0.394480 -0.058613 0.941007 -0.333273
-2.165875 -192.779282 -280.128579 9025.710849 0.394539 0.346086 0.851213 0.889647 -0.375673 -0.259612 0.229930 0.859706 -0.456112
5.215972 -154.566641 339.553001 2524.035533 0.317607 0.382649 0.867586 0.789466 -0.613518 -0.018417 0.525233 0.690779 -0.496946
3.874735 -136.903651 971.042151 2305.413237 0.287978 0.368609 0.883853 0.769292 -0.638704 0.015718 0.570314 0.675414 -0.467501
3.620132 -139.059222 800.204220 580.712082 0.315977 0.351062 0.881427 0.858168 -0.501940 -0.107722 0.404606 0.790450 -0.459872
-6.434539 -36.096093 3161.746872 208.698676 0.657207 -0.593075 -0.465125 0.750738 0.569849 0.334161 0.066868 -0.568800 0.819753
2.333666 -39.184226 5997.776632 -81.530364 0.590623 -0.625514 -0.509801 0.806920 0.452511 0.379625 -0.006770 -0.635583 0.772003
12.561652 -36.011124 7823.901726 470.069364 0.426339 -0.710904 -0.559331 0.904563 0.335659 0.262865 0.000873 -0.618020 0.786162
-66.114621 -800.627979 -4321.730244 -166033.043067 -0.264234 0.189556 0.945648 -0.582096 0.750433 -0.313074 -0.768990 -0.633182 -0.087950
-192.875311 -1045.007553 53590.650227 388786.511274 0.233496 -0.281087 -0.930844 0.921047 -0.242931 0.304396 -0.311692 -0.928426 0.202171
-325.608355 -1208.466602 58518.494310 364720.219043 0.328912 -0.349606 -0.877264 0.643242 -0.597195 0.479163 -0.691417 -0.721896 0.028457
-31.199304 -831.840869 11213.441571 361105.186767 0.247812 -0.101667 -0.963459 0.875435 -0.402469 0.267642 -0.414973 -0.909770 -0.010734
-74.050557 -1168.537054 429.344324 357548.523610 -0.245772 0.182813 0.951933 -0.076619 0.975318 -0.207085 -0.966295 -0.123832 -0.225699
-51.601569 -1084.703285 -6395.692700 391935.587157 -0.269172 0.203448 0.941358 -0.053198 0.972800 -0.225454 -0.961622 -0.110764 -0.251028
-27.664624 -605.188005 -9273.798875 -82205.131950 -0.310641 0.081046 0.947066 -0.553823 0.794333 -0.249632 -0.772517 -0.602052 -0.201867
-17.436935 -46.318100 -5564.938529 -177.228588 0.597197 -0.763529 0.245723 0.794173 0.519919 -0.314599 0.112449 0.383024 0.916868
-7.797227 -45.250266 -7116.683255 -231.656872 0.592215 -0.758974 0.270627 0.805773 0.559153 -0.195133 -0.003221 0.333625 0.942700
9.116752 -44.993282 -7919.835073 -814.226802 0.567600 -0.779922 0.263728 0.823229 0.533302 -0.194637 0.011155 0.327584 0.944756
-2.272518 -179.011181 660.755018 16161.381982 -0.315577 -0.400446 -0.860264 0.879889 -0.462907 -0.107297 -0.355256 -0.790797 0.498431
-1.480288 -181.301814 1271.763438 17846.375513 -0.322856 -0.405192 -0.855327 0.938789 -0.251843 -0.235055 -0.120166 -0.878860 0.461698
-9.646186 -192.696101 2488.855981 9541.918319 -0.359504 -0.363066 -0.859616 0.815484 -0.570023 -0.100294 -0.453588 -0.737059 0.501000
-25.161605 -43.842236 1112.931595 1908.126144 0.279839 0.625601 -0.728226 -0.135120 0.776646 0.615275 0.950491 -0.073780 0.301867
-22.707033 -39.736521 1960.850047 -2241.409898 0.225495 0.741104 -0.632390 0.260772 -0.671337 -0.693761 0.938696 0.008470 0.344642
-21.067955 -36.295289 2154.613626 -1774.393083 0.201294 0.811166 -0.549081 0.363628 -0.582381 -0.727054 0.909536 0.053309 0.412193
-0.163256 -46.870939 4004.161580 1150.939895 0.500026 0.858161 -0.116336 0.162277 -0.224804 -0.960796 0.850670 -0.461544 0.251668
0.126080 -50.897906 1674.875451 1335.154263 0.505048 0.854260 -0.123151 0.274744 -0.294388 -0.915342 0.818195 -0.428456 0.383383
1.488311 -47.726223 19.913035 967.223146 0.515044 0.849592 -0.113679 0.204929 -0.250825 -0.946093 0.832306 -0.463983 0.303292
1.556384 -44.759615 824.220382 1444.196746 0.518023 0.845914 -0.126814 0.082550 -0.197006 -0.976921 0.851374 -0.495599 0.171884
