19913
39819
-35.329103 -58.966227 -1104.946906 6629.177065 0.536162 0.841880 -0.061389 0.668869 -0.468089 -0.577501 0.514922 -0.268573 0.814079
-38.836671 -65.880006 -857.282095 6614.446847 0.479284 0.874972 -0.068634 0.745641 -0.447191 -0.494004 0.462933 -0.185592 0.866746
-45.766704 -73.627740 1508.148466 7303.483941 0.294793 0.948327 0.117358 0.862438 -0.211166 -0.460011 0.411459 -0.236822 0.880123
-33.396906 -53.487086 -730.187908 4961.061936 0.637217 0.726022 -0.258546 0.521268 -0.653117 -0.549289 0.567657 -0.215245 0.794629
-40.982293 -66.344990 -1748.765016 11726.795047 0.249771 0.943204 0.219046 0.820779 -0.086206 -0.564704 0.513748 -0.320835 0.795694
-30.376418 -46.953617 -939.235023 4719.924244 0.654771 0.731565 -0.189966 0.484990 -0.599428 -0.636766 0.579707 -0.324805 0.747290
243.869910 -115.435249 -58317.529055 3435.611441 -0.394647 0.803027 0.446544 0.542296 0.595883 -0.592316 0.741733 -0.008403 0.670642
228.466733 -110.966433 -46288.056075 260.028571 -0.331157 0.832422 0.444307 0.426820 0.552098 -0.716249 0.841522 0.047552 0.538126
221.170024 -114.292669 -62988.045887 9402.360549 -0.126807 0.798629 0.588312 0.490703 0.565949 -0.662505 0.862050 -0.204676 0.463656
207.353752 -115.721863 8096.260754 -5309.951345 -0.621480 0.758282 0.196905 0.498904 0.576850 -0.646791 0.604035 0.303731 0.736811
196.749454 -115.623614 -55454.261357 6214.565958 -0.197650 0.766894 0.610580 0.640191 0.572677 -0.512051 0.742354 -0.289681 0.604148
196.339039 -104.931376 20411.108602 1230.670038 -0.683635 0.728808 0.038489 0.610546 0.600004 -0.516942 0.399845 0.329900 0.855155
208.602524 -107.861675 -50534.326910 1703.514514 -0.449141 0.778513 0.438396 0.680904 0.615943 -0.396212 0.578483 -0.120550 0.806737
2.585598 -27.166546 -4639.623965 631.532645 0.717210 0.645650 -0.262195 0.220517 -0.567198 -0.793510 0.661046 -0.511295 0.549177
6.842591 -31.418365 2620.745353 -696.720740 0.669923 0.698982 -0.250256 0.254948 -0.533165 -0.806682 0.697284 -0.476613 0.535383
8.493350 -20.652647 -2167.085198 -4560.740361 0.721063 0.531515 -0.444476 -0.010693 0.649961 0.759892 0.692787 -0.543178 0.474347
6.492352 -33.033917 445.015655 -2563.101451 0.649730 0.746002 -0.146057 0.372333 -0.479825 -0.794441 0.662736 -0.461790 0.589517
0.920688 -28.962347 -5416.557914 -1876.639487 0.709770 0.674646 -0.202681 0.302333 -0.551617 -0.777376 0.636255 -0.490481 0.595489
3.214627 -27.606534 72.561530 -1797.708684 0.474963 0.853842 0.212987 0.543365 -0.474931 0.692239 -0.692217 0.213059 0.689523
0.661581 -24.612085 64.554210 -950.108421 0.420888 0.896851 0.136054 0.549004 -0.371247 0.748846 -0.722113 0.240486 0.648629
2.626377 -28.867047 356.532767 -1746.452282 0.442225 0.884067 0.151205 0.573593 -0.408370 0.710088 -0.689513 0.227289 0.687686
5.692421 -34.854000 350.341555 -2678.795629 0.471128 0.861293 0.190298 0.599141 -0.470812 0.647585 -0.647355 0.191080 0.737848
6.389816 -31.853505 263.423685 -2821.883210 0.511969 0.816402 0.267161 0.544945 -0.549098 0.633661 -0.664020 0.178827 0.726015
4.312863 -25.972472 121.275594 -1775.373062 0.523961 0.799393 0.294000 0.494227 -0.566467 0.659435 -0.693689 0.200215 0.691889
-11.322936 -37.595947 -1803.833368 -1242.468702 0.039362 -0.135284 -0.990025 -0.362324 0.921430 -0.140316 0.931221 0.364233 -0.012747
-5.363579 -36.432144 -1293.425978 -355.189256 0.032169 -0.137739 -0.989946 -0.293921 0.945360 -0.141086 0.955288 0.295505 -0.010073
-11.745873 -36.582629 -402.495797 -841.840936 0.093651 -0.352423 -0.931143 -0.318146 0.875624 -0.363408 0.943405 0.330273 -0.030118
-8.002718 -40.841395 -2240.766496 -1297.101620 -0.022422 0.042456 -0.998847 -0.389311 0.919863 0.047838 0.920833 0.389935 -0.004096
-16.495901 -38.235982 -960.540230 -1397.999027 0.077321 -0.286016 -0.955100 -0.394606 0.870962 -0.292765 0.915591 0.399525 -0.045520
-16.799323 -40.012649 -2510.374944 -1174.834649 -0.004456 -0.027353 -0.999616 -0.455274 0.890071 -0.022326 0.890340 0.455000 -0.016420
40.565511 -15.273322 14733.559259 6679.815821 -0.413852 0.437450 0.798351 0.670264 -0.447012 0.592390 0.616014 0.780268 -0.108210
20.037245 -1.547609 11971.990855 3826.489056 -0.473275 0.451665 0.756313 0.643765 -0.408717 0.646929 0.601313 0.793063 -0.097330
12.409599 -7.761812 7721.726471 6098.218908 -0.175677 0.193342 0.965275 0.775124 -0.577309 0.256704 0.606894 0.793305 -0.048444
24.383057 -29.331217 12734.710769 9244.284582 -0.296758 0.279280 0.913202 0.769829 -0.495886 0.401821 0.565064 0.822253 -0.067840
64.283191 -40.305533 16759.891558 9835.623453 -0.307756 0.422086 0.852719 0.745119 -0.450404 0.491867 0.591679 0.786752 -0.175890
39.977973 -34.311905 -13348.639807 2469.170355 0.242631 0.855177 0.458042 -0.081723 0.488489 -0.868734 0.966670 -0.173349 -0.188410
48.807466 -29.161104 -13798.067788 3460.267272 0.186316 0.877943 0.441024 -0.147665 0.468808 -0.870870 0.971330 -0.097134 -0.216988
27.987177 -29.934099 -12325.463249 2868.708689 0.266448 0.833517 0.483998 -0.136550 0.529730 -0.837102 0.954128 -0.156954 -0.254963
10.858583 -32.847381 -9427.100047 2429.372118 0.269796 0.830185 0.487856 -0.121741 0.531986 -0.837956 0.955191 -0.166685 -0.244595
10.365040 -26.321027 -6762.051784 2297.813220 0.270962 0.788483 0.552154 -0.178871 0.604866 -0.775978 0.945825 -0.111496 -0.304933
-4.023241 -73.692788 201.619233 -9543.963085 0.369129 0.916485 -0.154268 0.553399 -0.083394 0.828731 -0.746655 0.391281 0.537965
-2.777023 -67.800566 5.400157 814.008937 0.370292 0.919229 -0.133797 0.693298 -0.177623 0.698418 -0.618240 0.351380 0.703073
-3.469974 -72.447670 -1190.334768 -10931.958292 0.371372 0.917250 -0.144001 0.560106 -0.097624 0.822649 -0.740517 0.386164 0.550011
-3.563123 -72.064070 56.678461 -1248.753007 0.363796 0.917542 -0.160527 0.523912 -0.059064 0.849722 -0.770174 0.393228 0.502198
-3.640689 -71.013044 -478.399335 -1670.280703 0.368898 0.915928 -0.158086 0.524980 -0.064970 0.848631 -0.767014 0.396050 0.504810
-3.161067 -71.777660 -1636.515793 -9952.302926 0.385733 0.913157 -0.131737 0.563140 -0.119926 0.817613 -0.730811 0.389566 0.560494
-5.160368 -64.634457 -1642.083824 1858.759852 0.639853 0.690066 -0.338226 -0.425486 -0.048396 -0.903670 0.639961 -0.722126 -0.262647
-2.652599 -62.738589 -1200.034853 857.814939 0.646431 0.695168 -0.314433 -0.469760 0.037895 -0.881980 0.601209 -0.717848 -0.351059
-4.290613 -65.314208 -1067.155262 1112.929982 0.631594 0.697749 -0.337988 -0.523590 0.062362 -0.849685 0.571789 -0.713622 -0.404722
-2.155643 -101.003396 -836.372106 -9079.167590 0.149994 0.979092 0.137404 0.851446 -0.057281 -0.521304 0.502534 -0.195184 0.842237
-0.638385 -91.520681 -3181.201299 -10736.498065 0.157897 0.971161 0.178646 0.898215 -0.066099 -0.434559 0.410218 -0.229078 0.882748
3.883251 -103.349451 -2986.256983 -8104.081304 0.147487 0.972111 0.182340 0.796783 -0.007552 -0.604218 0.585990 -0.234400 0.775675
2.167639 -104.127849 -1431.438968 -2845.248347 0.151668 0.978587 0.139158 0.736392 -0.017957 -0.676317 0.659336 -0.205050 0.723347
7.047049 -105.722347 -1851.713185 3123.246607 0.123791 0.975798 0.180260 0.600205 0.071030 -0.796686 0.790209 -0.206816 0.576886
-9.420384 -83.169369 -3783.564659 -2697.760518 0.267898 0.963320 -0.015671 -0.947537 0.260495 -0.185246 0.174369 -0.064476 -0.982567
-14.073651 -80.379273 -2731.564272 -984.475054 0.281379 0.959564 0.007955 -0.931253 0.275058 -0.238981 0.231505 -0.059836 -0.970992
-8.974475 -81.363940 -3271.649559 1594.440450 0.286148 0.958179 -0.003577 -0.908613 0.270157 -0.318493 0.304207 -0.094386 -0.947918
-3.003390 -38.004830 14374.252862 -3965.867382 0.695906 0.598973 -0.396165 0.139142 0.428744 0.892647 -0.704524 0.676321 -0.215023
-6.476275 -40.920583 16122.671885 -1613.656107 0.663041 0.603229 -0.443273 0.129995 0.490370 0.861765 -0.737210 0.629008 -0.246719
-29.919559 -42.896440 1854.920630 -6084.852622 0.628462 0.709437 -0.318960 0.062445 0.362718 0.929804 -0.775330 0.604264 -0.183654
-22.044773 -40.958130 5311.984421 706.380830 0.669630 0.711435 -0.213202 0.099737 0.198326 0.975048 -0.735967 0.674186 -0.061849
16.862090 -22.688501 -12734.303738 -6330.587686 0.839004 -0.538910 -0.075161 0.102622 0.021066 0.994497 0.534361 0.842100 -0.072978
4.347793 -22.359833 -4121.508072 5524.245029 0.752722 -0.415036 0.511032 -0.364628 0.383481 0.848522 0.548138 0.825038 -0.137321
9.295974 -10.261474 -6961.491127 -2870.473728 0.841321 -0.532018 0.095580 -0.020504 0.145288 0.989177 0.540146 0.834175 -0.111326
6.068481 -14.373716 -3379.635552 9281.513700 0.665014 -0.334386 0.667789 -0.504684 0.457890 0.731868 0.550501 0.823725 -0.135743
4.046336 -29.203956 565.945101 3029.403488 0.650864 0.451937 0.610024 -0.169292 0.869680 -0.463678 -0.740078 0.198519 0.642553
9.682756 -37.637208 3206.943240 2915.976692 0.644522 0.525981 0.554919 -0.291057 0.839918 -0.458064 -0.707020 0.133719 0.694437
9.955676 -34.754542 4018.042485 1957.997642 0.663054 0.443960 0.602710 -0.182119 0.876626 -0.445376 -0.726080 0.185543 0.662104
7.880944 -28.376891 1511.072171 1423.127949 0.663685 0.299600 0.685392 -0.012980 0.920760 -0.389914 -0.747900 0.249884 0.614983
14.572695 -36.784319 4793.843184 697.571765 0.665568 0.381621 0.641392 -0.118805 0.902603 -0.413755 -0.736820 0.199182 0.646083
0.016622 -50.196068 -970.128991 -2642.840012 0.324155 0.908505 -0.263710 -0.064678 0.299394 0.951935 -0.943790 0.291518 -0.155810
0.276020 -50.442883 121.487556 -6684.050988 0.342321 0.896231 -0.282111 -0.170673 0.354568 0.919322 -0.923952 0.266554 -0.274338
-0.302678 -49.650033 53.629314 -4089.370629 0.328923 0.906618 -0.264297 -0.170309 0.332230 0.927695 -0.928873 0.260128 -0.263683
-0.329714 -48.991447 -477.840262 -1965.733363 0.340022 0.896055 -0.285431 -0.037162 0.316081 0.948004 -0.939683 0.311735 -0.140773
-0.288386 -51.981494 -215.568887 -1367.319236 0.324580 0.914576 -0.241242 -0.027598 0.264099 0.964101 -0.945455 0.306270 -0.110962
-0.485292 -55.430614 -146.469486 3351.648099 0.330669 0.912898 -0.239324 0.068974 0.229534 0.970854 -0.941223 0.337538 -0.012933
-15.431934 -85.301873 -370.529498 2865.631771 0.232772 0.951351 0.201861 -0.501316 0.295236 -0.813337 0.833366 -0.088126 -0.545651
-17.172814 -84.385554 774.691467 1260.386461 0.202110 0.953466 0.223729 -0.568869 0.300247 -0.765663 0.797208 -0.027475 -0.603080
-17.048301 -87.209703 890.188435 2954.327039 0.194442 0.957145 0.214628 -0.438252 0.280519 -0.853958 0.877569 -0.071984 -0.474015
-14.181939 -51.507756 -1973.357108 -6996.015723 0.578609 0.787209 -0.213341 0.610675 -0.591532 -0.526467 0.540637 -0.174336 0.822994
-16.315732 -47.657817 -3845.359498 -617.481567 0.522603 0.834655 -0.173890 0.682558 -0.531808 -0.501293 0.510883 -0.143288 0.847625
-15.759729 -51.798575 1009.484372 -398.225476 0.513459 0.839868 -0.176017 0.678820 -0.523021 -0.515416 0.524942 -0.145161 0.838668
-13.422576 -53.689917 1506.779218 -6691.964732 0.578297 0.786774 -0.215775 0.599589 -0.589237 -0.541565 0.553232 -0.183809 0.812495
-14.768462 -54.418862 3765.149267 -347.405166 0.515563 0.837887 -0.179278 0.668509 -0.524216 -0.527535 0.535995 -0.152129 0.830401
-15.888942 -51.805432 2483.581129 6545.779331 0.461024 0.874681 -0.149629 0.732319 -0.470243 -0.492524 0.501164 -0.117489 0.857339
-7.015876 -215.285799 948.614961 376.686401 -0.575601 -0.182071 -0.797204 0.813263 -0.025692 -0.581329 0.085362 -0.982950 0.162860
-8.314228 -206.027967 1693.236976 14076.896070 -0.567291 -0.162477 -0.807330 0.769704 0.243957 -0.589949 0.292808 -0.956078 -0.013335
-11.082927 -234.814497 -1192.838475 15299.498853 -0.553099 -0.220750 -0.803337 0.799147 0.131956 -0.586475 0.235470 -0.966363 0.103427
-8.929021 -248.216955 -1057.862737 -22416.660929 -0.558478 -0.212381 -0.801870 0.823405 -0.259087 -0.504855 -0.100533 -0.942214 0.319570
-4.747395 -228.085213 923.523335 -17525.091401 -0.591437 -0.179130 -0.786203 0.796067 -0.284938 -0.533936 -0.128375 -0.941660 0.311122
-3.403339 -135.743566 -298.535104 -1435.484065 -0.345631 -0.048313 -0.937126 0.700398 0.651335 -0.291900 0.624485 -0.757251 -0.191284
-3.135918 -139.131180 -893.247334 3326.200756 -0.322806 -0.040031 -0.945618 0.592160 0.770860 -0.234778 0.738338 -0.635745 -0.225134
-0.901742 -141.329771 -147.737238 -3292.887986 -0.338586 -0.044652 -0.939875 0.780385 0.544742 -0.307011 0.525698 -0.837414 -0.149596
0.150962 -141.152489 -664.793741 -3131.593551 -0.319271 -0.026855 -0.947283 0.704358 0.662012 -0.256164 0.633992 -0.749012 -0.192445
51.053790 -26.169750 3155.956865 -5544.352362 -0.505673 -0.728576 -0.462031 0.849055 -0.325318 -0.416261 0.152971 -0.602782 0.783106
51.337634 -27.395341 -236.884847 -5364.780351 -0.464214 -0.787998 -0.404432 0.860404 -0.292793 -0.417107 0.210265 -0.541601 0.813915
46.818942 -40.551989 3793.850004 -8198.660366 -0.453641 -0.719469 -0.525903 0.873230 -0.240998 -0.423543 0.177985 -0.651371 0.737589
51.955537 -19.475123 -839.567543 -1621.455369 -0.494116 -0.787783 -0.367760 0.844082 -0.333363 -0.419993 0.208266 -0.517945 0.829674
42.780930 -30.410528 5841.534846 -6945.478884 -0.519393 -0.662286 -0.540007 0.849488 -0.331578 -0.410398 0.092746 -0.671887 0.734823
49.464860 -20.581702 3162.618811 -2274.878272 -0.529814 -0.722318 -0.444471 0.836308 -0.357809 -0.415406 0.141020 -0.591802 0.793652
-0.868715 -116.345819 -596.263121 597.849109 0.554686 -0.199433 0.807806 0.824320 0.263828 -0.500891 -0.113228 0.943727 0.310738
-1.934849 -113.717510 -1181.161833 56.702678 0.548507 -0.194658 0.813172 0.836030 0.111456 -0.537245 0.013946 0.974518 0.223874
-1.618158 -115.510435 -1605.747093 168.742249 0.560935 -0.179954 0.808065 0.821584 0.240969 -0.516656 -0.101744 0.953704 0.283015
10.130177 -359.470402 -6523.176876 -87070.246309 -0.452810 -0.270291 -0.849651 0.801373 -0.541117 -0.254940 -0.390852 -0.796326 0.461627
14.566568 -437.601168 -4586.328682 -97879.714639 -0.458203 -0.247046 -0.853826 0.886454 -0.197464 -0.418578 -0.065191 -0.948671 0.309474
29.347789 -365.894637 -8984.603636 -89820.979327 -0.445572 -0.247742 -0.860285 0.866427 -0.361194 -0.344737 -0.225323 -0.898979 0.375588
-216.842060 -2746.968065 -57386.529621 708306.770616 -0.115811 0.132613 0.984379 -0.262163 0.951823 -0.159070 -0.958049 -0.276489 -0.075466
305.257729 -4940.630049 167555.431401 3224007.206605 0.187290 0.040612 -0.981465 0.943627 -0.285047 0.168274 -0.272929 -0.957653 -0.091709
-201.633859 -1745.078216 102542.019069 -560171.544565 0.158629 0.038411 -0.986591 0.955466 -0.257813 0.143587 -0.248840 -0.965431 -0.077597
-314.213194 -2406.522318 -61519.740729 942701.957020 -0.094456 0.203423 0.974524 -0.303156 0.926532 -0.222788 -0.948248 -0.316476 -0.025848
-10.483220 -48.358140 3306.354596 1112.061855 0.800853 0.064600 0.595366 -0.322289 0.884410 0.337562 -0.504741 -0.462218 0.729103
-9.579258 -44.343755 3073.384994 4727.161137 0.819140 0.020569 0.573225 -0.227754 0.928863 0.292132 -0.526439 -0.369851 0.765554
-15.729361 -43.903761 3751.029036 4639.082722 0.787485 0.092520 0.609351 -0.300179 0.921058 0.248084 -0.538295 -0.378276 0.753091
-5.248351 -46.826651 1900.223144 55.731501 0.823495 0.000586 0.567324 0.281417 -0.868719 -0.407592 -0.492606 -0.495304 0.715551
-8.071339 -45.662575 2678.703062 3970.735538 0.813646 0.030430 0.580564 0.349488 -0.823639 -0.446627 -0.464584 -0.566297 0.680786
-18.639485 -84.792657 4808.800885 -371.833047 0.543191 -0.186607 0.818609 0.641109 0.721748 -0.260883 -0.542147 0.666527 0.511682
-17.217282 -97.424840 6175.553007 -2605.396815 0.553258 -0.201509 0.808270 0.693387 0.649137 -0.312785 -0.461649 0.733495 0.498864
-29.497859 -86.293006 5203.272476 -4831.761621 0.528595 -0.151641 0.835220 0.620585 0.740362 -0.258337 -0.579191 0.654881 0.485458
-8.617530 -30.972370 -3549.729074 1210.346545 -0.306377 0.951031 0.040909 0.631862 0.235322 -0.738495 0.711958 0.200408 0.673017
-9.637864 -33.015149 -3421.156619 1355.067813 -0.326339 0.944073 0.047216 0.650458 0.260527 -0.713463 0.685862 0.202118 0.699100
-3.810896 -33.410658 -3974.919713 1091.538851 -0.254150 0.967045 -0.015238 0.717657 0.177999 -0.673264 0.648364 0.182046 0.739245
-0.423845 -16.649866 -186.390649 2298.541202 -0.682546 0.729809 -0.038845 -0.014769 -0.066914 -0.997649 0.730693 0.680368 -0.056450
-0.001130 -21.508001 -612.087691 2642.536161 -0.683069 0.729707 -0.030721 0.002663 -0.039574 -0.999213 0.730349 0.682613 -0.025088
0.190035 -21.973762 -122.367294 2218.954399 -0.683423 0.724021 -0.093416 0.057675 -0.074014 -0.995588 0.727740 0.685796 -0.008825
-1.689739 -15.927083 -911.595545 2457.651842 -0.678741 0.732731 0.049151 -0.081594 -0.008729 -0.996627 0.729831 0.680462 -0.065711
-1.529952 -12.105938 -677.699032 2156.953140 -0.676851 0.735209 0.036618 -0.087318 -0.030794 -0.995704 0.730923 0.677140 -0.085040
98.559279 -301.517016 -111908.912320 126165.659003 0.788570 -0.606483 -0.101662 -0.139432 -0.015326 -0.990113 -0.598929 -0.794949 0.096649
-33.659486 -523.881960 -90028.645402 259731.524053 0.844516 -0.503179 -0.183314 -0.193189 0.033007 -0.980606 -0.499471 -0.863552 0.069334
1157.064162 -19157.567754 -250322.010181 -15014795.535248 0.244686 -0.179181 0.952902 0.098475 0.982287 0.159420 -0.964589 0.054830 0.257997
115.504098 -404.511792 43413.635340 131215.685961 0.969077 0.244533 0.033062 0.052964 -0.075267 -0.995756 0.241007 -0.966715 0.085891
-347.662717 -1081.965499 -12905.000877 -46012.153149 0.710511 -0.567444 -0.416151 -0.685475 -0.424451 -0.591578 -0.159052 -0.705584 0.690546
165.979579 -462.148278 -43284.444878 171915.984503 0.944122 -0.329567 -0.004328 -0.049438 -0.128618 -0.990461 -0.325866 -0.935330 0.137724
4.609181 -102.881119 -2666.415425 17550.330911 -0.017307 -0.366663 0.930193 0.809584 -0.551092 -0.202166 0.586749 0.749570 0.306382
-1.251841 -171.684253 -5246.025182 52291.011666 -0.196754 -0.281323 0.939226 0.871160 -0.489692 0.035820 0.449854 0.825263 0.341426
-3.858863 -83.662647 -581.146465 18125.791063 -0.018586 -0.394670 0.918635 0.863923 -0.468831 -0.183943 0.503282 0.790210 0.349678
8.397522 -63.960722 -273.581455 1554.264251 0.226151 -0.460623 0.858302 0.789276 -0.429744 -0.438593 0.570876 0.776625 0.266372
-61.689082 -79.672078 -5154.939425 -18516.455828 0.068479 -0.515854 0.853935 -0.430432 0.756904 0.491756 -0.900022 -0.401236 -0.170208
-50.104705 -91.671939 -947.020870 -15444.709944 -0.183482 0.793120 -0.580771 -0.192763 0.550303 0.812410 -0.963938 -0.261014 -0.051914
-51.876589 -64.900927 -768.004873 -21710.720449 -0.096498 0.682541 -0.724449 -0.385677 0.645342 0.659384 -0.917574 -0.343032 -0.200966
-18.451542 -60.067602 -23014.632217 5817.357013 -0.424776 0.332549 0.842008 -0.229622 0.860096 -0.455532 -0.875694 -0.386843 -0.288987
30.311261 -87.386767 -19524.462451 -1212.448399 0.482808 0.818377 -0.311698 0.875268 -0.462461 0.141546 -0.028310 -0.341159 -0.939579
-5.418021 -76.398396 -15816.630989 -2199.737565 0.444209 0.823737 -0.352328 0.883789 -0.467390 0.021516 -0.146951 -0.320941 -0.935629
-11.029381 -79.784646 -17702.738595 1824.825177 0.565626 0.756059 -0.329305 0.821911 -0.484255 0.299931 0.067298 -0.440308 -0.895321
14.973126 -46.881681 -9101.660720 -970.035115 -0.508147 0.828810 0.234222 -0.666445 -0.550645 0.502635 -0.545562 -0.099316 -0.832165
24.588479 -45.222469 -7929.534835 15.360952 -0.485891 0.830482 0.272414 -0.648406 -0.551506 0.524796 -0.586072 -0.078359 -0.806461
13.686324 -46.396608 -8490.576276 1319.812416 -0.506419 0.828776 0.238055 -0.598264 -0.536520 0.595169 -0.620983 -0.158985 -0.767531
46.817738 -67.977900 1810.223795 -16434.731521 -0.497610 0.821322 -0.278950 0.040579 0.343284 0.938355 -0.866451 -0.455615 0.204151
42.718163 -40.533649 -2371.500403 -3310.053973 -0.588333 0.739320 -0.327520 -0.021038 0.390904 0.920191 -0.808345 -0.548269 0.214428
50.048696 -40.523835 222.449351 -10042.787633 -0.467284 0.795257 -0.386279 -0.087337 0.393256 0.915272 -0.879783 -0.461428 0.114307
48.347589 -67.850884 2564.629116 -18569.053776 -0.425875 0.851189 -0.306769 0.010962 0.343882 0.938949 -0.904716 -0.396512 0.155781
45.749581 -89.004346 1398.732822 -17193.258857 -0.450123 0.854583 -0.258992 0.160600 0.362781 0.917931 -0.878406 -0.371588 0.300542
41.193138 -95.319369 -1399.004770 -19302.758542 -0.545391 0.813366 -0.202447 0.220711 0.372368 0.901459 -0.808601 -0.446966 0.382605
22.258310 -45.980318 4790.691319 -976.808983 -0.255206 0.966209 -0.036207 -0.171866 -0.082182 -0.981686 0.951489 0.244310 -0.187031
16.195707 -47.766534 2916.785822 -1563.028226 -0.299082 0.940509 -0.161222 -0.120317 -0.204776 -0.971386 0.946612 0.271127 -0.174404
11.813105 -47.818094 999.545155 5478.762122 -0.298339 0.932473 -0.203685 -0.258723 -0.284421 -0.923129 0.918725 0.222707 -0.326106
12.731714 -50.167229 -1628.421291 1334.181940 -0.319337 0.902928 -0.287654 -0.179848 -0.355776 -0.917103 0.930419 0.241131 -0.276002
9.703786 -55.243411 -916.848227 -1073.468912 -0.321568 0.913980 -0.247457 -0.289544 -0.343732 -0.893315 0.901531 0.215612 -0.375170
7.655583 -56.683560 249.039402 -1692.609285 -0.295143 0.935502 -0.194234 -0.320165 -0.288371 -0.902406 0.900214 0.204152 -0.384626
25.760474 -32.071449 10202.070776 884.302920 -0.209850 0.826943 0.521659 0.360241 -0.430611 0.827527 -0.908950 -0.361580 0.207535
42.685339 -29.940563 9281.119621 -134.130413 -0.248365 0.740700 0.624242 0.339823 -0.536852 0.772211 -0.907103 -0.403922 0.118372
21.294247 -30.358392 9342.987113 -1805.384035 -0.226730 0.808457 0.543130 0.255091 -0.488893 0.834213 -0.939958 -0.327689 0.095383
52.463559 -34.593493 11134.365281 3415.848705 -0.239225 0.724745 0.646155 0.429520 -0.517834 0.739838 -0.870795 -0.454524 0.187414
7.049785 -32.160637 7671.928536 -1818.264198 -0.232071 0.855905 0.462136 0.241442 -0.409551 0.879758 -0.942257 -0.315745 0.111607
1.613132 -31.528617 4650.556223 -1717.065421 -0.270989 0.900452 0.340222 0.213414 -0.288448 0.933409 -0.938626 -0.325552 0.114002
7.304479 -32.654792 5201.061464 1503.114991 -0.270083 0.899084 0.344532 0.325335 -0.251568 0.911521 -0.906208 -0.358274 0.224559
15.669865 -34.644942 10931.407105 4939.815765 -0.215853 0.893410 0.393987 0.405950 -0.284862 0.868365 -0.888038 -0.347378 0.301192
54.411331 -38.379361 10364.850108 -432.533681 -0.240828 0.751774 0.613871 0.463460 -0.466643 0.753292 -0.852764 -0.465919 0.236037
35.752332 -37.627564 12454.481761 -651.750133 -0.208656 0.854087 0.476444 0.438175 -0.353893 0.826294 -0.874337 -0.381177 0.300398
6.494705 -57.913151 -2040.109326 -5199.227465 -0.303274 0.929513 -0.209836 -0.346413 -0.312684 -0.884436 0.887707 0.195537 -0.416824
8.091457 -57.998330 -1603.842914 -4301.881083 -0.337034 0.907313 -0.251379 -0.342453 -0.366852 -0.864954 0.877003 0.205434 -0.434354
3.688353 -72.153714 -1664.715156 4217.403651 -0.449545 0.876141 -0.174028 -0.876572 -0.470175 -0.102749 0.171846 -0.106358 -0.979366
7.288514 -77.558629 -2132.348736 6419.943077 -0.434931 0.884271 -0.170000 -0.881744 -0.456526 -0.118793 0.182655 -0.098230 -0.978258
6.208763 -62.925545 -3566.222373 -3588.501683 -0.470660 0.861893 -0.188731 0.876307 0.481556 0.013816 0.102792 -0.158884 -0.981932
-0.916756 -120.996235 6774.848429 -762.201129 -0.497764 0.866866 -0.027829 -0.385413 -0.192336 0.902477 -0.776973 -0.459946 -0.429839
-0.324267 -111.718767 1947.424937 2960.322263 -0.544726 0.836557 -0.058701 -0.289313 -0.121764 0.949458 -0.787128 -0.534178 -0.308355
1.453965 -108.973416 4212.378917 9438.099242 -0.519019 0.852289 -0.064979 -0.132388 -0.005052 0.991185 -0.844448 -0.523047 -0.115455
-0.289377 -116.619477 2534.240356 -7029.464637 -0.544764 0.836156 -0.063842 -0.471537 -0.242476 0.847855 -0.693459 -0.491985 -0.526370
0.580379 -108.385004 2197.203533 7316.634465 -0.534379 0.842353 -0.069862 -0.146643 -0.010993 0.989128 -0.832427 -0.538814 -0.129399
-1.330422 -120.850014 -2106.655860 1567.833320 -0.563563 0.823259 -0.068133 -0.375052 -0.181509 0.909060 -0.736025 -0.537866 -0.411056
-0.700936 -119.653278 -1330.836587 -2899.454942 -0.548035 0.832632 -0.079890 -0.570965 -0.302581 0.763180 -0.611275 -0.463863 -0.641229
-2.762138 -123.640651 3322.196466 -6108.540267 -0.523510 0.850020 -0.058343 -0.572412 -0.300163 0.763051 -0.631095 -0.432861 -0.643700
-1.025809 -124.605815 -854.746656 -2086.103239 -0.307012 0.941145 -0.141384 -0.412278 -0.265417 -0.871540 0.857771 0.209284 -0.469499
-0.208198 -127.753304 1756.057860 32.840814 -0.357533 0.923422 -0.139508 -0.395928 -0.285169 -0.872880 0.845820 0.256848 -0.467566
-2.281270 -122.420183 1028.592664 4331.205467 -0.348477 0.923903 -0.158009 -0.600019 -0.349393 -0.719654 0.720097 0.155975 -0.676115
-2.962198 -122.747405 67.481912 2909.473115 -0.338305 0.927067 -0.161542 -0.652204 -0.354736 -0.669920 0.678366 0.121279 -0.724646
-1.301370 -116.018528 -1356.272136 623.403126 -0.304374 0.941950 -0.141726 -0.509989 -0.286810 -0.810957 0.804530 0.174556 -0.567681
-0.632236 -113.061466 -2093.716884 -5097.157494 -0.285921 0.952434 -0.105446 -0.307219 -0.195342 -0.931374 0.907670 0.233904 -0.348458
25.277276 -71.620075 -16903.152193 13961.325505 -0.401684 0.862946 0.306554 0.123432 0.382709 -0.915586 0.907422 0.329938 0.260243
29.984321 -84.077182 -17665.342960 7938.680768 -0.407054 0.867922 0.284637 0.337996 0.432628 -0.835818 0.848567 0.244017 0.469457
38.227166 -66.219784 -14169.247738 10876.754788 -0.458727 0.837101 0.298047 0.139156 0.398960 -0.906348 0.877613 0.374291 0.299501
29.375238 -58.739393 -13932.072437 6103.282213 -0.437207 0.835386 0.333136 0.049113 0.392039 -0.918637 0.898019 0.385273 0.212431
33.291692 -58.799734 -7336.176857 2144.423871 -0.498759 0.825372 0.264575 0.090351 0.353100 -0.931213 0.862018 0.440547 0.250685
-2.406875 -137.023211 1177.159676 2543.173807 0.687093 -0.722338 0.078302 -0.313530 -0.197549 0.928802 0.655441 0.662723 0.362209
-4.656173 -134.136382 1778.149157 1539.331425 0.690861 -0.718641 0.079161 -0.455999 -0.348150 0.819058 0.561049 0.601952 0.568223
-0.051493 -130.888731 1739.536951 -961.484550 0.695907 -0.714964 0.067382 -0.311586 -0.216074 0.925325 0.647014 0.664936 0.373140
-3.132777 -76.373328 621.757520 -8585.747366 -0.488280 0.869991 0.068544 0.530944 0.233818 0.814511 -0.692590 -0.434102 0.576085
-5.226212 -85.008773 965.986039 -5846.958229 -0.472190 0.878634 0.070986 0.656136 0.296553 0.693932 -0.588661 -0.374245 0.716533
-5.187362 -78.480239 -475.077436 -8186.811301 -0.499474 0.864168 0.061144 0.555422 0.265261 0.788126 -0.664855 -0.427609 0.612469
-3.288759 -67.802786 390.358690 -3299.830341 -0.516723 0.855554 0.032016 0.441761 0.234401 0.865970 -0.733379 -0.461610 0.499070
-2.680465 -67.172557 339.762388 -4804.800760 -0.505283 0.862127 0.037770 0.485026 0.247524 0.838738 -0.713749 -0.442119 0.543224
-6.473259 -79.621985 -2825.580555 -10788.022363 -0.525491 0.849499 0.047009 0.550905 0.297638 0.779689 -0.648354 -0.435618 0.624399
40.246368 -51.313073 30528.039672 441.479585 -0.126384 0.987057 0.098720 0.826230 0.049670 0.561139 -0.548973 -0.152485 0.821814
120.869296 -47.300400 55261.449048 -14.584987 -0.047969 0.981683 0.184384 0.852846 -0.055839 0.519168 -0.519954 -0.182155 0.834546
64.416204 -44.083884 35025.417467 -1346.525851 -0.112184 0.981614 0.154429 0.775068 -0.010815 0.631786 -0.621840 -0.190569 0.759604
19.278047 -50.326957 15856.169442 -701.157489 -0.209996 0.971916 0.106208 0.766454 0.096206 0.635053 -0.607001 -0.214762 0.765132
6.488327 -47.161166 10975.631687 -2983.925440 -0.286777 0.953978 0.087663 0.660141 0.130471 0.739724 -0.694243 -0.270006 0.667176
24.406004 -43.265503 21536.960629 -3211.852475 -0.225699 0.968117 0.108667 0.655370 0.068355 0.752209 -0.720798 -0.240990 0.649903
-1.241887 -109.828788 509.474796 1104.547881 -0.331422 0.936247 -0.116625 -0.534772 -0.288248 -0.794312 0.777289 0.200885 -0.596210
-0.757545 -108.778568 89.833738 -1869.700164 -0.312510 0.945203 -0.094488 -0.383792 -0.216626 -0.897651 0.868931 0.244261 -0.430459
-1.289121 -41.529139 1375.584953 7108.483633 -0.320428 0.936441 0.142842 -0.359826 -0.259814 0.896115 -0.876271 -0.235742 -0.420208
-6.249449 -45.079952 3017.588990 1408.374766 -0.316129 0.937880 0.142980 -0.474055 -0.286704 0.832510 -0.821787 -0.195400 -0.535242
-5.232939 -43.136376 1257.587183 6408.953428 -0.301261 0.950354 0.077900 -0.397637 -0.199462 0.895600 -0.866676 -0.238834 -0.437986
-0.835773 -42.358292 1406.798330 3170.539260 -0.316342 0.938419 0.138914 -0.336140 -0.247816 0.908624 -0.887095 -0.240741 -0.393835
2.150465 -37.057914 1439.322972 5902.517831 -0.345076 0.911331 0.224494 -0.285794 -0.329853 0.899733 -0.894005 -0.246317 -0.374277
2.079612 -38.878647 -732.808397 7208.692661 -0.378900 0.890409 0.252202 -0.282774 -0.370882 0.884582 -0.881177 -0.263852 -0.392312
-2.399575 -147.428370 -363.693929 12384.666093 -0.455084 0.871181 -0.184234 0.483768 0.415593 0.770227 -0.747574 -0.261392 0.610580
-2.113340 -157.981675 -1230.720437 10508.260272 -0.466299 0.863929 -0.190240 0.419554 0.405305 0.812221 -0.778806 -0.298922 0.551458
-3.226982 -135.970506 -1700.038938 12252.540140 -0.459284 0.872333 -0.167609 0.634780 0.454305 0.625030 -0.621380 -0.180672 0.762394
-2.181772 -174.467466 254.082821 13809.904397 -0.465398 0.860839 -0.205817 0.261380 0.355834 0.897253 -0.845627 -0.363783 0.390611
-2.151673 -136.012745 1368.682468 12174.997639 -0.436638 0.876198 -0.204020 0.608706 0.454724 0.650156 -0.662438 -0.159695 0.731897
-0.899177 -163.455376 877.511182 14689.441233 -0.453919 0.867981 -0.201411 0.424139 0.409263 0.807843 -0.783622 -0.281269 0.553917
22.743686 -135.877132 4335.663806 -17607.392784 -0.589664 0.807617 0.007233 -0.807273 -0.589639 0.025232 -0.024642 -0.009039 -0.999655
27.474144 -120.077598 4586.524128 -19258.824096 -0.577753 0.815771 -0.026799 -0.798581 -0.571756 -0.188051 0.168729 0.087246 -0.981794
24.214801 -120.007815 7922.748393 18376.003367 -0.601232 0.797929 0.042761 0.787952 0.583116 0.197756 0.132861 0.152591 -0.979318
0.068140 -15.027880 -4001.484679 -692.569201 0.773533 -0.581353 0.252341 -0.077937 0.307884 0.948226 0.628946 0.753151 -0.192849
11.723661 -20.298428 -6590.606288 776.281721 0.774183 -0.632750 0.016377 0.111424 0.161708 0.980528 0.623077 0.757283 -0.195695
14.217660 -18.965786 -6464.822827 644.430582 0.785862 -0.605086 0.127641 -0.001695 0.204296 0.978908 0.618400 0.769503 -0.159523
7.585402 -16.719704 -6046.170085 -269.834440 0.779562 -0.552415 0.295162 -0.139227 0.306628 0.941592 0.610654 0.775124 -0.162124
2.513534 -192.964559 1736.740390 -5498.186008 -0.645093 0.761580 -0.062053 -0.357952 -0.372950 -0.856025 0.675074 0.530004 -0.513197
5.101650 -188.978676 2309.478602 -9824.228361 -0.637351 0.769247 -0.045201 -0.461539 -0.428061 -0.777010 0.617062 0.474366 -0.627863
5.959731 -202.412446 1925.117517 1296.464753 -0.644539 0.760962 -0.074213 -0.249762 -0.301297 -0.920239 0.722626 0.574594 -0.384257
0.821350 -185.969463 3806.719382 2784.098690 -0.645610 0.763528 -0.014571 -0.597066 -0.516569 -0.613734 0.476130 0.387533 -0.789379
3.036282 -199.716050 -280.711668 -2439.044932 -0.629806 0.772770 -0.078555 -0.126840 -0.202091 -0.971118 0.766327 0.601652 -0.225296
4.759834 -156.163036 -4063.917013 -17876.722023 -0.647013 0.654930 -0.390437 -0.054254 -0.550309 -0.833196 0.760547 0.517906 -0.391590
10.861709 -167.781849 -2512.847608 -20294.060817 -0.654159 0.663257 -0.363547 -0.042524 -0.512146 -0.857845 0.755160 0.545708 -0.363229
14.255791 -291.359521 -2173.536923 85414.456588 -0.659966 0.618883 -0.425944 0.172061 0.676383 0.716171 0.731327 0.399360 -0.552876
4.291100 -301.887644 -4675.780087 81281.927865 -0.641272 0.622498 -0.448628 0.214861 0.706961 0.673826 0.736617 0.335713 -0.587105
11.020843 -122.210700 -607.470166 1347.925716 0.755325 -0.651520 0.070753 -0.199053 -0.125216 0.971956 0.624390 0.748226 0.224265
11.979781 -130.396786 -751.387877 -1999.564712 0.751471 -0.656101 0.069442 -0.328780 -0.281146 0.901588 0.572009 0.700349 0.426986
12.309000 -128.610203 -2022.269778 -2613.707465 0.770922 -0.631790 0.080753 -0.309731 -0.261080 0.914278 0.556548 0.729849 0.396957
-8.606314 -33.652590 5363.875163 -4542.812917 0.373860 0.921079 -0.108827 -0.572042 0.321352 0.754653 -0.730066 0.219881 -0.647036
1.203177 -41.863751 5465.676693 -6062.648157 0.293385 0.955931 0.011033 -0.562159 0.163175 0.810772 -0.773242 0.244070 -0.585258
2.134476 -31.251992 5059.749219 -4985.896541 0.335334 0.940591 -0.053281 -0.587421 0.252970 0.768728 -0.736538 0.226482 -0.637352
-3.760263 -25.516388 4847.072733 -1941.289004 0.463622 0.858470 -0.219282 -0.535392 0.468627 0.702669 -0.705981 0.208371 -0.676884
10.118878 -47.812766 2799.010433 -786.505479 -0.435570 0.853889 0.284872 0.778345 0.198300 0.595698 0.452170 0.481197 -0.750994
11.457673 -48.766219 321.552311 -377.507968 -0.434146 0.858070 0.274285 -0.696552 -0.126674 -0.706236 0.571255 0.497663 -0.652686
9.286766 -48.293154 -1899.592398 -339.214357 -0.436963 0.853897 0.282707 -0.741499 -0.164050 -0.650589 0.509158 0.493911 -0.704848
-8.186418 -52.554871 -1721.680759 5029.361859 -0.114115 0.992819 0.035884 -0.839705 -0.077087 -0.537543 0.530917 0.091474 -0.842472
-9.747874 -41.284276 -2584.849401 -462.937256 -0.099977 0.993641 0.051783 -0.855113 -0.059197 -0.515052 0.508711 0.095773 -0.855594
-6.022783 -48.784073 -1836.970455 6972.135663 -0.038309 0.993097 0.110867 -0.832478 0.029652 -0.553264 0.552732 0.113489 -0.825595
-3.269959 -52.267191 132.005304 7143.152871 -0.010862 0.988687 0.149599 -0.797329 0.081722 -0.597986 0.603447 0.125775 -0.787422
-7.659784 -46.971131 -676.414322 5011.054251 0.007932 0.983584 0.180279 -0.813069 0.111293 -0.571431 0.582114 0.142046 -0.800604
0.167066 -17.594265 624.025327 1295.419468 0.573827 -0.674892 -0.463942 0.526858 -0.129502 0.840030 0.627011 0.726464 -0.281261
1.308829 -19.021296 309.684676 1288.471645 0.574267 -0.674281 -0.464288 0.535147 -0.120004 0.836192 0.619545 0.728659 -0.291925
0.452218 -22.274999 -41.340384 1735.409022 0.578289 -0.674829 -0.458462 0.553056 -0.088853 0.828393 0.599759 0.732606 -0.321835
-0.843005 -19.946930 497.205729 1752.097490 0.605693 -0.681331 -0.411004 0.499710 -0.076256 0.862830 0.619215 0.727992 -0.294280
-0.487535 -25.807593 -525.586456 2246.016677 0.577235 -0.674308 -0.460551 0.577134 -0.062105 0.814285 0.577681 0.735834 -0.353317
0.618095 -28.441682 -71.815286 2701.248754 -0.557383 0.679457 0.477140 0.599899 -0.067709 0.797206 0.573973 0.730585 -0.369865
3.996619 -26.225060 -1351.160773 2241.600426 0.607836 -0.682984 -0.405054 0.529524 -0.031485 0.847710 0.591725 0.729755 -0.342519
-0.856059 -12.182483 559.375582 966.179743 0.132134 -0.354716 -0.925590 -0.683820 0.643374 -0.344182 0.717587 0.678415 -0.157550
-0.592226 -8.652929 703.765163 -844.063631 -0.309606 0.493161 0.812980 0.649597 -0.514670 0.559589 0.694384 0.701361 -0.161011
-1.963109 -11.183655 1213.920407 1489.615884 0.135935 -0.360610 -0.922758 -0.685327 0.638376 -0.350433 0.715436 0.680027 -0.160358
-1.645857 -8.174218 -116.205791 937.654154 -0.394266 0.569711 0.721099 -0.596840 0.437924 -0.672313 0.698811 0.695451 -0.167368
-1.623783 -15.812396 940.600715 2047.560696 0.022235 -0.252042 -0.967461 -0.680476 0.705135 -0.199340 0.732433 0.662766 -0.155829
434.297641 -575.212182 115201.955090 276083.398189 -0.414451 -0.450882 0.790529 0.519475 0.596024 0.612291 -0.747245 0.664425 -0.012801
-57.304371 -624.482542 203634.384710 200427.643550 0.166856 -0.150603 0.974412 0.582796 0.812211 0.025737 -0.795304 0.563589 0.223293
-216.605594 -9683.590974 -1679.539137 -4754043.496177 -0.484475 -0.177114 0.856688 -0.516008 0.848643 -0.116363 -0.706413 -0.498433 -0.502539
973.660906 -2495.974324 -404172.183063 1270282.421506 0.759762 0.364143 -0.538666 0.274229 0.571711 0.773269 -0.589542 0.735219 -0.334506
-97.448160 -353.527264 15646.446289 132821.054284 0.793357 0.406738 -0.452934 0.293842 0.395752 0.870079 -0.533144 0.823374 -0.194456
11.475112 -70.305496 745.059042 1278.798683 0.391229 0.416648 0.820576 0.919889 -0.150609 -0.362107 -0.027285 0.896505 -0.442192
2.523617 -76.798350 2435.335675 9587.416416 0.512580 0.412970 0.752806 0.844345 -0.083112 -0.529315 -0.156024 0.906944 -0.391291
3.469483 -90.908463 1496.795418 12479.280417 0.556277 0.434888 0.708116 0.815010 -0.119175 -0.567060 -0.162218 0.892563 -0.420732
15.866702 -91.448905 2380.459172 7543.505627 0.522553 0.453149 0.722215 0.846301 -0.172844 -0.503885 -0.103505 0.874517 -0.473821
9.111735 -123.420722 3646.271255 24453.990732 0.650039 0.432155 0.625054 0.727021 -0.114341 -0.677028 -0.221112 0.894521 -0.388511
5.885587 -46.186146 2269.190024 18530.897120 0.938169 0.172231 0.300293 0.288826 0.088772 -0.953257 0.190838 -0.981049 -0.033538
0.173982 -23.787269 2397.051138 2728.277185 0.941836 0.165996 0.292217 0.280658 0.089809 -0.955597 0.184869 -0.982028 -0.037997
3.957004 -29.490948 2347.116828 1659.865211 0.894848 0.142208 0.423112 0.410474 0.110270 -0.905180 0.175381 -0.983675 -0.040303
7.864907 -36.306791 2417.743831 5651.439653 0.879845 0.130057 0.457120 0.445692 0.108175 -0.888626 0.165021 -0.985588 -0.037212
12.418094 -61.215368 3769.389405 20039.736963 0.914836 0.168824 0.366843 0.363364 0.052201 -0.930183 0.176187 -0.984263 0.013589
-11.739517 -23.214398 622.911633 -3178.200156 -0.261180 0.958927 -0.110656 -0.401272 -0.003597 0.915952 -0.877933 -0.283632 -0.385730
-9.613132 -16.405442 611.147622 -1853.564453 -0.351065 0.932648 0.083188 -0.377009 -0.222116 0.899182 -0.857098 -0.284309 -0.429594
-11.506744 -19.513023 299.589984 -2777.314460 -0.360080 0.929316 0.081948 -0.350448 -0.216146 0.911300 -0.864598 -0.299422 -0.403507
-13.305784 -27.676891 446.997271 -3528.794778 -0.311636 0.949782 -0.028244 -0.338835 -0.083308 0.937150 -0.887735 -0.301620 -0.347781
-17.288778 -39.799078 398.116168 1067.484354 -0.300131 0.952892 0.043787 -0.924350 -0.279191 -0.260055 0.235580 0.118526 -0.964600
-16.116344 -40.617117 481.749375 3536.909833 -0.323434 0.946241 -0.004214 -0.922430 -0.316282 -0.221561 0.210983 0.067774 -0.975137
-17.622393 -40.454239 -221.675564 2249.643916 -0.300691 0.953617 0.014161 -0.938324 -0.293146 -0.183341 0.170686 0.068417 -0.982947
-15.229484 -42.192872 -893.565042 3265.589921 -0.335950 0.941019 -0.040261 -0.931758 -0.338285 -0.131871 0.137713 0.006789 -0.990449
-17.839455 -41.199205 -1402.501594 -1229.200271 -0.326093 0.945070 -0.022484 -0.938365 -0.326479 -0.113502 0.114608 0.015914 -0.993283
-46.413729 -78.889368 -934.701799 3593.822684 0.363834 0.930849 0.033835 0.878434 -0.330813 -0.344842 0.309803 -0.155187 0.938051
-41.020449 -73.606619 -1755.336832 5205.645698 0.467395 0.879186 -0.092595 0.797925 -0.464634 -0.383969 0.380603 -0.105581 0.918692
-38.997430 -63.676988 -105.275259 6649.854496 0.568210 0.789906 -0.230619 0.644506 -0.601449 -0.472093 0.511614 -0.119613 0.850849
175.565080 -97.031491 -39480.561126 6030.888922 -0.050324 0.835764 0.546777 0.318650 0.532294 -0.784299 0.946535 -0.134762 0.293104
197.330405 -101.531071 -29307.463516 782.533403 -0.321334 0.858308 0.400064 0.253865 0.485084 -0.836807 0.912303 0.167332 0.373769
196.034461 -111.091563 11299.615236 -2261.866273 -0.594803 0.769039 0.234068 0.332209 0.500307 -0.799581 0.732015 0.397834 0.553066
5.663375 -13.126109 -6294.904532 -1886.990152 0.721009 0.291653 -0.628557 0.223638 0.760619 0.609462 0.655844 -0.579997 0.483189
18.266876 -20.765694 716.133888 -3772.363066 0.708544 0.464054 -0.531620 0.101479 0.678522 0.727537 0.698332 -0.569440 0.433671
17.150893 -9.275110 1452.610739 -2444.476231 0.653192 0.097098 -0.750941 0.399317 0.798451 0.450580 0.643339 -0.594179 0.482769
0.962635 -26.681265 -339.964422 -1290.524783 0.388207 0.916716 0.094489 0.566955 -0.318399 0.759726 -0.726538 0.241360 0.643341
0.736333 -20.603938 571.513023 -738.934978 0.369760 0.927468 0.055505 0.554096 -0.268070 0.788109 -0.745825 0.260657 0.613028
-0.288486 -23.419731 -485.550166 -459.946953 0.354191 0.933456 0.056654 0.555724 -0.258814 0.790054 -0.752143 0.248346 0.610413
-6.194745 -35.784963 -710.783094 -636.899792 0.100803 -0.383804 -0.917896 -0.233659 0.887658 -0.396820 0.967079 0.254475 -0.000201
0.575096 -34.751629 -318.334201 -390.983632 0.044452 -0.217599 -0.975025 -0.210069 0.952133 -0.222067 0.976675 0.214694 -0.003387
1.928104 -36.708580 -1439.102472 -573.517538 0.021060 -0.075789 -0.996901 -0.238086 0.968056 -0.078626 0.971016 0.239004 0.002343
2.032309 -40.648317 -2982.214598 -784.393943 -0.013991 0.044792 -0.998898 -0.311057 0.949232 0.046921 0.950288 0.311371 0.000652
