15307
30601
-33.598942 -54.714335 -2489.926492 6518.914664 0.505575 0.861794 -0.041296 0.677492 -0.426180 -0.599478 0.534226 -0.275104 0.799325
-45.882621 -70.581653 382.418734 7611.082811 0.294361 0.952615 0.076659 0.847189 -0.222977 -0.482236 0.442292 -0.206896 0.872681
-37.535961 -71.469558 -1432.939658 12102.158308 0.184127 0.955666 0.229781 0.845243 -0.034634 -0.533259 0.501659 -0.292408 0.814147
-44.632030 -65.703110 -469.517152 5635.997007 0.546863 0.820143 -0.168244 0.687853 -0.554692 -0.468161 0.477283 -0.140293 0.867478
-26.284270 -49.381045 -4950.920301 7955.486194 0.323625 0.921116 0.216361 0.749645 -0.110086 -0.652621 0.577321 -0.373398 0.726136
-30.547313 -41.176689 -563.668168 -3481.206387 0.743377 0.540263 -0.394345 -0.281269 0.787398 0.548537 0.606860 -0.296853 0.737292
-34.458947 -51.321258 -1791.213548 -4358.284803 0.675102 0.682565 -0.279896 -0.475635 0.692736 0.542114 0.563923 -0.232854 0.792320
70.889759 -85.010544 -21236.890657 -5706.661199 0.669223 0.733422 -0.119299 -0.499508 0.325172 -0.802966 0.550121 -0.596954 -0.583963
93.624215 -78.501358 -8676.404755 -3537.367294 0.554156 0.829887 0.064796 -0.391319 0.328424 -0.859655 0.734697 -0.451027 -0.506749
103.032457 -94.269675 -6407.861242 -4055.273538 0.489185 0.868068 0.084590 -0.519320 0.367821 -0.771372 0.700718 -0.333415 -0.630737
59.062320 -84.735624 -22273.707094 -3629.109159 0.653894 0.734474 -0.181576 -0.625140 0.389315 -0.676486 0.426171 -0.555861 -0.713720
28.675738 -78.197441 -22504.236166 -2447.961378 0.713412 0.665979 -0.217981 -0.570460 0.371301 -0.732605 0.406963 -0.646999 -0.644805
92.617405 -104.213077 -19973.716037 -6961.921689 0.576937 0.808818 -0.113830 -0.655906 0.375725 -0.654690 0.486756 -0.452376 -0.747278
-41.076870 -68.766214 -139.333745 -1434.689878 -0.249246 0.139842 0.958290 0.855401 -0.432148 0.285548 0.454055 0.890894 -0.011910
-41.095088 -67.340792 150.393929 798.918267 -0.262162 0.198749 0.944336 0.751590 -0.571737 0.328983 0.605297 0.796000 0.000510
-42.234406 -67.484540 680.738394 -1203.873587 -0.190504 0.252590 0.948634 0.847262 -0.445776 0.288842 0.495837 0.858767 -0.129088
-41.973201 -69.712536 -361.882783 531.996758 -0.338580 0.086514 0.936952 0.754367 -0.570213 0.325251 0.562401 0.816929 0.127799
-41.091124 -66.120729 301.613011 -2524.865431 -0.179624 0.177595 0.967572 0.926356 -0.300467 0.227123 0.331060 0.937112 -0.110545
-42.029098 -69.617768 -845.774454 -1144.466189 -0.344392 0.041375 0.937914 0.845003 -0.421675 0.328878 0.409102 0.905803 0.110259
-40.674312 -66.604027 -872.882541 -2281.616413 -0.271534 0.078589 0.959215 0.918934 -0.275063 0.282668 0.286059 0.958209 0.002471
-59.254517 -92.718944 1252.871303 3821.446805 0.860494 -0.002077 0.509457 0.306325 -0.796928 -0.520645 -0.407081 -0.604071 0.685115
-57.474067 -89.950639 1202.181858 3075.655853 0.905169 0.046843 0.422463 0.289505 -0.795670 -0.532068 -0.311217 -0.603917 0.733777
-59.572453 -93.205935 2352.031470 -690.917515 0.851044 0.097518 0.515959 0.310777 -0.885568 -0.345234 -0.423251 -0.454158 0.783964
-60.456353 -95.349372 903.438502 -469.457541 0.809615 0.021279 0.586576 -0.295727 0.878025 0.376321 -0.507021 -0.478141 0.717155
-62.818738 -94.450731 182.481175 4733.878212 0.810133 -0.059995 0.583168 0.324174 -0.782984 -0.530893 -0.488462 -0.619142 0.614872
28.951864 -48.257633 -13287.840117 659.913247 0.603062 -0.733681 0.313094 0.786523 0.481440 -0.386779 0.133037 0.479508 0.867395
28.877543 -48.217477 -12895.089384 931.877252 0.613143 -0.727415 0.308095 0.753898 0.422299 -0.503290 0.235993 0.540861 0.807327
43.376738 -48.287878 -9943.182063 971.168108 0.603486 -0.760211 0.240590 0.773178 0.484136 -0.409645 0.194938 0.433234 0.879948
-4.152788 -45.143632 -19.769594 -190.201295 0.410566 0.797015 -0.442948 -0.324600 0.581708 0.745822 -0.852098 0.162428 -0.497541
-5.416392 -46.744271 -531.740936 -579.475788 0.399892 0.802499 -0.442811 -0.194101 0.546311 0.814782 -0.895774 0.239875 -0.374231
-6.696933 -46.523285 -458.733077 -313.292525 0.428945 0.768334 -0.475045 -0.275977 0.612202 0.740976 -0.860141 0.186736 -0.474644
-5.253086 -46.388896 -261.290979 -222.564659 0.410209 0.796939 -0.443415 -0.435914 0.598404 0.672229 -0.801067 0.082464 -0.592868
-12.713145 -49.002932 -2164.453894 -327.694958 0.448861 0.740400 -0.500331 -0.351382 0.661042 0.662989 -0.821617 0.121783 -0.556879
-13.448419 -47.641115 -1761.694938 118.899400 0.460502 0.714294 -0.526994 -0.200601 0.662074 0.722093 -0.864695 0.226810 -0.448174
-0.162017 -96.282441 873.464336 4517.707685 0.263325 0.964701 0.003470 0.622825 -0.167257 -0.764274 0.736715 -0.203414 0.644882
7.095862 -97.713849 1087.105175 9538.406854 0.211631 0.976209 0.047196 0.453453 -0.055297 -0.889563 0.865790 -0.209660 0.454368
9.511187 -91.741170 1187.291655 7622.392952 0.302874 0.951991 -0.044506 0.422686 -0.176038 -0.889015 0.854169 -0.250448 0.455710
-3.423337 -113.867001 -18.120162 -2140.410660 0.108385 0.965907 0.235110 0.905791 -0.193407 0.377009 -0.409628 -0.172098 0.895872
-1.764996 -107.176678 174.866320 -9603.632594 0.084519 0.974023 0.210083 0.741522 -0.202318 0.639697 -0.665584 -0.101715 0.739360
-1.494801 -106.999925 -76.357605 -9926.268302 0.101780 0.965375 0.240190 0.738547 -0.235083 0.631889 -0.666475 -0.113078 0.736902
-3.241837 -79.587965 -568.229979 -4009.757742 0.304648 0.909222 -0.283734 0.016307 0.292872 0.956013 -0.952325 0.295874 -0.074396
-1.411680 -87.544675 -611.953638 -2143.724764 0.308681 0.914619 -0.261130 0.235833 0.192370 0.952563 -0.921466 0.355622 0.156316
-3.452252 -80.100571 -67.139124 -3161.162895 0.330548 0.906603 -0.262315 0.077369 0.250973 0.964897 -0.940613 0.339240 -0.012816
-4.239250 -72.611606 3.791345 -3875.933636 0.327797 0.900622 -0.285359 -0.124214 0.340511 0.932000 -0.936547 0.270061 -0.223489
14917.098791 -38.578388 -17407503.845727 37143.965320 -0.271687 -0.203270 -0.940674 0.954736 0.066067 -0.290024 0.121100 -0.976891 0.176120
4500.331220 -0.904235 -3201773.418646 -13267.753787 -0.284193 0.377349 -0.881386 0.944536 -0.047609 -0.324938 -0.164577 -0.924847 -0.342889
2928.525237 -51.805451 -2315430.767213 -16857.754737 -0.356076 -0.347982 -0.867248 0.931089 -0.053391 -0.360865 0.079272 -0.935980 0.343014
8815.187721 -48.467359 27414299.201119 26959.678332 -0.229346 0.722902 -0.651777 0.959144 0.053881 -0.277741 -0.165662 -0.688847 -0.705724
1678.946630 -59.875059 -1177488.759455 41029.498731 -0.075695 -0.551079 -0.831012 0.988202 0.069821 -0.136315 0.133142 -0.831527 0.539293
25643.837266 -1112.025200 -31994227.015176 950719.230214 0.016201 -0.625307 -0.780211 0.971481 0.194462 -0.135681 0.236564 -0.755761 0.610624
9242.783848 46.247443 -4563427.002672 28248.978859 -0.233637 0.167279 -0.957827 0.965822 0.153660 -0.208751 0.112260 -0.973862 -0.197462
-0.531038 -59.126086 382.614763 -1860.878587 0.371626 0.876354 -0.306429 -0.216278 0.402708 0.889410 -0.902839 0.264254 -0.339193
-0.563612 -55.279674 271.529070 -1355.423619 0.372672 0.862456 -0.342470 -0.371633 0.476880 0.796539 -0.850297 0.169575 -0.498237
-2.009838 -61.913418 191.322788 -2193.903777 0.360311 0.883796 -0.298466 -0.238264 0.396536 0.886560 -0.901890 0.248323 -0.353453
-8.719383 -46.953047 23.107488 1866.755308 0.451507 0.795534 -0.404064 -0.840109 0.531586 0.107854 -0.300596 -0.290761 -0.908350
-8.592438 -55.854265 -719.802884 -2432.429158 0.476856 0.755328 -0.449542 0.863503 -0.498112 0.079033 -0.164226 -0.425868 -0.889756
-8.586296 -49.237232 -1159.022051 -1973.765194 0.455239 0.760628 -0.462820 0.835339 -0.544778 -0.073667 -0.308167 -0.353076 -0.883386
-9.861280 -116.882652 -1283.241455 4388.649825 -0.474577 -0.009232 -0.880166 -0.308124 0.938420 0.156294 0.824522 0.345373 -0.448197
-9.271971 -125.599232 -1064.110420 -158.715265 -0.487782 0.015758 -0.872823 -0.422163 0.870890 0.251651 0.764099 0.491225 -0.418152
-10.269845 -126.114162 90.585419 442.733611 -0.466347 -0.020136 -0.884373 -0.257150 0.959653 0.113750 0.846401 0.280464 -0.452710
-9.291961 -117.294684 -296.191995 -611.257832 -0.514226 -0.003058 -0.857649 -0.397772 0.886790 0.235333 0.759835 0.462163 -0.457227
-9.900715 -118.460229 -860.982040 450.459071 -0.470179 -0.033736 -0.881926 -0.147430 0.988231 0.040797 0.870170 0.149205 -0.469619
-8.683401 -112.818559 278.639734 3730.428727 -0.507549 -0.033843 -0.860958 -0.265706 0.956677 0.119032 0.819630 0.289177 -0.494553
21.759738 -75.884440 12867.556110 7719.080351 -0.616927 -0.079326 -0.783013 -0.140306 0.990055 0.010244 0.774413 0.116181 -0.621921
22.779731 -85.797278 6571.647637 -16912.155810 -0.539074 -0.048269 -0.840874 -0.157830 0.986461 0.044557 0.827339 0.156734 -0.539393
12.203522 -76.831750 7912.717847 5347.652956 -0.610142 -0.052623 -0.790543 -0.177351 0.981544 0.071543 0.772188 0.183855 -0.608213
9.066399 -90.581264 7155.594543 16805.943263 -0.599277 -0.112904 -0.792540 -0.101537 0.992729 -0.064646 0.794076 0.041731 -0.606384
50.888044 -31.482844 -829.982884 -6362.736291 -0.446401 -0.799528 -0.401847 0.859070 -0.257228 -0.442530 0.250448 -0.542760 0.801677
54.307051 -29.608830 784.319189 -6034.775268 -0.471918 -0.769199 -0.430843 0.855213 -0.280630 -0.435727 0.214254 -0.574090 0.790263
46.883806 -23.704839 -3835.690567 -3265.692018 -0.477404 -0.812813 -0.333797 0.837648 -0.306255 -0.452276 0.265389 -0.495523 0.827059
38.846697 -29.182356 -7491.532687 -5221.519218 -0.395215 -0.869787 -0.295424 0.859644 -0.236856 -0.452671 0.323754 -0.432862 0.841317
43.931830 -17.283038 -4654.640030 -1189.983828 -0.509543 -0.803089 -0.308893 0.827364 -0.358706 -0.432203 0.236295 -0.475792 0.847223
33.345254 -22.118421 -9790.301484 -2233.046579 -0.444518 -0.869446 -0.215565 0.830826 -0.310213 -0.462056 0.334861 -0.384489 0.860253
34.330225 -62.071007 5002.960355 -3476.280094 -0.325203 0.110614 -0.939152 -0.621705 0.723325 0.300474 0.712549 0.681590 -0.166458
22.128621 -67.918390 -9689.013977 3300.432051 0.419915 -0.090140 0.903076 0.620946 -0.697163 -0.358316 0.661889 0.711224 -0.236777
21.499275 -64.513813 12373.028349 -1237.021636 -0.410256 0.033116 -0.911369 -0.553679 0.785038 0.277767 0.724658 0.618561 -0.303731
18.334675 -65.802569 23918.970130 -1598.736287 -0.423378 -0.031137 -0.905418 -0.470019 0.861933 0.190141 0.774489 0.506065 -0.379559
33.998605 -61.039047 16105.639967 6.318591 -0.365494 -0.003667 -0.930807 -0.495156 0.847529 0.191090 0.788185 0.530737 -0.311582
39.621804 -57.862794 9437.026212 -2320.239676 -0.333906 0.060977 -0.940632 -0.542924 0.803309 0.244803 0.770545 0.592433 -0.235124
-0.467213 -43.997260 -2550.185611 -2409.537360 -0.445376 0.871136 0.206792 0.532329 0.071932 0.843476 -0.719907 -0.485745 0.495768
-6.784659 -38.453645 -1527.387763 -4439.767856 -0.398080 0.880376 0.257819 0.484468 -0.036899 0.874030 -0.778988 -0.472839 0.411825
-1.661388 -37.022192 -2657.608859 -4508.691057 -0.438162 0.871398 0.220634 0.459679 0.006286 0.888063 -0.772470 -0.490536 0.403317
7.898924 -9.454732 5544.752534 -4543.058788 -0.681604 0.339241 -0.648330 -0.157696 0.797109 0.582880 0.714527 0.499532 -0.489816
8.963269 -12.820139 5647.077757 -1202.172145 -0.681876 0.347264 -0.643780 -0.178985 0.774153 0.607166 0.709232 0.529239 -0.465721
-2.067632 -14.198541 2558.927335 -2865.640943 -0.696609 0.535215 -0.477788 0.000296 0.666166 0.745804 0.717451 0.519392 -0.464215
-2.837585 -11.996045 2436.527366 -4722.623392 -0.693468 0.517043 -0.501766 0.006590 0.700948 0.713182 0.720458 0.491262 -0.489493
-17.034235 -43.058075 -1851.483228 -628.546344 -0.034517 -0.610100 -0.791572 -0.427249 0.725027 -0.540180 0.903475 0.319552 -0.285690
-13.618082 -43.514675 1375.469533 1089.981258 -0.045290 0.675424 0.736038 -0.475125 0.633560 -0.610621 0.878752 0.377365 -0.292217
-18.658801 -41.845867 -1938.362115 -1894.076406 0.025714 -0.674339 -0.737974 -0.354469 0.684101 -0.637462 0.934714 0.277980 -0.221441
-20.595877 -40.766580 -578.148969 -3863.166875 -0.113456 -0.548962 -0.828111 -0.344387 0.803549 -0.485496 0.931947 0.230108 -0.280223
-22.322268 -37.300501 -1715.820552 -2600.762687 -0.025467 -0.676150 -0.736324 -0.285391 0.710827 -0.642866 0.958073 0.193768 -0.211070
-162.449143 -171.381720 39105.208914 23053.863938 0.651077 0.457026 0.605992 -0.520277 0.850042 -0.082099 -0.552640 -0.261831 0.791223
-86.737638 -157.873778 29637.969239 -6792.002244 0.350408 0.831299 0.431459 0.762426 -0.520736 0.384110 -0.543986 -0.194360 0.816274
-139.639299 -160.302846 46893.205328 -30671.140016 0.391521 0.791529 0.469248 0.538341 -0.610611 0.580812 -0.746258 -0.025216 0.665179
-156.616161 -169.270803 10789.143710 26787.739225 0.599901 0.148294 0.786211 -0.379620 0.917771 0.116552 -0.704278 -0.368382 0.606867
-1139.658121 -1203.043970 425940.115871 -679981.470659 0.853494 0.266464 -0.447822 0.509002 -0.242173 0.825996 -0.111648 0.932925 0.342324
-4044.514573 -135323.033105 -10780690.525834 109800389.607302 0.216766 -0.530376 0.819582 0.873393 -0.269694 -0.405525 0.436117 0.803721 0.404766
-1709.515850 -2806.425356 -962293.166576 2228464.916870 -0.027995 -0.167382 0.985495 0.998558 0.040491 0.035244 -0.045803 0.985060 0.166007
-4645.948121 -27946.369284 -2316603.537113 18853847.246435 0.496356 0.148828 0.855267 0.628836 0.617569 -0.472412 -0.598494 0.772307 0.212946
-25.123675 -81.016549 -4869.599807 -17193.040972 -0.267555 -0.611553 0.744592 0.023771 0.768341 0.639600 -0.963249 0.188827 -0.191036
-31.791340 -51.081755 7367.940517 -4928.643036 0.187066 0.948349 -0.256203 -0.251174 0.298313 0.920826 -0.949693 0.107904 -0.294005
-32.102218 -64.094185 -7049.786495 25530.736831 -0.227690 0.423161 0.876979 0.224406 0.899196 -0.375619 -0.947523 0.111275 -0.299698
-30.698700 -84.262182 3437.453244 8719.061801 -0.229175 -0.110573 0.967085 0.113925 0.983652 0.139464 -0.966695 0.142137 -0.212831
-33.682179 -53.804243 3965.168148 -5049.592767 0.172490 0.974621 -0.142695 -0.240203 0.182112 0.953487 -0.955275 0.130191 -0.265519
-38.319341 -43.893239 -1782.409183 -6524.561790 -0.169605 0.928036 0.331637 -0.326131 -0.370405 0.869735 -0.929985 -0.039354 -0.365484
-38.743237 -65.295813 3622.460370 -7921.317128 0.057600 0.996249 -0.064571 -0.201548 0.074951 0.976607 -0.977784 0.043238 -0.205109
-42.938940 -59.175745 1775.055602 -18415.477766 -0.047546 0.955608 -0.290781 -0.354187 0.256065 0.899434 -0.933965 -0.145755 -0.326289
-39.321190 -73.385389 2197.525981 -7472.958919 0.005863 0.974986 -0.222190 -0.126513 0.221131 0.967003 -0.991948 -0.022440 -0.124645
-52.856619 -61.993625 -89.114875 514.345474 0.759293 -0.396332 -0.516135 0.648640 0.397136 0.649268 0.052350 0.827770 -0.558619
-54.236053 -63.248826 293.067996 1143.761308 -0.681497 0.372447 0.629956 0.729105 0.419640 0.540655 -0.062989 0.827759 -0.557536
-53.126478 -60.540520 2377.931608 1898.834275 -0.530200 0.354193 0.770348 0.847686 0.202378 0.490379 0.017787 0.913012 -0.407545
-53.634021 -62.780503 1178.733857 -2455.282500 0.773937 -0.460495 -0.434702 0.631997 0.518286 0.576160 0.040019 0.720642 -0.692152
-52.752031 -61.352424 218.672884 1030.076763 -0.638642 0.478604 0.602556 0.750939 0.216665 0.623817 0.168009 0.850878 -0.497774
-53.138352 -63.101403 1087.134150 -1437.457331 0.750025 -0.526913 -0.399782 0.640351 0.427174 0.638336 0.165572 0.734768 -0.657801
0.475393 -19.138629 479.352781 2101.638614 0.380425 0.914080 0.140481 0.457355 -0.317978 0.830492 -0.803806 0.251690 0.539025
-0.245159 -20.342753 -204.906805 2611.496795 0.340103 0.938054 0.066217 0.471617 -0.231062 0.850992 -0.813577 0.258196 0.520987
-0.778051 -26.074547 -261.416452 1956.062242 0.291415 0.956570 0.007165 0.456928 -0.145773 0.877477 -0.840413 0.252436 0.479565
-2.034009 -30.017137 951.985561 1462.068920 0.309616 0.950419 0.029007 0.414720 -0.162429 0.895335 -0.855655 0.265180 0.444448
-3.595389 -26.680594 731.060826 1915.806351 0.316144 0.947361 0.050607 0.451350 -0.197111 0.870305 -0.834468 0.252300 0.489906
-1.031966 -21.257696 536.905222 1987.539598 0.344960 0.933907 0.093915 0.473788 -0.259627 0.841498 -0.810264 0.245788 0.532035
16.442576 -225.283228 -1089.854229 34603.823861 -0.575342 0.817747 0.016469 -0.558686 -0.407622 0.722298 -0.597370 -0.406367 -0.691386
14.202569 -218.558680 -801.671637 -28325.709230 -0.589687 0.807614 0.005388 -0.665546 -0.489713 0.563231 -0.457512 -0.328544 -0.826282
15.626224 -209.528692 -243.672568 -43346.518885 -0.571603 0.819540 0.040296 -0.733530 -0.532387 0.422489 -0.367700 -0.211938 -0.905472
15.088774 -194.921820 458.144758 -26143.709922 -0.546604 0.835719 0.052907 -0.730750 -0.506895 0.457233 -0.408936 -0.211263 -0.887772
15.278697 -161.897114 -831.557050 -81469.945630 -0.557754 0.828081 0.056500 -0.805230 -0.556357 0.205113 -0.201284 -0.068907 -0.977106
27.290162 -42.545924 5696.993301 437.509202 -0.497131 0.701309 0.510907 0.832930 0.220762 0.507436 0.243081 0.677812 -0.693889
16.801038 -41.310310 6307.625136 444.519707 -0.487560 0.676669 0.551729 0.842411 0.198551 0.500920 0.229411 0.709011 -0.666839
27.957872 -42.954401 6052.946735 402.374305 -0.477907 0.701842 0.528226 0.865158 0.272023 0.421313 0.152006 0.658348 -0.737206
-9.691042 -92.183954 2066.128740 855.397361 -0.578035 0.815403 0.031507 0.793163 0.570504 -0.213116 0.191750 0.098198 0.976519
-5.537075 -86.042934 1681.981607 -651.174577 -0.579865 0.814449 0.020712 0.799863 0.573944 -0.175520 0.154839 0.085211 0.984258
-9.256767 -89.998340 -1996.698905 -4176.050176 0.608180 -0.792884 -0.038096 0.793542 0.608505 0.003750 0.020209 -0.032512 0.999267
692.482487 -56.730033 210870.631638 -3214.715269 -0.175541 0.980980 -0.082852 0.901435 0.126336 -0.414070 0.395727 0.147372 0.906467
777.905457 -93.937830 268845.328576 -18773.129084 -0.054523 0.994161 -0.093115 0.951812 0.023561 -0.305776 0.301797 0.105300 0.947539
35.396048 -50.180515 10960.074879 -1676.057049 -0.329558 0.944008 -0.015485 0.906237 0.311687 -0.285632 0.264812 0.108165 0.958214
35.602335 -48.353063 10781.660893 -1477.900299 -0.358727 0.932448 -0.043086 0.877924 0.321350 -0.354941 0.317118 0.165153 0.933895
-19.180976 -62.883800 -2475.037745 339.100939 -0.507172 0.860590 0.046486 0.739226 0.406651 0.536823 -0.443082 -0.306625 0.842413
-16.937368 -61.634484 -2337.779633 476.819225 -0.544629 0.836012 0.066812 0.736526 0.438670 0.514877 -0.401134 -0.329626 0.854657
-16.073054 -59.990235 -1589.970178 2885.564130 -0.522051 0.852101 0.037229 0.796116 0.471160 0.379746 -0.306041 -0.227885 0.924341
-18.118794 -61.375699 -1089.735335 2397.069737 -0.465457 0.884692 0.025860 0.813917 0.416378 0.405177 -0.347689 -0.209640 0.913873
-20.742496 -63.381132 592.676929 -275.755681 -0.448282 0.893840 0.009714 0.741482 0.365757 0.562518 -0.499248 -0.259369 0.826728
29.782012 -96.993203 6314.787694 -7649.829454 -0.196733 0.447328 0.872464 0.754035 0.637799 -0.156983 -0.626680 0.626985 -0.462777
33.655549 -109.502831 4444.418539 -13290.886427 -0.215483 0.407347 0.887488 0.842512 0.537043 -0.041934 -0.493701 0.738683 -0.458918
23.641916 -99.996566 4749.616519 -7859.392721 -0.229191 0.389043 0.892254 0.750195 0.654678 -0.092754 -0.620224 0.648106 -0.441905
19.701988 -88.463993 4058.666195 -1096.179006 -0.210552 0.412717 0.886190 0.675232 0.716921 -0.173455 -0.706916 0.561862 -0.429628
23.995545 -92.679158 3863.232242 103.138750 -0.188515 0.493446 0.849101 0.687554 0.683674 -0.244661 -0.701236 0.537681 -0.468153
5046.485234 -101.927146 3149926.283960 -87096.367719 0.058528 0.998002 0.023783 0.987242 -0.054330 -0.149671 0.148080 -0.032239 0.988450
407.954469 -25.307157 224989.628833 -5546.911164 -0.228579 0.973524 -0.001411 0.967470 0.226996 -0.111690 0.108413 0.026896 0.993742
664.547464 -25.358843 436070.504399 -6763.145999 -0.253661 0.967118 -0.018403 0.954849 0.247310 -0.164627 0.154662 0.059332 0.986184
-6.292817 -134.700371 927.448057 -1466.563111 -0.660339 0.741046 -0.121672 0.388327 0.475628 0.789291 -0.642771 -0.473951 0.601843
-4.467119 -128.137679 -194.490291 167.707403 -0.676442 0.730731 -0.091971 0.396934 0.466902 0.790219 -0.620379 -0.498031 0.605884
-8.426196 -141.161744 -576.884688 -6648.940023 -0.700024 0.695864 -0.160435 0.451949 0.605648 0.654929 -0.552909 -0.385958 0.738464
-2.111748 -130.254698 303.923227 4568.453662 -0.652893 0.755547 -0.053653 0.320697 0.339906 0.884091 -0.686210 -0.560011 0.464224
-13.499722 -157.636209 -3744.490180 -4321.188160 -0.693447 0.704334 -0.151802 0.428166 0.572287 0.699401 -0.579486 -0.420001 0.698423
-7.468465 -145.976984 -1709.869425 3014.779158 -0.650810 0.754973 -0.080384 0.327336 0.374540 0.867509 -0.685053 -0.538271 0.490884
-21.496309 -195.806541 4598.341790 11591.254811 -0.600850 0.777829 -0.184289 0.296068 0.430696 0.852552 -0.742512 -0.457694 0.489074
-20.457464 -206.635850 -4530.026196 14525.610400 -0.631037 0.753295 -0.185307 0.294538 0.453643 0.841103 -0.717662 -0.476188 0.508140
-15.329624 -203.467274 -2215.252358 1327.394791 -0.617005 0.773010 -0.147514 0.060219 0.233276 0.970544 -0.784652 -0.589947 0.190483
-15.832857 -194.788936 -4579.335061 -1018.431519 -0.601131 0.774407 -0.197320 -0.074048 0.191875 0.978622 -0.795712 -0.602891 0.057999
-6.741533 -188.619308 -5820.316897 -30524.477309 -0.625321 0.764351 -0.157295 -0.248373 -0.003857 0.968657 -0.739787 -0.644789 -0.192256
-4.081530 -181.135573 356.635525 -24925.566919 -0.612315 0.786813 -0.077425 -0.179604 -0.043061 0.982796 -0.769943 -0.615687 -0.167681
-9.987121 -181.228241 1093.591779 -1751.907695 -0.611428 0.788298 -0.068868 -0.001983 0.085504 0.996336 -0.791298 -0.609324 0.050716
5.650504 -301.344468 6618.512911 -4179.910046 -0.386932 0.920569 -0.053254 -0.597756 -0.206435 0.774644 -0.702120 -0.331567 -0.630152
26.212659 -370.945335 9000.516936 25371.628889 -0.445358 0.892834 -0.067113 -0.635876 -0.262631 0.725732 -0.630332 -0.365887 -0.684696
9.561285 -309.679433 3355.659216 -16571.647822 -0.421183 0.904463 -0.067470 -0.812498 -0.343205 0.471229 -0.403053 -0.253293 -0.879426
18.032058 -365.409872 13584.439264 87240.723020 -0.374821 0.926242 -0.039806 -0.263727 -0.065363 0.962380 -0.888795 -0.371219 -0.268774
-0.316175 -320.138259 1929.033667 -33874.680606 -0.423306 0.903888 -0.061629 -0.799553 -0.340721 0.494594 -0.426060 -0.258641 -0.866936
0.587824 -266.003994 4763.339122 32401.128240 -0.391019 0.917691 -0.070333 -0.331344 -0.069065 0.940979 -0.858671 -0.391245 -0.331077
-3.971352 -288.833934 3063.755825 8364.390552 -0.403252 0.913447 -0.054797 -0.545853 -0.192047 0.815575 -0.734461 -0.358793 -0.576051
8.587003 -4729.134035 -17861.066560 2618088.043536 -0.492619 0.703914 -0.511694 0.869549 0.421666 -0.257066 0.034812 -0.571579 -0.819809
-19.602613 -651.888315 -1385.434022 197098.072093 -0.570028 0.685006 -0.453690 0.657180 0.711545 0.248631 0.493135 -0.156430 -0.855773
39.136584 -4506.240991 6468.148838 2264230.739625 -0.582304 0.642545 -0.498055 0.745310 0.666621 -0.011370 0.324708 -0.377826 -0.867071
-29.220606 -990.612892 -1464.308123 -294115.422490 -0.551975 0.670557 -0.495658 0.806616 0.278671 -0.521261 -0.211410 -0.687529 -0.694701
17.301415 -31.929824 -4824.987565 1392.995722 -0.590009 0.805598 0.053862 -0.752064 -0.524079 -0.399676 0.293750 0.276320 -0.915073
20.069097 -29.688992 -9949.546793 1254.639085 -0.515541 0.855551 0.047432 -0.819540 -0.476168 -0.318776 0.250144 0.203215 -0.946642
10.026880 -35.319974 -10314.236051 610.188514 -0.608339 0.793615 -0.009973 -0.727035 -0.562255 -0.394066 0.318344 0.232475 -0.919028
-16.507434 -37.739836 -3611.701150 586.338256 0.015862 -0.356701 -0.934084 -0.253462 0.902253 -0.348850 0.967215 0.242288 -0.076099
-24.082018 -39.284876 -1101.856206 195.132738 0.031059 -0.635403 -0.771556 -0.324688 0.723650 -0.609022 0.945311 0.269430 -0.183832
-24.804431 -36.894543 -2148.247595 214.412564 0.056074 -0.562954 -0.824584 -0.373452 0.754108 -0.540235 0.925953 0.338236 -0.167951
-25.481501 -37.875522 -81.707793 114.450158 -0.123830 0.803456 0.582344 -0.445435 0.479404 -0.756148 0.886710 0.353030 -0.298523
-25.192503 -33.922124 1786.188093 577.817528 -0.157807 0.671971 0.723569 -0.456462 0.600124 -0.656881 0.875636 0.433943 -0.212026
-17.757405 -33.185519 -3033.722040 1070.573690 0.054346 -0.368368 -0.928090 -0.420077 0.834775 -0.355929 0.905860 0.409213 -0.109376
-14.699016 -35.725030 -3440.774671 310.033920 0.018349 -0.304295 -0.952401 -0.318306 0.901222 -0.294075 0.947810 0.308551 -0.080323
-16.255717 -40.182407 -2473.519339 740.284254 0.006091 -0.449955 -0.893031 -0.186942 0.876791 -0.443047 0.982352 0.169643 -0.078775
3.984336 -67.456414 -75.642189 -28886.402081 0.336246 -0.938833 -0.074369 0.941677 0.334029 0.040846 -0.013506 -0.083765 0.996394
7.106563 -106.338891 588.591017 -66941.937607 0.368707 -0.928024 -0.053162 0.929528 0.368450 0.014926 0.005736 -0.054919 0.998474
6.178668 -143.268562 1182.370553 -105014.824647 0.385920 -0.919123 -0.079240 0.922477 0.385408 0.022276 0.010066 -0.081694 0.996607
-160.782532 -337.369459 -35306.369118 54852.820809 0.956618 0.170639 0.236146 0.281853 -0.336807 -0.898399 0.073766 -0.925983 0.370290
-196.990730 -322.460353 -25372.560345 13584.986780 0.807798 0.499134 0.313571 0.511520 -0.329216 -0.793703 0.292932 -0.801549 0.521258
-170.264669 -389.860738 -25788.940606 -92138.267982 0.923173 0.321876 0.210112 0.384209 -0.789175 -0.479151 -0.011588 -0.523067 0.852213
-92.365015 -271.903570 -19083.591978 -33093.481741 0.945226 0.058858 0.321065 0.279486 -0.654067 -0.702911 -0.168626 -0.754143 0.634692
-43.084805 -92.225462 -2083.642707 14247.188251 0.010654 0.968942 0.247059 0.933302 0.079052 -0.350283 0.358934 -0.234312 0.903473
-56.305885 -79.649812 -431.168540 4127.396262 0.155262 0.983547 0.092354 0.939901 -0.118297 -0.320301 0.304105 -0.136534 0.942803
109.620364 -82.509532 -2459.793147 -2810.104382 0.420879 0.890424 0.173223 -0.364566 0.340896 -0.866534 0.830634 -0.301555 -0.468094
-54.552391 -85.800962 421.579689 2536.039575 0.936874 0.097183 0.335891 0.269526 -0.812676 -0.516636 -0.222762 -0.574555 0.787568
-53.828777 -79.585756 1598.342545 4510.198849 0.967938 -0.026240 0.249813 0.158376 -0.708182 -0.688037 -0.194968 -0.705542 0.681321
-50.275838 -63.871928 4518.488510 6482.080080 0.965132 -0.259655 -0.033153 -0.170004 -0.525458 -0.833662 -0.199044 -0.810230 0.551279
-45.947016 -66.427256 4040.827913 5265.809786 0.979313 -0.192244 -0.063157 -0.167088 -0.592195 -0.788281 -0.114141 -0.782526 0.612066
-49.033503 -77.251262 2808.661492 2683.359313 0.980899 0.086815 0.174069 0.175998 -0.777188 -0.604155 -0.082834 -0.623251 0.777622
-44.619308 -67.518895 4072.473738 4268.615137 0.993879 -0.106589 -0.029047 -0.093879 -0.676258 -0.730658 -0.058237 -0.728913 0.682125
19.889868 -51.707814 -7069.748771 502.242466 -0.518011 0.852979 -0.063958 0.458350 0.213667 -0.862706 0.722204 0.476207 0.501645
21.974758 -51.786708 -9076.702967 -658.230509 -0.534769 0.843108 -0.056492 0.537938 0.288123 -0.792217 0.651647 0.454042 0.607619
25.212609 -50.517151 -1186.479868 521.239599 -0.591315 0.799190 -0.107896 0.468552 0.231579 -0.852543 0.656358 0.554677 0.511398
22.652175 -49.053162 -882.850654 1556.675283 -0.590905 0.802829 -0.079354 0.369430 0.181837 -0.911294 0.717184 0.567804 0.404038
16.950543 -51.018761 -5710.002266 2294.842667 -0.523330 0.850295 -0.055892 0.351635 0.155744 -0.923091 0.776195 0.502734 0.380499
-2.956932 -46.515436 -808.967360 -632.942568 0.376103 0.820584 -0.430335 -0.262513 0.539772 0.799833 -0.888613 0.187851 -0.418424
-4.107992 -50.240150 -1063.155786 -1294.016790 0.364967 0.843568 -0.393945 -0.137461 0.467319 0.873337 -0.920817 0.264587 -0.286514
-6.872638 -49.439710 -770.670833 -1024.113471 0.391648 0.828032 -0.401217 -0.066679 0.460446 0.885180 -0.917696 0.319926 -0.235545
-1.391587 -100.720787 107.812250 2337.882078 0.194479 0.976627 0.091532 0.670563 -0.064265 -0.739064 0.715907 -0.205110 0.667388
7.620720 -101.884220 95.960517 7395.268140 0.142355 0.981137 0.130783 0.493618 0.044157 -0.868557 0.857949 -0.188200 0.478021
-6.861081 -94.486266 79.783801 -4277.220828 0.237451 0.970477 0.042330 0.810242 -0.173831 -0.559724 0.535841 -0.167204 0.827597
-6.267827 -96.082007 -884.945628 -7394.772512 0.189036 0.975337 0.113947 0.846606 -0.103085 -0.522141 0.497517 -0.195171 0.845213
0.512712 -102.890260 -664.135690 -2138.751445 0.135525 0.978036 0.158360 0.713635 0.014514 -0.700367 0.687283 -0.207928 0.695994
0.217011 -91.014274 138.956171 -9264.979081 0.081279 0.972002 0.220469 0.571303 -0.226691 0.788812 -0.816705 -0.061841 0.573733
1.714277 -90.831844 579.039291 -7921.246089 0.076863 0.975706 0.205156 0.571370 -0.211731 0.792910 -0.817086 -0.056275 0.573763
0.318165 -106.304338 532.765192 -9207.621380 0.065511 0.978516 0.195484 0.737306 -0.179472 0.651283 -0.672375 -0.101466 0.733224
-1.989539 -82.428481 -463.207292 -4136.449914 0.299004 0.907271 -0.295728 0.045000 0.296155 0.954079 -0.953190 0.298581 -0.047724
-0.725119 -90.262665 -476.305561 -1486.825013 0.300658 0.912011 -0.278999 0.272232 0.198299 0.941577 -0.914054 0.359045 0.188658
0.237314 -91.484919 -563.959959 696.403492 0.320815 0.918348 -0.231762 0.455751 0.064827 0.887744 -0.830282 0.390427 0.397740
6268.370902 -70.332418 17230779.787224 -11687.729883 -0.235424 0.850467 -0.470405 0.920644 0.040051 -0.388344 -0.311434 -0.524501 -0.792406
-3.301813 -63.538574 206.426818 -2518.482912 0.349039 0.888183 -0.298837 -0.259823 0.398112 0.879772 -0.900369 0.229430 -0.369726
-2.816605 -69.851988 248.274756 -3000.444489 0.355890 0.895691 -0.266607 -0.084875 0.315085 0.945261 -0.930666 0.313780 -0.188157
-0.697212 -49.748956 -4187.015592 -2668.609207 -0.121513 -0.932381 0.340441 0.965198 -0.191012 -0.178625 0.231575 0.306888 0.923143
11.097982 -47.983797 -3546.916372 -2971.985572 -0.007622 -0.955848 0.293763 0.986605 -0.055060 -0.153557 0.162951 0.288657 0.943464
5.860131 -49.021743 -5712.484235 -2840.670925 -0.115057 -0.926123 0.359247 0.988189 -0.143562 -0.053605 0.101219 0.348836 0.931702
-6.975582 -52.288504 -3486.744081 -2307.756967 -0.282166 -0.889567 0.359239 0.943202 -0.325676 -0.065614 0.175364 0.320321 0.930936
-10.794352 -50.862258 2061.175248 638.965993 0.290535 0.894225 -0.340515 0.893143 -0.381127 -0.238827 0.343345 0.234741 0.909401
19.977932 -30.335719 4286.424626 -3216.140041 -0.258270 0.957403 0.129138 0.356792 -0.029694 0.933712 -0.897773 -0.287225 0.333924
26.505500 -23.601022 2085.278238 -5945.761294 -0.299398 0.947245 0.114403 0.279412 -0.027602 0.959775 -0.912299 -0.319320 0.256407
16.687505 -27.803675 10398.284483 -4767.288313 -0.225233 0.969349 0.098149 0.301157 -0.026539 0.953205 -0.926593 -0.244252 0.285949
-8.614532 -133.663444 817.048174 -1115.316885 -0.484964 0.008536 -0.874493 -0.452159 0.853480 0.259083 0.748574 0.521056 -0.410047
-7.969342 -142.603067 -525.886626 -10725.455479 -0.501693 0.026203 -0.864649 -0.544036 0.767564 0.338925 0.672554 0.640436 -0.370827
-9.011292 -137.097098 -753.814519 -13806.581444 -0.519776 0.018870 -0.854094 -0.500780 0.803249 0.322506 0.692136 0.595345 -0.408060
26.360673 -70.623605 5219.071208 -281.350753 -0.518933 -0.070175 -0.851930 -0.123380 0.992338 -0.006587 0.845864 0.101693 -0.523615
24.304734 -89.623083 -566.652633 -22191.354749 -0.453226 -0.057686 -0.889527 -0.142964 0.989690 0.008660 0.879857 0.131095 -0.456800
21.484791 -141.373932 663.945102 -42925.243308 -0.448889 -0.070811 -0.890778 -0.239102 0.970025 0.043380 0.861005 0.232459 -0.452364
16.569768 -149.127822 5539.104242 -42502.137832 -0.504153 -0.085608 -0.859361 -0.262882 0.963066 0.058284 0.822631 0.255294 -0.508038
26.539115 -69.963579 -8519.136411 5906.131939 0.399955 -0.112217 0.909639 0.665729 -0.646581 -0.372476 0.629953 0.754547 -0.183898
10.734515 -77.798787 -6526.473561 7296.978903 0.465322 -0.129671 0.875592 0.650341 -0.620953 -0.437576 0.600443 0.773047 -0.204613
3.421248 -42.447569 -1921.321221 3337.553597 -0.444766 0.874240 0.194648 0.685361 0.192297 0.702355 -0.576596 -0.445788 0.684697
1.082292 -46.016114 -2258.388228 736.500363 -0.447785 0.872192 0.196902 0.611735 0.138227 0.778892 -0.652126 -0.469228 0.595446
8.944998 -43.108329 -2925.379617 2550.379515 -0.475056 0.866343 0.154178 0.649572 0.227059 0.725604 -0.593614 -0.444853 0.670618
11.618328 -35.351137 -2518.911323 4540.929019 -0.477129 0.866656 0.145795 0.707054 0.280022 0.649356 -0.521942 -0.412911 0.746379
14.869733 -43.090485 -3504.023147 1774.024802 -0.480195 0.868708 0.121484 0.621544 0.239253 0.745950 -0.618947 -0.433709 0.654829
16.573263 -36.737273 -3205.414162 3797.224773 -0.492913 0.863906 0.103451 0.675082 0.304722 0.671870 -0.548909 -0.401012 0.733409
-1.000193 -17.402076 2711.763781 1051.432556 -0.699131 0.485051 -0.525301 -0.075330 0.680635 0.728740 0.711014 0.549056 -0.439314
-12.644479 -42.907920 -1775.498691 3477.912401 -0.025920 -0.603781 -0.796729 -0.550594 0.673836 -0.492737 0.834370 0.425903 -0.349904
-9.385566 -38.901331 715.624821 3343.803415 -0.064286 0.703652 0.707631 -0.564062 0.559336 -0.607435 0.823226 0.438197 -0.360946
-9.646391 -39.970644 372.857658 2113.406570 -0.099457 0.731952 0.674058 -0.513205 0.542631 -0.664961 0.852484 0.412065 -0.321673
-41.926895 -149.723390 14216.486730 -27779.029960 0.268768 0.879797 0.392073 0.621596 -0.469371 0.627144 -0.735787 -0.075154 0.673030
-1501.586257 -2926.640471 621553.309197 -186683.049878 0.587655 0.500546 -0.635700 -0.476297 0.849129 0.228299 0.654066 0.168621 0.737404
-818.586175 -2498.072713 395142.582349 5594.916323 0.548969 0.203895 -0.810592 -0.473374 0.875114 -0.100465 0.688876 0.438866 0.576929
-1780.463541 -5432.969917 -1130457.504551 4120123.415374 0.125425 -0.649270 0.750145 0.883596 -0.270723 -0.382056 0.451139 0.710745 0.539737
-18.042991 -72.270926 -3933.844473 -8421.161923 0.181932 0.938381 -0.293841 -0.239881 0.332154 0.912212 -0.953603 0.095474 -0.285529
-16.700261 -54.005567 -7837.547408 3638.738182 -0.024720 0.967580 0.251353 -0.403737 -0.239676 0.882923 -0.914541 0.079655 -0.396572
-11.258579 -96.370600 -2253.776416 -16439.376538 0.229843 0.805304 -0.546496 -0.016326 0.564641 0.825175 -0.973091 0.180739 -0.142926
30.981660 -50.825406 414.245641 -1142.446657 -0.167501 0.031793 -0.985359 0.325483 0.945222 -0.024831 0.930593 -0.324877 -0.168674
39.558646 -51.960805 -9965.943875 -691.767544 0.067814 -0.107416 -0.991899 0.367317 0.927044 -0.075280 0.927620 -0.359237 0.102322
30.932065 -50.579036 -8378.464185 596.295431 0.051334 -0.087667 -0.994826 0.251931 0.965060 -0.072044 0.966383 -0.246929 0.071627
-3.627215 -39.906702 -17053.514750 1797.909426 -0.462627 0.505033 0.728641 0.159444 0.855877 -0.491988 -0.872097 -0.111429 -0.476476
-25.580295 -45.045982 -22434.890486 1086.940561 -0.463506 0.472619 0.749529 0.059160 0.860498 -0.506007 -0.884117 -0.190196 -0.426806
-27.838301 -33.897922 -9742.515280 2097.282994 -0.329043 0.560844 0.759726 0.228381 0.827906 -0.512263 -0.916282 0.004950 -0.400503
-52.219410 -63.223194 1988.345586 3279.017469 -0.493465 0.318659 0.809289 0.864700 0.280017 0.416995 -0.093735 0.905565 -0.413723
-54.459038 -63.926846 457.102648 596.964337 -0.600086 0.371099 0.708648 0.777030 0.480890 0.406164 -0.190054 0.794374 -0.576931
-54.607398 -61.943339 -1513.897135 316.900947 -0.597239 0.532426 0.599856 0.798841 0.461840 0.385431 -0.071824 0.709384 -0.701153
2.992960 -13.599877 2552.003160 1769.986820 0.482019 0.824116 0.297475 0.387526 -0.505038 0.771207 -0.785800 0.256457 0.562804
0.471289 -16.003217 397.900676 3069.956168 0.348557 0.935356 0.060141 0.476681 -0.232149 0.847869 -0.807022 0.266863 0.526783
15.565198 -244.182699 -2008.468080 48518.204759 -0.609097 0.793019 -0.011021 -0.478745 -0.356562 0.802289 -0.632300 -0.493948 -0.596835
13.653712 -245.827818 -1265.296666 47828.432852 -0.620227 0.784415 -0.003503 -0.462644 -0.362194 0.809182 -0.633466 -0.503497 -0.587547
16.249831 -40.972568 5638.980422 233.386620 -0.507983 0.678966 0.530055 0.802150 0.148662 0.578320 0.313861 0.718961 -0.620151
3.043768 -40.155500 4770.127334 492.639387 -0.499903 0.670530 0.548167 0.805887 0.128292 0.578003 0.317243 0.730706 -0.604504
2.821297 -40.676512 5608.977611 687.742457 -0.480836 0.668155 0.567773 0.845780 0.182696 0.501277 0.231201 0.721243 -0.652959
-4.208027 -64.696737 -289.227202 850.850651 -0.299486 0.938320 -0.172809 -0.818742 -0.345741 -0.458394 0.489867 -0.004203 -0.871787
-2.601355 -62.988722 80.461629 507.700187 -0.205065 0.974892 -0.086802 -0.752647 -0.213766 -0.622758 0.625676 0.062375 -0.777585
-0.739914 -65.672800 -249.283815 414.446063 -0.266805 0.950909 -0.156803 -0.697763 -0.302824 -0.649172 0.664788 0.063791 -0.744304
-4.882460 -86.227744 1484.386566 2324.222314 -0.547829 0.836498 0.012415 0.774023 0.512433 -0.371887 0.317445 0.194121 0.928195
-1.187766 -80.581304 969.438453 1388.914287 -0.547626 0.836641 0.011749 0.786231 0.519332 -0.334865 0.286264 0.174144 0.942193
-1.424748 -79.246928 907.720021 -979.153787 -0.587372 0.808920 0.025327 0.798539 0.584357 -0.144437 0.131638 0.064613 0.989190
1082.315226 -45.933662 418571.071126 -10539.900492 -0.119291 0.988197 -0.096109 0.913593 0.071351 -0.400321 0.388739 0.135559 0.911321
1683.432343 -99.701035 769095.602558 -50296.485131 -0.050493 0.993923 -0.097810 0.955396 0.019537 -0.294682 0.290980 0.108327 0.950577
93.252080 -46.558093 36808.955294 -4472.938749 -0.252947 0.967321 -0.017528 0.941155 0.241826 -0.236109 0.224154 0.076219 0.971569
-13.135366 -59.562833 -1142.686555 335.383307 -0.566163 0.820669 0.077215 0.738983 0.463836 0.488631 -0.365189 -0.333705 0.869067
-13.877719 -60.230679 -1461.620352 -927.232916 -0.536840 0.837712 0.100207 0.687685 0.365671 0.627195 -0.488766 -0.405615 0.772389
-10.319294 -58.311149 -772.547045 -211.535918 -0.550970 0.826507 0.115405 0.709617 0.391227 0.585990 -0.439176 -0.404757 0.802058
-9.536754 -56.404527 -299.664207 -1208.757073 -0.514117 0.846960 0.135436 0.644118 0.276972 0.713020 -0.566388 -0.453813 0.687938
-13.309798 -57.059240 -1127.739568 -2069.627407 -0.507537 0.853169 0.120454 0.605587 0.253769 0.754232 -0.612920 -0.455746 0.645465
25.837704 -97.157798 324.025842 -8663.999431 -0.249291 0.360893 0.898672 0.741986 0.667520 -0.062240 -0.622343 0.651286 -0.434184
29.416777 -112.172012 551.034923 -15903.260198 -0.255923 0.322760 0.911224 0.805405 0.592500 0.016336 -0.534628 0.738085 -0.411587
0.755729 -104.843257 -1382.615807 -8716.107419 -0.721756 0.688618 -0.069807 0.587795 0.663068 0.463507 -0.365466 -0.293506 0.883340
-3.872807 -112.817270 1553.844290 -4860.193415 0.729718 -0.680049 0.071019 0.639615 0.715638 0.280635 -0.241670 -0.159359 0.957184
-3.605131 -105.974457 2023.084194 -4921.704750 0.732071 -0.677990 0.066348 0.588233 0.678252 0.440405 -0.343591 -0.283379 0.895344
3.201023 -98.074774 -532.688686 7410.567582 -0.543458 0.839364 0.011017 0.296517 0.179672 0.937974 -0.785322 -0.513017 0.346530
1.455152 -85.321483 -527.325310 -1009.270083 -0.529819 0.844880 0.073958 0.426667 0.190161 0.884191 -0.732971 -0.500017 0.461233
1.146505 -89.493686 -480.524308 6961.660470 -0.555798 0.831200 0.013963 0.290110 0.178192 0.940257 -0.779054 -0.526644 0.340178
154.254937 -43.385749 -49927.298374 -1398.448515 -0.034457 0.546027 0.837059 0.457980 0.753065 -0.472384 -0.888294 0.367079 -0.276018
283.911564 -39.581567 -110645.801174 -5009.594637 -0.010833 0.404264 0.914578 0.533225 0.776071 -0.336725 -0.845904 0.484029 -0.223971
239.205531 -32.618762 -65463.209706 -4627.413295 0.022629 0.415500 0.909312 0.468486 0.799091 -0.376794 -0.883181 0.434526 -0.176573
-2.891937 -120.922304 756.275654 3618.434803 -0.646954 0.761820 -0.032878 0.328872 0.317667 0.889343 -0.687963 -0.564551 0.456058
-20.967188 -193.237083 -917.230850 9656.971205 -0.605753 0.759571 -0.236885 0.451665 0.573376 0.683549 -0.655029 -0.307069 0.690396
-21.463666 -190.206159 -1107.416030 11144.988731 -0.579978 0.780627 -0.232910 0.296962 0.468832 0.831872 -0.758577 -0.413301 0.503729
19.990951 -402.902617 8343.766949 -45483.940307 -0.459205 0.887431 -0.039968 -0.851825 -0.427123 0.303250 -0.252042 -0.173300 -0.952072
43.605178 -312.091625 14441.132959 27120.147274 -0.444003 0.891889 -0.085992 -0.591727 -0.219796 0.775596 -0.672845 -0.395250 -0.625345
41.044721 -378.211237 12597.188288 5199.064181 -0.487371 0.869177 -0.083668 -0.746566 -0.365079 0.556198 -0.452889 -0.333539 -0.826827
41.800202 -322.401056 12522.996625 54356.159485 -0.428417 0.898450 -0.096155 -0.370607 -0.077667 0.925537 -0.824081 -0.432151 -0.366246
