10903
21794
-49.426284 -72.942787 -148.538361 7992.124357 -0.051412 0.302791 -0.951669 0.973387 0.228290 0.020049 0.223327 -0.925312 -0.306469
-58.431638 -85.282049 -1321.178161 5238.314999 -0.047299 0.255642 -0.965614 0.997896 0.055015 -0.034316 0.044351 -0.965205 -0.257706
-57.617744 -94.451256 1077.537557 9853.379653 0.331334 0.329640 -0.884056 0.942404 -0.070200 0.327027 0.045740 -0.941493 -0.333913
-47.898998 -71.496301 -214.035502 6262.484031 -0.326590 0.134716 -0.935516 0.920002 0.272184 -0.281979 0.216645 -0.952768 -0.212831
-48.939276 -85.249689 3670.079391 14991.593900 0.351121 0.424183 -0.834735 0.910947 0.051417 0.409306 0.216540 -0.904116 -0.368355
-35.833317 -61.170231 4479.503410 10983.198018 0.040980 0.403639 -0.914000 0.930809 0.317102 0.181772 0.363202 -0.858208 -0.362716
-38.769736 -57.779259 -215.042701 5923.024317 -0.464857 0.083957 -0.881396 0.817623 0.422659 -0.390963 0.339706 -0.902392 -0.265121
-54.843721 -82.494299 1297.667303 668.699846 0.709110 0.500105 0.497050 0.704912 -0.486594 -0.516067 0.016226 -0.716325 0.697579
-53.635353 -80.927067 1358.218080 105.821586 0.736815 0.502142 0.452722 0.662423 -0.402197 -0.632007 0.135274 -0.765566 0.628975
-51.773042 -80.472970 -837.487402 553.611932 -0.685833 -0.614783 -0.389456 0.714769 -0.468365 -0.519364 0.136888 -0.634568 0.760648
-51.362816 -81.157185 -1523.408007 604.748606 -0.675435 -0.610231 -0.414011 0.737389 -0.553823 -0.386701 0.006688 -0.566479 0.824049
-54.643672 -82.225371 -1615.481819 1341.145648 -0.679130 -0.506854 -0.530925 0.726825 -0.565372 -0.389975 -0.102510 -0.650734 0.752355
-58.268327 -85.020159 -860.711529 207.715238 -0.678460 -0.379008 -0.629321 0.723952 -0.490509 -0.485071 -0.124842 -0.784699 0.607175
6.095554 -45.639052 964.522818 -3674.668196 0.726223 -0.427916 0.538041 0.264113 -0.548917 -0.793054 -0.634701 -0.718037 0.285618
4.528756 -49.534569 2329.428369 -4726.481037 0.730613 -0.399345 0.553830 0.303693 -0.536414 -0.787420 -0.611534 -0.743494 0.270633
7.378536 -60.835470 1150.554515 -6334.561690 0.723107 -0.423748 0.545484 0.345050 -0.462524 -0.816708 -0.598378 -0.778787 0.188240
1.412868 -39.812446 1886.874269 -2399.743417 0.715170 -0.377298 0.588368 0.280752 -0.615826 -0.736164 -0.640086 -0.691668 0.334493
45.395511 -56.164589 -2876.889016 -1131.528096 0.173298 0.287345 -0.942020 0.937917 0.243657 0.246866 0.300465 -0.926318 -0.227281
31.959523 -55.016659 -10116.680513 -548.936641 0.203539 0.146490 -0.968046 0.952998 0.197001 0.230186 0.224426 -0.969397 -0.099507
37.417953 -55.548681 -6270.889041 -810.416553 0.208198 0.230380 -0.950567 0.906630 0.319190 0.275934 0.366981 -0.919262 -0.142415
44.291320 -56.803753 1349.922952 -1445.645836 0.142108 0.377623 -0.914990 0.902459 0.330333 0.276493 0.406661 -0.865032 -0.293846
-7.147877 -71.300718 1576.891191 -2875.545994 0.099992 0.719383 -0.687379 -0.362436 0.669712 0.648171 -0.926629 -0.184318 -0.327696
-8.565709 -76.302204 -1106.291917 2374.257677 -0.107903 -0.691556 0.714218 -0.179190 0.720175 0.670253 -0.977879 -0.055658 -0.201629
-5.936341 -74.408605 2043.420176 -3586.020485 0.139920 0.720809 -0.678864 -0.418159 0.664486 0.619355 -0.897533 -0.197213 -0.394388
-7.463814 -70.045658 373.683749 -6428.564203 0.065360 0.732914 -0.677174 -0.518710 0.604687 0.604395 -0.852448 -0.311754 -0.419693
0.489348 -77.326755 2838.181316 1095.816176 -0.194154 0.707438 -0.679585 -0.085758 -0.702356 -0.706641 0.977215 0.078918 -0.197034
-2.210532 -75.095124 956.993404 1020.765709 -0.168067 0.686240 -0.707692 0.144765 0.727302 0.670876 0.975088 0.010303 -0.221579
-2.548199 -79.941243 2699.449990 1541.627556 -0.193149 0.702600 -0.684870 0.222657 0.711190 0.666808 0.955572 -0.023698 -0.293805
1.669462 -80.213837 2029.777834 -1151.813736 -0.178098 0.720689 -0.669991 -0.233738 -0.692373 -0.682632 0.955849 -0.035027 -0.291763
4.753226 -79.356178 1705.389717 2411.559395 -0.167020 0.722980 -0.670376 -0.043134 -0.684634 -0.727610 0.985010 0.092609 -0.145532
-10.445856 -102.528688 -1100.406860 -10851.745089 0.203371 0.555255 -0.806432 0.978921 -0.131154 0.156566 -0.018832 -0.821274 -0.570224
-10.021488 -89.873528 -1441.204405 -4768.495005 0.185775 0.550713 -0.813759 0.967478 -0.247217 0.053564 -0.171677 -0.797245 -0.578730
-14.519809 -103.424356 -759.204023 -7515.857778 0.205115 0.573928 -0.792801 0.978567 -0.135390 0.155165 -0.018284 -0.807636 -0.589398
-12.536095 -115.249133 -741.163083 -8142.820623 0.224059 0.568122 -0.791855 0.952286 0.045152 0.301849 0.207241 -0.821704 -0.530898
-14.140963 -94.902087 -236.474488 -3191.038218 0.180412 0.600412 -0.779074 0.974359 -0.217365 0.058117 -0.134449 -0.769583 -0.624232
-15.415584 -100.822371 -406.522140 -3703.110521 0.172637 0.613065 -0.770940 0.984867 -0.095280 0.144773 0.015301 -0.784266 -0.620236
-16.222468 -110.841126 -258.271288 -5518.228825 0.194842 0.602067 -0.774308 0.956702 0.057385 0.285358 0.216238 -0.796381 -0.564817
12.193596 -77.810496 2074.507397 -2858.683540 -0.138081 0.724466 -0.675339 -0.256716 -0.684747 -0.682069 0.956572 -0.079189 -0.280532
9.831143 -78.904024 541.396065 3529.109540 -0.117912 0.729819 -0.673396 -0.108494 -0.683535 -0.721810 0.987080 0.012051 -0.159777
6.739232 -78.080411 818.457368 -163.865259 -0.140701 0.734076 -0.664331 -0.171963 -0.678927 -0.713783 0.975004 -0.013810 -0.221759
5.554510 -82.454937 919.492141 -3771.952535 -0.141870 0.728286 -0.670427 -0.348051 -0.670732 -0.654965 0.926679 -0.140423 -0.348638
12.734443 -54.463646 8224.107046 1359.447108 -0.430806 0.670093 -0.604468 -0.746863 -0.640716 -0.177986 0.506560 -0.374777 -0.776492
8.763084 -51.470429 9660.909637 -1044.339629 -0.418131 0.687475 -0.593754 0.812211 0.575651 0.094543 0.406791 -0.442723 -0.799073
16.559544 -55.302200 2820.634605 1297.280706 -0.343596 0.668094 -0.659994 -0.807252 -0.569229 -0.155956 0.479881 -0.479196 -0.734905
-1.746583 -52.916544 6776.163880 -1718.852677 -0.482086 0.620104 -0.618921 0.744225 0.662603 0.084183 0.462301 -0.420033 -0.780929
21.804846 -57.499875 -1178.395827 -866.053725 -0.320848 0.642549 -0.695836 0.712014 0.648109 0.270169 0.624574 -0.408762 -0.665448
0.510404 -124.349495 1520.730483 4482.933287 -0.615209 -0.155283 -0.772920 0.417983 0.767021 -0.486794 0.668437 -0.622547 -0.406973
-0.641320 -138.864136 -261.625953 26.177490 -0.588602 -0.160417 -0.792347 0.440277 0.758402 -0.480608 0.678015 -0.631738 -0.375769
1.296960 -124.624489 115.664190 3646.949508 0.587794 0.156712 0.793688 0.522115 0.675916 -0.520129 0.617976 -0.720124 -0.315478
-1.850487 -134.167043 829.366518 -5371.238059 -0.064201 0.702965 -0.708321 -0.305127 -0.689620 -0.656751 0.950145 -0.173964 -0.258768
-0.595674 -127.501450 442.103492 2362.935384 -0.058997 0.672618 -0.737634 0.039194 0.739912 0.671561 0.997488 0.010709 -0.070015
-4.359136 -126.460567 1299.013792 663.952825 -0.071374 0.681392 -0.728430 0.196986 0.725539 0.659386 0.977805 -0.096427 -0.186009
-3.983508 -133.967265 421.863835 -3960.544425 -0.054376 0.707581 -0.704537 -0.440063 -0.650344 -0.619191 0.896319 -0.276371 -0.346743
-6.337764 -129.079547 1515.565555 -3376.978536 -0.060101 0.699978 -0.711631 -0.444779 -0.657013 -0.608691 0.893622 -0.279936 -0.350823
-6.516836 -112.849085 2504.981217 428.038382 -0.088124 0.652274 -0.752843 0.087784 0.757928 0.646405 0.992234 -0.009124 -0.124051
-6.927392 -111.741055 1205.625548 2780.668515 -0.053159 0.687429 -0.724303 0.314177 0.700008 0.641312 0.947875 -0.193468 -0.253187
-4.103571 -297.063469 -643.367853 20739.726257 0.770090 0.250283 0.586788 0.618208 -0.065811 -0.783255 0.157418 -0.965933 0.205408
-4.195890 -308.295916 -2511.829438 -14807.085147 0.749111 0.242980 0.616274 0.646216 -0.472693 -0.599138 -0.145730 -0.847067 0.511117
0.772864 -314.864652 -101.595045 -14194.674258 0.764093 0.256522 0.591911 0.633577 -0.471098 -0.613716 -0.121416 -0.843957 0.522489
-4.788422 -277.681455 -295.288533 -7617.812728 0.751627 0.243382 0.613044 0.655354 -0.380718 -0.652353 -0.074626 -0.892087 0.445660
0.118781 -290.587290 -2335.574365 33143.206964 0.775595 0.221093 0.591245 0.626874 -0.159919 -0.762532 0.074039 -0.962052 0.262630
-2.572548 -257.135358 -1974.211478 28510.835401 0.800268 0.233706 0.552226 0.523489 0.176865 -0.833474 0.292457 -0.956086 -0.019197
-5.567354 -262.740547 27.425656 21100.299141 0.756159 0.247561 0.605753 0.621278 0.019133 -0.783357 0.205518 -0.968683 0.139336
-8.029897 -261.545191 -321.952539 30651.645127 0.767717 0.247440 0.591088 0.504257 0.335893 -0.795550 0.395393 -0.908818 -0.133097
-7.102918 -288.564186 -1105.198657 31023.977587 0.791392 0.256638 0.554829 0.461073 0.345349 -0.817402 0.401386 -0.902702 -0.154977
-30.390960 -121.571788 2018.658394 5303.617671 -0.369046 -0.170184 -0.913697 0.878404 0.257335 -0.402722 0.303663 -0.951218 0.054522
-24.410340 -132.340377 925.263589 5335.350405 -0.363218 -0.165484 -0.916890 0.929313 0.006116 -0.369243 0.066712 -0.986193 0.151565
-23.556338 -128.268544 1334.350442 7358.260744 -0.415246 -0.123075 -0.901345 0.889335 0.153597 -0.430686 0.191451 -0.980439 0.045674
-8.516432 -56.015485 -5323.336510 7211.810778 -0.701126 0.374212 -0.606949 0.702579 0.217308 -0.677613 -0.121676 -0.901522 -0.415274
-9.933164 -40.079062 -5195.750844 5883.542328 -0.678262 0.378763 -0.629683 0.733577 0.299187 -0.610206 -0.042730 -0.875800 -0.480779
1.387758 -53.816507 -4830.007562 7299.156297 -0.642911 0.388589 -0.660049 0.759081 0.208172 -0.616815 -0.102284 -0.897587 -0.428807
2.042083 -69.365267 -4342.028067 6944.854511 -0.677281 0.382224 -0.628646 0.704072 0.088793 -0.704555 -0.213479 -0.919794 -0.329251
-16.123914 -44.533897 2767.628872 785.015715 -0.275929 0.946739 -0.165976 0.035831 -0.162428 -0.986070 0.960510 0.278033 -0.010896
-5.104353 -44.370280 2623.700031 -4010.143867 -0.300685 0.953723 -0.001265 0.101229 0.030596 -0.994393 0.948336 0.299127 0.105745
-11.376409 -39.906530 2464.055255 -5164.846727 -0.259511 0.939799 -0.222334 0.223794 -0.165432 -0.960494 0.939452 0.299016 0.167390
14.427978 -351.901640 -1211.676822 -118296.979162 -0.079163 -0.602530 0.794161 0.854920 -0.450756 -0.256769 0.512684 0.658617 0.550798
7.524792 -950.501199 1090.226659 -310329.029527 0.035553 0.609650 -0.791873 0.779532 -0.512744 -0.359754 0.625353 0.604500 0.493471
42.669087 -1441.746356 5697.116952 606823.178563 0.078787 0.629777 -0.772770 -0.580037 0.659413 0.478259 0.810771 0.410555 0.417247
7.972804 -233.296635 -688.793125 -50824.542635 -0.035234 -0.588546 0.807695 0.902604 -0.365694 -0.227098 0.429027 0.721028 0.544109
326.606535 -4820.780484 29965.566816 -1743169.918263 0.069804 0.662312 -0.745969 0.809572 -0.474533 -0.345560 0.582856 0.579794 0.569314
4.804474 -160.056894 2006.984194 -31927.301575 -0.043285 -0.621505 0.782213 0.901680 -0.361468 -0.237307 0.430233 0.695034 0.576045
6.294911 -285.685110 531.888149 -109729.675136 -0.117868 -0.607264 0.785709 0.885076 -0.423013 -0.194167 0.450275 0.672526 0.587334
-13.732404 -104.417700 7728.134740 -22182.378344 -0.345367 -0.530450 0.774173 0.885830 -0.456655 0.082286 0.309881 0.714205 0.627602
-26.513715 -71.052805 5606.074930 -5696.731139 -0.455537 -0.460823 0.761662 0.856188 -0.461093 0.233100 0.243779 0.758311 0.604596
-6.683631 -66.476167 -2524.264380 -4352.157324 -0.251182 -0.518621 0.817276 0.916351 -0.399381 0.028196 0.311781 0.755994 0.575557
1.483825 -156.227348 1623.470617 -38998.035634 -0.267582 -0.564135 0.781122 0.887382 -0.460162 -0.028352 0.375438 0.685567 0.623734
-94.444387 -158.567318 30606.134046 36278.212876 0.578128 0.804959 -0.133454 -0.490066 0.473325 0.731982 -0.652383 0.357778 -0.668126
-109.139308 -168.968762 -4926.717317 44055.032415 0.277444 0.896229 -0.346118 -0.383303 0.433605 0.815516 -0.880967 0.093592 -0.463828
-85.333209 -106.100936 13903.147818 24036.161511 0.490140 0.838452 -0.238246 -0.313233 0.424500 0.849520 -0.813418 0.341757 -0.470695
-57.134234 -124.068904 36696.018144 23735.863068 0.623918 0.781064 0.025787 -0.473290 0.351398 0.807784 -0.621870 0.516196 -0.588914
-6.989546 -30.754338 650.595878 -2228.091371 0.280013 0.821003 -0.497540 0.699567 0.180412 0.691417 -0.657418 0.541668 0.523829
-10.336118 -24.858115 284.814758 -2255.858026 0.214212 0.811298 -0.543975 0.685690 0.271725 0.675274 -0.695660 0.517650 0.498092
-4.986385 -28.689854 -2192.502099 -2601.946992 0.073817 0.767030 -0.637351 0.745945 0.381710 0.545768 -0.661904 0.515716 0.543986
0.833912 -34.205125 -1829.469464 -2479.210291 0.045622 0.753955 -0.655340 0.787555 0.376435 0.487907 -0.614553 0.538376 0.576607
-2.117325 -33.662608 -1336.082844 -2254.714643 0.141891 0.788763 -0.598096 0.777520 0.285140 0.560498 -0.612642 0.544562 0.572820
39.285262 -55.181324 -22756.402397 -1278.016603 -0.055809 0.993480 0.099412 -0.924619 -0.013852 -0.380640 0.376781 0.113162 -0.919364
4.555445 -54.850544 -7051.207370 -2870.130603 -0.323612 0.943984 0.064574 -0.874536 -0.272356 -0.401261 0.361196 0.186325 -0.913685
-3.975570 -59.357328 -3550.565379 -4169.406292 -0.305311 0.948525 0.084179 -0.825902 -0.219762 -0.519221 0.473994 0.228048 -0.850484
77.713070 -36.576983 -45915.706265 2230.703358 0.038434 0.996197 0.078190 -0.973842 0.054879 -0.220500 0.223953 0.067670 -0.972248
29.393327 -54.377694 -19037.324221 -2045.646397 -0.022605 0.986646 0.161300 -0.865325 0.061496 -0.497425 0.500702 0.150821 -0.852379
93.699382 -46.945965 -32383.184442 297.808853 0.174993 0.948088 0.265529 -0.876333 0.272917 -0.396933 0.448795 0.163231 -0.878600
134.972685 -43.998952 -58726.452327 1955.679268 0.186488 0.971502 0.146308 -0.942254 0.219027 -0.253346 0.278172 0.090613 -0.956248
-1.265606 -62.323711 4661.090941 -686.967782 0.423113 -0.662617 0.617992 0.870680 0.486113 -0.074903 -0.250782 0.569766 0.782608
6.700482 -63.763781 3824.087531 -2014.672667 0.416834 -0.657817 0.627317 0.828729 0.558552 0.035043 -0.373441 0.505268 0.777975
5.138875 -65.060542 4528.397411 -1516.471416 0.355343 -0.697173 0.622641 0.893568 0.448868 -0.007362 -0.274351 0.558988 0.782473
1.330990 -60.451582 329.240937 -1008.638793 0.546431 -0.566184 0.617129 0.762419 0.641240 -0.086771 -0.346600 0.517925 0.782063
-6.736197 -59.645606 531.877303 2168.356940 0.463998 -0.615385 0.637187 0.866090 0.466179 -0.180457 -0.185993 0.635593 0.749285
-15.582514 -131.847877 1517.277099 14270.808716 0.354035 -0.247369 -0.901924 0.920414 0.263152 0.289118 0.165825 -0.932502 0.320847
-18.577881 -127.987103 791.049577 9157.767875 0.375956 -0.293959 -0.878775 0.924605 0.056230 0.376753 -0.061337 -0.954163 0.292936
-15.286335 -145.376282 1289.386449 10600.529248 0.392126 -0.248722 -0.885649 0.911265 -0.026670 0.410957 -0.125834 -0.968208 0.216194
-10.861970 -142.276689 2269.465107 15626.117183 0.368991 -0.196322 -0.908462 0.925823 0.163699 0.340667 0.081834 -0.966778 0.242163
65.232612 -35.885587 14506.355853 -5150.680543 0.143981 -0.319725 0.936507 -0.007904 0.945966 0.324169 -0.989549 -0.054076 0.133674
55.133222 -25.738678 6259.054081 -3709.034765 0.074532 -0.355746 0.931606 -0.077168 0.929345 0.361057 -0.994228 -0.098801 0.041814
58.068908 -29.844223 -2653.773905 -3326.182766 -0.163707 -0.231734 0.958905 0.015696 0.971284 0.237406 -0.986384 0.053916 -0.155369
196.681619 -42.814948 70754.860402 -4571.652976 0.617226 0.786358 0.025953 -0.287035 0.194341 0.937999 -0.732559 0.586407 -0.345664
25.584509 -32.816572 25368.277579 -1535.182169 0.551722 0.832236 -0.054639 -0.211705 0.203111 0.955995 -0.806712 0.515877 -0.288250
83.008832 -38.998776 40696.058328 -8223.601314 0.569742 0.819671 -0.059442 -0.229732 0.228294 0.946100 -0.789061 0.525377 -0.318374
268.015281 -58.198871 93457.364455 -5190.016523 0.647996 0.757779 -0.076636 -0.209786 0.274304 0.938481 -0.732183 0.592055 -0.336719
-67.069136 -168.600314 -1631.634369 16773.262612 0.897687 0.311189 0.311959 -0.141523 -0.466847 0.872940 -0.417287 0.827777 0.375042
-68.789496 -170.361552 2981.107016 17243.495673 0.946527 0.158315 0.281111 -0.204491 -0.379547 0.902290 -0.249541 0.911527 0.326877
-69.167653 -169.448228 84.830272 6972.607931 0.899852 0.276261 0.337560 -0.308595 -0.143733 0.940271 -0.308278 0.950274 0.044086
-65.813663 -163.162344 -721.082848 638.203367 0.926154 0.248164 0.283995 -0.092977 -0.579532 0.809628 -0.365505 0.776245 0.513663
-61.875118 -165.567356 -4913.052749 8074.024319 0.841849 0.406192 0.355384 -0.253684 -0.283390 0.924843 -0.476376 0.868734 0.135527
-55.268887 -161.631024 -4682.551433 16902.279933 0.826346 0.457778 0.328011 -0.039374 -0.534056 0.844532 -0.561784 0.710791 0.423291
-60.369025 -159.723153 -5275.249653 2806.832230 0.854867 0.402557 0.327337 0.009112 -0.642444 0.766279 -0.518767 0.652084 0.552872
-35.273145 -43.494025 -552.107531 2969.358496 -0.548274 0.803059 0.233435 0.451189 0.519063 -0.725949 0.704147 0.292696 0.646920
-31.897648 -47.511446 -1443.557437 1157.001781 0.737033 -0.523636 -0.427303 0.188463 0.766395 -0.614102 0.649048 0.372082 0.663544
-29.918128 -54.522071 -56.895903 3873.238061 -0.619421 0.746287 0.243666 0.481708 0.606385 -0.632657 0.619900 0.274505 0.735100
-25.931517 -56.248840 -2128.288739 2868.928987 0.755459 -0.581251 -0.302372 0.308722 0.722847 -0.618209 0.577904 0.373683 0.725526
-26.803167 -57.208203 -2084.745612 4125.240545 -0.412394 0.899290 0.145633 0.643133 0.400611 -0.652603 0.645221 0.175468 0.743573
-23.867181 -71.579968 631.793873 6353.005496 -0.677399 0.698882 0.229553 0.515770 0.673737 -0.529207 0.524512 0.240088 0.816851
-22.925260 -71.292831 -1360.979125 7259.834135 -0.549644 0.810463 0.202583 0.632231 0.562064 -0.533262 0.546054 0.165025 0.821335
-51.225062 -135.890319 -13251.727597 -10958.868167 -0.379916 -0.531962 -0.756756 0.801574 -0.597634 0.017692 -0.461675 -0.599874 0.653458
-46.267739 -127.940219 -4779.375482 -14491.744976 -0.319158 -0.450667 -0.833689 0.805625 -0.592309 0.011770 -0.499106 -0.667885 0.552108
-58.348286 -263.766568 -7181.466933 -75910.502754 -0.576056 -0.403257 -0.711015 0.771162 -0.556544 -0.309139 -0.271049 -0.726390 0.631578
-37.850270 -221.400888 -936.609243 -44063.595075 -0.638470 -0.424988 -0.641670 0.728821 -0.601782 -0.326617 -0.247337 -0.676198 0.693960
133.807377 -393.007616 86430.178533 -163623.511920 0.836050 0.274274 0.475178 0.547203 -0.479767 -0.685852 -0.039864 -0.833425 0.551192
-44.856903 -161.135190 1500.007155 927.841031 -0.548987 -0.513933 -0.659156 0.835831 -0.337934 -0.432652 -0.000397 -0.788463 0.615082
20.242677 -35.746753 -1668.613380 -10757.223874 -0.111372 0.700529 -0.704880 0.144649 0.713166 0.685909 0.983195 -0.025569 -0.180758
17.429980 -47.928230 -1739.773094 -2274.291799 -0.127812 0.701685 -0.700930 -0.019175 0.704846 0.709101 0.991613 0.104073 -0.076633
23.972219 -33.015063 -2870.834667 10203.574352 -0.132561 0.774741 -0.618226 -0.153049 -0.632249 -0.759498 0.979287 0.006061 -0.202384
29.634569 -9.717669 -5003.418168 16598.999883 -0.082566 0.805952 -0.586195 -0.264897 -0.584792 -0.766712 0.960735 -0.091977 -0.261778
34.798174 -2.339288 -5048.890684 15704.141974 -0.102810 0.884645 -0.454790 -0.298275 -0.463590 -0.834336 0.948927 -0.049874 -0.311530
10.481663 -40.675263 -5342.971987 1760.387300 -0.563443 0.038372 0.825264 0.701349 -0.505716 0.502355 0.436626 0.861846 0.258030
2.271216 -36.438095 -3621.021468 1133.548542 -0.599211 0.042581 0.799458 0.625864 -0.597792 0.500938 0.499240 0.800520 0.331553
9.261166 -35.411965 -1764.189465 1536.431827 -0.498409 -0.074240 0.863757 0.750336 -0.536015 0.386891 0.434264 0.840938 0.322860
19.336658 -43.104494 -3500.500792 3932.956837 -0.467548 -0.071313 0.881086 0.798118 -0.462543 0.386085 0.380008 0.883724 0.273177
-22.725258 -37.236167 -532.166695 687.274526 0.057745 0.446608 -0.892865 -0.482709 0.795353 0.366614 0.873875 0.409824 0.261509
-20.880437 -39.499543 -959.740487 610.282583 0.180863 0.344737 -0.921111 -0.428932 0.870442 0.241551 0.885046 0.351406 0.305299
-24.098366 -39.366269 -1107.733482 902.484092 0.143204 0.316409 -0.937752 -0.365232 0.897533 0.247064 0.919836 0.307116 0.244093
-19.744748 -38.344298 -429.204361 750.247796 0.138621 0.412432 -0.900380 -0.519345 0.804391 0.288506 0.843247 0.427615 0.325700
-27.076098 -38.078888 -532.877325 687.967340 0.013910 0.441134 -0.897333 -0.384251 0.830869 0.402503 0.923124 0.339202 0.181064
-18.995550 -34.921215 -229.631905 939.755769 0.044676 0.504221 -0.862418 -0.586698 0.711965 0.385864 0.808573 0.488740 0.327633
-21.819523 -34.950711 -406.975962 385.821301 -0.100299 0.607322 -0.788099 -0.539173 0.632529 0.556056 0.836201 0.480694 0.264010
-25.716218 -36.548530 -309.248222 195.812239 -0.129578 0.623335 -0.771144 -0.443936 0.658934 0.607229 0.886640 0.421023 0.191338
31.151844 -755.168547 651.315088 -231115.657863 -0.246521 0.333809 0.909835 0.055041 0.942116 -0.330739 -0.967573 -0.031456 -0.250625
15.542566 -444.142156 -138.444547 -90825.715996 -0.220017 0.326588 0.919202 -0.269357 0.885319 -0.379021 -0.937571 -0.330984 -0.106816
11.631944 -435.799711 -2544.517156 -79749.934148 -0.280022 0.275867 0.919502 -0.364847 0.855370 -0.367736 -0.887961 -0.438452 -0.138873
12.506715 -265.570857 -887.710769 -14148.132467 -0.299174 0.267711 0.915874 -0.112308 0.943286 -0.312409 -0.947566 -0.196324 -0.252141
13.021812 -248.328634 -1783.874325 8658.149734 -0.314123 0.172202 0.933634 -0.476491 0.821984 -0.311926 -0.821147 -0.542852 -0.176152
-306.310676 -456.259050 -85588.848039 -63571.941811 0.560269 -0.665463 -0.493211 0.796139 0.596974 0.098919 0.228607 -0.448086 0.864267
-348.855958 -1436.405401 -36299.702341 -527458.112074 0.207631 -0.705035 -0.678096 0.973365 0.080023 0.214840 -0.097206 -0.704643 0.702872
-271.551451 -773.925982 4018.266268 -196139.966998 0.459914 -0.317052 -0.829432 0.775431 0.598525 0.201183 0.432651 -0.735694 0.521122
23.701738 -53.275098 5096.588936 -46.907846 0.833366 -0.269277 0.482692 0.314506 0.949160 -0.013490 -0.454519 0.163051 0.875686
13.551215 -50.672935 3999.024342 837.700857 0.846341 -0.237792 0.476616 0.354604 0.919236 -0.171058 -0.397446 0.313784 0.862309
12.468884 -53.078244 5582.360712 2066.394694 0.896970 -0.167692 0.409054 0.234682 0.964747 -0.119110 -0.374660 0.202835 0.904703
-65.857599 -91.775165 -1969.653939 2855.753501 0.164559 0.279581 -0.945915 0.973173 -0.202353 0.109492 -0.160797 -0.938556 -0.305380
-52.625101 -81.997389 -151.614137 5236.466946 -0.301581 0.136611 -0.943603 0.952155 0.094535 -0.290628 0.049500 -0.986104 -0.158585
-63.621654 -90.428855 -1452.492051 2159.375136 -0.081521 0.180268 -0.980233 0.982704 -0.149539 -0.109227 -0.166273 -0.972184 -0.164960
-51.282697 -79.127418 1871.873480 -1542.665940 0.760714 0.507992 0.404052 0.605860 -0.332338 -0.722831 0.232911 -0.794667 0.560587
-50.121138 -79.309321 1113.954512 483.888242 0.724627 0.575706 0.378786 0.647429 -0.380384 -0.660412 0.236119 -0.723789 0.648365
-5.034847 -149.160045 1822.130031 5493.414328 0.527705 0.134724 0.838676 0.142082 0.959432 -0.243522 -0.837460 0.247668 0.487155
-4.731100 -160.243897 3248.994959 6941.798057 0.539797 0.145543 0.829118 -0.073002 0.989323 -0.126137 -0.838624 0.007561 0.544659
-1.290545 -170.139111 2693.859319 8990.485448 0.544321 0.134338 0.828051 0.037949 0.982141 -0.184282 -0.838018 0.131732 0.529502
-7.109750 -159.891516 59.493563 5511.559937 0.502509 0.140331 0.853107 -0.043515 0.989594 -0.137150 -0.863476 0.031796 0.503387
-2.852554 -147.944095 1978.363687 10012.063799 0.546057 0.138488 0.826222 0.300904 0.888005 -0.347713 -0.781843 0.438485 0.443229
-5.296406 -136.755354 166.436068 4046.721910 0.515494 0.151662 0.843365 0.334255 0.870655 -0.360878 -0.789012 0.467929 0.398123
-7.040658 -150.907088 -430.850591 2164.422555 0.495532 0.144780 0.856438 0.155300 0.955354 -0.251358 -0.854593 0.257561 0.450924
39.595060 -54.467531 -5134.533894 1812.121368 0.234961 0.269074 -0.934020 0.752040 0.558470 0.350067 0.615816 -0.784672 -0.071136
44.893406 -54.664899 -314.994311 795.881830 0.189041 0.362194 -0.912731 0.674814 0.627325 0.388703 0.713365 -0.689405 -0.125824
45.581822 -56.513378 3298.136511 1604.269485 0.132299 0.405765 -0.904351 0.756529 0.548164 0.356624 0.640438 -0.731349 -0.234452
41.487791 -55.808562 -1500.119728 1339.610857 0.173266 0.324556 -0.929862 0.835706 0.451124 0.313180 0.521128 -0.831355 -0.193069
-9.888473 -73.090082 -514.518051 1364.011880 -0.086856 -0.667665 0.739377 0.000704 0.742141 0.670244 -0.996221 0.058735 -0.063989
-7.515397 -76.912722 -859.556772 1925.963361 -0.125217 -0.668185 0.733382 -0.064134 0.743106 0.666094 -0.990054 0.036372 -0.135903
-5.691453 -78.631997 -924.188592 -628.410284 -0.137938 -0.690535 0.710024 -0.252615 0.717696 0.648920 -0.957684 -0.089852 -0.273438
-3.787915 -78.228002 732.488496 1647.763148 -0.165955 0.688051 -0.706431 0.290606 0.718675 0.631708 0.942341 -0.100458 -0.319219
-7.557758 -94.962126 -2454.911665 -7866.458378 0.198356 0.519624 -0.831051 0.971982 -0.213388 0.098570 -0.126117 -0.827319 -0.547392
-5.808411 -90.951472 -2451.124009 -4440.738645 0.193641 0.512877 -0.836337 0.940552 -0.339514 0.009567 -0.279041 -0.788472 -0.548132
-7.457958 -48.889236 3977.141446 -1271.842669 -0.480993 0.601760 -0.637598 0.792780 0.609065 -0.023230 0.374360 -0.516648 -0.770019
0.704719 -48.662831 10164.005615 -318.573666 -0.409973 0.691388 -0.594900 0.850191 0.525869 0.025255 0.330300 -0.495425 -0.803403
-12.071820 -97.602925 -1579.280528 4306.093638 0.538846 0.107610 0.835503 0.669084 0.547935 -0.502089 -0.511832 0.829570 0.223253
-16.223879 -115.585821 -2064.632350 -13496.528929 0.584757 0.144367 0.798259 0.705097 0.396126 -0.588152 -0.401121 0.906776 0.129845
-10.498449 -110.943595 -1994.718723 -3282.976330 0.590281 0.175880 0.787803 0.668111 0.441244 -0.599109 -0.452985 0.879983 0.142950
-15.482350 -89.738898 -490.647131 2635.365857 0.544011 0.071009 0.836068 0.720804 0.470519 -0.508973 -0.429527 0.879528 0.204784
-7.357704 -112.360372 -625.330012 7943.688502 0.546837 0.136190 0.826088 0.598418 0.626486 -0.499412 -0.585547 0.767442 0.261087
-6.177353 -115.345882 -1468.557586 11245.412296 0.504142 0.089876 0.858932 0.560140 0.722972 -0.404418 -0.657331 0.685006 0.314137
-9.797512 -110.194010 -1372.244398 13741.349663 0.479863 0.052125 0.875794 0.656822 0.640452 -0.398003 -0.581649 0.766228 0.273093
-0.926372 -138.482965 -255.455415 -4401.527992 -0.049018 0.708848 -0.703656 -0.335606 -0.675231 -0.656834 0.940726 -0.203955 -0.270992
0.359935 -133.631612 390.711398 -3982.616331 -0.061951 0.706394 -0.705102 -0.204316 -0.700474 -0.683806 0.976943 -0.101702 -0.187723
1.276223 -307.605366 -1449.235880 -34301.122757 0.738457 0.267195 0.619103 0.564655 -0.746891 -0.351166 -0.368573 -0.608901 0.702420
-1.483562 -272.647979 -1879.059642 -32634.809354 0.747210 0.243013 0.618564 0.581788 -0.689087 -0.432067 -0.321246 -0.682718 0.656275
-18.479193 -139.415047 1181.977174 6183.760201 -0.394622 -0.118157 -0.911215 0.915725 -0.132212 -0.379431 -0.075641 -0.984154 0.160373
-140.061669 -2246.752163 -27091.893324 890291.084708 -0.561978 -0.290612 0.774419 0.038724 0.925978 0.375587 -0.826245 0.241060 -0.509126
-26.123373 -410.842663 -14642.526881 135337.945164 0.939399 -0.310191 0.145984 0.242586 0.300558 -0.922397 -0.242243 -0.901913 -0.357592
-8905.941657 -104095.657532 -2092469.890864 -63988981.326616 0.973383 -0.156439 0.167486 0.228412 0.722088 -0.653006 0.018784 -0.673881 -0.738601
-21.945540 -1401.685375 6633.376451 481367.190158 0.870360 -0.036752 0.491043 0.476931 -0.185202 -0.859207 -0.122520 -0.982013 0.143664
-23.235432 -34.767402 2196.167652 1876.752927 0.930234 -0.228150 0.287423 0.365221 0.499279 -0.785706 -0.035755 -0.835864 -0.547771
-13.141773 -28.357588 -5227.360906 3373.796472 -0.688558 0.371805 -0.622614 0.725121 0.363994 -0.584557 0.009286 -0.853973 -0.520235
-18.884013 -45.506298 4761.433802 6135.438370 0.781117 -0.354450 0.514026 0.619927 0.342052 -0.706181 -0.074482 -0.870268 -0.486915
5.529727 -43.401417 2502.196873 -9161.741989 -0.313517 0.944607 0.097077 0.168741 0.156024 -0.973233 0.934470 0.288744 0.208310
1.199394 -36.670883 2989.496014 -9640.090238 -0.307962 0.951186 -0.020127 0.239890 0.057162 -0.969116 0.920659 0.303279 0.245783
-24.180173 -61.960675 -2296.244666 -1745.832102 -0.441886 -0.216299 -0.870604 -0.332567 0.940840 -0.064951 0.833148 0.260834 -0.487678
-22.187805 -60.088100 1512.727222 -225.393201 -0.541215 -0.053271 -0.839195 -0.151566 0.987826 0.035043 0.827112 0.146159 -0.542700
-18.550604 -60.802876 3015.931555 359.224626 -0.538009 -0.091682 -0.837938 -0.296734 0.951038 0.086465 0.788984 0.295163 -0.538872
-8.397729 -120.614136 131.963436 -6466.274475 0.076549 0.729232 -0.679971 0.992381 0.010308 0.122775 0.096541 -0.684188 -0.722887
-6.079619 -111.241116 434.868455 -4569.645494 0.107829 0.736475 -0.667815 0.981487 -0.185811 -0.046439 -0.158289 -0.650445 -0.742877
-7.030771 -115.128254 332.436392 -7560.374685 0.064894 0.743956 -0.665070 0.997825 -0.056084 0.034627 -0.011539 -0.665871 -0.745977
-7.867423 -126.599666 667.315674 -7872.380975 0.042518 0.742141 -0.668894 0.975874 0.112659 0.187026 0.214156 -0.660708 -0.719446
9.861979 -440.094086 -555.823455 -147532.499734 -0.037700 -0.591277 0.805587 0.844857 -0.449383 -0.290296 0.533663 0.669661 0.516487
14.703776 -541.364790 2607.842764 -158696.876324 -0.010237 0.670522 -0.741819 0.656186 -0.555279 -0.510966 0.754530 0.492002 0.434302
17.814921 -501.861544 3047.823532 132531.447530 0.030730 0.674732 -0.737423 -0.404830 0.682952 0.608021 0.913876 0.279846 0.294138
-170.778273 -350.805968 -34216.948173 22929.564625 0.971949 -0.217454 0.089606 -0.033743 0.248118 0.968142 0.232759 0.944008 -0.233820
-131.530344 -492.837347 -24663.290834 154757.509877 0.978765 -0.190811 0.074904 -0.127962 -0.283274 0.950464 0.160141 0.939865 0.301675
-184.049846 -411.873638 -30172.542763 107187.764450 0.909236 -0.407380 0.085623 -0.160188 -0.152552 0.975227 0.384226 0.900427 0.203963
-265.522567 -343.359789 -48234.977730 15161.388542 0.831956 -0.413665 0.369772 -0.191206 0.411869 0.890957 0.520855 0.811940 -0.263561
-14.333363 -57.296925 1272.095583 -401.662403 -0.247179 0.735489 -0.630840 -0.499723 0.461022 0.733304 -0.830168 -0.496502 -0.253586
-13.365930 -53.428325 -624.541725 -2568.830236 -0.254110 0.690815 -0.676906 -0.596487 0.438990 0.671931 -0.761335 -0.574510 -0.300510
-12.021348 -57.896318 -181.083557 -262.995754 -0.267158 0.702794 -0.659324 -0.481056 0.495579 0.723178 -0.834992 -0.510374 -0.205685
-6.549574 -55.893176 -2464.568381 434.164779 -0.260071 0.628880 -0.732716 -0.431198 0.603322 0.670873 -0.863963 -0.490420 -0.114265
-12.364026 -60.118352 908.351743 -257.351855 -0.232910 0.710156 -0.664403 -0.430325 0.537407 0.725268 -0.872108 -0.454832 -0.180430
-113.415409 -182.160435 7251.190145 34347.000081 0.409967 0.853656 -0.321245 -0.600238 0.517695 0.609676 -0.686761 0.057124 -0.724635
-138.145747 -193.861623 -27192.695451 50000.805998 0.069085 0.878256 -0.473174 -0.499440 0.441037 0.745685 -0.863590 -0.184806 -0.469105
-82.077182 -128.044389 25858.927003 18713.921644 -0.259301 -0.474693 0.841088 -0.248222 0.874376 0.416955 -0.933353 -0.100660 -0.344556
-11.217665 -26.926351 2117.187700 -1080.945720 0.426588 0.845519 -0.321125 0.563248 0.029447 0.825763 -0.707654 0.533133 0.463675
9.720252 -53.983916 -5334.591980 2505.641999 -0.376841 0.924257 0.061160 -0.892396 -0.344569 -0.291380 0.248236 0.164383 -0.954650
13.624717 -65.429462 4640.514912 -1652.551404 0.323863 -0.708943 0.626508 0.876195 0.474567 0.084074 -0.356924 0.521715 0.774867
19.368891 -60.883576 -2898.263820 -1777.006991 -0.356660 0.680267 -0.640336 0.804678 0.571918 0.159385 -0.474644 0.458418 0.751376
14.254883 -59.729869 2079.515513 -1810.792198 0.516228 -0.595744 0.615303 0.717287 0.693306 0.069477 -0.467984 0.405483 0.785223
-46.461691 -106.409689 2748.369049 3453.017187 0.674605 0.052099 0.736338 -0.599218 -0.543896 0.587464 -0.431098 0.837533 0.335697
-40.872543 -106.552791 427.993818 7962.225293 0.699411 -0.029270 0.714120 -0.593887 -0.579700 0.557894 -0.397646 0.814304 0.422832
-43.596601 -121.305343 985.051865 -13686.351454 0.631450 0.027965 0.774913 0.708662 0.384838 -0.591352 -0.314753 0.922560 0.223188
-39.759140 -125.872848 1561.315353 17970.130834 0.698863 -0.065676 0.712234 -0.660424 -0.441614 0.607303 -0.274647 0.894798 0.352002
-4.604719 -136.849115 3691.372185 6153.794397 0.141619 -0.413806 -0.899282 -0.490285 0.759872 -0.426866 0.859980 0.501357 -0.095270
-3.637418 -141.631435 2465.123717 7295.864657 0.144422 -0.421271 -0.895362 -0.531540 0.730187 -0.429292 0.834630 0.537920 -0.118467
-3.392157 -127.847445 -1760.481544 -1844.711469 -0.180874 0.455053 0.871901 0.711885 -0.551113 0.435309 0.678604 0.699430 -0.224264
-4.427849 -150.234192 2379.046478 5906.857383 0.129480 -0.392431 -0.910622 -0.245597 0.877046 -0.412883 0.960686 0.277106 0.017180
-5.238773 -115.343814 1581.317235 5203.999590 0.180438 -0.433681 -0.882815 -0.629694 0.638569 -0.442398 0.755598 0.635729 -0.157864
-7.682594 -120.676105 -37.893208 6085.476894 0.189780 -0.413251 -0.890622 -0.450233 0.769480 -0.452980 0.872510 0.486954 -0.040028
-7.118289 -134.610259 1216.297654 3623.031608 0.166252 -0.392031 -0.904805 -0.261307 0.867256 -0.423775 0.950831 0.306885 0.041743
52.681981 -19.409847 -5036.266365 -4099.957105 -0.111129 -0.282618 0.952773 -0.066448 0.958679 0.276620 -0.991582 -0.032569 -0.125316
42.559847 -17.993194 -1876.239409 -1674.160846 0.032442 -0.400997 0.915505 -0.114238 0.908496 0.401976 -0.992924 -0.117626 -0.016336
81.519853 -27.425930 53754.988164 -567.527923 0.587823 0.804694 0.083262 -0.302527 0.123198 0.945145 -0.750295 0.580767 -0.315860
230.331716 -58.911819 82591.746377 -976.787517 0.866668 -0.202794 0.455809 0.471641 0.035258 -0.881085 -0.162608 -0.978586 -0.126203
139.925056 -55.630629 68848.328355 2051.715798 0.833495 -0.236573 0.499320 0.536326 0.129171 -0.834068 -0.132820 -0.962989 -0.234544
1494.580661 -93.272154 543200.297237 867.428913 0.834505 -0.294567 0.465652 0.520569 0.144525 -0.841499 -0.180579 -0.944639 -0.273950
-65.313736 -179.642876 5616.758582 11367.966552 0.944001 0.126692 0.304648 -0.301398 -0.044553 0.952457 -0.134242 0.990941 0.003873
-58.824159 -168.783486 6721.786209 12594.533624 0.975768 0.017619 0.218099 -0.201594 -0.315149 0.927384 -0.085073 0.948879 0.303960
-62.635595 -169.922486 4635.917470 -1678.281072 0.968633 0.080203 0.235198 -0.155899 -0.540913 0.826504 -0.193509 0.837246 0.511443
-31.398287 -43.998138 -448.646285 -1050.839182 0.708884 -0.191913 -0.678714 -0.182959 0.879301 -0.439723 0.681182 0.435890 0.588210
-26.808911 -48.097991 -2253.730576 1371.378392 0.785956 -0.391607 -0.478453 0.014452 0.785267 -0.618988 0.618114 0.479583 0.622845
-45.623031 -144.105476 3127.307428 -3831.847913 0.493552 0.287710 0.820749 -0.564457 0.823909 0.050615 -0.661660 -0.488258 0.569043
-30.058688 -89.036273 -3483.119687 25170.757149 0.398272 0.249744 0.882614 -0.623082 0.779813 0.060504 -0.673163 -0.574038 0.466189
133.427152 -6673.682125 33108.524252 -2955713.539612 -0.347068 -0.287839 -0.892576 0.814953 -0.563547 -0.135151 -0.464107 -0.774315 0.430164
14.857685 -53.914923 -1483.367117 1121.804424 -0.108431 0.658495 -0.744733 -0.155237 0.728744 0.666959 0.981908 0.187930 0.023204
18.108740 -48.382416 -2143.058296 1415.082994 -0.142799 0.687986 -0.711536 -0.149048 0.695758 0.702642 0.978465 0.206390 0.003190
-2.402046 -45.533680 4066.774731 606.238911 0.695560 -0.152455 -0.702107 0.541002 -0.531906 0.651455 0.472773 0.832967 0.287494
-5.504551 -37.791643 2418.870805 -977.293856 0.656839 -0.087382 -0.748950 0.532233 -0.649860 0.542596 0.534126 0.755014 0.380346
0.163058 -35.980309 -2349.757810 -907.351041 -0.554725 -0.044266 0.830855 0.653648 -0.641040 0.402259 0.514805 0.766230 0.384535
-7.991540 -42.550281 3058.321637 561.837446 0.740431 -0.215647 -0.636599 0.398084 -0.622443 0.673865 0.541563 0.752371 0.375030
-21.221121 -40.592589 -916.373578 -76.334224 0.243696 0.257194 -0.935128 -0.305189 0.935551 0.177778 0.920583 0.242066 0.306483
-19.797350 -41.906151 -531.990857 455.282508 0.252697 0.306659 -0.917662 -0.400167 0.896648 0.189443 0.880914 0.319347 0.349296
-19.401287 -40.553551 -497.790235 855.094242 0.222293 0.361004 -0.905683 -0.481291 0.848484 0.220076 0.847906 0.386975 0.362360
8.641724 -447.946393 2114.687326 -61585.467459 -0.172465 0.348942 0.921138 0.147225 0.933778 -0.326165 -0.973951 0.079363 -0.212417
10.479094 -492.943443 4037.975472 -104484.947125 -0.129795 0.379145 0.916189 -0.286700 0.870186 -0.400724 -0.949187 -0.314684 -0.004245
11.641174 -456.614819 595.358797 -64264.844198 -0.202999 0.331495 0.921359 0.191372 0.936236 -0.294683 -0.960296 0.116502 -0.253494
-575.683759 -1138.252346 -46609.418365 -332275.339011 0.182348 -0.804444 -0.565349 0.818689 -0.194207 0.540400 -0.544516 -0.561386 0.623175
-259.386832 -1026.037673 29345.159499 -349840.764250 -0.192731 -0.485115 -0.852946 0.927162 -0.374644 0.003579 -0.321288 -0.790130 0.521986
-264.140131 -574.793734 35554.767148 -158820.221264 0.190409 -0.224558 -0.955677 0.973934 0.165457 0.155169 0.123279 -0.960311 0.250210
2.688417 -47.589572 1309.407713 1879.108600 0.879564 -0.155356 0.449702 0.287767 0.926413 -0.242796 -0.378889 0.342964 0.859546
-32.377352 -92.050371 8433.583963 5944.762020 0.289164 0.464097 -0.837256 0.955557 -0.087489 0.281526 0.057404 -0.881453 -0.468770
-35.173300 -89.143670 9011.199215 19168.154927 0.380850 0.503473 -0.775544 0.875849 0.072417 0.477120 0.296380 -0.860971 -0.413386
-2.144434 -180.663304 3738.328535 4736.804347 0.550081 0.149235 0.821669 -0.264892 0.964275 0.002201 -0.791987 -0.218864 0.569961
-5.753087 -162.775194 1458.719467 5286.206896 0.518246 0.146115 0.842657 -0.278972 0.960286 0.005060 -0.808453 -0.237700 0.538427
39.740818 -51.541093 -8694.132192 563.666841 0.295304 0.254105 -0.920992 0.678793 0.622572 0.389416 0.672336 -0.740159 0.011363
38.276329 -48.304405 -6066.812194 459.974175 0.291915 0.312701 -0.903883 0.576859 0.696247 0.427169 0.762902 -0.646110 0.022861
41.529527 -53.097267 2952.444760 461.575879 0.121842 0.441802 -0.888800 0.585892 0.690803 0.423700 0.801177 -0.572365 -0.174680
-8.665220 -71.715941 -1131.424886 2223.164975 -0.114831 -0.646649 0.754094 0.096873 0.748208 0.656353 -0.988650 0.148421 -0.023275
-10.743713 -67.689063 -1203.514414 3042.998287 -0.099187 -0.644134 0.758455 0.190524 0.735818 0.649825 -0.976659 0.208958 0.049739
-6.933842 -74.590998 -584.169537 1889.836658 -0.122920 -0.648791 0.750973 0.101505 0.744524 0.659834 -0.987212 0.157334 -0.025661
-8.516972 -67.307418 -1384.248773 1725.192446 -0.115369 -0.625279 0.771826 0.266877 0.728934 0.630422 -0.956800 0.278714 0.082776
-2.363800 -82.202221 2426.534726 -2605.008321 -0.183885 0.706790 -0.683106 -0.371531 -0.693379 -0.617407 0.910028 -0.140263 -0.390096
-4.472906 -81.516061 1573.952825 -2063.125430 -0.170171 0.705033 -0.688455 -0.455699 -0.675756 -0.579390 0.873716 -0.215133 -0.436277
-4.654239 -79.277233 -398.285846 928.827513 -0.147463 0.684419 -0.714021 0.371829 0.707318 0.601202 0.916514 -0.176838 -0.358790
-5.029301 -108.793767 -2020.501183 -9151.871998 0.233189 0.505324 -0.830825 0.961958 -0.244928 0.121025 -0.142336 -0.827441 -0.543215
-2.272545 -98.630543 -2621.130696 -2889.319142 0.182959 0.512319 -0.839080 0.913078 -0.404933 -0.048147 -0.364437 -0.757336 -0.541874
-5.088375 -92.014052 -2137.786177 3111.423577 0.179530 0.525647 -0.831543 0.883430 -0.458028 -0.098803 -0.432805 -0.716872 -0.546602
12.606211 -82.226968 2589.161489 -4935.649805 -0.140029 0.723165 -0.676332 -0.400725 -0.666012 -0.629164 0.905434 -0.182922 -0.383051
0.470701 -83.784712 924.514744 -3595.808307 -0.155827 0.718616 -0.677724 -0.399544 -0.673328 -0.622088 0.903373 -0.173842 -0.392041
2.355375 -85.338099 1263.858658 -4023.316181 -0.155927 0.723578 -0.672400 -0.495996 -0.646039 -0.580191 0.854210 -0.243040 -0.459626
22.526614 -57.076931 -4825.809080 1239.566201 -0.261200 0.621338 -0.738725 -0.783762 -0.583236 -0.213432 0.563464 -0.523236 -0.639322
18.839592 -56.131958 -4412.654602 -197.154574 -0.266360 0.630631 -0.728942 0.856201 0.502139 0.121555 0.442687 -0.591744 -0.673697
-14.547307 -151.226041 -2674.527050 -23502.169673 0.608802 0.201807 0.767225 0.725091 0.250835 -0.641346 -0.321875 0.946761 0.006380
-19.468193 -122.454951 -1268.339167 -18845.953096 0.627082 0.128673 0.768252 0.703495 0.329920 -0.629482 -0.334459 0.935198 0.116366
