17652
35285
-32.020261 -56.872072 -2192.117071 7586.960126 0.580482 0.809832 -0.084933 0.802578 -0.586638 -0.108277 0.137512 0.005313 0.990486
-37.973345 -67.734875 2792.155089 5557.671911 -0.505335 -0.859043 0.081739 0.862385 -0.506093 0.012703 0.030455 0.076910 0.996573
-39.210712 -67.137008 -585.276374 10495.146911 0.234568 0.972007 -0.013424 0.966746 -0.234701 -0.101578 0.101885 -0.010849 0.994737
-35.597061 -59.171847 -359.969997 -6536.091585 0.690761 0.699863 -0.181771 -0.709485 0.704528 0.016443 0.139571 0.117605 0.983203
-28.711033 -45.990774 -1519.100765 6368.858951 0.601650 0.796913 -0.054281 0.771857 -0.597530 -0.217243 0.205559 -0.088807 0.974607
-28.641936 -47.928148 893.888259 -4958.998779 0.813552 0.551362 -0.184754 -0.544130 0.833884 0.092523 0.205077 0.025258 0.978420
114.622815 -112.567590 11295.168712 -5945.494470 -0.561775 0.826883 0.025944 0.528639 0.382920 -0.757571 0.636357 0.411869 0.652238
113.990907 -98.770608 -6310.470962 -5740.136415 -0.308024 0.929027 0.205012 0.513986 0.343836 -0.785872 0.800587 0.136694 0.583416
118.263337 -103.901731 -873.405815 -9966.127519 -0.527695 0.843549 0.099818 0.671797 0.486364 -0.558694 0.519833 0.227763 0.823345
121.266423 -98.427902 -16887.763555 -1623.731917 -0.527724 0.830471 0.178398 0.724110 0.549633 -0.416616 0.444041 0.090679 0.891406
128.378901 -96.708511 3022.470551 -6703.822722 -0.613349 0.789250 0.029798 0.716959 0.572204 -0.398186 0.331319 0.222863 0.916821
118.089394 -99.622257 -15698.746158 -15940.860911 0.660330 -0.743568 0.105223 0.696537 0.554045 -0.455928 0.280715 0.374354 0.883775
112.952761 -113.526203 -17873.847847 13354.186249 0.644984 -0.761025 0.069545 -0.624621 -0.472564 0.621716 0.440277 0.444437 0.780149
-50.088592 -66.404599 1326.286231 7344.615214 -0.598321 0.784147 -0.164695 -0.497535 -0.524709 -0.690752 0.628069 0.331350 -0.704086
-50.861922 -70.738282 -608.409451 3488.302584 -0.644134 0.760817 -0.079043 -0.419907 -0.438085 -0.794833 0.639350 0.478789 -0.601658
-51.742388 -75.585746 1240.978528 3074.267715 -0.505580 0.861289 -0.050697 -0.450841 -0.313831 -0.835615 0.735616 0.399614 -0.546971
-38.892044 -59.563999 3507.373444 821.813118 0.921049 0.296946 0.251977 0.364518 -0.885095 -0.289366 -0.137097 -0.358371 0.923458
-43.035393 -65.718325 3404.370276 939.847869 0.881912 0.336944 0.329697 0.418834 -0.881020 -0.219959 -0.216355 -0.332073 0.918106
-43.367109 -65.839612 3153.162453 740.362208 0.966726 0.073841 0.244925 0.175562 -0.887876 -0.425270 -0.186061 -0.454119 0.871296
-35.755305 -56.562949 3897.895306 -660.760287 0.991164 0.055995 0.120242 0.102222 -0.900137 -0.423444 -0.084523 -0.431994 0.897907
-32.985253 -51.330054 2808.694810 -670.758929 0.955309 0.248634 0.159892 0.288271 -0.903323 -0.317659 -0.065453 -0.349555 0.934627
26.371307 2.451515 8275.200908 -1695.132328 -0.426097 0.146159 -0.892793 -0.261997 0.924636 0.276414 0.865909 0.351689 -0.355692
30.372825 3.594860 9149.773260 -6330.196389 -0.426482 0.141246 -0.893399 -0.249454 0.931057 0.266282 0.869417 0.336427 -0.361845
37.179591 -0.309071 7806.030185 -3635.518599 -0.385485 0.191960 -0.902526 -0.241161 0.923163 0.299353 0.890642 0.333050 -0.309573
36.883112 1.174678 6941.999669 1092.250361 -0.378233 0.185367 -0.906962 -0.266659 0.916401 0.298501 0.886472 0.354752 -0.297183
25.685167 1.846592 7674.315562 3105.916409 -0.425922 0.170984 -0.888456 -0.274130 0.911434 0.306823 0.862231 0.374235 -0.341328
0.515648 -52.822813 -268.475395 1147.623347 0.645912 0.701616 -0.300887 -0.555371 0.702280 0.445384 0.523796 -0.120575 0.843267
0.485802 -49.832539 545.909239 800.238336 0.657498 0.676760 -0.331199 -0.620380 0.735716 0.271753 0.427580 0.026792 0.903580
1.214967 -51.881537 329.881378 -837.380865 0.643755 0.700809 -0.307322 0.539269 -0.700407 -0.467567 0.542926 -0.135269 0.828815
0.820492 -54.542619 -105.507982 -617.023411 0.637252 0.712328 -0.294107 0.438529 -0.648994 -0.621690 0.633721 -0.267199 0.725950
-1.119462 -55.111736 -707.730072 -614.036191 0.640601 0.711366 -0.289116 0.451208 -0.653377 -0.607873 0.621322 -0.258953 0.739528
-0.870343 -83.819040 -175.059049 -45.150783 0.378317 0.879085 -0.289977 0.632403 -0.016692 0.774460 -0.675975 0.476373 0.562251
-0.111078 -82.436609 -371.518765 844.137824 0.389762 0.879265 -0.273824 0.773622 -0.151309 0.615316 -0.499594 0.451663 0.739193
-1.132583 -82.361687 -404.701776 -420.917993 0.383120 0.878695 -0.284805 0.633958 -0.025886 0.772934 -0.671801 0.476681 0.566974
-45.295108 -130.818682 -492.507806 13582.565108 -0.025071 0.991135 0.130472 0.912437 -0.030637 0.408069 -0.408449 -0.129278 0.903580
-43.906070 -142.579304 -1744.254133 3371.900862 -0.114806 0.971572 0.207043 0.732128 -0.058116 0.678683 -0.671422 -0.229499 0.704643
-41.896881 -130.044232 -810.885406 10307.718687 -0.131366 0.966447 0.220735 0.890658 0.017292 0.454345 -0.435283 -0.256285 0.863045
-0.530172 -54.113875 315.029828 -1050.487130 0.369810 0.793319 -0.483617 -0.381750 0.604291 0.699357 -0.847058 0.074008 -0.526322
-2.050559 -56.402918 267.428380 -995.577759 0.354661 0.813419 -0.461048 -0.409800 0.578449 0.705309 -0.840404 0.061208 -0.538493
-2.505580 -58.286097 207.601087 -1391.466188 0.353428 0.823124 -0.444472 -0.254939 0.541904 0.800841 -0.900053 0.169726 -0.401371
-0.712755 -55.914333 308.111992 -1188.298938 0.365115 0.809796 -0.459262 -0.227510 0.555976 0.799456 -0.902735 0.187407 -0.387232
1.587189 -51.569412 734.390447 -1216.105291 0.389383 0.773133 -0.500646 -0.357502 0.627790 0.691427 -0.848866 0.090248 -0.520847
-23.055119 -54.569906 4820.660890 -2572.514365 -0.458453 -0.536542 0.708480 -0.252306 0.842969 0.475127 -0.852152 0.039070 -0.521834
-25.703180 -54.713351 4407.922543 -1490.170242 -0.441004 -0.487607 0.753495 -0.081351 0.857805 0.507496 -0.893811 0.162510 -0.417962
-34.305015 -63.540990 4141.848420 -6118.142521 -0.519304 -0.243297 0.819225 -0.043083 0.964853 0.259236 -0.853503 0.099328 -0.511534
-26.077541 -61.067220 3522.965305 -8559.451386 -0.569575 -0.370588 0.733654 -0.262134 0.927880 0.265187 -0.779018 -0.041272 -0.625641
-3.524028 -91.190424 98.404917 4417.090700 -0.074647 -0.042260 -0.996314 0.084398 0.995249 -0.048538 0.993632 -0.087711 -0.070725
-2.832932 -87.402435 -11.307646 1890.233278 -0.072746 -0.036514 -0.996682 -0.054671 0.997973 -0.032571 0.995851 0.052121 -0.074595
-2.815018 -91.012137 -468.409070 5367.690095 -0.059383 -0.051742 -0.996893 0.072095 0.995826 -0.055981 0.995628 -0.075195 -0.055405
-2.857385 -100.356175 -412.530880 6500.133974 -0.062337 -0.060291 -0.996232 0.213879 0.974178 -0.072339 0.974869 -0.217582 -0.047832
-4.072435 -99.946080 193.495282 5071.298501 -0.079721 -0.052249 -0.995447 0.231491 0.970353 -0.069471 0.969565 -0.235976 -0.065263
-8.203259 -102.678271 -932.277194 354.843640 0.201743 0.944784 0.258232 -0.663542 0.325769 -0.673488 0.720424 0.035476 -0.692626
-7.998677 -99.198229 -1224.421323 3125.830847 0.181352 0.955437 0.232922 -0.806346 0.280050 -0.520939 0.562954 0.093342 -0.821201
-11.498888 -96.446898 -713.698486 917.681654 0.156854 0.947105 0.279982 -0.795035 0.289276 -0.533140 0.585932 0.138970 -0.798355
-11.582473 -91.276294 -1003.974039 3644.233056 0.142215 0.954629 0.261645 -0.901109 0.234246 -0.364872 0.409607 0.183880 -0.893538
-14.501451 -89.918341 -363.435473 1221.051998 0.116927 0.938161 0.325856 -0.895762 0.241314 -0.373333 0.428880 0.248237 -0.868585
-3.582645 -107.259970 -1358.167819 -3473.556962 0.027815 0.976951 0.211645 -0.922083 -0.056681 0.382819 -0.385991 0.205802 -0.899253
-8.021056 -100.477775 -1669.009439 -2716.694307 0.033204 0.976105 0.214749 -0.922070 -0.052980 0.383381 -0.385597 0.210743 -0.898277
-3.573144 -97.620438 -1385.106193 6341.993684 0.059810 0.978037 0.199665 0.976364 -0.015701 -0.215562 -0.207692 0.207839 -0.955859
-7.720675 -107.695847 -1353.318235 -1559.711690 0.010879 0.970770 0.239766 -0.831994 -0.124221 0.540698 -0.554678 0.205367 -0.806323
0.577854 -105.591712 -802.775929 7208.365465 0.055618 0.975859 0.211200 0.974779 -0.007282 -0.223055 -0.216132 0.218279 -0.951652
0.784521 -113.896657 -805.025707 -2942.271857 0.029468 0.975755 0.216871 -0.919150 -0.058810 0.389493 -0.392804 0.210814 -0.895132
-3.479960 -112.968101 -1223.223718 -3297.513381 0.004965 0.973299 0.229488 -0.837654 -0.121297 0.532563 -0.546179 0.194875 -0.814685
-20.027239 -168.404058 -1469.301025 20746.429831 -0.357737 -0.130750 -0.924624 0.933774 -0.039979 -0.355624 0.009532 -0.990609 0.136392
-17.262454 -141.292941 -835.720387 18966.823988 -0.313074 -0.122635 -0.941778 0.921520 0.200662 -0.332469 0.229752 -0.971954 0.050188
-16.919118 -168.458050 -3098.545973 20035.594798 -0.355787 -0.172557 -0.918498 0.930639 0.024591 -0.365110 0.085589 -0.984692 0.151840
-17.319826 -186.330779 -3114.932853 13598.891877 -0.377791 -0.166450 -0.910807 0.910877 -0.243250 -0.333366 -0.166065 -0.955575 0.243513
-20.803103 -187.374483 -1724.422682 12767.224412 -0.376924 -0.123286 -0.918003 0.893556 -0.309373 -0.325339 -0.243896 -0.942915 0.226773
22.461039 -22.208918 1749.740913 -5314.061218 -0.223103 0.959288 0.173180 0.308890 -0.098931 0.945938 -0.924560 -0.264536 0.274243
21.692433 -19.182224 4292.968280 -8990.190725 -0.177540 0.962312 0.205997 0.279945 -0.151290 0.948020 -0.943456 -0.225979 0.242535
13.400145 -27.510522 8004.618757 -4015.960943 -0.159991 0.970744 0.179050 0.331599 -0.117992 0.936013 -0.929755 -0.209126 0.303020
29.249451 -17.940221 -2880.356093 -4550.624198 -0.263807 0.949353 0.170689 0.266313 -0.098394 0.958852 -0.927083 -0.298408 0.226868
22.885592 -22.150983 -4152.934690 -3229.285730 -0.314515 0.933585 0.171752 0.301754 -0.073219 0.950570 -0.900014 -0.350795 0.258684
123.091129 7.676257 57846.447376 -14804.196769 0.990709 -0.040314 -0.129886 -0.135307 -0.195975 -0.971229 -0.013700 -0.979780 0.199609
122.450357 22.474662 46813.579367 -4346.147085 0.997294 -0.073042 -0.008296 -0.019545 -0.154673 -0.987772 -0.070865 -0.985262 0.155682
64.058474 0.198778 54468.666630 -12116.110313 0.996727 0.078769 -0.018164 -0.001367 -0.208244 -0.978076 0.080824 -0.974900 0.207455
46.548373 -25.223832 58644.291921 -32688.063263 0.958222 0.056136 -0.280464 -0.259378 -0.242750 -0.934770 0.120557 -0.968463 0.218048
94.358548 -25.233358 49652.018011 -23703.826041 0.978469 -0.009723 -0.206165 -0.203736 -0.205326 -0.957253 0.033024 -0.978645 0.202886
354.293781 -3458.893212 239603.835553 -781418.727031 -0.532571 0.054753 0.844612 0.688424 -0.552507 0.469903 0.492383 0.831708 0.256556
-26.958710 -409.829794 194652.714569 54073.981362 -0.526922 0.071762 0.846879 0.718789 -0.494095 0.489093 0.453536 0.866441 0.208768
-31.441575 -503.822613 -2020.412282 408257.381899 0.066125 -0.213276 0.974752 0.955943 -0.266471 -0.123153 0.286009 0.939950 0.186259
-9.155780 -418.445328 4426.862795 146045.362044 0.035732 -0.116453 0.992553 0.997047 0.071705 -0.027480 -0.067971 0.990604 0.118672
-5.158869 -803.256716 13006.624343 394321.783658 0.082675 -0.093358 0.992194 0.996031 0.040688 -0.079167 -0.032979 0.994801 0.096351
-25.513266 -434.848657 2620.453984 -16831.216302 -0.424528 0.286646 -0.858842 0.835110 0.490447 -0.249106 0.349811 -0.822980 -0.447589
-24.556516 -621.166792 -1166.159603 179601.084896 -0.442101 0.241890 -0.863734 0.647828 0.752122 -0.120957 0.620375 -0.613027 -0.489217
-29.511660 -547.560026 -4515.597963 -43755.832551 -0.411510 0.207820 -0.887395 0.847166 0.446287 -0.288338 0.336110 -0.870425 -0.359710
0.935068 -70.588343 -188.231876 8565.220062 0.227797 -0.440641 0.868300 0.736736 -0.505063 -0.449589 0.636654 0.742123 0.209584
24.967900 -86.852058 1155.662507 9708.530666 0.200088 -0.427137 0.881770 0.847775 -0.375679 -0.374356 0.491164 0.822447 0.286948
15.430055 -80.188379 3569.001399 8445.234463 0.095393 -0.362601 0.927050 0.826154 -0.490689 -0.276936 0.555311 0.792303 0.252756
-2032.705444 -5396.987659 -1398216.223118 5140110.698457 0.399884 -0.420577 0.814376 0.910535 0.080525 -0.405514 0.104972 0.903676 0.415151
-3208.448332 -8437.540020 2158832.060927 -5673435.350408 0.783047 -0.230972 -0.577486 0.295183 -0.679248 0.671929 0.547453 0.696616 0.463704
-1180.400100 -4027.945422 -607490.729279 -414133.628666 0.112737 -0.396541 0.911068 0.990506 -0.027740 -0.134641 0.078664 0.917598 0.389649
51.640934 -68.830837 5393.425851 2488.068400 -0.050657 0.696168 -0.716090 0.386656 -0.647424 -0.656764 0.920832 0.310150 0.236381
30.996557 -70.720383 1809.014471 -1590.423315 -0.021860 0.592966 -0.804931 -0.252149 0.775826 0.578373 0.967442 0.215606 0.132556
37.853264 -60.781508 2071.160944 3009.289545 0.030932 0.794019 -0.607105 0.274603 -0.590774 -0.758669 0.961060 0.143246 0.236313
50.432442 -72.433974 1368.308634 -1338.312908 0.066160 0.822241 -0.565282 0.427507 -0.535250 -0.728523 0.901588 0.193463 0.386925
69.704991 -80.131161 7652.211075 3018.084167 -0.025128 0.731955 -0.680890 0.538555 -0.563906 -0.626074 0.842215 0.382429 0.380028
8.586086 -103.060616 1184.855543 10197.122384 -0.223799 0.879605 0.419772 -0.536968 -0.470713 0.700067 -0.813375 0.068730 -0.577665
5.762216 -82.601867 3906.950590 15094.229723 -0.199250 0.883131 0.424709 -0.371892 -0.469123 0.801012 -0.906640 -0.001656 -0.421902
11.442273 -99.074040 3323.531238 15616.950874 -0.204985 0.890590 0.405993 -0.488431 -0.452539 0.746086 -0.848184 0.045363 -0.527755
2.342887 -86.905632 1239.807525 11788.110270 -0.219886 0.875897 0.429481 -0.415480 -0.482416 0.771137 -0.882625 0.008878 -0.469994
11.149133 -111.282145 1380.341172 6966.457117 -0.200524 0.896095 0.395984 -0.641483 -0.425593 0.638256 -0.740466 0.126032 -0.660171
10.248394 -107.365458 -2013.298763 -836.473494 -0.250260 0.867588 0.429722 -0.686315 -0.472032 0.553316 -0.682892 0.156452 -0.713569
4.876643 -100.484440 -771.546806 7625.384384 -0.240158 0.872701 0.425108 -0.548479 -0.483313 0.682334 -0.800934 0.069294 -0.594730
-49.478841 -56.244130 -825.280436 -178.352514 0.814865 -0.328330 -0.477696 0.496977 0.819897 0.284224 -0.298343 0.469008 -0.831278
-51.339111 -58.691873 -2865.306978 -2042.172843 0.911152 -0.199202 -0.360723 0.349822 0.836567 0.421640 -0.217777 0.510367 -0.831925
-51.388310 -52.087408 -154.507618 -1827.262975 0.724075 -0.537992 -0.431601 0.649315 0.742737 0.163500 -0.232605 0.398631 -0.887124
-47.856946 -52.477830 -2671.502060 2641.098324 -0.192118 0.884954 0.424201 0.926491 0.306079 -0.218929 -0.323581 0.350958 -0.878706
-45.144550 -52.540878 -4581.404462 892.238775 0.109448 0.950161 0.291916 0.971865 -0.040671 -0.232000 -0.208565 0.309095 -0.927880
-50.333912 -54.463740 -6323.308708 -2677.748148 0.092697 0.941760 0.323256 0.987361 -0.045027 -0.151956 -0.128551 0.333256 -0.934032
-36.880993 -470.017597 27533.230578 188087.918858 0.552703 0.781935 -0.288267 -0.353612 0.533261 0.768499 -0.754637 0.322817 -0.571237
3.958749 -104.113454 3123.266996 38060.191997 -0.513824 -0.645051 0.565591 -0.341847 0.758624 0.554644 -0.786845 0.091644 -0.610308
16.400905 -57.520923 -9832.698196 19593.973484 -0.686419 -0.447579 0.573151 -0.225507 0.880311 0.417371 -0.691358 0.157242 -0.705195
9.902506 -74.016238 -23694.930009 25942.646837 -0.669538 -0.587147 0.454947 -0.333446 0.784900 0.522251 -0.663726 0.197967 -0.721302
-110.102851 -968.205226 13668.581573 471938.645038 0.370332 0.911635 -0.178258 -0.404956 0.331153 0.852261 -0.835981 0.243433 -0.491808
-119.408964 -564.037620 61857.810088 216592.983748 0.348177 0.932415 -0.096829 -0.506528 0.274042 0.817515 -0.788798 0.235593 -0.567709
-41.566502 -196.001395 16974.671499 71775.261615 0.277634 0.899229 -0.338091 -0.629274 0.436142 0.643269 -0.725902 -0.034158 -0.686950
-7.066398 -56.458169 8890.228111 -4184.358214 0.514784 -0.482901 0.708381 -0.216175 0.726460 0.652322 -0.829618 -0.488939 0.269579
8.273583 -45.135353 -10901.376012 -1042.875100 -0.572728 0.688072 -0.445577 -0.168962 0.432798 0.885516 -0.802143 -0.582445 0.131618
13.445729 -38.666510 -5163.912950 -1894.536754 -0.515785 0.652722 -0.554905 -0.149009 0.569488 0.808381 -0.843660 -0.499637 0.196472
7.254516 -50.299691 5047.754033 -3586.322477 0.474384 -0.430129 0.768081 -0.153193 0.818856 0.553178 -0.866886 -0.380083 0.322560
17.543929 -28.262204 -547.104452 -2579.852543 -0.455840 0.654885 -0.602773 -0.132054 0.619970 0.773433 -0.880211 -0.432160 0.196127
33.229861 -23.033882 -5713.830155 1725.332403 -0.487257 0.831587 -0.266540 -0.031835 0.288106 0.957069 -0.872678 -0.474824 0.113908
0.385816 -47.979167 -4167.580821 3946.922346 -0.106349 0.215934 0.970599 0.704615 -0.672371 0.226791 0.701575 0.708018 -0.080644
3.256024 -66.417629 -4674.368142 12107.432125 -0.187546 0.282058 0.940888 0.745294 -0.583077 0.323353 0.639815 0.761882 -0.100863
-3.298211 -47.803446 -4734.620812 4823.396014 -0.138308 0.244453 0.959747 0.725921 -0.634196 0.266145 0.673728 0.733510 -0.089740
-9.051018 -49.938853 -4945.082903 9150.833721 -0.192196 0.282093 0.939938 0.736359 -0.591689 0.328145 0.648719 0.755200 -0.094001
-8.096040 -38.007991 -928.476601 1407.944029 -0.119103 0.195129 0.973519 0.732854 -0.644248 0.218790 0.669880 0.739506 -0.066269
-1.493774 -68.111717 -7654.097120 15056.350173 -0.223322 0.315434 0.922295 0.751658 -0.546687 0.368977 0.620595 0.775651 -0.115011
9.254805 -36.233157 1075.943737 -1502.797317 -0.253103 0.956207 0.146990 0.017068 -0.147500 0.988915 -0.967289 -0.252806 -0.021013
4.653982 -35.463567 1657.416641 -1433.934364 -0.233584 0.963503 0.130772 0.022331 -0.129141 0.991375 -0.972080 -0.234489 -0.008650
9.112467 -36.922361 1816.445355 198.609843 -0.245490 0.962862 0.112393 0.099124 -0.090400 0.990960 -0.964318 -0.254411 0.073251
11.870750 -38.356945 938.367205 -1304.889753 -0.268141 0.946449 0.179819 0.056154 -0.170982 0.983673 -0.961742 -0.273860 0.007300
14.955369 -35.248461 133.766068 2358.078533 -0.280354 0.949959 0.137762 0.148655 -0.098818 0.983939 -0.948316 -0.296331 0.113512
14.073605 -30.124040 1925.238122 4314.606195 -0.259068 0.963913 0.061288 0.174508 -0.015697 0.984531 -0.949964 -0.265756 0.164144
6.804996 -32.870942 4361.716370 2175.828054 -0.225524 0.973207 0.044800 0.145586 -0.011803 0.989275 -0.963298 -0.229628 0.139023
0.287096 -75.706196 1039.434497 -8896.520947 -0.742835 0.665394 0.073808 -0.450489 -0.578360 0.680118 -0.495233 -0.471966 -0.729378
4.887818 -67.302588 -72.443426 160.357517 -0.727764 0.685205 0.029204 -0.538041 -0.596829 0.595236 -0.425289 -0.417479 -0.803020
4.040038 -70.731654 823.955636 -3658.878521 -0.745538 0.659923 0.093135 -0.490853 -0.638232 0.593063 -0.450818 -0.396436 -0.799751
3.970789 -80.137390 -410.207451 7788.914819 -0.774581 0.614764 0.148625 0.421313 0.676790 -0.603697 -0.471719 -0.404994 -0.783237
-0.747341 -83.509210 1093.919773 11979.866230 -0.774553 0.612484 0.157898 0.363253 0.635108 -0.681678 -0.517799 -0.470639 -0.714411
6.360100 -75.858709 401.025229 -2227.748821 -0.736496 0.667515 0.109535 0.529641 0.669779 -0.520458 -0.420778 -0.325301 -0.846833
2.040075 -142.424219 -49.703177 -10326.480623 0.590426 -0.788038 -0.174338 0.807006 0.579580 0.113262 0.011788 -0.207564 0.978150
2.545328 -154.052511 230.366003 -5048.006240 -0.578233 0.798255 0.168632 0.791607 0.598954 -0.120884 0.197499 -0.063591 0.978238
1.645680 -140.010822 112.316602 -5234.927262 0.573561 -0.798023 -0.184897 0.817009 0.573647 0.058526 0.059360 -0.184630 0.981014
-4.622620 -48.477396 -12501.512024 992.855935 -0.777282 0.578888 0.246417 0.290879 0.677945 -0.675115 -0.557873 -0.453077 -0.695341
-8.963286 -48.662873 -9985.402910 8.713219 -0.804170 0.494632 0.329620 0.246299 0.781987 -0.572567 -0.540969 -0.379256 -0.750678
21.612734 -40.573037 -12959.726064 -1640.738612 -0.719247 0.675930 0.160632 -0.394070 -0.587324 0.706937 -0.572182 -0.445162 -0.688795
31.256433 -41.354353 -15444.060354 -627.238427 -0.693900 0.712427 0.104646 -0.390731 -0.494603 0.776336 -0.604841 -0.497811 -0.621572
39.792482 -34.305645 -10399.229991 -654.078390 -0.634157 0.759841 0.143130 -0.461081 -0.520226 0.718867 -0.620684 -0.389880 -0.680253
49.153243 -36.580692 -11514.116888 -1891.440936 -0.603442 0.791487 0.096980 -0.454985 -0.441636 0.773270 -0.654863 -0.422499 -0.626617
10.680922 -139.865788 -2118.357161 47714.146198 -0.320941 0.937637 -0.133546 -0.208933 0.067438 0.975602 -0.923766 -0.341012 -0.174259
15.232684 -94.503397 -2727.303726 24538.496784 -0.300121 0.932311 -0.201800 -0.160286 0.159256 0.974138 -0.940338 -0.324705 -0.101641
7.876005 -144.438249 -1599.314599 46695.203535 -0.347710 0.933102 -0.091749 -0.145863 0.042829 0.988377 -0.926187 -0.357052 -0.121213
-5.331346 -48.131116 761.007533 6203.902842 0.764743 -0.622798 -0.165202 -0.576364 -0.546584 -0.607495 -0.288050 -0.559794 0.776954
-1.850591 -54.524339 1392.849127 -5083.624843 0.821469 -0.560138 -0.106929 -0.486648 -0.590853 -0.643480 -0.297259 -0.580636 0.757957
-0.348598 -53.233597 1209.390671 5188.539750 0.763789 -0.622588 -0.170322 -0.582464 -0.551104 -0.597511 -0.278138 -0.555579 0.783563
-5.093596 -51.235549 -751.047167 -1187.634297 -0.600790 0.773498 0.201873 0.773065 0.626455 -0.099626 0.203525 -0.096207 0.974332
-5.960873 -50.182806 -306.627378 -974.141741 -0.624831 0.759570 0.180664 0.764424 0.642241 -0.056407 0.158875 -0.102858 0.981926
-3.817499 -49.021844 582.545851 147.678341 0.604636 -0.771296 -0.198793 0.791063 0.610620 0.036904 0.092923 -0.179572 0.979346
-2.023156 -49.704348 781.656271 50.891832 0.582331 -0.784492 -0.213221 0.801701 0.597651 -0.009364 0.134778 -0.165487 0.976959
-2.870391 -52.380815 -919.082958 -1171.047128 -0.575084 0.789041 0.216083 0.780194 0.608428 -0.145304 0.246122 -0.085025 0.965502
-3.940940 -101.899514 -1265.975772 4097.031123 0.070470 0.996089 -0.053303 0.899620 -0.040378 0.434802 -0.430949 0.078593 0.898947
-0.806539 -99.624810 -1877.782224 4332.208886 0.099746 0.994367 -0.035841 0.920634 -0.078565 0.382441 -0.377471 0.071144 0.923285
-6.004753 -97.620254 -740.251198 777.623245 0.055367 0.996634 -0.060464 0.952404 -0.034535 0.302875 -0.299768 0.074356 0.951110
24.299637 -96.022132 -12102.539276 -32788.232927 0.068660 0.997367 0.023323 0.981780 -0.063398 -0.179133 0.177183 -0.035197 0.983548
35.890996 -60.352245 -11005.649172 -16216.679748 0.117170 0.992938 -0.018600 0.981761 -0.118634 -0.148562 0.149719 0.000854 0.988728
48.886617 -91.003859 -15798.892622 -33018.199515 0.067209 0.997002 -0.038349 0.972935 -0.074007 -0.218907 0.221089 0.022599 0.974992
14.960968 -64.186069 -6977.773493 -11801.926181 0.115628 0.993200 0.013589 0.986344 -0.113193 -0.119636 0.117285 -0.027237 0.992725
2.198768 -97.612001 -5017.264609 -27264.257485 0.008303 0.999537 0.029258 0.985108 -0.003151 -0.171910 0.171738 -0.030250 0.984678
17.523308 -29.677790 5702.336726 1821.013141 -0.359308 0.923098 0.137066 -0.819671 -0.241952 -0.519229 0.446136 0.298912 -0.843572
24.850011 -28.121224 4394.422451 1429.614540 -0.343566 0.933591 0.101832 -0.829662 -0.250923 -0.498698 0.440028 0.255822 -0.860773
20.645703 -30.302402 4473.559776 2019.997939 -0.362954 0.925666 0.106799 -0.803171 -0.252677 -0.539510 0.472420 0.281595 -0.835178
9.123168 -35.245142 4076.172203 2231.663626 -0.324262 0.931280 0.166044 -0.794003 -0.172532 -0.582918 0.514212 0.320858 -0.795384
6.167099 -33.837576 4887.260377 2142.164778 -0.314720 0.929636 0.191644 -0.828140 -0.170268 -0.534035 0.463828 0.326780 -0.823455
-1.487849 -143.860897 1427.600078 868.266057 -0.084396 0.994385 0.063837 -0.991983 -0.077800 -0.099581 0.094055 0.071730 -0.992980
-4.806384 -139.719695 1340.144476 3958.499583 -0.089748 0.994748 0.049216 -0.994292 -0.086625 -0.062291 0.057701 0.054525 -0.996844
-2.727926 -155.752264 1306.366491 -14945.314923 -0.047410 0.997195 0.057913 -0.996992 -0.050800 0.058533 -0.061311 0.054964 -0.996604
-0.910831 -161.609889 1476.464879 20992.228903 -0.048347 0.996349 0.070372 0.998738 0.049179 -0.010145 -0.013569 0.069792 -0.997469
-1.133235 -188.167681 901.864772 -33275.581691 -0.013891 0.998379 0.055189 -0.982330 -0.023929 0.185621 -0.186641 0.051635 -0.981070
-2.869623 -177.165412 1081.350142 -25301.961318 -0.007523 0.999027 0.043447 -0.970732 -0.017726 0.239509 -0.240046 0.040374 -0.969922
-32.040943 -110.245539 -18863.453673 54712.046351 -0.198001 0.682212 0.703834 0.417171 0.708423 -0.569303 -0.886997 0.180896 -0.424867
-30.576861 -147.388243 -26.559203 -75891.053856 -0.051038 0.802273 0.594771 -0.442364 -0.552099 0.706754 -0.895382 0.227034 -0.383075
15.427355 -35.798759 -43409.523211 36151.224250 -0.391568 0.282159 0.875820 0.362771 0.922067 -0.134868 -0.845619 0.264912 -0.463411
5.984156 -85.006610 -45679.690199 38680.296965 -0.351189 0.461348 0.814754 0.337234 0.874104 -0.349594 -0.873464 0.151989 -0.462558
-70.455644 -1500.494789 17186.158583 -429266.717859 -0.226572 0.970315 0.084576 -0.396546 -0.012585 -0.917929 0.889616 0.241515 -0.387626
-207.744668 -5841.674658 -152146.180582 5850328.882718 -0.417127 0.893040 -0.168773 -0.483763 -0.375374 -0.790612 0.769401 0.248139 -0.588599
-92.891829 -9524.491183 -18186.230735 -11623731.542945 -0.266412 0.961660 0.065075 -0.138733 0.028553 -0.989918 0.953823 0.272754 -0.125807
-62.378942 -1997.614014 4139.990983 13254.318688 -0.166996 0.976767 0.134307 -0.893405 -0.092289 -0.439670 0.417060 0.193414 -0.888061
35.385291 -36.958634 3308.583607 -1684.550396 -0.065607 0.923978 0.376775 -0.227478 0.353797 -0.907238 0.971571 0.145229 -0.186973
30.988756 -40.626458 5097.805790 -2994.656906 -0.136233 0.932253 0.335178 -0.205056 0.304470 -0.930188 0.969223 0.195452 -0.149685
31.568561 -40.947529 4825.885797 1741.891202 -0.106944 0.945284 0.308221 -0.331287 0.258407 -0.907455 0.937450 0.199157 -0.285526
16.776421 -33.110523 1461.336765 2624.323188 -0.395871 0.917655 0.034583 -0.758758 -0.305647 -0.575209 0.517273 0.253949 -0.817275
21.908239 -32.940059 -603.805703 3457.972158 -0.389922 0.920847 0.001127 -0.773666 -0.326936 -0.542729 0.499402 0.212494 -0.839907
16.097154 -36.594745 -609.888547 3180.153228 -0.441961 0.895486 -0.052691 -0.720778 -0.389475 -0.573401 0.533994 0.215442 -0.817579
24.345759 -30.460771 160.044034 1929.918962 -0.362166 0.930907 0.047417 -0.801196 -0.284899 -0.526229 0.476361 0.228573 -0.849020
13.426333 -37.773304 370.781086 2033.041704 -0.444217 0.894988 -0.040844 -0.681539 -0.367162 -0.633005 0.581529 0.253355 -0.773069
7.818340 -38.394137 1466.053690 1999.619576 -0.368745 0.926474 0.075326 -0.722051 -0.234462 -0.650899 0.585380 0.294405 -0.755418
-25.743036 -45.085896 4675.905782 3170.199840 0.197701 0.775618 0.599442 -0.606998 0.577033 -0.546430 0.769719 0.255830 -0.584879
-18.348894 -41.730934 3005.101934 1255.956491 0.092540 0.841368 0.532481 -0.652860 0.455051 -0.605560 0.751804 0.291597 -0.591406
-20.729385 -47.539957 5025.420304 2619.637685 0.154055 0.763720 0.626896 -0.528750 0.599700 -0.600652 0.834680 0.238938 -0.496204
-12.809722 -43.625944 -4.174307 771.750998 -0.358383 0.920816 0.153817 -0.595935 -0.352469 0.721545 -0.718626 -0.166924 -0.675066
-13.505433 -41.427567 -1070.193881 1133.460521 -0.396511 0.913598 0.090094 -0.613625 -0.336749 0.714188 -0.682820 -0.227899 -0.694132
-11.111245 -42.840041 -744.160016 125.691077 -0.333245 0.939890 0.074532 -0.526836 -0.251185 0.812003 -0.781915 -0.231330 -0.578874
8.622511 -42.144443 5157.719095 25368.896932 -0.110940 0.993164 0.036304 0.989682 0.113736 -0.087138 0.090672 -0.026262 0.995535
1.115614 -31.383682 7244.475289 20750.861172 -0.139346 0.990039 0.020141 0.974539 0.140716 -0.174564 0.175659 0.004697 0.984440
8.417363 -36.352742 817.786337 10519.582674 -0.189474 0.978664 0.079474 0.975411 0.196887 -0.099043 0.112577 -0.058753 0.991904
-1281.094023 -1853.968289 -534063.336682 1056318.724049 0.071351 0.419268 -0.905055 0.963747 0.204901 0.170898 0.257099 -0.884438 -0.389448
-1305.645543 -3327.259166 421252.889518 3161386.878877 0.695342 0.364355 -0.619471 0.710832 -0.475702 0.518098 -0.105912 -0.800595 -0.589771
-1783.852764 -3493.073521 879145.829814 900213.811286 0.722646 -0.435693 0.536614 0.682111 0.575111 -0.451633 0.111839 -0.692401 -0.712792
3.762078 -106.282178 2078.132092 -37898.207043 -0.464376 0.874592 0.139441 -0.556410 -0.165616 -0.814235 0.689030 0.455698 -0.563540
7.668991 -80.592326 -250.321702 -29230.238656 -0.498368 0.865817 0.044597 -0.440913 -0.208829 -0.872918 0.746475 0.454698 -0.485824
7.343669 -97.017961 -1432.944224 -24009.080330 -0.459033 0.883011 0.097884 -0.509124 -0.171164 -0.843502 0.728067 0.437030 -0.528132
9.907975 -90.701410 -1283.032526 5796.624090 -0.510138 0.857295 0.069312 -0.524212 -0.246020 -0.815277 0.681881 0.452237 -0.574909
12.419261 -79.486173 -7625.906378 -5201.860586 -0.385078 0.919592 0.077883 -0.673214 -0.222175 -0.705281 0.631267 0.324020 -0.704636
9.098214 -146.498853 -4838.710514 4324.031646 0.963392 -0.065289 0.260027 0.216865 -0.380466 -0.899008 -0.157626 -0.922487 0.352379
0.799050 -158.560541 -663.120326 -20455.140105 0.972582 -0.052325 0.226597 0.138720 -0.651512 -0.745848 -0.186657 -0.756832 0.626390
6.883093 -144.925795 -907.184654 -9060.279593 0.969182 -0.035366 0.243795 0.173448 -0.604799 -0.777261 -0.174936 -0.795592 0.580026
-50.166098 -78.237013 287.633493 3257.040595 0.257265 0.963986 -0.067428 0.957946 -0.245231 0.149001 -0.127099 0.102925 0.986535
-43.194433 -77.875171 2441.539950 2722.818179 -0.483452 -0.867813 0.114779 0.873067 -0.468511 0.135097 -0.063464 0.165523 0.984162
-41.128003 -71.778609 971.914427 5897.879022 -0.614299 -0.765132 0.192898 0.787572 -0.609598 0.090114 0.048641 0.207278 0.977072
99.533705 -101.945127 11850.095805 17724.420520 -0.527204 0.847700 0.058832 0.130449 0.149155 -0.980171 0.839666 0.509076 0.189216
116.166939 -98.337630 864.410028 10323.842825 -0.383054 0.914437 0.130667 0.138600 0.196752 -0.970607 0.913268 0.353685 0.202108
102.633519 -110.343477 13206.236986 9994.955920 -0.577514 0.816168 0.018638 0.308573 0.239366 -0.920591 0.755818 0.525902 0.390084
94.463268 -76.653878 12193.085006 12453.771035 -0.503366 0.856310 0.115566 -0.016423 0.124240 -0.992116 0.863917 0.501295 0.048475
80.682430 -90.581837 19881.084982 16589.463445 -0.650307 0.759666 -0.002756 0.146603 0.121937 -0.981651 0.745391 0.638779 0.190665
-44.946238 -53.551694 -4033.070045 -5147.858336 0.332813 0.942079 -0.041500 0.166429 -0.101999 -0.980764 0.928190 -0.319504 0.190736
-38.358734 -45.280767 -2853.646654 -3901.436963 0.395148 0.910685 -0.120463 0.210062 -0.217239 -0.953248 0.894277 -0.351370 0.277142
-37.719412 -57.964491 -2161.635883 -5961.795183 0.426244 0.884215 -0.190999 0.063446 -0.239841 -0.968737 0.902381 -0.400800 0.158330
-44.409794 -73.818155 -4767.630736 -9012.896760 0.390657 0.916239 -0.088842 0.025143 -0.107095 -0.993931 0.920193 -0.386052 0.064874
-52.036731 -69.805716 -3228.872813 -8435.227251 0.266475 0.960405 0.081317 0.113918 0.052394 -0.992108 0.957086 -0.273635 0.095446
-48.513615 -73.164414 2146.191247 1988.196591 0.924491 0.111690 0.364474 0.251001 -0.897953 -0.361496 -0.286905 -0.425683 0.858184
-46.847951 -70.977567 2764.756301 215.961179 0.873859 0.277256 0.399374 0.376228 -0.905926 -0.194296 -0.307933 -0.320043 0.895963
38.258720 2.829845 7427.647230 -6732.357070 -0.373525 0.180941 -0.909802 -0.246947 0.926002 0.285548 0.894146 0.331333 -0.301201
29.736483 11.870341 8341.055268 -5297.696605 -0.399734 0.082542 -0.912907 -0.294788 0.931453 0.213298 0.867936 0.354376 -0.348001
16.251538 3.071169 5865.580631 4619.205829 -0.135066 -0.531244 -0.836384 -0.510999 0.760549 -0.400556 0.848903 0.373290 -0.374189
27.072540 13.543779 5979.584688 730.161639 -0.295281 -0.141102 -0.944933 -0.411614 0.911328 -0.007459 0.862196 0.386746 -0.327177
37.413790 17.752273 6880.890025 -1869.480258 -0.369913 0.222447 -0.902043 -0.284829 0.897007 0.338009 0.884328 0.381962 -0.268455
41.002097 12.521928 6219.881070 -6269.735191 -0.338283 0.183823 -0.922916 -0.267343 0.921554 0.281543 0.902271 0.341976 -0.262602
-1.604237 -47.948435 1390.805378 136.135429 0.673865 0.650862 -0.349692 -0.662076 0.742012 0.105229 0.327965 0.160612 0.930936
-0.911364 -49.082171 -131.739206 167.125824 0.701545 0.633409 -0.326538 -0.652342 0.755259 0.063517 0.286853 0.168454 0.943047
-0.075462 -48.760450 843.608387 487.377249 0.649830 0.688186 -0.322677 -0.617358 0.725532 0.304092 0.443385 0.001599 0.896330
-3.214323 -48.156087 811.240083 345.090096 0.699557 0.628415 -0.340169 0.691041 -0.716114 0.098203 0.181888 0.303769 0.935222
-5.730625 -48.304034 -1544.792848 562.337277 -0.656737 -0.666997 0.351868 0.724047 -0.688152 0.046930 0.210836 0.285589 0.934873
-3.225820 -47.156751 969.709085 -92.044504 0.641640 0.694043 -0.326500 -0.690476 0.708026 0.148128 0.333978 0.130396 0.933518
-1.844770 -77.706322 -263.757496 -2017.336360 0.381265 0.870359 -0.311627 0.462594 0.112236 0.879437 -0.800402 0.479456 0.359831
-2.171101 -69.616808 -263.875854 -3128.085102 0.376180 0.857302 -0.351457 0.281837 0.255471 0.924826 -0.882642 0.446955 0.145517
-1.534342 -71.826496 -49.524419 -2958.013226 0.378023 0.860347 -0.341909 0.267675 0.251969 0.929979 -0.886255 0.443074 0.135044
-39.870038 -130.375788 -1258.484990 -8882.886700 -0.108607 0.965075 0.238400 0.493196 -0.155911 0.855833 -0.863112 -0.210527 0.459038
-44.916096 -137.101539 -952.182247 -10506.031436 -0.043688 0.992976 0.109955 0.481532 -0.075503 0.873170 -0.875339 -0.091094 0.474851
-3.398361 -59.551182 259.953670 -1502.708634 0.341327 0.833433 -0.434609 -0.280490 0.531624 0.799188 -0.897118 0.150881 -0.415227
-2.477363 -58.151779 350.203699 -846.207319 0.338256 0.830985 -0.441640 -0.433499 0.554138 0.710640 -0.835261 0.048928 -0.547673
-12.399045 -49.118475 2322.894864 -123.770756 -0.398603 -0.671781 0.624360 -0.217929 0.730660 0.647026 -0.890855 0.121840 -0.437644
-14.170535 -48.018162 2224.670793 -301.704452 -0.399524 -0.621378 0.673996 -0.053444 0.749761 0.659547 -0.915164 0.227483 -0.332756
-25.127501 -51.464285 3401.337347 -580.781587 -0.414442 -0.456917 0.787061 0.077744 0.843894 0.530848 -0.906749 0.281195 -0.314222
90.802795 -103.473900 -21299.733368 -16515.554211 0.684136 -0.687793 0.242690 0.703152 0.533584 -0.469963 0.193742 0.492167 0.848667
97.920989 -84.161586 -24957.370873 -7111.037511 0.685590 -0.673590 0.276121 0.724559 0.594608 -0.348504 0.070565 0.438997 0.895713
67.577794 -98.717315 -22389.781355 -15612.586213 0.677156 -0.647753 0.349107 0.729703 0.529981 -0.432034 0.094832 0.547299 0.831547
-1.338412 -88.449902 -203.059671 -3446.444056 -0.071778 -0.043792 -0.996459 -0.176972 0.983744 -0.030486 0.981595 0.174158 -0.078361
-1.330971 -87.950303 132.584317 -2706.321977 -0.082312 -0.018204 -0.996440 -0.171938 0.985100 -0.003794 0.981663 0.171014 -0.084216
-2.262625 -86.296277 -363.504511 1257.043912 -0.062609 -0.057201 -0.996398 -0.056182 0.996975 -0.053704 0.996456 0.052617 -0.065633
0.335305 -94.457105 -298.407533 -6514.615250 -0.076587 -0.029288 -0.996633 -0.302684 0.953079 -0.004748 0.950009 0.301302 -0.081859
1.768438 -95.946330 -773.189589 -7655.186091 -0.066476 -0.061651 -0.995882 -0.302030 0.952508 -0.038805 0.950978 0.298207 -0.081940
-0.110662 -87.859147 -517.470480 -4554.546920 -0.064066 -0.075780 -0.995064 -0.175698 0.982394 -0.063503 0.982357 0.170763 -0.076253
-15.907327 -95.657101 -331.854985 -1421.471284 0.071018 0.893674 0.443060 -0.306630 0.442233 -0.842857 0.949176 0.075997 -0.305434
-14.666650 -93.686823 -903.117176 -570.971291 0.134341 0.902463 0.409284 -0.309742 0.430575 -0.847741 0.941282 0.012886 -0.337375
-16.395820 -93.594801 -681.724665 1828.953368 0.090235 0.889335 0.448264 -0.512523 0.427391 -0.744753 0.853919 0.162543 -0.494370
-10.281898 -100.816206 -506.964528 -757.756410 0.043852 0.956072 0.289834 -0.847931 -0.117793 0.516853 -0.528289 0.268424 -0.805518
-12.573046 -119.990585 126.150522 11713.541552 -0.256659 -0.104002 -0.960890 0.877618 0.391382 -0.276778 0.404861 -0.914332 -0.009178
-8.066107 -118.688492 4824.969796 8052.039606 -0.242840 -0.041580 -0.969175 0.916354 0.318003 -0.243247 0.318315 -0.947177 -0.039122
-2.498591 -110.928477 5020.460262 1520.944827 -0.211480 -0.038841 -0.976610 0.858965 0.469349 -0.204671 0.466320 -0.882158 -0.065895
-2.315777 -111.041401 9676.914788 10812.374314 -0.223274 0.007337 -0.974728 0.946747 0.239622 -0.215061 0.231988 -0.970839 -0.060447
4.154570 -102.930078 9090.778918 -473.646689 -0.174988 0.008590 -0.984533 0.914150 0.372796 -0.159226 0.365662 -0.927874 -0.073088
10.321200 -21.423723 13923.662225 -7894.485731 -0.156360 0.982666 0.099595 0.273521 -0.053813 0.960360 -0.949072 -0.177403 0.260365
22.263733 -14.625794 3856.589453 -11456.960845 -0.213644 0.968283 0.129552 0.228138 -0.079495 0.970378 -0.949900 -0.236871 0.203919
68.155992 -200.449679 11971.658905 -68599.381596 -0.157422 -0.239329 -0.958092 0.954713 -0.284920 -0.085694 -0.252471 -0.928193 0.273343
58.780159 -187.414023 10917.916189 -55628.066496 -0.150017 -0.188953 -0.970459 0.952797 -0.289685 -0.090884 -0.263955 -0.938285 0.223492
66.348303 -143.485896 9735.762079 -59345.463309 -0.170988 -0.242918 -0.954858 0.894716 -0.444132 -0.047230 -0.412610 -0.862402 0.293284
5.602040 -90.029198 -1196.573121 6654.192358 0.335112 0.317691 0.887002 0.107860 0.922312 -0.371088 -0.935984 0.220028 0.274812
4.638263 -101.265729 -333.234595 7409.762512 0.339670 0.287906 0.895396 -0.012569 0.953302 -0.301757 -0.940461 0.091244 0.327427
3.163907 -91.629404 -1686.443938 6147.445375 0.314984 0.312894 0.896037 0.037632 0.939235 -0.341207 -0.948351 0.141194 0.284069
3.857244 -101.297481 727.432415 6875.608807 0.360593 0.269759 0.892862 0.068169 0.947082 -0.313671 -0.930229 0.173973 0.323122
6.531548 -89.169617 -348.894537 10306.828054 0.356620 0.304061 0.883385 0.196335 0.900049 -0.389057 -0.913386 0.312185 0.261278
119.924371 33.052937 37164.470493 4442.800875 0.988156 -0.083446 0.128784 0.116318 -0.140099 -0.983282 -0.100094 -0.986615 0.128733
138.061136 39.203599 12427.630035 -7008.512738 0.954433 -0.298417 -0.002097 -0.052255 -0.160201 -0.985700 -0.293814 -0.940895 0.168495
138.309074 40.894335 40137.631751 3861.109716 0.979571 -0.186246 0.075848 0.057502 -0.102012 -0.993120 -0.192702 -0.977193 0.089218
120.581866 26.000889 -45647.334918 -12051.786770 0.869526 -0.491589 0.047596 -0.058592 -0.198366 -0.978375 -0.490400 -0.847934 0.201288
118.197622 44.114048 -45023.664864 -13059.514596 0.853211 -0.521278 -0.017293 -0.112385 -0.151369 -0.982068 -0.509313 -0.839855 0.187733
154.525029 46.991959 30031.130103 -735.721588 0.954091 -0.297937 -0.030736 -0.059074 -0.086580 -0.994492 -0.293635 -0.950651 0.100206
142.851012 49.553246 -14575.939449 -12713.595748 0.905767 -0.418699 -0.065406 -0.122815 -0.111638 -0.986131 -0.405590 -0.901237 0.152540
-24.205439 -29.586831 89.947440 -90.981893 0.083804 0.718397 0.690567 -0.076026 0.695594 -0.714401 0.993578 -0.007369 -0.112911
-22.641450 -34.921211 2390.892971 -1480.766084 0.001847 0.783122 0.621866 -0.052477 0.621086 -0.781984 0.998620 0.031189 -0.042243
-23.818907 -33.166537 2236.035606 1217.554939 0.016619 0.927775 0.372770 -0.013655 0.372997 -0.927732 0.999769 -0.010328 -0.018867
-45.704689 -52.853276 -4202.045889 2829.305914 0.493747 0.768317 0.407311 -0.612339 0.639754 -0.464495 0.617459 0.020069 -0.786347
-50.489100 -57.386063 1637.818216 9508.608974 -0.513309 0.822859 -0.243755 -0.600542 -0.547305 -0.582930 0.613077 0.152838 -0.775098
-54.904536 -66.422184 -1201.521074 9842.238530 -0.058390 0.998114 -0.018966 -0.726449 -0.055514 -0.684974 0.684735 0.026218 -0.728320
-14.864711 -3694.551873 -258389.227820 1471067.329373 0.064844 -0.396279 0.915838 0.899642 0.420331 0.118178 -0.431786 0.816263 0.383765
-1481.768925 -14107.472932 267461.763017 -12526100.984023 0.131059 -0.280220 0.950947 0.523485 0.834151 0.173657 -0.841895 0.475047 0.256014
-278.590078 -2369.734134 -355735.941774 -1539037.982348 0.110752 -0.282337 0.952901 0.577289 0.798740 0.169564 -0.808994 0.531320 0.251452
19.994459 -55.238886 1045.774602 -4051.260415 0.013627 0.682616 -0.730650 -0.163885 0.722361 0.671815 0.986385 0.110588 0.121714
-8.429628 -43.515247 -1263.377838 -1475.868855 0.189311 -0.012461 -0.981838 -0.279225 0.957955 -0.065996 0.941379 0.286647 0.177872
-6.010021 -40.078538 -932.757986 -1207.799352 0.207029 -0.102008 -0.973002 -0.189710 0.971486 -0.142214 0.959765 0.214031 0.181774
-11.791857 -41.723477 -1719.646075 -1343.598667 0.206188 -0.116168 -0.971592 -0.252091 0.953105 -0.167456 0.945482 0.279457 0.167233
