18708
37396
-33.734528 -57.833557 -654.708036 7709.853249 0.678982 0.730994 -0.068051 0.730861 -0.681796 -0.031560 0.069467 0.028307 0.997183
-37.298561 -68.944609 2470.596989 5303.360393 -0.577478 -0.814410 0.057058 0.815432 -0.571965 0.089028 -0.039870 0.097939 0.994393
-40.232631 -64.579390 2619.254802 8582.932452 0.413005 0.910238 -0.029880 0.910248 -0.413631 -0.018933 0.029593 0.019379 0.999374
-35.214173 -59.741296 -172.186460 6870.043679 0.716892 0.680928 -0.149677 0.692921 -0.719601 0.045118 0.076986 0.136059 0.987705
-29.331681 -49.206152 -833.568335 -7557.536447 0.745540 0.663646 -0.061184 -0.655517 0.746770 0.112389 0.120277 -0.043683 0.991779
-28.661654 -50.557164 1345.552524 -4480.224685 0.841791 0.518777 -0.149192 -0.519787 0.853568 0.035258 0.145637 0.047868 0.988179
77.378749 -53.749948 -16265.533146 -2845.624048 0.616065 0.771126 0.160715 0.313310 -0.052690 -0.948188 0.722704 -0.634499 0.274062
99.549878 -65.103197 -16212.660045 -4145.738110 0.551513 0.824230 0.128369 0.220837 0.004130 -0.975302 0.804403 -0.566241 0.179743
75.680868 -56.864447 -21028.073920 -3531.304624 0.683493 0.722286 0.105545 0.231618 -0.077477 -0.969717 0.692235 -0.687241 0.220249
-2.029332 -26.120153 -592.408300 -1066.647237 0.455794 0.889985 0.013349 0.367424 -0.201789 0.907899 -0.810710 0.408910 0.418976
-0.999342 -27.710306 -463.085930 -2149.288172 0.476790 0.877170 0.056951 0.376072 -0.262118 0.888743 -0.794507 0.402326 0.454855
-0.846091 -24.690921 -639.130397 -526.304067 0.473746 0.879650 0.042199 0.358913 -0.236611 0.902882 -0.804205 0.412591 0.427812
-3.660172 -28.917737 1466.432661 -1311.287293 0.446196 0.894149 -0.037499 0.405082 -0.164425 0.899374 -0.798009 0.416487 0.435569
-0.575456 -22.875739 -577.951835 154.660081 0.442244 0.896519 -0.025964 0.361158 -0.151509 0.920114 -0.820966 0.416292 0.390789
-2.932090 -24.881032 194.474561 -852.653766 0.438118 0.898267 -0.034187 0.360527 -0.140749 0.922068 -0.823452 0.416300 0.385514
142.645998 -91.668069 -70881.793163 -7053.151829 0.115707 -0.012772 0.993201 0.955957 0.272970 -0.107858 -0.269736 0.961938 0.043794
135.720484 -98.316897 -29162.270427 -5945.532317 0.205820 -0.235758 0.949766 0.977005 0.104713 -0.185730 -0.055666 0.966154 0.251889
205.788099 -89.682899 -87184.912542 -9119.762865 0.203546 -0.153246 0.966998 0.930122 0.338638 -0.142118 -0.305683 0.928354 0.211466
144.326045 -101.770712 -2998.572649 -9168.695339 0.290463 -0.412394 0.863460 0.952627 0.209667 -0.220320 -0.090180 0.886550 0.453758
181.216016 -70.155409 -91292.674686 -8675.123892 0.095898 0.010668 0.995334 0.874254 0.477177 -0.089346 -0.475904 0.878742 0.036434
-14.301036 -51.568044 -3992.728385 -1012.655371 0.517949 0.534950 -0.667501 0.548668 0.390908 0.739022 0.656271 -0.749012 -0.091040
-10.093269 -50.747998 -3843.069663 590.278956 0.558825 0.529907 -0.637897 -0.433659 -0.468928 -0.769446 0.706862 -0.706616 0.032250
-2.613340 -49.089070 -4028.917936 763.881002 0.597231 0.556033 -0.578051 -0.529092 -0.268535 -0.804954 0.602808 -0.786585 -0.133815
-8.097643 -49.262812 -4405.328654 -728.875768 0.569210 0.547127 -0.613720 0.634683 0.182114 0.751007 0.522664 -0.816998 -0.243592
5.424126 -46.404149 -785.386135 419.250556 0.612465 0.613014 -0.499100 -0.504667 -0.182745 -0.843751 0.608439 -0.768647 -0.197443
3.247109 -46.521978 -2080.731989 455.687400 0.616961 0.585944 -0.525385 -0.603097 -0.076875 -0.793955 0.505602 -0.806697 -0.305952
-4.091997 -44.036400 1726.288273 1806.853380 0.416371 0.762363 -0.495416 -0.804728 0.562609 0.189431 -0.423140 -0.319802 -0.847749
4.600574 -41.925431 3719.059655 1417.247520 0.373562 0.798756 -0.471637 -0.821795 0.520804 0.231120 -0.430239 -0.301251 -0.850965
-3.201259 -50.325230 1689.907666 -2721.143861 0.444350 0.744664 -0.498025 0.845373 -0.532524 -0.041985 -0.296475 -0.402361 -0.866146
-5.453038 -98.096313 2613.152030 -2314.988509 0.421442 0.880833 -0.215685 0.616273 -0.452662 -0.644441 0.665277 -0.138674 0.733604
8.829970 -97.544629 901.666204 3394.462254 0.476876 0.841381 -0.254296 0.400475 -0.465519 -0.789247 0.782438 -0.274534 0.558947
1.305641 -95.908878 1774.271438 -3193.402704 0.499550 0.811247 -0.303856 0.559779 -0.569984 -0.601470 0.661133 -0.130372 0.738855
-9.285645 -91.509709 2890.098642 -4604.904118 0.455937 0.847995 -0.270234 0.724388 -0.529978 -0.440891 0.517092 -0.005265 0.855914
-3.167384 -87.989404 1973.686586 -4082.935797 0.517074 0.790866 -0.327361 0.677115 -0.611903 -0.408767 0.523594 0.010298 0.851906
4.069474 -92.825755 274.533799 -3979.466943 0.566424 0.746316 -0.349537 0.518883 -0.652479 -0.552297 0.640254 -0.131465 0.756830
-1.734679 -138.865067 300.638436 906.922340 0.214366 0.903165 0.371941 -0.494932 0.428726 -0.755802 0.842074 0.022067 -0.538910
-0.880889 -133.554462 247.645020 3068.332550 0.203464 0.915707 0.346530 -0.658658 0.389888 -0.643550 0.724411 0.097306 -0.682466
-2.408476 -130.087509 -145.191272 3473.702363 0.212501 0.914300 0.344816 -0.513248 0.404715 -0.756824 0.831516 0.016151 -0.555265
-2.489550 -130.351126 -133.874255 -1687.281207 0.229365 0.899310 0.372334 -0.322894 0.431172 -0.842514 0.918222 -0.073019 -0.389278
-3.324670 -121.870524 -407.416474 2498.775424 0.195376 0.924332 0.327779 -0.519809 0.381012 -0.764610 0.831641 0.020996 -0.554917
-3.408655 -124.453810 -321.646562 2574.646998 0.220697 0.907147 0.358297 -0.353301 0.416761 -0.837549 0.909105 -0.058257 -0.412474
1036.801781 -65.244707 -469607.180383 17441.598772 -0.361912 0.003201 -0.932207 0.890708 -0.293876 -0.346810 -0.275063 -0.955838 0.103506
343.891687 -43.028059 -84713.095927 -5595.428660 -0.181237 -0.175006 -0.967743 0.964530 -0.223672 -0.140187 -0.191923 -0.958824 0.209336
1356.234187 -41.328734 -637210.750313 46078.721669 -0.374897 -0.038941 -0.926248 0.912896 -0.189527 -0.361525 -0.161471 -0.981103 0.106602
6.569231 -110.796208 1296.266730 -4307.579959 -0.137250 -0.186729 -0.972777 -0.681949 0.730079 -0.043925 0.718406 0.657356 -0.227543
3.377098 -112.756069 654.600324 -3145.625433 -0.140858 -0.207377 -0.968067 -0.686111 0.725372 -0.055555 0.713730 0.656376 -0.244459
3.341622 -104.230432 1026.895518 -2803.746149 -0.128575 -0.211153 -0.968960 -0.542088 0.833141 -0.109624 0.830427 0.511166 -0.221584
3.731682 -118.629726 -720.942263 4659.919798 0.152351 0.195188 0.968861 0.803346 -0.595478 -0.006358 0.575694 0.779299 -0.247525
7.519273 -101.155580 1637.056787 -3832.499015 -0.125840 -0.177573 -0.976029 -0.504509 0.858581 -0.091159 0.854187 0.480943 -0.197631
10.836400 -107.086714 1552.593749 -5095.064019 -0.127653 -0.157478 -0.979237 -0.640942 0.766561 -0.039723 0.756900 0.622564 -0.198788
11.650290 -116.983178 -1690.008221 4472.530394 0.138518 0.160476 0.977272 0.795939 -0.605228 -0.013433 0.589316 0.779709 -0.211564
7.240041 -118.987937 -1310.838447 4520.391718 0.143589 0.181940 0.972769 0.824559 -0.565552 -0.015935 0.547252 0.804393 -0.231228
-3.842160 -95.371913 228.669579 1277.149035 0.353187 0.860276 -0.367675 0.590527 0.099822 0.800820 -0.725628 0.499961 0.472760
-7.529499 -99.283842 1086.466242 847.710424 0.352692 0.859597 -0.369732 0.582877 0.107286 0.805446 -0.732026 0.499583 0.463200
-5.540482 -92.850820 807.518455 2269.946655 0.381598 0.855754 -0.349381 0.731087 -0.048142 0.680584 -0.565592 0.515138 0.644002
-2.261191 -90.677983 209.422474 2285.334966 0.383844 0.857246 -0.343209 0.728021 -0.052312 0.683556 -0.568022 0.512242 0.644173
-5.178527 -86.754145 -996.029540 2624.479653 -0.407971 -0.848613 0.336772 0.833619 -0.195802 0.516470 -0.372343 0.491444 0.787301
3.981496 -73.489700 106.642934 3140.608335 -0.518716 -0.650074 0.555282 -0.726468 0.677575 0.114614 -0.450752 -0.343942 -0.823727
3.517564 -66.837920 -311.946682 2521.982467 -0.520163 -0.642003 0.563261 -0.710031 0.691581 0.132558 -0.474643 -0.330981 -0.815577
4.457149 -78.727124 108.277197 -3131.521873 0.565788 0.610344 -0.554405 0.757728 -0.650016 0.057683 -0.325166 -0.452724 -0.830246
6.409934 -87.931402 -827.921124 -4145.666223 0.565065 0.616038 -0.548816 0.770252 -0.632270 0.083344 -0.295657 -0.469822 -0.831778
6.296040 -89.567334 -285.333142 -2599.067170 0.618868 0.579852 -0.529881 0.771382 -0.575938 0.270675 -0.148228 -0.576253 -0.803717
4.693764 -80.728060 -110.441179 -2187.440556 0.611662 0.570321 -0.548273 0.765881 -0.600538 0.229741 -0.198233 -0.560435 -0.804124
-9.485960 -120.286113 461.586105 -5397.980010 -0.203706 -0.374264 -0.904671 0.199159 0.888884 -0.412578 0.958561 -0.264218 -0.106533
-8.881506 -114.859139 -30.709867 -3981.380460 -0.207052 -0.393680 -0.895626 0.416415 0.792934 -0.444808 0.885284 -0.465051 -0.000244
-7.709486 -112.680809 -234.778515 -6158.260405 -0.213107 -0.384489 -0.898195 0.322027 0.840301 -0.436111 0.922434 -0.382182 -0.055258
16.668741 -149.291801 -7059.841452 11165.981814 -0.151990 -0.363023 -0.919300 0.571394 0.726656 -0.381419 0.806479 -0.583254 0.096985
19.232718 -131.082935 -6225.369794 17700.183308 -0.146660 -0.345197 -0.927001 0.411130 0.831086 -0.374524 0.899702 -0.436045 0.020034
21.222396 -146.558097 -2510.211896 6142.142610 -0.197885 -0.359541 -0.911906 0.552738 0.727362 -0.406725 0.809520 -0.584530 0.054798
17.131694 -150.373913 -1933.769178 -481.796891 -0.179760 -0.355000 -0.917421 0.694380 0.614809 -0.373960 0.696795 -0.704262 0.135986
14.751186 -148.759986 -7245.377057 -825.287434 -0.155445 -0.368235 -0.916646 0.722355 0.590581 -0.359745 0.673825 -0.718065 0.174193
35.248690 -24.263779 -3665.496552 -11000.763060 -0.589060 -0.439018 -0.678433 0.664662 -0.740718 -0.097780 -0.459600 -0.508527 0.728127
25.333926 -25.167346 -2207.070026 -7135.427395 -0.642241 -0.432274 -0.632981 0.653816 -0.739963 -0.158047 -0.400063 -0.515357 0.757863
34.335210 -36.735924 -5184.553577 -6748.397609 -0.517527 -0.499212 -0.694948 0.743299 -0.664615 -0.076112 -0.423877 -0.555944 0.715021
44.490870 -34.795328 -4636.121434 -9804.276486 -0.491008 -0.454469 -0.743216 0.720377 -0.691551 -0.053043 -0.489865 -0.561440 0.666946
35.424177 -91.776420 -3656.810426 26290.278590 -0.067325 -0.568891 -0.819653 0.578876 0.646836 -0.496493 0.812632 -0.507903 0.285769
36.599426 -68.319727 -802.554517 9967.513765 -0.090657 -0.545938 -0.832906 0.526786 0.683475 -0.505329 0.845149 -0.484575 0.225631
38.359394 -90.467548 4037.676216 19531.600526 -0.153706 -0.501380 -0.851465 0.598713 0.638257 -0.483913 0.786077 -0.584163 0.202079
37.714846 -138.314310 289.275472 44107.547079 -0.113579 -0.532007 -0.839088 0.690564 0.564919 -0.451650 0.714298 -0.630742 0.303222
33.148662 -103.646654 -4409.117077 41394.912324 -0.058516 -0.594654 -0.801849 0.624739 0.604682 -0.494025 0.778638 -0.529854 0.336120
25.821160 -78.317451 -6777.311191 18020.222050 -0.018216 -0.619214 -0.785011 0.583104 0.631213 -0.511429 0.812193 -0.467059 0.349568
4.746839 -106.217256 5930.529711 13941.976072 -0.244350 -0.308863 -0.919183 0.689934 0.610711 -0.388618 0.681384 -0.729134 0.063868
5.652000 -88.285435 4224.960501 5519.020151 -0.219914 -0.308239 -0.925541 0.636912 0.673275 -0.375559 0.738906 -0.672079 0.048259
-1.055061 -92.003886 5409.120611 7125.514456 -0.228415 -0.284275 -0.931136 0.613799 0.700339 -0.364383 0.755696 -0.654761 0.014520
-3.013960 -84.913266 2522.339554 6850.066733 -0.194272 -0.273496 -0.942050 0.541316 0.770998 -0.335468 0.818068 -0.575119 -0.001736
-5.169882 -94.365184 1595.176522 4910.220693 -0.190606 -0.290879 -0.937581 0.630481 0.695794 -0.344040 0.752438 -0.656704 0.050771
-3.164239 -104.630257 5370.377735 10303.736263 -0.242829 -0.305434 -0.920731 0.677943 0.625447 -0.386276 0.693850 -0.718001 0.055190
-0.192722 -135.504340 107.753247 -8050.520119 -0.133696 -0.438248 -0.888856 0.203171 0.865736 -0.457409 0.969973 -0.241743 -0.026706
-1.079962 -135.535558 583.127531 -15068.638400 -0.141610 -0.404352 -0.903574 0.091896 0.903461 -0.418703 0.985648 -0.142328 -0.090781
1.909472 -140.996019 163.067681 -15531.142461 -0.129595 -0.412551 -0.901669 0.049338 0.905528 -0.421408 0.990339 -0.099099 -0.096998
26.975612 -96.144488 -24809.329804 -5593.970052 0.859970 -0.387984 -0.331541 -0.380981 -0.055813 -0.922897 -0.339564 -0.919975 0.195813
69.001755 -99.759172 20285.464803 -34722.284306 0.914456 -0.249022 -0.318996 -0.381180 -0.265289 -0.885621 -0.135913 -0.931456 0.337517
42.306356 -137.289160 9681.345000 -32113.293784 0.807157 -0.245750 -0.536754 -0.553928 -0.000912 -0.832564 -0.204114 -0.969333 0.136864
67.584777 -127.376089 51065.533882 -45550.295733 0.865936 -0.166126 -0.471760 -0.498794 -0.217293 -0.839040 -0.036876 -0.961866 0.271025
22.260211 -103.998751 -11377.111968 -9699.510214 0.677053 -0.287974 -0.677252 -0.628388 0.252774 -0.735686 -0.383050 -0.923675 0.009818
21.770647 -216.718144 24400.978289 60655.130227 0.610318 -0.103043 -0.785426 0.706730 -0.377055 0.598634 -0.357834 -0.920441 -0.157300
20.472115 -192.236016 32734.803514 -54720.086247 0.750061 -0.153538 -0.643300 -0.646460 0.035161 -0.762137 -0.139637 -0.987517 0.072883
2.470331 -1267.644508 -1588.677323 -950805.398068 0.352035 -0.292663 0.889056 0.665490 -0.589667 -0.457619 0.658175 0.752756 -0.012819
-60.359459 -2174.484736 5016.883124 1294693.092025 -0.262310 0.005235 -0.964969 -0.080411 0.996389 0.027264 0.961628 0.084746 -0.260942
-40.164906 -715.740362 5091.801755 368013.950876 -0.278866 0.136193 -0.950624 -0.432632 0.865934 0.250973 0.857358 0.481258 -0.182558
-41.750048 -459.108676 -27324.896753 -432985.206957 0.312589 -0.248465 0.916817 0.673151 -0.623038 -0.398360 0.670190 0.741680 -0.027501
12.638466 -2292.810045 24732.311513 -1428753.931992 -0.390767 -0.163938 -0.905773 0.871200 0.251813 -0.421428 0.297173 -0.953790 0.044422
-14.659109 -2219.898937 -12596.923437 -375554.512023 -0.333813 -0.130434 -0.933571 0.680986 0.651429 -0.334512 0.651787 -0.747414 -0.128632
219.246620 -21281.932020 57859.715354 -13416694.482574 -0.477182 -0.199883 -0.855771 0.877200 -0.167159 -0.450088 -0.053085 -0.965456 0.255102
-53.917899 -675.472007 6324.986633 -347393.327463 -0.482931 -0.162947 -0.860364 0.846021 -0.340286 -0.410432 -0.225891 -0.926096 0.302191
-4.314559 -55.367210 3793.300379 4945.175775 0.509150 0.840705 0.184341 0.848904 -0.525836 0.053456 -0.141874 -0.129270 0.981408
-18.665359 -55.519988 -6518.563228 4065.835390 -0.593771 -0.785115 -0.176156 0.795650 -0.605522 0.016860 -0.119904 -0.130147 0.984218
-10.626078 -44.259833 -5398.711258 4407.536587 -0.543905 -0.822390 -0.166862 0.838405 -0.540933 -0.066848 -0.035286 -0.176257 0.983712
-11.849401 -62.215383 5007.323939 2679.183223 0.563670 0.804001 0.189362 0.786101 -0.592546 0.175881 -0.253615 -0.049719 0.966027
3.917505 -43.693922 -5911.153063 4968.669880 -0.497761 -0.852052 -0.161991 0.866741 -0.495466 -0.057212 -0.031513 -0.168883 0.985132
-0.887546 -64.578938 1804.020382 3235.026154 0.503600 0.841498 0.195620 0.813269 -0.538155 0.221318 -0.291513 -0.047636 0.955380
4.320080 -59.882061 3596.093847 5415.829547 0.481741 0.858693 0.174845 0.856700 -0.503467 0.112192 -0.184367 -0.095742 0.978183
7.911407 -51.924690 -5543.260158 5424.807894 -0.479756 -0.862151 -0.162879 0.871902 -0.489214 0.021343 -0.098084 -0.131775 0.986415
-49.098399 -66.891793 7551.648239 4099.197554 0.688643 0.504224 0.521084 -0.320977 0.856373 -0.404475 -0.650188 0.111283 0.751579
-50.443625 -71.653056 3641.706372 4135.706431 0.747360 0.353849 0.562356 -0.294612 0.935119 -0.196868 -0.595531 -0.018546 0.803118
-40.828393 -67.211594 7443.773661 3528.307342 0.704733 0.563200 0.431458 -0.437760 0.823759 -0.360260 -0.558316 0.065012 0.827077
17.141613 -37.022762 -3307.609634 1945.952217 -0.491457 0.858057 0.149021 -0.167145 0.075000 -0.983075 0.854712 0.508048 -0.106561
11.500510 -45.117446 -2580.455587 2891.764735 -0.492154 0.869260 0.046600 -0.052319 0.023898 -0.998344 0.868934 0.493778 -0.033717
15.094757 -41.910260 -4001.000854 3072.115608 -0.500035 0.860932 0.093605 -0.069500 0.067845 -0.995272 0.863212 0.504176 -0.025910
57.760332 -36.976008 52503.107432 -8451.196262 0.768262 0.056041 0.637677 0.542171 -0.586574 -0.601649 -0.340328 -0.807955 0.481026
-4.086151 -44.288723 20307.486344 -3964.735898 0.800818 -0.015573 0.598705 0.500996 -0.530339 -0.683918 -0.328167 -0.847642 0.416903
57.982599 -35.518474 -52433.715238 11795.730192 -0.635628 -0.162882 -0.754617 0.733332 -0.432861 -0.524267 -0.241251 -0.886623 0.394585
-10.109802 -48.002360 4886.980984 -25890.357321 0.840236 -0.175368 0.513078 0.319416 -0.604550 -0.729721 -0.438151 -0.777023 0.451949
37.159046 -23.465132 29251.794932 -16584.001880 0.800154 -0.083784 0.593915 0.419367 -0.629783 -0.653838 -0.428818 -0.772240 0.468786
102.262358 -181.512865 -21793.958449 26349.496400 0.329388 0.936159 0.122922 0.880176 -0.257320 -0.398845 0.341752 -0.239568 0.908743
111.691723 -149.151553 -14203.229349 18221.575058 0.290761 0.946579 -0.139449 0.844428 -0.322403 -0.427782 0.449888 -0.006627 0.893060
70.289668 -135.638574 -13352.397689 10793.595154 0.310677 0.940179 0.139796 0.789929 -0.173580 -0.588118 0.528670 -0.293143 0.796602
-1549.901794 -3236.831516 -322754.322449 -2937590.999974 0.995248 -0.091735 -0.032643 -0.058448 -0.830973 0.553234 0.077876 0.548697 0.832386
-1680.401571 -3154.752309 -905728.896978 -1783578.667057 0.290363 -0.552806 0.781086 0.944138 0.032550 -0.327940 0.155863 0.832674 0.531376
-1282.149065 -4244.662264 -858086.767287 -3418812.175469 0.706027 -0.460538 0.537988 -0.680244 -0.652303 0.334319 -0.196964 0.602001 0.773822
-1200.515426 -32084.501874 -1261276.348678 36510906.181219 0.913906 0.259203 0.312392 -0.139424 0.923203 -0.358129 -0.381230 0.283741 0.879860
-28.288954 -673.905750 -127.836448 211721.506490 -0.058105 -0.256414 0.964819 0.949943 0.282974 0.132413 -0.306971 0.924217 0.227137
1.842381 -792.790753 11326.518819 286641.693603 -0.050954 -0.360294 0.931446 0.989173 0.110313 0.096783 -0.137621 0.926293 0.350772
-15.073861 -295.195101 21.164270 92114.819143 -0.216500 -0.366177 0.905010 0.975930 -0.106083 0.190543 0.026234 0.924479 0.380330
-14.606286 -270.951117 -3796.589377 61902.897317 -0.243996 -0.315058 0.917172 0.958982 0.062328 0.276529 -0.144288 0.947024 0.286927
-11.103132 -184.548534 -985.905566 49771.494302 -0.263384 -0.351497 0.898376 0.953245 -0.237857 0.186407 0.148164 0.905469 0.397710
-9.895126 -136.172591 1293.445575 40863.928890 -0.249600 -0.383198 0.889303 0.943193 -0.304176 0.133657 0.219288 0.872145 0.437352
16.201359 -52.767925 -10915.933044 309.778974 -0.188498 0.896666 0.400573 -0.466755 -0.440669 0.766779 -0.864065 0.042433 -0.501588
19.126506 -51.898911 -6811.886916 -1512.522892 -0.160554 0.855884 0.491615 -0.412461 -0.510682 0.754374 -0.896715 0.081654 -0.435011
3.481748 -58.990276 -9715.033487 5201.115769 -0.142462 0.939238 0.312308 -0.408152 -0.343196 0.845948 -0.901730 0.006954 -0.432244
-7.184417 -67.844450 -9669.321374 -576.747696 -0.127425 0.961134 0.244919 -0.475125 -0.275907 0.835543 -0.870643 0.009898 -0.491816
-10.504564 -56.664810 -5110.882972 5585.528371 -0.060543 0.990430 0.124029 -0.345886 -0.137375 0.928165 -0.936321 -0.013294 -0.350893
-14.925897 -73.763733 -7439.329959 70.256379 -0.033885 0.998753 0.036654 -0.383720 -0.046866 0.922260 -0.922828 -0.017186 -0.384830
-24.566455 -84.920582 -3179.016293 1486.100709 0.109974 0.980224 -0.164519 -0.191165 0.183293 0.964292 -0.975378 0.074597 -0.207542
-25.509539 -87.263585 -4300.290523 -3898.898766 0.092715 0.991477 -0.091528 -0.369610 0.119627 0.921454 -0.924550 0.051603 -0.377551
-21.608860 -83.043882 2501.005157 -1126.620658 0.110451 0.986022 -0.124747 -0.322787 0.154299 0.933810 -0.940005 0.062873 -0.335317
-1.178346 -73.908629 222.956577 8140.511939 -0.208569 0.883539 0.419355 -0.317338 -0.466724 0.825509 -0.925092 -0.039098 -0.377725
0.591598 -88.421400 -2375.913271 6651.483142 -0.234846 0.875318 0.422688 -0.452577 -0.483305 0.749393 -0.860245 0.015307 -0.509651
4.381052 -72.069588 -5361.832401 3955.481877 -0.249961 0.860933 0.443074 -0.364722 -0.507613 0.780581 -0.896938 -0.033516 -0.440884
-0.922038 -66.380553 -190.110085 1114.772953 -0.199438 0.892832 0.403827 -0.249122 -0.444763 0.860305 -0.947714 -0.070975 -0.311127
-0.002069 -62.309615 3860.251893 5682.477581 -0.183609 0.871923 0.453914 -0.187160 -0.484325 0.854634 -0.965018 -0.071964 -0.252116
9.334679 -17.653491 2339.356998 -320.596487 -0.271125 0.898159 0.346124 -0.335862 -0.425267 0.840443 -0.902046 -0.111615 -0.416958
12.629492 -16.264176 1387.125742 29.171598 -0.272274 0.920724 0.279525 -0.350596 -0.365458 0.862278 -0.896074 -0.136776 -0.422307
12.540928 -18.361112 1795.343201 1125.486364 -0.265306 0.915107 0.303632 -0.382833 -0.389011 0.837919 -0.884902 -0.106065 -0.453540
10.779415 -18.700974 1594.365976 -1582.769991 -0.289061 0.896637 0.335389 -0.300509 -0.417624 0.857487 -0.908921 -0.147079 -0.390166
8.796632 -18.946016 1821.420927 580.704944 -0.279995 0.877914 0.388420 -0.363861 -0.471465 0.803322 -0.888374 -0.083595 -0.451447
5.732810 -18.602837 1973.755965 -570.329349 -0.284214 0.863653 0.416324 -0.315325 -0.494277 0.810099 -0.905424 -0.098964 -0.412811
7.313042 -20.040268 2475.577249 -1403.884997 -0.280276 0.881263 0.380554 -0.285050 -0.454969 0.843652 -0.916620 -0.127978 -0.378721
13.514645 -33.777987 -4667.199170 8017.336402 -0.386547 0.875512 -0.289931 0.097181 0.351283 0.931212 -0.917135 -0.331782 0.220870
4.303401 -41.851016 -4257.009144 11538.848724 -0.399645 0.899180 -0.178212 0.162305 0.260751 0.951665 -0.902187 -0.351403 0.250149
6.827227 -58.230166 -3411.662797 17458.995678 -0.374205 0.918794 -0.125652 0.117445 0.181360 0.976379 -0.919879 -0.350608 0.175773
14.798561 -49.073279 -3676.286301 14998.387483 -0.341520 0.907560 -0.244334 0.064835 0.282094 0.957193 -0.937636 -0.311059 0.155182
2.819335 -93.859760 -2472.482959 28454.230419 -0.366351 0.929765 -0.036390 0.075116 0.068533 0.994817 -0.927440 -0.361718 0.094947
8.905392 -80.826238 -2249.790509 26156.650879 -0.338218 0.934235 -0.113199 0.045445 0.136361 0.989616 -0.939970 -0.329561 0.088576
18.167416 -40.835710 6238.599500 413.059351 -0.471702 0.700976 0.534911 0.810095 0.104956 0.576828 0.348201 0.705420 -0.617365
28.263294 -42.442295 5858.587595 440.771378 -0.479853 0.728070 0.489545 0.797543 0.129467 0.589206 0.365603 0.673166 -0.642792
17.365080 -40.229314 5550.799446 243.503198 -0.496749 0.703457 0.508320 0.757777 0.066019 0.649165 0.423101 0.707665 -0.565858
4.786049 -38.685095 4512.517389 517.133420 -0.481774 0.698089 0.529684 0.764335 0.039130 0.643631 0.428585 0.714941 -0.552426
4.103881 -39.630071 5400.954453 541.012013 -0.457787 0.693486 0.556335 0.817426 0.082224 0.570135 0.349636 0.715763 -0.604514
1.574412 -70.038807 -782.052114 3614.894251 -0.520364 0.843522 -0.133009 -0.821875 -0.536994 -0.190153 0.231823 -0.010368 -0.972703
-0.147464 -68.610039 -125.372613 3546.938816 -0.533250 0.835478 -0.132745 -0.812934 -0.549501 -0.192838 0.234056 -0.005082 -0.972210
0.446117 -73.451898 -783.840166 692.047858 -0.515140 0.846356 -0.135325 -0.751632 -0.521961 -0.403244 0.411923 0.106012 -0.905031
3.802791 -73.072316 -1243.707759 -161.270779 -0.509874 0.849785 -0.133768 -0.754233 -0.516384 -0.405562 0.413716 0.105893 -0.904227
-0.357436 -77.203127 -1118.479264 -798.040080 -0.505494 0.851438 -0.139749 -0.651739 -0.482923 -0.584826 0.565431 0.204547 -0.799030
2.851853 -76.667572 -1456.931524 -1800.450886 -0.500046 0.854027 -0.143498 -0.652859 -0.480631 -0.585465 0.568973 0.199076 -0.797897
-0.017713 -119.977819 -27.362804 11469.348648 -0.640411 0.768009 -0.006040 -0.087399 -0.065061 0.994047 -0.763044 -0.637126 -0.108788
-0.672977 -115.848614 -180.207477 11690.122465 -0.644839 0.764299 -0.005543 -0.076465 -0.057295 0.995425 -0.760484 -0.642312 -0.095389
-0.639590 -136.440753 -224.795478 6482.786461 -0.636824 0.770096 -0.037522 -0.310892 -0.211946 0.926512 -0.705551 -0.601690 -0.374389
-0.387347 -146.528002 -34.700343 7757.865089 -0.629561 0.775676 -0.044491 -0.320147 -0.206812 0.924519 -0.707926 -0.596285 -0.378531
-1.618625 -139.893629 -319.820259 -1168.670849 -0.619290 0.782854 -0.060170 -0.529068 -0.359447 0.768690 -0.580144 -0.507876 -0.636785
-1.318438 -150.704904 -90.648068 183.445383 -0.608376 0.790692 -0.068442 -0.537295 -0.346862 0.768766 -0.584117 -0.504473 -0.635858
4.648956 -51.970693 -689.863676 -2612.012555 -0.487045 0.871421 -0.058414 0.063125 -0.031584 -0.997506 0.871093 0.489517 0.039626
6.208635 -51.589998 233.964674 -4836.829629 -0.514431 0.856129 -0.049021 0.046505 -0.029229 -0.998490 0.856270 0.515934 0.024778
4.736592 -60.519030 -706.190139 -6734.080219 -0.490463 0.869313 -0.061164 -0.033255 -0.088804 -0.995494 0.870827 0.486219 -0.072465
1.687628 -58.804373 -1597.710178 -5170.702920 -0.467911 0.881721 -0.060237 -0.016888 -0.077066 -0.996883 0.883614 0.465435 -0.050950
1.838609 -53.024443 -1438.165682 -1185.694213 -0.467568 0.882000 -0.058796 0.081650 -0.023137 -0.996392 0.880178 0.470682 0.061197
-4.228740 -106.084943 1736.576678 7751.357922 -0.274353 0.961471 -0.017416 0.961567 0.274496 0.006389 0.010923 -0.014994 -0.999828
-3.550638 -120.949917 479.059794 -9598.804054 -0.266270 0.963414 -0.030560 -0.955972 -0.259890 0.136289 -0.123360 -0.065504 -0.990198
-1.864214 -101.391497 330.672005 -7533.570273 -0.257228 0.965985 -0.026572 -0.963700 -0.258461 -0.066940 0.071531 -0.008389 -0.997403
-5.152162 -135.315584 1547.549980 -12634.456222 -0.271499 0.962198 -0.021503 -0.943008 -0.261485 0.205818 -0.192415 -0.076157 -0.978354
-0.441967 -96.039500 330.606372 -8046.279002 -0.274984 0.960785 -0.035716 -0.942671 -0.276734 -0.186523 0.189092 0.017622 -0.981801
-5.341588 -94.320318 1429.198450 -9145.484115 -0.289011 0.956531 -0.038996 -0.944985 -0.291568 -0.148293 0.153217 0.006008 -0.988174
-6.390034 -98.468331 884.483119 4730.305545 -0.280796 0.958343 -0.052264 0.959763 0.280553 -0.012076 0.003090 -0.053552 -0.998560
-2.488693 -90.870506 2858.895584 -7239.104730 -0.293134 0.955972 -0.013787 -0.933840 -0.289379 -0.210244 0.204977 0.048755 -0.977552
-5.974241 -112.708736 2704.943789 -3492.520245 -0.261046 0.965029 -0.023962 -0.956087 -0.255041 0.144401 -0.133240 -0.060605 -0.989229
9.560143 -31.151949 858.766305 -1035.287527 -0.301609 0.904405 0.301802 -0.129193 -0.352391 0.926893 -0.944638 -0.240569 -0.223127
10.084137 -32.801351 -949.476182 -1562.501825 -0.340242 0.892158 0.297135 -0.137114 -0.359680 0.922946 -0.930288 -0.273284 -0.244706
9.339132 -27.913534 1324.709594 -1983.223591 -0.302011 0.889641 0.342533 -0.193354 -0.409007 0.891811 -0.933490 -0.203107 -0.295540
-3.271574 -26.537635 -1546.634261 4570.253755 -0.276859 0.942424 0.187582 -0.503264 -0.308509 0.807185 -0.818581 -0.129073 -0.559702
-7.085026 -19.153777 -1965.921291 3036.227662 -0.244848 0.959991 0.135889 -0.487786 -0.243093 0.838433 -0.837923 -0.139004 -0.527791
-6.844959 -25.948525 -2280.822109 4156.344814 -0.255547 0.952551 0.165357 -0.512774 -0.278538 0.812084 -0.819609 -0.122734 -0.559622
2.975852 -146.196352 -1561.659042 -6818.053667 0.035174 -0.989746 0.138441 0.999291 0.036695 0.008450 -0.013444 0.138045 0.990335
5.000250 -152.646961 -1200.948649 -8043.609665 0.021601 -0.991191 0.130670 0.997932 0.029291 0.057219 -0.060542 0.129164 0.989773
2.663416 -134.549402 1505.366034 -10154.714160 0.002897 0.990932 -0.134336 0.979383 0.024323 0.200541 -0.201990 0.132148 0.970431
-0.810482 -128.567112 1312.722701 -8557.319832 -0.007442 0.990856 -0.134721 0.987608 0.028404 0.154347 -0.156762 0.131903 0.978789
-0.628888 -139.706803 -1458.364227 -7274.716242 0.046897 -0.989201 0.138862 0.998568 0.042844 -0.032035 0.025740 0.140165 0.989794
32.993123 -250.801344 -4034.046448 -9795.860790 0.006347 0.991854 -0.127225 0.173481 -0.126391 -0.976693 0.984817 0.015872 0.172870
20.744774 -263.875456 -7899.345611 -1849.329049 0.046223 0.995421 -0.083664 -0.064527 -0.080603 -0.994655 0.996845 -0.051374 -0.060506
34.473245 -252.948686 -13128.719183 -18128.507768 0.063790 0.995068 -0.075963 0.267781 -0.090394 -0.959230 0.961366 -0.040848 0.272226
28.494210 -212.486896 5938.626273 28396.551341 -0.132231 0.971797 -0.195259 -0.143120 -0.213643 -0.966371 0.980832 0.099839 -0.167334
30.346912 -198.650139 2650.735480 36534.029745 -0.111932 0.981066 -0.158054 -0.355457 -0.188059 -0.915579 0.927966 0.046301 -0.369777
33.674199 -224.499889 7006.236586 22972.578137 -0.105214 0.976057 -0.190374 -0.092004 -0.200169 -0.975432 0.990184 0.085114 -0.110862
24.835058 -182.445655 3049.525594 30958.698549 -0.143556 0.980502 -0.134191 -0.357780 -0.177844 -0.916714 0.922705 0.083589 -0.376335
32.659505 -214.072363 8675.435887 -3687.721076 -0.136810 0.964614 -0.225397 0.194072 -0.197027 -0.960998 0.971401 0.175217 0.160249
22.531435 -200.046066 3168.156945 17966.534089 -0.145009 0.972616 -0.181633 -0.108428 -0.198089 -0.974168 0.983471 0.121569 -0.134184
-3.212937 -31.717425 -737.669934 4330.809027 -0.404621 0.782727 0.472885 -0.213664 -0.583710 0.783346 -0.889174 -0.215920 -0.403422
0.023714 -25.442918 -1166.582657 3070.777802 -0.445762 0.713809 0.540160 -0.109413 -0.642351 0.758561 -0.888440 -0.279037 -0.364435
-2.873188 -25.170703 -1680.177741 -2978.590886 -0.461284 0.636426 0.618206 0.090819 0.726974 -0.680633 -0.882592 -0.257820 -0.393141
-6.299524 -31.341303 -650.474374 2589.838007 -0.423175 0.710804 0.561855 -0.209527 -0.680080 0.702560 -0.881488 -0.179582 -0.436725
-4.520073 -22.934954 -1728.926800 -1881.447538 -0.477545 0.418964 0.772282 -0.045690 0.865953 -0.498034 -0.877418 -0.273119 -0.394389
-6.787775 -26.556305 -1566.670921 -1756.909784 -0.469427 0.524546 0.710275 0.063628 0.822419 -0.565313 -0.880676 -0.220180 -0.419441
8.071742 -57.034892 -548.354283 14113.963543 -0.218586 0.975396 -0.028690 -0.974411 -0.219755 -0.047235 0.052378 -0.017631 -0.998472
6.717343 -55.091918 -1747.497158 5271.391495 -0.205753 0.978552 -0.010068 -0.970789 -0.205397 -0.124023 0.123431 0.015744 -0.992228
7.551891 -56.542033 157.358180 -3508.618513 -0.206604 0.978379 0.009459 -0.973476 -0.204578 -0.102432 0.098283 0.030371 -0.994695
11.685543 -190.123106 2939.469063 13050.922640 0.006177 0.999015 0.043942 -0.964989 0.017478 -0.261707 0.262218 0.040787 -0.964146
21.031388 -212.408279 6514.579898 17701.957810 0.028286 0.998934 0.036471 -0.994709 0.031734 -0.097713 0.098766 0.033514 -0.994546
15.365190 -217.499295 4066.009644 34815.960772 -0.008405 0.999743 0.021046 -0.952613 -0.001605 -0.304181 0.304069 0.022605 -0.952382
19.836164 -263.581563 -27468.799929 44456.928488 -0.184599 0.858320 -0.478758 0.950419 0.279940 0.135418 0.250256 -0.430022 -0.867440
25.960111 -230.492821 -23677.718242 -13416.514753 -0.210275 0.862419 -0.460454 -0.875532 -0.375684 -0.303818 0.435004 -0.339257 -0.834072
42.836353 -229.418420 -27558.771563 -14355.235790 -0.226614 0.871079 -0.435737 -0.904836 -0.353842 -0.236784 0.360440 -0.340612 -0.868370
27.670279 -65.308147 12594.363798 -50171.920155 0.190442 0.661147 0.725684 -0.069103 0.746407 -0.661892 -0.979263 0.075905 0.187834
48.131402 -42.893803 12163.473779 -29623.113794 0.138900 0.436963 0.888690 -0.016159 0.898269 -0.439148 -0.990175 0.046638 0.131831
27.498329 -91.874959 23598.012080 -50881.201325 0.189581 0.596053 0.780243 -0.014860 0.796305 -0.604713 -0.981753 0.103048 0.159821
-4.108118 -220.257838 10193.906428 178454.534011 0.171951 0.878169 0.446376 0.067948 -0.462618 0.883950 -0.982759 0.121666 0.139217
25.545876 -87.069842 32660.297810 56906.213857 0.212090 0.715141 0.666027 0.066752 -0.690541 0.720206 -0.974968 0.108290 0.194194
-35.633377 -80.621300 -3014.730418 2000.464820 0.037402 0.972442 -0.230127 0.515120 -0.216096 -0.829430 0.856302 0.087520 0.509007
-18.291349 -92.507734 -23333.264749 13071.037396 -0.215733 0.949219 0.229004 0.497208 0.308632 -0.810882 0.840383 0.061071 0.538541
-9.091147 -88.120715 -10720.114575 -9239.312677 -0.113267 0.993304 0.022753 0.464938 0.073228 -0.882309 0.878068 0.089358 0.470119
-61.822011 -136.800894 -47402.151222 95572.658165 0.085299 0.972336 -0.217457 0.144456 0.203878 0.968280 -0.985828 0.114007 0.123069
-43.957225 -342.488099 -38205.801493 222321.107560 0.047572 0.918162 -0.393340 0.092087 0.388077 0.917015 -0.994614 0.079846 0.066089
-12.298241 -253.900817 -18056.632403 209012.838624 0.050545 0.945109 -0.322821 0.184076 0.308880 0.933118 -0.981612 0.106588 0.158360
14.788915 -77.962101 1190.789116 1857.834070 0.380758 0.924119 -0.032063 -0.270313 0.144402 0.951882 -0.884282 0.353769 -0.304784
10.798410 -74.572070 2892.352894 3182.122751 0.414611 0.909954 -0.009029 -0.285237 0.139375 0.948269 -0.864140 0.390587 -0.317339
13.652117 -73.410025 931.266311 9747.568265 0.394355 0.917562 -0.050630 -0.164931 0.124870 0.978369 -0.904036 0.377474 -0.200578
7.035401 -60.382916 -3161.522099 10208.762151 -0.265836 0.536440 -0.800977 -0.172844 0.790886 0.587047 0.948397 0.294503 -0.117525
1.213700 -57.057677 -3047.775687 -7243.886621 -0.259046 0.493235 -0.830430 -0.002744 0.859399 0.511297 0.965861 0.134729 -0.221271
1.004234 -55.667727 439.732341 2434.864831 -0.303441 0.613269 -0.729263 -0.070880 0.748701 0.659108 0.950210 0.251690 -0.183718
8.836130 -58.519435 -2684.363674 7936.196913 -0.261928 0.412745 -0.872374 -0.201745 0.860544 0.467721 0.943765 0.298507 -0.142132
11.454883 -53.778317 -1967.686189 17907.428844 -0.288230 0.605773 -0.741594 -0.244122 0.702384 0.668626 0.925920 0.373758 -0.054566
17.652101 -38.025440 -3890.591300 20814.212710 -0.253281 0.505352 -0.824905 -0.337872 0.752800 0.564920 0.906472 0.421796 -0.019926
15.124004 -48.169870 -2984.366005 1007.719152 -0.343417 0.914729 0.212922 -0.500636 0.013521 -0.865552 0.794625 0.403842 -0.453303
20.678600 -44.621869 -4574.177457 1279.531314 -0.379058 0.900460 0.213278 -0.509092 -0.010460 -0.860648 0.772748 0.434814 -0.462382
14.848835 -48.054970 -3298.451998 413.858357 -0.326833 0.914131 0.239885 -0.586699 0.002741 -0.809800 0.740921 0.405410 -0.535424
-2302.751963 -5681.243528 2315571.042999 2703747.311644 0.849034 -0.454186 0.269920 0.287528 -0.031400 -0.957257 -0.443248 -0.890354 -0.103931
-2205.990676 -3225.523177 2485087.482308 890928.415954 0.978646 -0.150529 0.139973 0.189580 0.397815 -0.897665 -0.079441 -0.905033 -0.417858
-1355.026945 -3840.924153 1363048.671205 1377510.783101 0.929542 -0.177121 0.323386 0.244291 -0.361092 -0.899964 -0.276175 -0.915555 0.292381
-3597.370488 -9865.619929 4718058.958531 13664017.431115 0.760705 -0.274948 0.587990 -0.136647 0.817723 0.559158 -0.634551 -0.505701 0.584475
-26.136018 -451.747258 139.721183 120060.749736 0.888459 0.139878 0.437121 0.431321 -0.579976 -0.691079 -0.156853 -0.802535 0.575617
-21.288034 -351.376633 4792.710845 57617.004583 0.912396 0.173792 0.370581 0.399247 -0.577396 -0.712191 -0.090199 -0.797753 0.596200
-29.369728 -437.962019 7351.071321 -3949.981157 0.910539 0.192246 0.366005 0.341460 -0.848814 -0.403633 -0.233073 -0.492500 0.838523
-12.637629 -360.107379 6797.585952 -679.407194 0.920555 0.218054 0.324084 0.357155 -0.805836 -0.472302 -0.158171 -0.550528 0.819696
-12.995104 -372.772195 6711.070017 18319.993557 0.911826 0.223526 0.344398 -0.281903 0.950685 0.129339 -0.298503 -0.215021 0.929872
-204.950018 -286.673508 -27664.457695 77324.991562 0.764761 0.616921 -0.185876 -0.091347 -0.181759 -0.979091 0.637806 -0.765750 0.082648
-220.688093 -246.328329 1590.573342 -14607.771913 0.311403 0.397592 -0.863104 0.646216 0.577326 0.499098 0.696730 -0.713173 -0.077149
-228.121976 -282.951497 -160.228866 58847.001343 0.579548 0.813963 0.039847 0.207309 -0.099966 -0.973155 0.788129 -0.572251 0.226677
-176.746746 -223.599937 -19589.187272 -52055.472841 0.496003 0.443050 -0.746785 0.688429 0.323496 0.649166 0.529195 -0.836096 -0.144554
-194.220797 -289.735432 -6542.118662 30755.058817 0.737643 0.673724 -0.044487 0.257636 -0.341757 -0.903784 0.624105 -0.655208 0.425670
-183.216881 -318.812569 -21429.235890 84470.026676 0.861650 0.502852 -0.068543 0.038813 -0.199958 -0.979035 0.506016 -0.840926 0.191811
-177.224799 -250.626728 -26126.105385 69526.700548 0.813750 0.491749 -0.309829 -0.302204 -0.097364 -0.948258 0.496471 -0.865277 -0.069378
-44.205135 -78.419782 -580.406453 2384.570512 0.403006 0.913746 -0.051518 0.895253 -0.381911 0.229490 -0.190021 0.138607 0.971947
-37.824046 -77.455718 4419.571378 2844.678659 -0.518743 -0.850074 0.090998 0.844747 -0.493274 0.207564 -0.131558 0.184542 0.973980
-40.705884 -72.422350 912.218684 6157.644146 -0.639707 -0.750579 0.165548 0.768501 -0.620831 0.154835 -0.013439 0.226273 0.973971
86.490916 -57.820682 -9247.961241 -2403.323859 0.442330 0.874158 0.200481 0.390138 0.013732 -0.920654 0.807550 -0.485448 0.334968
115.588116 -71.279862 -956.161809 -3653.997824 0.319396 0.937743 0.136475 0.248213 0.056202 -0.967074 0.914536 -0.342754 0.214809
124.675685 -87.727675 -1691.939045 -8475.462069 0.377965 0.921116 0.093206 0.085420 0.065549 -0.994186 0.921871 -0.383729 0.053907
113.028108 -70.478822 -18107.005054 -4600.452588 0.570850 0.816119 0.089890 0.096953 0.041712 -0.994415 0.815310 -0.576377 0.055314
-0.520174 -31.662567 188.342115 -1734.885026 0.481880 0.873984 0.062794 0.413641 -0.290070 0.862995 -0.772459 0.389886 0.501295
16.116210 -62.814150 2774.604495 13440.925791 0.120312 -0.568785 -0.813639 0.514246 0.736766 -0.439006 0.849162 -0.365593 0.381137
13.248438 -42.517552 7361.624870 5656.731954 0.066752 -0.553325 -0.830286 0.460764 0.755194 -0.466238 0.885009 -0.351444 0.305363
9.554803 -67.204027 4056.466649 13450.931029 0.051213 -0.589728 -0.805977 0.541481 0.694512 -0.473763 0.839151 -0.412159 0.354894
23.314759 -39.910878 3297.152788 7269.832651 0.136981 -0.565049 -0.813607 0.440861 0.770296 -0.460745 0.887061 -0.295574 0.354624
7.668899 -94.824674 1386.232304 19961.953450 0.066500 -0.605502 -0.793061 0.620459 0.647556 -0.442382 0.781414 -0.462643 0.418752
23.948648 -46.777130 1093.677702 11064.217182 0.172598 -0.549581 -0.817417 0.467695 0.776081 -0.423035 0.866874 -0.309288 0.390986
22.368117 -60.013032 1938.574643 14888.734540 0.174177 -0.551056 -0.816088 0.517709 0.756220 -0.400136 0.837639 -0.352802 0.417003
15.300780 -81.434416 2813.797976 14890.187024 0.114504 -0.576736 -0.808866 0.612969 0.681762 -0.399336 0.781766 -0.450084 0.431586
-19.958078 -53.512218 -3128.609878 -205.553991 0.468383 0.502914 -0.726426 0.427502 0.590534 0.684479 0.773213 -0.631147 0.061600
-16.112497 -52.596147 -3456.842491 346.736213 0.514139 0.490715 -0.703463 0.318465 0.652318 0.687794 0.796392 -0.577650 0.179106
-7.859904 -59.205512 3.044303 -2475.615284 0.486567 0.685403 -0.541734 0.861792 -0.478340 0.168835 -0.143413 -0.549012 -0.823419
-7.465742 -62.806226 -394.050830 -404.139685 0.509195 0.650134 -0.563956 0.859225 -0.346300 0.376575 0.049526 -0.676315 -0.734946
-8.427772 -60.350401 -676.520963 -1974.378789 0.484609 0.652272 -0.582833 0.863604 -0.462705 0.200230 -0.139075 -0.600371 -0.787536
-0.740515 -146.942438 56.870451 7195.220915 0.227737 0.903450 0.363200 -0.639974 0.419999 -0.643455 0.733873 0.085900 -0.673833
-0.226232 -139.027463 147.645661 8469.779848 0.207432 0.916715 0.341475 -0.795102 0.361348 -0.487073 0.569898 0.170474 -0.803838
251.862195 -30.600378 -80583.019927 -4133.671344 -0.262567 -0.143464 -0.954189 0.926396 -0.314092 -0.207695 -0.269906 -0.938490 0.215375
169.110779 -30.780347 36008.140637 -11106.166535 0.175603 -0.358483 -0.916872 0.953391 -0.170210 0.249147 -0.245376 -0.917888 0.311885
220.772689 -64.362590 35134.550695 -18886.446398 0.166327 -0.373431 -0.912625 0.970170 -0.103564 0.219191 -0.176368 -0.921859 0.345066
17.872591 -31.496868 10958.781049 4483.756637 0.044157 0.842654 -0.536641 0.713307 0.349499 0.607490 -0.699460 0.409614 0.585638
30.516974 -38.974522 25494.689357 6660.030507 0.202271 0.908283 -0.366209 0.677579 0.140193 0.721964 -0.707088 0.394168 0.587076
3.756629 -32.049063 5676.698851 1901.117441 0.073628 0.887690 -0.454516 0.648487 0.303629 0.698050 -0.757657 0.346144 0.553300
2.136637 -106.562769 389.733711 -1823.026028 -0.124678 -0.226715 -0.965948 -0.559379 0.820137 -0.120292 0.819482 0.525333 -0.229073
3.602879 -117.701080 -82.002849 -2634.874974 -0.143088 -0.215480 -0.965968 -0.695398 0.716377 -0.056795 0.704236 0.663605 -0.252349
3.190841 -121.756142 60.374116 4291.273981 0.163564 0.198761 0.966303 0.807071 -0.590259 -0.015199 0.567348 0.782361 -0.256959
-2.909513 -126.641897 1956.576235 12672.543789 0.368525 0.428714 0.824860 -0.142475 0.902875 -0.405607 -0.918635 0.031954 0.393813
