13390
26769
-31.632187 -47.158699 -1855.327855 -4841.926226 0.642633 0.183201 -0.743949 -0.395025 0.911210 -0.116839 0.656489 0.368963 0.657943
-37.377292 -53.056476 667.948516 -3173.298722 0.664637 -0.036777 -0.746261 -0.348722 0.868061 -0.353359 0.660796 0.495093 0.564121
-35.071110 -64.924098 -1716.263124 -7580.019769 0.466441 0.419904 -0.778533 -0.647988 0.761321 0.022393 0.602116 0.494035 0.627205
-31.163207 -42.545331 345.755451 -2378.072718 0.693851 -0.399217 -0.599331 0.008030 0.836504 -0.547902 0.720074 0.375350 0.583614
-18.145074 -62.664542 -5120.177738 -8896.784499 0.598659 0.412541 -0.686598 -0.549613 0.835115 0.022558 0.582694 0.363859 0.726687
-23.392286 -39.627437 -3446.806215 -5212.729527 0.701361 0.208026 -0.681776 -0.319732 0.946661 -0.040069 0.637075 0.246088 0.730463
-26.922941 -35.500182 31.184474 -2955.964319 0.706911 -0.447718 -0.547563 0.147994 0.850648 -0.504475 0.691646 0.275583 0.667593
-41.530793 -63.432321 -386.711929 316.922561 0.560381 -0.556291 -0.613607 0.455964 -0.411276 0.789271 0.691426 0.722075 -0.023177
-38.540992 -59.318488 1118.182200 -1889.940454 -0.550675 0.625139 0.553135 -0.269319 0.494157 -0.826605 0.790078 0.604161 0.103758
-40.236974 -59.531790 232.936869 -1276.154786 -0.500054 0.680786 0.535235 -0.337061 0.416317 -0.844435 0.797707 0.602670 -0.021286
-48.616388 -157.609155 -8137.671518 43855.369495 0.881039 -0.154841 -0.446984 0.111867 0.986308 -0.121171 0.459626 0.056754 0.886297
-33.036332 -122.327536 -5317.336642 35771.690308 0.880856 0.057998 -0.469818 -0.114906 0.988981 -0.093348 0.459226 0.136211 0.877814
-35.984512 -116.975117 -5782.510180 37675.306630 0.890026 -0.087911 -0.447354 0.037228 0.991970 -0.120869 0.454388 0.090922 0.886152
-15.144886 -97.500944 -1575.810323 29530.668403 0.769762 -0.379661 -0.513151 0.303760 0.924907 -0.228642 0.561423 0.020125 0.827284
-56.477002 -180.712571 -7860.562434 45291.269951 0.852844 -0.238963 -0.464278 0.179586 0.969130 -0.168924 0.490312 0.060688 0.869431
11.711351 -15.015843 -3821.659427 -1845.291714 -0.467540 0.108158 0.877330 0.663330 -0.613094 0.429080 0.584294 0.782571 0.214901
6.514124 -11.172811 -2630.198222 -315.124331 -0.552849 0.197573 0.809521 0.591836 -0.590779 0.548371 0.586591 0.782269 0.209681
2.187495 -10.922111 259.261084 -887.684508 -0.441574 0.048416 0.895917 0.675137 -0.639733 0.367329 0.590933 0.767070 0.249803
1.309107 -9.234205 -59.361369 -74.905443 -0.498697 0.122838 0.858028 0.633963 -0.623372 0.457711 0.591094 0.772217 0.232999
-10.558694 -33.505344 1704.079453 912.775088 -0.099708 0.401746 0.910307 -0.448390 0.798566 -0.401545 -0.888259 -0.448210 0.100516
-14.048978 -33.653234 1785.754163 602.703229 -0.069647 0.296460 0.952502 -0.419357 0.857655 -0.297603 -0.905146 -0.420166 0.064589
-17.283727 -36.178336 1347.009856 1099.472949 -0.041359 0.222252 0.974112 -0.486635 0.847011 -0.213915 -0.872626 -0.482884 0.073124
-4.899849 -35.512949 253.475468 -814.668551 -0.692455 0.393886 0.604450 0.719551 0.437974 0.538912 -0.052463 0.808105 -0.586698
-5.833912 -36.345675 426.057312 -326.285384 -0.694948 0.389833 0.604216 0.718406 0.340600 0.606535 0.030652 0.855583 -0.516758
-5.519507 -36.052181 -43.289291 -444.667058 -0.677998 0.419220 0.603799 0.734749 0.410537 0.540002 -0.021502 0.809761 -0.586365
-5.220821 -35.827006 351.595362 -220.614039 -0.693809 0.395368 0.601925 0.712248 0.500267 0.492378 -0.106453 0.770336 -0.628690
-5.080880 -36.345453 58.432371 -114.635921 -0.687576 0.415847 0.595239 0.720638 0.491278 0.489210 -0.088991 0.765322 -0.637466
-6.149509 -36.545498 -26.870304 196.317897 -0.680131 0.437597 0.588159 0.732622 0.434416 0.523973 -0.026216 0.787268 -0.616053
-6.227495 -35.887716 -230.528841 378.257976 -0.684658 0.436739 0.583526 0.725804 0.335232 0.600690 0.066729 0.834792 -0.546506
2.215087 -41.963316 20.951332 -1405.744758 0.869853 -0.331780 -0.365071 0.231412 0.928002 -0.291993 0.435665 0.169509 0.884004
1.956135 -45.520001 -212.637538 -2344.258090 0.878114 -0.305197 -0.368470 0.158247 0.912052 -0.378312 0.451524 0.273891 0.849182
2.171772 -47.110704 -237.330501 -1988.512708 0.877637 -0.303468 -0.371026 0.157454 0.913628 -0.374823 0.452726 0.270539 0.849616
1.781163 -43.745312 -601.523173 -1462.451590 0.872531 -0.340958 -0.349911 0.251691 0.927556 -0.276211 0.418738 0.152933 0.895137
2.098325 -40.600573 -130.738444 -216.492040 0.859913 -0.371084 -0.350493 0.314727 0.926047 -0.208289 0.401866 0.068801 0.913110
1.679195 -39.067489 194.762186 -158.567508 0.860177 -0.370392 -0.350578 0.318054 0.926959 -0.198971 0.398668 0.059647 0.915154
16.146047 -78.436988 231.343439 -4058.003015 0.818442 -0.163859 -0.550729 -0.539967 -0.547013 -0.639697 0.196436 -0.820931 0.536177
13.684590 -80.331927 1070.457649 -1535.934395 0.817559 -0.099066 -0.567259 -0.532099 -0.506577 -0.678418 0.220152 -0.856485 0.466869
17.490759 -82.236668 -279.424266 -2368.113021 0.813417 -0.180236 -0.553054 -0.578749 -0.346123 -0.738410 0.058337 -0.920714 0.385853
15.052819 -82.230549 1344.360774 -430.798658 0.812497 -0.099673 -0.574381 -0.575187 -0.297475 -0.762016 0.094912 -0.949512 0.299028
7.764392 -126.142399 -871.669458 2750.986684 0.769191 -0.296736 -0.565944 0.524608 0.798925 0.294118 -0.364871 0.523132 -0.770196
6.338652 -116.527781 840.298505 3553.800798 -0.757583 0.296998 0.581257 0.471082 0.865173 0.171919 -0.451828 0.404063 -0.795352
6.161607 -132.242875 422.277160 4281.375886 -0.756820 0.309292 0.575814 0.388639 0.921252 0.015966 -0.525531 0.235868 -0.817425
5.691904 -144.284367 383.252331 2699.841368 -0.759611 0.352420 0.546618 0.293011 0.935775 -0.196136 -0.580634 0.011178 -0.814088
8.785148 -136.482889 584.209857 -942.968139 -0.775137 0.331643 0.537750 0.455141 0.883446 0.111220 -0.438188 0.330963 -0.835736
-2.023831 -56.317390 -332.405706 275.472465 0.871285 -0.279632 -0.403322 0.393780 -0.092165 0.914573 0.292916 0.955673 -0.029812
-2.098005 -56.655739 -121.056544 597.136877 0.859771 -0.277722 -0.428561 0.456616 0.042273 0.888659 0.228683 0.959731 -0.163158
-1.851441 -58.590961 38.526762 611.956781 0.860685 -0.282466 -0.423597 0.455767 0.056616 0.888297 0.226932 0.957605 -0.177467
-2.542732 -55.657093 146.977270 -424.701617 0.866291 -0.284281 -0.410761 0.397675 -0.105168 0.911479 0.302315 0.952955 -0.021946
0.121808 -58.966223 -450.821549 1398.242934 0.869945 -0.276869 -0.408091 0.394906 -0.104528 0.912756 0.295371 0.955205 -0.018403
0.728984 -59.053186 -1517.032204 -354.161841 0.884778 -0.261657 -0.385622 0.327795 -0.238733 0.914088 0.331238 0.935170 0.125456
-3.097473 -57.851518 -867.795077 -1487.920126 0.885241 -0.269642 -0.379002 0.322786 -0.230549 0.917963 0.334900 0.934955 0.117055
-0.057804 -57.832508 -298.298417 3428.772430 0.878207 -0.143893 -0.456122 0.456653 0.535804 0.710199 -0.142199 0.831991 -0.536256
0.753028 -55.462319 16.444955 3368.535708 0.888065 -0.134747 -0.439527 0.437924 0.538841 0.719634 -0.139867 0.831561 -0.537535
0.027285 -62.592357 232.358636 4557.394307 0.884980 -0.143022 -0.443119 0.426218 0.631993 0.647243 -0.187478 0.761662 -0.620260
-1.229671 -65.727283 -96.788867 4010.124318 0.860096 -0.168886 -0.481365 0.474948 0.609470 0.634800 -0.186169 0.774612 -0.604414
0.074467 -61.740001 27.238055 2729.226847 0.858621 -0.175450 -0.481651 0.502215 0.476189 0.721820 -0.102714 0.861662 -0.496980
2.816648 -71.056954 -463.186719 -338.188712 0.828525 -0.272730 -0.489045 0.508600 0.001166 0.861002 0.234251 0.962090 -0.139677
2.653068 -66.876370 -1028.829707 -680.095233 0.823045 -0.266395 -0.501627 0.544080 0.116305 0.830934 0.163015 0.956821 -0.240665
1.244347 -66.865347 -644.828735 -2349.028044 0.803730 -0.270908 -0.529743 0.588632 0.232183 0.774340 0.086778 0.934184 -0.346078
2.504193 -83.222427 -1762.666699 -2224.726316 -0.156224 -0.098388 -0.982809 0.789309 0.585745 -0.184104 0.593789 -0.804502 -0.013849
-0.846120 -89.187998 -2339.646922 -3609.527223 -0.140786 -0.084316 -0.986443 0.677582 0.718253 -0.158098 0.721846 -0.690654 -0.043989
3.245897 -91.619872 -1723.569632 -2029.643737 -0.143906 -0.083948 -0.986024 0.620818 0.768274 -0.156015 0.770634 -0.634593 -0.058443
5.507663 -100.740792 -1467.501533 -3158.394054 -0.153221 -0.077242 -0.985169 0.458220 0.877731 -0.140084 0.875533 -0.472887 -0.099093
6.312228 -93.006678 -742.572711 -2162.570218 -0.170880 -0.081838 -0.981887 0.670765 0.720296 -0.176770 0.721716 -0.688822 -0.068190
-15.882651 -76.529975 -3568.256200 3946.833388 -0.320013 0.273756 -0.907000 -0.404885 0.826001 0.392162 0.856539 0.492728 -0.153491
-16.538862 -84.571588 -2291.171034 1850.007980 -0.310349 0.222250 -0.924277 -0.184303 0.939771 0.287860 0.932586 0.259684 -0.250696
-20.209598 -78.147893 -2071.099786 4227.364837 -0.357947 0.233578 -0.904055 -0.331993 0.873104 0.357029 0.872728 0.427937 -0.234979
9.489706 -790.647282 -3894.810090 176038.292140 0.142533 0.322287 0.935850 -0.657860 0.737287 -0.153711 -0.739530 -0.593750 0.317108
7.395421 -1087.254651 496.961871 355471.551243 -0.277305 -0.325183 -0.904079 0.940876 -0.282462 -0.186994 -0.194561 -0.902480 0.384285
19.368238 -783.064666 3771.336096 180463.731849 -0.111970 -0.292134 -0.949800 0.937337 -0.348409 -0.003339 -0.329943 -0.890657 0.312839
80.489945 -1209.866985 26135.146898 354425.373432 0.034356 -0.281228 -0.959026 0.967455 0.250072 -0.038674 0.250701 -0.926485 0.280667
-1.586041 -476.344051 4941.133909 88292.217458 -0.111830 -0.261564 -0.958686 0.984501 -0.160321 -0.071100 -0.135100 -0.951778 0.275438
-36.404215 -838.545680 1907.497523 119215.335927 0.134200 0.210911 0.968249 -0.656344 0.750960 -0.072610 -0.742430 -0.625761 0.239209
-0.757556 -83.996328 263.490261 2243.114213 -0.332124 -0.075166 -0.940236 0.919587 -0.247615 -0.305035 -0.209888 -0.965938 0.151361
-0.127743 -76.451685 -613.634700 2677.606728 -0.309515 -0.098712 -0.945757 0.942560 -0.163245 -0.291430 -0.125622 -0.981635 0.143568
1.457234 -76.040031 -3.524636 -547.689632 -0.291280 -0.089103 -0.952479 0.955858 0.013090 -0.293538 0.038623 -0.995936 0.081357
0.865696 -69.433565 -156.762247 -456.519644 -0.259361 -0.085900 -0.961953 0.964695 0.024176 -0.262259 0.045784 -0.996010 0.076597
-14.597229 -27.272490 729.405886 -628.685884 0.989894 0.020832 -0.140268 -0.135853 -0.144280 -0.980167 0.040657 -0.989318 0.139992
-12.588043 -27.297564 379.251593 -475.477202 0.994173 0.057736 -0.091034 -0.080080 -0.169769 -0.982225 0.072165 -0.983791 0.164156
-12.464647 -25.952722 241.127624 -438.075570 0.980217 0.007683 -0.197776 -0.189774 -0.247337 -0.950163 0.056218 -0.968899 0.240986
-14.455650 -25.982391 375.067686 -636.842725 0.960517 -0.042396 -0.274972 -0.277830 -0.198587 -0.939880 0.014759 -0.979166 0.202525
-10.600273 -25.489392 -151.541844 -372.395151 0.980762 0.026521 -0.193395 -0.175119 -0.318187 -0.931714 0.086246 -0.947657 0.307422
-10.346703 -24.024669 119.863931 -127.915827 0.940522 -0.052641 -0.335631 -0.333250 -0.335036 -0.881303 0.066056 -0.940734 0.332651
-12.739409 -24.643241 176.488068 -293.645527 0.912602 -0.094054 -0.397884 -0.408285 -0.260725 -0.874829 0.021457 -0.960821 0.276339
-10.755279 -70.136885 245.966321 1684.852715 0.861525 -0.212816 -0.460959 0.344929 0.911553 0.223820 0.372556 -0.351825 0.858732
-9.909582 -63.485267 -59.020483 1617.628090 0.864032 -0.202313 -0.460998 0.238192 0.971006 0.020301 0.443525 -0.127347 0.887169
-11.057164 -65.277213 552.283560 1576.205848 0.861066 -0.222787 -0.457090 0.303310 0.946517 0.110040 0.408128 -0.233391 0.882587
-10.422518 -70.080201 180.164793 -739.334295 0.862377 -0.238047 -0.446810 -0.395132 -0.868235 -0.300066 0.316506 -0.435319 0.842806
-11.631525 -74.740513 228.574641 -1279.869998 0.862300 -0.219854 -0.456184 -0.421392 -0.811107 -0.405628 0.280834 -0.542005 0.792062
-10.876439 -73.321085 26.777354 -2240.650980 0.860530 -0.178532 -0.477090 -0.369024 -0.864110 -0.342251 0.351155 -0.470575 0.809475
0.517750 -26.225630 -1080.005672 938.259045 -0.442775 0.515497 -0.733630 0.893802 0.188795 -0.406785 -0.071191 -0.835835 -0.544346
2.727533 -22.219556 -1797.424786 4816.388713 -0.347096 0.518104 -0.781724 0.935061 0.255187 -0.246049 0.072007 -0.816363 -0.573033
7.903806 -23.273947 -1813.183215 5343.880070 -0.546095 0.485575 -0.682640 0.835007 0.381084 -0.396912 0.067413 -0.786760 -0.613567
11.717163 -10.047572 -3102.368929 5337.904099 -0.506807 0.450580 -0.734932 0.851843 0.392623 -0.346715 0.132328 -0.801764 -0.582807
-0.396830 -27.172298 -1240.460198 2283.510918 -0.533209 0.335658 0.776545 0.615300 -0.476096 0.628282 0.580598 0.812814 0.047329
4.645062 -27.582548 -803.679210 2490.660318 -0.473937 0.276267 0.836098 0.675781 -0.494630 0.546500 0.564539 0.824026 0.047728
7.735947 -35.587324 -1615.115758 2490.236229 -0.464625 0.278005 0.840736 0.730798 -0.415777 0.541353 0.500057 0.865935 -0.009985
0.181810 -35.968938 -1932.138758 2146.185120 -0.525159 0.336847 0.781500 0.688259 -0.371985 0.622837 0.500507 0.864963 -0.036487
-7.836706 -31.410846 -2669.008895 1982.645777 -0.560750 0.366137 0.742633 0.609054 -0.425199 0.669521 0.560904 0.827737 0.015433
-7.194215 -23.444361 2056.222799 1815.180142 0.613758 -0.415168 -0.671518 0.488232 -0.468827 0.736092 0.620428 0.779639 0.085048
27.362105 -36.517205 -13478.616212 1148.657017 -0.819292 -0.385342 0.424585 -0.029361 0.767723 0.640108 -0.572624 0.511969 -0.640304
76.579578 -33.487034 -19802.123319 2911.759723 -0.780331 -0.526315 0.337751 -0.079153 0.618864 0.781500 -0.620337 0.583095 -0.524578
41.231939 -39.297284 -11050.577824 982.683841 -0.736384 -0.552914 0.389902 -0.178786 0.714842 0.676045 -0.652513 0.428120 -0.625252
56.051712 -39.481394 -1811.530921 2186.317238 0.517653 0.733628 -0.440256 -0.150540 0.584633 0.797208 -0.842243 0.346401 -0.413078
18.372209 -39.318392 -11050.767891 -566.215043 -0.808773 -0.431498 0.399619 -0.155410 0.812134 0.562393 -0.567215 0.392744 -0.723892
7.610626 -28.715267 -5505.460910 731.082200 0.980174 0.022918 -0.196809 0.146031 0.587781 0.795732 -0.133917 0.808696 -0.572781
19.426726 -27.318372 -6642.144776 37.437931 0.977239 0.016853 -0.211469 0.169398 0.538073 0.825701 -0.127702 0.842730 -0.522971
4.393585 -26.636448 -4372.113497 -290.831084 0.987006 0.052932 -0.151713 0.099674 0.538874 0.836469 -0.126030 0.840722 -0.526596
-3.801666 -28.073303 -2973.611803 693.571729 0.989553 0.049177 -0.135525 0.079906 0.595359 0.799477 -0.120002 0.801954 -0.585209
-4.082166 -45.071989 582.915280 -204.658379 -0.761196 0.504606 0.407374 0.346878 0.847544 -0.401679 -0.547957 -0.164447 -0.820183
-5.146569 -44.362153 274.678826 -734.919269 -0.766071 0.513571 0.386497 0.383855 0.847855 -0.365782 -0.515549 -0.131856 -0.846654
-4.817858 -45.544677 334.373235 580.171780 -0.763260 0.517926 0.386246 0.337002 0.829196 -0.445941 -0.551238 -0.210203 -0.807435
-3.653237 -44.373853 592.107135 -67.727404 -0.753607 0.541451 0.372703 0.244767 0.757375 -0.605370 -0.610054 -0.364986 -0.703292
-3.880776 -46.156710 491.383094 720.882940 -0.765248 0.506419 0.397410 0.276718 0.816184 -0.507218 -0.581225 -0.278177 -0.764719
-5.098451 -43.777438 105.875715 2010.735183 -0.759973 0.537640 0.365218 0.319776 0.798492 -0.510052 -0.565848 -0.270838 -0.778757
7.919042 -58.147975 522.637704 6181.764385 0.928799 -0.282240 -0.240151 0.334733 0.917018 0.216869 -0.159014 0.281815 -0.946200
8.651090 -63.940384 -430.201242 7672.094546 0.909132 -0.296302 -0.292717 0.348276 0.926250 0.144096 -0.228434 0.232949 -0.945279
8.297520 -69.421932 -66.229169 5173.558093 -0.921970 0.291194 0.255299 0.300827 0.953678 -0.001379 -0.243875 0.075530 -0.966861
8.775586 -75.456864 -290.818991 -662.921813 -0.926360 0.279781 0.252149 0.208532 0.938492 -0.275221 -0.313642 -0.202372 -0.927725
8.564204 -72.237361 94.982126 2418.132410 -0.926532 0.284342 0.246350 0.260147 0.957253 -0.126454 -0.271775 -0.053077 -0.960896
8.112493 -65.286556 321.664549 4669.575192 -0.929317 0.280544 0.240137 0.302833 0.951102 0.060805 -0.211336 0.129228 -0.968833
2.067674 -73.889989 1797.276864 3348.657178 0.954566 -0.213674 -0.207720 -0.295857 -0.762968 -0.574760 0.035672 -0.610102 0.791520
-1.720484 -66.483677 1227.010825 -334.285856 0.948325 -0.229790 -0.218806 -0.316756 -0.645226 -0.695233 -0.018578 -0.728615 0.684671
6.136732 -67.620273 2999.199637 2783.252077 0.966445 -0.171997 -0.190790 -0.254874 -0.734563 -0.628853 0.031987 -0.656379 0.753753
10.865360 -80.142075 2466.570275 5562.070871 0.964387 -0.196427 -0.177130 -0.259616 -0.831036 -0.491914 0.050576 -0.520381 0.852435
4.154829 -80.973476 1773.162353 4319.336550 0.945187 -0.243360 -0.217708 -0.312658 -0.866783 -0.388500 0.094161 -0.435273 0.895361
4.081952 -64.438099 211.155518 -1442.712311 0.901472 -0.363440 -0.235074 0.001394 -0.540658 0.841241 0.432835 0.758683 0.486882
5.053697 -65.935132 842.046909 -23.175028 0.894691 -0.372303 -0.246815 -0.044050 -0.623394 0.780666 0.444507 0.687583 0.574145
4.616306 -65.125380 1134.024666 -1041.982930 0.898688 -0.379284 -0.220234 0.019983 -0.466211 0.884448 0.438132 0.799244 0.411399
3.639774 -61.513311 328.039283 -2095.342454 0.902242 -0.373527 -0.215492 0.056676 -0.392667 0.917933 0.427489 0.840411 0.333110
6.149244 -30.082670 2974.371074 -75.954888 -0.608275 0.792484 -0.044390 0.143239 0.164608 0.975903 -0.780695 -0.587259 0.213642
16.588988 -30.199462 1409.248665 351.288865 -0.644202 0.761515 0.071403 0.254559 0.125434 0.958888 -0.721251 -0.635894 0.274656
13.991299 -30.239419 2038.880860 -19.584237 -0.636467 0.768434 0.066482 0.172196 0.057546 0.983380 -0.751837 -0.637337 0.168948
-19.798644 -35.221762 4335.709673 1341.660850 0.620294 -0.373641 -0.689658 0.586027 -0.363653 0.724106 0.521352 0.853316 0.006608
-39.294865 -43.719879 1681.382283 -7146.852823 0.742238 -0.411787 0.528692 -0.488179 0.208222 0.847541 0.459091 0.887173 0.046475
-28.345671 -35.196798 3150.887124 -2537.086236 0.833513 -0.546718 -0.079726 0.011824 -0.126615 0.991881 0.552374 0.827688 0.099071
-22.188967 -31.576189 2496.521031 -3405.827526 0.781704 -0.617452 0.087701 -0.160677 -0.063519 0.984961 0.602595 0.784040 0.148864
-15.453353 -28.712102 3441.526300 1335.816297 0.669436 -0.444926 -0.594892 0.445125 -0.400879 0.800724 0.594742 0.800835 0.070315
-10.634201 -90.419415 1089.892927 -2673.666351 -0.465653 0.496734 0.732409 0.884767 0.278929 0.373344 -0.018838 0.821860 -0.569378
-15.439186 -95.211509 1223.262880 -3074.174248 -0.484027 0.526043 0.699283 0.873440 0.241938 0.422573 0.053108 0.815319 -0.576572
-14.095241 -85.579110 1330.458974 -4097.950008 -0.461200 0.513882 0.723340 0.868792 0.427155 0.250477 -0.180263 0.743952 -0.643461
-9.669771 -86.998657 1152.225576 -3193.811678 -0.450330 0.486339 0.748784 0.876268 0.401669 0.266115 -0.171342 0.775975 -0.607046
1.495410 -52.470622 -107.731671 664.857625 0.860604 -0.492887 -0.128152 -0.382451 -0.459328 -0.801716 -0.336291 -0.738972 0.583805
0.874642 -49.276255 95.090017 637.753886 0.868690 -0.482283 -0.113055 -0.349043 -0.434004 -0.830547 -0.351493 -0.760949 0.545353
2.052039 -51.621971 -15.635238 540.972205 0.871355 -0.479865 -0.102322 -0.387947 -0.546135 -0.742451 -0.300395 -0.686634 0.662040
2.952600 -51.930532 9.820986 -246.610811 0.877143 -0.470712 -0.095137 -0.420958 -0.658300 -0.624047 -0.231118 -0.587427 0.775573
2.840651 -53.166708 -146.474870 -314.106310 0.865883 -0.487601 -0.111764 -0.432923 -0.618470 -0.655799 -0.250646 -0.616231 0.746617
-9.134035 -162.107067 1899.607595 11573.719059 -0.399686 0.557276 0.727801 0.861175 -0.043739 0.506423 0.314051 0.829174 -0.462431
-11.995242 -168.541583 1272.066337 5873.560967 -0.388986 0.591651 0.706144 0.900625 0.082967 0.426604 0.193814 0.801914 -0.565129
-8.348568 -166.544478 2165.324511 -1472.534187 -0.399407 0.551345 0.732457 0.915729 0.278060 0.290039 -0.043755 0.786576 -0.615942
3.518186 -114.745220 105.571342 -6461.484489 -0.230727 0.741390 0.630163 -0.130053 -0.665324 0.735139 -0.964288 -0.087662 -0.249928
6.009572 -102.418903 228.579416 -4903.648085 -0.243574 0.742697 0.623757 -0.400804 -0.662721 0.632579 -0.883192 0.095925 -0.459098
4.045591 -102.541760 1295.965706 -4974.209568 -0.214390 0.719380 0.660704 -0.405290 -0.680970 0.609935 -0.888694 0.137013 -0.437550
2.684088 -93.036087 867.588525 -2812.869182 -0.236539 0.695229 0.678753 -0.513833 -0.682404 0.519904 -0.824637 0.225788 -0.518647
2.011561 -105.113806 865.550253 -6289.162321 -0.223508 0.714984 0.662451 -0.295861 -0.697345 0.652822 -0.928714 0.050082 -0.367398
1.747651 -115.852235 977.574663 -6846.707620 -0.210113 0.731613 0.648533 -0.149931 -0.679606 0.718092 -0.966112 -0.053645 -0.252485
10.745943 -25.027474 -2875.589783 -2186.899254 0.464327 0.768254 -0.440666 -0.571322 0.640010 0.513788 -0.676750 -0.013196 -0.736094
8.333012 -24.794432 887.632459 70.937915 -0.587826 -0.649176 0.482733 -0.497214 0.760619 0.417416 -0.638153 0.005346 -0.769891
13.359302 -28.705100 336.581477 -1930.208976 -0.599240 -0.655077 0.460202 -0.456636 0.751844 0.475620 -0.657567 0.074866 -0.749667
13.247066 -31.744669 -3977.674046 -2784.335190 0.406471 0.799698 -0.441888 -0.542114 0.600403 0.587902 -0.735455 -0.000589 -0.677573
-50.567663 -109.061423 -2380.022889 -10968.074392 -0.298149 0.277111 0.913409 0.896928 -0.246030 0.367410 0.326539 0.928805 -0.175195
18.797407 -848.660334 14187.483404 -249443.289325 0.834272 -0.420679 -0.356397 0.347841 -0.099942 0.932211 0.427781 0.901688 -0.062951
204.009908 -1514.963426 -53844.972478 -589532.722401 0.942436 -0.331776 0.041712 -0.151067 -0.311156 0.938275 0.298318 0.890566 0.343365
410.465618 -4243.439153 -93391.686761 -3276836.861795 0.698051 0.209006 0.684866 -0.425195 -0.648579 0.631312 -0.576138 0.731889 0.363873
-27.693213 -409.209587 6170.705537 -126940.318694 0.028174 0.154067 0.987659 0.971720 -0.235962 0.009089 0.234450 0.959471 -0.156358
164.847585 -4385.982149 35610.334251 1168512.814092 -0.610643 0.154674 0.776654 0.469427 0.860553 0.197704 -0.637773 0.485309 -0.598098
79.326729 -2962.312035 -2325.170111 -1253042.264031 0.697854 -0.428602 -0.573846 -0.570334 0.152125 -0.807203 -0.433265 -0.890594 0.138286
-190.133741 -7623.870535 48713.743065 2840646.828691 0.703021 -0.293037 -0.647990 -0.611149 0.217006 -0.761187 -0.363673 -0.931149 0.026530
43.383857 -21034.765850 8963.710005 12907340.387259 -0.590703 0.095359 0.801235 0.592623 0.725174 0.350600 -0.547602 0.681931 -0.484874
415.149411 -207.329404 -841928.357724 -178171.003530 0.731014 -0.678345 0.073929 -0.320333 -0.245490 0.914943 0.602499 0.692519 0.396753
-10.429784 -22.993484 424.807937 -1453.162482 0.846147 0.332312 -0.416658 -0.527494 0.410619 -0.743735 0.076064 -0.849094 -0.522737
-10.215596 -22.020382 -120.659519 -1448.817429 0.897710 0.299686 -0.322964 -0.430847 0.443836 -0.785736 0.092131 -0.844510 -0.527555
-8.643383 -17.077505 507.349600 -1420.966212 0.944224 0.246633 -0.218202 -0.305683 0.410032 -0.859320 0.122467 -0.878092 -0.462554
-11.786817 -26.978987 -174.318761 -1096.952961 0.830011 0.350813 -0.433605 -0.556919 0.478915 -0.678588 0.030398 -0.804718 -0.592878
-10.443265 -18.699319 788.215322 -1669.144954 0.889792 0.283730 -0.357445 -0.445111 0.366681 -0.816959 0.100727 -0.886026 -0.452561
-9.765825 -78.203599 534.641420 689.126007 0.922287 -0.339855 -0.184077 0.012950 0.503167 -0.864092 -0.386288 -0.794558 -0.468465
-8.633418 -79.723538 279.683078 -275.267503 0.931408 -0.312579 -0.186475 -0.019960 0.467692 -0.883666 -0.363428 -0.826776 -0.429373
-9.699100 -76.582625 333.134860 -1981.590744 0.922759 -0.330910 -0.197522 -0.093311 0.305441 -0.947628 -0.373911 -0.892863 -0.250971
17.091487 -150.308484 1903.222516 -7685.792103 -0.741199 0.632208 0.225694 -0.085917 -0.422788 0.902147 -0.665765 -0.649279 -0.367687
13.017176 -142.414177 993.771967 934.928737 -0.756055 0.619352 0.211622 -0.303785 -0.618460 0.724722 -0.579738 -0.483642 -0.655739
10.769874 -119.582258 1576.447472 -4231.055082 -0.732799 0.644847 0.217203 -0.199664 -0.508933 0.837330 -0.650492 -0.570227 -0.501699
10.883510 -143.375649 2640.379827 -13614.274021 -0.713941 0.677100 0.178391 -0.066064 -0.318771 0.945527 -0.697082 -0.663265 -0.272316
6.034655 -143.213516 1577.246487 -13789.197923 -0.710448 0.682254 0.172607 -0.152531 -0.388717 0.908644 -0.687021 -0.619216 -0.380228
-14.036069 -53.923715 734.681005 1091.595357 0.038769 0.997643 0.056610 0.552075 -0.068606 0.830967 -0.832892 0.000963 0.553434
-18.903662 -101.334819 -1321.735152 -22458.877759 -0.158900 0.975353 -0.153095 0.565694 0.217032 0.795542 -0.809160 -0.039807 0.586238
-21.005368 -60.954909 -1183.531655 -2924.271041 0.024558 0.999078 -0.035223 0.502563 0.018120 0.864351 -0.864192 0.038929 0.501654
-15.958565 -161.127104 1851.218179 37880.436714 -0.005550 0.991347 -0.131150 0.489663 0.117046 0.864020 -0.871894 0.059424 0.486075
-24.182126 -138.064260 -1648.560864 29609.492587 0.025210 0.988768 -0.147316 0.445407 0.120818 0.887139 -0.894973 0.087980 0.437359
-26.204172 -73.316046 -1965.433439 -9336.176885 -0.015483 0.989808 -0.141565 0.481791 0.131447 0.866371 -0.876150 0.054791 0.478915
-46.754367 -158.864652 6296.961560 -33419.723311 0.400318 0.563144 0.722920 -0.192291 0.822949 -0.534584 -0.895974 0.074993 0.437729
-44.731768 -65.937239 -3.262787 4748.336841 -0.442645 -0.313486 0.840114 0.683703 -0.724188 0.090005 0.580186 0.614229 0.534890
-39.419544 -59.944984 231.346479 -2856.789097 0.647762 -0.122200 -0.751978 -0.409053 0.776918 -0.478616 0.642713 0.617628 0.453272
-33.429718 -50.348576 -69.777600 -2572.524218 0.676160 -0.337196 -0.655063 -0.146595 0.809765 -0.568146 0.722024 0.480186 0.498099
-39.228393 -59.937264 -530.706514 63.794486 -0.325330 0.853245 0.407595 -0.489325 0.216936 -0.844689 0.809149 0.474249 -0.346938
-40.557696 -60.451491 -812.586329 336.153765 -0.393800 0.790661 0.468803 -0.479716 0.258270 -0.838552 0.784088 0.555114 -0.277586
-39.697351 -60.346607 -1012.333769 -729.792441 -0.387256 0.820949 0.419614 -0.307705 0.313948 -0.898195 0.869109 0.476949 -0.131031
45.209509 -79.825623 -7197.706709 818.833114 0.717841 0.542250 -0.436656 -0.265045 0.792814 0.548814 0.643782 -0.278228 0.712835
54.213327 -68.900038 -4645.892643 2352.593149 0.567380 0.613233 -0.549567 -0.398050 0.788486 0.468877 0.720857 -0.047276 0.691469
59.960669 -83.012654 -5576.258445 1828.203204 0.600299 0.627297 -0.496125 -0.226011 0.728101 0.647138 0.767177 -0.276347 0.578854
52.887694 -34.776092 1865.321523 -1608.851367 0.487098 0.300780 -0.819919 -0.593081 0.803070 -0.057738 0.641086 0.514402 0.569560
41.145468 -25.153391 9052.489846 -1837.424008 0.270785 0.138991 -0.952553 -0.595853 0.801379 -0.052453 0.756065 0.581785 0.299820
51.758712 -26.308318 7682.056240 -1320.088191 0.294720 0.240686 -0.924776 -0.586519 0.809586 0.023786 0.754411 0.535388 0.379768
41.448604 -18.372136 8253.128976 -1092.723068 0.135131 0.190871 -0.972269 -0.589012 0.804535 0.076078 0.796746 0.562398 0.221143
-20.451370 -37.071659 208.320272 -461.718506 -0.063087 0.125639 0.990068 -0.669231 0.730621 -0.135359 -0.740371 -0.671124 0.037989
-18.456122 -36.956757 451.646054 -267.919004 -0.017360 0.190871 0.981462 -0.668310 0.727899 -0.153380 -0.743680 -0.658583 0.114925
-19.412886 -36.953105 570.541900 297.257451 -0.043268 0.167707 0.984887 -0.586578 0.793743 -0.160928 -0.808736 -0.584676 0.064030
-17.109389 -36.744653 -399.552183 -707.156861 -0.008894 0.014849 0.999850 -0.609122 0.792890 -0.017194 -0.793027 -0.609183 0.001993
-4.286473 -36.390231 -822.425007 -571.608472 0.709039 -0.363085 -0.604510 0.705158 0.369792 0.604984 -0.003883 0.855233 -0.518230
-5.094963 -38.578686 -801.202782 -614.510863 0.727399 -0.357139 -0.585955 0.681943 0.281087 0.675236 0.076448 0.890754 -0.448011
-6.181061 -37.645895 -98.182188 -22.405593 0.717288 -0.389726 -0.577591 0.685510 0.246244 0.685156 0.124794 0.887399 -0.443789
-1.031422 -55.499558 -512.608615 2022.406158 0.882985 -0.278484 -0.377868 -0.006135 -0.811777 0.583935 0.469361 0.513288 0.718495
0.795682 -51.103054 -646.576537 -2816.789315 0.887449 -0.283380 -0.363497 0.089018 0.879190 -0.468082 0.452228 0.383042 0.805462
-0.727196 -49.979121 -211.094035 -2473.867119 0.880623 -0.305936 -0.361809 0.098453 0.865087 -0.491865 0.463476 0.397527 0.791936
0.713351 -57.456508 -1421.281919 1711.856285 0.890900 -0.266349 -0.367907 0.016639 -0.790329 0.612457 0.453895 0.551760 0.699672
-2.645396 -56.784849 129.637312 1562.211572 0.873895 -0.307199 -0.376743 0.004887 -0.769419 0.638725 0.486089 0.560020 0.670891
-0.823893 -60.083003 -1053.702969 1542.000654 0.888779 -0.279762 -0.363050 0.061691 -0.711877 0.699589 0.454165 0.644177 0.615442
14.250616 -75.874389 735.461100 73.767546 0.828249 -0.114779 -0.548479 -0.463223 -0.691026 -0.554895 0.315323 -0.713659 0.625510
9.413951 -79.468380 1495.527553 465.734901 0.822170 -0.055414 -0.566538 -0.543852 -0.370388 -0.753019 0.168111 -0.927223 0.334659
7.857012 -82.954304 1166.736253 647.232631 0.819139 -0.046339 -0.571720 -0.491394 -0.570834 -0.657784 0.295876 -0.819757 0.490363
10.782020 -80.346109 1565.742083 638.347848 0.813405 -0.055305 -0.579063 -0.463939 -0.662185 -0.588448 0.350903 -0.747297 0.564283
6.796449 -109.606486 -1059.008541 4234.385909 0.767759 -0.275197 -0.578631 0.569667 0.706560 0.419824 -0.293303 0.651950 -0.699238
4.512977 -115.801714 1319.782433 3489.291460 -0.751149 0.277165 0.599128 0.462063 0.868939 0.177321 -0.471459 0.410029 -0.780770
-1.952614 -57.304444 -15.801729 551.620931 0.847831 -0.280934 -0.449733 0.502894 0.157014 0.849967 0.168170 0.946796 -0.274401
-1.361319 -55.363411 -218.896964 772.743171 0.850127 -0.276304 -0.448262 0.496507 0.137054 0.857145 0.175397 0.951248 -0.253700
-1.884798 -55.496686 -10.040141 910.051121 0.853765 -0.283434 -0.436750 0.466401 0.043492 0.883503 0.231420 0.958005 -0.169326
21.960376 -48.456815 -6218.919849 -1311.388545 -0.658808 0.574737 0.485437 0.135976 0.725604 -0.674544 -0.739920 -0.378388 -0.556184
19.639092 -47.317879 -4502.337456 -277.198970 -0.650895 0.578281 0.491861 0.046971 0.677330 -0.734178 -0.757713 -0.454770 -0.468033
6.842754 -48.980650 -3213.829449 -1519.688905 -0.666324 0.556915 0.495840 0.062920 0.704588 -0.706822 -0.743003 -0.439774 -0.504525
9.233832 -49.732468 -4202.063589 -2116.438869 -0.681985 0.538698 0.494673 0.147480 0.763768 -0.628418 -0.716342 -0.355617 -0.600325
1.552880 -55.759969 705.149841 2409.195965 0.885471 -0.148529 -0.440318 0.452582 0.490572 0.744653 -0.105405 0.858649 -0.501609
0.672711 -62.078514 677.858629 3845.701790 0.889494 -0.138583 -0.435425 0.419845 0.623984 0.659070 -0.180362 0.769050 -0.613214
-1.368554 -76.829583 2003.629424 106.442637 0.812158 -0.327388 -0.482925 0.484349 -0.083138 0.870916 0.325277 0.941225 -0.091048
-2.012854 -75.871267 2431.909464 -124.872591 0.818486 -0.354186 -0.452364 0.397552 -0.219273 0.890995 0.414770 0.909105 0.038665
1.754596 -72.915035 378.857460 739.019642 0.834065 -0.293995 -0.466800 0.434458 -0.171407 0.884232 0.339972 0.940312 0.015237
-3.684169 -117.251884 -2.800086 9433.255443 -0.503714 -0.244250 -0.828622 0.708034 -0.666277 -0.234014 -0.494934 -0.704569 0.508550
-4.560132 -105.601446 97.333592 398.865884 -0.488812 -0.266970 -0.830536 0.813518 -0.483292 -0.323446 -0.315040 -0.833760 0.453424
-5.286130 -133.550124 860.394980 8387.934608 -0.485842 -0.258971 -0.834800 0.748819 -0.615937 -0.244726 -0.450808 -0.744013 0.493171
-4.432781 -103.833265 -338.426018 -1217.814631 -0.497234 -0.240897 -0.833503 0.782312 -0.539889 -0.310658 -0.375162 -0.806529 0.456908
-4.440588 -161.891861 -1080.391715 -16735.603914 0.495464 0.220155 0.840266 -0.558454 0.821663 0.114012 -0.665315 -0.525739 0.530051
-4.862373 -118.894299 -602.452350 4323.058481 -0.508305 -0.217805 -0.833179 0.696140 -0.673473 -0.248644 -0.506967 -0.706396 0.493953
-3.585166 -150.086869 335.268181 -15699.952434 0.528578 0.208208 0.822955 -0.546476 0.825315 0.142192 -0.649592 -0.524884 0.550025
253.356408 -124.202304 -61529.256179 24595.442175 0.381681 -0.105162 0.918292 0.460917 0.882819 -0.090477 -0.801171 0.457790 0.385426
251.252186 -54.472105 -61476.509774 10246.786287 0.291258 -0.066025 0.954363 0.592828 0.795428 -0.125893 -0.750815 0.602441 0.270816
222.943466 -47.864294 -37807.460348 8844.416300 0.576490 -0.271510 0.770676 0.577107 0.802998 -0.148798 -0.578451 0.530543 0.619611
188.483474 -175.218716 -35797.790463 36727.889036 0.549934 -0.175729 0.816512 0.341544 0.939453 -0.027846 -0.762182 0.294188 0.576656
125.386169 -199.767128 -29001.105597 33246.104052 0.376349 -0.076729 0.923295 0.191415 0.981503 0.003543 -0.906489 0.175399 0.384074
19.825035 -530.614208 1042.603606 -24993.214200 -0.313563 -0.347261 -0.883792 0.755597 -0.654948 -0.010738 -0.575109 -0.671158 0.467757
10.020434 -514.579392 426.118952 115624.972585 -0.277903 -0.386179 -0.879566 0.958214 -0.176057 -0.225454 -0.067788 -0.905467 0.418969
185.519697 -6520.336728 -27557.792068 2229129.310448 -0.148844 -0.398544 -0.904991 0.946244 0.208373 -0.247393 0.287173 -0.893165 0.346105
-1.089192 -90.287590 -521.012904 7497.753786 -0.313224 -0.093263 -0.945089 0.912758 -0.304351 -0.272476 -0.262226 -0.947984 0.180457
-1.088065 -71.616135 -439.614853 1862.952273 -0.281251 -0.087472 -0.955639 0.954708 -0.126283 -0.269418 -0.097115 -0.988130 0.119028
-13.449422 -27.911169 621.257745 -398.640653 0.995883 0.069682 -0.057974 -0.050781 -0.100897 -0.993600 0.075085 -0.992454 0.096943
-9.863062 -61.582208 267.176164 1051.782265 0.867444 -0.211039 -0.450560 0.208769 0.976394 -0.055402 0.451616 -0.046005 0.891026
-9.353915 -61.857373 218.474388 435.875040 0.866853 -0.193152 -0.459628 0.129374 0.977471 -0.166770 0.481485 0.085101 0.872313
10.929249 -225.388732 -1730.712741 27985.776255 0.863146 -0.368702 -0.345018 0.215027 -0.349841 0.911798 0.456883 0.861203 0.222683
10.060334 -232.367160 -214.928857 29273.023396 0.862115 -0.371954 -0.344106 0.109761 -0.525888 0.843442 0.494683 0.764913 0.412550
11.007615 -224.083515 -140.609671 7424.826337 0.849354 -0.388147 -0.357687 0.332924 -0.131899 0.933683 0.409584 0.912110 -0.017195
13.980091 -263.244380 -2806.169343 1895.199515 0.865590 -0.357805 -0.350329 0.386032 0.031180 0.921958 0.318958 0.933276 -0.165113
302.691240 -3780.255586 -17784.379747 -1202798.793335 0.113723 0.855630 0.504941 0.547363 -0.478107 0.686882 -0.829132 -0.198272 0.522712
0.092768 -325.771340 1542.847160 19687.817071 0.028532 -0.922292 -0.385440 0.976575 -0.056553 0.207613 -0.213278 -0.382334 0.899073
0.571542 -553.805687 -1256.125964 -146446.197441 -0.091765 0.942574 0.321145 0.844878 -0.096992 0.526092 -0.527029 -0.319605 0.787460
0.621357 -590.484024 -2195.842214 -157432.836489 0.094590 0.921364 0.377017 0.518712 -0.368858 0.771286 -0.849700 -0.122607 0.512812
0.607018 -39.047921 -446.092321 -614.857876 0.867928 -0.377698 -0.322560 0.278588 0.907835 -0.313409 0.411205 0.182155 0.893157
-0.371593 -42.994301 -364.016387 -2199.982784 0.872843 -0.360018 -0.329442 0.218312 0.891833 -0.396198 0.436446 0.273898 0.857027
0.632773 -40.316867 -315.817999 -1514.065532 0.874686 -0.350754 -0.334508 0.236399 0.911221 -0.337331 0.423131 0.215982 0.879950
-8.010150 -31.083744 -2052.234541 -4467.697569 -0.499149 0.339267 0.797338 0.424750 0.897832 -0.116125 -0.755273 0.280706 -0.592256
-12.123630 -47.946740 -1070.624402 -6169.807729 -0.596390 0.060351 0.800423 0.354192 0.914628 0.194945 -0.720324 0.399767 -0.566851
-5.118729 -33.512207 -2199.674948 -5464.924077 -0.600572 0.158770 0.783649 0.372122 0.922976 0.098188 -0.707699 0.350582 -0.613395
-15.441806 -40.178352 -1163.109747 -4500.710061 -0.529826 0.177504 0.829323 0.367854 0.929181 0.036132 -0.764178 0.324214 -0.557600
0.706692 -21.613624 -3442.182467 -1540.647165 -0.386696 0.588425 0.710086 0.539740 0.768741 -0.343101 -0.747761 0.250586 -0.614865
-8.594773 -29.540459 -3420.405999 -63.028732 -0.422651 0.487931 0.763734 0.463229 0.840612 -0.280695 -0.778964 0.235148 -0.581309
-0.149447 -25.843176 -4624.013612 800.153255 -0.369670 0.612268 0.698908 0.523448 0.758700 -0.387784 -0.767689 0.222490 -0.600959
5.920644 -23.184380 -694.435927 3064.346959 -0.432457 0.243124 0.868258 0.683589 -0.539521 0.491552 0.587951 0.806106 0.067123
11.592126 -33.952428 -1983.708754 3032.239846 -0.393795 0.221088 0.892214 0.763127 -0.462452 0.451415 0.512409 0.858637 0.013394
91.236937 -35.031855 -2136.747923 3327.855228 0.466699 0.777198 -0.422084 -0.015071 0.484165 0.874847 -0.884288 0.401929 -0.237673
127.295660 -19.436464 31542.915002 6416.147878 0.780731 0.525158 -0.338626 0.013148 0.527991 0.849148 -0.624729 0.667409 -0.405314
20.383361 -25.630443 -7403.116979 -437.182089 0.974338 0.038664 -0.221746 0.176062 0.482889 0.857800 -0.140245 0.874827 -0.463690
29.466939 -27.857037 -5376.913400 838.734034 0.970200 -0.082999 -0.227645 0.238579 0.491325 0.837663 -0.042323 0.867012 -0.496486
8.873356 -56.065497 -206.460673 8188.292897 0.910035 -0.291556 -0.294673 0.364727 0.900992 0.234920 -0.197005 0.321261 -0.926272
8.698259 -66.400722 413.681439 7677.641857 -0.910692 0.286453 0.297631 0.329845 0.938011 0.106478 -0.248680 0.195141 -0.948725
8.804571 -53.081794 513.163314 4291.771055 0.918735 -0.284829 -0.273492 0.358505 0.891998 0.275344 -0.165529 0.351016 -0.921622
-7.576504 -65.462685 86.024835 1047.836786 0.926380 -0.298654 -0.229406 -0.328806 -0.344459 -0.879338 -0.183597 -0.890030 0.417299
-5.825880 -65.076458 150.574945 287.354295 0.930527 -0.281704 -0.234014 -0.351239 -0.505574 -0.788052 -0.103686 -0.815499 0.569396
-7.591482 -66.677063 287.430910 914.434708 0.923285 -0.304963 -0.233543 -0.367041 -0.521187 -0.770483 -0.113249 -0.797096 0.593138
-8.389993 -64.401020 552.844594 1142.523737 0.921763 -0.312908 -0.229003 -0.342103 -0.378246 -0.860172 -0.182535 -0.871217 0.455699
-7.284191 -71.483933 563.529040 1174.974529 0.916992 -0.321842 -0.235678 -0.396634 -0.672648 -0.624680 -0.042520 -0.666305 0.744466
-8.550661 -66.204176 425.710165 1088.942366 0.914178 -0.334418 -0.229004 -0.379769 -0.509335 -0.772239 -0.141611 -0.792933 0.592624
5.285572 -68.181551 541.357234 281.363142 0.900131 -0.362423 -0.241688 -0.120600 -0.740456 0.661196 0.418592 0.566016 0.710216
6.916986 -66.558756 675.754938 -155.331776 0.909314 -0.352530 -0.221065 -0.054301 -0.627256 0.776918 0.412551 0.694459 0.589515
-27.242589 -41.178905 -5976.849681 1383.513800 -0.551644 0.315471 0.772118 0.714188 -0.299520 0.632633 0.430842 0.900425 -0.060077
-44.202269 -52.786689 -65.555754 7897.034714 0.444366 -0.147626 0.883598 0.826308 -0.313464 -0.467926 0.346054 0.938055 -0.017308
-43.588345 -64.264250 472.389293 8275.759309 0.608208 -0.302983 0.733678 0.722151 -0.172490 -0.669885 0.329516 0.937256 0.113890
-8.810821 -95.853915 929.155597 -2616.592674 -0.470048 0.494903 0.730839 0.865293 0.095019 0.492179 0.174138 0.863737 -0.472900
-11.820224 -101.690646 770.774475 -1371.658819 -0.485767 0.527697 0.696826 0.818541 -0.005031 0.574426 0.306629 0.849418 -0.429498
-17.683811 -100.129144 1884.770373 -2135.538936 -0.513511 0.542836 0.664557 0.815276 0.067087 0.575174 0.267641 0.837155 -0.477011
-22.020916 -91.708635 2080.969728 -3195.498606 -0.516347 0.549045 0.657218 0.855233 0.290905 0.428895 0.044294 0.783533 -0.619769
0.495843 -49.167773 -257.080849 1068.638936 0.854846 -0.502259 -0.130283 -0.330570 -0.333627 -0.882846 -0.399952 -0.797765 0.451231
-5.483516 -76.178647 -1546.132361 -7291.256808 -0.335130 0.723511 0.603506 -0.273560 0.538231 -0.797165 0.901583 0.432249 -0.017546
-6.666659 -83.602470 -1450.679341 -3584.813042 -0.352052 0.725754 0.591050 -0.199191 0.558917 -0.804944 0.914539 0.401114 0.052204
0.889272 -67.993289 -2009.458651 1514.984112 -0.360645 0.781355 0.509332 -0.147369 0.491486 -0.858326 0.920987 0.384611 0.062105
-11.188255 -116.204665 -607.044324 -14836.202025 -0.336264 0.673340 0.658437 -0.416575 0.520688 -0.745218 0.844625 0.524879 -0.105408
-0.178941 -79.147697 -2522.750537 -9411.114422 -0.339980 0.768705 0.541762 -0.265328 0.474270 -0.839446 0.902228 0.429139 -0.042717
-8.758685 -106.426905 -910.470904 -17327.486167 -0.329946 0.707082 0.625436 -0.414812 0.486549 -0.768896 0.847978 0.513133 -0.132771
8.547168 -98.496960 1320.921912 -5866.404735 -0.231274 0.753504 0.615422 -0.251628 -0.657376 0.710310 -0.939785 -0.009419 -0.341636
30.832293 -37.439150 -7429.432091 -1305.684492 0.369823 0.806167 -0.461873 -0.417271 0.588277 0.692687 -0.830130 0.063445 -0.553948
