19232
38453
-36.952749 -58.440456 1513.605286 7446.883156 -0.377254 0.895610 0.235717 -0.007368 0.251613 -0.967800 0.926080 0.366843 0.088323
-40.248818 -66.477300 903.322537 5093.823721 -0.403902 0.903707 0.142046 0.150234 0.218693 -0.964159 0.902382 0.368086 0.224098
-46.647220 -78.881170 1183.253183 14584.923772 -0.359361 0.682552 0.636382 -0.095854 0.651332 -0.752714 0.928263 0.331496 0.168638
-29.330334 -49.473827 -1784.892152 4275.779449 -0.385050 0.912426 -0.138619 0.113553 -0.102219 -0.988260 0.915883 0.396270 0.064250
-31.592508 -69.299753 -4413.494790 17134.571976 -0.270881 0.764833 0.584512 -0.181337 0.555798 -0.811298 0.945379 0.325759 0.011863
-29.340825 -44.960216 -1359.925310 7267.462795 -0.337033 0.924263 0.179296 -0.088808 0.158380 -0.983376 0.937295 0.347353 -0.028703
25.091771 -76.287210 -1345.033096 -3785.190461 0.136440 0.907929 0.396294 0.972109 -0.199738 0.122922 0.190759 0.368469 -0.909858
32.795478 -80.574921 -5187.027595 -3458.656822 0.246534 0.855079 0.456137 0.935497 -0.332896 0.118429 0.253112 0.397518 -0.881994
37.143623 -78.887151 -4126.954538 12.422875 0.182209 0.873646 0.451156 0.972477 -0.227886 0.048538 0.145217 0.429895 -0.891124
38.059535 -81.253208 -2264.195695 4090.983120 0.081463 0.909924 0.406696 0.995458 -0.094454 0.011931 0.049271 0.403876 -0.913486
49.525064 -91.224874 -5474.425216 5376.166510 0.160834 0.860152 0.484015 0.985900 -0.162959 -0.038008 0.046182 0.483304 -0.874234
-9.723308 -133.433033 -17829.624882 -9245.677771 0.035935 0.967292 -0.251109 -0.589664 -0.182346 -0.786795 0.806848 -0.176344 -0.563825
3.555269 -72.337774 -12888.934648 7186.844221 -0.099336 0.925781 -0.364776 -0.626003 -0.343097 -0.700289 0.773468 -0.158787 -0.613624
-1.232922 -199.864897 -17457.526582 94370.120583 -0.188896 0.894478 -0.405250 -0.887464 -0.332163 -0.319492 0.420387 -0.299294 -0.856562
18.850987 -60.189119 -5384.217400 17754.509967 0.179945 0.980453 0.079567 -0.843101 0.195394 -0.501001 0.506755 -0.023070 -0.861781
-17.677190 -324.379816 -9276.972591 177675.412376 -0.192888 0.953602 -0.231165 -0.957010 -0.234845 -0.170237 0.216626 -0.188390 -0.957905
-19.164108 -256.746413 -13834.725350 123926.123747 -0.200972 0.917836 -0.342328 -0.858990 -0.333105 -0.388816 0.470900 -0.215915 -0.855356
23.742750 -24.731388 4727.385093 -672.711321 0.266989 -0.214157 -0.939603 -0.459149 0.828953 -0.319405 0.847289 0.516696 0.122992
17.646150 -23.532449 4215.917558 -2511.249612 0.292904 -0.300403 -0.907725 -0.363177 0.843257 -0.396257 0.884483 0.445730 0.137894
20.742405 -19.555438 979.370119 -3035.152350 0.299912 -0.150938 -0.941950 -0.416123 0.867815 -0.271550 0.858426 0.473408 0.197460
32.639406 -23.584261 3993.064403 -1184.177668 0.259777 -0.052413 -0.964245 -0.521984 0.832456 -0.185877 0.812434 0.551607 0.188894
28.159654 -18.875366 313.143473 -2199.931571 0.270556 0.065872 -0.960448 -0.513170 0.853969 -0.085990 0.814528 0.516138 0.264849
15.298569 -11.711644 -3384.450387 -2628.451678 0.401762 -0.275967 -0.873172 -0.319682 0.851256 -0.416132 0.858132 0.446324 0.253781
18.081708 -13.422410 -1548.148883 -2914.047875 0.307176 -0.014855 -0.951537 -0.452555 0.877303 -0.159790 0.837160 0.479707 0.262764
80.513352 -37.297381 12613.273550 3478.860130 -0.265406 0.764766 0.587105 -0.264237 0.527931 -0.807136 0.927221 0.369353 -0.061963
61.732629 -37.096087 21500.501580 4983.339833 -0.420402 0.726901 0.543026 -0.217905 0.500082 -0.838114 0.880784 0.470673 0.051840
67.361785 -31.728622 20656.290560 1024.446059 -0.414398 0.650727 0.636261 -0.283385 0.572097 -0.769674 0.864851 0.499259 0.052670
-21.733329 -47.438523 28.128196 1116.078563 -0.435078 0.476173 0.764177 -0.127430 0.807609 -0.575786 -0.891330 -0.347891 -0.290694
-22.675956 -44.284094 815.831669 -493.697466 -0.428602 0.528883 0.732519 -0.014539 0.806620 -0.590892 -0.903377 -0.263907 -0.338029
-22.028540 -46.705310 814.939878 -1220.018747 -0.452491 0.533899 0.714286 -0.052296 0.783711 -0.618920 -0.890234 -0.317410 -0.326701
-23.460499 -45.484636 20.691633 1021.189054 -0.407623 0.491891 0.769342 -0.050234 0.829158 -0.556752 -0.911768 -0.265592 -0.313274
-15.692465 -47.085353 1957.293697 2433.949902 -0.358554 0.345587 0.867184 -0.200085 0.878912 -0.432989 -0.911814 -0.328761 -0.245991
-11.694491 -50.605297 -3809.582121 844.451365 0.049615 0.984395 -0.168835 0.986840 -0.022270 0.160157 0.153898 -0.174559 -0.972545
-13.055364 -47.789613 746.434855 6382.012502 0.096854 0.990487 -0.097753 -0.974944 0.074653 -0.209551 0.200260 -0.115600 -0.972899
-12.109710 -49.852841 -2625.771417 6160.026126 0.075075 0.984701 -0.157250 -0.979166 0.042959 -0.198467 0.188676 -0.168874 -0.967411
-9.251848 -52.255819 -2154.258009 55.434280 0.054155 0.984026 -0.169585 0.988795 -0.029187 0.146401 0.139113 -0.175613 -0.974581
-7.635104 -49.812853 -298.382312 5993.284964 0.056281 0.985641 -0.159197 -0.982072 0.025920 -0.186715 0.179908 -0.166851 -0.969430
2.131844 -71.413523 -1262.649806 774.474781 0.021628 0.995416 -0.093158 -0.785973 0.074517 0.613754 -0.617883 -0.059945 -0.783982
-0.540646 -69.934783 -2479.839771 1981.803658 0.002353 0.995072 -0.099131 -0.709267 0.071542 0.701301 -0.704936 -0.068661 -0.705939
-2.488192 -69.927464 -2219.458344 -530.231156 0.020383 0.994071 -0.106810 -0.820975 0.077613 0.565665 -0.570601 -0.076158 -0.817689
0.225304 -68.762573 -1999.785839 -2291.325653 0.037030 0.992900 -0.113044 -0.895527 0.083171 0.437165 -0.443463 -0.085046 -0.892249
21.535308 -103.296210 -4485.428951 2630.888486 0.141245 0.970532 0.195236 -0.684909 -0.046596 0.727137 -0.714807 0.236423 -0.658145
24.180975 -84.423498 -2490.139307 10927.062461 0.145686 0.962497 0.228855 -0.529446 -0.119561 0.839876 -0.835741 0.243524 -0.492172
16.939350 -101.507103 -8467.422168 9975.353673 0.077962 0.979575 0.185348 -0.644373 -0.092350 0.759114 -0.760727 0.178616 -0.624012
19.455200 -109.794515 -8560.062882 1599.002312 0.090995 0.980361 0.174961 -0.782895 -0.038158 0.620982 -0.615463 0.193483 -0.764048
14.264618 -110.713407 -7633.653273 124.329208 0.086863 0.980918 0.173936 -0.794360 -0.037168 0.606310 -0.601205 0.190834 -0.775974
9.315755 -105.667563 -2738.257941 6026.604369 0.087079 0.974427 0.207146 -0.744868 -0.074388 0.663052 -0.661505 0.212035 -0.719342
-3.285205 -124.530168 1770.996688 1933.711817 -0.009028 0.983973 0.178089 0.976598 -0.029596 0.213027 -0.214883 -0.175844 0.960679
-4.488103 -128.603973 863.525219 2916.629095 -0.017650 0.982523 0.185301 0.945672 -0.043771 0.322163 -0.324643 -0.180920 0.928372
-2.366701 -133.571488 -1181.161162 -131.791917 -0.026330 0.977037 0.211436 0.927167 -0.055205 0.370559 -0.373722 -0.205794 0.904423
0.770116 -137.037250 -2873.725007 3592.320390 -0.031516 0.974231 0.223339 0.949883 -0.040336 0.309993 -0.311013 -0.221915 0.924134
-1.725151 -125.037998 2195.156959 5541.626481 0.020559 -0.972896 -0.230328 0.989324 -0.013447 0.145109 -0.144273 -0.230853 0.962233
16.860858 -41.370688 11923.720344 1673.504802 -0.183669 0.980451 0.070579 0.692297 0.179993 -0.698804 0.697847 0.079487 0.711823
3.924352 -42.550020 10136.100518 1235.563112 -0.130121 0.991451 0.009656 0.773502 0.107600 -0.624594 0.620293 0.073804 0.780890
-4.440685 -41.275699 6515.495940 4521.725686 -0.079224 0.996801 0.010558 0.717891 0.064399 -0.693171 0.691633 0.047336 0.720696
34.535993 -44.770178 21352.862378 1194.368783 -0.229567 0.972267 0.044686 0.780844 0.211388 -0.587876 0.581018 0.100064 0.807716
-7.416798 -44.179097 4140.005848 586.872858 -0.040357 0.999167 -0.006073 0.694398 0.023676 -0.719202 0.718459 0.033242 0.694775
66.380774 -41.670938 20299.854704 405.369473 -0.267097 0.939014 0.216594 0.726113 0.343876 -0.595407 0.633577 0.001760 0.773678
39.763389 -38.707200 15365.987433 2003.453961 -0.249414 0.943442 0.218427 0.639204 0.329827 -0.694717 0.727468 0.033653 0.685315
10.533967 -37.870070 8303.676716 294.334095 -0.164327 0.982501 0.087683 0.637135 0.173581 -0.750952 0.753031 0.067536 0.654510
5.687012 -20.273273 1364.810732 -2956.077863 -0.044002 0.068683 0.996668 0.362708 0.930660 -0.048121 -0.930864 0.359382 -0.065862
8.879751 -20.262673 932.552337 -2929.360470 -0.104491 -0.014067 0.994426 0.361821 0.930841 0.051186 -0.926373 0.365153 -0.092175
4.205527 -28.204487 1486.050301 -3855.793403 -0.048878 0.059945 0.997004 0.409892 0.911473 -0.034708 -0.910823 0.406968 -0.069122
35.024228 -58.920341 -5760.006075 -9922.710099 0.060930 0.921394 -0.383823 -0.834774 -0.163776 -0.525671 0.547212 -0.352434 -0.759177
31.720724 -60.817246 -7508.682111 -11941.647207 0.080246 0.895540 -0.437686 -0.802501 -0.202406 -0.561270 0.591230 -0.396284 -0.702429
45.629605 -37.869518 -5913.499964 -6940.312416 -0.104818 0.893988 -0.435659 -0.776202 -0.347406 -0.526136 0.621710 -0.283011 -0.730330
47.082844 -38.644141 -1992.028963 -7118.147934 -0.134961 0.931413 -0.338018 -0.812832 -0.299162 -0.499806 0.566648 -0.207297 -0.797457
38.388089 -54.442388 -3675.769339 -8376.918985 0.016866 0.945699 -0.324606 -0.858123 -0.152934 -0.490139 0.513168 -0.286818 -0.808946
-7.060954 -53.592349 -142.447670 -2409.034762 0.133085 0.972963 0.188760 0.869947 -0.023429 -0.492589 0.474849 -0.229768 0.849544
-7.457151 -55.539857 15.736383 -6231.905586 0.148568 0.973060 0.176298 0.838403 -0.029400 -0.544258 0.524412 -0.228668 0.820184
-8.023589 -53.551374 -365.440734 -3369.769457 0.120402 0.975214 0.185639 0.857983 -0.008159 -0.513613 0.499368 -0.221115 0.837699
-9.639492 -83.702521 808.578910 2441.800863 -0.007067 0.999876 0.014101 -0.582296 -0.015579 0.812828 -0.812946 0.002466 -0.582334
-11.625037 -82.819948 -553.403623 2396.476537 0.016706 0.999812 0.009883 -0.597911 0.002067 0.801560 -0.801388 0.019300 -0.597833
-8.935415 -88.604933 587.859900 2667.596554 0.009137 0.999954 0.002782 -0.723915 0.004695 0.689874 -0.689829 0.008317 -0.723924
-11.866069 -80.046421 677.043609 -38.144484 0.014981 0.999583 0.024695 -0.453232 -0.015226 0.891262 -0.891267 0.024544 -0.452815
-7.635642 -88.671370 123.103706 3931.297243 -0.019148 0.999812 0.002951 -0.656254 -0.014795 0.754395 -0.754297 -0.012509 -0.656415
-10.629577 -80.165229 1919.321408 -645.940217 -0.014089 0.999181 0.037934 -0.440382 -0.040261 0.896907 -0.897700 0.004069 -0.440589
-8.341635 -81.263390 -1741.386667 1528.060565 -0.062617 0.997961 0.012332 -0.523015 -0.043335 0.851221 -0.850020 -0.046851 -0.524662
-10.120214 -41.765078 -2163.354007 -6140.658351 -0.038758 0.997722 -0.055214 -0.985055 -0.047429 -0.165582 0.167823 -0.047971 -0.984649
-10.187113 -41.679549 -2075.274210 -1082.891072 -0.005940 0.998580 -0.052947 -0.976822 -0.017123 -0.213367 0.213970 -0.050452 -0.975536
-8.069272 -42.600921 -2822.018025 -5619.704102 -0.050166 0.994687 -0.089899 -0.984708 -0.064296 -0.161914 0.166834 -0.080402 -0.982701
-13.431257 -38.675840 -1305.240386 -3757.432853 -0.062061 0.997748 -0.025435 -0.976919 -0.065945 -0.203178 0.204398 -0.012239 -0.978811
-14.254984 -38.159653 330.337281 -3652.247374 -0.129205 0.991601 0.005759 -0.986232 -0.127897 -0.104830 0.103213 0.019224 -0.994474
6.311704 -142.384678 636.401824 21006.613925 0.533034 0.606322 -0.590125 -0.596130 0.764081 0.246595 0.600420 0.220348 0.768728
-0.536428 -184.229359 1970.993310 22133.171237 0.539556 0.586151 -0.604406 -0.370384 0.809916 0.454811 0.756105 -0.021534 0.654096
3.232940 -181.708952 726.606524 26263.739326 0.546754 0.610054 -0.573493 -0.438367 0.792127 0.424698 0.713368 0.019195 0.700526
4.247760 -157.229090 1503.966760 19047.410862 0.515117 0.648010 -0.561014 -0.461312 0.761252 0.455727 0.722389 0.024049 0.691069
8.000935 -133.030502 175.807359 20240.014222 0.518998 0.657362 -0.546367 -0.646570 0.719999 0.252087 0.559096 0.222432 0.798709
71.754181 -56.940221 -5857.972051 -13544.494463 0.377316 0.595806 -0.708976 -0.501476 -0.512159 -0.697291 0.778559 -0.618634 -0.105537
63.183818 -119.981917 -8285.769023 35046.157540 0.496621 0.606058 -0.621339 0.530114 0.355041 0.770016 0.687275 -0.711787 -0.144959
57.384511 -100.509470 -12075.314838 -25494.112862 0.572993 0.508887 -0.642427 -0.461608 -0.447313 -0.766048 0.677198 -0.735490 0.021401
45.435212 -188.733626 -11660.585475 -43309.522574 0.617729 0.519328 -0.590516 -0.569041 -0.223097 -0.791467 0.542773 -0.824940 -0.157705
72.045623 -49.897968 -10822.996052 9078.389812 0.450053 0.507475 -0.734794 0.459839 0.573660 0.677837 0.765507 -0.642949 0.024820
36.611979 -146.314086 -10077.481128 -37471.821407 0.649407 0.479788 -0.589978 -0.482696 -0.339416 -0.807342 0.587601 -0.809074 -0.011173
-1.080259 -97.400371 -4146.236135 -4648.173733 -0.752153 -0.322339 0.574773 0.146402 0.768673 0.622663 -0.642521 0.552485 -0.530968
-0.519097 -86.732348 -3187.352705 -5881.949011 -0.752414 -0.335324 0.566949 -0.003003 0.862458 0.506119 -0.658684 0.379108 -0.649933
-7.064241 -89.903836 -3201.767838 -4619.073752 -0.745769 -0.340749 0.572467 0.042502 0.833210 0.551320 -0.664847 0.435489 -0.606900
-7.536651 -28.557989 -2251.085629 3802.477567 -0.247645 -0.155960 0.956216 0.568038 0.776156 0.273705 -0.784860 0.610949 -0.103620
-3.322329 -33.234755 -2008.514854 139.123665 -0.225265 -0.138100 0.964461 0.512506 0.825086 0.237847 -0.828610 0.547870 -0.115085
-8.328617 -33.003876 -672.341286 676.923239 -0.299021 -0.301091 0.905500 0.492022 0.764404 0.416654 -0.817619 0.570114 -0.080429
-11.795057 -19.635988 -574.488717 2798.404564 -0.489964 -0.453536 0.744473 0.459478 0.591390 0.662675 -0.740821 0.666756 -0.081369
-6.883015 -20.578837 -3496.492799 4818.553077 -0.046422 0.091335 0.994738 0.666196 0.744844 -0.037300 -0.744331 0.660958 -0.095424
-10.314509 -28.723117 33.277870 1789.749278 -0.376750 -0.391197 0.839657 0.496268 0.680146 0.539554 -0.782162 0.619972 -0.062106
-19.002210 -39.286029 -2825.743648 -1141.568118 0.102379 0.964722 0.242549 0.993033 -0.113419 0.031964 0.058346 0.237586 -0.969613
-23.724310 -41.139528 -3144.230352 -892.045506 0.077437 0.955806 0.283618 0.994884 -0.092592 0.040404 0.064879 0.279038 -0.958086
-21.322450 -39.582377 -2820.415286 -2393.638256 0.031240 0.965586 0.258200 0.994119 -0.056816 0.092196 0.103693 0.253801 -0.961682
-28.169389 -42.215050 -2843.930372 -1382.984517 -0.010491 0.948120 0.317739 0.994380 -0.023584 0.103208 0.105348 0.317036 -0.942544
3.770186 -53.247159 -722.173615 -1182.124987 0.098066 0.979611 0.175343 0.970230 -0.133317 0.202187 -0.221441 -0.150296 0.963522
4.313922 -51.918833 -1587.615488 534.214927 0.120885 0.975334 0.184691 0.976377 -0.150393 0.155145 -0.179095 -0.161574 0.970474
4.303238 -49.563341 1098.955787 2457.509303 -0.118020 -0.975176 -0.187358 0.987481 -0.135140 0.081355 -0.104655 -0.175411 0.978917
3.523846 -50.827379 1685.758963 2227.683797 -0.148691 -0.970467 -0.189958 0.988866 -0.147057 -0.022752 -0.005855 -0.191226 0.981529
5.625776 -49.116672 26.337181 3448.637273 -0.141032 -0.972473 -0.185488 0.989910 -0.135932 -0.039998 0.013683 -0.189257 0.981832
-11.645697 -48.472121 -345.053187 -7644.439284 0.059073 0.990084 -0.127454 0.447363 -0.140395 -0.883264 0.892399 0.004842 0.451221
-12.499490 -49.291854 -1059.648808 -9397.723659 0.031076 0.995264 -0.092112 0.456188 -0.096121 -0.884677 0.889341 0.014528 0.457015
-8.186014 -45.144045 3.647258 -6888.140910 0.009074 0.996718 -0.080448 0.502229 -0.074110 -0.861553 0.864687 0.032586 0.501253
-7.750454 -40.019537 1079.393586 1556.182935 0.012233 0.995996 -0.088554 0.510650 -0.082364 -0.855835 0.859702 0.034751 0.509613
-11.101863 -46.682681 716.485007 -3753.247538 0.055324 0.987672 -0.146438 0.486029 -0.154753 -0.860132 0.872190 0.023587 0.488598
4.485664 -195.541118 -382.391800 8592.033853 -0.030457 0.994519 0.100025 0.335416 -0.084100 0.938309 -0.941578 -0.062128 0.331016
2.830965 -199.190490 -757.031785 -3864.310233 -0.030712 0.998103 0.053365 0.003003 -0.053298 0.998574 -0.999524 -0.030829 0.001360
3.244259 -217.317061 1252.311754 5137.210079 -0.001001 0.998427 0.056066 0.076612 -0.055824 0.995497 -0.997060 -0.005292 0.076436
2.110043 -252.036225 1534.116625 -3836.873208 0.032074 0.999478 0.003892 -0.306702 0.006136 0.951786 -0.951265 0.031721 -0.306739
0.308293 -256.389411 828.433615 18042.310034 0.016134 0.999709 0.017946 -0.056835 -0.017002 0.998239 -0.998253 0.017125 -0.056545
2.454910 -219.690264 2970.335248 29330.003495 0.010881 0.998486 0.053927 0.318677 -0.054581 0.946291 -0.947801 -0.006889 0.318788
4.736299 -203.424812 1165.462045 24275.390082 -0.020249 0.995302 0.094674 0.487057 -0.072877 0.870324 -0.873136 -0.063735 0.483293
8.057940 -159.704318 -2783.688141 9349.296340 -0.067259 0.987350 0.143584 0.849148 -0.018912 0.527816 -0.523854 -0.157425 0.837135
9.545967 -137.289802 -2567.990225 10261.873236 -0.058373 0.986476 0.153162 0.947310 0.006332 0.320256 -0.314955 -0.163786 0.934868
5.829968 -149.359261 -1668.583549 10532.970960 -0.042644 0.987303 0.153015 0.855061 -0.043152 0.516729 -0.516772 -0.152872 0.842364
4.291414 -167.511847 -2355.963024 10733.009545 -0.041792 0.988803 0.143253 0.681345 -0.076662 0.727937 -0.730768 -0.128027 0.670513
17.249794 -114.356983 1781.105417 46752.729546 0.332316 0.918333 0.215014 0.651515 -0.388348 0.651701 -0.681979 0.076486 0.727362
10.228302 -195.307657 10341.327826 69433.154521 0.342671 0.927532 0.149205 0.624562 -0.343561 0.701348 -0.701783 0.147144 0.697029
1.750503 -81.807867 7730.494716 21294.708178 0.373079 0.905206 0.203503 0.674398 -0.415215 0.610561 -0.637181 0.090545 0.765377
-10.721265 -68.194017 11827.178259 9166.421118 0.485500 0.828157 0.280080 0.642623 -0.555275 0.527925 -0.592727 0.076321 0.801779
7.667320 -50.352729 198.318194 5298.343873 0.383837 0.874937 0.295220 0.660398 -0.483563 0.574492 -0.645402 0.025548 0.763416
5.157136 -54.966512 -298.744467 5431.814124 -0.312514 -0.365011 0.876984 0.147764 0.893308 0.424461 -0.938350 0.262237 -0.225236
0.934975 -57.436286 -1061.824801 -5442.908797 -0.297448 -0.283524 0.911668 0.076674 0.944710 0.318816 -0.951654 0.164732 -0.259263
7.742821 -51.903095 -880.888905 14890.961387 -0.305882 -0.266225 0.914090 0.322836 0.874223 0.362645 -0.895664 0.406027 -0.181462
-32.200164 -37.947058 4410.292867 -7754.176210 0.776742 -0.194517 0.599028 -0.137344 0.875909 0.462516 -0.614661 -0.441528 0.653639
-18.852406 -31.613723 -8676.642683 -3867.751820 -0.744231 0.636730 -0.201729 0.312360 0.598754 0.737512 -0.590382 -0.485868 0.644501
-23.237765 -37.209191 6621.789091 -4567.039197 0.779349 -0.558070 0.284909 0.255647 0.698332 0.668563 -0.572066 -0.448208 0.686913
-22.208789 -24.841307 -9311.671373 -4578.800164 -0.680082 0.727835 -0.088003 0.397449 0.466889 0.789968 -0.616054 -0.502266 0.606800
-1.036004 -130.196741 -1008.674571 -8464.999100 0.948151 -0.157722 0.275924 -0.071510 0.740042 0.668748 0.309672 0.653805 -0.690393
2.795665 -133.885201 -3062.086475 -9119.051571 0.955804 -0.135169 0.261089 -0.062038 0.775327 0.628506 0.287383 0.616926 -0.732675
0.040385 -140.009509 -1797.350392 -5930.358602 0.951872 -0.135268 0.275033 -0.131597 0.630051 0.765322 0.276808 0.764682 -0.581927
-3.505852 -135.454166 -574.035979 -5407.259798 0.944723 -0.162688 0.284659 -0.134126 0.600473 0.788316 0.299180 0.782920 -0.545461
-4.572252 -128.540976 -966.506441 -6784.977015 0.946331 -0.163624 0.278721 -0.058239 0.761933 0.645032 0.317910 0.626646 -0.711511
59.996346 -73.259145 -5508.752687 13889.490695 -0.262152 -0.566236 0.781443 0.817705 -0.560363 -0.131724 0.512479 0.604458 0.609915
50.601769 -98.343955 -9170.786870 18957.494928 -0.332052 -0.533187 0.778108 0.860008 -0.509978 0.017547 0.387462 0.675006 0.627885
34.530129 -97.072648 -711.848812 20177.764152 -0.153096 -0.566286 0.809866 0.891280 -0.433095 -0.134349 0.426828 0.701249 0.571024
17.011729 -40.856367 4438.459775 -353.284855 0.481468 0.870805 -0.099434 0.366944 -0.097244 0.925146 -0.795953 0.481915 0.366356
22.968478 -41.338536 6557.578369 627.389227 0.478107 0.873456 -0.092128 0.427633 -0.139879 0.893064 -0.767166 0.466377 0.440396
24.214010 -42.117627 4246.463163 -302.088881 0.460565 0.886067 -0.052593 0.346390 -0.124864 0.929743 -0.817248 0.446424 0.364433
21.505734 -40.512665 6477.913963 -757.548783 0.496346 0.865952 -0.061385 0.283040 -0.094576 0.954434 -0.820688 0.491104 0.292042
8.285802 -40.095349 2514.668496 -687.935199 0.481689 0.868342 -0.118139 0.331739 -0.055902 0.941714 -0.811126 0.492805 0.314990
8.397108 -40.422666 2906.625767 -226.406215 0.482900 0.866525 -0.126261 0.407384 -0.094675 0.908336 -0.775143 0.490072 0.398728
12.003099 -39.798060 2628.606273 -255.708789 0.479675 0.871488 -0.102078 0.287116 -0.045962 0.956792 -0.829142 0.488258 0.272265
-3.966712 -55.375630 3455.727814 -6890.385001 0.843946 -0.526006 -0.105231 -0.519778 -0.753364 -0.402831 -0.132614 -0.394665 0.909205
-5.641017 -55.380281 2793.834748 -6419.023397 0.849794 -0.519323 -0.090302 -0.508561 -0.762706 -0.399556 -0.138625 -0.385464 0.912250
-4.059873 -51.036347 1900.356122 -399.894376 0.847852 -0.522738 -0.088837 -0.479733 -0.684897 -0.548427 -0.225839 -0.507602 0.831466
-1.548265 -51.232038 1038.299474 -894.015669 0.841431 -0.532354 -0.092697 -0.489343 -0.677922 -0.548603 -0.229209 -0.506972 0.830928
-1.385213 -53.904928 47.594252 6929.177386 0.838489 -0.538222 -0.085168 -0.443875 -0.583954 -0.679686 -0.316088 -0.607713 0.728542
-4.140022 -54.362507 579.439151 7061.648558 0.846095 -0.527717 -0.075089 -0.430726 -0.593897 -0.679531 -0.314005 -0.607290 0.729794
-13.305829 -46.956776 -265.098972 -346.002296 0.751288 -0.659163 -0.032700 0.640492 0.740165 -0.204760 0.159173 0.132890 0.978266
-13.716824 -50.621262 -1768.694920 -4201.195043 0.751288 -0.659930 0.007673 -0.617908 -0.699269 0.359463 0.231855 0.274801 0.933128
-11.127719 -44.281751 -4258.941499 875.803179 0.799728 -0.600362 0.000564 -0.589699 -0.785348 0.188370 0.112647 0.150977 0.982098
-13.579339 -52.756549 2053.341013 5839.094466 0.730229 -0.682219 -0.036648 0.621655 0.685739 -0.378560 0.283392 0.253653 0.924851
-10.759803 -46.892747 -2781.214224 -6666.342640 0.797874 -0.601984 -0.031832 0.601456 0.798508 -0.025215 0.040597 0.000973 0.999175
-11.529531 -48.512442 3478.138583 695.311723 0.731310 -0.677786 -0.076103 0.650689 0.726776 -0.220003 0.204425 0.111371 0.972526
-11.583271 -49.103332 1402.520831 -7124.529298 0.757467 -0.648899 -0.071928 0.647973 0.760678 -0.038724 0.079842 -0.017275 0.996658
1.638440 -83.821196 295.756250 5235.246175 0.686158 -0.726212 -0.042461 -0.525738 -0.454707 -0.718916 -0.502778 -0.515614 0.693799
-0.600332 -91.657195 1825.791855 2880.784708 0.674461 -0.734188 -0.077911 -0.647584 -0.537596 -0.540024 -0.354594 -0.414679 0.838036
-1.301257 -87.769328 942.355937 3310.484031 0.684710 -0.726508 -0.057958 -0.603974 -0.521117 -0.603036 -0.407908 -0.447910 0.795605
3.725908 -90.198967 1038.386876 722.074046 0.670139 -0.739821 -0.059811 -0.629452 -0.523760 -0.573991 -0.393324 -0.422302 0.816674
4.373975 -83.455102 1412.488986 3272.915727 0.677923 -0.733193 -0.053364 -0.524752 -0.431801 -0.733609 -0.514835 -0.525334 0.677473
3.381111 -77.166701 -25.517313 -6148.484239 -0.685076 0.728427 0.008136 0.424187 0.389813 0.817381 -0.592230 -0.563419 0.576041
4.023630 -95.542410 3169.838515 1514.324011 -0.629640 0.776272 0.030909 0.503212 0.377201 0.777494 -0.591888 -0.505095 0.628130
0.315342 -92.092986 3491.257850 5145.703066 -0.629806 0.776100 0.031835 0.571907 0.435591 0.695113 -0.525610 -0.455993 0.718195
4.404998 -89.790585 1064.821394 3780.090619 -0.649759 0.758822 0.044745 0.614588 0.489792 0.618373 -0.447319 -0.429293 0.784610
2.597855 -157.637125 -2009.857219 20012.301320 -0.776811 0.581304 -0.242179 0.279957 0.663264 0.694050 0.564082 0.471346 -0.677971
1.095245 -161.773526 -1351.628169 8029.213660 -0.787213 0.570073 -0.235186 0.411951 0.769923 0.487355 0.458903 0.286767 -0.840936
-1.167725 -155.102034 676.400547 8088.931895 -0.796434 0.569453 -0.203513 0.324496 0.686421 0.650791 0.510290 0.452273 -0.731474
1.368147 -136.656670 437.430991 13661.455622 0.785589 -0.578234 0.220218 0.181818 0.555924 0.811105 0.591433 0.597155 -0.541861
-0.422756 -142.335863 -233.031410 -9124.795724 -0.776014 0.597823 -0.201023 -0.206290 -0.541769 -0.814820 0.596025 0.590842 -0.543745
-6.724715 -75.333868 -375.595504 7739.827355 -0.564398 0.805371 -0.181196 -0.060478 -0.259248 -0.963915 0.823284 0.533074 -0.195026
-6.544142 -67.755304 -1784.304336 7477.083082 -0.568804 0.797931 -0.199417 -0.090895 -0.301960 -0.948977 0.817435 0.521656 -0.244284
-6.630640 -81.529486 111.589110 2021.967118 -0.574664 0.800112 -0.171995 0.062520 -0.166628 -0.984036 0.815998 0.576243 -0.045733
-8.591776 -88.646458 674.015889 4812.918688 -0.575322 0.807575 -0.129718 0.065532 -0.112572 -0.991480 0.815297 0.578921 -0.011844
-7.275386 -96.657999 1127.511525 36.295820 -0.585327 0.803192 -0.110791 0.213907 0.021171 -0.976625 0.782071 0.595344 0.184200
-1.125216 -80.704668 136.426279 -4266.407367 -0.563227 0.816893 -0.124345 0.231585 0.011603 -0.972745 0.793186 0.576673 0.195716
-18.290354 -53.427123 178.442947 -1262.028190 0.699167 -0.196168 0.687520 0.295725 0.954854 -0.028290 -0.650931 0.223096 0.725614
-17.682452 -51.282688 -658.990344 -1246.551318 0.695661 -0.145265 0.703529 0.192898 0.981147 0.011847 -0.691987 0.127468 0.710567
-16.375209 -51.967225 -1089.001616 -838.506327 0.709560 -0.190584 0.678382 0.237332 0.971117 0.024585 -0.663474 0.143557 0.734298
-17.349811 -55.151111 792.426383 -770.277390 0.722751 -0.224753 0.653541 0.331169 0.942633 -0.042067 -0.606595 0.246837 0.755721
-18.438309 -57.260758 1064.698471 -1789.150852 0.692597 -0.237705 0.681032 0.402256 0.910981 -0.091121 -0.598748 0.337059 0.726562
13.313042 -51.188873 8159.535569 40.637085 0.273272 0.961039 -0.041548 0.927273 -0.251688 0.277159 -0.255904 0.114266 0.959925
4.153798 -49.842677 5820.435969 675.378622 0.300760 0.952978 -0.037091 0.929325 -0.284115 0.235867 -0.214238 0.105409 0.971077
6.863935 -50.034701 5379.093424 576.715285 0.271482 0.961910 -0.032033 0.952630 -0.263824 0.151303 -0.137089 0.071592 0.987968
6.618336 -50.387278 6805.425366 -125.922968 0.299758 0.953063 -0.042614 0.899825 -0.267609 0.344529 -0.316953 0.141621 0.937808
15.833308 -50.239328 5464.400098 -679.973033 0.246780 0.968854 -0.020551 0.951388 -0.238189 0.195262 -0.184286 0.067738 0.980536
22.487120 -51.354625 5504.551800 -839.734275 0.231300 0.972881 -0.001798 0.930903 -0.220782 0.290989 -0.282700 0.068980 0.956725
21.149606 -51.155638 7803.983746 172.317672 0.258048 0.965767 -0.026568 0.894373 -0.228391 0.384622 -0.365387 0.123013 0.922692
-12.139874 -95.437199 2089.188856 13121.625327 0.971453 -0.009484 0.237041 0.106909 0.909486 -0.401754 0.211775 -0.415627 -0.884537
-15.207682 -86.122842 1440.874015 14371.595821 0.974583 -0.057579 0.216502 0.131969 0.928489 -0.347121 0.181033 -0.366870 -0.912488
-11.156743 -71.984892 2670.933945 4146.098410 0.958983 -0.097578 0.266139 0.162554 0.958474 -0.234314 0.232223 -0.267965 -0.935023
-8.463643 -82.760209 2441.308126 6687.787684 0.964741 -0.016519 0.262682 0.100620 0.945367 -0.310093 0.243208 -0.325590 -0.913696
-5.721206 -73.138204 -2323.982449 -358.707064 -0.954727 0.098612 -0.280662 0.146574 0.976924 -0.155353 0.258866 -0.189458 -0.947151
-11.585287 -63.266894 -1004.438237 -4485.025540 -0.935351 0.240257 -0.259605 0.280567 0.950870 -0.130875 0.215407 -0.195251 -0.956806
-6.769321 -71.771492 -3316.275626 -4013.576075 -0.934959 0.194103 -0.296943 0.226216 0.970984 -0.077565 0.273271 -0.139693 -0.951740
3.373349 -46.913820 261.855658 -680.253657 0.814288 -0.569606 0.111732 0.218252 0.122081 -0.968226 -0.537867 -0.812801 -0.223726
3.292000 -48.902397 -1453.950422 -809.275897 0.791976 -0.594491 0.139123 0.270852 0.137878 -0.952696 -0.547187 -0.792193 -0.270215
3.583274 -48.793610 -1526.187159 105.988179 0.803532 -0.589699 0.081187 0.171386 0.098575 -0.980260 -0.570056 -0.801585 -0.180274
3.728944 -47.305102 1804.096437 635.530926 0.834434 -0.549749 0.038677 0.081227 0.053268 -0.995271 -0.545089 -0.833630 -0.089103
3.383090 -44.206389 1698.742076 323.404636 0.833697 -0.547157 0.074615 0.154271 0.101032 -0.982849 -0.530235 -0.830910 -0.168641
2.683214 -44.911865 705.455581 -1270.291558 0.816258 -0.563913 0.125401 0.244702 0.140877 -0.959309 -0.523301 -0.813729 -0.252983
9.040354 -67.281426 -63.796721 1678.881443 0.781718 -0.623477 0.013926 -0.273667 -0.363019 -0.890687 -0.560378 -0.692455 0.454404
8.388160 -64.988077 -32.119680 1439.871909 0.775202 -0.631609 0.011464 -0.271745 -0.349797 -0.896547 -0.570278 -0.691890 0.442800
8.676216 -67.760779 -1442.726163 6204.424320 0.765084 -0.643879 0.008136 -0.323327 -0.395057 -0.859878 -0.556871 -0.655248 0.510435
-13.772770 -111.442740 -4599.558524 -8436.046425 -0.817666 0.523116 -0.240358 0.520927 0.850039 0.077905 0.245067 -0.061508 -0.967553
-13.371285 -102.760008 4579.805057 -4975.973099 0.828734 -0.502593 0.246171 0.537062 0.837912 -0.097305 0.157365 -0.212849 -0.964330
-16.924170 -108.632082 13.874251 -6036.384652 -0.828957 0.531718 -0.173509 0.536087 0.843804 0.024626 0.159502 -0.072602 -0.984524
-15.254178 -113.121157 833.894567 -4667.526386 -0.829895 0.534610 -0.159584 0.491178 0.835752 0.245486 0.264612 0.125344 -0.956174
-18.222888 -113.521362 1814.400770 -3161.818051 -0.827644 0.545259 -0.133034 0.512425 0.830804 0.217221 0.228967 0.111612 -0.967015
-18.707252 -107.958535 1334.438750 -6138.001019 -0.831992 0.537078 -0.139054 0.544495 0.838548 -0.019053 0.106370 -0.091566 -0.990102
5.238595 -157.031653 -1615.407040 1287.578075 -0.923010 0.213801 -0.319910 0.125415 0.953179 0.275176 0.363764 0.213868 -0.906607
-0.620017 -144.030061 -3006.250706 606.079309 -0.917847 0.206471 -0.339008 0.142360 0.968477 0.204414 0.370528 0.139359 -0.918307
2.808630 -140.774350 3704.856155 2829.944519 0.905895 -0.274802 0.322239 0.088368 0.866796 0.490771 0.414180 0.416112 -0.809510
8.414731 -169.068704 927.727725 4029.505243 -0.939663 0.170231 -0.296741 0.082334 0.954442 0.286812 0.332047 0.245075 -0.910870
3.324414 -185.581291 2080.621178 6052.990377 -0.946939 0.141960 -0.288363 0.145172 0.989352 0.010331 0.286760 -0.032079 -0.957465
10.028116 -145.265186 1975.725415 8623.832918 0.921248 -0.239888 0.306196 0.026647 0.824257 0.565589 0.388062 0.512889 -0.765737
14.078202 -211.736841 -414.767488 18783.912715 0.927092 -0.026008 0.373932 -0.180286 -0.905561 0.384000 -0.328631 0.423417 0.844227
22.703267 -229.642269 3545.673404 -7223.212152 0.934323 -0.041233 0.354034 -0.273766 -0.719068 0.638744 -0.228237 0.693716 0.683130
13.331401 -200.538860 395.943804 20575.858539 0.927324 -0.069903 0.367674 -0.208893 -0.911811 0.353502 -0.310539 0.404616 0.860146
3.274000 -406.867442 6463.443715 90187.164888 0.986359 0.073256 0.147408 -0.161126 0.246475 0.955661 -0.033676 0.966376 -0.254917
13.120575 -515.600530 -2260.606277 124144.860280 0.995475 0.068591 0.065757 -0.071168 0.079679 0.994277 -0.062959 0.994458 -0.084200
7.541979 -547.376185 8122.963255 -51182.176300 0.988125 0.076689 0.133144 -0.151671 0.625498 0.765342 0.024588 0.776448 -0.629702
-4.093679 -378.565839 489.828640 92523.287454 0.987685 0.070892 0.139471 -0.129271 -0.132370 0.982735 -0.088130 0.988662 0.121576
3.139133 -332.801310 -131.876562 511.434562 0.982737 0.127191 0.134354 -0.179450 0.478631 0.859483 -0.045013 0.868755 -0.493192
10.953845 -334.966703 4960.614918 -35983.491131 0.995438 -0.005976 0.095224 0.010293 -0.985486 -0.169447 -0.094854 -0.169654 0.980928
12.745719 -430.067606 3359.826915 116665.832936 0.990134 -0.111341 0.085070 0.110176 0.993744 0.018286 -0.086574 -0.008733 0.996207
2.770751 -304.984034 3243.131636 -67643.532075 0.994347 -0.033802 0.100651 -0.060198 -0.960361 0.272183 -0.087461 0.276703 0.956967
12.028334 -737.977032 17942.766730 270718.394635 0.581462 -0.051112 0.811966 0.541166 0.769514 -0.339098 0.607488 -0.636581 -0.475103
-55.640697 -1761.945642 1239.277900 640920.755344 0.813736 -0.004795 0.581215 0.573106 -0.160033 -0.803703 -0.096867 -0.987100 0.127477
-26.805535 -328.334501 -35226.004344 123540.998866 -0.315870 0.278106 -0.907129 0.830739 0.542944 -0.122815 0.458365 -0.792382 -0.402533
-5.570349 -37.122346 1928.043011 2645.088337 -0.447864 0.893624 -0.029237 0.412789 0.177653 -0.893333 0.793110 0.412161 0.448443
-11.405194 -40.990987 3456.274949 1989.359218 -0.430341 0.901423 -0.047371 0.450200 0.168848 -0.876818 0.782385 0.398657 0.478483
-14.033575 -36.748508 3417.817130 1784.203811 -0.372600 0.911340 -0.175007 0.437624 0.006259 -0.899136 0.818324 0.411606 0.401157
-19.771103 -43.139137 5145.404067 1368.905747 -0.381422 0.918789 -0.101705 0.474871 0.100354 -0.874315 0.793105 0.381779 0.474583
-22.741220 -40.425748 4930.366646 -205.203577 -0.282483 0.910305 -0.302568 0.477853 -0.139961 -0.867218 0.831781 0.389557 0.395456
4.204446 -48.743180 -1431.327710 -551.612370 0.256531 0.965199 -0.050826 0.177859 0.004547 0.984046 -0.950031 0.261478 0.170503
8.378327 -47.888234 -4778.966215 1018.856798 0.251971 0.967540 -0.019426 0.231636 -0.040809 0.971946 -0.939604 0.249402 0.234400
8.224661 -47.341713 -103.558418 1451.252315 0.264209 0.963881 -0.033566 0.291790 -0.046714 0.955341 -0.919267 0.262204 0.293593
-3.036910 -86.049402 1078.602123 -5394.106642 0.966205 -0.140823 0.215911 0.008550 -0.819622 -0.572841 -0.257635 -0.555328 0.790718
-1.085519 -77.789331 890.939598 -3746.044102 0.963395 -0.171782 0.205819 -0.065177 -0.894779 -0.441726 -0.260043 -0.412142 0.873222
-3.292550 -79.007880 318.139815 -4607.494324 0.959723 -0.172726 0.221578 -0.023393 -0.835074 -0.549640 -0.279971 -0.522319 0.805480
-8.012417 -28.248740 2797.644145 -865.225099 -0.198974 0.954668 -0.221401 0.557262 0.296056 0.775764 -0.806144 -0.030978 0.590908
-5.839176 -28.112613 1512.945529 -1068.185384 -0.110916 0.988068 -0.106865 0.577295 0.151582 0.802342 -0.808967 -0.027300 0.587219
-9.351877 -24.895970 2818.869329 -1396.515598 -0.118560 0.985368 -0.122449 0.513402 0.166389 0.841863 -0.849919 -0.036946 0.525616
-12.214385 -30.667616 951.530636 -63.420224 0.302305 0.835659 0.458569 -0.265079 -0.388401 0.882540 -0.915612 0.388353 -0.104100
-10.845006 -30.853039 1102.164710 -107.101526 0.327918 0.830127 0.450952 -0.211616 -0.400671 0.891449 -0.920700 0.387751 -0.044281
-9.280860 -28.709437 529.075178 -1366.853967 0.342728 0.843601 0.413370 -0.251287 -0.341663 0.905605 -0.905203 0.414250 -0.094888
-11.284742 -26.140390 1671.975784 -1660.558955 0.342003 0.852375 0.395588 -0.300524 -0.299654 0.905480 -0.890348 0.428560 -0.153677
-7.861317 -40.351192 1262.268040 728.311098 0.554292 0.813106 -0.177820 0.750812 -0.580672 -0.314803 0.359223 -0.040984 0.932351
-8.306456 -40.675651 2268.413877 78.183871 0.570956 0.798910 -0.189081 0.714105 -0.596907 -0.365728 0.405047 -0.073791 0.911313
-5.382393 -40.427795 2676.166652 -1110.098369 0.616186 0.753255 -0.230049 0.650242 -0.651350 -0.391061 0.444411 -0.091379 0.891150
29.629496 -88.395166 -3185.335327 -11316.104718 0.789689 -0.527096 0.313945 0.271241 0.758951 0.591965 -0.550291 -0.382313 0.742305
24.683020 -80.298020 -1590.571180 -8431.572341 0.805759 -0.541348 0.240200 0.281506 0.706910 0.648870 -0.521064 -0.455215 0.721991
22.091282 -75.248286 -2089.057548 -7551.714558 0.797219 -0.500363 0.337755 0.163503 0.717535 0.677060 -0.581127 -0.484541 0.653844
29.508812 -97.629655 -4038.531813 -9242.328389 0.813829 -0.506097 0.285568 0.311971 0.795114 0.520065 -0.490262 -0.334155 0.804974
24.412408 -73.992034 2344.388066 -7520.796343 0.786269 -0.512666 0.344899 0.207202 0.744640 0.634491 -0.582108 -0.427416 0.691712
27.568516 -115.351606 -6221.720055 -20071.619591 0.807376 -0.483508 0.338178 0.331642 0.845913 0.417666 -0.488014 -0.225059 0.843321
-81.639926 -247.517360 20555.711943 -56499.620953 0.780123 0.124814 0.613049 0.369158 0.699292 -0.612138 0.505104 -0.703855 -0.499458
-49.687674 -327.553682 11149.602165 -84828.447498 0.733305 0.122435 0.668785 0.378472 0.743652 -0.551126 0.564820 -0.657260 -0.498986
-48.959864 -204.642396 17833.789935 11248.047738 0.653530 -0.025463 0.756473 0.583995 0.652758 -0.482551 0.481507 -0.757138 -0.441467
-111.472961 -217.227779 -30479.911034 47205.289382 -0.461935 0.263549 -0.846852 0.774244 0.585579 -0.240091 0.432623 -0.766576 -0.474550
4.547343 -75.664606 606.263297 2538.379027 -0.649264 0.758202 0.059887 0.588098 0.550409 -0.592614 0.482283 0.349544 0.803257
5.364597 -71.896446 -254.070410 -9974.859888 -0.630877 0.773139 0.065199 0.566770 0.516604 -0.641788 0.529873 0.367936 0.764105
3.917622 -68.320715 -426.427195 -11823.632103 -0.619697 0.782208 0.064237 0.589460 0.517905 -0.619929 0.518182 0.346303 0.782024
-53.833525 -84.118764 -3079.464237 10012.258874 0.437400 -0.665239 -0.605093 0.015724 0.678429 -0.734498 0.899129 0.311755 0.307205
-40.962278 -72.339883 -1197.387693 4940.194940 -0.419415 0.902018 0.102251 0.249190 0.222706 -0.942500 0.872924 0.369819 0.318180
-52.326826 -78.939699 1638.785532 5096.459552 -0.440059 0.836913 0.325460 0.218853 0.451470 -0.865031 0.870891 0.309436 0.381835
-37.952689 -68.254433 -1391.538247 4852.940847 -0.441876 0.896407 -0.034632 0.270291 0.096227 -0.957958 0.855388 0.432660 0.284811
-34.127675 -57.703303 -1733.874501 3975.426273 -0.414721 0.903101 -0.111427 0.202784 -0.027648 -0.978833 0.887065 0.428538 0.171668
22.520571 -85.334479 -3915.355554 7176.139281 0.243647 0.869806 0.429037 -0.907023 0.360996 -0.216772 0.343431 0.336331 -0.876891
35.890006 -91.034721 -6515.283436 -3121.249646 0.300102 0.817528 0.491515 0.882818 -0.433215 0.181541 0.361346 0.379438 -0.851737
5.830189 -66.858539 -1102.489035 -18099.188688 -0.279341 0.898095 -0.339698 -0.360922 -0.426046 -0.829590 0.889777 0.109134 -0.443154
2.966749 -55.999801 3174.650121 -5542.913059 -0.254392 0.930152 -0.264767 -0.524966 -0.362743 -0.769954 0.812216 0.056876 -0.580577
3.387058 -149.461361 -11264.892748 -63314.195702 -0.070891 0.974585 -0.212507 -0.293161 -0.223991 -0.929454 0.953431 0.003591 -0.301589
23.597484 -24.678099 -1335.780506 881.257627 0.342552 -0.404022 -0.848189 -0.385366 0.762942 -0.519050 0.856826 0.504665 0.105651
11.260829 -25.937915 5123.010678 -1424.092924 0.305866 -0.396270 -0.865688 -0.318132 0.814462 -0.485225 0.897350 0.423817 0.123050
-15.108251 -47.674882 -3101.919600 -2628.550603 -0.091775 0.982215 0.163805 -0.826189 0.016720 -0.563144 0.555867 0.187016 -0.809961
-11.379866 -43.211618 -3211.078846 1148.800521 -0.097062 0.986043 0.135271 -0.889840 -0.025092 -0.455582 0.445830 0.164589 -0.879856
-15.069062 -44.329530 -2084.029288 1322.362701 -0.107438 0.980261 0.165966 -0.884331 -0.017939 -0.466516 0.454331 0.196891 -0.868803
-20.352062 -45.465745 -1086.775488 545.167378 -0.482288 0.531752 0.696160 0.044774 0.808616 -0.586631 -0.874868 -0.251755 -0.413794
-22.395711 -43.447593 -1722.446932 732.644455 -0.453265 0.575965 0.680305 0.131708 0.798106 -0.587945 -0.881592 -0.176893 -0.437613
-21.106031 -45.934303 -2445.421514 3104.033154 -0.495989 0.602026 0.625747 0.199259 0.780315 -0.592794 -0.845157 -0.169334 -0.506986
-20.160650 -48.054806 -2101.884320 2060.175680 -0.536165 0.528491 0.658198 0.081223 0.808434 -0.582956 -0.840197 -0.259099 -0.476379
-12.505873 -45.721692 4019.855043 5762.754197 0.081035 0.995505 -0.049016 -0.972019 0.068053 -0.224831 0.220484 -0.065864 -0.973164
-12.407903 -44.330473 2276.865051 516.157622 0.127556 0.990470 -0.051951 -0.919560 0.098471 -0.380412 0.371671 -0.096296 -0.923357
-1.890282 -63.980437 -125.991816 18.796351 -0.002357 0.999989 0.003984 -0.256928 -0.004455 0.966420 -0.966428 -0.001254 -0.256936
0.474250 -65.656333 638.058896 -965.252451 0.007283 0.999824 0.017287 -0.110409 -0.016378 0.993751 -0.993860 0.009146 -0.110270
-0.446145 -63.810970 1274.305414 -637.451957 0.000820 0.999117 0.041996 -0.219506 -0.040791 0.974758 -0.975611 0.010018 -0.219278
1.348588 -66.216817 -168.946203 -1550.995747 -0.013211 0.998274 0.057219 -0.041248 -0.057719 0.997480 -0.999062 -0.010817 -0.041940
-3.012861 -62.087773 1703.530180 1155.206984 0.011926 0.999701 0.021324 -0.317691 -0.016432 0.948052 -0.948119 0.018081 -0.317400
-1.823788 -61.980694 3211.870228 857.577958 0.026301 0.998914 0.038464 -0.373446 -0.025873 0.927291 -0.927279 0.038753 -0.372360
1.729248 -64.141789 19.023920 -1320.245758 -0.020681 0.997443 0.068404 -0.089991 -0.069998 0.993480 -0.995728 -0.014391 -0.091208
1.594907 -63.746180 1234.393195 -1330.093233 -0.005118 0.997401 0.071871 -0.184834 -0.071578 0.980160 -0.982756 0.008268 -0.184720
