13218
26425
-22.929484 -35.494120 -54.682910 -2582.631689 -0.742740 0.265082 -0.614873 0.089291 0.949307 0.301402 0.663599 0.168961 -0.728758
-24.625455 -39.046858 149.529349 -1724.324052 -0.776750 0.227362 -0.587338 -0.001398 0.931941 0.362608 0.629808 0.282477 -0.723567
-21.860338 -45.419969 -540.784734 -2202.720335 -0.712316 0.464934 -0.525778 0.127232 0.822249 0.554724 0.690230 0.328243 -0.644856
-24.081128 -34.842324 -79.790522 -1626.694044 -0.773055 -0.130019 -0.620871 -0.253848 0.960389 0.114950 0.581332 0.246470 -0.775439
-17.304226 -41.834112 -836.266764 -3648.283922 -0.662980 0.447915 -0.599858 0.199944 0.878102 0.434695 0.721442 0.168256 -0.671722
-16.709202 -30.184854 -603.455247 -2837.223393 -0.697502 0.267144 -0.664925 0.157858 0.962398 0.221066 0.698979 0.049229 -0.713445
-18.097114 -26.613833 -264.924409 -1695.939571 -0.744763 -0.156922 -0.648617 -0.169384 0.984580 -0.043711 0.645474 0.077311 -0.759859
-32.230350 -43.155594 -384.727987 1454.362710 -0.594012 0.445283 -0.669980 0.752508 0.013137 -0.658452 -0.284396 -0.895294 -0.342882
-32.085262 -39.255920 257.198006 1466.316386 -0.271723 0.550280 -0.789530 0.941272 -0.018902 -0.337120 -0.200434 -0.834766 -0.512827
-32.175263 -42.569806 -406.927673 2477.767381 -0.553760 0.412507 -0.723317 0.823565 0.143177 -0.548855 -0.122844 -0.899633 -0.419012
-30.143730 -44.217430 -799.513437 1335.868332 -0.629511 0.302246 -0.715796 0.754114 0.015761 -0.656555 -0.187159 -0.953100 -0.237850
-29.759620 -43.131139 -926.880789 -1625.101569 -0.628586 0.303776 -0.715960 0.683871 -0.222541 -0.694835 -0.370405 -0.926388 -0.067857
7.617535 -23.300098 -5229.099315 85.982734 -0.366045 0.482632 -0.795662 0.568244 0.793015 0.219605 0.736960 -0.371744 -0.564532
21.100914 -23.506969 -4636.537789 484.810948 -0.361280 0.537604 -0.761878 0.585952 0.766481 0.262995 0.725352 -0.351409 -0.591925
15.155198 -24.407946 -3002.397771 273.674629 -0.380645 0.520679 -0.764201 0.644986 0.741693 0.184078 0.662648 -0.422831 -0.618152
2.513470 -23.397958 -1995.868442 201.750249 -0.421806 0.495250 -0.759478 0.553378 0.804155 0.217043 0.718229 -0.328728 -0.613258
26.531891 -24.342384 -1883.147117 498.790876 -0.476651 0.626653 -0.616530 0.667024 0.714629 0.210675 0.572611 -0.310822 -0.758621
24.114999 -24.948710 -3007.278497 47.679121 -0.417088 0.566135 -0.711006 0.739894 0.665820 0.096122 0.527820 -0.485978 -0.696586
-11.821152 -25.203491 285.199697 -1673.007006 -0.040347 -0.701369 0.711656 0.961677 -0.220574 -0.162864 0.271200 0.677812 0.683390
-12.896275 -25.207847 125.226202 -1680.726459 -0.009545 -0.655433 0.755193 0.952994 -0.234684 -0.191638 0.302838 0.717866 0.626864
-11.359050 -19.757047 -328.886917 -1936.486047 0.174500 -0.689134 0.703309 0.967708 -0.011930 -0.251790 0.181908 0.724536 0.664799
-11.561892 -28.527157 547.216389 -37.089567 -0.065382 -0.678336 0.731837 0.895908 -0.362857 -0.256290 0.439403 0.638901 0.631451
-10.658331 -18.036687 -250.546206 -1905.459175 0.167090 -0.726269 0.666794 0.975262 0.022478 -0.219905 0.144722 0.687043 0.712059
-10.469053 -23.676907 247.334992 -1035.555158 0.026573 -0.762771 0.646122 0.960916 -0.158683 -0.226850 0.275563 0.626897 0.728742
-10.135694 -27.491828 812.603111 -125.300607 -0.027202 -0.740519 0.671485 0.917115 -0.285731 -0.277954 0.397694 0.608268 0.686913
0.178752 -21.964746 -147.301396 -70.979761 -0.577146 -0.342608 -0.741297 0.397104 0.675453 -0.621347 0.713590 -0.652980 -0.253784
0.289732 -23.167558 -102.002078 -390.146379 -0.570591 -0.317861 -0.757226 0.310435 0.770159 -0.557212 0.760300 -0.553009 -0.340771
0.560143 -22.638631 35.095911 -134.551569 -0.597073 -0.333331 -0.729654 0.386670 0.677350 -0.625847 0.702845 -0.655811 -0.275538
0.085482 -23.219132 5.816267 238.076403 0.613633 0.362133 0.701651 0.449641 0.570203 -0.687526 0.649059 -0.737380 -0.187065
-0.123578 -22.616061 144.633283 284.731201 0.591821 0.369402 0.716443 0.466892 0.567438 -0.678252 0.657085 -0.735905 -0.163351
9.152864 -55.880497 260.820109 -1954.750862 0.798334 -0.182125 0.574016 -0.039584 0.935242 0.351788 -0.600913 -0.303566 0.739426
10.703266 -55.555733 285.086535 -1159.236335 0.768087 -0.271471 0.579954 0.056344 0.930827 0.361090 -0.637862 -0.244671 0.730252
5.339345 -54.360741 392.379635 1004.006154 0.798343 -0.204797 0.566309 0.142442 0.977930 0.152850 -0.585114 -0.041360 0.809895
3.656041 -51.425061 365.933699 514.645575 0.813138 -0.140454 0.564870 0.071805 0.987243 0.142113 -0.577625 -0.074997 0.812850
6.936692 -53.788963 808.437468 -698.417756 0.835397 -0.087098 0.542703 -0.095140 0.949548 0.298843 -0.541351 -0.301285 0.784963
-1.079031 -47.140023 -149.874399 1414.152918 0.613910 -0.367714 0.698499 0.691590 0.677139 -0.251368 -0.380549 0.637393 0.670010
-2.482916 -52.161971 -178.542698 759.446895 0.625378 -0.352970 0.695927 0.577431 0.809202 -0.108472 -0.524858 0.469686 0.709873
-2.024189 -48.029701 -55.083845 1793.202085 0.649473 -0.345783 0.677214 0.673324 0.675341 -0.300915 -0.353299 0.651420 0.671440
-0.685938 -50.982304 -305.615279 511.426864 0.592094 -0.378180 0.711621 0.591359 0.803795 -0.064868 -0.547466 0.459231 0.699563
-0.827566 -41.832341 -49.162111 1891.577830 0.626819 -0.367429 0.687091 0.752289 0.515000 -0.410896 -0.202877 0.774449 0.599224
0.139980 -42.402578 -114.487705 1563.085008 0.605883 -0.379892 0.698990 0.760433 0.534723 -0.368526 -0.233766 0.754820 0.612863
0.494222 -47.168102 -249.219644 1010.133463 0.589592 -0.383455 0.710875 0.694706 0.689718 -0.204139 -0.412025 0.614208 0.673041
4.083903 -28.231545 -2015.896342 -587.128137 -0.735546 -0.566046 0.372242 -0.584255 0.808150 0.074425 -0.342955 -0.162741 -0.925147
2.289997 -25.941299 -1753.682450 -437.023233 -0.708501 -0.596024 0.377866 -0.644375 0.764707 -0.002001 -0.287764 -0.244905 -0.925858
-2.685871 -26.780546 -1283.584270 -463.681815 -0.737265 -0.551295 0.390530 -0.570585 0.817619 0.077018 -0.361764 -0.166048 -0.917363
10.262510 -27.658909 -2592.546744 -137.880918 -0.714243 -0.599118 0.361821 -0.637534 0.770238 0.016886 -0.288805 -0.218612 -0.932095
2.962314 -30.347436 -1424.458347 -1195.266686 -0.762268 -0.511964 0.396031 -0.490794 0.856079 0.162019 -0.421981 -0.070868 -0.903831
10.627284 -29.347099 -2568.602799 -453.607856 -0.746319 -0.561265 0.357756 -0.568084 0.817231 0.097026 -0.346827 -0.130823 -0.928761
11.614683 -20.964352 678.155675 -324.646546 0.775037 -0.610336 0.163727 -0.358476 -0.211281 0.909316 0.520396 0.763446 0.382542
10.942274 -18.651111 397.226858 -738.071483 0.785859 -0.603385 0.135471 -0.278851 -0.150221 0.948512 0.551967 0.783173 0.286307
8.859954 -21.558874 1043.070414 -418.977393 0.745105 -0.650726 0.146201 -0.347279 -0.191391 0.918023 0.569400 0.734796 0.368590
8.578549 -21.952859 1150.171610 129.452394 0.737372 -0.654663 0.166432 -0.424929 -0.258029 0.867673 0.525089 0.710519 0.468449
11.717402 -20.958075 705.351066 126.298096 0.762498 -0.615315 0.199963 -0.441269 -0.268559 0.856246 0.473159 0.741123 0.476295
2.969143 -54.332500 40.920124 -505.076483 -0.701319 -0.313988 0.639971 0.707751 -0.199536 0.677698 -0.085091 0.928223 0.362164
2.801626 -59.542463 -119.489922 -762.661862 -0.683186 -0.315623 0.658512 0.728664 -0.353935 0.586327 0.048012 0.880405 0.471787
3.408915 -59.487499 -269.530273 46.913253 -0.697234 -0.309275 0.646695 0.710162 -0.175122 0.681911 -0.097647 0.934709 0.341736
-12.555258 -29.248181 -121.917470 533.346595 0.626106 0.354352 0.694569 -0.476876 -0.530744 0.700643 -0.616912 0.769900 0.163320
-9.044662 -31.858411 -690.458471 -257.762768 0.585709 0.372670 0.719765 0.615543 0.373210 -0.694133 -0.527306 0.849607 -0.010802
-12.229704 -29.243026 -861.513400 -499.555232 0.485413 0.334947 0.807579 0.554965 0.595705 -0.580645 -0.675565 0.730031 0.103279
-5.656381 -124.345505 283.451149 -9764.735296 0.353517 0.465006 -0.811662 0.610833 0.542398 0.576790 0.708455 -0.699695 -0.092294
-4.697395 -149.517725 536.486644 -13486.327473 0.350583 0.498669 -0.792730 0.695719 0.427974 0.576899 0.626950 -0.753768 -0.196893
-4.399494 -147.391269 822.083117 -5772.538751 0.332008 0.470708 -0.817438 0.366159 0.734327 0.571569 0.869309 -0.489078 0.071449
-3.986629 -172.930688 1246.152649 -16175.939863 0.311347 0.494417 -0.811551 0.558308 0.595901 0.577230 0.768997 -0.632814 -0.090505
-2.673629 -179.937207 1418.617037 1713.298172 0.305294 0.503826 -0.808057 0.152034 0.811895 0.563659 0.940043 -0.294933 0.171268
-2.560368 -160.520967 460.835420 8633.977187 0.344840 0.460443 -0.817972 -0.084709 0.883133 0.461411 0.934831 -0.089824 0.343543
9.675048 -63.437698 892.433947 -5128.344672 0.518558 0.500273 -0.693415 0.853781 -0.258921 0.451683 0.046425 -0.826249 -0.561389
7.130294 -72.469912 725.968179 -4659.079945 0.529229 0.495567 -0.688716 0.811961 -0.060227 0.580597 0.246245 -0.866479 -0.434255
6.429830 -65.448733 809.761233 -3614.351078 0.533810 0.536672 -0.653475 0.840251 -0.249822 0.481215 0.095002 -0.805960 -0.584297
4.116570 -63.572321 357.569612 -2854.898685 0.561774 0.534171 -0.631721 0.825516 -0.311966 0.470320 0.054156 -0.785709 -0.616221
6.493179 -56.318776 315.256113 231.714482 0.544643 0.525197 -0.653859 0.833732 -0.423525 0.354285 -0.090856 -0.738102 -0.668544
3.342181 -74.017349 243.961545 -4717.064915 0.557811 0.523714 -0.643871 0.800654 -0.135196 0.583673 0.218629 -0.841098 -0.494728
0.382397 -23.187955 630.279011 545.484145 0.815737 -0.523138 -0.246780 0.168870 -0.192665 0.966625 0.553224 0.830185 0.068822
-5.155151 -24.334920 -386.860593 61.290716 0.768752 -0.447846 -0.456568 0.366267 -0.276929 0.888346 0.524279 0.850143 0.048859
4.773024 -19.785577 1160.201404 1005.167250 0.793563 -0.524950 -0.307709 0.145356 -0.327512 0.933599 0.590872 0.785597 0.183597
-3.282200 -151.135724 650.371078 19453.377226 -0.428048 -0.458293 0.778937 0.625842 0.471476 0.621315 -0.651995 0.753444 0.085005
-5.245769 -137.102512 -439.791131 20725.168960 -0.501875 -0.425870 0.752832 0.520090 0.546871 0.656078 -0.691106 0.720810 -0.052970
-6.110497 -132.053132 509.644977 11131.823192 -0.454169 -0.454532 0.766245 0.354960 0.696535 0.623572 -0.817150 0.555194 -0.155004
-0.194776 -19.392010 -3024.920287 -134.998610 0.903288 -0.307297 -0.299398 0.344795 0.104666 0.932824 0.255317 0.945840 -0.200498
-6.233126 -21.116083 -2058.430060 -239.444205 0.879797 -0.347193 -0.324674 0.399235 0.168979 0.901142 0.258007 0.922444 -0.287279
0.918845 -19.926254 -3213.287338 -90.656844 0.929576 -0.296367 -0.219216 0.293072 0.233447 0.927152 0.223602 0.926104 -0.303863
-12.723105 -35.409348 -1802.631727 -308.191389 0.374167 -0.071447 0.924605 0.754396 -0.556405 -0.348282 0.539338 0.827834 -0.154289
-16.748942 -35.552330 -1674.529192 -686.814046 0.286714 -0.083069 0.954408 0.836180 -0.464498 -0.291626 0.467545 0.881670 -0.063718
-17.716537 -36.833680 -1543.448288 -354.017261 0.240367 -0.029245 0.970241 0.772345 -0.599690 -0.209416 0.587969 0.799698 -0.121559
-17.251531 -36.373610 -1411.732806 -165.588156 0.284180 -0.012265 0.958692 0.686362 -0.695567 -0.212353 0.669439 0.718356 -0.189248
-11.105248 -34.811265 -1371.888875 114.012062 0.418489 -0.083022 0.904419 0.647293 -0.671264 -0.361132 0.637086 0.736554 -0.227177
92.583189 -7134.811609 -34512.211972 322627.290707 0.529900 0.808225 -0.256863 0.687302 -0.231845 0.688377 0.496812 -0.541313 -0.678350
-556.168475 -2371.138812 -12402.831323 -649148.260367 -0.067106 0.961786 -0.265450 0.996586 0.051788 -0.064296 -0.048092 -0.268859 -0.961978
-589.610532 -4468.999681 -139802.636375 -412832.076831 0.424368 0.903405 0.061410 -0.675672 0.361082 -0.642719 0.602809 -0.231257 -0.763637
-230.508241 -920.115413 -86063.732897 -41947.997451 0.388740 0.903894 0.178484 -0.058823 0.217673 -0.974247 0.919468 -0.368230 -0.137788
-56.258304 -753.375532 -38613.387655 -108732.293823 0.468493 0.859413 0.204754 0.101348 0.177952 -0.978806 0.877635 -0.479315 0.003731
-5.251508 -359.142838 1952.245592 -49796.098133 0.378039 0.795269 -0.473956 0.766101 0.018706 0.642448 0.519785 -0.605969 -0.602184
-4.813415 -173.990619 1494.774156 -24799.351713 0.467020 0.792910 -0.391390 0.828188 -0.237138 0.507809 0.309833 -0.561301 -0.767427
20.759032 -934.993616 -1676.143896 -140363.518261 0.459920 0.752812 -0.470901 0.761712 -0.061927 0.644949 0.456364 -0.655316 -0.601908
1.131768 -171.046197 1592.816197 10030.990151 0.414917 0.775368 -0.476076 -0.397843 -0.315962 -0.861330 0.818270 -0.546784 -0.177377
3.593273 -205.884585 347.196071 5067.989642 0.517886 0.721534 -0.459546 -0.361165 -0.302553 -0.882055 0.775470 -0.622776 -0.103905
-18.883802 -27.054809 182.156566 1243.555644 0.675438 0.682830 -0.278436 0.500315 -0.146958 0.853281 -0.541727 0.715644 0.440891
-20.609253 -30.244962 -129.972907 518.514973 0.605299 0.697553 -0.383450 0.495301 0.047046 0.867446 -0.623129 0.714987 0.317022
-19.552996 -29.507441 -192.884478 488.894450 0.456355 0.787160 -0.414872 0.560548 0.107772 0.821079 -0.691032 0.607260 0.392059
-18.849248 -27.606729 -164.376355 913.456009 0.423705 0.784414 -0.452956 0.661905 0.073243 0.746001 -0.618350 0.615898 0.488174
-20.018709 -25.974718 -298.887537 261.950143 0.103481 0.756472 -0.645788 0.729179 0.383875 0.566513 -0.676453 0.529518 0.511880
-20.551077 -29.306294 83.724503 119.731866 0.371664 0.843912 -0.386884 0.527506 0.150954 0.836032 -0.763939 0.514807 0.389064
-19.699623 -30.986968 -373.458539 -242.018162 0.452828 0.804234 -0.384908 0.436957 0.176129 0.882070 -0.777184 0.567615 0.271659
2.408898 -13.252110 -1614.044663 -50.103416 0.819518 0.551570 0.155437 0.326986 -0.672842 0.663599 -0.470606 0.493006 0.731762
-1.787263 -15.199911 -954.909065 1185.118328 0.868711 0.230185 0.438583 -0.081369 -0.807109 0.584769 -0.488589 0.543682 0.682415
2.191931 -9.071682 -1358.873742 330.212313 0.844934 0.477304 0.241386 0.197390 -0.697699 0.688661 -0.497115 0.534226 0.683725
2.858115 -17.642614 -794.803681 -1196.341038 0.766650 0.641361 0.030052 0.454565 -0.575229 0.680061 -0.453451 0.507709 0.732539
28.582543 -15.692523 -2409.702442 -128.942259 0.657887 -0.724844 0.204415 0.743870 0.667817 -0.026023 -0.117649 0.169179 0.978538
35.921033 -16.992408 -3752.379753 -50.953997 0.689157 -0.684018 0.239127 0.721383 0.678771 -0.137393 -0.068334 0.267188 0.961219
33.349855 -18.185577 -1857.807991 0.968046 -0.641872 0.765676 0.041732 0.763226 0.643180 -0.061682 0.074070 0.007741 0.997223
27.159635 -15.741556 -4843.824838 297.474111 0.703640 -0.598755 0.382601 -0.681755 -0.720641 0.126039 -0.200251 0.349527 0.915276
25.054421 -18.033457 2486.089165 -112.717399 0.583946 -0.805211 -0.103162 0.811775 0.580031 0.067714 0.005313 -0.123285 0.992357
22.936831 -15.522905 919.211281 12.371564 -0.613585 0.777163 -0.139750 0.773040 0.627299 0.094364 -0.161002 0.050132 0.985680
22.008422 -14.127568 -3688.977899 -209.445906 0.652727 -0.677338 0.339353 0.718423 0.695576 0.006503 -0.240450 0.239554 0.940637
21.682372 -14.400363 -4300.756054 306.487920 0.703607 -0.607463 0.368681 -0.673225 -0.735894 0.072303 -0.227389 0.299078 0.926740
9.834072 -23.205922 -1274.419722 326.848580 -0.637302 0.731824 -0.241412 -0.176600 0.166237 0.970143 -0.750106 -0.660907 -0.023297
5.254685 -23.640782 -559.744963 303.068018 -0.637395 0.732100 -0.240326 -0.184996 0.157376 0.970056 -0.748000 -0.662769 -0.035125
7.980860 -23.838756 -1473.955448 300.081380 -0.639868 0.728055 -0.245978 -0.259850 0.096250 0.960840 -0.723219 -0.678729 -0.127598
11.915693 -23.268977 -1325.905800 279.179403 -0.613577 0.753426 -0.236373 -0.259073 0.090695 0.961590 -0.745925 -0.651248 -0.139544
11.176242 -23.964480 -1380.325902 29.724053 -0.619013 0.748886 -0.236628 -0.340156 0.015923 0.940234 -0.707896 -0.662508 -0.244881
7.490770 -24.201274 1319.293405 -3.256434 0.642188 -0.725313 0.248021 0.341943 -0.018521 -0.939538 -0.686053 -0.688170 -0.236122
-0.664281 -27.152757 256.903381 66.843561 0.708411 -0.703707 0.054309 -0.165440 -0.090757 0.982035 0.686136 0.704670 0.180715
-2.378002 -27.856688 241.827364 -8.487175 0.714808 -0.695764 0.070440 -0.201521 -0.108483 0.973458 0.669656 0.710030 0.217756
-0.936985 -27.390217 390.857323 -43.523894 0.699916 -0.711739 0.059544 -0.272055 -0.188592 0.943620 0.660382 0.676654 0.325631
0.094411 -27.541027 271.339418 93.500720 0.703863 -0.708712 0.048003 -0.263160 -0.197396 0.944342 0.659791 0.677320 0.325444
-1.197487 -27.841595 397.356076 -150.842272 0.702759 -0.710369 0.038804 -0.352383 -0.300187 0.886405 0.618027 0.636603 0.461281
5.333773 -45.742386 -45.076486 2584.531160 0.827764 -0.557949 -0.059162 -0.115954 -0.066947 -0.990996 -0.548965 -0.827170 0.120112
5.003860 -49.948694 197.806508 2671.316420 0.811308 -0.577237 -0.092613 -0.168777 -0.079592 -0.982436 -0.559727 -0.812689 0.161997
3.910088 -49.413483 38.381990 781.023760 0.812242 -0.574530 -0.100884 -0.290141 -0.247882 -0.924323 -0.506044 -0.780045 0.368035
3.980430 -45.750536 -244.930203 747.708693 0.828294 -0.557247 -0.058353 -0.232254 -0.246701 -0.940849 -0.509890 -0.792852 0.333764
6.160737 -41.256853 -194.300544 1939.823777 0.848673 -0.528827 -0.009748 -0.059738 -0.077524 -0.995199 -0.525533 -0.845181 0.097383
-2.674653 -62.928290 16.069091 1432.194190 0.831561 -0.555132 0.018284 -0.533726 -0.807743 -0.250376 -0.153761 -0.198444 0.967976
-2.987980 -60.248430 95.311402 1854.194607 0.853373 -0.521177 0.011379 -0.445556 -0.740535 -0.503078 -0.270620 -0.424243 0.864166
-2.230746 -63.912732 48.394657 1342.418451 0.844840 -0.535017 0.001025 -0.519428 -0.820680 -0.238074 -0.128215 -0.200602 0.971246
-0.331139 -35.431726 189.735343 -739.072459 0.746685 -0.654213 -0.120278 -0.213534 -0.407000 0.888118 0.629972 0.637461 0.443598
-1.176124 -35.259656 111.816929 -638.210226 0.757578 -0.641439 -0.120959 -0.241347 -0.447434 0.861136 0.606487 0.623185 0.493775
-0.174693 -38.398130 -245.024000 477.134580 -0.754631 0.640364 0.143061 0.320030 0.549546 -0.771739 0.572812 0.536594 0.619640
0.969629 -39.452313 -193.526523 574.141055 -0.754142 0.644288 0.127139 0.309408 0.519354 -0.796579 0.579256 0.561396 0.591014
5.793413 -50.437708 155.999261 6100.144388 0.804074 -0.584982 0.106118 0.563930 0.806967 0.175463 -0.188277 -0.081242 0.978750
3.500110 -62.341686 -227.781659 4119.191119 0.746952 -0.658995 0.088249 0.586844 0.715843 0.378394 -0.312532 -0.230854 0.921428
7.220774 -46.545946 843.714034 5311.509561 0.813612 -0.571211 0.108414 0.538507 0.810659 0.229873 -0.219193 -0.128646 0.967163
10.869521 -33.049110 1470.077150 4501.420116 0.880654 -0.456327 0.127331 0.447291 0.889438 0.093975 -0.156136 -0.025805 0.987398
3.185775 -53.402466 88.968682 -870.231937 0.798505 -0.591798 0.110292 -0.402669 -0.388886 0.828629 0.447490 0.706075 0.548826
5.288173 -55.773552 173.622266 -1855.918653 0.787404 -0.592162 0.171286 -0.358743 -0.214230 0.908520 0.501297 0.776820 0.381120
3.184650 -50.038994 210.453475 451.857796 0.761647 -0.630342 0.150209 -0.381869 -0.249344 0.889946 0.523516 0.735185 0.430620
12.601021 -46.286473 180.592389 -1791.044089 -0.666594 0.745082 0.022494 0.730586 0.647039 0.218137 0.147975 0.161842 -0.975659
9.804496 -46.805997 -941.991856 1182.203279 -0.668128 0.734117 -0.121149 -0.711083 -0.677935 -0.186455 0.219011 0.038429 -0.974965
10.452027 -53.650237 -211.701852 1878.578162 -0.687271 0.725850 -0.028293 -0.677251 -0.654366 -0.336358 0.262659 0.212008 -0.941309
9.883652 -54.305892 -391.288616 -2008.941135 0.701310 -0.709242 -0.071694 0.669008 0.620107 0.409751 0.246154 0.335326 -0.909376
9.275031 -59.364218 -143.241734 2923.561257 -0.691703 0.722062 -0.013163 -0.620127 -0.603198 -0.501591 0.370120 0.338790 -0.865005
-3.960146 -74.673528 -1463.565990 7088.046523 0.882956 -0.457607 -0.104807 -0.459306 -0.795893 -0.394452 -0.097090 -0.396422 0.912920
-7.116340 -73.628937 -812.290675 6812.333104 0.879135 -0.453525 -0.146410 -0.475855 -0.818508 -0.321880 -0.026143 -0.352646 0.935391
-5.878352 -94.786435 -2106.088807 6722.438944 0.895614 -0.438678 -0.073734 -0.443755 -0.892613 -0.079517 0.030933 -0.103936 0.994103
-1.603643 -98.298657 -1381.327520 6541.082083 0.885964 -0.458798 -0.067615 -0.463477 -0.870942 -0.163243 -0.016007 -0.175965 0.984266
-8.575055 -99.979178 -1925.883385 -2989.440776 0.900224 -0.427028 -0.085107 0.405453 0.893351 -0.193730 0.158759 0.139894 0.977356
-3.732031 -113.793212 -1925.847842 2184.748997 0.902634 -0.428031 -0.045189 -0.402241 -0.876255 0.265290 0.153150 0.221283 0.963109
-1.959814 -103.721796 -141.586915 -2422.058476 0.879992 -0.469730 -0.070477 -0.437650 -0.859506 0.264029 0.184598 0.201500 0.961936
-2.240545 -97.732349 -41.164119 -3307.193804 0.881526 -0.466370 -0.073559 -0.388981 -0.805703 0.446695 0.267591 0.365160 0.891657
-0.840489 -98.925135 -126.891627 -4233.787190 0.878634 -0.472373 -0.069760 -0.363202 -0.755993 0.544572 0.309980 0.453143 0.835808
-0.947910 -97.145756 -473.528070 -5135.912529 0.887951 -0.457910 -0.043139 -0.335358 -0.708773 0.620625 0.314766 0.536618 0.782920
-1.734002 -109.332162 -516.561062 -5285.446854 0.875768 -0.481389 -0.035982 -0.430021 -0.811839 0.394967 0.219344 0.330427 0.917990
-2.075221 -107.517679 -48.885872 2908.882841 0.869639 -0.489006 -0.067827 0.462809 0.855342 -0.232805 0.171858 0.171065 0.970155
-10.053306 -21.750673 -221.980073 -648.996859 -0.696453 0.643211 0.318170 -0.234803 -0.623233 0.745955 -0.678100 -0.444815 -0.585081
-10.601348 -22.500301 -260.359435 666.964771 -0.714431 0.539918 0.445059 0.170030 0.750961 -0.638081 -0.678733 -0.380191 -0.628312
-12.668069 -19.543768 -384.841627 648.729105 -0.763709 0.440868 0.471577 0.135857 0.823892 -0.550222 -0.631104 -0.356142 -0.689108
-13.193016 -16.365506 674.978669 -48.202436 -0.766769 0.162575 0.620994 -0.103365 0.923504 -0.369401 -0.633546 -0.347434 -0.691310
-12.846625 -17.772786 177.230258 -582.445861 -0.636979 0.760996 0.123057 -0.446726 -0.494491 0.745596 -0.628246 -0.419957 -0.654937
-11.335405 -20.591153 -139.820953 -1186.097304 -0.672798 0.715735 0.187259 -0.363838 -0.540488 0.758614 -0.644178 -0.442262 -0.624051
10.463951 -397.620463 -180.560262 -45059.425684 0.813648 -0.542353 -0.209355 0.581339 0.761901 0.285573 -0.004626 0.354062 -0.935210
2.263793 -259.835524 278.547086 -31867.469500 0.798275 -0.580622 -0.160107 0.601914 0.778499 0.177873 -0.021367 0.238362 -0.970941
0.027399 -389.060145 -836.966172 -44965.694294 0.822298 -0.559844 -0.101977 0.486421 0.598506 0.636541 0.295330 0.573031 -0.764471
1.925986 -574.733984 -4385.052894 49203.595246 0.763332 -0.595326 -0.250822 0.517712 0.331513 0.788717 0.386392 0.731906 -0.561261
3.979288 -246.752762 -59.910559 10131.496130 0.804546 -0.568270 -0.172556 0.541484 0.582568 0.606143 0.243928 0.581106 -0.776412
5.198437 -165.031722 366.606730 -9789.844567 0.805416 -0.564488 -0.180717 0.592704 0.765589 0.250151 0.002852 0.308588 -0.951192
6.716091 -252.227426 -226.518853 -35837.052467 -0.793316 0.576349 0.196141 0.569570 0.816404 -0.095263 -0.215035 0.036143 -0.975937
2.850243 -26.187065 -1440.150149 -93.881794 0.663287 -0.633453 0.398482 0.357237 -0.199880 -0.912376 -0.657596 -0.747519 -0.093715
-1.482634 -26.071155 -1478.418807 80.257935 0.673479 -0.636337 0.376167 0.366010 -0.155062 -0.917602 -0.642233 -0.755666 -0.128474
0.580499 -26.172202 -1982.244175 -322.448323 0.651622 -0.644320 0.400300 0.276692 -0.289462 -0.916326 -0.706279 -0.707858 0.010342
1.703721 -25.478838 -1409.393261 414.712188 0.680966 -0.630402 0.372663 0.442401 -0.051398 -0.895343 -0.583581 -0.774565 -0.243890
5.454418 -25.678977 -1178.470866 -428.672111 0.671521 -0.620587 0.404885 0.250546 -0.324066 -0.912254 -0.697342 -0.714040 0.062132
6.137159 -26.348358 -160.536472 -271.782212 0.692076 -0.597215 0.405420 0.330697 -0.236916 -0.913515 -0.641616 -0.766293 -0.033534
4.911229 -25.876884 -1035.929523 301.397687 0.669495 -0.627348 0.397758 0.438656 -0.098235 -0.893270 -0.599465 -0.772518 -0.209422
-1469.402574 -1550.560535 227330.626049 -188212.111769 0.020082 0.415669 -0.909294 -0.474211 0.804628 0.357349 0.880182 0.424021 0.213273
-450.395115 -957.658233 85246.775424 -171786.118067 0.274688 -0.457380 -0.845784 0.300939 0.876322 -0.376158 0.913226 -0.151204 0.378359
-195.687792 -1269.488773 32555.594525 -40401.788593 0.224917 -0.214839 -0.950398 -0.606779 0.732295 -0.309134 0.762386 0.646211 0.034346
-545.846714 -3877.967031 -90119.894971 -430789.136805 -0.279208 0.073134 0.957441 0.792966 -0.544752 0.272855 0.541523 0.835402 0.094107
-27.914605 -41.056810 113.562018 -851.297694 -0.797040 0.226663 -0.559778 -0.081308 0.878185 0.471360 0.598428 0.421207 -0.681519
-27.601936 -35.775305 986.702695 740.910017 0.111173 0.533012 -0.838772 0.991255 -0.119854 0.055220 -0.071097 -0.837576 -0.541675
-25.208083 -35.895720 1455.730795 -122.995190 0.277737 0.594729 -0.754427 0.944773 -0.311321 0.102391 -0.173974 -0.741200 -0.648349
7.053911 1.718249 1670.577162 240.749284 -0.387300 -0.433966 0.813432 -0.711832 0.701461 0.035304 -0.585912 -0.565354 -0.580587
6.166435 2.058953 1596.204488 -273.827873 -0.596770 -0.201617 0.776670 -0.553978 0.803750 -0.217013 -0.580495 -0.559765 -0.591346
0.447697 -2.742990 -373.669153 1147.499552 -0.310853 0.822946 -0.475532 -0.748985 0.095921 0.655607 -0.585143 -0.559963 -0.586557
4.342567 -0.585268 1462.992856 -465.237974 -0.688666 -0.045905 0.723624 -0.435679 0.823940 -0.362363 -0.579588 -0.564815 -0.587419
1.702736 -6.781821 -710.451572 1485.233710 0.012373 0.727632 -0.685856 -0.803411 0.415584 0.426404 -0.595296 -0.545748 -0.589729
0.252461 -9.041078 -163.792676 1345.402128 -0.245411 0.822167 -0.513628 -0.777443 0.149586 0.610906 -0.579099 -0.549240 -0.602478
-1.177769 -9.446011 -333.068490 1289.968604 -0.353302 0.828915 -0.433679 -0.741502 0.034524 0.670062 -0.570397 -0.558308 -0.602445
-2.108653 -7.335760 -501.014994 1032.468888 -0.498653 0.817042 -0.289462 -0.652097 -0.133595 0.746272 -0.571065 -0.560888 -0.599408
-1.414174 -3.385019 198.456018 -882.527229 -0.801782 0.531665 0.272906 0.153454 0.624505 -0.765798 -0.577579 -0.572124 -0.582302
-13.725943 -28.794809 157.396771 -884.856113 -0.100643 -0.595581 0.796966 0.893994 -0.405675 -0.190269 0.436630 0.693333 0.573274
0.745833 -23.733953 43.343350 -417.280724 -0.582440 -0.302840 -0.754355 0.310705 0.774604 -0.550864 0.751150 -0.555227 -0.357066
9.937888 -54.807675 331.851257 -517.942376 0.726439 -0.351993 0.590244 0.182528 0.926847 0.328081 -0.662548 -0.130595 0.737546
13.475924 -53.208959 121.855658 -1647.353461 0.712638 -0.369733 0.596192 0.048714 0.873872 0.483709 -0.699839 -0.315666 0.640766
9.784427 -53.434356 -161.363808 -820.383356 0.647972 -0.415199 0.638547 0.227948 0.905644 0.357560 -0.726754 -0.086133 0.681476
11.336295 -51.055061 -627.159171 -1191.918441 0.620497 -0.447270 0.644152 0.101887 0.860422 0.499292 -0.777562 -0.244179 0.579461
15.695083 -50.417348 -365.022726 -1621.102858 0.695298 -0.386810 0.605754 -0.074946 0.799207 0.596365 -0.714803 -0.460051 0.526697
-3.291731 -53.714385 -66.262395 896.061774 0.662616 -0.328015 0.673310 0.554192 0.819453 -0.146179 -0.503797 0.470004 0.724765
-2.140872 -52.815413 -306.020096 -196.749214 0.599455 -0.367642 0.710980 0.443944 0.891835 0.086854 -0.666008 0.263571 0.697827
9.204582 -25.706583 2142.697444 -116.829929 0.693276 0.613541 -0.378069 -0.679537 0.731230 -0.059427 -0.239995 -0.298111 -0.923868
11.535872 -14.987990 202.628691 -992.230044 0.799853 -0.591489 0.101863 -0.198224 -0.100138 0.975028 0.566518 0.800071 0.197343
10.593750 -15.164455 -663.560824 -684.587103 0.831831 -0.541316 0.122619 -0.224029 -0.125332 0.966490 0.507808 0.831426 0.225526
9.886474 -18.626552 901.873420 -875.860851 0.754847 -0.643915 0.124817 -0.265825 -0.126366 0.955703 0.599619 0.754589 0.266556
11.481113 -12.173483 -910.293890 -781.707838 0.843906 -0.527819 0.096074 -0.156099 -0.070246 0.985240 0.513280 0.846447 0.141673
11.092801 -14.351886 834.051016 -1111.523359 0.762655 -0.637620 0.108614 -0.198195 -0.070530 0.977622 0.615691 0.767115 0.180163
12.020785 -11.571300 47.267479 -811.446630 0.803902 -0.586498 0.098799 -0.157098 -0.049173 0.986358 0.573639 0.808457 0.131668
8.050666 -94.390838 -751.915171 6495.776169 0.599409 0.449285 -0.662460 -0.494644 -0.442767 -0.747853 0.629314 -0.775951 0.043163
5.608126 -76.328686 -675.758512 -5334.393331 0.596522 0.433893 -0.675202 0.648864 0.234421 0.723894 0.472374 -0.869933 -0.141700
3.292277 -84.065927 -209.729171 -5974.086252 0.611800 0.433750 -0.661484 0.612804 0.268878 0.743086 0.500172 -0.859980 -0.101304
2.164280 -60.743820 -589.044344 -3680.817935 0.598624 0.409807 -0.688264 0.740267 0.045238 0.670789 0.306030 -0.911050 -0.276286
2.465023 -97.937157 -97.711899 3644.298660 0.608398 0.467270 -0.641491 -0.395398 -0.522374 -0.755504 0.688122 -0.713292 0.133054
-0.638687 -83.677704 -14.970054 4804.597937 0.627909 0.451336 -0.634055 -0.594505 -0.247630 -0.765012 0.502289 -0.857307 -0.112832
0.639684 -61.775408 -38.921250 -3332.273365 0.625573 0.434442 -0.648011 0.682351 0.098001 0.724426 0.378227 -0.895352 -0.235135
-6.016201 -107.047017 39.441662 -8937.973161 0.394170 0.484102 -0.781201 0.778734 0.275477 0.563635 0.488060 -0.830516 -0.268402
-3.417377 -164.670441 1375.390142 -14902.682238 0.322444 0.520777 -0.790456 0.790904 0.310597 0.527258 0.520097 -0.795186 -0.311735
-5.989319 -123.205147 852.200907 -10176.300425 0.379319 0.517203 -0.767215 0.854442 0.122362 0.504932 0.355030 -0.847071 -0.395506
-1.852342 -22.358113 294.761179 487.552762 0.726400 -0.423649 -0.541170 0.374948 -0.415627 0.828654 0.575984 0.804845 0.143065
-7.409422 -24.871642 136.431187 -68.845985 0.705356 -0.407500 -0.580015 0.494444 -0.303480 0.814509 0.507935 0.861303 0.012575
-9.798146 -24.585007 -135.890400 -276.950629 0.768264 -0.455250 -0.450020 0.435176 -0.144137 0.888733 0.469460 0.878619 -0.087378
1.936716 -187.496895 -1752.317388 20038.317823 0.794652 0.080760 -0.601670 -0.466038 0.716281 -0.519374 -0.389021 -0.693122 -0.606831
-6.071522 -619.194891 878.515766 113331.728297 0.708933 0.224670 -0.668534 -0.622241 0.645472 -0.442924 -0.332008 -0.729993 -0.597395
-7.505612 -654.257240 -2264.513231 114977.958261 0.742509 0.077130 -0.665380 -0.650784 0.318296 -0.689324 -0.158620 -0.944848 -0.286533
-5.797810 -20.736952 -1647.105916 -201.322278 0.843851 -0.348205 -0.408251 0.444568 0.027667 0.895318 0.300459 0.937010 -0.178148
-11.310927 -23.034996 -550.358053 -117.373859 0.787374 -0.418083 -0.453043 0.522016 0.061239 0.850734 0.327934 0.906342 -0.266464
-2.208796 -18.468980 -2137.472867 -426.792592 0.867415 -0.314913 -0.385255 0.400122 -0.018816 0.916269 0.295794 0.948934 -0.109683
-5.464869 -20.409387 -1254.536790 -317.783731 0.788904 -0.331251 -0.517593 0.509474 -0.118399 0.852302 0.343609 0.936084 -0.075359
-9.959791 -23.301071 -294.031616 11.959362 0.734280 -0.394860 -0.552194 0.564305 -0.097122 0.819834 0.377350 0.913593 -0.151507
-24.952435 -39.730646 -1413.228990 -1005.439471 -0.001917 -0.024747 0.999692 0.853659 -0.520711 -0.011253 0.520829 0.853374 0.022123
-23.124823 -39.448943 -979.916133 -708.970667 0.037775 0.008641 0.999249 0.794398 -0.606892 -0.024783 0.606222 0.794737 -0.029790
-11.296439 -25.702058 93.497980 -1208.324952 0.253941 0.393779 -0.883432 -0.700037 0.705099 0.113065 0.667430 0.589723 0.454714
-8.484971 -18.395949 343.829062 -1933.040566 0.309430 0.276295 -0.909898 -0.605287 0.795210 0.035629 0.733404 0.539724 0.413299
-10.774507 -24.527818 -412.514511 113.002253 -0.339915 -0.216081 0.915296 0.682178 -0.726596 0.081808 0.647373 0.652202 0.394387
-380.097945 -1999.567985 -82349.933599 -125893.998225 0.532235 0.833630 0.147605 -0.837969 0.543570 -0.048367 0.120554 0.097946 -0.987863
-9.652715 -109.292630 1626.561289 -16401.745495 0.441330 0.789123 -0.427216 0.829208 -0.176660 0.530288 0.342990 -0.588282 -0.732312
-3.545240 -29.314895 -146.951909 -1714.802394 0.893512 0.414216 0.173385 -0.227761 0.750826 -0.619988 0.386991 -0.514477 -0.765214
4.071507 -43.840014 714.789013 2640.442632 0.784007 0.612284 -0.102178 -0.561623 0.629540 -0.536897 0.264409 -0.478317 -0.837437
-20.215893 -29.222025 419.115821 850.763055 0.714310 0.624924 -0.315010 0.454880 -0.072528 0.887594 -0.531832 0.777309 0.336073
-20.639282 -29.056491 549.279018 311.571877 0.764976 0.589062 -0.260420 0.347276 -0.036724 0.937044 -0.542413 0.807253 0.232660
-21.426753 -30.471467 -85.524565 -49.227219 0.645095 0.661338 -0.382732 0.399177 0.135425 0.906818 -0.651544 0.737762 0.176629
6.455734 -43.405592 -1291.417690 -5572.590611 0.881807 0.387114 0.269369 0.132943 -0.752043 0.645568 -0.452485 0.533455 0.714621
-5.374811 -74.532719 722.751783 -13238.408489 0.914359 -0.109483 0.389822 -0.307260 -0.814625 0.491912 -0.263703 0.569561 0.778499
0.714306 -29.256292 -107.033975 -1944.032543 0.932259 0.239686 0.271006 0.068927 -0.853010 0.517322 -0.355165 0.463599 0.811747
-0.796462 -23.024044 -937.673702 -856.624146 0.869955 0.427708 0.245447 0.214515 -0.776401 0.592609 -0.444028 0.462891 0.767184
6.896555 -21.291243 -1474.731481 -1665.009567 0.834638 0.531728 0.143683 0.332757 -0.694652 0.637755 -0.438921 0.484483 0.756720
39.215857 -19.469102 -1809.931531 -86.965751 -0.677266 0.735559 0.016248 0.721483 0.668308 -0.181182 0.144129 0.110986 0.983315
40.792380 -17.921606 -5443.243786 91.105967 0.703483 -0.640201 0.308633 0.707156 0.673903 -0.213975 -0.071002 0.368780 0.926801
30.679943 -17.252318 -5684.163754 53.448102 0.714208 -0.560988 0.418567 -0.675947 -0.708024 0.204444 -0.181665 0.428945 0.884875
6.411205 -23.529074 -66.486087 -27.035819 -0.635639 0.737584 -0.227888 -0.095270 0.217992 0.971289 -0.766085 -0.639100 0.068295
-2.333587 -27.919272 246.800246 -55.111966 0.719999 -0.692858 0.039349 -0.065789 -0.011701 0.997765 0.690849 0.720979 0.054007
-4.059475 -29.004409 270.861247 -82.889112 0.726407 -0.685302 0.051915 -0.105887 -0.036960 0.993691 0.679059 0.727321 0.099413
5.178669 -52.652221 107.366519 1887.570144 0.787852 -0.606857 -0.104948 -0.218997 -0.116787 -0.968711 -0.575612 -0.786184 0.224911
5.825447 -47.364855 -2.954583 2781.628556 0.785139 -0.614974 -0.073234 -0.053116 0.050948 -0.997288 -0.617037 -0.786900 -0.007337
4.418765 -51.444085 303.614817 11.029446 0.805556 -0.579447 -0.123773 -0.339331 -0.279913 -0.898055 -0.485730 -0.765434 0.422110
5.402121 -51.285877 -244.020185 2128.714392 0.754766 -0.649324 -0.093305 -0.104205 0.021753 -0.994318 -0.647664 -0.760201 0.051244
5.127562 -51.651732 173.161372 -977.266338 0.789747 -0.601721 -0.119300 -0.375939 -0.321072 -0.869243 -0.484738 -0.731331 0.479776
5.187305 -53.574940 -147.059896 457.572958 0.764507 -0.636585 -0.101437 -0.264031 -0.165681 -0.950177 -0.588062 -0.753200 0.294743
-0.824632 -56.498804 -52.406918 -2703.641353 0.798433 -0.600179 0.047851 -0.564911 -0.719274 0.404376 0.208281 0.349899 0.913340
-1.156926 -57.000129 20.214598 -2730.654377 0.812376 -0.582598 0.024984 -0.542409 -0.739217 0.399187 0.214097 0.337842 0.916529
0.253833 -46.976165 -65.150273 -2409.091421 0.799330 -0.599440 0.041747 -0.498056 -0.622064 0.604133 0.336172 0.503694 0.795789
1.181258 -46.898289 -193.492283 -2159.819878 0.787123 -0.613617 0.062533 -0.519946 -0.605572 0.602444 0.331802 0.506711 0.795708
0.205087 -56.290831 -199.789599 -2686.038571 0.781576 -0.620090 0.068027 -0.589237 -0.698055 0.406839 0.204790 0.358060 0.910963
-0.921104 -32.247909 14.030407 -726.281758 0.756762 -0.647368 -0.090701 -0.151318 -0.308467 0.939122 0.635936 0.696967 0.331395
-1.563135 -34.545319 65.924974 -711.771568 0.760437 -0.640962 -0.104420 -0.244187 -0.431206 0.868582 0.601754 0.635004 0.484419
3.834639 -69.465446 -371.604762 5967.389564 0.745809 -0.662642 0.068371 0.616880 0.725732 0.304585 -0.251450 -0.184986 0.950028
2.720868 -64.966985 265.128710 -1348.420712 -0.709345 0.702509 -0.057537 0.521184 0.577706 0.628190 -0.474549 -0.415616 0.775929
3.485350 -60.179704 -480.375021 1876.533367 -0.743104 0.666661 -0.057962 0.557233 0.664428 0.498022 -0.370524 -0.337784 0.865225
3.128825 -70.949925 514.867109 52.045977 -0.715449 0.696394 -0.056278 0.556236 0.616490 0.557262 -0.422769 -0.367389 0.828427
5.316054 -61.016392 147.528965 -1926.752832 0.817493 -0.561141 0.129714 -0.386490 -0.367514 0.845907 0.427002 0.741656 0.517316
8.055549 -70.454580 460.997184 -5461.970605 0.809453 -0.563354 0.165584 -0.343263 -0.225203 0.911841 0.476399 0.794931 0.375670
4.765617 -64.729065 159.676148 -1355.661228 0.841272 -0.534650 0.080064 -0.408438 -0.531557 0.742042 0.354174 0.656960 0.665555
7.613862 -71.764426 516.367558 -2702.928761 0.828273 -0.549034 0.111921 -0.388289 -0.418395 0.821083 0.403975 0.723538 0.559729
0.638434 -35.394646 406.117343 1344.725507 0.903083 -0.409883 0.128205 0.381773 0.629466 -0.676774 -0.196698 -0.660128 -0.724942
-0.946671 -34.248469 346.536726 1175.854041 0.900434 -0.416419 0.125754 0.388799 0.640803 -0.661972 -0.195074 -0.644955 -0.738904
0.642090 -30.961548 374.667428 1237.735976 0.898224 -0.417410 0.137705 0.418234 0.715306 -0.559838 -0.135181 -0.560452 -0.817080
-3.239725 -58.157130 1383.716879 2168.234035 0.832314 -0.506952 -0.224173 -0.549675 -0.702695 -0.451749 -0.071490 -0.499219 0.863522
-6.305342 -61.959300 1551.957953 4310.705063 0.849290 -0.477090 -0.226035 -0.527861 -0.774188 -0.349280 0.008356 -0.415955 0.909347
-3.843980 -59.543201 -383.258275 2981.872193 0.860515 -0.482982 -0.161994 -0.491365 -0.703006 -0.514142 -0.134439 -0.522026 0.842268
-9.336993 -24.629116 260.093927 -113.813007 -0.671621 0.617074 0.410055 0.144158 0.651721 -0.744633 -0.726735 -0.440998 -0.526665
-9.997897 -24.326072 286.522378 391.774622 -0.676180 0.528408 0.513386 0.131209 0.772070 -0.621845 -0.724958 -0.353119 -0.591390
-1.806171 -337.044449 692.994804 -44655.978835 0.789818 -0.575683 -0.211602 0.613222 0.734392 0.290909 0.012072 0.359524 -0.933058
-4.294095 -350.011209 253.361031 -54797.897313 -0.798388 0.566533 0.204003 0.541221 0.823668 -0.169263 -0.263924 -0.024727 -0.964227
-42.313007 -1302.076699 1860.124673 -304427.844976 -0.861604 0.455760 0.223433 0.452825 0.889055 -0.067312 -0.229322 0.043179 -0.972392
4.148696 -277.991585 -460.596379 -28730.825998 -0.770946 0.612172 0.175749 0.450196 0.718980 -0.529520 -0.450517 -0.329110 -0.829892
-2.261776 -219.682436 -751.251085 -9133.133521 -0.826979 0.519660 0.214613 0.386647 0.802774 -0.453936 -0.408178 -0.292416 -0.864802
-1.311333 -83.993902 -1157.375352 -2219.945982 -0.772883 0.587547 0.239666 0.518185 0.802399 -0.296039 -0.366245 -0.104613 -0.924619
-3.333750 -67.349762 -1082.935959 978.137349 -0.836475 0.471517 0.279250 0.346358 0.849782 -0.397374 -0.424671 -0.235673 -0.874136
-6.105301 -70.436762 -2238.387328 -264.200238 -0.741697 0.633553 0.220219 0.604736 0.773667 -0.189033 -0.290138 -0.007031 -0.956959
-1.956811 -24.999292 -603.438439 555.210297 0.721676 -0.619232 0.309412 0.407625 0.018884 -0.912954 -0.559488 -0.784981 -0.266043
0.077782 -10.216551 -116.149780 -421.857341 -0.455228 0.875899 -0.159901 -0.683187 -0.228450 0.693590 -0.570985 -0.424984 -0.702399
0.323690 -9.697818 43.867479 -401.946515 -0.437562 0.883912 -0.165045 -0.697829 -0.218052 0.682267 -0.567076 -0.413708 -0.712230
-0.256596 -13.336678 259.263811 -538.064080 -0.445268 0.881860 -0.155113 -0.649069 -0.198559 0.734359 -0.616803 -0.427666 -0.660800
2.093923 -14.363738 277.630268 -559.959256 -0.474229 0.867970 -0.147425 -0.629112 -0.216944 0.746427 -0.615894 -0.446725 -0.648932
0.905628 -16.987567 612.703251 -551.383046 -0.433558 0.884068 -0.174501 -0.592234 -0.133594 0.794614 -0.679181 -0.447857 -0.581497
-507.012131 -3986.371284 -143142.386072 3192798.490070 0.525962 0.085853 -0.846164 -0.472894 0.856448 -0.207047 0.706920 0.509045 0.491058
-361.075367 -479.166042 -105719.106877 13981.707278 0.097130 0.645050 0.757942 0.731398 0.470221 -0.493912 0.674998 -0.602331 0.426116
-306.961514 -1347.872525 51045.057874 -337043.978965 0.340417 -0.178951 -0.923089 0.543861 0.838312 0.038050 0.767027 -0.514985 0.382700
-435.120636 -880.208857 92470.870353 26807.004017 0.036056 -0.730908 -0.681522 0.840161 0.391447 -0.375364 0.541137 -0.559055 0.628195
-0.953469 -73.487771 -924.699212 -6982.754039 -0.151061 -0.037910 0.987797 0.164985 0.984282 0.063006 -0.974659 0.172490 -0.142432
-2.371677 -39.768252 -542.762174 -204.188362 -0.198752 -0.257080 0.945731 0.071559 0.958600 0.275617 -0.977434 0.122454 -0.172127
-4.394449 -47.636703 -554.498325 -4805.012557 -0.129527 -0.092606 0.987242 0.182663 0.976362 0.115551 -0.974606 0.195299 -0.109549
