13592
27172
-56.418792 -78.214179 -3139.765249 -12673.681964 0.168172 0.015844 0.985630 0.966263 0.195218 -0.168006 -0.195074 0.980632 0.017521
-64.963179 -94.693622 959.446343 -12933.362299 0.121551 -0.041803 0.991705 0.990378 0.071699 -0.118366 -0.066156 0.996550 0.050116
-65.916857 -107.356491 -6286.937042 -17438.642630 0.479925 0.061089 0.875180 0.875932 0.022520 -0.481909 -0.049148 0.997878 -0.042702
-57.832223 -85.581485 702.261817 -9973.393270 -0.178758 -0.146530 0.972921 0.978869 0.073320 0.190894 -0.099306 0.986485 0.130327
-41.878295 -105.775898 -10844.947995 -24827.098668 0.487085 0.156677 0.859186 0.852690 0.127423 -0.506639 -0.188859 0.979396 -0.071531
-41.940787 -71.023207 -9752.945369 -16068.901516 0.310662 0.142064 0.939844 0.905138 0.257659 -0.338137 -0.290196 0.955735 -0.048543
-43.750306 -58.022498 -1401.344637 -7677.248811 -0.307063 -0.107847 0.945559 0.899201 0.292524 0.325373 -0.311689 0.950157 0.007153
-50.285255 -67.860908 2827.902308 -6330.563288 -0.472198 -0.214472 0.855004 0.847622 0.155816 0.507206 -0.242005 0.964222 0.108215
-55.983336 -90.985433 1176.281709 -1225.211499 0.796605 0.549929 -0.250995 0.594820 -0.639080 0.487612 -0.107746 0.537731 0.836203
-51.965177 -85.554491 -1242.968339 59.278257 0.842898 0.517019 -0.149045 0.487627 -0.616883 0.617798 -0.227470 0.593420 0.772082
-52.553664 -86.320207 -654.791304 -1908.800078 0.800951 0.577503 -0.158012 0.571418 -0.658514 0.489735 -0.178770 0.482545 0.857433
-57.475993 -96.376509 4091.453738 6693.525831 -0.046233 -0.235315 -0.970819 0.735228 -0.665930 0.126400 -0.676241 -0.707929 0.203798
-52.119095 -94.037935 -232.795693 5681.134828 0.047678 -0.206499 -0.977285 0.739958 -0.649912 0.173425 -0.670961 -0.731418 0.121814
-55.390542 -88.389650 1852.041161 3797.526075 -0.009049 -0.220407 -0.975366 0.829681 -0.546115 0.115710 -0.558165 -0.808195 0.187809
-19.743315 -49.814674 -4508.230133 -1569.435779 0.504945 -0.805094 -0.311215 0.648369 0.115775 0.752472 -0.569780 -0.581739 0.580458
-7.796601 -49.999928 4794.918064 -994.096228 -0.543590 0.799943 0.254167 0.566355 0.126079 0.814460 -0.619477 -0.586681 0.521588
-14.424041 -48.810565 3559.250039 -666.175440 -0.394528 0.801663 0.449093 0.675340 -0.078448 0.733322 -0.623107 -0.592607 0.510445
-11.927155 -53.593961 6444.591906 -2126.827006 -0.616143 0.776667 0.130979 0.547420 0.302704 0.780193 -0.566303 -0.552411 0.611672
-24.857191 -48.754324 -385.402834 -301.900972 0.316354 -0.772276 -0.550918 0.783495 -0.114717 0.610718 -0.534842 -0.624844 0.568782
-28.559061 -46.461923 -1584.859664 606.410011 0.449802 -0.789525 -0.417527 0.744869 0.073676 0.663130 -0.492796 -0.609280 0.621233
-24.063086 -50.507351 -4716.277402 1850.718439 0.648250 -0.747573 -0.144591 -0.580932 -0.362825 -0.728612 -0.492230 -0.556321 0.669490
-10.789193 -55.006819 -420.233262 1923.295710 0.217737 0.264126 0.939589 0.568358 0.748306 -0.342064 -0.793448 0.608503 0.012815
-9.014798 -55.321469 -29.852943 -408.473901 0.212666 0.285342 0.934534 0.522395 0.775052 -0.355526 -0.825758 0.563804 0.015766
-10.768571 -58.210297 -642.319001 -6994.925026 0.233916 0.281516 0.930608 0.443703 0.820767 -0.359817 -0.865107 0.497081 0.067081
-8.163532 -55.468936 -693.424043 7565.157443 0.214564 0.308501 0.926709 0.644325 0.668357 -0.371678 -0.734035 0.676850 -0.055370
-11.531195 -58.446382 -573.254948 -3909.846500 0.255898 0.271654 0.927750 0.483117 0.795326 -0.366135 -0.837326 0.541905 0.072281
-11.809095 -55.884873 -610.902140 2254.880362 0.229801 0.241969 0.942678 0.604802 0.723362 -0.333110 -0.762500 0.646682 0.019886
-10.788282 -56.106031 -593.887997 8115.349897 0.219516 0.280095 0.934537 0.668329 0.654665 -0.353199 -0.710738 0.702111 -0.043486
-15.904027 -52.310420 -2907.224883 4839.697848 -0.000709 0.300268 0.953855 0.970861 -0.228377 0.072613 0.239642 0.926112 -0.291356
-13.529968 -58.782054 -2361.758113 655.491062 -0.019975 0.282819 0.958965 0.995725 -0.080891 0.044597 0.090185 0.955756 -0.279994
-16.250397 -56.824165 -1273.320104 2338.535688 -0.040119 0.264318 0.963601 0.980467 -0.175427 0.088941 0.192550 0.948347 -0.252117
-17.745202 -48.623227 -2666.197785 6420.379807 -0.001977 0.272669 0.962106 0.953381 -0.289814 0.084095 0.301762 0.917420 -0.259385
-11.853411 -47.822046 3324.662064 5309.727420 0.021308 0.213183 0.976780 0.955913 -0.290551 0.042560 0.292877 0.932809 -0.209975
1.730692 -54.485333 9601.285129 2115.259372 -0.026049 0.197326 0.979992 0.981597 -0.180472 0.062431 0.189181 0.963583 -0.188994
7.748564 -94.683714 2836.550008 1814.851328 -0.407170 -0.219810 -0.886508 0.837433 0.297590 -0.458417 0.364581 -0.929044 0.062907
6.465373 -97.969568 572.742601 525.524324 -0.372946 -0.240715 -0.896085 0.873755 0.233832 -0.426467 0.312190 -0.942008 0.123119
8.420771 -96.652048 268.762747 1552.776837 -0.406198 -0.247499 -0.879629 0.790598 0.387514 -0.474118 0.458213 -0.888019 0.038264
7.209384 -101.783429 -1950.184124 1839.033196 -0.366152 -0.280941 -0.887133 0.828568 0.335508 -0.448230 0.423566 -0.899170 0.109932
27.862494 -143.317953 -4778.784645 -4245.698349 0.554918 0.503244 0.662429 0.731299 0.084496 -0.676802 -0.396569 0.860003 -0.321134
24.169127 -131.457994 -5835.177048 -9116.116439 0.526125 0.484665 0.698779 0.646395 0.306029 -0.698942 -0.552599 0.819418 -0.152275
23.738947 -126.920706 -10285.185750 -12012.128282 0.534157 0.527298 0.660782 0.623900 0.281558 -0.729023 -0.570460 0.801675 -0.178585
24.239915 -145.896195 -10454.411557 -979.502308 0.559823 0.560637 0.610152 0.764489 -0.065433 -0.641307 -0.319616 0.825473 -0.465231
37.142099 -146.189603 -2883.288761 5049.971754 0.556450 0.495051 0.667299 0.816203 -0.175391 -0.550501 -0.155488 0.850977 -0.501658
-2.677361 -70.102959 -588.851521 3171.041827 -0.496973 -0.490878 -0.715581 -0.324625 0.869918 -0.371297 0.804759 0.047771 -0.591677
-1.417145 -74.211899 -276.079484 6046.055995 -0.486649 -0.490726 -0.722745 -0.248467 0.870902 -0.424020 0.837518 -0.026770 -0.545753
-0.745152 -79.784366 242.163218 9284.564807 -0.489356 -0.496317 -0.717077 -0.217523 0.865734 -0.450764 0.844520 -0.064603 -0.531613
-2.668399 -68.498901 656.835324 7596.085557 -0.491429 -0.522082 -0.697085 -0.310813 0.852831 -0.419612 0.813568 0.010454 -0.581376
-4.142309 -64.097423 -292.679061 -1289.512933 -0.498303 -0.501449 -0.707279 -0.365643 0.861224 -0.352985 0.786129 0.082717 -0.612502
-3.190108 -71.214082 -2883.993081 -4263.505668 -0.498625 -0.459990 -0.734699 -0.397470 0.874555 -0.277798 0.770318 0.153504 -0.618907
-15.139397 -73.779006 -498.859487 3243.423667 -0.437412 -0.295054 -0.849479 -0.414981 0.904273 -0.100405 0.797786 0.308599 -0.517981
-13.393358 -75.607879 -2023.619558 223.238537 -0.426211 -0.300987 -0.853083 -0.267384 0.942806 -0.199055 0.864205 0.143261 -0.482314
-15.609374 -74.477958 776.655249 2122.819918 -0.456087 -0.335173 -0.824405 -0.363440 0.915744 -0.171242 0.812340 0.221520 -0.539474
9.106571 -73.639566 -11317.512559 566.218116 -0.431859 -0.171350 -0.885515 -0.247416 0.966633 -0.066384 0.867343 0.190422 -0.459844
-15.127253 -70.765056 1001.652654 4848.647294 -0.463129 -0.320491 -0.826316 -0.466910 0.880689 -0.079889 0.753331 0.348816 -0.557513
-15.984005 -66.836282 1833.740822 3720.187314 -0.463561 -0.302932 -0.832672 -0.535854 0.844265 -0.008832 0.705671 0.442096 -0.553696
-15.692959 -72.718472 -630.702804 2263.673363 -0.426337 -0.272184 -0.862643 -0.437150 0.896894 -0.066941 0.791919 0.348565 -0.501365
-19.859158 -68.798601 2477.587458 3468.571162 -0.427425 -0.313604 -0.847915 -0.546686 0.836653 -0.033860 0.720030 0.449070 -0.529050
-11.079452 -51.718724 -1163.675502 1423.874802 0.376933 0.300694 0.876073 0.675655 0.557714 -0.482126 -0.633571 0.773652 0.007055
-9.762142 -50.335372 557.831072 4127.425002 0.353545 0.282311 0.891800 0.684462 0.571750 -0.452343 -0.637587 0.770326 0.008908
-12.312578 -52.573238 95.376055 4070.018298 0.383687 0.289554 0.876894 0.616237 0.626939 -0.476654 -0.687776 0.723261 0.062115
87.069135 -114.960400 -2360.633907 -29436.677911 0.848783 -0.238967 -0.471658 0.495441 0.671019 0.551608 -0.184676 0.701874 -0.687944
65.531579 -124.710270 -7066.797812 -15920.681671 0.769178 -0.191102 -0.609791 0.603142 0.532405 0.593940 -0.211153 0.824636 -0.524776
87.696353 -108.632264 -10624.573220 -34045.046388 0.753511 -0.173887 -0.634023 0.549864 0.695322 0.462793 -0.360376 0.697346 -0.619547
-6.067023 -144.908863 -1695.398697 -14745.875022 0.346593 0.365078 0.864055 0.616638 0.605460 -0.503165 -0.706845 0.707203 -0.015272
-6.219416 -160.191783 -2.657584 -12408.465687 0.375828 0.359936 0.853932 0.769494 0.392252 -0.504002 -0.516365 0.846513 -0.129549
-4.272473 -153.562889 -2183.570378 -13298.135060 0.357015 0.380939 0.852892 0.727916 0.458747 -0.509598 -0.585388 0.802768 -0.113512
-3.548564 -133.067178 -3167.794470 -4607.228199 -0.392292 -0.443643 -0.805784 0.350696 0.737703 -0.576894 0.850364 -0.508896 -0.133811
-7.583156 -128.807500 -2628.820375 -4556.180865 -0.396189 -0.440890 -0.805388 0.508921 0.624647 -0.592297 0.764221 -0.644541 -0.023100
-10.861835 -130.978130 -547.090631 -2886.171446 -0.400811 -0.386518 -0.830635 0.478678 0.684703 -0.549590 0.781165 -0.617888 -0.089419
-7.060787 -134.543118 -1945.165196 -3928.799711 -0.385668 -0.391905 -0.835267 0.304564 0.800480 -0.516209 0.870920 -0.453478 -0.189360
-12.244236 -139.398435 528.567728 -4660.083572 -0.402848 -0.336019 -0.851355 0.450589 0.736833 -0.504030 0.796670 -0.586659 -0.145426
-15.122949 -127.630221 -726.631112 -1589.247715 -0.388630 -0.358643 -0.848730 0.603241 0.597236 -0.528592 0.696468 -0.717415 -0.015756
-21.421006 -190.474249 241.569990 37432.738741 0.928325 -0.371719 -0.006133 0.110285 0.259596 0.959399 0.355035 0.891311 -0.281984
-17.461032 -194.487256 -4769.093282 39985.835035 0.941358 -0.332544 -0.057092 0.165984 0.309095 0.936435 0.293759 0.890997 -0.346166
-12.623395 -153.238966 -6093.686993 36543.194969 0.940957 -0.330564 -0.072985 0.105029 0.080111 0.991237 0.321820 0.940377 -0.110100
-12.984497 -152.035772 -5143.492171 30511.156362 0.937544 -0.345814 -0.037732 0.038146 -0.005611 0.999256 0.345769 0.938286 -0.007931
-29.255008 -52.065404 -6030.331771 425.774658 0.438097 0.443980 0.781635 -0.085688 0.886185 -0.455339 -0.894835 0.132506 0.426278
-34.851626 -54.128799 -6027.874214 734.333314 0.471294 0.513555 0.717038 -0.168871 0.850493 -0.498141 -0.865658 0.113684 0.487557
-36.285413 -53.871417 -5092.774321 222.167033 0.501722 0.400956 0.766492 -0.019698 0.891153 -0.453274 -0.864805 0.212319 0.455009
-15.175142 -48.118771 -5499.237948 -804.097388 0.404749 0.303873 0.862461 0.066957 0.930790 -0.359370 -0.911973 0.203202 0.356390
-21.369338 -48.896495 -3846.507966 510.391041 0.417588 0.435261 0.797601 -0.095992 0.894021 -0.437621 -0.903552 0.106182 0.415114
-26.663733 -52.435088 -6120.967513 -2152.817098 0.432672 0.294898 0.851957 0.090839 0.925920 -0.366633 -0.896963 0.236023 0.373831
-0.403607 -53.996025 4508.521062 8402.233729 0.542958 -0.493670 -0.679327 0.804676 0.074471 0.589026 -0.240194 -0.866455 0.437679
-14.871394 -59.244883 2825.979178 -2770.142732 0.443385 -0.498789 -0.744728 0.808438 -0.136276 0.572588 -0.387089 -0.855943 0.342817
-5.600899 -59.659241 3270.708830 -1173.257375 0.594828 -0.501138 -0.628522 0.721305 -0.012380 0.692507 -0.354823 -0.865279 0.354110
9.099951 -51.338423 2395.105532 10808.271797 0.660071 -0.498874 -0.561632 0.710524 0.171924 0.682347 -0.243847 -0.849451 0.467944
6.938585 -21.006673 3899.592389 10401.832889 0.842157 -0.539229 -0.001789 -0.108369 -0.172496 0.979031 0.528230 0.824304 0.203705
0.219704 -14.413297 4270.883294 7146.674787 0.757822 -0.588783 0.281139 -0.368318 -0.030374 0.929204 0.538560 0.807720 0.239878
3.913572 -5.678393 1920.952745 10159.531979 0.845221 -0.534411 -0.002584 -0.130852 -0.211637 0.968549 0.518150 0.818300 0.248809
10.758766 -19.447417 906.307094 9561.473370 0.868900 -0.466078 -0.166687 0.040874 -0.268041 0.962540 0.493297 0.843164 0.213850
6.358792 -3.676243 1747.709119 5931.537766 0.413439 -0.430046 0.802576 0.737434 -0.358883 -0.572183 0.534096 0.828410 0.168754
3.721194 2.822048 -2561.889719 1963.717531 0.803746 -0.519002 0.290909 -0.340988 -0.001144 0.940067 0.487564 0.854772 0.177893
6.093914 -9.057918 -1485.242175 5392.873341 0.858932 -0.351167 -0.372717 0.238041 -0.370620 0.897762 0.453401 0.859839 0.234745
-2.244920 -87.131631 -615.197083 -2749.333433 0.334723 0.522358 0.784285 0.757551 0.345826 -0.553644 -0.560426 0.779453 -0.279957
-3.804150 -101.722242 -1035.920323 -6873.395352 0.339742 0.531745 0.775773 0.820090 0.236342 -0.521148 -0.460465 0.813259 -0.355783
-1.428315 -101.865998 -1045.356144 -2679.503915 0.336690 0.541525 0.770318 0.814226 0.243461 -0.527032 -0.472943 0.804660 -0.358953
-9.472342 -140.579648 2291.088147 5698.193759 -0.362316 -0.108698 -0.925695 0.903132 -0.286441 -0.319850 -0.230391 -0.951912 0.201951
-13.964650 -130.548525 5704.756076 5695.342614 -0.345664 -0.112456 -0.931595 0.871017 -0.407767 -0.273964 -0.349065 -0.906135 0.238901
-10.291642 -149.616491 4085.483549 5687.756531 -0.311859 -0.128221 -0.941437 0.820375 -0.536183 -0.198729 -0.479301 -0.834306 0.272403
3.852205 -299.643718 137.141165 29468.471579 -0.397224 -0.164723 -0.902817 0.762729 0.487817 -0.424592 0.510350 -0.857263 -0.068134
2.003035 -283.261649 -2011.797520 5168.555301 -0.392765 -0.158527 -0.905873 0.857580 0.292581 -0.423028 0.332102 -0.943009 0.021034
0.195549 -312.746930 -91.327715 1631.641013 -0.347848 -0.174047 -0.921254 0.927118 0.082326 -0.365615 0.139477 -0.981290 0.132725
-0.381835 -265.079661 532.501702 2683.572397 -0.331038 -0.138654 -0.933375 0.943549 -0.060606 -0.325643 -0.011417 -0.988485 0.150890
2.498213 -319.617400 -681.259640 24767.704063 -0.355028 -0.189664 -0.915414 0.870625 0.289613 -0.397663 0.340538 -0.938164 0.062306
0.179273 -280.383190 1828.672895 -10032.361626 -0.303033 -0.146298 -0.941684 0.934378 -0.239902 -0.263411 -0.187375 -0.959710 0.209396
8.848831 -317.118874 2790.861576 -32618.173603 -0.305651 -0.159417 -0.938703 0.922019 -0.295584 -0.250021 -0.237608 -0.941922 0.237331
11.498825 -338.019216 6322.268278 11825.050514 -0.339083 -0.161140 -0.926853 0.939472 -0.006539 -0.342563 0.049140 -0.986910 0.153604
-21.564849 -416.937443 10128.160858 166485.029896 0.455634 -0.652431 0.605583 0.851470 0.517835 -0.082742 -0.259609 0.553336 0.791469
-76.081532 -1178.075826 -16706.590682 489739.748470 -0.389763 0.740686 -0.547237 0.729559 0.610974 0.307334 -0.561986 0.279455 0.778509
-6.311751 -408.137436 13535.379244 148905.581033 0.548877 -0.619477 0.561233 0.747160 0.664638 0.002903 -0.374815 0.417737 0.827653
-39.191983 -1034.886944 -18506.333034 394999.055116 -0.501219 0.714741 -0.487775 0.561196 0.697567 0.445487 -0.658664 0.050451 0.750744
-18.982193 -706.629228 -4820.422612 245292.980872 -0.466491 0.695093 -0.547021 0.703317 0.666524 0.247166 -0.536406 0.269429 0.799798
12.788578 -338.126220 9187.466725 120518.402341 0.596498 -0.505689 0.623272 0.731502 0.662096 -0.162891 -0.330294 0.553089 0.764852
-175.712554 -620.790908 50396.076398 191636.580396 -0.573526 0.736192 -0.359291 0.645591 0.136212 -0.751438 -0.504263 -0.662924 -0.553400
-141.746846 -468.762337 42694.188242 46074.424594 -0.410808 0.789040 -0.456785 0.863816 0.176580 -0.471850 -0.291649 -0.588418 -0.754125
-487.830776 -876.172562 151516.129004 178860.315817 -0.574210 0.662765 -0.480652 0.763431 0.221388 -0.606762 -0.295730 -0.715353 -0.633098
-39.353459 -115.848392 23.777038 -11918.646534 -0.373906 0.051661 -0.926027 0.278283 0.958693 -0.058880 0.884733 -0.279713 -0.372837
-37.958893 -101.870193 1905.689884 8598.807019 -0.381350 0.133403 -0.914754 0.117132 0.988530 0.095331 0.916980 -0.070793 -0.392602
-29.761244 -107.773037 -5977.082544 -1048.700146 -0.281618 0.052068 -0.958113 0.198935 0.979999 -0.005216 0.938678 -0.192071 -0.286343
-42.726079 -112.605769 1589.922158 -7606.210747 -0.419262 0.119171 -0.900010 0.253583 0.967263 0.009946 0.871731 -0.224057 -0.435756
-59.329002 -86.433210 -15.835846 -2467.773418 0.175396 0.572755 -0.800742 -0.250024 0.812599 0.526470 0.952221 0.107864 0.285729
-57.765113 -83.763968 3801.907499 1351.086488 0.201319 0.728686 -0.654590 0.268879 -0.683712 -0.678412 0.941900 0.039428 0.333572
-54.717826 -81.360351 2592.595339 -1639.449846 0.166308 0.654691 -0.737375 -0.119377 0.755656 0.643998 0.978821 -0.019077 0.203827
55.491001 -65.805835 -5797.896854 12310.671763 0.762808 -0.460148 -0.454298 -0.004134 0.699084 -0.715028 0.646611 0.547307 0.531365
64.665422 -54.808038 -2937.846432 8877.847612 0.672640 -0.532543 -0.513764 -0.024188 0.678109 -0.734564 0.739575 0.506524 0.443242
56.837784 -81.213887 -1854.249209 15456.760617 0.644815 -0.583695 -0.493471 0.069459 0.687695 -0.722669 0.761176 0.431711 0.483979
46.121024 -98.718421 -2386.140844 17919.122656 0.753889 -0.453238 -0.475632 0.071550 0.776276 -0.626319 0.653094 0.438144 0.617655
48.264184 -85.253974 -5243.255491 16281.213539 0.818488 -0.372538 -0.437370 0.003387 0.764389 -0.644746 0.574513 0.526236 0.626906
51.352304 -55.530943 -7599.823149 -9144.022917 0.824480 -0.408012 -0.392121 0.017282 -0.674449 0.738120 0.565627 0.615341 0.549018
65.537692 -91.700193 22757.315660 -11523.484740 0.687817 0.214518 0.693462 0.526819 0.509694 -0.680201 0.499369 -0.833183 -0.237564
33.991104 -77.679408 14988.091694 -1496.381225 0.560284 0.183483 0.807723 0.559464 0.635268 -0.532385 0.610804 -0.750179 -0.253279
78.109590 -102.384806 21510.948290 -5772.320618 0.648436 0.151195 0.746104 0.486178 0.671928 -0.558698 0.585800 -0.725019 -0.362195
6.401051 -55.708841 5183.086180 1617.428527 -0.145449 -0.491378 -0.858715 -0.381300 0.828738 -0.409640 0.912938 0.267846 -0.307901
20.049048 -51.030903 8278.264780 3529.077361 -0.164377 -0.470084 -0.867180 -0.467640 0.811200 -0.351095 0.868501 0.347816 -0.353173
15.356522 -47.888983 10738.848577 3437.637835 -0.152841 -0.554547 -0.817996 -0.509712 0.753366 -0.415493 0.846660 0.353438 -0.397804
3.569146 -47.228489 4082.589353 851.429971 -0.091587 -0.610199 -0.786937 -0.482411 0.718522 -0.501005 0.871144 0.333741 -0.360174
-12.877229 -66.797303 -126.956035 6920.286951 -0.257648 0.123597 -0.958301 0.852349 0.496208 -0.165163 0.455104 -0.859361 -0.233195
-11.957896 -67.591736 3081.768540 1839.256023 -0.281426 0.161709 -0.945859 0.885099 0.424507 -0.190772 0.370674 -0.890867 -0.262595
-13.249015 -73.766772 2526.250237 11615.052555 -0.327960 0.133390 -0.935227 0.778828 0.598477 -0.187755 0.534667 -0.789957 -0.300165
-13.568364 -70.703792 -103.607388 -8485.868199 -0.274793 0.096302 -0.956668 0.918626 0.320107 -0.231643 0.283928 -0.942474 -0.176429
-14.104272 -68.613517 950.286830 11864.332361 -0.266020 0.108817 -0.957806 0.766752 0.626081 -0.141827 0.584231 -0.772128 -0.249985
-16.201133 -66.551056 -10.217142 4477.167902 -0.246369 0.093641 -0.964642 0.852363 0.494660 -0.169675 0.461281 -0.864027 -0.201685
8.594229 -115.091606 1734.474672 18986.663122 -0.457232 -0.264605 -0.849072 0.165639 0.912672 -0.373623 0.873787 -0.311471 -0.373474
7.540457 -124.449098 3707.987125 15558.945959 -0.477209 -0.249382 -0.842662 0.254580 0.878541 -0.404172 0.841106 -0.407400 -0.355760
10.664010 -128.237734 192.689562 4979.440260 -0.444200 -0.273933 -0.853022 0.383862 0.802103 -0.457472 0.809529 -0.530652 -0.251142
6.047807 -106.314350 1438.684815 23191.575066 -0.459328 -0.258629 -0.849781 0.029053 0.951788 -0.305379 0.887791 -0.164958 -0.429669
10.511964 -114.981447 -76.575495 12677.324053 -0.445096 -0.275503 -0.852049 0.239632 0.880151 -0.409769 0.862825 -0.386564 -0.325732
7.230398 -97.731608 382.724426 16818.236776 -0.439485 -0.270670 -0.856499 0.018251 0.950632 -0.309783 0.898065 -0.151777 -0.412848
-14.806690 -124.115962 -811.714202 7670.860063 -0.393021 -0.240336 -0.887566 0.719501 0.520670 -0.459588 0.572584 -0.819232 -0.031713
-15.806820 -117.132420 -1178.199745 5537.194954 -0.377965 -0.209765 -0.901744 0.672115 0.607675 -0.423074 0.636713 -0.765983 -0.088694
-11.664805 -110.758816 -1528.436988 6799.065006 -0.365318 -0.233577 -0.901102 0.587651 0.692874 -0.417843 0.721949 -0.682178 -0.115857
-11.218620 -122.771703 -926.015370 8293.866600 -0.384347 -0.261614 -0.885345 0.655385 0.598096 -0.461250 0.650191 -0.757522 -0.058418
-5.808135 -112.527677 -1508.868166 3836.152479 -0.361195 -0.262570 -0.894760 0.525587 0.735275 -0.427936 0.770257 -0.624843 -0.127574
-0.752243 -129.204863 -3078.254837 13235.978177 0.297994 0.231021 0.926191 0.949351 0.029576 -0.312823 -0.099662 0.972499 -0.210506
-2.000002 -160.284977 -2094.212543 22821.846996 0.259662 0.210095 0.942569 0.916812 0.252987 -0.308956 -0.303368 0.944382 -0.126927
-2.406592 -153.880201 -4983.060677 21973.080637 0.246745 0.240885 0.938665 0.909273 0.277460 -0.310222 -0.335170 0.930048 -0.150568
0.236902 -140.700686 3627.271422 13575.422138 0.272930 0.183459 0.944379 0.890470 0.323352 -0.320166 -0.364104 0.928325 -0.075112
0.325403 -122.996735 337.104319 17851.925008 0.289875 0.202247 0.935451 0.945891 0.088376 -0.312217 -0.145817 0.975339 -0.165686
-6.987594 -120.232222 -14532.215538 -11598.307741 0.921216 -0.253695 -0.294959 -0.019533 -0.787349 0.616198 0.388562 0.561890 0.730274
-18.125136 -136.574010 -8612.757114 3819.741426 0.893001 -0.273231 -0.357622 0.083055 0.881022 -0.465728 0.442324 0.386193 0.809447
-23.495109 -129.119647 -8448.110838 -6241.522784 0.892378 -0.300889 -0.336343 -0.045775 -0.801802 0.595834 0.448960 0.516313 0.729284
-20.225771 -117.367370 -8236.246171 -11940.134112 0.893646 -0.336235 -0.297226 -0.019519 -0.690803 0.722779 0.448348 0.640107 0.623897
-17.373492 -47.300012 -5701.229115 7358.718953 0.769286 -0.278470 -0.575025 0.464435 -0.374322 0.802610 0.438747 0.884498 0.158630
-20.135105 -39.248639 4018.351339 1899.252976 -0.530636 0.104246 0.841165 0.691331 -0.520946 0.500677 0.490395 0.847200 0.204364
-27.485192 -52.264491 -7384.279054 6362.171665 0.670673 -0.235010 -0.703539 0.570605 -0.442551 0.691779 0.473927 0.865401 0.162709
-29.567238 -47.442624 7386.915238 -1737.164368 -0.278274 -0.056302 0.958850 0.787133 -0.585459 0.194061 0.550442 0.808745 0.207235
-22.427399 -111.790945 741.059725 6704.713904 0.759882 -0.255365 -0.597802 -0.622252 -0.551833 -0.555233 0.188100 -0.793895 0.578229
-19.960936 -107.809724 2096.501596 7494.804712 0.755664 -0.224865 -0.615148 -0.635800 -0.477359 -0.606536 0.157258 -0.849449 0.503692
-17.901132 -120.541963 2994.099889 7838.198065 0.725777 -0.221763 -0.651206 -0.639206 -0.567303 -0.519213 0.254289 -0.793088 0.553488
-18.313782 -101.681563 -25.973965 4428.079751 0.798353 -0.224023 -0.558969 -0.597999 -0.404254 -0.692081 0.070923 -0.886788 0.456703
-21.202295 -127.295875 2476.113271 7344.777265 0.719639 -0.255961 -0.645448 -0.604933 -0.687435 -0.401856 0.340844 -0.679644 0.649545
-24.763559 -119.988531 1280.887576 8614.481034 0.735699 -0.287214 -0.613397 -0.615183 -0.662253 -0.427751 0.283368 -0.692047 0.663908
-23.278958 -106.323141 -154.111497 6125.368073 0.778301 -0.278675 -0.562661 -0.601196 -0.589259 -0.539756 0.181136 -0.758363 0.626159
-18.239363 -97.586226 -875.335725 3460.898779 0.833816 -0.223305 -0.504863 -0.547250 -0.454603 -0.702747 0.072585 -0.862248 0.501259
2.102952 -77.772699 -397.987060 562.360707 -0.475848 -0.230178 -0.848874 0.065938 0.953095 -0.295400 0.877052 -0.196538 -0.438351
4.399159 -78.737766 -2235.509295 3761.129153 -0.446476 -0.196557 -0.872940 0.203420 0.927734 -0.312937 0.871366 -0.317292 -0.374228
2.427964 -81.517569 619.103546 5199.639418 -0.470215 -0.206883 -0.857961 0.178207 0.929855 -0.321887 0.864373 -0.304251 -0.400364
-4.161337 -353.472251 1763.694492 34347.475070 -0.853063 0.439772 0.280864 0.476189 0.876190 0.074397 -0.213373 0.197210 -0.956860
-6.370300 -370.674279 -2119.459500 42838.660737 -0.848741 0.461776 0.257686 0.489295 0.870598 0.051474 -0.200571 0.169773 -0.964857
-1.719350 -358.890159 -2915.978604 61154.029210 0.834178 -0.470818 -0.287189 0.551339 0.724341 0.413950 -0.013128 0.503647 -0.863810
0.467064 -306.512478 -950.412734 42626.229354 0.855810 -0.448275 -0.258145 0.516825 0.762113 0.389969 -0.021922 0.467155 -0.883903
6.555533 -149.503225 4779.802639 830.235840 0.901802 -0.101324 -0.420103 -0.431885 -0.245291 -0.867933 0.015105 -0.964140 0.264964
6.348776 -157.459383 7127.777610 -13712.983573 0.908271 -0.099072 -0.406484 -0.413359 -0.062374 -0.908429 -0.064645 -0.993123 0.097605
18.488995 -160.719790 8431.717018 9977.831190 0.911742 -0.105697 -0.396931 -0.410753 -0.227965 -0.882788 -0.002821 -0.967915 0.251261
16.119459 -160.340197 9677.418565 -15455.122679 0.907577 -0.095941 -0.408778 -0.413254 -0.031745 -0.910063 -0.074335 -0.994881 0.068459
3.569171 -93.299295 3375.321830 9989.688453 0.896549 -0.159463 -0.413246 -0.357837 -0.810607 -0.463540 0.261062 -0.563461 0.783810
2.297827 -98.346372 2050.875945 7451.262828 0.876641 -0.202908 -0.436266 -0.366143 -0.869591 -0.331286 0.312153 -0.450155 0.836613
-6.161420 -81.082948 3722.103998 6569.090287 0.878908 -0.200606 -0.432757 -0.412241 -0.775868 -0.477584 0.239956 -0.598153 0.764614
0.270598 -77.381962 4381.844507 7624.616644 0.901927 -0.133349 -0.410788 -0.376205 -0.709739 -0.595602 0.212129 -0.691729 0.690299
5.722911 -84.578660 2142.031507 8781.383583 0.905108 -0.144631 -0.399826 -0.365913 -0.743869 -0.559255 0.216532 -0.652488 0.726204
4.865098 -100.429704 -58.722328 11593.534846 0.902567 -0.175890 -0.392983 -0.349516 -0.832321 -0.430210 0.251418 -0.525648 0.812701
5.593576 -326.788111 -662.043848 -9698.267829 0.816843 -0.353783 -0.455637 0.423533 0.904066 0.057320 0.391646 -0.239799 0.888318
7.909706 -332.967587 1596.858295 -14170.703872 0.811819 -0.344205 -0.471671 0.401224 0.915708 0.022325 0.424228 -0.207369 0.881492
9.705968 -385.242633 -3528.557938 -64112.596922 0.813155 -0.386668 -0.435048 0.307386 0.919996 -0.243147 0.494260 0.063989 0.866956
-12.174818 -39.081337 2110.415206 1406.052089 -0.473552 -0.406518 -0.781340 0.821586 0.115809 -0.558198 0.317404 -0.906273 0.279148
-10.022158 -36.987106 1206.912251 1273.579852 -0.420289 -0.389444 -0.819567 0.847436 0.154402 -0.507949 0.324360 -0.908016 0.265136
-9.210473 -37.156247 1813.953705 257.150473 -0.378894 -0.381827 -0.842999 0.853416 0.208161 -0.477860 0.357939 -0.900487 0.246987
-13.049760 -39.245789 1296.411197 1524.713865 -0.491415 -0.401135 -0.773047 0.828561 0.058138 -0.556872 0.268325 -0.914172 0.303795
-1.270630 -83.605969 1346.611616 -884.357341 0.388167 0.198736 0.899906 0.917584 -0.174274 -0.357306 0.085821 0.964434 -0.250005
-0.333692 -92.611445 1012.305348 -12717.993649 0.408267 0.193710 0.892073 0.893308 -0.285964 -0.346736 0.187934 0.938457 -0.289792
-0.623073 -90.214384 177.811955 -6396.254689 0.399173 0.198008 0.895239 0.909854 -0.206150 -0.360093 0.113252 0.958277 -0.262448
1.571942 -559.902768 6160.223779 197970.712463 0.635721 0.384535 -0.669322 -0.609191 0.782448 -0.129081 -0.474074 -0.489804 -0.731673
8.391028 -576.323177 884.290393 -234150.409366 0.609331 0.367419 -0.702652 0.642223 -0.748421 0.165576 -0.465044 -0.552149 -0.692001
-2.850719 -384.824088 3392.937763 30677.720073 0.629315 0.360637 -0.688407 0.773106 -0.380762 0.507274 -0.079177 -0.851447 -0.518430
-71.347294 -105.816866 640.011102 -8599.708503 0.220265 -0.031440 0.974933 0.973010 -0.063428 -0.221876 0.068814 0.997491 0.016620
-64.725078 -101.461490 895.635593 -8840.760259 -0.008342 -0.123231 0.992343 0.997184 -0.074992 -0.000930 0.074533 0.989540 0.123510
-53.149632 -87.504451 -2000.651140 -3879.610454 0.756409 0.650977 -0.063828 0.634435 -0.706421 0.313786 -0.159178 0.277845 0.947346
-52.160345 -85.396651 -3026.401114 -1028.843994 0.791885 0.607429 -0.062836 0.567206 -0.693493 0.444235 -0.226265 0.387424 0.893704
-52.326573 -84.127141 -640.151559 -3579.439060 0.779425 0.626381 0.011958 0.576698 -0.724798 0.376944 -0.244777 0.286903 0.926159
-54.215913 -88.350255 -357.880552 -4452.753082 0.742129 0.670256 -0.001366 0.654384 -0.724112 0.217814 -0.145002 0.162540 0.975989
-55.516689 -92.579820 -1042.832909 -2726.121554 0.731121 0.676000 -0.092116 0.680660 -0.713536 0.166034 -0.046511 0.184091 0.981808
-51.539277 -91.354656 -924.860364 3264.921872 0.042696 -0.133483 -0.990131 0.821093 -0.559920 0.110892 -0.569196 -0.817724 0.085695
-0.081494 -48.319427 3507.969180 -396.696949 -0.478434 0.804970 0.350890 0.554392 -0.032996 0.831602 -0.680993 -0.592397 0.430483
3.681910 -51.041132 4011.254403 -340.948217 -0.572882 0.790894 0.215157 0.501339 0.130448 0.855361 -0.648434 -0.597888 0.471237
-0.142685 -54.669286 6429.776508 -787.606556 -0.610574 0.780772 0.132643 0.508203 0.257818 0.821742 -0.607395 -0.569144 0.554208
-9.842856 -58.039468 457.547394 -5152.547228 0.230752 0.274417 0.933514 0.427416 0.833300 -0.350609 -0.874111 0.479902 0.074995
-8.892915 -58.279814 1327.604521 -4201.050422 0.237226 0.295603 0.925388 0.423359 0.825905 -0.372354 -0.874352 0.480104 0.070780
-8.002252 -54.847662 -705.195069 -3297.222844 0.194440 0.315266 0.928870 0.469020 0.801801 -0.370318 -0.861518 0.507663 0.008036
-5.756896 -56.377219 -1572.093832 7884.288399 0.184361 0.322865 0.928315 0.614674 0.699131 -0.365228 -0.766933 0.637946 -0.069564
5.130941 -93.019182 1739.964062 -2221.854488 -0.388602 -0.220800 -0.894559 0.893973 0.144788 -0.424085 0.223159 -0.964512 0.141125
4.152668 -93.986621 656.942988 -2933.929792 -0.351036 -0.239039 -0.905337 0.927896 0.040920 -0.370587 0.125630 -0.970147 0.207439
6.616580 -99.492233 -303.053513 -1450.600393 -0.344520 -0.258931 -0.902364 0.906163 0.159443 -0.391722 0.245305 -0.952645 0.179702
17.486353 -111.889824 -4069.157269 -9318.650334 0.509911 0.476118 0.716451 0.552480 0.457127 -0.696994 -0.659360 0.751230 -0.029951
7.326064 -71.188654 -10971.175846 -1769.404523 -0.424609 -0.189308 -0.885364 -0.101460 0.981685 -0.161245 0.899674 0.021363 -0.436040
-12.596642 -73.646539 -1162.208078 -2980.821328 -0.432359 -0.316543 -0.844314 -0.133673 0.948511 -0.287156 0.891738 -0.011293 -0.452410
-15.802392 -75.609446 1350.471375 -259.087590 -0.454366 -0.347863 -0.820087 -0.251928 0.933200 -0.256263 0.854449 0.090166 -0.511651
58.338537 -127.939888 -7534.530052 -5531.511178 0.846485 -0.197254 -0.494523 0.527797 0.432933 0.730753 -0.069952 0.879579 -0.470582
46.694714 -130.320871 -5850.819922 3402.470053 0.783776 -0.196860 -0.589017 0.618126 0.339106 0.709174 -0.060131 0.919920 -0.387468
44.472381 -125.561344 2954.830033 2126.495877 0.711394 -0.233783 -0.662770 0.700444 0.312896 0.641462 -0.057415 0.920566 -0.386344
2.570490 -161.185504 -4587.207659 16742.001901 0.381000 0.406246 0.830544 0.888149 -0.410471 -0.206651 0.256963 0.816381 -0.517197
1.148099 -122.426920 -2525.307910 12960.241657 0.417701 0.372919 0.828527 0.801032 -0.581511 -0.142101 0.428806 0.723032 -0.541618
1.697318 -144.564929 -2729.121988 5649.147135 0.444068 0.348709 0.825352 0.751075 -0.647153 -0.130684 0.488558 0.677934 -0.549287
5.022995 -182.509078 -420.470947 21571.116553 0.369914 0.359075 0.856871 0.880341 -0.430229 -0.199757 0.296923 0.828232 -0.475256
-0.702913 -130.986387 -5054.738116 -4397.954935 -0.400896 -0.481968 -0.779095 0.461419 0.628454 -0.626209 0.791439 -0.610534 -0.029556
-9.321164 -124.509557 -2663.281497 -4949.947145 -0.405715 -0.459239 -0.790250 0.612567 0.505068 -0.608003 0.678349 -0.730757 0.076402
14.933938 -360.382752 3188.202272 -13585.605836 0.863806 -0.476498 -0.163673 0.453179 0.876786 -0.160859 0.220156 0.064778 0.973312
21.318614 -538.070171 -2416.952521 202572.604304 0.868006 -0.484727 -0.107726 -0.490573 -0.803559 -0.337092 -0.076833 -0.345445 0.935288
14.970346 -332.633519 -1642.114814 75606.327266 0.864806 -0.492880 -0.095813 -0.501250 -0.836321 -0.222071 -0.029323 -0.240074 0.970312
14.291390 -341.925270 -4267.564802 9143.571830 0.869815 -0.485778 -0.086271 0.462936 0.864042 -0.197792 0.170625 0.132104 0.976440
-39.418178 -56.451035 -2433.437469 458.105644 0.532366 0.525925 0.663316 -0.219004 0.842477 -0.492208 -0.817694 0.116766 0.563686
-37.593007 -56.736484 -3614.702368 807.464746 0.478102 0.613679 0.628344 -0.353964 0.789364 -0.501612 -0.803821 0.017411 0.594617
-37.803043 -57.094173 109.156432 -201.412829 0.562027 0.551049 0.616823 -0.357542 0.834333 -0.419586 -0.745848 0.015278 0.665940
-41.193846 -57.780698 754.687476 188.732915 0.604853 0.480048 0.635379 -0.217055 0.867050 -0.448455 -0.766186 0.133337 0.628634
-41.919370 -57.581240 1512.356489 344.770918 0.628292 0.393464 0.671145 -0.073000 0.888689 -0.452662 -0.774545 0.235410 0.587079
-41.865416 -56.560235 -2605.192223 -21.871350 0.569341 0.380189 0.728908 -0.019194 0.892546 -0.450548 -0.821877 0.242525 0.515460
-21.187423 -358.003923 1857.032333 -24669.341777 0.895855 -0.430637 -0.109524 -0.311058 -0.783796 0.537500 0.317312 0.447454 0.836121
-19.556852 -393.657120 4841.211083 -112551.140024 0.880709 -0.452687 -0.139376 -0.134085 -0.520497 0.843270 0.454282 0.723987 0.519105
-23.647179 -336.469901 624.790837 -80568.980769 0.899082 -0.428265 -0.090777 -0.185940 -0.561294 0.806458 0.396331 0.708193 0.584281
-20.456050 -261.858685 3685.323157 -71612.184478 0.886268 -0.447890 -0.117998 -0.015884 -0.284001 0.958692 0.462901 0.847784 0.258816
-19.762020 -345.417745 -2237.198295 -86786.215005 0.918080 -0.390215 -0.069720 -0.110469 -0.420784 0.900410 0.380690 0.818947 0.429420
-6387.950018 -125406.891642 -1920528.647936 7608427.495110 0.450538 0.850531 0.271317 -0.232465 -0.181658 0.955490 -0.861960 0.493556 -0.115875
-37.789222 -203.491916 -8079.101709 -100003.462717 -0.690545 -0.581147 0.430600 -0.587559 0.797906 0.134614 -0.421809 -0.160046 -0.892448
88.481239 -164.439275 7422.285380 133720.303416 0.986260 -0.088969 -0.139200 0.110825 0.981185 0.158093 -0.122515 0.171348 -0.977563
32.020673 -1920.047207 18044.433519 -2011876.040713 0.983540 -0.150192 0.100452 -0.085054 0.105665 0.990758 0.159418 0.982994 -0.091151
-32.224090 -187.398796 10448.768127 -45091.092867 0.851399 -0.363203 0.378421 -0.519888 -0.679995 0.517033 -0.069536 0.636938 0.767772
-21.979910 -59.762019 2216.857266 -4935.539562 0.264156 -0.463780 -0.845654 0.837123 -0.325209 0.439845 -0.479005 -0.824104 0.302335
-24.429523 -52.527985 -117.090901 -2336.834814 0.111457 -0.396276 -0.911341 0.812583 -0.491586 0.313133 -0.572089 -0.775441 0.267216
-21.004912 -53.426608 573.951036 -5113.522044 0.321246 -0.463395 -0.825873 0.801249 -0.331854 0.497869 -0.504779 -0.821668 0.264688
1.023239 -70.258332 109.271152 -5830.149725 0.304803 0.500471 0.810323 0.535075 0.613863 -0.580402 -0.787902 0.610492 -0.080682
-0.600625 -71.147029 -163.057161 -8046.661861 0.284006 0.494245 0.821622 0.573627 0.599057 -0.558644 -0.768305 0.629963 -0.113377
-0.794890 -79.476354 287.905980 6991.899348 0.321695 0.509384 0.798148 -0.637026 -0.507212 0.580461 -0.700507 0.695172 -0.161323
-13.966353 -124.853690 1506.361468 4588.953863 -0.367703 -0.152798 -0.917305 0.882835 -0.367327 -0.292699 -0.292227 -0.917455 0.269962
-13.026066 -129.649748 1962.988045 6805.903478 -0.339470 -0.157831 -0.927281 0.821013 -0.530797 -0.210220 -0.459019 -0.832672 0.309771
-11.364107 -132.764175 3383.695322 4132.157039 -0.310936 -0.137475 -0.940436 0.797798 -0.575541 -0.179642 -0.516563 -0.806135 0.288633
2.559960 -246.065861 -342.966054 5250.506426 -0.437121 -0.170527 -0.883089 0.713733 0.531682 -0.455960 0.547276 -0.829599 -0.110699
3.727694 -256.898758 -557.968274 -9399.364935 -0.444451 -0.157030 -0.881932 0.710563 0.537715 -0.453831 0.545493 -0.828374 -0.127408
-68.487242 -1486.381896 -4666.417351 589688.079373 -0.292657 0.772864 -0.563057 0.823195 0.503233 0.262880 -0.486520 0.386573 0.783492
-131.592737 -6188.356716 18488.209639 3946411.375653 -0.268630 0.855842 -0.442009 0.363029 0.514992 0.776526 -0.892215 -0.048136 0.449038
-79.638918 -3987.885871 3486.436892 2122131.319394 -0.339368 0.858603 -0.384227 0.364597 0.496602 0.787690 -0.867121 -0.127228 0.481575
-71.083192 -343.820063 19675.530144 -96581.704028 -0.247796 0.854442 -0.456646 0.950258 0.122555 -0.286338 -0.188695 -0.504885 -0.842310
-226.214625 -866.919554 58264.892978 -308577.286111 -0.055221 0.814646 -0.577324 0.994929 -0.003787 -0.100509 -0.084066 -0.579946 -0.810306
-32.270836 -49.583819 6033.004923 14346.434330 -0.417976 0.665576 -0.618308 0.000529 0.680790 0.732478 0.908458 0.305831 -0.284906
-50.866121 -62.360511 -17521.626826 -20642.055357 -0.180152 0.970057 -0.162895 -0.149911 -0.190747 -0.970125 0.972148 0.150350 -0.179786
4.034407 -30.425145 -5168.517682 20757.191527 -0.306698 0.511433 -0.802728 -0.226739 0.779835 0.583478 0.924406 0.360961 -0.123212
-41.115422 -122.180179 3153.853619 -46624.034493 -0.173357 -0.571521 -0.802067 -0.349802 0.797029 -0.492325 0.920644 0.195216 -0.338090
-12.427004 -68.116638 -14994.856786 40753.867045 -0.261842 0.211028 -0.941757 -0.240118 0.930874 0.275350 0.934763 0.298231 -0.193071
-34.944594 -94.887112 2686.300981 -20222.650298 -0.312898 -0.305450 -0.899331 -0.355960 0.915576 -0.187120 0.880561 0.261576 -0.395209
-46.190195 -80.918044 5821.660150 29280.247488 -0.430039 0.187428 -0.883141 -0.082053 0.966050 0.244979 0.899074 0.177815 -0.400060
-32.744404 -85.808072 -5435.963863 24868.301749 -0.327532 0.217391 -0.919491 -0.042806 0.968758 0.244286 0.943870 0.119371 -0.307993
74.441099 -68.440191 -3652.181206 10229.018468 0.551468 -0.619293 -0.558891 -0.007848 0.666094 -0.745827 0.834159 0.415686 0.362469
68.484693 -44.687608 -4565.559711 3497.757014 0.639925 -0.522704 -0.563273 -0.079085 0.684320 -0.724880 0.764357 0.508415 0.396575
6.283219 -66.127677 -7495.678744 -3001.966577 -0.520290 -0.172740 -0.836337 0.657858 0.543388 -0.521491 0.544538 -0.821517 -0.169081
9.688986 -67.948642 -6922.389959 -2312.848553 -0.448349 -0.106686 -0.887469 0.634230 0.661657 -0.399953 0.629869 -0.742178 -0.228989
27.623215 -72.717515 -12332.959307 -30.621949 -0.421326 -0.071220 -0.904109 0.563580 0.760489 -0.322542 0.710536 -0.645433 -0.280276
8.586011 -64.732137 2637.448157 3307.641437 -0.147039 -0.365385 -0.919170 -0.267617 0.909308 -0.318654 0.952240 0.199131 -0.231487
5.775282 -70.608858 642.802575 6308.032893 -0.149954 -0.329280 -0.932249 -0.184771 0.935632 -0.300754 0.971274 0.127154 -0.201143
2.907316 -71.978341 1515.936254 8103.282278 -0.169232 -0.282503 -0.944221 -0.177542 0.951105 -0.252742 0.969453 0.124866 -0.211113
10.952327 -64.568592 -715.519626 1611.744268 -0.135333 -0.283525 -0.949368 -0.244695 0.938066 -0.245268 0.960109 0.199112 -0.196328
-10.652233 -70.316983 4947.043721 1738.733776 -0.326833 0.181537 -0.927483 0.869933 0.441292 -0.220179 0.369320 -0.878809 -0.302154
-9.972632 -69.919640 1276.740017 -9368.667601 -0.292759 0.146832 -0.944845 0.930624 0.270709 -0.246284 0.219616 -0.951397 -0.215898
4.855243 -114.454362 1523.520188 21220.227847 -0.457468 -0.245009 -0.854806 0.158929 0.923286 -0.349691 0.874908 -0.295826 -0.383435
-16.052625 -125.544177 526.454997 6528.378925 -0.405613 -0.203008 -0.891216 0.789400 0.413727 -0.453516 0.460787 -0.887478 -0.007559
-17.810147 -122.895171 -828.157119 4109.915992 -0.398769 -0.190531 -0.897040 0.780707 0.442662 -0.441075 0.481124 -0.876213 -0.027771
-16.880201 -117.028394 -2302.030772 3850.134132 -0.379117 -0.193835 -0.904819 0.670143 0.616773 -0.412916 0.638105 -0.762902 -0.103932
1.152268 -160.657176 -896.873922 15247.586974 0.273598 0.204594 0.939833 0.921916 0.222828 -0.316890 -0.274255 0.953147 -0.127653
-0.158365 -192.066982 396.669312 21166.927556 0.240461 0.176689 0.954442 0.818515 0.491620 -0.297226 -0.521740 0.852696 -0.026407
-0.458154 -134.496575 -2601.040683 12284.353446 0.309480 0.225641 0.923747 0.947662 0.006992 -0.319200 -0.078484 0.974185 -0.211668
-19.681633 -53.212227 6868.490741 2243.782970 0.961195 -0.056715 -0.269978 -0.254780 -0.557790 -0.789909 0.105792 -0.828042 0.550595
-14.711481 -60.656282 6784.326956 3601.334226 0.925923 -0.105415 -0.362705 -0.350025 -0.600351 -0.719070 0.141949 -0.792759 0.592776
-24.637123 -55.382491 5233.164345 3138.253055 0.930637 -0.149061 -0.334210 -0.351811 -0.615804 -0.704993 0.100721 -0.773671 0.625531
-10.055239 -55.202902 5609.836570 2912.521670 0.957208 -0.044531 -0.285953 -0.268935 -0.501841 -0.822089 0.106895 -0.863813 0.492342
-19.414330 -50.042324 5549.593867 1968.627633 0.987464 0.000241 -0.157841 -0.136859 -0.496886 -0.856956 0.078635 -0.867816 0.490624
