10463
20912
-27.169643 -41.886525 -1244.574098 3739.467958 -0.208840 0.963606 -0.166883 0.082746 0.187445 0.978784 -0.974443 -0.190600 0.118881
-34.198368 -50.164449 -57.551014 2873.283490 -0.140701 0.973868 -0.178282 -0.100560 0.165085 0.981139 -0.984932 -0.155975 -0.074705
-25.667741 -55.106731 -1961.850734 4194.324788 -0.209660 0.893618 -0.396849 -0.136474 0.375152 0.916862 -0.968203 -0.246389 -0.043301
-29.103694 -43.290890 204.083141 2667.080279 -0.086060 0.977708 0.191524 0.051665 -0.187599 0.980886 -0.994949 -0.094310 0.034368
-17.256425 -52.083518 -3005.976843 6174.564889 -0.306856 0.888688 -0.340696 0.046936 0.371660 0.927182 -0.950598 -0.268521 0.155758
-19.561593 -33.421649 -2225.960180 2938.912972 -0.275550 0.957377 -0.086608 0.214509 0.149063 0.965280 -0.937047 -0.247405 0.246440
-22.150883 -31.557692 -654.935986 1860.671394 -0.097555 0.938023 0.332559 0.269074 -0.296849 0.916231 -0.958166 -0.178866 0.223439
-26.216140 -37.070144 392.055089 2002.286121 -0.012330 0.896020 0.443842 0.167376 -0.435763 0.884362 -0.985816 -0.085193 0.144599
-0.199708 -90.315880 -181.261418 -1611.537205 -0.443320 -0.504573 0.740860 -0.554411 0.803807 0.215692 -0.704341 -0.315121 -0.636084
-0.485619 -96.402626 -288.316954 -989.052655 -0.443430 -0.512655 0.735224 -0.348854 0.854313 0.385292 -0.825634 -0.085636 -0.557670
1.410587 -95.470622 -573.024968 -548.186310 -0.464175 -0.519445 0.717439 -0.375780 0.848965 0.371548 -0.802079 -0.097136 -0.589266
0.785099 -97.938663 -617.808582 -303.441001 -0.463817 -0.516220 0.719993 -0.118921 0.841619 0.526816 -0.877913 0.158724 -0.451747
2.798742 -92.501949 -470.974861 -2502.508659 -0.451777 -0.514130 0.729087 -0.543158 0.806831 0.232386 -0.707727 -0.291022 -0.643762
15.787261 -33.722052 -45.715232 -236.735524 -0.514632 0.808997 -0.284040 0.803073 0.570856 0.170869 -0.300379 0.140170 0.943464
16.796387 -33.552458 -409.447341 -223.696953 -0.523432 0.804178 -0.281633 0.759213 0.590223 0.274286 -0.386801 0.070249 0.919484
17.082835 -34.995117 -1677.218420 86.604748 -0.507673 0.810949 -0.290912 0.808024 0.565329 0.165829 -0.298940 0.150877 0.942269
14.889345 -33.713276 997.473545 -81.860439 -0.525952 0.810155 -0.258889 0.780172 0.580770 0.232459 -0.338683 0.079715 0.937518
0.012617 -42.324840 30.406650 -1414.022959 -0.392490 0.884660 0.251653 0.775072 0.170818 0.608346 -0.495193 -0.433819 0.752719
0.913304 -43.222876 -145.824708 -1310.687420 -0.393390 0.884805 0.249728 0.742525 0.145602 0.653802 -0.542127 -0.442628 0.714268
1.333425 -46.141717 310.636387 -1364.287690 0.368134 -0.891090 -0.265398 0.834622 0.190921 0.516677 -0.409735 -0.411714 0.814008
-0.534271 -86.527170 -366.195133 -5405.404627 -0.701586 0.712573 -0.004142 -0.356947 -0.346400 0.867523 -0.616738 -0.610120 -0.497380
-0.684245 -71.411264 424.851663 5422.392045 0.695659 -0.718010 0.022802 0.502656 0.463841 -0.729512 -0.513220 -0.518953 -0.683588
-0.413228 -69.803329 102.058430 -5841.290035 -0.676775 0.735931 -0.019527 -0.548953 -0.486799 0.679468 -0.490536 -0.470567 -0.733445
0.555531 -84.511870 51.370297 -6667.823780 -0.688554 0.725178 0.003288 -0.416816 -0.399467 0.816511 -0.593429 -0.560841 -0.577320
11.015418 -33.210586 360.645534 -475.510240 -0.470784 0.880147 0.060861 0.862597 0.444723 0.241138 -0.185170 -0.166023 0.968581
10.302183 -32.520826 679.518643 -302.101648 -0.481750 0.876029 0.022128 0.818476 0.440792 0.368509 -0.313071 -0.195641 0.929361
10.541640 -33.552268 1923.423161 -199.601931 -0.462521 0.885679 -0.040585 0.841598 0.452980 0.294147 -0.278904 -0.101893 0.954898
12.034965 -34.127749 2442.741655 -313.233474 -0.466943 0.883763 -0.030454 0.869530 0.465143 0.166010 -0.160879 -0.051037 0.985654
-2.370131 -76.892195 425.952040 -2228.370918 0.683887 -0.723406 -0.094777 -0.458539 -0.325132 -0.827062 -0.567486 -0.609076 0.554063
-2.695564 -64.824892 391.786811 -127.201909 0.671169 -0.732669 -0.112825 -0.559270 -0.400559 -0.725789 -0.486570 -0.550226 0.678602
-2.768787 -69.875372 400.984455 -2852.097792 0.688764 -0.721251 -0.073488 -0.442436 -0.337865 -0.830721 -0.574329 -0.604685 0.551817
-2.267431 -85.303110 530.048117 -3720.274457 0.705645 -0.706596 -0.052790 -0.257916 -0.186748 -0.947948 -0.659958 -0.682530 0.314020
-2.841549 -136.052850 541.798031 -7091.768163 -0.509338 -0.484837 0.710990 -0.218683 0.871989 0.437965 -0.832317 0.067590 -0.550163
-0.172113 -200.395416 452.530419 -17939.321772 -0.499380 -0.500778 0.706994 -0.062302 0.834674 0.547210 -0.864140 0.229218 -0.448019
-0.548655 -166.317839 657.114848 -7736.253182 -0.493069 -0.518788 0.698386 0.078671 0.772874 0.629664 -0.866426 0.365410 -0.340267
-2.935156 -158.621854 902.466454 -7357.614666 -0.503476 -0.528770 0.683311 0.083998 0.757159 0.647808 -0.859916 0.383553 -0.336796
52.985231 -114.807206 -25361.750773 8386.446041 0.519379 0.843447 0.137266 0.464152 -0.413313 0.783413 -0.717501 0.343176 0.606154
-0.501597 -170.148950 -8488.836639 30872.320903 0.381651 0.916641 -0.118791 0.645966 -0.172587 0.743600 -0.661113 0.360531 0.657988
449.100465 -961.861900 -134392.987075 -139222.184317 0.213358 0.927715 0.306307 0.569395 -0.372851 0.732647 -0.793894 -0.018094 0.607786
57.190935 -1137.550350 -11105.971501 315370.696989 0.031185 0.530194 -0.847303 0.898215 -0.386725 -0.208932 -0.438448 -0.754545 -0.488288
15.734855 8.757335 1252.809248 -3124.814849 0.803189 -0.323383 -0.500310 0.206209 0.938839 -0.275787 0.558896 0.118341 0.820750
21.980891 14.766679 -1465.759600 -1081.998416 0.829896 0.082768 -0.551745 -0.190869 0.971382 -0.141374 0.524254 0.222637 0.821943
20.010710 9.056637 -2815.932827 -4020.877435 0.899081 -0.306498 -0.312589 0.226876 0.936875 -0.266068 0.374406 0.168297 0.911864
18.122693 13.730406 4539.154429 -1307.830232 0.667045 0.175910 -0.723952 -0.275485 0.961091 -0.020299 0.692213 0.212979 0.689551
15.850671 -0.620023 -630.943754 -4172.911812 0.774999 -0.562992 -0.287082 0.456072 0.812719 -0.362610 0.437464 0.150093 0.886621
11.438072 -2.117279 535.838148 -3494.051305 0.743515 -0.542149 -0.391483 0.413785 0.832880 -0.367550 0.525325 0.111289 0.843592
-2.065358 -51.470862 254.342758 -513.927653 -0.469316 0.882641 0.026231 -0.696112 -0.388085 0.604002 -0.543297 -0.265208 -0.796551
-1.368958 -48.870320 263.639167 -300.456234 -0.451057 0.892421 0.011490 -0.810971 -0.415197 0.412234 -0.372657 -0.176623 -0.911005
-1.059504 -50.789142 109.723902 -248.830004 -0.475512 0.879456 0.021082 -0.739268 -0.412475 0.532303 -0.476834 -0.237531 -0.846291
-0.321413 -52.247981 -211.034491 -486.771531 -0.500226 0.865514 0.025672 -0.622334 -0.379978 0.684337 -0.602059 -0.326347 -0.728713
-1.757559 -53.025761 330.690810 -990.658933 -0.490920 0.870084 0.044165 -0.578062 -0.363244 0.730683 -0.651799 -0.333177 -0.681287
-14.933573 -23.483116 -408.889042 -267.474808 0.669246 -0.717538 0.192999 0.740447 0.622338 -0.253836 0.062027 0.312784 0.947797
-13.256934 -22.692903 -388.184167 -367.674508 0.645930 -0.737525 0.197056 0.763302 0.628028 -0.151494 -0.012026 0.248268 0.968617
-15.396269 -23.244623 40.754589 -347.945193 0.520749 -0.835802 0.173944 0.850545 0.490405 -0.189939 0.073448 0.246857 0.966264
-36.349538 -353.002124 2991.883870 -68700.727073 0.915243 0.387223 0.111305 0.036117 0.196294 -0.979880 0.401281 -0.900848 -0.165671
-40.331940 -152.936743 3326.093780 -30462.631118 0.922009 0.386675 0.019553 0.006663 0.034649 -0.999377 0.387112 -0.921565 -0.029371
-69.685326 -168.140425 590.059928 -22902.393116 0.697705 0.239114 0.675302 0.623362 0.261889 -0.736773 0.353027 -0.935007 -0.033667
-6.430692 -91.477331 1430.725011 18002.887645 0.884878 0.464942 -0.028633 -0.060361 0.053497 -0.996742 0.461895 -0.883723 -0.075403
22.229143 -749.737835 1621.832256 177952.265776 0.863310 0.470337 -0.182972 -0.193885 -0.025632 -0.980689 0.465944 -0.882115 -0.069063
-0.757627 -321.135159 2103.798875 73185.367461 0.870585 0.465057 -0.160636 -0.140577 -0.077765 -0.987011 0.471508 -0.881859 0.002324
-12.331376 -567.272495 309.388617 121900.554514 0.891762 0.451930 0.022814 0.065480 -0.078994 -0.994722 0.447743 -0.888549 0.100036
17.528713 -44.941891 2510.068848 -187.824982 0.163932 0.981990 0.093924 0.986393 -0.161972 -0.028177 -0.012456 0.097265 -0.995181
20.271970 -44.533524 2172.475371 1183.413161 0.227981 0.973185 0.030580 -0.965618 0.221955 0.135346 -0.124929 0.060385 -0.990326
33.327380 -46.010400 2694.258439 -369.396181 0.244929 0.969286 -0.022241 -0.968575 0.243597 -0.050232 0.043271 -0.033846 -0.998490
26.298591 -44.160244 3460.908550 -1277.429898 0.153435 0.983384 0.097020 -0.973844 0.167133 -0.153927 0.167585 0.070865 -0.983307
43.243119 -41.039224 3859.513087 -2701.569292 0.217379 0.975779 -0.024528 -0.936021 0.201265 -0.288715 0.276785 -0.085720 -0.957101
49.324369 -49.483704 3042.120756 1813.373612 0.322088 0.930096 -0.176582 0.939426 -0.290908 0.181250 0.117210 -0.224264 -0.967454
48.679589 -39.644008 -2106.278175 -2512.904191 0.856700 -0.394230 -0.332637 0.467060 0.866555 0.175893 -0.218906 0.306049 -0.926506
57.997000 -57.007713 -1465.342192 -2575.109831 0.899136 -0.408320 -0.157576 0.437647 0.835076 0.333336 0.004520 0.368677 -0.929547
56.368052 -57.354762 -5122.333458 -4402.648489 0.906292 -0.272923 -0.322719 0.388092 0.839777 0.379682 -0.167388 0.469348 -0.867003
63.510308 -74.930389 -2619.441031 -4337.766369 0.914578 -0.391735 -0.100458 0.386476 0.773470 0.502374 0.119096 0.498285 -0.858795
42.429327 -43.004649 -3070.122286 -3580.887018 0.843639 -0.254815 -0.472591 0.420825 0.860449 0.287286 -0.333435 0.441244 -0.833141
-8.075225 -26.787777 -289.818546 658.353210 -0.461830 0.875644 -0.141281 -0.825419 -0.365993 0.429806 -0.324649 -0.315113 -0.891800
-6.753605 -27.775457 -248.845794 586.406441 -0.447831 0.882954 -0.140854 0.871926 0.396382 -0.287448 -0.197972 -0.251543 -0.947383
-5.189098 -28.175407 -515.132634 5.781292 -0.528750 0.834204 -0.156609 0.818949 0.452925 -0.352394 -0.223037 -0.314583 -0.922655
-7.403146 -27.132711 144.268665 235.277265 -0.365941 0.919740 -0.142004 -0.884158 -0.295974 0.361475 -0.290433 -0.257832 -0.921505
-6.542237 -25.947327 -404.031934 -1162.449334 -0.536180 0.831719 -0.144065 0.770616 0.412668 -0.485650 -0.344473 -0.371414 -0.862200
-8.571906 -24.103708 10.277439 1266.103493 -0.396040 0.907658 -0.138956 -0.819170 -0.280872 0.500071 -0.414865 -0.311877 -0.854763
-8.891072 -22.881608 -245.401858 1560.783886 -0.483696 0.866063 -0.126384 -0.761285 -0.345066 0.548975 -0.431836 -0.361752 -0.826228
15.691169 -62.326388 -108.902412 -3349.550355 0.811041 -0.556769 0.179501 -0.445430 -0.388852 0.806465 0.379216 0.734032 0.563376
14.031470 -54.572380 -241.313711 1558.840468 0.788768 -0.599009 0.137962 -0.523161 -0.536355 0.662288 0.322720 0.594568 0.736438
14.694872 -62.403772 65.048700 1477.711397 0.826102 -0.540626 0.158994 -0.501080 -0.575632 0.646194 0.257827 0.613490 0.746428
-6.759289 -58.899068 264.901413 -349.473934 0.781299 -0.590627 0.201822 -0.053832 0.258381 0.964542 0.621831 0.764460 -0.170078
-6.522263 -62.608998 555.898243 -653.987237 0.752649 -0.627553 0.199240 -0.046311 0.251397 0.966775 0.656791 0.736870 -0.160151
-6.041348 -58.461164 583.115613 -331.680778 0.765040 -0.607415 0.213918 0.048255 0.385316 0.921522 0.642173 0.694678 -0.324093
-6.664116 -58.442723 168.433969 74.722097 0.791763 -0.572585 0.212736 0.064033 0.424160 0.903321 0.607462 0.701594 -0.372498
-7.557019 -57.618008 170.902846 -631.619492 0.803323 -0.558389 0.207062 -0.043273 0.292038 0.955427 0.593970 0.776477 -0.210438
2.815809 -50.959244 140.152561 1285.817143 0.831380 -0.474407 0.289388 0.529505 0.518273 -0.671579 -0.168620 -0.711569 -0.682082
4.057845 -53.524470 114.647005 1270.061592 0.828603 -0.471158 0.302370 0.521788 0.454239 -0.722083 -0.202867 -0.756093 -0.622228
4.113488 -55.135463 -437.140501 -434.449620 0.838247 -0.470788 0.275138 0.528947 0.579413 -0.620077 -0.132506 -0.665311 -0.734713
3.716021 -60.249822 -625.693449 -3050.828825 0.858161 -0.449216 0.248524 0.511965 0.712918 -0.479207 -0.038090 -0.538473 -0.841781
2.549079 -54.956207 -73.375465 -918.269316 0.844982 -0.466523 0.261462 0.524317 0.626362 -0.576855 -0.105346 -0.624521 -0.773870
7.320910 -58.617548 -1194.123428 -984.725505 0.849424 -0.452605 0.271344 0.520416 0.633261 -0.572843 -0.087440 -0.627798 -0.773449
50.338871 -40.604765 -3267.508989 -2367.378926 -0.800552 0.596100 0.061499 0.589195 0.801678 -0.100806 -0.109393 -0.044465 -0.993004
46.277261 -43.770997 5145.589016 -269.484504 0.762504 -0.641463 0.084338 0.645658 0.746110 -0.162622 -0.041391 -0.178453 -0.983077
45.161331 -48.317473 3804.345899 -2384.126190 0.786259 -0.607779 0.111363 0.614161 0.788497 -0.032845 0.067847 -0.094219 -0.993237
10.840444 -28.683973 667.200967 -411.096094 -0.439473 0.888390 -0.132763 0.542587 0.144756 -0.827433 0.715865 0.435670 0.545646
10.581398 -31.423669 -442.424061 -201.291917 -0.444429 0.886810 -0.126693 0.517608 0.138784 -0.844287 0.731139 0.440803 0.520700
11.052262 -31.811940 930.112015 -857.175550 -0.424898 0.890474 -0.162844 0.463059 0.059230 -0.884346 0.777842 0.451163 0.437508
10.456239 -30.015565 -37.077392 390.075933 -0.483190 0.871704 -0.081602 0.575758 0.246158 -0.779685 0.659568 0.423719 0.620832
11.329012 -29.219676 1065.382980 -1060.070428 -0.392305 0.906512 -0.155992 0.499946 0.067784 -0.863400 0.772108 0.416704 0.479799
9.957672 -24.947879 220.514858 -473.842004 -0.401792 0.910312 -0.099477 0.561842 0.159278 -0.811766 0.723116 0.382051 0.575448
1.048899 -233.272505 686.541875 -39641.159656 -0.518428 0.037171 0.854313 0.408456 0.888479 0.209208 -0.751263 0.457409 -0.475795
-0.932498 -443.678320 1168.549591 -86076.297008 -0.562602 -0.002014 0.826725 0.565696 0.728298 0.386742 -0.602882 0.685257 -0.408603
3.857221 -322.418239 2823.640235 -50690.266431 -0.554487 -0.058251 0.830151 0.217399 0.952768 0.212064 -0.803294 0.298061 -0.515634
2.927105 -113.591201 1209.550723 -14047.574725 -0.556375 -0.043695 0.829782 0.121220 0.983665 0.133077 -0.822042 0.174627 -0.541989
4.994820 -128.222827 83.469106 -16277.214669 -0.585707 -0.046815 0.809170 0.180856 0.965612 0.186776 -0.790088 0.255739 -0.557099
6.411208 -1062.911568 2730.787716 -233656.283163 -0.535352 0.005539 0.844611 0.473498 0.830038 0.294680 -0.699427 0.557679 -0.446985
-17.263770 -32.106512 -882.856514 165.068150 0.864446 -0.456827 0.209860 0.031788 0.466279 0.884066 0.501719 0.757557 -0.417595
-16.382555 -32.188226 150.078705 -10.223953 0.827661 -0.530130 0.184227 0.146164 0.520538 0.841235 0.541861 0.669330 -0.508315
-14.218817 -32.941867 -1296.913635 88.465243 0.888226 -0.425332 0.173630 0.096105 0.541612 0.835117 0.449242 0.725086 -0.521950
5.640020 -93.613876 -396.297882 2570.015939 -0.485590 0.349861 0.801124 0.843801 -0.051930 0.534137 0.228477 0.935361 -0.269997
5.520571 -87.015754 487.384931 1882.900165 -0.476873 0.280081 0.833155 0.837819 -0.141800 0.527212 0.265803 0.949446 -0.167037
7.123192 -94.475945 322.787496 -135.437149 -0.485753 0.290336 0.824469 0.873988 0.176148 0.452898 -0.013736 0.940573 -0.339315
14.399794 -10.653027 -2487.431125 -3041.183585 0.712942 0.313224 -0.627379 0.614607 -0.709863 0.344024 0.337597 0.630861 0.698601
7.959127 -9.315713 3069.219479 -2216.070830 -0.628446 -0.467465 0.621717 0.714152 -0.663527 0.222978 0.308292 0.584130 0.750832
18.033318 -2.513059 -2414.304532 -845.129589 0.740576 0.274786 -0.613221 0.558962 -0.758423 0.335197 0.372973 0.591006 0.715265
-0.686950 -29.111421 2394.754132 -451.929892 -0.804087 0.581628 0.123094 0.466251 0.745409 -0.476419 -0.368854 -0.325690 -0.870559
-6.480824 -30.369180 -149.769768 -701.215733 0.780172 -0.624954 -0.027646 0.531148 0.685119 -0.498491 -0.330475 -0.374225 -0.866454
3.514868 -27.959528 -2677.539169 -216.920204 0.828743 -0.540864 -0.143707 0.377331 0.729683 -0.570249 -0.413288 -0.418364 -0.808804
7.856378 -589.477464 -861.614695 102971.419833 0.726217 -0.687197 0.019223 0.686310 0.723091 -0.078221 -0.039854 -0.069998 -0.996751
6.694986 -348.231375 -312.215504 50643.236458 -0.751779 0.657261 -0.053246 0.643042 0.748601 0.161534 0.146030 0.087199 -0.985430
8.298717 -240.994857 705.968462 24562.798257 0.764526 -0.644046 0.026572 0.561891 0.686070 0.462155 0.315879 0.338399 -0.886401
-33.791152 -55.347162 -506.080470 1100.651793 -0.144699 0.939498 -0.310493 -0.316744 0.253303 0.914063 -0.937409 -0.230611 -0.260927
-38.675825 -53.837583 644.504016 1075.179126 -0.092987 0.990928 -0.097030 -0.287404 0.066591 0.955492 -0.953285 -0.116736 -0.278605
-33.371130 -49.705428 333.125862 2074.961749 -0.053811 0.984301 0.168096 -0.115098 -0.173332 0.978115 -0.991896 -0.033286 -0.122619
-28.605256 -45.139391 101.589558 -177.881743 0.462952 0.250618 0.850215 0.550162 0.670825 -0.497308 -0.694980 0.697986 0.172679
-29.256349 -46.528877 556.766244 -391.581669 0.407402 0.314191 0.857501 0.467025 0.735214 -0.491271 -0.784800 0.600619 0.152792
-27.618002 -43.295902 344.979133 -363.619696 0.439726 0.164547 0.882930 0.490187 0.779772 -0.389450 -0.752567 0.604052 0.262228
-2.154619 -102.863463 -297.792917 -2625.076247 -0.445853 -0.504953 0.739078 -0.476016 0.833008 0.281969 -0.758040 -0.226096 -0.611765
-1.362294 -108.505266 -219.170685 -217.855280 -0.437628 -0.510795 0.739980 -0.170604 0.855192 0.489428 -0.882823 0.087944 -0.461400
18.674166 -34.824638 -1469.956562 -186.419529 -0.509079 0.801707 -0.313216 0.731632 0.594743 0.333162 -0.453381 0.059553 0.889325
15.953336 -33.968531 -538.535532 -73.759710 -0.531990 0.795800 -0.289291 0.698023 0.605558 0.382183 -0.479324 -0.001386 0.877637
14.364903 -33.366404 943.451437 -17.694260 -0.533223 0.799097 -0.277700 0.726650 0.600721 0.333338 -0.433190 0.024047 0.900982
0.933171 -40.291480 25.066082 -774.133904 -0.178632 0.969830 0.165891 0.440876 0.229626 -0.867698 0.879613 0.081861 0.468593
0.499609 -40.584394 55.981990 -655.914536 -0.184573 0.968841 0.165165 0.348602 0.221662 -0.910683 0.918918 0.110511 0.378653
1.715604 -36.583727 213.456029 -983.477338 -0.206305 0.955386 0.211366 0.508003 0.289199 -0.811355 0.836284 0.060012 0.545002
1.599688 -37.581477 387.056688 -895.030470 -0.214391 0.958456 0.188144 0.573534 0.279449 -0.770043 0.790629 0.057183 0.609619
1.988920 -44.315467 -519.335124 -1270.512032 -0.413972 0.878940 0.236837 0.697837 0.139362 0.702568 -0.584509 -0.456117 0.671049
2.724183 -46.487413 -868.582810 -1755.864160 -0.385611 0.882574 0.269012 0.793153 0.168123 0.585357 -0.471394 -0.439088 0.764846
-0.984200 -56.063973 144.853550 -2880.323754 -0.659783 0.750225 -0.042998 -0.636652 -0.527671 0.562350 -0.399200 -0.398404 -0.825781
-11.172143 -68.736174 -46.737195 3546.800695 -0.547871 0.835181 0.048060 -0.213410 -0.195082 0.957287 -0.808884 -0.514214 -0.285116
-14.341120 -80.732154 359.202800 3178.805883 -0.520883 0.853102 -0.029965 -0.420650 -0.225976 0.878628 -0.742788 -0.470267 -0.476565
-12.912893 -70.530394 102.177591 4987.301402 -0.563755 0.825936 0.003263 -0.137007 -0.097411 0.985769 -0.814500 -0.555285 -0.168075
10.634532 -31.832790 -357.453263 131.557084 -0.527177 0.848480 0.046544 0.761916 0.447720 0.468008 -0.376256 -0.282186 0.882498
11.114454 -33.562380 2370.578341 156.941491 -0.472574 0.880048 -0.046788 0.789488 0.446343 0.421292 -0.391641 -0.162153 0.905717
8.696589 -117.692707 -844.459153 -7959.423244 -0.572932 0.819554 0.008902 -0.801215 -0.562333 0.204541 -0.172639 -0.110056 -0.978817
8.011243 -131.909451 -588.183152 -10875.201728 -0.614660 0.786942 0.053989 -0.684022 -0.565854 0.460352 -0.392820 -0.246030 -0.886093
7.198650 -121.532994 -272.804865 -5258.723973 -0.592282 0.805537 -0.017652 -0.770871 -0.560147 0.303303 -0.234434 -0.193248 -0.952731
7.091682 -111.119945 -677.229669 825.200645 -0.527301 0.849228 -0.027681 0.849619 0.527370 -0.005327 0.010074 -0.026327 -0.999603
0.578007 -79.556743 271.575851 4505.276056 0.666226 -0.743908 0.052384 0.594703 0.487591 -0.639205 -0.449967 -0.457008 -0.767250
0.159434 -62.247757 -39.504430 3055.603312 -0.643645 0.763019 -0.059357 0.658338 0.512449 -0.551350 -0.390273 -0.393951 -0.832159
0.461657 -68.690174 -197.106919 -514.313933 -0.614982 0.784306 -0.081610 0.725848 0.522607 -0.447243 -0.308125 -0.334283 -0.890682
0.722251 -83.323689 -555.400738 2821.633707 -0.640210 0.764471 -0.075597 0.667629 0.505015 -0.547020 -0.380004 -0.400678 -0.833699
1.047754 -100.536348 -218.419647 -6853.168506 -0.673184 0.739241 -0.018638 -0.511736 -0.447518 0.733385 -0.533807 -0.503241 -0.679558
0.022694 -92.436914 384.306568 5969.856987 0.699943 -0.714043 0.014903 0.416718 0.391365 -0.820476 -0.580022 -0.580497 -0.571487
2.894988 -184.006660 235.167544 -9302.221119 -0.533535 -0.499038 0.682863 -0.031440 0.818523 0.573613 -0.845194 0.284574 -0.452400
2.775730 -161.383996 598.510032 -13170.284912 -0.520159 -0.452144 0.724569 -0.331792 0.888715 0.316385 -0.786987 -0.075835 -0.612291
2.856138 -240.455479 1104.707066 -33604.145747 -0.508946 -0.517903 0.687569 -0.319141 0.855359 0.408057 -0.799452 -0.011753 -0.600616
4.044113 -325.023660 -90.285316 -51491.255195 -0.523537 -0.535769 0.662466 0.035009 0.763355 0.645030 -0.851283 0.360890 -0.380888
3.395234 -206.726440 327.512877 -5397.398044 -0.537931 -0.525582 0.659086 0.261597 0.639169 0.723209 -0.801372 0.561451 -0.206338
-5.114484 -53.946136 -108.115468 950.263734 -0.506394 -0.515560 0.691204 0.763396 -0.640791 0.081326 0.400989 0.568845 0.718069
-2.558763 -50.456506 -1306.906749 385.429537 -0.553866 -0.425536 0.715648 0.727991 -0.664628 0.168221 0.404055 0.614157 0.677901
-6.993986 -55.401012 -634.041510 681.102142 -0.485195 -0.495910 0.720180 0.835358 -0.506263 0.214184 0.258384 0.705529 0.659898
23.198255 -19.779613 1145.713372 -1361.433327 0.651000 -0.741258 0.163512 -0.634568 -0.413231 0.653118 0.416561 0.528939 0.739392
25.629993 -6.453062 1500.043086 -3798.708988 0.685390 -0.721611 0.097561 -0.524745 -0.396569 0.753243 0.504859 0.567460 0.650466
19.082782 -21.928997 -1517.649601 1623.765160 -0.577602 0.807347 -0.120694 0.652835 0.368086 -0.662057 0.490084 0.461199 0.739671
26.695647 -11.632485 587.408936 -2133.487661 0.746521 -0.646254 0.158308 -0.539693 -0.448978 0.712144 0.389149 0.617069 0.683951
17.618259 -28.452041 1295.250570 619.726457 0.554716 -0.813970 0.172462 0.741100 0.389133 -0.547125 0.378233 0.431311 0.819091
23.501624 -19.767494 14.057650 -980.645423 0.714449 -0.665672 0.215508 -0.616488 -0.453220 0.643844 0.330916 0.592851 0.734181
21.636916 -24.937502 967.109782 492.964801 0.631490 -0.744778 0.215700 0.704081 0.434260 -0.561861 0.324792 0.506680 0.798615
-1.203630 -46.393118 -14.599807 -851.024442 -0.425978 0.904656 -0.011839 -0.883881 -0.413331 0.218887 -0.193124 -0.103705 -0.975678
-1.272371 -45.399279 -202.180100 -377.268803 -0.429015 0.903231 -0.010938 -0.871164 -0.410521 0.269344 -0.238789 -0.125082 -0.962982
-1.320014 -42.352610 -73.196356 -1559.634121 -0.400451 0.916213 -0.013861 -0.915487 -0.399398 0.048636 -0.039024 -0.032166 -0.998720
-0.622406 -956.664396 2169.690490 199378.889598 0.882626 0.463288 -0.079597 0.019017 -0.204381 -0.978707 0.469692 -0.862318 0.189203
6.371097 -375.335858 761.821783 81817.391967 0.891091 0.451451 -0.046359 -0.060399 0.016730 -0.998034 0.449788 -0.892139 -0.042175
5.019368 -75.038667 1282.992068 6681.549640 0.889485 0.455200 0.040109 -0.023063 0.132379 -0.990931 0.456381 -0.880493 -0.128247
-19.376989 -42.800703 -572.914241 -6412.578385 0.009571 0.965908 -0.258709 0.999677 -0.003152 0.025214 0.023539 -0.258866 -0.965626
-10.621389 -49.672175 2344.475279 -3891.667833 -0.135400 0.981475 -0.135548 0.986657 0.146052 0.071953 0.090417 -0.123997 -0.988155
-18.091481 -52.695941 -266.700258 593.614446 -0.023367 0.966227 -0.256632 -0.959205 -0.094013 -0.266622 0.281744 -0.239933 -0.929006
10.333944 -41.889432 1640.788614 1133.146563 0.165908 0.982354 0.086345 -0.965544 0.144016 0.216760 -0.200500 0.119332 -0.972399
14.850337 -39.254069 1386.846083 1575.334924 0.265914 0.963976 -0.006252 -0.920135 0.255744 0.296559 -0.287474 0.073107 -0.954994
51.339317 -49.389909 1161.465209 -2799.578142 0.848758 -0.524103 -0.070179 0.528716 0.839077 0.128096 0.008250 0.145827 -0.989276
-4.336430 -27.153045 -394.881532 1035.519711 -0.505767 0.849509 -0.150114 0.854061 0.468557 -0.225909 -0.121575 -0.242464 -0.962513
-3.688779 -23.464798 -150.132028 1442.061050 -0.416858 0.896005 -0.152986 0.907364 0.400177 -0.128644 -0.054044 -0.192440 -0.979819
-5.065041 -26.296413 99.196723 799.067447 -0.344545 0.926280 -0.152624 0.926877 0.309858 -0.211864 -0.148954 -0.214460 -0.965308
13.323168 -59.206401 84.215694 2907.713392 0.752798 -0.624988 0.206604 -0.303306 -0.050779 0.951539 0.584210 0.778981 0.227789
12.967037 -63.147650 196.499549 3479.362031 0.766272 -0.590017 0.254376 -0.288960 0.037151 0.956620 0.573873 0.806536 0.142024
10.431149 -63.375744 75.051346 3533.816682 0.746455 -0.616861 0.249574 -0.198602 0.151440 0.968310 0.635108 0.772365 0.009467
11.326082 -58.257254 504.632175 3487.871455 0.708458 -0.680517 0.187039 -0.223061 0.035525 0.974157 0.669575 0.731870 0.126629
14.326383 -54.745446 520.422023 2300.333614 0.722756 -0.667158 0.180343 -0.331259 -0.105409 0.937633 0.606540 0.737420 0.297187
-5.129750 -63.289553 -252.091323 -794.552659 0.767952 -0.614369 0.181108 -0.026578 0.251947 0.967376 0.639956 0.747712 -0.177155
-6.801928 -66.697782 28.397827 -1388.440728 0.765045 -0.622612 0.164501 -0.173030 0.047313 0.983780 0.620296 0.781099 0.071534
-5.766370 -64.049770 -117.236345 -1080.149746 0.755894 -0.635781 0.156226 -0.119520 0.100606 0.987721 0.643691 0.765285 -0.000058
-6.564985 -66.677748 -77.042605 -1127.777851 0.760897 -0.634599 0.135351 -0.238406 -0.079410 0.967914 0.603489 0.768751 0.211715
-4.753709 -64.209660 259.311874 -656.628657 0.731822 -0.661843 0.162482 -0.016248 0.221407 0.975046 0.681302 0.716200 -0.151276
-5.586006 -68.009075 283.976116 -1387.911009 0.734938 -0.666891 0.122976 -0.146415 0.021020 0.989000 0.662140 0.744859 0.082194
3.344806 -53.700425 -106.416785 1589.199269 0.810131 -0.500016 0.306060 0.504655 0.329112 -0.798128 -0.298348 -0.801043 -0.518959
5.268974 -55.664578 -347.998487 895.270851 0.818084 -0.484969 0.309100 0.491574 0.310723 -0.813515 -0.298485 -0.817469 -0.492596
-5.381277 -13.343236 2560.835492 420.754043 0.355964 0.875234 0.327499 -0.697309 0.482081 -0.530432 0.622133 0.039554 -0.781912
11.438421 -13.911108 6122.010964 122.219842 0.104631 0.977165 0.184933 -0.803011 0.192713 -0.563946 0.586707 0.089498 -0.804838
13.335803 -16.009961 5875.493576 1134.853956 0.005859 0.996858 0.078998 -0.787252 0.053311 -0.614323 0.616603 0.058592 -0.785091
-5.395625 -16.052194 -921.055095 865.286104 -0.584157 -0.650707 -0.485119 -0.536557 0.758068 -0.370728 0.608989 0.043731 -0.791972
10.505427 -33.025720 -347.700290 623.100691 -0.513314 0.852942 -0.094860 0.559370 0.248697 -0.790731 0.650856 0.458955 0.604770
11.418968 -33.261007 -1225.747862 163.562472 -0.469181 0.873412 -0.130462 0.471958 0.123129 -0.872981 0.746408 0.471158 0.469984
11.691530 -33.004553 -1015.418234 -592.608365 -0.417733 0.895432 -0.153950 0.429212 0.045142 -0.902075 0.800797 0.442904 0.403187
-5.682145 -426.772736 -2012.529966 -90113.975698 -0.543934 0.057628 0.837147 0.418908 0.883079 0.211394 -0.727085 0.465672 -0.504478
-1.250170 -219.882461 841.683990 8857.418319 -0.575447 0.042499 0.816734 0.801679 0.226853 0.553035 -0.161775 0.973001 -0.164612
-7.434110 -214.962647 670.637474 -16021.965507 -0.590730 0.050112 0.805311 0.687025 0.554629 0.469450 -0.423124 0.830587 -0.362065
-14.550726 -32.093527 903.379776 44.349135 0.779981 -0.611344 0.133748 0.286059 0.538385 0.792661 0.556597 0.580001 -0.594810
-15.565162 -32.680431 1.241963 -124.218558 0.843618 -0.510076 0.167725 0.211089 0.602275 0.769875 0.493711 0.614075 -0.615761
-14.288887 -31.902284 565.458661 -250.450807 0.812531 -0.564456 0.145543 0.325086 0.646034 0.690622 0.483852 0.513837 -0.708420
-15.359209 -31.231866 1057.140919 120.103222 0.771490 -0.613584 0.168281 0.174662 0.458578 0.871321 0.611798 0.642823 -0.460958
-11.735520 -31.822786 -1129.029826 205.043678 -0.758365 0.642030 -0.112605 -0.392726 -0.587920 -0.707189 0.520239 0.492084 -0.698000
4.128406 -80.016217 431.731552 4151.444128 -0.456704 0.278447 0.844920 0.748067 -0.393820 0.534137 0.481475 0.875998 -0.028438
4.564984 -83.582357 24.733569 3898.960187 -0.463740 0.319457 0.826373 0.733557 -0.384604 0.560333 0.496829 0.866041 -0.055984
3.504494 -80.023726 -931.968949 3052.739249 -0.467353 0.380131 0.798174 0.757107 -0.294073 0.583360 0.456475 0.876939 -0.150364
1.773142 -71.320718 -781.012728 3173.299922 -0.448866 0.363925 0.816136 0.620308 -0.530518 0.577727 0.643224 0.765578 0.012386
2.602439 -74.840823 -378.782008 3200.571513 -0.443054 0.314948 0.839352 0.559516 -0.634387 0.533381 0.700461 0.705947 0.104849
7.522484 -17.780580 2297.286824 -2957.412429 -0.659775 -0.383820 0.646049 0.664203 -0.699961 0.262466 0.351469 0.602276 0.716752
0.085914 -18.194210 1657.104911 -2173.432012 -0.458010 -0.582758 0.671282 0.800791 -0.598337 0.026941 0.385953 0.549896 0.740712
-9.147959 -31.787799 726.796570 -663.470842 0.737623 -0.673040 0.054121 0.635867 0.665443 -0.390971 -0.227125 -0.322803 -0.918810
-7.939519 -31.757737 712.979124 -944.601294 0.762411 -0.645503 0.045340 0.575903 0.644916 -0.502414 -0.295070 -0.409157 -0.863437
3.216719 -463.866369 -4.227923 92189.602799 0.773900 -0.630450 0.060099 0.479719 0.645524 0.594280 0.413459 0.431082 -0.802010
-17.564878 -50.738518 -4174.182451 -1772.711987 -0.328412 0.890706 -0.314307 -0.368450 0.185594 0.910934 -0.869707 -0.414968 -0.267229
-9.899355 -54.051518 -4618.965815 2911.187449 -0.364585 0.868434 -0.336005 -0.162238 0.296081 0.941284 -0.916928 -0.397690 -0.032946
-30.650164 -48.736785 259.060459 -363.907488 0.451479 0.351623 0.820078 0.593650 0.567780 -0.570269 -0.666143 0.744303 0.047600
1.100174 -84.791251 -369.838008 -4486.713216 -0.455846 -0.505884 0.732315 -0.723032 0.690295 0.026788 -0.519065 -0.517276 -0.680439
2.493928 -83.866129 170.339828 5025.024636 0.440770 0.508413 -0.739755 0.746176 -0.665625 -0.012870 -0.498942 -0.546314 -0.672753
4.635654 -94.908905 -328.559195 70.738956 -0.425832 -0.519184 0.741023 -0.394264 0.843620 0.364501 -0.814385 -0.136943 -0.563936
4.319101 -88.883995 -477.534735 -3090.192042 -0.429414 -0.519520 0.738717 -0.632518 0.756855 0.164595 -0.644612 -0.396573 -0.653610
17.225001 -35.258985 2126.354752 177.832917 0.502915 -0.813292 0.292631 0.846116 0.532388 0.025500 -0.176532 0.234776 0.955885
18.253618 -34.662719 946.866877 284.452910 0.481174 -0.794316 0.370854 0.840708 0.537986 0.061492 -0.248358 0.282192 0.926653
18.241342 -33.285243 589.231424 255.249121 0.497983 -0.786451 0.365387 0.857187 0.510214 -0.070080 -0.131311 0.348104 0.928214
16.163441 -34.663314 1397.292734 254.240742 0.510883 -0.812476 0.280859 0.856516 0.508962 -0.085666 -0.073345 0.284325 0.955918
2.097384 -34.140838 338.135703 625.104504 0.312353 -0.882830 -0.350781 0.930820 0.358189 -0.072626 0.189762 -0.303829 0.933637
1.590861 -35.477276 321.621147 49.400665 0.330759 -0.875001 -0.353514 0.942372 0.326220 0.074268 0.050339 -0.357706 0.932476
3.017774 -34.641240 322.983065 464.608378 0.335118 -0.875377 -0.348441 0.925706 0.374764 -0.051195 0.175398 -0.305398 0.935931
2.920812 -32.904540 -360.075997 604.804434 -0.308909 0.884952 0.348476 0.902183 0.388629 -0.187174 0.301068 -0.256569 0.918439
-1.587563 -44.389472 -456.245832 137.072245 0.318804 -0.913501 -0.252745 0.945490 0.325192 0.017260 0.066424 -0.244470 0.967379
-0.968308 -44.075012 -306.656178 5.229796 0.351206 -0.900192 -0.257504 0.930252 0.304278 0.205050 -0.106232 -0.311558 0.944270
-1.608772 -45.855678 89.993278 -134.901158 0.312322 -0.905714 -0.286598 0.949939 0.300428 0.085780 0.008410 -0.299041 0.954203
-0.826741 -43.508544 -140.165004 -64.647017 0.348735 -0.898087 -0.268001 0.937188 0.331743 0.107822 -0.007926 -0.288768 0.957366
-2.331321 -44.508162 -42.269010 -1.862120 0.295692 -0.915355 -0.273298 0.944487 0.323021 -0.060011 0.143212 -0.240381 0.960056
-2.674342 -44.752512 501.005918 -41.731425 -0.284068 0.925959 0.248806 0.928270 0.330566 -0.170411 0.240041 -0.182551 0.953444
-1.634226 -43.724965 -194.553378 267.319725 0.302127 -0.916240 -0.263105 0.931851 0.342044 -0.121081 0.200933 -0.208592 0.957139
0.413970 -72.833941 -33.743270 -5770.620949 -0.677891 0.734768 -0.024091 -0.538709 -0.474177 0.696383 -0.500256 -0.485049 -0.717266
-1.996970 -46.275193 604.446084 13.006336 -0.488706 0.865637 0.108804 0.464611 0.152666 0.872256 -0.738447 -0.476828 0.476793
-2.096245 -45.203665 569.163459 -1680.551189 -0.506188 0.860107 0.063162 0.477127 0.218283 0.851294 -0.718417 -0.461051 0.520873
0.703630 -48.755389 800.334263 -1275.762140 -0.443722 0.885845 0.135608 0.617596 0.192623 0.762543 -0.649374 -0.422108 0.632565
1.227543 -29.824508 2681.664033 -571.658163 0.456811 -0.868066 -0.194385 0.854904 0.368001 0.365670 -0.245892 -0.333222 0.910220
0.356850 -31.888988 3112.067733 -715.636325 0.426813 -0.878451 -0.214836 0.892185 0.370203 0.258758 -0.147774 -0.302114 0.941748
-3.808173 -31.029241 661.154492 -865.602538 0.375555 -0.911636 -0.166970 0.892890 0.307607 0.328825 -0.248408 -0.272577 0.929513
3.266647 -92.957451 -247.840411 3802.892810 -0.464477 -0.540722 0.701343 0.864724 -0.106037 0.490927 -0.191087 0.834492 0.516826
2.675720 -94.455510 -79.606651 3523.253997 -0.477628 -0.529964 0.700721 0.854852 -0.096297 0.509857 -0.202729 0.842535 0.499035
2.263911 -84.989450 -144.781146 2777.234193 -0.481499 -0.536395 0.693137 0.876171 -0.314411 0.365335 0.021966 0.783216 0.621362
3.447709 -87.890174 -507.008710 3450.111158 -0.466854 -0.540485 0.699946 0.884313 -0.279752 0.373805 -0.006225 0.793483 0.608561
5.333395 -97.090353 -520.416452 3213.214562 -0.450408 -0.557249 0.697571 0.844116 -0.011249 0.536043 -0.290863 0.830269 0.475449
-0.709369 -152.849583 985.977233 -16197.072588 -0.503858 -0.469808 0.724850 -0.404110 0.869865 0.282894 -0.763428 -0.150381 -0.628143
-11.533714 -180.899221 1078.942404 14948.412787 0.462643 0.845696 -0.266006 0.501231 -0.002026 0.865311 -0.731252 0.533660 0.424826
-11.311154 -187.363493 717.503970 6418.305595 0.452046 0.832835 -0.319436 0.415512 0.120280 0.901600 -0.789306 0.540294 0.291681
-11.249512 -193.940657 2321.277225 20815.525450 0.480307 0.852816 -0.204964 0.190212 0.126845 0.973514 -0.856227 0.506573 0.101292
-7.653559 -186.534634 612.189422 -21068.332047 -0.319336 -0.822119 0.471323 0.770721 0.064070 0.633943 -0.551375 0.565699 0.613164
-16.376821 -133.615437 3747.805092 6228.667797 0.459103 0.851061 -0.254793 0.428728 0.038945 0.902594 -0.778085 0.523620 0.346994
-9.925751 -160.129837 -354.063984 -13947.013928 -0.275898 -0.831403 0.482337 0.793161 0.086525 0.602834 -0.542933 0.548892 0.635564
19.628359 -9.601196 -1620.108971 4150.134600 -0.587042 0.807050 -0.063649 0.558667 0.346958 -0.753334 0.585894 0.477798 0.654551
29.126718 7.935375 1345.078001 -5411.620432 0.758848 -0.648130 0.063856 -0.431843 -0.427358 0.794278 0.487505 0.630312 0.604190
24.817121 8.823209 -1854.003857 5283.442424 -0.710414 0.702770 0.037764 0.411589 0.458394 -0.787699 0.570882 0.544049 0.614902
29.399383 -0.423514 510.548583 -4186.793131 0.788472 -0.600607 0.132601 -0.455998 -0.426129 0.781332 0.412769 0.676524 0.609867
-1.423309 -46.182045 -271.387698 -436.159547 -0.462756 0.886455 0.007364 -0.785731 -0.413993 0.459604 -0.410467 -0.206898 -0.888093
-1.509176 -43.700447 136.619299 168.856824 -0.442861 0.896460 0.015260 -0.825394 -0.414282 0.383530 -0.350142 -0.157255 -0.923402
-1.492079 -44.397889 -234.887528 117.406147 -0.442005 0.897008 -0.002692 -0.847268 -0.416506 0.329636 -0.294565 -0.147982 -0.944104
-54.075515 -320.179600 3295.567195 -61276.735407 0.659624 0.546921 0.515533 -0.255539 -0.481859 0.838160 -0.706821 0.684609 0.178086
-20.471198 -121.996228 -673.847562 24836.617886 0.460441 0.337809 0.820902 0.510921 0.655381 -0.556269 -0.725916 0.675545 0.129170
-103.250631 -911.232794 -7858.647369 179676.302480 0.504077 0.288419 0.814077 0.430346 0.733361 -0.526292 -0.748805 0.615626 0.245550
49.008769 -1816.722961 -44241.729746 344171.870589 0.491107 0.257240 0.832251 0.484619 0.713221 -0.506420 -0.723850 0.652031 0.225605
-9.418917 -495.344560 1717.197342 110845.625871 0.884843 0.460020 -0.073717 0.126003 -0.388629 -0.912738 0.448526 -0.798342 0.401840
-13.105376 -57.701484 1346.896910 -2942.184969 -0.144040 0.973487 -0.177697 -0.909609 -0.200964 -0.363628 0.389698 -0.109258 -0.914439
-9.230270 -58.027389 2582.024372 -1303.662125 -0.237023 0.967920 -0.083371 -0.938517 -0.250303 -0.237769 0.251009 -0.021889 -0.967737
8.721828 -43.568587 3752.100134 866.876624 0.100025 0.978911 0.178123 0.987365 -0.119769 0.103757 0.122902 0.165494 -0.978523
2.564499 -43.474246 2622.304634 -871.095752 0.117066 0.980770 0.156158 0.984265 -0.093624 -0.149856 -0.132355 0.171244 -0.976298
-1.888191 -26.248672 -733.303167 787.173512 -0.576884 0.801122 -0.159399 0.808312 0.531792 -0.252645 -0.117632 -0.274590 -0.954339
-2.181264 -26.712545 -733.708962 -476.774184 -0.587927 0.794544 -0.151798 0.766459 0.487178 -0.418567 -0.258617 -0.362433 -0.895410
10.639042 -67.050038 200.091903 3198.312428 0.767636 -0.567852 0.297119 -0.192122 0.238392 0.951976 0.611412 0.787854 -0.073901
12.898939 -65.064040 -199.195897 3419.215217 0.796022 -0.525812 0.299785 -0.322675 0.050381 0.945168 0.512084 0.849108 0.129562
-7.577616 -65.486963 270.780398 -851.139134 0.774553 -0.610716 0.164599 -0.275736 -0.091822 0.956838 0.569243 0.786508 0.239517
-7.673694 -68.771525 -28.077787 -674.633565 0.777991 -0.612468 0.140048 -0.319224 -0.193357 0.927744 0.541134 0.766483 0.345944
1.919207 -58.648664 -76.002884 -3412.451726 0.852526 -0.460518 0.247230 0.521301 0.714735 -0.466261 -0.038017 -0.526381 -0.849399
0.564250 -70.888075 -102.715989 -4164.489154 0.856518 -0.453908 0.245652 0.511449 0.810338 -0.285959 0.069262 -0.370567 -0.926220
8.095944 -65.939861 -1422.194733 -3052.382614 0.867571 -0.430185 0.249521 0.497080 0.765475 -0.408606 0.015226 -0.478527 -0.877941
3.354141 -70.836233 -612.629767 -3917.863727 0.867287 -0.434689 0.242607 0.491188 0.826463 -0.275124 0.080912 -0.357777 -0.930295
-23.658645 -37.220861 2237.455496 825.177686 0.609829 0.709356 0.353444 -0.635101 0.704174 -0.317467 0.474083 0.030872 -0.879939
-15.848811 -38.897863 3989.467645 -1298.230566 0.214508 0.950495 0.224822 -0.917285 0.275115 -0.287922 0.335520 0.144464 -0.930890
-8.808926 -30.686156 3995.263586 -1623.350333 0.220418 0.940878 0.257224 -0.864361 0.310611 -0.395476 0.451992 0.135164 -0.881722
12.479075 -34.327170 -98.979063 553.196428 -0.545076 0.826716 -0.139403 0.490709 0.179775 -0.852576 0.679777 0.533125 0.503667
11.109312 -30.017421 -124.751627 45.248727 -0.533200 0.845214 -0.036208 0.621192 0.362104 -0.694983 0.574298 0.393057 0.718114
5.296641 -71.849223 -418.230096 -3280.236535 -0.611452 -0.105792 0.784178 -0.033625 0.993601 0.107826 -0.790567 0.039562 -0.611097
3.622756 -77.132580 -1499.241856 -5118.037835 -0.653482 -0.055212 0.754925 0.075424 0.987623 0.137520 -0.753175 0.146806 -0.641230
4.074138 -113.404885 -243.088324 -13632.682027 -0.613368 -0.002906 0.789792 0.283303 0.932636 0.223451 -0.737237 0.360808 -0.571226
-13.869243 -33.025882 -1092.735022 -165.953766 0.889921 -0.426293 0.162218 0.167569 0.636347 0.752983 0.424218 0.642912 -0.637732
-14.164142 -32.075776 -435.302705 -412.749019 0.866348 -0.475894 0.151548 0.260976 0.690069 0.675053 0.425832 0.545280 -0.722036
9.053078 -158.311764 1814.999345 14710.364589 0.771753 -0.633609 0.054200 0.380358 0.528226 0.759148 0.509632 0.565259 -0.648658
14.854171 -258.465545 1293.632654 36672.213808 0.780809 -0.624694 -0.009697 0.519246 0.640220 0.566129 0.347449 0.447074 -0.824260
-38.877281 -56.297416 497.413403 -322.978634 -0.118087 0.970330 -0.210987 -0.491446 0.127520 0.861522 -0.862865 -0.205423 -0.461806
-36.487501 -53.884035 185.880345 860.195814 -0.023055 0.989558 0.142279 -0.329577 -0.141884 0.933407 -0.943847 0.025372 -0.329406
-40.656394 -55.598904 800.767166 -96.752417 -0.060685 0.996708 -0.053764 -0.487447 0.017411 0.872979 -0.871041 -0.079183 -0.484785
-30.639893 -49.212960 285.618476 -149.123191 0.478701 0.375494 0.793631 0.682191 0.409945 -0.605442 -0.552685 0.831234 -0.059918
