15517
31022
-41.698284 -56.539333 983.299439 -7439.123625 0.740096 0.611916 -0.278956 0.201625 -0.597623 -0.776012 0.641564 -0.518079 0.565676
-53.048228 -74.294129 46.543599 -9180.573133 0.722249 0.689260 -0.057244 0.272202 -0.359363 -0.892617 0.635816 -0.629109 0.447167
-43.617701 -74.111602 678.448496 -12989.890534 0.651858 0.756591 -0.051491 0.363584 -0.371396 -0.854325 0.665499 -0.538177 0.517182
-43.995365 -59.732344 -387.565964 -5911.499154 0.803088 0.322030 -0.501344 -0.134298 -0.721907 -0.678833 0.580529 -0.612492 0.536507
-30.006877 -73.864152 5818.725879 -14647.483609 0.575332 0.815214 -0.066480 0.431354 -0.371472 -0.822157 0.694929 -0.444337 0.565366
-32.331637 -40.882314 2816.087590 4948.607139 0.729289 0.489383 -0.478165 -0.113536 0.775731 0.620767 0.674720 -0.398429 0.621294
-31.473462 -44.673531 -768.238969 1145.637550 0.661157 -0.137224 -0.737591 0.436447 0.870005 0.229360 0.610234 -0.473563 0.635101
-36.055263 -50.330310 -55.859915 2755.873219 0.749044 0.106134 -0.653964 0.291714 0.833415 0.469384 0.594841 -0.542360 0.593304
94.670618 -73.709974 5676.982391 264.674105 0.484035 0.866737 -0.120319 0.860212 -0.496521 -0.116196 0.160452 0.047257 0.985912
108.674273 -76.252344 -4127.439901 5155.841367 -0.568690 -0.808320 0.152347 0.820547 -0.570412 0.036504 0.057394 0.145767 0.987653
90.663343 -57.188693 -6464.197247 827.340643 -0.516054 -0.769429 0.376387 0.822821 -0.567411 -0.031784 0.238022 0.293297 0.925917
87.039519 -63.954625 5199.141260 -4097.030092 0.427491 0.867293 -0.255058 0.860012 -0.477115 -0.180942 0.278622 0.142002 0.949845
101.465063 -86.870393 18501.062477 -5461.346626 0.375328 0.925100 -0.057612 0.887093 -0.376536 -0.266995 0.268690 -0.049103 0.961974
26.758534 -99.622054 23996.870011 6285.734637 0.579547 0.765410 -0.279774 -0.535150 0.098531 -0.838991 0.614606 -0.635955 -0.466712
-7.223184 -83.507809 27403.032537 -14408.302024 0.547421 0.798600 -0.250135 0.625194 -0.191578 0.756591 0.556293 -0.570557 -0.604154
103.572771 -216.155628 49409.385890 -110798.299262 0.498725 0.847825 -0.180185 0.764850 -0.332672 0.551665 0.407773 -0.412943 -0.814371
-23.640206 -82.420036 23674.014621 1988.680989 0.573023 0.759885 -0.306951 -0.525654 0.053436 -0.849018 0.628754 -0.647857 -0.430057
21.883887 -16.663580 1596.735776 1358.120535 -0.745428 -0.504992 -0.435109 -0.012877 0.663530 -0.748039 0.666461 -0.552007 -0.501117
20.579121 -18.808748 3603.670213 -1169.738136 -0.766993 -0.459641 -0.447720 0.000983 0.696914 -0.717154 0.641655 -0.550492 -0.534076
14.989069 -17.713385 3977.095410 180.162786 -0.796884 -0.379755 -0.469854 0.070583 0.713882 -0.696700 0.599996 -0.588352 -0.542077
21.715778 -19.268331 3731.592931 1574.386937 -0.785305 -0.443015 -0.432473 0.041205 0.659593 -0.750493 0.617736 -0.607186 -0.499728
16.983329 -20.271122 -4480.906744 1090.979346 0.801916 0.359022 0.477529 0.117490 0.688919 -0.715253 0.585770 -0.629678 -0.510274
7.168322 -20.797508 -2181.315462 757.948799 0.767078 0.219577 0.602808 0.255610 0.757206 -0.601084 0.588434 -0.615162 -0.524710
4.399016 -18.668765 3475.330167 280.616272 -0.788558 -0.289652 -0.542473 0.149965 0.764922 -0.626422 0.596394 -0.575322 -0.559748
8.063455 -19.588510 5932.770067 -986.792326 -0.804415 -0.381951 -0.455005 0.031995 0.736948 -0.675191 0.593205 -0.557692 -0.580592
65.261415 -49.692952 16413.195497 -2217.231214 0.426101 0.888424 -0.170707 0.852507 -0.457468 -0.252893 0.302770 0.037771 0.952315
78.440245 -49.884479 6949.245156 759.147991 0.477064 0.878714 0.016490 0.817885 -0.437016 -0.374275 0.321674 -0.192041 0.927171
82.231573 -47.775144 -2334.350029 -2682.790736 -0.488616 -0.868178 -0.086725 0.860594 -0.463198 -0.211721 0.143641 -0.178085 0.973475
70.539875 -45.727136 13983.307460 -3139.315454 0.436193 0.891089 -0.125283 0.880752 -0.451310 -0.143509 0.184421 0.047746 0.981687
51.410759 -47.222773 20219.796379 -2837.157861 0.415428 0.865645 -0.279425 0.870797 -0.467259 -0.152909 0.262929 0.179800 0.947914
1.246605 -50.733793 -60.730860 1690.089701 0.733389 0.272564 -0.622776 -0.226470 0.961732 0.154218 0.640978 0.027938 0.767051
1.418294 -54.127112 -64.660939 1298.702095 0.731765 0.281616 -0.620655 -0.117917 0.949222 0.291674 0.671279 -0.140251 0.727815
1.212432 -51.676261 154.197493 1303.985182 0.731304 0.271799 -0.625555 -0.209294 0.962345 0.173456 0.649145 0.004076 0.760654
0.598283 -48.802567 -165.279077 1134.997503 0.745347 0.244821 -0.620097 -0.289273 0.956775 0.030042 0.600649 0.156986 0.783949
1.111518 -47.009771 -197.820244 1562.592694 0.743026 0.247421 -0.621848 -0.308764 0.951091 0.009488 0.593781 0.184955 0.783081
58.400089 -67.303517 1049.364664 -8155.289047 0.889608 0.296219 -0.347638 0.446800 -0.722255 0.527937 0.094698 0.624981 0.774875
50.780264 -64.337403 2123.579293 -8815.567314 0.870124 0.201516 -0.449750 0.430964 -0.753808 0.496028 0.239067 0.625432 0.742753
55.098104 -76.586805 23.860550 -12007.909166 0.872731 0.325882 -0.363511 0.465421 -0.780172 0.417988 0.147386 0.533978 0.832553
57.685457 -82.449255 370.256521 -10371.932750 0.861648 0.427632 -0.273300 0.506833 -0.752806 0.420005 0.026134 0.500414 0.865392
49.180121 -90.795565 -235.907406 -5019.997045 0.842980 0.456555 -0.284504 0.524589 -0.814794 0.246815 0.119128 0.357308 0.926358
47.445166 -85.643878 -87.130821 -5479.423466 0.853588 0.356888 -0.379498 0.465385 -0.849760 0.247639 0.234103 0.387994 0.891435
-14.949315 -83.992093 237.584379 -541.902091 0.661274 0.737624 -0.136479 0.123104 0.072763 0.989723 -0.739974 0.671279 0.042688
-14.079599 -84.392180 309.967747 1247.940109 0.692301 0.703986 -0.158501 0.050130 0.172200 0.983786 -0.719866 0.689021 -0.083923
-14.149864 -86.335530 227.764266 931.399159 0.656663 0.742856 -0.130224 -0.006321 0.178084 0.983995 -0.754158 0.645330 -0.121637
-24.654024 -50.177608 -3581.305574 -409.446477 -0.835888 0.238391 0.494430 0.303299 0.951361 0.054059 -0.457494 0.195147 -0.867535
-23.684771 -46.775632 -2763.744655 -705.023849 -0.854620 0.201821 0.478428 0.197608 0.978458 -0.059765 -0.480184 0.043465 -0.876091
-35.760012 -53.440861 -3446.300626 734.577529 -0.684826 0.536076 0.493594 0.528731 0.831660 -0.169663 -0.501455 0.144789 -0.852983
26.890415 -71.951204 -10146.134076 7878.613560 0.829918 0.058822 -0.554776 0.557784 -0.068512 0.827153 -0.010646 0.995915 0.089669
107.125689 -48.515339 -32227.267605 45.637283 0.969925 0.055217 -0.237059 0.240607 -0.070254 0.968077 -0.036800 0.996000 0.081427
30.526427 -66.308757 -4737.917780 8211.715275 0.859205 -0.006884 -0.511586 0.494108 -0.248292 0.833192 0.132758 0.968661 0.209932
250.017570 -25.448011 -175752.448537 -17756.388483 0.960568 0.261657 0.094050 -0.112364 0.055900 0.992094 -0.254330 0.963541 -0.083096
-1.866743 -92.071141 -825.515070 18665.921991 -0.683544 0.013659 0.729781 0.719977 -0.151756 0.677202 0.119999 0.988324 0.093898
66.915703 -31.412974 -76738.405670 -9386.992589 0.971420 0.202244 -0.124260 0.109667 0.081871 0.990591 -0.210514 0.975907 -0.057351
-9.799282 -120.180517 -352.439707 41841.078550 -0.607341 0.011872 0.794353 0.794021 -0.023459 0.607438 0.025846 0.999654 0.004821
-0.053691 -28.128179 -2072.902156 -342.488618 0.692538 0.012903 0.721266 0.462059 0.759885 -0.457249 0.553979 -0.649929 -0.520288
4.082866 -31.444283 -5067.391220 310.157968 0.743036 0.076787 0.664832 0.433608 0.701460 -0.565630 0.509786 -0.708560 -0.487915
10.475262 -25.503331 -1231.790569 1393.088588 0.758947 0.186613 0.623839 0.320319 0.727121 -0.607199 0.566918 -0.660659 -0.492071
-6.182545 -36.057595 -5028.468192 -3315.335429 0.650938 -0.098617 0.752698 0.576121 0.709839 -0.405232 0.494332 -0.697426 -0.518877
-6.025917 -34.594445 2774.801542 -3817.353921 -0.568730 0.197533 -0.798453 0.610751 0.751625 -0.249084 0.550935 -0.629317 -0.548116
-1.138687 -187.687360 -1396.218318 18602.407420 -0.545033 0.739434 -0.395191 0.352374 0.629731 0.692294 -0.760770 -0.238068 0.603782
-3.307197 -163.975302 2.437459 1955.729521 -0.523871 0.754866 -0.394636 0.506207 0.648509 0.568499 -0.685065 -0.098053 0.721853
-3.627308 -164.832807 -115.460522 11275.253792 -0.535269 0.743498 -0.400871 0.387348 0.637798 0.665714 -0.750632 -0.201060 0.629386
-2.445736 -177.917031 353.085399 22684.238457 -0.537661 0.734907 -0.413318 0.226762 0.598175 0.768613 -0.812096 -0.319528 0.488264
-4.631505 -159.245005 -999.942668 12032.496798 -0.538910 0.732658 -0.415677 0.401116 0.657125 0.638194 -0.740731 -0.177194 0.648013
-2.778276 -175.735721 -503.684234 24742.671486 -0.543280 0.721894 -0.428620 0.244101 0.624302 0.742066 -0.803282 -0.298523 0.515386
-2.180477 -156.795321 -1229.890920 9799.405811 -0.517382 0.702775 -0.488287 0.726278 0.058832 -0.684879 -0.452589 -0.708976 -0.540848
-2.278634 -178.308215 -1013.829735 11545.170351 -0.531218 0.695812 -0.483377 0.602741 -0.090577 -0.792780 -0.595408 -0.712490 -0.371278
-6.679723 -161.453978 -1709.103976 12244.340276 -0.525187 0.705269 -0.476208 0.689716 0.024987 -0.723649 -0.498468 -0.708500 -0.499558
-7.255585 -143.428438 -1790.321660 11583.469863 -0.502631 0.708324 -0.495621 0.799313 0.162372 -0.578562 -0.329334 -0.686959 -0.647786
-9.962860 -156.925706 -2160.032046 15181.736678 -0.522980 0.711221 -0.469740 0.700158 0.044182 -0.712619 -0.486076 -0.701578 -0.521074
-10.294187 -126.757236 -1993.332993 -6322.937086 -0.692262 0.577946 -0.432148 0.695479 0.694107 -0.185810 0.192569 -0.429179 -0.882453
-12.981369 -138.827087 -2000.776968 -5992.375716 -0.664381 0.597132 -0.449479 0.669838 0.742498 -0.003690 0.331534 -0.303530 -0.893283
-10.634958 -131.080492 -3586.208060 -8202.415151 -0.685318 0.564737 -0.459795 0.698213 0.688975 -0.194453 0.206973 -0.454297 -0.866474
23.217230 -41.969607 -8502.017753 -2596.186008 -0.207410 0.977686 -0.033346 0.942776 0.190675 -0.273525 0.261063 0.088170 0.961287
19.233411 -38.573890 2301.399418 -2517.460910 -0.198225 0.978721 -0.053032 0.952383 0.179537 -0.246442 0.231676 0.099358 0.967706
27.165465 -36.408605 -8927.336592 598.296996 -0.274028 0.961476 -0.021729 0.943412 0.264354 -0.200224 0.186766 0.075366 0.979509
37.993833 -40.195011 -17855.310962 -1670.509310 -0.234672 0.971607 -0.030159 0.941758 0.219556 -0.254729 0.240875 0.088180 0.966542
35.034429 -47.047357 -17518.163251 -4261.027660 -0.181530 0.982646 -0.038139 0.927833 0.158295 -0.337740 0.325841 0.096697 0.940467
-5.259038 -1057.972588 -8237.382923 -440842.133858 0.849284 -0.180047 0.496286 0.030238 0.955095 0.294753 -0.527070 -0.235322 0.816591
-11.180934 -207.680911 19106.953910 -55819.456495 0.860932 0.116049 0.495306 -0.239238 0.951611 0.192880 -0.448955 -0.284552 0.847036
-27.057802 -641.662469 -1270.300126 -205928.546687 0.758855 -0.487376 0.431977 0.397044 0.871992 0.286333 -0.516233 -0.045772 0.855224
52.050306 -888.606092 66616.850277 -184569.634495 0.753598 0.188395 0.629760 -0.277338 0.959729 0.044768 -0.595965 -0.208393 0.775499
-31.113857 -1076.058722 -8781.091682 326579.968651 0.703967 -0.468891 0.533453 -0.686937 -0.640301 0.343703 -0.180411 0.608404 0.772849
12.386460 -4.973993 3055.304491 1855.369551 0.952806 0.303502 -0.006861 -0.257609 0.796361 -0.547217 0.160618 -0.523160 -0.836962
9.225927 -8.274348 1823.826706 129.140212 0.934211 0.354580 -0.039032 -0.310535 0.754522 -0.578156 0.175552 -0.552241 -0.814992
7.574947 -4.209377 1163.032933 1238.503044 0.883663 0.455630 -0.107433 -0.438210 0.724393 -0.532190 0.164658 -0.517355 -0.839781
13.088149 0.919184 3500.597454 3463.750405 0.932207 0.361555 -0.016352 -0.318815 0.798945 -0.509946 0.171309 -0.480588 -0.860051
16.645785 -5.637227 2840.535081 2113.792099 0.962645 0.270395 -0.014164 -0.235450 0.810111 -0.536920 0.133706 -0.520199 -0.843514
33.247282 -21.818732 -9592.229449 2183.186201 0.584928 0.671804 -0.454465 -0.023690 -0.545928 -0.837497 0.810739 -0.500642 0.303413
27.551338 -19.136268 -9305.729156 273.242755 0.599663 0.648869 -0.468373 -0.067142 -0.542423 -0.837418 0.797431 -0.533616 0.281705
11.691825 -21.624812 -11268.687343 2574.734179 0.632812 0.628780 -0.451867 -0.034320 -0.560228 -0.827627 0.773544 -0.539241 0.332939
18.859419 -29.071083 -11422.554268 3824.469222 0.622731 0.669305 -0.405261 0.037778 -0.543064 -0.838841 0.781523 -0.507063 0.363468
-12.349353 -36.722906 -4472.514346 -1640.430221 0.727254 -0.631900 0.267962 0.608623 0.774183 0.173839 -0.317300 0.036663 0.947616
-2.018391 -34.029882 -4985.210973 -1778.938424 0.666941 -0.685768 0.291396 0.638197 0.727594 0.251619 -0.384570 0.018153 0.922917
-16.072784 -32.546636 -4057.373284 -1676.267951 0.731672 -0.629878 0.260595 0.573370 0.775442 0.264454 -0.368650 -0.044076 0.928523
1.551373 -40.330455 -6497.300910 -1804.277993 0.674238 -0.669946 0.310764 0.683623 0.725375 0.080567 -0.279396 0.158125 0.947066
17.511834 -43.643297 -6251.291973 -1502.992907 0.617869 -0.721256 0.313094 0.764185 0.644580 -0.023183 -0.185094 0.253586 0.949439
13.439769 -40.756405 4905.635594 -1504.443313 -0.622543 0.726223 -0.291617 0.741199 0.666730 0.078072 -0.251128 0.167543 0.953344
4.285666 -331.052486 770.755562 -73565.399959 0.724908 0.650256 -0.227324 0.146088 0.177377 0.973240 -0.673177 0.738718 -0.033588
4.713550 -306.147623 937.626432 13901.452198 0.723696 0.652694 -0.224175 0.374130 -0.098098 0.922173 -0.579906 0.751244 0.315186
11.968745 -347.636511 3423.553526 -10257.569153 0.748401 0.624679 -0.222873 0.303712 -0.024045 0.952460 -0.589623 0.780511 0.207718
18.147432 -60.429989 -239.969628 5858.351694 0.984227 0.073645 -0.160850 -0.049071 0.987204 0.151725 0.169966 -0.141439 0.975247
-11.997052 -60.871354 3683.712010 2936.623091 0.917819 -0.385224 -0.095975 -0.391076 -0.918912 -0.051581 0.068322 -0.084876 0.994046
7.554214 -60.001946 -1811.323300 1111.350032 0.909894 0.374145 -0.179188 -0.367520 0.927368 0.070129 0.192411 0.002045 0.981312
19.910641 -81.116590 5491.523904 -1133.165536 0.899436 0.350988 -0.260429 -0.315443 0.933769 0.169032 0.302508 -0.069883 0.950581
32.715514 -78.570541 4592.409630 2589.707478 0.963735 0.144522 -0.224340 0.068290 -0.946229 -0.316208 0.257976 -0.289420 0.921783
9.988461 -22.289776 -1.868838 -7201.324245 0.671149 -0.631469 0.388337 0.259294 0.690718 0.675037 -0.694496 -0.352357 0.627311
12.069979 -29.898484 5658.746578 -3246.957356 0.684852 -0.649631 0.330087 0.324128 0.677293 0.660466 -0.652625 -0.345331 0.674409
7.564647 -20.847679 -5033.980444 -3381.736639 -0.647801 0.730975 -0.214543 0.384159 0.556640 0.736596 -0.657856 -0.394749 0.641403
-0.126903 -19.215536 -240.466833 -514.546895 -0.504369 0.860184 -0.075474 0.699000 0.458044 0.549176 -0.506963 -0.224231 0.832291
-2.769141 -23.074000 -991.886998 -553.241588 -0.433864 0.900883 -0.013087 0.762942 0.375080 0.526530 -0.479251 -0.218458 0.850056
-3.331858 -20.608743 -646.849538 -833.681729 -0.397241 0.917670 0.008959 0.749234 0.318660 0.580607 -0.529951 -0.237354 0.814135
14.542454 -118.341592 -3584.113156 20515.430784 0.216020 0.971780 0.094755 -0.856428 0.235190 -0.459583 0.468899 -0.018129 -0.883066
28.567874 -133.814146 -7452.789480 10246.243130 0.196906 0.975149 0.101553 -0.743099 0.216008 -0.633360 0.639556 -0.049249 -0.767165
18.636235 -127.475044 -5605.539240 26778.616496 0.166077 0.983073 0.077362 -0.924561 0.182514 -0.334479 0.342937 0.015977 -0.939223
38.235746 -142.168858 -7542.100520 34146.474367 0.103489 0.987562 0.118368 -0.914468 0.141279 -0.379195 0.391201 0.069001 -0.917715
22.185681 -98.696899 -7084.302622 25054.633105 0.122640 0.989436 0.077305 -0.964970 0.137085 -0.223698 0.231932 0.047162 -0.971588
-56.942319 -74.180278 -1526.798308 2986.863969 0.731896 -0.648403 -0.209529 0.663706 0.608688 0.434733 0.154344 0.457246 -0.875845
-57.446620 -75.422976 -1430.303595 3.707878 0.798213 -0.564010 -0.211539 0.602176 0.738095 0.304300 0.015493 0.370280 -0.928791
-56.586283 -73.254420 65.128220 2052.908048 -0.637400 0.682617 0.357430 0.767690 0.522773 0.370622 0.066138 0.510630 -0.857253
-56.430784 -76.817494 -1863.332686 302.631246 0.805626 -0.576645 -0.135824 0.587492 0.748113 0.308513 0.076291 0.328341 -0.941473
13.363309 -46.671846 -3796.797246 -947.909297 0.551845 0.722546 0.416408 0.115796 -0.560874 0.819763 -0.825868 0.404164 0.393183
11.792138 -47.243529 1816.213546 -1095.744142 0.561534 0.715371 0.415841 0.112223 -0.563753 0.818284 -0.819808 0.412828 0.396848
12.349122 -45.857928 -3038.938691 -955.139612 0.555389 0.715723 0.423418 0.021480 -0.521344 0.853076 -0.831313 0.464695 0.304922
12.232020 -47.902949 1517.531781 -292.345059 0.565480 0.718686 0.404627 0.207979 -0.599000 0.773268 -0.798108 0.353114 0.488194
18.713280 -45.022679 -6200.058569 -65.698253 0.561342 0.711904 0.422005 0.033285 -0.528933 0.848011 -0.826914 0.461978 0.320608
19.239922 -46.030269 -6559.596403 -417.537765 0.558354 0.713885 0.422623 0.114270 -0.570752 0.813132 -0.821696 0.405722 0.400257
13.866315 -47.482212 -3445.679023 -845.031975 0.556176 0.722969 0.409859 0.200747 -0.595442 0.777914 -0.806454 0.350379 0.476304
16.962151 -56.830872 -865.185404 15192.407774 -0.580308 -0.610053 -0.539516 0.731012 -0.682202 -0.014889 -0.358976 -0.403032 0.841844
12.021024 -45.207549 451.020260 -9305.207710 0.579583 0.622918 0.525411 -0.718986 0.694371 -0.030118 -0.383591 -0.360308 0.850315
18.050749 -43.432716 -2990.572201 2157.495783 -0.508739 -0.695087 -0.507974 0.804832 -0.593472 0.006034 -0.305662 -0.405764 0.861351
21.118489 -52.131596 -984.581342 8512.370902 -0.520113 -0.650883 -0.553023 0.807652 -0.585420 -0.070576 -0.277814 -0.483357 0.830172
16.953683 -72.848065 -840.038578 19210.608623 -0.604119 -0.559788 -0.567167 0.713779 -0.696580 -0.072766 -0.354344 -0.448791 0.820382
-11.009792 -89.962646 157.723783 1317.468368 0.733434 0.453599 0.506283 -0.317921 -0.429420 0.845296 -0.600834 0.780926 0.170743
-10.048769 -92.311750 472.509568 1037.085290 0.765297 0.424000 0.484298 -0.312207 -0.413450 0.855328 -0.562892 0.805781 0.184036
-10.171678 -94.159434 311.783431 2336.347578 0.729473 0.443253 0.520956 -0.455933 -0.252659 0.853398 -0.509896 0.860052 -0.017785
-10.307058 -93.067682 -32.966925 2957.646154 0.699276 0.475541 0.533737 -0.460563 -0.271319 0.845143 -0.546713 0.836808 -0.029290
-10.576416 -88.034156 -230.287896 1496.671383 0.701399 0.484940 0.522372 -0.319141 -0.441642 0.838511 -0.637329 0.754842 0.155003
-4.873449 -89.829283 -1986.179313 -4369.786318 0.565426 0.448407 0.692260 -0.413049 0.880421 -0.232916 -0.713921 -0.154240 0.683027
-10.363382 -91.572977 -785.854768 -4568.273941 0.607325 0.443531 0.659118 -0.353594 0.893853 -0.275679 -0.711427 -0.065634 0.699689
-6.070547 -95.159516 -1756.316284 -4932.481337 0.565515 0.454086 0.688475 -0.277182 0.890867 -0.359896 -0.776764 0.012694 0.629664
97.461575 -43.879530 19510.604279 -792.441020 0.044159 0.871786 0.487893 -0.647857 0.396747 -0.650287 0.760481 0.287369 -0.582312
77.903253 -48.014442 44552.222479 -2384.590200 -0.146600 0.796803 0.586186 -0.588242 0.406202 -0.699265 0.795286 0.447331 -0.409164
59.075988 -49.382996 30425.504060 289.277250 -0.118288 0.815866 0.566013 -0.703048 0.333728 -0.627972 0.701236 0.472216 -0.534117
-5.122944 -53.228441 -904.581688 -17.734803 -0.585667 -0.576804 -0.569466 -0.346091 0.813256 -0.467799 0.732950 -0.076887 -0.675924
-6.772539 -51.813783 -363.223453 829.722076 -0.606103 -0.587590 -0.536076 -0.399252 0.807677 -0.433885 0.687922 -0.048950 -0.724132
-5.746668 -54.183429 -685.606508 -539.459690 -0.612662 -0.534415 -0.582277 -0.438699 0.842769 -0.311904 0.657411 0.064352 -0.750779
-3.897892 -57.049604 -628.886183 -1443.880866 -0.605513 -0.526485 -0.596798 -0.376707 0.850182 -0.367807 0.701032 0.002106 -0.713127
-4.984167 -61.415466 -409.004023 -1474.165496 -0.640694 -0.473643 -0.604295 -0.482125 0.860718 -0.163461 0.597550 0.186618 -0.779813
-6.457240 -57.966334 -449.077812 -1337.235560 -0.647567 -0.480222 -0.591645 -0.508980 0.850415 -0.133169 0.567095 0.214900 -0.795124
7.676458 -24.902692 720.088361 410.384014 0.341204 0.829297 0.442547 0.934171 -0.351463 -0.061633 0.104427 0.434443 -0.894625
7.230991 -27.760813 475.804166 2125.833451 0.432709 0.805411 0.405064 0.888665 -0.456700 -0.041233 0.151783 0.377808 -0.913358
13.413349 -23.818302 3179.521504 2127.969215 0.232954 0.834139 0.499945 0.944394 -0.316716 0.088380 0.232062 0.451556 -0.861536
0.270854 -157.176349 -495.768672 -2013.851330 0.699791 0.335394 0.630717 -0.251454 0.942072 -0.221970 -0.668628 -0.003264 0.743590
-1.737947 -150.882774 -465.449825 -1986.448781 0.709600 0.322512 0.626461 -0.210061 0.945497 -0.248818 -0.672563 0.044966 0.738672
-1.710338 -157.477159 -444.358641 -3676.992436 0.694314 0.353337 0.626962 -0.110569 0.913207 -0.392209 -0.711127 0.202993 0.673121
0.446195 -160.896639 71.042142 -5383.480389 0.699878 0.365659 0.613567 -0.159271 0.917288 -0.364987 -0.696278 0.157723 0.700229
-5.454076 -193.160469 -1886.508672 29665.580181 0.770715 0.446011 0.455052 -0.551729 0.109886 0.826753 -0.318736 0.888256 -0.330768
-4.278293 -215.027240 -650.035142 21834.417926 0.786329 0.435293 0.438415 -0.599389 0.365524 0.712127 -0.149733 0.822747 -0.548332
-3.038209 -198.644945 634.740045 28903.025127 0.769555 0.434143 0.468300 -0.556980 0.097638 0.824767 -0.312343 0.895537 -0.316947
-12.664490 -156.401067 1281.266599 1681.209351 0.648398 0.158801 0.744555 0.495502 0.654467 -0.571097 0.577977 -0.739226 -0.345669
-11.976562 -148.991976 -2491.647062 5112.211088 -0.662189 -0.200995 -0.721877 0.329733 0.786916 -0.521574 0.672891 -0.583407 -0.454812
-9.689464 -149.859980 -397.170158 2166.743339 0.635893 0.166605 0.753580 0.491970 0.664819 -0.562121 0.594647 -0.728188 -0.340789
-8.824060 -42.540403 -2163.114129 897.747389 0.548074 0.810074 0.208316 0.320475 -0.433423 0.842283 -0.772600 0.394873 0.497157
-11.673648 -42.701025 -1327.784764 -669.864585 0.569818 0.795580 0.205815 0.252392 -0.407780 0.877504 -0.782052 0.448071 0.433159
-5.841269 -41.388588 -2360.288733 -350.965892 0.541293 0.809179 0.228543 0.238026 -0.408149 0.881339 -0.806440 0.422663 0.413534
-7.344922 -42.494580 -884.139837 690.077175 0.549671 0.805313 0.222110 0.324766 -0.450965 0.831359 -0.769668 0.384840 0.509421
-9.627779 -41.895677 -1768.696908 1529.856289 0.554821 0.798619 0.233197 0.388715 -0.496654 0.776038 -0.735577 0.339915 0.585989
-10.256505 -54.162396 -2273.977532 -702.618181 0.681246 0.692000 0.238831 -0.410632 0.091135 0.907235 -0.606041 0.716122 -0.346243
-2.204531 -52.732018 -5074.049026 -966.819892 0.641917 0.727108 0.243426 -0.463381 0.114922 0.878676 -0.610917 0.676836 -0.410699
-2.215939 -53.707210 -5186.025418 245.796845 0.644728 0.727713 0.234006 -0.361023 0.020046 0.932342 -0.673786 0.685589 -0.275645
-19.143806 -38.144776 -68.664837 2361.769804 0.622045 -0.624832 0.471853 0.298990 0.746525 0.594395 -0.723646 -0.228661 0.651191
-16.779571 -41.817182 -248.596178 2584.344258 -0.545344 0.792251 -0.273749 0.449079 0.551912 0.702653 -0.707763 -0.260253 0.656765
-24.070403 -35.121662 -195.290986 -790.344957 -0.499750 0.815598 -0.291633 0.511480 0.549598 0.660553 -0.699027 -0.180947 0.691824
-11.862666 -54.217080 -4573.244426 -3070.352539 0.813512 0.497509 -0.301136 -0.543131 0.835061 -0.087645 -0.207862 -0.234857 -0.949545
-25.646562 -56.866293 -7039.020292 -3185.932052 0.844280 0.458687 -0.277123 -0.499049 0.861390 -0.094646 -0.195298 -0.218205 -0.956162
-16.936607 -48.634678 -5320.039539 -2203.120918 0.787318 0.538933 -0.299469 -0.602191 0.776387 -0.185979 -0.132273 -0.326762 -0.935805
-20.960827 -61.686006 6967.113852 -3203.650390 -0.832670 -0.464044 0.302199 -0.478087 0.877780 0.030576 -0.279453 -0.119018 -0.952754
-6.655227 -46.485231 -3488.689869 -2340.356756 0.793509 0.524002 -0.309459 -0.589829 0.787414 -0.179113 -0.149817 -0.324656 -0.933892
-9.031784 -60.823309 3794.328833 -3494.931518 -0.797217 -0.520478 0.305856 -0.536259 0.843234 0.037174 -0.277256 -0.134382 -0.951352
-2.554863 -52.893555 -3113.390928 -3402.810779 0.803423 0.508437 -0.309844 -0.553215 0.829858 -0.072728 -0.220149 -0.229842 -0.948002
-3.513074 -48.169022 -3345.598492 -2391.734138 0.804358 0.505734 -0.311834 -0.564503 0.814216 -0.135606 -0.185320 -0.285107 -0.940410
8.329234 -61.022786 -400.123974 -2318.127340 0.856408 0.291915 0.425854 -0.175322 0.940233 -0.291933 -0.485621 0.175352 0.856402
7.086973 -62.523575 -406.959927 -1652.341839 0.839248 0.313528 0.444255 -0.169633 0.927214 -0.333914 -0.516611 0.204876 0.831348
8.162727 -66.173523 225.413633 -1749.059784 0.865381 0.287824 0.410212 -0.082164 0.889016 -0.450443 -0.494333 0.356101 0.792986
-38.612408 -91.620284 3503.791922 -15912.675518 0.592643 0.801643 0.078375 0.387825 -0.198716 -0.900058 0.705951 -0.563808 0.428665
-59.155925 -80.181940 21.487625 -3084.811428 0.770689 0.619343 -0.149841 0.071647 -0.317885 -0.945418 0.633171 -0.717888 0.289365
-49.095913 -86.398476 825.663953 -5499.010605 0.663696 0.738281 0.120204 0.267564 -0.084254 -0.959849 0.698511 -0.669210 0.253457
-49.135094 -71.968440 163.911592 -5886.976348 0.818660 0.364034 -0.444157 -0.147615 -0.614038 -0.775350 0.554983 -0.700312 0.448951
102.483050 -72.231842 -7668.236251 6151.890127 -0.620749 -0.698539 0.355967 0.774522 -0.616806 0.140240 0.121600 0.362758 0.923916
116.017247 -81.324955 1906.052346 5482.019755 -0.619337 -0.767387 0.165945 0.781033 -0.580639 0.229883 -0.080055 0.271984 0.958966
122.941128 -82.646344 3418.204991 5066.522930 0.578772 0.815392 0.012596 0.807513 -0.575198 0.130652 -0.113778 0.065446 0.991348
-44.261811 -71.891873 -670.632644 301.414278 0.555106 -0.716983 -0.421655 0.611584 0.008239 0.791137 -0.563757 -0.697042 0.443069
-44.707604 -71.261405 -919.405781 550.662829 0.597859 -0.685277 -0.415886 -0.494997 0.092473 -0.863960 -0.630510 -0.722388 0.283924
-46.398562 -72.734352 -740.635866 -366.591853 0.634125 -0.601475 -0.485915 -0.615448 -0.012185 -0.788084 -0.468091 -0.798799 0.377903
-42.509502 -70.462914 861.338718 -1119.393542 -0.514493 0.786276 0.342150 0.477777 -0.068481 0.875808 -0.712058 -0.614069 0.340431
-42.481571 -70.579319 386.996205 588.574805 -0.477140 0.811031 0.338475 0.603723 0.022611 0.796874 -0.638636 -0.584566 0.500427
22.480854 -17.405155 -267.034756 -919.416347 -0.720251 -0.524073 -0.454518 -0.025331 0.674627 -0.737724 0.693251 -0.519833 -0.499176
20.935308 -22.199330 -496.926510 -3822.428342 -0.718315 -0.519666 -0.462571 -0.030781 0.687969 -0.725087 0.695037 -0.506602 -0.510174
20.074433 -24.106796 2046.890275 -3169.704417 -0.756398 -0.476644 -0.447964 -0.031118 0.710289 -0.703222 0.653371 -0.517976 -0.552094
88.250545 -48.884477 4384.160667 1996.625475 -0.547146 -0.814234 -0.194048 0.778832 -0.410292 -0.474427 0.306678 -0.410711 0.858641
69.293697 -47.810437 12714.431740 3934.872748 0.453616 0.888589 -0.068136 0.730159 -0.414397 -0.543271 0.510980 -0.196687 0.836788
84.171077 -48.619369 11388.784343 3380.026256 -0.567922 -0.797677 -0.202919 0.715010 -0.356005 -0.601682 0.407708 -0.486797 0.772530
57.340336 -47.262658 38621.214552 1932.628511 0.333069 0.901518 -0.276281 0.678379 -0.432618 -0.593837 0.654879 -0.010365 0.755662
84.565571 -45.893197 30548.932260 1869.942978 0.397723 0.907458 -0.135412 0.689753 -0.393045 -0.608076 0.605026 -0.148445 0.782245
87.156679 -46.212114 1362.460828 3337.351547 0.492308 0.868897 0.051493 0.696560 -0.357808 -0.621915 0.521955 -0.342041 0.781390
1.482482 -55.558382 119.876565 97.246880 0.727042 0.278332 -0.627648 0.021574 0.904436 0.426064 0.686254 -0.323307 0.651558
0.075405 -56.368354 194.886501 397.008044 0.727553 0.275727 -0.628205 0.025268 0.904291 0.426168 0.685586 -0.325933 0.650952
1.692238 -53.946303 365.733062 778.518951 0.725532 0.280781 -0.628304 -0.098683 0.945994 0.308799 0.681077 -0.162041 0.714057
0.611431 -55.575765 164.245898 -677.978237 0.723313 0.268408 -0.636219 0.172272 0.822086 0.542676 0.668686 -0.502128 0.548386
1.892140 -54.582536 562.155835 -244.074405 0.722918 0.280004 -0.631655 0.036899 0.897254 0.439970 0.689948 -0.341369 0.638309
1.433601 -54.365860 67.275464 -703.008397 0.725481 0.267580 -0.634096 0.167478 0.824996 0.539752 0.667554 -0.497778 0.553705
48.453623 -57.022162 4659.547101 679.434287 0.877474 0.139287 -0.458954 0.403959 -0.730492 0.550635 0.258566 0.668566 0.697254
42.330944 -54.630559 6251.367258 -5794.234011 0.833931 0.070331 -0.547370 0.393973 -0.770419 0.501237 0.386452 0.633646 0.670185
41.368974 -64.959894 4280.790435 -9944.699626 0.828960 0.121235 -0.546011 0.390016 -0.825017 0.408942 0.400890 0.551950 0.731190
-15.772853 -83.625687 323.704130 -2344.665100 0.687886 0.709145 -0.154684 0.254746 -0.036327 0.966325 -0.679645 0.704126 0.205641
-14.585178 -86.480633 597.527765 -2932.759449 0.718725 0.669670 -0.187020 0.381363 -0.154777 0.911376 -0.581375 0.726351 0.366630
-13.765682 -82.201494 674.602123 -2978.119604 0.721391 0.666023 -0.189757 0.276342 -0.025595 0.960719 -0.635004 0.745492 0.202514
-8.179145 -100.495595 -1764.395617 -2124.864154 0.566939 0.823029 0.034687 0.745171 -0.530347 0.404292 -0.351140 0.203362 0.913972
4.088862 -101.688419 -3634.779166 -1481.467582 0.567397 0.820723 0.066890 0.732576 -0.540209 0.414132 -0.376022 0.185976 0.907756
-7.273012 -102.707099 -1529.124156 -2232.384840 0.579962 0.813733 0.038506 0.788864 -0.572779 0.222750 -0.203315 0.098810 0.974115
4.483140 -93.562610 -3601.720529 -2436.439388 0.565351 0.822805 0.058051 0.656862 -0.491663 0.571664 -0.498910 0.285059 0.818432
-12.794646 -100.885701 -1147.251274 -140.311611 0.595385 0.803440 0.000821 0.788443 -0.584467 0.191719 -0.154515 0.113500 0.981449
-13.558170 -98.446670 -1329.307070 -1382.626884 0.581043 0.813873 -0.000303 0.749648 -0.535047 0.389553 -0.316885 0.226574 0.921004
-8.721134 -94.370148 -1561.942219 -3782.717280 0.561557 0.827116 0.023072 0.668517 -0.469957 0.576390 -0.487585 0.308252 0.816849
-14.360655 -46.465873 -1647.556795 -148.372904 -0.889322 0.064503 0.452709 0.097138 0.994055 0.049189 -0.446845 0.087720 -0.890301
-15.786817 -47.788873 -1386.148443 298.739898 -0.892574 0.002860 0.450893 -0.029061 0.997536 -0.063856 -0.449964 -0.070100 -0.890291
-25.367727 -47.407762 -2704.107363 699.618984 -0.876461 0.097586 0.471480 0.035964 0.989778 -0.138007 -0.480128 -0.104002 -0.871011
93.674758 -45.632033 -16597.002840 6039.685409 0.971682 -0.066975 -0.226603 0.208223 -0.210649 0.955128 0.111704 0.975265 0.190738
217.512173 -91.024572 -53270.809839 -24611.306227 0.977620 -0.050246 -0.204290 0.204886 0.006964 0.978761 0.047757 0.998713 -0.017103
360.519949 -49.788167 -164706.564769 -79744.199878 0.989912 0.141445 0.008244 -0.027137 0.132168 0.990856 -0.139062 0.981084 -0.134673
15.907546 -28.880520 -2261.567219 1563.931988 0.781785 0.220929 0.583097 0.313300 0.669345 -0.673662 0.539124 -0.709343 -0.454067
8.958001 -34.097367 -7912.367128 664.387787 0.787458 0.121370 0.604301 0.411325 0.626698 -0.661862 0.459045 -0.769752 -0.443576
-1.880297 -37.409702 -9687.230084 -1064.163981 0.731283 -0.002287 0.682070 0.519291 0.650215 -0.554578 0.442224 -0.759747 -0.476679
1.419779 -193.475003 -2917.568578 18440.747997 -0.535002 0.758205 -0.372691 0.455802 0.630460 0.628303 -0.711350 -0.166270 0.682888
-0.210785 -168.281623 -1426.728218 4314.127050 -0.517969 0.768241 -0.376184 0.593536 0.639465 0.488671 -0.615974 -0.029838 0.787201
20.221122 -34.529635 8375.023883 -1134.834135 -0.207556 0.977111 -0.046626 0.954690 0.191940 -0.227434 0.213279 0.091719 0.972677
17.205103 -34.692652 -2687.795921 392.151081 -0.260724 0.965273 -0.016456 0.949177 0.253189 -0.186969 0.176310 0.064367 0.982228
-2.008973 -86.548323 -507.439241 -1763.673826 0.608546 -0.727925 0.315908 0.779169 0.623516 -0.064218 -0.150228 0.285225 0.946614
-2.319484 -90.836325 -796.613752 -4832.652021 0.588179 -0.739626 0.327106 0.807296 0.561049 -0.183025 -0.048153 0.371723 0.927094
-1.324046 -85.280773 -966.972049 -1269.636454 0.615592 -0.714492 0.332487 0.776999 0.620739 -0.104669 -0.131602 0.322775 0.937282
0.037495 -82.610286 -825.179412 2077.267144 0.630878 -0.703459 0.327321 0.740774 0.671574 0.015540 -0.230752 0.232667 0.944786
-0.522658 -84.823370 -93.328612 454.386073 0.632458 -0.704294 0.322440 0.756862 0.650453 -0.063807 -0.164793 0.284397 0.944437
5.000054 -238.181122 4614.212274 -31171.485775 0.788253 -0.449551 0.420192 0.349657 0.889119 0.295309 -0.506357 -0.085855 0.858039
33.652800 -620.233762 20780.385060 -234263.277987 0.755978 -0.508837 0.411804 0.442611 0.860830 0.251134 -0.482279 -0.007583 0.875985
-8.071790 -251.525803 1370.498134 -30897.343481 0.774304 -0.486741 0.404395 0.254613 0.824664 0.505075 -0.579331 -0.288117 0.762472
-7.270799 -248.326591 1138.702026 -31632.712064 0.792033 -0.430786 0.432558 0.226004 0.865123 0.447755 -0.567103 -0.256877 0.782566
3.191458 -7.484824 -243.698913 65.192215 0.772238 0.596360 -0.219097 -0.612329 0.606659 -0.506970 0.169419 -0.525660 -0.833654
1.920556 -10.876965 1712.843756 998.331219 0.879157 0.467072 -0.094479 -0.436767 0.710509 -0.551735 0.190572 -0.526328 -0.828651
28.264308 8.916092 6686.284269 -10083.684962 0.311980 0.944932 0.098851 0.711820 -0.301382 0.634414 -0.629270 0.127560 0.766647
22.063098 -18.632381 3950.689636 -8205.256517 0.573955 0.743344 0.343534 0.563780 -0.662956 0.492587 -0.593909 0.089045 0.799589
33.838715 5.326543 4560.495169 -10857.095422 0.370372 0.889992 0.265968 0.656712 -0.453386 0.602636 -0.656927 0.048535 0.752390
40.360958 23.213111 6622.988095 -5721.392728 0.004662 0.999866 -0.015704 0.743814 0.007029 0.668350 -0.668371 0.014796 0.743681
35.565506 -1.094118 2068.574574 -8683.298978 0.338082 0.862290 0.377037 0.646529 -0.503929 0.572761 -0.683886 -0.050125 0.727865
37.717876 16.742426 1540.200808 -9486.287675 0.199995 0.931104 0.305037 0.688814 -0.355020 0.632057 -0.696805 -0.083706 0.712360
2.487549 -37.509051 -5885.034179 -1645.690613 0.662454 -0.683998 0.305453 0.671208 0.723036 0.163398 -0.332617 0.096779 0.938083
10.790441 -37.273989 3822.181926 -1213.181464 -0.622186 0.733708 -0.273050 0.719027 0.673518 0.171387 -0.309652 0.089696 0.946610
6.914796 -33.210887 2979.588220 -1253.971631 -0.623692 0.740532 -0.250241 0.691688 0.671973 0.264612 -0.364109 0.008052 0.931322
19.625860 -42.574382 825.877564 -455.076586 0.581559 -0.802127 0.135575 0.810677 0.585316 -0.014450 -0.067764 0.118311 0.990662
23.099995 -45.881105 372.619111 -189.944909 0.578610 -0.803390 0.140626 0.815408 0.566020 -0.121375 0.017914 0.184896 0.982595
22.508811 -46.468749 -7779.292464 -833.037306 0.628617 -0.701737 0.335270 0.769586 0.623445 -0.138037 -0.112156 0.344791 0.931955
-9.821740 -43.878283 -12181.506317 -98.436437 0.946284 0.317080 -0.063294 -0.315876 0.948374 0.028458 0.069050 -0.006936 0.997589
38.321427 -5.984508 -1174.624855 1796.890375 0.697322 -0.557439 0.450560 0.467755 0.830218 0.303223 -0.543091 -0.000692 0.839674
36.441515 -9.851685 -2006.183280 338.356925 0.691031 -0.557488 0.460091 0.449400 0.829901 0.330611 -0.566142 -0.021698 0.824022
33.366540 -8.991185 -9026.664542 1710.053166 0.624276 -0.523622 0.579740 0.439803 0.848905 0.293144 -0.645641 0.071968 0.760242
-18.333381 -21.565258 -377.422736 4537.359357 -0.763822 -0.580950 -0.281199 -0.514572 0.811122 -0.278024 0.389605 -0.067664 -0.918493
-16.003084 -17.903859 790.457510 231.961068 -0.900631 0.157254 -0.405136 0.166300 0.985989 0.013023 0.401508 -0.055645 -0.914164
-16.259817 -22.054672 1452.578513 4837.848163 0.589686 0.767172 0.252424 -0.686305 0.640754 -0.344122 0.425742 -0.029684 -0.904358
-15.309912 -18.089551 919.570638 224.625240 -0.928763 -0.083671 -0.361107 -0.046743 0.992851 -0.109829 0.367715 -0.085126 -0.926034
-15.106039 -23.760680 1519.237553 2772.587562 -0.785946 -0.572458 -0.233625 -0.505613 0.812544 -0.290047 0.355870 -0.109838 -0.928058
32.737054 -109.302718 -3959.749436 -11068.541017 -0.172946 0.954925 0.241262 -0.473560 -0.295401 0.829746 -0.863615 -0.029249 -0.503303
25.936009 -95.791066 -2270.170699 -9007.288588 -0.085209 0.969850 0.228323 -0.648806 -0.227922 0.726018 -0.756168 0.086274 -0.648666
41.135584 -96.969458 -4533.391939 -1729.539411 0.001709 0.984113 0.177536 -0.490138 -0.153924 0.857946 -0.871643 0.088483 -0.482088
56.797884 -106.202502 -7170.793999 -7724.013599 0.007215 0.993069 0.117312 -0.383633 -0.105589 0.917430 -0.923458 0.051624 -0.380212
50.228106 -109.033114 -4739.612180 -7845.579866 -0.051876 0.985338 0.162533 -0.372394 -0.170100 0.912353 -0.926624 0.013197 -0.375758
-18.030497 -80.406534 16496.134762 1065.791734 0.902875 0.214107 -0.372793 0.360637 0.094792 0.927877 -0.234003 0.972200 -0.008370
15.899642 -84.356402 21245.710904 -4632.318778 0.919340 0.193586 -0.342548 0.306851 0.192192 0.932151 -0.246286 0.962074 -0.117288
-15.242927 -78.866766 16654.336959 -6530.008558 0.926485 0.222541 -0.303481 0.247246 0.248013 0.936674 -0.283716 0.942849 -0.174758
2.326789 -84.848923 19186.535839 2522.637837 0.870790 0.195415 -0.451151 0.465383 -0.031670 0.884543 -0.158565 0.980209 0.118520
-27.392028 -76.262990 10515.281442 6312.141421 0.840778 0.297340 -0.452417 0.484733 -0.041308 0.873686 -0.241093 0.953878 0.178861
-57.945112 -73.339982 334.752050 -144.414604 0.764698 -0.574060 -0.292733 0.643460 0.704637 0.299074 -0.034584 0.417064 -0.908219
-58.830474 -72.954795 -941.223142 -560.927830 0.920561 -0.345915 -0.181413 0.380814 0.898134 0.219854 -0.086882 0.271474 -0.958516
-60.112909 -77.502715 -927.693628 -1622.397236 0.876480 -0.477112 -0.064399 0.479779 0.854514 0.199044 0.039936 0.205355 -0.977872
11.917703 -46.314166 2509.312845 -1174.993333 0.560676 0.712936 0.421147 0.017422 -0.518655 0.854806 -0.827852 0.471932 0.303219
18.066470 -47.106929 6296.623587 -1087.528148 0.560524 0.712211 0.422573 0.107310 -0.568433 0.815702 -0.821156 0.411874 0.395048
17.218422 -47.996319 5613.306690 22.124218 0.564312 0.711483 0.418741 0.202380 -0.610964 0.765353 -0.800371 0.347153 0.488764
-1.862030 -45.084906 793.708631 -926.097987 0.854086 0.260510 0.450191 -0.466165 -0.000528 0.884698 -0.230711 0.965471 -0.120990
-3.852016 -44.790495 508.161009 -984.884821 0.863271 0.271020 0.425808 -0.445210 0.011394 0.895354 -0.237807 0.962506 -0.130496
-1.038501 -51.285649 676.546020 -2460.275710 0.859160 0.262605 0.439183 -0.414489 -0.146152 0.898242 -0.300071 0.953770 0.016721
-4.336802 -42.496477 544.324691 507.292268 0.854290 0.273134 0.442251 -0.491935 0.150026 0.857609 -0.167893 0.950205 -0.262530
1.451162 -51.135371 1024.543752 -2431.789770 0.850889 0.249340 0.462404 -0.437549 -0.150790 0.886461 -0.290756 0.956604 0.019207
1.093574 -44.717929 970.194451 -856.814034 0.848335 0.250209 0.466609 -0.480217 -0.007536 0.877117 -0.222979 0.968163 -0.113761
-1.927259 -43.309302 813.328898 644.984074 0.846132 0.260533 0.464955 -0.509130 0.137100 0.849700 -0.157630 0.955681 -0.248650
9.319638 -57.017862 97.491679 -14257.929083 0.676733 0.545824 0.494073 -0.609181 0.791994 -0.040554 -0.413438 -0.273535 0.868474
6.196432 -41.747093 1015.169719 -2733.300173 0.657871 0.582153 0.477812 -0.652810 0.757152 -0.023677 -0.375560 -0.296344 0.878143
8.651765 -41.598269 2822.678154 4143.709165 0.565769 0.662846 0.490450 -0.747542 0.663336 -0.034160 -0.347976 -0.347305 0.870800
-8.224156 -95.074800 591.279146 898.894036 0.792906 0.398918 0.460614 -0.301240 -0.400464 0.865381 -0.529675 0.824920 0.197360
-9.000909 -94.397780 591.107700 -79.646049 0.796853 0.410961 0.442873 -0.165927 -0.555980 0.814466 -0.580942 0.722494 0.374844
-7.085727 -98.058634 511.743024 -30.777655 0.818501 0.391894 0.420090 -0.156167 -0.551916 0.819146 -0.552873 0.736076 0.390543
-9.421297 -94.814667 543.045327 567.532757 0.797978 0.426512 0.425816 0.023557 0.683917 -0.729179 -0.602227 0.591899 0.535704
-7.368671 -98.628472 570.745383 -718.136701 0.820866 0.408320 0.399316 -0.019469 -0.678768 0.734095 -0.570789 0.610368 0.549228
-9.818255 -86.937125 -874.538227 -3949.420784 0.608870 0.437606 0.661649 -0.473667 0.869622 -0.139273 -0.636331 -0.228603 0.736766
-12.803755 -91.763321 -222.847054 -4039.644444 0.645535 0.443294 0.621913 -0.364057 0.894447 -0.259668 -0.671377 -0.058786 0.738781
-12.640448 -95.597402 -192.060738 -2559.351191 0.644429 0.446583 0.620705 -0.222682 0.886156 -0.406375 -0.731522 0.123660 0.670510
113.417559 -42.267822 -35144.620030 131.584735 0.516097 0.839186 0.171497 -0.601330 0.497574 -0.625158 0.609956 -0.219516 -0.761424
113.168711 -42.391468 -10299.050019 -544.485580 0.298152 0.903932 0.306615 -0.627306 0.427674 -0.650832 0.719439 -0.001706 -0.694553
