17627
35235
-34.221294 -57.897460 -61.091580 6200.848804 -0.339835 -0.905127 0.255456 0.938852 -0.342493 0.035446 0.055409 0.251881 0.966171
-39.254660 -67.520403 995.478876 5381.640276 -0.167015 -0.952837 0.253394 0.984756 -0.148543 0.090499 -0.048591 0.264646 0.963121
-36.145425 -66.409055 914.367415 9916.965009 0.087553 -0.975112 0.203692 0.995534 0.078405 -0.052573 0.035294 0.207385 0.977623
-38.249787 -64.146624 327.820193 5645.352614 -0.386124 -0.860554 0.332199 0.922238 -0.352470 0.158877 -0.019632 0.367713 0.929732
-30.183181 -49.634711 585.128420 6261.484971 -0.417929 -0.879277 0.228490 0.899837 -0.435256 -0.029072 0.125014 0.193454 0.973112
-29.486026 -51.421869 285.218833 3813.111698 -0.590242 -0.754243 0.287632 0.800431 -0.592994 0.087567 0.104518 0.281915 0.953729
80.356578 -97.384782 16.667336 -6830.731598 -0.565135 0.824344 0.032863 0.382580 0.297156 -0.874832 0.730928 0.481825 0.483311
71.962169 -97.929804 -296.263627 -1466.096266 -0.462361 0.886221 0.028877 0.345765 0.210191 -0.914476 0.816498 0.412834 0.403609
74.069507 -93.951443 -1076.460288 -73.137522 -0.532591 0.843249 0.072653 0.432831 0.345125 -0.832794 0.727327 0.412092 0.548795
84.588756 -107.018471 -1625.385918 -1699.464650 -0.550887 0.834578 -0.002025 0.268335 0.174823 -0.947329 0.790266 0.522415 0.320255
81.021774 -97.837434 -3651.036386 -5099.735340 -0.610921 0.790257 0.047641 0.448181 0.394824 -0.802027 0.652617 0.468623 0.595384
82.715463 -106.673206 717.490364 -7879.175030 -0.635588 0.771942 -0.011536 0.375723 0.296233 -0.878111 0.674434 0.562451 0.478318
-52.683236 -73.856953 620.487970 1772.058700 -0.725250 0.664914 -0.178612 -0.311239 -0.548038 -0.776392 0.614120 0.507487 -0.604412
-55.783767 -77.350218 1946.846763 1342.933428 -0.612668 0.780160 -0.126445 -0.342139 -0.406028 -0.847397 0.712445 0.475911 -0.515684
-54.211694 -72.132932 469.793222 5499.033486 -0.585646 0.786686 -0.195307 -0.467829 -0.524821 -0.711125 0.661933 0.325097 -0.675394
-51.247096 -67.345302 31.878346 -5072.264407 -0.765245 0.588895 -0.260007 0.334699 0.708991 0.620732 0.549889 0.387988 -0.739654
-52.247637 -68.600073 -1848.505038 6484.129001 -0.289201 0.952055 -0.099770 -0.661567 -0.274107 -0.697993 0.691875 0.135856 -0.709121
-51.206110 -60.365399 -392.266502 6474.232289 -0.570075 0.793244 -0.213958 -0.572592 -0.570350 -0.588931 0.589197 0.213225 -0.779347
-35.901720 -56.943093 2600.417660 -3871.199417 0.860826 0.484554 -0.155521 -0.438786 0.861512 0.255469 0.257772 -0.151673 0.954227
-36.730906 -62.081837 2216.164220 -2327.287381 0.833634 0.542647 -0.102903 -0.520267 0.834053 0.183516 0.185411 -0.099448 0.977616
-40.274011 -61.353616 1756.236040 3034.095756 0.930263 0.350713 -0.107754 0.313869 -0.912810 -0.261275 0.189992 -0.209234 0.959231
-34.764387 -52.098155 2627.179472 -2260.924550 0.942305 0.228812 -0.244349 -0.155617 0.945681 0.285430 0.296386 -0.230937 0.926727
-31.322541 -48.891465 2529.289732 -3216.194374 0.876040 0.416600 -0.242897 -0.351322 0.896381 0.270320 0.330344 -0.151476 0.931626
-1.166705 -50.779999 -8455.885561 423.410149 0.299307 0.949810 0.090976 0.084816 0.068485 -0.994040 0.950380 -0.305240 0.060061
2.852987 -50.532587 -11598.725253 -794.377302 0.312691 0.940778 0.131003 0.192250 0.072381 -0.978673 0.930196 -0.331207 0.158232
16.397061 -50.403519 -10172.992689 354.567446 0.300579 0.942418 0.146628 0.075494 0.129746 -0.988669 0.950764 -0.308243 0.032149
5.818615 -48.954893 -6346.123275 1735.329393 0.287989 0.952935 0.094752 -0.046546 0.112756 -0.992532 0.956502 -0.281428 -0.076828
-9.279648 -10.664225 1194.307963 910.072966 -0.557868 0.509920 -0.654802 -0.251227 0.648211 0.718824 0.790992 0.565513 -0.233511
-10.736498 -13.288517 2366.724469 1083.243263 -0.511711 0.401037 -0.759816 -0.316126 0.734445 0.600546 0.798884 0.547504 -0.249045
-5.359770 -14.251177 805.304551 822.311616 -0.450927 0.255588 -0.855184 -0.391235 0.804577 0.446756 0.802247 0.536033 -0.262810
-2.058894 -14.864214 -26.605613 632.941402 -0.404817 0.164402 -0.899497 -0.428114 0.835151 0.345313 0.807986 0.524876 -0.267700
-4.694595 -11.097190 152.621050 867.471812 -0.445687 0.260089 -0.856573 -0.413612 0.788773 0.454711 0.793907 0.556947 -0.243970
-0.895908 -17.310838 207.139913 757.259715 -0.424839 0.192101 -0.884652 -0.380820 0.848628 0.367161 0.821272 0.492877 -0.287374
-58.269963 -81.812347 -5491.442718 7192.957846 0.649627 -0.037616 0.759322 0.027270 0.999285 0.026174 -0.759764 0.003703 0.650188
-61.995694 -81.774285 -1632.408874 8802.015912 0.736269 0.061503 0.673889 -0.018272 0.997305 -0.071057 -0.676443 0.040004 0.735408
-55.325906 -73.722309 -5087.528552 8682.645281 0.646612 -0.097070 0.756618 0.156980 0.987574 -0.007456 -0.746492 0.123595 0.653815
7.967825 -81.554484 30.045685 -7953.269941 0.241622 0.969928 -0.029305 -0.835338 0.192536 -0.514919 0.493792 -0.148895 -0.856738
8.101707 -82.541528 -804.596276 -5548.266476 0.292140 0.955461 -0.041823 -0.834046 0.233130 -0.500018 0.467997 -0.180958 -0.865005
9.793616 -68.413160 -925.239536 -9004.937978 0.262206 0.963956 -0.045135 -0.751802 0.174728 -0.635817 0.605013 -0.200648 -0.770519
9.061933 -59.958738 -858.525720 -8136.694978 0.279591 0.958701 -0.052159 -0.665479 0.154345 -0.730285 0.692075 -0.238892 -0.681149
13.473816 -51.995727 -2023.948036 -7588.215482 0.207090 0.973542 -0.096592 -0.674328 0.070511 -0.735057 0.708798 -0.217358 -0.671089
2.405738 -163.504540 -937.527689 18698.209453 0.249334 0.928118 0.276458 0.799998 -0.036524 -0.598890 0.545743 -0.370490 0.751599
2.258892 -139.264905 -661.741680 19205.304952 0.268232 0.928432 0.257031 0.614926 0.040371 -0.787551 0.741564 -0.369301 0.560088
-0.597965 -153.201328 -344.895044 16886.292683 0.240388 0.930671 0.275800 0.807900 -0.034332 -0.588318 0.538062 -0.364244 0.760142
-0.862843 -124.721976 -860.908746 -5321.508841 -0.613072 -0.063459 -0.787474 0.788838 -0.103837 -0.605766 -0.043328 -0.992568 0.113719
-0.575251 -116.989065 -838.409069 -6566.333845 -0.607962 -0.062017 -0.791540 0.773697 -0.270102 -0.573095 -0.178255 -0.960832 0.212194
-3.353316 -126.192584 -664.329843 -7677.786345 -0.617576 -0.054609 -0.784613 0.781249 -0.157795 -0.603946 -0.090827 -0.985961 0.140114
2.490035 -119.153977 -1407.468713 -4491.274591 -0.606556 -0.065112 -0.792370 0.783825 -0.215794 -0.582282 -0.133075 -0.974266 0.181927
-3.839623 -132.556252 -703.296778 -4424.665812 -0.628284 -0.055888 -0.775974 0.776239 0.021738 -0.630064 0.052081 -0.998200 0.029725
-1.449738 -128.334790 -767.887824 -2885.949668 -0.622355 -0.064654 -0.780061 0.777098 0.068358 -0.625657 0.093775 -0.995564 0.007700
2.005623 -123.226165 -1299.232236 -2460.756625 -0.605965 -0.067472 -0.792625 0.795491 -0.049854 -0.603912 0.001232 -0.996475 0.083883
21.316937 -100.327760 2184.839440 3269.321049 -0.117401 0.960644 0.251755 0.973764 0.161118 -0.160699 -0.194937 0.226284 -0.954356
26.746129 -103.329751 1078.839963 4988.327924 -0.109374 0.981999 0.153996 0.990822 0.120089 -0.062056 -0.079432 0.145796 -0.986121
23.062235 -94.608450 3439.366782 2984.241197 -0.150569 0.951048 0.269884 0.988541 0.147822 0.030596 -0.010796 0.271398 -0.962407
23.053986 -108.559092 230.039462 -5327.834158 -0.093161 0.986520 0.134531 -0.961682 -0.124151 0.244449 -0.257856 0.106603 -0.960285
12.530148 -91.044088 3443.951856 2256.104812 -0.128675 0.931318 0.340718 0.989161 0.145040 -0.022887 -0.070732 0.334080 -0.939887
12.591464 -94.385249 3351.086654 825.068692 -0.096368 0.933832 0.344486 0.960231 0.178341 -0.214827 -0.262048 0.310084 -0.913881
16.179170 -100.619976 2556.095844 -2430.412208 -0.083945 0.946893 0.310397 -0.913759 -0.197403 0.355073 -0.397490 0.253822 -0.881803
21.460459 -105.857855 392.419230 -4289.444693 -0.103926 0.972605 0.207940 -0.926230 -0.170814 0.336036 -0.362349 0.157677 -0.918608
-5.114335 -230.767090 -2503.749144 10568.866761 0.695348 0.050618 0.716889 0.711429 -0.189762 -0.676653 0.101788 0.980524 -0.167961
-2.916122 -229.548825 -4301.350287 -15606.162577 0.686532 0.073726 0.723352 0.710804 0.141389 -0.689033 -0.153073 0.987205 0.044663
-9.815715 -229.371844 -2471.192982 14011.931854 0.689838 0.026530 0.723478 0.719475 -0.136236 -0.681025 0.080496 0.990321 -0.113068
-9.884030 -220.040353 -1163.219078 -34159.423693 0.688168 0.010427 0.725477 -0.653884 0.442224 0.613900 0.314422 0.896844 -0.311142
-6.128457 -214.343342 -150.737324 -26169.686756 0.692350 0.019063 0.721310 -0.639340 0.479636 0.600994 0.334510 0.877261 -0.344263
12.029152 -67.665097 6080.229996 -1343.736158 -0.664171 -0.103309 -0.740408 -0.172318 0.984892 0.017154 0.727450 0.138979 -0.671939
23.766066 -66.452133 5484.818121 -1883.145066 -0.630360 -0.155729 -0.760523 -0.164611 0.984208 -0.065094 0.758650 0.084158 -0.646040
26.134409 -64.161338 7401.522321 2390.730007 -0.629235 -0.159505 -0.760672 -0.257772 0.966147 0.010640 0.733224 0.202775 -0.649049
27.497610 -61.107030 12319.146885 3002.777868 -0.643654 -0.165321 -0.747247 -0.335908 0.938341 0.081741 0.687659 0.303620 -0.659500
14.642293 -65.168488 6812.972944 703.627639 -0.652397 -0.130119 -0.746624 -0.290398 0.952880 0.087684 0.700034 0.274022 -0.659443
-26.828718 -359.444257 9606.189860 -157072.199738 0.836893 -0.392521 0.381494 0.503051 0.276835 -0.818720 -0.215754 -0.877092 -0.429139
-22.603218 -178.276706 16377.120814 -92058.040253 0.934367 -0.310506 0.174771 0.235469 0.169963 -0.956905 -0.267420 -0.935253 -0.231923
-27.003331 -252.305426 6188.660433 -98888.057025 0.857744 -0.412883 0.306273 0.456017 0.336054 -0.824085 -0.237326 -0.846520 -0.476530
-20.458129 -332.558625 -1705.643277 -80797.907112 0.799300 -0.489943 0.347960 0.591263 0.537727 -0.601048 -0.107372 -0.686153 -0.719490
-1213.532558 -1948.956165 -788256.476693 833982.340017 -0.638686 0.039151 -0.768470 0.760625 -0.118848 -0.638221 -0.116318 -0.992140 0.046127
-357.625327 -3075.625168 -132190.525044 -4830467.508035 0.610714 -0.084143 0.787368 -0.314048 0.887057 0.338385 -0.726913 -0.453927 0.515313
-693.593432 -2509.475767 -199559.495165 -979849.300073 0.262782 -0.180019 0.947913 -0.207495 0.948910 0.237730 -0.942280 -0.259158 0.212003
-278.187412 -2305.471051 96439.661302 479110.117496 -0.004790 0.161327 -0.986889 0.955973 -0.288837 -0.051856 -0.293416 -0.943688 -0.152841
5.635521 -53.587677 -1871.692065 -3700.375583 -0.544663 -0.818053 0.184750 0.792895 -0.430520 0.431243 -0.273241 0.381369 0.883118
6.893429 -59.280365 -2475.771523 -3483.423425 -0.537760 -0.821718 0.188664 0.815988 -0.450980 0.361635 -0.212078 0.348421 0.913031
7.990012 -53.482528 -2315.015062 -5097.823247 -0.545783 -0.819740 0.173627 0.788238 -0.431982 0.438261 -0.284256 0.376055 0.881919
1.490420 -59.552712 -1702.607687 -2021.218883 -0.544268 -0.818776 0.182697 0.814463 -0.463531 0.348982 -0.201052 0.338739 0.919148
7.794650 -47.507191 -1580.613630 -5734.805216 -0.542973 -0.822051 0.171500 0.767302 -0.402690 0.499087 -0.341214 0.402583 0.849412
0.948173 -54.938360 -1704.195531 -3122.804166 -0.545931 -0.816874 0.186216 0.794804 -0.434631 0.423536 -0.265040 0.379226 0.886533
4.151561 -49.210418 -1978.912679 -4470.653575 -0.537574 -0.821006 0.192259 0.777692 -0.394618 0.489358 -0.325898 0.412584 0.850626
-5.552279 -45.350717 -134.514464 1100.780904 0.804576 -0.366456 0.467299 -0.117859 0.672707 0.730462 0.582037 0.642788 -0.498053
-4.583668 -45.174945 1135.335082 2010.247925 0.808045 -0.398215 0.434153 -0.132802 0.594855 0.792787 0.573957 0.698264 -0.427786
-6.309134 -47.483589 -1130.908479 1303.820956 0.814822 -0.392475 0.426648 -0.138864 0.582397 0.800956 0.562833 0.711883 -0.420050
-56.296370 -75.321338 3026.216802 2732.962614 0.786418 0.556256 0.268563 -0.473412 0.822054 -0.316399 -0.396772 0.121681 0.909816
-51.304986 -73.459942 3514.800295 2553.308414 0.799826 0.565830 0.200284 -0.502560 0.813743 -0.291984 -0.328193 0.132882 0.935217
-46.895068 -68.646948 5628.705719 -2888.670018 0.689217 0.718729 0.091699 0.616412 -0.648150 0.447144 -0.380810 0.251655 0.889749
-57.713581 -79.517781 2997.914700 1892.325761 0.886919 0.368985 0.277894 -0.361252 0.928984 -0.080533 -0.287874 -0.028963 0.957230
-49.993509 -66.855854 5547.757874 -3558.678388 0.662488 0.738595 0.124847 0.596488 -0.620981 0.508512 -0.453112 0.262413 0.851956
-62.288099 -82.275445 2686.866380 2554.653114 0.862899 0.324737 0.387234 -0.305791 0.945544 -0.111527 -0.402364 -0.022176 0.915211
-58.189713 -74.205784 3526.751803 4051.254524 0.784284 0.518889 0.340077 -0.404973 0.843446 -0.352982 -0.469995 0.139116 0.871637
22.622228 -43.612195 -3548.891735 2431.792015 -0.144295 0.980618 0.132540 -0.337123 0.077212 -0.938289 0.930337 0.180073 -0.319448
25.045872 -41.247630 -3771.468669 308.823623 -0.126743 0.979645 0.155668 -0.413290 0.090510 -0.906090 0.901736 0.179177 -0.393406
18.257343 -45.770812 -1312.512701 2020.136975 -0.136035 0.987572 0.078718 -0.336777 0.028627 -0.941149 0.931706 0.154540 -0.328697
-20.320509 -46.953037 4557.259011 39384.733229 0.833596 -0.348808 0.428312 0.406521 -0.137574 -0.903224 -0.373976 -0.927042 -0.027117
48.400969 -26.889672 41216.128779 11557.110408 0.723754 -0.119380 0.679653 0.632908 -0.277622 -0.722740 -0.274967 -0.953244 0.125374
-13.814686 -38.662446 14176.182257 4111.638061 0.850824 -0.256313 0.458697 0.380426 -0.301687 -0.874220 -0.362457 -0.918307 0.159175
-41.265493 -43.952998 1266.147084 10564.917685 0.863416 -0.495546 -0.094585 -0.129561 -0.036608 -0.990896 -0.487572 -0.867810 0.095811
-25.938654 -51.922525 7889.196171 -26092.273334 0.870162 -0.370989 0.324324 0.168158 -0.395099 -0.903117 -0.463187 -0.840395 0.281416
-48.049062 -671.706904 2562.645571 362190.476010 0.041949 -0.515816 0.855672 0.780334 -0.517927 -0.350472 0.623955 0.682412 0.380782
-72.264763 -88.031826 -25066.753524 -15111.763691 0.718376 -0.384192 0.579942 -0.691516 -0.303573 0.655476 0.075774 0.871918 0.483754
-52.403072 -347.533982 -9460.368662 3643.784466 -0.078055 -0.265227 0.961021 0.995872 -0.065544 0.062797 0.046334 0.961956 0.269248
-30.306433 -604.474314 -1162.248057 57393.317377 -0.199544 -0.152888 0.967888 0.256247 0.945239 0.202139 -0.945790 0.288354 -0.149440
-21.051562 -534.514616 -1348.816274 89249.551677 -0.191063 -0.195621 0.961887 0.634095 0.723431 0.273078 -0.749279 0.662103 -0.014178
-25.339495 -409.091518 -8253.677975 29334.597834 -0.256560 -0.217342 0.941775 0.508001 0.798625 0.322696 -0.822260 0.561213 -0.094485
-28.120904 -457.935178 -8200.398683 43342.038195 -0.254713 -0.145000 0.956084 0.169691 0.966651 0.191810 -0.952012 0.211095 -0.221613
-4.311722 -336.117670 -7370.906622 -1899.745314 -0.274696 -0.226525 0.934467 0.357870 0.877947 0.318024 -0.892453 0.421777 -0.160102
-2.957177 -309.984775 -6255.917271 1239.777483 -0.279758 -0.278908 0.918665 0.647422 0.651762 0.395033 -0.708929 0.705277 -0.001765
-0.603137 -524.998756 -5710.610807 -148773.611821 0.039334 -0.049035 -0.998022 0.919515 0.392689 0.016946 0.391081 -0.918363 0.060535
-14.607060 -350.697441 -8139.066215 -67938.121748 0.016800 -0.045550 -0.998821 0.804361 0.593987 -0.013559 0.593904 -0.803184 0.046618
-5.419206 -328.464669 -7961.574918 28432.276867 0.059784 -0.049978 -0.996959 0.545457 0.838087 -0.009305 0.836004 -0.543242 0.077365
-4.152913 -68.025338 9197.533498 -5403.298464 0.103326 0.971054 -0.215354 -0.510133 0.237604 0.826624 -0.853866 -0.024447 -0.519918
-12.990589 -87.591269 15872.337036 -3691.575254 0.135969 0.956179 -0.259296 -0.405342 0.292509 0.866104 -0.903997 0.012660 -0.427352
13.218574 -81.912743 21013.444958 -4425.339655 0.104787 0.990954 -0.083839 -0.334246 0.114493 0.935506 -0.936643 0.070006 -0.343220
5.760253 -59.635605 4376.858207 -4171.580080 0.009694 0.994271 -0.106451 -0.453402 0.099254 0.885763 -0.891254 -0.039679 -0.451766
5.496736 -46.551802 8172.637859 -4131.142677 0.121915 0.960853 -0.248794 -0.578723 0.272460 0.768665 -0.806360 -0.050271 -0.589284
-8.309405 -56.766619 3980.763378 -7786.723295 0.157125 0.911536 -0.380019 -0.603566 0.393205 0.693612 -0.781677 -0.120383 -0.611955
98.725022 -100.553479 -9394.434823 -1324.829285 -0.141689 0.930120 0.338822 0.988984 0.118200 0.089099 0.042824 0.347714 -0.936622
97.326878 -95.441882 -11762.674619 6327.960250 -0.105456 0.954741 0.278116 0.954370 0.018595 0.298046 0.279385 0.296856 -0.913138
98.414165 -95.992829 1544.863376 5121.622601 -0.122183 0.843155 0.523604 0.984391 0.035618 0.172352 0.126670 0.536489 -0.834346
107.722650 -105.121406 -6491.665811 3642.520893 -0.150125 0.866478 0.476108 0.988615 0.136495 0.063318 -0.010123 0.480193 -0.877104
112.896904 -110.543379 -2860.375500 4864.689873 -0.127927 0.793398 0.595108 0.990728 0.129912 0.039774 -0.045755 0.594678 -0.802661
96.949601 -111.227180 12253.128194 5175.241117 -0.069477 0.677159 0.732549 0.995844 0.090422 0.010863 -0.058882 0.730260 -0.680627
77.878648 -92.559881 15527.008755 12681.338233 -0.093036 0.658381 0.746913 0.985931 -0.043709 0.161337 0.138869 0.751415 -0.645052
88.378448 -81.599288 12689.491448 11484.443406 -0.152220 0.765581 0.625072 0.943217 -0.076401 0.323272 0.295247 0.638787 -0.710479
-1.962613 -127.798816 1424.227151 1280.470955 0.863335 -0.029208 0.503784 -0.280897 -0.857176 0.431677 -0.419224 0.514194 0.748235
1.429533 -128.068608 1306.010249 -1166.624790 0.864938 -0.028938 0.501044 -0.286239 -0.848489 0.445121 -0.412250 0.528421 0.742173
-1.162879 -128.235085 1866.083876 -2595.198376 0.865747 -0.033709 0.499346 -0.368781 -0.717487 0.590943 -0.338354 0.695756 0.633593
-4.828976 -126.048522 1576.622793 -96.254068 0.860663 -0.025003 0.508561 -0.360081 -0.736062 0.573197 -0.360000 0.676452 0.642504
-5.150577 -124.871072 1254.838227 4156.108060 0.863091 -0.013775 0.504860 -0.259679 -0.869475 0.420215 -0.433174 0.493785 0.754013
26.977452 -103.671805 590.442829 -13345.336888 0.514635 0.367026 0.774882 0.703406 0.336045 -0.626333 -0.490275 0.867391 -0.085228
17.317549 -105.035785 1815.089353 -9383.439058 0.589967 0.335018 0.734645 0.720601 0.191986 -0.666240 -0.364243 0.922445 -0.128149
29.900174 -97.806741 2405.551228 -14143.672420 0.569804 0.349432 0.743788 0.646980 0.367312 -0.668205 -0.506695 0.861962 -0.016780
-8.661733 -33.675527 -1455.104757 -459.077297 -0.401800 0.761945 0.507933 0.408384 -0.347367 0.844132 -0.819621 -0.546604 0.171594
-6.916414 -31.846201 -725.240147 -12.096678 -0.379423 0.740514 0.554687 0.384349 -0.419190 0.822530 -0.841614 -0.525280 0.125566
-9.142395 -31.324544 -617.703840 117.173742 -0.347174 0.697650 0.626701 0.478174 -0.443181 0.758248 -0.806734 -0.562916 0.179737
-7.840561 -33.723954 -1041.845457 -863.375203 -0.416553 0.805945 0.420637 0.352198 -0.283494 0.891957 -0.838117 -0.519695 0.165762
-11.566748 -33.602617 -1537.974441 -2439.239028 -0.394338 0.739071 0.546142 0.479658 -0.341389 0.808321 -0.783853 -0.580713 0.219878
-11.100263 -36.055699 -22.979036 -2723.164637 -0.435739 0.802218 0.408141 0.406246 -0.229350 0.884513 -0.803179 -0.551222 0.225961
9.089352 -46.322820 1158.450336 -1242.121081 -0.230046 0.925524 0.300806 -0.460056 0.168951 -0.871667 0.857570 0.338911 -0.386927
9.415524 -50.313924 923.662670 -1598.050987 -0.247264 0.931186 0.267867 -0.573307 0.082268 -0.815200 0.781140 0.355140 -0.513513
13.910976 -45.534345 2231.930938 -931.082535 -0.209073 0.931964 0.296194 -0.475500 0.167784 -0.863567 0.854511 0.321389 -0.408070
6.103617 -49.093580 451.196594 -1250.843067 -0.238366 0.922109 0.304791 -0.490993 0.156354 -0.857018 0.837919 0.353934 -0.415479
9.278498 -43.716469 1424.409740 -386.763479 -0.212148 0.917320 0.336923 -0.352984 0.249563 -0.901732 0.911261 0.310229 -0.270855
5.739406 -45.928150 732.033142 -413.373729 -0.219527 0.908938 0.354455 -0.372419 0.257732 -0.891560 0.901727 0.327728 -0.281927
14.892180 -132.224783 -2356.951347 -107.274758 -0.366365 0.653363 0.662490 0.746199 0.631640 -0.210282 0.555846 -0.417309 0.718949
13.601997 -122.933912 1887.647183 -10350.121606 0.394922 -0.647265 -0.651985 0.857948 0.513644 0.009753 0.328575 -0.563221 0.758169
20.982063 -126.167937 -558.721814 -3301.626332 -0.445391 0.660596 0.604350 0.763689 0.632629 -0.128687 0.467340 -0.404219 0.786257
20.712449 -130.884833 2449.661204 7881.444092 0.389892 -0.650116 -0.652176 0.589012 0.720463 -0.366057 0.707848 -0.241417 0.663829
17.714489 -117.537714 -626.312606 -9182.558288 0.487656 -0.687366 -0.538256 0.847614 0.520464 0.103286 0.209148 -0.506602 0.836428
18.603087 -120.642496 1507.147094 -4036.649046 -0.515516 0.677811 0.524228 0.762689 0.641819 -0.079838 0.390574 -0.358665 0.847827
24.185783 -124.221825 -675.591493 6313.835481 0.483520 -0.650969 -0.585190 0.610469 0.729898 -0.307535 0.627325 -0.208541 0.750316
-5.653020 -95.244189 -15.119581 -2490.481468 0.333883 -0.773287 -0.539026 0.911500 0.119153 0.393663 -0.240188 -0.622760 0.744634
-3.241665 -84.822843 -146.659516 -4322.346791 0.354313 -0.769444 -0.531430 0.826486 -0.008196 0.562898 -0.437474 -0.638662 0.633030
-5.291492 -100.735347 155.602589 -3360.789952 0.300177 -0.764315 -0.570715 0.925493 0.088478 0.368287 -0.230991 -0.638744 0.733927
-3.806804 -106.590908 234.320890 -4507.986417 0.282762 -0.750324 -0.597545 0.932188 0.068191 0.355493 -0.225988 -0.657544 0.718725
-4.934766 -120.217758 429.195195 -3664.600114 0.255767 -0.755804 -0.602780 0.966716 0.195688 0.164823 -0.006617 -0.624873 0.780698
-15.371602 -43.280012 -4979.585684 -1215.501735 0.934276 -0.011666 0.356360 -0.158723 0.881363 0.444980 0.319274 0.472296 -0.821584
-7.640724 -45.836238 -6942.155259 -1482.528974 0.929914 0.070808 0.360895 -0.228583 0.880012 0.416327 0.288113 0.469643 -0.834522
-15.039178 -47.677091 -4746.246842 -1280.650332 0.907368 0.100288 0.408198 -0.304567 0.826151 0.474039 0.289693 0.554452 -0.780167
-5.895548 -42.044302 -6940.437418 -2396.722937 0.944038 -0.007499 0.329751 -0.121955 0.920958 0.370086 0.306462 0.389590 -0.868505
-22.538054 -43.998823 -2049.147156 -1117.960430 0.895358 0.062498 0.440941 -0.291478 0.830822 0.474104 0.336713 0.553017 -0.762100
-23.555023 -40.363173 -2113.416395 -89.749314 0.927927 -0.140615 0.345224 -0.051728 0.868588 0.492827 0.369156 0.475165 -0.798713
-15.244983 -40.488291 -4527.353967 -1478.509233 0.941068 -0.139699 0.308018 -0.002667 0.907618 0.419789 0.338207 0.395872 -0.853757
82.041365 -49.287946 5854.666085 7856.008902 -0.171389 0.859976 -0.480694 -0.626748 0.281280 0.726683 -0.760140 -0.425819 -0.490781
73.069914 -65.763337 6092.034548 10492.792139 -0.265075 0.873246 -0.408871 -0.651298 0.150532 0.743741 -0.711018 -0.463444 -0.528842
75.699762 -46.546725 11895.276298 7072.352400 -0.093802 0.902524 -0.420298 -0.640216 0.268619 0.719699 -0.762447 -0.336591 -0.552614
80.392813 -69.908273 -2375.641051 11781.936443 -0.328358 0.819461 -0.469750 -0.631931 0.179044 0.754060 -0.702028 -0.544451 -0.459052
80.935941 -30.282789 12960.903489 7971.408264 0.007138 0.880831 -0.473376 -0.580549 0.389090 0.715242 -0.814194 -0.269713 -0.514143
86.478127 -33.437624 7966.281676 10428.050025 -0.081032 0.848824 -0.522428 -0.555355 0.396798 0.730844 -0.827656 -0.349355 -0.439246
1.671164 -165.509364 -606.337247 4068.863950 0.749087 0.034872 0.661553 -0.568438 -0.479009 0.668901 -0.340215 0.877117 0.338997
0.855862 -163.688513 -17.254213 4565.928289 0.754707 0.036665 0.655037 -0.577929 -0.435398 0.690237 -0.310509 0.899491 0.307408
2.369661 -164.329495 -225.601500 -1014.533235 0.756246 0.040951 0.653004 -0.621335 -0.267793 0.736363 -0.205025 0.962606 0.177073
48.993015 -119.793280 -22770.253205 21202.740548 -0.667258 0.203749 -0.716416 0.256751 0.965824 0.035547 0.699175 -0.160222 -0.696767
70.504204 -91.795150 -27160.130284 38098.337606 -0.702470 0.159938 -0.693509 0.115935 0.987123 0.110218 0.702207 -0.002978 -0.711967
60.715372 -122.365599 -22262.701340 23020.331833 -0.710896 0.185050 -0.678516 0.251118 0.967956 0.000886 0.656937 -0.169757 -0.734585
42.603630 -134.894157 -19665.813403 -9307.535018 -0.695171 0.184369 -0.694799 0.409628 0.895867 -0.172123 0.590713 -0.404264 -0.698304
-16.249467 -188.646800 5425.432919 15094.465089 0.742464 -0.004681 0.669869 0.646820 -0.255139 -0.718699 -0.174274 -0.966893 0.186403
-22.116933 -202.478347 677.294675 -5410.537135 0.698122 -0.039364 0.714896 0.605922 -0.499443 -0.619206 -0.381424 -0.865452 0.324820
-17.039247 -191.074675 -1829.802260 16183.710179 -0.686646 0.047497 -0.725439 0.700334 -0.224527 -0.677584 -0.195063 -0.973310 0.120907
0.853799 -33.718762 -6896.954573 -3216.182196 -0.324353 0.688207 0.648974 0.032175 0.693695 -0.719550 -0.945389 -0.212508 -0.247145
-9.415131 -33.910098 252.640956 1957.246630 -0.243328 0.604460 0.758564 0.086860 0.792507 -0.603646 -0.966047 -0.080995 -0.245343
-3.002895 -35.646982 -3352.061435 -2380.917468 -0.277508 0.714116 0.642673 -0.220940 -0.698454 0.680696 -0.934973 -0.046907 -0.351603
5.831344 -34.257381 -7674.737367 655.212996 -0.323953 0.764135 0.557810 -0.188895 -0.629977 0.753292 -0.927024 -0.138664 -0.348424
9.064326 -32.900923 -8914.911302 3811.998232 -0.351290 0.736059 0.578630 -0.012454 -0.621637 0.783206 -0.936184 -0.267926 -0.227542
37.514271 -72.161495 -5960.458064 15143.356503 0.721984 -0.631786 0.282111 0.691468 0.673398 -0.261548 0.024731 -0.383904 -0.923042
39.540470 -67.095005 -2812.600008 20633.336750 0.734293 -0.569249 0.369824 0.674191 0.675145 -0.299408 0.079246 -0.469185 -0.879537
35.789423 -53.774810 -5039.449931 4958.952831 0.710646 -0.630539 0.312093 0.701320 0.670169 -0.242949 0.055966 -0.391528 -0.918463
5.048515 -236.833805 -458.402828 27165.058922 0.785937 -0.061724 0.615218 -0.381403 0.734752 0.560956 0.486657 0.675522 -0.553927
7.586187 -223.950129 2002.026861 -6247.476244 -0.797232 0.079996 -0.598349 -0.242668 0.865103 0.438987 0.552750 0.495174 -0.670276
11.316919 -282.901906 5676.190796 896.888237 -0.798573 0.051868 -0.599659 -0.236490 0.889119 0.391842 0.553492 0.454728 -0.697760
5.929065 -342.747264 -2745.709946 17308.099016 0.747800 -0.029339 0.663276 -0.359785 0.821710 0.441981 0.557988 0.569150 -0.603919
-0.085190 -266.105112 30.974055 38885.958869 0.768759 -0.041170 0.638212 -0.466454 0.646616 0.603579 0.437527 0.761704 -0.477888
28.066135 -398.431460 10772.465916 -43642.574185 -0.768278 0.023049 -0.639702 -0.064943 0.991389 0.113716 0.636814 0.128909 -0.760165
15.826895 -248.510944 8488.642082 -27055.294416 -0.815141 0.105081 -0.569652 -0.023952 0.976453 0.214396 0.578767 0.188407 -0.793430
29.256615 -402.386587 9721.347898 210152.086734 -0.617600 0.186807 -0.763985 0.776452 -0.009901 -0.630099 -0.125271 -0.982347 -0.138932
-7.004788 -253.860773 -6883.847821 168166.666560 -0.671352 0.125242 -0.730480 0.736741 0.219985 -0.639390 0.080616 -0.967430 -0.239958
11.043109 -313.406769 -30032.485938 162401.830550 -0.540957 0.109539 -0.833886 0.840179 0.115497 -0.529868 0.038270 -0.987249 -0.154512
29.250628 -425.433548 -41631.488738 173590.228411 -0.555694 0.095194 -0.825919 0.813716 -0.141456 -0.563787 -0.170500 -0.985357 0.001145
171.537533 -7540.031578 43829.637896 -7841123.119057 0.782781 0.187154 0.593488 -0.480262 0.788164 0.384897 0.395731 0.586319 -0.706843
492.293237 -79544.713923 -986484.900388 120971245.477362 0.734146 0.253154 0.630035 -0.672346 0.400545 0.622506 0.094767 0.880612 -0.464265
72.796130 -1705.153585 72229.519853 -804227.267046 0.716939 0.208599 0.665195 -0.562391 0.736925 0.375044 0.411965 0.642983 -0.645645
-437.780511 -11936.073134 224112.311190 15523266.114941 -0.785868 -0.084506 -0.612593 -0.126801 0.991591 0.025878 0.605255 0.098014 -0.789975
194.651552 -4784.361241 -130094.094106 -1839756.350192 0.816553 0.251592 0.519560 -0.540493 0.017093 0.841175 -0.202752 0.967683 -0.149941
157.147246 -1385.459347 -267705.878640 -12779.984318 0.909768 0.342279 0.234879 -0.321914 0.224470 0.919774 -0.262096 0.912391 -0.314400
-1576.548753 -29734.555548 -536985.207047 -44055534.192108 0.823599 0.265305 0.501296 -0.559122 0.528166 0.639079 0.095217 0.806631 -0.583335
-6.031588 -90.751959 -1430.924170 -7735.948007 0.881263 0.128782 0.454742 -0.312604 0.880462 0.356463 0.354478 0.456292 -0.816176
1.156770 -85.819200 -1931.268604 -5077.488512 0.893468 0.113799 0.434471 -0.260958 0.918858 0.295974 0.365536 0.377822 -0.850667
-0.111276 -94.401239 -3326.770580 -4080.993156 0.891741 0.149872 0.427008 -0.352959 0.820871 0.448989 0.283227 0.551098 -0.784903
8.083784 -106.305642 4154.774826 -4788.673785 0.785099 0.072920 0.615063 -0.615928 0.196462 0.762912 0.065205 0.977796 -0.199155
17.058574 -96.213102 3284.862871 -4573.938835 0.819132 0.063202 0.570112 -0.543976 0.400900 0.737136 0.181970 0.913939 -0.362770
12.098739 -100.017057 6008.382396 -5241.888925 0.792168 0.059226 0.607423 -0.578027 0.392190 0.715592 0.195844 0.917976 -0.344914
11.719182 -101.713103 5486.930848 -4121.631834 0.823931 0.063599 0.563109 -0.562412 0.213636 0.798782 0.069499 0.974841 -0.211790
-0.133291 -106.989173 3454.974261 -3652.517541 0.794647 0.071276 0.602873 -0.602931 -0.023131 0.797458 -0.070785 0.997188 -0.024594
-24.017731 -47.768924 -904.208048 2298.008069 -0.494385 -0.628148 -0.600844 -0.563536 0.757901 -0.328654 0.661824 0.176115 -0.728679
-22.645488 -50.598732 1121.905126 2373.033576 -0.553207 -0.593178 -0.584895 -0.495468 0.798720 -0.341407 0.669682 0.100928 -0.735758
-21.489133 -45.288362 751.678668 2556.302356 -0.508512 -0.662189 -0.550383 -0.637721 0.719122 -0.276000 0.578557 0.210641 -0.787974
-19.939632 -42.228177 978.397938 1648.718567 0.413256 0.728226 0.546723 -0.711270 0.633033 -0.305556 0.568608 0.262595 -0.779570
-20.918058 -43.835469 2320.052114 1489.891811 0.391509 0.709849 0.585521 -0.651252 0.663289 -0.368671 0.650071 0.236984 -0.721974
16.321378 -145.401049 -1129.662478 2329.509310 -0.265743 0.875357 0.403895 0.959651 0.200247 0.197409 0.091925 0.440058 -0.893252
20.822201 -128.756128 -170.492224 15739.434230 -0.321751 0.840476 0.435977 0.891215 0.113357 0.439189 0.319707 0.529858 -0.785517
14.636903 -149.792171 194.951580 -4393.271215 -0.329094 0.837838 0.435574 0.941927 0.258598 0.214245 0.066864 0.480785 -0.874285
-2006.228991 -7354.567907 820017.605087 7245540.832080 0.434630 0.892220 0.122635 0.821974 -0.448633 0.350838 -0.368043 0.051682 0.928371
-1252.892646 -7506.160411 -1245508.063401 -7978649.164626 -0.691095 -0.674021 -0.260929 0.721078 -0.667627 -0.185257 -0.049336 -0.316180 0.947415
3060.622667 -6229.127256 7597292.832977 2667340.869337 0.703610 0.705682 -0.083341 0.678609 -0.632522 0.373371 -0.210766 0.319264 0.923931
-435.458235 -4335.075277 1057274.018503 5276817.748147 0.343086 0.921462 0.182209 0.679644 -0.377427 0.628993 -0.648364 0.091962 0.755756
-274.712859 -7813.564968 205382.291060 10073006.470768 0.308219 0.921570 0.236030 0.610640 -0.381906 0.693733 -0.729465 0.069693 0.680458
2.619010 -259.028960 -814.622770 4210.983083 -0.179034 0.896737 0.404735 0.236267 -0.360155 0.902478 -0.955052 -0.257199 0.147390
0.072577 -254.101062 745.968579 35196.889211 -0.170762 0.902075 0.396359 0.528606 -0.255605 0.809470 -0.831515 -0.347745 0.433194
3.152175 -255.079876 795.374401 15899.134130 -0.179943 0.901859 0.392772 0.304638 -0.328567 0.894002 -0.935316 -0.280523 0.215618
21.850902 -161.463537 -2337.463852 19374.126178 -0.492916 -0.800983 -0.339794 0.651914 -0.081353 -0.753916 0.576231 -0.593133 0.562272
12.964250 -168.260949 5730.893708 29242.345286 0.421890 0.861432 0.282743 0.576495 -0.014189 -0.816977 0.699758 -0.507675 0.502598
17.429934 -135.454212 5683.496763 32776.927290 0.446535 0.853561 0.268403 0.434704 0.055240 -0.898878 0.782074 -0.518056 0.346379
26.611947 -146.768891 -618.911919 13354.879570 -0.570921 -0.742964 -0.349361 0.577418 -0.060863 -0.814177 0.583641 -0.666558 0.463749
21.905765 -148.488509 13.597146 359.257774 -0.575384 -0.732165 -0.364509 0.673705 -0.171586 -0.718804 0.463739 -0.659160 0.591991
26.232821 -129.020151 2140.316793 21848.341226 0.525846 0.784763 0.328073 0.490231 0.035580 -0.870866 0.695096 -0.618774 0.366006
-51.615490 -80.142074 -1138.392169 4982.505746 0.156687 -0.946068 0.283556 0.967644 0.204542 0.147741 -0.197773 0.251232 0.947506
-42.793942 -72.546167 1026.897893 4441.491019 -0.141731 -0.942045 0.304078 0.978808 -0.087500 0.185145 -0.147808 0.323875 0.934483
82.011979 -103.150751 -6375.419323 -3073.317244 -0.413589 0.910205 -0.021704 0.176793 0.056903 -0.982602 0.893134 0.410230 0.184452
69.429090 -94.133108 -2995.331170 -5068.029133 -0.330039 0.943909 -0.010481 0.240625 0.073388 -0.967840 0.912783 0.321947 0.251349
-52.545712 -74.677028 1662.495317 -2230.235736 -0.726767 0.679201 -0.102444 -0.222739 -0.374120 -0.900234 0.649767 0.631443 -0.423183
-40.924347 -67.051802 2337.937390 -1554.626757 0.866530 0.497700 -0.037698 -0.489496 0.862149 0.130737 0.097569 -0.094835 0.990700
8.142833 -48.171059 -13252.213474 -1376.318639 0.301553 0.938819 0.166388 0.303924 0.070759 -0.950065 0.903712 -0.337064 0.263992
-8.514871 -48.238713 -8143.955007 -938.826867 0.311875 0.946419 0.083823 0.291118 -0.011206 -0.956622 0.904425 -0.322748 0.279014
21.374113 -50.280113 -9211.662257 -740.144119 0.267516 0.948016 0.172342 0.194926 0.121917 -0.973211 0.943631 -0.293943 0.152179
-5.036807 -44.383609 -11014.517676 -1283.811788 0.317739 0.940570 0.119873 0.389648 -0.014269 -0.920853 0.864417 -0.339300 0.371025
27.730894 -47.947875 -10028.445398 -1920.994905 0.245995 0.951377 0.185387 0.317651 0.101572 -0.942752 0.915742 -0.290801 0.277220
15.313591 -44.375190 -15750.493011 -1671.247050 0.292286 0.937767 0.187515 0.406251 0.055753 -0.912059 0.865753 -0.342760 0.364674
-9.724788 -15.824438 1056.341636 2710.977662 -0.440941 0.780250 0.443600 -0.409882 0.264642 -0.872904 0.798478 0.566723 -0.203118
-62.899451 -87.288016 -1397.676977 6746.258842 0.720187 0.056038 0.691513 -0.090825 0.995770 0.013898 -0.687809 -0.072816 0.722230
6.765895 -91.131094 -18.928848 -238.526874 0.254149 0.966487 -0.036204 -0.932505 0.234938 -0.274296 0.256598 -0.103473 -0.960964
7.066689 -84.467096 37.477355 -1732.836309 0.283582 0.958226 -0.037195 -0.881833 0.245342 -0.402714 0.376766 -0.147002 -0.914570
6.399237 -77.429775 170.213024 -6560.259235 0.299527 0.953649 -0.028915 -0.780526 0.227497 -0.582258 0.548692 -0.196971 -0.812490
4.827499 -35.020835 -2797.600050 1923.929857 0.789366 -0.218770 0.573621 -0.248175 0.740899 0.624082 0.561525 0.634988 -0.530547
1.981822 -31.047409 -1351.216909 -2380.013950 0.828420 -0.353647 0.434343 -0.122762 0.641967 0.756841 0.546488 0.680303 -0.488404
2.063654 -37.290105 -3065.261308 -1870.162154 0.824399 -0.317596 0.468508 -0.151310 0.673953 0.723113 0.545410 0.667023 -0.507551
-0.592173 -21.562001 2110.958169 1422.373983 0.790730 -0.296257 0.535703 -0.213876 0.686253 0.695208 0.573588 0.664296 -0.479278
-0.385457 -40.187105 -3757.881579 1693.763204 0.822624 -0.284490 0.492296 -0.169211 0.704104 0.689642 0.542823 0.650617 -0.531074
11.617027 -34.273171 929.733525 3031.858090 -0.713341 0.102927 -0.693217 -0.355597 0.799206 0.484583 0.603900 0.592179 -0.533506
6.855698 -29.566387 429.723292 4042.005829 0.713990 -0.133937 0.687225 -0.368571 0.762628 0.531558 0.595293 0.632818 -0.495144
1.488311 -41.716752 -4296.488148 1738.871054 0.813223 -0.242126 0.529191 -0.183136 0.756662 0.627633 0.552385 0.607320 -0.570993
10.171754 -39.197715 5196.486159 1867.956781 -0.773049 0.149864 -0.616389 -0.263435 0.808096 0.526862 0.577059 0.569668 -0.585218
2.096090 -112.982800 -1499.933784 -4875.023737 -0.617581 -0.059867 -0.784225 0.741488 -0.376821 -0.555159 -0.262277 -0.924349 0.277109
29.625891 -97.670882 2679.615845 6779.286214 -0.136453 0.973698 0.182464 0.985881 0.115428 0.121305 0.097053 0.196440 -0.975701
-10.512284 -229.293191 -2753.883527 -19943.129682 0.683116 0.036122 0.729416 0.709812 0.202133 -0.674766 -0.171813 0.978692 0.112441
-0.923777 -194.880895 -739.416494 -15350.351060 0.771510 0.052417 0.634054 0.632636 -0.168790 -0.755832 -0.067404 -0.984257 0.163384
-2.576586 -192.726720 -1453.689470 292.144988 0.770505 0.037718 0.636318 0.627758 0.128376 -0.767750 0.110646 -0.991008 -0.075236
-2.680007 -194.407417 -1542.750754 -16187.986972 0.767109 0.052478 0.639367 0.640250 -0.125240 -0.757889 -0.040302 -0.990738 0.129672
18.381656 -64.131705 4975.903318 -3174.840201 -0.652821 -0.111820 -0.749214 -0.066917 0.993691 -0.090001 0.754551 -0.008619 -0.656185
31.792356 -64.757934 4110.123200 -3886.328238 -0.607107 -0.173342 -0.775483 -0.104828 0.984858 -0.138076 0.787675 -0.002534 -0.616086
18.902790 -123.320017 -5632.404670 -20704.785320 0.702581 -0.021372 0.711283 0.506345 0.717329 -0.478596 0.499995 -0.696407 -0.514803
17.434864 -108.122985 -6557.254277 -11157.083617 0.681248 -0.078399 0.727842 0.590857 0.645874 -0.483462 0.432191 -0.759408 -0.486323
22.611903 -122.543356 -2342.400343 -20218.556077 0.664463 -0.022450 0.746984 0.569130 0.663003 -0.486331 0.484334 -0.748280 -0.453318
207.447018 -604.860267 -70985.147490 169609.667600 0.859754 -0.211227 0.464981 0.155607 0.975514 0.155429 -0.486426 -0.061276 0.871570
618.707454 -942.694028 -315520.025193 362903.779249 0.927798 -0.131535 0.349126 -0.008180 0.928391 0.371515 -0.372993 -0.347547 0.860283
227.225878 -656.909931 -107991.418833 -3143.352733 0.794879 -0.277051 0.539824 -0.049122 0.857368 0.512355 -0.604776 -0.433778 0.667894
399.592932 -791.743419 -178298.230895 405784.920497 0.928889 -0.087753 0.359813 0.079655 0.996124 0.037305 -0.361692 -0.005991 0.932278
139.044559 -665.877083 -66904.692883 189824.956388 0.745908 -0.320466 0.583886 0.256022 0.947243 0.192829 -0.614878 0.005655 0.788602
74.511934 -500.668050 -25387.113600 95534.589931 0.731563 -0.338457 0.591829 0.436804 0.899190 -0.025703 -0.523467 0.277317 0.805654
112.110032 -424.474003 -34303.510345 136227.566488 0.884907 -0.182196 0.428654 0.265437 0.953512 -0.142682 -0.382730 0.240041 0.892131
-26.822122 -387.071971 22384.092496 -238547.143513 0.870956 -0.317648 0.374879 0.408993 0.045821 -0.911386 -0.272323 -0.947101 -0.169824
3.829162 -94.219505 -18825.817686 -44545.713520 0.942114 -0.233124 -0.240986 -0.210633 0.147710 -0.966341 -0.260874 -0.961163 -0.090056
-9.276140 -107.890265 -26338.015033 -47219.891909 0.921660 -0.220309 -0.319387 -0.268834 0.230955 -0.935087 -0.279772 -0.947694 -0.153635
-412.644410 -10033.783271 -707902.682879 -1485575.474443 0.354700 -0.631329 -0.689646 0.919866 0.367723 0.136479 0.167435 -0.682791 0.711170
-3758.473191 -4554.216567 2062989.197155 388593.993132 -0.644932 0.761999 -0.058481 0.752666 0.646569 0.124264 -0.132501 -0.036125 0.990524
10.288024 -59.633884 -2465.369276 -5540.618514 -0.539370 -0.825612 0.165664 0.807458 -0.451269 0.379957 -0.238938 0.338704 0.910048
7.819412 -63.612402 -3291.527865 -3807.566879 -0.520456 -0.832587 0.189537 0.843024 -0.465720 0.269103 -0.135781 0.299840 0.944277
3.284808 -62.267206 -1686.499766 -2207.258903 -0.534547 -0.824706 0.184714 0.831682 -0.474471 0.288415 -0.150216 0.307794 0.939520
-3.733891 -57.456430 -196.036433 -6866.460744 0.818353 -0.422854 0.389220 -0.174284 0.462755 0.869185 0.547652 0.779135 -0.305001
0.454889 -77.089240 -197.714447 -10808.842548 0.812881 -0.430592 0.392192 -0.253773 0.344243 0.903934 0.524236 0.834318 -0.170557
-2.795373 -66.281967 -1517.412661 -7610.632291 0.809387 -0.407002 0.423370 -0.231990 0.440690 0.867164 0.539512 0.800089 -0.262268
-43.170640 -68.895495 6340.909313 -2251.955560 0.715450 0.697154 0.045906 0.632946 -0.674573 0.379909 -0.295822 0.242750 0.923884
-48.514841 -73.096045 3394.058595 1833.315670 0.823847 0.545916 0.152487 -0.511209 0.831839 -0.216126 -0.244831 0.100102 0.964384
44.950314 -10.050113 2924.599984 10155.033558 -0.467351 0.145338 -0.872044 0.820093 -0.297144 -0.489032 -0.330198 -0.943707 0.019680
14.126098 -409.331019 -1830.003284 28248.116829 0.086925 0.983139 0.160881 -0.975260 0.116928 -0.187603 0.203251 0.140593 -0.968980
21.735994 -458.977664 -4830.728419 -140714.245197 0.112830 0.985918 0.123431 -0.845884 0.160484 -0.508650 0.521295 0.047017 -0.852080
24.448566 -463.675978 -5357.073963 -113665.944467 0.061909 0.990647 0.121594 0.996104 -0.068992 0.054927 0.062803 0.117719 -0.991059
337.375784 -278.597826 198061.341230 -16325.521565 0.736557 -0.519432 0.433213 -0.673517 -0.622073 0.399248 -0.062108 0.585846 0.808039
-1.743145 -243.030218 -7160.482530 -121958.693789 -0.487223 -0.237413 0.840386 0.872408 -0.175272 0.456272 0.038971 0.955466 0.292518
-31.034199 -50.512129 12583.736455 -30739.644434 0.849756 0.024453 -0.526609 0.502148 -0.341678 0.794420 0.160505 0.939499 0.302622
