16874
33737
-46.361120 -67.728574 -674.629058 5480.350174 -0.079878 -0.976745 0.198971 0.993425 -0.094429 -0.064736 0.082019 0.192492 0.977865
-44.412608 -72.212019 -2405.735617 11853.241576 -0.285566 0.956327 -0.062378 0.945227 0.270318 -0.182959 0.158107 0.111208 0.981140
-41.373792 -57.898276 1023.751721 5071.703157 0.279173 0.937220 -0.209002 0.944228 -0.307520 -0.117753 0.174633 0.164472 0.970800
-37.299861 -48.848014 -657.346556 6056.431092 0.326180 0.923253 -0.203002 0.909181 -0.365196 -0.200054 0.258836 0.119312 0.958524
-37.931590 -57.009965 346.879784 3879.249352 -0.449736 -0.845518 0.287815 0.876779 -0.479373 -0.038217 0.170284 0.235163 0.956923
59.788847 -96.824150 -10974.758261 21287.722297 0.413805 -0.841898 -0.346373 0.910050 0.372532 0.181739 -0.023971 -0.390421 0.920324
52.525011 -67.099932 -11601.045972 7767.600768 0.436394 -0.842289 -0.316400 0.898159 0.428739 0.097437 0.053583 -0.326699 0.943608
68.192377 -72.060638 -7922.546766 10857.888237 0.464033 -0.765041 -0.446526 0.877155 0.467171 0.111132 0.123584 -0.443242 0.887842
76.026199 -112.791549 -7243.033605 23597.643839 0.455157 -0.759329 -0.465028 0.890364 0.393524 0.228891 0.009196 -0.518226 0.855195
67.285154 -126.573926 -12071.000632 23231.151146 0.375430 -0.848969 -0.371892 0.902838 0.244233 0.353884 -0.209609 -0.468617 0.858174
-43.268930 -71.414106 -3238.953660 -2346.685071 0.166803 0.985519 0.030489 -0.239438 0.070484 -0.968350 0.956476 -0.154223 -0.247727
-45.514308 -72.215223 -1832.268469 -1775.962214 0.051205 0.998304 0.027701 -0.265787 0.040359 -0.963186 0.962671 -0.041957 -0.267403
-44.566183 -67.034994 -2702.761906 -5061.146114 0.123884 0.991414 0.041843 -0.077131 0.051662 -0.995682 0.989295 -0.120121 -0.082868
-39.820399 -60.014150 -2527.023084 -3524.088011 0.189778 0.981704 -0.015568 0.016985 -0.019137 -0.999673 0.981680 -0.189452 0.020306
-39.513249 -66.668788 -2302.079248 -4343.365355 0.232144 0.971817 -0.040992 -0.113953 -0.014681 -0.993378 0.965983 -0.235278 -0.107334
27.929163 -45.535585 -2502.632459 -1345.855701 -0.229938 0.972634 0.033350 0.772211 0.203198 -0.601998 0.592300 0.112669 0.797801
28.738698 -43.520227 2125.258151 -1763.210514 -0.326699 0.944716 -0.027910 0.755776 0.243400 -0.607914 0.567513 0.219699 0.793512
30.793491 -46.146171 -939.993842 -334.109294 -0.285581 0.958184 0.018096 0.690419 0.218797 -0.689528 0.664654 0.184422 0.724033
26.985123 -44.060693 3709.080264 237.553069 -0.386557 0.921153 -0.045299 0.680918 0.251926 -0.687666 0.622033 0.296667 0.724613
33.432678 -46.925616 259.569995 250.640714 -0.333086 0.942897 -0.000342 0.620363 0.218875 -0.753156 0.710074 0.251078 0.657842
1.444548 -44.600475 4846.956628 -992.783477 0.193709 0.981055 -0.002867 0.093371 -0.021345 -0.995403 0.976606 -0.192550 0.095737
3.718193 -45.372639 1725.003287 -100.426659 0.226032 0.971003 0.077858 0.029129 0.073153 -0.996895 0.973684 -0.227599 0.011750
11.098370 -45.936062 2748.214857 -279.224699 0.237006 0.966826 0.095268 0.139435 0.063195 -0.988213 0.961450 -0.247496 0.119832
4.708188 -42.779011 5226.675311 -1098.862174 0.204322 0.978573 -0.025433 0.191629 -0.065463 -0.979282 0.959964 -0.195215 0.200898
-4.182992 -43.258067 5602.016842 -1415.969519 0.205133 0.976390 -0.067696 0.131067 -0.095948 -0.986720 0.969919 -0.193536 0.147655
9.322543 -43.365863 162.701986 660.002797 0.239142 0.970002 0.043662 -0.601430 0.183278 -0.777618 0.762294 -0.159702 -0.627219
10.387742 -43.717939 121.658097 435.567204 0.237469 0.971348 -0.009579 -0.595327 0.137736 -0.791590 0.767590 -0.193681 -0.610978
8.041668 -47.129753 -177.306400 1602.803307 0.249310 0.966866 0.054897 -0.527609 0.183144 -0.829510 0.812080 -0.177841 -0.555787
9.123717 -48.024140 -407.367025 1618.381205 0.250097 0.963970 0.090630 -0.536887 0.215968 -0.815543 0.805732 -0.155307 -0.571556
11.077481 -43.283801 -602.254504 601.233937 0.236570 0.969496 0.064126 -0.612981 0.200131 -0.764331 0.753850 -0.141510 -0.641628
2.992284 -32.422423 2666.742345 2409.447587 -0.142013 0.987899 -0.062350 0.985641 0.146938 0.083189 -0.091344 0.049641 0.994581
-2.822916 -26.246953 -3121.206843 2138.752806 0.234301 -0.968955 0.078926 0.971271 0.236791 0.023697 -0.041651 0.071106 0.996599
3.863510 -27.799776 -3086.596458 2440.498353 0.214851 -0.974009 0.071729 0.976171 0.216460 0.015365 -0.030492 0.066718 0.997306
1.789384 -21.556828 -3413.527686 1980.559226 0.280972 -0.956476 0.078792 0.959646 0.279012 -0.035099 0.011587 0.085474 0.996273
9.554087 -30.794761 -2230.077215 3456.149728 0.167597 -0.984433 0.052934 0.985183 0.169224 0.027877 -0.036401 0.047478 0.998209
8.702247 -23.979369 -2943.235536 3009.466643 0.228471 -0.971202 0.067585 0.973401 0.226667 -0.033355 0.017075 0.073408 0.997156
5.807903 -42.838431 -28.619198 1061.987535 0.218115 0.943120 0.250898 0.570736 0.085272 -0.816694 0.791636 -0.321330 0.519673
7.406474 -44.427584 -845.933669 -2131.416310 0.212570 0.938808 0.271025 0.521290 0.125644 -0.844080 0.826481 -0.320708 0.462683
4.701697 -44.054704 -1002.382948 176.122413 0.239422 0.938950 0.247083 0.561193 0.073837 -0.824385 0.792300 -0.336037 0.509254
3.671661 -40.336145 -85.508687 1152.189612 0.232285 0.944003 0.234312 0.625302 0.039587 -0.779378 0.745011 -0.327553 0.581091
1.710541 -40.924683 -1059.495081 927.127701 0.265257 0.935529 0.233289 0.601747 0.028422 -0.798181 0.753352 -0.352104 0.555412
2.322231 -46.711154 -908.550634 -1952.044228 0.252089 0.934505 0.251297 0.549497 0.075522 -0.832075 0.796557 -0.347845 0.494470
15.849367 -91.940908 1994.743223 3407.932912 -0.005292 0.985082 0.172004 -0.645447 0.128013 -0.753001 0.763787 0.115004 -0.635141
16.593256 -84.429621 -1454.800004 12778.798187 0.026787 0.993561 0.110090 -0.777146 0.089967 -0.622856 0.628750 0.068871 -0.774552
16.271565 -86.348062 -903.549669 5074.396622 0.061574 0.987915 0.142238 -0.657601 0.147360 -0.738814 0.750846 0.048044 -0.658728
16.575775 -86.174935 -745.592287 -7261.183683 0.064552 0.985571 0.156469 -0.486462 0.167982 -0.857401 0.871314 0.020769 -0.490287
-6.484639 -108.524992 987.456246 3907.880672 0.003890 0.988274 0.152643 0.972524 0.031792 -0.230624 0.232772 -0.149346 0.960996
-7.051164 -99.235364 784.752232 1179.029982 0.030202 0.986668 0.159916 0.919000 0.035509 -0.392656 0.393100 -0.158822 0.905675
-7.503021 -100.258944 1835.414808 1687.496607 -0.004963 0.990559 0.136999 0.920180 0.058156 -0.387151 0.391463 -0.124142 0.911781
-6.395446 -108.666686 -223.792605 3042.451611 -0.011230 0.987949 0.154369 0.957060 0.055342 -0.284557 0.289671 -0.144545 0.946149
-8.296486 -96.066067 -1018.382090 8006.516513 -0.003215 0.985602 0.169051 0.820458 0.099247 -0.563026 0.571697 -0.136889 0.808965
-1.024795 -34.139667 -1525.674312 -3523.312043 0.896347 -0.389904 0.211036 0.235846 0.822400 0.517720 0.375418 0.414285 -0.829114
2.488391 -24.617276 -2860.322847 -3115.636465 0.903972 -0.379301 0.197397 0.262649 0.856848 0.443653 0.337418 0.349203 -0.874189
8.481269 -27.180485 3012.992234 -4203.674707 -0.920930 0.278189 -0.272944 0.143656 0.893339 0.425803 0.362285 0.352924 -0.862667
18.159987 -22.236431 3756.864695 -3360.240269 -0.924170 0.145842 -0.353045 0.007856 0.931306 0.364154 0.381902 0.333766 -0.861830
12.474419 -30.408837 -4285.251497 -4250.773820 0.927340 -0.206089 0.312357 0.055190 0.900883 0.430540 0.370127 0.382018 -0.846799
4.799352 -34.360380 -2203.458960 -4729.468686 0.914251 -0.311408 0.259171 0.154032 0.858826 0.488562 0.374725 0.406747 -0.833149
2.554119 -16.526560 2362.707185 -2871.868271 0.873554 0.486720 0.002423 0.394026 -0.710094 0.583532 -0.285737 0.508792 0.812087
11.691106 -24.262742 3395.975852 -1645.562853 0.877615 0.479231 0.011375 0.389810 -0.727267 0.564917 -0.278998 0.491345 0.825070
8.261445 -18.169146 2595.894000 -918.587602 0.932005 0.341128 0.122471 0.206052 -0.776667 0.595257 -0.298178 0.529547 0.794147
3.959080 -13.624349 847.827341 769.855099 0.955734 0.145979 0.255466 -0.022716 -0.829047 0.558717 -0.293354 0.539788 0.789033
-1.781250 -8.433784 -215.906458 734.008790 0.944959 0.021731 0.326467 -0.154498 -0.849910 0.503769 -0.288415 0.526480 0.799772
14.695354 -77.846480 -6769.285104 -14208.722895 -0.171920 0.845155 0.506119 0.413978 -0.404219 0.815616 -0.893905 -0.349743 0.280382
2.690538 -70.829028 -4119.733242 -14730.393504 -0.159757 0.862859 0.479533 0.309025 -0.417643 0.854446 -0.937540 -0.284691 0.199923
12.635923 -54.467098 -4009.773416 -11450.312120 -0.122145 0.852388 0.508444 0.315804 -0.452278 0.834094 -0.940930 -0.262449 0.213944
256.982362 -37.593433 93025.353971 902.156375 0.120174 0.924944 -0.360607 0.034008 0.359191 0.932644 -0.992170 0.124343 -0.011710
1447.529166 -93.553882 502167.162126 -7416.896156 0.057724 0.910390 -0.409704 -0.080471 0.413296 0.907034 -0.995084 0.019388 -0.097117
472.640023 -52.466065 189231.685946 -3524.583001 0.175216 0.945102 -0.275828 -0.094140 0.294961 0.950860 -0.980019 0.140639 -0.140654
35.785415 -46.643403 28472.212825 928.706540 0.102662 0.976971 -0.187050 0.021498 0.185820 0.982349 -0.994484 0.104871 0.001926
33.851291 -49.737800 21568.597975 749.836073 0.094303 0.987926 -0.122916 0.147275 0.108263 0.983153 -0.984590 0.110817 0.135288
12.281505 -30.929086 5922.501964 999.650974 -0.193203 0.961572 -0.195068 0.841666 0.264604 0.470726 -0.504253 0.073236 0.860445
23.595967 -29.742620 7931.601110 879.792241 -0.303701 0.925510 -0.226269 0.823638 0.374410 0.425954 -0.478942 0.057001 0.875994
33.812912 -30.482531 7997.703751 1427.233350 -0.335403 0.914785 -0.225106 0.780693 0.403634 0.477072 -0.527278 0.015727 0.849547
13.014193 -33.730248 5482.377996 1032.109852 -0.169226 0.968026 -0.185170 0.818285 0.242719 0.521053 -0.549338 0.063346 0.833196
33.782540 -34.108984 9066.509632 229.716310 -0.293179 0.925021 -0.241622 0.727152 0.379830 0.571821 -0.620722 0.008050 0.783989
-11.807048 -95.406562 586.884723 -2893.211137 0.064694 0.988759 0.134797 -0.704856 -0.050343 0.707561 -0.706394 0.140787 -0.693676
-10.088380 -94.829015 1100.182284 -2036.968738 0.063404 0.982570 0.174744 -0.623210 -0.097777 0.775918 -0.779480 0.158098 -0.606148
-12.021700 -90.889669 549.674836 -2018.180820 0.056118 0.983681 0.170947 -0.770706 -0.066167 0.633746 -0.634715 0.167314 -0.754415
-22.918846 -182.038255 910.955501 18168.194060 0.898951 -0.128998 0.418624 -0.075563 0.895667 0.438260 -0.431482 -0.425607 0.795413
-18.361059 -146.789786 2191.722800 20206.442017 0.911264 -0.140059 0.387275 0.065988 0.977899 0.198390 -0.406502 -0.155230 0.900366
-20.697114 -154.932750 -977.757084 12523.961273 0.879113 -0.180487 0.441118 0.027430 0.943151 0.331232 -0.475824 -0.279090 0.834086
-18.257103 -158.705452 3732.596556 17288.177620 0.925112 -0.077136 0.371777 -0.047400 0.948026 0.314643 -0.376724 -0.308702 0.873374
-22.473890 -177.481719 -2150.861834 -11360.666409 0.868737 -0.172922 0.464106 0.112919 -0.843235 -0.525550 -0.482230 -0.508971 0.713023
41.748934 -50.932671 -9155.163440 4127.856802 -0.592695 -0.477613 -0.648536 -0.045358 0.823723 -0.565176 0.804149 -0.305561 -0.509880
51.534328 -72.254043 5.949510 10091.940069 -0.716304 -0.403531 -0.569272 0.018029 0.804848 -0.593207 0.697555 -0.435180 -0.569241
47.353346 -64.631336 -9504.445585 9118.549815 -0.591934 -0.533610 -0.604049 -0.006411 0.752546 -0.658508 0.805961 -0.385921 -0.448879
57.276909 -95.176047 -9459.830166 18676.795190 -0.634692 -0.561273 -0.531167 0.025866 0.671544 -0.740513 0.772332 -0.483737 -0.411706
43.028899 -72.058425 -9598.209846 10589.320830 -0.535555 -0.637092 -0.554341 -0.001299 0.657034 -0.753860 0.844499 -0.403014 -0.352705
4.517735 -340.651328 796.840172 -56491.957933 0.824260 0.117588 0.553867 0.538449 0.139759 -0.830987 0.175122 -0.983179 -0.051882
0.218965 -443.605420 -835.987060 -88690.254924 0.828338 0.071722 0.555619 0.517670 0.281177 -0.808058 0.214183 -0.956972 -0.195782
0.323211 -355.187642 -93.708867 -19671.213853 0.834060 0.096243 0.543214 0.423420 0.519518 -0.742170 0.353638 -0.849022 -0.392559
6.410968 -375.869955 3085.489644 -32434.288374 0.824388 0.113594 0.554509 0.447663 0.468660 -0.761548 0.346383 -0.876045 -0.335506
-15.611519 -174.617481 -9646.119681 19237.210117 0.608471 -0.437732 0.661932 0.783646 0.462969 -0.414196 -0.125148 0.770746 0.624730
-35.580998 -186.584478 -13337.883243 44032.093977 0.490165 -0.527715 0.693726 0.845777 0.480363 -0.232189 -0.210711 0.700548 0.681787
-37.048380 -133.280683 -12780.342395 2192.390571 0.715117 -0.383632 0.584324 -0.695796 -0.470676 0.542524 -0.066898 0.794538 0.603518
-5.427653 -388.398671 -7871.665352 122491.440960 0.484731 -0.525698 0.699055 0.799776 0.589964 -0.110912 -0.354111 0.612850 0.706414
7.915650 -43.331056 -455.818598 -1269.127438 -0.076412 0.995784 0.050755 0.914003 0.090296 -0.395531 0.398446 -0.016167 0.917049
10.735480 -45.854214 -1912.541582 -741.205816 -0.093336 0.993933 0.058182 0.874330 0.109778 -0.472754 0.476273 -0.006745 0.879271
8.091956 -46.102191 304.942031 -887.820064 -0.073662 0.995975 0.051059 0.872272 0.089163 -0.480825 0.483442 -0.009118 0.875329
-15.809651 -47.351332 -4317.438596 -1321.054649 -0.080932 0.751379 -0.654889 -0.461878 -0.610512 -0.643384 0.883243 -0.250409 -0.396456
-18.344224 -49.133491 -2201.156317 -1077.175455 -0.130350 0.743526 -0.655879 -0.551355 -0.604163 -0.575322 0.824025 -0.286629 -0.488699
-23.156271 -46.458770 -719.828400 -2019.079980 -0.165563 0.714170 -0.680110 -0.415695 -0.675907 -0.608561 0.894308 -0.181963 -0.408782
-3.999886 -73.634362 -303.935493 2784.144816 -0.027054 -0.934578 -0.354729 0.992836 0.016194 -0.118385 0.116385 -0.355390 0.927444
-2.946397 -73.123225 -830.938654 5608.557447 -0.007835 -0.934443 -0.356027 0.996636 0.021750 -0.079018 0.081581 -0.355448 0.931129
-2.381901 -71.983519 -338.519479 843.913439 -0.035978 -0.933192 -0.357572 0.985482 0.026277 -0.167734 0.165924 -0.358416 0.918699
-3.605878 -67.140753 216.882742 1409.070246 -0.049556 -0.934175 -0.353358 0.973249 0.034302 -0.227177 0.224344 -0.355163 0.907485
-4.355964 -72.042880 1143.165897 4716.117430 -0.033354 -0.927878 -0.371388 0.993264 0.010486 -0.115400 0.110972 -0.372735 0.921278
0.212598 -248.161683 -2323.615032 -80952.721495 0.026594 0.719313 -0.694177 0.073311 -0.693956 -0.716276 0.996954 0.031842 0.071188
-3.622389 -130.297863 -3592.418770 -35016.497888 0.050808 0.792321 -0.607985 0.092903 -0.609881 -0.787029 0.994378 0.016496 0.104596
6.289068 -90.347489 -1586.230273 -13083.158665 0.053625 0.891295 -0.450243 0.187491 -0.451859 -0.872164 0.980802 0.037647 0.191340
-16.513765 -589.507897 -6418.534196 227388.579949 0.034409 0.574078 -0.818077 0.103059 0.812160 0.574260 0.994080 -0.104070 -0.031218
7.921693 -376.516117 2020.598944 115405.671386 -0.034294 0.663670 -0.747239 0.194387 0.737830 0.646391 0.980325 -0.123086 -0.154312
7.848926 -377.454967 3256.662313 113675.351525 -0.044325 0.652545 -0.756452 0.299261 0.731098 0.613138 0.953141 -0.199199 -0.227687
-3.690754 -66.485948 1232.480486 3787.087597 -0.071045 -0.936948 -0.342170 0.985924 -0.013912 -0.166615 0.151350 -0.349190 0.924748
-3.661758 -61.032023 1396.321345 3291.603696 -0.101330 -0.941120 -0.322529 0.969456 -0.020624 -0.244398 0.223356 -0.337442 0.914464
-4.840436 -64.276475 1310.462625 5220.464596 -0.067428 -0.941907 -0.329037 0.992105 -0.028345 -0.122168 0.105744 -0.334677 0.936381
-28.519033 -55.303699 5228.903459 -1839.433600 -0.086313 0.958622 -0.271283 -0.564793 0.177232 0.805976 -0.820706 -0.222785 -0.526125
-22.393145 -43.905478 4778.781217 1115.973430 0.147678 0.871284 -0.468034 -0.632337 0.447046 0.632693 -0.760488 -0.202520 -0.616964
-31.507723 -44.918338 5198.324138 -3497.805836 -0.079386 0.938769 -0.335276 -0.647300 0.207235 0.733523 -0.758090 -0.275256 -0.591214
-22.332219 -28.579511 7025.212758 -5029.443483 0.230075 0.803690 -0.548769 -0.704948 0.526388 0.475357 -0.670905 -0.277486 -0.687669
-60.493007 -93.566291 627.796566 2123.679626 0.599743 -0.007791 0.800155 -0.080064 0.994350 0.069692 -0.796177 -0.105861 0.595731
-58.105370 -94.401835 1018.722765 2213.555100 0.696356 0.025063 0.717259 -0.101744 0.992744 0.064089 -0.710448 -0.117606 0.693853
-58.351387 -85.494590 936.719164 7361.578272 0.649215 -0.015662 0.760444 0.086246 0.994856 -0.053141 -0.755699 0.100086 0.647226
-60.128366 -90.050648 -748.526263 2626.986384 0.478911 -0.070302 0.875044 -0.024372 0.995339 0.093305 -0.877525 -0.066011 0.474965
-60.952816 -93.488269 -269.599590 -716.543671 0.506227 0.000432 0.862400 -0.204494 0.971540 0.119551 -0.837805 -0.236875 0.491908
-59.012495 -84.225916 -421.771030 7051.724078 0.517963 -0.116078 0.847490 0.145864 0.988225 0.046205 -0.842875 0.099686 0.528796
-6.982817 -16.417393 -1489.349279 1066.132538 -0.612890 -0.438514 -0.657321 -0.602050 0.797930 0.029038 0.511763 0.413537 -0.753051
-11.953457 -18.847820 -2929.896904 1027.631210 -0.569572 -0.498559 -0.653473 -0.638633 0.768926 -0.030006 0.517432 0.400239 -0.756355
-12.892383 -17.349941 2023.840591 53.870155 0.340986 0.709735 0.616445 -0.800587 0.562950 -0.205300 0.492736 0.423513 -0.760163
-8.788219 -14.034995 -1287.712664 616.842931 -0.428694 -0.624539 -0.652819 -0.760659 0.639386 -0.112178 0.487463 0.448483 -0.749162
1.127342 -39.768942 -3494.976493 3939.206688 -0.180705 0.895556 -0.406603 -0.250262 0.357934 0.899584 -0.951165 -0.264317 -0.159444
-5.319574 -44.727615 -5333.477234 5081.926705 -0.201803 0.909519 -0.363389 -0.270238 0.304914 0.913236 -0.941407 -0.282495 -0.184253
-0.543217 -38.706787 -4998.588564 1013.328515 -0.187432 0.902523 -0.387714 -0.376308 0.298621 0.877050 -0.907338 -0.310287 -0.283655
11.033473 -39.894418 422.097098 -717.203329 -0.015955 0.962732 -0.269987 -0.929611 -0.113716 -0.350558 0.368196 -0.245390 -0.896781
10.077574 -40.336141 10.074734 -489.502611 -0.029942 0.956522 -0.290119 0.962586 0.105797 0.249470 0.269317 -0.271795 -0.923903
10.853401 -37.884141 -4.689378 -802.283164 0.008112 0.957309 -0.288951 -0.927817 -0.100565 -0.359224 0.372947 -0.271008 -0.887392
11.443918 -40.571480 149.088366 -1102.542809 0.015014 0.964470 -0.263766 -0.882278 -0.111348 -0.457370 0.470489 -0.239581 -0.849259
11.239725 -39.384747 -374.659399 -888.852627 0.033954 0.954367 -0.296700 -0.880685 -0.111777 -0.460327 0.472485 -0.276929 -0.836701
3.488540 -74.208104 -1151.832396 454.774471 -0.104022 0.972973 -0.206162 -0.846435 0.022237 0.532027 -0.522233 -0.229845 -0.821246
5.808254 -75.104094 455.089218 2967.977749 -0.100820 0.980357 -0.169515 -0.755700 0.035362 0.653963 -0.647112 -0.194035 -0.737290
4.643653 -68.235396 -1069.915837 3462.440432 -0.139864 0.973943 -0.178531 -0.695195 0.031802 0.718117 -0.705083 -0.224552 -0.672632
-11.059386 -85.557960 -367.083223 1519.811284 -0.053143 0.996385 -0.066271 -0.869393 -0.013518 0.493937 -0.491256 -0.083865 -0.866969
-10.348710 -79.693581 409.566490 1595.613507 -0.035124 0.996691 -0.073309 -0.757164 0.021338 0.652876 -0.652280 -0.078438 -0.753909
-9.613313 -78.979803 227.704936 2200.310667 -0.034063 0.998249 -0.048363 -0.773415 0.004319 0.633885 -0.632984 -0.058997 -0.771914
-8.141879 -77.605311 996.023479 2636.921948 -0.024048 0.999548 -0.018058 -0.725114 -0.005005 0.688610 -0.688208 -0.029654 -0.724907
-9.560189 -84.378965 497.961585 4119.905348 -0.038786 0.999029 -0.020883 -0.825261 -0.020242 0.564388 -0.563417 -0.039125 -0.825245
-0.972668 -53.320750 2.376034 264.976325 -0.104037 0.986522 0.126295 0.929612 0.141595 -0.340253 0.353550 -0.082006 0.931814
-0.170066 -54.725953 -937.437568 -16.821850 -0.094872 0.985529 0.140470 0.930660 0.137895 -0.338906 0.353372 -0.098577 0.930275
-0.402485 -53.414839 -901.896566 -1122.848393 -0.098704 0.985564 0.137553 0.896723 0.148021 -0.417107 0.431446 -0.082177 0.898388
-0.425635 -56.243190 -676.917256 1653.893718 -0.089770 0.987674 0.128221 0.964860 0.118164 -0.234695 0.246953 -0.102647 0.963575
-13.862378 -32.249367 -2021.216927 4109.620522 -0.341282 -0.053491 0.938438 -0.101538 0.994635 0.019768 -0.934461 -0.088540 -0.344882
-10.892066 -36.743925 -111.086467 4100.354082 -0.372015 0.198001 0.906863 -0.078427 0.966786 -0.243257 -0.924908 -0.161617 -0.344130
-15.354197 -43.763132 -2597.792787 3138.966241 -0.355979 0.192358 0.914482 -0.113634 0.962413 -0.246674 -0.927559 -0.191727 -0.320740
-9.294500 -40.856000 -150.304507 779.249497 -0.382795 0.335419 0.860792 -0.113409 0.907652 -0.404112 -0.916846 -0.252314 -0.309405
-21.859014 -40.165698 -3396.292481 3025.712976 -0.297809 -0.155992 0.941794 -0.118889 0.984939 0.125543 -0.947193 -0.074581 -0.311869
6.944361 -59.360496 2234.777094 4089.605606 0.064905 0.965514 -0.252132 -0.289505 -0.223579 -0.930698 0.954973 -0.133400 -0.265010
3.360018 -60.450032 3062.612209 3666.274759 0.043270 0.966828 -0.251737 -0.179185 -0.240377 -0.953998 0.982863 -0.086387 -0.162840
-0.509474 -59.015176 638.201022 4717.057539 0.078495 0.978813 -0.189113 -0.229096 -0.166910 -0.958987 0.970234 -0.118601 -0.211140
-5.020363 -47.660034 994.348769 1552.749338 -0.107657 0.983570 0.144913 0.936653 0.149210 -0.316886 0.333302 -0.101619 0.937328
-2.374823 -51.808958 1707.642341 1178.493070 -0.094505 0.987914 0.122861 0.937836 0.129749 -0.321914 0.333964 -0.084801 0.938763
-4.646787 -54.283460 3046.181440 4142.821166 -0.049189 0.993912 0.098590 0.970401 0.070925 -0.230850 0.236437 -0.084317 0.967982
-7.850039 -49.428869 1635.375455 6312.003612 -0.053403 0.989592 0.133622 0.962180 0.086791 -0.258218 0.267128 -0.114779 0.956801
16059.213929 -29368.532836 3989000.033095 -9151380.321676 0.674655 0.150093 -0.722712 -0.193643 0.980804 0.022927 0.712280 0.124481 0.690769
19.308731 -43.476553 12588.361255 4448.757755 -0.026935 0.995651 -0.089188 0.657688 -0.049539 -0.751659 0.752808 0.078904 0.653493
-13.956219 -214.084482 -522.619585 -67556.403528 0.600012 -0.459823 -0.654636 0.219710 0.881556 -0.417836 0.769229 0.106876 0.629972
127.992551 -201.775036 79223.524386 -66369.738317 -0.401291 0.855321 0.327707 0.538750 0.509754 -0.670745 0.740752 0.092612 0.665364
240.352896 14.739332 81791.361428 17894.130847 0.034655 0.974691 -0.220856 0.759758 -0.169264 -0.627788 0.649282 0.146041 0.746394
-3.188500 -121.380127 -8490.181673 7121.384707 0.187253 0.981523 0.039353 -0.038090 0.047286 -0.998155 0.981573 -0.185408 -0.046241
5.246158 -132.362488 -6432.743647 4597.545842 0.159837 0.983865 0.080387 0.161625 0.054252 -0.985360 0.973822 -0.170490 0.150346
11.649532 -119.786503 -8321.664221 10588.761366 0.174748 0.981886 0.073238 -0.097381 0.091253 -0.991055 0.979786 -0.166053 -0.111563
8.467557 -100.228153 -9664.182584 12640.122802 0.203103 0.978051 0.046524 -0.302751 0.107913 -0.946941 0.931177 -0.178241 -0.318023
2.066599 -134.574652 839.037856 5072.660045 0.971045 0.200707 0.129569 0.151622 -0.098651 -0.983503 0.184614 -0.974671 0.126227
4.086332 -139.551817 -1457.450978 3099.838013 0.973474 0.178905 0.142626 0.130971 0.075408 -0.988514 0.187606 -0.980972 -0.049977
3.106689 -133.938430 247.954308 -1744.751669 0.974345 0.191369 0.118445 0.101489 0.096130 -0.990181 0.200876 -0.976799 -0.074242
2.663364 -136.428045 1099.771547 -839.258177 0.972257 0.195792 0.127992 0.143274 -0.065934 -0.987484 0.184902 -0.978426 0.092157
2.635321 -137.885493 2387.075282 -506.759829 0.967268 0.218275 0.129418 0.187772 -0.272613 -0.943623 0.170688 -0.937037 0.304676
-12.850660 -107.229245 -549.528054 -10210.697185 0.851947 0.241894 0.464406 0.048253 0.846861 -0.529621 -0.521399 0.473618 0.709809
-13.015358 -116.492173 422.229896 18498.582420 0.873489 0.244445 0.421026 -0.079780 -0.781247 0.619103 -0.480262 0.574369 0.662909
-11.395963 -132.997194 -1126.794296 17126.534053 0.850994 0.304892 0.427609 -0.103888 -0.700403 0.706146 -0.514797 0.645350 0.564365
-10.196091 -125.061651 -1550.972833 15032.105107 0.836790 0.302772 0.456192 -0.074380 -0.762607 0.642572 -0.542448 0.571629 0.615622
45.403095 -65.484024 3381.202765 6308.661743 0.938508 -0.238123 0.249999 0.328015 0.840928 -0.430403 0.107743 -0.485940 -0.867326
53.939769 -68.007791 -2716.746705 10368.561545 0.890607 -0.415695 0.184436 0.452212 0.766509 -0.456035 -0.048199 -0.489552 -0.870641
62.097668 -112.472842 3238.260982 22988.269171 0.912514 -0.291177 0.287287 0.405001 0.741663 -0.534706 0.057376 -0.604278 -0.794705
47.212944 -77.637376 9141.722994 8624.594211 0.937788 -0.117956 0.326559 0.277897 0.818839 -0.502271 0.208153 -0.561773 -0.800677
30.662454 -62.985903 6906.069210 1191.923362 0.958596 -0.029932 0.283193 0.150069 0.898265 -0.413037 0.242019 -0.438434 -0.865565
32.439618 -58.341870 4821.427602 -436.470195 0.963823 -0.116804 0.239588 0.195745 0.920271 -0.338800 0.180913 -0.373442 -0.909842
36.923814 -49.855028 -1349.134101 1213.537222 0.950958 -0.251351 0.180280 0.300929 0.886609 -0.351234 0.071555 -0.388260 -0.918768
2.109849 -348.745102 -1240.651615 -59998.554230 0.882470 0.041805 0.468506 0.456440 -0.316700 -0.831483 -0.113616 -0.947604 0.298560
1.270754 -250.396198 -2544.763181 -31476.486668 0.865054 0.025455 0.501033 0.432817 -0.542869 -0.719696 -0.253675 -0.839432 0.480628
2.861943 -298.295690 278.606738 -64677.705124 0.861676 0.058531 0.504072 0.402397 -0.684011 -0.608445 -0.309178 -0.727119 0.612949
4.626669 -211.141753 2275.202073 -11029.358353 0.866687 0.085575 0.491457 0.310665 -0.863403 -0.397520 -0.390308 -0.497204 0.774886
1.412088 -222.879165 1083.738173 -24297.572020 0.874976 0.048382 0.481742 0.376952 -0.692502 -0.615100 -0.303848 -0.719792 0.624161
0.600813 -279.801325 1544.635887 -44020.374181 0.882194 0.046906 0.468544 0.439539 -0.439004 -0.783634 -0.168935 -0.897260 0.407904
-11.534363 -226.032844 -4749.405991 5629.116423 0.815317 0.407247 0.411591 -0.546368 0.305799 0.779724 -0.191676 0.860603 -0.471830
-4.301693 -294.599615 -7095.758660 61597.341550 0.795906 0.430659 0.425519 -0.604098 0.518486 0.605176 -0.039999 0.738718 -0.672826
0.447261 -316.433395 -4131.868559 65677.275260 0.757116 0.470543 0.453172 -0.647600 0.449314 0.615411 -0.085960 0.759412 -0.644906
-5.883863 -235.355972 -3017.684199 2656.524801 0.807447 0.424786 0.409373 -0.528298 0.211828 0.822211 -0.262547 0.880162 -0.395453
-4.895184 -82.605619 -1502.434515 -4186.070120 0.883663 0.442588 0.152498 -0.467323 0.853073 0.232110 0.027363 0.276372 -0.960661
-4.005444 -78.146125 -842.677439 -1793.984184 0.898699 0.412683 0.148434 -0.428454 0.898422 0.096253 0.093634 0.150100 -0.984227
-2.013038 -86.584256 -2369.481532 -3080.485932 0.894309 0.429536 0.125341 -0.446930 0.871010 0.203949 0.021570 0.238412 -0.970924
-1.886020 -91.024901 -2501.703767 -3542.428251 0.876559 0.459625 0.142794 -0.475608 0.781724 0.403368 -0.073772 0.421490 -0.903828
-16.770393 -30.472585 954.236340 1710.837840 0.445948 0.894871 0.018345 -0.886247 0.438595 0.149001 -0.125290 0.082705 -0.988667
-18.269352 -32.297677 -96.129445 1653.702907 0.628265 0.774070 -0.078096 -0.760760 0.632255 0.146623 -0.162873 0.032706 -0.986105
-15.330386 -28.131182 786.735532 1171.228579 0.424633 0.905344 0.006207 -0.885523 0.413889 0.211057 -0.188510 0.095118 -0.977454
-12.911879 -27.858715 1662.647611 1181.701947 0.286124 0.954804 0.080508 -0.946404 0.268465 0.179571 -0.149841 0.127573 -0.980445
-12.077789 -25.534633 996.910784 586.525167 0.325679 0.944734 0.037566 -0.912787 0.303812 0.272981 -0.246481 0.123194 -0.961286
-11.821697 -26.204968 1594.178314 727.814518 0.250160 0.964824 0.080841 -0.947241 0.226608 0.226678 -0.200385 0.133282 -0.970609
2.458748 -64.265421 -430.503605 239.875255 0.099051 0.992976 -0.064711 -0.249481 -0.038173 -0.967627 0.963301 -0.111989 -0.243948
2.164002 -64.520882 92.468223 -835.227636 0.100038 0.993681 -0.050899 -0.169143 -0.033427 -0.985024 0.980501 -0.107149 -0.164730
3.125920 -65.000973 -949.050292 -2156.162038 0.103594 0.992651 -0.062544 -0.108357 -0.051245 -0.992790 0.988700 -0.109625 -0.102252
1.358022 -31.823867 2710.874736 2984.843474 0.295752 0.586781 0.753803 -0.236160 0.809521 -0.537498 -0.925613 -0.019052 0.377992
2.557097 -28.909637 1626.164917 3610.894864 0.295783 0.561006 0.773165 -0.223802 0.827552 -0.514851 -0.928668 -0.020751 0.370330
0.118296 -26.653413 1540.908317 1608.447184 0.252414 0.701490 0.666482 -0.225899 0.712473 -0.664343 -0.940881 0.017132 0.338305
-2.390523 -30.586661 3001.482844 2257.270969 0.263240 0.690064 0.674179 -0.228514 0.723539 -0.651362 -0.937276 0.017405 0.348153
12.279159 -224.639282 1750.209124 -25960.054681 0.174157 0.854805 -0.488853 0.698139 0.242923 0.673491 -0.694458 0.458580 0.554466
12.116699 -224.862697 3314.177761 -32138.624692 0.187772 0.874730 -0.446753 0.550132 0.283144 0.785611 -0.813693 0.393289 0.428051
9.442103 -186.892660 94.411956 -25968.117228 0.175738 0.881552 -0.438158 0.432822 0.330568 0.838684 -0.884184 0.337033 0.323461
13.391155 -215.481589 -1524.345220 -41930.555862 0.155818 0.850275 -0.502746 0.592254 0.326912 0.736453 -0.790541 0.412506 0.452640
-51.548693 -85.242580 823.006538 11463.277387 0.368452 -0.920008 0.133520 0.929636 0.365335 -0.048043 -0.004579 0.141827 0.989881
-33.538667 -96.001530 6114.577347 14328.305799 0.392479 -0.919552 0.019626 0.919192 0.391396 -0.043528 0.032345 0.035125 0.998859
-25.613571 -85.846296 -8609.909529 21118.738270 -0.307623 0.950871 0.034832 0.931374 0.308402 -0.193472 0.194709 0.027074 0.980487
-29.663863 -57.195424 -5607.916958 11432.415150 -0.160646 0.986996 -0.005718 0.947151 0.152526 -0.282206 0.277664 0.050751 0.959337
100.755477 -101.818118 3629.625871 -9854.066669 -0.735590 0.672471 0.081793 0.339278 0.470219 -0.814730 0.586343 0.571557 0.574043
101.575725 -107.917344 -7263.332365 -8018.633896 -0.570456 0.801265 0.180430 0.230969 0.367317 -0.900961 0.788184 0.472285 0.394605
99.946685 -101.732704 -9363.851994 -5673.717797 -0.574700 0.792428 0.204399 0.377805 0.478462 -0.792677 0.725936 0.378329 0.574355
98.721003 -87.480262 2721.161786 -3609.535419 -0.718040 0.693364 0.060538 0.464579 0.542238 -0.700103 0.518253 0.474577 0.711471
94.372448 -92.962751 -10538.186502 -309.070268 -0.563824 0.799388 0.207561 0.506799 0.533314 -0.677297 0.652118 0.276685 0.705824
-49.843608 -72.228751 -2113.810868 645.192945 -0.122688 0.989525 0.076075 -0.494789 0.005461 -0.868996 0.860309 0.144256 -0.488936
-47.830664 -73.959164 730.702102 -403.586171 -0.054574 0.993559 0.099310 -0.359431 0.073244 -0.930293 0.931575 0.086465 -0.353118
-45.589856 -73.441693 -1254.837883 2781.117099 0.014338 0.997524 0.068845 -0.509829 0.066523 -0.857700 0.860156 0.022802 -0.509521
-43.622178 -70.158957 -1382.347948 2941.299064 0.002891 0.999375 0.035237 -0.623289 0.029356 -0.781441 0.781987 0.019704 -0.622984
-47.400073 -69.177239 -2330.294286 3422.083647 -0.130459 0.990955 0.031434 -0.636006 -0.059324 -0.769401 0.760577 0.120367 -0.637993
31.726163 -46.778699 4055.210338 -1429.595895 -0.404528 0.914067 -0.028962 0.564138 0.224488 -0.794578 0.719795 0.337768 0.606471
35.132332 -48.048539 4165.409197 -339.484055 -0.391214 0.920216 -0.012424 0.467291 0.186994 -0.864102 0.792837 0.343854 0.503163
35.257471 -48.275844 -1498.772485 -360.488998 -0.305451 0.951826 0.026959 0.554829 0.200917 -0.807340 0.773863 0.231645 0.589471
-0.741487 -43.801034 945.409144 821.378866 0.225993 0.966959 0.117972 -0.082140 0.139590 -0.986797 0.970660 -0.213319 -0.110973
-3.882397 -45.815275 2206.455636 -98.687592 0.208310 0.977897 0.017998 -0.081353 0.035662 -0.996047 0.974674 -0.206023 -0.086983
-5.649298 -44.281094 1244.621315 405.915519 0.208201 0.977798 0.023729 -0.177097 0.061547 -0.982267 0.961919 -0.200307 -0.185979
-8.171097 -46.586852 1729.113623 30.963152 0.210000 0.975946 -0.058570 -0.193543 -0.017224 -0.980941 0.958354 -0.217333 -0.185270
-8.663314 -47.012068 2558.821261 -607.004187 0.216522 0.973770 -0.069928 -0.110288 -0.046772 -0.992799 0.970028 -0.222675 -0.097268
16.288618 -39.700274 2775.564872 1292.676860 0.208843 0.977948 -0.001744 -0.760825 0.161355 -0.628578 0.614435 -0.132601 -0.777744
24.277044 -41.750981 4006.879998 590.434480 0.178870 0.979919 -0.088111 -0.785426 0.088283 -0.612627 0.592547 -0.178785 -0.785445
14.848194 -40.387240 2399.335284 885.398939 0.202045 0.978047 -0.051011 -0.702245 0.108371 -0.703639 0.682664 -0.177989 -0.708724
-3.800160 -20.842537 -2795.986992 1620.262797 0.356486 -0.931180 0.076304 0.934220 0.354191 -0.042209 0.012278 0.086331 0.996191
6.718474 -44.628098 231.728975 -1521.319020 0.183104 0.941540 0.282799 0.521063 0.150985 -0.840058 0.833647 -0.301173 0.462955
8.430609 -47.991002 -634.056810 -1609.081405 0.201688 0.937980 0.281985 0.391848 0.186584 -0.900911 0.897651 -0.292198 0.329914
7.183114 -43.559205 -314.464903 -368.227715 0.205409 0.942735 0.262789 0.551370 0.110371 -0.826927 0.808578 -0.314753 0.497125
-6.906464 -96.085327 -1007.734790 577.330290 0.063789 0.983422 0.169742 0.906397 0.014079 -0.422193 0.417584 -0.180784 0.890472
-8.223620 -88.737718 416.393930 4399.330273 0.038434 0.985519 0.165154 0.817474 0.064042 -0.572393 0.574681 -0.157009 0.803175
-5.218960 -106.280074 0.626724 4169.309681 0.032988 0.984526 0.172106 0.964175 0.014001 -0.264898 0.263208 -0.174679 0.948793
0.351380 -126.069125 214.757552 3352.998225 -0.061863 0.997940 0.017020 -0.032423 -0.019053 0.999293 -0.997558 -0.061268 -0.033535
0.528880 -128.173295 148.699017 4701.324037 -0.061097 0.997854 0.023543 -0.004896 -0.023886 0.999703 -0.998120 -0.060964 -0.006344
0.087118 -113.868708 548.476944 8821.827093 -0.054533 0.997954 0.033369 0.220407 -0.020564 0.975191 -0.973882 -0.060534 0.218835
-0.689163 -108.975643 -283.618606 9531.438875 -0.070327 0.996646 0.041832 0.275587 -0.020892 0.961049 -0.958700 -0.079116 0.273193
-1.939583 -118.479977 -567.097360 5163.306561 -0.069094 0.997195 0.028789 0.078228 -0.023354 0.996662 -0.994538 -0.071115 0.076395
-4.599035 -29.955891 -2174.305575 -3263.004904 0.864997 -0.480356 0.145046 0.351592 0.786459 0.507804 0.358000 0.388252 -0.849174
-6.364662 -26.130328 -2570.866362 -2219.463565 0.826364 -0.554644 0.097433 0.443770 0.747896 0.493680 0.346686 0.364721 -0.864168
-0.440039 -20.385070 -3355.346484 -2505.027415 0.878058 -0.456779 0.142717 0.361755 0.828781 0.426915 0.313287 0.323227 -0.892959
19.847109 -75.585082 3339.378612 -253.299966 -0.025120 0.948839 0.314759 0.563379 -0.246661 0.788519 -0.825816 -0.197136 0.528360
22.160365 -74.220937 4480.890802 -1741.069412 -0.013869 0.934798 0.354910 0.475516 -0.306072 0.824745 -0.879598 -0.180204 0.440266
13.613148 -79.047076 750.475934 2155.733605 -0.042699 0.957481 0.285318 0.408788 -0.243836 0.879452 -0.911630 -0.154187 0.380995
25.922321 -80.672802 2462.957755 -3965.456495 -0.043272 0.920981 0.387197 0.616853 -0.280235 0.735500 -0.785888 -0.270670 0.555984
13.392842 -83.005612 239.326777 1761.912396 -0.053568 0.965307 0.255563 0.463710 -0.202614 0.862508 -0.884366 -0.164710 0.436769
16.582905 -82.023317 1780.554371 1477.405154 -0.041149 0.968164 0.246912 0.620041 -0.169037 0.766143 -0.783489 -0.184622 0.593346
25.879597 -81.118071 3237.933677 386.967957 -0.038542 0.949463 0.311505 0.692480 -0.199365 0.693343 -0.720406 -0.242434 0.649800
4.490862 -29.963747 4672.184250 211.097563 -0.134489 0.978561 -0.155984 0.882554 0.189864 0.430173 -0.450567 0.079811 0.889168
-11.010956 -84.807140 406.356461 -1266.493223 0.030157 0.963940 0.264405 -0.953632 -0.051504 0.296536 -0.299461 0.261088 -0.917691
-12.993399 -83.370081 230.571572 1306.551548 0.040580 0.970279 0.238560 0.985641 0.000293 -0.168856 -0.163907 0.241987 -0.956335
-12.069196 -87.273421 865.473604 -1323.956800 0.045897 0.970538 0.236538 -0.920699 -0.050769 0.386958 -0.387566 0.235540 -0.891243
-9.940231 -87.086710 799.182711 -1488.996753 0.031573 0.963828 0.264648 -0.893589 -0.091400 0.439482 -0.447774 0.250362 -0.858380
-17.408068 -130.535859 -1151.636879 15790.320761 0.870808 -0.195488 0.451085 0.160339 0.980304 0.115307 -0.464742 -0.028083 0.885001
-9.494008 -120.316303 4659.090717 18939.889659 0.930086 -0.040895 0.365057 0.036259 0.999151 0.019548 -0.365547 -0.004945 0.930780
-12.405989 -113.178572 2824.516648 19935.728807 0.913026 -0.118095 0.390432 0.152781 0.986504 -0.058888 -0.378209 0.113416 0.918746
41.530369 -52.216407 -2164.355295 2968.439800 -0.687566 -0.358199 -0.631622 -0.023010 0.880168 -0.474104 0.725757 -0.311445 -0.613416
44.437283 -70.309470 7395.023907 8185.993371 -0.798273 -0.256783 -0.544815 0.039361 0.880388 -0.472619 0.601008 -0.398723 -0.692682
54.550480 -110.344227 -9715.034636 19185.265678 0.829085 0.248649 0.500790 0.130755 0.784611 -0.606043 0.543618 -0.567942 -0.617998
67.985846 -117.800645 2790.893562 22888.288751 -0.759156 -0.413868 -0.502389 0.082892 0.704073 -0.705273 0.645609 -0.577056 -0.500195
-0.090584 -388.772486 397.641926 2913.016335 0.845352 0.094916 0.525710 0.422005 0.484748 -0.766114 0.327553 -0.869488 -0.369728
-1.744326 -396.717892 -441.848457 24670.093136 0.846112 0.091481 0.525096 0.313991 0.710524 -0.629734 0.430702 -0.697701 -0.572459
3.666627 -433.401841 -472.106311 -94352.899158 0.843847 0.100366 0.527114 0.530292 -0.005997 -0.847794 0.081928 -0.994933 0.058284
-24.203296 -49.063274 762.276763 1625.349819 -0.231930 0.687224 -0.688427 0.496712 0.692170 0.523620 0.836353 -0.220507 -0.501888
-20.163529 -49.853635 -1032.362721 -94.612470 -0.196594 0.718388 -0.667285 -0.631392 -0.613431 -0.474391 0.750130 -0.328056 -0.574182
-23.469992 -43.908363 1035.147349 -2234.147151 -0.209511 0.734332 -0.645648 -0.392922 -0.667872 -0.632107 0.895387 -0.121256 -0.428462
-23.136768 -50.657784 877.283059 1398.602112 -0.294393 0.665348 -0.686036 0.561253 0.701382 0.439385 0.773517 -0.255688 -0.579910
-22.881630 -46.627241 1526.334887 -1691.764433 -0.267507 0.719830 -0.640535 -0.479876 -0.675983 -0.559255 0.835559 -0.157773 -0.526259
-2.653823 -64.642899 -493.353290 -1669.071913 -0.049334 -0.934208 -0.353301 0.963131 0.049169 -0.264502 0.264471 -0.353324 0.897339
-1.046155 -69.329257 1106.698375 -1812.093105 -0.028324 -0.921569 -0.387179 0.982067 0.046571 -0.182691 0.186394 -0.385410 0.903724
-1.001195 -63.322773 1532.104187 1927.533528 -0.050360 -0.921755 -0.384488 0.931728 0.095271 -0.350438 0.359649 -0.375886 0.854027
10.057741 -46.872915 0.880340 -1832.678587 0.000693 0.997201 -0.074760 -0.768275 -0.047325 -0.638368 0.640119 -0.057879 -0.766092
10.344168 -42.593455 321.924943 -1873.406248 0.046827 0.997752 -0.047934 -0.690372 -0.002355 -0.723451 0.721937 -0.066969 -0.688710
10.690955 -46.176921 -689.665606 -1956.368585 0.013894 0.998638 -0.050287 -0.694492 -0.026544 -0.719011 0.719367 -0.044914 -0.693177
3.149454 -64.420488 -113.833724 2968.930318 0.043792 0.967311 -0.249783 0.164612 -0.253592 -0.953202 0.985386 -0.000626 0.170336
-15.274994 -105.534327 -7459.832512 -34551.220951 0.052123 0.750896 -0.658360 0.055785 -0.660416 -0.748825 0.997081 -0.002305 0.076312
-2.178372 -58.979865 941.993111 1297.751562 -0.110075 -0.939754 -0.323646 0.953902 -0.008414 -0.300000 0.279203 -0.341749 0.897359
-1.751715 -35.982016 4960.236627 -4698.309707 0.219215 0.891895 -0.395561 -0.548397 0.447954 0.706115 -0.806973 -0.062133 -0.587310
-6.108519 -52.784878 5110.777007 -4894.292612 0.109229 0.971611 -0.209859 -0.482982 0.236402 0.843115 -0.868791 -0.009265 -0.495092
-0.211461 -43.926176 3480.801443 -3710.454287 0.119716 0.971303 -0.205518 -0.474636 0.237812 0.847447 -0.872002 0.003906 -0.489486
-12.599265 -53.126938 3069.034145 -9164.752022 0.110053 0.943092 -0.313794 -0.544155 0.321364 0.774997 -0.831735 -0.085462 -0.548555
4.949450 -30.967319 4947.926407 -2661.596186 0.242301 0.878333 -0.412093 -0.506904 0.476774 0.718147 -0.827247 -0.034884 -0.560754
7.935689 -19.192945 4825.479745 -4891.626316 0.367466 0.732535 -0.573029 -0.515445 0.673261 0.530129 -0.774136 -0.100561 -0.624981
3.785634 -21.088477 7174.833177 -7856.983093 0.387125 0.720553 -0.575272 -0.546791 0.681780 0.486000 -0.742397 -0.126411 -0.657926
-9.389918 -31.574189 3092.842938 -9961.584736 0.224629 0.857789 -0.462320 -0.604452 0.494794 0.624354 -0.764317 -0.139202 -0.629637
-53.876937 -86.256027 2470.608549 7425.317498 0.760833 0.075678 0.644520 0.003986 0.992613 -0.121256 -0.648936 0.094824 0.754911
-51.401081 -91.623718 3550.606296 905.141405 0.799134 0.021053 0.600785 -0.104221 0.989105 0.103969 -0.592050 -0.145699 0.792621
-54.652027 -92.370627 2387.488061 -3034.644185 0.751523 -0.012971 0.659580 -0.185363 0.955377 0.229990 -0.633130 -0.295105 0.715583
30.899558 -51.276844 -7024.963393 -1445.543675 0.050193 0.963971 0.261229 -0.783523 -0.124190 0.608826 -0.619333 0.235238 -0.749060
