10823
21639
-38.364535 -56.508083 -10.494064 -3211.744880 -0.070619 -0.278508 0.957834 0.440522 0.852812 0.280449 -0.894960 0.441752 0.062464
-25.602432 -56.086605 -2178.586410 -4824.283583 -0.123790 -0.083717 0.988771 0.362472 0.923763 0.123593 -0.923737 0.373701 -0.084007
-33.003488 -48.366119 -847.819847 -4321.208681 -0.102236 -0.234081 0.966827 0.274319 0.927599 0.253591 -0.956189 0.291145 -0.030621
-21.296543 -44.715503 -2351.895547 -5315.482603 -0.181060 -0.113185 0.976937 0.187692 0.971121 0.147297 -0.965396 0.210033 -0.154587
-35.214426 -50.769816 254.262452 -3441.578593 -0.135003 -0.614786 0.777053 0.298071 0.722708 0.623576 -0.944949 0.315801 0.085682
-28.681683 -37.247766 232.295342 -2592.109028 0.165047 0.707063 -0.687620 0.090934 0.683302 0.724451 -0.982085 0.182096 -0.048480
-31.482749 -46.398279 1.638340 2327.801519 0.470334 -0.707616 -0.527319 0.621553 -0.158560 0.767157 -0.626464 -0.688577 0.365245
-32.135912 -47.481272 799.432015 -2401.204299 0.613186 -0.617641 -0.492467 -0.556807 0.104270 -0.824071 -0.560330 -0.779517 0.279970
-30.797816 -44.700792 -208.761713 1821.543217 0.435130 -0.674022 -0.596956 0.727310 -0.127693 0.674326 -0.530737 -0.727591 0.434660
-32.504145 -44.371648 -597.690643 -384.734742 0.358029 -0.600976 -0.714593 0.835738 -0.135012 0.532272 -0.416361 -0.787781 0.453920
-30.768801 -44.056542 -118.379206 -262.980758 0.347442 -0.688196 -0.636922 0.809705 -0.122385 0.573933 -0.472928 -0.715128 0.514714
17.937372 -54.309006 -661.278952 -1261.299100 -0.567196 -0.173326 0.805138 0.695761 0.422259 0.581045 -0.440687 0.889750 -0.118910
15.909008 -50.850421 776.566192 -1145.057136 -0.465814 -0.264533 0.844417 0.721552 0.438847 0.535515 -0.512231 0.858741 -0.013547
22.206482 -47.924693 -872.729573 -4285.412056 -0.545721 -0.173042 0.819906 0.602721 0.598706 0.527522 -0.582165 0.782054 -0.222430
20.791299 -51.413520 824.500695 -3732.723050 0.622407 0.130800 -0.771687 0.609853 0.536951 0.582892 -0.490600 0.833412 -0.254433
17.722349 -56.417689 107.978867 -75.554063 -0.617327 -0.171179 0.767858 0.694329 0.340353 0.634088 -0.369885 0.924585 -0.091254
88.498805 -78.328351 18229.426371 1281.181017 0.897123 0.185876 0.400775 -0.058835 0.949368 -0.308608 -0.437846 0.253279 0.862636
91.797576 -77.409097 14596.105650 -1073.911374 0.717843 0.384963 0.580090 -0.312316 0.922736 -0.225870 -0.622222 -0.019032 0.782610
109.609355 -91.556391 11604.599409 3481.909495 0.640153 0.332777 0.692433 -0.047983 0.916874 -0.396281 -0.766747 0.220455 0.602908
109.528367 -82.078269 17165.528409 4828.545390 0.813225 0.128027 0.567692 0.208769 0.846387 -0.489943 -0.543213 0.516950 0.661575
89.516141 -74.327987 15064.190707 -5763.820659 0.920994 0.046939 0.386740 -0.157237 -0.863479 0.479250 -0.356437 0.502196 0.787878
-9.552579 -31.937469 -777.059739 843.137237 0.146043 0.255991 0.955584 0.978815 -0.177509 -0.102041 0.143503 0.950242 -0.276492
-8.988908 -32.873488 -809.211113 -630.085917 0.131600 0.251659 0.958827 0.990862 -0.062257 -0.119656 0.029581 0.965811 -0.257552
-11.822248 -31.921468 -153.853183 381.572967 0.098617 0.208168 0.973109 0.984642 -0.161981 -0.065134 0.144067 0.964587 -0.220945
-12.119606 -27.568448 -446.292409 1908.169186 0.099592 0.217809 0.970897 0.959508 -0.279406 -0.035743 0.263489 0.935143 -0.236816
-10.130282 -27.888512 -988.973388 2209.837491 0.158886 0.266388 0.950680 0.950716 -0.300964 -0.074559 0.266259 0.915673 -0.301079
6.089541 -55.910475 1094.441434 -198.253222 0.171067 0.769832 -0.614894 -0.383360 0.626921 0.678237 -0.907618 -0.119702 -0.402369
5.644953 -55.821202 791.067565 -835.630536 0.170713 0.739125 -0.651576 -0.228667 0.672948 0.703457 -0.958420 -0.028905 -0.283894
10.423736 -58.020479 1336.752167 -451.869638 0.165899 0.741436 -0.650192 -0.393910 0.654268 0.645576 -0.904053 -0.149017 -0.400601
11.659316 -57.236468 1682.341017 498.394014 0.158390 0.772277 -0.615224 -0.528481 0.592633 0.607860 -0.834038 -0.228855 -0.502001
6.346805 -54.448893 1364.783292 271.015494 0.158675 0.799804 -0.578910 -0.524517 0.565041 0.636876 -0.836483 -0.202591 -0.509168
0.230652 -115.250884 106.037761 8114.208746 -0.191838 -0.075373 0.978528 0.979956 0.039857 0.195188 -0.053713 0.996359 0.066217
-0.436364 -126.104639 128.307143 3741.471960 -0.216579 -0.086063 0.972464 0.918385 0.319922 0.232848 -0.331152 0.943527 0.009750
0.768879 -105.811296 9.547035 7366.366340 -0.175858 -0.064292 0.982314 0.982970 0.042595 0.178763 -0.053334 0.997022 0.055706
1.273629 -89.519754 -70.879139 7963.944642 -0.144817 -0.061608 0.987539 0.972166 -0.194636 0.130421 0.184175 0.978939 0.088080
0.830358 -81.204117 -147.152480 7514.339405 -0.133639 -0.047514 0.989890 0.973602 -0.192795 0.122186 0.185040 0.980088 0.072025
0.584270 -97.182756 -135.271201 7582.631238 -0.164981 -0.047981 0.985129 0.985534 0.031251 0.166571 -0.038779 0.998359 0.042131
25.783592 0.549050 -3633.448811 148.186121 0.655837 0.414153 0.631154 0.746794 -0.233727 -0.622632 -0.110347 0.879687 -0.462574
20.361391 -1.946847 -5344.931366 189.234310 0.527135 0.523383 0.669477 0.838182 -0.190509 -0.511035 -0.139925 0.830528 -0.539114
9.228555 -8.892805 1980.667045 -3113.946326 0.274681 0.474565 0.836265 0.953484 -0.022118 -0.300632 -0.124173 0.879943 -0.458565
18.886421 -9.919512 1449.416675 1174.610040 -0.004872 0.226548 0.973988 0.907463 -0.408184 0.099482 0.420104 0.884343 -0.203596
15.824275 -12.035670 2309.115023 369.593524 0.073193 0.149210 0.986093 0.895180 -0.445704 0.000997 0.439654 0.882658 -0.166192
11.853154 -13.649550 3708.177629 1957.620888 0.051792 0.088816 0.994701 0.895758 -0.444487 -0.006953 0.441514 0.891371 -0.102579
8.938852 -36.451194 2026.107743 1070.785775 0.316600 -0.403163 0.858617 0.642177 0.757296 0.118796 -0.698121 0.513773 0.498662
0.338172 -36.232641 2364.660594 1480.162530 0.271402 -0.499066 0.822967 0.623102 0.742792 0.244956 -0.733543 0.446311 0.512564
4.470927 -33.447663 1824.459073 752.458557 0.331850 -0.390663 0.858637 0.520183 0.835105 0.178913 -0.786947 0.387276 0.480346
4.805534 -73.775157 -652.446725 5818.730971 0.937723 -0.180823 -0.296612 0.135471 -0.595890 0.791557 0.319880 0.782444 0.534283
5.662656 -75.756256 -623.755381 4634.444816 0.955208 -0.197381 -0.220497 0.039708 -0.652861 0.756436 0.293260 0.731309 0.615780
-3.165009 -94.972535 -738.139372 10334.866856 0.962560 -0.220561 -0.157576 0.037611 -0.467022 0.883445 0.268445 0.856296 0.441242
-1.525666 -90.433463 -436.555178 10039.555221 0.937504 -0.196946 -0.286878 0.176601 -0.441073 0.879924 0.299832 0.875595 0.378727
6.088865 -8.362876 -5616.067045 -2179.983136 0.803065 0.443118 0.398414 -0.570386 0.378096 0.729180 -0.172474 0.812828 -0.556384
3.642384 -5.974288 -7201.546556 896.611945 0.653229 0.536164 0.534622 0.736407 -0.285706 -0.613250 -0.176058 0.794292 -0.581467
27.068474 -3.904729 -10482.468282 1133.128965 0.650563 0.526340 0.547479 0.741651 -0.285139 -0.607165 -0.163468 0.801038 -0.575862
-4.281253 -17.132685 -1927.013117 -4741.535041 0.982423 0.178330 -0.055164 -0.048979 0.531428 0.845687 -0.180127 0.828120 -0.530821
28.712412 -6.729362 -12250.661095 1258.605350 0.659536 0.504755 0.556987 0.734272 -0.274115 -0.621051 -0.160800 0.818586 -0.551416
-1.251683 -23.357895 -1307.827919 -4273.323428 0.981831 0.186367 -0.035703 -0.059611 0.481555 0.874386 -0.180149 0.856371 -0.483916
6.072261 -13.677446 -2570.460659 -2818.512584 0.906025 0.333378 0.260725 -0.388682 0.411676 0.824287 -0.167465 0.848164 -0.502567
3.509708 -292.390509 584.521965 7748.008868 0.864125 -0.365371 -0.346111 -0.192677 0.395145 -0.898185 -0.464934 -0.842831 -0.271056
-1.577683 -346.095905 -2576.439967 -1880.451109 0.865210 -0.415583 -0.280540 -0.203689 0.219943 -0.954010 -0.458174 -0.882562 -0.105647
-2.584302 -369.870558 -2063.184036 2234.219463 0.844414 -0.417795 -0.335279 -0.409620 -0.100243 -0.906732 -0.345218 -0.902994 0.255784
6.416019 -83.103834 591.194687 3150.776287 0.909960 -0.414612 0.008346 -0.278857 -0.626664 -0.727689 -0.306939 -0.659841 0.685856
6.047640 -89.005468 661.551631 4457.419596 0.902656 -0.430112 -0.014669 -0.316806 -0.641024 -0.699087 -0.291283 -0.635682 0.714886
3.811615 -77.483390 568.701344 2751.064469 0.903493 -0.427812 -0.026025 -0.250017 -0.476742 -0.842739 -0.348127 -0.767915 0.537693
8.675120 -90.046193 402.937838 3430.841687 0.909537 -0.415222 0.018241 -0.339757 -0.768079 -0.542789 -0.239389 -0.487489 0.839671
2.930060 -79.203353 -608.708782 4032.472598 0.897966 -0.438288 0.039505 -0.206252 -0.498466 -0.842016 -0.388737 -0.747954 0.538004
5.225361 -93.085903 -980.486249 3548.234764 0.903694 -0.421316 0.076349 -0.290428 -0.734165 -0.613720 -0.314623 -0.532442 0.785823
-5.698234 -33.053470 -264.753196 3444.894889 0.987252 0.145918 -0.063573 0.048554 0.104278 0.993362 -0.151579 0.983786 -0.095864
-5.975505 -23.434552 -293.872240 2348.240224 0.983079 0.152255 0.101853 -0.105435 0.015617 0.994304 -0.149797 0.988218 -0.031405
-8.404207 -30.268316 -954.270474 4022.815492 0.987722 0.134037 -0.080246 0.067263 0.098736 0.992838 -0.141000 0.986045 -0.088508
-4.100372 -23.006242 495.685504 -769.024241 0.297814 -0.340341 0.891894 0.183493 0.937275 0.296388 -0.936823 0.075388 0.341584
-7.125682 -21.991217 713.420658 -226.487707 0.266228 -0.470490 0.841286 0.181729 0.881632 0.435545 -0.946624 0.036932 0.320217
-5.379958 -20.767451 265.989581 -36.372851 0.304927 -0.290882 0.906867 0.099046 0.956738 0.273575 -0.947211 0.006401 0.320546
-4.043292 -21.930975 -231.453717 -308.293588 0.312726 -0.180570 0.932522 0.091847 0.982912 0.159526 -0.945392 0.035761 0.323967
-5.869706 -20.710161 -251.560673 -106.283840 0.320886 -0.108582 0.940873 -0.007586 0.993080 0.117194 -0.947088 -0.044744 0.317841
-6.482856 -20.026968 68.063523 -58.196257 0.310839 -0.233466 0.921343 0.004370 0.969703 0.244246 -0.950453 -0.071895 0.302442
9.242888 -108.776873 604.297705 -4248.616233 0.027429 0.291278 -0.956245 -0.268666 0.923555 0.273614 0.962843 0.249405 0.103589
8.164493 -126.802670 -1224.691462 -11192.670508 0.125779 0.352864 -0.927182 -0.247679 0.916178 0.315076 0.960643 0.190014 0.202633
27.235456 -595.209699 6193.081678 -183811.862621 0.173101 0.133200 -0.975855 -0.461994 0.886026 0.038989 0.869826 0.444090 0.214909
9.817435 -108.282280 596.678897 -4537.105401 0.026176 0.245079 -0.969150 -0.487092 0.849734 0.201725 0.872958 0.466785 0.141618
5.891301 -498.451094 -644.569870 81535.617613 -0.694588 0.668341 0.266209 -0.163342 -0.506888 0.846395 -0.700619 -0.544412 -0.461247
7.014779 -378.578303 494.887280 -51625.384312 -0.622274 0.757388 0.197833 -0.632072 -0.635236 0.443801 -0.461801 -0.151121 -0.874015
-0.421207 -282.981285 2126.149087 -24837.026629 -0.635876 0.730643 0.248642 -0.609695 -0.673074 0.418620 -0.473216 -0.114594 -0.873461
-34.087530 -50.516049 -652.110175 644.438688 -0.322258 0.946396 0.022006 0.935249 0.314693 0.162101 -0.146487 -0.072820 0.986529
-31.575101 -49.496928 668.100775 964.235569 0.361830 -0.916957 -0.168134 0.926747 0.334242 0.171528 -0.101086 -0.217881 0.970726
-33.355129 -48.261985 814.642548 957.880611 0.414651 -0.908126 -0.058062 0.909898 0.414629 0.012993 0.012275 -0.058218 0.998228
16.712627 -32.306304 1168.665809 52.517243 -0.215889 -0.377415 -0.900527 0.046397 0.917270 -0.395555 0.975315 -0.127177 -0.180518
12.611144 -33.130181 3158.125051 290.420165 -0.284149 -0.359199 -0.888952 0.038391 0.922164 -0.384890 0.958011 -0.143494 -0.248241
16.152167 -33.831546 1880.010798 1050.119098 -0.241451 -0.389212 -0.888941 0.114968 0.898119 -0.424457 0.963579 -0.204685 -0.172105
16.978033 -32.855671 -382.410656 1028.087521 -0.144994 -0.433576 -0.889376 0.119143 0.884683 -0.450712 0.982233 -0.171313 -0.076616
18.352735 -31.340782 -623.047614 -105.143431 -0.130228 -0.410300 -0.902604 0.062238 0.905179 -0.420450 0.989529 -0.110930 -0.092344
17.912467 -63.439467 -6110.357352 -9199.175710 0.447168 -0.790396 -0.418706 0.884883 0.322639 0.335985 -0.130470 -0.520748 0.843682
9.022425 -66.260213 -1672.043249 -9421.774233 0.537855 -0.739127 -0.405466 0.841012 0.437114 0.318793 -0.058394 -0.512466 0.856719
22.386597 -85.662216 -5303.870179 -11494.141188 0.490403 -0.772762 -0.402920 0.871391 0.441968 0.212937 0.013528 -0.455526 0.890120
42.072832 -88.713826 -8169.827310 -11380.430137 0.459120 -0.755648 -0.467125 0.887753 0.409922 0.209426 0.033233 -0.510843 0.859032
34.843880 -58.553498 -8336.850507 -8222.875241 0.397218 -0.775009 -0.491507 0.909994 0.263252 0.320328 -0.118867 -0.574508 0.809822
21.272478 -32.143395 -6224.089509 -5283.411468 0.370227 -0.793632 -0.482784 0.903439 0.186677 0.385939 -0.216169 -0.579051 0.786111
-11.355280 -30.455039 -253.159677 -49.218821 -0.330608 0.020951 -0.943535 -0.604886 0.762709 0.228884 0.724438 0.646402 -0.239485
-4.668809 -28.123208 2133.894243 -925.518179 0.255617 -0.006744 0.966755 0.715011 -0.671732 -0.193740 0.650706 0.740764 -0.166884
-2.710563 -28.566201 -2435.307667 168.787431 -0.270847 0.036273 -0.961939 -0.636966 0.742484 0.207345 0.721745 0.668881 -0.177995
2.702952 -55.239534 -148.417308 -3043.388153 0.489144 0.066667 0.869651 -0.354222 0.926329 0.128223 -0.797035 -0.370770 0.476723
1.854086 -54.398714 -315.443258 -1984.223573 0.476137 0.064801 0.876980 -0.303553 0.948092 0.094752 -0.825317 -0.311325 0.471092
2.321859 -58.769490 57.561376 -401.380532 0.490389 0.089324 0.866914 -0.199721 0.979779 0.012024 -0.848310 -0.179037 0.498313
1.743995 -48.826012 -451.317779 -2954.197868 0.480025 0.040619 0.876314 -0.433140 0.879648 0.196491 -0.762867 -0.473887 0.439847
1.971548 -60.528545 250.553031 -1685.459575 0.501162 0.099085 0.859662 -0.264237 0.963499 0.042991 -0.824024 -0.248699 0.509051
2.968701 -47.808303 -271.403015 -3540.998405 0.492879 0.041988 0.869084 -0.468794 0.854278 0.224592 -0.733009 -0.518119 0.440740
2.677469 -55.422511 101.300294 -4165.105605 0.501015 0.076020 0.862094 -0.407010 0.899796 0.157193 -0.763758 -0.429637 0.481752
3.201607 -120.920161 -452.873729 9260.728348 0.586849 0.129686 0.799244 -0.557725 0.780328 0.282896 0.586985 0.611776 -0.530264
8.680511 -161.063477 1992.493043 6352.013679 -0.612922 -0.087044 -0.785335 -0.364123 0.913202 0.182967 0.701243 0.398103 -0.591416
9.967292 -132.237027 -2138.219001 4268.553892 0.604094 0.131221 0.786036 -0.558008 0.773841 0.299662 0.568945 0.619637 -0.540695
18.130226 -20.165318 -4275.587740 -1456.334780 0.000005 0.781476 0.623935 -0.825547 0.352111 -0.441011 0.564334 0.515085 -0.645147
30.816467 -25.247867 -1497.069758 1862.491461 -0.112761 0.684380 0.720353 0.849666 -0.309436 0.426986 0.515124 0.660207 -0.546603
28.309380 -26.526480 -6246.696309 2185.516561 -0.061908 0.805705 0.589072 0.868232 -0.247632 0.429944 0.492282 0.538068 -0.684209
2.057388 -36.969093 -450.337231 339.714025 -0.265818 -0.321303 -0.908903 0.170712 0.912234 -0.372407 0.948788 -0.254154 -0.187637
3.402967 -36.706469 1024.274941 374.302308 -0.279492 -0.358739 -0.890612 0.156345 0.898194 -0.410857 0.947333 -0.254075 -0.194951
0.078692 -35.294659 -347.003275 433.100929 -0.265582 -0.326011 -0.907294 0.049261 0.935272 -0.350484 0.962829 -0.137776 -0.232332
0.647764 -35.411836 -748.571308 509.693579 -0.262435 -0.277789 -0.924100 0.058265 0.951358 -0.302529 0.963189 -0.133237 -0.233484
-1.439860 -32.494216 -174.791053 732.697492 -0.266549 -0.313001 -0.911582 -0.064567 0.949474 -0.307132 0.961656 -0.023008 -0.273291
-1.051159 -32.174735 -689.444942 903.061883 -0.260656 -0.286151 -0.922050 -0.061035 0.958038 -0.280066 0.963500 -0.016724 -0.267184
-10.899122 -31.421703 -5.318525 -328.085846 -0.223991 -0.234380 -0.945988 0.880569 0.367284 -0.299501 0.417643 -0.900094 0.124119
-10.828334 -33.462245 510.164284 -123.895565 -0.225767 -0.166605 -0.959829 0.870286 0.408245 -0.275567 0.437757 -0.897540 0.052825
-11.155974 -32.586740 510.244352 -532.590259 -0.270874 -0.224416 -0.936090 0.820528 0.454662 -0.346434 0.503350 -0.861928 0.060983
-10.442390 -30.591627 -379.317730 -614.376442 -0.281110 -0.294528 -0.913362 0.821378 0.418357 -0.387705 0.496302 -0.859204 0.124314
-8.477657 -29.156461 -1293.779784 -663.028251 -0.246085 -0.319572 -0.915050 0.847646 0.386879 -0.363072 0.470042 -0.864984 0.175679
-7.325136 -28.915028 -1113.779595 134.762017 -0.189966 -0.292159 -0.937313 0.888675 0.354651 -0.290653 0.417336 -0.888181 0.192263
-2.043920 -277.681192 -573.546205 -38056.599277 0.621667 0.083509 0.778817 -0.514967 0.792780 0.326051 0.590202 0.603761 -0.535849
-2.413259 -364.435183 -768.846350 -65997.988386 -0.638436 -0.021517 -0.769374 -0.187970 0.973700 0.128748 0.746369 0.226817 -0.625690
-8.412678 -176.706558 -60.399024 -18986.464142 -0.663688 -0.068619 -0.744855 -0.363314 0.900007 0.240812 0.653851 0.430441 -0.622254
-3.976288 -236.724269 -94.154880 -21659.640280 0.590050 0.048166 0.805929 -0.549682 0.755100 0.357314 0.591346 0.653838 -0.472023
-2.746304 -271.366359 630.239909 23166.311596 0.645298 0.063743 0.761267 0.679821 -0.502484 -0.534185 0.348474 0.862234 -0.367586
-6.187330 -232.080493 493.114206 13195.678775 0.620866 0.019709 0.783669 0.690218 -0.487689 -0.534564 0.371651 0.872795 -0.316394
-15.998186 -33.298053 834.076182 -239.975526 -0.180157 -0.433397 -0.883012 0.643756 0.626794 -0.438984 0.743721 -0.647531 0.166080
-16.972932 -33.769088 85.086136 -327.039670 -0.140001 -0.506920 -0.850548 0.673570 0.580862 -0.457059 0.725743 -0.636892 0.260125
-16.413814 -31.798806 1169.286786 -318.920538 -0.235997 -0.461021 -0.855433 0.736777 0.489092 -0.466850 0.633613 -0.740438 0.224245
-14.045828 -31.826417 962.358565 -378.884812 -0.213760 -0.385790 -0.897481 0.662911 0.617523 -0.423338 0.717535 -0.685442 0.123743
-13.277168 -30.655191 620.055552 -142.804845 -0.260992 -0.423167 -0.867648 0.729377 0.502337 -0.464399 0.632370 -0.754047 0.177542
13.132930 -540.902041 -3045.275528 -74709.620822 -0.460073 -0.132635 -0.877919 0.171782 0.956800 -0.234575 0.871105 -0.258732 -0.417413
23.481528 -718.007741 -3845.458327 97966.826606 -0.530104 -0.143840 -0.835643 0.445737 0.791085 -0.418931 0.721324 -0.594554 -0.355242
2.258900 -423.053248 -3435.801105 -20412.286979 -0.506702 -0.168616 -0.845471 0.539617 0.702798 -0.463562 0.672359 -0.691118 -0.265121
16.583540 -2067.124457 -9887.826267 -553486.581449 -0.439142 -0.112133 -0.891392 0.077424 0.983766 -0.161896 0.895075 -0.140110 -0.423331
-2.836821 -12.833891 -267.098646 705.347030 0.560504 -0.683266 -0.467956 0.729473 0.139838 0.669563 -0.392052 -0.716654 0.576804
-4.403382 -11.003343 -642.031770 494.833109 0.350706 -0.706164 -0.615092 0.866043 -0.005356 0.499940 -0.356334 -0.708029 0.609690
-2.222802 -9.881310 -73.855298 771.270796 0.509632 -0.691371 -0.512133 0.778457 0.117009 0.616696 -0.366442 -0.712962 0.597834
-11.001639 -154.872283 745.062458 -29083.058760 0.774387 0.321745 -0.544799 -0.306310 0.944063 0.122147 0.553624 0.072288 0.829623
-10.368213 -92.023381 1402.816644 -12924.824988 0.799120 0.185700 -0.571772 -0.110913 0.980310 0.163371 0.590852 -0.067136 0.803982
-11.520442 -130.751515 1210.551801 -18748.363551 0.755917 0.295812 -0.584025 -0.259755 0.954390 0.147198 0.600930 0.040434 0.798278
-5.781424 -123.943336 -996.240503 -17736.686738 0.817276 0.235720 -0.525829 -0.162566 0.969757 0.182056 0.552840 -0.063308 0.830879
7.913031 -394.811109 1849.921408 -84173.581522 0.859645 0.143064 -0.490452 -0.217097 0.971299 -0.097194 0.462471 0.190029 0.866031
-29.935421 -55.499903 -1681.113447 -381.102260 -0.129658 -0.162269 0.978191 0.572310 0.793359 0.207467 -0.809722 0.586728 -0.009997
-13.979810 -55.595144 -5162.307377 -566.098711 -0.241819 -0.051884 0.968933 0.537857 0.823953 0.178355 -0.807610 0.564277 -0.171341
-11.394619 -53.105421 -3752.296219 -4960.922167 -0.260276 -0.108464 0.959423 0.290771 0.938736 0.185007 -0.920711 0.327125 -0.212792
-32.271260 -47.286904 1189.801080 -353.964874 0.624889 -0.652490 -0.428684 -0.423833 0.177611 -0.888155 -0.655651 -0.736689 0.165560
-31.821494 -48.225218 449.559426 822.047800 0.692903 -0.584152 -0.422673 -0.352521 0.236909 -0.905319 -0.628979 -0.776299 0.041770
-33.680962 -49.919946 -765.842509 -1145.407102 0.683860 -0.549261 -0.480258 -0.496120 0.132577 -0.858073 -0.534977 -0.825067 0.181835
21.366673 -41.469475 1187.824725 -3855.749140 -0.439748 -0.256213 0.860800 0.575603 0.655328 0.489107 -0.689422 0.710563 -0.140703
13.650111 -45.178047 2723.985364 -2719.949145 -0.358359 -0.337743 0.870350 0.643223 0.586365 0.492383 -0.676641 0.736279 0.007115
13.659790 -50.630728 1267.220699 623.071019 -0.425936 -0.300761 0.853300 0.803076 0.308707 0.509676 -0.416710 0.902354 0.110045
9.954146 -49.076556 1752.994140 -337.330159 -0.397170 -0.322749 0.859121 0.762563 0.404808 0.504607 -0.510641 0.855549 0.085339
-8.060084 -30.540051 -1064.071865 -1055.492934 0.118089 0.252747 0.960299 0.990974 0.031790 -0.130228 -0.063443 0.967010 -0.246712
-4.839211 -30.605440 -1121.023553 -1483.605715 0.192234 0.277976 0.941156 0.976950 0.036500 -0.210326 -0.092818 0.959894 -0.264552
-10.957636 -31.722781 -222.492411 -88.549468 0.055457 0.210622 0.975993 0.996983 -0.064852 -0.042655 0.054311 0.975414 -0.213583
-4.436095 -25.418530 -1207.671970 -1845.234091 0.162637 0.271933 0.948473 0.968512 0.139649 -0.206111 -0.188502 0.952129 -0.240659
-8.395896 -30.125523 -293.291037 -753.109888 0.005973 0.219956 0.975492 0.997879 0.061924 -0.020073 -0.064821 0.973542 -0.219119
5.046387 -55.751579 691.670672 112.871264 0.168667 0.709773 -0.683940 -0.028129 0.697065 0.716456 -0.985272 0.101604 -0.137537
2.595307 -52.987215 326.240336 157.672452 0.171555 0.725335 -0.666677 -0.021245 0.679275 0.733576 -0.984945 0.111685 -0.131943
8.969188 -57.762979 950.320128 -1331.327726 0.160257 0.711600 -0.684064 -0.240733 0.700271 0.672062 -0.957270 -0.056974 -0.283529
2.641038 -52.528866 416.407613 1261.617441 0.172364 0.693275 -0.699757 0.191670 0.673206 0.714182 -0.966206 0.257222 0.016844
3.802179 -55.866629 -537.398443 1509.644077 -0.160329 -0.675330 0.719878 0.194844 0.693309 0.693800 -0.967642 0.251501 0.020426
7.002164 -58.112837 -581.354996 -93.639424 -0.148343 -0.680742 0.717346 -0.034078 0.728459 0.684241 -0.988349 0.077056 -0.131260
0.346160 -134.661533 3.795970 4334.585408 -0.237798 -0.109926 0.965074 0.910497 0.320827 0.260894 -0.338300 0.940737 0.023795
-1.933632 -136.389259 212.227087 -702.365980 -0.249514 -0.118406 0.961105 0.761779 0.588754 0.270299 -0.597860 0.799593 -0.056703
-1.120913 -125.314411 39.343724 -1094.207433 -0.239834 -0.104764 0.965145 0.770592 0.584137 0.254895 -0.590481 0.804865 -0.059365
67.704324 -3.586254 -12232.223156 388.745044 0.698360 0.381021 0.605901 0.710116 -0.262868 -0.653174 -0.089601 0.886410 -0.454146
182.601397 -8.867616 -36466.829541 -1730.217324 0.697598 0.214507 0.683626 0.716357 -0.227184 -0.659712 0.013796 0.949934 -0.312146
603.290825 -17.865827 -161854.931466 -1841.126039 0.691901 0.246572 0.678583 0.721885 -0.252458 -0.644319 0.012443 0.935664 -0.352673
26.885765 -2.671006 -8011.488901 448.702331 0.635720 0.506102 0.582855 0.755197 -0.251459 -0.605348 -0.159803 0.825002 -0.542064
84.890251 -5.948110 -23469.661025 990.353513 0.640044 0.433537 0.634342 0.763064 -0.262093 -0.590797 -0.089876 0.862179 -0.498568
18.586277 -5.589133 -1769.350858 73.119047 0.180532 0.283595 0.941797 0.886444 -0.461806 -0.030861 0.426176 0.840422 -0.334762
19.492466 -11.733304 1821.882013 -847.406820 0.139813 0.148780 0.978936 0.874820 -0.481677 -0.051737 0.463834 0.863627 -0.197501
10.782818 -14.420570 4170.974970 -1464.702606 0.038413 0.079186 0.996120 0.892972 -0.450110 0.001346 0.448470 0.889455 -0.088000
-6.513093 -29.495611 902.082604 2354.908325 0.979305 0.160212 0.123668 -0.114652 -0.064385 0.991317 -0.166784 0.984980 0.044684
-2.853727 -22.142126 1235.706795 855.218441 0.908885 0.134117 0.394893 -0.371014 -0.172413 0.912481 -0.190464 0.975852 0.106945
-3.932929 -21.536316 339.983779 1478.988396 0.957944 0.154579 0.241762 -0.234217 -0.065568 0.969971 -0.165789 0.985802 0.026605
-5.628067 -30.721426 305.686768 2911.102582 0.987706 0.155310 0.017774 -0.022426 0.028256 0.999349 -0.154707 0.987462 -0.031392
9.173704 -70.087554 329.809896 -468.082424 0.914929 -0.176483 -0.362986 0.150141 -0.685979 0.711963 0.374650 0.705895 0.601124
13.840709 -83.649903 -499.598169 -7487.782656 0.944759 -0.197443 -0.261622 0.033079 -0.736688 0.675423 0.326092 0.646766 0.689462
3.774036 -7.866794 -5535.203706 -1775.966164 0.174411 0.600217 0.780590 0.973155 0.015825 -0.229605 -0.150165 0.799681 -0.581344
-8.178871 -11.918559 -1069.589533 -5904.381985 0.939119 -0.046052 -0.340491 0.301909 0.583693 0.753759 -0.164030 0.810667 -0.562061
2.945255 -79.552813 667.963479 3633.764277 0.895054 -0.443080 -0.050580 -0.294514 -0.502120 -0.813103 -0.334873 -0.742668 0.579918
7.280280 -95.933679 415.026872 3660.224672 0.903517 -0.428517 -0.005437 -0.379005 -0.793072 -0.476857 -0.200030 -0.432909 0.878964
-13.258457 -36.930950 -2145.291611 -2265.266241 -0.503578 0.473960 0.722338 0.859197 0.187160 0.476184 0.090499 0.860426 -0.501475
-17.344700 -39.561876 -1044.107348 -295.834073 -0.596550 0.420777 0.683429 0.791636 0.168377 0.587334 0.132063 0.891401 -0.433548
-16.179323 -38.306877 -898.304099 244.728968 -0.498525 0.464109 0.732172 0.834839 0.029546 0.549701 0.233489 0.885285 -0.402186
-14.112721 -35.493749 -752.554793 -248.939570 -0.374584 0.521541 0.766604 0.888808 -0.033455 0.457056 0.264020 0.852570 -0.451019
-11.759127 -37.013219 -1507.290429 -1697.555626 -0.413480 0.507254 0.756126 0.897670 0.088113 0.431770 0.152393 0.857280 -0.491780
-9.812930 -24.676616 591.756577 -151.195386 0.186729 -0.650713 0.736006 0.237289 0.756875 0.608962 -0.953324 0.060935 0.295738
-10.927230 -22.823814 559.234029 758.181036 0.209665 -0.662821 0.718825 0.185960 0.748778 0.636200 -0.959927 0.000284 0.280251
16.579604 -438.175905 1817.286983 -93641.388304 0.202534 0.303663 -0.931004 -0.502237 0.848362 0.167450 0.840677 0.433670 0.324333
5.390224 -128.308394 -1999.239661 -19653.307954 0.120182 0.428917 -0.895314 -0.296114 0.876286 0.380053 0.947562 0.219439 0.232322
1.882784 -89.060889 -1375.611324 -8314.218393 0.113501 0.352482 -0.928910 -0.041046 0.935817 0.350087 0.992690 -0.001607 0.120684
-106.176336 -232.867047 -13109.165043 -33601.641386 0.764223 -0.643456 -0.043905 0.410665 0.537971 -0.736166 -0.497310 -0.544565 -0.675375
-170.411833 -376.498878 -22877.002332 -85691.560124 0.775303 -0.631371 0.016612 0.180829 0.196698 -0.963645 -0.605150 -0.750120 -0.266671
-55.598858 -265.999848 9875.360563 48983.832458 -0.699591 0.656443 0.282231 -0.149947 -0.521058 0.840247 -0.698633 -0.545510 -0.462959
-200.056139 -454.951188 -16585.351122 -101678.717124 0.801721 -0.504308 0.320805 0.495897 0.261612 -0.828037 -0.333660 -0.822941 -0.459825
-45.260655 -190.086880 8572.315340 2959.334863 -0.676386 0.658592 0.329785 0.482700 0.734549 -0.476904 -0.556329 -0.163384 -0.814742
-258.791503 -808.587137 -3341.123190 -186606.287643 -0.267679 0.809678 -0.522274 0.941001 0.103211 -0.322280 -0.207038 -0.577728 -0.789535
-252.546195 -762.412039 21326.454382 161067.893873 0.157764 0.970041 -0.184746 -0.974442 0.183231 0.129961 -0.159918 -0.159521 -0.974156
-87.442616 -235.002403 12804.525631 32715.077039 -0.760812 0.623990 0.178328 0.562214 0.770986 -0.299159 -0.324160 -0.127346 -0.937392
6.451743 -34.196009 2540.140808 348.982654 -0.297073 -0.348828 -0.888857 0.039170 0.925646 -0.376357 0.954051 -0.146622 -0.261321
6.685032 -31.478397 2143.876724 603.228416 -0.291516 -0.338252 -0.894765 -0.069311 0.940403 -0.332924 0.954052 -0.035035 -0.297587
10.276649 -34.926459 2340.524443 1081.599356 -0.290195 -0.370426 -0.882367 0.134327 0.897149 -0.420809 0.947493 -0.240643 -0.210590
1.791743 -32.176414 1311.073515 640.690860 -0.283007 -0.328618 -0.901064 -0.070959 0.944071 -0.322016 0.956489 -0.027194 -0.290497
1.078368 -34.807753 620.359599 308.898104 -0.277361 -0.343020 -0.897445 0.044629 0.928485 -0.368677 0.959729 -0.142309 -0.242216
5.431894 -35.715730 2106.069649 375.608377 -0.294689 -0.365840 -0.882791 0.137945 0.897852 -0.418130 0.945584 -0.244995 -0.214122
-8.417247 -29.628523 395.216498 -246.416281 -0.244447 -0.310374 -0.918648 0.667026 0.633801 -0.391628 0.703791 -0.708494 0.052097
-8.054095 -30.869859 500.064827 -416.462072 -0.223914 -0.279137 -0.933780 0.584780 0.727996 -0.357848 0.779676 -0.626183 0.000225
-11.009376 -30.979230 424.770822 -323.334623 -0.225977 -0.347427 -0.910071 0.653633 0.638627 -0.406103 0.722287 -0.686622 0.082775
-11.009859 -29.697612 160.533694 -49.283512 -0.266523 -0.383670 -0.884174 0.726933 0.522344 -0.445786 0.632877 -0.761547 0.139686
-8.955185 -28.368224 486.655943 -149.290616 -0.287676 -0.332673 -0.898093 0.735440 0.523950 -0.429657 0.613491 -0.784095 0.093933
44.540447 -26.005847 -5016.053671 -1253.377591 0.522332 0.268880 0.809242 0.686504 -0.695531 -0.212011 0.505848 0.666288 -0.547885
39.869885 -21.031710 -6354.242985 -1555.266398 0.566844 0.283563 0.773486 0.709544 -0.645126 -0.283479 0.418612 0.709510 -0.566886
24.138796 -29.177445 -7871.367940 727.800770 0.663791 0.322204 0.674957 -0.646478 0.700977 0.301158 0.376095 0.636251 -0.673600
33.090051 -30.691891 -6873.137926 -635.450009 0.602279 0.344138 0.720298 0.647679 -0.738124 -0.188904 0.466661 0.580295 -0.667447
0.285717 -49.258009 -411.466926 -2313.142446 0.472338 0.053673 0.879782 -0.399861 0.902571 0.159615 -0.785499 -0.427183 0.447780
1.917316 -110.284170 64.967603 3336.622809 0.398505 0.251268 0.882076 0.523457 0.727410 -0.443698 -0.753118 0.638544 0.158349
1.900329 -100.928677 -94.785015 5268.247005 0.398421 0.261152 0.879239 0.676975 0.563049 -0.474004 -0.618842 0.784076 0.047538
1.910840 -110.862173 -104.602754 7354.263586 0.399231 0.268907 0.876529 0.580525 0.665831 -0.468678 -0.709652 0.695958 0.109713
2.209849 -119.506894 30.950168 1144.370860 0.398289 0.247441 0.883255 0.419905 0.806919 -0.415405 -0.815503 0.536334 0.217485
2.552196 -113.702833 106.531630 -2852.024910 0.390549 0.234854 0.890121 0.344494 0.859373 -0.377892 -0.853695 0.454226 0.254722
70.444107 -26.554057 -32847.118693 -1349.552453 -0.044571 0.868372 0.493907 0.998962 0.034090 0.030212 0.009398 0.494741 -0.868990
95.418592 -2.326693 -36966.317373 -2766.909618 -0.266490 0.815628 0.513550 0.960498 0.269045 0.071118 -0.080162 0.512216 -0.855107
17.379968 -17.420496 -19394.424708 -3141.164619 -0.071146 0.860276 0.504839 0.996469 0.083922 -0.002577 -0.044584 0.502874 -0.863209
17.563236 -32.454330 -17312.735341 -2182.906217 -0.004407 0.871274 0.490777 0.999086 -0.017026 0.039198 0.042508 0.490501 -0.870403
58.283429 -35.250317 -23642.017136 -1254.055644 -0.004574 0.871541 0.490302 0.994387 -0.047863 0.094355 0.105702 0.487981 -0.866430
4.791911 -37.744140 876.573365 251.645229 -0.278810 -0.354107 -0.892678 0.280241 0.859080 -0.428307 0.918548 -0.369581 -0.140284
-8.015153 -75.397490 -392.837960 3108.522645 -0.683897 -0.359480 -0.634870 0.729579 -0.337253 -0.594958 -0.000237 -0.870078 0.492915
-6.020569 -73.158475 949.565120 1804.185818 -0.687696 -0.308945 -0.656983 0.706145 -0.494826 -0.506465 -0.168622 -0.812219 0.558450
-5.495556 -66.118963 925.354494 1791.594054 -0.672675 -0.318058 -0.668092 0.739880 -0.300445 -0.601923 -0.009279 -0.899206 0.437427
-7.337752 -84.424431 -176.763359 2145.685067 0.702038 0.331178 0.630447 0.670334 -0.606171 -0.428029 -0.240405 -0.723103 0.647555
-7.273159 -64.709820 -209.029571 3022.563530 -0.671903 -0.349176 -0.653163 0.722213 -0.113402 -0.682311 0.164177 -0.930170 0.328375
-6.770543 -76.842893 -327.462926 2808.389255 -0.697142 -0.360532 -0.619685 0.716102 -0.391782 -0.577672 -0.034512 -0.846477 0.531306
-6.890673 -66.831887 -793.362798 2844.135967 -0.672749 -0.381365 -0.634011 0.715919 -0.119269 -0.687920 0.186731 -0.916698 0.353264
-8.330104 -283.882183 1727.752704 -41520.893532 -0.615596 -0.091202 -0.782767 -0.258523 0.961684 0.091264 0.744451 0.258545 -0.615587
-2.513533 -175.248886 223.759442 -17372.610262 -0.628158 -0.039550 -0.777080 0.074827 0.991008 -0.110925 0.774479 -0.127825 -0.619550
-0.286588 -138.386041 700.692712 -16893.514864 -0.635571 -0.064723 -0.769324 0.010870 0.995631 -0.092742 0.771966 -0.067307 -0.632091
-0.048374 -383.134406 4475.054086 -118887.728229 -0.649245 -0.101268 -0.753808 -0.116031 0.992683 -0.033423 0.751677 0.065765 -0.656245
-15.005013 -34.512086 -826.935025 -38.529856 -0.094999 -0.476925 -0.873795 0.568697 0.694429 -0.440854 0.817043 -0.538806 0.205256
-13.978053 -34.864268 -1811.993259 -112.128134 -0.061594 -0.532778 -0.844011 0.588445 0.663639 -0.461862 0.806188 -0.525101 0.272634
-13.962481 -34.375103 -1779.235729 -452.978253 -0.070277 -0.547093 -0.834117 0.684036 0.582190 -0.439488 0.726055 -0.601451 0.333317
28.018072 -909.518059 6245.524672 -102160.137821 0.584091 0.133781 0.800587 0.546957 0.663891 -0.509987 0.599729 -0.735766 -0.314601
94.911507 -1479.614292 -17901.748781 -344286.538856 -0.598450 -0.299783 -0.742959 0.025742 0.919680 -0.391825 0.800747 -0.253613 -0.542665
31.475704 -675.679297 -64.511876 8854.599290 0.669579 0.095231 0.736611 0.461048 0.724255 -0.512727 0.582322 -0.682924 -0.441040
36.158309 -403.304502 322.599225 5662.686214 -0.702899 -0.165247 -0.691829 -0.102034 0.986005 -0.131846 0.703934 -0.022084 -0.709922
48.819088 -824.071736 4679.758034 101452.143270 -0.581663 -0.040444 -0.812424 -0.316438 0.931342 0.180194 0.749356 0.361894 -0.554525
-12.557814 -73.993687 -418.652264 -4864.310171 0.808336 0.100687 -0.580047 -0.031525 0.991256 0.128134 0.587876 -0.085290 0.804442
-10.484979 -58.682853 320.117678 -214.005270 0.821405 0.068617 -0.566202 0.038285 0.983864 0.174773 0.569059 -0.165237 0.805524
-42.303269 -59.075840 -120.867329 -681.090729 -0.033980 -0.266540 0.963225 0.613828 0.755015 0.230580 -0.788708 0.599089 0.137955
-39.687148 -57.071086 75.093675 -1430.990078 -0.117958 -0.603906 0.788279 0.536912 0.628995 0.562220 -0.835351 0.489555 0.250050
-32.220078 -46.504101 -325.524436 132.524846 -0.515263 0.723050 0.460111 0.456299 -0.222999 0.861430 -0.725462 -0.653812 0.215024
0.490649 -23.935473 -1870.162611 1077.241444 -0.252499 0.161352 0.954049 0.346448 0.935705 -0.066559 -0.903448 0.313723 -0.292164
4.222651 -27.286145 -1453.820404 629.835600 -0.295177 0.057544 0.953708 0.232438 0.972521 0.013261 -0.926738 0.225592 -0.300441
0.340300 -24.434471 2705.224094 1457.188850 -0.263079 -0.112609 0.958180 0.288803 0.938430 0.189582 -0.920533 0.326601 -0.214360
16.297085 -29.267152 -5808.867279 -91.510940 -0.283204 0.268411 0.920734 0.288818 0.939340 -0.184999 -0.914538 0.213532 -0.343546
-5.718576 -19.813268 2748.598636 1789.410338 -0.270004 -0.117842 0.955621 0.359330 0.908448 0.213552 -0.893297 0.401043 -0.202941
12.252385 -26.722403 -5704.352880 917.715415 -0.244770 0.367694 0.897156 0.441442 0.866098 -0.234527 -0.863259 0.338637 -0.374311
-2.879918 -20.621968 -2232.603285 929.344876 -0.154249 0.340171 0.927627 0.479350 0.846732 -0.230798 -0.863962 0.409057 -0.293668
0.988492 -28.061490 66.013177 -1100.158770 0.312170 -0.252373 0.915892 0.282782 0.945056 0.164026 -0.906964 0.207793 0.366385
2.472694 -30.044937 -1041.832753 -897.337837 0.301668 -0.130143 0.944489 0.293373 0.955246 0.037923 -0.907154 0.265647 0.326348
5.006864 -31.728704 252.531656 -507.074998 0.322932 -0.263026 0.909138 0.400040 0.908509 0.120747 -0.857720 0.324698 0.398608
-1.051732 -26.027536 -758.132846 -742.134826 0.310567 -0.105411 0.944689 0.182268 0.981994 0.049653 -0.932913 0.156766 0.324188
0.513612 -30.791565 1363.415466 -1270.779565 0.321250 -0.387128 0.864251 0.373840 0.890347 0.259858 -0.870082 0.239612 0.430748
-1.879842 -24.246917 -121.136936 -822.114215 0.306350 -0.224971 0.924953 0.185077 0.967206 0.173949 -0.933754 0.117898 0.337940
-2.319336 -26.473290 836.414083 -1710.217907 0.302060 -0.371753 0.877815 0.261709 0.917786 0.298625 -0.916661 0.139529 0.374518
2.091363 -97.763275 -214.362443 8997.749197 -0.161703 -0.067968 0.984496 0.969242 -0.198500 0.145493 0.185534 0.977741 0.097975
1.715253 -72.296645 -166.762336 5522.331657 -0.097120 -0.070731 0.992756 0.923434 -0.378488 0.063373 0.371264 0.922900 0.102074
0.829066 -65.663471 -140.974613 4743.071938 -0.089808 -0.064271 0.993883 0.925427 -0.374237 0.059422 0.368129 0.925103 0.093087
16.959158 -3.871564 -2511.127650 889.663929 -0.067583 0.425928 0.902230 0.916928 -0.329948 0.224447 0.393287 0.842449 -0.368246
-5.285772 -26.348673 2542.348790 1668.429048 0.916016 0.117806 0.383454 -0.346649 -0.248568 0.904460 -0.201865 0.961424 0.186854
2.332374 -22.084744 2372.583762 3.110068 0.804177 0.076515 0.589445 -0.549754 -0.281290 0.786541 -0.225987 0.956567 0.184142
-7.535047 -29.509732 1419.200318 1813.138568 0.954012 0.161164 0.252758 -0.224597 -0.174150 0.958764 -0.198536 0.971441 0.129944
-1.783061 -514.644264 4029.568592 53898.506697 0.885557 -0.427299 -0.182219 -0.464311 -0.802132 -0.375500 -0.014287 -0.417133 0.908733
-7.698392 -363.765180 1863.931627 17982.888863 0.892635 -0.388454 -0.228706 -0.427926 -0.889714 -0.159022 0.141711 -0.239818 0.960420
3.294184 -448.237373 2417.081188 -23787.333147 0.864541 -0.479612 -0.150134 0.461859 0.876013 -0.138877 0.198127 0.050724 0.978863
156.747432 -1609.078929 18407.687846 351041.165511 0.767251 -0.619582 -0.165661 -0.626447 -0.668642 -0.400601 -0.137438 -0.411140 0.901152
-6.605683 -286.729435 8.187402 5208.679321 0.865994 -0.497390 -0.051546 -0.500053 -0.861575 -0.087379 0.000949 -0.101445 0.994841
7.176416 -369.584516 -3238.378146 10924.011304 0.849246 -0.524403 -0.061507 -0.438680 -0.765611 0.470531 0.293838 0.372614 0.880237
3.771170 -508.176014 1403.710317 -64631.331740 0.882678 -0.444950 -0.151324 -0.250125 -0.717343 0.650274 0.397890 0.536133 0.744476
2.729689 -70.850865 391.636143 3067.953091 0.900438 -0.434690 -0.015992 -0.152029 -0.280050 -0.947871 -0.407552 -0.855930 0.318253
-14.794951 -35.602609 -1183.287113 -2831.850949 -0.646790 0.386788 0.657311 0.762598 0.316325 0.564254 0.010323 0.866218 -0.499559
-18.396190 -39.221087 167.889447 279.037354 0.721460 -0.325487 -0.611190 0.688952 0.248727 0.680793 0.069570 0.912246 -0.403692
-3.874984 -23.303966 -607.280028 -563.436521 0.320188 -0.053895 0.945820 0.070218 0.996984 0.033040 -0.944748 0.055834 0.323007
-6.150452 -22.121527 -432.586232 -259.571972 0.328424 0.021599 0.944283 -0.036930 0.999268 -0.010012 -0.943808 -0.031584 0.328981
-1.324695 -132.053415 -218.181093 3723.923361 0.158861 0.281027 -0.946460 0.944601 0.235611 0.228508 0.287213 -0.930329 -0.228029
-1.571142 -154.997036 -14.525207 -937.849114 0.111135 0.279408 -0.953719 0.880995 0.416390 0.224649 0.459888 -0.865188 -0.199881
-0.166766 -135.825193 -102.323132 -1377.400469 0.075257 0.258743 -0.963010 0.830984 0.517545 0.203994 0.551183 -0.815598 -0.176063
-0.342317 -147.008992 102.856893 -232.739236 0.157632 0.298234 -0.941386 0.963453 0.162643 0.212853 0.216590 -0.940534 -0.261697
-0.084055 -132.272572 -81.383411 730.767271 0.200191 0.289155 -0.936116 0.979756 -0.060106 0.190958 -0.001049 -0.955393 -0.295334
-0.343400 -122.375073 189.854415 1484.965700 0.219458 0.308519 -0.925556 0.973368 -0.133680 0.186235 -0.066272 -0.941778 -0.329640
-47.435598 -491.117851 9678.961884 112078.398187 -0.636003 0.645317 0.423162 0.203507 -0.388689 0.898613 -0.744369 -0.657637 -0.115881
-114.859038 -128.847863 -28671.603102 -13586.390336 0.232634 -0.065186 -0.970377 0.757568 -0.613545 0.222832 -0.609896 -0.786965 -0.093349
-150.500943 -294.121844 -31350.036342 -45213.372181 0.024280 0.209241 -0.977563 0.929473 -0.364768 -0.054990 -0.368090 -0.907283 -0.203340
-27.773720 -52.827057 -1530.425250 4032.711033 -0.584194 -0.169376 0.793744 0.713923 -0.572421 0.403297 0.386047 0.802276 0.455326
-35.160556 -46.862534 861.176230 3409.780948 -0.393955 -0.416068 0.819565 0.839351 -0.526219 0.136321 0.374552 0.741607 0.556533
-26.334202 -41.812418 -613.534777 3114.224129 -0.355206 -0.351657 0.866121 0.774502 -0.629521 0.062038 0.523426 0.692849 0.495969
-28.667460 -42.471066 -149.083216 1206.399867 0.107549 -0.668509 0.735886 0.903505 -0.243145 -0.352930 0.414864 0.702834 0.577851
-16.545423 -53.976288 -3182.738858 5295.580311 -0.478253 -0.123148 0.869545 0.688365 -0.667421 0.284081 0.545369 0.734427 0.403967
-16.036722 -39.854365 2669.205782 -2838.479482 0.309698 0.282404 -0.907929 -0.701237 0.712713 -0.017511 0.642148 0.642096 0.418758
