15023
30030
-42.269900 -68.491532 18.228560 5169.740787 -0.055011 -0.980885 0.186649 0.990431 -0.077302 -0.114331 0.126574 0.178573 0.975751
-42.131067 -69.183429 -1530.692883 10088.843510 -0.263214 0.963598 -0.046871 0.939481 0.244977 -0.239501 0.219301 0.107075 0.969764
-38.934612 -58.455699 -125.971186 5653.141970 0.186518 0.957274 -0.220993 0.955520 -0.229063 -0.185772 0.228456 0.176513 0.957419
-33.364598 -48.794310 -1673.582297 6231.529466 0.197067 0.962275 -0.187595 0.925006 -0.245901 -0.289648 0.324851 0.116447 0.938569
-39.851787 -64.347988 611.536462 4764.508507 -0.244180 -0.921453 0.302160 0.959943 -0.273839 -0.059340 0.137423 0.275567 0.951408
-34.594712 -52.262309 -441.505001 3826.702208 0.442109 0.831078 -0.337416 0.852641 -0.506180 -0.129557 0.278466 0.230417 0.932397
-62.904123 -72.340588 2165.702433 -1057.014275 -0.138688 0.987400 -0.076197 0.814704 0.157498 0.558079 -0.563048 -0.015321 0.826282
-62.837516 -79.923666 1717.495357 -1272.995168 -0.524444 0.798864 -0.294576 0.746595 0.597790 0.291963 -0.409334 0.066811 0.909935
-62.880989 -74.500618 3761.730116 -2949.007293 -0.136601 0.960484 -0.242509 0.852762 0.238591 0.464620 -0.504121 0.143334 0.851656
-63.441320 -73.978194 1776.145985 -1009.445701 -0.215475 0.938943 -0.268248 0.743620 0.335823 0.578145 -0.632929 0.074899 0.770579
-43.231819 -74.237278 -8533.685132 -1656.520597 -0.153621 0.985490 -0.072175 0.707377 0.160680 0.688331 -0.689941 -0.054687 0.721797
61.477586 -42.103745 7102.816048 -24.954822 0.046932 -0.889065 -0.455369 0.998522 0.029251 0.045801 -0.027400 -0.456846 0.889124
63.032150 -49.232668 21035.458942 712.106413 0.027744 -0.808225 -0.588220 0.991202 -0.053942 0.120868 -0.129418 -0.586398 0.799617
62.399693 -40.858962 -1036.562688 -831.493397 -0.015803 -0.952874 -0.302954 0.991551 -0.053950 0.117964 -0.128749 -0.298530 0.945676
70.042516 -36.740202 -12836.789672 34.785723 0.028758 -0.989647 -0.140610 0.999545 0.027191 0.013049 -0.009091 -0.140921 0.989979
32.557414 -50.330502 -4126.616754 848.731036 -0.101657 0.987036 -0.124203 0.441106 -0.067183 -0.894937 0.891679 0.145764 0.428557
30.781523 -49.362029 -4881.191006 824.402162 -0.075917 0.991004 -0.110215 0.324932 -0.079912 -0.942355 0.942686 0.107353 0.315942
25.472893 -49.696130 -5880.273633 990.406915 -0.029010 0.995604 -0.089062 0.414776 -0.069077 -0.907298 0.909461 0.063261 0.410949
27.312939 -50.983408 -4838.626521 497.867279 -0.054064 0.994143 -0.093575 0.521150 -0.051843 -0.851889 0.851751 0.094823 0.515295
19.869318 -49.850012 -2457.953590 756.104998 -0.015785 0.997421 -0.070020 0.497674 -0.052901 -0.865749 0.867220 0.048513 0.495556
-9.113674 -45.346435 5479.062263 2248.027521 -0.350634 0.423115 -0.835481 0.613438 0.777859 0.136487 0.707636 -0.464659 -0.532299
-24.015759 -50.577963 -437.685162 3038.729842 -0.098120 0.593461 -0.798860 0.696839 0.614066 0.370591 0.710484 -0.520315 -0.473799
-7.528558 -48.881540 6107.176302 1982.533093 -0.322219 0.454027 -0.830683 0.702512 0.702858 0.111660 0.634549 -0.547586 -0.545433
-17.785540 -51.265759 1545.136291 1828.953550 -0.177862 0.494901 -0.850551 0.747362 0.630219 0.210415 0.640168 -0.598245 -0.481962
28.213717 -46.640188 18695.468944 1442.361833 -0.530269 0.335150 -0.778774 0.622462 0.777549 -0.089213 0.575636 -0.532064 -0.620928
20.155466 -48.420378 14670.867260 831.370900 -0.476262 0.389218 -0.788469 0.710967 0.698089 -0.084846 0.517398 -0.600984 -0.609194
5.737909 -62.070280 -1911.792158 1085.552789 0.024776 -0.980120 0.196855 0.999304 0.029774 0.022473 -0.027887 0.196161 0.980175
7.648012 -67.664375 -38.508989 -6100.218445 -0.033672 -0.985866 0.164115 0.997157 -0.044214 -0.061012 0.067406 0.161594 0.984553
9.931896 -58.670141 -1121.320926 -8753.948424 -0.046453 -0.986921 0.154364 0.998779 -0.043285 0.023821 -0.016827 0.155282 0.987727
10.566544 -70.333860 -487.515053 -12141.081393 -0.071740 -0.986988 0.143901 0.992979 -0.084277 -0.083005 0.094053 0.136936 0.986105
1.266823 -94.950571 843.023206 -10190.666748 0.198891 0.959109 -0.201377 0.311615 0.132926 0.940865 -0.929160 0.249882 0.272435
1.642930 -111.691050 29.715435 -11438.561642 0.199692 0.964243 -0.174239 0.454881 0.066272 0.888083 -0.867874 0.256601 0.425382
1.398402 -110.659782 101.716796 -11627.994104 0.196577 0.964766 -0.174881 0.430623 0.075287 0.899386 -0.880864 0.252106 0.400651
1.318091 -95.819360 34.230286 -8989.206111 0.188996 0.960023 -0.206486 0.284486 0.147729 0.947230 -0.939866 0.237765 0.245193
0.992552 -88.866168 84.338857 -6542.824430 0.178045 0.960903 -0.212049 0.237518 0.167155 0.956893 -0.954927 0.220736 0.198471
0.799516 -79.698932 325.742580 -3218.860124 0.179768 0.951600 -0.249280 0.172137 0.219068 0.960405 -0.968531 0.215560 0.124425
-2.894841 -52.683469 407.996876 -1596.669770 0.033030 0.984895 -0.169975 -0.399725 0.168892 0.900942 -0.916040 -0.038185 -0.399265
-1.634740 -49.416089 1148.624142 -128.117199 0.051837 0.982241 -0.180320 -0.474915 0.183085 0.860776 -0.878503 -0.041017 -0.475972
-2.498960 -52.116472 -117.226544 12.640556 0.031165 0.983705 -0.177069 -0.500414 0.168709 0.849189 -0.865225 -0.062143 -0.497518
-3.343044 -54.905408 -719.216572 -2361.880555 0.012713 0.986087 -0.165745 -0.391426 0.157439 0.906642 -0.920122 -0.053351 -0.387981
-3.984007 -57.177723 229.029923 -3706.752263 0.024582 0.988020 -0.152354 -0.310259 0.152414 0.938354 -0.950334 -0.024202 -0.310289
-2.479553 -57.211291 971.532972 -3287.544604 0.036376 0.988981 -0.143505 -0.285314 0.147901 0.946954 -0.957744 -0.006497 -0.287550
-21.890597 -30.812114 2851.879853 705.174441 0.268891 0.950694 0.154527 0.667287 -0.299570 0.681899 -0.694569 0.080243 0.714937
-21.898795 -28.282553 3141.949932 1423.502893 0.125570 0.992050 0.008293 0.764565 -0.102096 0.636409 -0.632197 0.073574 0.771307
-15.225065 -31.615851 3060.137460 520.862306 0.183503 0.982955 0.011277 0.706089 -0.139780 0.694190 -0.683934 0.119423 0.719703
-26.573757 -30.741106 597.014137 301.866784 0.545058 0.679897 0.490563 -0.483079 0.732911 -0.479037 -0.685235 0.024122 0.727922
-5.172388 -22.459950 582.963317 -4209.685143 0.711857 0.659438 -0.241662 0.661045 -0.512878 0.547700 -0.237231 0.549634 0.801014
-3.659027 -30.151188 -59.968505 -4597.863847 -0.663253 -0.699596 0.265821 0.717922 -0.494439 0.490017 -0.211382 0.515844 0.830194
-2.754614 -28.745315 2144.794997 -3729.529997 0.727339 0.640343 -0.246860 0.658598 -0.550153 0.513400 -0.192941 0.535997 0.821876
-1.189006 -22.007433 2906.620660 -2608.913277 0.844535 0.517309 -0.138391 0.488083 -0.637280 0.596363 -0.220310 0.571196 0.790695
2.155089 -53.373238 -1463.971292 -2260.188307 0.187198 0.908085 -0.374617 0.950938 -0.263149 -0.162693 -0.246319 -0.325782 -0.912794
3.754187 -54.515495 -848.669572 -1851.176981 0.195202 0.912609 -0.359224 0.954963 -0.260317 -0.142410 -0.223476 -0.315247 -0.922322
3.398049 -50.734909 -711.429394 1793.764987 0.187597 0.915252 -0.356541 -0.924467 0.287178 0.250778 -0.331916 -0.282565 -0.899994
5.053209 -51.738213 -634.493151 1440.075947 0.186057 0.920553 -0.343462 -0.930906 0.276986 0.238103 -0.314320 -0.275430 -0.908483
8.912979 -56.038854 -2194.960780 640.939420 0.122884 0.990541 -0.061065 0.727470 -0.131760 -0.673370 0.675046 -0.038323 0.736780
8.370160 -56.310636 -2114.167263 -143.363321 0.120167 0.990818 -0.061970 0.816961 -0.134161 -0.560870 0.564034 -0.016771 0.825581
10.920146 -55.050369 -105.294858 155.818649 0.078803 0.994689 -0.066207 0.762180 -0.102923 -0.639131 0.642550 0.000096 0.766243
13.322076 -53.916066 346.014594 1424.341529 0.067318 0.995896 -0.060495 0.663794 -0.089971 -0.742484 0.744879 -0.009827 0.667127
12.800666 -54.018515 926.312299 322.411125 0.023780 0.997347 -0.068794 0.715928 -0.065019 -0.695140 0.697769 0.032722 0.715575
9.980912 -54.805018 1476.484104 -129.643059 0.042859 0.995566 -0.083731 0.807099 -0.083898 -0.584425 0.588858 0.042532 0.807116
2.167475 -248.560828 3376.598245 268.674711 0.958200 -0.117601 0.260811 -0.276801 -0.150552 0.949060 0.072345 0.981582 0.176811
1.917043 -259.042445 2767.687772 -14062.238269 0.950125 -0.112489 0.290877 -0.255272 0.255301 0.932554 0.179163 0.960296 -0.213852
-1.202321 -229.852499 771.203519 -17375.896715 0.957543 -0.103981 0.268886 -0.254086 0.136265 0.957534 0.136205 0.985200 -0.104060
-2.026776 -214.199487 1608.461678 -21861.250406 0.945475 -0.103147 0.308930 -0.221205 0.492825 0.841542 0.239051 0.863993 -0.443136
-1.171567 -226.930419 22.138979 8556.901970 0.960146 -0.087092 0.265583 -0.279028 -0.243583 0.928876 0.016207 0.965962 0.258176
-3.941913 -221.894172 -270.172741 -3040.762652 0.960235 -0.091690 0.263709 -0.260917 0.041425 0.964472 0.099357 0.994926 -0.015854
-20.598642 -44.826456 294.887128 -609.912578 -0.146182 0.963832 -0.222842 0.936558 0.062295 -0.344933 0.318575 0.259127 0.911791
-22.541419 -45.817026 401.970461 187.912759 -0.142472 0.964442 -0.222606 0.885010 0.023413 -0.464984 0.443238 0.263256 0.856876
-19.011769 -45.266594 2103.559512 -10.998595 -0.196324 0.947134 -0.253759 0.899601 0.071023 -0.430900 0.390097 0.312878 0.865986
-16.341044 -44.340077 -2558.219850 -988.601270 0.214350 -0.937254 0.274970 0.933126 0.113295 -0.341235 0.288671 0.329725 0.898861
-12.128079 -45.689714 3751.897819 -331.171049 -0.239558 0.927087 -0.288308 0.888963 0.090065 -0.449036 0.390329 0.363865 0.845722
109.530853 -1453.373340 45534.697854 1893739.406157 0.846914 0.006093 0.531695 0.431174 0.577291 -0.693415 0.311167 -0.816516 -0.486289
-1.887451 -3372.578533 -3409.426722 935575.283066 0.844086 -0.252196 0.473198 0.494027 0.022687 -0.869150 -0.208461 -0.967410 -0.143741
65.474258 -1666.996143 -3383.203601 611937.713735 0.910464 -0.078701 0.406032 0.308532 -0.524550 -0.793508 -0.275434 -0.847734 0.453302
165.776764 -4645.773446 52533.346149 -506531.733672 -0.724718 0.313137 -0.613782 0.299458 0.945385 0.128730 0.620571 -0.090509 -0.778909
106.707156 -1405.953059 -13708.024750 317421.422887 -0.236950 0.317813 -0.918068 -0.079801 0.935419 0.344416 0.968239 0.154872 -0.196286
13.054010 -30.532955 -2224.152968 4038.957554 -0.054405 0.996333 -0.066032 0.925620 0.075127 0.370922 -0.374523 0.040940 0.926313
11.000122 -25.558277 -2592.102866 3542.185010 -0.052634 0.998020 -0.034423 0.944549 0.060944 0.322666 -0.324126 0.015531 0.945887
6.845332 -35.260287 -2367.714307 3757.688816 0.008067 0.999848 -0.015440 0.915031 -0.001153 0.403382 -0.403303 0.017382 0.914901
-12.019393 -45.753734 745.360111 -238.273397 0.217810 0.968695 -0.119114 -0.260984 -0.059791 -0.963490 0.940450 -0.240945 -0.239791
-7.443665 -45.891190 1689.244306 759.638575 0.229949 0.972612 -0.033894 -0.140105 -0.001381 -0.990136 0.963065 -0.232429 -0.135950
-11.838447 -47.593114 1177.746158 305.602099 0.227739 0.959651 -0.164937 -0.265190 -0.101857 -0.958801 0.936915 -0.262096 -0.231293
-12.748547 -50.139280 287.078021 1462.391392 0.255221 0.940800 -0.223066 -0.277731 -0.149651 -0.948931 0.926136 -0.304140 -0.223095
-13.161723 -46.178115 -259.101998 1393.947112 0.245863 0.943218 -0.223363 -0.387199 -0.115683 -0.914710 0.888611 -0.311379 -0.336771
-13.950660 -45.856909 50.083240 -162.103810 0.204381 0.954732 -0.216136 -0.370468 -0.128934 -0.919853 0.906081 -0.268072 -0.327346
-13.160245 -37.850761 -449.967699 85.970577 -0.213899 0.921015 0.325544 0.163277 0.362277 -0.917658 0.963113 0.143133 0.227872
-12.503706 -36.860151 -93.525692 -326.047598 -0.189447 0.926262 0.325805 0.215962 0.362996 -0.906419 0.957847 0.101356 0.268806
-12.193873 -37.335960 -632.112592 432.693103 -0.197012 0.908308 0.369003 0.098553 0.392821 -0.914319 0.975435 0.143765 0.166907
-12.584927 -37.921741 -133.095747 761.627578 -0.229923 0.906208 0.354855 0.059679 0.377066 -0.924262 0.971377 0.191331 0.140778
-14.480483 -38.964222 22.875342 492.485739 -0.255444 0.916839 0.306847 0.113841 0.343691 -0.932157 0.960098 0.203182 0.192168
-3.865526 -63.214962 219.212498 -423.746961 0.299641 0.927512 -0.223465 -0.208968 -0.164734 -0.963948 0.930885 -0.335535 -0.144459
-3.716431 -63.646108 483.530448 -1066.114309 0.284491 0.927259 -0.243426 -0.315344 -0.149276 -0.937163 0.905331 -0.343377 -0.249938
-3.498344 -62.415204 963.771645 -603.397187 0.283306 0.936632 -0.206056 -0.153879 -0.167679 -0.973758 0.946604 -0.307579 -0.096623
-2.756280 -59.723708 374.371187 -1118.075590 0.284048 0.931613 -0.226745 -0.259712 -0.152887 -0.953507 0.922966 -0.329730 -0.198524
-19.543437 -34.721596 -1191.167047 -959.622644 0.128164 0.906878 -0.401430 -0.046455 -0.398834 -0.915846 0.990664 -0.136027 0.008987
-22.914568 -35.876122 -1040.221859 -616.891446 0.099763 0.911885 -0.398136 -0.135028 -0.384024 -0.913397 0.985807 -0.144883 -0.084818
-22.564286 -34.182445 -737.949926 -672.284775 0.078677 0.978486 -0.190724 -0.051056 -0.187111 -0.981011 0.995592 -0.086921 -0.035236
41.799228 -447.516878 -12691.388564 -153995.043118 0.391786 0.893896 -0.217839 0.051032 -0.257515 -0.964926 0.918640 -0.366928 0.146508
45.095615 -288.257001 -13636.815577 -79007.342234 0.358428 0.913570 -0.192145 0.110057 -0.245735 -0.963069 0.927047 -0.324043 0.188624
65.516027 -465.042500 -12918.877566 -134165.080559 0.307972 0.932199 -0.190153 -0.122506 -0.159348 -0.979592 0.943475 -0.324982 -0.065125
80.301513 -420.512274 -13806.573950 -81837.737277 0.184237 0.968549 -0.167243 -0.565590 -0.034689 -0.823957 0.803844 -0.246394 -0.541411
56.504744 -337.946746 -9644.074754 -44667.011271 0.256407 0.939341 -0.227802 -0.588880 -0.035076 -0.807459 0.766470 -0.341186 -0.544165
22.506478 -294.935168 -1204.774385 85341.966110 -0.584385 -0.699001 0.412179 0.679886 -0.144462 0.718948 -0.443001 0.700377 0.559662
23.009773 -236.116526 55.834468 52339.728689 0.603358 0.705979 -0.370881 0.530455 -0.008028 0.847675 -0.595464 0.708187 0.379334
20.513789 -219.096825 1471.519102 60564.374535 -0.590229 -0.709332 0.385328 0.677625 -0.175957 0.714047 -0.438696 0.682559 0.584516
26.906047 -621.459693 8754.829864 188780.830542 -0.501323 -0.692631 0.518592 0.559517 0.197676 0.804900 -0.660012 0.693676 0.288439
19.198806 -151.065964 -33.663170 31730.436576 -0.535948 -0.719910 0.441009 0.795686 -0.256112 0.548899 -0.282210 0.645086 0.710086
39.361774 -612.286293 2581.088006 212199.797290 -0.506898 -0.736937 0.447190 0.779827 -0.170975 0.602193 -0.367320 0.653982 0.661351
-25.805279 -83.564902 770.640297 -11744.867647 -0.161842 0.968986 -0.186745 -0.329376 0.125345 0.935842 -0.930225 -0.212968 -0.298875
-32.379295 -87.295951 -1321.989003 -7916.007530 -0.247702 0.947553 -0.201960 -0.242164 0.141286 0.959893 -0.938083 -0.286675 -0.194466
-30.532880 -92.773873 19.440869 -7145.886899 -0.185834 0.958973 -0.214097 -0.152555 0.187091 0.970425 -0.970666 -0.212999 -0.111528
-20.294612 -91.323407 5867.880909 -5389.717090 -0.082575 0.985336 -0.149310 -0.107287 0.140162 0.984299 -0.990793 -0.097297 -0.094140
-16.257501 -80.752831 4098.952852 -8763.141700 -0.065991 0.990961 -0.116794 -0.268469 0.095100 0.958582 -0.961025 -0.094613 -0.259767
-20.242772 -67.527250 1450.026306 -11011.366732 -0.096397 0.973826 -0.205840 -0.449177 0.141986 0.882088 -0.888227 -0.177489 -0.423733
-56.718400 -63.312933 -1364.133944 -2690.316175 -0.506101 0.830492 0.232691 0.802723 0.354900 0.479251 0.315432 0.429336 -0.846270
-50.450118 -60.312308 -3352.916361 94.065238 -0.085018 0.956780 0.278109 -0.931440 0.022800 -0.363179 0.353823 0.289919 -0.889245
-51.492322 -60.165127 -2046.262911 -2082.935590 -0.209675 0.929371 0.303818 0.954772 0.127610 0.268564 0.210825 0.346388 -0.914094
-54.041139 -64.100536 -3089.829664 998.365250 -0.307640 0.928755 0.206814 -0.831868 -0.157015 -0.532298 0.461901 0.335798 -0.820906
-54.798573 -59.449858 -406.053630 -2664.860021 -0.642914 0.729906 0.232162 0.751990 0.543930 0.372358 0.145507 0.413978 -0.898582
-58.136202 -67.758450 -906.904797 -1124.243507 -0.624536 0.751248 0.213496 0.669770 0.374590 0.641163 0.401699 0.543423 -0.737109
-56.891996 -68.355252 -1292.824211 1825.026943 -0.506881 0.843018 0.179980 -0.714501 -0.294075 -0.634829 0.482245 0.450379 -0.751398
96.970301 -124.519822 16816.869289 7488.611478 0.894916 -0.410624 -0.174678 -0.049254 0.298163 -0.953243 -0.443507 -0.861677 -0.246606
169.259115 -146.479482 58796.505224 -17583.523523 0.986329 -0.105765 -0.126372 -0.125874 0.011392 -0.991981 -0.106356 -0.994326 0.002077
49.028240 -179.770702 11091.458225 39144.384080 0.913128 -0.197121 -0.356848 -0.199776 0.546662 -0.813173 -0.355369 -0.813820 -0.459792
47.228794 -137.296517 7660.628731 30252.042361 0.895179 -0.301511 -0.328247 -0.070869 0.630806 -0.772698 -0.440037 -0.714965 -0.543316
63.657413 -124.696147 2727.363549 24773.719587 0.843597 -0.479204 -0.242296 0.080288 0.558714 -0.825465 -0.530940 -0.676906 -0.509804
88.726377 -91.885181 6403.412647 -1274.143700 0.747918 -0.658019 -0.087348 0.130115 0.274367 -0.952782 -0.650914 -0.701237 -0.290822
-15.953293 -21.188279 2523.985960 -448.629816 -0.001997 0.794699 0.607001 -0.507009 0.522394 -0.685599 0.861939 0.309124 -0.401876
-18.489690 -24.661585 2161.842101 -940.886907 0.067798 0.779174 0.623130 -0.464800 0.577317 -0.671317 0.882816 0.244117 -0.401301
-18.883998 -26.768528 1286.837966 -2006.843501 -0.211650 0.957021 0.198280 -0.496491 0.069467 -0.865258 0.841844 0.281576 -0.460449
-21.113653 -30.755327 460.809650 -1499.062402 -0.180403 0.973888 0.137832 -0.512603 0.026507 -0.858217 0.839460 0.225478 -0.494436
-16.511511 -25.580031 1900.567480 -2030.438600 -0.283493 0.945443 0.160530 -0.497105 -0.001730 -0.867689 0.820072 0.325784 -0.470474
-18.739640 -32.417453 1231.219983 -1122.014985 -0.298011 0.953780 0.038639 -0.516632 -0.127121 -0.846718 0.802671 0.272294 -0.530636
-9.250572 -51.154415 -1191.519024 -933.416871 -0.032161 0.980986 0.191395 0.937099 -0.036999 0.347099 -0.347580 -0.190519 0.918091
-9.092384 -50.518574 -1232.171223 -1283.459768 -0.010290 0.979946 0.198998 0.894771 -0.079820 0.439333 -0.446407 -0.182578 0.876006
-7.457050 -49.685032 -1131.565170 -888.984789 -0.018125 0.976338 0.215488 0.904424 -0.075872 0.419834 -0.426249 -0.202502 0.881649
-11.331492 -52.404187 -935.626938 -1243.865423 -0.013521 0.986630 0.162417 0.914627 -0.053436 0.400751 -0.404072 -0.153970 0.901676
-7.123231 -50.269129 -568.510592 -714.236603 -0.035450 0.979184 0.199853 0.953515 -0.026742 0.300157 -0.299253 -0.201203 0.932719
-9.660507 -51.988952 -1196.710677 210.081500 -0.061840 0.981258 0.182507 0.973716 0.019151 0.226960 -0.219211 -0.191745 0.956651
-11.151116 -53.144339 -1135.933240 -307.764306 -0.046921 0.986110 0.159326 0.961425 0.001304 0.275064 -0.271036 -0.166087 0.948132
5.935353 -58.710851 892.681715 -596.550894 0.019915 0.992101 -0.123854 -0.804157 -0.057715 -0.591609 0.594084 -0.111380 -0.796655
5.720123 -55.926695 799.167025 -1671.277622 0.028006 0.991775 -0.124891 -0.712289 -0.067859 -0.698599 0.701328 -0.108524 -0.704530
2.932127 -57.213552 1069.472817 -1304.328438 0.034279 0.994866 -0.095217 -0.692106 -0.045100 -0.720386 0.720982 -0.090594 -0.687007
-7.858771 -99.680016 1515.465890 -1841.203370 -0.096380 0.988703 0.114794 0.901672 0.135571 -0.410618 0.421542 -0.063932 0.904552
-4.750147 -92.207694 1400.124390 -3015.971102 -0.115787 0.986853 0.112755 0.929972 0.147584 -0.336705 0.348919 -0.065873 0.934835
-8.775804 -94.548246 1453.571838 -5546.591343 -0.151726 0.978418 0.140277 0.965486 0.177101 -0.190975 0.211697 -0.106459 0.971520
-5.646202 -83.142220 -1390.452508 -1208.560470 0.020409 0.999487 0.024677 -0.027326 0.025231 -0.999308 0.999418 -0.019720 -0.027827
-9.640839 -79.217019 -1990.618346 -1713.085690 0.014459 0.999692 0.020163 -0.020866 0.020463 -0.999573 0.999678 -0.014032 -0.021155
-7.412529 -81.100334 -1996.201288 1390.832248 0.014195 0.998618 0.050597 0.115841 0.048619 -0.992077 0.993166 -0.019944 0.114991
2.587667 -78.317321 2054.015895 -3083.379155 -0.110318 0.989362 0.094830 0.936694 0.135396 -0.322913 0.332317 -0.053203 0.941666
3.217290 -71.298219 1861.743915 -3159.592951 -0.157743 0.980814 0.114547 0.967347 0.176789 -0.181622 0.198388 -0.082157 0.976674
0.628813 -75.759563 1938.984991 -3519.147968 -0.178513 0.977136 0.115493 0.967969 0.195464 -0.157577 0.176549 -0.083664 0.980730
-12.204516 -63.398228 7171.150683 4211.889919 0.877812 0.033961 0.477801 0.042561 0.988008 -0.148418 -0.477111 0.150619 0.865840
-0.911140 -63.463007 7649.791039 36.876722 0.881856 -0.069641 0.466347 0.049147 0.997221 0.055981 -0.468950 -0.026448 0.882829
6.785480 -55.154975 6369.587861 2432.695425 0.870430 -0.056787 0.489006 0.109577 0.990754 -0.079993 -0.479942 0.123212 0.868605
15.734875 -52.875190 5081.427780 -1330.098025 0.851588 -0.143663 0.504142 0.102319 0.988769 0.108931 -0.514129 -0.041181 0.856724
-4.707041 -49.490276 5474.907792 4511.350856 0.874055 0.043281 0.483895 0.103786 0.956396 -0.273011 -0.474611 0.288848 0.831451
12.464463 -46.050800 4475.644336 2840.093167 0.847296 -0.050880 0.528678 0.171948 0.968071 -0.182407 -0.502516 0.245458 0.828992
20.484664 -48.986908 3788.803845 630.269427 0.825722 -0.110661 0.553116 0.146177 0.989049 -0.020343 -0.544808 0.097650 0.832856
-10.962175 -37.231628 -1997.606155 -1139.792323 0.010925 0.997210 -0.073838 -0.619367 0.064720 0.782429 -0.785025 -0.037184 -0.618347
-11.154554 -37.031095 -2680.990450 255.458584 0.026737 0.996721 -0.076364 -0.521491 0.079080 0.849584 -0.852838 -0.017108 -0.521896
-13.657923 -37.643931 -1352.866316 -1382.366001 -0.007781 0.999813 0.017695 -0.627189 -0.018662 0.778644 -0.778829 0.005039 -0.627217
-14.663333 -37.290222 -2314.226899 183.152751 0.008647 0.999125 -0.040917 -0.679400 0.035894 0.732890 -0.733717 -0.021462 -0.679116
1.161014 -135.672852 -1409.337056 -1295.785475 0.721343 0.022013 -0.692228 -0.512128 -0.655915 -0.554527 0.466249 -0.754514 0.461866
1.762708 -139.161574 -1830.802130 -5816.786678 0.713485 -0.007037 -0.700635 -0.612120 -0.492844 -0.618396 0.340952 -0.870089 0.355945
1.593135 -127.437386 -1015.828453 -4358.286587 0.707233 0.011692 -0.706884 -0.520867 -0.667457 -0.532164 0.478037 -0.744557 0.465958
0.233614 -133.228061 -601.492978 -4345.792399 0.704254 0.007385 -0.709910 -0.575993 -0.578632 -0.577423 0.415041 -0.815555 0.403250
-0.432461 -124.545840 -463.170182 839.319697 0.724118 0.048368 -0.687978 -0.385182 -0.799102 -0.461596 0.572091 -0.599247 0.560014
-1.832707 -126.617457 216.889879 -808.513270 0.713846 0.040958 -0.699104 -0.435501 -0.755812 -0.488965 0.548419 -0.653506 0.521696
-2.772168 -9.456736 -327.559513 -1.078168 0.049304 0.671964 0.738940 -0.535808 0.642165 -0.548210 0.842899 0.368901 -0.391705
-3.294578 -9.408490 -481.114281 54.947019 0.032907 0.692198 0.720958 -0.528789 0.624176 -0.575141 0.848115 0.362308 -0.386566
-2.880157 -9.425846 -164.578506 268.654130 0.055772 0.668277 0.741819 -0.519771 0.653795 -0.549901 0.852483 0.354907 -0.383814
-2.171663 -10.264135 103.458736 10.459062 -0.083916 -0.635003 -0.767938 -0.523652 0.683768 -0.508182 0.847789 0.359488 -0.389900
-10.049504 -127.779704 12837.809191 -59155.538229 -0.185428 0.003664 -0.982651 0.900652 0.400558 -0.168461 0.392991 -0.916264 -0.077575
-10.904600 -62.889578 -6888.272687 -17533.852393 -0.318173 -0.200176 -0.926658 0.802651 0.463274 -0.375671 0.504496 -0.863312 0.013270
-6.582071 -257.917842 7875.471434 -116833.863620 0.055291 0.245825 -0.967736 0.801610 0.566916 0.189808 0.595285 -0.786242 -0.165710
-16.698242 -379.307120 13108.283287 -151721.438486 0.001125 0.188479 -0.982077 0.787636 0.604930 0.116999 0.616139 -0.773651 -0.147773
16.121834 -501.375924 27475.221833 -190575.573182 -0.006577 0.389794 -0.920879 0.582136 0.750259 0.313416 0.813065 -0.534015 -0.231847
34.543662 -268.665480 20753.375917 -96914.261588 0.102223 0.352497 -0.930213 0.611723 0.715126 0.338215 0.784439 -0.603606 -0.142529
53.770726 -27.960770 8213.704495 822.176319 -0.203282 0.973511 0.104653 -0.126979 -0.132194 0.983057 -0.970851 -0.186549 -0.150489
39.059209 -27.336765 1038.443807 2365.815930 -0.276654 0.954595 0.110499 -0.173917 -0.162826 0.971206 -0.945101 -0.249471 -0.211067
39.465089 -27.859950 8215.332632 2869.529586 -0.126377 0.987180 0.097491 -0.163533 -0.117667 0.979496 -0.978410 -0.107843 -0.176307
39.469047 -26.274693 10068.429147 1705.973450 -0.075591 0.995267 0.061076 -0.136446 -0.071000 0.988100 -0.987759 -0.066358 -0.141167
28.454791 -29.460270 8379.918236 2740.241690 -0.059415 0.996836 0.052800 -0.186084 -0.063027 0.980510 -0.980736 -0.048431 -0.189240
-24.311289 -40.029010 -689.470106 2.035846 0.259626 0.923654 0.281883 -0.497748 0.378122 -0.780558 0.827551 -0.062347 -0.557917
-23.708206 -40.949706 -1516.850874 9.809384 0.380332 0.853367 0.356530 -0.415151 0.502008 -0.758708 0.826437 -0.140547 -0.545205
-22.014701 -39.893561 -1313.774682 -414.074404 0.349912 0.876050 0.331810 -0.491741 0.473248 -0.730908 0.797340 -0.092589 -0.596385
-32.442950 -56.964804 6243.924095 28642.013160 -0.864801 -0.440226 -0.241496 -0.440846 0.895926 -0.054517 0.240362 0.059317 -0.968869
-16.121399 -127.063866 7679.715966 49504.747450 -0.870021 -0.457772 -0.183053 -0.460806 0.887053 -0.028175 0.175276 0.059839 -0.982699
-14.077218 -45.965461 4435.471230 -4985.025363 0.149281 0.988099 0.037089 -0.971458 0.153553 -0.180806 0.184350 0.009039 -0.982819
-6.184924 -49.149164 5476.778754 870.714474 -0.288594 0.953989 -0.081357 -0.914428 -0.299814 -0.271906 0.283788 0.004075 -0.958878
-18.956427 -52.550633 12689.592998 6674.898773 -0.498331 0.859078 -0.116838 -0.803852 -0.508312 -0.308934 0.324788 0.060031 -0.943880
7.521240 -110.572913 -8699.325670 -4341.139190 -0.532559 0.821133 0.205233 -0.087729 -0.294726 0.951546 -0.841834 -0.488750 -0.228996
17.220145 -107.246238 -4616.852274 -2565.228977 -0.454790 0.867284 0.202445 -0.110376 -0.280449 0.953502 -0.883732 -0.411298 -0.223273
14.838639 -109.827793 -7085.579913 2162.793854 -0.509074 0.836703 0.201921 0.145048 -0.147845 0.978316 -0.848413 -0.527324 0.046098
2.588495 -109.608013 -7720.710941 931.998110 -0.511961 0.828305 0.227612 0.105033 -0.202621 0.973608 -0.852563 -0.522356 -0.016734
-11.719707 -44.186252 -1175.045969 693.232750 0.066004 0.994316 -0.083546 -0.378029 0.102405 0.920113 -0.923438 0.029149 -0.382639
-11.824005 -43.354144 -722.556036 -527.015722 0.094839 0.988112 -0.121000 -0.281919 0.143231 0.948687 -0.954739 0.055860 -0.292152
-11.041968 -45.084709 636.750594 1338.297953 0.118083 0.987821 -0.101319 -0.295665 0.132380 0.946075 -0.947965 0.081759 -0.307696
-9.800215 -45.572691 1019.831792 1852.599898 0.112353 0.990633 -0.077603 -0.369788 0.114172 0.922075 -0.922298 0.074901 -0.379152
-51.302772 -78.834012 -1138.903809 6699.254341 0.282788 -0.951660 0.119891 0.958271 0.274858 -0.078542 0.041792 0.137099 0.989675
-40.357059 -93.321968 -2955.162378 14930.703793 -0.472179 0.881415 -0.012442 0.875967 0.467589 -0.118499 0.098629 0.066852 0.992876
-25.065374 -86.270674 -7590.586692 19618.042761 -0.366833 0.926016 0.089036 0.887116 0.377022 -0.266232 0.280104 0.018678 0.959788
-31.118860 -56.966672 -4401.368089 10654.041304 -0.228001 0.973480 0.018779 0.911705 0.220223 -0.346838 0.341775 0.061959 0.937737
-60.697061 -83.268401 1290.810835 391.459189 -0.468800 0.856976 -0.214052 0.846296 0.505180 0.169045 -0.253002 0.101903 0.962084
-58.644086 -78.991288 2745.263128 -1369.121551 -0.191351 0.946249 -0.260765 0.925157 0.262615 0.274076 -0.327825 0.188804 0.925680
-42.139326 -66.717226 1555.645053 -245.219858 -0.623692 0.307379 0.718698 0.764429 0.047801 0.642934 0.163270 0.950386 -0.264783
-41.377767 -65.946966 1225.499987 2206.808975 -0.645001 0.295069 0.704917 0.707527 -0.117970 0.696770 0.288755 0.948165 -0.132679
-44.984779 -66.014215 1860.536213 2587.804098 -0.597691 0.383595 0.704003 0.729491 -0.104059 0.676029 0.332579 0.917620 -0.217634
-44.478240 -66.612753 1632.040416 -746.699256 -0.594746 0.387034 0.704615 0.777969 0.056221 0.625782 0.202585 0.920350 -0.334538
-43.034362 -64.005442 1381.857822 -2977.993496 -0.621340 0.333038 0.709240 0.782122 0.209163 0.586973 0.047137 0.919422 -0.390437
-40.159085 -65.465324 773.675740 -2932.446702 -0.622271 0.221327 0.750862 0.782767 0.185053 0.594165 -0.007444 0.957481 -0.288400
-1.888387 -57.534831 23724.782253 759.593551 0.051226 -0.747065 -0.662774 0.988601 -0.056149 0.139700 -0.141579 -0.662376 0.735672
48.565629 -54.238913 28043.266558 281.692965 0.028699 -0.753349 -0.656994 0.972014 -0.132281 0.194141 -0.233164 -0.644179 0.728470
47.848720 -48.610186 24176.041462 3.973950 0.064984 -0.768163 -0.636948 0.996710 0.018980 0.078798 -0.048441 -0.639973 0.766869
31.658327 -50.992300 750.862272 -333.760939 -0.174207 0.968796 -0.176313 0.663712 -0.016746 -0.747800 0.727419 0.247293 0.640085
30.210959 -51.411124 1701.565415 -47.209196 -0.176855 0.964491 -0.196160 0.750372 0.003156 -0.661009 0.636918 0.264095 0.724285
25.892997 -50.553026 5136.770407 279.239785 -0.244178 0.940934 -0.234566 0.691704 -0.000532 -0.722181 0.679649 0.338591 0.650717
26.530557 -49.655418 3996.414164 395.394298 -0.248212 0.945444 -0.211013 0.593159 -0.023882 -0.804731 0.765867 0.324908 0.554871
31.044571 -50.742194 -794.671211 652.410625 -0.165524 0.973720 -0.156430 0.544269 -0.042081 -0.837854 0.822419 0.223825 0.523001
-24.444951 -46.235570 37.189277 1421.679998 -0.094728 0.609869 -0.786820 0.633263 0.646759 0.425066 0.768118 -0.457998 -0.447474
-0.951129 -62.423562 180.881569 -522.599144 0.072553 0.995735 -0.056985 0.501309 0.012986 0.865171 -0.862221 0.091337 0.498229
-0.530727 -63.158427 -804.878336 -969.396218 0.062494 0.996137 -0.061687 0.415947 0.030189 0.908888 -0.907239 0.082459 0.412454
-0.924252 -61.660084 123.436377 241.587080 0.062897 0.994707 -0.081251 0.349721 0.054284 0.935280 -0.934740 0.087242 0.344456
1.389760 -124.379712 -203.642715 -10386.377416 0.209547 0.965300 -0.155842 0.595306 0.000492 0.803499 -0.775694 0.261144 0.574546
2.298925 -125.912003 -708.266930 -10470.364369 0.201709 0.967067 -0.155224 0.577173 0.010679 0.816552 -0.791318 0.254297 0.556011
2.603003 -114.091340 -483.268154 -10211.885101 0.195763 0.963576 -0.182201 0.435068 0.081172 0.896731 -0.878859 0.254817 0.403331
0.233963 -50.742277 714.993682 1652.721409 0.058152 0.978121 -0.199745 -0.546815 0.198608 0.813356 -0.835231 -0.061925 -0.546401
-22.601797 -26.463591 1242.747430 1544.583215 0.653476 -0.568670 0.499584 0.489828 0.820869 0.293669 -0.577094 0.052805 0.814969
-16.859390 -26.598605 3102.682684 1346.979292 -0.031755 0.987973 -0.151329 0.818204 0.112654 0.563783 -0.574050 0.105915 0.811941
-24.059836 -28.989816 1604.644358 2063.808379 0.779930 -0.156104 0.606087 0.111948 0.987573 0.110302 -0.615774 -0.018177 0.787713
6.801465 -83.549386 936.925779 2765.881938 0.120523 0.974874 -0.187334 -0.294260 0.215312 0.931156 -0.948096 0.057101 -0.312817
5.191081 -77.677133 789.034584 3197.674959 0.124234 0.971232 -0.203162 -0.139801 0.219838 0.965467 -0.982355 0.091542 -0.163090
9.138158 -82.697677 1181.139323 2539.059283 0.109152 0.971864 -0.208726 -0.173919 0.225414 0.958614 -0.978692 0.068333 -0.193630
3.839262 -47.679306 -279.555282 -125.763901 0.149496 0.933408 -0.326190 -0.865330 0.283122 0.413576 -0.478387 -0.220434 -0.850032
1.971441 -45.927410 -63.082890 -112.195397 0.137256 0.935797 -0.324723 -0.841796 0.282978 0.459678 -0.522054 -0.210256 -0.826590
2.143223 -48.044720 -261.404026 836.006649 0.171528 0.922861 -0.344828 -0.890505 0.294953 0.346416 -0.421402 -0.247651 -0.872404
4.451537 -56.392823 -3190.356487 -225.622903 0.153141 0.986721 -0.054122 0.796928 -0.155699 -0.583665 0.584341 -0.046251 0.810189
5.009772 -53.793065 -2813.135422 -1297.372808 0.127534 0.991036 -0.039771 0.886436 -0.131878 -0.443666 0.444934 -0.021328 0.895310
8.452112 -54.828210 -1961.747825 -1007.684328 0.105810 0.992222 -0.065577 0.893233 -0.123819 -0.432209 0.436967 0.012843 0.899386
4.506808 -270.675799 2330.231200 -18322.381700 0.953331 -0.102713 0.283919 -0.289382 -0.042596 0.956265 0.086127 0.993799 0.070331
3.714918 -289.664600 1692.817549 -39549.675506 0.943723 -0.099847 0.315306 -0.256568 0.380594 0.888438 0.208711 0.919336 -0.333557
-0.972271 -236.228254 2612.495279 -10057.404391 0.937999 -0.093351 0.333832 -0.215862 0.596225 0.773252 0.271223 0.797371 -0.539108
-18.454579 -189.473479 -3068.140412 -1636.303036 0.948712 -0.107968 0.297133 0.145620 -0.684993 -0.713848 -0.280607 -0.720505 0.634139
-13.392452 -181.441388 -3039.605914 4701.357630 0.936326 -0.114018 0.332105 0.190265 -0.630177 -0.752779 -0.295115 -0.768035 0.568357
-13.387790 -179.666957 -2417.334508 14622.014055 0.947024 -0.089505 0.308438 0.249830 -0.398192 -0.882626 -0.201817 -0.912925 0.354736
-19.441015 -198.931828 -1626.141769 1575.902335 0.962037 -0.086208 0.258948 0.143650 -0.646796 -0.749013 -0.232057 -0.757776 0.609857
-21.582871 -45.487221 -1186.381740 319.538743 -0.056196 0.978678 -0.197565 0.916145 -0.028114 -0.399859 0.396888 0.203469 0.895031
-23.424783 -45.572654 -953.146979 -60.265972 -0.070573 0.977168 -0.200405 0.866558 -0.039450 -0.497515 0.494062 0.208773 0.843989
405.098459 -3813.031735 221589.529890 -1455868.800374 0.841864 0.539543 -0.012581 -0.025361 0.016263 -0.999546 0.539093 -0.841801 -0.027375
70.535603 -424.992515 52606.047531 55534.970132 0.801601 -0.088771 -0.591232 -0.594553 -0.014507 -0.803926 -0.062788 -0.995946 0.064408
-85.319317 -523.827102 -17303.247050 -212419.931678 0.986901 -0.160811 0.012876 -0.015505 -0.173994 -0.984625 -0.160579 -0.971528 0.174208
-19.845401 -474.511200 -4225.045327 -154273.829258 0.973239 -0.171832 -0.152578 -0.158723 -0.022524 -0.987066 -0.166173 -0.984869 0.049195
1353.920459 -17438.519721 374007.689374 -6933986.426779 0.937662 -0.231038 0.259638 0.193983 -0.271955 -0.942556 -0.288376 -0.934164 0.210184
16.076880 -48.245458 2367.563707 -1133.900270 0.068938 0.995069 -0.071306 0.004445 -0.071782 -0.997410 0.997611 -0.068443 0.009372
13.125519 -47.083583 -2909.137514 530.242934 0.183206 0.981591 -0.053993 -0.010987 -0.052875 -0.998541 0.983013 -0.183532 -0.001097
15.714511 -46.947957 -984.757528 -539.236952 0.128128 0.990443 -0.051055 0.114605 -0.065921 -0.991222 0.985114 -0.121152 0.121956
-9.313745 -42.865507 1080.206545 308.680909 0.228612 0.973367 0.017149 -0.205019 0.065358 -0.976573 0.951685 -0.219740 -0.214500
-0.621950 -43.997958 2562.704842 1854.405754 0.250723 0.954283 0.162731 -0.078397 0.187564 -0.979119 0.964879 -0.232730 -0.121840
-11.248259 -35.065333 -467.483298 -348.350300 -0.147887 0.932995 0.328101 0.202576 0.353291 -0.913317 0.968035 0.068603 0.241249
-11.863121 -36.428731 -46.530120 460.649431 -0.181907 0.911667 0.368473 0.132421 0.394024 -0.909511 0.974358 0.116653 0.192400
-11.359058 -35.470705 81.363487 34.933420 -0.157063 0.912787 0.377028 0.098856 0.394380 -0.913615 0.982629 0.106223 0.152177
-10.677727 -34.775016 -605.343883 -644.326035 -0.139765 0.951382 0.274478 0.288592 0.304303 -0.907807 0.947196 0.047667 0.317092
-10.034317 -32.995778 -521.539649 -836.477474 -0.100290 0.963402 0.248595 0.281492 0.267120 -0.921634 0.954308 0.022453 0.297979
-11.232246 -33.410429 -83.029123 -389.317740 -0.113181 0.944308 0.308986 0.186066 0.325627 -0.927009 0.975997 0.047428 0.212559
-21.085854 -33.109179 10.779707 -685.646262 0.037281 0.998597 0.037599 0.013713 0.037110 -0.999217 0.999211 -0.037767 0.012310
-21.653960 -34.167852 956.328914 -655.782378 -0.001638 0.978824 0.204699 -0.036839 0.204501 -0.978173 0.999320 0.009143 -0.035724
-19.360915 -33.608808 750.406923 -751.477821 -0.013134 0.980040 0.198368 0.024252 0.198639 -0.979773 0.999620 0.008058 0.026377
32.433470 -182.640098 -3898.351537 -7576.198665 0.339226 0.931156 -0.133693 0.280482 -0.235773 -0.930452 0.897917 -0.278135 0.341153
21.763328 -291.403120 -716.743444 68747.168674 0.624684 0.671467 -0.398624 0.508388 0.037760 0.860300 -0.592715 0.740071 0.317778
28.809386 -300.904944 1258.533352 32172.042996 0.611151 0.673570 -0.415689 0.279641 0.307569 0.909507 -0.740470 0.672090 0.000386
-32.727644 -83.672600 -1947.425748 1076.632263 -0.247318 0.938690 -0.240196 -0.033622 0.239434 0.970330 -0.968351 -0.248056 0.027655
-30.529111 -81.949389 -2093.473992 -985.132030 -0.295864 0.928428 -0.224692 -0.111025 0.200206 0.973443 -0.948756 -0.312953 -0.043845
-45.467184 -59.613135 -2584.448724 -916.772992 -0.046954 0.968978 0.242646 0.971155 -0.012569 0.238118 0.233781 0.246828 -0.940437
-43.284609 -60.321587 -3229.507118 -1392.690728 -0.046009 0.984903 0.166883 -0.923569 0.021721 -0.382817 0.380663 0.171741 -0.908626
-48.909494 -63.324709 -4103.152922 -343.868209 -0.136385 0.976193 0.168660 -0.858693 -0.031593 -0.511516 0.494010 0.214590 -0.842559
2615.347982 -139.033606 1197018.768856 -3967.777061 0.977788 0.200406 -0.061386 0.009221 -0.333722 -0.942626 0.209394 -0.921123 0.328157
84.014097 -219.034542 26321.964395 -23957.554097 0.896038 0.065937 -0.439053 -0.434851 -0.069129 -0.897845 0.089553 -0.995426 0.033270
-21.850452 -28.649390 761.965315 -1639.651748 -0.013876 0.920768 0.389864 -0.478356 0.336275 -0.811230 0.878056 0.197751 -0.435789
-17.935953 -26.486222 -3172.964729 -349.341249 -0.179883 -0.623156 -0.761130 -0.376585 0.758431 -0.531946 0.908750 0.190942 -0.371100
-10.196811 -50.039016 -759.921533 -956.803980 0.015247 0.982214 0.187143 0.870430 -0.105145 0.480932 -0.492056 -0.155562 0.856552
6.368167 -54.210508 33.587694 2778.554028 -0.028905 0.986426 -0.161645 -0.984004 0.000359 0.178148 -0.175788 -0.164208 -0.970636
5.982958 -53.864608 442.343914 2619.008877 -0.042474 0.988515 -0.145028 -0.983016 -0.015409 0.182870 -0.178536 -0.150332 -0.972381
4.987056 -50.080784 -363.254516 3956.514072 -0.031878 0.986332 -0.161656 -0.951185 0.019736 0.307988 -0.306969 -0.163583 -0.937556
6.645524 -59.630865 583.458547 -417.913133 -0.026734 0.988204 -0.150791 0.999588 0.024849 -0.014369 -0.010453 -0.151113 -0.988461
4.893011 -51.941053 -403.365327 3720.506581 -0.009703 0.983488 -0.180716 -0.963792 0.038963 0.263792 -0.266477 -0.176732 -0.947500
6.186974 -56.449744 -565.716807 -909.753162 -0.014922 0.982579 -0.185243 0.996616 -0.000363 -0.082203 -0.080838 -0.185842 -0.979249
0.913461 -85.657100 1679.210795 -1716.372868 -0.078860 0.992706 0.091189 0.891424 0.111169 -0.439322 0.446255 -0.046643 0.893689
-1.068034 -84.173667 1725.200833 -4185.869102 -0.134094 0.984798 0.110419 0.949750 0.159518 -0.269313 0.282833 -0.068757 0.956702
-2.435617 -94.411622 1809.453985 74.536288 -0.060465 0.995054 0.078808 0.832122 0.093855 -0.546594 0.551287 -0.032528 0.833681
-6.926578 -85.585752 -2302.863382 3206.690280 0.014223 0.995888 0.089470 0.385284 0.077112 -0.919571 0.922688 -0.047550 0.382603
-2.252485 -90.658869 -1744.592963 3373.453302 0.029952 0.995731 0.087309 0.307687 0.073922 -0.948612 0.951016 -0.055277 0.304159
-5.685219 -83.519485 -2028.563418 2744.550290 0.019063 0.997601 0.066549 0.240285 0.060039 -0.968844 0.970515 -0.034460 0.238564
-21.676852 -74.278409 7997.823904 911.491552 0.867522 0.025402 0.496749 -0.032765 0.999444 0.006112 -0.496318 -0.021578 0.867873
10.412104 -55.331178 6079.180192 -4398.728411 0.865624 -0.195503 0.460950 0.077603 0.961880 0.262230 -0.494645 -0.191222 0.847798
-10.166266 -49.525261 707.109143 2107.405106 0.090670 -0.984810 -0.148080 0.995866 0.090477 0.008051 0.005469 -0.148198 0.988943
-9.753422 -47.111373 233.995362 2195.856760 0.103872 -0.981092 -0.163305 0.993200 0.110997 -0.035106 0.052569 -0.158548 0.985951
-7.065039 -43.365067 1344.227946 2136.958396 -0.082567 0.986783 0.139433 0.987067 0.100265 -0.125081 0.137409 -0.127303 0.982300
-7.449145 -46.527040 -1572.073236 2471.556609 0.043337 -0.992175 -0.117089 0.996127 0.051886 -0.070979 0.076499 -0.113560 0.990582
-6.302032 -46.051739 -3888.644677 319.997294 0.137895 0.982374 0.126203 -0.817589 0.040980 0.574343 -0.559047 0.182381 -0.808828
-11.232111 -45.062743 -2827.760592 923.906326 0.122148 0.975915 0.180748 -0.805233 -0.009023 0.592890 -0.580241 0.217965 -0.784737
-13.553047 -46.039479 -4799.606323 862.057891 0.128619 0.980935 0.145683 -0.849328 0.033122 0.526825 -0.511956 0.191492 -0.837396
-16.654620 -45.496285 -1429.112269 1250.937826 0.136069 0.966793 0.216327 -0.849226 0.001373 0.528028 -0.510196 0.255559 -0.821212
-9.431294 -39.559601 2960.632002 -2804.031970 0.029799 0.992718 0.116722 -0.671551 -0.066609 0.737959 -0.740359 0.100375 -0.664675
-12.002439 -38.047584 2914.900922 -3086.640194 -0.014165 0.988398 0.151223 -0.660441 -0.122801 0.740768 -0.750745 0.089381 -0.654518
