15520
31028
-20.313881 -29.918411 642.147071 -2222.885844 0.731732 0.607080 -0.309873 0.128061 -0.568987 -0.812314 0.669454 -0.554714 0.494089
-27.116250 -38.662370 328.065340 -2322.241156 0.746300 0.653190 -0.127983 0.151268 -0.353690 -0.923050 0.648193 -0.669512 0.362765
-20.623600 -37.595597 479.395311 -3270.835255 0.693890 0.704492 -0.149023 0.220144 -0.404589 -0.887606 0.685604 -0.583095 0.435830
-23.047818 -30.987431 -2.645628 -1587.277819 0.768867 0.300086 -0.564617 -0.226679 -0.697755 -0.679526 0.597880 -0.650452 0.468457
-14.590550 -38.178211 1507.127165 -3822.194288 0.621241 0.770497 -0.142807 0.297003 -0.400159 -0.866984 0.725155 -0.496192 0.477435
-12.698220 -23.602347 1623.631210 -2012.628226 0.651749 0.682645 -0.330484 0.228353 -0.592147 -0.772798 0.723242 -0.428203 0.541815
-17.591215 -21.445200 -84.931779 1013.227301 0.626921 -0.048161 -0.777593 0.421007 0.860749 0.286119 0.655532 -0.506746 0.559898
-18.842550 -25.531938 138.952965 1157.832750 0.701255 0.118084 -0.703063 0.343718 0.807995 0.478542 0.624580 -0.577235 0.526023
-33.412012 -39.132464 -591.127503 450.786958 0.821833 0.568819 0.032181 -0.061295 0.144434 -0.987614 0.566422 -0.809681 -0.153567
-32.222131 -35.710733 -470.792862 242.030124 0.615883 0.597552 -0.513439 -0.601651 -0.064009 -0.796191 0.508630 -0.799271 -0.320095
-23.136590 -37.622895 3113.466350 481.522045 0.580859 0.745895 -0.325950 -0.419411 -0.068941 -0.905175 0.697637 -0.662486 -0.272792
-28.885263 -42.315133 710.320634 386.886601 0.750634 0.659672 -0.037179 -0.069153 0.022477 -0.997353 0.657090 -0.751218 -0.062490
-22.415742 -35.846952 -197.727871 -332.709534 -0.255145 0.937126 0.238109 0.565609 -0.055075 0.822833 -0.784212 -0.344618 0.515995
-22.331542 -34.717391 -21.311690 540.094608 -0.154023 0.952862 0.261401 0.716774 -0.074343 0.693332 -0.680083 -0.294154 0.671536
-23.954387 -35.213477 -276.419134 -28.097473 -0.080887 0.965905 0.245936 0.602772 -0.149106 0.783858 -0.793803 -0.211647 0.570160
-23.534237 -34.872937 -515.931970 -683.400505 -0.218198 0.955012 0.200851 0.437121 -0.088368 0.895051 -0.872534 -0.283094 0.398174
-25.924336 -35.874180 63.850975 214.810583 0.180900 0.924184 0.336391 0.581613 -0.376343 0.721175 -0.793096 -0.065189 0.605597
-25.906351 -34.764914 -456.430407 -372.646860 -0.001382 0.956333 0.292276 0.472977 -0.256892 0.842792 -0.881074 -0.139405 0.451968
1.185454 -27.723907 671.420229 -29.382198 0.851768 0.348479 0.391222 0.519754 -0.656015 -0.547266 -0.065936 -0.669483 0.739895
0.653641 -27.086470 1554.121203 503.543826 0.838894 0.366545 0.402371 0.544185 -0.549957 -0.633569 0.010945 -0.750461 0.660824
3.526206 -27.875989 2621.482655 -241.886555 0.844313 0.375926 0.381858 0.534146 -0.647243 -0.543843 -0.042710 -0.663141 0.747275
2.706407 -28.170521 2086.186735 -708.672310 0.850560 0.365646 0.377956 0.513133 -0.734336 -0.444347 -0.115073 -0.571886 0.812222
1.012180 -28.721782 759.570080 -232.899049 0.855567 0.356407 0.375472 0.505344 -0.732435 -0.456253 -0.112397 -0.580097 0.806755
0.337891 -26.909371 -33.740484 189.641418 0.664183 0.214208 -0.716224 -0.409357 -0.697452 -0.588207 0.625531 -0.683868 0.375548
-0.784702 -25.500923 -56.588583 86.368943 0.670916 0.213501 -0.710133 -0.512420 -0.558735 -0.652105 0.536001 -0.801394 0.265462
0.210511 -26.376206 103.323032 138.116898 0.674279 0.236544 -0.699568 -0.395285 -0.684568 -0.612467 0.623777 -0.689502 0.368088
0.858464 -27.764074 133.540712 -181.734522 0.667140 0.233846 -0.707277 0.280444 0.800756 0.529283 0.690127 -0.551457 0.468636
0.761813 -28.482004 18.388065 -193.017765 0.665720 0.224287 -0.711697 0.278815 0.809916 0.516042 0.692156 -0.541971 0.476642
9.305596 -49.105438 -566.390140 749.781219 0.808480 0.486263 -0.331525 -0.371415 0.858538 0.353501 0.456521 -0.162665 0.874716
14.431950 -49.106000 -599.975967 -1408.213772 0.821128 0.459494 -0.338546 -0.400811 0.886533 0.231106 0.406324 -0.054075 0.912128
11.634959 -46.484619 -382.106344 380.368438 0.816055 0.392674 -0.424101 -0.283168 0.911303 0.298903 0.503856 -0.123829 0.854866
9.466364 -52.230285 -346.484941 866.275231 0.788748 0.558449 -0.256925 -0.459319 0.813183 0.357436 0.408537 -0.163917 0.897903
5.003483 -48.110363 -476.698073 2391.274419 0.806810 0.442583 -0.391379 -0.258222 0.859980 0.440177 0.531393 -0.254077 0.808125
3.742690 -52.213435 -346.467662 2645.919376 0.787927 0.539672 -0.296520 -0.363033 0.796080 0.484214 0.497371 -0.273879 0.823172
-3.172973 -49.300684 125.742942 28.106247 0.633541 0.714561 -0.296696 0.233197 -0.541992 -0.807381 0.737730 -0.442320 0.510008
-3.740933 -50.056243 134.147842 562.263598 0.640686 0.701487 -0.312149 0.369360 -0.638005 -0.675665 0.673123 -0.317594 0.667862
-4.026188 -48.463018 119.608538 111.797439 0.648685 0.712868 -0.266508 0.248277 -0.529242 -0.811333 0.719421 -0.460132 0.520300
-2.828052 -50.988865 121.509417 538.565678 0.631501 0.698308 -0.337005 0.358553 -0.648370 -0.671607 0.687492 -0.303286 0.659827
-3.311235 -50.954105 98.375122 -1180.293948 0.642972 0.726092 -0.243675 0.109416 -0.401978 -0.909088 0.758034 -0.557856 0.337907
-2.605197 -52.320336 110.016246 -1435.574487 0.629627 0.729080 -0.268351 0.096135 -0.415875 -0.904326 0.770926 -0.543591 0.331936
-2.462477 -50.770656 145.862969 -137.590636 0.623023 0.712715 -0.322304 0.222776 -0.556658 -0.800314 0.749809 -0.426812 0.505587
-7.228545 -49.156013 290.492821 -1148.028468 -0.615005 -0.784498 0.079572 0.705532 -0.502404 0.499814 -0.352126 0.363529 0.862470
-8.231332 -48.506817 30.467857 -1211.088750 -0.631101 -0.760999 0.150306 0.712823 -0.492532 0.499295 -0.305933 0.422247 0.853295
-6.854098 -46.103115 -288.569459 -1114.335485 0.603436 0.791495 -0.096960 0.640342 -0.408516 0.650443 -0.475213 0.454588 0.753341
-4.344552 -46.031862 -408.802814 -1229.251980 0.605517 0.794412 -0.047528 0.620532 -0.433904 0.653198 -0.498286 0.425015 0.755694
-3.504014 -42.739457 -491.911916 -582.792117 0.599303 0.798967 -0.049877 0.533199 -0.351926 0.769316 -0.597105 0.487647 0.636919
-6.300031 -43.172245 -336.644382 -361.507892 0.596668 0.795090 -0.108721 0.561210 -0.316584 0.764734 -0.573613 0.517307 0.635107
3974.373341 -12.691485 2169051.801121 761.420978 -0.798850 0.148325 0.582956 0.239129 0.967561 0.081507 -0.551956 0.204514 -0.808405
4958.899686 187.009018 2126662.443881 1119.903495 -0.530944 -0.015267 0.847269 0.230183 0.959647 0.161536 -0.815545 0.280793 -0.506005
3123.822561 40.733161 1244596.714004 5981.242266 -0.515432 0.141573 0.845155 0.226942 0.973595 -0.024683 -0.826334 0.179079 -0.533951
-6.121895 -28.292555 -253.895113 366.211191 -0.849720 -0.067809 0.522855 -0.146836 0.982895 -0.111158 -0.506374 -0.171227 -0.845143
-5.096056 -25.634483 -205.113953 150.981242 -0.851433 -0.003062 0.524454 -0.002064 0.999995 0.002488 -0.524459 0.001035 -0.851435
-4.119606 -28.933971 -216.688443 374.316429 -0.860355 -0.105689 0.498617 -0.162184 0.984186 -0.071234 -0.483203 -0.142155 -0.863891
-8.264004 -25.031185 -379.620258 81.776904 -0.834747 0.057450 0.547628 0.027732 0.997666 -0.062390 -0.549935 -0.036893 -0.834392
-4.877711 -32.718875 -228.612726 591.542177 -0.849284 -0.156455 0.504221 -0.295287 0.932487 -0.208024 -0.437633 -0.325562 -0.838145
-7.110336 -32.167960 -340.304921 703.598615 -0.844310 -0.118762 0.522529 -0.279212 0.929797 -0.239828 -0.457364 -0.348385 -0.818197
-9.454364 -27.827591 -456.662122 527.384947 -0.838611 -0.016321 0.544486 -0.121217 0.980080 -0.157319 -0.531073 -0.197930 -0.823884
43.428417 -5.881368 -11380.979578 367.803922 -0.607148 -0.411562 -0.679697 -0.114018 0.891680 -0.438072 0.786366 -0.188477 -0.588307
45.857328 -7.873199 -12270.243461 287.094504 -0.641298 -0.405287 -0.651521 -0.079784 0.879737 -0.468719 0.763133 -0.248608 -0.596509
12.465323 -10.042757 -4336.870880 907.548690 -0.604674 -0.186876 -0.774239 0.077694 0.953609 -0.290848 0.792674 -0.236022 -0.562104
11.868475 -8.211877 -3929.771536 818.383366 -0.583791 -0.174225 -0.792990 0.057318 0.965424 -0.254307 0.809878 -0.193914 -0.553620
20.570326 -4.537322 -6343.168424 668.380384 -0.545235 -0.348232 -0.762531 -0.094354 0.929347 -0.356947 0.832956 -0.122673 -0.539569
-0.196769 -61.461387 71.698032 2443.491571 -0.329442 0.798593 -0.503703 -0.837893 -0.493181 -0.233895 0.435204 -0.344995 -0.831610
0.266303 -70.522830 29.659498 3685.976922 -0.347080 0.787422 -0.509414 -0.746560 -0.560731 -0.358090 0.567612 -0.256023 -0.782476
-0.159667 -64.908927 -323.666961 2157.363088 -0.326096 0.782521 -0.530399 -0.812764 -0.518613 -0.265435 0.482780 -0.344531 -0.805122
-0.539340 -56.942164 -272.320675 -1252.502324 -0.318140 0.792210 -0.520759 0.875547 0.456187 0.159093 0.363598 -0.405335 -0.838749
-0.698031 -62.721279 -439.536413 -1616.596995 -0.333552 0.776264 -0.534936 0.877506 0.463046 0.124784 0.344565 -0.427788 -0.835627
-0.641144 -74.240857 126.431668 2920.155117 -0.342637 0.785000 -0.516116 -0.751230 -0.558826 -0.351237 0.564140 -0.267375 -0.781189
1.865206 -111.619153 -296.027241 4996.623611 -0.525859 0.743088 -0.413875 0.543307 -0.080933 -0.835624 -0.654438 -0.664282 -0.361166
1.796445 -100.772370 -378.090945 2096.930171 -0.492832 0.741652 -0.455049 0.720009 0.053949 -0.691865 -0.488573 -0.668612 -0.560583
2.768511 -130.289415 -445.618386 7531.084137 -0.498806 0.754393 -0.426713 0.634366 -0.017697 -0.772830 -0.590570 -0.656185 -0.469733
2.570612 -136.321521 269.470527 -3705.785932 -0.490704 0.777277 -0.393765 -0.365737 0.226436 0.902753 -0.790851 -0.586999 -0.173166
1.373233 -119.244805 -482.343791 -3962.490315 -0.553023 0.740855 -0.381183 -0.284695 0.261940 0.922137 -0.783016 -0.618483 -0.066059
2.055017 -99.580142 432.356154 11852.712865 -0.401566 0.819310 -0.409239 0.697102 0.563252 0.443618 -0.593965 0.107139 0.797325
1.336708 -119.833905 589.598411 9057.867471 -0.385208 0.828558 -0.406332 0.507024 0.557921 0.657001 -0.771065 -0.047061 0.635015
-2.853041 -100.417046 -39.815275 9035.295325 -0.408332 0.818875 -0.403372 0.660378 0.570073 0.488792 -0.630211 0.066789 0.773546
-0.754073 -74.112681 -1.994671 7962.163608 -0.440887 0.786911 -0.431728 0.753232 0.585960 0.298818 -0.488118 0.193446 0.851069
-2.581347 -66.964178 326.451578 4410.644889 -0.441736 0.763152 -0.471665 0.735136 0.609257 0.297287 -0.514241 0.215415 0.830152
-5.296632 -99.327121 426.717227 8889.575864 -0.414218 0.800453 -0.433241 0.606698 0.597648 0.524152 -0.678485 0.045733 0.733190
-4.136376 -40.715158 -1540.308973 -2807.562258 -0.181048 0.761912 -0.621862 0.969672 0.243854 0.016463 0.164187 -0.600022 -0.782954
-1.855535 -50.047485 -620.939980 -2910.813860 -0.086553 0.812703 -0.576214 0.932396 0.269813 0.240494 0.350921 -0.516444 -0.781114
0.688114 -50.893970 -4640.669955 -2529.914821 -0.154487 0.735714 -0.659438 0.924459 0.343130 0.166246 0.348583 -0.583940 -0.733147
-4.109850 -46.710763 1570.751065 -4178.031924 -0.041383 0.860354 -0.508014 0.962906 0.170034 0.209526 0.266646 -0.480499 -0.835476
-6.361939 -35.122818 588.603337 -3233.050872 -0.180832 0.801306 -0.570270 0.981071 0.187805 -0.047205 0.069274 -0.568012 -0.820100
-7.008134 -409.531709 3801.093940 65009.213373 -0.645534 0.726545 0.235411 -0.506956 -0.638171 0.579425 -0.571211 -0.254695 -0.780287
-99.939214 -379.388232 6669.960054 -24256.923234 -0.721280 0.545036 0.427424 0.120427 0.706373 -0.697521 -0.682094 -0.451634 -0.575129
-2.436658 -242.539317 3069.688309 40225.521151 -0.672653 0.707056 0.218197 -0.192727 -0.452107 0.870894 -0.714419 -0.543757 -0.440380
8.622965 -184.828067 2259.660062 17291.586994 -0.681981 0.701615 0.206492 -0.356030 -0.565104 0.744244 -0.638862 -0.434043 -0.635186
10.372345 8.582747 -2416.648330 2787.557629 0.435749 -0.818624 0.374135 0.899776 0.406776 -0.157911 -0.022920 0.405447 0.913831
14.903238 3.544141 -3091.953306 3781.385478 -0.111313 -0.935728 0.334699 0.991371 -0.128016 -0.028191 0.069226 0.328673 0.941903
4.343334 0.906931 -399.206342 2536.171225 0.593078 -0.750510 0.291534 0.805132 0.550812 -0.219928 0.004478 0.365158 0.930935
-0.461871 -5.835706 -488.204620 605.581236 0.476551 -0.828383 0.294416 0.877588 0.468172 -0.103222 -0.052330 0.307567 0.950087
-0.241766 -4.103601 561.720660 -298.832156 0.878371 -0.442767 0.180062 -0.475350 -0.848647 0.232035 -0.050072 0.289406 0.955896
-15.331495 -16.988284 -323.841851 -275.171163 0.701764 0.675762 0.225551 0.699720 -0.713298 -0.039983 -0.133866 -0.185881 0.973411
-14.249244 -17.844573 331.214229 22.208202 -0.679054 -0.695390 -0.235198 0.731793 -0.666564 -0.142029 -0.058008 -0.268562 0.961514
-16.224413 -18.040912 12.131226 251.237927 0.998039 0.000980 0.062591 0.009386 -0.990916 -0.134152 -0.061891 -0.134476 0.988982
-15.857212 -20.064618 186.216553 377.222381 0.985733 -0.164926 -0.033612 -0.167063 -0.983011 -0.076028 0.020502 -0.080558 0.996539
-14.629580 -20.562378 -352.400792 -440.214460 0.893220 -0.445851 0.058097 0.445923 0.894985 0.012436 -0.057540 0.014799 0.998233
-13.953130 -18.483502 -633.867307 -412.694822 0.835695 -0.539011 0.105272 0.528106 0.841311 0.115323 -0.150727 -0.040780 0.987734
-14.410475 -22.483214 -121.043695 397.435847 0.917255 -0.398295 0.001965 -0.396883 -0.913564 0.088796 0.033572 0.082229 0.996048
-8.567884 -22.659340 -1099.744518 376.342202 0.784768 -0.603875 0.139551 -0.618589 -0.777142 0.115750 -0.038553 0.177161 0.983426
-8.445714 -24.262477 -989.427447 326.250950 0.818322 -0.565014 0.105397 -0.572671 -0.785900 0.233258 0.048963 0.251238 0.966686
-13.761744 -24.426114 24.362504 372.050825 0.929894 -0.363198 -0.058168 -0.347344 -0.919098 0.186039 0.121031 0.152792 0.980819
5.158788 -76.020051 150.344668 -22791.683869 0.740894 0.629037 -0.235348 -0.218567 0.557164 0.801122 -0.635063 0.542107 -0.550287
4.406674 -89.970521 355.684817 -24732.574616 0.771092 0.595636 -0.225024 -0.165290 0.528547 0.832656 -0.614896 0.604860 -0.506011
19.325547 -716.149670 1545.004898 -254467.263474 0.743388 0.593064 -0.309274 -0.066432 0.525569 0.848153 -0.665554 0.609961 -0.430100
3.881952 -48.991450 229.702629 -10251.745041 0.774307 0.594830 -0.215932 -0.212903 0.566207 0.796293 -0.595920 0.570603 -0.565059
35.144723 -338.842278 -4273.102326 -87661.563296 -0.727000 -0.588181 0.354279 -0.106224 0.606092 0.788270 -0.678371 0.535439 -0.503108
3.625530 -36.681957 54.234741 -4789.366288 0.742732 0.633584 -0.216609 -0.234812 0.549409 0.801881 -0.627066 0.544721 -0.556837
4.452619 -70.217931 -148.226132 -13666.877682 0.706820 0.668475 -0.231403 -0.261687 0.551003 0.792411 -0.657211 0.499537 -0.564391
-22.635336 -39.816254 -7428.728100 4077.652790 0.708067 0.693719 -0.131890 0.700906 -0.713155 0.011823 0.085856 0.100814 0.991194
1.764353 -35.433961 -1170.379294 1221.397650 0.761084 0.605781 -0.231907 0.628661 -0.776952 0.033639 0.159803 0.171393 0.972156
-20.042495 -28.444112 -6893.644708 -2469.796457 0.728659 0.670878 -0.137767 -0.667960 0.740567 0.073416 0.151279 0.038528 0.987740
1.313068 -57.513806 -1649.532160 8175.195342 0.705776 0.683430 -0.186559 0.705689 -0.701389 0.100279 0.062317 0.202428 0.977312
-14.192918 -65.046446 -5552.961219 9314.627985 0.721894 0.678947 -0.133788 0.691785 -0.712908 0.114872 0.017387 0.175478 0.984330
17.370819 -5.437582 -2613.793202 265.268518 0.661946 -0.556574 0.502049 0.508377 0.825566 0.244937 -0.550800 0.093096 0.829429
19.338254 -3.921687 -2760.967425 543.915002 0.646144 -0.584143 0.491197 0.541890 0.804338 0.243710 -0.537451 0.108703 0.836260
20.578396 -4.297819 -490.477548 282.564658 0.695630 -0.602221 0.391700 0.540809 0.797886 0.266276 -0.472889 0.026605 0.880720
12.617954 -47.086758 -1123.090002 65.879472 0.006834 0.977391 0.211330 -0.657448 -0.154847 0.737417 -0.753469 0.143979 -0.641526
11.366002 -48.045709 14.813600 -260.709514 0.099642 0.973403 0.206296 -0.657120 -0.091310 0.748235 -0.747171 0.210117 -0.630544
14.959443 -49.970633 -1194.512619 -2128.819862 -0.007690 0.972749 0.231732 -0.570904 -0.194529 0.797638 -0.820981 0.126163 -0.556843
11.798088 -46.389807 -1579.582247 -412.896018 -0.052531 0.971922 0.229366 -0.638052 -0.209353 0.740986 -0.768199 0.107423 -0.631134
16.755758 -56.658783 -1518.916272 -3456.535503 -0.107634 0.957057 0.269178 -0.415237 -0.289280 0.862494 -0.903323 0.018938 -0.428542
13.203442 -50.469530 -1134.857555 -2199.580997 -0.090032 0.960403 0.263666 -0.554053 -0.268291 0.788064 -0.827599 0.075134 -0.556269
71.185343 -64.159571 -274.575037 2570.196410 0.467762 0.872337 -0.142222 0.557938 -0.166630 0.812982 -0.685495 0.459633 0.564653
64.897009 -52.707244 -62.722405 3923.645517 0.393452 0.918752 -0.033031 0.670109 -0.262003 0.694484 -0.629404 0.295381 0.718749
64.338696 -52.357685 -2458.432234 3944.702563 0.223395 0.974144 0.033739 0.589462 -0.162584 0.791265 -0.776292 0.156877 0.610542
51.878994 -36.920842 -4044.466331 4532.615665 0.067598 0.981407 0.179641 0.681345 -0.176938 0.710254 -0.728834 -0.074386 0.680638
48.634111 -46.445407 -4421.854207 3752.499439 -0.031147 0.986049 0.163514 0.561226 -0.118117 0.819191 -0.827077 -0.117283 0.549717
17.409411 -18.479588 -1473.516079 2634.309993 0.916029 0.279886 -0.287324 -0.076565 0.825154 0.559695 -0.393738 0.490698 -0.777294
13.575606 -29.446294 -408.107838 3390.725843 0.919260 0.326392 -0.220068 -0.180634 0.846459 0.500879 -0.349761 0.420686 -0.837073
18.829969 -20.744579 -1401.999532 3411.904471 0.945436 0.188957 -0.265418 -0.029814 0.861401 0.507049 -0.324442 0.471469 -0.820033
14.222373 -26.856627 745.765248 3472.900369 -0.878026 -0.398812 0.264612 -0.199682 0.807699 0.554752 -0.434968 0.434249 -0.788816
24.982663 -12.232954 -2466.721924 1988.537726 0.942168 0.076354 -0.326327 0.109825 0.849596 0.515873 -0.316635 0.521878 -0.792077
24.332355 -9.785285 -1600.632402 1098.630337 0.930691 0.149387 -0.333912 0.061939 0.835277 0.546330 -0.360524 0.529147 -0.768132
17.908422 -16.680610 -1173.568035 2520.844608 0.885714 0.337974 -0.318250 -0.094874 0.802857 0.588574 -0.454432 0.491115 -0.743167
6.477630 -24.026779 -836.079502 -261.886528 0.643053 0.678050 0.355992 0.086661 -0.526293 0.845875 -0.760902 0.513092 0.397195
6.236200 -24.265350 683.287691 -323.878498 0.647836 0.674902 0.353293 0.082764 -0.523385 0.848067 -0.757270 0.520169 0.394925
6.116405 -23.965436 -707.913001 25.749071 0.642773 0.676125 0.360136 0.010172 -0.477608 0.878514 -0.765989 0.561022 0.313871
9.017943 -23.768339 -1465.002230 59.541101 0.652311 0.669164 0.355963 0.015925 -0.481635 0.876227 -0.757784 0.565904 0.324833
9.818530 -23.588199 -1701.478593 -17.061369 0.648640 0.673871 0.353785 0.097498 -0.534577 0.839477 -0.754824 0.510025 0.412449
-0.537522 -26.883655 185.765306 -675.810279 0.917403 0.206339 0.340289 -0.319850 -0.126475 0.938989 -0.236788 0.970272 0.050031
-1.448247 -26.342985 90.789915 -682.121501 0.924953 0.222864 0.307884 -0.289151 -0.113142 0.950574 -0.246684 0.968261 0.040210
0.147542 -30.913978 143.696643 -730.536666 0.922101 0.211597 0.323970 -0.249272 -0.315544 0.915585 -0.295962 0.925018 0.238218
1.285199 -30.855900 245.595094 -737.640824 0.915256 0.195118 0.352472 -0.281869 -0.314969 0.906281 -0.287849 0.928829 0.233279
0.764400 -26.805291 280.644157 -668.387613 0.910953 0.193518 0.364300 -0.344326 -0.129619 0.929860 -0.227165 0.972497 0.051443
4.903084 -29.882996 29.714299 -3906.954375 0.760157 0.499788 0.415180 -0.559750 0.828192 0.027887 -0.329911 -0.253595 0.909312
5.600104 -38.182417 365.219731 -3879.882506 0.825650 0.432881 0.361825 -0.447120 0.893170 -0.048286 -0.344073 -0.121912 0.930995
4.256496 -27.799106 298.391255 -2728.231494 0.813846 0.457097 0.358771 -0.505823 0.861174 0.050234 -0.286002 -0.222357 0.932073
-5.327208 -49.330102 85.854832 640.405650 0.809039 0.393424 0.436661 -0.372952 -0.230575 0.898745 -0.454271 0.889973 0.039816
-4.692593 -50.129524 150.398281 567.732135 0.835370 0.362207 0.413477 -0.358405 -0.211422 0.909311 -0.416777 0.907803 0.046799
-4.631304 -54.006457 125.218731 1213.341401 0.805698 0.385104 0.450051 -0.481256 -0.017351 0.876408 -0.345317 0.922710 -0.171354
-4.946539 -54.127667 56.214861 1365.701080 0.781820 0.417431 0.463152 -0.494696 -0.036856 0.868284 -0.379518 0.907961 -0.177687
-5.399010 -48.760110 -8.603097 811.671326 0.782526 0.427370 0.452778 -0.379647 -0.248861 0.891031 -0.493479 0.869151 0.032491
-7.187411 -43.779208 -58.303601 -676.484508 0.772834 0.386140 0.503611 -0.494525 0.863779 0.096595 -0.397710 -0.323700 0.858513
-7.318560 -45.993579 -72.274055 -682.429840 0.765451 0.393619 0.509067 -0.420208 0.904889 -0.067834 -0.487349 -0.161990 0.858050
-6.564412 -43.710757 -132.990834 -540.336580 0.743385 0.379669 0.550663 -0.503577 0.859540 0.087186 -0.440215 -0.342114 0.830162
-7.416835 -46.054265 7.068475 -767.883289 0.796184 0.400266 0.453738 -0.416797 0.906434 -0.068252 -0.438603 -0.134776 0.888517
-6.385633 -41.925835 -118.234369 454.044590 0.753873 0.369295 0.543411 0.559916 -0.793845 -0.237284 -0.343757 -0.483147 0.805233
-7.001138 -41.856793 -41.110974 450.562190 0.779457 0.382313 0.496269 0.550097 -0.796733 -0.250219 -0.299732 -0.468032 0.831328
-7.423734 -43.918044 29.841125 -792.818160 0.800729 0.398727 0.447046 -0.488461 0.866607 0.101969 -0.346756 -0.300014 0.888680
-1.800971 -35.257977 64.514564 -567.612440 -0.721009 -0.397757 -0.567393 -0.230449 0.909872 -0.345003 0.653482 -0.117995 -0.747689
-0.792594 -32.132263 76.537179 -593.619130 -0.711694 -0.436000 -0.550813 -0.116585 0.846521 -0.519433 0.692748 -0.305461 -0.653295
-1.294067 -33.489633 -12.562223 -484.542508 -0.710946 -0.427154 -0.558655 -0.262583 0.898180 -0.352594 0.652385 -0.103982 -0.750721
-0.927915 -32.523316 84.495580 -794.984802 -0.712975 -0.416923 -0.563774 -0.083763 0.848911 -0.521857 0.696168 -0.324847 -0.640175
-2.044042 -36.723194 46.173368 -367.874847 -0.731701 -0.384446 -0.562863 -0.366195 0.918188 -0.151099 0.574904 0.095558 -0.812622
-2.500183 -38.085731 86.797660 -287.550380 -0.734977 -0.365733 -0.571007 -0.359510 0.924156 -0.129180 0.574945 0.110338 -0.810718
-1.963525 -37.922968 -79.936460 -355.659600 -0.717402 -0.355781 -0.598961 -0.308052 0.933146 -0.185318 0.624851 0.051564 -0.779040
-1.543324 -35.540570 -11.417282 -726.757652 -0.714607 -0.379182 -0.587841 -0.178867 0.911453 -0.370486 0.676271 -0.159607 -0.719154
62.526747 -35.371056 -21670.953574 986.911695 0.803196 0.595714 -0.001114 -0.259164 0.347743 -0.901060 0.536387 -0.724016 -0.433693
115.212962 -35.754670 -29444.811685 1409.679175 0.705035 0.709110 0.009443 -0.317650 0.327674 -0.889791 0.634054 -0.624334 -0.456270
53.841925 -31.209294 -18567.275002 814.872990 0.793549 0.607825 -0.028773 -0.352422 0.420530 -0.836034 0.496063 -0.673575 -0.547922
-0.853483 -66.104107 -145.746939 -2353.400021 0.910555 0.254880 0.325462 0.008326 0.775837 -0.630878 0.413304 -0.577159 -0.704321
-0.360156 -64.064156 321.945362 -2913.648820 0.899239 0.286362 0.330706 0.009055 0.743626 -0.668535 0.437365 -0.604167 -0.666104
-1.297270 -58.961545 -147.991316 -1857.193372 0.910018 0.266294 0.317734 0.056589 0.679456 -0.731531 0.410688 -0.683687 -0.603248
-1.705370 -60.631471 -310.147800 -1144.616928 0.913011 0.243799 0.327067 0.089746 0.662076 -0.744044 0.397941 -0.708673 -0.582603
-1.357247 -68.316299 -88.792569 -3095.614443 0.910164 0.251064 0.329496 0.003636 0.790538 -0.612402 0.414231 -0.558585 -0.718607
-6.210791 -124.578451 -335.303853 8314.084599 0.841671 0.331867 0.425975 -0.270767 0.941893 -0.198805 -0.467199 0.051989 0.882622
-0.048690 -128.207775 906.041568 7868.125080 0.863600 0.328378 0.382574 -0.243144 0.935996 -0.254544 -0.441675 0.126804 0.888169
-4.798264 -112.198523 -436.633939 10351.659477 0.843180 0.305696 0.442263 -0.096243 0.895151 -0.435249 -0.528946 0.324429 0.784195
-7.317572 -121.852083 125.097106 10043.433169 0.855758 0.293866 0.425817 -0.185510 0.942590 -0.277686 -0.482974 0.158639 0.861144
-1.192555 -83.459253 -178.844707 -10129.755323 0.855636 0.247587 0.454520 -0.074815 -0.809780 0.581944 -0.512143 0.531936 0.674354
-4.192154 -85.181017 480.263552 -8092.500774 0.884281 0.206550 0.418789 -0.061152 -0.837903 0.542383 -0.462934 0.505229 0.728310
0.968446 -85.957691 -316.513146 1549.330974 0.778066 0.347097 0.523580 0.047795 0.798359 -0.600282 -0.626361 0.492083 0.604587
-1.058751 -83.460615 191.332734 1749.695670 0.794249 0.328646 0.511039 0.083599 0.773979 -0.627668 -0.601814 0.541247 0.587257
0.700786 -83.035304 -276.574129 -3004.516761 0.782500 0.357968 0.509463 -0.158514 -0.676731 0.718963 -0.602135 0.643346 0.472799
-5.341630 -28.581718 -907.352686 105.558541 0.736037 0.660097 0.150073 -0.201221 0.001671 0.979544 -0.646343 0.751179 -0.134055
-6.267508 -28.822590 159.003812 -35.756951 0.770141 0.617847 0.158581 -0.209250 0.009856 0.977812 -0.602575 0.786237 -0.136876
-5.376953 -28.389340 -625.096292 -195.146669 0.745342 0.648099 0.156311 -0.296049 0.111677 0.948622 -0.597345 0.753323 -0.275106
-6.373343 -28.245041 -94.351649 201.293795 0.761029 0.631438 0.148733 -0.113265 -0.096416 0.988876 -0.638754 0.769409 0.001855
-1.161108 -28.152831 -1422.530735 64.627970 0.710896 0.685922 0.155362 -0.247892 0.037652 0.968056 -0.658161 0.726700 -0.196801
-4.742034 -27.879878 -1174.728289 185.557568 0.727620 0.669897 0.147672 -0.110914 -0.097550 0.989031 -0.676954 0.736018 -0.003322
-0.612440 -27.959535 -1566.289952 247.755058 0.706692 0.691685 0.148855 -0.149838 -0.059305 0.986930 -0.691473 0.719760 -0.061731
3.671009 -34.764724 353.519754 2108.140867 0.653263 -0.569726 0.498659 0.098288 0.716856 0.690259 -0.750725 -0.401908 0.524292
-1.946479 -27.522611 -396.065272 1692.679213 0.638347 -0.614011 0.464224 0.236876 0.730514 0.640499 -0.732395 -0.298897 0.611766
-4.338870 -27.563255 538.292862 1162.905605 0.677118 -0.489829 0.549161 0.141619 0.819062 0.555951 -0.722118 -0.298673 0.623971
0.633513 -30.208257 376.568339 1317.857468 -0.607962 0.696566 -0.381021 0.254820 0.625695 0.737274 -0.751963 -0.351143 0.557898
-3.538056 -30.342084 807.644550 1225.636154 0.682216 -0.407530 0.607042 0.040453 0.850023 0.525190 -0.730030 -0.333737 0.596385
5.557169 -37.487843 1931.898777 2111.318928 0.705339 -0.450803 0.547060 -0.022575 0.757058 0.652958 -0.708511 -0.472906 0.523805
26.689991 -44.839281 1863.468125 2599.641487 0.657212 -0.545893 0.519686 -0.067761 0.643920 0.762086 -0.750653 -0.536067 0.386202
14.528709 -38.259368 -211.235872 1728.940327 -0.619460 0.660883 -0.423678 0.090435 0.596182 0.797740 -0.779802 -0.455853 0.429078
-16.200670 -27.840778 -2342.432543 -602.849549 0.806541 0.466111 -0.363637 -0.533342 0.839047 -0.107452 -0.255024 -0.280607 -0.925323
-23.183947 -29.721412 -2265.790550 -862.339472 0.899449 0.332937 -0.283098 -0.382729 0.912806 -0.142490 -0.210974 -0.236512 -0.948447
-18.090697 -25.869265 -2229.938577 -394.535438 0.728855 0.582836 -0.359266 -0.661837 0.734137 -0.151703 -0.175333 -0.348345 -0.920822
-11.680298 -24.141352 -1877.126257 -317.946648 0.707777 0.580063 -0.403210 -0.676570 0.720799 -0.150671 -0.203235 -0.379441 -0.902618
-1.075737 -23.270135 -395.174639 -467.771503 0.688054 0.655248 0.311820 -0.634778 0.335264 0.696171 -0.351623 0.676940 -0.646617
0.283195 -22.947767 -186.635245 -530.357392 0.714985 0.638241 0.285385 -0.608804 0.367679 0.702972 -0.343736 0.676358 -0.651449
0.240274 -25.645802 -416.229363 -273.844131 0.694356 0.651314 0.306039 -0.581379 0.257075 0.771953 -0.424109 0.713935 -0.557162
-494.762249 -2178.336852 120571.643713 -458502.678360 -0.042695 -0.368824 0.928518 0.598181 0.734942 0.319437 -0.800223 0.569060 0.189245
-738.902877 -2714.836623 238776.178295 1140329.473308 -0.362825 -0.283495 0.887687 0.825107 0.344982 0.447422 -0.433078 0.894772 0.108745
-892.123633 -3444.519224 246249.891091 -1892982.250780 -0.220031 -0.075657 0.972554 0.528255 0.828910 0.183996 -0.820081 0.554242 -0.142420
-4.252682 -28.384657 -2135.763809 -450.399274 -0.667624 -0.483384 -0.566231 0.268400 0.553139 -0.788669 0.694434 -0.678511 -0.239549
3.941643 -24.502516 2040.181819 -509.979873 0.630758 0.386240 0.673025 0.416165 0.563661 -0.713508 0.654943 -0.730140 -0.194794
-3.207705 -28.222991 2598.420609 -1948.548019 0.679391 0.545604 0.490657 0.261897 0.444331 -0.856726 0.685447 -0.710554 -0.158982
-9.379926 -35.532633 1680.809622 -2362.007920 0.698496 0.684018 0.210292 -0.048923 0.338819 -0.939579 0.713940 -0.646004 -0.270128
-11.361687 -28.199783 1417.162962 616.577513 0.697906 0.623018 0.353237 0.019040 0.476902 -0.878750 0.715936 -0.620011 -0.320970
-21.185786 -46.667023 787.520548 -3852.948817 0.657646 0.753229 -0.012152 0.245627 -0.229651 -0.941769 0.712158 -0.616366 0.336042
-30.294818 -42.302211 265.553672 -835.049561 0.782050 0.556541 -0.280462 -0.082001 -0.354220 -0.931560 0.617797 -0.751525 0.231381
-26.144526 -44.052852 333.678144 -638.236905 0.739916 0.670390 -0.055691 0.043548 -0.130349 -0.990511 0.671288 -0.730470 0.125642
-25.647215 -37.890171 86.337105 -1510.796974 0.787680 0.318791 -0.527193 -0.265182 -0.596952 -0.757183 0.556093 -0.736220 0.385670
-33.757901 -39.495511 -1322.365405 962.136163 0.797544 0.486405 -0.356839 -0.404647 -0.007371 -0.914443 0.447420 -0.873702 -0.190943
-34.689621 -38.556308 -1112.445670 -574.724149 0.622384 0.514057 -0.590240 0.689457 -0.003081 0.724320 0.370523 -0.857751 -0.356337
-31.537142 -36.901477 277.455124 738.149784 0.645402 0.624874 -0.439306 -0.634537 0.118432 -0.763765 0.425229 -0.771691 -0.472942
-21.803281 -35.749565 -40.968322 245.089980 -0.296823 0.903275 0.309823 0.690435 -0.021135 0.723085 -0.659693 -0.428541 0.617380
1.721100 -10.107538 -80.365202 -360.095826 0.276633 0.718268 -0.638408 0.959497 -0.169611 0.224938 0.053284 -0.674776 -0.736097
2.413813 -11.946499 -215.025889 -745.964025 0.206738 0.734478 -0.646376 0.976187 -0.110475 0.186694 0.065714 -0.669580 -0.739827
0.153717 -5.518469 54.330240 -1131.851591 0.170972 0.744577 -0.645270 0.985156 -0.118960 0.123760 0.015387 -0.656851 -0.753863
1.798756 -9.596614 -450.950662 -649.263204 -0.013887 0.751787 -0.659260 0.999147 0.036085 0.020102 0.038902 -0.658418 -0.751646
2.045446 -5.848471 -950.158013 -142.292228 -0.440679 0.667395 -0.600321 0.897664 0.326526 -0.295940 -0.001489 -0.669301 -0.742990
0.665330 -26.017750 2042.677594 605.652491 0.801436 0.404955 0.440127 0.591658 -0.429264 -0.682403 0.087411 -0.807307 0.583622
2.790289 -24.776377 -1433.771566 546.103133 0.788203 0.373233 0.489318 0.614315 -0.429665 -0.661819 0.036770 -0.822244 0.567947
2.502579 -24.141387 -759.554442 156.526765 0.749528 0.406082 0.522787 0.651478 -0.312430 -0.691350 0.117410 -0.858770 0.498728
12.914728 -23.605797 -5860.305973 355.822141 0.756011 0.362113 0.545271 0.654540 -0.424405 -0.625666 -0.004854 -0.829912 0.557873
10.380030 -23.178960 -4804.357920 35.391153 0.742488 0.380760 0.551119 0.665666 -0.327488 -0.670553 0.074835 -0.864739 0.496615
-2.237003 -25.437155 34.517842 -85.290025 0.689238 0.235465 -0.685206 -0.575423 -0.396781 -0.715160 0.440272 -0.887198 0.137985
-1.417763 -25.160219 -255.963437 -28.830246 0.664445 0.188687 -0.723125 -0.617174 -0.407109 -0.673319 0.421438 -0.893677 0.154049
-0.797308 -25.567493 128.514656 42.951838 0.688060 0.252027 -0.680482 -0.484348 -0.538783 -0.689289 0.540352 -0.803862 0.248647
-3.481161 -26.349416 -132.768997 -256.506745 0.695405 0.211627 -0.686751 -0.648662 -0.226431 -0.726613 0.309273 -0.950759 0.020186
-3.533560 -27.313475 143.887324 -352.789803 0.725071 0.260861 -0.637357 -0.601857 -0.209799 -0.770553 0.334724 -0.942303 -0.004882
-1.733416 -26.077736 216.019456 -136.656730 0.708889 0.278146 -0.648160 -0.541233 -0.374736 -0.752755 0.452265 -0.884425 0.115104
16.758199 -47.167707 -215.304735 -1538.154879 0.816961 0.358193 -0.451965 -0.316280 0.933631 0.168225 0.482226 0.005515 0.876029
20.210764 -49.138171 -344.922953 -999.045109 0.823186 0.425118 -0.376351 -0.450151 0.892638 0.023697 0.346020 0.149908 0.926174
14.265140 -53.263235 -220.345720 -405.689636 0.792828 0.549327 -0.263938 -0.514259 0.835413 0.193968 0.327049 -0.018051 0.944835
-3.120120 -52.087417 90.221064 -208.163779 0.639314 0.687514 -0.344387 -0.495064 0.710713 0.499799 0.588379 -0.149035 0.794732
-8.264658 -50.346203 108.843049 -388.832405 -0.640478 -0.756092 0.134586 0.753386 -0.584588 0.301109 -0.148988 0.294249 0.944045
-8.516243 -49.205363 -158.160844 -450.720027 -0.652642 -0.727780 0.210698 0.751835 -0.587638 0.299042 -0.093823 0.353577 0.930688
-8.488987 -47.744110 -158.899217 -960.701442 -0.646222 -0.731287 0.218212 0.721318 -0.491929 0.487552 -0.249195 0.472467 0.845386
6.179128 -41.618419 444.760485 908.137067 0.676088 0.031739 -0.736137 0.642336 -0.514856 0.567740 0.360985 0.856689 0.368475
2.955169 -38.080823 293.928817 1100.718203 0.648615 0.026903 -0.760641 0.600245 -0.632555 0.489469 0.467979 0.774048 0.426433
6.337141 -35.756626 623.694755 1989.267457 0.665857 0.021192 -0.745779 0.555598 -0.681227 0.476699 0.497942 0.731766 0.465374
-7.516377 -24.340698 -451.336200 -41.910503 -0.827405 0.118600 0.548940 0.165078 0.985628 0.035870 -0.536796 0.120296 -0.835092
-3.436901 -26.331244 -193.167590 305.911048 -0.865318 -0.040269 0.499603 -0.012352 0.998178 0.059061 -0.501071 0.044935 -0.864239
-0.033067 -69.696267 309.237828 3589.728896 -0.331855 0.793833 -0.509609 -0.782623 -0.533295 -0.321089 0.526663 -0.292277 -0.798248
0.221642 -81.800737 158.147551 6033.212514 -0.347361 0.780074 -0.520408 -0.664869 -0.596234 -0.449949 0.661279 -0.189709 -0.725756
0.345369 -82.775056 -71.023562 5448.725657 -0.352408 0.776193 -0.522812 -0.614992 -0.613166 -0.495795 0.705403 -0.146804 -0.693437
2.329308 -117.861147 -1189.068483 4817.490005 -0.496558 0.724040 -0.478744 0.783063 0.135711 -0.606956 -0.374490 -0.676275 -0.634357
4.672103 -54.670094 -2588.735653 696.058340 -0.086549 0.789296 -0.607882 -0.832202 -0.392715 -0.391428 0.547677 -0.472003 -0.690843
1.705121 -54.677519 1273.053300 1800.079049 -0.040776 0.857928 -0.512149 -0.857318 -0.293298 -0.423062 0.513169 -0.421824 -0.747477
3.033662 -48.226223 214.389825 -4301.983480 0.517406 -0.829296 0.211087 0.855402 0.494293 -0.154793 0.024030 0.260656 0.965133
2.457822 -60.999395 134.402986 -5521.313585 0.529706 -0.821014 0.212951 0.837060 0.465491 -0.287487 0.136904 0.330536 0.933811
1.995512 -50.166642 510.330157 -3751.328204 0.526312 -0.827319 0.196314 0.849349 0.500660 -0.167168 0.040015 0.254722 0.966186
-22.281561 -164.060393 5596.678725 26062.416732 -0.686272 0.681618 0.253826 0.008779 -0.341188 0.939954 -0.727292 -0.647293 -0.228164
-53.449280 -400.343146 -4938.511324 -87801.324232 0.722083 -0.688549 -0.067064 0.142266 0.242661 -0.959623 -0.677021 -0.683386 -0.273178
-44.133804 -503.629622 1417.307496 90054.850006 -0.691225 0.717729 0.084104 -0.319261 -0.407717 0.855476 -0.648290 -0.564475 -0.510967
17.672517 -11.520063 -2305.777918 672.046403 0.551225 0.653448 -0.518803 -0.150920 -0.533456 -0.832255 0.820594 -0.537057 0.195436
12.952603 -14.289305 -3267.307321 1048.890946 0.601958 0.638172 -0.479982 -0.109106 -0.529715 -0.841129 0.791039 -0.558693 0.249238
20.004154 -15.948109 -1682.204280 1314.604873 0.518953 0.703850 -0.485059 -0.103742 -0.511398 -0.853059 0.848484 -0.493018 0.192372
21.773917 12.338008 -2853.703566 3685.928161 -0.025296 -0.959610 0.280195 0.999570 -0.028441 -0.007164 0.014843 0.279893 0.959916
21.918979 2.417398 -1124.967960 4206.172955 -0.216193 -0.967235 0.133109 0.975419 -0.219925 -0.013830 0.042651 0.126847 0.991005
15.358691 -8.892642 -2014.067030 2498.877436 -0.309553 -0.928294 0.206026 0.950644 -0.306969 0.045222 0.021265 0.209856 0.977501
6.738865 -194.658921 859.925179 -51263.169444 0.755899 0.575976 -0.311236 0.042767 0.430939 0.901367 -0.653290 0.694653 -0.301114
1.685555 -33.227958 -333.630485 -314.198915 0.829736 0.484245 -0.277569 -0.492287 0.869272 0.044937 0.263044 0.099358 0.959654
8.544742 -41.129348 1665.173703 -2808.357980 0.766181 0.543728 -0.342530 0.600492 -0.795590 0.080286 0.228860 0.267200 0.936070
9.315779 -50.086739 798.995085 1928.473937 0.716846 0.639540 -0.277707 0.691067 -0.704567 0.161282 0.092517 0.307528 0.947031
22.045913 -2.809401 -344.269446 724.720159 0.681547 -0.621046 0.387035 0.571492 0.782062 0.248550 -0.457046 0.051789 0.887934
-15.409813 -24.994417 44.193215 828.010344 0.898339 0.179026 -0.401169 -0.303470 0.913180 -0.272045 -0.317637 -0.366131 -0.874674
-19.215154 -30.503462 230.233292 -2490.354433 0.584191 0.643965 -0.493994 0.753129 -0.656983 0.034206 -0.302518 -0.392024 -0.868792
-20.513003 -28.985997 -766.976083 800.019146 0.854673 0.253856 -0.452869 -0.428708 0.837087 -0.339846 -0.292819 -0.484606 -0.824266
-10.121856 -25.977196 -982.707929 1900.688593 -0.667310 -0.610398 0.426745 -0.666877 0.744826 0.022557 -0.331620 -0.269534 -0.904091
-15.691689 -27.650768 444.979646 428.772078 0.937677 -0.048649 -0.344085 -0.127507 0.872927 -0.470893 -0.323270 -0.485419 -0.812321
-9.721297 -22.003303 -783.850958 403.820337 -0.838836 -0.356296 0.411592 -0.427792 0.899016 -0.093614 -0.336673 -0.254603 -0.906548
-13.193246 -24.400049 -1335.612984 500.821437 -0.932523 0.013945 0.360842 -0.099278 0.950848 -0.293311 -0.347196 -0.309343 -0.885303
-13.496359 -26.644442 938.959897 566.696138 0.941878 -0.112534 -0.316546 -0.032565 0.907210 -0.419415 -0.334372 -0.405347 -0.850817
42.438674 -65.155949 -2977.627515 668.807224 -0.019709 0.989884 0.140502 0.111558 -0.137474 0.984203 -0.993563 -0.035071 0.107720
28.985375 -68.332906 -3814.034674 610.769021 -0.152346 0.961669 0.227999 0.017229 -0.228073 0.973492 -0.988177 -0.152235 -0.018178
28.272711 -61.649557 -1595.949961 -1104.073460 -0.035941 0.980051 0.195469 -0.165751 -0.198732 0.965936 -0.985512 -0.002318 -0.169587
18.608979 -67.542509 -2112.334569 -2621.078613 -0.173959 0.942362 0.285817 -0.193440 -0.317288 0.928391 -0.965567 -0.106213 -0.237485
13.181490 -35.546969 -742.583501 4699.934261 0.933010 0.304132 -0.192346 -0.197825 0.879992 0.431832 -0.300597 0.364853 -0.881206
10.576940 -41.456902 -427.655833 3387.166412 0.916792 0.356289 -0.180418 -0.264710 0.880397 0.393485 -0.299033 0.312985 -0.901454
10.663500 -39.017945 246.975338 2293.745830 -0.893688 -0.392706 0.217033 -0.283651 0.869265 0.404872 -0.347655 0.300267 -0.888243
10.144854 -24.178983 1862.730077 -321.035732 0.643924 0.677532 0.355405 0.081010 -0.522294 0.848909 -0.760788 0.517842 0.391204
9.447157 -24.681110 1721.225484 -298.831051 0.647830 0.674061 0.354905 0.164177 -0.578478 0.799005 -0.743883 0.459352 0.485421
14.095839 -24.140743 1683.571471 -272.938174 0.616977 0.691929 0.374933 0.164385 -0.579218 0.798426 -0.769621 0.430977 0.471107
13.230074 -24.664849 1539.742049 -43.167862 0.623722 0.684282 0.377796 0.245344 -0.630295 0.736570 -0.742144 0.366725 0.561013
9.013482 -25.146321 1535.406829 8.129632 0.651093 0.673186 0.350570 0.250216 -0.626440 0.738218 -0.716568 0.392930 0.576312
-1.090289 -30.508133 129.411467 -678.591634 0.927315 0.231389 0.294188 -0.219543 -0.300314 0.928231 -0.303131 0.925349 0.227686
7.659159 -50.963105 -309.822607 2503.545711 0.799646 0.410301 0.438428 -0.216260 0.877928 -0.427171 -0.560177 0.246771 0.790763
7.959868 -52.284110 -372.335220 3377.471746 0.763765 0.433547 0.478226 -0.197887 0.862458 -0.465840 -0.614413 0.261158 0.744509
8.242983 -46.050168 -285.266231 2910.410479 0.799788 0.403622 0.444329 -0.093243 0.814747 -0.572270 -0.592997 0.416264 0.689260
7.631340 -54.113364 -476.398204 -27.161075 0.758368 0.438671 0.482127 -0.341796 0.897432 -0.278910 -0.555026 0.046728 0.830520
8.266718 -46.450600 271.592583 2840.860381 0.844124 0.365967 0.391820 -0.100852 0.826144 -0.554360 -0.526577 0.428433 0.734277
7.630032 -48.988992 373.801011 1860.726112 0.844721 0.382027 0.374836 -0.224655 0.888764 -0.399536 -0.485774 0.253288 0.836582
6.987282 -50.192589 -279.003828 -1367.972378 0.794226 0.426391 0.432892 -0.357487 0.903990 -0.234533 -0.491333 0.031519 0.870401
-4.307316 -49.808076 162.458523 243.541092 0.862474 0.345763 0.369576 -0.227391 -0.387640 0.893324 -0.452141 0.854508 0.255706
-3.792871 -51.512370 148.803009 634.918369 0.855466 0.338532 0.391884 -0.341855 -0.199257 0.918385 -0.388989 0.919615 0.054729
-3.945938 -54.734910 142.362798 1273.638599 0.826745 0.357910 0.434043 -0.464470 -0.001076 0.885588 -0.317428 0.933756 -0.165348
-6.655361 -45.677380 -99.736094 -855.819521 0.737567 0.391625 0.550114 -0.431407 0.900004 -0.062302 -0.519503 -0.191371 0.832762
-7.323593 -48.195658 -33.430502 -694.113122 0.763019 0.403435 0.505016 -0.327764 0.914897 -0.235658 -0.557110 0.014285 0.830316
