14832
29650
-25.312800 -39.020914 -913.874643 -2999.761405 -0.116739 0.845755 -0.520644 0.929306 -0.091921 -0.357689 -0.350376 -0.525594 -0.775234
-30.331708 -42.824058 -17.030680 -2538.047598 -0.122456 0.878959 -0.460907 0.951730 -0.027699 -0.305683 -0.281450 -0.476092 -0.833140
-27.277303 -49.458088 -536.339521 -2897.823188 0.088608 0.837128 -0.539782 0.980422 -0.168968 -0.101106 -0.175844 -0.520256 -0.835711
-27.606972 -37.425538 117.886777 -1377.103910 -0.554493 0.813885 -0.173578 0.762871 0.413785 -0.496800 -0.332514 -0.407889 -0.850330
-15.110389 -52.050273 -2122.360953 -4840.257089 -0.020667 0.774022 -0.632822 0.945553 -0.190504 -0.263891 -0.324812 -0.603820 -0.727941
-21.628637 -34.826115 -1522.856585 -2981.856109 -0.140997 0.802643 -0.579555 0.892885 -0.149770 -0.424647 -0.427640 -0.577351 -0.695551
-24.056266 -30.310803 123.271459 -1241.087744 0.644881 -0.751946 0.136772 0.636006 0.428745 -0.641619 -0.423822 -0.500755 -0.754731
-26.700425 -39.070365 -370.463346 28.756230 -0.360645 -0.148671 0.920778 0.745402 0.547458 0.380348 -0.560634 0.823521 -0.086619
-27.240999 -38.478862 -320.923766 -709.912365 -0.353589 -0.246516 0.902333 0.623300 0.657190 0.423790 -0.697475 0.712272 -0.078722
-29.269131 -39.241096 -392.008661 -62.819646 -0.346679 -0.323453 0.880450 0.720441 0.509261 0.470763 -0.600649 0.797516 0.056479
-28.133327 -38.118128 -496.516456 687.300299 -0.348881 -0.194110 0.916844 0.824668 0.401161 0.398738 -0.445201 0.895205 0.020119
-25.929433 -38.305151 -390.977067 824.424106 -0.350831 -0.032309 0.935881 0.850197 0.407937 0.332794 -0.392533 0.912438 -0.115648
16.470244 -52.441917 -593.222553 -1180.524442 0.864975 -0.495258 0.080850 0.339150 0.458207 -0.821598 -0.369857 -0.738082 -0.564305
16.655436 -47.972588 -358.514035 51.932354 0.839091 -0.542267 0.043277 0.350413 0.477938 -0.805473 -0.416097 -0.691030 -0.591051
14.796620 -44.144876 -56.972053 -2689.360798 0.853516 -0.513463 0.088694 0.287726 0.322509 -0.901777 -0.434425 -0.795200 -0.423003
17.459743 -50.290319 -1351.754794 -3304.423298 0.857116 -0.503239 0.110008 0.313090 0.339350 -0.887027 -0.409055 -0.794727 -0.448422
5.702121 -49.520487 848.831299 4946.868126 0.702522 0.531817 -0.472899 0.307814 0.372055 0.875686 -0.641649 0.760753 -0.097676
16.695555 -52.543298 2446.053413 6161.899073 0.656626 0.495490 -0.568622 0.337904 0.480760 0.809129 -0.674287 0.723435 -0.148251
15.756217 -61.357450 -2085.675552 3179.131827 -0.691948 -0.515221 0.505723 0.170176 0.564358 0.807799 -0.701604 0.645017 -0.302828
7.599591 -59.298527 908.692868 3818.048885 0.734482 0.544216 -0.405419 0.151766 0.450555 0.879754 -0.661440 0.707693 -0.248331
-2.259995 -29.279616 -294.612939 -284.005906 -0.136872 0.647710 -0.749492 0.379507 0.733171 0.564300 0.915008 -0.207200 -0.346162
-2.489373 -28.684964 -368.803930 -67.824427 -0.133868 0.650209 -0.747869 0.503570 0.694600 0.513759 0.853520 -0.307828 -0.420410
-3.648811 -29.651134 -150.439495 -313.800242 -0.157078 0.659585 -0.735034 0.415851 0.719248 0.556551 0.895765 -0.218242 -0.387268
-3.596583 -30.737938 -194.799590 -243.394242 -0.162833 0.637970 -0.752649 0.261938 0.763408 0.590421 0.951249 -0.101007 -0.291417
4.710628 -60.844782 -211.961983 3147.115664 0.225652 -0.529801 0.817552 0.126476 0.848026 0.514641 -0.965963 -0.012729 0.258366
5.352498 -54.950274 -220.064524 2338.408960 0.206757 -0.562027 0.800861 0.315556 0.813111 0.489157 -0.926108 0.151579 0.345467
5.262161 -56.953252 78.834859 4125.978870 0.263306 -0.545201 0.795880 0.185783 0.838207 0.512732 -0.946654 0.012856 0.321994
-0.191930 -53.189923 -35.149220 3246.792882 -0.274802 0.647471 -0.710820 0.894346 0.443564 0.058280 0.353028 -0.619704 -0.700955
-1.112447 -63.957190 -75.991836 3465.413193 -0.280990 0.648063 -0.707855 0.949224 0.296410 -0.105430 0.141490 -0.701538 -0.698445
0.071913 -53.031814 1.330220 2956.442136 -0.254985 0.657219 -0.709257 0.898954 0.431314 0.076485 0.356180 -0.618087 -0.700788
0.273861 -44.587568 -10.377768 1382.869880 -0.269028 0.645624 -0.714698 0.816803 0.546146 0.185900 0.510350 -0.533755 -0.674276
1.511424 -53.102071 239.473603 2592.055970 -0.237691 0.669200 -0.704042 0.904576 0.416580 0.090571 0.353899 -0.615332 -0.704360
0.848854 -45.709027 62.528869 1129.296091 -0.256834 0.652178 -0.713232 0.819110 0.538565 0.197502 0.512928 -0.533490 -0.672527
-0.752578 -39.831006 -146.293688 974.669198 -0.191248 0.548497 -0.813987 0.563743 0.740253 0.366359 0.803503 -0.388814 -0.450784
-0.368069 -43.793911 -150.591775 567.915565 -0.214867 0.528214 -0.821476 0.715703 0.657480 0.235563 0.664531 -0.537318 -0.519314
-1.279700 -39.226078 -92.543261 774.141442 -0.206844 0.540939 -0.815230 0.592193 0.732498 0.335789 0.778796 -0.413318 -0.471853
0.108343 -45.179102 -169.410828 936.725749 -0.196883 0.537759 -0.819788 0.688359 0.671225 0.274988 0.698139 -0.510168 -0.502324
-1.082942 -35.385627 1.483770 865.619720 -0.196387 0.565361 -0.801124 0.434970 0.782475 0.445572 0.878768 -0.260961 -0.399583
-0.914726 -35.510853 -111.976693 1009.245544 -0.180782 0.562026 -0.807121 0.403142 0.790880 0.460419 0.897103 -0.242149 -0.369553
-0.556284 -40.100227 -152.577885 1319.053603 -0.170975 0.558886 -0.811427 0.532700 0.745242 0.401055 0.828854 -0.363677 -0.425136
84.692713 -27.500715 81470.308509 -8972.406508 -0.334386 0.514165 -0.789823 -0.204096 0.778670 0.593312 0.920071 0.359595 -0.155437
1266.243466 -65.437123 1252383.320515 -18424.024976 -0.355736 0.600675 -0.715990 -0.160894 0.715304 0.680039 0.920633 0.357113 -0.157814
-9.986852 -197.147547 1536.230541 -142346.457068 0.146072 -0.376252 -0.914930 -0.281513 0.870805 -0.403051 0.948374 0.316439 0.021281
-1.723328 -27.497031 -56.235743 1248.279720 -0.229010 0.761247 -0.606677 -0.464941 0.462012 0.755231 -0.855210 -0.455025 -0.248129
-2.590858 -25.198693 383.712084 227.993032 -0.183619 0.749339 -0.636220 -0.478943 0.497006 0.723601 -0.858427 -0.437580 -0.267630
-0.619267 -24.391121 221.479041 142.003662 -0.182633 0.754323 -0.630589 -0.396331 0.530472 0.749347 -0.899759 -0.386778 -0.202080
10.010777 -12.009131 1290.570583 1460.208321 -0.358744 0.782958 -0.508212 0.882210 0.462282 0.089450 0.304973 -0.416260 -0.856574
3.213992 -12.986742 3197.075685 1492.714037 -0.385438 0.799873 -0.460043 0.883348 0.463963 0.066592 0.266708 -0.380712 -0.885396
5.993185 -15.162531 1914.126155 1399.466390 -0.401300 0.776111 -0.486426 0.884626 0.466095 0.013857 0.237475 -0.424744 -0.873612
-4.267767 -104.562851 -156.147562 -8896.532347 -0.847069 -0.525934 0.076604 -0.503085 0.839919 0.203572 -0.171406 0.133901 -0.976059
-6.099736 -101.660227 -446.820443 -14734.332851 -0.849302 -0.525397 0.051416 -0.524755 0.850845 0.026381 -0.057607 -0.004575 -0.998329
-3.686741 -87.258910 -240.856731 -6849.767192 0.847926 0.523806 -0.081538 -0.527275 0.849246 -0.027595 -0.054792 -0.066392 -0.996288
6.047516 -51.589021 2723.961768 -5460.968063 0.926221 0.371038 -0.066678 0.274821 -0.543500 0.793146 -0.258048 0.752953 0.605370
8.145676 -44.607689 3002.304027 -1145.928083 0.908064 0.399662 -0.125258 0.300100 -0.412247 0.860228 -0.292163 0.818732 0.494286
0.213970 -53.352474 1210.404119 -3621.200678 0.911011 0.404035 -0.082556 0.292874 -0.492966 0.819274 -0.290318 0.770546 0.567428
-1.262958 -61.626467 564.502326 -3928.619258 0.926039 0.377283 -0.010457 0.276925 -0.660363 0.698021 -0.256446 0.649291 0.716001
-2.184009 -60.383819 155.521085 -701.300159 0.904051 0.421068 -0.073442 0.280259 -0.454230 0.845654 -0.322718 0.785097 0.528655
-2.758495 -62.368446 -143.574145 -2474.993988 0.913943 0.405426 -0.018359 0.290803 -0.622653 0.726455 -0.283093 0.669278 0.686969
28.390121 -15.996814 1055.599336 -1562.996614 -0.654254 0.735686 -0.175264 -0.170323 0.082458 0.981932 -0.736846 -0.672284 -0.071356
21.261863 -14.947551 2637.615220 -1192.397958 -0.593774 0.787025 -0.167406 -0.159748 0.088606 0.983173 -0.788615 -0.610525 -0.073113
24.362844 -20.045995 1541.736673 -1600.682208 -0.621132 0.750573 -0.225468 -0.155747 0.163736 0.974132 -0.768074 -0.640180 -0.015198
1.522959 -488.555019 -2706.128491 65804.576318 0.861844 0.504563 -0.051392 -0.331244 0.636722 0.696321 -0.384060 0.583097 -0.715888
2.388518 -388.501630 -845.924416 29899.661827 0.872084 0.488823 -0.022829 -0.464173 0.841078 0.277726 -0.154960 0.231604 -0.960389
6.408002 -338.432220 2611.721122 -16770.350121 0.857301 0.514711 0.010368 -0.410092 0.670597 0.618162 -0.311222 0.534203 -0.785982
2.836710 -254.537691 779.280399 5198.556978 0.873150 0.487223 -0.014906 -0.439236 0.799677 0.409377 -0.211378 0.350900 -0.912244
0.542452 -459.927870 -690.342883 37765.888545 0.852761 0.522298 -0.001743 -0.224720 0.369912 0.901480 -0.471487 0.768355 -0.432817
4.611440 -266.755301 -1926.843295 18405.786916 0.819280 0.573392 -0.001266 -0.184826 0.266174 0.946039 -0.542788 0.774837 -0.324049
4.119506 -227.574492 -775.640334 11069.122622 0.843417 0.537128 -0.011900 -0.349237 0.564947 0.747575 -0.408266 0.626361 -0.664071
32.606854 -683.782469 -15052.825984 137659.539318 0.940028 0.326092 -0.100057 0.150932 -0.660713 -0.735308 0.305887 -0.676108 0.670306
210.268145 -2330.759501 23508.346555 1115772.824241 0.612677 -0.119146 -0.781301 0.712038 -0.345785 0.611094 -0.342971 -0.930719 -0.127018
-531.298793 -10020.788451 -620470.924042 -1450754.665336 0.936724 -0.337105 -0.094383 -0.279817 -0.559002 -0.780525 -0.210359 -0.757546 0.617958
15.908864 -222.529606 46483.959989 27934.902820 -0.563272 -0.780350 -0.271623 0.728646 -0.314106 -0.608616 0.389615 -0.540733 0.745525
5.051935 -24.825227 -115.862908 604.650534 -0.271563 0.730127 -0.627031 0.788281 -0.205037 -0.580149 -0.552147 -0.651824 -0.519865
6.588150 -26.689422 -645.326291 326.049666 -0.259934 0.730207 -0.631848 0.742623 -0.267072 -0.614153 -0.617208 -0.628864 -0.472847
5.261041 -26.974139 121.596109 325.590081 -0.277276 0.729292 -0.625501 0.725712 -0.267677 -0.633792 -0.629651 -0.629669 -0.455035
6.326040 -43.470464 809.233746 1965.478576 0.808752 0.569722 0.146074 -0.091946 -0.122837 0.988158 -0.580919 0.812606 0.046961
8.220393 -37.187672 16.673601 1938.973682 0.782396 0.588918 0.202566 -0.055297 -0.258284 0.964485 -0.620322 0.765810 0.169515
5.697984 -44.311279 92.204176 1951.466878 0.783267 0.584059 0.213000 -0.159845 -0.141897 0.976890 -0.600785 0.799213 0.017784
0.529812 -51.975041 263.804716 2422.372128 0.807162 0.572993 0.142014 -0.189477 0.023626 0.981601 -0.559095 0.819220 -0.127639
-0.044708 -30.362119 -120.665806 1244.483861 0.723498 0.556311 -0.408742 0.405497 0.136706 0.903816 -0.558680 0.819652 0.126676
1.703192 -37.931999 264.242514 3186.472869 0.719546 0.541725 -0.434497 0.367956 0.233216 0.900121 -0.588950 0.807555 0.031522
-1.273350 -36.652457 375.082922 2504.131048 0.741809 0.549684 -0.384145 0.364599 0.150188 0.918973 -0.562839 0.821761 0.089003
24.408162 -55.590145 -1104.289207 -1840.927810 -0.203730 0.553221 -0.807738 0.894493 0.440553 0.076124 0.397965 -0.707008 -0.584606
26.852316 -66.017254 2572.538761 -3530.678613 -0.160220 0.530748 -0.832248 0.898946 0.426711 0.099065 0.407707 -0.732274 -0.545482
28.547566 -61.005953 312.576511 1076.803514 -0.242038 0.516680 -0.821255 0.765612 0.621658 0.165468 0.596034 -0.588713 -0.546041
35.779049 -51.828137 -3535.650605 -1884.412102 -0.297697 0.548003 -0.781709 0.800400 0.589567 0.108491 0.520324 -0.593383 -0.614134
-2.833488 -3.923584 -93.968663 -474.558579 0.780386 0.596602 -0.187254 0.413667 -0.268005 0.870088 -0.468911 0.756465 0.455941
-1.799581 -4.615459 -180.999307 -417.113511 0.704930 0.644254 -0.296666 0.513216 -0.174605 0.840311 -0.489575 0.744614 0.453726
-2.249931 -5.888395 -98.730299 -499.436419 0.851909 0.523622 0.008443 0.244460 -0.411879 0.877836 -0.463132 0.745772 0.478888
-1.779515 -3.498789 -174.944773 -138.648664 -0.388101 -0.641602 0.661608 0.777676 0.157250 0.608681 -0.494569 0.750746 0.437929
-3.083361 -4.420553 87.086826 -456.635362 0.884533 0.289358 0.365888 -0.145591 -0.573934 0.805855 -0.443177 0.766075 0.465536
-2.166104 -3.511053 -349.930149 -51.408847 -0.095664 -0.542987 0.834274 0.875606 0.352738 0.329983 -0.473457 0.762063 0.441699
-2.453987 -3.660830 -436.393478 -22.985696 0.243772 -0.379262 0.892601 0.860575 0.508978 -0.018764 -0.447198 0.772724 0.450458
42.625844 -54.231740 21575.148868 9393.141192 0.718413 0.325079 -0.614984 0.111669 0.818724 0.563224 0.686595 -0.473302 0.551881
-132.137891 -200.979752 69422.260301 -56693.379057 0.570465 0.753607 -0.326568 0.272770 -0.548882 -0.790142 0.774704 -0.361670 0.518679
183.501777 -296.103829 215411.847659 -20340.966555 0.305185 0.903368 -0.301310 -0.054298 -0.299383 -0.952587 0.950744 -0.307076 0.042316
-29.493851 -206.639892 -18246.925898 41139.411057 0.444671 -0.784090 -0.432979 0.895539 0.380194 0.231220 -0.016681 -0.490566 0.871244
42.548646 -70.102419 14204.282857 -6486.101066 0.686812 -0.419400 -0.593627 -0.637637 -0.739685 -0.215140 0.348868 -0.526279 0.775449
5.405898 -24.173865 8059.341086 -6026.067658 0.512253 -0.341429 -0.788050 0.683892 0.717207 0.133811 0.519508 -0.607487 0.600892
-29.743613 -684.523115 8.176020 25514.686763 -0.108197 0.939593 0.324745 0.576472 -0.206835 0.790506 -0.809922 -0.272736 0.519270
-5.177722 -1208.946637 12399.692468 -288982.532463 -0.047302 0.983900 0.172346 0.330625 -0.147391 0.932182 -0.942576 -0.101076 0.318330
-26.970548 -756.092399 -5284.391711 -110272.007300 -0.099255 0.853665 0.511277 -0.136606 -0.520639 0.842777 -0.985641 -0.013806 -0.168292
12.379654 -1066.378285 -46.827386 231830.234526 0.033444 -0.973335 -0.226937 0.999302 0.028783 0.023818 -0.016651 -0.227575 0.973618
13.491950 -280.438805 -2485.342893 44253.195481 0.054164 0.955024 0.291539 0.937037 0.052265 -0.345298 0.345005 -0.291886 0.892062
11.898813 -689.651064 366.819866 140200.961191 -0.032853 -0.960735 -0.275515 0.969482 0.036376 -0.242451 0.242953 -0.275072 0.930220
-4.190430 -12.208922 2322.070158 554.853195 0.147744 0.925980 -0.347466 0.920459 -0.000204 0.390840 0.361839 -0.377572 -0.852357
-5.929047 -12.435968 3124.061621 630.020674 -0.116535 0.900787 -0.418332 0.936437 0.239993 0.255909 0.330916 -0.361919 -0.871498
1.081161 -11.740882 2890.049449 -968.162420 -0.158596 0.888076 -0.431473 0.935138 0.275327 0.222962 0.316803 -0.368126 -0.874139
-7.780251 -13.516573 1321.011023 1699.022530 0.151698 0.919156 -0.363510 0.915022 0.008489 0.403315 0.373795 -0.393802 -0.839760
-2.631737 -14.518416 847.993115 -1487.681454 -0.057744 0.890391 -0.451519 0.932656 0.209444 0.293745 0.356116 -0.404150 -0.842523
-6.941098 -13.629197 645.754433 846.517026 0.173282 0.913840 -0.367245 0.907431 -0.003206 0.420189 0.382808 -0.406061 -0.829803
-4.059000 -26.087794 4310.721919 -1524.486362 0.808804 -0.242767 -0.535631 -0.002295 0.909505 -0.415686 0.588074 0.337437 0.735054
-15.227010 -21.453199 -433.075684 -2520.275485 0.773756 -0.494564 -0.395865 0.274966 0.825166 -0.493452 0.570698 0.272962 0.774465
-17.556599 -28.183890 -1339.340007 -1557.773999 0.784224 -0.563966 -0.258717 0.316500 0.722233 -0.614986 0.533685 0.400403 0.744888
-5.363565 -26.503052 4952.024179 506.729020 0.815968 -0.297993 -0.495375 0.007885 0.862564 -0.505887 0.578043 0.408881 0.706174
3.578375 -13.933384 558.883232 -1043.095059 -0.457653 0.698567 -0.550053 0.372630 0.712383 0.594691 0.807280 0.067196 -0.586331
1.358101 -13.755956 720.089792 -872.521126 -0.481224 0.659172 -0.577854 0.338329 0.747788 0.571267 0.808676 0.079402 -0.582871
2.669571 -10.325051 824.321213 -890.385933 -0.469521 0.694117 -0.545666 0.416228 0.719050 0.556526 0.778655 0.034179 -0.626521
4.619744 -9.807761 441.171947 -1030.667105 -0.451243 0.700765 -0.552547 0.426788 0.713233 0.556013 0.783729 0.015077 -0.620920
9.393164 -28.256387 -918.561660 441.594182 0.319202 -0.788765 0.525318 0.768365 -0.109067 -0.630650 0.554730 0.604941 0.571245
1.640651 -29.253284 -2853.103745 254.415355 0.376411 -0.761518 0.527641 0.791631 -0.031492 -0.610187 0.481285 0.647378 0.590988
-0.415817 -28.743911 -2802.593765 188.031299 0.401497 -0.761934 0.508190 0.712084 -0.089250 -0.696398 0.575965 0.641476 0.506727
9.688200 -29.742731 -1939.063592 372.354420 0.333101 -0.779479 0.530524 0.833506 -0.019620 -0.552162 0.440808 0.626120 0.643165
5.403838 -27.721820 -3587.619574 395.219289 0.381154 -0.741367 0.552355 0.688985 -0.170598 -0.704411 0.616458 0.649054 0.445767
12.222409 -27.108973 638.604246 509.141063 -0.308787 0.781180 -0.542594 0.689683 -0.208942 -0.693311 0.654971 0.588304 0.474248
2.515484 -34.583814 124.387605 -559.601571 0.096665 -0.921369 0.376476 0.923303 -0.058251 -0.379629 0.371709 0.384299 0.845072
1.401735 -36.236376 -224.197628 -232.333241 -0.073567 0.920925 -0.382733 0.815411 -0.165412 -0.554746 0.574189 0.352896 0.738764
1.152059 -33.739040 -208.035029 -510.625670 -0.119309 0.929784 -0.348235 0.902765 -0.044398 -0.427837 0.413256 0.365419 0.834079
2.648810 -31.287986 94.185237 -617.031605 0.150943 -0.926934 0.343524 0.961129 0.056340 -0.270292 0.231188 0.370970 0.899407
7.315102 -46.977810 -196.493290 -6194.643804 -0.313586 0.746889 -0.586363 0.835973 0.510016 0.202564 -0.450347 0.426663 0.784313
7.199192 -38.277181 495.833217 -6253.271949 -0.343857 0.724517 -0.597358 0.823065 0.538775 0.179683 -0.452025 0.429880 0.781586
9.103761 -30.133706 -128.465647 -4581.452101 -0.413151 0.681113 -0.604476 0.736209 0.640504 0.218520 -0.536006 0.354739 0.766066
8.499844 -38.970235 -256.857080 -5828.828498 -0.339151 0.718893 -0.606769 0.744120 0.599626 0.294507 -0.575554 0.351626 0.738307
6.645403 -53.735727 494.797159 -4694.728197 0.277619 -0.764799 0.581386 0.856774 0.470866 0.210292 -0.434586 0.439736 0.785982
-7.355921 -52.654041 140.077081 982.519782 -0.220864 0.839672 -0.496155 0.243793 0.540099 0.805517 -0.944343 -0.056951 0.323995
-8.143761 -52.953939 141.426907 1286.280299 -0.259650 0.850614 -0.457207 0.265323 0.518061 0.813152 -0.928540 -0.089828 0.360202
-8.552651 -49.138192 84.527702 766.519171 -0.261056 0.850798 -0.456063 0.413657 0.525465 0.743488 -0.872203 -0.005438 0.489114
-8.146798 -49.608406 -28.804370 1126.994288 -0.308179 0.854734 -0.417679 0.433013 0.516961 0.738411 -0.847069 -0.046702 0.529427
-8.349668 -46.738688 -64.933871 683.838865 -0.304966 0.857348 -0.414668 0.564168 0.513423 0.646615 -0.767275 0.036746 0.640265
-6.155995 -59.128819 -109.941393 -549.714231 0.194557 -0.743354 0.639978 0.946886 -0.027974 -0.320351 0.256038 0.668313 0.698429
-4.422125 -59.205487 -374.083266 -1361.853425 0.201204 -0.711353 0.673420 0.963128 0.018311 -0.268420 0.178611 0.702596 0.688808
-6.152757 -55.816439 -122.292068 -1609.907103 0.189386 -0.746969 0.637315 0.980067 0.104134 -0.169188 0.060012 0.656654 0.751801
-4.257345 -60.710521 -283.617211 -54.165432 0.204140 -0.716388 0.667170 0.894789 -0.139899 -0.424006 0.397089 0.683533 0.612457
-6.692483 -57.710136 -107.810155 -493.666742 0.200310 -0.766029 0.610799 0.945758 -0.011568 -0.324667 0.255770 0.642702 0.722161
-5.621387 -58.908794 -89.707462 694.831632 0.208879 -0.749290 0.628438 0.867778 -0.154293 -0.472394 0.450923 0.644017 0.617989
73.641487 -19.770769 10772.552714 185.896705 0.616277 0.034088 0.786791 0.581811 0.653608 -0.484038 0.530753 -0.756065 -0.382971
99.125499 -21.359661 964.646887 394.305917 0.732937 -0.282724 0.618765 0.630543 0.623764 -0.461881 0.255379 -0.728687 -0.635450
113.297159 -20.685998 21627.679574 84.791135 0.650016 0.048690 0.758359 0.621373 0.540433 -0.567299 0.437464 -0.839977 -0.321036
65.095573 -18.743381 2544.757566 455.635786 0.705815 -0.258520 0.659539 0.597420 0.717542 -0.358082 0.380676 -0.646762 -0.660898
71.135459 -20.344307 -23038.091195 231.180581 -0.529322 -0.275380 -0.802486 0.584235 0.567559 -0.580126 0.615213 -0.775914 -0.139535
38.445115 -18.867285 -7181.042623 454.850979 -0.559863 -0.161585 -0.812677 0.488750 0.727599 -0.481375 0.669086 -0.666700 -0.328381
48.633486 -16.829590 5116.852898 122.602085 0.628942 -0.037276 0.776558 0.541764 0.737410 -0.403384 0.557605 -0.674416 -0.483983
46.918529 -19.726609 12643.814960 -183.347986 0.545209 0.244976 0.801707 0.521875 0.649240 -0.553293 0.656044 -0.720051 -0.226125
2.914673 -30.089098 187.815048 357.928938 -0.318022 0.839543 -0.440488 0.809794 0.482155 0.334305 -0.493047 0.250388 0.833193
1.762927 -31.396612 180.653026 283.549643 -0.318049 0.832039 -0.454484 0.811190 0.486951 0.323805 -0.490730 0.265687 0.829816
3.198683 -28.799664 240.269607 153.994505 -0.278942 0.857990 -0.431329 0.890431 0.399288 0.218409 -0.359617 0.323145 0.875359
4.305028 -27.375361 239.672867 184.566482 -0.278049 0.868646 -0.410053 0.887805 0.395374 0.235546 -0.366730 0.298554 0.881121
3.919425 -28.930536 221.863622 359.033633 -0.313072 0.852643 -0.418314 0.807741 0.470719 0.354933 -0.499539 0.226770 0.836084
699.485039 -70.813474 171835.654647 -7768.127213 -0.584740 0.684613 -0.435182 -0.142398 0.441501 0.885889 -0.798625 -0.579984 0.160676
282.474650 -31.311005 54739.655974 -1746.496551 -0.610901 0.620260 -0.492014 -0.126533 0.536979 0.834052 -0.781530 -0.571779 0.249557
391.348897 -31.089172 97568.845431 -4217.096967 -0.649647 0.608562 -0.455644 -0.135849 0.496772 0.857183 -0.748000 -0.618765 0.240054
-5.852523 -72.363780 443.188457 1292.281773 0.971752 0.170329 0.163359 0.046099 -0.815845 0.576430 -0.231458 0.552616 0.800651
-6.022899 -68.514534 276.542159 1045.064297 0.961538 0.205830 0.181874 0.081834 -0.846756 0.525650 -0.262197 0.490549 0.831032
-5.177966 -67.423252 172.471597 2760.380170 0.968279 0.192941 0.158777 0.117098 -0.911714 0.393784 -0.220736 0.362700 0.905386
-5.678138 -71.653096 204.432040 3192.298986 0.975038 0.170412 0.142338 0.088511 -0.886230 0.454711 -0.203633 0.430762 0.879192
-5.327556 -65.797276 28.798029 3498.476514 0.972085 0.187657 0.140838 0.144233 -0.951387 0.272141 -0.185060 0.244230 0.951895
-1.355567 -64.833971 433.241706 -3087.882453 0.968429 0.173350 0.179148 -0.234258 0.878581 0.416194 0.085249 0.445022 -0.891453
-5.093754 -58.913015 256.348190 -1501.375366 0.979667 0.106761 0.169866 -0.151134 0.949535 0.274850 0.131951 0.294934 -0.946363
-2.950857 -67.319771 270.619028 -1780.420642 0.979373 0.130365 0.154379 -0.187254 0.872648 0.451023 0.075921 0.470628 -0.879059
-20.392369 -59.278739 525.754646 -1389.807228 0.970793 0.233750 0.054054 -0.229292 0.837627 0.495789 -0.070614 0.493702 -0.866759
-21.216850 -51.319888 764.089266 -2908.114629 0.945612 0.315142 0.080645 -0.325265 0.912561 0.247860 -0.004517 0.260610 -0.965434
-21.385986 -50.557014 -358.259188 -2616.590571 0.942837 0.332603 0.020822 -0.324754 0.902975 0.281374 -0.074784 0.272052 -0.959372
-18.587575 -60.106841 1109.194022 -2075.355141 0.967237 0.212022 0.139643 -0.252655 0.857793 0.447613 0.024881 0.468229 -0.883257
-16.827551 -64.474754 -227.531274 -9.054821 0.974901 0.212265 0.067168 -0.200479 0.705751 0.679503 -0.096831 0.675914 -0.730592
10.672669 -416.460049 -638.047298 -54444.194951 0.972933 0.203778 0.108978 -0.011208 0.512641 -0.858530 0.230816 -0.834071 -0.501049
21.393142 -371.862188 -3381.007359 -67459.344621 0.981069 0.189117 0.041684 -0.076857 0.577806 -0.812547 0.177752 -0.793962 -0.581403
22.574825 -212.769661 1759.289289 -25010.824422 0.969820 0.236533 0.059174 -0.010331 0.282341 -0.959258 0.243603 -0.929697 -0.276264
19.709459 -291.153841 1649.199705 -53235.366022 0.959169 0.275882 0.062328 0.019193 0.156371 -0.987512 0.282183 -0.948387 -0.144691
15.177860 -684.516527 4380.630409 98832.570758 0.948166 0.316380 0.029751 -0.026226 0.171210 -0.984885 0.316692 -0.933055 -0.170633
-1.115267 -117.203087 73.065094 -1035.297237 0.937001 0.061416 0.343885 -0.349312 0.155871 0.923951 -0.003143 0.985866 -0.167504
-2.115483 -138.641725 578.210294 -5582.912735 0.954312 0.045486 0.295329 -0.296430 0.268639 0.916495 0.037649 0.962166 -0.269849
0.514594 -159.814450 562.821050 -18436.417977 0.922136 0.058081 0.382482 -0.382337 -0.014030 0.923917 -0.059028 0.998213 -0.009269
1.182166 -10.364984 -217.875420 -998.357756 -0.412231 0.608093 -0.678445 0.350428 0.793202 0.498027 0.840991 -0.032444 -0.540076
0.135376 -9.552281 178.423146 117.787173 -0.298479 0.781905 -0.547298 -0.447746 -0.621135 -0.643206 0.842872 -0.053067 -0.535491
2.032221 -10.674852 118.859284 702.166848 -0.353140 0.708880 -0.610558 -0.391415 -0.704691 -0.591781 0.849757 -0.030000 -0.526321
3.655361 -35.704733 351.203382 2205.534347 0.980734 0.118116 -0.155593 0.174770 -0.174703 0.968986 -0.087271 0.977511 0.191981
3.351805 -35.930680 -687.394053 2273.632823 0.982894 0.146475 -0.111646 0.137161 -0.177617 0.974494 -0.122908 0.973138 0.194669
0.040719 -43.483368 -690.219048 2353.168195 0.984302 0.149646 -0.093574 0.101762 -0.048010 0.993650 -0.144203 0.987573 0.062484
-0.679973 -38.152266 -1215.267118 2663.285941 0.987343 0.155728 -0.030051 0.060197 -0.192666 0.979416 -0.146733 0.968829 0.199601
2.574286 -42.314249 211.611582 2269.449819 0.981584 0.107536 -0.157888 0.163408 -0.044558 0.985552 -0.098947 0.993202 0.061310
-0.270689 -50.190710 50.329428 1911.687974 0.981039 0.122674 -0.150047 0.134093 0.129359 0.982489 -0.139936 0.983980 -0.110456
-2.182022 -44.826876 -1193.582535 2623.324471 0.987519 0.156378 -0.018775 0.027839 -0.055972 0.998044 -0.155022 0.986110 0.059627
-6.804913 -53.963016 -1223.078110 2575.860455 0.985537 0.167654 0.024687 -0.043580 0.109965 0.992980 -0.163762 0.979694 -0.115681
-2.308207 -51.330299 -1062.716308 2047.636326 0.983929 0.158360 -0.082499 0.060231 0.140597 0.988233 -0.168096 0.977320 -0.128799
-3.396696 -25.810522 4.226197 97.416688 0.650571 -0.752722 0.100827 0.676919 0.514554 -0.526322 0.344293 0.410662 0.844286
-6.758714 -24.049841 145.623755 -381.234185 0.709407 -0.701325 0.069888 -0.561284 -0.502197 0.657844 0.426265 0.505906 0.749905
-4.763455 -25.892990 316.723914 -320.164254 0.734041 -0.678046 0.037917 -0.585978 -0.604172 0.540005 0.343240 0.418604 0.840807
-0.534585 -27.083658 185.708343 6.476519 0.677235 -0.733001 0.063733 0.694355 0.608066 -0.384873 0.243359 0.304903 0.920766
-0.292958 -26.824513 -119.829226 -78.865149 0.585788 -0.797771 0.142877 0.772046 0.495647 -0.397844 0.246572 0.343359 0.906260
3.134460 -1110.290103 11675.197440 -249107.079404 -0.351818 0.737980 0.575855 0.597884 0.650508 -0.468373 0.720249 -0.179513 0.670087
-18.867982 -248.773148 1345.123187 -34441.257762 0.318157 -0.685487 -0.654892 0.852042 0.509646 -0.119520 0.415692 -0.519970 0.746211
-23.685898 -892.397106 -6851.107015 -244341.277238 0.330137 -0.730891 -0.597334 0.897601 0.438903 -0.040946 0.292099 -0.522649 0.800947
-3.440040 -544.686689 3608.344821 -124581.930067 0.369774 -0.582060 -0.724205 0.920577 0.124055 0.370335 -0.125716 -0.803627 0.581704
-12.676464 -28.253672 1953.946772 -1166.215938 0.046866 -0.689247 -0.723009 0.978285 -0.114624 0.172684 -0.201896 -0.715402 0.668908
-18.644070 -53.994597 84.339490 -12254.447199 0.537611 -0.649823 -0.537312 0.823245 0.266727 0.501123 -0.182326 -0.711749 0.678359
-13.842397 -27.187607 665.870620 -1701.039358 0.184681 -0.751565 -0.633280 0.940063 -0.052859 0.336879 -0.286661 -0.657538 0.696756
-10.084253 -49.950042 3889.500172 -6823.753855 0.246195 -0.656662 -0.712870 0.964417 0.092839 0.247550 -0.096374 -0.748449 0.656152
-5.088717 -28.428386 1449.051059 -2147.442159 0.012286 -0.670512 -0.741797 0.992766 -0.080429 0.089143 -0.119434 -0.737526 0.664673
-49.131126 -410.417088 4298.155258 76172.235183 0.471628 -0.694007 -0.543987 0.810591 0.098352 0.577294 -0.347144 -0.713219 0.608942
-22.873278 -239.715442 1361.441050 36227.369148 0.529760 -0.648834 -0.546231 0.759845 0.076946 0.645534 -0.376815 -0.757029 0.533777
-34.094782 -151.408164 3963.417919 4836.445654 0.643184 -0.651193 -0.402817 0.726683 0.353301 0.589160 -0.241341 -0.671659 0.700449
-105.202116 -209.808704 13426.875616 9811.515336 0.526971 -0.749294 -0.401074 0.798706 0.275337 0.535030 -0.290465 -0.602285 0.743561
-33.426106 -45.273805 -72.524509 -1481.814292 -0.195583 0.891653 -0.408292 0.967161 0.106464 -0.230793 -0.162319 -0.440023 -0.883194
3.770634 -57.195684 -10978.996327 -8160.561704 -0.285006 0.621694 -0.729567 0.863132 0.497474 0.086734 0.416863 -0.604993 -0.678387
-13.769578 -37.137215 -11630.703160 -3919.045675 -0.380570 0.494974 -0.781132 0.838075 0.541659 -0.065084 0.390892 -0.679416 -0.620964
-22.874886 -43.100830 -4229.654274 -807.126328 -0.439772 0.642889 -0.627132 0.794398 0.604193 0.062308 0.418966 -0.470791 -0.776417
29.846762 -47.750101 -17242.867643 -7016.766054 -0.345937 0.455363 -0.820349 0.866620 0.490154 -0.093372 0.359579 -0.743232 -0.564189
-21.484091 -47.336313 -4781.736754 1459.069080 -0.248404 0.788062 -0.563252 -0.799764 -0.494922 -0.339749 0.546509 -0.366074 -0.753205
-5.442789 -50.153050 -9171.603141 3440.103141 -0.281018 0.721693 -0.632605 -0.783260 -0.553366 -0.283353 0.554556 -0.415867 -0.720779
45.047529 -133.625263 -12101.357256 -26478.767127 -0.308973 0.696564 -0.647560 0.935187 0.346428 -0.073566 0.173090 -0.628320 -0.758455
20.216128 -61.088849 -10846.919024 1765.332810 -0.254377 0.718714 -0.647103 -0.780086 -0.547979 -0.301968 0.571628 -0.427983 -0.700052
-30.309203 -39.219950 -469.662845 -663.016104 -0.322188 -0.415959 0.850396 0.610084 0.595649 0.522494 -0.723873 0.687154 0.061859
16.540167 -51.945741 -230.160475 2721.760633 0.882961 -0.463472 0.074659 0.386800 0.628135 -0.675153 -0.266019 -0.625012 -0.733890
14.772579 -45.916721 -413.915500 1259.028959 0.816643 -0.576959 0.014571 0.410592 0.563051 -0.717209 -0.405596 -0.591686 -0.696706
15.739909 -48.027434 180.055209 496.601808 0.813762 -0.579670 0.042116 0.379235 0.474677 -0.794268 -0.440422 -0.662317 -0.606106
17.789399 -44.985750 371.880105 -1572.373554 0.802363 -0.593703 0.061082 0.328794 0.354283 -0.875430 -0.498105 -0.722496 -0.479469
6.950395 -40.011250 2126.620957 5286.172625 0.685618 0.497614 -0.531328 0.396993 0.356208 0.845880 -0.610184 0.790883 -0.046674
12.380184 -41.138176 3072.828617 5753.730561 0.652631 0.482650 -0.584056 0.434742 0.392791 0.810379 -0.620542 0.782792 -0.046520
25.693571 -49.170260 4196.202945 6682.953685 0.575748 0.463302 -0.673696 0.466817 0.490202 0.736060 -0.671265 0.738278 -0.065956
34.843495 -60.208202 -3863.932250 4755.998080 -0.563033 -0.489788 0.665659 0.314356 0.617990 0.720603 -0.764313 0.614977 -0.193981
-1.317583 -29.044113 -407.681995 -135.621784 -0.123628 0.641088 -0.757445 0.500889 0.699241 0.510072 0.856637 -0.316336 -0.407559
-2.557394 -29.014988 -431.682426 223.727938 -0.137177 0.635175 -0.760089 0.612230 0.657592 0.439030 0.778689 -0.405124 -0.479080
4.404657 -57.654280 294.220113 2451.813670 0.300439 -0.531321 0.792108 -0.017244 0.827313 0.561476 -0.953645 -0.182348 0.239395
3.344119 -57.289702 71.064250 -933.493947 0.294558 -0.532261 0.793683 -0.249892 0.758732 0.601564 -0.922382 -0.375531 0.090483
3.847349 -59.124441 283.120470 -1604.681575 0.288263 -0.512385 0.808929 -0.303624 0.752286 0.584704 -0.908139 -0.414159 0.061283
-0.863110 -65.407116 -43.067116 3744.342888 -0.302182 0.642203 -0.704458 0.943084 0.309048 -0.122806 0.138845 -0.701473 -0.699040
0.507066 -48.708404 -142.740634 397.984239 -0.234469 0.515832 -0.823979 0.820237 0.559907 0.117112 0.521761 -0.648399 -0.554386
2500.588300 -30.276964 759592.564979 66359.259975 0.695000 0.624466 -0.356394 0.131225 -0.597513 -0.791049 0.706933 -0.503012 0.497217
6796.897315 128.809778 2888451.582415 8641.588557 0.490451 0.810506 -0.320215 0.234804 -0.476754 -0.847096 0.839241 -0.340272 0.424135
828.146779 -52.335363 555731.604512 -37100.993903 0.175415 0.700727 -0.691529 -0.161233 0.713384 0.681973 0.971202 -0.008131 0.238119
7539.827647 162.792124 1054237.409109 -2962.086326 0.908188 0.412105 0.073234 0.274383 -0.454041 -0.847680 0.316082 -0.789947 0.525429
2430.767947 12.516719 -76660.027463 -1776.701271 0.922597 0.337066 0.187620 0.295190 -0.303746 -0.905871 0.248350 -0.891137 0.379733
-3.850380 -26.631149 82.380080 1070.418107 -0.244646 0.764185 -0.596799 -0.551061 0.396853 0.734056 -0.797797 -0.508457 -0.324025
-5.049377 -25.389554 367.598091 293.032380 -0.216973 0.758881 -0.614021 -0.559361 0.418847 0.715319 -0.800024 -0.498664 -0.333611
-4.448350 -24.975497 622.168171 -317.382425 -0.169320 0.749638 -0.639824 -0.476499 0.506012 0.718958 -0.862716 -0.426609 -0.271523
11.983121 -20.262397 722.225236 626.601772 -0.082970 0.788009 -0.610047 0.976720 -0.057215 -0.206746 -0.197821 -0.612999 -0.764917
8.340090 -22.822454 368.917947 740.680964 -0.106449 0.769830 -0.629309 0.946129 -0.116221 -0.302213 -0.305791 -0.627578 -0.715987
10.182628 -18.617262 -662.579891 720.779153 -0.015456 0.715552 -0.698388 0.981816 -0.121310 -0.146020 -0.189207 -0.687945 -0.700666
13.393497 -16.089033 -631.889540 426.402810 0.028928 0.714398 -0.699142 0.994136 -0.093470 -0.054377 -0.104195 -0.693469 -0.712912
9.509221 -15.505654 -1931.804435 507.452248 0.116596 0.632194 -0.765987 0.985818 -0.167398 0.011899 -0.120702 -0.756511 -0.642746
6.274307 -18.097428 -1775.283988 725.636122 0.082619 0.648226 -0.756952 0.976065 -0.205961 -0.069842 -0.201176 -0.733064 -0.649727
-4.427080 -73.375534 58.299142 -80.144566 0.859912 0.507258 -0.056927 0.208930 -0.248022 0.945956 -0.465725 0.825333 0.319258
-3.512427 -79.540757 227.155460 1608.850215 0.857227 0.509586 -0.074059 0.124013 -0.064713 0.990168 -0.499783 0.857983 0.118669
-5.018190 -77.248359 206.300809 -900.472118 0.852997 0.519825 -0.046668 0.178450 -0.206456 0.962045 -0.490461 0.828950 0.268869
-4.009690 -77.731725 -39.968580 3012.589468 0.863344 0.496002 -0.092837 0.166177 -0.105744 0.980410 -0.476469 0.861858 0.173718
-5.576208 -75.346672 254.843841 1171.497683 0.857946 0.512753 -0.031836 0.271749 -0.400359 0.875137 -0.435983 0.759472 0.482826
-4.912036 -70.810792 -261.055462 643.890282 0.858819 0.511582 -0.026722 0.282511 -0.429460 0.857760 -0.427339 0.744209 0.513356
-4.152597 -69.782839 62.091844 76.733403 0.870052 0.488818 -0.063765 0.231183 -0.290354 0.928574 -0.435390 0.822649 0.365630
16.036012 -42.310418 4477.862053 -2188.368440 0.920281 0.378877 -0.097647 0.285388 -0.479298 0.829956 -0.267649 0.791660 0.549216
13.438873 -50.483759 2106.019290 6843.397975 0.890718 0.454042 -0.021615 0.263846 -0.477708 0.837962 -0.370144 0.752091 0.545301
32.168086 -18.289351 338.240049 1987.574683 0.766040 -0.617674 0.177938 0.181793 -0.057336 -0.981664 -0.616551 -0.784341 -0.068367
28.699113 -12.929109 806.680358 1253.870927 0.777504 -0.616152 0.125873 0.159808 -0.000006 -0.987148 -0.608234 -0.787627 -0.098461
30.713795 -16.434967 -257.086126 1576.870253 0.712208 -0.680441 0.172512 0.174141 -0.066810 -0.982452 -0.680026 -0.729751 -0.070910
12.560813 -35.350904 1415.509117 161.384139 0.862573 0.403925 0.304651 0.131188 -0.760131 0.636389 -0.488628 0.508966 0.708658
14.207573 -34.751758 1538.906169 -234.721386 0.858724 0.417737 0.296800 0.100508 -0.705241 0.701807 -0.502486 0.572828 0.647593
9.075971 -37.343446 1544.629286 -11.063029 0.864704 0.417943 0.278587 0.112996 -0.702290 0.702866 -0.489407 0.576292 0.654499
15.347354 -33.735149 884.906724 -536.605064 0.855371 0.392162 0.338451 -0.131746 0.796569 -0.590018 -0.500982 0.460094 0.733028
6.865706 -36.240694 1506.597242 390.578417 0.868258 0.417773 0.267571 0.187134 -0.775285 0.603253 -0.459467 0.473708 0.751326
13.640436 -35.056831 1269.899966 -682.004687 0.861280 0.398945 0.314705 -0.175415 0.814704 -0.552709 -0.476892 0.420833 0.771669
0.916476 -505.180218 -831.358056 42550.866191 0.885769 0.463921 -0.013839 -0.456751 0.876599 0.151498 -0.082415 0.127871 -0.988361
1.327670 -331.299055 208.918845 -26185.808463 0.876995 0.479368 -0.032963 -0.472018 0.846650 -0.245730 0.089887 -0.231063 -0.968778
1.951289 -235.231269 810.134792 -12906.655993 0.879748 0.475268 -0.012791 -0.474861 0.877029 -0.072986 0.023470 -0.070283 -0.997251
1683.889652 -47893.552560 182916.124768 -14202954.164249 0.815713 0.563766 -0.129537 0.468151 -0.511864 0.720298 -0.339775 0.648200 0.681462
113.182272 -41.975899 -7376.733697 18789.523599 -0.250853 -0.852239 -0.459088 0.927058 -0.074994 -0.367341 0.278633 -0.517750 0.808887
12.609232 -331.022588 -224.996078 53497.856749 -0.680890 -0.725997 -0.096524 0.731477 -0.680677 -0.040259 -0.036474 -0.098017 0.994516
12.605787 -30.355636 44.244740 45.845616 -0.290101 0.704818 -0.647359 -0.320209 0.565970 0.759700 -0.901836 -0.427680 -0.061500
10.634607 -30.109329 173.983612 -154.653712 -0.280440 0.714134 -0.641379 -0.444497 0.495611 0.746185 -0.850750 -0.494351 -0.178441
14.107453 -29.798079 -723.914748 -152.467707 -0.227709 0.704808 -0.671859 -0.368838 0.576137 0.729400 -0.901170 -0.413898 -0.128768
13.074545 -32.048744 -714.808783 1471.638719 0.783480 0.580073 0.222879 0.006992 -0.366868 0.930247 -0.621378 0.727271 0.291489
13.025156 -33.836067 1031.151598 1592.577951 0.816680 0.553746 0.162478 0.032505 -0.325240 0.945073 -0.576174 0.766541 0.283617
14.035841 -31.613445 979.810377 386.837292 0.818866 0.537499 0.201378 0.043162 -0.407512 0.912179 -0.572359 0.738261 0.356897
10.704280 -33.808432 1861.834644 1698.801427 0.838971 0.534051 0.104483 0.067639 -0.292855 0.953761 -0.539956 0.793111 0.281820
12.680990 -32.884381 2337.906471 574.283722 0.843678 0.512187 0.160847 0.050370 -0.373813 0.926135 -0.534482 0.773258 0.341177
-1.716185 -28.381029 -443.721098 -286.513304 0.738430 0.566609 -0.365615 0.442215 0.002431 0.896906 -0.509084 0.823983 0.248768
-0.209949 -27.171315 238.401639 -137.310334 0.735568 0.551713 -0.393132 0.478382 -0.012117 0.878068 -0.479678 0.833946 0.272842
-1.067301 -28.063141 -252.439308 67.972292 0.724345 0.561870 -0.399533 0.440713 0.068295 0.895046 -0.530186 0.824401 0.198155
38.860416 -74.367929 3748.060300 3366.980466 -0.169990 0.483812 -0.858504 0.727749 0.649034 0.221665 0.664443 -0.587095 -0.462422
-1.479373 -6.488856 -198.090041 -410.012490 0.782902 0.605302 -0.143784 0.395077 -0.305173 0.866478 -0.480602 0.735173 0.478061
58.517944 -2396.126148 193757.407109 -1416433.313449 0.236315 0.889483 0.391121 -0.138337 0.429220 -0.892543 0.961779 -0.156815 -0.224479
-217.587089 -4327.542952 21875.679691 51400.199240 -0.019696 0.776662 0.629610 0.785561 0.401568 -0.470784 0.618471 -0.485325 0.618024
-485.207832 -1761.822302 136317.229916 -437637.533461 0.472703 0.865767 0.164318 0.212861 0.068765 -0.974660 0.855127 -0.495701 0.151783
-1765.709739 -14272.264271 -242025.336797 4229681.118803 0.924261 0.228292 -0.305981 -0.088349 0.907650 0.410324 0.371398 -0.352213 0.859075
10.657751 -158.929896 181.251869 20751.839664 0.153389 0.940337 0.303706 0.888204 0.003501 -0.459436 0.433088 -0.340225 0.834674
9.914193 -83.530906 530.987900 6212.777958 0.112952 0.954621 0.275572 0.855841 0.047419 -0.515061 0.504755 -0.294023 0.811648
-36.207858 -204.147130 2315.058004 -35751.384389 0.283896 -0.933168 0.220453 0.930998 0.213248 -0.296257 0.229446 0.289348 0.929318
3.175183 -17.375693 455.637024 -766.531485 -0.478911 0.648056 -0.592172 0.266060 0.749984 0.605588 0.836574 0.132470 -0.531597
1.133326 -16.803684 491.124822 -710.237547 -0.504516 0.580248 -0.639356 0.219841 0.802432 0.554772 0.834945 0.139334 -0.532403
-1.189413 -13.647157 503.651267 -739.018803 -0.509959 0.574230 -0.640470 0.279005 0.814725 0.508311 0.813694 0.080524 -0.575688
2.987231 -35.680397 -149.409756 -414.740163 -0.079235 0.914092 -0.397690 0.902551 -0.103595 -0.417935 0.423230 0.392050 0.816806
1.045305 -35.938132 -282.144662 155.085090 -0.054259 0.916054 -0.397367 0.664528 -0.263901 -0.699113 0.745291 0.301994 0.594424
-1.069516 -35.616923 -255.318464 74.004493 -0.066966 0.920669 -0.384558 0.656686 -0.249506 -0.711695 0.751185 0.300193 0.587882
2.874953 -36.524608 -253.741567 -77.352840 -0.062310 0.913825 -0.401299 0.797944 -0.195905 -0.570006 0.599503 0.355731 0.716974
6.250589 -32.013120 436.328743 -5373.359911 -0.359172 0.746394 -0.560260 0.828148 0.531688 0.177421 -0.430310 0.400253 0.809093
6.641473 -45.716393 -487.202874 -5519.284546 0.301516 -0.775729 0.554376 0.902949 0.419054 0.095276 -0.306222 0.471845 0.826795
6.833731 -40.344916 52.692576 -5010.162822 0.303390 -0.810919 0.500364 0.907656 0.405775 0.107275 -0.290027 0.421612 0.859144
7.393392 -48.970951 20.882689 -2162.143028 0.265799 -0.823350 0.501444 0.957315 0.286712 -0.036673 -0.113575 0.489787 0.864413
6.674116 -54.413424 -521.278185 -1477.424439 0.261170 -0.791064 0.553180 0.958856 0.278672 -0.054191 -0.111287 0.544573 0.831297
