18581
37155
-19.730539 -31.709667 157.224550 1904.004630 -0.607624 0.740643 -0.286777 0.367141 -0.058251 -0.928339 0.704273 0.669369 0.236526
-22.502862 -37.097456 94.683235 -2270.585409 0.645173 -0.712523 0.275795 -0.426719 -0.036613 0.903643 0.633769 0.700693 0.327669
-25.353850 -40.676518 286.199767 2963.796211 -0.702738 0.706681 0.082222 0.178525 0.287029 -0.941139 0.688686 0.646696 0.327867
-17.486452 -28.465959 -103.949746 -1267.588421 0.533925 -0.661137 0.527088 -0.507425 0.248102 0.825206 0.676346 0.708056 0.203010
-19.286115 -34.755487 -846.101655 3596.096334 -0.656255 0.738946 0.152603 0.052444 0.246427 -0.967741 0.752714 0.627082 0.200472
-16.206460 -24.268999 -230.796549 1075.677580 -0.530043 0.715874 -0.454510 0.390497 -0.269717 -0.880208 0.752707 0.644032 0.136585
114.449560 -56.816331 -17607.600364 -3358.919369 -0.383857 0.694761 0.608244 0.760535 -0.135692 0.634960 0.523679 0.706325 -0.476303
115.817194 -58.839087 -13508.218844 -847.143112 -0.529396 0.526497 0.665238 0.759156 -0.056044 0.648492 0.378711 0.848328 -0.370024
85.625851 -50.489626 -11517.940668 -1658.234100 -0.449496 0.748246 0.487935 0.755297 0.026708 0.654838 0.476948 0.662883 -0.577153
48.530666 -51.706699 -6002.382104 3731.369545 -0.371156 0.805795 0.461451 -0.703759 0.080092 -0.705910 0.605777 0.586753 -0.537359
13.073592 -28.548519 549.040450 2935.432343 0.950973 0.296974 -0.086349 0.309191 -0.906516 0.287454 -0.007089 0.300060 0.953894
15.892141 -18.973396 228.727779 1014.961798 0.953572 0.294557 -0.062743 0.300719 -0.919924 0.251610 -0.016395 0.258796 0.965793
12.968870 -26.167188 -84.431071 2024.094550 0.963420 0.267794 0.010363 0.253529 -0.923267 0.288621 -0.086859 0.275436 0.957387
17.153386 -25.272054 -773.590703 2390.873742 0.928473 0.346467 -0.133790 0.370193 -0.892352 0.258195 0.029932 0.289255 0.956784
14.805319 -38.597118 -1582.549749 4583.584285 0.919613 0.371497 -0.127680 0.392287 -0.851457 0.348039 -0.020581 0.370149 0.928744
0.143031 -3.944133 412.823558 -579.700696 -0.756509 -0.105879 0.645356 0.289633 0.830513 0.475774 -0.586351 0.546844 -0.597624
3.348681 -2.700879 497.529308 -364.493332 -0.813341 -0.473335 0.338276 -0.101739 0.688201 0.718351 -0.572823 0.549848 -0.607899
-0.273149 -5.675343 350.036539 -577.684177 -0.808589 -0.268572 0.523501 0.127702 0.788423 0.601732 -0.574349 0.553405 -0.603213
-2.515055 -8.352352 120.413809 -1108.650763 -0.647237 0.125429 0.751899 0.492586 0.821590 0.286965 -0.581759 0.556110 -0.593548
-1.971478 -8.279950 282.915826 -1361.517928 -0.501252 0.323723 0.802465 0.634695 0.767885 0.086683 -0.588140 0.552771 -0.590369
-9.281322 -13.259050 386.596520 -925.810164 -0.577755 0.442387 0.685924 0.801568 0.465990 0.374622 -0.153906 0.766255 -0.623832
-9.032704 -9.999766 -502.134519 -474.742396 0.952456 -0.014627 -0.304325 0.232356 0.680960 0.694481 -0.197075 0.732174 -0.651984
-7.868946 -9.792191 329.057694 -1113.914217 -0.665667 0.355709 0.656017 0.716306 0.551087 0.428029 -0.209269 0.754834 -0.621637
-7.922676 -13.690431 311.992412 -753.257650 -0.538625 0.432008 0.723362 0.827806 0.431233 0.358854 -0.156910 0.792091 -0.589891
-8.492143 -16.315076 306.315507 -413.910307 -0.519997 0.456624 0.721871 0.847532 0.380967 0.369533 -0.106271 0.803965 -0.585105
-10.417230 -16.730078 421.957871 -153.852925 -0.551327 0.480475 0.682043 0.831055 0.388194 0.398312 -0.073386 0.786416 -0.613323
0.460387 -28.217835 -891.029019 -727.308889 -0.325367 0.815767 -0.478185 0.165712 -0.448683 -0.878193 0.930954 0.364976 -0.010804
-1.094261 -29.978151 -392.147777 -2092.821161 -0.346359 0.805451 -0.480921 0.293733 -0.393760 -0.871019 0.890930 0.442948 0.100205
-0.096744 -28.925176 -867.984915 -1501.366838 -0.327428 0.826399 -0.458100 0.254498 -0.389775 -0.885046 0.909957 0.406374 0.082694
1.246307 -25.609210 88.368699 -802.510908 0.458801 -0.791491 0.403787 0.718889 0.063578 -0.692211 0.522207 0.607865 0.598164
1.176946 -24.991203 -33.370960 -548.846562 0.459659 -0.790136 0.405461 0.709085 0.051643 -0.703229 0.534708 0.610751 0.584012
0.982701 -26.495950 -19.947426 -1656.127681 0.458465 -0.790397 0.406303 0.771943 0.127639 -0.622746 0.440357 0.599150 0.668660
1.792591 -26.267093 -38.123595 1670.234722 -0.458276 0.789790 -0.407693 0.630995 -0.033946 -0.775044 0.625961 0.612437 0.482797
1.110508 -27.310251 167.281401 -1476.681017 0.477509 -0.787278 0.390100 0.764365 0.153277 -0.626300 0.433279 0.597243 0.674959
1.381457 -26.087344 54.036299 139.025728 0.480197 -0.786224 0.388924 0.685801 0.060073 -0.725305 0.546889 0.615014 0.568041
-8.198668 -28.347015 -760.644477 843.366936 -0.681571 0.730612 0.040825 0.375962 0.301770 0.876121 -0.627785 -0.612487 0.480360
-11.871823 -33.138161 -674.795341 -2028.822971 -0.718423 0.694925 -0.030791 0.352015 0.401382 0.845564 -0.599962 -0.596633 0.532986
-11.426581 -30.870804 -132.829516 -1172.437674 -0.715691 0.687136 -0.125018 0.280383 0.446621 0.849656 -0.639665 -0.573038 0.512304
-10.379135 -30.262021 -154.744101 -1115.263531 -0.723735 0.661925 -0.195097 0.215962 0.485771 0.846987 -0.655414 -0.570861 0.494520
-8.173544 -27.868256 -164.587178 486.739884 -0.681412 0.729655 -0.057286 0.277406 0.329909 0.902334 -0.677291 -0.598969 0.427214
-11.667665 -39.961336 -557.262950 -2905.935964 0.725414 -0.610686 0.317550 0.206490 0.633173 0.745958 -0.656610 -0.475558 0.585413
1.241233 -62.232088 -96.804523 -3950.724744 -0.476253 0.854351 0.208009 0.861474 0.500753 -0.084320 0.176200 -0.139037 0.974486
0.778092 -58.483554 -508.737765 -3648.584318 0.498691 -0.846642 -0.185756 0.865254 0.498957 0.048757 0.051404 -0.185041 0.981386
1.274572 -71.602687 -41.930175 -3407.294119 -0.469163 0.856821 0.213878 0.824343 0.511777 -0.241956 0.316771 -0.062792 0.946421
0.934484 -91.421156 27.920894 663.788153 -0.425662 0.894052 0.139580 0.676083 0.416752 -0.607643 0.601434 0.164283 0.781849
0.440780 -93.548358 -399.754594 1032.310553 -0.387620 0.914853 0.113117 0.543083 0.325792 -0.773900 0.744857 0.238547 0.623124
-0.529401 -88.543387 -195.747122 1221.353001 -0.402614 0.907279 0.121436 0.514837 0.334134 -0.789491 0.756865 0.255341 0.601628
-2.352059 -59.823627 479.903297 7.171198 -0.548672 0.764069 0.339349 0.710019 0.211556 0.671652 0.441398 0.609461 -0.658578
-4.160367 -57.796217 552.020334 93.840761 -0.543196 0.771545 0.331144 0.716012 0.219708 0.662612 0.438480 0.597032 -0.671780
-1.552039 -59.029039 351.608774 -937.997806 -0.530528 0.771382 0.351441 0.810789 0.340820 0.475882 0.247309 0.537413 -0.806242
-0.770674 -60.877356 584.586715 -372.653683 -0.548814 0.761359 0.345160 0.729175 0.234093 0.643042 0.408787 0.604593 -0.683638
2.326126 -59.881458 1015.643034 -1449.124068 -0.552756 0.754088 0.354700 0.785447 0.329218 0.524108 0.278449 0.568302 -0.774273
-5.325333 -24.554597 -351.786792 -1036.855601 -0.397615 0.728097 -0.558370 -0.041689 -0.622250 -0.781708 0.916605 0.287540 -0.277770
-7.331819 -29.911483 -342.821038 373.145769 -0.391887 0.726573 -0.564372 0.002285 -0.612668 -0.790337 0.920011 0.311012 -0.238437
-4.452003 -24.710777 -593.230966 -924.748728 -0.363324 0.781452 -0.507275 -0.061415 -0.563388 -0.823907 0.929636 0.268191 -0.252686
-6.592088 -26.237467 -64.243279 506.130055 -0.430645 0.658816 -0.616852 -0.013846 0.678573 0.734403 0.902415 0.324808 -0.283102
-5.394048 -23.605820 38.799992 -723.584207 -0.442849 0.658492 -0.608501 0.106687 0.712558 0.693454 0.890226 0.242176 -0.385808
-22.203195 -27.810599 -1860.721773 -585.819261 0.964501 -0.209343 -0.160974 -0.233231 -0.961177 -0.147452 0.123857 -0.179761 0.975882
-23.624515 -33.815379 -1558.770635 -2088.404221 0.963110 0.262404 -0.059691 0.231556 -0.921090 -0.313011 0.137116 -0.287642 0.947872
-29.778745 -36.389078 -1320.117217 -2572.438147 0.884857 0.455915 -0.095757 0.406493 -0.856015 -0.319376 0.227578 -0.243678 0.942777
-27.840563 -30.066741 -2461.664402 -177.829894 0.812254 -0.519611 -0.265042 0.535960 0.844152 -0.012431 0.230195 -0.131954 0.964157
-4.411786 -42.616872 111.096658 2391.148375 0.814054 -0.543370 -0.205099 -0.203415 0.064026 -0.976997 -0.544003 -0.837048 0.058409
-6.114136 -33.859023 -1.764628 1153.913067 0.804888 -0.542475 -0.240573 -0.154741 0.199509 -0.967601 -0.572896 -0.816037 -0.076639
-5.055941 -35.074201 261.160464 1840.722522 0.831959 -0.529146 -0.166879 -0.128682 0.108550 -0.985727 -0.539708 -0.841559 -0.022217
0.218581 -33.795916 517.605397 179.144827 0.496471 -0.833789 -0.241479 0.859272 0.432582 0.272991 -0.123158 -0.343029 0.931216
-1.162997 -37.120125 275.105533 -1499.439810 0.520253 -0.825985 -0.216991 0.852829 0.489113 0.182896 -0.044936 -0.280208 0.958887
0.126756 -34.624816 20.028758 191.874845 0.494077 -0.839495 -0.226135 0.857344 0.427248 0.287091 -0.144396 -0.335720 0.930828
0.436368 -36.697766 350.711878 -2082.083257 0.506387 -0.834790 -0.216096 0.861391 0.478165 0.171359 -0.039719 -0.272917 0.961217
0.742899 -35.185029 224.707221 -789.015603 0.487231 -0.842267 -0.230635 0.864612 0.428166 0.262906 -0.122687 -0.327506 0.936850
-1.038370 -78.813989 221.574436 -5019.089158 0.949422 -0.301611 0.087340 -0.176391 -0.742408 -0.646310 -0.259776 -0.598215 0.758060
0.278739 -83.518146 454.972613 -6353.354356 0.959911 -0.259881 0.105034 -0.111415 -0.697587 -0.707784 -0.257210 -0.667708 0.698577
3.571447 -64.341349 182.064356 -5668.799432 0.961058 -0.233554 0.147714 -0.129219 -0.852292 -0.506854 -0.244274 -0.468029 0.849282
4.782635 -60.002441 -95.615287 -5578.267190 0.949820 -0.297808 0.095670 -0.234451 -0.880269 -0.412503 -0.207062 -0.369374 0.905918
-2.918881 -83.031050 447.428244 -1850.004047 0.850659 -0.476270 0.222588 0.249646 0.738571 0.626251 0.462662 0.477158 -0.747171
-4.123579 -82.141605 171.715979 -159.591979 0.868553 -0.449684 0.208326 0.274632 0.786628 0.552986 0.412544 0.423084 -0.806726
-3.700097 -82.823070 325.031598 -1107.816062 0.852915 -0.486625 0.189032 0.193396 0.630857 0.751410 0.484907 0.604330 -0.632179
-4.992055 -77.616464 298.886080 -1481.685964 0.865149 -0.471549 0.170758 0.223733 0.667621 0.710089 0.448844 0.576128 -0.683093
-4.100001 -80.816850 151.680531 -1069.342980 0.863366 -0.482893 0.146335 0.128599 0.491021 0.861603 0.487915 0.725061 -0.486030
-3.157093 -83.688789 230.539134 -810.408552 0.855188 -0.492479 0.161612 0.099571 0.462088 0.881227 0.508664 0.737523 -0.444208
-1.740792 -89.219439 558.513794 -806.360242 0.842735 -0.491938 0.218620 0.132542 0.583216 0.801431 0.521757 0.646418 -0.556699
3.611638 -11.898826 1451.723665 91.691779 -0.408416 0.412210 0.814420 0.844294 0.509713 0.165411 -0.346937 0.755166 -0.556201
-0.547209 -10.291831 845.728953 216.354000 -0.339828 0.451992 0.824754 0.881216 0.459421 0.111315 -0.328596 0.764615 -0.554427
1.973243 -10.673070 926.243423 315.128743 -0.232843 0.502226 0.832798 0.901813 0.432044 -0.008409 -0.364029 0.749070 -0.553513
3.598884 -12.927456 1220.619286 -300.347950 -0.529904 0.339764 0.777022 0.787759 0.536521 0.302625 -0.314067 0.772468 -0.551956
8.328146 -12.185729 1539.998178 -126.506465 -0.398494 0.417814 0.816477 0.832729 0.537922 0.131157 -0.384402 0.732169 -0.562284
7.709771 -13.540797 1607.714602 -167.422600 -0.487789 0.369136 0.791076 0.801546 0.548367 0.238364 -0.345811 0.750355 -0.563366
-34.205862 -1690.759488 21556.702031 -461572.777131 -0.491293 0.847368 -0.201491 0.122425 0.296220 0.947241 -0.862348 -0.440705 0.249270
-27.593722 -338.503732 2117.382604 -57966.634318 -0.545061 0.699554 -0.462096 -0.368100 0.295522 0.881572 -0.753267 -0.650608 -0.096428
-45.063043 -513.420658 707.136618 17021.629604 -0.534534 0.734127 -0.418726 0.189768 0.587053 0.786992 -0.823566 -0.341213 0.453114
-20.009632 -339.077711 2906.729046 -71518.035805 -0.491189 0.752372 -0.438942 -0.493775 0.174630 0.851875 -0.717579 -0.635170 -0.285726
-25.582028 -494.344905 4888.044808 76193.863538 -0.496934 0.788059 -0.363346 0.564661 0.611581 0.554190 -0.658949 -0.070229 0.748902
-6.779372 -413.723521 2679.522929 66233.403436 -0.518316 0.758173 -0.395629 0.447159 0.634613 0.630330 -0.728971 -0.149801 0.667953
-6.615398 -267.795214 2055.067806 -14933.804712 -0.465371 0.793035 -0.393097 0.058649 0.470772 0.880303 -0.883171 -0.386612 0.265594
-6.722339 -342.789447 4123.964401 -60528.306595 -0.458186 0.800413 -0.386529 -0.383283 0.214439 0.898393 -0.801972 -0.559781 -0.208532
503.670498 -20.388901 -83830.603085 7449.815591 0.163346 0.474512 -0.864961 -0.464787 0.810357 0.356783 0.870225 0.343743 0.352915
-18.151695 -76.904699 -3301.379938 -10060.004477 -0.589520 0.601682 -0.538930 0.202325 -0.535935 -0.819657 0.782004 0.592243 -0.194209
-25.298498 -65.142447 -7066.238127 3185.463306 -0.258938 0.961752 -0.089359 -0.074297 -0.112072 -0.990919 0.963032 0.249947 -0.100475
-40.591263 -1438.686336 -697.580291 248292.016893 -0.500427 0.860965 0.091164 -0.435057 -0.159031 -0.886248 0.748531 0.483164 -0.454152
247.528808 -4186.670059 -20209.279735 -1115328.443917 -0.512715 0.679288 -0.525063 0.819239 0.570035 -0.062502 0.256848 -0.462198 -0.848765
11.283589 -24.708364 603.750130 213.466382 -0.678499 0.404607 0.613133 0.732629 0.311580 0.605122 0.053797 0.859774 -0.507834
13.231094 -24.715686 -537.289410 -166.566925 -0.642161 0.466416 0.608346 0.750850 0.222816 0.621754 0.154446 0.856043 -0.493292
11.046503 -26.020319 -1388.754573 584.285276 0.712016 -0.345935 -0.611034 0.697466 0.247949 0.672356 0.081086 0.904903 -0.417822
15.265794 -25.332901 -274.969492 151.890703 -0.666789 0.417455 0.617352 0.720829 0.150957 0.676474 0.189204 0.896071 -0.401571
-12.354885 -36.121170 434.885915 -772.662462 0.918018 -0.026831 0.395631 -0.395987 -0.009389 0.918208 0.020922 0.999596 0.019244
-12.087562 -39.715881 690.630193 -1690.165293 0.960305 0.016859 0.278441 -0.273734 -0.135207 0.952255 -0.053701 0.990674 0.125225
-11.519617 -42.965704 384.962341 -1733.992536 0.953029 -0.012363 0.302626 -0.300519 -0.163069 0.939732 -0.037731 0.986537 0.159125
-3.474743 -12.846336 -1010.941693 -727.851462 0.745879 0.129908 -0.653291 0.344269 0.764445 0.545072 -0.570214 0.631465 -0.525460
-5.161395 -14.009783 -508.941846 -910.387352 0.698336 0.003575 -0.715761 0.452179 0.772969 0.445032 -0.554852 0.634434 -0.538175
-3.402039 -11.032808 -322.802358 -937.697331 0.754555 0.105422 -0.647713 0.326592 0.795772 0.509985 -0.569196 0.596350 -0.566024
7.154006 2.748940 327.633350 1310.345784 0.999141 -0.033420 -0.024491 -0.038823 -0.961615 -0.271641 0.014473 -0.272359 0.962087
7.251677 -1.853984 407.715342 1004.223335 0.948661 -0.297981 -0.106062 -0.315147 -0.919023 -0.236810 0.026908 -0.258078 0.965749
5.637878 -0.193943 801.373392 909.869195 0.931685 -0.319790 -0.172332 -0.352942 -0.909167 -0.221015 0.086000 -0.266739 0.959924
6.132196 4.076571 946.104741 311.496986 0.605840 -0.748993 -0.268268 0.788927 0.609124 0.081015 0.102729 -0.260726 0.959932
7.125716 4.094773 48.719529 -178.878034 0.789318 0.606523 0.095424 0.612643 -0.767759 -0.187653 0.040553 -0.206579 0.977589
94.666524 -891.703962 -17782.935432 -160120.684292 0.064546 0.076068 0.995011 0.997140 -0.044186 -0.061306 0.039302 0.996123 -0.078703
-67.535229 -1251.953128 -43853.888434 -316891.994837 0.266894 -0.064570 0.961560 0.884180 -0.380527 -0.270969 0.383396 0.922513 -0.044469
-481.755833 -1979.330528 103072.047083 540781.696407 -0.249524 -0.323287 -0.912811 -0.639914 0.762534 -0.095139 0.726807 0.560381 -0.397146
-171.992634 -372.500414 -15724.796691 -62897.498497 0.096387 -0.439640 0.892987 0.995247 0.030043 -0.092633 0.013897 0.897671 0.440447
-74.638723 -1193.596304 -1233.285684 -211640.907013 0.221703 0.188609 0.956700 0.952840 -0.250405 -0.171442 0.207226 0.949591 -0.235230
-34.142558 -134.602532 -149.447819 -22651.694169 0.109578 -0.082419 0.990555 0.952557 0.293394 -0.080963 -0.283950 0.952432 0.110658
-49.500262 -314.982495 -673.510111 -48628.402025 0.291176 0.021372 0.956431 0.929484 0.230321 -0.288118 -0.226443 0.972880 0.047199
6.853318 -84.615244 90.124917 -11128.498159 0.694514 0.272306 0.665957 0.712863 -0.385674 -0.585732 0.097345 0.881536 -0.461973
6.428578 -74.806171 -683.277399 -7385.929463 0.692566 0.310036 0.651329 0.706555 -0.473516 -0.525892 0.145369 0.824415 -0.546999
18.220245 -40.539471 -670.641469 -9.708901 0.836934 0.093044 0.539337 -0.527436 0.400227 0.749420 0.146128 0.911680 -0.384038
13.378381 -41.984368 -328.280053 2291.513534 0.841671 0.149498 0.518883 -0.539257 0.282769 0.793249 0.028134 0.947466 -0.318616
13.581443 -42.963028 366.441359 -1185.378459 0.816790 0.088665 0.570081 -0.574713 0.211678 0.790505 0.050584 0.973309 -0.223853
27.924704 -44.743044 -2409.896916 -1370.328070 0.832344 0.034574 0.553180 -0.536117 0.303489 0.787701 0.140650 0.952208 -0.271143
18.786860 -45.279757 -865.502663 -1218.361805 0.812500 0.059134 0.579954 -0.575383 0.241238 0.781498 0.093694 0.968663 -0.230031
12.086554 -372.032185 -1035.102214 -72411.405502 0.473940 0.536183 0.698490 0.476310 0.511068 -0.715499 0.740614 -0.671801 0.013174
7.910819 -250.781522 -1106.162400 -59638.961582 -0.443559 -0.535364 -0.718778 0.559083 0.461536 -0.688775 0.700487 -0.707368 0.094594
5.362304 -109.478093 -771.062040 -20383.637495 -0.468383 -0.588085 -0.659374 0.577373 0.361169 -0.732255 0.668773 -0.723680 0.170379
0.610656 -141.582161 -276.638563 -19487.014087 -0.441611 -0.575612 -0.688223 0.566235 0.416208 -0.711441 0.695958 -0.703876 0.142130
5.057792 -49.832344 -712.098086 -1369.748674 -0.473458 -0.601202 -0.643734 0.615469 0.297011 -0.730057 0.630108 -0.741849 0.229399
1.949278 -64.247419 -898.759246 -3130.074796 -0.454446 -0.609399 -0.649701 0.604416 0.324821 -0.727442 0.654339 -0.723273 0.220717
-18.128225 -66.825210 -568.866507 2177.826751 0.737378 -0.631885 -0.238737 0.568899 0.771500 -0.284856 0.364181 0.074229 0.928365
-19.213720 -75.143783 -112.329304 2303.717372 0.698664 -0.682245 -0.215431 0.661208 0.730736 -0.169792 0.273263 -0.023817 0.961644
-19.362825 -75.330935 -830.178314 1270.701577 0.702586 -0.671651 -0.235070 0.675725 0.733276 -0.075509 0.223087 -0.105791 0.969041
-8.179786 -26.728344 -652.685120 -916.055913 0.608173 -0.341260 -0.716706 0.729133 0.597108 0.334405 0.313832 -0.725950 0.611969
-11.182570 -29.632375 -680.736988 -1245.334961 0.484903 -0.415884 -0.769357 0.805961 0.554042 0.208480 0.339553 -0.721164 0.603843
-12.446773 -30.528108 -576.678704 -690.309167 0.476665 -0.441552 -0.760146 0.781252 0.609216 0.136020 0.403033 -0.658702 0.635355
-14.096645 -34.039242 -376.275155 -1018.819252 0.338560 -0.500754 -0.796632 0.837337 0.546548 0.012305 0.429236 -0.671216 0.604339
34.794043 -33.386492 3371.564005 -363.892346 -0.659053 0.698769 0.278157 0.170085 -0.221785 0.960147 -0.732612 -0.680098 -0.027318
27.744930 -36.669978 3539.254990 2439.931284 -0.578822 0.712817 0.396052 0.398277 -0.176692 0.900086 -0.711576 -0.678728 0.181625
39.543727 -30.019027 -5479.496856 -744.916887 0.669772 -0.667620 -0.325099 -0.310705 0.145675 -0.939277 -0.674438 -0.730111 0.109863
7.326128 -23.929165 -668.185915 -445.911495 0.842640 -0.531485 -0.086500 -0.524758 -0.774476 -0.353292 -0.120777 -0.343089 0.931506
12.306859 -22.826161 -1475.412940 -426.160063 0.909644 -0.410401 -0.064173 -0.405510 -0.843860 -0.351372 -0.090051 -0.345646 0.934034
14.339610 -24.932366 -1419.233093 -614.060239 0.888816 -0.451953 -0.075791 -0.439649 -0.794309 -0.419265 -0.129287 -0.405970 0.904695
6.985300 -21.100944 -961.868526 -653.052598 0.869772 -0.487491 -0.076482 -0.487030 -0.823146 -0.291947 -0.079366 -0.291176 0.953372
13.442086 -26.898694 -1365.062308 -954.464699 0.833949 -0.545909 -0.080701 -0.518424 -0.724908 -0.453592 -0.189119 -0.420110 0.887548
-8.912856 -23.707636 -640.688189 -74.497181 0.749793 -0.489526 -0.445169 -0.143378 0.536605 -0.831563 -0.645952 -0.687327 -0.332155
-7.235615 -24.480177 1051.931378 61.951736 -0.727873 0.522834 0.443673 -0.121076 0.538866 -0.833645 -0.674938 -0.660506 -0.328923
-7.186032 -24.462303 651.771154 141.592714 -0.741554 0.489911 0.458350 -0.105884 0.589167 -0.801044 -0.662485 -0.642549 -0.385025
-7.781464 -23.950349 1116.656958 26.104168 0.754849 -0.388784 -0.528251 -0.209512 0.620269 -0.755891 -0.621536 -0.681259 -0.386755
-6.935235 -11.675775 996.485575 -160.332178 -0.031960 0.633215 0.773315 0.956741 0.243238 -0.159630 -0.289180 0.734761 -0.613597
-8.949957 -12.586678 408.133952 215.417288 -0.540922 0.394246 0.742949 0.763055 0.601575 0.236335 -0.353766 0.694750 -0.626236
-6.381059 -10.846279 804.287107 -153.084939 -0.099638 0.607179 0.788293 0.937393 0.322983 -0.130293 -0.333717 0.725958 -0.601347
-4.337892 -10.769805 917.355465 -213.246860 0.069269 0.644778 0.761224 0.947073 0.197257 -0.253262 -0.313454 0.738479 -0.596989
-3.775983 -9.607480 784.066854 -148.868707 0.081794 0.646515 0.758504 0.935531 0.212606 -0.282100 -0.343644 0.732679 -0.587445
3.353959 -36.780952 -789.090167 751.100317 -0.957971 0.198913 0.206702 0.186298 0.979312 -0.079000 -0.218140 -0.037172 -0.975209
1.070259 -37.038087 -109.815699 1202.991594 -0.956210 0.206567 0.207345 0.194190 0.977810 -0.078598 -0.218980 -0.034892 -0.975105
1.828422 -36.771985 71.043682 563.418537 -0.953439 0.210274 0.216193 0.212122 0.977130 -0.014893 -0.214380 0.031660 -0.976237
4.241529 -35.205987 -423.746740 -129.100125 -0.957981 0.185943 0.218397 0.196034 0.980271 0.025287 -0.209386 0.067038 -0.975532
-3.347070 -27.187077 916.093300 702.826824 0.940384 -0.152670 -0.303925 -0.292930 0.090532 -0.951838 -0.172832 -0.984122 -0.040413
-4.189316 -27.026699 152.899399 531.568582 0.930672 -0.184048 -0.316190 -0.305520 0.084467 -0.948432 -0.201265 -0.979281 -0.022381
-3.403481 -24.027290 980.733874 -1181.267473 0.950303 -0.155716 -0.269585 -0.252270 0.122278 -0.959900 -0.182436 -0.980204 -0.076919
-2.216384 -23.822561 1090.339386 -1210.070532 0.954728 -0.150376 -0.256675 -0.239323 0.124218 -0.962961 -0.176690 -0.980794 -0.082606
-6.395301 -66.886732 709.056592 586.613189 0.735327 -0.371334 -0.566927 0.220974 -0.659443 0.718544 0.640676 0.653640 0.402851
-8.762833 -61.413681 473.741958 -2582.030202 0.743341 -0.317540 -0.588738 -0.056288 0.847327 -0.528080 0.666540 0.425682 0.611979
-6.956610 -63.964084 144.382592 -1788.718491 0.738997 -0.339425 -0.581957 -0.096665 0.801452 -0.590195 0.666738 0.492407 0.559460
-4.183970 -64.954890 1432.325775 -2204.248736 0.694962 -0.391780 -0.602940 -0.131580 0.755076 -0.642298 0.706905 0.525708 0.473198
-4.703372 -61.664017 1474.661695 -1892.547141 0.690500 -0.372031 -0.620325 -0.045606 0.833495 -0.550642 0.721893 0.408509 0.558561
7.085884 -54.750207 -1622.213473 -186.323479 0.742739 -0.326163 -0.584771 -0.545630 0.211387 -0.810928 -0.388108 -0.921376 0.020959
1.330868 -58.151656 -1934.511538 -4235.925452 0.752006 -0.348604 -0.559431 -0.497174 0.257269 -0.828632 -0.432788 -0.901270 -0.020151
4.415501 -57.391656 -2232.455143 -100.272410 0.760961 -0.342889 -0.550786 -0.522839 0.178573 -0.833518 -0.384159 -0.922247 0.043389
10.163862 -47.377611 -1756.729765 4857.511654 0.739477 -0.324576 -0.589766 -0.572781 0.156931 -0.804547 -0.353689 -0.932750 0.069864
7.069086 -51.964529 -1179.451637 3097.070890 0.752050 -0.307780 -0.582831 -0.587967 0.086330 -0.804265 -0.297852 -0.947533 0.116040
2.442782 -59.325138 -1123.141300 541.688178 0.770005 -0.327420 -0.547620 -0.552928 0.085846 -0.828795 -0.318375 -0.940971 0.114938
-0.646509 -68.676779 36.873008 734.221893 0.892574 -0.368575 -0.259738 0.442895 0.824717 0.351690 -0.084586 0.428946 -0.899361
-0.590821 -69.897946 -226.871518 1384.919894 0.890993 -0.371591 -0.260867 0.453788 0.747121 0.485682 -0.014424 0.551117 -0.834303
-1.495144 -70.369391 272.718889 -823.624831 0.909659 -0.345186 -0.231014 0.394696 0.891608 0.221924 -0.129369 0.293055 -0.947303
-1.634739 -66.540610 -391.019414 -602.375900 -0.906720 0.347656 0.238736 0.379446 0.919572 0.102023 -0.184067 0.183093 -0.965710
-0.787696 -65.159157 324.689309 954.501238 0.887124 -0.382746 -0.257908 0.454722 0.820470 0.346492 -0.078988 0.424658 -0.901902
-0.083391 -40.431412 -546.639022 -687.732575 0.786576 -0.310992 -0.533463 -0.586305 -0.647232 -0.487174 0.193767 -0.695971 0.691432
0.799143 -47.194560 -705.458978 -2233.332659 0.772671 -0.321405 -0.547428 -0.626149 -0.527808 -0.573896 0.104484 -0.786204 0.609070
-1.429584 -46.995551 -381.273755 -2279.877568 0.792054 -0.305974 -0.528233 -0.601436 -0.539292 -0.589439 0.104518 -0.784566 0.611172
-10.352763 -33.266761 -1710.029714 -1429.274313 -0.628551 -0.774961 -0.066023 0.717425 -0.544908 -0.434025 0.300376 -0.320173 0.898479
-8.440480 -27.126696 -1476.247554 -1696.764332 -0.577667 -0.812813 -0.075075 0.785803 -0.528852 -0.320669 0.220940 -0.244234 0.944211
-14.262777 -26.866965 -1208.720256 -1595.254914 -0.484644 -0.860961 -0.154489 0.858472 -0.434294 -0.272789 0.167767 -0.264830 0.949589
-18.475729 -33.837736 -1562.388370 -1979.392423 -0.553449 -0.814998 -0.171674 0.807014 -0.473772 -0.352518 0.205967 -0.333644 0.919924
-16.235838 -40.034870 -2436.980805 -1547.305563 -0.646047 -0.760565 -0.064522 0.666818 -0.521233 -0.532607 0.371451 -0.387114 0.843900
-4.830733 -37.034866 2357.054753 -645.238999 0.691340 0.722147 -0.023533 0.569509 -0.564679 -0.597325 0.444645 -0.399552 0.801654
13.278024 -16.336160 81.637757 -1146.820384 0.748367 -0.444221 -0.492560 -0.653219 -0.622482 -0.431070 0.115119 -0.644348 0.756018
13.495492 -20.404684 660.323426 -406.424873 0.705866 -0.452320 -0.545124 -0.705840 -0.513817 -0.487629 0.059529 -0.728970 0.681952
14.416605 -18.939079 -368.725699 -413.083802 0.734571 -0.487577 -0.471883 -0.678504 -0.534162 -0.504285 0.006184 -0.690608 0.723203
12.670843 -16.293104 -601.451681 -634.218615 0.771688 -0.476495 -0.421249 -0.635622 -0.600686 -0.484935 0.021969 -0.641973 0.766412
9.523213 -14.210586 -1420.877423 -1054.958558 0.770026 -0.503418 -0.391957 -0.636594 -0.647171 -0.419425 0.042517 -0.572486 0.818812
15.956715 -13.259682 -273.902347 -1188.886346 0.777690 -0.446918 -0.442111 -0.613110 -0.694604 -0.376327 0.138904 -0.563728 0.814196
15.087748 -12.657241 1798.244205 -2020.628373 0.757095 -0.368167 -0.539685 -0.606490 -0.703163 -0.371122 0.242852 -0.608288 0.755651
0.948527 -54.637694 -356.978719 3270.608709 -0.253539 0.920108 -0.298530 0.434543 -0.167386 -0.884960 0.864228 0.354096 0.357388
1.310834 -53.644302 295.699756 2409.554364 -0.268471 0.910095 -0.315676 0.460486 -0.166586 -0.871896 0.846095 0.379443 0.374362
0.239628 -48.394327 288.614063 1723.353130 -0.266204 0.902294 -0.339118 0.333766 -0.243765 -0.910592 0.904287 0.355589 0.236264
1.756781 -62.952011 310.648673 3581.699065 -0.261076 0.911997 -0.316389 0.594832 -0.106147 -0.796811 0.760273 0.396226 0.514772
-0.644923 -46.008748 -552.350643 2815.730838 -0.254432 0.924610 -0.283480 0.284613 -0.208556 -0.935682 0.924262 0.318749 0.210093
-1.009963 -50.675138 -1021.871434 3880.906753 -0.242430 0.935714 -0.256257 0.323815 -0.170947 -0.930549 0.914534 0.308573 0.261555
2.159829 -66.851284 -503.356864 3212.024164 -0.241251 0.921269 -0.305060 0.626054 -0.092444 -0.774281 0.741522 0.377780 0.554462
0.207205 -60.943844 -862.844878 2900.233755 -0.233513 0.932456 -0.275678 0.521210 -0.119310 -0.845048 0.820861 0.341016 0.458144
1.229750 -42.125118 406.450850 505.485406 0.837541 -0.056589 -0.543437 -0.483558 -0.539803 -0.689046 0.254356 -0.839887 0.479471
2.926032 -44.415848 305.532216 409.936039 0.837277 -0.073907 -0.541761 -0.483279 -0.563477 -0.670026 0.255750 -0.822819 0.507504
1.458509 -40.628966 538.546960 1002.134835 0.815675 -0.067199 -0.574595 -0.480673 -0.631408 -0.608504 0.321912 -0.772534 0.547324
-0.774208 -38.619869 384.908539 1851.709223 0.823970 -0.061144 -0.563324 -0.490159 -0.575690 -0.654466 0.284283 -0.815379 0.504322
-1.272292 -41.260548 486.873825 463.283794 0.832710 -0.058034 -0.550659 -0.498248 -0.512359 -0.699455 0.241543 -0.856808 0.455562
6.287824 -28.605685 -38.301616 -173.800610 0.682515 -0.455746 -0.571374 -0.311577 0.525739 -0.791529 -0.661130 -0.718258 -0.216825
3.634335 -28.817525 959.213197 -302.925273 0.719764 -0.437618 -0.538917 -0.315151 0.485718 -0.815327 -0.618563 -0.756683 -0.211686
6.893291 -28.942600 763.597790 -149.224901 0.702393 -0.437098 -0.561773 -0.240145 0.597444 -0.765109 -0.670055 -0.672314 -0.314674
4.677693 -27.900555 -106.330072 -146.698083 0.691773 -0.455809 -0.560079 -0.392511 0.413676 -0.821467 -0.606123 -0.788106 -0.107260
7.328025 -28.426483 117.351246 -16.699192 -0.673381 0.436641 0.596576 -0.252534 0.622561 -0.740705 -0.694827 -0.649433 -0.308954
5.553557 -27.822042 -683.976001 -145.149740 0.664735 -0.465638 -0.584216 -0.375702 0.467563 -0.800146 -0.645736 -0.751376 -0.135864
5.511117 -27.744238 -492.299439 -91.328488 0.658093 -0.448940 -0.604456 -0.325012 0.554775 -0.765893 -0.679177 -0.700484 -0.219182
-4.621266 -25.012939 -83.248346 -975.450126 0.774844 -0.349054 -0.527047 -0.545656 -0.790264 -0.278823 0.319182 -0.503630 0.802795
-4.558080 -25.274307 -31.947396 -1355.241278 0.774893 -0.359803 -0.519694 -0.559014 -0.773850 -0.297758 0.295031 -0.521247 0.800786
-4.849396 -23.958612 69.456784 -179.533341 0.780177 -0.324376 -0.534887 -0.561017 -0.741076 -0.368872 0.276738 -0.587866 0.760151
-4.973044 -25.798631 264.401010 951.074054 0.807448 -0.274739 -0.522059 -0.549325 -0.672813 -0.495545 0.215102 -0.686907 0.694183
-5.006178 -26.902920 -151.001354 1480.816983 0.795300 -0.284456 -0.535334 -0.563984 -0.671016 -0.481310 0.222307 -0.684706 0.694088
0.781331 -78.973764 -241.499769 49.382622 -0.188336 0.833137 -0.520013 0.934233 0.315277 0.166763 0.302884 -0.454405 -0.837721
1.846126 -80.396997 -252.031348 1132.989009 -0.189333 0.837444 -0.512680 0.945098 0.297052 0.136199 0.266351 -0.458746 -0.847708
0.988784 -79.186292 -245.078848 853.399358 -0.180461 0.839889 -0.511880 0.980827 0.192591 -0.029784 0.073568 -0.507440 -0.858541
-0.129617 -78.750549 -86.249298 -1387.515679 -0.179330 0.839518 -0.512884 0.975614 0.218830 0.017069 0.126565 -0.497316 -0.858288
-1.043716 -82.277505 -289.503848 -657.897422 -0.188314 0.834963 -0.517083 0.904036 0.353094 0.240923 0.383741 -0.422092 -0.821329
0.481094 -53.513379 553.558453 79.367752 0.095037 0.936403 -0.337812 0.674332 0.189072 0.713813 -0.732287 0.295636 0.613478
4.217942 -53.872402 122.489534 1101.246253 0.142954 0.957177 -0.251745 0.720589 0.073707 0.689434 -0.678466 0.279962 0.679195
-1.460182 -50.684084 11.973147 -1349.802525 0.132032 0.951344 -0.278412 0.520588 0.172468 0.836208 -0.843538 0.255344 0.472487
-3.882490 -48.497788 -483.927594 -2689.403893 0.165765 0.966459 -0.196162 0.372750 0.122754 0.919777 -0.913006 0.225586 0.339899
-5.629210 -45.922265 149.611754 -1707.330284 0.144554 0.942273 -0.302036 0.349035 0.237065 0.906628 -0.925894 0.236478 0.294617
3.810941 -152.879187 175.465574 10900.238045 0.095444 -0.924614 0.368753 0.968698 0.000992 -0.248240 0.229160 0.380903 0.895767
0.964902 -192.623899 -231.616294 22628.761740 -0.083408 0.922802 -0.376138 0.874526 -0.113176 -0.471588 0.477752 0.368277 0.797575
3.831547 -137.952132 -713.838300 12765.812410 -0.051910 0.928295 -0.368204 0.842060 -0.157529 -0.515868 0.536880 0.336828 0.773503
2.403586 -214.099205 -329.090416 21405.558321 0.132019 -0.908387 0.396742 0.989615 0.097826 -0.105316 0.056856 0.406525 0.911869
3.978345 -127.942524 42.050802 8840.922689 -0.080925 0.925882 -0.369044 0.879304 -0.108029 -0.463846 0.469334 0.362039 0.805390
4.279103 -135.023398 360.516299 4390.481774 0.118247 -0.931222 0.344738 0.987616 0.074243 -0.138210 0.103110 0.356811 0.928469
1.540034 -78.911954 335.744163 -1654.242803 -0.302728 0.914828 -0.267293 0.836437 0.120579 -0.534634 0.456869 0.385422 0.801699
3.609045 -75.435994 167.628307 -386.783269 0.315308 -0.918412 0.238958 0.898263 0.207615 -0.387323 0.306110 0.336773 0.890438
4.008303 -76.671676 -590.147408 -1374.946203 0.310384 -0.905088 0.290649 0.929884 0.225578 -0.290568 0.197426 0.360458 0.911643
-2.293758 -23.416825 -861.575373 616.109501 -0.427796 -0.490752 0.759047 -0.539554 0.812389 0.221149 -0.725171 -0.314940 -0.612324
-4.776414 -24.175918 -440.644723 632.428399 -0.323858 -0.615029 0.718927 -0.537944 0.744798 0.394832 -0.778288 -0.258872 -0.572060
-0.046298 -19.454675 -1647.809471 373.038595 -0.457419 -0.473054 0.752986 -0.485926 0.842129 0.233870 -0.744744 -0.258919 -0.615075
-9.023135 -18.916756 -15.693453 347.421344 -0.503884 0.838898 0.205794 -0.731161 -0.541094 0.415478 -0.459897 -0.058884 -0.886018
-8.672347 -18.231283 369.639966 351.534927 -0.533611 0.796973 0.283008 -0.691594 -0.603809 0.396373 -0.486782 -0.015782 -0.873381
-10.500049 -20.185607 32.509914 524.858902 -0.417543 0.887708 0.193991 -0.802372 -0.460398 0.379779 -0.426446 -0.002922 -0.904508
-7.089843 -45.500886 -592.405273 -216.989904 0.834130 -0.197211 -0.515106 0.547965 0.189732 0.814700 0.062935 0.961826 -0.266326
-6.687890 -48.219308 -292.482426 -305.342905 0.833905 -0.181746 -0.521125 0.537360 0.051999 0.841748 0.125886 0.981970 -0.141026
-6.704371 -47.318185 -485.854270 -684.718433 0.841205 -0.196738 -0.503656 0.521757 0.050839 0.851578 0.141932 0.979137 -0.145415
2.301298 -142.468438 50.205465 7792.489005 0.803895 -0.435139 -0.405471 0.215600 -0.422166 0.880507 0.554319 0.795255 0.245561
1.961964 -120.421318 -132.454058 7475.781450 0.791596 -0.420320 -0.443515 0.111956 -0.613778 0.781500 0.600700 0.668287 0.438808
3.795387 -120.167354 34.507271 -13106.721876 0.772408 -0.430162 -0.467275 -0.025313 0.714286 -0.699396 0.634622 0.552047 0.540832
4.741888 -160.243693 -614.879489 20236.809537 0.791672 -0.446243 -0.417279 0.130297 -0.543968 0.828928 0.596890 0.710610 0.372500
60.722368 -82.246856 -3924.279103 -11695.431118 -0.416911 0.900514 0.123532 -0.346506 -0.283102 0.894308 -0.840308 -0.330042 -0.430062
66.926533 -82.002612 3445.411472 -7834.802680 -0.124347 0.982510 0.138609 -0.307225 -0.170952 0.936156 -0.943478 -0.073824 -0.323109
81.926401 -172.209880 -4147.741132 -26502.789869 -0.403811 0.904388 0.137908 -0.035029 -0.165920 0.985517 -0.914171 -0.393132 -0.098680
-4.758661 -15.933421 -1140.403399 234.015829 0.862669 -0.428136 -0.269261 -0.246262 0.109444 -0.963004 -0.441766 -0.897063 0.011020
-3.557125 -16.547396 -858.599927 282.052925 0.859145 -0.430064 -0.277336 -0.256971 0.106095 -0.960578 -0.442534 -0.896543 0.019362
-5.052527 -18.987868 -882.566764 -778.618634 0.852431 -0.425351 -0.304035 -0.267757 0.144314 -0.952617 -0.449074 -0.893448 -0.009127
-26.775837 -43.207791 -124.576804 -1520.669689 0.705987 -0.706439 0.050262 -0.360957 -0.297851 0.883739 0.609337 0.642051 0.465273
-23.602531 -41.902450 595.019822 -1674.286588 0.667659 -0.698919 0.256408 -0.499491 -0.165159 0.850430 0.552034 0.695870 0.459373
-22.826375 -39.292012 -99.734730 -2491.208812 0.647693 -0.643869 0.407341 -0.542671 -0.014587 0.839819 0.534791 0.764997 0.358857
-21.355814 -32.208195 132.494416 1916.997867 0.549656 -0.612434 0.568158 0.584356 -0.204160 -0.785396 0.596998 0.763704 0.245661
114.237458 -60.099328 3225.248748 -357.654967 -0.637488 0.215693 0.739652 0.763788 0.050855 0.643461 0.101175 0.975136 -0.197163
112.502747 -52.362667 -10743.255773 -204.137779 -0.569443 0.609228 0.551884 0.772635 0.167450 0.612368 0.280659 0.775114 -0.566064
5.441873 -47.153003 166.808183 3641.390778 0.974670 0.222406 0.023535 0.186177 -0.865174 0.465631 -0.123921 0.449455 0.884666
10.091646 -33.929855 -352.603860 3330.138319 0.972022 0.228630 0.053863 0.198103 -0.921158 0.334997 -0.126207 0.314954 0.940678
10.227113 -33.633489 -747.349077 2507.665335 0.974471 0.191798 0.116706 0.143554 -0.931953 0.332949 -0.172624 0.307696 0.935695
-0.616260 -55.549110 -15.420417 2790.892400 0.972920 0.230630 0.015365 0.166219 -0.744292 0.646839 -0.160616 0.626769 0.762472
2.594325 -53.379007 828.702583 3846.862157 0.965470 0.255962 -0.048489 0.238977 -0.796072 0.556021 -0.103720 0.548409 0.829753
3.952395 -47.260271 -582.224009 3185.993563 0.977446 0.178697 0.112543 0.102289 -0.866838 0.487985 -0.184758 0.465467 0.865566
3.303531 -4.559862 455.930772 -590.997931 -0.813428 -0.503526 0.291196 -0.145844 0.661190 0.735906 -0.563084 0.556137 -0.611267
6.189196 -2.641770 -735.045908 -334.594048 0.779897 0.604856 -0.160966 -0.282035 0.569186 0.772323 -0.558764 0.556935 -0.614497
-4.818707 -9.238994 -1018.652014 333.975881 0.867504 0.452070 0.207530 -0.445981 0.522077 0.727005 -0.220311 0.723235 -0.654519
-6.747325 -10.724973 -1290.382233 357.623612 0.882228 0.428807 0.194417 -0.428462 0.560031 0.709074 -0.195177 0.708865 -0.677802
-3.285132 -11.259488 -661.078225 387.151463 0.846340 0.471795 0.247223 -0.497990 0.536203 0.681536 -0.188984 0.699926 -0.688759
-5.123790 -13.025761 -1101.976137 461.375546 0.852584 0.462445 0.243403 -0.496165 0.570079 0.654851 -0.164074 0.679084 -0.715489
0.601110 -25.714348 104.706095 -93.760619 -0.327988 0.768876 -0.548866 0.515187 -0.341420 -0.786139 0.791837 0.540613 0.284133
0.863424 -26.419467 34.785821 -1486.929771 -0.309100 0.767913 -0.561040 0.639119 -0.269130 -0.720483 0.704261 0.581273 0.407600
0.407089 -26.113595 8.415484 -1798.677994 -0.312131 0.770257 -0.556128 0.630846 -0.269652 -0.727544 0.710357 0.577920 0.401748
0.293382 -24.811554 23.696538 -800.195021 -0.320459 0.768427 -0.553919 0.541210 -0.331393 -0.772833 0.777430 0.547448 0.309683
0.276926 -27.287075 198.943783 1250.343880 -0.347305 0.775348 -0.527460 0.376080 -0.400096 -0.835756 0.859036 0.488629 0.152638
0.767438 -28.306556 239.756670 1382.558271 -0.342514 0.778680 -0.525682 0.377647 -0.398226 -0.835942 0.860272 0.484844 0.157669
0.878122 -28.457913 61.536710 1313.034012 -0.336815 0.782032 -0.524387 0.387254 -0.392589 -0.834211 0.858248 0.484046 0.170615
1.101387 -25.990275 -37.501929 -1591.913345 0.468039 -0.790361 0.395308 0.763343 0.136202 -0.631471 0.445249 0.597309 0.667065
1.753824 -25.169378 -100.590718 1836.003491 -0.449284 0.797391 -0.402879 0.614771 -0.051261 -0.787038 0.648229 0.601282 0.467182
-8.553920 -28.735159 1621.019602 1015.909286 0.651792 -0.739175 -0.169671 -0.494277 -0.244349 -0.834256 -0.575202 -0.627626 0.524622
-13.277426 -39.126242 1397.032551 5291.623267 0.692216 -0.713456 -0.108705 -0.468431 -0.329590 -0.819721 -0.549007 -0.618345 0.562353
0.066910 -62.122699 483.362237 -3593.539440 0.482417 -0.850386 -0.210040 0.862416 0.503087 -0.056057 0.153339 -0.154099 0.976084
-1.269437 -52.928491 857.213061 -3345.432213 0.499945 -0.833410 -0.235550 0.862242 0.504481 0.045143 0.081208 -0.225670 0.970813
-0.156225 -46.660941 549.920114 -2354.137996 0.528638 -0.822701 -0.209056 0.845179 0.487267 0.219644 -0.078835 -0.292802 0.952918
-3.820382 -56.378036 481.709482 894.411740 -0.559555 0.767686 0.312340 0.590817 0.105182 0.799920 0.581235 0.632135 -0.512417
-6.626725 -53.701945 471.513790 -800.864025 -0.543142 0.788894 0.287477 -0.577552 -0.102507 -0.809892 0.609451 0.605920 -0.511304
-5.914258 -56.330833 520.577607 162.102330 -0.526102 0.786368 0.323795 0.726077 0.217119 0.652435 0.442752 0.578347 -0.685190
-6.826274 -30.365039 -704.009528 1111.792975 -0.366168 0.763575 -0.531859 -0.019843 -0.577832 -0.815915 0.930337 0.288208 -0.226736
-8.086075 -28.828611 -296.610227 2012.899291 -0.394039 0.728277 -0.560666 0.041083 -0.595454 -0.802339 0.918175 0.339186 -0.204712
-7.950497 -29.888513 23.821734 955.505410 -0.429394 0.698733 -0.572183 0.030666 -0.621919 -0.782481 0.902597 0.353539 -0.245621
-4.978794 -92.484173 437.429001 4170.977518 0.852956 -0.508619 0.117355 0.520165 0.846971 -0.109860 0.043519 -0.154750 -0.986995
-7.048577 -93.478090 166.632867 1984.497253 0.830509 -0.546832 0.105972 0.548290 0.769057 -0.328527 -0.098151 -0.330948 -0.938531
-5.352234 -89.808825 -61.808935 3078.062207 0.832183 -0.547771 0.086130 0.554144 0.827129 -0.093711 0.019908 -0.125713 -0.991867
-5.977009 -93.774979 461.318341 1028.435536 0.853682 -0.501271 0.141258 0.514769 0.771034 -0.374858 -0.078991 -0.392725 -0.916257
-2.588793 -81.825009 65.782805 3216.259986 -0.866903 0.486568 -0.108314 0.475368 0.872354 0.114125 0.150017 0.047446 -0.987544
-4.978007 -90.128433 461.420936 4626.354929 0.866650 -0.479178 0.138946 0.490948 0.868645 -0.066532 0.088814 -0.125875 -0.988062
-1.302642 -36.548090 -68.232255 -592.654019 0.544727 -0.810329 -0.215962 0.835893 0.503924 0.217585 -0.067487 -0.299045 0.951849
-5.770927 -119.703367 479.350825 -5890.946397 0.887654 -0.456391 0.061457 -0.215201 -0.293113 0.931544 0.407135 0.840114 0.358399
