14932
29849
-30.661143 -46.930477 -831.490681 3938.835009 0.834552 0.534789 0.132377 -0.232822 0.560118 -0.795023 0.499316 -0.632668 -0.591959
-34.461752 -52.174553 -548.307586 3165.229719 0.803265 0.580902 0.131598 -0.203315 0.475089 -0.856127 0.559847 -0.660941 -0.499728
-27.781189 -62.982348 -1464.664327 5504.524305 0.860664 0.418454 0.290093 0.013739 0.550441 -0.834761 0.508988 -0.722434 -0.467995
-31.069615 -44.778761 138.320483 1977.605633 0.557056 0.806051 -0.199924 -0.550399 0.178061 -0.815693 0.621892 -0.564425 -0.542840
-19.201591 -56.256603 -2318.186837 6593.808508 0.902380 0.378643 0.205766 -0.106631 0.658818 -0.744707 0.417541 -0.650068 -0.634879
-24.593609 -36.171561 -1761.616750 3327.049508 0.821323 0.570421 -0.006941 -0.387933 0.549564 -0.739924 0.418253 -0.610409 -0.672655
-27.295140 -35.367608 -255.063139 -1906.221268 0.494618 0.803597 -0.331035 0.711684 -0.155869 0.684990 0.498858 -0.574401 -0.649003
24.843761 -57.153480 -5384.886718 -1592.196895 0.566205 0.757705 -0.324491 -0.378128 0.588575 0.714562 -0.732415 0.281889 -0.619763
36.364830 -59.822079 -1737.231869 -2573.629974 0.699589 0.674897 -0.234713 -0.401835 0.643208 0.651776 -0.590851 0.361659 -0.721179
35.783077 -68.431177 -3014.336799 -1674.796741 0.651789 0.728377 -0.211277 -0.280633 0.490444 0.825051 -0.704568 0.478468 -0.524073
20.929611 -58.719391 -5800.604970 -484.319680 0.532136 0.800922 -0.274508 -0.255382 0.460964 0.849878 -0.807224 0.382147 -0.449836
9.115285 -51.679389 -5438.838639 231.048261 0.520193 0.781926 -0.343497 -0.318533 0.550809 0.771457 -0.792424 0.291892 -0.535597
-11.329649 -48.585070 -4164.994828 6.585171 0.511270 0.795096 -0.326230 -0.235805 0.494806 0.836399 -0.826437 0.350699 -0.440467
-6.051569 -48.130088 -3806.035546 368.271482 0.525747 0.773551 -0.353849 -0.311398 0.562125 0.766190 -0.791594 0.292634 -0.536417
3.699510 -51.333087 -5492.218829 725.753263 0.510590 0.801336 -0.311704 -0.231088 0.477074 0.847938 -0.828189 0.360917 -0.428768
-7.762241 -51.701361 -5352.923905 -1175.862727 0.483990 0.837314 -0.254281 -0.154847 0.367945 0.916864 -0.861264 0.404379 -0.307737
-18.684342 -47.991290 -2172.365618 -371.228523 0.573759 0.754694 -0.318179 -0.126142 0.465277 0.876131 -0.809252 0.462552 -0.362156
-39.557482 -56.214763 467.401865 -719.175164 -0.362228 0.452911 -0.814655 0.914947 0.339624 -0.218007 0.177938 -0.824334 -0.537411
-43.567889 -59.379079 887.713744 -394.857876 -0.321750 0.331367 -0.886946 0.925786 0.306480 -0.221337 0.198488 -0.892337 -0.405385
-38.555187 -52.156841 1296.461179 -323.010333 -0.557515 0.416914 -0.717886 0.829442 0.315867 -0.460710 0.034680 -0.852297 -0.521907
-34.652961 -49.504102 1118.043298 -561.646682 -0.542638 0.524138 -0.656371 0.839309 0.369245 -0.399022 0.033220 -0.767423 -0.640280
-31.584012 -42.751691 -3030.693183 -1782.906506 0.863144 -0.327003 0.384774 0.489710 0.356240 -0.795787 -0.123152 -0.875307 -0.467623
-30.240933 -44.057864 -2349.949633 -837.709105 0.816817 -0.394052 0.421347 0.569079 0.430531 -0.700566 -0.094656 -0.812013 -0.575912
20.333072 -33.335386 -2737.756122 27.468754 -0.862793 -0.419289 -0.282463 -0.431442 0.901898 -0.020926 0.263527 0.103811 -0.959050
21.498984 -33.590943 1993.348567 94.704018 0.875250 0.403767 0.266288 -0.443490 0.889662 0.108712 0.193011 0.213246 -0.957743
22.991564 -33.926141 306.704740 -22.137027 -0.881550 -0.431468 -0.191586 -0.437454 0.899159 -0.012112 0.177492 0.073132 -0.981401
-4.370480 -45.323045 -162.831238 668.798168 0.884452 0.330284 -0.329632 -0.404883 0.191995 -0.893984 0.231981 -0.924148 -0.303537
-4.630178 -46.389252 -192.419671 -433.390876 0.899089 0.325279 -0.292972 -0.298405 -0.034280 -0.953823 0.320302 -0.944997 -0.066244
-3.633830 -47.714668 -189.280881 583.238259 0.895358 0.305371 -0.324164 -0.388712 0.180640 -0.903478 0.217339 -0.934943 -0.280439
-3.069690 -44.283423 -199.108454 1394.499245 0.875707 0.317039 -0.364175 -0.471015 0.394996 -0.788748 0.106216 -0.862244 -0.495231
-3.558109 -41.506628 -111.257831 1274.212930 0.858646 0.347552 -0.376742 -0.498118 0.392494 -0.773193 0.120856 -0.851561 -0.510135
7.655761 -61.765129 25.186459 -4766.535979 0.905569 0.368958 -0.209320 -0.209850 0.818482 0.534836 -0.368657 0.440405 -0.818618
7.729256 -69.769438 99.958711 -6903.399427 0.901196 0.377514 -0.212909 -0.140327 0.718927 0.680773 -0.410067 0.583632 -0.700870
8.883963 -61.333782 711.409000 -5332.249902 0.901561 0.374359 -0.216893 -0.203094 0.808835 0.551850 -0.382020 0.453477 -0.805245
8.149191 -54.678466 543.862070 1507.123531 0.901207 0.364535 -0.234392 -0.216343 0.847032 0.485522 -0.375528 0.386847 -0.842216
-3.604145 -80.194679 -100.214434 2143.595563 0.858166 0.430329 -0.279943 -0.462120 0.410027 -0.786335 0.223598 -0.804173 -0.550735
-4.883465 -73.923683 -222.240586 3278.616148 0.853979 0.432085 -0.289867 -0.514341 0.616921 -0.595703 0.078569 -0.657808 -0.749076
-3.452928 -78.885935 15.912896 1662.598552 0.865916 0.435101 -0.246733 -0.436130 0.415245 -0.798350 0.244908 -0.798911 -0.549327
-2.194800 -78.945704 91.812373 -1473.346626 0.865205 0.437787 -0.244463 -0.336708 0.145999 -0.930222 0.371547 -0.887145 -0.273725
0.171337 -78.203167 573.287072 -1618.183629 0.869016 0.447951 -0.210124 -0.309168 0.160045 -0.937444 0.386299 -0.879617 -0.277573
-0.785107 -77.846866 472.491376 1291.062310 0.873413 0.439688 -0.209341 -0.407982 0.425953 -0.807536 0.265895 -0.790720 -0.551418
-9.605698 -63.655533 222.649536 1554.136174 0.876326 0.384202 -0.290589 0.047761 0.530965 0.846047 -0.479345 0.755292 -0.446949
-8.437844 -64.200957 276.171390 1892.352904 0.900908 0.339145 -0.270823 0.059657 0.521311 0.851279 -0.429890 0.783081 -0.449421
-9.348000 -66.606438 143.768216 731.166231 0.875431 0.393167 -0.281141 -0.068982 0.677336 0.732433 -0.478395 0.621801 -0.620083
-9.623223 -65.691861 -8.179056 290.920259 0.843282 0.444668 -0.301904 -0.095435 0.676667 0.730078 -0.528931 0.586850 -0.613058
-10.113341 -62.972444 80.572798 1180.274240 0.847614 0.434701 -0.304279 0.029400 0.534091 0.844916 -0.529798 0.725108 -0.439923
1.775160 -41.753240 233.145711 -617.474612 0.813865 0.540141 -0.214177 0.399535 -0.252578 0.881236 -0.421895 0.802778 0.421369
0.241384 -42.860940 37.710543 -167.563863 0.815058 0.545116 -0.196290 0.471366 -0.426893 0.771736 -0.336891 0.721534 0.604891
6.682387 -41.819063 1060.704601 -775.034062 0.789482 0.554991 -0.262113 0.460069 -0.252426 0.851244 -0.406269 0.792632 0.454620
-0.781550 -43.263210 99.193673 -848.184622 0.927756 0.308333 -0.210235 0.049578 -0.660190 -0.749460 0.369879 -0.684894 0.627782
-0.908464 -41.738720 62.904560 -777.682197 0.923155 0.325462 -0.204595 0.054946 -0.638449 -0.767700 0.380480 -0.697465 0.607271
-0.063752 -40.060200 181.675844 -795.733250 0.922291 0.338894 -0.185824 0.151321 -0.759030 -0.633227 0.355643 -0.555900 0.751328
-1.286232 -46.079910 49.609977 -609.601753 0.927101 0.289080 -0.238571 -0.063276 -0.506659 -0.859821 0.369431 -0.812237 0.451432
-0.359245 -40.601460 232.680017 -1034.840885 0.924789 0.328374 -0.192188 0.147876 -0.775609 -0.613648 0.350569 -0.539074 0.765833
-1.392050 -47.484151 -31.207106 -661.537100 0.931591 0.270888 -0.242400 -0.065517 -0.530791 -0.844967 0.357555 -0.803045 0.476732
-1.234776 -44.488220 93.832947 -1042.324186 0.930265 0.293882 -0.219635 0.042318 -0.680597 -0.731435 0.364438 -0.671134 0.645572
-16.243519 -39.818708 4898.817460 424.858032 0.829500 0.329120 -0.451231 -0.169778 0.918283 0.357677 0.532076 -0.220084 0.817593
-5.953801 -38.429914 5197.582432 -51.823579 0.794842 0.456847 -0.399397 -0.196635 0.816578 0.542711 0.574074 -0.352834 0.738882
10.201317 -37.086997 13573.290500 269.977011 0.758743 0.521370 -0.390489 -0.347756 0.831109 0.433963 0.550794 -0.193471 0.811908
1.964746 -55.953969 1352.086495 -2505.248520 -0.253930 -0.093803 -0.962663 0.452974 0.867858 -0.204050 0.854596 -0.487876 -0.177885
-3.009414 -60.169125 482.833819 -3816.529978 -0.240816 -0.110551 -0.964254 0.337623 0.921903 -0.190015 0.909955 -0.371313 -0.184684
1.253874 -53.274929 1092.642817 -2634.090992 -0.218206 -0.038259 -0.975152 0.489784 0.859980 -0.143338 0.844096 -0.508891 -0.168914
1.208139 -85.426048 -1416.241573 5954.111360 0.034753 -0.041251 -0.998544 0.999339 -0.009193 0.035161 -0.010630 -0.999107 0.040904
2.592463 -83.814444 -1090.330973 6286.952597 0.055144 -0.023101 -0.998211 0.989888 0.132121 0.051626 0.130692 -0.990964 0.030153
1.755137 -109.026947 -558.164554 7688.851394 0.003707 -0.003699 -0.999986 0.984524 -0.175199 0.004298 -0.175212 -0.984526 0.002992
14.342256 -38.805738 344.252621 -4955.699743 0.051621 0.089495 -0.994649 0.578657 0.809062 0.102828 0.813935 -0.580869 -0.010022
12.322347 -41.766045 -1643.002629 -3605.894046 0.086235 0.035204 -0.995653 0.584557 0.807480 0.079180 0.806757 -0.588844 0.049055
11.875391 -57.730262 -352.602699 -10906.251871 0.039914 0.029851 -0.998757 0.544120 0.837702 0.046782 0.838058 -0.545311 0.017194
11.173076 -34.773964 1015.428806 981.468208 0.043788 0.088505 -0.995113 0.611283 0.785475 0.096758 0.790200 -0.612532 -0.019707
13.723857 -43.637714 1902.622694 -8335.475316 0.002314 0.077261 -0.997008 0.562167 0.824450 0.065193 0.827021 -0.560636 -0.041525
10.826724 -35.784062 2669.278836 -950.879202 -0.012610 0.092429 -0.995639 0.595428 0.800628 0.066784 0.803310 -0.591990 -0.065131
31.298526 -3.052034 -1204.948645 -104.568679 -0.074676 0.139294 0.987431 0.941665 0.335704 0.023858 -0.328162 0.931611 -0.156238
33.468835 -2.711840 -2226.675499 -74.355705 -0.109867 0.163922 0.980336 0.936744 0.346848 0.046985 -0.332325 0.923486 -0.191660
28.450653 -3.385243 -4489.023825 131.579369 -0.170865 0.240565 0.955476 0.935696 0.343415 0.080865 -0.308671 0.907852 -0.283773
26.945865 -3.211857 -4210.783340 -61.172412 -0.155962 0.231154 0.960335 0.938399 0.338182 0.070999 -0.308356 0.912251 -0.269658
27.733315 -4.665476 -471.919686 -395.695779 -0.032525 0.131601 0.990769 0.948843 0.315566 -0.010767 -0.314070 0.939734 -0.135132
-4.340898 -75.109649 285.935340 1045.648269 0.113276 0.095749 0.988939 0.989622 0.077696 -0.120877 -0.088410 0.992369 -0.085954
-4.331098 -75.550723 109.106410 1931.584590 0.077416 0.098402 0.992131 0.955688 0.276158 -0.101963 -0.284019 0.956061 -0.072663
-3.591626 -73.857637 709.566065 1835.965232 0.107274 0.054417 0.992739 0.983678 0.139273 -0.113929 -0.144462 0.988758 -0.038589
-3.067979 -78.868256 845.311029 -2946.748263 0.149637 0.057075 0.987092 0.987700 -0.054430 -0.146582 0.045361 0.996885 -0.064518
-1.783151 -79.754493 1114.916765 -1678.696145 0.146592 0.042992 0.988262 0.988824 0.021055 -0.147592 -0.027153 0.998854 -0.039425
-2.758117 -74.959038 6.260525 2438.743035 0.087187 0.059027 0.994442 0.959884 0.262068 -0.099713 -0.266497 0.963243 -0.033810
7.645798 -1088.021599 5459.067084 -549079.579509 0.193048 0.458857 0.867284 0.809145 -0.574418 0.123803 0.554992 0.677859 -0.482173
-3.775241 -388.927225 3098.216787 -126539.707051 0.166148 0.538129 0.826324 0.819123 -0.541871 0.188184 0.549028 0.645595 -0.530825
-6.199156 -851.004301 -4064.334729 174865.815066 -0.191348 -0.320617 -0.927680 -0.018930 0.946174 -0.323104 0.981340 -0.044265 -0.187117
8.681718 -305.158039 -3102.721665 53985.688788 -0.225785 -0.298574 -0.927294 -0.196423 0.946277 -0.256860 0.954169 0.124147 -0.272302
1.242173 -29.598299 -811.802240 521.091393 0.866169 0.487784 -0.108709 -0.191751 0.123507 -0.973642 0.461501 -0.864183 -0.200511
-0.166546 -29.397082 -875.293649 -525.709416 0.868728 0.486518 -0.092798 -0.132021 0.046879 -0.990138 0.477369 -0.872412 -0.104955
4.169125 -29.648110 -958.679909 515.276388 0.871043 0.488751 -0.049065 -0.139178 0.149771 -0.978876 0.471078 -0.859471 -0.198481
4.655764 -26.460719 -745.094711 1612.734119 0.867776 0.490507 -0.079792 -0.222134 0.239226 -0.945213 0.444545 -0.837958 -0.316553
7.607607 -27.527386 -737.483410 1247.747545 0.866161 0.499656 -0.010446 -0.149782 0.239595 -0.959249 0.476792 -0.832429 -0.282368
7.051773 -30.045239 -888.713324 377.764560 0.865275 0.501073 -0.014965 -0.100840 0.144739 -0.984318 0.491049 -0.853215 -0.175768
20.217838 -24.071701 -594.207790 579.988869 0.927615 0.359872 -0.100114 -0.037175 0.355626 0.933889 -0.371684 0.862567 -0.343262
21.897777 -21.802055 -614.437748 219.261215 0.925940 0.345984 -0.151428 0.038805 0.311674 0.949396 -0.375672 0.884960 -0.275165
18.234247 -26.145729 -1505.815365 311.218114 0.891609 0.443722 -0.090247 -0.067589 0.327492 0.942433 -0.447733 0.834182 -0.321986
16.217427 -28.149786 -1550.303839 1074.986341 0.890189 0.452323 -0.054473 -0.133745 0.373749 0.917836 -0.435518 0.809763 -0.393203
14.415550 -28.282450 -1434.118998 274.187799 0.857909 0.510312 -0.059777 -0.107466 0.291990 0.950365 -0.502437 0.808902 -0.305342
12.731550 -29.799468 -1344.143262 1038.144124 0.857174 0.514347 -0.026468 -0.174357 0.338160 0.924796 -0.484616 0.788096 -0.379542
-2.301895 -103.598807 708.605896 6235.002708 0.716829 0.588094 -0.374567 -0.436310 0.797371 0.416933 0.543865 -0.135442 0.828170
-0.664323 -78.105540 -420.004435 8613.596105 0.763834 0.544543 -0.346454 -0.513212 0.837958 0.185582 0.391371 0.036050 0.919527
-0.643423 -94.641776 -1332.144740 8089.716897 0.745804 0.580333 -0.327092 -0.460406 0.803901 0.376522 0.481458 -0.130217 0.866742
6.457304 -177.981270 165.226330 19897.847726 0.686544 0.625072 -0.371406 -0.541121 0.098074 -0.835206 0.485639 -0.774381 -0.405572
6.576603 -204.312420 -194.016818 30532.249936 0.695989 0.616241 -0.368573 -0.617359 0.251413 -0.745426 0.366698 -0.746350 -0.555423
5.173742 -180.034526 370.096643 4664.361380 0.697916 0.606539 -0.380819 -0.394343 -0.118414 -0.911302 0.597835 -0.786186 -0.156541
6.307363 -167.049861 133.651971 3394.036134 0.687721 0.624192 -0.370707 -0.390616 -0.112264 -0.913683 0.611931 -0.773163 -0.166613
3.995449 -176.957652 834.020331 -15549.191765 0.672003 0.632464 -0.385229 -0.180677 -0.364450 -0.913527 0.718170 -0.683495 0.130640
-47.273072 -59.187795 4579.685114 -9540.293341 -0.204528 0.895878 0.394425 0.834450 -0.051075 0.548712 -0.511724 -0.441355 0.737119
-5.827963 -74.755899 18217.063648 8136.614319 -0.714893 0.626983 -0.309548 0.204833 0.611056 0.764626 -0.668559 -0.483220 0.565267
-69.060423 -80.186064 17707.259240 4791.021147 -0.627984 0.776900 -0.045419 0.439913 0.402522 0.802778 -0.641960 -0.484151 0.594546
30.132519 -35.437726 -7706.365798 137.235436 0.887568 -0.223745 0.402691 0.135815 0.962370 0.235368 -0.440201 -0.154214 0.884557
46.701632 -40.034253 -1447.002623 -155.174830 0.961855 -0.168797 0.215275 0.104565 0.954035 0.280861 -0.252788 -0.247637 0.935294
42.652645 -35.734292 -14126.704013 72.719876 0.842680 -0.331427 0.424318 0.158453 0.905845 0.392858 -0.514570 -0.263819 0.815854
10.692114 -34.795065 -16314.903092 173.632234 0.779159 -0.359174 0.513717 0.202379 0.919808 0.336150 -0.593258 -0.157949 0.789365
-31.032781 -48.778459 -1831.708572 1597.259377 0.518337 -0.802244 -0.296195 0.853641 0.506125 0.123021 0.051219 -0.316611 0.947172
-25.204832 -46.346222 -2350.251271 2099.695601 0.623046 -0.758848 -0.189640 0.781879 0.597437 0.178140 -0.021884 -0.259265 0.965558
-26.769186 -48.953487 -2009.045433 549.724982 0.662673 -0.714757 -0.223579 0.745872 0.603031 0.282891 -0.067374 -0.354226 0.932730
-25.736283 -43.429937 -2150.535189 2509.665874 0.502398 -0.839260 -0.207940 0.862941 0.501750 0.059827 0.054123 -0.209497 0.976310
-32.565246 -52.862179 -1080.810909 -734.415129 0.622448 -0.701616 -0.346834 0.781482 0.532832 0.324618 -0.042953 -0.473103 0.879960
-35.209396 -52.974678 -658.560667 1056.474481 0.477400 -0.770033 -0.423247 0.871631 0.475924 0.117281 0.111124 -0.424905 0.898391
-1.548938 -30.217852 1167.953479 186.862477 0.735853 0.658059 0.159623 -0.538256 0.711470 -0.451765 -0.410854 0.246515 0.877741
-4.626480 -29.160029 1977.297299 -305.207761 0.708474 0.694736 0.124122 0.573162 -0.669031 0.473163 -0.411765 0.264081 0.872187
-1.749474 -30.230657 2474.435367 -676.754422 0.694957 0.711489 0.104010 0.625121 -0.669301 0.401572 -0.355328 0.214056 0.909902
-11.875089 -21.021912 1095.360149 2658.749105 0.851764 -0.035758 -0.522704 -0.494885 -0.382451 -0.780269 0.172008 -0.923284 0.343454
-8.956736 -22.001089 1324.848914 -89.682292 0.924440 0.067351 -0.375332 -0.306037 -0.456156 -0.835621 0.227490 -0.887348 0.401077
-11.536057 -22.683354 1349.755076 -388.342856 0.745513 -0.108107 -0.657665 -0.627316 -0.447134 -0.637610 0.225134 -0.887910 0.401161
-14.087418 -17.738949 1789.384968 -5565.289374 0.564270 -0.222122 -0.795148 0.821204 0.250155 0.512880 0.084988 -0.942382 0.323563
6.778425 -29.461257 183.808649 292.185446 0.572545 0.813331 -0.103363 0.008321 0.120301 0.992703 -0.819831 0.569227 -0.062110
5.458716 -30.147093 302.058656 146.044650 0.612798 0.784716 -0.093276 0.001332 0.117010 0.993130 -0.790239 0.608712 -0.070658
5.701955 -29.838670 245.821605 -149.472518 0.596838 0.800520 -0.054340 0.091026 -0.000267 0.995848 -0.797182 0.599306 0.073028
5.073736 -73.695200 -1276.145379 -5580.422204 0.847545 0.446358 -0.287110 -0.530655 0.721404 -0.444950 -0.008515 -0.529472 -0.848285
5.687791 -84.419079 -1274.856524 -3019.186180 0.835889 0.461630 -0.296963 -0.530405 0.818558 -0.220530 -0.141278 -0.341850 -0.929074
-0.727931 -72.269200 -1464.584562 -4858.904233 0.833013 0.458495 -0.309631 -0.552789 0.712676 -0.431876 -0.022654 -0.530919 -0.847120
-0.047197 -57.893424 -1562.405604 -6259.567616 0.849357 0.435447 -0.298294 -0.520683 0.598622 -0.608720 0.086500 -0.672337 -0.735174
4.837323 -59.230445 -1105.777253 -5909.160491 0.855021 0.440873 -0.273075 -0.507868 0.605312 -0.612917 0.104923 -0.662743 -0.741460
-3.110395 -64.516119 432.394601 -1192.030843 0.823265 0.565025 -0.054597 -0.448438 0.588378 -0.672841 0.348048 -0.578410 -0.737770
-1.300013 -57.234184 341.992372 -1504.101301 0.833212 0.550627 -0.050679 -0.344133 0.444631 -0.826968 0.432817 -0.706479 -0.559961
-3.963780 -65.295409 61.106791 -1160.005498 0.810614 0.574241 -0.114685 -0.475718 0.531577 -0.700798 0.341463 -0.622634 -0.704081
-6.724957 -33.396610 1836.891010 -1558.523935 -0.017914 -0.259733 0.965514 0.998583 -0.053051 0.004256 0.050116 0.964222 0.260316
-3.558814 -35.083107 1885.656921 -1641.398356 0.010358 -0.279105 0.960205 0.998450 -0.049618 -0.025193 0.054675 0.958978 0.278159
-3.201679 -39.378623 1288.595198 -2220.338036 -0.044930 -0.261961 0.964032 0.984871 -0.173284 -0.001186 0.167362 0.949394 0.265783
-7.495181 -36.853321 1135.074044 -2356.490465 -0.135261 -0.222254 0.965561 0.980128 -0.172729 0.097542 0.145101 0.959566 0.241201
-11.296679 -31.195585 1238.387250 -1380.794661 -0.073577 -0.225561 0.971447 0.996707 -0.049928 0.063898 0.034089 0.972949 0.228492
-10.573255 -21.772780 6624.446015 -1271.661616 -0.108368 -0.327126 -0.938747 0.994032 -0.047574 -0.098172 -0.012545 -0.943782 0.330329
-12.952622 -28.514136 1335.499122 2188.113029 -0.099046 -0.385133 -0.917531 0.995036 -0.029411 -0.095067 0.009628 -0.922392 0.386134
-14.103966 -20.565725 2888.371832 -368.301617 -0.134235 -0.347817 -0.927903 0.990756 -0.028620 -0.132600 0.019564 -0.937125 0.348444
-1.477193 -25.737016 1829.589447 -1904.585599 0.239196 -0.346816 -0.906920 0.970069 0.045099 0.238605 -0.041850 -0.936848 0.347223
-3.034801 -24.865511 -2678.075036 -2124.480183 0.315238 -0.408018 -0.856823 0.948897 0.149633 0.277858 0.014838 -0.900628 0.434337
21.381376 -35.887339 691.654302 -259.115749 0.827604 0.551068 -0.106753 0.546598 -0.747937 0.376592 -0.127683 0.370020 0.920208
15.148518 -35.907362 -2735.189429 -124.680436 0.801457 0.596877 -0.037482 0.566185 -0.737074 0.368993 -0.192616 0.316953 0.928676
23.348415 -34.691445 -1853.999858 -618.050193 0.819880 0.567988 -0.072017 0.520922 -0.687852 0.505470 -0.237564 0.451940 0.859834
23.696575 -34.672515 2130.961396 -743.575006 0.845331 0.510916 -0.156144 0.513234 -0.695471 0.502902 -0.148347 0.505257 0.850122
18.493335 -35.811882 1942.986228 -333.301726 0.853859 0.476949 -0.208434 0.520216 -0.768625 0.372278 -0.017350 0.426304 0.904414
-10.612262 -121.305824 -2824.316252 8259.882330 0.178642 -0.144735 -0.973211 0.913900 0.390856 0.109627 0.364518 -0.909002 0.202096
-17.184941 -113.116689 -2516.245178 7676.424606 0.220451 -0.067321 -0.973072 0.893681 0.413657 0.173847 0.390814 -0.907941 0.151354
-10.682230 -102.630042 -2792.213986 7775.894892 0.198547 -0.129305 -0.971524 0.824444 0.558046 0.094215 0.529973 -0.819673 0.217403
-1.616811 -104.917120 -1840.624009 9720.740953 0.135022 -0.182518 -0.973887 0.809039 0.587751 0.002015 0.572036 -0.788185 0.227024
-6.627950 -89.186963 -2734.575945 7912.359051 0.181599 -0.146982 -0.972326 0.710345 0.703361 0.026346 0.680024 -0.695471 0.232138
-4.692875 -82.268388 -57.739878 -2821.859743 0.159111 0.283997 -0.945531 0.449347 0.831949 0.325496 0.879074 -0.476662 0.004759
-6.567190 -79.586311 270.274234 -1880.087234 0.183936 0.296007 -0.937309 0.407069 0.845022 0.346745 0.894686 -0.445328 0.034935
-3.285328 -78.721991 -255.710914 -2276.928024 0.175976 0.297656 -0.938314 0.578225 0.740163 0.343241 0.796673 -0.602959 -0.041861
-5.278476 -83.516740 318.889941 -1357.691412 0.146937 0.269902 -0.951610 0.267698 0.915300 0.300939 0.952233 -0.298964 0.062239
-2.441940 -80.911687 53.390812 -2635.961694 0.135254 0.285059 -0.948919 0.591240 0.745299 0.308163 0.795073 -0.602719 -0.067733
-3.865352 -85.979037 419.686928 -1987.381160 0.118753 0.270083 -0.955486 0.426608 0.855071 0.294720 0.896607 -0.442616 -0.013677
9.411494 -91.810811 1937.635202 -8044.250060 0.064703 -0.224461 0.972333 -0.045373 0.972705 0.227566 -0.996873 -0.058842 0.052753
7.593250 -79.664096 1658.620947 -7670.503274 0.080238 -0.233265 0.969097 -0.256506 0.934657 0.246213 -0.963206 -0.268335 0.015162
13.087567 -88.851450 1493.269577 -10169.726355 0.039143 -0.213320 0.976198 -0.087798 0.972434 0.216018 -0.995369 -0.094164 0.019335
12.551738 -99.463861 2395.511106 -4225.277578 0.042893 -0.206183 0.977573 0.136105 0.970557 0.198731 -0.989765 0.124528 0.069693
16.540561 -89.826830 1577.053044 -8633.422673 0.020786 -0.179753 0.983492 0.027729 0.983430 0.179155 -0.999399 0.023547 0.025426
14.363067 -77.491959 1313.322211 -11312.869147 0.001937 -0.168205 0.985750 -0.162931 0.972527 0.166269 -0.986636 -0.160932 -0.025522
3.046812 -27.200332 -298.377549 -174.229826 0.366173 -0.147634 0.918761 0.834692 0.488559 -0.254162 -0.411346 0.859950 0.302126
0.909592 -27.563911 768.223424 -231.007350 0.298014 -0.210813 0.930992 0.895042 0.400717 -0.195769 -0.331794 0.891618 0.308106
-3.115092 -26.204263 1838.411145 9.458244 0.428957 -0.172366 0.886727 0.841726 0.432550 -0.323107 -0.327861 0.884980 0.330631
3.668203 -29.861386 -1130.133915 -139.961056 0.215240 -0.201185 0.955613 0.915542 0.382050 -0.125782 -0.339787 0.901977 0.266425
2.653917 -32.519085 -1358.056619 2.412023 0.252875 -0.170389 0.952377 0.879146 0.451437 -0.152664 -0.403926 0.875884 0.263953
4.066011 -31.288352 -2049.363150 -618.038231 0.329108 -0.116242 0.937110 0.811124 0.542922 -0.217517 -0.483493 0.831699 0.272967
-1.080216 -25.046232 1431.862396 -347.350477 0.524161 -0.115318 0.843775 0.762153 0.505586 -0.404359 -0.379971 0.855035 0.352898
4.969132 -24.103989 765.378386 -483.384124 0.540636 -0.076991 0.837726 0.700402 0.592795 -0.397532 -0.465994 0.801665 0.374410
7.923706 -26.828277 -1808.466075 -346.211889 0.446165 -0.051629 0.893460 0.716788 0.618384 -0.322207 -0.535866 0.784179 0.312908
81.005911 -14.076590 7616.421415 -1226.248046 -0.017168 -0.038839 -0.999098 0.952794 -0.303583 -0.004571 -0.303132 -0.952013 0.042218
88.856375 -18.251192 3618.299578 3346.308306 -0.092450 -0.177086 -0.979844 0.952908 -0.301177 -0.035478 -0.288823 -0.936981 0.196590
92.802673 -12.920106 8251.324166 -180.269479 -0.078461 -0.154032 -0.984946 0.957557 -0.286519 -0.031472 -0.277358 -0.945611 0.169975
-959.332118 -5411.060471 184475.144692 -1983154.347531 -0.163879 0.335031 -0.927846 0.929393 -0.262885 -0.259076 -0.330715 -0.904791 -0.268294
-49.493229 -1315.156442 11017.480563 -102041.786177 -0.108722 0.413287 -0.904087 0.789966 -0.516164 -0.330952 -0.603435 -0.750179 -0.270364
-256.563257 -1614.918279 58027.280626 -57216.729867 -0.009171 0.342436 -0.939497 0.835808 0.518401 0.180792 0.548946 -0.783580 -0.290965
-7385.253790 -8416.356060 4605799.055748 1885376.593966 0.350277 0.904664 0.242673 -0.147204 0.309037 -0.939589 0.925007 -0.293394 -0.241418
12.960720 -22.768307 -1732.295970 -269.212521 0.551204 0.013092 0.834268 0.617668 0.665812 -0.418545 -0.560946 0.746004 0.358912
13.895183 -24.733495 -3480.839020 -120.638197 0.516461 0.018972 0.856101 0.619983 0.681329 -0.389117 -0.590668 0.731732 0.340118
10.371818 -27.067059 -2198.411503 -547.971009 0.505877 0.024779 0.862250 0.586258 0.723371 -0.364741 -0.632764 0.690015 0.351410
-670.353459 -1472.029708 245694.437400 -877346.515425 0.012690 0.972310 -0.233352 0.149722 -0.232587 -0.960982 0.988647 0.022743 0.148528
-821.203732 -20540.863683 394932.999073 7856855.261638 0.127949 0.957585 0.258188 -0.175159 0.278053 -0.944461 0.976191 -0.075619 -0.203306
-533.846958 -1896.229153 160669.170184 -201550.307707 0.039666 0.923176 -0.382326 0.423852 -0.362043 -0.830226 0.904863 0.129118 0.405651
-753.935415 -1350.979168 223268.267791 323115.618299 -0.318177 0.901566 0.293158 0.563595 0.428534 -0.706201 0.762315 0.059475 0.644468
-504.620965 -1839.477525 6882.852244 -738844.726360 -0.183139 0.971981 0.147352 0.888566 0.227789 -0.398200 0.420608 -0.058006 0.905386
-159.860950 -1571.410187 102910.220013 422007.669481 -0.160800 0.966775 -0.198719 0.899176 0.060474 -0.433388 0.406972 0.248372 0.879025
-8.583199 -79.841465 -1290.544031 2074.630682 0.284244 0.924370 -0.254450 -0.887746 0.153521 -0.433979 0.362094 -0.349243 -0.864244
-15.193730 -57.196095 -1983.854048 -265.023429 0.250830 0.928565 -0.273589 0.904985 -0.124606 0.406788 0.343638 -0.349629 -0.871592
-3.452120 -102.995371 477.806319 12290.640223 0.501554 0.855106 -0.131287 -0.699558 0.311587 -0.643064 0.508981 -0.414375 -0.754475
-0.868688 -115.732555 -513.495982 10167.177409 0.403631 0.887835 -0.220976 -0.760158 0.191017 -0.621025 0.509158 -0.418642 -0.751995
-34.631720 -51.288345 -317.862307 2861.969754 0.720972 0.692714 0.018623 -0.294440 0.330557 -0.896681 0.627300 -0.640998 -0.442285
-38.600391 -59.450139 -394.541499 1884.869699 0.805156 0.523786 0.278158 0.037448 0.423182 -0.905271 0.591880 -0.739300 -0.321112
39.878561 -58.610953 -434.925230 -3554.095637 -0.791760 -0.590623 0.155826 -0.414371 0.706766 0.573392 -0.448791 0.389419 -0.804326
41.732074 -68.284895 -9.183969 -2027.539274 0.770073 0.621368 -0.144529 -0.319573 0.571801 0.755590 -0.552142 0.535672 -0.638901
-41.550572 -60.441961 461.178585 -415.351094 -0.198566 0.408052 -0.891103 0.909156 0.416285 -0.011964 0.366071 -0.812527 -0.453643
14.459902 -32.942227 -3855.040201 118.118219 -0.860749 -0.381816 -0.336642 -0.436080 0.894250 0.100751 0.262574 0.233524 -0.936227
16.604631 -32.783038 3688.907711 133.619513 0.872789 0.363532 0.325706 -0.444910 0.866962 0.224570 0.200737 0.340912 -0.918414
22.783078 -33.444363 1479.469640 128.826335 0.885350 0.394566 0.245912 -0.449042 0.862769 0.232360 0.120484 0.316144 -0.941029
-4.611540 -44.709654 -222.429749 -970.689741 0.909953 0.326556 -0.255630 -0.183000 -0.236964 -0.954127 0.372151 -0.914992 0.155866
-5.341035 -43.069843 -132.254614 -847.664243 0.898933 0.353923 -0.258183 -0.192862 -0.209445 -0.958612 0.393350 -0.911521 0.120018
-3.791188 -48.441975 -206.673281 -626.179364 0.907852 0.302312 -0.290539 -0.287141 -0.056681 -0.956210 0.305542 -0.951522 -0.035348
-5.176828 -39.529098 -176.068893 -808.755193 0.906193 0.364347 -0.214630 -0.068713 -0.373942 -0.924903 0.417245 -0.852888 0.313828
-3.649365 -46.375592 -207.756368 -1018.973159 0.917059 0.306648 -0.254890 -0.175944 -0.262450 -0.948769 0.357834 -0.914924 0.186729
-4.309920 -40.804714 -240.366310 -789.528859 0.916223 0.339814 -0.212278 -0.061466 -0.404330 -0.912546 0.395926 -0.849143 0.349569
6.094776 -67.013565 -310.263769 -4986.846219 0.903443 0.376953 -0.204198 -0.141306 0.711527 0.688304 -0.404751 0.592989 -0.696089
5.853532 -74.361031 -424.171490 -2992.347419 0.895069 0.390562 -0.215202 -0.047114 0.562721 0.825303 -0.443431 0.728565 -0.522075
7.983355 -74.828858 158.609425 -2716.292020 0.897035 0.388841 -0.210072 -0.048436 0.558951 0.827785 -0.439297 0.732377 -0.520232
-4.139737 -75.050090 -208.699484 3750.178641 0.842685 0.434310 -0.318211 -0.535233 0.611665 -0.582573 0.058379 -0.661242 -0.747898
-5.263556 -64.784200 -240.227105 2776.150508 0.832031 0.446270 -0.329495 -0.548574 0.750163 -0.369218 -0.082404 -0.487954 -0.868971
-5.929706 -64.642839 -139.247642 2710.766015 0.847332 0.443727 -0.291777 -0.528159 0.761495 -0.375730 -0.055465 -0.472473 -0.879598
-8.481485 -68.113420 180.647009 1405.904783 0.899379 0.349589 -0.262498 -0.044087 0.669917 0.741126 -0.434941 0.654980 -0.617922
-1.660578 -45.022357 47.086248 -622.096292 0.923713 0.303243 -0.234088 -0.061963 -0.484746 -0.872457 0.378040 -0.820405 0.428977
60.428497 -33.543109 37485.699750 55.919480 0.705858 0.594278 -0.385484 -0.490446 0.802673 0.339380 0.511104 -0.050495 0.858034
241.035636 -29.988154 126738.153442 -140.572560 0.650458 0.654049 -0.386166 -0.604778 0.753570 0.257633 0.459507 0.065965 0.885721
37.313196 -30.721635 37489.343403 895.883296 0.735991 0.511245 -0.443787 -0.476875 0.856800 0.196172 0.480529 0.067250 0.874397
-1.962716 -63.498310 792.773186 -3141.684253 -0.272918 -0.144144 -0.951177 0.272321 0.936698 -0.220086 0.922690 -0.319091 -0.216388
-6.323752 -69.896611 -100.191368 -3075.066941 -0.253619 -0.156636 -0.954538 0.109893 0.975748 -0.189315 0.961042 -0.152911 -0.230255
0.902528 -63.508304 1525.804772 -3203.349157 -0.293319 -0.172898 -0.940250 0.288706 0.921572 -0.259528 0.911380 -0.347580 -0.220398
-2.990604 -71.057870 725.447010 -3308.189585 -0.283438 -0.205245 -0.936770 0.084425 0.967696 -0.237565 0.955267 -0.146421 -0.256954
-2.919713 -72.896346 365.429920 1967.781356 0.020430 0.005716 -0.999775 0.988995 0.146446 0.021047 0.146533 -0.989202 -0.002661
-1.677545 -68.291986 -347.152168 1784.627500 0.042460 -0.009534 -0.999053 0.973415 0.225666 0.039217 0.225078 -0.974158 0.018862
-0.728880 -75.222240 -262.353076 4126.332838 0.036806 -0.000112 -0.999322 0.996289 0.077862 0.036685 0.077805 -0.996964 0.002978
10.961123 -37.756344 -973.409263 437.037045 0.089485 0.067868 -0.993673 0.645349 0.755962 0.109749 0.758628 -0.651087 0.023848
27.485969 -3.377050 -4654.134733 103.588164 -0.179013 0.254059 0.950478 0.932582 0.351599 0.081661 -0.313440 0.901017 -0.299871
29.258293 -2.712262 -4984.835684 -650.681671 -0.167152 0.262234 0.950418 0.930271 0.361260 0.063932 -0.326583 0.894832 -0.304334
33.853996 -1.626749 -2480.806907 -571.562988 -0.121330 0.169696 0.977999 0.930915 0.361401 0.052781 -0.344494 0.916838 -0.201821
32.213992 -1.408917 3142.011992 -317.956933 -0.020426 0.013571 0.999699 0.936505 0.350360 0.014379 -0.350060 0.936517 -0.019866
16.836910 -66.688400 2224.066063 -1826.939494 -0.133761 0.322875 0.936942 0.719390 -0.618624 0.315884 0.681605 0.716280 -0.149525
20.112827 -68.023309 370.684174 -586.154011 0.046412 -0.336063 -0.940695 -0.534229 0.787372 -0.307645 0.844065 0.516825 -0.142991
16.014137 -69.518123 -5346.765534 100.316881 0.179144 -0.312289 -0.932943 -0.535152 0.764789 -0.358762 0.825542 0.563537 -0.030115
467.459654 -10492.321567 -1619.263077 2676023.108075 -0.147140 -0.061018 0.987232 -0.427041 0.904199 -0.007762 -0.892180 -0.422731 -0.159101
27.878479 -3185.445171 -4605.634523 1335356.176123 -0.089977 0.387051 0.917658 0.171407 0.913665 -0.368560 -0.981083 0.124131 -0.148552
22.433144 -554.926056 2923.085397 125204.356409 -0.037694 0.319230 0.946927 -0.691662 0.675596 -0.255291 -0.721237 -0.664577 0.195333
476.045774 -1269.204069 98369.027648 2770637.958143 -0.148388 0.776298 0.612652 0.908198 0.352136 -0.226224 -0.391354 0.522840 -0.757285
-17.089717 -751.990340 -22322.262890 -224024.850139 -0.115756 -0.195798 -0.973788 0.975054 -0.209336 -0.073815 -0.189396 -0.958040 0.215146
-32.101877 -783.204663 30495.904156 -204766.000876 -0.110226 0.687034 -0.718216 0.967486 -0.091338 -0.235854 -0.227641 -0.720861 -0.654629
-3.065432 -106.961836 -4611.940930 -430.918986 -0.497902 0.676240 0.542949 0.202127 -0.518339 0.830945 -0.843349 -0.523474 -0.121395
-4.083751 -26.226523 -302.891278 -1455.620021 0.851131 0.499666 -0.160968 -0.144179 -0.072337 -0.986904 0.504766 -0.863192 -0.010473
-1.736972 -26.023351 -1101.056839 -1684.961061 0.871846 0.483986 -0.075115 -0.062785 -0.041659 -0.997157 0.485739 -0.874084 0.005933
12.765692 -28.553932 17.776863 1223.806994 0.724789 0.632781 -0.272523 -0.211838 0.581066 0.785803 -0.655596 0.511811 -0.555197
10.103464 -31.487814 -894.498597 697.297404 0.699950 0.646444 -0.303612 -0.283004 0.641363 0.713135 -0.655727 0.413236 -0.631868
14.365590 -30.944082 -763.438399 1046.602152 -0.763633 -0.601529 0.234581 -0.266532 0.624616 0.734041 -0.588070 0.498014 -0.637304
-10.718838 -31.875884 -151.581256 -818.029762 0.875028 0.363612 -0.319550 0.132609 0.454818 0.880656 -0.465554 0.812974 -0.349760
-10.752420 -31.974901 229.163774 -790.962163 0.892491 0.315622 -0.322246 0.170209 0.425941 0.888596 -0.417718 0.847913 -0.326426
-9.683553 -30.141527 605.041193 -1051.439983 0.890460 0.289303 -0.351261 0.162851 0.518188 0.839619 -0.424924 0.804851 -0.414312
-11.098101 -32.410059 272.529803 -228.094611 0.901320 0.324353 -0.287085 0.177995 0.326889 0.928149 -0.394893 0.887659 -0.236899
-11.071596 -33.122478 140.199006 -978.756570 0.864275 0.370511 -0.340222 0.174247 0.413964 0.893461 -0.471876 0.831478 -0.293218
17.377433 -20.385667 9.138968 5531.359360 -0.191768 0.043860 0.980460 0.950628 0.256656 0.174452 -0.243990 0.965507 -0.090913
20.583906 -15.135210 -56.231594 6865.949637 -0.052996 0.154531 0.986566 0.980279 0.196402 0.021895 -0.190380 0.968270 -0.161892
25.964981 -1.188967 1377.083488 6363.486450 -0.156512 0.017264 0.987525 0.966699 0.207652 0.149581 -0.202479 0.978050 -0.049189
12.075222 -27.401978 -666.700240 3221.756284 -0.093006 0.149869 0.984322 0.934897 0.353233 0.034554 -0.342516 0.923453 -0.172965
8.354441 -28.516202 -838.755838 -314.264375 -0.217982 0.055365 0.974381 0.860017 0.482865 0.164961 -0.461362 0.873943 -0.152871
19.444463 -12.543077 10534.095427 -2491.266078 -0.311085 -0.144205 -0.939378 0.868961 -0.443444 -0.219692 -0.384881 -0.884626 0.263257
19.778616 -12.841820 -15431.451743 -864.256400 0.122931 -0.473213 -0.872328 0.910428 -0.296065 0.288907 -0.394980 -0.829708 0.394431
102.616118 -5.614405 -39312.946130 -6075.410508 0.159407 -0.473485 -0.866257 0.866996 -0.352505 0.352218 -0.472130 -0.807188 0.354318
4.546438 -14.069004 -5814.904578 -437.049117 0.023692 -0.391838 -0.919729 0.950911 -0.275114 0.141704 -0.308555 -0.877938 0.366085
12.150291 -27.468999 12768.441685 -1999.963875 -0.575513 -0.061235 -0.815497 0.751135 -0.433915 -0.497509 -0.323391 -0.898871 0.295719
9.317347 -153.223648 -604.559803 16647.928534 0.693787 0.608758 -0.384803 -0.654363 0.309699 -0.689852 0.300780 -0.730411 -0.613214
9.311584 -151.529121 -700.373009 -17071.798637 0.684528 0.610962 -0.397676 0.714051 -0.452086 0.534555 0.146809 -0.649879 -0.745724
6.053107 -151.853439 -294.004394 16720.377435 0.714399 0.581875 -0.388659 -0.678145 0.438812 -0.589545 0.172493 -0.684738 -0.708082
13.900958 -98.902293 513.126758 -6329.336953 -0.012032 0.999334 -0.034440 0.910311 0.025199 0.413157 -0.413749 0.026380 0.910009
9.288685 -104.359112 -2644.997881 -5218.770296 -0.113720 0.986322 0.119321 0.898060 0.050685 0.436943 -0.424919 -0.156847 0.891540
15.805951 -80.988388 -439.898912 -7762.122309 -0.027344 0.999160 0.030529 0.771658 0.001684 0.636036 -0.635450 -0.040950 0.771055
15.136406 -82.303467 1246.792189 -9943.911809 0.024335 0.996375 -0.081513 0.764819 0.033952 0.643350 -0.643785 0.077998 0.761221
20.288156 -32.086940 -4140.549949 965.290046 -0.226326 0.296684 0.927769 0.511273 0.846909 -0.146103 -0.829082 0.441276 -0.343364
16.878728 -29.562547 -3610.090766 1957.812449 -0.199270 0.303403 0.931793 0.601896 0.788258 -0.127947 -0.773313 0.535347 -0.339693
16.663709 -32.425232 582.694600 944.781492 0.037887 0.249703 0.967581 0.506293 0.830001 -0.234022 -0.861529 0.498746 -0.094977
-13.853579 -29.695124 -6219.046200 846.734169 0.884351 -0.170787 0.434459 0.147062 0.985210 0.087942 -0.443053 -0.013879 0.896388
8.906055 -32.467593 -11922.769733 97.330019 0.815558 -0.252146 0.520853 0.178387 0.965790 0.188221 -0.550494 -0.060592 0.832637
-20.087044 -34.174179 -9714.509050 298.927820 0.851928 -0.219205 0.475571 0.134203 0.969233 0.206341 -0.506170 -0.111965 0.855135
-27.636815 -33.538411 -9601.116467 600.692815 0.852750 -0.116434 0.509177 -0.006841 0.972264 0.233785 -0.522275 -0.202843 0.828301
57.134827 -39.659563 -4395.006841 -438.051277 0.934604 -0.246290 0.256624 -0.117086 -0.894303 -0.431872 -0.335865 -0.373583 0.864656
60.492773 -44.720161 6057.991703 1385.121010 0.996661 -0.072042 0.038428 -0.055230 -0.941466 -0.332553 -0.060137 -0.329320 0.942301
8.512821 -16.664181 1498.499713 954.145203 0.858425 0.506297 -0.082284 0.392772 -0.751981 -0.529390 0.329905 -0.422123 0.844379
5.763032 -14.541775 1535.270287 616.432393 0.824667 0.564414 -0.036898 0.443881 -0.686228 -0.576247 0.350563 -0.458833 0.816442
21.399181 -16.166305 5556.421883 389.150065 0.869258 0.485845 -0.091346 0.366522 -0.757375 -0.540411 0.331739 -0.436276 0.836428
3.659086 -16.103130 -85.542427 888.677725 0.870929 0.479418 -0.107897 0.358867 -0.770498 -0.526827 0.335704 -0.420108 0.843096
19.798839 -18.984749 4937.279976 1170.895716 0.879806 0.461951 -0.111993 0.353603 -0.793522 -0.495265 0.317657 -0.396136 0.861493
9.006124 -20.177870 990.588932 1547.129761 0.866410 0.492473 -0.082485 0.397398 -0.780087 -0.483259 0.302337 -0.385921 0.871583
5.743705 -20.067656 -786.498196 1236.494542 0.870845 0.484003 -0.085843 0.390254 -0.786936 -0.477948 0.298881 -0.382718 0.874184
7.146794 -31.346714 2272.866177 -356.770326 0.679865 0.721871 0.129173 0.666908 -0.681868 0.300481 -0.304988 0.118140 0.945000
20.295564 -33.314434 2882.630550 1190.882873 0.660072 0.731557 0.170673 0.710579 -0.681750 0.174053 -0.243686 -0.006389 0.969833
20.683690 -36.329253 3006.020546 -14.976474 0.730845 0.649790 0.208899 -0.602631 0.758015 -0.249499 -0.320470 0.056456 0.945575
-9.675883 -23.005869 1191.426976 -405.944967 0.955791 0.104585 -0.274820 -0.215203 -0.388095 -0.896142 0.200379 -0.915666 0.348431
-6.214578 -22.332367 749.628532 -555.138592 0.970421 0.181177 -0.159557 -0.076558 -0.395853 -0.915117 0.228960 -0.900264 0.370273
-4.796236 -20.950364 489.675115 -779.352682 0.969286 0.163245 -0.183945 -0.090037 -0.460470 -0.883097 0.228862 -0.872536 0.431629
-6.834145 -34.452733 -473.529400 226.101678 0.806734 0.561383 -0.184469 -0.542949 0.581004 -0.606334 0.233208 -0.589307 -0.773518
-4.904959 -33.347858 -347.892516 280.444607 0.812672 0.547944 -0.198296 -0.547747 0.602189 -0.580811 0.198841 -0.580625 -0.789517
-6.273827 -31.811920 -299.376097 845.257803 0.816453 0.552252 -0.168589 -0.558740 0.681977 -0.471928 0.145650 -0.479505 -0.865368
-8.227922 -33.075551 -535.015626 833.767926 0.799441 0.579358 -0.158867 -0.572200 0.653798 -0.495110 0.182979 -0.486715 -0.854182
-9.318768 -35.621240 -742.586313 225.319404 0.791574 0.584892 -0.176952 -0.547945 0.551207 -0.629227 0.270493 -0.595039 -0.756810
5.459663 -91.226990 1549.207227 -895.668447 -0.815673 -0.486185 0.313531 -0.515095 0.857062 -0.011032 -0.263352 -0.170496 -0.949514
12.287443 -88.535266 887.454991 -43.344627 -0.846189 -0.462631 0.264455 -0.477359 0.878655 0.009668 -0.236837 -0.118059 -0.964350
-1.119068 -82.232363 -1536.967876 -2580.146871 0.813540 0.484691 -0.321290 -0.561314 0.798884 -0.216129 -0.151918 -0.356174 -0.921987
8.895026 -90.074502 1691.397073 2076.660989 -0.815295 -0.489978 0.308571 -0.444125 0.871074 0.209722 -0.371548 0.033941 -0.927793
-0.093744 -88.146134 1857.523126 -749.824209 -0.795445 -0.508272 0.330042 -0.533671 0.845542 0.015934 -0.287163 -0.163459 -0.943832
0.013301 -60.396073 642.719333 -451.217750 0.844267 0.535891 -0.005837 -0.391091 0.608622 -0.690381 0.366417 -0.585149 -0.723422
0.942046 -52.163879 200.986416 -2109.518421 0.849565 0.526108 -0.038071 -0.225467 0.296941 -0.927896 0.476869 -0.796892 -0.370890
