14493
28977
-27.470163 -39.620104 -340.842042 2606.651216 -0.202774 0.886933 -0.415010 0.720676 0.422099 0.549961 -0.662954 0.187570 0.724782
-28.012834 -43.254461 -189.584243 1696.847246 -0.013878 0.948507 -0.316453 0.654325 0.247926 0.714417 -0.756086 0.197148 0.624072
-33.585160 -49.045585 -366.677795 2018.908081 -0.326364 0.742066 -0.585513 0.507268 0.660174 0.553940 -0.797600 0.116225 0.591883
-24.717934 -36.515007 -113.161252 2319.820672 0.182863 0.961703 -0.204178 0.729187 0.006628 0.684282 -0.659430 0.274014 0.700049
-24.751776 -56.211291 1026.250824 4831.772133 0.490519 -0.629493 0.602603 0.511646 0.767812 0.385594 -0.705415 0.119178 0.698704
-21.839254 -36.601061 -1383.631217 3235.712768 -0.326914 0.843798 -0.425596 0.754331 0.504269 0.420353 -0.569308 0.183621 0.801356
-22.548314 -30.483397 220.184025 1346.798340 0.345891 0.934826 -0.080373 0.739151 -0.218719 0.637039 -0.577941 0.279753 0.766630
38.501987 -54.006136 -1895.047790 -2201.946415 -0.018339 0.985314 -0.169765 0.596694 -0.125456 -0.792602 0.802259 0.115833 0.585630
44.204399 -57.149079 423.085147 -2460.209461 -0.153303 0.958252 -0.241352 0.596993 -0.104820 -0.795369 0.787463 0.266018 0.556001
42.363716 -63.078073 -1719.484579 -3118.090524 -0.052146 0.974900 -0.216451 0.478713 -0.165817 -0.862171 0.876421 0.148577 0.458051
2.875926 -49.914067 -5700.754179 -277.460052 0.249539 0.962481 -0.106582 0.318937 -0.185611 -0.929423 0.914335 -0.197935 0.353288
20.869039 -55.668487 -5526.079593 -899.229263 0.210574 0.963787 -0.163628 0.321158 -0.226293 -0.919592 0.923318 -0.141092 0.357179
8.390098 -53.023839 -5477.355042 -755.850062 0.246637 0.947277 -0.204538 0.168765 -0.249816 -0.953473 0.954300 -0.200643 0.221481
-9.858867 -49.686485 -5046.936276 -617.023572 0.267735 0.946853 -0.178292 0.140967 -0.221552 -0.964906 0.953124 -0.233205 0.192793
-34.506434 -49.005529 770.474644 -133.785105 0.453086 0.596582 0.662422 -0.612404 0.748278 -0.255031 -0.647823 -0.290119 0.704384
-39.003410 -52.721149 1038.629815 -129.697642 0.382214 0.532143 0.755471 -0.587370 0.771043 -0.245944 -0.713378 -0.349738 0.607268
-36.694737 -49.820860 552.150121 -715.472190 0.538478 0.453570 0.710152 -0.626711 0.778933 -0.022290 -0.563271 -0.433057 0.703696
-33.053188 -46.568461 607.020583 -412.242148 0.571701 0.534246 0.622687 -0.631065 0.771342 -0.082395 -0.524324 -0.345851 0.778121
-32.188386 -44.042701 874.874354 470.317084 0.741256 0.356679 0.568612 0.533368 -0.827293 -0.176367 -0.407502 -0.434012 0.803477
6.230133 -59.334857 -1231.151026 7016.452255 0.587640 -0.164489 0.792227 0.793408 -0.074889 -0.604065 0.158691 0.983532 0.086500
9.701194 -68.605419 -407.097998 5328.390374 0.541201 -0.157783 0.825958 0.840669 0.078824 -0.535782 0.019432 0.984323 0.175303
3.116301 -54.221878 -471.079462 5833.115815 0.546112 -0.143153 0.825390 0.819109 -0.115240 -0.561943 0.175562 0.982968 0.054324
16.016579 -72.146203 -2420.713890 2923.087242 0.603159 -0.169929 0.779309 0.796260 0.185322 -0.575869 -0.046566 0.967874 0.247087
16.258970 -66.248500 -2793.050190 6805.918974 0.652330 -0.193420 0.732840 0.747552 0.004692 -0.664187 0.125029 0.981105 0.147652
8.067938 -46.679044 -2145.529960 7538.867896 0.638978 -0.176657 0.748665 0.727843 -0.176074 -0.662754 0.248900 0.968396 0.016071
2.388319 -41.719780 -1093.970179 5717.970576 0.592826 -0.148581 0.791506 0.760396 -0.220439 -0.610905 0.265248 0.964018 -0.017702
-2.017940 -29.158675 -320.361471 -59.519501 -0.228728 0.920734 -0.316121 -0.772447 0.025972 0.634548 -0.592461 -0.389325 -0.705277
-1.758918 -28.878636 -207.301095 162.362750 -0.222843 0.922539 -0.315060 -0.845186 -0.021780 0.534029 -0.485801 -0.385288 -0.784570
-0.813977 -29.676037 -448.742167 25.144938 -0.245451 0.914828 -0.320692 -0.768614 0.017941 0.639462 -0.590751 -0.403444 -0.698746
-2.259078 -30.453608 -427.621279 -356.497715 -0.257997 0.918689 -0.299079 -0.678114 0.048312 0.733367 -0.688185 -0.392017 -0.610511
3.219612 -58.022988 -115.725186 1890.777162 -0.419482 0.906983 -0.037628 0.844443 0.374676 -0.382799 0.333094 0.192352 0.923065
1.066290 -56.451393 27.655469 -989.852330 -0.399868 0.915347 -0.047378 0.909314 0.389678 -0.145946 0.115129 0.101441 0.988157
0.711141 -58.950502 -165.811163 -1641.632306 -0.457182 0.888874 -0.029785 0.884793 0.451178 -0.116530 0.090142 0.079629 0.992740
-0.495800 -57.260293 -58.977298 -3994.293478 -0.476602 0.879033 -0.012341 0.081980 0.058416 0.994920 -0.875289 -0.473169 0.099905
-1.246384 -70.703393 -48.561847 -4514.215438 -0.465124 0.885171 0.011515 0.291203 0.140706 0.946257 -0.835979 -0.443480 0.323211
-1.328656 -69.070482 -63.754646 -4171.406347 -0.469897 0.882689 -0.007615 0.280619 0.157554 0.946800 -0.836929 -0.442761 0.321733
-0.180885 -49.158481 -238.730977 -1475.488964 -0.358523 0.906377 -0.223479 -0.508191 0.011315 0.861170 -0.783073 -0.422319 -0.456556
0.341749 -54.260543 -404.786700 -255.882677 -0.380919 0.902766 -0.199784 -0.276165 0.095125 0.956391 -0.882402 -0.419481 -0.213078
-1.030628 -48.455102 -176.282561 -1228.774421 -0.361790 0.909190 -0.206111 -0.480329 0.007691 0.877055 -0.798994 -0.416311 -0.433928
42.441722 -54.852569 1416.958994 1645.873392 0.689294 -0.461985 0.558071 0.550172 0.834970 0.011671 -0.471364 0.298990 0.829711
36.550453 -57.609421 4133.468112 1580.457773 0.713002 -0.514446 0.476417 0.569920 0.821013 0.033611 -0.408436 0.247555 0.878577
35.337509 -53.367026 2088.717412 -1951.226256 0.654349 -0.514246 0.554417 0.479953 0.848997 0.221019 -0.584357 0.121471 0.802354
41.668381 -49.935060 -1037.171327 1212.326310 0.622252 -0.434723 0.651013 0.536547 0.842407 0.049686 -0.570017 0.318382 0.757438
34.780204 -48.145387 3979.437386 -3747.474906 0.656875 -0.527602 0.538657 0.392032 0.849227 0.353728 -0.644070 -0.021184 0.764673
40.341200 -43.488754 2162.502995 -3754.810533 0.591489 -0.541474 0.597450 0.382677 0.840715 0.383088 -0.709718 0.002039 0.704483
27.387946 -50.810481 3765.360832 -3541.438580 0.685426 -0.555862 0.470328 0.425056 0.829900 0.361377 -0.591202 -0.047781 0.805107
4.471489 -29.678789 687.099573 979.062433 -0.295320 0.927603 -0.228776 0.808404 0.370233 0.457613 -0.509184 0.049801 0.859216
2.318401 -27.240742 838.187349 272.631005 -0.292919 0.921921 -0.253494 0.816814 0.379094 0.434859 -0.497004 0.079679 0.864082
4.388496 -27.368181 793.489435 302.810824 -0.351370 0.897678 -0.265919 0.840225 0.427640 0.333385 -0.412990 0.106291 0.904512
-5.332697 -76.623401 -37.023581 -550.783872 0.090170 0.295568 0.951057 0.731387 -0.667813 0.138199 0.675975 0.683129 -0.276391
-4.937118 -79.913444 -84.712249 362.519162 0.116851 0.280463 0.952726 0.849428 -0.525287 0.050452 0.514604 0.803377 -0.299613
-6.070634 -81.675282 -266.888070 -994.242442 0.076896 0.283662 0.955836 0.764807 -0.631823 0.125977 0.639654 0.721343 -0.265532
-5.006455 -75.539225 -14.173580 266.316007 0.129314 0.292671 0.947429 0.820004 -0.568793 0.063784 0.557559 0.768647 -0.313544
-6.592175 -80.172609 302.503301 -1165.505421 -0.060560 -0.301133 -0.951657 -0.599803 0.773056 -0.206448 0.797853 0.558304 -0.227437
-5.753728 -75.405206 -325.197361 -336.783259 -0.055375 -0.305766 -0.950495 -0.573968 0.788694 -0.220277 0.817003 0.533356 -0.219174
-4.615594 -72.173710 160.274893 1271.903401 -0.100072 -0.315000 -0.943801 -0.701095 0.695399 -0.157757 0.706011 0.645907 -0.290435
8.401743 -56.941113 2125.311921 -5527.671524 -0.142147 -0.359575 -0.922226 -0.589363 0.779283 -0.213000 0.795264 0.513248 -0.322693
8.857961 -49.902486 3905.495151 2550.804850 -0.202431 -0.396056 -0.895635 -0.537665 0.809347 -0.236376 0.818497 0.433702 -0.376782
10.986381 -55.400916 311.417981 -3344.491150 -0.062060 -0.361845 -0.930170 -0.524082 0.804959 -0.278171 0.849404 0.470222 -0.239592
6.458052 -92.545339 158.768568 -12484.182540 -0.019142 -0.372125 -0.927985 -0.630250 0.725016 -0.277733 0.776156 0.579547 -0.248410
4.067098 -95.254739 1747.054440 -16569.156701 -0.068710 -0.387378 -0.919357 -0.656760 0.711241 -0.250603 0.750963 0.586578 -0.303284
50.315421 -25.948266 -230.749137 -3723.470397 -0.098992 -0.701567 -0.705694 0.942009 -0.294593 0.160729 -0.320654 -0.648859 0.690045
44.243506 -16.792754 -313.411305 -55.209284 -0.165209 -0.709914 -0.684637 0.918990 -0.362785 0.154418 -0.358000 -0.603663 0.712339
42.267667 -17.635401 -3616.051500 -3195.681460 -0.134863 -0.813088 -0.566304 0.935339 -0.293098 0.198077 -0.327036 -0.502973 0.800041
0.014912 -272.520648 -2432.922257 -48283.871638 0.102424 -0.541719 -0.834296 0.991177 -0.015352 0.131652 -0.084127 -0.840420 0.535367
2.271992 -151.215070 -1044.536135 -11013.237000 0.003897 -0.541941 -0.840408 0.925992 -0.315322 0.207631 -0.377522 -0.779020 0.500604
0.342000 -141.567894 -203.626701 -13609.087400 0.000207 -0.526649 -0.850083 0.972758 -0.196962 0.122260 -0.231822 -0.826951 0.512261
-2.820329 -185.416502 -954.743911 -16608.621970 0.057269 -0.526772 -0.848075 0.984929 0.168677 -0.038262 0.163206 -0.833102 0.528493
-2.370229 -134.677068 -251.335348 -9407.095211 -0.007907 -0.530611 -0.847579 0.999953 -0.008876 -0.003772 -0.005521 -0.847569 0.530656
6.950879 -30.794435 4337.081975 -336.112013 -0.381918 0.917182 -0.113649 0.816916 0.277518 -0.505600 0.432187 0.285940 0.855250
4.342168 -30.669181 3940.080637 -157.514373 -0.378784 0.916612 -0.127851 0.862807 0.299771 -0.407064 0.334793 0.264500 0.904408
4.238077 -30.009880 1505.057710 74.065991 -0.388516 0.917770 -0.082185 0.799164 0.291216 -0.525862 0.458686 0.269985 0.846590
-0.039750 -29.072517 -2072.951557 -58.865455 0.607849 -0.576294 0.546264 0.753469 0.635726 -0.167739 -0.250607 0.513553 0.820646
-0.194129 -28.675241 -1758.084740 -130.506717 0.590983 -0.595260 0.544430 0.727819 0.684504 -0.041641 -0.347878 0.420856 0.837772
-5.959739 -28.726191 -1407.006647 -72.925321 0.600630 -0.590969 0.538516 0.756172 0.638664 -0.142520 -0.259706 0.492813 0.830475
-5.921721 -28.781728 -1571.482541 -95.237820 0.621769 -0.572998 0.533926 0.766821 0.584072 -0.266166 -0.159339 0.574920 0.802545
1.101501 -29.152788 -2661.273791 -42.549373 0.627920 -0.554018 0.546608 0.763114 0.576242 -0.292578 -0.152885 0.600840 0.784613
23.463120 -30.450992 239.363009 -764.405916 0.203050 0.055991 -0.977566 0.097064 0.992295 0.076996 0.974346 -0.110520 0.196051
26.485555 -29.727442 5079.731494 369.763269 -0.099724 0.101828 -0.989791 -0.027716 0.994079 0.105061 0.994629 0.037910 -0.096311
34.528131 -30.643181 6161.604656 163.677625 -0.137979 0.134004 -0.981328 0.091908 0.988262 0.122028 0.986162 -0.073354 -0.148675
-7.712762 -22.199406 -157.601048 86.004048 0.103064 -0.965875 0.237619 0.985330 0.066471 -0.157183 0.136024 0.250333 0.958557
-5.643751 -22.098031 -472.957540 510.595969 0.232511 -0.938941 0.253631 0.970913 0.208755 -0.117254 0.057148 0.273517 0.960168
-7.215148 -24.486698 -148.560233 311.398101 0.143049 -0.967986 0.206254 0.989281 0.133675 -0.058765 0.029313 0.212449 0.976732
-7.876887 -25.361693 101.286249 -114.147814 0.054188 -0.984694 0.165653 0.990710 0.032296 -0.132098 0.124726 0.171272 0.977297
-8.100589 -23.692714 -31.185416 -237.379082 0.031710 0.973580 -0.226135 0.968671 -0.085692 -0.233096 0.246315 0.211659 0.945796
-16.526020 -715.446302 6340.565383 -142266.913906 -0.353789 0.931733 0.081895 0.934843 0.355060 -0.001034 -0.030041 0.076193 -0.996640
-45.065952 -129.708289 9392.597163 18497.918183 -0.334673 0.942137 0.019266 -0.884938 -0.321250 0.337169 -0.323849 -0.095792 -0.941247
26.874136 -1029.390576 4998.446724 212051.656859 -0.561453 0.824537 0.070069 -0.779923 -0.555566 0.288213 -0.276570 -0.107169 -0.954999
-1.573514 -306.839655 1651.303519 51773.587773 -0.485480 0.874227 -0.006007 -0.874096 -0.485256 0.021966 -0.016289 -0.015915 -0.999741
11.070316 -32.269304 2010.204451 -266.579924 -0.064425 0.986271 -0.152047 0.257820 0.163641 0.952234 -0.964043 -0.022146 0.264823
30.849485 -27.716876 6487.271200 -1126.398312 -0.060904 0.943268 -0.326399 0.134482 0.331779 0.933722 -0.989043 -0.012973 0.147060
15.450795 -30.563580 3438.379504 -1179.968396 -0.027591 0.971174 -0.236772 0.054522 0.237971 0.969741 -0.998131 -0.013847 0.059516
20.015424 -31.399775 4198.687743 -803.424263 -0.098440 0.969302 -0.225305 0.312313 0.245058 0.917827 -0.944865 -0.019985 0.326849
2.038751 -35.687209 1345.664415 111.327656 -0.007070 0.997490 -0.070452 0.290513 0.069464 0.954346 -0.956845 0.013720 0.290275
0.799807 -35.857030 376.285698 1291.038371 -0.049381 0.998612 -0.018309 0.477915 0.039721 0.877507 -0.877017 -0.034583 0.479213
6.204021 -35.136663 603.106876 653.726425 -0.099619 0.993936 -0.046546 0.438985 0.085882 0.894381 -0.892955 -0.068664 0.444878
-66.895283 -100.433153 16537.742280 1360.459509 0.991593 0.009789 -0.129023 -0.127439 -0.098791 -0.986914 0.022407 -0.995060 0.096713
-99.367281 -105.019416 13990.529179 12560.420020 0.935960 -0.169420 0.308668 0.319120 0.037697 -0.946964 -0.148799 -0.984823 -0.089348
-63.459184 -81.542390 9516.010125 4321.725536 0.941017 0.017005 -0.337933 -0.333011 0.223442 -0.916066 -0.059930 -0.974569 -0.215925
-11.159551 -61.570361 12596.334515 5957.332398 0.996464 0.040632 0.073537 0.061135 0.249712 -0.966388 0.057629 -0.967467 -0.246345
0.689153 -86.732455 14085.500209 6878.545202 0.997878 0.042580 0.049256 0.048784 0.012046 -0.998737 0.043120 -0.999020 -0.009943
-1.442595 -15.752412 337.502446 651.022592 0.134582 0.969783 -0.203490 -0.123089 0.220129 0.967674 -0.983228 0.105184 -0.148995
-4.082185 -16.499092 726.041839 512.817276 0.114318 0.990837 -0.071925 -0.126187 0.086296 0.988246 -0.985398 0.103898 -0.134896
-2.771331 -13.162687 480.007411 546.479177 0.122176 0.986056 -0.112989 -0.078069 0.123037 0.989327 -0.989433 0.112051 -0.092013
-1.929194 -19.409002 645.157234 879.457659 0.130740 0.971064 -0.199855 -0.182488 0.221711 0.957884 -0.974477 0.088763 -0.206194
-1.126248 -12.607771 156.413877 441.316757 0.127596 0.980445 -0.149826 -0.077823 0.160492 0.983964 -0.988768 0.113890 -0.096779
-11.473363 -23.063936 -375.474716 125.811821 0.548239 -0.633706 -0.545757 0.513210 -0.260333 0.817828 0.660341 0.728453 -0.182499
-9.977639 -26.149009 606.755910 155.498244 -0.475413 0.533445 0.699585 0.656209 -0.314637 0.685852 0.585980 0.785137 -0.200469
-8.334748 -24.744833 -840.824511 364.862113 0.550731 -0.571019 -0.608796 0.527775 -0.326830 0.783987 0.646644 0.753073 -0.121374
-12.404355 -23.881209 838.749048 287.255288 -0.384603 0.541642 0.747465 0.717097 -0.334570 0.611420 0.581250 0.771160 -0.259733
-8.975668 -22.599871 -93.267713 266.196245 0.596639 -0.653053 -0.466417 0.387186 -0.274829 0.880089 0.702929 0.705685 -0.088879
-11.098084 -21.707676 -370.374677 136.087001 -0.643181 0.730085 0.230853 -0.266152 0.069530 -0.961420 0.717970 0.679810 -0.149593
-14.333121 -20.648565 -351.685372 274.253078 -0.640789 0.728932 0.240929 -0.333900 0.017973 -0.942437 0.691303 0.684350 -0.231873
-14.161081 -21.626004 388.915400 237.327070 -0.442483 0.621788 0.646211 0.629590 -0.297756 0.717605 0.638612 0.724376 -0.259720
-4.528484 -19.355729 893.279254 372.060222 -0.498177 0.856022 -0.138004 -0.334175 -0.042688 0.941544 -0.800092 -0.515173 -0.307328
-8.462351 -18.354445 1534.709968 563.598613 -0.529178 0.845942 -0.065976 -0.289027 -0.106603 0.951367 -0.797768 -0.522511 -0.300912
-6.780089 -17.118407 939.455080 835.918741 -0.511084 0.849512 -0.130851 -0.261887 -0.008908 0.965057 -0.818662 -0.527494 -0.227029
-3.256601 -18.137679 576.043128 1000.650574 -0.484332 0.851397 -0.201357 -0.312050 0.046903 0.948907 -0.817341 -0.522420 -0.242962
-1.392004 -21.625697 645.602754 -46.257899 -0.493741 0.859895 -0.129617 -0.340543 -0.054044 0.938674 -0.800156 -0.507602 -0.319515
0.022045 -30.107481 187.304026 528.911397 0.744973 -0.609435 0.271301 0.649286 0.755756 -0.085209 0.153108 -0.239631 -0.958715
0.255949 -31.027883 157.879889 695.032063 0.764427 -0.589179 0.261764 0.627775 0.772682 -0.094132 0.146800 -0.236286 -0.960530
-0.977949 -33.669644 259.116318 882.650782 0.777605 -0.574150 0.256284 0.628127 0.727547 -0.275919 0.028040 -0.375535 -0.926384
-1.344941 -31.959318 184.823724 715.668834 0.755493 -0.600828 0.261221 0.654706 0.707148 -0.267024 0.024286 -0.372758 -0.927611
-0.140498 -29.249316 -37.258588 443.436070 0.720204 -0.641507 0.264151 0.677773 0.731881 -0.070521 0.148088 -0.229824 -0.961900
2.565894 -68.721313 3189.190115 3529.456791 0.980606 -0.118421 0.156167 0.189914 0.770981 -0.607883 0.048416 -0.625752 -0.778518
-0.429730 -58.544134 821.257896 4799.497014 0.976500 -0.200375 0.079362 0.214251 0.862660 -0.458165 -0.023342 -0.464401 -0.885317
3.816300 -59.055300 1280.669962 2835.538371 0.968602 -0.225421 0.104856 0.248565 0.869582 -0.426665 -0.004998 -0.439332 -0.898311
8.625268 -68.663064 1487.396882 1431.407718 0.977224 -0.193079 0.088055 0.201178 0.710852 -0.673956 -0.067533 -0.676321 -0.733505
5.565855 -56.671179 490.571590 1516.306462 0.952166 -0.298911 0.063495 0.304128 0.906727 -0.292151 -0.029755 -0.297487 -0.954262
8.574037 -65.202132 557.006598 655.891023 0.963005 -0.263440 0.056748 0.249065 0.789678 -0.560691 -0.102896 -0.554082 -0.826078
3.541999 -50.998506 397.095206 1696.675993 0.950743 -0.301280 0.072919 0.309788 0.931739 -0.189454 0.010863 -0.202711 -0.979178
5.600002 -54.343459 -400.278823 -5.885577 0.899000 -0.415799 0.137513 -0.191154 -0.655052 -0.731004 -0.394029 -0.630887 0.668373
2.726385 -53.763741 -516.643739 9.760873 0.884462 -0.442608 0.147732 -0.193924 -0.636642 -0.746379 -0.424406 -0.631495 0.648918
5.105053 -60.275452 -624.475423 1605.461722 0.897952 -0.411662 0.155617 -0.242123 -0.757379 -0.606427 -0.367504 -0.506864 0.779763
30.020900 -48.438958 4997.841755 -2886.203527 0.265603 0.293804 0.918223 0.651051 0.647793 -0.395596 -0.711047 0.702882 -0.019225
24.485489 -49.602287 9060.994414 -2910.409937 0.310165 0.229840 0.922481 0.623449 0.683373 -0.379887 -0.717711 0.692947 0.068665
27.312377 -38.644414 5705.964085 -3205.338630 0.242656 0.192087 0.950905 0.544242 0.784465 -0.297347 -0.803068 0.589676 0.085813
32.192848 -44.495646 1874.766195 -3890.225142 0.204496 0.302531 0.930944 0.618617 0.697107 -0.362429 -0.758613 0.650013 -0.044595
32.297538 -29.961816 261.224538 -2858.237091 0.126425 0.236130 0.963462 0.507601 0.819065 -0.267347 -0.852266 0.522854 -0.016309
28.876478 -29.302946 7717.797033 -2322.166979 0.182779 0.032702 0.982610 0.425321 0.898453 -0.109016 -0.886394 0.437851 0.150309
-12.219062 -25.529505 -1338.074834 1463.965224 0.734112 -0.277721 -0.619638 -0.532679 0.330385 -0.779166 -0.421109 -0.902063 -0.094603
-17.081921 -24.742245 -359.208052 1273.517124 0.754025 -0.211970 -0.621703 -0.532562 0.356735 -0.767540 -0.384479 -0.909840 -0.156099
-17.609964 -29.019886 -2360.920746 3282.248613 0.660403 -0.212104 -0.720333 -0.641953 0.338197 -0.688127 -0.389569 -0.916861 -0.087186
-12.208576 -29.845460 -2313.677525 2492.359360 0.675573 -0.268577 -0.686634 -0.623428 0.289104 -0.726468 -0.393622 -0.918850 -0.027873
-11.047377 -27.657055 -1946.897467 1817.572018 0.684840 -0.294518 -0.666524 -0.587223 0.318537 -0.744112 -0.431467 -0.900996 -0.045199
18.234225 -30.354528 1752.080160 -329.458242 -0.595601 0.803075 0.018157 -0.719591 -0.523367 -0.456373 0.356999 0.284882 -0.889603
19.105464 -31.819252 2849.930286 -259.209453 -0.578810 0.815384 0.011310 -0.772917 -0.544137 -0.326364 0.259957 0.197645 -0.945177
21.169483 -31.733719 1179.176863 -134.813730 -0.535436 0.842697 -0.056300 -0.783606 -0.520545 -0.339109 0.315073 0.137454 -0.939061
21.902730 -29.106155 1912.886889 -428.965982 -0.570003 0.821229 -0.026069 -0.667261 -0.481183 -0.568529 0.479436 0.306668 -0.822250
17.455298 -28.734255 3495.735401 -324.606936 -0.608730 0.792124 0.044577 -0.668875 -0.482176 -0.565785 0.426678 0.374227 -0.823347
-16.781387 -112.235625 -1312.262746 4751.820401 0.110155 0.010868 0.993855 -0.666598 0.742511 0.065764 -0.737233 -0.669746 0.089036
-13.634216 -113.515874 -1568.127400 6251.424404 0.096223 -0.036126 0.994704 -0.687242 0.720496 0.092648 -0.720027 -0.692517 0.044501
-15.988032 -123.355043 729.003494 -6444.707307 -0.104901 0.001268 -0.994482 0.824196 -0.559480 -0.087652 -0.556504 -0.828843 0.057645
-15.119331 -120.209862 -258.277345 -4815.088627 -0.160493 -0.027693 -0.986648 0.805314 -0.581653 -0.114670 -0.570711 -0.812966 0.115653
-15.613889 -121.378501 -124.493618 4760.522489 0.156256 0.047153 0.986590 -0.657297 0.750536 0.068232 -0.737255 -0.659145 0.148270
-4.810219 -76.702661 332.308163 -1025.872112 0.364335 0.100193 0.925862 0.414379 0.872909 -0.257524 -0.833996 0.477484 0.276514
-5.860497 -73.113650 172.598023 -777.246297 0.340277 0.114942 0.933274 0.450361 0.851343 -0.269055 -0.825461 0.511863 0.237927
-5.390577 -73.014011 17.794949 -1498.645955 0.353886 0.138811 0.924931 0.264053 0.933867 -0.241181 -0.897241 0.329581 0.293829
15.413217 -68.787918 1343.665534 -8122.833930 -0.455837 0.020003 -0.889839 0.729034 0.581924 -0.360380 0.510610 -0.812997 -0.279845
11.674736 -69.161648 855.527855 -6343.107518 -0.464695 0.040808 -0.884530 0.748818 0.551246 -0.367966 0.472578 -0.833344 -0.286719
15.288425 -61.272184 1701.389748 -2664.118436 -0.465084 0.016873 -0.885106 0.774944 0.491110 -0.397836 0.427971 -0.870934 -0.241483
3.360815 -31.171410 207.398220 -603.480278 -0.420181 -0.323283 -0.847901 -0.650174 0.759078 0.032779 0.633026 0.565057 -0.529140
-0.966883 -30.185174 467.613695 -579.736120 -0.439973 -0.321677 -0.838420 -0.639976 0.767276 0.041456 0.629964 0.554808 -0.543446
2.609080 -28.475007 169.500775 -513.157381 -0.473675 -0.250492 -0.844326 -0.535298 0.843173 0.050158 0.699348 0.475725 -0.533478
6.713568 -30.787619 1007.998382 -85.081942 -0.469044 -0.261169 -0.843676 -0.580490 0.811110 0.071637 0.665605 0.523346 -0.532052
5.355685 -29.906631 551.802938 -249.416063 -0.489000 -0.197422 -0.849649 -0.474904 0.877291 0.069478 0.731672 0.437477 -0.522752
4.453023 -27.149839 -708.920634 -297.818395 -0.506724 -0.145015 -0.849824 -0.382575 0.921198 0.070923 0.772572 0.361060 -0.522272
-8.893599 -136.617546 164.831266 -16120.759625 0.308348 0.019899 0.951066 0.777044 0.571461 -0.263884 -0.548748 0.820388 0.160746
-8.559989 -170.023387 1487.923965 -32267.523954 0.320487 -0.023232 0.946968 0.825694 0.496794 -0.267255 -0.464239 0.867557 0.178398
-9.253046 -143.098844 732.082325 -8523.256390 0.287582 -0.003733 0.957749 0.925403 0.258799 -0.276860 -0.246831 0.965924 0.077881
-8.791050 -128.766771 859.269524 -20205.845969 0.330118 -0.020007 0.943728 0.643203 0.736513 -0.209379 -0.690878 0.676128 0.256005
-7.830956 -131.971077 -48.279207 -9152.258881 0.264988 0.048211 0.963046 0.883576 0.387775 -0.262534 -0.386102 0.920492 0.060158
-8.992786 -121.109235 -494.985156 -11218.500691 0.271431 0.064177 0.960316 0.732716 0.633182 -0.249415 -0.624062 0.771338 0.124842
-8.530119 -105.897535 150.765829 -12739.584258 0.313225 0.013395 0.949584 0.607101 0.766082 -0.211062 -0.730287 0.642603 0.231824
6.167734 -31.499521 2213.661682 279.006612 -0.453226 0.877306 -0.157864 -0.636061 -0.442364 -0.632250 0.624510 0.186141 -0.758511
6.117801 -32.078958 2342.355821 418.322677 -0.464703 0.870256 -0.163420 -0.547895 -0.427586 -0.719014 0.695602 0.244591 -0.675510
7.770098 -31.097279 -156.611288 152.845425 -0.437174 0.875729 -0.204885 -0.534113 -0.436083 -0.724262 0.723604 0.207197 -0.658382
-8.029036 -26.342967 843.798466 500.567881 -0.515711 0.524075 0.677781 0.585817 -0.361575 0.725315 0.625188 0.771109 -0.120544
-10.414993 -27.502188 781.414012 286.594611 -0.338537 0.484447 0.806662 0.801399 -0.300813 0.516983 0.493106 0.821476 -0.286399
-4.304245 -22.025873 62.312907 -94.564597 -0.363586 0.863761 0.348886 -0.706932 -0.011930 -0.707180 0.606673 0.503760 -0.614959
-4.213347 -20.338797 -202.951283 490.323685 -0.286511 0.854677 0.432942 -0.722956 0.103661 -0.683073 0.628686 0.508706 -0.588194
-2.594615 -22.934073 -236.122273 570.321672 -0.265162 0.864862 0.426267 -0.685271 0.141967 -0.714317 0.678302 0.481518 -0.555020
-8.695281 -65.156540 222.614345 -1946.431585 0.818833 -0.573423 -0.026426 -0.563191 -0.811423 0.156231 0.111028 0.113044 0.987367
-8.103216 -68.575269 -221.338062 2173.836081 0.837356 -0.544731 0.045858 0.543836 0.838610 0.031240 -0.055474 -0.001220 0.998459
-8.285679 -69.894022 194.523626 -2444.184034 0.823739 -0.566244 -0.028664 -0.566857 -0.823528 -0.021781 0.011272 -0.034190 0.999352
-62.371087 -1329.708357 39941.141100 -98800.936880 0.044122 -0.836160 -0.546709 0.892545 -0.212846 0.397568 -0.448795 -0.505503 0.736919
-133.256267 -2691.502540 -39171.103554 -75336.592855 -0.048859 0.913476 0.403949 0.885806 -0.147229 0.440080 -0.461476 -0.379322 0.801969
45.995473 -1472.432077 -14704.521391 492458.967840 0.079921 -0.892300 -0.444313 0.944983 0.209668 -0.251090 0.317205 -0.399801 0.859965
-52.607438 -762.263595 6912.265628 170454.786576 0.377017 -0.803261 -0.461118 0.896932 0.192457 0.398088 -0.231023 -0.563677 0.793030
-3.607893 -651.883234 -6069.763825 -104859.518635 -0.466796 0.803071 0.370377 0.429452 -0.160269 0.888754 -0.773093 -0.573926 0.270068
-30.707263 -48.280408 -265.082989 439.791520 -0.024180 0.937733 -0.346514 0.498876 0.311692 0.808685 -0.866336 0.153314 0.475349
-25.846258 -41.489454 -433.864558 2109.819902 0.172808 0.953655 -0.246332 0.649535 0.077669 0.756354 -0.740433 0.290705 0.606011
-28.475022 -46.170376 -443.789315 1025.571433 0.140009 0.949941 -0.279301 0.551342 0.159509 0.818889 -0.822447 0.268642 0.501410
24.879745 -59.560090 -5084.451168 -1207.623714 0.190110 0.951278 -0.242750 0.127672 -0.269115 -0.954608 0.973426 -0.150488 0.172613
-35.454538 -49.440523 1245.826611 615.756107 0.330782 0.680561 0.653773 -0.533916 0.706197 -0.464994 -0.778150 -0.195248 0.596960
-40.027219 -51.490177 1449.390458 1159.986730 0.258031 0.587358 0.767092 -0.451213 0.775332 -0.441891 -0.854299 -0.232100 0.465083
7.265444 -64.338822 426.587429 5591.071716 0.494982 -0.138280 0.857830 0.866201 0.000731 -0.499695 0.068471 0.990393 0.120140
16.927250 -71.175787 -323.516120 -1704.526462 0.529453 -0.156022 0.833869 0.813342 0.372774 -0.446671 -0.241154 0.914711 0.324265
-1.980418 -29.190201 -161.316028 -106.126911 -0.227503 0.923679 -0.308316 0.907907 0.086729 -0.410102 -0.352062 -0.373221 -0.858346
-2.925511 -29.483502 -69.293025 122.817763 -0.226343 0.927568 -0.297298 -0.894696 -0.077317 0.439933 -0.385082 -0.365567 -0.847392
-0.410786 -29.241762 -328.224275 146.427304 -0.228985 0.917687 -0.324678 -0.858248 -0.032946 0.512177 -0.459321 -0.395935 -0.795147
-2.960246 -29.016040 -74.769310 125.484884 -0.237357 0.926075 -0.293338 0.940156 0.142998 -0.309288 -0.244477 -0.349195 -0.904596
-0.699816 -29.252665 -223.626765 -71.737047 -0.224619 0.921600 -0.316542 0.920114 0.093638 -0.380292 -0.320837 -0.376676 -0.869010
-2.530862 -28.778117 -177.800997 176.406791 -0.233722 0.922953 -0.305831 0.950222 0.150166 -0.272999 -0.206039 -0.354413 -0.912107
-1.291637 -53.724436 -60.114680 -2676.655728 -0.430683 0.901583 -0.040757 0.896359 0.432575 0.097058 -0.105136 -0.005268 0.994444
-0.968180 -52.121186 314.973884 -1754.395521 -0.374401 0.925231 -0.061408 0.924050 0.377795 0.058331 -0.077169 0.034905 0.996407
2.122828 -52.930348 368.272098 -689.175656 -0.326520 0.942755 -0.067811 0.935444 0.312044 -0.166049 0.135383 0.117651 0.983783
-0.370330 -57.655514 -6.280464 -4414.264137 -0.469861 0.882733 0.003642 0.089107 0.043325 0.995079 -0.878231 -0.467874 0.099014
-0.803047 -71.748229 -32.544657 -4774.202269 -0.462196 0.886278 0.029766 0.295365 0.122210 0.947536 -0.836143 -0.446739 0.318261
-0.148871 -46.680854 -17.341511 -2025.439140 -0.477378 0.878679 -0.005705 -0.069191 -0.031117 0.997118 -0.875970 -0.476397 -0.075651
-0.024735 -46.496974 42.451904 -2410.438514 -0.469813 0.882759 -0.003385 -0.070206 -0.033541 0.996968 -0.879970 -0.468626 -0.077733
-0.084091 -57.998379 19.121226 -4785.882564 -0.465765 0.884721 0.018224 0.091350 0.027587 0.995437 -0.880181 -0.465305 0.093669
-1.902993 -43.455100 13.758645 -1541.700290 -0.348445 0.914126 -0.207266 -0.629311 -0.064274 0.774491 -0.694661 -0.400302 -0.597666
-1.670849 -38.525668 49.769515 -1096.853637 -0.337946 0.915549 -0.218087 -0.742823 -0.117176 0.659154 -0.577934 -0.384758 -0.719690
-1.802626 -38.285026 -14.422590 -1196.844546 -0.352830 0.909381 -0.220313 -0.753246 -0.136365 0.643448 -0.555096 -0.392977 -0.733101
42.841511 -55.622059 2780.934768 -2467.120000 0.722842 -0.467008 0.509317 -0.593518 -0.797060 0.111495 -0.353887 0.382882 0.853326
-0.681086 -36.170872 -122.127610 -1547.580127 -0.367327 0.900255 -0.233691 -0.778568 -0.160166 0.606777 -0.508825 -0.404830 -0.759743
-0.559624 -43.329622 -187.495379 -2161.404585 -0.350866 0.906692 -0.234099 -0.677112 -0.072964 0.732254 -0.646848 -0.415434 -0.639533
-1.279890 -37.344913 -197.774439 -1324.960462 -0.363430 0.902724 -0.230236 -0.764648 -0.147863 0.627255 -0.532195 -0.404013 -0.744004
9.041983 -14.427767 721.662729 -1686.440998 -0.482112 0.871879 -0.085996 -0.120885 0.031018 0.992182 -0.867730 -0.488739 -0.090443
3.268393 -15.452393 3170.455351 -1698.049618 -0.422868 0.898712 -0.116190 -0.124472 0.069398 0.989793 -0.897602 -0.433014 -0.082518
4.952863 -17.434410 1416.426921 -1492.955316 -0.456457 0.887249 -0.066610 -0.054515 0.046834 0.997414 -0.888074 -0.458908 -0.026991
-5.269570 -84.610229 -251.838908 -191.638832 0.098656 0.267695 0.958440 0.879272 -0.474464 0.042012 0.465992 0.838584 -0.282185
-4.132724 -88.743265 -49.709490 4353.770515 0.129126 0.264570 0.955683 0.925865 -0.377291 -0.020648 0.355107 0.887499 -0.293674
-4.900663 -87.022656 109.508077 5684.005705 0.140981 0.278484 0.950037 0.897895 -0.440189 -0.004211 0.417024 0.853628 -0.312108
6.426811 -60.960713 4578.866318 6809.121560 -0.185674 -0.453489 -0.871707 -0.442217 0.830781 -0.338005 0.877479 0.322725 -0.354795
1.148626 -57.733531 2625.430113 5532.968867 -0.174358 -0.422817 -0.889283 -0.484257 0.823176 -0.296440 0.857377 0.378955 -0.348279
12.741550 -61.820871 4759.161345 5594.158946 -0.163131 -0.448171 -0.878938 -0.459626 0.822814 -0.334247 0.873002 0.349456 -0.340217
-2.269690 -69.370102 1454.433796 5673.060190 -0.125463 -0.469489 -0.873979 -0.326701 0.851356 -0.410437 0.936763 0.234035 -0.260197
5.294535 -71.896515 3279.657654 6730.654135 -0.145971 -0.460693 -0.875474 -0.305247 0.862748 -0.403101 0.941019 0.208395 -0.266561
1.686494 -37.705423 -29.189220 1952.092663 -0.138613 -0.257084 -0.956396 0.791216 -0.609556 0.049178 -0.595620 -0.749900 0.287902
0.080810 -39.416685 80.391591 -1751.599506 -0.068052 -0.291587 -0.954121 0.838728 -0.534612 0.103559 -0.540281 -0.793200 0.280944
0.926804 -41.487832 3.468382 1171.274657 -0.077069 -0.281263 -0.956531 0.786006 -0.607379 0.115267 -0.613397 -0.742955 0.267885
0.903820 -45.759411 7.300368 248.116100 -0.039330 -0.307933 -0.950595 0.787616 -0.594989 0.160152 -0.614909 -0.742405 0.265934
2.075074 -46.453425 -70.017595 -2878.773388 0.085370 0.275321 0.957554 -0.720872 0.680500 -0.131392 -0.687790 -0.679057 0.256566
-2.371082 -74.335446 -169.296279 -579.315688 0.200625 0.222537 0.954058 0.784764 0.546442 -0.292484 -0.586426 0.807390 -0.065009
-4.275934 -77.575797 -307.398163 154.412662 0.184706 0.209351 0.960237 0.901366 0.353316 -0.250412 -0.391691 0.911778 -0.123443
-3.209804 -76.294130 -6.647675 790.749401 0.184628 0.216967 0.958560 0.912703 0.323908 -0.249111 -0.364534 0.920874 -0.138224
-3.007883 -75.738013 -584.873083 348.378515 0.186526 0.240509 0.952556 0.895902 0.356271 -0.265387 -0.403196 0.902899 -0.149019
4.198507 -372.002316 -4671.861025 -65121.787364 0.099951 -0.546127 -0.831718 0.990626 -0.023605 0.134547 -0.093113 -0.837370 0.538648
5.020473 -177.030610 -1041.840042 -7033.946848 -0.010326 -0.500753 -0.865529 0.888874 -0.401081 0.221441 -0.458034 -0.767060 0.449248
2.619929 -140.776444 -1152.470003 8543.602710 -0.083502 -0.482594 -0.871854 0.774222 -0.582245 0.248137 -0.627382 -0.654289 0.422253
14.450087 -29.625161 5308.921957 -431.712799 -0.402834 0.909300 -0.104399 0.856932 0.334623 -0.392040 0.321547 0.247389 0.914005
13.439654 -29.784452 4361.380982 150.482868 -0.420724 0.900400 -0.110778 0.878004 0.373418 -0.299448 0.228256 0.223248 0.947660
2.325221 -31.097486 953.697173 208.787758 -0.402505 0.911644 -0.083036 0.880735 0.360928 -0.306654 0.249589 0.196562 0.948192
-5.726464 -28.403448 -1567.974074 -96.055404 0.585019 -0.604855 0.540280 0.726513 0.686926 -0.017646 -0.360459 0.402844 0.841300
-0.077752 -27.957248 -1860.255869 -243.456995 0.575590 -0.608832 0.545911 0.685159 0.723480 0.084459 -0.446377 0.325422 0.833575
20.078100 -29.963141 81.498154 -288.577562 0.210548 0.051780 -0.976211 -0.025660 0.998545 0.047431 0.977247 0.015063 0.211570
20.917690 -28.197958 4274.311179 756.531436 -0.065000 0.074953 -0.995066 -0.147510 0.985498 0.083868 0.986922 0.152234 -0.053002
-4.961694 -24.233304 -515.007259 531.611249 0.243144 -0.939302 0.242062 0.968462 0.249084 -0.006238 -0.054434 0.235944 0.970241
1.012456 -87.389382 -390.689603 -862.909636 -0.178550 0.978413 0.104061 0.156356 0.132631 -0.978755 0.971428 0.158486 0.176662
0.450881 -83.817540 -407.254291 -3405.946636 -0.180148 0.975525 0.126087 0.326397 0.180206 -0.927896 0.927907 0.126004 0.350872
2.789643 -84.236133 -395.344045 -4458.095508 -0.184250 0.977967 0.098145 0.427304 0.169626 -0.888053 0.885135 0.121686 0.449142
3.974285 -77.085453 -564.347271 -2959.924441 -0.189090 0.976143 0.106724 0.604958 0.201413 -0.770363 0.773480 0.081104 0.628611
6.629220 -80.166278 -537.927493 -1530.688368 -0.193787 0.979634 0.052578 0.568420 0.155800 -0.807852 0.799591 0.126665 0.587035
5.721641 -76.793566 -532.656550 -901.536245 -0.176998 0.983463 0.038361 0.469797 0.118672 -0.874761 0.864848 0.136809 0.483033
3.846631 -79.627026 -407.198757 -6765.726347 -0.178472 0.982197 0.058617 0.372684 0.122614 -0.919822 0.910634 0.142317 0.387932
-3.240502 -44.653895 170.643408 10071.012143 -0.031882 -0.227337 -0.973294 0.957359 0.272808 -0.095081 0.287138 -0.934823 0.208946
1669.466933 -651.175220 -372299.117176 112474.099583 0.937008 0.026536 0.348298 0.348946 -0.116469 -0.929877 -0.015890 -0.992840 0.118392
-4.188156 -44.978451 -3045.319435 -1303.044841 0.960964 0.240223 -0.137263 -0.086678 -0.209749 -0.973906 0.262746 -0.947786 0.180739
-14.082108 -205.497168 -965.327347 -51458.702973 0.748053 0.108267 -0.654748 -0.601371 -0.306657 -0.737777 0.280660 -0.945643 0.164287
-14.773175 -104.830389 1538.293561 -26373.223821 0.769754 0.117652 -0.627405 -0.566181 -0.328105 -0.756166 0.294819 -0.937286 0.185948
40.488130 -24.711036 7939.110905 -905.570673 -0.040650 0.913988 -0.403699 -0.013724 0.403484 0.914884 -0.999079 -0.042731 0.003858
-35.207739 -46.552589 660.769421 2574.275822 0.579893 -0.012406 -0.814599 0.685573 -0.532746 0.496156 -0.440129 -0.846184 -0.300430
-35.659079 -48.188676 319.534173 2132.212516 0.385994 -0.011707 -0.922427 0.755956 -0.569070 0.323557 -0.528714 -0.822206 -0.210808
-36.618621 -51.975517 530.258931 996.754005 0.511832 -0.001496 -0.859084 0.646922 -0.657307 0.386573 -0.565261 -0.753621 -0.335463
-30.304182 -38.786186 -2371.055813 3033.794407 -0.111585 0.149608 -0.982429 0.896185 -0.412045 -0.164537 -0.429421 -0.898797 -0.088098
-35.831873 -51.696885 371.862382 -807.921869 0.615121 0.048044 -0.786967 -0.597544 0.679579 -0.425574 -0.514360 -0.732027 -0.446732
-30.928581 -33.705017 3807.586986 -733.642268 0.917116 -0.374593 0.136299 0.209600 0.162324 -0.964219 -0.339065 -0.912869 -0.227385
-33.734976 -46.028825 95.895211 -1984.863535 0.752409 -0.015728 -0.658509 -0.538595 0.560835 -0.628792 -0.379205 -0.827778 -0.413506
-5.987711 -23.294205 -820.466257 1036.735652 0.553463 -0.542737 -0.631756 0.483915 -0.407806 0.774287 0.677868 0.734255 -0.036933
-8.277098 -20.852192 -393.472639 -145.195506 -0.641798 0.737204 0.211246 -0.189203 0.114730 -0.975212 0.743167 0.665858 -0.065848
-5.700050 -19.842401 -829.973593 1145.666853 0.607251 -0.603212 -0.517089 0.362337 -0.368948 0.855914 0.707077 0.707115 0.005478
-7.193206 -19.154111 -238.188740 -974.192182 -0.622772 0.682121 0.383231 -0.268106 0.274105 -0.923572 0.735034 0.677921 -0.012176
-12.585605 -18.330402 1198.916200 523.742559 -0.593418 0.804434 0.027205 -0.235096 -0.205553 0.949988 -0.769795 -0.557345 -0.311098
-11.162218 -18.897384 1399.773989 44.235924 -0.577538 0.816341 -0.006020 -0.316421 -0.217048 0.923454 -0.752547 -0.535235 -0.383661
-11.567641 -17.040188 1355.531605 358.935878 -0.575037 0.814482 0.077147 -0.149451 -0.197287 0.968887 -0.804361 -0.545617 -0.235172
-15.048622 -18.927644 502.054374 82.411224 -0.683719 0.695303 0.221546 -0.130303 -0.415037 0.900425 -0.718018 -0.586770 -0.374368
-15.089163 -18.428615 490.066654 241.236061 -0.668749 0.707608 0.228179 -0.071426 -0.366630 0.927621 -0.740049 -0.604048 -0.295725
0.378606 -32.170029 -70.862633 920.406077 0.780389 -0.575326 0.244932 0.610781 0.785266 -0.101510 0.133936 -0.228817 -0.964212
1.009155 -30.367647 5.601237 5.708526 -0.756964 0.602564 -0.252828 0.612150 0.789266 0.048285 0.228643 -0.118218 -0.966306
0.614131 -30.958513 156.849628 205.121510 -0.767321 0.595142 -0.238797 0.604303 0.795686 0.041256 0.214561 -0.112650 -0.970193
1.290583 -33.412755 -6.600444 -944.376576 -0.745202 0.616431 -0.254337 0.587202 0.787353 0.187801 0.316019 -0.009397 -0.948706
0.797828 -33.433482 95.326126 -860.557502 -0.748003 0.618660 -0.240313 0.591454 0.785633 0.181558 0.301120 -0.006328 -0.953565
-2.554926 -66.763611 681.502079 2638.250110 0.982569 -0.181776 0.038946 0.158140 0.707157 -0.689145 -0.097729 -0.683291 -0.723576
3.512446 -50.610774 -389.614765 21.582961 0.887316 -0.441678 0.132632 -0.119605 -0.498169 -0.858791 -0.445382 -0.746155 0.494860
1.251149 -49.745789 -357.338808 390.123651 0.879004 -0.461336 0.120504 -0.126244 -0.468882 -0.874192 -0.459799 -0.753206 0.470390
-0.100029 -54.065957 -513.152910 286.540408 0.872578 -0.471208 0.128727 -0.215141 -0.607320 -0.764772 -0.438546 -0.639629 0.631310
19.860920 -59.840013 4713.057190 -1206.927054 0.330883 0.310074 0.891275 0.762349 0.468825 -0.446124 -0.556183 0.827078 -0.081258
-16.087409 -20.652764 -403.378828 -2642.825262 0.866047 -0.281804 -0.412975 -0.331565 0.294508 -0.896287 -0.374202 -0.913155 -0.161621
-19.228097 -26.423339 952.077685 -1999.554902 0.542931 -0.054109 -0.838032 0.750379 -0.416781 0.513055 -0.377037 -0.907395 -0.185681
-20.532833 -30.349393 -151.885393 -5392.249961 0.471144 -0.066510 -0.879545 0.782070 -0.429636 0.451419 -0.407908 -0.900550 -0.150405
20.116518 -32.563259 2000.539252 -478.463724 -0.550743 0.834090 -0.031249 -0.802733 -0.539554 -0.253972 0.228696 0.114789 -0.966707
-6.491554 -103.745748 -1766.387697 6463.100988 0.103996 -0.093575 0.990166 -0.529978 0.837231 0.134785 -0.841610 -0.538784 0.037476
-7.496535 -115.135638 1766.284073 -6166.069614 -0.099496 0.097779 -0.990222 0.725364 -0.674093 -0.139447 -0.681137 -0.732146 -0.003856
-14.082103 -123.847466 1615.786116 -5471.228571 -0.086657 0.054052 -0.994771 0.851561 -0.514213 -0.102122 -0.517044 -0.855958 -0.001469
-1.909565 -68.622746 225.782235 -2163.315843 0.387205 0.126756 0.913239 -0.091777 0.990884 -0.098620 -0.917414 -0.045628 0.395309
-2.895033 -74.448540 317.101453 -1916.310329 0.389919 0.107358 0.914570 0.086262 0.984555 -0.152350 -0.916800 0.138297 0.374636
-3.586735 -71.639261 48.466652 -1742.585514 0.368415 0.139948 0.919067 0.082541 0.979776 -0.182280 -0.925990 0.143015 0.349413
11.601288 -76.955431 -0.043033 -6091.625305 -0.438274 0.028293 -0.898396 0.653366 0.696433 -0.296806 0.617276 -0.717064 -0.323714
8.335689 -79.609402 718.407558 -3717.054733 -0.468946 0.059743 -0.881204 0.662084 0.684132 -0.305956 0.584581 -0.726908 -0.360376
8.270556 -74.177269 926.170781 -3010.219097 -0.492144 0.053372 -0.868876 0.767467 0.497665 -0.404135 0.410839 -0.865726 -0.285884
13.235913 -58.015361 2772.855757 2441.507591 0.257388 0.156617 0.953531 0.925161 -0.324828 -0.196377 0.278978 0.932715 -0.228503
7.221977 -61.634259 2919.407783 2327.691838 0.237456 0.134213 0.962082 0.933771 -0.304520 -0.187987 0.267743 0.943003 -0.197634
12.439628 -64.006893 2507.598647 1550.906241 0.227351 0.160901 0.960428 0.969340 -0.131817 -0.207377 0.093234 0.978128 -0.185936
8.409581 -55.497806 2662.744038 3318.001679 0.271283 0.113197 0.955820 0.862009 -0.470359 -0.188953 0.428190 0.875185 -0.225177
13.914370 -61.631259 1638.476018 1689.779496 0.268763 0.211110 0.939787 0.958935 -0.150427 -0.240448 0.090608 0.965818 -0.242870
