13836
27663
-39.282763 -65.554549 -2486.680728 8997.961731 0.134019 0.981693 0.135340 0.822865 -0.034138 -0.567211 0.552207 -0.187384 0.812376
-44.411196 -70.071388 -1513.820470 6183.509090 0.293804 0.955836 -0.007531 0.829480 -0.258864 -0.494926 0.475018 -0.139164 0.868902
-51.258583 -77.552327 -939.178669 2733.667438 0.117948 0.986372 0.114714 0.932353 -0.070242 -0.354661 0.341770 -0.148785 0.927931
-44.712479 -67.581776 747.937627 7605.056878 0.420558 0.878294 -0.227444 0.726320 -0.476158 -0.495714 0.543682 -0.043279 0.838175
-36.238797 -86.180724 -3450.202832 10642.689950 -0.063989 0.961754 0.266337 0.902833 0.169503 -0.395172 0.425203 -0.215171 0.879149
-21.241924 -71.092809 -5265.346264 14185.511873 0.129689 0.958024 0.255676 0.800553 0.050979 -0.597089 0.585060 -0.282118 0.760338
-27.327821 -51.145299 -2518.582735 9233.168018 0.265767 0.959258 0.095874 0.714770 -0.129339 -0.687296 0.646894 -0.251189 0.720023
-34.923423 -50.179241 -722.755178 5914.496379 0.465280 0.864153 -0.191714 0.619053 -0.472485 -0.627321 0.632684 -0.173199 0.754794
-54.324665 -78.861493 -795.106318 -1454.583513 -0.491311 -0.713863 0.499012 0.823468 -0.567363 -0.000883 0.283751 0.410486 0.866595
-51.041419 -76.440526 283.722920 -1321.697286 0.544734 0.672576 -0.500906 -0.725844 0.677299 0.120069 0.420019 0.298174 0.857133
-51.414938 -77.554112 -758.015252 -1374.601746 -0.556564 -0.551130 0.621685 0.741172 -0.667462 0.071822 0.375368 0.500749 0.779967
28.489543 -144.672143 19042.603764 18322.733826 0.341323 -0.206896 -0.916893 0.926941 -0.087613 0.364834 -0.155814 -0.974432 0.161876
-34.845162 -136.660216 26378.187335 11086.608627 0.391610 -0.172686 -0.903781 0.903258 -0.115094 0.413374 -0.175404 -0.978229 0.110909
-5.064643 -141.731251 19616.772394 2772.167612 0.342998 -0.185007 -0.920937 0.876108 -0.290609 0.384683 -0.338802 -0.938786 0.062408
34.621035 -146.093718 8685.332956 3464.263383 0.309513 -0.332120 -0.891010 0.840917 -0.341837 0.419530 -0.443914 -0.879115 0.173483
15.511876 -48.040583 -5355.897544 -697.630832 0.630955 -0.735993 0.245378 -0.531711 -0.179909 0.827597 0.564960 0.652647 0.504850
14.693772 -48.137255 -6200.912129 536.094943 0.619049 -0.733348 0.281032 -0.618820 -0.235145 0.749512 0.483570 0.637893 0.599377
4.296437 -46.553658 -5814.417660 -913.981400 0.618243 -0.732019 0.286225 -0.556079 -0.150008 0.817480 0.555475 0.664565 0.499801
5.730510 -44.977263 -4373.207235 -1764.001807 0.633975 -0.734076 0.243326 -0.459651 -0.104641 0.881914 0.621930 0.670956 0.403758
14.132279 -46.608094 -3452.596543 -1625.477808 0.642420 -0.740224 0.198405 -0.433980 -0.138012 0.890289 0.631631 0.658043 0.409904
-3.390438 -75.636040 -429.021830 1126.581158 0.379219 0.914843 -0.138761 0.700709 -0.185985 0.688779 -0.604317 0.358429 0.711568
-3.302998 -76.605339 -337.520346 -457.026846 0.364822 0.916880 -0.161977 0.533115 -0.063076 0.843688 -0.763344 0.394148 0.511814
-1.992302 -77.925820 -211.462477 1096.282843 0.371627 0.918186 -0.137212 0.694933 -0.177121 0.696919 -0.615598 0.354347 0.703901
-5.270633 -74.244878 -614.662896 -534.084476 0.371194 0.912860 -0.170002 0.543604 -0.065206 0.836805 -0.752801 0.403031 0.520438
-1.562084 -72.969360 -277.892484 2446.949013 0.390531 0.912605 -0.120981 0.818668 -0.284178 0.499025 -0.421033 0.293929 0.858101
-3.114584 -70.527117 -557.772235 2367.013017 0.401698 0.908006 -0.119009 0.818769 -0.297893 0.490793 -0.410191 0.294591 0.863110
-5.416636 -73.172899 -754.708491 1057.585673 0.387969 0.910328 -0.144165 0.706461 -0.193259 0.680855 -0.591940 0.365998 0.718089
-32.476644 -138.425420 679.486729 17228.396037 0.108222 0.994065 -0.011124 0.852345 -0.087022 0.515688 -0.511660 0.065290 0.856704
-30.940124 -137.314832 689.640144 17297.522291 0.197075 0.979374 -0.044582 0.848183 -0.147517 0.508748 -0.491678 0.138075 0.859760
-33.206597 -145.805123 382.818671 4440.500677 0.112190 0.993591 -0.013803 0.622263 -0.059419 0.780550 -0.774727 0.096159 0.624941
-34.226168 -146.799816 -712.309099 6539.082153 0.014301 0.998575 0.051407 0.648445 -0.048397 0.759721 -0.761127 -0.022470 0.648214
-32.598500 -141.931825 -634.817806 -11693.003271 0.000550 0.999051 0.043546 0.351897 -0.040954 0.935142 -0.936039 -0.014809 0.351586
-31.466722 -140.646247 298.661189 -14025.178884 0.099074 0.994589 -0.031261 0.303194 -0.000251 0.952929 -0.947764 0.103889 0.301579
-7.483851 -125.910320 -358.494601 -44011.666086 0.790202 0.516999 -0.329080 -0.612771 0.658089 -0.437527 0.009637 -0.547386 -0.836825
1.376458 -94.563702 -717.612403 -18904.204390 0.718677 0.586301 -0.373838 -0.687395 0.517981 -0.509102 0.104846 -0.622854 -0.775281
-9.053121 -81.823840 -4820.059272 -22584.448039 0.722485 0.558911 -0.406981 -0.691062 0.601820 -0.400308 -0.021193 -0.570465 -0.821048
-26.221750 -52.283894 4899.388091 -450.293533 -0.501513 -0.639691 0.582478 -0.255087 0.752672 0.606972 -0.826690 0.155822 -0.540651
-24.126153 -52.569583 5290.919319 -2210.325068 -0.514359 -0.652383 0.556626 -0.396390 0.756433 0.520273 -0.760467 0.046967 -0.647676
-12.991081 -49.056000 -2185.985740 -325.231609 0.434083 0.768086 -0.470760 -0.380265 0.629947 0.677175 -0.816683 0.114936 -0.565526
-13.478555 -47.747387 -1701.544238 148.507718 0.447135 0.745634 -0.494066 -0.231284 0.629952 0.741396 -0.864047 0.217235 -0.454127
-25.138263 -49.424761 3793.974344 731.367582 -0.488490 -0.630103 0.603612 -0.111358 0.731125 0.673094 -0.865435 0.261582 -0.427314
11.611491 -46.012422 1360.454824 -228.251286 0.574718 -0.816552 -0.054249 0.817519 0.575860 -0.006952 0.036917 -0.040354 0.998503
10.692433 -45.585845 6615.085807 -331.198163 0.565194 -0.821918 -0.070755 0.822878 0.555605 0.119061 -0.058547 -0.125515 0.990363
22.705024 -45.836102 12107.268553 -485.989150 0.576801 -0.813287 -0.076580 0.816517 0.576815 0.024190 0.024499 -0.076482 0.996770
4.602240 -81.371440 325.227807 -10474.098153 0.465938 -0.157313 0.870721 -0.364658 0.862469 0.350957 -0.806180 -0.481040 0.344492
5.055439 -97.404667 263.009186 -10306.216234 0.455039 -0.131298 0.880738 -0.259608 0.926543 0.272254 -0.851788 -0.352533 0.387527
6.575643 -85.976705 -553.916040 -12587.482840 0.460022 -0.161698 0.873060 -0.376450 0.855011 0.356710 -0.804155 -0.492758 0.332453
6.104055 -72.722387 -488.416469 -8194.798807 0.465238 -0.173887 0.867938 -0.458724 0.791220 0.404405 -0.757051 -0.586288 0.288340
190.455789 -46.956728 94523.220924 -4809.623997 0.684072 0.505556 -0.525794 0.435904 0.294622 0.850403 -0.584837 0.810932 0.018831
733.214774 -38.397686 365537.782239 -2007.004388 0.572400 0.549196 -0.608886 0.491431 0.364661 0.790897 -0.656394 0.751935 0.061160
250.015037 -37.754731 114065.018253 -2103.581453 0.675579 0.487147 -0.553426 0.378834 0.414602 0.827399 -0.632517 0.768631 -0.095549
554.122064 -44.806411 -271516.206640 -3423.325545 -0.565494 -0.567738 0.598239 0.566662 0.259582 0.781992 -0.599259 0.781211 0.174924
33.004214 -45.035807 21685.446063 -3924.067169 0.733648 0.572159 -0.366598 0.234195 0.293541 0.926815 -0.637897 0.765812 -0.081359
131.391700 -57.516952 75263.441008 -6319.760765 0.692961 0.548918 -0.467433 0.484570 0.125469 0.865707 -0.533850 0.826406 0.179044
18.771877 -61.766952 14870.665858 -7566.069523 0.757000 0.606622 -0.242818 0.236388 0.092192 0.967275 -0.609156 0.789627 0.073609
0.200618 -202.565727 -1495.365409 -6187.282885 0.483342 -0.016611 0.875274 0.817372 0.366609 -0.444410 -0.313501 0.930227 0.190775
1.052249 -220.697789 -185.930884 -7895.293041 0.494307 -0.012834 0.869193 0.745868 0.519819 -0.416497 -0.446477 0.854180 0.266523
-1.408793 -221.653154 -766.046343 -2384.586964 0.460620 -0.022661 0.887308 0.873922 0.186382 -0.448911 -0.155206 0.982216 0.105655
0.007791 -103.333746 596.223351 3957.203412 0.423453 -0.147592 0.893814 -0.150202 0.961545 0.229936 -0.893380 -0.231620 0.385000
-0.786331 -108.176893 945.832393 1337.305763 0.416615 -0.099168 0.903658 -0.330100 0.909682 0.252016 -0.847033 -0.403292 0.346252
-1.383016 -113.235750 -326.941290 3666.702105 0.420715 -0.147703 0.895088 -0.136437 0.965133 0.223390 -0.896875 -0.216107 0.385893
-1.219201 -96.937161 572.497191 1540.011517 0.415032 -0.112075 0.902878 -0.315510 0.913070 0.258373 -0.853348 -0.392100 0.343592
-0.397134 -104.778062 139.882420 3023.542141 0.425931 -0.188538 0.884894 0.030142 0.980461 0.194392 -0.904254 -0.056125 0.423291
-0.722607 -101.136139 434.034087 1507.060252 0.425580 -0.175356 0.887768 0.002532 0.981272 0.192611 -0.904917 -0.079724 0.418054
-1.686085 -96.980593 82.112802 2021.427048 0.419184 -0.144941 0.896257 -0.162132 0.959356 0.230975 -0.893308 -0.242132 0.378647
-6.315243 -102.658803 194.953617 693.765543 0.464102 -0.209081 0.860752 0.479129 0.876569 -0.045415 -0.745013 0.433489 0.506994
-7.031240 -112.744353 -2233.361893 1008.150225 0.418385 -0.219741 0.881288 0.294935 0.950581 0.097001 -0.859051 0.219339 0.462518
-7.080504 -102.577177 -2079.615714 5190.846546 0.435419 -0.224440 0.871801 0.411417 0.910984 0.029046 -0.800716 0.346027 0.488998
36.127421 -125.605206 -11057.372156 24889.001863 -0.104112 -0.500354 -0.859539 0.407310 0.766986 -0.495813 0.907336 -0.401719 0.123947
40.350404 -97.592195 -3081.753447 14752.762398 -0.149923 -0.383012 -0.911496 0.293027 0.863282 -0.410949 0.944277 -0.328704 -0.017193
56.831937 -162.065983 -9747.202419 33468.245872 -0.187887 -0.444713 -0.875745 0.429462 0.764676 -0.480450 0.883324 -0.466370 0.047315
28.926513 -89.044047 -7776.048781 16368.797790 -0.038707 -0.475192 -0.879030 0.351855 0.816869 -0.457082 0.935254 -0.326984 0.135580
40.402818 -150.400872 -12685.916802 24738.728722 -0.123115 -0.534152 -0.836376 0.606921 0.626276 -0.489311 0.785168 -0.567855 0.247085
26.923522 -126.346508 -9970.357114 26775.189720 -0.066570 -0.542683 -0.837295 0.492364 0.712006 -0.500625 0.867840 -0.445581 0.219799
8.501396 -279.442914 575.919471 2244.881907 0.378994 0.073126 0.922505 0.657451 -0.722823 -0.212804 0.651246 0.687154 -0.322022
-0.812891 -479.068806 -9172.982164 11574.972768 -0.340261 -0.045662 -0.939222 -0.615719 0.765738 0.185835 0.710712 0.641529 -0.288666
11.428392 -369.351755 449.787863 -26999.090307 -0.349884 -0.111870 -0.930090 -0.437240 0.897567 0.056524 0.828494 0.426449 -0.362958
47.396537 -1710.774467 19892.796434 680247.709319 0.471611 0.031165 0.881256 0.632958 -0.707782 -0.313702 0.613961 0.705743 -0.353524
190.684484 -2638.263851 53967.173870 1115348.568706 -0.384362 0.093267 -0.918459 0.098170 0.993372 0.059792 0.917948 -0.067183 -0.390971
55.495921 -5804.477874 6637.896822 -1335111.509284 -0.446480 0.100124 -0.889174 0.875201 0.255673 -0.410675 0.186219 -0.961565 -0.201782
8.173136 -500.548704 -2362.897640 -7650.278180 -0.321792 -0.105177 -0.940950 0.873410 0.350690 -0.337893 0.365520 -0.930567 -0.020987
-36.183961 -1974.107508 -8618.981351 608468.960243 -0.144645 0.036505 -0.988810 -0.155914 0.985994 0.059209 0.977123 0.162734 -0.136928
22.428549 -50.730271 -3337.515203 -3547.471319 0.278763 -0.258570 0.924896 -0.278971 0.899742 0.335619 -0.918949 -0.351578 0.178681
14.231478 -57.429468 -4563.048907 -2669.964287 0.248244 -0.274726 0.928925 -0.261632 0.904289 0.337358 -0.932697 -0.326783 0.152607
24.330408 -52.592074 -2981.370550 -1090.013873 0.329180 -0.319048 0.888734 -0.158063 0.909292 0.384973 -0.930944 -0.267202 0.248891
24.489074 -45.078845 -1541.575058 -3232.157747 0.348289 -0.274213 0.896383 -0.261618 0.889824 0.373858 -0.900139 -0.364721 0.238177
6.877174 -32.147961 -1547.757721 -1021.326052 0.135384 -0.376745 -0.916370 -0.082400 0.917400 -0.389342 0.987361 0.128220 0.093158
-2.164799 -34.743433 -1193.628991 -779.669846 0.149036 -0.432309 -0.889324 -0.180144 0.872448 -0.454294 0.972284 0.227913 0.052148
3.882360 -34.132311 -637.774398 -631.970167 0.098460 -0.272827 -0.957012 -0.169491 0.943036 -0.286280 0.980601 0.190392 0.046610
12.105342 -34.300146 -582.994252 -1149.838380 0.064095 -0.226097 -0.971994 -0.097813 0.967883 -0.231591 0.993139 0.109917 0.039921
-12.636306 -45.753168 -1084.835221 1828.780823 0.854215 -0.228583 0.466976 0.127358 0.962800 0.238319 -0.504080 -0.144103 0.851550
-9.706465 -46.853469 -1173.467985 2201.479950 0.844811 -0.132742 0.518337 -0.008427 0.965317 0.260944 -0.534998 -0.224817 0.814392
-11.638066 -49.423802 228.747314 -161.880844 0.868343 -0.190211 0.458040 0.046773 0.950824 0.306179 -0.493754 -0.244444 0.834538
-16.371954 -48.946291 880.055883 41.799476 0.874046 -0.282526 0.395251 0.184396 0.945571 0.268130 -0.449491 -0.161475 0.878569
-16.380871 -45.543595 -967.620689 758.808092 0.847362 -0.334264 0.412608 0.269508 0.940219 0.208214 -0.457540 -0.065232 0.886793
-387.230950 -2278.803117 -145623.756859 239699.595939 -0.067956 -0.124581 0.989880 -0.007029 0.992208 0.124392 -0.997664 0.001495 -0.068302
-741.562116 -16763.508348 50413.677995 10019465.274575 -0.205973 0.038365 0.977805 -0.137003 0.988259 -0.067634 -0.968920 -0.147893 -0.198299
-446.818383 -5245.731982 174746.735950 2952512.320282 -0.034299 0.158724 -0.986727 0.730185 -0.670144 -0.133181 -0.682388 -0.725061 -0.092913
-616.267212 -3757.301068 -286965.041673 2578086.443475 0.154601 0.077437 0.984938 -0.217155 0.975208 -0.042586 -0.963817 -0.207300 0.167584
-649.623247 -1538.719760 194385.581486 443169.424672 0.013487 0.091630 -0.995702 0.986258 -0.165201 -0.001843 -0.164660 -0.981994 -0.092599
-748.099909 -2382.577412 244293.937036 -853500.488292 0.242446 -0.091352 -0.965854 0.954604 -0.155132 0.254294 -0.173065 -0.983661 0.049594
-3.550545 -158.650799 -829.555573 50659.121672 0.255912 -0.039152 -0.965907 0.937908 -0.231986 0.257897 -0.234174 -0.971931 -0.022647
3.118723 -88.437186 2398.326156 26097.570890 0.373561 -0.043118 -0.926603 0.895622 -0.243281 0.372392 -0.241481 -0.968997 -0.052263
0.393318 -57.141214 1103.944032 2776.416335 0.411906 -0.084255 -0.907323 0.878375 -0.228236 0.419959 -0.242467 -0.969953 -0.020004
-77.471049 -122.621445 25931.096966 -18122.622315 0.060065 0.983964 0.167951 0.555498 -0.172743 0.813377 -0.829346 -0.044441 0.556965
-82.445988 -155.282358 27289.449782 -30206.084539 0.208968 0.899541 0.383613 0.685133 -0.414577 0.598931 -0.697800 -0.137669 0.702938
-26.905826 -136.557171 8108.645610 -30864.810673 0.164496 0.924021 0.345148 0.603094 -0.371107 0.706086 -0.780525 -0.092009 0.618317
-45.815898 -90.512600 11864.251943 -822.588329 -0.070365 0.997476 -0.009527 0.511315 0.044267 0.858253 -0.856508 -0.055520 0.513139
264.455842 -58.413870 -58065.197516 -9788.588246 0.269655 0.160393 0.949505 0.531844 0.797192 -0.285705 -0.802763 0.582030 0.129662
210.242618 -83.787031 -43498.936091 -9689.383992 0.346649 0.149715 0.925970 0.640003 0.683939 -0.350176 -0.685733 0.714012 0.141269
269.595046 -63.675611 76369.547049 9734.418059 0.655179 -0.185016 0.732468 -0.547494 -0.784360 0.291600 -0.520567 0.592072 0.615192
278.942327 -78.276688 -102526.945538 -9392.907740 0.015390 0.378165 0.925610 0.592084 0.742521 -0.313207 -0.805729 0.552859 -0.212478
335.506540 -54.238393 -105484.602903 -6830.535705 -0.082546 0.371984 0.924562 0.481181 0.827301 -0.289892 -0.872726 0.420952 -0.247282
-0.690021 -45.143355 3432.545060 94.968853 -0.151884 0.971200 0.183581 -0.947374 -0.196002 0.253111 -0.281804 0.135476 -0.949859
1.210993 -42.755862 4562.364696 966.445717 -0.089344 0.981545 0.169078 -0.923883 -0.145092 0.354103 -0.372100 0.124571 -0.919795
4.618598 -45.343625 1888.389996 1044.844229 -0.166831 0.972823 0.160574 -0.922139 -0.211595 0.323861 -0.349036 0.094041 -0.932379
-2.022945 -46.064724 23.238306 -261.242344 -0.229859 0.958472 0.168808 -0.956577 -0.254447 0.142187 -0.179235 0.128795 -0.975339
-5.186327 -44.832285 2174.509731 17.673095 -0.178489 0.968811 0.171894 -0.966335 -0.205501 0.154813 -0.185309 0.138474 -0.972875
-4.724191 -45.012708 -939.118451 615.586354 -0.373128 0.889934 0.262285 -0.541766 -0.438492 0.717088 -0.753171 -0.125468 -0.645749
-6.183001 -43.478600 -518.960383 280.568592 -0.378713 0.867672 0.322059 -0.517324 -0.486998 0.703711 -0.767432 -0.099896 -0.633300
-6.744199 -46.740921 -1148.948568 -962.807664 -0.354639 0.902576 0.244105 -0.657018 -0.426312 0.621760 -0.665250 -0.060119 -0.744196
-5.105085 -47.634819 -204.068414 -1035.330836 -0.348463 0.910084 0.224322 -0.675065 -0.409704 0.613538 -0.650277 -0.062363 -0.757133
-5.924764 -46.017042 -410.026615 -1274.859032 -0.334897 0.917116 0.216200 -0.763559 -0.398589 0.508041 -0.552107 -0.005060 -0.833758
-8.097444 -45.350757 -1709.279796 -657.311737 -0.331825 0.918142 0.216580 -0.748553 -0.395991 0.531845 -0.574073 -0.014358 -0.818678
-11.425600 -53.765327 1578.294866 1600.585822 0.602477 -0.793829 -0.082809 0.777508 0.560301 0.285560 -0.180288 -0.236428 0.954777
-11.231464 -57.367789 1306.703389 572.732113 0.579766 -0.809448 -0.093090 0.752109 0.487723 0.443235 -0.313374 -0.326987 0.891559
-8.678459 -54.932257 1320.426219 678.386651 0.590517 -0.799665 -0.108749 0.762443 0.508639 0.399960 -0.264520 -0.319098 0.910058
13.907285 -66.794483 4877.938085 384.847819 -0.720900 0.687785 0.085178 0.288285 0.409368 -0.865627 0.630234 0.599474 0.493391
23.888501 -62.123289 4512.996790 5962.079552 -0.693132 0.698958 0.176140 0.196139 0.418033 -0.887005 0.693612 0.580264 0.426845
18.281092 -73.156161 4856.671480 4889.478468 -0.715813 0.690491 0.104089 0.355861 0.488967 -0.796414 0.600812 0.533042 0.595727
4.745412 -76.869109 3056.678705 3588.638973 -0.699718 0.713351 0.039045 0.418105 0.453206 -0.787269 0.579295 0.534541 0.615372
0.414196 -73.935705 2267.082760 181.416718 -0.681815 0.731336 0.016606 0.351920 0.347823 -0.869006 0.641311 0.586658 0.494523
1.806521 -100.495078 -754.276266 -7144.474864 -0.477512 0.869234 0.128123 0.683675 0.275996 0.675585 -0.551880 -0.410194 0.726064
0.958920 -110.893073 -352.513246 -3129.062350 -0.477726 0.869499 0.125492 0.791583 0.364088 0.490751 -0.381017 -0.333782 0.862215
-0.464361 -100.008372 -475.858110 -7338.709948 -0.485599 0.866095 0.118630 0.676742 0.286544 0.678169 -0.553366 -0.409600 0.725268
3.245004 -105.302448 -731.835447 -4054.097108 -0.463973 0.875475 0.135177 0.790551 0.340358 0.509103 -0.399698 -0.343074 0.850024
-0.031617 -93.245238 -617.267004 -7776.692873 -0.494145 0.863234 0.103192 0.533208 0.207176 0.820224 -0.686666 -0.460332 0.562658
5.165780 -98.349508 -1159.369142 -4614.785295 -0.452433 0.880094 0.144011 0.700472 0.250760 0.668175 -0.551945 -0.403180 0.729933
2.824032 -94.403019 -854.716704 -6320.585926 -0.480453 0.869271 0.116331 0.556197 0.199449 0.806762 -0.678093 -0.452314 0.579312
-2.889148 -22.478208 -980.559294 567.670303 -0.027633 -0.151722 -0.988037 -0.542652 0.832370 -0.112641 0.839503 0.533048 -0.105333
-1.598617 -25.472424 -1408.134797 959.037166 -0.042132 -0.112626 -0.992744 -0.486090 0.870410 -0.078118 0.872892 0.479272 -0.091419
-8.986837 -26.112420 -2069.407989 1220.749540 0.030324 -0.241143 -0.970016 -0.522152 0.823696 -0.221092 0.852313 0.513201 -0.100935
3.270715 -102.291187 307.038127 -2082.585536 0.767351 -0.621149 0.159207 0.616397 0.782963 0.083812 -0.176713 0.033821 0.983681
2.479950 -105.067054 614.027114 5041.193082 0.774554 -0.613213 0.155032 -0.630073 -0.769523 0.104133 -0.055445 0.178338 0.982406
0.194201 -106.887257 -2503.581838 -1886.971040 0.776141 -0.607210 0.170004 0.613069 0.789729 0.021782 -0.147484 0.087318 0.985203
0.321923 -110.741829 -2125.047967 4395.965419 0.767896 -0.620678 0.158412 0.589129 0.781390 0.205804 -0.251520 -0.064711 0.965686
1.974565 -105.975217 -307.314819 -1092.295022 0.786528 -0.602824 0.134080 0.607052 0.794580 0.011404 -0.113412 0.072424 0.990905
0.652016 -111.851741 -1580.599916 4797.029686 0.765688 -0.625821 0.148561 0.599966 0.778156 0.185779 -0.231868 -0.053117 0.971296
0.372510 -110.780005 -1577.426514 5363.748002 0.802159 -0.577505 0.151752 -0.596465 -0.786794 0.158695 -0.027750 0.217814 0.975596
3.409861 -47.006810 -1483.734422 -1713.413946 -0.350101 0.931941 0.094416 -0.661090 -0.174419 -0.729752 0.663619 0.317904 -0.677161
3.486857 -47.033660 1802.747926 -2492.940270 -0.307425 0.936547 0.168434 -0.676207 -0.090476 -0.731135 0.669503 0.338665 -0.661114
4.398401 -44.906282 -943.567332 -1244.838813 -0.334510 0.933976 0.125664 -0.603978 -0.110113 -0.789357 0.723404 0.339946 -0.600935
7.180941 -46.418568 -2147.496099 -701.699634 -0.387469 0.916016 0.103837 -0.599206 -0.164647 -0.783482 0.700586 0.365794 -0.612678
27.034281 -78.809419 7632.418061 9178.229157 -0.397860 0.828857 -0.393324 0.580956 0.559421 0.591218 -0.710069 -0.006718 0.704100
21.158098 -71.302711 12030.725480 835.230309 -0.507623 0.716512 -0.478465 0.598934 0.692670 0.401855 -0.619352 0.082578 0.780758
34.619243 -88.813907 5649.869117 9124.703334 -0.491695 0.794835 -0.355630 0.594063 0.604801 0.530382 -0.636652 -0.049520 0.769560
9.773130 -403.764541 -240.616152 -18438.049948 0.653753 -0.738557 0.164747 0.705846 0.516710 -0.484555 0.272744 0.433065 0.859107
10.742911 -383.857536 -107.397780 -55783.520218 0.632884 -0.749155 0.195513 0.765951 0.642678 -0.016840 -0.113036 0.160411 0.980556
8.464305 -281.584711 -1959.147942 -32658.253142 0.648658 -0.728889 0.219006 0.760268 0.607263 -0.230704 0.035164 0.316151 0.948057
8.935459 -370.549328 1330.734470 -33835.875101 0.632267 -0.758686 0.156952 0.769901 0.592653 -0.236672 0.086542 0.270478 0.958829
9.044877 -380.304885 768.555621 -41171.472547 0.644840 -0.748206 0.156104 -0.620721 -0.393481 0.678143 0.445967 0.534191 0.718159
0.132566 -45.489791 4845.505398 1750.193174 -0.306076 0.916464 0.257702 -0.702981 -0.400115 0.587985 -0.641978 0.001191 -0.766722
-1.287432 -49.685918 4945.842583 1478.991321 -0.297422 0.920517 0.253354 -0.784262 -0.386891 0.485024 -0.544493 0.054439 -0.836997
-8.223031 -47.916389 1240.277253 1642.685414 -0.294489 0.938387 0.180851 -0.753504 -0.344398 0.560019 -0.587799 -0.028648 -0.808500
-11.650411 -36.390343 -765.930050 1123.821176 -0.620035 0.709371 0.335186 0.630854 0.196768 0.750537 0.466455 0.676813 -0.569512
-9.549318 -34.599350 1169.547186 1098.908375 0.634057 -0.710235 -0.305841 0.565703 0.156377 0.809646 0.527212 0.686377 -0.500934
-12.330625 -36.247003 2324.777700 1166.560072 0.664338 -0.714949 -0.217954 0.563926 0.288064 0.773956 0.490554 0.637077 -0.594549
-14.818888 -37.905510 -1988.516562 993.653982 -0.639655 0.721018 0.266412 0.644687 0.314488 0.696762 0.418594 0.617439 -0.665994
-15.102582 -38.661589 -110.890950 672.954414 -0.582764 0.714257 0.387586 0.713835 0.221999 0.664196 0.388363 0.663742 -0.639235
-9.479820 -34.802711 -1927.504072 -579.402784 0.735712 -0.669536 -0.102221 0.404637 0.313472 0.859072 0.543136 0.673392 -0.501544
-10.055987 -35.174975 -1493.825788 -206.301748 0.733545 -0.668501 -0.122546 0.453020 0.346525 0.821397 0.506640 0.658048 -0.557036
-7.866330 -33.450364 -982.823596 -322.850408 0.720184 -0.676346 -0.154567 0.425674 0.254842 0.868250 0.547847 0.691095 -0.471436
-8.921000 -32.623809 -1060.141529 577.298369 0.719612 -0.685407 -0.111246 0.367147 0.239592 0.898776 0.589374 0.687614 -0.424058
-10.791945 -31.309826 269.935686 703.271370 -0.221211 0.928255 0.299012 -0.781449 0.014712 -0.623795 0.583440 0.371653 -0.722130
-9.552724 -30.003900 777.813924 261.912069 -0.274155 0.926174 0.258922 -0.813048 -0.079431 -0.576753 0.513607 0.368636 -0.774800
-9.085110 -29.637601 -361.592856 427.942201 -0.328798 0.915695 0.231074 -0.766762 -0.115997 -0.631364 0.551333 0.384770 -0.740259
-13.691832 -31.120734 1943.661837 944.748968 -0.183967 0.933119 0.308941 -0.824721 0.024470 -0.565011 0.534782 0.358734 -0.765061
-11.642379 -30.803319 -619.272601 663.265461 -0.313067 0.917756 0.244363 -0.725659 -0.065159 -0.684962 0.612705 0.391764 -0.686377
-11.457050 -32.814292 -913.877383 939.727407 -0.178247 0.926463 0.331503 -0.737170 0.097425 -0.668647 0.651773 0.363558 -0.665595
-13.873513 -35.219118 1266.156976 1307.109240 -0.099688 0.911737 0.398495 -0.744359 0.197433 -0.637926 0.660297 0.360217 -0.658978
-15.378102 -33.178103 2348.145603 1357.265361 -0.130223 0.921430 0.366072 -0.788810 0.127403 -0.601288 0.600684 0.367063 -0.710242
3.009254 -166.434992 4543.366645 29271.997521 -0.153578 0.987407 -0.037960 0.862519 0.152700 0.482435 -0.482156 -0.041350 0.875109
7.040504 -207.912423 3773.922375 31552.474604 -0.114305 0.993415 -0.007853 0.715951 0.087855 0.692600 -0.688729 -0.073545 0.721279
-8.410559 -155.027364 4106.443743 13696.539312 -0.106867 0.993757 0.032050 0.852052 0.074920 0.518068 -0.512433 -0.082673 0.854739
-16.331410 -205.911042 -3400.256023 46860.982356 0.044165 0.977491 0.206302 0.829230 -0.151037 0.538113 -0.557160 -0.147306 0.817236
-14.269202 -123.745635 1744.717101 24017.565502 -0.061927 0.992378 0.106540 0.952915 0.027039 0.302029 -0.296846 -0.120228 0.947327
14.540361 -117.682036 -1800.260877 2169.571271 -0.316639 0.946033 0.068998 -0.489389 -0.100621 -0.866241 0.812550 0.308053 -0.494839
7.883516 -93.978244 1038.286661 -17265.377965 -0.336704 0.939664 0.060507 -0.462918 -0.109232 -0.879645 0.819962 0.324190 -0.471766
12.637701 -126.805833 -625.234781 16979.681861 -0.361081 0.932424 0.014370 -0.419187 -0.148526 -0.895669 0.833008 0.329433 -0.444490
14.841083 -435.658411 -878.656124 128104.251913 -0.387299 0.921642 0.023988 -0.389012 -0.139774 -0.910567 0.835864 0.361994 -0.412664
10.717384 -119.685059 -541.344186 14657.687894 -0.367845 0.928795 0.045055 -0.523877 -0.166961 -0.835271 0.768273 0.330854 -0.547990
12.609114 -79.512579 -5716.071932 174.762908 -0.196673 0.976840 0.084286 -0.707247 -0.081804 -0.702218 0.679059 0.197719 -0.706956
-17.533613 -71.676132 6071.139813 12530.915256 0.261551 -0.936136 -0.235035 0.949214 0.205357 0.238373 -0.174883 -0.285445 0.942304
-5.059648 -59.924396 9470.881373 697.843271 0.525914 -0.833981 -0.167001 0.844855 0.489572 0.215730 -0.098155 -0.254547 0.962066
-15.168178 -75.155567 2703.035971 11736.853874 0.291819 -0.945815 -0.142396 0.951569 0.272030 0.143238 -0.096740 -0.177299 0.979391
1.584086 -85.173626 6340.968662 -14772.337434 0.518247 -0.848906 -0.103824 0.852128 0.502215 0.147167 -0.072790 -0.164740 0.983647
-4.734462 -82.771996 2725.769264 -4842.677619 0.446488 -0.892873 -0.058543 0.894770 0.445090 0.035795 -0.005903 -0.068364 0.997643
-14.572291 -87.445003 -2780.957182 20333.053338 0.232967 -0.971303 -0.047931 0.971571 0.230329 0.054759 -0.042148 -0.059325 0.997349
-48.360448 -74.091139 427.295666 4210.020300 0.311309 0.946440 -0.085660 0.861147 -0.319072 -0.395750 0.401886 -0.049435 0.914354
-50.817004 -75.662767 -764.989235 -1453.374161 -0.530372 -0.446464 0.720677 0.784510 -0.580678 0.217615 0.321324 0.680796 0.658231
-48.782157 -73.086232 -585.717003 -239.905621 -0.471861 -0.347546 0.810283 0.841933 -0.450427 0.297095 0.261719 0.822391 0.505149
-52.202974 -74.125001 -1218.459607 352.914766 -0.460780 -0.496876 0.735389 0.866816 -0.429860 0.252688 0.190560 0.753880 0.628770
-7.988523 -78.067815 -17283.773748 1339.698131 0.518363 0.786252 -0.336314 0.818996 -0.343279 0.459789 0.246061 -0.513777 -0.821880
22.577979 -87.949730 -23757.882691 2514.807863 0.402808 0.838302 -0.367419 0.902011 -0.295462 0.314766 0.155311 -0.458206 -0.875172
-15.195087 -77.787660 -19060.065412 3026.417806 0.406396 0.832324 -0.376934 0.906156 -0.314254 0.283064 0.117148 -0.456597 -0.881927
-8.093502 -38.422536 -2157.770721 -846.677182 0.029505 -0.051456 -0.998239 -0.376142 0.924696 -0.058783 0.926092 0.377214 0.007929
-9.071227 -36.062685 -578.948415 -354.064747 0.082921 -0.227508 -0.970239 -0.319959 0.915970 -0.242127 0.943796 0.330514 0.003161
-14.466117 -38.134483 -303.412589 -1392.924862 0.115559 -0.308530 -0.944169 -0.361845 0.872148 -0.329282 0.925048 0.379694 -0.010856
-1.325143 -37.219253 -2051.187934 -357.196385 0.032916 -0.048175 -0.998296 -0.316226 0.947022 -0.056127 0.948113 0.317535 0.015938
-16.103445 -40.454990 -1880.419349 -2163.289823 0.047258 -0.094387 -0.994413 -0.437327 0.893086 -0.105552 0.898060 0.439872 0.000928
2.933396 -42.444200 -4801.348645 -628.839286 0.005110 0.086290 -0.996257 -0.392242 0.916602 0.077378 0.919848 0.390378 0.038530
-5.805397 -41.850372 -4069.228385 -1291.777600 -0.007619 0.091603 -0.995767 -0.444393 0.891749 0.085434 0.895800 0.443163 0.033913
14.658219 -48.333964 -8872.843489 -555.406197 0.612305 -0.727842 0.308753 0.683780 0.291469 -0.668947 0.396896 0.620719 0.676152
27.535885 -48.707587 -7017.611844 -1043.641615 0.614934 -0.745387 0.257401 0.664690 0.314301 -0.677793 0.424316 0.587889 0.688725
1.668898 -47.480317 -6572.336871 -162.210032 0.606064 -0.732247 0.310647 0.636475 0.212211 -0.741529 0.477060 0.647133 0.594670
28.783588 -48.655036 -9893.883910 118.863820 0.608981 -0.739749 0.286204 0.718236 0.361180 -0.594715 0.336569 0.567732 0.751266
13.447791 -48.358086 -10150.151281 398.905949 0.604034 -0.726168 0.328363 0.735184 0.348668 -0.581322 0.307648 0.592546 0.744475
-0.339966 -48.097113 -7277.167735 -84.531995 0.597448 -0.731781 0.327950 0.699307 0.275296 -0.659683 0.392461 0.623465 0.676215
-1.975411 -78.793766 -225.264723 -595.403887 0.357565 0.920950 -0.154915 0.519799 -0.058451 0.852286 -0.775858 0.385272 0.499609
-2.812836 -73.986724 -327.090170 -1518.320838 0.353154 0.916503 -0.187896 0.339695 0.061516 0.938522 -0.871717 0.395270 0.289607
-4.769183 -71.624091 -534.570006 -1448.747742 0.359780 0.911479 -0.199409 0.357859 0.062573 0.931677 -0.861682 0.406559 0.303669
-25.648768 -105.685776 955.238352 15462.154630 0.214086 0.976657 -0.017578 0.940329 -0.201184 0.274422 -0.264479 0.075279 0.961449
-22.710180 -104.778551 1353.925866 14262.169164 0.303124 0.951538 -0.051885 0.916428 -0.276144 0.289663 -0.261298 0.135353 0.955721
-25.811901 -128.877303 1893.521261 14344.633124 0.276239 0.954886 -0.109014 0.828368 -0.179039 0.530803 -0.487339 0.236932 0.840455
1.295654 -52.902837 686.375871 -1466.692427 0.370957 0.866973 -0.332790 -0.373359 0.467357 0.801362 -0.850290 0.173021 -0.497062
2.252559 -50.715699 492.842672 -1372.470926 0.372609 0.858289 -0.352850 -0.347179 0.481549 0.804722 -0.860598 0.177345 -0.477410
3.214612 -48.736785 864.570980 -1144.640606 0.395218 0.839768 -0.372281 -0.488839 0.535397 0.688758 -0.777714 0.090224 -0.622109
0.798271 -56.518589 448.989806 -1752.477395 0.358200 0.883838 -0.300872 -0.212574 0.390996 0.895508 -0.909123 0.256813 -0.327936
1.686606 -50.876599 732.699892 -1141.082875 0.383486 0.852968 -0.354097 -0.510357 0.515272 0.688499 -0.769724 0.083314 -0.632917
-0.597429 -55.391070 298.306676 -1405.235418 0.352233 0.880645 -0.316854 -0.395119 0.446824 0.802639 -0.848418 0.157521 -0.505346
-0.532802 -59.343105 432.970645 -1946.409932 0.351409 0.892697 -0.282140 -0.238793 0.376857 0.894962 -0.905257 0.247125 -0.345601
-15.390727 -49.982631 -4155.468795 -3469.116295 0.509082 0.711981 -0.483651 -0.556240 0.700955 0.446385 -0.656835 -0.041780 -0.752876
-27.245448 -57.766289 3788.243629 -7594.006339 -0.655147 -0.468569 0.592643 -0.355065 0.883370 0.305918 -0.666867 -0.010005 -0.745110
-9.988594 -48.054162 -1903.623300 -653.446224 0.419901 0.798423 -0.431514 -0.519886 0.601328 0.606731 -0.743909 0.030429 -0.667587
-18.977943 -53.518890 3176.769935 -7386.140823 -0.642999 -0.582517 0.497219 -0.525078 0.807923 0.267496 -0.557535 -0.089079 -0.825360
-4.251987 -44.981673 -333.202619 -1097.736475 0.399932 0.837180 -0.373075 -0.655017 0.545783 0.522565 -0.641099 -0.035380 -0.766642
-7.618394 -45.920521 -2042.152380 -2476.219019 0.467267 0.787898 -0.401097 -0.697124 0.607366 0.380953 -0.543765 -0.101607 -0.833064
4.668865 -46.019430 -2393.743452 -124.963530 0.556656 -0.829181 -0.050919 0.829590 0.551609 0.086654 -0.043765 -0.090479 0.994936
6.211893 -44.026342 3493.179305 -722.421935 0.560470 -0.825422 -0.067470 0.816486 0.537083 0.211877 -0.138651 -0.173839 0.974965
16.002954 -43.039606 6830.744771 -1132.518358 0.565753 -0.821702 -0.068769 0.809064 0.537077 0.238671 -0.159183 -0.190668 0.968662
3.187876 -90.220859 -441.965359 -8912.810394 0.430444 -0.143345 0.891162 -0.287262 0.914219 0.285805 -0.855686 -0.379020 0.352342
3.924323 -109.492398 103.719114 -9076.309938 0.436601 -0.118785 0.891779 -0.118496 0.975017 0.187886 -0.891818 -0.187703 0.411618
5.338725 -110.384483 213.002649 -5764.956542 0.448374 -0.124475 0.885137 -0.103162 0.976432 0.189572 -0.887873 -0.176312 0.424966
823.271029 -36.809303 430689.242258 -887.594910 0.562658 0.566481 -0.602092 0.405203 0.445847 0.798142 -0.720574 0.693050 -0.021320
548.934698 -31.606689 246350.561166 -765.608357 0.255030 0.810615 -0.527128 0.571377 0.313455 0.758469 -0.780057 0.494621 0.383226
-1.446251 -118.905363 1196.277125 914.842780 0.574137 0.176236 0.799567 -0.288515 0.957467 -0.003869 -0.766241 -0.228466 0.600564
-1.943052 -138.521370 137.379552 14683.124527 0.558645 0.193909 0.806421 -0.438500 0.894341 0.088719 -0.704012 -0.403178 0.584649
-1.274402 -125.589707 -730.624194 1980.937876 0.551780 0.181005 0.814110 -0.317644 0.948200 0.004472 -0.771130 -0.261065 0.580693
-1.891007 -128.443269 749.560020 9685.160927 0.564541 0.184895 0.804430 -0.411184 0.908048 0.079854 -0.715696 -0.375850 0.588656
-0.993614 -125.350182 664.134870 -7802.845624 0.573180 0.130876 0.808910 -0.109679 0.990534 -0.082545 -0.812056 -0.041407 0.582109
-2.131567 -109.507891 1497.189018 2638.970594 0.572683 0.180379 0.799686 -0.266018 0.963594 -0.026846 -0.775415 -0.197357 0.599818
-1.505948 -107.644598 1365.613231 -1491.949884 0.572219 0.154350 0.805445 -0.127367 0.986938 -0.098644 -0.810150 -0.046141 0.584404
-2.412470 -117.232856 -1298.121798 3875.004776 0.391039 -0.103104 0.914581 -0.317461 0.917612 0.239180 -0.863890 -0.383873 0.326091
-1.641161 -113.984641 -96.702136 779.415035 0.371182 -0.050348 0.927194 -0.528144 0.809835 0.255406 -0.763733 -0.584494 0.274005
-2.173643 -101.171579 935.902953 -145.422728 0.394599 -0.056346 0.917124 -0.491857 0.830123 0.262626 -0.776124 -0.554725 0.299852
-7.633731 -111.675715 51.678446 -2602.045616 0.449601 -0.209757 0.868252 0.458665 0.888314 -0.022904 -0.766476 0.408534 0.495595
-4.320594 -114.183422 -1164.408990 2597.638741 0.429925 -0.189100 0.882839 0.063765 0.981738 0.179232 -0.900610 -0.020762 0.434132
-6.459417 -120.844432 -3723.659099 5165.240018 0.402068 -0.196307 0.894318 0.095001 0.980418 0.172496 -0.910668 0.015607 0.412844
57.452028 -162.568739 1366.800471 34135.775882 -0.281469 -0.342332 -0.896428 0.435922 0.786617 -0.437271 0.854838 -0.513851 -0.072178
42.914642 -114.197123 2910.045339 22988.963168 -0.318458 -0.241898 -0.916553 0.324322 0.880738 -0.345132 0.890730 -0.407168 -0.202025
37.842832 -67.481807 1890.953538 7314.750317 -0.286603 -0.232768 -0.929343 0.193908 0.935866 -0.294201 0.938221 -0.264526 -0.223086
38.613121 -56.959906 -3186.741394 4605.883803 -0.147190 -0.297988 -0.943153 0.178540 0.929872 -0.321655 0.972861 -0.215735 -0.083665
226.782313 -6633.042193 77847.912227 -16764142.133383 -0.292945 0.147504 -0.944683 0.416715 0.908949 0.012702 0.860542 -0.389942 -0.327739
13.673979 -57.672777 -5169.564860 1193.678905 0.267760 -0.358867 0.894158 -0.084832 0.915660 0.392900 -0.959744 -0.181056 0.214734
-1.560534 -34.169584 -2941.219004 -1294.811311 0.179843 -0.533202 -0.826651 -0.095159 0.826982 -0.554117 0.979082 0.178318 0.097988
-6.264566 -38.010113 -1784.088060 -1882.350350 0.191810 -0.580660 -0.791228 -0.177108 0.772483 -0.609838 0.965319 0.257106 0.045330
-86.680974 -148.579419 32150.932355 38.544679 0.450247 -0.227784 -0.863361 0.826714 -0.258992 0.499467 -0.337374 -0.938636 0.071702
-8.606138 -50.447127 -445.453236 -1256.458387 0.852387 -0.102802 0.512706 -0.087008 0.938933 0.332918 -0.515622 -0.328385 0.791390
-7.081829 -48.478738 -624.550357 2074.905515 0.834981 -0.066117 0.546292 -0.110529 0.952372 0.284204 -0.539063 -0.297686 0.787905
4.984626 -36.505260 676.208160 6701.008687 0.500409 -0.120117 -0.857417 0.823521 -0.239618 0.514195 -0.267216 -0.963408 -0.020988
4.425334 -68.478676 1244.738427 18761.403563 0.335852 -0.069825 -0.939323 0.890720 -0.300752 0.340831 -0.306302 -0.951143 -0.038814
0.329794 -344.966110 3879.320404 97510.149652 0.229975 0.087352 -0.969268 0.902383 -0.392107 0.178768 -0.364441 -0.915763 -0.169000
-46.086761 -69.101748 -1119.353125 -1244.507260 -0.344041 -0.209270 0.915337 0.937415 -0.132360 0.322079 0.053753 0.968859 0.241710
-42.850760 -67.683565 -1203.281967 -1743.972109 -0.317878 -0.062375 0.946078 0.941287 -0.140445 0.307009 0.113722 0.988122 0.103357
-45.234523 -65.846657 -1482.111199 -1794.244649 -0.262381 -0.168579 0.950125 0.961811 0.033853 0.271614 -0.077953 0.985107 0.153258
229.963162 -95.630426 -87393.381298 -9271.523180 0.097872 0.358408 0.928421 0.680490 0.656631 -0.325222 -0.726192 0.663611 -0.179628
165.985601 -115.474860 -44214.464705 -15956.749939 0.226318 0.235872 0.945063 0.712611 0.621357 -0.325732 -0.664052 0.747182 -0.027460
144.037430 -102.600797 -3644.647365 -11181.817000 0.488489 -0.039351 0.871682 0.743924 0.540869 -0.392477 -0.456021 0.840186 0.293482
235.321877 -90.645650 74415.933895 -9456.634964 0.644719 -0.284215 0.709619 0.688480 0.619276 -0.377482 -0.332164 0.731928 0.594935
4.688722 -38.979323 6215.270017 2545.585034 -0.045723 0.986171 0.159298 -0.869650 -0.117761 0.479417 -0.491546 0.116614 -0.863008
-3.251479 -39.125134 -831.250598 3021.266604 -0.400563 0.847591 0.348050 -0.372366 -0.497658 0.783377 -0.837193 -0.184190 -0.514957
-5.973644 -37.863178 251.367661 1725.051377 -0.405210 0.809020 0.425783 -0.361660 -0.569592 0.738083 -0.839647 -0.145090 -0.523395
-8.458439 -41.531177 851.729871 -134.404560 -0.373207 0.845782 0.381274 -0.503854 -0.529857 0.682190 -0.779004 -0.062491 -0.623897
-2.149249 -58.589042 -901.018177 -1124.241558 -0.504543 0.852097 0.139164 0.718529 0.503768 -0.479513 0.478698 0.141942 0.866430
0.781440 -59.130261 -915.553810 -714.149849 -0.486893 0.863500 0.131541 0.712758 0.479830 -0.511604 0.504887 0.155340 0.849093
-2.704665 -59.143677 -966.659189 109.203649 -0.495221 0.858410 0.133745 0.621678 0.457685 -0.635642 0.606854 0.231637 0.760310
1.272068 -56.745565 -728.773337 -1516.761721 -0.496856 0.857960 0.130536 0.783724 0.508195 -0.357090 0.372707 0.075118 0.924904
-4.486656 -58.261832 -676.141545 154.331203 -0.511975 0.849773 0.125565 0.632325 0.471766 -0.614493 0.581417 0.235207 0.778865
-5.043679 -58.147924 -872.967130 -1457.283289 -0.526921 0.838411 0.139357 0.721914 0.528042 -0.447227 0.448547 0.135049 0.883497
-1.400443 -55.782972 -766.682651 -2056.357995 -0.513138 0.847175 0.137782 0.787046 0.528474 -0.318235 0.342415 0.054858 0.937946
25.529698 -61.906840 -1896.127483 13015.200061 -0.568179 0.775331 0.275744 0.112949 0.405392 -0.907138 0.815117 0.484272 0.317908
23.183541 -53.448155 1824.075785 267.274828 -0.612243 0.752226 0.243546 0.103330 0.381505 -0.918573 0.783888 0.537225 0.311301
22.892146 -49.635778 -4332.385757 6470.700597 -0.482504 0.812166 0.327987 0.028166 0.388654 -0.920953 0.875441 0.435126 0.210403
19.924512 -51.040162 -884.899613 -8414.204464 -0.525616 0.811976 0.253815 0.056843 0.331207 -0.941845 0.848821 0.480621 0.220242
18.376903 -63.462538 2524.867811 -14728.839315 -0.631446 0.761703 0.145208 0.136045 0.293185 -0.946327 0.763392 0.577799 0.288756
12.128723 -50.820452 -503.942101 -340.543450 -0.422029 0.884387 0.199377 -0.404419 0.013173 -0.914479 0.811380 0.466569 -0.352103
10.807782 -53.103471 -647.742958 1383.984678 -0.396578 0.895853 0.200431 -0.422607 0.015660 -0.906178 0.814941 0.444074 -0.372384
12.166677 -49.712569 -1611.823091 -883.951561 -0.410396 0.894335 0.178160 -0.302816 0.050631 -0.951703 0.860161 0.444525 -0.250041
11.692192 -52.070155 1411.502936 667.572431 -0.425126 0.878576 0.217651 -0.513426 -0.036038 -0.857377 0.745427 0.476241 -0.466405
15.516999 -46.484917 -2050.950108 -1946.897042 -0.448124 0.879699 0.159103 -0.289290 0.025699 -0.956896 0.845870 0.474836 -0.242972
13.759298 -48.629877 -1643.207662 -1388.411932 -0.439598 0.874244 0.206036 -0.397666 0.016245 -0.917386 0.805367 0.485215 -0.340516
11.856233 -50.658791 546.155465 -300.228607 -0.424511 0.874716 0.233799 -0.500454 -0.011491 -0.865687 0.754544 0.484499 -0.442634
13.497174 -102.956302 6781.330808 4344.887447 0.761517 -0.633778 0.135710 -0.642678 -0.765494 0.031366 -0.084007 0.111103 0.990252
8.618659 -109.572854 6454.795918 2884.757463 0.768005 -0.627178 0.129676 -0.634573 -0.717850 0.286372 0.086518 0.302224 0.949303
-3.184148 -43.424555 -4596.105544 -316.505780 -0.309503 0.945582 0.100410 -0.920265 -0.324444 0.218742 -0.239416 0.024702 -0.970603
