18074
36140
-43.748404 -69.748014 -198.553839 6277.105450 0.377568 0.925283 -0.035971 0.797044 -0.344522 -0.496010 0.471342 -0.158607 0.867571
-43.891535 -70.993067 1051.126777 9372.660709 0.246853 0.960876 0.125620 0.835264 -0.145252 -0.530316 0.491322 -0.235836 0.838441
-37.246742 -58.352373 -333.336358 7306.385114 0.501763 0.856575 -0.120471 0.660714 -0.469415 -0.585753 0.558292 -0.214312 0.801486
-35.902045 -52.644706 -195.099927 8247.531049 0.464643 0.885323 -0.017597 0.664202 -0.361597 -0.654281 0.585614 -0.292319 0.756047
-38.563501 -59.389772 -102.802977 6300.418366 0.577288 0.764800 -0.286040 0.585263 -0.631834 -0.508186 0.569391 -0.125961 0.812360
-31.690419 -48.121355 859.241796 -3817.286977 0.684033 0.626037 -0.374401 -0.385934 0.746141 0.542520 0.618994 -0.226608 0.751995
181.526307 -111.332335 -49885.599098 10125.927811 -0.055763 0.804557 0.591251 0.414902 0.557295 -0.719220 0.908156 -0.205206 0.364889
160.382623 -98.028835 -33973.037434 5164.665606 -0.049945 0.860960 0.506215 0.247930 0.501670 -0.828769 0.967490 -0.084113 0.238514
108.095611 -91.881608 -21076.148030 11106.769402 0.120479 0.813892 0.568387 0.318896 0.510481 -0.798570 0.940101 -0.277467 0.198045
84.876213 -92.025331 -16434.300880 7240.585215 0.080077 0.773424 0.628810 0.508112 0.511050 -0.693289 0.857560 -0.375023 0.352063
139.188962 -110.838752 -46288.669359 1404.423342 -0.105110 0.758638 0.642978 0.637771 0.547511 -0.541738 0.763020 -0.353131 0.541386
-47.704221 -70.032169 312.055703 2165.859626 -0.364129 0.743711 0.560628 0.744146 -0.129650 0.655315 0.560051 0.655808 -0.506220
-50.613479 -72.517329 82.762629 -1013.639701 -0.476816 0.762483 0.437340 0.755507 0.101191 0.647279 0.449284 0.639046 -0.624311
-50.469876 -67.911054 -1103.318013 521.562769 -0.373571 0.679915 0.631000 0.808297 -0.095129 0.581039 0.455083 0.727095 -0.514035
-45.666025 -66.195679 578.295348 2560.840005 -0.253261 0.659328 0.707916 0.747155 -0.331521 0.576067 0.614506 0.674819 -0.408659
-47.369763 -68.481862 2162.905355 -4258.663330 -0.270452 0.756690 0.595211 -0.675572 0.291308 -0.677305 0.685900 0.585286 -0.432414
6.188678 -33.663680 262.057274 -2492.738568 0.463428 0.863205 0.200278 0.596672 -0.471070 0.649674 -0.655147 0.181577 0.733357
8.294061 -37.831388 573.402055 -3737.402929 0.501071 0.826767 0.255704 0.589367 -0.542369 0.598734 -0.633699 0.149304 0.759035
5.644216 -29.804055 779.273504 -1915.500717 0.493624 0.834279 0.245588 0.554106 -0.519359 0.650564 -0.670300 0.185053 0.718647
8.024107 -42.347001 870.604682 -3600.794184 0.479344 0.853685 0.203596 0.642546 -0.499390 0.581158 -0.597799 0.147755 0.787911
5.194037 -36.750992 243.236723 -2544.403614 0.434295 0.886925 0.157328 0.627889 -0.423309 0.653119 -0.645866 0.184861 0.740732
35.686450 -58.370162 757.106383 -340.309150 -0.187845 -0.757598 -0.625107 0.822100 0.226987 -0.522138 0.537462 -0.611982 0.580183
31.780306 -74.213374 1322.024014 -1118.501906 -0.140514 -0.677711 -0.721778 0.809838 0.340716 -0.477571 0.569577 -0.651629 0.500961
37.935888 -65.521900 2004.704348 -3670.359385 -0.237813 -0.727539 -0.643531 0.866865 0.139902 -0.478511 0.438167 -0.671650 0.597408
43.342467 -52.019506 1346.083619 -2158.451316 -0.272072 -0.794856 -0.542385 0.853892 0.060455 -0.516927 0.443673 -0.603779 0.662273
32.243625 -47.897820 1334.439238 44.213097 0.209176 0.836241 0.506898 0.808351 0.143834 -0.570859 0.550285 -0.529162 0.645890
4.368475 -38.559957 -3233.200096 3195.193969 0.659079 0.744210 -0.108477 0.743749 -0.666369 -0.052813 0.111590 0.045872 0.992695
4.284567 -40.332326 -2242.463743 1493.543822 0.637610 0.761216 -0.118337 0.749905 -0.648477 -0.130847 0.176342 0.005313 0.984315
0.349012 -37.828582 -2154.489214 5475.722329 0.631523 0.766139 -0.119207 0.759439 -0.642197 -0.104099 0.156309 0.024789 0.987397
6.594833 -38.705894 -501.079590 2027.184942 0.658646 0.739884 -0.136954 0.741920 -0.668926 -0.045743 0.125456 0.071480 0.989521
1.092986 -41.032799 -2656.218993 4503.978674 0.652012 0.751334 -0.101869 0.754394 -0.656310 -0.012117 0.075961 0.068948 0.994724
2.932276 -46.437583 4251.008803 78.811474 -0.667270 -0.740863 0.076636 0.744797 -0.662974 0.075784 -0.005338 0.107646 0.994175
-9.246466 -65.879238 -2050.060214 780.812498 0.376754 0.904106 -0.201615 0.502259 -0.016502 0.864560 -0.778326 0.426989 0.460313
-11.075870 -68.153122 -2026.879662 -1729.604665 0.381513 0.900259 -0.209719 0.573355 -0.052509 0.817623 -0.725060 0.432177 0.536201
-10.932423 -62.488808 -2644.094042 3294.347786 0.384701 0.898859 -0.209898 0.526058 -0.026651 0.850031 -0.758464 0.437426 0.483105
-10.605962 -60.485053 -2089.647771 -1395.773930 0.372793 0.899656 -0.227254 0.378692 0.076077 0.922391 -0.847123 0.429920 0.312331
4.036878 -40.448907 273.110700 1758.336544 0.597301 0.788239 -0.148023 0.004858 -0.188116 -0.982135 0.802002 -0.585911 0.116192
3.464385 -39.302028 -1454.318805 1295.914202 0.618725 0.769925 -0.156189 0.003020 -0.201142 -0.979557 0.785602 -0.605605 0.126777
2.753333 -43.502716 -113.001953 2870.265453 0.604687 0.785457 -0.131951 0.073239 -0.219805 -0.972791 0.793088 -0.578570 0.190439
2.941647 -42.622059 1266.079936 2486.653316 0.583648 0.803272 -0.118787 0.045458 -0.178381 -0.982911 0.810734 -0.568274 0.140627
1.221868 -56.003247 -953.413536 -259.152716 0.476942 0.869246 -0.130146 0.846758 -0.494115 -0.197110 0.235644 0.016192 0.971705
1.464638 -56.947839 752.358802 2427.909056 0.457279 0.877589 -0.143992 0.858103 -0.477929 -0.187733 0.233570 0.037714 0.971608
1.972373 -58.528738 -272.366294 -2786.335119 0.485600 0.862379 -0.143162 0.823383 -0.506220 -0.256481 0.293655 -0.006670 0.955888
3.515447 -61.921322 -2197.250040 -3787.167819 0.527977 0.836955 -0.144035 0.743783 -0.537566 -0.397253 0.409911 -0.102610 0.906335
1.145705 -58.067417 -1417.393262 -3099.345911 0.510684 0.849508 -0.132431 0.800239 -0.525970 -0.288051 0.314356 -0.041126 0.948414
30.429940 -102.537494 4938.653807 -3755.098327 0.027042 0.967552 0.251221 -0.960881 -0.044137 0.273422 -0.275639 0.248788 -0.928509
31.832712 -95.843884 7968.953988 2859.548732 -0.012627 0.956157 0.292581 0.997074 0.034101 -0.068413 -0.075391 0.290861 -0.953790
22.137224 -94.082027 7501.614989 2876.940697 0.021325 0.941932 0.335127 0.982727 0.041885 -0.180259 -0.183829 0.333182 -0.924768
39.323368 -103.267194 1570.073608 -3726.087442 0.008474 0.991232 0.131859 -0.990199 -0.010065 0.139299 -0.139405 0.131747 -0.981432
3.643979 -44.241994 -130.778158 1522.176353 0.392720 0.823309 -0.409798 -0.488719 0.564303 0.665369 -0.779054 0.061027 -0.623980
5.288420 -42.521940 259.612372 2541.453447 0.404833 0.819927 -0.404759 -0.528400 0.571036 0.628260 -0.746260 0.040465 -0.664424
3.491150 -45.290086 968.662161 -261.942182 0.399591 0.832655 -0.383421 -0.504386 0.548968 0.666505 -0.765455 0.072937 -0.639342
4.461108 -43.101612 515.518133 1133.813254 0.402318 0.823055 -0.400900 -0.563419 0.567748 0.600184 -0.721595 0.015590 -0.692140
2.440332 -47.239136 1128.207696 -900.595091 0.391075 0.844092 -0.366836 -0.534450 0.532769 0.656140 -0.749282 0.060545 -0.659478
-4.609214 -77.976857 921.912493 -2572.376396 0.314832 0.922968 -0.221383 0.144628 0.183871 0.972252 -0.938064 0.338114 0.075598
-3.380084 -75.632549 1084.466720 2213.422707 0.318801 0.926271 -0.200968 0.318190 0.095137 0.943241 -0.892817 0.364652 0.264401
-3.546900 -74.786697 1538.463438 -464.811085 0.330484 0.923499 -0.194755 0.217168 0.126406 0.967915 -0.918487 0.362175 0.158779
-3.080741 -75.213206 909.951580 3417.351301 0.330838 0.925179 -0.185985 0.397430 0.042155 0.916664 -0.855918 0.377184 0.353747
-4.278310 -74.647085 192.827885 -2584.372310 0.311434 0.926215 -0.212448 0.067987 0.201276 0.977172 -0.947833 0.318768 0.000287
-2.698226 -73.238304 413.265329 -1599.439257 0.330024 0.924067 -0.192835 0.128668 0.158338 0.978966 -0.935163 0.347893 0.066643
-2.433563 -74.769602 510.890772 669.142038 0.333378 0.926359 -0.175264 0.301004 0.071588 0.950932 -0.893452 0.369775 0.254972
30.233652 -46.007128 293.637603 -639.499545 0.599859 -0.781359 0.172184 0.698202 0.406097 -0.589575 0.390746 0.473881 0.789148
25.705583 -46.766981 -6572.015324 -136.873742 0.630976 -0.728845 0.265809 0.701103 0.389016 -0.597596 0.332151 0.563429 0.756455
27.591283 -46.952712 -794.394581 -1310.857384 0.608346 -0.768608 0.197882 0.672181 0.366384 -0.643378 0.422005 0.524409 0.739532
24.726255 -47.739971 -5565.281204 -1042.559535 -0.577439 0.810102 -0.101480 0.658969 0.389074 -0.643724 0.481999 0.438584 0.758499
-55.644291 -64.574129 -2077.668067 10989.235582 0.633144 0.017817 0.773829 0.031530 0.998312 -0.048783 -0.773392 0.055285 0.631513
-39.374692 -47.113896 8364.549827 -280.240403 -0.013830 0.958524 -0.284677 0.618325 0.231940 0.750918 -0.785801 0.165638 0.595887
-45.316298 -59.483069 -6639.388940 7894.191442 0.423101 -0.523990 0.739202 0.350199 0.846993 0.399953 -0.835671 0.089647 0.541865
-8.528672 -158.409662 -1358.849987 3918.377161 -0.350144 -0.021380 -0.936452 0.841473 0.432002 -0.324494 0.411487 -0.901619 -0.133273
-8.826419 -156.050046 -237.064313 9941.755494 -0.359592 0.018278 -0.932931 0.830708 0.461640 -0.311146 0.424991 -0.886879 -0.181185
-7.666260 -144.809622 -1379.220525 11553.185950 -0.353566 -0.012925 -0.935320 0.726532 0.626017 -0.283291 0.589188 -0.779703 -0.211948
-7.006366 -145.404599 -688.111418 8877.794744 -0.363645 -0.014306 -0.931428 0.667242 0.693731 -0.271157 0.650039 -0.720092 -0.242726
-6.739756 -150.380453 -7.333752 6811.101540 -0.363279 -0.016392 -0.931536 0.807221 0.493711 -0.323487 0.465212 -0.869472 -0.166123
-7.204479 -153.400760 -931.263476 106.110562 -0.337632 -0.023554 -0.940983 0.914931 0.226656 -0.333958 0.221146 -0.973690 -0.054976
-7.929453 -158.940638 -281.146684 -3884.182911 -0.343036 -0.001161 -0.939322 0.927649 0.156743 -0.338967 0.147626 -0.987639 -0.052691
-5.482732 -81.659277 708.681692 1933.535143 0.043275 0.946719 0.319140 -0.763193 0.237468 -0.600954 0.644720 0.217559 -0.732806
-1.806534 -80.692482 2292.653700 2632.099572 0.012808 0.946869 0.321364 -0.812791 0.197056 -0.548214 0.582414 0.254181 -0.772131
-1.312295 -84.287435 2766.040002 3792.642533 0.008313 0.949454 0.313796 -0.724625 0.221970 -0.652417 0.689093 0.221961 -0.689843
-5.543595 -85.572652 608.983255 2770.472607 0.023737 0.952126 0.304781 -0.659433 0.244050 -0.711047 0.751389 0.184105 -0.633657
-20.245826 -47.413333 -4797.996461 -6617.183677 0.537751 0.819540 -0.197937 0.643874 -0.550762 -0.531119 0.544289 -0.158163 0.823853
-22.079584 -46.717901 -2947.723759 -4808.968017 0.445225 0.871242 -0.206670 0.720482 -0.485617 -0.495057 0.531677 -0.071509 0.843923
-18.460468 -45.559027 -4587.317475 -1169.671143 0.508166 0.839837 -0.190896 0.689041 -0.529418 -0.494913 0.516710 -0.119962 0.847714
-20.804475 -44.374151 -1247.164169 2700.577915 0.466809 0.854367 -0.228355 0.723570 -0.517446 -0.456832 0.508464 -0.048023 0.859743
-15.495973 -49.745779 -3615.366267 -3726.027090 0.531527 0.829130 -0.173270 0.671765 -0.537229 -0.510017 0.515956 -0.154691 0.842532
-17.957478 -43.674991 -2823.885706 5791.435157 0.501715 0.844883 -0.185621 0.714109 -0.525634 -0.462338 0.488190 -0.099408 0.867057
-15.149915 -42.920808 -2527.295926 3722.894091 0.533707 0.826497 -0.179052 0.679094 -0.545042 -0.491691 0.503972 -0.140826 0.852162
-7.763807 -195.394670 1450.365982 27733.473054 -0.596532 -0.139442 -0.790383 0.659353 0.476346 -0.581677 0.457606 -0.868130 -0.192214
-5.249576 -203.565288 2511.293015 26968.581630 -0.606903 -0.130653 -0.783964 0.705152 0.366527 -0.606975 0.366646 -0.921188 -0.130316
-5.902355 -162.582665 -2131.725415 23316.911063 0.598425 0.120731 0.792030 0.562202 0.641039 -0.522491 0.570804 -0.757953 -0.315739
-10.568263 -187.005481 559.249142 27300.153861 -0.577594 -0.158170 -0.800855 0.623929 0.547085 -0.558041 0.526401 -0.821998 -0.217306
-8.856233 -213.006579 -10.460817 21344.799950 -0.594879 -0.170906 -0.785436 0.746124 0.246099 -0.618655 0.299027 -0.954058 -0.018882
-9.380185 -157.172104 -1243.302910 20656.972222 0.568014 0.126110 0.813300 0.524302 0.706276 -0.475691 0.634403 -0.696614 -0.335055
-3.092140 -113.755196 -385.580235 -5396.175790 0.440746 -0.151425 0.884768 0.231285 0.971545 0.051063 -0.867324 0.182128 0.463227
-4.121764 -123.344698 -630.569237 -4479.691169 0.442243 -0.137481 0.886296 0.404620 0.912491 -0.060353 -0.800440 0.385304 0.459170
-3.104727 -121.521788 145.732253 -7879.090114 0.448498 -0.137276 0.883179 0.213080 0.976066 0.043507 -0.868013 0.168675 0.467014
-2.223950 -110.704832 -306.504237 -4238.554648 0.437835 -0.146227 0.887084 0.055350 0.989197 0.135740 -0.897350 -0.010331 0.441199
-1.809237 -110.858429 -498.289619 -6685.168606 0.437870 -0.141501 0.887833 -0.007854 0.986897 0.161163 -0.899004 -0.077541 0.431021
58.924524 -382.190868 -19762.105336 -94801.888086 -0.487960 -0.202778 -0.848985 0.793529 -0.508221 -0.334699 -0.363603 -0.837014 0.408902
72.516835 -606.917233 -16772.592359 -213081.208362 -0.498815 -0.156733 -0.852419 0.864941 -0.152794 -0.478048 -0.055319 -0.975750 0.211781
74.996655 -343.282637 -16102.173279 -58906.206894 -0.486831 -0.109536 -0.866601 0.790516 -0.477298 -0.383760 -0.371591 -0.871888 0.318954
-6.535766 -27.694234 1831.923518 501.499674 -0.095147 0.974438 -0.203513 0.669075 -0.088776 -0.737874 0.737080 0.206372 0.643525
-4.320196 -27.516148 52.790013 591.585547 -0.160930 0.978734 -0.127207 0.658631 0.010508 -0.752393 0.735056 0.204865 0.646315
-2.470370 -27.815632 1192.096311 1264.675175 -0.137448 0.977215 -0.161738 0.692621 -0.021908 -0.720969 0.708085 0.211119 0.673829
-12.610156 -82.243840 416.517333 -1141.396473 0.168826 0.969102 0.179832 0.608025 0.041202 -0.792848 0.775760 -0.243195 0.582282
-13.965903 -84.073753 1161.670363 -682.946065 0.170479 0.971404 0.165258 0.450670 0.072277 -0.889760 0.876261 -0.226162 0.425461
-12.648679 -84.355996 -1369.079740 -1440.226385 0.173054 0.965204 0.196045 0.526089 0.077687 -0.846874 0.832636 -0.249692 0.494339
-14.889113 -86.007416 -749.160469 -475.078988 0.165407 0.967085 0.193356 0.328677 0.130794 -0.935342 0.929845 -0.218264 0.296224
-11.306984 -79.336930 -546.552269 -1238.864844 0.155550 0.968317 0.195360 0.680580 0.038289 -0.731673 0.715972 -0.246770 0.653062
-12.303654 -83.314562 -432.176015 867.106795 0.138400 0.971902 0.190399 0.404017 0.120119 -0.906831 0.904221 -0.202430 0.376041
-27.071182 -33.152411 -1065.899424 -944.996978 -0.120774 0.931685 -0.342602 0.214370 -0.312507 -0.925411 0.969257 0.185209 0.161983
-26.176645 -32.334319 305.782028 -717.427413 -0.266855 0.961069 0.071662 0.176682 0.121886 -0.976692 0.947403 0.247974 0.202329
-25.284476 -33.438332 -960.935032 -1093.934044 -0.120802 0.954499 -0.272651 0.256139 -0.235390 -0.937542 0.959062 0.183093 0.216049
-24.318323 -35.104660 -1385.636780 -1144.800060 -0.015409 0.865791 -0.500168 0.220899 -0.484919 -0.846201 0.975175 0.123526 0.183781
-22.254903 -33.256453 -1105.901705 -655.011435 -0.038388 0.917387 -0.396140 0.292458 -0.368759 -0.882318 0.955508 0.149725 0.254141
20.356045 -257.170558 3315.381373 -69035.061733 0.255961 0.951772 0.169158 -0.294614 0.243467 -0.924081 0.920699 -0.186693 -0.342723
2060.325454 -24910.765281 149161.861583 -12643585.490029 0.351085 0.883420 0.310337 -0.367742 0.434896 -0.821968 0.861107 -0.174457 -0.477556
11.867013 -253.227437 1839.633247 -68128.942516 0.273460 0.954702 0.117314 -0.280232 0.195747 -0.939762 0.920157 -0.224113 -0.321067
-1.700883 -78.926864 248.064832 3765.300774 0.320877 0.931632 -0.170588 0.454588 0.006517 0.890678 -0.830895 0.363346 0.421418
0.337480 -75.749559 -282.353660 -3052.491824 0.324667 0.933522 -0.152079 0.522128 -0.042825 0.851791 -0.788653 0.355953 0.501322
-1.328640 -76.044027 542.368565 1802.864071 0.339243 0.928488 -0.151073 0.476972 -0.031355 0.878359 -0.810809 0.370035 0.453500
-1.824939 -75.264233 -475.772250 1111.477311 0.335568 0.931435 -0.140797 0.448196 -0.026402 0.893545 -0.828562 0.362950 0.426325
0.938961 -20.231992 1994.373697 491.385653 -0.272013 -0.578453 -0.769026 -0.303118 0.809983 -0.502043 0.913306 0.096544 -0.395665
-3.257983 -17.797785 1254.734231 1372.757965 -0.241705 -0.624226 -0.742913 -0.367814 0.767419 -0.525149 0.897937 0.146323 -0.415088
-3.983846 -18.155842 254.770032 884.475158 -0.318498 -0.384266 -0.866544 -0.261770 0.914257 -0.309211 0.911063 0.128352 -0.391778
-5.628470 -15.836116 169.169704 1093.142728 -0.296418 -0.462699 -0.835492 -0.330091 0.870529 -0.364992 0.896201 0.167598 -0.410773
-8.724982 -17.109125 678.141282 12719.890031 0.135633 0.722574 0.677857 -0.308795 -0.619269 0.721908 -0.941408 0.307234 -0.139134
-13.925394 -61.624623 10722.104901 26848.193991 0.349976 0.883201 0.312207 -0.200802 -0.254806 0.945914 -0.914984 0.393738 -0.088173
-10.582097 -50.678697 1184.708893 30283.893696 0.168445 0.783767 0.597775 -0.198222 -0.567118 0.799428 -0.965575 0.253152 -0.059832
8.039858 -11.803759 -3218.045471 -222.712481 -0.258991 -0.221340 0.940177 0.233373 0.930209 0.283280 -0.937263 0.292779 -0.189261
-24.980874 -53.059461 -11301.100263 28971.403613 0.075589 0.914268 0.397994 -0.205125 -0.376342 0.903488 -0.975812 0.149933 -0.159092
-48.033131 -212.761114 -25655.516211 97087.421328 0.125855 0.976193 0.176659 -0.044219 -0.172378 0.984038 -0.991063 0.131657 -0.021472
-20.681372 -41.748977 -1303.553959 -4012.709509 -0.579496 0.789350 0.202759 -0.505846 -0.153310 -0.848891 0.638987 0.594494 -0.488131
-20.489859 -40.141772 -2594.379581 -2357.656531 -0.493882 0.819117 0.291768 -0.539749 -0.025722 -0.841433 0.681727 0.573050 -0.454821
-16.809011 -44.343005 -3132.841876 -1742.937563 -0.510560 0.830741 0.221807 -0.580488 -0.142716 -0.801664 0.634320 0.538054 -0.555100
-24.339927 -38.058889 -312.469461 -4037.888940 -0.641002 0.751932 0.153994 -0.411952 -0.167754 -0.895631 0.647620 0.637540 -0.417290
-16.150280 -22.405581 2131.440237 -150.318251 -0.436875 0.656498 0.614939 -0.536853 0.358234 -0.763844 0.721754 0.663837 -0.195940
-16.813070 -25.531289 1769.044492 -1460.426359 -0.653037 0.736753 0.175322 -0.315963 -0.054660 -0.947196 0.688266 0.673949 -0.268482
-13.303923 -20.067973 1883.088221 -142.244942 -0.511634 0.675728 0.530681 -0.510219 0.258006 -0.820432 0.691308 0.690525 -0.212765
-11.777227 -21.523094 -1834.022042 1406.577297 0.657921 -0.707833 -0.257123 0.357221 -0.007244 0.933992 0.662973 0.706343 -0.248087
-9.459920 -18.328149 -2077.688573 408.567272 0.293869 -0.506866 -0.810387 -0.637776 0.527519 -0.561218 0.711957 0.681770 -0.168245
-8.636057 -16.198543 1799.190672 36.078466 -0.510112 0.643395 0.570814 0.533079 -0.284320 0.796862 0.674991 0.710778 -0.197945
4.937316 -57.794893 -2390.018719 -2401.773180 -0.316259 0.917286 -0.242007 -0.457250 -0.370904 -0.808303 0.831206 0.144975 -0.536730
6.339812 -57.970685 -1658.460562 -5107.349577 -0.315163 0.919253 -0.235895 -0.349868 -0.343595 -0.871513 0.882193 0.192136 -0.429906
8.030833 -57.153458 -2152.561721 -3797.277435 -0.336941 0.904594 -0.261114 -0.361820 -0.380440 -0.851089 0.869228 0.192291 -0.455486
11.146607 -99.285216 -305.313903 -2228.841627 -0.631333 0.775253 -0.020055 0.769555 0.623074 -0.139872 -0.095940 -0.103739 -0.989967
9.455403 -106.255183 -2249.342839 -498.606333 -0.637290 0.768393 -0.058602 0.770605 0.635958 -0.041535 0.005353 -0.071629 -0.997417
11.696384 -103.507220 -54.493763 486.470434 -0.645518 0.763668 -0.010845 -0.763641 -0.645599 -0.007303 0.012579 -0.003567 -0.999915
11.482716 -93.980375 -881.592485 -5907.185650 -0.639389 0.768647 -0.019055 0.761192 0.629301 -0.156739 -0.108486 -0.114721 -0.987456
12.100328 -87.528965 -2280.225524 -9068.673322 -0.628428 0.776876 -0.039260 0.751128 0.592933 -0.290238 -0.202200 -0.211883 -0.956149
-0.916130 -98.308210 1240.025123 -7540.115980 -0.647247 0.758093 0.079787 0.742718 0.603613 0.289863 0.171582 0.246872 -0.953737
-4.108154 -95.767222 218.437531 -6646.725757 -0.628995 0.774630 0.065669 0.733534 0.563398 0.380146 0.257475 0.287281 -0.922592
-1.307378 -92.319733 596.817332 -7094.558895 -0.618525 0.781651 0.080307 0.776809 0.592886 0.212259 0.118299 0.193671 -0.973908
3.687479 -140.685833 1042.304707 -12076.409592 0.472443 -0.871153 -0.133755 0.847554 0.407431 0.340076 -0.241762 -0.274032 0.930837
1.560747 -132.239448 1084.422274 -8273.808368 0.471365 -0.869897 -0.145242 0.825441 0.377150 0.420006 -0.310584 -0.317865 0.895823
3.856822 -123.650389 -1545.626773 -7534.011950 -0.463651 0.874909 0.139863 0.776607 0.325313 0.539494 -0.426509 -0.358755 0.830292
6.125617 -128.108913 -2758.447930 -11044.069063 -0.464613 0.872714 0.150016 0.811551 0.351871 0.466446 -0.354288 -0.338462 0.871736
-3.244299 -116.067712 -5041.252312 3700.358692 -0.496293 0.837783 0.227624 0.773921 0.545747 -0.321258 0.393369 -0.016725 0.919228
-2.857302 -115.062208 -3657.270894 -2385.483592 -0.529197 0.817314 0.227922 0.827422 0.556584 -0.074738 0.187943 -0.149037 0.970807
4.529539 -124.177138 -2924.573763 2800.436712 -0.519924 0.827629 0.211444 0.781301 0.560814 -0.273966 0.345323 -0.022760 0.938208
6.282264 -118.645764 -4082.061628 6775.401407 -0.499804 0.839718 0.212294 0.670850 0.530343 -0.518360 0.547865 0.116661 0.828392
-4.421738 -110.348531 -5384.891074 3722.845126 -0.455659 0.863210 0.217357 0.696863 0.497846 -0.516267 0.553857 0.083774 0.828387
17.180572 -19.370492 1435.916204 -12787.030341 -0.432827 0.895594 0.102818 -0.055261 0.087481 -0.994632 0.899782 0.436185 -0.011628
17.191147 -27.675222 -855.929094 -9756.090455 -0.449958 0.889186 0.082983 -0.082591 0.051089 -0.995273 0.889223 0.454684 -0.050451
14.621643 -41.296102 424.936556 -7493.771145 -0.414444 0.891081 0.184964 -0.186916 0.115563 -0.975555 0.890673 0.438886 -0.118663
21.422015 -11.816680 2467.116837 -16655.569248 -0.376024 0.882471 0.282578 -0.116223 0.257633 -0.959227 0.919292 0.393535 -0.005687
3.935877 -51.225044 415.453330 440.325177 -0.478141 0.840012 0.256442 -0.768541 -0.541493 0.340779 -0.425120 0.034146 -0.904493
6.782478 -51.621139 2663.022244 -754.482107 -0.453269 0.854786 0.252763 -0.816345 -0.511948 0.267375 -0.357950 0.085149 -0.929850
4.477445 -51.705419 1767.035903 -540.419007 -0.481672 0.835340 0.264952 -0.811453 -0.539309 0.225144 -0.330963 0.106551 -0.937609
-5.786988 -124.070062 1595.744730 14139.408384 -0.647575 0.757126 0.086066 0.116303 -0.013419 0.993123 -0.753074 -0.653131 0.079366
-3.902710 -121.023562 1133.772337 12279.043471 -0.645180 0.758798 0.089267 0.164024 0.023447 0.986178 -0.746217 -0.650904 0.139588
-6.648077 -147.809385 901.000717 14002.372648 -0.649103 0.756217 0.082468 -0.041529 -0.143477 0.988782 -0.759566 -0.638396 -0.124536
-8.555726 -138.048491 1011.461482 18202.134600 -0.664615 0.744190 0.066843 0.071065 -0.026096 0.997130 -0.743798 -0.667458 0.035542
2.484371 -49.763729 1158.979015 1459.319964 -0.443151 0.884840 -0.143789 -0.104657 -0.210368 -0.972004 0.890317 0.415696 -0.185830
1.183739 -51.586486 348.108521 1658.090733 -0.439671 0.891524 -0.108973 -0.119761 -0.178439 -0.976635 0.890139 0.416347 -0.185225
3.225975 -50.957800 755.377033 -1081.085750 -0.442822 0.880885 -0.167180 -0.155813 -0.259225 -0.953166 0.882967 0.396034 -0.252044
6.460923 -48.390614 2092.495692 -1644.004530 -0.447024 0.871663 -0.200929 -0.140806 -0.290389 -0.946492 0.883370 0.394813 -0.252547
5.505049 -47.406557 2219.956625 706.967013 -0.443637 0.875395 -0.192014 -0.086916 -0.255268 -0.962956 0.891982 0.410514 -0.189332
1.001083 -47.127721 1231.975310 1108.625870 -0.439994 0.883359 -0.161499 -0.008652 -0.184004 -0.982887 0.897959 0.431067 -0.088603
-11.145815 -116.614522 -2089.587352 8727.683516 -0.376437 0.919257 0.115158 0.788054 0.383077 -0.481895 0.487100 0.090652 0.868629
-10.551839 -105.440856 -2606.566169 5485.180978 -0.338750 0.934777 0.106961 0.694689 0.325163 -0.641620 0.634551 0.143044 0.759528
-13.655383 -104.233649 -2116.102535 7315.546447 -0.363561 0.927305 0.089038 0.721235 0.340679 -0.603124 0.589613 0.155056 0.792663
-13.541588 -116.468658 -243.803787 6987.866521 -0.404872 0.910959 0.078946 0.821844 0.400388 -0.405292 0.400813 0.099210 0.910772
17.209968 -84.566639 1674.876489 14978.889905 0.407689 -0.894068 0.185561 0.911861 0.387959 -0.134153 0.047952 0.223899 0.973432
25.282471 -68.061383 3473.313652 2950.389356 0.425975 -0.885915 0.183573 0.893449 0.379963 -0.239535 0.142457 0.266049 0.953375
16.291235 -71.583863 6220.773464 1978.557691 0.382812 -0.916891 0.112989 0.913780 0.357817 -0.192285 0.135875 0.176856 0.974813
11.183368 -86.499243 3239.592558 11457.388408 0.372940 -0.917289 0.139628 0.927815 0.370075 -0.046936 -0.008619 0.147053 0.989091
9.090362 -116.051171 -796.027986 20214.324248 0.420839 -0.884787 0.200117 0.895160 0.440779 0.066349 -0.146912 0.151214 0.977523
5.229114 -37.585085 -5945.313870 159.218197 -0.552681 0.831887 0.050076 -0.811509 -0.523517 -0.259582 0.189728 0.184103 -0.964422
-0.498729 -42.388459 -1284.107306 176.247827 -0.568384 0.819293 0.075481 0.809816 0.540871 0.227280 0.145384 0.190308 -0.970900
-0.962505 -41.734481 -2386.164354 -1433.493557 -0.653114 0.756438 0.035270 0.723529 0.609599 0.323876 0.223492 0.237047 -0.945442
6.467707 -36.340942 -5829.218757 1457.082095 -0.639134 0.768878 0.018304 -0.723660 -0.593147 -0.352835 0.260431 0.238755 -0.935506
14.529110 -328.097859 4259.520139 -10189.999494 -0.485223 0.871076 -0.076057 -0.587917 -0.260629 0.765785 -0.647234 -0.416292 -0.638584
31.944491 -317.135734 9514.594819 -8890.265023 -0.476507 0.875837 -0.076484 -0.612691 -0.268427 0.743341 -0.630516 -0.401069 -0.664525
21.725283 -352.008480 6986.045010 -39734.569614 -0.502792 0.861380 -0.072283 -0.784143 -0.419318 0.457485 -0.363759 -0.286700 -0.886275
30.088010 -318.184502 9506.568050 40517.121761 -0.458840 0.884929 -0.079789 -0.318216 -0.079822 0.944652 -0.829581 -0.458834 -0.318224
7.537634 -385.246482 3040.965516 -73368.551482 -0.491498 0.869380 -0.051071 -0.788871 -0.419606 0.449014 -0.368934 -0.260977 -0.892064
2.664156 -342.233802 515.340980 -30748.574064 -0.477655 0.876702 -0.056915 -0.589774 -0.271963 0.760397 -0.651162 -0.396774 -0.646960
12.039793 -321.332359 3237.994484 43159.149608 -0.467096 0.879997 -0.086179 -0.257938 -0.042386 0.965231 -0.845748 -0.473085 -0.246783
-5.205419 -348.210094 5865.572949 -109554.276371 0.671973 -0.683242 0.285712 -0.405425 -0.016539 0.913979 0.619744 0.730004 0.288117
-17.398162 -261.743937 -4261.363251 -106492.804077 0.780795 -0.581840 0.227643 -0.120423 0.217373 0.968632 0.613072 0.783716 -0.099656
-1.331853 -1110.718269 11816.027109 -432926.904380 0.587981 -0.750857 0.300819 -0.586341 -0.139457 0.797970 0.557210 0.645574 0.522256
1.418192 -127.741676 -98.425591 -68.995418 0.741417 -0.662653 0.105792 0.625413 0.739502 0.248988 -0.243226 -0.118441 0.962711
1.306372 -129.297994 -1025.329777 -3230.333613 0.749289 -0.653775 0.105562 -0.659462 -0.751195 0.028566 -0.060622 0.091019 0.994002
1.910318 -128.523124 -1790.892745 1854.246789 0.736273 -0.667465 0.111322 0.659510 0.744638 0.102769 -0.151489 -0.002249 0.988456
2.279940 -121.194751 779.031594 3154.732124 0.752530 -0.651375 0.097001 0.650464 0.758196 0.045112 -0.102931 0.029147 0.994261
2.186261 -122.966909 -1683.640075 -6823.280193 0.729517 -0.674594 0.112817 0.606804 0.714461 0.348331 -0.315585 -0.185656 0.930558
0.111277 -115.176996 -955.242429 -10161.961931 0.734273 -0.666732 0.127715 0.527375 0.678704 0.511113 -0.427456 -0.307943 0.849972
1.386318 -119.880208 1545.246514 -3476.321868 0.751997 -0.651348 0.101225 0.547373 0.702614 0.454660 -0.367264 -0.286495 0.884894
2.908159 -124.686596 1565.147823 2914.697252 0.744258 -0.662163 0.087295 0.628984 0.738848 0.241833 -0.224630 -0.125079 0.966383
-27.726963 -36.615272 -765.298017 -1475.288888 -0.349968 0.635576 0.688161 0.316737 -0.611065 0.725450 -0.881589 -0.471851 -0.012543
-25.882220 -33.202228 1780.607470 -1760.989426 -0.324200 0.798632 0.507032 0.173558 -0.476668 0.861780 -0.929931 -0.367389 -0.015927
-27.125606 -32.942741 -122.086632 1753.193261 -0.333318 0.588054 0.736947 -0.249833 0.698614 -0.670464 -0.909111 -0.407592 -0.085945
-24.977830 -29.159922 739.415266 2085.076692 -0.337299 0.599829 0.725558 -0.167338 0.720248 -0.673232 -0.926406 -0.348494 -0.142564
-24.441411 -31.084738 -981.421836 899.236797 -0.328933 0.349417 0.877332 -0.317534 0.834012 -0.451216 -0.889368 -0.427003 -0.163382
-25.544818 -34.162875 -1414.728430 695.853425 -0.403630 0.564472 0.720038 -0.302105 0.660625 -0.687246 -0.863606 -0.494920 -0.096118
-18.304904 -35.287981 1919.059923 1611.272156 -0.031111 0.923188 0.383087 -0.793340 0.210328 -0.571291 0.607983 0.321692 -0.725859
-13.327977 -31.711562 2544.146257 1248.471735 -0.171429 0.932712 0.317271 -0.821848 0.042206 -0.568141 0.543302 0.358144 -0.759313
-13.854689 -33.303050 1915.368451 1096.544749 -0.146947 0.923651 0.353943 -0.786417 0.107945 -0.608191 0.599963 0.367719 -0.710512
-17.012698 -37.104161 2426.954704 1388.020080 -0.031423 0.905961 0.422193 -0.748522 0.258592 -0.610611 0.662365 0.335208 -0.670006
5.190709 -46.678509 -1082.783807 -2383.905441 -0.549195 0.817670 0.172631 0.635660 0.274626 0.721469 -0.542514 -0.505962 0.670583
2.950066 -48.215083 1516.152825 -1159.908740 0.567726 -0.808666 -0.154100 0.677800 0.352941 0.644996 -0.467198 -0.470630 0.748487
4.167902 -47.149048 -3818.183038 -1626.405961 -0.559421 0.806089 0.193053 0.622684 0.254969 0.739767 -0.547096 -0.534052 0.644573
4.392134 -49.085508 -2224.022356 528.348491 -0.563997 0.808821 0.166480 0.574749 0.239729 0.782428 -0.592934 -0.536971 0.600076
3.349119 -49.878922 1874.502439 824.976241 -0.539302 0.832616 0.126111 0.591123 0.267636 0.760884 -0.599773 -0.484893 0.636515
-9.271968 -37.979308 -2307.414696 295.097057 -0.400223 0.822828 0.403455 -0.502138 -0.565181 0.654544 -0.766602 -0.059373 -0.639372
-11.542258 -36.771641 -1102.283196 790.078406 -0.390607 0.806296 0.444200 -0.501897 -0.591037 0.631486 -0.771703 -0.023720 -0.635541
-10.507100 -37.633749 -2418.100443 888.732587 -0.383386 0.841057 0.381626 -0.573800 -0.540683 0.615154 -0.723718 -0.016864 -0.689889
-63.934757 -1582.146396 3066.475110 -160495.262952 0.767108 0.334180 0.547603 -0.446519 0.891032 0.081744 -0.460615 -0.307222 0.832735
256.825813 -5939.922373 81655.919722 2353199.884807 0.892543 0.169095 0.418060 0.445147 -0.478748 -0.756732 -0.072185 -0.861514 0.502576
-52.357165 -2202.222495 -5029.461704 785788.696486 0.821113 0.190306 0.538105 0.418087 -0.842352 -0.340068 -0.388557 -0.504210 0.771230
-123.439436 -393.863563 29739.206464 113601.623969 -0.304209 0.927723 0.216302 -0.383786 0.088462 -0.919175 0.871875 0.362635 -0.329136
-213.478621 -436.758564 48019.871333 108418.673503 -0.125954 0.943578 0.306262 -0.151822 0.286749 -0.945899 0.980350 0.165637 -0.107139
-228.400651 -378.540839 50142.191079 96405.871097 -0.012662 0.855287 0.518000 -0.505875 0.441375 -0.741134 0.862514 0.271427 -0.427080
-120.888075 -530.167755 26986.937751 160178.575713 -0.287301 0.949828 0.123630 0.027673 0.137249 -0.990150 0.957441 0.281049 0.065716
-112.780668 -181.079045 28618.219672 40032.805940 -0.218865 0.903237 0.369136 -0.622415 0.162115 -0.765714 0.751464 0.397344 -0.526707
-43.124401 -446.225279 19485.816867 140095.054535 -0.464376 0.883129 0.066615 -0.457450 -0.174774 -0.871891 0.758350 0.435358 -0.485149
-73.129377 -449.877760 20174.646033 129185.889362 -0.411007 0.906124 0.100064 -0.276357 -0.019244 -0.960862 0.868735 0.422574 -0.258323
-53.386575 -83.566745 1056.160704 5169.903812 0.082819 0.986356 0.142276 0.937022 -0.028465 -0.348108 0.339308 -0.162146 0.926595
-41.004256 -92.381309 -1225.649475 14349.402925 0.015696 0.963340 0.267825 0.919958 0.091020 -0.381303 0.391702 -0.252373 0.884804
-34.421156 -75.141386 -3272.646166 16459.804603 0.131564 0.948714 0.287459 0.830241 0.052993 -0.554879 0.541655 -0.311662 0.780689
164.818014 -95.831006 -13750.285875 -337.870843 -0.265094 0.880006 0.394099 0.119904 0.435635 -0.892101 0.956738 0.189237 0.221001
184.211703 -101.845391 -22791.948996 2007.711824 -0.329319 0.848851 0.413522 0.253289 0.501318 -0.827360 0.909612 0.167725 0.380098
166.655248 -100.201361 9333.364073 1806.808739 -0.540835 0.791072 0.285839 0.150752 0.425488 -0.892319 0.827509 0.439506 0.349374
182.354035 -113.115265 6844.730209 -986.503742 -0.588195 0.768171 0.252863 0.316650 0.506464 -0.802014 0.744150 0.391672 0.541142
-50.121096 -69.896980 432.488016 -2087.107547 -0.549947 0.751953 0.363489 0.761173 0.272115 0.588702 0.343765 0.600433 -0.722015
-51.993450 -68.563650 -1151.698250 -947.146171 -0.527515 0.696966 0.485765 0.782758 0.176521 0.596766 0.330178 0.695039 -0.638673
6.752287 -32.389171 393.943685 -2954.783432 0.521289 0.797744 0.303087 0.529161 -0.580804 0.618591 -0.669512 0.162083 0.724902
11.301570 -47.965960 434.242094 -4965.115314 0.493574 0.832142 0.252831 0.655807 -0.547050 0.520244 -0.571228 0.090970 0.815735
10.170028 -44.966849 -236.907234 -4857.245689 0.514134 0.797580 0.315487 0.587762 -0.595504 0.547641 -0.624661 0.096130 0.774957
26.961831 -85.204502 4904.834254 -6408.261552 -0.211517 -0.642107 -0.736858 0.869008 0.221487 -0.442458 0.447310 -0.733923 0.511147
24.830328 -79.394964 -390.396984 -1226.073303 0.035320 0.606192 0.794533 0.717984 0.537628 -0.442103 0.695162 -0.586078 0.416248
24.408801 -91.147919 4213.760386 -2859.025448 -0.116113 -0.591370 -0.797997 0.782055 0.440854 -0.440497 0.612297 -0.675225 0.411295
5.982079 -41.844826 1023.485024 2089.674740 0.635826 0.756036 -0.155354 0.741056 -0.654251 -0.150969 0.215779 0.019136 0.976255
1.977035 -45.227736 -3104.828869 -4325.846043 0.622942 0.776195 -0.097287 0.757097 -0.629511 -0.174697 0.196843 -0.035171 0.979804
-9.377898 -68.190835 -620.564438 -1999.693755 0.392008 0.900869 -0.186451 0.586166 -0.088384 0.805355 -0.709041 0.424997 0.562707
0.964886 -55.788788 270.550059 2292.822776 0.433420 0.891528 -0.131628 0.891247 -0.445679 -0.083959 0.133515 0.080924 0.987737
3.807653 -43.285768 287.865407 -3948.683460 0.376148 0.840048 -0.390938 -0.433312 0.532427 0.727160 -0.818995 0.104122 -0.564274
3.887107 -44.676525 680.094780 -518.074138 0.371525 0.854207 -0.363730 -0.316419 0.484816 0.815372 -0.872839 0.187841 -0.450409
3.985998 -42.267095 431.751517 -1963.742542 0.375280 0.842838 -0.385732 -0.344609 0.513185 0.786057 -0.860471 0.162065 -0.483037
1.957154 -48.031911 3.755567 892.227742 0.356869 0.865927 -0.350448 -0.237507 0.446929 0.862465 -0.903457 0.224553 -0.365159
3.438415 -42.028036 -60.434711 -2223.887179 0.373216 0.837576 -0.398969 -0.403906 0.533840 0.742882 -0.835206 0.116110 -0.537540
1.469699 -43.724007 -751.591123 -145.540474 0.355551 0.853427 -0.381112 -0.286259 0.487592 0.824809 -0.889741 0.184165 -0.417665
-3.461413 -77.664233 -422.772143 2597.290364 0.300371 0.930442 -0.209894 0.322261 0.108119 0.940456 -0.897733 0.350127 0.267369
10.397526 -46.835237 -8183.572939 129.058770 0.626916 -0.709960 0.320834 0.733026 0.398016 -0.551595 0.263914 0.580983 0.769941
13.757073 -46.845122 -8425.257584 -667.888996 0.632722 -0.707880 0.313957 0.699922 0.349311 -0.622970 0.331319 0.613912 0.716477
-24.405493 -43.361930 7202.322934 -2593.430902 0.229601 0.971008 -0.066535 0.631341 -0.096559 0.769471 -0.740738 0.218677 0.635207
-20.778374 -38.615836 5801.359202 -759.318345 0.087794 0.961864 -0.259054 0.614314 0.152439 0.774196 -0.784162 0.227110 0.577504
-39.235643 -51.050095 8354.770251 -4268.660469 0.345847 0.926601 0.147647 0.601275 -0.339666 0.723253 -0.720318 0.161358 0.674615
-8.985304 -166.173644 518.433516 1507.289501 -0.356659 0.045597 -0.933121 0.907401 0.254574 -0.334388 0.222301 -0.965978 -0.132171
-7.840949 -160.884669 1783.992813 12063.463107 -0.373741 0.066984 -0.925111 0.806756 0.515616 -0.288592 0.457671 -0.854198 -0.246746
-6.597030 -142.017111 262.546547 14650.312786 -0.372997 0.029287 -0.927370 0.698729 0.666472 -0.259987 0.610452 -0.744955 -0.269056
-23.167967 -43.465319 296.239314 98.725809 0.419393 0.871356 -0.254653 0.740936 -0.490637 -0.458572 0.524522 -0.003640 0.851389
-23.039756 -46.910442 507.215392 -6102.790768 0.479485 0.814545 -0.326514 0.642897 -0.579306 -0.501086 0.597309 -0.030348 0.801437
-24.437490 -44.090147 -2.054213 -5977.003064 0.415593 0.872379 -0.257367 0.727514 -0.488660 -0.481597 0.545900 -0.012910 0.837751
-2.347884 -208.506476 1410.328591 19489.527603 -0.610801 -0.136706 -0.779893 0.751678 0.209392 -0.625408 0.248801 -0.968228 -0.025138
-3.946120 -177.270074 1148.763024 23946.494224 -0.610515 -0.132596 -0.780826 0.614565 0.542566 -0.572654 0.499581 -0.829482 -0.249756
-4.990594 -126.751052 -825.121724 -2714.261785 0.460045 -0.133982 0.877729 0.572379 0.800478 -0.177812 -0.678779 0.584195 0.444944
-4.665952 -128.530702 -1228.648784 -1973.551891 0.439085 -0.111393 0.891513 0.563900 0.806666 -0.176938 -0.699444 0.580415 0.417009
41.309538 -426.069319 -11835.673119 -95262.973751 -0.488786 -0.252963 -0.834924 0.866478 -0.252122 -0.430871 -0.101508 -0.934047 0.342421
-3.484199 -87.077100 -1601.114776 5078.278971 -0.348954 0.091974 -0.932615 0.227057 0.973818 0.011080 0.909217 -0.207890 -0.360702
-4.961360 -101.914734 -1030.804353 8921.160067 -0.361147 0.077413 -0.929290 0.364129 0.929139 -0.064110 0.858477 -0.361535 -0.363744
-4.951880 -83.868541 250.841547 6110.832185 -0.374957 0.111916 -0.920262 0.198821 0.979296 0.038086 0.905471 -0.168686 -0.389445
-3.812265 -78.607985 -724.035730 3503.308872 -0.360027 0.122477 -0.924868 0.102038 0.990567 0.091456 0.927345 -0.061445 -0.369128
0.819713 -21.578919 562.404929 2379.025911 -0.684715 0.728139 0.031296 -0.041559 0.003863 -0.999129 0.727625 0.685419 -0.027616
1.195325 -27.300244 81.037181 2251.814958 -0.682946 0.725872 -0.081825 0.084902 -0.032379 -0.995863 0.725518 0.687067 0.039515
-0.840158 -21.188662 -319.314168 2479.556756 -0.685993 0.725387 -0.056806 0.022840 -0.056566 -0.998138 0.727249 0.686013 -0.022236
-14.315612 -84.710348 271.788057 -993.141256 0.184146 0.967887 0.171130 0.274951 0.116431 -0.954382 0.943659 -0.222798 0.244681
-12.341738 -82.777498 525.308421 2557.535406 0.205422 0.965463 0.160261 0.321091 0.088202 -0.942932 0.924501 -0.245157 0.291883
-22.887825 -31.947564 593.059549 -464.445681 -0.331833 0.921709 0.200848 0.192128 0.274484 -0.942203 0.923566 0.274066 0.268169
-23.924572 -33.422275 907.538914 -1199.720922 -0.365439 0.875059 0.317375 0.093892 0.373870 -0.922716 0.926088 0.307397 0.218787
20.716185 -143.869956 -533.994234 7687.327866 0.365872 0.925797 0.095067 0.351286 -0.042785 -0.935290 0.861821 -0.375592 0.340873
14.544021 -146.724788 -1127.006250 -713.793965 0.392250 0.915647 0.087922 0.098074 0.053407 -0.993745 0.914615 -0.398420 0.068852
14.557498 -136.150347 -3593.644843 -1086.936310 0.416211 0.899625 0.132073 0.202509 0.049890 -0.978009 0.886430 -0.433804 0.161417
19.884314 -137.267512 594.785717 4605.111563 0.330858 0.942735 0.042239 0.193430 -0.023940 -0.980822 0.923644 -0.332683 0.190274
24.876501 -138.412020 -514.999443 -58.325151 0.342099 0.938330 0.050057 0.421640 -0.105680 -0.900584 0.839755 -0.329195 0.431790
18.302404 -385.580503 -2064.185203 -21853.733594 0.218749 0.963064 0.157023 -0.918656 0.257510 -0.299598 0.328967 0.078713 -0.941055
20.724102 -502.317620 -1152.142421 -137252.402180 0.227169 0.962277 0.149723 -0.787908 0.271967 -0.552481 0.572360 -0.007538 -0.819968
24.922951 -2093.644893 -13835.604198 -819554.527542 0.203934 0.967641 0.148597 -0.619698 0.245101 -0.745587 0.757882 -0.059966 -0.649630
20.688912 -453.085379 -1129.713407 -115197.995148 0.234883 0.959129 0.157806 0.971838 -0.234896 -0.018836 0.019001 0.157786 -0.987291
14.145089 -726.626393 7347.921599 -235186.753190 0.227336 0.947551 0.224645 -0.689781 0.319522 -0.649698 0.687401 0.007256 -0.726242
6.078441 -398.946174 5711.496951 -60715.544144 0.181056 0.955432 0.233169 0.971455 -0.210695 0.109006 0.153275 0.206777 -0.966307
44.036520 -1521.503400 -72.734114 620437.676582 0.210365 0.960114 0.184192 -0.916241 0.127918 0.379657 -0.340952 0.248631 -0.906606
0.149022 -78.717435 -349.983810 -264.276398 0.322285 0.929698 -0.178306 0.529738 -0.021019 0.847901 -0.784544 0.367722 0.499271
1.334616 -74.208584 -770.770018 1251.230783 0.321197 0.934701 -0.152205 0.667651 -0.109519 0.736374 -0.671621 0.338141 0.659232
-11.787441 -39.688072 -3478.019146 -2453.410214 0.367478 0.923109 -0.113271 0.066260 0.095497 0.993222 -0.927669 0.372492 0.026072
