11296
22581
-39.133919 -61.135196 -1853.355019 6886.939306 0.408792 0.911980 -0.034375 0.745944 -0.355593 -0.563135 0.525791 -0.204564 0.825650
-50.092019 -74.859797 109.681928 5692.568014 0.248488 0.968553 0.012635 0.888552 -0.222731 -0.401081 0.385654 -0.110890 0.915955
-36.718253 -71.777127 -2070.028371 10563.482112 0.224310 0.964342 0.140462 0.835251 -0.115994 -0.537495 0.502036 -0.237887 0.831487
-43.110303 -60.828840 100.909675 5701.907831 0.527237 0.820104 -0.222375 0.662991 -0.560727 -0.496012 0.531473 -0.114083 0.839358
-29.626219 -49.620247 -4038.121998 5479.861997 0.480648 0.876672 -0.020568 0.647999 -0.370882 -0.665239 0.590825 -0.306418 0.746347
-31.803450 -48.268179 -1946.915281 4092.982010 0.641664 0.707762 -0.295534 0.474146 -0.668913 -0.572487 0.602871 -0.227218 0.764800
34.472807 -40.325346 11159.342194 -22.813691 0.102545 -0.783221 -0.613229 0.908047 0.325398 -0.263757 0.406123 -0.529794 0.744569
45.149535 -44.875690 3795.227094 -200.739601 0.240301 -0.853527 -0.462328 0.928779 0.340624 -0.146100 0.282180 -0.394292 0.874590
49.501583 -45.408650 -5071.026245 -232.880473 -0.178795 0.868844 0.461674 0.889656 0.343156 -0.301259 0.420173 -0.356868 0.834326
38.072199 -41.462610 11647.357858 -61.995316 0.025847 -0.799698 -0.599846 0.863568 0.320128 -0.389575 0.503570 -0.507938 0.698868
16.296095 -36.171935 8367.626150 -783.441759 -0.045002 -0.796184 -0.603379 0.890450 0.241825 -0.385511 0.452850 -0.554628 0.698079
10.993990 -33.969825 8796.397588 -638.947506 0.068911 -0.766809 -0.638165 0.931342 0.278723 -0.234340 0.357565 -0.578201 0.733369
-3.538584 -117.942074 -213.171762 -15755.819365 -0.347242 0.111007 -0.931182 0.740640 -0.576609 -0.344926 -0.575217 -0.809444 0.118007
-4.698820 -158.057311 110.829259 -23104.043079 -0.323505 0.103271 -0.940574 0.862375 -0.376921 -0.337993 -0.389427 -0.920470 0.032877
-6.294695 -157.091467 -700.447551 -21463.906500 -0.324196 0.078563 -0.942722 0.872480 -0.360325 -0.330069 -0.365617 -0.929513 0.048271
-3.518581 -117.809433 295.994078 -15486.182315 -0.329381 0.102774 -0.938587 0.727683 -0.605794 -0.321701 -0.601653 -0.788956 0.124750
-4.150738 -58.972927 -560.897708 1483.820463 0.585137 0.723941 -0.365409 0.663441 -0.168240 0.729069 0.466327 -0.669033 -0.578735
-3.876059 -54.141617 -397.419060 210.509266 0.589338 0.736262 -0.332566 0.658663 -0.199518 0.725504 0.467808 -0.646615 -0.602532
-2.727731 -53.652543 -1493.990746 -2254.115526 0.623398 0.714192 -0.318285 -0.548299 0.109084 -0.829137 0.557443 -0.691397 -0.459594
-4.932801 -60.134234 539.231385 409.880339 0.557866 0.748325 -0.358880 0.737360 -0.248444 0.628153 0.380901 -0.615049 -0.690383
-0.903604 -53.927014 -1014.967084 -2936.751945 0.617137 0.717103 -0.323891 -0.513555 0.055211 -0.856279 0.596157 -0.694777 -0.402345
-3.161894 -57.385058 948.246131 2456.940588 0.570372 0.737246 -0.362139 0.605261 -0.079189 0.792078 0.555279 -0.670968 -0.491394
-6.083059 -63.074732 1254.551870 1045.368564 0.539166 0.754584 -0.374037 0.780282 -0.280419 0.559039 0.316955 -0.593269 -0.739981
-5.793356 -62.032021 547.683052 1461.563337 0.544204 0.737776 -0.399411 0.728654 -0.179689 0.660889 0.415818 -0.650691 -0.635371
1.787083 -56.406653 -781.003897 494.464679 -0.452375 -0.870809 0.192482 0.890842 -0.451368 0.051641 0.041911 0.194832 0.979941
1.484949 -63.155594 -189.796256 2407.865381 -0.431978 -0.881658 0.189932 0.901562 -0.416511 0.117070 -0.024107 0.221807 0.974792
0.715914 -58.815324 31.117177 597.893397 -0.469719 -0.862737 0.187212 0.876423 -0.481187 -0.018510 0.106054 0.155382 0.982145
1.927488 -108.141018 -2899.255540 3180.735888 0.017007 -0.980979 -0.193366 0.986108 -0.015504 0.165382 -0.165235 -0.193493 0.967087
-1.575466 -102.940019 -1278.049871 2959.550558 -0.008459 -0.972699 -0.231915 0.999784 -0.003826 -0.020420 0.018976 -0.232038 0.972522
-0.921160 -102.520652 -3834.015104 1683.804867 0.012619 -0.985353 -0.170061 0.999910 0.011657 0.006657 -0.004578 -0.170130 0.985411
3.728110 -130.080278 -806.374964 11624.740016 0.018253 0.986042 0.165491 0.101952 -0.166491 0.980758 -0.994622 0.001029 0.103568
2.401137 -134.844576 -80.890058 12884.016628 0.022277 0.990341 0.136855 -0.109910 -0.133634 0.984917 -0.993692 0.036982 -0.105871
4.900974 -145.138134 -153.665740 10090.098845 0.044873 0.989651 0.136301 -0.220410 -0.123268 0.967587 -0.974375 0.073461 -0.212597
4.731046 -147.763757 -1658.872634 14793.157431 0.011508 0.989623 0.143227 -0.007610 -0.143145 0.989672 -0.999905 0.012479 -0.005883
-13.700383 -55.422506 165.796055 1866.792888 0.604430 0.706869 -0.367423 0.264118 -0.612925 -0.744691 0.751602 -0.353071 0.557167
-13.411322 -54.064382 960.025846 -977.089620 0.583572 0.659381 -0.473984 -0.226545 0.692700 0.684722 0.779821 -0.292206 0.553620
-18.280286 -56.712546 689.656935 2842.506353 0.589937 0.717590 -0.370188 0.325218 -0.630801 -0.704502 0.739059 -0.295220 0.605506
-16.083740 -55.610449 151.129057 2945.320452 0.594021 0.737498 -0.321302 0.355033 -0.598748 -0.717950 0.721866 -0.312405 0.617505
-0.187618 -91.162551 -205.620302 6626.338010 0.065421 0.934221 0.350644 0.040731 -0.353604 0.934508 -0.997026 0.046855 0.061185
0.513006 -99.728837 391.269096 3507.026449 0.077672 0.932095 0.353789 -0.179862 -0.335938 0.924551 -0.980621 0.135445 -0.141555
-1.878322 -101.512200 460.576238 4881.365095 0.075023 0.937705 0.339235 -0.178183 -0.322113 0.929782 -0.981133 0.130201 -0.142918
-11.775538 -98.731228 -1313.780463 386.288174 0.254529 0.956719 0.141081 -0.517718 0.258024 -0.815716 0.816813 -0.134583 -0.560985
-8.818207 -101.923796 -1407.460463 -1154.920078 0.280715 0.945377 0.165715 -0.275476 0.244753 -0.929629 0.919409 -0.215310 -0.329134
-7.839759 -103.925216 -1508.960715 959.249590 0.265847 0.955212 0.129981 -0.511331 0.254025 -0.820982 0.817231 -0.151793 -0.555961
-11.388167 -98.572019 -1876.395801 2362.648655 0.250738 0.962251 0.105845 -0.703259 0.256198 -0.663166 0.665250 -0.091844 -0.740950
13.564991 -43.886692 4556.550383 -1247.156573 0.596335 0.748436 -0.290222 -0.549803 0.117381 -0.827005 0.584894 -0.652737 -0.481491
8.662862 -45.849370 2921.919305 -1176.457916 0.597675 0.739008 -0.310889 -0.583538 0.135065 -0.800775 0.549789 -0.660019 -0.511964
15.939183 -43.968826 3589.650060 547.908785 0.581308 0.749280 -0.317271 0.613225 -0.147133 0.776084 0.534824 -0.645702 -0.545007
15.840951 -43.824592 4288.626896 -1243.725995 0.589439 0.750632 -0.298518 -0.515529 0.065036 -0.854400 0.621926 -0.657512 -0.425308
51.467062 -159.116765 1204.118505 32185.434113 -0.346773 -0.200701 -0.916225 0.405056 0.849009 -0.339283 0.845978 -0.488777 -0.213118
42.025322 -80.861431 921.426465 8592.214952 -0.258030 -0.198774 -0.945468 0.276217 0.922582 -0.269346 0.925810 -0.330654 -0.183149
38.122400 -87.462527 7680.631223 9376.128975 -0.388855 -0.084108 -0.917452 0.280056 0.937909 -0.204683 0.877702 -0.336530 -0.341156
41.447788 -137.554734 9077.074328 23899.902965 -0.425054 -0.051309 -0.903713 0.432508 0.865533 -0.252568 0.795152 -0.498218 -0.345707
116.188399 -1402.299534 45890.374048 465099.276163 -0.519279 -0.091415 -0.849701 0.697757 -0.619429 -0.359780 -0.493441 -0.779712 0.385442
21.865188 -7072.086120 -65830.136947 -3332346.411255 0.541209 -0.147248 0.827896 0.018043 0.986356 0.163636 -0.840695 -0.073623 0.536481
203.513747 -925.371703 -40616.381832 264283.655087 0.774541 -0.130122 0.618995 0.478135 -0.520221 -0.707642 -0.414093 -0.844061 0.340717
-10.517680 -157.892410 -5177.683290 98407.333136 -0.283709 -0.476053 -0.832396 0.956114 -0.074189 -0.283446 0.073180 -0.876282 0.476209
-38.940893 -153.795569 9971.341063 45232.646500 -0.475830 -0.137880 -0.868663 0.847535 -0.335869 -0.410945 -0.235096 -0.931762 0.276675
26.054820 -49.246508 4316.068468 -33.705741 -0.493022 0.865073 0.092614 0.130816 0.178951 -0.975123 0.860126 0.468642 0.201392
30.222360 -48.874487 7534.243066 -251.327135 -0.530325 0.842670 0.093073 0.239511 0.254228 -0.937018 0.813259 0.474632 0.336652
19.094514 -50.327049 3735.246577 1129.230161 -0.521192 0.852496 0.040116 0.128820 0.125049 -0.983752 0.843661 0.507556 0.174993
16.808920 -48.505480 933.606365 986.371150 -0.481359 0.874814 0.054714 0.015902 0.071127 -0.997340 0.876379 0.479209 0.048150
-19.472872 -33.709691 1265.062131 1026.319401 -0.453808 0.775520 0.438893 -0.065954 0.461947 -0.884452 0.888655 0.430318 0.158487
-18.228800 -34.852400 1285.538440 78.449803 -0.468979 0.772012 0.429017 0.029186 0.499029 -0.866094 0.882727 0.393658 0.256566
-22.094504 -34.256994 1229.593192 49.321577 -0.407056 0.808311 0.425369 0.022196 0.474312 -0.880077 0.913134 0.348799 0.211013
-23.193561 -33.696921 1336.437032 1144.547971 -0.399573 0.813753 0.422076 -0.061198 0.435722 -0.897998 0.914657 0.384646 0.124303
-26.049124 -33.991168 1158.139574 21.322400 -0.336740 0.869054 0.362425 0.032051 0.395260 -0.918010 0.941052 0.297514 0.160954
-24.395900 -33.633300 1090.113327 -544.818552 -0.344002 0.881198 0.324272 0.146417 0.391466 -0.908470 0.927483 0.265037 0.263687
-1.850177 -69.927115 627.583898 3183.920777 0.062490 0.959077 0.276163 0.344151 -0.280440 0.896054 -0.936832 -0.039047 0.347592
-0.448293 -71.073657 417.935822 4078.692133 0.064724 0.952716 0.296889 0.341792 -0.300682 0.890375 -0.937544 -0.043846 0.345092
-4.382209 -86.311914 772.510563 9005.822747 0.062047 0.963974 0.258659 0.199577 -0.265908 0.943113 -0.977916 0.006895 0.208886
-3.201478 -212.167254 -156.906525 4888.039844 0.263737 0.954792 0.137165 -0.913927 0.292825 -0.281054 0.308513 0.051235 -0.949839
-6.102432 -261.823751 -220.074018 6706.813376 0.225439 0.963961 0.141267 -0.944795 0.251700 -0.209786 0.237782 0.086174 -0.967488
-2.805372 -206.304551 99.901084 -4246.866292 0.181914 0.975411 0.124420 0.983168 -0.178241 -0.040134 -0.016970 0.129627 -0.991418
-3.517179 -254.148064 -785.422926 -3808.247751 0.277340 0.950249 0.141804 -0.757860 0.307089 -0.575625 0.590534 -0.052177 -0.805324
-2.212077 -199.366376 -363.793909 -2705.590727 0.302092 0.939804 0.159714 -0.721129 0.334870 -0.606494 0.623469 -0.068042 -0.778881
15.698364 -106.249514 2696.147858 3390.691823 -0.081893 0.399649 -0.913003 -0.683107 0.644543 0.343408 0.725712 0.651802 0.220219
3.853740 -119.397445 -2771.504145 -13381.224943 0.097777 -0.338546 0.935856 0.749158 -0.593993 -0.293148 0.655135 0.729767 0.195545
9.110878 -736.543711 3158.145941 217506.960481 0.027248 0.162462 -0.986339 -0.652754 0.750183 0.105531 0.757080 0.640961 0.126489
4.200232 -568.929078 -5677.185537 171952.673308 0.107026 0.047893 -0.993102 -0.579371 0.814735 -0.023147 0.808006 0.577852 0.114946
21.607745 -167.693984 3513.866597 22736.950085 0.017795 0.326070 -0.945178 -0.510978 0.815518 0.271719 0.859410 0.478130 0.181126
35.272182 -162.709743 4797.238271 -18655.754823 0.031032 0.441039 -0.896951 -0.677664 0.668924 0.305470 0.734716 0.598352 0.319634
82.881557 -56.630279 -28307.168449 -1123.205931 -0.539824 -0.676566 0.500847 0.618367 0.084978 0.781282 -0.571150 0.731462 0.372493
57.027732 -54.297530 -19502.433730 424.111218 -0.548250 -0.718514 0.427972 0.649516 -0.043453 0.759105 -0.526831 0.694154 0.490509
5597.513633 -702.463330 -2750764.692516 116625.866138 -0.340673 -0.511036 0.789167 0.793623 0.293733 0.532808 -0.504088 0.807814 0.305502
122.980262 -55.647331 43317.679966 -2240.942792 0.579932 0.613412 -0.536102 0.577553 0.154536 0.801593 -0.574553 0.774496 0.264658
3.100657 -32.474109 -645.669827 1144.381618 -0.359098 0.502151 -0.786697 -0.181815 0.789132 0.586697 0.915419 0.353715 -0.192077
9.767608 -24.735543 -2113.437435 7694.506229 -0.340618 0.532161 -0.775103 -0.328365 0.705155 0.628437 0.880997 0.468574 -0.065445
8.517133 -28.840011 -305.997217 4068.165743 -0.339483 0.346334 -0.874531 -0.317244 0.833111 0.453081 0.885499 0.431253 -0.172955
-1.593994 -32.026949 -906.330265 -3259.179489 -0.345493 0.393746 -0.851821 -0.092843 0.888922 0.448552 0.933817 0.234057 -0.270560
-55.475680 -74.994562 -1058.341559 308.559507 -0.580913 -0.782283 0.224887 0.724461 -0.370955 0.580989 -0.371074 0.500426 0.782226
-55.646386 -74.970008 -985.459711 -1472.575584 -0.531242 -0.754363 0.385640 0.772366 -0.244156 0.586378 -0.348185 0.609364 0.712350
-56.994235 -73.801877 -1728.105779 -2643.961066 -0.604362 -0.782438 0.150124 0.604410 -0.327510 0.726241 -0.519071 0.529649 0.670848
-56.848592 -74.596187 1737.572773 1542.855692 0.612350 0.789809 -0.035058 0.639544 -0.468803 0.609267 -0.464770 0.395506 0.792189
-56.030635 -72.580409 106.757803 -1439.491476 0.653626 0.741355 0.152204 0.439939 -0.535832 0.720650 -0.615814 0.404075 0.676385
16.199125 -70.064789 -309.532152 975.801319 0.217732 0.975753 -0.022334 -0.210163 0.069218 0.975213 -0.953113 0.207641 -0.220138
19.326823 -70.883074 -975.403428 -3358.332986 0.184754 0.981053 -0.058311 -0.325955 0.117142 0.938100 -0.927157 0.154311 -0.341422
20.630155 -68.219200 -476.287618 -4860.739031 0.215895 0.976393 -0.006808 -0.397942 0.094353 0.912546 -0.891645 0.194305 -0.408918
23.741239 -58.671782 -634.450544 -8100.935561 0.205277 0.977863 -0.040563 -0.526239 0.145225 0.837844 -0.825187 0.150644 -0.544401
16.108427 -66.838916 1742.045720 -2723.941497 0.274178 0.961221 0.029666 -0.365445 0.075606 0.927757 -0.889537 0.265212 -0.372003
20.760949 -59.080628 442.866919 -6118.322825 0.232647 0.972372 0.019189 -0.503767 0.103605 0.857604 -0.831922 0.209186 -0.513952
16.801456 -46.333455 -1547.320550 350.546620 -0.426815 0.859870 0.280092 0.866090 0.299542 0.400202 0.260223 0.413397 -0.872575
16.061607 -46.834933 2034.790990 469.655284 -0.418159 0.865711 0.275113 0.870107 0.294751 0.395014 0.260878 0.404557 -0.876514
16.541529 -46.515159 -1060.182334 -152.877005 -0.421776 0.861385 0.283055 0.835412 0.247856 0.490565 0.352409 0.443376 -0.824151
21.974730 -46.634949 -3826.200060 -412.503728 -0.426056 0.853781 0.299224 0.852809 0.268616 0.447842 0.301982 0.445987 -0.842557
-1.241463 -63.386917 -368.091342 1086.846121 -0.319033 0.924727 -0.207600 -0.762803 -0.380537 -0.522804 0.562450 0.008434 -0.826788
0.923803 -64.385176 -376.560597 1950.782416 -0.299810 0.934244 -0.193138 -0.666289 -0.349948 -0.658480 0.682769 0.068733 -0.727394
1.559735 -65.925260 -1219.029732 1246.451641 -0.320217 0.917126 -0.237364 -0.699615 -0.397876 -0.593493 0.638749 0.023982 -0.769041
-2.158137 -63.023167 -69.024441 2196.987403 -0.296106 0.939256 -0.173548 -0.696040 -0.336614 -0.634207 0.654102 0.066996 -0.753434
-0.782901 -64.492691 -1162.822424 857.494784 -0.330673 0.911451 -0.244771 -0.798680 -0.408437 -0.441917 0.502759 -0.049364 -0.863016
-4.188480 -62.082603 -699.035621 653.422325 -0.292515 0.939493 -0.178291 -0.777530 -0.342208 -0.527580 0.556671 0.015699 -0.830585
-4.420777 -60.707429 -776.917639 -871.576453 -0.329588 0.919085 -0.215997 -0.836292 -0.390377 -0.384994 0.438163 -0.053748 -0.897287
2.356766 -61.120572 -1317.638583 -4807.026085 -0.466262 0.865677 -0.182216 0.882659 0.469037 -0.030270 0.059263 -0.174949 -0.982792
1.804780 -50.727088 -454.312838 -3544.218144 -0.495289 0.852129 -0.169014 0.868692 0.484014 -0.105381 -0.007993 -0.199015 -0.979964
1.683656 -62.277794 -817.440017 4450.754579 -0.448325 0.876616 -0.174781 -0.884170 -0.463628 -0.057376 0.131330 -0.128813 -0.982934
2.983574 -70.614001 -1847.214480 4157.760251 -0.423406 0.889451 -0.172056 -0.875669 -0.450495 -0.173952 0.232232 -0.077012 -0.969607
1.304238 -68.190698 -398.381522 3241.422018 -0.430397 0.887772 -0.163155 -0.865099 -0.457289 -0.206134 0.257609 -0.052426 -0.964826
4.783978 -92.889998 841.098946 -374.242176 -0.623828 0.776773 0.086380 -0.771267 -0.629719 0.092742 -0.126435 0.008767 -0.991936
0.091814 -87.387965 974.985639 -2420.854180 -0.607562 0.788792 0.093143 0.794259 0.602694 0.076885 0.004510 0.120692 -0.992680
3.856244 -89.060487 2448.427361 -4444.772563 -0.589808 0.798467 0.120735 -0.792652 -0.601004 0.102451 -0.154366 0.035274 -0.987384
-4.640827 -100.880212 1541.975102 -6091.095921 -0.537347 0.842795 -0.030903 0.754671 0.496873 0.428473 -0.376470 -0.206917 0.903026
-4.925451 -91.796226 1250.778697 -3654.492854 -0.534575 0.845040 -0.011739 0.686588 0.442353 0.576993 -0.492775 -0.300386 0.816664
-7.969095 -105.102560 208.950312 -5925.009077 -0.514982 0.856408 0.036850 0.766095 0.440537 0.468002 -0.384567 -0.269243 0.882959
-1.501099 -109.646836 -2412.430688 -4367.420685 -0.585502 0.804485 -0.099957 -0.749034 -0.584017 -0.312847 0.310057 0.108301 -0.944529
-1.525928 -132.313213 -787.609011 -9946.678374 -0.604553 0.791946 -0.085658 -0.764608 -0.607087 -0.216379 0.223362 0.065318 -0.972544
-5.764311 -138.016850 -1629.077319 -15235.039072 -0.581071 0.809433 -0.084709 -0.802833 -0.587159 -0.103458 0.133480 -0.007890 -0.991020
-6.333929 -137.027564 -550.248187 10993.997646 -0.559270 0.827851 -0.043359 0.828700 0.559685 -0.003039 0.021752 -0.037632 -0.999055
-3.877134 -109.553171 -1024.398273 -7855.364117 -0.571338 0.818891 -0.054687 -0.791375 -0.567346 -0.227695 0.217484 0.086813 -0.972196
9.312962 -73.018643 2577.401182 -3658.896847 0.767132 -0.640162 -0.041245 -0.413245 -0.443984 -0.795052 -0.490650 -0.626954 0.605138
7.272534 -72.294483 826.324039 -222.910501 0.688269 -0.719911 -0.089517 -0.572414 -0.463116 -0.676658 -0.445677 -0.516964 0.730835
1.901887 -78.859794 2462.987680 -7561.502857 0.763252 -0.642367 -0.069362 -0.458191 -0.462453 -0.759077 -0.455530 -0.611148 0.647295
13.243232 -76.450321 -57.183399 -1499.294485 0.707114 -0.706090 -0.037764 -0.468126 -0.427441 -0.773403 -0.529950 -0.564563 0.632789
12.295645 -85.817216 2666.547640 -5298.092481 0.770025 -0.636947 -0.036870 -0.327432 -0.344922 -0.879669 -0.547585 -0.689440 0.474155
2.232372 -75.696984 -407.311067 -68.298047 -0.390136 0.914079 -0.110691 -0.329704 -0.250932 -0.910126 0.859703 0.318578 -0.399273
0.160105 -71.967598 -1731.998333 -3030.101007 -0.356880 0.927661 -0.109914 -0.188039 -0.186592 -0.964274 0.915029 0.323462 -0.241027
2.663351 -69.707472 -588.200448 -4013.362326 -0.384776 0.917174 -0.103635 -0.107280 -0.155958 -0.981921 0.916754 0.366701 -0.158403
5.926291 -74.432894 -184.822245 -3650.488665 -0.407654 0.906996 -0.105718 -0.181921 -0.194123 -0.963961 0.894831 0.373730 -0.244136
-1.316485 -147.660185 269.530582 5209.298678 -0.541424 0.840672 0.011449 -0.106770 -0.082258 0.990875 -0.833943 -0.535261 -0.134294
-0.082926 -159.348306 1629.167814 2934.591632 -0.525904 0.849910 -0.032842 -0.119832 -0.035811 0.992148 -0.842060 -0.525710 -0.120679
2.109290 -164.730407 1542.464519 4557.865254 -0.518819 0.854877 0.003389 -0.342540 -0.211514 0.915384 -0.783258 -0.473758 -0.402567
-3.017903 -136.106265 307.486583 2063.239036 -0.547699 0.836231 -0.027267 0.037964 0.057394 0.997630 -0.835814 -0.545366 0.063181
-0.601300 -154.330930 1083.839315 6578.293189 -0.521216 0.852923 0.029271 -0.324903 -0.230028 0.917347 -0.789159 -0.468626 -0.397011
-2.596855 -149.466188 387.012169 11079.057690 -0.530482 0.847303 0.025819 -0.178840 -0.141637 0.973630 -0.828616 -0.511876 -0.226667
-3.819819 -127.816226 16.658632 7965.986769 -0.541626 0.840557 0.010203 0.055040 0.023349 0.998211 -0.838816 -0.541219 0.058911
-4.478586 -130.158401 -353.565279 2555.558320 -0.552413 0.833483 -0.012087 0.134516 0.103446 0.985497 -0.822645 -0.542775 0.169262
-11.599961 -25.925552 -2235.471936 67.077593 -0.548385 0.533058 0.644300 -0.174142 0.680796 -0.711471 -0.817893 -0.502360 -0.280510
-9.834562 -25.419581 -1082.761992 -48.018169 -0.569617 0.613451 0.547005 0.154723 -0.573597 0.804392 -0.807216 -0.542830 -0.231815
-16.509124 -28.994605 -2141.709867 -443.577315 -0.554286 0.652487 0.516747 0.128239 -0.546485 0.827592 -0.822388 -0.524990 -0.219235
-15.086262 -27.104416 -3059.083479 -72.693352 -0.521258 0.473411 0.710051 -0.186048 0.748975 -0.635943 -0.832872 -0.463594 -0.302332
-12.734258 -50.364266 -4692.308559 2232.391707 0.233549 0.852576 0.467513 -0.520348 0.515757 -0.680612 0.821397 0.084314 -0.564091
-5.269567 -53.787127 -8185.284288 1692.158805 0.273479 0.858798 0.433215 -0.418257 0.511751 -0.750448 0.866181 -0.024036 -0.499151
-7.207795 -51.585147 -4400.032824 1827.387906 0.224609 0.895698 0.383766 -0.530717 0.442737 -0.722720 0.817246 0.041342 -0.574804
-14.730492 -84.299481 -147.140031 528.182980 -0.415595 0.909466 -0.012343 0.318325 0.132725 -0.938644 0.852027 0.394025 0.344666
-15.028450 -88.884575 748.558940 2957.723824 -0.415016 0.909802 -0.004718 0.415911 0.185105 -0.890367 0.809185 0.371479 0.455218
-14.158670 -88.007184 927.617407 29.667038 -0.419308 0.907673 -0.017616 0.237914 0.091139 -0.967001 0.876115 0.409663 0.254163
-13.937414 -84.080581 -246.501783 -2454.563855 -0.431385 0.902018 -0.016456 0.163180 0.060074 -0.984766 0.887288 0.427498 0.173107
-13.168669 -26.003611 -3377.941480 -414.814582 -0.504041 0.344989 0.791786 -0.205419 0.842566 -0.497881 -0.838896 -0.413600 -0.353820
-13.531780 -25.204457 -2085.039255 525.401849 -0.463018 0.272896 0.843293 -0.177644 0.903546 -0.389931 -0.868365 -0.330351 -0.369879
-7.697795 -24.420764 -3266.706248 -610.956733 -0.528075 0.332711 0.781307 -0.188862 0.850996 -0.490037 -0.827930 -0.406335 -0.386553
-9.736362 -25.681298 -4161.306679 -245.632951 -0.539110 0.381033 0.751116 -0.199997 0.808388 -0.553634 -0.818145 -0.448691 -0.359604
-42.015965 -677.263116 7067.442067 -175387.667084 0.710141 0.068539 0.700716 0.600743 0.460029 -0.653820 0.367162 -0.885255 -0.285511
-96.777497 -3307.478693 1143.644400 -1192488.073121 0.849193 0.139225 0.509399 0.221554 0.781691 -0.582986 0.479359 -0.607927 -0.632961
-30.117265 -1211.872763 -4944.625845 -362970.629752 -0.771817 -0.134260 -0.621508 0.054160 0.960020 -0.274644 0.633534 -0.245635 -0.733688
-23.487400 -1332.343162 -7848.433023 -413653.585083 -0.725632 -0.122240 -0.677138 0.253487 0.867391 -0.428226 0.639689 -0.482380 -0.598420
-42.572819 -83.813424 -1185.749460 8709.477036 0.090659 0.984602 0.149465 0.935192 -0.032579 -0.352639 0.342340 -0.171748 0.923745
-44.974755 -75.920935 -607.640728 -980.204085 0.254164 0.965044 0.063963 0.955688 -0.240442 -0.169850 0.148533 -0.104298 0.983392
-55.341483 -77.951724 328.300507 550.927725 0.310562 0.948803 -0.057652 0.931692 -0.315862 -0.179389 0.188415 -0.001998 0.982087
-50.503057 -72.453959 -386.645284 5032.996650 0.482305 0.847465 -0.221776 0.769841 -0.530851 -0.354318 0.418002 -0.000157 0.908446
-18.066551 -27.010814 -4370.227659 6625.926272 0.489194 0.697629 0.523454 0.525930 0.242823 -0.815128 0.695763 -0.674056 0.248117
-6.771417 -37.925437 6079.534041 -354.407300 0.694674 0.681448 -0.230340 0.081980 -0.393133 -0.915820 0.714638 -0.617313 0.328965
-19.497642 -43.576706 5906.848095 1789.346320 0.674005 0.717883 -0.174244 0.175110 -0.384408 -0.906403 0.717673 -0.580408 0.384801
-9.642595 -42.785364 6295.718633 286.700069 0.673106 0.622849 -0.398732 0.035156 -0.565496 -0.824001 0.738710 -0.540622 0.402536
53.491941 -47.665503 3061.425257 -7.347273 -0.300868 0.896043 0.326474 0.907195 0.374474 -0.191743 0.294066 -0.238486 0.925554
47.572484 -46.623722 -3644.642142 23.864280 0.316054 -0.893551 -0.318868 0.936680 0.347306 -0.044828 0.150801 -0.284509 0.946738
40.279943 -42.862273 1875.132405 14.400662 0.294100 -0.831749 -0.470848 0.945875 0.324005 0.018459 0.137204 -0.450792 0.882021
-2.598284 -170.122906 1491.047352 -15355.023459 -0.343196 0.111601 -0.932610 0.934355 -0.060814 -0.351115 -0.095900 -0.991891 -0.083404
0.639255 -161.414193 3028.236123 -25533.755501 -0.345622 0.139527 -0.927943 0.849069 -0.374539 -0.372561 -0.399533 -0.916653 0.010981
-3.116438 -177.858346 2242.668454 5303.909729 -0.350063 0.121479 -0.928816 0.906493 0.293816 -0.303222 0.236065 -0.948111 -0.212974
-5.955105 -175.202734 80.594550 5496.944043 -0.332722 0.094486 -0.938279 0.911506 0.287312 -0.294295 0.241772 -0.953165 -0.181720
-3.601754 -51.448153 673.715555 -1498.562755 0.595472 0.749732 -0.288641 -0.566771 0.137413 -0.812335 0.569371 -0.647317 -0.506753
-4.740085 -57.916850 -179.367885 -48.835170 0.559398 0.749963 -0.353028 0.741795 -0.262889 0.616952 0.369884 -0.606997 -0.703378
1.409286 -71.474627 -595.507497 1750.590020 -0.402971 -0.891971 0.204943 0.854571 -0.286559 0.433120 -0.327602 0.349673 0.877728
1.288449 -67.408525 -626.814842 3534.798737 -0.407274 -0.890256 0.203893 0.902554 -0.358166 0.238982 -0.139728 0.281355 0.949376
1.216585 -65.623743 -977.517053 2871.038818 -0.407517 -0.890451 0.202550 0.899248 -0.352676 0.258789 -0.159005 0.287604 0.944458
2.468659 -61.287151 128.914983 2600.653568 -0.439814 -0.882130 0.168556 0.894922 -0.414727 0.164669 -0.075355 0.223268 0.971840
1.589350 -69.973207 -314.817914 2261.545785 -0.402834 -0.896428 0.184773 0.872433 -0.315035 0.373648 -0.276739 0.311721 0.908981
-1.554116 -96.299821 -66.779742 7070.734087 0.011778 0.968243 0.249732 0.947534 0.068978 -0.312125 0.319439 -0.240305 0.916631
-4.686733 -108.013830 1462.287447 4030.709196 -0.013245 -0.964709 -0.262986 0.992733 0.018774 -0.118866 0.119608 -0.262649 0.957449
-6.887697 -98.421857 -1216.464706 5157.972348 0.026364 0.962781 0.268996 0.921151 0.081129 -0.380656 0.388311 -0.257821 0.884727
-2.354236 -88.018313 259.938310 4105.617164 0.007602 0.967742 0.251829 0.870419 0.117567 -0.478068 0.492253 -0.222831 0.841447
-0.999355 -89.543146 2646.809920 7397.772941 -0.021918 0.980186 0.196863 0.908876 0.101566 -0.404511 0.416490 -0.170058 0.893094
2.181624 -120.297493 41.498288 12525.024938 0.027058 0.983693 0.177808 0.161081 -0.179839 0.970418 -0.986570 -0.002384 0.163320
-11.733429 -50.608773 1523.031261 1153.927472 0.593218 0.639203 -0.489398 -0.168456 0.693019 0.700961 0.787220 -0.333381 0.518789
-9.514415 -49.085140 1275.324419 -667.205936 0.579046 0.634272 -0.512255 -0.076471 0.667790 0.740412 0.811701 -0.389560 0.435185
-11.290885 -51.010595 13.771497 -169.866455 0.585724 0.591817 -0.553787 -0.159394 0.754022 0.637217 0.794683 -0.284963 0.535981
-13.012817 -50.595546 603.868992 885.194510 0.567728 0.637207 -0.521203 -0.299341 0.749583 0.590357 0.766864 -0.179145 0.616301
-1.396324 -106.269665 1223.643759 488.744897 0.098019 0.929702 0.355031 -0.430948 -0.281913 0.857210 -0.897037 0.237023 -0.373020
-17.018502 -95.715164 -2228.641286 905.135927 0.173183 0.941016 0.290683 -0.371149 0.335740 -0.865752 0.912281 -0.042047 -0.407402
-18.198917 -92.666586 -1398.879421 1260.037563 0.137277 0.938835 0.315823 -0.360078 0.344327 -0.867054 0.922767 -0.005306 -0.385322
-16.519944 -94.121357 -1215.585018 -1101.363666 0.133788 0.944462 0.300153 -0.142458 0.318059 -0.937307 0.980717 -0.082642 -0.177099
-18.992651 -91.549595 -2838.014785 2631.482246 0.156351 0.936597 0.313592 -0.520844 0.347947 -0.779522 0.839211 0.041454 -0.542223
-14.612745 -94.502201 -1158.747638 -719.237044 0.174134 0.948836 0.263416 -0.123115 0.286382 -0.950173 0.976995 -0.133027 -0.166685
-16.540821 -96.105321 -1371.456708 1357.638991 0.157206 0.944413 0.288740 -0.582561 0.324771 -0.745082 0.797439 0.051077 -0.601234
7.490908 -44.901127 2769.902064 -397.633132 0.611595 0.742044 -0.274450 -0.507595 0.101932 -0.855545 0.606876 -0.662556 -0.438999
150.146549 -1147.439455 -45682.529587 1500997.850741 0.446206 -0.024727 0.894588 0.239872 0.966346 -0.092935 -0.862184 0.256055 0.437121
-9.303611 -480.963654 -10307.531153 48826.486828 0.401649 -0.183676 0.897185 0.827288 0.492948 -0.269439 -0.392776 0.850450 0.349945
17.459838 -50.747334 4113.543945 133.155386 -0.525139 0.851007 0.004092 0.252488 0.160393 -0.954214 0.812699 0.500061 0.299098
25.473384 -49.723277 7396.913233 -1254.266830 -0.551692 0.833567 0.028322 0.357377 0.266938 -0.895001 0.753603 0.483643 0.445165
49.363835 -46.315722 8737.138368 -831.969627 -0.458623 0.863920 0.208102 0.238794 0.345384 -0.907572 0.855945 0.366540 0.364700
47.185421 -47.744806 9793.406859 -1163.720013 -0.502913 0.850461 0.154256 0.350302 0.363704 -0.863138 0.790169 0.380047 0.480830
-20.220701 -40.392799 -1965.674918 -2164.370432 -0.003416 -0.545091 -0.838370 -0.262914 0.809370 -0.525164 0.964813 0.218625 -0.146077
-17.094512 -40.115151 -2210.092281 -615.317751 0.080800 -0.660578 -0.746397 -0.264582 0.707765 -0.655030 0.960972 0.250409 -0.117590
-21.451356 -36.835474 -1475.109119 -1136.011704 0.017077 -0.670164 -0.742016 -0.165644 0.729973 -0.663099 0.986038 0.134235 -0.098543
-15.910699 -34.407722 792.240328 764.610135 -0.496908 0.750210 0.436197 -0.044759 0.479820 -0.876224 0.866648 0.454927 0.204848
-15.253613 -35.600203 769.211608 -15.663814 -0.508278 0.754170 0.415789 0.048176 0.506950 -0.860628 0.859845 0.417407 0.294004
0.240990 -74.966057 560.066129 -4997.751264 0.080483 0.949788 0.302365 0.448301 -0.305428 0.840083 -0.890252 -0.067938 0.450373
1.051613 -75.440282 -211.174779 -4229.871017 0.059261 0.948980 0.309718 0.456892 -0.301643 0.836816 -0.887546 -0.091917 0.451457
-1.179251 -254.626471 -230.336588 19244.608949 0.185304 0.976344 0.111417 -0.966512 0.160597 0.200161 -0.177532 0.144776 -0.973407
-1.918428 -246.375634 73.977253 -5073.511847 0.225460 0.965231 0.132276 -0.959914 0.243293 -0.139192 0.166535 0.095591 -0.981391
-1.859210 -239.277808 -62.637760 -7568.220532 0.248644 0.957841 0.143935 -0.843485 0.287172 -0.453944 0.476140 0.008537 -0.879328
13.390748 -27.974908 -1852.018406 3041.022593 -0.453053 0.882471 0.126445 0.706632 0.269005 0.654452 -0.543521 -0.385852 0.745455
7.611796 -27.465450 -2758.523934 3120.400147 -0.452896 0.871548 0.187853 0.725889 0.238121 0.645278 -0.517660 -0.428604 0.740491
6.905373 -34.210169 -2551.589967 3128.551489 -0.436402 0.878600 0.193947 0.685277 0.184879 0.704425 -0.583051 -0.440320 0.682766
11.877561 -34.876345 -1738.640761 2718.654139 -0.437121 0.887931 0.143192 0.648790 0.201037 0.733932 -0.622894 -0.413718 0.663958
-52.590669 -75.025873 730.351197 -1955.319379 -0.459483 -0.724563 0.513696 0.846716 -0.182671 0.499703 -0.268229 0.664559 0.697434
-51.112386 -72.325363 160.091272 -3589.889476 -0.421498 -0.706873 0.568040 0.806327 -0.005519 0.591444 -0.414940 0.707319 0.572298
14.544628 -71.180435 -755.676574 3884.984430 0.183547 0.979262 -0.085765 -0.062045 0.098614 0.993190 -0.981051 0.176975 -0.078859
17.246550 -75.722883 -355.265096 -1145.352592 0.153447 0.981079 -0.118056 -0.229753 0.151619 0.961366 -0.961076 0.120395 -0.248671
22.054925 -65.898154 -484.262317 -8218.444122 0.177061 0.977948 -0.110757 -0.448673 0.180367 0.875306 -0.875981 0.105289 -0.470714
15.115367 -47.217320 434.212491 936.738082 -0.427907 0.857373 0.286020 0.885266 0.333785 0.323869 0.182207 0.391790 -0.901832
16.111332 -48.454609 1592.321587 814.535751 -0.402869 0.878374 0.257206 0.903816 0.337505 0.263072 0.144267 0.338451 -0.929859
17.288255 -46.462619 1183.487774 832.710377 -0.385642 0.895365 0.222714 0.887358 0.293803 0.355352 0.252736 0.334665 -0.907813
17.647506 -46.254047 1860.936177 753.833335 -0.395188 0.887095 0.238515 0.852624 0.257598 0.454617 0.341847 0.383022 -0.858158
3.245643 -65.085625 -527.669125 1199.687615 -0.303813 0.930217 -0.205899 -0.575125 -0.351361 -0.738767 0.759558 0.106030 -0.641739
1.882223 -63.893756 -229.720386 847.989495 -0.256076 0.955930 -0.143608 -0.578300 -0.270541 -0.769661 0.774593 0.114043 -0.622093
2.472091 -48.746119 -357.668849 -2878.331466 -0.518174 0.840472 -0.158436 0.853998 0.498323 -0.149539 -0.046731 -0.212791 -0.975980
-2.332531 -78.360927 1051.895702 -4335.698605 -0.549649 0.835203 -0.017921 0.557254 0.382543 0.736972 -0.622377 -0.395090 0.675685
-0.809526 -87.702231 1303.352044 -1793.514570 -0.565133 0.823756 -0.045285 0.667887 0.489042 0.561039 -0.484305 -0.286816 0.826550
1.350465 -72.295355 552.033298 -4413.063170 -0.569765 0.821600 -0.018482 0.431592 0.318288 0.844050 -0.699355 -0.472933 0.535945
-0.734887 -70.014884 799.984981 -5272.034591 -0.558553 0.829345 -0.014367 0.418859 0.296961 0.858121 -0.715944 -0.473288 0.513247
-2.665803 -75.094549 802.365218 -7247.136270 -0.543537 0.839385 0.000400 0.478686 0.309577 0.821597 -0.689512 -0.446760 0.570069
0.396385 -77.070106 1058.947768 -2637.949045 -0.571068 0.819769 -0.043134 0.552705 0.422813 0.718155 -0.606959 -0.386275 0.694545
0.208569 -113.130089 820.658098 -7162.015717 -0.635155 0.769683 -0.064547 -0.716926 -0.618582 -0.321519 0.287395 0.157939 -0.944701
-2.024306 -147.462626 778.058523 -17403.305578 -0.619023 0.783382 -0.055883 -0.780031 -0.621539 -0.072399 0.091450 0.001226 -0.995809
1.608309 -110.613656 -877.623912 -1676.490795 -0.618182 0.780872 -0.089948 -0.653095 -0.573933 -0.494032 0.437400 0.246657 -0.864778
10.764805 -79.265569 162.470890 3370.901047 0.669552 -0.738233 -0.081924 -0.595028 -0.467089 -0.654041 -0.444569 -0.486662 0.752010
4.676159 -70.206866 227.093133 -825.335042 -0.473504 0.880240 0.031167 0.785433 0.437990 -0.437333 0.398608 0.182600 0.898760
5.914313 -63.102540 -1060.153205 162.504227 -0.487771 0.869123 0.081883 0.798967 0.482248 -0.359289 0.351754 0.109829 0.929627
5.235702 -65.610574 -89.554621 -92.795679 -0.517497 0.853115 0.066274 0.826546 0.518412 -0.219250 0.221403 0.058683 0.973415
3.823179 -68.114985 1133.295164 -239.336658 -0.517828 0.855323 0.016629 0.815425 0.499366 -0.292772 0.258719 0.138046 0.956038
3.665274 -66.556234 1518.375115 -209.659668 -0.554825 0.831718 0.020346 0.826068 0.553633 -0.105362 0.098896 0.041650 0.994226
-4.840554 -165.044064 1948.191659 -4987.130128 -0.525547 0.845655 -0.093101 0.063380 0.148044 0.986948 -0.848401 -0.512787 0.131402
-6.501306 -24.571896 -1168.178765 -486.433982 -0.588354 0.645497 0.487004 0.153548 -0.502132 0.851050 -0.793891 -0.575497 -0.196317
-12.304132 -30.576078 -802.615076 -1333.175528 -0.586485 0.733180 0.344213 0.097733 -0.357811 0.928665 -0.804042 -0.578289 -0.138194
-2.337934 -453.323038 2054.670114 -40199.030124 -0.390373 0.915788 -0.094555 -0.895161 -0.401558 -0.193491 0.215166 -0.009109 -0.976535
-5.887019 -453.368627 2229.104514 101684.871958 -0.345944 0.934104 -0.088163 0.937992 0.342092 -0.056071 -0.022216 -0.102094 -0.994527
-1.193353 -540.227884 2873.233309 83036.251075 -0.314210 0.939301 -0.137789 0.934302 0.280211 -0.220366 -0.168380 -0.197978 -0.965636
3.918998 -132.647053 784.540474 281.032228 -0.620928 0.753301 -0.216761 0.739314 0.654699 0.157428 -0.260504 0.062503 0.963447
2.151312 -138.513591 2925.195993 -8299.253972 -0.595677 0.760733 -0.257787 0.657484 0.646157 0.387550 -0.461393 -0.061364 0.885071
1.783759 -125.179770 290.701579 -3505.303500 -0.621519 0.753420 -0.214646 0.642451 0.646982 0.410695 -0.448298 -0.117355 0.886147
-14.029695 -54.203205 -5013.662898 1378.303877 0.255669 0.811907 0.524825 -0.379973 0.583570 -0.717682 0.888963 0.015930 -0.457703
-5.111049 -54.813377 -6278.110670 -113.788072 0.258939 0.839257 0.478119 -0.262706 0.537534 -0.801275 0.929482 -0.081877 -0.359667
-86.013648 -1470.654719 -2066.585402 60440.373200 -0.869363 -0.214741 -0.445078 -0.188616 0.976656 -0.102797 0.456763 -0.005419 -0.889572
-79.638572 -9281.086951 39758.994788 -2942290.687367 0.829347 -0.048428 0.556631 0.451507 0.644932 -0.616608 0.329128 -0.762704 -0.556738
-24.821259 -81.428934 -6197.889502 11834.948553 0.160842 0.958122 0.236922 0.893160 -0.039148 -0.448032 0.419994 -0.283672 0.862053
-23.972411 -67.405054 -4850.806748 12500.446409 0.256163 0.941582 0.218643 0.774207 -0.064419 -0.629646 0.578779 -0.330566 0.745481
52.961844 -46.720159 -3765.035514 -441.910499 -0.154619 0.885960 0.437228 0.829111 0.357025 -0.430242 0.537279 -0.295987 0.789762
58.720702 -47.641583 3108.678969 -611.504284 -0.263514 0.905802 0.331787 0.872673 0.370419 -0.318171 0.411100 -0.205699 0.888079
-0.496706 -49.020876 -2232.876988 -2182.723046 0.652138 0.701191 -0.288180 -0.433849 0.033461 -0.900364 0.621684 -0.712188 -0.326032
1.717370 -67.969775 705.824192 3825.393556 -0.421536 -0.888065 0.183433 0.899739 -0.384387 0.206679 -0.113035 0.252165 0.961060
2.057893 -69.678916 603.733755 839.989821 -0.401201 -0.895802 0.191251 0.867964 -0.305068 0.391882 -0.292704 0.323222 0.899918
-0.966907 -109.639212 -1192.826913 1632.248360 -0.004710 -0.972041 -0.234766 0.979901 -0.051306 0.192772 -0.199427 -0.229140 0.952745
-4.506028 -112.039514 566.605136 955.963595 -0.022208 -0.968732 -0.247115 0.985092 -0.063379 0.159929 -0.170590 -0.239879 0.955697
5.255797 -132.015220 -1192.144467 2427.409130 0.040562 0.978914 0.200205 0.251488 -0.203921 0.946134 -0.967010 -0.011972 0.254457
2.883774 -116.876786 -627.053569 1003.392253 0.039419 0.974502 0.220890 0.343911 -0.220788 0.912676 -0.938175 -0.039990 0.343845
-4.183180 -81.050883 -872.019940 8318.605094 0.020187 0.976465 0.214728 0.275904 -0.211872 0.937543 -0.960973 -0.040319 0.273688
-4.341799 -86.018335 316.008959 10064.105016 0.049090 0.972013 0.229740 0.234370 -0.234805 0.943365 -0.970907 -0.007534 0.239337
-6.098857 -95.337561 -597.784104 12026.031777 0.024220 0.980662 0.194205 0.112385 -0.195702 0.974202 -0.993370 0.001769 0.114952
-5.224037 -100.328627 -1631.410086 12521.399454 -0.000086 0.983950 0.178443 0.115422 -0.177240 0.977376 -0.993317 -0.020681 0.113554
-6.565078 -109.615481 -575.745068 8013.877802 0.027086 0.984710 0.172081 -0.119891 -0.167702 0.978520 -0.992418 0.047135 -0.113515
-19.325731 -93.088936 -1932.180190 2817.138743 0.117912 0.938828 0.323571 -0.518837 0.336076 -0.786041 0.846702 0.075197 -0.526726
-17.659917 -95.054095 245.333090 -951.630401 0.074668 0.938572 0.336910 -0.273873 0.344162 -0.898079 0.958863 0.025213 -0.282747
8.158102 -42.485249 3235.518526 -641.929669 0.598153 0.753881 -0.271802 -0.414486 0.000758 -0.910055 0.685867 -0.657011 -0.312926
11.926889 -148.998832 -1232.086555 8625.521617 -0.321818 0.039557 -0.945975 0.533860 0.832733 -0.146796 0.781938 -0.552259 -0.289107
15.000435 -146.041278 -3160.565190 12912.674319 -0.309813 0.020882 -0.950568 0.268413 0.961015 -0.066371 0.912124 -0.275708 -0.303340
13.546854 -147.233080 -4739.422451 10758.282045 -0.302147 0.007694 -0.953230 0.440661 0.887840 -0.132511 0.845296 -0.460089 -0.271649
7.175730 -155.771131 434.354669 11947.201796 -0.324979 0.056393 -0.944038 0.502066 0.856226 -0.121686 0.801448 -0.513515 -0.306569
11.175231 -154.332751 -2120.646421 528.763333 -0.331065 0.002135 -0.943606 0.686142 0.687024 -0.239179 0.647769 -0.726631 -0.228915
10.011612 -165.435572 360.608399 51.879555 -0.323634 0.054882 -0.944589 0.747250 0.627218 -0.219579 0.580413 -0.776908 -0.244000
-27.140585 -102.227278 -20688.578275 -22223.710482 0.775817 -0.318660 0.544577 0.434376 -0.356253 -0.827285 -0.457630 -0.878373 0.137968
-13.163461 -252.205274 -4646.889458 80586.127324 0.800055 -0.163395 0.577248 0.548431 -0.190828 -0.814130 -0.243179 -0.967929 0.063062
4.894626 -71.376299 -4355.975531 -11950.365164 0.848502 -0.260057 0.460885 0.388977 -0.284016 -0.876374 -0.358806 -0.922879 0.139832
-18.474303 -526.521026 -6476.601297 -188060.483700 0.739594 -0.245718 0.626596 0.495228 -0.431791 -0.753861 -0.455796 -0.867859 0.197664
-20.852469 -223.550109 8430.425853 -102207.667929 0.766813 -0.139586 0.626509 0.534757 -0.400923 -0.743838 -0.355012 -0.905415 0.232789
12.082306 -50.789678 -603.713650 1599.001245 -0.498310 0.866882 -0.014231 0.176661 0.085453 -0.980555 0.848810 0.491135 0.195726
15.014316 -46.416989 -574.536775 2156.708852 -0.506340 0.861307 0.042077 0.032478 0.067807 -0.997170 0.861722 0.503541 0.062307
-12.281381 -40.803860 407.398997 1209.497197 -0.116264 0.693456 0.711056 -0.340127 0.644827 -0.684480 0.933165 0.321429 -0.160893
-11.336489 -37.915224 -1734.729770 1702.043227 0.078851 -0.630228 -0.772396 -0.426442 0.679014 -0.597568 0.901071 0.376501 -0.215215
-8.433127 -36.813520 213.602978 2675.045625 -0.123122 0.686595 0.716539 -0.454834 0.602691 -0.655659 0.882024 0.406633 -0.238082
-14.552416 -35.723240 525.118989 -119.786099 -0.514007 0.765919 0.386218 0.137406 0.517955 -0.844300 0.846709 0.380908 0.371474
-13.773534 -36.067369 321.057001 312.115338 -0.545775 0.738630 0.395672 0.054450 0.502464 -0.862882 0.836161 0.449395 0.314450
-13.529657 -36.476818 103.215252 -57.676887 -0.547399 0.745474 0.380292 0.129948 0.524625 -0.841357 0.826721 0.411141 0.384052
-14.037599 -35.624039 344.882651 -263.687625 -0.528380 0.773603 0.349790 0.225270 0.524977 -0.820764 0.818577 0.354878 0.451656
-16.260048 -33.768639 678.914864 -604.044652 -0.468873 0.815687 0.338840 0.242960 0.487929 -0.838389 0.849193 0.310773 0.426956
-0.989262 -69.399055 337.180128 -4499.629950 0.073582 0.955315 0.286285 0.444648 -0.288377 0.848014 -0.892678 -0.064898 0.445998
