16054
32101
-35.240834 -50.503255 472.533908 4617.513900 0.447500 0.875400 -0.182808 0.740094 -0.477272 -0.473785 0.502000 -0.076723 0.861458
-39.017345 -57.550685 248.939379 6344.479392 0.391066 0.896736 -0.207202 0.799706 -0.442511 -0.405776 0.455563 0.007015 0.890176
-44.000402 -67.816699 -21.841367 9160.238457 0.068684 0.997016 0.035235 0.913786 -0.048699 -0.403266 0.400346 -0.059895 0.914404
-31.240099 -47.233075 693.073453 -1055.374420 0.698200 0.575335 -0.426035 -0.484784 0.817858 0.309989 0.526784 -0.009899 0.849942
-32.025819 -64.545996 -4746.017700 12142.111655 0.008196 0.989018 0.147566 0.874448 0.064493 -0.480812 0.485049 -0.132980 0.864317
-28.161378 -42.380079 -517.446851 4293.882568 0.498164 0.848985 -0.176230 0.663536 -0.504099 -0.552814 0.558168 -0.158457 0.814457
-25.304037 -42.014428 -225.639057 -1940.634543 0.718968 0.551240 -0.423344 -0.408286 0.827882 0.384597 0.562484 -0.103667 0.820283
23.348692 -27.992501 -24965.731908 -13013.140500 0.153877 -0.004214 -0.988081 0.586217 0.805376 0.087858 0.795406 -0.592749 0.126399
20.047258 -15.104863 8770.733316 3211.770618 0.299230 0.583136 0.755257 0.505444 0.574482 -0.643814 0.809314 -0.574388 0.122840
14.839456 -2.607830 -845.498876 -3321.784372 0.409050 0.655370 0.634955 0.429974 0.475314 -0.767593 0.804860 -0.586999 0.087365
-39.149585 -71.694916 -5051.065082 650.265830 0.526236 0.837475 -0.147348 -0.728717 0.354846 -0.585710 0.438232 -0.415596 -0.797015
-43.930550 -73.541307 1255.173734 1601.800476 0.550046 0.834299 0.037347 -0.624738 0.440737 -0.644557 0.554214 -0.331204 -0.763643
-34.652855 -73.891140 -4795.730644 1204.538772 0.533426 0.832941 -0.147193 -0.641984 0.285380 -0.711628 0.550738 -0.474096 -0.686964
-6.533316 -74.840599 -15597.917974 -1216.925583 0.540354 0.790732 -0.287680 0.671159 -0.198824 0.714153 0.507506 -0.578975 -0.638143
-21.288079 -73.124636 -13781.471245 -35.722079 0.504759 0.810199 -0.297986 0.753153 -0.244618 0.610673 0.421874 -0.532672 -0.733677
3.202225 -37.167981 -12793.546374 222.554078 -0.158353 0.776708 0.609630 0.635376 0.552762 -0.539213 0.755792 -0.301958 0.581034
15.947235 -38.612935 -17020.503066 113.595408 -0.126084 0.785615 0.605732 0.565486 0.558604 -0.606784 0.815063 -0.266027 0.514686
-9.353296 -36.254020 -7523.283720 -574.114321 -0.101816 0.865445 0.490549 0.620123 0.440795 -0.648958 0.777869 -0.238126 0.581562
4.676963 -137.277428 901.573479 286.455331 -0.085156 0.992508 -0.087616 0.677846 0.122158 0.724985 -0.730256 -0.002347 0.683170
3.370599 -136.553643 1365.934254 -994.322878 -0.086653 0.991137 -0.100688 0.445660 0.128956 0.885865 -0.890998 -0.031890 0.452885
-0.497465 -136.552668 1860.471443 320.025519 -0.083898 0.990076 -0.112742 0.544212 0.140304 0.827133 -0.834742 -0.008039 0.550582
1.268449 -137.695377 1911.689291 2276.268432 -0.081260 0.990105 -0.114403 0.743453 0.136662 0.654676 -0.663833 0.031854 0.747202
-3.687847 -42.837669 -2217.852431 -922.722207 -0.688424 -0.696500 0.202383 0.720139 -0.689623 0.076284 0.086437 0.198260 0.976331
-0.077591 -40.377058 1921.574262 -4378.092671 0.707121 0.680434 -0.192328 0.697575 -0.715779 0.032393 0.115623 0.157069 0.980796
1.081597 -42.190715 4177.232143 -1133.655472 0.705039 0.674064 -0.220359 0.703371 -0.704311 0.095995 0.090494 0.222674 0.970684
-5.516630 -43.927844 -552.411947 -1163.606524 -0.702007 -0.691031 0.172227 0.705197 -0.708258 0.032662 0.099411 0.144383 0.984516
-6.424657 -44.238367 -1352.618206 1891.237726 -0.676974 -0.712184 0.185739 0.733564 -0.673431 0.091512 0.059910 0.198203 0.978328
-4.144113 -39.774478 -5702.035988 815.060227 0.724016 -0.608052 0.325690 0.601805 0.787569 0.132538 -0.337093 0.100042 0.936141
10.956501 -37.511024 10764.576147 35.499224 -0.626870 0.704087 -0.333610 0.720895 0.686580 0.094435 -0.295540 0.181299 0.937969
16.530784 -35.632658 9648.009264 -454.566482 -0.611509 0.726563 -0.313310 0.720773 0.674870 0.158233 -0.326410 0.129064 0.936376
3.790279 -35.019000 -6762.242582 298.160895 0.698360 -0.636691 0.326984 0.605829 0.769092 0.203639 -0.381136 0.055883 0.922828
21.783284 -30.612629 8182.675733 -470.436481 -0.589159 0.769557 -0.246320 0.735834 0.636934 0.229920 -0.333826 0.045791 0.941522
-4.603921 -65.362078 461.940697 1052.015550 0.644852 0.643028 -0.413135 -0.505917 -0.046053 -0.861352 0.572899 -0.764457 -0.295621
-4.708531 -63.702474 -617.258173 786.958441 0.675352 0.616299 -0.405062 -0.470337 -0.063124 -0.880226 0.568052 -0.784978 -0.247238
-3.543219 -66.284201 -512.463665 -192.879004 0.672373 0.619062 -0.405805 -0.535630 0.028521 -0.843971 0.510896 -0.784824 -0.350765
-5.169547 -64.294779 -201.747833 -980.044493 0.659286 0.629043 -0.411882 -0.398684 -0.171982 -0.900818 0.637489 -0.758108 -0.137405
3.672883 -132.736679 872.594119 3599.136093 0.150282 0.982034 0.114122 0.980973 -0.133768 -0.140708 -0.122914 0.133096 -0.983452
4.053929 -123.883486 1039.148819 2455.341252 0.186587 0.975495 0.116593 0.977596 -0.196123 0.076425 0.097419 0.099721 -0.990235
2.668833 -127.318224 1154.951637 -2859.500848 0.204062 0.971221 0.122835 -0.969997 0.217535 -0.108554 0.132150 0.096998 -0.986472
0.581260 -138.848001 1181.559593 1455.322851 0.183654 0.974760 0.126938 0.981752 -0.188368 0.026084 0.049336 0.119831 -0.991568
-8.120405 -88.395883 -328.069406 3175.462172 -0.047808 -0.966923 -0.250549 0.977127 0.006764 -0.212550 0.207214 -0.254980 0.944483
-8.800993 -82.290445 511.361481 5117.645229 0.041036 0.965240 0.258125 0.912895 0.068789 -0.402357 0.406127 -0.252152 0.878339
-7.888342 -84.913786 215.931824 5278.516506 0.039219 0.967713 0.248987 0.913630 0.066179 -0.401125 0.404651 -0.243213 0.881535
-5.202831 -86.867159 589.995029 6552.854679 0.037792 0.972522 0.229725 0.918079 0.056987 -0.392281 0.394593 -0.225730 0.890698
-7.575402 -92.183366 567.654024 4151.552416 -0.046900 -0.965825 -0.254917 0.978753 0.006563 -0.204937 0.199606 -0.259112 0.944996
-10.998644 -42.809482 -376.992994 -453.712932 0.596640 0.637719 -0.487171 0.036667 -0.628088 -0.777278 0.801671 -0.445892 0.398126
-13.558618 -46.440145 -18.328523 2834.755349 0.599287 0.650263 -0.466918 -0.140519 0.659650 0.738320 0.788105 -0.376855 0.486694
-14.327545 -47.277444 -327.024609 225.106257 0.606817 0.705158 -0.366776 0.174675 -0.568473 -0.803945 0.775411 -0.423781 0.468133
-11.364093 -46.438492 562.914585 2297.202998 0.567448 0.610697 -0.552315 -0.068817 0.703594 0.707263 0.820528 -0.363326 0.441279
-10.215937 -42.169225 -111.209215 2155.888857 0.609306 0.660909 -0.438115 -0.020444 -0.539246 -0.841900 0.792672 -0.521932 0.315054
-8.474922 -44.337509 -7.554902 3955.062756 0.577525 0.614156 -0.537845 -0.119170 -0.588344 -0.799781 0.807628 -0.525989 0.266594
-8.925350 -42.740809 1414.617336 -1087.454095 0.544354 0.602016 -0.584170 0.058871 0.667256 0.742498 0.836787 -0.438573 0.327782
511.759689 -23.755830 165925.757791 -8735.134793 -0.428527 0.433984 -0.792479 0.887107 0.368552 -0.277867 0.171479 -0.822087 -0.542925
1359.965046 -1.987405 -176263.327210 8249.835874 -0.117417 -0.528004 -0.841086 0.743415 0.514816 -0.426965 0.658444 -0.675408 0.332078
6234.573695 -388.564878 -2061075.653888 106569.623685 0.718676 0.086538 0.689939 0.607339 0.405034 -0.683438 0.338592 -0.910197 -0.238531
3203.912868 -37.705870 1321152.128678 25092.653179 -0.145336 0.657178 0.739590 0.668942 0.616042 -0.415944 0.728968 -0.434291 0.529147
545.820193 -30.607396 183537.366222 -16618.865925 -0.479909 0.608442 -0.632048 0.876733 0.358917 -0.320184 0.032039 -0.707797 -0.705689
1028.942573 -15.311390 331995.276128 -8457.821198 -0.653963 0.457474 -0.602537 0.747961 0.510490 -0.424211 0.113524 -0.728092 -0.676014
1859.223567 -14.753083 565553.464432 -6403.016656 -0.625465 -0.126426 -0.769942 0.657959 0.444935 -0.607554 0.419385 -0.886594 -0.195108
-7.183784 -105.953789 -2196.811520 6403.132698 -0.101211 0.994452 0.028647 0.945277 0.105104 -0.308875 0.310172 0.004183 0.950671
-10.017602 -102.017234 -800.736541 6341.818058 -0.097854 0.995200 -0.001058 0.878589 0.085889 -0.469792 0.467446 0.046900 0.882777
-10.250678 -112.783192 -856.427918 7851.331533 -0.131917 0.991254 0.003550 0.961870 0.128871 -0.241244 0.239592 0.028410 0.970458
-5.472276 -113.857066 -2353.089437 3720.641270 -0.117767 0.992430 0.034844 0.989140 0.120340 -0.084388 0.087942 -0.024527 0.995824
-8.836679 -123.225435 -1782.129672 2967.178313 -0.158383 0.987283 0.013646 0.985498 0.157215 0.063849 -0.060892 -0.023561 0.997866
-2.701135 -98.324916 -97.042223 7210.744156 -0.222184 -0.918685 -0.326578 0.908963 -0.073993 -0.410257 0.352732 -0.388000 0.851491
-2.745029 -110.513211 -5.091006 6323.731362 -0.200536 -0.920952 -0.334116 0.962793 -0.122202 -0.241030 0.181148 -0.370020 0.911192
-2.550320 -104.027982 539.993354 5134.042526 -0.236902 -0.912452 -0.333629 0.899138 -0.075838 -0.431044 0.368005 -0.402094 0.838387
-2.909067 -91.141300 -624.320364 2187.399882 0.259403 0.911245 0.319912 0.837200 -0.047037 -0.544870 0.481462 -0.409171 0.775096
-6.866955 -201.806627 3319.793859 11932.389859 -0.091867 0.981754 -0.166491 -0.506561 0.097871 0.856631 -0.857296 -0.163034 -0.488327
-2.643155 -173.601242 1247.685938 15543.434645 -0.130660 0.984437 -0.117522 -0.223183 0.086290 0.970950 -0.965980 -0.153093 -0.208435
-5.351784 -189.042986 524.232566 9740.101250 -0.108656 0.983241 -0.146390 -0.510055 0.071257 0.857185 -0.853251 -0.167805 -0.493765
-8.625718 -194.834528 1942.690470 78.953008 -0.068494 0.982257 -0.174584 -0.765629 0.060442 0.640436 -0.639625 -0.177533 -0.747905
-10.277262 -202.656521 2036.032603 4063.339259 -0.087303 0.975159 -0.203573 -0.722707 0.078646 0.686666 -0.685619 -0.207072 -0.697888
69.717323 -34.926371 2526.266496 -921.338871 0.534934 -0.532246 -0.656171 0.827769 0.485727 0.280834 0.169247 -0.693385 0.700409
54.594304 -37.765674 19120.453817 -568.312086 0.544869 -0.298473 -0.783602 0.789796 0.496592 0.360025 0.281673 -0.815052 0.506311
74.717624 -34.472621 3902.494469 -1256.552123 0.517683 -0.505499 -0.690271 0.847237 0.415227 0.331324 0.119135 -0.756345 0.643234
79.692469 -32.272555 -10326.716945 -1829.214401 0.510124 -0.695490 -0.506031 0.859731 0.429572 0.276280 0.025227 -0.575988 0.817069
71.058551 -35.138537 -8277.251654 -902.082950 0.522382 -0.699912 -0.487074 0.846680 0.493563 0.198819 0.101246 -0.516255 0.850429
62.575306 -36.445587 3028.267882 -296.446741 0.536330 -0.563647 -0.628214 0.812113 0.547323 0.202262 0.229831 -0.618660 0.751291
64.956730 -1788.044140 -68799.749793 511826.730609 0.676600 0.601671 -0.424506 0.724214 -0.647975 0.235887 -0.133144 -0.467034 -0.874158
-7.176016 -1303.848332 -8900.573251 -519730.309998 0.379167 0.892358 -0.244805 -0.660557 0.446297 0.603725 -0.647994 0.067205 -0.758674
-193.331191 -1094.881345 31381.669549 -417367.998122 0.388060 0.863851 -0.321202 -0.738949 0.499910 0.451713 -0.550784 -0.062060 -0.832337
-135.131864 -1737.037395 -30503.869541 -124888.643321 0.388123 0.896883 -0.212044 -0.179959 0.299405 0.937001 -0.903867 0.325512 -0.277608
-65.737476 -368.047015 -3666.336894 156766.627700 0.599493 0.667111 -0.442234 0.771171 -0.629344 0.096033 -0.214253 -0.398609 -0.891744
-1217.019315 -16634.523891 322818.235270 -6745856.655597 0.418737 0.876915 0.235967 0.652037 -0.109474 -0.750242 0.632066 -0.468013 0.617621
-45.943535 -4759.578223 2580.965617 -124074.860137 0.289966 0.948097 0.130506 -0.614173 0.288926 -0.734380 0.733970 -0.132792 -0.666074
-54.145438 -6147.584315 -14988.283998 -1945449.779806 0.335290 0.917289 0.214853 0.132985 0.179690 -0.974693 0.932682 -0.355378 0.061738
6.171204 -33.404137 4473.446084 2207.912816 0.206342 0.041934 -0.977581 -0.126377 0.991855 0.015872 0.970284 0.120269 0.209961
14.003719 -32.556893 5221.240078 1756.871400 0.223477 -0.098650 -0.969704 -0.064135 0.991221 -0.115619 0.972597 0.088030 0.215188
5.057173 -30.134213 4031.591806 677.610127 0.234005 -0.062940 -0.970196 -0.135726 0.986016 -0.096702 0.962715 0.154310 0.222190
18.859800 -36.565464 5728.780829 2624.549226 0.199652 -0.017456 -0.979711 -0.016248 0.999645 -0.021123 0.979732 0.020135 0.199297
-1.997762 -31.544213 2123.397706 1626.316776 0.199172 0.175748 -0.964076 -0.226850 0.965334 0.129112 0.953347 0.192985 0.232136
3.867802 -34.981797 778.895656 2032.268625 0.189934 0.241595 -0.951607 -0.173835 0.962212 0.209591 0.966285 0.125614 0.224755
-27.913792 -58.581198 5731.850718 -2151.221598 0.179098 0.952790 0.245183 0.870850 -0.269483 0.411096 -0.457761 -0.139891 0.878001
-37.030033 -56.791808 6686.765026 -1952.353668 0.120576 0.955928 0.267701 0.830314 -0.244919 0.500593 -0.544096 -0.161916 0.823251
-46.581395 -63.398502 6792.001077 -3119.316125 0.307382 0.868980 0.387802 0.838682 -0.439937 0.321041 -0.449587 -0.226560 0.864027
-38.161152 -64.494438 6055.295098 -2266.300687 0.306296 0.898739 0.313769 0.888446 -0.388252 0.244796 -0.341829 -0.203787 0.917401
-21.046325 -59.901518 5104.252251 -1562.743476 0.185362 0.958512 0.216555 0.912886 -0.249530 0.323070 -0.363703 -0.137805 0.921265
-13.398321 -35.046460 -682.112699 85.955409 -0.557692 0.700849 0.444737 -0.063117 0.498439 -0.864624 0.827645 0.510265 0.233740
-15.367487 -36.006960 -1141.227356 137.094444 -0.578482 0.706740 0.407280 0.024967 0.514412 -0.857180 0.815313 0.485695 0.315223
-12.643659 -34.887768 -233.110115 71.480426 -0.550038 0.714663 0.432105 0.009299 0.522613 -0.852519 0.835088 0.464900 0.294103
-5.813557 -63.120013 -1130.398872 -193.487412 0.617434 0.643155 -0.452909 -0.604897 0.020130 -0.796049 0.502866 -0.765471 -0.401472
-6.314477 -62.581488 -977.975450 1262.450498 0.609923 0.655014 -0.446039 -0.560697 -0.041058 -0.827003 0.560012 -0.754500 -0.342222
-6.184841 -63.390296 -185.170835 2643.668010 0.618572 0.654533 -0.434690 -0.541098 -0.046285 -0.839685 0.569721 -0.754615 -0.325536
-6.863015 -61.464817 -464.256941 -74.802497 0.624601 0.659145 -0.418809 -0.446366 -0.138725 -0.884032 0.640804 -0.739110 -0.207572
-5.841437 -64.008891 277.454801 724.143226 0.630450 0.651569 -0.421890 -0.469133 -0.113181 -0.875845 0.618423 -0.750099 -0.234318
-19.237915 -35.234768 -275.384636 2485.382815 0.405725 0.683446 -0.606868 -0.430365 0.728613 0.532830 0.806333 0.044993 0.589748
-17.498314 -38.720447 -931.497628 1719.557723 0.479480 0.626256 -0.614738 -0.369290 0.779461 0.506028 0.796068 -0.015614 0.605006
-19.431999 -40.661457 -739.311911 1603.016951 0.467232 0.595697 -0.653329 -0.298412 0.801838 0.517694 0.832253 -0.046922 0.552408
-51.484804 -3542.973015 -27346.847936 1401706.677579 -0.223663 0.011657 0.974597 0.328413 0.942357 0.064097 -0.917671 0.334406 -0.214599
-41.170273 -722.376230 -4736.330073 -159244.655875 -0.266682 -0.233380 0.935101 -0.203506 0.961998 0.182055 -0.942054 -0.141748 -0.304042
-44.504575 -774.397987 -1561.410315 -143159.905438 -0.230064 -0.208782 0.950516 -0.170878 0.970208 0.171748 -0.958056 -0.122909 -0.258886
-20.367752 -704.825692 -5423.372314 -52532.478331 -0.320558 -0.141503 0.936600 0.104667 0.977433 0.183495 -0.941428 0.156852 -0.298513
11.649933 -76.889033 1355.485156 22609.654543 0.325061 -0.031715 -0.945161 0.878730 -0.359262 0.314269 -0.349527 -0.932698 -0.088913
5.877000 -83.408309 1161.647492 31039.742840 0.372216 -0.027220 -0.927747 0.880005 -0.307391 0.362081 -0.295037 -0.951194 -0.090462
9.255316 -164.604085 1526.263191 54920.785743 0.295204 0.016754 -0.955287 0.860500 -0.439166 0.258210 -0.415204 -0.898250 -0.144060
13.733887 -166.394723 1014.103431 46533.784292 0.265000 0.024407 -0.963939 0.834732 -0.506241 0.216661 -0.482698 -0.862046 -0.154527
10.134913 -25.545263 1245.434840 1763.817848 -0.314953 0.079358 -0.945784 -0.412510 0.886010 0.211711 0.854775 0.456825 -0.246315
10.051020 -24.439038 -854.390034 1572.654085 -0.244855 0.035724 -0.968901 -0.448755 0.881662 0.145914 0.859456 0.470527 -0.199848
6.401730 -22.288334 870.495368 1353.002064 -0.326279 0.100568 -0.939909 -0.445343 0.860705 0.246690 0.833794 0.499071 -0.236043
2.347275 -19.066963 1296.783147 1367.788430 -0.365420 0.165651 -0.915985 -0.469005 0.817238 0.334897 0.804054 0.551980 -0.220943
2.851338 -22.835241 2406.499075 1543.948189 -0.385599 0.179738 -0.904990 -0.417301 0.840818 0.344797 0.822905 0.510607 -0.249213
7.123943 -25.248462 3142.772717 1773.474733 -0.366387 0.133969 -0.920767 -0.398862 0.871434 0.285504 0.840637 0.471864 -0.265847
-24.890279 -52.298256 -9531.861440 2593.892586 0.080336 0.956747 0.279611 -0.491951 -0.205914 0.845922 -0.866909 0.205513 -0.454130
-24.362891 -57.659067 -8504.128976 -496.067929 0.210689 0.977227 0.025263 -0.550437 0.097238 0.829195 -0.807855 0.188608 -0.558389
-17.472858 -53.548791 -5039.809677 4584.775362 0.036634 0.953159 0.300242 -0.468016 -0.249094 0.847887 -0.882960 0.171579 -0.436969
103.308447 -63.003119 41023.677633 -813.696270 -0.032061 0.999291 -0.019744 -0.131275 0.015373 0.991227 -0.990827 -0.034372 -0.130689
234.201534 -61.896864 85169.964591 -3984.502349 -0.020989 0.996304 -0.083295 -0.276716 0.074270 0.958077 -0.960722 -0.043158 -0.274135
77.251951 -58.257420 31354.930085 -1529.964914 0.000234 0.996959 0.077925 -0.203273 -0.076251 0.976148 -0.979122 0.016068 -0.202637
217.676044 -47.477960 99318.310605 -442.305488 0.055216 0.998473 -0.001527 -0.339046 0.020188 0.940553 -0.939148 0.051416 -0.339643
23.500431 -60.278587 8528.784113 599.025710 -0.008756 0.994549 0.103898 -0.075137 -0.104263 0.991707 -0.997135 -0.000877 -0.075640
12.425795 -53.084276 9459.805979 -2346.908783 0.013027 0.989577 0.143416 -0.291105 -0.133462 0.947336 -0.956602 0.054090 -0.286332
7.638385 -57.931003 7389.056168 -730.515998 0.017008 0.990537 0.136186 -0.161078 -0.131712 0.978113 -0.986795 0.038572 -0.157314
55.727618 -36.276927 17241.127625 6864.705908 0.378234 0.913507 0.149811 0.541702 -0.087184 -0.836037 0.750665 -0.397370 0.527825
27.020781 -35.852920 10236.053635 -383.271533 0.392874 0.915569 0.085928 0.507393 -0.137893 -0.850610 0.766943 -0.377782 0.518728
274.637743 -31.711302 100211.557886 1831.751050 0.387539 0.904311 0.178982 0.526401 -0.057695 -0.848277 0.756780 -0.422957 0.498389
40.859171 -55.895613 15229.150484 -12785.425043 0.437845 0.898984 0.010910 0.439270 -0.203325 -0.875043 0.784432 -0.387926 0.483921
276.834544 -59.062930 95470.542717 -11795.567758 0.424987 0.894113 0.141240 0.473319 -0.086498 -0.876634 0.771593 -0.439410 0.459961
442.764808 -35.951349 152770.154405 -4298.539461 0.472235 0.860428 0.191463 0.496622 -0.080251 -0.864249 0.728259 -0.503213 0.465205
-22.397949 -55.099770 -1376.324900 -4670.912601 0.476366 -0.624458 -0.618973 0.576302 -0.309919 0.756192 -0.664041 -0.716940 0.212242
-21.812414 -58.745700 -1068.723917 -6538.996962 0.431344 -0.538682 -0.723715 0.633204 -0.390647 0.668168 -0.642647 -0.746469 0.172592
-24.949870 -51.491337 -1036.917710 4236.964246 0.429839 -0.573157 -0.697660 0.735753 -0.225534 0.638594 -0.523361 -0.787798 0.324759
-10.251567 -42.958199 393.075640 432.166675 -0.416185 0.877647 0.237754 -0.736699 -0.478726 0.477594 -0.532977 -0.023614 -0.845800
-11.698458 -44.396742 1321.082055 -1899.410909 -0.418913 0.871462 0.255081 -0.698465 -0.488762 0.522742 -0.580224 -0.040819 -0.813434
-7.572428 -43.108248 1144.066828 -720.197610 -0.378571 0.891754 0.247908 -0.731609 -0.452368 0.510010 -0.566949 -0.011703 -0.823669
-7.696908 -41.634566 1096.593912 220.338246 -0.378000 0.894316 0.239405 -0.783090 -0.446794 0.432603 -0.493849 0.023952 -0.869218
-1.181830 -70.701674 -1515.407659 243.326278 -0.429411 0.888769 -0.160301 -0.822980 -0.458192 -0.335803 0.371900 0.012273 -0.928192
-2.050673 -68.438183 -1263.020781 3351.790832 -0.458636 0.874259 -0.159135 -0.863108 -0.480871 -0.154296 0.211418 -0.066585 -0.975125
-3.076469 -68.965515 -684.020770 1817.433731 -0.446275 0.882694 -0.147272 -0.838584 -0.469947 -0.275549 0.312436 -0.000529 -0.949939
0.734206 -70.694732 -702.035913 2591.152917 -0.441716 0.885131 -0.146392 -0.866540 -0.463187 -0.185918 0.232369 -0.044731 -0.971599
-3.330636 -69.678543 -256.315242 -2254.946411 -0.441444 0.886036 -0.141661 -0.777357 -0.456497 -0.432813 0.448156 0.080941 -0.890284
1.311262 -71.711852 -1272.559758 -1506.484506 -0.427306 0.891915 -0.147979 -0.800669 -0.449336 -0.396266 0.419928 0.050845 -0.906132
-1.578967 -72.594045 -1146.536862 -1298.830446 -0.422355 0.894795 -0.144768 -0.740591 -0.432739 -0.514065 0.522629 0.109904 -0.845447
15.023242 -97.905517 871.897641 1919.925614 -0.628248 0.769962 0.111640 -0.519516 -0.308355 -0.796882 0.579144 0.558638 -0.593731
16.732319 -100.426936 -3055.248181 6078.465330 -0.576353 0.811674 0.094883 -0.538503 -0.289893 -0.791187 0.614680 0.507098 -0.604170
17.616839 -104.557201 -1703.913981 5210.729097 -0.586246 0.804113 0.098581 -0.425910 -0.202404 -0.881835 0.689142 0.558959 -0.461138
15.308801 -94.196780 -618.362063 435.265393 0.634599 -0.765559 -0.105847 0.609100 0.411136 0.678206 0.475690 0.494860 -0.727209
15.507776 -100.744655 3751.811754 3935.739549 -0.662367 0.739594 0.119459 -0.382833 -0.197078 -0.902552 0.643979 0.643554 -0.413679
11.230002 -100.048659 -5789.350006 -126.040513 0.685662 -0.714072 -0.141307 0.500061 0.321004 0.804298 0.528967 0.622139 -0.577180
10.667619 -98.287882 -3422.915859 3355.777123 0.671047 -0.729824 -0.130587 0.595064 0.425101 0.682047 0.442261 0.535394 -0.719555
-3.755571 -103.175401 -371.938807 1124.918273 -0.449194 0.884865 -0.123442 0.891804 0.452418 -0.002138 0.053955 -0.111046 -0.992350
-4.501553 -103.721386 201.104468 -4324.643377 -0.436668 0.891362 -0.121638 -0.892244 -0.446391 -0.068083 0.114984 -0.078801 -0.990237
-3.101144 -111.978202 216.876735 4983.942779 -0.460453 0.879800 -0.118046 0.884149 0.442688 -0.149361 -0.079150 -0.173144 -0.981711
-3.089525 -109.658052 -786.161293 3753.858432 -0.483777 0.866642 -0.122032 0.865554 0.453141 -0.213262 -0.129524 -0.208797 -0.969344
-3.653456 -101.108284 -1004.228269 1777.450223 -0.481700 0.868022 -0.120430 0.870458 0.458040 -0.180282 -0.101327 -0.191671 -0.976215
-7.897170 -69.042078 -1077.221015 8175.478709 0.622346 -0.765369 -0.163997 0.626124 0.361039 0.691100 -0.469738 -0.532786 0.703907
-6.119143 -75.618640 -1902.652068 -8008.985278 0.622792 -0.772074 -0.126619 -0.580533 -0.347526 -0.736348 -0.524511 -0.532098 0.664650
-7.963391 -83.865608 -942.105439 -9114.666927 0.631833 -0.759116 -0.156623 -0.545900 -0.292366 -0.785185 -0.550255 -0.581606 0.599128
-8.200271 -68.149561 1138.166275 -11930.266851 0.655332 -0.731300 -0.189053 -0.618202 -0.375466 -0.690545 -0.434012 -0.569409 0.698145
-8.152699 -56.545331 1060.908210 -9138.916401 0.657905 -0.731821 -0.177763 -0.650940 -0.433884 -0.622914 -0.378733 -0.525531 0.761826
22.481849 -37.495345 363.891921 -695.662965 -0.397196 0.872260 0.285304 0.149193 -0.245371 0.957880 -0.905526 -0.423032 0.032674
21.880243 -35.584910 -1242.438593 1291.175632 -0.424111 0.873978 0.237259 0.226285 -0.151406 0.962222 -0.876884 -0.461777 0.133555
18.612124 -40.349785 -3110.426685 -720.157658 -0.464103 0.835395 0.294488 0.161949 -0.246832 0.955430 -0.870851 -0.491110 0.020736
19.907638 -37.656551 -1569.945048 -1168.295886 -0.434538 0.839224 0.326924 0.108999 -0.311316 0.944035 -0.894033 -0.445854 -0.043804
14.903362 -39.469735 -4039.910048 -1575.968668 -0.480449 0.814455 0.325318 0.099412 -0.317969 0.942875 -0.871370 -0.485344 -0.071802
4.474817 -131.009112 -1806.284062 -1567.701934 0.387224 0.913894 0.121885 0.505398 -0.320966 0.800970 -0.771123 0.248554 0.586166
3.787724 -134.000471 -1241.072464 -445.427643 0.395189 0.910124 0.124498 0.667516 -0.377629 0.641730 -0.631068 0.170500 0.756758
1.752728 -128.333501 -997.650385 -3404.436686 0.398326 0.908158 0.128784 0.511097 -0.336339 0.790984 -0.761654 0.249249 0.598129
2.343726 -121.906456 -1980.293374 -2985.897889 0.383456 0.915978 0.118095 0.359999 -0.265997 0.894229 -0.850507 0.300383 0.431750
-13.817122 -77.297121 -78.897816 725.163046 -0.520350 0.853898 0.009658 0.052557 0.043312 -0.997678 0.852334 0.518634 0.067416
-14.329364 -78.013787 241.534759 -783.971952 -0.548917 0.835540 0.023721 -0.041074 0.001382 -0.999155 0.834867 0.549428 -0.033560
-13.482916 -75.772028 165.531117 1402.961437 -0.548891 0.835629 0.021040 0.076465 0.075260 -0.994228 0.832389 0.544114 0.105206
-13.504702 -79.696034 -118.663960 -1511.543201 -0.521368 0.853227 0.013370 -0.073362 -0.029208 -0.996878 0.850173 0.520720 -0.077823
29.065687 -36.851046 -14021.287218 3459.403482 0.750339 -0.478419 -0.456186 0.584390 0.802631 0.119462 -0.308997 0.356228 -0.881829
31.774774 -46.196555 16175.957328 5168.982002 -0.752592 0.455342 0.475677 0.541078 0.839324 0.052623 -0.375286 0.296982 -0.878044
38.724492 -40.154609 -217.320752 5094.157171 0.834178 -0.454102 -0.312950 0.507268 0.854438 0.112317 -0.216393 0.252442 -0.943105
7.292635 -42.097276 15206.736444 3469.478201 -0.695703 0.518193 0.497468 0.620188 0.782729 0.051987 -0.362443 0.344691 -0.865923
33.150990 -31.536438 -3700.857726 1802.628191 0.822221 -0.456836 -0.339490 0.527710 0.835350 0.153987 -0.213246 0.305764 -0.927919
19.363954 -31.326948 -8459.785973 -894.251066 0.727693 -0.522482 -0.444381 0.632206 0.762213 0.139090 -0.266041 0.382156 -0.884974
10.328024 -35.972109 -14864.609339 1411.207735 0.690596 -0.522762 -0.499797 0.648186 0.753916 0.107076 -0.320830 0.397908 -0.859499
-0.581866 -116.403867 1253.572563 -9028.986080 0.759821 0.636650 0.131712 0.647486 -0.722775 -0.241575 0.058601 -0.268836 0.961402
-2.581565 -137.589062 1747.340201 -12785.106475 0.730531 0.667875 0.142364 0.659550 -0.636043 -0.400553 0.176970 -0.386512 0.905146
1.450520 -142.840243 460.323242 -12178.590749 0.748214 0.646858 0.147479 0.628862 -0.620614 -0.468370 0.211441 -0.443185 0.871137
2.080291 -133.140430 644.698126 -12914.536775 0.756262 0.638970 0.140656 0.643528 -0.687661 -0.336146 0.118064 -0.344730 0.931247
2.538195 -162.650573 327.006087 -15300.540647 0.725035 0.667017 0.171499 0.593233 -0.478354 -0.647497 0.349855 -0.571197 0.742520
2.460400 -164.695472 361.124827 -18267.206128 0.731131 0.662474 0.163020 0.621442 -0.548085 -0.559832 0.281526 -0.510618 0.812411
1.799074 -119.063487 -753.385893 9623.807740 0.645983 0.762381 -0.038496 -0.755501 0.645740 0.110624 -0.109195 0.042377 -0.993117
-0.400252 -116.318631 -222.474439 9285.908333 0.641913 0.766258 -0.028217 -0.756235 0.638740 0.141843 -0.126712 0.069712 -0.989487
-0.848621 -128.654755 -418.190197 -9120.249572 0.652315 0.757335 -0.030481 0.756352 -0.647806 0.090989 0.049163 -0.082408 -0.995385
-10.238433 -60.110700 2249.834544 3493.186009 0.238311 0.218860 0.946207 0.968076 0.024412 -0.249466 -0.077696 0.975451 -0.206055
-12.413861 -50.830770 847.437643 1849.097597 0.199827 0.255909 0.945822 0.979815 -0.046708 -0.194371 -0.005564 0.965572 -0.260077
-12.567031 -54.476750 490.437762 3175.416920 0.266775 0.276763 0.923165 0.958099 0.027503 -0.285115 -0.104299 0.960545 -0.257829
-8.930789 -67.235549 1014.919478 5936.207955 0.313691 0.261660 0.912761 0.927380 0.121973 -0.353680 -0.203876 0.957422 -0.204396
-5.774297 -78.442196 2827.485644 9230.617781 0.261856 0.210321 0.941911 0.947039 0.131969 -0.292749 -0.185874 0.968684 -0.164625
311.491270 -3787.728035 -21734.931464 1762819.748391 0.830689 0.556228 0.023798 -0.554597 0.822997 0.122875 -0.048761 0.115270 -0.992137
39.751381 -1152.807496 13482.443630 473243.315289 0.711135 0.695958 0.099649 -0.703034 0.702815 0.108602 -0.005547 0.147287 -0.989078
6.245789 -421.409897 575.735704 65029.857631 0.679284 0.729870 0.076572 -0.658510 0.560141 0.502600 -0.323941 0.391832 -0.861121
39.714501 -664.192094 -3437.748354 124112.825306 0.680109 0.727151 0.093294 -0.660889 0.663201 -0.351269 0.317298 -0.177244 -0.931615
12.457242 -369.892511 -8034.665928 53392.370558 0.697432 0.716599 -0.008635 -0.615574 0.605192 0.504789 -0.366957 0.346740 -0.863200
-4.268734 -13.258244 -1003.688284 -1445.802311 -0.507237 0.700593 0.501877 -0.078249 -0.617389 0.782757 -0.858247 -0.357772 -0.367983
-5.460467 -16.462633 -1348.371080 -2487.296507 -0.499836 0.779602 0.377339 -0.126478 -0.496694 0.858661 -0.856836 -0.381465 -0.346868
-7.974381 -17.339947 330.325618 -2972.634980 -0.437294 0.878721 0.191370 -0.242552 -0.320149 0.915791 -0.865992 -0.354053 -0.353135
-5.145330 -13.295491 96.899631 -1409.121592 -0.471168 0.810465 0.348062 -0.186494 -0.477224 0.858765 -0.862102 -0.339711 -0.376000
-2.567774 -12.384334 -142.277673 -446.137124 -0.501609 0.698638 0.510190 -0.093270 -0.629987 0.770984 -0.860052 -0.339147 -0.381169
-5.359253 -26.059736 -1524.221214 -110.558173 -0.420898 0.883658 0.204923 0.853965 0.309810 0.418045 0.305921 0.350951 -0.885012
-9.178422 -28.195551 -1526.710428 -1248.319320 -0.540516 0.826499 0.157295 0.773249 0.414338 0.480010 0.331554 0.381081 -0.863046
-7.380852 -27.917629 -1668.330496 -1546.754343 -0.478156 0.861155 0.172566 0.803279 0.349356 0.482382 0.355119 0.369272 -0.858795
-5.558484 -26.462016 -841.820065 -1178.738836 -0.399590 0.890868 0.216062 0.848757 0.270508 0.454353 0.346322 0.364939 -0.864223
7.020300 -65.044874 -526.610272 -838.968845 -0.454418 0.860377 -0.230772 -0.624061 -0.492348 -0.606746 0.635651 0.131701 -0.760660
8.894046 -60.861162 -513.694192 -883.026364 -0.456694 0.858087 -0.234772 -0.536134 -0.476064 -0.697082 0.709923 0.192484 -0.677465
8.049886 -64.694337 -945.470899 -723.877523 -0.471635 0.848472 -0.240117 -0.600964 -0.508555 -0.616615 0.645293 0.146515 -0.749754
9.613267 -59.427748 -65.999455 -1564.446992 -0.480444 0.845651 -0.232482 -0.479301 -0.475166 -0.737894 0.734469 0.243088 -0.633612
4.358268 -51.189569 8888.846608 -519.486552 0.752355 -0.648820 -0.113991 -0.655903 -0.721701 -0.221220 -0.061264 -0.241203 0.968539
-15.737671 -53.112587 9336.096320 -1747.303318 0.682860 -0.717183 -0.139109 0.718374 0.624574 0.306342 -0.132819 -0.309121 0.941702
-5.520612 -65.868414 3171.729052 -7404.701475 0.834854 -0.550096 -0.020328 -0.532761 -0.798151 -0.281283 -0.138508 -0.245660 0.959410
7.363172 -62.146049 471.186950 3486.214375 0.718531 -0.692041 -0.069231 -0.690544 -0.698017 -0.189530 -0.082838 -0.183990 0.979431
-12.748620 -75.710639 9124.933892 -4430.651047 -0.702271 0.711906 -0.002370 0.694783 0.686098 0.215746 -0.155217 -0.149866 0.976447
-44.976227 -69.146396 124.675776 7942.847859 0.150946 0.986340 -0.065951 0.921806 -0.164539 -0.350999 0.357056 0.007812 0.934050
-42.209612 -66.082197 -190.420437 7538.435898 0.365150 0.895615 -0.254046 0.847624 -0.432694 -0.307097 0.384965 0.103199 0.917143
-37.505379 -52.838353 432.415396 -3853.651741 0.624376 0.662645 -0.413589 -0.608883 0.744548 0.273698 0.489302 0.080936 0.868351
-25.016064 -56.789617 -17889.230099 31355.600304 0.628306 0.750046 0.206550 0.051412 0.224888 -0.973027 0.776266 -0.621978 -0.102737
10.591087 -51.182796 -14645.895068 19428.760056 0.595021 0.769951 0.230490 0.114461 0.202678 -0.972533 0.795518 -0.605059 -0.032468
-45.244565 -68.389388 2946.158718 2199.250404 0.595930 0.799735 0.072743 -0.669267 0.544679 -0.505378 0.443791 -0.252485 -0.859826
-44.286159 -72.596684 4002.368823 4465.946182 0.554348 0.815294 0.167312 -0.639373 0.545861 -0.541515 0.532823 -0.193213 -0.823874
34.313492 -62.520646 8591.558592 -840.867338 0.223432 0.940452 0.256179 0.929982 -0.284393 0.232924 -0.291909 -0.186199 0.938146
27.440322 -57.793190 4878.792608 -2876.322666 0.248884 0.922300 0.295667 0.870199 -0.346966 0.349811 -0.425217 -0.170227 0.888939
14.848276 -57.120952 3864.479965 -2275.115540 0.182279 0.958300 0.220082 0.887726 -0.256632 0.382207 -0.422749 -0.125704 0.897486
15.545304 -60.795003 5455.507240 -1059.945521 0.151532 0.970608 0.186969 0.943779 -0.198295 0.264500 -0.293801 -0.136377 0.946088
36.855236 -64.385750 -11012.903987 -252.033981 -0.166221 -0.964373 -0.205807 0.973494 -0.193735 0.121561 -0.157102 -0.180146 0.971013
5.712927 -130.695620 -205.942388 1127.083414 -0.105915 0.991832 -0.071079 0.510157 0.115556 0.852283 -0.853535 -0.054008 0.518228
4.517623 -129.983113 10.603291 470.718919 -0.108959 0.990388 -0.085197 0.296489 0.114186 0.948186 -0.948800 -0.078053 0.306081
4.623658 -42.994962 -2212.753201 -4434.447471 -0.696456 -0.689274 0.199626 0.714010 -0.693407 0.096828 0.071681 0.209971 0.975076
-3.204578 -42.298625 418.263940 140.978717 0.711949 0.680089 -0.174949 -0.671953 0.732138 0.111591 0.203978 0.038111 0.978233
-5.446082 -39.783593 -9160.532227 416.028149 0.681364 -0.655078 0.326522 0.679821 0.731713 0.049379 -0.271268 0.188332 0.943899
-3.682902 -65.995209 -1140.231164 -905.456492 0.688246 0.606834 -0.397581 -0.483046 -0.025570 -0.875222 0.541280 -0.794417 -0.275530
-5.089588 -64.417286 -943.472841 -894.005037 0.677961 0.610395 -0.409618 -0.394087 -0.168587 -0.903479 0.620536 -0.773948 -0.126253
72.081452 -79.571058 20773.860166 3862.786687 -0.133845 0.942700 0.305618 -0.807260 0.075165 -0.585390 0.574819 0.325064 -0.750943
29.879563 -79.880555 11877.723588 3812.247266 -0.114309 0.917185 0.381714 -0.826322 0.125512 -0.549034 0.551476 0.378178 -0.743543
75.938685 -75.646019 21402.783922 -694.456456 -0.138756 0.938176 0.317132 -0.871341 0.036533 -0.489317 0.470651 0.344226 -0.812402
5.040346 -115.574408 -326.738895 2290.454716 0.168434 0.981975 0.085766 0.984852 -0.171284 0.026972 0.041176 0.079924 -0.995950
5.439808 -124.545268 523.148588 -2861.503279 0.137645 0.984672 0.107123 -0.977534 0.117619 0.174909 -0.159628 0.128792 -0.978740
5.029709 -118.328393 -916.368558 -2757.925569 0.121701 0.989660 0.075901 -0.970049 0.102396 0.220272 -0.210222 0.100435 -0.972481
4.245366 -108.130904 -1156.103973 4068.328326 0.150399 0.986883 0.058672 0.988560 -0.149439 -0.020436 -0.011400 0.061075 -0.998068
3.986708 -106.464392 -400.290540 192.994153 0.197502 0.977309 0.076556 -0.960658 0.208508 -0.183468 0.195268 0.037309 -0.980040
-9.169212 -81.779697 -227.514561 5782.637865 0.078433 0.952534 0.294154 0.933735 0.033183 -0.356423 0.349266 -0.302617 0.886812
-9.659768 -79.340851 -293.913530 2185.174829 0.069764 0.954194 0.290941 0.881181 0.077765 -0.466340 0.467604 -0.288906 0.835392
11695.640290 -822.684769 4099505.537763 -376880.772437 -0.148043 0.987848 -0.047324 0.809941 0.093644 -0.578988 0.567520 0.124045 0.813962
553.731788 -30.574704 175374.694866 -1407.823560 -0.401926 0.900997 0.163281 0.783829 0.430722 -0.447315 0.473358 0.051803 0.879345
-4.755593 -104.939581 -2872.476106 5772.423918 -0.070281 0.996782 0.038558 0.889325 0.080119 -0.450203 0.451843 -0.002650 0.892093
-7.673940 -94.502216 -1507.390593 4231.413727 -0.064359 0.997905 0.006666 0.783552 0.054669 -0.618916 0.617984 0.034610 0.785429
-1.441491 -120.121079 -414.288074 10796.705150 -0.231811 -0.914966 -0.330304 0.904725 -0.078033 -0.418788 0.357402 -0.395914 0.845882
-2.220582 -103.438435 60.475454 4985.663083 0.266320 0.909157 0.320167 0.817256 -0.036875 -0.575094 0.511044 -0.414817 0.752835
-2.279745 -113.686565 21.864143 7626.250524 -0.229399 -0.913274 -0.336611 0.893973 -0.060917 -0.443962 0.384953 -0.402765 0.830416
-8.468329 -114.114250 -3294.262268 -4069.368082 0.085545 0.994384 0.062307 -0.862054 0.042517 0.505029 -0.499544 0.096915 -0.860850
-13.459662 -99.338243 -2709.773876 -1230.981523 0.112414 0.989706 0.088576 -0.904418 0.064989 0.421668 -0.411571 0.127511 -0.902414
-10.206763 -99.418188 -3408.880994 -4481.983293 0.123575 0.991012 0.051223 -0.956418 0.105182 0.272398 -0.264562 0.082653 -0.960820
1.964808 -152.220540 2895.688014 19050.069339 -0.122477 0.983678 -0.131825 -0.006509 0.132026 0.991225 -0.992450 -0.122260 0.009767
6.914464 -138.873606 -2161.767725 17271.978391 -0.180020 0.981220 -0.069286 0.117355 0.091358 0.988879 -0.976637 -0.169887 0.131597
1.128769 -141.615449 -2653.423832 11194.156303 -0.187086 0.981353 -0.044101 -0.092928 0.027013 0.995306 -0.977938 -0.190307 -0.086142
64.925221 -39.325821 24798.158730 174.809795 0.509674 -0.260432 -0.820005 0.826143 0.414284 0.381913 0.240252 -0.872092 0.426304
60.894856 -354.729483 -9819.796215 70955.687469 0.967149 -0.163677 -0.194508 -0.039730 0.658420 -0.751602 -0.251088 -0.734638 -0.630287
77.390263 -1175.900978 -13352.067166 -439415.135026 -0.518509 0.831089 -0.201097 -0.306867 0.038653 0.950967 -0.798111 -0.554795 -0.234992
-867.414232 -2830.366801 497246.581281 -1119861.165617 0.927468 -0.373359 -0.020156 -0.107621 -0.214941 -0.970679 -0.358080 -0.902443 0.239532
662.576076 -5240.135270 -83064.373479 1410047.005520 0.958360 0.281893 -0.045636 -0.125625 0.272670 -0.953871 0.256446 -0.919884 -0.296729
-248.520478 -2043.026810 87552.726639 -907347.464066 0.247890 0.966614 0.064872 -0.763063 0.236068 -0.601669 0.596896 -0.099646 -0.796107
28.339646 -8251.992276 66700.078234 -16284239.656204 0.140920 0.984196 0.107235 -0.830225 0.058473 0.554352 -0.539321 0.167148 -0.825345
-26.207929 -42.481750 2115.826051 -3101.111853 0.709105 0.700416 -0.081158 0.614729 -0.670488 -0.415396 0.345366 -0.244669 0.906013
-20.600015 -31.887916 740.904437 -2568.775709 0.691652 0.713129 -0.114297 0.615021 -0.664526 -0.424446 0.378638 -0.223274 0.898210
-15.684986 -37.090204 3912.226374 3687.988903 0.199624 0.969671 0.141027 0.932490 -0.143779 -0.331346 0.301020 -0.197651 0.932910
-22.157084 -46.304136 3690.615620 2898.989859 0.311215 0.940754 0.134638 0.922561 -0.265067 -0.280394 0.228093 -0.211475 0.950396
12.444262 -29.524752 3584.425427 -335.805341 0.267916 -0.207673 -0.940794 -0.066338 0.970198 -0.233055 0.961156 0.124849 0.246155
16.732827 -31.428306 -767.859511 636.022010 0.303482 -0.283684 -0.909627 0.014944 0.955951 -0.293146 0.952720 0.075371 0.294353
25.651907 -37.042822 7271.866808 3489.717224 0.220826 -0.197661 -0.955074 0.034674 0.980220 -0.194848 0.974697 0.009911 0.223312
-15.349854 -34.915550 -1191.634380 93.665450 -0.586326 0.702723 0.402992 -0.047057 0.467088 -0.882958 0.808707 0.536665 0.240798
-18.422322 -36.348311 -1846.747255 484.257997 -0.599398 0.725177 0.338880 0.051050 0.457132 -0.887932 0.798822 0.514925 0.311025
-17.911672 -37.812387 -2143.814376 928.910039 -0.577220 0.748556 0.326314 0.137338 0.482906 -0.864836 0.804957 0.454385 0.381548
-2.037563 -249.416598 -655.595555 -18297.937321 0.248064 0.961034 0.121979 0.964605 -0.256665 0.060506 0.089456 0.102652 -0.990687
-1.335094 -284.819426 -4133.185081 10065.426822 0.259357 0.959442 0.110474 -0.938889 0.277286 -0.203960 0.226321 0.050824 -0.972726
1.745261 -317.697736 -3267.335099 73382.500516 0.265056 0.961488 0.072711 -0.941171 0.241586 0.236291 -0.209625 0.131064 -0.968958
-0.040875 -221.606551 -833.197354 28217.023300 0.196126 0.975240 0.102187 -0.944534 0.159893 0.286862 -0.263420 0.152780 -0.952506
-73.034766 -965.910195 14883.272112 -240707.704043 -0.040098 -0.302553 0.952289 -0.113921 0.948225 0.296465 -0.992680 -0.096598 -0.072489
-30.025880 -957.699390 4052.715029 -362682.732917 -0.106482 -0.170135 0.979651 -0.524727 0.846502 0.089976 -0.844584 -0.504469 -0.179412
-36.008177 -1085.020403 6806.883441 -396372.675040 0.010519 -0.155968 0.987706 -0.513976 0.846445 0.139135 -0.857740 -0.509121 -0.071260
-26.542676 -2701.258619 7388.150794 911016.435629 -0.054345 -0.263271 0.963190 0.307075 0.913463 0.267004 -0.950133 0.310282 0.031201
6.558885 -41.380305 636.173408 8818.979397 0.386502 -0.065984 -0.919925 0.875241 -0.288262 0.388404 -0.290808 -0.955275 -0.053662
3.499932 -35.363450 778.686908 9099.639704 0.497830 -0.082388 -0.863352 0.827367 -0.253381 0.501260 -0.260055 -0.963852 -0.057976
-42.260196 -52.559425 -3629.419796 1096.444546 -0.010628 0.931005 0.364852 -0.888246 -0.176365 0.424163 -0.459245 0.319571 -0.828836
-36.587002 -52.548386 -1722.298062 1367.687198 -0.002282 0.959758 0.280818 -0.904906 -0.121500 0.407900 -0.425604 0.253183 -0.868769
-36.446249 -48.375935 -1309.468058 570.830440 0.079931 0.970220 0.228659 -0.852066 -0.052542 0.520791 -0.517296 0.236460 -0.822491
-38.792399 -54.213202 -2342.928776 2391.122294 -0.002642 0.950136 0.311826 -0.935528 -0.112500 0.334861 -0.353244 0.290837 -0.889175
-39.175797 -48.929455 -2825.321687 -597.966494 0.198667 0.958798 0.203072 -0.804762 0.041332 0.592157 -0.559366 0.281067 -0.779815
-47.987390 -51.423484 -3933.937308 410.913142 0.044961 0.904528 0.424037 -0.856748 -0.183387 0.482029 -0.513772 0.384965 -0.766707
-46.972589 -55.348483 -4050.852597 -2589.072401 -0.113810 0.890963 0.439582 0.925712 0.255738 -0.278668 -0.360701 0.375211 -0.853880
-51.378973 -54.872954 -1853.012036 -3594.335006 -0.496170 0.618535 0.609286 0.756141 0.652727 -0.046874 -0.426691 0.437448 -0.791564
