17577
35132
-36.875192 -60.864290 2385.268273 -5189.908588 0.737536 0.155626 -0.657131 0.652957 -0.412616 0.635134 0.172299 0.897513 0.405936
-42.552222 -71.265607 -2324.406363 -5395.797006 -0.582385 -0.251735 0.772954 0.775594 -0.456857 0.435586 0.243478 0.853177 0.461311
-43.254132 -69.082015 -919.227718 -9782.914881 -0.366771 -0.280259 0.887093 0.908607 -0.312684 0.276879 0.199782 0.907570 0.369329
-41.282884 -66.581277 1396.139222 -4493.151484 0.793172 0.207216 -0.572660 0.584818 -0.521506 0.621305 0.169901 0.827703 0.534828
-31.969210 -50.067070 3506.964445 -7379.628077 0.732973 0.125649 -0.668553 0.668802 -0.312711 0.674475 0.124317 0.941501 0.313243
-31.591458 -52.938818 2338.954389 -4031.625868 0.917524 0.067428 -0.391922 0.383055 -0.414659 0.825425 0.106857 0.907475 0.406289
92.399379 -104.489940 -7182.377559 3919.468231 0.034962 -0.226301 0.973430 0.610405 0.776070 0.158496 -0.791317 0.588645 0.165269
72.697349 -94.118279 -6489.891141 4392.312478 -0.072385 -0.140360 0.987451 0.650131 0.744169 0.153437 -0.756367 0.653079 0.037386
89.688073 -94.312045 -11347.167523 10278.399987 0.022825 -0.164087 0.986182 0.781911 0.617614 0.084665 -0.622972 0.769174 0.142399
78.777200 -100.328499 -7218.202704 4292.484454 -0.083737 -0.181164 0.979882 0.538599 0.819097 0.197464 -0.838391 0.544298 0.028986
103.815343 -103.046810 -4170.970644 19025.787708 0.179968 -0.324693 0.928540 0.784647 0.616676 0.063561 -0.593246 0.717137 0.365751
92.843084 -118.356324 1368.378998 11802.856264 0.187094 -0.368636 0.910551 0.640263 0.748749 0.171573 -0.745022 0.550892 0.376111
91.964500 -119.458903 1283.123738 -4076.194059 0.088553 -0.303998 0.948548 0.471466 0.851652 0.228930 -0.877427 0.426936 0.218741
87.553138 -110.837537 -8085.961479 -681.000555 -0.037048 -0.228740 0.972782 0.491656 0.843313 0.217021 -0.870001 0.486315 0.081218
-61.865465 -74.285971 -353.882104 757.914440 0.172424 -0.269885 0.947329 -0.252790 0.917399 0.307369 -0.952033 -0.292473 0.089957
-61.854697 -74.945479 246.871947 749.258559 0.077573 -0.251819 0.964660 -0.149843 0.953641 0.260992 -0.985662 -0.164793 0.036244
-60.764276 -73.747544 -1696.355391 -1681.831911 -0.026172 -0.238995 0.970668 -0.327574 0.919439 0.217549 -0.944463 -0.312272 -0.102352
-61.655310 -70.637092 -1039.782072 -1779.491332 0.125068 -0.263798 0.956436 -0.421477 0.858569 0.291919 -0.898173 -0.439625 -0.003805
-55.141939 -70.712310 -3380.849611 -3368.895573 -0.272088 -0.123870 0.954266 -0.348082 0.937196 0.022406 -0.897110 -0.326066 -0.298117
-58.290133 -67.470032 -3436.794346 -692.246258 -0.172483 -0.090012 0.980891 -0.440584 0.897698 0.004904 -0.880985 -0.431319 -0.194495
10.558933 -69.279518 -2268.118870 10721.334384 0.968726 -0.173176 -0.177706 0.002435 -0.709508 0.704693 0.248120 0.683088 0.686897
12.231186 -58.943555 1192.439744 9942.884095 0.954144 -0.214332 -0.208974 -0.030500 -0.764075 0.644406 0.297789 0.608483 0.735575
11.001057 -54.605567 -3444.151436 7468.391948 0.969558 -0.192476 -0.151361 -0.046477 -0.751571 0.658013 0.240411 0.630947 0.737637
5.520990 -64.389076 -4703.584926 8175.728302 0.976428 -0.153153 -0.152094 0.000455 -0.703188 0.711004 0.215843 0.694313 0.686543
2.340828 -56.137995 -5566.144322 6566.794470 0.977410 -0.139264 -0.158983 0.000572 -0.750471 0.660903 0.211352 0.646064 0.733438
7.690362 -43.991989 -5433.358925 3867.385161 0.972495 -0.187601 -0.138056 -0.066418 -0.791446 0.607619 0.223254 0.581737 0.782138
151.828944 -191.831235 33115.185496 -15705.122714 0.768531 -0.638623 -0.038996 0.602173 0.701377 0.381389 0.216213 0.316591 -0.923592
132.038869 -166.894395 30170.479268 -40611.423339 0.763968 -0.644886 -0.021783 0.644187 0.760330 0.083195 0.037089 0.077590 -0.996295
106.902599 -184.101753 -38387.076596 17040.071393 -0.688620 0.708792 -0.153026 -0.641983 -0.694053 -0.325805 0.337136 0.126115 -0.932971
123.138334 -185.612746 -42669.766862 -13769.947664 -0.675501 0.729305 -0.108685 -0.528203 -0.581452 -0.618801 0.514490 0.360593 -0.777993
168.812259 -182.219040 31033.658556 28068.647341 0.786891 -0.610403 -0.090618 0.497171 0.540111 0.679044 0.365547 0.579386 -0.728483
19.924472 -43.718986 6334.355434 453.637109 0.861160 0.505137 -0.056933 -0.507853 0.859805 -0.053108 -0.022124 -0.074648 -0.996965
58.950656 -35.466705 -14777.873276 4453.296812 0.494710 0.848102 -0.189697 0.868267 -0.473031 0.149513 0.037070 -0.238673 -0.970392
2.261045 -45.912597 -4156.130062 -2203.032801 -0.756973 -0.652102 0.041896 -0.652567 0.757724 0.003297 -0.033896 -0.024844 -0.999117
-0.683656 -119.040109 749.843576 2170.749170 0.822711 -0.010701 -0.568359 0.566514 0.098086 0.818194 -0.046992 0.995120 -0.086759
-1.589502 -134.048792 739.600923 12565.928567 0.823310 -0.014173 -0.567416 0.552441 0.249453 0.795350 -0.130271 0.968283 -0.213207
-2.643343 -120.051750 502.317389 5723.803738 0.810546 -0.007222 -0.585631 0.584640 0.069415 0.808318 -0.034814 0.997562 -0.060487
1.841262 -127.526926 1317.165932 9917.391553 0.833659 -0.015948 -0.552049 0.536666 0.259392 0.802935 -0.130392 0.965640 -0.224804
-1.767213 -113.561352 334.943154 -4892.773184 0.799343 0.001743 -0.600872 0.598232 -0.095985 0.795553 0.056288 0.995381 0.077768
0.093823 -118.211460 474.204131 -9817.038883 0.808889 -0.003147 -0.587954 0.586854 -0.057038 0.807681 0.036077 0.998367 0.044291
2.702586 -119.075812 1267.270059 -2483.088187 0.832891 -0.011801 -0.553312 0.550316 0.123697 0.825743 -0.058698 0.992250 -0.109520
26.268697 -5.860801 -6869.312750 79.531077 -0.527950 0.844121 -0.093428 -0.289113 -0.075197 0.954337 -0.798551 -0.530853 -0.283746
22.452242 -7.102826 -5263.925497 -297.935244 -0.506693 0.846144 -0.165232 -0.318138 -0.005381 0.948029 -0.801280 -0.532927 -0.271918
13.928284 -6.647473 -6747.773157 253.125923 -0.524929 0.827312 -0.200008 -0.335073 0.015148 0.942070 -0.782416 -0.561538 -0.269258
34.066904 -5.968946 -5382.737981 -452.888208 -0.493492 0.867938 -0.056121 -0.275383 -0.094720 0.956657 -0.825003 -0.487558 -0.285759
9.905576 -35.061362 -3156.178527 -4566.590682 -0.408509 0.881089 -0.238332 -0.202631 0.167055 0.964901 -0.889978 -0.442464 -0.110292
15.798939 -31.235957 -4666.282379 -5246.462639 -0.418017 0.880884 -0.222047 -0.239836 0.128742 0.962239 -0.876208 -0.455487 -0.157451
11.937015 -34.211448 -909.047383 -4458.361256 -0.401915 0.911586 -0.086458 -0.161566 0.022339 0.986609 -0.901311 -0.410502 -0.138303
5.823497 -34.532822 -382.584242 -1434.993853 -0.397290 0.912704 -0.095561 -0.112343 0.054977 0.992147 -0.910790 -0.404906 -0.080695
3.891624 -38.109398 -1910.869858 -1174.293481 -0.393767 0.872671 -0.288779 -0.165349 0.241790 0.956137 -0.904216 -0.424244 -0.049086
-3.253255 -106.931455 -722.951491 -1777.164317 -0.497891 0.858131 -0.125361 -0.198149 -0.253293 -0.946879 0.844299 0.446602 -0.296150
-2.463495 -100.224986 -991.043619 -4947.706597 -0.495447 0.857227 -0.140337 -0.150375 -0.243763 -0.958106 0.855523 0.453587 -0.249677
-3.413631 -110.399693 -647.623923 -8553.780168 -0.498029 0.858373 -0.123136 -0.280627 -0.293895 -0.913714 0.820497 0.420501 -0.387251
-4.319200 -119.631635 -148.901315 -10044.236286 -0.501794 0.857741 -0.111725 -0.406554 -0.347881 -0.844804 0.763490 0.378496 -0.523282
-3.302541 -111.887625 -126.346463 -4726.877580 -0.500094 0.859932 -0.102090 -0.332955 -0.299768 -0.894025 0.799404 0.413105 -0.436231
-4.124994 -121.676590 -417.753196 -14361.612394 -0.496712 0.856512 -0.140229 -0.364398 -0.352446 -0.861972 0.787713 0.377053 -0.487176
-12.206369 -115.506818 848.029953 2380.227836 -0.731944 -0.240720 0.637425 -0.432273 0.887194 -0.161327 -0.526686 -0.393624 -0.753434
-14.146935 -121.568042 -773.236767 -748.208513 0.724448 0.254972 -0.640440 -0.552640 0.770152 -0.318519 -0.412023 -0.584684 -0.698843
-11.928028 -111.260571 2131.232798 -1434.286300 -0.730102 -0.187261 0.657180 -0.445572 0.859610 -0.250072 -0.518090 -0.475399 -0.711041
23.316750 -185.037471 -12158.980469 31530.549811 -0.690763 0.715895 -0.101693 0.716985 0.696356 0.031967 -0.093699 0.050830 0.994302
8.201355 -185.245700 9058.900089 31511.629426 0.672566 -0.734704 0.088685 0.738327 0.674318 -0.012972 -0.050271 0.074203 0.995975
13.174339 -227.774857 -9890.931743 31994.199171 -0.673219 0.733984 -0.089688 0.695053 0.669524 0.261989 -0.252344 -0.114038 0.960894
20.744920 -223.653385 -8122.775968 30605.156532 -0.676958 0.726663 -0.117000 0.673377 0.675640 0.300124 -0.297139 -0.124386 0.946698
-2.174088 -246.579462 -5651.950755 16552.354033 -0.654848 0.749660 -0.095830 0.620466 0.605676 0.498176 -0.431504 -0.266771 0.861764
11.631931 -247.288038 -8446.654838 18388.878970 -0.671337 0.734202 -0.101260 0.584579 0.608535 0.536612 -0.455602 -0.301053 0.837731
5.247193 -102.988468 1695.225593 -11309.162829 -0.461596 0.880486 -0.108045 -0.225690 0.001226 0.974198 -0.857901 -0.474070 -0.198151
0.109129 -95.681103 378.171951 -4556.267310 -0.455654 0.879263 -0.138840 -0.323406 -0.018204 0.946085 -0.829330 -0.475989 -0.292653
2.370516 -107.425746 679.171055 -9128.322151 -0.452520 0.878967 -0.150475 -0.222982 0.051851 0.973443 -0.863426 -0.474055 -0.172530
26.871647 -58.730929 -20047.187544 -315.737656 -0.585225 0.810742 -0.014470 -0.142055 -0.084939 0.986208 -0.798331 -0.579208 -0.164879
15.091433 -63.876752 -13723.856900 -2506.257951 -0.565315 0.819448 -0.094472 -0.112879 0.036601 0.992934 -0.817115 -0.571984 -0.071808
10.450952 -64.081686 -16513.111496 -83.536530 -0.598615 0.795712 -0.092211 -0.184352 -0.024825 0.982547 -0.779535 -0.605167 -0.161551
34.190364 -58.116259 -11948.652793 -3888.845821 -0.542798 0.839326 -0.030043 -0.100689 -0.029519 0.994480 -0.833806 -0.542826 -0.100534
20.439595 -63.041899 -18261.474285 354.662148 -0.614209 0.789114 -0.006837 -0.209647 -0.154815 0.965443 -0.760786 -0.594417 -0.260524
42.945816 -54.403397 -13660.669726 -1973.163255 -0.549012 0.835063 0.035434 -0.124983 -0.123941 0.984387 -0.826417 -0.536012 -0.172414
35.678922 -58.645509 -20102.671688 1384.552056 -0.593790 0.802600 0.056984 -0.169930 -0.194313 0.966109 -0.786472 -0.563982 -0.251767
24.333565 -134.072996 14029.344082 -19770.445597 0.724806 -0.664832 0.180707 0.534326 0.376874 -0.756612 -0.434916 -0.644954 -0.628397
29.399899 -108.905098 16819.969036 -37683.238877 0.714348 -0.661519 0.228252 0.462919 0.202098 -0.863054 -0.524797 -0.722183 -0.450598
6.266233 -129.391853 5746.762460 -19137.817991 0.724197 -0.666388 0.177388 0.517040 0.354502 -0.779100 -0.456298 -0.655939 -0.601279
-65.593619 -404.107906 3355.581141 185660.705467 -0.067466 0.997439 -0.023747 -0.755882 -0.066634 -0.651309 0.651223 0.025991 -0.758441
-60.871311 -546.161234 3737.565461 182900.644850 -0.051914 0.998619 -0.008092 -0.445789 -0.030424 -0.894621 0.893631 0.042836 -0.446753
-65.551672 -398.641936 5530.893179 136855.293103 -0.001083 0.999767 -0.021536 -0.619494 -0.017576 -0.784804 0.785000 -0.012491 -0.619369
-55.672761 -353.207562 2050.021797 112682.188480 0.087087 0.995330 -0.041654 -0.633156 0.023020 -0.773682 0.769109 -0.093751 -0.632204
-51.956152 -246.177064 -2565.736426 95549.928621 0.104848 0.994411 0.012412 -0.800843 0.091825 -0.591792 0.589624 -0.052108 -0.805995
21.207411 -402.725014 -12937.254754 -30070.182892 0.205473 -0.876555 0.435237 0.951367 0.074601 -0.298890 0.229525 0.475485 0.849254
3.463370 -410.105447 -13917.480635 -60314.103179 0.259555 -0.872186 0.414635 0.957089 0.175015 -0.230977 0.128888 0.456794 0.880186
34.881963 -395.559012 12193.982350 -1054.639250 -0.277652 0.874572 -0.397534 0.823846 0.003910 -0.566801 0.494154 0.484879 0.721598
2.943176 -436.750450 -10953.702229 -36946.894292 0.364541 -0.851895 0.376013 0.912703 0.246822 -0.325658 0.184618 0.461903 0.867503
33.173553 -419.408748 10148.148567 67663.840362 -0.366155 0.868041 -0.335313 0.717857 0.034200 -0.695350 0.592125 0.495313 0.635652
14.019925 -27.310977 -8286.887417 -4438.125590 0.838837 0.179374 -0.513983 0.514350 0.048123 0.856229 -0.178319 0.982603 0.051894
0.888038 -27.696134 -6681.929274 -4694.347509 0.854607 0.182068 -0.486311 0.488909 0.033445 0.871693 -0.174972 0.982717 0.060432
9.248886 -21.317484 -7874.196321 -2187.115236 0.809477 0.182657 -0.558017 0.551203 0.091033 0.829390 -0.202292 0.978953 0.026992
22.754049 -20.744921 -6572.872164 -2113.556641 0.819561 0.148531 -0.553406 0.545385 0.093965 0.832902 -0.175713 0.984433 0.003997
15.732666 -19.388703 -7767.475335 232.416837 0.798899 0.172666 -0.576148 0.561662 0.128508 0.817326 -0.215164 0.976561 -0.005685
1.711491 -19.400684 -6964.522951 360.532023 0.767285 0.178917 -0.615843 0.601449 0.132504 0.787847 -0.222561 0.974901 0.005941
-6.401718 -46.728528 937.193278 -1343.165022 -0.620885 0.095209 0.778098 0.421364 0.877541 0.228852 -0.661024 0.469954 -0.584970
3.468790 -50.176721 2550.064182 -2847.366156 -0.587280 0.166295 0.792116 0.515940 0.830971 0.208069 -0.623625 0.530879 -0.573811
-7.066044 -50.309688 2084.815086 -923.720010 -0.668105 -0.022027 0.743741 0.350354 0.872507 0.340565 -0.656421 0.488105 -0.575209
-12.432276 -46.337555 242.640483 569.046432 -0.663507 -0.015996 0.747999 0.297224 0.911857 0.283150 -0.686597 0.410195 -0.600270
-12.962646 -49.484503 285.392320 598.512147 -0.706501 -0.139818 0.693763 0.167352 0.919482 0.355733 -0.687641 0.367428 -0.626216
-2051.929851 -3429.075329 1594462.279209 3584584.823436 -0.657685 0.555990 -0.508258 0.190906 -0.529668 -0.826442 0.728701 0.640568 -0.242213
-2612.506159 -2830.153329 -1354989.487224 2352564.869500 -0.111561 0.965668 0.234605 -0.364951 0.179771 -0.913506 0.924318 0.187532 -0.332366
-1673.660495 -7508.387379 879486.978896 -6532071.647549 -0.766966 0.555204 -0.321732 0.191332 0.676443 0.711208 0.612499 0.483915 -0.625037
-1589.781253 -3454.490547 -1045828.372577 -3242784.756652 0.926643 -0.352150 0.131621 0.002782 0.356524 0.934282 0.375933 0.865379 -0.331350
-1925.804236 -3733.194624 -945535.105591 2588667.188396 0.753419 -0.440007 0.488625 -0.553577 -0.023432 0.832468 0.354842 0.897689 0.261231
-37.028318 -494.873919 -176.202060 98310.365164 0.994275 0.009290 0.106445 0.075172 0.647156 -0.758642 0.075934 -0.762301 -0.642753
-30.981978 -747.007792 9281.755832 253510.571611 0.975814 0.074443 0.205536 0.076968 0.763019 -0.641777 0.204603 -0.642075 -0.738835
-43.230004 -661.196827 -1689.322439 32431.046578 0.996250 -0.002852 0.086472 0.083059 0.311343 -0.946661 0.024223 -0.950293 -0.310412
-45.266083 -61.041366 -1190.726637 1471.335952 -0.586034 -0.280243 -0.760281 0.642079 -0.732953 -0.224753 -0.494266 -0.619874 0.609474
-49.011129 -65.714346 1684.565572 -3918.579307 0.549633 0.195119 0.812300 -0.547185 0.818819 0.173561 -0.631262 -0.539873 0.556816
-50.816659 -61.403170 -2227.897942 1553.184193 -0.561938 -0.141133 -0.815050 0.592371 -0.756389 -0.277437 -0.577340 -0.638715 0.508647
10.499675 -25.663846 -2491.158830 1830.672600 0.528016 -0.047139 -0.847925 0.695983 0.596156 0.400257 0.486628 -0.801484 0.347588
6.470744 -21.545272 -3238.235552 1394.855603 0.589460 -0.001887 -0.807795 0.621547 0.639783 0.452058 0.515961 -0.768553 0.378300
11.820229 -27.500998 -1933.836855 2247.763297 0.570158 0.027842 -0.821063 0.640171 0.611311 0.465274 0.514879 -0.790901 0.330720
14.578990 -32.779395 -132.321904 2476.701013 0.510546 -0.000806 -0.859850 0.714118 0.557395 0.423493 0.478935 -0.830247 0.285151
13.551677 -35.005845 1235.545690 2921.484785 0.528221 0.062051 -0.846837 0.675280 0.573919 0.463264 0.514761 -0.816558 0.261254
12.412100 -242.710554 -2453.522042 85344.930328 0.870091 0.241238 0.429821 -0.453439 0.733621 0.506156 0.193221 0.635299 -0.747703
8.774532 -274.015295 -2382.276545 14247.823143 0.880240 0.219069 0.420935 -0.343978 0.905639 0.247986 0.326889 0.363080 -0.872535
21.620854 -251.667650 -2893.390100 108577.960310 0.872532 0.214738 0.438834 -0.447468 0.711811 0.541385 0.196111 0.668740 -0.717166
25.126755 -187.695800 -3626.890559 85749.711600 0.872756 0.233303 0.428797 -0.479588 0.573654 0.664016 0.091065 0.785169 -0.612549
12.799596 -210.356817 -2842.650164 87037.448972 0.869429 0.259865 0.420194 -0.484762 0.612909 0.623978 0.095391 0.746199 -0.658854
42.786355 -48.246582 -5542.966994 -554.373431 -0.322111 0.034456 0.946075 -0.480219 0.855278 -0.194650 -0.815864 -0.517022 -0.258948
35.378468 -49.207295 -8005.756870 -766.021411 -0.392742 0.003308 0.919643 -0.482843 0.850336 -0.209261 -0.782698 -0.526229 -0.332366
41.844857 -48.957644 -5008.922905 197.077732 -0.328231 0.016998 0.944444 -0.397795 0.904368 -0.154526 -0.856752 -0.426415 -0.290080
-1.227021 -74.399173 -1464.635301 578.206206 -0.643471 -0.097481 0.759238 -0.183862 0.982504 -0.029680 -0.743061 -0.158693 -0.650136
2.686366 -73.148304 -2029.783615 1173.434201 -0.649044 -0.075302 0.757015 -0.044436 0.997143 0.061090 -0.759452 0.006011 -0.650535
2.768225 -77.084850 -2097.692380 -233.581716 -0.647337 -0.108373 0.754460 -0.201141 0.979041 -0.031949 -0.735185 -0.172435 -0.655568
-8.130790 -83.148416 1227.610891 374.889019 -0.125397 -0.332566 0.934706 0.716306 0.621508 0.317228 -0.686427 0.709315 0.160283
4.016477 -78.458488 3651.264446 632.113714 -0.047499 -0.318460 0.946745 0.753224 0.611095 0.243346 -0.656047 0.724670 0.210845
-5.345421 -86.913373 1621.312470 -2456.295516 -0.103926 -0.324507 0.940157 0.820806 0.505843 0.265331 -0.561673 0.799261 0.213786
-12.178818 -85.063779 674.994462 -963.363387 -0.174126 -0.318612 0.931755 0.735422 0.587167 0.338216 -0.654855 0.744125 0.132073
-13.089438 -83.073726 618.694412 -219.804394 -0.177968 -0.320587 0.930350 0.610653 0.705399 0.359884 -0.771642 0.632168 0.070229
-9.708645 -103.337873 -2057.543495 5565.987349 0.332988 0.078205 -0.939682 0.022435 0.995615 0.090811 0.942664 -0.051321 0.329773
-8.752509 -107.145002 -2398.688373 1525.604413 0.356873 0.124489 -0.925821 0.254186 0.940744 0.224476 0.898905 -0.315440 0.304083
-15.398891 -116.261779 -2691.601147 3840.936052 0.326375 0.110705 -0.938735 0.207889 0.960395 0.185537 0.922096 -0.255707 0.290435
-17.568776 -63.778020 3090.707741 3909.925043 0.918829 0.161040 0.360304 0.290859 0.340746 -0.894032 0.266747 -0.926260 -0.266248
-17.866829 -68.335511 4295.499359 3234.345834 0.920492 0.191913 0.340388 0.298727 0.215952 -0.929584 0.251906 -0.957358 -0.141453
-20.857417 -65.344924 2320.946601 3401.276367 0.913031 0.135744 0.384639 0.337930 0.276352 -0.899685 0.228423 -0.951422 -0.206446
-9.008770 -127.942555 1710.670922 4072.180634 0.950834 0.204503 0.232581 0.308241 -0.697754 -0.646627 -0.030046 -0.686526 0.726484
-15.113554 -128.506904 2731.597341 5297.151946 0.958048 0.170853 0.230114 0.281778 -0.708248 -0.647291 -0.052386 -0.684977 0.726679
-12.483203 -119.444794 2142.886078 6795.488421 0.952188 0.195868 0.234464 0.304575 -0.548514 -0.778696 0.023915 -0.812877 0.581945
-6.167523 -119.713484 1877.297555 6230.189418 0.945963 0.222077 0.236295 0.320724 -0.533235 -0.782813 0.047844 -0.816298 0.575646
-9.895021 -110.112687 1500.997630 8658.101413 0.945154 0.214340 0.246458 0.312288 -0.371914 -0.874161 0.095707 -0.903182 0.418452
-16.048471 -108.146849 3949.737339 8416.108021 0.950662 0.202164 0.235312 0.299348 -0.398653 -0.866872 0.081443 -0.894542 0.439501
-7.424127 -200.073627 1069.353522 -6143.145028 -0.857810 -0.029650 -0.513110 -0.102808 0.988057 0.114779 0.503579 0.151210 -0.850614
-6.870930 -196.616745 1409.759943 -4730.600238 -0.875393 -0.021558 -0.482932 -0.112643 0.980602 0.160410 0.470106 0.194821 -0.860840
-6.333627 -208.084377 1012.955068 2281.639180 -0.861369 -0.008233 -0.507912 -0.197797 0.926392 0.320428 0.467888 0.376470 -0.799594
-7.707382 -214.496988 274.154719 5298.975273 -0.853592 -0.018058 -0.520629 -0.193525 0.938871 0.284727 0.483662 0.343796 -0.804907
-5.826016 -209.628730 -235.726969 7033.258401 0.858992 -0.002141 0.511984 -0.280617 0.834442 0.474300 0.428237 0.551091 -0.716179
-4.609693 -211.719948 -1082.529659 7710.596225 0.867229 -0.008694 0.497834 -0.281922 0.815561 0.505352 0.410408 0.578606 -0.704827
-0.545821 -111.831344 951.009969 7118.601260 0.809964 0.172060 0.560673 -0.528328 0.629099 0.570178 0.254615 0.758043 -0.600451
-1.876848 -105.626663 1004.814855 -771.183554 0.818153 0.162202 0.551648 -0.543750 0.530221 0.650539 0.186977 0.832200 -0.522000
1.541016 -110.755891 1306.742709 2633.144606 0.831828 0.151397 0.533987 -0.519617 0.550585 0.653341 0.195091 0.820936 -0.536660
-14.999340 -48.659457 -5417.174943 -470.652633 0.737781 -0.325768 0.591231 0.626793 0.005427 -0.779167 -0.250619 -0.945434 -0.208193
-11.232822 -47.641843 -3098.151629 1258.509764 0.799556 -0.331793 0.500624 0.515492 -0.048603 -0.855515 -0.308186 -0.942099 -0.132176
-8.440843 -44.637198 -4601.629974 -62.846238 0.771944 -0.335758 0.539786 0.572083 -0.003309 -0.820189 -0.277171 -0.941943 -0.189527
-6.998382 -43.686474 -4662.330156 -437.313055 0.719861 -0.340359 0.604943 0.649636 0.023388 -0.759885 -0.244486 -0.940005 -0.237946
-51.488210 -1199.982946 51765.886000 623550.879431 0.460765 0.885843 -0.054577 0.840322 -0.455222 -0.294333 0.285577 -0.089756 0.954143
242.785908 -4072.781895 -93148.937366 968362.113834 0.376548 0.893436 0.244915 0.657628 -0.071587 -0.749933 0.652485 -0.443450 0.614505
103.022690 -1908.704056 61868.362813 1220558.091021 -0.512894 -0.846070 -0.145280 0.855845 -0.517139 -0.009786 -0.066851 -0.129357 0.989342
-181.443543 -4052.141103 47809.565159 2740152.494042 0.692994 0.711468 0.116499 0.677260 -0.697842 0.233099 -0.247140 0.082636 0.965450
-170.465658 -1874.541127 50938.878067 -1170957.801400 0.738497 0.667034 0.098432 -0.633014 0.736170 -0.239470 -0.232197 0.114539 0.965901
-2313.882787 -13023.494469 -776304.260401 -5470491.117994 0.978969 0.203969 -0.004001 0.203996 -0.978935 0.008487 0.002186 0.009124 0.999956
-6003.978016 -21895.872418 6810467.364431 -7944737.825119 0.298173 -0.493083 -0.817289 0.913704 0.395131 0.094960 0.276113 -0.775074 0.568349
3218.962839 -53883.563914 946420.256598 254997158.061507 0.921402 0.368569 -0.123190 0.383757 -0.813018 0.437872 -0.061230 0.450731 0.890557
-29.155260 -43.007297 -2953.714769 836.759282 0.611606 -0.699437 -0.369765 -0.373719 0.156532 -0.914238 -0.697332 -0.697342 0.165657
-28.389655 -45.784283 -954.303726 2793.274060 0.738353 -0.665441 -0.109651 -0.238694 -0.105783 -0.965316 -0.630761 -0.738917 0.236942
-21.569210 -46.995525 4974.797874 -2372.337156 -0.579052 0.723475 0.375875 0.439356 -0.111455 0.891372 -0.686779 -0.681294 0.253325
-20.391507 -45.442790 6179.273915 -27.406672 -0.455974 0.685899 0.567124 0.464047 -0.360521 0.809126 -0.759439 -0.632113 0.153901
-15.414614 -46.850092 6097.097050 -128.384342 -0.434248 0.704152 0.561782 0.492399 -0.336677 0.802616 -0.754302 -0.625155 0.200523
-12.163376 -50.650289 6136.762901 -3372.327072 -0.533280 0.734362 0.419911 0.491475 -0.135054 0.860356 -0.688523 -0.665187 0.288899
-13.941310 -64.435246 -4722.627563 8340.364656 0.653709 -0.720884 -0.230195 -0.425759 -0.098880 -0.899418 -0.625614 -0.685966 0.371562
-15.700982 -54.068927 671.091252 29.353091 0.029384 0.310942 -0.949975 0.811728 -0.562018 -0.158850 -0.583296 -0.766453 -0.268915
-15.657937 -56.089024 404.166761 989.676470 0.065799 0.311793 -0.947869 0.748096 -0.644033 -0.159918 -0.660320 -0.698575 -0.275628
-14.610883 -54.092343 -273.202263 331.231370 0.068193 0.318108 -0.945599 0.818306 -0.560031 -0.129387 -0.570723 -0.764966 -0.298500
-12.763830 -51.447298 409.085113 839.168210 0.056637 0.299355 -0.952459 0.877018 -0.470804 -0.095821 -0.477107 -0.829898 -0.289204
-6.427836 -25.724017 2821.190237 2239.891936 -0.058918 0.084202 0.994705 -0.005592 0.996393 -0.084677 -0.998247 -0.010551 -0.058234
-1.089290 -25.692199 2782.923315 1887.628357 -0.053737 0.168353 0.984261 -0.016009 0.985413 -0.169424 -0.998427 -0.024862 -0.050258
-3.367630 -20.658015 1307.740847 1473.656644 -0.068121 0.170928 0.982926 0.042840 0.984807 -0.168286 -0.996757 0.030645 -0.074409
-4.232056 -30.114813 5068.473595 2253.030202 -0.045205 0.177602 0.983064 -0.065134 0.981452 -0.180306 -0.996852 -0.072181 -0.032799
-8.094588 -22.270247 1256.167864 2322.009397 -0.084824 0.021755 0.996158 0.047956 0.998692 -0.017727 -0.995241 0.046268 -0.085756
-10.368552 -27.179049 1001.082313 3129.327811 -0.080508 -0.079869 0.993549 -0.010833 0.996796 0.079252 -0.996695 -0.004382 -0.081115
-10.203010 -29.395273 3081.968111 2210.183663 -0.055320 0.054250 0.996994 -0.065165 0.996198 -0.057823 -0.996340 -0.068168 -0.051575
-2877.904216 -17080.461807 -1056853.201290 7415612.225516 -0.518679 0.027852 -0.854515 0.628618 0.689857 -0.359078 0.579492 -0.723410 -0.375322
-1511.845660 -2766.030467 113895.911460 1612660.486963 0.722213 0.474202 -0.503529 -0.408667 -0.294785 -0.863767 0.558032 -0.829599 0.019107
-2174.372384 -8295.340593 -1283115.658580 -9022699.952973 0.972973 0.145706 0.179144 0.192277 -0.081588 -0.977943 0.127876 -0.985958 0.107399
-3486.426736 -4473.739969 -24639.343247 2907761.254457 0.865413 0.500870 0.013803 -0.415550 0.732841 -0.538760 0.279964 -0.460514 -0.842346
-1179.371618 -1954.323097 639152.970164 1645896.120878 -0.848323 -0.129224 -0.513468 0.094993 0.916880 -0.387694 0.520888 -0.377666 -0.765535
-957.794631 -1607.889506 -512602.435672 83464.768229 0.851200 0.010801 0.524730 0.462259 0.458032 -0.759291 0.248544 -0.888870 -0.384884
789.256226 -3475.142041 1189393.525729 -1571768.114940 -0.582182 0.788472 0.198434 0.444211 0.512869 -0.734603 0.680985 0.339526 0.648831
399.491535 -320.063201 232527.555734 -17078.907634 0.145035 -0.673703 -0.724630 0.873046 0.431754 -0.226670 0.465570 -0.599760 0.650793
-23.264750 -1061.728427 30188.118639 633456.664590 0.718517 -0.512220 -0.470493 0.505963 0.849106 -0.151726 0.477215 -0.129035 0.869261
-13.743887 -350.951545 4128.243128 -120118.912786 0.854271 -0.494730 -0.159569 -0.396748 -0.422190 -0.815075 -0.335874 -0.759604 0.556948
-7.270986 -250.079085 -646.621438 -75163.959408 0.800755 -0.553112 -0.229908 -0.464705 -0.331473 -0.821082 -0.377942 -0.764325 0.522463
-31.066023 -1423.750462 28113.523498 -543943.763544 0.882293 -0.459252 0.103182 -0.075367 -0.354214 -0.932122 -0.464628 -0.814628 0.347133
-39.614161 -1905.166658 28885.929870 -735240.609378 0.822223 -0.491364 0.287247 0.182123 -0.251015 -0.950696 -0.539241 -0.833998 0.116901
-48.165276 -2726.270225 -13136.676151 -1395398.432877 0.831154 -0.552946 -0.058603 -0.037724 0.049077 -0.998082 -0.554761 -0.831771 -0.019931
-55.775506 -83.861390 578.241800 -6841.953515 -0.322868 -0.382921 0.865522 0.877814 -0.463049 0.122593 0.353836 0.799348 0.485637
-47.603647 -77.438322 -1376.308932 -5881.602789 -0.582093 -0.308571 0.752297 0.762839 -0.527542 0.373867 0.281504 0.791507 0.542469
63.953656 -94.104898 -11934.464932 -3788.738572 -0.105577 -0.039755 0.993616 0.772956 0.625346 0.107151 -0.625613 0.779334 -0.035293
58.480804 -83.256266 -7636.238289 1981.757642 -0.180251 -0.058497 0.981880 0.649592 0.742497 0.163486 -0.738606 0.667290 -0.095836
62.591401 -93.908816 -4556.048560 6258.876917 -0.216362 -0.142540 0.965852 0.512910 0.825171 0.236676 -0.830729 0.546603 -0.105425
-60.908997 -73.131664 78.249015 2871.097403 0.225226 -0.242387 0.943674 -0.078717 0.960867 0.265591 -0.971121 -0.134101 0.197333
11.587880 -74.059042 1693.866372 13299.093463 0.950833 -0.208393 -0.229103 0.010353 -0.717951 0.696017 0.309530 0.664168 0.680494
8.277898 -57.838387 5318.548979 13172.712660 0.930876 -0.258675 -0.257986 -0.048158 -0.786883 0.615220 0.362147 0.560270 0.744948
9.469044 -45.900352 4973.907918 10012.654195 0.934684 -0.268025 -0.233511 -0.089918 -0.813792 0.574157 0.343918 0.515659 0.784739
131.888185 -124.253930 -14979.246760 -32360.327447 -0.760970 0.638503 0.115058 0.634253 0.769458 -0.075217 -0.136559 0.015738 -0.990507
144.531181 -140.341765 -15338.783134 -36523.882970 -0.778555 0.605558 0.164778 0.616401 0.787192 0.019491 -0.117909 0.116744 -0.986138
146.060012 -150.783944 -25536.924455 -32574.205659 0.797841 -0.499092 -0.338167 0.575445 0.797712 0.180330 -0.179758 0.338471 -0.923647
130.529798 -109.511291 11530.853624 -33930.366222 -0.752424 0.598599 0.274839 0.602605 0.794050 -0.079695 -0.265941 0.105655 -0.958182
-13.472284 -52.229251 5172.251621 -1713.547432 0.849443 0.525880 -0.043550 -0.509928 0.839293 0.188574 -0.135719 0.137975 -0.981093
-21.334555 -56.342159 1623.317469 -1195.364101 0.805560 0.591645 -0.032073 -0.535799 0.750495 0.386880 -0.252966 0.294470 -0.921572
-7.299072 -51.780264 8753.729470 -1994.711428 0.919387 0.391366 -0.039500 -0.365961 0.887855 0.278900 -0.144223 0.241961 -0.959507
16.575464 -93.659416 116.424650 5793.860446 0.723313 0.171065 -0.668996 0.384537 0.704916 0.596008 -0.573541 0.688354 -0.444094
15.832808 -88.995671 -228.974518 -5903.278962 -0.735346 -0.196142 0.648687 0.230324 0.827890 0.511419 -0.637352 0.525478 -0.563609
15.175275 -87.529113 1674.879912 3091.494881 0.757011 0.135308 -0.639239 0.365749 0.722941 0.586160 -0.541444 0.677531 -0.497786
15.671768 -86.849899 1707.320793 6438.051895 0.743860 0.114056 -0.658531 0.485812 0.584395 0.649976 -0.458976 0.803414 -0.379299
10.772868 -81.782816 2065.402039 1151.580938 0.780427 0.110895 -0.615334 0.348148 0.740393 0.574988 -0.519352 0.662964 -0.539215
11.378230 -83.586646 2063.563422 4338.636303 0.766918 0.087649 -0.635731 0.465699 0.605578 0.645290 -0.441544 0.790944 -0.423611
1.161923 -144.164349 1158.621065 17509.249840 0.827239 -0.022948 -0.561382 0.519977 0.409767 0.749476 -0.212837 0.911901 -0.350907
43.616213 -2.211736 -3768.752716 -871.304188 -0.457206 0.889220 0.015798 -0.269449 -0.155426 0.950389 -0.847561 -0.430267 -0.310661
41.515272 -5.179600 -3013.142460 1246.381310 -0.451220 0.892257 0.016675 -0.257714 -0.148171 0.954793 -0.854391 -0.426524 -0.296805
38.744900 -4.122513 -7799.593298 -15.542028 -0.507070 0.860280 -0.052896 -0.279955 -0.106347 0.954105 -0.815172 -0.498607 -0.294765
21.359625 -24.026738 -4673.723309 -3330.409487 -0.418642 0.883628 -0.209618 -0.260777 0.104130 0.959767 -0.869905 -0.456462 -0.186837
13.671163 -29.342235 -5261.364491 -6059.853083 -0.412819 0.843411 -0.343857 -0.313205 0.223052 0.923120 -0.855268 -0.488779 -0.172081
18.822553 -28.935020 -618.810144 -3886.862339 -0.396036 0.914848 -0.078796 -0.187107 0.003610 0.982333 -0.898970 -0.403782 -0.169745
18.058971 -21.365719 -4491.588580 -3840.533668 -0.416601 0.851651 -0.318015 -0.330472 0.184010 0.925704 -0.846895 -0.490745 -0.204788
25.047401 -21.023324 18.232648 -3709.049650 -0.386525 0.918768 -0.080397 -0.230726 -0.011929 0.972946 -0.892952 -0.394617 -0.216595
26.057883 -16.329695 -4393.948021 -2364.391924 -0.424265 0.883819 -0.197137 -0.284677 0.076485 0.955567 -0.859627 -0.461534 -0.219152
-2.959103 -103.755006 -1251.038420 -1053.099333 -0.494755 0.853625 -0.162917 -0.048294 -0.214187 -0.975598 0.867689 0.474814 -0.147196
1.555074 -69.499212 -892.965116 -3247.159406 -0.799551 -0.100549 0.592122 0.221179 0.867304 0.445941 -0.558389 0.487517 -0.671214
1.532086 -65.714244 -917.481059 -1799.854559 -0.804277 -0.093964 0.586779 0.140021 0.929653 0.340792 -0.577523 0.356253 -0.734541
-0.874269 -69.000586 -643.484757 -1625.619108 -0.798888 -0.102022 0.592765 0.214287 0.872569 0.438981 -0.562014 0.477718 -0.675223
-9.987536 -124.181968 2496.596876 1680.314588 0.746825 0.318393 -0.583848 -0.533992 0.810377 -0.241124 -0.396365 -0.491848 -0.775229
-10.507233 -128.483513 3067.566366 -518.256841 0.733109 0.356788 -0.579012 -0.631029 0.674386 -0.383413 -0.253680 -0.646457 -0.719542
-15.217556 -120.341396 135.259542 484.519070 0.709129 0.299406 -0.638351 -0.653832 0.618095 -0.436421 -0.263895 -0.726853 -0.634070
16.995978 -143.255416 11967.448645 29815.802138 0.696653 -0.712981 0.079581 0.708379 0.666095 -0.233490 0.113466 0.219035 0.969097
0.442895 -140.115854 6147.757574 27288.765742 0.675756 -0.730129 0.101320 0.724760 0.633041 -0.271996 0.134453 0.257236 0.956949
9.570297 -81.095016 4458.760466 -2031.746812 -0.483311 0.874023 -0.049945 -0.378385 -0.157109 0.912218 -0.789452 -0.459783 -0.406650
3.688123 -86.329056 2961.751988 878.416555 -0.462631 0.882621 -0.083385 -0.392540 -0.119598 0.911926 -0.794912 -0.454617 -0.401794
7.825919 -92.311125 3688.303161 -9326.377850 -0.472152 0.879064 -0.065720 -0.294178 -0.086848 0.951797 -0.830982 -0.468727 -0.299607
8.040037 -31.787291 -6317.988846 12032.979512 0.967365 -0.123874 -0.221043 0.237589 0.140229 0.961191 0.088070 0.982340 -0.165084
10.235030 -17.077061 -7037.541938 8749.294544 0.985254 -0.101097 -0.138038 0.149881 0.120826 0.981293 0.082528 0.987512 -0.134197
8.665585 -30.847794 4874.835606 10094.487447 0.958984 -0.152212 -0.239126 0.263514 0.167865 0.949938 0.104451 0.973988 -0.201090
28.194937 -63.316951 -5547.345758 -6724.526471 -0.508183 0.859052 -0.061486 -0.043972 0.045419 0.998000 -0.860126 -0.509870 -0.014693
31.439287 -66.587379 8492.071894 8479.017438 0.627555 -0.723700 0.287112 0.464184 0.051719 -0.884228 -0.625066 -0.688174 -0.368386
43.163645 -60.278996 10866.195404 -9786.096699 0.630712 -0.730014 0.263214 0.463059 0.081862 -0.882539 -0.622718 -0.678512 -0.389671
39.261128 -62.410600 4710.618773 -28723.343908 -0.540081 0.811170 -0.224312 -0.509289 -0.102813 0.854432 -0.670028 -0.575702 -0.468647
27.307014 -91.720176 1264.649931 -36984.717106 -0.567361 0.794747 -0.215589 -0.431190 -0.063677 0.900011 -0.701553 -0.603591 -0.378815
-47.437416 -924.111168 1995.623862 383151.294816 -0.118721 0.977325 -0.175330 -0.250105 -0.200320 -0.947269 0.960912 0.068610 -0.268216
-68.919760 -1280.485257 -8696.386282 448031.204905 -0.067485 0.976457 -0.204885 0.074572 -0.199843 -0.976986 0.994930 0.081211 0.059329
-57.365633 -658.043338 13366.268818 311524.927499 -0.124470 0.989895 0.067933 -0.556511 -0.012965 -0.830739 0.821464 0.141207 -0.552501
-71.922491 -420.281730 560.867522 191766.986908 -0.072807 0.997107 0.021816 -0.723818 -0.037778 -0.688956 0.686139 0.065952 -0.724475
-19.761612 -987.804300 29468.831951 422431.113975 -0.016097 0.994125 0.107031 -0.889492 0.034653 -0.455635 0.456667 0.102538 -0.883709
40.002078 -16432.688984 54797.360520 10277252.612423 -0.140660 0.989837 -0.020938 -0.427726 -0.079827 -0.900376 0.892897 0.117691 -0.434608
151.414321 -10731.702487 -8660.066759 6709184.612189 -0.160777 0.977722 0.134943 -0.716738 -0.021662 -0.697006 0.678555 0.208781 -0.704254
-55.251457 -3353.465052 2336.247247 2015028.630865 -0.183487 0.977772 -0.101458 -0.135920 -0.127454 -0.982487 0.973580 0.166484 -0.156285
-184.314233 -483.353738 50124.412400 -71836.130023 0.297136 0.813336 0.500195 0.903023 -0.409586 0.129572 0.310259 0.413187 -0.856164
-108.640340 -545.630807 -16473.498111 459035.026425 -0.215331 0.951590 0.219339 -0.848468 -0.071112 -0.524447 0.483461 0.299031 -0.822707
-73.054507 -438.654956 19316.283076 234576.687221 -0.133077 0.983284 0.124267 -0.746814 -0.017055 -0.664814 0.651582 0.181276 -0.736601
119.610238 -229.768390 31732.243903 -46556.465591 -0.595565 0.784571 -0.172483 -0.567258 -0.562782 -0.601244 0.568789 0.260238 -0.780228
78.283988 -280.549812 23551.698853 -31256.870778 -0.646500 0.757118 -0.093866 -0.661835 -0.617784 -0.424638 0.379490 0.212405 -0.900484
136.791156 -287.605546 41071.977370 -77724.113265 -0.604304 0.770299 -0.203611 -0.680098 -0.631827 -0.371835 0.415070 0.086226 -0.905694
-4.772731 -41.195144 -5546.889592 -7230.951443 0.902609 0.177356 -0.392227 0.407511 -0.058511 0.911324 -0.138679 0.982406 0.125087
-11.007443 -26.106234 -4583.223488 -4857.827032 0.892719 0.165310 -0.419195 0.422482 0.016486 0.906221 -0.156718 0.986104 0.055124
1.094157 -46.808127 2221.246176 -2327.585736 -0.555271 0.206923 0.805517 0.514317 0.846576 0.137066 -0.653569 0.490400 -0.576503
13.421696 -50.352739 5823.680600 -3644.276642 -0.507296 0.258685 0.822030 0.590764 0.798867 0.113179 -0.627415 0.543041 -0.558084
21.651704 -54.567061 6950.511431 -3287.757885 -0.526696 0.225801 0.819515 0.620540 0.761025 0.189132 -0.580965 0.608157 -0.540948
-15.425034 -39.729179 487.431136 1348.343980 -0.315519 -0.536918 0.782411 0.847515 -0.530309 -0.022143 0.426808 0.656119 0.622369
-18.316041 -42.670828 -1207.893692 1004.425983 -0.365550 -0.472479 0.801958 0.857288 -0.506482 0.092374 0.362533 0.721277 0.590195
-16.268905 -42.464657 1915.618426 683.540763 -0.358206 -0.515573 0.778379 0.876879 -0.472046 0.090867 0.320582 0.715093 0.621184
-2267.736291 -3879.909351 -715260.371012 3257110.151168 0.027468 0.953903 -0.298854 -0.443393 -0.256321 -0.858896 0.895906 -0.156102 -0.415913
-3327.319114 -14832.510510 -414172.287710 14330587.834363 0.232286 0.679154 -0.696271 -0.179009 -0.673773 -0.716928 0.956033 -0.291171 0.034933
-1527.915756 -3588.346919 -694926.466177 1933488.079171 0.553951 0.824627 0.114579 -0.398008 0.383181 -0.833524 0.731251 -0.416128 -0.540471
-1491.880156 -2416.260163 -711644.978718 -2013183.897312 -0.026186 0.995862 -0.087021 0.515364 -0.061142 -0.854788 0.856571 0.067231 0.511630
-1417.987831 -3004.346150 -957059.519777 -1705085.976393 0.336202 0.933070 0.127861 0.549376 -0.084030 -0.831339 0.764954 -0.349742 0.540857
-1382.786149 -3831.329515 -753451.957452 104238.122363 0.580025 0.769077 0.268501 0.557931 -0.134905 -0.818849 0.593535 -0.624757 0.507340
-1263.980787 -4530.973798 -806059.619839 3408632.471177 0.602670 0.775214 0.189291 0.091486 0.168525 -0.981443 0.792729 -0.608804 -0.030644
-53.622668 -936.189920 -49.145516 -320850.726497 0.982164 -0.047705 0.181873 0.175523 -0.114207 -0.977828 -0.067419 -0.992311 0.103797
-6.852638 -448.366473 -12859.083846 -65945.459258 0.994815 -0.086336 -0.053757 -0.086213 -0.435464 -0.896068 -0.053954 -0.896056 0.440650
-8.172442 -427.971855 -7763.117113 -25225.914832 0.995827 -0.076100 -0.050376 -0.051844 -0.017434 -0.998503 -0.075108 -0.996948 0.021307
-61.939980 -66.615081 895.138363 -3723.284479 0.341711 -0.297820 0.891368 -0.487474 0.754726 0.439042 -0.803494 -0.584545 0.112719
-60.431107 -64.039960 -2350.370980 -3460.706497 -0.038004 -0.067194 0.997016 -0.583401 0.811535 0.032456 -0.811295 -0.580427 -0.070043
-61.138495 -62.835942 1859.552101 -4706.332675 0.474220 -0.425041 0.771009 -0.519121 0.572316 0.634798 -0.711076 -0.701281 0.050756
-59.534910 -64.037815 2027.967691 -1693.084839 0.616504 -0.398307 0.679172 -0.378318 0.606646 0.699183 -0.690506 -0.687992 0.223313
-60.233106 -67.475183 2119.322220 -2777.147555 0.455518 -0.163359 0.875110 -0.451474 0.804834 0.385244 -0.767252 -0.570575 0.292864
-61.651141 -72.132994 985.037815 -1195.652314 0.306645 -0.215872 0.927021 -0.365223 0.872705 0.324034 -0.878966 -0.437933 0.188769
3.511052 -10.378717 -1784.892225 4487.811061 0.806525 0.390986 -0.443450 -0.420360 0.906686 0.034889 0.415711 0.158270 0.895620
5.574850 -1.507988 -2442.545850 2912.721640 0.839959 0.312663 -0.443521 -0.348758 0.937213 0.000201 0.415736 0.154513 0.896264
5.599943 -16.495346 -2134.665426 8767.920168 0.667748 0.612587 -0.422906 -0.609971 0.775930 0.160834 0.426671 0.150564 0.891786
10.293653 -4.735823 -2911.865000 -3124.877701 0.883414 -0.225624 -0.410698 0.138418 0.962987 -0.231295 0.447682 0.147481 0.881947
4.113553 -21.064796 -1923.518904 5429.790437 0.720513 0.540753 -0.434105 -0.533806 0.832100 0.150532 0.442620 0.123268 0.888196
1.323150 -16.552700 -1307.940257 5723.693596 0.807311 0.388654 -0.444069 -0.416188 0.908464 0.038475 0.418374 0.153755 0.895166
4.370736 -9.354432 -3145.500518 1212.242213 0.903508 0.028904 -0.427595 -0.102585 0.983305 -0.150294 0.416112 0.179657 0.891389
5.726572 -270.915388 2212.239613 -47272.705807 -0.890677 -0.203001 -0.406797 -0.196823 0.978753 -0.057478 0.409822 0.028873 -0.911708
2.033107 -250.561568 2642.308935 -29760.620235 -0.884658 -0.233491 -0.403562 -0.256575 0.966519 0.003241 0.389293 0.106411 -0.914947
-1.901312 -228.231985 2977.201934 -15277.062608 -0.884010 -0.249272 -0.395462 -0.291135 0.955449 0.048550 0.365741 0.158052 -0.917198
-4.129018 -221.042893 2223.214976 -27572.337539 -0.885922 -0.229170 -0.403266 -0.180019 0.971148 -0.156411 0.427476 -0.065972 -0.901616
-1.197348 -234.731035 1592.751307 -45241.065754 -0.891980 -0.189588 -0.410400 -0.093575 0.965583 -0.242680 0.442285 -0.178063 -0.879021
3.439843 -40.629221 -842.409135 3359.136849 -0.504926 -0.257710 0.823793 -0.508602 0.859941 -0.042718 -0.697404 -0.440552 -0.565279
5.424207 -46.228578 -1220.826492 2528.318282 -0.494234 -0.287247 0.820501 -0.589269 0.804608 -0.073266 -0.639136 -0.519706 -0.566931
