17680
35349
-35.777690 -57.929504 895.222633 7456.612505 0.598631 0.793661 -0.108362 0.790027 -0.607325 -0.083753 0.132282 0.035471 0.990577
-42.134333 -69.382022 -561.568438 5580.598921 -0.464797 -0.878822 0.107869 0.884982 -0.464927 0.025483 0.027757 0.107306 0.993839
-41.424922 -69.138922 -335.592313 10690.618223 0.210071 0.977437 -0.022086 0.975258 -0.211087 -0.065682 0.068862 0.007742 0.997596
-36.173443 -59.750919 925.990474 -5858.957207 0.722721 0.665736 -0.185660 -0.678212 0.734849 -0.005076 0.133053 0.129585 0.982601
-34.415914 -51.535346 734.631336 7784.593647 0.535339 0.842918 -0.053863 0.824516 -0.535359 -0.183205 0.183263 -0.053665 0.981598
-30.520166 -50.079255 2260.625194 -3584.865562 0.829920 0.524768 -0.189346 -0.520212 0.850547 0.077138 0.201527 0.034482 0.978876
89.500725 -114.917891 -15844.166033 2579.004894 0.660044 -0.743008 0.110818 -0.552266 -0.379923 0.742065 0.509258 0.550997 0.661104
70.797284 -105.499796 -15859.380038 -10239.894352 0.671925 -0.732526 0.109192 -0.379935 -0.214373 0.899830 0.635741 0.646103 0.422355
100.541660 -107.709746 9345.491239 1776.031091 -0.558831 0.829164 0.013959 0.423441 0.299778 -0.854886 0.713025 0.471826 0.518628
-57.198886 -86.364042 3017.285122 5044.951791 -0.328539 0.941723 -0.072255 -0.462745 -0.227183 -0.856887 0.823365 0.248085 -0.510416
-55.932155 -76.901239 83.121304 11517.093712 -0.243050 0.963887 -0.108851 -0.623450 -0.241196 -0.743730 0.743126 0.112900 -0.659558
-51.317679 -76.708299 2488.173610 7290.510715 -0.457329 0.872768 -0.170665 -0.502533 -0.411959 -0.760099 0.733697 0.261851 -0.626995
-49.657253 -60.438384 1793.999855 9860.211449 -0.511693 0.819573 -0.257819 -0.576486 -0.550015 -0.604275 0.637051 0.160574 -0.753911
-52.132479 -84.981724 3610.302240 2457.829800 -0.460810 0.881074 -0.106598 -0.396563 -0.311867 -0.863410 0.793972 0.355595 -0.493113
-47.139123 -78.165073 1757.638489 3867.431197 -0.567927 0.809806 -0.147221 -0.404121 -0.430170 -0.807242 0.717039 0.398959 -0.571565
-46.107103 -68.175046 3118.060476 7519.549374 -0.591240 0.781486 -0.199288 -0.490902 -0.544774 -0.679880 0.639883 0.304141 -0.705725
45.190440 -48.206364 8206.979979 98.283381 -0.201064 0.938391 0.281063 0.883938 0.297460 -0.360792 0.422169 -0.175900 0.889288
44.062504 -43.787825 -1900.323788 559.228826 -0.079251 0.909560 0.407946 0.881340 0.255149 -0.397666 0.465788 -0.328024 0.821853
47.319703 -46.500329 8698.520621 170.613138 -0.167098 0.928867 0.330581 0.919231 0.268012 -0.288418 0.356501 -0.255686 0.898628
37.317642 -47.730535 -8181.373405 -462.110285 0.222663 -0.929638 -0.293588 0.945045 0.279776 -0.169161 0.239397 -0.239788 0.940846
38.486097 -49.379502 7598.793103 -159.635039 -0.243540 0.931456 0.270330 0.908748 0.316541 -0.271992 0.338919 -0.179420 0.923549
31.455418 -63.734162 2291.498636 -2684.032089 -0.173715 -0.738682 -0.651285 0.956994 0.029411 -0.288614 0.232349 -0.673413 0.701804
31.003008 -53.007153 750.091719 -1335.580885 -0.187969 -0.797291 -0.573581 0.937049 0.029406 -0.347957 0.294290 -0.602879 0.741573
25.232521 -65.058629 -95.302414 -1481.142908 -0.053316 -0.739670 -0.670854 0.921925 0.221668 -0.317675 0.383682 -0.635415 0.670102
23.224764 -80.079600 3299.951226 -2994.182864 -0.057555 -0.678471 -0.732369 0.939554 0.211206 -0.269499 0.337528 -0.703612 0.625304
19.888716 -77.197636 527.423171 907.892005 0.062824 -0.661209 -0.747567 0.846357 0.432250 -0.311191 0.528898 -0.613158 0.586774
17.221167 -64.503714 -2364.987088 -1272.155542 0.054597 -0.723871 -0.687771 0.859672 0.384455 -0.336391 0.507921 -0.572892 0.643282
-0.156044 -42.056646 -353.066111 2862.171304 0.675557 0.665186 -0.318041 -0.573943 0.745209 0.339488 0.462830 -0.046806 0.885210
-2.848875 -44.325486 973.594513 -1168.172738 0.657375 0.674973 -0.335068 -0.602111 0.737842 0.305044 0.453123 0.001220 0.891447
-1.427529 -42.207252 1740.118605 2170.945015 0.644133 0.688672 -0.332902 -0.586350 0.724034 0.363274 0.491209 -0.038800 0.870177
1.628388 -55.895796 288.317650 5572.270429 -0.470601 -0.842573 0.261928 0.874642 -0.484607 0.012563 0.116347 0.235006 0.965006
1.805881 -56.083985 -275.775210 8064.845509 -0.466028 -0.844244 0.264706 0.881016 -0.470325 0.051033 0.081413 0.256993 0.962978
0.923604 -57.438891 1054.582102 2305.833309 -0.446588 -0.859373 0.249072 0.894168 -0.418713 0.158565 -0.031976 0.293526 0.955416
1.682564 -57.663783 -1232.778948 1774.984047 -0.458560 -0.843261 0.280416 0.887563 -0.418893 0.191733 -0.044216 0.336808 0.940534
0.136534 -61.002271 61.988569 -4271.399773 -0.445254 -0.855811 0.263319 0.878475 -0.360604 0.313442 -0.173293 0.370880 0.912369
-0.479453 -65.489902 192.638250 -1537.021907 -0.418085 -0.865296 0.276530 0.892428 -0.334391 0.302910 -0.169637 0.373425 0.912018
1.022029 -56.852852 138.309292 4866.768743 -0.429461 -0.861567 0.270676 0.902446 -0.420704 0.092732 0.033979 0.284096 0.958194
-9.965801 -84.446008 684.354814 -2289.314457 -0.035863 0.905448 0.422940 0.459990 0.390671 -0.797361 0.887199 -0.165952 0.430508
-9.393762 -78.066404 341.355872 798.491781 -0.019724 0.902686 0.429848 0.536071 0.372456 -0.757565 0.843942 -0.215487 0.491250
-11.360561 -83.782376 -9.349559 -1444.158741 0.002301 0.906706 0.421756 0.467823 0.371782 -0.801823 0.883819 -0.199153 0.423323
-8.476614 -79.109414 1536.934625 -1427.127292 -0.047701 0.916040 0.398239 0.629477 0.337129 -0.700074 0.775554 -0.217289 0.592708
-6.350196 -86.249131 1948.073188 -4037.596056 -0.070899 0.905659 0.418037 0.442310 0.404181 -0.800625 0.894056 -0.128138 0.429238
-6.890017 -79.900907 2010.502955 -1396.781465 -0.066093 0.912270 0.404222 0.538626 0.373634 -0.755169 0.839949 -0.167813 0.516067
-2.354144 -52.875465 689.036046 78.144910 0.355884 0.812017 -0.462575 -0.475739 0.583462 0.658213 -0.804375 0.014183 -0.593953
-3.491558 -54.067402 725.236825 -1542.071081 0.350438 0.821017 -0.450693 -0.399760 0.566292 0.720767 -0.846986 0.072415 -0.526660
-2.056092 -53.021338 43.857741 -595.565108 0.358219 0.798696 -0.483492 -0.425895 0.600629 0.676653 -0.830839 0.036473 -0.555317
-2.184481 -54.383642 392.019271 -1025.170705 0.330410 0.833855 -0.442170 -0.432499 0.550164 0.714328 -0.838912 0.044783 -0.542422
518.894821 -57.705317 -179366.610257 3353.280660 -0.183580 -0.701302 0.688820 -0.096700 0.710215 0.697312 -0.978237 0.061404 -0.198197
525.169972 -49.401741 -172555.460181 -806.573400 -0.432195 0.667924 -0.605876 -0.036034 0.658538 0.751684 -0.901060 -0.346706 0.260549
745.057839 -62.972742 245945.089011 -3545.638413 0.555304 -0.563425 0.611710 -0.177964 0.637997 0.749192 -0.812383 -0.524892 0.254013
457.958470 -51.034490 -153523.105530 2769.744984 -0.244613 -0.675983 0.695134 0.008797 0.715336 0.698725 -0.969581 0.177033 -0.169034
1358.818479 -117.279816 574566.182171 -23149.100053 0.646454 0.674003 -0.357515 -0.145019 0.568601 0.809730 -0.749044 0.471607 -0.465318
2598.087827 -177.193761 930296.119040 17087.409967 0.608149 0.658606 -0.443163 -0.148428 0.642760 0.751551 -0.779823 0.391277 -0.488649
-3.385178 -43.558656 -285.112628 -2515.048144 0.371706 0.763944 -0.527469 0.115740 0.525611 0.842815 -0.921107 0.374329 -0.106954
-1.120494 -44.529617 634.826471 -2555.026429 0.373413 0.792351 -0.482435 0.083241 0.489335 0.868114 -0.923923 0.364323 -0.116768
-2.959759 -47.300103 202.830901 -2582.743123 0.374291 0.803308 -0.463252 0.197680 0.418961 0.886225 -0.905996 0.423281 0.001984
-6.178725 -46.396243 -1714.395656 -2189.512643 0.363651 0.793305 -0.488287 0.225977 0.433392 0.872414 -0.903710 0.427596 0.021665
-4.969474 -56.658885 -981.103207 -2243.082722 0.371933 0.825977 -0.423590 0.318694 0.314967 0.893997 -0.871837 0.467503 0.146087
-3.213225 -57.932721 801.072953 -2156.812395 0.387992 0.825960 -0.408965 0.301974 0.305311 0.903104 -0.870789 0.473894 0.130961
40.342914 -40.446935 -13617.408434 476.686020 0.039897 0.852236 0.521635 0.856887 0.239344 -0.456573 0.513958 -0.465198 0.720721
41.959805 -41.879157 -17198.848633 -1208.692194 0.116716 0.844390 0.522861 0.816925 0.217773 -0.534049 0.564811 -0.489470 0.664385
17.799352 -38.710408 15224.898710 -804.926080 -0.154793 -0.827902 -0.539090 0.855003 0.161130 -0.492958 0.494984 -0.537229 0.682917
-6.896541 -78.924191 401.148455 -2036.699487 0.113800 0.895653 0.429947 0.761061 0.199587 -0.617213 0.638620 -0.397455 0.658934
-5.754927 -81.078845 -342.402069 2658.727799 0.122421 0.886721 0.445802 0.829955 0.154846 -0.535908 0.544231 -0.435602 0.716982
-5.867059 -82.574882 -1090.233863 -2014.099545 0.158020 0.883375 0.441223 0.757433 0.178236 -0.628114 0.633503 -0.433451 0.640932
-5.015302 -134.841321 169.667687 -2577.823571 0.208702 -0.048789 0.976761 0.804366 0.576653 -0.143063 -0.556273 0.815531 0.159593
-4.367692 -130.812000 -1177.044352 -2529.406730 0.215500 -0.032739 0.975955 0.814148 0.557874 -0.161057 -0.539187 0.829280 0.146876
-3.139757 -139.023066 543.104302 314.296409 0.216338 -0.041133 0.975452 0.926882 0.322552 -0.191965 -0.306737 0.945658 0.107906
-5.076293 -137.286674 1051.090322 -1018.977935 0.204104 -0.054585 0.977426 0.895437 0.413931 -0.163868 -0.395643 0.908670 0.133362
-6.332451 -134.100082 881.466664 -4302.383122 0.209962 -0.046995 0.976580 0.747365 0.651707 -0.129320 -0.630367 0.757013 0.171956
75.257219 -18.303167 41490.654677 -1394.226917 0.695278 -0.704011 -0.144763 -0.567894 -0.414644 -0.711032 -0.440549 -0.576575 0.688097
1209.822626 -65.617055 541299.585084 7373.205823 0.572589 -0.797941 -0.188235 0.659806 0.312227 0.683499 -0.486620 -0.515562 0.705264
528.571751 -18.618070 269644.607313 856.681324 0.566104 -0.787453 -0.243811 0.697375 0.299785 0.650997 -0.439538 -0.538560 0.718860
18.680230 -21.582838 13689.427936 1727.976601 0.808891 -0.582349 0.081023 -0.389120 -0.633537 -0.668742 -0.440773 -0.509412 0.739066
15.733445 -24.782510 12041.303430 3526.489562 0.800199 -0.592580 0.092360 -0.409300 -0.652157 -0.638095 -0.438356 -0.472800 0.764398
508.810995 -35.109237 -204272.999852 -3881.869671 -0.443121 0.858725 0.257361 0.744347 0.192453 0.639461 -0.499591 -0.474924 0.724469
41.258959 -25.288207 22575.336677 2965.651940 0.670799 -0.738973 -0.062822 -0.593419 -0.484000 -0.643115 -0.444839 -0.468681 0.763188
-3.319568 -103.372458 831.806613 7257.840083 -0.128949 -0.062351 -0.989689 0.461262 0.879712 -0.115521 0.877844 -0.471402 -0.084678
-1.686078 -92.046862 1011.545256 3956.071433 -0.117455 -0.029158 -0.992650 0.302436 0.951037 -0.063722 0.945905 -0.307698 -0.102885
-1.940489 -94.826881 844.643190 4470.737546 -0.116473 -0.057018 -0.991556 0.303287 0.948623 -0.090175 0.945754 -0.311229 -0.093196
-4.032719 -107.088649 494.899763 5546.229219 -0.122159 -0.091694 -0.988266 0.486612 0.862302 -0.140157 0.865035 -0.498024 -0.060719
-4.699154 -121.592486 146.814350 10233.889097 -0.126098 -0.097239 -0.987241 0.619553 0.769514 -0.154927 0.774761 -0.631183 -0.036789
11.831794 -325.581328 1501.169487 83478.647727 -0.252759 0.295968 -0.921149 -0.382911 0.843730 0.376163 0.888533 0.447797 -0.099931
5.159909 -373.624328 -1995.288258 105580.869098 -0.217590 0.240476 -0.945953 -0.471957 0.822416 0.317631 0.854349 0.515562 -0.065455
-1.851135 -205.068794 -2336.738839 26510.805595 -0.213717 0.258042 -0.942199 -0.631317 0.699541 0.334785 0.745495 0.666376 0.013402
3.212059 -329.262536 -559.822340 96012.611709 -0.262797 0.305872 -0.915085 -0.562507 0.721997 0.402874 0.783916 0.620615 -0.017683
-67.904950 -5060.111232 21647.347884 2424151.792382 -0.326498 0.345287 -0.879873 -0.570595 0.670128 0.474711 0.753538 0.657043 -0.021776
131.338113 -4244.811628 -251011.323886 15879485.177964 0.547794 -0.281931 0.787678 0.580230 0.806303 -0.114926 -0.602706 0.519990 0.605273
-3569.562636 -26358.976374 -1149292.150890 -29336957.818387 0.338526 -0.429457 0.837238 0.931557 0.027507 -0.362553 0.132671 0.902668 0.409376
-26.936665 -4046.114347 8159.207464 -1501219.928688 -0.431006 0.249294 -0.867229 0.814622 0.520862 -0.255134 0.388103 -0.816429 -0.427575
122.348781 -2775.989419 -10743.494024 1447897.149464 -0.412662 0.322330 -0.851947 -0.213622 0.874965 0.434512 0.885480 0.361302 -0.292208
-8.235049 -3210.467182 31277.631298 -7907986.365713 -0.230888 0.163206 -0.959195 0.638959 0.768897 -0.022977 0.733772 -0.618192 -0.281812
8.788869 -25.537026 3872.360013 2544.427214 -0.642641 0.754502 0.133190 -0.107829 0.083042 -0.990695 0.758541 0.651023 -0.027991
9.465760 -32.248519 3476.050119 2406.492940 -0.646435 0.762566 0.024816 0.031791 0.059419 -0.997727 0.762307 0.644176 0.062653
1.997434 -25.193868 1950.970747 2756.982156 -0.650804 0.758199 0.039838 -0.033945 0.023361 -0.999151 0.758486 0.651604 -0.010534
0.629511 -18.117941 1779.564631 2463.531820 -0.637604 0.753002 0.162634 -0.159985 0.077081 -0.984105 0.753569 0.653488 -0.071321
9.919021 -21.145323 4614.137788 1897.499131 -0.615302 0.732519 0.291236 -0.259402 0.160725 -0.952301 0.744388 0.661500 -0.091123
-18.745657 -45.838939 140.707567 -2197.757163 0.128729 0.715744 -0.686396 -0.034914 -0.688455 -0.724439 0.991065 -0.117221 0.063635
-19.203721 -45.772829 -811.393060 -1811.536617 0.097183 0.716109 -0.691190 -0.074065 -0.687348 -0.722542 0.992507 -0.121412 0.013760
-19.182415 -42.385138 -586.496985 -1567.548387 0.114515 0.759742 -0.640062 0.049372 -0.647857 -0.760161 0.992194 -0.055448 0.111699
-18.158653 -38.535811 -207.600007 -1374.161371 0.113840 0.827803 -0.549347 0.173626 -0.561009 -0.809396 0.978210 0.003239 0.207594
-18.253297 -41.984031 785.794466 -1402.757439 0.143183 0.768871 -0.623167 0.108267 -0.638044 -0.762350 0.983757 -0.041687 0.174600
-19.651535 -45.301264 924.729773 -1698.308741 0.149588 0.730362 -0.666480 0.022508 -0.676405 -0.736186 0.988492 -0.095123 0.117621
0.619511 -43.004029 84.876838 -1995.745281 0.623966 0.720860 -0.301707 0.578154 -0.685594 -0.442378 0.525741 -0.101596 0.844556
0.604478 -45.062418 -1457.740118 1392.010684 0.623978 0.726281 -0.288387 0.527439 -0.663732 -0.530348 0.576593 -0.178819 0.797223
1.521101 -46.687828 -233.154584 2021.669385 0.638558 0.705292 -0.307907 0.478659 -0.677288 -0.558719 0.602601 -0.209392 0.770082
-4.984581 -117.250125 -561.563419 -4423.982736 -0.009116 0.967870 0.251287 -0.707723 -0.183776 0.682168 -0.706431 0.171623 -0.686659
-9.040440 -116.633088 -1923.690692 -3302.723343 -0.012784 0.966172 0.257583 -0.697716 -0.193146 0.689845 -0.716260 0.170901 -0.676583
-7.064353 -108.962545 -2127.995613 -3452.993508 0.008554 0.972871 0.231190 -0.836693 -0.119647 0.534443 -0.547605 0.198007 -0.812971
-3.995748 -112.328541 -1085.776843 -3754.879423 0.004792 0.974230 0.225508 -0.835778 -0.119915 0.535813 -0.549047 0.191042 -0.813665
-161.030094 -4793.738594 37224.215919 1822506.725331 0.649397 0.273484 -0.709570 -0.448648 -0.615611 -0.647872 0.614002 -0.739073 0.277078
-203.710703 -1113.576444 -952.553296 -339410.917780 0.543792 -0.149401 -0.825814 0.827769 0.257486 0.498497 0.138159 -0.954663 0.263688
-121.321696 -2020.248106 86099.169522 1001175.864224 0.370671 0.062006 -0.926692 -0.064738 0.997067 0.040820 0.926505 0.044862 0.373598
-140.644371 -1145.945156 -48589.186127 340153.091499 0.977336 -0.055328 -0.204335 -0.210498 -0.151547 -0.965776 -0.022468 -0.986900 0.159759
45.521833 -69.543307 -1613.432021 267.455840 0.068539 0.843815 -0.532240 0.382177 -0.515005 -0.767275 0.921544 0.150821 0.357785
42.350287 -66.169996 1066.906684 2713.023038 0.006405 0.708319 -0.705863 0.330529 -0.667703 -0.667026 0.943774 0.229036 0.238397
29.080114 -58.833434 1584.968996 4696.629274 0.040401 0.781470 -0.622634 0.239246 -0.612581 -0.753329 0.970118 0.118528 0.211712
2.156552 -61.208614 -1959.130845 3928.661724 0.030262 0.556942 -0.830000 -0.122724 0.826168 0.549896 0.991979 0.085220 0.093352
12.615906 -52.924749 3556.094077 7462.161307 0.066326 0.913623 -0.401117 0.102259 -0.406109 -0.908085 0.992544 -0.019212 0.120361
30.876649 -67.490313 -3319.531015 659.988371 0.132287 0.926156 -0.353179 0.249077 -0.375937 -0.892542 0.959407 -0.030103 0.280416
-18.205565 -51.716434 2757.386113 -10972.514981 0.689183 -0.153464 -0.708150 0.703473 -0.092500 0.704677 -0.173647 -0.983815 0.044208
44.438160 -146.371432 -28051.570789 46068.582958 0.829699 -0.167357 -0.532533 -0.533763 0.041380 -0.844621 -0.163389 -0.985028 0.054996
59.714462 -144.028031 -14583.351103 44796.036764 0.775959 -0.159684 -0.610237 -0.607659 0.070311 -0.791080 -0.169229 -0.984661 0.042476
1.991734 -56.316753 43.507233 5069.260672 -0.442768 -0.855073 0.269829 0.888274 -0.459310 0.002059 0.122175 0.240594 0.962906
2.790565 -50.331672 138.851565 1295.094702 -0.458127 -0.846715 0.270541 0.872543 -0.486465 -0.044952 0.169670 0.215465 0.961658
8.588412 -13.288926 4953.746257 9896.914450 -0.591503 0.792478 0.148673 0.613441 0.322639 0.720829 -0.523273 -0.517574 0.676980
34.586156 -1.474724 9292.415261 5550.062453 0.778962 -0.594423 0.199700 0.298569 0.631628 0.715474 -0.551430 -0.497702 0.669490
31.283737 -2.250585 4686.582698 -5051.078515 0.674947 -0.724739 -0.138562 -0.551086 -0.370251 -0.747809 -0.490664 -0.581091 0.649294
-46.670383 -76.378018 1243.968480 -12696.125873 0.128013 0.688518 -0.713831 -0.533077 0.654710 0.535895 -0.836326 -0.311926 -0.450845
-44.429158 -58.827927 -18748.358020 4575.119753 -0.686199 0.299532 0.662881 -0.170281 0.819820 -0.546718 -0.707203 -0.488033 -0.511555
-55.866884 -84.389809 -960.152515 -16857.203063 -0.301329 -0.321024 0.897855 -0.544380 0.830999 0.114420 -0.782848 -0.454296 -0.425163
6.919366 -37.436001 7510.468397 -7022.234985 0.363847 0.842382 -0.397503 -0.752216 0.517420 0.407980 -0.549351 -0.150566 -0.821915
-5.499744 -26.068984 10394.138144 -12491.297770 0.461291 0.782603 -0.418024 -0.696137 0.611352 0.376354 -0.550095 -0.117394 -0.826809
2.989066 -40.045308 -9548.986216 -793.163598 -0.610882 -0.607724 0.507439 -0.489406 0.793668 0.361348 -0.622338 -0.027602 -0.782261
0.853976 -44.438679 -4242.775505 7750.962829 -0.658038 -0.477540 0.582187 -0.319278 0.877179 0.358633 -0.681944 0.050115 -0.729686
2.619233 -49.274378 3929.420346 1917.913127 -0.468264 -0.699252 0.540162 -0.573912 0.705514 0.415783 -0.671829 -0.115309 -0.731676
24.438809 -95.890676 -2554.870408 -7789.921576 -0.247226 0.859716 0.446953 0.160810 -0.418471 0.893880 -0.955521 -0.292865 0.034794
22.629449 -86.400180 -3547.913304 -5697.161606 -0.201494 0.877271 0.435656 0.037185 -0.437607 0.898397 -0.978784 -0.197221 -0.055553
44.304269 -86.517695 -8884.510601 415.361787 -0.212698 0.890139 0.403004 0.192426 -0.366206 0.910420 -0.957983 -0.271193 0.093395
11.476504 -10.816869 -1818.118689 446.836003 0.446595 0.558751 0.698821 0.090096 0.748982 -0.656436 -0.890189 0.356122 0.284150
7.684142 -13.662695 -3848.461101 -722.200681 0.417288 0.575526 0.703306 0.084241 0.746078 -0.660509 -0.904861 0.334870 0.262847
11.098766 -11.730578 -2971.930184 -67.937602 0.409119 0.466367 0.784298 0.167791 0.806415 -0.567045 -0.896921 0.363587 0.251667
248.020290 -95.012300 -95309.873759 -6542.327449 -0.261929 0.565258 0.782225 0.847948 0.521831 -0.093153 -0.460845 0.638886 -0.615992
75.054584 -93.811343 -13335.940933 -4701.020089 -0.354560 0.520719 0.776620 0.837856 0.545637 0.016670 -0.415073 0.656606 -0.629748
113.938632 -109.633533 -25058.895233 -11521.466549 -0.267716 0.495070 0.826580 0.913668 0.402765 0.054691 -0.305842 0.769861 -0.560156
55.145721 -113.002998 3586.678382 -11376.303051 -0.396307 0.479635 0.782873 0.875043 0.455439 0.163936 -0.277921 0.750017 -0.600195
59.870207 -122.918009 8800.177554 -9382.611384 -0.386722 0.448300 0.805899 0.917598 0.274213 0.287785 -0.091974 0.850784 -0.517404
30.543714 -43.066415 -4464.454304 -265.000835 -0.402804 0.874884 0.268938 -0.591193 -0.024377 -0.806162 0.698742 0.483719 -0.527044
33.422460 -41.218701 530.606868 -764.517554 -0.474877 0.816020 0.329551 -0.608727 -0.034133 -0.792645 0.635565 0.577016 -0.512942
32.184217 -44.071108 -5317.012866 -1661.870935 -0.398331 0.871258 0.286779 -0.657897 -0.053521 -0.751204 0.639143 0.487899 -0.594517
31.342345 -38.679017 1463.816466 212.069716 -0.490952 0.817412 0.301337 -0.544535 -0.017929 -0.838546 0.680035 0.575774 -0.453912
30.641896 -41.408064 -3533.019578 605.149102 -0.427194 0.872195 0.238288 -0.512344 -0.016362 -0.858624 0.744989 0.488884 -0.453854
-3.623069 -61.224911 -433.438351 -3202.863970 -0.429004 0.883048 -0.190216 -0.863655 -0.462679 -0.200070 0.264680 -0.078451 -0.961140
-2.481310 -64.493721 -435.118706 1266.301531 -0.426577 0.882384 -0.198573 -0.837015 -0.468326 -0.282978 0.342692 -0.045496 -0.938346
-2.180451 -62.787954 -296.202026 -3267.762288 -0.444620 0.872634 -0.202046 -0.844239 -0.483635 -0.230993 0.299289 -0.067872 -0.951746
16.191268 -120.054872 1539.012529 -4533.099719 0.699852 -0.678534 -0.223155 0.686661 0.725155 -0.051447 0.196730 -0.117227 0.973424
13.545646 -114.649275 2413.481063 -10226.350852 0.702038 -0.676381 -0.222827 0.710895 0.684112 0.163154 0.042084 -0.272946 0.961108
16.256719 -117.301724 845.720961 4859.136645 0.730320 -0.661067 -0.172115 -0.673624 -0.738782 -0.020780 0.113419 -0.131116 0.984858
14.631259 -118.908327 -903.972085 -11542.981573 0.687474 -0.699537 -0.195005 0.725675 0.672034 0.147532 0.027846 -0.242935 0.969643
-2.121184 -141.535383 -3131.454743 3109.573433 -0.624421 0.770471 -0.128349 0.673843 0.448264 -0.587363 -0.395012 -0.453248 -0.799082
0.048953 -139.015978 -1701.758663 -190.154956 -0.640333 0.762801 -0.090050 -0.560758 -0.384139 0.733476 -0.524905 -0.520165 -0.673723
-0.544942 -132.750967 -718.651703 4559.762615 -0.608807 0.786529 -0.103568 0.696375 0.467301 -0.544693 -0.380020 -0.403735 -0.832216
-1.693282 -158.024604 -1966.074854 1203.373159 -0.644162 0.758919 -0.095379 -0.540423 -0.363327 0.758905 -0.541293 -0.540403 -0.644179
-1.696342 -132.466634 -1037.233034 8836.534496 -0.593448 0.794215 -0.130547 0.773342 0.517697 -0.365967 -0.223073 -0.318140 -0.921426
-2.864262 -157.548897 570.309960 6852.324671 -0.598554 0.794309 -0.103953 0.716483 0.472775 -0.512968 -0.358309 -0.381519 -0.852090
-2.385092 -80.443939 1821.557924 3209.437283 -0.607047 0.792312 0.061119 0.735579 0.589348 -0.334054 0.300696 0.157829 0.940570
-0.195624 -76.773911 1697.998151 707.827592 -0.621232 0.780755 0.067032 0.751962 0.618015 -0.229372 0.220510 0.092087 0.971028
-2.300427 -80.240964 2208.933210 -1065.648870 -0.642948 0.763217 0.064172 0.752791 0.645155 -0.130695 0.141149 0.035722 0.989344
-12.548148 -54.752366 -1024.192376 714.087419 -0.551158 0.569115 -0.610191 0.339197 -0.515321 -0.787013 0.762345 0.640743 -0.090982
-15.234578 -49.668877 -507.589754 -481.543845 -0.556412 0.610374 -0.563781 0.232021 -0.537389 -0.810789 0.797855 0.581942 -0.157390
-13.223177 -55.839893 572.614451 -455.706675 -0.604172 0.626256 -0.492726 0.167588 -0.504649 -0.846903 0.779032 0.594250 -0.199942
-8.334306 -59.248200 3452.725929 235.314705 -0.636534 0.626412 -0.449926 0.080443 -0.526267 -0.846506 0.767042 0.575023 -0.284596
-2.554851 -61.232146 5832.113259 622.315308 -0.649972 0.591359 -0.477316 0.195660 -0.476690 -0.857020 0.734338 0.650431 -0.194130
-5.269973 -58.630583 2936.135970 1188.202712 -0.596045 0.568438 -0.567105 0.328354 -0.471968 -0.818187 0.732744 0.673887 -0.094665
-8.587033 -34.207075 -245.941004 1435.787892 -0.375742 0.924127 -0.069335 -0.810720 -0.291542 0.507678 -0.448945 -0.246967 -0.858753
-5.424945 -31.765397 318.896901 3590.417603 -0.325134 0.939794 -0.105237 -0.786094 -0.206731 0.582511 -0.525685 -0.272120 -0.805982
-7.576460 -31.512310 -3614.654634 3303.786542 -0.385704 0.917905 -0.093184 -0.759340 -0.258451 0.597165 -0.524057 -0.301088 -0.796687
-1.224748 -99.362781 979.727461 7972.718129 -0.228064 0.973238 0.028199 0.187318 0.015438 0.982178 -0.955457 -0.229282 0.185825
-3.038288 -118.623168 1059.186472 14667.831110 -0.223381 0.974365 0.026710 0.047183 -0.016562 0.998749 -0.973589 -0.224362 0.042274
-3.848779 -93.374754 1278.725904 8847.717226 -0.236651 0.971531 0.011106 0.198034 0.037042 0.979495 -0.951199 -0.233998 0.201163
-1.384737 -81.268688 631.629976 3694.735970 -0.254503 0.966712 -0.026384 0.327384 0.111797 0.938254 -0.909971 -0.230150 0.344939
0.230915 -52.068979 -110.575744 499.818543 -0.496869 0.866820 -0.041758 -0.127178 -0.120329 -0.984554 0.858456 0.483884 -0.170028
0.405261 -54.115785 430.745006 136.334673 -0.493099 0.869825 -0.016073 -0.144588 -0.100157 -0.984410 0.857874 0.483087 -0.175153
2.127221 -53.599178 767.576084 -1177.617877 -0.507148 0.858704 -0.073671 -0.189481 -0.194477 -0.962432 0.840772 0.474137 -0.261337
3.138804 -50.694148 183.013949 -1290.761545 -0.500050 0.858127 -0.116484 -0.165106 -0.226512 -0.959913 0.850112 0.460772 -0.254949
6.984067 -14.728985 -2740.241246 2332.352938 -0.342878 0.898244 0.274940 -0.337497 -0.390934 0.856310 -0.876659 -0.200818 -0.437198
10.244162 -16.474238 -2380.942423 2352.398319 -0.303843 0.927593 0.217374 -0.371085 -0.325367 0.869731 -0.877483 -0.183597 -0.443076
10.065549 -13.038634 -1968.760440 262.848953 -0.328742 0.904025 0.273254 -0.333612 -0.381841 0.861917 -0.883534 -0.192188 -0.427120
4.998388 -12.900704 -2271.450691 1230.830166 -0.372918 0.865359 0.334792 -0.306957 -0.455563 0.835608 -0.875619 -0.208847 -0.435515
7.350806 -13.427369 -2255.394832 -1260.069432 -0.366466 0.875292 0.315543 -0.302322 -0.432752 0.849310 -0.879946 -0.215847 -0.423209
11.851950 -15.497740 -210.174699 -1493.681628 -0.309843 0.899221 0.308868 -0.302831 -0.401271 0.864451 -0.901272 -0.174309 -0.396643
10.814730 -14.065616 -1932.213232 -1946.887316 -0.345771 0.888218 0.302507 -0.303335 -0.410893 0.859741 -0.887936 -0.205513 -0.411503
25.993698 -24.500681 -4342.678740 1903.063665 0.318881 0.839749 -0.439473 -0.534728 0.542235 0.648110 -0.782548 -0.028329 -0.621946
17.872004 -36.051143 -6182.913510 9037.378887 0.148735 0.934337 -0.323872 -0.611023 0.344346 0.712795 -0.777514 -0.091876 -0.622117
23.441954 -26.877994 -3464.822108 5497.474131 0.258743 0.913116 -0.315074 -0.623020 0.407025 0.667964 -0.738172 -0.023466 -0.674205
10.478946 -123.343651 -4126.777917 -17609.524678 -0.057326 0.987161 -0.149087 -0.959054 -0.095939 -0.266479 0.277361 -0.127706 -0.952241
5.623688 -109.118372 -5497.033178 -16260.609826 0.009398 0.984579 -0.174685 -0.925987 -0.057370 -0.373172 0.377440 -0.165263 -0.911168
13.907391 -110.369426 -3248.987981 -8629.364501 -0.031107 0.991157 -0.128998 -0.884990 -0.087298 -0.457352 0.464569 -0.099935 -0.879880
2.723893 -256.813167 -1882.102764 -60695.787265 -0.016142 0.999802 -0.011618 0.905396 0.019547 0.424117 -0.424261 0.003673 0.905533
-1.498332 -313.167990 34.941280 -71394.217121 -0.052575 0.998048 -0.033698 0.958804 0.059884 0.277684 -0.279160 0.017710 0.960081
2.864015 -242.334077 81.976340 -50110.215562 0.004622 0.999902 -0.013215 0.811963 0.003961 0.583696 -0.583691 0.013427 0.811865
16.986506 -15.359224 2832.520142 6902.771915 0.314257 -0.262627 0.912288 0.456303 0.884474 0.097437 -0.832484 0.385659 0.397790
8.618733 -19.691552 4620.143149 3607.753543 0.373284 -0.223774 0.900325 0.384554 0.920494 0.069347 -0.844262 0.320337 0.429659
18.305978 -26.360461 3858.971780 2815.863695 0.332571 -0.248380 0.909783 0.360219 0.925006 0.120858 -0.871573 0.287528 0.397101
-26.160834 -43.223851 -4050.071025 933.861329 0.045810 0.781983 0.621614 -0.406277 0.583064 -0.703545 0.912601 0.220318 -0.344412
-20.116276 -46.397393 -3890.440581 1482.876128 0.125555 0.746725 0.653175 -0.374001 0.645435 -0.665986 0.918890 0.160670 -0.360314
-20.866534 -42.752124 -4490.426399 79.116253 0.068236 0.817322 0.572127 -0.469115 0.532398 -0.704616 0.880497 0.220313 -0.419747
3.998872 -257.706065 -1653.808525 -62423.437392 -0.462701 0.876322 0.134043 0.873345 0.476553 -0.100830 0.152238 -0.070412 0.985832
6.099232 -160.269666 286.933016 -35632.678333 0.416854 -0.901607 -0.115486 0.906654 0.421491 -0.017989 0.064896 -0.097207 0.993146
7.094436 -311.292281 -3644.906545 -99876.910315 -0.443385 0.888916 0.115057 0.872043 0.457482 -0.173928 0.207244 -0.023218 0.978014
-11.197272 -63.732270 3623.257121 -9874.910163 0.501150 0.381947 0.776508 0.813949 0.096629 -0.572844 -0.293830 0.919119 -0.262460
-15.581530 -53.149929 2859.054640 -8321.745923 0.512503 0.414225 0.752169 0.774733 0.154700 -0.613072 -0.370310 0.896931 -0.241630
-8.795484 -48.802418 384.684968 -412.731688 0.494772 0.415205 0.763417 0.793490 0.142373 -0.591696 -0.354365 0.898518 -0.259019
-13.169076 -79.189195 907.611243 -19591.115775 0.767061 0.467864 0.439000 -0.488562 -0.017541 0.872353 -0.415843 0.883627 -0.215126
-7.758943 -66.960149 1849.693116 -9865.402515 0.675922 0.428997 0.599242 -0.653704 -0.026448 0.756288 -0.340294 0.902919 -0.262560
-3.735826 -55.389453 357.760686 -4811.941778 0.453148 0.395176 0.799057 0.840960 0.107837 -0.530242 -0.295707 0.912254 -0.283461
-181.838457 -360.667135 -38551.458426 85665.504827 0.929174 0.349097 0.121521 0.157533 -0.076577 -0.984540 0.334394 -0.933952 0.126148
-263.209292 -343.001451 -70128.762421 19159.402853 0.803053 0.236122 0.547131 0.444038 0.375207 -0.813664 0.397411 -0.896363 -0.196464
-241.306071 -387.191393 -42964.866914 75736.013978 0.785121 0.574067 0.232446 0.209879 0.106495 -0.971910 0.582696 -0.811853 0.036873
-8.415028 -23.356132 -1559.283296 -2862.386681 -0.344848 0.904525 0.250828 -0.320268 -0.364567 0.874368 -0.882331 -0.221192 -0.415410
-3.578295 -16.630793 -1691.762398 -687.842594 -0.432776 0.770625 0.467805 -0.237606 -0.598076 0.765407 -0.869625 -0.220097 -0.441939
-5.032291 -22.385439 -1706.774725 -3032.963993 -0.367030 0.889508 0.272148 -0.297965 -0.389574 0.871464 -0.881196 -0.238763 -0.408028
-1.413691 -19.462990 -1646.242664 -2909.125444 -0.381849 0.871465 0.307798 -0.285998 -0.428104 0.857282 -0.878861 -0.239322 -0.412709
-7.826995 -29.637402 -2074.248376 -4132.632441 -0.325073 0.933377 0.152101 -0.311116 -0.257435 0.914841 -0.893048 -0.250069 -0.374074
-3.176391 -28.330409 -1385.430573 -3958.845707 -0.342411 0.916811 0.205458 -0.282821 -0.309111 0.907999 -0.895973 -0.252802 -0.365136
44.960307 -45.380777 10471.417195 -1632.162303 -0.321626 0.945936 0.041981 -0.101368 0.009683 -0.994802 0.941425 0.324210 -0.092773
51.398935 -47.361252 10302.519766 -2013.299967 -0.334501 0.942356 0.008583 -0.004017 0.007682 -0.999962 0.942387 0.334523 -0.001216
28.204141 -47.676250 6389.292427 -3698.484130 -0.404482 0.907629 -0.112268 0.015948 -0.115740 -0.993152 0.914407 0.403502 -0.032340
-52.303270 -81.708894 -1579.649319 6587.037498 -0.099017 -0.991122 0.088730 0.991388 -0.090577 0.094581 -0.085704 0.097331 0.991555
-47.910649 -77.815012 69.654774 2430.226661 -0.402041 -0.907278 0.123326 0.909855 -0.380776 0.164842 -0.102598 0.178482 0.978580
-41.926149 -70.384967 20.035497 5108.820067 -0.622476 -0.761505 0.180647 0.782461 -0.610455 0.122881 0.016703 0.217840 0.975842
93.400135 -89.712350 -7182.239675 -932.107780 -0.162388 0.948401 0.272333 0.530430 0.316630 -0.786378 0.832030 -0.016756 0.554477
110.812867 -101.888574 1172.457697 -5312.748750 -0.391159 0.909794 0.138814 0.485964 0.332273 -0.808352 0.781558 0.248736 0.572099
116.636130 -90.228059 -349.139168 -3714.500619 -0.163506 0.969295 0.183665 0.362036 0.232135 -0.902797 0.917712 0.081119 0.388875
97.986682 -72.254807 -4428.959637 -6736.567385 0.027096 0.969376 0.244083 0.451512 0.205978 -0.868165 0.891853 -0.133730 0.432104
113.794581 -77.565265 -208.832840 -6323.855494 0.107506 0.979797 0.168645 0.319957 0.126507 -0.938948 0.941313 -0.154901 0.299892
129.698452 -91.362515 2695.048566 -2114.007369 -0.038257 0.986939 0.156483 0.149278 0.160485 -0.975685 0.988055 0.013967 0.153467
-58.240659 -81.876496 -3452.065509 14662.720762 0.051231 0.998443 0.022063 -0.651100 0.050143 -0.757334 0.757261 -0.024433 -0.652655
-52.209129 -58.464764 -3302.832603 8718.016260 0.055371 0.995862 0.072064 -0.733403 0.089542 -0.673871 0.677535 0.015539 -0.735326
52.012842 -43.908111 -2993.674428 122.860605 -0.028291 0.908061 0.417882 0.822752 0.258573 -0.506181 0.567696 -0.329493 0.754424
54.494564 -46.462804 9007.504315 907.168861 -0.154505 0.946179 0.284382 0.830467 0.280301 -0.481410 0.535213 -0.161790 0.829079
37.451993 -50.853284 476.546213 -2088.247353 -0.281009 -0.788234 -0.547468 0.942908 -0.120501 -0.310489 0.178767 -0.603462 0.777094
33.498877 -44.819793 -1716.618617 -954.682998 -0.283587 -0.841384 -0.460055 0.923039 -0.109449 -0.368809 0.259958 -0.529238 0.807669
22.785163 -45.216656 -1812.738459 -350.469864 -0.203939 -0.854578 -0.477604 0.902524 0.024891 -0.429920 0.379289 -0.518726 0.766200
-5.773233 -39.723762 -1149.653368 -645.356218 0.616515 0.737106 -0.276737 0.725783 -0.668297 -0.163151 0.305202 0.100266 0.946994
-4.918770 -41.956374 443.455710 3293.124737 0.633147 0.708892 -0.310801 0.659410 -0.704270 -0.263023 0.405342 0.038413 0.913358
-6.813094 -39.746357 -137.061813 -1415.759828 0.639382 0.704948 -0.306983 0.705287 -0.696720 -0.130963 0.306203 0.132776 0.942661
-3.895739 -42.618945 -899.351434 2208.922671 0.604295 0.747274 -0.276424 0.686227 -0.664429 -0.296018 0.404871 0.010808 0.914310
-7.516297 -41.213836 -840.323684 -3581.466602 0.610689 0.738099 -0.286824 0.764078 -0.644363 -0.031342 0.207952 0.200015 0.957471
-5.224218 -40.421599 -1242.282932 -2454.932471 0.580658 0.770355 -0.263418 0.783929 -0.616364 -0.074501 0.219754 0.163241 0.961801
-3.706506 -41.772737 -1435.863725 36.764311 0.587081 0.766200 -0.261291 0.737435 -0.639326 -0.217834 0.333954 0.064799 0.940359
0.902770 -54.703087 -610.748808 5671.264665 -0.470465 -0.841758 0.264774 0.877933 -0.476721 0.044390 0.088858 0.253338 0.963288
2.380946 -53.017888 22.268380 4591.485625 -0.485689 -0.834202 0.261177 0.862613 -0.505740 -0.011208 0.141438 0.219851 0.965226
0.465994 -56.566005 -2469.563032 -87.480575 -0.442206 -0.833507 0.331240 0.863184 -0.495816 -0.095283 0.243653 0.243786 0.938723
1.480661 -61.892491 -2186.989348 2391.051940 -0.417727 -0.848384 0.325189 0.897060 -0.441909 -0.000560 0.144179 0.291481 0.945649
-1.145815 -62.614866 -2967.758214 1439.455494 -0.418178 -0.848318 0.324784 0.895709 -0.444570 -0.007914 0.151103 0.287602 0.945755
-11.120691 -78.968399 -705.819906 -325.985424 0.032518 0.899478 0.435755 0.556679 0.345799 -0.755335 0.830091 -0.267137 0.489476
-9.584975 -73.549531 342.446431 -2290.115579 -0.013020 0.905499 0.424149 0.662258 0.325620 -0.674824 0.749163 -0.272109 0.603913
-3.423946 -54.003573 -340.802369 -2000.851934 0.348535 0.808049 -0.474953 -0.350325 0.582307 0.733615 -0.869365 0.089302 -0.486034
-4.129989 -55.421231 -321.121961 -1205.194576 0.336431 0.826190 -0.451911 -0.278093 0.545646 0.790528 -0.899710 0.140285 -0.413330
-3.112664 -55.247055 316.784011 -1960.195075 0.332486 0.833295 -0.441670 -0.337809 0.542466 0.769166 -0.880533 0.106537 -0.461856
-30.605007 -55.872683 4505.959331 -695.013955 0.978336 -0.204397 -0.032865 -0.188525 -0.814033 -0.549370 -0.085536 -0.543665 0.834932
-33.247981 -52.221192 2870.620150 -910.380007 0.988894 0.087716 0.119980 0.129261 -0.906020 -0.403012 -0.073354 -0.414045 0.907296
-40.344587 -59.742547 4335.730907 -530.956366 0.977786 0.090323 0.189144 0.161912 -0.898544 -0.407924 -0.133110 -0.429488 0.893209
-40.313597 -64.582594 4929.525838 -238.014333 0.984630 -0.138249 0.106729 -0.054591 -0.824085 -0.563830 -0.165903 -0.549338 0.818965
1385.712168 -104.361507 599902.047065 8986.932480 0.767346 -0.536583 0.351083 0.078090 0.621634 0.779406 -0.636461 -0.570658 0.518910
425.576203 -41.492084 -110924.060881 2965.944425 -0.374366 0.722925 -0.580714 0.111569 0.656822 0.745746 -0.920545 -0.214392 0.326547
1809.442027 -81.930488 807470.309914 6928.097530 0.724756 -0.563605 0.396331 0.102561 0.657061 0.746828 -0.681329 -0.500620 0.534013
-1.527341 -43.855213 540.219614 181.930190 0.368646 0.770767 -0.519633 0.045102 0.543515 0.838187 -0.928475 0.332430 -0.165601
-0.582628 -43.782215 -5.485514 -763.221768 0.358774 0.790005 -0.497165 0.038120 0.519780 0.853449 -0.932646 0.325148 -0.156369
-0.957101 -45.709726 -538.982317 -3276.672761 0.358177 0.805306 -0.472431 0.061838 0.484430 0.872642 -0.931604 0.341775 -0.123713
-4.996741 -90.733284 1037.491627 5889.070794 -0.107814 -0.878686 -0.465067 0.925026 0.082747 -0.370783 0.364285 -0.470175 0.803886
-6.074223 -86.627902 -640.952619 5221.583364 0.108870 0.888643 0.445490 0.877064 0.125062 -0.463808 0.467873 -0.441218 0.765782
-5.235892 -89.740696 804.702812 4528.978014 -0.096147 -0.885676 -0.454240 0.946920 0.059252 -0.315960 0.306753 -0.460508 0.832968
-6.125435 -96.677400 -128.425854 6359.988951 -0.083074 -0.896781 -0.434605 0.961582 0.042368 -0.271227 0.261645 -0.440441 0.858810
152.613607 -46.765423 -54014.380999 -1607.832105 -0.210191 -0.871254 0.443550 0.877045 0.032427 0.479312 -0.431986 0.489761 0.757313
182.654923 -44.235109 -1760.512449 1978.368701 0.090036 0.973080 -0.212154 0.855524 0.033489 0.516679 -0.509874 0.228023 0.829478
310.743473 -50.584929 -113727.368231 4394.255580 -0.293720 -0.761020 0.578426 0.866898 0.042892 0.496636 -0.402760 0.647308 0.647129
170.460148 -51.820903 -71273.683695 4829.478440 -0.415485 -0.661082 0.624774 0.863978 -0.072022 0.498353 -0.284455 0.746849 0.601084
119.246861 -42.116735 -50409.735065 567.300399 -0.360595 -0.754209 0.548763 0.892950 -0.109173 0.436717 -0.269466 0.647496 0.712837
98.124537 -42.738294 -35006.071416 -7504.179924 -0.240973 -0.863189 0.443663 0.912162 -0.045291 0.407318 -0.331499 0.502846 0.798282
99.252918 -42.290681 9728.291536 -7552.710674 0.109262 0.963869 -0.242936 0.902268 0.006383 0.431128 -0.417102 0.266299 0.868971
-3.071803 -115.369216 -1131.850081 1409.044929 0.314310 0.246588 0.916735 -0.124892 0.968023 -0.217564 -0.941069 -0.046110 0.335056
-2.750887 -126.506594 277.081212 8447.493327 0.332956 0.262986 0.905527 -0.285505 0.943360 -0.168995 -0.898681 -0.202265 0.389181
-2.086143 -120.789846 542.944652 1463.174222 0.334293 0.262967 0.905040 -0.163483 0.961908 -0.219105 -0.928182 -0.074714 0.364550
-1.044059 -135.853464 1207.599588 -2037.639570 0.245998 -0.043030 0.968315 0.900833 0.378879 -0.212018 -0.357751 0.924445 0.131966
0.187454 -85.448386 1045.834960 482.674421 -0.109238 0.001794 -0.994014 0.156626 0.987537 -0.015430 0.981598 -0.157374 -0.108157
-0.084292 -88.548727 503.525978 2181.694640 -0.101678 -0.021704 -0.994581 0.144064 0.988902 -0.036308 0.984331 -0.146975 -0.097423
-1.095006 -90.539774 -410.572257 1936.180454 -0.091501 -0.007078 -0.995780 0.263828 0.964068 -0.031095 0.960220 -0.265560 -0.086346
9.662429 -377.721941 -6119.791840 67765.549013 -0.143009 0.167197 -0.975497 -0.382268 0.899811 0.210266 0.912918 0.402971 -0.064767
-10.113823 -398.772507 5362.797056 -103107.035536 0.167513 -0.200055 0.965359 0.693224 -0.672337 -0.259622 0.700985 0.712700 0.026058
-214.245690 -2460.337722 -108511.775461 -5023341.933045 0.532290 -0.268084 0.802993 -0.043716 0.938564 0.342324 -0.845433 -0.217319 0.487869
-2.129594 -54.127369 -6518.340184 5981.115429 -0.504684 -0.842576 -0.188043 0.854541 -0.518523 0.029895 -0.122694 -0.145603 0.981706
-12.532077 -56.449203 4650.118497 4544.970707 0.566193 0.794669 0.218920 0.806087 -0.589297 0.054338 -0.172190 -0.145703 0.974229
-12.773332 -44.868179 -5142.523874 5242.086534 -0.575531 -0.792438 -0.202007 0.815655 -0.574042 -0.071988 -0.058915 -0.206200 0.976735
1.817056 -61.825765 5832.262158 3941.326924 0.522840 0.830670 0.191376 0.822555 -0.550553 0.142458 -0.223698 -0.082934 0.971124
5.651191 -45.437632 -7584.298215 6033.061281 -0.500235 -0.847499 -0.177514 0.864544 -0.500275 -0.047843 -0.048259 -0.177402 0.982955
11.155254 -38.411645 3669.878156 1737.689395 -0.649241 0.758506 -0.056169 0.170553 0.073219 -0.982624 0.741214 0.647539 0.176902
17.990785 -39.987815 4000.595589 1839.729584 -0.632225 0.774752 0.007220 0.111946 0.100565 -0.988613 0.766655 0.624217 0.150310
3.740441 -33.232707 1751.025510 2099.869308 -0.649696 0.758001 -0.057700 0.107575 0.016536 -0.994059 0.752544 0.652043 0.092286
2.731244 -35.818751 1774.126424 1418.517350 -0.643195 0.759772 -0.095111 0.173110 0.023289 -0.984627 0.745877 0.649772 0.146503
5.767873 -39.509432 3264.640541 1474.214700 -0.643464 0.756608 -0.116179 0.246700 0.061300 -0.967151 0.724633 0.650989 0.226099
30.495089 9.393990 6138.497573 -8372.247060 -0.509276 0.631362 0.584824 0.572361 -0.258994 0.778026 0.642683 0.730961 -0.229468
22.958885 12.340322 -9243.635972 6106.500546 0.773095 -0.634265 -0.005698 0.070269 0.076716 0.994574 0.630386 0.769300 -0.103878
