12710
25407
-37.621944 -58.293437 -1609.679888 7279.905746 0.369598 0.928784 -0.027519 0.726444 -0.307292 -0.614695 0.579376 -0.207199 0.788285
-46.331572 -72.346309 446.454099 4884.241395 0.354915 0.931543 -0.079137 0.824241 -0.351731 -0.443747 0.441205 -0.092264 0.892651
-41.285109 -81.757207 -2458.664849 11630.422899 0.030784 0.979243 0.200339 0.879546 0.068675 -0.470832 0.474817 -0.190701 0.859175
-38.380214 -60.824805 -417.355406 6068.794132 0.506371 0.832215 -0.225847 0.656855 -0.541943 -0.524252 0.558686 -0.117117 0.821068
-25.101221 -73.799762 -6075.013686 16060.962729 0.179574 0.952156 0.247291 0.793948 0.008154 -0.607932 0.580862 -0.305504 0.754498
-30.423365 -47.665195 -2921.695791 7516.265941 0.417397 0.908723 0.001106 0.652446 -0.298835 -0.696428 0.632530 -0.291409 0.717626
-30.141263 -44.150373 -124.024814 -3791.655342 0.652602 0.651297 -0.387199 -0.378948 0.723068 0.577557 0.656132 -0.230187 0.718683
-36.876490 -53.741527 937.836616 -4515.528555 0.617760 0.674102 -0.404918 -0.466812 0.728744 0.501018 0.632819 -0.120488 0.764868
-58.668843 -78.314487 -1795.904765 3312.462850 0.087902 0.940480 0.328284 -0.807319 0.260317 -0.529595 0.583532 0.218477 -0.782150
-58.529812 -80.590702 -2155.255033 -852.907763 0.201921 0.919364 0.337636 -0.657190 0.382790 -0.649287 0.726174 0.090786 -0.681490
-55.354648 -81.359056 -3994.266350 6534.043442 0.249996 0.936834 0.244630 -0.826133 0.338152 -0.450730 0.504981 0.089417 -0.858486
-55.172494 -73.086646 -2818.380523 6320.925173 0.131470 0.960650 0.244677 -0.927051 0.206568 -0.312901 0.351131 0.185691 -0.917729
-57.845338 -74.457645 -487.898757 5064.981978 -0.123339 0.943316 0.308128 -0.886237 0.035003 -0.461907 0.446510 0.330046 -0.831684
37.441267 -18.073838 -3634.670486 837.884816 0.441604 -0.623951 0.644726 0.651603 0.717014 0.247596 -0.616765 0.310766 0.723205
64.732106 -20.530659 10805.074163 -213.268825 -0.400147 0.685027 -0.608786 0.720448 0.645703 0.253027 -0.566426 0.337350 0.751902
59.740421 -21.311574 13508.000302 903.739420 -0.293344 0.804526 -0.516418 0.754584 0.526521 0.391636 -0.586986 0.274797 0.761534
33.496905 -62.602932 3677.579502 -2410.895965 -0.195233 -0.727609 -0.657624 0.841621 0.219973 -0.493240 0.503545 -0.649767 0.569425
32.387722 -49.810809 -588.872143 -1752.164974 -0.181500 -0.816242 -0.548458 0.827507 0.174558 -0.533630 0.531309 -0.550707 0.643764
23.553122 -61.138570 -232.276230 -1848.494068 0.084091 0.731018 0.677157 0.761571 0.391093 -0.516775 0.642603 -0.559159 0.523834
19.338010 -49.357812 2825.919704 -1432.259177 0.096912 0.827927 0.552399 0.750991 0.303400 -0.586482 0.653162 -0.471684 0.592363
24.748579 -79.340597 3108.116302 -2662.109341 -0.134184 -0.653986 -0.744511 0.802901 0.368600 -0.468490 0.580813 -0.660633 0.475626
20.899284 -76.556751 -1031.739779 1128.952562 0.029608 0.620146 0.783927 0.673365 0.567234 -0.474158 0.738717 -0.541908 0.400790
16.585192 -61.950632 2139.161963 -643.906571 -0.042684 0.665737 0.744965 0.634578 0.593988 -0.494458 0.771679 -0.451633 0.447815
13.962494 -54.913314 1713.318723 -1207.361685 0.017592 0.757892 0.652143 0.674285 0.472608 -0.567434 0.738262 -0.449712 0.502721
-18.998276 -34.789912 1797.481114 -4920.239540 -0.087634 0.770078 0.631901 0.392407 -0.556365 0.732445 -0.915608 -0.312150 0.253427
-20.522399 -39.731415 481.393374 -4912.437289 -0.020631 0.711845 0.702034 0.474087 -0.611253 0.633728 -0.880236 -0.345900 0.324865
-9.911031 -30.669626 5446.890887 -2384.089547 -0.180269 0.931589 0.315665 0.359881 -0.236204 0.902604 -0.915417 -0.276313 0.292681
-6.931556 -27.904384 6226.755096 -1083.005465 -0.222796 0.952995 0.205337 0.259768 -0.144980 0.954726 -0.939618 -0.266049 0.215257
7.924602 -28.684142 6343.456057 -2471.120771 -0.242812 0.961256 0.130497 0.326297 -0.045754 0.944159 -0.913549 -0.271834 0.302545
7.736872 -27.125646 5480.478171 -1065.310404 -0.252524 0.958979 0.128803 0.267247 -0.058813 0.961832 -0.929952 -0.277308 0.241432
-10.649788 -51.662175 -544.372431 902.959462 0.564590 0.813068 -0.141984 0.667694 -0.551049 -0.500529 0.485204 -0.187791 0.853997
-13.016294 -54.408449 -264.079447 -2515.086927 0.555137 0.814317 -0.169442 0.643201 -0.549450 -0.533289 0.527366 -0.187063 0.828790
-12.589327 -49.408732 -634.380626 693.501002 0.546627 0.821603 -0.161762 0.698051 -0.553794 -0.453913 0.462519 -0.135202 0.876240
-12.065352 -64.008030 -963.249794 -8442.033565 0.261260 0.964437 0.040048 0.958023 -0.254002 -0.132945 0.118045 -0.073100 0.990314
-14.281693 -53.972763 1514.721891 -2894.081945 -0.294734 -0.954628 -0.042641 0.955532 -0.293983 -0.023063 0.009481 -0.047542 0.998824
-12.353668 -62.607871 717.763400 -5663.553920 -0.223648 -0.972254 -0.068586 0.972269 -0.217607 -0.085677 0.068375 -0.085845 0.993959
-13.416012 -54.474278 -769.616686 -6256.574741 0.294930 0.955486 0.007910 0.953218 -0.293636 -0.071786 0.066268 -0.028711 0.997389
-11.071834 -68.027794 647.868514 -6788.976361 0.290737 0.956347 -0.029537 0.936130 -0.290702 -0.197872 0.197821 -0.029878 0.979783
-5.080447 -153.668959 73.851981 17368.042481 -0.375715 0.030055 -0.926248 0.587477 0.780716 -0.212966 0.716735 -0.624163 -0.310983
-4.026986 -134.538693 -38.381855 11750.996460 -0.371116 0.017648 -0.928419 0.446840 0.879844 -0.161891 0.814007 -0.474935 -0.334410
-5.668113 -154.424207 -265.969778 13659.913870 -0.360995 0.005758 -0.932550 0.655951 0.712367 -0.249523 0.662881 -0.701784 -0.260938
-4.800039 -147.586171 -487.151820 12914.082416 -0.359393 -0.006476 -0.933164 0.521288 0.828017 -0.206512 0.774012 -0.560666 -0.294208
-6.596610 -169.876354 -389.974230 12151.492395 -0.357664 0.022945 -0.933569 0.794384 0.533042 -0.291239 0.490949 -0.845778 -0.208877
-6.411409 -168.112789 311.194341 10129.836015 -0.358809 -0.004771 -0.933399 0.726747 0.626094 -0.282569 0.585743 -0.779733 -0.221181
-7.150863 -166.215524 -572.277524 1389.537205 -0.347229 -0.002344 -0.937778 0.852813 0.415144 -0.316806 0.390055 -0.909753 -0.142151
-5.368751 -44.228637 -542.305511 -194.138812 0.376107 0.834855 -0.401945 -0.179157 0.491133 0.852462 -0.909091 0.248605 -0.334289
-4.993293 -46.600057 -1148.769968 -1364.945331 0.356578 0.854995 -0.376611 -0.120712 0.441893 0.888909 -0.926435 0.271504 -0.260777
-7.672206 -44.651257 -554.177559 -430.731127 0.394886 0.822793 -0.408750 -0.126167 0.489258 0.862965 -0.910026 0.289202 -0.297011
-3.786869 -44.983914 -1270.946845 1459.522285 0.423849 0.787447 -0.447526 -0.830509 0.535043 0.154867 -0.361395 -0.306034 -0.880759
-5.251527 -47.039815 -906.507196 -2023.587575 0.441201 0.781489 -0.441155 0.846840 -0.525247 -0.083526 -0.296990 -0.336736 -0.893536
-2.325310 -49.997956 -384.048432 -2857.961654 0.442117 0.776176 -0.449536 0.861532 -0.506932 -0.027963 -0.249589 -0.374927 -0.892824
-0.866341 -51.400586 -777.650165 -2368.368184 0.452400 0.762992 -0.461712 0.856541 -0.515907 -0.013286 -0.248337 -0.389465 -0.886930
-1.013549 -46.489831 -642.940044 1564.978580 0.435839 0.778496 -0.451651 -0.830471 0.541292 0.131611 -0.346933 -0.317722 -0.882434
-8.944463 -144.024510 992.939319 -6812.007933 -0.546388 -0.028129 -0.837060 -0.191599 0.977130 0.092230 0.815322 0.210773 -0.539281
-7.444339 -130.923027 1531.839763 -2317.257665 -0.529091 -0.055160 -0.846770 0.035349 0.995586 -0.086942 0.847829 -0.075932 -0.524806
-6.629183 -142.197402 1278.811943 -4053.442673 -0.550149 -0.050526 -0.833536 -0.037185 0.998660 -0.035992 0.834238 0.011194 -0.551291
-5.897431 -138.104883 -388.362003 -4445.946053 -0.544225 -0.056166 -0.837057 -0.005683 0.997980 -0.063269 0.838920 -0.029676 -0.543445
-8.059643 -169.473588 213.347101 -13892.870588 -0.553442 -0.038975 -0.831975 -0.261952 0.956359 0.129453 0.790622 0.289582 -0.539499
6.928635 -94.779511 -195.663344 10172.558944 0.580415 0.124477 0.804750 0.292128 0.890640 -0.348456 -0.760118 0.437339 0.480578
0.013244 -109.259782 1129.738926 16947.452908 0.600374 0.123024 0.790200 0.171108 0.945454 -0.277198 -0.781200 0.301632 0.546576
6.825570 -98.829189 -1633.095526 9398.453762 0.574029 0.191133 0.796216 0.217915 0.901652 -0.373547 -0.789306 0.387934 0.475923
256.639438 -2840.261865 -64211.826338 1211853.304758 -0.292731 -0.384873 0.875318 0.679317 0.560527 0.473644 -0.672932 0.733268 0.097367
-28.474804 -665.427090 -726.737440 188401.302175 -0.032747 -0.373090 0.927217 0.952395 0.269697 0.142155 -0.303104 0.887732 0.346497
-47.948409 -473.918081 -11492.346677 130021.786542 -0.023404 -0.244083 0.969472 0.939741 0.325483 0.104633 -0.341085 0.913501 0.221757
-60.032078 -662.893336 -1812.023603 123301.392214 0.024389 -0.218539 0.975523 0.549806 0.817917 0.169486 -0.834936 0.532215 0.140102
4.833123 -21.118610 890.161552 398.960325 0.491400 -0.854293 -0.169442 0.792509 0.357924 0.493782 -0.361187 -0.376928 0.852918
7.807707 -22.521131 -534.349136 -1440.203928 0.497987 -0.853922 -0.151085 0.801770 0.386998 0.455408 -0.330413 -0.347923 0.877369
6.774859 -23.360695 -1023.584649 43.256125 0.345254 -0.901326 -0.261555 0.878193 0.211968 0.428772 -0.331022 -0.377731 0.864722
-1.167009 -25.847743 495.683954 2313.585040 0.329533 -0.901363 -0.280984 0.864207 0.168121 0.474216 -0.380202 -0.399098 0.834366
2.434606 -23.487550 1984.408199 1980.273273 0.484827 -0.853048 -0.193008 0.780681 0.322599 0.535226 -0.394309 -0.410170 0.822363
-19.805692 -39.051518 -1047.506237 -1865.674386 -0.022550 -0.623906 -0.781174 -0.359924 0.734045 -0.575876 0.932709 0.268177 -0.241111
-23.393379 -35.509527 -1195.462688 -716.305168 -0.029694 -0.675824 -0.736465 -0.285805 0.711769 -0.641638 0.957828 0.191432 -0.214290
-19.506438 -37.290890 730.290907 -2375.793735 -0.157984 -0.482811 -0.861356 -0.344136 0.844542 -0.410267 0.925533 0.231609 -0.299576
-15.768391 -39.950867 52.945405 -942.781977 -0.108141 -0.513863 -0.851029 -0.462412 0.783807 -0.414514 0.880046 0.348700 -0.322377
227.570171 20.588512 -50488.561218 -5885.671643 -0.585198 -0.218612 -0.780867 0.803805 -0.283409 -0.523045 -0.106961 -0.933750 0.341572
1426.929756 -18884.810810 333775.137689 -7659291.153703 0.189348 -0.034128 0.981317 -0.012549 0.999230 0.037172 -0.981830 -0.019353 0.188774
-10.955274 -485.534710 -9012.980171 139914.774689 0.959940 -0.236048 -0.150988 -0.179529 -0.104388 -0.978199 -0.215141 -0.966118 0.142583
-275.674035 -799.857398 100753.412197 212756.764602 0.964158 -0.258303 -0.060656 -0.214823 -0.625781 -0.749833 -0.155727 -0.735987 0.658841
70.156470 -1235.818306 -20464.879543 412784.595088 0.843150 -0.317484 -0.433938 -0.445994 0.037810 -0.894237 -0.300313 -0.947509 0.109716
60.403958 -1032.873257 34304.585965 302811.347850 0.825756 -0.230682 -0.514696 -0.539445 -0.056544 -0.840120 -0.164698 -0.971385 0.171132
9.291081 -199.392676 2904.526555 -23509.820899 -0.110111 -0.001518 0.993918 -0.475519 0.878206 -0.051339 -0.872787 -0.478280 -0.097422
16.323136 -230.771505 1177.434848 -34616.524428 -0.146017 -0.030986 0.988797 -0.510282 0.858642 -0.048446 -0.847521 -0.511639 -0.141188
8.300779 -234.944568 5389.290962 -6640.180009 -0.103494 -0.095695 0.990016 -0.117221 0.989598 0.083400 -0.987698 -0.107419 -0.113635
17.270466 -173.285423 -72.499345 29164.915559 0.150635 -0.055988 -0.987003 0.699235 -0.699739 0.146409 -0.698842 -0.712201 -0.066257
-1.049437 -178.610977 3758.743466 -3724.992664 -0.103447 0.011399 0.994570 -0.277783 0.959815 -0.039894 -0.955058 -0.280401 -0.096124
8.533106 -169.302270 1201.523781 -19673.814678 -0.113637 0.101475 0.988327 -0.598106 0.787329 -0.149607 -0.793319 -0.608125 -0.028777
-25.814489 -59.132936 1864.510276 -5977.224592 0.180866 0.976220 -0.119504 -0.127634 0.143778 0.981345 -0.975191 0.162239 -0.150604
-30.862990 -69.913859 2792.208039 -5087.653449 0.114103 0.993154 -0.025006 -0.070086 0.033155 0.996990 -0.990994 0.112007 -0.073390
-28.532661 -76.990993 -207.936397 -8501.675766 0.133465 0.990999 -0.010381 -0.003949 0.011006 0.999932 -0.991046 0.133415 -0.005382
-27.594028 -51.834141 3757.172505 -3088.354110 0.156294 0.970145 -0.185447 -0.180105 0.212599 0.960398 -0.971151 0.116704 -0.207956
-23.145676 -65.837645 478.507877 -10792.808481 0.198457 0.977673 -0.069072 -0.088431 0.088047 0.992183 -0.976112 0.190798 -0.103930
-20.463673 -45.703738 1219.227696 -5817.716389 0.248483 0.927229 -0.280183 -0.140273 0.320652 0.936753 -0.958426 0.193466 -0.209742
-19.014887 -46.264644 3981.139261 2588.482377 0.264941 0.876577 -0.401771 -0.150711 0.449183 0.880637 -0.952414 0.172765 -0.251117
-19.817423 -25.633517 -6358.088264 491.102450 0.252333 0.960709 0.115611 -0.146360 -0.080209 0.985974 -0.956508 0.265715 -0.120370
-8.755147 -20.965581 -3009.615486 -3512.420275 0.307775 0.923129 -0.230449 -0.062401 0.261268 0.963247 -0.949411 0.282084 -0.138016
-10.994552 -27.328961 -5419.371811 -3461.712786 0.292855 0.911986 -0.287258 0.006692 0.298467 0.954396 -0.956134 0.281422 -0.081305
-3.601852 -30.333276 721.569813 -3310.135059 0.348465 0.911380 -0.218994 -0.004957 0.235427 0.971879 -0.937309 0.337581 -0.086556
3.900088 -50.527597 5262.194775 1151.432847 -0.312950 0.915749 0.251927 -0.829114 -0.392793 0.397850 -0.463285 0.084369 -0.882184
6.478300 -47.639850 4921.609088 1510.250355 -0.333995 0.907883 0.253369 -0.751710 -0.418732 0.509505 -0.568664 0.020288 -0.822319
10.658839 -48.411414 1568.956753 923.051664 -0.360271 0.908570 0.211438 -0.815614 -0.416803 0.401309 -0.452745 0.027872 -0.891204
8.844514 -51.246633 5060.816072 368.194444 -0.314203 0.918306 0.240813 -0.883465 -0.375685 0.279912 -0.347515 0.124801 -0.929332
13.594366 -49.582707 547.400225 143.945318 -0.344592 0.921018 0.181608 -0.882464 -0.383792 0.271956 -0.320176 0.066549 -0.945018
7.594250 -15.071127 -3241.618024 -1222.488045 0.183783 0.729158 0.659206 -0.333426 0.677113 -0.656007 0.924690 0.099234 -0.367562
2.349819 -18.338646 -2665.648014 458.188144 0.123600 0.804418 0.581063 -0.426619 0.571753 -0.700782 0.895946 0.161275 -0.413849
-2.160500 -15.962184 844.559014 521.799069 -0.252102 -0.551929 -0.794870 -0.338276 0.819843 -0.461981 0.906650 0.152419 -0.393389
-9.265546 -55.424784 -555.286154 -1985.602741 -0.527285 0.846046 -0.078590 -0.278717 -0.084844 0.956618 -0.802675 -0.526315 -0.280544
-10.899161 -54.408121 -368.132608 -1104.201446 -0.500207 0.862929 -0.071734 -0.274614 -0.079525 0.958260 -0.821206 -0.499028 -0.276752
-9.425304 -53.507813 -716.832038 -27.339422 -0.524899 0.845972 -0.093876 -0.335620 -0.104354 0.936200 -0.782202 -0.522917 -0.338700
-7.918083 -54.906192 -132.774219 -174.427123 -0.532863 0.840199 -0.100608 -0.361606 -0.118601 0.924757 -0.765047 -0.529149 -0.367020
-8.787953 -56.300415 -352.765877 -706.565071 -0.542555 0.837006 -0.071093 -0.248389 -0.079006 0.965433 -0.802457 -0.541460 -0.250768
0.981158 -51.561716 240.503840 24.439839 0.560492 -0.816817 -0.136602 0.794501 0.483798 0.367026 -0.233705 -0.314245 0.920126
1.939595 -51.686097 -125.318150 -105.372370 0.555723 -0.821715 -0.126317 0.793285 0.478652 0.376286 -0.248738 -0.309316 0.917852
1.185277 -50.730053 311.941378 767.075653 0.556202 -0.820194 -0.133870 0.822449 0.520147 0.230272 -0.119236 -0.238179 0.963874
1.826712 -51.683913 -74.794021 -757.691588 0.555208 -0.820583 -0.135604 0.764547 0.439356 0.471629 -0.327433 -0.365527 0.871308
-0.368527 -50.442974 771.015729 772.084750 0.566176 -0.811846 -0.142653 0.816923 0.529575 0.228447 -0.109918 -0.245878 0.963048
1.407523 -52.052785 468.563501 -493.061050 0.566478 -0.812427 -0.138077 0.753044 0.442278 0.487150 -0.334705 -0.379937 0.862334
0.156138 -51.881535 787.209104 214.120139 0.572859 -0.807387 -0.141278 0.783917 0.489342 0.382124 -0.239389 -0.329653 0.913248
-5.991196 -110.556584 -404.751387 -6052.767546 -0.531991 0.846708 -0.008392 -0.612601 -0.378020 0.694133 -0.584556 -0.374413 -0.719798
-7.386425 -96.141378 -329.463605 -3993.791603 -0.526985 0.849650 -0.019530 -0.730714 -0.441243 0.520924 -0.433986 -0.288791 -0.853379
-6.419232 -108.876726 227.643463 -6487.620901 -0.522156 0.852443 -0.026361 -0.662809 -0.386159 0.641533 -0.536691 -0.352452 -0.766642
-4.622328 -116.356619 -572.007199 -6905.450411 -0.536226 0.843504 -0.031021 -0.529533 -0.307556 0.790572 -0.657310 -0.440352 -0.611583
-4.059797 -116.875769 555.212387 -6367.932813 -0.522332 0.852163 -0.031410 -0.525337 -0.292553 0.799021 -0.671707 -0.433855 -0.600483
-5.593509 -108.614233 421.715621 -6796.762260 -0.516223 0.854547 -0.057133 -0.656728 -0.352138 0.666863 -0.549747 -0.381771 -0.742987
-6.709448 -96.097405 243.253502 -3144.384059 -0.512754 0.857317 -0.045729 -0.750705 -0.421872 0.508396 -0.416564 -0.295010 -0.859909
-4.150025 -79.358308 1208.133614 7771.530452 -0.628338 0.775224 0.064954 0.511165 0.348483 0.785665 -0.586431 -0.526866 0.615233
-1.423967 -72.084098 2128.113773 5477.988152 -0.611044 0.789440 0.058395 0.520729 0.345302 0.780774 -0.596210 -0.507495 0.622079
-0.411420 -83.147597 1753.041284 4865.401473 -0.624321 0.780237 0.038131 0.385997 0.265689 0.883412 -0.679140 -0.566250 0.467044
-4.932861 -93.026229 1372.661539 6621.400383 -0.637767 0.769703 0.028463 0.343686 0.251314 0.904832 -0.689299 -0.586854 0.424816
-6.844070 -81.572873 236.281258 9053.906387 -0.645998 0.759698 0.074467 0.510510 0.357447 0.782056 -0.567508 -0.543223 0.618743
3.325263 -48.788382 -5192.959889 -843.111865 -0.348387 0.933876 0.080635 -0.915870 -0.320830 -0.241351 0.199522 0.157934 -0.967082
-6.932119 -50.072266 -3373.363666 196.132794 -0.295586 0.947383 0.122862 0.942822 0.268565 0.197380 0.153998 0.174180 -0.972598
-0.260494 -48.644881 -5111.699243 -17.079225 -0.315964 0.945109 0.083276 -0.900252 -0.270939 -0.340792 0.299522 0.182648 -0.936443
9.280432 -46.955891 -5161.366840 -459.374029 -0.375719 0.923412 0.078388 -0.875430 -0.325894 -0.356954 0.304069 0.202738 -0.930827
12.943614 -80.106233 43.191225 -1163.790663 -0.638686 0.766623 0.066093 0.592260 0.434946 0.678270 -0.491230 -0.472346 0.731835
12.644827 -74.012919 118.527620 -3070.620536 0.694010 -0.718520 -0.045591 -0.497267 -0.432585 -0.752061 -0.520649 -0.544609 0.657515
16.247044 -79.948370 942.236997 483.879090 -0.653794 0.755611 0.040081 0.465637 0.360010 0.808439 -0.596436 -0.547216 0.587213
17.801685 -83.485505 610.626122 -3467.046186 0.716000 -0.697161 -0.036198 -0.364461 -0.329079 -0.871135 -0.595409 -0.636925 0.489708
14.752528 -86.203078 -226.663885 166.101557 -0.619105 0.782656 0.064481 0.579847 0.400210 0.709655 -0.529610 -0.476740 0.701593
16.899306 -84.294224 1188.903531 -848.332840 -0.603664 0.795177 0.057300 0.441289 0.273419 0.854697 -0.663968 -0.541236 0.515956
21.175021 -83.510727 1293.545346 128.790687 -0.661662 0.748473 0.044630 0.352019 0.257532 0.899867 -0.662032 -0.611118 0.433876
6.613088 -64.024933 196.656414 2371.319341 -0.492142 0.835978 -0.242769 -0.813567 -0.540910 -0.213366 0.309686 -0.092502 -0.946329
6.369301 -61.396723 -939.795771 1728.499644 -0.466639 0.841374 -0.272649 -0.833295 -0.521556 -0.183299 0.296425 -0.141662 -0.944491
7.956236 -66.277223 264.253187 1692.024244 -0.479197 0.842090 -0.247498 -0.785148 -0.537308 -0.307966 0.392318 -0.046746 -0.918641
27.393125 -80.007978 -2813.364885 17656.983007 -0.699362 0.698065 -0.153618 0.022738 0.236540 0.971356 -0.714406 -0.675836 0.181300
22.265302 -173.482075 3321.299890 -42069.916621 0.714441 -0.694360 0.086248 0.049465 -0.072835 -0.996117 -0.697945 -0.715933 0.017690
31.143526 -97.692605 -2750.708145 22129.324535 -0.649062 0.739419 -0.178824 -0.058401 0.185942 0.980824 -0.758491 -0.647059 0.077505
-1.018298 -75.900813 -2584.468821 3442.434084 -0.731068 0.680125 -0.054498 -0.529644 -0.616037 -0.583074 0.430136 0.397402 -0.810589
1.377371 -70.884909 -1559.634404 1876.456647 -0.727227 0.685534 -0.034410 -0.603456 -0.662436 -0.443869 0.327082 0.302028 -0.895431
-2.668386 -70.486656 -1123.649784 2122.349344 -0.733352 0.678586 -0.041420 -0.598364 -0.673177 -0.434505 0.322732 0.293861 -0.899717
4.640599 -73.935313 -2417.686370 2032.665046 -0.732572 0.679302 -0.043442 -0.533574 -0.612700 -0.583008 0.422656 0.403915 -0.811304
4.495967 -79.449018 -4079.770941 2033.747519 -0.734841 0.673749 -0.077921 -0.419063 -0.541362 -0.728912 0.533287 0.502981 -0.680158
-4.242946 -85.395703 -2823.007144 4770.860652 -0.735791 0.674094 -0.064874 -0.435133 -0.544005 -0.717438 0.518912 0.499656 -0.693595
-38.169922 -51.738709 -18266.816006 11593.011425 0.058512 -0.349229 0.935209 -0.450721 0.826653 0.336892 -0.890745 -0.441230 -0.109036
-17.965454 -246.370524 8801.364147 97563.527392 -0.333978 0.704425 -0.626294 -0.185282 0.602420 0.776377 -0.924191 -0.375334 0.070678
-27.740280 -351.398157 7636.681251 134863.680770 -0.403093 0.695794 -0.594463 -0.230895 0.551237 0.801764 -0.885553 -0.460444 0.061545
-3.146435 -15.831537 -1030.079826 579.454526 -0.496799 0.797122 0.343203 -0.233342 -0.503579 0.831841 -0.835908 -0.333174 -0.436180
-5.016233 -15.296459 -679.287655 -89.898332 -0.472004 0.824416 0.312332 -0.266385 -0.471091 0.840900 -0.840388 -0.313707 -0.441969
-3.349509 -17.878863 -336.383701 1629.017627 -0.481793 0.806505 0.342674 -0.268550 -0.508131 0.818342 -0.834120 -0.302247 -0.461401
-3.558819 -17.167148 -1734.096892 -1522.220515 -0.474309 0.844557 0.248505 -0.264164 -0.405805 0.874951 -0.839791 -0.349351 -0.415578
-0.307372 -18.205451 -1564.453669 2146.779953 -0.491183 0.816128 0.304424 -0.267191 -0.473807 0.839117 -0.829065 -0.330820 -0.450787
0.425849 -15.453017 -2223.432448 428.916278 -0.501965 0.807773 0.309087 -0.234207 -0.470973 0.850489 -0.832573 -0.354525 -0.425598
-20.499275 -56.514615 564.435414 643.450732 0.212237 0.760021 0.614267 -0.231236 0.649795 -0.724083 0.949466 -0.011637 -0.313655
-19.389913 -54.682830 1851.953303 457.706683 0.176463 0.721097 0.669985 -0.228578 0.692079 -0.684674 0.957399 0.032325 -0.286953
-14.505467 -52.498974 -312.990476 -622.038682 0.178316 0.731979 0.657579 -0.072846 0.676276 -0.733038 0.981273 -0.082811 -0.173913
-21.908414 -53.426867 1593.835417 1690.993120 0.187380 0.775065 0.603459 -0.391504 0.622365 -0.677781 0.900896 0.109254 -0.420060
-10.336643 -53.440688 -2921.514943 -1698.801933 0.229054 0.837363 0.496343 -0.124605 0.530928 -0.838206 0.965406 -0.130148 -0.225951
-20.682795 -54.861871 -497.790074 1281.764713 0.230801 0.807247 0.543216 -0.379392 0.588763 -0.713737 0.895987 0.041360 -0.442150
-14.344032 -55.225996 -3626.412708 275.803859 0.248663 0.839356 0.483371 -0.272235 0.539494 -0.796765 0.929545 -0.066535 -0.362654
-2.818508 -47.658114 32.195218 249.002026 -0.436501 0.894361 -0.097908 0.124054 -0.047954 -0.991116 0.891110 0.444769 0.090017
-1.648869 -44.833797 1023.323828 -659.235630 -0.428779 0.884777 -0.182532 0.175420 -0.116661 -0.977557 0.886215 0.451176 0.105186
-5.671931 -46.623751 511.677565 776.813766 -0.457381 0.885443 -0.082420 0.210564 0.017787 -0.977418 0.863982 0.464408 0.194578
-81.868726 -1535.321169 4535.686525 354296.448641 -0.903343 -0.200879 -0.378972 -0.201653 0.978715 -0.038109 0.378561 0.041995 -0.924623
-104.160613 -1480.523092 9746.704080 521816.128011 0.916634 0.283136 0.282162 -0.386881 0.805921 0.448123 0.100521 0.519928 -0.848275
-91.908752 -1087.131850 -12970.028310 303011.760972 0.935973 0.150156 0.318447 -0.343121 0.591699 0.729493 0.078887 0.792052 -0.605336
31.553384 -7150.825196 -46593.311073 3167416.275276 -0.883530 -0.106298 -0.456153 -0.251905 0.928900 0.271456 0.394865 0.354747 -0.847488
-68.824322 -1427.683460 329.754459 -473858.218723 0.879915 0.114442 0.461143 0.134000 0.871387 -0.471941 0.455843 -0.477061 -0.751412
-127.742249 -1200.930428 -35780.416435 -332272.860362 0.950580 0.220195 0.218886 0.029527 0.637687 -0.769730 0.309071 -0.738153 -0.599671
-226.758411 -351.056416 -48609.844068 29337.267960 0.836097 0.376484 0.399001 0.506432 -0.250127 -0.825205 0.210875 -0.892018 0.399794
-130.315014 -310.536777 -24897.787393 2616.890170 0.922018 0.138307 0.361600 0.384835 -0.429362 -0.817038 -0.042255 -0.892480 0.449104
-172.490016 -542.532995 -28685.617436 77424.723352 0.930673 0.111777 0.348359 0.344788 0.050460 -0.937323 0.122350 -0.992451 -0.008422
-282.562194 -655.726186 -55260.247777 112156.268209 0.843321 0.301551 0.444833 0.417736 0.152910 -0.895609 0.338091 -0.941109 -0.002984
-49.929487 -84.798883 -833.816129 5660.907319 0.032291 0.993465 0.109478 0.941994 0.006361 -0.335570 0.334073 -0.113963 0.935632
-57.782489 -80.405657 2029.727273 1618.183801 0.134698 0.990809 -0.012442 0.962010 -0.133771 -0.237996 0.237473 -0.020088 0.971186
-43.119530 -66.680926 -634.881804 5626.881626 0.505258 0.810981 -0.294999 0.683696 -0.584767 -0.436586 0.526569 -0.018899 0.849923
-49.617333 -76.897761 -526.841703 2706.116779 0.405793 0.897089 -0.174823 0.853455 -0.440373 -0.278722 0.327025 0.036100 0.944326
-59.625422 -77.604762 -780.290872 -4756.080126 0.200504 0.840645 0.503104 -0.442103 0.535910 -0.719268 0.874267 0.078208 -0.479103
-56.366090 -80.301517 -2139.519679 -4515.504521 0.280365 0.899497 0.335113 -0.513828 0.435520 -0.739124 0.810788 -0.035034 -0.584291
-55.915620 -74.240197 -1093.291312 -6558.921062 0.284426 0.855671 0.432354 -0.333106 0.511088 -0.792357 0.898967 -0.081347 -0.430396
-52.624270 -82.310234 -2337.888623 3203.054391 0.331832 0.916950 0.221562 -0.716966 0.397786 -0.572473 0.613064 -0.031112 -0.789421
-50.431709 -79.867671 -1287.475204 -5348.590839 0.344751 0.912513 0.220153 -0.486704 0.374309 -0.789311 0.802662 -0.164966 -0.573167
14.711220 -19.129202 -1816.635534 -1249.703986 0.589865 -0.181437 0.786854 0.347231 0.936733 -0.044304 -0.729034 0.299353 0.615547
25.544628 -20.755560 -2340.430770 140.600724 0.560664 -0.209747 0.801038 0.420712 0.905377 -0.057398 -0.713202 0.369188 0.595855
23.287930 -19.176152 -1488.312380 -289.244306 0.531270 -0.420023 0.735753 0.509328 0.852333 0.118802 -0.677006 0.311623 0.666748
39.172567 -53.498943 3797.003127 -3442.703339 -0.282140 -0.754341 -0.592761 0.877183 0.047379 -0.477812 0.388518 -0.654770 0.648328
28.403352 -42.780086 5396.764802 -1200.199271 0.211211 0.895624 0.391469 0.823616 0.052597 -0.564703 0.526352 -0.441692 0.726541
23.937956 -45.763871 4710.301629 -1163.940874 0.162628 0.879251 0.447739 0.782193 0.161718 -0.601682 0.601437 -0.448069 0.661444
37.330775 -41.415963 -2049.786888 -2360.566972 -0.287917 -0.848820 -0.443406 0.867610 -0.035191 -0.495999 0.405409 -0.527510 0.746576
-24.266899 -46.131285 -506.867994 2863.966942 0.132616 0.611619 0.779959 -0.622756 0.663605 -0.414492 -0.771096 -0.430756 0.468893
-21.430973 -45.423538 -882.697629 -1985.662279 0.004594 0.654503 0.756046 0.595065 -0.609409 0.523945 -0.803665 -0.447489 0.392271
-21.961631 -48.263868 -1821.605042 -1672.530001 0.075902 0.578784 0.811941 -0.710068 0.603051 -0.363500 -0.700030 -0.548943 0.456749
-22.133182 -45.424659 -1355.619313 -2048.341317 0.188724 0.545809 0.816380 -0.740130 0.625438 -0.247054 -0.645439 -0.557602 0.522004
-25.745209 -43.078084 -544.616462 2037.201882 0.242763 0.581125 0.776762 -0.657090 0.687558 -0.309026 -0.713652 -0.435383 0.548765
-1.784715 -55.566089 -1168.782926 -793.138527 0.619263 0.776905 -0.113723 0.592782 -0.557568 -0.581144 0.514902 -0.292468 0.805816
-3.399022 -56.019148 -1624.048623 -1899.102459 0.619840 0.776706 -0.111923 0.548562 -0.530856 -0.645965 0.561140 -0.338998 0.755118
-5.748748 -56.023570 -1533.612243 -1057.288893 0.617014 0.777517 -0.121496 0.599053 -0.564177 -0.568190 0.510323 -0.277798 0.813879
-3.551058 -54.367260 -1313.896358 2415.156113 0.626108 0.769118 -0.128240 0.611814 -0.586542 -0.530710 0.483397 -0.253823 0.837796
-14.323063 -57.687528 200.436724 1267.681346 -0.233631 -0.970871 -0.053163 0.972104 -0.234396 0.008556 -0.020768 -0.049681 0.998549
-15.687862 -56.471649 -261.782121 3942.215850 0.331956 0.943141 0.017033 0.940488 -0.332306 0.071104 -0.072721 0.007584 0.997323
-14.607835 -52.370434 -941.041241 -1300.296808 0.316744 0.948504 0.003638 0.948359 -0.316759 0.016672 -0.016966 0.001831 0.999854
-20.463845 -95.427030 1880.142554 13081.665151 0.331316 0.941176 -0.066464 0.894087 -0.290676 0.340759 -0.301394 0.172323 0.937799
-25.233277 -121.702261 2921.763643 14460.781438 0.279819 0.953315 -0.113542 0.820673 -0.176145 0.543570 -0.498193 0.245282 0.831649
-25.125193 -109.813749 1970.293094 15129.070178 0.265762 0.962158 -0.060192 0.876066 -0.214980 0.431616 -0.402343 0.167439 0.900047
-4.244613 -132.490811 -701.133545 13690.066130 -0.360172 0.041919 -0.931944 0.419786 0.899416 -0.121780 0.833100 -0.435078 -0.341542
-2.796948 -111.086890 67.627293 6409.476792 -0.363235 0.045017 -0.930609 0.243010 0.968836 -0.047985 0.899448 -0.243578 -0.362855
-3.559784 -121.941880 280.273722 8324.194776 -0.372107 0.005857 -0.928171 0.308344 0.943970 -0.117659 0.875477 -0.329978 -0.353064
-15.312203 -43.372635 -1729.742964 -377.841860 0.430829 0.793789 -0.429286 0.007150 0.472680 0.881205 -0.902405 0.382718 -0.197969
-16.902560 -42.073206 -2374.629691 1172.208570 0.443403 0.757173 -0.479669 -0.020027 0.543388 0.839243 -0.896098 0.362517 -0.256104
-11.786899 -43.610619 -1332.925481 325.950967 0.410402 0.796850 -0.443397 -0.074746 0.513990 0.854533 -0.908836 0.317560 -0.270504
-14.964737 -42.619030 -2053.589901 382.156235 0.446026 0.742950 -0.499085 -0.110874 0.599194 0.792889 -0.888126 0.298314 -0.349630
-7.929110 -42.638227 -1652.490722 735.083748 0.417859 0.798175 -0.433949 -0.816297 0.539524 0.206333 -0.398815 -0.268013 -0.876992
-8.548563 -46.097605 -1883.437141 -2063.756559 0.448697 0.776813 -0.441851 0.840294 -0.535048 -0.087348 -0.304264 -0.332092 -0.892826
-8.812226 -140.493527 1473.274362 1454.543641 -0.521691 -0.071886 -0.850100 0.252724 0.938698 -0.234470 0.814843 -0.337162 -0.471543
-10.556148 -139.898724 148.896577 -1459.993554 -0.492507 -0.066006 -0.867802 0.066735 0.991320 -0.113275 0.867746 -0.113701 -0.483827
-10.195918 -156.951353 -285.080156 8268.993699 -0.493232 -0.113261 -0.862493 0.281683 0.917273 -0.281540 0.823029 -0.381814 -0.420524
-9.365834 -147.653496 853.212188 9268.995786 -0.527176 -0.117201 -0.841635 0.377491 0.855048 -0.355518 0.761306 -0.505130 -0.406519
-1.920069 -132.815698 2093.059676 18735.837228 0.613506 0.155411 0.774247 0.045757 0.971800 -0.231323 -0.788363 0.177346 0.589094
-7.299697 -100.795078 -1085.086719 5834.712520 0.486314 -0.193573 0.852073 0.717911 -0.467367 -0.515918 0.498098 0.862611 -0.088319
-7.299627 -90.500856 -1565.074596 3870.551232 0.448406 -0.143242 0.882278 0.599975 -0.683424 -0.415886 0.662542 0.715830 -0.220510
-0.781286 -86.070972 -2652.742445 5258.632982 0.462437 -0.138539 0.875762 0.645002 -0.625162 -0.439483 0.608379 0.768101 -0.199740
52.781640 -775.861418 -26506.025143 48136.894188 0.029285 -0.210361 0.977185 0.489760 0.855236 0.169431 -0.871366 0.473624 0.128072
14.958570 -1070.687676 -10051.749570 340645.148843 -0.050381 -0.263283 0.963402 0.716297 0.662683 0.218560 -0.695974 0.701094 0.155203
19.284098 -532.614134 -2900.741414 137155.572324 0.108599 -0.203010 0.973136 0.841237 0.540338 0.018842 -0.529647 0.816592 0.229460
26.630469 -482.620096 -5122.393548 68743.007565 0.206963 -0.278547 0.937858 0.862247 0.504881 -0.040326 -0.462274 0.817011 0.344668
28.369688 -596.209634 5534.461621 -5746.230658 0.283289 -0.199719 0.938008 0.424309 0.903241 0.064171 -0.860064 0.379826 0.340621
14.393582 -26.740444 -1987.492288 -1978.473480 0.419551 -0.882828 -0.211165 0.862211 0.314836 0.396825 -0.283846 -0.348558 0.893274
1.372141 -66.824343 -1573.075098 -2676.297835 0.518687 0.725335 -0.452608 0.854823 -0.430353 0.289953 0.015532 -0.537295 -0.843251
4.210410 -60.696602 -1201.593460 -2852.030332 0.503377 0.738999 -0.447763 0.852512 -0.509225 0.117959 -0.140840 -0.441101 -0.886337
1.726926 -59.450709 -1678.503459 -2933.773805 0.495335 0.735740 -0.461877 0.859731 -0.491399 0.139245 -0.124518 -0.466063 -0.875946
-23.802431 -31.277555 -644.750168 -768.271951 -0.169439 0.977493 -0.125687 0.297468 -0.070859 -0.952099 0.939576 0.198710 0.278766
-26.344101 -32.293425 387.258732 -673.169341 -0.255996 0.964901 0.058587 0.178999 0.106874 -0.978027 0.949961 0.239884 0.200076
-23.806829 -31.982852 1003.144325 -791.419112 -0.325068 0.921334 0.213247 0.179225 0.281426 -0.942697 0.928552 0.268222 0.256608
-26.247098 -33.779809 -1440.947100 -895.226933 -0.092657 0.938440 -0.332783 0.228259 -0.305301 -0.924494 0.969181 0.161622 0.185919
-21.244208 -30.405015 504.173930 -685.210088 -0.315241 0.935151 0.161604 0.270740 0.251831 -0.929129 0.909573 0.249147 0.332570
-20.102453 -30.414664 -994.487553 -880.191288 -0.074797 0.960392 -0.268428 0.388820 -0.219789 -0.894713 0.918272 0.171292 0.356980
-23.224133 -33.761323 -1478.561251 -1061.252465 -0.002742 0.896041 -0.443963 0.283174 -0.425096 -0.859712 0.959065 0.128076 0.252570
2142.155073 -5361.600167 559745.251178 -4594202.432089 0.545919 -0.430552 0.718747 0.188630 0.898996 0.395254 -0.816328 -0.080200 0.571993
13.622019 -313.393749 4401.140864 -36416.283128 -0.121372 -0.114709 0.985957 -0.201110 0.975541 0.088741 -0.972020 -0.187515 -0.141473
16.809728 -282.263643 -1539.040043 -58569.043555 -0.205447 -0.060576 0.976792 -0.580100 0.811384 -0.071693 -0.788210 -0.581366 -0.201837
21.801580 -390.773013 -1428.978481 133183.976030 0.091690 0.048640 -0.994599 0.792512 -0.608317 0.043310 -0.602925 -0.792202 -0.094324
-27.979551 -81.823155 -227.978790 -5402.625335 0.079236 0.996688 0.018276 0.092253 -0.025587 0.995407 -0.992578 0.077186 0.093975
-32.964160 -77.228710 2905.322213 -3229.425888 0.054914 0.997318 -0.048391 0.016554 0.047548 0.998732 -0.998354 0.055645 0.013898
-34.883475 -62.132474 3571.678031 -6063.118104 0.042121 0.996435 -0.073092 -0.161030 0.078971 0.983785 -0.986050 0.029668 -0.163783
-10.031580 -85.475281 8537.414151 3271.223886 0.350476 0.936094 0.029918 0.396760 -0.177333 0.900630 -0.848380 0.303779 0.433555
-15.919766 -84.480860 5054.042393 -5701.593266 0.313458 0.949204 0.027486 0.189234 -0.090803 0.977724 -0.930556 0.301274 0.208085
-21.372442 -84.723796 3185.631823 -1490.502456 0.221982 0.974982 0.011600 0.291725 -0.077762 0.953336 -0.930387 0.208239 0.301689
-26.034012 -82.672836 142.009212 -10155.141116 0.188990 0.981532 -0.029635 0.073341 0.015986 0.997179 -0.979236 0.190631 0.068965
-3.608679 -49.125441 4714.597409 1434.196163 -0.311893 0.919210 0.240364 -0.775252 -0.392466 0.494930 -0.549279 0.031978 -0.835027
-1.272471 -45.703910 4722.448316 1574.614837 -0.313643 0.917308 0.245302 -0.695277 -0.397806 0.598616 -0.646698 -0.017199 -0.762552
7.345373 -44.068282 4581.566796 1420.086352 -0.353077 0.897105 0.265591 -0.665335 -0.440335 0.602855 -0.657774 -0.036147 -0.752348
21.555523 -23.338482 -1647.916098 -3548.961206 -0.047095 0.879724 0.473147 -0.351785 0.428720 -0.832134 0.934895 0.205635 -0.289283
19.914947 -13.483549 -4259.003723 -5995.231287 0.112693 0.806670 0.580159 -0.278897 0.586086 -0.760736 0.953686 0.076075 -0.291025
29.512807 -6.953820 -1267.620057 -9668.816159 -0.014701 0.817669 0.575500 -0.219074 0.558944 -0.799742 0.975598 0.137834 -0.170913
27.686964 -23.744870 1691.393440 -6377.819138 -0.163731 0.866729 0.471139 -0.273342 0.419027 -0.865853 0.947880 0.270549 -0.168306
21.277588 -34.915776 899.783636 -200.139912 -0.185570 0.903069 0.387336 -0.397356 0.291551 -0.870118 0.898706 0.315379 -0.304737
18.530407 -32.552273 364.428848 665.224932 -0.145835 0.918862 0.366639 -0.459426 0.265314 -0.847665 0.876162 0.292063 -0.383457
-10.226928 -54.062421 -525.181456 -2776.166806 -0.525018 0.848604 -0.065020 -0.214272 -0.057858 0.975059 -0.823677 -0.525855 -0.212209
-12.774946 -51.541588 -506.597029 37.941979 -0.485503 0.873129 -0.043953 -0.141323 -0.028769 0.989545 -0.862736 -0.486639 -0.137361
-13.468968 -53.902423 -1010.682877 -443.891262 -0.479090 0.874861 -0.071352 -0.281006 -0.075857 0.956703 -0.831570 -0.478398 -0.282183
2.408094 -50.998654 -109.733543 574.765730 0.559812 -0.820144 -0.118214 0.818616 0.525297 0.232230 -0.128364 -0.226777 0.965451
3.052303 -50.784689 496.431935 278.362779 0.567060 -0.813677 -0.127957 0.797421 0.503410 0.332713 -0.206306 -0.290704 0.934307
2.167133 -50.908158 255.593806 -199.105687 0.568371 -0.813375 -0.123995 0.765360 0.467363 0.442488 -0.301958 -0.346398 0.888161
2.008339 -50.948384 -467.407074 -432.488904 0.551582 -0.824470 -0.126512 0.752767 0.426694 0.501272 -0.359302 -0.371727 0.855991
11.135759 -73.136171 -1348.706799 -3175.279952 -0.435661 0.885330 -0.162450 -0.707705 -0.448431 -0.545952 0.556195 0.122883 -0.821916
6.072043 -75.482647 -1116.161744 -2066.081318 -0.428204 0.886232 -0.176732 -0.707922 -0.450523 -0.543945 0.561683 0.107807 -0.820299
7.988228 -77.310684 -949.582463 1283.988429 -0.424843 0.890643 -0.162061 -0.629803 -0.419387 -0.653807 0.650275 0.175698 -0.739103
6.179015 -79.504383 -721.103219 3602.949331 -0.417036 0.895492 -0.155483 -0.525497 -0.377143 -0.762638 0.741575 0.236342 -0.627860
9.872248 -82.054101 -203.095863 5868.053610 -0.437701 0.890201 -0.126331 -0.553952 -0.377665 -0.741962 0.708206 0.254776 -0.658433
11.335318 -77.158390 -922.050996 3023.869369 -0.439880 0.886504 -0.143584 -0.632667 -0.419374 -0.651044 0.637368 0.195540 -0.745336
2.186605 -74.901446 1546.856651 4310.581033 -0.626284 0.778810 0.034969 0.453582 0.327535 0.828845 -0.634060 -0.534954 0.558384
-0.485356 -65.299710 1694.540980 4260.211027 -0.628722 0.776308 0.045327 0.568501 0.419086 0.707936 -0.530580 -0.470864 0.704820
1.993166 -67.619180 -450.026213 4116.624599 -0.658069 0.751278 0.050257 0.522430 0.407509 0.749001 -0.542228 -0.519150 0.660660
0.668483 -60.021128 539.027044 2884.485027 -0.644500 0.763015 0.049264 0.608356 0.472700 0.637540 -0.463166 -0.440865 0.768840
-1.384349 -55.209046 1306.677957 1897.710165 -0.645836 0.762754 0.033193 0.631119 0.508903 0.585411 -0.429633 -0.399028 0.810057
-9.528260 -51.106274 966.528220 618.960833 -0.265401 0.946252 0.184851 0.963955 0.256688 0.070015 0.018803 0.196770 -0.980269
-9.052449 -51.986368 -2843.072815 760.217171 -0.292662 0.947374 0.129735 0.956076 0.287589 0.056677 0.016384 0.140624 -0.989928
-1.645149 -52.611329 -4739.997209 986.838198 -0.341191 0.935622 0.090550 0.939286 0.343086 -0.005767 -0.036462 0.083084 -0.995875
-9.937164 -52.977883 -3062.189297 -578.711983 -0.301461 0.945249 0.125001 -0.948061 -0.311117 0.066233 -0.101497 0.098542 -0.989943
-12.060176 -52.756880 903.377121 717.311349 -0.272297 0.945846 0.176717 0.957160 0.285058 -0.050869 -0.098489 0.155295 -0.982946
12.009004 -75.888636 -396.860068 2377.544993 0.652666 -0.753962 -0.074617 -0.608167 -0.462618 -0.645072 -0.451841 -0.466396 0.760470
11.092355 -68.018437 -69.468089 1673.583766 0.685105 -0.725564 -0.064711 -0.577132 -0.486446 -0.655964 -0.444465 -0.486751 0.752013
11.122332 -79.441336 3195.180346 -8578.322316 0.769838 -0.636456 -0.047680 -0.406169 -0.430922 -0.805812 -0.492318 -0.639710 0.590249
4.033004 -56.358220 -1350.553785 -2387.188396 -0.451565 0.845423 -0.285217 0.867895 0.490359 0.079410 0.206993 -0.211680 -0.955168
4.171448 -61.779164 -1124.394516 470.996031 -0.437836 0.853263 -0.283270 -0.836797 -0.501968 -0.218627 0.328739 -0.141316 -0.933788
12.159081 -45.542593 3034.282039 6157.297408 -0.613197 0.756772 0.226464 0.787744 0.564517 0.246536 0.058728 0.329571 -0.942303
13.819054 -55.708400 469.555044 8521.675857 -0.598455 0.778612 0.188721 0.799341 0.564447 0.206041 0.053903 0.274158 -0.960173
15.117083 -37.969676 730.473179 3221.307762 -0.596220 0.782482 0.179568 0.793416 0.540169 0.280552 0.122530 0.309742 -0.942892
10.141773 -61.443738 2186.026160 8265.627779 -0.603311 0.767517 0.216641 0.797076 0.589231 0.132197 -0.026188 0.252435 -0.967259
10.996307 -37.057022 4296.269801 2896.657925 -0.602342 0.759746 0.244890 0.792436 0.532205 0.297999 0.096072 0.373557 -0.922619
6.037660 -49.195808 4415.489878 5344.897408 -0.612947 0.748316 0.253610 0.789941 0.573469 0.217087 0.017012 0.333400 -0.942632
31.520939 -973.348197 3719.773627 -330364.119276 -0.576222 0.803036 -0.151995 0.619376 0.307727 -0.722272 0.533237 0.510331 0.674701
60.993938 -587.634690 -24540.862917 -187924.066535 -0.387497 0.909705 -0.149278 0.738058 0.209113 -0.641515 0.552373 0.358761 0.752446
29.786447 -214.375234 5503.355491 -58031.142504 0.501531 -0.850805 0.156836 0.811044 0.399283 -0.427528 0.301122 0.341619 0.890293
12.327640 -230.992003 -10035.590546 -61176.014399 -0.470669 0.878681 -0.079946 0.822066 0.403820 -0.401419 0.320435 0.254657 0.912399
27.885829 -190.362073 -4308.931896 -42707.163488 0.584253 -0.762509 0.277900 0.756651 0.387962 -0.526274 0.293474 0.517751 0.803621
