19267
38514
-18.100231 -29.665662 -117.811931 1891.482482 -0.444088 0.756190 -0.480586 0.135186 -0.473688 -0.870255 0.885726 0.451438 -0.108132
-20.335574 -35.504124 -604.695858 1310.542027 -0.478443 0.817763 -0.319931 0.162140 -0.275802 -0.947441 0.863020 0.505170 0.000637
-20.174018 -36.150096 187.012983 1537.867157 -0.442947 0.860494 -0.251691 0.103550 -0.229752 -0.967725 0.890548 0.454713 -0.012664
-19.200204 -30.253969 -116.481126 1744.448861 -0.491469 0.647548 -0.582357 0.244636 -0.539114 -0.805921 0.835830 0.538551 -0.106544
-19.585948 -31.157829 206.892248 2913.643498 -0.406312 0.896998 -0.174086 -0.044589 -0.209759 -0.976736 0.912646 0.389097 -0.125224
-15.031640 -23.810020 80.891713 1994.550901 -0.412986 0.696819 -0.586419 0.091662 -0.608822 -0.787993 0.906113 0.379182 -0.187563
-15.242602 -24.804253 169.072157 -1234.353395 -0.428365 0.508365 -0.747039 -0.257782 0.723624 0.640247 0.866055 0.466833 -0.178928
-17.651197 -23.706495 -286.985606 186.773003 0.015282 0.998496 0.052661 -0.769667 0.045366 -0.636832 0.638263 0.030799 -0.769202
-3.663310 -19.770642 -6276.026338 -118.225652 -0.555338 0.611360 -0.563773 0.435957 0.791315 0.428674 0.708196 -0.007722 -0.705974
-16.140156 -19.991935 -54.939964 -668.076530 -0.190667 0.958377 -0.212508 -0.746007 -0.282169 -0.603203 0.638060 -0.043522 -0.768756
-16.917769 -22.365972 -2255.260648 -1.616136 -0.317986 0.918080 -0.236672 -0.634065 -0.391519 -0.666839 0.704874 0.061980 -0.706620
-21.427068 -24.999766 -1092.756535 232.098779 0.188499 0.947532 0.258167 -0.745045 0.309242 -0.590997 0.639825 0.080944 -0.764246
-35.298716 -69.717482 24732.449641 -8277.043904 -0.364245 0.829758 0.422879 -0.443497 0.244736 -0.862215 0.818924 0.501603 -0.278852
-35.542386 -92.320770 37871.919731 -999.640566 -0.544612 0.801837 0.245877 -0.564554 -0.133689 -0.814497 0.620223 0.582396 -0.525489
3.793411 -35.079943 3438.729241 -3516.752221 -0.248377 0.967560 0.046221 -0.491543 -0.084778 -0.866717 0.834682 0.237993 -0.496654
-2.435350 -20.352716 3447.738507 -4380.696202 -0.063735 0.926852 0.369977 -0.410885 0.313479 -0.856098 0.909457 0.206581 -0.360850
7.697029 -26.543965 -7380.122591 -2412.051255 -0.126493 0.989558 -0.069096 -0.471085 -0.121225 -0.873718 0.872971 0.077969 -0.481500
6.118465 -20.970375 -3741.296082 -3785.266585 -0.038496 0.991087 0.127533 -0.424718 0.099298 -0.899863 0.904507 0.088807 -0.417110
11.308009 -27.274827 -8434.528368 -930.262838 -0.275604 0.910287 -0.308902 -0.503137 -0.410417 -0.760533 0.819082 0.054186 -0.571112
6.773233 -5.543121 299.313549 -179.025629 0.748549 -0.638409 0.179190 -0.662179 -0.733801 0.151838 -0.034555 0.232314 0.972027
8.967966 -6.068271 350.487652 178.325178 0.766851 -0.618376 0.171904 -0.641504 -0.746936 0.174811 -0.020302 0.244331 0.969479
4.919957 -7.454908 1335.957086 -499.623452 0.694787 -0.707707 0.128151 0.719167 0.681554 -0.135213 0.008349 0.186106 0.982494
3.631306 -5.382667 814.900851 -155.866299 0.548275 -0.821667 0.155747 0.836262 0.540397 -0.092941 -0.007799 0.181202 0.983415
-1.141191 -11.280477 2482.199717 1128.611172 0.729949 -0.679360 0.075137 -0.682457 -0.718338 0.135070 0.037788 0.149872 0.987983
-0.140726 -7.052835 2011.690108 -972.922263 0.513501 -0.849240 0.122918 0.858089 0.508266 -0.073133 -0.000368 0.143028 0.989719
27.387598 -44.106179 -5791.798949 2575.060270 0.914190 0.084435 -0.396394 0.388926 -0.457852 0.799442 0.113989 0.885010 0.451402
16.750026 -54.739249 -5402.682487 3420.072297 0.914481 0.082703 -0.396088 0.401696 -0.303214 0.864119 0.048635 0.949327 0.310505
46.530599 -44.213594 -14936.287316 2022.572553 0.886471 0.105876 -0.450509 0.449446 -0.428990 0.783560 0.110304 0.897083 0.427873
52.491660 -37.332956 -15177.979824 332.654149 0.899128 0.048079 -0.435037 0.393211 -0.525277 0.754631 0.192234 0.849572 0.491197
46.346852 -35.216927 -5500.090447 1639.054512 0.918444 -0.008634 -0.395457 0.313231 -0.594650 0.740458 0.241552 0.803939 0.543448
-12.981247 -44.064113 -403.009852 -4667.257446 -0.626582 0.777017 -0.060330 0.588551 0.522505 0.616925 -0.510883 -0.351047 0.784706
-16.597985 -60.209636 101.553552 -5050.463091 -0.663765 0.734136 -0.143041 0.640846 0.656837 0.397342 -0.385657 -0.172075 0.906454
-12.184698 -46.325523 -487.526024 -4149.920729 0.684864 -0.679407 0.263377 0.484397 0.694515 0.531986 -0.544354 -0.236759 0.804751
-8.722030 -32.527715 -31.466180 -1953.083899 -0.667350 0.720496 -0.188492 0.462166 0.599119 0.653803 -0.583992 -0.349201 0.732811
-8.855384 -43.272825 -485.305907 -2985.304506 0.700617 -0.619327 0.354357 0.424362 0.760909 0.490850 -0.573631 -0.193522 0.795925
-11.445845 -56.888524 -745.499593 -3513.852576 0.671060 -0.644720 0.366079 0.565331 0.764418 0.309946 -0.479666 -0.001037 0.877451
-1.816483 -52.037091 -12.058227 -314.141093 -0.296981 0.939059 -0.173118 -0.341325 -0.273717 -0.899209 0.891796 0.207959 -0.401813
-2.079278 -52.229833 -40.739522 -442.044550 -0.298307 0.935431 -0.189690 -0.515865 -0.325222 -0.792537 0.803055 0.138565 -0.579571
-2.186864 -50.411959 -119.261887 -550.923069 -0.291070 0.943970 -0.155558 -0.326994 -0.250967 -0.911093 0.899085 0.214325 -0.381721
-1.816711 -50.589952 -87.873749 491.639673 -0.293948 0.946875 -0.130466 -0.151113 -0.180817 -0.971838 0.943801 0.265955 -0.196236
-2.366743 -48.878433 -135.009571 124.997028 -0.302946 0.946600 -0.110330 -0.144511 -0.160061 -0.976472 0.941987 0.279874 -0.185284
-2.718595 -49.094153 -112.397487 -500.728301 -0.310763 0.941490 -0.130473 -0.328704 -0.235253 -0.914664 0.891841 0.241356 -0.382580
-14.282209 -26.169453 756.567233 182.864820 0.228823 0.322107 -0.918633 -0.213180 0.937346 0.275567 0.949839 0.132778 0.283153
-10.806659 -23.121785 555.378120 461.071764 0.233057 0.107245 -0.966532 -0.144692 0.986661 0.074589 0.961639 0.122466 0.245465
-13.766589 -23.223406 577.418351 48.522261 0.158221 0.450254 -0.878770 -0.304496 0.868855 0.390349 0.939281 0.205821 0.274572
-16.105323 -27.638559 534.593944 -374.879722 0.168906 0.593473 -0.786931 -0.360655 0.780247 0.511021 0.917278 0.197497 0.345827
-17.626174 -30.619575 824.212888 -285.125387 0.258270 0.470251 -0.843896 -0.267931 0.874132 0.405101 0.928175 0.121480 0.351757
17.108811 -27.511761 -1901.056979 -2576.060989 0.234149 0.962061 -0.140048 0.224128 -0.193589 -0.955139 0.946013 -0.192256 0.260953
11.925748 -27.980724 -2079.945604 -2893.950016 0.292213 0.944643 -0.149202 0.251269 -0.226365 -0.941075 0.922754 -0.237505 0.303506
18.579129 -19.387707 -1802.795457 -1970.223906 0.236665 0.944876 -0.226271 0.265228 -0.286871 -0.920521 0.934689 -0.157841 0.318500
22.776462 -20.048268 -1215.269482 -1716.699420 0.163340 0.965651 -0.202085 0.246917 -0.238330 -0.939271 0.955171 -0.103523 0.277365
23.097934 -25.454815 -991.008484 -1830.051929 0.125652 0.983493 -0.130201 0.180725 -0.151737 -0.971758 0.975474 -0.098573 0.196808
4.334393 -43.676292 787.883442 1441.086249 0.870131 0.478861 -0.116462 0.474529 -0.750321 0.460262 -0.133018 0.455753 0.880111
2.221492 -41.780908 1390.077440 1430.358589 0.852183 0.502682 -0.145239 0.509976 -0.735829 0.445511 -0.117079 0.453726 0.883417
7.066097 -40.789824 1028.612529 366.569779 0.826432 0.542104 -0.152097 0.561474 -0.773387 0.294313 -0.041919 0.328628 0.943529
8.337021 -42.507876 291.436140 496.600673 0.859363 0.500521 -0.104757 0.505893 -0.802242 0.316985 -0.074617 0.325401 0.942627
12.671565 -45.381033 296.831599 -1183.317860 0.815469 0.564340 -0.128568 0.578642 -0.800082 0.158248 0.013559 0.203442 0.978993
10.986915 -43.880893 909.543739 -1267.708856 0.764418 0.621044 -0.173118 0.642634 -0.755550 0.127144 0.051837 0.208443 0.976660
0.034398 -69.699223 -139.310609 -3168.130401 0.678745 0.724962 -0.117196 0.603755 -0.641720 -0.472943 0.418073 -0.250251 0.873264
-0.122200 -61.335003 0.996742 -2067.478011 0.667878 0.734193 -0.122064 0.678011 -0.667827 -0.307097 0.306986 -0.122343 0.943818
0.680250 -68.135591 -177.722038 -3404.921997 0.675671 0.728865 -0.110567 0.629894 -0.648712 -0.427090 0.383017 -0.218927 0.897423
-0.715330 -63.325159 -130.744349 -2607.520313 0.672277 0.731117 -0.116238 0.667064 -0.666349 -0.333174 0.321044 -0.146446 0.935673
0.640664 -78.855732 -135.666108 -4618.220481 0.681956 0.721090 -0.122335 0.530210 -0.602620 -0.596428 0.503799 -0.341875 0.793289
-0.094048 -80.436935 -137.398264 -3763.221020 0.682558 0.720302 -0.123613 0.495282 -0.580278 -0.646508 0.537411 -0.380057 0.752826
-0.789322 -72.216608 -196.319061 -3031.684032 0.677115 0.726643 -0.116210 0.585732 -0.627792 -0.512636 0.445459 -0.279046 0.850705
-1.134750 -71.334395 295.727099 2800.748708 0.795543 0.604024 -0.047594 0.488049 -0.592280 0.641103 -0.359053 0.533253 0.765978
0.309647 -79.019579 429.965988 2174.660536 0.810791 0.583571 -0.045413 0.405284 -0.503717 0.762898 -0.422330 0.636956 0.644922
-0.966532 -76.914413 294.495911 1968.759528 0.808966 0.587162 -0.028543 0.379607 -0.484699 0.788014 -0.448857 0.648312 0.614995
2.604291 -44.647662 -1646.569959 -2096.254454 0.878853 0.476811 -0.016398 -0.240765 0.472925 0.847569 -0.411885 0.740941 -0.530431
0.040135 -52.109562 -1731.936506 -2091.941877 0.880073 0.472243 -0.049578 -0.121638 0.325140 0.937810 -0.458994 0.819311 -0.343589
-2.696083 -48.329049 -819.979442 -1678.364166 0.894056 0.446736 -0.033031 -0.184928 0.435247 0.881114 -0.408002 0.781657 -0.471749
2.973956 -50.162985 -1480.128878 -2022.430084 0.884813 0.465892 -0.007156 -0.166555 0.330586 0.928963 -0.435162 0.820767 -0.370103
-0.594421 -41.449052 -1006.160006 -1879.010446 0.882464 0.470375 -0.002170 -0.301574 0.569306 0.764816 -0.360986 0.674269 -0.644245
7.633298 -41.957443 -1967.062257 -1786.832106 0.869228 0.492225 0.046443 -0.300694 0.451750 0.839943 -0.392460 0.744068 -0.540683
6.458983 -38.848039 -2063.762015 -1685.131178 0.864564 0.501692 0.028870 -0.342770 0.546734 0.763931 -0.367474 0.670363 -0.644652
16.653449 -19.735615 -3016.067175 -528.787616 -0.644726 -0.746827 0.163026 0.721599 -0.524239 0.452182 -0.252237 0.409173 0.876900
9.993318 -17.943156 -647.705635 -503.578150 -0.655987 -0.734828 0.172366 0.715547 -0.532800 0.451792 -0.240153 0.419705 0.875314
8.583017 -19.308528 -1168.181397 -705.265227 -0.564600 -0.798209 0.209973 0.807910 -0.482435 0.338435 -0.168844 0.360719 0.917264
1.721887 -82.802800 -33.877616 -1347.352891 0.768963 0.635843 0.066335 -0.490342 0.520038 0.699375 -0.410196 0.570320 -0.711670
1.886034 -81.198331 152.483881 1557.810293 0.760991 0.643767 0.080354 -0.567522 0.600558 0.563248 -0.314344 0.474230 -0.822371
1.614664 -80.394202 -23.611243 -1018.861754 0.769602 0.634179 0.074360 -0.507935 0.537470 0.673148 -0.386930 0.555826 -0.735760
1.707364 -88.937912 -76.681556 -5752.599924 0.776927 0.626508 0.062222 -0.425141 0.449170 0.785812 -0.464369 0.636972 -0.615327
-37.244601 -698.456016 4298.923449 -130811.520486 0.908132 0.362467 0.209556 -0.172235 -0.132780 0.976066 -0.381617 0.922489 0.058153
-141.058149 -1739.134587 29545.600382 -560066.824238 0.913608 0.397454 0.085736 0.114141 -0.453087 0.884129 -0.390247 0.797961 0.459310
-55.272499 -968.523866 15156.162024 128651.996175 0.896974 0.346454 0.274603 -0.223776 -0.179880 0.957897 -0.381263 0.920659 0.083820
11.642091 -659.373584 -6988.228713 -251589.253803 -0.776020 -0.565152 -0.279993 -0.515668 0.824138 -0.234272 0.363152 -0.037416 -0.930978
5.621703 -1035.500572 -6557.962850 -319280.950659 0.749696 0.605532 0.266997 -0.644339 0.759913 0.085794 0.150943 0.236355 -0.959871
11789.400824 -119931.009925 10792651.990738 -94022564.205411 0.660501 0.724838 0.195828 -0.613992 0.671551 -0.414767 0.432148 -0.153717 -0.888605
2.720854 -442.063588 4626.895525 -98403.651858 -0.779458 -0.575543 -0.247377 -0.357548 0.732970 -0.578718 0.514397 -0.362637 -0.777103
-0.362067 -1570.235147 -3076.669670 -613613.012417 0.879771 0.446083 0.164357 -0.336233 0.828272 -0.448233 0.336082 -0.339080 -0.878677
-96.205252 -6602.478540 27945.342188 8064642.890208 -0.888862 -0.440566 -0.125802 -0.391325 0.872804 -0.291681 0.238305 -0.210035 -0.948207
-69.994508 -1456.437243 -13269.841412 175709.191512 0.882819 0.469678 0.005688 -0.052471 0.110646 -0.992474 0.466773 -0.875877 -0.122325
-60.090850 -2050.927541 -10289.065779 548011.061870 0.912001 0.381815 0.149905 -0.355797 0.554493 0.752294 -0.204116 0.739428 -0.641547
-3.454163 -21.397910 -230.240323 1528.029694 0.768144 0.429739 -0.474637 -0.431084 0.895223 0.112882 0.473416 0.117898 0.872913
-3.912593 -20.477936 -583.178225 1087.413421 0.809640 0.328566 -0.486340 -0.378591 0.925551 -0.004972 0.448499 0.188150 0.873755
-3.076969 -17.168572 -312.157018 1421.765917 0.819474 0.317784 -0.476944 -0.358760 0.933413 0.005512 0.446938 0.166591 0.878916
-4.775510 -24.305996 -301.187892 458.566043 0.758700 0.419631 -0.498281 -0.420776 0.899599 0.116916 0.497315 0.120961 0.859096
-4.282478 -18.802523 173.334374 2161.446243 0.766492 0.442873 -0.465138 -0.439680 0.889745 0.122614 0.468157 0.110529 0.876705
-3.751507 -23.109885 124.551794 1676.157612 0.733007 0.503375 -0.457508 -0.461387 0.862144 0.209354 0.499822 0.057630 0.864209
-3.570402 -24.895065 -148.965371 388.573698 0.734005 0.482898 -0.477541 -0.433646 0.874398 0.217671 0.522673 0.047312 0.851219
16.023797 -24.666384 -690.504718 -437.919284 0.937025 0.320825 0.138043 0.336286 -0.935486 -0.108527 -0.094319 -0.148115 0.984462
18.025225 -24.596483 -303.200937 57.734999 0.941566 0.329608 0.069364 0.336532 -0.929202 -0.152743 -0.014108 -0.167161 0.985829
16.095395 -25.273311 -780.810500 463.498893 0.930752 0.333916 0.149001 0.360996 -0.903969 -0.229176 -0.058167 -0.267094 0.961913
-3.753870 -51.847251 231.642971 -811.432556 -0.358670 0.933239 0.020501 0.341879 0.110894 0.933178 -0.868605 -0.341712 0.358829
-2.206417 -52.946551 295.414569 -287.671983 -0.347639 0.936956 0.035508 0.533541 0.166535 0.829217 -0.771026 -0.307213 0.557798
-1.146344 -50.360024 410.322582 -880.778661 -0.325262 0.943410 0.064663 0.351385 0.057097 0.934489 -0.877914 -0.326675 0.350071
-23.847832 -853.494258 -10193.784463 134917.917771 0.672166 0.389311 0.629786 -0.510886 0.859536 0.013931 -0.535900 -0.331113 0.776644
-48.149765 -847.345921 -14013.618307 59546.959934 0.711549 0.389115 0.585053 -0.523004 0.849352 0.071186 -0.469217 -0.356637 0.807865
-24.536294 -607.173781 -4314.746397 61323.930803 0.705672 0.400817 0.584272 -0.108145 0.875882 -0.470249 -0.700237 0.268656 0.661432
-7.894215 -492.395496 -2207.380708 17286.333495 0.709366 0.337952 0.618537 -0.069836 0.906938 -0.415435 -0.701372 0.251500 0.666952
0.857447 -777.590491 -7311.142291 19021.695920 0.654981 0.398407 0.642084 -0.520828 0.853660 0.001601 -0.547484 -0.335464 0.766632
-19.411696 -446.278367 -4177.718442 -82081.104361 0.369002 0.348928 0.861445 0.928482 -0.096575 -0.358600 -0.041931 0.932160 -0.359610
-7.552949 -1033.822552 -18135.633678 -270150.230674 0.577294 0.371452 0.727155 0.740379 -0.613670 -0.274313 0.344339 0.696730 -0.629283
-3.121659 -351.926333 -4461.519197 -61033.335485 0.434559 0.397400 0.808227 0.878843 -0.383354 -0.284035 0.196961 0.833734 -0.515842
-0.705668 -15.216487 -251.202056 -2866.479328 -0.373622 -0.481150 -0.793033 0.777258 0.304201 -0.550756 0.506238 -0.822166 0.260321
-0.371130 -15.937234 -303.465904 -2528.864376 -0.256598 -0.432214 -0.864493 0.804664 0.399959 -0.438804 0.535419 -0.808223 0.245159
3.388681 -8.892595 -552.713602 -620.894012 -0.107526 -0.344151 -0.932737 0.859558 0.439263 -0.261164 0.499597 -0.829824 0.248586
-4.004789 -42.986167 -172.015385 -8727.039482 -0.510454 -0.558502 -0.653844 0.653392 0.242407 -0.717160 0.559031 -0.793294 0.241183
2.953523 -8.190532 -328.950290 -259.861098 -0.282573 -0.434253 -0.855322 0.826891 0.341686 -0.446657 0.486214 -0.833472 0.262529
-4.326885 -48.439281 415.741506 -10858.438906 -0.595543 -0.563538 -0.572497 0.607360 0.150574 -0.780027 0.525778 -0.812251 0.252597
-0.201218 -17.151182 346.218705 -3745.025329 -0.548673 -0.535280 -0.642210 0.677632 0.165178 -0.716611 0.489666 -0.828367 0.272094
20.249870 11.870389 -1738.294568 -1425.413579 0.227297 0.907994 0.351970 0.918114 -0.079312 -0.388300 -0.324658 0.411408 -0.851669
21.341003 13.782012 612.483518 478.027590 0.675382 0.671616 0.304617 0.718251 -0.505364 -0.478250 -0.167258 0.541793 -0.823702
23.874894 10.875496 -4109.557895 -18.333366 0.522653 0.841285 0.138106 0.794946 -0.422373 -0.435501 -0.308048 0.337403 -0.889531
17.046354 14.646454 862.423056 -773.781592 0.040868 0.792466 0.608545 0.975521 0.100064 -0.195819 -0.216073 0.601651 -0.768979
18.949378 8.601368 -403.278380 -2451.541465 -0.099106 0.822709 0.559757 0.934819 0.269756 -0.230966 -0.341016 0.500382 -0.795818
-11.768993 -24.139742 -1498.149552 -83.353232 0.751937 -0.517744 0.408084 0.183853 0.759163 0.624396 -0.633079 -0.394479 0.666031
-17.482253 -30.268732 -981.695943 -127.052836 0.769448 -0.569678 0.288820 0.272436 0.701723 0.658303 -0.577693 -0.427844 0.695140
-15.897281 -29.733532 1327.296940 -138.817168 -0.653942 0.737489 -0.168728 0.498132 0.587589 0.637655 -0.569406 -0.332941 0.751616
-4.459487 -22.562873 -2515.594853 -466.150407 0.744965 -0.361093 0.560926 -0.013626 0.832427 0.553967 -0.666964 -0.420329 0.615209
-6.875367 -15.532221 -2518.873773 -2924.961002 0.741253 -0.482983 0.466124 0.033105 0.719897 0.693291 -0.670409 -0.498473 0.549615
-12.623592 -25.022683 1176.165186 -248.270865 -0.585227 0.795574 -0.156754 0.549271 0.531155 0.645117 -0.596498 -0.291439 0.747832
-4.365431 -22.760251 -2383.401803 1935.932840 0.742250 -0.409849 0.530178 0.087163 0.843491 0.530024 -0.664431 -0.347198 0.661805
-9.558887 -20.098270 -1163.030855 677.507329 0.672819 -0.666933 0.320180 0.384193 0.684840 0.619184 -0.632227 -0.293588 0.717005
-0.859652 -22.949641 -2324.694015 -487.530544 0.732507 -0.381177 0.564037 -0.018038 0.817382 0.575813 -0.680520 -0.431961 0.591863
1.224245 -22.904586 -1129.711273 2118.671656 0.744269 -0.248843 0.619790 -0.063827 0.897249 0.436888 -0.664823 -0.364722 0.651912
0.188025 -24.164742 675.898449 -830.463629 0.805471 -0.429989 0.407830 0.078163 0.759231 0.646111 -0.587458 -0.488547 0.645148
8.527022 -9.337381 -162.570381 522.742532 0.544399 -0.756079 -0.363283 0.655457 0.113169 0.746705 -0.523456 -0.644622 0.557186
7.144041 -9.530738 -549.715822 377.380504 0.489900 -0.784501 -0.380205 0.675348 0.065734 0.734564 -0.551274 -0.616633 0.562015
7.478630 -8.249696 -393.426365 95.615196 0.514155 -0.770562 -0.376668 0.688750 0.109215 0.716725 -0.511144 -0.627938 0.586878
7.721923 -7.587289 156.711826 169.972729 0.559113 -0.735167 -0.383304 0.675152 0.135390 0.725147 -0.481209 -0.664228 0.572048
7.256665 -8.296622 88.683816 -336.037915 0.518328 -0.745248 -0.419454 0.716496 0.110672 0.688757 -0.466872 -0.657539 0.591331
6.571602 -9.055237 -454.085619 -318.211572 0.473553 -0.779641 -0.409766 0.731340 0.088812 0.676206 -0.490806 -0.619898 0.612239
-1.896683 -38.730905 -35.117847 475.585109 -0.749901 0.337062 0.569244 -0.145995 0.754935 -0.639342 -0.645240 -0.562550 -0.516917
-2.678466 -38.475241 -120.417046 1469.367975 -0.740859 0.335798 0.581694 -0.096712 0.803696 -0.587129 -0.664662 -0.491236 -0.562950
-2.315554 -37.988093 -232.578302 2120.565219 -0.754454 0.324847 0.570327 -0.071789 0.822880 -0.563662 -0.652415 -0.466201 -0.597505
-1.744994 -39.182241 -151.702808 -228.804259 -0.752295 0.353364 0.556045 -0.179760 0.701876 -0.689244 -0.633829 -0.618469 -0.464496
-0.440247 -38.307718 135.692618 -918.531374 0.762065 -0.354821 -0.541627 -0.185354 0.681940 -0.707532 -0.620404 -0.639578 -0.453915
128.351149 -31.888247 15589.553140 -1956.174664 -0.255241 0.914907 0.312725 0.662691 0.401056 -0.632451 0.704055 -0.045813 0.708667
122.550823 -24.796481 -8766.259621 -2148.902605 0.024153 0.856551 0.515497 0.684212 0.361793 -0.633213 0.728883 -0.368004 0.577324
99.520574 -22.436328 7008.580661 -857.256232 -0.238997 0.908889 0.341762 0.729143 0.400420 -0.554990 0.641273 -0.116553 0.758409
0.402671 -34.620730 49.122661 1278.877545 0.793748 -0.325265 -0.513972 -0.416592 0.324981 -0.849022 -0.443188 -0.888026 -0.122450
0.285319 -38.532203 115.998986 827.336277 0.784413 -0.313874 -0.534956 -0.531512 0.104365 -0.840597 -0.319672 -0.943711 0.084963
-0.383168 -37.343769 110.859889 1109.555784 0.786100 -0.317608 -0.530256 -0.511183 0.148209 -0.846597 -0.347475 -0.936568 0.045848
0.780736 -36.258240 20.131155 1038.159183 0.788593 -0.321819 -0.523979 -0.444833 0.289763 -0.847444 -0.424553 -0.901371 -0.085349
1.158106 -32.575450 -3.022962 740.260056 0.801694 -0.353011 -0.482360 -0.311182 0.442511 -0.841041 -0.510346 -0.824359 -0.244907
2.111871 -60.249290 -577.993437 541.060773 0.651477 -0.539913 -0.532984 -0.597462 0.067850 -0.799022 -0.467565 -0.838982 0.278375
5.591414 -58.185377 -738.959576 410.551518 0.622559 -0.538616 -0.567727 -0.619609 0.103881 -0.778006 -0.478022 -0.836123 0.269059
0.724527 -57.251706 -435.188108 1568.407107 0.656379 -0.529165 -0.537728 -0.428931 0.324598 -0.843003 -0.620633 -0.783978 0.013916
-1.945835 -58.692473 -194.397294 1619.896169 0.686532 -0.515756 -0.512513 -0.411559 0.305444 -0.858675 -0.599411 -0.800437 0.002567
-0.165932 -50.948588 360.621504 1692.198790 -0.664473 0.527146 0.529710 -0.229115 0.530986 -0.815819 -0.711324 -0.663454 -0.232049
-2.533877 -52.093559 247.684287 -1665.516066 -0.683517 0.524131 0.508027 0.221148 -0.514580 0.828433 -0.695628 -0.678597 -0.235814
5.128989 -39.049896 -189.318573 -334.039854 -0.813194 0.465376 0.349485 0.130618 0.731117 -0.669632 -0.567145 -0.498892 -0.655327
4.121529 -37.547530 -377.502050 -732.362521 -0.829367 0.467431 0.306036 0.149594 0.713548 -0.684450 -0.538304 -0.521879 -0.661718
5.944505 -37.274526 -448.795320 595.921612 -0.822607 0.478109 0.307782 0.275192 0.808425 -0.520306 -0.497582 -0.343308 -0.796588
-10.739796 -32.637644 1370.569873 1276.414852 0.814421 0.574884 -0.078915 -0.568775 0.817805 0.087690 0.114949 -0.026532 0.993017
-9.325142 -26.757384 1124.648291 -1528.986781 0.765858 0.636815 -0.089038 0.640717 -0.767459 0.022114 0.054250 0.073984 0.995783
-15.238808 -31.818360 1284.443119 1454.524701 0.766751 0.640720 -0.039624 -0.640236 0.767753 0.025557 0.046796 0.005773 0.998888
-17.885317 -36.644718 1612.523887 -968.260275 0.820172 0.571503 -0.026481 0.561932 -0.813403 -0.150358 0.107469 -0.108439 0.988277
-12.159683 -35.555844 1667.903534 422.185679 0.861762 0.500021 -0.085698 -0.472346 0.852464 0.224041 0.185080 -0.152591 0.970805
0.132803 -55.821369 792.200744 961.659067 0.795985 -0.258698 -0.547251 0.345898 -0.547534 0.761946 0.496753 0.795790 0.346345
0.699610 -53.358193 668.621877 1360.939428 0.806826 -0.261616 -0.529707 0.213686 -0.706676 0.674497 0.550791 0.657393 0.514261
5.927475 -55.128350 2285.527368 902.540715 0.797461 -0.280424 -0.534246 0.311381 -0.567146 0.762487 0.516816 0.774408 0.364958
4.619202 -57.463685 2400.472429 254.279578 0.793604 -0.288314 -0.535787 0.427096 -0.363200 0.828055 0.433338 0.885980 0.165099
-0.650902 -57.454628 1084.451578 184.676621 0.787171 -0.265738 -0.556547 0.462851 -0.341842 0.817871 0.407591 0.901403 0.146091
-0.474954 -18.269411 67.415424 -866.939495 0.579145 -0.725990 -0.370850 -0.534364 0.005485 -0.845237 -0.615667 -0.687684 0.384766
-0.839466 -18.810206 -233.471789 796.802415 0.551567 -0.727694 -0.407719 0.553719 -0.046138 0.831424 -0.623834 -0.684349 0.377490
-1.233506 -14.452618 -51.541539 1039.479296 0.563408 -0.728986 -0.388782 0.601655 0.039529 0.797778 -0.566200 -0.683387 0.460868
-1.727154 -13.794092 332.132629 -1100.270282 0.597351 -0.721014 -0.351155 -0.577619 -0.083048 -0.812071 -0.556352 -0.687925 0.466081
-0.963553 -81.314290 -124.136122 -1915.127054 0.864975 -0.436847 -0.246945 -0.495710 -0.820357 -0.285108 0.078035 -0.369024 0.926138
-1.181434 -78.882733 -85.943624 -1858.108739 0.869461 -0.426221 -0.249746 -0.482764 -0.840321 -0.246577 0.104770 -0.334957 0.936390
-0.567358 -73.762459 -177.345123 3042.052403 0.870488 -0.428576 -0.242019 0.456527 0.886823 0.071610 0.183938 -0.172824 0.967625
11.924939 -111.597117 -1338.002370 -6888.412406 0.857480 -0.331577 -0.393427 0.473675 0.807298 0.351998 -0.200898 0.488188 -0.849301
13.097864 -106.481407 -488.700945 -9031.255237 0.837417 -0.374394 -0.398199 0.460700 0.875518 0.145680 -0.294089 0.305445 -0.905657
15.019401 -117.675498 -1516.497736 -5914.517568 0.866083 -0.344865 -0.361895 0.477900 0.783587 0.396992 -0.146668 0.516778 -0.843463
11.181138 -95.669957 492.863659 -8301.981825 -0.821901 0.375618 0.428239 0.469390 0.872521 0.135573 -0.322724 0.312439 -0.893438
12.753247 -109.086759 -1632.669901 1506.983254 0.876654 -0.306038 -0.371238 0.480034 0.608215 0.632172 -0.032324 0.732403 -0.680103
9.015451 -103.859405 -522.379622 -4556.498464 0.848687 -0.339628 -0.405442 0.493306 0.784759 0.375236 -0.190734 0.518465 -0.833556
3.594860 -11.773406 -160.781067 -499.973359 0.228133 -0.737023 -0.636202 0.886806 -0.112439 0.448254 -0.401908 -0.666450 0.627945
2.073490 -11.238504 147.271345 -203.461678 0.167221 -0.697992 -0.696307 0.901077 -0.178424 0.395253 -0.400121 -0.693521 0.599108
1.491436 -13.932757 -163.508262 288.254245 0.323793 -0.749881 -0.576920 0.841423 -0.050592 0.538004 -0.432627 -0.659635 0.614586
1.822679 -14.687446 -456.881198 95.356212 0.373400 -0.775125 -0.509661 0.814104 0.010402 0.580626 -0.444756 -0.631723 0.634916
3.808024 -12.581517 163.782323 108.457127 0.299371 -0.738860 -0.603708 0.893341 -0.005191 0.449349 -0.335140 -0.673839 0.658500
0.264499 -35.922696 -435.000189 -1426.638208 -0.769805 0.382217 0.511185 -0.124082 0.695986 -0.707253 -0.626102 -0.607876 -0.488348
1.946095 -34.143191 -947.414610 -490.066723 -0.781461 0.382691 0.492814 -0.089716 0.712701 -0.695707 -0.617470 -0.587882 -0.522615
2.853684 -34.482155 653.028386 -1270.004133 0.777147 -0.417544 -0.470849 -0.128742 0.626881 -0.768405 -0.616009 -0.657782 -0.433423
5.066666 -30.659591 -596.565952 167.337928 -0.770410 0.445160 0.456400 -0.053787 0.667932 -0.742276 -0.635276 -0.596406 -0.490638
5.322803 -30.973569 578.247084 -942.335389 0.770589 -0.462940 -0.438040 -0.087551 0.603894 -0.792241 -0.631290 -0.648843 -0.424823
5.299503 -40.503789 550.532477 2437.986177 0.768755 -0.452093 -0.452358 -0.143531 0.567310 -0.810900 -0.623229 -0.688311 -0.371234
3.259240 -36.519750 595.714269 442.044291 0.783149 -0.436382 -0.442999 -0.148185 0.560916 -0.814503 -0.603919 -0.703523 -0.374616
-0.939396 -102.547870 -111.400189 -4902.754039 0.800686 -0.527692 -0.283625 -0.591765 -0.622873 -0.511706 -0.093361 -0.577555 0.810996
-0.906637 -101.375478 124.892957 -4645.123732 0.811433 -0.511109 -0.283451 -0.581500 -0.657409 -0.479240 -0.058601 -0.553698 0.830653
0.067641 -90.635960 -154.012509 -7180.070273 0.794436 -0.536856 -0.284002 -0.606534 -0.725489 -0.325243 0.031432 -0.430641 0.901976
-22.888294 -311.696989 -1749.348801 29705.283663 0.560121 -0.598820 -0.572433 0.281774 0.787517 -0.548105 0.779017 0.145709 0.609837
-62.657995 -908.065319 15106.863606 369538.159315 -0.614505 0.664961 0.424511 0.120943 0.611140 -0.782228 0.779587 0.429341 0.455972
-42.303481 -536.369372 -8472.634149 -81478.252332 0.701218 -0.401092 -0.589422 0.274728 0.914909 -0.295746 0.657889 0.045452 0.751742
-9.676194 -367.492766 1143.042896 -41544.632201 0.781951 -0.317206 -0.536594 0.608922 0.204636 0.766380 0.133294 0.926015 -0.353169
-1.838939 -390.666036 6752.284826 -5624.409943 0.787158 -0.374532 -0.490007 0.614035 0.401434 0.679567 0.057814 0.835809 -0.545968
-9.014303 -367.272988 1641.242843 18461.332382 0.777257 -0.326939 -0.537571 0.626946 0.474436 0.617939 -0.053014 0.817326 -0.573732
5.999066 -428.627068 -2661.449727 16558.273642 -0.765395 0.273577 0.582517 -0.045517 0.879868 -0.473034 -0.641949 -0.388572 -0.660994
5.748369 -434.316179 -2741.890142 6973.928851 -0.747353 0.262739 0.610272 -0.096743 0.865675 -0.491170 -0.657347 -0.426117 -0.621546
-0.678572 -450.141841 2245.673675 22528.539570 0.761331 -0.283758 -0.582972 -0.242450 0.709317 -0.661882 -0.601326 -0.645253 -0.471228
4.333890 -456.576131 2772.383672 32544.436875 -0.765441 0.308252 0.564872 -0.192980 0.727445 -0.658470 -0.613888 -0.613029 -0.497330
8.639186 -419.507720 -1925.435195 9232.582411 -0.758673 0.259025 0.597764 0.117460 0.956909 -0.265573 -0.640795 -0.131270 -0.756406
9.909682 -408.808725 2651.052209 14892.632442 -0.748313 0.239685 0.618529 0.295945 0.955129 -0.012079 -0.593670 0.174012 -0.785669
6.023111 -428.789577 3268.607967 -2221.925830 -0.738818 0.259809 0.621810 0.087667 0.951909 -0.293570 -0.668179 -0.162382 -0.726064
-2.226158 -438.645030 9540.299940 6094.909117 -0.727793 0.276372 0.627643 0.080461 0.943293 -0.322063 -0.681061 -0.183894 -0.708759
3.263903 -445.774354 2938.577878 4118.283862 -0.730299 0.276784 0.624543 -0.126081 0.843922 -0.521439 -0.671392 -0.459549 -0.581419
287.834677 -866.326566 -134530.629866 215531.273337 -0.725576 0.503464 0.469109 0.473171 0.859991 -0.191114 -0.499649 0.083301 -0.862213
204.836280 -766.913528 -64897.214277 174534.692699 -0.791144 0.446728 0.417762 0.199613 0.834218 -0.514038 -0.578140 -0.323287 -0.749159
53.014533 -1302.857784 -19020.675817 22134.277446 -0.795815 0.245242 0.553656 0.378647 0.915054 0.138936 -0.472552 0.320208 -0.821074
171.981576 -646.329240 -68923.988271 -5568.881923 -0.760589 0.509298 0.402643 0.224060 0.787990 -0.573471 -0.609346 -0.345959 -0.713449
-0.361810 -745.869464 -912.764231 493.728772 0.868414 -0.114122 -0.482529 0.437604 0.633993 0.637617 -0.233153 0.764872 -0.600509
15.375761 -398.245545 -20892.090373 -3031.723242 -0.709184 0.472153 0.523573 0.480520 0.867129 -0.131101 -0.515905 0.158612 -0.841834
1.712695 -65.118082 -316.283097 -1032.647034 0.799835 -0.265648 -0.538233 0.225929 -0.697528 0.680008 0.556075 0.665497 0.497890
1.248682 -65.061061 -165.357740 -745.861490 0.796582 -0.285763 -0.532725 -0.065430 0.835290 -0.545902 0.600979 0.469712 0.646680
1.191495 -62.410088 -158.156593 -301.411639 0.793940 -0.257038 -0.550991 0.222180 -0.720909 0.656450 0.565947 0.643601 0.515249
2.158772 -63.200121 -329.421154 -1414.006546 0.794006 -0.234456 -0.560878 0.364616 -0.554584 0.747992 0.486425 0.798415 0.354857
2.348881 -59.975756 128.547828 61.021263 0.783096 -0.233180 -0.576530 0.351669 -0.598562 0.719759 0.512922 0.766388 0.386729
1.833294 -58.624027 370.668330 800.705083 0.781956 -0.257908 -0.567475 0.209011 -0.749197 0.628505 0.587247 0.610072 0.531933
-3.065916 -25.424810 -458.542230 10.763680 -0.601972 0.785387 0.144214 -0.569671 -0.548948 0.611663 -0.559558 -0.286049 -0.777863
-3.404518 -25.386172 -436.541622 -73.566890 -0.594342 0.790317 0.148850 -0.631714 -0.573335 0.521751 -0.497690 -0.216068 -0.840012
0.511231 -25.501991 -616.735068 135.973322 -0.606769 0.781618 0.144582 -0.591903 -0.565697 0.574141 -0.530549 -0.262793 -0.805889
7.813807 -20.893596 805.073146 3724.952908 0.996965 0.006650 -0.077568 0.037078 0.835528 0.548195 -0.068456 0.549408 -0.832746
13.943155 -9.910721 1528.467494 4497.024960 0.995438 0.092919 -0.021646 -0.059998 0.786071 0.615218 -0.074180 0.611113 -0.788060
10.468981 -20.371183 687.027486 5037.243896 0.984810 0.173257 -0.011421 -0.132079 0.790198 0.598449 -0.112710 0.587851 -0.801079
-561.666546 -4001.377931 270284.459005 -3102599.560981 0.500119 0.431574 -0.750750 0.620626 0.425973 0.658309 0.603908 -0.795167 -0.054809
-1324.543369 -7295.721164 761576.641457 8221518.746581 0.684369 0.719748 -0.116625 0.253316 -0.384689 -0.887606 0.683717 -0.577908 0.445593
-790.020571 -1455.094318 379252.755233 -151819.574207 0.547618 0.152199 -0.822770 0.796205 0.207518 0.568325 0.257238 -0.966319 -0.007541
-735.135419 -3448.954850 -302231.893028 2145659.844365 0.008961 -0.510330 0.859932 -0.699205 0.611586 0.370235 -0.714865 -0.604587 -0.351345
-265.939592 -862.362705 54125.461461 -27652.148054 0.116137 0.600332 -0.791273 0.980727 -0.195337 -0.004256 -0.157120 -0.775529 -0.611448
-856.499879 -2638.522354 255135.462777 820248.881029 -0.164936 0.511318 -0.843416 0.942648 -0.169876 -0.287328 -0.290192 -0.842435 -0.453974
-5.633926 -151.318042 671.105200 24329.047952 0.486043 0.639225 -0.595948 -0.231847 -0.563166 -0.793153 0.842620 -0.523675 0.125521
-9.919331 -176.039530 1245.141483 -13252.019107 0.468732 0.647376 -0.600994 -0.137401 0.725518 0.674348 0.872589 -0.233511 0.429024
-9.390517 -188.297968 -371.712109 32260.744308 0.552897 0.610417 -0.567183 -0.219635 -0.549852 -0.805868 0.803782 -0.570135 0.169943
-3.399586 -148.697262 1358.205295 -8210.568576 0.422950 0.657130 -0.623934 -0.119800 0.723059 0.680319 0.898199 -0.212994 0.384542
-7.033143 -129.701925 -98.216362 23446.188216 0.536581 0.568921 -0.623225 -0.514527 -0.364798 -0.776006 0.668837 -0.737056 -0.096982
-4.232836 -115.427105 834.398675 21168.805275 0.479263 0.615624 -0.625551 -0.512126 -0.382666 -0.768956 0.712765 -0.688893 -0.131879
-2.251978 -123.715041 1277.114378 17862.028295 0.430446 0.663717 -0.611716 -0.216122 -0.582213 -0.783785 0.876360 -0.469582 0.107167
-85.126685 -117.389108 -5833.158172 -13461.916283 -0.517271 0.014499 -0.855699 0.469586 0.840710 -0.269621 0.715486 -0.541291 -0.441683
-83.587884 -129.356984 5834.426551 -22556.290809 -0.766449 -0.524106 -0.371308 -0.058972 0.633065 -0.771849 0.639593 -0.569686 -0.516119
-111.424750 -129.029306 -1312.705165 -3282.482306 -0.623658 -0.121286 -0.772230 0.193726 0.933090 -0.303005 0.757311 -0.338573 -0.558433
8.840724 -48.990886 1679.542366 1094.694796 0.616676 -0.273428 -0.738206 0.632932 0.729807 0.258416 0.468090 -0.626593 0.623115
12.738110 -47.381375 -62.928630 -553.585056 0.665715 -0.362280 -0.652362 -0.625583 -0.747531 -0.223257 0.406780 -0.556732 0.724279
10.255270 -43.421912 81.614384 437.663725 0.682587 -0.318503 -0.657747 0.535205 0.830722 0.153155 0.497624 -0.456571 0.737504
-26.953237 -42.552605 -24.537325 674.980829 -0.507982 0.861357 0.004271 0.129206 0.081099 -0.988296 0.851622 0.501484 0.152489
-22.654325 -39.588487 -673.471179 874.222476 -0.510173 0.805882 -0.300464 0.249496 -0.195656 -0.948404 0.823089 0.558815 0.101246
-21.760241 -36.451479 -312.644340 1780.152259 -0.534257 0.698083 -0.476706 0.280622 -0.385489 -0.879005 0.797384 0.603389 -0.010053
10.887875 -20.221640 -10557.329379 333.249008 -0.652670 0.294256 -0.698165 0.249228 0.953598 0.168926 0.715477 -0.063750 -0.695722
20.877562 -26.878451 -15388.580149 -414.076117 -0.522616 0.579889 -0.624981 0.405147 0.813918 0.416406 0.750152 -0.035588 -0.660307
2.540894 -24.446411 -10355.800639 756.216614 -0.443447 0.759023 -0.476695 -0.488434 -0.650581 -0.581529 0.751523 0.025043 -0.659231
-51.198441 -162.539837 34760.645219 -31734.893408 -0.519069 0.840841 0.153472 -0.371517 -0.060244 -0.926470 0.769768 0.537919 -0.343657
-32.748726 -180.209588 21073.086543 -94242.387242 -0.187734 0.854754 0.483892 0.896131 -0.052642 0.440656 0.402126 0.516357 -0.756089
8.989080 -5.588524 -222.188629 -186.414914 0.755729 -0.615038 0.224948 -0.651955 -0.739025 0.169696 -0.061873 0.274900 0.959480
-2.974342 -22.872722 -370.414964 -403.554022 -0.541530 0.724811 0.425904 0.770707 0.630386 -0.092860 0.335790 -0.277961 0.899991
-2.055475 -23.379105 -343.968542 388.807592 -0.545301 0.723744 0.422896 0.722142 0.661777 -0.201402 0.425627 -0.195566 0.883513
-4.869196 -23.235193 -331.577243 -241.405055 -0.507904 0.763328 0.399204 0.796993 0.592257 -0.118462 0.326857 -0.257996 0.909177
0.313801 -23.281261 557.902021 178.500603 0.582198 -0.681715 -0.443069 0.695365 0.699892 -0.163150 0.421322 -0.213109 0.881517
-5.320373 -20.039649 314.292581 -1057.786049 0.494439 -0.770659 -0.402014 0.837632 0.545987 -0.016447 0.232170 -0.328608 0.915486
-0.456755 -22.243716 -630.973202 -605.836857 -0.573348 0.687478 0.445696 0.746922 0.662153 -0.060509 0.336718 -0.298208 0.893137
-3.549878 -19.493776 377.000304 -1122.351727 0.524163 -0.736141 -0.428192 0.814882 0.579626 0.001039 0.247427 -0.349471 0.903687
-16.859726 -61.681628 -277.382719 -5074.369390 -0.602490 0.798106 0.005687 0.733724 0.551055 0.397476 -0.314094 -0.243648 0.917595
-18.859521 -71.425546 1.511101 -3408.923205 -0.635580 0.764167 -0.109939 0.754119 0.645004 0.123590 -0.165354 0.004355 0.986225
-17.362441 -69.000009 621.321077 -3140.029529 -0.639233 0.725506 -0.254996 0.726978 0.678231 0.107266 -0.250769 0.116808 0.960974
-1.918491 -54.427536 31.413742 -433.021845 -0.301828 0.931335 -0.203755 -0.518174 -0.339657 -0.784939 0.800247 0.131336 -0.585111
-2.305546 -55.042649 1.326549 -256.557420 -0.320421 0.925364 -0.202563 -0.671070 -0.372666 -0.640925 0.668578 0.069432 -0.740394
-2.378914 -52.589687 -48.522397 152.254565 -0.316929 0.931307 -0.179506 -0.649399 -0.351018 -0.674587 0.691258 0.097225 -0.716038
-11.154181 -20.807654 591.331371 912.112753 0.200741 0.173520 -0.964155 -0.231534 0.964709 0.125413 0.951890 0.198059 0.233832
-8.230660 -21.456737 100.331957 519.690476 0.225899 -0.046810 -0.973025 -0.096257 0.992884 -0.070113 0.969383 0.109499 0.219786
8.718832 -26.873497 -1079.017059 -2974.372743 0.304590 0.939940 -0.154073 0.288813 -0.245285 -0.925431 0.907641 -0.237379 0.346178
6.581241 -38.417562 -888.528771 -4112.026783 0.287719 0.955297 -0.068008 0.237939 -0.140086 -0.961125 0.927687 -0.260352 0.267608
13.765922 -18.815826 -2008.745292 -2124.553282 0.303688 0.923098 -0.235931 0.286949 -0.324742 -0.901223 0.908534 -0.205991 0.363503
10.558489 -37.427481 1567.225899 -4269.818358 0.281689 0.957236 -0.065958 0.284680 -0.149025 -0.946968 0.916301 -0.247974 0.314485
10.749627 -17.726676 -991.886073 -2020.929055 0.325752 0.911287 -0.251877 0.309983 -0.354626 -0.882129 0.893194 -0.209278 0.398003
11.483293 -27.106692 1340.699818 -3266.307228 0.299278 0.944168 -0.137765 0.332545 -0.238541 -0.912421 0.894342 -0.227255 0.385368
-2.397627 -60.748479 -244.339121 -64.801170 0.922361 0.386252 0.007712 0.030783 -0.093377 0.995155 -0.385101 0.917655 0.098017
-3.474770 -58.025265 -518.789116 -1187.770828 0.910950 0.412512 -0.001957 -0.056103 0.128590 0.990110 -0.408683 0.901831 -0.140282
-3.059306 -61.048295 96.762527 -372.979194 0.917324 0.398100 -0.005729 0.044357 -0.087890 0.995142 -0.395663 0.913122 0.098282
0.420698 -59.442333 -183.204876 -2254.202270 0.662881 0.741314 -0.105087 0.696891 -0.662196 -0.275388 0.273737 -0.109315 0.955572
-0.354041 -54.036537 67.369295 -1112.993134 0.658110 0.743169 -0.120792 0.720353 -0.668161 -0.186153 0.219052 -0.035496 0.975067
-0.771582 -55.108228 72.287747 -1142.750082 0.670408 0.732066 -0.120961 0.717977 -0.681171 -0.143230 0.187249 -0.009175 0.982270
-0.054670 -74.373502 518.907549 3085.597222 0.795169 0.601753 -0.074825 0.514713 -0.604559 0.607929 -0.320587 0.521920 0.790457
0.838494 -85.092098 224.872511 3408.830804 0.790704 0.609092 -0.061599 0.486961 -0.564776 0.666257 -0.371022 0.556808 0.743174
11.538354 -99.286314 2776.193494 7101.946810 0.833782 0.550390 -0.043349 0.022030 0.045288 0.998731 -0.551655 0.833679 -0.025635
15.004582 -116.727684 1728.117311 6855.437192 0.786376 0.617739 -0.003293 -0.127888 0.168010 0.977455 -0.604365 0.768226 -0.211120
11.255040 -105.423773 2493.315798 4588.627924 0.819976 0.572194 0.015259 -0.185546 0.240488 0.952753 -0.541490 0.784066 -0.303363
-3.282704 -54.016453 -1707.355605 -1614.132884 0.885726 0.460359 -0.059658 -0.089203 0.294913 0.951351 -0.455557 0.837315 -0.302277
-1.811200 -58.456784 -798.021863 -1293.623889 0.893488 0.444674 -0.062809 0.013102 0.113989 0.993396 -0.448897 0.888410 -0.096021
-0.260174 -57.129404 -497.924586 -1930.935829 0.894094 0.445723 -0.043891 -0.030548 0.158459 0.986893 -0.446836 0.881034 -0.155294
1.960960 -84.098564 99.055496 1618.957747 0.765551 0.639777 0.067948 -0.545307 0.589187 0.596238 -0.341425 0.493503 -0.799927
2.030609 -85.470563 387.555924 1838.062967 0.754087 0.650193 0.092741 -0.618486 0.655502 0.433350 -0.220969 0.384143 -0.896441
1.757180 -80.740562 218.382419 1101.965548 0.751201 0.654160 0.088164 -0.628714 0.668420 0.397407 -0.201037 0.353963 -0.913397
-31.586819 -417.689285 -4110.496357 56084.670095 0.854863 0.456870 0.245925 -0.204861 -0.138262 0.968977 -0.476698 0.878723 0.024600
-36.058454 -446.838822 4188.916128 69253.824153 0.872009 0.417133 0.256126 -0.219387 -0.134694 0.966295 -0.437572 0.898809 0.025940
-30.117089 -470.739342 194.490159 83060.913552 0.856766 0.436679 0.274342 -0.366294 0.140822 0.919781 -0.363016 0.888527 -0.280605
-27.298306 -483.003790 -3461.800772 88130.284811 0.844335 0.470177 0.256965 -0.364778 0.153120 0.918418 -0.392473 0.869188 -0.300795
