11171
22330
-22.672794 -31.527231 64.241487 1425.316954 0.859453 -0.443831 -0.253684 -0.254023 0.059869 -0.965344 -0.443637 -0.894108 0.061288
-25.587933 -37.618965 153.423808 1252.900176 0.895011 -0.411496 -0.172123 -0.239324 -0.117384 -0.963818 -0.376403 -0.903821 0.203541
-20.896399 -39.376811 -695.966666 2857.696978 0.869878 -0.478483 0.119860 0.052471 -0.151853 -0.987009 -0.490468 -0.864867 0.106987
-22.282519 -33.615902 0.006119 1062.692543 0.790180 -0.324987 -0.519615 -0.525677 0.076491 -0.847238 -0.315087 -0.942620 0.110396
-17.934871 -26.835377 -770.579743 1896.171340 0.839234 -0.520824 -0.156298 -0.107986 0.122081 -0.986628 -0.532941 -0.844890 -0.046212
-18.593993 -27.073246 -11.169374 995.266421 0.688193 -0.304139 -0.658703 -0.585964 0.302371 -0.751809 -0.427828 -0.903366 -0.029875
24.768793 -18.403170 -4424.640774 -406.657716 -0.620077 0.698210 0.357781 0.307274 -0.203470 0.929614 -0.721864 -0.686369 0.088374
25.852615 -17.694514 -3335.294223 -84.230761 -0.606859 0.750521 0.261612 0.210467 -0.165658 0.963463 -0.766437 -0.639747 0.057429
29.289055 -20.822279 -1819.296915 -429.183577 -0.501791 0.822398 0.268082 0.250804 -0.158281 0.955010 -0.827831 -0.546451 0.126836
30.496277 -22.309538 -1946.374032 -227.207029 -0.486536 0.814995 0.314747 0.367342 -0.136036 0.920084 -0.792681 -0.563273 0.233196
27.879672 -19.721123 4678.974890 196.224507 0.618023 -0.653289 -0.437335 -0.451489 0.160466 -0.877729 -0.643588 -0.739908 0.195781
11.669218 -16.717155 3350.320039 714.197194 0.607218 -0.639397 -0.471654 -0.401685 0.265129 -0.876559 -0.685519 -0.721719 0.095845
21.532879 -104.524254 3294.606481 -1112.825522 0.815661 0.526418 0.239961 -0.189795 -0.148336 0.970554 -0.546512 0.837186 0.021081
13.893034 -105.785536 2820.309715 1376.567993 0.844783 0.502027 0.185230 -0.093790 -0.201883 0.974909 -0.526825 0.840959 0.123462
51.130476 -109.831631 9346.506052 8428.344036 0.845522 0.467354 0.258210 0.009696 -0.496953 0.867723 -0.533852 0.731176 0.424716
126.632836 -108.058253 18094.051554 -11243.831176 0.763836 0.503417 0.403889 -0.047516 0.667950 -0.742688 -0.643659 0.548100 0.534124
52.784295 -108.020275 10666.236259 4118.775045 0.808513 0.488937 0.327487 -0.155188 -0.359650 0.920091 -0.567647 0.794728 0.214905
75.078468 -84.700695 11585.935895 9786.387030 0.884394 0.427818 0.186597 0.223820 -0.739556 0.634792 -0.409574 0.519642 0.749814
5.263828 -23.180012 885.098082 523.790639 -0.620835 0.579617 0.527833 0.761590 0.605566 0.230803 -0.185860 0.545283 -0.817388
4.189645 -20.431399 862.850345 600.115777 -0.624724 0.574824 0.528486 0.775518 0.535685 0.334086 -0.091061 0.618562 -0.780441
0.525724 -23.526986 1052.750698 620.901669 -0.643433 0.544443 0.538122 0.743586 0.611528 0.270396 -0.181861 0.574121 -0.798318
6.463989 -20.742508 262.173849 532.929624 -0.617800 0.607868 0.498818 0.780974 0.548279 0.299115 -0.091669 0.574357 -0.813456
6.708903 -23.189228 -114.314473 454.673656 -0.628613 0.628784 0.457685 0.762973 0.612651 0.206233 -0.150726 0.478842 -0.864865
2.884620 -29.234420 28.648981 25.408274 -0.476300 0.418975 0.773045 0.447256 0.872385 -0.197246 -0.757034 0.251801 -0.602907
2.294356 -28.513119 132.606720 108.793155 -0.465747 0.399467 0.789624 0.458729 0.872047 -0.170590 -0.756735 0.282772 -0.589401
2.107975 -28.142140 209.303643 -450.828676 -0.453871 0.420259 0.785738 0.341721 0.896466 -0.282092 -0.822938 0.140470 -0.550491
13.233344 -39.998570 1204.315749 478.900243 0.753383 -0.583921 -0.302408 0.597926 0.416903 0.684599 0.273677 0.696583 -0.663229
15.374035 -40.875033 998.271607 -1336.472767 0.782400 -0.547221 -0.297321 0.525927 0.324877 0.786038 0.333544 0.771365 -0.541982
13.355852 -34.990332 -130.546534 -634.123586 0.819962 -0.433167 -0.374206 0.553178 0.431565 0.712563 0.147164 0.791276 -0.593485
13.539964 -34.165272 180.962330 2173.197422 0.798184 -0.469834 -0.377038 0.584268 0.451309 0.674501 0.146743 0.758667 -0.634737
-1.812389 -88.501037 -494.165535 2413.587492 0.732190 0.651201 0.199586 -0.020429 -0.271907 0.962107 -0.680794 0.708523 0.185784
-2.163860 -89.346790 -329.259076 -688.383211 0.748144 0.635296 0.191518 -0.279223 0.039595 0.959410 -0.601926 0.771253 -0.207012
-1.447285 -85.786123 -263.604436 1284.635195 0.745878 0.639836 0.185136 -0.173364 -0.081886 0.981448 -0.643126 0.764136 -0.049848
-0.659836 -79.437918 -263.412988 2511.526038 0.739222 0.646428 0.188894 0.046419 -0.328722 0.943285 -0.671860 0.688529 0.273005
-1.122064 -77.785495 -181.197826 2934.560665 0.751169 0.632552 0.188740 0.167845 -0.459549 0.872148 -0.638415 0.623452 0.451370
-2.008936 -85.323719 -562.133550 2989.803028 0.737613 0.645347 0.198633 0.208189 -0.497203 0.842286 -0.642328 0.579928 0.501098
31.242990 -23.888126 2648.032633 880.724577 0.804002 -0.117796 -0.582842 0.526069 -0.316003 0.789553 0.277186 0.941417 0.192099
44.625207 -20.973366 5685.581379 -161.023717 0.825874 -0.243356 -0.508635 0.410639 -0.358592 0.838324 0.386404 0.901216 0.196220
119.654515 -9.288404 21349.323477 -1713.110810 0.972303 -0.233664 -0.005228 -0.080156 -0.354380 0.931660 0.219548 0.905437 0.363295
29.141804 -18.142535 921.659491 1030.480907 0.871626 0.027221 -0.489415 0.475887 -0.286276 0.831611 0.117471 0.957760 0.262479
3.418357 -29.803321 -135.880683 396.991301 0.707102 -0.273596 -0.652037 0.396737 -0.609793 0.686113 0.585325 0.743840 0.322641
2.995651 -32.812055 -164.412181 704.660334 0.704010 -0.258598 -0.661435 0.494311 -0.490299 0.717818 0.509928 0.832306 0.217348
3.905218 -32.009278 -93.506920 558.676534 0.685886 -0.285058 -0.669554 0.457288 -0.546896 0.701279 0.566082 0.787176 0.244755
-0.703681 -74.058471 -173.681219 280.236594 0.764999 0.609587 0.207797 -0.341937 0.657859 -0.671044 -0.545761 0.442295 0.711702
-1.110665 -70.808835 -209.473439 1218.492952 0.758148 0.626076 0.182319 0.314140 -0.595682 0.739243 -0.571426 0.503182 0.648290
0.089626 -76.701210 -147.189187 1009.355973 0.749704 0.633764 0.190492 0.221140 -0.511224 0.830510 -0.623731 0.580511 0.523418
-1.783240 -66.887573 -201.115146 -93.822066 0.775080 0.597715 0.204910 -0.415621 0.726537 -0.547178 -0.475931 0.338941 0.811547
-1.511970 -74.176756 -246.592866 199.714346 0.793723 0.560046 0.237387 -0.434278 0.795000 -0.423529 -0.425919 0.233073 0.874225
0.237986 -79.331079 -120.415652 679.114247 0.784468 0.584094 0.208433 -0.359583 0.702217 -0.614485 -0.505282 0.407095 0.760897
-6.315784 -20.965756 261.289285 512.781426 0.414248 -0.887005 -0.204013 0.869426 0.319329 0.376997 -0.269251 -0.333544 0.903467
-7.518419 -20.918385 -585.480446 94.897734 -0.410358 0.893765 0.181083 0.830200 0.283981 0.479711 -0.377324 -0.347188 0.858537
-6.608830 -21.726672 351.285107 58.981599 0.434227 -0.874029 -0.217989 0.823633 0.287228 0.489008 -0.364795 -0.391884 0.844602
-4.653010 -24.153210 1028.961831 -58.864824 0.845459 -0.527943 -0.080462 0.273308 0.557186 -0.784121 -0.458804 -0.640952 -0.615369
2.016563 -23.764431 1376.357643 -221.087062 0.850937 -0.522968 -0.049099 0.231354 0.457073 -0.858813 -0.471573 -0.719436 -0.509931
-4.132982 -23.348554 1090.073635 -139.493478 0.847861 -0.524195 -0.079693 0.210256 0.470377 -0.857052 -0.486748 -0.709905 -0.509030
-27.381304 -168.986758 -972.553980 -25789.000710 -0.047558 -0.577195 0.815220 0.854820 0.398695 0.332153 -0.516741 0.712663 0.474436
-73.032310 -214.630451 -7754.490397 -34300.137304 -0.096311 -0.684705 0.722429 0.820449 0.356325 0.447097 -0.563549 0.635776 0.527447
-40.854035 -441.779455 -3823.729170 -72221.915654 -0.082426 -0.612866 0.785876 0.909078 0.276903 0.311291 -0.408391 0.740081 0.534319
-30.316171 -295.922628 -342.290710 -42952.908750 -0.096227 -0.553222 0.827457 0.950842 0.194744 0.240778 -0.294346 0.809951 0.507287
-7.269850 -18.759278 -329.510971 353.409811 -0.211074 0.919026 0.332925 -0.556089 0.167208 -0.814129 0.803873 0.356977 -0.475767
-5.007405 -16.301895 -215.730005 558.167742 -0.278581 0.923948 0.262132 -0.619197 0.035851 -0.784417 0.734158 0.380835 -0.562118
-7.731750 -18.747289 -32.933279 278.510879 -0.385878 0.913588 0.128277 -0.476679 -0.078399 -0.875575 0.789858 0.399012 -0.465741
-5.323260 -17.796493 -217.270478 518.486238 -0.098683 0.889356 0.446439 -0.622160 0.294994 -0.725187 0.776646 0.349320 -0.524211
-8.629787 -20.799369 -375.012328 339.249024 -0.074394 0.868043 0.490884 -0.498625 0.393917 -0.772141 0.863619 0.302210 -0.403523
11.240364 -24.676285 1444.007697 1034.921840 -0.045507 0.226813 0.972875 0.785506 0.609808 -0.105426 -0.617179 0.759401 -0.205913
12.379318 -22.913817 1079.480872 486.399290 0.032429 0.289196 0.956721 0.713185 0.663929 -0.224866 -0.700225 0.689611 -0.184719
16.459654 -26.755560 527.898702 1190.013998 -0.144306 0.286943 0.947016 0.728841 0.678142 -0.094414 -0.669303 0.676599 -0.306996
-2.933498 -25.198633 -173.328974 162.410258 0.582546 -0.507387 -0.634979 0.332591 0.861632 -0.383370 0.741636 0.012143 0.670693
-3.010347 -26.496850 50.277084 -561.900312 0.547157 -0.525183 -0.651768 0.459456 0.839318 -0.290596 0.699657 -0.140457 0.700537
-2.558282 -23.748333 239.160462 437.321994 0.565900 -0.470602 -0.676972 0.294782 0.882308 -0.366927 0.769974 0.008085 0.638024
-2.329931 -24.359032 414.753476 1146.099450 0.569300 -0.423530 -0.704641 0.142303 0.894920 -0.422929 0.809720 0.140501 0.569748
-2.213241 -25.388634 91.943577 1015.956277 0.585709 -0.471087 -0.659562 0.170556 0.867164 -0.467907 0.792373 0.161565 0.588253
-4.753909 -55.918984 -601.936588 -540.195543 -0.454481 0.595302 0.662618 0.055141 0.761258 -0.646101 -0.889048 -0.257103 -0.378803
-1.738217 -49.733851 -512.222974 -927.712055 -0.459582 0.612743 0.642908 -0.013573 0.718954 -0.694925 -0.888032 -0.328101 -0.322101
-4.544756 -51.325675 -605.247195 1635.880875 -0.454703 0.640850 0.618512 0.169243 -0.619631 0.766430 -0.874415 -0.453177 -0.173289
-7.137781 -59.672376 -602.220377 -1268.758518 -0.428580 0.613941 0.662869 -0.037339 0.721003 -0.691925 -0.902732 -0.321296 -0.286083
-2.589996 -84.923950 53.596561 -451.863734 -0.251811 0.381375 0.889463 0.594475 0.786197 -0.168799 -0.763670 0.486258 -0.424690
-2.293758 -86.270409 -266.898884 -1391.340358 -0.280744 0.378436 0.882026 0.661894 0.741834 -0.107609 -0.695039 0.553597 -0.458749
-2.231197 -91.343140 -268.021046 1414.254991 -0.248209 0.431566 0.867262 0.487912 0.829121 -0.272947 -0.836859 0.355400 -0.416362
-1.482609 -95.776459 -63.509514 2890.037585 -0.212024 0.487840 0.846793 0.217612 0.868305 -0.445747 -0.952728 0.089763 -0.290261
-2.789579 -98.694733 259.570036 2426.841229 -0.221370 0.412608 0.883601 0.446590 0.848378 -0.284275 -0.866921 0.331677 -0.372072
-6.313960 -26.899207 416.585087 426.884247 0.381386 -0.521985 -0.762940 0.765480 -0.284368 0.577213 -0.518252 -0.804156 0.291115
-7.476752 -27.388473 -65.696824 177.720479 0.369838 -0.551639 -0.747606 0.694711 -0.370107 0.616764 -0.616925 -0.747473 0.246350
1.716274 -27.706907 2514.278718 36.609852 0.372582 -0.484513 -0.791473 0.682996 -0.434226 0.587336 -0.628250 -0.759404 0.169135
-9.132701 -26.379793 -517.173812 568.281046 0.364678 -0.558635 -0.744940 0.783178 -0.248696 0.569896 -0.503628 -0.791250 0.346817
3.995484 -26.904646 3904.372489 250.167586 0.357860 -0.436519 -0.825462 0.765706 -0.368778 0.526970 -0.534445 -0.820642 0.202275
5.853959 -25.503307 2322.834814 453.266787 0.314223 -0.451882 -0.834905 0.848930 -0.259914 0.460177 -0.424949 -0.853374 0.301945
-5.910295 -25.008082 113.335434 439.077907 0.352407 -0.526654 -0.773592 0.849128 -0.167573 0.500899 -0.393434 -0.833399 0.388143
21.392729 -29.077873 -1866.616545 -302.747328 -0.327015 0.372466 0.868522 0.374472 0.894891 -0.242779 -0.867659 0.245845 -0.432121
35.813211 -23.857073 -3372.861618 -137.540456 -0.193490 0.484354 0.853207 0.427560 0.824345 -0.371008 -0.883037 0.293011 -0.366594
47.439886 -19.417598 -6272.061113 -107.467183 -0.219440 0.551201 0.804999 0.320724 0.820008 -0.474050 -0.921402 0.154157 -0.356726
43.616762 -23.736987 -5936.139099 -636.227853 -0.322056 0.532033 0.783084 0.230691 0.846323 -0.480123 -0.918184 0.026024 -0.395299
455.806435 -50.824098 -66500.007203 -2949.184567 -0.140309 0.666725 0.731977 0.191617 0.743599 -0.640581 -0.971389 0.050380 -0.232089
0.890740 -34.084521 55.627289 71.887338 -0.331526 0.519226 0.787715 0.685513 0.706219 -0.176995 -0.648200 0.481311 -0.590065
1.848375 -34.680815 106.635205 -74.748644 -0.329188 0.522916 0.786253 0.565107 0.776186 -0.279622 -0.756498 0.352269 -0.551015
0.878470 -35.042732 45.841499 44.850737 -0.356350 0.496499 0.791520 0.678785 0.719706 -0.145856 -0.642079 0.485296 -0.593483
0.053391 -33.635397 12.440369 54.193037 -0.355605 0.495836 0.792270 0.766888 0.639340 -0.055914 -0.534254 0.587699 -0.607604
4.152017 -36.125848 71.802310 -427.664023 -0.380277 0.539531 0.751196 0.202893 0.841097 -0.501389 -0.902343 -0.038254 -0.429317
4.049617 -36.177660 41.402388 -556.833820 -0.400379 0.575195 0.713335 0.061759 0.793621 -0.605270 -0.914266 -0.198282 -0.353272
4.671412 -38.777143 -21.829673 -320.288288 -0.420555 0.525961 0.739255 0.232232 0.850077 -0.472692 -0.877041 -0.027114 -0.479649
-0.722544 -91.488445 -49.406184 -583.285813 0.733377 0.012904 -0.679699 0.272599 0.910337 0.311410 0.622774 -0.413666 0.664103
0.253229 -82.147533 54.301137 -809.796237 0.751631 0.060600 -0.656794 0.140940 0.958016 0.249683 0.644349 -0.280238 0.711534
0.695839 -89.189191 -87.702224 2495.506512 0.741475 0.054262 -0.668783 0.013045 0.995371 0.095223 0.670854 -0.079330 0.737334
3.769722 -102.589378 -775.380247 1855.961732 0.723204 0.004723 -0.690618 0.113083 0.985671 0.125160 0.681313 -0.168613 0.712308
-7.280251 -45.808661 279.689197 1700.219502 0.282443 0.080888 -0.955868 0.058845 0.993101 0.101427 0.957477 -0.084896 0.275735
-5.942264 -46.817706 -39.392689 1524.033316 0.253854 0.018597 -0.967064 0.170014 0.983391 0.063539 0.952184 -0.180544 0.246476
-7.398128 -38.904512 32.000967 1484.083269 0.272896 0.080994 -0.958628 -0.087242 0.994428 0.059183 0.958080 0.067482 0.278442
-8.145057 -38.708919 158.204936 1416.738760 0.309601 0.136478 -0.941021 -0.166097 0.982193 0.087803 0.936247 0.129117 0.326756
-8.390099 -44.388758 272.890558 1944.106741 0.328949 0.112020 -0.937680 -0.028830 0.993668 0.108595 0.943907 -0.008689 0.330096
0.658626 -154.125889 -4945.524097 -10630.742374 -0.876588 -0.010274 0.481132 0.018832 0.998274 0.055629 -0.480873 0.057825 -0.874882
-20.777088 -181.378428 -2608.174515 -25558.477411 -0.793663 0.145511 0.590699 0.125300 0.989254 -0.075338 -0.595314 0.014221 -0.803367
6.728900 -405.949421 -2369.268964 -67267.253294 -0.859268 0.108141 0.499965 0.175984 0.980230 0.090437 -0.480300 0.165695 -0.861311
-1.298617 -131.746948 -2552.582569 15929.248448 -0.850098 -0.296926 0.434936 -0.264441 0.954901 0.135040 -0.455417 -0.000218 -0.890278
14.111647 -390.768240 3637.370570 -55585.479954 0.882206 -0.135024 -0.451088 0.309755 0.887945 0.340007 -0.354633 0.439683 -0.825175
24.924876 -326.380027 -3976.613618 -33635.931545 -0.816153 0.021007 0.577454 0.077849 0.994226 0.073859 -0.572568 0.105235 -0.813075
25.927760 -733.614116 -7339.951379 80907.243416 -0.847832 -0.254340 0.465286 -0.306540 0.951071 -0.038684 -0.432682 -0.175426 -0.884315
7.606285 -21.259129 -8.572409 21.446862 -0.577434 0.696183 0.426496 0.746160 0.237969 0.621785 0.331383 0.677274 -0.656875
7.150862 -23.519990 -72.825006 -88.361080 -0.584257 0.712600 0.388387 0.732251 0.256525 0.630875 0.349931 0.652990 -0.671679
6.782786 -23.288784 81.336423 341.200332 -0.630698 0.685768 0.363238 0.648926 0.209364 0.731479 0.425576 0.697057 -0.577059
-2.959605 -17.805956 -589.728295 -801.857462 0.446844 -0.663351 0.600247 0.603901 -0.271356 -0.749446 0.660026 0.697375 0.279344
-2.126315 -17.908175 -662.027058 -132.834545 0.336367 -0.606734 0.720230 0.698473 -0.352246 -0.622943 0.631659 0.712599 0.305303
-5.919417 -19.188636 172.686081 -637.814174 -0.250930 0.573475 -0.779847 0.678380 -0.470515 -0.564283 0.690532 0.670628 0.270968
-7.696963 -19.250537 253.600039 -262.571499 -0.641374 0.766589 0.031323 -0.304344 -0.216731 -0.927579 0.704283 0.604458 -0.372312
-7.761292 -18.881717 293.118342 -384.162428 -0.613106 0.787152 0.067031 -0.264237 -0.124368 -0.956405 0.744500 0.604090 -0.284245
-9.355398 -20.090887 284.049522 -200.495588 -0.598987 0.800759 -0.000972 -0.287046 -0.215850 -0.933281 0.747543 0.558744 -0.359145
-8.329062 -20.300561 260.661371 70.216668 -0.635892 0.771239 -0.028833 -0.352183 -0.323214 -0.878350 0.686737 0.548382 -0.477147
-9.722022 -20.426651 264.041874 113.860958 -0.586313 0.809340 -0.034730 -0.366078 -0.302957 -0.879889 0.722651 0.503176 -0.473909
-11.345470 -20.659698 288.868087 -45.657125 -0.540500 0.841226 -0.014060 -0.325001 -0.224174 -0.918760 0.776037 0.492020 -0.394566
93.100767 -794.714333 12547.452810 138511.327299 -0.405718 0.593124 0.695411 0.863689 0.497737 0.079370 -0.299056 0.632821 -0.714215
34.522890 -168.990060 951.966032 22173.331027 -0.559149 0.499360 0.661809 0.826722 0.395834 0.399809 -0.062318 0.770685 -0.634162
28.719298 -193.830679 1842.983001 21020.581615 -0.403528 0.455813 0.793347 0.911563 0.275011 0.305652 -0.078859 0.846524 -0.526477
16.361548 -215.401096 1852.412299 30301.173989 -0.489920 0.435015 0.755474 0.841207 0.008458 0.540647 0.228800 0.900383 -0.370082
15.260948 -136.955356 1600.881459 13489.317030 -0.386732 0.343468 0.855844 0.917741 0.052269 0.393725 0.090497 0.937709 -0.335429
39.669210 -267.219266 4194.673073 23567.239328 -0.361079 0.472810 0.803786 0.752790 0.656507 -0.048005 -0.550389 0.587749 -0.592978
-105.156518 -247.626050 -10965.025776 34999.081852 -0.031882 0.232028 -0.972186 0.834629 -0.528958 -0.153615 -0.549889 -0.816312 -0.176793
-10.934116 -119.376462 7738.519800 -17767.117063 0.848343 -0.499542 -0.175417 -0.005319 0.323262 -0.946294 -0.529420 -0.803716 -0.271580
-21.046693 -33.714767 4573.239861 -279.277520 0.784215 -0.600922 0.154599 0.238307 0.061641 -0.969232 -0.572903 -0.796928 -0.191544
-96.023115 -263.534949 6027.242278 -33715.986838 -0.050011 -0.001264 0.998748 -0.497008 0.867420 -0.023789 -0.866304 -0.497575 -0.044008
-164.736657 -340.029683 7770.467959 -43748.147092 -0.379535 -0.033548 0.924569 -0.558256 0.805215 -0.199946 -0.737770 -0.592033 -0.324336
-47.998164 -224.335781 -3790.534052 31341.349877 -0.179429 0.164455 -0.969928 0.713398 -0.657132 -0.243393 -0.677398 -0.735616 0.000587
-26.604599 -103.126640 -2326.810256 15566.475534 -0.327700 0.322123 -0.888172 0.748259 -0.485462 -0.452146 -0.576820 -0.812751 -0.081945
-26.678684 -42.679708 89.280436 1544.941436 0.917954 -0.388099 0.082098 -0.051528 -0.321863 -0.945383 -0.393327 -0.863588 0.315453
-29.638524 -41.581451 354.000566 847.865280 0.917653 -0.376733 -0.126431 -0.253714 -0.310569 -0.916066 -0.305847 -0.872708 0.380577
-26.398086 -39.146773 195.780835 1094.530913 0.867980 -0.339195 -0.362707 -0.427265 -0.137853 -0.893555 -0.253089 -0.930561 0.264580
-19.419773 -31.676749 299.274102 -501.023905 -0.014451 0.373259 -0.927615 0.998864 0.047516 0.003559 0.045405 -0.926510 -0.373521
-20.542299 -33.689828 226.980077 -61.989284 0.057319 0.382685 -0.922099 0.970842 0.193974 0.140852 0.232765 -0.903286 -0.360408
-20.227384 -32.521758 543.363844 -375.069707 0.037487 0.303952 -0.951950 0.993976 0.086832 0.066867 0.102984 -0.948722 -0.298866
21.959622 -17.541918 -3183.275179 -206.098211 -0.627963 0.749628 0.209093 0.109165 -0.181171 0.977374 -0.770548 -0.636581 -0.031936
12.935568 -16.989456 -2509.879313 335.771025 -0.652677 0.715388 0.249465 0.104285 -0.241306 0.964830 -0.750425 -0.655738 -0.082891
19.902073 -17.965001 -3325.564349 219.938324 -0.650820 0.737106 0.181956 0.032239 -0.212612 0.976605 -0.758547 -0.641460 -0.114608
26.159848 -20.804885 24.134204 -294.006402 -0.436322 0.881229 0.181819 0.141540 -0.132333 0.981048 -0.888588 -0.453788 0.066989
22.875205 -19.647326 -973.521006 -172.365686 -0.502888 0.853239 0.138157 0.001087 -0.159214 0.987243 -0.864351 -0.496623 -0.079139
9.231601 -108.581104 1616.627201 -8945.422489 0.818005 0.536289 0.207995 -0.361388 0.197831 0.911187 -0.447512 0.820522 -0.355635
0.096674 -103.817750 956.392330 -7045.972451 0.851238 0.509485 0.125775 -0.221354 0.131283 0.966316 -0.475811 0.850406 -0.224530
5.254946 -18.596591 286.103852 423.589804 -0.629787 0.602979 0.489678 0.776646 0.499990 0.383186 -0.013780 0.621632 -0.783188
1.652299 -26.503072 130.754395 27.640838 -0.459340 0.485598 0.743775 0.069342 0.854387 -0.514989 -0.885550 -0.184980 -0.426127
1.041757 -25.452154 227.413194 -342.573240 -0.448795 0.486915 0.749331 -0.104207 0.804285 -0.585036 -0.887538 -0.340647 -0.310219
2.294379 -25.861039 173.111807 -306.934947 -0.464117 0.491576 0.736850 -0.005231 0.830336 -0.557238 -0.885758 -0.262479 -0.382802
0.787136 -25.008376 333.670355 28.259954 -0.431483 0.474204 0.767433 0.024243 0.856486 -0.515600 -0.901795 -0.203868 -0.381056
2.803111 -27.404959 96.098437 -286.437230 -0.470793 0.479650 0.740466 0.112725 0.865123 -0.488727 -0.875012 -0.146620 -0.461363
2.467387 -28.188885 -76.466348 -274.573779 -0.478794 0.467541 0.743076 0.185572 0.881171 -0.434857 -0.858091 -0.070313 -0.508662
1.325366 -26.193580 286.244631 155.502080 -0.438650 0.467511 0.767476 0.145552 0.879709 -0.452688 -0.886792 -0.086864 -0.453932
12.501973 -48.266196 1127.478967 -1791.475728 0.740358 -0.606803 -0.289243 0.434408 0.103523 0.894747 0.512992 0.788082 -0.340244
12.964170 -42.644279 1193.239319 -1272.602479 0.748240 -0.599597 -0.283937 0.498160 0.225132 0.837348 0.438148 0.767984 -0.467148
8.562858 -44.193024 1165.464352 -1044.357608 0.716123 -0.638044 -0.282962 0.500518 0.186886 0.845314 0.486466 0.746976 -0.453186
7.980979 -51.363619 1192.102889 -1524.007007 0.691794 -0.657935 -0.297562 0.399558 0.005531 0.916691 0.601477 0.753055 -0.266709
2.989560 -42.008301 919.814987 -13.782371 0.682722 -0.661341 -0.310675 0.610218 0.282193 0.740271 0.401901 0.694979 -0.596222
2.037747 -45.604707 850.066337 -833.366121 0.674957 -0.665571 -0.318510 0.532407 0.140441 0.834757 0.510858 0.733001 -0.449147
-2.404955 -27.021232 222.865429 173.110568 0.704563 -0.474889 -0.527325 0.346341 0.878689 -0.328564 0.619386 0.048860 0.783565
-1.383934 -28.622521 -4.060302 418.820710 0.702946 -0.479684 -0.525138 0.366173 0.877047 -0.310976 0.609741 0.026308 0.792164
-1.819654 -27.248949 74.207283 -583.984284 0.706126 -0.478932 -0.521547 0.295412 0.868651 -0.397714 0.643520 0.126765 0.754859
-1.635694 -30.527537 109.157373 1148.107748 0.705810 -0.465051 -0.534378 0.402741 0.883999 -0.237372 0.582780 -0.047676 0.811230
-2.886873 -26.747199 156.586163 -792.036933 0.702757 -0.501570 -0.504540 0.291832 0.850016 -0.438529 0.648820 0.160938 0.743728
-3.125811 -31.444900 371.486712 1372.434735 0.714964 -0.441123 -0.542437 0.373350 0.896843 -0.237238 0.591132 -0.032902 0.805904
-3.407326 -26.463016 352.956950 410.524411 0.711236 -0.466183 -0.526133 0.330103 0.882300 -0.335528 0.620625 0.064962 0.781412
-1.573646 -83.703114 -380.456263 -767.197627 0.747303 0.636324 0.191388 -0.364412 0.151615 0.918813 -0.555645 0.756376 -0.345186
-2.368524 -86.177754 -323.077241 -3056.573160 0.751110 0.630568 0.195495 -0.475808 0.311787 0.822433 -0.457647 0.710755 -0.534215
-2.233173 -86.857263 193.807060 -3818.898984 0.773276 0.601924 0.199329 -0.437696 0.279276 0.854650 -0.458767 0.748126 -0.479417
138.832361 -12.948028 19253.909275 -496.145526 0.948313 -0.215638 -0.232814 0.117179 -0.443852 0.888406 0.294909 0.869768 0.395642
84.563014 -18.770599 12393.797336 -171.191589 0.819243 -0.341474 -0.460692 0.270796 -0.477786 0.835697 0.505481 0.809392 0.298953
333.631752 -23.523074 55539.795812 401.754668 0.918691 -0.255388 -0.301303 0.136448 -0.510664 0.848884 0.370659 0.820974 0.434296
1.997143 -27.419738 208.867000 -463.362971 -0.447646 0.448301 0.773718 0.225929 0.893882 -0.387210 -0.865199 0.001472 -0.501426
1.509309 -26.161764 123.702693 -823.668103 -0.458839 0.423729 0.780974 0.242126 0.905325 -0.348943 -0.854893 0.028985 -0.517994
1.016001 -26.793804 170.182009 47.624052 -0.450820 0.436971 0.778343 0.179790 0.898562 -0.400328 -0.874321 -0.040537 -0.483653
3.840080 -30.588197 -28.974209 149.233466 0.689399 -0.335526 -0.641990 0.313659 -0.660600 0.682075 0.652952 0.671588 0.350176
4.086000 -32.304881 -58.242644 512.436780 0.677239 -0.312396 -0.666150 0.420817 -0.578219 0.698982 0.603540 0.753705 0.260131
3.165854 -33.127863 74.012710 452.474603 0.677980 -0.353117 -0.644710 0.339240 -0.627771 0.700586 0.652119 0.693695 0.305825
2.473952 -31.169120 33.305249 -86.472762 0.696915 -0.375344 -0.611086 -0.208253 0.709462 -0.673272 0.686251 0.596473 0.416268
3.228022 -29.140594 62.296111 -53.341389 0.694281 -0.346531 -0.630786 -0.222289 0.730350 -0.645892 0.684516 0.588647 0.430038
-2.995209 -64.474516 -29.716898 -733.248818 0.820847 0.526703 0.220893 -0.511728 0.849987 -0.125128 -0.253662 -0.010326 0.967238
-2.228986 -69.129856 -358.318617 -738.651304 0.817499 0.515745 0.256324 -0.498164 0.856561 -0.134668 -0.289012 -0.017600 0.957164
-4.135536 -67.806682 -46.153666 844.415823 0.848732 0.468942 0.244432 0.507471 -0.852254 -0.127026 -0.148750 -0.231853 0.961310
-3.873887 -63.263007 -35.597998 -69.840089 0.839842 0.492423 0.228439 0.525570 -0.842907 -0.115255 -0.135798 -0.216856 0.966712
-5.095693 -66.965471 70.143960 -703.545946 0.865840 0.441744 0.234910 0.499199 -0.794177 -0.346531 -0.033482 -0.417308 0.908148
-4.243992 -69.862480 88.112633 -302.545093 0.875347 0.422854 0.234438 0.482560 -0.794217 -0.369264 -0.030050 -0.436365 0.899268
-8.314544 -20.361680 466.266483 351.554452 0.251660 -0.939774 -0.231284 0.924657 0.162903 0.344198 -0.285791 -0.300479 0.909965
-10.398705 -19.213679 -514.021006 129.923346 -0.397572 0.909007 0.125072 0.826409 0.295498 0.479300 -0.398729 -0.293916 0.868694
5.360413 -67.751853 -1300.544833 10557.364166 0.845320 0.328159 0.421600 -0.042685 0.828088 -0.558971 -0.532553 0.454514 0.714006
-11.334617 -57.161555 -7183.215081 7052.090659 0.712735 -0.063046 0.698594 0.282044 0.937651 -0.203132 -0.642231 0.341814 0.686078
-25.414229 -34.607456 2947.328904 -11143.501471 -0.183526 0.695014 -0.695178 0.738895 0.563960 0.368760 -0.648346 0.445987 0.617044
-29.870363 -120.972365 1196.691703 -684.241052 0.527891 -0.440558 0.726113 0.606823 0.793806 0.040463 -0.594219 0.419262 0.686384
-20.335910 -54.706397 -6733.136308 -6419.101423 0.765390 0.588475 0.260528 -0.314424 0.695149 -0.646456 -0.561529 0.412875 0.717091
-23.391200 -96.618270 1923.955290 -17927.346911 0.092081 0.819600 -0.565488 0.821364 0.258531 0.508452 -0.562924 0.511290 0.649384
2.476169 -23.855108 1389.714066 303.640456 0.763921 -0.644186 0.038069 0.641808 0.752314 -0.148680 -0.067138 -0.138013 -0.988152
1.360367 -24.568288 1291.990235 124.580178 0.775608 -0.630758 0.024003 0.614387 0.745663 -0.257907 -0.144779 -0.214782 -0.965872
-3.862474 -22.978337 986.625329 181.137528 0.747017 -0.664719 0.010702 0.658122 0.737134 -0.153327 -0.094031 -0.121581 -0.988118
-2.024144 -22.076811 929.426323 312.562974 0.737045 -0.675662 0.015671 0.675201 0.735135 -0.060657 -0.029463 -0.055288 -0.998036
2.012270 -22.660732 1306.789307 295.011030 0.749700 -0.660772 0.036476 0.661534 0.746789 -0.068398 -0.017955 -0.075408 -0.996991
3.780660 -4.333015 -28.203870 996.868765 -0.523919 -0.359207 -0.772321 0.851763 -0.224085 -0.473588 -0.002950 -0.905956 0.423362
5.326622 -7.913888 -529.252800 1085.660948 -0.672847 -0.352700 -0.650293 0.739747 -0.329311 -0.586795 -0.007186 -0.875875 0.482485
1.500706 -2.395686 237.407426 636.309128 0.818102 0.286329 0.498723 0.574359 -0.363594 -0.733425 0.028668 -0.886462 0.461912
2.312817 -0.943930 -75.135858 -623.818251 0.995280 -0.086173 -0.044628 -0.080378 -0.474334 -0.876668 -0.054377 -0.876117 0.479022
1.264276 0.065573 -213.055801 -200.763029 0.111129 -0.446762 -0.887724 0.992077 -0.002794 0.125599 -0.058593 -0.894648 0.442912
-13.712827 -19.733414 -314.381993 -183.129267 0.894440 -0.263864 -0.361043 0.431687 0.720198 0.543103 -0.116717 0.641631 -0.758081
-12.327701 -19.023200 -135.315404 -162.839122 0.879285 -0.279161 -0.385911 0.445654 0.768122 0.459762 -0.168079 0.576245 -0.799807
-12.873056 -20.143025 -78.294776 -106.489135 0.936489 -0.136222 -0.323159 0.312917 0.740621 0.594612 -0.158339 0.657969 -0.736210
-13.998116 -20.476083 -323.026694 -102.921666 0.961368 -0.102693 -0.255395 0.256379 0.671811 0.694939 -0.100212 0.733569 -0.672186
-13.044362 -21.057315 24.787740 -186.885045 0.961679 -0.053628 -0.268880 0.230890 0.687275 0.688725 -0.147860 0.724415 -0.673321
-1.372652 -69.754704 1795.108365 -4425.080260 0.708010 0.097750 0.699405 -0.398655 -0.762162 0.510081 -0.582920 0.639964 0.500650
5.435489 -122.891143 -447.752818 14579.180707 0.520785 -0.366528 -0.771000 -0.029593 0.894846 -0.445393 0.853175 0.254770 0.455175
2.105874 -61.110223 129.111055 6454.490720 0.517801 -0.417539 -0.746688 -0.217559 0.779845 -0.586950 0.827375 0.466372 0.312965
4.425020 -162.731379 -509.021795 25071.409807 0.498699 -0.314530 -0.807694 -0.186786 0.870947 -0.454491 0.846410 0.377520 0.375591
-20.704806 -32.227110 95.065325 -193.342266 0.320819 0.691176 -0.647573 -0.460545 0.711283 0.531013 0.827631 0.127878 0.546511
-21.149898 -31.830640 33.234414 -33.574188 0.471319 0.613609 -0.633515 -0.448182 0.785278 0.427167 0.759599 0.082598 0.645125
-21.983390 -31.932504 223.770595 -55.647630 0.410039 0.660091 -0.629403 -0.339760 0.750962 0.566233 0.846423 -0.018332 0.532196
-20.713322 -31.811075 134.208695 185.029742 0.276229 0.713181 -0.644259 0.319379 -0.700361 -0.638350 0.906474 0.029433 0.421236
-22.205832 -31.748438 404.838882 -124.115367 0.369494 0.660440 -0.653676 -0.200685 0.743573 0.637829 0.907304 -0.104491 0.407286
-6.361619 -18.559675 -33.247329 641.909197 -0.470684 0.882102 0.018788 -0.473456 -0.234550 -0.849014 0.744510 0.408513 -0.528036
-3.887407 -14.963537 -226.237027 863.455191 -0.377444 0.913347 0.152751 -0.624645 -0.129339 -0.770123 0.683633 0.386093 -0.619337
-1.822694 -12.383983 -255.729571 669.277233 -0.211866 0.917750 0.335928 -0.712371 0.090295 -0.695970 0.669059 0.386758 -0.634648
-2.941677 -14.401587 -173.913824 674.964342 -0.113473 0.896063 0.429179 -0.701333 0.233731 -0.673425 0.703744 0.377413 -0.601917
20.607480 -20.003700 -1858.392266 -362.869240 0.235082 0.486907 0.841224 0.550155 0.646839 -0.528137 -0.801290 0.586960 -0.115814
25.028711 -20.912211 -4701.389603 618.222602 0.403724 0.599814 0.690819 -0.473809 -0.508859 0.718726 -0.782631 0.617483 -0.078759
54.305078 -18.862312 -6964.373707 1042.932790 0.487930 0.630288 0.603872 -0.341289 -0.498986 0.796577 -0.803396 0.594769 0.028360
23.880777 -23.419269 -523.912678 -461.616603 -0.016628 0.409633 0.912099 0.553754 0.763318 -0.332719 -0.832515 0.499546 -0.239528
55.717075 -15.396344 -6361.986974 935.492548 0.260913 0.643563 0.719549 -0.354352 -0.629490 0.691504 -0.897975 0.435396 -0.063806
-3.584167 -30.617884 -78.474929 436.874717 0.539079 -0.563072 -0.626374 0.530007 0.804765 -0.267293 0.654589 -0.187890 0.732264
-3.196501 -28.450763 171.516069 557.122233 0.522135 -0.537513 -0.662159 0.503492 0.820933 -0.269378 0.688383 -0.192740 0.699272
-2.722445 -28.024879 -237.909503 -574.574268 0.567179 -0.547426 -0.615331 0.478051 0.827210 -0.295282 0.670653 -0.126681 0.730874
-2.068180 -52.613116 -537.926953 -79.685085 -0.462579 0.559757 0.687527 0.173001 0.817566 -0.549232 -0.869535 -0.135120 -0.475027
0.812599 -47.941685 -617.557554 -688.575458 -0.470705 0.571566 0.672123 0.112987 0.794570 -0.596567 -0.875026 -0.204866 -0.438587
0.630869 -44.389904 -446.674824 -902.458312 -0.465587 0.618761 0.632743 -0.045547 0.697261 -0.715369 -0.883829 -0.361886 -0.296453
-1.938854 -85.634251 -129.917748 -1429.936507 -0.334295 0.320180 0.886415 0.841295 0.525317 0.127530 -0.424816 0.788370 -0.444977
-1.444150 -72.858722 -225.409845 -1637.507636 -0.313140 0.350690 0.882587 0.784033 0.619900 0.031860 -0.535943 0.701954 -0.469068
-2.445475 -86.246846 73.547237 -2568.108772 -0.302851 0.324340 0.896150 0.740113 0.672449 0.006742 -0.600428 0.665294 -0.443700
-4.647650 -27.582701 -543.036394 -145.273129 -0.372788 0.537510 0.756381 0.590209 -0.491642 0.640266 -0.716018 -0.685107 0.133965
-7.848461 -26.746640 -400.955944 342.788325 0.347914 -0.577658 -0.738422 0.738598 -0.316227 0.595377 -0.577434 -0.752537 0.316637
-7.501546 -27.271799 -295.940469 -37.295569 0.361557 -0.575122 -0.733833 0.625510 -0.434031 0.648347 -0.691385 -0.693434 0.202818
2.477164 -78.978045 -87.064976 2568.530592 0.757986 0.120378 -0.641066 -0.171888 0.984947 -0.018287 0.629215 0.124052 0.767268
-1.764401 -80.288747 127.924444 2330.589349 0.747939 0.047779 -0.662045 -0.356840 -0.812071 -0.461742 0.559689 -0.581599 0.590331
1.035130 -73.417276 45.123869 -1529.259333 0.764130 0.075907 -0.640581 0.204276 0.913469 0.351918 0.611863 -0.399766 0.682503
2.134927 -74.067590 -77.148691 34.205643 0.767281 0.106040 -0.632484 -0.005166 0.987225 0.159248 0.641290 -0.118920 0.758027
-2.261624 -51.287445 -372.166979 884.992983 0.228444 -0.082079 -0.970091 0.391785 0.919944 0.014425 0.891245 -0.383362 0.242313
-2.535759 -52.612894 234.239990 598.188093 0.243834 0.000230 -0.969817 0.425138 0.898769 0.107103 0.871666 -0.438422 0.219053
0.174586 -53.043668 177.804008 -330.159309 0.203166 -0.063398 -0.977090 0.602007 0.795093 0.073586 0.772212 -0.603165 0.199702
-2.097886 -54.845829 597.513735 219.943266 0.242360 0.022059 -0.969936 0.558194 0.814527 0.158002 0.793524 -0.579706 0.185096
-10.749996 -114.372278 1154.498487 -20023.923660 -0.686116 0.354027 0.635539 0.213873 0.933157 -0.288922 -0.695344 -0.062310 -0.715971
-16.306034 -93.019271 412.266856 13574.158931 -0.667638 -0.495591 0.555562 -0.278865 0.858381 0.430599 -0.690286 0.132557 -0.711291
6.296047 -25.329019 64.913097 423.698514 -0.622299 0.705319 0.339514 0.630467 0.194542 0.751442 0.463956 0.681674 -0.565743
-6.484361 -17.690968 232.846520 -383.774885 -0.618974 0.774260 0.131881 -0.288544 -0.067999 -0.955049 0.730489 0.629204 -0.265498
-3.139620 -54.110834 22.031466 -227.478432 -0.399381 0.661044 0.635228 0.798988 -0.088805 0.594754 0.449570 0.745073 -0.492699
-4.564000 -53.575438 -54.207616 415.591308 -0.405958 0.647198 0.645238 0.750574 -0.166681 0.639419 0.521380 0.743876 -0.418105
-3.229950 -51.927285 -47.054744 698.554603 -0.399804 0.660988 0.635022 0.661638 -0.271348 0.699004 0.634344 0.699618 -0.328848
-2.280934 -54.118002 -343.532985 230.776813 -0.390107 0.688084 0.611847 0.739400 -0.161902 0.653510 0.548729 0.707339 -0.445610
315.759668 -2404.147047 -18077.775975 461879.299768 -0.669544 0.457561 0.585106 0.681270 0.692156 0.238310 -0.295943 0.558174 -0.775151
33.498923 -204.198304 -943.794757 23916.375275 -0.678374 0.553182 0.483528 0.730082 0.433730 0.528070 0.082398 0.711244 -0.698099
8.212442 -77.099066 1265.351231 -9523.561952 0.724263 -0.560357 -0.401799 -0.134943 0.456262 -0.879554 -0.676190 -0.691249 -0.254837
62.147957 -284.592399 8956.881923 -44702.163083 0.782140 -0.558057 -0.277181 0.031389 0.479563 -0.876946 -0.622312 -0.677194 -0.392602
-15.008371 -44.140370 -1790.070790 2005.162098 0.840777 -0.520475 0.148992 -0.021815 -0.307556 -0.951280 -0.540941 -0.796564 0.269940
-7.057444 -41.909680 -2538.625026 2712.324148 0.784248 -0.603487 0.144076 0.033996 -0.190068 -0.981182 -0.619515 -0.774388 0.128544
-12.501249 -36.469797 -1794.402346 4027.322472 0.814885 -0.567826 0.116343 0.110258 -0.045202 -0.992875 -0.569039 -0.821907 -0.025773
13.580560 -18.622601 -2388.216680 590.479614 -0.662678 0.714839 0.223299 0.027376 -0.274847 0.961098 -0.748404 -0.643012 -0.162566
4.485511 -19.946369 -730.264966 736.556060 -0.640766 0.709810 0.292556 0.067397 -0.327585 0.942415 -0.764772 -0.623585 -0.162066
1.410874 -83.135216 596.428243 407.530523 0.848535 0.496095 0.184059 0.179786 0.056850 -0.982062 0.497660 -0.866405 0.040951
0.930411 -81.544784 763.015172 -299.773268 0.845035 0.507759 0.167619 0.319391 -0.227901 -0.919810 0.428841 -0.830808 0.354758
-1.257893 -81.892866 712.998429 -6.672321 0.845417 0.497457 0.194438 0.301720 -0.144419 -0.942395 0.440720 -0.855383 0.272188
-4.264446 -75.384933 511.915366 264.272088 0.849622 0.482161 0.213691 0.345906 -0.203597 -0.915913 0.398110 -0.852097 0.339762
-3.493929 -78.264415 366.736348 1129.402409 0.854647 0.470762 0.219002 0.232944 0.029304 -0.972048 0.464021 -0.881773 0.084617
-0.930993 -83.454929 802.703133 1504.754147 0.837433 0.507564 0.202694 0.134487 0.168093 -0.976554 0.529736 -0.845058 -0.072506
1.967011 -25.105646 174.627861 -483.623025 -0.463568 0.506348 0.727129 -0.110900 0.781021 -0.614579 -0.879094 -0.365538 -0.305902
1.093060 -24.146645 403.958579 -208.577737 -0.437830 0.500333 0.746975 -0.197985 0.756789 -0.622954 -0.876987 -0.420638 -0.232286
0.856582 -24.465589 532.198005 -46.764013 -0.429376 0.494550 0.755683 -0.189691 0.768691 -0.610845 -0.882980 -0.405628 -0.236246
-0.312527 -25.262495 191.060949 -398.011420 -0.446765 0.463118 0.765456 -0.113377 0.819385 -0.561919 -0.887438 -0.337831 -0.313566
-0.350964 -23.858244 171.455248 -86.834660 -0.443794 0.475689 0.759451 -0.200949 0.773072 -0.601647 -0.873308 -0.419619 -0.247495
14.414261 -50.904666 -43.307611 -2452.925127 0.801293 -0.485933 -0.348998 0.463502 0.135381 0.875693 0.378280 0.863447 -0.333710
-1.275109 -31.573206 -51.419709 1238.595835 0.689900 -0.487941 -0.534744 0.431459 0.870311 -0.237491 0.581276 -0.066875 0.810954
-3.408637 -13.070461 157.879662 701.464376 -0.592779 0.613239 0.522064 0.795142 0.342677 0.500322 0.127917 0.711695 -0.690744
-2.910654 -10.288827 105.451185 405.040059 -0.478298 0.652737 0.587508 0.861500 0.218908 0.458145 0.170438 0.725268 -0.667036
-4.873359 -13.487681 299.819285 665.152012 -0.612708 0.612273 0.499710 0.775235 0.342720 0.530616 0.153622 0.712506 -0.684643
-1.885079 -11.201140 232.939334 542.286504 -0.535838 0.624092 0.568671 0.835065 0.292275 0.466091 0.124675 0.724627 -0.677770
-4.981299 -17.906293 160.305669 977.306729 -0.695286 0.561925 0.448128 0.714384 0.471813 0.516766 0.078951 0.679435 -0.729475
-2.407871 -14.764023 334.010708 887.896162 -0.616099 0.590963 0.520754 0.783046 0.388009 0.486094 0.085206 0.707257 -0.701803
3.109119 -28.380563 6.881206 -589.011357 -0.479801 0.474779 0.737818 0.189290 0.877147 -0.441341 -0.856715 -0.072094 -0.510728
3.728968 -36.726846 170.271850 757.172691 0.648717 -0.338258 -0.681724 0.489541 -0.500383 0.714119 0.582680 0.796993 0.159016
-2.218992 -64.608480 -178.259014 -282.658199 0.797466 0.560894 0.222366 -0.479657 0.812914 -0.330302 -0.366029 0.156745 0.917308
-21.499322 -82.452050 -10756.631481 4230.243148 0.815261 0.251228 0.521760 -0.292706 0.956197 -0.003050 -0.499672 -0.150236 0.853087
170.319433 -229.540715 13211.004879 25745.135998 0.672222 -0.253357 0.695649 0.330241 0.943578 0.024533 -0.662614 0.213240 0.717963
54.717676 -68.443939 7634.926878 -10785.484979 0.891413 0.073464 0.447198 -0.137890 -0.896023 0.422055 -0.431706 0.437889 0.788596
-5.203531 -23.797169 1026.122404 124.109410 0.773354 -0.633974 -0.001077 0.611839 0.746794 -0.260676 -0.166066 -0.200935 -0.965426
-0.443954 -24.956386 1298.551837 82.050590 0.793452 -0.608514 0.012033 0.570060 0.736094 -0.364961 -0.213226 -0.296439 -0.930945
8.455829 -14.487959 -438.053988 930.350318 -0.641340 -0.349573 -0.682994 0.761152 -0.401949 -0.509003 -0.096595 -0.846307 0.523865
4.597237 -14.690143 919.192958 920.461926 0.735935 0.353317 0.577552 0.675607 -0.438938 -0.592358 -0.044219 -0.826136 0.561734
6.679165 -11.473876 107.198503 1161.910301 -0.561444 -0.342997 -0.753083 0.824440 -0.310233 -0.473345 -0.071275 -0.886628 0.456959
1.972105 -27.497771 14.895561 340.811878 -0.480717 0.379300 0.790596 0.608672 0.793352 -0.010523 -0.631212 0.476155 -0.612248
1.690875 -28.296504 159.330113 197.792353 -0.465989 0.379034 0.799492 0.497206 0.859607 -0.117734 -0.731874 0.342650 -0.589026
2.463069 -28.372909 55.622725 282.198752 -0.470845 0.402097 0.785254 0.544038 0.833038 -0.100356 -0.694499 0.379956 -0.610987
2.721349 -27.373889 161.629372 397.353354 -0.477358 0.383506 0.790602 0.607554 0.794066 -0.018351 -0.634829 0.471574 -0.612055
2.500612 -26.516804 66.800101 148.615248 -0.495592 0.375458 0.783211 0.652891 0.755744 0.050839 -0.572819 0.536547 -0.619673
2.553173 -26.334959 -56.163666 30.272883 -0.507256 0.363819 0.781234 0.682042 0.723610 0.105867 -0.526792 0.586536 -0.615196
