16644
33271
-37.861397 -56.626259 -1134.810610 4894.906350 -0.301436 0.953006 0.030259 0.405392 0.156820 -0.900591 0.863014 0.259204 0.433613
-43.463656 -67.301354 -722.705025 4482.127777 -0.398895 0.899327 0.179149 0.432441 0.356764 -0.828079 0.808627 0.252845 0.531217
-42.228118 -69.192881 -1687.837178 10146.748976 -0.434151 0.760400 0.483016 0.225969 0.610967 -0.758721 0.872038 0.220253 0.437079
-37.034639 -57.179542 -461.767672 2593.910330 -0.298585 0.940679 -0.161149 0.516438 0.017257 -0.856150 0.802582 0.338857 0.490956
-33.989321 -48.962145 -3185.058717 7010.478986 -0.290417 0.951993 0.096782 0.290439 0.184066 -0.939023 0.911758 0.244599 0.329952
-31.151384 -49.993420 -1344.132881 3524.953081 -0.208610 0.931369 -0.298386 0.454633 -0.177778 -0.872756 0.865905 0.317722 0.386345
55.274251 -88.752104 -9441.245166 7452.815678 -0.170465 0.891359 0.420024 0.941614 0.021751 0.335990 0.290352 0.452775 -0.843025
68.765676 -98.034350 -11613.478405 1204.688753 -0.145689 0.828652 0.540472 0.955280 -0.024264 0.294705 0.257322 0.559238 -0.788060
59.815092 -99.959811 -11696.197790 4204.120671 -0.177935 0.897567 0.403376 0.974083 0.102483 0.201644 0.139650 0.428801 -0.892540
43.563435 -93.819844 -3671.201421 9980.212413 -0.189959 0.920257 0.342113 0.956874 0.095527 0.274346 0.219788 0.379474 -0.898717
79.368717 -96.680419 -17035.059792 3753.216829 -0.205203 0.864094 0.459602 0.978718 0.181900 0.094990 -0.001521 0.469313 -0.883031
56.416725 -109.194833 -8643.420921 4605.371199 -0.192249 0.899417 0.392543 0.979152 0.202539 0.015474 -0.065588 0.387334 -0.919603
43.972856 -106.559076 -2847.524688 5686.166807 -0.195378 0.916767 0.348376 0.979942 0.168275 0.106755 0.039246 0.362246 -0.931256
46.314371 -41.136669 -58278.265705 6278.351668 -0.481627 0.585464 -0.652126 0.069023 0.767145 0.637749 0.873654 0.262145 -0.409888
65.295425 -58.570340 -64284.630256 1577.175596 -0.416010 0.744203 -0.522587 -0.134056 -0.618586 -0.774197 0.899425 0.252017 -0.357103
62.051377 -55.164470 -36418.797066 -3919.362336 -0.468297 0.645189 -0.603680 0.105632 0.719208 0.686718 0.877234 0.257820 -0.404955
12.959841 -43.442271 -9852.721623 1007.211804 0.182999 0.982872 0.021791 -0.767134 0.156623 -0.622073 0.614831 -0.097122 -0.782656
13.653896 -43.843363 -10029.499753 465.302588 0.234344 0.969585 0.070619 -0.673802 0.214358 -0.707136 0.700767 -0.118130 -0.703542
22.975269 -45.832451 -2926.663226 1106.927349 0.149561 0.983792 0.098920 -0.759827 0.178374 -0.625176 0.632688 -0.018339 -0.774189
-2.753545 -40.990178 -10304.659135 601.527466 0.220831 0.975038 0.023126 -0.699077 0.174775 -0.693357 0.680092 -0.136948 -0.720223
23.475209 -44.030329 -4481.740503 559.018713 0.134480 0.989212 0.058094 -0.827683 0.144369 -0.542308 0.544844 -0.024846 -0.838169
-3.312928 -41.493494 -9846.800677 923.713751 0.149203 0.988284 -0.032134 -0.782278 0.098100 -0.615156 0.604797 -0.116921 -0.787750
11.880228 -42.060120 -10729.932927 -86.732475 0.148896 0.988638 -0.020611 -0.829407 0.113511 -0.546992 0.538437 -0.098540 -0.836884
46.382953 -47.280328 190.140947 -3391.672538 0.025730 0.999422 -0.022214 -0.612380 -0.001806 -0.790561 0.790145 -0.033944 -0.611980
39.515464 -53.833788 5051.165825 -284.285177 0.125571 0.989601 0.070160 -0.671807 0.136858 -0.727974 0.730005 -0.044278 -0.682006
47.675938 -60.163114 6417.474121 -576.364611 0.150960 0.987235 0.050774 -0.639112 0.136655 -0.756876 0.754153 -0.081808 -0.651583
53.150498 -56.023481 4353.352686 -4062.746115 0.099375 0.994387 -0.036307 -0.570173 0.027001 -0.821081 0.815492 -0.102296 -0.569656
41.724234 -71.209775 101.983148 -1572.448595 0.270995 0.962360 0.020607 -0.633450 0.194414 -0.748962 0.724778 -0.189912 -0.662292
-14.378293 -33.995748 2895.809824 -730.539930 0.285398 0.907117 -0.309332 0.706426 -0.417223 -0.571740 0.647696 0.055347 0.759886
-14.919135 -33.303121 4733.111616 -489.090512 0.188143 0.949100 -0.252608 0.686462 -0.311022 -0.657294 0.702405 0.049740 0.710038
-7.144263 -34.267118 3889.284104 559.443903 0.156290 0.963701 -0.216457 0.736598 -0.259722 -0.624474 0.658025 0.061842 0.750452
-8.406422 -32.389627 -419.982447 301.428448 0.252039 0.934245 -0.252314 0.760180 -0.352482 -0.545786 0.598834 0.054244 0.799034
3.527834 -34.544844 6786.381842 1238.801626 0.109969 0.976189 -0.186978 0.776374 -0.201825 -0.597084 0.620604 0.079504 0.780083
6.047071 -35.244195 7941.710715 759.845250 0.064555 0.987183 -0.145952 0.740991 -0.145382 -0.655588 0.668405 0.065828 0.740879
-5.287730 -51.990933 -87.510382 1211.137400 0.079132 0.953053 -0.292281 0.145724 -0.301110 -0.942389 0.986156 -0.031981 0.162710
-6.392564 -57.794154 9.113300 2164.214735 0.065686 0.967038 -0.246014 0.334193 -0.253628 -0.907738 0.940213 0.022590 0.339837
-4.012536 -53.662740 -261.177251 1661.397141 0.098546 0.959088 -0.265405 0.140757 -0.277455 -0.950372 0.985128 -0.056298 0.162340
-2.945857 -48.983117 -399.958251 503.644190 0.104856 0.946760 -0.304385 -0.042532 -0.301523 -0.952510 0.993577 -0.112823 -0.008651
-4.294414 -48.363107 -286.553010 247.450762 0.089508 0.941588 -0.324653 -0.034989 -0.322788 -0.945824 0.995371 -0.096019 -0.004053
6.159936 -80.153025 -354.565902 7916.640410 -0.077708 0.969317 0.233208 0.756842 -0.094908 0.646671 -0.648962 -0.226753 0.726245
2.248801 -74.539860 -1006.034720 10814.524880 -0.125204 0.969567 0.210391 0.743070 -0.048873 0.667426 -0.657397 -0.239900 0.714337
7.496593 -100.877000 -545.151267 10346.016688 -0.136599 0.971207 0.195187 0.622891 -0.069002 0.779259 -0.770290 -0.228026 0.595530
10.577173 -101.292242 -88.933144 6202.349920 -0.072591 0.972248 0.222404 0.613504 -0.132285 0.778533 -0.786348 -0.192960 0.586876
-1.703973 -132.337759 609.394816 -870.882526 0.966272 0.242241 0.087394 -0.016569 0.397140 -0.917608 0.256990 -0.885211 -0.387759
-1.999234 -132.542692 482.780258 657.903061 0.966071 0.248077 0.071871 -0.079526 0.550462 -0.831064 0.245730 -0.797151 -0.551514
-0.477439 -126.451420 395.135761 -1597.566266 0.965641 0.242211 0.094184 -0.017999 0.423880 -0.905540 0.259254 -0.872731 -0.413675
0.572830 -125.153685 648.733602 -2974.324475 0.964973 0.236535 0.113479 0.046691 0.270802 -0.961502 0.258159 -0.933122 -0.250273
-1.320910 -130.045655 747.274239 -5447.906180 0.965745 0.237784 0.103904 0.047967 0.229928 -0.972025 0.255023 -0.943712 -0.210646
16.513278 -65.381537 -7726.688734 -3531.189608 -0.013836 0.753438 0.657373 0.083420 0.656014 -0.750124 0.996418 -0.044459 0.071929
5.564598 -68.638411 -8272.948118 6382.899111 0.011760 0.825326 0.564534 0.167893 0.554928 -0.814780 0.985735 -0.104363 0.132040
23.935920 -60.392099 -12961.382013 3583.090748 -0.002014 0.781901 0.623400 0.158867 0.615734 -0.771773 0.987298 -0.097484 0.125459
2.932310 -68.476349 -3229.813663 1170.914741 -0.021007 0.809994 0.586062 0.195298 0.578223 -0.792160 0.980519 -0.097815 0.170337
-0.654587 -119.425577 -2078.670032 5811.000162 0.993552 0.003543 -0.113318 0.078624 -0.741640 0.666174 0.081681 0.670789 0.737137
-3.902013 -121.817599 2487.887804 4852.030949 0.993415 -0.055553 -0.100205 0.034119 -0.691475 0.721594 0.109376 0.720261 0.685026
-5.564535 -126.299171 -1113.602089 1532.709522 0.994182 -0.017622 -0.106266 0.080857 -0.529714 0.844313 0.071169 0.847993 0.525207
1.886110 -119.367300 -4610.592593 4768.157545 0.989339 0.040293 -0.139942 0.125794 -0.720612 0.681832 0.073371 0.692167 0.717998
-11.659437 -127.112917 1499.416951 -2331.995395 0.995397 -0.052470 -0.080198 0.062869 -0.274101 0.959644 0.072335 0.960269 0.269540
-10.089645 -124.810823 -1459.346020 -2722.332343 0.994937 -0.018242 -0.098831 0.089905 -0.277928 0.956385 0.044914 0.960429 0.274881
-2.619981 -122.848516 -3198.159432 1664.963276 0.991505 0.017771 -0.128847 0.119120 -0.521844 0.844683 0.052227 0.852856 0.519528
-1.331002 -102.655844 -445.702079 4259.837692 0.007707 0.992958 -0.118217 -0.976074 0.033160 0.214896 -0.217302 -0.113732 -0.969456
1.071922 -105.204463 -343.727621 4457.754333 0.004785 0.992511 -0.122061 -0.930397 0.049158 0.363242 -0.366522 -0.111827 -0.923665
-0.669275 -97.602465 -467.919403 4181.557025 -0.024066 0.993525 -0.111036 -0.916047 0.022564 0.400437 -0.400349 -0.111351 -0.909572
0.489674 -140.953889 426.670166 -4675.030470 0.995900 0.043588 -0.079273 0.001040 -0.881729 -0.471756 0.090460 -0.469739 0.878158
-0.424197 -146.213978 -988.838492 -7466.895692 0.995860 0.048894 -0.076625 0.009433 -0.894040 -0.447888 0.090405 -0.445311 0.890800
2.081517 -140.528243 751.772977 -4702.567740 0.995404 0.011913 -0.095021 -0.014660 -0.961582 -0.274127 0.094636 -0.274261 0.956988
-3.035779 -174.352923 1018.564389 -16455.057461 0.946585 0.309937 0.088969 0.232273 -0.464006 -0.854838 0.223664 -0.829842 0.511212
-3.711008 -202.671561 1476.701212 -18092.295227 0.943286 0.315472 0.103385 0.186672 -0.246507 -0.950993 0.274526 -0.916358 0.291416
-1.708544 -186.926163 2633.827479 -17152.474713 0.932279 0.351448 0.085672 0.239966 -0.423627 -0.873474 0.270687 -0.834880 0.479275
-0.834964 -14.222970 1457.334055 551.037462 0.567108 0.810878 0.144447 0.714876 -0.397486 -0.575290 -0.409074 0.429513 -0.805094
-0.175100 -15.439086 1151.906905 -954.479793 0.324822 0.896774 0.300478 0.864307 -0.152466 -0.479299 -0.384010 0.415392 -0.824612
-3.372453 -10.867063 104.540463 23.381723 0.444951 0.868490 0.218501 0.802002 -0.277858 -0.528760 -0.398511 0.410511 -0.820164
-3.851741 -11.571195 688.551719 -1400.730882 0.735154 0.677621 -0.019423 -0.539149 0.601814 0.589185 -0.410933 0.422670 -0.807765
-4.684313 -8.106342 -85.441076 -610.413608 0.523697 0.838135 0.152549 -0.747723 0.366415 0.553759 -0.408229 0.404066 -0.818584
-2.865659 -8.911656 -743.461426 -585.629615 0.122893 0.915527 0.383025 0.911325 0.048698 -0.408798 -0.392917 0.399299 -0.828358
-6.357587 -236.654393 -3602.119626 -25972.418697 0.959445 0.142786 0.243058 -0.205548 -0.235695 0.949841 -0.192911 0.961281 0.196787
-6.592572 -266.129286 -3181.511954 -25792.740761 0.959684 0.145623 0.240418 -0.145397 -0.474824 0.867988 -0.240555 0.867950 0.434508
-10.717215 -244.367732 -3183.091532 -30977.223521 0.958301 0.140115 0.249054 -0.201809 -0.285223 0.936975 -0.202320 0.948164 0.245053
-13.086416 -219.223687 -4349.186037 -25327.079580 0.962825 0.142168 0.229688 -0.224970 -0.048636 0.973151 -0.149522 0.988647 0.014844
-5.524001 -211.829508 -3155.366989 -25105.930204 0.961166 0.140730 0.237391 -0.239175 -0.004348 0.970967 -0.137677 0.990038 -0.029480
-2.541353 -283.004111 -27009.653965 -55075.423604 0.991922 -0.115656 -0.052100 -0.007748 0.354715 -0.934942 -0.126613 -0.927794 -0.350953
-25.841248 -513.242848 -2073.185693 -237249.220909 0.999381 0.022738 0.026846 0.020781 0.234208 -0.971964 0.028388 -0.971921 -0.233590
-26.133611 -252.554926 -22282.886113 -94382.208546 0.996115 -0.081552 -0.033220 -0.030112 0.039054 -0.998783 -0.082750 -0.995904 -0.036447
40.419031 -511.790664 2779.721760 -34483.682913 0.894952 0.005406 0.446129 -0.220802 -0.863524 0.453401 -0.387694 0.504279 0.771619
15.584797 -427.080130 4814.450230 -87153.322198 0.925426 0.024312 0.378149 -0.313509 -0.511397 0.800116 -0.212836 0.859001 0.465638
34.595044 -501.196552 17036.793959 -29628.856648 0.960684 0.014964 0.277241 -0.129055 -0.860051 0.493617 -0.245828 0.509989 0.824306
-16.609915 -46.265614 3568.026102 163.271343 -0.248336 0.896952 0.365795 -0.778929 0.039580 -0.625862 0.575846 0.440353 -0.688833
-16.156300 -45.823427 3600.048881 322.388029 -0.211646 0.891947 0.399546 -0.860095 0.024168 -0.509560 0.464157 0.451494 -0.762044
-10.326253 -46.949752 2759.633972 164.219099 -0.233806 0.887684 0.396676 -0.793817 0.061298 -0.605059 0.561417 0.456355 -0.690327
47.479662 -9.847379 -7469.510835 1830.457460 0.007267 0.901591 0.432529 0.767508 0.272235 -0.580361 0.640998 -0.336187 0.690000
37.663213 -7.411939 -11081.617698 4168.369036 -0.078261 0.763833 0.640652 0.774257 0.451387 -0.443594 0.628014 -0.461313 0.626729
50.242415 -15.426852 -7304.410861 3123.529501 -0.062832 0.851218 0.521037 0.782688 0.365950 -0.503468 0.619235 -0.376175 0.689232
-261.714699 -2219.070256 660554.420642 -250794.464946 -0.602495 0.306118 -0.737084 0.354007 0.930204 0.096956 0.715318 -0.202517 -0.668810
-1099.435409 -4429.632924 822830.635815 3937231.798389 -0.447194 0.354995 -0.820973 -0.303620 0.803116 0.512660 0.841328 0.478522 -0.251365
-803.451312 -5816.085240 464340.508578 -2451327.218087 -0.403774 0.337178 -0.850457 0.188641 0.940313 0.283241 0.895199 -0.046066 -0.443280
-799.718283 -1937.853809 371970.893573 -871497.688923 -0.330798 0.322512 -0.886881 0.662282 0.748828 0.025284 0.672276 -0.579002 -0.461305
-2056.449382 -189237.131101 244888.610513 -185919269.378310 -0.128698 0.400581 -0.907178 0.928872 0.369085 0.031201 0.347324 -0.838636 -0.419589
84.617431 -5596.382799 261349.738936 -5072828.617402 -0.544185 0.193966 -0.816235 0.767549 0.507900 -0.391031 0.338719 -0.839294 -0.425270
950.596051 -4380.964531 1074884.384901 -1119962.417472 -0.457934 0.381344 -0.803040 0.572431 0.817618 0.061838 0.680162 -0.431367 -0.592708
-39.189435 -599.094329 483.455151 -264070.830177 -0.524355 0.051502 -0.849941 0.807326 0.347393 -0.477014 0.270696 -0.936304 -0.223736
4545.939175 -93289.190371 -265364.694882 -53105835.833771 -0.673130 0.039077 -0.738491 0.735327 0.141611 -0.662752 0.078680 -0.989151 -0.124057
240.914303 -3498.666206 127133.627147 -1900707.533168 -0.629222 0.066475 -0.774378 0.690174 0.505953 -0.517369 0.357407 -0.859995 -0.364236
12.560727 -213.815346 10267.787555 -79411.060195 0.164497 0.882496 0.440615 -0.810817 0.375358 -0.449089 0.561708 0.283384 -0.777289
11.920788 -96.286704 5123.210238 -24166.740454 0.217329 0.859645 0.462362 -0.732865 0.456582 -0.504422 0.644730 0.229224 -0.729232
-17.667081 -118.034781 20925.806216 -32911.523605 0.173854 0.834233 0.523288 -0.724659 0.468189 -0.505637 0.666817 0.291297 -0.685931
57.440542 -591.075572 12921.323771 -193531.176773 0.192644 0.895534 0.401131 -0.882016 0.337182 -0.329175 0.430042 0.290390 -0.854832
23.206645 -125.226970 -1074.548589 -24734.579792 0.190818 0.930346 0.313122 -0.817395 0.327224 -0.474120 0.543557 0.165474 -0.822900
2.116512 -31.984221 -10562.915762 11847.784416 -0.139671 0.601482 0.786582 0.585513 -0.590447 0.555470 -0.798540 -0.538137 0.269708
-2.027242 -57.963498 -11107.134666 13410.658591 -0.325895 0.803092 0.498835 0.424515 -0.347148 0.836227 -0.844736 -0.484285 0.227791
-13.198949 -65.301070 3641.986994 24154.871167 -0.239825 0.802456 0.546397 0.535722 -0.359980 0.763817 -0.809621 -0.475899 0.343561
-9.373395 -17.403668 -2317.488207 -12028.804783 -0.029463 0.498752 0.866244 -0.601581 0.683248 -0.413851 -0.798268 -0.533309 0.279909
-1.047923 -10.643551 -6239.574529 -3132.662168 0.324728 0.012434 0.945726 -0.504234 0.848239 0.161983 -0.800187 -0.529468 0.281716
1.131485 -137.112881 -1767.342368 952.549174 0.650907 -0.515322 0.557461 -0.485935 0.281348 0.827472 0.583255 0.809498 0.067282
-4.252617 -133.280299 -1106.019181 -3587.544543 0.644216 -0.522563 0.558493 -0.480141 0.292087 0.827133 0.595358 0.801008 0.062737
0.903540 -128.234136 -1139.231112 -6167.955955 0.648066 -0.523738 0.552909 -0.334243 0.456748 0.824417 0.684319 0.719083 -0.120947
2.695584 -133.693386 -2064.131615 -868.471157 0.667750 -0.508090 0.544017 -0.332124 0.450694 0.828594 0.666186 0.733975 -0.132202
-9.195366 -39.109436 47.251897 -9285.894383 -0.694317 -0.056255 0.717467 0.080290 0.984661 0.154905 -0.715176 0.165159 -0.679151
-6.799897 -42.666873 -671.595095 -9863.470678 -0.725070 -0.196785 0.659961 -0.025262 0.965261 0.260063 -0.688211 0.171892 -0.704853
-12.960251 -23.014537 65.451781 -4992.160095 -0.703916 -0.136982 0.696949 -0.007718 0.982644 0.185339 -0.710241 0.125084 -0.692756
-13.683531 -24.218173 -541.303728 -4610.755984 -0.661724 0.130721 0.738264 0.181696 0.983290 -0.011248 -0.727398 0.126697 -0.674418
10.746670 -44.415818 -3852.007891 -1242.328048 0.050628 0.595286 -0.801917 0.994027 -0.107766 -0.017241 -0.096683 -0.796254 -0.597186
11.758502 -38.195990 -1838.981490 1060.270201 0.337608 0.524254 -0.781779 0.938961 -0.129218 0.318834 0.066130 -0.841701 -0.535879
17.979887 -49.053135 -2351.971277 216.878151 0.027651 0.644256 -0.764310 0.997433 0.032746 0.063687 0.066059 -0.764109 -0.641696
18.093962 -46.524946 -445.872074 -1642.745745 -0.066133 0.712153 -0.698903 0.978054 -0.092428 -0.186728 -0.197577 -0.695914 -0.690411
13.525248 -44.170080 -2393.281776 -1252.876945 -0.038027 0.653111 -0.756306 0.966956 -0.166883 -0.192731 -0.252089 -0.738644 -0.625184
3.298948 -65.161963 -229.803242 195.726936 -0.018723 0.867469 -0.497139 0.952229 0.167057 0.255639 0.304809 -0.468604 -0.829157
2.648187 -64.018272 -308.617506 -313.051808 -0.009835 0.862859 -0.505349 0.948394 0.168231 0.268789 0.316943 -0.476627 -0.819984
3.852137 -63.767638 -443.252427 -1145.716014 -0.000681 0.867956 -0.496640 -0.877123 -0.239038 -0.416553 0.480266 -0.435331 -0.761467
2.766420 -62.959289 -52.973614 -820.810660 -0.030706 0.863354 -0.503664 0.991433 0.090313 0.094366 0.126959 -0.496451 -0.858730
4.589662 -65.335425 -293.415307 -1336.072442 -0.022308 0.872167 -0.488699 -0.887821 -0.242024 -0.391406 0.459648 -0.425146 -0.779727
3.480050 -66.593377 -94.618393 373.042026 -0.041773 0.870235 -0.490863 0.957235 0.175629 0.229904 0.286280 -0.460268 -0.840355
2.582366 -64.631906 32.744138 -509.842578 -0.040388 0.868202 -0.494565 0.992273 0.092967 0.082170 0.117318 -0.487424 -0.865248
0.917408 -89.819888 1901.334601 -1219.899771 0.014671 0.962008 -0.272625 -0.825361 0.165558 0.539786 -0.564414 -0.217095 -0.796434
6.136483 -98.140636 1903.924935 1470.177251 0.006596 0.961093 -0.276145 -0.832116 0.158421 0.531494 -0.554562 -0.226279 -0.800786
0.873336 -90.055419 1757.215046 2996.052762 -0.031646 0.966434 -0.254960 -0.898392 0.084294 0.431030 -0.438054 -0.242694 -0.865568
5.973391 -94.153285 2080.202319 -674.271770 0.040909 0.954623 -0.294994 -0.730183 0.230095 0.643342 -0.682026 -0.189081 -0.706462
-5.108188 -83.908510 1163.787130 -440.201630 -0.029147 0.962289 -0.270462 -0.896189 0.094682 0.433453 -0.442715 -0.255018 -0.859633
0.489095 -90.911160 2084.127656 -4309.742008 0.043928 0.957652 -0.284557 -0.726329 0.226182 0.649068 -0.685942 -0.178170 -0.705506
-4.797140 -85.455297 1397.621259 -4987.489073 0.011004 0.959612 -0.281112 -0.824523 0.167758 0.540387 -0.565721 -0.225837 -0.793068
-7.890335 -50.714338 2158.636558 1260.844507 -0.228018 0.857312 -0.461546 0.777967 -0.124622 -0.615822 0.585471 0.499486 0.638544
-16.281138 -52.018469 -218.202775 965.465734 -0.283166 0.888164 -0.361914 0.760542 -0.021948 -0.648917 0.584288 0.459002 0.669271
-9.251572 -49.590142 3345.962038 304.931283 -0.271354 0.869720 -0.412255 0.668291 -0.137988 -0.730990 0.692643 0.473863 0.543783
-16.062458 -53.469910 1974.490709 991.125849 0.269097 -0.886738 0.375876 0.851428 0.036607 -0.523193 0.450175 0.460821 0.764844
22.569157 -46.583497 14595.011220 437.376231 -0.140242 0.801470 -0.581359 0.706491 -0.330370 -0.625881 0.693688 0.498499 0.519900
23.803593 -47.532561 13764.450069 1196.746939 -0.096941 0.790989 -0.604102 0.801940 -0.297413 -0.518110 0.589487 0.534679 0.605494
-7.561406 -50.993727 -1463.753380 1298.496729 0.215624 -0.853133 0.475047 0.863935 -0.060065 -0.500009 0.455108 0.518223 0.724100
-6.242861 -27.857796 -3326.542028 1253.359058 -0.887607 -0.186269 0.421258 -0.139902 0.980399 0.138728 -0.438842 0.064201 -0.896268
-18.105341 -28.198368 -3279.934463 1148.829503 -0.832221 -0.367463 0.415187 -0.290018 0.926729 0.238880 -0.472545 0.078390 -0.877813
-8.232485 -25.480760 -2670.531964 1185.206035 -0.885901 -0.181751 0.426786 -0.104725 0.974656 0.197683 -0.451899 0.130432 -0.882482
0.954740 -25.439432 -1871.744604 670.144832 -0.891051 -0.073218 0.447958 -0.018221 0.991879 0.125876 -0.453537 0.104000 -0.885149
-1.530035 -22.622789 -1341.046522 723.525036 -0.887198 -0.073847 0.455441 0.013874 0.982392 0.186315 -0.461180 0.171617 -0.870552
3.292166 -136.383371 0.079335 -369.721783 0.610850 -0.641994 0.463364 -0.584939 0.028477 0.810577 0.533581 0.766180 0.358132
2.784868 -135.041297 552.684986 -1711.788494 0.629642 -0.642552 0.436668 -0.574605 -0.006888 0.818402 0.522857 0.766211 0.373551
7.669853 -131.508724 8.384189 -5184.314684 0.622133 -0.650461 0.435719 -0.423124 0.188908 0.886160 0.658723 0.735673 0.157700
-0.701089 -135.167770 664.722251 -2336.854893 0.622719 -0.640266 0.449756 0.692134 0.182661 -0.698273 0.364928 0.746119 0.556897
10.906924 -133.492852 -405.576816 -3721.190639 0.599936 -0.649076 0.467736 -0.433771 0.227352 0.871868 0.672250 0.725955 0.145154
5.149546 -137.147759 -1066.999466 -952.581347 0.585217 -0.639475 0.498591 0.604806 -0.065339 -0.793688 0.540121 0.766031 0.348520
-1.660180 -135.023713 192.948377 -2471.084670 0.602230 -0.640693 0.476268 0.706433 0.149807 -0.691744 0.371847 0.753041 0.542825
23.155557 -52.604833 -4732.355886 -837.267194 0.095994 0.973935 0.205514 0.650208 -0.217684 0.727903 -0.753667 -0.063753 0.654157
14.906322 -52.514495 -7158.770319 -348.750587 0.036802 0.970443 0.238506 0.664906 -0.201950 0.719108 -0.746020 -0.132120 0.652686
22.863201 -52.184641 -8457.449111 -132.172797 0.044377 0.971979 0.230841 0.558948 -0.215674 0.800663 -0.828014 -0.093497 0.552857
31.592502 -51.132567 1632.555640 -563.324955 0.178145 0.966200 0.186338 0.533532 -0.253959 0.806752 -0.826806 0.044301 0.560740
-9.242823 -179.361566 -133.858713 -13405.651416 -0.472451 0.490493 -0.732261 0.880959 0.287788 -0.375620 0.026497 -0.822554 -0.568070
-9.144479 -170.369547 69.407657 -25902.835523 -0.465591 0.518775 -0.717006 0.882952 0.217212 -0.416190 -0.060167 -0.826856 -0.559185
-8.319842 -177.525313 -52.369128 -4779.211346 -0.455261 0.519407 -0.723155 0.876438 0.404490 -0.261235 0.156822 -0.752731 -0.639377
-6.283150 -189.757562 -679.356477 2148.206821 -0.443568 0.499528 -0.744123 0.837705 0.526216 -0.146103 0.318587 -0.688163 -0.651870
-0.398630 -122.362206 592.306035 -3989.549567 0.723783 -0.297379 0.622658 0.630088 0.652689 -0.420697 0.281295 -0.696823 -0.659781
-1.463109 -127.467067 416.664216 2648.177619 0.722630 -0.304027 0.620784 0.622940 0.675667 -0.394234 0.299586 -0.671597 -0.677648
0.027193 -128.023928 729.546806 136.055662 0.725078 -0.299238 0.620257 0.580094 0.750792 -0.315915 0.371150 -0.588870 -0.717969
59.738826 -79.525685 13776.521435 967.063556 0.341781 -0.041945 -0.938843 -0.199303 0.973045 -0.116028 0.918403 0.226770 0.324208
68.519234 -80.330880 9752.089171 5518.764681 0.285228 -0.016399 -0.958319 -0.165450 0.984002 -0.066082 0.944072 0.177403 0.277952
76.150363 -77.217640 8061.563050 4847.648410 0.379883 -0.153872 -0.912147 0.003281 0.986286 -0.165012 0.925029 0.059693 0.375178
68.238601 -76.813384 1451.260631 1797.220673 0.441283 -0.205396 -0.873546 0.003856 0.973878 -0.227039 0.897360 0.096820 0.430548
39.282575 -79.215797 1304.085938 104.155157 0.415698 -0.098750 -0.904126 -0.209552 0.956943 -0.200866 0.885033 0.272961 0.377106
1.537719 -170.255001 125.605486 -809.015986 0.622520 -0.507800 0.595490 0.142894 0.821869 0.551464 -0.769448 -0.258205 0.584192
3.441926 -175.120931 965.645206 3218.960549 0.630903 -0.505397 0.588672 0.188247 0.835776 0.515793 -0.752678 -0.214599 0.622433
2.272919 -171.813624 759.655574 -1215.442158 0.625046 -0.523956 0.578609 0.323121 0.848430 0.419237 -0.710571 -0.075082 0.699608
3.036033 -173.412956 1835.375714 -4740.606005 0.643347 -0.483481 0.593592 0.002726 0.776796 0.629746 -0.765570 -0.403527 0.501067
1.316478 -163.264277 -173.026044 -7998.785371 0.619864 -0.493056 0.610462 -0.032602 0.761094 0.647822 -0.784032 -0.421463 0.455700
14.809028 -120.439973 23242.430935 24626.092840 -0.618482 0.602094 -0.504939 0.666950 0.742007 0.067852 0.415521 -0.294803 -0.860484
19.075069 -213.176894 23820.140210 64910.032148 -0.472065 0.732634 -0.490309 0.829196 0.557848 0.035210 0.299314 -0.389941 -0.870837
45.098747 -211.930114 10315.305777 23497.550053 -0.560871 0.571724 -0.598795 0.686584 0.725365 0.049472 0.462629 -0.383376 -0.799373
1922.232653 -4444.404042 760615.591803 -17776146.853971 -0.315207 0.559001 -0.766917 0.649271 -0.462370 -0.603872 0.692164 0.688282 0.217202
-32.955463 -2251.774499 -24296.787504 -372055.284940 0.388614 -0.707730 0.589997 0.759443 -0.116564 -0.640047 0.521753 0.696800 0.492182
41.177709 -3841.497381 36048.406667 3074896.201310 -0.467485 0.576509 -0.670146 0.012982 0.762478 0.646884 0.883906 0.293709 -0.363931
-88.757814 -4114.095102 42135.207704 4163097.756147 -0.441069 0.687208 -0.577237 0.311784 -0.485792 -0.816576 0.841576 0.540139 -0.000007
13.275941 -47.752303 7581.172877 1293.111462 0.019602 0.968335 0.248884 -0.068053 -0.247063 0.966607 -0.997489 0.035885 -0.061056
16.595220 -47.940159 4080.427788 -97.147141 -0.015421 0.959802 0.280254 -0.223466 -0.276506 0.934670 -0.974590 0.048214 -0.218747
6.456685 -47.530714 6535.412801 767.266907 0.037793 0.968667 0.245472 -0.119474 -0.239505 0.963516 -0.992118 0.065742 -0.106679
3.927210 -47.314460 7778.657106 747.667244 0.041834 0.976650 0.210723 0.004005 -0.211070 0.977463 -0.999117 0.040048 0.012742
-12.636146 -68.773996 615.291211 -6786.405042 0.260395 -0.494371 0.829332 0.570180 0.771923 0.281123 -0.779159 0.399665 0.482885
-14.237128 -60.810731 1807.493691 -4422.704235 0.344701 -0.421939 0.838540 0.436757 0.862797 0.254605 -0.830917 0.278476 0.481692
-10.426732 -71.227521 1531.945910 -7191.739983 0.340725 -0.437289 0.832277 0.541447 0.814972 0.206534 -0.768597 0.380262 0.514450
-13.226663 -42.781441 1940.656825 1321.608807 0.480936 0.876363 -0.026229 0.713125 -0.373599 0.593191 -0.510052 0.303992 0.804634
-16.222541 -42.668338 -48.817738 1428.434273 0.430796 0.902208 -0.020870 0.739826 -0.339828 0.580667 -0.516790 0.265589 0.813874
-11.732016 -39.275655 1292.368702 1716.861979 0.486452 0.873489 -0.019511 0.764238 -0.414575 0.494032 -0.423443 0.255234 0.869225
-9.895640 -35.015084 1614.664284 1526.061165 0.510710 0.859636 -0.014176 0.789537 -0.462410 0.403496 -0.340305 0.217262 0.914872
-4.970703 -34.929118 3099.657601 1898.199683 0.522186 0.852433 -0.026079 0.782257 -0.466569 0.412779 -0.339699 0.235948 0.910458
-38.556162 -1950.359509 -7975.557315 -741909.250146 -0.133299 0.171616 -0.976104 0.798245 0.602325 -0.003111 0.587398 -0.779585 -0.217281
-47.339122 -1323.149111 10751.986391 -277631.640276 -0.166536 0.181229 -0.969238 0.499900 0.862792 0.075432 0.849921 -0.471960 -0.234282
25.595037 -1163.640125 51367.337276 -353856.517702 -0.200456 -0.006410 -0.979682 0.815005 0.553837 -0.170385 0.543676 -0.832600 -0.105796
-25.911499 -1024.221184 5244.682858 -39609.711471 -0.194795 0.204181 -0.959357 0.193392 0.966888 0.166516 0.961590 -0.153095 -0.227832
1.721154 -1568.916846 -24520.926444 -13218.934569 -0.281081 0.003399 -0.959678 0.944189 0.179950 -0.275907 0.171757 -0.983670 -0.053790
-18.852176 -551.133904 548.355755 -223484.271303 -0.234477 0.038688 -0.971352 0.950650 0.217974 -0.220798 0.203187 -0.975188 -0.087889
-34.202724 -1444.664868 8482.988152 -450954.660299 -0.083651 0.207487 -0.974655 0.805026 0.590531 0.056621 0.587312 -0.779886 -0.216431
4.981191 -46.859536 8443.122513 6645.369158 -0.185750 0.961115 0.204341 -0.162653 -0.235167 0.958249 -0.969041 -0.144758 -0.200010
-4.614658 -67.948533 16010.154490 10665.473765 -0.148908 0.963526 0.222361 -0.252569 -0.254469 0.933517 -0.956052 -0.082846 -0.281249
-43.830124 -49.239173 12334.305982 11611.643672 -0.206390 0.432925 0.877485 0.011245 0.897783 -0.440294 -0.978405 -0.081005 -0.190162
-53.929311 -82.729393 -47.622000 8412.279014 -0.520944 0.729921 0.442530 0.369606 0.660201 -0.653855 0.769421 0.177060 0.613711
-47.868786 -75.090156 -28.165226 5663.563088 -0.437946 0.884715 0.159631 0.507106 0.389729 -0.768736 0.742325 0.255715 0.619325
-41.043756 -66.839378 -402.795958 4007.429730 -0.365255 0.926970 -0.085524 0.561665 0.146180 -0.814349 0.742375 0.345481 0.574040
72.716190 -103.847249 -4449.350950 -2458.832563 -0.121063 0.712397 0.691255 0.934079 -0.153900 0.322197 0.335916 0.684693 -0.646804
82.008406 -109.910965 -3664.880552 -5215.698670 -0.155608 0.684979 0.711751 0.971674 -0.023598 0.235145 0.177866 0.728180 -0.661904
52.322856 -84.350931 -8632.440280 4569.407984 -0.116825 0.878109 0.463979 0.914179 -0.087488 0.395757 0.388110 0.470394 -0.792528
-45.259321 -64.901739 1679.215509 3357.680271 -0.187369 0.854083 0.485216 0.906304 -0.040187 0.420712 0.378822 0.518582 -0.766529
-48.193692 -75.265989 3452.378034 3810.346448 -0.263803 0.825523 0.498919 0.934979 0.091697 0.342644 0.237111 0.556869 -0.796037
-47.075166 -63.949530 1106.121852 -329.274758 -0.060864 0.779572 0.623349 0.943668 -0.158555 0.290432 0.325248 0.605911 -0.726007
-3.006035 -39.491089 -9844.342318 -1363.559804 0.298879 0.946109 0.124697 -0.561919 0.280096 -0.778327 0.771310 -0.162556 -0.615351
-21.312783 -35.146124 2693.693265 -2235.649869 0.410964 0.805712 -0.426539 0.583268 -0.591962 -0.556218 0.700647 0.020201 0.713222
-21.974355 -33.034310 3474.937119 -546.364949 0.328888 0.859040 -0.392280 0.570818 -0.511750 -0.642090 0.752330 0.012745 0.658663
-14.366065 -32.151898 5287.537032 305.049742 0.111865 0.975517 -0.189347 0.647888 -0.216074 -0.730447 0.753477 0.040964 0.656197
-5.499597 -60.827384 -224.816385 2578.879913 0.080903 0.974006 -0.211581 0.337907 -0.226508 -0.913517 0.937696 -0.002412 0.347448
12.635097 -103.654433 1009.644595 620.808010 0.020933 0.976396 0.214969 -0.461074 0.200214 -0.864480 0.887115 0.081020 -0.454382
9.539265 -93.642345 192.732588 -9244.679900 0.037666 0.976424 0.212552 -0.188610 0.215826 -0.958042 0.981329 0.004004 -0.192293
9.295329 -101.592953 922.865597 -5890.307284 0.012476 0.967138 0.253947 -0.362104 0.241099 -0.900417 0.932054 0.080722 -0.353213
12.108680 -106.259020 2245.480330 4149.610147 -0.011191 0.960679 0.277434 -0.611484 0.212953 -0.762062 0.791178 0.178175 -0.585057
4.942197 -98.755971 379.973831 -8690.177992 0.007504 0.960578 0.277910 -0.261999 0.270098 -0.926501 0.965039 0.065860 -0.253698
6.309642 -105.397179 1794.202986 -4383.329137 -0.014276 0.952958 0.302767 -0.511306 0.253257 -0.821235 0.859280 0.166530 -0.483638
1.596093 -58.035814 -893.076154 6292.181113 -0.029659 0.961895 0.271805 0.837540 -0.124504 0.532001 -0.545571 -0.243427 0.801933
-2.891595 -64.852100 -1853.123200 12043.265715 -0.139422 0.966164 0.217001 0.766347 -0.033506 0.641552 -0.627115 -0.255745 0.735746
-2.192591 -131.688663 325.470569 1088.447555 0.966236 0.249425 0.064616 -0.129315 0.686353 -0.715680 0.222858 -0.683159 -0.695433
-3.493609 -134.421245 674.691673 2837.608675 0.967023 0.246563 0.063820 -0.125127 0.678189 -0.724157 0.221832 -0.692291 -0.686676
-1.349928 -128.352983 81.728696 -3024.353116 0.966192 0.246433 0.075786 -0.078759 0.562004 -0.823376 0.245499 -0.789570 -0.562413
-3.645360 -128.535067 501.477134 3514.989125 0.968094 0.242383 0.063602 -0.162349 0.800002 -0.577615 0.190886 -0.548860 -0.813828
-2.059434 -131.746714 -100.946354 -2229.945743 0.966852 0.245553 0.070008 -0.125242 0.694995 -0.708023 0.222512 -0.675786 -0.702711
-2.701947 -129.802285 56.050154 1034.198951 0.968599 0.239755 0.065833 -0.160145 0.804160 -0.572434 0.190184 -0.543916 -0.817303
4.278917 -72.307927 -4069.366160 5533.420331 -0.009494 0.838241 0.545218 0.277062 0.526101 -0.804024 0.960805 -0.143426 0.237239
-0.042606 -70.271579 1714.768452 1461.690249 -0.052734 0.818948 0.571439 0.326547 0.554918 -0.765136 0.943709 -0.146253 0.296688
4.461148 -82.050218 -693.449764 673.337841 -0.030716 0.850830 0.524543 0.423205 0.486500 -0.764340 0.905513 -0.198512 0.375019
18.709285 -78.213384 -9313.895361 6679.129039 -0.035731 0.830346 0.556102 0.358996 0.529979 -0.768274 0.932655 -0.172187 0.317027
16.668938 -69.952942 -13784.140731 11507.419417 0.003840 0.813277 0.581864 0.228627 0.565743 -0.792253 0.973507 -0.136072 0.183765
1.891911 -139.956056 485.490118 -626.733723 0.995213 0.083586 -0.050638 0.030456 -0.757611 -0.651995 0.092861 -0.647332 0.756530
4.015609 -134.147141 1533.331961 4527.540360 0.991162 0.131063 -0.020515 0.063415 -0.603938 -0.794505 0.116520 -0.786182 0.606912
1.600644 -143.970209 -1929.710444 467.864772 0.994553 0.103742 -0.010079 0.056370 -0.616689 -0.785186 0.087673 -0.780341 0.619178
-2.587775 -209.383623 2311.311915 -11873.243993 0.930214 0.352344 0.102738 0.178812 -0.190630 -0.965239 0.320511 -0.916250 0.240330
-4.978892 -214.144996 1684.365581 -13912.477830 0.939536 0.320470 0.120709 0.125932 0.004459 -0.992029 0.318453 -0.947248 0.036168
-7.438381 -205.168256 1001.665961 -13808.637643 0.945896 0.306728 0.105820 0.128255 -0.053877 -0.990277 0.298045 -0.950271 0.090301
4.402720 -18.667458 2808.107443 -588.194942 0.405619 0.875563 0.262417 0.821461 -0.223287 -0.524733 -0.400842 0.428407 -0.809810
5.387423 -21.331061 2534.108361 -1475.556745 0.258390 0.904239 0.339979 0.896224 -0.093022 -0.433738 -0.360578 0.416771 -0.834437
1.594240 -18.872081 780.763902 -1887.474639 0.150186 0.911927 0.381881 0.925475 0.006193 -0.378759 -0.347765 0.410305 -0.843036
-5.134610 -278.725475 -3639.942614 -23804.880061 0.956065 0.160093 0.245583 -0.071546 -0.684967 0.725053 -0.284292 0.710768 0.643418
1.635206 -273.929699 -698.829703 -21703.002507 0.965681 0.143300 0.216623 -0.073837 -0.648155 0.757920 -0.249015 0.747904 0.615330
-9.522856 -273.280172 -3096.662388 -25771.390302 0.956128 0.140245 0.257199 -0.149256 -0.522255 0.839626 -0.252077 0.841178 0.478410
2.674897 -269.712726 -905.282169 10107.740859 0.966239 0.164197 0.198550 0.045538 -0.867327 0.495651 -0.253592 0.469876 0.845522
-3.913608 -267.365107 -3741.024075 -643.169140 0.953040 0.169523 0.250951 0.001767 -0.831748 0.555151 -0.302839 0.528638 0.792988
-0.775671 -273.166904 281.374387 -12190.585909 0.954979 0.125093 0.269010 -0.097895 -0.723098 0.683773 -0.280056 0.679324 0.678298
-17.301347 -390.882943 -14154.727063 -21325.370433 0.997242 -0.024585 -0.070035 -0.040835 0.606201 -0.794263 -0.061983 -0.794932 -0.603525
-28.536628 -635.848282 9627.196588 -205575.320153 0.994058 0.105118 -0.028273 -0.077926 0.505850 -0.859094 0.076005 -0.856193 -0.511036
-37.643475 -423.430912 16077.922884 -180946.858070 0.979891 0.181029 -0.083922 -0.069307 -0.085609 -0.993915 0.187112 -0.979745 0.071340
-2.451267 -28.101150 3039.356998 -1504.990338 -0.291462 0.849266 0.440225 0.103720 0.485550 -0.868034 0.950943 0.207339 0.229605
-2.410162 -23.702544 2058.564834 -1213.331818 -0.295686 0.809844 0.506679 0.152608 0.563628 -0.811809 0.943017 0.162718 0.290245
-5.349695 -28.235595 2742.654623 -1281.867219 -0.288584 0.827791 0.481126 0.110724 0.527987 -0.842003 0.951031 0.189716 0.244025
-6.206284 -32.474427 2345.976681 -1747.753212 -0.274718 0.864464 0.420989 0.050349 0.450167 -0.891524 0.960206 0.223721 0.167194
-0.646383 -32.612166 4878.170001 -1587.089378 -0.294084 0.866672 0.402982 0.032175 0.430364 -0.902082 0.955238 0.252322 0.154449
-11.500870 -37.109612 -758.297588 186.746466 -0.345493 0.832471 -0.433159 -0.795288 -0.504763 -0.335754 0.498148 -0.228486 -0.836447
-8.075520 -40.140785 -584.823146 -1110.718792 -0.423719 0.780413 -0.459802 -0.815311 -0.549756 -0.181762 0.394628 -0.297865 -0.869221
-14.605096 -34.994274 -1358.789367 -602.157036 -0.458327 0.769006 -0.445607 -0.767921 -0.595056 -0.237076 0.447474 -0.233533 -0.863267
-15.822743 -32.507737 -953.506607 525.899592 -0.377329 0.842330 -0.384842 -0.774173 -0.514959 -0.368068 0.508212 -0.159051 -0.846418
-13.479495 -35.456275 -647.820636 362.125714 -0.275423 0.887468 -0.369516 -0.755403 -0.437535 -0.487780 0.594565 -0.144788 -0.790904
-3.100771 -29.835610 865.978105 838.582961 0.303966 -0.626775 -0.717466 0.249389 0.779189 -0.575039 0.919462 -0.004136 0.393157
-4.490812 -30.505545 1028.976289 1268.131469 0.343233 -0.506481 -0.790992 0.225851 0.861949 -0.453912 0.911692 -0.022849 0.410238
-1.253271 -30.535446 1686.456908 -259.303396 0.318224 -0.565936 -0.760559 0.300643 0.821098 -0.485193 0.899081 -0.074257 0.431438
-3353.715423 -5471.754324 -823518.710904 4395808.045598 0.198767 0.855755 0.477677 -0.042199 0.494423 -0.868197 0.979138 -0.152412 -0.134387
-3596.634978 -160469.951105 -1726277.866796 291857973.945682 -0.144962 0.516807 -0.843740 -0.330893 0.778326 0.533590 0.932468 0.356538 0.058180
-14.010668 -552.548240 26640.976428 152078.754059 0.242625 0.865658 0.437915 -0.675000 -0.173580 0.717109 -0.696784 0.469581 -0.542204
-9.172003 -456.407714 24924.373011 87995.482719 0.249481 0.844912 0.473162 0.943187 -0.101282 -0.316451 -0.219450 0.525229 -0.822178
-97.291142 -383.380520 40509.893036 22024.000432 0.275618 0.877005 0.393569 0.892703 -0.081666 -0.443184 -0.356533 0.473490 -0.805414
-75.830460 -522.149239 29657.194901 142367.022139 0.275639 0.877799 0.391782 -0.607551 -0.156755 0.778659 -0.744920 0.452656 -0.490099
42.913041 14.648867 -20391.717921 -1859.132998 -0.942236 0.088489 0.323051 0.171334 0.956074 0.237840 -0.287814 0.279451 -0.916008
50.517977 14.781495 -23604.701725 931.994960 -0.955392 0.021221 0.294578 0.099678 0.962060 0.253978 -0.278012 0.272011 -0.921260
50.270313 15.225289 -2206.613674 -1624.345145 -0.859972 -0.123171 0.495254 0.034011 0.954448 0.296432 -0.509206 0.271767 -0.816610
-45.031274 -59.049269 2351.475918 4313.085803 0.120074 -0.057762 0.991083 0.507609 0.861514 -0.011289 -0.853180 0.504438 0.132766
-49.416562 -60.143933 458.238473 3844.869192 -0.117856 -0.181092 0.976379 0.493390 0.842603 0.215836 -0.861786 0.507174 -0.009957
-49.805683 -62.233086 365.123376 2296.522695 -0.086534 -0.204811 0.974969 0.362452 0.905102 0.222303 -0.927977 0.372616 -0.004088
-2.671764 -36.645113 -12802.613725 9630.058121 -0.224623 0.705035 0.672659 0.543523 -0.482292 0.687006 -0.808781 -0.519923 0.274869
-3.050696 -135.592005 -1907.699688 1683.727217 0.648260 -0.516248 0.559685 -0.606037 0.095161 0.789724 0.460953 0.851136 0.251176
-7.935204 -131.900662 -1478.363553 -246.220845 0.637049 -0.530430 0.559297 -0.601366 0.111908 0.791098 0.482211 0.840310 0.247692
-8.146777 -130.671181 -1165.035449 -5370.090577 0.642640 -0.535673 0.547785 -0.465473 0.294925 0.834479 0.608563 0.791248 0.059811
-2.142362 -48.479122 -842.910971 -6993.487400 -0.711367 -0.097944 0.695963 0.115854 0.960354 0.253570 -0.693206 0.261012 -0.671817
-0.747226 -58.969870 -1849.228883 -10947.681028 -0.738302 -0.245865 0.628061 -0.007690 0.934200 0.356668 -0.674427 0.258499 -0.691612
-5.132446 -46.150200 -2461.554007 -11342.474179 -0.736835 -0.340105 0.584296 -0.149449 0.924810 0.349845 -0.659347 0.170456 -0.732261
28.492293 -42.262386 -4904.169838 2654.468099 0.276886 0.499831 -0.820673 0.931412 0.070361 0.357102 0.236233 -0.863261 -0.446066
55.673255 -34.352419 12166.673658 -3187.303070 0.698868 0.498580 -0.512838 -0.677650 0.232135 -0.697785 0.228854 -0.835184 -0.500094
2.281598 -62.184370 -31.984995 -1283.211521 -0.042611 0.858694 -0.510714 0.988644 0.109973 0.102417 0.144110 -0.500550 -0.853629
6.675133 -97.000155 2242.370828 -89.715845 -0.023915 0.968525 -0.247767 -0.920016 0.075647 0.384509 -0.391150 -0.237145 -0.889249
-19.267452 -50.625560 619.598106 117.765904 -0.300620 0.901062 -0.312594 0.648938 -0.046942 -0.759391 0.698933 0.431143 0.570622
-17.141126 -51.400801 -188.877172 1105.361129 -0.232351 0.904338 -0.358031 0.772630 -0.051987 -0.632724 0.590809 0.423640 0.686639
-15.318377 -53.751578 -876.808009 957.836745 -0.241514 0.898669 -0.366149 0.862136 0.025521 -0.506033 0.445412 0.437884 0.780939
7.445354 -49.600760 -604.031124 -440.656658 0.172543 0.969234 0.175538 -0.750424 0.013910 0.660811 -0.638039 0.245746 -0.729736
6.961766 -52.120460 700.829727 973.893176 0.154299 0.969112 0.192392 -0.744888 -0.013826 0.667046 -0.649102 0.246235 -0.719746
6.944838 -49.403051 -1144.603094 -753.567012 0.125564 0.972037 0.198440 -0.825701 -0.008488 0.564045 -0.549956 0.234676 -0.801545
8.850041 -50.663069 1836.250013 1038.250153 0.188680 0.963822 0.188272 -0.661138 -0.017093 0.750070 -0.726152 0.265997 -0.633994
9.528819 -45.213642 -2815.181654 -862.571731 0.123976 0.971424 0.202399 -0.823120 -0.013236 0.567713 -0.554169 0.236982 -0.797957
9.001161 -46.567822 -2458.588805 -1429.804359 0.178069 0.969745 0.166991 -0.752970 0.025028 0.657579 -0.633504 0.242834 -0.734646
8.857094 -49.783745 633.487067 -975.568650 0.215398 0.963129 0.161203 -0.672156 0.026477 0.739936 -0.708386 0.267734 -0.653076
