19458
38903
-38.066589 -58.426480 3185.386655 6350.351415 -0.375797 0.910456 0.172764 0.065575 0.212087 -0.975048 0.924379 0.355091 0.139405
-41.272868 -65.187888 1856.773152 4398.665809 -0.411141 0.903215 0.123150 0.177683 0.211909 -0.961001 0.894087 0.373225 0.247610
-44.578165 -71.162846 2482.081149 9311.610143 -0.393378 0.799007 0.454799 0.020968 0.502350 -0.864410 0.919138 0.330503 0.214367
-32.074326 -52.380750 -1598.759558 4351.647104 -0.378873 0.918664 -0.111858 0.158943 -0.054479 -0.985784 0.911698 0.391266 0.125374
-34.692791 -72.895090 -4589.242384 15418.260419 -0.296371 0.750544 0.590634 -0.128224 0.581550 -0.803342 0.946427 0.313820 0.076117
-34.049989 -46.408927 -213.075429 6254.752925 -0.345876 0.936095 0.063995 -0.007451 0.065462 -0.997827 0.938250 0.345602 0.015667
37.382537 -60.780608 -1670.962345 -1091.040896 -0.232332 0.972558 -0.012399 -0.933564 -0.226558 -0.277724 0.272912 0.052949 -0.960581
37.589540 -66.537141 -4564.218851 -4842.890100 -0.245483 0.967747 -0.056596 -0.948565 -0.251836 -0.191843 0.199908 -0.006591 -0.979792
30.116649 -62.220480 -5089.565502 -2884.098657 -0.241989 0.965779 -0.093337 -0.918003 -0.259038 -0.300284 0.314186 -0.013018 -0.949272
24.036847 -46.118473 863.404801 9117.718165 0.229517 0.954814 0.188818 -0.770917 0.296762 -0.563577 0.594145 0.016213 -0.804194
29.957688 -9.956649 14325.014647 4592.772507 0.478252 0.777581 0.408219 -0.630767 0.627559 -0.456403 0.611071 0.039215 -0.790603
-8.568450 -69.903659 -11667.582858 25775.466803 0.065953 0.997754 -0.011749 -0.880314 0.052639 -0.471462 0.469784 -0.041437 -0.881808
-12.088502 -275.980939 -18374.148133 129976.864989 -0.132306 0.928679 -0.346482 -0.934554 -0.233359 -0.268611 0.330308 -0.288268 -0.898776
1.492849 -1795.790470 3030.586857 -794737.599189 -0.257006 0.955550 -0.144472 0.964551 0.262896 0.022943 0.059905 -0.133454 -0.989243
83.802449 -41.407104 -14591.428827 -4144.890534 0.028814 0.788997 0.613721 -0.277134 0.596213 -0.753477 0.960399 0.148372 -0.235837
91.207149 -30.471180 -3669.725774 -4154.624391 -0.181230 0.724490 0.665034 -0.322370 0.595104 -0.736158 0.929103 0.347801 -0.125703
86.856067 -42.856872 -12907.402147 -7346.125407 -0.006823 0.709134 0.705040 -0.381096 0.650003 -0.657466 0.924510 0.273174 -0.265814
80.049071 -32.782188 7176.950977 340.078416 -0.252384 0.734993 0.629355 -0.277637 0.568057 -0.774745 0.926941 0.370265 -0.060693
65.673339 -55.416744 -15376.671311 -8520.818290 0.144512 0.730485 0.667464 -0.353572 0.668133 -0.654665 0.924177 0.141389 -0.354832
54.461113 -55.007357 -15414.807040 -5940.705703 0.196900 0.780530 0.593298 -0.295519 0.624250 -0.723174 0.934825 0.032938 -0.353577
80.918401 -47.685318 -7633.017836 5176.882667 -0.058169 0.840596 0.538531 -0.231206 0.513434 -0.826395 0.971164 0.172582 -0.164485
74.537028 -45.805521 -21812.250290 -700.372903 0.142822 0.832741 0.534924 -0.242659 0.553431 -0.796763 0.959541 0.016008 -0.281114
6.772892 -12.998108 2838.759937 -1093.108813 -0.583469 0.721796 0.372256 0.126697 0.533653 -0.836159 0.802192 0.440710 0.402820
2.616701 -15.223471 2699.953565 -2314.419029 -0.557078 0.801716 0.216599 0.227106 0.397947 -0.888854 0.798803 0.445970 0.403763
4.377203 -14.399966 3139.934487 -434.016951 -0.565412 0.784270 0.255402 0.175496 0.416950 -0.891826 0.805922 0.459427 0.373385
4.528801 -37.884576 -1588.522581 67.027101 -0.042734 0.987163 0.153892 -0.912363 0.024212 -0.408665 0.407145 0.157869 -0.899617
-0.083026 -39.074722 -1825.927767 705.254142 -0.044409 0.988140 0.146995 -0.925581 0.014673 -0.378265 0.375935 0.152854 -0.913952
2.185649 -41.539044 -1917.970629 -278.263084 -0.064496 0.988995 0.133147 -0.877186 0.007430 -0.480093 0.475799 0.147759 -0.867054
3.009495 -41.852844 -154.013925 -1520.193757 -0.053592 0.985591 0.160430 -0.876026 0.030707 -0.481286 0.479278 0.166334 -0.861757
3.760526 -42.434767 -839.896696 2534.511045 -0.044942 0.985812 0.161724 -0.862626 0.043353 -0.503981 0.503842 0.162158 -0.848439
0.925664 -43.859859 -1904.678415 1793.218602 -0.061543 0.988186 0.140361 -0.841180 0.024343 -0.540206 0.537241 0.151315 -0.829744
228.144886 1.215233 -32880.920504 -1390.904282 0.409954 -0.753605 -0.513826 0.864211 0.501078 -0.045399 0.291680 -0.425443 0.856692
141.692234 -40.524986 5283.515995 -7864.885503 0.115874 -0.854715 -0.505999 0.901905 0.303952 -0.306888 0.416102 -0.420803 0.806092
170.875490 -5.515772 44006.330815 -14712.764730 0.089031 -0.666479 -0.740189 0.938269 0.305505 -0.162226 0.334251 -0.680054 0.652536
207.276216 40.434499 -1205.956972 -3774.635907 0.448053 -0.481202 -0.753454 0.843176 0.507586 0.177232 0.297158 -0.714703 0.633164
111.203381 23.346998 31174.453266 -18370.459726 0.182450 -0.480358 -0.857886 0.932774 0.360446 -0.003449 0.310878 -0.799584 0.513829
23.440188 -35.849089 7500.030794 -863.751454 0.014487 0.844108 0.535977 -0.575189 0.445499 -0.686067 0.817892 0.298349 -0.491975
30.828546 -34.775480 6248.064769 -1263.236599 0.016616 0.895035 0.445686 -0.524387 0.387326 -0.758286 0.851318 0.221113 -0.475780
16.998256 -32.469973 6248.419000 -1439.308266 0.016877 0.839567 0.542994 -0.493571 0.479286 -0.725722 0.869542 0.255758 -0.422474
9.564218 -34.179346 5828.341618 -1243.622054 0.027060 0.802912 0.595484 -0.521328 0.519611 -0.676921 0.852927 0.292125 -0.432641
-0.869845 -65.173594 -381.840523 -4215.834113 0.120439 0.986417 -0.111698 -0.968776 0.092224 -0.230146 0.216719 -0.135929 -0.966724
0.528015 -62.931175 0.763819 -2899.736737 0.147633 0.983636 -0.103275 -0.936846 0.105604 -0.333417 0.317055 -0.145976 -0.937106
2.542547 -67.966553 -542.070838 -5238.835577 0.105995 0.987873 -0.113452 -0.965308 0.074844 -0.250156 0.238631 -0.136032 -0.961536
-15.844223 -124.472510 -1715.501818 8846.152808 0.347482 0.895210 0.279024 0.438850 0.107707 -0.892082 0.828654 -0.432432 0.355437
-15.863101 -128.160980 -2150.556910 8452.083200 0.337266 0.878815 0.337544 0.501288 0.135844 -0.854551 0.796845 -0.457418 0.394724
-13.054927 -139.567482 -2527.865618 28926.250202 0.364636 0.890710 0.271435 0.203895 0.208054 -0.956630 0.908552 -0.404166 0.105747
-19.330487 -140.289372 55.623064 -24633.947978 0.330784 0.907326 0.259502 0.681448 -0.039420 -0.730804 0.652848 -0.418576 0.631335
-19.284486 -144.535317 1674.442428 -16170.727861 0.315443 0.934476 0.165078 0.645658 -0.083868 -0.759007 0.695429 -0.346007 0.629808
-9.353313 -105.355043 -1785.042217 1287.166498 0.168672 0.971722 0.165248 -0.091478 0.182359 -0.978967 0.981418 -0.150008 -0.119650
-6.734001 -95.322640 -331.813916 5027.032279 0.170931 0.974408 0.145985 -0.292112 0.191621 -0.936991 0.940985 -0.117516 -0.317390
-10.522705 -93.221709 592.209153 6069.441966 0.164113 0.969114 0.184079 -0.303787 0.227193 -0.925255 0.938499 -0.095926 -0.331690
-9.679956 -87.943770 -83.340874 7308.159539 0.169824 0.977924 0.121759 -0.518013 0.193691 -0.833155 0.838345 -0.078416 -0.539470
-11.095378 -85.624608 1904.067642 12204.953185 0.159783 0.975029 0.154232 -0.473754 0.212812 -0.854557 0.866041 -0.063475 -0.495928
11.841865 -93.211089 -3013.463168 2187.989158 -0.226551 -0.954273 -0.195033 0.968942 -0.241189 0.054586 -0.099130 -0.176609 0.979276
13.491116 -101.687395 -667.139350 2306.322672 0.237710 0.938576 0.250139 0.922847 -0.298574 0.243324 -0.303063 -0.173000 0.937136
12.786004 -99.972462 4184.846740 2810.418173 0.261562 0.946520 0.188906 0.917104 -0.304730 0.257022 -0.300841 -0.106019 0.947763
-6.926617 -46.541015 755.211224 -1081.754004 0.024800 0.990045 0.138553 0.921355 0.031146 -0.387472 0.387929 -0.137265 0.911410
-7.840749 -41.999235 59.194704 2343.116204 0.011648 0.989529 0.143865 0.867067 0.061667 -0.494361 0.498056 -0.130499 0.857269
-9.590817 -45.400861 -467.443473 -161.228192 0.041529 0.992367 0.116121 0.900171 0.013269 -0.435333 0.433551 -0.122608 0.892749
110.379475 -50.818296 14810.767748 1555.794029 -0.255957 0.966576 -0.014739 0.237289 0.077601 0.968335 -0.937113 -0.244354 0.249220
133.496775 -55.229165 44758.542259 1725.115276 -0.093393 0.994269 -0.052019 0.336440 0.080690 0.938242 -0.937063 -0.070124 0.342047
141.307100 -52.834404 8342.859852 6820.160616 -0.355465 0.934013 0.035552 0.385794 0.111967 0.915765 -0.851356 -0.339238 0.400137
124.049022 -35.288872 -10236.503599 -585.119221 -0.510163 0.848503 0.140631 0.246020 -0.012713 0.969181 -0.824141 -0.529038 0.202263
121.137736 -43.362174 6848.675276 -8502.261446 -0.346086 0.938049 0.016969 0.062012 0.004824 0.998064 -0.936151 -0.346469 0.059840
107.564715 -43.686512 19233.160820 -7663.385077 -0.201126 0.978624 -0.042944 0.021213 0.048181 0.998613 -0.979336 -0.199936 0.030450
-18.215563 -24.877869 -3681.980141 2784.810311 -0.871496 -0.204858 -0.445564 -0.196163 0.978339 -0.066130 0.449460 0.029771 -0.892804
-25.166985 -26.201022 2994.885199 -4603.724724 -0.405302 0.899247 -0.164572 -0.815951 -0.437023 -0.378464 0.412255 0.019110 -0.910868
-19.755874 -21.778417 2260.645644 -3225.362036 -0.546480 0.811330 -0.207615 -0.722861 -0.582149 -0.372256 0.422885 0.053354 -0.904611
-13.330171 -17.796261 3462.559481 -1816.167712 -0.577006 0.789873 -0.207761 -0.687400 -0.607030 -0.398742 0.441073 0.087262 -0.893219
-13.604157 -19.026631 -237.062078 1918.619592 -0.861509 0.289520 -0.417110 0.225156 0.954149 0.197240 0.455090 0.076009 -0.887195
-13.712686 -26.636205 -634.590600 2702.786469 -0.877898 -0.129215 -0.461084 -0.127189 0.991239 -0.035621 0.461647 0.027373 -0.886641
-8.967169 -43.051764 -1192.499178 2702.256463 0.054074 0.990318 0.127851 0.811588 0.031004 -0.583407 0.581723 -0.135309 0.802054
-9.613744 -45.904672 -1326.564296 -3332.886658 0.076403 0.991765 0.102787 0.784936 0.003743 -0.619566 0.614849 -0.128018 0.778185
-13.171490 -41.544832 -2428.357013 1048.968237 0.039864 0.992781 0.113125 0.797210 0.036653 -0.602588 0.602384 -0.114206 0.789994
-7.648193 -46.931236 81.856706 -2471.808778 0.084235 0.990417 0.109447 0.799246 -0.001562 -0.601002 0.595072 -0.138101 0.791718
-7.767005 -44.842148 155.879093 3626.384047 0.052169 0.989059 0.137991 0.824451 0.035317 -0.564830 0.563524 -0.143233 0.813588
-3.016368 -125.779045 814.567307 4912.469407 0.667034 0.497128 -0.554913 -0.200909 0.837255 0.508566 0.717427 -0.227744 0.658355
-2.257723 -124.539088 2598.609328 3558.700222 0.658193 0.541141 -0.523401 -0.075484 0.739159 0.669288 0.749056 -0.401012 0.527356
-1.340843 -133.706792 1021.469113 1405.745870 0.667461 0.521448 -0.531590 -0.041655 0.738912 0.672513 0.743478 -0.426733 0.514916
-5.017239 -122.012369 370.109236 3934.294380 0.679343 0.433340 -0.592207 -0.300922 0.900553 0.313769 0.669283 -0.034949 0.742186
-5.169072 -117.277408 136.483884 2312.824773 0.678490 0.472133 -0.562799 -0.327880 0.880204 0.343125 0.657379 -0.048277 0.752013
5.182414 -129.552196 430.134709 15882.672735 0.542938 0.679604 -0.493312 -0.622562 0.719977 0.306675 0.563591 0.140612 0.813999
9.730631 -108.063157 -572.700825 13961.693331 0.533105 0.680489 -0.502725 -0.713681 0.680820 0.164749 0.454376 0.270957 0.848602
4.973540 -138.353397 2488.246687 17900.298052 0.540319 0.657917 -0.524596 -0.595903 0.739345 0.313479 0.594100 0.143229 0.791537
0.003675 -469.981715 3349.961468 -116090.218875 0.697062 0.587752 -0.410672 0.686273 -0.381002 0.619570 -0.207687 0.713712 0.668941
0.479145 -531.904037 -4662.989641 -115652.670431 -0.683235 -0.569836 0.456593 0.710695 -0.375388 0.594976 -0.167639 0.731006 0.661458
0.061427 -523.199334 1520.552256 -137523.579115 0.723148 0.542744 -0.427184 0.546501 -0.071406 0.834409 -0.422367 0.836857 0.348247
0.074857 -482.450000 -4796.479355 -122854.469906 0.724651 0.567077 -0.391541 0.506849 -0.053645 0.860364 -0.466888 0.821916 0.326297
2.142396 -433.739483 3531.196703 -71684.484746 0.731957 0.545071 -0.408823 0.330391 0.240816 0.912606 -0.595886 0.803060 0.003820
4.391205 -315.479221 3190.481812 -28095.997958 0.739083 0.534351 -0.410153 0.376982 0.176495 0.909249 -0.558248 0.826631 0.070996
362.020750 -3594.726461 -108894.489196 -9679511.952883 0.888956 0.449977 0.085309 0.288036 -0.404470 -0.868009 0.356079 -0.796194 0.489165
2374.711803 -16223.072912 -551558.435584 36839691.112145 0.917528 0.366039 0.155429 -0.343792 0.926563 -0.152608 -0.199875 0.086587 0.975988
-40.674499 -1663.276876 -17747.017172 -261177.111729 0.859836 0.510563 0.002885 0.505555 -0.850584 -0.144639 0.071393 -0.125825 0.989480
23.664905 -72.923883 3079.481567 -64.917536 -0.366976 0.917582 -0.152879 -0.311701 -0.276139 -0.909170 0.876454 0.285991 -0.387348
16.646932 -70.108082 4957.742811 -1497.215534 -0.406248 0.907291 -0.108558 -0.308172 -0.247882 -0.918469 0.860228 0.339672 -0.380303
19.049832 -69.282067 6271.166241 3187.463898 -0.401022 0.912158 -0.084553 -0.448239 -0.275881 -0.850277 0.798914 0.303080 -0.519499
27.781294 -68.436952 5070.106888 5052.885855 -0.365717 0.923096 -0.118936 -0.496887 -0.301698 -0.813684 0.786991 0.238480 -0.569011
16.245322 -48.030705 -3035.913107 -1180.092953 0.167732 0.952001 0.256049 -0.894369 0.037692 0.445739 -0.414692 0.303767 -0.857762
16.620838 -47.753841 -3119.051717 324.967986 0.147399 0.954238 0.260200 -0.839002 -0.018686 0.543807 -0.523784 0.298465 -0.797853
16.250063 -46.415701 2799.436950 -1405.937861 0.183167 0.949807 0.253606 -0.877065 0.041352 0.478589 -0.444080 0.310091 -0.840617
16.244892 -16.928842 8569.634041 2511.131565 -0.300894 0.934499 -0.190195 0.384758 -0.063527 -0.920829 0.872596 0.350251 0.340441
5.042252 -16.421715 1594.942876 2096.505073 -0.240325 0.931794 -0.272038 0.425681 -0.150699 -0.892236 0.872376 0.330228 0.360430
5.953764 -12.589348 1526.139722 2144.964426 -0.286423 0.941625 -0.176932 0.367725 -0.062486 -0.927833 0.884726 0.330815 0.328362
2.858545 -13.234438 -1266.538023 1574.619796 -0.214956 0.931193 -0.294403 0.433693 -0.179081 -0.883086 0.875045 0.317505 0.365357
11.418576 -15.622054 5234.732647 40.207737 -0.340264 0.939452 -0.040617 0.339812 0.082573 -0.936862 0.876783 0.332582 0.347334
1.090618 -27.352181 2054.768080 1090.456627 -0.305484 0.190372 0.932973 0.259815 0.959295 -0.110671 -0.916065 0.208592 -0.342511
1.185934 -29.360252 2310.739301 653.473141 -0.299968 0.220952 0.928008 0.220949 0.962446 -0.157733 -0.928009 0.157728 -0.337522
5.798956 -28.115102 4589.362675 646.267131 -0.303707 0.138730 0.942611 0.202025 0.976222 -0.078585 -0.931100 0.166564 -0.324513
4.217938 -25.580551 3209.352677 1181.716469 -0.310105 0.138483 0.940562 0.266583 0.962310 -0.053792 -0.912562 0.234056 -0.335334
-0.091047 -24.704555 708.084320 1746.703785 -0.311114 0.194449 0.930268 0.317691 0.943814 -0.091033 -0.895701 0.267216 -0.355408
3.238087 -48.528499 1679.165211 -1608.755657 0.077458 0.991999 -0.099689 -0.514336 0.125416 0.848369 -0.854084 0.014440 -0.519935
6.338195 -49.584020 1828.060636 -51.017178 0.092278 0.984380 -0.149939 -0.556176 0.175857 0.812245 -0.825925 -0.008440 -0.563716
5.930695 -48.949088 2222.879085 -285.201273 0.090080 0.986964 -0.133374 -0.573588 0.160890 0.803188 -0.814176 -0.004151 -0.580603
-6.169180 -114.678470 1840.672070 312.353011 0.071295 0.994854 -0.071993 -0.993591 0.077180 0.082581 -0.087712 -0.065644 -0.993981
-7.253735 -112.905871 2120.012223 -4672.785644 0.086062 0.993620 -0.072881 -0.989273 0.076561 -0.124407 0.118033 -0.082806 -0.989551
-4.921217 -115.801214 493.671379 1158.670555 0.080423 0.991562 -0.101670 0.994344 -0.086908 -0.061049 -0.069370 -0.096185 -0.992943
-5.448557 -115.901846 961.217760 2141.241506 0.054811 0.995493 -0.077389 -0.961859 0.073444 0.263501 -0.267998 -0.059995 -0.961550
-4.807854 -114.342959 508.167243 1606.682207 0.042148 0.996690 -0.069517 -0.969685 0.057570 0.237478 -0.240694 -0.057401 -0.968902
-1177.984962 -2402.185130 634708.177297 -1049336.007906 -0.596166 -0.038528 -0.801936 0.442814 0.817405 -0.368463 0.669703 -0.574774 -0.470248
-2153.051765 -5512.330910 502050.146635 -2130062.997077 0.681195 -0.098415 -0.725457 0.714523 0.305219 0.629522 0.159469 -0.947183 0.278234
-323.289431 -1956.666785 -93942.140363 1641866.292645 0.952250 0.050813 0.301062 0.268091 0.332709 -0.904120 0.146107 -0.941660 -0.303199
-70.422944 -3765.593409 -170583.791174 -2763963.483596 0.876098 -0.136883 0.462294 0.367755 0.809791 -0.457160 0.311784 -0.570528 -0.759795
-31.638007 -587.907613 -1373.182454 -198468.446307 0.963024 -0.124802 0.238767 0.269389 0.433581 -0.859905 -0.003793 -0.892430 -0.451169
-47.953442 -613.487847 -7264.247341 -209779.350812 0.967054 -0.064144 0.246358 0.252725 0.358253 -0.898769 0.030608 -0.931418 -0.362661
-24.062323 -478.751683 1879.656856 -178534.377301 0.915940 -0.149608 0.372386 0.389416 0.107056 -0.914819 -0.096998 -0.982933 -0.156316
880.197623 -43135.389766 169198.476055 -17216028.488152 0.906823 -0.228010 0.354519 0.391114 0.141546 -0.909393 -0.157170 -0.963315 -0.217535
3.669883 -47.270556 -5898.187866 -5272.374407 -0.615836 0.786062 0.053407 -0.612243 -0.520120 0.595511 -0.495887 -0.334039 -0.801570
5.464598 -51.632291 -3145.416965 -14.101707 -0.534814 0.844701 0.021308 -0.685030 -0.448208 0.574320 -0.494679 -0.292558 -0.818354
11.708811 -49.420090 -1073.320105 -5121.197320 -0.480581 0.876873 0.011634 -0.692485 -0.387597 0.608468 -0.538058 -0.284361 -0.793493
9.192803 -51.506633 1799.223871 1197.548815 -0.382279 0.924014 0.007793 -0.742471 -0.312171 0.592693 -0.550090 -0.220788 -0.805390
14.380320 -48.863163 1026.709668 -4266.433550 -0.380003 0.924847 -0.016000 -0.724504 -0.286843 0.626750 -0.575058 -0.249759 -0.779056
-36.537020 -54.361797 -2107.267505 1890.068598 -0.201457 0.915146 0.349174 -0.686320 -0.386224 0.616275 -0.698842 0.115492 -0.705891
-35.096746 -57.117476 -1927.183494 2403.099425 -0.155796 0.964411 0.213634 -0.734585 -0.257709 0.627670 -0.660388 0.059144 -0.748592
-36.783576 -55.877988 -464.675205 -888.521094 -0.242414 0.918564 0.312211 -0.636452 -0.393453 0.663418 -0.732232 0.037885 -0.680000
25.575155 -28.792634 1595.576404 -983.052644 -0.092966 -0.444865 -0.890759 0.540689 0.728673 -0.420346 0.836070 -0.520702 0.172792
17.391249 -50.516618 2715.866311 -5652.720678 0.032037 -0.153203 -0.987675 0.470226 0.874300 -0.120364 0.881964 -0.460574 0.100050
14.546535 -47.733261 5885.614855 -5254.570345 -0.060029 -0.265564 -0.962222 0.573689 0.779675 -0.250973 0.816871 -0.567082 0.105549
5.510497 -60.894944 8009.032220 -6650.719838 0.008089 -0.103620 -0.994584 0.502697 0.860221 -0.085533 0.864425 -0.499283 0.059047
-1.844154 -61.682624 10830.979085 -5948.838957 -0.050901 -0.158263 -0.986084 0.570507 0.805799 -0.158777 0.819714 -0.570650 0.049274
29.609933 -34.693110 5892.882171 -173.702462 -0.168031 -0.494488 -0.852788 0.580968 0.649212 -0.490917 0.796393 -0.577932 0.178194
-0.337588 -39.722500 1286.581553 2255.917176 0.841531 -0.540164 -0.006881 -0.533898 -0.833575 0.141798 0.082330 0.115654 0.989872
-0.877347 -35.402004 2885.519173 -721.555111 0.863368 -0.503689 -0.029888 -0.475785 -0.832398 0.284152 0.168003 0.231107 0.958313
-5.382241 -41.600717 1118.853692 2421.267921 0.830938 -0.556230 0.012237 -0.551113 -0.819881 0.155145 0.076264 0.135660 0.987816
-10.294596 -75.666824 614.915173 15048.601598 0.718572 -0.643607 0.263484 0.690839 0.704157 -0.164024 0.079966 -0.299888 -0.950617
-8.532192 -64.033835 -988.012635 3893.211585 0.757575 -0.608924 0.235143 0.647656 0.746107 -0.154485 0.081372 -0.269326 -0.959605
-8.505274 -70.498529 2199.808780 8515.325484 0.724186 -0.620277 0.301349 0.685488 0.695169 -0.216439 0.075237 -0.363313 -0.928624
-9.868493 -66.069251 2103.388482 1101.085459 0.708111 -0.635156 0.308474 0.704618 0.607319 -0.366984 -0.045749 -0.477221 -0.877591
-0.098548 -63.982011 -555.104502 -5413.374680 -0.656315 0.752950 0.048125 0.749117 0.657914 -0.077286 0.089855 0.014673 0.995847
-1.246627 -61.425508 -336.747940 -5444.742954 -0.663161 0.747191 0.043848 0.745506 0.664609 -0.050164 0.066623 0.000578 0.997778
0.082324 -55.428612 -550.332888 2240.159844 -0.668335 0.742723 0.041122 0.742279 0.669497 -0.028206 0.048480 -0.011673 0.998756
1.034516 -56.861496 -123.322233 2738.967458 -0.657224 0.752852 0.035652 0.751297 0.658170 -0.048637 0.060081 0.005181 0.998180
1.816355 -50.164034 321.121771 -8.575459 0.658121 -0.751765 -0.041552 0.751968 0.653530 0.086274 -0.037702 -0.088025 0.995405
12.310264 -90.261107 -291.406253 -2122.854722 0.717639 -0.684742 0.126972 0.091813 -0.087705 -0.991906 -0.690336 -0.723489 0.000072
11.117263 -81.434150 181.921066 -166.940108 0.743877 -0.651651 0.148316 0.112944 -0.096153 -0.988938 -0.658704 -0.752399 -0.002074
14.141247 -82.358987 -601.447942 10254.300690 0.716802 -0.676908 0.167303 0.252863 0.028746 -0.967075 -0.649812 -0.735506 -0.191770
-11.152285 -86.648958 316.910147 -2022.040055 0.775833 -0.630838 0.011249 0.579854 0.705877 -0.406824 -0.248700 -0.322150 -0.913437
-11.532908 -92.051717 -899.439244 -3338.012857 0.793222 -0.608838 0.010686 0.594143 0.769994 -0.232601 -0.133388 -0.190853 -0.972514
-13.545054 -84.456330 -524.283762 -2838.916837 0.794712 -0.606670 0.019624 0.555243 0.713522 -0.427308 -0.245233 -0.350483 -0.903893
-8.806001 -92.251002 -862.219865 -3940.404513 0.770637 -0.637005 -0.018558 0.614074 0.750051 -0.245635 -0.170390 -0.177899 -0.969185
-9.826668 -88.805387 1544.663069 -3034.332537 -0.755228 0.654690 0.031816 0.604028 0.713992 -0.354071 -0.254523 -0.248186 -0.934677
-11.782146 -84.356399 -698.395543 -1014.746839 0.748815 -0.662711 -0.009502 0.576314 0.658140 -0.484473 -0.327319 -0.357305 -0.874755
-0.445917 -51.760403 -1347.625314 -458.625093 -0.549003 0.823603 -0.142387 -0.389989 -0.403092 -0.827904 0.739259 0.398993 -0.542495
0.372374 -53.997329 -585.422355 141.727901 -0.550754 0.821259 -0.149012 -0.334101 -0.380516 -0.862313 0.764884 0.425137 -0.483954
-0.109359 -54.337468 -673.335267 -1570.717511 -0.549775 0.822413 -0.146234 -0.434008 -0.430818 -0.791222 0.713712 0.371527 -0.593787
0.157861 -52.466130 -362.758021 1963.840433 -0.555001 0.819847 -0.140802 -0.287530 -0.347900 -0.892352 0.780577 0.454771 -0.428815
-2.053387 -53.873645 -1352.358598 -2581.556872 -0.549788 0.822496 -0.145720 -0.458360 -0.442902 -0.770547 0.698312 0.356845 -0.620502
23.460202 -45.806426 6113.503078 -1470.192447 0.280218 0.959113 0.039740 0.498620 -0.180805 0.847754 -0.820278 0.217741 0.528898
27.077611 -42.303035 3008.719284 -2215.436626 0.236829 0.967887 0.084299 0.414324 -0.179098 0.892334 -0.878776 0.176403 0.443434
17.978734 -43.069403 8085.734424 -177.927685 0.299879 0.953914 0.011004 0.422015 -0.142995 0.895241 -0.855556 0.263820 0.445447
5.653446 -50.965301 -10547.824270 -890.220405 0.102022 0.981139 0.164186 0.691412 -0.188601 0.697409 -0.715221 -0.042369 0.697613
-2.664773 -50.630205 -3145.762544 -1138.141162 0.107717 0.985464 0.131370 0.690972 -0.169216 0.702797 -0.714811 -0.015070 0.699156
3.870703 -49.072415 -8723.096878 -802.260531 0.077817 0.987503 0.137046 0.600495 -0.156156 0.784233 -0.795833 -0.021269 0.605142
15.606735 -49.827378 -6872.985596 -1380.337376 0.124540 0.981781 0.143512 0.618450 -0.189914 0.762530 -0.775893 0.006211 0.630834
-2.867526 -36.538119 -5577.862517 723.688798 0.750713 -0.659022 -0.046038 0.658847 0.751983 -0.021027 0.048477 -0.014547 0.998718
6.845190 -39.305459 8721.903104 -2320.876702 -0.578406 0.815050 0.033747 0.806881 0.577712 -0.123257 0.119957 0.044062 0.991801
55.965317 -30.430820 23951.674067 -3038.042527 -0.549726 0.834729 0.032087 0.832048 0.550561 -0.067659 0.074143 0.010496 0.997192
25.269241 -27.185028 13278.069983 -303.560953 -0.675087 0.736726 0.038644 0.737212 0.675657 -0.002375 0.027860 -0.026885 0.999250
109.739693 -22.782969 43424.939885 -3257.352810 -0.507926 0.859927 0.050372 0.859064 0.509986 -0.043865 0.063410 -0.020993 0.997767
-6.758316 -82.727624 -2363.008949 -1351.714869 -0.674712 0.737749 0.022146 -0.411959 -0.401316 0.818068 -0.612416 -0.542837 -0.574695
-4.327564 -79.599873 -2434.909653 -573.175335 -0.664859 0.746898 0.010327 -0.528214 -0.479881 0.700503 -0.528160 -0.460280 -0.713575
-5.040810 -79.381050 -1600.889144 -358.534555 -0.693370 0.720073 0.027076 -0.433722 -0.447055 0.782322 -0.575433 -0.530695 -0.622286
-6.200295 -80.217029 -1468.909156 -790.792002 -0.685245 0.728097 0.017735 -0.353956 -0.354209 0.865593 -0.636518 -0.586865 -0.500434
-5.735868 -82.259455 -212.263283 -1345.026833 -0.685986 0.727284 0.021950 -0.341645 -0.348587 0.872792 -0.642419 -0.591224 -0.487598
-9.371732 -42.370722 1217.069382 -3151.325145 0.892602 -0.450123 -0.025522 -0.391987 -0.802793 0.449300 0.222729 0.391042 0.893016
-4.737491 -38.642095 3797.207012 -3417.385251 0.885103 -0.461896 -0.056962 -0.397256 -0.813595 0.424560 0.242446 0.353151 0.903606
-8.206244 -43.752471 25.812281 1250.144315 0.920735 -0.386199 -0.055659 -0.316022 -0.821763 0.474169 0.228862 0.418995 0.878673
-10.013894 -49.346899 -1864.415706 1048.400885 0.932838 -0.357049 -0.048262 -0.282118 -0.807164 0.518552 0.224104 0.470109 0.853683
-10.120407 -48.347224 1016.636102 -3793.853722 0.874036 -0.485831 -0.005399 -0.421771 -0.764211 0.487946 0.241185 0.424205 0.872857
777.473574 -47.650681 300976.561905 4022.719688 -0.503171 0.338015 -0.795339 0.692965 0.707713 -0.137630 0.516351 -0.620394 -0.590333
1502.889667 -80.648296 697639.771418 6973.324975 -0.332537 0.164064 -0.928710 0.696267 0.706917 -0.124425 0.636107 -0.688006 -0.349309
787.797506 -63.790730 68508.565849 3187.195293 -0.144681 -0.228987 -0.962618 0.671828 0.691501 -0.265469 0.726440 -0.685121 0.053793
826.825203 -63.080163 322081.493182 -6405.245230 -0.549924 0.267798 -0.791118 0.624072 0.761261 -0.176116 0.555084 -0.590565 -0.585760
-11.259390 -119.076858 221.482941 -1931.806204 -0.928413 0.168198 -0.331299 0.064224 0.950893 0.302784 0.365958 0.259831 -0.893624
-7.263279 -118.617578 -3187.388565 381.964780 -0.913457 0.178396 -0.365748 0.099703 0.969505 0.223874 0.394533 0.168033 -0.903387
-9.427838 -115.153184 -392.421098 -504.489080 -0.935121 0.119900 -0.333425 0.099544 0.992007 0.077546 0.340058 0.039325 -0.939582
-10.433874 -121.097608 -1144.442321 -1649.767254 -0.916903 0.205165 -0.342339 0.050783 0.910759 0.409805 0.395866 0.358366 -0.845496
-10.085832 -108.766627 1820.451159 287.568440 -0.941828 0.137541 -0.306664 0.081254 0.978544 0.189337 0.326126 0.153406 -0.932796
-9.800012 -115.143753 1164.283673 -3287.322346 -0.932346 0.179659 -0.313774 0.049402 0.922974 0.381678 0.358177 0.340355 -0.869407
-11.863096 -123.761036 -520.993241 -3715.711220 0.922890 -0.205150 0.325865 0.004870 0.852413 0.522847 0.385033 0.480943 -0.787682
4.954266 -106.451513 -2060.172237 -1235.689838 0.671883 -0.284938 0.683654 0.740187 0.291179 -0.606084 -0.026369 0.913250 0.406545
6.814114 -107.477261 -4784.286061 205.846161 0.633351 -0.250419 0.732227 0.760318 0.025099 -0.649065 0.144160 0.967812 0.206294
15.276165 -100.537283 -4670.242360 736.273240 0.632671 -0.294404 0.716277 0.770303 0.143992 -0.621208 0.079749 0.944771 0.317880
6.435427 -255.683026 208.004733 -15687.781500 0.970219 0.025810 0.240849 -0.227935 0.433785 0.871709 0.081978 0.900646 -0.426750
7.259787 -284.606049 952.053934 -24202.138265 0.981151 -0.000307 0.193240 -0.187918 0.231553 0.954500 0.045039 0.972822 -0.227131
6.787113 -268.712481 -21.076628 -6467.826486 0.978997 0.034180 0.200991 -0.202803 0.062235 0.977240 -0.020893 0.997476 -0.067859
6.868124 -291.505420 657.451841 -3923.228695 0.974659 0.035931 0.220790 -0.223396 0.105348 0.969018 -0.011558 0.993786 -0.110706
-103.045859 -2060.719351 -5775.531673 889230.772462 0.426905 0.450165 -0.784285 -0.552447 0.816458 0.167922 0.715929 0.361590 0.597243
916.825208 -2263.656348 -413773.216181 -3611079.688369 0.817003 0.558488 0.143514 0.576569 -0.787517 -0.217682 0.008553 -0.260592 0.965411
132.867264 -121.726388 553156.665945 -22282.810980 0.611426 -0.635091 0.472035 0.776833 0.595304 -0.205289 -0.150627 0.492212 0.857344
2756.932966 -17193.262634 -1059985.876789 15912921.970274 0.956297 0.264178 0.125327 0.094095 -0.683856 0.723524 -0.276844 0.680111 0.678827
141.132365 -4072.525299 -3506.476370 2066460.171895 0.996661 -0.078183 -0.023533 -0.044856 -0.765142 0.642297 0.068223 0.639097 0.766094
9.058490 -593.552471 -3346.977126 216693.016095 0.985941 0.044445 0.161077 -0.126526 -0.431073 0.893402 -0.109143 0.901222 0.419389
-708.666721 -2008.746297 -288931.375706 -492045.217448 0.874460 0.330796 -0.354815 -0.266117 0.938671 0.219270 0.405588 -0.097320 0.908860
-321.778243 -2421.567356 -146986.468202 -1558612.841870 0.908881 0.329326 -0.255889 -0.052009 -0.519272 -0.853025 0.413799 -0.788607 0.454829
-1896.894350 -7367.986239 304827.240440 -2740592.834134 0.299931 -0.114716 -0.947038 0.603914 0.791318 0.095409 0.738464 -0.600546 0.306619
-694.067357 -2737.633129 -232829.088062 290631.001153 0.730334 0.310800 -0.608289 -0.501809 0.848296 -0.169061 0.463465 0.428716 0.775501
-5.195156 -47.972774 -4344.170208 1600.332627 -0.406372 -0.891082 0.202074 0.895743 -0.344878 0.280542 -0.180295 0.295010 0.938330
-2.764054 -44.224838 -3907.617249 366.763809 -0.418423 -0.887658 0.192315 0.905084 -0.389840 0.169844 -0.075792 0.245128 0.966524
3.597749 -46.091253 -3733.427547 1417.182275 -0.417098 -0.888024 0.193499 0.900147 -0.374216 0.222930 -0.125557 0.267161 0.955437
4.091600 -42.367098 -4430.132180 521.315847 -0.421675 -0.883881 0.202350 0.906258 -0.403488 0.126072 -0.029787 0.236542 0.971165
-1.707544 -45.919137 -6670.472064 2282.004597 0.525778 0.418871 0.740341 -0.542089 0.835717 -0.087850 -0.655513 -0.355141 0.666466
-13.692670 -50.648944 -1595.722251 1277.589929 0.667598 0.192231 0.719277 -0.331129 0.941946 0.055597 -0.666833 -0.275291 0.692495
-7.880705 -42.917249 -3624.187606 1073.489000 0.615044 0.250923 0.747502 -0.355600 0.934401 -0.021075 -0.703754 -0.252850 0.663926
6.078214 -39.653424 -9895.334711 2794.354012 0.471084 0.470748 0.745974 -0.557185 0.814418 -0.162076 -0.683831 -0.339294 0.645953
10.232284 -49.439118 -217.141731 -701.192155 0.214554 0.974925 0.059053 -0.214537 -0.011944 0.976643 -0.952859 0.222211 -0.206595
15.130656 -45.234250 -1735.670437 -879.629555 0.219135 0.969196 0.112421 -0.297310 -0.043412 0.953793 -0.929293 0.242434 -0.278639
12.610766 -47.087382 -2002.763888 -1386.065824 0.222553 0.973296 0.056260 -0.185089 -0.014476 0.982615 -0.957190 0.229097 -0.176925
0.892078 -64.726049 390.730334 -796.881217 0.739412 -0.613993 0.276194 0.609206 0.435542 -0.662700 -0.286599 -0.658267 -0.696093
3.407734 -64.749671 -1001.268799 -749.009667 0.726701 -0.628785 0.276652 0.634963 0.461133 -0.619822 -0.262161 -0.626088 -0.734360
2.467003 -65.676128 110.408233 -1503.931498 0.731924 -0.623382 0.275104 0.648128 0.512339 -0.563417 -0.210277 -0.590681 -0.779025
-25.147552 -50.623555 1412.119075 81.504756 -0.499740 0.767757 -0.401009 0.472955 0.629724 0.616247 -0.725654 -0.118304 0.677813
-24.050627 -54.385067 2171.963253 -3304.390392 -0.403821 0.860485 -0.310634 0.606515 0.506020 0.613256 -0.684885 -0.059242 0.726239
-24.804279 -48.774468 717.826279 -1364.527827 -0.436690 0.827417 -0.353105 0.553038 0.556491 0.620054 -0.709543 -0.075491 0.700606
-24.118738 -45.051250 -170.674725 2015.147036 0.553119 -0.668340 0.497374 0.381600 0.733951 0.561869 -0.740568 -0.120983 0.661001
-21.361803 -41.269663 -227.336180 614.226728 -0.457982 0.792866 -0.402014 0.505923 0.604318 0.615501 -0.730954 -0.078500 0.677897
5.652543 -251.184578 -34.836669 -36494.100387 0.881080 -0.457511 0.119924 -0.181869 -0.093666 0.978852 0.436602 0.884257 0.165734
3.719885 -307.235159 873.763097 -65448.169104 0.892440 -0.443957 0.080332 -0.151048 -0.126230 0.980434 0.425131 0.887112 0.179712
8.908525 -267.591818 921.174683 -61186.586748 0.882010 -0.456957 0.115102 -0.039030 0.172580 0.984222 0.469612 0.872586 -0.134383
-263.762086 -374.394537 -3115.518116 -61588.323438 0.931934 -0.362417 0.012339 0.294438 0.736391 -0.609126 -0.211671 -0.571298 -0.792978
-259.330057 -312.875926 -29605.696007 -24173.589653 0.701064 -0.699298 0.139613 0.474043 0.310763 -0.823838 -0.532722 -0.643746 -0.549362
-260.803084 -348.658065 54295.254948 -21011.837366 -0.748923 0.631229 0.201652 0.440937 0.701866 -0.559427 -0.494660 -0.330052 -0.803976
-237.589447 -336.296086 58327.450585 26109.393791 -0.715454 0.591549 0.371747 0.560086 0.803691 -0.200960 -0.417647 0.064433 -0.906322
-261.754698 -323.657675 -6298.297434 -7112.850177 0.954952 -0.284609 -0.084054 0.264164 0.944305 -0.196226 -0.135221 -0.165182 -0.976949
-53.841968 -84.647274 1790.625077 8310.730240 -0.458654 0.697438 0.550651 0.086123 0.651645 -0.753619 0.884432 0.298226 0.358945
-43.823354 -73.589807 1792.681367 4855.972196 -0.429337 0.897143 0.103941 0.280275 0.241757 -0.928978 0.858555 0.369712 0.355242
-38.158457 -69.128707 -1486.095808 4610.932326 -0.438668 0.898015 -0.033768 0.305021 0.113442 -0.945565 0.845300 0.425089 0.323677
-35.074700 -58.367325 -1179.353087 4044.465639 -0.418383 0.899142 -0.128451 0.241335 -0.026290 -0.970086 0.875622 0.436867 0.205995
38.069261 -63.129071 287.472792 -5726.255165 -0.212583 0.975217 0.061323 -0.953710 -0.193415 -0.230279 0.212711 0.107438 -0.971190
44.709678 -72.565984 594.232713 -8602.666129 -0.216795 0.974790 0.052761 -0.972451 -0.210899 -0.099303 0.085672 0.072836 -0.993657
83.759534 -29.979219 -1967.721166 -3557.938762 0.243769 -0.610705 -0.753403 -0.415510 0.636164 -0.650113 0.876315 0.471524 -0.098677
79.778069 -25.201815 18615.829152 -1247.799608 -0.375849 0.615577 0.692678 -0.350122 0.597746 -0.721189 0.857993 0.513580 0.009135
6.705992 -8.490136 3231.811575 -4862.176855 -0.594329 0.696823 0.401511 0.145781 0.584329 -0.798315 0.790899 0.415929 0.448867
-1.993160 -13.393957 2904.735848 -3932.792433 -0.561693 0.793610 0.233847 0.236115 0.424657 -0.874023 0.792938 0.435718 0.425910
-2.131186 -20.547341 752.679066 -1719.612114 -0.473720 0.880610 -0.010762 0.327919 0.165036 -0.930179 0.817348 0.444173 0.366950
129.205824 -53.246863 25825.542675 -338.922493 -0.168612 0.916808 0.361986 0.839204 0.326154 -0.435156 0.517018 -0.230408 0.824382
118.296457 -59.927730 -14210.614630 87.757774 0.024159 0.770536 0.636939 0.801474 0.365891 -0.473036 0.597542 -0.521918 0.608725
118.303177 -50.310974 40119.361673 18.608040 -0.202302 0.963134 0.177333 0.890904 0.256184 -0.375046 0.406650 -0.082114 0.909886
220.441007 -16.129821 64493.013134 -3808.604270 -0.386443 0.885866 0.256718 0.872813 0.441211 -0.208640 0.298094 -0.143439 0.943698
7.755983 -38.222748 8567.921602 -845.982099 0.017704 0.787697 0.615809 -0.644275 0.479976 -0.595427 0.764589 0.386209 -0.515991
-4.161268 -37.856574 4709.078218 -914.840484 0.061585 0.772108 0.632501 -0.604920 0.532929 -0.591658 0.793902 0.346174 -0.499884
-3.248046 -38.854003 6110.556937 -768.293491 0.052988 0.767890 0.638386 -0.669016 0.501902 -0.548189 0.741356 0.398044 -0.540326
2.770614 -61.512237 -762.665332 -570.397763 0.160233 0.982342 -0.096586 -0.923371 0.114588 -0.366410 0.348872 -0.147896 -0.925427
2.460487 -66.652421 -165.509138 -4938.227193 0.132470 0.985712 -0.104033 -0.943847 0.093397 -0.316907 0.302663 -0.140172 -0.942734
3.994759 -68.235320 -1582.470637 -4329.451156 0.134407 0.984831 -0.109741 -0.941969 0.092601 -0.322676 0.307619 -0.146743 -0.940126
4.451814 -50.596257 -919.994704 -3529.870618 0.208701 0.975074 -0.075327 -0.857992 0.145586 -0.492599 0.469354 -0.167436 -0.866990
6.386751 -63.324722 -2675.348830 -2048.976790 0.177893 0.978751 -0.101979 -0.908047 0.123334 -0.400298 0.379215 -0.163813 -0.910693
-6.621811 -105.386567 -841.078248 20662.867574 0.345681 0.918941 0.189874 0.070268 0.176430 -0.981802 0.935717 -0.352732 0.003584
-4.447927 -102.809310 530.322192 10128.221100 0.301413 0.904138 0.302794 0.149163 0.268941 -0.951536 0.941754 -0.331971 0.053801
1.358263 -76.544672 -210.180395 3206.223032 0.329815 0.922896 0.198710 -0.006208 0.212604 -0.977119 0.944025 -0.321035 -0.075850
-1.783594 -84.810904 -741.902723 11754.052409 0.340065 0.934745 0.102990 0.000049 0.109500 -0.993987 0.940402 -0.338025 -0.037192
-8.427458 -109.667861 -323.639846 21925.729344 0.323781 0.938648 0.118767 0.102324 0.090052 -0.990667 0.940583 -0.332912 0.066889
-7.644597 -106.517819 -918.464740 -122.588184 0.141417 0.970783 0.193861 0.314580 0.141610 -0.938609 0.938638 -0.193720 0.285363
-10.419543 -108.447623 -5955.966809 8829.158956 0.211107 0.960344 0.182137 0.129021 0.157328 -0.979082 0.968910 -0.230191 0.090692
-10.355122 -115.923584 3768.744476 7612.462912 0.115623 0.973203 0.198763 0.096981 0.188088 -0.977352 0.988547 -0.132281 0.072635
-9.097651 -110.199329 -9619.191670 -4515.781209 0.230216 0.947909 0.220156 0.389348 0.117616 -0.913551 0.891857 -0.296031 0.341989
-6.388437 -107.738343 2961.702316 -4927.376560 0.107786 0.977010 0.183938 0.402299 0.126328 -0.906751 0.909141 -0.171733 0.379434
-5.495363 -105.109232 -1373.421707 -10498.128382 0.140632 0.971055 0.193070 0.568657 0.080410 -0.818635 0.810464 -0.224916 0.540889
11.822626 -94.948958 3519.452200 2930.334641 -0.200148 -0.939896 -0.276653 0.974094 -0.221230 0.046884 -0.105270 -0.260102 0.959826
14.859454 -101.740563 -4153.828089 2292.781615 0.197594 0.936772 0.288816 0.942315 -0.262713 0.207424 -0.270185 -0.231170 0.934645
12.005064 -17.442001 5384.446686 -2657.890361 -0.266897 -0.609258 -0.746706 0.314698 0.677242 -0.665063 0.910896 -0.412490 0.010978
12.703151 -16.508393 6203.591297 104.408724 -0.266549 -0.620013 -0.737927 0.328637 0.661279 -0.674320 0.906063 -0.422249 0.027496
25.084970 -16.200027 7053.930896 167.517822 -0.243319 -0.633150 -0.734791 0.318807 0.663262 -0.677086 0.916056 -0.399004 0.040469
1.686653 -16.739303 5045.417535 -1509.796015 -0.299946 -0.621936 -0.723345 0.331307 0.643145 -0.690362 0.894577 -0.446721 0.013143
29.073452 -16.898708 -7667.938326 -2908.201493 0.246449 0.674147 0.696268 0.290409 0.634045 -0.716694 0.924622 -0.378830 0.039519
12.839465 -24.364858 3889.223384 -3510.516522 -0.225108 -0.583830 -0.780044 0.279315 0.728322 -0.625724 0.933440 -0.358733 -0.000879
2.372767 -24.623695 3952.471821 -3383.741851 -0.229201 -0.489521 -0.841330 0.311175 0.782133 -0.539850 0.922300 -0.385535 -0.026939
-0.813287 -20.721243 4891.933829 -3012.449989 -0.262337 -0.541230 -0.798905 0.330926 0.727237 -0.601344 0.906458 -0.422134 -0.011674
111.956341 -53.057426 23765.167856 143.774577 -0.195917 0.899354 0.390869 0.777495 0.385366 -0.496986 0.597594 -0.206531 0.774743
91.159271 -49.662581 36095.533976 -360.092221 -0.257793 0.955380 0.144196 0.834420 0.295380 -0.465290 0.487121 -0.000371 0.873334
283.778966 -31.314396 91992.759881 -2294.213325 -0.147776 0.959555 0.239617 0.491060 -0.139117 0.859945 -0.858500 -0.244746 0.450641
143.958420 -56.748489 57499.608085 -7145.601020 0.000495 0.995800 -0.091556 0.342291 0.085857 0.935663 -0.939594 0.031802 0.340811
-8.160894 -46.173908 64.005432 -5469.622804 0.096044 0.991948 0.082556 0.757017 -0.018940 -0.653121 0.646298 -0.125225 0.752740
-0.735204 -128.835406 2938.201321 -14.335498 0.645524 0.587862 -0.487562 -0.098073 -0.569299 -0.816260 0.757417 -0.574732 0.309843
-4.925794 -116.977355 900.976032 2775.061273 0.671594 0.531941 -0.515752 -0.130261 0.770025 0.624575 0.729379 -0.352278 0.586436
-2.164426 -118.329776 1796.373897 1670.768342 0.663639 0.564684 -0.490627 0.008764 0.649958 0.759919 0.748001 -0.508612 0.426389
-3.812477 -126.204184 2422.858866 -6702.813357 0.634899 0.624789 -0.454469 0.767806 -0.444855 0.461062 0.085893 -0.641672 -0.762154
-7.788649 -135.663318 2583.905654 -16059.015575 0.609765 0.625541 -0.486708 0.764699 -0.302875 0.568772 0.208379 -0.719002 -0.663034
-9.600202 -119.423371 1996.601631 -3916.440170 0.635803 0.611890 -0.470474 0.769846 -0.458814 0.443651 0.055606 -0.644267 -0.762777
12.342549 -93.225288 -7258.184648 -2527.164561 0.604878 0.410077 -0.682612 0.520006 0.445798 0.728600 -0.603089 0.795676 -0.056411
12.194483 -97.900903 -2313.886013 -2651.568147 0.620313 0.378032 -0.687243 0.619307 0.301618 0.724904 -0.481322 0.875282 0.047020
7.214938 -100.189377 4973.780650 -2763.555586 -0.600807 -0.402382 0.690739 0.624734 0.302747 0.719758 -0.498736 0.863964 0.069490
19.748713 -89.526543 -3139.465248 -2674.485885 0.643884 0.365126 -0.672381 0.501412 0.462419 0.731270 -0.577927 0.807992 -0.114665
3.775225 -95.520204 -6505.134293 -2700.950479 0.609710 0.406591 -0.680395 0.520234 0.442356 0.730532 -0.598004 0.799378 -0.058186
4.249466 -88.510890 -6998.241694 -3398.251824 0.619007 0.428074 -0.658470 0.385802 0.564542 0.729691 -0.684096 0.705723 -0.184304
