19609
39205
-49.921218 -81.220837 259.021132 12417.346091 -0.465870 0.867027 -0.176720 0.244430 -0.065848 -0.967429 0.850423 0.493892 0.181251
-57.887815 -95.818919 -693.260846 11758.108665 -0.512982 0.857397 -0.041464 0.281502 0.122398 -0.951722 0.810929 0.499888 0.304147
-64.912102 -101.547517 3477.748660 16976.736042 -0.513022 0.827768 0.227175 0.121964 0.332267 -0.935266 0.849666 0.452105 0.271418
-50.635572 -82.265211 -502.081246 10328.697272 -0.493293 0.813657 -0.307612 0.354624 -0.134801 -0.925241 0.794295 0.565501 0.222046
-54.683273 -91.059801 -4740.493786 23242.065520 -0.465204 0.830716 0.305771 -0.009171 0.340884 -0.940061 0.885156 0.440124 0.150962
-40.815717 -65.651699 -2694.934887 11905.874768 -0.437685 0.872258 -0.218168 0.171840 -0.157022 -0.972530 0.882555 0.463152 0.081163
-41.441445 -69.795963 381.095143 6403.134833 -0.405303 0.757826 -0.511302 0.372421 -0.373912 -0.849407 0.834885 0.534687 0.130683
62.461224 -64.401794 11998.957206 6765.138298 -0.157028 0.968579 0.192868 -0.718483 0.021949 -0.695198 0.677587 0.247738 -0.692461
54.390002 -57.879185 -592.443853 3467.916562 -0.251943 0.967257 0.030655 -0.744627 -0.173527 -0.644530 0.618106 0.185211 -0.763964
62.988336 -34.728240 12494.075905 1838.840966 -0.080372 0.982513 0.167954 -0.701857 0.063862 -0.709449 0.707769 0.174900 -0.684451
48.732549 -17.699845 16753.413139 8332.876707 0.148120 0.951871 0.268331 -0.676832 0.295396 -0.674269 0.721081 0.081742 -0.688012
92.324788 -30.492183 50910.852777 4640.001434 0.120380 0.938489 0.323647 -0.636612 0.323136 -0.700220 0.761731 0.121745 -0.636352
-67.660685 -125.710766 -12088.593358 6116.801397 0.848401 0.320876 -0.421016 -0.198083 0.929996 0.309631 0.490896 -0.179294 0.852569
-48.343386 -116.873801 -13168.941696 -2376.068596 0.872130 0.365323 -0.325466 -0.207130 0.878328 0.430857 0.443267 -0.308349 0.841686
-68.499907 -123.307483 -11911.586911 -4285.270243 0.824240 0.409462 -0.391112 -0.186601 0.848552 0.495116 0.534610 -0.335113 0.775817
-81.558598 -130.727118 -8010.785746 2486.791608 0.772755 0.377575 -0.510183 -0.190475 0.904718 0.381056 0.605450 -0.197286 0.771044
-78.193196 -121.336297 -8445.061537 -10405.355826 0.761407 0.452914 -0.463819 -0.118582 0.800700 0.587211 0.637336 -0.392107 0.663366
40.539026 -70.572469 -15191.709084 296.432834 -0.225544 0.869241 0.439944 0.861199 -0.033239 0.507181 0.455486 0.493271 -0.741092
28.912783 -70.569508 -13976.988375 2011.840493 -0.226516 0.879523 0.418486 0.889010 0.011156 0.457753 0.397935 0.475726 -0.784431
24.405476 -69.166384 -7998.700964 -902.722173 -0.203538 0.883735 0.421408 -0.854748 0.049515 -0.516676 0.477470 0.465361 -0.745293
42.575915 -71.081601 -14166.006539 1827.244815 -0.240785 0.863591 0.442983 0.899200 0.026696 0.436722 0.365323 0.503486 -0.782969
36.995421 -68.864377 -13168.800365 -577.060785 -0.207622 0.871852 0.443584 -0.810351 0.100706 -0.577225 0.547927 0.479304 -0.685598
52.456461 -70.755331 -10258.380564 -469.171069 -0.252279 0.830668 0.496332 0.880409 -0.015805 0.473952 0.401541 0.556543 -0.727340
49.467012 -70.395271 -10114.563762 260.107059 -0.248862 0.836888 0.487532 0.828385 -0.076899 0.554855 0.501842 0.541946 -0.674128
17.013161 -59.616354 21891.735346 10839.562111 0.747212 -0.581623 0.321542 0.555698 0.281419 -0.782307 -0.364519 -0.763229 -0.533486
35.913404 -47.215452 -18074.156996 7116.873405 -0.645546 0.648446 -0.403470 0.665213 0.217881 -0.714157 -0.375184 -0.729414 -0.572007
43.096136 -71.598477 -9430.177144 38520.915274 -0.635608 0.690818 -0.344633 0.658200 0.251618 -0.709550 -0.403454 -0.677833 -0.614627
36.920226 -76.192170 9475.873516 22368.496254 0.679958 -0.668027 0.302318 0.572899 0.226674 -0.787658 -0.457650 -0.708772 -0.536841
58.727600 -78.402173 -1621.984681 28059.310114 -0.582614 0.745743 -0.323155 0.653206 0.193052 -0.732156 -0.483614 -0.637651 -0.599598
1.096941 -89.983334 902.404070 537.413316 -0.473187 0.879736 -0.046452 -0.358486 -0.144118 0.922343 -0.804724 -0.453094 -0.383568
0.127225 -91.227053 1661.334499 -2033.571261 -0.462763 0.884964 -0.051862 -0.489874 -0.206528 0.846977 -0.738833 -0.417355 -0.529094
0.189488 -93.063381 1289.347736 -3593.957521 -0.459597 0.885979 -0.061731 -0.488642 -0.194215 0.850594 -0.741619 -0.421095 -0.522187
10.143408 -106.446218 -2919.920820 -8895.444146 -0.339042 0.920017 -0.196519 -0.650151 -0.078156 0.755774 -0.679966 -0.384006 -0.624648
12.280937 -111.843730 -1718.142110 -2379.208261 -0.344758 0.922394 -0.174160 -0.513019 -0.029772 0.857861 -0.786100 -0.385102 -0.483470
9.072062 -108.054877 -3144.381059 -2554.952160 -0.359758 0.915093 -0.182150 -0.539904 -0.044950 0.840525 -0.760972 -0.400729 -0.510234
6.353762 -101.266634 -3042.820431 -9206.129051 -0.351493 0.914936 -0.198357 -0.662702 -0.093505 0.743023 -0.661271 -0.392619 -0.639196
2.259667 -161.373327 -4345.293614 -25556.485733 0.049550 0.978826 0.198606 0.792416 0.082515 -0.604375 0.607965 -0.187325 0.771549
1.756655 -188.599232 -1481.649276 -19630.524973 0.048666 0.984724 0.167182 0.610423 0.103162 -0.785329 0.790579 -0.140271 0.596078
1.865874 -162.329206 -1207.964580 -22041.255419 0.042384 0.982658 0.180519 0.739795 0.090569 -0.666709 0.671496 -0.161805 0.723127
-4.726051 -175.894272 1335.593960 -17244.470252 -0.014096 0.997113 -0.074617 -0.984714 -0.026800 -0.172107 0.173609 -0.071051 -0.982248
-4.617849 -191.396109 816.580505 6621.495727 -0.031826 0.996607 -0.075907 0.997585 0.026982 -0.063998 -0.061733 -0.077761 -0.995059
-5.641181 -179.396446 2392.996208 4784.577861 -0.028137 0.997550 -0.064043 0.998929 0.025706 -0.038464 -0.036723 -0.065057 -0.997206
1.533546 -93.578833 1219.378558 -8645.508485 -0.043194 0.969576 0.240949 0.946573 0.116863 -0.300570 0.319583 -0.215093 0.922823
3.610619 -97.004990 1209.157314 -1915.138203 -0.051223 0.967743 0.246675 0.946654 0.125738 -0.296710 0.318155 -0.218318 0.922559
3.741221 -98.174835 -513.986197 1805.002162 0.004008 -0.971122 -0.238551 0.976296 0.055424 -0.209222 0.216401 -0.232058 0.948325
6.386919 -104.827778 727.850606 9624.473315 -0.013268 -0.968636 -0.248131 0.995071 0.011598 -0.098482 0.098271 -0.248214 0.963708
3.818286 -103.161470 -1290.700311 9794.482029 -0.028909 -0.973822 -0.225467 0.995267 -0.007108 -0.096913 0.092774 -0.227202 0.969419
-2.613814 -66.732664 7481.717207 -3838.602138 0.936783 0.259982 -0.234196 -0.057420 0.774443 0.630032 -0.345168 0.576756 -0.740413
-17.879678 -63.116082 7214.233584 -3697.801360 0.933480 0.231064 -0.274272 0.003435 0.758980 0.651105 -0.358614 0.608735 -0.707699
-7.987053 -71.375409 7767.938905 -4375.897531 0.937158 0.206483 -0.281247 0.046517 0.724944 0.687235 -0.345791 0.657130 -0.669782
-15.635409 -71.403150 7434.460496 -6775.844620 0.923462 0.142870 -0.356097 0.153862 0.712309 0.684794 -0.351488 0.687171 -0.635808
7.681600 -76.543053 8645.219281 -5302.555506 0.938489 0.209552 -0.274458 0.042966 0.717774 0.694949 -0.342627 0.663994 -0.664619
-3.234760 -82.243295 7743.600748 -8206.569923 0.929758 0.153290 -0.334741 0.156615 0.658167 0.736402 -0.333199 0.737102 -0.587928
115.566545 -146.678071 9670.433040 15087.482720 -0.425005 0.389889 0.816919 0.727831 -0.389372 0.564491 0.538175 0.834491 -0.118288
100.880594 -124.656703 18102.023782 3661.078713 -0.484888 0.317645 0.814853 0.651267 -0.490716 0.578835 0.583725 0.811357 0.031070
100.447120 -140.716499 26481.763458 20508.597191 -0.487900 0.240956 0.838984 0.742758 -0.390301 0.544036 0.458545 0.888597 0.011456
64.909632 -22.517274 23965.812406 -4973.659435 0.264998 -0.614677 -0.742932 0.624534 0.696443 -0.353447 0.734666 -0.370323 0.568443
77.464890 -19.702135 24044.919876 -1901.107766 0.301779 -0.599492 -0.741309 0.627846 0.710111 -0.318673 0.717454 -0.369259 0.590685
100.324878 -24.392113 30138.240950 -4557.725127 0.321923 -0.652011 -0.686475 0.633989 0.686962 -0.355163 0.703152 -0.320883 0.634517
102.042421 -26.417364 -32497.706508 -4801.276905 -0.302161 0.679899 0.668159 0.626190 0.670052 -0.398643 0.718738 -0.297940 0.628209
2.876429 -122.665625 2780.663432 -13266.708568 0.720738 0.002637 -0.693202 -0.382449 0.835543 -0.394462 0.578160 0.549418 0.603216
-6.221174 -130.308529 5078.357884 14156.254626 0.698538 0.019471 -0.715308 0.475767 -0.759316 0.443944 0.534500 0.650431 0.539674
3.426374 -115.441144 5291.789812 -12737.123372 0.683634 0.061381 -0.727239 -0.389424 0.873429 -0.292354 0.617247 0.483067 0.621009
12.200393 -112.246693 691.566095 -3384.319089 0.706213 0.053619 -0.705966 -0.326912 0.909163 -0.257975 0.628006 0.412974 0.659591
-21.271807 -316.067022 4919.067287 -27781.704300 0.859653 0.071810 -0.505806 0.495778 0.121670 0.859884 -0.123290 0.989970 -0.068992
-17.247568 -285.175038 1621.320878 -68869.533843 0.845029 0.090252 -0.527050 0.416110 0.508040 0.754154 -0.335826 0.856592 -0.391753
-21.836016 -304.693614 1962.990571 -63946.344344 0.857151 0.117169 -0.501561 0.428240 0.378946 0.820372 -0.286186 0.917971 -0.274638
-23.675922 -325.524789 948.157923 -19720.984637 0.866866 0.123567 -0.482985 0.480628 0.050224 0.875485 -0.132438 0.991064 0.015852
-22.006384 -344.798159 -4542.347328 -34633.666638 0.855514 0.192083 -0.480832 0.462214 0.135207 0.876400 -0.233354 0.972020 -0.026888
-19.907351 -316.418207 -2052.220331 -76700.328969 0.846889 0.173483 -0.502675 0.360158 0.508345 0.782222 -0.391235 0.843498 -0.368031
-15.118369 -193.370509 -415.015189 -6379.301216 -0.888228 -0.090919 0.450317 0.058944 0.949565 0.307980 -0.455606 0.300100 -0.838071
-12.839185 -198.332672 -1176.494911 -13428.080771 -0.896492 -0.105431 0.430333 0.010560 0.965914 0.258646 -0.442934 0.236418 -0.864821
-14.819176 -187.692749 -383.874463 -12831.431094 -0.888996 -0.122112 0.441333 -0.077105 0.989945 0.118591 -0.451377 0.071398 -0.889472
-14.155604 -179.294155 1136.043158 -11893.568718 -0.878651 -0.133405 0.458449 -0.141876 0.989754 0.016095 -0.455899 -0.050901 -0.888575
-13.351514 -185.317788 349.773703 -13110.116796 -0.879393 -0.111807 0.462782 -0.023437 0.981022 0.192476 -0.475520 0.158416 -0.865324
-3.628296 -50.028879 2265.809195 -154.673589 -0.235846 -0.578291 -0.780997 -0.163747 0.815825 -0.554631 0.957895 -0.002922 -0.287103
-9.510845 -54.871862 664.732106 1808.657629 -0.249042 -0.416114 -0.874544 -0.165179 0.908014 -0.385002 0.954303 0.048574 -0.294867
3.293961 -53.282639 7034.479607 -429.987082 -0.238855 -0.589806 -0.771412 -0.099334 0.805080 -0.584790 0.965961 -0.063052 -0.250885
12.339701 -48.326425 -12377.292238 119.910656 0.225334 0.730492 0.644675 -0.132548 0.678526 -0.722519 0.965223 -0.077357 -0.249720
82.006997 -81.770516 -8093.356322 4705.268207 0.754810 0.510556 -0.411817 -0.592144 0.800453 -0.092953 -0.282183 -0.314017 -0.906513
75.089308 -68.583328 14000.099295 656.069275 0.756429 0.612213 -0.230241 -0.636901 0.769561 -0.046190 -0.148907 -0.181580 -0.972037
67.894319 -74.485312 -3672.779143 -2082.867856 -0.788260 -0.523615 0.323222 -0.552781 0.833325 0.001876 -0.270331 -0.177192 -0.946321
58.435211 -78.626134 11916.743950 107.073280 -0.779648 -0.427936 0.457188 -0.484098 0.874990 -0.006532 -0.397240 -0.226416 -0.889346
60.440871 -85.758511 21378.273145 7669.108597 -0.767731 -0.361043 0.529374 -0.474948 0.875203 -0.091893 -0.430133 -0.321974 -0.843397
-1.384517 -433.274280 2120.415996 -59689.166615 0.828423 0.336643 -0.447646 -0.485712 0.033779 -0.873466 0.278925 -0.941026 -0.191495
2.223244 -487.830290 478.884849 -115086.945180 0.822010 0.337998 -0.458320 -0.444884 -0.121264 -0.887340 0.355497 -0.933302 -0.050690
1.331635 -380.769515 776.032940 -75878.105179 0.814451 0.330826 -0.476679 -0.391879 -0.292227 -0.872373 0.427902 -0.897306 0.108361
-31.895457 -230.742594 11031.430973 -37433.797815 0.767856 -0.302713 -0.564590 0.523927 -0.210408 0.825366 0.368643 0.929566 0.002963
-26.249100 -170.633704 -1992.375563 7626.565510 0.880155 -0.343876 -0.327225 0.327258 -0.059758 0.943043 0.343845 0.937112 -0.059940
-59.672575 -171.244620 9461.610356 12893.634355 0.819777 -0.276310 -0.501616 0.417331 -0.311588 0.853667 0.392175 0.909156 0.140120
15.924235 -157.284817 64.729192 -8727.630112 0.837706 -0.053207 -0.543523 0.458083 0.610316 0.646277 -0.297335 0.790369 -0.535639
15.322210 -157.951185 -6251.194788 -9156.104639 0.827818 -0.001715 -0.560994 0.472468 0.541303 0.695532 -0.302475 0.840826 -0.448911
11.270457 -146.543816 -9047.023904 -8834.152621 0.824506 -0.000337 -0.565853 0.400703 0.706420 0.583445 -0.399533 0.707793 -0.582583
17.879556 -171.342771 -3093.796330 -8769.279516 0.830980 -0.030368 -0.555473 0.519725 0.398469 0.755717 -0.198389 0.916679 -0.346903
10.754205 -143.533734 -4755.971751 -9546.029691 0.829782 -0.017171 -0.557823 0.354939 0.787568 0.503741 -0.430674 0.615989 -0.659604
14.498719 -168.690211 5996.864609 -10681.757369 0.839223 -0.094841 -0.535452 0.516531 0.446862 0.730418 -0.169999 0.889562 -0.424005
12.200781 -153.316221 6717.627302 -7973.672040 0.844325 -0.091695 -0.527927 0.464733 0.615738 0.636310 -0.266718 0.782598 -0.562496
13.391958 -141.856727 7563.983086 -9380.258139 0.855273 -0.083183 -0.511458 0.385840 0.761076 0.521432 -0.345884 0.643307 -0.683023
-13.157953 -63.963133 9227.926890 2110.905875 -0.374747 0.681724 0.628345 0.752789 -0.171864 0.635430 0.541178 0.711136 -0.448789
-8.437865 -64.211758 8020.774268 -443.254243 -0.377456 0.684771 0.623390 0.708545 -0.219871 0.670537 0.596230 0.694799 -0.402199
-24.032970 -63.268440 7403.835027 390.624924 -0.376180 0.710269 0.594984 0.711539 -0.189853 0.676512 0.593465 0.677845 -0.433965
-23.194252 -62.863860 6735.780562 1493.594611 -0.355496 0.703697 0.615169 0.780145 -0.139091 0.609940 0.514778 0.696752 -0.499540
-0.867513 -120.693437 8637.784593 -20302.516149 0.872293 0.040439 -0.487309 0.425241 0.429255 0.796813 -0.241402 0.902278 -0.357239
-5.572731 -125.107879 8.181173 -21070.236166 0.799920 0.017891 -0.599840 0.534864 0.431993 0.726156 -0.272118 0.901700 -0.335991
8.628793 -134.828835 3535.465495 -18756.992431 0.838883 0.035566 -0.543149 0.513289 0.280378 0.811124 -0.181136 0.959230 -0.216949
-12.579674 -102.894997 4310.506978 -12268.547743 0.841066 0.029107 -0.540148 0.450000 0.516477 0.728527 -0.300180 0.855806 -0.421294
-2.846957 -98.377092 549.447530 289.139206 -0.230344 0.964798 0.126912 0.960361 0.246426 -0.130314 0.157001 -0.091864 0.983317
-2.547274 -92.947873 1829.130849 4303.342015 0.271292 -0.950566 -0.151080 0.959924 0.278682 -0.029697 0.070332 -0.136969 0.988075
-2.763118 -99.073739 2204.175892 -1123.314490 0.242340 -0.957898 -0.153956 0.963447 0.256285 -0.078030 0.114202 -0.129418 0.984992
-3.017431 -98.559320 -306.077390 -2089.180739 -0.222132 0.965649 0.134833 0.953445 0.244059 -0.177140 0.203962 -0.089208 0.974906
-11.226131 -41.965815 4862.304227 -1008.855126 -0.282123 0.925106 0.254137 -0.807147 -0.085691 -0.584098 0.518575 0.369914 -0.770872
-17.660239 -42.475067 6045.617640 -1650.694344 -0.347885 0.918080 0.190011 -0.784061 -0.173779 -0.595861 0.514028 0.356271 -0.780286
-17.498140 -43.835291 5953.355464 -1047.707949 -0.328647 0.918934 0.218062 -0.819410 -0.162620 -0.549657 0.469637 0.359325 -0.806428
2.423225 -240.838200 -283.276561 6301.747000 -0.176042 0.980575 0.086500 -0.128228 -0.109967 0.985629 -0.975995 -0.162420 -0.145096
4.211673 -221.463714 1146.118395 -5436.958166 -0.152090 0.986266 0.064402 -0.302300 -0.108457 0.947023 -0.941001 -0.124563 -0.314643
0.600588 -272.021727 -1031.453541 -3529.515643 -0.159640 0.986527 0.035780 -0.410160 -0.099253 0.906597 -0.897933 -0.130053 -0.420478
-3.264316 -284.607227 1372.972836 -13608.423256 -0.130268 0.990967 0.031848 -0.546894 -0.098611 0.831374 -0.827005 -0.090884 -0.554800
-3.530395 -303.443520 1258.465050 1481.644612 -0.139602 0.988203 0.062981 -0.290291 -0.101653 0.951524 -0.946701 -0.114552 -0.301057
-1.409890 -267.666833 43.006094 11779.228286 -0.174478 0.979582 0.099881 -0.051623 -0.110398 0.992546 -0.983307 -0.168021 -0.069830
-0.003943 -275.701951 3250.651085 -2536.965001 -0.094114 0.995560 -0.001442 -0.681617 -0.063380 0.728959 -0.725632 -0.069588 -0.684555
2.592742 -245.725598 -2493.824968 -4718.571052 -0.129789 0.991349 -0.019557 -0.647258 -0.069765 0.759071 -0.751140 -0.111178 -0.650714
58.979894 -350.744096 -12938.695169 22340.944782 -0.128116 0.991270 -0.031136 0.591865 0.051228 -0.804407 0.795790 0.121486 0.593262
41.030038 -325.208871 -7811.882260 -5365.083375 -0.105518 0.994388 -0.007592 0.795438 0.079819 -0.600756 0.596779 0.069430 0.799397
56.954942 -359.085031 -12174.277861 -267.375432 -0.188374 0.981384 -0.037435 0.803456 0.132077 -0.580529 0.564778 0.139434 0.813378
73.916688 -370.876619 -10972.467543 27858.228925 -0.243045 0.967319 -0.072269 0.578822 0.084840 -0.811028 0.778392 0.238947 0.580526
-0.962410 -84.068041 1341.716676 13226.590736 -0.221493 0.940965 -0.255979 0.553665 -0.094740 -0.827333 0.802743 0.324975 0.499995
-6.183347 -84.130082 7655.160984 16140.143046 -0.261067 0.927061 -0.269077 0.565190 -0.079176 -0.821153 0.782563 0.366455 0.503295
-1.813494 -71.375416 3375.505920 12955.841475 -0.248773 0.940239 -0.232515 0.487948 -0.085709 -0.868655 0.836671 0.329553 0.437465
-32.577693 -49.241266 1198.258914 -4930.213079 0.598987 0.800722 0.007698 0.691289 -0.512225 -0.509652 0.404146 -0.310596 0.860346
-34.935616 -47.398517 1195.041919 -2883.278777 0.647978 0.760639 0.039415 0.672004 -0.546580 -0.499661 0.358518 -0.350256 0.865324
-33.270221 -51.294866 -755.376197 -2410.395248 0.574567 0.811956 0.102959 0.706037 -0.428080 -0.564144 0.413986 -0.396832 0.819232
-49.760755 -79.178292 -3897.269191 4619.797814 -0.369636 0.818251 0.440266 -0.003775 -0.475143 0.879901 -0.929169 -0.323581 -0.178719
-53.854390 -80.862948 -5697.709782 7205.190486 -0.327726 0.804927 0.494659 -0.051663 -0.538060 0.841322 -0.943359 -0.250168 -0.217921
-49.501039 -81.602848 -3538.190091 8048.205395 -0.394795 0.812210 0.429478 -0.098256 -0.502093 0.859214 -0.913500 -0.297015 -0.278028
-48.382289 -80.695358 777.459204 3461.337737 -0.429688 0.805491 0.408108 -0.061322 -0.476945 0.876791 -0.900893 -0.351721 -0.254332
-82.579709 -127.176766 961.614780 978.307717 0.962231 0.239810 0.128850 0.272206 -0.854305 -0.442794 -0.003891 -0.461144 0.887317
-83.715240 -126.794226 -164.719691 7199.021625 0.948698 0.275046 0.155952 0.314269 -0.766092 -0.560659 0.034733 -0.580907 0.813229
-84.168648 -130.797180 1051.475212 760.749688 0.963642 0.265904 0.026247 0.250515 -0.864947 -0.434865 0.092930 -0.425630 0.900113
-82.984348 -123.587193 -49.429069 -5514.675089 0.979472 0.160402 0.122091 0.191584 -0.929098 -0.316343 -0.062693 -0.333239 0.940756
-82.912127 -122.554190 -182.724845 -7757.386267 0.984689 0.174318 0.000887 0.169820 -0.958110 -0.230620 0.039351 -0.227239 0.973044
-85.272141 -130.274050 -1261.261615 -3570.887999 0.957516 0.276704 -0.081226 0.236412 -0.914484 -0.328372 0.165142 -0.295219 0.941049
45.599225 -79.658635 -4343.109095 12163.061479 -0.568986 -0.570427 0.592341 0.822341 -0.397478 0.407144 0.003197 0.718766 0.695245
55.281832 -53.263752 -4811.813868 10457.235453 -0.634347 -0.570323 0.521858 0.771650 -0.507726 0.383106 0.046467 0.645714 0.762164
59.527895 -62.718656 -7544.540280 12996.306920 -0.557225 -0.627616 0.543690 0.829996 -0.401557 0.387116 -0.024637 0.666971 0.744676
50.335777 -93.577096 552.665223 17274.961696 -0.509964 -0.650170 0.563219 0.852895 -0.297058 0.429332 -0.111830 0.699311 0.706016
9.463681 -56.081861 -9907.956242 -5635.459146 -0.494503 0.849885 0.182107 -0.572010 -0.475963 0.668030 -0.654424 -0.226176 -0.721508
13.603891 -64.564302 -12675.594920 -4540.030932 -0.497453 0.846198 0.191023 -0.499893 -0.459587 0.734089 -0.708976 -0.269684 -0.651631
-2.045744 -59.950989 -8534.764261 -4722.248961 -0.491605 0.849949 0.189501 -0.537784 -0.467478 0.701608 -0.684919 -0.243003 -0.686903
-4.000404 -52.488002 -5465.987644 -6974.195770 -0.484203 0.853923 0.190693 -0.610148 -0.485749 0.625913 -0.627110 -0.186718 -0.756220
-6.969408 -98.208895 -1519.472935 637.162683 -0.105701 -0.863170 -0.493726 0.992966 -0.118253 -0.005844 -0.053341 -0.490871 0.869598
-5.659824 -95.037659 -526.142849 66.272044 -0.103501 -0.866148 -0.488953 0.992471 -0.122306 0.006574 -0.065496 -0.484591 0.872285
-4.812511 -95.663950 -2054.985456 12344.314600 -0.075572 -0.872766 -0.482253 0.990558 -0.121188 0.064095 -0.114383 -0.472856 0.873684
-7.259949 -101.854289 -1473.430593 16267.354802 -0.073341 -0.868893 -0.489537 0.990393 -0.121154 0.066662 -0.117231 -0.479945 0.869431
6.616584 -98.374479 -1376.091222 251.732762 0.190093 0.946661 0.260189 -0.788654 0.305081 -0.533807 0.584713 0.103726 -0.804582
4.765661 -95.312737 -305.918695 -2067.018598 0.206149 0.941903 0.265182 -0.809513 0.316407 -0.494546 0.549720 0.112718 -0.827709
6.560690 -96.494670 -1322.239988 2120.989899 0.205233 0.942253 0.264650 -0.762090 0.323517 -0.560852 0.614083 0.086582 -0.784478
5.333848 -96.394469 626.294286 635.844089 0.223569 0.934623 0.276582 -0.751725 0.345965 -0.561443 0.620425 0.082392 -0.779926
-1.279381 -193.623726 -1007.726554 10385.976107 0.367425 0.869397 0.330374 -0.248898 0.434180 -0.865758 0.896130 -0.235872 -0.375920
-1.846878 -192.228506 -1493.084461 -12407.833584 0.368220 0.860791 0.351359 0.058384 0.355758 -0.932753 0.927904 -0.363972 -0.080741
-0.482352 -195.131465 -2171.375294 -10373.890689 0.381991 0.855004 0.350786 0.000115 0.379526 -0.925181 0.924166 -0.353452 -0.144877
0.241661 -204.131703 -902.817915 -2698.044421 0.371924 0.863370 0.340976 -0.144548 0.416713 -0.897472 0.916940 -0.284504 -0.279784
-0.699084 -192.866632 -31.891959 23249.973029 0.354194 0.878970 0.319309 -0.466668 0.462020 -0.754161 0.810412 -0.118108 -0.573832
-0.312587 -180.537150 -1127.468936 23026.579130 0.359081 0.881301 0.307195 -0.493714 0.458690 -0.738817 0.792027 -0.113629 -0.599818
-4.955112 -124.597140 4999.737549 -4701.496050 0.166293 0.838399 0.519070 0.437860 0.408874 -0.800688 0.883530 -0.360429 0.299108
-1.621300 -116.951018 4504.128037 384.166694 0.161077 0.835224 0.525790 0.572074 0.355105 -0.739346 0.804230 -0.419882 0.420610
-6.784960 -120.480545 2673.992624 1129.266001 0.191234 0.838547 0.510165 0.497510 0.365236 -0.786820 0.846117 -0.404279 0.347341
20.991503 -20.598548 -7707.112278 -15812.161962 -0.616795 -0.720544 -0.316827 0.786746 -0.551888 -0.276495 0.024374 -0.419804 0.907288
20.951614 -35.542192 -2744.255437 -9906.074462 0.756829 0.597779 0.264330 0.650517 -0.649582 -0.393536 0.063544 -0.469790 0.880488
15.781689 -28.603174 1354.820398 -15569.796250 0.747364 0.605307 0.273954 0.662690 -0.649421 -0.372953 0.047839 -0.460278 0.886485
16.456019 -15.593173 -7268.645606 -12349.030984 -0.534135 -0.752798 -0.384701 0.845344 -0.470400 -0.253216 0.009657 -0.460456 0.887630
48.208579 -84.461855 28220.841056 -1291.872197 -0.020187 0.986981 0.159565 -0.870623 0.061110 -0.488141 0.491537 0.148775 -0.858054
77.907270 -89.082525 25128.993561 -5939.924892 -0.001786 0.998758 0.049793 -0.852118 0.024539 -0.522774 0.523346 0.043363 -0.851016
70.464352 -87.741892 37309.713171 12769.179452 -0.046885 0.994672 0.091813 -0.851304 0.008296 -0.524608 0.522574 0.102757 -0.846379
100.392553 -86.868251 26374.946905 5565.952877 0.022289 0.999647 -0.014446 -0.849266 0.011308 -0.527845 0.527495 -0.024034 -0.849218
119.338366 -70.019208 39404.790229 17738.437759 0.052560 0.998342 0.023450 -0.815246 0.056458 -0.576356 0.576725 -0.011175 -0.816862
83.557219 -72.039371 39268.299905 1370.900267 0.006063 0.994998 0.099709 -0.720133 0.073526 -0.689929 0.693809 0.067621 -0.716977
-11.306539 -67.230866 2567.066718 3765.834153 0.268296 0.903021 0.335515 0.810136 -0.023052 -0.585788 0.521245 -0.428977 0.737755
-10.800371 -70.017577 1201.401139 6496.907655 0.277118 0.895051 0.349413 0.792837 -0.007577 -0.609387 0.542785 -0.445899 0.711729
-11.688905 -66.599708 1669.624927 -2902.807461 0.321733 0.894878 0.309323 0.751357 -0.042507 -0.658525 0.576152 -0.444281 0.686049
-10.624281 -65.355025 694.909839 -1091.183545 0.295779 0.900349 0.319195 0.776688 -0.032136 -0.629066 0.556121 -0.433979 0.708795
-9.739000 -62.803905 1230.406389 1358.393094 0.255422 0.904504 0.341514 0.833046 -0.026612 -0.552563 0.490707 -0.425634 0.760291
-9.627052 -61.469004 -1980.289450 -1535.317380 -0.255607 -0.902875 -0.345660 0.875886 -0.064916 -0.478132 0.409255 -0.424973 0.807408
-4.618050 -109.410222 2750.941322 767.610487 0.175004 0.745169 0.643503 0.966808 -0.253643 0.030787 0.186162 0.616756 -0.764824
-9.910279 -107.475046 -285.179464 -4279.833652 0.178664 0.758292 0.626955 0.977693 -0.208346 -0.026623 0.110435 0.617726 -0.778600
-7.209671 -110.946781 1208.873398 -2752.272788 0.197364 0.742622 0.639969 0.979930 -0.168110 -0.107132 0.028027 0.648269 -0.760896
-9.385616 -71.677079 406.597592 8608.492925 -0.067350 -0.942202 -0.328206 0.980751 -0.002092 -0.195251 0.183280 -0.335039 0.924206
-8.971900 -71.503423 -2821.508735 11460.466901 -0.105421 -0.937861 -0.330611 0.973290 -0.029127 -0.227723 0.203943 -0.345787 0.915881
-8.507143 -66.902192 -2029.424096 5389.591408 -0.105797 -0.942027 -0.318422 0.966046 -0.021463 -0.257476 0.235715 -0.334851 0.912312
-14.301161 -64.163992 2979.355008 4141.946850 -0.079038 -0.943622 -0.321452 0.964040 0.009723 -0.265579 0.253732 -0.330884 0.908920
-19.676892 -72.387684 9632.494823 9713.146668 -0.082599 -0.938844 -0.334288 0.978241 -0.012323 -0.207103 0.190318 -0.344121 0.919434
9.119836 -196.144714 -1753.840511 3267.918076 0.425512 0.403172 -0.810180 0.902640 -0.125123 0.411807 0.064657 -0.906530 -0.417160
16.199428 -173.678767 -3237.074189 10001.485354 0.421016 0.415565 -0.806258 0.904144 -0.121135 0.409695 0.072589 -0.901461 -0.426730
12.731367 -189.501603 -1388.765466 9738.718476 0.440919 0.415938 -0.795353 0.890097 -0.316568 0.327890 -0.115401 -0.852514 -0.509806
6.662775 -198.961100 -2032.176085 3100.415744 0.443636 0.397126 -0.803416 0.874861 -0.386393 0.292094 -0.194436 -0.832461 -0.518848
-21.466690 -59.948946 -883.951441 -983.128565 -0.345963 0.887260 0.305090 -0.507181 -0.450417 0.734773 -0.789353 -0.099469 -0.605829
-20.728974 -59.130522 593.357562 -1297.248669 -0.330948 0.916127 0.226239 -0.542010 -0.380801 0.749144 -0.772463 -0.125304 -0.622575
-18.883695 -58.506506 282.772938 495.207379 -0.332889 0.906433 0.259933 -0.449965 -0.394940 0.800971 -0.828684 -0.149673 -0.539334
-22.330328 -57.479159 -589.511153 -1140.285036 -0.349904 0.897326 0.269024 -0.579147 -0.432930 0.690768 -0.736312 -0.085898 -0.671168
-18.537373 -58.638748 -616.030369 758.939042 -0.331957 0.890201 0.312004 -0.436200 -0.438136 0.785981 -0.836382 -0.124815 -0.533748
-21.411277 -61.782210 -575.592258 -133.772854 -0.353381 0.849757 0.391196 -0.461129 -0.522074 0.717495 -0.813930 -0.073157 -0.576339
-24.676544 -63.440266 -622.463691 966.892905 -0.384853 0.826995 0.409838 -0.513391 -0.560815 0.649551 -0.767018 -0.039574 -0.640404
-23.675147 -59.468342 -981.857985 42.050655 -0.362214 0.870727 0.332619 -0.557665 -0.488379 0.671190 -0.746867 -0.057625 -0.662471
6.115529 -703.385056 957.714262 -149682.249241 0.574860 0.549100 -0.606651 -0.232226 0.820397 0.522513 0.784606 -0.159492 0.599129
55.479398 -2482.679649 22365.729711 -1505110.339609 0.559551 0.625692 -0.543519 -0.083911 0.695192 0.713910 0.824537 -0.353862 0.441498
21.768382 -961.133785 -23774.307900 -383341.464430 0.613732 0.549804 -0.566611 0.153340 0.620996 0.768668 0.774480 -0.558641 0.296818
87.132677 -534.387274 54008.587214 274071.064343 0.640097 0.707034 -0.300632 0.711051 -0.396959 0.580371 0.291003 -0.585258 -0.756829
158.379521 -824.770961 -14501.714262 366504.330611 0.602681 0.679375 -0.418600 0.793309 -0.566786 0.222294 -0.086236 -0.466051 -0.880545
244.501881 -1318.106321 -64016.018930 737751.764368 0.565536 0.580804 -0.585522 0.814802 -0.283688 0.505587 0.127541 -0.763012 -0.633676
2031.882077 -9533.941564 996776.411568 41933568.456675 0.858590 0.491243 0.146640 0.335302 -0.321714 -0.885479 0.387809 -0.809432 0.440935
115.279535 -8695.233613 28224.337501 -238815.393246 0.828596 0.552955 -0.087572 -0.494322 0.649179 -0.578111 0.262820 -0.522310 -0.811245
-9.504042 -3065.114087 -1971.693989 -1904650.836250 0.871115 0.486246 -0.068725 -0.335982 0.488061 -0.805551 0.358154 -0.724818 -0.588527
9.491180 -7220.746523 198307.459298 4273634.603502 0.837282 0.501153 0.218642 -0.477654 0.865022 -0.153569 -0.266091 0.024145 0.963645
-64.817354 -11090.805826 7579.884206 -7017923.093696 0.767732 0.626041 0.136606 -0.622066 0.779321 -0.075451 -0.153695 -0.027052 0.987748
2.169384 -5545.784156 -52225.051549 -7889965.292857 0.934325 0.236619 0.266548 0.350802 -0.478214 -0.805140 0.063044 -0.845768 0.529813
-13.081126 -46.686432 5388.927849 -8832.610100 0.518176 0.662654 -0.540725 0.756429 -0.650120 -0.071831 0.399135 0.371799 0.838127
-10.243117 -28.964084 -3744.808299 -6977.121408 -0.445017 -0.709975 0.545797 0.818897 -0.569298 -0.072856 0.362448 0.414529 0.834744
-16.782278 -36.300607 -1969.971789 -6175.469305 -0.296905 -0.811842 0.502752 0.890020 -0.426036 -0.162351 0.345994 0.399257 0.849048
-21.664400 -46.688274 -3776.104317 -7580.907021 -0.335166 -0.806418 0.487190 0.875549 -0.457572 -0.155052 0.347961 0.374591 0.859421
-17.610044 -35.912962 -2700.809066 -826.799441 0.076272 -0.913423 0.399800 0.951212 -0.053567 -0.303852 0.298962 0.403470 0.864774
-34.894362 -74.690484 2827.027505 3677.084399 -0.681428 -0.646216 0.343600 -0.676349 0.735398 0.041741 -0.279657 -0.203950 -0.938188
-31.516517 -73.514535 -736.083646 250.787281 0.748248 0.594984 -0.293461 -0.642068 0.760784 -0.094635 -0.166954 -0.259233 -0.951275
-26.478778 -70.209142 -8163.166710 -3332.416257 0.583027 0.717036 -0.382020 0.779730 -0.625932 0.015151 -0.228255 -0.306706 -0.924030
-25.846539 -71.696670 -7020.046944 26.389711 0.510266 0.766290 -0.390420 0.817536 -0.573112 -0.056372 -0.266952 -0.290418 -0.918909
-2.615331 -56.346928 2001.262696 2311.848007 -0.070003 0.936351 0.344016 0.501538 -0.265069 0.823528 -0.862299 -0.230186 0.451060
2.223778 -54.047805 7063.545348 6468.595731 -0.099937 0.960103 0.261180 0.501215 -0.178181 0.846779 -0.859533 -0.215532 0.463411
3.467302 -52.646769 5658.122093 5808.837107 -0.090306 0.953542 0.287405 0.446574 -0.219174 0.867487 -0.890178 -0.206687 0.406035
4.022894 -54.455239 4750.721250 7236.436486 -0.121960 0.961963 0.244445 0.507910 -0.151105 0.848053 -0.852733 -0.227585 0.470162
0.508862 -52.359509 3011.127314 1856.622818 -0.072415 0.937555 0.340215 0.408133 -0.283388 0.867824 -0.910046 -0.201696 0.362126
6.082214 -56.317296 3428.959021 -2596.357562 -0.088818 0.945503 0.313266 0.335017 -0.267828 0.903345 -0.938016 -0.185182 0.292972
-15.928810 -120.857779 -3.408216 2488.588640 0.179486 0.886113 0.427305 -0.547029 -0.271116 0.791994 -0.817645 0.375900 -0.436068
-15.042536 -121.478807 -1145.940392 1307.002975 0.143018 0.899614 0.412602 -0.525183 -0.284372 0.802069 -0.838885 0.331402 -0.431792
-15.649717 -115.900850 1498.836246 -54.674171 0.175935 0.883971 0.433177 -0.441792 -0.322333 0.837210 -0.879697 0.338669 -0.333821
-32.320184 -59.792641 -5096.073342 336.429417 0.244131 0.969474 0.022807 -0.836344 0.198585 0.510973 -0.490846 0.143819 -0.859294
-28.976566 -60.013976 -6032.046359 -1507.244985 0.272987 0.961150 -0.040847 -0.830161 0.256814 0.494852 -0.486117 0.101179 -0.868017
-28.053164 -56.397470 -5015.239756 -1965.744552 0.274727 0.961234 -0.023528 -0.799679 0.242003 0.549498 -0.533890 0.132147 -0.835164
-29.292022 -54.764292 -5623.636796 2557.201817 0.226368 0.973576 0.030118 -0.759059 0.156944 0.631821 -0.610400 0.165885 -0.774529
-34.026965 -58.130583 -5033.175573 -123.192327 0.205316 0.975457 0.079556 -0.825619 0.128978 0.549289 -0.525547 0.178461 -0.831837
9.646439 -290.288379 135.591846 4011.830226 0.068480 0.934573 0.349118 0.844635 -0.240547 0.478257 -0.530945 -0.262127 0.805845
11.870400 -323.570614 1213.856446 -47114.285772 0.097357 0.936441 0.337045 0.918223 -0.215149 0.332533 -0.383913 -0.277107 0.880808
12.856708 -292.313791 353.869219 -29349.980211 -0.107663 -0.926478 -0.360621 0.947352 -0.205625 0.245444 -0.301551 -0.315209 0.899839
51.478164 -182.237061 -2804.328320 40679.502534 -0.026816 0.653698 0.756280 -0.782855 -0.484195 0.390760 -0.621626 0.581579 -0.524735
35.619325 -177.293264 5528.442350 728.043830 0.073525 0.787005 0.612550 -0.753139 -0.358808 0.551397 -0.653740 0.501876 -0.566343
118.421067 -974.554597 -17325.818783 -548545.791367 0.068354 0.776272 0.626681 0.846229 0.287590 -0.448540 -0.528417 0.560975 -0.637246
106.188211 -680.989800 13884.069802 -326286.241822 -0.024827 0.567639 0.822903 0.872023 0.414808 -0.259826 -0.488834 0.711140 -0.505292
53.308962 -208.086527 8540.735609 -60380.479607 -0.043692 0.506211 0.861302 0.749213 0.586914 -0.306940 -0.660887 0.631888 -0.404903
30.549189 -129.827326 -7430.385542 -5216.264153 -0.072417 0.604125 0.793592 -0.691246 -0.603987 0.396710 -0.718981 0.519840 -0.461338
5.441808 -222.438133 -8375.474415 -10068.056004 0.264132 0.942119 -0.206512 0.151432 -0.251969 -0.955814 0.952524 -0.221188 0.209220
11.849229 -225.176153 -6424.355923 -6712.354790 0.266407 0.912197 -0.311325 -0.145529 -0.281227 -0.948542 0.952811 -0.298005 -0.057830
-7.857907 -174.153788 -9277.730320 -14165.796027 0.268548 0.920174 -0.284888 0.057360 -0.310503 -0.948840 0.961557 -0.238468 0.136166
-2.972083 -198.140307 -4007.928387 14570.223106 0.222986 0.970723 -0.089301 0.338655 -0.163041 -0.926677 0.914106 -0.176394 0.365096
8.377538 -241.616390 -6036.791977 17979.278684 0.227925 0.971925 -0.058414 0.449453 -0.158241 -0.879177 0.863737 -0.174132 0.472902
-7.273931 -24.130675 -1022.509855 2263.475363 0.271205 0.910465 0.312252 0.919296 -0.341143 0.196256 -0.285207 -0.233826 0.929506
-6.032264 -26.772389 1199.040804 3020.617028 0.371456 0.870150 0.323820 0.878091 -0.442553 0.181941 -0.301623 -0.216760 0.928460
-8.643696 -23.348340 419.313431 1230.940130 0.442263 0.830604 0.338380 0.854950 -0.504444 0.120814 -0.271042 -0.235867 0.933222
-72.615145 -117.179183 2935.916053 8590.244636 -0.567659 0.769824 0.291779 0.210565 0.478393 -0.852527 0.795880 0.422506 0.433662
-62.630762 -107.791748 -2212.585039 7222.192819 -0.536197 0.844038 -0.009592 0.369985 0.224798 -0.901430 0.758685 0.486893 0.432818
-56.037049 -96.241887 -664.705051 11727.064358 -0.541643 0.817759 -0.194664 0.388457 0.038130 -0.920678 0.745470 0.574297 0.338317
55.962647 -75.742351 -458.943176 12998.854944 -0.248294 0.961697 0.116143 -0.784645 -0.129360 -0.606299 0.568052 0.241671 -0.786709
101.491689 -203.615672 1883.598476 7176.190879 -0.411156 0.911522 -0.008899 0.820747 0.365928 -0.438716 0.396643 0.187685 0.898582
156.077190 -591.614577 27171.618131 481607.655442 -0.465762 0.884891 -0.005807 0.411041 0.210531 -0.886973 0.783652 0.415505 0.461784
124.896587 -339.256610 -87335.824101 236857.453418 -0.239306 0.924209 0.297606 0.528125 0.381104 -0.758843 0.814749 0.024422 0.579299
69.852854 -168.121671 -72222.484827 7180.586496 -0.284662 0.907902 0.307703 0.825257 0.395413 -0.403236 0.487769 -0.139148 0.861812
-26.619746 -1541.996869 8728.220363 -1218790.336632 -0.403639 0.820704 -0.404376 0.871516 0.479413 0.103069 0.278452 -0.310818 -0.908767
-13.518000 -357.849356 -35783.782461 280053.350913 -0.192864 0.829777 -0.523711 -0.719762 -0.482389 -0.499243 0.666893 -0.280661 -0.690278
-11.359620 -313.750754 -48916.407269 285882.083860 -0.206192 0.817418 -0.537877 -0.818966 -0.444995 -0.362318 0.535518 -0.365796 -0.761192
-50.269298 -116.369139 -11999.792493 8779.956454 0.893374 0.253877 -0.370714 -0.187732 0.960509 0.205375 0.408214 -0.113882 0.905755
-29.676690 -109.993682 -13951.060814 5516.082997 0.910038 0.286893 -0.299204 -0.202944 0.937736 0.281894 0.361448 -0.195813 0.911599
-25.135757 -106.274268 -15706.080882 -4680.658676 0.896481 0.367480 -0.247551 -0.230860 0.864265 0.446933 0.378188 -0.343518 0.859633
11.605624 -54.985705 22016.093530 -8864.934852 0.734818 -0.578990 0.353290 0.580969 0.268483 -0.768370 -0.350026 -0.769862 -0.533661
33.049042 -48.327472 31747.010763 -21463.792284 0.667242 -0.613960 0.421713 0.653486 0.210856 -0.726978 -0.357414 -0.760653 -0.541906
6.134317 -91.311997 -1009.087041 5811.900772 -0.462688 0.884790 -0.055376 -0.190727 -0.038347 0.980894 -0.865761 -0.464410 -0.186496
7.719866 -82.018157 -1372.121207 4231.030801 -0.463461 0.884410 -0.054978 -0.082827 0.018535 0.996392 -0.882238 -0.466342 -0.064663
4.084906 -86.165820 -420.644660 3364.973786 -0.470259 0.881779 -0.036370 -0.136596 -0.032009 0.990110 -0.871893 -0.470576 -0.135500
12.583667 -115.872437 -133.349508 -3139.993641 -0.319114 0.933304 -0.164652 -0.536990 -0.034910 0.842866 -0.780902 -0.357386 -0.512315
13.394806 -113.487301 -1030.574015 1875.712233 -0.345217 0.926120 -0.152076 -0.399140 0.001779 0.916888 -0.849419 -0.377225 -0.369037
-0.497940 -111.374564 -587.811022 -19987.537100 0.022251 0.978495 0.205068 0.892913 0.072810 -0.444304 0.449680 -0.192994 0.872090
0.305568 -113.067039 -208.110678 -21947.692443 0.014949 0.979909 0.198885 0.903932 0.071781 -0.421610 0.427416 -0.186081 0.884698
-1.074693 -142.949219 326.056072 -23550.748513 0.036494 0.981732 0.186737 0.810111 0.080351 -0.580744 0.585140 -0.172472 0.792380
-0.614434 -95.037541 272.237258 -11071.900912 -0.022549 0.976222 0.215598 0.947536 0.089647 -0.306819 0.318852 -0.197368 0.927027
-0.039674 -92.784635 193.817493 -14757.126263 -0.012001 0.976840 0.213632 0.942790 0.082240 -0.323084 0.333170 -0.197533 0.921943
3.755180 -178.494623 -3513.585444 -28802.588774 -0.012521 0.993349 -0.114462 -0.955019 -0.045798 -0.292988 0.296282 -0.105645 -0.949240
0.034253 -201.182845 -5306.945820 24979.096716 -0.026560 0.992095 -0.122644 0.998872 0.031169 0.035815 0.039355 -0.121554 -0.991804
-0.942713 -177.587265 -5175.510129 -28772.155321 -0.004777 0.992327 -0.123546 -0.950089 -0.043043 -0.308996 0.311943 -0.115903 -0.943005
-0.335167 -169.752850 -5190.650367 -6685.667311 0.000371 0.993636 -0.112641 -0.885023 -0.052114 -0.462622 0.465547 -0.099861 -0.879371
1.892187 -104.063380 1967.563471 -12230.789621 -0.072938 0.967373 0.242631 0.902333 0.167635 -0.397107 0.424823 -0.189970 0.885119
3.798491 -104.192781 531.694285 -11731.144757 -0.081320 0.960860 0.264831 0.908511 0.180731 -0.376754 0.409871 -0.209964 0.887649
-23.305359 -63.789166 5492.998852 -4709.112111 0.911413 0.154821 -0.381256 0.146136 0.744343 0.651611 -0.384668 0.649603 -0.655779
-27.790889 -54.561032 4153.810201 -1876.296570 0.911022 0.230875 -0.341666 0.039778 0.775498 0.630095 -0.410434 0.587622 -0.697312
-22.223283 -56.356065 8541.893505 -1864.255809 0.920808 0.335390 -0.199064 -0.148381 0.773271 0.616469 -0.360688 0.538112 -0.761800
12.118164 -174.385615 -1755.383366 1389.034757 0.837693 0.027436 -0.545451 0.545600 -0.086487 0.833571 0.024305 0.995875 0.087418
7.611117 -175.198846 -3768.075272 1704.760604 0.839689 0.053199 -0.540455 0.543067 -0.082378 0.835639 0.000067 0.995180 0.098062
9.925210 -174.201461 -1397.427994 -42.600195 0.841754 0.035595 -0.538686 0.532552 0.108880 0.839365 -0.088529 0.993417 -0.072694
13.038883 -177.457050 -2290.255272 -3771.575062 0.839293 0.028337 -0.542940 0.538766 0.090604 0.837569 -0.072927 0.995484 -0.060776
16.654091 -184.434561 -2353.646102 -287.951822 0.836612 0.013127 -0.547639 0.546492 -0.088953 0.832727 0.037783 0.995949 0.081593
40.883737 -21.255462 19815.295469 -4592.079455 0.251192 -0.540379 -0.803052 0.615673 0.729388 -0.298230 0.746893 -0.419504 0.515913
-3.397296 -144.916722 -854.978854 8917.213134 -0.143823 0.989022 -0.033931 -0.916433 -0.120172 0.381718 -0.373450 -0.085996 -0.923656
-1.320888 -142.066512 -907.868258 3655.071512 -0.175745 0.984304 -0.016099 -0.841676 -0.141757 0.521043 -0.510583 -0.105121 -0.853379
-3.797768 -142.714557 1442.751224 5868.410829 -0.164236 0.986414 -0.003712 -0.872812 -0.143566 0.466463 -0.459593 -0.079850 -0.884533
-4.705089 -145.148264 610.961685 2927.216507 -0.132584 0.990937 -0.021578 -0.955529 -0.122000 0.268478 -0.263412 -0.056214 -0.963044
-6.767638 -140.840646 -425.224248 349.782304 -0.151820 0.988389 -0.006159 -0.927828 -0.140364 0.345592 -0.340715 -0.058182 -0.938365
-5.554382 -138.609661 3037.428108 15191.388425 0.729554 -0.010423 -0.683844 0.474231 -0.712762 0.516793 0.492805 0.701329 0.515055
-12.203953 -151.011659 1262.403477 11635.940708 0.734631 0.006214 -0.678439 0.558813 -0.572630 0.599852 0.384767 0.819790 0.424144
