19403
38799
-41.937339 -68.712642 -15.868698 7284.994463 0.203336 0.974997 -0.089636 0.862988 -0.221713 -0.453978 0.462501 -0.014955 0.886493
-43.167538 -66.621063 1168.023048 9124.150907 0.076392 0.995222 0.060801 0.860609 -0.035021 -0.508061 0.503504 -0.091138 0.859173
-35.510097 -56.001647 -37.767554 7029.804928 0.361344 0.915157 -0.178655 0.749764 -0.399079 -0.527816 0.554332 -0.056774 0.830357
-34.426791 -49.650267 843.632139 5946.812705 0.415762 0.889960 -0.187382 0.680417 -0.441087 -0.585213 0.603468 -0.115812 0.788932
-36.641287 -56.749061 397.057358 6641.207168 0.395797 0.871594 -0.289255 0.735728 -0.489454 -0.468124 0.549591 0.027531 0.834980
-30.713937 -47.345799 1635.900714 -2116.830311 0.588205 0.687544 -0.425791 -0.527510 0.725269 0.442401 0.612983 -0.035614 0.789293
107.835695 -74.699742 -8544.771742 -5213.300180 0.306599 0.947668 0.089011 -0.319847 0.190652 -0.928089 0.896490 -0.256081 -0.361562
89.461223 -61.714325 -10821.671485 -5978.628497 0.327678 0.931494 0.157941 -0.103899 0.201684 -0.973924 0.939059 -0.302724 -0.162869
125.978004 -74.650204 -7994.347828 -9775.193967 0.139358 0.963014 0.230614 -0.167654 0.252470 -0.952970 0.975947 -0.094140 -0.196637
139.924439 -88.586747 3331.524743 -1463.836119 0.139945 0.974296 0.176531 -0.487505 0.222977 -0.844168 0.861832 -0.032077 -0.506178
111.099751 -82.467426 -16598.072946 -2411.086579 0.381286 0.924367 -0.012932 -0.513252 0.200031 -0.834602 0.768891 -0.324860 -0.550702
139.505489 -83.725135 -2339.006087 -5693.311419 0.104279 0.971343 0.213584 -0.342807 0.236699 -0.909097 0.933600 -0.021582 -0.357666
2.384568 -72.064661 -16847.231089 142.371439 0.759616 0.635626 -0.137704 0.049460 -0.267576 -0.962267 0.648488 -0.724142 0.234693
-2.905792 -223.585287 -29621.219247 187706.696649 0.784572 0.546087 -0.293659 -0.389545 0.065654 -0.918664 0.482391 -0.835152 -0.264236
-15.403208 -189.671617 -22604.164070 108593.686284 0.743645 0.565856 -0.356090 -0.293052 -0.202842 -0.934332 0.600927 -0.799164 -0.014982
9.118132 -160.660533 5757.282510 -78905.351713 0.589593 0.747505 -0.305968 0.337071 -0.571963 -0.747824 0.734005 -0.337779 0.589188
5.722237 -61.061452 2042.704994 -26506.680488 0.612807 0.724592 -0.315333 0.193289 -0.524357 -0.829270 0.766229 -0.447232 0.461386
-8.543429 -273.119887 7498.540439 -115911.722203 0.581579 0.804295 -0.121968 0.402074 -0.414539 -0.816391 0.707179 -0.425756 0.564473
6.404988 -4.266538 2849.818234 399.325068 -0.150114 0.977633 -0.147310 0.634209 0.209523 0.744230 -0.758449 -0.018294 0.651476
9.551074 -6.220032 2870.101181 -656.108751 -0.416071 0.813835 -0.405657 0.523306 0.579126 0.625111 -0.743664 -0.047808 0.666842
13.131899 -6.794098 2116.270171 868.302400 -0.287305 0.922274 -0.258585 0.600328 0.383747 0.701673 -0.746366 -0.046358 0.663920
5.138749 -8.778327 825.976357 -1971.023894 0.085487 0.991131 0.101741 0.647089 -0.132878 0.750746 -0.757607 -0.001656 0.652709
3.853737 -9.906898 -688.274356 -4282.374888 0.272805 0.904805 0.326965 0.605342 -0.425582 0.672637 -0.747755 -0.014427 0.663817
9.328647 -7.379992 2417.452270 915.475438 -0.144460 0.977921 -0.151001 0.635114 0.208655 0.743702 -0.758789 -0.011532 0.651234
68.118314 -52.662956 -10878.340055 3681.509412 0.282064 -0.212678 -0.935526 0.274202 0.952316 -0.133822 0.919376 -0.218777 0.326931
52.589855 -45.474946 3931.303094 1165.974721 0.149680 -0.105074 -0.983135 0.199657 0.977065 -0.074028 0.968366 -0.185210 0.167226
70.518632 -50.552046 -2009.081908 1712.758378 0.149025 0.022196 -0.988584 0.283946 0.956683 0.064283 0.947189 -0.290284 0.136267
46.595821 -45.276675 -2085.614283 -752.272807 0.150022 0.097373 -0.983876 0.175065 0.976797 0.123367 0.973060 -0.190750 0.129495
142.140555 -71.313911 -24392.440947 12807.346553 0.246916 0.024377 -0.968730 0.370621 0.921303 0.117650 0.895362 -0.388082 0.218450
92.512616 -74.781827 5623.634433 11423.792391 0.050213 0.241080 -0.969205 0.317063 0.916382 0.244368 0.947074 -0.319570 -0.030423
49.682761 -54.264326 33.765196 2573.660791 0.088623 0.281416 -0.955485 0.184088 0.938107 0.293373 0.978906 -0.201893 0.031333
55.225919 -20.746389 22664.947265 874.296656 -0.613298 0.331319 0.717003 0.700477 -0.191298 0.687559 0.364963 0.923922 -0.114758
76.153328 -32.767013 22636.073079 4638.606984 -0.483728 0.364744 0.795594 0.787826 -0.214492 0.577341 0.381230 0.906066 -0.183599
99.857461 -35.832743 24439.512027 331.326978 -0.578427 0.472640 0.664856 0.665455 -0.197993 0.719700 0.471796 0.858726 -0.199996
13.433303 -51.361006 -9351.842435 2127.906622 -0.526834 0.847759 0.061248 0.152777 0.165335 -0.974332 0.836125 0.503954 0.216622
2.331183 -54.484983 -6965.378209 1358.452760 -0.516226 0.856446 0.003375 0.248471 0.153536 -0.956394 0.819617 0.492877 0.292061
12.937842 -52.711199 -8100.554809 2493.812529 -0.525910 0.850098 0.027427 0.249246 0.184865 -0.950632 0.813201 0.493111 0.309106
0.070482 -66.018988 50.821780 3147.662432 0.437765 0.888182 -0.139626 0.726767 -0.258141 0.636532 -0.529313 0.380127 0.758506
-0.073123 -70.198002 705.155742 -6018.813465 0.431823 0.888380 -0.155916 0.602778 -0.155650 0.782580 -0.670960 0.431919 0.602709
-1.463639 -67.440788 -1054.599862 -537.315973 0.422308 0.896527 -0.133773 0.683675 -0.218129 0.696426 -0.595185 0.385563 0.705050
-1.073380 -70.197244 -84.904799 5425.171664 0.444485 0.886952 -0.125500 0.783388 -0.316934 0.534655 -0.434438 0.335961 0.835699
-0.590154 -65.835096 -339.534076 10356.299090 0.449776 0.884150 -0.126413 0.794458 -0.331382 0.508943 -0.408091 0.329340 0.851468
-0.467038 -64.128672 565.887201 4885.247348 0.451425 0.880659 -0.143719 0.760976 -0.295846 0.577400 -0.465974 0.370019 0.803713
-4.371647 -63.888952 276.234088 2669.671612 0.656163 0.654355 -0.375859 -0.530683 0.046027 -0.846320 0.536494 -0.754786 -0.377456
-3.038695 -66.696998 562.291501 -1023.838657 0.645462 0.659414 -0.385426 -0.599632 0.124919 -0.790466 0.473097 -0.741329 -0.476036
-3.574452 -65.227342 337.976962 1641.080751 0.638324 0.658843 -0.398081 -0.564958 0.049720 -0.823621 0.522844 -0.750635 -0.403956
-5.571835 -64.842800 -274.580278 1795.661733 0.649719 0.649571 -0.394871 -0.468630 -0.066740 -0.880870 0.598541 -0.757366 -0.261046
60.944037 -87.716474 7798.050332 5479.070195 0.017671 0.986815 0.160887 -0.560829 0.142997 -0.815489 0.827743 0.075820 -0.555961
73.154582 -80.755894 583.480788 7432.070596 0.135078 0.990835 -0.000233 -0.587187 0.079860 -0.805502 0.798101 -0.108942 -0.592592
58.735504 -93.270540 3598.502663 6065.505598 0.080839 0.989706 0.118097 -0.465302 0.142254 -0.873646 0.881453 -0.015674 -0.472012
43.011940 -99.564183 8399.335453 3976.783171 -0.015226 0.972088 0.234122 -0.409673 0.207529 -0.888313 0.912105 0.109439 -0.395079
47.949205 -101.103048 3337.581313 3156.008735 0.086836 0.987656 0.130364 -0.294041 0.150439 -0.943879 0.951840 -0.043631 -0.303475
2.550145 -127.379963 -695.070691 426.977291 0.063697 0.991391 0.114400 -0.397203 -0.079976 0.914239 -0.915518 0.103674 -0.388689
0.386685 -128.581527 276.321471 -3291.614082 0.074705 0.991824 0.103458 -0.551775 -0.045306 0.832761 -0.830640 0.119297 -0.543879
1.944080 -130.460923 -1702.288451 -3907.430344 0.065681 0.993121 0.096932 -0.600148 -0.038292 0.798972 -0.797188 0.110651 -0.593505
3.936975 -137.081929 -1532.641178 -2464.961768 0.056600 0.992794 0.105625 -0.521903 -0.060768 0.850838 -0.851125 0.103283 -0.514703
3.034169 -126.833036 1054.098628 11105.795683 0.068260 0.986491 0.148917 -0.173484 -0.135254 0.975505 -0.982468 0.092423 -0.161907
3.551405 -128.124115 -918.242775 11070.358474 0.061243 0.986182 0.153932 -0.131265 -0.144924 0.980697 -0.989454 0.080266 -0.120576
2.438445 -112.148253 -480.420446 13379.455103 0.050331 0.985395 0.162676 0.026849 -0.164158 0.986069 -0.998372 0.045262 0.034719
20.659815 -35.052289 959.124410 -1084.557801 -0.357612 0.892334 0.275414 -0.361829 0.139486 -0.921750 0.860926 0.429282 -0.272991
19.475205 -35.137862 69.768967 -1997.865210 -0.378766 0.909642 0.170552 -0.383139 0.013632 -0.923590 0.842461 0.415169 -0.343356
18.801297 -28.811123 -2667.494127 -659.411281 -0.274711 0.914167 0.298048 -0.382999 0.180288 -0.905985 0.881956 0.363036 -0.300598
18.368061 -41.945096 3437.104069 -2025.283619 -0.449059 0.878101 0.165181 -0.386050 -0.023955 -0.922167 0.805799 0.477876 -0.349748
23.334205 -29.270223 -486.177518 277.521837 -0.242024 0.881043 0.406433 -0.350966 0.311028 -0.883224 0.904570 0.356405 -0.233940
17.814785 -41.223872 3400.911024 -2051.072563 -0.428809 0.868518 0.248595 -0.335026 0.102671 -0.936598 0.838976 0.484908 -0.246950
22.728541 -35.243769 1988.844585 -330.421275 -0.349029 0.870895 0.346007 -0.319241 0.236641 -0.917652 0.881058 0.430747 -0.195431
-7.450963 -64.985179 2273.224347 11095.878303 0.506945 0.783946 -0.358379 0.805881 -0.283511 0.519786 0.305879 -0.552314 -0.775492
-5.147865 -63.261601 5243.393281 8418.470403 0.502537 0.804201 -0.317359 0.773393 -0.254096 0.580775 0.386420 -0.537304 -0.749656
-7.389443 -59.846815 1676.921347 8060.641623 0.536478 0.772065 -0.340746 0.758229 -0.263699 0.596281 0.370513 -0.578255 -0.726871
-10.486355 -64.159611 -1964.994165 3556.582386 0.523834 0.751261 -0.401503 0.816993 -0.309704 0.486421 0.241082 -0.582829 -0.776009
-8.883782 -64.801107 -752.514081 3409.832472 0.536041 0.754603 -0.378464 0.769306 -0.252052 0.587058 0.347603 -0.605842 -0.715631
-5.267234 -51.533538 -2191.515370 -4982.868786 0.391071 0.834210 -0.388788 -0.105639 0.460324 0.881443 -0.914278 0.303636 -0.268145
-1.896182 -42.793870 -2591.461632 -154.342976 0.389443 0.813258 -0.432372 -0.126530 0.512222 0.849482 -0.912318 0.276117 -0.302383
-1.002734 -48.601099 -2100.703093 -3265.938106 0.387503 0.838444 -0.383214 -0.133384 0.462312 0.876628 -0.912168 0.288581 -0.290982
-4.682272 -57.346581 -600.693042 -8268.348545 0.401208 0.858088 -0.320496 -0.108761 0.392043 0.913495 -0.909507 0.331644 -0.250617
-5.708219 -212.040751 930.066453 -25024.137078 0.057695 0.980554 -0.187577 -0.751490 -0.081035 -0.654749 0.657217 -0.178738 -0.732201
3.778580 -221.717106 4761.090209 -1006.776857 0.055467 0.982300 -0.178916 -0.916862 -0.020840 -0.398659 0.395331 -0.186154 -0.899478
-1.958248 -227.604456 2828.536865 -42113.880885 0.030483 0.982945 -0.181357 -0.657459 -0.116948 -0.744360 0.752874 -0.141925 -0.642681
-4.492375 -177.884211 -47.016194 -27825.742329 0.019928 0.977785 -0.208663 -0.505825 -0.170164 -0.845686 0.862406 -0.122400 -0.491197
-6.265305 -200.996129 129.450576 -31658.350822 0.042295 0.978130 -0.203648 -0.600004 -0.138115 -0.787985 0.798878 -0.155517 -0.581040
-8.519069 -203.186123 394.308376 -10468.407238 0.064554 0.977333 -0.201628 -0.861306 -0.047471 -0.505864 0.503969 -0.206319 -0.838718
-18.421978 -94.180029 1253.448979 -1089.529461 0.070816 0.942218 0.327429 -0.207668 0.334987 -0.919053 0.975633 0.002913 -0.219392
-15.711756 -94.103596 1591.498219 -177.670487 0.045420 0.944378 0.325712 -0.067852 0.328212 -0.942164 0.996661 -0.020692 -0.078985
-17.406200 -93.573293 -1467.908149 -1781.681865 0.119372 0.948747 0.292625 -0.021777 0.297164 -0.954578 0.992611 -0.107577 -0.056134
-16.014778 -89.846167 -1978.532195 -1853.957762 0.123256 0.951294 0.282573 0.185024 0.257722 -0.948338 0.974974 -0.169171 0.144246
-17.058911 -90.043849 -452.730974 -2273.099496 0.137686 0.955485 0.260943 0.015077 0.261400 -0.965113 0.990361 -0.136817 -0.021586
-11.174721 -104.940190 -239.796519 -7402.814881 -0.113434 0.889392 -0.442849 0.490763 0.437711 0.753367 -0.863878 0.131876 0.486132
-10.616161 -92.635618 849.008088 -7971.702374 -0.102963 0.863462 -0.493793 0.471914 0.479409 0.739908 -0.875612 0.156845 0.456841
-8.247621 -90.047185 791.220596 -597.361027 -0.138329 0.843634 -0.518793 0.354473 0.531301 0.769460 -0.924778 0.077459 0.372539
-14.303177 -124.751572 -272.460177 -17618.027608 -0.066797 0.902097 -0.426333 0.630805 0.369239 0.682457 -0.773061 0.223347 0.593711
-7.512928 -98.203049 393.111003 -1248.191037 -0.155606 0.854767 -0.495136 0.294926 0.518581 0.802554 -0.942765 0.021146 0.332788
-10.072248 -108.014979 -105.779676 -5570.973413 -0.122528 0.897491 -0.423672 0.473684 0.428012 0.769694 -0.872130 0.106377 0.477570
-10.974843 -125.237205 -1033.278951 -11852.577327 -0.096436 0.919793 -0.380370 0.628019 0.352708 0.693678 -0.772199 0.171984 0.611661
-12.264482 -132.873048 -512.757600 -15574.082378 -0.071016 0.917323 -0.391759 0.663669 0.336654 0.667988 -0.744648 0.212561 0.632706
-9.067354 -129.252157 -841.540228 5265.847149 -0.022868 0.916073 -0.400360 -0.037196 -0.400967 -0.915337 0.999046 0.006040 -0.043243
-9.742163 -120.514193 -60.272865 4103.743652 -0.044866 0.910972 -0.410021 -0.195073 -0.410522 -0.890740 0.979762 -0.040021 -0.196125
-9.725127 -127.982742 -758.831682 4132.113985 -0.038811 0.923231 -0.382281 0.049071 -0.380347 -0.923541 0.998041 0.054602 0.030542
583.536274 -141.464855 224058.576844 44701.350369 -0.049785 0.997957 -0.040053 -0.904354 -0.028023 0.425862 -0.423869 -0.057423 -0.903901
569.141422 -70.305661 178546.449642 27854.663344 -0.168621 0.933833 -0.315472 -0.889678 -0.006416 0.456543 -0.424311 -0.357651 -0.831893
569.377888 -231.680479 228018.046856 72034.823065 -0.131223 0.981891 -0.136640 -0.936142 -0.077376 0.343003 -0.326219 -0.172925 -0.929343
219.638531 -234.552265 99643.634128 62911.550990 -0.053089 0.993831 -0.097372 -0.978055 -0.032076 0.205864 -0.201470 -0.106165 -0.973724
2.435128 -250.791731 -0.951307 26089.859970 -0.029057 0.923207 -0.383203 0.804156 -0.206112 -0.557540 0.593708 0.324355 0.736413
5.349433 -277.198066 1311.129419 44725.663389 -0.002811 0.920235 -0.391356 0.839642 -0.210388 -0.500738 0.543133 0.330006 0.772077
3.283912 -272.353757 -649.465213 25696.166887 0.028447 -0.926078 0.376258 0.952393 -0.089193 -0.291535 0.303544 0.366639 0.879453
3.001742 -258.119233 -431.569082 23828.639474 -0.028495 0.916479 -0.399068 0.789090 -0.224449 -0.571804 0.613617 0.331194 0.716788
3.811920 -212.713829 335.761312 13296.940545 -0.010318 0.912733 -0.408427 0.582118 -0.326620 -0.744619 0.813039 0.245436 0.527948
2.728986 -330.776452 1509.800930 52611.871298 0.056347 -0.924877 0.376069 0.944798 -0.072377 -0.319561 0.322773 0.373316 0.869743
-5.808517 -145.882544 2001.446089 1911.022080 0.087019 0.980982 -0.173502 0.960973 -0.128567 -0.244951 0.262599 0.145416 0.953885
-14.475143 -130.976498 1888.758109 1726.990371 0.025521 0.991167 -0.130143 0.946522 -0.065843 -0.315851 0.321630 0.115122 0.939841
-8.847188 -133.685296 1771.712868 12149.833597 0.024214 0.988890 -0.146665 0.859956 -0.095417 -0.501370 0.509794 0.113985 0.852712
-14.529855 -137.674868 -4039.036258 -8359.353561 -0.088023 -0.981738 0.168651 0.990303 -0.104514 -0.091525 0.107480 0.158960 0.981417
-9.053780 -166.196575 -5059.726609 850.476898 -0.198545 -0.963469 0.179745 0.979966 -0.192218 0.052137 -0.015682 0.186496 0.982331
3.745297 -28.802132 4148.057549 184.235082 0.172380 -0.008746 -0.984992 -0.189526 0.980982 -0.041878 0.966626 0.193901 0.167444
-4.236378 -27.829001 2531.039620 610.515578 0.176208 -0.000423 -0.984353 -0.269801 0.961683 -0.048710 0.946656 0.274163 0.169343
-4.143850 -28.448784 2523.347356 -115.471431 0.129008 0.191507 -0.972976 -0.253643 0.954909 0.154320 0.958657 0.226880 0.171765
1.442409 -29.952996 3841.955271 486.308842 0.147307 0.092451 -0.984761 -0.187258 0.980223 0.064014 0.971203 0.174975 0.161705
-3.421721 -32.181095 147.782261 1259.215366 0.112131 0.324569 -0.939192 -0.253362 0.923253 0.288812 0.960851 0.205571 0.185759
33.719354 -1.396954 2145.308594 -8984.050139 -0.323683 0.595111 0.735576 0.766975 -0.290216 0.572297 0.554056 0.749411 -0.362497
34.916634 10.874275 3193.014219 -11396.574228 -0.328239 0.561368 0.759687 0.779137 -0.293795 0.553742 0.534046 0.773660 -0.340947
40.945597 11.517746 -4112.150381 -9189.626599 -0.168978 0.626502 0.760882 0.785454 -0.380754 0.487943 0.595406 0.680090 -0.427749
-30.490119 -40.937071 1784.074991 1317.024799 -0.288168 0.576025 -0.764953 0.110702 0.813524 0.570897 0.951159 0.079833 -0.298199
-25.146907 -41.893860 3281.907652 1804.050777 -0.350737 0.430057 -0.831886 0.076887 0.898543 0.432099 0.933312 0.087592 -0.348218
-28.903302 -38.976562 2438.357192 1733.727658 -0.335674 0.448673 -0.828261 0.001133 0.879470 0.475954 0.941977 0.158827 -0.295723
-25.170187 -44.378132 2657.256171 1087.929417 -0.322551 0.477010 -0.817571 0.168414 0.878875 0.446335 0.931449 0.006275 -0.363818
-30.783991 -43.120238 1260.103450 79.920205 -0.244588 0.605117 -0.757635 0.193745 0.796110 0.573299 0.950074 -0.006566 -0.311957
3.943753 -130.639466 -1591.935145 -7217.673900 0.405879 0.884726 0.229178 0.212204 0.152679 -0.965225 0.888950 -0.440396 0.125773
9.487038 -114.437783 -761.662430 -878.860321 0.379690 0.898912 0.218616 0.328502 0.089906 -0.940215 0.864825 -0.428806 0.261158
8.075210 -124.607117 -928.449012 -11771.305435 0.382805 0.899070 0.212446 0.160597 0.161698 -0.973685 0.909763 -0.406849 0.082490
0.565842 -127.568959 -1540.803519 -12020.218873 0.416759 0.876325 0.241594 0.157373 0.192205 -0.968654 0.895291 -0.441715 0.057807
1.658387 -113.838301 -1705.577590 -2075.285601 0.411935 0.875156 0.253794 0.328613 0.117102 -0.937177 0.849896 -0.469456 0.239349
62.209215 -301.794977 -5591.313527 -27545.425406 0.361139 0.922940 -0.133270 0.736259 -0.194501 0.648145 -0.572278 0.332192 0.749764
15.011245 -318.237845 -2572.158039 -94366.460820 0.386020 0.900578 -0.199868 0.356993 0.053943 0.932548 -0.850614 0.431334 0.300677
43.184458 -261.572954 -954.417679 -44832.209010 0.401358 0.825498 -0.396819 0.618125 0.075587 0.782438 -0.675894 0.559321 0.479923
18.698411 -208.939455 -893.521013 -46216.292043 0.389198 0.816730 -0.426001 0.337124 0.304088 0.890998 -0.857247 0.490390 0.156989
79.436491 -303.780123 749.379492 907.429421 -0.370603 -0.845307 0.384849 0.868126 -0.167965 0.467061 -0.330169 0.507192 0.796081
57.737594 -291.225561 -3676.389206 -46563.336713 -0.364280 -0.754225 0.546300 0.776395 0.078002 0.625401 -0.514305 0.651966 0.557162
37.196109 -246.421756 -1346.782892 -52912.830876 0.391701 0.763595 -0.513316 0.546198 0.255982 0.797584 -0.740431 0.592786 0.316806
33.131933 -256.941235 -8897.265131 27712.666598 -0.239541 -0.371839 0.896859 0.970886 -0.092706 0.220877 0.001014 0.923657 0.383220
50.626123 -233.821396 -11544.521645 51482.252118 -0.208915 -0.427982 0.879310 0.908931 -0.416740 0.013115 0.360831 0.801972 0.476070
58.019899 -278.299990 -15559.878308 41466.714071 -0.258083 -0.445281 0.857390 0.961787 -0.202395 0.184394 0.091424 0.872216 0.480500
23.906579 -265.357287 -7977.393562 -22763.703101 -0.261136 -0.374491 0.889699 0.884078 0.277276 0.376197 -0.387575 0.884802 0.258673
21.742992 -269.100296 -3922.903883 -1031.584362 -0.245234 -0.340140 0.907835 0.925364 0.197092 0.323814 -0.289069 0.919489 0.266420
40.213869 -280.642882 -8576.760572 -15082.332863 -0.274067 -0.479241 0.833796 0.905879 0.162462 0.391139 -0.322910 0.862516 0.389609
21.579589 -77.924602 4172.190357 8231.900341 0.220416 0.959847 0.173525 0.509349 -0.264982 0.818748 -0.831854 0.092080 0.547303
38.313554 -34.717243 19392.833890 31729.788329 0.220008 0.975482 0.005648 0.723589 -0.167074 0.669705 -0.654229 0.143254 0.742605
36.011511 -52.226745 -8749.648285 34532.982171 0.134248 0.954941 0.264697 0.720963 -0.277378 0.635038 -0.679845 -0.105584 0.725715
4.416921 -71.311898 20102.516280 19511.927725 0.243144 0.968821 -0.047613 0.624248 -0.118719 0.772153 -0.742425 0.217467 0.633650
-37.650094 -58.769282 -919.970649 -656.630748 -0.318487 0.001894 0.947925 0.941406 0.117732 0.316061 -0.111003 0.993044 -0.039279
-35.519973 -58.885356 -1467.764513 -1449.752331 -0.308444 0.110383 0.944816 0.950656 0.070641 0.302097 -0.033396 0.991376 -0.126725
-34.703951 -56.640676 -1738.793781 -200.697106 -0.257050 0.106418 0.960521 0.954408 0.184036 0.235025 -0.151760 0.977142 -0.148873
-38.001719 -61.310479 -1018.470084 -1932.641870 -0.364755 0.016521 0.930957 0.931039 -0.005259 0.364881 0.010924 0.999850 -0.013464
-36.437884 -57.069908 -593.572694 -109.389215 -0.255049 0.001051 0.966928 0.940040 0.234455 0.247702 -0.226440 0.972127 -0.060786
-42.133387 -60.651599 -1297.792438 -370.967301 -0.282826 -0.099407 0.954006 0.934181 0.197013 0.297477 -0.217523 0.975348 0.037143
-41.823917 -62.168821 -1012.943279 -1675.301394 -0.368051 -0.099469 0.924470 0.925630 0.054927 0.374423 -0.088021 0.993524 0.071855
-22.917230 -75.740822 -16357.291536 2670.132125 0.278655 0.871327 -0.403907 0.958459 -0.225638 0.174482 0.060894 -0.435749 -0.898006
-33.486032 -73.803510 -12777.486481 -2263.613263 0.191185 0.913152 -0.360002 0.978603 -0.205747 -0.002179 -0.076059 -0.351882 -0.932949
-44.364059 -71.284834 -4574.750859 1707.629687 0.226649 0.933811 -0.276816 0.970736 -0.193417 0.142341 0.079379 -0.300977 -0.950322
-53.602326 -65.864259 2587.859781 405.751798 0.364633 0.924625 -0.110049 0.916510 -0.335508 0.217817 0.164476 -0.180284 -0.969765
-39.615010 -69.472887 -6423.568811 3244.649120 0.360593 0.893613 -0.267263 0.912054 -0.277827 0.301612 0.195272 -0.352517 -0.915205
-16.076462 -47.359960 -3606.222788 -53.640486 -0.506656 0.823010 0.256816 -0.829612 -0.546464 0.114548 -0.234615 0.155021 -0.959648
-11.592775 -46.636717 -1823.684029 1043.654418 -0.451425 0.864111 0.222547 -0.848805 -0.492771 0.191587 -0.275217 0.102412 -0.955912
-11.661235 -47.492616 -1888.737308 552.463396 -0.446717 0.864865 0.229026 -0.831369 -0.495857 0.250902 -0.330560 0.078323 -0.940529
-9.405742 -45.647674 977.679989 99.995199 -0.403502 0.890417 0.210578 -0.849506 -0.450065 0.275282 -0.339890 0.067810 -0.938017
-16.774316 -48.339145 -3188.036147 951.026190 -0.561567 0.777220 0.283851 -0.761266 -0.619728 0.190817 -0.324218 0.108930 -0.939690
-11.452907 -47.663963 -2976.053167 1223.250239 -0.492656 0.832027 0.254993 -0.780934 -0.551990 0.292317 -0.383969 0.055121 -0.921699
-5.327966 -46.700029 371.563516 543.659044 -0.413037 0.883622 0.220484 -0.808594 -0.467202 0.357629 -0.419019 0.030568 -0.907463
-2.764804 -32.707527 -416.025286 2006.019875 -0.321108 0.918474 -0.230857 0.926214 0.253729 -0.278837 -0.197529 -0.303360 -0.932178
-3.075326 -33.451999 3243.715423 1361.480123 -0.344644 0.917818 -0.197056 0.916947 0.284183 -0.280084 -0.201066 -0.277219 -0.939533
-4.227980 -30.758302 317.240713 -45.383488 -0.333498 0.914639 -0.228504 0.895383 0.231435 -0.380430 -0.295072 -0.331472 -0.896136
-6.101029 -60.726465 -102.794951 -2765.812976 -0.617129 0.786724 -0.014757 -0.096844 -0.057329 0.993647 -0.780880 -0.614638 -0.111568
-6.608805 -57.773939 -957.014773 -4401.353914 -0.619528 0.784897 0.011021 -0.046058 -0.050364 0.997668 -0.783622 -0.617576 -0.067353
-6.629105 -62.144193 -285.751959 849.163580 -0.607286 0.793904 -0.030324 -0.143624 -0.072165 0.986998 -0.781393 -0.603745 -0.157848
-5.469462 -66.813452 -734.485334 4408.657310 -0.618034 0.785332 -0.035877 -0.156331 -0.078047 0.984616 -0.770451 -0.614135 -0.171007
-4.990379 -65.946124 11.512448 634.787447 -0.622631 0.782086 -0.025935 -0.128295 -0.069331 0.989310 -0.771927 -0.619302 -0.143505
-4.542698 -60.552306 -391.515346 -4504.830815 -0.627777 0.778354 0.007746 -0.043595 -0.045094 0.998031 -0.777171 -0.626204 -0.062242
8.299153 -60.443726 2204.269611 -10676.111454 0.681935 -0.729806 0.048456 0.623594 0.545512 -0.559953 -0.382224 -0.412068 -0.827106
5.622880 -52.676620 2531.234988 -4472.795475 0.711317 -0.700476 0.057980 0.578263 0.536325 -0.614791 -0.399551 -0.470839 -0.786556
4.808642 -69.104347 1875.774348 -10246.438931 0.703975 -0.708837 0.044382 0.621757 0.584877 -0.520900 -0.343275 -0.394296 -0.852463
5.390026 -79.431436 530.210981 3383.820622 -0.604552 0.788097 0.115844 -0.791357 -0.610817 0.025604 -0.090938 0.076195 -0.992937
6.083484 -91.606202 1094.483627 -5361.805636 -0.642455 0.759008 0.105631 0.765485 0.642071 0.042154 -0.035828 0.107941 -0.993511
2.561605 -87.776773 720.051383 -5018.099153 -0.641640 0.759173 0.109336 0.765696 0.625679 0.149114 0.044794 0.179396 -0.982757
8.573299 -85.403006 274.719740 1646.379777 -0.610170 0.785778 0.101218 -0.774143 -0.618497 0.134777 -0.168508 -0.003879 -0.985693
1.098211 -80.665544 189.375423 -3523.884495 -0.602927 0.789303 0.116102 0.797117 0.589997 0.128485 0.032914 0.170014 -0.984892
6.776308 -81.891166 1301.154354 -3332.281838 -0.564133 0.815292 0.130583 -0.796232 -0.579027 0.175335 -0.218560 0.005062 -0.975810
3.381139 -74.834749 1918.101830 2104.616327 -0.560540 0.814400 0.150156 -0.819534 -0.571581 0.040719 -0.118988 0.100233 -0.987823
-1.353726 -177.185364 48.465259 8557.721666 -0.510496 0.854865 -0.092733 -0.508116 -0.212899 0.834561 -0.693694 -0.473159 -0.543055
-3.065172 -183.951888 -3168.308533 16485.281312 -0.534486 0.837064 -0.116825 -0.456506 -0.169593 0.873407 -0.711285 -0.520156 -0.472770
-0.305029 -161.881158 -1654.290214 9752.938220 -0.538024 0.839865 -0.071811 -0.329232 -0.130952 0.935124 -0.775974 -0.526762 -0.346966
10.122368 -80.426658 -1226.966729 6785.365127 -0.444251 0.888799 -0.112590 -0.551655 -0.370402 -0.747315 0.705916 0.269885 -0.654862
9.085974 -77.638095 300.838376 6554.634102 -0.451093 0.883897 -0.123451 -0.544578 -0.382194 -0.746567 0.707071 0.269543 -0.653756
8.792990 -79.566941 187.159062 1401.364244 -0.442588 0.889791 -0.111303 -0.439014 -0.323234 -0.838324 0.781909 0.322169 -0.533690
9.194504 -80.903315 436.851899 -1114.933640 -0.448295 0.889848 -0.084867 -0.374139 -0.273013 -0.886275 0.811820 0.365561 -0.455317
8.256176 -75.794301 1395.603358 -5546.090872 -0.442238 0.892318 -0.090519 -0.287499 -0.236634 -0.928089 0.849570 0.384412 -0.361189
-7.089182 -34.713198 -448.755910 -151.474210 -0.303258 0.933093 -0.193318 -0.856988 -0.178355 0.483488 -0.416660 -0.312293 -0.853737
-6.420356 -34.321260 -1102.893226 1060.965358 -0.276650 0.931028 -0.238015 -0.867005 -0.135001 0.479663 -0.414448 -0.339059 -0.844554
-6.084389 -36.638507 -240.562725 1554.796018 -0.304999 0.931941 -0.196117 -0.819071 -0.151625 0.553293 -0.485900 -0.329388 -0.809571
-8.460857 -36.442853 8.317543 -2379.272573 -0.356690 0.922513 -0.147454 -0.872899 -0.272857 0.404470 -0.332895 -0.272983 -0.902586
-7.670076 -34.190682 -531.205417 -2186.698103 -0.293036 0.933535 -0.206502 -0.892972 -0.190047 0.408023 -0.341658 -0.303966 -0.889311
-6.766365 -36.734981 -567.832041 2534.659431 -0.322412 0.931674 -0.167433 -0.805749 -0.177279 0.565102 -0.496809 -0.317105 -0.807853
37.777788 -23.280850 17868.986845 -2762.869659 0.273051 0.800617 0.533344 0.399633 -0.598712 0.694145 -0.875064 -0.023605 0.483432
13.702537 -21.273540 7759.002984 -1004.995992 0.263047 0.792359 0.550431 0.452156 -0.605235 0.655168 -0.852268 -0.076541 0.517475
37.538974 -25.118233 15585.965378 2201.560485 0.155891 0.888177 0.432249 0.549892 -0.441554 0.708977 -0.820559 -0.127167 0.557236
58.706264 -34.584442 15485.301483 -4852.377124 0.120877 0.841061 0.527262 0.424248 -0.523974 0.738556 -0.897442 -0.134415 0.420155
65.092279 -28.463902 22910.029651 -5150.829576 0.246238 0.776483 0.580035 0.336500 -0.629726 0.700152 -0.908919 -0.022778 0.416349
1.551289 -44.476914 989.151133 3678.520779 0.703048 -0.699027 -0.130707 -0.609318 -0.497349 -0.617556 -0.366681 -0.513814 0.775590
4.057024 -48.045681 1371.670786 -6326.484531 0.773336 -0.631801 -0.052722 -0.508055 -0.567824 -0.647654 -0.379252 -0.527639 0.760108
5.613568 -53.985688 477.035672 4526.022106 0.690836 -0.714047 -0.113499 -0.616034 -0.499145 -0.609391 -0.378481 -0.490908 0.784704
-8.112403 -33.679395 1147.104782 1520.866016 -0.323695 0.921078 0.216417 0.943326 0.296473 0.149133 0.073202 0.252426 -0.964843
-7.724694 -36.104579 1073.299058 20.542289 -0.350282 0.911352 0.216193 0.936477 0.345129 0.062429 -0.017720 0.224327 -0.974353
-4.917664 -34.284690 1773.595941 572.712721 -0.337113 0.910808 0.238294 0.941281 0.321075 0.104408 0.018585 0.259499 -0.965565
-11.311857 -35.560920 997.537968 1148.815709 -0.338506 0.920781 0.193846 0.940153 0.322409 0.110291 0.039057 0.219579 -0.974813
-5.855947 -32.347690 1657.049469 1849.634126 -0.326160 0.915910 0.233941 0.939211 0.285896 0.190123 0.107253 0.281730 -0.953480
-12.367379 -33.038122 1447.802808 1662.706351 -0.300032 0.932810 0.199617 0.946308 0.264648 0.185639 0.120338 0.244597 -0.962129
-9.677147 -31.389469 1525.224699 1925.677858 -0.298935 0.928480 0.220368 0.942868 0.251782 0.218187 0.147097 0.273002 -0.950701
2.079026 -77.879887 -739.634731 3003.548001 -0.548543 0.830415 0.097523 0.392287 0.152603 0.907096 -0.738384 -0.535838 0.409471
0.836551 -79.635037 -984.633731 5405.151562 -0.563358 0.823115 0.071479 0.332935 0.146984 0.931424 -0.756163 -0.548523 0.356848
2.952267 -89.820384 -1392.504388 12119.286362 -0.569829 0.820301 0.049002 0.247910 0.114749 0.961963 -0.783476 -0.560303 0.268748
3.400323 -86.316720 -1559.104182 7321.976587 -0.558968 0.825319 0.080025 0.329378 0.132432 0.934865 -0.760963 -0.548918 0.345867
-2.239434 -105.882795 -3114.018825 -3154.214870 0.624114 0.771995 0.120435 -0.255736 0.056186 0.965113 -0.738296 0.633140 -0.232493
-7.553081 -102.031079 -2248.551583 -2582.330011 0.630377 0.765397 0.129584 -0.273586 0.062827 0.959793 -0.726482 0.640484 -0.249007
-6.397899 -97.951706 -2721.265801 -2064.660595 0.626881 0.769684 0.120860 -0.390999 0.176616 0.903286 -0.673899 0.613509 -0.411663
1.458786 -100.092544 -3141.982058 -2728.345241 0.630819 0.768787 0.105042 -0.371248 0.180166 0.910887 -0.681353 0.613601 -0.399063
-2.179173 -93.409807 -3091.657380 -3410.673344 0.630516 0.769902 0.098495 -0.482813 0.289676 0.826426 -0.607735 0.568629 -0.554364
-11.881122 -93.407081 -1660.110604 -2622.684839 0.645992 0.751799 0.132258 -0.450148 0.235255 0.861407 -0.616490 0.615998 -0.490394
-8.865216 -91.779188 -2424.986133 -2600.177262 0.635338 0.764009 0.112405 -0.507988 0.303853 0.805991 -0.581630 0.569177 -0.581157
-16.452906 -195.316338 614.041310 -33608.728334 0.828485 0.526031 0.192106 -0.464815 0.454595 0.759796 -0.312346 0.718773 -0.621132
-15.559430 -244.777821 3083.450659 -46794.224240 0.870623 0.469922 0.145565 -0.343801 0.369548 0.863270 -0.351876 0.801628 -0.483296
-12.163911 -189.010094 2276.070464 -39245.346152 0.850893 0.490782 0.187387 -0.473550 0.562124 0.678062 -0.227446 0.665695 -0.710717
-8.742176 -138.309901 1407.290057 -18083.176592 0.803731 0.537401 0.255376 -0.578042 0.603532 0.549195 -0.141011 0.589023 -0.795718
-11.622249 -139.766439 -186.986483 -15918.532638 0.792495 0.560517 0.240357 -0.567599 0.533680 0.626911 -0.223121 0.633250 -0.741088
-9.946417 -129.274689 171.018643 -5126.063920 0.811279 0.567924 0.138886 -0.581989 0.807136 0.099101 0.055818 0.161228 -0.985337
-9.465479 -140.924858 -1911.915977 -6444.139471 0.807844 0.582207 0.091776 -0.587308 0.782071 0.208409 -0.049562 0.222263 -0.973726
-9.638837 -137.101233 -455.065698 -5244.934925 0.798618 0.585685 0.138498 -0.597187 0.742625 0.303111 -0.074675 0.324779 -0.942837
-10.674937 -132.124810 1684.030701 -4123.947688 0.808252 0.563241 0.171722 -0.588167 0.786143 0.189837 0.028074 0.254438 -0.966682
-10.110037 -125.645696 -998.500448 -1365.874857 -0.822155 -0.547269 -0.156706 -0.551348 0.834034 -0.020087 0.141691 0.069885 -0.987441
106.235302 -131.023969 41483.986484 -42697.766434 0.735848 0.664351 0.131015 0.327152 -0.179393 -0.927788 0.592874 -0.725572 0.349350
617.707496 -62.239936 276130.479306 -12079.580820 0.691716 0.669981 0.269546 0.453274 -0.112217 -0.884279 0.562202 -0.733848 0.381307
57.282022 -125.227051 19656.471609 -40459.979362 0.720753 0.688463 0.080834 0.303282 -0.208331 -0.929849 0.623326 -0.694706 0.358953
67.959226 -273.475852 23033.887248 -87579.674340 0.745048 0.661619 0.084643 0.196188 -0.096084 -0.975847 0.637506 -0.743659 0.201389
4.101799 -200.559499 -2559.702871 -2317.099007 0.795368 0.602208 0.068818 -0.429851 0.480362 0.764513 -0.427338 0.637650 -0.640924
3.890714 -205.157083 -3247.290654 -4384.759742 0.803530 0.592665 0.055574 -0.458863 0.557229 0.692055 -0.379189 0.581588 -0.719702
5.260723 -232.909005 -4579.029520 -23259.000280 0.778283 0.621676 0.088286 -0.344334 0.304977 0.887932 -0.525081 0.721462 -0.451422
0.412685 -189.625504 -1233.873788 -2889.391953 0.808882 0.584669 0.062234 -0.524753 0.670110 0.524964 -0.265226 0.457291 -0.848846
14.768304 -209.018210 1991.976700 32877.191107 0.659790 0.659672 0.359874 -0.623002 0.212421 0.752826 -0.420174 0.720909 -0.551130
6.636744 -177.675290 4331.625502 -22345.585245 0.638260 0.659000 0.397924 0.671790 -0.224380 -0.705940 -0.375928 0.717895 -0.585923
6.880584 -145.697762 4119.275149 7637.674773 0.707102 0.635316 0.310452 -0.480099 0.109013 0.870414 -0.519145 0.764519 -0.382098
8.905833 -162.248781 362.128154 11575.649764 0.707936 0.652572 0.270142 -0.410683 0.069169 0.909151 -0.574601 0.754563 -0.316967
5.448449 -195.256165 -1214.505737 19926.497211 0.701235 0.663331 0.261269 -0.426958 0.097252 0.899026 -0.570943 0.741980 -0.351411
14.295955 -304.380810 -2950.186504 73234.783628 0.657283 0.693181 0.295769 -0.616882 0.269397 0.739515 -0.432938 0.668525 -0.604680
20.844899 -22.091984 -1794.746100 4203.063257 0.811103 -0.423574 0.403358 0.196952 -0.451556 -0.870234 -0.550747 -0.785291 0.282835
31.755655 -5.457373 10056.663742 -3625.978904 0.763504 -0.631551 -0.134923 -0.268252 -0.120097 -0.955833 -0.587454 -0.765976 0.261110
15.290591 -12.299549 -2619.710099 8917.118945 0.745457 -0.357199 0.562764 0.325263 -0.542005 -0.774877 -0.581806 -0.760684 0.287858
-22.346088 -56.890139 2544.970150 1234.549314 0.258108 0.729422 0.633501 -0.266649 0.684035 -0.678966 0.928589 -0.006324 -0.371055
-18.870908 -55.801207 -2451.489144 738.251591 -0.230613 -0.672880 -0.702887 -0.176429 0.739300 -0.649853 0.956917 -0.025855 -0.289208
-14.741550 -55.576526 141.413444 -804.090580 0.260938 0.764491 0.589461 -0.136439 0.633692 -0.761458 0.955665 -0.118268 -0.269661
-23.054447 -56.659517 -1031.790250 1688.449978 0.289197 0.811937 0.507073 -0.352351 0.582806 -0.732247 0.890064 -0.033095 -0.454633
-25.001976 -54.269680 2157.632006 1631.565098 0.247859 0.782701 0.570917 -0.417218 0.618095 -0.666249 0.874354 0.073061 -0.479757
-15.684538 -56.337467 -2687.179831 818.141520 0.294397 0.830610 0.472670 -0.253642 0.544760 -0.799314 0.921410 -0.115427 -0.371053
5.799053 -49.653185 -216.093595 -652.544941 -0.551278 0.821372 0.146425 0.827040 0.561121 -0.033880 0.109990 -0.102422 0.988641
6.438796 -50.922671 -856.117730 -149.658338 -0.544649 0.825742 0.146654 0.827376 0.557633 -0.067039 0.137136 -0.084825 0.986914
5.563258 -50.473183 -208.437905 273.277669 -0.529004 0.835950 0.146089 0.823084 0.547339 -0.151503 0.206609 -0.040097 0.977602
-12.703879 -28.754800 1710.437135 -361.472300 -0.217709 0.947260 0.235162 0.944802 0.144093 0.294255 0.244851 0.286243 -0.926344
-16.049726 -31.121245 651.319633 402.125974 -0.115932 0.968814 0.218998 -0.960533 -0.053224 -0.273026 0.252855 0.242007 -0.936748
-13.216743 -30.767490 1520.059243 525.254335 -0.248484 0.944922 0.213022 0.950626 0.195683 0.240868 0.185917 0.262356 -0.946892
-1.155688 -163.936322 -3396.567568 8627.439430 -0.320293 0.939075 -0.124704 -0.222552 -0.202546 -0.953649 0.920806 0.277694 -0.273867
-1.359286 -150.413595 -1555.198158 3054.367117 -0.338110 0.930760 -0.139168 -0.271393 -0.238026 -0.932572 0.901126 0.277543 -0.333080
-0.623073 -156.458066 -840.150723 -1692.498305 -0.343934 0.933415 -0.102202 -0.033694 -0.121041 -0.992076 0.938389 0.337765 -0.073081
-1.701742 -182.645954 -1902.800040 4625.455266 -0.331168 0.940772 -0.072636 0.027805 -0.067216 -0.997351 0.943162 0.332311 0.003898
42.316781 -184.337970 17894.688612 47283.890625 0.663373 0.406184 0.628451 0.715043 -0.096538 -0.692383 -0.220565 0.908678 -0.354480
23.794010 -109.605733 6378.177879 14826.654577 0.583914 0.411745 0.699650 0.803389 -0.169229 -0.570901 -0.116665 0.895448 -0.429607
16.147297 -181.468335 10270.785381 -43012.314877 0.720946 0.386884 0.574941 -0.635462 0.038111 0.771191 -0.276450 0.921341 -0.273326
44.011837 -261.779692 21725.786074 -57094.223949 0.731486 0.395836 0.555195 -0.530643 -0.180848 0.828077 -0.428189 0.900338 -0.077760
76.164027 -215.084409 26863.364960 45006.699438 0.637139 0.449246 0.626284 0.717778 -0.049811 -0.694488 -0.280800 0.892018 -0.354196
19.420692 -89.808352 4309.811782 -5132.576271 0.783704 -0.618056 -0.061766 -0.292340 -0.279288 -0.914623 -0.548038 -0.734851 0.399561
21.340841 -95.941158 4601.601765 -4512.564676 0.770085 -0.629998 -0.100352 -0.220690 -0.115493 -0.968482 -0.598552 -0.767960 0.227974
24.525978 -86.942474 -97.758587 -2274.802940 0.717759 -0.692517 -0.072405 -0.273181 -0.184429 -0.944118 -0.640464 -0.697428 0.321558
22.248672 -81.017297 -2326.309042 -2284.737459 0.720162 -0.693367 -0.024684 -0.338452 -0.320029 -0.884891 -0.605654 -0.645619 0.465144
16.230219 -79.712586 2378.952891 -5562.674972 0.779183 -0.626039 -0.030806 -0.373667 -0.424491 -0.824730 -0.503237 -0.654127 0.564687
-6.398479 -36.684589 -89.759573 -139.436540 -0.283295 0.930742 -0.231223 -0.842347 -0.126227 0.523945 -0.458471 -0.343201 -0.819767
-6.037660 -35.795825 -948.502310 -89.114058 -0.281282 0.926509 -0.249922 -0.863839 -0.131045 0.486425 -0.417926 -0.352715 -0.837216
-7.693070 -39.459543 -80.257691 -3899.440816 -0.324430 0.919651 -0.221330 -0.838229 -0.171093 0.517783 -0.438312 -0.353510 -0.826386
-6.676473 -38.884220 798.688588 -2442.423082 -0.305944 0.927568 -0.214512 -0.826783 -0.147141 0.542936 -0.472047 -0.343463 -0.811914
-52.911314 -80.955804 1355.587752 5839.802775 -0.107124 0.990806 0.082629 0.935533 0.128586 -0.329005 0.336605 -0.042057 0.940706
-40.662446 -92.754436 -753.737371 18841.863479 -0.148942 0.967493 0.204384 0.876156 0.224942 -0.426323 0.458440 -0.115575 0.881179
-34.197560 -64.744291 -2562.604911 12981.598465 0.014252 0.984222 0.176360 0.816785 0.090280 -0.569835 0.576766 -0.152170 0.802611
108.078625 -66.031067 -12771.586193 -4594.662075 0.141622 0.941522 0.305745 -0.037654 0.313758 -0.948756 0.989204 -0.122853 -0.079887
12.883721 -8.285529 -252.542416 -330.135003 -0.377148 0.877586 -0.295977 0.569163 0.471728 0.673443 -0.730625 -0.085529 0.677401
9.204957 -12.861683 -2145.355610 -2501.617620 -0.525470 0.745496 -0.410021 0.476712 0.657144 0.583873 -0.704718 -0.111345 0.700696
47.815408 -46.789456 -815.344565 4794.916264 0.222589 -0.281767 -0.933307 0.164119 0.954491 -0.249021 0.960999 -0.097744 0.258703
40.081936 -42.491350 10647.003134 2498.313010 0.133619 -0.184925 -0.973627 0.121997 0.978033 -0.169019 0.983495 -0.096196 0.153245
32.389028 -41.460724 4489.915235 -256.262641 0.141376 0.008201 -0.989922 0.102819 0.994436 0.022922 0.984602 -0.105023 0.139746
119.342946 -54.343754 17825.598447 3229.756074 -0.375677 0.599514 0.706717 0.776440 -0.212730 0.593201 0.505972 0.771575 -0.385569
62.238187 -37.812535 20878.896622 5664.104867 -0.379911 0.298008 0.875705 0.871872 -0.200920 0.446622 0.309043 0.933179 -0.183493
102.036848 -54.192403 21987.096954 6202.464272 -0.324739 0.458530 0.827221 0.866525 -0.206283 0.454512 0.379049 0.864406 -0.330340
29.996043 -23.402525 17856.240333 4782.996396 -0.449547 0.238859 0.860729 0.840504 -0.213126 0.498128 0.302426 0.947377 -0.104952
-0.422964 -33.735504 -4406.159123 2019.717237 -0.014330 0.845903 0.533145 -0.323965 0.500509 -0.802830 0.945960 0.184225 -0.266871
-0.232633 -37.691899 -6533.229435 1419.410714 0.000659 0.850068 0.526673 -0.241705 0.511193 -0.824779 0.970350 0.126756 -0.205802
13.382749 -32.550953 -8021.541534 1667.831460 -0.000493 0.842110 0.539305 -0.303835 0.513683 -0.802380 0.952724 0.164256 -0.255609
-8.441387 -38.298637 -1223.410862 1131.265101 -0.050156 0.869789 0.490868 -0.249700 0.464957 -0.849391 0.967023 0.165172 -0.193866
5.736806 -29.181978 -3790.684841 2314.134923 -0.003237 0.823063 0.567941 -0.383563 0.523483 -0.760819 0.923509 0.220304 -0.314002
-3.925370 -31.425206 -1580.722595 2938.148644 -0.034435 0.834334 0.550183 -0.399813 0.493038 -0.772699 0.915950 0.246578 -0.316600
-7.475950 -36.495548 -275.939176 2228.629822 -0.072207 0.867902 0.491459 -0.308422 0.449165 -0.838526 0.948505 0.212124 -0.235247
-0.443592 -68.762093 148.175060 -2367.740035 0.427703 0.889915 -0.158500 0.538020 -0.109724 0.835761 -0.726364 0.442733 0.525721
-0.481276 -70.920236 184.823067 -4101.196228 0.425580 0.890835 -0.159044 0.532628 -0.104508 0.839872 -0.731566 0.442144 0.518960
-1.948797 -70.594024 -204.704101 -5609.154741 0.425082 0.893544 -0.144512 0.573367 -0.142274 0.806851 -0.700397 0.425836 0.572807
