10440
20861
-47.360466 -66.503894 -1951.910472 4248.552876 -0.245306 -0.942564 0.226713 0.954773 -0.275427 -0.112019 0.168028 0.188981 0.967498
-45.568373 -70.841875 -1225.750628 7894.523579 -0.095164 0.991029 -0.093833 0.978423 0.075754 -0.192222 0.183389 0.110101 0.976855
-38.370738 -55.858297 -1763.183732 6597.257177 0.117916 0.985626 -0.120988 0.937616 -0.150636 -0.313345 0.327066 0.076492 0.941901
-27.536633 -74.698760 -7064.175637 11833.701337 -0.179850 0.982243 0.053418 0.945489 0.187597 -0.266192 0.271486 -0.002631 0.962439
-38.418325 -56.401489 1706.133701 3955.681764 0.550250 0.762615 -0.340063 0.779887 -0.614887 -0.117007 0.298332 0.200828 0.933095
-24.671888 -59.721115 -5320.467626 9473.379682 -0.047254 0.997414 0.054149 0.910941 0.065271 -0.407341 0.409822 -0.030078 0.911669
-27.947853 -41.904678 -1754.346579 3710.984710 0.465509 0.855445 -0.226968 0.770627 -0.517889 -0.371383 0.435242 0.002026 0.900311
-33.063538 -46.834700 1206.428298 -4229.134947 0.640111 0.677679 -0.361953 -0.657387 0.726948 0.198470 0.397619 0.110900 0.910824
-41.869470 -70.441982 597.679423 1106.777697 -0.679774 -0.057565 0.731159 0.694803 -0.369773 0.616860 0.234854 0.927337 0.291358
-42.012057 -70.631180 195.883718 -109.422202 -0.638922 -0.035958 0.768430 0.760671 -0.178482 0.624119 0.114709 0.983286 0.141388
-44.911016 -71.913163 -1458.047892 224.580408 -0.666951 -0.122975 0.734883 0.742224 -0.196251 0.640772 0.065422 0.972812 0.222164
0.001987 -144.040494 -1363.334822 -7897.292308 0.275375 -0.471388 0.837832 0.597728 0.766539 0.234818 -0.752921 0.436133 0.492847
-2.017044 -162.133396 -2541.559292 -8134.277977 0.267904 -0.444886 0.854578 0.746225 0.656871 0.108025 -0.609407 0.608767 0.507963
1.332946 -153.622718 -1240.485249 -5871.584847 0.270556 -0.480057 0.834472 0.784676 0.612151 0.097749 -0.557748 0.628344 0.542311
3.078736 -143.259715 -369.148483 -7010.557345 0.262329 -0.483450 0.835141 0.607094 0.755400 0.246593 -0.750081 0.442320 0.491662
-0.963457 -125.583232 -740.408073 -8090.822649 0.261388 -0.472118 0.841891 0.332532 0.862866 0.380637 -0.906145 0.180462 0.382538
29.815036 -49.264143 -2242.733363 -184.372635 -0.085038 0.994650 0.058649 0.152304 0.071147 -0.985770 0.984669 0.074896 0.157539
26.751256 -48.313515 1529.785968 155.342551 -0.217886 0.974849 0.046846 0.086616 0.067124 -0.993978 0.972123 0.212516 0.099062
28.866950 -48.429596 -2148.703809 503.141861 -0.081612 0.994730 0.062063 0.009840 0.063072 -0.997960 0.996616 0.080835 0.014936
-9.216220 -54.846898 264.266830 -860.461050 0.120588 0.975992 0.181376 0.834971 -0.198541 0.513229 -0.536918 -0.089554 0.838868
-7.498285 -51.901073 427.611036 -1399.371729 0.101527 0.984920 0.140092 0.781773 -0.166076 0.601041 -0.615243 -0.048498 0.786844
-7.379342 -52.984619 286.195774 -576.610780 0.090886 0.984313 0.151219 0.737523 -0.168564 0.653947 -0.669178 -0.052093 0.741274
-8.480223 -58.669248 -1150.027150 -2401.204308 0.099111 0.969785 0.222920 0.805276 -0.209770 0.554551 -0.584557 -0.124550 0.801735
-5.216460 -101.639019 -793.094087 -10599.975564 0.058187 0.997974 0.025743 -0.994603 0.060171 -0.084527 0.085905 0.020686 -0.996089
-0.046522 -79.715585 -1451.267320 -10841.498086 0.079629 0.996816 0.004150 -0.935544 0.076170 -0.344898 0.344116 -0.023582 -0.938631
5.844762 -90.355302 -3869.433701 -10202.711528 -0.005633 0.999585 -0.028237 -0.973853 -0.011897 -0.226868 0.227110 -0.026220 -0.973516
-4.488561 -108.933434 -2077.282825 -8027.214032 0.020217 0.999795 0.001331 -0.996578 0.020045 0.080196 -0.080153 0.002947 -0.996778
-12.143937 -119.190209 231.409539 -5405.724113 0.056462 0.996688 0.058526 -0.971711 0.041394 0.232517 -0.229324 0.069999 -0.970830
-9.547321 -104.105479 821.134137 4688.850126 0.106627 0.991896 0.069087 0.991922 -0.101313 -0.076337 -0.068719 0.076669 -0.994686
-9.301825 -110.289006 538.759361 204.391936 0.132214 0.986833 0.093169 -0.645635 0.014417 0.763510 -0.752114 0.161100 -0.639040
-11.920801 -112.836868 701.390804 -1873.085480 0.143780 0.987726 0.061037 -0.791162 0.077679 0.606654 -0.594466 0.135515 -0.792619
-9.106224 -117.748875 342.043943 1061.454748 0.123156 0.990675 0.058275 -0.571743 0.022834 0.820115 -0.811137 0.134320 -0.569223
-7.511241 -109.245792 688.438854 3077.630413 0.120205 0.987454 0.102400 -0.403016 -0.045727 0.914050 -0.907264 0.151142 -0.392463
-5.973578 -108.894009 -15.222314 2571.061684 0.104690 0.986782 0.123698 -0.462968 -0.061725 0.884223 -0.880171 0.149837 -0.450386
-7.925584 -109.349868 344.197883 -2108.512611 0.123572 0.981554 0.145881 -0.706741 -0.016145 0.707288 -0.696597 0.190501 -0.691709
-0.688967 -80.683053 365.522859 -3900.999053 0.027562 0.975122 0.219950 0.401211 -0.212324 0.891037 -0.915571 -0.063687 0.397082
-3.630170 -77.431889 1471.081513 -5686.788766 0.027425 0.980500 0.194595 0.280811 -0.194386 0.939872 -0.959371 -0.028868 0.280666
-3.364844 -84.507305 1286.913656 -4747.349401 0.023759 0.979554 0.199775 0.429413 -0.190457 0.882797 -0.902796 -0.064812 0.425158
-3.175374 -94.443509 1353.348073 -3210.033185 0.050555 0.969874 0.238304 0.571460 -0.223780 0.789529 -0.819071 -0.096267 0.565557
82.042346 -53.988908 21248.968147 -1805.521393 0.270692 0.961859 0.039402 -0.941412 0.255940 0.219634 -0.201172 0.096547 -0.974786
35.703877 -52.015249 13011.689680 -1274.701148 0.254611 0.965562 0.053515 -0.962106 0.247338 0.114791 -0.097601 0.080714 -0.991947
11.724109 -57.103329 6151.824821 -2219.673029 0.208774 0.976031 0.061465 -0.954306 0.189580 0.230996 -0.213806 0.106882 -0.971011
64.274517 -52.433174 19041.546946 -2998.605423 0.288682 0.956297 0.046455 -0.912467 0.260108 0.315829 -0.289943 0.133562 -0.947678
-5.234673 -124.637649 -287.263778 89.018262 0.273590 -0.401419 0.874078 -0.063139 0.899294 0.432762 -0.959772 -0.173588 0.220693
-4.430634 -133.788980 -422.978317 -8028.029995 0.291752 -0.443739 0.847335 0.199514 0.894622 0.399807 -0.935454 0.052410 0.349540
-4.101916 -115.680116 786.170725 -1341.308669 0.286961 -0.405295 0.867980 -0.037965 0.900565 0.433061 -0.957190 -0.157224 0.243040
-4.495677 -121.465894 1050.350669 4289.698876 0.270989 -0.346272 0.898143 -0.338723 0.839075 0.425699 -0.901017 -0.419582 0.110090
-4.547412 -101.286708 267.484818 1009.983721 0.264370 -0.387484 0.883156 -0.255447 0.854896 0.451552 -0.929976 -0.344976 0.127028
-4.367341 -35.472790 3462.389905 -1562.146552 0.227515 0.967638 -0.109147 0.876361 -0.154598 0.456169 -0.424533 0.199438 0.883174
-4.784147 -39.307097 1705.460180 -2861.466793 0.215579 0.971439 -0.099159 0.912835 -0.164423 0.373761 -0.346782 0.171091 0.922209
8.023827 -31.285428 5149.040298 -1492.789564 0.054603 0.978659 -0.198105 0.894828 0.040074 0.444608 -0.443059 0.201547 0.873543
5.316323 -243.497238 2627.561871 -8783.789267 0.210173 -0.085352 0.973931 0.052122 0.995743 0.076016 -0.976274 0.034787 0.213727
-0.625291 -552.248022 214.127156 142316.732957 0.214205 -0.003251 0.976783 -0.270452 0.960702 0.062506 -0.938601 -0.277562 0.204908
6.734408 -288.109606 79.500333 40969.493665 0.190369 -0.028080 0.981311 -0.203223 0.976812 0.067375 -0.960448 -0.212252 0.180248
6.110187 -289.598401 925.632817 -9594.331775 0.173907 -0.066980 0.982482 0.022790 0.997691 0.063983 -0.984498 0.011263 0.175031
33.226447 -1466.220975 -4555.505404 -543858.427874 0.095733 -0.292918 0.951333 0.409030 0.882882 0.230681 -0.907485 0.367040 0.204333
19.280632 -4.835913 -742.136346 -1112.448532 -0.899263 0.021705 -0.436869 -0.025821 0.994392 0.102554 0.436645 0.103504 -0.893660
22.854948 -0.282073 221.129469 -1635.751082 -0.918589 0.052205 -0.391750 0.011861 0.994433 0.104705 0.395035 0.091534 -0.914094
20.789374 0.234696 -2843.346900 -1486.869881 -0.863481 -0.011834 -0.504242 -0.055745 0.995839 0.072088 0.501291 0.090355 -0.860548
14.171096 -6.014749 -2722.707091 -977.557500 -0.847457 -0.084095 -0.524161 -0.131763 0.989797 0.054232 0.514252 0.115024 -0.849891
14.957509 -9.739717 -1714.772387 -1303.541511 -0.885398 0.012815 -0.464657 -0.046163 0.992254 0.115329 0.462536 0.123562 -0.877948
52.384459 -3366.056883 49685.213367 -2176300.378413 0.392111 -0.184721 0.901181 -0.215170 0.934041 0.285079 -0.894400 -0.305690 0.326501
26.696989 -7927.443566 -21240.233328 -13410139.286063 0.196483 0.273193 -0.941679 0.089640 0.951373 0.294709 0.976401 -0.142317 0.162440
5207.547557 -885.876348 26625843.266005 -597633.676088 0.803727 0.346999 0.483337 -0.180042 -0.632417 0.753414 -0.567105 0.692561 0.445816
-70.360343 -867.221819 -34827.830372 11276815.283133 -0.027245 0.177905 -0.983670 0.966432 -0.246802 -0.071404 -0.255475 -0.952596 -0.165209
2.311297 -102.330926 -1871.495118 -4478.294527 -0.162529 0.529786 -0.832413 0.047339 0.846845 0.529728 0.985567 0.046691 -0.162717
1.682334 -98.705934 550.247359 -2539.564729 -0.206899 0.499424 -0.841290 0.286701 0.853096 0.435924 0.935412 -0.151007 -0.319690
0.030315 -94.348027 -893.438320 -3300.468930 -0.174811 0.507903 -0.843490 0.308509 0.841796 0.442946 0.935020 -0.182793 -0.303848
-2.475069 -92.506316 -2650.704719 -3933.995316 -0.146125 0.525531 -0.838132 0.162742 0.848453 0.503629 0.975788 -0.062807 -0.209506
9.459009 -29.691683 -1588.579069 -3121.277797 0.816662 -0.230577 0.529053 -0.452945 -0.824169 0.339981 -0.357637 0.517282 0.777506
11.737891 -30.785383 1224.690576 -3481.399162 0.891745 -0.184778 0.413096 -0.358303 -0.845880 0.395102 -0.276424 0.500344 0.820516
16.298544 -39.774306 896.678292 -2613.738911 0.872747 -0.197380 0.446490 -0.361063 -0.876549 0.318268 -0.328551 0.438978 0.836273
-24.470203 -1871.535872 -2932.855126 571012.987524 0.443621 0.363156 -0.819340 0.893847 -0.245687 0.375067 -0.065093 -0.898752 -0.433598
-36.921819 -311.707808 1252.756455 79099.084414 0.562356 0.472122 -0.678864 0.822441 -0.404452 0.400012 -0.085714 -0.783275 -0.615738
-29.012883 -162.430876 962.348293 -38165.760336 0.770899 0.283736 -0.570270 -0.636948 0.338693 -0.692520 0.003346 -0.897096 -0.441823
-31.406065 -96.623435 -247.658742 -17346.441408 0.785920 0.220444 -0.577697 -0.618228 0.296990 -0.727730 -0.011146 -0.929086 -0.369695
-129.131653 -334.139741 9450.411454 86442.322420 0.600531 0.240639 -0.762532 0.799215 -0.210302 0.563053 -0.024869 -0.947558 -0.318615
-118.089204 -1832.946349 19716.791652 559585.785874 0.459658 0.281325 -0.842360 0.881729 -0.257940 0.394995 -0.106156 -0.924296 -0.366616
304.223659 -90.882059 7711.505987 9595.057191 0.880230 -0.387355 0.274136 -0.170519 -0.797276 -0.579029 -0.442852 -0.462934 0.767838
391.887548 -88.631871 -97371.518715 -1231.355519 0.510865 -0.468063 0.721065 0.215882 0.881750 0.419418 -0.832113 -0.058601 0.551501
165.162683 -71.168646 -6001.844999 4297.679351 0.828955 -0.400386 0.390544 0.330086 0.913896 0.236300 -0.451528 -0.066969 0.889740
145.519264 -80.942306 25627.823220 6393.975954 0.951426 -0.303418 0.052211 0.302021 0.952729 0.033028 -0.059764 -0.015655 0.998090
329.034731 -104.338530 85376.735748 -4670.790505 0.945486 -0.252073 -0.206193 -0.301617 -0.916573 -0.262529 0.122815 -0.310409 0.942636
82.610832 -63.086961 9615.745196 4411.200978 0.880057 -0.364885 0.303907 0.386807 0.922068 -0.013042 -0.275464 0.129031 0.952612
-18.693585 -21.835631 -3202.087416 1192.519095 -0.840293 -0.191600 -0.507145 -0.220113 0.975467 -0.003826 0.495437 0.108415 -0.861852
-15.699335 -18.813806 -2676.412447 1214.102703 -0.851459 -0.125838 -0.509100 -0.191619 0.978312 0.078663 0.488160 0.164532 -0.857105
-9.285286 -22.020122 -2256.737390 1122.511626 -0.849672 -0.049618 -0.524972 -0.097872 0.993104 0.064543 0.518149 0.106221 -0.848669
-14.517328 -24.985258 -3034.536993 864.147258 -0.845943 -0.140596 -0.514405 -0.135005 0.989658 -0.048475 0.515901 0.028440 -0.856176
-4.036710 -24.581266 -2538.643684 983.840121 -0.843619 0.034720 -0.535818 0.010731 0.998798 0.047824 0.536834 0.034596 -0.842978
-0.941988 -21.908355 -1730.047006 1130.078169 -0.845773 0.089782 -0.525934 0.028014 0.991853 0.124268 0.532806 0.090368 -0.841398
24.990240 -38.930324 5912.047001 2243.693437 0.201143 0.978759 0.039662 -0.057953 -0.028529 0.997912 -0.977846 0.203022 -0.050983
32.547848 -34.704909 6182.697806 1969.788280 0.181750 0.979110 0.091161 -0.015613 -0.089820 0.995836 -0.983221 0.182416 0.001037
28.274273 -40.018515 4727.822579 1987.901314 0.125498 0.989816 0.067194 -0.118499 -0.052289 0.991577 -0.984992 0.132403 -0.110730
21.734565 -44.168145 4714.384493 1772.460265 0.182300 0.983034 0.020266 -0.174485 0.012060 0.984586 -0.967637 0.183026 -0.173724
-15.715607 -81.713184 1446.935033 -866.263942 0.442702 0.778567 -0.444801 0.552142 0.154160 0.819374 -0.706509 0.608332 0.361632
-25.510318 -84.798072 3360.606398 -597.877177 0.399077 0.786377 -0.471539 0.599850 0.165041 0.782906 -0.693482 0.595293 0.405844
-16.829175 -83.767601 -1651.056733 -351.544843 -0.437826 -0.794532 0.420746 0.718289 -0.027671 0.695194 -0.540711 0.606591 0.582819
-10.188410 -79.002563 -1863.016691 254.103502 -0.499894 -0.739364 0.451051 0.643156 0.031887 0.765071 -0.580048 0.672551 0.459586
-8.529457 -82.488919 1476.292542 -534.843888 0.503313 0.741781 -0.443213 0.538405 0.131972 0.832288 -0.675867 0.657529 0.332955
-0.409387 -175.899493 346.628352 -8966.282881 -0.685472 0.728013 -0.011174 -0.461471 -0.446274 -0.766736 0.563181 0.520419 -0.641865
-1.239436 -152.091454 -724.537430 -8845.129293 -0.661666 0.749681 -0.013283 -0.387714 -0.357251 -0.849735 0.641775 0.557091 -0.527043
-1.963931 -167.838999 -231.799358 -3887.618366 -0.650205 0.758321 0.046717 -0.303085 -0.202506 -0.931198 0.696687 0.619629 -0.361507
-2.833753 -147.924544 -980.235303 -944.774239 -0.636757 0.769144 0.054390 -0.238071 -0.129021 -0.962640 0.733391 0.625916 -0.265266
-0.040498 -180.725996 545.843410 -9259.653681 -0.676109 0.736512 0.020652 -0.379518 -0.324094 -0.866562 0.631540 0.593728 -0.498642
-2.496340 -183.540235 113.101842 -5036.302588 -0.641727 0.762116 0.085819 -0.191488 -0.050866 -0.980176 0.742643 0.645439 -0.178578
-6.940573 -25.648666 -1161.573513 -2421.448812 0.038405 0.969416 -0.242400 -0.966434 -0.025633 -0.255631 0.254027 -0.244081 -0.935893
-9.417086 -26.904831 -957.689227 -2263.288497 -0.014073 0.971594 -0.236234 -0.968541 -0.071951 -0.238224 0.248454 -0.225449 -0.942042
-8.935111 -20.638351 -1195.971005 -2063.828858 -0.015390 0.966343 -0.256797 -0.950225 -0.094066 -0.297025 0.311184 -0.239444 -0.919691
-6.841447 -31.414333 -1108.097372 2559.595174 0.050266 0.969745 -0.238890 0.980354 -0.002228 0.197236 0.190736 -0.244111 -0.950805
-2.880365 -27.379921 -1487.108780 2328.646279 0.070884 0.967674 -0.242040 0.969387 -0.009641 0.245349 0.235084 -0.252022 -0.938734
-0.819175 -57.358977 -606.889689 1027.975685 -0.636668 -0.622551 0.455065 0.767807 -0.566563 0.299129 0.071600 0.539848 0.838712
0.001657 -53.071814 65.985567 495.825991 -0.664549 -0.607289 0.435403 0.729177 -0.654380 0.200219 0.163328 0.450540 0.877689
0.026134 -55.699015 110.192381 1050.187065 -0.644951 -0.624458 0.440557 0.761338 -0.575064 0.299445 0.066358 0.528540 0.846311
-1.389551 -57.744586 -98.675054 689.809224 -0.616189 -0.636737 0.463549 0.785099 -0.449726 0.425871 -0.062697 0.626349 0.777017
-6.119059 -77.268262 867.682899 478.451767 0.516003 0.730600 -0.447174 0.474860 0.190502 0.859195 -0.712916 0.655692 0.248634
-4.758388 -77.434410 233.559436 1149.935974 0.508593 0.731879 -0.453527 0.448860 0.224125 0.865039 -0.734751 0.643523 0.214523
-5.824762 -77.082392 931.004836 1053.271877 0.516793 0.731314 -0.445090 0.310274 0.324557 0.893528 -0.797906 0.599870 0.059179
-8.577980 -80.764170 858.106598 398.972290 0.493281 0.752475 -0.436412 0.366343 0.275328 0.888812 -0.788965 0.598311 0.139850
127.297842 -33.249435 49396.267382 1092.232383 0.716902 0.272338 0.641781 0.551775 0.341034 -0.761078 0.426140 -0.899738 -0.094219
67.994267 -44.160109 26549.411728 -995.635405 0.792009 0.272726 0.546207 0.425990 0.394011 -0.814425 0.437327 -0.877711 -0.195882
98.525777 -33.684942 24579.107872 -568.885448 0.753442 0.067163 0.654075 0.597205 0.346281 -0.723489 0.275086 -0.935723 -0.220793
8.476545 -164.707390 -5596.571112 5033.480990 0.893143 0.346786 -0.286418 0.429674 -0.469624 0.771255 -0.132951 0.811907 0.568446
-9.717994 -142.684787 -87.227137 1258.517059 0.896563 0.318636 -0.307646 0.442916 -0.645420 0.622301 0.000273 0.694193 0.719789
-5.718464 -135.031723 -134.267555 -3509.696376 0.894539 0.318039 -0.314088 0.432498 -0.438365 0.787897 -0.112897 0.840647 0.529685
7.136569 -146.728814 -7201.106548 6166.556246 0.906359 0.354805 -0.229404 0.421893 -0.730734 0.536689 -0.022786 0.583217 0.811997
-11.586895 -54.475284 176.007981 -1176.289012 0.962012 0.075030 -0.262495 0.061232 0.877699 0.475284 -0.266052 0.473302 -0.839763
-10.806249 -52.411328 -258.404321 -1037.707342 0.967223 0.049140 -0.249127 0.059399 0.910092 0.410126 -0.246883 0.411482 -0.877344
-11.782353 -53.023975 235.536231 1132.598453 0.960770 0.035958 -0.275005 0.065445 0.934166 0.350787 -0.269514 0.355023 -0.895165
-11.885365 -54.713295 63.327991 2425.613363 -0.952117 0.004013 0.305707 0.083821 0.965026 0.248391 -0.294019 0.262122 -0.919154
-13.935246 -56.959789 520.834381 1711.488440 0.947821 0.066713 -0.311744 0.045739 0.939287 0.340071 -0.315504 0.336586 -0.887224
-2.362418 -306.451616 -3522.590128 -48622.319863 0.029729 -0.462801 0.885964 0.837427 -0.472401 -0.274869 0.545740 0.750102 0.373518
1.996174 -380.191525 2682.836571 36654.598860 0.038580 0.408957 -0.911738 -0.729007 0.635546 0.254224 0.683418 0.654855 0.322652
-7.940066 -340.957917 -5343.387661 -34329.808562 -0.045566 -0.413120 0.909536 0.946577 -0.308821 -0.092848 0.319242 0.856715 0.405121
3.401162 -50.049492 566.566644 1306.895767 -0.481814 -0.450710 0.751476 -0.334903 0.887191 0.317382 -0.809750 -0.098752 -0.578405
5.502209 -50.887923 1010.304642 -843.756823 -0.473612 -0.464271 0.748428 -0.461393 0.854628 0.238176 -0.750206 -0.232516 -0.618973
4.166791 -52.239862 547.985659 902.633322 -0.476338 -0.498535 0.724268 -0.329101 0.864936 0.378917 -0.815349 -0.057865 -0.576071
0.020174 -31.306971 -572.797046 1470.656963 0.356501 0.756826 0.547834 0.047504 -0.600285 0.798374 -0.933087 0.258597 0.249955
2.775209 -32.949900 -1847.229621 1531.396066 0.345320 0.809435 0.474942 0.078267 -0.529148 0.844912 -0.935216 0.254593 0.246077
5.679403 -29.397099 -2147.701112 913.834931 0.348941 0.764486 0.542034 0.118419 -0.609722 0.783720 -0.929633 0.209285 0.303287
7.976311 -33.278818 -3677.547208 1343.323541 0.340044 0.845928 0.410823 0.128831 -0.474641 0.870700 -0.931543 0.243150 0.270380
16.227400 -29.033405 -3681.314393 -240.868507 0.344758 0.778701 0.524183 0.198286 -0.606231 0.770173 -0.917510 0.161585 0.363408
4.604858 -27.308682 -1815.423801 271.746758 0.348271 0.654748 0.670829 -0.118085 0.740575 -0.661517 -0.929926 0.151172 0.335237
16.175737 -31.167163 -4583.838361 1462.242499 0.340312 0.845368 0.411753 0.195718 -0.491980 0.848322 -0.919719 0.208107 0.332880
-566.777415 -1057.933449 207760.470165 285359.951928 -0.064775 0.996223 -0.057821 0.712697 0.005628 -0.701450 0.698475 0.086645 0.710370
-33.819728 -1075.208316 -14137.872322 211806.764918 0.170087 -0.963437 0.207025 0.964472 0.119659 -0.235531 0.202147 0.239731 0.949561
-320.277416 -2694.276118 -22256.012362 -253801.160021 -0.101152 -0.985049 0.139452 0.991877 -0.110718 -0.062622 0.077126 0.131985 0.988247
-61.017269 -97.536575 5332.651645 2952.598507 0.010819 0.871450 -0.490365 0.664151 0.360338 0.655027 -0.747520 0.332763 0.574876
-48.154342 -90.834141 5033.267987 2315.543272 0.214532 0.876402 -0.431156 0.742034 0.140796 0.655410 -0.635108 0.460538 0.620115
-58.449086 -96.059101 6863.911714 -1912.094349 0.105967 0.841213 -0.530219 0.550031 0.394632 0.736024 -0.828394 0.369631 0.420875
-53.028694 -77.962401 683.173338 3965.252086 0.119262 -0.980543 0.155925 0.992859 0.118191 -0.016156 -0.002587 0.156739 0.987637
-34.935162 -82.331365 -4935.746607 7414.732939 -0.210517 0.977479 -0.014708 0.974758 0.208740 -0.079207 0.074353 0.031011 0.996750
-48.510050 -59.398991 319.214958 -3480.412102 0.387495 -0.349243 -0.853157 -0.082124 0.908705 -0.409282 0.918206 0.228659 0.323437
-47.277951 -60.345650 -993.255296 -2416.623474 0.514574 -0.283283 -0.809299 -0.124048 0.909324 -0.397168 0.848425 0.304764 0.432774
-47.097570 -52.689369 447.309183 -3478.219916 0.439385 -0.358299 -0.823749 0.031742 0.922630 -0.384378 0.897738 0.142742 0.416763
-48.129259 -62.547985 -847.185309 -1476.472530 0.453342 -0.335639 -0.825729 -0.229726 0.851100 -0.472076 0.861224 0.403703 0.308734
-48.693503 -62.213052 709.709063 -1429.052937 0.327424 -0.370762 -0.869097 -0.254376 0.851251 -0.458983 0.909993 0.371359 0.184407
-47.648112 -58.546717 951.995653 -2955.893258 0.277020 -0.495481 -0.823261 -0.056289 0.846952 -0.528681 0.959214 0.192796 0.206733
-0.117697 -164.763731 -1879.870487 4186.349842 0.271978 -0.454302 0.848314 0.936377 0.328190 -0.124455 -0.221868 0.828191 0.514659
-5.424172 -137.098300 -1172.231015 -4328.828795 0.291056 -0.467115 0.834919 0.769171 0.633213 0.086130 -0.568914 0.617127 0.543591
-5.570678 -154.878124 -2798.999951 1161.203214 0.259954 -0.442985 0.858014 0.903165 0.425917 -0.053736 -0.341639 0.788897 0.510807
14.477764 -101.353940 -1503.372881 -10998.585728 0.781009 -0.623252 0.039777 0.161749 0.263387 0.951033 0.603210 0.736332 -0.306518
27.238090 -100.965986 -4076.364369 -10645.407436 0.756800 -0.652262 -0.042524 0.161097 0.123076 0.979234 0.633483 0.747935 -0.198221
28.417339 -105.743039 -1217.356124 -1973.957539 0.778427 -0.625585 0.051901 -0.067003 -0.000596 0.997753 0.624149 0.780155 0.042380
16.134803 -84.523494 -3470.753136 -8930.999453 0.762777 -0.645490 -0.038920 0.281120 0.276795 0.918889 0.582360 0.711848 -0.392593
14.088826 -101.144449 -1383.333581 -7871.446135 0.814671 -0.566148 0.125648 0.025657 0.251639 0.967481 0.579355 0.784955 -0.219529
7.612244 -77.913620 -1422.147303 -7583.171207 0.776114 -0.630292 0.019446 0.304808 0.401966 0.863432 0.552031 0.664195 -0.504090
4.770421 -84.516448 -1444.349965 -7559.218468 0.805367 -0.587048 0.082210 0.212632 0.415555 0.884365 0.553328 0.694758 -0.459499
-2.183831 -48.659226 1284.688005 100.158173 0.036187 0.997926 0.053237 0.326505 -0.062155 0.943150 -0.944503 0.016748 0.328077
-1.475418 -51.043233 698.663171 856.257053 0.022324 0.996105 0.085304 0.214839 -0.088111 0.972667 -0.976394 0.003387 0.215969
-3.010426 -49.686183 1090.393936 699.844752 0.036701 0.996033 0.081066 0.168907 -0.086137 0.981861 -0.984948 0.022343 0.171398
-0.383168 -49.597898 1341.861068 779.512722 0.039644 0.997140 0.064352 0.357638 -0.074296 0.930900 -0.933018 0.013890 0.359561
-3.415127 -47.274975 -12.669729 -376.920007 0.011200 0.997560 0.068905 0.234453 -0.069608 0.969632 -0.972063 -0.005295 0.234661
-4.273551 -48.243189 89.226581 -478.674770 0.007220 0.998108 0.061067 0.361812 -0.059538 0.930348 -0.932223 -0.015378 0.361557
-4.137370 -48.527239 1244.545561 -117.258736 0.035981 0.997589 0.059344 0.430255 -0.069061 0.900062 -0.901990 0.006852 0.431702
-1.814184 -47.719439 1285.617318 39.733178 0.042915 0.997499 0.056168 0.470350 -0.069771 0.879718 -0.881436 0.011334 0.472167
7.052955 -60.618792 -1145.117710 -4832.583743 0.055026 0.998477 0.003978 -0.869814 0.049891 -0.490851 0.490302 -0.023549 -0.871234
0.928583 -72.416520 -105.924306 -8079.960737 0.150756 0.987817 0.038603 -0.892233 0.152775 -0.424947 0.425667 -0.029620 -0.904395
7.255426 -61.306415 -823.200242 -1684.726221 0.146274 0.988680 0.033391 -0.830361 0.141057 -0.539077 0.537685 -0.051126 -0.841594
3.292993 -66.370320 -51.222899 -7007.331986 0.218330 0.973859 0.062700 -0.851649 0.221513 -0.475002 0.476473 -0.050309 -0.877748
-0.929508 -78.600481 237.156577 -9514.058193 0.219290 0.973592 0.063492 -0.923636 0.228123 -0.307989 0.314339 -0.008895 -0.949269
-10.779982 -111.371684 -126.000507 -2176.418871 0.134156 0.990933 0.007357 -0.758693 0.097933 0.644045 -0.637485 0.091984 -0.764952
-10.422660 -106.834596 -216.311510 -2609.945903 0.157995 0.987389 0.009985 -0.881876 0.136547 0.451275 -0.444221 0.080105 -0.892329
-13.397576 -109.436539 582.152705 -3700.402354 0.156519 0.985792 0.060956 -0.934192 0.127727 0.333124 -0.320605 0.109085 -0.940911
-1.549278 -68.566168 99.872133 -4186.772333 0.005907 0.979525 0.201234 0.175998 -0.199114 0.964043 -0.984373 -0.029722 0.173571
-3.347153 -61.552551 1257.294979 -4100.250523 0.027837 0.980391 0.195084 0.101606 -0.196924 0.975140 -0.994435 0.007324 0.105095
-0.302273 -67.899989 -1018.537844 -5330.521002 -0.005744 0.975384 0.220438 0.222084 -0.213692 0.951322 -0.975011 -0.054421 0.215390
-1.454262 -60.739660 -1160.405087 -3302.646913 -0.010426 0.977995 0.208366 0.090677 -0.206594 0.974216 -0.995826 -0.029052 0.086528
86.989504 -50.125594 23299.045399 1005.903168 0.250119 0.967435 -0.038851 -0.951805 0.253038 0.173315 -0.177502 0.006371 -0.984100
-5.390898 -122.860160 252.700649 -121.658313 0.297903 -0.468922 0.831484 0.208096 0.881985 0.422846 -0.931638 0.047061 0.360327
-5.540156 -131.388083 -245.013509 -6103.087609 0.293698 -0.482845 0.824986 0.426319 0.838626 0.339057 -0.855566 0.252126 0.452149
21.329501 -1641.736050 -1713.885419 618516.473787 0.153205 0.020039 0.987991 -0.566070 0.821284 0.071121 -0.809996 -0.570168 0.137168
2.773458 -424.391428 2969.007052 94442.638018 0.171333 0.071258 0.982633 -0.625101 0.778775 0.052519 -0.761508 -0.623243 0.177973
1.966076 -311.784571 2937.391147 61592.792765 0.193487 0.043272 0.980148 -0.351251 0.935862 0.028022 -0.916071 -0.349700 0.196276
24.578321 4.339190 -137.545390 -2046.174007 -0.906328 0.054976 -0.418983 0.012419 0.994538 0.103634 0.422392 0.088723 -0.902061
440.240889 -14242.727660 154792.096088 29722583.729935 0.266109 -0.215665 0.939507 -0.453610 0.831974 0.319463 -0.850543 -0.511183 0.123568
0.312757 -104.296576 956.010076 2532.636106 -0.229656 0.459407 -0.858023 0.465867 0.825921 0.317525 0.854532 -0.326803 -0.403701
2.983360 -100.765738 324.135730 -1838.557023 -0.203652 0.481915 -0.852223 0.255526 0.866458 0.428903 0.945110 -0.130418 -0.299598
17.331467 -25.217521 -331.223483 -10949.859832 0.865919 -0.219345 0.449524 0.148488 0.970931 0.187733 -0.477635 -0.095812 0.873318
11.962378 -8.766607 1451.507082 -10834.372075 0.865321 -0.012724 0.501056 -0.051111 0.992226 0.113465 -0.498605 -0.123793 0.857944
19.825775 -36.506719 -540.648296 -7991.503463 0.858590 -0.187062 0.477316 0.152668 0.982106 0.110273 -0.489403 -0.021808 0.871785
12.971501 -5.400201 -2819.187023 -8557.785229 0.795787 -0.482403 0.366074 0.369967 0.865862 0.336761 -0.479424 -0.132555 0.867515
18.951263 -33.051879 -458.077329 -7450.187157 0.860934 -0.308382 0.404590 0.255443 0.949842 0.180415 -0.439933 -0.051976 0.896525
-3.502860 -46.334794 -933.754311 1063.918914 0.018640 0.998492 0.051637 -0.536828 -0.033575 0.843023 -0.843486 0.043434 -0.535392
-1.712973 -45.925472 -819.031865 69.069211 0.008110 0.997688 0.067476 -0.441510 -0.056973 0.895446 -0.897220 0.037053 -0.440027
-3.846617 -45.340321 -876.150051 -245.802674 0.006084 0.995777 0.091603 -0.427294 -0.080232 0.900546 -0.904092 0.044620 -0.425001
-20.151127 -155.994101 2995.974830 -39581.581964 0.749518 0.367937 -0.550314 -0.661661 0.390408 -0.640145 0.020686 -0.843922 -0.536067
-6.474152 -258.942510 7100.973761 -63207.611084 0.715491 0.456654 -0.528716 -0.697047 0.517423 -0.496386 -0.046893 -0.723699 -0.688520
-23.440824 -393.466044 8661.766619 94292.459815 0.640785 0.547013 -0.538676 0.729011 -0.653537 0.203549 -0.240701 -0.523132 -0.817555
-5.551369 -49.206669 -2371.850212 10700.649966 -0.013625 0.918732 -0.394647 -0.606869 0.306081 0.733502 -0.794685 -0.249493 -0.553379
1.014661 -39.892153 -4889.399392 2938.817667 -0.162129 0.937885 -0.306734 -0.733127 0.093574 0.673623 -0.660483 -0.334089 -0.672418
-8.772555 -34.589298 2216.722921 66.617102 0.065719 0.914123 -0.400075 -0.661945 0.339957 0.668026 -0.746666 -0.220926 -0.627441
-8.528727 -47.858825 811.455909 5746.396194 0.193661 0.852487 -0.485553 -0.548147 0.504488 0.667104 -0.813653 -0.136962 -0.564987
1035.948979 -112.437086 -308083.445440 -11630.442937 0.522302 -0.550439 0.651319 0.114927 0.802246 0.585827 -0.844981 -0.231125 0.482275
-19.089986 -23.110980 1710.138788 -2694.330229 -0.189176 0.977297 0.095407 -0.882863 -0.126751 -0.452201 0.429842 0.169777 -0.886798
-15.783208 -21.077884 976.896044 -2463.396443 -0.175197 0.974028 0.143443 -0.885010 -0.091973 -0.456397 0.431350 0.206908 -0.878138
23.507376 -35.593349 3124.293269 2207.019495 0.191161 0.979736 0.059784 0.021344 -0.065041 0.997654 -0.981327 0.189437 0.033345
33.682139 -29.396057 6623.297963 2104.893764 0.186211 0.974782 0.122986 0.105652 -0.144315 0.983875 -0.976813 0.170215 0.129861
-39.484945 -90.062197 3549.895910 -825.605507 0.252470 0.838097 -0.483584 0.590597 0.262405 0.763112 -0.766456 0.478265 0.428728
-52.863194 -95.932347 4668.087339 -1118.704194 0.085087 0.791471 -0.605255 0.423213 0.521228 0.741088 -0.902026 0.319209 0.290611
-29.367058 -81.992889 3612.251705 -1713.209318 0.353343 0.797173 -0.489555 0.506187 0.277166 0.816673 -0.786717 0.536371 0.305584
-30.020889 -88.027930 -3833.222410 707.370056 -0.366912 -0.816975 0.444890 0.746462 0.026826 0.664887 -0.555131 0.576048 0.599998
-38.353925 -86.279843 2712.683769 -1655.879369 0.245377 0.805218 -0.539828 0.414790 0.416099 0.809204 -0.876208 0.422475 0.231895
-0.113275 -157.068639 -922.723039 -2486.994710 -0.680912 0.730089 -0.057692 -0.565056 -0.573839 -0.592807 0.465908 0.371050 -0.803276
-0.539667 -142.520549 -773.397673 -6876.863932 -0.674361 0.737136 -0.043221 -0.490710 -0.491121 -0.719725 0.551762 0.464145 -0.692913
-13.129957 -28.188288 -1022.594203 -943.073680 -0.201152 0.941480 -0.270469 -0.940420 -0.262878 -0.215650 0.274130 -0.210976 -0.938265
-10.759676 -33.291165 -1159.630306 2585.098080 0.022959 0.975005 -0.220994 0.981717 0.019793 0.189316 0.188958 -0.221301 -0.956724
-0.375976 -54.760169 -303.475187 552.826649 -0.656033 -0.607767 0.447481 0.729403 -0.662869 0.169041 0.193884 0.437291 0.878172
65.292170 -45.093534 16012.118257 -3021.152768 0.811581 0.104079 0.574894 0.480795 0.440057 -0.758410 0.331921 -0.891918 -0.307101
-10.593647 -60.044184 -283.139091 -4302.933915 0.969155 0.071611 -0.235820 0.066318 0.845785 0.529387 -0.237363 0.528697 -0.814947
-11.190733 -55.128266 -462.663298 -3428.001979 0.975734 0.051397 -0.212840 0.055504 0.882251 0.467497 -0.211806 0.467966 -0.857989
163.397866 -3547.534952 13512.881531 -1156809.366958 0.789251 0.056229 -0.611490 -0.581907 -0.249565 -0.774017 0.196129 -0.966724 0.164249
45.365667 -1611.678947 17898.209450 581840.983454 0.576404 0.176096 -0.797965 0.705021 -0.600893 0.376661 -0.413163 -0.779691 -0.470509
20.688955 -333.589119 -34030.135395 -99789.575946 0.707744 -0.228991 -0.668327 -0.682785 0.021181 -0.730312 -0.181391 -0.973198 0.141362
-30.231450 -1251.422897 3377.160213 364351.333853 0.455164 0.163751 -0.875221 0.890226 -0.063847 0.451022 0.017974 -0.984433 -0.174836
0.960114 -34.618393 -595.972088 1705.681906 0.351387 0.824630 0.443297 0.014640 -0.478274 0.878089 -0.936116 0.302059 0.180132
-21.040923 -2241.376798 4266.615459 594071.246406 -0.128580 0.974189 -0.185533 0.577026 -0.078662 -0.812929 0.806541 0.211584 0.552018
-46.246380 -420.795435 9237.834328 39947.225202 -0.252223 0.907227 -0.336634 0.864244 0.054711 -0.500088 0.435276 0.417068 0.797865
-52.527605 -74.237804 -2161.691299 2897.092516 -0.242409 -0.924397 0.294495 0.969804 -0.239266 0.047240 0.026794 0.297054 0.954485
-42.600812 -78.266551 -3634.025618 -2334.767938 -0.099459 0.994956 -0.013051 0.974208 0.100038 0.202266 -0.202551 -0.007403 0.979244
-60.000689 -81.033372 840.658119 1985.119814 -0.209827 0.960653 -0.181984 0.956071 0.240559 0.167508 -0.204695 0.138842 0.968929
-57.120025 -78.918822 -1479.951005 1711.776990 -0.015421 -0.963211 0.268302 0.986992 0.028282 0.158262 -0.160028 0.267253 0.950246
4.856069 -143.557123 -541.127126 -1995.237070 0.259877 -0.477071 0.839564 0.783844 0.611994 0.105128 -0.563961 0.630767 0.532992
0.763366 -134.603102 274.691667 -9147.528611 0.277988 -0.506743 0.816048 0.419041 0.828411 0.371673 -0.864366 0.238637 0.442634
4.636579 -145.990790 -101.762712 -2464.930739 0.259944 -0.501149 0.825396 0.701070 0.685750 0.195572 -0.664026 0.527822 0.529598
40.559960 -108.899387 -6619.264769 -3211.191698 0.761370 -0.644631 -0.069042 0.011163 -0.093443 0.995562 0.648222 0.758762 0.063948
46.171046 -106.836728 -9552.959294 -8635.992972 0.717239 -0.681972 -0.143118 0.171796 -0.025988 0.984790 0.675318 0.730917 -0.098520
29.633698 -92.057017 -6525.611534 -10401.806321 0.721424 -0.682076 -0.119662 0.322861 0.178420 0.929477 0.612624 0.709182 -0.348932
-2.772003 -52.044881 545.611612 693.819368 0.033172 0.991611 0.124928 0.039407 -0.126197 0.991222 -0.998672 0.027958 0.043262
-1.381104 -53.667655 -23.096602 1099.491892 0.022914 0.991158 0.130697 0.137117 -0.132612 0.981638 -0.990290 0.004573 0.138943
-2.325924 -52.681502 -685.401931 1605.223824 0.023590 0.994796 0.099120 0.285181 -0.101724 0.953060 -0.958183 -0.005784 0.286096
9.727232 -70.316080 -3393.007017 -4377.531100 0.011090 0.999781 -0.017730 -0.901848 0.002342 -0.432047 0.431911 -0.020781 -0.901677
-7.360686 -117.368649 -1419.005739 -984.493998 0.097674 0.995074 -0.016980 -0.661243 0.077638 0.746144 -0.743786 0.061651 -0.665569
-9.806084 -111.139067 -2343.709593 -2215.163570 0.114973 0.991826 -0.055340 -0.821091 0.126241 0.556662 -0.559098 0.018562 -0.828894
188.363224 -39.147428 45535.071126 -2093.595921 0.027219 0.996162 -0.083186 -0.948251 0.052066 0.313223 -0.316352 -0.070356 -0.946029
139.295808 -35.976107 15830.391647 3195.709908 0.064512 0.950490 -0.303985 -0.929894 0.167798 0.327324 -0.362126 -0.261557 -0.894680
-4.116799 -127.299911 177.016935 4658.280773 0.291056 -0.420894 0.859148 -0.036489 0.892489 0.449590 -0.956010 -0.162205 0.244406
-3.175617 -134.166506 129.502848 5352.796429 0.267036 -0.374242 0.888051 -0.306968 0.840481 0.446500 -0.913489 -0.391835 0.109558
-7.526496 -251.925390 -2480.689380 -30506.249217 0.040265 0.201814 -0.978596 -0.187381 0.963539 0.190999 0.981462 0.175680 0.076613
-3.489373 -319.881340 -2350.292275 -44502.222169 0.010698 0.244998 -0.969464 -0.551696 0.810049 0.198624 0.833977 0.532725 0.143830
-1.824838 -258.508026 -613.323224 -19857.640949 0.023120 0.161231 -0.986646 -0.247051 0.957223 0.150634 0.968727 0.240270 0.061963
-5.646590 -214.113743 -1023.239004 -18580.656304 -0.001655 0.220001 -0.975498 -0.398435 0.894580 0.202428 0.917195 0.389007 0.086176
-5.849296 -217.052988 -1682.404522 -6765.149841 0.028766 0.124145 -0.991847 0.162459 0.978484 0.127184 0.986296 -0.164793 0.007978
-8.682565 -190.449196 -965.615712 -17601.174067 0.018245 0.172747 -0.984797 0.135043 0.975510 0.173620 0.990672 -0.136158 -0.005530
-6.157109 -210.869484 812.430032 -24803.006241 -0.021338 0.187805 -0.981975 -0.171612 0.966932 0.188657 0.984934 0.172544 0.011597
3.409639 -31.566996 -4466.697254 -513.345728 0.138937 0.894686 0.424540 0.785080 0.161791 -0.597890 0.603610 -0.416367 0.679921
-3.034909 -33.852357 -5886.667304 -1117.136025 0.273573 0.912504 0.304130 0.684794 0.037259 -0.727783 0.675436 -0.407368 0.614684
-10.827497 -29.406822 -170.607308 66.649367 -0.057557 0.849957 0.523699 0.731415 0.392936 -0.557345 0.679499 -0.350962 0.644288
-6.706070 -31.163936 -831.659422 421.189948 -0.162391 0.780568 0.603608 0.751442 0.494295 -0.437044 0.639503 -0.382604 0.666821
9.683021 -31.082195 -4665.336863 91.176010 0.070845 0.865502 0.495870 0.836186 0.219509 -0.502602 0.543851 -0.450246 0.708170
5.610870 -805.863950 -42.876371 161249.776970 0.038547 -0.180564 0.982808 0.824138 -0.550443 -0.133453 0.565076 0.815113 0.127592
5.710754 -484.251844 862.209241 14268.860920 0.073412 -0.185099 0.979974 0.997127 0.031990 -0.068655 -0.018641 0.982199 0.186915
8.339640 -933.593826 2645.803769 148259.767801 0.065296 -0.196976 0.978231 0.989207 -0.116086 -0.089404 0.131169 0.973511 0.187270
37.344204 -1584.183936 -3089.197825 575845.255336 -0.003121 -0.179806 0.983697 0.919260 -0.387740 -0.067957 0.393638 0.904062 0.166499
35.833232 -3346.244888 16903.073086 1395991.031460 0.014730 -0.189840 0.981704 0.791976 -0.597122 -0.127354 0.610374 0.779363 0.141553
1.996080 -459.970188 545.152537 -99301.040481 0.004391 0.141286 -0.989959 -0.588178 0.800979 0.111706 0.808719 0.581782 0.086619
6.902170 -966.101921 -892.096623 -239638.967698 -0.016954 0.146421 -0.989077 -0.472526 0.870606 0.136983 0.881153 0.469687 0.054428
2.744213 -2062.100444 2609.531587 -756297.665573 0.044802 0.116911 -0.992131 -0.615473 0.785492 0.064768 0.786884 0.607728 0.107147
0.085515 -100.913407 415.427078 3953.824692 -0.205044 0.475205 -0.855650 0.484129 0.809031 0.333300 0.850633 -0.345904 -0.395948
20.667976 1.334792 -8886.173366 615.344062 0.050247 0.990989 0.124163 0.874729 -0.103665 0.473394 -0.482000 -0.084822 0.872056
25.692198 -2.779856 -9078.371474 -2743.079411 0.346083 0.889934 0.297059 0.805242 -0.444240 0.392729 -0.481468 -0.103287 0.870356
0.137801 -47.227115 -702.379719 25.849995 0.019910 0.998598 0.049051 -0.488628 -0.033084 0.871865 -0.872265 0.041326 -0.487284
-6.139887 -2002.951669 1990.748167 704830.480804 0.560217 0.494406 -0.664620 -0.532400 -0.399765 -0.746149 0.634593 -0.771849 -0.039267
24.746171 -3381.522671 17285.696190 -1172191.529797 0.515896 0.500731 -0.695068 0.587560 0.383622 0.712465 0.623397 -0.775952 -0.096300
-32.073244 -539.641879 1604.455830 -133767.159150 0.561768 0.457762 -0.689109 0.802023 -0.097033 0.589359 0.202919 -0.883764 -0.421645
-20.723949 -401.869685 1355.394595 -93333.231840 0.501139 0.491974 -0.711914 0.833949 -0.054901 0.549104 0.231060 -0.868877 -0.437794
2.745273 -1744.580495 678.396403 -616808.523700 0.515046 0.556105 -0.652284 0.557941 0.360196 0.747637 0.650715 -0.749003 -0.124757
-24.378929 -812.765655 610.268226 190096.200995 0.486913 0.524322 -0.698572 0.093926 0.763715 0.638684 0.868386 -0.376598 0.322616
13.685934 -23.854664 -1699.952398 2403.777242 0.068805 0.996156 0.054213 0.993779 -0.063668 -0.091372 0.087569 -0.060163 0.994340
10.389786 -20.660558 -2050.012822 1245.947392 0.076594 0.993307 0.086455 0.987343 -0.063485 -0.145338 0.138877 -0.096493 0.985597
7.454608 -28.192108 2735.431994 3059.624121 -0.132640 -0.985820 -0.102785 0.988438 -0.123877 -0.087433 0.073460 -0.113193 0.990854
12.273288 -32.159221 2454.159131 3776.742939 -0.102297 -0.991664 -0.078339 0.994251 -0.099424 -0.039737 0.031617 -0.081954 0.996135
413.838128 -82.138993 8068.042920 12480.333958 0.861459 -0.422032 0.282448 -0.098477 -0.684463 -0.722366 -0.498187 -0.594475 0.631197
-17.264006 -29.261877 1118.937587 -2161.799601 -0.232808 0.967297 0.100679 -0.905291 -0.177727 -0.385825 0.355314 0.180967 -0.917062
-14.957402 -28.255232 277.302317 -2276.321391 -0.217463 0.966350 0.137395 -0.907322 -0.148241 -0.393436 0.359829 0.210219 -0.909027
-12.972214 -22.019170 774.925308 -2267.088323 -0.115141 0.968078 0.222638 -0.903462 -0.008892 -0.428576 0.412915 0.250491 -0.875646
-12.475323 -15.786942 1256.236669 -2039.912109 0.033258 0.955746 0.292306 -0.885059 0.164029 -0.435620 0.464288 0.244220 -0.851348
-57.368756 -80.070783 1891.477193 9676.747624 0.773879 -0.089201 0.627020 0.292151 0.928684 -0.228461 -0.561925 0.359985 0.744749
-54.123163 -90.904314 3284.461569 2490.889115 0.810391 -0.133173 0.570553 0.145679 0.989042 0.023937 -0.567489 0.063719 0.820912
-51.801494 -82.273759 3015.745584 7802.741489 0.853202 -0.050667 0.519114 0.191954 0.955921 -0.222190 -0.484975 0.289218 0.825320
-43.866437 -74.954395 5202.206737 8426.832748 0.916571 0.004362 0.399848 0.137691 0.935347 -0.325833 -0.375418 0.353704 0.856712
-46.988795 -63.258523 3862.289918 -9881.350230 0.887551 0.043714 0.458630 -0.191692 -0.870185 0.453908 -0.418935 0.490783 0.763954
1.054388 -143.819920 -1560.223910 3858.095490 -0.690058 0.718774 -0.084757 -0.630574 -0.654560 -0.417046 0.355240 0.234341 -0.904925
-0.890463 -140.034422 -115.611402 -1497.500886 -0.695402 0.716731 -0.052084 -0.602070 -0.620654 -0.502295 0.392337 0.317939 -0.863126
-1.902693 -138.816326 633.899446 -1214.349729 -0.707701 0.705696 -0.033937 -0.589334 -0.616138 -0.522551 0.389672 0.349809 -0.851932
-11.943308 -24.018704 -666.051136 1058.548865 -0.480100 0.801163 -0.357271 -0.812419 -0.559711 -0.163397 0.330876 -0.211807 -0.919597
