11698
23383
-32.705840 -48.494727 152.071763 -2525.628887 0.061649 -0.266934 -0.961741 0.161151 0.953593 -0.254342 0.985002 -0.139306 0.101805
-27.226764 -49.728543 -750.167723 -4546.769023 0.201964 -0.088981 -0.975342 0.228814 0.972592 -0.041349 0.952289 -0.214821 0.216789
-25.335688 -38.558859 -252.243500 -2319.578799 0.040330 -0.460757 -0.886610 0.340878 0.840442 -0.421259 0.939242 -0.285236 0.190957
-17.548851 -44.558971 -2042.944450 -5073.585511 0.277768 -0.198511 -0.939914 0.366213 0.926414 -0.087435 0.888106 -0.319922 0.330025
-27.682393 -42.169912 203.663376 -1754.466500 -0.124642 -0.633076 -0.763989 0.223559 0.732274 -0.643269 0.966688 -0.250975 0.050258
-21.156131 -29.887670 -397.870331 -1868.272695 0.003268 -0.611388 -0.791324 0.487835 0.691752 -0.532443 0.872930 -0.384295 0.300518
-23.081569 -34.137583 206.040168 -1521.295172 0.202474 0.764436 0.612079 0.333524 0.533830 -0.777038 0.920742 -0.361473 0.146871
-39.593136 -52.620289 474.030069 -1788.021005 0.111171 0.828319 -0.549117 0.575168 -0.504226 -0.644157 0.810446 0.244223 0.532478
-35.675527 -41.483921 3828.640933 -1907.690156 -0.429171 0.897092 -0.105068 0.656475 0.229914 -0.718457 0.620365 0.377315 0.687591
-41.751077 -50.850697 143.912565 -2652.870603 0.276642 0.813466 -0.511607 0.641188 -0.552799 -0.532251 0.715784 0.180793 0.674513
-42.079433 -55.221552 -336.939308 436.235020 0.264960 0.817970 -0.510610 0.465602 -0.572241 -0.675096 0.844400 0.058868 0.532469
-39.860482 -53.703739 546.716824 1885.339623 0.149912 0.795833 -0.586665 0.338070 -0.598865 -0.725995 0.929104 0.089499 0.358824
-35.365491 -53.213808 1710.923206 57.832950 -0.030865 0.774196 -0.632193 0.474135 -0.545464 -0.691133 0.879911 0.321077 0.350237
-2.610250 -26.793323 -81.456877 -786.818713 0.019809 0.934909 0.354334 0.631444 0.263078 -0.729430 0.775168 -0.238191 0.585131
-2.199841 -28.018603 74.976683 -1697.367422 -0.005305 0.936340 0.351055 0.718005 0.247914 -0.650390 0.696017 -0.248610 0.673612
-2.736720 -27.536145 -90.314226 -1732.011401 0.032200 0.933910 0.356056 0.715390 0.227244 -0.660740 0.697983 -0.275994 0.660792
5.911180 -37.817126 168.791555 2081.430125 0.112807 0.865761 0.487578 0.329193 -0.495561 0.803773 -0.937500 -0.069836 0.340905
6.025679 -36.727996 240.481619 1128.526887 0.111672 0.826597 0.551604 0.351153 -0.552090 0.756233 -0.929635 -0.109247 0.351915
3.067493 -44.896275 102.350291 3505.699072 0.098623 0.861564 0.497977 0.235976 -0.506392 0.829387 -0.966741 -0.035714 0.253250
4.740889 -43.898713 -284.180378 2260.310489 0.088391 0.885703 0.455761 0.244270 -0.462854 0.852114 -0.965670 -0.036010 0.257263
1.204849 -76.060823 194.193588 798.204238 0.126293 0.807036 0.576838 0.033227 -0.584609 0.810634 -0.991436 0.083211 0.100648
1.259875 -80.140439 -94.554648 508.128049 0.105813 0.782164 0.614023 -0.184453 -0.591334 0.785048 -0.977129 0.196327 -0.081702
0.955155 -78.240607 178.994496 1358.780412 0.129050 0.768603 0.626574 -0.257325 -0.584258 0.769693 -0.957669 0.260562 -0.122382
0.132509 -68.997371 489.492255 822.598844 0.142440 0.790126 0.596164 -0.012437 -0.600829 0.799281 -0.989725 0.121264 0.075756
0.413623 -69.342333 277.327060 -250.127304 0.127816 0.823387 0.552899 0.224406 -0.567023 0.792544 -0.966077 -0.022774 0.257247
6.905433 -13.542931 -3581.794144 1149.306999 -0.149743 0.705112 0.693104 -0.129867 0.680908 -0.720762 0.980159 0.197941 0.010390
5.848662 -16.306508 -3396.373113 1505.952895 -0.156107 0.771762 0.616453 -0.040481 0.618581 -0.784678 0.986910 0.147448 0.065323
21.160618 -12.152633 -4203.979302 1076.607603 -0.172051 0.758328 0.628758 -0.044897 0.631577 -0.774012 0.984064 0.161399 0.074617
22.511544 -9.929559 -3715.241097 837.902234 -0.198908 0.710251 0.675262 -0.129566 0.663924 -0.736490 0.971416 0.233985 0.040035
26.113984 -6.727060 -770.002370 817.672435 -0.361028 0.752361 0.551009 -0.015233 0.586023 -0.810151 0.932431 0.300880 0.200110
3.919830 -90.403450 295.210482 -45.742407 -0.657354 0.323296 -0.680710 0.704591 0.584058 -0.403023 0.267279 -0.744551 -0.611724
-0.068431 -95.623723 476.028959 7.292426 -0.654375 0.357605 -0.666268 0.745110 0.455085 -0.487553 0.128857 -0.815486 -0.564251
3.137778 -86.610644 135.284017 -1297.693014 -0.652288 0.314931 -0.689448 0.756044 0.335157 -0.562199 0.054019 -0.887969 -0.456720
6.624086 -84.431244 601.773369 -943.690817 -0.646697 0.329888 -0.687719 0.744119 0.470913 -0.473843 0.167541 -0.818178 -0.550014
8.962765 -82.077542 2037.003544 -1443.306339 -0.605475 0.331909 -0.723350 -0.146672 0.846783 0.511317 0.782232 0.415685 -0.464025
14.847040 -76.272314 1294.188170 -1251.523188 -0.558313 0.415453 -0.718112 -0.112737 0.819559 0.561794 0.821935 0.394615 -0.410734
18.337183 -74.276571 2400.498240 -186.415378 -0.595186 0.385074 -0.705316 -0.354210 0.662127 0.660397 0.721310 0.642889 -0.257692
8.529960 -76.976075 1379.657174 -334.063400 -0.608368 0.324709 -0.724191 -0.316555 0.737475 0.596593 0.727792 0.592194 -0.345868
5.011521 -79.005925 526.133234 -1264.725569 -0.590491 0.319840 -0.740961 -0.125090 0.870749 0.475552 0.797291 0.373496 -0.474160
5.732469 -78.996967 598.081505 362.145228 -0.595814 0.299349 -0.745249 -0.017433 0.922900 0.384645 0.802933 0.242169 -0.544658
-4.579478 -27.383732 228.193516 -454.603803 0.129284 0.884566 0.448140 0.597085 0.291376 -0.747388 0.791691 -0.364203 0.490491
-4.336752 -29.325177 -34.730444 -776.893561 0.167679 0.888400 0.427351 0.526883 0.285626 -0.800507 0.833233 -0.359392 0.420190
-4.381793 -28.801471 373.758957 -839.904220 0.147074 0.904364 0.400619 0.455635 0.297550 -0.838964 0.877933 -0.305926 0.368298
-4.666739 -32.492613 14.585173 -706.805701 0.180040 0.905182 0.385008 0.277117 0.328876 -0.902799 0.943818 -0.269232 0.191631
-4.538461 -31.379004 335.243286 -1206.927921 0.147601 0.913601 0.378877 0.359513 0.307309 -0.881086 0.921393 -0.266260 0.283092
-4.084381 -29.490512 263.976687 -851.935993 0.127681 0.904063 0.407881 0.390006 0.332353 -0.858741 0.911917 -0.268721 0.310155
-8.556654 -162.907491 644.778010 -5867.155578 0.797417 -0.265970 0.541651 0.584232 0.564902 -0.582717 0.150994 -0.781118 -0.605851
-7.765873 -168.443187 1213.925878 -16182.195374 0.791792 -0.246771 0.558722 0.609323 0.255741 -0.750548 -0.042325 -0.934720 -0.352857
-8.890665 -163.798403 399.990491 -16744.965220 0.807841 -0.280105 0.518589 0.579978 0.221080 -0.784059 -0.104970 -0.934165 -0.341052
-7.626524 -132.779758 788.638709 -13580.536581 0.775282 -0.281588 0.565372 0.579040 -0.040679 -0.814284 -0.252292 -0.958673 -0.131513
-10.295688 -166.194536 878.378881 -9204.956263 0.797912 -0.282456 0.532499 0.590075 0.546400 -0.594356 0.123078 -0.788458 -0.602649
-8.665727 -175.101948 508.060284 -20547.904437 0.802472 -0.315040 0.506743 0.575058 0.181732 -0.797673 -0.159207 -0.931517 -0.327001
-8.622963 -126.290834 504.569463 -10891.196270 0.784017 -0.318165 0.533000 0.531486 -0.099525 -0.841200 -0.320687 -0.942797 -0.091071
-19.238032 -128.410771 -598.725170 24520.224040 0.999736 -0.008548 -0.021321 0.012210 -0.588463 0.808432 0.019457 0.808479 0.588203
-11.843036 -258.919083 -3209.510812 45020.032685 0.995825 0.056791 0.071461 -0.046791 -0.354599 0.933847 -0.078375 0.933292 0.350462
-9.649801 -139.499020 -3427.027359 25705.834274 0.978417 0.097654 0.182108 -0.138046 -0.346879 0.927695 -0.153762 0.932812 0.325912
16.846014 2.607951 550.000447 -322.486903 -0.140543 0.885290 -0.443294 -0.555563 0.300087 0.775434 -0.819510 -0.355260 -0.449659
15.003909 2.447631 1867.587760 -474.991391 -0.106669 0.926293 -0.361390 -0.551738 0.247228 0.796532 -0.827168 -0.284358 -0.484700
13.374437 -4.717912 818.342513 -2558.558932 -0.168335 0.919396 -0.355491 -0.598786 0.191099 0.777777 -0.783019 -0.343790 -0.518353
8.075134 -13.861775 832.657566 -3548.969625 -0.219744 0.950981 -0.217598 -0.576252 0.053448 0.815522 -0.787176 -0.304597 -0.536260
8.516043 -17.030994 264.431311 -3767.170140 -0.183960 0.904787 -0.384083 -0.608687 0.201953 0.767278 -0.771790 -0.374935 -0.513580
11.228209 -11.010585 -252.625626 -4127.905360 -0.162973 0.855792 -0.490979 -0.647425 0.282747 0.707740 -0.744501 -0.433215 -0.507980
12.911635 -1.830472 -896.716896 -2151.699448 -0.172826 0.819736 -0.546044 -0.618440 0.341167 0.707910 -0.766592 -0.460041 -0.447995
-15.132159 -29.647187 84.792481 -489.889639 0.468533 0.137585 0.872667 -0.039861 0.990085 -0.134696 -0.882546 0.028324 0.469372
-15.599802 -28.729956 -94.404914 -369.412843 0.480342 0.212477 0.850955 -0.169399 0.974420 -0.147684 -0.860567 -0.073212 0.504048
-15.125263 -30.288988 22.427669 -198.715206 0.515047 0.171978 0.839732 -0.041141 0.983497 -0.176187 -0.856174 0.056197 0.513622
-14.569332 -30.245870 225.879635 -241.958934 0.495451 0.121158 0.860145 0.068302 0.981725 -0.177626 -0.865946 0.146754 0.478121
-14.420714 -30.537781 184.934463 131.975600 0.555650 0.198529 0.807366 0.020882 0.967434 -0.252261 -0.831154 0.157028 0.533409
-1.541133 -25.126615 337.938107 -58.987955 0.132882 0.765046 0.630116 0.952905 0.076247 -0.293528 -0.272607 0.639446 -0.718885
-0.405086 -26.631034 288.236911 -121.905428 0.123552 0.760384 0.637613 0.960941 0.068671 -0.268097 -0.247643 0.645833 -0.722200
-1.687747 -25.529265 279.150449 -324.879711 0.096088 0.764840 0.637014 0.975553 0.054712 -0.212845 -0.197644 0.641893 -0.740885
-2.982233 -24.770665 282.998521 137.873701 0.130485 0.772490 0.621477 0.943177 0.096494 -0.317971 -0.305598 0.627653 -0.716004
92.824763 -2465.534500 6745.638248 -472408.222643 0.811641 0.583054 -0.035881 0.430123 -0.554932 0.712071 -0.395264 0.593379 0.701190
-12.996817 -237.752269 -221.119391 -38565.915454 0.854418 0.519088 0.022761 0.285528 -0.505675 0.814105 -0.434101 0.689087 0.580272
-5.628598 -112.394408 -1745.147426 -18635.144859 0.873249 0.472558 0.118847 0.152479 -0.496661 0.854446 -0.462802 0.728023 0.505764
2.050111 -144.714850 -1001.483042 -26629.231646 0.883893 0.457660 0.096331 0.169669 -0.505726 0.845845 -0.435827 0.731292 0.524658
3.765191 -59.597956 -987.827241 -2001.448453 0.842596 0.538280 -0.016941 0.252414 -0.366938 0.895345 -0.475730 0.758690 0.445050
-25.130699 -38.327196 -289.309230 -78.180143 0.943854 0.311829 0.109096 -0.323931 0.808718 0.490963 -0.064869 0.498737 -0.864322
-26.160913 -37.264462 76.042620 368.544501 0.868235 0.379665 0.319411 -0.494412 0.715948 0.492925 0.041535 0.585895 -0.809322
-26.973437 -38.736339 -246.639523 55.099485 0.913701 0.354286 0.199078 -0.404633 0.838587 0.364751 0.037719 0.413827 -0.909574
-25.320470 -38.128108 -551.913070 -294.447138 0.953980 0.299379 0.017134 -0.287540 0.897046 0.335602 -0.085102 0.325084 -0.941848
19.905763 -33.022486 16932.790023 -111.861365 -0.652028 -0.434716 0.621193 0.664685 0.066427 0.744165 -0.364765 0.898114 0.245637
-13.544997 -29.258636 8063.840215 174.625905 -0.476714 -0.335681 0.812442 0.792802 0.235081 0.562319 -0.379749 0.912171 0.154062
38.117609 -34.458805 18956.911070 -519.083364 -0.611644 -0.441573 0.656434 0.647780 0.196805 0.735968 -0.454173 0.875375 0.165668
24.820884 -33.552256 -1352.580622 -988.476505 0.718504 0.027743 -0.694970 0.577693 0.532641 0.618518 -0.387329 0.845886 -0.366678
22.077469 -30.497194 1569.596303 -2036.349330 0.716861 -0.148109 -0.681303 0.588165 0.653195 0.476863 -0.374396 0.742563 -0.555363
21.049049 -33.579441 4355.147578 -911.292462 0.715048 -0.268906 -0.645288 0.663549 0.551587 0.505425 -0.220021 0.789583 -0.572843
14.314066 -30.870233 5709.785798 -1223.630284 0.684752 -0.349611 -0.639442 0.679691 0.622932 0.387268 -0.262936 0.699806 -0.664181
35.758832 -32.136745 -5069.885137 1109.640675 -0.696912 0.240010 0.675803 0.706620 0.390749 0.589918 -0.122483 0.888657 -0.441913
17.245978 -32.438437 -7226.436584 727.266790 -0.598380 0.423582 0.680089 0.798420 0.386059 0.462044 -0.066841 0.819474 -0.569206
3.905710 -31.497732 -4780.210460 -90.304604 -0.606921 0.407696 0.682225 0.768544 0.519728 0.373125 -0.202450 0.750777 -0.628766
3.033545 -26.625230 -98.073871 707.817520 0.284709 0.839367 0.463038 -0.039020 -0.472481 0.880477 -0.957820 0.268747 0.101768
1.851974 -27.366398 -113.114632 966.662279 0.283268 0.838319 0.465812 -0.102673 -0.456406 0.883828 -0.953529 0.298186 0.043212
3.036115 -25.235753 48.082515 288.332997 0.308043 0.864545 0.397079 -0.034832 -0.406846 0.912832 -0.950735 0.295022 0.095212
4.406476 -25.238182 46.303647 -232.471649 0.299173 0.857377 0.418808 0.005688 -0.440505 0.897732 -0.954182 0.266195 0.136664
-5.415488 -31.863042 -229.118397 2482.921302 0.249526 0.837113 0.486805 -0.762749 -0.139817 0.631399 -0.596616 0.528860 -0.603620
-4.378535 -34.120243 -44.675360 805.045281 0.289266 0.831984 0.473420 -0.716429 -0.139840 0.683501 -0.634866 0.536886 -0.555607
-4.192852 -33.432845 -147.521545 2787.124705 0.269869 0.826611 0.493847 -0.757503 -0.134367 0.638854 -0.594441 0.546497 -0.589899
-2.647325 -35.867661 168.041910 742.753827 0.275859 0.806235 0.523342 -0.738842 -0.170409 0.651976 -0.614828 0.566521 -0.548672
5.022915 -46.024085 125.973004 3.765172 0.157301 0.854217 0.495549 -0.696834 -0.259560 0.668619 -0.699771 0.450490 -0.554418
3.114641 -44.534163 668.731076 -152.192977 0.193067 0.832224 0.519740 -0.707064 -0.249254 0.661765 -0.680283 0.495254 -0.540313
5.280771 -45.119918 175.839994 1306.543424 0.176705 0.854491 0.488489 -0.534556 -0.333410 0.776587 -0.826454 0.398351 -0.397858
3.966306 -45.086037 266.159103 -1084.055562 0.142827 0.842016 0.520201 -0.832599 -0.181965 0.523133 -0.535145 0.507836 -0.675072
6.822518 -46.864720 179.912489 965.568172 0.146526 0.857364 0.493413 -0.620795 -0.308645 0.720660 -0.770158 0.411904 -0.487023
5.636218 -47.295935 186.656853 -576.137213 0.137913 0.851833 0.505332 -0.775930 -0.224170 0.589644 -0.615558 0.473422 -0.630047
-1.163320 -84.939376 -212.094156 3561.955498 0.107947 0.974465 0.196891 0.542599 0.108200 -0.832994 0.833027 -0.196752 0.517064
-1.307966 -78.714435 356.122609 2997.513178 0.077380 0.980226 0.182122 0.531661 0.113960 -0.839256 0.843415 -0.161769 0.512330
-0.818160 -68.946890 119.689852 3671.702217 0.076390 0.974570 0.210658 0.262669 0.184143 -0.947152 0.961857 -0.127686 0.241923
-0.208066 -73.838653 -256.755379 2911.135184 0.102668 0.971875 0.211938 0.357704 0.162739 -0.919545 0.928174 -0.170219 0.330936
-6.674620 -59.685994 -269.503929 1420.713814 -0.027026 0.915927 0.400434 -0.019131 -0.400981 0.915887 -0.999452 -0.017092 -0.028359
-4.882686 -61.876702 -459.616149 1308.559119 -0.070166 0.911220 0.405900 0.013346 -0.406009 0.913772 -0.997446 -0.069533 -0.016327
-6.096732 -56.557099 -356.043713 2014.402615 -0.046858 0.907284 0.417899 0.174677 -0.404470 0.897715 -0.983510 -0.115062 0.139529
-6.888464 -56.054816 -185.053625 2045.678185 -0.007365 0.911966 0.410199 0.208079 -0.399833 0.892657 -0.978084 -0.091928 0.186816
-7.430930 -60.285775 7.078275 1549.354059 0.033989 0.918247 0.394547 0.048127 -0.395821 0.917066 -0.998263 0.012182 0.057646
-7.156601 -59.702677 39.259520 169.251835 0.029143 0.920163 0.390451 -0.162175 -0.381088 0.910204 -0.986332 0.089847 -0.138121
-6.505586 -62.553727 -430.215471 -417.924593 -0.026454 0.923262 0.383259 -0.280391 -0.374856 0.883665 -0.959521 0.084086 -0.268791
-0.794877 -101.312698 1835.224374 4285.098634 -0.712820 -0.514351 -0.476793 -0.211221 0.805699 -0.553384 0.668786 -0.293754 -0.682960
-0.166008 -95.846401 1159.245424 29.343542 -0.694971 -0.530808 -0.485035 -0.386117 0.844550 -0.371011 0.606572 -0.070562 -0.791891
-3.085988 -88.402953 501.811696 1712.346632 -0.656447 -0.566895 -0.497702 -0.279857 0.795684 -0.537184 0.700541 -0.213347 -0.680974
-3.159047 -88.822549 1035.716713 3638.334559 -0.681272 -0.535961 -0.498613 -0.097276 0.741378 -0.664000 0.725539 -0.403861 -0.557216
10.708772 -80.943997 2523.467414 -1492.682407 -0.594216 -0.512862 -0.619581 0.711965 0.022979 -0.701839 0.374184 -0.858164 0.351485
36.259522 -76.639624 -7081.175361 -1879.445158 0.693540 0.519013 0.499626 0.608914 -0.051688 -0.791551 0.385001 -0.853202 0.351882
10.096130 -87.057864 -1606.635857 333.831369 0.590118 0.538610 0.601382 0.579568 0.235936 -0.780022 0.562015 -0.808847 0.172931
2.117522 -88.794566 415.488935 1403.924775 -0.568819 -0.521974 -0.635601 0.576804 0.297720 -0.760697 0.586295 -0.799316 0.131728
-5.101316 -28.449530 109.230061 470.992146 0.229596 0.862043 0.451849 -0.872849 0.387764 -0.296266 0.430605 0.326374 -0.841463
-5.623080 -30.586044 -69.343908 390.249485 0.283249 0.846790 0.450242 -0.828540 0.452499 -0.329797 0.483003 0.279629 -0.829769
-4.888682 -29.904118 -263.875186 746.159082 0.217738 0.886338 0.408651 -0.917648 0.328521 -0.223599 0.332434 0.326311 -0.884878
-2.234004 -31.423291 -467.948128 -25.931197 0.241361 0.881539 0.405751 -0.853029 0.392078 -0.344408 0.462695 0.262990 -0.846610
-2.918340 -31.714912 -97.514241 -993.579877 0.195405 0.890259 0.411408 0.943956 -0.284516 0.167327 0.266016 0.355655 -0.895961
-0.968551 -116.251876 724.077954 419.742312 0.635661 0.674400 0.375658 0.433763 0.090510 -0.896469 0.638580 -0.732798 0.234996
-2.691823 -94.272818 782.147939 -1040.194799 0.614622 0.688516 0.384949 0.400782 0.147758 -0.904180 0.679422 -0.710009 0.185130
-2.642654 -121.343653 549.628212 -5819.931087 0.614786 0.640819 0.459770 0.241970 0.401588 -0.883277 0.750659 -0.654277 -0.091832
-2.929339 -122.670533 -952.740600 -5330.185717 -0.586899 -0.624891 -0.514840 0.013859 0.628026 -0.778069 0.809541 -0.463783 -0.359928
-0.342292 -138.950823 -157.430276 -5334.535484 -0.619435 -0.603970 -0.501518 -0.030428 0.656829 -0.753425 0.784458 -0.451438 -0.425240
2.834084 -438.647232 19.290039 -81411.767006 0.607868 0.465687 0.643142 0.652587 -0.754424 -0.070531 0.452357 0.462580 -0.762492
-6.969861 -172.882467 9221.783472 -28202.940002 0.416288 0.135816 0.899032 0.660586 -0.724602 -0.196414 0.624764 0.675653 -0.391361
67.654005 -1625.424731 -5239.001283 161121.125023 0.902990 0.056434 0.425938 -0.410180 -0.181890 0.893682 -0.127908 0.981698 0.141097
0.466271 -37.082088 2760.540709 -817.902716 -0.239896 -0.579829 -0.778619 -0.550745 0.741769 -0.382700 0.799456 0.337013 -0.497285
-14.200975 -38.027280 3205.367872 -668.709267 -0.254131 -0.546191 -0.798181 -0.569697 0.751447 -0.332826 0.781577 0.370140 -0.502129
-1.097179 -34.583313 2202.700891 -1067.895918 -0.247287 -0.547946 -0.799127 -0.447471 0.796108 -0.407408 0.859429 0.256840 -0.442057
-12.185896 -18.660832 -1135.027904 -219.297533 -0.351325 0.834341 -0.424790 -0.049204 0.436632 0.898294 -0.934960 -0.336494 0.112347
-5.120313 -18.440857 -1645.852882 -338.007728 -0.385362 0.693817 -0.608370 -0.104002 0.622432 0.775733 -0.916886 -0.362209 0.167703
-10.343020 -18.876192 -1331.346801 -74.145714 -0.351659 0.790951 -0.500732 -0.022983 0.527441 0.849281 -0.935846 -0.310165 0.167301
-12.992178 -19.453155 -1029.113844 -32.208572 -0.312992 0.856563 -0.410288 0.033195 0.441596 0.896600 -0.949176 -0.267009 0.166649
-4.856496 -58.387000 543.675814 -1045.186972 0.296793 0.873123 0.386742 -0.558679 -0.169690 0.811839 -0.774462 0.457013 -0.437433
-5.196291 -62.353366 547.643355 -1105.641377 0.324899 0.872023 0.366082 -0.509161 -0.164918 0.844723 -0.796992 0.460844 -0.390418
-3.829609 -59.063134 646.979418 -1019.126268 0.291714 0.869327 0.398965 -0.697033 -0.092430 0.711056 -0.655017 0.485517 -0.578987
-5.853845 -61.181942 514.886635 -597.028370 0.307483 0.885155 0.349220 -0.359824 -0.231589 0.903821 -0.880898 0.403568 -0.247290
-1286.777251 -3104.316158 -116583.581986 -960950.759406 -0.324774 0.503882 -0.800390 0.078854 0.857744 0.507993 0.942499 0.101868 -0.318306
1865.068199 -6859.087918 362042.421091 2022900.814861 0.551747 0.833102 0.038946 -0.206778 0.181886 -0.961333 0.807972 -0.522359 -0.272622
-16.427600 -571.211812 753.015462 34258.344495 -0.835119 -0.464842 -0.294105 -0.457344 0.883841 -0.098298 0.305635 0.052416 -0.950705
5.893467 -288.039305 70.822523 -43434.628313 0.444200 0.895912 -0.005223 0.146377 -0.078324 -0.986123 0.883889 -0.437272 0.165932
8.248347 -260.166514 973.624157 -24579.594002 0.463800 0.885533 -0.026842 0.106809 -0.085966 -0.990556 0.879478 -0.456553 0.134454
3.799779 -203.078111 1697.676968 -12709.275690 0.466686 0.880093 -0.087407 0.369284 -0.283709 -0.884951 0.803638 -0.380716 0.457407
-4.488894 -174.189794 2701.101981 -17660.302103 0.438921 0.892190 -0.106514 0.447072 -0.319678 -0.835423 0.779407 -0.319066 0.539187
-9.866472 -110.250296 1034.823358 -13610.906400 0.430943 0.902345 0.007827 0.366736 -0.167208 -0.915176 0.824495 -0.397259 0.402980
3.841928 -215.060253 -534.203602 -30633.569118 0.395622 0.915593 0.071927 0.082645 0.042508 -0.995672 0.914688 -0.399854 0.058852
-25.351295 -52.952457 -1285.839107 -2097.281110 0.178504 -0.122261 -0.976314 0.061317 0.991704 -0.112977 0.982027 -0.039698 0.184519
-16.789018 -52.731945 -2289.059707 -4026.983683 0.296040 -0.126179 -0.946805 0.176858 0.981338 -0.075482 0.938660 -0.145104 0.312831
-36.842978 -41.985499 -3053.325048 1593.481386 0.826520 -0.003661 -0.562895 -0.120060 0.975823 -0.182636 0.549954 0.218534 0.806098
-29.837475 -42.621043 3633.426249 -3093.194354 -0.370256 0.852259 -0.369547 0.666200 -0.033621 -0.745015 0.647370 0.522039 0.555327
-12.353421 -36.256371 -8025.731354 219.442372 0.725513 -0.687729 -0.025692 -0.434543 -0.486726 0.757806 0.533670 0.538634 0.651974
-3.567299 -36.299784 -8720.772387 217.639776 0.790242 -0.599183 -0.128440 0.390353 0.653776 -0.648229 0.472380 0.462121 0.750534
-21.118838 -38.065893 -7577.374392 414.937129 0.805915 -0.546159 -0.228499 0.350534 0.751232 -0.559265 0.477103 0.370623 0.796876
-2.322036 -29.007725 590.279098 332.484176 0.190153 -0.693586 -0.694824 0.899981 -0.159634 0.405648 -0.392269 -0.702464 0.593859
-2.134963 -28.379459 1694.236430 244.300031 0.145329 -0.673826 -0.724457 0.945775 -0.120378 0.301692 -0.290497 -0.729019 0.619793
-6.199229 -29.732834 1209.512970 406.901809 0.105807 -0.685883 -0.719979 0.914416 -0.217370 0.341458 -0.390702 -0.694489 0.604183
-6.420188 -28.563618 1168.580171 612.650196 0.084391 -0.699802 -0.709335 0.938841 -0.182667 0.291907 -0.333849 -0.690587 0.641587
-5.818252 -30.018179 864.259701 340.113378 0.123554 -0.698922 -0.704445 0.861162 -0.277219 0.426086 -0.493086 -0.659286 0.567633
-8.530639 -30.088866 630.275704 385.704859 0.062852 -0.708663 -0.702742 0.884902 -0.286042 0.367597 -0.461516 -0.644962 0.609119
-2.918624 -28.462734 204.534115 673.345755 0.035644 0.938595 0.343174 0.748349 0.202521 -0.631632 0.662347 -0.279328 0.695178
-3.518177 -28.660962 104.426910 465.583352 0.057476 0.935512 0.348587 0.717455 0.204097 -0.666036 0.694230 -0.288377 0.659457
-3.282405 -28.088830 -2.015577 -598.911923 0.046047 0.933610 0.355320 0.700176 0.223533 -0.678076 0.712484 -0.280010 0.643398
-2.137002 -27.564314 155.670553 109.674246 0.036341 0.941892 0.333945 0.738929 0.199650 -0.643525 0.672803 -0.270148 0.688735
-3.319582 -26.293809 -37.616042 -226.804823 0.032085 0.930291 0.365416 0.603114 0.273520 -0.749293 0.797010 -0.244429 0.552295
-2.987914 -29.239128 64.654321 769.172382 -0.002145 0.925223 0.379417 0.485139 0.332740 -0.808656 0.874434 -0.182335 0.449576
-3.835319 -35.154260 -29.648658 -1169.170261 -0.037212 0.905636 0.422421 0.446502 0.393240 -0.803741 0.894009 -0.158703 0.419001
-3.134786 -32.631690 128.697562 1121.448575 -0.045486 0.915174 0.400485 0.484856 0.370738 -0.792129 0.873410 -0.158147 0.460591
-3.587466 -39.937718 -100.561646 2052.311703 -0.137116 0.749447 0.647711 0.985406 0.169787 0.012148 -0.100869 0.639924 -0.761790
-4.604994 -46.645970 -439.775397 2269.308834 -0.109913 0.761529 0.638743 0.966388 0.232141 -0.110473 -0.232407 0.605131 -0.761448
-5.716676 -38.226688 -447.314237 2398.541871 -0.153429 0.744496 0.649758 0.987166 0.144966 0.067000 -0.044312 0.651699 -0.757183
-2.577915 -43.554312 -178.820093 1447.217357 -0.114770 0.770107 0.627506 0.969100 0.225637 -0.099665 -0.218341 0.596677 -0.772207
-4.536070 -33.115188 -198.464199 1531.665542 -0.134330 0.750815 0.646708 0.990286 0.078071 0.115058 0.035898 0.655882 -0.754009
-2.584966 -37.243201 -120.607545 1586.770247 -0.108777 0.768252 0.630838 0.991548 0.128998 0.013877 -0.070716 0.627015 -0.775791
1.400414 -85.997303 -229.553890 -327.413876 0.081724 0.823708 0.561093 0.154124 -0.566649 0.809416 -0.984666 -0.020329 0.173262
0.198210 -96.170476 173.950561 -382.280339 0.099019 0.826841 0.553651 0.103250 -0.561920 0.820723 -0.989714 0.024103 0.141012
1.275130 -87.167514 63.571096 124.807171 0.107416 0.786578 0.608076 -0.148776 -0.592011 0.792079 -0.983020 0.175549 -0.053432
0.688806 -88.480428 -56.905004 -801.274826 0.082338 0.850816 0.518972 0.344976 -0.512879 0.786096 -0.934993 -0.114307 0.335741
0.141041 -86.421228 -283.116807 -1128.013576 0.077407 0.848973 0.522736 0.391777 -0.508034 0.767081 -0.916798 -0.145419 0.371933
-3.763285 -15.071054 -1610.516037 1163.811825 -0.199670 0.774553 0.600166 -0.100114 0.593168 -0.798830 0.974735 0.219587 0.040894
-4.696081 -19.930848 -1107.567454 1510.815633 -0.217518 0.824810 0.521895 0.006902 0.535984 -0.844200 0.976032 0.180026 0.122279
0.834366 -86.334551 475.971578 530.443851 -0.657081 0.375964 -0.653373 0.753403 0.356368 -0.552617 0.025077 -0.855367 -0.517415
-0.329533 -90.355564 407.024028 177.022130 -0.648857 0.374773 -0.662216 0.733935 0.537930 -0.414694 0.200809 -0.755100 -0.624099
1.921595 -96.740084 -806.138336 1357.277809 -0.643825 0.340324 -0.685324 0.756345 0.418705 -0.502621 0.115894 -0.841942 -0.526975
-1.584468 -98.106860 -149.640169 -1177.601974 -0.620430 0.367571 -0.692790 0.713821 0.630565 -0.304708 0.324848 -0.683578 -0.653601
23.862615 -69.718863 1855.802500 -1971.948344 -0.542383 0.529315 -0.652416 -0.203671 0.670556 0.713353 0.815070 0.519789 -0.255892
17.715458 -65.707155 779.932096 -1094.343757 -0.515040 0.497269 -0.698182 -0.061125 0.791142 0.608570 0.854984 0.356114 -0.377074
-4.383159 -29.026408 -11.479554 142.775990 0.126096 0.865804 0.484235 0.627268 0.308573 -0.715065 0.768528 -0.393911 0.504182
-2.313441 -31.333122 -472.808797 -804.155477 0.172190 0.870556 0.460958 0.534076 0.310696 -0.786277 0.827716 -0.381576 0.411444
-2.131069 -31.459026 -336.519828 -386.976735 0.185250 0.888780 0.419229 0.373534 0.330905 -0.866588 0.908931 -0.317131 0.270689
-4.404416 -158.999664 1071.574142 516.691290 0.773485 -0.250162 0.582358 0.582151 0.643749 -0.496677 0.250643 -0.723192 -0.643562
-3.628791 -153.171122 120.964909 -8884.449023 0.784340 -0.278357 0.554372 0.619870 0.317265 -0.717707 -0.023896 -0.906565 -0.421389
-5.181534 -145.411307 251.585236 -11999.401470 0.791139 -0.283032 0.542210 0.540895 -0.090096 -0.836251 -0.285536 -0.954869 -0.081812
-4.483421 -105.877076 537.311783 -4657.354382 0.790159 -0.281754 0.544301 0.424289 -0.389416 -0.817517 -0.442298 -0.876909 0.188156
-6.297818 -100.201509 418.885346 -4671.609328 0.783948 -0.304086 0.541256 0.468554 -0.282154 -0.837166 -0.407288 -0.909902 0.078713
8.462630 -28.462437 -474.939606 -564.117522 -0.225099 0.773191 0.592880 0.628404 -0.349817 0.694792 -0.744606 -0.528965 0.407133
8.027053 -26.962237 -828.355757 -670.818672 -0.271196 0.751254 0.601723 0.571416 -0.377407 0.728730 -0.774556 -0.541463 0.326928
8.005462 -25.792845 -344.047041 -755.417786 -0.232840 0.771905 0.591564 0.527906 -0.410544 0.743484 -0.816762 -0.485403 0.311902
6.198330 -26.953527 855.522947 -716.150652 -0.170133 0.804396 0.569212 0.574420 -0.388390 0.720552 -0.800685 -0.449557 0.395983
15.830348 4.881378 1259.179501 862.241087 -0.086144 0.898326 -0.430802 -0.522509 0.327432 0.787257 -0.848271 -0.292915 -0.441177
-15.321209 -27.916000 -53.877286 -460.662426 0.416473 0.164527 0.894137 -0.100299 0.985800 -0.134676 -0.903599 -0.033592 0.427061
-14.979645 -26.522337 -68.956914 -256.721829 0.406091 0.288023 0.867256 -0.263645 0.945604 -0.190592 -0.874975 -0.151250 0.459937
-14.948445 -26.825755 -104.862430 -233.317362 0.452713 0.317208 0.833325 -0.343656 0.924451 -0.165200 -0.822771 -0.211589 0.527521
-15.617648 -28.405700 -139.437395 -480.866635 0.515477 0.261206 0.816122 -0.270997 0.953219 -0.133918 -0.812923 -0.152134 0.562149
-15.016376 -457.135863 -2156.148212 -81841.839374 0.884984 0.445614 0.135022 0.302448 -0.770626 0.560946 -0.354017 0.455591 0.816767
-24.215892 -36.457777 119.470293 423.507720 0.914345 0.344854 0.212245 -0.400280 0.690480 0.602506 -0.061225 0.635856 -0.769375
-23.758220 -34.365338 381.232936 681.500313 0.803721 0.417205 0.424232 -0.594871 0.548155 0.587924 -0.012740 0.724890 -0.688747
-25.678318 -35.790557 234.100427 -801.038701 0.674745 0.492286 0.549884 0.733924 -0.526225 -0.429469 0.077941 0.693355 -0.716368
-28.071058 -37.838623 26.594683 699.305876 0.713591 0.491290 0.499421 -0.683988 0.642739 0.345032 0.151487 0.587810 -0.794689
18.745590 -29.756504 -3339.685000 -1765.755760 0.685576 0.054444 -0.725963 0.518145 0.663988 0.539116 -0.511382 0.745759 -0.427004
12.509740 -28.004650 4006.372782 -1455.089780 0.694749 -0.300771 -0.653346 0.624569 0.702773 0.340623 -0.356704 0.644707 -0.676103
16.387789 -25.344444 25.972743 -1267.919622 0.690466 -0.106270 -0.715517 0.562170 0.701309 0.438328 -0.455217 0.704892 -0.543972
2.313144 -28.499196 -43.766494 1068.751502 0.276191 0.820029 0.501268 -0.126933 -0.485864 0.864768 -0.952684 0.302469 0.030103
-3.149068 -36.110307 357.241607 -1207.313950 0.280995 0.804689 0.522989 -0.696968 -0.203521 0.687616 -0.659756 0.557723 -0.503654
3.020506 -43.481170 781.885388 1174.355866 0.223548 0.835860 0.501362 -0.530655 -0.327093 0.781931 -0.817577 0.440850 -0.370432
1.992711 -42.253596 765.517057 1007.414078 0.170982 0.816944 0.550788 0.836971 0.174519 -0.518674 -0.519851 0.549678 -0.653919
-8.820513 -52.581012 494.478322 -91.616648 0.243495 0.948931 0.200597 0.728161 -0.315475 0.608487 -0.640696 0.002097 0.767792
-9.299726 -54.259571 276.626665 -947.696402 0.224104 0.949511 0.219558 0.834217 -0.303371 0.460486 -0.503844 -0.079962 0.860086
-7.026726 -55.442038 665.164981 -14.553781 0.260463 0.949705 0.173837 0.729982 -0.311552 0.608327 -0.631890 0.031548 0.774415
-9.863783 -51.899961 121.537076 -223.568496 0.217486 0.945274 0.243222 0.718160 -0.323729 0.615992 -0.661020 -0.040703 0.749264
-8.082683 -52.973060 490.123049 547.315045 0.262128 0.940845 0.214708 0.605519 -0.333593 0.722539 -0.751423 0.059388 0.657143
-4.424892 -63.160986 -301.970047 -457.041080 -0.057189 0.921591 0.383927 -0.398979 -0.373610 0.837396 -0.915175 0.105288 -0.389062
-1.977938 -63.707879 -550.893552 -198.219726 -0.081480 0.919868 0.383671 -0.370478 -0.385322 0.845147 -0.925260 0.073279 -0.372187
-4.551371 -63.530974 -392.222212 342.930819 -0.065807 0.917593 0.392037 -0.217003 -0.396646 0.891954 -0.973950 0.026377 -0.225222
57.727999 -66.448050 -12597.628731 -2994.520577 0.710816 0.449759 0.540793 0.692339 -0.311698 -0.650778 0.124129 -0.836995 0.532946
139.354637 -55.833932 -27393.666913 -2840.505122 0.842358 0.480471 0.244092 0.467144 -0.425139 -0.775263 0.268719 -0.767075 0.582568
40.648171 -81.582801 -6359.458948 -3611.273109 0.701797 0.585439 0.405885 0.517084 -0.026725 -0.855517 0.490006 -0.810276 0.321477
36.283524 -21.975735 -3084.597583 214.750607 -0.040612 0.987006 0.155467 -0.522223 0.111684 -0.845464 0.851841 0.115524 -0.510901
25.642549 -24.612830 -5884.530362 558.083606 0.127098 0.986689 0.101442 -0.525514 0.153723 -0.836782 0.841238 -0.053044 -0.538057
33.930103 -24.888475 -5118.412613 -104.113821 0.061986 0.995298 0.074433 -0.397708 0.093031 -0.912783 0.915416 -0.026977 -0.401605
25.901116 -22.582224 -5056.783273 74.251925 0.097580 0.982132 0.160916 -0.579550 0.187521 -0.793069 0.809074 0.015871 -0.587493
33.495938 -20.962488 -2710.570804 78.527621 -0.074369 0.967254 0.242672 -0.633850 0.142017 -0.760306 0.769872 0.210361 -0.602532
-3.519729 -83.870254 441.661220 248.468172 0.638609 0.665805 0.385854 0.376877 0.166565 -0.911164 0.670927 -0.727297 0.144557
-2.158344 -95.689229 784.825697 3589.363271 0.626496 0.689779 0.362915 0.511450 -0.012464 -0.859223 0.588150 -0.723913 0.360596
-3.725756 -93.385422 -254.299061 3465.106883 0.654823 0.661698 0.365189 0.524796 -0.050377 -0.849736 0.543871 -0.748076 0.380245
-2.576477 -92.808227 -300.323234 4720.320532 0.668731 0.653014 0.355488 0.440176 0.037607 -0.897124 0.599203 -0.756412 0.262291
-5.819766 -77.236874 -283.428012 1329.223816 0.664601 0.628812 0.403610 0.256939 0.314897 -0.913686 0.701632 -0.710940 -0.047715
-1.906343 -191.226630 -1318.942139 26264.372160 0.672861 0.660489 0.333185 -0.587575 0.203515 0.783158 -0.449460 0.722728 -0.525025
-5.306656 -254.759822 -631.415726 -40501.712335 0.685445 0.644554 0.338696 0.703480 -0.466242 -0.536409 -0.187830 0.605945 -0.773014
9.277382 -309.893705 -3964.687993 43022.080642 0.761951 0.607778 0.223688 -0.555423 0.435617 0.708338 -0.333070 0.663961 -0.669493
-6.056963 -29.697467 -684.161629 -810.997970 0.832771 0.471174 -0.290668 -0.069016 0.609294 0.789935 -0.549299 0.637774 -0.539921
-9.005813 -32.786715 14.651322 -703.999937 0.836111 0.532074 -0.133478 -0.231367 0.562671 0.793644 -0.497381 0.632692 -0.593560
-8.944222 -30.189891 -599.333831 -298.909794 0.809974 0.561187 -0.170328 -0.258899 0.602754 0.754757 -0.526226 0.567236 -0.633506
-6.378370 -26.814352 -1080.225839 -473.193276 0.811278 0.503439 -0.297284 -0.122969 0.644027 0.755055 -0.571583 0.576002 -0.584392
5.909188 -945.895484 -2022.984307 424932.010769 0.758379 0.382901 0.527493 -0.604350 0.109898 0.789103 -0.244177 0.917229 -0.314750
-100.985604 -1694.847701 -29936.524023 -950435.704630 0.826394 0.476168 0.300561 -0.023317 -0.504373 0.863171 -0.562609 0.720328 0.405708
27.384506 -3869.317367 18227.761765 -533219.836441 0.619658 0.358555 0.698185 0.683460 -0.683855 -0.255393 0.385885 0.635438 -0.668814
-9.234110 -36.510312 -3888.474138 -750.236788 0.282421 0.573000 0.769357 0.794969 -0.588669 0.146604 0.536901 0.570210 -0.621770
10.578072 -38.365461 5279.950410 198.831945 -0.273708 -0.586278 -0.762471 -0.738160 0.636263 -0.224253 0.616607 0.501446 -0.606917
13.616534 -35.825611 -5994.802928 -1269.564345 0.240296 0.629547 0.738869 0.811059 -0.548424 0.203507 0.533331 0.550365 -0.642384
106.680646 -29.484517 -25122.434125 -446.505892 0.337890 0.568527 0.750072 0.831766 -0.553323 0.044707 0.440449 0.608778 -0.659844
-3.838830 -18.777132 -1851.789656 -169.412852 -0.379697 0.679955 -0.627289 -0.033327 0.667575 0.743796 -0.924510 -0.303323 0.230815
0.586536 -17.672319 1240.352795 -340.236346 0.371096 -0.630418 0.681807 -0.177917 0.672362 0.718522 -0.911391 -0.387946 0.137348
3.277274 -18.629452 1958.385398 -215.622854 0.386863 -0.614085 0.687923 -0.097432 0.714613 0.692702 -0.916976 -0.335006 0.216626
-4.180004 -61.057922 141.884097 -918.935722 0.293182 0.877299 0.379989 -0.697158 -0.075800 0.712899 -0.654228 0.473922 -0.589392
-359.824954 -1056.186190 -109695.475893 -75250.223109 0.827185 -0.337324 0.449419 -0.189811 0.585041 0.788479 0.528901 0.737523 -0.419909
279.980641 -94.546950 49154.463602 16407.565045 0.227988 0.970075 -0.083516 -0.902564 0.178385 -0.391863 0.365238 -0.164719 -0.916225
753.718864 -1597.743821 104568.941680 -751951.495350 0.951797 0.305577 0.026546 -0.233644 0.666220 0.708210 -0.198728 0.680275 -0.705502
754.104257 -2572.966732 146590.591222 -322501.388333 -0.058657 0.623448 -0.779662 -0.256234 0.745438 0.615359 0.964833 0.235871 0.116023
379.654379 -32.949830 42959.135285 -8224.481485 0.544899 -0.372242 0.751346 0.836604 0.301599 -0.457308 -0.056376 0.877766 0.475761
20.864957 -975.297452 511.828832 -193424.896810 0.380658 0.918683 0.105451 0.524378 -0.120524 -0.842912 0.761660 -0.376158 0.527616
-36.247060 -52.704106 306.593626 -1371.301102 0.070961 -0.127703 -0.989271 -0.055777 0.989711 -0.131761 0.995918 0.064529 0.063108
-34.576533 -50.814020 495.721229 -1429.061457 -0.008961 -0.369093 -0.929349 0.009714 0.929311 -0.369171 0.999913 -0.012336 -0.004742
-30.388659 -47.901161 393.871891 -1752.204062 -0.122035 -0.555443 -0.822551 0.077143 0.820930 -0.565793 0.989523 -0.132501 -0.057334
-42.173578 -53.902968 -336.269678 190.729154 0.382085 0.818712 -0.428628 0.505053 -0.573421 -0.645066 0.773907 -0.029990 0.632588
-40.785022 -51.184132 -350.639453 1292.591079 0.530946 0.676921 -0.509779 -0.548179 0.733116 0.402544 0.646217 0.065721 0.760318
2.426470 -27.794137 416.744217 148.786277 0.242875 -0.721466 -0.648459 0.927861 -0.022236 0.372262 -0.282993 -0.692093 0.664020
-3.494746 -27.441142 2097.935596 282.659046 0.101692 -0.674823 -0.730940 0.966120 -0.108209 0.234313 -0.237214 -0.730003 0.640956
-3.448531 -28.150687 111.181292 1871.281257 0.045421 0.933353 0.356074 0.755073 0.201301 -0.623973 0.654066 -0.297203 0.695606
-3.924417 -37.816447 192.588006 -1772.000915 -0.077673 0.896307 0.436579 0.441260 0.423582 -0.791118 0.894012 -0.131196 0.428405
-4.628448 -37.449435 -85.693795 -2783.728583 -0.065649 0.882237 0.466207 0.382637 0.453757 -0.804795 0.921564 -0.125554 0.367365
-4.549940 -39.492355 256.184641 -3263.527697 -0.106238 0.875523 0.471353 0.364065 0.475369 -0.800925 0.925295 -0.086514 0.369249
-6.885309 -45.849597 -656.397548 3352.783234 -0.133119 0.749652 0.648307 0.984010 0.178070 -0.003857 -0.118335 0.637427 -0.761369
-6.605337 -53.220537 -934.484220 2065.751527 -0.098510 0.770955 0.629225 0.938270 0.282640 -0.199411 -0.331581 0.570739 -0.751207
-4.262229 -51.993792 -546.037916 757.127589 -0.062474 0.782407 0.619625 0.887641 0.327388 -0.323899 -0.456279 0.529769 -0.714950
-1.857506 -46.893954 -223.648025 644.313082 -0.064187 0.786401 0.614372 0.911098 0.297362 -0.285439 -0.407161 0.541432 -0.735576
-0.148985 -109.149319 -51.858635 -268.385496 0.078634 0.806818 0.585543 -0.153441 -0.570567 0.806789 -0.985024 0.153288 -0.078933
0.836363 -95.969129 225.571484 324.842638 0.101471 0.782838 0.613897 -0.222098 -0.583681 0.781018 -0.969730 0.215595 -0.114640
-1.525881 -114.855474 118.446846 2005.334400 0.083160 0.840141 0.535955 0.219928 -0.540029 0.812404 -0.971965 -0.050312 0.229679
-0.846637 -101.342808 145.853888 423.137062 0.075556 0.862839 0.499800 0.425988 -0.481122 0.766196 -0.901568 -0.155018 0.403911
1.545192 -86.273091 202.307948 -1979.064528 -0.656432 0.337907 -0.674475 0.744426 0.145351 -0.651692 -0.122176 -0.929888 -0.346960
0.784869 -89.374930 272.476701 -2811.839848 -0.667246 0.364273 -0.649684 0.727216 0.129997 -0.673986 -0.161058 -0.922175 -0.351645
35.184831 -68.244070 -2690.259762 1150.816689 0.550975 -0.523974 0.649521 -0.463963 0.454611 0.760308 0.693661 0.720264 -0.007375
11.859338 -69.213125 -3161.216772 3149.123854 0.603781 -0.308889 0.734871 -0.557876 0.494760 0.666323 0.569405 0.812280 -0.126405
28.603680 -69.616104 -5303.533408 -4204.351372 0.598448 -0.374175 0.708416 0.603360 -0.371246 -0.705786 0.527084 0.849806 0.003591
-6.968317 -145.796179 418.411822 10784.839078 0.789302 -0.282818 0.544992 0.490024 0.824979 -0.281578 0.369972 -0.489309 -0.789745
-8.592291 -166.119667 253.147984 10990.563837 0.802826 -0.318756 0.503850 0.486584 0.838649 -0.244751 0.344537 -0.441658 -0.828391
1.359058 -127.167267 -29.037723 7952.414712 0.719871 -0.417450 0.554546 -0.638332 -0.711939 0.292704 -0.272613 0.564693 0.778976
1.646711 -112.507211 720.007670 -2318.504543 0.759478 -0.417060 0.499253 -0.541827 -0.830272 0.130662 -0.360022 0.369744 0.856548
1.467358 -109.993043 -457.133731 -273.496580 0.742901 -0.402237 0.535074 0.524370 0.846543 -0.091659 -0.416094 0.348671 0.839818
4.057820 -279.084436 1454.750654 -46117.527608 0.675248 -0.431779 0.598002 0.726336 0.530344 -0.437231 -0.128360 0.729590 0.671730
1.048560 -151.786444 564.147326 -12037.402150 0.680612 -0.438188 0.587161 0.732479 0.423992 -0.532640 -0.015555 0.792605 0.609537
-38.479809 -214.937584 -6389.415721 46513.939374 0.981949 0.059543 -0.179528 0.175767 -0.637865 0.749823 0.069868 0.767843 0.636816
5.827874 -28.557430 -1677.277779 -457.821049 -0.258406 0.737393 0.624082 0.654217 -0.341754 0.674688 -0.710792 -0.582629 0.394104
5.341287 -27.926473 -598.183552 -480.076191 -0.264317 0.748049 0.608736 0.632178 -0.342288 0.695119 -0.728345 -0.568561 0.382428
-14.916415 -29.344121 77.615103 -757.181120 0.429374 0.094176 0.898203 0.009820 0.994003 -0.108915 -0.903073 0.055585 0.425874
1.260057 -101.063251 -405.086279 -707.346468 0.053198 0.762140 0.645223 -0.630683 -0.475316 0.613444 -0.774215 0.439565 -0.455383
2.143388 -105.551796 123.910038 -2761.383870 0.087243 0.744433 0.661973 -0.719358 -0.412611 0.558816 -0.689139 0.524949 -0.499517
