12440
24872
-35.481895 -59.414265 -1686.959754 8061.091608 0.323525 0.945857 -0.026191 0.929125 -0.322796 -0.180359 0.179048 -0.034016 0.983252
-47.369414 -73.105503 1076.737501 6095.412580 -0.174374 -0.983183 0.054270 0.984140 -0.175838 -0.023448 0.032597 0.049320 0.998251
-32.038841 -77.412311 -4307.393118 10917.712462 0.083611 0.996177 0.025316 0.994385 -0.081752 -0.067195 0.064868 -0.030792 0.997419
-45.902977 -67.019328 91.060263 5275.620704 -0.585009 -0.796582 0.152384 0.804362 -0.593906 -0.016640 0.103757 0.112837 0.988181
-17.339020 -63.682066 -5736.140283 12701.277424 0.179023 0.977428 0.112184 0.956059 -0.145925 -0.254278 0.232168 -0.152777 0.960603
-25.848288 -43.257578 -1476.735068 6048.945843 0.534410 0.844359 -0.038262 0.801499 -0.520615 -0.294211 0.268339 -0.126562 0.954974
-33.301314 -50.198965 -41.892335 -4576.577486 0.745769 0.644087 -0.170239 -0.623704 0.764821 0.161376 0.234142 -0.014170 0.972099
35.516628 -17.987378 2836.978719 640.061524 0.272949 -0.570854 0.774355 0.694405 0.673982 0.252092 -0.665809 0.468907 0.580366
23.447946 -20.561350 -1793.907821 382.846318 -0.223522 0.645912 -0.729956 0.674787 0.642960 0.362304 -0.703349 0.411582 0.579569
22.115649 -19.108452 3243.926698 -1410.575129 0.326472 -0.490246 0.808130 0.608656 0.763161 0.217078 -0.723155 0.421004 0.547542
28.616780 -18.802864 994.321414 -461.550985 0.328794 -0.391999 0.859203 0.619525 0.776201 0.117055 -0.712800 0.493811 0.498064
36.566754 -53.700900 1163.904777 -1783.191785 -0.256548 -0.768042 -0.586766 0.938071 -0.051623 -0.342575 0.232821 -0.638315 0.733722
33.626839 -68.613825 3831.291227 -2272.288405 -0.237610 -0.698305 -0.675213 0.951783 -0.028519 -0.305442 0.194035 -0.715232 0.671411
41.270932 -54.970327 3604.096559 -2713.531020 -0.336176 -0.715686 -0.612193 0.936123 -0.182664 -0.300513 0.103247 -0.674113 0.731377
32.325710 -44.755879 -4619.435628 -1128.301742 -0.294454 -0.853113 -0.430692 0.913870 -0.119537 -0.388012 0.279534 -0.507847 0.814832
26.445902 -47.701279 -1585.719438 -1671.967008 -0.197993 -0.837098 -0.509966 0.911052 0.034790 -0.410820 0.361639 -0.545946 0.755752
42.527546 -43.856864 -1262.331818 -2201.291500 -0.384066 -0.781603 -0.491518 0.915307 -0.252384 -0.313872 0.121272 -0.570437 0.812339
-18.770014 -68.273108 751.667113 157.654831 -0.468879 -0.795609 0.383613 0.700509 -0.070420 0.710161 -0.537996 0.601704 0.590349
-16.197112 -65.718669 -194.605504 1963.738182 -0.515642 -0.777925 0.359091 0.787362 -0.264944 0.556656 -0.337898 0.569770 0.749125
-16.149830 -66.197719 -1774.962599 602.246533 -0.555145 -0.729273 0.399967 0.680099 -0.121164 0.723039 -0.478832 0.673409 0.563241
-20.460337 -64.445645 -106.415516 -1702.087366 -0.509716 -0.748549 0.424104 0.565509 0.079993 0.820854 -0.648375 0.658237 0.382537
-17.228859 -62.825408 3109.959286 -1160.269138 0.611154 0.683673 -0.398850 0.532692 0.017438 0.846129 -0.585431 0.729580 0.353530
-10.451745 -64.864646 3638.617512 514.314950 0.634547 0.671623 -0.382456 0.630112 -0.162999 0.759204 -0.447558 0.722741 0.526628
1.602915 -66.670199 -162.400152 2876.661017 -0.416960 -0.874191 0.248868 0.906139 -0.421219 0.038566 0.071113 0.241589 0.967769
1.891052 -60.644427 232.159285 1257.761581 0.457195 0.852097 -0.254764 0.857621 -0.498251 -0.127405 0.235498 0.160242 0.958574
2.097768 -63.728133 -24.056386 2978.704353 -0.426149 -0.872401 0.239403 0.900372 -0.434726 0.018537 0.087904 0.223451 0.970743
1.674282 -71.609561 116.835375 3044.254943 -0.401575 -0.883570 0.240917 0.908882 -0.352162 0.223418 -0.112564 0.308684 0.944481
1.205165 -69.626532 179.721066 3237.370367 -0.411382 -0.881492 0.231811 0.906331 -0.368663 0.206522 -0.096588 0.295057 0.950585
2.180434 -60.976156 140.190679 2838.216799 -0.440759 -0.868589 0.226462 0.892362 -0.451281 0.005913 0.097062 0.204693 0.974002
-0.748819 -91.037917 -1190.868911 -4470.810454 0.004219 0.940303 0.340313 0.829076 0.186990 -0.526942 0.559120 -0.284368 0.778794
-4.951280 -84.605747 -1395.099642 754.627617 -0.043398 0.940348 0.337434 0.922292 0.167545 -0.348291 0.384051 -0.296097 0.874546
-0.492451 -92.919822 -307.962656 -474.761570 -0.040158 0.938085 0.344071 0.834629 0.220812 -0.504615 0.549347 -0.266907 0.791820
-1.393295 -94.183336 788.490821 2108.025837 -0.058629 0.940787 0.333890 0.841709 0.226417 -0.490165 0.536739 -0.252300 0.805143
0.499841 -97.891900 984.135778 -3822.152826 -0.060295 0.934378 0.351143 0.714843 0.285947 -0.638149 0.696681 -0.212535 0.685174
-4.061898 -124.012015 -1575.027783 9600.800163 -0.078425 0.098186 -0.992073 0.577381 0.815720 0.035089 0.812699 -0.570053 -0.120664
-3.402132 -103.664555 317.762392 5122.096915 -0.112795 0.089831 -0.989549 0.489226 0.871844 0.023381 0.864832 -0.481476 -0.142288
-4.284616 -128.040016 148.826668 12269.125546 -0.103260 0.089246 -0.990642 0.658476 0.752601 -0.000835 0.745484 -0.652401 -0.136480
-3.232414 -165.616391 56.450703 22666.899507 -0.108055 0.100938 -0.989007 0.747322 0.664318 -0.013849 0.655618 -0.740603 -0.147216
9.069668 -40.591506 3313.837337 840.036047 0.337179 0.833358 -0.437978 -0.829735 0.482858 0.279979 -0.444804 -0.269003 -0.854276
9.745920 -41.772930 -298.992738 207.857128 0.343047 0.796269 -0.498271 -0.825822 0.508434 0.243952 -0.447590 -0.327796 -0.831993
14.806559 -44.299822 3887.504260 2548.643289 0.317344 0.840998 -0.438195 -0.885282 0.428375 0.181023 -0.339952 -0.330480 -0.880463
10.138081 -28.105454 3388.102798 -1013.360996 -0.594912 0.778314 -0.200769 0.708334 0.625705 0.326736 -0.379925 -0.052167 0.923545
6.789874 -33.847505 6638.367960 -475.063679 -0.633402 0.720925 -0.281192 0.681396 0.691840 0.238867 -0.366745 0.040304 0.929448
19.001418 -31.996609 3366.973384 -1116.011744 -0.558452 0.805849 -0.196821 0.763991 0.592078 0.256441 -0.323186 0.007159 0.946308
-4.872070 -211.306919 459.203623 22915.074254 -0.336565 -0.057587 -0.939898 0.736965 0.605223 -0.300979 0.586180 -0.793971 -0.161257
-2.073584 -256.378554 1190.301751 37847.190193 -0.368755 -0.067620 -0.927064 0.852911 0.371893 -0.366385 0.369543 -0.925810 -0.079464
-4.073249 -286.210266 625.608282 41608.443469 -0.337338 -0.087525 -0.937306 0.890984 0.291731 -0.347908 0.303892 -0.952487 -0.020428
-7.289095 -267.192822 -350.824642 47266.517502 -0.343717 -0.074407 -0.936121 0.892792 0.283198 -0.350317 0.291173 -0.956171 -0.030909
-6.271959 -191.747346 -2098.862258 21095.683683 -0.342508 -0.092182 -0.934982 0.763939 0.551961 -0.334269 0.546887 -0.828759 -0.118630
-24.631681 -319.801838 -21670.385363 23095.674517 -0.655608 -0.000952 -0.755101 0.672853 -0.454589 -0.583624 -0.342705 -0.890701 0.298672
67.531089 -118.478487 42786.802493 35748.129219 0.875218 -0.055503 0.480535 0.435107 -0.343740 -0.832181 -0.211368 -0.937423 0.276698
945.813148 -1585.838845 157321.461272 410588.315029 0.836915 -0.248403 0.487719 0.401647 -0.326620 -0.855570 -0.371825 -0.911929 0.173583
-1073.023858 -7955.851470 -194993.940004 3958353.380276 0.794880 -0.513591 -0.323094 -0.573417 -0.809941 -0.123243 0.198391 -0.283232 0.938308
57.885023 -139.650304 26173.168688 30973.280568 0.802796 -0.466325 -0.371563 -0.358091 0.121191 -0.925788 -0.476748 -0.876273 0.069695
-53.548278 -322.778619 -12043.709030 -97672.716256 0.679732 -0.104734 0.725944 0.635405 -0.410300 -0.654152 -0.366366 -0.905917 0.212346
-44.390614 -164.620001 -6168.138253 18225.068581 0.879862 0.121955 -0.459314 -0.406602 -0.307124 -0.860435 0.246001 -0.943823 0.220640
84.571354 -12.972041 9231.579865 -2774.500675 0.462068 -0.455267 -0.761068 0.774619 -0.210661 0.596311 -0.431808 -0.865074 0.255319
69.846668 -47.959236 2912.493868 1005.875198 -0.229268 0.913872 0.335072 0.394729 0.401958 -0.826208 0.889733 0.057161 0.452888
65.248247 -47.397428 -664.560519 1536.068133 -0.116974 0.914792 0.386618 0.310310 0.403465 -0.860769 0.943411 -0.019284 0.331064
65.073210 -48.870543 -649.109419 2046.744527 -0.123950 0.917458 0.378030 0.401139 0.394780 -0.826581 0.907593 -0.049188 0.416961
25.958694 -18.391725 2423.986189 3718.334695 -0.473884 0.740460 0.476605 -0.509777 0.210640 -0.834121 0.718026 0.638239 -0.277651
30.776568 -17.929802 -1533.579165 5097.146176 -0.414083 0.819684 0.395795 -0.500635 0.158060 -0.851106 0.760197 0.550577 -0.344912
26.237583 -27.686573 -1387.047542 2368.064487 -0.447100 0.837530 0.314079 -0.408490 0.121196 -0.904681 0.795763 0.532780 -0.287936
-10.701324 -42.635985 2544.971430 2257.486264 0.843221 -0.017432 0.537285 0.262838 -0.858490 -0.440354 -0.468930 -0.512534 0.719315
-14.511318 -41.519620 2198.645881 3396.658350 0.795510 0.050082 0.603867 0.372130 -0.826879 -0.421651 -0.478208 -0.560145 0.676428
-7.618634 -38.733168 2833.830784 4637.336455 0.853306 -0.033063 0.520362 0.283662 -0.807942 -0.516493 -0.437499 -0.588333 0.680043
-4.315105 -41.745160 2168.562339 3861.677056 0.873539 -0.082215 0.479761 0.198157 -0.840196 -0.504781 -0.444594 -0.536014 0.717653
-1.383306 -29.247673 2091.123539 4819.216011 0.885767 -0.167587 0.432819 0.151487 -0.777078 -0.610902 -0.438713 -0.606683 0.662922
-5.455430 -21.376766 3506.620713 6179.358932 0.887721 -0.167064 0.428999 0.173162 -0.742243 -0.647371 -0.426574 -0.648972 0.629976
58.637269 -90.336125 -44.491876 6405.018585 -0.183590 0.877091 0.443854 0.978713 0.205234 -0.000736 -0.091740 0.434271 -0.896099
79.550498 -91.121562 4163.912242 -5356.508771 -0.183944 0.802360 0.567788 0.982655 0.163935 0.086685 -0.023528 0.573885 -0.818598
53.679876 -91.473433 1654.692762 999.539138 -0.294612 0.741420 0.602910 0.928909 0.370305 -0.001465 -0.224347 0.559617 -0.797808
43.126644 -95.008165 -1897.466395 7786.741962 -0.266161 0.832800 0.485389 0.924136 0.363650 -0.117183 -0.274101 0.417375 -0.866410
38.389105 -96.317004 -2676.927187 4842.738317 -0.335393 0.743895 0.578041 0.855902 0.496983 -0.142966 -0.393628 0.446797 -0.803386
49.190390 -101.197092 6138.749649 -4026.767376 -0.370291 0.569537 0.733834 0.888617 0.447345 0.101204 -0.270637 0.689573 -0.671748
42.310974 -92.909521 2221.577726 408.206724 -0.347309 0.621773 0.701979 0.844001 0.533516 -0.054983 -0.408704 0.573375 -0.710072
-16.546851 -151.264945 4630.341345 40559.873227 0.372166 0.861774 -0.344729 -0.591577 0.506431 0.627346 -0.715212 0.029543 -0.698282
-79.271159 -256.299655 6698.707476 87138.791024 0.402001 0.880946 -0.249660 -0.481367 0.435274 0.760804 -0.778897 0.185665 -0.599039
-25.807087 -104.741832 4042.389181 -30931.613789 0.439544 0.846386 -0.300719 -0.828209 0.511480 0.229035 -0.347664 -0.148387 -0.925803
-20.028083 -125.933212 -9534.907417 45463.675571 0.399755 0.743151 -0.536584 0.829541 -0.542346 -0.133123 -0.389945 -0.391903 -0.833280
12.511120 -195.430733 44.893069 -11641.023250 -0.271059 0.955856 -0.113431 -0.820687 -0.167917 0.546147 -0.502991 -0.241130 -0.829974
15.508240 -192.158844 61.536667 -31823.381876 -0.255445 0.961761 -0.098811 -0.929324 -0.216064 0.299454 -0.266654 -0.168322 -0.948980
15.841550 -181.054227 -630.336896 22151.324336 -0.254877 0.959028 -0.123702 -0.676383 -0.085395 0.731583 -0.691046 -0.270134 -0.670435
7.545696 -209.782153 -764.502378 40374.229492 -0.314563 0.943828 -0.101188 0.944035 0.299912 -0.137301 -0.099241 -0.138714 -0.985347
15.682386 -212.235122 -848.782920 41987.850669 -0.285697 0.950599 -0.121402 -0.528500 -0.050612 0.847423 -0.799415 -0.306268 -0.516852
11.293346 -211.080071 -2481.812826 32645.808249 -0.327655 0.933152 -0.147882 -0.543825 -0.058280 0.837173 -0.772591 -0.354726 -0.526567
4.196436 -215.635791 -3193.226536 -26332.211199 -0.342827 0.927415 -0.149574 -0.846171 -0.235710 0.477950 -0.408002 -0.290419 -0.865559
-0.592064 -32.293911 3199.406788 -118.418139 -0.219359 0.968405 0.118630 0.053648 -0.109434 0.992545 -0.974168 -0.224088 0.027948
-7.962409 -30.848399 4351.250102 131.592619 -0.218415 0.963375 0.155577 0.059504 -0.145982 0.987496 -0.974040 -0.224941 0.025440
-3.744395 -29.868589 3470.059206 1851.876268 -0.225491 0.968807 0.102791 0.128034 -0.075125 0.988920 -0.965796 -0.236153 0.107100
3.326980 -31.813167 2414.650494 1294.674501 -0.229943 0.968018 0.100339 0.108812 -0.076883 0.991085 -0.967102 -0.238811 0.087653
4.009862 -34.066392 1905.667696 -474.716122 -0.230969 0.963784 0.133319 0.043310 -0.126704 0.990995 -0.971997 -0.234663 0.012477
-0.393685 -53.790329 -29.191714 3431.204515 -0.588718 0.798174 -0.127789 0.682823 0.406442 -0.607089 -0.432624 -0.444662 -0.784291
-0.911987 -57.777614 361.627756 4185.045464 -0.614206 0.783443 -0.094698 0.656215 0.440398 -0.612725 -0.438330 -0.438482 -0.784602
-2.597800 -65.053966 92.214168 -3952.414905 -0.624879 0.776784 -0.078306 -0.538551 -0.356260 0.763572 -0.565234 -0.519312 -0.640957
-2.600332 -60.421822 -238.384028 -3449.898489 -0.604605 0.789651 -0.104424 -0.564482 -0.332279 0.755613 -0.561972 -0.515793 -0.646641
-0.876249 -50.412419 -460.580647 2708.662459 -0.565416 0.809757 -0.156837 0.703283 0.373968 -0.604601 -0.430928 -0.452152 -0.780936
-1.173880 -105.059541 2138.717184 5485.456626 0.800344 -0.554444 -0.228126 0.062382 0.455447 -0.888075 -0.596287 -0.696534 -0.399102
-1.379106 -116.143245 3990.879820 -511.709359 0.831254 -0.515588 -0.207811 -0.096984 0.233590 -0.967486 -0.547367 -0.824381 -0.144169
-7.106751 -117.207789 254.050166 3435.925034 0.792357 -0.572759 -0.210042 -0.040031 0.294741 -0.954738 -0.608743 -0.764902 -0.210612
6.789115 -82.784511 -1062.923683 394.321119 0.678383 -0.734085 -0.030261 -0.623960 -0.553890 -0.551253 -0.387905 -0.392843 0.833789
9.885642 -85.647119 -723.608453 -531.795242 0.687530 -0.723502 -0.062021 -0.636484 -0.559311 -0.531093 -0.349558 -0.404617 0.845041
7.959462 -80.964256 -834.485368 1581.813859 0.671236 -0.738205 -0.067050 -0.557807 -0.443483 -0.701551 -0.488153 -0.508307 0.709458
4.848373 -77.956844 756.929364 -2738.062227 -0.665411 0.745056 0.046041 0.538943 0.436824 0.720226 -0.516496 -0.504060 0.692210
2.722897 -81.128226 1070.862832 -1216.665607 -0.663464 0.747891 0.021768 0.621267 0.534455 0.573049 -0.416944 -0.393721 0.819232
-1.360579 -59.576728 6050.888466 -173.336889 -0.673619 0.607895 -0.420359 0.101564 -0.487226 -0.867350 0.732067 0.626956 -0.266464
4.411374 -62.126976 6977.779267 1348.142117 -0.661926 0.566495 -0.490854 0.247514 -0.452928 -0.856501 0.707524 0.688433 -0.159589
-7.226202 -55.304733 2214.909352 1150.084562 -0.590330 0.555052 -0.586027 0.309076 -0.515254 -0.799366 0.745642 0.653016 -0.132616
3.491952 -61.502245 -2568.066470 -3202.657811 0.583069 -0.532178 0.613855 -0.416155 0.453284 0.788257 0.697743 0.715067 -0.042828
-7.680833 -54.243493 -1487.777846 -2771.549860 -0.463529 0.467147 -0.752938 -0.482662 0.579494 0.656677 0.743087 0.667803 -0.043138
-14.837244 -49.220859 -798.003711 -273.189971 -0.533356 0.567460 -0.627312 0.308004 -0.560410 -0.768814 0.787823 0.603266 -0.124118
-12.544249 -43.080971 1131.358376 -508.980965 -0.140437 0.958433 0.248361 -0.751257 0.060236 -0.657256 0.644896 0.278885 -0.711570
-13.748833 -42.745624 1042.969262 -1097.499261 -0.148192 0.963230 0.224116 -0.671712 0.068290 -0.737658 0.725839 0.259856 -0.636893
-16.177036 -44.503904 895.745510 -773.342779 -0.121689 0.971289 0.204423 -0.748902 0.045318 -0.661130 0.651413 0.233545 -0.721885
-13.095490 -42.871051 1116.411579 211.979852 -0.125927 0.961361 0.244799 -0.796967 0.048909 -0.602039 0.590750 0.270910 -0.760015
-16.802223 -47.294939 400.158479 -801.521073 -0.126568 0.977941 0.166169 -0.804327 -0.003137 -0.594178 0.580550 0.208858 -0.786982
-15.344996 -44.323110 818.966187 -350.541219 -0.170987 0.967617 0.185692 -0.808981 -0.030295 -0.587054 0.562418 0.250600 -0.787963
-16.828793 -41.150090 1350.791195 -1379.972987 -0.083233 0.968820 0.233368 -0.659130 0.122117 -0.742048 0.747409 0.215583 -0.628414
-9.588455 -44.522399 252.402216 -1415.696210 -0.438912 0.894720 -0.082659 -0.581310 -0.212605 0.785415 -0.685153 -0.392778 -0.613425
-9.835423 -46.109393 -150.430561 -1344.149116 -0.477141 0.873193 -0.099349 -0.586973 -0.232507 0.775502 -0.654064 -0.428339 -0.623479
-10.279144 -48.813415 92.789755 -1334.124801 -0.473324 0.879510 -0.049263 -0.427221 -0.180291 0.885990 -0.770355 -0.440406 -0.461081
-9.429458 -47.053137 413.907420 -1285.024959 -0.436029 0.899161 -0.037267 -0.419217 -0.166299 0.892526 -0.796327 -0.404790 -0.449454
-9.732215 -48.453294 607.404831 -306.159541 -0.447672 0.894187 -0.004425 -0.245419 -0.118107 0.962196 -0.859860 -0.431834 -0.272323
-10.754017 -50.312085 -104.781112 -289.309626 -0.495702 0.868333 -0.016643 -0.246206 -0.122123 0.961493 -0.832864 -0.480712 -0.274325
-0.791906 -190.796371 1837.166541 -2179.865853 -0.245042 0.968499 -0.044311 -0.444408 -0.152826 -0.882693 0.861659 0.196605 -0.467857
-2.966208 -171.192837 483.676502 -3938.074018 -0.224000 0.973181 -0.052368 -0.496689 -0.160226 -0.853011 0.838525 0.165064 -0.519259
-3.362143 -185.889482 1333.225367 -4117.240007 -0.215290 0.976323 -0.021069 -0.691719 -0.167691 -0.702427 0.689329 0.136652 -0.711443
0.076455 -216.093241 1578.445063 5385.152564 -0.212428 0.976928 -0.022055 -0.618271 -0.151849 -0.771157 0.756714 0.150179 -0.636263
-2.250274 -216.096658 1395.753674 2289.299839 -0.173418 0.984830 -0.006046 -0.857381 -0.153991 -0.491106 0.484587 0.079983 -0.871079
-6.617220 -190.023691 3015.414357 -4414.337203 -0.177723 0.983554 0.032201 -0.895506 -0.148073 -0.419694 0.408024 0.103425 -0.907094
-3.343605 -203.972248 -2500.588815 13664.970618 -0.019149 0.989358 -0.144239 0.033025 0.144812 0.988908 -0.999271 -0.014173 0.035446
-3.886801 -234.080554 -620.452549 26722.747263 -0.014521 0.988699 -0.149207 -0.065695 0.147957 0.986809 -0.997734 -0.024131 -0.062804
-1.624200 -220.091316 -2019.538066 29383.036218 -0.024650 0.988419 -0.149733 0.257615 0.151001 0.954376 -0.965933 0.015048 0.258354
-2.999246 -196.862948 1734.149584 16432.590276 0.046166 0.989049 -0.140181 0.213082 0.127351 0.968699 -0.975943 0.074591 0.204869
-9.462900 -43.149869 1146.725617 224.794959 -0.169241 0.952510 0.253146 -0.723317 0.054428 -0.688368 0.669455 0.299604 -0.679755
-11.151871 -43.762338 354.136903 -619.125192 -0.187663 0.960854 0.203819 -0.630788 0.041168 -0.774863 0.752921 0.273979 -0.598369
-13.637774 -41.882101 892.172397 -345.144445 -0.203306 0.965785 0.161017 -0.568334 0.017508 -0.822612 0.797285 0.258754 -0.545329
-800.737232 -15799.397187 151245.249311 10431202.144078 -0.114818 0.989480 0.088016 -0.666860 -0.142445 0.731442 -0.736284 -0.025288 -0.676200
-4.571439 -451.830954 2431.496276 -9720.996618 -0.000524 0.999997 -0.002455 -0.628365 0.001580 0.777917 -0.777918 -0.001950 -0.628363
-0.485470 -449.195539 4511.646661 72081.179252 0.040541 0.999171 -0.003801 -0.265156 0.014426 0.964098 -0.963353 0.038077 -0.265521
-9.448078 -922.411828 18905.454286 310611.480152 0.009355 0.998131 0.060394 -0.148712 -0.058337 0.987158 -0.988836 0.018216 -0.147888
15.947214 -55.479612 5612.316068 -1357.366992 0.443506 -0.271473 0.854169 0.004697 0.953716 0.300672 -0.896259 -0.129338 0.424254
17.718201 -51.853540 3463.194493 -2925.911281 0.429525 -0.343871 0.835021 -0.079111 0.906780 0.414116 -0.899583 -0.243933 0.362281
26.440569 -51.339973 2195.999452 -1544.904659 0.364539 -0.290612 0.884678 -0.011884 0.948524 0.316482 -0.931112 -0.125883 0.342320
24.011085 -50.149612 3144.349702 1163.403267 0.368569 -0.269399 0.889708 0.091900 0.962958 0.253508 -0.925047 -0.011671 0.379674
4.743514 -50.995526 -1121.702013 1563.794953 -0.025663 0.996524 0.079254 -0.984120 -0.039114 0.173142 -0.175640 0.073552 -0.981703
-0.998272 -55.155331 -1217.220539 470.624986 -0.154367 0.985148 0.075189 -0.984765 -0.159579 0.069081 -0.080054 0.063380 -0.994774
-1.538165 -50.078188 -737.221309 -111.273456 -0.050743 0.995484 0.080230 0.997272 0.054818 -0.049433 -0.053608 0.077503 -0.995550
4.733595 -48.297736 45.031593 1483.654638 0.043268 0.995920 0.079189 -0.983046 0.028304 0.181160 -0.178180 0.085685 -0.980260
-17.811916 -33.807023 2064.692081 2147.897128 0.039391 0.918999 0.392286 -0.852037 0.235983 -0.467273 0.521997 0.315836 -0.792318
-21.883385 -35.752678 1420.189010 2035.076273 0.222323 0.861518 0.456464 -0.799815 0.428896 -0.419933 0.557555 0.271726 -0.784409
-20.353023 -34.964370 1428.449591 1495.998729 0.169985 0.894435 0.413632 -0.840843 0.350534 -0.412442 0.513895 0.277690 -0.811665
-11.988616 -90.697910 2472.342793 -20217.680863 0.632177 0.437612 0.639412 0.713538 -0.007137 -0.700580 -0.302019 0.899135 -0.316765
-36.486724 -600.691593 -1922.556750 183129.546184 0.873947 0.401216 0.274305 -0.371948 0.188834 0.908843 -0.312845 0.896308 -0.314262
-14.676405 -82.201183 1382.814361 -14632.154801 0.637013 0.478463 0.604390 0.674571 0.033438 -0.737453 -0.373053 0.877471 -0.301456
-4.557636 -67.938625 2342.222518 1486.327474 0.601013 0.446630 0.662800 0.735267 0.016117 -0.677585 -0.313312 0.894573 -0.318706
-8.515080 -95.591946 2537.987300 -15085.086609 0.736498 0.474013 0.482578 -0.558130 0.022767 0.829441 -0.382179 0.880223 -0.281329
-44.401843 -80.442819 -1347.476215 1331.442933 0.079241 0.996263 -0.034376 0.976040 -0.070531 0.205842 -0.202648 0.049863 0.977981
-54.283160 -75.253741 -500.878135 3414.292066 -0.284305 -0.952990 0.104790 0.954359 -0.270883 0.125779 -0.091480 0.135767 0.986508
118.732804 -86.004712 10063.824622 8189.480293 -0.237794 0.946202 0.219445 -0.142823 0.189408 -0.971456 0.960758 0.262348 -0.090099
102.550174 -86.911511 8615.548098 8203.984274 -0.418455 0.894921 0.154956 0.056487 0.195926 -0.978990 0.906479 0.400910 0.132538
83.852445 -60.945458 15312.195291 9889.241503 -0.515836 0.831684 0.205463 -0.139644 0.154997 -0.977996 0.845230 0.533177 -0.036187
128.321999 -94.807829 9333.723018 3896.704219 -0.111322 0.951963 0.285262 -0.349231 0.231264 -0.908050 0.930401 0.200708 -0.306710
135.237115 -99.142593 -2649.657860 3698.130932 0.112660 0.978418 0.173223 -0.117192 0.186200 -0.975498 0.986698 -0.089599 -0.135640
95.711289 -63.597131 13266.043797 7874.729986 -0.363504 0.868097 0.338041 -0.358655 0.204487 -0.910797 0.859786 0.452319 -0.237015
41.461566 -18.216305 9018.978001 1162.534282 -0.071899 0.745242 -0.662906 0.745841 0.481450 0.460355 -0.662232 0.461324 0.590448
32.530242 -21.994199 8998.069686 2585.071931 0.020680 0.818196 -0.574568 0.720625 0.386156 0.575832 -0.693016 0.425956 0.581627
17.167546 -22.136993 -290.167879 -105.157059 -0.116489 0.768870 -0.628705 0.669091 0.528565 0.522433 -0.733995 0.359803 0.576015
20.079253 -85.670380 7113.506311 -5158.584110 -0.172994 -0.631753 -0.755620 0.963672 0.049939 -0.262378 0.203493 -0.773560 0.600163
30.054430 -68.384384 7098.997138 -6205.658587 -0.308985 -0.647663 -0.696463 0.950572 -0.186675 -0.248125 0.030690 -0.738705 0.673330
25.281396 -80.579999 4967.124542 -2702.167927 -0.114159 -0.656102 -0.745988 0.944780 0.160477 -0.285722 0.307177 -0.737412 0.601553
-16.156508 -68.446969 1005.905789 1819.175090 -0.458411 -0.823677 0.333789 0.802815 -0.222665 0.553090 -0.381245 0.521513 0.763332
-14.478453 -61.471843 327.103235 2365.916168 -0.516224 -0.796542 0.314696 0.840231 -0.399841 0.366250 -0.165905 0.453484 0.875687
-12.021067 -58.766561 -970.686131 2217.489387 -0.584275 -0.738791 0.335871 0.800033 -0.454844 0.391235 -0.136272 0.497297 0.856811
0.715282 -64.487823 425.517076 1279.060247 0.447358 0.855165 -0.261847 0.865282 -0.487893 -0.115097 0.226180 0.175082 0.958222
1.416812 -63.949816 32.408303 -1356.268970 0.503807 0.820498 -0.270115 0.783174 -0.565794 -0.257905 0.364440 0.081612 0.927644
2.169128 -59.553123 457.047622 -903.276888 0.507026 0.816524 -0.276067 0.774643 -0.572122 -0.269453 0.377958 0.077234 0.922595
-12.917271 -73.854190 1597.617245 3343.544435 0.084395 -0.952332 -0.293156 0.968231 0.147877 -0.201648 0.235387 -0.266824 0.934557
-6.082846 -85.577167 2392.134544 3383.499061 0.114123 -0.924928 -0.362607 0.981133 0.162266 -0.105111 0.156059 -0.343770 0.925995
-19.926508 -67.526119 14.738402 -1290.434118 0.404347 0.911630 -0.073719 0.906855 -0.410087 -0.097174 0.118819 0.027561 0.992533
-17.083902 -73.658169 -814.073217 3260.932532 -0.429696 -0.891537 0.143256 0.902928 -0.422646 0.078041 -0.009030 0.162884 0.986604
-21.518321 -73.296654 -857.031538 4894.564839 -0.431940 -0.898231 0.081293 0.901899 -0.430441 0.036045 0.002615 0.088887 0.996038
-3.101504 -97.053020 -991.033762 5127.854140 -0.083865 0.116459 -0.989648 0.348744 0.933769 0.080330 0.933458 -0.338397 -0.118925
-1.846296 -93.191261 1022.751655 3793.758105 -0.120835 0.100948 -0.987526 0.302591 0.951217 0.060211 0.945430 -0.291541 -0.145486
-3.305343 -101.921467 939.175212 4772.326365 -0.120274 0.061642 -0.990825 0.442980 0.896529 0.002003 0.888427 -0.438675 -0.135135
1.942873 -42.835330 -147.532509 -929.640893 0.384431 0.786788 -0.482885 -0.739663 0.575506 0.348844 -0.552370 -0.223065 -0.803200
-3.496274 -46.844213 4638.817257 -2855.192474 -0.497667 -0.666336 0.555269 -0.706332 0.682891 0.186427 -0.503412 -0.299425 -0.810507
203.484310 -15.490246 -70791.007019 -1190.920217 -0.620826 0.782866 0.041178 0.531657 0.381848 0.755998 -0.576121 -0.491235 0.653278
96.732656 -8.367508 35402.451569 2401.795699 0.709456 -0.694877 -0.117549 -0.487136 -0.362985 -0.794318 -0.509285 -0.620796 0.596021
178.430774 -13.047656 -45067.771810 -656.645374 -0.600081 0.796199 -0.077270 0.465478 0.426106 0.775734 -0.650564 -0.429536 0.626311
6.225076 -120.077470 668.424189 -3523.596642 0.235759 -0.195548 0.951934 0.068345 0.980457 0.184481 -0.969405 0.021567 0.244516
4.254992 -123.947885 1243.168649 3060.280125 0.239106 -0.193339 0.951551 0.271902 0.954102 0.125533 -0.932147 0.228713 0.280701
4.189235 -118.978374 92.494567 635.691281 0.236564 -0.199325 0.950951 0.099846 0.978537 0.180269 -0.966472 0.052303 0.251389
-1.061456 -226.709421 -1573.463619 4797.263202 -0.384861 -0.121950 -0.914882 0.913693 -0.190559 -0.358960 -0.130564 -0.974072 0.184763
-0.963185 -269.151947 -2184.162082 31104.328371 -0.386427 -0.113176 -0.915350 0.905254 0.143491 -0.399906 0.176605 -0.983159 0.047004
-3.261819 -274.002250 -2154.564558 -8915.279995 -0.379822 -0.154770 -0.912021 0.900891 -0.285778 -0.326690 -0.210074 -0.945715 0.247976
-1.111720 -253.927844 -1109.039173 -22784.551621 -0.394654 -0.114752 -0.911636 0.822496 -0.486383 -0.294842 -0.409570 -0.866178 0.286336
19.666672 -1083.191218 -1155.462381 -370403.444136 -0.207232 -0.139383 -0.968312 -0.550696 0.834703 -0.002294 0.808572 0.532770 -0.249734
-7.200939 -321.251567 -462.649713 59293.115749 0.249175 0.043009 0.967503 0.749370 -0.641397 -0.164483 0.613480 0.766002 -0.192049
-4.601312 -264.465323 -326.606235 -53249.738605 -0.306291 -0.034313 -0.951319 -0.415197 0.904100 0.101069 0.856620 0.425942 -0.291164
-11.254327 -89.042052 370.144266 -4262.508563 -0.183311 0.232773 -0.955099 -0.618191 0.728123 0.296104 0.764354 0.644712 0.010425
-7.030835 -85.090712 1204.716284 -4397.398575 -0.207576 0.214825 -0.954339 -0.625889 0.720593 0.298344 0.751782 0.659239 -0.015121
-8.102890 -96.176827 -768.909390 6131.157072 0.232284 -0.244904 0.941311 0.740551 -0.582892 -0.334397 0.630578 0.774764 0.045967
931.048285 -789.992324 -349989.525973 -194698.334791 0.650057 -0.630711 -0.423827 0.698691 0.276815 0.659700 -0.298759 -0.724967 0.620618
9.475145 -95.843522 3411.324077 49988.048055 0.488267 -0.085473 0.868499 -0.463980 0.817458 0.341298 -0.739133 -0.569611 0.359480
10.161155 -648.369225 3658.575456 -146737.714718 0.012892 -0.111613 -0.993668 0.951552 0.306692 -0.022104 0.307218 -0.945242 0.110159
17.033592 -11.185948 5932.081902 -4801.182661 -0.463676 0.601699 0.650357 0.608071 -0.317761 0.727515 0.644402 0.732794 -0.218537
3.709055 -9.053672 4698.349297 -4984.908429 -0.253744 0.415725 0.873376 0.729647 -0.510497 0.454982 0.635003 0.752705 -0.173797
15.604417 -1.969902 7254.570287 -7768.194441 -0.455925 0.544852 0.703753 0.657345 -0.326937 0.678977 0.600025 0.772171 -0.209098
-4.878029 -14.366022 -1376.612377 -1782.336470 -0.242527 0.039993 -0.969320 0.066632 0.997477 0.024483 0.967854 -0.058650 -0.244580
-5.383084 -6.212169 1022.538610 -1474.207577 -0.281024 -0.607515 -0.742934 -0.109673 0.789389 -0.604017 0.953414 -0.088264 -0.288465
-7.261724 -13.117701 -390.715091 -695.545664 -0.279868 0.170592 -0.944760 0.095193 0.984168 0.149508 0.955307 -0.048092 -0.291676
13166.792113 -1106071.987484 -242141014.036235 3435513944.774135 0.272164 0.086678 -0.958339 0.320374 0.930951 0.175186 0.907352 -0.354706 0.225602
-1777.491879 -7890.563816 697550.613023 -1448383.503731 0.390434 0.392732 -0.832660 -0.359553 0.897664 0.254797 0.847516 0.199904 0.491686
-803.413090 -3577.132836 412436.590896 -1548824.119783 0.662031 -0.050802 -0.747752 0.445264 0.829201 0.337884 0.602872 -0.556637 0.571577
-85.602419 -374.276518 25431.494996 -18907.012599 0.086658 0.969382 0.229759 -0.964682 0.139237 -0.223611 0.248756 0.202267 -0.947211
-39.663669 -410.581315 19909.831428 -48820.997396 0.072521 0.925500 0.371740 0.994996 -0.092821 0.036983 0.068734 0.367197 -0.927600
-38.898941 -2066.802328 19260.540791 -773270.801876 0.109027 0.939228 0.325521 -0.790062 0.280611 -0.545032 0.603254 0.197758 -0.772643
-119.972267 -553.351721 37756.968140 -149249.953275 0.104476 0.965900 0.236902 0.962320 -0.038053 -0.269242 -0.251046 0.256105 -0.933481
93.373747 -90.203477 2302.207642 -4101.462731 -0.029300 0.922809 0.384143 0.997045 -0.000321 0.076820 0.071014 0.385258 -0.920072
110.121461 -110.311536 11043.238572 -12592.273774 -0.121485 0.814599 0.567160 0.974918 -0.009426 0.222364 0.186483 0.579948 -0.793022
83.154321 -106.747664 11084.490181 -8001.829346 -0.260740 0.667624 0.697347 0.964091 0.142340 0.224203 0.050423 0.730765 -0.680764
14.152322 -177.313379 545.493643 38419.740997 -0.267352 0.961741 -0.059813 0.962089 0.262944 -0.072426 -0.053927 -0.076909 -0.995579
13.944422 -166.885916 513.026218 -15098.312330 -0.217656 0.973598 -0.068799 -0.896505 -0.171557 0.408468 -0.385881 -0.150584 -0.910176
10.449953 -174.108435 -1365.623228 35174.448174 -0.315012 0.943880 -0.099289 0.948460 0.316881 0.003233 0.034515 -0.093153 -0.995053
-17.113084 -30.876040 4395.359076 -43.475823 -0.235834 0.934147 0.267867 0.093357 -0.252589 0.963059 -0.967299 -0.252129 0.027640
-13.767141 -29.902254 4334.932328 -1133.824613 -0.233510 0.946358 0.223337 -0.001853 -0.230119 0.973161 -0.972353 -0.226829 -0.055489
-21.564034 -29.841473 3430.956075 -744.537252 -0.271186 0.888224 0.370832 0.054718 -0.370420 0.927251 -0.960970 -0.271749 -0.051851
-9.192858 -27.218738 3883.338647 -1854.425606 -0.230071 0.943255 0.239453 -0.081062 -0.263773 0.961172 -0.969792 -0.201728 -0.137149
-19.408657 -27.742380 3613.824392 -1737.286705 -0.269529 0.864558 0.424138 -0.007458 -0.442298 0.896837 -0.962963 -0.238560 -0.125660
-1.681016 -61.748860 -265.254656 4587.062409 0.643258 -0.762075 0.073897 0.623953 0.465829 -0.627444 -0.443736 -0.449716 -0.775147
0.512598 -49.880702 415.979619 3136.903251 -0.604736 0.788763 -0.110216 0.733438 0.497610 -0.463090 -0.310424 -0.360884 -0.879432
-2.963098 -69.205661 216.071076 -3985.145198 -0.645301 0.761687 -0.058473 -0.507527 -0.370249 0.778031 -0.570967 -0.531740 -0.625499
-0.438460 -53.608646 103.433114 3826.487261 -0.635935 0.766203 -0.092301 0.703878 0.526807 -0.476476 -0.316453 -0.367976 -0.874329
-2.092267 -65.784356 41.369857 4829.084231 0.668993 -0.740919 0.059062 0.590673 0.481730 -0.647334 -0.451170 -0.467948 -0.759915
-3.374685 -72.526239 107.414359 -3580.715226 -0.666654 0.743953 -0.045897 -0.474354 -0.375959 0.796017 -0.574944 -0.552440 -0.603532
8.705342 -109.396545 5192.483390 4771.546738 0.840541 -0.514715 -0.168992 0.116119 0.475863 -0.871820 -0.529156 -0.713178 -0.459751
18.455715 -113.618335 2248.107372 -2331.316141 0.779177 -0.598413 -0.186506 0.020983 0.322287 -0.946409 -0.626452 -0.733507 -0.263675
18.751174 -109.606724 5149.551002 -1789.384989 0.822400 -0.533688 -0.197067 -0.055775 0.269089 -0.961499 -0.566169 -0.801728 -0.191532
11.105403 -115.520901 6725.173531 -2008.331162 0.836797 -0.512025 -0.193909 -0.084240 0.229542 -0.969646 -0.540994 -0.827732 -0.148947
13.115159 -109.019207 -1915.038524 -3618.787594 -0.767705 0.613727 0.184305 -0.227500 -0.529917 0.816965 -0.599060 -0.585258 -0.546443
11.473317 -88.778610 -354.390787 -128.328120 0.693789 -0.713690 -0.096452 -0.636768 -0.545345 -0.545092 -0.336427 -0.439597 0.832810
11.725080 -92.501861 -18.379907 1621.130349 0.706782 -0.701299 -0.092950 -0.676055 -0.630881 -0.380708 -0.208350 -0.331917 0.920012
11.226317 -84.479302 -815.869157 -11.999518 0.685074 -0.722654 -0.091894 -0.567569 -0.450414 -0.689197 -0.456661 -0.524307 0.718723
11.551833 -89.579899 249.098550 232.821616 0.704048 -0.699626 -0.121819 -0.648153 -0.562960 -0.512809 -0.290195 -0.440000 0.849816
12.693518 -86.530939 -535.028996 -939.973335 0.702242 -0.703667 -0.108209 -0.568804 -0.463131 -0.679685 -0.428157 -0.538853 0.725479
23.958175 -69.194855 10401.843302 772.734409 -0.677433 0.619128 -0.397197 0.131630 -0.429227 -0.893553 0.723711 0.657606 -0.209277
23.319986 -69.682093 -9288.220572 -3016.267966 0.661123 -0.559679 0.499676 -0.319687 0.392369 0.862466 0.678761 0.729936 -0.080482
32.507680 -22.504145 -5772.875033 1819.277056 -0.486352 0.839350 -0.242803 -0.008521 0.273313 0.961887 -0.873721 -0.469885 0.125775
40.298666 -20.031736 -2821.350187 2205.883980 -0.348184 0.936698 -0.036933 0.061089 0.061987 0.996206 -0.935434 -0.344606 0.078805
24.225715 -11.723333 -3582.209198 2433.865633 -0.418588 0.886023 -0.199367 0.049123 0.241293 0.969208 -0.906847 -0.395905 0.144527
16.919356 -27.087981 -584.461694 -2430.912388 -0.463304 0.665266 -0.585465 -0.115329 0.609767 0.784145 -0.878663 -0.430819 0.205783
-16.935121 -48.256678 -171.111233 -79.292113 -0.138749 0.982635 0.123199 -0.847797 -0.053560 -0.527610 0.511849 0.177653 -0.840506
-16.231421 -48.765489 -700.555664 -472.861349 -0.046391 0.991113 0.124669 -0.814312 0.034763 -0.579385 0.578570 0.128398 -0.805463
-15.742049 -49.569557 -1277.454334 816.161787 -0.062218 0.993893 0.091134 -0.865892 -0.008343 -0.500162 0.496347 0.110031 -0.861123
-15.628999 -48.819858 -929.121925 -877.509778 0.018289 0.992606 0.119995 -0.766702 0.090955 -0.635527 0.641742 0.080378 -0.762697
-14.224814 -50.713363 -1148.974803 -75.705326 0.020336 0.996023 0.086745 -0.851761 0.062693 -0.520167 0.523536 0.063308 -0.849648
-0.604095 -176.618407 179.149023 785.795914 -0.228248 0.971125 -0.069412 -0.261697 -0.129865 -0.956373 0.937773 0.200126 -0.283782
-3.285422 -180.361453 -497.031741 2440.538596 -0.223175 0.969476 -0.101533 -0.324004 -0.172015 -0.930286 0.919355 0.174720 -0.352504
-4.776823 -210.487914 -2332.436565 15094.745155 -0.024966 0.990503 -0.135209 -0.234853 0.125654 0.963875 -0.971710 -0.055818 -0.229486
-8.343837 -42.204259 2176.224922 638.369399 -0.185121 0.947882 0.259327 -0.792980 0.011782 -0.609134 0.580442 0.318405 -0.749470
-154.534326 -8484.139858 -80396.672121 12313330.733266 -0.226514 0.973912 -0.013661 -0.957370 -0.225204 -0.180904 0.179261 0.027899 -0.983406
-16.157711 -5838.563678 -33682.719702 -10428719.356092 -0.140450 0.956527 -0.255597 0.321687 0.288236 0.901908 -0.936371 -0.044450 0.348185
-1895.129202 -4686.067682 -612953.798523 -5464241.494919 -0.160195 0.969595 -0.184995 -0.827757 -0.029859 0.560292 -0.537733 -0.242887 -0.807372
-1006.503265 -4392.375711 -325091.935600 -5180506.686878 -0.214890 0.932954 -0.288824 0.036425 -0.287871 -0.956976 0.975959 0.216165 -0.027878
-583.252872 -2618.480188 -166434.717210 -2203110.542182 -0.266334 0.915637 -0.301123 0.849328 0.075221 -0.522478 0.455750 0.394906 0.797710
-5.275814 -54.589987 -495.060857 1421.890682 -0.255669 0.962875 0.086627 0.965802 0.250391 0.067311 0.043122 0.100874 -0.993964
-7.227976 -51.072779 -1054.071747 -1364.449359 -0.176089 0.981459 0.075701 -0.979148 -0.166721 -0.116077 0.101304 0.094562 -0.990351
15.473583 -109.790637 -1511.920937 19836.941585 -0.419532 0.896146 0.144621 0.850162 0.332063 0.408605 -0.318146 -0.294374 0.901181
17.711118 -145.786012 -1833.424072 30488.183848 -0.471148 0.877242 0.092008 0.741533 0.337442 0.579881 -0.477648 -0.341437 0.809489
15.305466 -126.010786 60.291324 27041.400707 -0.372290 0.924273 0.084372 0.868591 0.314938 0.382575 -0.327032 -0.215714 0.920064
13.906177 -114.607551 -1418.660586 13428.547221 -0.496363 0.854753 0.151729 0.747036 0.331525 0.576219 -0.442223 -0.399361 0.803088
11.397473 -98.022706 1633.558912 7802.459947 0.469135 -0.864083 -0.182405 0.827084 0.357485 0.433747 -0.309586 -0.354350 0.882379
-43.389043 -442.883473 5362.300760 99812.916877 0.820967 0.292741 0.490220 -0.570586 0.388916 0.723309 -0.021088 0.873526 -0.486321
-61.258342 -538.843875 4216.003767 133942.915342 0.868212 0.381010 0.317868 -0.436639 0.282353 0.854180 -0.235700 0.880403 -0.411506
-34.301691 -243.207402 816.896073 57592.445682 0.854035 0.330550 0.401697 -0.488822 0.245733 0.837059 -0.177980 0.911236 -0.371445
-20.953038 -82.643956 -8448.702805 3063.319818 0.051881 0.992188 0.113454 0.988414 -0.067244 0.136077 -0.142643 -0.105080 0.984180
-13.283484 -80.124460 9166.123219 8860.168229 -0.072309 -0.981171 -0.179093 0.997323 -0.069169 -0.023723 0.010888 -0.180329 0.983546
68.135201 -68.894709 13848.072239 11212.847605 -0.617933 0.782250 0.079018 0.021256 0.117086 -0.992894 0.785943 0.611863 0.088979
51.943007 -18.259976 31.660469 79.460775 0.267301 -0.472078 0.840055 0.708802 0.686910 0.160479 -0.652801 0.552537 0.518222
56.375680 -16.411675 6555.238935 -114.478783 -0.138929 0.688916 -0.711402 0.763219 0.532235 0.366364 -0.631027 0.492057 0.599737
31.978384 -20.791516 -3087.997358 -157.904768 0.331863 -0.234030 0.913836 0.592236 0.805717 -0.008732 -0.734250 0.544105 0.405989
81.257667 -20.522750 1732.668389 -870.917124 -0.234186 0.631316 -0.739322 0.778464 0.577310 0.246388 -0.582367 0.517835 0.626655
85.714604 -22.693906 -4944.697814 -960.809806 0.230586 -0.461834 0.856469 0.763915 0.631114 0.134648 -0.602714 0.623221 0.498328
50.716775 -21.668328 -4734.421908 56.927813 0.277773 -0.269428 0.922091 0.676129 0.736693 0.011577 -0.682416 0.620236 0.386801
35.102086 -103.075736 2372.379869 31.717682 0.473348 -0.631471 0.614155 0.844361 0.126603 -0.520602 0.250991 0.764994 0.593117
57.613457 -106.730077 9260.083698 -13273.392469 0.435109 -0.650464 0.622557 0.900308 0.322891 -0.291867 -0.011169 0.687487 0.726111
44.205444 -101.776725 6888.042973 -4302.891646 0.321775 -0.590245 0.740319 0.936822 0.085168 -0.339281 0.137208 0.802719 0.580359
60.474648 -104.714461 -1709.243308 -11949.358493 0.544491 -0.633928 0.549240 0.838526 0.395710 -0.374550 0.020098 0.664491 0.747026
23.412516 -97.515976 3070.355673 9170.334605 0.389238 -0.579362 0.716124 0.815584 -0.144596 -0.560281 0.428154 0.802142 0.416236
20.121540 -104.741779 439.948279 11351.636034 0.547127 -0.650617 0.526639 0.696350 0.004658 -0.717687 0.464486 0.759392 0.455606
41.614175 -107.991257 -6608.363251 -3189.773539 0.611366 -0.622769 0.488253 0.755531 0.275832 -0.594214 0.235383 0.732172 0.639155
14.029960 -104.609443 2307.597865 11887.953481 0.488420 -0.621676 0.612344 0.709295 -0.125907 -0.693576 0.508278 0.773089 0.379456
-20.211634 -66.504968 -1617.884677 -2277.295975 0.436406 0.800172 -0.411430 0.557926 0.118082 0.821447 -0.705882 0.588032 0.394905
-24.455828 -59.454168 -1776.029780 -3417.694382 0.461545 0.749420 -0.474705 0.429292 0.279600 0.858797 -0.776327 0.600161 0.192672
-23.094959 -56.809303 577.637016 -2742.190203 0.559735 0.708220 -0.430257 0.419164 0.205918 0.884251 -0.714842 0.675295 0.181601
1.411829 -73.611320 -29.790156 2681.161951 -0.395382 -0.884437 0.247881 0.908688 -0.337264 0.246046 -0.134011 0.322529 0.937025
1.235881 -78.548322 255.314845 1839.980948 -0.386474 -0.889926 0.242219 0.860890 -0.253850 0.440940 -0.330917 0.378935 0.864235
0.531225 -77.363586 277.290054 2327.293208 -0.394007 -0.888366 0.235720 0.863842 -0.270337 0.425083 -0.313906 0.371110 0.873923
-16.735429 -70.345098 1354.136292 -661.010611 0.402638 0.901843 -0.156724 0.902687 -0.419591 -0.095387 0.151784 0.103067 0.983025
-12.503978 -74.374010 -1588.706395 2374.608709 -0.413772 -0.885678 0.210634 0.910376 -0.403234 0.092827 0.002720 0.230166 0.973148
-18.313054 -76.451637 1301.324611 -5298.261299 0.344881 0.933069 -0.102171 0.894203 -0.359696 -0.266495 0.285409 -0.000547 0.958406
-11.345110 -71.690942 1928.999941 159.821157 0.407557 0.886696 -0.218329 0.894616 -0.435656 -0.099333 0.183194 0.154836 0.970807
