12128
24244
-21.206038 -28.645538 -25.129843 -1598.448690 -0.112920 0.858234 0.500684 0.880715 -0.146830 0.450314 0.459990 0.491809 -0.739279
-23.447983 -35.830151 295.880332 1634.116895 -0.037652 0.834214 0.550154 -0.806386 0.299792 -0.509771 0.590190 0.462830 -0.661411
-18.176633 -38.251790 -1157.818511 3269.726912 0.333793 0.731470 0.594587 -0.810447 0.544823 -0.215276 0.481412 0.410024 -0.774676
-21.136176 -33.416050 -30.826231 1419.648670 -0.364152 0.838809 0.404714 -0.748274 -0.004780 -0.663372 0.554508 0.544405 -0.629399
-15.294865 -25.648416 -1154.298436 -1889.496696 0.128488 0.855705 0.501259 0.921540 -0.289770 0.258451 0.366408 0.428722 -0.825798
-16.906163 -22.933414 -18.612715 -796.187534 -0.601445 0.769504 0.214773 0.702943 0.381963 0.599980 0.379652 0.511828 -0.770647
-19.644788 -28.829730 209.125640 -983.366181 -0.602872 0.757505 0.250464 0.653843 0.289190 0.699184 0.457204 0.585283 -0.669634
38.427435 -50.762863 -242.131347 369.729417 0.455687 0.759064 0.464942 -0.190948 -0.426808 0.883953 -0.869418 0.491586 0.049549
32.796276 -41.900316 1085.255924 1835.871680 0.628037 0.589441 0.508063 -0.239490 -0.474794 0.846886 -0.740415 0.653552 0.157023
30.378052 -36.883249 1559.990459 578.065847 0.615237 0.689070 0.382971 -0.002092 -0.484364 0.874864 -0.788340 0.539049 0.296557
36.654238 -49.425497 129.105552 632.375723 0.424300 0.823564 0.376446 0.149750 -0.473816 0.867798 -0.893054 0.311834 0.324369
39.441233 -56.486386 -660.575876 -344.647296 0.275058 0.852027 0.445413 -0.076701 -0.442360 0.893552 -0.958363 0.279942 0.056323
2.706661 -7.810038 2.225829 57.155883 0.090462 -0.619517 -0.779753 -0.409441 0.690597 -0.596183 0.907840 0.373195 -0.191184
2.463473 -7.600852 298.286791 -78.567927 -0.188910 0.699976 0.688728 -0.391668 0.589448 -0.706504 0.900505 0.403218 -0.162806
1.437624 -7.213334 -214.908187 -42.879847 0.076501 -0.577436 -0.812844 -0.436898 0.713389 -0.547902 0.896252 0.397045 -0.197706
2.118438 -8.305631 399.985202 -80.802862 -0.010631 -0.524388 -0.851413 -0.428939 0.771535 -0.469835 0.903271 0.360210 -0.233133
3.982407 -22.898133 1519.576908 -43.194026 0.040868 0.955478 0.292219 -0.859094 -0.115732 0.498561 -0.510183 0.271419 -0.816116
-1.637680 -23.809704 1434.127116 -285.746802 0.043011 0.947921 0.315589 -0.790836 -0.160726 0.590547 -0.610515 0.274979 -0.742737
5.462067 -23.863452 976.233830 154.668742 0.111515 0.973927 0.197561 -0.794687 -0.031971 0.606176 -0.596688 0.224597 -0.770402
11.957042 -25.657157 1376.506232 -78.965815 0.091307 0.978787 0.183409 -0.864765 -0.013396 0.501998 -0.493806 0.204441 -0.845198
9.054920 -22.675528 1721.071294 -166.754971 0.001853 0.955069 0.296377 -0.916154 -0.117174 0.383316 -0.400821 0.272238 -0.874774
10.651226 -26.652303 378.432088 -378.713609 0.193460 0.909582 0.367741 -0.798651 0.363707 -0.479452 0.569851 0.200941 -0.796801
9.572835 -24.539095 -1638.355998 -104.073622 0.324322 0.893283 0.311225 -0.781945 0.438318 -0.443216 0.532332 0.099616 -0.840654
12.025821 -23.943668 -338.147324 -193.745044 0.260419 0.891195 0.371421 -0.726909 0.434164 -0.532076 0.635441 0.131426 -0.760882
6.901294 -25.586601 -534.327894 -289.961073 0.220009 0.915553 0.336688 -0.863565 0.343324 -0.369303 0.453709 0.209502 -0.866174
9.595049 -27.050993 968.378621 -375.617123 0.113695 0.911320 0.395688 -0.785856 0.326167 -0.525400 0.607868 0.251219 -0.753250
9.356340 -26.792556 599.268313 -622.947584 0.147347 0.912617 0.381338 -0.833821 0.321991 -0.448402 0.532007 0.251897 -0.808404
0.387811 -27.344859 4.197822 -334.111213 -0.177085 0.971714 0.156246 -0.889660 -0.225937 0.396810 -0.420888 0.068737 -0.904505
0.568943 -27.439495 -72.570405 -795.613109 -0.190635 0.969949 0.151188 -0.849148 -0.240210 0.470368 -0.492550 0.038712 -0.869423
-0.428240 -27.623508 -102.516871 -243.788870 -0.201046 0.967790 0.151534 -0.889262 -0.245192 0.386128 -0.410846 0.057124 -0.909914
1.595800 -32.341638 36.385492 859.512524 -0.061770 0.976960 0.204286 0.984371 0.093451 -0.149265 -0.164917 0.191873 -0.967464
1.271543 -29.945900 114.582984 347.350228 -0.023604 0.978530 0.204751 0.998245 0.034196 -0.048345 -0.054309 0.203250 -0.977619
1.029840 -32.497205 -27.314221 621.531270 -0.012285 0.981979 0.188591 0.997643 0.024771 -0.063994 -0.067512 0.187361 -0.979968
1.654791 -32.736355 -7.304344 -867.867613 -0.084923 0.975546 0.202727 -0.974346 -0.123866 0.187904 -0.208420 0.181569 -0.961038
1.601587 -35.936735 -110.548121 -1073.046436 -0.063038 0.979179 0.192961 -0.974556 -0.102066 0.199557 -0.215096 0.175472 -0.960699
2.349881 -36.522362 -58.479020 -1057.336919 -0.096250 0.973521 0.207345 -0.949506 -0.152299 0.274306 -0.298621 0.170473 -0.939023
0.316384 -41.020085 150.864488 -2125.488414 0.321394 0.937257 0.135107 -0.149100 0.190984 -0.970203 0.935134 -0.291673 -0.201127
0.719443 -37.665584 238.707699 -1695.221799 0.313474 0.942175 0.118490 -0.040854 0.138045 -0.989583 0.948718 -0.305368 -0.081765
0.367994 -38.736470 -172.106166 -1784.305671 0.345953 0.932161 0.106735 -0.079890 0.142612 -0.986549 0.934844 -0.332773 -0.123808
-0.004144 -47.500768 -111.998205 -2623.045193 0.339724 0.934156 0.109267 -0.240663 0.198649 -0.950063 0.909213 -0.296463 -0.292303
-0.144203 -48.761484 78.309937 -2196.912337 0.322732 0.937603 0.129401 -0.327379 0.238858 -0.914204 0.888069 -0.252680 -0.384039
1.145693 -46.614961 273.346902 -1981.759139 0.327187 0.933677 0.145586 -0.231220 0.228486 -0.945691 0.916235 -0.275755 -0.290642
0.388038 -35.262524 -38.814865 -233.992455 0.338671 0.937430 0.080794 0.030457 0.074901 -0.996726 0.940412 -0.340023 0.003184
0.692057 -32.361125 394.852536 -778.443284 -0.174325 0.896197 0.407973 0.670458 -0.195414 0.715751 -0.721178 -0.398302 0.566796
1.299465 -29.503046 254.820371 -210.605609 -0.194340 0.893791 0.404189 0.607544 -0.213830 0.764962 -0.770145 -0.394225 0.501462
-0.378265 -31.990818 -103.411378 -745.463771 -0.176153 0.885220 0.430530 0.645068 -0.226560 0.729766 -0.743544 -0.406271 0.531118
-0.184402 -32.775973 1.253961 -909.554844 -0.179902 0.881973 0.435614 0.721815 -0.182496 0.667591 -0.668295 -0.434534 0.603790
-0.722240 -32.655867 -191.500439 -145.406220 -0.165864 0.874407 0.455963 0.738314 -0.196407 0.645226 -0.653745 -0.443663 0.613010
-0.199630 -32.149946 -52.334650 -421.577094 -0.162447 0.883736 0.438888 0.624708 -0.252183 0.739016 -0.763774 -0.394227 0.511110
0.068267 -44.198465 -67.749631 -1756.578244 0.312308 0.946024 0.086615 -0.031214 0.101345 -0.994362 0.949468 -0.307843 -0.061180
-0.608961 -42.081787 83.058150 -469.644603 0.314063 0.945202 0.089210 -0.008492 0.096758 -0.995272 0.949364 -0.311820 -0.038415
-0.720844 -43.561628 41.760984 1234.742753 0.308765 0.938945 0.151807 0.121625 0.119319 -0.985378 0.943330 -0.322714 0.077357
-9.377297 -44.874882 87.665039 81.324956 0.269842 0.961517 0.051673 0.358413 -0.150104 0.921417 -0.893714 0.230117 0.385125
-8.255175 -44.455339 -124.163510 88.945327 0.240120 0.967648 0.077452 0.393332 -0.169927 0.903557 -0.887486 0.186498 0.421410
-8.622912 -44.155219 -56.264454 -183.134714 0.281045 0.957445 0.065679 0.519568 -0.209338 0.828388 -0.806885 0.198689 0.556291
-8.356367 -46.202730 41.423421 757.254644 0.245987 0.966646 0.071312 0.224526 -0.128399 0.965972 -0.942910 0.221605 0.248621
-9.201110 -46.381920 -34.653681 657.905627 0.269646 0.961250 0.057354 0.190867 -0.111729 0.975237 -0.943854 0.252021 0.213598
2.923957 -61.642515 -1836.874787 -1020.375956 0.064404 0.900524 0.430009 0.886815 -0.249245 0.389147 -0.457615 -0.356276 0.814651
8.630464 -55.801009 -2479.354653 -3378.681596 0.046230 0.887305 0.458859 0.712308 -0.351329 0.607607 -0.700343 -0.298760 0.648276
12.866915 -57.549666 -2479.222115 -2037.926385 0.111480 0.875986 0.469278 0.802163 -0.358066 0.477831 -0.586606 -0.323169 0.742601
5.552589 -61.328489 1853.839064 97.164819 -0.102340 -0.888008 -0.448295 0.936899 -0.237490 0.256552 -0.334286 -0.393752 0.856278
-2.466487 -73.723940 157.047417 1162.351347 -0.310135 0.061868 -0.948677 0.362258 0.930286 -0.057758 0.878968 -0.361579 -0.310926
-1.441771 -64.817617 225.468828 623.252082 -0.296220 0.087051 -0.951144 0.544857 0.833309 -0.093421 0.784465 -0.545911 -0.294273
-1.243502 -78.604232 41.375795 1358.786902 -0.284992 0.092994 -0.954008 0.619909 0.777004 -0.109446 0.731090 -0.622589 -0.279088
-1.279106 -67.146363 -18.971386 1074.913562 -0.327722 0.012376 -0.944693 0.153514 0.987324 -0.040321 0.932219 -0.158238 -0.325467
-2.675413 -67.946741 -29.604010 170.342396 -0.326654 0.030054 -0.944666 0.099676 0.995016 -0.002811 0.939873 -0.095079 -0.328022
2.009171 -130.764657 165.767783 8360.087297 -0.187312 0.295015 -0.936953 0.691356 0.717184 0.087604 0.697812 -0.631359 -0.338298
2.589518 -294.217897 1461.643592 41860.308439 -0.167311 0.344874 -0.923617 0.861007 0.507487 0.033523 0.480285 -0.789632 -0.381848
-3.951685 -254.342467 1255.339331 34626.144021 -0.106621 0.328828 -0.938352 0.906257 0.420396 0.044346 0.409061 -0.845659 -0.342826
0.467578 -148.362132 606.421426 13391.657265 -0.153834 0.328778 -0.931794 0.788064 0.609694 0.085022 0.596062 -0.721234 -0.352889
2.199626 -126.819975 573.765933 -1267.559094 -0.198063 0.268290 -0.942757 0.563735 0.818002 0.114353 0.801857 -0.508816 -0.313260
3.085486 -110.934507 84.477319 -1900.758224 -0.213704 0.231044 -0.949183 0.413962 0.901499 0.126235 0.884853 -0.365949 -0.288298
-6.022978 -50.090664 213.261657 -593.207287 0.384892 0.917070 0.104116 -0.531661 0.128087 0.837216 -0.754450 0.377592 -0.536871
-6.730898 -49.163748 141.480329 -598.201618 0.360983 0.927032 0.101502 -0.532619 0.115600 0.838423 -0.765512 0.356719 -0.535485
-7.005826 -50.442469 200.636560 -411.027742 0.377176 0.921940 0.088118 -0.371308 0.063367 0.926345 -0.848451 0.382114 -0.366224
-0.606201 -106.681824 61.390732 -4965.944852 0.067142 0.994712 0.077718 0.130350 -0.085971 0.987734 -0.989192 0.056188 0.135433
0.589882 -121.132131 -470.692318 -7058.317416 0.056891 0.988048 0.143261 0.250988 -0.153039 0.955816 -0.966317 0.018421 0.256695
-2.069708 -117.968578 -84.157386 -2627.866550 0.087374 0.987711 0.129590 0.470884 -0.155587 0.868367 -0.877858 0.014851 0.478692
-0.431009 -100.226796 12.240249 -1362.747224 0.045258 0.994685 0.092488 0.231396 -0.100503 0.967654 -0.971806 0.022392 0.234714
-8.994088 -319.837344 1830.391564 -50186.690250 0.724831 0.131219 -0.676315 -0.666121 0.383986 -0.639405 -0.175793 -0.913968 -0.365732
-13.952618 -240.527272 573.647917 -33711.087504 0.704268 0.168050 -0.689758 -0.677977 0.447429 -0.583228 -0.210606 -0.878389 -0.429043
-6.627613 -156.004729 -101.627291 22429.106429 0.672258 0.155835 -0.723729 0.736177 -0.243958 0.631291 -0.078183 -0.957183 -0.278725
-0.906025 -178.759572 514.420823 -27876.523667 0.706814 0.107317 -0.699212 -0.701732 0.231237 -0.673871 -0.089366 -0.966960 -0.238749
-5.749765 -37.468482 -578.983023 -1587.576353 0.707642 0.108381 -0.698210 -0.701683 0.223832 -0.676417 -0.082971 -0.968583 -0.234442
-2.697939 -29.165607 -124.480719 -499.607735 0.065011 0.946479 0.316151 0.104985 0.308576 -0.945388 0.992347 -0.094652 0.079305
-3.337349 -30.754742 -180.774051 -1427.017389 0.063816 0.947859 0.312235 0.035192 0.310541 -0.949908 0.997341 -0.071607 0.013539
-3.714366 -28.748381 -140.136062 -844.145047 0.048916 0.944216 0.325673 0.103054 0.319551 -0.941948 0.993472 -0.079639 0.081675
4.067737 -27.415385 2765.066125 1620.767920 0.143670 -0.686057 -0.713222 0.836601 -0.300784 0.457851 -0.528638 -0.662461 0.530742
-7.382099 -26.042501 2328.321658 1713.830624 0.155290 -0.698601 -0.698457 0.835311 -0.284603 0.470379 -0.527390 -0.656474 0.539353
-2.079988 -36.166606 -2700.813906 1564.853035 -0.219776 0.711864 0.667044 0.730755 -0.332856 0.595989 -0.646293 -0.618430 0.447045
12.216137 -37.840993 -2540.702980 1821.696238 -0.170953 0.734264 0.656987 0.753944 -0.331789 0.566997 -0.634306 -0.592261 0.496873
8.942088 -44.009664 -2997.596601 1542.870509 -0.252258 0.760085 0.598862 0.577955 -0.378017 0.723237 -0.776102 -0.528558 0.343937
-4.659903 -39.485845 -3145.900520 1177.335883 -0.274042 0.741834 0.612033 0.578609 -0.381153 0.721065 -0.768188 -0.551730 0.324779
-12.381395 -35.723330 -1787.018877 916.214835 -0.172688 0.759110 0.627639 0.631516 -0.403678 0.661991 -0.755888 -0.510682 0.409679
11.982192 -24.979257 178.498454 328.424770 0.218426 0.857623 0.465590 0.867146 -0.389417 0.310501 -0.447602 -0.335913 0.828743
9.743929 -24.802150 -1576.670479 -29.960777 0.162529 0.788102 0.593700 0.842355 -0.424163 0.332451 -0.513831 -0.446074 0.732800
11.086723 -26.047376 -794.226899 169.183021 0.169921 0.820580 0.545687 0.810333 -0.431462 0.396485 -0.560791 -0.374818 0.738258
8.908284 -25.742546 -797.896194 25.394292 0.157514 0.820758 0.549131 0.721034 -0.475546 0.503950 -0.674758 -0.316563 0.666700
11.668206 -26.210796 717.158203 313.934449 0.242074 0.865211 0.439101 0.790824 -0.438145 0.427349 -0.562137 -0.243801 0.790293
-2.648002 -16.461970 717.455829 211.564760 0.271837 0.939827 0.206955 0.142339 0.173421 -0.974507 0.951759 -0.294365 0.086631
-7.158702 -16.004067 988.431390 164.949358 0.281049 0.941293 0.187029 0.148459 0.149895 -0.977492 0.948141 -0.302489 0.097616
-6.984266 -15.790276 948.567714 280.823084 0.272905 0.942000 0.195343 0.064881 0.184567 -0.980676 0.959851 -0.280306 0.010749
-3.036149 -15.347490 682.758499 327.813234 0.269741 0.933712 0.235420 0.041119 0.233090 -0.971585 0.962055 -0.271757 -0.024480
1.192248 -16.846243 562.297618 487.234716 0.269250 0.938804 0.214830 0.082428 0.199785 -0.976366 0.959536 -0.280595 0.023592
1.079604 -18.060802 435.376987 125.749715 0.283458 0.942573 0.176657 0.164538 0.133679 -0.977270 0.944764 -0.306081 0.117197
-2.420072 -37.300500 -110.154053 1054.625672 0.526416 0.848714 0.050705 0.332765 -0.150785 -0.930877 0.782402 -0.506902 0.361798
-2.541594 -36.291943 -153.765160 161.486178 0.544643 0.836815 0.055719 0.401932 -0.202133 -0.893081 0.736081 -0.508805 0.446433
-2.169223 -36.353164 -115.414107 228.336096 0.541627 0.839465 0.044025 0.266569 -0.121851 -0.956082 0.797233 -0.529576 0.289773
-2.397295 -35.120708 7.547714 251.943149 0.511437 0.858555 0.036263 0.271882 -0.121639 -0.954612 0.815176 -0.498083 0.295637
-2.400988 -35.349355 34.768595 950.975897 0.495747 0.867439 0.042254 0.363872 -0.163286 -0.917025 0.788563 -0.469987 0.396585
0.676019 -28.347915 -104.201320 -577.538372 0.574796 0.816822 -0.049099 -0.716100 0.473068 -0.513233 0.395992 -0.330164 -0.856844
1.657677 -30.120570 -83.608225 -599.137359 0.557910 0.828434 -0.049334 -0.779608 0.502793 -0.373377 0.284513 -0.246772 -0.926367
1.510341 -28.810309 -111.226808 -621.181127 0.548940 0.833535 -0.062328 -0.759893 0.466598 -0.452602 0.348178 -0.295814 -0.889532
0.773736 -28.116291 -89.903941 -249.301256 0.546082 0.835011 -0.067455 -0.720716 0.427233 -0.545931 0.427040 -0.346739 -0.835110
0.874978 -28.219388 -145.415638 -238.941165 0.561389 0.825761 -0.054415 -0.702701 0.440932 -0.558382 0.437097 -0.351707 -0.827797
-1.855924 -51.170924 -733.688675 1035.769256 0.351709 0.904408 -0.241552 -0.600621 0.415942 0.682823 -0.718021 0.095074 -0.689497
-4.310853 -54.318223 -612.219257 1315.309038 0.375607 0.893719 -0.245328 -0.680516 0.445660 0.581623 -0.629140 0.051512 -0.775583
-2.609101 -59.703233 -491.346501 2097.668165 0.386964 0.882905 -0.265964 -0.747455 0.469249 0.470230 -0.539972 -0.016834 -0.841515
-4.097847 -46.495852 -217.787752 -2242.934808 0.592813 0.801298 -0.080587 0.783473 -0.596982 -0.172577 0.186395 -0.039168 0.981694
-4.460800 -42.413884 1.853439 -780.077469 0.584300 0.805890 -0.095576 0.806068 -0.589973 -0.046747 0.094060 0.049726 0.994324
-4.698620 -48.661928 -173.501959 -1439.608276 0.575527 0.815159 -0.065454 0.805090 -0.578823 -0.129591 0.143524 -0.021887 0.989405
20.480662 -13.473146 930.226902 -97.452695 -0.155149 0.799963 -0.579645 0.484916 -0.449530 -0.750186 0.860689 0.397470 0.318171
17.147955 -13.021778 447.443410 -289.796636 -0.172789 0.732882 -0.658048 0.497444 -0.511700 -0.700509 0.850113 0.448383 0.276152
16.559551 -12.387168 827.584613 -442.446030 -0.176709 0.771419 -0.611299 0.463782 -0.482545 -0.743005 0.868148 0.414805 0.272500
14.080621 -14.713324 360.853374 7.720597 -0.196556 0.673384 -0.712685 0.486205 -0.564264 -0.667242 0.851452 0.477661 0.216493
-0.933413 -50.197292 -26.296583 -337.075925 -0.512850 0.664418 -0.543629 0.695184 0.692963 0.191108 0.503691 -0.279913 -0.817279
-1.636825 -56.083153 -207.490988 228.142987 -0.545468 0.623491 -0.560110 0.734341 0.677649 0.039185 0.403990 -0.389937 -0.827491
-1.164112 -48.622081 10.646844 563.990003 -0.551878 0.640072 -0.534545 0.746480 0.664919 0.025499 0.371750 -0.384955 -0.844755
-1.688325 -64.972915 -505.036029 -644.017641 0.293494 0.955558 -0.027762 0.313533 -0.068784 0.947083 -0.903083 0.286667 0.319786
-2.061779 -59.929731 -579.904767 -1004.052522 0.284541 0.956226 -0.068330 0.092819 0.043462 0.994734 -0.954160 0.289385 0.076389
-1.109040 -62.623068 -508.336424 -1657.556606 0.278103 0.956763 -0.085224 -0.004224 0.089941 0.995938 -0.960542 0.276613 -0.029054
-0.784880 -70.241263 -167.210471 -1484.756091 0.300721 0.952683 -0.044305 0.127794 0.005785 0.991784 -0.945111 0.303912 0.120007
-3.350907 -57.279358 -563.911451 968.837292 -0.311474 0.698292 -0.644494 0.286243 -0.577784 -0.764350 0.906118 0.422557 0.019917
-5.538273 -60.740736 -32.194239 -1421.429502 -0.352442 0.731450 -0.583751 0.079098 -0.598262 -0.797387 0.932485 0.327207 -0.152997
-4.273485 -61.677105 28.019767 169.415032 -0.374050 0.714723 -0.590980 0.252515 -0.534672 -0.806450 0.892369 0.450885 -0.019516
-7.716423 -57.915810 222.324097 681.198594 0.328467 -0.730053 0.599277 0.820215 -0.094146 -0.564255 0.468356 0.676875 0.567876
-8.961337 -56.076501 108.780874 398.482246 0.354487 -0.690949 0.630022 0.767510 -0.169854 -0.618125 0.534104 0.702666 0.470099
-7.694791 -57.426156 -464.680761 -548.496971 0.388593 -0.666818 0.635885 0.857409 0.008974 -0.514557 0.337409 0.745167 0.575223
154.280473 -2736.864092 199093.089396 -4003013.996074 -0.090029 -0.902762 0.420614 0.982532 -0.149571 -0.110720 0.162865 0.403299 0.900458
-30.736422 -1769.827830 2994.941261 -393089.674282 -0.035342 0.842673 -0.537265 -0.162090 -0.535316 -0.828953 0.986143 -0.057788 -0.155508
-42.150442 -1121.821004 -554.294873 -155323.217807 -0.023681 0.861995 -0.506364 0.730495 -0.330871 -0.597412 0.682507 0.384044 0.621848
-5.322906 -408.647624 1468.820585 -96270.304128 -0.175566 0.876565 -0.448120 0.792793 -0.143980 -0.592241 0.583658 0.459243 0.669656
-70.250518 -1668.589186 22235.328908 343834.466764 -0.329931 0.849902 -0.410867 0.849580 0.457069 0.263251 -0.411532 0.262210 0.872862
9.296667 -14.659546 72.004138 -976.192125 0.149565 0.985925 0.074719 0.090784 -0.088943 0.991891 -0.984575 0.141569 0.102809
9.805708 -16.609390 165.349460 -1301.849303 0.190162 0.974458 0.119458 0.048022 -0.130765 0.990250 -0.980578 0.182571 0.071662
8.426386 -20.523580 134.223907 -111.626959 0.191115 0.963508 0.187425 0.184556 -0.222811 0.957233 -0.964061 0.148351 0.220404
11.272981 -8.483499 220.651834 -2591.526253 0.164963 0.985438 -0.041216 -0.028670 0.046562 0.998504 -0.985883 0.163534 -0.035933
17.452780 -16.500809 1317.870379 -243.227944 0.646559 0.754718 0.111184 0.224031 -0.327167 0.918026 -0.729227 0.568650 0.380612
14.343233 -16.094625 1510.229007 -531.867105 0.685525 0.728029 0.005432 0.306647 -0.295495 0.904793 -0.660321 0.618592 0.425817
19.236257 -18.999127 1479.150820 -587.577605 0.634785 0.771483 0.043150 0.320486 -0.313692 0.893804 -0.703090 0.553545 0.446377
19.482953 -20.574338 6.108185 -365.051324 0.538987 0.833020 0.124783 0.290669 -0.322986 0.900662 -0.790573 0.449175 0.416218
-6.301279 -24.330879 -639.398165 632.195467 -0.206190 0.906388 -0.368711 0.476598 0.422116 0.771150 -0.854599 0.016724 0.519018
-7.718414 -20.938496 -141.695224 530.050431 -0.126723 0.935551 -0.329676 0.588488 0.338454 0.734255 -0.798513 0.100964 0.593450
-10.012486 -23.817718 -46.619631 556.533869 -0.157045 0.896181 -0.414966 0.461050 0.438112 0.771681 -0.873367 0.070131 0.481987
-9.311005 -21.065271 230.107132 277.442918 -0.043043 0.944686 -0.325139 0.529255 0.297585 0.794564 -0.847370 0.137881 0.512789
-10.327838 -22.133418 306.923299 340.872708 -0.046144 0.925622 -0.375625 0.443586 0.355905 0.822535 -0.895043 0.128666 0.427016
0.806501 -56.770849 37.594022 4953.675297 0.154240 0.919575 -0.361374 0.742825 -0.349090 -0.571268 0.651476 0.180326 0.736927
1.657505 -49.838245 20.744023 -3192.665399 0.117303 0.958568 -0.259590 0.722323 -0.261741 -0.640110 0.681534 0.112421 0.723099
2.131447 -56.891131 270.573359 3493.258565 0.190317 0.908927 -0.370986 0.793864 -0.364801 -0.486519 0.577547 0.201919 0.790992
-6.636060 -84.630609 768.150201 9026.541914 0.084237 0.920636 -0.381227 0.841114 -0.270824 -0.468168 0.534257 0.281218 0.797173
-9.583211 -91.548234 225.546260 11983.894632 -0.036922 0.958433 -0.282917 0.767762 -0.154015 -0.621949 0.639670 0.240177 0.730163
-23.826858 -42.436322 -369.416524 2555.689630 0.273278 0.706792 0.652506 -0.726863 0.596031 -0.341199 0.630070 0.381041 -0.676623
-28.632816 -42.273935 467.100310 1210.881302 0.093958 0.754853 0.649129 -0.673499 0.528369 -0.516939 0.733192 0.388617 -0.558037
-23.973159 -39.218413 41.283698 990.084828 -0.205677 0.845357 0.493020 -0.682460 0.237172 -0.691374 0.701388 0.478666 -0.528142
-28.191191 -41.297868 156.492570 -219.590492 -0.274703 0.804440 0.526701 -0.238795 0.473536 -0.847786 0.931405 0.358663 -0.062014
-29.645459 -42.221547 295.413658 -341.453598 -0.137165 0.801652 0.581842 -0.316762 0.521051 -0.792570 0.938535 0.293018 -0.182463
-27.981859 -41.921356 24.284560 -138.379497 -0.318738 0.797096 0.512879 -0.389994 0.382888 -0.837438 0.863893 0.466942 -0.188822
-28.175592 -42.479521 -50.195078 102.860573 -0.407297 0.789930 0.458388 -0.190640 0.417314 -0.888541 0.893177 0.449287 0.019379
-26.775907 -39.877095 -134.222218 196.583863 -0.491909 0.770270 0.405843 -0.444624 0.178525 -0.877746 0.748555 0.612219 -0.254663
-28.100552 -41.631420 -215.105514 -128.652622 -0.476886 0.769908 0.424054 -0.281983 0.322937 -0.903436 0.832506 0.550412 -0.063096
1.594726 -12.089571 -63.963955 -229.154205 -0.341137 0.864746 0.368564 -0.379149 0.232197 -0.895729 0.860158 0.445307 -0.248656
1.342508 -11.797928 69.302816 -94.377176 -0.305247 0.825554 0.474642 -0.374993 0.353952 -0.856796 0.875331 0.439521 -0.201534
1.879202 -13.880177 34.327292 -216.137630 -0.345262 0.858411 0.379373 -0.396075 0.233194 -0.888113 0.850834 0.456892 -0.259482
1.520997 -9.407766 136.271525 -166.815328 -0.268555 0.793963 0.545436 -0.367046 0.439173 -0.820003 0.890593 0.420416 -0.173479
2.348546 -16.223552 -35.097262 -606.072098 -0.376180 0.878034 0.295881 -0.407257 0.130146 -0.903993 0.832244 0.460564 -0.308627
1.427069 -14.140765 -255.860908 -566.820568 -0.374142 0.891226 0.256386 -0.381223 0.104218 -0.918590 0.845391 0.441423 -0.300763
0.633169 -10.374701 -324.579095 -269.500871 -0.328766 0.875442 0.354280 -0.365742 0.227837 -0.902399 0.870715 0.426253 -0.245281
16.958134 -27.037697 1274.361770 -357.057004 0.011965 0.985895 0.166938 -0.928283 -0.051104 0.368346 -0.371682 0.159373 -0.914578
21.662990 -30.023554 2114.146757 13.940872 0.122587 0.991810 0.035850 -0.840587 0.084557 0.535036 -0.527623 0.095724 -0.844068
28.329605 -35.623107 1962.768087 -408.254273 0.032851 0.999459 0.001223 -0.896994 0.028944 0.441094 -0.440820 0.015587 -0.897460
29.374111 -31.947106 1926.387312 -1995.014581 -0.064497 0.995395 0.070911 -0.960646 -0.081170 0.265651 -0.270183 0.050986 -0.961458
19.853458 -21.613548 1376.537603 -1249.058457 -0.108155 0.969569 0.219635 -0.972819 -0.148725 0.177495 -0.204759 0.194468 -0.959300
10.653153 -20.079466 1788.772383 716.031047 -0.058410 0.943999 0.324737 0.964183 0.137652 -0.226723 -0.258727 0.299863 -0.918228
8.964802 -21.517120 -1671.075271 -291.319186 0.416955 0.841238 0.344190 -0.663453 0.540517 -0.517370 0.621272 0.012634 -0.783493
6.840564 -23.277914 -2173.832812 -86.147000 0.405439 0.858225 0.314750 -0.746310 0.509599 -0.428172 0.527864 0.061304 -0.847113
3.766675 -24.199352 -1669.397566 -74.371808 0.334658 0.894903 0.295215 -0.832822 0.427459 -0.351691 0.440922 0.128165 -0.888347
1.235440 -27.890509 -81.368680 -1299.051755 -0.157054 0.977719 0.139282 -0.869661 -0.203751 0.449640 -0.468000 0.050510 -0.882284
-0.367498 -49.332809 -56.558740 -2856.299989 0.330844 0.937343 0.109222 -0.233590 0.193481 -0.952891 0.914318 -0.289745 -0.282966
-0.404488 -56.892252 299.469805 -2885.536905 0.294065 0.949455 0.109824 -0.435105 0.235289 -0.869093 0.851005 -0.207784 -0.482303
-0.159819 -40.534349 -133.953057 -1743.748866 0.339206 0.935412 0.099715 -0.090419 0.137928 -0.986306 0.936357 -0.325545 -0.131365
8.673713 -54.851523 53.783637 -948.186665 0.464465 0.868669 0.172299 -0.430132 0.391348 -0.813531 0.774118 -0.303745 -0.555409
9.733323 -51.928630 614.033262 -1770.043876 0.419284 0.896839 0.140998 -0.264796 0.269366 -0.925919 0.868380 -0.350887 -0.350420
6.537853 -55.966316 882.433796 -1532.445407 0.373555 0.907569 0.191767 -0.453086 0.358914 -0.816024 0.809426 -0.217943 -0.545280
9.925151 -54.515953 -80.106521 -1372.192773 0.477591 0.866641 0.144363 -0.274504 0.303278 -0.912508 0.834598 -0.396177 -0.382739
6.270619 -60.085295 -876.652046 -760.464425 0.538462 0.830292 0.143787 -0.415977 0.410310 -0.811547 0.732818 -0.377175 -0.566319
4.306369 -31.032271 1068.797781 -525.863809 -0.197463 0.905281 0.376132 0.647905 -0.167423 0.743094 -0.735682 -0.390431 0.553476
2.119547 -70.724988 -294.044199 2577.363089 0.280852 0.933757 0.221856 0.309403 0.130730 -0.941902 0.908511 -0.333178 0.252191
3.571059 -71.527813 -694.468788 1821.912003 0.318257 0.928961 0.189061 0.258836 0.106704 -0.960009 0.911985 -0.354465 0.206489
1.824866 -66.776358 -418.908360 -1815.092245 0.308936 0.943293 0.121477 0.061142 0.107763 -0.992295 0.949115 -0.313983 0.024383
0.382501 -57.881754 -36.085867 1435.408279 0.294575 0.937350 0.186013 0.208580 0.126892 -0.969738 0.932588 -0.324459 0.158134
-8.158409 -45.127045 -70.467390 -223.727254 0.229437 0.968419 0.097589 0.522496 -0.207137 0.827099 -0.821192 0.138777 0.553520
-7.197768 -45.888978 -298.109059 301.122105 0.202303 0.974617 0.095893 0.325963 -0.159346 0.931857 -0.923483 0.157260 0.349925
-7.282539 -46.505638 -245.347108 -129.897246 0.180940 0.975191 0.127527 0.427688 -0.194785 0.882690 -0.885632 0.105172 0.452322
-7.375824 -47.469076 -173.932215 434.227079 0.208862 0.975143 0.073974 0.094616 -0.095437 0.990929 -0.973357 0.199968 0.112197
-7.481205 -47.601748 -514.931003 687.902326 0.166615 0.981013 0.099265 0.240558 -0.138073 0.960764 -0.956228 0.136198 0.258996
-0.786535 -66.576070 387.792867 811.999987 -0.266054 0.142983 -0.953295 0.737739 0.666729 -0.105893 0.620449 -0.731456 -0.282870
-1.811348 -63.845277 -38.242910 243.904944 -0.276879 0.066441 -0.958605 0.466345 0.881536 -0.073598 0.840155 -0.467418 -0.275063
-1.571732 -63.472612 199.584759 456.793920 -0.248407 0.122827 -0.960837 0.703711 0.704521 -0.091870 0.665646 -0.698973 -0.261443
-3.994909 -18.591307 541.853197 -269.738778 -0.601763 -0.622260 -0.500673 -0.504474 0.782136 -0.365744 0.619183 0.032486 -0.784575
2.512849 -16.707491 1405.096557 -475.848211 -0.589537 -0.665699 -0.457482 -0.450176 0.741042 -0.498195 0.670662 -0.087757 -0.736554
2.022262 -19.430159 -1286.790523 -424.323054 0.500599 0.759650 0.415130 -0.587417 0.650327 -0.481681 0.635879 0.002726 -0.771784
2.832637 -472.097090 -1038.226350 95456.553587 -0.205821 -0.183924 -0.961150 0.967794 0.107229 -0.227763 0.144954 -0.977074 0.155931
-269.006125 -47853.744667 45443.720293 27944077.398056 -0.178386 -0.208119 -0.961699 0.915149 0.323986 -0.239865 0.361497 -0.922887 0.132666
4602.273665 -298.442830 6977227.877332 4142248.044812 -0.352087 0.530599 -0.771038 0.039476 0.831473 0.554161 0.935134 0.164676 -0.313697
-241.913489 -63051.401919 -89370.582027 7314826.320359 0.147681 0.236451 0.960355 -0.372048 0.912962 -0.167570 -0.916390 -0.332551 0.222799
551.027350 -3551.405247 -69928.104256 411905.688887 -0.466236 -0.203400 -0.860960 -0.217342 0.969718 -0.111396 0.857547 0.135186 -0.496325
7.919280 -31.941352 1090.180565 18726.310639 -0.528701 -0.102053 -0.842651 0.756641 0.393235 -0.522361 0.384668 -0.913757 -0.130687
143.005796 -4448.838523 16016.537697 324101.941764 0.201869 0.253923 0.945924 -0.159183 0.961472 -0.224126 -0.966390 -0.105331 0.234511
39.756437 -2475.073701 6117.321521 -687296.055768 0.014158 0.117219 0.993005 -0.583440 0.807483 -0.087000 -0.812033 -0.578128 0.079823
-13.979027 -18.777176 133.648151 -165.260906 0.378520 0.894288 0.238686 -0.160516 -0.190544 0.968467 -0.911569 0.404896 -0.071423
-14.597610 -19.458326 -35.222840 -252.170026 0.261018 0.863095 0.432362 -0.212981 -0.385362 0.897850 -0.941546 0.326439 -0.083236
-14.511029 -17.374328 145.795428 131.857358 0.304399 0.745189 0.593326 -0.183222 -0.565448 0.804176 -0.934757 0.353500 0.035587
-15.128131 -18.587953 -40.974657 123.286268 0.223462 0.755867 0.615410 -0.148647 -0.597564 0.787922 -0.963311 0.267550 0.021176
-13.503802 -16.603469 226.168291 166.126076 0.415870 0.825648 0.381258 -0.146235 -0.353063 0.924101 -0.897590 0.440059 0.026090
-12.557565 -15.306615 794.034436 -33.409117 0.299430 0.409959 0.861554 0.303012 0.815378 -0.493297 -0.904724 0.408769 0.119926
-12.550929 -16.531737 1042.938943 -61.899966 0.235820 0.287182 0.928394 0.264883 0.900170 -0.345733 -0.935001 0.327446 0.136208
-13.929069 -17.806889 890.027405 -145.111323 0.223714 0.444099 0.867599 0.167585 0.859376 -0.483102 -0.960139 0.253473 0.117830
0.241831 -165.532441 -501.023417 -11153.766089 0.091163 0.979868 0.177620 0.478759 -0.199523 0.854974 -0.873201 -0.007096 0.487309
4.117791 -176.265962 -904.342224 -21819.843581 0.023384 0.987149 0.158081 0.002213 -0.158175 0.987409 -0.999724 0.022740 0.005883
8.950775 -355.940407 5.599046 -47561.986717 0.091481 0.984397 0.150313 0.266287 -0.169632 0.948850 -0.959543 0.046775 0.277650
88.179560 -3744.737138 -4869.134273 -619323.123782 0.047078 0.991143 0.124173 -0.168916 -0.114621 0.978943 -0.984506 0.067061 -0.162024
7.209210 -108.902664 -786.496827 -6321.878960 0.025018 0.996697 0.077259 -0.297134 -0.066376 0.952526 -0.954508 0.046787 -0.294492
6.908994 -111.018438 -1274.642384 -6639.382230 -0.000487 0.997527 0.070281 -0.287954 -0.067444 0.955266 -0.957644 0.019773 -0.287275
-48.532091 -815.646111 -4411.868362 -139809.623975 0.692977 0.217666 -0.687317 -0.510693 0.821120 -0.254860 -0.508895 -0.527620 -0.680178
-43.051352 -258.775965 -1172.797246 -33927.298255 0.794393 0.168224 -0.583645 -0.585239 0.469190 -0.661329 -0.162589 -0.866926 -0.471172
-2.588455 -31.448130 -131.291166 -816.495565 0.082291 0.950362 0.300068 0.052230 0.296563 -0.953584 0.995239 -0.094144 0.025233
-3.617813 -20.437197 2227.539220 1462.928999 0.135526 -0.687790 -0.713146 0.894699 -0.224246 0.386301 -0.425614 -0.690404 0.584974
-12.961171 -20.775219 1428.973094 1494.061523 0.177041 -0.732652 -0.657174 0.888143 -0.168795 0.427445 -0.424096 -0.659340 0.620817
-14.623148 -24.993985 1134.038964 1432.189483 0.068776 -0.734837 -0.674748 0.846127 -0.315351 0.429678 -0.528526 -0.600474 0.600076
40.708761 -40.174610 -2231.134640 1050.123087 0.436960 0.891232 -0.121536 0.508784 -0.356322 -0.783692 0.741758 -0.280606 0.609143
33.651086 -39.729698 -1819.118317 724.297066 0.483831 0.875136 0.006690 0.384468 -0.205679 -0.899934 0.786188 -0.437988 0.435975
35.863180 -46.540394 -2785.551094 1173.862994 0.523612 0.850732 0.045665 0.562043 -0.304653 -0.768957 0.640264 -0.428301 0.637668
46.229223 -52.592599 -4051.331122 517.495402 0.541581 0.839975 0.033650 0.682152 -0.415726 -0.601532 0.491282 -0.348733 0.798140
6.990978 -23.776794 1795.701026 -11.749906 -0.174272 -0.760847 -0.625093 0.876097 -0.409607 0.254313 -0.449536 -0.503323 0.737959
3.304865 -24.395606 -1684.064513 13.920256 0.162121 0.766598 0.621324 0.811954 -0.461451 0.357482 -0.560756 -0.446532 0.697254
12.297876 -24.261352 1295.113425 97.303489 -0.189822 -0.798720 -0.570977 0.899786 -0.374229 0.224361 -0.392878 -0.471168 0.789713
-11.042110 -14.608519 470.614265 -344.673931 0.427975 0.895879 -0.119321 0.171166 -0.209977 -0.962607 0.887434 -0.391548 0.243209
-10.670567 -15.888318 752.037887 -76.575277 0.355626 0.931492 0.076502 0.157611 0.020911 -0.987280 0.921243 -0.363160 0.139377
-8.898385 -15.434975 893.484966 -301.205107 0.327614 0.941625 0.077534 0.236475 -0.002270 -0.971635 0.914740 -0.336657 0.223414
-4.284311 -15.109549 708.704689 -398.274798 0.291829 0.950274 0.108695 0.284474 0.022266 -0.958425 0.913187 -0.310617 0.263830
-7.963821 -13.632485 726.479362 -452.734088 0.360407 0.932784 -0.004550 0.286075 -0.115173 -0.951260 0.887845 -0.341539 0.308355
-2.353600 -38.117283 -22.285117 79.845848 0.547486 0.834338 0.064337 0.416037 -0.204678 -0.886014 0.726066 -0.511847 0.459174
-2.599873 -36.961425 88.792268 84.237945 0.534049 0.844534 0.039416 0.271461 -0.127135 -0.954016 0.800688 -0.520191 0.297154
-2.338231 -36.598256 -32.105619 -477.207271 0.544579 0.835650 0.071567 0.543179 -0.286386 -0.789266 0.639054 -0.468691 0.609867
-2.113868 -35.610028 -42.624679 -598.433766 0.527195 0.845735 0.082447 0.580491 -0.287590 -0.761788 0.620560 -0.449471 0.642558
2.679391 -33.211758 -90.051986 267.729836 0.529195 0.846451 -0.058934 0.835302 -0.507503 0.211450 0.149073 -0.161126 -0.975610
1.565648 -31.811828 122.111247 -402.931514 0.575110 0.817889 -0.017497 -0.775272 0.538065 -0.330817 0.261157 -0.203821 -0.943533
0.423454 -29.561775 143.900134 -751.143273 0.587859 0.808832 -0.014623 -0.710390 0.507495 -0.487643 0.387000 -0.297054 -0.872921
2.541124 -35.432791 100.735359 -636.245106 0.538210 0.842224 -0.031441 -0.829063 0.522351 -0.199509 0.151608 -0.133444 -0.979392
1.230861 -36.397841 445.425311 -868.282445 0.556635 0.830757 -0.000329 -0.804423 0.538892 -0.249998 0.207510 -0.139422 -0.968246
-0.567533 -33.372961 395.595256 -1006.946245 0.594532 0.804017 0.009426 -0.730910 0.545284 -0.410408 0.335115 -0.237112 -0.911853
-6.407225 -57.978157 -404.993003 1713.061957 0.404396 0.887601 -0.220519 -0.790904 0.460472 0.403034 -0.459276 -0.011424 -0.888220
-3.884431 -62.011919 -616.191118 1714.577211 0.401324 0.877447 -0.262728 -0.808935 0.474086 0.347658 -0.429608 -0.073007 -0.900060
-4.163648 -56.558685 -312.113089 -1357.358674 0.605724 0.788294 -0.108126 0.645657 -0.566377 -0.512195 0.465000 -0.240437 0.852036
-1.375160 -57.153064 586.181350 -1679.175472 0.587876 0.794937 -0.149923 0.634600 -0.568119 -0.523951 0.501682 -0.212877 0.838450
-3.152525 -51.164907 343.576498 -1632.030421 0.584482 0.801374 -0.127204 0.733230 -0.588776 -0.340171 0.347499 -0.105554 0.931720
-3.041710 -60.280133 -150.685758 214.816822 -0.335150 0.798924 -0.499395 0.641645 -0.194585 -0.741909 0.689903 0.569085 0.447410
-2.988703 -64.253282 243.303864 -85.890542 0.353163 -0.812148 0.464425 0.735502 -0.065777 -0.674322 0.578198 0.579731 0.574107
-0.467291 -65.002311 -360.054313 955.589300 -0.347619 0.810535 -0.471375 0.534239 -0.241927 -0.809975 0.770552 0.533390 0.348921
-4.473054 -61.589532 -43.753500 165.152433 0.346356 -0.798183 0.492891 0.777710 -0.049508 -0.626671 0.524600 0.600377 0.603608
-1.729652 -57.174440 -228.040244 705.031135 -0.309081 0.786553 -0.534606 0.443927 -0.377811 -0.812519 0.841069 0.488461 0.232398
-3.895791 -58.120272 -227.310704 894.157657 -0.313777 0.776049 -0.547075 0.603225 -0.282024 -0.746045 0.733255 0.564101 0.379640
-4.608496 -60.222846 105.186445 744.919807 0.330522 -0.784006 0.525443 0.751250 -0.118450 -0.649301 0.571295 0.609347 0.549834
-3.234288 -58.625531 -114.802826 -523.363710 0.321755 0.944361 -0.068236 0.177141 0.010755 0.984127 -0.930105 0.328735 0.163824
-2.314527 -61.720792 -554.883008 -486.487757 0.294246 0.955372 -0.026159 0.332834 -0.076776 0.939855 -0.895902 0.285255 0.340571
-2.872883 -59.681760 -34.819283 161.428944 0.332846 0.942473 -0.030955 0.425315 -0.120745 0.896954 -0.841618 0.311714 0.441038
-4.116916 -57.784894 127.006833 -604.886813 0.343309 0.937504 -0.056795 0.286336 -0.046880 0.956982 -0.894511 0.344803 0.284536
-4.292646 -54.546443 -92.235500 -1103.593929 0.338108 0.936438 -0.093630 0.045802 0.082998 0.995497 -0.939992 0.340874 0.014828
72.626787 -30.342630 1958.592958 959.678130 -0.293505 0.251521 -0.922275 0.856009 0.498633 -0.136430 0.425562 -0.829519 -0.361656
79.265909 -24.731411 -1514.579869 2269.394530 -0.199318 -0.008143 -0.979901 0.851018 0.494333 -0.177211 0.485840 -0.869235 -0.091599
76.585840 -21.703647 -2040.001224 -1034.105253 -0.126461 -0.028846 -0.991552 0.855495 0.502809 -0.123737 0.502131 -0.863916 -0.038908
-6.698621 -60.803612 165.386733 1033.717151 0.328214 -0.775976 0.538643 0.843229 -0.016311 -0.537307 0.425724 0.630551 0.648972
-6.064486 -59.995752 314.983090 1033.190074 0.311399 -0.766839 0.561238 0.740739 -0.174081 -0.648846 0.595261 0.617781 0.513819
-7.372168 -60.660473 342.892680 892.468469 0.318927 -0.762568 0.562828 0.861682 -0.014011 -0.507256 0.394703 0.646756 0.652622
-7.654223 -59.277476 158.557686 -111.720137 0.339849 -0.773304 0.535259 0.925323 0.173170 -0.337326 0.168165 0.609928 0.774408
-16.504079 -5287.197091 -3650.269056 474273.323337 -0.014793 0.846717 -0.531838 -0.113934 -0.529860 -0.840398 0.993378 -0.048162 -0.104308
-265.695991 -9963.144724 29062.975559 3101689.901925 -0.222362 0.749011 -0.624130 0.964511 0.262487 -0.028623 0.142387 -0.608345 -0.780796
8.036991 -23.084021 114.671064 -120.432485 0.228896 0.947115 0.224899 0.155759 -0.263690 0.951949 -0.960909 0.182867 0.207879
9.544242 -16.501258 227.799157 -1867.868740 0.245717 0.953933 0.172151 0.010912 -0.180306 0.983550 -0.969280 0.239796 0.054714
12.072275 -4.204380 423.701415 -3409.483178 0.220375 0.975207 -0.020168 -0.078198 0.038273 0.996203 -0.972276 0.217961 -0.084693
13.334307 -13.455338 1517.436003 -375.380604 0.702538 0.705701 0.091798 0.191279 -0.311500 0.930795 -0.685458 0.636360 0.353826
6.165442 -12.063125 793.518910 -478.079578 0.704956 0.709070 0.016005 0.246488 -0.266092 0.931900 -0.665041 0.653004 0.362361
6.200506 -14.636878 771.635069 -535.387897 0.676052 0.732375 -0.081120 0.368244 -0.240448 0.898099 -0.638240 0.637033 0.432248
-6.032823 -18.068905 -118.422795 464.423830 -0.090606 0.957904 -0.272417 0.695138 0.256712 0.671478 -0.713144 0.128528 0.689135
-5.275739 -20.693316 -349.463989 594.887371 -0.198925 0.914891 -0.351289 0.628925 0.394079 0.670190 -0.751586 0.087617 0.653790
3.280750 -139.439449 -282.633658 -20544.951352 0.039449 0.992214 -0.118132 0.650904 -0.115217 -0.750366 0.758135 0.047292 0.650381
3.167411 -63.062696 43.108005 -3354.129274 0.167755 0.942002 -0.290673 0.778765 -0.307419 -0.546827 0.604470 0.134633 0.785169
-14.012994 -43.954205 -2026.159907 1830.548774 0.370329 0.719059 0.588056 -0.663995 0.647628 -0.373750 0.649590 0.252056 -0.717287
-7.794912 -43.853644 -2290.515638 3497.172274 0.365644 0.788920 0.493872 -0.790096 0.543566 -0.283346 0.491990 0.286603 -0.822074
-8.336172 -35.798553 -1891.448199 -3341.145544 0.309791 0.812934 0.493120 0.877679 -0.443957 0.180506 0.365664 0.376882 -0.851029
-30.235814 -41.670197 303.262859 -228.704633 -0.183755 0.829320 0.527696 -0.106663 0.516844 -0.849409 0.977168 0.212368 0.006515
-31.716630 -39.809909 407.091945 -238.934769 -0.026206 0.851105 0.524342 -0.180341 0.511891 -0.839908 0.983255 0.116571 -0.140075
-32.488890 -41.100891 -702.888423 -395.476506 -0.080113 -0.684206 -0.724875 -0.369590 0.695767 -0.615883 0.925735 0.218566 -0.308616
1.602551 -14.213774 50.745460 -208.637173 -0.321374 0.837532 0.441881 -0.394060 0.306031 -0.866638 0.861066 0.452643 -0.231688
0.732697 -12.500494 36.803753 -191.804594 -0.279847 0.801846 0.527947 -0.358864 0.422686 -0.832198 0.890450 0.422350 -0.169466
1.078781 -10.578855 223.791032 -198.386740 -0.263521 0.771894 0.578565 -0.338714 0.487537 -0.804724 0.903233 0.408029 -0.132975
54.922768 -43.038504 7156.028657 1407.538235 0.094482 0.984892 -0.145124 -0.785676 0.163295 0.596697 -0.611380 -0.057643 -0.789235
21.118105 -30.453583 2508.614678 1030.087981 0.209708 0.976555 -0.048619 -0.689097 0.182889 0.701211 -0.693663 0.113546 -0.711294
12.718206 -25.987839 1224.559302 95.625659 0.174777 0.981896 0.073024 -0.772327 0.090716 0.628714 -0.610707 0.166284 -0.774200
