10116
20206
-39.933066 -57.829701 947.486603 3316.416748 0.955627 -0.240890 -0.169557 -0.103385 -0.813234 0.572680 0.275843 0.529739 0.802052
-35.542781 -61.755896 -1441.888032 6212.587149 0.957363 0.101061 -0.270633 0.223115 -0.853751 0.470457 0.183508 0.510780 0.839898
-31.071557 -49.078043 -492.282102 4821.140645 0.979854 -0.133301 -0.148719 -0.061063 -0.908953 0.412402 0.190152 0.395012 0.898781
-21.286447 -58.879519 -3631.039936 8428.554174 0.979343 0.137545 -0.148216 0.184174 -0.909340 0.373069 0.083465 0.392660 0.915888
-31.176490 -48.164178 213.306024 3312.722283 0.842850 -0.538079 -0.008689 -0.465677 -0.737341 0.489360 0.269722 0.408411 0.872038
-24.107664 -40.723284 -2187.647097 5889.280593 0.994786 -0.042936 -0.092505 -0.014085 -0.956207 0.292351 0.101007 0.289524 0.951826
-25.012440 -37.201031 254.182398 3147.396885 0.815511 -0.578055 0.028177 -0.551347 -0.761187 0.341483 0.175948 0.294019 0.939466
-34.117642 -54.083112 -437.442938 -673.193021 0.044769 0.995406 0.084631 0.321648 0.065842 -0.944567 0.945800 -0.069509 0.317222
-33.390045 -54.800227 -135.573104 -394.218096 0.075765 0.984359 0.159051 0.134633 0.147950 -0.979788 0.987995 -0.095647 0.121318
-35.519194 -55.579200 -770.745315 -372.181418 -0.037081 0.988443 0.146986 0.136984 0.150726 -0.979039 0.989879 0.016169 0.140990
2.348011 -102.687871 -565.570873 -3251.967157 -0.253237 -0.293629 0.921766 0.952241 -0.243700 0.183978 0.170613 0.924333 0.341319
4.174991 -108.996803 -1347.474804 -2623.795428 -0.242514 -0.269310 0.932019 0.863574 -0.497690 0.080896 0.442071 0.824486 0.353266
4.187392 -114.412928 -814.754053 -5184.417523 -0.267971 -0.277369 0.922636 0.918122 -0.363738 0.157311 0.291965 0.889247 0.352130
2.278222 -101.090009 -360.678724 -6410.406082 -0.257196 -0.305031 0.916955 0.966120 -0.060036 0.251015 -0.021517 0.950448 0.310137
0.086273 -91.745913 -593.931472 -4148.567235 -0.231476 -0.292244 0.927908 0.965165 0.050595 0.256705 -0.121968 0.955005 0.270352
41.702609 -38.451463 1268.049318 -344.158032 0.937256 0.245596 0.247454 0.347289 -0.720140 -0.600657 -0.030682 -0.648907 0.760249
37.411491 -37.459381 4367.360412 -379.902744 0.943369 0.299104 0.143497 0.328881 -0.786503 -0.522734 0.043491 -0.540325 0.840332
31.712731 -37.514542 5445.003479 -133.804067 0.926859 0.357018 0.116062 0.343913 -0.683541 -0.643813 0.150519 -0.636640 0.756329
39.716273 -38.284618 738.961962 112.001416 0.929743 0.237694 0.281209 0.368157 -0.612844 -0.699202 -0.006141 -0.753607 0.657297
-10.034075 -75.505630 384.671062 -2222.804043 0.911323 -0.075230 0.404760 0.134980 -0.874218 -0.466395 -0.388936 -0.479671 0.786540
-8.391076 -75.041923 393.326370 2967.108465 0.924377 -0.042153 0.379143 -0.084482 0.946578 0.311212 -0.372007 -0.319708 0.871434
-9.248029 -69.029048 709.337929 2287.070636 0.921725 -0.082248 0.379022 -0.023996 0.963290 0.267390 -0.387101 -0.255555 0.885915
-10.240916 -70.917886 20.931247 1509.187384 0.899778 -0.110262 0.422186 -0.065194 0.922715 0.379929 -0.431449 -0.369376 0.823051
-9.636339 -64.935166 -45.995034 2250.443088 0.901089 -0.105850 0.420517 0.014162 0.976416 0.215431 -0.433403 -0.188167 0.881337
-7.603909 -53.506437 126.649181 -5649.175359 0.943553 -0.010213 0.331065 -0.238466 0.672741 0.700395 0.229874 0.739808 -0.632331
-6.770960 -69.447766 1013.673571 -5284.624539 0.921555 -0.038807 0.386303 -0.323500 0.473406 0.819289 0.214672 0.879989 -0.423715
-4.896650 -53.985770 540.240148 -4484.839507 0.933879 -0.042158 0.355094 -0.253236 0.623140 0.739979 0.252470 0.780973 -0.571261
-3.078177 -47.777473 966.589695 -3138.064412 0.924288 -0.060210 0.376918 -0.239411 0.677634 0.695338 0.297278 0.732931 -0.611914
-5.092767 -43.091505 322.780838 -3099.606010 0.931793 -0.030369 0.361717 -0.217821 0.750359 0.624112 0.290372 0.660333 -0.692564
-6.578785 -42.419869 27.089718 -3343.406503 0.939401 -0.005666 0.342773 -0.226904 0.739237 0.634069 0.256983 0.673422 -0.693154
38.986444 -74.088728 3564.126114 -5011.385034 0.122471 -0.721637 0.681352 0.908019 0.358597 0.216585 -0.400626 0.592156 0.699178
37.285183 -71.540667 -5384.906774 -7392.030065 -0.265280 0.758909 -0.594713 0.828587 0.494844 0.261865 -0.493022 0.423304 0.760094
51.859328 -64.657548 -5985.431041 -9811.079124 -0.193517 0.738438 -0.645957 0.742584 0.540537 0.395460 -0.641186 0.403149 0.652956
35.688774 -20.860242 2607.920146 804.036704 0.721486 -0.636646 0.272287 0.396803 0.702407 0.590907 -0.567455 -0.318287 0.759400
24.969865 -19.154557 5672.481650 683.839368 0.800744 -0.577706 0.158319 0.381427 0.695546 0.608875 -0.461870 -0.427166 0.777307
32.702288 -24.112728 4032.419332 2407.334608 0.777738 -0.561392 0.282778 0.312523 0.735661 0.600943 -0.545393 -0.379002 0.747599
28.819191 -18.156102 5341.520891 -808.909514 0.772225 -0.619714 0.140084 0.443084 0.683305 0.580320 -0.455352 -0.386068 0.802250
11.110447 -416.968794 3606.431414 45123.973989 0.186553 -0.054824 0.980914 -0.004439 0.998385 0.056644 -0.982435 -0.014922 0.186009
24.177082 -402.198770 6707.554686 47039.892745 0.175647 -0.062619 0.982460 0.348472 0.937316 -0.002560 -0.920715 0.342809 0.186458
18.596338 -708.492667 4512.354389 173494.892416 0.219104 -0.027622 0.975310 0.451956 0.888766 -0.076361 -0.864714 0.457528 0.207216
20.397013 -1149.198271 7198.446470 387891.344244 0.151044 0.071857 0.985912 0.082550 0.992954 -0.085017 -0.985074 0.094229 0.144048
-24.205534 -26.352740 100.728655 521.483449 0.941984 0.335256 0.016438 0.115446 -0.369579 0.922000 -0.315181 0.866611 0.386842
-23.556210 -29.048230 317.969903 1262.019450 0.903538 0.383841 -0.190487 0.292857 -0.228623 0.928421 -0.312817 0.894649 0.318980
-20.997627 -28.558127 -1130.139518 1578.754642 0.896598 0.362496 0.254378 -0.101177 -0.391547 0.914579 -0.431132 0.845747 0.314384
-23.580032 -25.917601 -1127.119281 645.084225 0.898801 0.351141 0.262407 -0.076302 -0.464157 0.882461 -0.431666 0.813178 0.390392
-17.488663 -33.499238 185.078659 -690.107930 0.933404 -0.141740 -0.329645 -0.301158 0.190027 -0.934448 -0.195090 -0.971494 -0.134686
-19.115760 -36.293754 666.062447 -815.329984 0.893280 -0.193501 -0.405720 -0.364405 0.216712 -0.905674 -0.263173 -0.956866 -0.123072
-18.326416 -36.152476 313.752000 -531.171766 0.890050 -0.135819 -0.435161 -0.378910 0.310321 -0.871853 -0.253453 -0.940879 -0.224738
-17.960214 -34.715300 -222.286940 -461.423844 0.907678 -0.078050 -0.412345 -0.365428 0.336142 -0.868027 -0.206356 -0.938572 -0.276587
11.451076 -193.867289 -163.678700 -25053.416501 0.842962 -0.345638 0.412249 -0.012811 0.753187 0.657681 0.537820 0.559682 -0.630480
11.452484 -222.079241 549.439813 -38977.108070 -0.841980 0.335888 -0.422196 0.173041 0.909343 0.378355 0.511005 0.245510 -0.823771
15.597976 -200.039840 -1669.556761 -24044.832419 -0.791262 0.471910 -0.388852 0.098663 0.726121 0.680452 0.603465 0.500050 -0.621112
49.821349 -753.403687 -6084.162565 -199611.121967 0.805007 -0.303844 0.509551 -0.341391 0.465189 0.816732 0.485197 0.831431 -0.270751
14.112215 -270.811571 -1288.655733 -37402.641254 0.829665 -0.281451 0.482121 -0.273990 0.547156 0.790917 0.486400 0.788293 -0.376842
58.090685 -4139.754585 8519.391685 1424750.620077 0.881430 0.002060 0.472311 0.318658 0.735517 -0.597890 0.348624 -0.677504 -0.647649
4.155340 -297.451353 -1862.583981 67816.784009 -0.868247 0.046468 -0.493952 0.176459 0.959427 -0.219914 0.463692 -0.278102 -0.841219
36.499804 -649.029737 1105.562601 139583.229365 0.882637 -0.113494 0.456147 0.282684 0.903483 -0.322194 0.375554 -0.413326 -0.829530
-10.761802 -31.330031 -436.564740 -104.205630 0.867639 -0.367271 0.335133 -0.101018 -0.790207 -0.604457 -0.486824 -0.490596 0.722715
-11.223391 -28.668134 288.554311 -95.771889 0.884308 -0.423313 0.196993 -0.144019 -0.648642 -0.747343 -0.444138 -0.632510 0.634564
-12.303349 -28.790664 -368.843048 692.014964 0.890744 -0.345608 0.295179 -0.080899 -0.759639 -0.645294 -0.447248 -0.550912 0.704603
-11.829419 -31.477082 -552.393141 -298.704861 0.885259 -0.282767 0.369268 0.061897 0.858523 0.509026 -0.460961 -0.427763 0.777517
-11.218489 -33.357144 -666.197425 -582.509511 0.872649 -0.281527 0.399031 0.068646 0.879708 0.470532 -0.483498 -0.383218 0.787003
-36.899375 -45.806191 -961.722058 501.936123 0.957726 0.263275 -0.115963 -0.276869 0.734048 -0.620094 0.078133 -0.625987 -0.775909
-36.744194 -44.994933 -964.414218 1033.858161 0.880574 0.446291 -0.159415 -0.461794 0.732488 -0.500208 0.106469 -0.514087 -0.851105
-39.711809 -45.852912 -601.812172 87.355122 0.791997 0.574813 -0.205742 -0.567190 0.568048 -0.596337 0.225911 -0.588992 -0.775920
-38.813097 -45.941764 -933.234903 -318.014168 0.948103 0.307213 -0.081980 -0.265220 0.621882 -0.736832 0.175382 -0.720335 -0.671088
-41.504332 -47.532489 -408.732449 88.200787 0.711720 0.639809 -0.289998 -0.623562 0.385336 -0.680211 0.323459 -0.664951 -0.673212
-40.684815 -48.216355 78.962558 -223.463116 0.489137 0.820497 -0.295853 0.779977 -0.259671 0.569391 0.390359 -0.509269 -0.766984
69.295768 -24.059135 11523.079724 -839.104145 0.896213 -0.097865 0.432695 -0.418607 0.136354 0.897873 0.146870 0.985814 -0.081236
52.080755 -23.906872 -923.716403 -822.040221 0.869979 0.259350 0.419373 -0.472077 0.192458 0.860292 -0.142405 0.946413 -0.289867
50.967729 -18.677220 9356.022252 -1181.005763 0.881552 -0.090973 0.463239 -0.432929 0.235504 0.870121 0.188252 0.967606 -0.168225
31.806944 -18.937907 7487.583229 -1754.617900 0.898044 -0.190805 0.396372 -0.357217 0.209557 0.910210 0.256735 0.958999 -0.120032
0.165133 -80.924723 -1298.433917 -6591.067524 -0.117309 0.524106 -0.843535 0.252410 0.837242 0.485093 0.960483 -0.156011 -0.230506
15.677608 -80.282629 -3954.600141 -4761.945933 -0.141913 0.379701 -0.914160 0.117874 0.923418 0.365247 0.982836 -0.055922 -0.175802
4.752572 -65.848143 -2371.932441 -5732.824165 -0.169058 0.381685 -0.908700 0.393751 0.871356 0.292744 0.903537 -0.308311 -0.297599
-5.543552 -62.820254 -813.162232 -5592.202975 -0.127402 0.485689 -0.864797 0.496341 0.786098 0.368369 0.858729 -0.382303 -0.341218
8.767464 -55.190082 -3499.182312 -5051.888431 -0.209312 0.264093 -0.941511 0.456042 0.878081 0.144916 0.864994 -0.399035 -0.304231
-3.485674 -51.205904 -741.416035 -3589.579734 -0.151203 0.409999 -0.899466 0.563613 0.783288 0.262297 0.812083 -0.467290 -0.349516
0.703390 -39.652329 -19.596285 681.751372 -0.551657 0.563462 0.614968 0.829561 0.294081 0.474706 0.086628 0.772028 -0.629657
0.872038 -40.910559 254.228397 621.011686 -0.544168 0.562383 0.622580 0.835678 0.297600 0.461602 0.074317 0.771466 -0.631916
1.131273 -41.457562 357.574864 50.522030 -0.566834 0.554342 0.609430 0.822226 0.426840 0.376501 -0.051419 0.714502 -0.697741
0.756291 -39.495876 -334.661344 911.438390 -0.535929 0.572107 0.620865 0.820212 0.178542 0.543484 0.200080 0.800510 -0.564935
1.589044 -39.951787 111.720348 260.800811 -0.582774 0.555087 0.593509 0.811865 0.429478 0.395505 -0.035360 0.712339 -0.700944
0.900556 -38.570417 -300.157102 317.117677 -0.590070 0.561020 0.580581 0.802515 0.328977 0.497738 0.088243 0.759625 -0.644347
-0.442520 -38.344541 -1024.885986 299.682974 -0.553497 0.584781 0.593019 0.802095 0.182570 0.568605 0.224242 0.790379 -0.570102
-2.076601 -52.782278 143.334483 -298.369006 -0.538934 0.719076 0.438726 -0.414273 -0.679757 0.605234 -0.733436 -0.144429 -0.664238
-1.098028 -50.172887 -208.748282 240.136124 -0.567501 0.687533 0.453034 0.491213 0.724285 -0.483861 -0.660796 -0.052055 -0.748758
-1.900603 -51.246498 -394.394345 -207.202499 -0.561844 0.706845 0.429768 -0.388943 -0.684230 0.616890 -0.730106 -0.179441 -0.659353
-0.479792 -48.492777 -551.846579 157.939397 -0.589544 0.672246 0.447798 0.454823 0.734424 -0.503744 -0.667513 -0.093310 -0.738728
-2.509235 -52.937982 -78.386256 -478.048098 -0.541772 0.730329 0.416056 -0.316752 -0.635901 0.703775 -0.778557 -0.249499 -0.575846
-1.331712 -50.059660 -455.610331 -343.509237 -0.569921 0.702281 0.426605 -0.352535 -0.677943 0.645068 -0.742232 -0.217245 -0.633952
-2.338837 -51.757548 -228.728775 -767.449642 -0.549665 0.729965 0.406226 -0.280020 -0.619138 0.733660 -0.787056 -0.289516 -0.544724
-6.368144 -64.060003 474.542923 -159.209439 0.799109 -0.202324 -0.566118 0.467531 0.801132 0.373634 -0.377940 0.563252 -0.734785
-5.617251 -62.769282 627.765844 256.464201 0.816456 -0.202585 -0.540702 0.483047 0.752663 0.447397 -0.316331 0.626465 -0.712374
-6.060891 -67.511762 468.978383 1993.464833 0.818357 -0.190202 -0.542325 0.407770 0.857137 0.314706 -0.404989 0.478685 -0.779002
-6.046211 -65.815942 387.968543 -1457.876723 0.803322 -0.199533 -0.561124 0.535881 0.653238 0.534894 -0.259819 0.730388 -0.631686
-7.690315 -66.807974 -159.976710 1109.102849 -0.793118 0.187700 0.579425 0.372678 0.902009 0.217925 -0.481742 0.388779 -0.785351
-8.326878 -64.862874 347.738950 777.571615 0.769093 -0.201094 -0.606677 0.442860 0.852083 0.278981 -0.460838 0.483235 -0.744387
-6.746397 -64.804078 316.979363 -165.006447 0.783001 -0.194846 -0.590716 0.512683 0.739928 0.435503 -0.352231 0.643849 -0.679258
3.645635 -55.559203 877.051359 1060.011197 -0.513496 0.747156 0.421994 -0.080665 -0.531635 0.843124 -0.854292 -0.398900 -0.333262
6.354703 -57.644234 1414.831649 1511.396990 -0.514607 0.743432 0.427187 -0.114857 -0.553500 0.824892 -0.849699 -0.375430 -0.370223
4.049347 -57.508323 1158.536926 1471.673919 -0.515194 0.744971 0.423784 -0.241273 -0.600520 0.762341 -0.822413 -0.290506 -0.489125
0.689850 -55.213898 741.502571 581.080420 -0.514539 0.747840 0.419506 -0.236234 -0.593938 0.769046 -0.824283 -0.296602 -0.482269
0.431931 -55.252193 811.104255 604.181269 -0.502145 0.756499 0.418998 -0.061239 -0.514402 0.855360 -0.862613 -0.403855 -0.304632
-1.725065 -48.998261 -486.564708 -800.138087 -0.560619 0.729804 0.391270 0.318851 -0.245824 0.915371 -0.764226 -0.637931 0.094885
-3.213109 -50.253643 -390.757156 -998.510818 -0.554498 0.742167 0.376456 0.403494 -0.155867 0.901608 -0.727821 -0.651838 0.213032
-1.592874 -49.335120 207.581449 -966.617890 -0.543639 0.758421 0.359519 0.320271 -0.208484 0.924100 -0.775811 -0.617520 0.129560
-0.580014 -46.861860 193.655434 -999.585618 -0.542151 0.756042 0.366706 0.210934 -0.299984 0.930331 -0.813375 -0.581731 -0.003162
-0.151410 -33.434604 939.777579 192.407768 -0.531036 0.523016 0.666674 0.628147 -0.285073 0.723992 0.568711 0.803236 -0.177147
1.614282 -33.202925 19.647351 -853.689017 -0.541145 0.556783 0.630202 0.611508 -0.253885 0.749400 0.577252 0.790908 -0.203089
-0.858008 -33.904902 -106.804182 -1288.007668 -0.518288 0.555828 0.649948 0.578391 -0.331997 0.745146 0.629953 0.762124 -0.149416
-2.374193 -35.290471 180.098249 -705.150087 -0.503897 0.521384 0.688656 0.588521 -0.376335 0.715552 0.632243 0.765853 -0.117212
65.750672 -126.226484 -17224.793112 8293.423204 0.224125 -0.934875 -0.275277 0.972910 0.198199 0.119012 -0.056701 -0.294493 0.953970
68.978162 -125.240624 -1187.638476 9760.979970 0.206247 -0.790026 -0.577339 0.978354 0.176693 0.107718 0.016912 -0.587059 0.809368
39.326929 -144.391699 -3762.645388 11684.657456 0.197583 -0.840812 -0.503980 0.917864 -0.021847 0.396294 -0.344219 -0.540886 0.767434
203.378185 -6091.759138 -45198.373791 2185425.845494 0.077220 0.150985 0.985515 -0.443733 0.890376 -0.101641 -0.892826 -0.429457 0.135752
2730.141696 -793435.580741 -548258.693827 -439664361.915579 0.082081 -0.324125 -0.942447 0.955921 -0.241890 0.166445 -0.281918 -0.914566 0.289984
-76.982985 -3419.879671 -27430.649169 1140759.440005 -0.045797 0.142736 0.988701 0.497657 0.861437 -0.101311 -0.866164 0.487394 -0.110485
-498.320816 -5573.279619 -113993.731958 -1295294.460354 0.012459 0.135909 0.990643 0.066510 0.988413 -0.136440 -0.997708 0.067587 0.003276
529.815447 -926.292984 -159774.191673 -212019.401039 -0.324295 -0.229721 0.917639 0.823639 0.408531 0.393347 -0.465244 0.883363 0.056723
-14.308816 -3414.718667 -25005.995518 -29408.119969 -0.114880 0.101171 0.988214 0.898277 -0.414174 0.146827 0.424148 0.904557 -0.043299
-15.777917 -11070.563303 -60423.017445 340190.455515 -0.095309 0.050516 0.994165 0.994976 0.035580 0.093579 -0.030645 0.998089 -0.053653
-2.302129 -14.830791 -713.314880 586.798743 0.295528 0.353919 -0.887358 0.897900 0.214301 0.384513 0.326248 -0.910393 -0.254452
-4.282333 -11.695758 -524.478421 715.990287 0.211140 0.335942 -0.917912 0.895352 0.310263 0.319502 0.392128 -0.889314 -0.235277
-2.470028 -11.414075 -270.993308 642.360348 0.367667 0.382439 -0.847680 0.846940 0.238760 0.475065 0.384076 -0.892600 -0.236118
9.971692 -252.877750 1041.447667 -37502.590747 -0.428484 0.408409 0.805980 0.575454 -0.564360 0.591904 0.696602 0.717426 0.006799
11.892827 -232.137621 -1660.737116 29760.255338 0.484344 -0.438449 -0.757082 -0.514117 0.557538 -0.651794 0.707881 0.704921 0.044626
3.740706 -165.751350 994.223576 -20486.034232 -0.447675 0.433485 0.782099 0.770290 -0.257255 0.583501 0.454137 0.863661 -0.218742
-42.337759 -66.125672 -499.140205 3365.387741 0.943732 0.042204 -0.328006 0.243872 -0.758725 0.604039 0.223374 0.650043 0.726326
-25.352775 -62.260007 -3633.789948 1394.448565 0.975877 0.127711 -0.177073 0.211014 -0.759841 0.614910 0.056017 0.637441 0.768460
5.862970 -117.780856 -641.248812 -1034.297109 -0.265943 -0.288975 0.919656 0.733589 -0.679592 -0.001405 0.625397 0.674276 0.392722
3.623520 -110.539059 -622.385459 -374.227306 -0.250234 -0.284854 0.925333 0.720877 -0.692821 -0.018334 0.646312 0.662463 0.378712
0.548207 -117.072086 1144.390159 73.203422 0.231859 0.278007 -0.932177 -0.693007 0.719691 0.042266 0.682629 0.636205 0.359528
3.036192 -115.625677 861.042364 350.196445 0.249077 0.278604 -0.927546 -0.485853 0.864442 0.129182 0.837800 0.418474 0.350673
5.168254 -113.935560 1318.406262 -910.801248 0.243748 0.267056 -0.932345 -0.539319 0.836315 0.098553 0.806053 0.478809 0.347879
31.517656 -36.128677 6227.886363 -416.126631 0.946464 0.319574 0.045600 0.309104 -0.856465 -0.413428 0.093066 -0.405390 0.909394
21.033038 -36.460207 7186.165919 -435.269718 0.925861 0.377865 0.000667 0.320750 -0.784981 -0.530023 0.199753 -0.490941 0.847983
5.973061 -49.726133 393.534384 1923.215162 0.889765 -0.257098 0.377119 0.352638 0.911801 -0.210392 0.289766 -0.320186 -0.901952
5.341122 -52.776116 201.573407 1914.971507 0.886393 -0.277468 0.370565 0.404274 0.853951 -0.327613 0.225543 -0.440204 -0.869109
4.742776 -53.449626 209.224345 1894.811451 0.877760 -0.272323 0.394180 0.395268 0.876561 -0.274600 0.270743 -0.396840 -0.877050
5.911181 -49.064304 5.522397 1683.543186 0.901309 -0.257742 0.348155 0.341623 0.917104 -0.205461 0.266338 -0.304121 -0.914644
5.199775 -50.147192 -342.254642 1378.148017 -0.889223 0.236929 -0.391341 0.314753 0.937639 -0.147523 0.331984 -0.254357 -0.908344
5.986442 -46.091977 -272.299701 906.072146 -0.902101 0.227495 -0.366688 0.283058 0.953349 -0.104897 0.325718 -0.198422 -0.924411
-6.196375 -82.533959 676.273191 -4202.800995 0.933232 0.008084 0.359182 0.128445 -0.941179 -0.312545 -0.335528 -0.337812 0.879377
-5.768265 -72.948097 671.335573 2643.206805 0.931950 -0.034364 0.360956 -0.004954 0.994199 0.107440 -0.362554 -0.101916 0.926373
-8.909393 -80.584412 528.412566 -2795.068099 0.924231 -0.003043 0.381822 0.190236 -0.863356 -0.467361 -0.331071 -0.504585 0.797362
-10.264645 -82.131930 -5.924849 -2199.529988 0.909472 -0.047810 0.413007 0.206231 -0.810670 -0.547980 -0.361012 -0.583547 0.727422
-9.867189 -73.701672 614.428253 -7510.352974 0.925407 0.006396 0.378922 -0.328294 0.513040 0.793103 0.189330 0.858341 -0.476871
-9.848762 -86.200735 1313.633348 -4716.576798 0.903773 -0.024051 0.427337 -0.405155 0.273846 0.872272 0.138004 0.961473 -0.237750
27.939221 -64.452067 -5238.849410 5088.685796 -0.239335 -0.326315 0.914460 0.710676 0.582851 0.393984 -0.661557 0.744180 0.092407
47.010725 -64.467080 -5706.625506 10662.838160 -0.150228 -0.406450 0.901238 0.670690 0.627845 0.394950 -0.726365 0.663784 0.178282
26.945371 -131.495111 -4854.202013 20761.450201 -0.201076 -0.316719 0.926961 0.573479 0.729113 0.373518 -0.794160 0.606699 0.035025
47.665827 -123.609568 -5537.884113 23124.910209 -0.098168 -0.384647 0.917829 0.513425 0.770488 0.377814 -0.852501 0.508326 0.121850
28.589687 -72.768367 1843.985778 -222.206646 0.251894 -0.736283 0.628042 0.939564 0.341561 0.023590 -0.231884 0.584143 0.777822
-3.327937 -49.247013 -278.882687 -748.181286 0.900492 -0.269421 0.341360 0.430892 0.658753 -0.616746 0.058707 -0.702465 -0.709293
-4.715570 -47.731187 302.003513 -678.789807 0.891520 -0.254136 0.374977 0.432390 0.724181 -0.537216 0.135025 -0.641075 -0.755507
-3.904077 -46.473813 -46.712567 -759.886978 0.881308 -0.286339 0.375906 0.470297 0.608932 -0.638766 0.045998 -0.739738 -0.671321
17.995704 -21.406813 5273.328037 -1731.703299 0.828573 -0.529767 0.181146 -0.311043 -0.704577 -0.637827 -0.465531 -0.472142 0.748574
12.453384 -17.105208 5103.756877 644.961669 0.796863 -0.599336 0.076191 -0.440705 -0.662897 -0.605266 -0.413264 -0.448736 0.792369
9.352995 -18.413976 5442.103478 -812.651398 0.815498 -0.568682 0.107537 -0.387309 -0.674299 -0.628740 -0.430065 -0.471086 0.770144
21.671559 -541.077712 7279.176399 37525.399520 0.149716 0.023215 0.988456 -0.179984 0.983661 0.004159 -0.972209 -0.178529 0.151448
36.956412 -445.804507 7913.922357 28756.913252 0.134546 -0.060971 0.989030 0.177998 0.983357 0.036406 -0.974789 0.171147 0.143160
8094.432474 -275.446555 21295535.893689 -364012.359934 -0.631044 0.735588 0.246362 0.254222 -0.103947 0.961544 -0.732908 -0.669407 0.121407
-22.358652 -11312.520784 -16016.054480 -403148.966630 -0.206125 -0.532568 0.820905 0.952532 0.082874 0.292941 -0.224042 0.842320 0.490205
1.585517 -1716.683500 15921.805622 2324389.755609 0.163563 0.441494 -0.882230 0.983412 -0.144047 0.110236 -0.078414 -0.885626 -0.457732
-140.769905 -10840.368244 57997.350994 -8469396.372206 0.343460 0.505520 -0.791508 -0.353753 0.850340 0.389590 0.869997 0.146190 0.470887
-18.595512 -24.119592 -1701.762186 -955.547828 0.623852 0.682413 -0.380948 0.615662 -0.128855 0.777403 -0.481423 0.719520 0.500522
-22.116774 -25.676180 933.670492 558.549110 -0.615342 -0.640968 0.458818 0.701719 -0.180270 0.689270 -0.359088 0.746099 0.560707
-23.103691 -24.824495 1018.320366 -720.250792 -0.605448 -0.626954 0.490266 0.673991 -0.076279 0.734791 -0.423283 0.775313 0.468745
-19.972622 -22.346692 -1776.279423 -389.569104 0.832050 0.554022 0.027424 0.213004 -0.364763 0.906409 -0.512174 0.748337 0.421509
0.490785 -221.497401 -454.632238 359.722645 0.857443 -0.270932 0.437478 0.501847 0.252339 -0.827330 -0.113757 -0.928935 -0.352333
4.562003 -301.872087 -1481.073640 30428.055184 0.843791 -0.316746 0.433231 0.536672 0.498241 -0.680984 0.000155 -0.807111 -0.590400
0.075664 -212.535214 281.594141 9889.479576 0.857314 -0.255971 0.446644 0.508364 0.557650 -0.656195 0.081104 -0.789624 -0.608208
-118.319994 -143.199382 -25245.544881 26032.740696 -0.885412 0.053938 -0.461667 0.039671 0.998389 0.040561 0.463111 0.017598 -0.886126
-90.341204 -410.771999 -19002.820389 90008.055642 -0.879202 0.103499 -0.465071 0.177340 0.977072 -0.117814 0.442214 -0.186058 -0.877399
-387.403928 -900.309056 15638.896833 -170941.005149 -0.478872 0.814000 -0.328763 -0.815547 -0.551096 -0.176570 0.324908 -0.183567 -0.927760
-159.658464 -387.622331 24203.221002 -84639.613443 -0.041737 0.996971 0.065626 -0.946646 -0.018451 -0.321746 0.319560 0.075553 -0.944549
-151.291993 -824.740788 10161.904537 -207414.646332 -0.333515 0.942744 -0.001489 -0.941402 -0.332955 0.053887 -0.050306 -0.019374 -0.998546
-12.587252 -26.390347 -165.189151 733.985763 0.902052 -0.377252 0.209723 -0.116043 -0.679964 -0.724005 -0.415736 -0.628753 0.657140
-12.486708 -26.247444 -318.551094 -761.451906 0.875767 -0.470452 0.108199 -0.214845 -0.580567 -0.785356 -0.432289 -0.664543 0.609515
-33.828454 -43.567277 -92.405897 1271.730477 0.977108 0.181294 -0.111320 -0.212691 0.844027 -0.492321 -0.004703 -0.504728 -0.863266
19.175854 -37.696627 -3279.999011 1958.189170 0.932326 0.155639 0.326413 -0.331157 0.730083 0.597758 0.145274 0.665399 -0.732216
19.716935 -40.762338 -2077.411277 1116.275237 0.940436 0.101732 0.324394 -0.261292 0.826735 0.498232 0.217502 0.553317 -0.804073
23.347236 -40.868805 1523.848562 1479.097024 0.893790 0.021927 0.447949 -0.302835 0.766225 0.566737 0.330802 0.642199 -0.691485
12.495239 -37.286993 -4987.749233 1512.714458 0.961045 0.158563 0.226386 -0.259979 0.796652 0.545671 0.093828 0.583270 -0.806841
24.398665 -36.029930 771.872449 1530.770563 0.892672 0.050919 0.447821 -0.363823 0.667871 0.649293 0.266025 0.742533 -0.614716
17.965597 -30.860501 -4052.060426 1824.694898 0.901194 0.232173 0.365986 -0.426714 0.623214 0.655377 0.075927 0.746793 -0.660708
8.679736 -31.266691 -6234.968405 2210.726762 0.929881 0.246065 0.273449 -0.366165 0.690440 0.623872 0.035287 0.680254 -0.732127
52.216841 -86.524823 -11016.090884 -2305.546476 -0.140934 0.253655 -0.956973 -0.062771 0.962386 0.264334 0.988027 0.097324 -0.119711
29.935821 -87.717032 -6986.542202 1241.353399 -0.104156 0.392985 -0.913627 -0.187187 0.894460 0.406081 0.976787 0.213315 -0.019602
70.779776 -95.188799 -12106.175570 4040.972952 -0.169936 0.325652 -0.930093 -0.343770 0.864940 0.365650 0.923549 0.381876 -0.035035
0.868840 -39.953892 373.058221 1072.201793 -0.542974 0.556354 0.629007 0.813341 0.162048 0.558764 0.208941 0.814991 -0.540493
-0.345966 -53.234703 387.690236 544.290829 -0.547536 0.701793 0.455731 0.526786 0.712245 -0.463900 -0.650154 -0.013929 -0.759675
-0.128593 -47.834685 -688.873616 389.834755 -0.597718 0.657746 0.458371 0.544284 0.752715 -0.370371 -0.588633 0.028107 -0.807912
-4.270717 -63.083606 473.500035 104.353385 0.812655 -0.202079 -0.546585 0.492783 0.738959 0.459461 -0.311057 0.642731 -0.700100
-4.447391 -64.785526 267.775832 -2368.925311 0.816732 -0.188079 -0.545505 0.525641 0.632472 0.568929 -0.238013 0.751402 -0.615422
8.239467 -59.707097 831.769332 1874.311461 -0.558373 0.720050 0.412004 -0.274671 -0.629087 0.727190 -0.782800 -0.292878 -0.549042
-2.721968 -51.266419 595.288681 -86.339835 -0.533608 0.772639 0.343937 0.431279 -0.101229 0.896522 -0.727504 -0.626724 0.279206
2.518565 -31.928030 803.321661 803.782590 -0.545882 0.537826 0.642461 0.651775 -0.209257 0.728972 0.526499 0.816673 -0.236312
3.113538 -32.224213 69.646938 41.958875 -0.558865 0.558677 0.612821 0.624463 -0.202717 0.754289 0.545633 0.804230 -0.235581
0.353688 -35.158238 504.929111 -1313.167139 0.572923 -0.580960 -0.578140 0.571098 -0.222984 0.790016 0.587883 0.782792 -0.204032
26.236394 -150.946090 4551.397512 6328.347344 -0.174431 0.846566 0.502891 0.707628 -0.247370 0.661869 -0.684716 -0.471310 0.555905
10.833574 -161.424780 -439.572922 989.621653 -0.202552 0.763827 0.612814 0.473022 -0.471624 0.744191 -0.857451 -0.440612 0.265779
9.800715 -148.783377 1862.669025 -4065.808791 -0.189404 0.835833 0.515275 0.398541 -0.414163 0.818312 -0.897380 -0.360350 0.254670
10.481523 -127.204205 4076.343075 2312.550714 -0.173595 0.891289 0.418889 0.627646 -0.227642 0.744472 -0.758897 -0.392151 0.519897
-8.349412 -63.040742 -956.080902 -5374.197449 -0.121087 0.559133 -0.820188 0.446688 0.768574 0.458001 0.886458 -0.310910 -0.342822
-12.647859 -48.314242 -915.789563 -3021.407457 -0.167320 0.561215 -0.810581 0.542503 0.738917 0.399614 0.823222 -0.372879 -0.428097
-11.780615 -64.889776 -478.551075 -5445.341313 -0.143984 0.665120 -0.732724 0.389845 0.718686 0.575771 0.909555 -0.202747 -0.362773
25.935149 -3405.413726 4530.089557 532838.839097 0.122298 -0.247219 -0.961211 0.948107 0.315489 0.039488 0.293489 -0.916160 0.272974
-8755.512196 -361440.896766 125655.351358 86366853.013238 0.201287 -0.255644 -0.945584 0.263849 0.943813 -0.198999 0.943328 -0.209435 0.257429
-635.190255 -11290.726475 93900.688425 -355894.111291 0.206686 -0.158652 -0.965459 -0.047436 0.983980 -0.171850 0.977257 0.081316 0.195849
158.063855 -8724.876160 -36688.781824 -7111177.408031 0.023212 -0.294729 -0.955299 0.970135 -0.224141 0.092724 -0.241451 -0.928922 0.280724
11.669596 -294.851183 269.431596 33514.022903 0.453798 -0.493654 -0.741871 -0.149123 0.778720 -0.609391 0.878539 0.387171 0.279766
11.466738 -294.097812 -207.790604 10510.985512 0.473249 -0.521528 -0.709960 -0.139443 0.751413 -0.644929 0.869822 0.404211 0.282882
11.724896 -276.982300 -528.469882 -35688.103955 -0.505285 0.502436 0.701602 0.529491 -0.461480 0.711811 0.681414 0.731160 -0.032856
-43.271605 -62.332360 1202.181897 1366.292278 0.940105 -0.282591 -0.190644 -0.058453 -0.684614 0.726558 0.335836 0.671897 0.660128
-36.185208 -57.164392 -48.480135 2548.838260 0.843430 -0.533786 -0.060819 -0.372943 -0.663217 0.648889 0.386704 0.524611 0.758448
-37.498344 -48.082450 -83.791121 -2358.571445 -0.362886 -0.838277 -0.406946 0.898681 -0.199386 -0.390663 0.246344 -0.507481 0.825698
-36.818732 -49.363436 -859.750790 -1589.829223 -0.342428 -0.900143 -0.269230 0.855768 -0.180533 -0.484839 0.387820 -0.396421 0.832134
-37.202741 -44.883426 -216.028371 -1919.256210 -0.255578 -0.900310 -0.352308 0.938105 -0.142835 -0.315527 0.233750 -0.411144 0.881091
-37.547706 -51.485424 -718.966931 -1313.977118 -0.387980 -0.854623 -0.345096 0.816344 -0.144834 -0.559111 0.427847 -0.498642 0.753859
-37.998446 -50.634285 216.067134 -2084.691833 -0.427663 -0.761266 -0.487420 0.858462 -0.173168 -0.482758 0.283102 -0.624890 0.727576
10.696769 -35.428801 7043.858710 -382.074875 0.930924 0.362767 -0.042203 0.311718 -0.849454 -0.425747 0.190296 -0.383183 0.903858
22.264351 -34.784972 7346.040211 -161.933504 0.947111 0.320202 -0.021223 0.298275 -0.902790 -0.309843 0.118373 -0.287126 0.950551
-6.942968 -45.522199 -60.259197 740.532773 0.829443 -0.145241 0.539378 -0.502230 -0.616589 0.606286 -0.244517 0.773772 0.584370
-7.312280 -48.360850 -36.119111 -199.452395 0.847093 -0.129239 0.515491 -0.510065 -0.470070 0.720325 -0.149222 0.873116 0.464113
-6.294171 -50.254192 -119.318191 -568.365703 0.836815 -0.112986 0.535700 -0.516607 -0.486918 0.704293 -0.181267 0.866109 0.465830
-6.216641 -47.955625 -187.227477 1654.421045 0.827724 -0.120221 0.548106 -0.481202 -0.654531 0.583124 -0.288649 0.746415 0.599621
-6.393321 -43.891609 -48.191962 1871.568669 0.809000 -0.161828 0.565093 -0.469642 -0.756081 0.455827 -0.353490 0.634156 0.687671
-6.109185 -42.315668 13.248032 1980.295602 0.811653 -0.183473 0.554578 -0.487524 -0.735745 0.470106 -0.321776 0.651933 0.686617
3.844024 -56.298118 -10.933346 698.441531 0.868185 -0.299453 0.395705 0.466391 0.764776 -0.444520 0.169513 -0.570479 -0.803629
3.843099 -54.678176 88.593714 466.984186 0.885274 -0.286927 0.366010 0.446152 0.746137 -0.494194 0.131297 -0.600793 -0.788549
4.542086 -52.329148 -82.806301 1447.324560 0.899763 -0.268958 0.343639 0.389239 0.850661 -0.353368 0.197279 -0.451705 -0.870082
-3.419018 -65.127540 887.472301 1880.421558 0.938551 -0.041503 0.342636 0.057635 0.997651 -0.037029 -0.340294 0.054501 0.938738
-2.315990 -74.421703 774.657466 4203.745462 0.937397 -0.002370 0.348256 -0.036910 0.993669 0.106111 -0.346302 -0.112322 0.931375
-0.256149 -71.178006 1193.002627 1117.826239 0.943984 -0.047263 0.326588 0.081099 0.992564 -0.090771 -0.319870 0.112172 0.940798
-2.405299 -66.902521 910.791675 -2022.388335 0.936319 -0.065836 0.344923 0.135466 0.973954 -0.181832 -0.323968 0.216979 0.920850
27.198765 -59.358796 -3463.091087 6218.583986 0.519889 -0.499690 0.692838 0.103845 0.842019 0.529359 -0.847898 -0.203260 0.489647
27.109521 -68.376551 -375.251239 8895.680298 0.484422 -0.515731 0.706652 0.191487 0.850675 0.489576 -0.853621 -0.101847 0.510841
30.942627 -43.401754 -4325.514687 5374.421668 0.493131 -0.613800 0.616499 0.323595 0.787226 0.524940 -0.807532 -0.059368 0.586828
24.085676 -79.238357 -185.760855 4458.782907 0.491333 -0.424465 0.760541 -0.112241 0.835070 0.538572 -0.863710 -0.349981 0.362655
33.991748 -40.104764 -2974.671277 4434.730385 0.599573 -0.577098 0.554501 0.253028 0.793998 0.552760 -0.759269 -0.191116 0.622081
23.757406 -65.518621 -2239.698317 2879.615061 0.535674 -0.411491 0.737379 -0.159215 0.808352 0.566760 -0.829279 -0.421000 0.367498
28.801362 -77.274816 2401.488056 1997.771738 0.006357 -0.671297 0.741161 0.994687 0.080401 0.064291 -0.102748 0.736815 0.668241
22.459700 -73.415631 2056.320896 3125.389634 0.145073 -0.719400 0.679277 0.988679 0.131985 -0.071371 -0.038310 0.681941 0.730403
39.015445 -77.937083 -157.027515 -5511.529371 -0.063590 -0.587374 0.806814 0.923010 0.272801 0.271352 -0.379485 0.761953 0.524804
-5.613962 -165.969493 -196.419583 18971.927261 0.077003 0.130137 -0.988501 -0.653332 0.755512 0.048570 0.753146 0.642079 0.143200
-5.275042 -222.105408 -100.838673 28678.194767 0.103679 0.161933 -0.981340 -0.403472 0.908677 0.107316 0.909099 0.384817 0.159546
-6.913738 -205.657211 -222.461980 23252.212555 0.083867 0.129117 -0.988076 -0.346589 0.933439 0.092560 0.934260 0.334694 0.123035
-2.621141 -322.716450 -1390.751049 68912.157785 0.089954 0.063959 -0.993890 -0.509540 0.860397 0.009251 0.855732 0.505594 0.109985
16.081387 -566.663409 -7886.222309 -34088.029664 -0.096774 -0.020812 -0.995089 0.704420 -0.707748 -0.053703 -0.703155 -0.706158 0.083152
6.383977 -469.443265 2884.517457 -62930.381487 0.132571 -0.045006 0.990151 -0.554869 0.824397 0.111764 -0.821307 -0.564220 0.084319
16.140525 -682.360600 720.057018 165551.405707 -0.062379 0.018125 -0.997888 0.867545 -0.493327 -0.063191 -0.493431 -0.869655 0.015049
-1.634825 -475.315446 -1068.760710 71305.793817 -0.106326 0.058256 -0.992623 0.827780 -0.547889 -0.120824 -0.550886 -0.834520 0.010031
1.054110 -431.385520 1221.267585 25203.585599 0.108152 -0.031196 0.993645 -0.420943 0.904047 0.074200 -0.900617 -0.426292 0.084643
102.809185 -1127.401470 94267.416331 734932.278298 0.070884 -0.301384 0.950865 0.240003 0.930411 0.277009 -0.968181 0.208574 0.138284
-22.414590 -32.110618 468.837499 1298.294800 0.863988 0.339986 -0.371395 0.433462 -0.126921 0.892189 -0.256194 0.931827 0.257029
-21.354840 -30.929241 -346.679670 1198.942482 0.917560 0.391059 -0.071809 0.149987 -0.173178 0.973403 -0.368222 0.903926 0.217555
3.242191 -354.757890 -450.326854 62038.557780 0.853663 -0.323175 0.408433 0.484733 0.779842 -0.396081 0.190510 -0.536101 -0.822376
15.065234 -848.160681 355.671336 198596.326886 0.868951 -0.305081 0.389678 0.449792 0.815270 -0.364722 0.206423 -0.492199 -0.845653
10.919446 -324.169023 -775.824301 37908.367788 0.850856 -0.239756 0.467505 0.522128 0.484994 -0.701543 0.058538 -0.841010 -0.537844
-29.698676 -107.799064 -6595.000393 22109.630134 -0.884344 -0.006706 -0.466787 0.000956 0.999869 -0.016176 0.466835 -0.014751 -0.884222
-17.485475 -182.148953 -6316.953839 42503.460789 -0.880513 -0.007088 -0.473969 0.044285 0.994285 -0.097140 0.471949 -0.106523 -0.875167
-34.619836 -47.468442 -131.283455 816.294609 0.991062 0.066358 -0.115730 -0.125301 0.760778 -0.636802 -0.045787 -0.645611 -0.762292
-36.156392 -47.356069 -433.069583 99.296483 0.996332 0.080733 -0.028385 -0.074389 0.653075 -0.753630 0.042305 -0.752977 -0.656685
21.985341 -42.690461 2127.601873 679.138043 0.890252 -0.003214 0.455458 -0.233241 0.855693 0.461939 0.391217 0.517474 -0.761032
20.008717 -41.808654 -940.072284 -782.500965 0.939212 0.054366 0.339005 -0.175664 0.924453 0.338422 0.294995 0.377401 -0.877808
12.991531 -39.807717 -3902.941059 264.047953 0.969321 0.106228 0.221659 -0.196104 0.877901 0.436843 0.148189 0.466910 -0.871800
11.778120 -85.083379 -2817.659912 91.164028 -0.104411 0.505648 -0.856398 -0.125149 0.847580 0.515700 0.986629 0.161022 -0.025215
2.174927 -41.693631 423.073660 265.593046 -0.598579 0.539129 0.592488 0.786639 0.535328 0.307609 -0.151335 0.650202 -0.744536
3.759128 -40.523429 120.857925 282.450276 -0.618552 0.541500 0.569360 0.773880 0.545285 0.322140 -0.136024 0.639877 -0.756343
2.387623 -38.808849 -63.877493 301.027055 -0.606855 0.551778 0.572073 0.794313 0.446538 0.411911 -0.028169 0.704376 -0.709268
-0.674697 -55.417357 584.102861 -364.030547 -0.529828 0.729558 0.432467 -0.403322 -0.665315 0.628242 -0.746065 -0.158437 -0.646749
-2.059935 -54.502057 402.049844 -466.562019 -0.525744 0.741130 0.417516 -0.305636 -0.622628 0.720362 -0.793839 -0.251118 -0.553859
-7.603075 -73.114925 -284.443221 2622.329892 -0.816280 0.170886 0.551802 0.286348 0.949320 0.129602 -0.501689 0.263799 -0.823844
-8.713297 -71.852842 -50.650321 2015.527026 -0.792809 0.175984 0.583509 0.264747 0.961800 0.069635 -0.548965 0.209690 -0.809116
-9.356188 -70.091174 -221.042904 929.707018 -0.770672 0.193636 0.607100 0.302651 0.949627 0.081309 -0.560774 0.246402 -0.790455
1.482499 -57.074821 823.897470 27.417111 -0.523844 0.737731 0.425841 -0.365262 -0.646171 0.670109 -0.769527 -0.195489 -0.607958
72.066844 -59.122973 -739.805827 -2777.738426 0.531716 -0.184944 0.826483 0.694948 -0.462494 -0.550587 0.484071 0.867119 -0.117389
63.181733 -42.499987 -2278.191749 -3605.164141 0.520115 -0.284763 0.805227 0.777199 -0.233155 -0.584466 0.354177 0.929811 0.100050
64.136857 -53.322322 -5377.572670 -2404.664108 0.620458 -0.074490 0.780694 0.744539 -0.256768 -0.616224 0.246360 0.963598 -0.103853
20.876246 -40.768586 -5609.210143 -714.034863 -0.861106 0.012613 -0.508269 -0.096462 0.977482 0.187683 0.499190 0.210644 -0.840499
18.169399 -42.501378 -2909.711854 -776.943305 -0.871253 0.032586 -0.489751 -0.145156 0.936057 0.320509 0.468879 0.350335 -0.810813
24.313306 -41.618246 -2493.289187 -1531.345592 -0.905541 -0.022267 -0.423674 -0.125786 0.967813 0.217983 0.405183 0.250685 -0.879195
0.202131 -34.852183 -931.205193 804.854494 -0.503626 0.569607 0.649545 -0.496326 0.424629 -0.757199 0.707122 0.703731 -0.068857
-1.749518 -36.553306 -798.996456 1358.614356 -0.484363 0.524106 0.700504 -0.502859 0.488433 -0.713138 0.715909 0.697673 -0.026973
-3.822119 -42.558316 492.122514 1991.768222 0.513154 -0.525815 -0.678375 -0.389599 0.561556 -0.729978 0.764779 0.638885 0.083308
6.944285 -31.060978 -3237.203855 1015.575083 -0.532655 0.671451 0.515201 -0.295533 0.422860 -0.856650 0.793057 0.608558 0.026802
83.223533 -136.336957 23462.454437 -9029.012157 -0.329804 0.925394 0.186747 0.870903 0.374585 -0.318140 0.364358 -0.057715 0.929469
71.234906 -132.909446 5941.763224 -9935.304605 -0.195792 0.837241 0.510582 0.843241 0.409530 -0.348181 0.500609 -0.362372 0.786179
78.503701 -118.358190 -10364.942586 1380.733048 0.213222 -0.870682 -0.443226 0.946065 0.297262 -0.128825 0.243919 -0.391852 0.887105
82.251563 -110.149370 10480.349348 -3256.917430 0.049375 -0.633026 -0.772554 0.917871 0.333731 -0.214795 0.393796 -0.698499 0.597514
70.135237 -122.144803 -23785.434646 -498.844847 0.277531 -0.945863 -0.168286 0.953944 0.292077 -0.068431 0.113879 -0.141544 0.983360
76.101243 -110.310219 10888.637010 7050.036052 0.116160 -0.589536 -0.799346 0.978348 0.206710 -0.010281 0.171294 -0.780844 0.600783
49.662971 -594.940253 8774.682145 -275653.523188 -0.035297 -0.097011 -0.994657 0.881361 -0.472212 0.014779 -0.471123 -0.876131 0.102170
-19.676251 -620.548035 -1897.961927 148872.704197 0.109397 0.070497 0.991495 0.039225 0.996399 -0.075173 -0.993224 0.047115 0.106237
10.507009 -38.466860 -4480.889962 548.069946 -0.865678 0.052290 -0.497862 0.105614 0.991222 -0.079532 0.489333 -0.121430 -0.863602
11.499870 -38.566374 -2190.251749 -93.949340 -0.867018 0.056912 -0.495016 0.064919 0.997890 0.001023 0.494030 -0.031249 -0.868883
18.234879 -37.425213 -5031.726844 276.186873 -0.868582 0.026113 -0.494858 0.038030 0.999178 -0.014026 0.494085 -0.031002 -0.868861
1.246459 -46.426837 -692.357860 651.111067 -0.618105 0.631644 0.467944 0.609226 0.761103 -0.222634 -0.496780 0.147472 -0.855256
1.645087 -46.097833 -387.851211 487.411950 -0.606523 0.631358 0.483236 0.546274 0.772535 -0.323689 -0.577681 0.067654 -0.813454
1.204708 -45.725353 36.666278 -74.352471 -0.584169 0.644529 0.493284 0.429847 0.761218 -0.485571 -0.688461 -0.071618 -0.721729
-37.718422 -63.953169 -1952.104495 -811.095745 0.976548 0.055594 -0.207998 0.197047 -0.620065 0.759402 0.086754 0.782579 0.616478
-47.032940 -62.092889 1492.528583 66.866942 0.956562 -0.134453 -0.258672 0.126659 -0.607507 0.784151 0.262576 0.782853 0.564088
-2.595933 -118.430977 445.576375 934.039956 0.235893 0.302284 -0.923568 -0.657296 0.749640 0.077475 0.715763 0.588782 0.375525
-0.126238 -119.884573 729.406144 -1337.910224 0.241998 0.283202 -0.928027 -0.432639 0.887606 0.158049 0.868482 0.363253 0.337323
