11714
23392
-38.136297 -56.004430 -3188.489226 7967.894144 -0.089230 0.995661 0.026413 -0.188550 0.009153 -0.982021 0.978002 0.092605 -0.186915
-48.542044 -66.627203 182.861666 5973.618156 -0.176907 0.982510 -0.058115 -0.034863 -0.065264 -0.997259 0.983610 0.174396 -0.045798
-38.962984 -76.197635 -4266.858419 10066.992634 -0.067754 0.945492 0.318519 -0.068746 0.314070 -0.946908 0.995331 0.086054 -0.043719
-38.453244 -53.540369 802.168560 4147.508760 -0.266694 0.770431 -0.579060 -0.027236 -0.606605 -0.794536 0.963396 0.196127 -0.182761
-24.611289 -72.918042 -6831.314253 13246.358929 0.032801 0.974434 0.222269 -0.199507 0.224296 -0.953881 0.979347 0.013056 -0.201763
-28.237147 -45.422682 -5861.056606 6598.238174 -0.026264 0.999450 -0.020231 -0.286860 -0.026922 -0.957594 0.957612 0.019347 -0.287410
-31.518342 -43.998349 51.416065 4052.610139 -0.245028 0.764165 -0.596668 -0.145248 -0.637417 -0.756705 0.958574 0.098749 -0.267178
2.432618 -10.745302 2016.712035 342.529585 -0.461281 0.799110 0.385542 -0.172115 0.345687 -0.922430 0.870400 0.491857 0.021920
3.602568 -13.621439 1278.379398 -763.016572 -0.385224 0.709256 0.590388 -0.283077 0.518099 -0.807119 0.878334 0.478047 -0.001190
5.694812 -14.381243 374.394430 -216.012816 -0.413960 0.780548 0.468382 -0.199730 0.424118 -0.883307 0.888113 0.459204 0.019669
1.623203 -12.709193 175.951411 -525.769834 -0.505350 0.862909 -0.003029 0.019879 0.008133 -0.999769 0.862685 0.505294 0.021264
-2.779897 -11.377356 -1532.640085 -2195.217911 -0.471048 0.820649 -0.323495 0.141974 -0.291416 -0.946002 0.870608 0.491540 -0.020760
7.244122 -12.278573 1498.601826 175.633405 -0.477719 0.821432 0.311503 -0.107279 0.297381 -0.948713 0.871938 0.486636 0.053942
52.239803 -100.920698 -830.125934 15814.425673 0.225987 0.521303 0.822905 0.883517 -0.465476 0.052243 0.410277 0.715245 -0.565772
34.079121 -109.276438 -976.673832 7363.755649 0.240125 0.493242 0.836093 0.957159 -0.263878 -0.119224 0.161821 0.828903 -0.535475
47.920373 -112.964803 8554.771656 6023.528256 0.310262 0.479749 0.820718 0.931844 -0.324353 -0.162672 0.188161 0.815252 -0.547685
62.148147 -110.721889 6817.576253 12921.466253 0.310441 0.560407 0.767835 0.876551 -0.481300 -0.003118 0.367812 0.674014 -0.640640
59.865968 -86.775491 596.018954 12827.208140 0.238527 0.586711 0.773870 0.811702 -0.557924 0.172804 0.533147 0.586933 -0.609314
62.489771 -72.640092 -7541.226974 11440.811711 0.136686 0.562389 0.815497 0.819765 -0.526389 0.225611 0.556150 0.637677 -0.532977
94.852656 -30.139914 -18162.533810 -2954.526390 -0.528171 0.839393 0.128275 0.370610 0.091960 0.924225 -0.763991 -0.535689 0.359659
88.260525 -38.389437 -8054.118658 -1611.200573 -0.426350 0.904341 -0.019820 0.312204 0.167682 0.935100 -0.848972 -0.392492 0.353830
100.915399 -35.806109 7824.028370 -4567.922229 -0.247493 0.967894 -0.043918 0.337654 0.128648 0.932437 -0.908150 -0.215943 0.358653
-4.102313 -65.198087 895.876972 -619.298154 0.328388 0.917426 -0.224702 0.123460 -0.277545 -0.952747 0.936440 -0.285129 0.204407
-3.956247 -69.907802 426.229543 -2547.475894 0.340210 0.908995 -0.240803 -0.019023 -0.249373 -0.968221 0.940157 -0.333979 0.067547
-4.333935 -68.344039 94.986228 -1821.134417 0.328615 0.915716 -0.231251 0.033545 -0.256011 -0.966092 0.943868 -0.309715 0.114847
-3.845083 -64.384694 284.577077 -745.417882 0.320060 0.924713 -0.206076 0.226900 -0.286006 -0.930976 0.919825 -0.251210 0.301357
-4.482171 -63.112602 -809.506309 -1762.234530 0.334881 0.922745 -0.190779 0.193715 -0.265565 -0.944431 0.922133 -0.279315 0.267682
-4.760904 -66.964546 -1130.588282 -1783.542628 0.340321 0.911809 -0.229753 -0.010964 -0.240473 -0.970594 0.940245 -0.332832 0.071841
-0.110762 -74.125679 -1095.107795 -1031.260259 0.073486 0.934544 -0.348177 -0.779381 0.271637 0.564604 -0.622225 -0.229872 -0.748328
1.233339 -72.302040 -426.731870 476.809142 0.091182 0.933842 -0.345869 -0.847503 0.255140 0.465448 -0.522900 -0.250685 -0.814698
1.314404 -75.511652 -845.134053 -1488.114219 0.066500 0.938947 -0.337574 -0.761797 0.266275 0.590562 -0.644394 -0.217891 -0.732994
0.082556 -75.943033 -461.923364 -2269.144486 0.064094 0.943805 -0.324228 -0.665303 0.282573 0.691031 -0.743817 -0.171419 -0.646028
-1.534416 -102.513947 1018.853675 -8627.585331 0.201728 0.961558 -0.186313 0.002686 -0.190766 -0.981632 0.979438 -0.197523 0.041066
1.687119 -87.086732 971.735028 -4517.600198 0.220803 0.959822 -0.173168 0.179428 -0.214495 -0.960103 0.958672 -0.180922 0.219580
-1.168137 -87.763312 796.468003 -5994.455182 0.207297 0.959607 -0.190215 0.170517 -0.226905 -0.958873 0.963303 -0.166336 0.210666
1.614040 -71.819512 -13.722445 -2170.166424 0.222908 0.952392 -0.207993 0.318402 -0.272789 -0.907858 0.921375 -0.136143 0.364051
-0.719657 -86.321586 -714.200452 -7370.589083 0.237501 0.949718 -0.204033 0.169554 -0.247349 -0.953976 0.956475 -0.191976 0.219775
3.166604 -73.983365 489.875860 -1049.094237 0.229417 0.953335 -0.196264 0.352476 -0.269329 -0.896227 0.907265 -0.136431 0.397816
3.805138 -97.092127 1807.592750 -7014.985696 0.207882 0.965605 -0.156178 0.019658 -0.163758 -0.986305 0.977956 -0.201965 0.053024
-0.526958 -73.267109 30.331474 2824.581144 0.187511 0.960683 -0.204762 0.448211 -0.269175 -0.852439 0.874041 -0.068065 0.481062
-1.795546 -84.363755 -55.692186 5693.061996 0.176821 0.964867 -0.194335 0.528394 -0.259639 -0.808324 0.830382 -0.040243 0.555740
-1.878755 -88.685679 -501.478100 8851.643883 0.164861 0.974867 -0.149854 0.579936 -0.218704 -0.784756 0.797806 -0.042470 0.601416
-1.319119 -103.499913 -677.635833 9677.724448 0.136634 0.983515 -0.118445 0.661943 -0.179600 -0.727720 0.736996 -0.021028 0.675570
-0.301762 -83.967259 -263.892496 4838.285578 0.174993 0.968761 -0.175727 0.465624 -0.238689 -0.852186 0.867509 -0.067304 0.492847
-18.001064 -84.279685 -456.807865 957.234211 0.112948 0.953276 -0.280193 0.049277 0.276276 0.959814 -0.992378 0.122216 0.015770
-18.499823 -82.676166 1017.704188 600.960835 0.184702 0.944604 -0.271308 0.083661 0.259944 0.961993 -0.979227 0.200380 0.031014
-17.845264 -85.676306 568.802951 2754.028457 0.160829 0.948117 -0.274241 -0.090422 0.290843 0.952488 -0.982832 0.128391 -0.132506
-18.188769 -82.479249 777.919485 -1251.429393 0.159276 0.949641 -0.269840 0.212089 0.234033 0.948813 -0.964183 0.208354 0.164133
-16.281505 -89.798762 -1043.498897 2069.035679 0.082237 0.958800 -0.271917 -0.140705 0.281278 0.949255 -0.986630 0.039804 -0.158040
-17.655707 -83.650340 -1632.388778 -625.640262 0.077322 0.962857 -0.258703 0.190244 0.240464 0.951832 -0.978687 0.122814 0.164585
-16.049012 -90.324269 -1816.493865 337.815846 0.044603 0.963523 -0.263881 0.051063 0.261599 0.963825 -0.997699 0.056464 0.037532
-12.980937 -115.264791 407.722227 -1162.522965 0.146651 0.980389 -0.131649 0.828949 -0.049181 0.557158 -0.539757 0.190838 0.819904
-10.630857 -108.060471 999.595256 -4727.847360 0.140784 0.979072 -0.146965 0.628951 0.026194 0.777004 -0.764592 0.201824 0.612100
-10.816983 -117.164788 -1191.987344 -3738.599332 0.141906 0.984817 -0.099996 0.745489 -0.039865 0.665325 -0.651236 0.168959 0.739827
22.911492 -90.160142 -3567.833041 299.967237 0.783070 -0.026242 -0.621379 0.407344 -0.733345 0.544311 0.469969 0.679350 0.563572
30.190205 -96.455148 -1641.955856 5535.650415 0.749915 -0.103019 -0.653463 0.429702 -0.675183 0.599570 0.502974 0.730421 0.462063
22.637878 -101.268220 528.756879 -11674.945855 0.741828 -0.168789 -0.649000 0.326513 -0.754420 0.569420 0.585731 0.634319 0.504538
19.223202 -106.571396 -816.576593 13338.894979 0.764158 -0.078511 -0.640234 -0.312817 0.822924 -0.474280 0.564100 0.562700 0.604284
-23.616731 -44.450181 -1699.927540 180.494773 0.032370 0.998800 0.036739 -0.977985 0.039235 -0.204951 0.206147 0.029296 -0.978082
-26.775470 -44.517226 -465.591478 -197.346609 0.089305 0.989500 0.113644 -0.984236 0.105161 -0.142199 0.152657 0.099153 -0.983293
-24.030815 -44.266611 36.769346 -468.707877 0.099103 0.985939 0.134544 -0.947087 0.134940 -0.291235 0.305295 0.098563 -0.947143
-20.778782 -42.445198 771.802956 -807.498182 0.170802 0.960559 0.219439 -0.884176 0.247704 -0.396077 0.434811 0.126372 -0.891611
-20.807920 -42.424591 -234.393998 -836.816662 0.075667 0.991648 0.104448 -0.899961 0.113021 -0.421066 0.429354 0.062139 -0.900996
-21.967313 -43.970970 -1341.442304 -801.337267 0.011131 0.999304 0.035600 -0.942617 0.022367 -0.333127 0.333691 0.029849 -0.942210
235890.636467 62036.588604 -1936534598.955355 -7775873.997242 -0.086405 0.792250 -0.604048 0.511313 -0.485105 -0.709388 0.855040 0.370153 0.363172
-145.586026 -1592.999495 40391.381833 566619.200586 -0.661931 0.557255 0.501313 0.745458 0.559323 0.362560 -0.078358 0.613698 -0.785643
20161.015584 -7.006179 -3371660.556653 169033.488142 0.638340 -0.014545 0.769617 -0.595594 0.624050 0.505796 0.487637 0.781249 -0.389693
10110.224254 -605.664858 37489473.968481 795991.984779 0.642779 -0.507700 0.573651 -0.354645 0.466542 0.810287 0.679015 0.724278 -0.119830
-1.527467 -859.498958 1615.546167 320390.856313 0.434544 -0.268384 -0.859733 0.675940 0.728026 0.114378 0.595211 -0.630831 0.497771
85.747935 -6770.396143 67132.415469 -840501.560130 0.655711 -0.247964 -0.713132 -0.564937 0.465481 -0.681302 -0.500888 -0.849612 -0.165137
676.636200 -41069.047619 143758.205242 42066004.044854 0.574525 -0.452365 -0.682119 0.642761 0.765319 0.033834 0.506733 -0.457878 0.730458
-11.104609 -60.621398 170.262833 -2596.181257 -0.649471 0.027985 0.759871 0.288135 0.933855 0.211879 -0.703680 0.356555 -0.614575
-10.709268 -58.597612 -919.664330 -3071.285552 -0.645487 0.000253 0.763771 0.273616 0.933705 0.230933 -0.713078 0.358044 -0.602764
-11.931578 -70.433973 -655.635466 -5711.633911 -0.634664 0.059057 0.770528 0.408318 0.872159 0.269474 -0.656108 0.485645 -0.577642
-30.938062 -53.281408 7141.343610 -3200.696426 -0.498143 0.833462 -0.239154 -0.061237 -0.308938 -0.949109 0.864930 0.458147 -0.204934
-48.010483 -60.240247 7104.226821 -3936.324133 -0.428686 0.765645 -0.479599 0.007937 -0.527639 -0.849432 0.903419 0.367946 -0.220115
-39.769911 -63.415617 7127.674355 -3504.737423 -0.491189 0.741703 -0.456739 -0.084351 -0.562391 -0.822558 0.866959 0.365506 -0.338803
-57.575187 -72.151757 3837.744045 5579.392739 -0.376572 0.477460 -0.793867 -0.043132 0.846984 0.529866 0.925383 0.233774 -0.298356
-45.793341 -71.545679 6322.406894 2888.428244 -0.511597 0.644870 -0.567812 0.172322 0.724422 0.667472 0.841768 0.243630 -0.481737
-26.393312 -64.066903 6543.396560 -2667.006243 -0.537041 0.751590 -0.383015 -0.200954 -0.554963 -0.807238 0.819271 0.356551 -0.449073
1.704875 -42.386529 -1304.303751 214.748753 0.158308 0.870987 -0.465103 0.930432 0.026082 0.365536 0.330508 -0.490614 -0.806265
0.349255 -40.430332 -1417.842127 -496.952037 0.132349 0.871734 -0.471767 0.955680 0.014053 0.294072 0.262983 -0.489779 -0.831238
-0.829872 -42.542764 -548.775282 964.794596 0.134517 0.881288 -0.453030 0.914201 0.066005 0.399851 0.382286 -0.467947 -0.796796
-3.001265 -44.217909 -95.810958 24.128450 0.133702 0.887694 -0.440593 -0.875574 -0.102442 -0.472097 0.464214 -0.448892 -0.763545
-0.670175 -44.213139 -456.143750 -615.394573 0.158487 0.882457 -0.442890 0.882810 0.074237 0.463827 0.442186 -0.464498 -0.767276
-44.172000 -191.535772 7422.317102 -56867.831840 0.920353 -0.372426 -0.119372 -0.323703 -0.896707 0.301884 0.219472 0.239198 0.945842
-105.791176 -322.457147 17711.177991 -100204.679705 0.837013 -0.546562 0.026076 -0.513484 -0.768105 0.382557 0.189062 0.333594 0.923564
-72.372590 -311.959325 15875.670157 81129.895732 0.869272 -0.483536 -0.102755 0.479347 0.875302 -0.063819 0.120800 0.006220 0.992657
-112.998005 -252.906635 25555.777366 1199.822881 0.889658 -0.456212 -0.019485 -0.416483 -0.793210 -0.444253 -0.187218 -0.403348 0.895690
-55.994491 -229.412939 14104.328096 -10416.373370 0.885615 -0.422859 -0.192033 -0.464193 -0.793040 -0.394477 -0.014518 -0.438495 0.898616
-16.732623 -37.617940 -4025.672268 -3025.173437 -0.299490 0.940375 -0.161249 0.821053 0.340104 0.458477 -0.485982 -0.004915 0.873955
-21.375190 -47.726561 -5523.495804 -6519.964217 -0.088664 0.994366 -0.058096 0.900050 0.104966 0.422957 -0.426672 0.014789 0.904285
-27.900375 -41.140884 -1809.290299 -3353.909689 -0.536784 0.778431 -0.325436 0.716463 0.624252 0.311431 -0.445582 0.065991 0.892806
-32.873102 -47.373993 1538.053462 -3787.528332 0.797608 -0.375676 0.471900 0.404362 0.913549 0.043814 -0.447564 0.155872 0.880563
-25.802084 -36.206225 3122.018852 -3303.659145 0.654290 -0.643663 0.396991 0.568266 0.764832 0.303490 -0.498977 0.027026 0.866194
-17.477919 -24.005981 -5712.419598 -2768.455978 -0.485048 0.832558 -0.267538 0.657258 0.548883 0.516469 -0.576837 -0.074670 0.813439
-10.705409 -17.137601 -4988.759208 -4315.183639 -0.486798 0.831118 -0.268833 0.631416 0.547466 0.549176 -0.603607 -0.097592 0.791287
-5.345752 -23.933264 -1022.669543 -3521.458532 -0.479336 0.823871 -0.302446 0.646055 0.564490 0.513775 -0.594012 -0.050874 0.802846
53.166026 -41.484298 19383.586551 582.474270 -0.483686 -0.777284 -0.402341 0.741170 -0.119251 -0.660640 0.465526 -0.617746 0.633779
37.286258 -46.024032 27818.930779 1377.028011 -0.540235 -0.707155 -0.456155 0.693000 -0.066349 -0.717878 0.477386 -0.703938 0.525902
-1.226386 -49.139999 20481.305763 1060.659111 -0.613426 -0.708449 -0.349012 0.667918 -0.229569 -0.707943 0.421419 -0.667382 0.614009
-4.460628 -45.288543 3420.970222 -868.659458 -0.117990 0.363499 -0.924092 0.858027 -0.431126 -0.279142 -0.499868 -0.825832 -0.261024
-5.003277 -46.267202 3462.161059 -1729.889219 -0.181599 0.383949 -0.905321 0.887160 -0.333193 -0.319264 -0.424228 -0.861142 -0.280116
-15.226796 -49.699313 813.322918 -848.053393 -0.344858 0.436651 -0.830909 0.785010 -0.351154 -0.510343 -0.514619 -0.828267 -0.221677
-16.643714 -48.640299 -409.566486 -152.306850 -0.320761 0.437711 -0.839954 0.734597 -0.444835 -0.512337 -0.597896 -0.781365 -0.178856
1.863058 -32.880799 -2177.281752 -3837.929050 0.197750 0.968515 -0.151243 0.703903 -0.247680 -0.665715 0.682214 -0.025185 0.730719
-3.202556 -40.681967 -1660.520150 -2585.736014 0.155939 0.980684 -0.118075 0.633418 -0.191004 -0.749866 0.757935 -0.042142 0.650967
-3.322183 -34.471979 -1421.478082 -3625.528305 0.132628 0.986239 -0.098700 0.710175 -0.164022 -0.684652 0.691420 -0.020710 0.722156
-5.949361 -36.375609 -361.618391 -3225.486932 0.065309 0.995651 -0.066441 0.700729 -0.093164 -0.707318 0.710432 0.000363 0.703766
-4.131725 -29.314312 -543.787871 -4070.809440 0.059444 0.996262 -0.062682 0.764687 -0.085810 -0.638664 0.641655 0.009967 0.766929
0.479059 -24.607943 -1438.223902 -4202.136921 0.173047 0.975526 -0.135662 0.767980 -0.219885 -0.601546 0.616653 0.000090 0.787235
-0.027301 -69.372526 1022.218928 935.878606 0.804207 -0.381351 0.455875 0.584920 0.643898 -0.493218 0.105447 -0.663300 -0.740887
-1.092088 -66.867877 346.370180 1540.557382 0.789639 -0.415310 0.451650 0.610024 0.610439 -0.505208 0.065887 -0.674449 -0.735376
0.709909 -64.342502 670.861539 1631.518237 0.777365 -0.421526 0.466925 0.605592 0.702297 -0.374216 0.170179 -0.573669 -0.801214
-0.238053 -61.529976 29.013511 2033.245832 0.761800 -0.447048 0.468838 0.621620 0.708166 -0.334797 0.182345 -0.546488 -0.817375
1.448536 -65.181629 574.356643 1431.204436 0.775036 -0.426088 0.466657 0.589911 0.752602 -0.292566 0.226548 -0.502035 -0.834648
1.664072 -59.692112 322.542421 1406.605374 0.753154 -0.456027 0.474129 0.603428 0.765934 -0.221855 0.261980 -0.453194 -0.852046
-6.796617 -82.385266 -564.521982 2178.701854 0.471050 0.494998 0.730129 -0.684034 0.727596 -0.051970 -0.556964 -0.474953 0.681330
-8.514002 -78.432173 -482.700908 -925.813144 0.486841 0.492038 0.721723 -0.631409 0.769173 -0.098468 -0.603580 -0.407764 0.685142
-8.434323 -83.720760 -720.215636 -1958.397704 0.450201 0.502441 0.738154 -0.580617 0.792765 -0.185494 -0.678382 -0.345075 0.648630
-6.466507 -82.849886 -547.732704 2096.804400 0.451852 0.499739 0.738980 -0.672595 0.735020 -0.085800 -0.586042 -0.458265 0.668242
2.214478 -99.783545 -136.268998 -7674.484657 -0.598369 -0.419036 -0.682908 0.357494 0.623156 -0.695611 0.717044 -0.660368 -0.223075
-0.243379 -86.884784 -31.538239 -1963.091478 0.617549 0.452524 0.643316 0.479902 0.431236 -0.764022 0.623159 -0.780550 -0.049143
0.970594 -80.764741 -545.916919 -5381.211960 0.604120 0.424023 0.674718 0.434861 0.534094 -0.725009 0.667783 -0.731401 -0.138266
0.087390 -88.611971 -59.476419 -4423.385703 0.612527 0.455992 0.645664 0.391234 0.534870 -0.748899 0.686838 -0.711327 -0.149222
2.899524 -97.753296 -354.613834 -8610.575670 -0.578069 -0.400855 -0.710740 0.301704 0.704295 -0.642606 0.758163 -0.585904 -0.286192
2.178865 -102.187455 380.575341 -8568.407349 -0.602826 -0.430627 -0.671685 0.269260 0.682660 -0.679319 0.751066 -0.590369 -0.295574
8.899102 -185.364855 5187.595624 39773.227361 -0.684471 0.323850 -0.653162 0.715658 0.469343 -0.517253 0.139044 -0.821485 -0.553018
-5.155122 -169.760995 -3334.288586 37302.714864 0.707259 -0.317688 0.631553 0.675734 0.566336 -0.471854 0.207769 -0.760485 -0.615219
-3.856444 -191.071501 3249.912487 28763.659532 -0.684880 0.305598 -0.661475 0.727926 0.246340 -0.639875 -0.032597 -0.919742 -0.391166
2.493094 -190.979638 2198.526710 19669.482758 -0.686644 0.287724 -0.667634 0.718213 0.126167 -0.684290 -0.112653 -0.949367 -0.293279
-0.209910 -120.824817 814.249131 4044.464379 0.497021 -0.449399 0.742300 0.651111 -0.372333 -0.661379 0.573607 0.812039 0.107551
3.445701 -108.497303 -86.857799 4133.274400 0.473018 -0.412452 0.778548 0.536671 -0.565923 -0.625872 0.698740 0.713873 -0.046341
-2.677030 -113.853368 60.052032 4853.529933 0.463499 -0.403843 0.788720 0.657136 -0.440455 -0.611696 0.594425 0.801817 0.061230
-6.864020 -122.416702 1136.783580 2444.129219 0.475213 -0.446767 0.758005 0.776982 -0.191180 -0.599791 0.412883 0.873985 0.256279
-4.160276 -125.287962 -475.435061 -1030.648618 0.321708 0.652403 0.686203 0.164272 0.675281 -0.719034 -0.932480 0.344043 0.110072
-5.274330 -122.200820 -154.934841 -2914.470320 0.348653 0.645907 0.679150 -0.306816 -0.606037 0.733882 -0.885610 0.464245 0.013122
-4.496756 -130.564685 -517.552957 -7007.572305 0.324814 0.667472 0.670058 -0.394819 -0.548093 0.737368 -0.859426 0.504059 -0.085502
-3.923196 -133.475533 -289.806252 -2498.193237 0.315861 0.652078 0.689221 0.099594 0.699610 -0.707550 -0.943564 0.292130 0.156036
2.796806 -256.675815 -721.390748 -19983.587009 -0.790998 0.260683 -0.553503 -0.133491 0.809354 0.571950 0.597078 0.526299 -0.605399
3.710845 -251.928665 -1742.365925 -31851.712212 -0.802071 0.257624 -0.538806 -0.010736 0.895812 0.444303 0.597132 0.362147 -0.715739
4.009793 -245.430017 -1901.877650 -36514.992041 -0.782645 0.228954 -0.578832 0.101695 0.964435 0.243974 0.614105 0.132081 -0.778094
5.157868 -266.115373 145.530262 -11543.248717 0.822214 -0.261803 0.505395 -0.233087 0.655194 0.718604 0.519264 0.708647 -0.477686
2.081137 -216.255992 -1635.435487 -20450.549656 -0.778981 0.254251 -0.573188 0.069069 0.943336 0.324572 0.623232 0.213246 -0.752402
1.317601 -211.784481 -1461.894070 -15535.260148 -0.778646 0.282422 -0.560311 -0.136106 0.795694 0.590208 0.612524 0.535825 -0.581125
5.088575 -261.014644 897.045629 12971.253598 0.803006 -0.288333 0.521581 -0.369008 0.446692 0.815045 0.467990 0.846953 -0.252299
-3.827474 -127.275354 -1104.559695 5931.985672 0.677526 -0.179151 0.713347 -0.023387 0.964143 0.264350 -0.735127 -0.195786 0.649042
-4.874004 -124.720981 -1152.004776 5942.372829 0.683508 -0.167573 0.710447 0.109942 0.985823 0.126752 -0.721616 -0.008528 0.692242
-1.798974 -115.016317 -808.694416 4027.979367 0.684136 -0.186796 0.705029 0.165524 0.981189 0.099345 -0.710324 0.048734 0.702186
-1.611143 -125.016209 -736.431769 6337.876493 0.669708 -0.182493 0.719853 0.008298 0.971114 0.238471 -0.742579 -0.153733 0.651877
-9.744369 -82.534958 -2478.135968 10060.442425 0.263215 -0.113493 0.958038 0.681299 -0.681227 -0.267884 0.683044 0.723222 -0.101986
-18.092671 -98.990006 251.361084 7353.967296 0.332061 -0.209171 0.919773 0.803099 -0.448748 -0.391991 0.494740 0.868834 0.018973
-13.936906 -102.264312 2726.655818 11275.291154 0.297147 -0.264208 0.917550 0.705135 -0.587215 -0.397445 0.643807 0.765096 0.011814
0.735304 -64.702433 4690.941039 -5502.305298 -0.159208 -0.044897 -0.986224 -0.612400 0.788035 0.062986 0.774351 0.613991 -0.152956
4.582403 -69.014315 -7469.065248 7737.275368 0.271195 0.013036 0.962436 0.722735 -0.663143 -0.194670 0.635695 0.748379 -0.189263
-7.464616 -78.616340 -1742.378629 -8891.482137 -0.222526 0.153527 -0.962763 -0.563597 0.785533 0.255531 0.795513 0.599472 -0.088274
13.099869 -1090.045452 -9040.113158 -431825.688077 0.597007 -0.342550 0.725426 0.096044 0.928270 0.359292 -0.796466 -0.144827 0.587083
122.529951 -1719.408377 -37213.730888 -619125.445520 0.545306 -0.232851 0.805247 -0.447318 0.731591 0.514472 -0.708906 -0.640746 0.294782
-22.986026 -944.198180 -2163.765168 12834.821887 0.593965 -0.254190 0.763278 0.187458 0.966385 0.175953 -0.782346 0.038573 0.621648
20.899566 -48.580417 -2954.948207 1160.152170 -0.095214 -0.993678 0.059484 0.994715 -0.092667 0.044215 -0.038424 0.063379 0.997250
20.440225 -51.927353 3439.202554 369.915243 0.071970 0.995303 -0.064741 0.974314 -0.056268 0.218053 -0.213386 0.078771 0.973787
18.334132 -50.176298 -1098.897217 468.886816 0.088819 0.994884 -0.048138 0.989755 -0.082731 0.116362 -0.111784 0.057980 0.992040
-15.128512 -31.075137 -397.239341 1318.990306 0.251714 0.963987 0.085841 0.393048 -0.182877 0.901149 -0.884394 0.193093 0.424926
-16.390683 -32.713887 -803.375260 1307.498314 0.303999 0.947763 0.096587 0.384493 -0.214821 0.897785 -0.871636 0.235788 0.429714
-15.950608 -33.716803 -167.131674 776.541250 0.295583 0.942857 0.153789 0.309127 -0.246720 0.918460 -0.903920 0.223941 0.364389
-15.673914 -31.968605 263.283896 813.289304 0.229041 0.966769 0.113568 0.320194 -0.185003 0.929112 -0.919247 0.176441 0.351927
-14.100753 -28.569921 -52.319345 1082.032547 0.171830 0.985088 -0.008729 0.440742 -0.068949 0.894982 -0.881034 0.157632 0.446018
1.706440 -167.840749 2453.143707 -1624.378093 0.473866 0.526096 0.706169 -0.534229 0.809240 -0.244396 -0.700036 -0.261445 0.664527
3.023157 -207.092177 1816.123676 11806.679453 0.403901 0.585846 0.702601 -0.669675 0.712582 -0.209195 -0.623217 -0.386021 0.680139
13.370141 -257.651461 -666.016985 -30443.560081 0.435132 0.564849 0.701146 -0.412046 0.817329 -0.402730 -0.800548 -0.113664 0.588390
30.390795 -233.821051 -3832.294949 -18092.318001 0.417157 0.521134 0.744580 -0.065978 0.834473 -0.547085 -0.906437 0.179094 0.382489
17.225664 -201.430806 771.561278 -19355.270391 0.503349 0.452747 0.735975 -0.257883 0.891635 -0.372133 -0.824704 -0.002482 0.565560
-33.440828 -206.696060 -8617.795997 53792.606329 0.066708 0.944503 0.321658 0.528642 -0.306866 0.791436 -0.846219 -0.117247 0.519775
-67.224652 -258.388831 -16019.602123 76997.068676 0.055849 0.982811 0.175963 0.579734 -0.175406 0.795702 -0.812890 -0.057572 0.579565
-44.023729 -407.780833 -15361.269460 107157.670789 -0.007275 0.960584 0.277894 0.296974 -0.263288 0.917870 -0.954858 -0.089205 0.283353
-15.425400 -383.218576 -4908.757649 102975.289302 0.047816 0.945955 0.320755 0.291548 -0.320356 0.901317 -0.955360 -0.050418 0.291109
-33.459775 -264.299929 -10381.511568 16659.191524 0.022476 0.963952 0.265126 -0.272209 -0.249273 0.929390 -0.961976 0.093059 -0.256793
-85.945306 -263.996401 -23994.674370 29775.238111 0.037442 0.970491 0.238213 -0.124884 -0.231967 0.964674 -0.991465 0.065868 -0.112513
-53.492165 -78.769346 -1135.361129 5717.311615 -0.171681 0.949107 0.264049 0.078398 0.280341 -0.956694 0.982028 0.143546 0.122537
-52.074049 -74.761616 2190.616599 4093.734749 -0.235629 0.954992 -0.180194 0.154832 -0.146157 -0.977070 0.959430 0.258126 0.113424
-43.135284 -64.829692 243.461064 4676.874540 -0.258395 0.856176 -0.447430 0.085170 -0.441166 -0.893375 0.962278 0.268951 -0.041075
-10.722809 -29.178024 -2199.555097 2236.334894 -0.135369 0.905457 -0.402272 -0.373975 -0.422671 -0.825525 0.917506 -0.038689 -0.395835
-12.660060 -22.876179 -4993.182199 2984.104119 -0.226866 0.751658 -0.619308 -0.380056 -0.653799 -0.654297 0.896710 -0.086934 -0.433997
-18.177330 -29.590019 -3582.824134 -2526.559059 -0.246308 0.675590 -0.694918 0.282017 0.735941 0.615513 0.927253 -0.044373 -0.371796
5.375768 -17.510325 -1551.842484 -1180.917333 -0.321867 0.710702 0.625543 -0.297590 0.551275 -0.779446 0.898800 0.437033 -0.034060
29.990133 -112.287711 5662.108943 -4618.099261 0.314545 0.456739 0.832136 0.949126 -0.137592 -0.283246 -0.014874 0.878896 -0.476782
20.573544 -107.255987 58.481293 -6981.912909 0.230071 0.470221 0.852033 0.965056 0.002609 -0.262029 -0.125434 0.882545 -0.453189
-4.065963 -72.307911 -211.350865 -2780.671454 0.366891 0.899768 -0.236240 -0.000624 -0.253711 -0.967280 0.930264 -0.355033 0.092522
-3.931992 -73.961956 127.741330 -3538.841354 0.351148 0.900978 -0.254821 -0.144004 -0.216947 -0.965504 0.925180 -0.375730 -0.053564
-4.161522 -67.700452 375.631688 -782.687425 0.348814 0.909724 -0.225235 0.108997 -0.278077 -0.954355 0.930832 -0.308343 0.196154
3.592463 -77.328714 -998.264968 -708.468831 0.067860 0.938900 -0.337435 -0.792770 0.256085 0.553115 -0.605731 -0.229974 -0.761710
3.591217 -72.663008 -541.956088 1180.103657 0.088305 0.937137 -0.337605 -0.882503 0.230784 0.409789 -0.461942 -0.261751 -0.847405
2.465882 -68.809599 -788.746328 -550.647377 0.107345 0.929453 -0.352979 -0.938747 0.211688 0.271925 -0.327463 -0.302168 -0.895245
0.723225 -78.502187 -533.624798 -5190.651573 0.246006 0.941127 -0.231864 0.280214 -0.298056 -0.912493 0.927880 -0.159507 0.337041
-2.028397 -101.609878 -982.472429 -10323.070348 0.246281 0.940085 -0.235768 0.067275 -0.259256 -0.963463 0.966861 -0.221421 0.127094
2.337217 -70.718788 -363.551697 22.454102 0.246676 0.937665 -0.244817 0.411358 -0.330047 -0.849620 0.877460 -0.108874 0.467131
108.905226 -111.412307 22742.425208 354.710808 0.332063 0.725776 -0.602481 0.924932 -0.125247 0.358906 0.185027 -0.676433 -0.712884
153.592049 -82.367590 33297.464279 11719.482285 0.090790 0.847116 -0.523595 0.887112 0.170121 0.429059 0.452537 -0.503442 -0.736041
71.911854 -81.062952 13327.792000 7767.366288 0.139962 0.856754 -0.496370 0.955447 0.014709 0.294796 0.259869 -0.515516 -0.816524
0.264294 -77.348137 -387.803970 -3676.642847 0.222814 0.944191 -0.242605 0.365688 -0.311641 -0.877013 0.903674 -0.106693 0.414717
-0.678981 -72.503385 -346.401514 3309.659093 0.220347 0.947578 -0.231394 0.486677 -0.312389 -0.815818 0.845336 -0.067149 0.529998
-18.092810 -84.176637 1446.676385 -886.706233 0.210333 0.939886 -0.269025 0.203174 0.227149 0.952430 -0.956285 0.254987 0.143184
-4.289087 -103.680836 -2093.629330 -7600.769311 0.127641 0.989080 -0.073676 0.564303 -0.011334 0.825490 -0.815641 0.146942 0.559587
-25.754981 -43.393151 -2801.065726 469.191801 0.043938 0.998865 0.018369 -0.996389 0.045151 -0.071909 0.072656 0.015143 -0.997242
120.160089 -1266.386051 -21352.233197 600076.343420 -0.560385 0.623403 0.545287 0.663789 0.731796 -0.154463 -0.495332 0.275397 -0.823895
-65.125569 -38538.281837 207773.909184 65608731.548059 -0.793601 0.319967 0.517513 -0.067053 0.799384 -0.597067 -0.604733 -0.508534 -0.612937
-57.441396 -63.559629 -31.903587 8596.661046 -0.184905 0.190445 -0.964127 -0.267185 0.934349 0.235805 0.945739 0.301202 -0.121882
2.048605 -41.954802 -2406.650919 -331.323248 0.149129 0.866247 -0.476840 0.969829 -0.034083 0.241393 0.192854 -0.498452 -0.845194
-5.031587 -28.965549 1260.319140 -488.566971 0.038317 0.996472 -0.074664 -0.916194 0.064861 0.395451 -0.398899 -0.053254 -0.915447
-8.316097 -30.376959 1222.020369 -478.816992 -0.006248 0.998230 -0.059142 -0.874346 0.023247 0.484745 -0.485262 -0.054739 -0.872654
-6.561000 -29.999427 311.038581 -395.600781 0.089806 0.991022 -0.099048 -0.872675 0.126226 0.471706 -0.479973 -0.044075 -0.876175
-9.841914 -30.021687 1604.717941 -826.020543 -0.091341 0.995223 -0.034471 -0.901307 -0.067903 0.427826 -0.423442 -0.070148 -0.903203
-45.161247 -81.631109 11014.723019 -3540.826006 0.903559 0.314146 -0.291364 0.394325 -0.875692 0.278694 0.167595 0.366709 0.915116
-7.810170 -52.128411 -4022.971353 -6699.149956 -0.084670 0.995597 -0.040215 0.896340 0.093733 0.433346 -0.435208 -0.000645 0.900330
-13.264591 -67.423943 -8908.924393 -10667.999261 0.074308 0.995636 0.056456 0.936024 -0.089164 0.340455 -0.344003 -0.027545 0.938564
-4.851285 -19.241326 -797.583193 -4209.866433 -0.543393 0.753056 -0.370986 0.539569 0.651857 0.532868 -0.643109 -0.089384 0.760540
-19.005858 -35.788593 -2567.292226 5772.812076 -0.222027 0.974349 0.036717 0.774396 0.153331 0.613840 -0.592465 -0.164723 0.788576
-29.394984 -52.796644 -18647.793063 1209.027724 0.642051 0.720169 0.262919 0.579160 -0.230908 -0.781828 0.502338 -0.654246 0.565348
2.066759 -48.656246 28075.329064 443.992449 -0.562647 -0.690691 -0.454285 0.645404 -0.023597 -0.763477 0.516606 -0.722765 0.459052
45.886776 -33.970436 23389.022666 -1672.211214 0.230638 0.332358 -0.914519 0.922800 -0.372806 0.097240 -0.308619 -0.866345 -0.392683
1.257841 -42.779558 4897.811780 940.660153 -0.176015 0.380721 -0.907783 0.938867 -0.212258 -0.271063 -0.295884 -0.899999 -0.320086
48.532488 -35.805004 21688.890661 -2441.233260 0.279695 0.293396 -0.914161 0.878273 -0.462811 0.120177 -0.387824 -0.836496 -0.387128
0.974411 -40.223931 -2442.947997 -1316.302060 0.191181 0.970591 -0.146296 0.578977 -0.231865 -0.781681 0.792613 -0.064741 0.606278
-3.649521 -67.039502 -95.586975 1308.947882 0.776866 -0.434818 0.455425 0.629533 0.521486 -0.575970 -0.012945 -0.734156 -0.678857
-1.764870 -62.841916 -134.298630 1726.000831 0.757400 -0.451487 0.471703 0.646271 0.621425 -0.442905 0.093162 -0.640304 -0.762451
0.531425 -76.427282 -959.599820 -9.281858 0.624705 0.448103 0.639490 0.504034 0.394094 -0.768531 0.596400 -0.802430 -0.020334
-0.973992 -88.270739 -441.650074 4458.220004 0.632819 0.468897 0.616179 0.567964 0.259773 -0.780983 0.526267 -0.844188 0.101927
-1.002807 -88.551777 119.884639 2902.739015 0.638112 0.479475 0.602426 0.570448 0.231079 -0.788157 0.517110 -0.846585 0.126061
-1.111024 -82.935676 -9.073154 58.401253 0.630434 0.466389 0.620511 0.482321 0.390978 -0.783902 0.608210 -0.793484 -0.021536
4.327795 -132.876418 1011.405682 1442.426435 0.544426 -0.470874 0.694174 0.631830 -0.314119 -0.708604 0.551717 0.824383 0.126497
1.653086 -125.453562 694.891344 3399.051134 0.524702 -0.456761 0.718371 0.628114 -0.361861 -0.688860 0.574595 0.812666 0.097029
0.894389 -122.645626 2117.313677 -1167.021697 0.534138 -0.491824 0.687608 0.725850 -0.150173 -0.671259 0.433402 0.857646 0.276777
3.051141 -133.962215 1706.752362 -3146.069515 0.554129 -0.485545 0.676156 0.778847 0.015692 -0.627018 0.293835 0.874071 0.386861
-2.067342 -121.108665 1374.810887 -838.755246 0.547847 -0.470565 0.691688 0.799429 0.050822 -0.598607 0.246530 0.880901 0.404026
-4.461198 -121.774464 -140.775650 -4419.349558 0.344425 0.630801 0.695314 0.037104 0.730905 -0.681470 -0.938080 0.260514 0.228337
-6.724346 -118.537274 -729.104840 59.175066 0.347402 0.625027 0.699037 0.151816 0.698144 -0.699676 -0.925345 0.349194 0.147648
6.673327 -266.833025 1582.683366 -26387.929332 -0.819237 0.230781 -0.524967 -0.050737 0.882686 0.467217 0.571206 0.409397 -0.711420
5.651920 -223.099211 -598.097815 -24118.127835 -0.801002 0.189436 -0.567899 0.134632 0.981317 0.137447 0.583327 0.033638 -0.811541
-5.143132 -145.774757 -494.589520 9211.250298 0.684603 -0.172536 0.708202 -0.101813 0.939424 0.327288 -0.721771 -0.296166 0.625565
-3.585638 -459.306254 -10343.265256 -127238.963657 0.815202 -0.560559 0.145667 0.158400 -0.026134 -0.987029 -0.557095 -0.827702 -0.067488
-26.436489 -377.941911 -8524.424733 -140158.440243 0.863267 -0.454009 -0.220557 -0.340106 -0.200337 -0.918800 -0.372958 -0.868183 0.327355
-64.369822 -168.330720 -875.407669 -37656.279036 0.943840 -0.295040 0.148721 0.099797 -0.174527 -0.979582 -0.314971 -0.939410 0.135282
-33.215683 -295.894036 -8354.548222 119768.244625 -0.609181 0.082446 -0.788734 0.773546 -0.157340 -0.613898 -0.174713 -0.984097 0.032073
8.474089 -940.242747 12231.692439 296677.499759 -0.551282 0.179777 -0.814719 0.744108 -0.335713 -0.577582 -0.377348 -0.924649 0.051299
17.229777 -51.559981 -1487.424461 39.575893 0.081450 0.995600 -0.046340 0.967400 -0.067786 0.244013 -0.239798 0.064704 0.968664
18.567083 -52.107386 1754.724767 -71.204040 0.074949 0.995213 -0.062720 0.933620 -0.047935 0.355044 -0.350338 0.085167 0.932743
-4.757757 -33.781335 2180.666676 2583.597798 0.289022 0.909570 0.298579 0.529235 -0.411705 0.741895 -0.797732 0.056405 0.600368
-2.807590 -33.037658 949.432256 2537.710810 0.375539 0.803333 0.462197 0.444673 -0.593726 0.670638 -0.813164 0.046324 0.580188
-8.688500 -38.714434 1117.726184 3214.742558 0.280954 0.910167 0.304402 0.445172 -0.404584 0.798833 -0.850227 0.088924 0.518851
-10.544823 -39.444928 1480.419802 2581.128278 0.180686 0.969039 0.168271 0.503550 -0.238107 0.830507 -0.844861 0.065328 0.530983
-17.802094 -35.704108 -868.217771 810.458139 0.354883 0.928557 0.108808 0.315471 -0.228493 0.921015 -0.880077 0.292527 0.374021
-16.195919 -35.989104 -706.071861 636.081901 0.332347 0.926079 0.178670 0.238416 -0.265777 0.934088 -0.912526 0.267844 0.309122
-12.812191 -99.628837 -816.906304 -541.961933 0.437041 0.533441 0.724179 -0.084212 0.825874 -0.557530 -0.895490 0.182679 0.405864
-14.152038 -101.184877 -193.409622 -1627.846922 0.488702 0.493476 0.719480 -0.052934 0.839917 -0.540127 -0.870844 0.225875 0.436591
-15.295183 -100.778754 -1357.841563 665.956063 0.451150 0.522968 0.723165 0.103740 0.774092 -0.624515 -0.886398 0.356771 0.294979
-14.118525 -103.534348 -928.677345 302.795731 0.430040 0.555472 0.711699 0.108157 0.750940 -0.651453 -0.896308 0.357126 0.262857
-16.551998 -98.988908 -2052.058756 1061.573456 0.439832 0.551969 0.708434 0.282909 0.663513 -0.692613 -0.852356 0.505055 0.135677
9.526022 -777.837333 -2543.403678 -282362.888952 -0.365753 -0.598848 -0.712465 0.852649 -0.522482 0.001443 -0.373114 -0.606955 0.701707
6.865771 -252.008155 -812.548526 -28916.609632 -0.375270 -0.593645 -0.711869 0.804916 -0.589557 0.067325 -0.459655 -0.547730 0.699078
5.376918 -200.365452 906.072556 19662.230669 0.380398 0.592646 0.709977 -0.695248 0.689495 -0.203044 -0.609859 -0.416373 0.674319
-25.649773 -123.356760 12383.677207 -27338.885191 0.580487 -0.260358 0.771523 0.232268 0.961083 0.149570 -0.780440 0.092377 0.618369
-85.557845 -151.191201 35136.424084 -34284.614565 0.589255 -0.409195 0.696662 0.337645 0.908075 0.247783 -0.734013 0.089218 0.673250
-43.145961 -63.523963 11474.631984 -1732.611654 0.548004 0.072970 0.833287 -0.093496 0.995289 -0.025669 -0.831234 -0.063843 0.552244
21.576566 -48.889200 -6181.967033 1701.101062 0.848773 -0.481934 0.217543 -0.430763 -0.391640 0.813057 0.306641 0.783810 0.540012
26.786507 -52.618193 -7364.089654 347.704467 0.841147 -0.489385 0.230162 -0.385048 -0.243097 0.890304 0.379750 0.837500 0.392917
33.949060 -48.949351 -4944.556004 1465.986757 0.780766 -0.574046 0.246731 -0.486391 -0.310519 0.816702 0.392209 0.757660 0.521654
54.985641 -47.262930 -6060.744344 -74.614742 0.694893 -0.645166 0.317622 -0.494408 -0.107894 0.862508 0.522191 0.756386 0.393950
22.906602 -45.002232 -3212.413120 1043.517179 0.785809 -0.563292 0.255355 -0.532922 -0.407188 0.741749 0.313844 0.718957 0.620163
48.050457 -43.532005 -1039.150820 1060.043889 0.631915 -0.716238 0.296118 -0.590348 -0.197261 0.782674 0.502168 0.669396 0.547482
30.937641 -44.286147 323.596725 379.103889 0.660658 -0.701169 0.268129 -0.614027 -0.299263 0.730351 0.431858 0.647150 0.628247
-33.674007 -75.689503 -5790.802488 -630.084167 -0.039335 0.978663 0.201671 0.201515 0.205450 -0.957696 0.978695 -0.002969 0.205296
-17.494915 -81.456432 -10125.572586 8230.402730 0.060498 0.967124 0.247004 0.016285 0.246468 -0.969014 0.998035 -0.062646 0.000839
-14.191921 -87.209991 8690.857001 3178.711150 -0.041604 0.989344 -0.139526 -0.096311 -0.142968 -0.985030 0.994481 0.027543 -0.101232
-15.410536 -86.822144 7798.804299 -4576.761200 -0.005456 0.981073 -0.193561 0.060144 -0.192892 -0.979375 0.998175 0.016985 0.057953
-22.028392 -87.809545 3148.506019 8352.111573 0.034443 0.973756 -0.224972 -0.212865 -0.212792 -0.953629 0.976474 -0.080734 -0.199950
-24.353485 -88.510158 1458.363935 6250.587352 0.118103 0.963811 -0.238997 -0.127836 -0.223922 -0.966187 0.984738 -0.144662 -0.096764
3.090377 -24.634770 87.782909 -554.873869 -0.496956 0.837567 -0.226972 0.082082 -0.215013 -0.973156 0.863885 0.502246 -0.038102
4.916974 -29.176563 353.207493 -1377.154351 -0.496682 0.818648 -0.288308 0.054877 -0.301893 -0.951761 0.866196 0.488545 -0.105019
3.539969 -24.416673 -429.665359 -1070.951925 -0.476861 0.820949 -0.314081 0.097616 -0.305653 -0.947126 0.873541 0.482307 -0.065617
6.862537 -33.632497 101.583431 -2600.251345 -0.478061 0.799978 -0.362620 0.050583 -0.387092 -0.920652 0.876869 0.458470 -0.144588
3.376584 -20.175138 370.010979 -955.581120 -0.502548 0.849665 -0.159736 0.090897 -0.131811 -0.987099 0.859758 0.510583 0.010991
2.661757 -17.705919 -319.878765 -1165.087222 -0.494632 0.851399 -0.174524 0.088505 -0.150420 -0.984653 0.864585 0.502486 0.000950
4.449611 -29.249614 -675.147210 -2634.808086 -0.452296 0.789856 -0.414193 0.100949 -0.416087 -0.903704 0.886136 0.450554 -0.108459
0.982320 -18.533391 -858.213618 -1872.475653 -0.469805 0.817403 -0.333369 0.126725 -0.311280 -0.941831 0.873627 0.484723 -0.042655
-7.810658 -52.764320 2078.889393 -1746.311358 0.155184 0.377637 0.912857 0.696390 0.613590 -0.372219 -0.700684 0.693468 -0.167763
-10.716607 -48.146700 2198.244216 -1171.285757 0.137195 0.380145 0.914695 0.634669 0.675243 -0.375823 -0.760508 0.632090 -0.148626
-4.970634 -45.388479 1731.099777 -657.268105 0.137639 0.363016 0.921561 0.611973 0.700412 -0.367303 -0.778810 0.614526 -0.125752
-12.604830 -55.520278 2210.001198 -3550.274722 0.115584 0.384623 0.915809 0.709088 0.613696 -0.347235 -0.695582 0.689524 -0.201798
-0.932834 -49.347382 1568.880402 -1322.719165 0.176990 0.397223 0.900493 0.685323 0.606944 -0.402432 -0.706405 0.688355 -0.164803
-8.363010 -63.320993 2368.206412 -5861.240271 0.179750 0.397418 0.899861 0.762158 0.522079 -0.382817 -0.621937 0.754647 -0.209051
-2.646250 -61.759672 1888.288010 -4580.918828 0.209777 0.413726 0.885903 0.757143 0.504556 -0.414920 -0.618650 0.757796 -0.207406
73.454441 -35.874487 -16897.534971 2858.076225 -0.560533 0.827492 0.032570 0.276953 0.150249 0.949064 -0.780449 -0.541002 0.313396
82.072443 -36.969919 4091.278042 3053.220285 -0.270117 0.956309 -0.111848 0.250321 0.181922 0.950917 -0.929718 -0.228861 0.288525
98.054964 -41.410632 17743.614340 -3367.225839 -0.104266 0.980460 -0.166814 0.272269 0.189461 0.943384 -0.956555 -0.052944 0.286703
-3.722487 -75.173542 -552.980145 917.282777 0.368595 0.887470 -0.276649 -0.344978 -0.145761 -0.927224 0.863208 -0.437208 -0.252431
-4.304042 -76.690186 -444.492968 -2617.128647 0.371197 0.893490 -0.252763 -0.171911 -0.201378 -0.964310 0.912502 -0.401401 -0.078850
-3.682558 -77.557357 -491.082643 1914.830061 0.370712 0.886387 -0.277293 -0.412109 -0.110572 -0.904400 0.832309 -0.449547 -0.324297
-3.499202 -73.816152 -569.567195 3821.735854 0.350106 0.888398 -0.296941 -0.525269 -0.076273 -0.847511 0.775576 -0.452693 -0.439945
-3.171811 -73.910791 -158.745161 4188.548934 0.342203 0.892586 -0.293578 -0.492546 -0.095675 -0.865011 0.800185 -0.440610 -0.406899
2.483617 -78.021863 -784.318372 -2959.234508 0.057914 0.943479 -0.326333 -0.676302 0.277525 0.682346 -0.734344 -0.181183 -0.654149
5.871853 -74.025673 -1086.584848 1924.530956 0.085246 0.938111 -0.335680 -0.875349 0.231440 0.424499 -0.475917 -0.257650 -0.840904
7.607835 -77.304481 -1383.125892 -734.298988 0.072674 0.946588 -0.314148 -0.789230 0.247161 0.562164 -0.609783 -0.207081 -0.765038
6.614391 -79.116893 -1262.027073 -3978.604045 0.064867 0.949152 -0.308064 -0.687201 0.266334 0.675885 -0.723565 -0.167859 -0.669535
0.169286 -93.524662 186.958170 -10193.743994 0.214964 0.941422 -0.259837 0.138716 -0.292791 -0.946061 0.966720 -0.167325 0.193530
