10365
20715
-46.242366 -71.774923 -1811.014604 8504.435319 0.094003 0.976974 -0.191534 0.835139 0.027345 0.549358 -0.541946 0.211599 0.813339
-50.278312 -74.379321 513.003992 5172.526828 0.370658 0.925105 -0.082425 0.684186 -0.211955 0.697828 -0.628093 0.315050 0.711507
-52.898877 -82.494364 -437.522827 5250.943872 0.066630 0.961428 -0.266865 0.700990 0.145228 0.698228 -0.710052 0.233592 0.664274
-43.426421 -61.885933 661.608180 5298.001861 0.596267 0.801138 0.051409 0.653787 -0.521764 0.548020 -0.465863 0.293156 0.834884
-35.799035 -82.856332 -4676.793009 9102.919402 -0.055083 0.977505 -0.203591 0.778090 0.169804 0.604766 -0.625733 0.125100 0.769940
-33.215982 -69.188370 -4596.094464 10529.805139 -0.036968 0.989617 -0.138896 0.886356 0.096662 0.452803 -0.461527 0.106372 0.880726
-36.765250 -53.454014 -1165.917403 6134.956402 0.368747 0.929522 -0.003889 0.824544 -0.325164 0.463029 -0.429131 0.173947 0.886335
-45.189045 -64.284635 -716.714633 -3552.048804 0.814175 -0.575409 -0.077615 -0.327596 -0.565614 0.756810 0.479375 0.590749 0.649010
-47.939193 -64.921312 827.776655 2818.546564 0.759889 -0.611334 -0.220995 0.279407 0.614123 -0.738095 0.586941 0.499123 0.637476
-44.781323 -62.719500 -58.977178 -4772.167873 0.805270 -0.583288 -0.106371 -0.241839 -0.486932 0.839292 0.541345 0.650132 0.533174
-11.547703 -30.578102 944.349930 -2313.921714 0.031215 0.992352 0.119427 0.711067 -0.106019 0.695085 -0.702431 -0.063224 0.708939
-10.464230 -35.601540 -183.570982 -1798.575429 0.059807 0.984545 0.164604 0.766046 -0.150993 0.624799 -0.639997 -0.088727 0.763237
-5.470322 -35.604992 4399.498630 -1740.642331 0.165801 0.972900 0.161170 0.758371 -0.230260 0.609799 -0.630384 -0.021122 0.775996
-4.346767 -37.348979 -3633.181378 -1230.978913 -0.086450 0.985581 0.145450 0.783962 -0.022791 0.620391 -0.614761 -0.167660 0.770688
0.403673 -29.816487 5256.052206 -2528.650633 0.214504 0.955645 0.201820 0.669566 -0.294311 0.681955 -0.711104 0.011150 0.702998
-15.098830 -24.073584 4177.170363 -2491.831401 0.182380 0.960331 0.210954 0.630604 -0.278861 0.724276 -0.754371 -0.000935 0.656447
-11.112002 -30.996524 -3098.154962 -1293.974073 -0.203986 0.978959 -0.005356 0.650084 0.139544 0.746939 -0.731971 -0.148883 0.664871
-19.093458 -26.155973 57.657126 -218.227904 -0.288096 0.928253 -0.235259 0.577510 0.364390 0.730549 -0.763861 -0.074604 0.641055
1.108297 -58.753304 -1469.128274 4639.448676 -0.343233 -0.331269 0.878893 0.757471 -0.650915 0.050474 0.555364 0.683060 0.474342
-1.928491 -39.683743 603.026668 -2149.214812 0.395511 0.267235 -0.878725 -0.633984 0.771685 -0.050672 0.664557 0.577138 0.474632
2.982694 -52.554888 -888.131126 4566.931931 -0.283018 -0.382757 0.879431 0.778467 -0.627283 -0.022489 0.560260 0.678243 0.475496
45.670747 -27.730369 1552.511993 88.574510 0.262600 0.903923 -0.337586 -0.506628 0.426924 0.749042 -0.821200 0.025668 -0.570063
45.230487 -25.996909 -1147.195334 147.302895 0.154399 0.920353 -0.359320 -0.422986 0.390242 0.817798 -0.892885 -0.025720 -0.449549
44.706749 -24.493097 -4067.154617 335.918282 0.107528 0.887146 -0.448787 -0.466024 0.443717 0.765465 -0.878214 -0.126836 -0.461143
41.541134 -30.491731 6648.416204 -57.043164 0.296527 0.930647 -0.214403 -0.437049 0.331849 0.835981 -0.849153 0.154186 -0.505140
33.918156 -33.095099 6933.969370 -833.572331 0.347858 0.921172 -0.174460 -0.507879 0.341561 0.790819 -0.788070 0.186488 -0.586659
39.958387 -31.934574 6621.538179 -1079.438801 0.369861 0.899376 -0.233079 -0.567539 0.417331 0.709742 -0.735596 0.130224 -0.664786
45.848761 -89.573224 -2640.138297 7376.402422 -0.047444 0.996230 -0.072625 0.645023 -0.024959 -0.763756 0.762689 0.083080 0.641407
44.910426 -77.073617 -3011.276732 6914.084442 0.006196 0.996507 -0.083274 0.517864 -0.074436 -0.852218 0.855440 0.037844 0.516517
38.197857 -83.809957 -785.219353 5432.437609 0.006526 0.999090 -0.042156 0.656111 -0.036092 -0.753801 0.754636 0.022740 0.655749
49.976421 -83.991324 -3852.212121 5939.663069 -0.077198 0.987450 -0.137777 0.464012 -0.086728 -0.881573 0.882459 0.131985 0.451493
39.239201 -87.208752 -447.820761 2471.839085 -0.038614 0.997895 -0.052093 0.793157 -0.001101 -0.609016 0.607791 0.064835 0.791446
40.416486 -97.798739 -1343.830806 1830.605882 -0.124215 0.990032 -0.066383 0.831357 0.067318 -0.551647 0.541680 0.123711 0.831432
43.623323 -99.719562 789.144781 6465.975319 -0.212334 0.964719 -0.155663 0.664855 0.025878 -0.746524 0.716158 0.262006 0.646894
-8.445778 -95.345555 -564.899462 5098.988729 -0.387509 0.919462 -0.066534 0.670322 0.330584 0.664367 -0.632855 -0.212849 0.744439
-9.240074 -90.965846 -283.702835 3717.445090 -0.383867 0.919017 -0.089742 0.715932 0.357595 0.599639 -0.583170 -0.165932 0.795223
-7.593572 -101.932480 -425.186074 6810.166250 -0.390554 0.916424 -0.087379 0.572119 0.315985 0.756858 -0.721213 -0.245602 0.647712
-6.796598 -107.341610 -199.836388 6225.254527 -0.393881 0.915636 -0.080431 0.461678 0.272746 0.844075 -0.794803 -0.295332 0.530158
-13.329749 -83.986636 1205.557574 -345.733776 -0.491127 0.865023 -0.102611 0.190849 -0.008081 -0.981586 0.849924 0.501667 0.161120
-9.626118 -83.038105 1022.834510 -169.125208 -0.505948 0.851933 -0.135005 0.200044 -0.036356 -0.979112 0.839046 0.522387 0.152030
-12.676775 -86.662363 948.168210 1792.331216 -0.498000 0.859074 -0.118272 0.314313 0.051704 -0.947910 0.808210 0.509234 0.295767
21.659692 -47.735560 2385.617374 539.049171 -0.023570 0.999707 0.005464 0.903291 0.018954 0.428609 -0.428380 -0.015038 0.903474
17.341502 -49.637222 2480.909176 310.727425 -0.021151 0.998646 -0.047525 0.846692 0.043171 0.530329 -0.531663 0.029022 0.846459
21.702234 -49.122767 3649.918704 582.769943 -0.015419 0.997824 -0.064111 0.928748 0.038045 0.368755 -0.370391 0.053857 0.927313
24.006708 -47.840323 3479.610467 -459.887758 -0.015378 0.999869 -0.005044 0.946444 0.016183 0.322462 -0.322501 -0.000184 0.946569
20.399658 -44.845860 1949.213593 -300.912219 -0.015165 0.995123 -0.097474 0.921156 -0.024012 -0.388451 0.388897 0.095680 0.916299
23.149361 -43.528035 1092.410700 524.628120 -0.044820 0.998153 -0.041005 0.957388 0.031194 -0.287116 0.285307 0.052127 0.957018
20.006396 -45.516313 1976.271623 -416.889950 -0.044106 0.990504 -0.130219 0.966129 0.009115 -0.257897 0.254261 0.137183 0.957357
17.624067 -46.613016 2165.609587 -1005.645876 -0.033368 0.985438 -0.166727 0.943538 -0.023951 -0.330397 0.329579 0.168338 0.929000
18.281215 -44.352649 2394.950467 -362.192343 0.026434 0.988710 -0.147492 0.862959 -0.097043 -0.495867 0.504582 0.114172 0.855781
21.308392 -40.657060 1365.590819 -419.903625 0.038066 0.994661 -0.095918 0.863683 -0.081027 -0.497480 0.502596 0.063906 0.862156
16.392851 -46.731158 1900.105057 -452.718492 -0.003218 0.986449 -0.164039 0.893525 -0.070818 -0.443394 0.449003 0.148000 0.881188
16.502891 -229.480588 537.552654 -46160.422995 0.921138 0.063493 -0.384023 -0.105617 0.990362 -0.089595 0.374633 0.123088 0.918966
21.560018 -387.138120 -849.629860 101198.314844 0.889140 0.102214 -0.446075 0.284667 -0.886739 0.364224 0.358323 0.450829 0.817532
20.802804 -272.003478 5383.866383 -60943.576870 0.911180 0.003608 -0.411992 -0.031195 0.997695 -0.060257 0.410825 0.067757 0.909193
18.838576 -148.616816 -294.941046 -8718.090439 0.936701 0.029160 -0.348914 0.019920 0.990474 0.136254 0.349563 -0.134580 0.927197
15.933031 -139.165447 3707.586855 -12510.474190 0.891280 0.035119 -0.452092 0.033061 0.989310 0.142029 0.452247 -0.141534 0.880591
5.931630 -219.178875 3094.266196 -42207.836220 0.884548 0.011879 -0.466299 -0.008786 0.999923 0.008807 0.466367 -0.003693 0.884583
5.439793 -343.694299 3015.578280 -79549.300653 0.905793 0.027715 -0.422812 -0.157986 0.947993 -0.276314 0.393165 0.317081 0.863065
-22.318773 -44.668410 1665.450632 131.635612 -0.057600 0.906655 -0.417921 0.909644 0.220157 0.352248 -0.411376 0.359870 0.837415
-19.087287 -45.675562 2677.790221 148.457690 0.027364 0.901470 -0.431976 0.844910 0.210080 0.491929 -0.534208 0.378442 0.755912
-23.897235 -45.262703 2031.819368 344.941559 -0.016528 0.917915 -0.396432 0.847347 0.223335 0.481792 -0.530782 0.327953 0.781484
-18.062827 -38.328821 -354.580675 155.366360 -0.190526 0.968397 0.160957 0.794785 0.248403 -0.553726 0.576209 -0.022427 0.816995
-17.111822 -42.764097 315.618479 400.117485 -0.162067 0.984788 0.062664 0.850061 0.171580 -0.497952 0.501129 0.027433 0.864938
-17.266334 -41.054359 377.388927 1739.788143 -0.051439 0.997819 0.041377 0.881976 0.064825 -0.466814 0.468478 -0.012481 0.883387
-17.528241 -41.834054 206.074441 -753.332487 -0.260705 0.952944 0.154697 0.755921 0.301166 -0.581277 0.600514 0.034603 0.798865
-3.994638 -7.807380 -513.047884 439.319011 0.445953 0.585436 -0.677045 -0.732894 0.673064 0.099254 0.513802 0.451940 0.729217
-3.422738 -9.492008 -478.515539 799.299179 0.601180 0.412781 -0.684247 -0.595680 0.802255 -0.039394 0.532680 0.431275 0.728185
-4.191675 -8.003355 -637.787288 468.476846 0.630475 0.367116 -0.683906 -0.571351 0.815893 -0.088748 0.525413 0.446704 0.724152
-242.063525 -420.603409 17293.706088 32909.366889 0.388482 0.885382 -0.255303 -0.294354 -0.143308 -0.944891 0.873176 -0.442223 -0.204944
-270.368088 -479.967739 -13919.769981 -87925.873190 0.538425 0.832884 0.128073 0.350415 -0.083076 -0.932903 0.766360 -0.547177 0.336585
-316.047852 -468.230258 -52526.609419 -25195.216354 0.794890 0.603508 -0.062664 -0.051898 -0.035273 -0.998029 0.604529 -0.796576 -0.003282
-273.873689 -496.393061 -15480.715057 -130491.230202 0.395379 0.682692 -0.614497 0.729013 0.173741 0.662083 0.558763 -0.709750 -0.428998
24.368306 -117.938423 15901.408309 17963.790973 0.781937 -0.614612 0.104054 0.461110 0.457972 -0.760026 -0.419468 -0.642272 -0.641508
-28.721606 -118.143110 24182.383394 18235.649537 0.869209 -0.492295 0.046054 0.290797 0.433654 -0.852867 -0.399891 -0.754712 -0.520094
-39.053437 -78.159376 21376.928463 9397.998771 0.795511 -0.592090 0.128808 0.484023 0.493044 -0.722932 -0.364533 -0.637446 -0.678807
-2.381109 -72.045050 17553.267169 8511.980045 0.754646 -0.617756 0.221105 0.607100 0.529592 -0.592421 -0.248876 -0.581300 -0.774694
-27.745728 -37.823635 -6113.345412 -2492.140968 0.583533 0.800353 -0.137568 0.716452 -0.427615 0.551218 0.382343 -0.420215 -0.822942
-25.507516 -52.038224 -4930.464338 4795.592529 0.468684 0.860457 -0.199874 0.817361 -0.336599 0.467570 0.335046 -0.382512 -0.861062
-35.777493 -45.186397 -3643.002430 528.183577 0.580069 0.813577 -0.040157 -0.716329 0.486021 -0.500657 0.387806 -0.319181 -0.864714
9.767351 -47.922685 -6268.175281 726.157495 0.310960 0.931531 -0.188558 -0.138232 -0.151956 -0.978673 0.940317 -0.330393 -0.081515
15.912670 -47.669536 -3716.549873 285.514696 0.258529 0.949214 -0.179318 -0.127156 -0.150575 -0.980387 0.957598 -0.276260 -0.081770
14.423125 -46.569773 -3966.955254 -72.669994 0.274286 0.942210 -0.192376 -0.250621 -0.123097 -0.960227 0.928416 -0.311590 -0.202374
15.779510 -48.747477 -5343.804853 728.885649 0.279530 0.944967 -0.170002 -0.013390 -0.173206 -0.984795 0.960044 -0.277556 0.035763
3.723490 -46.337916 -4787.881552 539.109413 0.291517 0.934597 -0.203829 -0.224941 -0.140131 -0.964243 0.929741 -0.326943 -0.169379
-2.356415 -46.974337 -3035.411962 433.778607 0.269086 0.941053 -0.204969 -0.107483 -0.182147 -0.977379 0.957100 -0.285030 -0.052134
-5.726755 -53.129606 -322.062066 1086.722142 0.091864 0.939015 0.331378 0.978142 -0.022752 -0.206687 -0.186543 0.343122 -0.920581
-4.522462 -53.971521 141.607113 -1329.836554 0.104022 0.925210 0.364919 0.957721 0.005773 -0.287640 -0.268234 0.379411 -0.885493
-2.925375 -47.731975 449.349767 2606.324098 0.143841 0.921078 0.361836 0.983384 -0.092121 -0.156426 -0.110748 0.378324 -0.919024
-4.827725 -48.493242 312.861420 499.004386 0.158349 0.911725 0.379055 0.958776 -0.050239 -0.279688 -0.235955 0.407717 -0.882095
-4.193222 -49.862453 326.773587 3683.806856 0.134812 0.932587 0.334825 0.990767 -0.131780 -0.031870 0.014402 0.336030 -0.941741
-3.278196 -45.587149 877.692428 2521.238419 0.202803 0.904912 0.374173 0.978395 -0.171574 -0.115354 -0.040187 0.389483 -0.920157
-0.921865 -47.123267 874.828638 4903.718129 0.187853 0.914143 0.359240 0.980719 -0.194634 -0.017557 0.053871 0.355612 -0.933080
4.779066 -62.166623 332.825725 -1839.290869 0.023157 -0.850095 -0.526120 0.927980 -0.177497 0.327640 -0.371909 -0.495816 0.784761
4.316708 -60.636592 -48.387770 -1681.019914 0.036277 -0.851571 -0.522983 0.943935 -0.142635 0.297729 -0.328133 -0.504463 0.798653
4.803686 -57.516426 137.291025 -2639.488484 0.048822 -0.850116 -0.524327 0.886587 -0.204869 0.414718 -0.459977 -0.485109 0.743700
5.812676 -56.910402 -203.556214 -1719.676963 -0.042025 0.857383 0.512960 0.846918 -0.241811 0.473558 -0.530060 -0.454337 0.715971
3.915070 -55.350456 -526.395992 -2306.389922 -0.065548 0.846006 0.529129 0.847890 -0.232356 0.476543 -0.526104 -0.479879 0.702090
5.152550 -53.655064 -235.720701 -1693.437898 -0.056845 0.854493 0.516343 0.826044 -0.250214 0.505019 -0.560731 -0.455230 0.691626
14.555211 -89.087816 5133.986790 3196.793481 -0.330123 0.943558 0.026792 0.895548 0.322044 -0.307053 0.298350 0.077372 0.951315
27.181991 -96.014073 5771.579883 6615.569026 -0.341610 0.937748 0.062694 0.914045 0.347015 -0.210006 0.218688 0.014435 0.975688
12.534125 -99.733431 4603.754246 6246.508559 -0.303663 0.952617 0.017589 0.947127 0.303818 -0.103177 0.103632 0.014672 0.994507
1.737896 -88.473518 3397.273807 3209.920725 -0.287564 0.957726 0.008259 0.899855 0.273121 -0.340097 0.327976 0.090368 0.940354
9.547498 -83.093519 4736.496327 -309.552782 -0.310670 0.950204 0.024406 0.814980 0.279497 -0.507631 0.489174 0.137815 0.861229
16.188351 -83.619297 -273.821995 -4212.048203 -0.276325 0.948285 0.156208 0.280474 -0.075892 0.956857 -0.919227 -0.308215 0.244998
19.744902 -99.089484 174.032430 -5733.142265 -0.269615 0.948879 0.164121 0.489248 -0.011820 0.872064 -0.829424 -0.315418 0.461051
16.170561 -96.308213 -71.347997 -10343.150748 -0.274463 0.933956 0.228904 0.431348 -0.093174 0.897361 -0.859424 -0.345029 0.377287
15.093112 -88.656698 385.074877 -2873.139944 -0.242578 0.963316 0.114799 0.284187 -0.042581 0.957823 -0.927574 -0.264971 0.263433
10.896565 -71.958766 -740.824298 -5328.624183 -0.296911 0.935370 0.192164 0.262327 -0.113599 0.958269 -0.918166 -0.334930 0.211643
10.040720 -69.963277 -1514.878248 717.503001 -0.316426 0.942939 0.103638 0.074824 -0.084102 0.993644 -0.945662 -0.322170 0.043943
14.340605 -80.532606 -605.336990 -711.685107 -0.271241 0.956912 0.103669 0.080790 -0.084692 0.993126 -0.959115 -0.277752 0.054337
-4.412573 -161.252338 -610.055231 11438.006537 0.374883 -0.285849 -0.881903 0.679593 0.731765 0.051699 0.630568 -0.618716 0.468588
-2.352347 -136.268769 -1151.339417 7533.283852 0.391997 -0.295179 -0.871325 0.515797 0.854777 -0.057523 0.761769 -0.426878 0.487323
-3.855510 -156.942471 -770.705494 13838.751951 0.380567 -0.293819 -0.876835 0.694189 0.717207 0.060965 0.610959 -0.631890 0.476911
-1.701168 -148.850869 764.741279 7851.035580 0.357044 -0.280268 -0.891050 0.444754 0.889862 -0.101681 0.821410 -0.359993 0.442370
-3.681472 -155.381328 -358.227814 11151.286685 0.396925 -0.258552 -0.880682 0.625066 0.778764 0.053088 0.672118 -0.571557 0.470723
-6.002058 -171.466818 -69.661173 6529.052437 0.363158 -0.276198 -0.889849 0.865346 0.454017 0.212237 0.345387 -0.847103 0.403887
-2.241876 -72.244137 33.718541 -3813.167161 -0.161151 0.970595 0.178818 -0.148175 -0.202927 0.967918 -0.975743 -0.129484 -0.176520
-3.695993 -82.350929 39.470151 -8125.428305 -0.163914 0.963192 0.213059 -0.010914 -0.217738 0.975946 -0.986414 -0.157646 -0.046203
-2.383947 -73.747414 571.448370 -6663.308764 -0.143537 0.973261 0.179333 -0.109095 -0.195666 0.974584 -0.983613 -0.120325 -0.134263
-0.851876 -68.482998 328.463320 -897.337169 -0.145017 0.978918 0.143838 -0.236071 -0.175408 0.955773 -0.960854 -0.104647 -0.256532
-0.341753 -68.564180 438.266825 -1527.862103 -0.142155 0.978689 0.148188 -0.212340 -0.176374 0.961147 -0.966801 -0.105165 -0.232888
-1.467928 -73.656815 192.776426 -5833.169514 -0.145895 0.976461 0.158867 -0.106363 -0.175137 0.978782 -0.983566 -0.125902 -0.129411
-4.865831 -111.973292 -29.526828 -7064.459124 -0.069842 0.994203 0.081746 -0.983843 -0.055109 -0.170338 0.164846 0.092322 -0.981989
-3.988159 -128.197225 -416.037101 -6436.866089 -0.074634 0.995353 0.060852 -0.992517 -0.080058 0.092198 -0.096641 0.053516 -0.993880
-4.255193 -120.548770 -211.266343 -5891.868893 -0.087609 0.993371 0.074417 -0.991158 -0.094399 0.093243 -0.099650 0.065590 -0.992858
1.501989 -276.134594 1702.937552 -13074.407091 0.711169 -0.312798 -0.629600 0.543614 0.812549 0.210352 -0.445783 0.491855 -0.747901
1.099982 -218.530443 -228.338568 -16127.665199 -0.722040 0.294343 0.626115 0.354791 0.934459 -0.030152 -0.593954 0.200369 -0.779147
0.285199 -240.684129 1117.534139 -19153.341609 0.698126 -0.353307 -0.622731 0.587737 0.779507 0.216641 -0.408882 0.517245 -0.751846
-1.915492 -201.743273 -843.416837 -9942.895853 -0.714925 0.318280 0.622559 0.394592 0.918707 -0.016549 -0.577217 0.233825 -0.782398
-208.209099 -1799.640386 45135.588873 481477.551363 -0.608107 0.424464 0.670848 -0.212800 0.726965 -0.652869 -0.764802 -0.539771 -0.351746
-164.146842 -3135.072892 37449.520844 1045142.029962 -0.426446 0.795308 0.430847 0.903565 0.396370 0.162670 -0.041402 0.458668 -0.887643
-4213.051612 -8534.551405 1190120.906182 3723251.414810 -0.491932 0.533923 0.687698 -0.087914 0.755382 -0.649361 -0.866183 -0.379900 -0.324657
75.577872 -979.252344 -22420.535760 56845.521178 0.046114 -0.553544 -0.831542 0.996255 -0.035460 0.078853 -0.073135 -0.832064 0.549836
14.384339 -356.091293 5723.268208 78978.631060 0.840438 0.314660 0.441195 0.519736 -0.698537 -0.491855 -0.153424 -0.642678 0.750617
13.797557 -334.094603 1231.850824 -22180.448273 0.786166 0.366415 0.497678 -0.399051 0.915875 -0.043944 -0.471913 -0.164051 0.866248
2.706026 -372.362177 6171.240497 -983.744185 0.858518 0.326801 0.395157 -0.338426 0.940048 -0.042169 -0.385247 -0.097528 0.917645
-1.565426 -523.095903 7457.589388 136662.378930 0.834335 0.363980 0.414010 0.503805 -0.808308 -0.304663 -0.223756 -0.462771 0.857774
-56.367084 -79.330418 507.751341 297.462468 0.308183 0.943450 -0.122172 0.508568 -0.054855 0.859273 -0.803979 0.326946 0.496714
-47.556550 -72.434311 210.147870 5028.636427 0.619566 0.784700 0.019613 0.556084 -0.456422 0.694586 -0.553993 0.419435 0.719142
-51.866250 -77.990860 60.601435 2511.414942 0.494041 0.866993 -0.065169 0.523114 -0.236542 0.818779 -0.694460 0.438601 0.570398
-46.397862 -65.742520 -37.208173 400.996667 0.814700 -0.560372 -0.149152 -0.353136 -0.683459 0.638889 0.459955 0.467832 0.754702
-47.894348 -65.116936 709.145568 -2216.373494 0.748432 -0.611135 -0.257612 0.396690 0.723799 -0.564581 0.531494 0.320359 0.784145
-49.870322 -66.098863 1043.480783 2037.094254 -0.675349 0.691209 0.257165 0.333044 0.596955 -0.729881 0.658017 0.407277 0.633356
-8.934456 -38.136193 84.234377 -1133.387616 0.085416 0.982371 0.166285 0.815949 -0.164747 0.554153 -0.571779 -0.088346 0.815637
-8.151829 -40.112872 -2678.217711 857.786769 -0.101769 0.988799 -0.109179 0.822465 0.145370 0.549926 -0.559638 0.033831 0.828047
-14.693467 -41.678785 -2703.189783 968.389270 -0.111803 0.981400 -0.156055 0.820137 0.179804 0.543181 -0.561137 0.067257 0.824986
-10.103399 -41.890394 -3279.639351 375.536914 -0.075882 0.993038 -0.090096 0.768645 0.115813 0.629104 -0.635159 0.021514 0.772082
-14.191405 -40.349810 -2299.753913 965.768796 -0.146986 0.974520 -0.169426 0.866122 0.209531 0.453794 -0.477732 0.080043 0.874852
-7.624225 -38.093197 -1697.891754 785.372422 -0.132878 0.982093 -0.133556 0.869870 0.180143 0.459210 -0.475046 0.055158 0.878231
39.203561 -23.464309 -6258.619156 -90.680342 0.024650 0.896113 -0.443141 -0.418476 0.411819 0.809496 -0.907893 -0.165490 -0.385153
39.307263 -31.232882 5085.759125 -903.626435 0.234126 0.949693 -0.208012 -0.379304 0.286231 0.879887 -0.895161 0.127104 -0.427236
37.696742 -28.225797 -2130.076860 -729.346541 0.088931 0.941771 -0.324282 -0.363215 0.333816 0.869852 -0.927451 -0.040427 -0.371752
33.262657 -74.501351 -2574.328290 1934.223463 0.094455 0.995268 -0.022791 0.514151 -0.068373 -0.854970 0.852483 -0.069038 0.518176
39.161374 -69.473287 -3874.846500 1683.335736 0.057146 0.994597 -0.086672 0.405248 -0.102449 -0.908448 0.912419 -0.016791 0.408913
-5.395853 -112.982920 -198.730366 3058.039354 -0.397440 0.912246 -0.099243 0.209595 0.195539 0.958037 -0.893371 -0.359961 0.268917
-4.199980 -116.566179 398.207595 4208.487921 -0.388197 0.917597 -0.085547 0.222754 0.183500 0.957449 -0.894250 -0.352622 0.275633
-6.030146 -102.462435 8.989164 8803.472285 -0.388327 0.919881 -0.054963 0.473954 0.250518 0.844161 -0.790297 -0.301761 0.533264
-7.455270 -90.490620 98.597624 7380.740389 -0.380665 0.923373 -0.049759 0.648375 0.304888 0.697605 -0.659321 -0.233292 0.714752
-14.484244 -96.179191 1093.556259 2948.673660 -0.476795 0.868511 -0.135480 0.655430 0.248568 -0.713179 0.585728 0.428838 0.687765
-16.250212 -95.476702 95.002486 2064.201458 -0.423204 0.902560 -0.079272 0.660411 0.247392 -0.708981 0.620286 0.352396 0.700758
-15.214303 -92.017950 1110.919383 3160.173575 -0.474660 0.872248 -0.117821 0.528798 0.175595 -0.830385 0.703613 0.456454 0.544590
4.798271 -153.082659 2190.790692 -479.381249 0.932299 0.154073 -0.327232 0.339882 -0.063803 0.938301 -0.123688 0.985997 0.111850
7.206557 -176.860862 1827.133236 104.052518 0.930621 0.172839 -0.322602 0.300024 0.144522 0.942920 -0.209597 0.974290 -0.082639
4.455348 -160.402511 1778.381209 780.191518 0.928026 0.175488 -0.328592 0.283703 0.238698 0.928728 -0.241415 0.955106 -0.171732
2.096830 -165.000286 888.200544 7073.884626 0.920554 0.207266 -0.331090 0.315625 0.104686 0.943091 -0.230132 0.972667 -0.030951
23.132566 -45.329001 550.751138 862.790756 -0.056674 0.997255 -0.047640 0.984163 0.047775 -0.170709 0.167965 0.056561 0.984169
26.596290 -43.464728 1091.933474 1622.133959 -0.065105 0.997873 -0.003222 0.966786 0.062277 -0.247884 0.247156 0.019253 0.968784
26.958754 -43.579609 273.910402 1459.395112 -0.049824 0.996507 0.067019 0.970913 0.064060 -0.230702 0.234189 -0.053575 0.970714
26.877944 -44.412951 1983.230505 1206.985173 -0.073319 0.997265 -0.009338 0.987080 0.071226 -0.143527 0.142470 0.019741 0.989602
17.506152 -407.544800 -5596.044121 102849.621812 0.871822 0.191755 -0.450729 0.354944 -0.881447 0.311553 0.337552 0.431603 0.836527
19.023453 -277.677804 -4020.829812 18535.744507 0.892829 0.116487 -0.435071 0.415945 -0.583775 0.697278 0.172760 0.803516 0.569663
13.029686 -292.353457 516.984480 18288.765183 0.883893 0.049405 -0.465073 0.408160 -0.566986 0.715494 0.228341 0.822244 0.521320
-19.751980 -46.085058 2301.168494 269.758654 0.046496 0.914227 -0.402526 0.770731 0.223512 0.596671 -0.635462 0.337982 0.694231
-13.873879 -46.190657 2890.970439 98.603657 0.065808 0.892659 -0.445903 0.781649 0.231651 0.579105 -0.620237 0.386649 0.682502
-8.694698 -46.813336 3150.574720 122.463071 0.066254 0.880500 -0.469393 0.831618 0.211228 0.513609 -0.551382 0.424385 0.718245
-14.224656 -44.234815 564.390750 -949.456655 -0.246894 0.967792 0.049223 0.857157 0.241800 -0.454768 0.452023 0.070087 0.889248
-14.322128 -42.027894 870.140865 -342.383726 -0.149427 0.988536 0.021634 0.921945 0.147202 -0.358259 0.357337 0.033589 0.933371
-16.401656 -45.474355 500.739484 -617.208487 -0.256641 0.962886 0.083582 0.782252 0.257727 -0.567149 0.567642 0.080172 0.819363
-2.870061 -9.651958 383.746216 946.428523 -0.317941 0.878153 -0.357437 0.813582 0.059120 -0.578437 0.486824 0.474714 0.733246
-1.662963 -13.789653 -468.996956 1841.276988 0.177725 -0.874993 0.450335 0.868037 -0.076195 -0.490618 0.463600 0.478103 0.745984
-3.779027 -10.070664 41.120356 1190.502593 -0.103848 0.867725 -0.486075 0.866434 -0.161047 -0.472605 0.488372 0.470232 0.735102
22.464669 -160.006486 1383.356230 -447.509915 -0.205071 0.978682 -0.011292 0.956079 0.197840 -0.216270 0.209425 0.055146 0.976268
16.856786 -261.653237 -1714.525882 -35753.589244 -0.203570 0.975503 0.083390 0.883537 0.219736 -0.413616 0.421808 0.010522 0.906624
21.481067 -185.989231 -769.845086 -3509.172176 -0.182805 0.980432 0.073045 0.977686 0.189109 -0.091481 0.103505 -0.054692 0.993124
13.024806 -182.350300 -1751.099489 -12617.992460 -0.211433 0.970104 0.119137 0.929410 0.237277 -0.282660 0.302478 -0.050963 0.951793
31.505338 -146.586887 -311.412557 2273.115442 -0.122346 0.992437 -0.009957 0.979479 0.122356 0.160158 -0.160165 -0.009842 0.987041
-115.277504 -1566.686948 46320.374122 -444844.028991 -0.533286 0.845246 -0.034144 0.579929 0.335911 -0.742190 0.615864 0.415601 0.669319
-26.400113 -506.024385 16761.618768 -128101.124333 -0.463891 0.880127 -0.100902 0.505411 0.169389 -0.846089 0.727574 0.443491 0.523404
-22.854463 -390.322039 14551.944665 -108891.594781 -0.393726 0.892363 -0.220609 0.780053 0.197383 -0.593765 0.486310 0.405868 0.773805
-90.924420 -821.743482 21097.355159 -229421.885859 -0.411097 0.904454 -0.113852 0.200868 -0.031949 -0.979097 0.889186 0.425373 0.168542
3.411788 -51.124321 -18521.130739 4836.058158 -0.691741 0.661871 -0.288828 0.711496 0.556218 -0.429412 -0.123564 -0.502542 -0.855677
-20.024632 -45.185034 -10880.677803 5244.638922 -0.469638 0.812642 -0.345040 0.876170 0.380993 -0.295247 -0.108472 -0.440973 -0.890942
1.722935 -37.978525 -11535.830567 3647.205932 -0.549333 0.770382 -0.323644 0.834657 0.487457 -0.256383 -0.039750 -0.410971 -0.910781
-27.289986 -56.627602 -10992.420442 4384.072274 -0.488463 0.803021 -0.341411 0.843101 0.333484 -0.421865 -0.224911 -0.493909 -0.839922
20.733477 -47.318012 -9437.038590 2812.536298 -0.624635 0.744693 -0.235082 0.765880 0.525400 -0.370651 -0.152509 -0.411566 -0.898529
26.837595 -57.796596 -10372.868769 4836.993343 -0.661133 0.723260 -0.199493 0.709988 0.517165 -0.477972 -0.242528 -0.457641 -0.855421
16.682845 -47.279100 584.838047 9.754346 0.155307 0.977496 -0.142760 -0.162815 -0.117209 -0.979670 0.974357 -0.175393 -0.140947
19.831539 -49.225774 278.299440 1175.364107 0.168023 0.971723 -0.165899 -0.041348 -0.161196 -0.986056 0.984916 -0.172539 -0.013094
-6.661168 -58.117967 -72.598783 -409.718020 0.046488 0.933544 0.355436 0.936839 0.082736 -0.339835 -0.346658 0.348784 -0.870734
-6.416171 -54.008142 -127.220633 -301.400707 0.102841 0.921925 0.373468 0.933049 0.040715 -0.357439 -0.344738 0.385223 -0.856013
1.566000 -63.530201 357.331096 500.623350 0.031921 -0.838228 -0.544384 0.999440 0.021301 0.025806 -0.010036 -0.544903 0.838439
0.076897 -62.973828 1159.789271 873.371575 0.035955 -0.826701 -0.561491 0.998545 0.007128 0.053447 -0.040182 -0.562596 0.825755
1.553918 -63.025989 691.649870 -1080.908916 0.052067 -0.830950 -0.553906 0.975742 -0.075773 0.205392 -0.212642 -0.551163 0.806847
2.571451 -65.065897 -300.654766 -1060.527476 0.028794 -0.851005 -0.524367 0.984449 -0.066803 0.162474 -0.173295 -0.520891 0.835848
33.616505 -70.108311 -2154.190711 6208.848565 -0.294492 0.894655 0.335955 0.824661 0.415550 -0.383734 0.482916 -0.164043 0.860164
29.600786 -86.812943 -5071.617642 13138.846022 -0.284513 0.871977 0.398382 0.866597 0.411632 -0.282079 0.409953 -0.264982 0.872767
34.437357 -94.356669 1517.191354 11101.612430 -0.338407 0.911124 0.235232 0.888991 0.391509 -0.237521 0.308507 -0.128741 0.942470
27.757477 -64.671088 -7279.342738 6438.116261 -0.221747 0.864421 0.451226 0.816229 0.417716 -0.399104 0.533478 -0.279804 0.798192
28.101160 -60.557804 -4059.977215 -1942.535983 -0.186048 0.898194 0.398289 0.779146 0.381832 -0.497127 0.598596 -0.217836 0.770863
31.058425 -66.535289 -932.892261 -3957.514773 -0.270954 0.923616 0.271142 0.796095 0.373361 -0.476271 0.541126 -0.086807 0.836449
14.878785 -100.241404 1078.527508 -4909.860258 -0.226034 0.968501 0.104473 0.471080 0.014805 0.881966 -0.852638 -0.248569 0.459588
-2.215302 -134.924238 -203.039094 7517.744296 0.388051 -0.298479 -0.871967 0.496933 0.864560 -0.074794 0.776192 -0.404285 0.483818
-0.609991 -117.402040 -1559.871394 3066.238556 0.398346 -0.323002 -0.858481 0.333219 0.922959 -0.192643 0.854567 -0.209324 0.475288
-0.824486 -115.093512 -525.246897 3842.442762 0.364856 -0.302323 -0.880614 0.377091 0.912752 -0.157120 0.851283 -0.274745 0.447027
-4.156517 -84.217680 -15.136398 -8165.024977 -0.168973 0.956856 0.236379 -0.009292 -0.241364 0.970390 -0.985577 -0.161773 -0.049675
-4.447748 -283.321663 1503.288807 48275.607651 0.718495 -0.109854 -0.686802 -0.540110 0.534034 -0.650453 -0.438230 -0.838296 -0.324368
-2.121187 -282.207623 718.903761 48321.146700 0.729307 -0.114643 -0.674513 -0.503174 0.578143 -0.642313 -0.463602 -0.807841 -0.363959
-0.195635 -207.771324 624.107202 18212.288437 0.749350 -0.119714 -0.651262 -0.354309 0.758399 -0.547079 -0.559410 -0.640702 -0.525891
-1.832773 -201.151064 524.427324 17121.196038 0.734464 -0.132047 -0.665677 -0.337776 0.779633 -0.527332 -0.588617 -0.612156 -0.528010
1.708534 -207.180627 187.717838 22916.387524 -0.747712 0.145731 0.647834 -0.302683 0.793564 -0.527862 -0.591024 -0.590778 -0.549248
-2.128362 -176.663915 -282.638930 1820.399627 -0.745303 0.175942 0.643093 -0.122963 0.911734 -0.391945 -0.655289 -0.371194 -0.657884
-0.842928 -73.701435 223.527694 6671.169000 -0.134791 0.983854 0.117741 -0.359337 -0.159271 0.919516 -0.923422 -0.081634 -0.375003
-0.005859 -73.987816 387.853808 7044.979191 -0.137242 0.982799 0.123578 -0.343792 -0.164264 0.924567 -0.928963 -0.084404 -0.360423
-0.597784 -94.159594 287.550815 12497.715477 -0.115089 0.988694 0.096115 -0.508347 -0.141749 0.849406 -0.853427 -0.048898 -0.518913
30.512016 -530.270326 -461.553025 -125053.138939 -0.085215 0.962289 0.258337 0.881914 -0.047806 0.468979 -0.463644 -0.267795 0.844583
24.858041 -191.301462 1236.187004 -2476.683949 0.079248 0.977988 0.193029 0.827344 -0.172545 0.534537 -0.556077 -0.117340 0.822806
51.161418 -544.377083 -3505.511817 -111679.625092 -0.052546 0.979675 0.193586 0.939000 -0.017507 0.343472 -0.339880 -0.199826 0.918995
378.762329 -9937.554965 24170.932303 -3234859.470494 -0.166228 -0.941478 -0.293238 0.981872 -0.185497 0.038969 -0.091084 -0.281444 0.955245
28.026646 -225.058966 2762.508272 27666.631191 0.542064 0.661710 0.517983 0.827536 -0.527518 -0.192118 0.146119 0.532789 -0.833537
16.667428 -197.971759 1245.269288 15905.718031 0.572397 0.640155 0.512409 0.810909 -0.534604 -0.237959 0.121605 0.551724 -0.825113
29.920327 -325.840469 4384.175547 53300.440669 0.599155 0.635054 0.487566 0.782168 -0.334246 -0.525826 -0.170961 0.696410 -0.696984
86.774457 -610.583576 27776.467224 151802.488243 0.637539 0.649983 0.413601 0.747137 -0.390644 -0.537757 -0.187962 0.651858 -0.734678
35.982386 -245.434224 3129.199928 45179.180934 0.471546 0.717100 0.513237 0.862843 -0.495352 -0.100643 0.182062 0.490300 -0.852326
-42.040383 -85.394566 -3830.129176 1564.015135 -0.027779 0.969036 -0.245352 0.600326 0.212427 0.771028 -0.799273 0.125873 0.587638
-56.840241 -83.083591 698.235427 -959.845023 0.099165 0.954088 -0.282634 0.525866 0.190884 0.828872 -0.844767 0.230823 0.482794
-2.463839 -40.134941 4361.772916 -956.633635 0.146722 0.979796 0.135912 0.836503 -0.196233 0.511621 -0.527955 -0.038625 0.848394
-10.807302 -40.736992 2247.559659 -877.186933 0.132266 0.975947 0.173301 0.863148 -0.199359 0.463930 -0.487320 -0.088222 0.868756
-8.841233 -40.970305 -3374.196385 -925.803366 0.030511 0.978891 0.202093 0.863621 -0.127610 0.487724 -0.503218 -0.159651 0.849284
-17.252335 -43.683423 -2506.420847 416.367412 -0.069634 0.986113 -0.150770 0.765140 0.149772 0.626202 -0.640087 0.071756 0.764944
-20.378575 -42.451374 -2430.144154 782.559487 -0.137294 0.966641 -0.216231 0.849511 0.227171 0.476156 -0.509394 0.118317 0.852361
32.322558 -21.546932 -6202.565521 -927.933103 0.008770 0.838149 -0.545371 -0.496165 0.477166 0.725350 -0.868184 -0.264233 -0.420045
28.418255 -76.158232 -2592.675527 4592.069503 0.134165 0.987662 0.080764 0.679582 -0.032385 -0.732884 0.721226 -0.153213 0.675543
31.222383 -82.341239 -1126.142184 1323.508395 0.037921 0.998663 0.035123 0.841754 -0.012981 -0.539706 0.538528 -0.050031 0.841121
-2.552893 -105.712670 150.834186 -8031.247773 -0.376374 0.917483 -0.128717 -0.229294 0.042365 0.972435 -0.897645 -0.395514 -0.194429
-4.688946 -113.835352 393.342677 -2307.316592 -0.372992 0.920260 -0.118318 0.020605 0.135705 0.990535 -0.927606 -0.367023 0.069579
-4.580662 -113.177983 -145.901135 -2740.198917 -0.382386 0.914005 -0.135557 0.006704 0.149447 0.988747 -0.923978 -0.377175 0.063274
-4.785252 -110.879383 -255.687545 2103.062478 -0.383733 0.912730 -0.140258 0.213262 0.235372 0.948219 -0.898481 -0.333951 0.284971
-0.336619 -108.224597 685.005081 -4261.748465 -0.372054 0.913666 -0.163677 -0.062833 0.151141 0.986513 -0.926082 -0.377321 -0.001176
-1.184230 -107.328524 908.831232 -8683.415965 -0.370164 0.917081 -0.148123 -0.270565 0.046104 0.961597 -0.888692 -0.396025 -0.231064
-15.551168 -98.864290 317.601030 222.719491 -0.434756 0.894311 -0.105809 0.783158 0.317461 -0.534679 0.444579 0.315321 0.838405
-15.584996 -96.550088 -545.815058 -12.329237 -0.371160 0.927489 -0.044768 0.798562 0.294221 -0.525102 0.473855 0.230647 0.849861
-15.702828 -94.497679 -780.359057 2709.327048 -0.358434 0.933080 -0.029786 0.666897 0.233594 -0.707589 0.653279 0.273488 0.705996
-17.277967 -89.519299 -495.460465 3229.530391 -0.393595 0.917947 -0.049558 0.530907 0.182969 -0.827442 0.750481 0.351988 0.559360
-16.211967 -97.395139 -247.693101 -409.483968 -0.402238 0.912610 -0.073133 0.794093 0.308012 -0.523970 0.455654 0.268835 0.848591
8.485323 -158.737998 832.232414 4632.375230 0.926170 0.201961 -0.318467 0.363473 -0.253054 0.896578 -0.100484 0.946137 0.307778
9.894521 -158.672380 -299.890124 320.177994 0.913266 0.253102 -0.319193 0.312502 0.067349 0.947526 -0.261318 0.965093 0.017588
12.869390 -139.761113 1614.649409 1898.244147 0.894468 0.274437 -0.353005 -0.017445 0.810302 0.585753 -0.446793 0.517779 -0.729576
10.914998 -125.877506 -2827.868504 -1987.812762 -0.905221 -0.264922 0.332250 -0.163208 0.938658 0.303784 -0.392349 0.220766 -0.892931
7.031997 -140.316208 920.454320 -351.411720 0.906658 0.267466 -0.326240 -0.049219 0.835111 0.547875 -0.418985 0.480678 -0.770325
8.460330 -144.942630 658.480483 -1522.805226 0.903839 0.282209 -0.321610 0.056696 0.666029 0.743768 -0.424100 0.690481 -0.585983
12.588252 -201.864319 -2905.249071 -42975.331675 0.930641 0.103736 -0.350922 -0.122398 0.991986 -0.031357 0.344857 0.072134 0.935879
-24.349948 -45.944317 882.078874 119.134822 0.002421 0.940485 -0.339826 0.760368 0.218984 0.611463 -0.649488 0.259873 0.714584
-20.245048 -46.059644 2209.486318 -22.269062 0.039824 0.917930 -0.394738 0.680091 0.264525 0.683742 -0.732045 0.295687 0.613742
-12.420160 -46.153164 2858.764139 39.278973 0.082618 0.895324 -0.437687 0.697696 0.261641 0.666907 -0.711614 0.360471 0.603047
-10.944411 -41.187257 1341.031148 -1957.040617 -0.312090 0.949599 0.029350 0.889157 0.302829 -0.343066 0.334664 0.080971 0.938852
-7.990600 -37.531518 1916.040768 -1691.565971 -0.326302 0.944717 0.032206 0.917725 0.324776 -0.228695 0.226512 0.045067 0.972965
-16.978578 -39.734891 1030.825849 481.175129 0.437275 -0.853733 0.282719 0.898752 0.403595 -0.171334 0.032169 0.329014 0.943777
-17.391810 -38.980831 469.370456 903.829167 0.360140 -0.868934 0.339488 0.930438 0.308154 -0.198308 0.067702 0.387291 0.919468
-18.804998 -40.594563 1151.938116 284.965508 0.379251 -0.871384 0.311220 0.923467 0.377573 -0.068166 -0.058109 0.313254 0.947890
-14.884224 -37.485041 1027.013368 989.214639 0.465731 -0.844993 0.262833 0.870940 0.385090 -0.305236 0.156708 0.371069 0.915287
-16.758081 -39.850506 1321.700731 -182.682208 0.403492 -0.875726 0.265137 0.911464 0.410085 -0.032610 -0.080171 0.254821 0.963659
-14.114641 -38.609019 1193.212251 680.270603 0.472510 -0.850201 0.232146 0.877185 0.428181 -0.217273 0.085325 0.306298 0.948104
-14.684168 -39.340895 982.311805 -8.247331 0.445734 -0.861799 0.242123 0.895159 0.430166 -0.116825 -0.003473 0.268811 0.963187
17.471283 -266.891102 -5111.583493 41727.147735 -0.338765 0.927453 0.158329 0.792303 0.190446 0.579644 -0.507439 -0.321808 0.799340
16.938681 -338.500475 -8810.325281 68737.843989 -0.371853 0.922270 0.105560 0.543968 0.124344 0.829842 -0.752213 -0.366000 0.547923
26.043732 -258.970234 -4797.813746 32740.036253 -0.273041 0.951801 0.139725 0.804974 0.146520 0.574933 -0.526750 -0.269455 0.806182
11.365438 -209.688249 -3384.751264 17696.653299 -0.332354 0.932049 0.144308 0.618265 0.099757 0.779613 -0.712242 -0.348329 0.609409
6.033305 -191.542371 -1519.108489 14393.481615 -0.309695 0.939740 0.144838 0.794112 0.171853 0.582969 -0.522949 -0.295560 0.799480
10.640962 -313.798975 3656.412772 -69021.353590 -0.332287 0.922647 -0.195722 0.769106 0.144945 -0.622468 0.545950 0.357370 0.757777
-17.292922 -393.253375 11495.503892 7407.513138 -0.436149 0.895372 -0.089900 -0.102990 -0.148914 -0.983472 0.893961 0.419682 -0.157163
-19.812761 -42.775967 -2723.857351 5497.396367 -0.139879 0.932230 -0.333738 0.986177 0.100931 -0.131406 -0.088817 -0.347505 -0.933462
-42.940978 -63.689074 2042.230922 -346.238741 0.080686 0.969075 -0.233203 -0.539070 -0.154369 -0.827994 0.838388 -0.192520 -0.509943
-43.584817 -68.187171 550.873037 1421.651421 0.249454 0.950291 -0.186334 -0.516169 -0.032325 -0.855876 0.819354 -0.309682 -0.482447
-43.500366 -64.530810 1805.359874 2524.353605 0.020075 0.950761 -0.309275 -0.673067 -0.215890 -0.707370 0.739309 -0.222363 -0.635592
-43.727975 -65.204495 3195.978747 -1308.484415 0.128638 0.987028 -0.096057 -0.364304 -0.043056 -0.930284 0.922353 -0.154664 -0.354040
7.856827 -45.846686 -3169.651653 342.245761 0.269866 0.934762 -0.231069 -0.355320 -0.126363 -0.926164 0.894941 -0.332044 -0.298039
16.338736 -46.489117 -2997.866748 -574.308350 0.237815 0.949457 -0.204878 -0.375468 -0.104672 -0.920906 0.895806 -0.295930 -0.331598
18.129608 -47.007143 -360.755259 -179.073447 0.173289 0.971598 -0.161148 -0.306208 -0.102362 -0.946445 0.936060 -0.213353 -0.279773
-7.687322 -54.335189 898.380794 2094.561028 0.068386 0.934455 0.349453 0.984257 -0.005972 -0.176645 -0.162980 0.356031 -0.920152
1.063418 -59.866882 347.154382 1015.900499 -0.014836 -0.839659 -0.542912 0.983757 0.084887 -0.158168 0.178893 -0.536439 0.824761
-1.349949 -60.321535 1014.408347 2356.416733 0.012051 -0.833237 -0.552784 0.997619 0.047564 -0.049946 0.067909 -0.550866 0.831826
-2.816451 -61.968094 1171.944689 1332.731944 0.021530 -0.832556 -0.553522 0.995461 -0.033485 0.089085 -0.092703 -0.552928 0.828056
30.267830 -119.092654 -661.384647 10497.571135 0.317941 -0.925726 -0.204806 0.947727 0.316453 0.040883 0.026965 -0.207099 0.977948
23.235596 -105.889834 -4056.002612 6566.877494 0.319203 -0.945039 -0.070779 0.947660 0.317751 0.031212 -0.007007 -0.077037 0.997004
9.265072 -87.058028 -1610.658027 -12466.740054 -0.306506 0.910894 0.276272 0.372932 -0.152121 0.915304 -0.875771 -0.383577 0.293076
4.263412 -61.366106 -1746.827599 -4575.349391 -0.322452 0.925255 0.199819 0.201512 -0.139158 0.969550 -0.924888 -0.352899 0.141579
-2.257734 -155.151226 279.778798 14063.621395 0.366173 -0.285830 -0.885561 0.686366 0.725562 0.049619 0.628347 -0.625988 0.461865
-4.507341 -173.701311 -292.854630 12052.196603 0.359637 -0.286426 -0.888044 0.857359 0.477022 0.193353 0.368235 -0.830909 0.417124
-1.300238 -71.857916 -88.010028 3426.725407 -0.147552 0.978498 0.144119 -0.286390 -0.181741 0.940718 -0.946683 -0.097531 -0.307049
1.981614 -106.511553 -1456.054182 10577.821802 -0.142535 0.984580 0.101422 -0.370027 -0.148043 0.917150 -0.918022 -0.093197 -0.385422
4.673617 -148.275634 -2152.980548 16648.427031 -0.124189 0.991158 0.046727 -0.604626 -0.112929 0.788463 -0.786768 -0.069666 -0.613305
3.824741 -116.596983 -1207.998176 9638.828912 -0.138836 0.981423 0.132414 -0.384798 -0.176665 0.905936 -0.912499 -0.074824 -0.402177
1.864531 -97.975797 -675.449785 -578.789221 -0.160689 0.963013 0.216300 -0.171629 -0.243072 0.954704 -0.971968 -0.116287 -0.204340
-4.502728 -289.691198 1386.777356 37348.443629 0.727594 -0.108201 -0.677422 -0.655249 0.182765 -0.732971 -0.203117 -0.977185 -0.062080
