15910
31806
-36.739661 -52.867631 -1247.571074 6264.196595 0.206793 0.958345 -0.197005 0.953869 -0.242275 -0.177303 0.217647 0.151252 0.964237
-46.331817 -70.930423 994.123153 7121.112965 0.073680 -0.981721 0.175487 0.995343 0.061424 -0.074287 0.062150 0.180143 0.981675
-37.246783 -74.260644 -2459.104185 13050.842848 -0.294212 0.952873 -0.073977 0.939582 0.274198 -0.204941 0.174998 0.129803 0.975975
-38.297287 -56.717170 1504.186409 6099.802595 -0.337203 -0.899065 0.279241 0.927364 -0.368301 -0.065952 0.162140 0.236719 0.957953
-29.123021 -45.970171 -3581.489956 6893.493515 0.064500 0.992325 -0.105507 0.953104 -0.092585 -0.288132 0.295689 0.081974 0.951761
-29.459552 -41.861453 153.291163 -2365.178702 0.712445 0.617662 -0.333041 -0.629146 0.772437 0.086696 0.310802 0.147765 0.938918
-31.758980 -46.426584 1036.428122 -2725.117567 0.674432 0.651608 -0.347200 -0.689486 0.724036 0.019516 0.264102 0.226228 0.937588
91.304706 -85.744002 -10748.884601 6819.579416 0.758491 -0.647577 0.073036 -0.448386 -0.437259 0.779586 0.472907 0.624057 0.622022
86.081429 -103.180134 -11079.293181 18001.253557 0.771707 -0.631120 0.078454 -0.396093 -0.380442 0.835688 0.497572 0.675982 0.543572
100.869839 -96.874010 915.259709 -17594.777989 -0.667767 0.743654 0.032654 0.402213 0.397387 -0.824808 0.626348 0.537645 0.564469
100.447337 -82.492927 3826.869579 -1381.927030 -0.700203 0.713943 0.001308 0.449786 0.442551 -0.775785 0.554445 0.542618 0.630997
-38.865399 -74.013410 -2842.656829 -1844.081507 0.212885 0.972524 -0.094220 -0.258644 -0.036900 -0.965268 0.942222 -0.229861 -0.243682
-37.154348 -70.544584 123.022225 -2114.980943 0.222194 0.968792 -0.109874 -0.151215 -0.077087 -0.985491 0.963205 -0.235584 -0.129368
-34.391375 -71.094642 242.101001 1539.610590 0.283869 0.957069 -0.058628 -0.276141 0.023045 -0.960841 0.918240 -0.288943 -0.270828
-40.387606 -70.936734 -3339.154651 -4185.816671 0.152564 0.977280 -0.147133 -0.117031 -0.129963 -0.984588 0.981340 -0.167431 -0.094544
-38.020631 -71.135360 -2291.516452 2802.011895 0.263436 0.964471 -0.019911 -0.390203 0.087658 -0.916547 0.882238 -0.249221 -0.399432
-42.069773 -75.600185 -4600.322885 817.403242 0.161338 0.985417 -0.054072 -0.370302 0.009659 -0.928861 0.914793 -0.169884 -0.366460
-43.347930 -77.880737 -4623.647197 -5594.106412 0.119251 0.985311 -0.122236 -0.209713 -0.095341 -0.973104 0.970464 -0.141678 -0.195263
-21.081605 -26.129854 2604.493747 -3497.353025 0.340453 0.929046 -0.144794 0.723871 -0.357256 -0.590236 0.600085 -0.096136 0.794138
-23.406161 -32.364413 2148.122449 -2827.856842 0.455286 0.863387 -0.217434 0.616304 -0.481858 -0.622882 0.642561 -0.149584 0.751492
-18.448012 -31.375244 2341.555381 -2561.443280 0.423625 0.872682 -0.242835 0.619682 -0.474727 -0.625003 0.660709 -0.114287 0.741891
-12.828145 -25.305876 3447.555889 -3592.118991 0.328872 0.925000 -0.190309 0.712326 -0.375280 -0.593091 0.620029 -0.059489 0.782321
5.555661 -66.375172 -3000.309760 5821.066079 0.889158 -0.061421 0.453460 0.296303 0.832436 -0.468247 0.348716 -0.550707 -0.758366
4.446213 -78.027411 -4390.100511 9106.563782 0.908513 -0.022577 0.417247 0.273976 0.786129 -0.554020 0.315502 -0.617650 -0.720394
11.596365 -70.421889 -4279.427361 6673.629047 0.904226 -0.001637 0.427051 0.261637 0.792468 -0.550945 0.337522 -0.609912 -0.716998
15.304172 -88.460353 -8204.206012 10055.378294 0.927856 0.027079 0.371954 0.245736 0.705835 -0.664387 0.280529 -0.707858 -0.648260
16.293960 -59.879666 -4247.942339 4800.255699 0.886481 -0.028566 0.461882 0.260308 0.855997 -0.446664 0.382610 -0.516191 -0.766261
24.976394 -61.878333 -7047.317384 3652.862766 0.904953 0.036174 0.423972 0.232902 0.791769 -0.564676 0.356114 -0.609749 -0.708088
27.651269 -72.640013 -11132.847074 5451.494988 0.922219 0.061733 0.381708 0.218625 0.730982 -0.646427 0.318928 -0.679598 -0.660629
25.994312 -44.707340 -346.183279 1580.496549 -0.214483 0.969783 -0.116268 0.314447 -0.044142 -0.948248 0.924727 0.239943 0.295478
26.492733 -47.334905 -611.790956 1943.151788 -0.210007 0.966038 -0.150558 0.414268 -0.051563 -0.908693 0.885595 0.253203 0.389370
25.696066 -42.416958 3144.504415 1697.175732 -0.297564 0.941305 -0.159377 0.343917 -0.050042 -0.937666 0.890605 0.333828 0.308840
20.490956 -49.294675 -5133.186374 1998.874790 -0.121897 0.984671 -0.124756 0.385285 -0.068894 -0.920222 0.914711 0.160239 0.370981
24.868838 -38.824154 3078.948881 1228.847585 -0.304787 0.945958 -0.110760 0.247797 -0.033527 -0.968232 0.919620 0.322551 0.224187
25.796520 -41.461127 -30.365638 1100.120023 -0.220082 0.972917 -0.070689 0.215843 -0.022101 -0.976178 0.951302 0.230097 0.205133
20.265541 -47.358726 -4586.907431 1536.468268 -0.123385 0.987368 -0.099397 0.283848 -0.060863 -0.956936 0.950898 0.146286 0.272753
-3.820629 -62.953537 603.866953 -500.481072 0.473783 0.871432 -0.127030 0.532430 -0.398348 -0.746885 0.701461 -0.286227 0.652707
-2.555092 -61.466153 564.687349 -634.491561 0.457407 0.883089 -0.104559 0.662617 -0.416882 -0.622212 0.593058 -0.215322 0.775835
-3.548320 -65.226340 -287.199565 -531.321897 0.500410 0.856101 -0.129159 0.530973 -0.421291 -0.735243 0.683855 -0.299343 0.665384
-0.722823 -59.391821 967.102150 -678.655682 0.434324 0.895753 -0.094815 0.665526 -0.390050 -0.636346 0.606991 -0.213279 0.765555
-4.598578 -65.267844 -203.934127 -215.709913 0.509925 0.846304 -0.154096 0.389095 -0.386682 -0.836111 0.767191 -0.366396 0.526472
-4.562050 -62.880831 685.243134 -59.759075 0.486168 0.859734 -0.156519 0.382140 -0.370240 -0.846694 0.785882 -0.351823 0.508537
-1.461121 -60.344346 1025.109142 -323.561329 0.453409 0.883204 -0.119877 0.529342 -0.375039 -0.761014 0.717090 -0.281595 0.637563
1.346652 -103.313903 -292.855404 -12392.389141 -0.305725 0.951596 -0.031591 -0.137890 -0.011422 0.990382 -0.942082 -0.307140 -0.134708
0.791472 -122.535547 -236.233800 -13265.232563 -0.305894 0.952065 -0.001377 0.054698 0.019018 0.998322 -0.950493 -0.305305 0.057893
0.578329 -95.959694 -188.334647 -12639.484413 -0.307361 0.950868 -0.037133 -0.168280 -0.015905 0.985611 -0.936595 -0.309187 -0.164901
2.004751 -129.963516 -422.909144 -13600.416073 -0.303522 0.952807 0.005686 0.063493 0.014271 0.997880 -0.950706 -0.303240 0.064828
1.122290 -85.344523 -261.304172 -8245.590267 -0.294941 0.952357 -0.077626 -0.315122 -0.020253 0.948835 -0.902058 -0.304312 -0.306082
2.472115 -109.129573 -437.196532 -12209.299555 -0.302250 0.952690 -0.032052 -0.156615 -0.016464 0.987522 -0.940275 -0.303498 -0.154182
16.774907 -59.148731 -2879.726261 3518.823241 0.512148 0.841048 -0.174189 0.048330 -0.230703 -0.971823 0.857536 -0.489299 0.158802
9.550328 -65.074018 -2911.381524 2048.953873 0.540128 0.825340 -0.164545 0.150430 -0.287052 -0.946029 0.828029 -0.486224 0.279201
18.194572 -67.126361 -3018.948337 3216.084053 0.499893 0.848253 -0.174853 0.171602 -0.294893 -0.939995 0.848917 -0.439892 0.292977
23.822929 -58.098982 -1743.865822 7556.274509 0.574483 0.807524 -0.133693 0.745819 -0.583725 -0.320966 0.337228 -0.084679 0.937607
28.618125 -43.700891 -260.775724 7582.654193 0.499820 0.852850 -0.151089 0.753651 -0.514210 -0.409387 0.426837 -0.090751 0.899764
23.947612 -41.700941 -3117.355177 8007.206080 0.578188 0.810636 -0.092558 0.702081 -0.552111 -0.449728 0.415668 -0.195044 0.888357
17.806718 -64.627858 -5172.545010 9789.784569 0.643136 0.762068 -0.075024 0.705767 -0.627917 -0.328045 0.297101 -0.158028 0.941678
20.005777 -46.852827 8639.415956 1005.675010 -0.168494 0.983196 -0.070248 0.731032 0.076837 -0.678004 0.661213 0.165593 0.731694
14.492260 -50.020199 3165.595151 1944.293718 -0.136815 0.987853 -0.073680 0.799424 0.066182 -0.597110 0.584981 0.140595 0.798768
10.823412 -47.585252 5936.048115 799.760536 -0.179819 0.979967 -0.085610 0.755507 0.081846 -0.650008 0.629979 0.181563 0.755090
22.296943 -50.701536 2738.053687 2470.588385 -0.092724 0.994500 -0.048697 0.763129 0.039567 -0.645034 0.639560 0.096972 0.762601
13.052297 -45.951340 7161.932363 -110.795309 -0.173080 0.981410 -0.082931 0.679857 0.058125 -0.731038 0.712628 0.182909 0.677278
24.376972 -46.313236 5414.849711 1312.618985 -0.118835 0.991695 -0.049180 0.660804 0.042021 -0.749381 0.741091 0.121551 0.660310
-7.808571 -184.670162 -505.282206 12924.408716 0.940418 0.133638 0.312656 0.292605 0.150297 -0.944348 0.173193 -0.979567 -0.102239
-8.480253 -175.933847 -533.896024 29948.762455 0.935992 0.129800 0.327218 0.260253 0.370765 -0.891516 0.237040 -0.919611 -0.313252
-9.461585 -187.729257 138.615010 18069.634034 0.928809 0.156265 0.335998 0.277622 0.307124 -0.910275 0.245437 -0.938752 -0.241877
-7.066521 -202.066131 455.653607 3589.674043 0.938602 0.164062 0.303497 0.311747 -0.026486 -0.949796 0.147787 -0.986094 0.076006
0.161842 -127.038781 568.624500 4163.475579 0.889912 -0.055452 0.452748 -0.028376 0.983930 0.176285 -0.455248 -0.169725 0.874038
0.090615 -118.720549 237.182608 7922.076853 0.887218 -0.097749 0.450876 0.095609 0.995037 0.027587 -0.451335 0.018632 0.892160
-0.538070 -117.189484 905.570693 5413.435751 0.890857 -0.050907 0.451422 -0.028971 0.985312 0.168286 -0.453359 -0.162997 0.876298
0.616652 -121.385911 1788.382464 -709.663907 0.889787 -0.008541 0.456297 -0.152650 0.936667 0.315203 -0.430090 -0.350117 0.832130
-2.308588 -110.248802 759.023000 1898.160254 0.886251 -0.007185 0.463150 -0.145592 0.944884 0.293254 -0.439730 -0.327327 0.836358
-1.931064 -105.952054 184.413124 4749.458155 0.889654 -0.061108 0.452528 -0.018651 0.985316 0.169722 -0.456254 -0.159434 0.875450
3.126221 -17.659978 -2788.576417 1023.619797 0.771227 -0.136339 0.621788 -0.466034 -0.786309 0.405625 -0.433615 0.602603 0.669961
-2.524084 -13.697460 -2116.948741 1216.297989 0.715875 -0.239207 0.655975 -0.536683 -0.789486 0.297797 -0.446648 0.565236 0.693551
-5.414043 -15.017239 -1930.580951 1248.588576 0.857242 0.046527 0.512807 -0.260880 -0.819381 0.510447 -0.443934 0.571358 0.690271
-8.705451 -46.223395 -6631.552927 6404.331654 0.744893 0.667065 0.012585 0.462731 -0.530123 0.710528 -0.480640 0.523444 0.703557
4.160937 -39.969609 -5669.466059 3976.655627 0.772465 0.633686 0.041712 0.459240 -0.602765 0.652513 -0.438631 0.484887 0.756629
-12.964399 -42.538441 -5757.805097 4556.475820 0.745034 0.666932 0.011221 0.481026 -0.548859 0.683643 -0.462102 0.503940 0.729731
11.174413 -37.442000 -7562.418198 2367.306209 0.804003 0.587806 0.089794 0.383631 -0.628143 0.676952 -0.454320 0.509824 0.730530
1.355629 -44.192703 -12272.109343 -568.853762 0.778666 0.617022 0.113856 0.335846 -0.563152 0.755028 -0.529987 0.549677 0.645731
-1.900264 -272.784128 -69.839795 -48362.515064 0.908015 0.218844 0.357233 0.415002 -0.353275 -0.838433 0.057285 -0.909563 0.411600
0.408195 -227.405239 86.303116 -43828.912113 0.917446 0.204586 0.341228 0.396687 -0.536158 -0.745100 -0.030516 -0.818950 0.573053
-0.188369 -248.898027 584.425548 -27005.738663 0.916021 0.216984 0.337377 0.391517 -0.300608 -0.869684 0.087289 -0.928737 0.360316
-1.402601 -269.556242 853.538392 2663.813184 0.907341 0.221836 0.357100 0.359090 0.032730 -0.932729 0.218600 -0.974535 0.049962
-2.451540 -248.093604 1075.841207 -7005.551025 0.915867 0.211124 0.341488 0.375548 -0.149769 -0.914622 0.141954 -0.965917 0.216455
-26.779955 -510.310131 35408.024239 -206180.345610 0.420630 -0.480377 0.769616 0.659452 -0.420694 -0.623008 0.623051 0.769581 0.139829
-247.376287 -3670.999790 -184243.423339 -1736916.159538 0.281443 -0.395759 -0.874165 0.443090 0.861653 -0.247439 0.851153 -0.317694 0.417863
1112.285749 -8550.885476 -375880.652320 -12293505.995528 0.903548 -0.399029 0.156132 -0.399237 -0.651672 0.644929 0.155599 0.645058 0.748124
-115.864268 -1034.741057 -8680.524415 -201190.263354 0.884254 -0.330266 0.330181 -0.144789 0.478298 0.866179 0.443994 0.813729 -0.375118
-48.753481 -156.933202 4938.440398 -4427.000406 0.744363 -0.462136 0.482030 -0.142299 0.595492 0.790658 0.652437 0.657129 -0.377501
-12.504341 -33.363277 326.480668 1708.912266 -0.310209 0.896955 0.315028 0.040580 0.343567 -0.938251 0.949802 0.278270 0.142976
-11.071562 -32.869650 289.596653 1923.606690 -0.341483 0.888947 0.305225 0.027390 0.334020 -0.942168 0.939489 0.313374 0.138411
-11.306564 -35.645166 348.016544 386.781920 -0.350939 0.882475 0.313177 0.112322 0.371705 -0.921531 0.929637 0.288224 0.229568
-11.868648 -28.027104 501.761263 2737.919760 -0.328254 0.901359 0.282491 -0.032995 0.287938 -0.957080 0.944013 0.323486 0.064777
-14.353226 -28.021278 957.531295 2273.989631 -0.301291 0.908097 0.290831 -0.023192 0.297935 -0.954304 0.953250 0.294269 0.068704
1825.737522 -33.101218 1350310.004515 -8670.127966 0.159965 0.863113 -0.479007 0.976142 -0.210492 -0.053297 -0.146829 -0.459053 -0.876191
2243.232938 -10.828233 1852956.654777 -11277.069717 0.144978 0.800107 -0.582074 0.972411 -0.223879 -0.065540 -0.182753 -0.556514 -0.810490
1646.224452 -28.382268 1223867.096995 -10602.446815 0.117937 0.809703 -0.574867 0.981967 -0.181231 -0.053809 -0.147753 -0.558154 -0.816476
7.544289 -250.935941 -786.549157 -8536.166809 -0.132060 0.990797 -0.029691 -0.216080 -0.058008 -0.974651 0.967403 0.122297 -0.221752
4.404425 -218.572696 -489.136580 6684.038176 -0.118121 0.991417 -0.056033 -0.428174 -0.101765 -0.897948 0.895943 0.082075 -0.436520
5.034470 -208.013865 -690.318404 2407.732563 -0.099688 0.995016 0.002421 -0.197696 -0.017422 -0.980109 0.975181 0.098184 -0.198447
-28.029774 -591.870269 2279.491437 209925.580235 0.918524 -0.006630 -0.395309 -0.351903 -0.469463 -0.809795 0.180214 -0.882927 0.433546
-38.615129 -415.980932 -3267.314744 168124.209638 0.929418 -0.067470 -0.362810 -0.367350 -0.262849 -0.892168 0.035170 -0.962475 0.269081
-27.139871 -352.065638 5137.229072 135814.980213 0.879735 0.039897 -0.473787 -0.457022 -0.203883 -0.865773 0.131139 -0.978182 0.161129
-46.764206 -59.828220 -2724.287442 1003.642213 0.803071 -0.173149 -0.570172 0.465598 0.779488 0.419068 -0.371881 0.602012 -0.706602
-46.200769 -60.299437 -3357.403102 -2031.975895 0.806478 -0.096522 -0.583332 0.355455 0.867543 0.347881 -0.472487 0.487907 -0.733964
-41.529097 -57.397227 -3228.674141 858.476771 0.666553 -0.220780 -0.712014 0.597551 0.729295 0.333260 -0.445691 0.647600 -0.618041
-50.088316 -62.620185 -2903.838683 -2429.766946 0.890820 -0.065566 -0.449601 0.251867 0.894841 0.368542 -0.378158 0.441544 -0.813656
-45.194047 -59.483800 -2819.313640 4245.992372 0.745276 -0.258368 -0.614663 0.607371 0.643393 0.465990 -0.275073 0.720619 -0.636430
-50.618948 -62.346159 -1168.608482 1660.627404 0.894989 -0.152023 -0.419384 0.356862 0.808105 0.468632 -0.267663 0.569083 -0.777497
74.755131 -25.115820 20591.872576 -768.294626 -0.183728 0.982832 -0.016922 -0.243505 -0.028828 0.969471 -0.952339 -0.182239 -0.244621
61.777887 -22.448320 14517.868867 -1374.934214 -0.237089 0.971313 0.018445 -0.287024 -0.088173 0.953857 -0.928119 -0.220855 -0.299695
44.919097 -21.449596 15355.444951 -2160.555923 -0.092707 0.993044 -0.072585 -0.301283 0.041504 0.952631 -0.949017 -0.110184 -0.295340
44.444543 -109.632311 -1946.856054 15233.870061 0.634609 0.461723 0.619744 -0.520270 -0.337745 0.784377 -0.571480 0.820208 -0.025885
43.046023 -113.696841 -612.875551 -13644.702460 0.525105 0.481162 0.701960 0.625327 0.341338 -0.701751 -0.577261 0.807448 -0.121645
25.880056 -115.058178 -1859.139683 -2182.568878 0.606060 0.473815 0.638898 0.683029 0.101622 -0.723287 -0.407630 0.874741 -0.262041
28.417287 -112.501500 610.575547 4293.161535 0.706995 0.434126 0.558295 -0.579400 -0.097115 0.809237 -0.405530 0.895602 -0.182873
14.853872 -112.846887 -3160.944907 8988.325097 0.651067 0.470608 0.595516 0.712187 -0.107436 -0.693720 -0.262490 0.875777 -0.405109
10.127677 -111.675075 513.847350 11797.085437 0.574810 0.470629 0.669404 0.795392 -0.129193 -0.592166 -0.192208 0.872821 -0.448596
-15.896030 -35.480457 1990.518983 -734.604524 -0.359244 0.903833 0.232443 0.047892 -0.230887 0.971801 -0.932014 -0.360246 -0.039658
-11.693123 -36.815741 1709.069904 -2839.512872 -0.333317 0.924524 0.184812 0.002665 -0.195097 0.980780 -0.942811 -0.327403 -0.062565
-14.295661 -31.875662 1930.324117 -2599.887671 -0.355266 0.866136 0.351561 0.027027 -0.366421 0.930057 -0.934374 -0.339919 -0.106768
-19.289058 -32.264657 1558.124513 -894.156340 -0.369003 0.781345 0.503326 0.131677 -0.492132 0.860504 -0.920053 -0.383805 -0.078714
1.628421 -54.520698 -57.809476 -2432.287832 0.134546 0.990432 -0.030679 -0.896546 0.134861 0.421921 -0.422022 0.029262 -0.906113
2.202205 -51.239338 179.301651 -771.258822 0.158397 0.986988 -0.027667 -0.945461 0.159691 0.283905 -0.284629 0.018812 -0.958453
1.585634 -56.717920 79.745954 -2767.867806 0.122720 0.992342 -0.014038 -0.892402 0.116528 0.435935 -0.434232 0.040970 -0.899869
25.098644 -120.323536 1233.428496 -7433.514681 0.368915 -0.888557 -0.272706 0.913192 0.401164 -0.071752 0.173156 -0.222562 0.959418
30.017884 -120.086384 -942.505137 -7579.792022 0.461942 -0.867312 -0.185418 0.876874 0.477984 -0.051213 0.133044 -0.138931 0.981324
34.484625 -126.758091 -783.974075 3487.784917 -0.381330 0.888046 0.256831 0.836412 0.449757 -0.313262 0.393702 -0.095360 0.914278
21.298494 -125.711922 -4635.792856 3099.103255 -0.263033 0.903050 0.339581 0.870038 0.374134 -0.321024 0.416950 -0.211008 0.884098
32.092522 -129.733888 -5878.225985 11388.748592 -0.259846 0.905276 0.336087 0.744097 0.409539 -0.527824 0.615467 -0.112928 0.780030
45.717788 -128.726845 646.850044 11860.618935 -0.412091 0.879817 0.236862 0.714997 0.473395 -0.514466 0.564765 0.042651 0.824149
8.890719 -85.640681 1061.036609 350.018100 -0.529157 0.848226 0.022496 0.724110 0.437590 0.533085 -0.442332 -0.298376 0.845762
9.221413 -84.111460 866.609460 -759.418793 -0.521457 0.851272 0.058465 0.637911 0.343419 0.689299 -0.566703 -0.396736 0.722114
6.328674 -81.240414 795.499004 -2320.260830 -0.520396 0.853380 0.030493 0.616773 0.350936 0.704581 -0.590575 -0.385468 0.708968
12.998329 -59.170378 42260.465815 4181.279114 0.939672 -0.231153 0.252162 -0.336923 -0.752893 0.565363 -0.059165 0.616214 0.785353
14.180058 -69.961006 39142.115331 7962.458500 0.988946 -0.100193 0.109303 -0.148263 -0.658607 0.737737 0.001928 0.745787 0.666181
-4.930174 -75.542292 23166.942289 8782.264110 0.990304 -0.048103 0.130321 -0.129149 -0.664350 0.736179 -0.051166 0.745872 0.664121
-9.122158 -65.240866 17306.433946 4814.598115 0.924509 -0.231718 0.302637 -0.365731 -0.762902 0.533125 -0.107347 0.603562 0.790056
-24.125391 -80.878189 -4728.335632 9206.764411 0.985067 0.016706 0.171360 -0.115979 -0.671206 0.732142 -0.127249 0.741083 0.659245
-17.500726 -94.059814 -2165.677668 5541.127952 0.993979 0.105468 0.029690 0.023194 -0.467369 0.883758 -0.107084 0.877749 0.467002
12.897510 -28.401131 -542.480947 2027.692253 0.033285 0.999047 -0.028242 0.069473 0.025876 0.997248 -0.997028 0.035156 0.068546
15.775039 -26.288958 -2268.499126 3989.597982 0.027091 0.995596 -0.089744 0.105880 0.086414 0.990617 -0.994010 0.036339 0.103072
16.290415 -33.056171 -1126.886507 746.684125 0.011863 0.997314 -0.072275 0.069564 0.071282 0.995027 -0.997507 0.016832 0.068532
11.244757 -25.059879 -56.393802 2544.471408 0.052929 0.997262 -0.051652 0.118329 0.045097 0.991950 -0.991563 0.058615 0.115618
5.654000 -27.284976 6407.046409 1827.976502 0.088624 0.996046 0.006205 0.092682 -0.014449 0.995591 -0.991744 0.087658 0.093596
-7.525252 -34.242501 3659.626877 1107.631015 -0.516013 -0.195811 0.833900 -0.341534 0.939823 0.009344 -0.785548 -0.279984 -0.551837
-9.757673 -27.406726 -2277.593369 1447.241556 -0.297828 -0.663537 0.686307 -0.538310 0.710461 0.453285 -0.788366 -0.234445 -0.568784
-17.052187 -30.429458 3481.327600 550.779757 -0.467701 -0.356523 0.808794 -0.444222 0.885895 0.133630 -0.764148 -0.296785 -0.572709
12.429865 -24.557016 -3927.119415 2844.385609 -0.119466 0.992820 -0.006102 -0.467321 -0.050808 0.882627 -0.875979 -0.108295 -0.470035
7.828396 -32.093280 -1531.424297 3374.545562 -0.140059 0.989548 0.034329 -0.508727 -0.101662 0.854904 -0.849459 -0.102273 -0.517648
10.691331 -32.405031 -3230.340318 2987.414311 -0.142179 0.989323 0.032028 -0.522476 -0.102490 0.846472 -0.840716 -0.103616 -0.531470
2.836584 -156.262922 -915.338749 4737.444855 0.969897 0.022571 -0.242466 0.205734 -0.608644 0.766306 0.130279 0.793122 0.594966
4.514576 -162.211473 -997.854642 7934.461680 0.973032 0.013873 -0.230254 0.186591 -0.634218 0.750301 0.135622 0.773030 0.619703
2.700218 -144.874611 -646.834911 4496.275302 0.975530 -0.005595 -0.219795 0.146159 -0.730310 0.667297 0.164252 0.683093 0.711622
5.230627 -174.363564 -782.711378 7538.490939 0.964967 0.031788 -0.260437 0.244558 -0.468476 0.848953 0.095022 0.882904 0.459838
-0.795174 -136.341613 -1300.767864 5711.018469 0.978596 0.002753 -0.205774 0.133453 -0.769649 0.624365 0.156655 0.638462 0.753542
-0.218985 -148.351673 -1903.713867 5180.838604 0.968642 0.045998 -0.244167 0.224633 -0.582072 0.781494 0.106176 0.811835 0.574152
3.672288 -164.239380 -1397.795282 4236.366329 0.961582 0.049282 -0.270059 0.264373 -0.431228 0.862641 0.073944 0.900896 0.427690
8.487664 -261.626815 -6171.183668 -7843.829225 0.941203 -0.241548 -0.236201 -0.268387 -0.109952 -0.957016 -0.205194 -0.964140 0.168315
-1.188996 -280.090774 -1110.442528 942.104247 0.944662 -0.225253 -0.238484 -0.255245 -0.048039 -0.965682 -0.206066 -0.973115 0.102875
6.843826 -250.659778 -3617.977885 -30508.064466 0.948172 -0.223073 -0.226294 -0.290946 -0.323152 -0.900513 -0.127753 -0.919680 0.371306
23.817644 -259.076406 -12042.336137 -31037.536752 0.938485 -0.263161 -0.223589 -0.313449 -0.377503 -0.871345 -0.144899 -0.887828 0.436768
-0.477753 -81.445262 -604.353383 -789.647540 -0.918985 0.056757 0.390186 -0.009217 0.986223 -0.165166 -0.394185 -0.155382 -0.905801
1.556292 -82.518400 -1512.684907 -428.829194 -0.925062 0.029903 0.378637 0.009642 0.998423 -0.055296 -0.379693 -0.047501 -0.923892
-0.372968 -82.049494 -911.795079 1008.542246 -0.922258 0.054681 0.382688 -0.043407 0.969036 -0.243073 -0.384130 -0.240787 -0.891328
-18.989328 -39.031143 -1606.450611 1380.211706 -0.426127 0.867485 -0.256681 -0.651648 -0.491141 -0.578044 0.627512 0.079054 -0.774584
-15.520159 -41.436671 -1868.313061 2436.372929 -0.548860 0.736607 -0.395174 -0.468659 -0.662619 -0.584204 0.692179 0.135444 -0.708903
-15.245170 -35.663008 -383.645503 2137.156144 -0.524064 0.754581 -0.394925 -0.506615 -0.648938 -0.567645 0.684615 0.097408 -0.722367
-21.171882 -37.872268 669.772762 1429.921826 0.472400 0.713759 0.517095 -0.391323 0.695539 -0.602571 0.789750 -0.082303 -0.607883
-18.545399 -34.252645 2868.167015 1528.480161 0.361224 0.802254 0.475296 -0.486970 0.596982 -0.637552 0.795222 0.001156 -0.606317
-20.999898 -39.484925 2183.290839 1387.917235 0.427702 0.717192 0.550188 -0.327091 0.690218 -0.645454 0.842664 -0.096100 -0.529795
14.832720 -415.144331 -4744.552535 -157570.658104 -0.267699 0.963493 0.004331 0.762633 0.214635 -0.610182 0.588836 0.160042 0.792249
3.727126 -322.093766 -1282.857269 -39692.807068 -0.328609 0.944423 0.009015 0.474419 0.173311 -0.863070 0.816666 0.279336 0.505003
-1.118109 -255.280912 196.802914 -20241.314101 -0.355798 0.932605 0.060453 0.611866 0.281352 -0.739230 0.706418 0.226027 0.670734
-12.938031 -6026.014016 -163594.384403 5347707.538814 0.996761 0.074998 -0.029040 -0.080231 0.902291 -0.423596 0.005567 -0.424554 -0.905386
1271.433887 -4159.894385 1092236.575911 -688274.437501 0.934868 0.346983 0.075003 -0.263572 0.819969 -0.508114 0.237807 -0.455251 -0.858018
15242.106961 -76643.433837 -11304037.810755 -101414977.568982 -0.963389 -0.184881 -0.194164 -0.183728 0.982682 -0.024091 0.195256 0.012465 -0.980673
517.491724 -2552.839346 216816.015601 -713644.369628 0.440799 0.326126 0.836264 -0.490699 0.867674 -0.079726 -0.751606 -0.375211 0.542500
188.588905 -1297.126681 168067.673060 304922.102172 0.989935 0.131607 0.052040 -0.141521 0.922054 0.360261 0.000571 0.364000 -0.931399
0.434053 -132.401420 572.544439 -32687.073703 0.863132 0.500266 0.068825 -0.191641 0.198409 0.961201 -0.467201 0.842833 -0.267124
3.496473 -233.147009 1730.722601 -61055.391485 0.880118 0.474242 0.022052 -0.026017 0.001799 0.999660 -0.474041 0.880393 -0.013922
4.423550 -206.607403 2203.572000 -50441.580295 0.869941 0.488451 0.067954 -0.159438 0.148175 0.976025 -0.466671 0.859919 -0.206781
2.060115 -95.681507 543.061515 -15930.353262 0.827805 0.517284 0.217154 -0.378629 0.229509 0.896641 -0.413979 0.824465 -0.385848
5.275667 -141.491160 1522.354102 -28035.960261 0.843223 0.506420 0.180316 -0.348534 0.259661 0.900611 -0.409266 0.822262 -0.395457
16.590927 -230.570900 3859.272943 -49669.351947 0.854815 0.507733 0.107236 -0.163771 0.067863 0.984161 -0.492413 0.858838 -0.141162
31.954806 -1012.308582 -14790.997510 -430100.979411 0.968780 0.050598 0.242705 0.233270 0.145538 -0.961459 0.083971 -0.988058 -0.129191
-12.667890 -1210.477179 -4718.726287 -455137.780287 0.921769 0.024772 0.386948 0.377820 0.166912 -0.910710 0.087146 -0.985661 -0.144495
4.369671 -312.595992 -10355.569550 -125737.207746 0.959573 0.015442 0.281035 0.281213 -0.010831 -0.959584 0.011773 -0.999822 0.014736
2.513211 -484.404152 -10674.623202 -126990.159371 0.959105 0.081461 0.271075 0.210124 0.436748 -0.874699 0.189646 -0.895888 -0.401770
-19.234664 -39.802456 -674.175259 -1396.846046 -0.362039 0.931840 -0.024529 -0.921316 -0.353700 0.161473 -0.141791 -0.081058 -0.986572
-18.043321 -39.075446 484.327836 -104.278290 -0.276321 0.960929 -0.016178 -0.954392 -0.272383 0.122247 -0.113064 -0.049220 -0.992368
-18.958875 -40.773310 -1263.683184 423.491139 -0.349580 0.934860 -0.061890 0.933124 0.341478 -0.112571 -0.084104 -0.097104 -0.991714
-48.677025 -95.034431 -284.509737 14976.729049 0.468583 -0.872096 0.140990 0.883418 0.462901 -0.072772 -0.001800 0.158653 0.987333
-49.755864 -75.953199 1031.379775 4193.260782 0.000467 -0.972733 0.231926 0.998779 0.011910 0.047943 -0.049398 0.231621 0.971551
-57.090889 -84.962590 -331.699462 5024.892877 0.345244 -0.914255 0.212002 0.925268 0.369390 0.086195 -0.157115 0.166400 0.973461
-42.646776 -68.777823 1270.585087 5708.035809 -0.256314 -0.918949 0.299728 0.965347 -0.259109 0.031108 0.049075 0.297315 0.953517
9.838312 -18.291108 -11548.593992 -9173.015825 0.424790 0.901467 0.083125 0.357779 -0.082825 -0.930126 0.831593 -0.424849 0.357710
9.425567 -35.751452 -11222.351049 -9968.268889 0.507021 0.851887 -0.131219 0.185072 -0.256285 -0.948718 0.841830 -0.456735 0.287602
-9.830014 -26.415778 -7429.120643 -9626.668121 0.530163 0.774276 -0.345577 0.098423 -0.461013 -0.881918 0.842164 -0.433548 0.320619
10.549946 -17.767606 -17970.195012 -10827.903821 0.320797 -0.303484 -0.897211 0.490744 0.863466 -0.116604 0.810098 -0.402895 0.425930
15.151647 -36.811850 -21054.861375 -10778.527546 0.457185 0.029015 -0.888898 0.346324 0.914769 0.207984 0.819171 -0.402934 0.408170
-27.990258 -45.655470 -4794.040704 -5781.840032 0.443976 0.863824 -0.238103 0.140026 -0.329350 -0.933767 0.885030 -0.381230 0.267181
-34.401838 -69.471421 1467.656224 583.777952 0.305281 0.950155 -0.063321 -0.156859 -0.015411 -0.987501 0.939255 -0.311397 -0.144336
-37.890612 -62.815441 -1088.982545 -4079.481174 0.176315 0.970223 -0.166074 -0.006705 -0.167529 -0.985844 0.984311 -0.174933 0.023032
-17.680543 -32.251165 -2533.073105 -1117.749411 0.185829 0.977233 0.102392 0.764568 -0.078356 -0.639763 0.617174 -0.197172 0.761721
-16.357135 -36.202070 -2785.988146 -843.995726 0.361408 0.930124 -0.065222 0.629628 -0.295043 -0.718692 0.687716 -0.218675 0.692263
-24.675543 -27.399380 2690.324031 -99.572460 -0.121626 0.961924 0.244763 0.810134 0.238681 -0.535458 0.573490 -0.133165 0.808317
-0.749131 -71.721927 -2328.338493 7133.721749 0.888977 -0.062062 0.453727 0.294264 0.836574 -0.462116 0.350897 -0.544327 -0.761958
-3.131190 -84.432502 -2497.330612 8201.388157 0.897022 -0.039196 0.440245 0.295643 0.793636 -0.531730 0.328552 -0.607129 -0.723497
2.092960 -91.366160 -5272.054935 8319.928559 0.919748 -0.001724 0.392506 0.280903 0.701336 -0.655150 0.274149 -0.712829 -0.645537
26.183014 -45.614111 3333.147807 1842.334686 -0.290642 0.936171 -0.197764 0.441913 -0.051988 -0.895550 0.848670 0.347679 0.398596
-2.120973 -63.770693 -275.867569 -453.282353 0.482979 0.869060 -0.107082 0.657442 -0.440682 -0.611203 0.578361 -0.224798 0.784196
0.119585 -57.337391 850.195687 -866.270048 0.414121 0.906889 -0.077820 0.776679 -0.396651 -0.489323 0.474629 -0.142198 0.868623
0.917287 -144.142520 -306.003155 -7039.696935 -0.292782 0.955518 0.035566 0.333265 0.067111 0.940442 -0.896222 -0.287197 0.338089
-9.448141 -43.843803 -1009.126808 -562.021732 0.588901 0.781605 -0.205644 0.645256 -0.607908 -0.462702 0.486663 -0.139793 0.862333
-6.904409 -47.250901 -422.620313 -728.126383 0.570955 0.803455 -0.168730 0.661928 -0.572091 -0.484316 0.485655 -0.164836 0.858468
-5.745779 -45.617630 -510.246395 -420.714871 0.620827 0.741685 -0.253922 0.492905 -0.621169 -0.609256 0.609605 -0.253084 0.751219
-9.350218 -44.949282 -829.361836 -388.222077 0.535869 0.831861 -0.144398 0.773124 -0.552195 -0.312027 0.339299 -0.055568 0.939036
-10.778303 -41.108346 -906.180236 -50.833572 0.638874 0.703522 -0.311282 0.488796 -0.683661 -0.541928 0.594070 -0.194071 0.780652
-11.525690 -40.582966 -699.560359 -607.326057 0.521265 0.828896 -0.203013 0.756813 -0.558930 -0.338868 0.394356 -0.022997 0.918670
-13.064156 -38.165630 -768.342201 -271.247751 0.572459 0.771672 -0.277152 0.634188 -0.630963 -0.446867 0.519708 -0.080046 0.850586
26.530654 -55.382148 544.468191 6687.159762 0.518519 0.838447 -0.167763 0.774738 -0.543699 -0.322757 0.361827 -0.037383 0.931495
24.612948 -49.272169 1839.584398 6885.731564 0.474787 0.858205 -0.195092 0.780697 -0.513021 -0.356821 0.406312 -0.017107 0.913574
25.939800 -37.247923 1717.354428 7195.491446 0.447091 0.875967 -0.181082 0.759726 -0.478728 -0.440041 0.472151 -0.059166 0.879530
14.572528 -52.740325 744.030625 2009.043624 -0.086885 0.994716 -0.054686 0.843470 0.044242 -0.535351 0.530103 0.092640 0.842857
8.593616 -51.342086 2024.268403 246.138323 -0.125468 0.988218 -0.087650 0.891060 0.073404 -0.447912 0.436200 0.134300 0.889771
-8.095281 -164.954805 -1678.333473 33576.802257 0.937707 0.101935 0.332136 0.243952 0.487493 -0.838355 0.247372 -0.867156 -0.432258
-9.900247 -156.555271 585.316553 22242.226277 0.924344 0.131623 0.358139 0.235599 0.541430 -0.807061 0.300135 -0.830379 -0.469457
-2.506968 -113.901025 -1273.345406 8490.112429 0.878393 -0.147575 0.454585 0.223475 0.967576 -0.117709 -0.422475 0.204983 0.882891
0.207433 -107.713576 38.307945 6091.196935 0.881861 -0.142093 0.449589 0.209125 0.972466 -0.102847 -0.422596 0.184717 0.887295
-9.372304 -111.575903 612.640778 12746.918726 0.930924 -0.013132 0.364976 -0.232538 -0.791909 0.564629 -0.281613 0.610498 0.740261
-11.647025 -107.833348 69.605726 12464.043899 0.928337 0.012643 0.371525 -0.223432 -0.779776 0.584831 -0.297100 0.625930 0.721070
-9.662745 -101.040064 -561.022628 7074.495966 0.939922 0.044881 0.338425 -0.127469 -0.873487 0.469863 -0.316698 0.484774 0.815289
34.814914 -101.202288 3186.179793 -8662.611333 0.824891 -0.338465 0.452766 -0.366922 0.288709 0.884316 0.430028 0.895594 -0.113964
38.252096 -94.844664 2856.134466 -8895.053395 0.804314 -0.265760 0.531460 -0.425289 0.367164 0.827236 0.414979 0.891382 -0.182291
24.815519 -88.959479 1239.284192 -10916.725213 0.829475 -0.331059 0.449856 -0.268704 0.469563 0.841017 0.489662 0.818481 -0.300534
19.009445 -77.741022 -3202.507428 -9411.527306 0.822057 -0.232886 0.519602 -0.331479 0.546235 0.769253 0.462973 0.804607 -0.371839
20.395971 -92.698583 660.724636 -10968.558920 0.845158 -0.378360 0.377561 -0.214561 0.406811 0.887958 0.489563 0.831474 -0.262638
14.654123 -74.397041 1247.207719 -7781.609147 0.836473 -0.375178 0.399444 -0.150291 0.543900 0.825582 0.526997 0.750609 -0.398572
11.406469 -69.971821 -491.178302 -7726.096714 0.836713 -0.312840 0.449492 -0.190931 0.602636 0.774839 0.513281 0.734139 -0.444503
0.795211 -37.908484 -6296.166277 -2555.685708 0.771296 0.632889 0.067481 0.455344 -0.622764 0.636260 -0.444707 0.460018 0.768518
10.161369 -38.071244 -3083.182967 -1290.111736 0.793882 0.606953 0.036860 0.472085 -0.653415 0.591763 -0.383257 0.452389 0.805269
12.932055 -35.911617 -3096.034544 1276.071953 0.810177 0.583625 0.054736 0.429714 -0.654830 0.621727 -0.398698 0.480187 0.781319
1.566356 -242.134005 -203.278243 -61161.474873 0.912203 0.220191 0.345545 0.400862 -0.654180 -0.641371 -0.084825 -0.723577 0.685012
51.084552 -256.080778 28614.355515 53933.068818 0.878581 -0.369590 -0.302486 -0.475183 -0.740020 -0.475997 0.047922 -0.561938 0.825790
76.954985 -46.720410 1344.763082 -4312.470949 -0.742816 -0.376256 -0.553765 -0.018714 0.838483 -0.544606 0.669234 -0.394178 -0.629880
97.111350 -41.887403 5787.903162 -1309.315838 -0.755769 -0.406488 -0.513401 0.017470 0.771217 -0.636332 0.654605 -0.489889 -0.575761
81.123991 -40.087003 -18359.303210 -685.563572 -0.596494 -0.508489 -0.620994 -0.017955 0.781971 -0.623056 0.802416 -0.360500 -0.475571
62.625181 -43.236313 -14733.868431 -1784.664050 -0.559660 -0.510066 -0.653157 -0.094481 0.822281 -0.561183 0.823319 -0.252361 -0.508389
-11.332444 -34.488460 27.068954 980.170045 -0.374170 0.884951 0.277234 0.083566 0.329909 -0.940307 0.923587 0.328667 0.197394
-10.507481 -30.195792 402.271739 2573.812444 -0.366972 0.891046 0.267151 -0.000410 0.287032 -0.957921 0.930232 0.351640 0.104967
-16.646123 -31.489092 180.702351 120.426735 0.465305 0.813858 -0.348032 0.626741 -0.580580 -0.519734 0.625050 -0.023709 0.780225
-13.460408 -29.381007 2681.103967 127.378696 0.243679 0.929098 -0.278203 0.708310 -0.366433 -0.603344 0.662509 0.050032 0.747381
-11.949143 -30.509853 2061.244767 473.364363 0.277084 0.921119 -0.273432 0.752072 -0.385024 -0.534925 0.598007 0.057421 0.799431
4.654157 -272.267817 -311.298523 26533.162912 -0.146926 0.986553 -0.071594 -0.500409 -0.136568 -0.854950 0.853231 0.089788 -0.513746
3.709131 -204.475463 -512.140838 13326.112340 -0.148374 0.981264 -0.122910 -0.636321 -0.189871 -0.747693 0.757021 0.032728 -0.652571
8.768970 -313.709773 -649.605907 -16384.807984 -0.171097 0.983458 -0.059466 -0.256715 -0.102770 -0.961008 0.951222 0.149160 -0.270052
7.881413 -335.441091 -548.287206 73727.914614 -0.174198 0.981765 -0.076110 -0.593488 -0.166352 -0.787464 0.785765 0.092004 -0.611644
4.336659 -232.008760 -388.386173 45156.755177 -0.172745 0.976799 -0.126582 -0.721308 -0.212969 -0.659059 0.670726 0.022544 -0.741362
36.743576 12.918590 -33838.907306 -47098.776280 -0.435252 -0.114795 -0.892960 0.784907 -0.534213 -0.313908 -0.440996 -0.837519 0.322620
1288.523954 -4285.186588 -422558.068829 -2978848.046672 0.716642 -0.112384 0.688327 -0.151895 0.938092 0.311306 -0.680700 -0.327648 0.655206
53869.909574 -5134.335719 -43950420.028301 -189058.747027 -0.048716 -0.813001 -0.580221 0.997973 -0.063428 0.005084 -0.040936 -0.578798 0.814443
99.825691 -2438.140864 111800.416519 -790665.833768 0.712055 0.011275 -0.702033 -0.482871 0.733738 -0.477980 -0.509719 -0.679339 -0.527906
-0.556060 -489.779820 -6625.856798 165003.699405 0.511140 -0.091833 -0.854577 0.795073 -0.327165 0.510707 -0.326488 -0.940494 -0.094213
-22.664021 -1234.467540 -3807.609205 441532.780802 0.952424 -0.041823 -0.301894 -0.264247 -0.606880 -0.749580 0.151864 -0.793692 0.589059
-38.481129 -348.451671 -560.446350 124376.652530 0.933697 -0.110269 -0.340662 -0.357749 -0.247393 -0.900451 -0.015015 -0.962620 0.270439
4.155959 -136.083994 -2983.789177 -11536.472574 0.914649 -0.004373 -0.404225 -0.404077 -0.039000 -0.913893 0.011768 -0.999230 0.037438
4.804015 -174.053201 -4535.619325 -34537.962163 0.958383 -0.048015 -0.281419 -0.270801 0.159181 -0.949383 -0.090381 -0.986081 -0.139554
-7.283144 -209.018027 -2894.771638 -44738.029328 0.961560 -0.021706 -0.273736 -0.270972 0.086407 -0.958701 -0.044462 -0.996023 -0.077204
-5.755701 -161.176923 -3171.222168 -9974.195358 0.901823 0.018280 -0.431719 -0.427145 -0.113241 -0.897064 0.065287 -0.993399 0.094315
-23.788424 -251.097622 -5783.780629 -52262.309068 0.964048 -0.029225 -0.264117 -0.260982 0.082883 -0.961779 -0.049999 -0.996131 -0.072276
-40.889421 -58.509234 2093.661523 -830.945611 -0.708817 0.141180 0.691119 0.456161 0.839072 0.296439 -0.538047 0.525383 -0.659149
-48.921060 -59.851467 1575.598194 -2090.518976 -0.879656 0.029938 0.474667 0.188311 0.938381 0.289793 -0.436743 0.344303 -0.831090
90.693651 -1008.018664 4110.356433 -561479.065825 0.150988 0.984845 -0.085336 0.012546 0.084410 0.996352 -0.988456 0.151508 -0.000389
83.525998 -239.742653 36452.163919 -141324.315810 0.228276 0.936729 -0.265383 0.152780 0.234738 0.959977 -0.961534 0.259685 0.089528
37.338611 -1019.829093 66290.062877 -415973.320939 0.368759 0.920490 -0.129289 0.095327 0.100908 0.990318 -0.924624 0.377513 0.050537
16.831187 -23.716544 7261.191317 -3127.933450 0.003651 0.968488 -0.249034 -0.309914 0.237870 0.920528 -0.950758 -0.073818 -0.301016
0.778572 -27.423206 2217.008241 -3719.603050 0.041594 0.923094 -0.382318 -0.307802 0.375877 0.874056 -0.950541 -0.081323 -0.299765
15.641727 -29.479159 7547.060306 -3118.670238 0.030820 0.961598 -0.272726 -0.259497 0.271197 0.926884 -0.965252 -0.042205 -0.257890
67.017663 -89.317826 -7447.589913 14960.709669 0.506111 0.512348 0.693795 -0.473883 -0.506928 0.720041 -0.720616 0.693198 0.013769
58.885956 -99.654434 4542.924105 -12476.454161 0.444694 0.491423 0.748833 0.586133 0.472514 -0.658163 -0.677270 0.731597 -0.077915
40.496723 -115.537899 7520.248477 -12311.476210 0.456247 0.469372 0.755995 0.702236 0.331881 -0.629857 -0.546537 0.818257 -0.178190
-12.086419 -39.529063 1619.762811 -2329.263028 -0.334920 0.937586 0.093597 0.037591 -0.085959 0.995589 -0.941496 -0.336961 0.006455
-10.176430 -40.194968 823.880999 -2493.718938 -0.312564 0.945523 0.091052 0.032158 -0.085267 0.995839 -0.949352 -0.314191 0.003755
-8.945791 -35.893844 595.424334 -2628.973119 -0.320704 0.942778 0.091202 -0.039087 -0.109379 0.993231 -0.946373 -0.314968 -0.071929
7.032562 -46.163365 -360.753038 -864.017592 0.420519 0.907000 -0.022694 -0.269840 0.101148 -0.957578 0.866227 -0.408804 -0.287279
6.035878 -47.450670 243.910860 -1017.989986 0.370402 0.928520 -0.025546 -0.290342 0.089610 -0.952718 0.882329 -0.360305 -0.302780
4.998391 -50.416033 -280.183472 -1786.642545 0.404236 0.913685 -0.042111 -0.412944 0.141228 -0.899740 0.816131 -0.381097 -0.434391
6.730498 -44.878797 518.408985 176.535537 0.379227 0.925143 0.017268 -0.142910 0.076998 -0.986736 0.914201 -0.371729 -0.161412
10.511798 -42.799134 727.138949 45.591859 0.418248 0.908109 0.020179 -0.114149 0.074587 -0.990660 0.901132 -0.412038 -0.134856
21.175401 -107.672245 -64.649610 -8694.214176 0.441799 -0.874293 -0.201061 0.895269 0.415309 0.161282 -0.057506 -0.251258 0.966210
20.502557 -106.852371 -775.519047 -6056.101129 0.511812 -0.851284 -0.115603 0.855337 0.492360 0.161185 -0.080296 -0.181376 0.980130
26.617910 -117.925602 -2615.837568 -8121.137699 0.538135 -0.838041 -0.089987 0.840959 0.541017 -0.009387 0.056551 -0.070624 0.995899
-1.244944 -81.045432 646.443670 -2774.663610 -0.503938 0.863737 0.002011 0.693897 0.403458 0.596430 -0.514347 -0.301959 0.802663
-3.630910 -82.948853 366.230472 -4239.828793 -0.479558 0.876783 0.035714 0.702452 0.359179 0.614453 -0.525914 -0.319753 0.788145
-3.580426 -91.267444 857.018274 -1729.237954 -0.490941 0.871181 0.004543 0.793612 0.445066 0.414845 -0.359383 -0.207270 0.909881
-1.192176 -74.833910 253.998445 -5740.383736 -0.500694 0.865371 0.020948 0.566838 0.309484 0.763488 -0.654217 -0.394148 0.645482
0.114297 -89.244694 1087.086465 -707.472209 -0.516184 0.856264 -0.019131 0.781260 0.479888 0.399175 -0.350980 -0.191102 0.916675
1.089952 -75.691039 417.984240 -4606.650370 -0.514600 0.857420 0.004265 0.575476 0.341689 0.743018 -0.635621 -0.384812 0.669258
1.927754 -81.260354 854.744275 -1151.758659 -0.521569 0.853074 -0.015192 0.695685 0.435515 0.571269 -0.493951 -0.287387 0.820622
40.247002 -51.542123 37329.679427 4095.599585 0.948384 -0.176397 0.263539 -0.303640 -0.744856 0.594131 -0.091496 0.643485 0.759971
13.786068 -28.277715 -63.702971 3470.630094 0.011157 0.992800 -0.119261 0.109219 0.117345 0.987067 -0.993955 0.024039 0.107123
13.534899 -22.941148 325.499564 4056.379542 0.024677 0.988945 -0.146216 0.145326 0.141158 0.979262 -0.989076 0.045415 0.140236
