15633
31254
-55.347703 -90.291382 307.557637 9395.721294 0.783806 0.026223 -0.620452 -0.441310 -0.679412 -0.586213 0.436914 -0.733289 0.520954
-56.315355 -93.839151 -2678.720621 16507.450993 0.931415 0.221560 -0.288750 -0.107507 -0.590477 -0.799862 0.347717 -0.776046 0.526161
-50.665142 -75.400286 810.076328 9985.108771 0.708001 -0.066472 -0.703076 -0.601839 -0.577671 -0.551440 0.369491 -0.813558 0.448997
-43.920387 -67.070214 -2466.281938 11307.060422 0.784175 -0.055507 -0.618053 -0.555565 -0.506494 -0.659402 0.276439 -0.860455 0.428018
-50.617451 -83.104413 -864.789108 8580.903942 0.632563 -0.062384 -0.771992 -0.606736 -0.659436 -0.443865 0.481389 -0.749168 0.454986
-40.230999 -62.611168 885.935232 -4653.258545 0.394466 -0.227702 -0.890252 0.853041 0.450934 0.262642 0.341641 -0.863024 0.372117
-46.188299 -70.184443 1086.243842 -6491.512384 0.456172 -0.171504 -0.873208 0.782896 0.543840 0.302178 0.423061 -0.821477 0.382355
70.248456 -106.218661 19069.216709 -6548.354179 -0.714652 0.176420 0.676866 -0.238462 0.848254 -0.472864 -0.657577 -0.499341 -0.564137
93.621386 -121.286193 11797.367006 -7820.090333 -0.805478 0.110424 0.582248 -0.188407 0.883799 -0.428254 -0.561880 -0.454649 -0.691076
66.052210 -117.327721 23416.658528 -5081.337991 -0.681159 0.140483 0.718531 -0.145041 0.936074 -0.320513 -0.717625 -0.322537 -0.617240
24.643886 -406.161789 69252.329544 -185134.259166 0.726156 0.136449 -0.673854 0.113401 0.942914 0.313134 0.678113 -0.303800 0.669229
47.689986 -200.203741 6167.705380 37572.897893 0.855661 -0.049076 -0.515205 -0.017174 0.992253 -0.123041 0.517252 0.114130 0.848189
2.128101 -553.192119 80525.981752 286830.972267 0.720571 -0.176454 -0.670553 -0.180600 0.885936 -0.427202 0.669449 0.428931 0.606512
22.502125 -43.489199 -3677.955404 -5640.343218 0.999693 0.014358 0.020202 0.024063 -0.757487 -0.652407 -0.005935 -0.652692 0.757600
18.042285 -44.031067 -4589.685566 -6785.717039 0.998943 -0.045750 0.004363 -0.032614 -0.772569 -0.634093 -0.032380 -0.633280 0.773245
19.155369 -35.231609 -2728.090693 -6100.840492 0.999938 -0.010003 0.004879 -0.005060 -0.799054 -0.601238 -0.009913 -0.601176 0.799055
28.345936 -64.103052 -17425.872655 1635.291392 0.833465 -0.411521 -0.368765 0.041286 0.711871 -0.701096 -0.551028 -0.569114 -0.610309
32.913498 -64.213850 -8971.030864 6.010098 0.869146 -0.375382 -0.321984 -0.007000 0.641654 -0.766962 -0.494506 -0.668856 -0.555063
39.725556 -63.255445 -7657.102556 987.081821 0.879303 -0.365915 -0.304847 0.051572 0.709473 -0.702843 -0.473462 -0.602291 -0.642713
30.206856 -60.424543 -9050.950652 3142.886936 0.863808 -0.377840 -0.333276 0.101121 0.778057 -0.620001 -0.493569 -0.501861 -0.710300
12.244749 -62.532504 11224.918805 2803.387770 -0.834903 0.381133 0.397083 0.052109 0.772944 -0.632331 -0.547924 -0.507244 -0.665194
-18.919037 -85.817425 -1273.234629 11488.270674 0.883825 -0.077876 -0.461291 0.190252 0.960658 0.202338 0.427386 -0.266593 0.863869
-17.006060 -89.242200 -1506.081507 11409.933986 0.898061 -0.086941 -0.431194 0.189652 0.961010 0.201228 0.396887 -0.262492 0.879534
-17.303652 -79.093717 -144.609072 4162.601732 0.890554 -0.076489 -0.448400 -0.262212 -0.891822 -0.368644 0.371695 -0.445874 0.814272
-17.245870 -84.138316 1269.052894 18208.989397 0.903931 -0.081312 -0.419878 -0.316676 -0.787103 -0.529325 0.287447 -0.611439 0.737236
-17.808421 -80.737868 212.515862 15362.786506 0.893020 -0.079059 -0.443017 -0.327405 -0.789536 -0.519075 0.308740 -0.608590 0.730956
1.472190 -67.060259 258.262806 5735.198444 0.803704 -0.247902 -0.540929 -0.489696 0.240858 -0.837965 -0.338020 -0.938367 -0.072182
2.115760 -71.525608 235.430869 706.683687 0.798778 -0.245740 -0.549150 -0.481878 0.285169 -0.828536 -0.360205 -0.926440 -0.109370
1.678542 -68.476541 391.622344 6326.340133 0.792818 -0.245779 -0.557702 -0.511722 0.228576 -0.828187 -0.331028 -0.941990 -0.055448
3.067300 -69.749680 -889.273216 1396.115448 0.810399 -0.260224 -0.524916 -0.460039 0.272160 -0.845159 -0.362792 -0.926397 -0.100846
2.660130 -66.373348 -513.858111 6573.509799 0.803896 -0.256966 -0.536395 -0.491351 0.221263 -0.842387 -0.335150 -0.940750 -0.051612
12.401487 -108.593776 3067.523218 15238.850728 0.922037 -0.148195 -0.357611 -0.241969 0.500453 -0.831263 -0.302157 -0.852986 -0.425578
7.483632 -116.747397 1584.850100 11462.898167 0.942768 -0.167464 -0.288348 -0.197015 0.417920 -0.886864 -0.269024 -0.892916 -0.361009
16.475954 -109.089922 2960.537015 13202.412730 0.942663 -0.146138 -0.300049 -0.152724 0.610497 -0.777155 -0.296750 -0.778420 -0.553174
9.597165 -116.325282 1239.096309 17663.761710 0.954331 -0.178130 -0.239839 -0.120252 0.505859 -0.854193 -0.273482 -0.844024 -0.461336
14.197175 -114.218571 876.552800 13662.394593 0.960165 -0.174449 -0.218289 -0.074166 0.594072 -0.800986 -0.269410 -0.785268 -0.557469
2.425390 -131.459722 -1974.470921 -16109.357386 0.944009 -0.308588 -0.116707 -0.318255 -0.944985 -0.075614 0.086952 -0.108523 0.990284
1.816187 -163.218976 1720.610109 -20680.185153 0.938633 -0.311502 -0.148105 -0.341123 -0.901895 -0.264992 0.051030 -0.299252 0.952809
0.707726 -162.768505 -3529.312517 -20373.160725 0.938733 -0.325428 -0.113480 -0.344630 -0.889518 -0.299981 0.003320 -0.320710 0.947171
0.715696 -134.134988 -2732.865138 -16803.190461 0.946608 -0.303462 -0.108827 -0.313908 -0.944518 -0.096684 0.073450 -0.125683 0.989348
71.712491 -27.655945 -10578.624432 3490.410760 0.868797 -0.477973 0.129359 0.481035 0.876660 0.008489 -0.117462 0.054851 0.991561
58.224485 -24.770406 3919.073965 2144.381913 0.904453 -0.425974 -0.022609 0.425563 0.904688 -0.020876 0.029347 0.009260 0.999526
78.836508 -31.311837 13532.722655 265.057523 0.908908 -0.408395 -0.084260 0.411294 0.911289 0.019728 0.068728 -0.052586 0.996249
2.378664 -42.147453 2442.310806 7619.489423 0.439164 -0.638404 -0.632120 0.647087 0.712860 -0.270385 0.623228 -0.290294 0.726165
12.611225 -52.452081 6154.540207 5798.285315 0.406157 -0.660683 -0.631296 0.701317 0.668260 -0.248160 0.585825 -0.341947 0.734767
7.979024 -40.819098 -6386.608731 4720.000217 -0.329524 0.741620 0.584306 0.685436 0.613518 -0.392139 0.649300 -0.271285 0.710502
-0.007892 -32.325356 -2038.889612 6455.248158 -0.363600 0.723600 0.586684 0.660683 0.644298 -0.385198 0.656729 -0.247554 0.712337
-2.338478 -35.504111 -988.090937 7420.566432 0.500534 -0.581617 -0.641239 0.597452 0.768111 -0.230338 0.626512 -0.267817 0.731954
13.043199 -121.159139 200.834956 3862.993373 0.972413 -0.220254 -0.076821 -0.130937 -0.787938 0.601672 0.193051 0.575015 0.795041
12.956794 -117.059286 338.118982 4206.003936 0.972481 -0.223601 -0.065454 -0.142411 -0.792833 0.592566 0.184392 0.566938 0.802858
12.329613 -123.880849 -1546.525249 4366.794103 0.976330 -0.202410 -0.076224 -0.079071 -0.662054 0.745273 0.201315 0.721605 0.662388
13.402439 -123.962526 -1847.858292 3426.605372 0.971802 -0.221899 -0.079766 -0.094608 -0.676775 0.730085 0.215988 0.701952 0.678685
15.371031 -125.738712 -2251.301848 -342.657138 0.976026 -0.204317 -0.075016 -0.033666 -0.482229 0.875398 0.215033 0.851886 0.477546
-3.516268 -81.750315 -3913.794873 -1201.224132 -0.827965 -0.061484 0.557400 0.120770 0.951097 0.284303 -0.547621 0.302710 -0.780050
-3.317972 -76.908637 -3260.382837 -5215.261150 -0.819016 -0.051195 0.571483 0.039660 0.988578 0.145398 -0.572399 0.141749 -0.807630
-3.363842 -81.916805 -1143.046493 -2252.301035 -0.805002 -0.057621 0.590467 0.103032 0.966570 0.234790 -0.584257 0.249844 -0.772154
-2.285230 -83.759203 -2756.923117 1533.716606 -0.811236 -0.060884 0.581540 0.170551 0.926678 0.334934 -0.559292 0.370893 -0.741371
-1.521267 -87.845657 -2332.345160 -574.576287 -0.813354 -0.065765 0.578040 0.209337 0.893954 0.396262 -0.542802 0.443306 -0.713334
-1.767283 -86.990614 -879.340318 -1862.668377 -0.813497 -0.082440 0.575696 0.192766 0.895720 0.400659 -0.548693 0.436910 -0.712774
22.752096 -67.691206 -881.370941 1460.560272 0.991374 -0.130810 -0.008189 -0.010752 -0.018899 -0.999764 -0.130624 -0.991227 0.020142
29.483656 -67.441257 -4047.568528 2768.223160 0.984635 -0.172416 -0.027693 -0.009083 0.107801 -0.994131 -0.174390 -0.979108 -0.104578
15.880051 -69.411097 -5419.350421 1101.614500 0.975989 -0.201445 -0.082861 -0.080062 0.022017 -0.996547 -0.202574 -0.979252 -0.005361
31.582048 -66.170711 2387.368661 2667.713954 0.993542 -0.111555 0.020735 0.034124 0.119483 -0.992250 -0.108213 -0.986549 -0.122518
22.164285 -66.550926 115.390536 -676.302403 0.996455 -0.072311 0.043001 0.035787 -0.098258 -0.994517 -0.076139 -0.992530 0.095322
26.105344 -66.653019 1459.715531 2165.018377 0.996428 -0.072802 0.042802 0.044748 0.025307 -0.998678 -0.071623 -0.997025 -0.028475
17.610194 -67.106276 54.307124 -1176.348863 0.993479 -0.113782 -0.007246 -0.027182 -0.174659 -0.984254 -0.110724 -0.978033 0.176613
4.930161 -329.126149 -1667.457134 -22391.827862 -0.097835 0.981849 0.162481 0.090242 0.171344 -0.981070 0.991103 0.081321 0.105367
3.615198 -324.796219 1277.431499 -46938.692595 -0.107845 0.978203 0.177448 0.320577 0.203172 -0.925176 0.941063 0.042889 0.335501
4.487545 -289.269826 -2060.309983 -28047.371463 -0.100925 0.978505 0.179838 0.348544 0.204080 -0.914805 0.931843 0.029645 0.361649
5.897138 -326.197620 -4637.714444 -21980.015483 -0.101614 0.974023 0.202372 0.417017 0.226394 -0.880252 0.903201 0.005054 0.429189
7.635431 -348.142449 -2478.586080 -5481.551750 -0.111934 0.979393 0.168108 0.197317 0.187708 -0.962201 0.973928 0.074533 0.214262
4.992834 -329.597568 -1493.224427 13854.815822 -0.105695 0.983953 0.143756 -0.189690 0.121961 -0.974240 0.976138 0.130241 -0.173755
0.197974 -180.518913 421.738783 43.287061 -0.132962 0.984784 0.111897 -0.358688 0.057436 -0.931689 0.923939 0.164015 -0.345594
1.688192 -192.000838 -3159.746749 -6109.446736 -0.117390 0.986127 0.117354 -0.397438 0.061644 -0.915556 0.910089 0.154119 -0.384688
2.365413 -179.529247 -1605.545292 3923.235456 -0.130577 0.986712 0.096688 -0.569178 0.005244 -0.822197 0.811779 0.162392 -0.560930
-0.970968 -13.440764 -2321.048208 -132.668824 -0.189131 0.899200 -0.394549 -0.860061 -0.345583 -0.375324 0.473840 -0.268351 -0.838727
0.621745 -13.298860 -2370.024610 2064.552334 -0.457593 0.743825 -0.487168 -0.769276 -0.605943 -0.202600 0.445895 -0.282058 -0.849483
-4.204199 -10.966351 -397.078185 2358.240472 -0.353441 0.826195 -0.438727 -0.826028 -0.495759 -0.268142 0.439041 -0.267629 -0.857682
6.715816 -11.877649 -6193.391641 -2515.918626 -0.470265 0.722568 -0.506701 -0.735232 -0.638343 -0.227931 0.488145 -0.265355 -0.831445
-3.053715 -12.514957 -2254.442509 24.254755 -0.047753 0.945288 -0.322723 -0.878046 -0.193754 -0.437600 0.476187 -0.262469 -0.839259
1.497963 -6.229569 -5296.362415 -8758.046255 -0.260960 0.859562 -0.439378 -0.816708 -0.439246 -0.374235 0.514673 -0.261183 -0.816636
-6.117676 -316.904156 -41232.022195 162250.662932 0.002267 0.669292 0.742996 -0.432435 0.670591 -0.602750 -0.901662 -0.319931 0.290945
-282.172133 -656.943870 -138356.520509 229502.499072 0.396319 -0.560628 0.727067 -0.010693 0.789043 0.614245 -0.918050 -0.251212 0.306718
-20.660430 -59.841169 -24731.466993 15118.528291 0.345310 -0.480369 0.806230 0.020916 0.862798 0.505116 -0.938256 -0.157558 0.307980
-296.364424 -2146.236229 141333.051893 -612338.544703 -0.210467 0.758827 -0.616348 -0.340544 0.534073 0.773819 -0.916370 -0.372757 -0.146009
-131.349883 -2212.397144 96366.856987 -1604496.123674 -0.050316 0.795904 -0.603328 -0.449096 0.521544 0.725469 -0.892065 -0.307455 -0.331195
-1573.508663 -9197.405192 462017.535816 3549192.604036 -0.531268 0.699718 -0.477649 0.845139 0.398375 -0.356424 -0.059113 -0.593037 -0.803003
-1756.712264 -4040.842568 706127.311963 -3281412.087413 -0.416800 0.465785 -0.780591 0.893651 0.052835 -0.445642 -0.166330 -0.883319 -0.438271
-5.300627 -39.175087 2151.236970 1051.387340 0.970620 0.049311 -0.235511 -0.240543 0.223381 -0.944585 -0.006030 -0.973483 -0.228680
-1.613071 -39.354986 1862.659073 627.492927 0.993533 0.032805 -0.108705 -0.113458 0.249073 -0.961816 0.004477 -0.967929 -0.251184
2.573185 -41.721149 3584.296913 2079.329404 0.983227 0.050444 -0.175269 -0.181535 0.178068 -0.967128 0.017576 -0.982724 -0.184238
-6.492345 -54.320160 -1254.006825 -4771.708405 0.848368 -0.243820 -0.469919 -0.529398 -0.385342 -0.755810 -0.003202 -0.889979 0.455990
-7.876919 -62.773631 -1291.826316 4968.906390 0.868075 -0.231020 -0.439404 -0.496337 -0.421376 -0.759007 0.009808 -0.876967 0.480450
-4.672209 -54.866366 -1023.779586 -5170.835402 0.861489 -0.241936 -0.446434 -0.507634 -0.389578 -0.768464 -0.011998 -0.888648 0.458433
1.432902 -23.449303 590.834733 1716.706636 0.190924 0.946729 -0.259331 0.932427 -0.092342 0.349362 0.306804 -0.308508 -0.900385
-0.434615 -21.056851 -1167.292553 -645.604435 0.153530 0.946018 -0.285443 -0.930468 0.041161 -0.364053 0.332651 -0.321489 -0.886560
-1.037408 -19.627315 185.134140 -1098.010975 0.238565 0.939596 -0.245453 -0.908336 0.126486 -0.398656 0.343530 -0.318059 -0.883644
-0.402346 -21.837625 1839.393468 -2050.784993 0.286894 0.933077 -0.216932 -0.900313 0.185254 -0.393850 0.327305 -0.308300 -0.893209
146.047963 -1199.534512 -31171.419983 498610.054327 -0.098023 -0.078405 -0.992091 0.512955 0.850283 -0.117880 0.852801 -0.520453 -0.043129
-85.502665 -167.560884 12423.366803 56039.173601 0.423863 0.877606 0.223936 0.035387 0.231010 -0.972308 0.905035 -0.420050 -0.066860
448.107719 -5457.386990 -213264.724448 3336988.097010 -0.033672 -0.309578 -0.950278 0.327552 0.894884 -0.303138 0.944233 -0.321473 0.071271
-159.032718 -345.950404 43984.863174 34496.040152 0.228051 -0.564873 0.793039 0.866571 0.489099 0.099184 -0.443901 0.664605 0.601042
-118.731299 -536.081094 28834.087594 195403.489954 0.255175 -0.641551 0.723394 0.966696 0.154096 -0.204337 0.019620 0.751443 0.659506
-140.848039 -550.395791 40223.651262 197422.206354 0.224022 -0.552512 0.802835 0.974517 0.117301 -0.191201 0.011467 0.825209 0.564711
-37.333884 -169.420101 1274.935994 -20725.862387 0.986568 -0.075055 -0.145085 -0.037676 -0.968796 0.244979 0.158945 0.236223 0.958611
-32.810146 -146.051152 -4806.377239 -20759.791062 0.997373 -0.058821 -0.042279 -0.037933 -0.921323 0.386943 0.061713 0.384323 0.921134
-35.666268 -173.327800 -3480.635763 -21418.580511 0.995044 -0.088106 -0.046088 -0.074382 -0.967168 0.243009 0.065985 0.238377 0.968928
-39.260754 -179.860791 2689.900587 14032.404224 0.984745 -0.098089 -0.143722 0.091221 0.994385 -0.053635 0.148176 0.039706 0.988164
-37.550431 -177.279309 7060.123501 13034.291747 0.964554 -0.095813 -0.245878 0.089321 0.995299 -0.037445 0.248310 0.014155 0.968577
-41.322248 -106.680825 -9231.467320 -20912.269222 0.952696 -0.289397 -0.092843 -0.104614 -0.599064 0.793838 0.285353 0.746573 0.601000
-15.656306 -110.670488 -28221.329116 -269.365298 0.988821 -0.129219 -0.074398 -0.049653 -0.755850 0.652860 0.140595 0.641868 0.753816
-35.696959 -90.492053 -15391.343260 11748.598922 0.960108 -0.257714 -0.108522 -0.145890 -0.792735 0.591851 0.238557 0.552408 0.798709
-15.627551 -118.904926 -20349.933221 -23675.251887 0.991910 -0.069744 -0.106071 0.038014 -0.634030 0.772374 0.121121 0.770157 0.626249
-46.899917 -80.895759 -6004.593876 -18855.771672 0.955270 -0.163359 -0.246522 0.132903 -0.507539 0.851317 0.264190 0.846001 0.463126
-28.380027 -96.854743 -12806.150997 -25224.941273 0.978774 -0.128193 -0.159900 0.074334 -0.505027 0.859897 0.190987 0.853531 0.484778
2.011017 -18.072035 3518.499704 -903.672267 0.664896 -0.343362 -0.663337 0.264932 0.938749 -0.220368 0.698373 -0.029218 0.715138
6.655869 -13.488110 4264.370529 1202.040458 0.619144 -0.497404 -0.607659 0.370031 0.867317 -0.332924 0.692631 -0.018725 0.721049
2.116323 -15.595716 2429.526080 -2398.097831 0.688086 -0.247187 -0.682228 0.181809 0.968929 -0.167696 0.702483 -0.008645 0.711648
35.963851 -56.588707 -13509.948370 -2609.052764 -0.809846 0.414027 -0.415609 -0.009995 0.698613 0.715430 0.586557 0.583542 -0.561631
15.782201 -58.007373 12108.363915 -4121.148968 0.794820 -0.406474 0.450600 -0.070437 0.675715 0.733790 0.602743 0.614970 -0.508441
27.837162 -61.618580 11644.907660 -4296.202878 0.809980 -0.422287 0.406948 -0.063636 0.626524 0.776800 0.582995 0.655088 -0.480599
43.797955 -60.040867 5609.462355 -3542.903653 0.870323 -0.365449 0.330128 -0.013416 0.652495 0.757675 0.492298 0.663851 -0.562978
10.856848 -79.414185 -1856.134991 -1897.406328 0.975575 0.162590 0.147710 -0.196570 0.946304 0.256651 0.098050 0.279417 -0.955150
9.308106 -71.114513 -1579.165903 -3437.178751 0.982322 0.139452 0.124890 -0.155807 0.978859 0.132512 0.103770 0.149628 -0.983282
12.595147 -71.854956 1057.907124 -1930.230897 0.971502 0.156753 0.177799 -0.181902 0.973972 0.135239 0.151972 0.163727 -0.974730
11.728101 -68.318685 -677.795220 -3378.526172 -0.980966 -0.123559 -0.149793 -0.123506 0.992296 -0.009691 0.149837 0.008993 -0.988670
12.352288 -81.734319 202.739322 1927.017980 0.970811 0.156896 0.181411 -0.201625 0.943495 0.262991 0.129898 0.291891 -0.947590
14.404407 -74.643996 -939.668570 -2378.812787 -0.969893 -0.157878 -0.185426 -0.183342 0.974514 0.129257 0.160294 0.159362 -0.974120
12.106949 -71.691415 -1440.460912 -7027.445103 -0.972536 -0.140333 -0.185687 -0.141724 0.989889 -0.005829 0.184627 0.020647 -0.982592
0.021647 -149.909073 -580.904827 5189.888950 0.895898 0.050593 0.441370 -0.301318 -0.660856 0.687369 -0.326458 0.748805 0.576815
-1.461454 -146.185787 2818.738739 -1987.496695 0.898707 0.019007 0.438137 -0.341816 -0.595546 0.726970 -0.274749 0.803096 0.528725
-2.202330 -151.048674 -25.914497 -10600.197895 0.899210 0.047144 0.434970 -0.382267 -0.398944 0.833496 -0.212823 0.915762 0.340713
1.803044 -138.288727 2729.197382 15158.509210 0.901061 0.021361 0.433166 -0.229003 -0.824760 0.517038 -0.368303 0.565079 0.738267
-5.165172 -156.904760 -1971.726122 -7550.523638 0.901488 0.069061 0.427258 -0.361861 -0.421300 0.831602 -0.237435 0.904288 0.354807
1.925087 -138.284061 -902.497775 17315.894416 0.890990 0.039046 0.452342 -0.198506 -0.862523 0.465456 -0.408330 0.504509 0.760748
-2.723456 -153.094832 -1584.502841 9080.559063 0.897873 0.062124 0.435850 -0.275376 -0.693174 0.666091 -0.343500 0.718088 0.605275
448.431352 -66.930316 212476.156079 958.607710 0.898599 -0.429635 -0.089074 -0.319138 -0.500663 -0.804666 -0.301116 -0.751499 0.587008
632.791498 -53.047573 251955.726658 7024.247915 0.813675 -0.578500 0.057192 -0.220378 -0.398005 -0.890520 -0.537929 -0.711990 0.451335
1481.860008 -76.464144 -688678.984364 -11937.081655 -0.724582 0.687371 -0.050013 0.320215 0.400032 0.858741 -0.610281 -0.606214 0.509963
33.933031 -96.544919 -18291.033358 -12625.569458 0.370711 0.912738 0.171706 0.318162 0.048887 -0.946775 0.872552 -0.405610 0.272276
69.407325 -84.551014 -30731.094447 -13541.361803 0.319999 0.929865 0.181525 0.323652 0.072782 -0.943373 0.890421 -0.360629 0.277663
65.200749 -108.695317 -24495.484998 -10864.953545 0.291870 0.931742 0.216031 0.175711 0.169787 -0.969690 0.940179 -0.320982 0.114161
50.579128 -73.465746 -23223.281605 -12914.774904 0.372658 0.921409 0.110147 0.442217 -0.071979 -0.894015 0.815825 -0.381871 0.434286
27.095839 -119.368591 -13416.291588 -6073.050450 0.341811 0.916717 0.206870 0.124388 0.174059 -0.976847 0.931500 -0.359629 0.054533
13.713025 -114.815384 -1654.859097 -8898.671914 0.338756 0.929587 0.145299 0.249778 0.060037 -0.966440 0.907114 -0.363680 0.211853
19.587179 -91.215594 -9109.815352 -14985.162352 0.381820 0.920431 0.083792 0.438969 -0.100817 -0.892828 0.813339 -0.377682 0.442534
0.227194 -54.549156 -4164.066201 1688.662058 0.979302 -0.195069 0.054001 -0.199974 -0.891235 0.407075 0.031280 0.409448 0.911797
-0.996783 -56.224467 -3606.439628 -2300.253824 0.980180 -0.192323 0.047521 -0.189966 -0.844400 0.500901 0.056209 0.500001 0.864199
4.897066 -54.531535 -3044.139267 -1805.215441 0.976675 -0.207483 0.055284 -0.207163 -0.842812 0.496741 0.056472 0.496607 0.866137
-5.525790 -56.024805 -2632.911220 286.561140 0.984868 -0.172440 0.017305 -0.161094 -0.874074 0.458305 0.063904 0.454158 0.888626
7.120409 -49.889368 -2803.012081 3282.820587 0.980714 -0.191827 0.037439 -0.192065 -0.910421 0.366395 0.036200 0.366520 0.929706
-7.194385 -50.642739 -3418.968421 4258.961499 0.985299 -0.168767 0.026532 -0.167375 -0.922484 0.347862 0.034233 0.347189 0.937170
8.840106 -166.929680 3461.889595 -3756.896412 0.499649 0.824258 0.266363 0.100411 0.250313 -0.962944 0.860389 -0.507880 -0.042305
4.976346 -164.185276 2530.937973 917.642971 0.503894 0.818906 0.274743 -0.039284 0.339474 -0.939795 0.862872 -0.462764 -0.203229
9.028793 -168.332128 5114.175147 4422.662856 0.488195 0.824955 0.284806 -0.165105 0.407745 -0.898045 0.856975 -0.391398 -0.335263
5.672546 -160.488589 3229.759303 -6209.153311 0.491218 0.831300 0.260088 0.186059 0.191564 -0.963683 0.850933 -0.521770 0.060571
7.878474 -158.678615 2769.310967 -7536.299573 0.504044 0.827307 0.247998 0.296718 0.103792 -0.949308 0.811109 -0.552079 0.193161
-23.060852 -106.423319 1205.772273 -6492.819237 0.915048 0.016978 0.402987 0.165545 0.895275 -0.413616 0.367807 -0.445191 -0.816409
-24.671098 -113.985193 2116.161508 -8656.748599 -0.933522 0.003321 -0.358504 0.118294 0.946810 -0.299261 0.338441 -0.321775 -0.884261
-22.577222 -113.920085 -3151.419814 -9134.066963 -0.907815 -0.035474 -0.417869 0.092304 0.955079 -0.281608 0.409088 -0.294219 -0.863761
-23.203411 -110.589296 -1841.822331 -7648.929385 -0.897545 -0.043425 -0.438780 0.122341 0.931537 -0.342448 0.423611 -0.361043 -0.830784
-3.862793 -259.524139 3520.980612 -22359.321091 0.633593 0.764624 -0.117941 0.450479 -0.240670 0.859736 -0.628990 0.597853 0.496934
-2.376336 -267.528112 2211.502257 -32236.926333 0.641016 0.761156 -0.098687 0.332955 -0.159917 0.929283 -0.691548 0.628544 0.355940
-5.508894 -226.095974 3194.047718 -34068.939038 0.635885 0.764712 -0.104243 0.190815 -0.024900 0.981310 -0.747824 0.643891 0.161752
-8.704231 -252.664234 2989.153942 -47209.387179 0.620508 0.777631 -0.101291 0.313144 -0.127283 0.941138 -0.718965 0.615702 0.322490
-7.939568 -288.059795 2381.435310 -18706.466898 0.616664 0.780543 -0.102364 0.570138 -0.353156 0.741770 -0.542833 0.515785 0.662796
23.368283 -100.717825 6030.718268 1501.753932 0.477485 0.877158 -0.050998 0.538091 -0.337810 -0.772232 0.694597 -0.341288 0.633291
21.742402 -96.160498 3679.048753 6890.866950 0.533919 0.830180 -0.160410 0.580145 -0.497697 -0.644771 0.615112 -0.251194 0.747354
12.250146 -84.912440 6041.463984 -2779.014188 0.451170 0.886419 -0.103475 0.537988 -0.362654 -0.760954 0.712050 -0.287652 0.640501
15.981786 -103.553307 8712.129519 -8844.650490 0.389897 0.920824 -0.007915 0.482453 -0.211588 -0.849982 0.784359 -0.327587 0.526752
42.701336 -48.100474 28874.796330 -979.630808 0.937213 0.011042 -0.348582 0.199985 -0.835864 0.511211 0.285722 0.548825 0.785591
91.157992 -49.397462 47134.814592 -998.000099 0.941245 -0.003043 -0.337711 0.161374 -0.874367 0.457646 0.296676 0.485255 0.822503
105.184430 -48.019078 43630.305014 1176.633367 0.966324 -0.008670 -0.257181 0.133780 -0.836826 0.530871 0.219818 0.547400 0.807486
26.563321 -48.937688 25937.278003 -312.195478 0.933843 0.011032 -0.357513 0.174713 -0.886242 0.429011 0.312110 0.463091 0.829538
1.242424 -18.164256 3778.875805 1096.555483 -0.830162 0.478151 0.286709 0.437506 0.877466 -0.196576 -0.345570 -0.037753 -0.937633
2.860954 -18.848790 3458.891401 -1281.664172 -0.651549 0.729175 0.209256 -0.662665 -0.681338 0.310891 -0.369268 -0.063894 -0.927124
7.692335 -21.793587 6078.868019 328.026335 -0.776119 0.569331 0.271110 0.512335 0.819973 -0.255258 -0.367630 -0.059211 -0.928085
-3.671149 -16.072169 -925.494715 -1241.107801 -0.416647 0.903802 0.097710 -0.841988 -0.424190 0.333345 -0.342726 -0.056617 -0.937728
-7.336853 -13.146139 3117.764572 1072.521359 -0.801398 0.536428 0.264585 0.498221 0.843440 -0.200963 -0.330964 -0.029229 -0.943191
-5.843934 -24.040484 -2937.394022 853.263138 0.628452 -0.530552 0.568826 0.775239 0.367370 -0.513851 0.063655 0.763907 0.642179
-5.527901 -27.028701 -1522.910817 1347.004603 0.626648 -0.531189 0.570219 0.777336 0.374118 -0.505751 0.055321 0.760180 0.647353
-6.892637 -26.676892 -3208.484686 1247.983545 0.590233 -0.547641 0.593055 0.806379 0.366215 -0.464371 0.037123 0.752314 0.657758
-113.603908 -375.424731 -2460.983874 -104291.773171 -0.221171 -0.293125 0.930140 -0.264711 0.935998 0.232028 -0.938622 -0.194900 -0.284609
-1042.668417 -4393.995945 454860.048828 -2019609.402746 0.797120 -0.332061 0.504317 -0.601710 -0.506614 0.617484 -0.050452 0.795662 0.603636
85.367070 -2640.893250 -9216.311040 -326535.510559 -0.495051 0.868405 -0.028248 0.591358 0.360578 0.721304 -0.636569 -0.340378 0.692042
-305.007994 -510.464620 -41714.944719 41360.456901 0.954279 -0.298243 -0.020042 0.248882 0.829896 -0.499329 -0.165555 -0.471512 -0.866180
-235.401189 -372.949296 77734.369972 40118.878742 -0.674244 0.732631 0.092987 -0.683722 -0.666849 0.296372 -0.279140 -0.136250 -0.950535
-245.207118 -377.476477 -45148.340393 72494.212072 0.781516 -0.604089 0.155915 0.614342 0.788687 -0.023606 0.108708 -0.114234 -0.987488
-67.272733 -99.584669 1272.323555 7137.705831 0.877673 0.172857 -0.447001 -0.191894 -0.727917 -0.658265 0.439166 -0.663519 0.605703
-70.710634 -107.347866 2112.038283 8641.496692 0.900209 0.375326 -0.220804 0.123417 -0.706175 -0.697198 0.417603 -0.600372 0.682027
-44.764981 -123.538181 -6434.251016 25420.353418 0.943972 0.283611 -0.168765 0.048740 -0.625565 -0.778648 0.326406 -0.726797 0.604339
-27.799335 -116.108764 -13362.412404 33717.142753 0.972669 0.163527 -0.164848 -0.053283 -0.533810 -0.843924 0.226002 -0.829642 0.510507
-40.009113 -80.984873 -7993.566665 22081.912307 0.955981 0.129215 -0.263447 -0.171376 -0.482909 -0.858737 0.238183 -0.866084 0.439508
97.025112 -106.293592 -3921.894840 -10164.567012 0.871079 -0.097058 -0.481457 -0.231215 0.783819 -0.576339 -0.433313 -0.613357 -0.660328
104.790580 -127.995855 -1597.642262 -10106.036719 0.908124 -0.040969 -0.416691 -0.174492 0.867629 -0.465588 -0.380608 -0.495521 -0.780766
108.553494 -142.058216 928.940663 -9610.072601 -0.881229 0.042224 0.470801 -0.107664 0.951894 -0.286892 -0.460266 -0.303506 -0.834290
91.783282 -132.693137 18121.718968 -6358.681491 -0.755330 0.076815 0.650828 -0.085953 0.972916 -0.214584 -0.649684 -0.218023 -0.728270
26.618769 -133.026725 -45113.232870 8146.510707 0.965820 0.012961 -0.258889 -0.040061 0.994213 -0.099681 0.256099 0.106646 0.960750
82.403770 -205.298853 -66734.310387 -108936.371311 0.983673 0.106965 -0.144728 0.162413 -0.874055 0.457876 0.077523 0.473905 0.877157
83.198360 -470.260861 4987.228846 -286338.517740 0.847027 0.004281 -0.531533 0.355055 -0.748729 0.559769 0.395578 0.662862 0.635714
68.542576 -60.054608 -19424.519507 -207.232099 0.844063 -0.432761 0.316663 0.241375 0.833929 0.496287 -0.478848 -0.342463 0.808346
83.082498 -58.017781 3791.118056 2541.232062 0.915754 -0.392292 0.086607 -0.310477 -0.827893 -0.467116 -0.254948 -0.400874 0.879944
76.649732 -51.572928 7715.467609 520.519311 0.936516 -0.339319 0.088318 -0.241845 -0.807517 -0.537984 -0.253866 -0.482471 0.838316
75.974241 -51.236776 27450.148474 2253.406644 0.942599 -0.318629 -0.099918 -0.325351 -0.808930 -0.489672 -0.075197 -0.494073 0.866162
59.041494 -57.046181 -18118.789583 -660.141500 0.853046 -0.394208 0.341926 0.141092 0.805065 0.576162 -0.502400 -0.443250 0.742377
65.737305 -49.445543 587.962282 1510.849209 0.923366 -0.331804 0.193135 -0.144633 -0.766632 -0.625585 -0.355635 -0.549710 0.755872
41.258654 -63.560524 4360.994458 969.082799 0.916685 -0.307302 -0.255449 0.027259 0.685842 -0.727239 -0.398680 -0.659686 -0.637078
35.667300 -63.674885 -10297.531328 -2855.194197 0.871573 -0.373957 -0.317043 -0.079255 0.530700 -0.843846 -0.483817 -0.760601 -0.432906
37.940141 -63.874039 7163.498034 -1621.133518 0.930243 -0.282370 -0.234342 -0.020670 0.597292 -0.801757 -0.366362 -0.750672 -0.549790
-17.960954 -92.884103 -2028.795395 3242.418458 0.906303 -0.059345 -0.418442 0.129235 0.981581 0.140699 0.402385 -0.181593 0.897279
-13.445337 -91.329397 -1860.089466 13187.765042 0.914871 -0.101836 -0.390693 0.180580 0.968694 0.170362 0.361113 -0.226410 0.904619
-13.642005 -81.903440 -2359.375535 3926.620970 0.917540 -0.104552 -0.383652 -0.251021 -0.900566 -0.354922 0.308396 -0.421960 0.852550
1.870050 -68.476766 959.319649 5625.949959 0.785261 -0.244082 -0.569025 -0.523748 0.228306 -0.820710 -0.330233 -0.942497 -0.051442
2.825999 -67.912670 -893.346181 -7040.505131 0.804495 -0.264334 -0.531899 -0.441145 0.333723 -0.833078 -0.397718 -0.904852 -0.151869
2.491715 -66.518743 750.820414 -5376.294366 0.798524 -0.238509 -0.552696 -0.460032 0.350378 -0.815847 -0.388239 -0.905731 -0.170063
2.225959 -71.981788 70.114174 -339.538019 0.784916 -0.251847 -0.566110 -0.501444 0.278485 -0.819146 -0.363953 -0.926833 -0.092300
4.296091 -111.151291 1345.107246 -1262.920565 0.923213 -0.167827 -0.345705 -0.302536 0.237297 -0.923126 -0.236960 -0.956830 -0.168302
2.966318 -124.871951 -350.695426 3775.481713 0.956558 -0.198513 -0.213516 -0.151630 0.286764 -0.945925 -0.249007 -0.937208 -0.244206
-0.270904 -120.996366 364.065712 -3922.375172 0.949958 -0.184023 -0.252418 -0.223817 0.162724 -0.960951 -0.217911 -0.969359 -0.113393
1.573342 -124.905633 661.142686 18556.392861 0.952164 -0.275709 -0.131790 0.275030 0.961144 -0.023690 0.133201 -0.013689 0.990994
1.106536 -138.238572 2167.528758 22399.040325 0.946400 -0.284052 -0.153755 0.296495 0.952841 0.064691 0.128128 -0.106811 0.985989
0.816587 -108.614284 -275.366927 8515.709336 0.957398 -0.258783 -0.128139 0.242682 0.961536 -0.128660 0.156505 0.092082 0.983375
-1.066365 -104.519074 -113.390142 7293.747580 0.968624 -0.202773 -0.143702 0.172554 0.964826 -0.198335 0.178865 0.167315 0.969543
0.732466 -110.782429 -189.844260 12192.736531 0.966373 -0.213619 -0.143145 0.194577 0.971405 -0.136059 0.168116 0.103631 0.980305
3.313984 -59.343190 -2339.056765 2946.291268 0.880102 0.122729 -0.458647 0.464025 -0.426827 0.776208 0.100500 0.895967 0.432601
2.566089 -58.431432 -2057.967294 -813.424729 0.892408 0.116856 -0.435836 0.432328 -0.498058 0.751685 0.129233 0.859234 0.494991
0.677034 -58.910625 -1903.195626 1069.346013 0.892854 0.114699 -0.435496 0.438924 -0.438048 0.784512 0.100786 0.891604 0.441457
68.360613 -49.426477 35878.600880 4871.070947 0.880681 -0.350622 -0.318535 0.398880 0.911602 0.099386 0.255530 -0.214584 0.942687
93.890913 -46.707235 33178.469464 -4567.718604 0.892673 -0.401828 -0.204129 -0.428139 -0.897535 -0.105492 0.140823 -0.181566 0.973244
80.544870 -39.958889 29266.550336 3340.128476 0.897318 -0.379468 -0.225443 0.398782 0.915913 0.045575 0.189192 -0.130798 0.973190
16.845576 -48.488435 -6635.931515 3336.664916 -0.340890 0.745608 0.572594 0.703436 0.606369 -0.370803 0.623677 -0.276380 0.731192
19.240656 -66.036829 7385.227557 8417.915497 0.438408 -0.635569 -0.635492 0.729238 0.664845 -0.161845 0.525368 -0.392471 0.754954
19.414721 -57.516480 -7211.389859 4128.937800 -0.389739 0.691571 0.608139 0.726317 0.636816 -0.258707 0.566186 -0.340873 0.750492
16.597187 -111.202418 3732.070637 1321.816749 0.967052 -0.244379 -0.071344 -0.193479 -0.887639 0.417926 0.165460 0.390353 0.905675
-4.015808 -78.842184 -734.134090 -3873.080880 -0.800737 -0.025455 0.598474 0.028750 0.996312 0.080844 -0.598325 0.081941 -0.797053
-3.571275 -74.299740 -1979.130893 -3832.853719 -0.812488 -0.030086 0.582200 0.003476 0.998400 0.056445 -0.582967 0.047885 -0.811084
10.311333 -68.654774 -4521.799733 -2250.707042 0.977357 -0.194646 -0.082985 -0.128672 -0.235377 -0.963349 -0.167979 -0.952214 0.255093
10.164466 -69.543211 -3814.303666 -515.689579 0.972577 -0.209685 -0.100631 -0.127742 -0.120015 -0.984519 -0.194362 -0.970375 0.143509
5.702230 -67.725995 -2873.647511 -1646.010363 0.973192 -0.207540 -0.099120 -0.153236 -0.263716 -0.952351 -0.171511 -0.942009 0.288448
7.259313 -66.112661 -6344.128839 -1561.139403 0.972679 -0.213089 -0.092130 -0.159669 -0.325965 -0.931801 -0.168525 -0.921054 0.351083
10.770992 -65.587071 -2092.857994 -1333.201419 0.981289 -0.177816 -0.073853 -0.131786 -0.340630 -0.930916 -0.140376 -0.923230 0.357690
0.794080 -288.158589 -182.448713 -19023.076975 -0.092484 0.983377 0.156255 0.141002 0.168281 -0.975602 0.985680 0.068195 0.154221
0.324140 -255.098467 1300.362454 -18419.814568 -0.114392 0.975201 0.189466 0.473052 0.221179 -0.852820 0.873577 0.007929 0.486622
-2.770093 -297.343204 -3691.040562 -31622.966252 -0.062909 0.981888 0.178715 0.357050 0.189360 -0.914690 0.931965 -0.006268 0.362495
-2.809765 -304.215649 -1422.897993 -477.451133 -0.089631 0.983720 0.155761 -0.053041 0.151454 -0.987040 0.994562 0.096731 -0.038603
9.031477 -13.826183 -5283.889338 -611.975663 -0.637397 0.566180 -0.522652 0.625378 0.776378 0.078361 0.450142 -0.276908 -0.848937
30.104424 -959.471260 -9010.014973 144875.846620 -0.024846 0.994856 0.098203 -0.898877 -0.065222 0.433320 -0.437497 0.077506 -0.895874
26.639843 -867.790818 -14432.724428 -356963.088562 0.033632 0.999276 0.017782 -0.998983 0.033077 0.030636 -0.030026 0.018794 -0.999372
26.592751 -889.348332 -6965.239678 -29228.472630 0.161625 0.980902 0.108209 -0.894039 0.099117 0.436887 -0.417818 0.167355 -0.892984
18.313061 -1315.223885 21852.400605 563570.302384 0.314174 0.937991 0.146519 -0.563778 0.060163 0.823732 -0.763838 0.341400 -0.547720
44.881851 -810.621816 4117.595498 268273.023021 0.034685 0.991725 0.123609 -0.528366 -0.086789 0.844569 -0.848308 0.094605 -0.520984
-9.886347 -63.063915 -2354.746503 229.830789 0.864075 -0.315526 -0.392196 -0.002266 0.776705 -0.629860 -0.503358 -0.545135 -0.670417
-8.338776 -58.897282 3165.411942 2065.311459 -0.855764 0.317810 0.408245 0.070379 0.853259 -0.516716 -0.512556 -0.413455 -0.752556
-14.636949 -60.392192 3247.785980 -702.631588 -0.871247 0.304785 0.384753 0.031591 0.817052 -0.575697 -0.489828 -0.489420 -0.721483
-13.292384 -60.980179 -4159.645830 232.327469 0.873302 -0.328649 -0.359630 0.014874 0.755829 -0.654600 -0.486952 -0.566314 -0.664955
0.498918 -41.399120 -1155.750079 1036.016346 0.998465 -0.008368 -0.054758 -0.051274 0.234476 -0.970769 -0.020963 -0.972086 -0.233686
-4.443409 -39.546939 -1091.229229 692.761303 0.999592 -0.027450 0.007838 0.016359 0.325811 -0.945293 -0.023395 -0.945036 -0.326127
-3.901019 -42.138812 -2933.503689 1291.448863 0.997538 -0.048618 0.050539 0.062684 0.295058 -0.953421 -0.031441 -0.954242 -0.297379
0.590690 -43.173869 -3924.272447 876.955283 0.999260 -0.036290 -0.012721 -0.004772 0.211229 -0.977425 -0.038157 -0.976763 -0.210900
-10.027875 -62.808129 -486.544600 13469.580396 0.884269 -0.200942 -0.421534 -0.464588 -0.469779 -0.750644 0.047192 -0.859610 0.508766
-8.466820 -62.904213 -2211.129558 13181.259599 0.894652 -0.216806 -0.390631 -0.446030 -0.483525 -0.753167 0.025588 -0.848056 0.529289
-6.111779 -64.199450 -2045.333969 4538.936288 0.875682 -0.238123 -0.420094 -0.482889 -0.431930 -0.761745 0.000062 -0.869904 0.493221
-5.373787 -64.231422 -1361.882966 14457.118716 0.902436 -0.213940 -0.373950 -0.430494 -0.481735 -0.763286 0.016847 -0.849801 0.526835
-8.344658 -64.042106 -2371.575451 -926.028472 0.905124 -0.201778 -0.374214 -0.410783 -0.641928 -0.647445 0.109578 -0.739739 0.663912
1.045764 -23.942193 -240.152124 1009.808105 0.091224 0.950358 -0.297487 0.948511 0.008070 0.316641 0.303323 -0.311055 -0.900689
-53.751548 -78.229713 5303.705477 8039.891033 -0.092448 0.078245 -0.992638 0.466458 0.884154 0.026251 0.879699 -0.460597 -0.118237
-64.629289 -179.790683 -31532.943732 43436.791810 0.458857 0.874879 -0.155036 -0.117099 -0.113421 -0.986622 0.880760 -0.470873 -0.050403
-8.610219 -2789.273262 22661.638894 1309020.656255 0.070801 -0.694270 0.716224 0.813950 -0.374846 -0.443819 0.576604 0.614393 0.538562
-20.175915 -745.656851 -9155.883167 121054.614223 -0.047944 -0.682936 0.728903 0.823851 -0.439653 -0.357737 0.564776 0.583355 0.583716
-31.101215 -1020.339233 10152.733902 410044.167552 0.036915 0.710076 -0.703156 0.557939 -0.598399 -0.574997 0.829060 0.371093 0.418269
2.558104 -95.654982 -35856.394578 44594.393880 0.996952 -0.065105 -0.042998 -0.040935 -0.905622 0.422106 0.066421 0.419060 0.905526
12.546695 -114.971950 -32500.711435 5652.405600 0.996215 -0.022278 -0.084026 0.035839 -0.775367 0.630493 0.079197 0.631117 0.771634
-25.021672 -72.934866 160.280090 -19148.294440 0.795180 0.192147 -0.575125 0.601847 -0.134420 0.787217 -0.073953 0.972117 0.222531
-15.275044 -63.047726 4386.284437 -13656.634843 0.785703 0.126074 -0.605620 0.618598 -0.156208 0.770023 -0.002477 0.979645 0.200723
-18.025242 -48.964779 -2923.654943 -6758.189088 -0.557025 -0.186816 0.809212 0.823633 0.000739 0.567122 -0.106545 0.982395 0.153456
-6.008234 -36.668733 -5497.548489 -12841.545584 -0.577215 -0.158771 0.801009 0.812931 -0.018936 0.582052 -0.077245 0.987134 0.140000
-25.434182 -56.030182 837.730332 -10057.542935 0.787760 0.205551 -0.580675 0.606098 -0.090454 0.790230 -0.109908 0.974457 0.195840
-21.732418 -50.297666 -6672.362138 1631.779804 -0.511572 -0.199137 0.835846 0.848706 0.034754 0.527722 -0.134138 0.979355 0.151229
-9.363376 -48.976605 -6853.799273 4230.589086 -0.377586 -0.159148 0.912196 0.914935 0.087539 0.393993 -0.142556 0.983366 0.112557
-2.567138 -33.143270 -9466.420409 -1169.428070 -0.173745 -0.133765 0.975664 0.976510 0.104803 0.188265 -0.127436 0.985456 0.112414
7.687028 -15.501975 4558.708319 153.585620 0.608776 -0.506265 -0.610808 0.395627 0.861084 -0.319395 0.687656 -0.047212 0.724500
12.687192 -13.694640 1973.077498 886.716761 0.594886 -0.599978 -0.534917 0.453362 0.799969 -0.393080 0.663757 -0.008673 0.747898
12.678774 -12.318247 778.150084 2019.444162 0.607091 -0.599506 -0.521568 0.433123 0.799940 -0.415332 0.666217 0.026241 0.745296
91.283647 -54.304428 23450.075770 -3065.634845 -0.860911 0.435324 0.263296 0.282222 0.839244 -0.464780 -0.423299 -0.325826 -0.845373
67.487805 -57.943179 15688.913204 -6710.634798 -0.868682 0.427832 0.249702 0.312418 0.864346 -0.394081 -0.384429 -0.264320 -0.884505
47.891473 -58.422645 24988.449029 -6269.166447 -0.756077 0.565954 0.328699 0.397884 0.796234 -0.455741 -0.519650 -0.213791 -0.827198
88.346180 -53.277361 -2564.931014 -3290.128303 0.930331 -0.337471 -0.143519 0.247583 0.866699 -0.433054 -0.270531 -0.367350 -0.889869
81.601914 -53.542327 33394.747446 -4541.307472 -0.778275 0.533699 0.330837 0.320360 0.790629 -0.521800 -0.540054 -0.300117 -0.786303
105.544172 -48.726252 22476.474996 -1092.481207 -0.870988 0.427513 0.242101 0.249574 0.809456 -0.531501 -0.423194 -0.402509 -0.811722
97.049412 -47.589891 3503.699727 2957.237334 0.947856 -0.304907 -0.092744 0.226665 0.849525 -0.476371 -0.224037 -0.430509 -0.874339
7.736791 -67.272987 -2252.625276 -4459.709587 0.990143 0.104232 0.093559 -0.114668 0.986824 0.114146 0.080429 0.123749 -0.989049
11.010124 -66.619914 265.755763 -4897.950898 -0.989707 -0.089657 -0.111546 -0.089118 0.995973 -0.009823 0.111978 0.000219 -0.993711
-9.354047 -69.535002 -780.711136 -546.483897 0.889747 -0.084040 0.448651 0.202509 -0.808199 -0.552996 -0.409073 -0.582882 0.702074
-8.070277 -68.337329 -853.155686 147.553513 0.884407 -0.091287 0.457702 0.222727 -0.779257 -0.585792 -0.410143 -0.620021 0.668848
-8.950790 -67.231162 -1473.953374 1520.398652 0.883106 -0.081663 0.462012 0.267526 -0.721313 -0.638856 -0.385426 -0.687778 0.615149
-10.381150 -69.297299 -683.902597 802.480342 0.892694 -0.064756 0.445987 0.252969 -0.747005 -0.614809 -0.372968 -0.661657 0.650465
-10.998513 -71.018122 -1158.192862 -643.981368 0.896353 -0.074263 0.437076 0.196446 -0.817273 -0.541732 -0.397441 -0.571445 0.717977
25.061809 -105.469405 -1586.890280 -9577.129250 0.959460 0.043956 0.278398 -0.161924 0.894448 0.416826 0.230690 0.445007 -0.865304
19.284045 -114.141447 -914.808312 -6178.236307 0.958077 0.054741 0.281234 -0.229290 0.735073 0.638039 0.171801 0.675774 -0.716808
21.436920 -105.702197 -4777.352055 -8205.555293 0.974950 0.065871 0.212445 -0.176723 0.809385 0.560057 0.135058 0.583572 -0.800751
18.033733 -111.090127 -1226.172592 -696.087347 0.964710 0.058104 0.256823 -0.231685 0.650781 0.723053 0.125123 0.757039 -0.641277
24.006318 -97.205457 -5076.954720 -8089.670081 0.974537 0.054083 0.217607 -0.134785 0.916865 0.375753 0.179195 0.395516 -0.900809
