10075
20135
-43.886357 -63.744761 -422.158642 6512.791097 0.257691 0.965066 -0.047355 0.771771 -0.235070 -0.590857 0.581348 -0.115711 0.805385
-51.042522 -73.065654 515.304678 4099.648839 0.271781 0.956147 -0.109170 0.860123 -0.292222 -0.418085 0.431652 -0.019728 0.901824
-51.969685 -76.418167 241.630706 5693.877325 0.041694 0.994514 0.095939 0.904213 0.003290 -0.427068 0.425041 -0.104556 0.899115
-45.795384 -65.548043 -386.712008 5532.237734 0.455230 0.819317 -0.348547 0.671716 -0.572979 -0.469567 0.584434 0.020364 0.811186
-38.063163 -75.397872 -3897.525446 9262.420781 -0.007596 0.972122 0.234351 0.844639 0.131688 -0.518886 0.535282 -0.194000 0.822093
-32.384723 -53.132677 -3217.629809 6129.005656 0.267773 0.962362 0.046452 0.691795 -0.158485 -0.704487 0.670609 -0.220778 0.708195
-38.075666 -52.884993 -468.870275 4444.769665 0.512583 0.774773 -0.370115 0.543222 -0.626434 -0.559009 0.664958 -0.085485 0.741973
-53.107082 -131.302235 25884.392797 10250.457760 0.298605 -0.150195 -0.942484 0.950341 -0.043932 0.308095 -0.087679 -0.987680 0.129618
-123.859351 -148.129929 34203.210107 4489.147904 0.134400 -0.196248 -0.971300 0.937536 -0.292219 0.188770 -0.320878 -0.936000 0.144715
-47.879544 -136.727434 24749.324456 1206.724012 0.259674 -0.138916 -0.955653 0.903732 -0.313818 0.291183 -0.340351 -0.939266 0.044052
3.897266 -134.029741 15115.933897 7596.604132 0.303789 -0.194195 -0.932738 0.926620 -0.167441 0.336658 -0.221556 -0.966567 0.129078
10.648754 -116.975957 16667.292253 14794.642245 0.277963 -0.178427 -0.943875 0.954477 0.161998 0.250461 0.108217 -0.970526 0.215334
20.950803 -19.580903 -187.644468 -196.682437 -0.496720 0.866971 0.040369 0.747601 0.403775 0.527312 -0.440864 -0.292107 0.848712
18.846602 -19.048882 836.023718 1726.082574 -0.489079 0.872230 -0.004055 0.730551 0.412168 0.544438 -0.476546 -0.263311 0.838792
18.553502 -18.722399 3214.647824 -365.771485 -0.486069 0.870672 -0.075284 0.725398 0.450004 0.520859 -0.487376 -0.198563 0.850316
17.313134 -21.622673 3989.147104 -1347.484595 -0.509061 0.846957 -0.153365 0.712773 0.514692 0.476494 -0.482506 -0.133250 0.865698
22.848242 -21.931504 658.833752 -1998.801425 -0.495173 0.868103 -0.034649 0.748308 0.446424 0.490652 -0.441405 -0.217030 0.870666
6.698729 -19.505924 4119.999709 54.583246 -0.580057 0.784980 -0.217581 0.620808 0.598948 0.505824 -0.527382 -0.158331 0.834746
-17.998400 -50.335208 -2030.768718 1014.668470 0.437625 0.566334 -0.698391 -0.454670 -0.530719 -0.715271 0.775731 -0.630558 -0.025239
-12.380616 -48.268065 -3626.505017 1440.422700 0.520878 0.569159 -0.636195 -0.454748 -0.445713 -0.771067 0.722420 -0.690940 -0.026661
-9.751931 -47.150651 -3581.888422 -1498.131299 0.522865 0.602438 -0.603059 0.533126 0.320910 0.782811 0.665123 -0.730811 -0.153382
-19.158551 -49.870552 -1177.451734 1567.010434 0.383062 0.584487 -0.715289 -0.540668 -0.485982 -0.686659 0.748960 -0.649767 -0.129852
-22.797042 -52.724381 -211.938837 -144.180062 0.329557 0.549024 -0.768092 0.407627 0.651069 0.640273 0.851606 -0.524101 -0.009233
-19.857041 -51.595280 -1374.130177 392.082215 0.420494 0.543516 -0.726481 0.312031 0.665237 0.678304 0.851951 -0.511907 0.110134
1.586620 -53.914541 1884.614671 -3031.901097 0.440518 0.816053 -0.374167 0.894421 -0.434776 0.104787 -0.077167 -0.380824 -0.921422
64.236487 -45.931284 19656.058809 -1378.797972 0.261333 0.898719 -0.352148 0.949695 -0.304629 -0.072667 -0.172582 -0.315443 -0.933119
53.019286 -53.766833 17338.576384 -1607.347680 0.238630 0.895493 -0.375697 0.967554 -0.252322 0.013136 -0.083034 -0.366642 -0.926649
375.482209 -60.624562 108326.215305 347.160293 0.101158 0.912650 -0.396027 0.984291 -0.149709 -0.093586 -0.144700 -0.380339 -0.913457
229.574450 -52.446962 70456.806175 -2062.856183 0.124598 0.916898 -0.379174 0.991150 -0.132658 0.004910 -0.045798 -0.376430 -0.925312
-2.484510 -121.039412 394.729313 9016.355036 -0.237446 -0.927056 -0.290151 0.949902 -0.159098 -0.269023 0.203237 -0.339493 0.918389
-1.268061 -127.286537 633.054049 5078.077569 -0.205305 -0.930572 -0.303126 0.976435 -0.215808 0.001182 -0.066517 -0.295740 0.952950
-1.418350 -138.831200 250.288398 8591.734251 -0.239886 -0.926150 -0.291035 0.968669 -0.208491 -0.134953 0.064309 -0.314289 0.947147
-2.798591 -126.570880 173.377132 6576.300642 -0.197937 -0.938999 -0.281249 0.978240 -0.207437 0.004102 -0.062193 -0.274317 0.959626
-2.033987 -128.070364 1009.004578 9398.738195 -0.272675 -0.917562 -0.289357 0.896386 -0.133039 -0.422839 0.349485 -0.374673 0.858767
-3.004042 -109.433383 -120.320675 3113.651109 0.276308 0.922176 0.270637 0.862404 -0.113625 -0.493305 0.424163 -0.369702 0.826684
-3.010657 -106.414522 -340.685838 4169.435506 0.256309 0.927795 0.271113 0.890972 -0.118015 -0.438454 0.374800 -0.353934 0.856887
-3.285154 -112.921515 118.933578 8065.961343 -0.222910 -0.935532 -0.274025 0.946475 -0.140384 -0.290650 0.233443 -0.324147 0.916751
3112.782662 -68.783553 -897268.857430 28675.585801 -0.703019 0.673868 -0.227302 0.266673 0.546085 0.794152 -0.659280 -0.497688 0.563610
1340.821711 -54.854697 -393821.612571 8251.003381 -0.765408 0.610161 -0.204582 0.242232 0.567675 0.786809 -0.596217 -0.552674 0.582303
96.489273 -9.144420 29600.161431 119.336616 0.824589 -0.552814 0.120209 -0.245788 -0.541451 -0.804002 -0.509551 -0.633425 0.582349
280.931353 -42.873063 90822.816462 -1734.165902 0.287976 0.890856 -0.351347 -0.878640 0.391713 0.273042 -0.380868 -0.230078 -0.895546
25.803665 -38.950218 10519.702708 625.947751 0.345856 0.872081 -0.346206 -0.868545 0.437154 0.233509 -0.354984 -0.219935 -0.908634
38.095448 -42.471855 13801.635867 -2774.194437 0.370867 0.857347 -0.356950 -0.833460 0.476810 0.279279 -0.409636 -0.193929 -0.891398
525.221425 -61.585199 173471.709225 -3296.469862 0.461968 0.803464 -0.375541 -0.750624 0.579738 0.316966 -0.472386 -0.135462 -0.870920
466.200544 -51.101171 127122.496958 -2104.940960 0.226469 0.872454 -0.433055 -0.838418 0.400906 0.369229 -0.495749 -0.279463 -0.822273
3.175670 -52.888606 511.373524 -778.423732 0.565592 0.810240 -0.153676 0.618034 -0.539819 -0.571515 0.546022 -0.228267 0.806074
3.714352 -51.314250 585.521117 -602.532429 0.567676 0.808947 -0.152804 0.596708 -0.532186 -0.600598 0.567172 -0.249766 0.784814
2.529676 -49.834399 358.672980 -446.474139 0.560690 0.815687 -0.142415 0.670463 -0.548163 -0.499997 0.485907 -0.184860 0.854237
8.779896 -138.296123 -2123.800813 -12028.362462 -0.280552 0.051200 -0.958472 -0.450950 0.874476 0.178709 0.847310 0.482360 -0.222247
4.567765 -125.852259 -1564.534210 -10592.121570 -0.286087 0.092561 -0.953722 -0.539831 0.806766 0.240231 0.791667 0.583576 -0.180838
6.861594 -170.488210 1658.134701 19311.210724 0.347581 -0.112094 0.930926 0.679580 -0.653935 -0.332477 0.646033 0.748201 -0.151119
10.791058 -181.071831 -2464.845914 -29845.507583 -0.352893 0.075171 -0.932639 -0.540354 0.797373 0.268728 0.763862 0.598787 -0.240768
12.599163 -135.456191 -2648.076716 -10892.778208 -0.290134 0.017945 -0.956818 -0.349060 0.928958 0.123268 0.891055 0.369750 -0.263258
8.488445 -127.154990 -2489.244378 29.616432 -0.253745 0.015947 -0.967140 -0.233929 0.969171 0.077356 0.938558 0.245871 -0.242192
-4.869210 -52.798246 -4262.978273 -100.129462 0.489594 0.330566 0.806860 -0.040230 0.932930 -0.357804 -0.871022 0.142719 0.470056
-14.704709 -62.697394 -1699.485356 -4259.930077 0.519282 0.136308 0.843663 0.133218 0.962219 -0.237460 -0.844156 0.235700 0.481504
-4.881972 -56.238156 -5777.438581 -2661.550899 0.445387 0.163678 0.880250 0.196637 0.941262 -0.274517 -0.873478 0.295356 0.387041
5.558589 -45.593364 -3890.744279 1140.213236 0.495930 0.298838 0.815321 0.033946 0.931529 -0.362079 -0.867698 0.207243 0.451829
-85.945212 -404.162680 -31559.811035 103267.293198 0.276847 0.695714 -0.662826 0.800496 -0.548560 -0.241429 0.531565 0.463750 0.708783
64.518526 -1550.103697 192392.744878 425247.447389 0.952393 0.126162 0.277544 0.284619 -0.694211 -0.661107 -0.109268 -0.708628 0.697070
63.948951 -4377.360916 2146.476550 -1749208.451558 0.549815 -0.289297 0.783589 0.579880 0.807406 -0.108790 -0.601201 0.514202 0.611681
-26.589480 -854.395395 -3638.532958 280303.070101 0.297289 -0.408912 0.862792 0.739419 -0.473097 -0.478998 0.604052 0.780366 0.161711
-11.435949 -47.832465 -1184.170696 -3377.044432 0.628766 -0.447375 0.636010 -0.515490 0.372548 0.771672 0.582171 0.813058 -0.003629
-7.194957 -59.714492 -186.962389 5002.192456 0.507921 -0.411206 0.756919 0.692162 -0.328235 -0.642785 0.512765 0.850395 0.117904
-16.337728 -46.014428 -917.632762 3078.211755 0.480773 -0.385987 0.787319 0.629195 -0.473514 -0.616358 0.610713 0.791706 0.015208
-18.572027 -35.508696 -2200.259539 -2387.322965 0.612354 -0.441764 0.655643 -0.444902 0.492975 0.747688 0.653517 0.749547 -0.105334
41.776019 -47.430429 1287.839370 1326.911281 -0.027087 0.871756 0.489191 0.478936 -0.418230 0.771819 -0.877432 -0.255198 0.406187
43.317925 -39.987506 7639.336112 636.366217 0.018486 0.958815 0.283429 0.562167 -0.244392 0.790090 -0.826817 -0.144728 0.543532
50.303683 -56.931583 -1669.433786 -833.420590 -0.190664 0.905729 0.378553 0.569069 -0.212240 0.794427 -0.799880 -0.366892 0.474956
-84.729914 -8358.267130 25502.345051 2626999.435832 0.137604 0.040643 -0.989653 -0.633793 0.771441 -0.056442 0.761165 0.635002 0.131912
7.785545 -136.565072 3205.170647 3180.640647 0.025556 0.314099 -0.949046 -0.686084 0.695988 0.211871 0.727073 0.645711 0.233285
-1.552825 -153.504373 -2912.486019 -11670.289258 -0.049577 -0.286158 0.956899 0.760217 -0.632194 -0.149669 0.647775 0.720031 0.248885
-10.164402 -44.534678 -317.888457 4081.818071 -0.532966 -0.831257 0.157983 0.846136 -0.523865 0.098082 0.001231 0.185950 0.982559
-8.533679 -44.959987 -114.617407 1521.556857 -0.577884 -0.800931 0.156717 0.814994 -0.576429 0.059289 0.042849 0.161985 0.985862
-9.142576 -45.194429 -523.103620 3605.867966 -0.573169 -0.801035 0.172686 0.819423 -0.561551 0.114920 0.004918 0.207372 0.978250
-21.689236 -35.696160 -14184.649703 3123.882172 -0.464982 0.476313 0.746269 0.026329 0.850004 -0.526118 -0.884929 -0.224987 -0.407777
-24.736900 -42.589444 -17870.802454 2303.120568 -0.470385 0.349787 0.810177 -0.114861 0.886010 -0.449215 -0.874954 -0.304362 -0.376588
-35.804954 -51.254212 1761.625831 -11470.454360 -0.145515 0.982036 -0.120130 -0.284922 0.074682 0.955637 -0.947441 -0.173287 -0.268936
-44.088935 -55.001430 1213.842270 -14969.140437 -0.245227 0.942791 -0.225852 -0.310107 0.144442 0.939665 -0.918530 -0.300470 -0.256944
-27.682960 -34.034453 3806.943691 -9747.013569 0.066276 0.896407 -0.438248 -0.365129 0.430538 0.825420 -0.928595 -0.105312 -0.355838
-31.990758 -54.185705 3243.412177 -4653.048410 0.027097 0.969522 -0.243501 -0.192144 0.244100 0.950524 -0.980993 -0.021031 -0.192902
-5.974218 -47.742419 -1964.845852 -623.065983 -0.279762 0.947278 0.156197 0.936689 0.233627 0.260830 0.210587 0.219278 -0.952665
0.467401 -48.410435 -2793.299880 990.683458 -0.266014 0.954088 0.137669 -0.934587 -0.220271 -0.279335 0.236186 0.202971 -0.950273
-1.492637 -47.021696 -2904.488868 -588.490552 -0.277123 0.951599 0.132897 0.953234 0.254926 0.162351 0.120614 0.171674 -0.977743
-5.648335 -48.982975 -1916.966801 -42.378459 -0.272947 0.948781 0.159108 -0.901257 -0.194332 -0.387261 0.336506 0.249099 -0.908137
-9.793547 -48.024778 -1003.858292 -457.054260 -0.306119 0.933202 0.188216 0.920588 0.239815 0.308230 0.242504 0.267624 -0.932507
-11.570548 -56.112158 -1054.786145 348.595806 -0.520034 0.852477 -0.053369 -0.272999 -0.106682 0.956081 -0.809343 -0.511764 -0.288203
-9.784113 -56.410936 -507.684886 3659.137605 -0.527636 0.846122 -0.075344 -0.323958 -0.118437 0.938629 -0.785271 -0.519663 -0.336599
-9.004080 -58.771290 -523.343925 1571.411635 -0.541100 0.839015 -0.057144 -0.248274 -0.094456 0.964074 -0.803474 -0.535847 -0.259416
-10.551998 -51.785067 -1352.637244 -958.866078 -0.545310 0.837633 -0.031749 -0.168686 -0.072558 0.982996 -0.821086 -0.541392 -0.180863
-12.214532 -52.694896 -1290.354288 -4553.187866 -0.516559 0.855139 -0.043635 -0.234014 -0.091972 0.967873 -0.823653 -0.510175 -0.247624
-13.048080 -53.724784 -153.141941 -3283.377822 -0.482444 0.875814 -0.014076 -0.235558 -0.114246 0.965122 -0.843659 -0.468933 -0.261422
-11.867862 -53.543479 -314.923667 435.488895 -0.476606 0.877611 -0.051434 -0.297733 -0.106088 0.948736 -0.827165 -0.467487 -0.311856
-1.469431 -57.765513 -455.929472 -1202.702206 -0.509427 0.850664 0.129827 0.731576 0.507575 -0.455153 0.453080 0.136889 0.880897
0.146103 -58.471510 -705.108773 -367.311349 -0.492950 0.860406 0.129234 0.695122 0.478799 -0.536243 0.523264 0.174507 0.834112
-2.739254 -59.179414 -767.345000 -154.796092 -0.502600 0.854094 0.133851 0.636855 0.470484 -0.610786 0.584644 0.221738 0.780400
1.788253 -56.497989 -1064.647145 -846.105634 -0.487222 0.861747 0.141443 0.759574 0.498105 -0.418256 0.430884 0.096347 0.897249
-5.061282 -59.088764 -1036.721374 -131.703324 -0.515657 0.842042 0.158312 0.628535 0.497337 -0.597997 0.582273 0.208857 0.785708
-5.260076 -58.637298 -879.261150 -1054.578939 -0.532091 0.832520 0.154238 0.695187 0.533559 -0.481695 0.483316 0.149081 0.862659
-1.958938 -55.146162 -797.914066 -1926.427602 -0.517618 0.842663 0.148291 0.787609 0.536981 -0.302197 0.334280 0.039627 0.941640
1.072649 -54.534757 -597.936058 -1671.370905 -0.503937 0.853418 0.133138 0.796368 0.518759 -0.310946 0.334433 0.050671 0.941056
13.963349 -82.346328 4510.116050 -285.737250 -0.714420 0.696485 0.067180 0.242583 0.336592 -0.909868 0.656322 0.633731 0.409423
24.213051 -88.349913 5427.753425 -289.984541 -0.702457 0.706056 0.089659 0.202853 0.319365 -0.925665 0.682206 0.632053 0.367566
20.301611 -82.093597 4387.387904 3025.672361 -0.706679 0.700993 0.095992 0.286200 0.407287 -0.867299 0.647066 0.585429 0.488445
16.311213 -84.093531 5333.358861 -4060.956019 -0.715108 0.696263 0.061947 0.151982 0.241369 -0.958458 0.682291 0.675987 0.278425
10.415997 -91.477185 3456.197144 5915.198904 -0.709023 0.702552 0.060882 0.365188 0.439662 -0.820570 0.603261 0.559570 0.568294
0.549729 -85.383081 2315.184268 -74.177434 -0.693602 0.719455 0.036056 0.266543 0.302822 -0.915016 0.669231 0.625047 0.401804
5.316407 -84.490462 3396.774218 -3501.314027 -0.703964 0.709275 0.036927 0.161897 0.210873 -0.964014 0.691537 0.672653 0.263276
5.892324 -84.144151 174.525967 -1915.218794 -0.582994 0.812466 -0.004128 0.615948 0.445282 0.649870 -0.529836 -0.376328 0.760034
9.006870 -92.280657 965.555332 -1000.319577 -0.585296 0.810742 -0.011226 0.679893 0.498282 0.538015 -0.441786 -0.307265 0.842860
8.370051 -84.915422 950.582839 -1030.349987 -0.580838 0.813950 -0.010600 0.610940 0.444501 0.655112 -0.537940 -0.374038 0.755458
7.633001 -81.817455 660.442451 -1843.415693 -0.579429 0.814975 0.008809 0.538959 0.375035 0.754236 -0.611380 -0.441774 0.656545
4.177906 -78.564707 44.224012 -3726.167889 -0.572775 0.819697 0.004936 0.491429 0.338561 0.802417 -0.656068 -0.462031 0.596743
2.768202 -82.167464 1128.631140 -2739.557357 -0.557373 0.829074 -0.044397 0.603204 0.441110 0.664505 -0.570508 -0.343597 0.745964
-11.236056 -46.130715 -309.828998 -1574.240146 -0.178871 0.983830 0.009122 -0.852085 -0.150270 -0.501368 0.491890 0.097452 -0.865186
-8.713094 -48.580177 -358.318624 785.627632 -0.119243 0.992128 0.038242 -0.833493 -0.079099 -0.546839 0.539509 0.097081 -0.836364
-9.285771 -49.001209 138.417352 -1124.871440 -0.199553 0.979568 -0.024993 -0.846093 -0.185116 -0.499858 0.494271 0.078602 -0.865747
-10.848276 -45.039433 -1482.612768 572.502638 -0.019472 0.993857 0.108946 -0.837341 0.043333 -0.544961 0.546335 0.101836 -0.831353
-13.669851 -42.298163 -768.810309 -253.172616 -0.166487 0.985031 0.044676 -0.893973 -0.131669 -0.428340 0.416045 0.111252 -0.902513
7.767797 -138.346541 838.751390 -4469.601932 0.815135 -0.577587 0.044143 0.075991 0.182166 0.980327 0.574266 0.795744 -0.192381
4.162325 -128.042653 883.353147 -4396.487991 0.798826 -0.601313 0.017330 0.262973 0.374972 0.888955 0.541038 0.705563 -0.457667
4.904942 -143.255184 448.199093 -3463.358112 0.802782 -0.595599 0.028350 0.073805 0.146433 0.986463 0.591688 0.789823 -0.161512
6.356220 -136.772387 615.554946 -9736.863020 0.815725 -0.577891 0.025189 0.264964 0.412012 0.871803 0.514185 0.704477 -0.489209
11.090037 -149.564586 2250.835884 -3168.362074 0.807744 -0.586112 0.063422 -0.088993 -0.014878 0.995921 0.582777 0.810094 0.064177
10.779516 -155.882145 1647.915965 -8954.438614 0.815683 -0.575436 0.059446 0.046759 0.168005 0.984677 0.576606 0.800405 -0.163946
-4.772904 -110.844882 -1808.420633 -905.019949 -0.319969 0.941013 -0.110065 -0.539221 -0.276397 -0.795516 0.779012 0.195191 -0.595853
-5.579381 -107.035700 -129.396531 -4.062012 -0.360124 0.927416 -0.101043 -0.654747 -0.328415 -0.680771 0.664542 0.179004 -0.725494
-5.850847 -103.900823 -291.041013 -2435.859169 -0.336158 0.939266 -0.069122 -0.462938 -0.228705 -0.856378 0.820175 0.255879 -0.511702
-4.618523 -115.147675 -1646.220459 1451.087643 -0.332574 0.930006 -0.156471 -0.715176 -0.356863 -0.600976 0.614750 0.087965 -0.783801
-4.770111 -116.517768 -2279.938223 -1308.666948 -0.301484 0.947282 -0.108465 -0.500643 -0.254088 -0.827524 0.811458 0.195183 -0.550854
0.283106 -105.819955 -3032.754935 4149.118327 -0.557743 0.826363 -0.077770 0.827342 0.561013 0.027726 -0.066542 0.048878 0.996586
-0.191214 -121.371792 -1322.112467 3839.964446 -0.542515 0.833779 -0.102417 0.815576 0.551995 0.173600 -0.201278 -0.010652 0.979476
3.667488 -132.415281 -2462.927838 20676.966573 -0.549939 0.829698 -0.095752 0.807242 0.557440 0.193963 -0.214306 -0.029373 0.976325
7.038731 -106.524956 4288.245883 8199.200631 0.563984 -0.822713 0.071171 0.824994 0.565120 -0.004952 -0.036146 0.061509 0.997452
-0.561945 -1251.451437 912.398429 -303385.050464 -0.687082 0.719861 -0.098587 0.657244 0.673613 0.338049 -0.309757 -0.167471 0.935951
17.509473 -662.127792 -11654.749629 -93439.885053 0.783566 -0.607962 0.128088 0.472888 0.717291 0.511732 -0.402991 -0.340405 0.849543
5.011360 -1971.805695 1253.936809 -486843.751208 -0.631806 0.769328 -0.094635 0.445209 0.460118 0.768167 -0.634516 -0.443200 0.633216
-34.768881 -1299.965601 16174.157371 307438.314258 -0.540399 0.841408 -0.001582 0.613918 0.395577 0.683099 -0.575390 -0.368175 0.730324
12.503738 -1784.389507 -4868.202406 -616527.879617 -0.699797 0.703058 -0.126466 0.632432 0.692083 0.347924 -0.332135 -0.163495 0.928954
-52.828411 -11739.719820 45200.142629 7435684.035899 0.789361 -0.449238 0.418443 -0.597736 -0.406864 0.690777 0.140073 0.795391 0.589688
-331.374331 -4775.642950 -6758.803674 -2360407.501671 0.792169 -0.274724 0.544973 -0.585572 -0.090524 0.805550 0.171971 0.957252 0.232581
88.551524 -2323.822879 -20737.299193 1148197.494120 -0.756747 0.627935 -0.181745 0.635349 0.771924 0.021570 0.153838 -0.099149 -0.983109
184.814205 -484.525353 -14523.542203 -137847.899597 0.460533 -0.356030 0.813112 0.188009 0.934377 0.302642 -0.867503 0.013495 0.497248
57.146345 -4256.942680 -9819.674491 49892.176342 -0.752879 0.568397 -0.331810 0.549285 0.820372 0.158983 0.362573 -0.062563 -0.929853
11984.142477 35.671480 -69730423.912801 -10314.122596 -0.613053 -0.470151 0.634920 0.771138 -0.530845 0.351495 0.171789 0.705097 0.687988
-14.378074 -36.670191 -587.435690 536.915322 0.683045 -0.713638 -0.155465 0.586460 0.409017 0.699120 0.435331 0.568705 -0.697898
-13.875574 -35.377516 134.127552 5.358573 0.662057 -0.742485 -0.101964 0.597547 0.440841 0.669774 0.452347 0.504357 -0.735531
-14.139546 -36.103378 -329.551487 273.473767 -0.627682 0.762425 0.157237 0.673862 0.431007 0.600119 0.389775 0.482640 -0.784305
18.500090 -125.491427 2383.482537 -535.158438 -0.266862 0.952079 0.149431 -0.835789 -0.151434 -0.527754 0.479835 0.265730 -0.836150
11.673644 -159.032040 586.281068 7859.672554 -0.337532 0.938195 0.076566 -0.601744 -0.152507 -0.783993 0.723862 0.310696 -0.616029
11.595225 -99.158694 133.706242 -3262.653979 -0.275810 0.953793 0.119197 -0.697842 -0.113414 -0.707216 0.661019 0.278238 -0.696877
30.998788 -117.290510 -2261.170574 -3989.947733 -0.098492 0.978796 0.179607 0.978410 0.062293 0.197060 0.181694 0.195138 -0.963799
27.854037 -158.612424 2182.593437 -8101.402726 -0.237744 0.964347 0.116248 -0.931185 -0.192230 -0.309747 0.276357 0.181889 -0.943686
12.719528 -90.243733 -320.315260 5308.149705 -0.146049 0.972089 0.183608 -0.903601 -0.055530 -0.424760 0.402709 0.227945 -0.886491
6.503455 -196.965785 -3466.318781 20524.336383 0.819576 0.122191 0.559790 0.526089 -0.547535 -0.650720 -0.226992 -0.827813 0.513030
13.513379 -236.943556 -1065.945881 54916.694177 0.840066 0.111925 0.530812 0.541494 -0.232096 -0.808032 -0.032760 -0.966232 0.255582
11.384440 -162.623952 -1305.709700 24824.395105 0.862088 0.014727 0.506545 0.493259 -0.253568 -0.832105 -0.116189 -0.967205 0.225862
3.401356 -160.888302 -3703.272001 11560.733422 0.866831 -0.051215 0.495964 0.440703 -0.386545 -0.810163 -0.233205 -0.920848 0.312498
-57.349648 -79.845659 2257.746873 943.869772 0.080146 0.996780 -0.002318 0.972573 -0.078709 -0.218875 0.218352 -0.015288 0.975750
-49.232800 -74.749561 -843.745482 3284.159644 0.387897 0.880357 -0.272961 0.834302 -0.461239 -0.301991 0.391760 0.110591 0.913397
-54.452766 -78.037705 1258.765940 427.470627 0.285756 0.946780 -0.148160 0.929697 -0.311386 -0.196731 0.232396 0.081526 0.969198
45.028790 -121.901682 5546.828175 19483.475764 0.276218 -0.377053 -0.884045 0.950180 0.245369 0.192229 0.144437 -0.893098 0.426044
49.350461 -155.077825 -2534.144030 20621.828480 0.258900 -0.494640 -0.829640 0.957864 0.020884 0.286462 -0.124370 -0.868847 0.479204
54.757912 -128.189900 -966.512017 15553.749988 0.292759 -0.538885 -0.789871 0.951049 0.249623 0.182194 0.098988 -0.804545 0.585585
55.865161 -89.121326 1881.625260 7875.969418 0.276055 -0.479497 -0.832992 0.920165 0.382209 0.084933 0.277652 -0.789936 0.546727
18.713273 -21.976191 -1907.907070 2033.063427 -0.500597 0.859975 0.099222 0.746590 0.370869 0.552322 -0.438185 -0.350569 0.827705
17.272858 -22.854701 817.747153 2646.563667 -0.470151 0.882353 0.020272 0.721753 0.371155 0.584223 -0.507967 -0.289304 0.811340
-4.683526 -60.814530 529.989318 -673.850260 0.510261 0.779762 -0.362775 0.849792 -0.392279 0.352095 0.132242 -0.487944 -0.862799
-7.138056 -62.173522 1017.333714 -1318.111600 0.521306 0.769947 -0.367997 0.846853 -0.413562 0.334374 0.105260 -0.485951 -0.867624
-5.868895 -56.356774 2441.873885 -1889.161604 0.500556 0.794056 -0.344847 0.865125 -0.473387 0.165719 -0.031656 -0.381287 -0.923914
-5.831128 -63.459494 1240.906396 787.874947 0.529890 0.771287 -0.352609 0.793883 -0.304893 0.526108 0.298273 -0.558710 -0.773871
-2.272641 -59.694580 153.718832 2031.940615 0.517336 0.776793 -0.359106 0.818033 -0.325616 0.474126 0.251367 -0.539043 -0.803895
-4.602308 -61.865157 951.837735 1433.256718 0.535675 0.776212 -0.332487 0.771528 -0.289860 0.566326 0.343214 -0.559890 -0.754140
2.980288 -74.914357 247.200365 -2819.843762 0.537901 0.818357 -0.202373 0.658390 -0.557742 -0.505417 0.526483 -0.138624 0.838808
1.264226 -67.597532 366.883796 -2138.845239 0.512411 0.839600 -0.180295 0.773366 -0.542447 -0.328112 0.373283 -0.028694 0.927274
0.789812 -72.173873 1077.358652 -3088.711099 0.495860 0.847973 -0.187255 0.763479 -0.528441 -0.371282 0.413790 -0.041139 0.909442
-2.606636 -68.913707 1967.478899 -1324.842912 0.465079 0.868378 -0.172106 0.836043 -0.494763 -0.237151 0.291089 0.033594 0.956106
-3.057529 -74.125584 1642.321064 -3594.573758 0.449111 0.878678 -0.161938 0.812780 -0.477053 -0.334379 0.371065 -0.018554 0.928422
2.530582 -77.806013 664.638988 -2430.549181 0.494712 0.849482 -0.183415 0.674887 -0.508494 -0.534754 0.547529 -0.140765 0.824862
-0.122547 -141.229105 -1244.607167 -996.493986 0.190447 0.928818 0.317849 0.932538 -0.272339 0.237076 -0.306763 -0.251256 0.918023
-1.427509 -128.204176 478.489130 2724.187040 -0.186797 -0.937331 -0.294137 0.951407 -0.247216 0.183601 -0.244810 -0.245548 0.937963
83.846877 -10.264090 32723.918101 1727.602890 0.839356 -0.543444 0.012235 -0.296500 -0.476582 -0.827622 -0.455597 -0.691041 0.561153
554.362270 -43.018550 155286.656095 2790.685992 0.813237 -0.570973 0.112410 -0.253877 -0.521919 -0.814338 -0.523634 -0.633712 0.569401
-0.374020 -39.898286 2949.933873 2817.381450 0.430549 0.829931 -0.354742 -0.832443 0.517033 0.199285 -0.348806 -0.209501 -0.913479
3.809478 -41.586233 3588.306377 4033.968396 0.440096 0.826740 -0.350453 -0.847840 0.511136 0.141091 -0.295775 -0.235034 -0.925892
-5.356006 -45.331475 1121.390984 3796.845017 0.454802 0.806943 -0.376826 -0.837502 0.531424 0.127198 -0.302896 -0.257743 -0.917509
2.302902 -137.626700 -1005.949288 -6370.360140 0.141473 0.989774 0.018236 -0.903456 0.121561 0.411084 -0.404664 0.074633 -0.911415
1.881918 -129.563001 -838.249040 -6156.656082 0.183092 0.983040 0.010496 -0.977075 0.180780 0.112438 -0.108634 0.030842 -0.993603
3.077654 -135.182545 -411.278215 -1600.986694 0.172961 0.984624 0.024492 -0.945081 0.158911 0.285602 -0.277318 0.072545 -0.958035
2.795800 -153.416326 1167.853450 13941.553624 0.338769 -0.138767 0.930580 0.670964 -0.657732 -0.342338 0.659577 0.740360 -0.129712
1.741601 -126.579989 -822.068862 -6517.179341 -0.284464 0.110691 -0.952275 -0.473505 0.847476 0.239955 0.833591 0.519165 -0.188663
-11.952159 -59.854522 -1391.703889 109.258792 0.544197 0.260240 0.797574 -0.048882 0.958893 -0.279525 -0.837532 0.113130 0.534548
-16.550013 -68.840642 2034.723001 -3896.256910 0.571158 0.017633 0.820651 0.189222 0.970014 -0.152538 -0.798732 0.242408 0.550695
-21.380996 -75.151318 1975.306839 -7633.151687 0.532553 -0.038572 0.845518 0.318104 0.934846 -0.157712 -0.784345 0.352953 0.510124
-10.345635 -252.536494 243.540764 24203.827288 0.290501 -0.199384 0.935871 0.854989 -0.385077 -0.347433 0.429656 0.901089 0.058606
-11.483540 -261.757960 1301.061692 13755.526165 0.298274 -0.190815 0.935213 0.899036 -0.272915 -0.342420 0.320572 0.942925 0.090146
-7.877979 -275.834408 173.290935 35486.603122 0.161851 -0.212420 0.963681 0.982903 -0.052173 -0.176580 0.087788 0.975785 0.200344
19.508046 -749.933916 5016.299074 215490.176160 0.257974 -0.159276 0.952933 0.964409 0.101675 -0.244086 -0.058012 0.981984 0.179837
5.017865 -503.161667 2002.920765 102080.398519 0.140596 -0.242606 0.959883 0.928592 0.368622 -0.042845 -0.343439 0.897363 0.277109
-6.703158 -328.174608 -2881.774001 44534.256260 0.062318 -0.224894 0.972388 0.958444 0.285243 0.004546 -0.278389 0.931697 0.233324
-11.039254 -213.231984 -1981.669766 12134.250945 0.129308 -0.211937 0.968691 0.989233 -0.039957 -0.140792 0.068545 0.976466 0.204488
-10.243445 -185.197828 -302.526242 15872.895886 0.260735 -0.213407 0.941528 0.910506 -0.269848 -0.313308 0.320932 0.938957 0.123949
-9.422221 -57.517973 848.691753 3850.697666 0.355634 -0.354127 0.864939 0.747553 -0.447680 -0.490660 0.560972 0.821083 0.105519
2.896960 -75.455915 1223.363782 5996.772257 0.363771 -0.373881 0.853161 0.840063 -0.264038 -0.473896 0.402447 0.889099 0.218034
15.146830 -46.847787 -3185.929336 2673.158747 0.358665 -0.367372 0.858136 0.013478 0.921242 0.388755 -0.933369 -0.127867 0.335369
11.571604 -33.464921 -2636.387090 3565.048023 0.368958 -0.417392 0.830454 0.163986 0.908710 0.383868 -0.914865 -0.005448 0.403723
15.601778 -36.851621 -201.468407 3024.651603 0.455562 -0.341128 0.822250 0.082519 0.935870 0.342546 -0.886371 -0.088200 0.454496
19.601637 -46.142230 248.927944 1287.164668 0.464506 -0.318146 0.826449 -0.059895 0.919816 0.387752 -0.883542 -0.229614 0.408205
4.907852 -298.375878 173.867180 78661.920757 0.098867 0.158591 -0.982382 -0.558966 0.825605 0.077028 0.823275 0.541503 0.170272
24.148125 -129.798057 4782.699312 -5442.498128 0.058488 0.389283 -0.919259 -0.642374 0.719545 0.263838 0.764156 0.575077 0.292150
-5.092167 -39.021468 -176.772053 -2462.295494 -0.628669 -0.761830 0.156174 0.773269 -0.633715 0.021432 0.082643 0.134238 0.987497
-6.749678 -44.371631 -1195.871466 1161.112881 -0.619116 -0.762980 0.185893 0.783080 -0.617604 0.073147 0.058998 0.190856 0.979844
-35.393994 -52.553051 -19777.987078 3371.533401 -0.443527 0.272631 0.853789 -0.271742 0.866866 -0.417972 -0.854073 -0.417392 -0.310393
-51.046945 -75.839093 -19475.748726 8439.414778 -0.338102 0.170923 0.925458 -0.458462 0.828880 -0.320578 -0.821888 -0.532675 -0.201884
-53.191345 -67.896725 3220.467992 -15684.538935 -0.312926 0.879781 -0.357859 -0.267457 0.279909 0.922018 -0.911342 -0.384235 -0.147713
5.826742 -47.165685 -3126.293191 -589.079917 -0.279027 0.950650 0.135675 0.950392 0.253156 0.180742 0.137476 0.179376 -0.974128
6.382225 -49.343307 -2022.136130 1810.320564 -0.263617 0.950961 0.161798 -0.933397 -0.209135 -0.291602 0.243465 0.227893 -0.942756
1.582590 -49.870592 -1689.586626 597.833906 -0.260950 0.950247 0.170107 -0.892049 -0.170007 -0.418743 0.368990 0.261015 -0.892030
-8.157488 -59.459992 -398.514378 4015.947075 -0.547792 0.831180 -0.095200 -0.317040 -0.100936 0.943026 -0.774215 -0.546765 -0.318810
-8.540666 -51.865209 -506.004640 -1846.587137 -0.533928 0.838418 -0.109431 -0.466562 -0.184207 0.865094 -0.705153 -0.512954 -0.489528
-6.582026 -55.589185 -504.350153 -1879.724341 -0.553827 0.822536 -0.129268 -0.461801 -0.174258 0.869698 -0.692831 -0.541359 -0.476357
-7.667388 -51.723721 -419.321143 -5772.054054 -0.517647 0.839613 -0.164596 -0.615013 -0.231401 0.753799 -0.594812 -0.491430 -0.636157
-9.391897 -49.507574 -350.225293 -7195.574420 -0.494199 0.857368 -0.143832 -0.610290 -0.224324 0.759753 -0.619123 -0.463248 -0.634104
-0.259892 -58.805735 -963.807346 -450.674265 -0.479600 0.868037 0.128436 0.628548 0.441973 -0.639990 0.612300 0.226211 0.757574
1.627497 -58.630621 -1294.925956 -668.066591 -0.473077 0.869774 0.140327 0.702630 0.468563 -0.535499 0.531515 0.154735 0.832796
22.466203 -82.097328 -95.221780 792.538189 -0.594974 0.786819 0.164081 0.155796 0.313173 -0.936830 0.788501 0.531826 0.308913
22.148874 -93.314181 563.804722 9230.855650 -0.630760 0.757726 0.167310 0.272270 0.418015 -0.866679 0.726644 0.501113 0.469973
10.547576 -87.209092 1303.805599 -833.966576 -0.584848 0.811123 0.005650 0.577730 0.411654 0.704818 -0.569369 -0.415475 0.709366
11.353279 -105.517518 524.942985 -3661.071137 -0.614355 0.788479 0.029483 0.728147 0.552161 0.406104 -0.303925 -0.270960 0.913351
12.289071 -96.513343 993.321279 -1099.182892 -0.602367 0.798029 0.017432 0.635853 0.466523 0.614855 -0.482540 -0.381453 0.788447
-6.475817 -53.094414 -325.187625 1681.523574 -0.156484 0.987537 -0.016819 -0.808553 -0.137864 -0.572045 0.567235 0.075917 -0.820050
-5.541256 -50.321750 -491.757499 2467.674187 -0.032274 0.993349 0.110529 -0.778812 0.044316 -0.625690 0.626427 0.106275 -0.772201
3.192161 -125.772760 -164.881130 -7689.169108 0.797776 -0.602787 -0.014166 0.304906 0.383045 0.871957 0.520178 0.699946 -0.489377
1.827284 -115.883961 1079.815499 -4958.850317 0.784870 -0.619661 0.000002 0.392622 0.497302 0.773653 0.479404 0.607216 -0.633609
2.864832 -124.261693 773.156623 -4704.135366 0.799652 -0.600460 -0.002043 0.421565 0.558982 0.714019 0.427598 0.571828 -0.700124
-5.618407 -105.989523 -836.860790 1955.018610 -0.370933 0.918635 -0.136085 -0.804723 -0.391098 -0.446612 0.463496 0.056153 -0.884318
-7.934471 -102.260616 -61.041365 3272.847852 -0.380955 0.918349 -0.107279 -0.752812 -0.375445 -0.540662 0.536793 0.125207 -0.834372
-10.032892 -150.139570 1064.703730 -12822.334231 -0.660758 0.735707 -0.148775 0.740740 0.671161 0.029094 -0.121256 0.090980 0.988443
-5.936685 -125.474921 -1370.556355 -524.271039 -0.584321 0.807175 -0.083896 0.793265 0.589920 0.150750 -0.171173 -0.021535 0.985006
-10.531365 -125.749254 1020.879102 -7360.718680 0.657847 -0.748938 0.079559 0.753121 0.653189 -0.078440 0.006780 0.111519 0.993739
-12.350053 -162.779151 1093.009050 -20026.549974 0.680150 -0.729784 0.069363 0.708818 0.630558 -0.316188 0.187011 0.264221 0.946158
-12.010893 -160.102496 -716.497234 -19001.842522 0.692029 -0.708939 0.136019 0.716663 0.652140 -0.247201 0.086547 0.268550 0.959370
29.173266 -348.513628 -813.866614 -11161.546680 -0.683175 0.728918 -0.044175 0.318695 0.352030 0.880061 -0.657043 -0.587157 0.472801
19.847887 -897.244593 -572.852026 296988.834166 0.778727 -0.624849 0.056102 -0.376313 -0.536786 -0.755149 -0.501969 -0.566943 0.653149
53.680952 -1443.671806 -7113.467077 -565140.463986 0.746273 -0.665116 0.026409 0.604004 0.693311 0.393064 -0.279743 -0.277382 0.919132
28.322971 -894.734446 -4739.834051 161570.590647 0.747191 -0.659635 0.081164 -0.664360 -0.744664 0.064044 -0.018194 0.101775 0.994641
-12.776497 -232.132939 2793.188381 3114.468672 -0.812282 0.564598 -0.146378 0.373681 0.696444 0.612640 0.447840 0.442938 -0.776689
-10.367338 -31.837336 -1112.173165 -517.997708 -0.493425 0.856992 0.148646 -0.762721 -0.344176 -0.547540 0.418077 0.383545 -0.823471
-6.802535 -30.493629 -318.213520 -434.941746 -0.394224 0.897160 0.199226 -0.824391 -0.249416 -0.508106 0.406162 0.364548 -0.837937
-6.680890 -31.832845 -868.091167 276.757951 -0.404360 0.893557 0.195063 0.850407 0.288836 0.439752 0.336602 0.343701 -0.876680
-5.528028 -30.619288 150.225469 -118.926068 -0.350284 0.910866 0.218229 -0.866256 -0.226432 -0.445342 0.356233 0.345038 -0.868359
-15.855580 -802.102240 1601.588202 294758.638210 -0.313027 0.949538 0.019821 -0.531158 -0.157725 -0.832462 0.787328 0.271111 -0.553727
49.255115 -1175.680293 -9122.331805 435619.011619 -0.310480 0.943383 0.116754 -0.433052 -0.031035 -0.900835 0.846208 0.330252 -0.418169
10.862801 -146.618571 -44.683771 11923.694701 -0.369380 0.928055 0.047660 -0.486761 -0.149541 -0.860640 0.791594 0.341102 -0.506979
-39.884058 -69.571632 -2513.567799 595.553246 0.189934 0.973507 0.127316 0.935888 -0.140334 -0.323142 0.296714 -0.180529 0.937747
-20.075052 -68.707480 -8211.932803 2447.741407 0.149931 0.955238 0.255031 0.904322 -0.028227 -0.425917 0.399654 -0.294488 0.868075
-20.467387 -70.508071 -6274.840192 10386.551621 0.118982 0.955706 0.269203 0.765292 0.084468 -0.638117 0.632591 -0.281943 0.721343
36.239524 -143.761159 5678.329050 16140.130256 0.284035 -0.346114 -0.894164 0.947495 -0.041549 0.317059 -0.146890 -0.937272 0.316140
43.014232 -138.977064 -1682.472272 449.694600 0.241419 -0.466436 -0.850973 0.848799 -0.323557 0.418151 -0.470379 -0.823255 0.317798
41.728080 -136.480061 -4112.028285 6557.662714 0.248839 -0.536489 -0.806386 0.875959 -0.230577 0.423711 -0.413250 -0.811796 0.412566
20.681911 -26.110213 1817.713225 -2106.859036 -0.518826 0.846305 -0.120777 0.743042 0.516291 0.425831 -0.422739 -0.131190 0.896706
6.019593 -22.305687 3646.465152 -246.518563 -0.627701 0.729623 -0.271369 0.588738 0.673012 0.447709 -0.509293 -0.121262 0.852007
10.482814 -24.989865 3497.247659 -1209.217114 -0.587999 0.770905 -0.244873 0.654987 0.631430 0.415076 -0.474604 -0.083675 0.876213
22.403652 -44.089314 18514.777388 -1571.596057 -0.340534 0.473296 -0.812421 0.758060 0.649367 0.060557 0.556221 -0.595242 -0.579918
-5.265077 -44.954966 4361.609368 -1519.033700 -0.101396 0.520133 -0.848045 0.788359 0.561951 0.250403 0.606802 -0.643174 -0.467031
149.664864 -24.534016 67600.239541 4372.741488 -0.610989 0.256865 -0.748807 0.659686 0.688091 -0.302233 0.437615 -0.678639 -0.589866
-1.508373 -47.228830 8192.261015 -113.829297 -0.198021 0.481319 -0.853885 0.678973 0.695649 0.234667 0.706954 -0.533296 -0.464556
199.297811 -47.661728 -67983.010346 6478.400253 0.689619 -0.128447 0.712690 0.552463 0.729594 -0.403085 0.468199 -0.671710 -0.574104
52.791597 -45.624529 22015.111193 -1699.759158 -0.471636 0.298203 -0.829840 0.612336 0.787932 -0.064875 0.634511 -0.538738 -0.554217
-7.092460 -57.885148 715.943893 -1804.376914 0.506502 0.769378 -0.389247 0.861410 -0.471302 0.189332 -0.037785 -0.431199 -0.901466
-6.988983 -63.235992 -580.883384 -652.995232 0.518808 0.751694 -0.407178 0.844388 -0.376147 0.381474 0.133593 -0.541728 -0.829870
3.121189 -71.009235 -706.031795 -2908.846656 0.566995 0.801984 -0.187985 0.654305 -0.577133 -0.488675 0.500401 -0.154077 0.851973
2.143314 -65.386255 -565.646092 -2077.308659 0.541785 0.823421 -0.168663 0.748866 -0.564009 -0.347984 0.381665 -0.062227 0.922204
0.113085 -147.976265 84.261058 -1763.382337 0.210155 0.935727 0.283284 0.930650 -0.280243 0.235276 -0.299542 -0.214194 0.929729
0.219036 -156.202730 82.969475 2442.101875 -0.229303 -0.930023 -0.287188 0.968027 -0.248725 0.032550 -0.101703 -0.270542 0.957321
-1.215393 -151.798548 -20.168452 8123.327420 -0.266109 -0.922758 -0.278755 0.928994 -0.168341 -0.329592 0.257207 -0.346669 0.902034
-2.408684 -137.682657 -21.386422 10001.791649 -0.275479 -0.920295 -0.277793 0.892282 -0.137265 -0.430107 0.357694 -0.366355 0.858976
3.701801 -11.596653 11131.027375 -278.617639 0.756633 -0.633152 -0.163171 -0.461373 -0.340185 -0.819395 -0.463294 -0.695264 0.549515
9.905750 -11.199583 7511.358766 -2163.023648 0.744985 -0.661924 -0.082795 -0.430873 -0.382719 -0.817236 -0.509261 -0.644502 0.570325
1.592624 -38.297440 2672.407144 -1011.019131 0.424881 0.827795 -0.366376 -0.816258 0.525325 0.240324 -0.391405 -0.196948 -0.898895
1.074436 -56.540220 417.322095 -1424.243637 0.571021 0.802974 -0.170786 0.595515 -0.548359 -0.587081 0.565063 -0.233530 0.791308
1.400636 -56.000117 1001.235049 -412.510882 0.577085 0.794443 -0.189296 0.500026 -0.526968 -0.687225 0.645714 -0.301934 0.701348
1.183035 -170.487237 50.811602 -8529.608401 0.186192 0.981383 0.047115 -0.973252 0.177656 0.145670 -0.134587 0.072978 -0.988211
2.449896 -155.075702 969.113633 -3674.107447 0.168650 0.982712 0.076384 -0.907687 0.124628 0.400714 -0.384266 0.136913 -0.913014
2.392734 -151.172071 681.051452 -2758.151462 0.194396 0.979061 0.060410 -0.963178 0.178856 0.200745 -0.185737 0.097209 -0.977779
-10.665421 -68.530715 1555.428843 2643.878746 0.573921 0.192620 0.795935 -0.042311 0.977620 -0.206080 -0.817817 0.084597 0.569227
-11.191997 -69.392380 3036.793977 -2806.251995 0.581005 -0.024925 0.813518 0.173984 0.980230 -0.094225 -0.795087 0.196284 0.573855
-5.760061 -520.764141 -511.802430 -90993.394935 0.380665 -0.219466 0.898292 0.706047 -0.558340 -0.435608 0.597154 0.800057 -0.057587
-13.460571 -338.615043 -674.008092 21.426055 0.345659 -0.126592 0.929782 0.886135 -0.281916 -0.367816 0.308683 0.951051 0.014731
-4.926722 -28.834135 -1480.703454 -2589.121605 0.724227 -0.455736 0.517494 -0.244232 0.532291 0.810566 0.644861 0.713423 -0.274194
-11.319565 -32.198651 -1900.929339 -2188.334213 0.714303 -0.500924 0.488719 -0.251494 0.467950 0.847215 0.653086 0.728078 -0.208279
-7.410992 -22.912907 -2200.295322 -2048.955208 0.739326 -0.507257 0.442817 -0.142593 0.524773 0.839214 0.658076 0.683596 -0.315647
9.003133 -11.758009 -268.898132 3378.003670 0.415935 -0.446062 0.792481 0.325724 0.886696 0.328136 -0.849059 0.121647 0.514101
8.048205 -19.815248 -2383.529660 4007.886379 0.345117 -0.501088 0.793602 0.315417 0.858297 0.404770 -0.883972 0.110623 0.454265
5.403945 -10.002838 -1852.167555 1816.494149 0.266473 -0.656046 0.706113 0.414790 0.739348 0.530391 -0.870024 0.151554 0.469137
5.285985 -2.238660 -655.584564 -187.416221 -0.297827 0.746129 -0.595475 0.422881 0.662358 0.618429 -0.855845 0.067631 0.512792
-14.457633 -514.206762 896.347725 126228.999239 0.041566 -0.026490 -0.998785 -0.340737 0.939345 -0.039094 0.939239 0.341948 0.030018
-0.874728 -63.947171 -14100.261726 8927.188584 -0.426660 0.304255 0.851698 -0.308656 0.836192 -0.453338 -0.850113 -0.456302 -0.262860
-6.057804 -89.824922 -14099.849132 14358.232148 -0.391528 0.276426 0.877664 -0.445200 0.777834 -0.443589 -0.805297 -0.564414 -0.181479
-39.699096 -113.734934 -19684.397843 14948.852936 -0.343048 0.214870 0.914412 -0.596143 0.702502 -0.388722 -0.725901 -0.678470 -0.112899
-90.977028 -102.685460 -22665.891065 14653.590820 -0.276542 0.308119 0.910268 -0.539833 0.733831 -0.412399 -0.795050 -0.605438 -0.036603
-14.609250 -68.588193 -2016.296200 14433.635462 0.080448 0.965040 -0.249452 -0.194077 0.260638 0.945728 -0.977682 0.027669 -0.208260
-10.710920 -52.753103 -551.858266 8280.438924 0.207719 0.855748 -0.473866 -0.111292 0.501961 0.857700 -0.971837 0.125423 -0.199505
-24.737999 -85.448915 -3778.213246 22477.264003 0.131441 0.953581 -0.270937 -0.103697 0.285035 0.952891 -0.985886 0.097153 -0.136348
