19841
39673
-35.754856 -51.922766 569.621196 4748.771317 0.959817 0.243051 0.140279 0.080266 -0.716762 0.692683 -0.268904 0.653589 0.707469
-39.285960 -60.780385 738.588337 3380.168710 0.956126 0.289456 0.045160 0.145208 -0.602134 0.785079 -0.254438 0.744076 0.617747
-42.653632 -68.147170 -739.397925 8921.219181 0.776550 0.585857 -0.231825 0.534359 -0.417458 0.734976 -0.333814 0.694623 0.637234
-33.033639 -51.679725 911.914422 2714.620972 0.970349 0.009413 0.241526 -0.164636 -0.705864 0.688949 -0.176970 0.708284 0.683385
-36.884796 -57.642169 -2840.811219 9924.448451 0.786890 0.603411 -0.129226 0.522540 -0.540150 0.659689 -0.328262 0.586629 0.740345
-31.974132 -43.942732 587.069967 5550.815247 0.956780 0.092784 0.275615 -0.085316 -0.816481 0.571033 -0.278018 0.569868 0.773277
-28.391267 -44.528869 1515.645315 2525.543109 0.915873 -0.150576 0.372161 -0.345494 -0.767758 0.539613 -0.204477 0.622796 0.755192
28.389218 -38.197501 189.097635 785.207937 0.847521 0.432259 0.307994 0.515033 -0.809999 -0.280434 -0.128254 -0.396301 0.909119
29.550891 -42.241665 -2608.522213 -1472.039960 0.909453 0.274277 0.312519 0.388578 -0.828124 -0.404002 -0.147996 -0.488859 0.859718
23.057558 -17.952925 -3357.673383 -4449.928280 0.853728 0.366994 0.369411 0.477164 -0.835393 -0.272823 -0.208479 -0.409186 0.888315
30.278596 -23.761479 2727.947633 2330.943894 0.707455 0.605688 0.364211 0.668342 -0.740916 -0.066053 -0.229842 -0.290147 0.928971
17.016800 -10.889599 -2362.846470 3638.734009 -0.521899 -0.727983 -0.444592 0.800600 -0.597914 0.039225 -0.294383 -0.335469 0.894874
9.414409 -5.754440 -6055.084806 -12298.903789 0.870036 0.277556 0.407432 0.405845 -0.872429 -0.272318 -0.279872 -0.402280 0.871689
-19.442657 -50.251160 -17711.771752 -731.110273 0.281611 0.862089 0.421305 0.120335 -0.467339 0.875850 -0.951953 0.195951 0.235347
16.808683 -45.870149 -21320.399569 -964.236629 0.262079 0.835861 0.482338 0.158331 -0.530278 0.832909 -0.951969 0.141919 0.271318
-20.695092 -52.291945 -13127.385763 -1878.254952 0.242019 0.934859 0.259741 0.317319 -0.329240 0.889331 -0.916916 0.132815 0.376331
-41.016093 -56.720126 -7645.005172 -3237.764841 0.224681 0.974036 -0.027789 0.395533 -0.065100 0.916142 -0.890546 0.216831 0.399891
-39.101774 -59.856314 -6057.689837 -1861.977816 0.126116 0.982739 -0.135346 0.539463 0.046557 0.840721 -0.832511 0.179042 0.524280
-15.768865 -52.729063 -11692.979428 -1605.536082 0.207895 0.954630 0.213216 0.441919 -0.286130 0.850198 -0.872632 0.082528 0.481354
25.605546 -42.240441 5047.509097 -485.129391 0.825684 0.563868 -0.017309 0.481018 -0.719733 -0.500605 0.294733 -0.405015 0.865503
29.710143 -43.567354 528.109059 48.438780 0.843870 0.533493 0.057181 0.486419 -0.715691 -0.501182 0.226453 -0.450746 0.863451
27.964046 -42.888795 4895.173788 94.599168 0.835616 0.549128 -0.014282 0.489275 -0.755853 -0.435081 0.249710 -0.356573 0.900278
20.401703 -41.639987 5589.474051 219.351812 0.821363 0.567876 -0.053655 0.479549 -0.738406 -0.474120 0.308861 -0.363694 0.878824
21.166602 -42.006148 6105.179463 123.917567 0.828417 0.556391 -0.064456 0.492756 -0.778667 -0.388418 0.266302 -0.290010 0.919226
27.621282 -43.087579 4062.193592 177.390603 0.843460 0.537001 -0.014310 0.501097 -0.796108 -0.339284 0.193588 -0.279002 0.940575
30.957151 -29.289147 -2170.762353 5573.010313 0.887405 -0.440251 0.136717 0.298982 0.323907 -0.897605 -0.350888 -0.837415 -0.419063
34.521372 -23.065927 41.295856 -332.051540 0.905300 -0.386869 0.175397 0.314558 0.333091 -0.888878 -0.285456 -0.859874 -0.423240
24.611374 -25.654711 -6454.578109 4239.722499 0.862813 -0.505176 0.018747 0.251093 0.396078 -0.883218 -0.438755 -0.766759 -0.468587
25.044047 -34.987310 -7600.837068 8307.975298 0.853691 -0.517239 0.060627 0.275905 0.350466 -0.895014 -0.441689 -0.780793 -0.441898
-15.908388 -38.322077 -510.566040 2027.693675 0.779471 0.197517 0.594484 -0.355632 -0.641716 0.679505 -0.515704 0.741072 0.429956
-12.120773 -32.094406 -955.502455 3907.815018 0.796182 0.271614 0.540666 -0.230014 -0.690621 0.685665 -0.559632 0.670275 0.487385
-13.924150 -33.380947 -916.502444 3174.908053 0.773143 0.173709 0.609980 -0.328992 -0.712407 0.619872 -0.542231 0.679928 0.493643
2.684530 -50.759646 465.565963 -998.014060 0.866599 -0.083573 0.491957 0.222807 -0.817340 -0.531330 -0.446501 -0.570062 0.689686
1.599560 -51.555973 875.653906 -2794.411788 0.873896 -0.095550 0.476630 0.238998 -0.769353 -0.592432 -0.423303 -0.631638 0.649498
5.944268 -49.099414 1535.298798 -1950.061770 0.870045 -0.087598 0.485126 0.243819 -0.778830 -0.577907 -0.428454 -0.621089 0.656259
-1.418629 -52.066657 462.659225 -1560.521587 0.874868 -0.103986 0.473067 0.226414 -0.775609 -0.589209 -0.428185 -0.622589 0.655012
5.509079 -49.399871 383.539568 1019.734532 0.852325 -0.071630 0.518085 0.240703 -0.825714 -0.510155 -0.464332 -0.559523 0.686535
12.263028 -66.486286 -2994.161210 -3754.090296 0.876146 -0.242558 0.416574 0.479831 0.356089 -0.801850 -0.046158 -0.902422 -0.428373
7.495984 -67.292190 -1917.341483 -1892.623206 0.889232 -0.233234 0.393533 0.457283 0.429498 -0.778732 -0.012605 -0.872429 -0.488578
7.258474 -61.626793 -2707.972468 -3621.201589 0.874927 -0.253313 0.412716 0.475477 0.287849 -0.831303 -0.091780 -0.923567 -0.372291
9.891310 -59.380818 -3082.784472 -3481.334923 0.865608 -0.258628 0.428759 0.483630 0.210020 -0.849702 -0.129709 -0.942870 -0.306876
13.706606 -63.089399 -1351.534958 -4792.983587 0.869876 -0.218422 0.442276 0.489241 0.267661 -0.830061 -0.062924 -0.938429 -0.339693
17.244539 -94.799930 -3307.833336 -44.360032 -0.695233 -0.648636 -0.309712 -0.458196 0.731921 -0.504330 0.553812 -0.208718 -0.806058
17.880370 -97.282347 -1436.172937 1150.419169 -0.711013 -0.634869 -0.302326 -0.539730 0.768313 -0.344074 0.450723 -0.081467 -0.888938
21.559685 -100.189735 -2253.710636 -159.641575 -0.724625 -0.626827 -0.286367 -0.466448 0.752001 -0.465748 0.507292 -0.203917 -0.837301
24.995783 -95.285061 4608.237263 -4583.735038 0.703824 0.655097 0.274734 -0.338379 0.649222 -0.681183 0.624605 -0.386469 -0.678609
13.575081 -87.938785 4081.145935 -2500.306307 0.669553 0.673077 0.314113 -0.362347 0.665148 -0.652903 0.648386 -0.323335 -0.689239
-0.725286 -117.384702 299.122751 -9955.858085 0.707243 0.420125 0.568598 -0.260544 0.902553 -0.342803 -0.657210 0.094300 0.747785
-1.497551 -113.097389 51.001100 -9023.701287 0.700474 0.432386 0.567784 -0.269046 0.896864 -0.351070 -0.661022 0.093155 0.744561
-0.214499 -135.245641 227.349930 -10438.661323 0.698879 0.462080 0.545939 -0.127515 0.831564 -0.540594 -0.703781 0.308195 0.640085
-0.177385 -128.483605 -363.766164 -9152.076278 0.694930 0.447112 0.563172 -0.154719 0.857815 -0.490118 -0.702235 0.253464 0.665298
-0.204835 -126.972204 -487.790278 -9601.904668 0.694536 0.423273 0.581773 -0.223896 0.895634 -0.384332 -0.683733 0.136676 0.716819
6.125133 -67.434210 1746.762505 -3512.790836 0.792377 0.545844 0.272383 -0.450670 0.222859 0.864425 -0.411139 0.807705 -0.422584
2.426706 -75.400862 800.676403 -5095.476947 0.788569 0.546867 0.281238 -0.395589 0.100971 0.912861 -0.470816 0.831108 -0.295957
7.791053 -77.078272 2404.041182 -5612.950039 0.791915 0.550960 0.263276 -0.376519 0.101147 0.920871 -0.480733 0.828379 -0.287547
11.477023 -70.048477 3445.020352 -3657.296828 0.788002 0.553797 0.269000 -0.441214 0.203229 0.874087 -0.429398 0.807469 -0.404488
7.187349 -63.788328 1992.753612 -1135.536746 0.777819 0.556329 0.292395 -0.520526 0.309522 0.795769 -0.352207 0.771164 -0.530336
9.587116 -43.646662 497.226456 353.206073 0.884784 0.385016 0.262526 0.268068 0.040294 -0.962557 0.381179 -0.922030 0.067559
9.270436 -43.757828 -88.590157 -1015.437106 0.874154 0.392466 0.286051 0.307922 0.007574 -0.951381 0.375551 -0.919735 0.114228
11.180780 -41.548341 -221.560709 958.665494 0.869562 0.389097 0.304083 0.283396 0.111085 -0.952548 0.404412 -0.914475 0.013673
11.456368 -35.984111 248.302632 4504.298698 0.884486 0.375496 0.276926 0.231951 0.161109 -0.959293 0.404826 -0.912714 -0.055402
13.444738 -33.079851 -405.987868 7138.712724 0.863833 0.382667 0.327655 0.256787 0.225100 -0.939889 0.433420 -0.896045 -0.096185
22.552337 -59.667429 -5265.026264 -552.219733 0.693928 0.718665 -0.044550 0.474021 -0.409380 0.779559 -0.542004 0.562075 0.624743
23.963518 -69.717487 -4941.213762 3534.903769 0.743658 0.668441 -0.012660 0.334446 -0.355551 0.872771 -0.578895 0.653277 0.487965
34.726687 -57.773889 -10311.951898 3791.319973 0.722849 0.689279 -0.048835 0.431753 -0.395340 0.810737 -0.539518 0.607125 0.583369
43.252749 -54.525898 -12787.204926 753.088382 0.686093 0.722230 -0.087523 0.522894 -0.405896 0.749554 -0.505825 0.560029 0.656132
1.298396 -62.446419 313.442561 5536.727298 0.705497 0.590016 0.392626 -0.693295 0.459632 0.555050 -0.147025 0.663792 -0.733324
0.512754 -58.096952 -285.660851 5757.897396 0.708685 0.588146 0.389680 -0.683057 0.433685 0.587666 -0.176634 0.682643 -0.709083
0.332062 -54.252283 -476.182027 2173.629824 0.717071 0.587029 0.375775 -0.655942 0.386050 0.648618 -0.235689 0.711591 -0.661882
1.233082 -56.505824 283.312999 2413.093693 0.718558 0.585904 0.374688 -0.661815 0.410504 0.627286 -0.213719 0.698715 -0.682731
-3.165602 -91.745060 -1115.148218 794.096102 0.801283 0.326517 0.501331 0.595309 -0.351636 -0.722468 0.059612 -0.877348 0.476138
-1.730933 -94.110526 -825.201156 2720.889245 0.812176 0.319092 0.488416 0.568502 -0.244807 -0.785414 0.131052 -0.915560 0.380231
-2.179232 -88.446275 -90.878633 2794.855967 0.822167 0.326539 0.466277 0.533859 -0.158003 -0.830680 0.197577 -0.931884 0.304231
-3.532759 -82.474376 -780.048341 2931.318198 0.837934 0.321539 0.440997 0.483146 -0.061200 -0.873398 0.253843 -0.944916 0.206632
-3.714892 -86.252653 -751.873312 2250.671661 0.819753 0.325350 0.471330 0.549278 -0.213600 -0.807879 0.162168 -0.921153 0.353807
24.604396 -69.478463 -775.047340 679.677636 -0.424925 -0.190330 0.884993 0.880044 0.142146 0.453120 -0.212040 0.971375 0.107098
34.432228 -67.997062 -651.795995 5453.028376 -0.227417 -0.213480 0.950109 0.928244 0.247399 0.277772 -0.294355 0.945103 0.141899
41.968404 -76.833480 -3991.272795 6130.884748 -0.316971 -0.171109 0.932873 0.889324 0.288190 0.355034 -0.329594 0.942161 0.060823
-9.757021 -133.986321 -726.842883 -19942.286707 0.600930 -0.347254 -0.719929 0.465529 0.884220 -0.037918 0.649743 -0.312362 0.693011
-9.792997 -126.826935 -576.562011 -16692.121538 0.584245 -0.353708 -0.730444 0.538271 0.842469 0.022581 0.607389 -0.406370 0.682599
-11.225943 -168.234031 -654.543691 -28414.507009 0.583087 -0.374543 -0.720921 0.382369 0.909476 -0.163241 0.716801 -0.180474 0.673517
-3.136934 -181.549167 -1786.815823 16288.538310 0.471107 -0.530183 -0.704957 0.809825 -0.056811 0.583915 -0.349631 -0.845978 0.402591
-3.904184 -162.712375 -1830.560511 12562.651588 0.490228 -0.523981 -0.696506 0.807375 -0.028059 0.589371 -0.328362 -0.851268 0.409293
-1.870654 -154.565659 -2213.420062 1994.429772 0.520433 -0.534934 -0.665579 0.842302 0.193555 0.503054 -0.140274 -0.822425 0.551308
-0.745474 -177.874821 -1258.814432 7327.967958 0.500525 -0.526446 -0.687262 0.854386 0.172336 0.490230 -0.139639 -0.832559 0.536047
-2.516660 -224.646801 -677.912103 23045.051749 0.431427 -0.516113 -0.739931 0.800076 -0.160073 0.578148 -0.416833 -0.841430 0.343870
-8.693160 -100.134617 475.219088 188.765510 0.648603 0.133161 -0.749388 0.543762 -0.769996 0.333809 0.532575 0.623998 0.571830
-4.206367 -95.506431 -1077.195491 -5252.582910 -0.639236 -0.138461 0.756443 0.676283 -0.569485 0.467257 0.366086 0.810257 0.457674
-7.930312 -100.029557 -322.733092 -2380.037269 0.674181 0.135517 -0.726027 0.576432 -0.711121 0.402534 0.461742 0.689886 0.557540
-9.530955 -101.816753 -739.075390 -2593.562956 0.692973 0.118997 -0.711075 -0.434364 0.856099 -0.280040 0.575427 0.502925 0.644942
-10.848841 -99.234556 -501.078958 -3798.114845 0.673175 0.116539 -0.730243 -0.384577 0.898628 -0.211111 0.631614 0.422949 0.649752
20.916852 -392.829353 -1862.666508 73161.540523 0.747035 -0.631934 -0.206391 0.181661 -0.104597 0.977783 0.639482 0.767931 -0.036660
12.951256 -233.536580 -3253.370298 -32440.003960 -0.691850 0.705974 0.151474 0.034341 0.241721 -0.969738 0.721224 0.665711 0.191479
3.167829 -281.126506 2671.355645 -48795.576237 -0.744795 0.628429 0.224402 0.101596 0.439159 -0.892646 0.659513 0.642041 0.390930
-2.185491 -295.086241 -5491.272625 42506.089808 0.767362 -0.567444 -0.298603 0.019806 -0.444486 0.895567 0.640909 0.693138 0.329842
-7.189346 -231.725718 -4780.498270 -33338.669013 0.753753 -0.573385 -0.321070 0.197143 0.663367 -0.721858 0.626889 0.480806 0.613054
11.043535 -112.003882 745.263978 1677.708693 0.713048 0.000201 -0.701115 -0.320340 0.889611 -0.325537 0.623654 0.456719 0.634400
10.224579 -111.111759 853.790855 -799.460889 0.705193 -0.004923 -0.708999 -0.188912 0.962523 -0.194582 0.683385 0.271157 0.677834
11.877286 -109.549582 281.113004 -1019.817335 0.728647 0.006457 -0.684859 -0.151873 0.976584 -0.152376 0.667838 0.215040 0.712566
10.322060 -107.668095 1826.881681 -1839.231884 0.698256 -0.003343 -0.715841 -0.046349 0.997680 -0.049869 0.714347 0.068000 0.696481
11.531799 -111.852788 -1135.228952 412.993922 0.747481 0.020394 -0.663970 -0.307271 0.896785 -0.318373 0.588945 0.441997 0.676596
12.000684 -104.344065 1092.810705 -2958.473719 0.720368 -0.004984 -0.693574 0.059153 0.996772 0.054276 0.691065 -0.080126 0.718338
11.682293 -102.232248 -1059.036601 -2649.033395 0.754916 0.003819 -0.655810 -0.046341 0.997794 -0.047534 0.654182 0.066275 0.753428
11.144926 -108.220761 -197.567890 -1671.742215 0.751002 0.010668 -0.660213 -0.173739 0.967830 -0.181991 0.637033 0.251381 0.728696
22.118741 -49.381385 -3363.386847 -974.237788 -0.221859 0.026814 0.974710 0.840724 0.511617 0.177287 -0.493924 0.858795 -0.136050
13.985917 -54.840010 -5239.512043 -957.823820 -0.244026 0.079453 0.966509 0.846730 0.503313 0.172408 -0.472758 0.860444 -0.190096
20.937324 -51.020394 -4397.694941 1987.216313 -0.265336 0.020104 0.963947 0.884984 0.401840 0.235220 -0.382623 0.915489 -0.124414
27.179907 -48.515968 -1755.920739 341.990968 -0.232838 -0.058332 0.970764 0.863355 0.447091 0.233941 -0.447666 0.892585 -0.053739
24.816381 -42.964006 -1036.602634 -2122.144690 -0.202716 -0.043771 0.978259 0.823428 0.533051 0.194483 -0.529974 0.844950 -0.072015
-16.162365 -39.908546 3385.084342 -621.326992 0.884255 0.461517 -0.071377 -0.455680 0.886130 0.084440 0.102219 -0.042141 0.993869
-10.398699 -40.166700 2564.294439 -70.269881 0.872736 0.480566 -0.085957 -0.471684 0.875450 0.105358 0.125883 -0.051406 0.990712
-11.299094 -39.840689 3754.067078 3.439354 0.885456 0.454868 -0.095201 -0.457583 0.889134 -0.007674 0.081156 0.050357 0.995429
-13.511537 -40.233709 3255.190816 131.168541 0.892109 0.445223 -0.076927 0.451372 -0.885790 0.107882 0.020110 0.130966 0.991183
-15.942504 -39.638215 3855.389924 -353.296168 0.902920 0.423835 -0.071409 0.426578 -0.904011 0.028212 0.052597 0.055935 0.997048
-19.175980 -31.938259 395.312179 335.651697 0.689432 0.510573 0.513807 0.660069 -0.150703 -0.735933 0.298316 -0.846524 0.440913
-20.048231 -30.735769 725.228979 379.680132 0.689275 0.521434 0.502998 0.634423 -0.099136 -0.766602 0.349867 -0.847513 0.399142
-16.806448 -31.206199 -815.526172 846.501939 -0.611262 -0.576580 -0.542139 0.701565 -0.077722 -0.708354 0.366287 -0.813336 0.452017
-1.365657 -45.429161 765.558374 1059.350729 0.959312 -0.124971 0.253186 0.282173 0.456054 -0.844034 0.009987 -0.881134 -0.472762
-0.221272 -44.520375 1213.320931 -649.662798 0.955500 -0.126478 0.266501 0.294544 0.359360 -0.885497 -0.016226 -0.924588 -0.380622
-1.583285 -51.055170 445.282487 3650.313642 0.961494 -0.136394 0.238590 0.274805 0.487513 -0.828742 0.003280 -0.862397 -0.506222
-1.369018 -52.834775 536.077483 -836.665508 0.970008 -0.113364 0.215020 0.241742 0.542393 -0.804594 0.025413 -0.832441 -0.553530
-1.989057 -51.199099 -286.940229 -1175.599891 0.970391 -0.116184 0.211760 0.240388 0.550030 -0.799801 0.023550 -0.827024 -0.561673
12.500035 -28.538489 -2165.928308 -3315.496875 0.863218 0.451738 0.225360 0.148361 -0.653700 0.742069 -0.482539 0.607132 0.631306
16.061082 -24.789417 -2325.812098 -3357.017754 0.872367 0.432187 0.228452 0.116982 -0.638305 0.760843 -0.474648 0.637010 0.607394
16.749111 -31.018816 -3001.976669 -2899.889352 0.873251 0.426708 0.235270 0.136786 -0.678090 0.722138 -0.467677 0.598427 0.650511
-8.100293 -92.396319 -2783.632019 -14156.437632 -0.883792 -0.093092 -0.458525 -0.106173 0.994344 0.002769 0.455674 0.051131 -0.888677
-9.304049 -91.669643 789.305213 -7667.872160 -0.907971 -0.020651 -0.418523 -0.101986 0.979642 0.172917 0.406432 0.199687 -0.891593
0.505827 -122.199802 -2991.173075 -8567.373540 -0.882429 -0.069976 -0.465212 -0.218767 0.936488 0.274101 0.416485 0.343648 -0.841693
-1.699505 -115.600800 1432.203797 -7369.298478 -0.909742 0.027633 -0.414253 -0.137904 0.921019 0.364288 0.391602 0.388535 -0.834079
-40.525235 -1717.501967 11128.660008 -588719.038076 -0.404479 0.912594 0.059749 -0.733091 -0.284473 -0.617781 0.546786 0.293681 -0.784077
-51.847848 -939.944375 -3286.646217 -286871.764485 -0.374154 0.924989 -0.066367 -0.766336 -0.348694 -0.539575 0.522243 0.151024 -0.839318
-46.811692 -548.782460 -3176.415782 50798.179121 -0.410677 0.910502 -0.048283 -0.908214 -0.413176 -0.066588 0.080577 -0.016505 -0.996612
-106.779542 -10042.627094 -170036.608157 -5873726.696943 -0.659712 0.750723 0.034572 0.750186 0.655107 0.089761 0.044737 0.085151 -0.995363
-40.932998 -1221.352713 22290.767591 -465896.719744 -0.477064 0.859724 0.182443 0.865488 0.423480 0.267574 0.152779 0.285552 -0.946107
-19.730649 -958.058364 9548.441888 -270130.554059 -0.526770 0.842891 0.109764 -0.514505 -0.213391 -0.830511 0.676608 0.493963 -0.546079
-34.922972 -269.409042 10424.304416 -46883.807045 -0.377105 0.899214 0.221824 0.270374 -0.122191 0.954970 -0.885827 -0.420100 0.197046
-16.848575 -315.382157 6296.033280 -80780.350219 -0.390390 0.901738 0.185643 -0.043082 -0.219316 0.974702 -0.919641 -0.372516 -0.124467
-57.747746 -314.056571 15742.141813 -91373.179476 -0.403810 0.885130 0.231261 -0.112776 -0.299022 0.947559 -0.907865 -0.356553 -0.220570
-3.169785 -66.994777 -2374.064668 -4690.699747 0.878647 0.178425 0.442881 -0.419150 -0.155998 0.894415 -0.228675 0.971509 0.062281
-2.398191 -65.294095 -2454.625539 -1745.395256 0.877973 0.177609 0.444543 -0.443374 -0.048459 0.895026 -0.180507 0.982907 -0.036201
1.496968 -68.609036 -3410.345623 -2724.115189 0.873216 0.184795 0.450937 -0.432461 -0.132727 0.891830 -0.224657 0.973773 0.035983
-4.503108 -64.741285 2.443593 -4119.270146 0.886843 0.145026 0.438722 -0.431686 -0.078579 0.898595 -0.164794 0.986303 0.007081
-5.342596 -65.888003 -271.176431 -7824.273874 0.890330 0.155057 0.428099 -0.404561 -0.161990 0.900050 -0.208907 0.974534 0.081495
-12.072271 -32.337296 -507.507522 222.041030 0.927105 -0.119927 0.355096 0.059912 0.982663 0.175455 -0.369982 -0.141391 0.918217
-11.080550 -32.181937 -252.276705 685.925866 0.931114 -0.102169 0.350127 0.019174 0.972348 0.232748 -0.364225 -0.210001 0.907326
-10.422529 -33.433141 -785.591706 822.977420 0.937536 -0.122157 0.325735 0.061102 0.979589 0.191501 -0.342480 -0.159636 0.925864
-12.344665 -37.212677 -219.978836 -114.437042 0.935951 -0.137320 0.324250 0.101257 0.986891 0.125672 -0.337257 -0.084790 0.937586
-35.626693 -81.079303 9486.282144 2681.504070 0.874572 0.320472 -0.363898 -0.042334 0.798063 0.601085 -0.483045 0.510287 -0.711530
-18.431306 -104.890664 3870.401801 -24283.381349 0.746543 0.663311 -0.051884 -0.402505 0.512351 0.758608 -0.529776 0.545450 -0.649478
-15.990981 -60.075561 299.526450 -7720.196408 -0.803451 -0.566066 0.184487 -0.289327 0.642047 0.709976 -0.520343 0.517054 -0.679632
-17.680043 -64.513024 1454.611063 8584.295253 -0.837185 -0.315435 0.446792 0.003723 0.813617 0.581390 -0.546907 0.488394 -0.679973
-15.181625 -22.958689 15439.231012 -3926.426663 -0.295063 0.732948 -0.612964 0.954885 0.248796 -0.162158 0.033649 -0.633157 -0.773292
-26.834021 -37.598703 -1559.263302 5328.553231 0.925623 0.345906 -0.153527 -0.360856 0.684467 -0.633473 0.114038 -0.641759 -0.758381
-23.638516 -43.215657 -3196.004818 3435.206900 0.937051 0.297717 -0.182483 -0.338704 0.647807 -0.682368 0.084938 -0.701221 -0.707866
-20.081604 -29.986985 3670.278485 2229.389080 0.998063 0.023034 -0.057785 -0.016604 0.993860 0.109392 -0.059950 0.108220 -0.992318
-14.889500 -35.323732 -1948.402363 1129.205638 -0.978173 -0.204824 0.034993 -0.204002 0.978634 0.025666 -0.039502 0.017967 -0.999058
-11.860643 -32.377588 5389.435270 1686.275962 -0.891243 -0.445105 0.086993 -0.439630 0.895011 0.075378 -0.111411 0.028935 -0.993353
-19.779621 -24.813266 3136.668650 2551.767852 -0.811424 -0.583283 0.037048 -0.569601 0.803408 0.173467 -0.130945 0.119653 -0.984143
-2.116292 -30.176515 11176.685507 2052.383739 -0.783875 -0.609571 0.118168 -0.589243 0.790299 0.167989 -0.195789 0.062053 -0.978681
11.059414 -36.612002 12761.832191 1221.622198 -0.841289 -0.520925 0.144464 -0.517503 0.853333 0.063359 -0.156281 -0.021457 -0.987480
-12.440850 -41.702282 -1483.161939 315.553312 0.954455 0.297595 -0.021278 -0.292805 0.920623 -0.258299 0.057279 -0.252765 -0.965831
-14.946306 -42.013810 -2573.593568 -945.348003 0.930463 0.362993 -0.049750 -0.355402 0.861211 -0.363325 0.089039 -0.355742 -0.930333
-9.890359 -40.683537 -772.425511 -539.216499 0.943143 0.329357 -0.044769 -0.324228 0.881954 -0.342102 0.073189 -0.337166 -0.938596
-9.448929 -40.035713 -347.317577 -62.980985 0.954128 0.296774 -0.039559 -0.296265 0.916789 -0.267816 0.043213 -0.267251 -0.962658
-3.418948 -39.559878 -2517.383903 292.095453 0.929871 0.360439 -0.073641 -0.358648 0.843601 -0.399635 0.081920 -0.398020 -0.913712
-2.938387 -39.588556 -2604.124727 5.585693 0.943448 0.324811 -0.066360 -0.329121 0.893630 -0.305131 0.039808 -0.309716 -0.949996
-7.339558 -50.522886 928.261995 -465.384817 0.707908 0.263692 0.655234 -0.619578 0.677230 0.396841 0.339101 0.686895 -0.642795
-5.685938 -48.457581 -178.528106 -590.667898 0.726938 0.243209 0.642192 -0.592714 0.694469 0.407925 0.346771 0.677172 -0.648989
-6.340894 -49.523992 1104.325432 -4904.856771 0.731469 0.238522 0.638796 -0.530015 0.788280 0.312568 0.428995 0.567205 -0.703023
-7.474116 -51.067192 392.021966 -4710.682564 0.738201 0.253313 0.625214 -0.530391 0.790638 0.305905 0.416828 0.557427 -0.718004
-0.447280 -45.492586 -991.711053 -1582.551892 -0.794805 -0.212681 -0.568377 -0.356610 0.921497 0.153859 0.491035 0.324977 -0.808254
-0.662884 -47.670584 -259.755126 -5758.950887 -0.804752 -0.216599 -0.552683 -0.305255 0.949518 0.072356 0.509110 0.226938 -0.830244
-1.820404 -48.780276 -299.290647 1467.524685 -0.788589 -0.251571 -0.561106 -0.427629 0.880071 0.206419 0.441884 0.402725 -0.801593
-1.674829 -50.385743 591.028209 2421.737101 0.792895 0.221595 0.567638 -0.439244 0.853500 0.280361 0.422353 0.471628 -0.774070
-2.487167 -56.266653 405.437985 2127.216101 0.773282 0.274864 0.571388 -0.503133 0.814404 0.289144 0.385866 0.511074 -0.768057
-3.228418 -56.689313 444.253536 801.426615 0.773216 0.286970 0.565495 -0.498732 0.825961 0.262781 0.391667 0.485217 -0.781768
-12.251810 -91.157308 -1769.752184 8511.659989 0.537964 0.250406 0.804917 0.295923 0.837992 -0.458474 -0.789319 0.484836 0.376709
-15.317354 -104.054546 -1780.931677 5711.150790 0.540828 0.213858 0.813492 0.140970 0.930414 -0.338316 -0.829236 0.297649 0.473046
-15.930176 -88.451055 307.866778 7773.265080 0.588650 0.262861 0.764458 0.253917 0.837674 -0.483558 -0.767475 0.478755 0.426352
-9.424054 -107.016258 -4319.694190 5279.944106 0.477936 0.232670 0.847019 0.151409 0.928027 -0.340356 -0.865247 0.290915 0.408309
-12.720214 -74.147009 -171.580280 8954.563608 0.594350 0.306565 0.743482 0.373565 0.713455 -0.592817 -0.712178 0.630079 0.309519
-4.435862 -97.335151 -3477.980955 9451.659697 0.492833 0.258496 0.830840 0.335228 0.824737 -0.455446 -0.802956 0.502979 0.319802
-8.869489 -81.741727 -2349.071331 11406.651298 0.536952 0.283992 0.794375 0.410120 0.734997 -0.539982 -0.737214 0.615733 0.278187
3.528368 -83.759106 -1405.906870 3059.793710 -0.628227 -0.365152 -0.687019 0.335995 0.669108 -0.662874 0.701739 -0.647270 -0.297663
7.165100 -83.398178 -2299.633061 1224.177539 -0.629342 -0.385840 -0.674579 0.314722 0.667129 -0.675195 0.710548 -0.637234 -0.298420
6.872275 -86.880968 2553.312069 -402.691098 0.612611 0.372798 0.696943 0.473272 0.533204 -0.701218 0.633025 -0.759418 -0.150212
1.839131 -88.931244 2582.221617 889.056376 0.613818 0.388128 0.687448 0.472468 0.517019 -0.713769 0.632457 -0.762921 -0.133978
-1.265039 -86.977224 -2.877909 2245.353020 0.636442 0.351889 0.686379 0.416274 0.592451 -0.689722 0.649352 -0.724690 -0.230579
7.843963 -120.596730 -608.358380 -10820.959975 0.622675 0.123369 0.772694 0.770488 -0.268893 -0.577966 0.136468 0.955236 -0.262487
5.896920 -119.308144 -268.768282 -8299.860818 0.650612 0.137129 0.746927 0.722332 -0.415325 -0.552939 0.234394 0.899278 -0.369268
6.123172 -140.848708 371.240268 -6826.786956 0.657064 0.103394 0.746710 0.663653 -0.549146 -0.507940 0.357535 0.829306 -0.429442
7.884760 -137.495473 -525.144687 -5812.277615 0.660569 0.093522 0.744918 0.683029 -0.486728 -0.544580 0.311642 0.868533 -0.385395
7.861397 -64.492314 -1237.737237 -621.197800 0.753001 0.039380 0.656840 0.651091 0.099884 -0.752399 0.095238 -0.994219 -0.049573
9.711536 -66.609496 -807.623047 2229.915261 0.754026 0.068234 0.653290 0.631679 0.197333 -0.749694 0.180071 -0.977959 -0.105692
7.125227 -62.059099 -1283.905443 4007.384714 0.774178 0.042390 0.631547 0.596577 0.284568 -0.750411 0.211527 -0.957718 -0.195017
9.257949 -64.319481 -1062.180685 -2370.374659 0.733496 0.051505 0.677740 0.678003 0.014858 -0.734909 0.047921 -0.998562 0.024023
4.833961 -62.581136 -506.599733 -2209.548638 0.745701 0.038756 0.665153 0.663415 0.049311 -0.746625 0.061736 -0.998031 -0.011060
5.750459 -60.473686 -202.812558 -3687.174241 0.735955 0.046202 0.675452 0.676927 -0.067653 -0.732935 -0.011833 -0.996639 0.081065
16.866776 -19.457089 5488.229707 312.727521 0.539160 -0.029318 0.841693 0.836716 -0.095248 -0.539290 0.095980 0.995022 -0.026823
9.165350 -17.868254 2495.535243 -899.661421 0.522002 0.005657 0.852925 0.852377 -0.039929 -0.521401 0.031107 0.999186 -0.025665
27.725477 -21.590000 15638.664294 -2153.273248 0.758759 -0.041994 0.650016 -0.646227 0.076641 0.759287 0.081703 0.996174 -0.031015
-14.020746 -42.500201 2155.592873 727.642940 -0.728183 -0.490517 -0.478688 -0.488132 0.861439 -0.140178 0.481120 0.131588 -0.866722
-8.328134 -43.644807 3533.720352 1497.769717 -0.767216 -0.458274 -0.448737 -0.462429 0.880040 -0.108118 0.444454 0.124560 -0.887099
-8.439065 -41.636694 3434.972000 -94.684391 -0.735592 -0.494134 -0.463396 -0.530561 0.845560 -0.059439 0.421200 0.202137 -0.884155
-16.985619 -41.453080 1800.742902 118.439562 -0.691621 -0.527667 -0.493181 -0.555327 0.825101 -0.104025 0.461815 0.201931 -0.863685
-20.323774 -41.859981 1915.495444 234.447522 -0.685903 -0.530244 -0.498376 -0.501900 0.840617 -0.203616 0.526910 0.110474 -0.842711
-5.289152 -73.826090 384.717261 -4014.468376 -0.688482 -0.130283 -0.713455 -0.069725 0.991066 -0.113693 0.721894 -0.028530 -0.691416
-5.233031 -79.643702 973.516755 -3824.987632 -0.704766 -0.134045 -0.696662 -0.103284 0.990912 -0.086176 0.701882 0.011220 -0.712205
-4.376334 -84.643767 -484.870849 -1930.165108 -0.678094 -0.146785 -0.720169 -0.229703 0.973095 0.017946 0.698158 0.177594 -0.693567
-4.859544 -68.426016 2568.925731 5701.237320 0.863561 -0.388360 0.321620 -0.428943 -0.230465 0.873438 0.265086 0.892223 0.365605
-8.600900 -75.696644 2125.647920 3485.492484 0.879177 -0.369051 0.301412 -0.410610 -0.265841 0.872197 0.241758 0.890578 0.385257
-2.506622 -68.062722 2723.541613 -6125.860481 0.825490 -0.404692 0.393434 -0.523803 -0.289661 0.801078 0.210228 0.867365 0.451091
-11.735997 -94.400299 1328.955578 13851.987739 0.905175 -0.354549 0.234420 -0.309593 -0.172090 0.935167 0.291221 0.919065 0.265538
1.308785 -66.623423 3389.819411 -4044.852057 0.811500 -0.417892 0.408454 -0.532789 -0.242032 0.810899 0.240010 0.875663 0.419057
-0.467361 -73.718151 3343.438855 8390.153257 0.840284 -0.407317 0.357792 -0.460277 -0.187250 0.867803 0.286474 0.893885 0.344822
-8.090144 -90.177465 1687.382947 15970.137807 0.890731 -0.373419 0.259146 -0.336065 -0.157174 0.928632 0.306038 0.914251 0.265493
-0.499555 -111.878598 276.519542 -6757.551932 0.882369 -0.438319 0.171176 -0.181265 -0.652312 -0.735956 -0.434244 -0.618357 0.655032
-2.053759 -114.835355 790.095084 -7662.734414 0.886420 -0.432868 0.163966 -0.190479 -0.663962 -0.723100 -0.421874 -0.609738 0.671001
-1.863249 -107.796042 328.847573 -4547.855729 0.886532 -0.429411 0.172242 -0.249097 -0.756713 -0.604431 -0.389887 -0.492942 0.777815
-3.106180 -99.297962 -576.695686 935.766383 0.889839 -0.410098 0.200014 0.295001 0.851514 0.433471 -0.348081 -0.326715 0.878691
-1.207258 -107.636330 -210.018530 -541.265357 0.890310 -0.414979 0.187459 -0.272381 -0.815240 -0.511070 -0.364908 -0.403950 0.838848
2.700425 -169.466497 -258.303764 -69.659779 -0.934306 0.313742 -0.169231 0.294257 0.946754 0.130649 0.201210 0.072269 -0.976879
1.547248 -166.793549 1437.901714 -2107.686144 -0.936990 0.321227 -0.137339 0.322560 0.946459 0.013059 0.134181 -0.032064 -0.990438
2.651500 -163.588415 -0.957777 -1806.206342 0.926880 -0.341683 0.155392 0.366074 0.914361 -0.173016 0.082968 -0.217250 -0.972584
3.782039 -165.762574 -267.809305 4123.255812 -0.926487 0.338159 -0.165134 0.348271 0.936710 -0.035799 0.142577 -0.090679 -0.985621
2.579822 -164.929521 154.344613 -3361.706648 0.917609 -0.360005 0.168496 0.397202 0.846498 -0.354502 0.015009 -0.392221 -0.919749
1.270980 -159.148430 -444.062639 -6477.520873 0.918289 -0.362326 0.159578 0.393889 0.795424 -0.460600 -0.039955 -0.485820 -0.873145
-2.037418 -117.438198 -1533.161284 10551.677297 -0.994873 -0.045256 -0.090440 -0.049108 0.997958 0.040833 0.088407 0.045065 -0.995064
3.342894 -132.971186 2050.708614 7576.782732 0.995008 -0.019373 0.097898 0.005964 0.990767 0.135447 0.099618 0.134187 -0.985936
2.790439 -163.666738 -3355.972824 23858.243672 -0.989671 -0.102871 -0.099842 -0.091705 0.989622 -0.110630 0.110187 -0.100331 -0.988834
-28.537026 -33.615852 87.031076 253.546865 0.755355 -0.003590 -0.655305 0.564978 0.510219 0.648442 -0.332022 0.860037 -0.387425
-27.175099 -35.090857 532.991858 631.826255 0.772930 -0.077125 -0.629787 0.566453 0.531057 0.630166 -0.285851 0.843819 -0.454158
-26.744151 -33.494006 -112.065368 -2461.626091 0.836126 0.040511 -0.547040 0.414181 0.607235 0.678026 -0.359649 0.793489 -0.490946
-27.972063 -32.489909 -1004.594289 -629.075173 0.894829 0.256692 -0.365226 0.187856 0.525647 0.829702 -0.404957 0.811052 -0.422143
-29.341897 -30.229866 -77.921678 -1123.803771 -0.619886 0.007724 0.784654 0.676889 0.511096 0.529719 -0.396942 0.859489 -0.322050
-27.858506 -28.527985 314.248638 3113.608283 0.790633 0.051826 -0.610093 0.537850 0.417382 0.732468 -0.292602 0.907252 -0.302122
4.620780 -63.225716 -1419.976010 -2418.957175 0.518030 -0.255460 0.816324 0.850311 0.257361 -0.459060 -0.092819 0.931936 0.350542
-12.017160 -68.812217 -1709.357145 -6003.477553 0.531190 -0.249796 0.809592 0.847085 0.137583 -0.513340 0.016844 0.958474 0.284681
-6.615942 -76.879291 -1927.067135 -6087.172817 0.680442 -0.207462 0.702822 0.732665 0.174051 -0.657958 0.014174 0.962635 0.270431
0.327320 -10.294393 1058.357291 -237.519631 -0.176518 -0.474909 -0.862150 0.747804 0.504839 -0.431193 0.640024 -0.720832 0.266026
0.073609 -10.823129 -496.807253 -95.774568 -0.201731 -0.508406 -0.837155 0.738168 0.482860 -0.471120 0.643749 -0.713000 0.277881
-0.366962 -10.927782 -77.744525 -513.554227 -0.254831 -0.539731 -0.802341 0.708666 0.460294 -0.534717 0.657916 -0.704855 0.265192
-0.571185 -10.382561 934.669261 -270.822219 -0.245319 -0.518457 -0.819158 0.710074 0.479178 -0.515929 0.660010 -0.708231 0.250592
-1.336094 -58.030611 -836.994004 -1383.976832 0.568774 0.148090 0.809052 -0.401778 0.908335 0.116193 -0.717684 -0.391147 0.576137
-3.318111 -56.926856 -1126.512013 -349.588219 0.582259 0.137114 0.801358 -0.417198 0.896392 0.149758 -0.697797 -0.421523 0.579136
-3.924243 -55.404356 -721.004349 188.336823 0.587426 0.138238 0.797384 -0.326261 0.942137 0.077021 -0.740598 -0.305399 0.598537
-0.928039 -55.347400 -645.742649 35.226161 0.571718 0.143536 0.807797 -0.462238 0.869797 0.172596 -0.677845 -0.472071 0.563627
-0.204531 -56.169638 -645.755580 -40.087668 0.567774 0.147219 0.809913 -0.447919 0.880727 0.153914 -0.690653 -0.450164 0.565996
-11.088563 -68.805870 1227.804418 665.857792 0.681735 0.250963 0.687208 0.602530 -0.725385 -0.332827 -0.414964 -0.640963 0.645733
-9.262692 -73.085080 580.152007 454.947137 0.683087 0.254499 0.684560 0.531701 -0.815878 -0.227238 -0.500685 -0.519204 0.692633
-10.641524 -71.611876 1652.382091 377.706329 0.693460 0.233420 0.681637 0.516567 -0.820589 -0.244525 -0.502267 -0.521679 0.689622
62.258577 -721.343550 -7343.478591 256773.550735 0.724932 0.038244 0.687758 0.685785 -0.133703 -0.715417 -0.064595 -0.990283 0.123153
41.340065 -241.988219 8237.141584 71765.559785 -0.673037 0.045884 -0.738184 0.739454 0.062177 -0.670330 0.015141 -0.997010 -0.075776
37.760134 -336.792078 5033.836759 105525.757102 -0.617537 -0.002967 -0.786537 0.767923 -0.218569 -0.602098 -0.170126 -0.975817 0.137253
62.047692 -505.352981 6382.320475 165494.573843 -0.642838 -0.068813 -0.762905 0.686647 -0.493215 -0.534093 -0.339523 -0.867182 0.364307
67.548547 -451.110642 -4543.781858 104199.148067 0.731252 0.188035 0.655678 0.607913 -0.615639 -0.501428 -0.309375 -0.765266 0.564496
100.237995 -2033.189939 3353.677904 685186.593166 0.783479 0.215919 0.582701 0.618291 -0.176901 -0.765782 0.062266 -0.960253 0.272099
36.375544 -220.632057 -118.818486 51702.849239 0.789944 0.189960 0.583013 0.585475 0.048901 -0.809214 0.182228 -0.980573 0.072588
-21.395796 -816.123097 -4731.594035 290107.850530 0.122718 -0.401626 0.907545 0.758839 -0.551379 -0.346618 0.639612 0.731217 0.237105
-24.152973 -597.280309 -4926.583584 175293.237621 0.092842 -0.419824 0.902844 0.967738 -0.175262 -0.181013 0.234228 0.890523 0.390008
-52.635100 -1043.742704 -1530.992739 364003.990995 -0.102340 -0.504537 0.857303 0.982616 -0.185472 0.008146 0.154896 0.843233 0.514748
-9.070681 -1582.197123 -4597.243618 694735.263269 0.097681 -0.315065 0.944030 0.937767 -0.288483 -0.193312 0.333243 0.904163 0.267278
-15.927974 -825.122291 16280.565322 292408.012973 0.267988 -0.511643 0.816336 0.800693 -0.352948 -0.484065 0.535792 0.783358 0.315083
-9.701122 -424.336135 4665.665730 -139737.985284 -0.234526 0.385515 -0.892399 -0.644778 0.625320 0.439587 0.727502 0.678494 0.101917
-37.190236 -235.100565 -9401.824586 71507.280912 -0.262291 -0.662647 0.701500 0.866071 0.158956 0.473976 -0.425587 0.731869 0.532207
-47.487618 -317.079362 -11985.540854 90242.935292 -0.224851 -0.574361 0.787116 0.716500 0.449995 0.533041 -0.660356 0.683823 0.310348
-86.385075 -345.435448 -18438.733163 121040.459736 -0.133044 -0.652031 0.746428 0.885933 0.259393 0.384498 -0.444322 0.712440 0.543145
-25.334045 -260.088359 -5561.585083 75763.514781 -0.274105 -0.598614 0.752681 0.720660 0.390391 0.572925 -0.636801 0.699469 0.324389
-1.138319 -56.476565 1024.584060 3411.773658 0.702753 0.299946 0.645113 -0.675486 -0.003281 0.737365 -0.223287 0.953950 -0.200304
-2.033031 -54.852435 1299.613587 1480.563541 0.701090 0.294450 0.649440 -0.657271 -0.086347 0.748692 -0.276529 0.951758 -0.132996
-0.157872 -53.583946 902.659250 1747.306574 0.692816 0.297009 0.657109 -0.667799 -0.079612 0.740071 -0.272122 0.951550 -0.143186
-3.479632 -57.702264 714.374989 2987.744274 0.724731 0.305536 0.617587 -0.652657 0.017027 0.757462 -0.220916 0.952028 -0.211750
-8.415114 -48.001165 -1421.718956 5478.558406 -0.675182 -0.025313 -0.737217 0.316708 0.892661 -0.320707 0.666202 -0.450018 -0.594692
-8.095468 -48.664795 -2350.235009 -3226.728784 -0.656626 -0.021423 -0.753912 0.423057 0.817072 -0.391683 0.624391 -0.576137 -0.527448
-10.095082 -47.139396 -784.119128 1232.336398 -0.693018 0.007127 -0.720885 0.380984 0.852531 -0.357829 0.612027 -0.522628 -0.593535
-9.958919 -47.255641 -366.429932 7211.099596 -0.705328 -0.011985 -0.708780 0.266070 0.922280 -0.280368 0.657053 -0.386336 -0.647321
-47.169031 -72.383935 973.728782 5827.592589 0.823638 0.510949 -0.246071 0.468610 -0.368790 0.802744 -0.319413 0.776482 0.543186
-41.835097 -68.142296 -475.778248 3566.043116 0.948448 0.316097 -0.022986 0.178340 -0.472338 0.863187 -0.261994 0.822787 0.504361
-37.014276 -59.700758 150.919533 3638.803463 0.985037 0.124906 0.118747 -0.018820 -0.606935 0.794529 -0.171313 0.784875 0.595502
28.908383 -47.346304 -117.811542 4855.027349 0.886256 0.385950 0.256111 0.459800 -0.799874 -0.385727 -0.055985 -0.459613 0.886353
35.993438 -47.938999 -1236.175690 1486.698965 0.915440 0.304715 0.262905 0.396760 -0.792815 -0.462629 -0.067465 -0.527819 0.846673
35.257020 -50.442304 -4172.323681 -3487.423641 0.920522 0.228704 0.316754 0.365353 -0.791130 -0.490542 -0.138404 -0.567282 0.811810
-33.018462 -143.440927 23916.624274 66961.188910 0.965790 0.251417 -0.063552 0.195941 -0.868013 -0.456245 0.169872 -0.428185 0.887582
-68.078108 -370.391057 3626.275537 211753.288593 0.809581 0.544131 0.220227 0.549714 -0.571176 -0.609567 0.205896 -0.614556 0.761530
55.244560 -55.934192 -22031.557225 1175.863934 0.788407 -0.613961 -0.038293 -0.595611 -0.746313 -0.297094 -0.153825 -0.257039 0.954080
80.875053 -52.441489 -39081.550212 -17.987082 0.875446 -0.475809 0.084855 0.447612 0.864407 0.229006 -0.182312 -0.162500 0.969720
7.011904 -68.663321 -8474.276839 8467.924875 0.995794 -0.015125 0.090365 0.002349 -0.981742 -0.190202 -0.091592 -0.189614 0.977577
43.255574 -45.278041 -24789.803966 933.606232 0.287689 0.788176 0.544071 0.041664 -0.577849 0.815080 -0.956817 0.211822 0.199079
25.597232 -42.106506 4692.811696 5.023407 0.818163 0.574969 -0.004505 0.473862 -0.678687 -0.561105 0.325675 -0.456940 0.827733
13.923517 -35.565930 -8629.927188 -3796.150414 0.860639 -0.461953 -0.214242 0.105547 0.573423 -0.812432 -0.498157 -0.676598 -0.542269
-1.751218 -33.926263 -7617.728528 -673.516336 0.856707 -0.472447 -0.206993 0.094275 0.537964 -0.837679 -0.507114 -0.698132 -0.505418
9.713497 -28.953781 -10255.570226 -165.194416 0.833738 -0.538983 -0.119910 0.192922 0.487831 -0.851353 -0.517361 -0.686672 -0.510705
22.346940 -34.968349 -9634.864720 -6608.464331 0.848250 -0.526013 -0.061506 0.225696 0.464112 -0.856540 -0.479097 -0.712679 -0.512402
-18.877030 -37.462701 -470.383718 -1996.056713 0.815670 0.246780 0.523242 -0.427653 -0.351906 0.832631 -0.389609 0.902919 0.181503
-18.050081 -41.969931 -387.593988 -577.007432 0.796280 0.237643 0.556295 -0.407394 -0.469129 0.783549 -0.447179 0.850555 0.276744
-16.434315 -39.237886 1206.551274 -893.185273 0.823557 0.186407 0.535730 -0.415305 -0.445154 0.793322 -0.386363 0.875837 0.289194
-10.627719 -39.111132 3421.710818 -517.605785 0.810923 0.128377 0.570897 -0.426546 -0.538205 0.726907 -0.400578 0.832980 0.381684
0.525636 -36.085997 6615.851491 -642.847035 0.870838 0.160364 0.464677 -0.356317 -0.445286 0.821437 -0.338642 0.880911 0.330631
-3.851996 -34.330298 5755.878755 -1217.987430 0.895295 0.200694 0.397705 -0.315433 -0.344806 0.884088 -0.314562 0.916968 0.245397
-16.787353 -35.759019 1255.786904 -1583.262818 0.871218 0.229696 0.433843 -0.351617 -0.324725 0.878020 -0.342558 0.917493 0.202141
6.505378 -44.865078 714.986743 431.115293 0.848726 -0.045710 0.526853 -0.211705 0.883575 0.417702 -0.484608 -0.466053 0.740236
7.703151 -45.781898 1992.939794 491.327081 0.856831 -0.064054 0.511603 0.230331 -0.840187 -0.490951 -0.461290 -0.538501 0.705145
6.694334 -43.568151 740.094336 2057.328081 0.849535 -0.057832 0.524353 -0.160884 0.918217 0.361931 -0.502401 -0.391833 0.770753
6.672863 -44.429721 701.945201 2352.077005 0.848309 -0.024761 0.528922 -0.163523 0.937828 0.306169 -0.503618 -0.346217 0.791519
14.693036 -74.688111 1439.385977 -3238.678385 0.886421 -0.144278 0.439821 0.456760 0.426649 -0.780603 0.075025 -0.892835 -0.444091
