19342
38671
-37.513954 -56.640682 -1914.676678 5150.858844 0.284803 0.937363 -0.200594 0.941715 -0.312683 -0.124102 0.179051 0.153558 0.971782
-43.238921 -67.840800 1887.697258 5371.678668 -0.146694 -0.967863 0.204261 0.986606 -0.158051 -0.040349 0.071336 0.195606 0.978085
-47.386575 -73.525359 -545.595077 9386.527501 0.181981 -0.975792 0.121295 0.978845 0.168041 -0.116728 0.093519 0.139972 0.985729
-38.192707 -58.554647 508.477858 3840.242633 -0.436097 -0.847907 0.301453 0.886513 -0.462353 -0.018001 0.154641 0.259392 0.953311
-32.918206 -56.592220 -4121.225662 9477.077706 -0.062919 0.996258 -0.059262 0.969298 0.046858 -0.241384 0.237704 0.072630 0.968618
-32.037700 -47.391824 -1274.473649 5348.767304 0.496759 0.837349 -0.228202 0.826240 -0.536755 -0.170942 0.265627 0.103632 0.958490
-32.471616 -48.842083 73.580958 3254.895727 0.640433 0.693648 -0.329696 0.721983 -0.690136 -0.049530 0.261891 0.206314 0.942787
24.915023 -29.826763 -7339.898343 -10209.585070 0.387372 0.921876 0.009331 0.312627 -0.121830 -0.942031 0.867299 -0.367833 0.335397
35.370490 -44.136414 -2579.531860 -2101.719139 0.272725 0.961583 0.031278 0.289408 -0.050991 -0.955847 0.917531 -0.269736 0.292197
35.223497 -53.017382 -7820.679925 -3550.191595 0.394560 0.917339 -0.053033 0.188920 -0.137469 -0.972323 0.899239 -0.373620 0.227544
37.979763 -21.012768 -1636.761097 -3122.265722 0.221246 0.942235 0.251484 0.442200 0.132913 -0.887014 0.869201 -0.307454 0.387250
14.494098 -42.503553 -9534.570501 -7280.227584 0.462118 0.884191 -0.068219 0.215127 -0.186397 -0.958632 0.860330 -0.428325 0.276351
22.103855 -10.884153 -2999.616860 -6805.745191 0.217642 0.901169 0.374868 0.515224 0.220126 -0.828305 0.828961 -0.373415 0.416395
-0.221573 -8.394233 -8597.029334 -20058.694546 0.490890 0.861206 -0.131724 0.270629 -0.294449 -0.916548 0.828122 -0.414276 0.377609
182.956559 -2638.018755 28632.042913 1390644.148044 0.016106 -0.935288 0.353520 0.990085 0.064262 0.124907 -0.139542 0.348003 0.927050
58.015780 -198.595623 21332.689103 -19993.275808 0.272854 0.938350 -0.212251 0.633620 -0.009262 0.773589 -0.723931 0.345563 0.597085
-62.975389 -316.194198 77547.520331 57318.598334 0.341466 0.863910 -0.370216 0.751667 -0.014533 0.659382 -0.564267 0.503436 0.654336
4.370944 -19.694169 3184.301235 227.704144 0.797081 -0.407129 0.445990 -0.570062 -0.750961 0.333297 -0.199226 0.519907 0.830666
4.887371 -16.251749 1521.453578 1569.639151 0.781470 -0.418153 0.463090 -0.582273 -0.755432 0.300466 -0.224193 0.504450 0.833827
6.873883 -19.179440 3830.951367 1514.071445 0.849006 -0.335379 0.408301 -0.494543 -0.776470 0.390541 -0.186054 0.533494 0.825087
2.246070 -19.522515 3025.788714 1054.619230 0.699452 -0.520501 0.489740 -0.675437 -0.705386 0.214976 -0.233561 0.481154 0.844950
7.576071 -19.944770 -934.409329 1156.489075 0.672158 -0.531473 0.515499 0.713240 0.651649 -0.258151 -0.198724 0.541193 0.817079
2.953079 -17.911703 3390.800224 -432.432748 0.339222 -0.793034 0.505989 0.889702 0.445173 0.101250 -0.305547 0.415833 0.856577
4.911435 -15.155567 2277.975497 -276.806820 0.428163 -0.731617 0.530483 0.856718 0.515422 0.019372 -0.287595 0.446180 0.847474
2.581663 -19.682236 3225.994041 -1183.108189 0.533809 -0.674246 0.510334 0.803330 0.592790 -0.057098 -0.264023 0.440446 0.858079
-11.532593 -36.010808 -1556.825345 1938.078851 -0.104941 0.993611 -0.041518 0.290285 -0.009325 -0.956895 0.951169 0.112469 0.287452
-15.299368 -39.039728 -2928.240567 1936.561295 -0.105680 0.992652 -0.058946 0.337438 -0.019962 -0.941136 0.935397 0.119350 0.332849
-10.652006 -40.078678 -2567.905901 1982.979417 -0.073532 0.994628 -0.072852 0.390411 -0.038511 -0.919835 0.917699 0.096080 0.385483
-16.338633 -37.585814 -2587.217468 1524.567786 -0.146272 0.988786 0.030099 0.235541 0.064363 -0.969731 0.960794 0.134755 0.242314
-8.724564 -33.205747 -1661.513329 1073.649565 -0.113615 0.992881 0.035777 0.221604 0.060428 -0.973263 0.968496 0.102649 0.226891
-13.495598 -34.646927 -1780.758135 448.880662 -0.140160 0.987289 0.074939 0.211658 0.103813 -0.971815 0.967241 0.120348 0.223518
657.810093 -6.733536 243674.197236 1555.839910 0.058717 0.871056 -0.487662 -0.021214 0.489483 0.871755 -0.998049 0.040842 -0.047220
289.227804 -28.390902 99605.133078 -4800.505435 -0.114999 0.920853 -0.372566 0.035437 0.378618 0.924874 -0.992733 -0.093157 0.076173
381.238980 10.137548 90237.934202 -324.626335 -0.387952 0.739793 -0.549727 -0.188142 0.520317 0.832990 -0.902273 -0.426587 0.062672
705.078682 -26.158782 243676.989205 -2598.504438 -0.372839 0.748632 -0.548217 -0.228645 0.498476 0.836207 -0.899284 -0.437118 0.014681
610.519885 125.818527 -120439.310495 -637.080301 0.614326 -0.287866 0.734668 0.513196 -0.561475 -0.649135 -0.599361 -0.775809 0.197197
1246.416501 128.604206 -356665.949672 -4339.693579 0.570686 -0.284021 0.770487 0.508853 -0.614108 -0.603275 -0.644505 -0.736345 0.205937
30.004498 -43.891255 423.113081 -107.622438 -0.296095 0.954956 -0.019694 0.775844 0.228431 -0.588120 0.557130 0.189418 0.808534
23.201590 -41.701379 4262.465463 -36.913839 -0.376601 0.924031 -0.065862 0.775896 0.275786 -0.567386 0.506119 0.264780 0.820814
29.001727 -43.554522 5151.219810 -159.283560 -0.386434 0.920257 -0.061615 0.718546 0.258502 -0.645654 0.578240 0.293775 0.761140
34.533997 -45.175511 -290.662548 579.779429 -0.291040 0.956708 0.002258 0.706566 0.216535 -0.673704 0.645027 0.194480 0.738998
-2.119787 -69.970900 -1114.316851 1903.867365 0.151431 0.978621 0.139173 -0.173351 0.164907 -0.970956 0.973149 -0.122907 -0.194617
-4.152603 -67.181284 -401.365934 566.286951 0.138079 0.981725 0.130959 -0.313863 0.168783 -0.934346 0.939374 -0.087910 -0.331433
-4.495998 -67.346667 -384.415039 920.011994 0.140100 0.978931 0.148545 -0.194398 0.174300 -0.965313 0.970866 -0.106364 -0.214721
-4.004161 -68.149680 92.459814 1598.900327 0.136990 0.977266 0.161815 -0.071920 0.172736 -0.982339 0.987958 -0.122933 -0.093948
-2.826690 -73.786053 2854.841901 8864.011298 -0.132435 0.930947 0.340293 -0.125996 -0.356343 0.925821 -0.983151 -0.079735 -0.164487
-2.942138 -83.827942 2891.997279 7146.784322 -0.119984 0.945265 0.303444 -0.264368 -0.325037 0.907998 -0.956929 -0.028724 -0.288897
-7.479010 -84.862068 3004.758933 8965.073256 -0.128823 0.948666 0.288854 -0.205121 -0.310473 0.928188 -0.970222 -0.060322 -0.234587
-4.616672 -67.168773 2207.766688 9549.599491 -0.140159 0.924154 0.355379 -0.029862 -0.362704 0.931426 -0.989679 -0.119936 -0.078434
-0.729044 -60.805326 1686.901832 7870.168475 -0.138919 0.914969 0.378858 -0.006823 -0.383442 0.923540 -0.990280 -0.125712 -0.059510
-7.490181 -77.280212 480.767639 -1762.725769 0.119298 0.987067 0.107083 0.333952 0.061677 -0.940570 0.935010 -0.147969 0.322275
-8.186305 -83.308666 -146.816165 -5057.301566 0.134816 0.986327 0.094783 0.220118 0.063455 -0.973407 0.966112 -0.152094 0.208554
-9.783331 -78.940892 -38.370551 -3562.897597 0.106934 0.987210 0.118246 0.304235 0.080735 -0.949170 0.946576 -0.137473 0.291711
-8.765079 -75.352331 -43.309985 -774.788537 0.100393 0.986140 0.132097 0.471046 0.069836 -0.879340 0.876377 -0.150503 0.457506
-1.831160 -63.452293 -2579.171753 15076.096550 -0.225730 0.946386 0.231084 0.142429 -0.202597 0.968849 -0.963722 -0.251612 0.089060
-5.149799 -57.299282 -1009.676551 12394.533393 -0.197295 0.937733 0.285887 0.149171 -0.259507 0.954151 -0.968929 -0.230896 0.088683
-7.479514 -84.667354 -2433.721753 15001.610839 -0.218522 0.957276 0.189395 0.016918 -0.190340 0.981572 -0.975685 -0.217699 -0.025399
-1.190156 -36.555388 -1200.154783 12177.977536 -0.196786 0.913990 0.354820 0.253935 -0.302035 0.918854 -0.946991 -0.270919 0.172658
-3.350245 -95.913721 -3822.861166 15656.724362 -0.231799 0.962677 0.139724 -0.041616 -0.153318 0.987300 -0.971873 -0.223040 -0.075602
2.077719 -37.314702 -1052.434928 10022.984471 -0.201683 0.930795 0.304870 0.257675 -0.249878 0.933362 -0.944949 -0.266800 0.189446
2.674841 -71.859501 -2010.488237 15608.638606 -0.218577 0.961885 0.164324 0.110255 -0.142974 0.983566 -0.969571 -0.233102 0.074802
-6.293164 -51.969116 13240.142052 4.446011 0.315741 -0.611215 -0.725758 0.863589 0.501996 -0.047064 0.393093 -0.611896 0.686339
21.166058 -43.390733 15813.006181 1547.752628 0.153522 -0.693665 -0.703747 0.904652 0.385183 -0.182315 0.397536 -0.608657 0.686660
-7.392300 -48.204625 10024.154085 402.420276 0.373538 -0.580432 -0.723580 0.796409 0.600617 -0.070660 0.475608 -0.549871 0.686614
-25.682281 -58.810638 7995.676431 -426.032274 0.545708 -0.483495 -0.684423 0.721181 0.686906 0.089767 0.426733 -0.542580 0.723537
4.380533 -101.478159 71.938088 5604.978862 0.835834 -0.282797 0.470539 -0.505527 -0.730695 0.458832 -0.214065 0.621378 0.753702
9.523028 -92.560781 -596.039577 3633.807580 0.848679 -0.254609 0.463592 -0.429536 -0.843220 0.323232 -0.308612 0.473450 0.824987
7.409682 -103.490935 -42.371481 5418.561876 0.826617 -0.290317 0.482100 -0.516360 -0.731913 0.444608 -0.223778 0.616457 0.754920
4.481860 -111.406409 -330.951215 5337.061280 0.812762 -0.298749 0.500167 -0.568434 -0.594785 0.568431 -0.127673 0.746311 0.653238
0.877250 -110.058399 1541.075916 4944.977256 0.830883 -0.301736 0.467535 -0.548210 -0.587920 0.594825 -0.095393 0.750537 0.653907
-0.202187 -62.541048 235.591598 -1879.400021 -0.086463 0.994775 0.054277 -0.992652 -0.090651 0.080148 -0.084650 0.046948 -0.995304
0.478137 -60.397927 -101.189810 -717.847584 -0.056716 0.997389 0.044705 -0.995474 -0.059914 0.073774 -0.076260 0.040319 -0.996272
1.302026 -58.689110 -152.016780 221.219269 -0.062666 0.997160 0.041762 0.997863 0.061824 0.021151 0.018509 0.042998 -0.998904
-1.867482 -62.719230 -327.667570 -951.028962 -0.082117 0.995499 0.047307 -0.969401 -0.090803 0.228070 -0.231340 0.027131 -0.972495
-1.835506 -96.430718 809.004330 -1425.056138 0.003162 0.968885 0.247490 -0.532838 -0.207799 0.820307 -0.846211 0.134466 -0.515602
2.785124 -95.172708 1623.324767 -1699.884687 0.013105 0.969487 0.244790 -0.335119 -0.226394 0.914571 -0.942085 0.094020 -0.321927
4.676255 -93.327939 1812.215703 -1461.835989 -0.008348 0.963108 0.268984 -0.400881 -0.249655 0.881457 -0.916092 0.100472 -0.388176
-2.840033 -110.937093 395.426496 5081.511656 -0.909764 0.007670 -0.415054 -0.036975 0.994358 0.099422 0.413475 0.105797 -0.904348
-3.006353 -118.909134 -214.329488 -2922.033898 -0.905176 -0.009534 -0.424929 0.068824 0.983267 -0.168668 0.419427 -0.181920 -0.889374
1.869625 -113.585509 2200.064216 60.722852 -0.911375 -0.004557 -0.411552 0.027539 0.997023 -0.072024 0.410655 -0.076974 -0.908536
6.911841 -108.251533 4914.533434 10638.393507 -0.925320 0.009176 -0.379076 -0.064952 0.981096 0.182296 0.373583 0.193304 -0.907232
7.080424 -122.384969 3305.142472 -6510.827068 -0.906234 -0.003380 -0.422763 0.127959 0.950874 -0.281894 0.402947 -0.309558 -0.861283
14.354882 -112.710729 6078.521975 8667.115387 -0.918413 0.008200 -0.395538 0.005135 0.999948 0.008807 0.395590 0.006057 -0.918407
-4.157951 -28.716092 1275.804120 268.866237 0.771097 -0.623995 -0.126648 -0.632910 -0.772891 -0.045437 0.069533 -0.115194 0.990906
-3.395007 -28.121217 475.553992 1071.834842 0.827555 -0.551159 -0.106661 -0.560552 -0.821620 -0.103549 0.030563 -0.145481 0.988889
-0.061873 -26.872644 1576.302342 1376.197654 0.757931 -0.639011 -0.131169 -0.652173 -0.746742 -0.130561 0.014520 -0.184501 0.982725
-5.553216 -28.659631 399.493199 -635.134229 0.827375 -0.551974 -0.103806 -0.557919 -0.828988 -0.038804 0.064635 -0.090021 0.993840
-0.755740 -29.108950 1345.656820 -1109.550180 0.687431 -0.713849 -0.133637 0.724009 0.688051 0.048953 0.057004 -0.130406 0.989821
-5.394559 -30.875770 524.014319 -432.532769 0.703955 -0.700079 -0.119738 0.702808 0.710946 -0.024825 0.102507 -0.066677 0.992495
-6.993109 -28.989818 871.137977 425.186305 0.764906 -0.633797 -0.114983 0.635598 0.771615 -0.024998 0.104566 -0.053962 0.993053
-0.938724 -146.855573 13696.825428 37622.896652 -0.617814 0.433776 -0.655854 0.731600 0.011382 -0.681639 -0.288214 -0.900949 -0.324382
12.727367 -223.451953 -27872.018506 -59897.250653 0.862654 -0.362163 0.353082 0.447760 0.222139 -0.866121 -0.235244 -0.905258 -0.353791
-29.056979 -138.525973 -13123.307701 -57656.677532 0.930368 -0.253315 0.265041 0.326979 0.246317 -0.912367 -0.165832 -0.935499 -0.311994
50.332799 -245.025693 -11544.843260 46924.689128 0.746908 -0.330890 0.576750 0.592086 -0.063758 -0.803348 -0.302592 -0.941513 -0.148294
-20.939977 -93.058101 -4162.647564 31437.934999 -0.316196 0.395574 -0.862289 0.945636 0.058498 -0.319923 -0.076111 -0.916569 -0.392566
4.147295 -219.702525 18847.470602 65546.350567 -0.403094 0.541513 -0.737753 0.846105 -0.086684 -0.525921 -0.348744 -0.836212 -0.423235
44.005984 -299.649682 22173.837163 91392.527479 -0.560905 0.527397 -0.638151 0.654250 -0.189947 -0.732036 -0.507289 -0.828114 -0.238508
125.710482 -3420.612853 -59606.619644 -1066785.777442 0.903646 -0.283156 0.321319 0.255328 0.958527 0.126624 -0.343848 -0.032381 0.938467
125.576706 -13409.258608 -27043.058577 3095470.890207 0.860086 -0.241107 0.449577 0.470208 0.032836 -0.881945 -0.197881 -0.969943 -0.141612
-116.733303 -18286.283511 -274016.614117 51292900.149948 0.842834 -0.228641 0.487189 -0.104560 0.818446 0.564990 -0.527918 -0.527133 0.665908
3100.404952 -149435.004502 2528773.498730 19729126.900868 0.751505 -0.430744 0.499699 -0.655388 -0.574162 0.490717 -0.075535 0.696274 0.713791
42.042488 -3912.999664 -95696.827480 8319267.745183 0.901926 -0.302007 0.308741 0.355588 0.924992 -0.133963 -0.245125 0.230610 0.941665
-42.509130 -3128.459803 -15889.919956 460746.270633 0.892051 -0.231045 0.388410 0.218836 -0.531134 -0.818540 -0.395418 -0.815177 0.423238
2.062062 -51.638480 -1128.152013 -945.476509 0.084809 0.995823 0.033815 0.624901 -0.026725 -0.780246 0.776084 -0.087303 0.624557
4.327766 -51.898327 -2015.520773 568.663104 0.097056 0.994742 0.032699 0.509223 -0.021402 -0.860369 0.855145 -0.100155 0.508622
7.395509 -50.554901 4428.049148 -398.385610 0.049335 0.998252 0.032549 0.572490 -0.001559 -0.819910 0.818426 -0.059084 0.571566
7.046328 -49.976018 5060.272356 -1364.138889 0.037737 0.998591 0.037311 0.669046 0.002486 -0.743217 0.742263 -0.053010 0.668009
2.193147 -49.669382 1845.089239 -667.217338 0.052114 0.997563 0.046402 0.710222 -0.004358 -0.703964 0.702046 -0.069642 0.708718
1.399969 -51.236864 -3226.203548 -481.737375 0.072357 0.995880 0.054658 0.684486 -0.009724 -0.728961 0.725426 -0.090158 0.682370
15.735297 -59.039039 2823.226137 -4695.937241 0.706573 -0.048552 0.705972 -0.440668 0.750405 0.492650 0.553684 0.659193 -0.508821
19.577802 -53.830718 528.377738 -2721.319449 0.733266 -0.018193 0.679698 -0.379831 0.818165 0.431665 0.563958 0.574696 -0.593022
15.586830 -51.246127 -4881.575966 -3063.838606 -0.677408 0.041338 -0.734445 -0.393293 0.823385 0.409094 0.621643 0.565975 -0.541510
-14.321627 -46.379760 -372.307035 3079.835838 0.220625 0.926412 0.305098 -0.857590 0.333256 -0.391764 0.464611 0.175217 -0.868007
-15.826517 -49.503662 -196.284524 -411.914544 0.283117 0.908704 0.306759 -0.789263 0.402464 -0.463774 0.544893 0.110811 -0.831151
-12.449676 -46.676227 -646.779328 3049.712783 0.321538 0.893280 0.314107 -0.834898 0.423951 -0.351014 0.446720 0.149383 -0.882115
-13.736748 -41.156502 -475.098625 4545.977390 0.130622 0.947016 0.293424 -0.903715 0.235443 -0.357582 0.407721 0.218464 -0.886588
-16.009634 -47.252004 -126.284203 2013.595989 0.153704 0.937241 0.312975 -0.845746 0.288575 -0.448819 0.510968 0.195712 -0.837023
-10.556076 -38.518240 -1080.610556 5875.536960 0.249772 0.920505 0.300475 -0.895297 0.337747 -0.290466 0.368860 0.196464 -0.908485
3.224380 -25.496470 2477.711302 1179.289088 -0.867908 0.205172 -0.452371 0.054412 0.944498 0.323981 0.493735 0.256571 -0.830901
9.380203 -28.680262 3318.610180 1087.528982 -0.872012 0.142421 -0.468306 0.035121 0.972474 0.230351 0.488222 0.184421 -0.853011
7.445334 -24.764691 2285.665947 1065.339536 -0.865403 0.129039 -0.484176 -0.013962 0.959687 0.280724 0.500882 0.249700 -0.828714
3.790600 -22.145412 1136.120558 1224.203229 -0.862145 0.172482 -0.476400 -0.005598 0.936971 0.349364 0.506631 0.303869 -0.806839
1.061400 -22.715955 1462.185438 1744.090830 -0.862029 0.247931 -0.442082 0.054828 0.912693 0.404951 0.503885 0.324841 -0.800361
-13.565857 -32.987462 -10.109498 457.878297 -0.087446 0.991270 -0.098675 0.156587 -0.084145 -0.984073 0.983785 0.101505 0.147862
-12.165832 -33.046803 292.494729 815.009650 -0.110039 0.991594 -0.068059 0.191359 -0.046057 -0.980439 0.975332 0.120910 0.184682
-12.906398 -35.532184 343.416104 1185.194028 -0.089408 0.994581 -0.053060 0.230850 -0.031130 -0.972491 0.968873 0.099198 0.226816
-13.810312 -34.166677 142.968038 76.185259 -0.057808 0.993513 -0.097934 0.183728 -0.085835 -0.979222 0.981276 0.074600 0.177574
-13.568910 -35.461286 193.876451 1161.955704 -0.050390 0.996101 -0.072408 0.236602 -0.058530 -0.969842 0.970299 0.066002 0.232731
-14.190412 -26.254830 2320.624920 1892.215366 0.093393 -0.920281 -0.379949 0.953068 -0.027750 0.301483 -0.287992 -0.390274 0.874498
-12.472069 -22.697751 2014.387048 1429.251821 0.201780 -0.911095 -0.359432 0.948454 0.090200 0.303809 -0.244378 -0.402207 0.882331
-18.978647 -26.200973 2747.761918 1145.497850 0.208193 -0.924627 -0.318938 0.939786 0.098748 0.327186 -0.271030 -0.367851 0.889510
-40.862846 -507.252950 -53826.887869 176479.184429 0.889477 0.172234 -0.423279 -0.454600 0.239095 -0.858005 0.046574 -0.955599 -0.290967
-210.257672 -946.776852 -97292.105421 316816.542780 0.864250 -0.196402 -0.463139 -0.476085 -0.021882 -0.879127 -0.162527 -0.980279 0.112416
-58.613950 -608.726324 -6030.264855 188819.255530 0.842530 0.146284 -0.518406 -0.538075 0.273036 -0.797450 -0.024889 -0.950817 -0.308753
-133.672328 -546.039050 17802.917248 -159698.014829 0.519998 0.413039 -0.747664 0.810423 0.037953 0.584614 0.269845 -0.909922 -0.315001
-385.720078 -1784.861826 101563.228345 679205.037591 0.498467 0.663289 -0.558191 -0.480093 -0.324921 -0.814823 0.721832 -0.674147 -0.156478
1.879624 -280.400556 -3340.133112 96363.604082 -0.006080 0.665148 -0.746686 -0.066118 0.744799 0.664005 0.997793 0.053407 0.039450
9.141867 -118.229530 -3074.916333 -34148.409118 -0.005872 0.813825 -0.581081 0.206263 -0.567609 -0.797042 0.978479 0.124536 0.164529
10.452822 -577.668041 -1367.821805 221493.453455 -0.033221 0.676483 -0.735709 -0.130655 0.726859 0.674245 0.990871 0.118523 0.064239
10.635396 -572.594555 1231.386601 195283.906872 -0.096630 0.623714 -0.775657 0.204686 0.775100 0.597766 0.974046 -0.101004 -0.202564
4.973392 -147.066461 -3536.175591 27387.920169 0.015981 0.489715 -0.871736 0.966644 -0.230460 -0.111745 -0.255623 -0.840873 -0.477063
8.412806 -156.116323 -5198.295127 28043.685141 0.051992 0.445515 -0.893763 0.890820 -0.425203 -0.160131 -0.451372 -0.787857 -0.418981
-6.790496 -208.715622 -3602.930008 46049.977278 0.126789 0.406723 -0.904710 0.874580 -0.476169 -0.091501 -0.468011 -0.779640 -0.416085
-8.517810 -168.553946 -4990.968453 31476.343256 -0.005374 0.494630 -0.869087 0.979998 -0.170291 -0.102979 -0.198934 -0.852257 -0.483821
-21.093437 -262.703803 -12154.126188 58204.935827 0.109229 0.367719 -0.923500 0.875539 -0.475473 -0.085768 -0.470638 -0.799192 -0.373888
-2.135289 -42.836376 -966.161333 -7807.654634 0.270634 0.946195 0.177402 0.766393 -0.100243 -0.634503 0.582580 -0.307678 0.752286
-1.966424 -38.619457 1188.237247 1506.678990 0.288717 0.947919 0.134507 0.760055 -0.141497 -0.634267 0.582201 -0.285356 0.761324
-1.753068 -39.339292 1414.438850 -6276.725887 0.280958 0.948496 0.146348 0.751151 -0.122414 -0.648681 0.597357 -0.292182 0.746857
11.670285 -21.529056 5614.293630 5686.267351 -0.017342 0.995930 -0.088450 0.850526 0.061201 0.522360 -0.525647 0.066171 0.848125
14.123374 -17.096211 6846.635674 -300.388427 0.022013 0.996802 -0.076815 0.847354 0.022174 0.530565 -0.530572 0.076769 0.844157
17.582806 -18.680467 2043.935406 3883.232777 -0.001284 0.999950 -0.009884 0.852810 0.006256 0.522184 -0.522220 0.007758 0.852775
13.153595 -26.844664 1971.663881 6567.818846 0.002571 0.999943 -0.010388 0.834447 0.003579 0.551077 -0.551082 0.010085 0.834390
6.077653 -28.022931 4556.489579 5910.378865 -0.033659 0.995655 -0.086820 0.822155 0.076977 0.564035 -0.568267 0.052395 0.821174
-40.449369 -58.283831 -2572.120965 -997.543913 0.654841 -0.221501 -0.722579 0.556784 0.787902 0.263063 -0.511053 0.574585 -0.639279
-41.174456 -58.690915 4156.901297 1531.589261 -0.629233 0.279894 0.725069 0.661254 0.683028 0.310187 -0.408423 0.674635 -0.614864
-44.252047 -60.575599 -3515.876737 -1773.284392 0.725119 -0.231594 -0.648511 0.521306 0.799940 0.297215 -0.449937 0.553589 -0.700783
-48.197181 -63.031638 2003.310993 -2815.689576 -0.804354 0.194064 0.561564 0.398778 0.876975 0.268125 -0.440444 0.439607 -0.782786
-43.428050 -61.050879 2676.867572 -906.447425 -0.730837 0.178372 0.658833 0.445153 0.856275 0.261977 -0.517413 0.484744 -0.705200
-48.911553 -63.150597 -1725.110737 -2107.013008 0.799175 -0.251903 -0.545769 0.477393 0.817709 0.321633 -0.365260 0.517588 -0.773750
-49.752034 -56.985601 -866.074156 -432.065165 0.940240 -0.309510 -0.141961 0.322650 0.676540 0.661960 0.108840 0.668204 -0.735973
-52.029263 -59.378091 -1257.342807 -1336.100748 0.897221 -0.431311 -0.094688 0.389448 0.671814 0.630076 0.208145 0.602193 -0.770739
-49.459518 -58.192781 -379.179043 -43.116640 0.968810 -0.244781 -0.038600 0.220224 0.779050 0.587012 0.113618 0.577204 -0.808657
13.657840 -20.960447 3236.294577 2016.378916 0.840089 0.279990 0.464603 -0.089624 -0.773078 0.627948 -0.534993 0.569172 0.624360
11.131187 -17.002667 2071.390577 -2578.155986 0.833701 0.359192 0.419433 -0.009876 0.769122 -0.639026 -0.552128 0.528614 0.644764
16.311797 -22.238665 -3389.084544 -722.725463 0.807379 0.368969 0.460436 0.034031 0.749938 -0.660632 -0.589051 0.549050 0.592928
5.910704 -17.230857 5859.089164 2123.757265 0.854646 0.187480 0.484182 -0.152821 -0.800394 0.579669 -0.496212 0.569404 0.655403
13.285058 -21.802211 4014.980189 1678.861569 0.842277 0.146088 0.518872 -0.222084 -0.783041 0.580969 -0.491170 0.604570 0.627094
47.074512 -57.043590 3928.194963 -7609.375251 -0.012287 0.830731 -0.556539 -0.088789 0.553476 0.828119 -0.995975 -0.059590 -0.066959
34.923811 -49.037213 5986.485764 -6405.558179 0.096610 0.859396 -0.502101 -0.114273 0.510702 0.852130 -0.988741 0.024948 -0.147544
34.639588 -61.332480 5349.264119 -3948.179034 0.082064 0.843878 -0.530222 0.031061 0.529592 0.847683 -0.996143 0.086034 -0.017248
42.779426 -39.056769 7044.553811 -7672.059589 0.072176 0.860498 -0.504315 -0.198293 0.507920 0.838270 -0.977482 -0.039499 -0.207291
57.188218 -40.223083 5244.153079 -10320.591183 -0.041215 0.833760 -0.550586 -0.216846 0.530456 0.819509 -0.975335 -0.153168 -0.158935
2.457367 -44.702741 5078.762714 -6082.179246 0.170327 0.981791 0.084112 -0.448625 0.001263 0.893719 -0.877340 0.189959 -0.440671
-3.129122 -43.933146 2842.171970 -5580.224427 0.129041 0.986912 0.096715 -0.484806 -0.022294 0.874338 -0.865050 0.159713 -0.475584
-1.935532 -47.749319 4321.241545 -2413.715238 0.155510 0.984075 0.086098 -0.348740 -0.026855 0.936835 -0.924228 0.175713 -0.339010
2.252427 -49.691005 4140.120951 -741.077817 0.158453 0.983294 0.089590 -0.305622 -0.037436 0.951417 -0.938876 0.178135 -0.294584
-1.478459 -55.518903 3769.144004 1044.966020 0.150952 0.983853 0.096161 -0.239716 -0.057941 0.969113 -0.959036 0.169340 -0.227099
-6.666993 -55.145157 2037.979962 313.376462 0.140822 0.987910 0.064828 -0.251869 -0.027578 0.967368 -0.957461 0.152555 -0.244941
-24.110874 -44.458402 324.356834 475.753216 -0.646991 -0.687101 -0.330599 -0.466636 0.699696 -0.540996 0.603037 -0.195750 -0.773323
-24.582323 -41.296836 -760.473056 -50.984304 0.590388 0.756790 0.280555 -0.590846 0.642045 -0.488548 0.549857 -0.122669 -0.826202
-23.662697 -42.935334 -1382.262395 1301.135973 -0.625350 -0.679491 -0.383705 -0.473583 0.721275 -0.505452 0.620207 -0.134369 -0.772845
-10.063160 -50.182406 -2827.526596 -3678.214985 -0.102785 0.954298 -0.280625 -0.803668 0.086569 0.588748 -0.586135 -0.286043 -0.758041
-11.006682 -44.850977 1366.329366 -3275.641582 -0.065186 0.968366 -0.240867 -0.798576 0.094115 0.594491 -0.598354 -0.231103 -0.767179
-10.554196 -49.842072 -3146.119605 7187.632603 -0.067288 0.949370 -0.306870 -0.819067 0.123070 0.560342 -0.569738 -0.289051 -0.769316
-9.354222 -52.974911 -2992.007413 5990.648561 -0.094510 0.945859 -0.310512 -0.827875 0.098554 0.552187 -0.552894 -0.309252 -0.773739
-3.739824 -58.145935 -44.418714 790.543117 -0.079704 0.978469 -0.190384 -0.977601 -0.114051 -0.176888 0.194793 -0.172021 -0.965642
-3.903150 -60.727586 -841.341718 13.976741 -0.061255 0.977517 -0.201763 -0.967117 -0.108118 -0.230206 0.246845 -0.181027 -0.951996
-3.674438 -61.263728 -175.028415 -259.082806 -0.083386 0.976706 -0.197715 0.989795 0.104183 0.097218 0.115552 -0.187591 -0.975427
-4.640235 -58.647038 -738.075319 -2032.003865 -0.051706 0.980562 -0.189272 -0.941786 -0.110925 -0.317388 0.332214 -0.161843 -0.929215
-2.998766 -61.430500 591.332413 513.799941 -0.094016 0.977595 -0.188334 0.991139 0.109736 0.074839 0.093829 -0.179629 -0.979249
-2.633606 -59.423016 965.479260 -325.822094 -0.086436 0.980178 -0.178269 0.983118 0.112885 0.144000 0.161269 -0.162813 -0.973388
-3.379224 -56.973326 369.178019 -1345.252999 -0.071255 0.981227 -0.179209 -0.952175 -0.120433 -0.280817 0.297128 -0.150629 -0.942882
-8.482733 -120.506516 -1868.691332 -10104.689833 -0.178776 0.955099 0.236273 0.656653 -0.063008 0.751557 -0.732698 -0.289509 0.615904
-9.265860 -118.886659 -2203.641687 -794.219803 -0.165024 0.962159 0.216833 0.803049 0.003441 0.595903 -0.572607 -0.272466 0.773229
-8.842500 -116.477677 -2834.720379 -16819.388274 -0.191366 0.960673 0.201212 0.614719 -0.042510 0.787600 -0.765179 -0.274409 0.582409
-4.889748 -107.987211 -202.500300 -14318.820611 -0.168488 0.967047 0.190869 0.491365 -0.085463 0.866751 -0.854501 -0.239824 0.460774
-2.381755 -111.768449 -3743.541137 -10862.871987 0.101996 0.987440 0.120663 0.731785 0.007689 -0.681492 0.673860 -0.157809 0.721810
-7.901678 -121.702197 -4418.429126 -8354.398754 0.113361 0.988025 0.104675 0.617430 0.012487 -0.786527 0.778415 -0.153790 0.608621
-6.525448 -100.363775 -3653.942153 -12344.769984 0.079035 0.987294 0.137857 0.808355 0.017453 -0.588437 0.583366 -0.157944 0.796704
0.691652 -92.785850 -4104.534369 -12355.910084 0.095175 0.985237 0.142303 0.848665 -0.005590 -0.528901 0.520298 -0.171105 0.836668
-2.436078 -75.290539 -3985.228080 -13005.372741 0.057647 0.986020 0.156334 0.903758 0.014987 -0.427781 0.424143 -0.165949 0.890260
-10.504640 -47.974902 -2694.688536 566.858634 -0.361381 0.293273 0.885096 -0.147969 0.919181 -0.364982 -0.920603 -0.262864 -0.288779
-11.242569 -43.015741 -1504.258128 3446.272549 -0.348038 0.193848 0.917220 -0.086796 0.967523 -0.237413 -0.933454 -0.162240 -0.319910
-7.719570 -42.109366 130.870487 629.024554 -0.367459 0.329645 0.869660 -0.106370 0.914046 -0.391414 -0.923937 -0.236335 -0.300810
-2.022480 -42.178656 -2067.561339 -1090.034667 -0.403499 0.476388 0.781181 -0.143234 0.810355 -0.568163 -0.903699 -0.341145 -0.258742
-20.188560 -53.854884 464.911012 -2302.364790 0.146972 -0.986731 0.069006 0.987067 0.141792 -0.074796 0.064019 0.079107 0.994808
-20.091613 -52.099823 -1556.528648 -2459.473794 0.174363 -0.977057 0.122301 0.984674 0.173486 -0.017861 -0.003766 0.123541 0.992332
-20.479489 -48.732375 2431.538761 -1818.285806 0.118540 -0.990832 0.064810 0.992245 0.120661 0.029838 -0.037385 0.060771 0.997451
-16.463470 -45.988054 -2650.562079 -1910.995601 -0.048236 0.998316 -0.032214 0.989687 0.052125 0.133427 -0.134882 0.025446 0.990535
-19.329893 -49.601689 2937.170691 -1765.029325 0.071521 -0.997075 0.026954 0.997424 0.071344 -0.007475 0.005531 0.027419 0.999609
-8.240738 -159.207865 1022.341256 15693.537737 0.951638 0.286286 0.111472 -0.019754 0.419107 -0.907722 0.306587 -0.861620 -0.404493
-8.799523 -170.017749 1166.996746 8132.590201 0.952958 0.287733 0.095293 0.043990 0.179770 -0.982725 0.299893 -0.940687 -0.158656
-9.158773 -165.759292 -124.433854 10680.672436 0.958421 0.259366 0.118986 0.030498 0.321481 -0.946425 0.283722 -0.910703 -0.300204
-6.254137 -150.070013 -194.946337 13238.842182 0.955210 0.262670 0.136300 -0.032228 0.550180 -0.834424 0.294168 -0.792658 -0.534003
2.065133 -64.776992 -970.602072 -2552.481584 -0.100307 0.971889 -0.213005 0.994956 0.097878 -0.021943 -0.000477 -0.214132 -0.976805
0.969917 -66.950897 -539.711184 -1243.979773 -0.070868 0.976589 -0.203106 0.987205 0.097826 0.125918 0.142839 -0.191584 -0.971026
2.581352 -69.343258 -1262.943178 -2305.782172 -0.069956 0.975961 -0.206414 0.987073 0.097634 0.127100 0.144198 -0.194855 -0.970175
-3.363091 -49.133466 -1482.916372 1918.503862 0.017938 0.995363 -0.094503 0.999808 -0.017106 0.009604 0.007942 -0.094657 -0.995478
3.239599 -48.215582 5478.994375 1500.614600 0.020828 0.998651 -0.047563 0.999038 -0.018952 0.039556 0.038601 -0.048341 -0.998085
1.265403 -44.909261 -3046.774653 -2355.114160 -0.014206 0.993921 -0.109179 -0.989546 -0.029646 -0.141135 0.143514 -0.106032 -0.983952
2.918603 -46.479553 -8654.240252 2407.523787 -0.036092 0.989435 -0.140414 0.997555 0.044084 0.054225 0.059842 -0.138114 -0.988607
-9.168391 -45.994776 386.546965 1837.666558 0.000091 0.999920 0.012683 0.978459 -0.002707 0.206426 -0.206443 -0.012391 0.978380
-9.266306 -46.470276 -181.343978 628.004525 0.026186 0.999112 0.033013 0.988901 -0.030721 0.145363 -0.146248 -0.028840 0.988827
-10.630729 -45.891001 -587.012891 -629.740766 0.024008 0.999665 0.009672 0.987394 -0.025225 0.156258 -0.156450 -0.005799 0.987669
3.923259 -142.143232 -672.608028 -452.657312 0.979998 0.165796 0.110074 0.088819 0.130579 -0.987451 0.178089 -0.977477 -0.113242
4.935877 -136.190569 1361.295402 -1729.494370 0.975564 0.196721 0.097859 0.083241 0.081268 -0.993210 0.203338 -0.977086 -0.062907
3.470381 -140.981906 1794.298555 -3500.383738 0.973976 0.196222 0.113439 0.043577 0.329044 -0.943309 0.222424 -0.923703 -0.311930
4.658385 -138.369355 1641.206364 -744.600875 0.973299 0.201862 0.109277 0.137735 -0.132757 -0.981532 0.183627 -0.970375 0.157016
2.047952 -144.563436 -954.198326 1330.644028 0.980243 0.159027 0.117622 0.039036 0.427426 -0.903207 0.193909 -0.889953 -0.412774
2.077688 -141.722060 -2916.228978 1857.199498 0.983625 0.136461 0.117727 0.069779 0.313917 -0.946883 0.166169 -0.939593 -0.299255
5.366025 -137.002712 -2192.527545 -5061.783946 0.981855 0.155916 0.107935 0.134492 -0.171290 -0.975998 0.133685 -0.972805 0.189151
2.730950 -137.478100 -3185.475859 -3688.260800 0.984009 0.135788 0.115272 0.111420 0.035658 -0.993133 0.138966 -0.990096 -0.019958
22.944816 -25.178926 6273.564100 -881.404453 -0.709975 0.700449 0.072853 0.679270 0.708436 -0.191600 -0.185818 -0.086544 -0.978765
27.283226 -28.614538 1531.935185 -384.306620 0.788259 -0.614882 0.023847 0.608550 0.773228 -0.178281 -0.091182 -0.155043 -0.983691
20.217145 -28.107380 3061.117237 -855.791016 -0.791902 0.609545 0.036692 0.601061 0.788666 -0.129352 -0.107784 -0.080380 -0.990920
13.612971 -25.318072 7212.120568 1287.512854 -0.688613 0.718932 0.094601 -0.705058 -0.694312 0.144308 -0.169431 -0.032673 -0.985000
10.687491 -25.498804 7876.374080 692.533721 -0.589527 0.801986 0.096311 -0.778145 -0.595854 0.198617 -0.216676 -0.042146 -0.975333
9.589513 -302.695032 -3065.258422 -49510.468304 0.893211 0.025985 0.448887 0.420118 -0.404000 -0.812579 -0.160235 -0.914390 0.371774
1.092590 -339.851266 -1585.933317 -89734.914190 0.887458 0.024153 0.460254 0.382083 -0.597012 -0.705400 -0.257740 -0.801869 0.539051
8.732671 -242.378816 -2515.713330 -20712.964553 0.892977 0.038605 0.448443 0.339269 -0.712458 -0.614247 -0.295784 -0.700652 0.649307
20.722100 -237.970604 -6203.554742 -14073.076753 0.898815 0.043639 0.436150 0.365896 -0.622584 -0.691743 -0.241354 -0.781335 0.575555
16.796258 -23.751696 9941.166915 -3785.327421 0.199660 0.832623 -0.516599 -0.245213 0.552896 0.796352 -0.948687 0.032323 -0.314562
-3.605065 -25.375035 -6803.551480 -2022.638068 -0.247483 -0.701640 0.668171 -0.209784 0.712069 0.670036 -0.945908 0.025651 -0.323418
6.672593 -31.914424 8738.429977 -4642.648341 0.211813 0.824822 -0.524217 -0.201159 0.561698 0.802515 -0.956384 0.064533 -0.284895
-9.436031 -37.484678 6655.400678 -3817.802092 0.218790 0.747677 -0.626985 -0.159112 0.661289 0.733062 -0.962712 0.060626 -0.263648
39.342269 -25.344711 7643.870819 -561.343356 -0.379239 0.890415 0.251671 -0.767612 -0.150876 -0.622903 0.516671 0.429415 -0.740712
35.552637 -26.720505 6224.438376 -936.271275 -0.293113 0.910564 0.291476 -0.828993 -0.090177 -0.551940 0.476293 0.403412 -0.781283
44.975157 -30.561546 2720.980784 -978.472899 -0.255194 0.944199 0.208240 -0.814355 -0.093785 -0.572739 0.521250 0.315741 -0.792846
41.988226 -33.450264 660.261282 -733.450966 -0.166845 0.961835 0.216878 -0.873982 -0.042449 -0.484101 0.456419 0.270317 -0.847709
46.893322 -30.837303 1234.550677 118.599675 -0.279290 0.946542 0.161415 -0.783388 -0.127410 -0.608334 0.555248 0.296352 -0.777094
47.008390 -34.653284 -3323.224115 -562.930723 -0.176425 0.976405 0.124532 -0.819265 -0.075535 -0.568418 0.545599 0.202308 -0.813261
13.550727 -45.939198 -1149.162180 -2548.469730 0.951615 -0.300383 0.064800 0.306133 0.945010 -0.115061 0.026674 -0.129331 -0.991243
15.412892 -51.959212 -3780.059198 -3396.367040 0.975261 -0.205362 0.081810 0.214926 0.967443 -0.133646 0.051700 -0.147923 -0.987647
9.829122 -53.591233 1903.058623 -1966.805190 -0.984594 0.161033 -0.068146 0.162296 0.986651 -0.013387 0.065081 -0.024241 -0.997586
-2.049276 -25.273427 928.683905 -534.872886 0.037474 0.986342 0.160391 -0.945976 -0.016715 0.323806 -0.322065 0.163860 -0.932429
-0.063857 -26.882674 674.731287 -1106.978150 0.047223 0.985935 0.160317 -0.929732 -0.015294 0.367920 -0.365197 0.166426 -0.915933
-1.202561 -25.869815 -136.264943 -374.392910 0.003515 0.986581 0.163236 -0.944423 -0.050384 0.324849 -0.328714 0.155306 -0.931572
2.770728 -37.773266 2949.412189 566.648589 -0.148777 0.916481 -0.371388 -0.267439 0.324280 0.907369 -0.952020 -0.234320 -0.196857
1.241249 -38.852274 2644.934093 3257.476156 -0.167776 0.932880 -0.318727 -0.281355 0.264551 0.922416 -0.944823 -0.244435 -0.218085
-0.870899 -39.251610 2458.387557 -5287.640632 -0.164156 0.937538 -0.306715 -0.264402 0.257737 0.929335 -0.950339 -0.233652 -0.205578
-1.883836 -37.652806 177.871042 -2895.354018 -0.209744 0.947509 -0.241315 -0.259615 0.183977 0.948025 -0.942660 -0.261492 -0.207400
-3.668220 -41.594818 -451.675657 -10408.521302 -0.224109 0.952295 -0.207144 -0.226166 0.155927 0.961528 -0.947958 -0.262336 -0.180432
-4.703103 -44.364893 829.919213 -7517.046227 -0.195876 0.958058 -0.209185 -0.172997 0.176212 0.969031 -0.965249 -0.225998 -0.131225
-3.534823 -40.823068 2954.060036 -5628.526901 -0.163385 0.948489 -0.271429 -0.164134 0.245158 0.955488 -0.972813 -0.200663 -0.115624
1.422767 -37.686889 2893.513309 -5450.669210 -0.149590 0.921895 -0.357396 -0.242229 0.316279 0.917220 -0.958618 -0.223779 -0.175998
-17.917558 -34.693242 1054.504407 -1385.159588 -0.156685 0.972548 0.172047 0.974280 0.123637 0.188392 0.161949 0.197140 -0.966907
-19.248270 -34.421760 1047.731986 -1368.356079 -0.020781 0.984820 0.172329 0.988472 -0.005616 0.151296 0.149968 0.173486 -0.973351
-15.830328 -32.904859 950.213321 -775.993079 -0.103968 0.979328 0.173514 0.989231 0.083752 0.120035 0.103022 0.184126 -0.977489
12.684473 -279.586218 211.472617 52173.817296 -0.022540 -0.951418 0.307076 0.999289 -0.030724 -0.021845 0.030218 0.306365 0.951434
19.301319 -198.602528 -392.758151 37128.644299 0.073778 0.951927 -0.297306 0.923734 -0.177588 -0.339379 0.375862 0.249593 0.892430
16.517917 -217.125918 856.752337 40169.866774 -0.083862 -0.964085 0.252006 0.985365 -0.117894 -0.123113 0.148402 0.237994 0.959862
10.999389 -275.068366 -924.546075 41427.781857 -0.030956 -0.954725 0.295874 0.979155 0.030484 0.200812 -0.200739 0.295923 0.933881
13.503996 -226.387631 562.264969 31470.164566 -0.050824 -0.967289 0.248535 0.984317 -0.006423 0.176289 -0.168926 0.253598 0.952445
14.562871 -180.204421 881.163018 27072.090026 -0.097446 -0.971270 0.217117 0.992989 -0.109549 -0.044395 0.066904 0.211269 0.975136
15.060559 -145.555704 -1111.677092 12790.500617 0.157379 0.965083 -0.209397 0.946514 -0.207893 -0.246764 0.281680 0.159361 0.946182
22.176259 -262.216469 -2234.018893 -2762.946766 0.071233 0.927345 -0.367366 0.831299 0.148346 0.535663 -0.551241 0.343548 0.760334
24.001120 -262.037767 -2632.535014 -23781.959185 0.070240 0.934648 -0.348567 0.583819 0.244815 0.774094 -0.808840 0.257873 0.528469
23.833552 -275.047853 581.181618 -31077.013159 0.109406 0.918617 -0.379701 0.626504 0.232838 0.743827 -0.771701 0.319264 0.550044
25.495546 -251.343080 -1324.477476 -41568.865254 0.115431 0.930777 -0.346886 0.289868 0.302456 0.908018 -0.950080 0.205364 0.234889
19.111065 -274.847423 -1122.079894 17371.652598 0.122790 0.904147 -0.409195 0.897720 0.074595 0.434207 -0.423110 0.420658 0.802511
17.889671 -226.651915 1610.496816 -23517.871488 0.139297 0.910752 -0.388751 0.408836 0.304664 0.860252 -0.901915 0.278766 0.329909
16.595660 -258.837898 2460.576983 -26585.306441 0.141258 0.887982 -0.437646 0.642039 0.254327 0.723259 -0.753547 0.383151 0.534193
20.678453 -149.947837 -3361.146501 -5097.370764 0.595382 0.490397 -0.636421 0.017671 0.783933 0.620594 0.803248 -0.380737 0.458074
27.421991 -134.758135 -991.860128 -18409.277302 0.534915 0.533791 -0.654930 0.185309 0.682157 0.707334 0.824334 -0.499728 0.265979
21.963302 -133.332396 -3111.698417 -18069.678565 0.606765 0.495032 -0.621916 0.251446 0.622689 0.740967 0.754063 -0.605972 0.253352
13.739937 -157.179348 -4946.345998 -17901.158030 0.650604 0.434571 -0.622786 0.192105 0.699232 0.688600 0.734718 -0.567646 0.371440
11.983017 -158.503606 -3982.339198 8100.786385 0.635622 0.418018 -0.649034 -0.039212 0.857114 0.513632 0.771004 -0.301026 0.561192
31.633773 -30.641952 -8638.125371 231.631144 0.170552 0.934232 0.313244 0.551436 -0.353953 0.755404 -0.816597 -0.043899 0.575537
33.711834 -26.670602 -6575.860479 -1810.873381 0.131881 0.941168 0.311142 0.545507 -0.330988 0.769980 -0.827665 -0.068184 0.557065
31.617674 -28.313801 -1231.540938 -2281.793672 0.155771 0.950721 0.268076 0.499084 -0.309951 0.809226 -0.852438 -0.007738 0.522771
-5.207072 -30.121597 999.769290 -2217.804163 0.016328 0.988060 0.153201 -0.328177 -0.139437 0.934268 -0.944475 0.065532 -0.321982
-3.767878 -29.441952 791.098216 -1084.167354 -0.005915 0.976129 0.217111 -0.339474 -0.206182 0.917740 -0.940597 0.068275 -0.332590
-6.022857 -31.151019 2346.186156 4642.229055 0.036455 0.990703 0.131070 -0.334697 -0.111478 0.935708 -0.941620 0.077980 -0.327522
-5.298445 -32.956078 924.068084 3370.383992 0.010166 0.981672 0.190308 -0.354004 -0.174459 0.918828 -0.935189 0.076711 -0.345742
-56.010411 -82.034447 -43.639454 6055.590075 0.226799 -0.957717 0.177030 0.970428 0.237642 0.042379 -0.082657 0.162183 0.983293
-46.315717 -74.597621 1616.303890 5719.872308 -0.094593 -0.968377 0.230862 0.994913 -0.083886 0.055785 -0.034655 0.234965 0.971386
-41.783170 -68.084921 325.846467 5128.263954 -0.314584 -0.900075 0.301500 0.948012 -0.313992 0.051786 0.048058 0.302117 0.952059
42.000760 -56.687923 -3573.214755 -1880.697242 0.299283 0.953777 -0.027172 0.168099 -0.080736 -0.982458 0.939240 -0.289466 0.184492
44.011143 -38.774533 6719.185982 2680.799832 0.111235 0.962594 0.247061 0.473313 0.167282 -0.864865 0.873843 -0.213140 0.437001
34.833324 -51.854480 2610.853916 4195.109296 0.136730 0.983755 0.116325 0.334234 0.064728 -0.940265 0.932519 -0.167442 0.319954
40.292520 -60.492101 803.588874 3267.288992 0.165588 0.985559 0.035419 0.195921 0.002324 -0.980617 0.966538 -0.169318 0.192707
5.154011 -11.361118 -1774.500733 -549.415785 0.626604 -0.555437 0.546678 0.730595 0.662834 -0.163955 -0.271290 0.502136 0.821134
3.893686 -11.128192 -1970.296087 1001.450534 0.826027 -0.314354 0.467825 -0.503229 -0.785158 0.360953 -0.253849 0.533580 0.806754
5.198996 -15.462085 2664.408401 -1321.930946 0.605591 -0.604260 0.517811 0.751071 0.649040 -0.120996 -0.262967 0.462187 0.846895
