17980
35952
-35.462129 -60.087288 -1577.550088 8048.303393 0.322763 0.943457 -0.075589 0.690382 -0.289310 -0.663078 0.647454 -0.161832 0.744724
-39.627807 -66.414275 -598.725302 8000.632848 0.280956 0.955362 -0.091360 0.749733 -0.277914 -0.600554 0.599136 -0.100233 0.794348
-45.360963 -77.544359 -36.684116 7990.081175 0.079027 0.990044 0.116482 0.840000 -0.003214 -0.542576 0.536800 -0.140723 0.831891
-35.338761 -54.934368 40.650208 6607.844898 0.421608 0.862953 -0.278493 0.598201 -0.495505 -0.629786 0.681471 -0.098928 0.725128
-38.797318 -68.215177 -2366.829820 11596.140516 0.067899 0.976474 0.204667 0.766043 0.080403 -0.637741 0.639193 -0.200086 0.742561
-35.956114 -48.558765 -1110.008554 7202.385006 0.301437 0.952335 -0.046837 0.634189 -0.236933 -0.735980 0.711997 -0.192148 0.675381
24.049328 -12.143769 13568.706435 -3209.215073 0.437229 0.393405 -0.808742 0.210826 0.829359 0.517413 0.874290 -0.396731 0.279680
-1.027773 -24.313269 6572.845133 10824.806831 0.465321 0.811665 -0.353095 0.121138 -0.453556 -0.882957 0.876813 -0.368085 0.309373
4.868033 -16.829024 12280.118098 -2969.462320 0.437932 0.472789 -0.764648 0.167521 0.792734 0.586097 0.883262 -0.384765 0.267961
22.352933 -37.591465 12201.169605 12550.450934 0.481067 0.553924 -0.679517 0.088482 0.740463 0.666247 0.872207 -0.380634 0.307200
31.069727 -39.240027 8744.164617 10054.135610 0.532950 0.518361 -0.668780 0.093339 0.749544 0.655341 0.840983 -0.411687 0.351086
34.001532 -46.737352 -8502.574523 -1045.489184 -0.585218 0.810078 0.035964 0.777473 0.573157 -0.258895 0.230338 0.123549 0.965236
30.835359 -47.090931 -8953.520170 -86.534713 -0.569978 0.820115 0.050361 0.748645 0.543611 -0.379498 0.338609 0.178603 0.923821
24.917624 -46.947160 -4891.026732 -475.267438 -0.588454 0.805296 0.072253 0.756031 0.579720 -0.303879 0.286599 0.124193 0.949967
29.366996 -46.302227 -6838.185097 -688.646511 -0.584899 0.807592 0.075423 0.784421 0.586860 -0.200697 0.206344 0.058224 0.976746
20.344492 -47.217150 2203.465814 -615.315046 -0.586094 0.806941 0.073081 0.774654 0.584505 -0.241382 0.237497 0.084860 0.967674
20.737022 -47.346074 3581.622775 88.066714 -0.598085 0.797772 0.076509 0.729345 0.581372 -0.360642 0.332191 0.159894 0.929561
20.912332 -62.283819 -4569.950825 -2123.757833 0.149791 -0.570141 -0.807776 0.587010 0.708701 -0.391359 0.795602 -0.415550 0.440836
22.438812 -74.905518 -2109.822097 -461.166362 0.136537 -0.504365 -0.852628 0.557783 0.750429 -0.354589 0.818679 -0.427167 0.383788
24.992598 -68.064235 -1268.903426 -2055.836701 0.075895 -0.602910 -0.794191 0.667307 0.622541 -0.408832 0.740906 -0.498941 0.449574
23.330540 -52.681402 978.053091 -2813.040322 -0.060942 0.691886 0.719430 0.668951 0.563255 -0.485024 0.740804 -0.451705 0.497164
14.169754 -54.694566 -2877.623052 -1270.053075 0.147794 -0.609580 -0.778825 0.557890 0.701614 -0.443279 0.816649 -0.368985 0.443773
17.414855 -37.629359 3969.215849 1429.200585 -0.353873 0.931712 0.081772 0.617954 0.167283 0.768212 -0.702073 -0.322381 0.634952
19.894924 -35.840030 3145.252543 1680.671149 -0.406170 0.912501 0.048653 0.648064 0.250111 0.719345 -0.644235 -0.323706 0.692947
24.139926 -39.927577 822.386625 1424.916007 -0.404125 0.909285 0.099417 0.620116 0.192453 0.760538 -0.672413 -0.369003 0.641637
22.981571 -40.630609 731.275574 -2.798751 -0.387322 0.912178 0.133837 0.566360 0.120868 0.815247 -0.727474 -0.391563 0.563436
13.173036 -37.596340 5761.523408 639.572388 -0.305067 0.945733 0.111904 0.573903 0.088797 0.814095 -0.759980 -0.312575 0.569848
4.355156 -53.299116 229.659192 901.329559 0.602529 0.787558 -0.129274 0.355216 -0.409681 -0.840228 0.714689 -0.460341 0.526598
2.387940 -53.028026 -1136.992641 -712.909140 0.622043 0.774357 -0.115904 0.323973 -0.389308 -0.862253 0.712814 -0.498809 0.493038
3.854210 -50.301718 -1405.813268 -520.839667 0.621539 0.774197 -0.119618 0.421334 -0.459097 -0.782117 0.660429 -0.435717 0.611542
-6.856907 -107.878995 92.397753 4224.635920 -0.148567 -0.957188 -0.248434 0.985300 -0.164701 0.045354 -0.084329 -0.238044 0.967587
-5.989422 -110.879413 -2234.685460 2342.671516 0.117708 0.957458 0.263475 0.942021 -0.191613 0.275463 -0.314230 -0.215775 0.924500
-3.545341 -112.453066 181.774489 287.065207 0.145519 0.957313 0.249751 0.926678 -0.220308 0.304519 -0.346542 -0.187125 0.919180
-3.140375 -105.210958 -2131.935710 -6650.665731 0.103353 0.961353 0.255183 0.799424 -0.232938 0.553770 -0.591810 -0.146765 0.792604
-3.538080 -110.645481 737.507479 5140.199868 -0.165866 -0.948565 -0.269652 0.976388 -0.196341 0.090088 -0.138398 -0.248342 0.958735
-1.117454 -104.933993 387.572624 -7260.611001 0.134709 0.958737 0.250354 0.781636 -0.258102 0.567828 -0.609015 -0.119194 0.784152
-1.567039 -111.097266 467.680357 614.317899 0.161801 0.951997 0.259850 0.910687 -0.245470 0.332255 -0.380092 -0.182883 0.906689
-2.491554 -113.360152 50.339098 10401.674559 0.084107 0.992704 0.086399 -0.093136 -0.078495 0.992554 -0.992095 0.091528 -0.085854
-0.574430 -116.161947 1858.680531 7690.664336 0.100968 0.991055 0.087265 -0.182477 -0.067778 0.980871 -0.978012 0.114960 -0.174001
-1.847081 -125.888225 -24.072644 3363.077549 0.089671 0.993583 0.068931 -0.332880 -0.035331 0.942307 -0.938696 0.107443 -0.327576
-1.535008 -124.193068 -1139.203898 8304.064749 0.075368 0.994130 0.077623 -0.216283 -0.059694 0.974504 -0.973417 0.090235 -0.210515
-1.545457 -24.577110 -2107.837533 -3259.923089 0.775103 -0.430497 0.462480 -0.175478 0.556496 0.812108 0.606979 0.710622 -0.355798
-1.306518 -30.961398 -1280.226342 -3721.284104 0.754425 -0.400909 0.519726 -0.261367 0.542837 0.798132 0.602105 0.737970 -0.304745
-5.586401 -30.764504 -1022.983022 -3441.887829 0.780209 -0.481956 0.398739 -0.150043 0.474646 0.867294 0.607257 0.736498 -0.298009
-6.207301 -25.841974 -1694.164952 -2703.359489 0.785377 -0.508261 0.353346 -0.079169 0.483657 0.871670 0.613934 0.712564 -0.339614
8.662452 -31.555681 2215.070527 3674.640143 0.567536 0.501295 0.653151 -0.287923 0.864036 -0.412967 -0.771365 0.046316 0.634706
5.389004 -25.863493 251.086024 4483.322915 0.548652 0.548562 0.630921 -0.314197 0.834614 -0.452438 -0.774765 0.049997 0.630269
6.491165 -32.625566 289.035946 4579.861601 0.514283 0.631175 0.580629 -0.407586 0.775558 -0.482061 -0.754577 0.011259 0.656115
-16.610316 -42.597867 2280.165732 -1305.095135 -0.491069 -0.657356 0.571607 -0.094273 0.692423 0.715307 -0.866005 0.297378 -0.401998
-11.992442 -45.966452 -1539.894967 -104.231779 0.464263 0.717551 -0.519211 -0.194876 0.654609 0.730418 -0.863992 0.237925 -0.443744
-10.192520 -41.900771 -325.095058 905.783986 0.464931 0.713868 -0.523671 -0.093021 0.627601 0.772958 -0.880446 0.310660 -0.358196
-4.317651 -115.328053 623.795598 -5388.634782 -0.417335 0.032278 -0.908179 0.497293 0.844569 -0.198504 0.760613 -0.534473 -0.368520
-3.113682 -115.930126 238.661543 -7058.886208 -0.415777 -0.004664 -0.909455 0.315837 0.937010 -0.149197 0.852864 -0.349272 -0.388114
-3.916379 -118.084384 -577.289082 -2499.200491 -0.419228 0.009864 -0.907827 0.463520 0.862122 -0.204682 0.780639 -0.506605 -0.365998
-0.660678 -122.444566 1750.140161 -5378.373687 -0.426921 0.024112 -0.903968 0.383754 0.909997 -0.156965 0.818823 -0.413913 -0.397750
-5.976575 -121.678119 -787.284821 8411.160726 -0.423370 0.029662 -0.905471 0.575333 0.780855 -0.243428 0.699821 -0.624008 -0.347657
0.126087 -132.487418 2588.671492 -3892.820355 -0.420604 0.052964 -0.905697 0.561153 0.799613 -0.213839 0.712881 -0.598176 -0.366041
-6.663064 -122.507532 1526.876335 5967.149631 -0.436869 0.052514 -0.897991 0.606720 0.754228 -0.251060 0.664106 -0.654509 -0.361360
6.862440 -136.892305 2425.622877 -6157.154696 -0.363605 0.112768 -0.924703 0.718053 0.666305 -0.201092 0.593457 -0.737103 -0.323245
9.940831 -136.041481 -3401.686956 -14382.818290 -0.283854 0.095239 -0.954126 0.755050 0.635545 -0.161190 0.591038 -0.766167 -0.252312
12.890166 -138.599754 -53.944829 -7348.108598 -0.337014 0.095385 -0.936655 0.544916 0.831053 -0.111434 0.767781 -0.547953 -0.332054
7.784780 -132.363118 2417.313752 -10543.115677 -0.383367 0.081417 -0.920001 0.568611 0.805758 -0.165635 0.727813 -0.586621 -0.355196
2.863374 -126.737597 3519.454513 1954.567953 -0.390669 0.108701 -0.914091 0.693256 0.688041 -0.214467 0.605619 -0.717484 -0.344154
-27.012797 -35.676326 1605.065752 3013.491359 0.262604 -0.441754 -0.857842 -0.615669 0.607838 -0.501482 0.742961 0.659838 -0.112354
-29.494032 -34.323505 213.620659 -1436.224104 0.185879 -0.096721 0.977801 0.698722 -0.686650 -0.200747 0.690823 0.720525 -0.060053
-26.468545 -38.853933 732.696349 2233.755024 0.141401 -0.244485 -0.959288 -0.629287 0.725847 -0.277749 0.764201 0.642941 -0.051216
-22.326917 -40.281066 2082.193440 477.572328 0.258200 -0.485332 -0.835336 -0.522074 0.657434 -0.543342 0.812879 0.576398 -0.083630
-21.953051 -40.415739 2208.909319 -981.248472 0.194847 -0.373062 -0.907116 -0.520840 0.744321 -0.417986 0.831120 0.553905 -0.049277
29.711313 -54.859356 5290.286055 -3435.141264 -0.247791 0.014333 -0.968707 -0.081540 0.996034 0.035595 0.965376 0.087809 -0.245640
35.658957 -50.735359 859.377919 -3910.057460 -0.151297 -0.038775 -0.987728 -0.061676 0.997654 -0.029718 0.986562 0.056423 -0.153333
30.572848 -57.127436 1992.913888 -1695.668019 -0.181796 0.016349 -0.983200 -0.216168 0.974739 0.056178 0.959282 0.222749 -0.173670
29.701910 -50.388253 -4507.481564 -1299.547854 -0.046104 0.001981 -0.998935 -0.194121 0.980917 0.010905 0.979894 0.194417 -0.044840
11.526797 -49.174232 1034.402835 6783.992608 -0.397652 -0.044141 -0.916474 -0.572564 0.792439 0.210264 0.716969 0.608352 -0.340388
6.473327 -49.172809 1330.218092 -7113.042586 -0.421573 -0.002217 -0.906792 -0.379497 0.908644 0.174209 0.823564 0.417566 -0.383902
11.902137 -41.891499 -135.332946 2432.224528 -0.429411 0.054291 -0.901476 -0.507320 0.811311 0.290518 0.747150 0.582089 -0.320843
-16.272599 -34.517610 1323.669238 50.296813 -0.459418 0.762089 0.456241 -0.056259 0.487659 -0.871220 0.886436 0.425922 0.181165
-19.034705 -34.753765 1520.667325 -1098.388707 -0.428119 0.789524 0.439734 -0.004089 0.484883 -0.874569 0.903713 0.376217 0.204359
-19.446621 -34.048693 1851.667335 401.972263 -0.423886 0.771991 0.473656 -0.086791 0.485935 -0.869675 0.901547 0.409752 0.138979
-17.116947 -34.516664 1469.059105 1102.576743 -0.445077 0.755677 0.480477 -0.144275 0.469029 -0.871319 0.883793 0.457125 0.099729
-19.767102 -34.658247 1608.063094 1660.432076 -0.417358 0.771804 0.479719 -0.179611 0.447420 -0.876102 0.890815 0.451811 0.048110
3.035604 -43.815125 493.537392 1571.173535 0.418503 0.809640 -0.411507 -0.497390 0.583425 0.642043 -0.759907 0.064017 -0.646872
3.010390 -46.423956 202.264786 934.874888 0.418187 0.824930 -0.380275 -0.513836 0.560052 0.649857 -0.749061 0.076363 -0.658085
0.461567 -48.162176 1130.800877 -1798.480075 0.411634 0.827711 -0.381381 -0.472833 0.551717 0.687049 -0.779093 0.102483 -0.618475
1.459811 -101.127933 -2137.173637 -5935.243586 0.200622 0.979443 -0.021011 -0.978238 0.199124 -0.058313 0.052931 -0.032253 -0.998077
2.210231 -118.622534 -2039.268743 -5899.467426 0.171010 0.985269 0.000347 -0.975246 0.169220 0.142335 -0.140180 0.024679 -0.989818
1.740996 -106.919312 -1498.005377 -4709.030008 0.167796 0.985747 -0.012115 -0.971702 0.167453 0.166595 -0.166249 0.016182 -0.985951
-331.370389 -4290.582925 193268.590985 1792563.395380 0.567966 0.032888 -0.822394 0.160672 0.975547 0.149977 0.807217 -0.217317 0.548793
125.510682 -294.035234 -54071.597286 100232.536412 0.825386 -0.152978 -0.543447 -0.537043 -0.509642 -0.672198 0.174132 -0.846677 0.502807
-7.592136 -2649.930712 32663.418442 982527.964390 0.667158 0.003652 -0.744907 -0.651868 -0.481094 -0.586189 0.360511 -0.876662 0.318585
-1348.166526 -2249.503495 531121.856713 847043.171346 -0.378623 0.813507 0.441418 0.417761 0.575788 -0.702811 0.825906 0.081694 0.557858
-668.815394 -3484.072174 -376755.472076 1697233.277591 0.930894 -0.202215 0.304213 0.192089 0.979341 0.063189 -0.310706 -0.000386 0.950506
-102.126412 -475.577933 -14442.076383 145680.627573 0.848655 -0.279271 -0.449214 -0.491245 -0.101243 -0.865118 -0.196122 -0.954860 0.223111
-57.004059 -385.531793 -3600.906885 122689.954875 0.924862 -0.154519 -0.347496 -0.354897 -0.022308 -0.934639 -0.136667 -0.987738 0.075470
-65.563242 -353.546722 -15569.390301 120627.629962 -0.034007 -0.091377 -0.995236 0.245243 0.964602 -0.096944 0.968865 -0.247371 -0.010394
-110.740964 -256.662079 -21534.721228 98997.850375 -0.142062 0.083049 -0.986368 0.150260 0.986736 0.061439 0.978387 -0.139484 -0.152656
-86.115462 -137.908842 -16899.578325 57368.103591 -0.073948 -0.063852 -0.995216 0.049612 0.996477 -0.067620 0.996027 -0.054375 -0.070519
-43.705895 -139.340139 -9091.261826 62396.753883 0.026326 -0.046359 -0.998578 0.064384 0.996929 -0.044585 0.997578 -0.063119 0.029230
-29.643470 -358.181298 -8743.251694 137802.351705 0.048213 -0.089536 -0.994816 0.222694 0.971868 -0.076678 0.973695 -0.217843 0.066795
-33.888143 -323.459127 -11103.186504 84320.864817 0.015190 -0.116434 -0.993082 0.552788 0.828589 -0.088693 0.833184 -0.547617 0.076950
-64.963526 -274.002142 -17033.622033 42292.824248 -0.050545 -0.074329 -0.995952 0.675643 0.731849 -0.088908 0.735494 -0.677402 0.013228
-61.717927 -101.375944 10864.257453 5469.307962 -0.390821 0.794497 -0.464795 0.099651 0.538508 0.836707 -0.915057 -0.280685 0.289632
-38.151123 -93.269920 5600.399095 14959.201530 -0.339199 0.893487 -0.294320 0.378778 0.416107 0.826669 -0.861087 -0.168923 0.479577
-41.225667 -91.634093 2569.600119 5617.433973 -0.325898 0.898236 -0.294894 0.165254 0.361245 0.917711 -0.930850 -0.250347 0.266166
-49.407653 -88.396617 2178.041161 -11087.330752 -0.386092 0.824401 -0.413879 -0.104586 0.406654 0.907576 -0.916512 -0.393694 0.070785
-42.213451 -88.021003 1330.397389 -3592.471308 -0.260444 0.904219 -0.338463 -0.051997 0.336916 0.940098 -0.964088 -0.262442 0.040731
-36.481479 -87.571620 1899.509065 2018.372563 -0.196252 0.963590 -0.181600 0.130210 0.209172 0.969171 -0.971870 -0.166555 0.166520
-39.225675 -66.377833 1482.893876 -2205.644997 -0.024853 0.224958 0.974051 0.978690 -0.193190 0.069588 0.203832 0.955024 -0.215363
-45.776771 -67.044606 4865.554279 -2861.913267 0.003797 0.286304 0.958131 0.979997 -0.191711 0.053403 0.198974 0.938764 -0.281305
-43.188173 -65.478506 3876.107929 -3280.373418 0.015464 0.259100 0.965727 0.993725 -0.110988 0.013865 0.110777 0.959452 -0.259191
8.768243 -6.033417 2667.960636 2135.161073 0.436100 0.686662 0.581647 -0.322764 0.722694 -0.611177 -0.840024 0.078799 0.536797
10.620917 -4.816980 2557.933487 1134.856556 0.489532 0.450335 0.746697 -0.179466 0.890019 -0.419116 -0.853317 0.071164 0.516513
3.609988 -2.261911 3207.406503 -710.155422 0.360841 0.846930 0.390517 0.431358 -0.522808 0.735256 -0.826876 0.096858 0.553981
-8.955372 -174.170613 -678.148246 -8060.229657 0.860779 -0.507067 -0.044082 0.193885 0.406741 -0.892732 -0.470604 -0.759898 -0.448427
-3.706889 -185.304709 2185.140062 -4742.783434 0.891002 -0.453633 -0.018233 0.220202 0.466932 -0.856438 -0.397022 -0.759073 -0.515928
-6.108696 -169.288441 1076.769176 -26346.847931 0.881635 -0.471303 -0.024370 0.065115 0.172626 -0.982833 -0.467419 -0.864913 -0.182882
-6.948465 -179.697580 1030.912424 5822.718221 0.881381 -0.471965 -0.020418 0.283946 0.563813 -0.775557 -0.377548 -0.677764 -0.630947
-10.896219 -153.086438 65.809299 -22848.391908 0.872956 -0.485754 -0.044612 0.029721 0.144252 -0.989094 -0.486892 -0.862110 -0.140363
-10.882310 -165.890149 -290.344805 -23297.642423 0.862453 -0.504678 -0.038403 0.079844 0.210586 -0.974309 -0.499799 -0.837230 -0.221916
-7.494190 -178.787720 -698.043534 9752.921175 0.858790 -0.510820 -0.039270 0.340709 0.626679 -0.700850 -0.382618 -0.588503 -0.712227
134.795153 -20.336022 -35811.293225 -3866.779976 0.319799 0.909562 0.265378 0.367056 0.139284 -0.919712 0.873498 -0.391531 0.289317
135.766678 -27.177514 4830.865998 -991.514017 0.001652 0.990604 0.136748 0.347602 0.127652 -0.928912 0.937641 -0.049069 0.344125
121.052399 -28.571736 -30227.646288 -5814.240922 0.279182 0.926072 0.253867 0.340256 0.151818 -0.927996 0.897933 -0.345459 0.272717
1.535613 -34.581894 -367.911310 1621.247532 -0.551355 0.816790 -0.169888 0.822917 0.498975 -0.271719 -0.137168 -0.289617 -0.947263
1.078026 -30.106838 192.730223 774.106102 -0.550449 0.817992 -0.167020 0.813995 0.481382 -0.325091 -0.185521 -0.314899 -0.930817
1.701074 -33.080289 152.890178 1547.648716 -0.554334 0.814651 -0.170460 0.823081 0.506188 -0.257511 -0.123497 -0.283050 -0.951121
-10.255729 -121.842345 1403.414099 10347.270381 0.757852 -0.642661 -0.112457 0.035318 0.212526 -0.976517 -0.651470 -0.736084 -0.183761
-8.045329 -108.306987 1495.264777 -7166.235695 -0.728332 0.674423 0.121183 -0.149344 -0.328838 0.932503 -0.668751 -0.661074 -0.340225
-8.974836 -119.577263 -50.998335 5224.328270 0.757320 -0.637242 -0.142791 -0.014523 0.202166 -0.979244 -0.652882 -0.743675 -0.143850
-9.658564 -119.387226 684.660318 3112.923562 0.765417 -0.632145 -0.120539 -0.146774 0.010888 -0.989110 -0.626574 -0.774773 0.084449
-3.333431 -127.090717 2594.114299 -6225.543920 0.439943 -0.879643 -0.180771 0.878344 0.379579 0.290570 -0.186981 -0.286613 0.939623
-1.153210 -140.451428 3844.286656 -6192.656761 0.415213 -0.889365 -0.191387 0.907886 0.418468 0.025059 0.057803 -0.184162 0.981195
-3.725402 -125.961671 2661.038705 -7831.913860 0.425292 -0.885146 -0.188796 0.905046 0.416913 0.084114 0.004259 -0.206642 0.978407
-5.444582 -117.531406 785.875317 -9546.420107 0.436374 -0.885577 -0.159160 0.891868 0.402338 0.206628 -0.118949 -0.232117 0.965388
-6.486316 -122.106219 658.721803 -6378.738311 0.412181 -0.897267 -0.158175 0.903728 0.424680 -0.054059 0.115679 -0.120665 0.985930
-10.260469 -40.824613 591.527233 -2254.567905 -0.396603 0.915731 0.064370 0.311071 0.068091 0.947944 -0.863679 -0.395981 0.311862
-10.756514 -37.785061 884.018730 146.521361 -0.388965 0.914257 0.113320 0.315231 0.016502 0.948872 -0.865642 -0.404799 0.294621
-12.077635 -42.001643 -59.690905 -1875.173332 -0.419181 0.904162 0.082331 0.342172 0.073335 0.936771 -0.840955 -0.420848 0.340119
-11.134191 -43.637229 786.881558 -5037.179304 -0.413214 0.910515 0.014743 0.333040 0.136034 0.933048 -0.847549 -0.390458 0.359449
-14.041755 -45.206165 -985.212322 -3520.496833 -0.456395 0.889347 0.027670 0.390880 0.172462 0.904140 -0.799322 -0.423461 0.426339
-12.901989 -41.539792 -399.163388 -3882.858651 -0.433675 0.896168 0.093852 0.405161 0.100905 0.908660 -0.804842 -0.432089 0.406852
-11.420887 -40.720813 -161.444945 -534.399117 -0.426448 0.894921 0.131374 0.383238 0.047207 0.922442 -0.819311 -0.443721 0.363099
-11.488207 -50.156177 -725.984206 -6942.724177 -0.458325 0.875508 -0.153047 0.876708 0.417054 -0.239686 -0.146018 -0.244032 -0.958711
-11.690521 -50.264582 753.473375 1161.008396 -0.467222 0.874750 -0.128517 0.884139 0.462000 -0.069677 -0.001575 -0.146181 -0.989257
-10.753192 -51.094266 398.576589 -8804.075319 -0.486741 0.859689 -0.154976 0.862500 0.444838 -0.241273 -0.138481 -0.251104 -0.958003
-9.806214 -43.333999 -614.180109 -4056.358976 -0.419679 0.889054 -0.182901 0.889626 0.362914 -0.277234 -0.180099 -0.279063 -0.943233
6.034040 -34.766744 2493.684513 563.164615 0.316216 -0.120179 0.941044 0.733439 -0.598194 -0.322849 0.601727 0.792288 -0.101015
-0.543413 -38.446933 1692.690392 156.221298 0.215331 -0.054038 0.975045 0.805200 -0.555107 -0.208587 0.552526 0.830021 -0.076021
-1.157595 -37.690962 139.108491 324.253189 0.228675 -0.052959 0.972061 0.826694 -0.516733 -0.222630 0.514086 0.854507 -0.074383
-4.445358 -42.630599 886.710738 1778.363571 0.137295 -0.008741 0.990492 0.869890 -0.477199 -0.124790 0.473753 0.878752 -0.057914
3.741741 -35.044667 2086.414632 -363.613559 0.360336 -0.141883 0.921969 0.760688 -0.527372 -0.378460 0.539918 0.837704 -0.082102
11.045392 -62.769806 2416.677619 -4967.731262 0.771523 -0.634287 -0.049323 -0.479981 -0.529437 -0.699510 -0.417577 -0.563362 0.712918
9.093497 -57.426975 558.671551 3283.465641 0.704886 -0.703681 -0.089267 -0.595433 -0.518614 -0.613596 -0.385480 -0.485668 0.784558
6.801358 -54.411112 2297.822664 -3467.852961 0.760206 -0.646196 -0.067216 -0.528304 -0.554645 -0.642856 -0.378130 -0.524213 0.763032
13.201077 -70.195736 158.430127 941.893079 0.704140 -0.707384 -0.061603 -0.552467 -0.491295 -0.673356 -0.446056 -0.508171 0.736747
4.017322 -63.859481 2618.134312 -12694.877095 0.797127 -0.602781 -0.035262 -0.455339 -0.561741 -0.690734 -0.396553 -0.566659 0.722249
16.089227 -77.309826 1564.619356 -3254.024310 0.756535 -0.653024 -0.034861 -0.418995 -0.443102 -0.792530 -0.502094 -0.614183 0.608836
11.744452 -76.527038 5339.889476 -11109.676601 0.813052 -0.579046 -0.060428 -0.405045 -0.488050 -0.773140 -0.418192 -0.653079 0.631351
24.703184 -20.740047 -6183.886267 3557.320017 -0.462670 0.650782 0.602013 0.154014 -0.609737 0.777497 -0.873050 -0.452443 -0.181877
20.815590 -22.462702 -4576.788423 -2525.141428 -0.463444 0.572091 0.676706 -0.192659 0.680348 -0.707113 -0.864929 -0.458081 -0.205085
17.796685 -25.203644 -3370.155814 -558.710569 -0.446923 0.584564 0.677159 -0.140531 0.701687 -0.698488 -0.883465 -0.407332 -0.231450
10.062094 -24.183468 -803.562718 1317.218279 -0.434412 0.519080 0.736100 -0.145216 0.766186 -0.625996 -0.888931 -0.378833 -0.257462
18.452841 -25.349639 -3229.001246 1267.335474 -0.440000 0.654288 0.615067 0.100029 -0.644958 0.757643 -0.892409 -0.394887 -0.218334
10.499170 -23.263129 -244.982847 2930.914570 -0.416006 0.657632 0.628059 -0.005115 0.688956 -0.724785 -0.909347 -0.304728 -0.283246
5.750979 -112.463783 97.955574 9238.229800 -0.526585 0.850053 -0.010873 0.232195 0.156119 0.960059 -0.817798 -0.503028 0.279587
6.123636 -110.259534 -256.004529 6595.238638 -0.512740 0.857644 0.039296 0.367510 0.177890 0.912848 -0.775909 -0.482495 0.406404
2.356810 -113.512943 1583.857434 7182.008306 -0.510067 0.859698 0.027400 0.301520 0.148880 0.941765 -0.805554 -0.488624 0.335155
-4.669617 -228.697875 5175.693397 43671.573440 0.721229 -0.691208 0.045390 -0.536130 -0.515522 0.668432 0.438626 0.506428 0.742387
3.091687 -171.668336 6723.447678 41826.692829 0.708669 -0.704898 0.030116 -0.643601 -0.628377 0.436944 0.289077 0.329032 0.898984
10.278283 -232.400750 8402.587767 49828.066874 0.691530 -0.721476 0.035478 -0.570957 -0.515851 0.638675 0.442488 0.461919 0.768658
-1.362900 -281.632870 6776.347070 32187.997246 0.695457 -0.715282 0.068645 -0.359719 -0.263859 0.894975 0.622047 0.647109 0.440803
1.238546 -178.932924 -277.726800 11285.763594 -0.673033 0.719011 -0.173347 0.156686 0.367666 0.916663 -0.722825 -0.589783 0.360111
1.280440 -174.651591 -577.931200 14110.539194 -0.673288 0.720668 -0.165289 0.231677 0.417922 0.878446 -0.702146 -0.553153 0.448344
2.558434 -198.036561 -747.640536 16795.323780 -0.680625 0.708526 -0.186388 -0.007817 0.247371 0.968889 -0.732590 -0.660907 0.162828
0.976202 -195.455604 810.441527 15900.476002 -0.670229 0.717039 -0.191437 -0.054719 0.209502 0.976276 -0.740134 -0.664804 0.101179
34.194096 -34.150023 3767.601094 1321.575452 0.525420 -0.594365 0.608822 0.495570 0.795430 0.348859 -0.691625 0.118417 0.712484
28.422982 -27.472020 2252.352417 -1117.350785 0.534573 -0.507759 0.675583 0.411952 0.854547 0.316298 -0.737921 0.109224 0.665990
46.490188 -27.664532 1799.299266 237.968940 0.560242 -0.417954 0.715153 0.425763 0.885887 0.184198 -0.710531 0.201290 0.674261
48.003576 -34.053564 5045.188386 2648.428110 0.563521 -0.563828 0.603773 0.536109 0.805660 0.251991 -0.628515 0.181686 0.756279
1000.902103 -9694.301862 669174.857937 8547101.671754 0.499185 -0.264073 0.825276 0.755983 0.598167 -0.265869 -0.423444 0.756612 0.498230
52.586594 -6554.439581 27471.612217 11530042.010567 0.749626 -0.172358 0.639026 -0.656752 -0.313456 0.685874 -0.082090 0.933830 0.348171
-7.987284 -5932.963283 -14852.357982 2055628.165843 0.579021 -0.526940 0.622148 -0.228827 0.627378 0.744335 -0.782542 -0.573350 0.242687
214.184589 -3336.824692 -3643.064609 -226556.507551 0.722002 -0.497093 0.481261 0.683869 0.618326 -0.387294 0.105055 -0.608746 -0.786379
96.120926 -1093.079119 29749.512014 -472829.962084 -0.537480 0.567976 -0.623313 0.801527 0.114394 -0.586915 -0.262050 -0.815057 -0.516732
-127.410027 -7380.771788 -30846.565182 -2252567.903312 0.799940 -0.393673 0.452899 0.599998 0.537194 -0.592811 0.009921 -0.745952 -0.665926
9.779383 -5.206338 3109.566771 5707.200703 0.582119 -0.282645 0.762397 0.237284 0.955876 0.173198 -0.777711 0.080082 0.623501
6.657348 1.240617 2290.817768 -2895.479354 0.590878 0.362048 0.720960 -0.221121 0.932105 -0.286855 -0.775866 0.010077 0.630817
0.593845 -7.029171 3997.764305 2713.790089 0.640966 0.024148 0.767189 0.023140 0.998443 -0.050760 -0.767220 0.050288 0.639409
10.194785 -16.260724 4353.414995 5474.745646 0.592714 -0.249446 0.765811 0.178421 0.967872 0.177170 -0.785402 0.031626 0.618178
8.289391 -48.587804 4017.391248 -504.117954 -0.437292 0.837616 0.327376 0.785840 0.178886 0.591993 0.437300 0.516139 -0.736458
5.614648 -48.596922 -293.639115 177.702426 -0.426252 0.849919 0.309752 0.784111 0.176391 0.595026 0.451086 0.496511 -0.741619
6.126320 -47.647755 2762.932310 -344.237023 -0.437227 0.839295 0.323134 0.816155 0.219356 0.534578 0.377788 0.497460 -0.780904
-5.868496 -59.374225 -308.953366 299.671773 -0.532175 0.832774 0.152568 0.638859 0.513249 -0.573092 0.555562 0.207515 0.805164
-7.245680 -59.046788 -2299.327462 147.574727 -0.532008 0.825833 0.186995 0.556247 0.507366 -0.658155 0.638401 0.246129 0.729290
-8.400886 -60.800116 -912.789821 -893.037819 -0.559208 0.811842 0.167928 0.618128 0.543289 -0.568116 0.552454 0.213894 0.805633
-10.353493 -61.917288 -3101.006905 -2238.306738 -0.555741 0.807528 0.197612 0.544192 0.533050 -0.647852 0.628496 0.252499 0.735688
19.842348 -83.123429 4670.440389 3288.051864 -0.583923 0.804804 0.106418 0.289594 0.084040 0.953453 -0.758399 -0.587561 0.282139
13.848467 -80.421466 2675.830894 -1597.672162 -0.587718 0.805637 0.074407 0.373920 0.188915 0.908017 -0.717476 -0.561480 0.412272
20.542665 -79.780717 4112.581269 -382.813268 -0.607004 0.791362 0.072747 0.314023 0.154758 0.936717 -0.730024 -0.591436 0.342445
11.909272 -79.283219 2264.974242 2443.571693 -0.568210 0.815849 0.107371 0.298831 0.083008 0.950689 -0.766706 -0.572276 0.290967
89.051546 -139.213211 -15202.938431 22223.610789 0.127274 0.975363 0.180189 0.972509 -0.086996 -0.216005 -0.195007 0.202727 -0.959622
62.035234 -165.519977 -6887.608787 -21635.016151 -0.112913 0.992073 0.055146 -0.981519 -0.119998 0.149068 -0.154504 0.037296 -0.987288
45.509903 -126.742340 -1698.969570 3440.832329 -0.075265 0.982671 0.169390 0.997161 0.073780 0.015051 0.002293 0.170042 -0.985434
60.400112 -102.970863 -12903.002191 4584.849314 0.114059 0.969417 0.217306 0.993196 -0.106093 -0.048019 -0.023496 0.221305 -0.974922
29.363977 -113.497216 1998.994590 -10693.612879 -0.124934 0.969828 0.209346 0.985960 0.097796 0.135347 0.110790 0.223316 -0.968429
-50.614922 -777.437134 1319.031263 -261936.748607 0.867130 0.110188 0.485741 0.296020 0.670293 -0.680499 0.400572 -0.733870 -0.548613
-68.087785 -1259.061402 3842.259339 -446329.479738 0.810454 0.107492 0.575856 0.405082 0.607276 -0.683465 0.423171 -0.787186 -0.448626
-115.946826 -1242.712617 17130.950057 -387841.845544 0.831014 0.026213 0.555633 0.511792 0.355278 -0.782206 0.217908 -0.934393 -0.281826
-7.676298 -50.141997 -1021.383667 8478.201562 -0.377082 0.922087 -0.086981 -0.285749 -0.026492 0.957938 -0.880998 -0.386076 -0.273475
-6.185734 -47.852164 889.810931 -1797.510539 -0.369795 0.924870 -0.088695 -0.455467 -0.097247 0.884925 -0.809816 -0.367639 -0.457209
-8.108928 -51.473139 -103.294386 8057.189360 -0.393775 0.916230 -0.073924 -0.307827 -0.055664 0.949813 -0.866131 -0.396768 -0.303960
-6.432228 -50.555764 -197.181599 5432.047598 -0.380405 0.920419 -0.090113 -0.247088 -0.007254 0.968966 -0.891201 -0.390865 -0.230184
-6.756689 -50.312394 -1116.361979 3817.682527 -0.370438 0.926033 -0.072370 -0.232197 -0.016882 0.972522 -0.899366 -0.377064 -0.221276
-10.282450 -50.463858 -1183.770049 5372.259869 -0.360131 0.931291 -0.054798 -0.218452 -0.027078 0.975472 -0.906964 -0.363269 -0.213194
-10.324449 -50.811633 -1727.647856 7912.591875 -0.353848 0.932822 -0.068076 -0.263350 -0.029528 0.964248 -0.897462 -0.359125 -0.256107
-43.159048 -75.487145 -840.872472 5094.767467 0.244231 0.964903 -0.096510 0.826504 -0.259182 -0.499715 0.507190 -0.042280 0.860796
-38.664387 -65.217557 -319.812865 7005.971191 0.364580 0.893144 -0.263391 0.702874 -0.449491 -0.551295 0.610778 -0.015861 0.791643
26.665298 -53.170043 -14829.217141 21099.892088 0.666100 0.677836 0.311206 -0.008285 0.423942 -0.905651 0.745816 -0.600676 -0.288004
48.215354 -11.890499 -20948.110719 -965.940902 -0.439376 -0.392017 -0.808252 0.426170 0.701088 -0.571712 0.790777 -0.595649 -0.140976
-18.892895 -87.077044 -28668.320755 48497.002942 0.746210 0.641446 0.178093 -0.174543 0.446683 -0.877502 0.642421 -0.623716 -0.445279
-15.326069 -884.388246 -679.723664 -508094.975389 0.574301 0.742349 -0.345103 0.694960 -0.219293 0.684793 0.432677 -0.633110 -0.641843
5.823347 -128.826238 -25830.216014 64310.539608 0.708714 0.664851 -0.236004 -0.394042 0.095554 -0.914112 0.585197 -0.740839 -0.329700
-41.203140 -62.281215 1120.948075 -8064.579626 0.292391 0.907028 -0.302998 -0.542933 -0.103378 -0.833389 0.787230 -0.408183 -0.462228
-39.834195 -53.449108 -397.120175 -5606.992010 0.314190 0.887253 -0.337738 -0.470311 -0.163565 -0.867211 0.824677 -0.431311 -0.365894
-32.175564 -58.611933 -4392.650960 -7099.417104 0.418936 0.857971 -0.297285 -0.475186 -0.071834 -0.876948 0.773752 -0.508650 -0.377602
-43.442375 -60.698973 -408.476599 -6389.160615 0.303429 0.938738 -0.163407 -0.478488 0.001812 -0.878092 0.824003 -0.344627 -0.449725
-38.500323 -63.114741 -1095.651625 -6005.874206 0.395996 0.866984 -0.302533 -0.571958 -0.024862 -0.819906 0.718367 -0.497715 -0.486033
-40.559112 -68.042531 2038.552492 -4071.090289 0.369305 0.907460 -0.200323 -0.597788 0.066931 -0.798855 0.711522 -0.414772 -0.567187
-44.332751 -71.055443 782.997160 -5551.598648 0.333433 0.933516 -0.131797 -0.583868 0.094709 -0.806306 0.740217 -0.345801 -0.576629
38.021571 -47.886329 -4037.177514 226.344640 -0.592670 0.803969 -0.048734 0.765022 0.542967 -0.346307 0.251959 0.242528 0.936855
33.896325 -47.214389 -7953.731638 88.560928 -0.569878 0.821493 -0.019715 0.733114 0.497439 -0.463786 0.371190 0.278756 0.885728
25.813360 -46.783459 -8352.868031 148.241137 -0.568527 0.820825 0.054985 0.707965 0.522208 -0.475482 0.419001 0.231398 0.878005
23.988743 -84.240844 2570.233630 106.762077 0.028660 -0.529077 -0.848090 0.662394 0.645460 -0.380283 0.748607 -0.550871 0.368956
-0.014363 -34.577997 -1642.078482 -1050.554360 0.654126 0.728058 -0.205065 -0.052836 -0.226468 -0.972585 0.754538 -0.647028 0.109671
-0.535845 -31.171520 -2165.236413 -1169.824742 0.658728 0.718378 -0.223631 -0.122898 -0.190501 -0.973964 0.742276 -0.669061 0.037201
-2.752659 -35.256256 -1124.707858 -2922.082548 0.639907 0.734570 -0.225668 -0.053811 -0.250110 -0.966721 0.766566 -0.630755 0.120519
22.682064 -33.408649 2750.762861 2104.560769 -0.444305 0.895431 0.028226 0.671553 0.312035 0.672050 -0.592967 -0.317551 0.739967
12.735647 -29.310833 6331.928860 1677.244636 -0.418903 0.907705 -0.024318 0.670753 0.327380 0.665517 -0.612054 -0.262476 0.745987
22.200550 -28.361429 2599.657884 2253.031031 -0.470127 0.882591 -0.003713 0.690323 0.370326 0.621541 -0.549941 -0.289640 0.783373
12.684809 -23.621817 6266.998592 1829.066784 -0.465842 0.880001 -0.092683 0.681398 0.423574 0.596893 -0.564524 -0.214904 0.796950
1.961837 -50.042589 1166.044230 985.273753 0.603333 0.779157 -0.170012 0.180941 -0.341367 -0.922350 0.776691 -0.525722 0.346939
1.031613 -51.124396 1814.850585 1555.809488 0.593764 0.780947 -0.193818 0.186828 -0.368099 -0.910823 0.782649 -0.504603 0.364467
0.262373 -50.476688 1423.073918 2444.026435 0.601507 0.771800 -0.206191 0.088541 -0.320922 -0.942958 0.793946 -0.548939 0.261372
-0.791445 -48.339333 1704.868713 935.360308 0.598073 0.773537 -0.209641 0.038470 -0.288987 -0.956560 0.800518 -0.564028 0.202593
1.577104 -48.514631 -538.161964 2436.077342 0.619585 0.771186 -0.146241 0.113364 -0.272275 -0.955518 0.776700 -0.575447 0.256123
40.487320 -58.290181 -5707.458179 1056.064167 0.524697 0.769539 -0.364010 -0.519034 -0.049739 -0.853305 0.674757 -0.636660 -0.373319
39.518636 -59.568664 -2871.282653 -5055.596902 0.457224 0.811699 -0.363443 -0.593813 -0.025592 -0.804196 0.662066 -0.583515 -0.470296
30.522267 -64.152829 -5976.886096 -7882.972690 0.583651 0.719909 -0.375609 -0.560409 0.022380 -0.827914 0.587617 -0.693707 -0.416505
-6.300036 -107.095935 -456.895844 5783.391540 -0.131760 -0.960269 -0.246014 0.982340 -0.159745 0.097415 -0.132844 -0.228834 0.964359
-4.076953 -104.498984 149.757506 7123.264451 0.114143 0.963188 0.243391 0.958199 -0.171432 0.229055 -0.262349 -0.207072 0.942494
-2.721872 -103.856148 -1804.258474 -4732.631320 0.107605 0.961321 0.253543 0.837188 -0.225164 0.498414 -0.536225 -0.158631 0.829035
-1.304236 -102.060436 1912.589765 10833.164912 0.105299 0.988800 0.105769 0.070803 -0.113545 0.991007 -0.991917 0.096863 0.081966
-0.432710 -101.515053 1202.959923 9327.728457 0.105990 0.987988 0.112450 0.012784 -0.114431 0.993349 -0.994285 0.103848 0.024759
-1.335603 -114.654599 1839.881441 6052.938379 0.116648 0.989217 0.088563 -0.226884 -0.060273 0.972055 -0.966911 0.133481 -0.217407
-5.493036 -34.747640 -3089.362056 1464.479192 0.750493 -0.307493 0.584985 -0.476218 0.362124 0.801301 0.458231 0.879951 -0.125338
0.251817 -29.166583 -3914.884935 4343.191074 0.651897 -0.229205 0.722838 -0.612913 0.402016 0.680236 0.446506 0.886481 -0.121590
-4.510643 -20.253813 -3485.514300 3578.574338 0.847399 -0.340157 0.407687 -0.348707 0.222490 0.910441 0.400399 0.913669 -0.069923
-0.972931 -11.196372 -3754.096039 -10275.159296 0.615386 -0.214355 0.758520 0.676660 -0.349889 -0.647850 0.404268 0.911937 -0.070272
5.753356 -22.428633 1110.757346 3406.893783 0.593278 0.404444 0.696022 -0.191122 0.910672 -0.366264 -0.781981 0.084271 0.617580
1.974678 -14.948878 1211.447579 3289.723609 0.608573 0.392583 0.689578 -0.193314 0.916204 -0.350998 -0.769590 0.080302 0.633468
-0.456857 -50.300443 138.838171 3128.551524 0.025267 0.974903 0.221191 -0.263065 -0.206980 0.942314 -0.964447 0.081997 -0.251233
4.323724 -49.938807 936.315856 7167.281084 0.019490 0.960976 0.275945 -0.221815 -0.264963 0.938399 -0.974894 0.079498 -0.207995
4.008776 -52.728480 -1255.869955 -3480.708249 -0.030969 0.928693 0.369553 -0.202173 -0.367908 0.907618 -0.978860 0.046606 -0.199150
-5.838872 -58.461603 -2989.626248 -8821.767990 -0.045048 0.957176 0.285981 -0.243196 -0.288166 0.926183 -0.968931 0.027827 -0.245763
-4.323774 -115.753946 -954.881669 -6370.545699 -0.410561 0.003684 -0.911826 0.279687 0.952297 -0.122086 0.867879 -0.305149 -0.392006
-2.413436 -109.849284 1726.137238 2525.014339 -0.436152 -0.005133 -0.899858 0.113440 0.991693 -0.060640 0.892694 -0.128528 -0.431947
-4.805805 -110.787492 -1434.736740 489.618451 -0.403666 0.007471 -0.914876 0.100140 0.994319 -0.036065 0.909409 -0.106174 -0.402121
4.975909 -114.273710 4713.165544 5511.336506 -0.458772 0.034343 -0.887890 0.138195 0.989851 -0.033118 0.877742 -0.137896 -0.458862
8.078665 -132.774290 -2201.900293 -13304.928649 -0.265062 0.124403 -0.956173 0.789800 0.596871 -0.141286 0.553135 -0.792634 -0.256461
11.061040 -138.913158 -2014.494391 -11035.519277 -0.274524 0.109865 -0.955283 0.629438 0.771568 -0.092148 0.726942 -0.626588 -0.280967
-29.559124 -30.066234 -3252.784532 -1368.460103 0.588975 -0.444540 0.674902 -0.428284 0.536508 0.727139 0.685333 0.717317 -0.125601
-25.021513 -33.593725 -3699.670239 -781.140040 0.645618 -0.480446 0.593590 -0.405022 0.443541 0.799518 0.647406 0.756600 -0.091767
-25.104494 -38.294028 -2469.857315 1508.163824 0.514469 -0.404219 0.756259 0.577246 -0.488924 -0.654019 0.634120 0.773020 -0.018202
3.240755 -125.305778 1211.403349 12271.121947 0.459648 0.088547 0.883676 -0.253400 0.966730 0.034938 -0.851183 -0.239983 0.466793
5.446782 -101.334893 691.027800 10232.398708 0.447180 0.112700 0.887315 -0.094603 0.992425 -0.078373 -0.889427 -0.048896 0.454455
0.105051 -130.625803 1676.209384 12804.118532 0.467417 0.058632 0.882091 -0.221671 0.973694 0.052741 -0.855794 -0.220186 0.468118
-9.480626 -2108.342097 -41090.144572 785396.749580 0.228674 -0.069161 -0.971043 0.911715 0.364916 0.188712 0.341298 -0.928468 0.146502
-17.014148 -2468.223206 -4810.657824 937635.207786 0.085354 0.135738 -0.987061 0.808316 -0.588645 -0.011052 -0.582529 -0.796914 -0.159962
-50.523627 -2659.979414 -7370.065919 888267.914725 0.209672 -0.060508 -0.975898 0.957111 -0.191395 0.217502 -0.199942 -0.979646 0.017782
-103.195262 -4679.487505 -28505.427940 -2383338.106797 0.009464 -0.285040 0.958469 -0.498913 0.829338 0.251563 -0.866600 -0.480573 -0.134361
-1.503663 -32.954936 -727.163032 165.190170 0.145118 -0.242188 -0.959315 -0.269965 0.923097 -0.273883 0.951872 0.298726 0.068576
-3.813800 -33.620838 -615.448470 898.219697 0.076136 -0.064332 -0.995020 -0.357940 0.929636 -0.087493 0.930635 0.362819 0.047751
2.665309 -34.475062 97.902480 -279.592740 0.085748 -0.090861 -0.992165 -0.265929 0.957618 -0.110680 0.960171 0.273336 0.057951
7.460010 -33.153120 -171.162745 -777.359789 0.132595 -0.211473 -0.968348 -0.190849 0.953245 -0.234307 0.972623 0.215876 0.086036
9.426690 -34.630822 703.499379 -1297.812982 0.090905 -0.113070 -0.989420 -0.190896 0.973130 -0.128747 0.977392 0.200580 0.066878
7.684227 -38.030853 -1404.237702 -465.526560 0.057337 0.000195 -0.998355 -0.247102 0.968888 -0.014003 0.967292 0.247499 0.055601
-17.034954 -34.394296 751.999544 -515.561592 -0.445226 0.779753 0.440180 0.023981 0.501799 -0.864652 0.895097 0.374409 0.242114
1.265454 -50.889997 -1042.757666 -159.558582 0.383173 0.845202 -0.372575 -0.502364 0.529180 0.683812 -0.775119 0.074850 -0.627366
1.448484 -50.008378 -1296.377565 -1121.738217 0.385560 0.846074 -0.368108 -0.473696 0.523872 0.707934 -0.791805 0.098579 -0.602766
-0.006018 -54.574463 -2519.880980 -1257.582804 0.350505 0.872217 -0.341152 -0.402936 0.469262 0.785771 -0.845452 0.137954 -0.515926
-1.258137 -54.825806 504.721894 -1115.651602 0.375865 0.867184 -0.326677 -0.404550 0.470713 0.784072 -0.833705 0.162548 -0.527744
4.728318 -122.395400 84.049860 -5169.243102 0.163461 0.985577 0.043791 -0.959708 0.148573 0.238510 -0.228564 0.081014 -0.970152
5.048882 -113.639270 -1118.589641 -6038.209152 0.205930 0.978350 0.020601 -0.978143 0.206415 -0.025074 0.028783 0.014988 -0.999473
-117.481309 -200.738202 38995.257709 -45649.843965 0.042151 0.997220 -0.061441 -0.270123 -0.047831 -0.961637 0.961903 -0.057131 -0.267356
-187.339447 -334.113803 -30377.662496 107239.161803 -0.259783 0.337552 -0.904750 0.320647 0.913911 0.248902 0.910878 -0.225445 -0.345653
-78.798945 -112.139813 20585.086124 21655.448857 -0.404364 0.794389 -0.453249 0.311733 0.585607 0.748256 -0.859833 -0.161275 0.484436
-46.518711 -88.918702 17833.790640 9411.203755 -0.217641 0.963467 -0.156088 0.540804 0.252168 0.802460 -0.812504 -0.090236 0.575929
-20.682388 -69.531448 2864.278743 8610.762382 -0.214818 0.975840 -0.039862 0.576112 0.159569 0.801643 -0.788637 -0.149242 0.596472
-50.011554 -71.655219 -2996.107484 -2592.947210 -0.138881 -0.646375 0.750274 0.944217 0.142015 0.297129 -0.298607 0.749687 0.590595
-50.921227 -71.050319 -5478.903563 -838.377893 -0.152846 -0.539153 0.828222 0.959581 0.119432 0.254835 -0.236312 0.833697 0.499106
-49.366094 -67.487799 -3030.209096 -5980.999648 -0.066505 -0.576292 0.814534 0.900323 0.317236 0.297958 -0.430110 0.753159 0.497751
-50.506815 -72.635337 -7817.392667 2062.479268 -0.227179 -0.567473 0.791432 0.970585 -0.065410 0.231704 -0.079718 0.820790 0.565640
-49.903262 -66.712561 1463.914714 -6985.773462 -0.149159 -0.724350 0.673104 0.864566 0.234818 0.444282 -0.479872 0.648211 0.591223
-55.868189 -73.828061 2639.734885 -2976.986255 -0.156654 -0.759142 0.631793 0.928520 0.104822 0.356179 -0.336616 0.642430 0.688458
-53.479608 -75.064616 -2157.337742 602.044214 -0.250297 -0.675229 0.693842 0.957593 -0.067021 0.280220 -0.142711 0.734557 0.663370
