17923
35836
-22.749703 -33.410184 -245.123831 1997.363955 0.509179 0.716482 -0.476854 0.829184 -0.556848 0.048719 -0.230629 -0.420206 -0.877632
-24.691039 -37.918482 -38.923488 1726.470156 0.517144 0.695117 -0.499374 0.782087 -0.620805 -0.054229 -0.347710 -0.362510 -0.864688
-27.628060 -43.267814 350.690784 -2378.733255 -0.799318 -0.413144 0.436352 -0.503411 0.856910 -0.110825 -0.328128 -0.308249 -0.892925
-20.698180 -31.424522 -1.355668 1586.749750 0.192121 0.819038 -0.540617 0.942982 -0.306639 -0.129448 -0.271798 -0.484923 -0.831250
-22.718008 -40.788037 566.038766 -4308.439530 0.842256 0.412982 -0.346485 -0.506205 0.826909 -0.244903 -0.185371 -0.381663 -0.905522
-19.094992 -28.957979 196.802316 2324.501105 0.517793 0.734922 -0.437928 0.846186 -0.515318 0.135707 -0.125938 -0.440837 -0.888708
-17.429079 -26.917928 -90.428001 1048.548277 0.068263 0.862614 -0.501237 0.985361 -0.136964 -0.101516 -0.156221 -0.486969 -0.859335
98.453372 -51.429078 15989.564838 -2123.485350 0.965098 0.261156 -0.019588 -0.158653 0.523512 -0.837117 0.208364 -0.811007 -0.546673
99.888640 -52.363789 11884.000257 -1137.409606 0.974494 0.142387 -0.173459 -0.218128 0.419317 -0.881245 0.052744 -0.896604 -0.439680
68.549750 -44.027984 6508.234977 -687.043233 0.927990 0.351477 -0.123685 -0.250624 0.343163 -0.905222 0.275721 -0.871036 -0.406540
52.579400 -42.406155 6575.084124 -2421.351912 0.876402 0.479494 -0.044780 -0.262360 0.397411 -0.879336 0.403840 -0.782400 -0.474092
48.094289 -45.559679 4879.446681 -2566.415796 0.921973 0.385046 0.041304 -0.213528 0.594446 -0.775268 0.323067 -0.705956 -0.630281
53.863956 -54.186930 6176.377764 -2830.245903 0.962663 0.269562 0.024832 -0.171656 0.678794 -0.713983 0.209319 -0.683063 -0.699722
31.190956 -24.662541 533.776688 216.330996 0.975370 0.018719 -0.219778 -0.068012 0.973367 -0.218933 -0.209826 -0.228489 -0.950666
27.019260 -23.668844 4288.045773 -111.462460 0.991314 0.100915 -0.084338 -0.121910 0.945677 -0.301386 -0.049342 -0.309050 -0.949765
21.259694 -22.757127 4321.637534 746.066292 0.997381 0.061257 -0.038462 -0.067637 0.978308 -0.195805 -0.025633 -0.197893 -0.979888
12.434833 -20.750781 5428.661305 528.506419 0.990374 0.137174 0.018507 -0.128849 0.962485 -0.238788 0.050568 -0.234104 -0.970895
23.901143 -22.630457 3355.672606 399.295978 0.997357 0.013222 -0.071443 -0.023936 0.988204 -0.151263 -0.068600 -0.152573 -0.985908
10.987442 -19.784924 4836.458578 449.472358 0.999236 0.024404 0.030537 -0.019910 0.989998 -0.139667 0.033640 -0.138952 -0.989728
-7.870680 -22.360731 260.209581 -758.530429 0.998638 0.051348 0.009274 0.023994 -0.294062 -0.955485 0.046335 -0.954406 0.294894
-7.253696 -23.709854 5.387650 -477.661221 0.994774 0.091030 0.046242 0.066425 -0.233037 -0.970197 0.077541 -0.968198 0.237866
-6.396196 -21.894381 258.506834 -929.012047 0.997313 0.071965 -0.013697 0.012135 -0.346688 -0.937902 0.072245 -0.935216 0.346630
-6.685210 -19.499336 429.060106 -922.436394 0.997530 0.027790 -0.064514 -0.048460 -0.392617 -0.918425 0.050853 -0.919282 0.390300
-9.319931 -20.042662 586.313780 -861.406015 0.999549 0.012078 -0.027476 -0.021468 -0.352058 -0.935732 0.020975 -0.935900 0.351640
-4.004784 -6.537828 -741.656215 -299.199939 -0.327756 -0.270665 -0.905161 0.918247 -0.316654 -0.237807 -0.222257 -0.909104 0.352322
-6.721576 -7.173357 -332.220523 -927.203642 0.728093 -0.388976 -0.564427 -0.647991 -0.121995 -0.751815 -0.223581 -0.913135 0.340877
-4.588173 -7.596921 -998.270973 -136.413953 -0.296868 -0.277132 -0.913820 0.935906 -0.274448 -0.220812 -0.189602 -0.920802 0.340844
-0.524551 -25.847805 -195.713008 565.364154 0.335334 0.819078 -0.465470 0.899049 -0.425872 -0.101707 -0.281537 -0.384374 -0.879200
-0.662651 -24.908337 -72.611217 1335.529426 0.302214 0.836716 -0.456697 -0.868958 0.438782 0.228871 -0.391891 -0.327682 -0.859678
-0.550356 -24.129150 -28.180053 1870.662533 0.320274 0.825821 -0.464160 -0.846482 0.469454 0.251161 -0.425316 -0.312462 -0.849396
-0.419070 -27.780125 -215.655811 924.169243 0.317616 0.825465 -0.466614 0.915609 -0.394933 -0.075419 -0.246537 -0.403281 -0.881240
0.141459 -25.231646 253.262826 336.944163 0.363150 0.812082 -0.456776 0.883108 -0.456300 -0.109139 -0.297057 -0.363749 -0.882861
0.363735 -27.814727 149.128554 927.742535 0.361455 0.811770 -0.458671 0.912569 -0.408897 -0.004529 -0.191226 -0.416932 -0.888595
-0.048164 -27.894482 -210.693753 925.548760 0.338189 0.816731 -0.467524 0.923749 -0.382998 -0.000866 -0.179769 -0.431582 -0.883980
-0.624908 -26.161775 -193.632140 -413.891819 -0.482787 -0.696195 0.531252 -0.496336 0.717321 0.488980 -0.721503 -0.027606 -0.691860
-0.145091 -23.764844 49.512398 808.629483 0.468346 0.710335 -0.525430 -0.558068 0.698869 0.447371 -0.684990 -0.083701 -0.723728
-1.420961 -23.740042 130.765917 521.563074 0.461883 0.722556 -0.514370 -0.536796 0.689395 0.486400 -0.706055 -0.051452 -0.706285
-2.457938 -27.018242 -180.132199 -1387.820764 -0.475581 -0.705808 0.525031 -0.498256 0.708010 0.500462 -0.724958 -0.023590 -0.688389
-1.421065 -22.751796 247.864084 569.931187 0.431850 0.759340 -0.486732 -0.604560 0.644170 0.468564 -0.669338 -0.091909 -0.737251
-2.175249 -25.011525 205.685096 -157.742604 0.440941 0.744243 -0.501671 -0.540542 0.666409 0.513530 -0.716509 -0.044738 -0.696142
-0.084618 -56.689463 -919.389672 -1850.374222 -0.486925 -0.516334 0.704488 0.752403 -0.657602 0.038073 0.443614 0.548597 0.708694
-0.693230 -50.156512 -126.609556 -1886.788695 -0.486544 -0.536604 0.689442 0.784263 -0.615997 0.074020 0.384975 0.576718 0.720549
0.205445 -56.173288 -6.038596 1773.273965 0.452287 0.569883 -0.686054 -0.727399 0.680807 0.085980 0.516069 0.460148 0.722452
4.096364 -60.773268 1047.692145 860.985915 0.456349 0.538409 -0.708422 -0.637315 0.753376 0.162030 0.620946 0.377546 0.686939
4.263917 -60.224124 -1300.171868 -479.307174 -0.534902 -0.482654 0.693488 0.688397 -0.724850 0.026494 0.489887 0.491567 0.719981
6.794423 -54.488432 1165.958769 -120.224451 -0.797590 -0.299702 0.523478 0.013905 0.858469 0.512677 -0.603040 0.416184 -0.680539
9.714196 -54.296442 -235.995179 1328.429904 0.843414 0.236819 -0.482254 0.127978 0.783219 0.608432 -0.521799 0.574878 -0.630271
8.472676 -54.000180 -1269.364311 1878.572971 0.802688 0.300913 -0.514921 0.163645 0.719119 0.675343 -0.573509 0.626354 -0.527985
4.589487 -55.029728 1513.772044 1970.743715 -0.780959 -0.335467 0.526845 0.115134 0.751738 0.649334 -0.613879 0.567761 -0.548452
-2.291231 -45.495959 99.515658 -2698.932476 -0.810164 -0.349536 0.470594 -0.403293 0.914953 -0.014715 -0.425428 -0.201708 -0.882227
-3.332797 -50.579810 73.958778 198.870320 -0.807965 -0.361151 0.465577 -0.305975 0.932418 0.192292 -0.503559 0.012910 -0.863864
-4.605988 -48.421040 -443.302856 -1473.635287 -0.821086 -0.365266 0.438633 -0.361312 0.927489 0.096008 -0.441896 -0.079653 -0.893523
-4.427772 -56.172594 -199.546750 -651.130969 -0.815254 -0.360397 0.453294 -0.245141 0.923931 0.293695 -0.524659 0.128315 -0.841587
-3.617210 -53.980879 34.285304 -1010.889527 -0.810801 -0.378614 0.446378 -0.297639 0.923353 0.242549 -0.503997 0.063799 -0.861346
6.457283 -66.350897 -204.154063 1199.343562 0.282170 0.309914 0.907928 -0.081184 0.950704 -0.299284 -0.955923 0.010740 0.293420
6.479055 -68.138193 -192.750325 891.952831 0.296341 0.327357 0.897229 -0.029849 0.942141 -0.333884 -0.954616 0.072162 0.288966
6.899061 -68.670184 -602.924775 381.245135 0.272059 0.309549 0.911133 -0.263549 0.934613 -0.238832 -0.925487 -0.175151 0.335851
5.314008 -68.214458 -140.807804 987.803170 0.279127 0.320730 0.905108 -0.160810 0.944873 -0.285228 -0.946693 -0.065936 0.315316
4.663241 -67.181837 -197.655871 -208.631251 0.286389 0.306517 0.907760 -0.383538 0.904898 -0.184548 -0.877998 -0.295308 0.376714
5.741508 -66.281712 -551.967086 -737.067229 0.281551 0.298622 0.911896 -0.454447 0.878498 -0.147373 -0.845108 -0.372915 0.383050
7.757705 -68.778624 -519.915360 -895.917458 0.298220 0.305767 0.904196 -0.476469 0.868522 -0.136555 -0.827068 -0.390098 0.404699
-10.760352 -25.473090 188.826404 1616.784785 0.407298 0.672331 -0.618126 0.814926 -0.573093 -0.086375 -0.412316 -0.468546 -0.781319
-11.682847 -24.331055 -20.379231 335.068138 0.348042 0.678410 -0.647014 0.838129 -0.534376 -0.109459 -0.420007 -0.504185 -0.754581
-11.782410 -26.499300 -231.520751 1441.970551 0.377055 0.658052 -0.651765 0.798053 -0.587963 -0.131950 -0.470044 -0.470390 -0.746854
-4.699146 -106.980969 -171.349816 -7712.440792 -0.504220 -0.588817 -0.631709 -0.143831 0.778547 -0.610882 0.851513 -0.217160 -0.477249
-4.208796 -121.995112 -190.818612 -5099.737798 -0.504197 -0.604934 -0.616312 -0.427224 0.794939 -0.430757 0.750510 0.046117 -0.659248
-3.771586 -119.244368 6.021667 -6200.426882 -0.489196 -0.617487 -0.615953 -0.414681 0.785967 -0.458580 0.767286 0.031088 -0.640552
-3.499450 -111.199487 -223.579354 -9550.013449 -0.484282 -0.607698 -0.629424 -0.218908 0.780694 -0.585318 0.847084 -0.145673 -0.511106
-8.347344 -32.832701 -928.260139 -724.663052 0.357508 0.608056 0.708841 -0.524824 -0.497011 0.691042 -0.772494 0.619071 -0.141437
-4.213804 -39.089696 -1192.094846 -1635.528080 0.298035 0.587113 0.752645 -0.511776 -0.567296 0.645183 -0.805767 0.577472 -0.131396
-9.571021 -39.126637 -1295.266570 2334.232275 0.291748 0.541436 0.788498 0.462609 0.641659 -0.611774 -0.837184 0.543250 -0.063270
-12.837256 -33.016472 -820.049580 -1631.236512 0.372253 0.578659 0.725660 -0.483485 -0.546491 0.683806 -0.792257 0.605394 -0.076340
-9.993256 -28.994577 117.768476 27.026789 0.479866 0.652663 0.586310 -0.480752 -0.363408 0.798006 -0.733898 0.664805 -0.139382
-1.428819 -134.855325 -411.877492 -15275.499757 0.604510 0.477396 0.637699 0.395487 0.515041 -0.760475 0.691490 -0.711916 -0.122544
-0.692868 -100.991110 461.797964 -3731.189649 -0.571262 -0.449604 -0.686670 0.598197 0.344762 -0.723395 0.561979 -0.824012 0.072002
-0.320576 -110.670578 284.031074 -4608.351579 -0.581292 -0.452981 -0.675950 0.583335 0.347169 -0.734299 0.567292 -0.821147 0.062433
-0.944986 -160.068735 -25.768441 -17631.318738 -0.594385 -0.488663 -0.638683 0.383822 0.525520 -0.759282 0.706673 -0.696446 -0.124802
12.956929 -27.771354 -3651.472188 316.241578 0.727316 -0.337479 -0.597595 -0.526384 0.284418 -0.801265 -0.440377 -0.897337 -0.029218
23.677468 -25.916322 -4005.719350 295.316463 0.782218 -0.324893 -0.531582 -0.424360 0.346848 -0.836430 -0.456128 -0.879853 -0.133439
9.330660 -27.825496 -2472.044633 402.998466 0.711125 -0.322982 -0.624487 -0.522552 0.351436 -0.776809 -0.470363 -0.878735 -0.081140
-7.407149 -26.710287 72.331887 10.021310 0.918410 0.377646 -0.117922 -0.293792 0.451381 -0.842580 0.264970 -0.808479 -0.525503
-9.338055 -25.449217 274.517763 -137.045442 0.915051 0.378880 -0.138321 -0.280773 0.352153 -0.892835 0.289567 -0.855826 -0.428617
-8.614250 -25.100932 329.800435 -281.893790 0.956441 0.291915 -0.002672 -0.147919 0.476716 -0.866523 0.251677 -0.829173 -0.499130
-5.618980 -26.503122 333.610396 -216.787008 0.950682 0.310166 -0.001068 -0.183905 0.560904 -0.807196 0.249766 -0.767583 -0.590282
9.324998 -23.046744 844.842146 258.140754 -0.691103 -0.055259 -0.720641 0.706232 0.160358 -0.689581 0.153666 -0.985511 -0.071798
14.325831 -25.997569 1223.303341 364.881196 -0.688963 -0.096095 -0.718398 0.698173 0.178184 -0.693401 0.194639 -0.979294 -0.055671
11.389836 -22.270275 -598.232591 332.714199 0.738591 0.079826 0.669411 0.637523 0.240152 -0.732046 0.219196 -0.967448 -0.126483
7.632216 -20.616325 -153.824504 263.204927 0.752000 0.053142 0.657018 0.634383 0.212383 -0.743271 0.179038 -0.975740 -0.126000
-11.390482 -26.238452 209.271690 -65.306598 -0.067122 0.270029 -0.960510 0.855994 0.510181 0.083610 0.512611 -0.816578 -0.265387
-12.234148 -26.501527 75.901846 284.562688 -0.038345 0.281781 -0.958712 0.898042 0.430479 0.090606 0.438236 -0.857489 -0.269557
-11.641829 -26.580753 -457.469037 226.906139 -0.042936 0.299481 -0.953136 0.878354 0.465921 0.106827 0.476078 -0.832604 -0.283055
-12.464845 -25.821041 554.598672 36.728349 -0.072602 0.229713 -0.970547 0.869654 0.491003 0.051158 0.488293 -0.840326 -0.235418
30.123032 5.844198 -1989.671817 -1930.401429 0.754017 0.216069 0.620300 -0.494520 0.808284 0.319573 0.432329 0.547714 -0.716311
167.155682 5.723911 -36849.756465 4572.989466 0.522214 0.535304 0.663884 0.736673 -0.675346 -0.034923 0.429657 0.507303 -0.747019
189.398058 -14.015402 -42806.176105 5.576686 0.333910 0.688910 0.643356 0.880161 -0.472162 0.048779 0.337373 0.549969 -0.764012
-7.181869 -222.937395 1415.071210 19658.838805 0.631588 -0.268142 0.727459 0.731690 -0.104116 -0.673639 0.256371 0.957737 0.130439
-3.288259 -507.862114 62.376933 -121351.646966 0.678636 -0.224938 0.699183 -0.566311 0.445935 0.693133 0.467702 0.866340 -0.175243
-17.544684 -416.285787 498.926030 63601.071192 0.548770 -0.263631 0.793316 0.826676 0.030002 -0.561877 0.124327 0.964157 0.234402
-8.491144 -423.045557 -858.453793 83880.621879 0.647290 -0.168936 0.743287 0.657279 -0.370108 -0.656509 0.386005 0.913499 -0.128530
-4.682243 -23.853658 -288.933666 1714.892856 0.275813 0.845224 -0.457738 -0.270883 0.525257 0.806677 -0.922253 0.098499 -0.373829
-6.700117 -24.835907 -43.864285 -381.316200 0.311758 0.784932 -0.535433 -0.204080 0.605683 0.769090 -0.927986 0.130499 -0.349016
-6.759362 -25.225099 -126.065923 1422.011762 0.324650 0.780252 -0.534611 -0.220244 0.612052 0.759529 -0.919834 0.128836 -0.370548
-26.486008 -59.624333 2456.653504 -3525.959181 -0.314603 -0.088368 0.945101 0.895453 0.302722 0.326380 -0.314944 0.948974 -0.016107
-29.195553 -55.621683 2678.038323 4651.033327 -0.256544 -0.062042 0.964539 0.966003 0.016572 0.257999 -0.031991 0.997936 0.055682
-46.279429 -68.188455 6096.299980 -2415.052162 -0.116479 0.015295 0.993075 0.972894 0.202876 0.110987 -0.199773 0.979085 -0.038511
-35.098555 -62.882234 5987.288294 -6904.912368 -0.362513 -0.109460 0.925528 0.791929 0.487393 0.367827 -0.491359 0.866295 -0.090002
36.106016 -22.110803 5791.787880 233.970448 0.718073 -0.488905 -0.495321 0.491421 -0.147788 0.858291 0.492826 0.859727 -0.134136
12.312531 -24.177660 6654.958267 149.983217 0.658388 -0.593908 -0.462383 0.478919 -0.143361 0.866074 0.580656 0.791657 -0.190047
19.385436 -23.858077 6654.134698 211.107174 0.677406 -0.591701 -0.437048 0.401548 -0.200368 0.893651 0.616344 0.780860 -0.101865
25.838753 -23.064271 7261.642887 93.339822 0.663803 -0.565124 -0.489898 0.533861 -0.100717 0.839553 0.523792 0.818835 -0.234841
39.846564 -21.361705 5380.682269 216.818723 0.720582 -0.454443 -0.523683 0.549864 -0.085566 0.830860 0.422388 0.886657 -0.188225
41.471514 -20.025743 560.079292 13.755655 0.793517 -0.267365 -0.546669 0.539717 -0.105802 0.835171 0.281134 0.957769 -0.060347
56.265096 -50.967581 -7702.066772 412.081273 -0.096735 0.566095 0.818644 -0.261705 0.779093 -0.569670 -0.960288 -0.269350 0.072785
77.976490 -52.011671 -7995.753783 2529.752910 0.159031 0.503020 0.849518 -0.109099 0.864152 -0.491262 -0.981227 -0.014556 0.192306
44.212820 -49.365556 -4136.350429 759.675477 0.144254 0.536021 0.831789 -0.340221 0.816202 -0.466973 -0.929215 -0.215629 0.300106
22.538522 -45.963057 -2351.791719 -1425.742230 0.076007 0.581238 0.810176 -0.572691 0.690589 -0.441716 -0.816240 -0.430407 0.385359
31.287606 -49.562992 -3340.586129 -346.101729 -0.066755 0.615719 0.785133 -0.436324 0.689647 -0.577935 -0.897310 -0.381152 0.222616
-14.508406 -31.120534 -510.050375 1271.057967 0.954031 -0.294310 -0.056627 0.186592 0.435407 0.880684 0.234538 0.850766 -0.470307
-15.441523 -32.682099 -674.799321 2120.488263 0.951066 -0.303092 0.060073 0.084112 0.441034 0.893540 0.297319 0.844763 -0.444946
-15.406856 -33.752372 -571.134953 -824.904357 0.947309 -0.319498 0.022944 0.170023 0.562236 0.809310 0.271473 0.762766 -0.586933
-5.616773 -21.683559 257.611246 -636.891110 0.804110 -0.169523 -0.569798 0.589356 0.101741 0.801441 0.077891 0.980261 -0.181720
-7.281002 -22.298169 261.505443 -649.760536 0.786647 -0.141680 -0.600927 0.616015 0.114877 0.779313 0.041380 0.983224 -0.177644
-6.467610 -24.057419 321.869121 -226.947487 0.804618 -0.150588 -0.574380 0.582975 0.016536 0.812322 0.112828 0.988458 -0.101094
3.043194 -27.851985 72.257181 1744.380418 0.566752 -0.225320 -0.792479 0.095913 0.973381 -0.208161 0.818287 0.041966 0.573276
3.998249 -29.240396 -41.214263 1057.640112 0.574634 -0.235885 -0.783680 0.180244 0.970528 -0.159961 0.798315 -0.049334 0.600215
3.676333 -25.409401 77.755917 1718.472605 0.570068 -0.234626 -0.787383 0.056673 0.967304 -0.247208 0.819640 0.096302 0.564726
2.682627 -24.987985 83.644759 1298.000739 0.564403 -0.199725 -0.800974 0.009724 0.971831 -0.235476 0.825442 0.125115 0.550447
1.880945 -28.191178 481.951454 1361.726917 0.542885 -0.209935 -0.813144 0.106587 0.977645 -0.181244 0.833016 0.011724 0.553125
1.343745 -46.526678 -407.838669 1834.391181 0.678761 -0.403182 -0.613781 0.107761 0.881442 -0.459835 0.726409 0.245977 0.641736
2.736985 -46.153895 -239.080658 651.239654 0.671347 -0.351398 -0.652543 0.176080 0.930869 -0.320123 0.719923 0.100014 0.686810
2.334561 -52.404432 -534.006305 -297.417706 0.688967 -0.361545 -0.628179 0.250859 0.932084 -0.261321 0.679995 0.022457 0.732872
-6.782105 -44.429934 114.009783 -329.779267 0.740131 -0.170910 -0.650382 -0.525485 0.456506 -0.717961 -0.419610 -0.873151 -0.248063
-6.803899 -46.334851 -64.033295 -472.032660 0.732645 -0.202378 -0.649826 -0.431028 0.600941 -0.673115 -0.526732 -0.773248 -0.353046
-6.626405 -46.118656 -115.958434 -753.386313 0.742621 -0.172228 -0.647187 -0.456063 0.577615 -0.677028 -0.490429 -0.797934 -0.350402
-6.504930 -50.202546 -241.447133 -1243.736880 0.737593 -0.182442 -0.650132 -0.357402 0.711404 -0.605119 -0.572906 -0.678689 -0.459521
-7.306044 -44.588131 60.713255 -561.472141 0.753055 -0.142287 -0.642389 -0.511940 0.486596 -0.707913 -0.413311 -0.861962 -0.293591
-6.831667 -46.668098 -38.445044 -869.980889 0.758999 -0.145414 -0.634646 -0.428960 0.621606 -0.655438 -0.489809 -0.769715 -0.409422
5.920226 -53.927907 22.488960 1921.100711 -0.790723 0.350761 0.501721 0.431934 0.900450 0.051219 -0.433809 0.257211 -0.863512
5.691607 -46.834812 -85.294342 1349.551365 0.794946 -0.352106 -0.494048 0.488795 0.854091 0.177786 -0.359363 0.382818 -0.851063
6.464364 -47.912763 62.442704 829.430084 0.781912 -0.351454 -0.514872 0.504523 0.841889 0.191519 -0.366155 0.409516 -0.835600
6.852622 -43.271585 27.138518 597.979680 0.762088 -0.396875 -0.511579 0.592483 0.746106 0.303791 -0.261125 0.534617 -0.803740
6.785631 -51.989002 -122.552528 1434.535756 -0.774143 0.358695 0.521576 0.447324 0.892984 0.049817 -0.447889 0.271879 -0.851749
6.013519 -46.293110 104.398383 593.240564 0.773099 -0.353657 -0.526540 0.569963 0.751592 0.332040 -0.278315 0.556809 -0.782627
6.590018 -48.000354 400.945781 567.891702 0.777664 -0.344274 -0.526036 0.506176 0.839128 0.199121 -0.372859 0.421116 -0.826824
19.721353 -11.019168 -3731.133881 -748.622593 0.866548 0.127686 -0.482484 0.440571 0.258525 0.859687 -0.234504 0.957529 -0.167769
9.143456 -10.014103 -2738.959923 -868.441257 0.881560 0.162404 -0.443258 0.380107 0.312629 0.870507 -0.279949 0.935889 -0.213870
17.476600 -8.863734 -1175.479842 -438.473243 0.904670 0.029205 -0.425111 0.399173 0.291021 0.869464 -0.149109 0.956271 -0.251620
22.029928 -9.420706 -813.819506 -503.003171 0.879682 -0.010321 -0.475450 0.462423 0.251953 0.850109 -0.111017 0.967685 -0.226411
4.855680 -23.422087 -2792.145481 54.615409 0.702157 -0.233967 -0.672484 -0.506072 0.500392 -0.702495 -0.500866 -0.833587 -0.232949
-2.823200 -24.138312 -715.843010 -343.914467 0.758429 -0.264017 -0.595886 -0.450222 0.448851 -0.771902 -0.471260 -0.853714 -0.221556
9.057335 -21.970694 -3503.115580 -93.255764 0.662303 -0.210255 -0.719129 -0.589978 0.445270 -0.673543 -0.461822 -0.870361 -0.170858
24.114944 -21.889740 -6760.967938 258.858239 0.651562 -0.187587 -0.735036 -0.576310 0.507668 -0.640422 -0.493289 -0.840883 -0.222668
0.431637 -27.015239 1061.435015 220.826147 0.833614 -0.314951 -0.453756 0.540328 0.635438 0.551602 -0.114606 0.705000 -0.699886
-1.932422 -27.005286 916.508775 72.154487 0.841486 -0.293532 -0.453586 0.531480 0.600634 0.597300 -0.097112 0.743692 -0.661432
-0.065624 -27.244809 691.950846 -495.297360 0.826603 -0.306851 -0.471773 0.556969 0.566248 0.607576 -0.080705 0.764987 -0.638969
1.402809 -27.001012 528.923659 -43.028253 0.819862 -0.312205 -0.479953 0.557684 0.625287 0.545898 -0.129677 0.715223 -0.686761
1.372981 -26.714599 561.102959 309.386170 0.827519 -0.309076 -0.468706 0.529505 0.707180 0.468531 -0.186648 0.635900 -0.748862
0.386797 -109.695648 428.353820 -10148.426991 0.676265 -0.484219 -0.555156 0.017433 0.763921 -0.645074 0.736452 0.426563 0.525054
-1.060289 -104.524431 90.704831 -9910.814603 0.694719 -0.493587 -0.523199 0.057774 0.763334 -0.643416 0.716958 0.416765 0.558819
-2.121992 -83.652888 312.578295 -7187.801805 0.673912 -0.490977 -0.552073 0.200712 0.840808 -0.502750 0.711026 0.228001 0.665175
-2.608610 -80.182488 -82.506553 -7148.807359 0.693594 -0.493489 -0.524782 0.234017 0.843338 -0.483753 0.681295 0.212721 0.700419
-1.073235 -83.057326 918.326528 -7934.405625 0.656976 -0.463160 -0.594866 0.190291 0.865365 -0.463609 0.729501 0.191382 0.656659
-2.500720 -58.383005 299.714268 -3753.915213 0.672214 -0.461763 -0.578708 0.299502 0.884453 -0.357828 0.677072 0.067213 0.732841
-2.858431 -57.925110 -233.638195 -3452.858767 0.681962 -0.486212 -0.546375 0.345185 0.872570 -0.345643 0.644806 0.047115 0.762893
-6.713338 -49.346899 -23.012440 -244.211212 0.743224 -0.259853 -0.616518 -0.603816 -0.657383 -0.450836 0.288138 -0.707336 0.645487
-7.356765 -47.247186 -134.886181 -638.573696 0.751301 -0.229513 -0.618765 -0.558903 -0.719869 -0.411602 0.350962 -0.655067 0.669114
-6.429987 -47.277617 -96.810282 -887.803153 0.756535 -0.242715 -0.607243 -0.512373 -0.797004 -0.319779 0.406359 -0.553059 0.727322
8.939039 -22.461938 -1315.774739 -1753.236356 0.853652 -0.330427 -0.402612 0.365200 0.930871 0.010355 0.371359 -0.155874 0.915312
9.809934 -29.006575 -549.703006 -2867.238398 0.843322 -0.307125 -0.441001 0.325303 0.944924 -0.035997 0.427768 -0.113102 0.896785
10.788817 -21.444473 -210.110647 -1320.530216 0.836556 -0.285297 -0.467739 0.335392 0.941735 0.025441 0.433228 -0.178159 0.883501
7.352983 -34.339417 -953.391316 -2936.752632 0.846519 -0.338511 -0.410872 0.325463 0.939843 -0.103771 0.421283 -0.045879 0.905768
11.761240 -17.232529 -566.533481 -608.916327 0.838928 -0.305197 -0.450616 0.371609 0.926141 0.064573 0.397626 -0.221625 0.890379
9.761627 -16.792721 -1788.180401 -601.009128 0.871480 -0.294731 -0.391989 0.352445 0.932173 0.082677 0.341034 -0.210206 0.916247
4.744667 -28.737920 -1469.029535 -2317.382412 0.853271 -0.360683 -0.376611 0.357045 0.930466 -0.082173 0.380062 -0.064351 0.922720
3.666540 -22.508191 -1758.461211 -1879.946356 0.857305 -0.361861 -0.366175 0.387460 0.921878 -0.003879 0.338972 -0.138553 0.930538
4.466778 -18.374497 -1882.134236 -942.100145 0.885108 -0.290739 -0.363395 0.339923 0.937203 0.078117 0.317863 -0.192668 0.928354
1.541416 -87.528199 913.656212 3502.387179 -0.562194 0.228805 0.794724 0.467296 0.880742 0.076999 -0.682329 0.414660 -0.602067
2.372298 -95.194167 68.118345 3983.506626 -0.586586 0.234307 0.775253 0.456978 0.886054 0.077973 -0.668646 0.400011 -0.626820
1.059675 -89.825025 -677.573854 -1433.193386 0.588327 -0.190635 -0.785830 0.576424 0.780424 0.242227 -0.567104 0.595480 -0.569031
11.933922 -73.604491 -1374.188416 -3787.469686 0.743403 -0.337181 -0.577633 0.199391 0.936085 -0.289807 0.638431 0.100268 0.763120
12.967601 -74.387499 -472.751144 -2611.817543 0.698022 -0.336881 -0.631883 0.134610 0.928424 -0.346278 0.703310 0.156652 0.693408
13.730038 -67.439023 -1411.149826 -5219.929808 0.731128 -0.333781 -0.595015 0.336951 0.935018 -0.110478 0.593225 -0.119717 0.796085
10.966817 -65.438385 -947.018474 -4148.749110 0.739647 -0.344236 -0.578294 0.339501 0.932787 -0.121025 0.581087 -0.106816 0.806802
7.782458 -75.067921 -222.856586 -3330.334789 0.728988 -0.348346 -0.589264 0.238743 0.936165 -0.258064 0.641544 0.047443 0.765618
-7.763854 -20.775156 -269.823874 171.349657 0.891118 -0.259606 -0.372174 0.295673 0.954354 0.042247 0.344219 -0.147689 0.927201
-7.784707 -21.267267 -247.928430 16.374181 0.903737 -0.238870 -0.355248 0.258366 0.966016 0.007719 0.341332 -0.098759 0.934740
-8.748591 -21.571719 -193.189023 39.496262 0.883533 -0.313282 -0.348172 0.358997 0.930415 0.073823 0.300817 -0.190218 0.934519
-9.121926 -22.196738 454.080157 -218.920278 0.905961 -0.244293 -0.345768 0.264214 0.964402 0.010905 0.330796 -0.101237 0.938257
-10.053124 -22.473287 583.928774 122.574718 0.887956 -0.316077 -0.334111 0.348423 0.936481 0.040060 0.300227 -0.151983 0.941682
17.572865 -23.240526 -3011.984329 -1061.567752 -0.327876 0.213979 0.920169 0.452658 0.890508 -0.045789 -0.829215 0.401508 -0.388836
20.171493 -20.836981 -1718.465782 -1040.460458 -0.215911 0.204065 0.954851 0.515109 0.854568 -0.066157 -0.829485 0.477568 -0.289626
31.751936 -17.140640 -3099.960086 -1123.545175 -0.134440 0.305790 0.942560 0.451128 0.865791 -0.216539 -0.882275 0.396104 -0.254347
-5.741237 -556.331535 5759.318672 113852.737609 -0.676353 0.628524 0.384063 0.136358 -0.405562 0.903840 -0.723846 -0.663685 -0.188598
-71.611852 -210.162718 3255.851334 29794.875994 -0.646286 0.759571 -0.073256 -0.085675 0.023165 0.996054 -0.758271 -0.650011 -0.050105
0.242299 -663.192006 13085.087265 172862.729635 -0.645682 0.756667 -0.102711 0.392734 0.444420 0.805140 -0.654870 -0.479527 0.584123
363.900013 -1345.662715 91783.723979 -547695.584532 0.854760 -0.518849 0.013443 -0.518387 -0.852145 0.071579 0.025684 0.068151 0.997344
162.445916 -3738.331950 13007.391046 -1124986.516962 0.817659 -0.531610 -0.220963 -0.337067 -0.130913 -0.932334 -0.466712 -0.836811 0.286230
7.679183 -1287.448007 -261.953001 9152.626055 0.485428 -0.413612 -0.770250 0.616467 -0.462788 0.637021 -0.619942 -0.784062 0.030328
237.113671 -3094.188878 -24643.036586 714073.017289 -0.523374 0.322788 0.788599 0.332162 0.929547 -0.160033 -0.784696 0.178185 -0.593718
9.673592 -982.449615 -541.296685 -29102.074829 -0.337282 0.475068 0.812743 -0.293475 0.767248 -0.570265 -0.894490 -0.430860 -0.119358
18.342869 -152.572490 9831.635831 -29180.999037 -0.619815 -0.039795 0.783738 0.630063 0.570130 0.527231 -0.467814 0.820590 -0.328302
36.369353 -231.250859 -7162.252606 22714.545169 0.819639 -0.357530 -0.447622 -0.566395 -0.388500 -0.726818 -0.085958 -0.849259 0.520932
7.743695 -31.331585 -2896.871250 7638.380771 0.901608 -0.408077 -0.143445 -0.275240 -0.285416 -0.918031 -0.333686 -0.867186 0.369652
11.849196 -10.876331 -788.315027 4057.318316 0.903022 -0.105723 -0.416381 -0.424261 -0.067234 -0.903041 -0.067477 -0.992120 0.105568
12.934671 12.311725 -1813.097271 5329.485086 0.980553 -0.146826 -0.130224 -0.138284 -0.046049 -0.989321 -0.139262 -0.988090 0.065457
10.047751 -10.066323 -329.804241 3856.255033 0.831995 -0.152706 -0.533352 -0.545273 -0.047852 -0.836891 -0.102277 -0.987112 0.123079
20.304182 -47.909161 -528.564836 2181.624193 0.338342 -0.641408 -0.688564 0.794362 -0.197608 0.574404 -0.504493 -0.741315 0.442651
15.604193 -42.934403 -2487.165376 1738.422696 0.242069 -0.732951 -0.635756 0.799783 -0.220236 0.558429 -0.549318 -0.643645 0.532890
19.161720 -41.780201 -2314.188250 2069.605175 0.311153 -0.707600 -0.634418 0.845428 -0.098825 0.524867 -0.434092 -0.699669 0.567475
21.259907 -42.483671 355.506994 1550.235329 0.396622 -0.621745 -0.675370 0.845896 -0.038246 0.531975 -0.356583 -0.782286 0.510762
-7.256248 -25.949519 487.006992 160.213493 0.856155 0.071612 -0.511733 0.135088 0.924887 0.355436 0.498749 -0.373437 0.782173
-7.203436 -26.447659 531.894217 -130.271047 0.851027 0.124941 -0.510041 0.139071 0.882977 0.448342 0.506371 -0.452483 0.734062
-6.220241 -26.056555 158.791734 43.736521 0.851921 0.102579 -0.513524 0.095513 0.933740 0.344973 0.514885 -0.342939 0.785675
-6.234714 -18.045099 -486.746072 -143.258742 0.880243 -0.035364 -0.473203 0.174528 0.951447 0.253550 0.441261 -0.305773 0.843677
-6.420728 -19.170598 -411.406244 -308.087087 0.868734 -0.069564 -0.490370 0.170991 0.971336 0.165132 0.464827 -0.227305 0.855727
-4.146698 -18.278845 -364.007172 -376.911094 0.879297 -0.070994 -0.470953 0.188440 0.959997 0.207115 0.437410 -0.270862 0.857500
3.131395 -29.666915 -53.264230 141.618190 -0.798431 0.273906 0.536175 0.199624 0.960586 -0.193453 -0.568030 -0.047425 -0.821640
3.076353 -29.165921 -130.690225 143.706427 -0.803287 0.277184 0.527161 0.203743 0.959592 -0.194094 -0.559659 -0.048508 -0.827302
2.932659 -28.851063 46.906295 -64.898140 -0.790564 0.296341 0.535902 0.274318 0.953774 -0.122740 -0.547502 0.049974 -0.835311
2.995375 -29.364804 -58.331062 373.884804 -0.804070 0.251663 0.538644 0.113177 0.954216 -0.276879 -0.583664 -0.161668 -0.795739
-7.012459 -61.737272 -62.567493 -1852.513860 -0.780994 0.161814 0.603211 -0.112519 0.913591 -0.390757 -0.614318 -0.373052 -0.695302
-7.522138 -56.347505 -12.937835 -1478.534039 -0.778218 0.141091 0.611940 -0.249955 0.824333 -0.507934 -0.576107 -0.548241 -0.606244
-6.714585 -55.737064 -112.517290 -1878.633283 -0.769477 0.160784 0.618105 -0.220375 0.841514 -0.493243 -0.599450 -0.515754 -0.612093
-5.992169 -60.055431 56.290768 -2103.574376 -0.760111 0.178475 0.624803 -0.118185 0.907530 -0.403016 -0.638956 -0.380179 -0.668730
10.819690 -31.985206 6051.697591 758.455838 0.861850 -0.434930 0.260867 -0.002144 0.511235 0.859439 0.507159 0.741266 -0.439675
33.864818 -27.598489 8607.829782 667.825347 0.878443 -0.423369 0.221577 0.004236 0.470579 0.882347 0.477829 0.774153 -0.415170
26.250987 -29.349250 8531.060536 -680.980317 0.844403 -0.467998 0.260693 0.074133 0.584032 0.808338 0.530554 0.663237 -0.527853
-1.954303 -30.499186 2919.685794 -1119.027250 0.894211 -0.390715 0.218470 0.076696 0.614546 0.785144 0.441027 0.685329 -0.579500
16.426194 -20.289185 7012.454362 -2557.027287 0.875741 -0.414740 0.247121 0.122602 0.686139 0.717065 0.466955 0.597666 -0.651728
7.656954 -116.758174 272.076622 -11772.846223 0.728515 -0.024320 -0.684598 -0.616661 -0.458493 -0.639933 0.298320 -0.888365 0.349016
15.177475 -404.582790 4274.127999 -75072.710724 0.838725 0.022058 -0.544108 -0.524536 -0.235702 -0.818112 0.146294 -0.971575 0.186119
8.303327 -177.745095 -392.013237 -28821.344433 0.695029 -0.055395 -0.716844 -0.690000 -0.331613 -0.643376 0.202075 -0.941788 0.268703
6.700575 -96.210045 186.259260 -8388.936151 0.747572 -0.035735 -0.663219 -0.596550 -0.475129 -0.646823 0.292000 -0.879190 0.376511
4.730016 -107.137125 -297.375744 -11255.580113 0.747209 -0.080438 -0.659703 -0.621620 -0.435725 -0.650947 0.235088 -0.896478 0.375580
-45.999310 -731.636572 6002.792990 54211.316359 0.362551 0.816605 0.449125 -0.673587 -0.103446 0.731833 -0.644078 0.567852 -0.512550
-34.087687 -1078.002625 3586.677672 248052.545563 0.431310 0.788987 0.437574 0.901422 -0.356676 -0.245398 -0.037544 0.500282 -0.865048
-32.746841 -630.689598 2191.048567 -33244.081027 0.336361 0.887117 0.316046 -0.783641 0.077543 0.616355 -0.522272 0.454984 -0.721264
-12.714017 -38.916213 -583.486800 -1849.346413 -0.895741 -0.219191 0.386787 -0.018063 0.887236 0.460962 -0.444210 0.405916 -0.798692
-7.243743 -58.663718 1163.542137 -3351.407689 0.870271 0.345652 -0.350932 -0.043690 0.763804 0.643967 -0.490632 0.545094 -0.679818
-7.214817 -50.917383 415.555013 -4612.004923 0.858933 0.468184 -0.207454 -0.213272 0.695364 0.686283 -0.465562 0.545227 -0.697122
-3.610107 -28.788845 227.019628 -1367.446486 0.715198 -0.101886 -0.691455 0.629531 -0.335856 0.700636 0.303614 0.936387 0.176063
-3.780469 -29.008482 554.532279 -1071.685589 0.711526 -0.083477 -0.697683 0.647892 -0.306372 0.697404 0.271968 0.948245 0.163907
-3.314246 -25.947542 205.094603 960.551492 0.712393 -0.079276 -0.697289 0.577347 -0.498648 0.646545 0.398957 0.863172 0.309463
-3.748422 -26.696845 166.385417 1040.963980 0.701711 -0.098168 -0.705666 0.577912 -0.500834 0.644346 0.416677 0.859958 0.294708
-3.247328 -22.664686 -203.924382 2876.601034 0.704923 -0.066673 -0.706143 0.532477 -0.607945 0.588958 0.468564 0.791175 0.393052
-4.525110 -23.716823 200.866441 2795.858194 0.711889 -0.060069 -0.699718 0.544421 -0.582191 0.603870 0.443643 0.810830 0.381753
-4.272837 -21.268144 526.819828 2692.116657 0.697321 -0.072591 -0.713074 0.536482 -0.606883 0.586412 0.475321 0.791469 0.384249
-3.945342 -36.570875 198.303691 -1246.378749 0.697157 -0.110364 -0.708373 0.707824 0.262843 0.655667 0.113829 -0.958506 0.261361
-4.031417 -35.082680 -62.888693 1053.351507 0.710961 -0.127737 -0.691533 -0.698967 -0.236493 -0.674919 0.077330 -0.963200 0.257421
-3.933938 -33.280244 222.476015 838.658389 0.716071 -0.108814 -0.689494 -0.697431 -0.152362 -0.700268 0.028854 -0.982316 0.184993
-3.395115 -34.932994 312.139711 -1119.537968 0.695669 -0.101255 -0.711191 0.715686 0.183079 0.674000 0.061958 -0.977870 0.199829
-29.851222 -43.371534 600.934606 -730.245699 -0.687694 -0.534806 0.490978 -0.569756 0.816697 0.091566 -0.449951 -0.216768 -0.866346
-25.698602 -41.811766 407.717044 -1024.201507 0.492886 0.696231 -0.521849 -0.725765 0.659791 0.194783 -0.479925 -0.282734 -0.830502
-23.097039 -38.232689 265.226513 1865.003255 0.329542 0.762044 -0.557396 0.852742 -0.493643 -0.170729 -0.405257 -0.419053 -0.812503
102.755205 -50.500646 8601.874284 -1472.502986 0.955480 0.140778 -0.259307 -0.288042 0.254548 -0.923167 0.063956 -0.956759 -0.283765
-24.404279 -36.009227 -716.699080 924.609398 0.997912 0.031358 0.056468 0.064590 -0.480294 -0.874726 0.000308 -0.876547 0.481316
-26.259481 -39.005642 -508.670889 661.130347 0.992136 -0.045935 -0.116430 -0.120428 -0.603787 -0.787996 0.034102 -0.795821 0.604571
-24.505204 -35.950275 77.959317 702.192016 0.994170 -0.009130 0.107439 0.083810 -0.561477 -0.823237 -0.067840 -0.827442 0.557438
31.507722 -24.322442 3685.172444 -365.897857 0.979946 0.132371 -0.148944 -0.181345 0.902223 -0.391289 -0.082586 -0.410452 -0.908135
18.867487 -21.544592 5738.007950 -260.039310 0.979914 0.199416 -0.001420 -0.187042 0.916593 -0.353373 0.069167 -0.346541 -0.935481
34.884686 -25.681950 -612.503170 -166.280936 0.954627 0.022483 -0.296955 -0.126118 0.933836 -0.334731 -0.269781 -0.356995 -0.894300
-6.771318 -22.906150 -313.212446 601.106355 0.993633 0.053287 0.099263 0.101995 -0.051248 -0.993464 0.047852 -0.997263 0.056357
-6.632927 -22.778328 -326.809229 653.290800 0.995144 0.081627 0.055007 0.054790 0.004901 -0.998486 0.081773 -0.996651 -0.000405
-7.616513 -24.246706 -94.369042 304.872594 0.995563 0.082402 0.045428 0.053858 -0.103157 -0.993206 0.077156 -0.991246 0.107137
-5.254475 -21.100996 -619.219456 750.845401 0.985854 0.045332 0.161361 0.159706 0.038041 -0.986431 0.050855 -0.998247 -0.030264
0.105793 -24.273737 57.509555 2267.096032 0.276932 0.855986 -0.436575 -0.834699 0.439376 0.332003 -0.476010 -0.272466 -0.836168
-1.071504 -23.988155 7.422511 2086.138282 0.284791 0.847311 -0.448283 -0.828263 0.452928 0.329902 -0.482570 -0.277343 -0.830787
0.486979 -23.422775 392.920711 142.255826 0.476499 0.717940 -0.507456 -0.620816 0.683464 0.384010 -0.622524 -0.132057 -0.771379
0.035734 -23.213102 -254.445422 -201.841611 0.453389 0.724706 -0.518884 -0.651516 0.666736 0.361926 -0.608248 -0.173968 -0.774448
0.467705 -24.475733 -404.989826 647.841239 -0.492051 -0.692426 0.527667 -0.529745 0.719133 0.449687 -0.690838 -0.058260 -0.720659
-0.450390 -44.227306 402.832530 -2226.068025 -0.503774 -0.531187 0.681213 0.802620 -0.579402 0.141759 0.319395 0.618170 0.718229
-1.376153 -41.085390 89.149198 -2052.394425 -0.555984 -0.489964 0.671430 0.800526 -0.533042 0.273905 0.223697 0.689784 0.688591
-0.132590 -52.542852 860.349700 -1826.781708 -0.464842 -0.578953 0.669877 0.750938 -0.658617 -0.048129 0.469057 0.480664 0.740910
-1.008903 -35.860823 547.081797 -2090.788652 -0.570755 -0.486716 0.661322 0.801179 -0.506515 0.318677 0.179864 0.711724 0.679042
1.398848 -46.823302 621.469021 -2147.916732 -0.468936 -0.560857 0.682304 0.787327 -0.615533 0.035146 0.400269 0.553677 0.730223
0.473103 -38.383455 787.498856 -2622.161245 -0.521387 -0.526128 0.671822 0.815192 -0.539818 0.209901 0.252227 0.657104 0.710350
-1.790764 -65.893954 -145.787828 -1440.707988 0.731971 0.603118 -0.316965 -0.679997 0.675812 -0.284396 -0.042684 -0.423705 -0.904794
-2.406717 -61.072312 -87.336944 -891.749831 0.712308 0.628515 -0.312387 -0.699993 0.603664 -0.381575 0.051249 -0.490468 -0.869951
-1.952549 -60.948302 -141.049305 84.878071 0.699161 0.637434 -0.323807 0.700273 -0.519197 0.489951 0.144191 -0.569308 -0.809381
-2.354747 -67.215794 -343.195169 -2621.094759 0.735273 0.601122 -0.313090 -0.671312 0.709529 -0.214265 -0.093348 -0.367724 -0.925238
-1.651107 -58.953352 83.341505 371.175524 0.709220 0.629658 -0.317077 -0.696924 0.558363 -0.450031 0.106322 -0.540149 -0.834826
-1.109034 -68.140066 234.618837 -2784.917393 0.765149 0.570828 -0.297830 -0.620382 0.777396 -0.103835 -0.172260 -0.264218 -0.948955
-1.428882 -73.866969 -484.866259 -3095.494392 0.759938 0.562826 -0.325149 -0.616657 0.782422 -0.086893 -0.205498 -0.266538 -0.941662
-1.596467 -43.377310 258.898593 -3010.247824 -0.804250 -0.352691 0.478322 -0.468623 0.871340 -0.145458 -0.365479 -0.341138 -0.866054
-1.159553 -40.367775 -473.992317 -191.618677 0.800956 0.346526 -0.488252 -0.489676 0.848378 -0.201175 -0.344510 -0.400218 -0.849199
0.081341 -44.622488 860.678434 -2367.123730 -0.790457 -0.347623 0.504317 -0.464586 0.876833 -0.123787 -0.399171 -0.332147 -0.854600
-11.275300 -24.279359 17.903354 -1005.672828 0.218014 0.731010 -0.646603 0.935217 -0.345885 -0.075711 -0.278996 -0.588208 -0.759061
-10.251158 -25.340669 1042.773824 -456.452015 0.267637 0.754737 -0.598950 0.946586 -0.321992 0.017234 -0.179850 -0.571570 -0.800601
-10.463463 -26.969847 -94.966008 388.080224 0.200502 0.722225 -0.661959 0.974925 -0.213670 0.062174 -0.096537 -0.657826 -0.746957
-10.321791 -24.667216 880.731943 -1652.253995 0.356610 0.726938 -0.586848 0.876620 -0.477567 -0.058874 -0.323057 -0.493448 -0.807554
-10.648332 -24.291159 -971.915440 -812.961824 0.180743 0.693952 -0.696967 0.944886 -0.319205 -0.072789 -0.272987 -0.645398 -0.713400
-10.952396 -23.238620 -9.508902 -961.099138 0.265574 0.702193 -0.660602 0.887104 -0.446295 -0.117761 -0.377514 -0.554749 -0.741442
18.664783 -3.930886 2446.779670 659.748174 0.999399 -0.013309 -0.031997 0.034652 0.372917 0.927217 0.000408 0.927769 -0.373154
27.035634 -6.070873 2737.522418 502.431822 0.999388 -0.031055 0.016071 -0.002056 0.406629 0.913591 0.034906 0.913066 -0.406316
15.989318 -6.571516 1552.385633 774.953697 0.953002 0.032086 0.301260 -0.291888 0.363648 0.884625 0.081169 0.930984 -0.355923
11.209857 -15.676720 1042.427177 -956.902324 0.776526 0.086681 0.624095 -0.611729 0.341057 0.713770 0.150982 0.936038 -0.317865
9.089649 -13.379958 -91.584795 1466.611830 0.632791 0.188555 0.751014 0.771224 -0.240146 -0.589528 0.069195 0.952248 -0.297380
9.971839 -3.983124 531.467724 502.101595 0.927025 0.094642 0.362861 -0.372391 0.346301 0.861047 0.044168 0.933337 -0.356273
6.635127 -64.718890 214.135362 807.915756 0.290947 0.332325 0.897168 0.061443 0.929309 -0.364157 -0.954764 0.161075 0.249961
5.902260 -64.741889 66.319663 426.712217 0.301325 0.351250 0.886469 0.204257 0.884320 -0.419830 -0.931387 0.307573 0.194722
5.814879 -65.911995 190.535079 778.517786 0.337044 0.350453 0.873833 0.159078 0.893597 -0.419736 -0.927952 0.280477 0.245432
6.345193 -68.701198 285.373686 797.421859 0.351237 0.340904 0.872019 -0.058290 0.937514 -0.343030 -0.934470 0.069655 0.349161
-2.763612 -46.417090 -453.817417 -726.455947 0.901844 0.279177 -0.329754 -0.096533 -0.613721 -0.783599 0.421140 -0.738517 0.526531
-5.235649 -44.771171 -477.180756 -618.431392 0.890515 0.319428 -0.323957 -0.041547 -0.651993 -0.757085 0.453052 -0.687656 0.567339
-3.032588 -44.817420 -320.660076 -249.400005 0.893765 0.310021 -0.324146 0.004568 -0.728931 -0.684572 0.448512 -0.610366 0.652909
-5.518010 -43.383358 -526.644629 129.001745 0.888252 0.329940 -0.319607 0.038227 -0.746449 -0.664344 0.457764 -0.577887 0.675647
0.339284 -43.696471 -795.910713 -803.270693 0.902876 0.265543 -0.338086 -0.048602 -0.718336 -0.693996 0.427145 -0.643024 0.635662
