14998
29984
-27.030253 -45.680582 1170.559545 -5372.289676 0.391949 0.914163 -0.103357 0.201949 0.024113 0.979099 -0.897548 0.404629 0.175163
-31.354928 -47.564849 -109.584166 -3151.278415 0.362038 0.923669 0.125556 0.216438 -0.214307 0.952485 -0.906688 0.317660 0.277504
-29.472904 -56.380433 749.852621 -5005.571668 0.326910 0.925531 -0.191107 0.360477 0.064810 0.930514 -0.873605 0.373084 0.312446
-26.956646 -38.585410 -439.448633 -2822.653995 0.349808 0.835034 0.424679 -0.005122 -0.451608 0.892202 -0.936808 0.314274 0.153699
-17.852099 -55.411396 2614.614535 -5760.589493 0.436630 0.869120 -0.232348 0.332069 0.084331 0.939478 -0.836113 0.487360 0.251786
-16.054361 -42.882165 2680.965191 -6388.572360 0.487591 0.866757 -0.104823 0.122808 0.050780 0.991130 -0.864392 0.496139 0.081685
-22.567745 -31.725387 192.181021 -2576.578706 0.422050 0.826104 0.373399 -0.094707 -0.369449 0.924412 -0.901612 0.425511 0.077688
-32.031120 -47.323568 -191.915999 -841.290479 -0.035332 0.438414 0.898079 -0.575892 0.725501 -0.376824 -0.816762 -0.530511 0.226845
-31.001881 -47.604993 -157.551952 -523.680020 -0.020934 0.344808 0.938440 -0.435928 0.841572 -0.318941 -0.899738 -0.415769 0.132694
-28.934445 -46.184383 365.242464 -100.566533 -0.113719 0.378776 0.918475 -0.533807 0.756401 -0.378030 -0.837925 -0.533278 0.116177
-29.669771 -45.835357 1117.773177 -267.390508 -0.126193 0.474079 0.871392 -0.651239 0.623029 -0.433269 -0.748307 -0.622160 0.230117
-32.605379 -45.655633 -1011.565917 -107.702259 -0.096105 0.493149 0.864620 -0.692089 0.591196 -0.414125 -0.715385 -0.638194 0.284487
-33.546315 -48.072863 -1738.271017 -211.809895 -0.015329 0.507160 0.861716 -0.613313 0.675880 -0.408697 -0.789691 -0.534767 0.300687
-1.494218 -13.136335 -675.460444 -378.230251 0.116602 0.992962 -0.020727 0.982764 -0.112339 0.146819 -0.143457 0.037489 0.988946
0.281222 -11.758319 -667.299486 -8.481331 0.085773 0.996140 -0.018678 0.976068 -0.080255 0.202117 -0.199838 0.035567 0.979183
2.399092 -13.044181 -1174.685616 -664.430494 0.185056 0.982708 0.006227 0.967278 -0.183262 0.175465 -0.173572 0.026448 0.984466
-2.760096 -11.680286 19.504677 -94.601990 -0.033737 0.997589 -0.060643 0.987173 0.042736 0.153830 -0.156051 0.054675 0.986235
0.228266 -15.525686 -1217.207145 -884.758379 0.231733 0.972759 0.006357 0.965755 -0.230838 0.118448 -0.116689 0.021309 0.992940
-3.807992 -15.109475 -521.862603 -663.223951 0.218080 0.975727 -0.019938 0.972266 -0.215447 0.090998 -0.084494 0.039230 0.995651
-4.776337 -13.174079 -40.922370 -334.673875 -0.058018 0.996234 -0.064435 0.991837 0.064863 0.109786 -0.113552 0.057539 0.991865
-10.792890 -28.261019 1251.291348 -23.846241 0.448927 0.892113 -0.050982 0.452324 -0.177672 0.873977 -0.770628 0.415412 0.483286
-14.189385 -28.677986 1302.258234 315.096480 0.397828 0.913104 -0.089291 0.422151 -0.095774 0.901452 -0.814568 0.396318 0.423570
-14.881699 -29.102773 591.385976 71.881595 0.352249 0.934140 -0.057478 0.497542 -0.134891 0.856887 -0.792699 0.330436 0.512289
7.021839 -27.674462 -1558.317516 186.012785 0.578838 0.696177 0.424599 0.797678 -0.591506 -0.117602 0.169281 0.406766 -0.897711
10.231819 -27.863579 -2544.864460 -2919.611188 0.547983 0.717847 0.429431 0.810813 -0.582045 -0.061691 0.205664 0.381994 -0.900990
13.156288 -24.632212 -1983.304123 -150.371666 0.539719 0.693525 0.477207 0.810614 -0.581101 -0.072286 0.227174 0.425845 -0.875813
10.633449 -25.016817 -854.387177 2507.672736 0.602164 0.641728 0.474957 0.772155 -0.619326 -0.142171 0.202918 0.452350 -0.868449
19.686447 -22.213683 -1886.893278 2204.183528 0.568531 0.639760 0.517184 0.779959 -0.619096 -0.091568 0.261605 0.455442 -0.850962
22.286540 -22.336381 -2163.999506 -3012.678344 0.523840 0.666588 0.530333 0.806505 -0.588477 -0.056961 0.274119 0.457555 -0.845874
1.585659 -42.557685 193.279132 -780.337895 0.477626 0.851328 0.217060 -0.153665 0.324203 -0.933424 0.865021 -0.412473 -0.285667
0.767685 -38.617794 -129.845071 -334.728182 0.488828 0.843055 0.224287 -0.089346 0.304127 -0.948432 0.867793 -0.443581 -0.223990
2.241319 -41.089883 -148.874547 -201.998473 0.497712 0.827868 0.258683 -0.201579 0.400490 -0.893853 0.843592 -0.392737 -0.366210
3.286476 -45.971750 -82.991714 -840.814690 0.507209 0.822021 0.258883 -0.281870 0.442098 -0.851527 0.814425 -0.358931 -0.455939
3.076778 -42.075463 -136.719807 -71.857354 0.509245 0.807054 0.298888 -0.275666 0.481959 -0.831699 0.815278 -0.341145 -0.467912
-4.234841 -59.233217 -251.992266 -1823.907420 -0.492821 -0.760282 0.423200 0.708963 -0.068867 0.701875 -0.504479 0.645932 0.572951
-4.643552 -52.946694 -18.616476 -897.547067 -0.520646 -0.754117 0.400294 0.582940 0.028561 0.812013 -0.623786 0.656119 0.424734
-5.837409 -53.356484 45.510594 -900.515464 0.488250 0.763177 -0.423289 0.574238 0.084291 0.814338 -0.657163 0.640669 0.397090
1144.001385 -59.887456 -208501.145587 7449.429566 0.888689 -0.439088 -0.132033 -0.231310 -0.677969 0.697749 0.395887 0.589542 0.704069
898.137633 -43.103385 -167036.799727 983.474762 0.867527 -0.373781 -0.328154 0.017814 -0.635979 0.771501 0.497072 0.675143 0.545070
3160.647972 -292.533508 889416.933616 12195.906763 0.378974 -0.652060 -0.656655 -0.010173 0.706607 -0.707533 0.925352 0.274817 0.261152
372.713410 -11.670201 61795.808847 -2457.876688 0.499279 -0.574839 -0.648290 0.064837 0.770912 -0.633633 0.864012 0.274326 0.422171
1259.154769 -60.606834 -327780.655562 -1148.687350 -0.277334 0.739262 0.613660 -0.052515 0.626096 -0.777976 0.959337 0.247985 0.134815
-3.978868 -27.717087 688.176459 837.477551 -0.705256 0.159495 0.690779 0.209098 0.977818 -0.012289 -0.677416 0.135773 -0.722961
-2.631628 -31.310631 1138.549715 1192.579645 -0.673850 0.251877 0.694611 0.212248 0.966465 -0.144552 -0.707727 0.050024 -0.704713
1.281288 -29.768371 1417.138423 956.307091 -0.666467 0.256637 0.699971 0.267466 0.958690 -0.096830 -0.695905 0.122685 -0.707577
0.901479 -26.636991 996.756113 579.807616 -0.697832 0.177188 0.693999 0.279226 0.959559 0.035779 -0.659594 0.218750 -0.719086
-1.089873 -24.195416 499.566472 471.232258 -0.731622 0.042939 0.680357 0.202526 0.966646 0.156779 -0.650932 0.252493 -0.715915
-4.971628 -24.836045 423.807462 712.955428 -0.746266 -0.020910 0.665319 0.116887 0.979860 0.161903 -0.655305 0.198590 -0.728792
1.022608 -70.432706 -144.478183 1772.105400 0.512882 -0.688747 -0.512425 0.763540 0.093160 0.639005 -0.392375 -0.718991 0.573667
5.200557 -66.745979 -105.951949 1952.643234 0.540114 -0.685499 -0.488230 0.814415 0.279495 0.508538 -0.212144 -0.672290 0.709240
3.138098 -74.078180 -264.024881 1356.996926 0.475190 -0.692454 -0.542864 0.823495 0.132687 0.551588 -0.309918 -0.709156 0.633284
1.730289 -67.316235 -481.906672 2394.942198 0.580896 -0.682575 -0.443453 0.759374 0.258268 0.597201 -0.293105 -0.683658 0.668357
0.924693 -77.908505 -549.831757 457.251518 0.454007 -0.689248 -0.564637 0.714918 -0.096410 0.692530 -0.531762 -0.718082 0.448985
-2.490016 -73.961181 -162.199089 1227.212029 0.538003 -0.689843 -0.484427 0.655727 -0.018623 0.754768 -0.529693 -0.723720 0.442329
-1.864368 -73.300841 -321.942577 1009.712580 0.483165 -0.695052 -0.532404 0.672545 -0.094697 0.733972 -0.560566 -0.712695 0.421700
12.221437 -76.081662 2150.185317 -1576.918851 0.540505 -0.620140 -0.568578 0.804232 0.579318 0.132670 0.247114 -0.528977 0.811861
23.344626 -76.451189 4326.530039 -2923.405390 0.589627 -0.579147 -0.562965 0.715545 0.697855 0.031520 0.374613 -0.421412 0.825880
11.207895 -71.197931 1697.481308 278.905573 0.545705 -0.634113 -0.547820 0.715179 0.693135 -0.089899 0.436720 -0.342731 0.831752
4.656679 -74.219871 265.098164 -1033.294650 0.520439 -0.648229 -0.555825 0.803803 0.591582 0.062700 0.288172 -0.479406 0.828931
4.965484 -74.163422 214.606736 -756.916650 0.509735 -0.650759 -0.562746 0.852480 0.470217 0.228417 0.115968 -0.596162 0.794444
12.594631 -75.951585 4207.723299 637.474023 0.348034 0.927610 0.135693 -0.679829 0.349390 -0.644794 0.645527 -0.132163 -0.752216
23.827032 -70.226516 5048.505576 4104.303891 0.323301 0.939009 0.117209 -0.827701 0.340642 -0.445954 0.458681 -0.047164 -0.887349
22.724577 -77.261881 3587.650740 3066.269787 0.303311 0.952325 -0.032845 -0.736747 0.212512 -0.641905 0.604323 -0.218895 -0.766080
-3.959166 -111.872628 653.101864 -491.863663 0.575742 -0.529728 -0.622824 0.296214 0.845131 -0.444984 0.762088 0.071707 0.643490
-6.408019 -126.078408 907.697643 -4459.308638 0.567009 -0.561676 -0.602512 0.464138 0.822143 -0.329633 0.680498 -0.092744 0.726857
-2.730143 -103.932587 367.992287 -1823.692425 0.560996 -0.579879 -0.590783 0.530118 0.799785 -0.281634 0.635813 -0.155189 0.756081
-5.499054 -112.301426 665.288063 -6215.655847 0.547883 -0.595422 -0.587620 0.698564 0.712093 -0.070223 0.460253 -0.372016 0.806084
-0.500900 -103.494681 256.891104 261.667401 0.581152 -0.523615 -0.622969 0.271639 0.846420 -0.458024 0.767121 0.096959 0.634133
19.202008 -4.921952 829.528040 402.124469 -0.872704 0.319504 0.369194 0.263061 0.944715 -0.195737 -0.411322 -0.073700 -0.908506
19.332037 -4.013358 -1122.446564 438.259015 -0.906077 0.355256 0.229819 0.313740 0.928547 -0.198413 -0.283885 -0.107674 -0.952793
21.914170 -2.206818 591.832191 375.003573 -0.871812 0.333753 0.358543 0.283798 0.940744 -0.185635 -0.399253 -0.060086 -0.914870
18.431581 -4.044277 2098.586589 220.115719 -0.841266 0.287409 0.457895 0.232745 0.957012 -0.173083 -0.487957 -0.039036 -0.871995
23.652112 2.278871 -815.335777 938.131521 -0.899429 0.332769 0.283358 0.292398 0.940000 -0.175793 -0.324855 -0.075260 -0.942765
21.844179 1.306409 2029.449295 1032.925121 -0.840204 0.317356 0.439708 0.273725 0.948185 -0.161306 -0.468116 -0.015171 -0.883537
17.270227 -2.411654 2304.837343 425.691920 -0.829782 0.281661 0.481798 0.231639 0.959246 -0.161837 -0.507746 -0.022686 -0.861208
-10.176894 -70.621614 331.732963 -1728.909832 -0.523737 0.673970 0.521021 0.076423 -0.571975 0.816703 -0.848445 -0.467556 -0.248058
-10.827635 -64.103431 328.923085 1824.407436 -0.507436 0.665355 0.547551 0.114232 0.681773 -0.722591 -0.854084 -0.304121 -0.421961
-11.085633 -64.044977 395.132837 1837.638194 -0.532954 0.663138 0.525554 0.120628 0.674318 -0.728522 -0.837501 -0.324872 -0.439374
-11.334806 -59.085057 210.033748 1680.369578 -0.521755 0.641758 0.562066 0.273033 0.749819 -0.602681 -0.808223 -0.160989 -0.566443
-9.843949 -56.354133 -227.273091 2648.847897 -0.567076 0.637436 0.521631 0.273461 0.743087 -0.610771 -0.776945 -0.203708 -0.595701
47.100801 -219.955444 11532.573912 -48924.922236 0.799197 -0.558938 -0.221069 -0.112716 -0.500635 0.858289 0.590405 0.661024 0.463107
85.218340 -1964.916685 4089.545807 -452035.133591 0.806892 -0.379029 -0.453059 0.117218 -0.648992 0.751711 0.578952 0.659656 0.479238
115.200267 -861.411569 20217.252586 222294.609847 0.752902 -0.476874 -0.453575 0.329222 0.869657 -0.367845 0.569870 0.127625 0.811764
101.770239 -301.056615 25774.860321 -80407.322202 0.806697 -0.529361 -0.262710 -0.012284 -0.459468 0.888109 0.590837 0.713208 0.377154
19.305513 -220.809233 7064.431378 -55360.653903 0.773680 -0.613207 -0.159361 -0.065614 -0.327721 0.942493 0.630170 0.718732 0.293787
-103.971135 -1230.100513 -33183.130002 -296367.271009 -0.397067 0.303863 0.866028 0.825512 -0.294119 0.481688 0.401083 0.906179 -0.134058
-602.932268 -2857.363461 112952.236063 2433936.802505 0.675342 -0.096698 -0.731138 0.587725 -0.528319 0.612747 0.445526 0.843521 0.299964
-130.400504 -834.704315 51324.052504 7283325.044796 0.475021 -0.229940 -0.849401 -0.104957 0.943562 -0.314126 0.873693 0.238368 0.424078
-2.893508 -19.443761 389.049015 242.122954 0.504859 0.860241 -0.071431 -0.049733 0.111601 0.992508 -0.861768 0.497524 -0.099125
-2.378720 -19.375276 399.748217 -21.431813 0.497679 0.865707 -0.053539 -0.001496 0.062582 0.998039 -0.867360 0.496623 -0.032441
-1.820322 -18.532145 102.953388 124.817060 0.502297 0.864509 0.017930 -0.043970 0.004828 0.999021 -0.863576 0.502594 -0.040438
-3.267353 -19.374096 20.814706 315.850245 0.501616 0.865073 -0.005385 -0.101778 0.065195 0.992668 -0.859082 0.497391 -0.120749
15.651580 -62.196799 -3114.291036 -2453.082264 0.368643 0.726952 -0.579347 0.810507 0.053810 0.583252 0.455171 -0.684576 -0.569363
10.326564 -66.497760 -1752.870768 -2224.457285 0.402863 0.732898 -0.548235 0.682688 0.158346 0.713346 0.609621 -0.661655 -0.436549
18.250036 -69.532570 -2233.918968 -2590.219707 0.367623 0.769574 -0.522119 0.722758 0.116867 0.681148 0.585212 -0.627772 -0.513253
16.608944 -55.127032 -3433.310684 -1438.440823 0.324782 0.734537 -0.595796 0.891916 -0.028299 0.451314 0.314646 -0.677979 -0.664336
9.497951 -54.493762 -2235.868871 -1797.294972 0.353942 0.713165 -0.605079 0.864157 -0.001927 0.503218 0.357712 -0.700994 -0.616969
-13.993588 -16.947956 785.215512 1323.531555 0.911634 0.189481 -0.364719 -0.245392 0.962795 -0.113172 0.329706 0.192670 0.924214
-5.672926 -14.125379 2610.094212 -734.507607 0.354598 0.851195 -0.386946 0.861625 -0.458190 -0.218321 0.363128 0.255986 0.895884
-10.814102 -12.954052 1682.293525 820.231591 -0.224072 0.957348 -0.182421 0.925864 0.150675 -0.346514 0.304248 0.246541 0.920136
32.530506 -242.510449 -1968.708995 -34907.061650 -0.602707 -0.787153 0.130897 0.769628 -0.530107 0.355892 -0.210753 0.315241 0.925314
28.735665 -185.945374 749.091586 4875.720936 0.579933 0.810746 -0.079810 0.804111 -0.585384 -0.103590 0.130705 0.004100 0.991413
41.071454 -196.473457 -4400.713090 -2084.983502 -0.535172 -0.843154 0.051790 0.842654 -0.528536 0.102879 -0.059370 0.098699 0.993345
49.957406 -199.279483 4554.377374 -26093.518064 0.561811 0.825320 -0.056704 0.724036 -0.457392 0.516299 -0.400176 0.331118 0.854529
40.572767 -190.801943 3293.593529 -28037.965363 0.614996 0.780343 -0.113332 0.600578 -0.370410 0.708592 -0.510966 0.503846 0.696457
22.056174 -168.848160 -3900.685056 -20218.297936 -0.635927 -0.732345 0.243450 0.656806 -0.347945 0.668984 -0.405220 0.585324 0.702276
-13.811008 -76.133550 -1331.414816 -7699.489498 0.207151 -0.276580 -0.938399 0.228533 0.946347 -0.228474 0.951242 -0.167127 0.259244
-11.880053 -66.538874 1183.485603 -10176.699052 0.233231 -0.000742 -0.972421 0.201804 0.978266 0.047655 0.951251 -0.207353 0.228312
-5.234035 -90.466636 -721.290283 -8146.609263 0.267169 -0.086271 -0.959780 -0.049453 0.993445 -0.103063 0.962380 0.075000 0.261151
-22.085268 -46.177358 -1360.349676 169.202151 0.050834 -0.541379 -0.839241 0.418760 0.774443 -0.474214 0.906673 -0.327334 0.266076
-10.822142 -96.734311 -1623.469355 544.488729 0.118965 -0.546071 -0.829249 0.492852 0.757502 -0.428120 0.861942 -0.357766 0.359249
-15.065342 -77.895621 910.207248 5859.947693 -0.006355 0.702172 0.711979 0.537996 0.602569 -0.589467 0.842924 -0.379295 0.381595
7.955909 -53.455460 735.282042 2807.133144 0.592136 0.805615 0.018969 0.724419 -0.521850 -0.450433 0.352976 -0.280459 0.892609
4.364553 -54.506815 7217.349515 4197.756336 0.616210 0.774492 -0.142993 0.655118 -0.604828 -0.452773 0.437155 -0.185326 0.880085
0.502939 -45.214192 3686.253847 3834.783539 0.573412 0.819266 -0.001560 0.667808 -0.468506 -0.578390 0.474586 -0.330614 0.815759
1.427508 -3.908124 -465.854109 -135.582725 0.850302 0.464589 0.247272 0.519064 -0.662678 -0.539843 0.086943 -0.587379 0.804628
3.443216 -5.256257 422.285955 -619.760107 -0.677612 -0.614324 -0.404288 0.732741 -0.517099 -0.442379 0.062707 -0.596000 0.800533
5.153006 -4.988677 -221.595998 -31.959858 0.877476 0.438141 0.195109 0.467625 -0.691134 -0.551054 0.106593 -0.574775 0.811339
-3.809954 -27.833631 -597.958928 -318.330715 0.209480 0.973961 0.086705 -0.690822 0.210169 -0.691805 0.692014 -0.085022 -0.716860
-4.768764 -28.986111 -674.887523 -237.290346 0.206524 0.975888 0.070642 -0.742263 0.203304 -0.638524 0.637490 -0.079436 -0.766353
-2.784305 -28.572059 516.713457 -482.208522 0.225479 0.964500 0.137476 -0.726457 0.260473 -0.635936 0.649169 -0.043520 -0.759399
-0.639076 -27.582406 468.741419 -439.633305 0.222363 0.964684 0.141209 -0.662194 0.255739 -0.704341 0.715579 -0.063112 -0.695675
10.833098 -10.551171 -1318.087952 536.532647 0.628716 0.757279 -0.176759 0.253975 -0.414803 -0.873748 0.734991 -0.504447 0.453123
13.482968 -11.017992 -961.678293 675.368978 0.600620 0.776385 -0.191002 0.253536 -0.411507 -0.875432 0.758271 -0.477377 0.444000
11.172402 -9.748594 -1097.488174 117.886108 0.619458 0.765992 -0.171837 0.241152 -0.393984 -0.886917 0.747073 -0.507969 0.428777
7.056731 -10.099002 -1442.406002 -28.433884 0.638253 0.753227 -0.159002 0.251702 -0.399374 -0.881559 0.727516 -0.522637 0.444491
1.940998 -39.627411 -38.697324 -1481.096047 0.669936 0.696421 0.257262 -0.220524 0.517544 -0.826751 0.708911 -0.497138 -0.500299
2.048615 -34.152400 -9.371621 -2180.823011 0.660760 0.718676 0.216565 -0.136080 0.398441 -0.907043 0.738159 -0.569868 -0.361072
0.903275 -34.291585 239.021990 -1702.052647 0.640313 0.726771 0.248601 -0.168174 0.448446 -0.877846 0.749478 -0.520288 -0.409369
3.282563 -37.903092 171.652066 -1792.374354 0.661045 0.715419 0.226265 -0.190786 0.451892 -0.871432 0.725686 -0.532888 -0.435213
0.919639 -41.259155 464.104758 -1615.059514 0.651865 0.694399 0.304765 -0.262852 0.583870 -0.768117 0.711323 -0.420601 -0.563129
3.335033 -45.008837 511.201899 -684.491719 0.662399 0.686693 0.299466 -0.319931 0.620753 -0.715758 0.677400 -0.378309 -0.630881
4.456742 -44.378473 411.519045 -169.370042 0.663948 0.700420 0.261889 -0.264859 0.547791 -0.793584 0.699302 -0.457534 -0.549217
14.497376 -66.291242 -1041.487584 2480.814035 0.706387 0.644135 -0.293442 -0.559896 0.254845 -0.788398 0.433052 -0.721210 -0.540668
13.333434 -64.042736 -1721.487628 2065.804093 0.709905 0.598757 -0.370844 -0.643737 0.338019 -0.686546 0.285722 -0.726108 -0.625404
10.150747 -66.025623 -1708.548544 1644.798105 0.697969 0.603611 -0.385348 -0.586504 0.173054 -0.791243 0.410917 -0.778271 -0.474807
18.095293 -62.566689 -1353.592665 1220.241278 0.724835 0.616501 -0.307475 -0.640021 0.437444 -0.631678 0.254927 -0.654652 -0.711648
0.805319 -97.999775 140.450753 857.203997 0.718009 0.693592 -0.058262 -0.602419 0.661185 0.447131 -0.348648 0.285946 -0.892569
0.955698 -101.127613 -82.140854 -2631.143007 0.761612 0.637267 -0.117638 -0.409830 0.614275 0.674319 -0.501983 0.465358 -0.729010
-0.400787 -110.980798 -383.691114 -4058.381190 -0.751072 -0.651706 0.105688 -0.490016 0.657539 0.572299 -0.442465 0.378049 -0.813206
-0.876077 -96.122715 416.112327 2891.888510 0.665274 0.746039 -0.028905 -0.731690 0.659199 0.173455 -0.148458 0.094246 -0.984418
1.744607 -80.763767 -124.803198 1788.056128 0.689160 0.722891 -0.049876 -0.679903 0.668909 0.300487 -0.250582 0.173173 -0.952481
-10.196062 -60.064868 -728.959503 -1122.547249 0.637647 0.666132 -0.386878 0.770148 -0.562152 0.301425 -0.016695 -0.490156 -0.871475
-9.364770 -55.096517 -476.796977 -1444.637422 0.632422 0.670942 -0.387143 0.747385 -0.659881 0.077287 -0.203613 -0.338223 -0.918775
-10.353065 -56.326395 -429.439846 -1100.990102 0.629546 0.691829 -0.353616 0.769987 -0.616383 0.164898 -0.103882 -0.376091 -0.920741
-10.819409 -55.978485 -4.928706 -913.571434 0.625978 0.719215 -0.301465 0.776949 -0.608434 0.161735 -0.067100 -0.335465 -0.939660
-11.284305 -57.864038 71.810005 -342.990267 0.636179 0.712886 -0.295075 0.767264 -0.544341 0.339115 0.081129 -0.442138 -0.893270
-11.112900 -58.823242 -96.303818 -822.803632 0.638522 0.698223 -0.323689 0.766051 -0.536263 0.354383 0.073856 -0.474244 -0.877290
9.643574 -42.829054 42.005553 -2853.174379 0.716344 0.634077 0.291201 -0.671246 0.512324 0.535679 -0.190473 0.579198 -0.792622
8.247641 -44.670686 388.256860 -2151.233727 0.725940 0.607578 0.322273 -0.654094 0.465114 0.596514 -0.212535 0.643831 -0.735059
9.137441 -49.811735 -165.444550 -2108.790082 0.726263 0.627709 0.280219 -0.619030 0.419953 0.663658 -0.298905 0.655454 -0.693567
-5.472119 -34.103017 -1233.138676 -3131.800127 -0.628802 -0.628721 0.457512 0.766891 -0.404294 0.498422 -0.128399 0.664271 0.736382
-1.070413 -34.693451 -1244.355302 -2040.798144 -0.623647 -0.626766 0.467149 0.773571 -0.408845 0.484183 -0.112478 0.663332 0.739823
-3.920520 -29.394034 1040.774390 897.769155 0.776516 0.531593 -0.338278 0.608712 -0.494203 0.620671 -0.162767 0.687875 0.707344
-2.428950 -46.208553 -2132.209680 -5014.111581 -0.565704 -0.635718 0.525206 0.824333 -0.419514 0.380109 -0.021311 0.647974 0.761364
-7.303056 -46.659177 -1302.703710 -5267.013031 -0.588800 -0.650231 0.480120 0.805970 -0.427444 0.409517 -0.061056 0.628086 0.775745
8.929588 -33.052799 1509.804502 233.747374 0.367891 0.928065 -0.057898 -0.352204 0.081449 -0.932373 0.860586 -0.363403 -0.356832
10.378588 -32.639181 78.453715 46.878483 0.405629 0.906997 -0.113230 -0.296730 0.013498 -0.954866 0.864532 -0.420921 -0.274609
4.339607 -32.132868 1628.905796 7.972115 0.349191 0.936062 -0.043049 -0.248157 0.048077 -0.967526 0.903595 -0.348534 -0.249079
-5.182318 -137.426765 -925.460628 -8122.310811 0.877740 -0.336506 -0.341081 0.455935 0.367757 0.810480 0.147297 0.866901 -0.476220
-5.842789 -131.043112 256.547838 -5260.192824 0.875109 -0.361370 -0.321864 0.448100 0.353958 0.820926 0.182732 0.862627 -0.471682
-5.694741 -123.993703 -430.199217 -8265.428590 0.890769 -0.329788 -0.312684 0.454266 0.626180 0.633673 0.013182 0.706498 -0.707593
-5.020894 -121.066640 -876.970685 -11333.999132 0.890163 -0.312361 -0.331724 0.452928 0.685962 0.569484 -0.049666 0.657180 -0.752095
-2.646821 -130.039867 -1668.372987 -10158.999702 0.885814 -0.303669 -0.350882 0.462729 0.521234 0.717075 0.034862 0.797559 -0.602233
-1.836428 -139.648342 -1337.990253 -6665.921757 0.878832 -0.321084 -0.352930 0.424146 0.186952 0.886086 0.218527 0.928415 -0.300486
-0.967741 -149.817018 -1299.620005 22163.877160 0.915326 -0.337662 -0.219459 0.194909 0.848321 -0.492303 -0.352403 -0.407844 -0.842304
9.342589 -78.795421 2579.976058 7085.133578 -0.897309 0.315121 0.309088 0.203197 0.916526 -0.344515 -0.391851 -0.246331 -0.886439
1.867779 -73.474366 2761.314067 3085.271696 -0.884683 0.282794 0.370625 0.143236 0.921434 -0.361169 -0.443643 -0.266433 -0.855683
13.564736 -214.268610 4864.647315 42949.231868 -0.883177 0.419574 0.209656 0.306235 0.854383 -0.419821 -0.355273 -0.306573 -0.883060
-3.860144 -110.867742 -1436.493881 13028.008578 0.905830 -0.270432 -0.326095 0.071880 0.856695 -0.510790 -0.417498 -0.439250 -0.795459
0.599663 -254.048508 -1310.261153 39800.522481 0.925500 -0.352635 -0.138197 0.121592 0.622199 -0.773359 -0.358700 -0.698940 -0.618722
4.669363 -175.836569 -2339.081676 31097.861130 0.906172 -0.373469 -0.198427 0.207878 0.801950 -0.560057 -0.368293 -0.466259 -0.804340
-8.136181 -184.884257 -882.372340 26728.038428 0.917871 -0.300829 -0.258871 0.015104 0.678274 -0.734654 -0.396591 -0.670407 -0.627112
-4.359627 -51.613289 582.233213 3184.078301 0.951408 0.001396 -0.307929 -0.261561 0.531391 -0.805735 -0.162506 -0.847125 -0.505935
0.167403 -60.452296 134.081139 3686.411822 0.935673 0.005239 -0.352828 -0.328998 0.374458 -0.866915 -0.127577 -0.927229 -0.352094
-5.383273 -53.477370 410.647161 3068.758834 0.929000 0.008593 -0.369981 -0.319630 0.522541 -0.790435 -0.186538 -0.852571 -0.488187
-1.613607 -57.143863 -885.018967 3592.892800 0.896026 0.015287 -0.443738 -0.400501 0.459249 -0.792899 -0.191665 -0.888176 -0.417622
-8.172956 -42.027524 453.664817 1937.519418 0.939974 0.007745 -0.341158 -0.264283 0.648975 -0.713433 -0.215877 -0.760771 -0.612066
-7.209873 -47.520510 -279.259277 2094.645868 0.897865 0.032622 -0.439061 -0.370290 0.595423 -0.712992 -0.238168 -0.802750 -0.546689
3.783695 -260.912484 -3217.498478 -8293.461663 -0.927440 0.343568 0.147701 0.346448 0.938046 -0.006586 -0.140813 0.045062 -0.989010
-2.114338 -238.744345 -1927.522645 -21871.419237 -0.928909 0.343230 0.139001 0.317662 0.931492 -0.177240 -0.190312 -0.120484 -0.974302
1.202657 -311.562580 857.643975 -47436.369398 0.912168 -0.379913 -0.153672 0.405493 0.891011 0.204145 -0.059366 0.248528 -0.966804
-2.531499 -229.733393 1020.442856 -22035.461346 0.898027 -0.419336 -0.133055 0.435359 0.803531 0.405955 0.063318 0.422486 -0.904155
2.448162 -241.964989 1186.557860 -7656.202258 0.903364 -0.405374 -0.140019 0.393377 0.653131 0.647051 0.170847 0.639602 -0.749480
-10.358838 -79.594050 -2075.859530 601.737873 0.895034 -0.184509 -0.406042 -0.445982 -0.362897 -0.818172 -0.003608 -0.913380 0.407093
-24.929906 -164.307613 -848.103925 -38085.555783 0.570351 -0.370368 -0.733162 0.816916 0.348912 0.459248 0.085718 -0.860865 0.501562
-13.853486 -87.701102 -2225.978280 241.991679 0.937222 -0.133629 -0.322116 -0.339156 -0.564250 -0.752725 0.081168 -0.814718 0.574149
9.384541 -15.202915 -1155.735969 4630.822160 0.431279 0.895206 -0.112271 -0.642797 0.392202 0.658020 -0.633096 0.211622 -0.744584
13.299276 -14.060433 -1149.962422 4460.845343 0.551925 0.821436 -0.143601 -0.580151 0.501943 0.641465 -0.599002 0.270731 -0.753592
20.385053 9.138643 5522.257778 3101.293901 -0.731587 -0.392842 0.557186 -0.108508 0.873968 0.473715 -0.673058 0.286105 -0.682010
12.252979 7.128771 -2018.557055 6624.313839 0.567268 0.759830 -0.317592 -0.443407 0.606777 0.659705 -0.693972 0.233407 -0.681120
9.142873 -9.113513 162.210736 6492.252629 0.352160 0.935261 -0.035655 -0.661611 0.275704 0.697323 -0.662008 0.221979 -0.715870
16.926691 -7.174692 -2051.502066 2321.380335 0.042063 0.966377 -0.253667 -0.736557 0.201539 0.645651 -0.675066 -0.159682 -0.720269
21.223582 -5.722453 94.654471 2638.242884 0.164890 0.969100 -0.183456 -0.738297 0.244609 0.628557 -0.654009 -0.031802 -0.755818
17.514691 2.123623 -1462.482943 4090.004439 0.005571 0.978847 -0.204516 -0.708051 0.148282 0.690417 -0.706139 -0.140961 -0.693900
10.298675 -0.351540 -3153.744358 2378.289445 0.016856 0.934043 -0.356764 -0.722906 0.257886 0.641016 -0.690741 -0.247102 -0.679572
-7.753922 -17.212233 -257.652914 818.243192 0.356998 0.823911 -0.440140 -0.806027 0.509847 0.300628 -0.472094 -0.247441 -0.846109
-7.051561 -15.050298 -325.381310 923.995732 0.318326 0.856074 -0.407192 -0.795038 0.475033 0.377173 -0.516317 -0.203669 -0.831826
-8.426433 -18.315084 -118.676485 845.153075 0.220876 0.905966 -0.361163 -0.862330 0.354405 0.361641 -0.455632 -0.231564 -0.859522
-6.038305 -14.395322 -425.988015 868.837538 0.433602 0.761563 -0.481676 -0.733346 0.608855 0.302488 -0.523634 -0.222075 -0.822490
-9.670396 -20.205438 90.417937 526.791962 0.241199 0.892361 -0.381464 -0.886966 0.362219 0.286513 -0.393846 -0.269239 -0.878860
-7.983770 -19.126744 -354.311415 811.989884 0.427914 0.767780 -0.476868 -0.792729 0.572256 0.210010 -0.434132 -0.288161 -0.853518
-6.073591 -16.806753 -639.672433 899.332726 0.475311 0.715737 -0.511663 -0.727212 0.646938 0.229420 -0.495219 -0.263042 -0.827990
-11.858794 -16.364247 36.129096 3535.220668 0.348705 -0.648321 -0.676820 0.407826 0.755156 -0.513242 0.843850 -0.097055 0.527728
-12.402415 -20.658352 486.709722 2199.876920 0.431964 -0.412150 -0.802209 0.351477 0.896079 -0.271119 0.830585 -0.164845 0.531936
-5.956995 -11.513072 2306.980507 2344.907422 0.504794 0.193960 -0.841167 -0.016332 0.976402 0.215342 0.863085 -0.094965 0.496050
-5.566096 -10.332103 3008.419025 1034.845735 0.282289 0.900717 -0.330185 0.438633 -0.427284 -0.790588 0.853179 -0.078344 0.515701
22.202288 -157.037228 -1785.791512 10771.363554 0.439232 0.319592 0.839605 -0.252333 0.940848 -0.226124 -0.862208 -0.112539 0.493895
22.491802 -169.993218 -1922.291387 -1494.039791 0.451949 0.286058 0.844934 -0.524956 0.851097 -0.007350 -0.721223 -0.440232 0.534820
17.182004 -204.908560 1039.530192 -3973.097177 0.429962 0.268091 0.862125 -0.269203 0.949529 -0.161012 -0.861779 -0.162858 0.480432
25.847649 -184.007615 -3255.098799 13025.810490 0.491286 0.345287 0.799634 -0.403188 0.903937 -0.142612 -0.772061 -0.252340 0.583307
14.595127 -161.062552 431.243301 8423.275662 0.451385 0.285621 0.845383 0.020785 0.943766 -0.329959 -0.892087 0.166510 0.420066
14.642955 -172.255620 -418.266567 15336.147367 0.491798 0.304728 0.815644 -0.059469 0.946326 -0.317695 -0.868676 0.107736 0.483524
7.024662 -9.243960 1102.863053 1085.647295 0.446011 0.862452 -0.239269 0.248117 -0.375996 -0.892785 0.859949 -0.338826 0.381688
8.068594 -7.475432 1093.068728 236.002896 0.450541 0.859586 -0.241093 0.231897 -0.373466 -0.898191 0.862112 -0.348763 0.367597
11.010149 -8.576069 1409.011646 949.809594 0.474602 0.841512 -0.258092 0.232746 -0.402763 -0.885218 0.848871 -0.360056 0.387010
3.150556 -9.394680 565.905763 781.255430 0.419982 0.888075 -0.186919 0.269779 -0.318823 -0.908610 0.866507 -0.331173 0.373483
4.212294 -12.805078 847.357118 1497.302870 0.427553 0.882801 -0.194580 0.289419 -0.337592 -0.895694 0.856408 -0.326641 0.399837
-33.443667 -50.325188 -416.810770 -1876.646647 0.321549 0.932173 0.166312 0.318686 -0.271931 0.908016 -0.891653 0.238970 0.384510
-35.309485 -54.692803 -53.406524 -1406.297811 0.259201 0.950798 -0.169699 0.500064 0.018203 0.865797 -0.826287 0.309276 0.470741
-29.004621 -45.403624 -281.923963 -2517.283991 0.292339 0.831407 0.472547 0.119462 -0.522012 0.844531 -0.948824 0.190438 0.251926
-1.806698 -11.793429 27.529267 246.671968 -0.093110 0.992964 -0.073157 0.977573 0.105112 0.182490 -0.188896 0.054525 0.980482
0.349729 -13.293556 -120.225094 494.586020 0.048026 0.998074 -0.039272 0.969426 -0.037103 0.242561 -0.240636 0.049721 0.969341
-5.480018 -27.737414 1613.914297 33.175432 0.516313 0.856270 0.014922 0.475533 -0.301140 0.826549 -0.712243 0.419662 0.562667
-4.460539 -27.936417 2429.212450 -119.057782 0.534634 0.844820 0.021125 0.546096 -0.364452 0.754290 -0.644938 0.391733 0.656201
-0.627706 -27.281766 1969.234535 28.040699 0.550847 0.833111 0.049934 0.499801 -0.377197 0.779693 -0.668406 0.404535 0.624167
5.494352 -28.128029 -1077.232125 -2252.523651 0.549810 0.718774 0.425526 0.813040 -0.577313 -0.075342 0.191508 0.387394 -0.901804
5.817476 -31.511747 -1599.365883 -1993.458995 0.540425 0.717765 0.439037 0.783965 -0.619022 0.047008 0.305514 0.318786 -0.897238
0.177053 -39.363920 162.675918 -624.304457 0.473368 0.861891 0.181843 -0.049019 0.231892 -0.971506 0.879500 -0.450966 -0.152019
-0.581246 -36.570604 -63.652274 -520.946870 0.480319 0.858272 0.180726 0.023305 0.193490 -0.980825 0.876784 -0.475321 -0.072935
-3.323155 -69.373527 6.489471 -2813.815888 -0.477511 -0.767385 0.427907 0.816284 -0.207284 0.539178 -0.325059 0.606757 0.725385
-3.112563 -71.566541 -139.020070 -1289.223237 -0.462864 -0.775508 0.429354 0.879465 -0.341167 0.331884 -0.110897 0.531219 0.839946
-2.656218 -72.709349 391.831326 -1356.988412 -0.472578 -0.774162 0.421122 0.874261 -0.351595 0.334737 -0.111076 0.526360 0.842975
-2.509634 -70.092483 710.145622 -3261.579608 -0.493610 -0.769011 0.406167 0.799136 -0.216806 0.560693 -0.343120 0.601346 0.721562
-11.702424 -40.125149 -179.686629 -3064.771068 0.661155 0.750240 -0.003787 0.597014 -0.523053 0.608268 -0.454365 0.404420 0.793723
-14.772718 -53.500819 -549.166841 -4284.390618 0.627315 0.778703 -0.009908 0.698622 -0.557089 0.448976 -0.344099 0.288571 0.893489
-14.198073 -45.610469 -414.306403 -4115.421771 0.597472 0.796840 -0.089857 0.678028 -0.442175 0.587162 -0.428142 0.411738 0.804467
-15.642385 -50.704932 -135.168065 -5936.638212 -0.497978 -0.841007 0.211483 0.780698 -0.328606 0.531535 -0.377530 0.429797 0.820211
-11.050875 -35.189882 -298.154488 -3149.899138 -0.537500 -0.820273 0.195563 0.708866 -0.313908 0.631642 -0.456731 0.478135 0.750189
1.362716 -34.749333 1602.276405 1566.579954 -0.647678 0.312433 0.694909 0.227312 0.949757 -0.215152 -0.727215 0.018612 -0.686157
-3.942590 -35.260629 1056.671811 1285.933980 -0.670602 0.302627 0.677281 0.158689 0.950391 -0.267535 -0.724645 -0.071932 -0.685358
-7.075198 -37.241904 694.443063 1296.411431 -0.684426 0.380093 0.622165 0.117723 0.899770 -0.420185 -0.719515 -0.214343 -0.660572
-3.707184 -40.368388 974.239208 1541.206699 -0.663613 0.361879 0.654722 0.102153 0.910847 -0.399904 -0.741068 -0.198500 -0.641417
-0.651857 -40.164341 1496.023998 1718.518768 -0.645941 0.338677 0.684148 0.132974 0.932417 -0.336031 -0.751717 -0.126082 -0.647322
8.670683 -69.862732 325.600569 1353.633025 0.535851 -0.673627 -0.509010 0.842064 0.382415 0.380378 -0.061580 -0.632444 0.772154
10.895908 -65.437593 825.721731 2291.832892 0.619641 -0.642764 -0.450444 0.782383 0.460032 0.419818 -0.062625 -0.612556 0.787942
25.912212 -69.793635 4608.421199 1342.361567 0.566031 -0.596115 -0.569434 0.605069 0.769552 -0.204157 0.559911 -0.228988 0.796282
42.691902 -67.954150 5697.574345 322.015194 0.689457 -0.535178 -0.488091 0.541954 0.828224 -0.142582 0.480556 -0.166219 0.861068
1.187864 -78.233206 -341.057902 5313.197290 0.516033 0.744086 -0.424318 0.763513 -0.624117 -0.165911 0.388276 0.238357 0.890184
1.106588 -64.894019 77.960076 3433.959943 0.473044 0.773159 -0.422439 0.672834 -0.626568 -0.393327 0.568791 0.098171 0.816602
0.797005 -71.594253 53.701277 3741.224167 0.477304 0.768068 -0.426911 0.729466 -0.617203 -0.294856 0.489960 0.170681 0.854873
1.218449 -84.253062 -434.801384 5311.090310 0.526999 0.741267 -0.415687 0.795930 -0.601957 -0.064369 0.297940 0.296935 0.907227
37.122926 -66.512142 2977.455226 5284.475604 0.298807 0.947365 -0.114955 -0.893130 0.235176 -0.383421 0.336205 -0.217239 -0.916392
6.205757 -123.824222 -1847.189728 -8938.415152 0.613501 -0.592294 -0.522307 -0.359710 0.379205 -0.852533 -0.703012 -0.710909 -0.019589
2.998803 -102.218212 77.252502 -4016.563607 0.633259 -0.586163 -0.505367 -0.338434 0.377509 -0.861945 -0.696021 -0.716868 -0.040683
3.421344 -98.836432 -876.080846 -5413.370699 0.624947 -0.611980 -0.484687 -0.480254 0.188094 -0.856724 -0.615465 -0.768181 0.176357
0.353403 -89.798713 -183.309481 -2377.913897 0.619460 -0.605895 -0.499160 -0.478212 0.213009 -0.852021 -0.622561 -0.766497 0.157796
6.909413 -100.853121 -1516.865427 -7633.358317 0.642573 -0.613348 -0.459243 -0.521642 0.088835 -0.848527 -0.561239 -0.784801 0.262865
0.962779 -82.482700 -925.779946 3844.162590 0.614927 -0.629181 -0.475390 0.625387 0.021868 0.780009 -0.480371 -0.776951 0.406928
16.513096 -7.245866 -1154.670545 552.789206 -0.899293 0.379168 0.217952 0.327980 0.914363 -0.237422 -0.289310 -0.142029 -0.946640
13.379319 -6.231294 -2009.467999 665.087218 -0.889099 0.436959 0.136271 0.400882 0.887075 -0.228894 -0.220900 -0.148880 -0.963866
43.888097 -448.786456 8758.724926 94791.599836 0.746510 -0.360299 -0.559381 0.093842 0.889310 -0.447572 0.658724 0.281624 0.697690
66.751243 -847.277105 9871.639810 -234569.222014 0.815791 -0.018711 -0.578043 0.509282 -0.450401 0.733328 0.274073 0.892630 0.357904
15.417692 -282.683310 -9103.397110 -55396.729670 0.878963 -0.105266 -0.465127 0.266635 -0.700164 0.662326 0.395386 0.706179 0.587351
-266.834802 -2564.117728 -61632.536309 919830.350813 -0.533148 0.106940 0.839236 0.646522 0.691317 0.322630 -0.545676 0.714594 -0.437713
549.835601 -1313.795719 386899.304964 5345108.123587 -0.446944 -0.399669 0.800316 0.661420 0.454715 0.596455 -0.602300 0.795927 0.061117
-1.926794 -18.139542 -565.703255 -330.377233 0.490389 0.851099 0.187484 -0.058766 -0.182344 0.981477 -0.869520 0.492323 0.039404
-4.563932 -18.733054 -547.677873 82.626278 0.475990 0.806134 0.351542 -0.136275 -0.327293 0.935044 -0.868828 0.492978 0.045933
-4.260071 -18.206593 -880.657674 289.539446 0.477837 0.851535 0.215779 -0.113972 -0.183464 0.976397 -0.871024 0.491151 -0.009385
-7.601578 -15.433990 -1787.770126 939.216180 0.462110 -0.880113 0.108881 0.853195 0.407735 -0.325284 0.241892 0.243214 0.939327
-3.826227 -17.812756 -1593.157378 198.532061 0.431798 -0.892180 0.132533 0.882405 0.387407 -0.266977 0.186848 0.232228 0.954546
-10.915688 -19.851351 -1333.583948 -306.300528 0.664553 -0.747022 0.018088 0.719930 0.633592 -0.283307 0.200176 0.201294 0.958859
25.355674 -183.895329 867.898249 16558.119598 0.518405 0.854836 -0.022632 0.799872 -0.494094 -0.340699 0.302424 -0.158517 0.939900
-5.003451 -93.269557 1128.572094 -14399.336622 0.202707 0.045705 -0.978172 0.098538 0.992888 0.066813 0.974269 -0.109931 0.196762
-8.205578 -59.668676 2951.678516 -9536.591385 0.210282 0.184895 -0.959998 0.214545 0.949289 0.229827 0.953809 -0.254291 0.159950
-20.111860 -36.305321 3724.415240 -5539.362434 0.256430 0.246620 -0.934570 0.278011 0.907223 0.315685 0.925718 -0.340772 0.164076
1.409855 -15.313547 -715.366168 -1657.082816 -0.408813 -0.904106 0.124356 0.901165 -0.378397 0.211463 -0.144129 0.198514 0.969443
2.640294 -10.566219 -613.929927 -1155.585972 -0.311134 -0.938937 0.146945 0.932520 -0.271797 0.237768 -0.183310 0.211007 0.960142
-0.616835 -16.337199 -763.170693 -1653.954047 -0.437354 -0.890711 0.123914 0.886706 -0.404151 0.224534 -0.149914 0.208076 0.966556
4.482553 -11.654455 -647.306433 -1271.201213 -0.317891 -0.939422 0.128182 0.932406 -0.285233 0.221950 -0.171943 0.190073 0.966596
-1.070568 -21.779708 -775.697695 -1545.470425 -0.473339 -0.873075 0.117005 0.877136 -0.454918 0.153888 -0.081128 0.175471 0.981136
2.324045 -19.040077 -545.016381 -1927.676583 -0.401389 -0.908790 0.113965 0.908136 -0.378714 0.178510 -0.119067 0.175148 0.977316
5.141486 -36.094339 7159.726615 -8559.513476 -0.421463 -0.879057 -0.222774 0.904198 -0.426114 -0.029212 -0.069248 -0.213744 0.974432
13.331558 -37.660259 863.763227 -9224.627007 -0.541677 -0.837127 -0.076187 0.839941 -0.542585 -0.010022 -0.032949 -0.069421 0.997043
5.831812 -49.849473 4070.189218 -2354.521067 -0.530987 -0.828297 -0.178823 0.834918 -0.475337 -0.277430 0.144794 -0.296614 0.943957
-6.925715 -52.467888 6923.223074 -5194.292559 -0.417751 -0.873643 -0.249464 0.905357 -0.377237 -0.194990 0.076244 -0.307311 0.948550
-5.385486 -59.280874 5286.677294 1301.514867 -0.467657 -0.852497 -0.233551 0.842245 -0.349610 -0.410362 0.268181 -0.388616 0.881508
-24.011824 -36.889428 775.294496 147.688004 0.571941 -0.146979 -0.807020 0.805281 0.287972 0.518261 0.156226 -0.946292 0.283063
-23.467206 -37.610509 925.942139 6.741560 0.582014 -0.129809 -0.802751 0.766588 0.416935 0.488373 0.271300 -0.899619 0.342172
-25.902042 -37.511666 1153.768166 108.979286 0.602913 -0.193827 -0.773904 0.777848 0.358432 0.516215 0.177336 -0.913213 0.366871
-26.504975 -37.690049 872.866806 -264.705095 0.544621 -0.195663 -0.815539 0.838665 0.120854 0.531070 -0.005350 -0.973196 0.229915
-23.073503 -36.990832 -332.599546 60.358247 0.579709 -0.151209 -0.800671 0.813149 0.170328 0.556576 0.052218 -0.973717 0.221696
6.636585 -5.559088 -672.895265 307.657268 0.830411 0.484731 0.274688 0.551469 -0.644866 -0.529179 0.079372 -0.590918 0.802818
2.714519 -9.920983 -44.468678 -1572.267271 -0.351293 -0.755372 -0.553178 0.932116 -0.226598 -0.282513 0.088053 -0.614871 0.783697
3.866459 -6.884627 854.051780 -719.271910 -0.637322 -0.625886 -0.449541 0.769438 -0.484866 -0.415776 0.042261 -0.610877 0.790597
3.893571 -2.180454 1945.641759 889.784543 -0.835822 0.016234 0.548760 0.010408 0.999852 -0.013725 -0.548901 -0.005760 -0.835867
-2.728351 -9.055666 271.563603 1973.490218 -0.595625 -0.691499 0.408730 -0.579884 0.722269 0.376911 -0.555847 -0.012518 -0.831190
0.962326 -6.573751 1173.620641 1033.031544 -0.808714 -0.233966 0.539668 -0.205156 0.972068 0.113993 -0.551264 -0.018529 -0.834125
-3.772136 -12.521762 134.853481 1866.390974 -0.602546 -0.676214 0.423878 -0.585582 0.735459 0.340872 -0.542248 -0.042824 -0.839127
9.026866 -3.648113 2113.746263 500.450181 -0.835108 0.135233 0.533204 0.105587 0.990694 -0.085892 -0.539857 -0.015430 -0.841615
4.482458 -6.648933 1633.449446 711.971616 -0.836745 -0.019260 0.547254 -0.031990 0.999394 -0.013739 -0.546658 -0.029003 -0.836854
-1.323762 -10.551485 1025.524848 1208.358152 -0.773096 -0.349227 0.529494 -0.322962 0.935198 0.145261 -0.545910 -0.058706 -0.835785
-4.754134 -26.776903 441.713588 1103.194835 0.663711 0.673452 0.325500 0.071735 0.375851 -0.923899 0.744541 -0.636552 -0.201146
-4.050521 -27.808789 255.834336 1812.832957 0.663588 0.676554 0.319258 -0.030624 0.450968 -0.892014 0.747471 -0.582154 -0.319976
-3.469015 -28.461841 -15.319346 2056.767322 0.655440 0.686023 0.315865 -0.040364 0.449448 -0.892394 0.754168 -0.572162 -0.322277
-6.559921 -28.464369 142.494353 1624.849627 0.683885 0.652733 0.325947 -0.000249 0.446963 -0.894553 0.729590 -0.611690 -0.305834
-2.587775 -25.624313 376.674987 319.300881 0.648614 0.680973 0.339963 0.079661 0.383472 -0.920111 0.756937 -0.623879 -0.194478
