16071
32125
-37.358165 -55.666542 -2190.706198 6080.294312 0.153782 0.932800 0.325938 0.405949 -0.360381 0.839840 -0.900864 -0.003162 0.434089
-49.993740 -72.392014 -547.165870 7582.063162 0.071253 0.995595 0.060939 0.307796 -0.080059 0.948078 -0.948781 0.048797 0.312144
-43.820599 -73.047719 -1010.172770 12120.625278 -0.074666 0.990035 -0.119398 0.384112 0.139047 0.912756 -0.920263 -0.022289 0.390666
-42.164651 -59.446096 -1607.602957 5758.198374 0.267838 0.868967 0.416124 0.305230 -0.486187 0.818814 -0.913837 0.092296 0.395454
-32.681781 -48.857507 -3067.164540 7192.135922 0.043771 0.969206 0.242331 0.493178 -0.231910 0.838447 -0.868826 -0.082813 0.488142
-30.993036 -44.509526 -1015.452844 -2026.388883 0.412027 0.596441 0.688834 -0.319781 0.802555 -0.503632 -0.853214 -0.012766 0.521405
-34.961217 -49.414356 -143.313681 -3216.983031 0.419423 0.621733 0.661463 -0.259916 0.780392 -0.568711 -0.869786 0.066606 0.488913
92.135630 -92.534325 -10244.647283 -4048.455616 -0.349161 0.896065 -0.274141 0.853308 0.424939 0.302148 -0.387237 0.128428 0.912991
103.970232 -91.202992 -1521.240290 -9361.462297 -0.274619 0.852461 -0.444853 0.831563 0.442839 0.335257 -0.482791 0.277855 0.830487
96.673691 -97.035662 -7044.721196 -16609.193047 -0.323124 0.887399 -0.328806 0.887577 0.404716 0.220029 -0.328326 0.220744 0.918408
98.621142 -91.296685 -9956.518895 5853.374026 -0.315002 0.888672 -0.333221 0.808720 0.435082 0.395823 -0.496735 0.144798 0.855738
86.142357 -97.214178 -16691.279345 12599.401489 -0.357974 0.909887 -0.209665 0.822961 0.413532 0.389521 -0.441123 0.033108 0.896836
-37.034457 -75.151979 1004.047805 -149.843343 0.046467 0.863600 0.502031 0.655846 0.352705 -0.667431 0.753463 -0.360269 0.550000
-37.598704 -76.747745 1280.449774 777.219598 0.019503 0.873818 0.485862 0.721492 0.324116 -0.611880 0.692148 -0.362479 0.624132
-31.366238 -78.625514 -2154.881159 999.210752 0.136309 0.849677 0.509381 0.765010 0.236409 -0.599058 0.629428 -0.471339 0.617787
-12.757216 -81.068177 8935.005640 1600.821163 -0.216663 -0.803821 -0.554012 0.804546 0.174415 -0.567701 0.552958 -0.568728 0.608922
-18.264303 -78.994004 -9196.201452 151.298010 0.252861 0.812132 0.525835 0.719694 0.205345 -0.663230 0.646608 -0.546146 0.532563
-29.457521 -76.978849 -5110.018736 -1052.117806 0.209236 0.851621 0.480585 0.655804 0.242348 -0.714975 0.725356 -0.464768 0.507789
-11.957560 -37.777326 -10312.691565 -863.199115 -0.198031 0.882513 0.426562 0.853806 -0.058447 0.517299 -0.481455 -0.466643 0.741921
-11.565468 -39.700849 9276.745658 1163.245966 0.048469 -0.862987 -0.502896 0.929973 -0.144705 0.337950 -0.364419 -0.484060 0.795541
-26.577121 -35.935003 1171.276438 -268.938505 -0.095621 0.916679 0.388017 0.879681 -0.104607 0.463916 -0.465851 -0.385691 0.796383
-24.637301 -33.858027 2014.097130 590.497142 -0.485620 0.871792 0.064428 0.666984 0.321875 0.671959 -0.565071 -0.369290 0.737780
-12.692909 -35.359316 -7087.201850 -2414.956629 -0.384474 0.887475 0.254104 0.712422 0.110202 0.693044 -0.587056 -0.447487 0.674626
9.076647 -84.240091 2627.684272 5038.092902 0.383357 0.274526 -0.881858 0.516694 0.727668 0.451140 0.765549 -0.628598 0.137111
4.440319 -75.797290 1910.712127 4346.008729 0.411167 0.320722 -0.853275 0.383192 0.788525 0.481033 0.827107 -0.524753 0.201317
2.062918 -85.987305 1985.929530 5471.853189 0.397385 0.316618 -0.861300 0.470054 0.735872 0.487383 0.788121 -0.598536 0.143597
14.899128 -72.058596 5264.962237 3354.451926 0.382231 0.253500 -0.888615 0.450365 0.788590 0.418686 0.806890 -0.560236 0.187256
10.520562 -99.262021 4535.215121 12039.495603 0.346953 0.255102 -0.902523 0.607136 0.672368 0.423446 0.714849 -0.694870 0.078398
21.675735 -92.921979 10117.437344 9692.345862 0.323138 0.217524 -0.921013 0.630125 0.676657 0.380892 0.706063 -0.703434 0.081586
19.185937 -79.365049 9596.892763 4662.228641 0.344365 0.220375 -0.912605 0.554746 0.736450 0.387167 0.757410 -0.639591 0.131356
-16.418337 -43.057112 2651.280827 1076.941187 0.554581 0.569515 -0.606707 -0.043748 0.748048 0.662201 0.830979 -0.340702 0.439768
-24.137029 -45.127226 -1145.006362 -494.088838 0.580803 0.735342 -0.349201 0.272642 -0.579912 -0.767703 0.767030 -0.350677 0.537299
-15.819480 -46.447786 2015.616784 1364.063551 0.574886 0.559146 -0.597379 0.026462 0.716997 0.696574 0.817806 -0.416258 0.397395
10.662084 -46.144219 10160.676919 3373.177278 0.444892 0.418906 -0.791574 0.181597 0.823307 0.537763 0.876980 -0.382994 0.290210
2.629703 -61.353315 -275.187021 73.048605 -0.080454 0.981601 0.173166 0.826038 -0.031568 0.562729 -0.557842 -0.188316 0.808300
3.527348 -65.297207 -391.420895 90.677910 -0.091991 0.983039 0.158654 0.816254 -0.016812 0.577449 -0.570322 -0.182622 0.800863
4.323113 -69.955915 -677.793851 -2999.493854 -0.027784 0.980725 0.193408 0.904019 -0.057917 0.423551 -0.426589 -0.186613 0.884985
-5.191004 -124.215515 -255.917867 9377.756886 0.424902 0.280959 -0.860535 0.582248 0.643064 0.497450 0.693142 -0.712412 0.109652
-4.762861 -149.259853 1078.783162 16468.083038 0.412182 0.297850 -0.861041 0.717042 0.477000 0.508253 0.562100 -0.826895 -0.016960
-5.593528 -131.610828 -885.794064 13567.662655 0.420783 0.282982 -0.861895 0.637796 0.583354 0.502906 0.645103 -0.761327 0.064980
49.181207 -23.170005 -16980.956066 2613.677952 -0.591092 0.674606 0.442174 0.259978 0.678275 -0.687280 -0.763559 -0.291290 -0.576306
39.398627 -10.780876 -13238.409214 -3194.187832 -0.484592 0.762272 0.429083 -0.334653 -0.614765 0.714193 -0.808194 -0.202498 -0.553007
76.071620 -20.376798 -14350.986824 -2870.761020 -0.376176 0.851188 0.366021 -0.340932 -0.494481 0.799533 -0.861543 -0.175977 -0.476209
17.201671 -32.169790 -3496.425515 -5468.185813 -0.653093 0.284288 0.701891 0.033414 0.936775 -0.348332 -0.756540 -0.204040 -0.621300
27.320873 -53.344631 2329.971107 661.997533 -0.051415 0.995671 0.077434 0.950395 0.024965 0.310043 -0.306767 -0.089534 0.947564
26.469960 -51.325072 5349.396105 1519.845794 -0.048960 0.996228 0.071642 0.982827 0.035276 0.181127 -0.177917 -0.079280 0.980847
26.790340 -53.287969 2109.468639 1379.877405 -0.053996 0.990170 0.129027 0.963035 0.017489 0.268807 -0.263908 -0.138772 0.954513
27.012538 -54.876593 893.652096 372.231662 -0.046975 0.991172 0.123985 0.917183 -0.006369 0.398416 -0.395688 -0.132432 0.908786
26.931188 -55.420456 -1384.126580 599.732773 -0.046425 0.979351 0.196766 0.930793 -0.029088 0.364387 -0.362586 -0.200065 0.910223
28.623911 -53.505720 3840.558404 2089.408646 0.043671 -0.968701 -0.244358 0.977094 -0.009577 0.212593 -0.208279 -0.248045 0.946094
-10.044437 -194.987413 -1240.242823 24376.925116 0.255874 0.142170 -0.956199 0.801751 0.521431 0.292072 0.540115 -0.841367 0.019435
-8.857102 -212.685694 -1481.146713 8061.840489 0.230607 0.132172 -0.964029 0.941255 0.220882 0.255443 0.246698 -0.966303 -0.073471
-8.366197 -192.318457 -1482.279789 26462.885327 0.245731 0.139044 -0.959314 0.829883 0.481234 0.282327 0.500910 -0.865495 0.002863
-9.269517 -158.990036 -689.963675 22852.145254 0.269929 0.172306 -0.947338 0.660187 0.683074 0.312351 0.700922 -0.709733 0.070627
-8.078596 -155.798465 1129.670212 24538.251962 0.237736 0.182066 -0.954114 0.684463 0.665563 0.297552 0.689197 -0.723794 0.033611
9.219574 -125.891457 -1341.172267 6053.593005 0.516673 0.191108 -0.834582 0.855956 -0.137726 0.498368 -0.019701 -0.971859 -0.234739
9.495213 -131.357988 -786.778192 3580.950646 0.510006 0.203432 -0.835769 0.846039 -0.294040 0.444702 -0.155283 -0.933893 -0.322073
7.345507 -127.697120 -1920.405753 774.285048 0.505874 0.174274 -0.844819 0.859280 -0.187752 0.475802 -0.075696 -0.966632 -0.244729
6.058512 -124.750474 -1759.024510 727.261308 0.499197 0.172678 -0.849108 0.864492 -0.032776 0.501576 0.058781 -0.984433 -0.165640
8.612191 -119.743110 -1780.208967 3240.400659 0.505001 0.184490 -0.843171 0.856995 0.008981 0.515246 0.102631 -0.982793 -0.153572
2.228599 -53.629380 -31599.371934 985.651914 -0.154511 0.192433 0.969070 0.699292 0.714192 -0.030324 -0.697937 0.672978 -0.244917
20.126581 -49.585474 -33859.361848 -357.012409 -0.189451 0.158852 0.968955 0.695270 0.718520 0.018145 -0.693331 0.677123 -0.246570
21.031819 -44.517950 -29199.840827 4336.901775 -0.069141 0.249243 0.965970 0.652826 0.743480 -0.145108 -0.754346 0.620577 -0.214117
-4.664171 -62.966470 -29370.372757 -5237.985150 -0.291976 0.063956 0.954285 0.724531 0.666118 0.177037 -0.624344 0.743099 -0.240828
-10.284446 -53.888308 -17031.654629 -995.992316 -0.064952 0.225278 0.972127 0.665068 0.736054 -0.126135 -0.743953 0.638337 -0.197633
-29.919826 -68.455149 -18306.606692 -5567.472157 -0.255235 0.043251 0.965911 0.720094 0.675166 0.160047 -0.645228 0.736397 -0.203471
-4.354170 -183.009668 -1218.586771 18342.157281 -0.316410 -0.321710 0.892405 0.941618 -0.220623 0.254325 0.115066 0.920776 0.372735
-2.880941 -199.994049 -154.459819 23539.585050 -0.334385 -0.321545 0.885887 0.942402 -0.106078 0.317215 -0.008026 0.940934 0.338496
-4.467763 -204.360602 -1333.101452 22948.358152 -0.332802 -0.318847 0.887457 0.940776 -0.047711 0.335655 -0.064681 0.946605 0.315842
2.503582 -508.400911 -3883.901670 181631.067642 -0.053461 -0.527133 0.848099 0.800805 0.484738 0.351767 -0.596535 0.697968 0.396216
-55.262228 -245.852749 -28595.172353 76463.083699 -0.213331 -0.692038 0.689618 0.918273 0.098968 0.383381 -0.333564 0.715044 0.614367
-63.163258 -1092.238972 1020.411337 501704.353759 0.062537 -0.512966 0.856128 0.871366 0.446318 0.203770 -0.486633 0.733257 0.474892
-905.477576 -2050.574346 -334730.324848 2397691.940849 0.295333 -0.616467 0.729895 -0.008803 0.762184 0.647300 -0.955354 -0.197594 0.219671
-8947.441366 -13039.210942 -1469645.767936 10835099.815794 0.630532 0.098768 0.769853 0.599153 -0.692462 -0.401885 -0.493401 -0.714662 0.495797
-65.497798 -1569.784208 -2775464.946501 2009668.559938 0.904697 0.286563 0.315287 -0.260823 0.957648 -0.121987 -0.336891 0.028127 0.941124
-28.733110 -31.668777 1788.368451 -1639.517271 -0.298821 0.823059 0.482990 -0.443270 -0.567915 0.693531 -0.845114 0.006853 -0.534542
-30.247209 -33.351949 -78.340866 375.085454 -0.498037 0.498477 0.709563 0.220374 0.864157 -0.452402 -0.838686 -0.068943 -0.540234
-30.523717 -34.218635 -514.521877 -37.208482 -0.407039 0.649351 0.642388 0.256176 0.756215 -0.602090 -0.876751 -0.080509 -0.474157
-28.775538 -29.940020 132.478216 2388.614300 -0.563752 0.272023 0.779863 0.175526 0.962099 -0.208703 -0.807077 0.019230 -0.590133
-23.356258 -28.513096 4907.525943 -1754.622472 -0.036819 0.982478 0.182708 -0.586823 -0.169245 0.791830 -0.808878 0.078063 -0.582771
3.674817 -89.464593 -6374.921149 8526.116199 -0.326830 -0.311307 0.892340 0.745032 -0.665792 0.040605 0.581472 0.678092 0.449534
-1.516932 -99.619010 -2991.717813 7732.507490 -0.356448 -0.320865 0.877491 0.823235 -0.552007 0.132561 0.441847 0.769632 0.460910
-4.442734 -104.040127 -3728.120140 6588.872553 -0.288504 -0.356374 0.888686 0.866063 -0.492913 0.083495 0.408290 0.793747 0.450850
-22.086409 -46.912512 -1221.459004 -659.670151 0.594355 0.765075 -0.247796 0.393188 -0.545239 -0.740350 0.701531 -0.342600 0.624884
-19.394745 -47.351905 -330.489342 -922.728548 0.613196 0.763197 -0.203768 0.472632 -0.561161 -0.679498 0.632937 -0.320358 0.704813
-21.838386 -50.346298 -648.353684 -771.803314 0.648546 0.703862 -0.289769 0.286436 -0.578381 -0.763826 0.705225 -0.412376 0.576718
34.790225 -97.816029 -12878.139636 -1599.202682 0.313642 0.866156 0.389104 0.502283 0.196417 -0.842100 0.805817 -0.459558 0.373451
32.417743 -95.750330 -13309.237906 1335.872741 0.348249 0.882086 0.317249 0.285753 0.222433 -0.932131 0.892787 -0.415269 0.174597
7.186796 -88.412183 -14007.251053 -1095.508079 0.370244 0.845140 0.385562 0.440579 0.205645 -0.873842 0.817808 -0.493406 0.296212
-979.693373 -3380.208749 393166.442832 1031514.555351 0.979867 -0.066140 -0.188378 -0.146043 0.405906 -0.902170 -0.136133 -0.911518 -0.388075
-63.560467 -212.848836 6763.632536 -2051.558351 0.945525 0.075615 -0.316647 -0.318806 0.018121 -0.947647 0.065918 -0.996972 -0.041240
-512.072133 -2975.850698 64808.150584 -238932.107024 0.951673 0.125196 -0.280435 -0.276347 -0.049270 -0.959794 0.133979 -0.990908 0.012291
3.950706 -196.992088 -4605.247731 -30755.486706 0.303754 0.944719 0.123446 -0.878858 0.227803 0.419183 -0.367889 0.235820 -0.899470
3.723943 -195.220140 -4393.701240 -38925.850259 0.369855 0.925450 0.082150 -0.874428 0.316851 0.367399 -0.313980 0.207719 -0.926428
12.871170 -290.981874 -8591.999721 -68306.830331 0.346013 0.933050 0.098456 -0.741359 0.207584 0.638197 -0.575032 0.293816 -0.763551
-347.153590 -1156.194429 -83581.359976 -488037.675735 0.820430 0.409655 0.398845 0.285996 0.310000 -0.906701 0.495076 -0.857953 -0.137173
-284.546497 -491.336178 -43212.188447 -142603.807616 0.631407 0.708277 0.315705 0.132075 0.302950 -0.943810 0.764121 -0.637625 -0.097740
-289.122925 -347.579957 -59945.948311 2.969803 0.735576 0.674964 -0.057886 0.075408 -0.166496 -0.983154 0.673232 -0.718820 0.173368
-261.149954 -386.098165 -83978.536003 106289.742922 0.871421 0.327947 -0.364795 -0.324962 -0.171132 -0.930115 0.367457 -0.929066 0.042558
79.451464 -29.903182 -28042.219799 5400.201319 0.062831 0.989235 -0.132162 -0.758145 0.133429 0.638289 -0.649052 -0.060094 -0.758367
44.513133 -32.157673 -42967.263261 44967.400396 -0.198186 0.965696 -0.167789 -0.725565 -0.029448 0.687523 -0.658997 -0.257999 -0.706512
61.302448 -36.084535 9626.282668 29553.289711 -0.015537 0.997160 0.073691 -0.736099 -0.061286 0.674094 -0.676696 0.043770 -0.734960
88.098931 -71.251651 33821.891487 -21899.745114 0.215802 0.957614 0.190799 -0.816083 0.069595 0.573729 -0.536132 0.279520 -0.796512
48.657073 -12.148260 22968.166696 22383.566993 0.312863 0.946994 0.072933 -0.716622 0.184962 0.672490 -0.623354 0.262663 -0.736504
-58.034497 -89.454152 46891.745233 -36211.441587 0.107734 0.894326 0.434252 -0.338336 0.443704 -0.829853 0.934838 0.057520 -0.350384
-68.631712 -833.717865 11649.247666 -371134.360166 -0.042930 0.999071 0.003758 -0.063181 0.001039 -0.998002 0.997078 0.043082 -0.063078
-72.219752 -921.460850 -773.102452 -669035.353929 -0.154878 0.983844 -0.089798 -0.078276 -0.102829 -0.991614 0.984828 0.146551 -0.092938
-2.853144 -56.559740 -19005.601048 -5596.179307 -0.453583 -0.560066 -0.693245 -0.313883 0.828417 -0.463900 0.834111 0.007180 -0.551551
-6.347046 -98.406065 47548.263923 -49114.150835 0.106801 0.879515 0.463732 -0.483070 0.453553 -0.748955 0.869044 0.144026 -0.473307
99.910160 -25.293895 36407.575104 702.285276 0.005903 0.618255 0.785956 0.820678 0.446085 -0.357067 -0.571361 0.647124 -0.504754
94.483658 -36.141511 32313.851289 8703.977033 0.048429 0.684503 0.727400 0.818623 0.390058 -0.421558 -0.572286 0.615882 -0.541459
113.888449 -29.990462 1408.601230 -1028.525750 -0.124073 0.757741 0.640652 -0.811424 -0.449099 0.374033 -0.571136 0.473433 -0.670571
79.561022 -24.941466 45855.684136 2358.640631 0.084980 0.526576 0.845870 0.822763 0.441748 -0.357658 -0.561996 0.726344 -0.395708
70.743406 -20.513682 34320.074924 -1409.805581 0.015271 0.485547 0.874077 0.834824 0.474929 -0.278407 -0.550305 0.733952 -0.398094
20.746001 -79.928617 -9244.775859 14867.475206 0.728644 -0.387726 -0.564576 0.386720 -0.447435 0.806381 0.565266 0.805897 0.176079
37.166459 -84.200794 -14591.349044 13072.848259 0.734466 -0.458869 -0.499999 0.344211 -0.383076 0.857188 0.584874 0.801681 0.123409
26.392566 -68.080278 -13588.124507 9709.672134 0.736296 -0.459374 -0.496833 0.272437 -0.470849 0.839094 0.619391 0.753178 0.221534
29.837953 -54.500256 -11893.481006 5486.966047 0.725331 -0.548995 -0.415330 0.133103 -0.480098 0.867058 0.675410 0.684185 0.275157
14.283632 -53.933257 -9618.767684 6163.216890 0.728791 -0.440640 -0.524117 0.247309 -0.544374 0.801558 0.638515 0.713787 0.287761
15.169738 -62.205883 -7837.912599 10432.476255 0.724840 -0.403393 -0.558463 0.322852 -0.517209 0.792630 0.608583 0.754831 0.244658
113.180332 -38.657446 46732.238892 2623.265223 0.282436 0.938754 0.197409 -0.726097 0.074719 0.683520 -0.626907 0.336389 -0.702730
98.965841 -37.519021 38751.137908 3688.295542 0.268087 0.947252 0.175623 -0.673935 0.054128 0.736805 -0.688434 0.315886 -0.652898
118.675091 -37.006094 17853.445873 3011.148065 0.119302 0.991976 -0.041849 -0.721140 0.115547 0.683086 -0.682440 0.051314 -0.729138
5.059481 -77.764578 -53.667314 4234.485394 0.091484 0.965002 0.245769 0.949039 -0.009743 -0.315009 0.301590 -0.262062 0.916715
4.684945 -76.430136 667.325045 2995.916257 -0.074000 -0.958486 -0.275369 0.965761 -0.000027 -0.259434 0.248657 -0.285139 0.925670
5.644341 -84.175277 -207.288807 1331.647374 -0.062391 -0.966962 -0.247170 0.990261 -0.029092 -0.136151 0.124462 -0.253257 0.959359
3.314099 -70.475310 -877.819295 4361.161359 0.096533 0.957437 0.272020 0.907853 0.027338 -0.418397 0.408026 -0.287344 0.866573
4.093543 -87.083487 -966.906739 2242.257552 -0.072030 -0.972767 -0.220309 0.980789 -0.028933 -0.192913 0.181286 -0.229972 0.956163
4.357668 -77.696992 730.694591 6157.690596 0.095391 0.970958 0.219409 0.929668 -0.008107 -0.368309 0.355834 -0.239111 0.903442
4.435152 -69.195884 -328.209070 5753.739880 0.107424 0.963331 0.245874 0.885575 0.019695 -0.464079 0.451904 -0.267593 0.850986
14.966192 -208.784444 -1124.405003 -3147.767571 0.055878 0.967605 0.246207 -0.859162 -0.079025 0.505564 -0.508643 0.239781 -0.826914
14.902459 -201.361715 -1253.952672 22484.438265 0.019461 0.964959 0.261677 -0.651569 -0.186275 0.735363 -0.758340 0.184812 -0.625113
11.767026 -187.633498 -829.239781 9988.203395 0.023088 0.974850 0.221662 -0.817982 -0.109055 0.564811 -0.574780 0.194356 -0.794892
13.164044 -213.828002 -930.738221 -4278.998450 0.074745 0.970645 0.228609 -0.953226 0.002217 0.302249 -0.292869 0.240507 -0.925410
11.869192 -164.394805 -1127.454290 20413.628253 -0.039238 0.969260 0.242891 -0.631419 -0.212448 0.745772 -0.774449 0.124103 -0.620345
22.648880 -19.839672 -5120.174794 1699.257662 -0.715587 0.629580 0.302595 0.484942 0.759544 -0.433502 -0.502758 -0.163467 -0.848830
14.445754 -16.440645 -3451.966513 -735.509295 -0.670418 0.704484 0.232901 -0.578339 -0.692787 0.430778 -0.464827 -0.154106 -0.871887
29.607994 -20.408558 -4351.381731 -1098.612374 -0.640885 0.707925 0.296831 -0.575152 -0.698925 0.425092 -0.508396 -0.101712 -0.855095
10.329233 -22.978154 -37.055136 670.695347 -0.291365 0.336651 0.895417 0.762543 0.646919 0.004906 -0.577611 0.684224 -0.445200
36.697609 -19.742331 16322.693498 698.271114 -0.049211 0.450547 0.891396 0.834241 0.509284 -0.211357 -0.549200 0.733238 -0.400927
17.420533 -19.867089 60.398098 270.038318 -0.280892 0.342421 0.896576 0.800968 0.598286 0.022441 -0.528725 0.724432 -0.442322
0.159616 -123.982564 1306.272456 -13154.031877 -0.199357 -0.362872 -0.910264 0.916017 -0.398981 -0.041565 -0.348095 -0.842103 0.411936
-3.049612 -119.284411 1352.342192 -11037.443676 -0.195705 -0.363718 -0.910719 0.899286 -0.436959 -0.018737 -0.391132 -0.822664 0.412602
-0.093571 -111.831040 1102.419811 -6142.679475 -0.198014 -0.365088 -0.909671 0.858575 -0.512346 0.018734 -0.472906 -0.777311 0.414907
2.778499 -117.068316 1057.798373 -8281.220649 -0.195322 -0.375257 -0.906108 0.877592 -0.479318 0.009331 -0.437815 -0.793370 0.422944
-1.068276 -104.847633 941.691257 1002.424483 -0.181637 -0.378533 -0.907590 0.792529 -0.602736 0.092776 -0.582157 -0.702440 0.409478
1.352737 -109.899630 1145.503039 -887.993332 -0.174788 -0.385732 -0.905903 0.813549 -0.574830 0.087793 -0.554605 -0.721652 0.414285
-13.842768 -106.542460 512.465514 5991.848632 -0.046706 0.972915 0.226395 0.880622 -0.066878 0.469075 -0.471511 -0.221277 0.853647
-14.685145 -96.957316 537.385520 4875.787603 -0.041588 0.973503 0.224862 0.951339 -0.030193 0.306665 -0.305328 -0.226673 0.924875
-11.867282 -105.925485 682.919661 6127.205387 -0.048794 0.983571 0.173804 0.877430 -0.040929 0.477955 -0.477216 -0.175822 0.861017
-14.294510 -98.236592 -223.372455 4298.250913 -0.049040 0.956339 0.288115 0.951660 -0.042832 0.304152 -0.303213 -0.289103 0.908010
-10.351623 -111.519051 1050.106065 5125.535466 -0.048243 0.985021 0.165548 0.769417 -0.069039 0.635005 -0.636922 -0.158009 0.754561
-14.093018 -108.183199 -377.480741 5725.309494 -0.063494 0.955368 0.288514 0.881948 -0.081580 0.464233 -0.467051 -0.283931 0.837405
-13.184463 -113.657611 742.682522 6401.042531 -0.048398 0.974304 0.219974 0.779264 -0.100936 0.618514 -0.624824 -0.201352 0.754356
-6.185753 -115.336415 314.293262 -4238.938134 0.133523 -0.396260 -0.908378 0.182711 0.910716 -0.370423 0.974058 -0.116511 0.194003
-6.415066 -111.770460 2573.793204 -2789.359890 0.125612 -0.352890 -0.927195 0.116132 0.933402 -0.339519 0.985259 -0.065029 0.158228
-3.686257 -113.286465 1930.534151 -8879.745129 0.132162 -0.355780 -0.925178 0.323541 0.897729 -0.299006 0.936939 -0.259815 0.233755
-2.237034 -118.898026 490.441498 1918.223832 0.140977 -0.390021 -0.909950 0.396622 0.864396 -0.309048 0.907092 -0.317338 0.276551
0.404763 -132.288794 826.610794 -27.175575 -0.159652 -0.366143 -0.916761 0.615082 0.689478 -0.382484 0.772130 -0.624947 0.115131
2.939698 -137.061421 1831.143777 2509.698200 -0.168164 -0.371474 -0.913087 0.593642 0.701314 -0.394649 0.786963 -0.608412 0.102587
0.024552 -131.044340 1220.815444 3730.493799 -0.176382 -0.379579 -0.908190 0.455824 0.786265 -0.417147 0.872418 -0.487552 0.034338
3.748097 -130.891762 1366.669081 -4352.728040 -0.157346 -0.365390 -0.917460 0.734700 0.577482 -0.355992 0.659892 -0.730072 0.177587
-2.161415 -126.811085 624.975289 547.472775 -0.165799 -0.374870 -0.912131 0.477252 0.778903 -0.406866 0.862984 -0.502775 0.049766
-1.984497 -128.756499 661.303020 -1048.832587 -0.156128 -0.359710 -0.919909 0.632120 0.679248 -0.372889 0.758979 -0.639711 0.121330
0.229519 -130.261974 197.457617 -3833.639251 -0.147825 -0.361675 -0.920510 0.749043 0.566822 -0.342998 0.645819 -0.740205 0.187120
3689.003053 -46.598444 2089170.320816 2156.295617 0.604007 0.790471 -0.101639 0.795797 -0.591242 0.130924 0.043399 -0.159963 -0.986169
495.271208 -3.776157 202469.974435 8735.304835 0.645797 0.759316 -0.079910 0.760055 -0.629401 0.161775 0.072543 -0.165210 -0.983587
1970.335469 -26.592470 1212174.972824 12324.356281 0.632319 0.622286 -0.461447 0.753107 -0.633424 0.177773 -0.181666 -0.459928 -0.869174
-2.844698 -267.178375 3922.537046 24674.181830 -0.041127 0.454406 0.889845 0.548066 0.754916 -0.360173 -0.835423 0.472881 -0.280092
0.843519 -262.135253 2547.389977 20611.652923 -0.043182 0.446507 0.893737 0.595885 0.729545 -0.335687 -0.801908 0.518069 -0.297570
-3.344450 -249.458274 2806.245172 27527.214368 -0.047256 0.476818 0.877731 0.745879 0.601316 -0.286502 -0.664403 0.641142 -0.384064
57.889278 -394.817511 -22006.479811 48084.523330 0.414662 -0.613690 -0.671893 0.191274 0.780649 -0.594980 0.889646 0.118200 0.441088
30.224215 -444.328164 -17791.249583 132716.311882 0.476375 -0.607743 -0.635386 0.027801 0.732702 -0.679981 0.878802 0.306262 0.365937
50.336157 -373.547285 -5902.384824 4908.030975 0.361560 -0.627646 -0.689445 -0.019192 0.734304 -0.678549 0.932151 0.258568 0.253449
27.444879 -403.354445 -28055.706643 21355.120569 0.509319 -0.592718 -0.623923 0.384430 0.805348 -0.451252 0.769940 -0.010023 0.638037
76.778749 -402.507915 -5950.253566 -1122.450283 0.307089 -0.590417 -0.746395 0.223817 0.807098 -0.546350 0.924988 0.000722 0.379996
66.434093 -351.719910 -20936.605617 -14410.519803 0.401706 -0.600670 -0.691251 0.486996 0.779368 -0.394234 0.775543 -0.178271 0.605601
-21.858750 -973.398595 5833.873027 -440224.461026 -0.090459 0.829317 0.551408 0.950835 -0.092752 0.295484 0.296194 0.551027 -0.780153
24.475242 -490.159438 7995.218153 72433.168142 -0.007110 0.786099 0.618060 -0.634523 0.474158 -0.610373 0.772872 0.396512 -0.495426
9.670104 -329.471103 -25646.349429 -85908.763739 0.122733 0.764603 0.632708 0.976849 0.019489 -0.213042 -0.175223 0.644207 -0.744509
12.822650 -47.619346 203.925382 1837.480317 0.019850 0.968431 0.248491 0.279852 0.233224 -0.931284 0.959838 -0.088026 0.266388
15.566763 -49.148548 1368.566939 1014.006274 -0.029448 0.962002 0.271450 0.275955 0.268838 -0.922808 0.960719 -0.047733 0.273386
14.299077 -49.554795 -46.403185 -100.915495 0.008763 0.969187 0.246171 0.186715 0.240265 -0.952581 0.982375 -0.054311 0.178856
13.676580 -50.340841 -162.405974 1822.694979 -0.007655 0.961708 0.273971 0.373828 0.256866 -0.891220 0.927467 -0.095596 0.361479
12.081588 -47.690358 -3696.243972 -782.098676 0.074093 0.975666 0.206365 0.203582 0.187778 -0.960882 0.976250 -0.113207 0.184715
8.492783 -46.545780 -2504.126579 1499.746134 0.062251 0.970545 0.232740 0.289878 0.205558 -0.934728 0.955037 -0.125653 0.268543
9.993036 -50.121943 -657.988439 3010.769520 0.026973 0.964059 0.264314 0.371328 0.235829 -0.898054 0.928110 -0.122370 0.351621
-15.804169 -45.496140 2053.092722 1161.321295 -0.278258 0.958369 0.064045 0.418961 0.181103 -0.889760 0.864317 0.220751 0.451912
-16.141454 -42.990502 1626.832020 1208.368374 -0.236395 0.970043 -0.055979 0.379682 0.039188 -0.924287 0.894404 0.239751 0.377572
-15.302723 -41.406663 1590.532099 1551.459598 -0.324554 0.940959 0.096236 0.401757 0.229248 -0.886587 0.856304 0.249082 0.452441
-14.687927 -43.669848 1818.437561 -1402.369540 -0.352506 0.917030 0.186538 0.460137 0.343421 -0.818741 0.814871 0.202778 0.543017
-7.283616 -29.173028 -163.218436 -1583.148275 -0.509211 0.813813 0.280023 0.846254 0.532699 -0.009270 -0.156712 0.232250 -0.959949
-7.069209 -30.114151 -602.028096 -1352.789745 -0.528994 0.806044 0.265442 0.831828 0.554431 -0.025859 -0.168013 0.207123 -0.963780
-7.270897 -25.395111 -383.796246 989.252211 -0.614609 0.734847 0.286803 -0.758423 -0.650452 0.041314 -0.216911 0.192125 -0.957098
-7.190901 -23.745286 -510.510795 172.387135 -0.739981 0.601555 0.300931 0.619405 0.783849 -0.043798 -0.262232 0.153989 -0.952640
-7.758150 -21.305059 19.540088 -278.147024 -0.672103 0.670056 0.315123 0.695748 0.717119 -0.040921 -0.253400 0.191743 -0.948168
-212.094241 -1927.481184 -328297.055946 125325.783307 -0.260561 -0.037022 -0.964747 -0.600035 0.789045 0.131779 0.756351 0.613218 -0.227809
321.504853 -1746.607429 -450794.894170 822825.818521 -0.180462 0.156352 -0.971076 -0.427743 0.876562 0.220625 0.885703 0.455185 -0.091308
13.357074 -2697.732410 -562504.762451 2638887.312267 -0.198741 -0.061962 -0.978091 0.035213 0.996904 -0.070309 0.979419 -0.048414 -0.195944
-551.824345 -5304.988708 -137295.700309 -2862849.030464 -0.509713 -0.186828 -0.839814 -0.100056 0.982386 -0.157818 0.854507 0.003586 -0.519428
-622.022457 -1506.253020 -308845.240149 -612108.579325 -0.491467 -0.084452 -0.866792 0.501518 0.786248 -0.360963 0.711997 -0.612113 -0.344061
-86.329772 -1485.190700 -177459.106937 -564538.102714 -0.315853 -0.131363 -0.939670 0.589366 0.748969 -0.302808 0.743562 -0.649453 -0.159144
-56.496983 -96.411829 794.192636 14083.733737 -0.044117 0.941085 -0.335281 0.205589 0.336977 0.918793 -0.977643 0.028396 0.208344
-57.050580 -82.662520 -966.815091 4222.279238 0.101665 0.991557 0.080488 0.147636 -0.095049 0.984464 -0.983803 0.088202 0.156053
-47.548041 -71.656158 -1653.834579 5446.080174 0.259650 0.898288 0.354485 0.204904 -0.409964 0.888788 -0.943714 0.158139 0.290510
100.429985 -104.219946 929.964013 -19033.260587 0.248446 -0.846681 0.470538 0.896643 0.384806 0.218986 -0.366477 0.367498 0.854775
94.492725 -87.962250 7641.575476 -7721.148641 -0.145883 0.771173 -0.619685 0.858442 0.410018 0.308161 -0.491727 0.487008 0.721822
103.992385 -86.782372 -974.510743 6318.983305 -0.228665 0.863024 -0.450447 0.796966 0.431678 0.422493 -0.559069 0.262381 0.786510
96.445041 -77.811118 9636.368498 1875.152653 -0.130354 0.800638 -0.584796 0.790230 0.440120 0.426416 -0.598785 0.406539 0.690060
-40.577642 -74.850946 1701.613748 562.109828 -0.055734 0.883293 0.465497 0.614720 0.397738 -0.681119 0.786774 -0.248189 0.565145
12.624747 -41.760325 16195.594787 948.002699 0.051183 -0.835601 -0.546948 0.959178 -0.111393 0.259939 -0.278132 -0.537925 0.795789
-9.881503 -40.161945 4720.712623 698.225641 -0.061270 -0.847279 -0.527602 0.957932 -0.198402 0.207372 -0.280379 -0.492701 0.823792
-24.881403 -38.680422 -2630.328289 37.098379 -0.173890 -0.851069 -0.495422 0.914581 -0.326094 0.239174 -0.365108 -0.411514 0.835076
0.877892 -76.641825 2393.745404 3494.293536 0.405027 0.344702 -0.846838 0.362051 0.790032 0.494741 0.839567 -0.506981 0.195185
2.291800 -70.115286 1589.171428 2091.810910 0.422293 0.348829 -0.836652 0.252602 0.841140 0.478200 0.870552 -0.413280 0.267092
11.925773 -66.395022 4135.119170 1460.433080 0.399532 0.272282 -0.875350 0.341384 0.841999 0.417725 0.850783 -0.465725 0.243453
-23.882636 -44.154653 -1458.296578 -656.822231 0.525844 0.823570 -0.212649 0.489530 -0.497476 -0.716156 0.695592 -0.272488 0.664757
-25.236597 -42.507382 -860.221540 -407.597977 0.531231 0.777515 -0.336548 0.355032 -0.564970 -0.744823 0.769250 -0.276188 0.576173
-0.857334 -69.350621 -645.199277 -1498.345430 -0.010646 -0.978967 -0.203743 0.999363 -0.017354 0.031168 -0.034048 -0.203281 0.978528
-0.030190 -65.826313 482.668435 -2792.118084 -0.011338 0.979110 0.203015 0.972182 -0.036708 0.231331 -0.233950 -0.199991 0.951457
-0.837606 -71.216619 276.956687 -1401.738931 -0.026645 -0.975853 -0.216796 0.998799 -0.034911 0.034383 -0.041122 -0.215620 0.975611
1.113886 -64.012021 1016.515931 -2478.213777 -0.024324 0.980072 0.197150 0.975067 -0.020253 0.220984 -0.220573 -0.197609 0.955143
-1.761690 -73.704462 293.214664 315.491923 -0.051093 -0.974752 -0.217365 0.985709 -0.014237 -0.167854 0.160522 -0.222834 0.961550
-1.704007 -71.610184 -611.871740 47.716358 -0.033367 -0.978344 -0.204277 0.985274 0.002095 -0.170968 0.167693 -0.206974 0.963868
0.743066 -67.665046 -1126.533488 -1521.330508 0.004477 -0.980181 -0.198054 0.999742 -0.000027 0.022731 -0.022286 -0.198104 0.979928
-1.287959 -136.024816 -321.098635 -5447.221457 -0.076737 0.988732 0.128536 0.044748 -0.125371 0.991100 -0.996047 -0.081805 0.034623
-0.223604 -124.148508 -207.924413 -14336.260845 -0.075135 0.991023 0.110584 -0.253260 -0.126226 0.959128 -0.964476 -0.044057 -0.260470
-0.290273 -141.871478 -444.084153 -6458.851487 -0.080805 0.986446 0.142812 0.040612 -0.139903 0.989332 -0.995902 -0.085743 0.028756
-0.894098 -121.378861 -117.619378 -13776.774373 -0.067719 0.992952 0.097265 -0.253094 -0.111397 0.961007 -0.965069 -0.040461 -0.258854
-1.519670 -141.707771 -408.275153 4936.303523 -0.070426 0.984455 0.160901 0.352027 -0.126395 0.927416 -0.933336 -0.121956 0.337653
-2.586775 -135.724462 -303.870917 6087.713393 -0.069326 0.987346 0.142625 0.362121 -0.108311 0.925817 -0.929549 -0.115830 0.350030
-2.227250 -131.190154 -220.268780 -4436.151727 -0.069196 0.991282 0.112121 0.053756 -0.108522 0.992640 -0.996154 -0.074714 0.045778
4.378327 -52.503847 1240.735660 543.860840 0.398168 0.900265 0.176025 0.844293 -0.284636 -0.454040 0.358653 -0.329400 0.873420
-3.184746 -53.178793 -685.290893 -104.482983 -0.341281 -0.919252 -0.196222 0.924091 -0.289928 -0.248993 0.171997 -0.266303 0.948420
-2.256192 -55.726066 -142.348478 521.973377 -0.267631 -0.932841 -0.241208 0.940268 -0.198189 -0.276797 0.210403 -0.300880 0.930162
60.547663 -14.442765 -9810.457306 -1785.666074 -0.255579 0.902063 0.347797 -0.396297 -0.425883 0.813371 -0.881832 -0.070050 -0.466331
37.272563 -3.119702 -16507.392687 -2221.867627 -0.327773 0.901837 0.281523 -0.437762 -0.409042 0.800656 -0.837215 -0.139194 -0.528862
14.265693 -6.758665 3124.420021 -8415.253510 -0.575016 0.288815 0.765469 0.029205 0.942268 -0.333583 -0.817621 -0.169460 -0.550254
19.348822 -23.225292 -455.800541 -8183.509516 -0.622048 0.217844 0.752064 0.007446 0.962119 -0.272529 -0.782944 -0.163926 -0.600106
20.453756 -51.353173 -19156.225502 352.126509 -0.044456 -0.966706 -0.251998 0.978457 -0.093038 0.184299 -0.201608 -0.238376 0.950016
23.899834 -51.350889 -20401.273272 -600.558092 -0.058237 -0.963151 -0.262580 0.994387 -0.079240 0.070114 -0.088337 -0.257022 0.962360
39.286427 -48.187877 -13918.252264 694.227189 -0.003091 -0.950324 -0.311249 0.979548 -0.065497 0.190252 -0.201187 -0.304295 0.931090
-8.322936 -221.684818 -987.174202 4723.658033 0.247516 0.124351 -0.960871 0.923812 0.268672 0.272740 0.292075 -0.955171 -0.048376
-6.477746 -225.101871 -1232.470189 -12547.302918 0.229024 0.120952 -0.965877 0.973383 -0.019695 0.228338 0.008595 -0.992463 -0.122243
-7.646269 -216.864047 -1176.688118 -11587.672990 0.212688 0.130407 -0.968379 0.976191 -0.071558 0.204767 -0.042592 -0.988875 -0.142522
7.907925 -128.575141 -1877.919154 -1573.949095 0.499861 0.181592 -0.846855 0.838672 -0.345626 0.420918 -0.216260 -0.920634 -0.325061
8.816824 -133.737052 -344.926217 -628.115056 0.490759 0.220875 -0.842835 0.816267 -0.454876 0.356083 -0.304736 -0.862729 -0.403527
13.016370 -60.594051 -22214.512294 -6227.287205 -0.330774 0.013576 0.943612 0.722360 0.647075 0.243906 -0.607276 0.762306 -0.223842
-25.632903 -374.946759 -5687.342103 148525.778652 -0.192292 -0.689865 0.697933 0.935950 0.084863 0.341753 -0.294992 0.718947 0.629361
-46.853615 -227.154068 2473.227960 87296.165832 -0.203697 -0.782907 0.587847 0.936552 0.019130 0.350006 -0.285268 0.621844 0.729337
-45.914956 -142.538108 10708.087643 10379.678930 0.178759 -0.653524 0.735494 0.973613 0.225275 -0.036465 -0.141858 0.722604 0.676550
-484.530902 -2723.104704 173408.988239 89577.763976 0.591188 0.359249 -0.722106 0.772905 -0.508187 0.379953 -0.230467 -0.782742 -0.578099
-261.672921 -1386.926970 109609.636901 933835.686759 0.697711 0.403901 -0.591662 -0.576651 -0.173395 -0.798379 0.425056 -0.898220 -0.111930
2005.915403 -7392.600860 -298390.510139 30210287.500483 0.836781 0.242395 -0.490961 -0.282394 -0.577154 -0.766255 0.469097 -0.779832 0.414501
-28.637508 -33.618692 -2188.901508 563.482139 -0.401392 0.787924 0.466968 -0.301714 -0.595135 0.744838 -0.864785 -0.158082 -0.476610
-29.844460 -32.465354 -583.939693 -632.759062 -0.598373 0.018419 0.801006 -0.034894 0.998188 -0.049020 -0.800458 -0.057282 -0.596646
-28.619938 -33.066733 -2056.506478 -491.143058 -0.411542 0.814491 0.408947 -0.381537 -0.561463 0.734295 -0.827685 -0.146165 -0.541824
-20.025812 -44.417239 -964.610459 -972.695639 0.544368 0.820969 -0.172257 0.564163 -0.510281 -0.649101 0.620792 -0.256169 0.740942
-17.207833 -43.929675 -52.679045 -1330.541079 0.555225 0.820033 -0.138819 0.627923 -0.522757 -0.576574 0.545378 -0.232961 0.805166
-19.517419 -47.155428 1005.861288 -1297.786731 0.626622 0.761306 -0.166604 0.541311 -0.578979 -0.609726 0.560649 -0.291883 0.774905
-1116.367765 -2830.894372 588132.330846 328877.482443 0.991936 0.028573 0.123473 0.122595 0.030676 -0.991983 0.032132 -0.999121 -0.026926
-752.442359 -2898.852817 331882.799958 383945.805245 0.968807 0.178965 0.171420 0.171740 0.013822 -0.985045 0.178658 -0.983758 0.017344
-562.905391 -2937.249924 407223.323866 1815621.893976 0.988975 0.121982 0.083960 0.128367 -0.423509 -0.896751 0.073830 -0.897642 0.434498
-5171.426255 -102785.355965 2331337.356803 83275378.847591 -0.443923 -0.440892 -0.780094 0.876250 -0.395664 -0.275021 -0.187400 -0.805645 0.561976
-283.366208 -4629.638543 971941.835554 -10624577.515204 0.965878 0.222285 0.132926 0.256603 -0.890927 -0.374704 -0.035136 -0.396028 0.917566
-2.329961 -123.110273 -3880.386280 -19523.649149 0.304736 0.949155 0.079004 -0.944283 0.290255 0.155186 -0.124364 0.121893 -0.984721
-9.210890 -106.204079 1619.243792 23316.230136 0.403256 0.911570 0.080158 0.912990 -0.394858 -0.102649 -0.061921 0.114578 -0.991483
0.307211 -184.273000 3490.332146 -49602.687548 0.489763 0.868311 0.078534 -0.842374 0.448052 0.299424 -0.224806 0.212802 -0.950882
-213.023795 -318.126075 24015.271240 -29023.987600 -0.683975 -0.602347 -0.411530 -0.095306 0.633069 -0.768206 0.723253 -0.486212 -0.490410
-3.924334 -61.073836 -46407.205024 35181.524086 -0.433055 0.898390 -0.073202 -0.680420 -0.272558 0.680250 -0.591179 -0.344393 -0.729316
68.357586 -29.056561 -58153.196132 -9756.730441 -0.075882 0.937305 -0.340149 -0.828831 0.130354 0.544102 -0.554329 -0.323214 -0.766976
-12.710479 -72.486078 -35444.381109 1458.748156 -0.304361 0.948532 -0.087468 -0.747950 -0.181114 0.638567 -0.589860 -0.259777 -0.764579
111.735958 -46.069320 -11532.429353 -12664.597222 -0.123517 0.840369 0.527754 -0.818186 -0.387184 0.425041 -0.561529 0.379301 -0.735402
85.762871 -44.956381 16946.852491 -8091.747183 0.047407 0.790786 0.610254 -0.770072 -0.360180 0.526555 -0.636193 0.494902 -0.591887
70.608358 -37.112672 42677.771904 8363.965081 0.137363 0.608089 0.781895 0.801583 0.395484 -0.448395 -0.581891 0.688346 -0.433109
29.834285 -101.790992 -11043.148968 13631.166528 0.724940 -0.365631 -0.583760 0.489652 -0.322516 0.810076 0.484461 0.873096 0.054773
48.452685 -106.526161 -16254.783095 11278.352603 0.729044 -0.443372 -0.521455 0.457886 -0.250352 0.853033 0.508758 0.860665 -0.020496
136.453868 -38.353398 -26124.759278 -619.572689 -0.126667 0.948094 -0.291674 -0.787097 0.082884 0.611236 -0.603684 -0.306999 -0.735743
132.712657 -45.575816 -55780.853499 -208.770802 -0.260208 0.835807 -0.483444 0.813185 -0.080259 -0.576445 -0.520597 -0.543125 -0.658782
140.082400 -40.936930 -24276.156303 467.597471 -0.138379 0.948688 -0.284327 -0.806872 0.058481 0.587824 -0.574290 -0.310758 -0.757377
1.926248 -70.392823 -822.701818 3190.276480 0.067172 0.954765 0.289675 0.928208 0.046687 -0.369122 0.365949 -0.293673 0.883084
1.167152 -162.458768 91.333458 -7104.987410 -0.161602 0.934715 0.316532 0.568109 -0.174154 0.804315 -0.806931 -0.309804 0.502877
1.147730 -149.952258 -41.065218 -13151.619830 -0.170426 0.935735 0.308796 0.362284 -0.231928 0.902751 -0.916354 -0.265724 0.299476
1.430166 -163.496819 53.730293 -18020.075678 -0.162610 0.936604 0.310373 0.498355 -0.193526 0.845097 -0.851587 -0.292097 0.435292
1.494621 -173.874001 183.220545 479.861544 -0.155189 0.937242 0.312240 0.687896 -0.124325 0.715082 -0.709024 -0.325761 0.625431
1.650508 -163.396981 108.310460 8651.915742 -0.150053 0.932301 0.329088 0.742500 -0.113521 0.660156 -0.652822 -0.343407 0.675200
6.666518 -16.061781 -2962.698503 -838.148381 -0.667771 0.711163 0.219838 -0.569823 -0.678410 0.463747 -0.478940 -0.184408 -0.858260
2.269785 -16.103834 -2521.658270 -126.049407 -0.586246 0.799894 0.128397 -0.669764 -0.567708 0.478668 -0.455776 -0.194622 -0.868557
7.788314 -16.858240 -3696.720928 624.941810 -0.654299 0.735701 0.175036 -0.617500 -0.653372 0.437949 -0.436563 -0.178465 -0.881795
38.183964 -23.144001 23094.726263 2239.488185 0.026558 0.515445 0.856511 0.809455 0.491680 -0.320989 -0.586582 0.701832 -0.404171
-3.275848 -132.287045 1548.616742 -15021.123718 -0.187688 -0.362885 -0.912736 0.948801 -0.307345 -0.072910 -0.254067 -0.879689 0.401991
-5.505413 -131.051175 530.403914 -15872.276303 -0.189401 -0.386407 -0.902672 0.936553 -0.347241 -0.047866 -0.294949 -0.854467 0.427659
-0.096192 -78.324890 180.584752 6599.274502 -0.097622 0.983365 0.153180 -0.647580 -0.179639 0.740520 -0.755718 0.026905 -0.654344
-0.597924 -73.357163 181.975445 -1488.369099 -0.111720 0.978695 0.172262 -0.543043 -0.205302 0.814221 -0.832240 0.002581 -0.554410
0.480125 -78.359476 274.279289 5703.095738 -0.100894 0.983310 0.151399 -0.645006 -0.180512 0.742551 -0.757488 0.022734 -0.652454
-13.253156 -96.269191 455.580536 3827.826135 -0.047512 0.983268 0.175860 0.946272 -0.012071 0.323147 -0.319863 -0.181765 0.929865
-14.617382 -90.612788 16.320767 3993.692117 0.040738 -0.958337 -0.282720 0.990731 0.002045 0.135827 -0.129590 -0.285632 0.949537
-6.959529 -106.223563 1599.717571 2732.954957 0.142578 -0.400217 -0.905261 -0.062654 0.909122 -0.411792 0.987799 0.115431 0.104545
-4.127221 -106.442564 -457.031238 8583.418406 0.178118 -0.365223 -0.913721 -0.048625 0.924168 -0.378878 0.982807 0.111915 0.146852
1.903911 -134.972403 1713.441673 5383.556246 -0.184892 -0.392581 -0.900941 0.433473 0.790175 -0.433273 0.881996 -0.470642 0.024076
4.008400 -141.982964 1108.677845 2652.076305 -0.166293 -0.387955 -0.906553 0.573643 0.709716 -0.408946 0.802048 -0.588042 0.104527
5.559406 -134.857186 1678.112835 -4545.251438 -0.160079 -0.374040 -0.913493 0.720007 0.588815 -0.367270 0.675251 -0.716513 0.175054
-11.562807 -234.278541 3401.470188 29311.508726 -0.047232 0.491770 0.869443 0.851138 0.475386 -0.222648 -0.522813 0.729500 -0.441018
