12180
24348
-39.069074 -60.906500 -1460.908143 8552.838133 -0.394831 0.918035 0.036350 0.715122 0.331920 -0.615166 0.576809 0.216892 0.787559
-51.336863 -76.928982 212.449774 9144.861912 -0.529736 0.845630 0.065493 0.726917 0.492440 -0.478638 0.437002 0.205944 0.875566
-41.995822 -86.180120 -2818.271763 12271.947022 -0.602772 0.771501 0.203598 0.634032 0.618029 -0.464804 0.484426 0.151083 0.861687
-44.901668 -67.499271 1378.100403 5683.679450 -0.147735 0.951593 -0.269528 0.890853 0.009662 -0.454189 0.429599 0.307209 0.849157
-22.745617 -85.562707 -6033.904290 15456.197695 -0.472884 0.840595 0.264159 0.638668 0.533534 -0.554477 0.607029 0.093494 0.789161
-24.646618 -52.121887 -5265.426099 9481.400042 -0.351034 0.925382 0.142979 0.635641 0.347625 -0.689288 0.687558 0.151080 0.710239
-30.539329 -40.667844 1250.727807 4263.013439 0.096432 0.912315 -0.397973 0.748100 -0.330171 -0.575616 0.656542 0.242216 0.714342
-36.113244 -52.164655 1877.168304 3999.757654 0.121411 0.881085 -0.457109 0.819399 -0.348877 -0.454830 0.560218 0.319333 0.764318
65.360772 -100.131852 -11508.991811 3333.332846 -0.370925 0.904168 0.211885 -0.745293 -0.153712 -0.648777 0.554034 0.398564 -0.730885
69.793497 -90.824819 -5742.511885 -6099.664018 -0.471366 0.830857 0.295787 0.749004 0.200064 0.631638 0.465625 0.519279 -0.716619
62.587664 -83.040693 -4509.450913 1802.616852 -0.402771 0.865912 0.296600 0.829667 0.208534 0.517847 0.386559 0.454653 -0.802411
57.194727 -95.916974 -6843.296736 -1544.876931 -0.321360 0.926188 0.197238 -0.847162 -0.188118 -0.496918 0.423136 0.326782 -0.845085
2.308508 -19.827385 1574.088158 1592.560975 0.887764 -0.431197 0.161073 -0.457407 -0.787245 0.413550 0.051518 0.440811 0.896120
5.855669 -17.982059 1693.927885 478.372192 0.947155 -0.306564 0.094422 -0.311691 -0.809997 0.496743 0.075802 0.499923 0.862746
7.693657 -20.688717 849.835130 -533.833844 0.882785 -0.437711 0.170587 -0.463086 -0.749745 0.472687 0.079004 0.496278 0.864562
4.152825 -23.834176 926.901189 196.726562 0.793391 -0.563415 0.230424 -0.606393 -0.698530 0.379927 0.053098 0.441157 0.895857
1.638341 -18.283792 1969.303858 1112.894899 0.759951 -0.599884 0.250226 -0.649734 -0.690516 0.317859 0.017893 0.404137 0.914523
-17.976253 -35.780095 1655.074246 -1471.377224 -0.687350 0.630783 0.360086 0.721780 0.648578 0.241620 -0.081134 0.425980 -0.901087
-17.373166 -35.343940 276.146643 -2403.034689 -0.447776 0.814844 0.368137 0.889607 0.447422 0.091721 -0.089974 0.368568 -0.925236
-11.809895 -29.887066 -2588.442585 -3146.768157 0.759289 -0.546733 -0.352936 0.631454 0.750105 0.196492 -0.157310 0.372057 -0.914782
-10.929333 -34.216735 -2910.349091 -3227.638507 0.866248 -0.387578 -0.315274 0.480160 0.820205 0.310982 -0.138060 0.420769 -0.896601
-17.077719 -38.198492 -2099.951131 -1640.406514 0.846637 -0.434161 -0.307749 0.527911 0.758204 0.382671 -0.067196 0.486447 -0.871122
18.616753 -49.500571 84.801349 -691.608944 -0.058604 0.986634 -0.152050 0.811582 -0.041602 -0.582755 0.581292 0.157553 0.798296
15.687073 -46.116198 -7167.680482 359.529343 -0.072619 0.997115 -0.022085 0.805583 0.045586 -0.590726 0.588015 0.060689 0.806570
28.651505 -46.749286 -2231.247264 -126.130517 -0.103859 0.988449 -0.110372 0.872466 0.037265 -0.487251 0.477510 0.146902 0.866259
7.066317 -46.270607 -5113.464893 -173.341197 -0.031928 0.997170 -0.068069 0.729868 -0.023267 -0.683192 0.682842 0.071495 0.727059
22.012427 -51.668226 5897.431217 -1082.921046 -0.069371 0.964477 -0.254895 0.884968 -0.058439 -0.461970 0.460456 0.257621 0.849478
15.115839 -52.486347 5263.893120 -1377.271432 -0.053913 0.961647 -0.268938 0.811626 -0.114692 -0.572808 0.581684 0.249159 0.774315
11.598969 -48.762511 -392.056187 -696.460410 -0.024575 0.984568 -0.173266 0.721291 -0.102544 -0.684999 0.692196 0.141809 0.707640
-1.530617 -44.685235 -264.252830 -561.775152 -0.039703 0.924860 -0.378229 0.027577 0.379398 0.924823 -0.998831 -0.026288 0.040568
-0.264573 -44.875342 -330.895525 554.249469 -0.041901 0.926949 -0.372840 0.189781 0.373758 0.907903 -0.980932 0.032716 0.191578
-2.605228 -43.973254 -391.242476 -227.063523 -0.040655 0.926056 -0.375189 0.069984 0.377216 0.923477 -0.996719 -0.011287 0.080145
71.246444 -61.933861 14937.736555 3449.490044 -0.225493 0.891136 0.393737 0.967401 0.252627 -0.017735 -0.115273 0.376903 -0.919052
64.082114 -63.509881 15434.600580 -5527.834273 -0.190331 0.882264 0.430562 0.980482 0.192848 0.038260 -0.049278 0.429440 -0.901750
38.733862 -67.663254 10039.652635 -974.721479 -0.160949 0.862263 0.480207 0.970946 0.225630 -0.079716 -0.177086 0.453425 -0.873525
46.461249 -71.746401 10554.150033 3447.453971 -0.179425 0.867340 0.464251 0.938818 0.291984 -0.182663 -0.293984 0.403073 -0.866663
15.397168 -74.606847 5095.224073 1214.690182 -0.116347 0.868367 0.482082 0.939092 0.254212 -0.231264 -0.323373 0.425812 -0.845053
9.613168 -74.445638 4082.866255 -1036.258856 -0.088812 0.876485 0.473166 0.980307 0.161039 -0.114304 -0.176384 0.453696 -0.873527
-1.058373 -109.956534 -375.603754 11246.605215 -0.085146 0.971538 0.221054 0.378795 -0.173637 0.909046 -0.921555 -0.161135 0.353229
0.499429 -114.187933 -356.581084 12584.804127 -0.090029 0.971125 0.220934 0.371215 -0.173129 0.912264 -0.924172 -0.164144 0.344910
-0.663427 -92.488082 -283.866447 9752.143275 -0.075114 0.967311 0.242215 0.567944 -0.158153 0.807729 -0.819632 -0.198236 0.537499
-1.234898 -87.322512 -363.295337 9677.272431 -0.068544 0.966432 0.247609 0.580316 -0.163260 0.797860 -0.811502 -0.198380 0.549645
-2.631528 -104.430765 -525.741407 9920.223216 -0.074736 0.970223 0.230394 0.389710 -0.184250 0.902318 -0.917900 -0.157222 0.364336
14.165139 -33.570227 -566.430333 6325.511777 -0.054686 0.996862 0.057224 -0.978352 -0.042039 -0.202631 0.199589 0.067067 -0.977582
11.991006 -45.641476 557.490683 519.982471 -0.095880 0.993517 0.061088 -0.927975 -0.067016 -0.366567 0.360097 0.091835 -0.928384
14.819333 -42.597053 -357.662727 1034.943364 -0.050522 0.994466 0.092115 -0.959256 -0.022647 -0.281629 0.277984 0.102591 -0.955092
17.475117 -35.045442 -182.498943 5854.570135 0.002653 0.994071 0.108701 -0.986757 0.020231 -0.160936 0.162181 0.106835 -0.980960
20.198177 -34.282903 -2602.667073 4129.989254 0.034031 0.990580 0.132636 -0.978212 0.060209 -0.198685 0.204799 0.122985 -0.971047
17.768541 -40.692837 -2739.420634 -1201.038969 -0.020011 0.993272 0.114063 -0.947587 0.017544 -0.319017 0.318872 0.114469 -0.940860
-17.288446 -113.012018 -1310.849630 -5865.737346 0.834731 -0.465620 0.293975 -0.172806 0.285393 0.942703 0.522840 0.837704 -0.157764
-17.936609 -101.470226 -875.360334 -4402.818591 0.823363 -0.453947 0.340595 -0.080031 0.501280 0.861576 0.561843 0.736649 -0.376405
-18.216329 -108.809589 -258.586299 -3646.306083 0.849529 -0.445410 0.282682 -0.162919 0.288143 0.943626 0.501754 0.847693 -0.172221
-16.980463 -117.897663 -1152.825396 -3024.556272 0.846409 -0.461719 0.265343 -0.259134 0.078195 0.962671 0.465232 0.883573 0.053462
-14.296845 -115.084027 241.384064 -1634.852058 0.855602 -0.447712 0.259807 -0.266211 0.049866 0.962624 0.443934 0.892786 0.076520
-18.552418 -98.297996 1070.262940 -3512.438595 0.853074 -0.421432 0.307667 -0.062294 0.503164 0.861943 0.518057 0.754467 -0.402984
-18.230715 -105.354568 1542.702562 -2002.052741 0.869990 -0.423651 0.252266 -0.146436 0.266538 0.952635 0.470823 0.865724 -0.169848
-15.735656 -113.305450 960.525374 -3359.821715 0.868361 -0.427513 0.251358 -0.230355 0.101146 0.967836 0.439187 0.898333 0.010648
-7.475357 -173.540193 1181.116327 13862.697982 0.710403 -0.181424 0.680010 -0.615485 -0.628743 0.475247 -0.341330 0.756153 0.558325
-6.112209 -215.570985 3435.342687 17958.653866 0.727233 -0.224442 0.648659 -0.638031 -0.569483 0.518272 -0.253078 0.790769 0.557347
-7.172970 -210.636743 2199.066762 14224.193998 0.721167 -0.210820 0.659903 -0.681676 -0.385674 0.621750 -0.123431 0.898226 0.421847
-12.124082 -227.246711 -327.117939 34627.237898 0.716559 -0.143804 0.682542 -0.611174 -0.601031 0.515003 -0.336170 0.786182 0.518563
-13.080532 -66.795907 3065.616071 5538.667532 0.989172 -0.143948 0.028597 -0.142224 -0.892138 0.428791 0.036211 0.428216 0.902951
-12.897010 -55.832661 913.181941 -1141.003641 0.975510 0.197391 -0.097036 0.219144 -0.910037 0.351866 0.018852 0.364514 0.931007
-8.846224 -57.036920 2632.323270 -1975.217719 0.987871 0.131245 -0.082979 0.151465 -0.932161 0.328837 0.034192 0.337417 0.940734
-23.369604 -62.887232 3446.177161 5662.712513 0.997345 -0.067347 0.027707 -0.072278 -0.868948 0.489597 0.008897 0.490300 0.871509
602.107331 -1917.589990 -65383.287927 628712.819056 -0.039119 -0.453254 -0.890523 -0.477903 0.791155 -0.381685 0.877541 0.410652 -0.247561
-53.908943 -302.256998 18601.414725 -90974.752797 -0.509817 0.696840 -0.504480 -0.234593 -0.676799 -0.697789 0.827679 0.237397 -0.508518
-20.761237 -343.743096 5596.920932 77357.260818 -0.516928 0.638553 -0.570118 0.086097 0.701409 0.707539 0.851688 0.316661 -0.417556
6.764794 -48.809207 313.120810 -361.732595 -0.069142 0.994616 0.077193 0.524555 0.102065 -0.845237 0.848565 0.017950 0.528787
8.222790 -50.137676 -324.687811 -278.847063 -0.057636 0.995196 0.079139 0.414715 0.095974 -0.904876 0.908124 0.019333 0.418254
5.867301 -48.730690 -1684.877183 -773.511725 -0.029166 0.997454 0.065081 0.516736 0.070779 -0.853214 0.855648 -0.008745 0.517485
8.289618 -49.571094 1256.995887 -134.858484 -0.099878 0.990379 0.095778 0.430955 0.129820 -0.892986 0.896829 0.047914 0.439775
4.973183 -45.687337 -671.818310 -1376.450260 -0.052499 0.995767 0.075449 0.615951 0.091758 -0.782422 0.786033 -0.005397 0.618161
4.665197 -46.366591 753.100304 -855.618609 -0.090087 0.992061 0.087741 0.623235 0.124873 -0.772000 0.776828 0.014864 0.629537
5.483012 -48.458761 1291.234490 138.224278 -0.106673 0.989592 0.096579 0.537496 0.139110 -0.831713 0.836492 0.036811 0.546742
12.151060 -6.640266 -3467.527857 -5099.711295 0.679547 0.730622 0.066389 -0.665293 0.651858 -0.363959 0.309193 -0.203159 -0.929046
22.255771 10.616267 -5706.837484 -11263.484691 0.654337 0.755099 0.040859 -0.670314 0.604181 -0.430865 0.350032 -0.254542 -0.901491
19.841480 -14.408799 -2836.000449 -7352.502423 0.405275 0.912476 0.056036 -0.825830 0.391704 -0.405676 0.392119 -0.118134 -0.912297
14.066013 -23.592270 -3277.692721 -2843.806773 0.409235 0.911756 0.035029 -0.858531 0.397776 -0.323573 0.308953 -0.102344 -0.945555
6.447423 -16.547184 -1485.328555 -2064.437986 0.606182 0.792466 0.067390 -0.742830 0.594408 -0.308031 0.284161 -0.136664 -0.948987
-12.151708 -43.900972 -136.636287 3691.697425 0.689056 0.400804 0.603786 0.663583 -0.683838 -0.303354 -0.291306 -0.609690 0.737170
-7.594097 -33.744421 2347.428674 10111.382505 -0.639533 -0.432402 -0.635630 0.725471 -0.613006 -0.312914 -0.254341 -0.661250 0.705733
-16.670782 -43.927973 -16058.433063 3856.087762 0.701087 0.351937 0.620175 0.644446 -0.685000 -0.339800 -0.305232 -0.637899 0.707049
57.103286 -264.595072 -15044.409025 55948.243224 0.224569 0.966925 0.120932 0.889629 -0.152791 -0.430366 0.397654 -0.204231 0.894517
352.886410 -894.645843 -149451.112323 484559.068317 0.117130 0.992237 0.041796 0.927028 -0.094142 -0.362983 0.356230 -0.081263 0.930858
107.801923 -418.460137 -52283.958495 189832.858820 0.232148 0.972619 0.010962 0.711598 -0.162142 -0.683622 0.663126 -0.166502 0.729754
-4.341266 -80.594512 -3357.649146 8481.215264 -0.046371 0.478996 -0.876591 -0.143901 0.865179 0.480373 0.988505 0.148417 0.028809
17.143288 -65.699070 1245.693714 5275.886558 -0.068416 0.782896 -0.618379 0.234710 -0.589803 -0.772686 0.969655 0.198004 0.143402
7.889112 -109.238721 -2100.940533 12538.438153 -0.053954 0.448461 -0.892172 -0.240377 0.861366 0.447513 0.969179 0.238603 0.061326
-1.162402 -17.302237 -2770.151686 1245.302921 -0.249737 0.930915 0.266511 0.839415 0.345337 -0.419672 0.482715 -0.118906 0.867668
-4.055937 -21.278469 -2760.692268 3239.386980 -0.076900 0.978920 0.189214 0.892191 0.152276 -0.425215 0.445064 -0.136116 0.885094
5.423046 -15.205771 -3056.833038 1096.681384 -0.260127 0.927144 0.269699 0.848107 0.352908 -0.395185 0.461572 -0.125936 0.878118
-22.095201 -65.491271 -6338.858738 -4534.913081 -0.301893 0.908540 -0.288818 0.917084 0.194008 -0.348307 -0.260418 -0.370022 -0.891777
-7.660931 -69.119621 -8421.789512 -5179.073257 -0.304623 0.891124 -0.336308 0.918314 0.181069 -0.352015 -0.252794 -0.416068 -0.873489
-18.029802 -48.506166 -7640.945685 -7051.321252 -0.295476 0.891358 -0.343765 0.871473 0.104042 -0.479281 -0.391445 -0.441198 -0.807537
-13.571226 -76.464094 -7740.972159 -3520.554701 -0.227486 0.910951 -0.344119 0.972058 0.191416 -0.135878 -0.057908 -0.365414 -0.929042
-26.926339 -55.756014 -3859.853954 3178.837992 -0.376071 0.902932 -0.208049 -0.842580 -0.239822 0.482229 -0.385525 -0.356650 -0.850982
-27.019016 -71.215661 -3726.764577 -3194.599448 -0.244258 0.940177 -0.237498 0.962078 0.204287 -0.180758 -0.121427 -0.272643 -0.954422
-31.726680 -61.980520 -1778.140294 2386.059024 -0.317270 0.932846 -0.170700 -0.905313 -0.244329 0.347436 -0.282397 -0.264767 -0.922036
-16.707937 -37.438415 2086.659699 -1795.353931 -0.778372 -0.021992 0.627418 0.051403 0.993798 0.098604 -0.625696 0.109001 -0.772414
-19.060916 -38.514162 -368.581306 -1663.052312 -0.736468 0.341969 0.583672 0.355189 0.929791 -0.096586 -0.575722 0.136181 -0.806225
-12.852748 -35.659259 -80.708240 -2557.491214 -0.761196 0.283566 0.583241 0.243439 0.958511 -0.148303 -0.601097 0.029096 -0.798646
-9.171192 -32.877727 1504.480745 -1857.378126 -0.781850 0.014890 0.623289 0.009694 0.999884 -0.011727 -0.623391 -0.003126 -0.781904
-6.533364 -33.093812 -671.946275 -2261.991279 -0.739693 0.403862 0.538284 0.290592 0.913166 -0.285804 -0.606968 -0.054987 -0.792822
8.405092 -48.164446 702.870294 1865.571327 0.427095 0.882638 -0.196315 0.888805 -0.369903 0.270550 0.166180 -0.290036 -0.942477
7.967550 -45.210076 637.869107 713.244509 0.408172 0.895979 -0.174980 0.869672 -0.323346 0.372985 0.277607 -0.304417 -0.911188
5.575234 -49.986824 573.484660 1984.766305 0.377227 0.908641 -0.179086 0.914818 -0.335470 0.224873 0.144251 -0.248660 -0.957789
-5.549048 -61.380553 -151.335894 -2235.581165 0.308793 0.950872 0.022100 0.140562 -0.068603 0.987692 -0.940685 0.301886 0.154840
-5.994277 -58.121646 274.059819 -2411.984546 0.343097 0.939299 0.001286 0.128972 -0.048465 0.990463 -0.930404 0.339659 0.137772
-4.834779 -54.254919 293.558399 -2376.280049 0.317066 0.947649 -0.037823 -0.059119 0.059552 0.996473 -0.946559 0.313712 -0.074906
-4.678684 -56.834037 -588.573706 -2190.470720 0.273870 0.961635 -0.015894 -0.052616 0.031482 0.998118 -0.960327 0.272518 -0.059219
-3.440740 -48.690452 666.343125 -1312.606661 0.331852 0.938353 -0.096790 -0.222608 0.177604 0.958594 -0.916690 0.296565 -0.267823
-3.142674 -50.840263 25.782030 -1472.155445 0.292549 0.953532 -0.072059 -0.228516 0.142885 0.962998 -0.928545 0.265257 -0.259698
12.707559 -97.359907 1155.980190 -2521.116399 0.352281 0.920091 0.171261 -0.848223 0.236560 0.473874 -0.395494 0.312204 -0.863778
9.841493 -97.154980 892.864803 2446.885003 0.362286 0.912692 0.189058 -0.822886 0.217941 0.524748 -0.437730 0.345682 -0.829998
12.286423 -92.612235 403.832653 4557.340830 0.343370 0.926172 0.155895 -0.717888 0.151792 0.679409 -0.605586 0.345204 -0.717008
6.638059 -63.379194 219.720656 -3644.983038 -0.435634 -0.880034 -0.189113 0.898721 -0.413523 -0.145942 0.050232 -0.233537 0.971050
7.942532 -76.874139 468.087214 -8018.704460 -0.495972 -0.844820 -0.200727 0.850487 -0.425988 -0.308554 0.175165 -0.323750 0.929787
5.585198 -59.319001 201.022030 -9551.199165 -0.490211 -0.848213 -0.200572 0.870303 -0.463772 -0.165798 0.047612 -0.255834 0.965547
5.154324 -51.368417 -390.823838 -1152.153950 -0.396734 -0.897581 -0.192225 0.917179 -0.396106 -0.043383 -0.037201 -0.193517 0.980391
6.737173 -65.903821 425.767569 3310.319725 -0.348969 -0.917902 -0.188882 0.933159 -0.358903 0.020087 -0.086228 -0.169247 0.981794
3.499501 -71.311767 13439.535642 7510.752477 0.809908 0.460760 -0.362973 0.563658 -0.440156 0.698965 -0.162290 0.770690 0.616197
13.214799 -64.871175 12644.957788 7049.198896 0.806796 0.477980 -0.347297 0.556306 -0.416569 0.719023 -0.199006 0.773308 0.601990
3.336932 -84.830172 9671.751997 7430.762430 0.754904 0.509245 -0.413267 0.585770 -0.240156 0.774080 -0.294948 0.826435 0.479595
-5.061809 -89.232868 12035.929689 6018.749493 0.752841 0.508825 -0.417526 0.591533 -0.244847 0.768205 -0.288651 0.825316 0.485318
10.841562 -20.836643 10115.271000 -6281.723099 -0.054785 0.937946 -0.342426 0.065843 0.345588 0.936073 -0.996325 -0.028736 0.080690
42.197778 -34.798617 17769.075048 -8301.677796 -0.069245 0.962019 -0.264054 0.108913 0.270398 0.956568 -0.991637 -0.037479 0.123500
77.206665 -15.208140 29413.425608 -9204.142990 -0.075357 0.948347 -0.308156 0.047620 0.312104 0.948854 -0.996019 -0.056828 0.068680
59.322042 -11.515681 23882.172254 522.138987 -0.054262 0.820348 -0.569284 0.030073 0.571208 0.820254 -0.998074 -0.027389 0.055665
-16.710900 -110.618731 -2224.004697 -2645.435089 0.013430 0.904823 -0.425576 0.175903 0.416838 0.891798 -0.984316 0.086837 0.153563
-21.533329 -109.179878 -2074.950891 -3465.920071 0.064350 0.908590 -0.412702 0.163335 0.398392 0.902555 -0.984470 0.125488 0.122768
-18.495591 -102.229270 -2198.237710 -4657.521652 0.019448 0.898933 -0.437654 -0.015933 0.437960 0.898853 -0.999684 0.010507 -0.022840
-13.415547 -105.026529 -2320.018393 -4708.803444 -0.014017 0.892022 -0.451775 -0.019877 0.451481 0.892059 -0.999704 -0.021484 -0.011402
-16.101317 -95.963915 -2862.956650 -6630.766151 -0.009020 0.885274 -0.464982 -0.200952 0.453910 0.868092 -0.979560 -0.101269 -0.173803
-20.362602 -92.789803 -2603.285765 -5918.575908 0.022216 0.893858 -0.447799 -0.188785 0.443602 0.876115 -0.981767 -0.065074 -0.178602
16.026576 -40.666321 13207.895562 -2324.357103 -0.389059 0.833987 0.391279 -0.375888 -0.531495 0.759092 -0.841036 -0.148255 -0.520269
45.030097 -41.131597 18721.415158 -4111.514095 -0.488782 0.718686 0.494554 -0.271103 -0.663945 0.696907 -0.829214 -0.206561 -0.519362
28.503335 -34.960219 13279.106298 -3324.672499 -0.506003 0.719899 0.475086 -0.339406 -0.672553 0.657629 -0.792947 -0.171515 -0.584652
6.434113 -36.837386 10919.369144 -625.033208 -0.389378 0.843432 0.370146 -0.459295 -0.526130 0.715706 -0.798394 -0.108674 -0.592247
18.928556 -30.921867 11344.956193 -97.913234 -0.498851 0.739804 0.451485 -0.394929 -0.657740 0.641412 -0.771479 -0.141665 -0.620284
29.961530 -33.006429 667.799510 2490.387946 -0.642685 0.615581 0.456088 0.310389 0.753479 -0.579592 -0.700439 -0.230931 -0.675320
-0.089754 -269.557869 -1245.180992 -25576.281852 0.308461 0.808755 -0.500766 0.250311 -0.576895 -0.777519 0.917712 -0.114487 0.380390
0.659056 -261.688190 -394.938346 -46623.877548 0.312291 0.821128 -0.477727 0.569284 -0.564340 -0.597859 0.760520 0.085256 0.643694
1.323985 -277.879186 195.236301 -55716.471637 0.287165 0.835823 -0.467906 0.638815 -0.531096 -0.556645 0.713759 0.139056 0.686448
1.679273 -305.380720 -620.569467 -52080.993699 0.280047 0.808400 -0.517748 0.403646 -0.588494 -0.700532 0.871002 0.012805 0.491113
1.700474 -291.770812 -1311.224431 -11456.357297 0.281739 0.810033 -0.514267 -0.053394 -0.521912 -0.851326 0.958004 -0.267311 0.103792
3.019614 -273.903540 -3026.939935 25131.079249 0.296379 0.806607 -0.511414 -0.250750 -0.450970 -0.856592 0.921566 -0.382113 -0.068599
-1.340686 -249.728542 -207.561369 14031.532595 0.278169 0.815105 -0.508158 -0.120451 -0.495261 -0.860353 0.952950 -0.300532 0.039586
-13.649684 -48.846951 -40.990857 -599.823177 -0.643145 -0.510012 0.571185 -0.243674 0.843457 0.478751 -0.725939 0.168724 -0.666742
-14.175416 -53.529482 762.801376 -1507.083258 -0.605791 -0.522190 0.600278 -0.223634 0.835815 0.501400 -0.763548 0.169501 -0.623109
-13.936869 -53.444348 490.476316 -2278.533891 -0.625461 -0.535339 0.567636 -0.186691 0.809047 0.557305 -0.757592 0.242600 -0.605970
-13.973979 -50.294693 -412.480916 -1590.183730 -0.669739 -0.512389 0.537500 -0.190860 0.818269 0.542225 -0.717650 0.260562 -0.645822
-39.380657 -2490.256501 -5094.180205 -816721.691716 -0.000583 0.587733 -0.809054 0.390561 0.744931 0.540870 0.920577 -0.315670 -0.229980
79.947947 -12948.679554 38513.740903 6261320.641654 -0.056885 0.612255 -0.788612 0.621604 -0.596394 -0.507861 0.781263 0.519094 0.346655
-1.515980 -3946.887487 21383.369256 -2763149.333014 -0.100612 0.490161 -0.865805 -0.343958 0.799428 0.492553 0.933579 0.347357 0.088163
-53.469148 -1650.178698 26428.513219 -560500.685268 -0.151631 0.442680 -0.883766 0.811136 0.566679 0.144682 0.564860 -0.694916 -0.445000
-86.834088 -1202.063130 1090.165210 -695467.822607 -0.111339 0.085455 -0.990102 0.886814 0.458192 -0.060178 0.448514 -0.884736 -0.126797
11.014648 -33.128423 177.728534 3296.439651 0.038169 0.986642 0.158369 0.439148 -0.158923 0.884247 -0.897603 -0.035797 0.439348
10.476510 -39.757228 -73.352429 1923.931424 0.042659 0.984055 0.172674 0.336699 -0.176881 0.924850 -0.940645 -0.018686 0.338876
11.463615 -32.441297 -714.239207 2698.085024 0.048081 0.987739 0.148523 0.432996 -0.154608 0.888037 -0.900112 -0.021612 0.435121
-2.057373 -48.726855 5671.949598 870.606591 0.311205 0.827840 0.466725 -0.338292 -0.362444 0.868443 -0.888094 0.428153 -0.167257
3.479243 -49.148542 6393.139859 67.862651 0.309314 0.821092 0.479723 -0.447763 -0.319289 0.835202 -0.838948 0.473142 -0.268894
-7.343274 -48.688482 6177.456439 -98.151307 0.292602 0.818748 0.494000 -0.475823 -0.323446 0.817909 -0.829443 0.474379 -0.294938
-18.238069 -48.845146 5711.525552 14.701516 0.271559 0.816047 0.510219 -0.441208 -0.365593 0.819559 -0.855331 0.447672 -0.260766
-19.806564 -48.050608 6503.089618 -845.318723 0.257837 0.809071 0.528133 -0.566865 -0.315976 0.760804 -0.782422 0.495544 -0.377163
26.266947 -663.224670 -5120.222979 -212661.439122 0.679242 0.725541 -0.110546 0.219163 -0.056771 0.974035 -0.700427 0.685833 0.197573
21.408651 -591.173995 -6839.325076 -225858.476128 0.628696 0.773690 -0.078391 0.202970 -0.065946 0.976962 -0.750696 0.630123 0.198496
40.628494 -565.768069 -11314.557819 -200749.491002 0.635623 0.771993 -0.003328 -0.138784 0.118506 0.983207 -0.759423 0.624487 -0.182465
39.165487 -917.448127 -11192.395877 -315633.360996 0.711149 0.702548 -0.026337 -0.135938 0.174163 0.975289 -0.689774 0.689996 -0.219359
31.157873 -794.266599 1940.391707 -226656.719054 0.711251 0.679476 -0.180097 0.252317 -0.007648 0.967614 -0.656094 0.733658 0.176883
20.967339 -361.739466 -237.645019 26001.471352 0.719224 0.683923 -0.122334 0.529523 -0.425598 0.733806 -0.449801 0.592550 0.668254
-49.327548 -85.367301 -747.937312 5061.155859 -0.588358 0.801623 0.105999 0.751752 0.590557 -0.293446 0.297831 0.092966 0.950081
-54.495031 -80.072876 897.285220 6497.420520 -0.505279 0.861980 -0.041036 0.802232 0.451669 -0.390410 0.317990 0.230186 0.919726
67.035893 -73.552870 -514.877516 -452.797479 -0.490813 0.790475 0.366404 0.790495 0.227185 0.568774 0.366361 0.568802 -0.736372
71.009092 -82.773807 1059.227978 -8609.103022 -0.609721 0.700075 0.371666 0.688122 0.234827 0.686546 0.393356 0.674352 -0.624916
7.762643 -16.990906 172.555202 483.987487 0.987547 -0.152170 0.039938 -0.148978 -0.822940 0.548247 0.050560 0.547370 0.835362
3.835069 -14.633890 -721.374877 804.514741 0.976424 -0.200773 0.079288 -0.212945 -0.835726 0.506178 0.035364 0.511129 0.858776
2.760944 -14.599617 -1611.587758 1077.873636 0.999876 0.009881 -0.012248 0.014845 -0.850474 0.525808 0.005221 0.525924 0.850515
-3.394179 -9.994364 -2304.897888 981.160441 0.979987 -0.177796 0.089519 -0.198779 -0.850156 0.487568 0.010583 0.495605 0.868484
-12.623359 -26.975671 1313.648031 -4349.404735 -0.602741 0.714199 0.355842 0.779907 0.621561 0.073528 -0.168664 0.321842 -0.931649
-15.812255 -35.521943 -474.923739 -4023.232137 -0.308965 0.889873 0.335659 0.945338 0.326042 0.005781 -0.104295 0.319097 -0.941966
-18.701025 -43.264174 -780.963925 -1629.031155 -0.181388 0.924924 0.334085 0.983406 0.171738 0.058468 -0.003297 0.339147 -0.940728
22.992822 -42.799810 -9461.138000 -263.033817 -0.134685 0.990878 0.004639 0.866684 0.120071 -0.484192 0.480332 0.061193 0.874949
8.337826 -43.782051 -7759.466811 144.534215 -0.120408 0.992562 0.017983 0.815352 0.109212 -0.568572 0.566307 0.053799 0.822437
0.275181 -43.845558 -6234.111823 -431.166925 -0.088641 0.995984 -0.012610 0.754736 0.058898 -0.653379 0.650012 0.067434 0.756926
-2.848951 -42.460494 -261.217314 -686.919883 -0.036785 0.925505 -0.376945 -0.028919 0.376057 0.926145 -0.998905 -0.044969 -0.012931
1.745861 -40.105368 1598.518949 -967.525104 -0.009348 0.927351 -0.374076 -0.124579 0.370097 0.920602 -0.992166 -0.055208 -0.112068
-2.253357 -40.033228 50.089710 -853.683501 -0.028822 0.919713 -0.391532 -0.159070 0.382483 0.910166 -0.986846 -0.088514 -0.135275
75.585619 -54.357182 9642.497306 -897.393817 -0.238428 0.951360 0.195106 0.970786 0.227900 0.075076 0.026959 0.207306 -0.977905
68.660188 -64.281658 10921.404103 -11255.696756 -0.182809 0.953359 0.240183 0.980082 0.157438 0.121043 0.077584 0.257527 -0.963151
52.279842 -74.965065 12186.701335 -8445.611033 -0.141672 0.895544 0.421818 0.986061 0.090112 0.139866 0.087245 0.435754 -0.895828
2.810074 -114.827709 -657.466189 12556.958695 -0.090865 0.972950 0.212396 0.358769 -0.166975 0.918370 -0.928993 -0.159649 0.333892
2.012589 -129.061484 -374.948432 8830.124940 -0.089595 0.974239 0.206959 0.133872 -0.194129 0.971798 -0.986940 -0.114774 0.113031
0.804969 -94.981477 -330.002092 8967.528433 -0.076042 0.969342 0.233653 0.549287 -0.154845 0.821162 -0.832167 -0.190785 0.520672
4.365220 -127.924756 -883.641823 11268.198686 -0.089233 0.976902 0.194164 0.151117 -0.179406 0.972099 -0.984480 -0.116084 0.131618
6.480019 -111.870229 -1371.077253 12674.929335 -0.095605 0.977576 0.187628 0.359749 -0.141818 0.922208 -0.928138 -0.155667 0.338124
3.859716 -95.527520 -860.344080 7962.977366 -0.082031 0.971585 0.222020 0.528272 -0.146512 0.836339 -0.845103 -0.185893 0.501243
11.395364 -45.690439 -1438.584210 44.522726 -0.072685 0.997321 0.008167 -0.940847 -0.065848 -0.332371 0.330943 0.031842 -0.943113
11.800245 -46.646918 405.924510 -1161.355402 -0.086685 0.995335 0.042353 -0.887766 -0.057886 -0.456642 0.452060 0.077183 -0.888642
11.537197 -47.107150 1510.718981 -177.557164 -0.112957 0.991474 0.064962 -0.877609 -0.068902 -0.474399 0.465878 0.110598 -0.877910
-30.005937 -46.327717 -6693.805612 367.058410 0.536462 -0.744718 0.396993 0.838654 0.522932 -0.152319 -0.094166 0.414653 0.905094
-19.948416 -41.445071 -5876.922065 38.490802 0.504534 -0.742037 0.441391 0.854676 0.501698 -0.133520 -0.122369 0.444611 0.887326
-27.568738 -46.770118 -5685.523335 -1975.094317 0.733016 -0.573723 0.365416 -0.659071 -0.731935 0.172904 -0.168262 0.367577 0.914645
-43.025611 -52.188392 -6968.697034 -2307.491854 0.720527 -0.627286 0.295556 -0.689727 -0.692293 0.212149 -0.071533 0.356713 0.931471
-12.706664 -106.427873 1122.537797 -4590.686373 0.800281 -0.494380 0.339321 -0.100834 0.446874 0.888896 0.591086 0.745582 -0.307774
-12.306751 -95.028870 836.921875 -4051.774578 0.802775 -0.467788 0.369766 -0.049731 0.565434 0.823293 0.594205 0.679308 -0.430652
59.083588 -56.917669 -22809.889152 3031.287096 0.790696 -0.517145 0.327660 0.034201 -0.497061 -0.867041 -0.611253 -0.696772 0.375337
119.208616 -58.723162 -45207.773892 -7904.847605 0.794169 -0.453813 0.404166 0.160500 -0.484827 -0.859757 -0.586119 -0.747661 0.312198
27.984848 -74.666028 -13155.334341 -9695.519724 0.776129 -0.476890 0.412553 0.165769 -0.476933 -0.863166 -0.608395 -0.738316 0.291108
-4.777223 -199.492060 371.505305 25858.246611 0.723686 -0.197254 0.661339 -0.566297 -0.717439 0.405697 -0.394445 0.668111 0.630905
-4.382714 -223.128229 1008.233893 14379.578989 0.707971 -0.209342 0.674502 -0.692931 -0.390442 0.606136 -0.136464 0.896511 0.421481
-5.026067 -186.653859 2288.014140 19491.730949 0.745607 -0.184352 0.640378 -0.453600 -0.844388 0.285055 -0.488178 0.503014 0.713204
-5.740052 -161.691538 2396.112200 18847.181185 0.717084 -0.193176 0.669681 -0.546525 -0.752132 0.368250 -0.432551 0.630064 0.644918
19.423305 -128.565186 10475.294218 1846.343027 0.903462 -0.401138 0.151143 -0.426571 -0.876136 0.224552 -0.042346 0.267347 0.962669
10.529929 -138.229063 7074.825732 6800.045222 0.891096 -0.407033 0.200678 0.411645 0.911122 0.020137 -0.191038 0.064664 0.979450
21.838898 -137.653640 12643.717812 12456.480703 0.910912 -0.373833 0.174608 0.387527 0.920445 -0.051031 -0.141641 0.114150 0.983315
-38.531492 -616.286355 11352.461291 -231132.130080 -0.406600 0.810950 -0.420757 -0.026263 -0.470730 -0.881887 0.913229 0.347524 -0.212697
-27.703361 -1230.904260 7796.709455 390054.686938 -0.561413 0.557388 -0.611665 0.589377 0.788168 0.177273 0.580905 -0.260978 -0.770999
6.471276 -50.794676 -2805.215265 -484.539339 -0.014210 0.997830 0.064285 0.403959 0.064540 -0.912498 0.914667 -0.013002 0.404000
12.180852 -50.558035 422.072136 -664.913074 -0.096738 0.989997 0.102698 0.319717 0.128622 -0.938742 0.942562 0.057978 0.328962
-8.859262 -49.382964 -563.187685 1625.021873 -0.042644 0.974017 -0.222425 -0.759928 -0.176151 -0.625684 0.648607 -0.142346 -0.747695
-8.918226 -51.092882 26.625825 -438.382830 -0.068742 0.975488 -0.209040 -0.630083 -0.204908 -0.749005 0.773479 -0.080225 -0.628724
-6.312570 -50.801798 -1328.570513 967.520602 -0.016676 0.978405 -0.206022 -0.693543 -0.159742 -0.702482 0.720222 -0.131171 -0.681230
34.332778 28.175946 -330.211398 -11312.758795 -0.909452 -0.339551 -0.240005 -0.246037 0.904749 -0.347699 0.335205 -0.257165 -0.906368
27.414393 6.688443 49.296200 -13332.420391 0.487444 0.850474 0.197720 -0.706691 0.517262 -0.482730 0.512822 -0.095577 -0.853158
-3.776185 -22.597835 1067.055365 1848.748282 -0.295056 0.897501 0.327771 -0.818225 -0.060193 -0.571738 0.493406 0.436886 -0.752118
-2.225120 -18.816461 1124.097152 2719.023171 -0.323696 0.893331 0.311738 -0.840282 -0.119975 -0.528708 0.434910 0.433089 -0.789485
-0.567212 -22.015944 1270.420976 1953.367112 -0.353604 0.887836 0.294468 -0.800238 -0.124126 -0.586696 0.484339 0.443102 -0.754371
-5.219891 -19.880219 1164.332831 2645.206658 -0.235435 0.904197 0.356367 -0.863535 -0.026366 -0.503599 0.445957 0.426300 -0.787013
-2.253528 -26.458950 1581.384424 1039.670528 -0.352102 0.887494 0.297285 -0.762529 -0.087818 -0.640966 0.542746 0.452374 -0.707661
-6.390047 -27.586930 1018.252403 943.993707 -0.258062 0.899509 0.352545 -0.789211 0.014210 -0.613958 0.557271 0.436671 -0.706235
-7.173208 -24.150939 722.303223 1705.360330 -0.172210 0.904351 0.390504 -0.843550 0.069329 -0.532557 0.508692 0.421121 -0.750926
-8.717153 -37.809980 -6210.381249 9979.441758 -0.594239 -0.477560 -0.647160 0.761153 -0.593887 -0.260662 -0.259858 -0.647483 0.716407
-7.595330 -22.334923 -3091.964162 11143.472131 -0.510675 -0.529997 -0.676989 0.828553 -0.513630 -0.222898 -0.229587 -0.674750 0.701429
-15.328222 -45.808832 -7471.915435 6178.045056 -0.611889 -0.472774 -0.634095 0.729123 -0.647875 -0.220539 -0.306549 -0.597279 0.741138
-13.800397 -31.468609 -6499.994915 8424.955889 -0.444827 -0.567194 -0.693123 0.861421 -0.482761 -0.157784 -0.245119 -0.667257 0.703338
-18.105191 -41.834920 -6309.354938 9895.941992 -0.477705 -0.551106 -0.684164 0.830328 -0.537620 -0.146699 -0.286974 -0.638159 0.714422
2.143662 -57.817106 2657.895370 7433.175879 -0.022909 0.874734 -0.484061 0.061246 -0.482051 -0.874000 0.997860 0.049670 0.042530
18.231054 -72.607877 -14.283101 1084.449837 -0.007604 0.932875 -0.360120 0.209419 -0.350659 -0.912788 0.977796 0.082357 0.192696
34.701843 -84.232264 2627.605375 3424.227773 -0.067545 0.826616 -0.558698 0.391611 -0.493072 -0.776866 0.917648 0.271266 0.290408
-10.138909 -23.281718 -2245.523497 3674.322005 0.047115 0.992696 0.111061 0.888924 0.009046 -0.457965 0.455625 -0.120301 0.882006
-11.847149 -31.538121 -1768.491832 4334.409666 0.154587 0.986144 0.060186 0.905393 -0.117020 -0.408131 0.395433 -0.117583 0.910937
-5.856257 -30.220993 -2775.240634 4426.037018 0.051924 0.989581 0.134289 0.919817 0.004975 -0.392316 0.388897 -0.143892 0.909975
-0.588294 -49.588192 -6958.723061 -7878.475867 -0.370659 0.876548 -0.307044 0.835879 0.170719 -0.521691 -0.404869 -0.450021 -0.795966
12.095121 -73.531217 -7270.440752 -5852.504500 -0.301806 0.904789 -0.300450 0.908129 0.176907 -0.379481 -0.290199 -0.387378 -0.875056
8.600204 -82.947832 -7446.825741 -3404.282632 -0.237787 0.919299 -0.313602 0.968728 0.200894 -0.145629 -0.070876 -0.338424 -0.938321
-22.323426 -56.516613 -13905.986174 16592.301408 -0.356044 0.808805 -0.468047 -0.353957 0.346822 0.868579 -0.864839 -0.474921 -0.162798
20.920612 -13.063095 -10458.876715 -1021.539372 -0.191958 -0.207191 0.959283 -0.445165 0.889501 0.103039 -0.874632 -0.407260 -0.262981
-4.071664 -53.512233 -6291.533470 29191.985771 -0.489280 0.746850 0.450356 0.159048 -0.431316 0.888071 -0.857501 -0.506144 -0.092249
-39.477489 -230.880025 -20166.855436 115133.231907 -0.594277 0.739299 0.316656 0.200369 -0.245212 0.948537 -0.778901 -0.627142 0.002409
-36.790587 -170.585490 -15757.236487 71484.343527 -0.519694 0.834965 0.180972 0.093937 -0.154695 0.983486 -0.849173 -0.528112 -0.001960
-23.549779 -39.977302 1412.387667 -820.275549 -0.794060 -0.033650 0.606907 0.112938 0.972913 0.201708 -0.597255 0.228711 -0.768751
-25.700890 -40.369801 -599.873158 790.628546 -0.732314 0.330166 0.595572 0.425492 0.904703 0.021645 -0.531670 0.269262 -0.803010
18.925247 -43.024555 1826.199108 -140.544970 0.527357 0.824955 -0.203334 0.768847 -0.361485 0.527449 0.361620 -0.434487 -0.824895
16.330439 -42.474557 2255.269414 656.441805 0.470009 0.865802 -0.171694 -0.790760 0.326606 -0.517713 0.392160 -0.379099 -0.838149
13.198372 -45.050882 1157.818959 816.817854 0.493456 0.847200 -0.196861 0.830042 -0.391071 0.397610 0.259868 -0.359606 -0.896187
10.014044 -97.822227 1806.300913 3323.099230 0.367735 0.905173 0.213150 0.905591 -0.296479 -0.303322 -0.211364 0.304569 -0.928743
5.331808 -99.015902 1286.299634 -2434.210929 0.372459 0.901118 0.221948 0.889585 -0.278524 -0.362027 -0.264411 0.332281 -0.905360
5.981534 -95.244106 308.205319 4685.450509 0.377225 0.905120 0.196109 -0.793060 0.206343 0.573131 -0.478286 0.371725 -0.795652
5.850795 -80.985036 1241.970413 -12148.435637 -0.526135 -0.821928 -0.218211 0.834897 -0.450474 -0.316261 0.161646 -0.348580 0.923235
9.995028 -53.326045 7287.887161 4100.987425 0.880511 0.416191 -0.226904 0.452622 -0.595964 0.663295 -0.140830 0.686740 0.713130
16.791467 -59.213065 1322.266837 6876.839629 0.810781 0.512460 -0.282874 0.535267 -0.453507 0.712615 -0.236901 0.729189 0.641998
-1.871935 -36.486158 8907.826626 -4784.452971 -0.066910 0.924473 -0.375330 0.134014 0.381092 0.914773 -0.988718 -0.010908 0.149392
34.406474 -46.899882 16797.687413 -5992.379031 -0.077836 0.946048 -0.314539 0.169105 0.323453 0.931011 -0.982520 -0.019276 0.185158
-19.094525 -115.480444 -2388.048587 -1279.575573 0.054876 0.913304 -0.403564 0.368672 0.357081 0.858239 -0.927938 0.195880 0.317114
-23.395170 -116.492598 -2453.815075 -1141.590512 0.108566 0.915415 -0.387594 0.347589 0.330331 0.877533 -0.931341 0.229994 0.282325
-26.763099 -110.426498 -1680.068610 -4771.351901 0.130947 0.907658 -0.398760 0.119692 0.384807 0.915204 -0.984138 0.167572 0.058250
4.779947 -181.627270 -1662.528434 -31497.450548 0.328196 0.804735 -0.494660 0.785730 -0.523242 -0.329918 0.524324 0.280392 0.804031
64.197893 -33.226542 296.454271 604.158603 -0.303362 0.875337 0.376506 0.488291 -0.196499 0.850270 -0.818256 -0.441784 0.367809
60.217463 -32.649947 2094.424768 499.481139 -0.334518 0.865445 0.372966 0.537878 -0.149630 0.829638 -0.773812 -0.478139 0.415449
45.151279 -39.657762 -14487.796834 901.593777 -0.484136 0.670400 0.562295 0.539497 -0.277232 0.795038 -0.688880 -0.688263 0.227461
61.933430 -30.488035 13798.765144 -436.004956 -0.162798 0.952151 0.258659 0.470123 -0.155627 0.868772 -0.867457 -0.263036 0.422293
54.986339 -33.713023 -5406.666339 -832.198765 -0.346885 0.835197 0.426750 0.424073 -0.266169 0.865631 -0.836560 -0.481248 0.261854
54.915100 -31.314168 10828.809661 1796.941371 -0.153106 0.947973 0.279115 0.454564 -0.183231 0.871664 -0.877457 -0.260332 0.402861
-16.043513 -55.488092 -659.373828 -2036.693698 -0.594788 -0.536012 0.599098 -0.209802 0.822932 0.527984 -0.776022 0.188347 -0.601926
-15.162813 -52.809923 -79.661950 579.353822 -0.597263 -0.502802 0.624873 -0.294579 0.862168 0.412177 -0.745989 0.062104 -0.663056
-14.605957 -63.548029 68.058983 -4535.907138 -0.605573 -0.557169 0.568194 -0.124217 0.771430 0.624072 -0.786036 0.307342 -0.536367
-19.011326 -67.537047 -1745.308634 -5963.861129 -0.586046 -0.592724 0.552475 -0.138106 0.744925 0.652697 -0.798422 0.306210 -0.518419
82.320337 -1192.505819 -30945.002113 202537.757742 -0.035779 -0.846792 0.530719 0.991032 0.038351 0.128002 -0.128744 0.530539 0.837826
170.448193 -2424.169393 -53787.686601 -933287.569272 0.029670 -0.802468 0.595958 0.923979 0.249451 0.289890 -0.381290 0.542051 0.748865
54.464309 -2226.612945 -42699.904219 734105.198152 -0.044223 -0.834436 0.549328 0.930591 -0.234413 -0.281159 0.363379 0.498766 0.786885
-1.286079 -553.294869 22100.778972 -92994.973257 0.274962 -0.603544 0.748419 0.398471 0.779958 0.482583 -0.874996 0.165531 0.454953
12.327296 -45.167459 1547.515903 1830.680949 0.041792 0.983988 0.173268 0.245770 -0.178215 0.952804 -0.968427 -0.002765 0.249283
9.131779 -45.815162 1293.605992 1475.212833 0.056039 0.975528 0.212615 0.213015 -0.219728 0.952021 -0.975441 0.008060 0.220115
8.999573 -43.845269 -1265.332488 1296.628193 0.052984 0.973500 0.222465 0.225831 -0.228687 0.946944 -0.972725 -0.000067 0.231963
11.411757 -342.039695 -3412.617217 -82255.488988 0.623192 0.776068 -0.096699 -0.031930 0.148790 0.988353 -0.781417 0.612846 -0.117504
13.005808 -286.297972 2993.160399 -58298.719510 0.999715 0.011500 -0.020929 -0.020062 -0.070881 -0.997283 0.012952 -0.997418 0.070630
7.224889 -407.629222 3309.077068 -110263.958894 0.998351 0.049727 -0.028693 -0.032794 0.083728 -0.995949 0.047123 -0.995247 -0.085221
17.416566 -594.401195 2720.405134 -146863.938597 0.999593 -0.020315 0.020015 0.024361 0.243333 -0.969637 -0.014827 -0.969730 -0.243728
18.603328 -294.761134 -91.715071 -76108.197175 0.997476 -0.049218 -0.051178 -0.053050 -0.037510 -0.997887 -0.047194 -0.998083 0.040026
36.610058 -1569.632995 11296.099351 -484028.989667 0.995812 -0.031417 -0.085861 -0.081019 0.131949 -0.987940 -0.042368 -0.990759 -0.128851
-26.258440 -84.981358 -6939.568664 6178.021783 -0.521505 0.824185 0.220798 0.754121 0.566278 -0.332611 0.399166 0.006949 0.916852
-52.231183 -77.793721 792.924410 -621.237332 0.132796 -0.907132 0.399346 0.991134 0.123326 -0.049445 -0.004396 0.402372 0.915466
-53.501677 -78.645638 655.289870 -2063.757841 0.144278 -0.892074 0.428238 0.975775 0.200185 0.088262 -0.164463 0.405129 0.899345
-53.292427 -80.435667 527.497860 -1544.556903 0.248252 -0.919641 0.304355 0.962107 0.270659 0.033064 -0.112784 0.284614 0.951985
-52.766798 -78.041279 -213.830135 -975.316176 0.004944 -0.841168 0.540751 0.990525 0.078335 0.112799 -0.137243 0.535070 0.833585
-50.910890 -75.845240 -459.634010 433.362311 -0.036038 -0.837433 0.545351 0.999052 -0.043516 -0.000803 0.024404 0.544805 0.838207
12.205618 -18.515956 1139.183417 -607.120603 0.943204 -0.317778 0.096872 -0.316446 -0.770618 0.553182 0.101137 0.552418 0.827409
-5.845978 -21.971367 -3707.992224 -3495.909521 0.844571 -0.418110 -0.334491 0.495093 0.847708 0.190458 -0.203918 0.326459 -0.922953
-3.849808 -25.575271 -3705.647380 -3410.174001 0.899466 -0.310755 -0.307233 0.393986 0.880828 0.262520 -0.189040 0.357173 -0.914708
37.813581 -41.293955 -5676.240491 -2147.026165 -0.169776 0.983055 -0.069131 0.936029 0.138916 -0.323346 0.308264 0.119605 0.943752
32.538230 -46.486186 4212.722282 -1920.765362 -0.107246 0.969684 -0.219572 0.944264 0.030208 -0.327800 0.311230 0.242489 0.918877
-0.967699 -56.234333 -530.484027 2864.773449 -0.017130 0.869024 -0.494473 -0.605022 0.384719 0.697093 -0.796024 -0.311108 -0.519189
-0.518658 -61.296818 -498.305203 1309.761115 -0.018469 0.866857 -0.498215 -0.764654 0.308801 0.565637 -0.644176 -0.391409 -0.657142
