16697
33374
-46.514713 -65.146127 669.069867 6633.296613 -0.038272 0.993423 -0.107916 0.810917 -0.032229 -0.584272 0.583908 0.109872 0.804351
-43.774655 -68.031290 -176.783201 4448.940532 0.104932 0.965199 -0.239542 0.843866 -0.213867 -0.492089 0.526194 0.150505 0.836940
-56.030988 -78.575400 1668.774425 4741.584942 -0.161519 0.984444 -0.069155 0.893604 0.116158 -0.433565 0.418788 0.131826 0.898465
-42.534237 -63.574544 564.729848 4363.988370 0.245001 0.867486 -0.432947 0.794129 -0.435730 -0.423672 0.556177 0.240016 0.795650
-50.551290 -92.274943 333.694844 11502.905437 -0.380216 0.917920 0.113397 0.797455 0.387459 -0.462539 0.468510 0.085436 0.879317
-38.014334 -90.496966 -3061.272561 14763.616163 -0.332069 0.921220 0.202692 0.741009 0.387736 -0.548239 0.583640 0.031857 0.811387
-37.852464 -59.732518 -3601.000179 9731.023876 -0.154888 0.983671 0.091653 0.701945 0.174859 -0.690433 0.695185 0.042605 0.717567
-36.273669 -51.519562 -172.009181 3846.047804 0.357969 0.808954 -0.466317 0.660376 -0.572408 -0.486059 0.660123 0.133950 0.739118
58.126444 -99.993515 -2038.809667 -12031.532661 0.009683 0.984022 0.177785 -0.690012 0.135256 -0.711047 0.723733 0.115789 -0.680297
66.142978 -104.636098 -4948.022293 -1673.123888 -0.035625 0.953608 0.298936 -0.723391 0.181778 -0.666080 0.689519 0.239977 -0.683355
64.029377 -106.736677 -4006.113101 -5803.058636 0.012654 0.983299 0.181559 -0.778117 0.123719 -0.615815 0.627992 0.133482 -0.766687
60.007433 -101.417998 -860.823219 -10422.722154 0.054014 0.996342 0.066225 -0.754165 0.084174 -0.651268 0.654460 0.014767 -0.755953
66.041121 -108.084184 -3136.152453 -4814.018826 0.010192 0.988271 0.152367 -0.867724 0.084467 -0.489817 0.496942 0.127221 -0.858408
-48.892280 -72.222919 3601.114181 -4288.495528 -0.001854 0.989465 0.144760 -0.636138 0.110526 -0.763618 0.771573 0.093503 -0.629231
-45.883681 -60.629216 2252.387035 -1989.625082 0.068772 0.983882 0.165064 -0.530692 0.176183 -0.829051 0.844770 0.030583 -0.534254
-45.582255 -70.324384 602.941849 -5459.618888 0.061190 0.998087 0.008821 -0.623053 0.045099 -0.780879 0.779783 -0.042286 -0.624620
-45.293954 -75.219405 -7.126240 -4801.309421 0.084496 0.996070 0.026554 -0.716831 0.079276 -0.692725 0.692108 -0.039498 -0.720713
-49.831805 -77.137642 646.883732 -6186.233977 -0.002473 0.992037 0.125922 -0.720751 0.085520 -0.687899 0.693190 0.092459 -0.714800
8.815992 -39.836100 512.186248 -4114.207054 -0.055057 0.763593 -0.643346 0.727074 -0.410951 -0.549984 0.684348 0.498040 0.532563
10.335532 -37.121276 880.694249 -4332.947996 -0.013323 0.748161 -0.663383 0.735900 -0.441826 -0.513070 0.676959 0.495020 0.544686
8.497536 -33.480186 562.322792 -2846.342199 -0.044331 0.764727 -0.642828 0.763763 -0.388835 -0.515241 0.643973 0.513809 0.566833
7.212532 -29.916645 5.734858 -1405.364884 -0.076224 0.780409 -0.620606 0.791709 -0.330992 -0.513460 0.606124 0.530477 0.592627
7.829020 -35.042602 379.837136 -3209.481629 -0.080166 0.773339 -0.628903 0.763474 -0.357998 -0.537536 0.640844 0.523243 0.561725
7.259832 -29.174067 8.007185 -1193.402398 -0.018339 0.766002 -0.642576 0.791104 -0.381891 -0.477822 0.611407 0.517107 0.598984
39.863963 -58.731745 1975.355680 -3886.812726 0.258654 0.888154 -0.379842 -0.464737 -0.230307 -0.854973 0.846828 -0.397669 -0.353188
36.068177 -66.113503 1025.518668 -1584.668108 0.349776 0.883710 -0.310989 -0.501295 -0.103884 -0.859018 0.791429 -0.456361 -0.406663
37.761046 -71.755096 -3622.360030 -5762.893209 0.367362 0.843063 -0.392798 -0.434948 -0.217579 -0.873773 0.822110 -0.491837 -0.286758
44.971215 -52.701777 2511.878615 -5172.456187 0.209680 0.859255 -0.466599 -0.410641 -0.355695 -0.839557 0.887360 -0.367643 -0.278263
38.159947 -45.840655 4362.407202 -2927.517290 0.135562 0.895419 -0.424086 -0.451814 -0.325069 -0.830779 0.881752 -0.304230 -0.360496
1.374296 -22.227764 2614.430152 1235.500836 -0.102330 0.993724 0.045172 0.536969 0.093407 -0.838415 0.837373 0.061540 0.543157
1.267589 -25.319385 2890.783265 1355.726094 -0.059433 0.998124 -0.014726 0.594642 0.023551 -0.803645 0.801791 0.056520 0.594926
-3.561153 -21.498275 1781.333180 1024.371551 -0.097315 0.993480 0.059385 0.542196 0.102957 -0.833920 0.834597 0.048955 0.548681
-2.980864 -19.477936 1195.271218 460.963517 -0.134564 0.983369 0.121977 0.489920 0.173024 -0.854425 0.861319 0.055215 0.505055
1.323763 -54.596608 100.069833 989.870432 0.276293 0.952381 0.128964 0.663855 -0.286153 0.690951 -0.694952 0.105292 0.711305
2.403988 -57.672586 204.357376 77.844576 0.272442 0.955546 0.112724 0.543846 -0.249577 0.801214 -0.793730 0.156980 0.587665
0.944732 -56.050672 152.075710 2062.697054 0.296809 0.944119 0.143333 0.650763 -0.309823 0.693193 -0.698865 0.112470 0.706356
-0.108166 -53.489009 -10.974902 1765.072001 0.290600 0.944287 0.154509 0.753415 -0.325357 0.571409 -0.589845 0.049643 0.805989
0.237533 -53.806778 -123.488660 833.530319 0.272398 0.952032 0.139406 0.766018 -0.302249 0.567329 -0.582251 0.047752 0.811606
-3.178795 -87.354747 -2019.886214 13249.663758 0.169779 0.972969 0.156546 0.769207 -0.230136 0.596119 -0.616032 -0.019208 0.787487
-3.673232 -58.784773 -833.534932 10987.576964 0.257339 0.943995 0.206519 0.835116 -0.324783 0.443956 -0.486166 -0.058220 0.871925
-6.930684 -76.019225 -839.161335 10424.717262 0.208566 0.965971 0.152969 0.763398 -0.258563 0.591920 -0.611330 0.006678 0.791348
-6.180797 -146.721325 713.413478 -444.015731 0.925722 -0.204504 0.318147 0.307949 -0.080770 -0.947968 -0.219560 -0.975528 0.011794
-5.922148 -146.308927 625.746996 6484.408864 0.930468 -0.205453 0.303345 0.333571 0.132638 -0.933348 -0.151524 -0.969637 -0.191949
-4.238254 -140.718257 675.651557 -377.523419 0.929316 -0.190491 0.316363 0.313833 -0.044124 -0.948452 -0.194631 -0.980697 -0.018777
-7.720911 -154.913000 707.925231 8441.822930 0.922649 -0.224807 0.313336 0.340503 0.093463 -0.935587 -0.181042 -0.969911 -0.162781
-4.107477 -135.989015 732.610327 -8954.716696 0.924587 -0.186499 0.332200 0.283420 -0.245975 -0.926914 -0.254582 -0.951165 0.174567
-8.752729 -153.955617 895.895497 -2231.658307 0.916513 -0.224175 0.331285 0.305639 -0.141819 -0.941527 -0.258049 -0.964175 0.061462
-6.600314 -141.330096 625.408129 -11136.400306 0.918333 -0.204913 0.338636 0.269963 -0.301400 -0.914482 -0.289454 -0.931219 0.221466
36.788078 -40.638689 -18345.336252 1005.062355 0.877062 0.159545 -0.453109 0.444564 -0.626946 0.639767 0.182003 0.762551 0.620799
43.244943 -32.455276 4497.863684 1117.583062 0.865263 0.046280 -0.499178 0.405058 -0.651226 0.641742 0.295378 0.757471 0.582228
28.741372 -38.004960 -13810.205090 -3318.851259 0.789369 0.234981 -0.567169 0.556657 -0.663556 0.499825 0.258899 0.710266 0.654595
12.929150 -49.955246 -25583.590968 -2489.732528 0.812596 0.304356 -0.497046 0.563900 -0.626134 0.538492 0.147324 0.717860 0.680421
18.970460 -55.327592 -31404.693272 4037.338298 0.924577 0.190813 -0.329770 0.376956 -0.583857 0.719038 0.055336 0.789114 0.611749
1.863211 -120.996135 1971.154911 1414.908645 0.821819 -0.510964 0.252049 -0.421946 -0.248564 0.871882 0.382850 0.822880 0.419874
-3.836066 -124.172096 3349.701325 1777.655099 0.814010 -0.522957 0.252793 -0.332195 -0.062129 0.941162 0.476482 0.850091 0.224297
1.212514 -118.941147 1283.088646 3472.704656 0.845448 -0.494371 0.202029 -0.381147 -0.293559 0.876670 0.374093 0.818181 0.436617
2.022472 -115.943982 -1293.541659 4707.980543 0.873226 -0.462058 0.154849 -0.328695 -0.323872 0.887168 0.359772 0.825596 0.434690
11.504757 -108.157374 -2094.504804 5104.137672 0.886218 -0.441003 0.141893 -0.378895 -0.513743 0.769745 0.266563 0.735925 0.622382
111.677250 -17.997122 103835.758933 42303.824610 0.031583 0.805129 -0.592258 0.453839 0.516395 0.726200 -0.890524 0.291725 0.349090
16.356711 -32.999538 42223.465921 -4771.517692 0.303523 0.938515 0.164508 0.364125 -0.273799 0.890195 -0.880503 0.210293 0.424842
19.543701 -53.926679 56126.974720 -1024.829394 0.441543 0.757493 0.480879 0.162785 -0.594690 0.787302 -0.882350 0.269348 0.385890
52.236740 -37.795298 34950.734170 19715.593735 -0.066440 0.803317 -0.591834 0.427620 0.558836 0.710524 -0.901514 0.205873 0.380643
174.154199 -20.022816 219259.499664 71408.862084 0.015256 0.749827 -0.661458 0.464766 0.580408 0.668669 -0.885302 0.317624 0.339640
515.537111 -86.298179 478400.898276 92557.076749 -0.000345 0.789185 -0.614155 0.423448 0.556491 0.714850 -0.905920 0.259816 0.334371
346.545118 -66.058404 240027.483026 45143.569805 0.016504 0.811631 -0.583937 0.414682 0.525864 0.742635 -0.909817 0.254405 0.327890
-4.940368 -120.488411 -711.790216 6153.177719 0.876752 -0.414024 0.244725 0.412236 0.909032 0.061016 -0.247725 0.047388 0.967671
-2.881716 -128.431916 -104.593455 6530.543741 0.896213 -0.368079 0.247629 0.319755 0.922890 0.214547 -0.307505 -0.113099 0.944801
-4.138574 -128.540810 -951.434469 5471.941470 0.867731 -0.432572 0.244793 0.433647 0.899556 0.052427 -0.242884 0.060661 0.968157
-3.287287 -119.703527 439.415680 7012.452038 0.902635 -0.349745 0.250855 0.301033 0.929563 0.212819 -0.307618 -0.116582 0.944341
-5.346365 -117.535618 -1614.530911 -4607.610595 0.843558 -0.475135 0.250313 -0.510880 -0.853665 0.101278 -0.165563 0.213314 0.962853
-3.799097 -111.072835 327.884538 4816.300690 0.882623 -0.403211 0.241657 0.398443 0.914475 0.070560 -0.249440 0.034009 0.967793
-5.923080 -110.676473 -624.888330 -2910.126696 0.850027 -0.466299 0.244987 -0.497293 -0.863755 0.081408 -0.173649 0.191030 0.966102
-12.478126 -189.292624 840.202299 -2975.454038 0.954137 -0.146649 0.260992 0.090106 -0.690697 -0.717508 -0.285488 -0.708118 0.645806
-6.254965 -183.316425 250.177460 -13048.629818 0.952850 -0.158605 0.258692 -0.003009 -0.857423 -0.514604 -0.303427 -0.489562 0.817472
-10.187892 -189.532526 -973.238897 -3804.446289 0.949824 -0.192531 0.246507 0.036978 -0.713460 -0.699719 -0.310591 -0.673726 0.670542
-14.340242 -178.615203 -1447.796705 10887.233921 0.948179 -0.179217 0.262371 0.142239 -0.498970 -0.854867 -0.284122 -0.847886 0.447621
-17.458153 -179.262576 2040.057105 12162.354541 0.953210 -0.124442 0.275510 0.190860 -0.459035 -0.867674 -0.234444 -0.879659 0.413806
4.529543 -299.370994 2002.012969 19579.317761 0.832255 -0.085644 0.547737 -0.476036 -0.616786 0.626869 -0.284150 0.782457 0.554093
-1.415852 -287.089498 -1561.815908 -9243.809676 0.828801 -0.070822 0.555044 -0.541944 -0.348435 0.764781 -0.139233 0.934654 0.327165
-1.540132 -276.624923 -3514.221265 4303.445365 0.844233 -0.047654 0.533854 -0.471553 -0.539498 0.697553 -0.254772 0.840637 0.477933
0.601024 -271.165660 -1982.335879 27254.361653 0.856356 -0.050919 0.513869 -0.361937 -0.768965 0.526967 -0.368314 0.637260 0.676937
3.411434 -274.730040 -136.699640 12551.263730 0.866243 -0.079785 0.493211 -0.435532 -0.604296 0.667187 -0.244814 0.792755 0.558216
-21.101870 -311.389279 -5433.303837 -80882.477613 0.882853 -0.385804 0.267816 0.273446 -0.041364 -0.960998 -0.381834 -0.921653 -0.068978
11.054125 -280.418142 -25963.379869 -65832.053726 0.822995 -0.452968 0.342782 0.381847 -0.005616 -0.924208 -0.420562 -0.891509 -0.168343
-15.431096 -371.224139 -13519.039332 -10813.626932 0.866323 -0.397336 0.302669 0.430524 0.286777 -0.855809 -0.253245 -0.871713 -0.419504
-32.710319 -399.826047 3985.515211 -81488.692701 0.908557 -0.316903 0.272205 0.307944 0.067733 -0.948990 -0.282301 -0.946036 -0.159127
-25.238450 -335.664965 7560.681591 -137717.791818 0.935684 -0.294584 0.194205 0.103249 -0.297716 -0.949055 -0.337394 -0.908067 0.248152
-9.173656 -42.520392 5189.619717 897.508789 -0.079815 0.921074 0.381120 -0.869408 0.122703 -0.478617 0.487606 0.369549 -0.790995
0.208608 -44.324441 6373.915736 970.428861 -0.125164 0.923573 0.362417 -0.805983 0.118362 -0.579984 0.578554 0.364695 -0.729570
-11.530807 -43.758644 4567.282609 616.879242 -0.095566 0.927108 0.362405 -0.801062 0.144492 -0.580880 0.590903 0.345821 -0.728863
-18.888713 -42.259389 4240.479265 577.677115 -0.026453 0.926910 0.374349 -0.866382 0.165553 -0.471142 0.498681 0.336792 -0.798679
-15.273935 -41.572759 4327.741632 310.624817 -0.018136 0.921974 0.386827 -0.916692 0.139133 -0.374591 0.399183 0.361395 -0.842642
11.650597 -48.786376 -3520.700415 -3180.406969 0.975519 0.212476 0.056711 -0.171148 0.895455 -0.410937 0.138096 -0.391171 -0.909898
7.389052 -48.224838 -5644.373498 -4073.195584 0.992437 0.072476 0.099077 -0.024971 0.909420 -0.415129 0.120189 -0.409515 -0.904352
19.952452 -44.148508 -4255.722128 -4464.865328 0.972916 0.227212 0.042533 -0.177565 0.852395 -0.491827 0.148004 -0.470954 -0.869654
-38.660547 -689.061276 97136.688119 26548.562358 -0.564411 0.408508 -0.717329 0.821062 0.187882 -0.539035 -0.085426 -0.893209 -0.441453
-87.564463 -1571.413465 64117.042080 83465.823842 -0.647777 0.337757 -0.682865 0.677759 -0.153819 -0.719015 -0.347890 -0.928580 -0.129277
17.325053 -405.775718 22599.833404 264259.539145 -0.463074 0.402564 -0.789623 0.884747 0.156909 -0.438864 -0.052772 -0.901843 -0.428828
179.125841 -1035.223353 162899.343520 26366.893617 -0.574664 0.520331 -0.631679 0.789305 0.556328 -0.259801 0.216238 -0.647885 -0.730401
5.502544 -261.960466 -12632.319430 229838.293033 -0.565387 0.241199 -0.788772 0.824688 0.147823 -0.545928 -0.015079 -0.959152 -0.282491
4534.135970 -384.571772 4494841.368175 -13401.069862 0.746687 0.556725 -0.364027 -0.563871 0.239460 -0.790385 0.352858 -0.795435 -0.492723
-4.543329 -41.460499 13219.443733 383.660941 0.358925 0.897933 0.254734 -0.706700 0.439726 -0.554271 0.609711 -0.018921 -0.792398
-4.722950 -48.056625 16766.198515 -6851.238116 0.538745 0.734182 0.413196 -0.614238 0.677984 -0.403793 0.576598 0.036259 -0.816223
18.171169 -59.503541 -238.099536 -1769.567905 0.481293 0.840624 0.248410 -0.700224 0.539186 -0.467937 0.527298 -0.051272 -0.848132
34.352244 -181.088879 2504.593699 34607.377352 -0.075202 0.975129 -0.208492 -0.098610 -0.215332 -0.971549 0.992281 0.052503 -0.112351
37.638802 -113.257189 4110.967830 14750.645593 -0.139689 0.975128 -0.172081 -0.300133 -0.207306 -0.931098 0.943614 0.078417 -0.321627
31.755923 -119.562340 -768.733781 11974.302630 0.019415 0.979989 -0.198104 -0.268160 -0.185777 -0.945292 0.963179 -0.071476 -0.259187
32.135473 -180.292088 -5955.136161 31178.900005 0.135910 0.966798 -0.216401 -0.055705 -0.210625 -0.975979 0.989154 -0.144700 -0.025229
23.884427 -103.857966 -3805.117800 -4018.168071 0.131703 0.978192 -0.160608 -0.403281 -0.095134 -0.910117 0.905549 -0.184636 -0.381957
27.290809 -129.898271 -6311.475461 10930.004256 0.179297 0.961216 -0.209563 -0.230683 -0.165999 -0.958765 0.956367 -0.220246 -0.191973
-2.424507 -18.329434 21938.266097 -2634.314341 -0.116030 0.973542 -0.196856 0.916182 0.028360 -0.399758 0.383598 0.226739 0.895233
14.702186 -11.423782 21292.358793 -2523.854983 -0.116269 0.974637 -0.191216 0.914663 0.030029 -0.403101 0.387136 0.221766 0.894956
0.388524 -17.378406 14317.637859 4291.680295 -0.310141 0.948311 -0.067226 0.870844 0.255015 -0.420237 0.381371 0.188876 0.904921
-15.056334 -20.612539 12642.971620 -2888.900938 -0.415271 0.909601 -0.013291 0.836248 0.375949 -0.399189 0.358107 0.176886 0.916772
66.047971 -43.546411 10631.476568 3978.808908 -0.218415 0.962445 0.161226 -0.351052 -0.231647 0.907250 -0.910526 -0.141558 -0.388463
66.440416 -43.905994 7719.324292 8124.097669 -0.200350 0.945815 0.255528 -0.233616 -0.299413 0.925081 -0.951464 -0.125645 -0.280945
41.465330 -44.116206 -2846.104986 7864.778771 -0.302413 0.953023 0.017113 -0.351962 -0.128333 0.927175 -0.885816 -0.274366 -0.374237
-1.931999 -54.122115 -7284.198190 -19876.810990 -0.210749 0.792262 -0.572630 -0.581187 0.369461 0.725066 -0.786007 -0.485612 -0.382589
8.621594 -64.756399 -15606.929143 -19555.821387 -0.310489 0.853173 -0.419157 -0.638268 0.139649 0.757042 -0.704422 -0.502588 -0.501193
21.194561 -33.368377 -8923.212729 2803.344547 -0.338527 0.928301 -0.153806 -0.424880 -0.004958 0.905236 -0.839569 -0.371796 -0.396095
61.053184 -42.265983 9692.327045 4558.584039 -0.330233 0.937257 0.111780 -0.368933 -0.237170 0.898687 -0.868812 -0.255537 -0.424106
-44.854738 -73.570377 -1891.857965 4313.304691 0.822778 -0.126964 0.554000 0.135557 0.990437 0.025661 -0.551960 0.053985 0.832121
-45.477045 -79.981004 -2362.692342 147.185176 0.832568 0.059976 0.550666 -0.126754 0.988372 0.083994 -0.539225 -0.139730 0.830489
-50.793459 -82.184412 -2562.948759 5769.803065 0.880570 -0.064177 0.469550 0.081325 0.996554 -0.016307 -0.466886 0.052546 0.882755
-4.731111 -27.358997 -1137.690527 -1626.764409 0.496831 0.867430 0.026929 -0.770471 0.426591 0.473703 -0.399416 0.256098 -0.880273
-2.259917 -20.503727 -354.131347 -3796.938376 0.633623 0.773124 -0.028321 -0.698579 0.587491 0.408462 -0.332430 0.239026 -0.912336
-2.294542 -19.306958 292.235977 -3399.969089 0.584860 0.811133 -0.001119 -0.744707 0.537510 0.395594 -0.321481 0.230533 -0.918425
-4.188656 -42.604799 118.934210 1228.931647 -0.021126 0.387934 -0.921445 0.872515 -0.442832 -0.206439 -0.488130 -0.808336 -0.329123
-3.229200 -40.503707 400.410282 937.675306 -0.122899 0.450233 -0.884413 0.876404 -0.368887 -0.309577 -0.465630 -0.813150 -0.349250
-9.156990 -48.171772 443.898720 3088.790022 -0.072038 0.439602 -0.895299 0.808352 -0.500097 -0.310595 -0.584275 -0.746092 -0.319327
1.167418 -40.323317 772.022930 -1205.598018 -0.086937 0.433719 -0.896844 0.923052 -0.303557 -0.236280 -0.374722 -0.848375 -0.373955
-8.299232 -47.717541 138.009973 2322.475183 0.009463 0.385190 -0.922789 0.775278 -0.585665 -0.236518 -0.631549 -0.713180 -0.304172
-4.183859 -43.765477 -564.853985 1785.559077 0.043365 0.329388 -0.943198 0.850283 -0.507843 -0.138258 -0.524537 -0.795990 -0.302095
0.094839 -39.992251 52.531739 -73.101197 -0.021893 0.378658 -0.925278 0.920424 -0.353683 -0.166518 -0.390308 -0.855293 -0.340782
1.557272 -50.231349 -363.352223 -1.438156 0.117760 0.495525 -0.860574 0.157799 0.846255 0.508873 0.980425 -0.195722 0.021462
2.240337 -50.174837 -172.747206 219.727300 0.117128 0.513064 -0.850321 0.014727 0.855223 0.518050 0.993008 -0.073201 0.092615
2.526774 -52.430413 -28.880883 81.818329 0.098839 0.485546 -0.868606 0.188725 0.847892 0.495442 0.977043 -0.212897 -0.007830
1.871139 -52.995182 -45.820097 -41.368097 0.090885 0.462140 -0.882137 0.323961 0.823903 0.465009 0.941695 -0.328040 -0.074834
0.564377 -50.580500 -466.846592 -94.653398 0.112455 0.477265 -0.871534 0.292998 0.822173 0.488041 0.949477 -0.310240 -0.047380
-79.710474 -105.211280 8711.015205 -5381.914748 0.542207 -0.533793 -0.648904 0.808475 0.541785 0.229864 0.228866 -0.649257 0.725318
-83.083533 -103.321540 4621.653593 3716.088187 0.795609 -0.256842 -0.548670 0.423624 0.883303 0.200796 0.433069 -0.392185 0.811568
-91.561261 -107.846010 -3319.357147 -1348.748955 0.683730 -0.569338 -0.456473 0.702487 0.682864 0.200518 0.197547 -0.457767 0.866847
-5.890665 -49.359913 369.653722 1672.459008 0.273980 -0.463092 0.842900 0.521810 0.807795 0.274193 -0.807867 0.364710 0.462966
-5.549347 -47.360554 -80.056314 2118.707829 0.201085 -0.520220 0.830022 0.588270 0.741654 0.322318 -0.783265 0.423463 0.455165
-8.920005 -54.306078 707.722711 1567.353514 0.255741 -0.495434 0.830146 0.385349 0.839777 0.382467 -0.886624 0.222083 0.405681
-1.332123 -43.006127 -298.188284 -2263.010782 -0.090743 0.648946 -0.755404 0.679153 0.595104 0.429654 -0.728366 0.474047 0.494735
-5.904617 -42.978206 702.170018 1327.906959 0.051833 0.729636 -0.681869 0.610020 0.517466 0.600087 -0.790689 0.447058 0.418271
-1.842374 -41.257821 -1266.317165 1453.164088 0.078536 -0.594353 0.800361 0.680047 0.618984 0.392931 -0.728950 0.513423 0.452800
-8.108007 -47.258091 -1698.834894 -2915.973715 0.037801 0.775183 -0.630605 0.602892 0.485573 0.633040 -0.796927 0.404116 0.448997
0.720712 -41.920053 -1431.830096 -246.740167 0.157390 -0.545621 0.823119 0.763215 0.596144 0.249230 -0.626683 0.588991 0.510254
3.113551 -43.712940 -1373.471491 -2759.873844 -0.176901 0.612745 -0.770227 0.771155 0.572561 0.278379 -0.611577 0.544719 0.573808
-2.306850 -47.114975 -3109.896354 -6073.050408 -0.105369 0.697823 -0.708478 0.682268 0.569046 0.459017 -0.723469 0.435006 0.536062
-0.131231 -78.749404 2617.593345 -19374.554225 0.228411 0.582891 -0.779786 0.443888 0.650510 0.616279 0.866482 -0.486903 -0.110154
-4.928704 -79.088665 1804.691705 -16434.856921 0.229148 0.551856 -0.801840 0.409766 0.692522 0.593721 0.882940 -0.464616 -0.067442
-2.557820 -52.260804 3053.010013 12345.442127 0.232181 0.599466 -0.765985 -0.513761 -0.593106 -0.619899 0.825918 -0.537462 -0.170275
5.560290 -46.180269 3942.736032 13132.593795 0.225915 0.605813 -0.762858 -0.537862 -0.575344 -0.616185 0.812199 -0.549518 -0.195865
5.503360 -78.186488 2912.662290 -21802.430222 0.216618 0.574942 -0.788998 0.482221 0.639698 0.598540 0.848846 -0.510126 -0.138679
16.169745 -82.836296 4692.724242 -25548.221649 0.204331 0.520513 -0.829045 0.521467 0.658865 0.542190 0.828445 -0.543105 -0.136804
5.723220 -128.111312 1385.300705 -31130.956198 0.213070 0.499297 -0.839823 0.391143 0.744084 0.541614 0.895326 -0.443893 -0.036754
3.423148 -115.368920 368.133303 -28289.882395 0.223203 0.523104 -0.822522 0.385803 0.727499 0.567364 0.895174 -0.443969 -0.039435
16.386230 -42.374755 5415.024841 -14024.109784 0.204507 0.557038 -0.804913 0.565943 0.603641 0.561539 0.798677 -0.570374 -0.191803
37.843478 -38.959892 11561.903822 -14084.285736 0.202485 0.503733 -0.839793 0.582198 0.627627 0.516845 0.787429 -0.593579 -0.166188
64.938014 -167.833414 -5133.144659 6366.372825 -0.085253 -0.213211 0.973279 0.965942 -0.257208 0.028265 0.244309 0.942542 0.227878
61.341516 -175.479736 11601.347819 10901.346869 -0.151050 -0.286971 0.945955 0.977185 -0.187887 0.099038 0.149312 0.939333 0.308804
38.699055 -189.589040 -1524.692731 3529.029453 -0.025296 -0.198431 0.979788 0.999677 -0.002666 0.025270 -0.002402 0.980111 0.198434
45.840035 -188.556493 -20276.830948 4413.346965 0.050255 -0.112701 0.992357 0.998288 -0.024109 -0.053294 0.029931 0.993336 0.111296
11.120968 -194.644196 -11143.069807 11532.483322 0.083871 -0.120339 0.989184 0.972380 0.226866 -0.054847 -0.217811 0.966463 0.136043
9.971364 -193.936223 -1844.688493 8770.478794 0.014104 -0.193605 0.980978 0.968318 0.247272 0.034879 -0.249321 0.949407 0.190958
-4.832030 -88.570692 610.965836 -8657.229509 -0.100721 0.296618 -0.949670 0.953031 -0.245275 -0.177686 -0.285635 -0.922961 -0.257982
-5.432724 -95.018888 480.535747 11094.792027 0.005907 0.257350 -0.966300 0.948524 -0.307431 -0.076078 -0.316649 -0.916110 -0.245918
-1.057438 -91.176643 360.765655 -11360.266857 -0.028624 0.274304 -0.961217 0.968092 -0.231889 -0.095003 -0.248955 -0.933266 -0.258914
-16.588759 -48.271588 -1784.096968 201.620570 0.445778 0.890973 -0.086312 0.479870 -0.156463 0.863275 -0.755650 0.426248 0.497299
-15.530532 -49.011273 -1202.865349 -190.284335 0.392374 0.908474 -0.143937 0.400660 -0.027949 0.915800 -0.827958 0.417005 0.374956
-11.964257 -48.891340 -1952.984248 147.067457 0.378616 0.913382 -0.149611 0.516119 -0.074173 0.853299 -0.768291 0.400290 0.499497
15.358959 -71.448736 -5625.136680 -2484.264158 -0.323258 -0.118742 0.938831 -0.609281 0.785221 -0.110474 -0.724072 -0.607724 -0.326177
18.241746 -93.903134 5932.408213 -8705.348433 0.318903 0.142111 -0.937073 0.675747 -0.727356 0.119663 -0.664580 -0.671385 -0.327987
6.434091 -77.992833 -1859.553668 -1904.340012 -0.246436 -0.231355 0.941140 -0.621099 0.783162 0.029887 -0.743980 -0.577175 -0.336694
7.054171 -71.964790 -4477.874357 -649.224927 -0.294798 -0.170683 0.940192 -0.536447 0.843801 -0.015019 -0.790771 -0.508790 -0.340313
1.153804 -77.901737 -961.146985 2309.714295 -0.215853 -0.271117 0.938031 -0.526092 0.841604 0.122187 -0.822578 -0.467116 -0.324295
3.417700 -195.233673 -1305.408952 -6198.672424 0.489679 -0.148557 0.859154 0.158381 0.984140 0.079898 -0.857397 0.096949 0.505441
3.370689 -190.012013 -72.208102 -6722.333468 0.501370 -0.155909 0.851070 0.192218 0.979122 0.066130 -0.843612 0.130435 0.520871
2.874553 -204.783806 -1173.173744 7486.692604 0.493291 -0.108186 0.863111 -0.017654 0.990786 0.134279 -0.869685 -0.081475 0.486836
3.591981 -203.804085 781.045636 -5811.380098 0.506312 -0.122375 0.853623 0.029917 0.991776 0.124436 -0.861831 -0.037466 0.505810
20.355311 -23.567235 2120.668738 12394.263616 0.282046 0.942637 -0.178567 0.951279 -0.298938 -0.075525 -0.124573 -0.148565 -0.981025
15.936046 -22.272159 1713.949503 -13241.892833 0.191050 0.974485 -0.117810 -0.975743 0.201611 0.085313 -0.106888 -0.098653 -0.989365
14.582997 -44.125826 1896.930804 -3935.541420 0.239162 0.958217 -0.156916 -0.942627 0.267894 0.199216 -0.232929 -0.100268 -0.967311
64.047340 -27.202864 12120.897138 3019.077706 0.208051 0.968629 0.135915 0.855855 -0.247550 0.454126 -0.473525 -0.021842 0.880509
55.485511 -27.554497 -8547.290157 2341.056468 0.128487 0.920385 0.369301 0.832316 -0.302551 0.464448 -0.539203 -0.247700 0.804925
53.251145 -29.143878 5044.587718 2417.824597 0.181785 0.969667 0.163401 0.815780 -0.241494 0.525532 -0.549051 -0.037766 0.834935
-9.191689 -45.592231 658.195920 2055.387527 -0.068618 0.941853 0.328945 -0.527554 -0.314107 0.789319 -0.846746 0.119374 -0.518431
-11.382106 -50.140337 670.566111 1019.354900 -0.044767 0.949195 0.311489 -0.633684 -0.268026 0.725677 -0.772296 0.164899 -0.613488
-12.350617 -49.661095 1698.697291 1504.402725 -0.013932 0.969871 0.243220 -0.603562 -0.202088 0.771280 -0.797194 0.136053 -0.588193
-6.003624 -65.945020 1101.336686 -2323.304096 0.147938 -0.671090 0.726466 0.872506 0.434422 0.223630 -0.465669 0.600763 0.649797
-3.717286 -69.343837 802.362304 -2354.845680 0.135164 -0.682382 0.718391 0.881851 0.413416 0.226775 -0.451741 0.602862 0.657638
-6.034948 -70.950257 1334.400155 -822.499263 0.102650 -0.695123 0.711524 0.970963 0.225410 0.080135 -0.216089 0.682637 0.698077
-1867.129025 -3063.501600 246457.662345 1730709.178699 0.589837 0.058242 -0.805419 0.685975 0.490107 0.537805 0.426064 -0.869714 0.249130
-2535.687650 -2870.888937 1058268.136225 -2527493.495921 0.263972 0.121164 -0.956890 0.964482 -0.023207 0.263128 0.009675 -0.992361 -0.122986
-2991.896303 -3878.332825 3212051.385610 244457.274061 0.452637 0.538116 -0.711021 0.579307 0.428722 0.693253 0.677881 -0.725692 -0.117679
-3182.350531 -5803.018630 -2750449.827077 -9572385.042880 -0.085648 -0.589804 -0.802992 0.992580 0.019308 -0.120052 0.086311 -0.807316 0.583773
-2544.650621 -3469.464993 2469380.638731 1971572.566163 0.053883 0.840009 0.539891 0.707486 0.349437 -0.614294 0.704670 -0.415065 0.575466
4718.319676 -7516.663357 1317390.864685 -6111396.374561 -0.521076 -0.565363 -0.639410 0.777255 -0.004797 -0.629168 0.352641 -0.824828 0.441930
671.367954 -4768.204111 508419.207610 2960131.515138 -0.369956 0.928698 0.025538 -0.383970 -0.177873 0.906051 -0.845990 -0.325393 -0.422398
2.372543 -7083.980262 61046.946641 4128846.890862 -0.305905 0.946272 -0.104843 0.038469 0.122317 0.991745 -0.951285 -0.299347 0.073819
52.993066 -30.670969 17440.885192 -9797.831304 0.848131 -0.146744 0.509058 0.171161 -0.833448 -0.525422 -0.501376 -0.532757 0.681756
72.145615 -1263.304680 57411.469196 1265393.823993 0.106424 -0.914514 -0.390306 0.960082 0.196633 -0.198941 0.258681 -0.353553 0.898935
988.341015 -5168.543126 1956858.444316 4932130.682580 0.054546 0.955588 0.289615 0.655053 0.184663 -0.732670 0.753611 -0.229678 0.615888
9237.142954 -22372.085096 -1158752.427569 -87314222.079766 0.081688 0.993127 -0.083821 0.198945 -0.098658 -0.975032 0.976600 -0.062972 0.205637
-35.732154 -777.962141 10119.170038 -264316.659090 -0.195419 0.971683 0.132830 -0.949869 -0.153823 -0.272189 0.244049 0.179362 -0.953032
-30.801028 -455.217065 4703.448018 153220.196575 -0.283847 0.946015 0.156479 0.954032 0.262258 0.145065 0.096196 0.190462 -0.976970
-38.088150 -179.489061 6493.104832 -68695.231628 -0.304171 0.943517 0.131359 -0.841992 -0.201784 -0.500333 0.445567 0.262790 -0.855810
22.457711 -102.822934 -353.758712 2912.380339 -0.260309 0.961641 0.086520 -0.680522 -0.119165 -0.722972 0.684930 0.247075 -0.685438
18.494907 -148.801412 -283.911818 -34626.164678 -0.146034 0.973851 0.174033 -0.804562 -0.014552 -0.593690 0.575634 0.226720 -0.785649
16.689911 -123.129635 -2363.370800 1790.501989 -0.172248 0.979627 0.103252 -0.737922 -0.058888 -0.672312 0.652535 0.191996 -0.733032
18.024778 -128.078024 -3415.380181 17317.672903 -0.218444 0.974905 0.042917 -0.622636 -0.105379 -0.775384 0.751403 0.196100 -0.630030
24.339139 -128.059273 -3964.047504 12612.781462 -0.263067 0.964771 0.003515 -0.515574 -0.137501 -0.845741 0.815463 0.224299 -0.533583
29.708460 -111.205435 -807.581244 12848.919260 -0.355493 0.934567 0.014498 -0.499040 -0.176665 -0.848380 0.790306 0.308828 -0.529190
-46.791875 -70.390911 514.195760 4723.882027 0.073583 0.959062 -0.273468 0.885802 -0.188835 -0.423907 0.458193 0.211046 0.863434
62.601860 -105.766285 -3717.431318 -2683.446953 -0.074074 0.889607 0.450680 -0.556968 0.337966 -0.758661 0.827224 0.307211 -0.470448
74.264965 -112.252639 -1971.338318 2551.572033 -0.130885 0.885361 0.446099 -0.723337 0.222434 -0.653687 0.677977 0.408238 -0.611302
54.128240 -89.074054 -1498.100908 -4835.464756 0.005592 0.973332 0.229332 -0.630701 0.181401 -0.754526 0.776006 0.140420 -0.614896
53.880546 -92.239781 -3710.011916 -1597.898914 0.002166 0.943925 0.330154 -0.571835 0.272018 -0.773958 0.820366 0.187117 -0.540359
-44.835289 -63.728505 -2651.166102 -5165.629879 0.140532 0.990051 -0.007035 -0.531962 0.069512 -0.843910 0.835025 -0.122339 -0.536439
11.101552 -43.640236 1049.136214 -5245.971707 -0.021918 0.749488 -0.661656 0.696599 -0.463270 -0.547842 0.717126 0.472916 0.511938
30.375516 -82.633624 -6999.461494 -3039.593142 0.453633 0.826400 -0.333586 -0.472368 -0.094444 -0.876327 0.755702 -0.555106 -0.347522
28.507295 -78.306812 -2422.763996 7009.534650 0.456954 0.851415 -0.257460 -0.553256 0.045412 -0.831773 0.696492 -0.522524 -0.491801
6.005382 -26.684088 3879.623314 1749.658597 -0.067608 0.997689 -0.006841 0.585170 0.034098 -0.810193 0.808087 0.058779 0.586123
6.272086 -30.158988 3657.311195 1558.533444 -0.015670 0.997874 -0.063254 0.644695 -0.038272 -0.763481 0.764279 0.052743 0.642725
1.073402 -27.976414 2824.007251 1070.312105 -0.002868 0.996952 -0.077961 0.652695 -0.057198 -0.755458 0.757615 0.053051 0.650542
4.154946 -57.167241 143.243771 -122.973671 0.231991 0.969742 0.076024 0.456039 -0.177466 0.872086 -0.859191 0.167647 0.483411
3.581703 -60.839274 355.466335 354.746730 0.259295 0.962087 0.084592 0.431779 -0.193824 0.880908 -0.863906 0.191890 0.465666
2.108809 -60.907583 305.663165 1051.680419 0.294824 0.947622 0.122843 0.528878 -0.268896 0.804974 -0.795843 0.172357 0.580454
-0.690738 -69.099945 -1929.501148 13144.963638 0.212727 0.957309 0.195723 0.837851 -0.281774 0.467556 -0.502745 -0.064525 0.862023
-0.392197 -49.941050 -1281.191364 6836.688421 0.305819 0.921197 0.240566 0.860473 -0.375569 0.344288 -0.407506 -0.101710 0.907521
1.564750 -95.728548 -2337.129173 15170.394962 0.155304 0.974108 0.164298 0.769164 -0.223602 0.598656 -0.619893 -0.033399 0.783975
2.953455 -70.853446 -1860.075203 13300.868628 0.202421 0.960527 0.190821 0.852140 -0.268782 0.449013 -0.482579 -0.071716 0.872912
-4.229372 -139.728172 528.443626 4129.590540 0.933858 -0.192499 0.301418 0.332650 0.157985 -0.929723 -0.131351 -0.968496 -0.211570
-5.505796 -137.764097 430.297451 6011.129154 0.934095 -0.205375 0.292040 0.346072 0.319796 -0.882023 -0.087752 -0.924960 -0.369794
-6.668466 -144.894872 421.124488 9367.819092 0.927039 -0.224903 0.300028 0.357959 0.292589 -0.886711 -0.111639 -0.929414 -0.351747
45.318667 -29.695327 13496.324908 1263.509716 0.859898 -0.035665 -0.509218 0.363640 -0.657292 0.660101 0.358247 0.752792 0.552235
51.749443 -36.502669 7942.579068 3270.613535 0.907199 -0.089690 -0.411030 0.285843 -0.585450 0.758644 0.308680 0.805732 0.505483
30.568955 -30.459443 2271.340205 -1079.316776 0.799457 0.122881 -0.588021 0.490137 -0.699380 0.520225 0.347325 0.704108 0.619353
50.784731 -31.575950 4728.381212 2256.749810 0.895059 -0.123957 -0.428373 0.281736 -0.587426 0.758654 0.345678 0.799728 0.490858
40.725696 -26.005175 3155.917807 687.176663 0.861855 -0.086269 -0.499764 0.326523 -0.659627 0.676960 0.388059 0.746626 0.540334
32.132819 -26.514074 6621.873244 42.460130 0.818521 0.026220 -0.573879 0.416550 -0.715021 0.561455 0.395614 0.698611 0.596181
0.279931 -124.830869 2515.324886 613.601171 0.804486 -0.519774 0.287467 -0.352407 -0.028093 0.935425 0.478134 0.853842 0.205772
-3.234464 -122.638658 3808.754726 542.975731 0.799861 -0.525839 0.289337 -0.242328 0.158095 0.957227 0.549089 0.835763 0.000971
-7.682825 -122.336414 1856.829309 -1290.254830 0.822551 -0.507588 0.256446 -0.211390 0.145728 0.966477 0.527943 0.849187 -0.012570
-11.770957 -33.139931 8257.233195 -897.907889 0.209792 0.977535 0.020308 0.430902 -0.111082 0.895536 -0.877673 0.179126 0.444526
-1.434338 -135.512450 255.181487 3988.488293 0.892022 -0.383715 0.238869 0.336720 0.916698 0.215136 -0.301522 -0.111474 0.946920
-0.651233 -132.360718 907.346297 431.328712 0.909397 -0.333999 0.247872 0.221721 0.893501 0.390508 -0.351904 -0.300169 0.886602
-1.632634 -124.824333 883.220664 3395.130606 0.913375 -0.312121 0.261392 0.202767 0.905516 0.372727 -0.353031 -0.287438 0.890364
-5.206903 -185.266843 -268.350812 -14243.272643 0.949149 -0.200374 0.242829 -0.056171 -0.866717 -0.495628 -0.309775 -0.456785 0.833899
7.399636 -331.991341 8752.797010 2270.971764 0.808009 -0.162957 0.566186 -0.573179 -0.439797 0.691408 -0.136337 0.883190 0.448763
-3.423455 -288.066220 1308.101212 -25421.713519 0.815302 -0.119861 0.566494 -0.578956 -0.184921 0.794112 -0.009573 0.975417 0.220161
-9.326777 -279.755900 -3536.253469 -37271.656030 0.836533 -0.072063 0.543157 -0.544442 0.002140 0.838796 0.061609 0.997398 0.037444
6.939880 -207.980563 -37969.826237 -79770.009713 0.799791 -0.459460 0.386305 0.288875 -0.269527 -0.918644 -0.526200 -0.846316 0.082838
44.991779 -258.813298 -31066.971638 -74200.093822 0.804712 -0.402489 0.436397 0.394608 -0.186554 -0.899712 -0.443535 -0.896215 -0.008703
23.345125 -302.181879 -25347.636166 -9678.408534 0.827192 -0.435707 0.354841 0.493637 0.261753 -0.829342 -0.268469 -0.861188 -0.431602
50.593460 -305.539848 -30233.627163 -26986.232472 0.814019 -0.421351 0.399796 0.513080 0.198992 -0.834956 -0.272253 -0.884797 -0.378170
-160.806137 -6075.664350 -21120.677244 6633851.909874 0.775811 -0.019809 0.630654 0.571666 0.445096 -0.689266 0.267048 -0.895264 -0.356635
25.097843 -3896.488316 61626.521095 6042939.295787 -0.643829 0.075485 -0.761437 0.279882 0.949394 -0.142535 0.712144 -0.304881 -0.632375
-192.923783 -3080.558166 105494.258295 1308162.763734 -0.647709 0.068297 -0.758820 0.335976 0.919508 -0.204021 0.683808 -0.387091 -0.618520
-388.531380 -3252.442909 -209260.567090 3248336.671316 0.757172 -0.005523 0.653192 0.652281 -0.047090 -0.756513 -0.034937 -0.998875 0.032053
-78.203078 -4182.669612 -2311.643070 1210400.750973 0.792997 -0.113973 0.598470 0.472924 -0.504109 -0.722646 -0.384057 -0.856086 0.345856
-2.337325 -45.426884 5349.631800 337.006099 -0.140501 0.930053 0.339500 -0.720699 0.139042 -0.679162 0.678861 0.340101 -0.650753
17.171635 -42.724520 -6349.880761 -4560.823643 0.990938 0.102199 0.087158 -0.046192 0.868610 -0.493339 0.126125 -0.484842 -0.865460
4.026492 -48.235470 -3430.109830 -2758.153745 0.983318 -0.078085 0.164280 0.143316 0.888757 -0.435397 0.112007 -0.451678 -0.885122
-2.617670 -51.921413 -3861.116753 -4480.199931 0.983112 -0.088381 0.160250 0.141611 0.922052 -0.360232 0.115921 -0.376842 -0.918996
9.343818 0.936789 -5217.684586 -184.513241 -0.188903 0.914817 -0.356967 0.874578 -0.008581 -0.484809 0.446574 0.403777 0.798458
0.999861 -5.449010 -80.917531 387.424790 0.113468 -0.885736 0.450107 0.890136 -0.110614 -0.442066 0.441342 0.450817 0.775874
5.812378 -6.670109 3280.441118 1451.482456 -0.295746 -0.749707 0.592009 0.857062 -0.481938 -0.182158 0.421876 0.453515 0.785076
20.946809 7.617367 -8928.377047 4144.243959 0.061375 0.874954 -0.480300 0.882712 -0.272194 -0.383053 0.465889 0.400457 0.789038
19.999663 5.829794 -8681.772178 -4489.276364 -0.374950 0.893794 -0.246059 0.823243 0.198987 -0.531672 0.426243 0.401917 0.810420
17.148572 -1.919211 -5273.732315 4388.426864 0.265143 0.769285 -0.581291 0.843175 -0.477424 -0.247231 0.467714 0.424578 0.775227
-756.536613 -2806.559034 275439.668070 761438.901875 -0.420119 0.280058 -0.863173 0.854393 -0.198459 -0.480237 -0.305799 -0.939245 -0.155903
-1337.161249 -7035.490544 745145.945260 6009941.579487 -0.133202 0.961440 -0.240605 -0.122283 -0.256857 -0.958682 0.983516 0.098276 -0.151782
-1548.718385 -7463.389229 790908.182167 7547632.714667 0.009013 0.958768 -0.284047 -0.133872 -0.280344 -0.950518 0.990958 -0.046593 -0.125825
-1620.051165 -10064.167173 1070131.413555 13446358.861060 -0.396397 0.267479 -0.878251 0.364099 0.923973 0.117069 0.842794 -0.273365 -0.463649
-1914.975314 -6013.657624 1479711.694486 -9065134.738439 -0.098165 0.843064 -0.528778 0.510893 -0.413289 -0.753777 0.854021 0.344144 0.390145
-16.781883 -81.943716 -23396.459155 -17252.359906 -0.557400 -0.687338 -0.465695 -0.632830 0.714821 -0.297586 0.537430 0.128831 -0.833409
21.724942 -80.412849 3096.555999 -9496.274673 0.505520 0.805925 0.308115 -0.728593 0.590018 -0.347895 0.462171 0.048623 -0.885457
26.457778 -224.385917 14756.265515 -73298.899098 0.528194 0.735542 0.424252 -0.737063 0.645235 -0.201023 0.421603 0.206521 -0.882950
-19.344319 -109.756737 -27806.207671 -27685.552741 -0.554666 -0.679860 -0.479725 -0.673688 0.705313 -0.220631 0.488355 0.200809 -0.849226
34.165216 -131.216807 4132.979728 15024.595288 -0.158210 0.965197 -0.208243 -0.091530 -0.224327 -0.970206 0.983154 0.134435 -0.123835
19.737268 -11.582053 14564.244435 8504.029582 -0.137871 0.980435 -0.140494 0.893790 0.062037 -0.444174 0.426768 0.186811 0.884857
27.296257 -9.141570 4296.075642 -4711.950089 0.024823 0.989154 -0.144773 0.924978 -0.077658 -0.372002 0.379210 0.124678 0.916873
63.147780 -56.752065 3798.019961 1072.916749 -0.161858 0.955215 0.247720 -0.296627 -0.286516 0.911000 -0.941177 -0.073973 -0.329718
8.111187 -19.909873 1588.864060 2739.816546 0.177845 0.982662 -0.052406 0.903296 -0.141889 0.404875 -0.390419 0.119343 0.912869
5.084589 -16.847356 1874.823057 1096.606183 0.097569 0.991754 -0.083095 0.931196 -0.061508 0.359293 -0.351219 0.112434 0.929518
25.111222 -19.748744 9382.022792 1708.484878 0.175479 0.982499 -0.062468 0.908588 -0.137194 0.394519 -0.379045 0.125988 0.916762
2.934465 -15.372679 -1723.741014 2156.424505 0.216843 0.975859 -0.026046 0.910858 -0.192657 0.364995 -0.351165 0.102871 0.930645
27.034475 -24.229643 10449.036314 2835.303972 0.218903 0.974536 -0.048602 0.881301 -0.176090 0.438522 -0.418797 0.138827 0.897405
9.374597 -27.160399 2115.166482 3392.025078 0.183030 0.982108 -0.044327 0.879528 -0.143435 0.453715 -0.439239 0.122030 0.890044
6.850375 -27.257403 -3339.923877 2815.112397 0.189341 0.981531 -0.027344 0.872444 -0.155389 0.463353 -0.450546 0.111588 0.885752
6.584789 -19.862356 -2105.178037 2886.738285 0.241136 0.970163 -0.025261 0.886749 -0.209677 0.411960 -0.394372 0.121738 0.910852
-10.836391 -48.477846 -607.962505 68.691486 -0.085278 0.924889 0.370550 -0.635712 -0.336877 0.694539 -0.767202 0.176334 -0.616691
-14.091621 -51.348581 289.611908 573.706968 -0.030669 0.948306 0.315871 -0.720203 -0.240098 0.650893 -0.693086 0.207529 -0.690336
-12.524211 -44.717981 -21.285157 -1025.885731 0.001747 0.936896 0.349604 -0.737023 -0.235080 0.633668 -0.675866 0.258773 -0.690103
-15.443592 -46.053585 -218.597285 -126.914817 0.037588 0.956302 0.289953 -0.787430 -0.150303 0.597798 -0.615257 0.250788 -0.747372
-16.089674 -49.012912 -1170.454049 297.148641 0.046345 0.967922 0.246939 -0.791502 -0.115228 0.600205 -0.609406 0.223269 -0.760773
-14.679957 -51.738288 -588.550139 89.587907 0.000507 0.968508 0.248983 -0.785455 -0.153714 0.599526 -0.618918 0.195869 -0.760642
-15.858514 -53.475171 1049.032162 998.273334 -0.014898 0.968029 0.250397 -0.702728 -0.188285 0.686092 -0.711303 0.165740 -0.683066
-7.215950 -47.019901 144.039642 3135.422045 -0.180370 0.473952 -0.861879 0.809032 -0.426865 -0.404046 -0.559405 -0.770166 -0.306449
