13227
26437
-45.837980 -71.103934 -2072.701938 9847.403592 0.212900 0.946567 0.242248 -0.906221 0.283988 -0.313231 0.365290 0.152843 -0.918260
-54.125413 -74.999911 1488.595003 8297.814620 0.068959 0.960170 0.270775 -0.876730 0.187836 -0.442789 0.476014 0.206862 -0.854762
-50.455577 -95.611874 -1613.637299 11945.285498 0.380216 0.847869 0.369532 -0.750561 0.516319 -0.412400 0.540457 0.120555 -0.832690
-45.954605 -66.762837 268.307691 5391.682680 -0.387839 0.916696 0.096171 -0.810789 -0.289671 -0.508637 0.438408 0.275244 -0.855593
-29.608884 -97.180411 -6444.573566 17376.146278 0.351898 0.913037 0.206230 -0.852955 0.403529 -0.331106 0.385532 0.059389 -0.920781
-24.645524 -72.572956 -6256.506133 13996.589060 0.255693 0.958318 0.127464 -0.924809 0.280880 -0.256582 0.281689 0.052274 -0.958081
-30.885060 -48.026122 -3992.331160 6359.338543 0.022273 0.993683 0.109988 -0.966389 0.049582 -0.252257 0.256117 0.100672 -0.961389
-38.654973 -49.706658 -331.354446 4710.038988 -0.530722 0.847100 0.027488 -0.794869 -0.486218 -0.363009 0.294140 0.214507 -0.931380
-41.209122 -60.341116 -440.737038 -1445.428666 0.914151 0.388385 -0.116125 -0.036781 0.364751 0.930378 -0.403701 0.846235 -0.347723
-40.799007 -62.880882 -332.451329 -3179.871740 0.923001 0.332663 -0.193401 0.102126 0.272802 0.956634 -0.370997 0.902726 -0.217823
-40.499276 -61.965610 -399.164798 -2081.214472 0.962930 0.261281 -0.067075 -0.040408 0.385559 0.921798 -0.266709 0.884916 -0.381824
-42.774194 -70.383624 -2084.002062 4605.343435 0.008005 0.998451 -0.055068 0.291659 0.050344 0.955197 -0.956489 0.023707 0.290804
-40.702067 -69.231474 453.425918 3711.891772 -0.127780 0.977220 -0.169448 0.270084 0.198677 0.942116 -0.954320 -0.074619 0.289318
-37.794235 -63.798078 -1872.013221 2794.603800 -0.041777 0.995607 -0.083790 0.427319 0.093611 0.899242 -0.903135 -0.001763 0.429352
-50.133518 -70.835345 -2363.465537 4276.481177 0.221669 0.965516 0.136534 0.247157 -0.191077 0.949949 -0.943280 0.176829 0.280989
-48.739615 -75.712490 -2277.121258 5018.974408 0.149228 0.985085 0.085668 0.140622 -0.106900 0.984275 -0.978752 0.134835 0.154477
-43.802134 -62.052366 -3745.490674 2509.379058 0.097299 0.994803 -0.030000 0.408893 -0.012474 0.912497 -0.907380 0.101052 0.407982
25.508365 -67.322862 -232.460673 5367.169440 -0.495569 0.866514 -0.059705 -0.861578 -0.499122 -0.092526 0.109975 -0.005587 -0.993919
28.083361 -50.720091 1019.352935 6083.124748 -0.473831 0.880502 -0.014197 -0.879371 -0.472242 0.060774 -0.046808 -0.041281 -0.998051
28.331955 -53.673596 -2524.055981 -6664.713545 -0.473047 0.876950 -0.084767 0.881035 0.470668 -0.047421 -0.001689 -0.097116 -0.995272
20.841950 -46.041001 2111.813579 1619.446258 0.426908 0.900867 0.078667 -0.341659 0.080138 0.936401 -0.837268 0.426634 -0.342001
20.819818 -46.332608 1877.586448 -63.100720 0.418919 0.901117 0.111781 -0.467002 0.108239 0.877607 -0.778727 0.419848 -0.466167
14.082466 -44.162040 4565.156698 732.135198 0.471122 0.876670 0.097431 -0.354772 0.087199 0.930877 -0.807577 0.473123 -0.352100
16.715734 -42.349869 4703.977490 1307.945520 0.478187 0.875060 0.074880 -0.253209 0.055723 0.965805 -0.840965 0.480796 -0.248219
25.182314 -44.303687 3796.749209 1454.893340 0.434166 0.899468 0.049574 -0.245386 0.065137 0.967235 -0.866768 0.432105 -0.248997
-6.472363 -52.982310 161.859348 -484.744003 -0.212085 0.963481 -0.163478 -0.525437 0.028622 0.850351 -0.823975 -0.266244 -0.500179
-3.545762 -54.509474 -446.613220 2.263138 -0.217223 0.943784 -0.249169 -0.475312 0.120687 0.871501 -0.852580 -0.307743 -0.422376
-1.577867 -53.507008 55.215981 176.230459 -0.247158 0.961116 -0.123159 -0.300258 0.044880 0.952802 -0.921281 -0.272472 -0.277491
-3.447955 -50.771025 424.409495 -541.040156 -0.256931 0.966142 -0.023601 -0.322090 -0.062579 0.944638 -0.911178 -0.250308 -0.327263
-8.488373 -48.184286 -139.517741 -615.211246 -0.229803 0.968242 -0.098477 -0.540029 -0.042680 0.840563 -0.809666 -0.246344 -0.532687
-9.854040 -49.119918 -5.777545 -257.977625 -0.170016 0.968149 -0.183799 -0.703523 0.011355 0.710582 -0.690036 -0.250117 -0.679184
-7.855452 -69.520288 858.592211 8537.730758 0.228940 0.937601 -0.261709 0.560190 -0.346769 -0.752289 0.796099 -0.025623 0.604624
-4.960270 -58.737664 1466.409918 7017.051701 0.244566 0.912108 -0.329008 0.511843 -0.409627 -0.755131 0.823532 -0.016279 0.567037
-6.586616 -74.257135 1712.052758 6964.957942 0.206765 0.934559 -0.289565 0.653410 -0.352184 -0.670090 0.728219 0.050654 0.683470
119.674779 -48.801361 29184.978364 -2836.967533 -0.280119 0.959915 0.009838 0.940567 0.276494 -0.197191 0.192007 0.045983 0.980316
4.856753 -42.603931 -2467.386696 -2161.886917 -0.179658 0.983245 -0.030865 0.935449 0.161048 -0.314640 0.304397 0.085400 0.948709
77.130935 -63.100395 23072.882098 -5136.648724 -0.426141 0.903474 0.046256 0.861356 0.420842 -0.284532 0.276534 0.081407 0.957550
182.903997 -61.446850 59539.137328 -4896.624057 -0.408607 0.911798 0.040795 0.888243 0.407536 -0.211986 0.209913 0.050383 0.976421
11.951572 -73.133263 12274.678024 -12077.989210 -0.661177 0.736070 0.145076 0.665406 0.664671 -0.339776 0.346527 0.128118 0.929250
144.929048 -84.345051 64092.222931 -3584.950690 -0.539050 0.841575 0.034288 0.789914 0.519250 -0.326213 0.292337 0.148761 0.944674
-3.438955 -33.663784 16621.835042 -562.114067 -0.077277 0.983276 -0.164915 0.793796 -0.039405 -0.606906 0.603255 0.177808 0.777476
-10.605576 -42.114312 15594.216790 5621.607131 0.269369 0.880301 -0.390527 0.783733 -0.436038 -0.442305 0.559646 0.186926 0.807376
-15.919738 -34.613246 1310.483560 854.076799 0.124201 0.950108 -0.286128 0.796316 -0.267480 -0.542526 0.591992 0.160466 0.789808
-25.877253 -35.050658 -13394.805576 -2130.160275 0.133288 0.957477 -0.255876 0.763200 -0.263869 -0.589830 0.632266 0.116667 0.765917
-13.878118 -35.369089 14329.527805 -6643.270721 -0.205237 0.977736 -0.043699 0.744894 0.127088 -0.654967 0.634832 0.166974 0.754393
-11.392546 -43.986147 264.322905 -442.729322 -0.030688 0.989474 -0.141423 -0.973100 0.002746 0.230366 -0.228329 -0.144688 -0.962773
-9.613900 -42.464594 807.000464 -255.748059 0.016966 0.995659 -0.091519 -0.937486 0.047663 0.344744 -0.347609 -0.079949 -0.934225
-10.567019 -43.938199 289.767553 527.682177 -0.013576 0.993952 -0.108969 -0.976821 0.010100 0.213818 -0.213626 -0.109346 -0.970777
-3.455871 -71.099239 -610.455848 -5919.446539 0.282164 -0.400254 -0.871883 0.447505 0.858795 -0.249422 0.848601 -0.319794 0.421437
-1.692376 -85.239370 638.719043 -8118.816816 0.269594 -0.385562 -0.882418 0.326503 0.898666 -0.292909 0.905933 -0.209146 0.368162
-1.964104 -71.016503 -1148.634949 -8598.748789 0.270086 -0.443543 -0.854590 0.502835 0.821898 -0.267658 0.821103 -0.357427 0.445012
-4.218885 -59.923258 -1798.317665 -4019.072746 0.282505 -0.440868 -0.851955 0.579437 0.786225 -0.214716 0.764490 -0.432995 0.477567
3.167416 -59.254215 -5306.535135 -6554.992034 0.303764 -0.457182 -0.835890 0.604697 0.770500 -0.201670 0.736253 -0.444201 0.510507
6.439669 -82.566933 -3363.582526 -13372.163987 0.292357 -0.408007 -0.864903 0.507950 0.832543 -0.221042 0.810256 -0.374704 0.450647
-10.835123 -46.577809 -1175.417029 -1771.744112 -0.124931 0.962054 -0.242577 0.970660 0.169142 0.170907 0.205452 -0.214109 -0.954959
-12.275513 -50.120715 -1300.889903 1097.253878 -0.161867 0.960640 -0.225766 -0.907114 -0.234921 -0.349223 0.388515 -0.148268 -0.909435
-10.379176 -48.829348 -1120.325862 1469.107987 -0.150215 0.952776 -0.263921 -0.923420 -0.230573 -0.306808 0.353172 -0.197622 -0.914448
-1.373942 -195.838916 -218.359673 -10566.558890 -0.424520 0.190881 0.885069 0.787313 0.560557 0.256738 -0.447125 0.805817 -0.388251
0.432681 -204.684663 -993.118701 1722.708745 -0.404812 0.222607 0.886889 0.906450 0.225312 0.357188 -0.120314 0.948515 -0.292992
3.641076 -207.077790 -1696.552767 -11595.819246 -0.427759 0.174604 0.886869 0.806626 0.516502 0.287368 -0.407893 0.838296 -0.361778
2.293246 -202.837137 -1345.675465 -11390.556756 -0.447547 0.149727 0.881637 0.629427 0.753061 0.191626 -0.635235 0.640688 -0.431272
-5.348091 -191.509050 1121.593091 -18112.448169 -0.421674 0.162167 0.892128 0.600639 0.787018 0.140838 -0.679281 0.595235 -0.429269
-9.095568 -117.453657 -367.184281 -5310.239918 0.271736 -0.318099 -0.908280 -0.507610 0.754454 -0.416091 0.817613 0.574119 0.043542
-8.029421 -111.504814 -310.188279 -3975.697999 0.284814 -0.337735 -0.897115 -0.356111 0.831621 -0.426136 0.889981 0.440842 0.116586
-8.996941 -112.183377 -681.583254 -4047.867261 0.270172 -0.335715 -0.902387 -0.517367 0.739811 -0.430129 0.811996 0.583074 0.026188
-9.234643 -118.472870 570.441974 3684.199462 -0.256415 0.303625 0.917640 0.666487 -0.632046 0.395364 0.700033 0.712973 -0.040297
-8.773032 -124.572829 -793.229411 -4017.498885 0.275056 -0.284859 -0.918259 -0.636482 0.661885 -0.395979 0.720580 0.693372 0.000748
37.831535 -38.260695 -1788.636694 -788.779616 0.313837 0.873631 -0.371853 0.948186 -0.267961 0.170705 0.049491 -0.406160 -0.912461
32.947661 -39.528060 -8592.867828 -1764.516062 0.403448 0.779507 -0.479165 0.914305 -0.322989 0.244387 0.035737 -0.536700 -0.843016
45.580908 -37.250120 -4934.852548 2648.938228 0.298847 0.856108 -0.421628 0.937022 -0.179546 0.299589 0.180778 -0.484606 -0.855848
23.418488 -38.044693 -6628.749939 -329.199571 0.449517 0.767104 -0.457696 0.893211 -0.391980 0.220287 -0.010425 -0.507842 -0.861387
36.148999 -37.892164 6370.176540 410.652197 0.168086 0.970269 -0.174142 0.979953 -0.145299 0.136311 0.106955 -0.193563 -0.975240
30.488655 -36.286619 -6545.778894 254.078798 0.289109 0.870443 -0.398429 0.957183 -0.269248 0.106331 -0.014721 -0.412111 -0.911015
35.813820 -39.122032 1868.307769 -73.976355 0.180093 0.951167 -0.250696 0.983639 -0.175328 0.041406 -0.004570 -0.254051 -0.967180
-20.307602 -127.392813 2728.145361 -14376.118174 -0.447190 0.254983 0.857324 0.791573 0.559104 0.246606 -0.416453 0.788915 -0.451863
-26.205207 -113.123246 3680.107165 812.734033 -0.379355 0.360106 0.852299 0.733135 0.678937 0.039456 -0.564449 0.639818 -0.521565
-19.713015 -126.393109 2959.830219 1890.671713 -0.399379 0.301266 0.865873 0.738604 0.665233 0.109220 -0.543102 0.683157 -0.488196
-15.968872 -133.719879 1204.117492 -9578.226497 -0.459995 0.234148 0.856492 0.811745 0.501796 0.298782 -0.359825 0.832692 -0.420893
-32.721457 -161.035989 -2512.232953 -20033.960171 -0.287978 0.303582 0.908244 0.942931 0.255463 0.213588 -0.167181 0.917920 -0.359825
-2780.088804 -5682.270425 2882056.094055 -2294283.941620 -0.198079 0.007813 -0.980155 0.928886 0.320759 -0.185161 0.312947 -0.947129 -0.070793
-168.696651 -2010.696280 -143073.116473 -88573.041412 0.772516 -0.048722 -0.633124 -0.463695 0.637901 -0.614874 -0.433828 -0.768576 -0.470196
-477.312691 -2258.363510 -181295.395974 1144656.502396 0.791663 0.251675 -0.556712 -0.501118 0.788746 -0.356034 -0.349500 -0.560837 -0.750541
-10.539734 -38.117904 -1170.549125 -1183.908531 -0.320356 0.917014 0.237608 -0.328826 -0.342878 0.879948 -0.888395 -0.203765 -0.411381
-6.727724 -42.422477 -1749.791668 -1784.249976 -0.350269 0.890843 0.289328 -0.191073 -0.370360 0.909024 -0.916953 -0.263120 -0.299941
-14.021670 -38.156878 -2595.848488 -1808.246721 -0.330950 0.892294 0.307055 -0.278435 -0.403241 0.871706 -0.901635 -0.202996 -0.381899
-14.320746 -34.138053 -1302.305840 -1276.031677 -0.269205 0.935392 0.229281 -0.399422 -0.325068 0.857201 -0.876351 -0.139183 -0.461126
-12.550903 -34.003103 -554.577785 -501.917456 -0.254172 0.953075 0.164452 -0.458160 -0.268399 0.847379 -0.851755 -0.140035 -0.504880
-9.134686 -794.958885 -12715.930240 291075.441312 -0.317493 0.715164 0.622686 -0.566273 0.383726 -0.729444 0.760614 0.584204 -0.283148
-2.225740 -708.019216 14832.163184 190812.974152 -0.414292 0.647775 0.639335 -0.399982 0.501401 -0.767210 0.817543 0.573572 -0.051372
0.080018 -444.415993 -5212.411761 -161926.679277 -0.350830 0.775133 0.525441 0.824038 -0.011001 0.566427 0.444837 0.631703 -0.634879
-80.252815 -1825.834514 -10595.278740 463133.043902 0.376169 -0.655722 -0.654619 -0.018677 0.701002 -0.712915 0.926363 0.280402 0.251448
2.324601 -1641.432456 -48796.759488 -701297.284214 -0.231815 0.760901 0.606046 0.804413 -0.200370 0.559259 0.546975 0.617156 -0.565630
-9.222409 -2980.906896 43760.212633 1286279.431245 0.239830 -0.547621 -0.801619 -0.305830 0.741058 -0.597747 0.921385 0.388517 0.010249
30.965026 -154.437973 3108.029119 -27503.724817 -0.068801 0.959289 0.273916 0.968575 0.130012 -0.212035 -0.239015 0.250720 -0.938089
26.880432 -154.737200 2510.221678 -18532.014779 -0.121168 0.952545 0.279243 0.992439 0.121804 0.015140 -0.019591 0.278966 -0.960101
22.555707 -107.143879 -975.254976 -5461.062752 -0.063153 0.957346 0.281958 0.979256 0.113946 -0.167553 -0.192534 0.265527 -0.944683
34.551396 -242.517375 3936.361918 -41313.175025 -0.146136 0.962792 0.227323 0.983752 0.117208 0.135993 0.104289 0.243503 -0.964277
38.265544 -163.604449 4470.790082 28530.893778 -0.086485 0.974716 0.206031 -0.968703 -0.130573 0.211104 -0.232669 0.181325 -0.955503
-8.529009 -64.311606 10049.727673 -7994.293101 -0.686258 -0.270572 -0.675160 0.165094 0.846065 -0.506870 0.708374 -0.459308 -0.535949
13.940443 -45.930466 17065.972628 -2666.573744 -0.723956 -0.561607 -0.400605 0.004590 0.576782 -0.816885 0.689831 -0.593228 -0.414987
18.357561 -40.916368 8573.658907 -3545.376454 -0.685307 -0.516922 -0.512979 0.007120 0.699605 -0.714494 0.728220 -0.493300 -0.475763
6.275657 -56.954624 6215.212142 -6520.310516 -0.667176 -0.259210 -0.698345 0.103639 0.896083 -0.431619 0.737655 -0.360341 -0.570981
22.776464 -29.267967 3391.555736 -3638.470628 -0.634819 -0.550401 -0.542276 -0.032310 0.720125 -0.693092 0.771985 -0.422467 -0.474933
53.453183 -22.490407 -14229.064016 2091.111956 0.577493 0.785304 0.223160 -0.211129 0.407707 -0.888369 0.788623 -0.465911 -0.401248
-12.819392 -51.064685 1448.925517 228.601128 0.885823 -0.432593 0.167871 -0.037796 -0.427836 -0.903066 -0.462481 -0.793612 0.395337
-6.438368 -48.800112 2572.455362 905.493276 0.902926 -0.424885 0.064792 -0.075603 -0.305413 -0.949214 -0.423095 -0.852171 0.307888
-10.472498 -48.632203 1890.400300 -331.741381 0.903029 -0.407964 0.134555 -0.109765 -0.521954 -0.845882 -0.415321 -0.749086 0.516119
-15.201074 -49.527829 941.099675 -1334.133495 0.882562 -0.423242 0.204819 -0.110671 -0.610350 -0.784362 -0.456986 -0.669581 0.585513
16.100442 -40.704078 5215.116439 1056.886046 -0.003037 0.861822 -0.507201 0.658036 -0.380194 -0.649955 0.752981 0.335731 0.565955
23.123747 -41.288832 2782.869603 1395.956599 0.024377 0.895622 -0.444147 0.663402 -0.346853 -0.663017 0.747866 0.278485 0.602612
20.030910 -43.767946 4765.947585 1949.199460 0.018697 0.857175 -0.514686 0.729879 -0.363520 -0.578904 0.683320 0.364835 0.632431
7.119052 -43.251911 5156.611899 1264.647677 0.014871 0.829905 -0.557706 0.715568 -0.398413 -0.573785 0.698385 0.390544 0.599779
28.755839 -58.761673 8010.139583 10020.639304 0.954074 -0.282372 -0.100047 -0.151818 -0.167843 -0.974053 -0.258253 -0.944508 0.203003
108.530457 -58.915876 31634.032104 13257.302603 0.917498 -0.323801 -0.230976 -0.267623 -0.072983 -0.960756 -0.294237 -0.943306 0.153619
32.438524 -78.006556 8102.039006 9483.732751 0.934014 -0.323053 -0.152494 -0.243412 -0.263077 -0.933564 -0.261473 -0.909080 0.324352
8.362309 -74.151456 2462.273534 7335.362771 0.947757 -0.302042 -0.102602 -0.201991 -0.319298 -0.925877 -0.246893 -0.898231 0.363627
4.283056 -56.996143 2643.449254 7223.524618 0.958304 -0.277319 -0.068904 -0.134196 -0.223873 -0.965335 -0.252280 -0.934331 0.251754
0.826173 -126.742213 -557.483893 13685.972023 0.533510 0.712763 0.455341 0.736065 -0.656456 0.165150 -0.416624 -0.247051 0.874866
-0.529705 -123.347953 -694.243234 13013.976996 0.540821 0.699028 0.467839 0.732426 -0.664851 0.146713 -0.413600 -0.263312 0.871552
0.043477 -169.667244 -628.751981 36380.879943 0.525920 0.718386 0.455334 0.682329 -0.675968 0.278380 -0.507775 -0.164282 0.845681
0.144637 -102.608127 403.364149 -5299.591616 -0.564173 -0.685539 -0.460159 0.761866 -0.647045 0.029882 -0.318229 -0.333721 0.887334
2.193995 -167.080867 -877.070185 40574.388264 0.516477 0.728661 0.449783 0.695648 -0.663327 0.275809 -0.499325 -0.170442 0.849485
1.883262 -102.185163 -184.200066 -10835.711091 0.555548 0.700228 0.448383 0.757969 -0.648180 0.073118 -0.341832 -0.299240 0.890846
2.986984 -123.448719 -437.772968 10783.009565 0.526737 0.727016 0.440451 0.738237 -0.648121 0.186939 -0.421373 -0.226689 0.878099
-2.568564 -21.942394 -295.440227 -2384.730816 0.093993 -0.418571 0.903307 0.730974 0.645004 0.222818 -0.675902 0.639350 0.366590
-1.695409 -28.689961 -799.478164 1094.024358 0.294638 -0.218946 0.930189 0.642139 0.766242 -0.023041 -0.707705 0.604099 0.366358
-2.954481 -31.351910 -1763.573156 -2010.593577 0.049503 -0.459929 0.886575 0.758916 0.594392 0.265978 -0.649304 0.659669 0.378472
5.628130 -32.296650 -4465.054462 -4214.475253 -0.137156 -0.583570 0.800396 0.774113 0.440990 0.454178 -0.618011 0.681890 0.391264
11.491478 -131.590464 4318.876651 14095.780945 -0.858557 0.308747 -0.409335 0.222560 0.943645 0.244952 0.461896 0.119204 -0.878887
18.379134 -127.697858 5480.853019 14801.145945 -0.864738 0.267015 -0.425361 0.188315 0.957550 0.218254 0.465581 0.108630 -0.878313
12.430466 -112.371460 4479.015290 8070.114179 -0.855437 0.316805 -0.409710 0.139101 0.902562 0.407471 0.498877 0.291575 -0.816153
5.787571 -113.944100 1491.097850 7477.580195 -0.851225 0.338112 -0.401367 0.152828 0.891358 0.426761 0.502055 0.301930 -0.810419
-6.999928 -186.617582 -2055.989089 2302.890529 0.918961 -0.115356 0.377100 0.352702 -0.187298 -0.916799 -0.176388 -0.975506 0.131433
-7.003161 -192.394151 3462.873107 -3089.031426 0.935053 -0.038919 0.352366 0.328167 -0.280964 -0.901868 -0.134102 -0.958929 0.249944
-7.516081 -179.700602 -2273.284112 -14965.636593 0.922452 -0.120749 0.366744 0.263568 -0.497195 -0.826637 -0.282159 -0.859195 0.426813
-6.220135 -203.669838 3878.168125 10432.881298 0.929314 -0.028182 0.368214 0.368635 0.011399 -0.929504 -0.021998 -0.999538 -0.020982
-4.944796 -190.734582 -2139.865116 12968.259167 0.916376 -0.111488 0.384481 0.391396 0.047864 -0.918977 -0.084053 -0.992612 -0.087497
36.719682 -1098.569815 9.553649 -297820.716622 0.907511 -0.360236 0.215993 0.404010 0.889299 -0.214298 0.114884 -0.281741 -0.952588
17.734290 -498.482318 -3251.684782 -45917.151416 -0.866567 0.430727 -0.252063 0.402630 0.901826 0.156844 0.294874 0.034428 -0.954916
93.504940 -2344.197892 1270.559532 -827852.602769 0.893920 -0.420332 0.155655 0.441604 0.766426 -0.466452 -0.076767 -0.485708 -0.870744
37.103966 -766.305966 203.662200 -125601.859970 0.924973 -0.293588 0.241311 0.379027 0.666517 -0.641945 -0.027629 -0.685245 -0.727788
24.754643 -33.022567 440.392152 -2332.595811 -0.139440 0.940144 -0.310942 0.335566 0.340293 0.878405 -0.931640 -0.018143 0.362931
23.290817 -32.402248 1929.802723 -6595.827465 -0.084779 0.953400 -0.289552 0.272917 0.301704 0.913505 -0.958295 0.001578 0.285777
21.206544 -39.940034 2846.426236 258.191762 -0.069879 0.970140 -0.232261 0.429000 0.239426 0.870996 -0.900598 0.038775 0.432921
-15.364907 -26.851456 409.685895 1062.094415 -0.476089 0.851223 -0.220814 0.805949 0.522806 0.277703 -0.351831 0.045754 0.934945
-18.700432 -31.030363 377.840042 1621.941201 -0.640353 0.714888 -0.280861 0.641709 0.698892 0.315848 -0.422087 -0.022023 0.906288
-16.536503 -29.748259 495.676768 1700.029348 0.681250 -0.685800 0.256080 0.638577 0.727757 0.250178 -0.357936 -0.006907 0.933721
-1902.226038 -5971.289730 -1716764.165748 -7246186.416990 -0.489416 -0.522583 -0.698125 0.536832 0.450340 -0.713446 0.687228 -0.723948 0.060136
-5074.662056 -11770.981354 -4362109.481521 16517027.310312 0.461970 0.411283 -0.785767 0.847238 0.057318 0.528112 0.262241 -0.909704 -0.321975
-2029.980644 -4523.721837 1321488.538476 -3409202.412624 0.380986 0.920697 0.084656 -0.457937 0.267449 -0.847800 0.803208 -0.284233 -0.523516
-1838.066545 -3749.452908 1184117.357476 -1550005.548932 0.233363 0.918973 0.317853 0.146643 0.289880 -0.945762 0.961269 -0.267317 0.067114
258.147051 -4152.176889 612106.795284 -5451611.580526 -0.001853 0.872679 0.488291 -0.306082 0.464361 -0.831073 0.952003 0.150997 -0.266251
-1546.867743 -3793.326307 960563.524177 -2157384.248065 -0.450201 0.879749 -0.152841 -0.665973 -0.444840 -0.598830 0.594810 0.167806 -0.786156
-5208.189891 -8386.235541 -3935837.044271 6501893.952861 0.968689 -0.212585 0.128254 0.229016 0.964579 -0.130914 0.095881 -0.156187 -0.983063
18.297911 -436.211907 499.791986 -116147.733945 -0.007113 0.930934 0.365118 -0.310742 -0.349108 0.884060 -0.950468 0.107169 -0.291764
20.251905 -715.999978 -3987.700924 -220504.307187 -0.093845 0.933341 0.346507 -0.269234 -0.358867 0.893716 -0.958492 0.009420 -0.284965
18.170582 -295.345612 -2949.024454 -63014.784881 -0.082644 0.938797 0.334409 -0.533605 -0.325088 0.780758 -0.841686 0.113918 -0.527813
24.336673 -514.365528 -1853.829371 -204925.471681 -0.049360 0.918599 0.392097 -0.494857 -0.363496 0.789296 -0.867571 0.155072 -0.472517
-58.194021 -79.981150 1327.952964 4960.375191 0.001092 0.961436 0.275025 -0.804327 0.164261 -0.571032 0.594187 0.220587 -0.773488
-42.793694 -60.821242 -601.095888 -3773.821497 0.860361 0.477126 -0.179248 0.053712 0.264850 0.962792 -0.506847 0.837977 -0.202240
-42.375491 -64.719666 119.142389 -2666.481842 0.875748 0.415396 -0.245992 0.196820 0.158067 0.967614 -0.440827 0.895802 -0.056669
-40.822075 -67.225858 15.516826 -707.931935 0.923574 0.273633 -0.268581 0.240112 0.133356 0.961542 -0.298927 0.952544 -0.057462
-39.795796 -66.011021 2861.789713 2069.821018 -0.118890 0.981140 -0.152411 0.386486 0.187123 0.903113 -0.914600 -0.048466 0.401444
7.310643 -23.528174 3121.681874 -1907.551832 0.236772 0.956301 0.171543 -0.903188 0.281717 -0.323862 0.358036 0.078254 -0.930423
9.748208 -29.062406 3954.559718 -1813.200289 0.251577 0.950939 0.180064 -0.925837 0.290670 -0.241528 0.282018 0.105947 -0.953541
16.405729 -24.776712 3339.354509 -2016.547742 0.171199 0.978597 0.114190 -0.925945 0.199412 -0.320718 0.336625 0.050827 -0.940266
1.732423 -28.523540 3058.151271 -2026.896124 0.317248 0.926772 0.201115 -0.900146 0.361022 -0.243720 0.298480 0.103713 -0.948764
0.321680 -24.152180 2360.133172 -1836.368053 0.322317 0.925546 0.198686 -0.876395 0.371094 -0.306956 0.357833 0.075190 -0.930753
12.001677 -44.955631 4883.745917 311.739502 0.468516 0.874393 0.126211 -0.457643 0.118009 0.881270 -0.755683 0.470649 -0.455449
21.242776 -47.331828 5252.427008 95.654951 0.433195 0.890378 0.139888 -0.558000 0.143059 0.817417 -0.707798 0.432158 -0.558803
0.053310 -54.873145 -674.048380 553.875719 -0.237930 0.947637 -0.213012 -0.281262 0.142692 0.948963 -0.929667 -0.285699 -0.232583
-8.857069 -94.519405 2469.412443 4861.788808 0.112727 0.959459 -0.258324 0.890935 -0.212705 -0.401237 0.439918 0.184920 0.878793
-7.594084 -87.310042 1999.033729 7200.633928 0.156306 0.952125 -0.262727 0.779171 -0.282334 -0.559624 0.607009 0.117237 0.785999
-4.999551 -86.393642 1821.551387 3579.094199 0.125524 0.955946 -0.265352 0.881600 -0.230148 -0.412084 0.455001 0.182208 0.871651
-5.200749 -90.016111 1839.459988 975.212393 0.085325 0.963088 -0.255307 0.959481 -0.148488 -0.239473 0.268543 0.224529 0.936734
-0.856306 -77.711829 591.202126 1713.077770 0.153187 0.952393 -0.263593 0.873019 -0.255406 -0.415457 0.463002 0.166479 0.870582
-1.210216 -82.036035 949.614593 1091.022733 0.094010 0.963988 -0.248776 0.950553 -0.161204 -0.265447 0.295991 0.211520 0.931477
24.978206 -38.851859 5319.101674 276.684079 -0.096142 0.987699 -0.123319 0.960543 0.059579 -0.271674 0.260985 0.144572 0.954456
8.460342 -40.677769 2139.232846 -297.529106 0.047163 0.983686 -0.173602 0.924156 -0.108928 -0.366156 0.379093 0.143166 0.914217
-20.225434 -104.724108 10702.912773 -38977.804172 0.688438 0.493106 -0.531883 -0.524660 0.844908 0.104221 0.500785 0.207308 0.840380
-15.014126 -100.693435 3488.273083 -45779.018695 0.614432 0.592166 -0.521356 -0.584538 0.785489 0.203280 0.529895 0.179850 0.828774
-23.621418 -44.045688 9680.484423 5939.783147 0.475524 0.745823 -0.466503 0.700775 -0.641720 -0.311624 0.531781 0.178729 0.827808
-20.412268 -196.030638 -1444.130425 -100892.610544 0.736530 0.432647 -0.519942 -0.491902 0.870222 0.027307 0.464279 0.235648 0.853765
-30.175142 -108.314727 6695.544394 -37955.394465 0.807693 0.300079 -0.507528 -0.361698 0.931971 -0.024581 0.465626 0.203426 0.861284
-21.414670 -184.697258 7194.209836 -82436.255408 0.794481 0.338379 -0.504280 -0.422419 0.904506 -0.058574 0.436304 0.259554 0.861551
19.603255 -47.735893 -1574.602675 -542.455615 0.215378 0.973298 -0.079393 -0.932322 0.229132 0.279775 -0.290496 -0.013763 -0.956777
12.613940 -47.430747 -1339.616457 -73.237519 0.198152 0.975478 -0.095805 -0.964710 0.211385 0.157004 -0.173406 -0.061313 -0.982940
17.746522 -46.539139 -3158.713894 -194.889410 0.225005 0.971214 -0.078208 -0.961133 0.234415 0.145854 -0.159989 -0.042351 -0.986210
13.596124 -48.197994 -80.378973 -532.346441 0.153232 0.983093 -0.100242 -0.966247 0.170315 0.193287 -0.207091 -0.067240 -0.976008
19.774356 -49.626284 299.663057 -872.399730 0.214547 0.972738 -0.088032 -0.887047 0.231782 0.399279 -0.408798 0.007576 -0.912593
17.073995 -49.597168 -107.220823 -668.680137 0.153008 0.982241 -0.108583 -0.932605 0.179864 0.312886 -0.326860 -0.053391 -0.943564
19.739826 -48.584081 -80.297270 -758.194932 0.248760 0.965772 -0.073509 -0.888308 0.257738 0.380105 -0.386040 0.029256 -0.922018
-0.546220 -83.952055 -154.997017 -4852.196401 0.296103 -0.350506 -0.888520 0.282652 0.920727 -0.269016 0.912376 -0.171486 0.371702
0.816607 -102.882625 844.296833 -9320.763362 0.288625 -0.323561 -0.901112 0.122265 0.945917 -0.300487 0.949603 -0.023447 0.312576
-10.984207 -47.486899 298.988104 -1153.495943 -0.129643 0.982540 -0.133443 0.987522 0.140075 0.071971 0.089406 -0.122448 -0.988440
-11.566757 -50.234664 1037.079511 1427.748466 -0.155128 0.979768 -0.126455 -0.957424 -0.180653 -0.225177 0.243465 -0.086139 -0.966077
-11.869751 -45.666691 -313.501298 -1563.874321 -0.111222 0.978410 -0.174196 0.989872 0.124628 0.067980 0.088222 -0.164871 -0.982362
0.006071 -191.186511 500.192550 7329.677428 -0.390251 0.209786 0.896490 0.919948 0.128407 0.370414 -0.037408 0.969279 -0.243103
-0.144216 -201.545123 -612.389460 7938.065010 -0.378617 0.219518 0.899144 0.911094 -0.082648 0.403827 0.162960 0.972101 -0.168710
1.841156 -211.025572 -340.246703 7506.242172 -0.385593 0.198426 0.901080 0.908998 -0.085798 0.407874 0.158244 0.976353 -0.147285
5.945573 -226.532573 -2569.265037 4469.159952 -0.419747 0.183229 0.888954 0.902554 0.187813 0.387457 -0.095964 0.964963 -0.244208
-5.926702 -109.054881 243.794004 221.236522 0.289433 -0.338514 -0.895342 -0.202433 0.892573 -0.402907 0.935548 0.297862 0.189814
-5.096527 -107.168083 551.657248 -1132.360906 0.289429 -0.315745 -0.903624 -0.184383 0.907959 -0.376317 0.939273 0.275529 0.204571
-4.304805 -107.100608 987.062861 2611.017645 0.283890 -0.297556 -0.911519 -0.028372 0.947608 -0.318173 0.958437 0.116187 0.260574
-5.093471 -104.059803 243.808393 -5972.235799 0.298302 -0.298450 -0.906611 -0.171830 0.917546 -0.358587 0.938877 0.262750 0.222423
-4.374815 -99.125871 434.668508 -2593.994557 0.298325 -0.294661 -0.907842 -0.026806 0.948192 -0.316566 0.954088 0.118775 0.274970
-20.923754 -98.061056 -1449.884868 -3693.693736 -0.182991 0.358410 0.915454 0.761916 0.640168 -0.098332 -0.621288 0.679505 -0.390223
-18.044048 -106.096128 -2424.282949 -4683.851111 -0.194676 0.375069 0.906325 0.854948 0.517808 -0.030647 -0.480796 0.768895 -0.421469
-18.731867 -98.825428 -3553.184424 -2992.796184 -0.244190 0.390011 0.887842 0.774400 0.629498 -0.063537 -0.583675 0.672029 -0.455741
-20.757817 -107.603170 -886.353364 -4343.880076 -0.144038 0.347439 0.926574 0.867402 0.495012 -0.050776 -0.476306 0.796398 -0.372670
-20.757156 -91.231007 -2243.081443 -3001.676396 -0.243967 0.363641 0.899025 0.647151 0.751480 -0.128346 -0.722271 0.550493 -0.418667
-23.016356 -88.261630 -394.674993 -4297.750130 -0.171976 0.323691 0.930402 0.608156 0.777890 -0.158219 -0.774965 0.538620 -0.330633
-37.714170 -324.801083 2791.480492 76598.234354 -0.482735 0.360587 0.798088 0.609067 0.793054 0.010091 -0.629288 0.490961 -0.602457
-97.910443 -120.419089 21257.963523 -6189.450842 -0.358502 0.439934 0.823368 0.775983 0.630753 0.000853 -0.518966 0.639226 -0.567507
-11.651809 -973.665203 17192.818469 309790.838303 0.711107 -0.113907 -0.693795 0.464265 0.817132 0.341692 -0.528001 0.565084 -0.633952
-75.627357 -262.830431 11923.054027 -92675.150735 -0.465257 0.412734 0.783062 0.822207 0.529196 0.209588 -0.327890 0.741352 -0.585565
-2.651722 -46.229643 -2882.341495 -1265.348089 -0.365924 0.871472 0.326551 -0.030121 -0.361794 0.931772 -0.930157 -0.331122 -0.158638
3.635761 -46.752480 91.644885 -680.720233 -0.327470 0.911010 0.250650 -0.054636 -0.283090 0.957536 -0.943281 -0.299870 -0.142477
-13.368540 -42.457259 -4349.090941 -2147.717416 -0.357311 0.864485 0.353545 -0.151952 -0.427296 0.891251 -0.921542 -0.264732 -0.284038
9.945847 -48.856625 -869.553102 -181.016196 -0.352837 0.889745 0.289587 0.120834 -0.263572 0.957042 -0.927850 -0.372672 0.014513
-13.121280 -46.508741 -6266.857660 -1578.318868 -0.361543 0.843681 0.396850 -0.009406 -0.428921 0.903293 -0.932308 -0.322846 -0.163009
-1.452478 -49.223653 -5989.311788 -644.517516 -0.389769 0.847281 0.360825 0.127479 -0.338399 0.932328 -0.912047 -0.409390 -0.023887
-24.595185 -31.329687 -3731.457650 1560.541298 0.401324 0.913088 -0.072173 -0.522496 0.163505 -0.836818 0.752288 -0.373545 -0.542704
-17.647423 -25.156631 -2984.104985 278.801009 0.467447 0.881995 -0.059809 -0.532258 0.226781 -0.815642 0.705828 -0.413103 -0.575458
-23.309897 -28.301129 -2310.621307 -2016.760177 0.644543 0.678044 0.353299 -0.274555 0.636530 -0.720729 0.713571 -0.367541 -0.596431
-36.221445 -882.667289 14303.819865 -312593.780449 -0.293388 0.620432 0.727315 0.894315 -0.090724 0.438144 0.337824 0.778995 -0.528244
-7.127581 -2205.985166 2976.611245 -846561.621922 0.449340 -0.510819 -0.732910 0.395798 0.849317 -0.349291 0.800898 -0.133134 0.583814
21.143582 -133.415336 -1347.753401 -11741.183903 -0.134049 0.956427 0.259381 0.990463 0.120896 0.066090 0.031852 0.265767 -0.963511
24.809732 -202.088888 2658.796613 -30124.525703 -0.180608 0.947933 0.262305 0.953582 0.103425 0.282817 0.240962 0.301208 -0.922611
-34.361355 -55.780344 -2612.948716 1842.422513 0.215667 0.970634 0.106569 0.865169 -0.240545 0.440023 -0.452736 0.002698 0.891640
-41.335807 -55.495477 -3808.537321 2558.356239 0.315702 0.946725 0.063588 0.852445 -0.312419 0.419204 -0.416737 0.078138 0.905663
-37.435531 -56.674651 -3766.580557 1935.918890 0.254251 0.961898 0.100545 0.808298 -0.268427 0.524024 -0.531047 0.051963 0.845748
-33.388667 -57.655464 -2430.081742 802.961718 0.166485 0.977513 0.129428 0.784171 -0.210832 0.583631 -0.597795 -0.004328 0.801638
-38.272624 -54.155513 -2855.987775 -293.312790 0.229531 0.971753 0.054887 0.742548 -0.211292 0.635593 -0.629236 0.105132 0.770071
24.571766 -45.235760 -26508.374177 122.112383 0.751301 0.624309 0.213974 -0.057470 0.384881 -0.921175 0.657452 -0.679783 -0.325040
73.696040 -35.110049 -24417.430019 473.264194 0.637123 0.758849 0.134991 -0.135108 0.282384 -0.949739 0.758828 -0.586863 -0.282440
-8.979030 -50.597537 2536.092752 793.600138 0.894061 -0.431983 0.118513 0.025718 -0.214632 -0.976356 -0.447206 -0.875970 0.180784
-0.765946 -48.468810 3253.166779 476.780268 0.902886 -0.429873 0.002485 -0.037280 -0.084059 -0.995763 -0.428261 -0.898968 0.091921
0.784038 -46.338500 2103.915307 440.348676 0.896473 -0.441161 -0.041388 -0.138848 -0.190987 -0.971723 -0.420782 -0.876870 0.232469
18.138700 -37.282156 2302.616268 321.862827 0.013025 0.903538 -0.428309 0.600315 -0.349625 -0.719294 0.799658 0.247752 0.546961
23.638005 -38.514776 299.090024 189.688745 0.035089 0.928408 -0.369902 0.616179 -0.311505 -0.723386 0.786824 0.202543 0.582996
105.653052 -79.640230 31688.286986 11069.708836 0.864818 -0.395380 -0.309458 -0.393271 -0.150261 -0.907061 -0.312135 -0.906143 0.285440
605.115402 -66.405547 209890.073477 17187.624178 0.815102 -0.437653 -0.379564 -0.405782 0.036291 -0.913249 -0.413461 -0.898411 0.148011
0.337596 -22.269084 -2034.212802 3327.500345 0.406799 -0.052600 0.912002 0.564323 0.799542 -0.205602 -0.718369 0.598303 0.354936
4.556152 -31.658476 -3247.355506 3701.611821 0.459032 0.018068 0.888236 0.489032 0.829556 -0.269601 -0.741713 0.558131 0.371957
-1.375151 -34.891540 -3233.780264 2863.349963 0.374153 -0.099463 0.922018 0.565432 0.812514 -0.141801 -0.735048 0.574394 0.360244
47.634380 -64.610195 -10850.276500 5410.815189 0.179572 0.822248 -0.540058 0.258993 -0.569129 -0.780394 0.949040 -0.000266 0.315156
55.406639 -54.740301 -14262.166646 2864.733748 0.168357 0.849409 -0.500160 0.161102 -0.524290 -0.836161 0.972472 -0.060197 0.225110
42.788291 -64.871397 713.950326 2586.699854 0.173052 0.867669 -0.466051 0.190456 -0.493739 -0.848498 0.966323 -0.058073 0.250695
16.508712 -135.793015 6072.560794 10352.989120 -0.864144 0.284596 -0.415043 0.285090 0.956475 0.062283 0.414704 -0.064503 -0.907667
27.134912 -132.161685 7172.666770 8907.411094 -0.869923 0.236258 -0.432916 0.258680 0.965935 0.007341 0.419903 -0.105601 -0.901405
28.115337 -118.940864 3234.549664 13151.611185 -0.842879 0.196188 -0.501064 0.117369 0.975776 0.184623 0.525147 0.096806 -0.845488
-4.589303 -63.260687 215.688474 -712.357300 0.824990 -0.550290 -0.128735 0.075890 0.333597 -0.939656 -0.560029 -0.765437 -0.316976
-4.014637 -57.836581 44.846249 -1808.633523 0.812039 -0.552343 -0.188443 -0.080086 0.214375 -0.973463 -0.578083 -0.805581 -0.129846
-5.648989 -61.598026 259.917156 -1545.276810 0.818622 -0.550172 -0.164828 0.048291 0.351911 -0.934787 -0.572298 -0.757278 -0.314651
-7.435304 -218.665782 2953.704119 -25791.198084 0.938784 -0.051396 0.340651 0.253692 -0.565849 -0.784510 -0.233078 -0.822905 0.518171
-7.955272 -228.426722 3524.401532 426.314472 0.943831 -0.030166 0.329049 0.317215 -0.196081 -0.927862 -0.092510 -0.980124 0.175498
-19.186982 -34.432553 215.827537 206.829369 -0.223163 -0.944176 0.242343 0.929011 -0.130720 0.346195 -0.295190 0.302397 0.906321
-19.054696 -36.122439 235.559563 -985.806300 -0.072418 -0.950214 0.303067 0.978056 -0.008142 0.208181 -0.195349 0.311493 0.929952
-21.307219 -36.769409 124.851848 11.832729 -0.260150 -0.917787 0.299982 0.920051 -0.141356 0.365411 -0.292965 0.371061 0.881184
-17.423065 -33.997677 1080.693192 -1257.989539 -0.001263 -0.970057 0.242874 0.979155 0.048130 0.197329 -0.203110 0.238061 0.949776
-20.375611 -36.692282 60.636561 643.427289 0.354562 0.902151 -0.245782 0.854490 -0.205899 0.476920 -0.379648 0.379115 0.843883
-17.266669 -31.227885 -1108.910881 43.036803 0.118058 0.973858 -0.194071 0.951911 -0.055348 0.301333 -0.282714 0.220313 0.933560
-18.148623 -32.713103 -883.646894 1278.079130 0.291343 0.947397 -0.132508 0.885687 -0.214797 0.411608 -0.361494 0.237279 0.901677
-18.812819 -35.613508 9.783550 1025.838922 0.365149 0.914499 -0.174232 0.846813 -0.248528 0.470257 -0.386748 0.319256 0.865160
6.104459 -377.408219 896.665137 55628.942453 0.860847 -0.444772 0.247225 0.226540 0.770007 0.596464 0.455655 0.457458 -0.763617
10.266124 -390.050311 -805.576669 67800.994126 0.848521 -0.500837 0.170806 0.269789 0.687137 0.674578 0.455221 0.526312 -0.718171
26.999929 -23.675766 1253.431033 -9813.459406 -0.156385 0.910475 -0.382857 0.179232 0.407350 0.895512 -0.971298 -0.071424 0.226889
23.741099 -18.885717 3109.891678 -13757.041738 -0.031525 0.956151 -0.291171 0.131320 0.292753 0.947128 -0.990839 0.008378 0.134791
16.548201 -42.032000 1912.799051 -5046.409404 -0.017467 0.978126 -0.207278 0.255260 0.204803 0.944933 -0.966715 0.036405 0.253253
31.046686 -1.800477 2447.249965 -14216.069375 -0.124193 0.866559 -0.483376 0.076429 0.494054 0.866065 -0.989310 -0.070615 0.127588
-12.421657 -25.446117 -197.824787 640.496332 -0.083992 0.984670 -0.152873 0.935985 0.130594 0.326922 -0.341875 0.115628 0.932605
-13.545658 -26.703872 -619.895676 852.472564 0.077616 0.988854 -0.127058 0.935702 -0.028260 0.351658 -0.344148 0.146183 0.927466
-14.361208 -27.032333 -30.360288 945.832632 -0.000070 0.992245 -0.124300 0.912262 0.050977 0.406422 -0.409607 0.113365 0.905191
-15.072275 -26.871698 217.457024 867.271969 -0.221448 0.958359 -0.180302 0.884832 0.275189 0.375956 -0.409918 0.076283 0.908927
-13.278544 -25.567016 383.441580 662.746525 -0.256987 0.949203 -0.181578 0.902671 0.302869 0.305706 -0.345171 0.085343 0.934651
-20.773500 -31.487319 -261.688266 690.191650 -0.366084 0.896572 -0.249281 0.745321 0.442885 0.498348 -0.557207 0.003357 0.830367
-20.474706 -30.747434 93.437267 650.255472 -0.081487 0.988174 -0.129889 0.827253 0.139745 0.544172 -0.555888 0.063108 0.828858
-23.996566 -33.040937 -561.904660 684.527459 -0.306735 0.921395 -0.238632 0.712427 0.388518 0.584382 -0.631159 -0.009243 0.775598
-17.486692 -28.790497 38.664928 726.443557 -0.160815 0.973073 -0.165129 0.861933 0.219969 0.456821 -0.480843 0.068867 0.874098
-23.341248 -35.100178 -477.497555 903.001072 -0.524525 0.777705 -0.346480 0.572000 0.623326 0.533180 -0.630627 -0.081479 0.771797
-18.555026 -30.014827 265.232626 941.729075 -0.400265 0.884614 -0.239262 0.777931 0.465999 0.421506 -0.484366 0.017415 0.874692
-21.391666 -33.898366 212.885809 992.626107 -0.551688 0.771656 -0.316523 0.618095 0.633063 0.466037 -0.559999 -0.061466 0.826210
-3695.279195 -7728.491502 -1308486.627083 -6593961.124137 0.986266 -0.066434 -0.151217 -0.158356 -0.120159 -0.980043 -0.046938 -0.990529 0.129029
-3021.371183 -6342.793260 -1658039.074644 862814.491170 0.890048 -0.446886 -0.090046 0.175661 0.518481 -0.836852 -0.420664 -0.729020 -0.539973
4.201111 -249.234351 -5814.993545 -34882.152513 -0.114747 0.936189 0.332241 -0.435719 -0.347993 0.830090 -0.892738 0.049513 -0.447847
-2.762400 -301.175157 -6269.406222 -61170.194804 -0.079773 0.948896 0.305341 -0.183116 -0.315055 0.931241 -0.979849 -0.018375 -0.198891
-60.736478 -92.574590 498.782342 5719.369063 0.328544 0.826701 0.456754 -0.628256 0.552382 -0.547876 0.705232 0.106957 -0.700862
-62.203036 -84.299624 1765.302414 1416.486008 0.078924 0.918688 0.387020 -0.631063 0.346581 -0.694004 0.771706 0.189460 -0.607104
-50.537298 -76.948807 701.682555 4738.793570 -0.376180 0.915096 0.145216 -0.738162 -0.201265 -0.643901 0.560004 0.349416 -0.751201
-51.479589 -79.840678 -167.636663 2182.394261 -0.220667 0.961012 0.166620 -0.703159 -0.038360 -0.709998 0.675925 0.273834 -0.684208
-43.199735 -58.131031 490.669447 391.894999 0.855486 0.506437 -0.108003 -0.062682 0.308313 0.949217 -0.514017 0.805273 -0.295502
17.077993 -30.869590 5028.760998 -1943.269412 0.213280 0.964916 0.153132 -0.941463 0.244868 -0.231704 0.261072 0.094750 -0.960658
13.301771 -34.172370 4610.999593 -1684.312486 0.265605 0.946051 0.185585 -0.942350 0.295404 -0.157205 0.203546 0.133132 -0.969972
4.076486 -33.347329 4185.051330 -1714.882657 0.309939 0.927943 0.207025 -0.925633 0.344234 -0.157180 0.217119 0.142913 -0.965627
0.932795 -42.614604 4718.427112 475.359065 0.493938 0.865013 0.088193 -0.360668 0.111536 0.926001 -0.791166 0.489196 -0.367074
6.163576 -40.838304 4893.736073 804.817904 0.498315 0.863891 0.073303 -0.256905 0.066379 0.964154 -0.828059 0.499285 -0.255016
11.029875 -41.966190 4823.096084 1298.031910 0.085189 0.968312 -0.234765 0.931602 -0.160971 -0.325894 0.353357 0.190944 0.915794
4.225879 -41.521817 3139.311362 -501.345754 0.121943 0.964550 -0.234035 0.878542 -0.214612 -0.426738 0.461837 0.153572 0.873569
2.616310 -42.169237 1346.855561 -1217.447096 0.076613 0.979632 -0.185611 0.870601 -0.156465 -0.466447 0.485988 0.125857 0.864856
11.499378 -46.293619 -2214.999737 -339.758970 0.199522 0.975821 -0.089239 0.977210 -0.204883 -0.055521 -0.072462 -0.076128 -0.994462
9.182063 -46.556036 64.555701 -60.978207 0.154329 0.982990 -0.099565 -0.983824 0.162168 0.076098 -0.090950 -0.086210 -0.992117
1.782369 -100.289833 -882.329213 -6102.577480 0.323238 -0.302041 -0.896821 0.098262 0.953286 -0.285641 0.941202 0.004206 0.337818
2.683585 -117.599086 -75.405031 -6720.756878 0.305698 -0.284335 -0.908682 -0.120220 0.935204 -0.333078 0.944508 0.211063 0.251707
