14483
28953
-43.676244 -70.879347 -1328.055668 11645.166715 -0.031889 0.982063 -0.185838 0.905526 0.107093 0.410552 -0.423090 0.155189 0.892699
-49.159794 -77.142375 -245.370763 10244.158201 0.036628 0.973552 -0.225509 0.859548 0.084414 0.504035 -0.509741 0.212297 0.833723
-47.159593 -89.207874 -1140.265271 9913.267380 -0.162836 0.934929 -0.315266 0.778673 0.318007 0.540870 -0.605931 0.157416 0.779787
-44.228017 -66.059269 266.132406 6180.761906 0.483399 0.874488 -0.039948 0.747984 -0.388900 0.537845 -0.454803 0.289874 0.842097
-33.983586 -99.993988 -3885.792097 17943.651489 -0.232902 0.946050 -0.225270 0.835308 0.313227 0.451828 -0.498013 0.082938 0.863195
-29.481906 -91.014828 -4905.306645 18699.422102 -0.193099 0.972169 -0.132662 0.904982 0.228709 0.358747 -0.379104 0.050783 0.923960
-30.692811 -52.956146 -3842.049287 8388.137137 0.046124 0.996652 -0.067502 0.950310 -0.022952 0.310457 -0.307868 0.078467 0.948188
-37.238684 -50.920386 -560.113445 4505.149658 0.528268 0.848473 0.032048 0.768248 -0.493711 0.407486 -0.361563 0.190641 0.912649
-11.609246 -60.031604 7524.207603 -23639.368953 0.326694 0.903186 0.278436 0.475316 -0.411641 0.777577 -0.816912 0.121685 0.563779
-16.725287 -78.762735 11195.242660 -12241.258771 0.313121 0.932192 0.181585 0.673106 -0.352714 0.650016 -0.669987 0.081308 0.737906
3.191274 -81.130893 15618.365938 -14429.456152 0.266874 0.962425 0.050166 0.663942 -0.221338 0.714277 -0.698541 0.157314 0.698063
17.594502 -58.716653 16028.112484 -26227.748182 0.272638 0.959135 0.075686 0.506237 -0.209905 0.836459 -0.818164 0.189736 0.542778
21.747659 -22.065378 14566.288722 -27095.693645 0.392934 0.868243 0.302915 0.331131 -0.440909 0.834237 -0.857878 0.227496 0.460750
-60.335864 -216.423675 -35204.167114 -53815.810863 -0.290142 0.954403 -0.070227 -0.118084 0.037118 0.992310 -0.949670 -0.296203 -0.101930
-395.074104 -883.658834 -121359.571050 -329075.184572 -0.363056 0.692601 -0.623293 -0.466612 0.443869 0.765019 -0.806513 -0.568581 -0.162027
-76.796590 -328.633408 -47583.432053 -120599.307088 -0.260070 0.965067 0.031775 -0.549342 -0.174941 0.817080 -0.794095 -0.195043 -0.575649
-19.805970 -181.747675 -7906.340157 -64037.107976 -0.111199 0.986460 0.120544 -0.384960 -0.154583 0.909895 -0.916210 -0.054775 -0.396938
1.937312 -173.530936 4313.221024 -65091.948589 -0.057772 0.994499 0.087378 -0.242525 -0.098883 0.965093 -0.968423 -0.034564 -0.246904
225.588672 -69.188875 -10005.749646 21194.371293 0.540546 -0.396701 -0.741915 -0.479258 0.579586 -0.659083 -0.691463 -0.711834 -0.123171
242.894649 -89.432193 79391.132595 -25140.782191 -0.308066 0.690316 0.654645 0.518877 -0.454841 0.723800 -0.797410 -0.562658 0.218068
222.421641 -139.691189 29294.455470 34426.509355 0.699578 -0.271197 -0.661092 -0.520884 0.439786 -0.731620 -0.489152 -0.856178 -0.166403
263.508829 -45.475171 104039.260333 -13876.071627 -0.155935 0.673663 0.722401 0.459945 -0.597702 0.656660 -0.874148 -0.434661 0.216645
274.723955 -126.098574 76551.391217 32161.088806 0.799903 -0.014911 -0.599944 -0.503615 0.527011 -0.684566 -0.326385 -0.849727 -0.414048
258.673661 -35.532409 91364.592052 10081.170820 -0.242190 0.583194 0.775389 -0.477564 0.624009 -0.618503 -0.844557 -0.520093 0.127384
225.420821 -32.070749 -194.018116 11746.275573 -0.518344 0.336388 0.786233 -0.451722 0.672954 -0.585731 -0.726131 -0.658769 -0.196868
292.802177 -65.564137 83404.613369 14509.436824 0.788628 0.002840 -0.614864 -0.484901 0.617744 -0.619083 -0.378070 -0.786374 -0.488547
-11.674210 -41.620888 -2721.568810 714.516370 -0.082860 0.990146 -0.112890 0.839427 0.130400 0.527596 -0.537118 0.051046 0.841961
-20.506324 -43.903889 -2856.245107 528.919340 -0.070946 0.984173 -0.162387 0.822211 0.149871 0.549097 -0.564743 0.094560 0.819831
-10.281170 -42.658480 -3399.595658 377.351419 -0.043201 0.996922 -0.065420 0.758688 0.075340 0.647083 -0.650020 0.021679 0.759608
-19.647870 -42.283617 -2792.271185 698.829318 -0.151376 0.969433 -0.193092 0.890635 0.218501 0.398782 -0.428783 0.111609 0.896487
-11.789831 -39.951224 -1997.970517 707.896446 -0.146943 0.977609 -0.150629 0.896126 0.196042 0.398152 -0.418767 0.076477 0.904868
3.840112 -35.410781 2975.983470 2463.705892 0.036451 0.980888 -0.191131 -0.277415 0.193673 0.941027 -0.960059 -0.018721 -0.279172
4.282825 -39.011803 3223.552463 1576.997022 0.016322 0.992024 -0.124987 -0.366031 0.122255 0.922537 -0.930459 -0.030692 -0.365107
-1.332982 -33.857265 3506.637147 2207.735630 0.038939 0.986121 -0.161395 -0.295832 0.165654 0.940767 -0.954446 -0.011113 -0.298177
-1.345323 -28.538817 3525.032106 2348.032074 0.065829 0.966312 -0.248813 -0.215701 0.257239 0.941967 -0.974238 0.008340 -0.225369
-5.495302 -74.087359 1479.360693 7049.268972 -0.031099 0.995971 -0.084109 -0.969454 -0.050539 -0.240009 0.243293 -0.074075 -0.967120
-4.425474 -85.575093 1996.297707 6310.438982 -0.000127 0.998721 -0.050568 -0.911082 -0.020960 -0.411692 0.412225 -0.046019 -0.909919
-6.172229 -95.280454 23.220059 8770.116610 0.014993 0.995007 -0.098674 -0.908683 -0.027619 -0.416573 0.417218 -0.095909 -0.903731
-3.174842 -90.940295 -1117.079071 -2168.722610 -0.149507 0.987250 -0.054631 -0.173119 -0.080535 -0.981603 0.973487 0.137299 -0.182952
0.219809 -95.472200 -761.522910 425.061978 -0.154408 0.987803 -0.020097 -0.031469 -0.025248 -0.999186 0.987506 0.153649 -0.034984
0.583612 -96.307518 -803.642275 -1892.898674 -0.153601 0.986801 -0.051284 -0.184794 -0.079671 -0.979542 0.970700 0.140981 -0.194593
18.359082 -49.327747 4784.398392 2025.026299 -0.108613 0.579429 0.807753 0.540704 0.716283 -0.441110 -0.834172 0.388845 -0.391097
18.696650 -54.565781 -2159.922914 2123.717882 -0.232318 0.579432 0.781209 0.567964 0.732838 -0.374653 -0.789586 0.356660 -0.499348
18.726219 -45.698865 3354.046280 348.650582 -0.211391 0.506340 0.836023 0.605820 0.739106 -0.294458 -0.767005 0.444233 -0.462991
9.112938 -103.657380 -1254.711381 -6001.624710 -0.323633 0.938437 -0.120822 -0.717540 -0.160182 0.677848 -0.616764 -0.306069 -0.725206
5.485229 -92.646980 -874.041509 -2674.224980 -0.341330 0.930452 -0.133241 -0.705214 -0.159787 0.690755 -0.621424 -0.329739 -0.710707
8.062336 -98.792191 -1360.737768 3860.685217 -0.287239 0.942389 -0.171452 -0.810277 -0.143600 0.568181 -0.510827 -0.302128 -0.804844
11.695369 -103.492112 -954.922569 486.439860 -0.242197 0.960624 -0.136171 -0.824125 -0.129623 0.551376 -0.512014 -0.245763 -0.823069
8.946207 -112.818915 -1937.364614 -5331.421982 0.059232 0.994918 -0.081424 -0.369498 -0.053922 -0.927666 0.927342 -0.085033 -0.364426
11.852554 -115.228544 -6066.860886 1203.652143 0.058123 0.983571 -0.170909 -0.544979 -0.112177 -0.830912 0.836433 -0.141437 -0.529506
1.344126 -114.190993 -1784.811521 1664.448022 0.072808 0.994182 -0.079382 -0.594734 -0.020614 -0.803658 0.800619 -0.105724 -0.589773
9.514354 -145.635401 -1847.370296 -46249.389257 0.869287 -0.020342 -0.493888 -0.008839 0.998353 -0.056676 0.494228 0.053633 0.867676
6.556004 -197.705406 669.820366 -41561.295826 0.855514 0.001855 -0.517777 -0.163803 0.949604 -0.267247 0.491188 0.313447 0.812703
7.831855 -152.735814 -2877.227399 -53893.706949 0.870841 0.035458 -0.490285 -0.044794 0.998969 -0.007317 0.489520 0.028334 0.871532
12.673105 -93.150475 -1300.058834 -37011.540521 0.874237 0.049177 -0.483003 0.019579 0.990476 0.136283 0.485105 -0.128600 0.864948
13.007985 -105.591817 -3054.443632 -36103.094497 0.881610 -0.001196 -0.471977 0.045700 0.995514 0.082842 0.469761 -0.094604 0.877710
5.271961 -160.584531 -1234.951224 -49065.149645 0.873001 0.040806 -0.486008 -0.038094 0.999155 0.015462 0.486229 0.005015 0.873817
4.114412 -137.857264 -4468.601596 -13356.439442 0.929521 -0.011762 -0.368581 -0.240533 -0.776949 -0.581803 0.279525 -0.629454 0.725020
4.028933 -129.071361 -2445.380014 -11742.680508 0.927762 0.009194 -0.373060 -0.181929 -0.861705 -0.473673 0.325823 -0.507326 0.797784
3.869070 -145.416683 -3124.332442 -11296.485054 0.926036 -0.011847 -0.377249 -0.266213 -0.729040 -0.630580 0.267559 -0.684368 0.678271
3.544094 -141.509960 -2827.799575 -6075.459572 0.920275 -0.007955 -0.391191 -0.307634 -0.632505 -0.710844 0.241775 -0.774515 0.584526
-6.904729 -26.948432 6935.732370 -1975.607954 -0.162442 0.973152 0.163057 -0.700066 -0.230122 0.675982 -0.695357 0.004343 -0.718652
-5.589701 -26.650638 -2992.444833 -2230.543970 -0.143449 0.986592 0.077835 -0.709685 -0.157364 0.686720 -0.689761 -0.043271 -0.722743
-5.784849 -24.636907 4154.577190 -230.067996 -0.073665 0.994985 0.067665 -0.751298 -0.099987 0.652346 -0.655840 0.002782 -0.754895
0.929383 -22.896683 -468.787456 2809.625791 -0.020112 0.999726 -0.011973 -0.763777 -0.007635 0.645435 -0.645167 -0.022126 -0.763721
-1.932141 -26.720955 4809.487013 2508.304582 -0.065036 0.996939 0.043387 -0.779915 -0.077905 0.621018 -0.622498 -0.006550 -0.782594
-18.870341 -26.949078 9821.744222 1709.735307 0.047146 0.998718 -0.018439 -0.782081 0.048390 0.621295 -0.621391 0.014871 -0.783360
-11.376147 -25.286205 10337.663691 -652.789813 -0.147656 0.975738 0.161660 -0.729985 -0.217799 0.647831 -0.667322 0.022353 -0.744433
313.481812 -8889.663163 133949.084801 -4146951.700157 -0.172045 0.253140 0.952009 -0.513440 0.801725 -0.305967 -0.840702 -0.541439 -0.007961
92.194814 -1066.784018 -38823.749248 -384409.154237 -0.561909 0.119899 0.818464 -0.462288 0.774988 -0.430910 -0.685965 -0.620498 -0.380045
2953.475902 -32100.308641 -402265.093486 -16094098.083427 -0.314003 -0.641212 0.700178 -0.198911 0.765542 0.611866 -0.928352 0.052855 -0.367926
86.654226 -182.473170 29594.614363 52088.287662 -0.071141 0.112263 -0.991129 0.897077 -0.427238 -0.112783 -0.436109 -0.897143 -0.070314
-76.125156 -3007.708903 -11738.078752 508092.684011 0.381976 0.420835 0.822796 0.067923 0.875114 -0.479127 -0.921673 0.238902 0.305688
-4.455050 -450.400161 -40926.550078 -225785.727683 0.764439 -0.353320 0.539257 0.196458 -0.669005 -0.716824 -0.614034 -0.653909 0.442001
-113.574706 -1956.830584 -199665.950879 -4457305.354239 0.907934 -0.258159 -0.330165 -0.399525 -0.771134 -0.495713 0.126628 -0.581984 0.803281
-196.700472 -3873.627177 51962.249076 2805105.788062 0.890653 0.045596 -0.452392 -0.453990 0.034238 -0.890348 0.025107 -0.998373 -0.051195
-580.389684 -3780.986318 162391.605735 507810.919453 0.928416 0.089392 -0.360629 -0.148705 0.978895 -0.140183 0.340486 0.183775 0.922115
-87.799568 -2055.262443 -32897.257901 -492684.600626 -0.735582 -0.322227 0.595893 0.077995 0.833499 0.546989 -0.672931 0.448831 -0.587975
13.360194 -58.363950 -4720.625374 -1972.769397 -0.769099 0.059256 0.636376 -0.047187 0.987711 -0.148998 -0.637385 -0.144623 -0.756852
23.149757 -53.462347 -3455.477357 -3528.061386 -0.745203 0.064549 0.663706 -0.054257 0.986135 -0.156827 -0.664626 -0.152879 -0.731368
15.694138 -43.586499 -2503.404496 -7875.496265 -0.757762 0.160814 0.632405 -0.072261 0.942515 -0.326257 -0.648518 -0.292924 -0.702581
24.356133 -47.387034 -1043.210990 -3790.120524 -0.700810 0.072940 0.709609 -0.071809 0.982492 -0.171908 -0.709725 -0.171431 -0.683302
21.259375 -15.122856 -1738.507459 -6778.635763 -0.740427 0.472803 0.477730 0.114974 0.789380 -0.603043 -0.662231 -0.391583 -0.638838
17.302488 -26.047730 -4573.520121 -5027.370248 -0.772060 0.469430 0.428438 0.129673 0.776293 -0.616891 -0.622180 -0.420720 -0.660217
18.117958 -29.024395 194.004999 -9604.294175 -0.695720 0.118351 0.708496 -0.134553 0.947402 -0.290387 -0.705598 -0.297358 -0.643203
14.593915 -33.306046 -2137.326798 1416.211689 0.137495 -0.892563 0.429449 0.926974 -0.036821 -0.373314 0.349019 0.449417 0.822320
13.263663 -29.813735 -2207.258425 1816.945207 0.195614 -0.894830 0.401267 0.886628 -0.013481 -0.462287 0.419078 0.446204 0.790744
17.738420 -36.344223 -1940.096571 1511.920769 0.163109 -0.909786 0.381687 0.917272 -0.002629 -0.398252 0.363328 0.415070 0.834092
8.589933 -27.545976 -1547.017030 1540.480477 0.152709 -0.883721 0.442398 0.901355 -0.059025 -0.429040 0.405264 0.464276 0.787533
18.839693 -39.331514 -1924.495526 1398.325253 0.108113 -0.906813 0.407434 0.953526 -0.021357 -0.300554 0.281248 0.420993 0.862360
9.036020 -31.525309 -1674.184119 1267.340501 0.111203 -0.880957 0.459944 0.933932 -0.065567 -0.351386 0.339713 0.468632 0.815463
15.348702 -36.783267 -2399.170615 1501.230841 0.091411 -0.888503 0.449673 0.957715 -0.045269 -0.284134 0.272811 0.456631 0.846795
-13.767643 -32.690664 455.835120 1070.752104 -0.513618 0.854589 -0.076646 0.745230 0.400046 -0.533474 0.425239 0.331121 0.842336
-12.046224 -32.447081 822.956529 1082.006822 -0.525095 0.843612 -0.112225 0.743400 0.390481 -0.543030 0.414285 0.368570 0.832181
-13.041094 -35.167637 469.063865 473.454124 -0.511200 0.854221 -0.094771 0.787184 0.421094 -0.450580 0.344987 0.304939 0.887692
605.284423 -31.338286 409448.617447 17468.255851 0.420249 0.899669 -0.118266 -0.700919 0.239075 -0.671979 0.576285 -0.365293 -0.731066
13753.912150 -353.343391 10276035.242692 -386989.356176 0.587507 0.788316 -0.182739 0.650553 -0.325809 0.686025 0.481266 -0.521925 -0.704256
5404.914791 -115.047380 3886355.502508 -68057.378272 0.532370 0.811005 -0.242599 0.675733 -0.234525 0.698844 0.509870 -0.535976 -0.672876
13.938092 -112.138384 -641.547619 -1918.635143 -0.124149 0.988188 -0.089845 -0.971245 -0.102483 0.214894 -0.203148 -0.113940 -0.972496
13.002092 -123.923832 269.039257 -11035.023699 -0.091126 0.995080 -0.038892 -0.976973 -0.081766 0.197072 -0.192922 -0.055955 -0.979617
16.062696 -124.471669 -279.404550 -10729.082055 -0.149164 0.986861 -0.062098 -0.922095 -0.116147 0.369122 -0.357060 -0.112320 -0.927304
13.447553 -109.502116 -614.334459 657.495387 -0.182205 0.976623 -0.114052 -0.911320 -0.124182 0.392524 -0.369185 -0.175458 -0.912643
16.005907 -146.898345 -57.769755 -21255.494718 -0.195606 0.980540 -0.016736 -0.831531 -0.156785 0.532892 -0.519898 -0.118154 -0.846018
13.921216 -119.578235 -101.073229 -7815.316429 -0.218528 0.973076 -0.073270 -0.828950 -0.145496 0.540068 -0.514867 -0.178757 -0.838426
28.400256 -125.540272 3014.777149 19425.014374 0.756269 0.576103 -0.310102 0.506188 -0.214913 0.835216 -0.414525 0.788618 0.454148
30.270172 -89.758143 2765.959598 5042.313481 0.689423 0.592161 -0.417183 0.654096 -0.261487 0.709777 -0.311214 0.762214 0.567605
52.600754 -164.891058 10693.216442 31814.700547 0.737803 0.585310 -0.336242 0.544040 -0.220748 0.809500 -0.399584 0.780181 0.481301
53.297662 -220.099119 8506.358156 46694.985694 0.760918 0.587286 -0.275858 0.381308 -0.060751 0.922450 -0.524983 0.807096 0.270164
107.807865 -460.189055 24306.548872 118674.251651 0.742129 0.635828 -0.212054 0.414173 -0.186284 0.890931 -0.526977 0.749013 0.401590
-2.042423 -22.705205 -1983.917536 3565.100443 -0.110621 0.985376 -0.129606 -0.063938 0.123080 0.990335 -0.991804 -0.117839 -0.049388
-0.468365 -17.195210 -1462.385572 1996.640005 -0.095841 0.959787 -0.263863 -0.030661 0.262111 0.964551 -0.994924 -0.100534 -0.004307
-6.796943 -24.221090 -1899.695229 3909.621640 -0.110144 0.993499 -0.028782 -0.041302 0.024358 0.998850 -0.993057 -0.111206 -0.038351
-8.505587 -32.541773 -2049.534989 4054.467377 -0.117777 0.992625 0.028708 -0.105337 -0.041234 0.993581 -0.987437 -0.113997 -0.109417
-3.264863 -31.700544 -2274.927238 4127.786801 -0.120322 0.990883 -0.060611 -0.121096 0.045949 0.991577 -0.985321 -0.126648 -0.114463
-56.249627 -70.492662 310.869638 -3632.840912 0.326361 0.917566 0.227072 -0.393439 -0.086564 0.915266 -0.859473 0.388047 -0.332755
-54.843277 -69.114707 -28.808041 -6512.418005 0.187687 0.922386 0.337606 -0.558444 -0.182549 0.809207 -0.808031 0.340411 -0.480839
-57.045878 -75.424699 -526.703234 -5050.112910 0.081604 0.886024 0.456401 -0.473554 -0.368468 0.799986 -0.876976 0.281413 -0.389512
-60.870806 -69.196667 933.651800 1049.423535 0.167634 0.914414 0.368438 -0.301908 -0.308154 0.902160 -0.938483 0.262467 -0.224412
-55.805314 -73.311997 -295.843959 -1322.155577 0.491065 0.868421 0.068555 -0.194194 0.032414 0.980428 -0.849202 0.494767 -0.184559
-53.824058 -71.210006 -297.323315 -4724.993166 0.512984 0.858007 0.025911 -0.297745 0.149542 0.942860 -0.805106 0.491387 -0.332180
-58.724852 -71.804763 1048.656856 525.715511 0.360734 0.921482 0.144024 -0.172740 -0.085740 0.981229 -0.916533 0.378841 -0.128248
-49.356783 -53.841844 -215.596547 -1543.535168 0.976820 -0.200580 0.074771 0.170255 0.939702 0.296603 0.129755 0.276997 -0.952069
-50.664871 -57.949997 -1892.937055 -3072.738530 0.982933 -0.101961 0.153126 0.038282 0.927501 0.371854 0.179939 0.359646 -0.915575
-51.907393 -52.852182 -3818.837667 533.476712 -0.029383 0.976738 0.212412 -0.972835 0.020874 -0.230558 0.229629 0.213416 -0.949592
-48.343607 -52.566327 -3119.028469 1905.911345 -0.287932 0.951301 0.110095 0.944746 0.263358 0.195188 0.156688 0.160212 -0.974567
-58.586140 -95.233000 -73.057806 -52.951380 -0.833746 0.128011 0.537104 -0.012976 0.967942 -0.250838 -0.551995 -0.216105 -0.805357
-55.790602 -87.598078 982.264232 6857.421757 -0.795118 0.152052 0.587084 0.131031 0.988266 -0.078493 -0.592131 0.014515 -0.805711
-58.270566 -92.102285 -396.126101 3111.046092 -0.870860 0.089721 0.483274 0.028425 0.990747 -0.132714 -0.490709 -0.101838 -0.865352
-55.315844 -93.160380 1036.329709 -1439.852713 -0.768402 0.144081 0.623538 -0.075890 0.946938 -0.312329 -0.635452 -0.287314 -0.716694
-55.029372 -93.738086 1862.489808 3724.111448 -0.752815 0.167320 0.636610 0.051515 0.979163 -0.196435 -0.656213 -0.115084 -0.745748
-16.364029 -36.407928 -238.758269 -234.735998 -0.400269 0.910303 -0.105514 0.484224 0.112342 -0.867702 0.778018 0.398406 0.485758
-16.332642 -34.760894 1228.695397 1189.377224 -0.473846 0.879233 -0.049184 0.397166 0.163528 -0.903060 0.785958 0.447445 0.426689
-11.634245 -34.017012 1995.164830 -1129.416228 -0.526953 0.849368 0.029917 0.434136 0.299269 -0.849685 0.730648 0.434756 0.526441
-7.087704 -29.406226 1554.663226 -2808.462830 -0.583070 0.801707 0.131514 0.428932 0.441260 -0.788231 0.689962 0.403183 0.601163
-9.133691 -29.689382 1203.261554 -2733.586209 -0.530385 0.845487 0.062000 0.490574 0.365743 -0.790930 0.691397 0.389082 0.608758
-13.283746 -35.556793 631.304764 -2187.031483 -0.422868 0.902397 -0.082840 0.537270 0.176047 -0.824833 0.729743 0.393303 0.559275
-11.254072 -29.048681 9092.325022 1541.422751 -0.002665 0.999655 0.026131 -0.825603 -0.016944 0.563997 -0.564245 0.020070 -0.825363
0.349147 -30.170095 4235.164377 1339.906240 -0.018256 0.999829 0.002965 -0.829985 -0.016808 0.557532 -0.557487 -0.007717 -0.830150
-11.187137 -31.104404 10061.682073 -467.190536 0.016957 0.999436 0.028976 -0.874742 0.000792 0.484588 -0.484292 0.033564 -0.874262
-23.732875 -31.331923 6997.829006 886.392987 0.262244 0.953742 -0.146987 -0.829542 0.300624 0.470623 -0.493040 0.001486 -0.870005
-1.434931 -51.216737 -745.777780 -1467.087064 0.153297 0.966148 0.207505 -0.915629 0.217850 -0.337883 0.371650 0.138201 -0.918029
-0.391152 -52.844034 -344.725103 -1999.436500 0.123600 0.970979 0.204749 -0.920518 0.189252 -0.341803 0.370633 0.146229 -0.917196
-2.788438 -57.892879 -796.734301 -2427.851303 0.105057 0.973813 0.201621 -0.976500 0.139381 -0.164382 0.188180 0.179614 -0.965571
-4.071923 -55.161589 -781.598416 -2003.419296 0.131906 0.968114 0.212971 -0.972018 0.168454 -0.163719 0.194374 0.185417 -0.963244
-2.189404 -49.653732 -214.232941 -1210.593287 0.186212 0.954083 0.234629 -0.904939 0.259550 -0.337222 0.382636 0.149530 -0.911719
0.654059 -112.485772 -5565.714690 -7835.661457 -0.495490 0.868482 0.015133 -0.827815 -0.477422 0.294603 -0.263082 -0.133446 -0.955500
-4.648301 -101.987609 -1864.757531 -14951.291824 -0.446227 0.889524 0.098123 -0.886175 -0.454493 0.090167 -0.124802 0.046719 -0.991081
4.109536 -94.822023 -2879.536844 -6865.130769 -0.437280 0.895577 0.082027 -0.889699 -0.444106 0.105858 -0.131232 0.026690 -0.990992
10.080393 -109.955311 -5112.068678 -2793.358561 -0.465589 0.883526 0.051087 -0.804410 -0.446553 0.391810 -0.368988 -0.141327 -0.918627
6.901642 -93.857874 -1174.056537 4724.929686 -0.388798 0.910945 0.137895 0.919400 0.393281 -0.005781 -0.059497 0.124533 -0.990430
12.690342 -104.628730 -1276.494850 -940.729027 -0.416524 0.900350 0.126011 -0.850216 -0.434857 0.296702 -0.321932 -0.016447 -0.946620
3.292244 -83.293361 -713.121876 4800.071408 -0.395794 0.907129 0.143050 0.916247 0.379562 0.128159 0.061960 0.181794 -0.981383
9.403457 -87.301361 1074.458683 -888.359349 -0.225097 0.970734 0.083709 0.504726 0.042686 0.862224 -0.833416 -0.236335 0.499563
4.850478 -87.051144 1283.409215 -838.773586 -0.199409 0.977513 0.068596 0.496296 0.040386 0.867213 -0.844942 -0.206974 0.493189
9.164731 -95.091430 1586.195229 -3452.756490 -0.224270 0.972218 0.067044 0.643265 0.096006 0.759600 -0.732061 -0.213483 0.646925
24.932218 -84.890617 12788.275319 -8957.617768 -0.273906 0.182213 0.944338 0.859494 0.486972 0.155334 -0.431562 0.854199 -0.289996
18.292028 -86.998280 19457.459816 -8382.223063 -0.276553 0.143756 0.950186 0.836174 0.523308 0.164198 -0.473636 0.839930 -0.264928
26.119605 -64.293475 12335.974014 -8909.223194 -0.359603 0.123044 0.924957 0.720939 0.665958 0.191695 -0.592395 0.735772 -0.328188
31.378830 -73.284498 3598.342406 -9631.907365 -0.331389 0.236443 0.913387 0.824691 0.542868 0.158680 -0.458330 0.805847 -0.374893
-20.528112 -30.696891 1091.225225 -7438.226839 0.906925 -0.091379 -0.411262 -0.156307 0.833533 -0.529896 -0.391222 -0.544860 -0.741669
-20.039319 -35.111599 2522.753454 2274.047794 0.878515 0.070546 -0.472477 -0.308228 0.839331 -0.447793 -0.364975 -0.539024 -0.759109
-25.500681 -30.564243 -5408.296369 -2234.579031 0.446433 0.582812 -0.678990 0.777219 -0.628584 -0.028527 -0.443428 -0.514988 -0.733593
0.894344 -34.205296 7965.284248 -5777.653810 0.932758 -0.193566 -0.304129 -0.033727 0.793070 -0.608197 -0.358921 -0.577558 -0.733214
-1.806184 -34.459500 9126.709931 -4095.244945 0.943279 -0.178499 -0.279933 -0.003909 0.837141 -0.546973 -0.331978 -0.517042 -0.788960
9.783331 -51.037673 -8785.255550 157.251370 0.048819 0.981147 -0.186996 -0.769925 -0.082296 -0.632805 0.636264 -0.174866 -0.751392
20.275664 -51.757911 -6938.495471 155.201450 -0.006031 0.984017 -0.177971 -0.780200 -0.115956 -0.614689 0.625501 -0.135146 -0.768430
9.657280 -50.630900 -8063.512330 272.867993 0.027672 0.980482 -0.194652 -0.849473 -0.079577 -0.521596 0.526905 -0.179785 -0.830691
-0.923960 -50.850783 -4628.051047 -367.211604 0.056922 0.983119 -0.173888 -0.799045 -0.059562 -0.598314 0.598571 -0.173002 -0.782166
-1.474313 -50.085797 -2892.444866 166.398577 0.047920 0.985300 -0.163973 -0.715218 -0.080747 -0.694222 0.697257 -0.150543 -0.700835
-14.440437 -193.628270 5051.313922 14501.924508 0.711796 -0.170008 -0.681501 -0.472135 0.602558 -0.643438 -0.520033 -0.779757 -0.348631
-20.913293 -192.695452 4322.917095 15518.708243 0.695873 -0.219285 -0.683868 -0.423844 0.643322 -0.637568 -0.579756 -0.733519 -0.354728
-16.163515 -177.635727 -6713.487870 17195.696213 -0.716793 0.160247 0.678622 -0.315740 0.793149 -0.520791 -0.621704 -0.587568 -0.517927
-20.779123 -206.885719 4095.990907 9345.168115 0.705284 -0.208361 -0.677614 -0.564031 0.414123 -0.714403 -0.429469 -0.886052 -0.174552
-6.112318 -178.236207 4002.718441 16271.079654 0.708364 -0.127891 -0.694164 -0.380229 0.759424 -0.527922 -0.594681 -0.637902 -0.489321
-6.136136 -195.588068 3124.937139 12387.501140 0.708447 -0.141243 -0.691486 -0.528948 0.542386 -0.652711 -0.467243 -0.828171 -0.309542
-13.358720 -205.204854 3607.401532 6656.199354 0.716390 -0.172844 -0.675951 -0.595918 0.352285 -0.721649 -0.362860 -0.919794 -0.149373
-9.854437 -109.393343 749.915024 -3478.097249 -0.391561 0.410945 0.823289 0.499349 0.846420 -0.184997 -0.772871 0.338671 -0.536630
-6.736382 -108.241997 1129.693241 -181.079095 -0.366682 0.418362 0.830974 0.363553 0.886603 -0.285945 -0.856372 0.197252 -0.477198
-7.273056 -112.546480 884.410300 -5197.717538 -0.375230 0.399868 0.836247 0.469859 0.859725 -0.200265 -0.799021 0.317773 -0.510476
-7.585195 -115.485704 954.039918 -4975.435976 -0.389265 0.382133 0.838121 0.594023 0.799548 -0.088652 -0.703995 0.463354 -0.538232
-10.618253 -110.746375 974.383263 -4543.941273 -0.413014 0.386096 0.824833 0.616125 0.785425 -0.059141 -0.670678 0.483774 -0.562275
22.130691 -132.965979 4984.064017 -26151.789718 0.321335 -0.260208 -0.910514 0.764060 0.639258 0.086960 0.559425 -0.723630 0.404230
13.168953 -127.931832 1808.620587 -22616.640782 0.309565 -0.263926 -0.913517 0.787932 0.608991 0.091063 0.532290 -0.747979 0.396478
20.548419 -118.632808 5672.102632 -19717.306441 0.298663 -0.251778 -0.920548 0.848685 0.511243 0.135518 0.436503 -0.821729 0.366370
24.847376 -119.724193 9337.595938 -21819.903062 0.310575 -0.256014 -0.915423 0.832933 0.537322 0.132317 0.458001 -0.803581 0.380122
-14.976776 -112.880125 -356.460772 855.750922 -0.504305 0.417488 0.755897 0.837916 0.024981 0.545228 0.208743 0.908339 -0.362418
-13.871308 -106.018931 -233.832569 6776.980069 -0.485370 0.420928 0.766313 0.767061 -0.215592 0.604266 0.419563 0.881101 -0.218236
-13.572823 -108.922487 -233.342054 4322.812192 -0.480560 0.451303 0.751923 0.780398 -0.171061 0.601429 0.400052 0.875822 -0.269991
-11.762343 -114.098172 -1401.188852 -2152.981447 -0.494569 0.433288 0.753435 0.869065 0.235274 0.435169 0.011290 0.870005 -0.492914
-15.676141 -116.314614 -1175.830010 -215.294184 -0.500250 0.409539 0.762908 0.865681 0.217609 0.450824 0.018615 0.885960 -0.463389
-12.038360 -113.249874 -1614.921457 -1397.622987 -0.488953 0.451411 0.746427 0.852967 0.068217 0.517489 0.182681 0.889705 -0.418393
-4.284433 -40.872263 -2253.370097 3306.301033 -0.092832 0.980461 -0.173431 -0.826266 0.021334 0.562876 -0.555578 -0.195553 -0.808141
-5.437976 -33.623635 -2527.714874 3450.936162 -0.091946 0.979025 -0.181814 -0.771762 0.045314 0.634295 -0.629230 -0.198638 -0.751407
-8.539327 -38.941519 -591.349811 3363.003771 -0.046531 0.984139 -0.171188 -0.811686 0.062638 0.580726 -0.582238 -0.165972 -0.795897
10.227833 -64.941615 826.237675 -6456.934947 0.237126 -0.276144 -0.931405 -0.665219 0.652563 -0.362830 0.707994 0.705625 -0.028956
7.267889 -66.740830 2577.785864 7781.320921 -0.330794 0.282652 0.900379 0.649753 -0.623713 0.434515 0.684395 0.728759 0.022667
4.060284 -78.706167 1257.319158 7019.555051 -0.297285 0.286704 0.910726 0.749151 -0.521318 0.408657 0.591942 0.803759 -0.059804
6.913660 -76.165531 -1300.464462 6963.288805 -0.214734 0.285536 0.934001 0.762516 -0.548557 0.343009 0.610294 0.785847 -0.099932
-0.371251 -90.163266 578.843470 6171.800596 -0.269308 0.282663 0.920638 0.847902 -0.383698 0.365837 0.456656 0.879134 -0.136338
-4.961873 -93.314721 3170.471605 6474.188983 -0.369794 0.292332 0.881927 0.820965 -0.341655 0.457481 0.435051 0.893204 -0.113653
-6.838822 -83.446606 2325.471531 -3774.289810 0.277097 -0.509502 -0.814632 -0.277981 0.769064 -0.575558 0.919752 0.385937 0.071473
-7.330837 -86.362249 1503.207785 -4956.556941 0.305331 -0.517304 -0.799481 -0.379977 0.703648 -0.600414 0.873150 0.487109 0.018281
-7.640734 -80.213819 638.886327 -3487.884574 0.300970 -0.491299 -0.817338 -0.244977 0.788483 -0.564163 0.921631 0.370025 0.116952
-19.033446 -31.818204 -747.968553 1669.961521 0.064535 -0.601284 -0.796425 0.025584 0.798823 -0.601022 0.997587 0.018411 0.066935
-18.206784 -35.030998 -341.098984 2581.945283 0.023981 -0.515789 -0.856380 0.043570 0.856352 -0.514552 0.998763 -0.024973 0.043009
-18.389904 -30.594661 -555.784618 1883.097477 0.030178 -0.645573 -0.763102 -0.014304 0.763092 -0.646131 0.999442 0.030415 0.013794
7.007097 -130.415224 -1058.040996 -20756.275369 0.066431 0.992767 0.099999 -0.845153 0.109258 -0.523239 0.530380 0.049755 -0.846298
9.251765 -135.687973 -1115.582602 -15764.289889 0.056981 0.991392 0.117880 -0.855323 0.109376 -0.506418 0.514952 0.071969 -0.854193
7.916461 -167.056639 -929.129404 -27470.800034 0.048637 0.994432 0.093480 -0.942475 0.076681 -0.325363 0.330719 0.072278 -0.940957
5.139658 -161.121933 -601.340296 -27283.102037 0.041064 0.995955 0.079916 -0.943966 0.064886 -0.323601 0.327478 0.062150 -0.942813
4.354464 -123.140579 -742.639197 -21183.709951 0.070498 0.993769 0.086328 -0.843762 0.105570 -0.526232 0.532067 0.035742 -0.845948
-239.613202 -319.172231 12955.352400 65189.669055 0.098782 0.859297 0.501847 -0.104164 0.510472 -0.853562 0.989642 -0.032042 -0.139933
-224.838160 -358.606449 10018.482839 67582.277863 -0.270686 -0.643904 -0.715623 0.210625 0.685751 -0.696695 0.939344 -0.339313 -0.050001
-192.714163 -490.016034 24240.868367 150131.968210 -0.347625 -0.503388 -0.791048 -0.257662 0.862470 -0.435609 0.901536 0.052394 -0.429520
-136.798216 -288.836081 39649.523375 66947.867267 -0.165156 0.986116 0.017285 -0.231900 -0.021793 -0.972495 0.958617 0.164621 -0.232279
-86.722290 -374.857200 30212.552193 106390.044915 -0.226108 0.974101 0.001598 -0.416059 -0.095091 -0.904352 0.880778 0.205146 -0.426785
-54.157756 -77.898296 -464.002102 5020.119778 0.109509 0.969051 -0.221244 0.779204 0.054501 0.624396 -0.617129 0.240771 0.749120
194.118705 -141.981822 -40062.372178 -26091.336473 0.515855 -0.635495 -0.574492 0.610940 -0.197201 0.766723 -0.600538 -0.746498 0.286522
185.470572 -90.465506 55243.725498 -21287.385186 -0.212586 0.805061 0.553791 0.587351 -0.347652 0.730860 -0.780913 -0.480640 0.398948
189.023388 -44.379160 69887.587679 -10804.479877 -0.073411 0.759803 0.645995 0.499223 -0.532751 0.683340 -0.863358 -0.372660 0.340201
164.155057 -57.886670 73750.845772 -15670.876488 -0.124629 0.771976 0.623314 0.542737 -0.472855 0.694151 -0.830605 -0.424807 0.360049
-18.410128 -44.713409 -2840.231844 226.513954 -0.028378 0.992320 -0.120398 0.728696 0.102985 0.677049 -0.684249 0.068521 0.726022
-24.874374 -45.495767 -2137.124951 -3.151374 -0.039784 0.976822 -0.210324 0.736122 0.170989 0.654894 -0.675678 0.128770 0.725863
-25.251961 -43.802478 -2780.794800 669.624382 -0.128486 0.961606 -0.242499 0.890465 0.219503 0.398611 -0.436536 0.164721 0.884479
-27.316600 -44.993667 -2678.504485 300.360886 -0.066607 0.970671 -0.231000 0.822330 0.184523 0.538260 -0.565099 0.154107 0.810503
9.027927 -41.169087 1116.903600 1472.995772 0.003859 0.984863 -0.173292 -0.351003 0.163601 0.921972 -0.936367 -0.057268 -0.346321
9.849994 -41.600980 1452.728310 -206.472053 -0.006828 0.991897 -0.126860 -0.447422 0.110425 0.887480 -0.894297 -0.062819 -0.443042
5.000963 -39.390516 3509.380535 155.512686 -0.002108 0.997460 -0.071199 -0.454647 0.062459 0.888479 -0.890669 -0.034243 -0.453361
-27.704433 -113.990950 1501.317963 -12344.040340 -0.133450 0.980123 -0.146798 -0.815529 -0.024440 0.578200 -0.563120 -0.196878 -0.802580
-23.511247 -83.581841 521.394242 -12570.713242 -0.153569 0.972007 -0.177819 -0.933993 -0.084034 0.347268 -0.322604 -0.219411 -0.920753
-29.353004 -112.732228 124.611567 -15285.743292 -0.258458 0.947733 -0.187089 -0.835875 -0.122317 0.535118 -0.484265 -0.294688 -0.823800
-19.292932 -84.100255 1975.795156 -10813.761077 -0.040559 0.987591 -0.151718 -0.928799 0.018713 0.370111 -0.368357 -0.155927 -0.916515
-31.560902 -133.155238 -232.850645 -11240.044884 -0.257049 0.945934 -0.197824 -0.666930 -0.025496 0.744684 -0.699378 -0.323355 -0.637426
-30.768204 -135.613909 1846.458282 -10677.198281 -0.158626 0.981025 -0.111484 -0.622728 -0.011785 0.782350 -0.766191 -0.193525 -0.612781
-24.297911 -121.878681 3084.581387 -6877.074479 -0.064402 0.995386 -0.071124 -0.621717 0.015729 0.783084 -0.780590 -0.094651 -0.617835
-20.476877 -104.760703 2240.944479 -8376.943029 -0.033388 0.991028 -0.129415 -0.798703 0.051381 0.599527 -0.600798 -0.123381 -0.789822
-5.031098 -99.327244 281.828708 -3133.193358 0.310450 -0.942580 -0.123140 0.950527 0.306320 0.051643 -0.010957 -0.133080 0.991045
-4.603302 -97.379633 414.924427 -2108.275084 0.323745 -0.937809 -0.125311 0.927896 0.288817 0.235784 -0.184928 -0.192610 0.963692
-4.179532 -103.184737 193.330485 -2693.387137 0.291566 -0.946283 -0.139775 0.955938 0.293482 0.007167 0.034240 -0.135706 0.990157
-5.759719 -94.235813 -311.596675 -1964.524385 -0.334579 0.937614 0.094539 0.921541 0.304559 0.240844 -0.197026 -0.167703 0.965948
-5.240821 -104.538602 -132.738859 -853.107937 -0.289608 0.949789 0.118437 0.936949 0.306604 -0.167693 0.195586 -0.062404 0.978699
-6.230680 -97.963198 256.431876 -1930.465884 0.316517 -0.943812 -0.095062 0.948539 0.315916 0.021706 0.009545 -0.097040 0.995235
-36.112720 -57.994017 4098.684941 -1098.549283 0.480290 0.015132 0.876979 -0.167070 0.983124 0.074534 -0.861051 -0.182315 0.474712
-38.419297 -61.240287 5022.425832 551.766494 0.467262 -0.099441 0.878509 -0.183264 0.961179 0.206273 -0.864916 -0.257383 0.430899
-27.769580 -54.178761 5979.394001 546.315912 0.563132 -0.245459 0.789070 -0.095137 0.929261 0.356965 -0.820872 -0.276088 0.499944
7.562109 -116.008317 -1091.194093 -11767.474877 -0.373515 0.925355 -0.064841 -0.585369 -0.180902 0.790327 -0.719604 -0.333155 -0.609244
4.413073 -101.001669 -675.695762 -8839.938924 -0.382283 0.920708 -0.078471 -0.576142 -0.171098 0.799241 -0.722441 -0.350746 -0.595866
2.283273 -84.082103 -380.625833 -261.386213 -0.346175 0.928844 -0.131950 -0.693930 -0.158857 0.702300 -0.631366 -0.334683 -0.699546
-0.780100 -71.873534 821.750434 3072.275563 -0.022135 0.998020 0.058879 0.440668 -0.043125 0.896634 -0.897397 -0.045793 0.438840
-1.122791 -78.410518 683.065118 2202.485382 -0.026230 0.998348 0.051124 0.217571 -0.044214 0.975042 -0.975692 -0.036699 0.216052
-3.535001 -73.356572 1005.367228 2713.819507 -0.038293 0.997591 0.057848 0.419809 -0.036473 0.906879 -0.906804 -0.059013 0.417401
-6.790690 -73.189484 971.421775 2843.837817 -0.058376 0.996115 0.065928 0.409023 -0.036378 0.911799 -0.910655 -0.080193 0.405311
-5.543055 -68.906554 1089.741952 915.656167 -0.060788 0.996570 0.056160 0.577622 -0.010764 0.816233 -0.814038 -0.082057 0.574986
9.934904 -145.288435 404.095903 -36887.408936 0.870253 -0.038755 -0.491078 -0.024565 0.992246 -0.121838 0.491992 0.118093 0.862553
7.410659 -179.035882 2622.025711 -30289.052116 0.860434 -0.010426 -0.509456 -0.162474 0.941994 -0.293684 0.482966 0.335469 0.808829
4.102101 -225.500870 -512.448147 15492.653081 0.844316 0.039141 -0.534414 0.349879 -0.795650 0.494496 0.405852 0.604491 0.685475
6.616292 -235.760836 1882.263203 27722.963932 0.847261 0.013569 -0.531003 0.302593 -0.833939 0.461502 0.436561 0.551691 0.710670
6.362007 -207.682404 438.133339 19344.901307 0.849238 0.044991 -0.526090 0.332026 -0.820222 0.465826 0.410553 0.570273 0.711502
2.845250 -112.486800 -281.025992 -9849.588906 0.923355 0.030870 -0.382703 -0.122402 -0.921087 -0.369618 0.363913 -0.388132 0.846712
0.224329 -104.220376 -1105.821266 8424.120077 0.927209 0.017231 -0.374149 0.099525 0.951694 0.290470 0.361080 -0.306564 0.880704
2.605304 -92.837590 -1269.761104 9148.144274 0.928099 0.023313 -0.371604 0.066249 0.971773 0.226424 0.366393 -0.234762 0.900357
-2.900446 -105.575270 -664.481126 7023.179388 0.925992 0.026010 -0.376647 0.110773 0.935000 0.336904 0.360928 -0.353693 0.862921
-2.030321 -94.599452 -919.760954 8014.493420 0.927898 0.030635 -0.371573 0.056499 0.973555 0.221357 0.368527 -0.226391 0.901629
174.640120 -1128.531615 -105062.762750 -283324.853227 -0.735719 0.061269 0.674510 -0.015813 0.994075 -0.107544 -0.677102 -0.089789 -0.730390
82.612685 -406.288388 74436.297998 -148082.135017 0.695582 -0.026069 -0.717974 -0.522005 0.668297 -0.529990 -0.493637 -0.743437 -0.451247
-7.323942 -259.239638 75414.619705 79873.341187 0.346420 0.068290 -0.935591 0.863465 -0.413011 0.289568 -0.366635 -0.908162 -0.202041
-77.379779 -1211.313417 -396316.096599 1649660.632391 0.957458 -0.272875 -0.093877 -0.153221 -0.205051 -0.966684 -0.244534 -0.939943 0.238138
21.746369 -57.120818 -4125.242229 -166.796357 -0.745091 0.015395 0.666785 -0.023341 0.998519 -0.049137 -0.666554 -0.052175 -0.743628
24.945361 -53.428650 -2414.413529 464.504303 -0.701322 0.007042 0.712810 -0.021398 0.999293 -0.030926 -0.712523 -0.036942 -0.700675
16.825689 -32.754487 2070.731571 1698.936184 -0.220287 0.910666 -0.349516 0.872268 0.023525 -0.488462 0.436604 0.412474 0.799527
11.755075 -25.896992 2329.960871 1825.031889 -0.263075 0.894973 -0.360299 0.839088 0.027934 -0.543278 0.476154 0.445246 0.758309
7.313002 -23.593356 -1608.377872 1962.397018 0.212742 -0.886097 0.411792 0.861154 -0.029100 -0.507511 0.461688 0.462585 0.756875
-11.932725 -27.361461 725.984080 2154.668175 -0.496352 0.859425 -0.122573 0.720202 0.328819 -0.610891 0.484710 0.391494 0.782169
-11.169807 -29.749778 785.538861 1561.048027 -0.502714 0.848481 -0.165405 0.751437 0.334328 -0.568830 0.427342 0.410250 0.805651
-11.676554 -31.373977 -114.248487 -1107.351957 0.389760 0.915753 0.097384 0.896136 -0.401511 0.189020 -0.212196 -0.013597 0.977132
-10.157202 -30.248285 1494.077312 -1474.866891 0.226880 0.973917 0.003232 0.953766 -0.222855 0.201658 -0.197118 0.042669 0.979451
-8.334179 -29.076186 1201.040793 -668.451085 0.243879 0.969576 0.021110 0.933424 -0.240580 0.266161 -0.263142 0.045206 0.963697
-4.405808 -18.715432 -1628.733427 2501.747023 -0.100726 0.981684 -0.161715 -0.002800 0.162261 0.986744 -0.994910 -0.099843 0.013595
35.135324 -51.419357 -1155.924807 5668.432430 -0.723478 -0.498816 0.477245 -0.290058 0.846971 0.445541 -0.626456 0.183910 -0.757450
40.112744 -70.102642 3150.101206 8238.035369 -0.671673 -0.521137 0.526566 -0.391758 0.853102 0.344590 -0.628793 0.025165 -0.777165
37.235039 -58.988065 -3073.723854 6135.468668 -0.744559 -0.552351 0.374888 -0.415088 0.822886 0.388021 -0.522814 0.133293 -0.841961
27.634089 -56.395074 6021.988267 7733.539415 -0.641863 -0.505734 0.576407 -0.264805 0.851629 0.452334 -0.719646 0.137701 -0.680550
28.816256 -43.961483 -5083.226863 4477.025546 -0.775809 -0.530034 0.342323 -0.344542 0.810375 0.473903 -0.528594 0.249713 -0.811315
28.818651 -39.121607 -3820.615694 3372.948969 -0.777214 -0.465553 0.423318 -0.229600 0.836189 0.498068 -0.585851 0.289912 -0.756789
30.077343 -40.853931 3353.574108 1806.676530 -0.707974 -0.435211 0.556205 -0.167965 0.868723 0.465949 -0.685974 0.236457 -0.688134
28.807450 -45.330839 4705.472797 4389.624397 -0.679041 -0.465363 0.567750 -0.207831 0.863622 0.459308 -0.704066 0.193893 -0.683151
-20.029778 -36.878221 -651.756225 1685.641044 -0.317103 0.917105 -0.241586 0.454019 -0.076849 -0.887672 0.832654 0.391168 0.392014
-18.924227 -32.756363 1007.499601 3101.464262 -0.463821 0.882211 -0.081075 0.331958 0.088218 -0.939160 0.821385 0.462516 0.333775
7.309399 -30.250941 1876.886604 2870.917523 0.041204 0.997312 -0.060588 -0.802308 0.069166 0.592890 -0.595487 -0.024181 -0.803001
9.212097 -36.212170 2691.334283 -1090.587272 -0.016247 0.999782 -0.013111 -0.847374 -0.006807 0.530953 -0.530748 -0.019736 -0.847300
2.668014 -27.691374 -40.075443 3792.424211 -0.038622 0.999191 -0.011179 -0.787599 -0.023554 0.615738 -0.614977 -0.032585 -0.787872
-0.112089 -54.746897 275.358500 -2666.012521 0.096717 0.973651 0.206519 -0.924029 0.164946 -0.344911 0.369887 0.157471 -0.915634
1.089313 -50.132568 46.487608 -571.926322 0.131659 0.968213 0.212674 -0.851534 0.220300 -0.475772 0.507500 0.118460 -0.853470
0.516486 -51.332462 286.304505 -1060.585594 0.110320 0.971262 0.210901 -0.859296 0.199838 -0.470824 0.499440 0.129285 -0.856648
1.923452 -51.489150 39.076501 1276.338762 0.153622 0.962230 0.224754 -0.762111 0.260155 -0.592880 0.628958 0.080208 -0.773291
1.189618 -52.066048 271.407921 1243.046356 0.139153 0.963526 0.228591 -0.773682 0.249865 -0.582223 0.618104 0.095838 -0.780232
-11.124644 -115.896589 -1189.593592 -9647.085497 -0.458611 0.880823 0.117587 -0.815280 -0.469697 0.338679 -0.353547 -0.059456 -0.933525
5.847059 -81.438928 986.141596 -683.394126 -0.206302 0.975378 0.077961 0.328933 -0.005907 0.944335 -0.921543 -0.220462 0.319616
2.414909 -80.242727 975.458339 -1700.195173 -0.187858 0.978912 0.080248 0.312250 -0.017942 0.949831 -0.931241 -0.203491 0.302294
0.398706 -87.873010 1230.637118 -1365.370582 -0.179594 0.980224 0.083114 0.488955 0.015633 0.872169 -0.853621 -0.197275 0.482093
3.672195 -76.304279 19294.957579 -8666.661657 -0.325810 0.094233 0.940727 0.724845 0.663732 0.184555 -0.606999 0.742011 -0.284555
2.057768 -94.804663 13149.017204 -5931.363103 -0.265273 0.172220 0.948668 0.874126 0.458147 0.161258 -0.406858 0.872033 -0.272077
