12493
24974
-57.574110 -85.609518 -4260.924407 -14986.376528 -0.662034 0.230071 0.713287 0.731898 0.403361 0.549204 -0.161356 0.885645 -0.435427
-67.124103 -102.163207 824.811555 -12839.286769 0.764107 -0.114037 -0.634930 0.635345 0.303468 0.710101 -0.111704 0.945993 -0.304335
-65.242620 -113.063620 -3327.531195 -20204.166642 -0.463821 0.298901 0.833983 0.883671 0.223253 0.411441 -0.063210 0.927802 -0.367679
-58.108795 -85.078382 -400.883262 -11491.144634 0.896406 0.039756 -0.441447 0.386957 0.415502 0.823178 -0.216148 0.908723 -0.357075
-39.465325 -108.708676 -13351.777338 -27474.197434 -0.460369 0.403191 0.790884 0.879652 0.327090 0.345290 -0.119472 0.854663 -0.505250
-47.849776 -72.291875 -8554.655331 -14939.940607 -0.613416 0.310863 0.726006 0.763690 0.467726 0.444983 -0.201243 0.827403 -0.524314
-50.768974 -70.071776 -630.057045 -8926.471421 0.939871 0.109896 -0.323366 0.226133 0.509300 0.830348 -0.255943 0.853543 -0.453825
53.797686 -83.472019 1375.053891 9721.926027 0.951028 -0.183826 -0.248502 0.242540 0.942177 0.231250 -0.191623 0.280197 -0.940622
49.239670 -100.888095 -972.720532 2437.953944 -0.926478 0.300252 0.226909 0.301841 0.952932 -0.028516 -0.224790 0.042071 -0.973499
56.088102 -107.320853 4949.934194 17757.785512 0.967283 -0.237593 -0.088960 0.252100 0.939479 0.232003 -0.028454 0.246840 -0.968639
53.887785 -77.720068 8302.374212 15125.835876 0.978676 -0.137912 -0.152226 0.188510 0.897388 0.398948 -0.081586 0.419137 -0.904250
55.836119 -66.271639 1453.115183 11883.711695 0.960793 -0.101023 -0.258209 0.195902 0.906362 0.374339 -0.196214 0.410246 -0.890617
50.093071 -65.365740 -8433.562896 7475.548132 0.921311 -0.113305 -0.371952 0.223019 0.937593 0.266799 -0.318510 0.328757 -0.889084
144.374904 -39.198288 -59549.908808 8601.264597 -0.060255 0.292817 -0.954268 0.878711 0.469086 0.088455 0.473535 -0.833197 -0.285566
348.140408 -32.848881 -141522.550080 15305.491001 -0.237205 0.240686 -0.941172 0.787857 0.614463 -0.041427 0.568345 -0.751335 -0.335380
205.890819 -55.423204 -83799.454015 8469.882701 -0.318701 0.315452 -0.893823 0.858450 0.495864 -0.131085 0.401864 -0.809079 -0.428832
-5.763106 -98.020559 322.444916 932.789766 -0.503830 0.433975 0.746874 0.575887 -0.475689 0.664887 0.643824 0.765105 -0.010254
-4.973316 -104.382605 994.155549 925.058919 -0.519832 0.444046 0.729793 0.658258 -0.336297 0.673499 0.544492 0.830498 -0.117479
-4.323082 -93.641357 50.574916 -1398.807284 -0.514525 0.425451 0.744483 0.608788 -0.430177 0.666577 0.603855 0.796203 -0.037673
-5.625478 -107.400980 551.291205 4786.524563 -0.523182 0.450685 0.723300 0.644822 -0.345582 0.681747 0.557212 0.823077 -0.109809
-5.172670 -94.653213 -1206.361151 -3369.452364 0.505084 -0.405691 -0.761778 -0.496281 0.585603 -0.640917 0.706113 0.701772 0.094442
-5.013461 -97.676130 -445.663800 -1422.680991 0.499543 -0.417887 -0.758833 -0.469267 0.605772 -0.642517 0.728179 0.677060 0.106509
-5.012363 -101.172037 -527.793016 2151.101469 -0.500402 0.446081 0.742031 0.537035 -0.512334 0.670155 0.679111 0.733843 0.016812
8.763043 -124.187275 164.036233 -733.765586 0.651793 -0.198711 -0.731902 0.758147 0.195492 0.622090 0.019464 -0.960363 0.278072
8.659791 -124.108836 -280.708999 3913.765001 0.628559 -0.211298 -0.748510 0.762024 0.359931 0.538302 0.155670 -0.908737 0.387252
9.407800 -119.323032 -52.494833 1001.372199 0.645351 -0.189612 -0.739980 0.760457 0.251161 0.598852 0.072304 -0.949192 0.306279
7.536054 -113.242794 859.875571 -5974.750691 0.668790 -0.177154 -0.722036 0.737561 0.036092 0.674315 -0.093397 -0.983521 0.154800
2.314088 -210.886466 5006.385495 -8522.469547 0.480536 -0.169300 -0.860478 0.416892 0.907333 0.054295 0.771548 -0.384818 0.506586
1.034635 -220.520889 318.964407 -7888.276474 0.504770 -0.192034 -0.841624 0.412441 0.910119 0.039702 0.758353 -0.367161 0.538603
0.733237 -208.769053 2249.982667 8511.364240 0.486119 -0.204118 -0.849720 0.165094 0.976281 -0.140071 0.858157 -0.072192 0.508287
-0.763492 -201.778335 3871.569718 9934.611504 0.484717 -0.199955 -0.851509 0.188443 0.974530 -0.121573 0.854130 -0.101533 0.510051
1.260880 -66.521527 2591.758381 7618.382912 0.361959 -0.520103 -0.773614 0.038466 0.837512 -0.545064 0.931400 0.167533 0.323151
-0.660954 -70.781394 3540.189918 22724.155145 0.359873 -0.460179 -0.811620 0.052880 0.878564 -0.474688 0.931502 0.127909 0.340506
3.362634 -101.530261 3795.039595 31294.970113 0.385090 -0.373418 -0.843958 0.049761 0.921555 -0.385046 0.921537 0.106281 0.373463
5.605261 -76.759212 2753.532003 8076.441329 0.380302 -0.503706 -0.775662 0.018350 0.842622 -0.538192 0.924680 0.190442 0.329693
-9.785763 -69.542039 -92.618747 5120.362059 0.491934 -0.200800 -0.847160 -0.219090 0.913176 -0.343670 0.842615 0.354667 0.405229
-11.883112 -68.219579 1894.733511 6161.488621 0.507533 -0.201750 -0.837680 -0.244094 0.898707 -0.364340 0.826335 0.389387 0.406877
-13.173484 -74.456570 2065.245449 5927.881633 0.508078 -0.215481 -0.833921 -0.152478 0.930405 -0.333312 0.847707 0.296503 0.439862
-11.056915 -76.508531 1935.382328 3618.981952 0.480333 -0.229639 -0.846490 -0.086442 0.948023 -0.306234 0.872816 0.220267 0.435517
1.150383 -145.361059 -1793.605768 3746.545120 0.558486 -0.396071 -0.728850 0.208049 0.917443 -0.339137 0.803000 0.037766 0.594781
-1.930060 -146.484052 -1998.903498 6190.159908 0.564555 -0.385480 -0.729851 0.089188 0.907557 -0.410349 0.820562 0.166570 0.546746
2.937576 -135.796330 -1852.167687 6688.322224 0.559539 -0.405287 -0.722952 0.030862 0.881867 -0.470488 0.828229 0.240944 0.505947
-27.609892 -319.399058 -878.314744 32531.533786 -0.521755 0.196885 -0.830065 -0.425549 0.783236 0.453266 0.739377 0.589727 -0.324873
-23.981348 -275.122249 -3259.932262 -51038.957043 0.551342 -0.154699 0.819811 0.680294 -0.485456 -0.549120 0.482931 0.860465 -0.162412
-24.811116 -279.359969 -4175.588140 24085.428315 -0.489010 0.236474 -0.839612 -0.523855 0.690020 0.499448 0.697456 0.684070 -0.213549
-30.180258 -312.261652 -3434.067011 54940.327487 0.564513 -0.138637 0.813698 -0.530299 0.694522 0.486233 0.632541 0.705988 -0.318547
-25.504963 -298.958726 -5242.329449 8251.164446 -0.486143 0.243601 -0.839240 -0.265851 0.873615 0.407578 0.832459 0.421254 -0.359940
-22.154322 -325.530670 -2107.151491 -23655.545832 -0.518401 0.220148 -0.826314 -0.075607 0.950710 0.300723 0.851789 0.218370 -0.476205
-25.763472 -333.002239 1278.405030 24431.229474 -0.559275 0.188532 -0.807259 -0.234778 0.897902 0.372358 0.795041 0.397777 -0.457911
-10.194058 -11.458001 -370.199765 -1378.693846 0.474057 -0.555931 0.682796 -0.309345 0.620876 0.720290 -0.824364 -0.552678 0.122356
-8.467593 -13.695619 -187.103707 -3680.547159 0.436002 -0.515518 0.737661 -0.341307 0.663717 0.665575 -0.832714 -0.541961 0.113432
-8.039130 -11.643638 261.511823 -314.589756 -0.552208 0.804658 -0.218156 -0.030524 0.241982 0.969800 -0.833147 -0.542191 0.109063
-7.283337 -12.005327 -997.706251 583.370612 -0.566324 0.823889 0.021986 0.108812 0.048299 0.992888 -0.816968 -0.564689 0.117002
-8.114117 -11.166886 937.430745 1025.889144 -0.465992 0.630096 -0.621152 -0.281198 0.560168 0.779191 -0.838915 -0.537764 0.083852
-8.261925 -10.765187 224.373599 839.253636 -0.557516 0.822361 -0.113571 0.021481 0.151050 0.988293 -0.829889 -0.548549 0.101878
-40.326050 -1252.405182 13521.694981 -564657.280271 -0.196706 -0.339317 0.919875 0.911733 0.281777 0.298905 -0.360624 0.897477 0.253939
-83.183147 -445.743433 31663.407787 -129145.195246 -0.077533 -0.258381 0.962927 0.987074 0.115984 0.110599 -0.140261 0.959055 0.246048
-113.505771 -436.500296 32208.353280 -124347.146079 0.205374 -0.117665 0.971585 0.900801 0.410819 -0.140658 -0.382595 0.904092 0.190364
49.804415 -5840.502587 14869.505779 -3501835.027968 0.083367 -0.296047 0.951528 0.995608 0.065558 -0.066832 -0.042595 0.952921 0.300212
-30.093561 -48.481351 -4955.076591 -7543.132521 0.871531 0.488783 -0.039064 -0.333924 0.649967 0.682669 -0.359067 0.581923 -0.729683
-15.364727 -52.965093 -10390.845925 -10735.487218 0.915881 0.286664 -0.281045 -0.027472 0.743188 0.668518 -0.400509 0.604562 -0.688547
-22.416522 -69.274529 -8801.500411 -11572.433652 0.925426 0.294681 -0.238222 -0.030101 0.683856 0.728996 -0.377731 0.667461 -0.641728
-19.197758 -62.911414 562.761528 -7701.412400 0.776914 -0.500981 -0.381344 -0.315363 0.214583 -0.924392 -0.544932 -0.838435 -0.008721
-24.138927 -68.717853 -1647.909394 53.307067 0.804649 -0.499038 -0.321717 -0.192504 0.293304 -0.936437 -0.561678 -0.815435 -0.139940
-17.182932 -61.390960 456.355325 -7754.460984 0.818723 -0.516309 -0.251233 -0.216007 0.128449 -0.967906 -0.532009 -0.846715 0.006363
-11.814958 -48.259608 2685.916445 -13837.034339 0.819563 -0.507067 -0.266832 -0.282704 0.047219 -0.958044 -0.498392 -0.860612 0.104651
-16.445139 -54.726948 1306.408465 -11716.735135 0.744672 -0.513574 -0.426270 -0.398122 0.170809 -0.901290 -0.535690 -0.840872 0.077268
-26.363227 -59.996734 -4533.094048 1433.138173 -0.342570 0.718895 0.604843 -0.065193 -0.660436 0.748047 -0.937228 -0.216827 -0.273112
-29.907683 -59.764253 -2683.363757 -1775.293334 -0.293464 0.657939 0.693538 0.049311 0.734933 -0.676345 -0.954697 -0.164284 -0.248120
-29.638770 -61.835074 -4298.853487 -1462.262662 -0.325086 0.684383 0.652640 0.147911 0.718427 -0.679694 -0.934046 -0.124427 -0.334779
-25.811945 -56.297010 -2403.895706 -2628.253968 -0.304186 0.653344 0.693262 -0.050218 0.715739 -0.696560 -0.951288 -0.246698 -0.184909
-25.257333 -61.825643 -4297.139009 1312.044408 -0.362020 0.709558 0.604540 -0.181275 -0.689737 0.701001 -0.914375 -0.144188 -0.378324
-21.079057 -57.605404 -1944.778939 793.727171 -0.358518 0.743879 0.564011 -0.025814 -0.611844 0.790557 -0.933166 -0.268870 -0.238560
-21.920131 -54.860396 -2292.368343 2331.215498 -0.337001 0.717336 0.609802 0.059247 -0.630248 0.774130 -0.939638 -0.297012 -0.169894
-21.692210 -60.081044 -1776.950573 353.634507 -0.364097 0.737434 0.568880 -0.123913 -0.643730 0.755154 -0.923081 -0.204458 -0.325757
-5.090534 -157.769365 -3105.499371 3840.216685 0.576818 -0.370975 -0.727776 0.297344 0.925163 -0.235923 0.760833 -0.080315 0.643958
-7.028635 -158.285882 -2505.840766 2361.860123 0.574577 -0.377175 -0.726361 0.494414 0.867208 -0.059213 0.652239 -0.325100 0.684758
-10.265224 -157.138497 -2108.543032 1793.078407 0.579984 -0.336608 -0.741831 0.454050 0.889645 -0.048689 0.676355 -0.308590 0.668817
-8.320371 -156.426995 -3726.219357 2299.187710 0.583051 -0.352478 -0.731991 0.289498 0.931980 -0.218186 0.759106 -0.084696 0.645434
-14.756757 -44.472081 -2199.047975 1121.823201 0.079907 0.282196 0.956023 0.990821 -0.127399 -0.045210 0.109039 0.950860 -0.289786
-17.175031 -44.403172 617.965470 1663.995722 0.073429 0.254024 0.964407 0.996014 -0.067785 -0.057981 0.050643 0.964820 -0.257989
-13.972459 -41.765899 501.879972 -177.310642 0.198459 0.229757 0.952799 0.971153 -0.177219 -0.159548 0.132197 0.956977 -0.258300
-10.628230 -41.420173 -2174.843800 443.023803 0.161210 0.267127 0.950081 0.968869 -0.226116 -0.100823 0.187896 0.936757 -0.295264
-8.586089 -220.783783 -8282.595708 -118655.442065 0.686306 -0.069623 -0.723973 0.195648 0.976389 0.091572 0.700504 -0.204490 0.683724
2.175699 -526.185324 -1457.334820 -234099.244699 0.666178 0.014192 -0.745657 -0.086052 0.994604 -0.057949 0.740811 0.102770 0.663805
1.451809 -249.587320 -2702.467193 -88087.672818 0.689636 -0.079130 -0.719820 0.118486 0.992946 0.004362 0.714397 -0.088297 0.694147
4.101549 -138.553344 -4953.804433 -26434.523233 0.671983 -0.240524 -0.700419 0.391254 0.918324 0.060017 0.628776 -0.314372 0.711204
-127.401344 -169.038364 -87355.203597 -38778.409135 0.313473 0.780370 0.541071 0.087987 0.543470 -0.834805 0.945512 -0.309296 -0.101701
-155.661926 -219.537376 -57878.327644 -52594.869425 0.223705 0.724326 0.652156 -0.080147 0.680518 -0.728335 0.971356 -0.110664 -0.210288
-163.502148 -196.993673 -11016.971798 -59731.823048 0.049413 -0.554616 -0.830638 0.101125 0.830158 -0.548280 0.993646 -0.056906 0.097106
39.813856 -101.239282 -71617.269461 -12680.129737 0.327495 0.724228 0.606829 0.353135 0.501885 -0.789561 0.876381 -0.472870 0.091385
103.500757 -119.449779 -27463.033048 -15631.742493 0.060842 0.809119 0.584486 0.294194 0.545022 -0.785112 0.953807 -0.219720 0.204878
101.465418 -174.222994 -66933.054209 -34391.988975 0.260812 0.816447 0.515161 0.119984 0.502079 -0.856458 0.957905 -0.285185 -0.032987
20.185792 -96.164518 -9711.743249 721.645976 0.779526 0.326307 -0.534662 -0.418144 0.906633 -0.056324 0.466363 0.267472 0.843187
8.709810 -92.060769 -7334.333991 3167.122366 0.781454 0.330253 -0.529398 -0.480137 0.860132 -0.172165 0.398494 0.388723 0.830721
20.125523 -92.685111 -5037.632608 2760.905959 0.746398 0.348041 -0.567237 -0.507806 0.848765 -0.147417 0.430144 0.398078 0.810253
2.890840 -63.535018 2539.359495 2817.863910 0.696578 -0.397781 -0.597118 -0.641976 -0.717179 -0.271146 0.320383 -0.572210 0.754937
2.859091 -63.295330 3.754861 2852.618565 0.710176 -0.395681 -0.582311 -0.599715 -0.773249 -0.205979 0.368770 -0.495502 0.786439
2.702550 -66.333577 1165.440392 3449.012409 0.712383 -0.383670 -0.587630 -0.583777 -0.788699 -0.192762 0.389506 -0.480365 0.785833
20.216127 -59.237671 -754.119459 -8295.495390 0.777389 -0.123969 -0.616683 -0.409750 0.644042 -0.645999 -0.477254 -0.754878 -0.449875
26.666100 -58.893869 -4945.241923 -5393.394057 0.799536 -0.122680 -0.587955 -0.390136 0.638204 -0.663694 -0.456657 -0.760030 -0.462405
23.632040 -60.143450 -2719.263799 -2479.745309 0.795670 -0.139426 -0.589466 -0.324100 0.724138 -0.608755 -0.511731 -0.675414 -0.530987
4.416026 -67.160059 406.670773 -774.027938 0.615676 -0.206457 -0.760473 -0.601578 -0.746481 -0.284378 0.508966 -0.632568 0.583790
3.037285 -65.942664 292.750928 949.014275 0.624346 -0.186406 -0.758581 -0.588296 -0.751086 -0.299629 0.513907 -0.633342 0.578599
5.448212 -72.818614 36.139706 4787.816803 0.616806 -0.203306 -0.760406 0.629542 0.707308 0.321546 0.472469 -0.677039 0.564262
16.825379 -156.883070 -5302.864241 24924.895244 -0.623399 0.549307 0.556449 0.761907 0.266838 0.590165 0.175700 0.791871 -0.584868
24.267919 -193.367043 -4532.298666 18908.386515 -0.630688 0.546888 0.550587 0.773043 0.505003 0.383898 -0.068099 0.667747 -0.741267
9.178493 -178.284077 -7043.805200 40681.321304 -0.654631 0.552474 0.515975 0.745948 0.361440 0.559395 0.122557 0.751088 -0.648727
8.498745 -132.548003 -5804.517992 32733.665198 -0.635115 0.554741 0.537486 0.723244 0.182781 0.665965 0.271196 0.811698 -0.517300
11.046423 -115.358476 -5149.483963 24017.151567 -0.609864 0.550102 0.570485 0.722452 0.089997 0.685539 0.325775 0.830234 -0.452308
16.660480 -122.735013 -1761.563286 15587.739697 -0.600904 0.509587 0.615821 0.745286 0.078739 0.662079 0.288898 0.856809 -0.427103
1455.251341 -87.403739 -717004.467246 -24400.058416 0.680058 -0.413926 -0.605133 0.603361 0.784869 0.141196 -0.416506 0.461135 -0.783504
1040.523536 -98.106404 -471356.516391 1082.946328 0.780871 -0.420382 -0.462082 0.541465 0.824363 0.165050 -0.311539 0.379084 -0.871343
3164.801110 -565.881635 -1373827.701666 134625.366698 0.852875 -0.187902 -0.487131 0.389767 0.849920 0.354567 -0.347398 0.492269 -0.798114
862.366656 -64.085103 -326428.330190 -10320.303841 0.803521 -0.558269 -0.206614 0.594840 0.766302 0.242788 -0.022788 0.317988 -0.947821
797.682305 -84.047131 -360895.527206 -23992.939532 0.731099 -0.344147 -0.589115 0.582769 0.764002 0.276912 -0.354787 0.545769 -0.759120
-18.311656 -82.258208 547.012010 -1141.482847 0.711883 -0.389173 -0.584608 0.693950 0.261833 0.670728 0.107959 0.883169 -0.456461
-10.132311 -82.988223 -8331.865761 -959.377090 0.751900 -0.341736 -0.563794 0.650525 0.245684 0.718649 0.107074 0.907114 -0.407038
-21.250955 -83.708987 686.454958 1866.491306 0.708633 -0.384542 -0.591580 0.672063 0.112530 0.731894 0.214874 0.916223 -0.338179
-20.091624 -82.161837 3578.963624 1659.782601 0.694971 -0.422671 -0.581691 0.684908 0.142854 0.714488 0.218897 0.894954 -0.388770
-20.234670 -79.377284 3621.444570 4110.607379 0.709924 -0.419858 -0.565444 0.630313 0.020608 0.776067 0.314186 0.907356 -0.279272
-20.609693 -77.609993 1730.959526 4688.495595 0.727172 -0.386829 -0.567083 0.597930 -0.048861 0.800058 0.337194 0.920856 -0.195766
19.336583 -195.185132 -3298.110162 24674.144357 0.974679 -0.222418 0.023062 -0.085080 -0.273491 0.958104 0.206793 0.935806 0.285489
9.194870 -186.489214 -878.064332 5841.369544 0.977605 -0.206946 -0.038225 -0.074658 -0.510867 0.856412 0.196759 0.834379 0.514876
9.219597 -201.914892 1190.325911 17596.381055 0.977102 -0.208777 -0.041027 -0.061073 -0.459908 0.885864 0.203817 0.863074 0.462128
40.349736 -208.299301 -11855.081479 19412.013276 0.976828 -0.202855 0.068244 -0.064554 0.024757 0.997607 0.204059 0.978896 -0.011089
39.902158 -183.147186 -9961.697881 16420.171069 0.950896 -0.265283 0.159445 -0.194590 -0.111790 0.974494 0.240692 0.957668 0.157922
15.199406 -218.864393 -2502.939806 24270.724375 0.977904 -0.208227 -0.018601 -0.014875 -0.158056 0.987318 0.208527 0.965225 0.157661
4.077564 -53.573713 -12165.380877 -2662.818898 0.340658 -0.299675 -0.891149 0.934814 0.209153 0.287016 0.100375 -0.930833 0.351390
-11.356556 -55.099573 -3818.064822 498.136849 0.511121 -0.239790 -0.825382 0.859330 0.162116 0.485046 0.017499 -0.957193 0.288920
-12.527219 -60.645394 -2661.547602 -494.445134 0.558495 -0.208409 -0.802900 0.827111 0.213435 0.519935 0.063008 -0.954469 0.291579
-6.114534 -64.032558 -5268.697891 -2732.002722 0.495461 -0.225109 -0.838954 0.851132 0.318700 0.417139 0.173473 -0.920737 0.349501
-16.526845 -64.302494 -687.806384 -486.979810 0.613065 -0.166396 -0.772311 0.781409 0.271755 0.561737 0.116409 -0.947872 0.296626
1.550177 -89.870177 -298.432541 -4302.144081 -0.761625 0.359190 0.539361 0.070310 0.873215 -0.482237 -0.644193 -0.329361 -0.690316
0.687749 -88.878948 78.893423 -5184.038388 -0.763226 0.367245 0.531618 0.090004 0.875175 -0.475361 -0.639832 -0.314961 -0.701010
1.597567 -94.010003 -110.972907 -7351.346675 -0.759331 0.380395 0.527936 0.158172 0.894897 -0.417303 -0.631188 -0.233366 -0.739691
-1.868187 -129.147404 -6288.563331 -9863.948693 0.912429 -0.250950 0.323260 -0.339388 -0.022640 0.940374 0.228669 0.967735 0.105827
-12.712120 -160.722273 -3507.544326 -20808.294822 0.936615 -0.261875 0.232755 -0.254789 -0.053100 0.965538 0.240491 0.963640 0.116457
-0.690761 -142.227566 -6151.912368 14650.542725 0.896135 -0.262403 0.357892 -0.338883 0.116074 0.933641 0.286533 0.957952 -0.015094
-11.847772 -204.709662 -7132.465141 -63306.005227 0.940476 -0.229442 0.250724 -0.293036 -0.173763 0.940179 0.172149 0.957686 0.230655
7.831104 -124.045888 -5992.049075 19249.441365 0.880202 -0.264921 0.393777 -0.387089 0.079329 0.918623 0.274601 0.961001 0.032723
5.719579 -127.765360 -3070.582249 4232.861765 0.893773 -0.277669 0.352236 -0.370101 -0.012942 0.928901 0.253369 0.960590 0.114333
2.027021 -177.348869 -6228.435486 -45601.982583 0.924802 -0.242763 0.292928 -0.332534 -0.141736 0.932380 0.184829 0.959676 0.211804
-20.848691 -102.982558 3841.188399 -15165.710494 0.841016 -0.441186 0.313125 -0.496095 -0.398002 0.771676 0.215828 0.804332 0.553596
-14.672923 -83.431530 436.490492 9964.093841 0.681628 -0.507077 0.527501 0.692476 0.214187 -0.688913 0.236348 0.834864 0.497134
-34.533746 -110.337216 3717.028170 -22404.721913 0.797848 -0.448251 0.403125 -0.586546 -0.422675 0.690876 0.139295 0.787665 0.600150
-35.172719 -127.729217 4459.251327 -20897.967844 0.867691 -0.407708 0.284406 -0.482587 -0.553609 0.678695 0.119259 0.726148 0.677116
-7.552124 -490.770074 6383.765937 189315.686238 0.538799 -0.821153 -0.188156 0.799265 0.427697 0.422196 -0.266214 -0.377866 0.886762
-8.777884 -397.983113 -1434.333268 115848.696256 0.604135 -0.781369 -0.156473 0.707483 0.435554 0.556562 -0.366728 -0.446941 0.815938
17.503547 -3488.142672 -29006.778053 -2088580.003365 0.756913 -0.649284 0.074248 -0.111440 -0.240185 -0.964309 -0.643944 -0.721624 0.254155
-62.843491 -375.609078 -25254.054739 -129818.369000 0.725725 -0.673524 -0.140315 -0.685653 -0.691285 -0.228045 -0.056596 -0.261705 0.963487
1649.178550 -5586.211639 1084178.366938 -1490135.879534 0.499813 -0.659089 -0.561950 0.617325 -0.184011 0.764885 -0.607533 -0.729206 0.314901
-93.650527 -279.410040 -4602.664312 132780.512718 0.469433 -0.787432 -0.399478 0.865384 0.500146 0.031062 0.175338 -0.360283 0.916216
-131.443944 -1404.746685 -32058.543720 675886.914288 0.479400 -0.842602 -0.245352 0.864310 0.501778 -0.034438 0.152130 -0.195550 0.968822
-13.184403 -68.339160 5303.400770 735.244252 -0.594273 0.688896 0.415044 0.740847 0.669743 -0.050880 0.313024 -0.277248 0.908377
-3.569954 -68.037637 -6916.725091 1477.964200 0.614957 -0.679084 -0.400840 0.715809 0.693978 -0.077531 0.330825 -0.239247 0.912861
-9.121863 -70.349325 -7310.914811 1633.342173 0.590116 -0.698756 -0.404355 0.767352 0.641115 0.011980 0.250867 -0.317352 0.914524
-16.880795 -70.338422 -6195.706192 1282.217327 0.578963 -0.699345 -0.419187 0.779135 0.626058 0.031632 0.240313 -0.344917 0.907349
-79.223943 -117.740874 1715.139397 -8069.581820 -0.622146 0.182879 0.761242 0.782627 0.119557 0.610901 0.020709 0.975839 -0.217508
-72.046608 -113.173720 1427.647608 -9415.274547 0.794265 -0.035209 -0.606551 0.604350 0.148454 0.782766 -0.062484 0.988292 -0.139190
-64.358784 -99.610265 555.705713 -12820.912394 0.879566 0.073808 -0.470018 0.430241 0.298358 0.851983 -0.203117 0.951596 -0.230670
3.041061 -24.694718 -3775.809557 531.360504 0.817225 -0.065755 0.572555 -0.553719 -0.365064 0.748414 -0.159807 0.928658 0.334749
11.904506 -24.664821 -949.826289 1033.779036 0.632743 -0.170683 0.755317 0.748841 0.383224 -0.540719 -0.197164 0.907748 0.370297
4.272582 -19.932407 4215.283275 2308.813376 0.365694 -0.254538 0.895253 0.914169 0.278902 -0.294123 -0.174823 0.925972 0.334683
43.850686 -93.300470 8411.401637 -4114.064576 -0.852776 0.429712 0.296852 0.356954 0.894450 -0.269340 -0.381257 -0.123724 -0.916152
53.449085 -112.070347 -1712.516029 -6752.773687 -0.901999 0.401991 0.157482 0.359355 0.901220 -0.242210 -0.239292 -0.161882 -0.957358
64.093621 -130.041746 606.353589 1147.036223 -0.942754 0.324859 0.075380 0.318848 0.944275 -0.081736 -0.097732 -0.053022 -0.993799
-5.800327 -111.491294 2082.447608 6451.202872 -0.541853 0.432733 0.720512 0.707260 -0.228379 0.669049 0.454069 0.872115 -0.182307
-4.503608 -105.831577 154.792550 2768.346338 -0.531230 0.439520 0.724305 0.680271 -0.288303 0.673880 0.505002 0.850708 -0.145837
5.131331 -136.189092 -2052.525378 3325.416491 0.627059 -0.240444 -0.740934 0.767184 0.355470 0.533919 0.135002 -0.903232 0.407366
5.822300 -127.332267 -851.099085 5475.058616 0.593997 -0.242806 -0.766950 0.744683 0.526612 0.410033 0.304327 -0.814693 0.493619
5.987686 -230.161776 1472.235973 -258.162508 0.522181 -0.174528 -0.834786 0.550334 0.816720 0.173497 0.651506 -0.550008 0.522524
3.671030 -231.143995 -3582.324770 -6087.044490 0.527267 -0.207288 -0.824028 0.400607 0.915883 0.025940 0.749336 -0.343789 0.565955
5.159785 -216.342468 -2231.358300 -6322.179515 0.537764 -0.175579 -0.824610 0.598155 0.768735 0.226401 0.594155 -0.614995 0.518422
4.445805 -228.469523 1726.236478 1324.277365 0.502265 -0.200345 -0.841185 0.348029 0.937356 -0.015444 0.791584 -0.285000 0.540527
5.983695 -204.015395 875.323637 -7535.358896 0.541425 -0.151535 -0.826980 0.699236 0.627319 0.342841 0.466828 -0.763877 0.445605
6.081461 -232.728537 5668.891380 -1977.577979 0.486856 -0.193202 -0.851847 0.382771 0.923797 0.009245 0.785148 -0.330564 0.523708
6.412795 -264.984597 2443.409949 -2727.951807 0.515830 -0.187821 -0.835848 0.512350 0.849590 0.125280 0.686598 -0.492870 0.534474
3.940420 -249.548806 1974.421399 -18927.540504 0.550979 -0.161072 -0.818827 0.706955 0.611467 0.355419 0.443438 -0.774702 0.450776
7.045100 -114.181241 -2656.187615 1580.943854 0.515749 -0.354867 -0.779790 -0.482182 0.632114 -0.606575 0.708169 0.688841 0.154902
13.737944 -118.805221 -3726.470449 2377.794911 0.508400 -0.376169 -0.774614 -0.468142 0.634264 -0.615266 0.722754 0.675430 0.146359
11.014251 -117.702668 -2518.575843 5026.068239 0.524874 -0.379784 -0.761755 -0.310655 0.747734 -0.586845 0.792465 0.544663 0.274484
19.826990 -119.934447 -3744.327969 3350.896004 0.507355 -0.404302 -0.761006 -0.401225 0.670716 -0.623826 0.762633 0.621836 0.178075
4.908135 -113.616180 -1517.531751 5750.738069 0.536299 -0.367434 -0.759852 -0.394198 0.687009 -0.610432 0.746319 0.626906 0.223601
7.005089 -121.259830 -961.654002 7397.133856 0.538678 -0.396947 -0.743142 -0.202511 0.795191 -0.571542 0.817811 0.458371 0.347966
9.959888 -120.464590 -3702.039439 4209.904434 0.547760 -0.380083 -0.745316 -0.188875 0.811672 -0.552734 0.815037 0.443537 0.372814
17.132934 -121.064215 -2667.264776 358.237410 0.503168 -0.411865 -0.759730 -0.218951 0.789684 -0.573114 0.835992 0.454716 0.307165
12.950085 -127.806861 -2418.557507 4323.566771 0.524181 -0.393102 -0.755450 -0.119831 0.844215 -0.522438 0.843134 0.364379 0.395416
-8.740115 -64.478287 -622.219170 3434.281576 0.500568 -0.189884 -0.844616 -0.297992 0.878230 -0.374048 0.812793 0.438925 0.383030
-8.950767 -173.282051 3298.865401 22433.077080 0.490139 -0.254350 -0.833708 -0.075906 0.940389 -0.331522 0.868333 0.225775 0.441615
-3.835361 -157.966544 863.338319 21427.158332 0.502552 -0.252409 -0.826880 -0.191866 0.900020 -0.391346 0.842988 0.355322 0.403879
-4.519494 -143.587771 2586.937594 24015.054975 0.492233 -0.296358 -0.818461 -0.303012 0.823114 -0.480278 0.816021 0.484412 0.315364
-5.963210 -185.859747 2277.860023 16454.634582 0.500363 -0.220896 -0.837163 0.047634 0.972465 -0.228127 0.864505 0.074269 0.497108
-12.344461 -189.003224 2257.305874 6957.715575 0.514091 -0.225307 -0.827615 0.193605 0.970464 -0.143933 0.835600 -0.086236 0.542528
33.226376 -59.767798 14159.776270 5134.378637 -0.525988 0.091469 0.845559 0.839597 -0.102782 0.533397 0.135697 0.990489 -0.022735
43.114117 -53.302703 5884.204664 6151.989665 -0.437831 0.175204 0.881821 0.873873 -0.147591 0.463209 0.211304 0.973407 -0.088486
44.720502 -52.249605 17369.362764 4810.771080 -0.459084 0.063875 0.886094 0.858115 -0.226292 0.460901 0.229956 0.971963 0.049075
19.471774 -63.958446 14346.418242 5337.757420 -0.584017 0.047266 0.810364 0.799121 -0.141872 0.584190 0.142580 0.988756 0.045085
11.810860 -71.529662 9268.566119 3847.835416 -0.634251 0.085243 0.768413 0.772166 0.020312 0.635096 0.038529 0.996153 -0.078705
-25.518449 -229.296414 2773.695708 -29888.004053 0.474117 -0.204293 0.856433 0.740001 -0.434612 -0.513333 0.477087 0.877141 -0.054880
-20.085292 -204.660442 -5158.076892 -46891.383969 0.533776 -0.136017 0.834615 0.801099 -0.234711 -0.550592 0.270783 0.962502 -0.016320
-15.881129 -227.408680 -8657.759734 -52107.236874 0.607799 -0.116390 0.785515 0.766652 -0.171781 -0.618657 0.206942 0.978235 -0.015177
0.433891 -7.617887 5236.033688 5911.060152 -0.521601 0.833833 -0.180707 0.043927 0.237766 0.970329 -0.852058 -0.498187 0.160647
-2.416802 -14.244112 2867.535024 -1188.497529 -0.525873 0.843995 -0.105499 0.041744 0.149495 0.987881 -0.849538 -0.515096 0.113847
-6.482299 -14.023034 549.811099 -2462.902888 -0.517776 0.735937 -0.436240 -0.149718 0.424098 0.893155 -0.842314 -0.527767 0.109405
-5.013304 -11.705524 2186.656922 -594.916260 0.316464 -0.267313 0.910162 -0.435558 0.811407 0.389753 -0.842698 -0.519771 0.140351
-0.757948 -69.577245 -12734.909707 -12015.890053 0.906003 0.249508 -0.341913 0.071344 0.706209 0.704399 -0.417215 0.662581 -0.622027
-27.214989 -66.560787 -994.959168 4754.119200 0.840916 -0.486306 -0.237419 -0.086633 0.312088 -0.946095 -0.534187 -0.816154 -0.220310
-19.634275 -66.115576 1132.561187 -2518.869398 0.851094 -0.511434 -0.118635 -0.065730 0.120390 -0.990548 -0.520882 -0.850848 -0.068846
-32.119844 -62.015671 1566.792100 -1398.171070 -0.251322 0.551358 0.795514 0.098234 0.832180 -0.545735 -0.962906 -0.059009 -0.263307
-11.665956 -149.218761 -2196.106734 -2043.270101 0.583281 -0.355324 -0.730430 0.593749 0.800160 0.084890 0.554298 -0.483207 0.677691
-13.014048 -37.103804 181.165878 -2550.344303 0.314967 0.154901 0.936377 0.935823 -0.215148 -0.279189 0.158213 0.964218 -0.212724
-12.708023 -41.585174 -580.725408 -1645.761440 0.363163 0.157849 0.918257 0.902231 -0.305587 -0.304294 0.232575 0.938989 -0.253394
-13.445906 -40.183063 1070.991610 -1591.031343 0.300567 0.182245 0.936187 0.940878 -0.217443 -0.259744 0.156231 0.958908 -0.236827
20.615622 -269.328706 -11252.160547 117059.614671 0.548697 -0.583869 -0.598354 0.656446 0.744093 -0.124111 0.517696 -0.324688 0.791561
3.056448 -99.777644 -4356.077649 21865.766977 0.480453 -0.621657 -0.618633 0.636971 0.732215 -0.241099 0.602854 -0.278215 0.747773
15.441116 -164.598536 -494.334665 53675.904765 0.557981 -0.481571 -0.675830 0.603087 0.794739 -0.068379 0.570038 -0.369430 0.733879
45.477898 -360.706430 -206.654682 140152.697966 0.536874 -0.498686 -0.680499 0.685930 0.727624 0.007939 0.491189 -0.471037 0.732706
-77.094561 -224.440362 -105109.655938 -44369.927743 0.404229 0.807016 0.430492 -0.176872 0.530744 -0.828871 0.897394 -0.258912 -0.357280
132.988300 -125.698776 14736.785356 -11530.028451 -0.237309 0.801591 0.548759 0.240950 0.595813 -0.766126 0.941078 0.049585 0.334535
116.306911 -108.821063 7867.377665 1093.509273 -0.199111 0.787050 0.583873 0.383445 0.610871 -0.692680 0.901845 -0.085963 0.423422
15.859796 -66.222483 2252.517977 -7003.088734 -0.582331 -0.454440 0.674073 0.758450 -0.602187 0.249247 0.292650 0.656395 0.695342
39.309271 -79.749887 8899.469852 -9188.976500 -0.449166 -0.552021 0.702512 0.794344 -0.606668 0.031172 0.408984 0.572038 0.710989
29.299488 -86.870522 5106.895382 -8195.657265 -0.596244 -0.459914 0.658006 0.692408 -0.709407 0.131575 0.406281 0.534060 0.741428
3.927235 -61.703201 3386.149032 -1189.316322 0.681503 -0.413447 -0.603833 0.686557 0.646876 0.331949 0.253362 -0.640791 0.724703
3.201990 -57.920053 4220.230388 -2157.061381 0.672691 -0.416829 -0.611343 0.719941 0.559437 0.410749 0.170796 -0.716438 0.676421
5.454456 -60.416522 -735.387153 82.493751 0.679215 -0.451434 -0.578683 0.706409 0.616026 0.348566 0.199129 -0.645538 0.737311
-6.723746 -87.398851 2302.783134 -1163.842347 0.734768 -0.082048 -0.673338 -0.671390 -0.229485 -0.704679 0.096703 -0.969848 0.223705
-2.113454 -87.622286 1388.196592 3051.405320 0.711417 -0.100505 -0.695546 -0.702768 -0.099386 -0.704443 -0.001672 -0.989960 0.141337
-4.935901 -89.521941 2655.457113 4857.103693 0.692715 -0.094763 -0.714959 0.703315 0.308234 0.640578 0.159671 -0.946579 0.280166
-6.646360 -94.451947 432.020927 9787.821443 0.752852 -0.108327 -0.649214 -0.657855 -0.092373 -0.747459 -0.021000 -0.989814 0.140806
-8.607417 -88.856950 2973.108000 -11662.103685 0.730144 -0.078423 -0.678778 -0.654450 -0.365837 -0.661709 0.196428 -0.927369 0.318437
-9.046268 -84.349619 783.748516 373.269623 0.768146 -0.102056 -0.632089 -0.635219 -0.245295 -0.732344 0.080308 -0.964062 0.253250
31.587599 -200.488416 -2388.424102 6616.777080 -0.617681 0.541710 0.570106 0.735217 0.655089 0.174110 -0.279153 0.526696 -0.802910
32.527878 -189.007484 118.899442 2022.059664 -0.578236 0.534044 0.616798 0.757614 0.632014 0.163030 -0.302760 0.561565 -0.770053
35.622080 -188.061600 15.624065 -28234.583090 -0.578439 0.549910 0.602501 0.623516 0.774301 -0.108100 -0.525962 0.313140 -0.790764
28.624262 -175.795061 1077.555209 2246.181695 -0.550942 0.506126 0.663551 0.783031 0.588527 0.201245 -0.288662 0.630455 -0.720556
27.022995 -172.553481 3333.830449 -10526.486773 -0.546325 0.511738 0.663063 0.690738 0.723020 0.011117 -0.473719 0.464076 -0.748481
1392.480186 -109.577362 694035.245486 -9213.573199 -0.709129 0.434061 0.555632 0.561868 0.823963 0.073406 -0.425958 0.364247 -0.828181
810.359734 -71.946583 -401209.694741 -3076.230916 0.758002 -0.540277 -0.365423 0.598845 0.798491 0.061624 -0.258493 0.265543 -0.928799
2515.900226 -146.430188 -1509948.823177 13147.383738 0.805661 -0.592083 0.018655 0.583610 0.798743 0.146315 0.101531 0.106993 -0.989062
2211.413967 -90.311725 1260731.851090 -29572.043066 -0.711529 0.702626 -0.006531 0.694360 0.704522 0.146675 0.107659 0.099829 -0.989163
9.867420 -78.464651 -12234.352682 -3230.939220 0.797560 -0.309193 -0.517975 0.603071 0.428956 0.672534 -0.014246 0.848762 -0.528583
48.483494 -80.220248 -35948.921331 -314.755075 0.848504 -0.256922 -0.462636 0.528305 0.360754 0.768603 0.030573 0.896576 -0.441834
37.667545 -77.598984 -36675.135212 -914.253316 0.861718 -0.245156 -0.444231 0.498258 0.243526 0.832126 0.095819 0.938399 -0.332002
7.182557 -192.166594 4009.046790 -230.534824 0.977844 -0.194378 -0.077704 -0.067656 -0.644728 0.761413 0.198100 0.739286 0.643594
2.229298 -48.429412 -13003.122176 -369.670605 0.285596 -0.315147 -0.905051 0.958155 0.112947 0.263024 0.019331 -0.942298 0.334217
-13.643918 -53.587298 -3710.282069 3180.024659 0.506377 -0.257960 -0.822824 0.860721 0.093256 0.500463 -0.052366 -0.961644 0.269255
-13.624116 -165.219708 -488.884138 -13844.325494 0.935205 -0.293089 0.198721 -0.211084 -0.010834 0.977408 0.284315 0.956024 0.071999
-6.930000 -159.069704 -4677.388337 9438.068325 0.913562 -0.263844 0.309502 -0.272956 0.166386 0.947529 0.301497 0.950106 -0.079986
-16.273451 -204.779690 1036.485442 -38055.789239 0.946497 -0.296131 0.128260 -0.206832 -0.251573 0.945480 0.247719 0.921422 0.299362
-18.951745 -246.264139 -74.072834 -60008.879072 0.949097 -0.281426 0.141472 -0.230486 -0.314374 0.920894 0.214689 0.906625 0.363236
-38.724969 -137.513853 1457.593251 16961.797671 0.948678 -0.313250 0.043404 -0.243423 -0.810935 -0.532099 -0.201878 -0.494225 0.845569
-36.611746 -147.650860 5312.156008 13564.607324 0.958548 -0.283654 -0.026940 -0.266397 -0.858645 -0.437906 -0.101082 -0.426931 0.898617
-37.458300 -156.296537 2289.214670 15462.046695 0.946992 -0.319716 0.031428 -0.288763 -0.889998 -0.352873 -0.140790 -0.325093 0.935143
-37.390612 -133.551049 5545.605092 17431.097471 0.963721 -0.265265 -0.029602 -0.227815 -0.759694 -0.609069 -0.139076 -0.593717 0.792564
-38.117169 -114.231169 1584.505213 15346.148400 0.956885 -0.287022 0.044594 -0.180578 -0.708080 -0.682653 -0.227512 -0.645168 0.729381
-38.733908 -115.088089 -2895.347757 16476.463149 0.938524 -0.320770 0.127590 -0.162067 -0.735744 -0.657583 -0.304807 -0.596479 0.742500
927.794918 -81944.143611 -372212.293953 -68020591.884651 0.777791 -0.611278 0.146220 0.025034 -0.202327 -0.978998 -0.628024 -0.765117 0.142066
19.798301 -3171.206665 -35340.106456 -1692029.392681 0.731541 -0.678541 -0.066556 -0.479157 -0.442216 -0.758191 -0.485032 -0.586539 0.648627
-18.334288 -465.111731 -7425.294157 -149522.064891 0.723112 -0.686718 -0.074340 -0.664732 -0.662603 -0.345092 -0.187723 -0.298957 0.935620
-35.873963 -393.707805 -15922.848009 -140043.969213 0.736357 -0.672114 -0.077726 -0.666970 -0.701771 -0.250337 -0.113710 -0.236178 0.965034
32.654338 9.372762 -11087.428254 23432.007716 0.801400 -0.560768 -0.208078 0.140984 0.515178 -0.845408 -0.581275 -0.648175 -0.491924
20.105499 -35.659012 -347.499190 23553.139104 0.802054 -0.308971 -0.511123 -0.241479 0.614964 -0.750671 -0.546258 -0.725504 -0.418624
22.232354 -29.997987 -2801.762209 22464.866932 0.838021 -0.368299 -0.402588 -0.134980 0.574965 -0.806967 -0.528679 -0.730596 -0.432119
30.091650 -0.229906 -7407.594849 25454.767863 0.841369 -0.523436 -0.134585 0.178875 0.504678 -0.844573 -0.510002 -0.686524 -0.518250
-1.746825 -49.083260 3792.950398 -1256.426703 0.660515 -0.427346 -0.617329 0.750783 0.368642 0.548113 -0.006660 -0.825517 0.564338
-7.042503 -47.223135 3592.668339 -1420.261927 0.615918 -0.450032 -0.646618 0.784639 0.276852 0.554703 -0.070617 -0.849014 0.523631
-0.742847 -45.599064 2700.436822 -2326.266242 0.672521 -0.422634 -0.607532 0.737835 0.319028 0.594829 -0.057575 -0.848293 0.526388
11.776018 -67.026828 -2080.579729 -2715.751932 0.744714 -0.224765 -0.628396 -0.368564 0.646466 -0.668014 -0.556383 -0.729084 -0.398592
15.863183 -63.240334 -2656.141432 -4258.311433 0.745473 -0.194233 -0.637607 -0.401598 0.632581 -0.662239 -0.531967 -0.749743 -0.393569
12.569486 -66.063265 -2392.602887 -1061.415067 0.755976 -0.223630 -0.615216 -0.301352 0.715428 -0.630357 -0.581109 -0.661931 -0.473454
25.202395 -427.098856 3809.946709 -60976.991029 0.746473 -0.171733 -0.642873 0.216637 0.976209 -0.009230 0.629163 -0.132380 0.765917
32.077008 -703.763781 959.559053 -234671.120089 0.782740 -0.189725 -0.592724 0.147512 0.981818 -0.119469 0.604614 0.006079 0.796495
23.350116 -442.032897 4244.367500 -61880.457729 0.758529 -0.218003 -0.614092 0.001046 0.942786 -0.333397 0.651639 0.252249 0.715358
-325.751784 -515.263730 108152.043327 -43728.488588 0.914783 -0.285412 0.285852 0.403710 0.621872 -0.671038 -0.013759 -0.729256 -0.684103
-373.830329 -609.569027 44342.337462 -82487.306816 0.981155 -0.095268 -0.168105 0.002600 0.876433 -0.481518 -0.193206 -0.472006 -0.860164
-526.376605 -800.753725 164892.263471 16957.979831 0.977190 0.024699 0.210928 0.063643 0.913506 -0.401815 0.202609 -0.406074 -0.891097
-366.009037 -1342.015355 73709.274075 -336768.315402 0.872956 -0.106582 0.476013 0.296312 0.891030 -0.343896 0.387489 -0.441254 -0.809411
-77.906212 -127.578111 695.456764 -13661.205549 -0.377123 0.260443 0.888790 0.920623 0.000604 0.390453 0.101154 0.965489 -0.239998
-48.947029 -128.871218 -10053.937828 -22598.789375 -0.356990 0.363595 0.860440 0.933227 0.098825 0.345428 0.040562 0.926300 -0.374596
-22.594783 -46.702975 10140.883768 -2413.414985 0.930177 -0.004776 -0.367080 0.261318 0.710913 0.652928 -0.257844 0.703264 -0.662523
-13.883487 -57.197295 5390.190834 -4330.012363 0.798489 -0.207564 -0.565095 0.541788 0.656994 0.524237 -0.262451 0.724759 -0.637058
-12.346812 -40.873088 5747.513565 -6302.674491 0.926261 0.007921 -0.376799 0.243989 0.749388 0.615538 -0.287244 0.662084 -0.692196
-28.830591 -39.275095 14115.348948 -6947.497194 0.925915 -0.020410 -0.377179 0.262678 0.752355 0.604121 -0.271442 0.658442 -0.701978
-6.220327 -15.652377 4107.393425 -2316.992917 -0.387001 -0.352438 0.852067 0.915033 -0.032773 0.402044 -0.113771 0.935261 0.335176
2.478575 -18.627618 4971.804629 -331.701410 -0.501347 -0.349684 0.791437 0.862160 -0.124708 0.491047 -0.073013 0.928531 0.364006
-2.873593 -19.464005 -156.448316 1171.524527 0.738560 0.297018 -0.605235 0.667544 -0.196455 0.718185 -0.094412 0.934444 0.343366
-6.575507 -22.590921 1934.097149 4126.733036 0.905778 0.229253 -0.356385 0.406627 -0.233547 0.883238 -0.119252 0.944933 0.304762
-10.381365 -17.149537 933.000550 7621.159358 0.976490 0.178033 -0.121536 0.170090 -0.290006 0.941789 -0.132423 0.940320 0.313469
43.514363 -158.524866 1114.979656 6910.921330 0.299571 -0.098118 0.949015 0.391548 0.919716 -0.028509 -0.870027 0.380125 0.313938
70.992089 -152.807505 3044.041369 21432.084938 0.264330 0.007025 0.964407 0.549552 0.820651 -0.156602 -0.792542 0.571386 0.213062
64.826478 -143.832036 384.744368 22820.286149 0.303914 -0.159480 0.939256 0.623659 0.778592 -0.069597 -0.720198 0.606927 0.336086
46.520632 -160.412002 4146.825515 -826.683878 0.262489 0.055305 0.963349 0.282235 0.950296 -0.131458 -0.922737 0.306397 0.233834
48.109124 -154.491469 1593.881062 10339.408145 0.329417 -0.229580 0.915848 0.483787 0.874024 0.045085 -0.810823 0.428224 0.398986
32.146707 -153.735143 -516.287737 -3870.221780 0.323963 -0.173128 0.930094 0.275012 0.957893 0.082512 -0.905216 0.229056 0.357935
23.405466 -150.524565 767.895434 -12526.595273 0.307429 -0.061174 0.949603 0.113986 0.993113 0.027074 -0.944719 0.099918 0.312285
82.365764 -64.530691 1557.844992 -20530.242426 0.673229 0.210661 -0.708791 0.737750 -0.126716 0.663074 0.049869 -0.969312 -0.240724
65.304346 -63.778135 23206.080272 -11700.019918 0.589757 0.446411 -0.672982 0.774800 -0.077754 0.627407 0.227755 -0.891443 -0.391735
74.143752 -57.890597 19863.818548 -5821.441893 0.637381 0.372978 -0.674264 0.754719 -0.125726 0.643888 0.155384 -0.919282 -0.361629
60.469421 -52.052243 29442.344429 9324.304688 0.592722 0.481275 -0.645798 0.771561 -0.109297 0.626696 0.231030 -0.869729 -0.436116
73.135246 -54.340368 16686.054763 8975.444192 0.669860 0.340610 -0.659752 0.731914 -0.153491 0.663884 0.124860 -0.927591 -0.352115
