14729
29448
-66.541304 -103.985398 -3508.132022 22514.446763 0.807156 0.589661 0.028266 0.565256 -0.785784 0.251056 -0.170248 0.186664 0.967560
-63.873420 -96.548128 1423.860849 13344.249419 0.972340 0.228686 0.047515 0.209825 -0.944593 0.252423 -0.102608 0.235472 0.966450
-77.059869 -116.432352 2126.237925 12804.372177 0.869058 0.494375 -0.018208 0.463900 -0.801596 0.377148 -0.171857 0.336210 0.925974
-53.712961 -80.255745 -1090.148201 -15818.321647 0.975661 0.196494 0.097340 -0.184805 0.975746 -0.117333 -0.118035 0.096488 0.988311
-81.162656 -140.378225 1876.294259 33236.982024 -0.577380 -0.805826 0.131438 0.783567 -0.501638 0.366583 -0.229468 0.314648 0.921054
-47.414731 -142.441729 -19298.465364 53456.974390 0.618904 0.784568 0.037557 0.752801 -0.606133 0.256698 -0.224162 0.130599 0.965762
-49.966819 -90.937059 -10921.447967 -27277.288330 0.763723 0.637854 0.099347 -0.625220 0.769178 -0.132153 -0.160710 0.038815 0.986238
-18.737202 -129.457462 -63137.648847 12843.519383 0.711751 0.665500 0.224768 0.123340 -0.433419 0.892712 -0.691519 0.607665 0.390569
-34.691222 -121.757851 -93569.773836 9584.425919 0.581172 0.732641 0.354226 0.220412 -0.560730 0.798123 -0.783363 0.385771 0.487363
-61.828392 -118.854643 -29112.944591 7166.938586 0.752253 0.626092 0.205244 0.184368 -0.499086 0.846712 -0.632554 0.599101 0.490871
-73.767782 -125.900726 -18055.297632 -5940.460938 0.827010 0.545374 0.136459 0.126530 -0.417068 0.900025 -0.547763 0.727063 0.413926
-69.075018 -120.540329 -28988.175060 -1432.956548 0.790122 0.596583 0.140695 0.055045 -0.297672 0.953080 -0.610472 0.745305 0.268037
-3.704742 -125.437770 -78688.310755 -21305.188864 0.687862 0.688156 0.230842 -0.063294 -0.259955 0.963544 -0.723077 0.677396 0.135257
53.855664 -158.034809 -48282.812455 5987.700352 0.769438 0.610219 0.188676 0.069867 -0.374032 0.924780 -0.634889 0.698379 0.330428
-72.822430 -112.372420 -1847.710338 1812.337746 -0.703337 0.656703 0.272135 -0.067367 0.319527 -0.945180 0.707657 0.683113 0.180495
-69.615203 -108.491434 -2495.159809 5404.633997 -0.617525 0.718390 0.320279 -0.155303 0.287815 -0.945010 0.771067 0.633307 0.066165
-74.279275 -108.343689 2731.745242 -3962.917680 0.698082 -0.642727 -0.315570 0.203763 -0.244183 0.948080 0.686413 0.726139 0.039496
5.236330 -28.373128 -1947.427321 -4374.823942 0.995226 -0.089407 0.039131 -0.094126 -0.773342 0.626963 0.025793 0.627653 0.778066
4.740777 -22.066061 -490.389002 -1734.141677 0.983082 0.112246 -0.144744 0.180263 -0.733034 0.655871 0.032483 0.670867 0.740866
6.405693 -29.466813 -1071.876845 -2693.200344 0.995780 0.038214 -0.083441 0.083637 -0.752174 0.653635 0.037785 0.657855 0.752196
90.676226 -182.987210 36643.371851 3240.153414 0.042834 0.976803 -0.209811 0.508814 -0.202057 -0.836828 0.859810 0.070910 0.505666
48.692639 -175.405950 15964.876370 9661.263373 0.047840 0.955679 -0.290498 0.427375 -0.282450 -0.858821 0.902808 0.083066 0.421946
56.532837 -168.031081 23840.635454 26119.056665 0.032612 0.975618 -0.217037 0.264604 -0.217832 -0.939433 0.963806 0.026792 0.265256
95.308119 -172.552660 36211.536710 29238.607121 0.068259 0.990089 -0.122738 0.269865 -0.136762 -0.953136 0.960476 -0.031937 0.276526
-8.636713 -69.171733 23710.700954 3513.486025 0.484441 0.611755 -0.625358 0.864316 -0.445158 0.234078 -0.135184 -0.653904 -0.744403
-26.485906 -67.021906 10368.252351 4528.963595 0.592177 0.514204 -0.620420 0.803325 -0.437114 0.404475 -0.063212 -0.737920 -0.671922
-36.283965 -71.534728 521.559200 4819.506428 0.667393 0.413309 -0.619486 0.731498 -0.519807 0.441262 -0.139635 -0.747648 -0.649250
16.699553 -62.510143 40822.945355 1538.581359 0.381379 0.688518 -0.616841 0.923663 -0.310796 0.224170 -0.037367 -0.655247 -0.754490
-27.010150 -71.539887 4986.708272 4718.778599 0.573513 0.481979 -0.662403 0.787035 -0.548528 0.282300 -0.227284 -0.683237 -0.693923
14.143559 -72.028327 39618.901467 4337.695523 0.438196 0.667225 -0.602325 0.873081 -0.475318 0.108641 -0.213808 -0.573484 -0.790824
42.180750 -71.245309 64189.396519 3671.211627 0.402264 0.717287 -0.568931 0.900859 -0.420896 0.106304 -0.163210 -0.555289 -0.815486
57.612702 -66.958588 55753.221512 -701.235769 0.348239 0.720925 -0.599163 0.928488 -0.353225 0.114638 -0.128994 -0.596237 -0.792377
1.221364 -73.992910 -635.915864 -1206.379037 0.999094 0.026644 0.033199 -0.042263 0.714199 0.698665 0.005095 0.699435 -0.714678
1.819485 -72.852547 -439.203631 66.555847 0.998084 0.039523 0.047614 -0.061852 0.613956 0.786913 -0.001869 0.788350 -0.615224
-0.016910 -72.281424 -1107.461508 -630.007463 0.998418 0.039963 0.039546 -0.055876 0.627476 0.776629 -0.006222 0.777610 -0.628716
-0.319590 -72.110850 -2870.080864 -965.308840 0.999020 0.037771 0.023069 -0.043103 0.711984 0.700871 -0.010048 0.701179 -0.712915
-1.730021 -71.160788 -1934.668870 -1930.221651 0.998631 0.037286 0.036698 -0.052255 0.677169 0.733969 -0.002516 0.734882 -0.678190
-0.408937 -71.283849 -2014.928522 2014.369609 0.996966 0.055499 0.054568 -0.075112 0.502335 0.861405 -0.020396 0.862890 -0.504980
-2.469392 -70.593714 -1672.328254 -647.279199 0.997709 0.046574 0.049067 -0.067146 0.593231 0.802227 -0.008255 0.803684 -0.594999
-24.854780 -134.832813 890.676142 26505.150317 0.957251 0.245022 0.153738 -0.287790 0.753227 0.591462 -0.029121 0.610421 -0.791541
-25.564612 -150.918718 -663.800229 17204.787715 0.969579 0.202701 0.137219 -0.242749 0.868303 0.432576 0.031464 0.452727 -0.891094
-24.173050 -157.499124 -3655.681984 17398.133628 0.967403 0.224808 0.116592 -0.253215 0.865528 0.432139 0.003766 0.447575 -0.894239
-11.069572 -87.322106 -6085.488693 27913.788071 0.927041 0.343478 0.150392 -0.330216 0.557861 0.761413 -0.177631 0.755522 -0.630582
-19.024578 -112.661980 -3725.840380 31789.413317 0.944946 0.293655 0.144376 -0.308262 0.650828 0.693829 -0.109783 0.700136 -0.705519
-11.674370 -132.089497 -7768.597102 33566.960242 0.948194 0.302116 0.098251 -0.288212 0.687937 0.666090 -0.133647 0.659900 -0.739372
-4.226047 -117.792419 -9363.126831 33400.991133 0.938787 0.329814 0.099510 -0.299797 0.639850 0.707611 -0.169709 0.694128 -0.699560
-0.755670 -95.089639 -6787.670994 31099.193790 0.918698 0.364310 0.152554 -0.340078 0.533224 0.774609 -0.200852 0.763512 -0.613766
-9.315874 -65.347335 -5478.562289 16064.683219 0.893223 0.394534 0.215630 -0.392087 0.448791 0.803028 -0.220049 0.801829 -0.555562
-16.170876 -61.035767 -5066.847357 16111.613568 0.900285 0.377389 0.216944 -0.386869 0.465207 0.796188 -0.199549 0.800725 -0.564818
17.794657 -11.344018 11134.798908 3719.295152 -0.205261 0.820578 -0.533404 -0.749748 -0.482151 -0.453219 0.629083 -0.306891 -0.714194
31.970217 -11.685313 9329.444608 2750.491638 -0.251549 0.756904 -0.603175 -0.726989 -0.559177 -0.398507 0.638913 -0.338257 -0.690921
16.597055 -17.348233 9072.688599 4411.132092 -0.148370 0.846542 -0.511227 -0.746098 -0.435125 -0.503989 0.649095 -0.306649 -0.696163
78.689382 -114.006546 -27077.420196 -5338.839321 0.556504 0.789876 0.257679 0.763787 -0.608428 0.215510 -0.327006 -0.076880 0.941890
110.311432 -94.500302 -31153.932093 3825.924605 0.627706 0.761322 0.162402 0.691382 -0.641103 0.333133 -0.357738 0.096828 0.928788
114.170209 -97.027674 -31810.436345 -5072.131817 0.563593 0.815114 0.133985 0.787213 -0.579132 0.211900 -0.250318 0.013951 0.968063
7.621412 -205.225751 -879.631462 465.807997 0.461058 0.329297 -0.824008 0.075946 0.910545 0.406374 0.884114 -0.249942 0.394806
4.186273 -215.619063 -6077.760571 -8915.280632 0.476623 0.318804 -0.819264 0.186638 0.873987 0.448679 0.859067 -0.366756 0.357062
6.264112 -192.601056 -2161.273056 -7581.947469 0.466561 0.317720 -0.825454 0.273908 0.835477 0.476395 0.841009 -0.448366 0.302775
5.632150 -226.228543 -2374.903352 3177.147383 0.456758 0.345028 -0.819956 -0.103068 0.936040 0.336460 0.883600 -0.069170 0.463106
7.560741 -320.498110 737.524371 59112.869568 -0.219249 -0.097149 0.970820 0.708443 0.668310 0.226872 -0.670849 0.737512 -0.077702
3.627766 -391.955575 4935.137478 115994.100296 -0.192612 -0.067038 0.978982 0.517164 0.840924 0.159335 -0.833932 0.536984 -0.127302
7.663395 -414.274680 4550.454884 119483.269729 -0.188807 -0.073081 0.979291 0.602596 0.778780 0.174298 -0.775390 0.623026 -0.103000
-2.444261 -411.152175 2518.173635 111200.440949 -0.197856 -0.082533 0.976750 0.522083 0.834482 0.176267 -0.829628 0.544820 -0.122018
9.645044 -307.105375 2759.378362 12105.206641 -0.229890 -0.087840 0.969245 0.793871 0.559162 0.238969 -0.562956 0.824392 -0.058812
-13.496729 -145.882971 4224.166143 -13091.424444 0.204599 0.375557 -0.903934 0.028422 0.920800 0.388998 0.978433 -0.105280 0.177721
-8.713499 -160.264153 11740.272963 -6696.764267 0.186545 0.393611 -0.900151 -0.224579 0.909059 0.350965 0.956434 0.136684 0.257977
-22.266895 -159.163205 8841.706214 -10448.183245 0.203805 0.401663 -0.892822 -0.161984 0.913228 0.373867 0.965518 0.068427 0.251183
-24.102469 -165.731610 12672.859819 -4497.501806 0.193616 0.400210 -0.895737 -0.377186 0.873206 0.308614 0.905673 0.278107 0.320020
-18.368788 -144.928689 4130.912640 -14202.426419 0.219539 0.400776 -0.889484 0.028980 0.908645 0.416562 0.975173 -0.117229 0.187869
-32.081349 -166.797733 1930.246770 -6623.203392 0.245123 0.458922 -0.853993 -0.328681 0.868038 0.372128 0.912076 0.189474 0.363615
-25.027004 -157.701916 412.689291 -12028.425261 0.255902 0.448499 -0.856366 -0.118943 0.893740 0.432530 0.959358 -0.008827 0.282055
1.899891 -609.224675 6874.872262 242318.777861 -0.163421 -0.030148 0.986096 0.310559 0.947146 0.080424 -0.936401 0.319384 -0.145421
-1.239386 -533.222049 5080.767240 165338.433167 -0.195724 -0.017591 0.980501 0.240540 0.968434 0.065391 -0.950701 0.248648 -0.185314
-152.710192 -3078.393726 16563.626721 -1612483.226674 0.506644 -0.431231 -0.746560 -0.267197 0.744751 -0.611516 0.819706 0.509300 0.262100
-40.170637 -4779.298198 9857.563386 2947075.252783 -0.505454 0.360387 0.783988 0.606139 -0.498349 0.619874 0.614094 0.788524 0.033448
-191.525480 -26744.344730 304969.840071 -16387839.276732 -0.392791 0.465132 0.793327 0.903786 0.354675 0.239533 -0.169958 0.811084 -0.559693
-62.212059 -3689.876555 -50320.636042 -411620.659125 -0.430792 0.517971 0.739002 0.829361 -0.095601 0.550473 0.355778 0.850039 -0.388400
-19.857545 -2926.013996 -57773.349989 -1897273.089343 -0.418717 0.576365 0.701769 0.568202 0.769096 -0.292639 -0.708395 0.276214 -0.649525
-7.603582 -14.005881 -557.715247 542.717384 0.578481 0.622471 -0.527152 0.774353 -0.215941 0.594766 0.256391 -0.752263 -0.606930
-10.746274 -16.079653 5413.616853 -159.598296 -0.100872 0.590335 -0.800831 0.953828 0.286273 0.090883 0.282907 -0.754687 -0.591955
-9.630792 -20.827307 -3949.941753 3717.028732 0.957629 0.266519 0.109152 -0.068014 0.577553 -0.813515 0.279858 -0.771622 -0.571209
-0.060193 -65.575744 11618.176088 -974.681849 0.810337 0.585492 0.023542 0.585905 -0.809029 -0.046764 0.008334 -0.051688 0.998628
-0.032639 -62.052565 10619.893397 824.859561 0.806918 0.590252 0.022061 -0.588296 0.806463 -0.059380 -0.052841 0.034937 0.997992
-11.065916 -63.936750 5767.025950 375.104696 0.801229 0.595918 0.053974 -0.594916 0.803034 -0.034807 -0.064085 -0.004222 0.997936
-15.185046 -66.440894 5918.367305 -751.493356 0.814651 0.576810 0.060274 0.579739 -0.812756 -0.057716 -0.015696 -0.081962 0.996512
-14.653293 -63.077784 2581.143528 1000.003913 0.797050 0.597714 0.086308 -0.588397 0.800788 -0.111925 -0.136014 0.038426 0.989961
-21.142771 -65.146146 1554.389385 836.479058 0.818743 0.564792 0.103292 -0.564389 0.824727 -0.035912 -0.105470 -0.028894 0.994003
-42.344040 -50.795009 2519.434148 4191.558645 0.897131 0.354628 0.263428 0.105010 0.408027 -0.906910 0.429101 -0.841281 -0.328814
-43.090644 -55.260016 181.404718 246.413093 0.933064 0.288919 0.214286 0.107117 0.345519 -0.932278 0.343392 -0.892829 -0.291443
-42.961367 -50.068931 2754.381226 2196.633777 0.870090 0.468158 -0.154183 -0.314407 0.286253 -0.905101 0.379594 -0.835995 -0.396258
-44.206917 -54.850463 -1502.355448 1155.012488 0.936218 0.344437 -0.069707 -0.190661 0.331220 -0.924090 0.295202 -0.878440 -0.375765
-39.326944 -46.657473 9002.379001 -96.849575 0.725296 0.588657 -0.356972 -0.525574 0.138547 -0.839391 0.444656 -0.796422 -0.409870
-31.879111 -49.056118 9841.760362 1700.936115 0.543795 0.612757 -0.573425 0.738491 -0.024823 0.673807 0.398645 -0.789882 -0.466014
-41.117980 -52.054215 5952.454619 1594.885365 0.734413 0.531662 -0.421869 -0.595254 0.205956 -0.776694 0.326053 -0.821533 -0.467731
-1.899292 -191.007269 -643.687535 -11273.592591 0.858293 0.278263 0.431165 -0.169694 -0.639042 0.750220 -0.484290 0.717074 0.501266
-3.357079 -191.139375 -1824.009376 -11579.221943 0.853001 0.273684 0.444395 0.029659 0.824683 -0.564817 -0.521067 0.494970 0.695338
-4.229763 -189.239255 374.099979 7371.558374 0.868912 0.274069 0.412162 -0.068858 -0.757678 0.648986 -0.490153 0.592293 0.639483
-1.766495 -180.938333 -37.391444 -21987.167459 0.868351 0.283944 0.406623 -0.212356 -0.528055 0.822230 -0.448186 0.800334 0.398240
-33.840733 -45.116049 -5722.666666 -10715.630876 0.487795 -0.249163 0.836644 0.533074 0.843977 -0.059455 -0.691294 0.474995 0.544511
-38.585272 -59.653387 -2915.014850 -5117.248384 0.437769 -0.337768 0.833230 0.655179 0.754499 -0.038370 -0.615710 0.562712 0.551594
-34.915876 -56.194649 -4541.041533 -6698.252565 0.496203 -0.180825 0.849167 0.556945 0.816605 -0.151555 -0.666029 0.548142 0.505912
-24.311335 -47.794367 -9877.675205 -8006.311460 0.611295 0.102907 0.784683 0.338483 0.862250 -0.376769 -0.715365 0.495919 0.492257
-29.970699 -57.053226 -7103.068633 -3788.196465 0.605286 0.090333 0.790866 0.414112 0.812770 -0.409775 -0.679808 0.575538 0.454551
-139.172051 -502.984575 -91953.514924 196933.173157 -0.756336 -0.353988 -0.550135 -0.295610 0.935131 -0.195306 0.583584 0.014908 -0.811916
-263.312121 -347.544876 -121293.545043 74352.495823 -0.574249 -0.642826 -0.506964 -0.656873 0.731375 -0.183323 0.488626 0.227738 -0.842247
-17.161133 -591.954511 -66166.465134 328184.110379 -0.667903 -0.490436 -0.559802 -0.510428 0.849253 -0.135027 0.541636 0.195554 -0.817551
-34.261192 -182.762189 4061.752866 -12840.076422 0.961125 0.177755 0.211286 -0.172569 -0.210633 0.962213 -0.215542 0.961268 0.171770
-32.598311 -186.446001 5738.896618 -7747.223061 0.956807 0.138968 0.255358 -0.181738 -0.399669 0.898463 -0.226916 0.906064 0.357151
-25.713673 -176.492556 9758.233011 -7430.670121 0.974284 0.087621 0.207587 -0.174867 -0.286971 0.941844 -0.142097 0.953924 0.264269
-38.889364 -77.541306 -81003.082115 3480.407254 0.054595 0.995890 0.072267 -0.756773 -0.005946 0.653651 -0.651394 0.090376 -0.753338
-63.909127 -108.685200 -2135.212208 -32407.181114 -0.710353 -0.570203 0.412633 -0.284233 0.768721 0.572957 -0.643902 0.289718 -0.708134
-47.246595 -82.899005 -34109.918748 -5917.278940 0.308019 0.951337 0.009060 -0.769888 0.243653 0.589835 -0.558924 0.188656 -0.807473
12.988835 -78.808030 -81364.871268 -5876.137383 0.078929 0.995334 0.055502 -0.864667 0.040647 0.500698 -0.496106 0.087510 -0.863841
59.265510 -84.135546 -91365.756326 -578.732937 0.005453 0.995367 0.095994 -0.805374 -0.052530 0.590435 -0.592742 0.080530 -0.801356
-44.032740 -72.240105 -33882.019330 -7115.012428 0.299679 0.952612 0.052177 -0.832508 0.234401 0.501983 -0.465965 0.193872 -0.863302
30.944782 -83.028388 10783.591655 1004.693913 0.749545 0.310690 0.584512 -0.571854 0.748675 0.335364 0.333415 0.585625 -0.738835
32.631091 -83.642116 -2554.188068 557.779326 0.740299 0.324571 0.588737 -0.581415 0.748760 0.318301 0.337512 0.577938 -0.743017
28.157067 -83.314614 202.125400 699.161430 0.740932 0.325254 0.587562 -0.616292 0.676923 0.402441 0.266839 0.660291 -0.702006
39.636801 -81.174162 6670.074242 -2628.789189 0.754928 0.298298 0.584039 -0.511198 0.825524 0.239137 0.410804 0.479091 -0.775701
32.367620 -83.680077 13417.370348 1216.104499 0.754979 0.304553 0.580736 -0.593956 0.692896 0.408792 0.277891 0.653561 -0.704013
40.959608 -82.616429 8576.395509 -229.590745 0.786755 0.312766 0.532160 -0.529022 0.785864 0.320241 0.318045 0.533476 -0.783742
-3.353195 -166.451459 5003.706449 -7614.632996 0.663400 -0.572961 0.481265 -0.306341 0.378836 0.873292 0.682683 0.726773 -0.075798
8.866226 -163.543326 2524.574850 22027.502637 0.700390 -0.591008 0.400204 -0.398264 0.141705 0.906259 0.592318 0.794121 0.136129
10.845953 -168.591684 3164.507460 27795.319446 0.663421 -0.552752 0.504319 -0.501684 0.171466 0.847887 0.555144 0.815515 0.163553
-14.342252 -161.612224 -3692.940718 -28627.386726 -0.647553 0.528332 -0.549127 -0.184913 0.590134 0.785843 0.739245 0.610416 -0.284447
-15.131257 -154.290691 -4006.704239 27866.535664 -0.677433 0.582448 -0.449265 0.107774 -0.525578 -0.843891 0.727647 0.620099 -0.293271
-1.739337 -174.445071 649.907798 -4506.140720 0.644846 -0.505960 0.572869 -0.394424 0.421719 0.816445 0.654678 0.752434 -0.072381
-12.688414 -94.967888 -2076.900069 -2755.752940 0.864144 0.007475 0.503189 -0.499550 -0.108199 0.859502 -0.060869 0.994101 0.089765
-12.284604 -88.603732 -2142.908004 -2949.008327 0.846743 -0.001264 0.532000 -0.513502 -0.263358 0.816675 -0.139075 0.964697 0.223646
-12.042691 -88.012166 -930.790340 -9338.914096 0.851365 -0.022277 0.524101 -0.520292 -0.163257 0.838238 -0.066889 0.986332 0.150582
-4.525206 -114.096868 -33.603447 -3622.317455 0.872010 0.071115 0.484294 -0.463102 -0.200591 0.863308 -0.158539 0.977091 0.141983
-3.983060 -109.193433 171.729506 -3114.159164 0.858112 0.042388 0.511711 -0.483351 -0.269582 0.832885 -0.173252 0.962044 0.210843
-5.009505 -109.549054 620.799838 2246.002568 0.873386 0.051436 0.484304 -0.474788 -0.131621 0.870203 -0.108504 0.989965 0.090535
-7.970655 -107.108949 -1261.670242 -1309.112461 0.863387 0.048529 0.502202 -0.489204 -0.163036 0.856796 -0.123457 0.985426 0.117022
-7.514065 -102.193564 -149.403074 7234.191970 0.883845 0.047920 0.465319 -0.461919 -0.067561 0.884345 -0.073815 0.996564 0.037578
-5.798731 -103.155449 134.500842 775.967108 0.889399 0.059927 0.453187 -0.456442 0.061971 0.887592 -0.025106 0.996277 -0.082470
19.999695 -137.167492 1690.142129 -22772.493719 -0.867834 -0.018907 -0.496494 0.106443 0.969000 -0.222956 0.485318 -0.246337 -0.838918
19.236552 -152.980425 3234.497007 -14008.498278 -0.879592 -0.039224 -0.474109 -0.012111 0.998118 -0.060108 0.475575 -0.047129 -0.878412
19.347093 -145.498008 1992.649982 -19316.889948 -0.883399 -0.021608 -0.468124 0.035264 0.993039 -0.112383 0.467294 -0.115787 -0.876487
18.471272 -153.597133 -2349.256136 -12169.826370 -0.844946 -0.035663 -0.533661 0.027066 0.993645 -0.109255 0.534167 -0.106758 -0.838611
20.076525 -146.155252 -1983.415321 -11093.162258 -0.837874 -0.009748 -0.545777 0.175063 0.942228 -0.285584 0.517031 -0.334829 -0.787762
-0.863268 -190.628617 -2149.139672 26759.835444 0.880609 -0.091057 0.465012 -0.457933 0.088629 0.884558 0.121759 0.991894 -0.036350
1.255485 -190.177015 -5482.398232 29372.878675 0.878037 -0.082090 0.471499 -0.472699 0.005382 0.881208 0.074875 0.996610 0.034078
0.173505 -167.626161 -2666.532072 27176.776729 0.874340 -0.092033 0.476507 -0.484064 -0.094969 0.869864 0.034803 0.991217 0.127585
-2.195305 -161.530735 959.622314 28181.359696 0.874693 -0.112994 0.471322 -0.482356 -0.107862 0.869310 0.047390 0.987724 0.148849
-3.408226 -187.725168 2121.632262 28210.761891 0.870333 -0.123817 0.476644 -0.474646 0.047086 0.878916 0.131268 0.991187 0.017789
-3.700193 -194.718265 -240.407023 8544.679304 0.879220 -0.103522 0.465032 -0.424167 0.274342 0.863029 0.216920 0.956044 -0.197296
4.274713 -76.642126 -3289.944887 2789.640136 0.768451 -0.078170 0.635116 0.183607 0.977713 -0.101816 -0.613002 0.194852 0.765677
5.387887 -76.244335 -1262.265133 -4973.664587 0.777279 -0.083057 0.623649 0.214616 0.966796 -0.138728 -0.591419 0.241676 0.769296
6.733981 -77.300306 -610.534338 373.384470 0.781360 -0.089384 0.617646 0.177323 0.980697 -0.082401 -0.598358 0.173908 0.782128
62.475282 -31.276684 32752.883662 9850.513087 0.933149 0.338719 0.120424 0.117459 -0.603879 0.788374 -0.339759 0.721526 0.603295
71.272046 -39.808792 38760.447850 10137.416114 0.940409 0.325682 0.097790 0.104201 -0.549741 0.828810 -0.323688 0.769231 0.550918
25.404727 -37.347279 23968.647779 10600.063199 0.945591 0.290187 0.147138 0.061360 -0.603172 0.795248 -0.319520 0.742950 0.588159
-13.552209 -216.402651 -2198.994833 -41423.376735 0.903035 -0.249988 -0.349332 -0.406159 -0.232107 -0.883833 -0.139865 -0.940017 0.311136
-10.550673 -231.694361 -3699.593871 -32651.033928 0.895168 -0.283867 -0.343647 -0.386352 -0.109682 -0.915807 -0.222276 -0.952570 0.207856
-13.507117 -239.825890 -1897.042605 -33719.955402 0.901824 -0.261079 -0.344312 -0.361787 -0.020517 -0.932035 -0.236270 -0.965099 0.112958
-16.461160 -268.279888 -869.421186 -43286.731731 0.909982 -0.224514 -0.348606 -0.359775 -0.009542 -0.932990 -0.206143 -0.974424 0.089458
-4.233096 -190.780898 -7289.016702 -6865.973718 0.974240 0.036328 -0.222568 0.213056 0.175204 0.961203 -0.073914 0.983862 -0.162950
5.850658 -195.051701 -9177.846508 -8145.786060 0.969872 0.035995 -0.240943 0.222009 0.276622 0.934983 -0.100305 0.960305 -0.260296
5.232458 -207.941255 -7239.257300 -8120.185049 0.973747 0.037415 -0.224538 0.224781 -0.002362 0.974406 -0.035927 0.999297 0.010710
13.345898 -209.267511 -5086.636410 -8832.313744 0.972546 0.008234 -0.232564 0.229811 0.123254 0.965399 -0.036614 0.992341 -0.117978
-12.550845 -196.402460 408.541412 -12122.067861 0.962816 -0.207693 -0.172765 0.110648 0.886569 -0.449169 -0.246458 -0.413351 -0.876584
-10.802933 -187.595015 1693.477718 -8283.635064 0.965773 -0.214825 -0.145372 0.094225 0.812707 -0.575004 -0.241670 -0.541625 -0.805132
-11.484619 -198.782052 1101.078800 1207.599910 0.962704 -0.224251 -0.151369 0.071467 0.750375 -0.657137 -0.260947 -0.621811 -0.738416
-12.960986 -233.896934 -1532.344623 25739.055470 0.952368 -0.254055 -0.168674 0.080557 0.743066 -0.664352 -0.294118 -0.619120 -0.728138
-14.087010 -205.288337 -196.791436 -6001.327879 0.959274 -0.217143 -0.180670 0.101664 0.862129 -0.496385 -0.263547 -0.457801 -0.849094
-11.781766 -248.367552 1354.365568 42441.757123 0.960617 -0.246656 -0.127966 0.050034 0.606526 -0.793488 -0.273333 -0.755835 -0.594981
-16.345892 -234.545158 -980.907274 -21306.219626 -0.976327 0.153114 0.152782 0.166649 0.982762 0.080044 -0.137893 0.103610 -0.985013
-16.018270 -219.798549 -640.750528 -12224.836711 -0.973310 0.147122 0.176131 0.153531 0.987870 0.023259 -0.170573 0.049679 -0.984092
-15.515975 -247.550326 533.404960 -15798.584563 0.977966 -0.121691 -0.169626 0.171101 0.932762 0.317300 -0.119608 0.339332 -0.933031
-15.048737 -233.193543 705.295164 -15008.718834 0.979946 -0.154553 -0.125778 0.168375 0.979804 0.107861 -0.106567 0.126876 -0.986177
-14.505095 -205.697193 -1152.070098 -7216.060354 -0.975832 0.173282 0.133135 0.152110 0.976058 -0.155478 -0.156889 -0.131469 -0.978827
-17.326551 -304.555056 2136.468298 -59889.132448 0.974891 -0.164915 -0.149636 0.206973 0.918968 0.335648 -0.082158 0.358191 -0.930027
81.038865 -152.148175 -43288.108757 -40390.978805 -0.655305 0.750228 0.087938 -0.654516 -0.622069 0.429696 -0.377074 -0.224026 -0.898681
59.885941 -85.133391 -33579.992666 2608.976206 -0.394704 0.915642 0.076211 -0.837472 -0.392643 0.380093 -0.377953 -0.086200 -0.921803
213.413510 -88.796375 -98145.803694 -5203.362205 -0.195505 0.980222 -0.030699 -0.806524 -0.142894 0.573673 -0.557940 -0.136915 -0.818509
517.080776 -86.644781 -372336.192031 -13672.043227 -0.373280 0.880046 -0.293566 -0.799984 -0.145106 0.582211 -0.469775 -0.452176 -0.758188
268.283676 -498.705347 -114638.098160 208937.469916 0.612991 -0.344780 -0.710892 0.782966 0.144534 0.605041 -0.105858 -0.927489 0.358549
180.697607 -3292.813979 106744.191545 -522180.454637 0.901799 -0.036480 -0.430614 -0.421883 0.141655 -0.895516 -0.093668 -0.989244 -0.112354
193.434786 -4427.257248 5360.032393 -1978007.391978 0.879908 -0.125185 -0.458357 -0.125646 0.869025 -0.478548 -0.458231 -0.478669 -0.748933
14.582770 -3192.449694 -122891.661188 -329526.646231 0.945142 -0.060526 -0.321004 -0.160217 -0.942261 -0.294066 0.284671 -0.329364 0.900267
2.729498 -19.173548 2346.985601 1278.005682 0.994426 0.054768 0.090098 -0.030804 -0.666318 0.745031 -0.100838 0.743654 0.660916
10.443138 -23.437100 10194.530264 4671.063089 0.995925 0.089339 0.012290 0.052467 -0.684867 0.726776 -0.073346 0.723170 0.686764
25.077327 -25.661908 13177.994086 4107.694701 0.991498 0.011562 0.129606 -0.089260 -0.664308 0.742110 -0.094679 0.747370 0.657628
-8.740386 -47.469021 5290.688613 -334.132341 -0.843008 -0.297811 -0.447936 -0.228357 0.952124 -0.203258 0.487023 -0.069059 -0.870655
-14.093783 -50.812117 5990.983362 -678.458586 -0.824309 -0.335236 -0.456215 -0.282324 0.941895 -0.182010 0.490722 -0.021232 -0.871057
-18.892108 -52.624226 4869.025745 2188.386612 -0.782857 -0.456013 -0.423304 -0.343446 0.884005 -0.317143 0.518825 -0.102895 -0.848666
-26.300116 -57.522564 4501.307780 3764.619655 -0.715647 -0.575132 -0.396324 -0.428835 0.809686 -0.400636 0.551316 -0.116757 -0.826086
-24.828872 -59.085572 4031.274638 4479.076274 -0.710502 -0.602907 -0.362892 -0.422777 0.777975 -0.464773 0.562536 -0.176799 -0.807648
-12.585541 -48.972106 4819.611951 2206.702676 -0.823533 -0.376411 -0.424392 -0.265016 0.916763 -0.298851 0.501557 -0.133643 -0.854740
-19.347044 -54.026062 2777.671606 4162.081050 -0.765818 -0.509192 -0.392742 -0.351216 0.842798 -0.407846 0.538674 -0.174398 -0.824267
-2.858608 -74.086239 -2529.993880 -1081.823591 0.772417 -0.073987 0.630792 0.259512 0.943264 -0.207139 -0.579677 0.323696 0.747794
1.016440 -73.776519 -2477.945148 2325.844574 0.779410 -0.056615 0.623951 0.311471 0.899130 -0.307491 -0.543604 0.434004 0.718425
0.586208 -74.492907 -3363.120990 -1741.539756 0.770414 -0.068176 0.633888 0.242598 0.950819 -0.192586 -0.589583 0.302151 0.749064
-3.675282 -71.637376 -3286.219320 2469.146805 0.770314 -0.068140 0.634014 0.319977 0.901339 -0.291895 -0.551571 0.427721 0.716117
-5.449350 -74.389558 -983.535869 -2517.895927 0.781734 -0.080693 0.618369 0.273675 0.935396 -0.223913 -0.560351 0.344273 0.753315
32.570368 -204.573530 1310.987947 -37729.765860 -0.646261 0.466934 -0.603589 0.239335 0.875064 0.420692 0.724614 0.127417 -0.677273
33.217091 -163.710530 -1561.693282 -24579.396324 -0.633265 0.478764 -0.608080 0.418312 0.872780 0.251535 0.651146 -0.095079 -0.752973
14.224874 -223.794466 -2679.169677 21826.305289 -0.521572 0.581837 -0.624042 0.439762 0.810096 0.387756 0.731144 -0.072187 -0.678393
17.552364 -229.719526 -1882.143000 2570.927382 -0.551039 0.536500 -0.639159 0.273204 0.839711 0.469302 0.788489 0.083983 -0.609288
22.483858 -232.812758 3316.383631 -41839.302094 -0.626791 0.498334 -0.598997 0.079986 0.805834 0.586715 0.775072 0.319836 -0.544949
25.910962 -251.450818 678.305206 -47859.844444 -0.656427 0.492848 -0.571144 0.039860 0.778695 0.626135 0.753336 0.388246 -0.530801
41.022879 -302.798167 -7497.955383 -87196.316915 -0.655490 0.498008 -0.567733 0.102768 0.803589 0.586245 0.748179 0.325933 -0.577924
41.785012 -169.727091 -3330.057395 2918.669539 0.764537 0.076766 0.639992 -0.640257 0.205235 0.740236 0.074524 0.975697 -0.206060
47.611546 -166.773943 -1562.334371 7552.680279 0.777743 0.062779 0.625440 -0.624706 -0.033137 0.780156 -0.069702 0.997477 -0.013446
34.503366 -173.874554 -18513.506611 5089.617879 0.760018 0.185961 0.622729 -0.632644 -0.007656 0.774405 -0.148776 0.982527 -0.111829
22.800611 -175.086398 -22397.020302 1246.602609 0.746739 0.230616 0.623856 -0.664148 0.207935 0.718102 -0.035885 0.950568 -0.308436
-67.375644 -106.877510 -188.569819 11987.852526 0.980696 0.195475 -0.004992 0.184620 -0.917222 0.353015 -0.064427 0.347122 0.935604
-54.806003 -84.357868 949.143418 9781.684461 0.996156 -0.073401 0.047810 -0.080815 -0.980659 0.178263 -0.033801 0.181441 0.982821
-82.798059 -114.021666 -13852.803597 -9965.209807 0.736426 0.661998 0.139412 0.324046 -0.526064 0.786289 -0.593862 0.533868 0.601925
-65.783163 -109.344983 -2376.518749 6084.105466 -0.515125 0.794879 0.320646 -0.115670 0.306208 -0.944911 0.849274 0.523836 0.065792
-65.466848 -101.960907 -2482.358726 6659.551612 -0.531168 0.762896 0.368577 -0.283335 0.250034 -0.925853 0.798487 0.596215 -0.083345
-70.924726 -102.076788 -3149.516426 5735.194033 -0.614620 0.690395 0.381572 -0.330902 0.213449 -0.919208 0.716063 0.691226 -0.097263
9.206705 -18.428741 3708.279844 958.639186 0.893720 0.311713 -0.322644 0.448128 -0.654124 0.609347 0.021107 0.689171 0.724291
8.769627 -23.841369 1124.487597 -1199.478623 0.950174 0.204266 -0.235467 0.310527 -0.686276 0.657722 0.027245 0.698069 0.715512
77.909751 -177.438121 20274.987560 -22786.195259 0.062230 0.954667 -0.291100 0.683266 -0.253352 -0.684807 0.727513 0.156283 0.668058
-40.140499 -68.127268 -842.313779 -3788.361622 0.733613 0.379075 -0.564017 -0.676960 0.480290 -0.557716 -0.059475 -0.790964 -0.608965
-36.269733 -64.253321 1559.750587 -3947.975443 0.728352 0.427658 -0.535362 -0.685042 0.437550 -0.582466 0.014848 -0.790986 -0.611654
-13.868355 -61.848291 17432.433815 2994.139185 0.502060 0.602583 -0.620346 0.864763 -0.340689 0.368938 0.010971 -0.721681 -0.692138
2.637815 -74.981628 -15.333796 13.466635 0.998642 0.029920 0.042642 -0.051652 0.674917 0.736083 0.006756 0.737287 -0.675546
3.036674 -73.553595 -1482.102588 589.570332 0.997652 0.048717 0.048136 -0.067282 0.565935 0.821700 -0.012789 0.823009 -0.567884
2.605221 -72.158046 -159.105329 2745.258179 0.997554 0.044545 0.053865 -0.069103 0.512603 0.855840 -0.010512 0.857469 -0.514427
-20.792635 -157.581277 1398.512371 2703.851121 0.979505 0.141565 0.143281 -0.173086 0.955391 0.239312 0.103011 0.259207 -0.960313
-21.781600 -144.842068 4555.431529 15979.633651 0.969610 0.173317 0.172676 -0.231529 0.878104 0.418720 0.079056 0.445975 -0.891547
-14.824641 -149.735694 8315.837782 6429.760132 0.973788 0.114816 0.196353 -0.167153 0.946685 0.275405 0.154263 0.301007 -0.941062
-13.718859 -163.279498 -6946.798041 643.134992 -0.981111 -0.069985 -0.180344 -0.082178 0.994746 0.061042 0.175124 0.074710 -0.981708
-18.881101 -172.162993 -1722.606957 1702.784101 -0.986051 -0.097061 -0.135215 -0.105123 0.993003 0.053797 0.129047 0.067261 -0.989355
13.122789 -146.369033 -11499.744581 -9132.579409 -0.794508 -0.460598 -0.395735 -0.308323 0.867407 -0.390566 0.523158 -0.188294 -0.831175
15.678557 -136.275401 -10783.832969 -6800.894034 -0.793318 -0.486505 -0.366004 -0.223633 0.792023 -0.568057 0.566246 -0.368800 -0.737125
3.040402 -138.284502 -7778.398361 -2571.450266 -0.795385 -0.452661 -0.403065 -0.212831 0.831249 -0.513544 0.567509 -0.322680 -0.757503
2.714116 -144.764047 -4842.203101 -8174.908752 -0.815951 -0.415880 -0.401581 -0.269062 0.887995 -0.372921 0.511693 -0.196235 -0.836458
16.076611 -32.138067 5492.034185 6817.163201 -0.122770 0.837035 -0.533197 -0.701845 -0.453081 -0.549664 0.701670 -0.306740 -0.643094
15.160655 -24.938027 6624.677117 5912.229071 -0.114792 0.855024 -0.505724 -0.729367 -0.418170 -0.541441 0.674423 -0.306705 -0.671629
26.632170 -20.685087 5027.287558 4942.488299 -0.206499 0.762297 -0.613401 -0.707996 -0.549126 -0.444076 0.675352 -0.342584 -0.653097
28.358919 -15.571458 8054.172820 4318.400377 -0.210857 0.782965 -0.585239 -0.726073 -0.526303 -0.442518 0.654490 -0.331618 -0.679465
21.099650 -28.355183 1395.105550 7032.334036 -0.176266 0.750856 -0.636510 -0.686084 -0.557400 -0.467540 0.705846 -0.354288 -0.613401
37.116919 -12.477590 5475.561242 2540.618333 -0.267141 0.686579 -0.676199 -0.699175 -0.620987 -0.354302 0.663167 -0.378133 -0.645930
28.447696 -18.125217 -135.466189 5391.994338 -0.244830 0.658526 -0.711619 -0.686021 -0.636314 -0.352816 0.685152 -0.401806 -0.607552
93.234802 -107.504919 -27781.301026 7904.473766 0.644248 0.725179 0.243022 0.576311 -0.669195 0.469088 -0.502802 0.162152 0.849057
119.611528 -89.197188 -27098.039954 7435.174879 0.709977 0.694862 0.114448 0.585389 -0.672667 0.452591 -0.391474 0.254333 0.884343
71.499342 -111.650103 -24055.339366 1708.383515 0.589987 0.762075 0.266752 0.664649 -0.645978 0.375438 -0.458428 0.044207 0.887631
5.015585 -192.688647 -2848.520155 -19739.042413 0.468672 0.298639 -0.831361 0.427558 0.746855 0.509315 0.773008 -0.594157 0.222344
3.601359 -195.354445 -3313.996459 -22065.740152 0.445271 0.291369 -0.846663 0.484348 0.716912 0.501441 0.753087 -0.633357 0.178096
5.090960 -221.148153 4325.930526 -14315.569257 0.404507 0.343728 -0.847482 0.226728 0.860059 0.457047 0.885984 -0.377027 0.269967
3.228657 -234.745995 760.669303 -4660.673530 0.440960 0.353993 -0.824769 -0.059425 0.928433 0.366715 0.895557 -0.112695 0.430438
-7.900652 -292.918929 -4073.708411 -23477.391861 0.439865 -0.025187 -0.897711 0.721071 0.605761 0.336318 0.535327 -0.795248 0.284615
-4.833045 -353.829147 -4527.568493 -38060.658907 0.457498 -0.001344 -0.889210 0.475541 0.845353 0.243389 0.751369 -0.534206 0.387386
-0.463160 -353.781419 -1172.112988 -61630.976824 0.432401 -0.021034 -0.901436 0.589064 0.763487 0.264748 0.682666 -0.645480 0.342523
-7.818687 -278.938331 -3127.526011 -14603.561265 0.442946 -0.001228 -0.896547 0.565526 0.776342 0.278340 0.695686 -0.630311 0.344572
-6.989556 -287.925378 -162.157112 -28715.216677 0.409329 -0.024114 -0.912068 0.792380 0.504966 0.342263 0.452310 -0.862802 0.225804
-9.719159 -256.612350 -3013.832778 -14029.119651 0.422889 -0.020137 -0.905958 0.749547 0.569617 0.337218 0.509259 -0.821663 0.255978
-10.457448 -267.308084 -6718.171806 -11650.182901 0.416354 -0.048122 -0.907928 0.864238 0.331098 0.378770 0.282386 -0.942368 0.179443
-8.633067 -274.079914 858.319294 -14574.440103 0.404846 -0.026837 -0.913991 0.876502 0.296123 0.379546 0.260468 -0.954773 0.143407
-3.264158 -146.789734 4307.711852 -11131.026109 0.198777 0.419655 -0.885651 -0.070446 0.907465 0.414180 0.977510 -0.019939 0.209946
2.754508 -157.033356 6847.311137 -4566.811915 0.182666 0.443734 -0.877344 -0.289474 0.877077 0.383329 0.939595 0.183947 0.288661
-2.719200 -162.702361 17991.316845 3668.498957 0.157158 0.394984 -0.905146 -0.455240 0.842323 0.288527 0.876389 0.366714 0.312190
39.571209 -1423.586906 2858.891431 906569.499545 -0.207883 -0.075637 0.975225 0.394374 0.905899 0.154327 -0.895128 0.416685 -0.158492
12.173145 -433.329483 -1727.848385 150647.076702 -0.211762 -0.067443 0.974991 0.649722 0.735526 0.191995 -0.730080 0.674131 -0.111937
4.350849 -37.553635 -4258.446837 3147.189370 0.952297 0.133665 0.274343 0.160494 0.545254 -0.822764 0.259561 -0.827546 -0.497791
-2.366246 -30.130204 -3504.902023 3219.032769 0.958634 0.179362 0.221020 0.079631 0.576489 -0.813216 0.273275 -0.797176 -0.538359
-2.238474 -36.366959 -2016.702993 4813.893785 0.938259 0.089983 0.334027 0.227835 0.565847 -0.792406 0.260311 -0.819585 -0.510410
1.238493 -44.465678 -5948.118477 5814.702114 0.943493 0.083046 0.320818 0.234340 0.517320 -0.823082 0.234320 -0.851753 -0.468627
-5.691871 -36.476076 -1489.023622 5471.734371 0.923279 0.059572 0.379483 0.276027 0.584145 -0.763272 0.267142 -0.809460 -0.522885
-5.950729 -46.437151 -3881.161712 7314.654700 0.948121 0.097505 0.302587 0.208756 0.526888 -0.823899 0.239764 -0.844323 -0.479199
4.173585 -21.817573 3757.229141 -2161.402645 -0.398722 0.482077 -0.780143 0.872942 0.460223 -0.161763 0.281057 -0.745518 -0.604326
-0.087276 -25.886927 -142.775815 360.171629 -0.461655 0.431646 -0.774956 0.819004 0.542991 -0.185453 0.340744 -0.720307 -0.604194
0.059914 -23.935986 2172.504442 119.019614 -0.440304 0.452346 -0.775574 0.835668 0.522337 -0.169772 0.328316 -0.722874 -0.607998
-41.152962 -56.964353 1621.260961 -122.930004 0.857365 0.264309 0.441663 0.325420 0.386463 -0.862988 0.398782 -0.883622 -0.245328
-40.732322 -57.738575 568.241014 -794.767813 0.901497 0.256797 0.348364 0.264278 0.310791 -0.912998 0.342724 -0.915131 -0.212312
-40.821617 -57.679637 -1772.783705 -908.022305 0.958468 0.255107 0.127512 0.058106 0.263048 -0.963031 0.279218 -0.930444 -0.237300
-42.954745 -58.343148 -2635.310244 -1919.435326 0.964732 0.256345 0.059822 -0.021297 0.302525 -0.952904 0.262370 -0.918023 -0.297315
-3.710145 -197.157463 124.510361 -13866.650727 0.859300 0.256280 0.442633 0.036152 0.832813 -0.552373 -0.510193 0.490656 0.706371
-39.915624 -56.720536 -1757.588909 -8051.854803 0.345910 -0.505515 0.790444 0.699201 0.700658 0.142113 -0.625671 0.503521 0.595821
24.516687 -381.499044 -62676.940651 -165366.121658 0.008052 0.782146 -0.623044 -0.195329 0.612292 0.766124 -0.980705 -0.115530 -0.157706
-488.668440 -5788.650274 -309277.583853 -3189513.386685 -0.013558 -0.611550 0.791090 0.624020 0.613010 0.484581 -0.781291 0.500226 0.373308
-47.968427 -709.194029 171955.077493 -340594.341318 0.257112 -0.569222 0.780948 -0.177639 0.766507 0.617180 -0.949915 -0.297411 0.095962
-47.886295 -157.225262 -40459.652411 41924.140878 -0.651210 -0.517313 -0.555260 -0.600409 0.798694 -0.039950 0.464149 0.307367 -0.830717
-125.909284 -288.744770 47360.485307 -134351.217716 -0.157704 0.925299 0.344894 -0.900649 0.008439 -0.434464 0.404920 0.379145 -0.832039
-310.927218 -600.158377 91613.609258 -275894.784213 -0.400214 0.914716 -0.055886 -0.849994 -0.393308 -0.350455 0.342547 0.092755 -0.934911
-203.135810 -654.303302 61696.197614 315425.071819 -0.359657 0.912689 0.194024 0.894514 0.278086 0.350018 0.265502 0.299443 -0.916429
1.682879 -120.611684 -6529.794696 -2855.850674 0.931768 0.087061 0.352461 -0.234981 -0.595431 0.768275 -0.276753 0.798676 0.534346
4.478192 -122.430100 -9050.566884 -2143.131524 0.925873 0.097130 0.365137 -0.179490 -0.737319 0.651264 -0.332480 0.668526 0.665229
-0.800693 -123.704581 -9623.233309 -7160.418054 0.924095 0.089531 0.371528 -0.205518 -0.703202 0.680639 -0.322198 0.705331 0.631425
-5.260205 -123.421237 -3409.166680 -11591.793693 0.936536 0.057325 0.345853 -0.233928 -0.632598 0.738307 -0.261110 0.772356 0.579041
-3.057573 -117.646864 -3232.810582 -5539.104322 0.941468 0.068427 0.330086 -0.246667 -0.527575 0.812908 -0.229770 0.846748 0.479816
-63.413040 -95.932234 2611.880672 -49261.978351 -0.633474 -0.563781 0.529965 -0.272096 0.803482 0.529510 -0.724344 0.191229 -0.662387
-84.676851 -97.096766 3251.728173 4058.895882 -0.190377 0.981517 -0.019542 -0.456428 -0.106118 -0.883410 0.869155 0.159261 -0.468194
-87.011696 -103.640367 1268.541889 5227.907547 -0.016839 0.999066 0.039795 -0.388054 0.030151 -0.921144 0.921483 0.030954 -0.387183
-86.146439 -100.345577 2174.562387 4980.461571 -0.131632 0.979914 -0.149802 -0.520127 -0.196918 -0.831078 0.843885 0.031480 -0.535600
32.253393 -82.735417 -10906.361381 155.699043 0.720909 0.328018 0.610487 -0.630946 0.675065 0.382353 0.286700 0.660826 -0.693622
34.675530 -84.129553 -11135.692890 1777.660467 0.723801 0.311596 0.615646 -0.592448 0.738026 0.322992 0.353720 0.598520 -0.718788
38.654776 -81.819156 -4448.906289 -1374.548021 0.729173 0.309639 0.610271 -0.535091 0.813895 0.226392 0.426596 0.491630 -0.759155
-12.004120 -87.834490 -615.966825 -4464.793819 0.874483 -0.057349 0.481653 -0.485015 -0.090570 0.869803 0.006259 0.994237 0.107018
-10.854136 -91.517311 486.590442 6460.852494 0.889189 -0.058585 0.453774 -0.455582 -0.021715 0.889929 0.042283 0.998046 0.045999
-12.093704 -90.776123 317.061224 -525.041435 0.873555 -0.053690 0.483756 -0.486328 -0.056079 0.871975 0.019688 0.996982 0.075099
-9.052470 -115.380280 564.821214 2629.787782 0.877083 0.098945 0.470037 -0.459392 -0.113025 0.881013 -0.140298 0.988653 0.053677
-7.944505 -112.851507 923.669072 3468.273132 0.881295 0.084971 0.464864 -0.459604 -0.074702 0.884977 -0.109924 0.993579 0.026782
-8.267341 -109.033655 265.358009 -962.334769 0.880646 0.098513 0.463420 -0.471569 0.087962 0.877431 -0.045676 0.991241 -0.123919
-8.911618 -111.204215 -473.972671 2038.306834 0.871062 0.117430 0.476929 -0.480905 0.006391 0.876750 -0.099908 0.993061 -0.062040
-6.976399 -107.306377 990.327521 -7390.189924 0.887088 0.086138 0.453493 -0.458035 0.286140 0.841622 0.057266 0.954308 -0.293286
-8.212880 -111.677263 102.945366 -4959.311907 0.883371 0.107479 0.456185 -0.468357 0.238286 0.850800 0.017259 0.965230 -0.260833
16.500666 -157.346869 2381.783219 -5452.596114 -0.885865 -0.033111 -0.462760 -0.068473 0.995858 0.059824 0.458862 0.084683 -0.884463
