13809
27606
-36.561011 -57.572118 -437.125713 7677.181507 -0.150023 -0.965859 0.211207 0.988462 -0.151038 0.011414 0.020876 0.210483 0.977375
-38.797989 -62.125783 -676.519126 5947.499199 -0.366367 -0.891839 0.265326 0.929619 -0.338635 0.145381 -0.039807 0.299915 0.953135
-45.476192 -73.339096 122.744129 8124.294434 0.068475 -0.966185 0.248591 0.991078 0.094439 0.094054 -0.114350 0.239933 0.964031
-29.151578 -47.604658 880.361367 4042.047332 -0.550901 -0.801615 0.232208 0.830931 -0.552796 0.063007 0.077856 0.227660 0.970623
-31.928376 -72.899903 4908.818277 14557.913940 0.192495 -0.969016 0.154767 0.981261 0.188716 -0.038888 0.008476 0.159353 0.987185
-26.405334 -48.763607 3061.031686 7925.442384 -0.096545 -0.983562 0.152596 0.988813 -0.112293 -0.098181 0.113702 0.141410 0.983400
-48.089104 -71.858104 879.224770 -307.102308 0.868407 0.306039 -0.390140 0.491745 -0.430474 0.756888 -0.063692 0.849136 0.524320
-47.326830 -72.092722 -490.182196 -520.572707 0.843862 0.316845 -0.433021 0.513573 -0.243268 0.822839 -0.155372 0.916750 0.368007
-49.853991 -73.563588 1145.954676 -736.357660 0.823140 0.392845 -0.410017 0.534377 -0.291702 0.793317 -0.192048 0.872114 0.450039
-50.985700 -74.232838 321.354927 -161.248890 0.775000 0.502464 -0.383281 0.595618 -0.378050 0.708744 -0.211219 0.777566 0.592265
-39.626250 -65.583694 1646.207619 2194.106814 0.240904 0.970537 0.004872 -0.665924 0.168942 -0.726638 0.706052 -0.171806 -0.687003
-39.360913 -70.455808 -0.959819 3173.778420 0.224421 0.973821 0.036156 -0.554346 0.158090 -0.817134 0.801459 -0.163339 -0.575312
-41.135200 -72.187812 2429.996653 1535.521410 0.297704 0.954596 -0.010941 -0.518134 0.151941 -0.841695 0.801816 -0.256245 -0.539842
-39.269337 -71.339498 100.739554 977.883602 0.359446 0.923580 -0.133409 -0.582357 0.110306 -0.805415 0.729149 -0.367195 -0.577503
-40.159173 -68.806304 962.472147 2325.473010 0.265321 0.955020 -0.132444 -0.699235 0.096015 -0.708415 0.663834 -0.280567 -0.693258
-3.668978 -54.344592 21025.715465 1175.049539 0.406443 -0.626945 -0.664638 0.894015 0.122794 0.430882 -0.188526 -0.769325 0.610407
25.120749 -48.881852 21171.837894 773.443031 0.362014 -0.635273 -0.682183 0.916204 0.107606 0.385995 -0.171805 -0.764754 0.620994
-12.285208 -52.543883 14757.284047 58.956741 0.499054 -0.632522 -0.592336 0.861839 0.290939 0.415437 -0.090439 -0.717823 0.690326
-38.768040 -58.925179 13156.689264 -1288.615981 0.619033 -0.629767 -0.469246 0.762453 0.338639 0.551352 -0.188318 -0.699083 0.689797
-43.599211 -62.006201 8252.122013 688.020181 0.832797 -0.476997 -0.280933 -0.547397 -0.633946 -0.546323 -0.082498 -0.608758 0.789055
-30.258464 -55.876338 8266.978208 -247.084731 0.762438 -0.511439 -0.396380 -0.646624 -0.624723 -0.437719 0.023762 -0.590043 0.807022
0.510907 -47.455589 11798.263766 -202.012312 0.506957 -0.637510 -0.580151 0.861969 0.373621 0.342660 -0.001692 -0.673786 0.738924
10.201045 -45.146258 2429.627289 1566.016826 -0.020509 0.999328 -0.030367 0.986171 0.015224 -0.165029 0.164455 0.033331 0.985821
13.164536 -44.552228 1328.173158 1545.595080 -0.056124 0.998393 0.007849 0.972085 0.056436 -0.227741 0.227818 0.005152 0.973690
15.634114 -48.589666 426.147594 2728.634224 -0.034979 0.998785 0.034717 0.989245 0.039540 -0.140822 0.142024 -0.029418 0.989426
13.461060 -48.448763 -2097.232902 1476.966950 -0.066001 0.992860 0.099367 0.983556 0.081512 -0.161160 0.168109 -0.087096 0.981913
17.074884 -49.431789 1595.462114 1372.536544 0.064558 -0.994795 -0.078834 0.997028 0.067627 -0.036897 0.042036 -0.076217 0.996205
20.660767 -51.201599 2980.403306 1520.383366 -0.015376 0.999878 0.002812 0.999378 0.015279 0.031772 -0.031725 -0.003298 0.999491
13.942170 -49.154498 2691.194585 3536.216736 -0.000454 0.999757 -0.022017 0.997439 -0.001122 -0.071510 0.071518 0.021993 0.997197
-1.055688 -64.483115 -841.272638 -3081.866463 0.192827 0.954500 -0.227480 0.977815 -0.167587 0.125669 0.081829 -0.246666 -0.965640
-0.742078 -58.814357 -653.773142 -882.977809 0.191302 0.954107 -0.230399 0.981483 -0.188278 0.035251 -0.009746 -0.232876 -0.972458
-1.832037 -63.799195 -403.732644 -2682.681112 0.197609 0.954041 -0.225290 0.974812 -0.167003 0.147824 0.103406 -0.248827 -0.963012
-0.978143 -65.079317 -460.584672 -2524.294048 0.205007 0.953085 -0.222713 0.956272 -0.146545 0.253118 0.208606 -0.264865 -0.941451
-1.595082 -64.620958 86.720472 -778.022872 0.199264 0.955801 -0.216191 0.945119 -0.129155 0.300114 0.258927 -0.264128 -0.929082
5.312569 -93.549557 323.606000 -5047.386112 0.234926 0.970517 -0.053906 -0.900447 0.196408 -0.388096 0.366067 -0.139713 -0.920041
6.831166 -91.279468 -213.829323 -3140.059700 0.277856 0.958758 -0.059829 -0.893888 0.235243 -0.381608 0.351795 -0.159513 -0.922386
7.996728 -84.839007 353.253920 -8773.519468 0.253747 0.965917 -0.051150 -0.796583 0.178680 -0.577519 0.548697 -0.187289 -0.814773
-3.233421 -102.197574 -176.493326 -276.276727 0.198521 0.940155 0.276944 0.787848 0.015004 -0.615687 0.582996 -0.340417 0.737721
-4.409258 -100.550825 -256.826409 -2391.266462 0.238864 0.937865 0.251700 0.614956 0.054502 -0.786676 0.751514 -0.342693 0.563727
-3.273897 -95.668240 12.589831 -2250.335325 0.206784 0.943093 0.260415 0.701122 0.042807 -0.711755 0.682399 -0.329762 0.652371
-2.660573 -99.002883 -74.914029 2630.596340 0.168029 0.943346 0.286120 0.828338 0.022242 -0.559786 0.534436 -0.331065 0.777672
-3.850369 -91.473805 -60.430267 -2180.334903 0.178561 0.946822 0.267664 0.749005 0.045606 -0.660993 0.638050 -0.318509 0.701031
-4.425096 -92.912948 433.194565 -3634.312683 0.194434 0.951910 0.236776 0.592026 0.078582 -0.802079 0.782113 -0.296129 0.548276
9.370783 -77.512606 1700.837517 3057.305468 -0.055157 0.965767 0.253479 0.372387 -0.215652 0.902675 -0.926437 -0.144181 0.347744
4.124417 -75.027898 811.279500 1804.064086 -0.047905 0.971987 0.230100 0.418470 -0.189643 0.888211 -0.906967 -0.138840 0.397662
9.133993 -76.337527 2708.712093 -536.823707 -0.055765 0.973189 0.223143 0.490697 -0.167925 0.854996 -0.869544 -0.157174 0.468177
14.064268 -84.791987 3180.944056 2224.607573 -0.051898 0.959100 0.278271 0.313801 -0.248871 0.916293 -0.948069 -0.134876 0.288050
9.462718 -81.338020 1734.337434 2030.357417 -0.050408 0.960698 0.272980 0.187189 -0.259396 0.947457 -0.981030 -0.098858 0.166757
15.272023 -81.439387 3882.074887 347.602236 -0.055111 0.966471 0.250791 0.469059 -0.196673 0.860990 -0.881446 -0.165086 0.442493
866.118340 -12.095881 273246.755107 -1217.145651 -0.586736 0.435955 -0.682411 0.781999 0.523874 -0.337688 0.210280 -0.731778 -0.648292
1271.325196 -43.099668 473573.777531 10780.315386 -0.566764 0.386781 -0.727447 0.786428 0.517167 -0.337741 0.245579 -0.763504 -0.597287
624.903323 -14.776728 129415.031200 1313.146820 -0.325028 -0.080127 -0.942304 0.831269 0.450911 -0.325071 0.450942 -0.888965 -0.079952
738.570343 -17.042878 209202.174263 -1841.751225 -0.511762 0.003204 -0.859121 0.755761 0.477232 -0.448413 0.408563 -0.878772 -0.246651
509.324379 -11.062931 160082.159567 -8460.720691 -0.544911 0.567949 -0.616852 0.830914 0.464449 -0.306380 0.112488 -0.679501 -0.725000
3.065164 -37.899071 -507.910904 -2874.248457 0.132138 -0.973443 -0.186943 0.986500 0.110742 0.120644 -0.096738 -0.200360 0.974935
2.026470 -30.114505 -396.325289 -2963.851824 0.184720 -0.966130 -0.180196 0.963499 0.141873 0.227029 -0.193775 -0.215555 0.957072
2.347912 -36.349651 -1012.251616 -3250.969689 0.167328 -0.971175 -0.169765 0.974642 0.136996 0.176935 -0.148578 -0.195066 0.969471
2.774059 -42.630476 -897.032686 -2650.013895 0.125234 -0.976418 -0.175854 0.990940 0.114435 0.070301 -0.048519 -0.183065 0.981903
3.337198 -217.923383 1437.226011 -23228.751115 0.729479 0.112122 0.674751 -0.074616 0.993631 -0.084442 -0.679921 0.011251 0.733199
5.319083 -254.555448 1344.215908 -31471.504476 0.711320 0.068600 0.699512 0.183707 0.942485 -0.279237 -0.678436 0.327132 0.657806
3.796454 -202.668485 915.413638 -14301.707694 0.726424 0.092977 0.680929 0.183542 0.928571 -0.322597 -0.662285 0.359321 0.657471
4.440548 -221.697101 1497.219657 12893.912983 0.711839 0.054435 0.700231 -0.387261 -0.801321 0.455975 -0.585930 0.595753 0.549331
2.513640 -181.431897 1532.017785 -11818.464337 0.741254 0.130594 0.658398 -0.070517 0.990614 -0.117097 -0.667511 0.040370 0.743505
1.368849 -195.865271 1371.504074 -21148.891399 0.734858 0.095481 0.671467 0.090463 0.967395 -0.236565 -0.672161 0.234584 0.702260
1.103229 -237.030735 2170.363849 -27430.325719 0.719379 0.030547 0.693946 0.383784 0.815220 -0.433736 -0.578968 0.578346 0.574728
15.910514 -127.730411 -3132.187723 12083.898587 -0.565646 -0.173406 -0.806210 -0.081625 0.984614 -0.154510 0.820598 -0.021591 -0.571097
14.142813 -120.377319 -2454.274810 -7924.966832 -0.567317 -0.172654 -0.805197 -0.237243 0.970586 -0.040964 0.788585 0.167788 -0.591591
19.330001 -104.727654 -1863.018073 5950.143983 -0.604314 -0.167734 -0.778891 -0.149746 0.984078 -0.095739 0.782548 0.058779 -0.619809
19.851483 -130.534707 -642.764971 20445.789198 -0.625960 -0.159085 -0.763457 -0.003990 0.979613 -0.200855 0.779845 -0.122681 -0.613833
79.669888 -549.670069 -13396.622446 -97089.629113 -0.572616 -0.098230 -0.813918 0.789007 0.203611 -0.579664 0.222663 -0.974112 -0.039087
133.424713 -3816.090191 -16551.843538 -1681783.673487 -0.647609 -0.222334 -0.728814 0.760534 -0.129871 -0.636177 0.046792 -0.966282 0.253198
111.952209 -3560.650370 -46839.223967 -1667249.209458 -0.473562 -0.201779 -0.857336 0.773759 0.369703 -0.514409 0.420756 -0.906976 -0.018949
45.382743 -497.352834 -13962.926305 -92754.446437 -0.569626 -0.308323 -0.761881 0.787716 0.059775 -0.613132 0.234584 -0.949402 0.208821
2.971804 -33.439283 572.213650 -1917.979952 0.486464 0.856747 -0.171282 0.693767 -0.259620 0.671777 -0.531075 0.445625 0.720679
-0.279315 -38.307683 1970.138421 -2355.761586 0.480525 0.854977 -0.195218 0.709204 -0.247902 0.659980 -0.515872 0.455587 0.725477
4.079830 -40.484121 1332.553190 -3283.431804 0.536042 0.832378 -0.140732 0.702313 -0.347211 0.621451 -0.468419 0.431962 0.770709
-3.625002 -36.743228 -1637.611559 504.145272 -0.245322 0.948470 0.200555 0.691536 0.316195 -0.649460 0.679408 0.020636 0.733471
0.921460 -35.859798 -1562.847443 631.979012 -0.184193 0.969863 0.159498 0.733632 0.243652 -0.634363 0.654107 -0.000167 0.756402
-1.715259 -34.577290 -1266.352593 686.201230 -0.216709 0.958076 0.187423 0.662617 0.285343 -0.692473 0.716921 0.025876 0.696674
-6.547679 -36.222257 -1187.759571 386.117264 -0.292333 0.925500 0.240816 0.616956 0.374921 -0.691954 0.730690 0.053708 0.680594
-8.927265 -38.976830 -1890.779948 396.291341 -0.283912 0.933226 0.220191 0.685758 0.358127 -0.633625 0.670171 0.028896 0.741644
4.716957 -54.597973 -753.987272 1172.313069 0.342552 0.935555 0.085992 0.316933 -0.028908 -0.948007 0.884427 -0.351996 0.306411
3.488971 -54.160132 -1355.950335 -798.510671 0.350411 0.930508 0.106615 0.492334 -0.086164 -0.866131 0.796756 -0.355992 0.488314
5.126804 -54.270432 -832.336494 318.430604 0.327698 0.939345 0.101213 0.423486 -0.050277 -0.904506 0.844555 -0.339267 0.414275
-11.488267 -43.543374 1001.336003 1659.708433 0.142885 0.986394 -0.081305 0.880794 -0.164195 -0.444119 0.451426 0.008154 0.892271
-13.276330 -41.879536 433.271040 1833.853548 0.183786 0.979566 -0.081685 0.841439 -0.199739 -0.502080 0.508137 -0.023542 0.860955
-10.982106 -40.953576 705.846645 1496.231260 0.127105 0.988376 -0.083410 0.847822 -0.151906 -0.508057 0.514822 0.006140 0.857275
-6.749613 -41.496083 1587.651481 1030.789182 0.067246 0.994723 -0.077481 0.880043 -0.095724 -0.465147 0.470110 0.036908 0.881836
-7.908302 -42.540192 1940.520084 885.347041 0.082635 0.993205 -0.081953 0.904413 -0.109278 -0.412426 0.418579 0.040038 0.907297
90.454177 -5487.425098 -10566.366610 2224359.445278 0.127637 0.989121 0.073139 -0.866413 0.075303 0.493617 -0.482739 0.126372 -0.866599
14.992944 -596.660198 -2840.740264 182867.355301 0.135988 0.986722 0.088805 -0.918955 0.092139 0.383447 -0.370173 0.133752 -0.919284
7.079823 -368.126794 -442.358745 105744.900673 0.077856 0.993786 0.079551 -0.780093 0.011039 0.625566 -0.620801 0.110761 -0.776105
7.807585 -321.143645 -285.301521 96577.408100 0.024234 0.218289 -0.975583 -0.664145 0.732910 0.147493 0.747211 0.644354 0.162737
10.606437 -228.834810 1790.477070 55439.959274 -0.028753 0.186213 -0.982089 -0.477883 0.860380 0.177127 0.877953 0.474417 0.064249
23.090097 -151.087118 1468.128231 33427.144983 -0.025054 0.346909 -0.937564 -0.602150 0.743400 0.291157 0.797990 0.571849 0.190266
32.124402 -91.143410 3777.095594 586.034488 -0.124816 0.487073 -0.864396 -0.721432 0.553542 0.416085 0.681144 0.675537 0.282299
43.623518 -75.690285 8231.787508 1086.024481 -0.172706 0.908641 0.380189 -0.023865 -0.389736 0.920618 -0.984684 -0.149923 -0.088994
44.947104 -75.461030 -860.460348 5093.719822 -0.190163 0.893827 0.406093 -0.141715 -0.434300 0.889550 -0.971470 -0.111610 -0.209257
42.319424 -74.896304 -1493.231953 446.230135 -0.164455 0.899427 0.404950 0.005362 -0.409719 0.912196 -0.986370 -0.152187 -0.062558
46.407579 -86.429370 6269.091281 -7976.959009 -0.208791 0.914109 0.347580 0.093099 -0.335220 0.937529 -0.973519 -0.228107 0.015112
62.452645 -79.858600 14283.892016 -3180.729086 -0.272066 0.890127 0.365587 -0.020057 -0.385082 0.922665 -0.962070 -0.243693 -0.122621
76.927056 -146.828703 4563.637910 22920.809122 0.636256 -0.671895 -0.379125 -0.312791 0.224556 -0.922896 -0.705224 -0.705785 0.067287
38.784388 -139.843733 27370.026731 12052.097763 0.793352 -0.412883 -0.447347 -0.437712 0.123822 -0.890548 -0.423084 -0.902328 0.082489
42.135963 -114.628544 26837.194773 19960.212843 0.811318 -0.423585 -0.402913 -0.256547 0.361325 -0.896453 -0.525307 -0.830674 -0.184480
10.939839 -36.456906 -674.315427 1836.633158 -0.109802 0.905539 0.409809 -0.470058 -0.410590 0.781320 -0.875779 0.106843 -0.470739
10.057839 -38.459977 -2258.246050 2112.721121 -0.132644 0.925561 0.354602 -0.462150 -0.374247 0.803963 -0.876825 0.057238 -0.477390
12.038422 -42.824467 -3074.409153 1341.580345 -0.155372 0.911827 0.380040 -0.558973 -0.398350 0.727232 -0.814499 0.099441 -0.571580
8.883346 -31.682044 184.702494 2231.756762 -0.085780 0.930960 0.354901 -0.387275 -0.359358 0.849047 -0.917965 0.064613 -0.391363
13.632686 -40.128625 -197.607168 1278.569525 -0.125043 0.878543 0.461005 -0.557395 -0.446599 0.699900 -0.820777 0.169445 -0.545540
10.564313 -34.821068 1671.136902 1709.430497 -0.100257 0.868729 0.485034 -0.476357 -0.469897 0.743156 -0.873517 0.156543 -0.460936
6.957250 -30.094929 1636.825685 2106.068229 -0.079297 0.900583 0.427389 -0.394001 -0.422145 0.816430 -0.915683 0.103651 -0.388305
24.054172 -50.657089 5687.904939 1303.216188 -0.213791 0.728580 0.650742 0.943550 0.326529 -0.055598 -0.252994 0.602121 -0.757261
29.752919 -51.734864 608.417823 1473.870552 -0.213043 0.803479 0.555909 0.952224 0.298175 -0.066041 -0.218820 0.515280 -0.828616
28.588718 -48.788781 3263.787369 1883.513272 -0.227050 0.753166 0.617406 0.965144 0.258756 0.039277 -0.130176 0.604803 -0.785664
32.413189 -46.720041 1779.040111 1383.303288 -0.228922 0.786096 0.574150 0.973402 0.190402 0.127421 -0.009155 0.588048 -0.808774
25.168106 -45.785115 6368.430737 1603.426021 -0.252389 0.701247 0.666748 0.966404 0.217294 0.137283 -0.048610 0.678996 -0.732531
17.755499 -48.092185 6751.112300 1610.288952 -0.246017 0.687002 0.683743 0.954062 0.296090 0.045780 -0.170999 0.663596 -0.728286
13.001322 -33.808425 -3861.365301 -2773.643341 0.018298 0.996026 -0.087167 -0.702082 -0.049271 -0.710390 0.711861 -0.074197 -0.698390
15.555325 -39.653288 -2309.619545 -2781.322315 -0.007835 0.996255 -0.086113 -0.765156 -0.061415 -0.640909 0.643797 -0.060868 -0.762772
6.957403 -36.023117 -3774.839503 -3130.005211 0.004226 0.992751 -0.120117 -0.723673 -0.079862 -0.685506 0.690130 -0.089823 -0.718090
16.654233 -35.224788 -1176.248686 -2922.590716 -0.001275 0.999453 -0.033049 -0.699709 -0.024503 -0.714008 0.714427 -0.022215 -0.699357
6.111081 -28.303479 -3030.317270 -2277.866899 0.021853 0.995428 -0.092984 -0.664073 -0.055072 -0.745637 0.747348 -0.078043 -0.659833
13.096234 -29.112269 -3096.664317 -1550.544203 0.048412 0.998589 -0.021846 -0.657922 0.015425 -0.752928 0.751529 -0.050824 -0.657740
1.520787 -38.613451 -498.486474 1108.471120 -0.463964 0.865285 0.189785 -0.782499 -0.500743 0.370070 -0.415250 -0.023192 -0.909412
2.841992 -39.509339 -1242.221290 1115.536139 -0.477633 0.859311 0.182896 -0.802830 -0.511453 0.306398 -0.356834 0.000489 -0.934168
2.543358 -41.690917 -705.167486 -516.940493 -0.480258 0.855259 0.194638 -0.761382 -0.516664 0.391607 -0.435488 -0.039878 -0.899311
1.493880 -43.512041 -524.812937 -2562.751203 -0.472330 0.860581 0.190538 -0.750080 -0.505973 0.425878 -0.462909 -0.058236 -0.884491
2.360074 -79.829527 414.878339 5920.112796 -0.512212 0.733116 0.447416 0.359956 -0.289739 0.886839 -0.779789 -0.615299 0.115482
1.013307 -93.045738 750.325479 8378.235478 -0.506865 0.729912 0.458603 0.230455 -0.397904 0.888011 -0.830649 -0.555789 -0.033472
0.315363 -97.763609 300.214779 9176.949376 -0.513461 0.743071 0.429189 0.191856 -0.388084 0.901433 -0.836391 -0.545193 -0.056704
2.888253 -88.081061 426.491484 7425.580196 -0.516628 0.716423 0.468865 0.320135 -0.346258 0.881827 -0.794109 -0.605676 0.050465
1.263543 -78.366442 285.734535 6962.345069 -0.518476 0.739081 0.430048 0.326530 -0.293686 0.898402 -0.790292 -0.606224 0.089063
2.988137 -65.958353 387.738249 4327.349744 -0.520072 0.737659 0.430562 0.437410 -0.202956 0.876060 -0.733619 -0.643947 0.217108
3.749044 -71.963550 673.132872 5215.445929 -0.514255 0.722313 0.462392 0.445929 -0.235341 0.863575 -0.732591 -0.650292 0.201075
3.359977 -68.281871 322.170727 1092.534100 -0.529416 0.731805 0.429162 0.474443 -0.163972 0.864880 -0.703294 -0.661494 0.260391
0.118559 -73.243161 -2253.616754 -3697.838167 0.559984 -0.742436 -0.367704 0.827810 0.519546 0.211667 0.033890 -0.422919 0.905533
4.009188 -69.679309 -2160.734055 -2904.463210 0.544387 -0.751077 -0.373532 0.837078 0.515216 0.183992 0.054258 -0.412838 0.909187
1.975977 -63.269824 -2582.739578 -3615.687752 0.576599 -0.732257 -0.362398 0.813431 0.472932 0.338622 -0.076569 -0.490035 0.868333
-1.342546 -64.650207 -1756.120318 -5420.236313 0.603104 -0.709574 -0.364378 0.793568 0.487520 0.364107 -0.080719 -0.508753 0.857120
-1.285339 -55.632083 -1795.218936 -4644.613753 0.611596 -0.705228 -0.358613 0.772619 0.434797 0.462614 -0.170325 -0.560004 0.810793
-4.396470 -174.586650 895.441878 20603.158695 0.810007 -0.367813 0.456730 0.579212 0.623542 -0.525079 0.091659 -0.689861 -0.718115
-1.834668 -131.707613 -416.265968 13485.194644 0.797667 -0.381296 0.467270 0.548292 0.781192 -0.298521 0.251203 -0.494320 -0.832193
-2.437950 -174.220809 -731.939184 20518.871920 0.814992 -0.371325 0.444867 0.575937 0.603739 -0.551177 0.063918 -0.705420 -0.705902
-5.050889 -193.312312 458.127823 14572.200234 0.818668 -0.373084 0.436567 0.562337 0.366661 -0.741173 -0.116448 -0.852272 -0.509972
-7.168074 -186.649096 1814.577435 13527.752386 0.801340 -0.369830 0.470191 0.591384 0.371370 -0.715785 -0.090104 -0.851651 -0.516306
-1.708253 -48.069445 2381.825455 1080.635944 0.417167 -0.719540 -0.555187 0.692926 -0.143460 0.706592 -0.588069 -0.679471 0.438742
-4.022577 -47.170167 1243.384518 -283.993655 0.384970 -0.734084 -0.559391 0.706699 -0.155374 0.690243 -0.593611 -0.661044 0.458962
-3.923787 -47.521232 -1355.485067 877.153341 -0.398240 0.737309 0.545692 0.647362 -0.195560 0.736668 -0.649868 -0.646631 0.399426
2.199639 -34.118340 2303.784306 1827.237793 -0.131506 0.794729 0.592547 -0.458084 -0.578809 0.674640 -0.879127 0.182717 -0.440170
-2.911445 -32.268155 1444.778182 2099.074312 -0.170168 0.753535 0.635002 -0.405300 -0.640892 0.651912 -0.898206 0.146432 -0.414468
0.013003 -28.734429 1634.499836 2118.133117 -0.138337 0.789448 0.598025 -0.366519 -0.601768 0.709605 -0.920069 0.121023 -0.372595
2.086446 -32.146403 1203.813458 2097.589857 -0.121440 0.937565 0.325920 -0.369039 -0.347460 0.862022 -0.921446 0.015593 -0.388193
3.004405 -30.037117 699.778579 2389.392356 -0.116700 0.949742 0.290467 -0.363311 -0.313018 0.877510 -0.924330 0.003125 -0.381581
4.338259 -38.125906 797.348664 2670.336777 -0.108568 0.955802 0.273232 -0.442386 -0.292594 0.847752 -0.890229 0.028835 -0.454600
3.290005 -39.791734 1203.225472 2512.134998 -0.109713 0.943486 0.312726 -0.446874 -0.327856 0.832355 -0.887844 0.048429 -0.457589
1.903909 -32.792449 158.597058 2661.830031 -0.129152 0.935107 0.329993 -0.360199 -0.354289 0.862981 -0.923892 0.007408 -0.382582
-4.416287 -200.578373 -3302.175042 -7461.934158 0.732313 -0.196264 0.652072 -0.613403 0.225724 0.756826 0.295726 0.954216 -0.044912
-9.097369 -216.587657 -1609.041542 -10309.758416 0.713547 -0.239140 0.658531 -0.610551 0.248764 0.751894 0.343626 0.938578 -0.031497
-6.193297 -193.783284 -2872.817581 -9933.529365 0.727466 -0.215993 0.651260 -0.489211 0.502255 0.713030 0.481108 0.837309 -0.259707
-4.115609 -222.556137 -2849.459098 -15470.477413 0.731302 -0.207337 0.649776 -0.530028 0.426829 0.732726 0.429264 0.880243 -0.202246
-7.435213 -168.481909 -1181.093797 -9485.404553 0.704317 -0.228885 0.671974 -0.363913 0.696338 0.618612 0.609512 0.680240 -0.407149
-7.014709 -201.088508 -1733.941774 -17382.364641 0.726243 -0.233828 0.646449 -0.320945 0.716266 0.619643 0.607919 0.657486 -0.445137
3.726253 -125.864574 1372.837075 -9565.768928 -0.812290 0.363878 -0.455827 0.036794 0.811936 0.582585 0.582093 0.456456 -0.672916
2.738166 -115.058026 1293.243155 -2613.352193 -0.810857 0.392634 -0.433992 0.187354 0.876682 0.443089 0.554445 0.277972 -0.784425
7.210372 -134.225902 1121.510106 -8319.150006 -0.795028 0.394434 -0.460816 0.068432 0.813180 0.577975 0.602700 0.427972 -0.673493
13.339108 -89.405514 -2652.221433 -4720.820961 0.786742 0.113892 0.606684 -0.606433 0.326062 0.725205 0.115222 0.938463 -0.325595
15.897829 -85.278943 -3710.649874 -4532.435334 0.834034 0.044316 0.549931 -0.507117 0.454173 0.732502 0.217302 0.889810 -0.401269
20.106480 -95.235981 -1466.055124 -3011.107152 0.826633 0.037016 0.561522 -0.551329 0.253204 0.794936 0.112754 0.966704 -0.229715
22.865532 -96.436255 1076.893767 -645.635632 0.798229 0.067737 0.598534 -0.602354 0.090485 0.793084 0.000437 0.993592 -0.113029
21.844286 -100.760694 1290.033160 -542.501207 0.821244 0.005090 0.570555 -0.569924 0.055143 0.819845 0.027288 0.998466 -0.048187
-1.462330 -286.341573 -1494.009484 -43737.340666 0.622589 -0.524318 0.580924 0.490142 -0.317424 -0.811790 -0.610036 -0.790147 -0.059366
-0.923725 -392.588153 -2546.706105 -67875.385124 0.658283 -0.521724 0.542649 0.595688 -0.079701 -0.799252 -0.460238 -0.849383 -0.258319
-4.857296 -280.201189 1336.169172 -9534.853065 -0.641078 0.505718 -0.577293 0.695581 0.064992 -0.715502 -0.324323 -0.860247 -0.393433
-908.590714 -11727.532467 296443.861898 -3533634.344613 0.327506 0.098655 0.939684 0.322017 0.923338 -0.209171 -0.888282 0.371099 0.270630
-229.043555 -8464.236157 48654.159044 -3789428.964517 0.561684 0.066612 0.824666 0.279308 0.922970 -0.264790 -0.778780 0.379064 0.499812
-395.290048 -2371.603427 230616.744589 32969410.225450 0.687440 0.121564 0.715995 0.708411 -0.329366 -0.624238 0.159939 0.936344 -0.312537
-313.792228 -5907.652926 -131272.586561 -5076678.785324 -0.779706 0.113202 -0.615827 0.321216 0.916556 -0.238212 0.537474 -0.383549 -0.751007
-414.540694 -6459.964069 118601.116095 27279262.606798 0.946858 -0.043506 0.318695 -0.077456 0.930813 0.357194 0.312186 0.362897 -0.877978
14.832783 -344.139060 -3093.258453 -64268.126973 -0.349396 0.871526 0.344041 -0.317466 -0.455577 0.831664 -0.881554 -0.181358 -0.435857
13.160964 -501.792000 -4537.919033 -130830.396427 -0.335008 0.874504 0.350731 -0.418712 -0.471642 0.776038 -0.844068 -0.113123 -0.524169
12.985444 -387.036353 -1258.444235 -64395.240748 -0.313103 0.886306 0.341217 -0.028751 -0.367963 0.929396 -0.949284 -0.281187 -0.140692
8.643392 -251.121390 -211.441438 -28302.796127 -0.332547 0.888145 0.317192 -0.598471 -0.458672 0.656850 -0.728865 -0.028603 -0.684059
-22.079518 -87.436966 3586.924573 3850.525230 -0.230534 -0.885021 -0.404465 0.964048 -0.264187 0.028592 -0.132159 -0.383332 0.914106
-7.655959 -146.251233 293.451922 31156.658763 0.110659 -0.916554 -0.384295 0.940652 -0.028232 0.338197 -0.320826 -0.398913 0.859034
-7.680204 -123.623359 3598.004536 5110.188062 -0.185725 -0.885925 -0.425022 0.956600 -0.261870 0.127834 -0.224552 -0.382833 0.896111
0.277964 -59.231711 1619.526667 -1527.635693 -0.583962 0.756904 0.293401 -0.598893 -0.645686 0.473726 -0.548010 -0.100922 -0.830361
-0.908090 -57.807483 -464.314669 -3443.957646 -0.590147 0.763712 0.261670 -0.570299 -0.623804 0.534442 -0.571390 -0.166169 -0.803680
-0.288079 -65.924880 786.897396 -4728.335515 -0.561651 0.785917 0.258618 -0.561587 -0.591667 0.578403 -0.607593 -0.179624 -0.773671
-46.244977 -72.388795 -533.518742 4843.651512 -0.180239 -0.940450 0.288217 0.964653 -0.111735 0.238663 -0.192247 0.321045 0.927346
-42.494822 -68.266223 467.677994 4773.579413 -0.434305 -0.844404 0.313626 0.890123 -0.348955 0.293106 -0.138058 0.406463 0.903177
-35.473310 -55.359680 553.782055 3983.561286 -0.611584 -0.738589 0.283638 0.791088 -0.576313 0.205044 0.012021 0.349784 0.936753
-50.679025 -73.032700 1160.834150 -616.631011 0.785429 0.394054 -0.477308 0.556436 -0.111806 0.823334 -0.271072 0.912262 0.307081
-47.768903 -72.119074 -222.241218 -649.252965 0.808105 0.300162 -0.506823 0.546041 -0.059032 0.835676 -0.220920 0.952060 0.211605
-31.271652 -75.171890 -5715.414577 -485.523476 0.448187 0.869139 -0.209107 -0.504445 0.052778 -0.861829 0.738013 -0.491744 -0.462087
-12.402892 -80.061962 -10210.594322 -1450.216092 0.449955 0.830793 -0.327602 -0.578077 -0.008658 -0.815936 0.680711 -0.556514 -0.476367
-32.853371 -73.373772 -3811.678968 665.334331 0.355082 0.894513 -0.271592 -0.691634 0.055917 -0.720080 0.628935 -0.443530 -0.638531
10.121273 -41.942523 2764.545028 -338.849085 -0.072182 0.996974 -0.028845 0.966271 0.062732 -0.249770 0.247204 0.045901 0.967876
3.807342 -53.421938 1274.898649 2072.724837 0.349028 0.935920 0.047254 0.347454 -0.082414 -0.934068 0.870319 -0.342435 0.353954
5.082448 -54.144475 -2.396557 2041.226170 0.349470 0.934445 0.068429 0.276964 -0.033258 -0.960304 0.895076 -0.354550 0.270431
4.543497 -52.356942 127.368427 762.075551 0.368588 0.928068 0.053223 0.266482 -0.050637 -0.962509 0.890579 -0.368952 0.265977
1.321707 -61.262004 -907.053738 -1981.347539 0.198100 0.953800 -0.225880 0.980044 -0.188874 0.061974 0.016448 -0.233649 -0.972182
1.331969 -55.697067 -1177.262054 -1965.391015 0.189165 0.954026 -0.232490 0.974000 -0.212358 -0.078923 -0.124666 -0.211516 -0.969391
4.461572 -58.029174 -1303.580190 -1737.420102 0.203832 0.952102 -0.227934 0.975791 -0.216434 -0.031454 -0.079280 -0.216004 -0.973168
4.119230 -53.133645 -966.770535 1502.963923 0.179937 0.958677 -0.220364 -0.958937 0.220881 0.177911 -0.219233 -0.179302 -0.959056
0.858950 -51.279970 -1284.854248 2261.828388 0.173692 0.957029 -0.232221 -0.951496 0.223891 0.211018 -0.253942 -0.184305 -0.949497
4.733695 -96.963458 189.888960 1230.126567 0.241551 0.968496 -0.060567 -0.959347 0.228948 -0.165035 0.145969 -0.097969 -0.984426
6.817849 -89.375725 201.164962 3315.167857 0.270639 0.960648 -0.062531 -0.945656 0.253129 -0.204108 0.180247 -0.114373 -0.976949
7.648487 -85.455369 467.936524 -2773.239815 0.292400 0.954769 -0.054030 -0.875358 0.244476 -0.417108 0.385033 -0.169258 -0.907249
-2.885991 -105.792712 421.297374 756.696362 0.216723 0.941635 0.257593 0.756411 0.004837 -0.654079 0.617149 -0.336600 0.711215
-4.663657 -104.442038 374.825682 -906.654759 0.243801 0.941383 0.233150 0.583348 0.049708 -0.810700 0.774769 -0.333657 0.537035
2.020505 -73.247593 58.935280 -1132.655782 -0.052526 0.975375 0.214205 0.471203 -0.164913 0.866471 -0.880460 -0.146446 0.450937
3.129888 -75.272380 106.495437 2702.726974 -0.029680 0.967442 0.251348 0.344139 -0.226196 0.911265 -0.938449 -0.113545 0.326221
2.864637 -72.322662 433.741357 2128.497856 -0.015345 0.965559 0.259731 0.338119 -0.239448 0.910132 -0.940978 -0.101786 0.322800
1.803096 -74.421777 104.701006 -1920.834299 -0.035080 0.971806 0.233158 0.469393 -0.189945 0.862317 -0.882292 -0.139693 0.449495
4.137417 -78.587656 -616.046638 4279.668410 -0.028404 0.958879 0.282389 0.184452 -0.272624 0.944274 -0.982431 -0.078908 0.169124
4.415768 -78.405900 210.863907 3356.055012 -0.020856 0.961331 0.274606 0.175447 -0.266884 0.947624 -0.984268 -0.067942 0.163096
22.136413 -48.035534 7803.332114 -232.035258 -0.509759 0.854892 -0.096462 0.662650 0.318653 -0.677758 0.548672 0.409414 0.728930
7.513947 -46.681257 6678.745500 -141.330702 -0.512467 0.850671 -0.117197 0.698634 0.333680 -0.632905 0.499287 0.406221 0.765308
7.151676 -46.913908 7011.430228 -297.371779 -0.527521 0.842912 -0.105931 0.627128 0.302259 -0.717879 0.573090 0.445129 0.688061
816.128881 -22.009196 111005.355478 7869.734113 -0.240555 -0.046913 -0.969501 0.887950 0.392769 -0.239326 0.392017 -0.918440 -0.052826
663.431878 -50.004918 211453.109994 1190.533037 -0.275586 0.723042 -0.633452 0.953579 0.288853 -0.085153 0.121405 -0.627514 -0.769082
4.807734 -32.530826 -495.005949 -2823.983385 0.135432 -0.968784 -0.207644 0.980017 0.100169 0.171851 -0.145687 -0.226769 0.962991
1.849755 -25.815802 224.444704 -2211.750856 0.155051 -0.966257 -0.205687 0.962889 0.101253 0.250187 -0.220918 -0.236846 0.946097
0.134716 -23.081471 -263.445013 -2167.582923 -0.235945 0.956212 0.173170 0.935806 0.175547 0.305698 -0.261912 -0.234182 0.936248
5.524067 -221.477830 942.005526 -37402.529059 0.711189 0.131977 0.690502 -0.109160 0.991038 -0.076989 -0.694474 -0.020621 0.719222
4.895523 -245.611389 1494.523619 -40670.984669 0.704722 0.119419 0.699361 -0.000631 0.985838 -0.167700 -0.709483 0.117741 0.694817
5.610115 -283.831701 1090.785577 12013.423454 0.686853 0.039865 0.725702 -0.514994 -0.677872 0.524662 -0.512849 0.734098 0.445069
5.626345 -276.122145 -466.093223 -24765.745592 0.672072 0.088562 0.735171 0.324525 0.857169 -0.399931 -0.665584 0.507364 0.547339
9.962069 -108.140203 -3226.678757 5423.208942 -0.536276 -0.167666 -0.827222 -0.133640 0.984576 -0.112922 0.833396 0.049993 -0.550411
8.656406 -110.810156 -2636.288973 -8682.245063 -0.537437 -0.178063 -0.824290 -0.270985 0.962080 -0.031147 0.798579 0.206630 -0.565310
9.501656 -140.779104 -1111.881335 -19532.751414 -0.578943 -0.166483 -0.798191 -0.406193 0.907700 0.105296 0.706988 0.385180 -0.593131
36.058301 -550.741693 -15007.416086 -60688.360525 -0.572877 -0.026125 -0.819225 0.373029 0.881672 -0.288972 0.729837 -0.471140 -0.495344
1.644707 -2731.659595 23138.318488 1296972.599647 -0.612243 -0.209450 -0.762423 -0.031730 0.970007 -0.240996 0.790033 -0.123356 -0.600526
24.022301 -544.448853 -13065.907887 63614.017287 -0.626730 0.027221 -0.778761 0.008484 0.999569 0.028111 0.779191 0.011011 -0.626690
20.033061 -597.263832 -952.462754 -63152.950484 -0.653960 0.139021 -0.743646 0.414526 0.888124 -0.198502 0.632855 -0.438073 -0.638425
59.697973 -704.048852 -2271.038844 -162245.346127 -0.630433 0.037478 -0.775339 0.654180 0.563328 -0.504688 0.417855 -0.825383 -0.379657
-7.758925 -44.906933 3654.219382 -3102.736098 0.494876 0.847691 -0.191094 0.714299 -0.271604 0.644987 -0.494848 0.455687 0.739915
-0.295153 -45.632461 2657.092448 -3606.904253 0.537470 0.828334 -0.158076 0.714541 -0.347794 0.607017 -0.447835 0.439206 0.778808
4.481587 -53.842881 -1325.916403 -1628.462969 0.327854 0.938581 0.107601 0.547511 -0.095950 -0.831279 0.769899 -0.331451 0.545341
2.656625 -53.429106 -523.544264 -1657.867205 0.333823 0.938142 0.091935 0.617517 -0.143956 -0.773272 0.712204 -0.314907 0.627375
-13.563319 -41.469476 310.712714 2316.167556 0.228871 0.971259 -0.065374 0.834953 -0.230391 -0.499773 0.500471 -0.059799 0.863686
-14.214142 -39.670478 -65.710015 2230.875927 0.198298 0.978439 -0.057755 0.805910 -0.196302 -0.558547 0.557841 -0.064213 0.827460
2.613516 -217.196528 186.849742 26801.550040 0.096767 0.992708 0.071879 -0.888276 0.053557 0.456177 -0.449001 0.107991 -0.886981
3.848615 -175.220406 412.849880 16059.827364 0.053581 0.995500 0.078155 -0.732987 -0.013942 0.680099 -0.678129 0.093727 -0.728942
1.309983 -200.694776 -248.999098 11022.564757 0.087109 0.993490 0.073408 -0.923161 0.052808 0.380768 -0.374413 0.100935 -0.921752
-14.827265 -780.344032 -1000.844538 264133.733623 0.006097 0.026629 -0.999627 -0.586318 0.809881 0.017999 0.810058 0.585990 0.020551
26.183854 -1186.943188 7642.945867 -532238.149963 -0.051953 -0.113854 0.992138 0.730285 -0.681970 -0.040019 0.681164 0.722464 0.118576
-10.936369 -412.171062 -4088.835969 -132509.472637 0.026593 -0.144162 0.989197 0.757589 -0.642694 -0.114030 0.652189 0.752437 0.092124
15.339580 -107.677590 -3312.247726 997.628037 -0.241338 0.928464 0.282330 0.889407 0.095234 0.447086 -0.388216 -0.359005 0.848766
12.392493 -114.298453 -6742.391113 566.624044 -0.294440 0.899298 0.323370 0.804630 0.050715 0.591607 -0.515631 -0.434386 0.738535
22.138436 -107.813759 -3069.392935 -2501.476038 -0.225939 0.928410 0.294969 0.762778 -0.019727 0.646359 -0.605905 -0.371034 0.703713
6.705519 -105.234708 5494.227326 5957.436376 0.302818 -0.901125 -0.310282 0.911912 0.179343 0.369125 -0.276981 -0.394727 0.876055
72.055404 -61.415820 2713.361728 1118.854917 -0.554681 0.764836 0.327651 -0.129179 -0.468165 0.874148 -0.821974 -0.442547 -0.358483
67.128712 -70.876226 10624.262840 6462.843218 -0.344581 0.868566 0.356170 -0.213038 -0.441859 0.871422 -0.914264 -0.224397 -0.337294
75.161433 -66.676741 13241.482819 1376.378066 -0.376017 0.845092 0.380041 -0.078017 -0.437558 0.895799 -0.923322 -0.307186 -0.230461
77.149608 -83.906901 7224.089736 -12180.960645 -0.462989 0.804711 0.371595 -0.004195 -0.421219 0.906949 -0.886354 -0.418348 -0.198395
80.736194 -76.189279 1485.684634 -9084.739237 -0.576281 0.735598 0.356086 -0.047032 -0.464840 0.884145 -0.815897 -0.492768 -0.302475
6.395356 -40.105418 -1962.524098 2305.291584 -0.132347 0.936532 0.324641 -0.460388 -0.348130 0.816608 -0.877797 0.041385 -0.477242
7.778009 -43.373244 -2737.109668 1694.992069 -0.146632 0.926502 0.346545 -0.529535 -0.369428 0.763620 -0.835519 0.071537 -0.544786
8.170633 -32.804244 -1403.017247 2989.773982 -0.106897 0.944182 0.311598 -0.370860 -0.328641 0.868596 -0.922516 0.022709 -0.385290
9.978648 -42.091419 -4568.926784 -2353.038933 -0.002106 0.990827 -0.135120 -0.799012 -0.082916 -0.595570 0.601311 -0.106709 -0.791858
18.996143 -45.710549 -3580.186208 -1369.612556 -0.029670 0.993854 -0.106644 -0.846059 -0.081783 -0.526779 0.532263 -0.074598 -0.843286
20.852790 -45.402366 1289.940316 -1980.462454 -0.055987 0.998402 -0.007654 -0.823565 -0.050514 -0.564969 0.564452 0.025327 -0.825077
17.261117 -40.208310 1207.253946 -2936.746878 -0.043326 0.998876 0.019238 -0.739325 -0.019105 -0.673078 0.671953 0.043385 -0.739322
-1.095496 -44.772467 -574.251529 -3239.149441 -0.467221 0.864053 0.187394 -0.737871 -0.497832 0.455751 -0.487084 -0.074664 -0.870158
0.488382 -45.883850 -317.199019 -4061.611176 -0.476409 0.857090 0.196037 -0.708899 -0.506341 0.490999 -0.520092 -0.094946 -0.848817
-1.532667 -48.574224 -680.084792 -2112.007790 -0.486437 0.848760 0.207329 -0.644239 -0.508726 0.571099 -0.590200 -0.144234 -0.794268
-3.870449 -45.041680 -1070.299938 -2465.659037 -0.462396 0.867196 0.184829 -0.698399 -0.484640 0.526653 -0.546286 -0.114438 -0.829744
-2.343798 -42.792777 -590.277269 -2569.620257 -0.429973 0.887602 0.165184 -0.773805 -0.456558 0.439067 -0.465133 -0.060967 -0.883139
-1.618144 -84.012043 626.453827 -4416.099553 -0.546683 0.796821 0.257320 -0.307724 -0.476987 0.823280 -0.778745 -0.370890 -0.505962
-3.006712 -80.015033 -188.051364 -6998.464964 -0.576993 0.771694 0.267520 -0.384717 -0.545721 0.744434 -0.720466 -0.326613 -0.611761
-6.032701 -97.602019 1267.692145 -7992.045198 -0.560761 0.761833 0.324280 -0.194917 -0.502111 0.842551 -0.804708 -0.409262 -0.430058
-0.115810 -105.059889 440.043278 8647.405148 -0.514515 0.722058 0.462500 0.115574 -0.476053 0.871789 -0.849657 -0.502002 -0.161486
2.014264 -79.134284 -2174.242507 -3370.689797 0.520187 -0.770339 -0.368758 0.838671 0.542325 0.050146 0.161357 -0.335352 0.928172
-0.011603 -101.406424 702.693388 7088.038067 -0.812733 0.349876 -0.465889 0.436095 0.895568 -0.088198 0.386377 -0.274853 -0.880437
-0.447456 -104.648567 -141.585109 8056.238592 -0.804557 0.364109 -0.469162 0.478608 0.865251 -0.149249 0.351600 -0.344624 -0.870409
1.450800 -90.709343 -117.910142 2489.710006 -0.815162 0.339166 -0.469550 0.378256 0.925624 0.011927 0.438672 -0.167887 -0.882825
0.308446 -101.538244 -862.808134 7875.391558 -0.801783 0.364970 -0.473225 0.450309 0.889555 -0.076897 0.392894 -0.274752 -0.877579
-8.155804 -49.000329 -74.397117 -972.395851 0.358885 -0.771926 -0.524721 0.750579 -0.095493 0.653844 -0.554827 -0.628499 0.545120
-8.340699 -46.941260 -205.283877 -1918.220091 -0.344943 0.776105 0.527898 0.684362 -0.176959 0.707343 -0.642388 -0.605266 0.470096
-7.690379 -47.232876 124.378961 -1642.922132 -0.361096 0.762756 0.536483 0.677230 -0.180994 0.713163 -0.641069 -0.620842 0.451205
-7.747169 -44.944085 172.722276 -1064.130487 -0.356886 0.775332 0.521049 0.616156 -0.223862 0.755141 -0.702128 -0.590547 0.397832
-1.573073 -36.840050 2258.259774 1693.171484 -0.157801 0.761812 0.628284 -0.501990 -0.609796 0.613315 -0.850356 0.218611 -0.478648
-5.849289 -32.648707 1496.891379 1837.679945 -0.185064 0.746930 0.638629 -0.409112 -0.649421 0.640999 -0.893521 0.142644 -0.425762
-5.175557 -27.961488 696.823597 1886.844716 -0.187155 0.740038 0.646000 -0.335208 -0.666260 0.666133 -0.923368 0.091874 -0.372761
4.348917 -28.101418 56.010332 2733.614604 -0.116975 0.965218 0.233820 -0.357471 -0.260577 0.896836 -0.926569 -0.021324 -0.375519
2.011937 -21.529919 553.301604 2618.142831 -0.122357 0.948354 0.292666 -0.290734 -0.316195 0.903047 -0.948948 -0.025406 -0.314408
5.692542 -24.356400 1223.334694 2654.363694 -0.110482 0.972277 0.206085 -0.323886 -0.231257 0.917398 -0.939623 -0.034607 -0.340456
1.198004 -18.891531 103.893626 1757.955996 -0.109358 0.975350 0.191661 -0.271559 -0.214798 0.938146 -0.956189 -0.050547 -0.288355
-0.229483 -16.061876 76.678404 2032.183684 -0.124640 0.955046 0.268984 -0.236763 -0.291895 0.926683 -0.963539 -0.051816 -0.262502
1.186878 -18.112283 589.988635 3334.125277 -0.137370 0.921119 0.364238 -0.234054 -0.387496 0.891664 -0.962470 -0.037236 -0.268822
-10.738605 -208.463516 -649.167763 6351.437519 0.713783 -0.265938 0.647913 -0.690735 -0.114404 0.714001 0.115756 0.957177 0.265353
-13.051875 -242.254358 -212.734255 -2753.870278 0.704554 -0.269779 0.656371 -0.660575 0.088657 0.745507 0.259314 0.958832 0.115746
-7.700123 -207.248088 -2682.366998 383.210327 0.707882 -0.218311 0.671747 -0.699614 -0.085863 0.709343 0.097179 0.972095 0.213514
4.454748 -75.477340 -3781.900325 -4735.383648 0.816684 0.091400 0.569801 -0.523345 0.533380 0.664542 0.243181 0.840923 -0.483437
11.323852 -71.857049 -5356.767385 -4894.250946 0.861571 0.034843 0.506439 -0.406475 0.644975 0.647136 0.304093 0.763409 -0.569855
22.025008 -87.443639 -3890.498909 -5699.626779 0.841556 -0.007326 0.540120 -0.458463 0.519076 0.721368 0.285648 0.854696 -0.433473
-1.983988 -382.637182 -305.741342 3979.946649 -0.665182 0.501587 -0.553121 0.738739 0.334329 -0.585226 -0.108617 -0.797894 -0.592932
-4.438702 -355.439730 3025.151399 14925.029764 -0.644657 0.521220 -0.559238 0.757453 0.336591 -0.559438 -0.103356 -0.784242 -0.611785
-1399.891170 -4165.020749 -438536.436947 3373268.811269 -0.567679 0.209090 -0.796255 0.632533 -0.508280 -0.584426 -0.526918 -0.835424 0.156283
7.222188 -16.811169 3221.432193 1573.952763 0.386344 0.919227 -0.075896 0.522248 -0.150187 0.839465 -0.760260 0.363959 0.538088
20.996590 -21.701294 7963.198748 2935.110106 0.416776 0.908992 -0.005569 0.478530 -0.214190 0.851547 -0.772856 0.357569 0.524249
6.518490 -16.446006 1575.346365 1219.253135 0.431098 0.899948 0.065172 0.422416 -0.265117 0.866763 -0.797320 0.346130 0.494444
-0.649778 -67.507178 -554.633436 -5159.035687 0.497735 -0.751789 -0.432520 0.596637 -0.065163 0.799862 -0.629511 -0.656176 0.416111
