10865
21713
-39.919935 -59.634173 1190.834494 6012.601129 -0.228888 -0.962844 0.143323 0.972052 -0.218174 0.086685 -0.052195 0.159159 0.985872
-48.975069 -70.564764 -1209.576840 3362.416282 -0.262689 -0.944567 0.196947 0.939160 -0.203490 0.276712 -0.221296 0.257654 0.940554
-39.692665 -79.737306 -3277.547854 11054.501303 -0.189990 0.966859 -0.170550 0.970554 0.211162 0.115913 -0.148085 0.143506 0.978507
-38.135184 -60.611625 -792.709760 3681.753851 -0.593471 -0.787842 0.164612 0.800354 -0.556078 0.224078 -0.085001 0.264732 0.960568
-28.241037 -71.647186 5380.525483 12965.909037 0.127707 -0.989641 0.065590 0.991673 0.126302 -0.025154 0.016609 0.068256 0.997530
-30.525790 -47.729812 -3245.057700 6351.649421 0.308119 0.946764 -0.093277 0.948384 -0.313413 -0.048378 0.075037 0.073556 0.994464
-32.279054 -51.471729 296.342098 4348.676850 -0.673982 -0.720335 0.163909 0.737728 -0.667928 0.098125 0.038796 0.187055 0.981583
-0.420500 -43.259567 7493.213569 -34.973198 -0.340307 -0.832342 -0.437491 0.940274 -0.305515 -0.150148 -0.008686 -0.462458 0.886598
0.593444 -41.968046 7451.778464 18.253874 -0.225485 -0.866196 -0.445938 0.967233 -0.253859 0.004025 -0.116692 -0.430419 0.895055
10.737089 -46.284765 6062.953996 534.754780 -0.271647 -0.863501 -0.424940 0.962094 -0.254742 -0.097379 -0.024163 -0.435285 0.899969
13.329490 -46.685621 4725.654109 141.303478 -0.330728 -0.853063 -0.403611 0.937372 -0.247395 -0.245215 0.109332 -0.459433 0.881458
32.103353 -155.951608 16833.750366 31062.147376 0.753185 0.552137 -0.357570 -0.657786 0.627728 -0.416262 0.005377 -0.548727 -0.835984
-3.768979 -181.390198 4605.987225 22214.395170 0.754405 0.528105 -0.389844 -0.624631 0.395012 -0.673648 0.201764 -0.751712 -0.627870
-11.412828 -146.841140 2746.398064 28253.880482 0.770213 0.517256 -0.373121 -0.637739 0.631831 -0.440544 -0.007875 -0.577266 -0.816518
37.120562 -40.930033 12558.913162 1403.041090 0.060665 0.948721 0.310238 0.031411 0.308842 -0.950595 0.997664 -0.067413 0.011065
68.205187 -38.294463 15844.652764 3027.592490 0.161228 0.950926 0.264093 0.031726 0.262461 -0.964421 0.986407 -0.163870 -0.012147
31.924503 -42.665292 9709.463269 1784.508396 0.087419 0.942640 0.322160 0.130311 0.309798 -0.941830 0.987612 -0.124315 0.095754
12.450132 -44.899794 5384.639343 -440.091862 0.068885 0.961834 0.264823 0.051339 0.261684 -0.963787 0.996303 -0.079986 0.031354
12.513203 -46.171453 4247.218658 1030.542515 0.078608 0.939731 0.332755 0.173600 0.315785 -0.932815 0.981674 -0.131093 0.138314
25.484358 -48.501651 5849.855764 973.419967 0.095625 0.934219 0.343643 0.286151 0.304854 -0.908395 0.953401 -0.185199 0.238176
-0.917823 -65.582238 1.570629 4739.727177 -0.202476 0.972241 0.117263 0.402558 -0.026525 0.915010 -0.892721 -0.232473 0.386013
0.126830 -56.974574 24.293770 5678.375560 -0.193411 0.970827 0.141732 0.539165 -0.015519 0.842057 -0.819691 -0.239280 0.520434
-0.730810 -59.165209 699.561098 4631.883881 -0.177714 0.973842 0.141598 0.503669 -0.033603 0.863243 -0.845420 -0.224728 0.484522
0.075509 -61.912268 -897.546838 5387.353212 -0.213776 0.968731 0.125937 0.496154 -0.003382 0.868228 -0.841505 -0.248091 0.479917
-2.043180 -69.060401 578.369959 3929.924528 -0.178840 0.975433 0.128631 0.327026 -0.064372 0.942820 -0.927939 -0.210680 0.307480
0.040568 -71.239531 -828.639592 3637.802354 -0.214408 0.970293 0.112071 0.318732 -0.038955 0.947044 -0.923276 -0.238775 0.300911
-1.055781 -74.099172 -388.130983 2735.534183 -0.205967 0.971670 0.115906 0.216869 -0.070175 0.973675 -0.954225 -0.225682 0.196272
7.163769 -107.067930 1987.439968 -4126.354369 -0.110565 0.974819 -0.193657 0.847262 0.194307 0.494360 -0.519541 0.109419 0.847411
7.287552 -103.785162 1252.776209 -8375.283077 -0.112658 0.979423 -0.167450 0.663639 0.199591 0.720934 -0.739521 0.029907 0.672469
2.760131 -97.785667 1483.050421 -8882.391602 -0.102510 0.978163 -0.180801 0.727417 0.197689 0.657102 -0.678495 0.064158 0.731798
3.313703 -104.425416 2012.445427 -4931.708025 -0.109489 0.972913 -0.203600 0.876270 0.191167 0.442274 -0.469216 0.129984 0.873465
-2.682701 -102.657339 1152.387922 -7053.391734 -0.117568 0.976214 -0.182163 0.849401 0.193887 0.490843 -0.514487 0.097022 0.851992
0.622044 -85.981164 1810.114618 -2746.861769 -0.054682 0.985876 -0.158300 0.603667 0.158924 0.781236 -0.795359 0.052841 0.603831
-2.584774 -92.812125 1385.922814 -7207.786589 -0.087130 0.981551 -0.170191 0.709474 0.181070 0.681073 -0.699325 0.061404 0.712162
-8.720585 -102.574877 -3210.973444 15509.781881 0.054644 0.977630 -0.203111 -0.931982 -0.023069 -0.361770 0.358363 -0.209064 -0.909873
-3.315640 -125.375348 -2475.265494 12671.800218 0.056206 0.983484 -0.172048 -0.815618 -0.054160 -0.576051 0.575855 -0.172702 -0.799103
0.414220 -106.778897 -2154.143034 18310.574775 0.045249 0.978888 -0.199326 -0.947516 -0.021159 -0.319008 0.316490 -0.203300 -0.926554
-4.917976 -70.363228 -1887.810135 -12543.451359 -0.025217 0.975037 -0.220607 0.988738 0.056891 0.138425 0.147520 -0.214631 -0.965490
-15.687713 -41.949910 -2584.785610 -1209.042207 0.445715 -0.137545 -0.884545 0.010778 0.988878 -0.148337 0.895110 0.056582 0.442240
-16.885006 -44.714208 -2535.107444 -1844.709927 0.429661 -0.017231 -0.902826 -0.137661 0.986881 -0.084350 0.892435 0.160526 0.421652
-12.476129 -46.562205 -944.090931 -1893.935230 0.453491 -0.032934 -0.890652 -0.065074 0.995426 -0.069942 0.888882 0.089677 0.449274
-21.438392 -39.771209 -2518.542718 -563.114420 0.396685 -0.207837 -0.894117 -0.001175 0.973916 -0.226908 0.917954 0.091062 0.386093
-12.469667 -40.835512 -1966.162958 -1193.941780 0.454935 -0.164437 -0.875211 0.097573 0.986091 -0.134551 0.885163 -0.024185 0.464652
-17.723625 -38.732902 -2262.085637 -447.548098 0.401517 -0.306799 -0.862936 0.128555 0.951774 -0.278568 0.906784 0.000915 0.421594
1.078552 -67.139473 20.613411 -1463.212317 0.136103 0.983879 0.116010 -0.019690 0.119763 -0.992607 0.990499 -0.132813 -0.035673
-0.296528 -66.461877 341.454602 -1297.940138 0.136750 0.981673 0.132731 0.121035 0.116429 -0.985797 0.983184 -0.150872 0.102895
1.175726 -68.862534 -47.362001 -1861.687559 0.138343 0.978668 0.151887 0.000771 0.153255 -0.988186 0.990384 -0.136826 -0.020447
3.339140 -74.174691 879.052306 2490.183007 0.036915 0.992548 0.116130 -0.578774 0.115970 -0.807200 0.814652 0.037415 -0.578742
3.495691 -66.422165 692.559315 1100.228710 0.029285 0.995981 0.084646 -0.693745 0.081218 -0.715627 0.719625 0.037766 -0.693335
5.152032 -70.410399 133.619364 2266.176409 0.079487 0.988532 0.128396 -0.560055 0.150839 -0.814608 0.824633 0.007158 -0.565622
-9.795710 -33.358188 3548.487449 -3592.771352 -0.284158 0.949484 0.133167 -0.515876 -0.268485 0.813503 -0.808162 -0.162466 -0.566109
-13.343234 -32.900576 2407.001110 -53.809338 -0.425352 0.851483 0.306681 -0.366265 -0.471829 0.802015 -0.827603 -0.228812 -0.512561
-15.428588 -43.239394 2886.253866 -2973.245820 -0.262965 0.964804 0.001536 -0.440803 -0.121561 0.889335 -0.858221 -0.233186 -0.457254
-19.385526 -39.349216 1067.063000 -3146.240432 -0.379519 0.924088 0.045011 -0.405778 -0.209979 0.889524 -0.831450 -0.319327 -0.454665
-158.942397 -2002.395444 -4048.316069 -582692.598920 0.958129 -0.148917 0.244566 0.042634 0.918792 0.392432 0.283146 0.365574 -0.886670
-36.508969 -807.417412 16595.423455 -257760.533686 0.950092 -0.263684 0.166724 0.305520 0.894550 -0.326249 0.063116 -0.360904 -0.930465
-42.523610 -1485.576144 103.197823 -441919.478619 -0.970899 0.180323 -0.157603 0.145196 0.966550 0.211420 0.190455 0.182384 -0.964605
2.897695 -494.139832 -16725.001869 -136100.731385 -0.962658 0.151525 -0.224342 0.188326 0.970137 -0.152862 0.194480 -0.189403 -0.962447
-109.830216 -5073.083100 21669.746361 1890576.196466 0.962297 -0.246333 0.115349 0.029733 0.516798 0.855591 0.270372 0.819903 -0.504637
-19.676717 -1187.810410 12834.234711 -249419.858371 0.965464 -0.086974 0.245591 -0.025418 0.906696 0.421018 0.259294 0.412720 -0.873172
61.550262 -1494.484701 30198.287470 485528.791781 0.956508 -0.022902 0.290804 -0.251519 0.440186 0.861960 0.147749 0.897615 -0.415281
1.253513 -30.501297 -1278.290531 -266.179596 0.047806 0.995314 0.084052 0.936867 -0.015498 -0.349344 0.346404 -0.095447 0.933217
-2.585685 -31.352186 -1674.493614 -569.727830 -0.009554 0.993494 0.113483 0.908920 0.055939 -0.413201 0.416861 -0.099200 0.903541
-2.389819 -31.916407 -1995.263071 -501.322960 -0.037691 0.991737 0.122630 0.934392 0.078480 -0.347496 0.354248 -0.101487 0.929628
-6.351509 -33.350248 -1545.222606 -621.962074 -0.108688 0.982359 0.152174 0.882834 0.165753 -0.439466 0.456937 -0.086580 0.885275
1.915872 -222.353167 185.777470 11819.550750 0.065740 0.989147 0.131404 0.001955 0.131561 -0.991306 0.997835 -0.065425 -0.006715
-1.780540 -217.111667 39.864843 8537.627634 0.041790 0.990007 0.134684 0.259498 0.119421 -0.958332 0.964839 -0.074999 0.251915
-1.741409 -240.899811 509.803876 -522.420785 0.014895 0.988810 0.148436 0.433378 0.127399 -0.892162 0.901089 -0.077618 0.426630
3.094043 -278.404230 -2504.666064 30795.662703 0.055464 0.980175 0.190211 0.271608 0.168509 -0.947541 0.960808 -0.104217 0.256877
-0.288498 -239.710232 -293.760902 -11567.128989 0.005833 0.985468 0.169759 0.723940 0.112949 -0.680553 0.689838 -0.126865 0.712761
2.188288 -275.495134 -1985.368364 -3798.470708 0.036495 0.985301 0.166883 0.635375 0.106018 -0.764891 0.771341 -0.133948 0.622167
21.886560 -127.620157 -1686.218211 -11711.650266 0.696266 0.433921 0.571775 -0.304491 -0.542802 0.782720 -0.649999 0.719082 0.245810
13.160661 -178.021165 1545.883579 -26864.007659 0.749732 0.302563 0.588521 -0.364618 -0.553292 0.748947 -0.552228 0.776095 0.304501
11.625629 -287.230431 -240.370868 -72089.227285 0.734238 0.295064 0.611418 -0.285514 -0.682886 0.672420 -0.615936 0.668284 0.417156
1.399900 -24.080718 -2625.997563 1980.641771 0.016625 0.997374 0.070493 0.463637 -0.070155 0.883244 -0.885869 -0.017999 0.463585
-7.388163 -26.231820 -2159.530185 2662.444873 0.077515 0.985100 0.153521 0.475859 -0.171869 0.862566 -0.876099 -0.006193 0.482091
-7.708460 -31.423732 -2228.068338 2768.057446 0.092954 0.971579 0.217701 0.392862 -0.236697 0.888614 -0.914888 -0.002926 0.403698
-8.278911 -51.294510 156.785701 -4975.840782 0.152187 0.978424 -0.139731 -0.612569 0.204326 0.763551 -0.775628 0.030607 -0.630448
-5.510380 -66.977806 -3298.396745 -5968.983031 0.028285 0.999103 -0.031516 -0.489678 0.041336 0.870923 -0.871445 0.009202 -0.490408
-14.180891 -50.595992 -3217.361572 -5419.792796 0.078534 0.994638 -0.067287 -0.595404 0.100932 0.797062 -0.799579 0.022534 -0.600138
-10.008297 -36.124096 -506.999817 -3991.344192 0.229083 0.947005 -0.225172 -0.657820 0.321120 0.681288 -0.717491 0.007949 -0.696523
-7.221129 -37.238425 1826.450266 -5746.152228 0.276695 0.920876 -0.274639 -0.691152 0.389271 0.608915 -0.667644 -0.021333 -0.744175
-3.334069 -40.198107 -1658.335643 -553.106836 0.084792 0.975847 0.201327 -0.597430 -0.111915 0.794074 -0.797426 0.187610 -0.573511
-7.747401 -40.502741 -1349.770621 1450.202043 0.115592 0.976399 0.182438 -0.495803 -0.102436 0.862373 -0.860708 0.190136 -0.472260
-7.951428 -40.038044 -1239.767945 -1047.595876 0.144758 0.975645 0.164809 -0.613136 -0.042282 0.788845 -0.776601 0.215242 -0.592082
-7.124193 -33.605472 -977.014972 -3628.869107 0.179879 0.973108 0.143890 -0.712562 0.028056 0.701048 -0.678158 0.228634 -0.698447
-3.485437 -34.539155 -1320.897539 -3261.335879 0.094060 0.974488 0.203778 -0.708433 -0.078296 0.701421 -0.699482 0.210339 -0.682995
151.224873 -297.352491 58790.467485 61267.547344 -0.211297 0.176784 -0.961302 0.894492 -0.361480 -0.263089 -0.394001 -0.915467 -0.081752
1403.628835 -840.590333 -1132473.090457 -271421.665582 0.389370 0.784441 0.482745 0.776087 0.002860 -0.630619 -0.496064 0.620197 -0.607681
-29.065710 -6138.790641 -23444.309816 3614352.949414 -0.748756 -0.027175 0.662288 -0.017142 0.999619 0.021637 -0.662624 0.004848 -0.748936
-95.960630 -535.260920 28348.786037 136999.880731 -0.372786 0.292524 0.880602 0.927298 0.082769 0.365059 0.033902 0.952669 -0.302112
3465.768687 -1479.945893 -1040482.179916 304800.247902 0.736218 -0.192094 0.648909 -0.518633 0.455830 0.723352 0.434744 0.869091 -0.235964
-4.083788 -74.313429 318.594259 1757.621395 0.708502 0.634590 0.308740 -0.121140 -0.321633 0.939083 -0.695234 0.702743 0.151003
-3.856911 -73.730258 -221.353643 1988.793039 0.710117 0.631613 0.311125 -0.139288 -0.307131 0.941419 -0.690169 0.711853 0.130123
-3.995680 -76.101975 28.644395 445.130432 0.707009 0.642518 0.295481 -0.253273 -0.160059 0.954062 -0.660296 0.749368 -0.049569
-4.060276 -76.224306 146.952064 -720.114485 0.716357 0.637473 0.283657 -0.372083 0.005111 0.928185 -0.590243 0.770456 -0.240855
-4.504571 -77.299024 94.836357 -277.180566 0.703533 0.652096 0.282511 -0.352961 -0.024411 0.935319 -0.616814 0.757743 -0.212991
-15.105398 -58.719428 -421.617124 -197.579543 -0.835441 -0.443501 -0.324568 -0.426765 0.895636 -0.125331 0.346279 0.033808 -0.937522
-11.049472 -57.337224 1767.817466 4706.016445 0.844220 0.420036 0.332959 -0.477033 0.872049 0.109407 0.244402 0.251196 -0.936573
-12.025049 -60.341751 -1408.510376 5794.051085 -0.805356 -0.479227 -0.348917 -0.519014 0.854416 0.024450 0.286403 0.200784 -0.936835
-16.686851 -59.795570 148.998719 333.515724 -0.768734 -0.537828 -0.346105 -0.513489 0.841624 -0.167326 0.381282 0.049092 -0.923154
-18.388081 -60.227054 963.603744 -4377.902432 -0.815138 -0.477609 -0.327780 -0.373247 0.865783 -0.333327 0.442987 -0.149365 -0.883998
-18.053292 -60.240432 -24.844747 -5067.092477 -0.843929 -0.437336 -0.310680 -0.334240 0.881646 -0.333141 0.419605 -0.177305 -0.890222
-20.426871 -76.319655 2238.342077 -1934.262858 -0.798152 -0.223793 -0.559348 -0.373950 0.911972 0.168725 0.472350 0.343836 -0.811580
-17.236603 -85.879521 -2213.061991 -4387.776816 0.793696 0.276446 0.541871 -0.463833 0.851356 0.245055 0.393581 0.445836 -0.803943
-20.378534 -87.542804 -2005.170762 -4114.096673 0.765993 0.279789 0.578768 -0.520678 0.798058 0.303312 0.377027 0.533687 -0.756987
-15.412023 -77.243113 1631.220025 -1940.111036 -0.815621 -0.229153 -0.531273 -0.338224 0.933831 0.116462 0.469431 0.274678 -0.839158
-22.749703 -73.491141 664.537138 -2973.448644 -0.748868 -0.219071 -0.625463 -0.454961 0.856191 0.244842 0.481878 0.467915 -0.740843
-22.692120 -67.048242 440.031659 -1421.884170 -0.779083 -0.168399 -0.603880 -0.343027 0.920770 0.185782 0.524749 0.351887 -0.775122
-20.516886 -66.641618 494.408192 -499.327868 -0.800320 -0.107894 -0.589785 -0.222741 0.966780 0.125392 0.556663 0.231723 -0.797766
-22.078119 -50.853322 -2329.019470 1701.390235 0.819288 0.394335 0.416254 -0.297958 -0.327449 0.896659 -0.489886 0.858648 0.150780
-28.318377 -45.955546 -3314.935070 1059.315955 0.831260 0.341037 0.438977 -0.276807 -0.430873 0.858910 -0.482064 0.835489 0.263765
-27.752546 -50.927833 -2967.301705 1485.356819 0.857888 0.363933 0.362742 -0.279349 -0.262178 0.923703 -0.431268 0.893765 0.123255
-20.535227 -46.630268 -2552.754814 1469.550817 0.796880 0.376248 0.472673 -0.263901 -0.487012 0.832572 -0.543450 0.788199 0.288798
-21.872144 -54.916850 -2162.705350 1805.378230 0.838257 0.400442 0.370097 -0.325439 -0.177178 0.928815 -0.437509 0.899030 0.018201
-15.140563 -55.865664 -1694.171944 1684.699701 0.806561 0.443308 0.391072 -0.338995 -0.195116 0.920333 -0.484295 0.874876 0.007094
-14.660012 -51.119983 -1553.220192 1693.566423 0.794408 0.429407 0.429563 -0.287621 -0.356959 0.888738 -0.534967 0.829572 0.160065
-35.415895 -184.612982 -4350.299603 11571.049843 0.981890 -0.026760 -0.187553 -0.128117 0.635500 -0.761397 -0.139565 -0.771637 -0.620563
-24.604037 -165.440240 -4835.957018 9106.659431 0.962799 -0.059350 -0.263621 -0.133622 0.743386 -0.655379 -0.234869 -0.666224 -0.707801
-35.787138 -159.936498 -5647.661083 458.829758 0.966562 -0.046460 -0.252191 -0.095990 0.846399 -0.523826 -0.237791 -0.530518 -0.813637
-44.736864 -159.721213 -5140.837255 -3234.312000 0.989423 -0.025873 -0.142735 -0.066816 0.792088 -0.606740 -0.128757 -0.609859 -0.781981
-43.576097 -140.961422 -5792.572166 2755.076988 0.982879 -0.011517 -0.183889 -0.044375 0.953870 -0.296923 -0.178826 -0.300000 -0.937028
52.300002 -40.792521 -11266.707778 -846.387655 -0.070407 0.895360 0.439743 -0.729156 -0.347026 0.589834 -0.680716 0.279113 -0.677290
196.021723 -33.595767 -54787.591130 -1305.387513 0.023820 0.978069 0.206913 -0.680219 -0.135819 0.720317 -0.732622 0.157904 -0.662066
63.789533 -37.173947 -14027.593059 -218.406972 -0.138745 0.916436 0.375360 -0.700198 -0.358817 0.617230 -0.700337 0.177189 -0.691471
35.391105 -40.305801 -8012.086557 -295.639714 -0.135329 0.900592 0.413062 -0.747517 -0.366434 0.554026 -0.650311 0.233795 -0.722797
48.920355 -36.652158 -7618.359113 1789.543858 0.170424 0.925943 0.337024 -0.775102 -0.085213 0.626063 -0.608417 0.367925 -0.703178
7.316885 -133.749731 369.913891 -4886.060877 0.812149 0.265309 0.519639 -0.576836 0.498844 0.646850 0.087604 0.825085 -0.558176
7.618624 -135.251024 647.460584 86.980078 0.810242 0.250502 0.529865 -0.579378 0.205848 0.788637 -0.088483 0.945979 -0.311922
8.849963 -140.244617 17.291411 -976.255384 0.804324 0.283248 0.522335 -0.581880 0.197455 0.788941 -0.120329 0.938500 -0.323634
7.190957 -131.570440 -334.780514 -4013.290302 0.801025 0.310490 0.511816 -0.598494 0.433642 0.673616 0.012794 0.845902 -0.533184
7.130871 -136.643685 -1592.974947 841.151592 0.787860 0.336677 0.515679 -0.576496 0.108647 0.809844 -0.216629 0.935331 -0.279691
12.543332 -32.541656 3352.709571 -1212.706452 -0.283747 0.935076 0.212416 -0.057804 0.204438 -0.977171 0.957155 0.289548 0.003957
20.879935 -34.929162 3941.813832 -1457.955445 -0.255240 0.952236 0.167628 -0.009488 0.170895 -0.985243 0.966831 0.253064 0.034585
13.540418 -28.609846 3933.724929 -2290.773980 -0.283891 0.950069 0.129515 0.071107 0.155560 -0.985264 0.956216 0.270498 0.111718
3.889116 -27.475925 1896.969510 -1769.260165 -0.284557 0.934084 0.215673 0.002011 0.225555 -0.974228 0.958657 0.276790 0.066062
-23.580005 -35.738626 -503.258838 789.575220 -0.431148 -0.487640 -0.759156 0.127252 0.800102 -0.586212 0.893263 -0.349349 -0.282909
-22.882235 -37.649498 226.926674 649.281397 -0.461174 -0.397070 -0.793507 0.245109 0.802479 -0.544013 0.852784 -0.445380 -0.272757
-21.573851 -36.993353 738.626982 985.322223 -0.504381 -0.384783 -0.773008 0.175514 0.830848 -0.528096 0.845455 -0.402036 -0.351530
-21.324967 -34.020490 55.148917 1088.437328 -0.470896 -0.494987 -0.730236 0.029439 0.818477 -0.573784 0.881697 -0.291691 -0.370846
-20.091088 -37.858893 1652.561489 712.077435 -0.559404 -0.312408 -0.767768 0.217401 0.838531 -0.499602 0.799877 -0.446393 -0.401160
-20.063829 -35.741891 1143.070533 884.201411 -0.543971 -0.376239 -0.750026 0.103616 0.856882 -0.504991 0.832682 -0.352415 -0.427135
24.962452 -157.029979 -12096.651334 -42321.922220 0.537171 -0.097363 0.837835 0.613482 0.726801 -0.308869 -0.578867 0.679912 0.450147
-20.893166 -229.270008 -36732.440213 -67585.192474 0.553919 0.170940 0.814833 0.476543 0.737428 -0.478652 -0.682701 0.653437 0.327015
82.520638 -311.852972 -24409.820654 -89693.521539 0.510788 -0.008934 0.859660 0.678798 0.617819 -0.396904 -0.527569 0.786269 0.321639
-12.809321 -47.341319 -11538.641763 -7409.587486 0.516040 -0.055565 0.854760 0.571534 0.765611 -0.295279 -0.638006 0.640900 0.426843
67.042396 -228.239865 -2490.058420 -65866.005239 0.521664 -0.278027 0.806578 0.728285 0.637548 -0.251264 -0.444374 0.718494 0.535068
9.685242 -59.626396 -3351.314303 5652.194440 0.361395 -0.363943 0.858452 0.741504 0.670365 -0.027959 -0.565301 0.646650 0.512132
21.658030 -143.498372 -3937.288699 -26625.849298 0.439561 -0.352898 0.825984 0.734939 0.669977 -0.104865 -0.516383 0.653142 0.553854
18.298332 -36.151861 1705.924807 1862.806816 0.108122 0.979795 0.168260 -0.935737 0.043146 0.350049 -0.335717 0.195295 -0.921496
12.786649 -31.081795 568.224502 2237.263536 0.114833 0.977001 0.179675 -0.902953 0.027257 0.428875 -0.414114 0.211487 -0.885315
23.847259 -30.553274 4721.476252 2308.764963 0.099110 0.978353 0.181669 -0.898152 0.009359 0.439586 -0.428370 0.206733 -0.879637
28.384707 -34.535170 4878.200719 1543.174389 0.089081 0.982296 0.164801 -0.934995 0.025442 0.353748 -0.343293 0.185601 -0.920708
-51.072113 -80.075068 -634.569450 3978.287177 -0.168559 0.952281 -0.254457 0.928845 0.239855 0.282342 -0.329902 0.188759 0.924951
-56.450216 -78.925542 1873.180553 3233.900460 0.095710 0.956016 -0.277259 0.912825 0.026787 0.407471 -0.396976 0.292088 0.870112
-48.342120 -74.976726 -186.601902 2157.650472 -0.427565 -0.875943 0.223409 0.836979 -0.290219 0.463938 -0.341546 0.385353 0.857234
-43.506072 -67.046987 -731.792587 3183.899948 -0.598556 -0.772884 0.210668 0.782987 -0.508868 0.357750 -0.169297 0.379083 0.909744
6.625970 -52.005493 -898.889536 -7515.698858 0.676239 0.617956 0.401037 -0.018776 -0.529748 0.847947 -0.736443 0.580945 0.346634
5.344262 -38.340730 -605.188912 -4384.630399 0.689107 0.601910 0.403531 -0.081309 -0.489116 0.868421 -0.720084 0.631245 0.288112
7.598065 -47.172075 -350.374657 -5180.017750 0.700285 0.619780 0.354222 0.005535 -0.500904 0.865485 -0.713842 0.604125 0.354206
2.827791 -35.680630 -1065.049914 -4665.256437 0.673183 0.585266 0.451982 -0.137301 -0.501666 0.854096 -0.726617 0.637021 0.257355
8.859835 -59.710229 -1258.772945 -7106.285268 0.680360 0.646610 0.344972 0.099841 -0.548096 0.830435 -0.726046 0.530553 0.437461
9.279214 -66.623504 -1176.817659 -6891.137538 0.668188 0.648988 0.363785 0.140531 -0.590258 0.794888 -0.730599 0.480011 0.485606
8.109155 -63.908520 -322.155210 -7990.011057 0.667530 0.609468 0.427730 0.035346 -0.599746 0.799410 -0.743744 0.518511 0.421890
3.106914 -48.367625 -1135.252527 -8083.210671 0.656464 0.589027 0.471278 -0.115586 -0.538822 0.834452 -0.745450 0.602261 0.285634
10.348225 -50.204297 5882.978040 1066.828310 -0.459154 -0.788574 -0.409058 0.690419 -0.027009 -0.722906 0.559017 -0.614346 0.556848
13.192622 -50.884653 6343.940806 -432.223944 -0.447299 -0.794617 -0.410497 0.765582 -0.102886 -0.635058 0.462393 -0.598330 0.654365
21.064916 -47.802634 -2018.138196 848.998980 0.366458 0.853029 0.371551 0.707468 0.003904 -0.706735 0.604316 -0.521849 0.602060
18.567245 -45.176679 -3868.620806 2359.228946 0.407095 0.816308 0.409774 0.619943 0.082528 -0.780295 0.670779 -0.571691 0.472468
6.402918 -48.174780 -5336.395088 2540.320880 0.483211 0.782792 0.392102 0.603345 0.026793 -0.797030 0.634414 -0.621707 0.459347
91.399586 -35.009055 11323.283162 3930.333731 0.375792 0.905786 0.195787 -0.046455 0.229419 -0.972218 0.925539 -0.356256 -0.128292
64.972504 -38.270089 4692.449468 4625.929750 0.389674 0.897369 0.207080 0.051813 0.203136 -0.977779 0.919494 -0.391745 -0.032662
1.048146 -52.815229 -200.464504 3282.289113 -0.188129 0.970588 0.150218 0.603194 -0.006522 0.797568 -0.775090 -0.240656 0.584226
9.009975 -96.308330 682.483806 -7860.349820 -0.120731 0.981915 -0.145833 0.593695 0.189161 0.782141 -0.795581 -0.007849 0.605796
8.028342 -91.346943 118.003473 -1063.757370 -0.100753 0.982841 -0.154509 0.520203 0.184420 0.833893 -0.848079 -0.003641 0.529858
8.713279 -94.401164 -333.756618 12354.350070 -0.035270 0.984952 -0.169189 -0.972641 -0.072729 -0.220635 0.229620 -0.156778 -0.960570
13.541886 -107.795052 -423.757962 9684.771675 -0.050281 0.985237 -0.163646 -0.909880 -0.112751 -0.399256 0.411813 -0.128823 -0.902117
11.180120 -91.026335 -3.240407 7648.396665 -0.046860 0.988475 -0.143952 -0.980780 -0.072855 -0.181007 0.189408 -0.132703 -0.972890
13.101469 -94.406246 -895.445918 5861.369193 -0.070266 0.985345 -0.155429 -0.967956 -0.105008 -0.228110 0.241088 -0.134421 -0.961149
9.607913 -77.929186 346.594463 -3997.760709 -0.098104 0.984716 -0.143909 0.993101 0.106204 0.049712 0.064236 -0.138040 -0.988341
12.330793 -81.258132 -296.514231 -1953.537153 -0.112733 0.983637 -0.140530 0.992913 0.116876 0.021558 0.037630 -0.137104 -0.989842
-13.764278 -54.427943 -1032.592234 -3070.518770 0.428555 0.061481 -0.901421 -0.254892 0.965385 -0.055338 0.866816 0.253480 0.429392
-16.993434 -50.974418 -1796.333709 -3230.328932 0.374277 0.124076 -0.918979 -0.316870 0.948468 -0.000995 0.871499 0.291569 0.394306
-22.584220 -41.760412 -2215.348106 -1517.343952 0.358746 0.027851 -0.933020 -0.197218 0.979252 -0.046599 0.912363 0.200725 0.356795
-0.645409 -172.899660 260.925253 9975.972080 0.788133 0.399696 -0.468070 -0.522465 0.032413 -0.852045 0.325387 -0.916075 -0.234373
-0.365196 -172.697878 178.114987 797.135556 0.788282 0.397611 -0.469593 -0.425697 -0.198646 -0.882792 0.444291 -0.895793 -0.012673
-1.555345 -170.821758 1046.732396 775.755859 0.780234 0.418723 -0.464656 -0.351380 -0.321151 -0.879428 0.517462 -0.849431 0.103442
0.130846 -171.680272 -376.689615 9372.703080 0.788399 0.391620 -0.474405 -0.564757 0.155049 -0.810561 0.243876 -0.906969 -0.343411
-2.330050 -165.677634 755.813765 9515.948284 0.780544 0.407403 -0.474104 -0.506073 -0.033360 -0.861845 0.366934 -0.912639 -0.180136
0.022565 -162.995161 138.910963 9586.781374 0.782697 0.410384 -0.467943 -0.605365 0.327236 -0.725568 0.144634 -0.851176 -0.504559
-105.549357 -6862.582711 -71815.292656 -2198699.629151 0.977567 -0.208095 -0.032537 0.164787 0.851857 -0.497177 -0.131177 -0.480662 -0.867039
-62.044761 -332.540337 4390.467162 -107982.556258 0.751330 -0.540346 0.378853 0.619659 0.380180 -0.686649 -0.226996 -0.750659 -0.620471
192.399705 -3102.039649 32849.129926 -1046898.249144 0.911808 -0.326749 0.248678 0.408645 0.662814 -0.627445 -0.040189 -0.673730 -0.737884
-9.051793 -33.333168 2633.591018 -4017.394741 -0.133201 -0.420577 -0.897425 0.381543 0.813945 -0.438085 0.914703 -0.400760 0.052051
-2.409445 -37.755340 2359.871034 -3024.068542 -0.121075 -0.384203 -0.915275 0.292210 0.867407 -0.402764 0.948659 -0.316217 0.007247
-8.530169 -37.732726 2202.473010 -2198.242622 -0.120081 -0.472497 -0.873113 0.253904 0.835610 -0.487122 0.959746 -0.280181 0.019628
-16.568573 -36.125499 2089.408977 -2068.851023 -0.141025 -0.594546 -0.791598 0.290608 0.739503 -0.607192 0.946392 -0.315674 0.068492
-18.693515 -31.326200 2702.930738 -1273.575503 -0.216895 -0.641347 -0.735956 0.367461 0.644813 -0.670215 0.904394 -0.415801 0.095813
-1.005725 -30.779509 -537.424529 -463.371349 0.062507 0.995901 0.065377 0.901227 -0.028177 -0.432430 0.428816 -0.085949 0.899294
-6.078323 -32.219336 -1027.379993 -515.242862 -0.046993 0.990736 0.127410 0.856802 0.105549 -0.504727 0.513500 -0.085446 0.853825
-5.392777 -111.302787 -442.356094 6948.769836 -0.136601 0.990589 0.008525 -0.006732 -0.009534 0.999932 -0.990603 -0.136535 -0.007971
-3.586755 -121.361891 -704.151957 3007.404615 -0.156509 0.987633 0.009271 -0.283555 -0.053922 0.957439 -0.946098 -0.147219 -0.288488
-2.970288 -112.911140 -920.808649 6041.194832 -0.164484 0.986108 0.023176 -0.046474 -0.031218 0.998432 -0.985284 -0.163149 -0.050963
1.477499 -206.250355 -24.709765 10148.079233 0.068264 0.993708 0.088797 -0.100108 0.095378 -0.990395 0.992632 -0.058719 -0.105989
0.714371 -198.851103 -408.777255 -1784.615777 0.065123 0.995165 0.073521 0.006185 0.073273 -0.997293 0.997858 -0.065402 0.001383
-12.979132 -35.440585 -490.676150 3191.928512 0.210362 0.910996 0.354732 0.356037 -0.409322 0.840055 -0.910487 0.050418 0.410454
-8.734582 -24.352328 -1350.109545 2800.420571 0.128260 0.970654 0.203420 0.508392 -0.240465 0.826870 -0.851520 0.002638 0.524315
-11.167595 -30.227209 -282.264796 3365.388473 0.219895 0.915374 0.337250 0.425579 -0.401095 0.811175 -0.877798 0.034847 0.477763
1.721132 -74.751222 1945.196292 -579.622051 0.049173 0.998541 -0.022311 -0.332463 0.037428 0.942373 -0.941833 0.038922 -0.333819
-0.201501 -74.128914 -9182.484769 -4947.115491 -0.081870 0.996075 0.033648 -0.356562 -0.060800 0.932291 -0.930678 -0.064329 -0.360140
-15.677904 -67.952176 -6741.372147 -9328.344614 -0.053162 0.994584 0.089312 -0.486471 -0.103902 0.867497 -0.872078 -0.002670 -0.489360
-50.587899 -60.434643 -1988.119067 1346.966900 0.919759 -0.345898 -0.185468 0.362939 0.569700 0.737372 0.149394 0.745518 -0.649526
-54.412373 -62.414404 -381.212427 1305.602460 0.948045 -0.314696 0.046653 0.206087 0.719217 0.663518 0.242360 0.619430 -0.746705
-52.424860 -61.364140 -1438.650841 2047.039884 0.926490 -0.329830 -0.181185 0.367251 0.687419 0.626563 0.082110 0.647045 -0.758018
-52.608324 -61.783687 -1709.858639 -69.209239 0.916086 -0.397966 -0.049090 0.286365 0.563615 0.774812 0.280681 0.723852 -0.630283
-47.353277 -61.216562 -2790.444194 -1325.120329 0.834094 -0.410949 -0.367979 0.521090 0.368137 0.770026 0.180975 0.834024 -0.521202
-9.023889 -43.964329 -1350.104077 -1522.637127 0.684636 0.223120 0.693896 0.642075 0.265969 -0.719028 0.344984 -0.937805 -0.038832
-9.989478 -45.817160 -1891.580946 -8.605269 0.694708 0.206605 0.688982 0.587237 0.390230 -0.709136 0.415372 -0.897238 -0.149770
-13.442982 -47.186941 269.367259 24.058524 -0.610908 -0.231732 -0.757028 0.646847 0.405241 -0.646041 0.456488 -0.884353 -0.097670
-4.267121 -42.082767 -2325.980086 -949.588251 0.759262 0.205710 0.617417 0.567687 0.254528 -0.782910 0.318202 -0.944933 -0.076475
-11.035407 -45.534251 583.958281 -1129.729303 -0.628611 -0.246719 -0.737549 0.696072 0.244513 -0.675053 0.346889 -0.937733 0.018031
-4.643734 -41.613035 -2404.672074 -2302.850461 0.731133 0.222795 0.644831 0.633546 0.128935 -0.762886 0.253109 -0.966301 0.046882
-3.380883 -38.909314 -1937.728277 1959.702022 0.077246 0.976697 0.200238 -0.456016 -0.143988 0.878246 -0.886613 0.159153 -0.434267
-8.318523 -35.025824 -1396.755807 2709.111764 0.103650 0.975611 0.193495 -0.370144 -0.142733 0.917944 -0.923174 0.166766 -0.346323
-11.470120 -37.411918 -774.246742 2790.975743 0.149925 0.973137 0.174722 -0.401518 -0.101563 0.910202 -0.903496 0.206616 -0.375505
55.670714 -219.742182 44039.539102 39689.320950 -0.057520 0.227250 -0.972136 0.929185 -0.343930 -0.135377 -0.365112 -0.911081 -0.191374
-99.079242 -665.809662 23487.986312 173726.052381 -0.532079 0.164994 0.830463 0.835089 0.264102 0.482572 -0.139706 0.950277 -0.278308
1.233584 -73.898900 493.016201 2674.160760 -0.393643 0.559543 -0.729354 -0.551637 0.490894 0.674329 -0.735352 -0.667783 -0.115428
1.725454 -67.370616 -520.377010 3575.484463 -0.386601 0.544758 -0.744163 -0.511584 0.544701 0.664517 -0.767347 -0.637605 -0.068108
1.715295 -63.249107 -280.485893 -327.613725 0.386055 -0.542809 0.745869 -0.461435 0.586496 0.665658 -0.798774 -0.601150 -0.024051
1.614910 -71.804970 -110.700995 -3556.706441 0.388297 -0.536961 0.748931 -0.439980 0.606067 0.662647 -0.809718 -0.586818 -0.000918
-3.755621 -69.467340 197.435032 2318.755464 0.714205 0.616889 0.330694 -0.004054 -0.468809 0.883290 -0.699925 0.632191 0.332325
-3.954989 -68.770859 -254.693691 2379.172856 0.710930 0.621021 0.330017 -0.057895 -0.415990 0.907524 -0.700876 0.664293 0.259785
-9.292297 -57.084324 1315.791492 6589.959044 0.784849 0.501013 0.364689 -0.572983 0.810860 0.119150 0.236016 0.302476 -0.923474
-9.598593 -49.555030 1999.816613 3865.774014 0.866783 0.383497 0.318776 -0.460445 0.860945 0.216252 0.191517 0.334222 -0.922831
-6.075424 -47.829991 2054.664117 3264.148477 0.786750 0.490740 0.374432 -0.584704 0.786907 0.197229 0.197855 0.374102 -0.906036
-11.972121 -88.102384 -1941.232248 -4527.659677 0.809001 0.288706 0.512022 -0.456499 0.857340 0.237858 0.370306 0.426165 -0.825383
-14.726229 -98.265902 -1902.708527 -6313.402024 0.779515 0.311142 0.543642 -0.565517 0.722780 0.397214 0.269344 0.617073 -0.739375
-27.157073 -44.488227 -3229.478125 207.311598 0.795697 0.293184 0.530008 -0.290096 -0.583682 0.758393 -0.531705 0.757204 0.379383
-21.236345 -191.597855 -3652.967239 22261.027204 0.967624 -0.053489 -0.246663 -0.182347 0.527554 -0.829721 -0.174509 -0.847836 -0.500720
-14.993259 -228.381027 -2604.302241 26958.828127 0.959353 -0.088229 -0.268063 -0.136352 0.686733 -0.714007 -0.247084 -0.721535 -0.646790
402.941011 -55.591175 -110811.528098 -3007.805672 -0.052230 0.995384 0.080512 -0.654190 -0.095018 0.750338 -0.754525 0.013480 -0.656133
22.342399 -31.478616 3674.702966 -1714.517541 -0.220020 0.971606 0.087027 0.116095 0.114660 -0.986598 0.968562 0.206968 0.138026
24.401155 -38.239194 510.427190 -1258.705592 -0.135582 0.977261 0.163031 0.028366 0.168312 -0.985326 0.990360 0.128968 0.050541
-24.623296 -37.691094 -555.672431 603.709684 -0.395451 -0.433840 -0.809569 0.266551 0.789276 -0.553168 0.878959 -0.434542 -0.196479
-43.347102 -100.439967 -8083.189928 -38067.463338 0.600756 0.788253 -0.133229 0.390352 -0.143802 0.909366 -0.697652 0.598313 0.394086
-129.311851 -336.141345 -29757.370663 -98345.036512 0.404149 0.796102 -0.450427 0.604010 0.137526 0.785021 -0.686903 0.589328 0.425273
-28.854263 -79.799369 -6180.534797 454.443730 -0.194926 0.975193 -0.104893 0.916834 0.219158 0.333743 -0.348452 0.031114 0.936810
-16.189435 -87.477173 -7644.637046 12876.303414 -0.179475 0.983348 -0.028563 0.975130 0.181663 0.126963 -0.130037 0.005066 0.991496
5.639931 -32.853101 -236.115847 -2632.674499 0.703830 0.604374 0.373304 -0.079414 -0.455270 0.886805 -0.705916 0.653805 0.272437
3.236036 -26.676511 -645.611277 -2193.900805 0.688215 0.588427 0.424397 -0.144446 -0.462123 0.874973 -0.710982 0.663472 0.233044
20.530382 -49.437224 1825.745275 -659.786913 -0.372342 -0.854207 -0.362894 0.785173 -0.081448 -0.613897 0.494838 -0.513514 0.701027
15.680931 -49.366325 5262.134268 -513.357489 -0.415433 -0.820032 -0.393654 0.829457 -0.163867 -0.533993 0.373384 -0.548357 0.748257
20.742430 -48.567721 868.875992 -395.708003 -0.349600 -0.877324 -0.328758 0.819072 -0.115837 -0.561874 0.454863 -0.465708 0.759088
20.311863 -47.836887 705.124746 -797.065216 -0.341909 -0.881768 -0.324937 0.872862 -0.169886 -0.457440 0.348154 -0.440027 0.827747
5.852779 -46.602917 6972.421756 -754.513033 -0.451268 -0.791216 -0.412716 0.856117 -0.253328 -0.450432 0.251836 -0.556599 0.791692
15.597816 -47.063126 5122.496566 -555.036258 -0.383090 -0.830903 -0.403537 0.891597 -0.218427 -0.396667 0.241449 -0.511752 0.824508
0.519718 -52.046863 20.390800 3591.770654 -0.167931 0.968681 0.182909 0.590676 -0.049673 0.805378 -0.789241 -0.243288 0.563835
-1.294558 -63.536327 73.196055 3820.816533 -0.177537 0.970938 0.160497 0.418883 -0.073021 0.905099 -0.890515 -0.227918 0.393746
7.416983 -112.693703 2774.629321 1854.150918 -0.110158 0.969148 -0.220492 0.966464 0.156223 0.203817 -0.231975 0.190646 0.953856
1.102576 -111.154809 2256.190650 -1146.547368 -0.117973 0.968503 -0.219283 0.959419 0.168123 0.226384 -0.256120 0.183677 0.949034
-4.243846 -109.075568 1024.419819 -776.936030 -0.125041 0.974505 -0.186292 0.959951 0.166279 0.225489 -0.250717 0.150636 0.956269
-2.399729 -110.315534 -1790.236944 3884.926162 0.136733 -0.967759 0.211533 0.990592 0.134796 -0.023618 -0.005657 0.212772 0.977086
14.219171 -109.156876 -994.868810 7140.677651 -0.091272 0.982883 -0.160032 -0.908266 -0.148058 -0.391321 0.408317 -0.109635 -0.906232
-9.496458 -42.768356 320.008960 -1360.564332 0.457311 -0.078945 -0.885796 0.076824 0.995835 -0.049089 0.885982 -0.045601 0.461471
-8.165804 -36.544637 -1181.882649 -1299.459494 0.432312 -0.263065 -0.862498 0.241782 0.955291 -0.170178 0.868705 -0.134967 0.476588
-0.579795 -50.773526 -988.017126 -471.073604 -0.022792 0.999339 -0.028331 -0.920709 -0.009939 0.390122 -0.389583 -0.034976 -0.920327
0.155309 -55.889197 -494.828181 -1677.542390 -0.055840 0.998433 -0.003805 -0.900278 -0.048702 0.432583 -0.431719 -0.027581 -0.901586
-1.037953 -53.696351 -1179.531675 -2181.727094 -0.049902 0.998633 -0.015536 -0.881348 -0.036713 0.471038 -0.469824 -0.037198 -0.881976
-2.965432 -51.854636 -893.815519 -1025.517265 -0.018124 0.999665 -0.018504 -0.886010 -0.007482 0.463605 -0.463311 -0.024797 -0.885849
-2.041198 -49.422682 -899.421302 -794.428740 0.012314 0.999310 -0.035048 -0.945538 0.023039 0.324694 -0.325277 -0.029141 -0.945170
0.589693 -71.727329 1216.706425 866.087517 -0.013198 0.997857 0.064082 -0.719959 0.034991 -0.693133 0.693891 0.055285 -0.717955
-0.691334 -173.754144 530.692021 -8424.387589 0.789578 0.410895 -0.455776 -0.216666 -0.508222 -0.833526 0.574127 -0.756886 0.312254
-0.443772 -166.209778 -84.761712 -2018.737349 0.774948 0.414630 -0.477010 -0.306791 -0.413074 -0.857467 0.552571 -0.810834 0.192906
19.842607 -22.136700 -1706.481123 -399.965540 0.019723 -0.153999 0.987874 0.844692 0.531176 0.065941 -0.534890 0.833148 0.140558
9.126478 -22.710412 -128.885503 456.892929 0.196388 -0.019327 0.980336 0.776853 0.613104 -0.143538 -0.598274 0.789766 0.135421
9.513971 -30.009362 -2318.015989 430.340762 0.165025 0.022109 0.986042 0.802763 0.577817 -0.147307 -0.573008 0.815867 0.077606
27.160193 -8917.449684 10518.669368 -3590006.259141 0.979824 -0.194243 0.047051 0.197650 0.976669 -0.083976 0.029642 -0.091582 -0.995356
36.125715 -1621.865811 -35425.449728 287031.637410 0.955678 0.005243 0.294366 -0.226051 0.653654 0.722244 0.188627 0.756775 -0.625869
-3.058392 -36.878159 1934.404832 2702.654084 -0.106117 -0.430002 -0.896570 0.102840 0.892080 -0.440020 0.989021 -0.138897 -0.050444
3.383646 -38.606024 2425.127741 -1897.228405 -0.103944 -0.311241 -0.944630 0.228982 0.916771 -0.327258 0.967865 -0.250319 -0.024024
1.758396 -29.990675 525.494318 -40.336835 0.091530 0.994978 0.040514 0.929905 -0.070848 -0.360912 0.356229 -0.070708 0.931719
2.708645 -29.464321 195.024870 195.412135 0.087015 0.995231 0.044076 0.953642 -0.070421 -0.292589 0.288090 -0.067492 0.955222
-0.938612 -29.853268 2152.734053 329.970233 0.131929 0.991258 0.001349 0.937495 -0.124332 -0.325030 0.322021 -0.044145 0.945703
-2.454426 -118.273805 -1398.210354 -6660.628066 -0.167547 0.985743 -0.015427 -0.569927 -0.084078 0.817383 -0.804432 -0.145742 -0.575889
-4.060282 -117.601991 -1681.645859 -3635.813569 -0.157053 0.987463 -0.015858 -0.499240 -0.065527 0.863982 -0.852111 -0.143608 -0.503273
4.891986 -188.233695 -633.728341 5516.397746 0.089482 0.994705 0.050555 -0.401746 0.082493 -0.912028 0.911369 -0.061300 -0.407000
-1.676790 -344.594848 -5379.088356 83481.761422 0.676960 0.117754 0.726539 0.319547 0.842214 -0.434242 -0.663035 0.526128 0.532517
-19.668239 -581.614476 2502.579129 142187.108207 0.750805 0.106288 0.651917 0.173207 0.920749 -0.349599 -0.637410 0.375398 0.672893
6.126884 -1282.508378 -16001.863916 356217.152582 0.725371 -0.121479 0.677555 0.164520 0.986374 0.000717 -0.668409 0.110951 0.735472
-1.524166 -334.167205 389.732426 79852.667651 0.737957 0.166083 0.654091 0.145116 0.907515 -0.394154 -0.659060 0.385788 0.645606
11.701165 -147.343752 568.280723 14724.201129 0.693130 0.394466 0.603297 0.117268 0.764107 -0.634342 -0.711210 0.510429 0.483367
-23.267930 -59.733417 1836.977057 -7100.293116 0.163318 0.920098 -0.356014 -0.724036 0.356902 0.590248 -0.670148 -0.161369 -0.724473
-28.629900 -58.855842 2951.095373 -5041.136243 0.047085 0.945520 -0.322140 -0.734127 0.251451 0.630738 -0.677378 -0.206794 -0.705971
-28.793445 -74.722014 719.290427 -7597.571601 0.021108 0.954040 -0.298936 -0.656076 0.238835 0.715907 -0.754400 -0.181013 -0.630964
-20.642282 -43.551657 3291.287694 -3392.300718 0.280499 0.860055 -0.426175 -0.756065 0.471510 0.453920 -0.591342 -0.194893 -0.782516
-21.837869 -76.915197 1959.675793 -10162.571302 0.096022 0.956548 -0.275311 -0.634689 0.271905 0.723351 -0.766779 -0.105279 -0.633219
-15.918142 -58.972089 1345.577363 -8789.185145 0.179388 0.933933 -0.309176 -0.700753 0.341884 0.626148 -0.690482 -0.104333 -0.715786
-14.368020 -44.266958 2358.856879 -4021.197521 0.362628 0.819800 -0.443202 -0.709329 0.551252 0.439288 -0.604445 -0.155078 -0.781407
-54.165439 -61.575922 80.955045 -339.786044 0.941186 -0.335980 -0.035867 0.308261 0.810340 0.498322 0.138362 0.480070 -0.866250
-54.853622 -62.836281 973.832875 -610.398565 0.913234 -0.397365 0.090030 0.288263 0.786307 0.546467 0.287938 0.473100 -0.832627
-55.280177 -64.179577 -46.252446 -1401.087332 0.880124 -0.453152 0.141541 0.251310 0.697658 0.670907 0.402771 0.554911 -0.727908
239.541304 -43.489698 57516.988676 -6815.842873 0.652893 0.715462 -0.248687 -0.617701 0.692938 0.371863 -0.438378 0.089172 -0.894356
736.718628 -130.260257 -217218.864060 -28085.147486 -0.563930 -0.678292 0.471066 -0.537107 0.734543 0.414685 -0.627296 -0.019160 -0.778546
