13828
27648
-31.678802 -46.698646 763.822088 -4906.284286 0.973090 -0.222934 -0.058281 -0.086531 -0.119119 -0.989102 -0.213562 -0.967528 0.135204
-35.197233 -54.876050 -17.303883 -3932.702236 0.909416 -0.290539 -0.297574 -0.279197 0.103805 -0.954606 -0.308240 -0.951216 -0.013284
-35.806292 -59.623367 483.220279 -6054.845356 0.961092 -0.237150 0.141641 0.140985 -0.019814 -0.989813 -0.237541 -0.971271 -0.014391
-31.143959 -43.419898 -354.874782 -3371.646547 0.787866 -0.327209 -0.521730 -0.535442 0.054587 -0.842806 -0.304253 -0.943374 0.132194
-23.104371 -63.580374 3365.183458 -8148.035278 0.973446 -0.125817 0.191241 0.182747 -0.076011 -0.980217 -0.137865 -0.989137 0.051000
-18.334952 -51.103408 3794.081717 -7901.599812 0.993788 -0.087374 0.068932 0.051528 -0.187752 -0.980864 -0.098644 -0.978323 0.182083
-21.221682 -34.203992 1910.895634 -3091.797180 0.952655 -0.179420 -0.245473 -0.279383 -0.197981 -0.939547 -0.119975 -0.963645 0.238735
-27.677293 -35.574297 41.826620 -1858.041596 0.686434 -0.318566 -0.653700 -0.685236 0.017565 -0.728109 -0.243433 -0.947738 0.206235
-30.827715 -51.005987 -172.811335 -850.225726 0.267075 0.606717 0.748710 -0.264635 0.793237 -0.548401 -0.926628 -0.051671 0.372412
-29.896390 -48.610304 280.345796 -1583.068615 0.258272 0.540651 0.800620 -0.395121 0.815368 -0.423148 -0.881575 -0.207054 0.424209
-30.906483 -48.133018 -426.531769 -2010.967784 0.336042 0.557617 0.759038 -0.330152 0.824508 -0.459549 -0.882086 -0.096170 0.461168
-30.983821 -49.780733 -197.653923 -884.008903 0.373471 0.616244 0.693371 -0.235004 0.785925 -0.571922 -0.897381 0.050651 0.438340
-30.971290 -52.303601 66.992419 44.939554 0.299897 0.639067 0.708277 -0.123253 0.762184 -0.635519 -0.945976 0.103293 0.307344
-30.875583 -52.867985 301.636446 -113.160751 0.202343 0.619305 0.758630 -0.182677 0.784926 -0.592048 -0.962126 -0.018788 0.271957
-9.781054 -22.510689 916.266625 103.190260 0.046534 0.858855 0.510100 0.867626 -0.287816 0.405447 -0.495035 -0.423709 0.758558
-6.966072 -22.300877 -754.757851 -135.121316 -0.001866 -0.866834 -0.498594 0.899077 -0.219732 0.378652 -0.437786 -0.447568 0.779761
-6.647965 -22.725773 1018.503307 221.061691 0.273316 0.766965 0.580571 0.840132 -0.484275 0.244243 -0.468482 -0.421001 0.776713
-1.613291 -21.635215 -1354.137367 -80.736377 -0.247623 -0.788437 -0.563072 0.891301 -0.413218 0.186637 -0.379822 -0.455651 0.805057
-1.883205 -22.498134 -482.972584 841.408193 -0.427616 -0.667056 -0.610067 0.805092 -0.587928 0.078534 -0.411062 -0.457577 0.788448
-5.611288 -25.027332 37.777336 -1119.683485 0.461372 0.626985 0.627715 -0.745491 0.657566 -0.108864 -0.481020 -0.417729 0.770793
-5.788970 -11.274295 1834.982429 -725.117017 -0.085214 0.979124 -0.184539 0.769566 0.182319 0.611987 -0.632856 0.089865 0.769037
-2.288132 -12.078921 1227.853700 -786.571539 0.022313 0.994982 -0.097538 0.785466 0.042911 0.617415 -0.618502 0.090389 0.780567
-3.843372 -9.371873 1111.391680 -730.917206 -0.064153 0.984141 -0.165379 0.756812 0.155999 0.634744 -0.650477 0.084440 0.754818
-8.172609 -9.956427 1495.744846 120.024138 -0.450098 0.755495 -0.476067 0.602031 0.650474 0.463079 -0.659523 0.078176 0.747608
-6.249727 -8.273397 -764.505123 695.158089 0.590095 -0.543182 0.597278 0.441075 0.836552 0.325014 -0.676196 0.071656 0.733229
-3.708470 -7.099983 591.894700 -724.128410 -0.048436 0.987560 -0.149598 0.742777 0.135747 0.655634 -0.667785 0.079361 0.740111
14.678203 -21.017820 1282.408637 732.336584 -0.887856 0.208358 -0.410243 0.268535 0.958644 -0.094285 0.373632 -0.193876 -0.907089
7.306907 -21.289145 3929.815035 967.680518 -0.929638 0.167899 -0.327999 0.199804 0.977620 -0.065866 0.309599 -0.126767 -0.942379
2.896519 -23.700994 4359.198376 1330.758060 -0.943097 0.109394 -0.314008 0.171087 0.969385 -0.176130 0.285127 -0.219830 -0.932940
1.456478 -33.092390 -607.827969 210.684623 0.713733 -0.450464 -0.536347 0.693769 0.349407 0.629761 0.096281 0.821582 -0.561901
2.234121 -31.079091 88.265729 -2570.448479 -0.694747 0.468801 0.545483 0.708249 0.313740 0.632416 0.125337 0.825708 -0.549998
1.735782 -33.688450 -694.423876 -656.154932 0.714523 -0.446368 -0.538714 0.692192 0.339189 0.637041 0.101629 0.828074 -0.551331
1.704064 -33.625521 -25.327218 -1531.637020 0.722324 -0.452326 -0.523115 0.674806 0.295540 0.676234 0.151277 0.841461 -0.518709
1.015704 -34.183358 -343.468202 114.366758 0.730527 -0.444791 -0.518161 0.674522 0.351623 0.649139 0.106534 0.823725 -0.556892
-1.213900 -20.724355 -198.124330 2328.699185 -0.107539 0.785581 -0.609342 0.649144 0.519701 0.555449 -0.753026 0.335818 0.565843
0.320103 -17.722732 126.517684 2155.007200 0.000546 0.860031 -0.510241 0.672057 0.377518 0.637040 -0.740499 0.343259 0.577784
-2.790729 -25.449398 91.566871 3285.755189 -0.020769 0.845554 -0.533487 0.633097 0.424110 0.647549 -0.773794 0.324299 0.544126
-5.896910 -30.633900 -153.640789 2946.170389 -0.119207 0.785890 -0.606767 0.571702 0.553977 0.605199 -0.811755 0.274746 0.515333
-10.855061 -50.673815 -1086.973770 1344.294510 0.899439 -0.181874 -0.397405 -0.346848 0.256181 -0.902257 -0.265905 -0.949364 -0.167337
-8.164305 -57.462923 -1137.099204 3204.910337 0.897671 -0.202308 -0.391483 -0.372508 0.126245 -0.919402 -0.235425 -0.971151 -0.037965
-7.350457 -51.404099 -906.211768 523.543036 0.880452 -0.194423 -0.432440 -0.381429 0.251312 -0.889581 -0.281633 -0.948178 -0.147109
-8.322375 -58.126652 965.458329 392.717351 0.932751 -0.341357 0.115975 0.012315 0.351669 0.936044 0.360310 0.871668 -0.332223
-4.628879 -65.991380 795.514677 4229.053542 0.929243 -0.340352 0.143761 0.053493 0.508940 0.859138 0.365575 0.790658 -0.491136
-5.333648 -65.435550 548.100243 4967.308298 0.935275 -0.299693 0.188267 -0.016760 0.493846 0.869388 0.353525 0.816272 -0.456859
1.001544 -80.194817 145.323717 107.768197 0.978146 -0.125590 -0.165705 0.051226 -0.626834 0.777467 0.201511 0.768965 0.606701
1.970882 -83.429956 189.950069 721.586970 0.981227 -0.129229 -0.143158 0.048849 -0.551555 0.832707 0.186569 0.824067 0.534888
0.498688 -81.917471 239.676472 1854.263134 0.981001 -0.158707 -0.111579 0.040466 -0.395097 0.917748 0.189737 0.904826 0.381168
69.500061 -33.506384 31304.300555 1098.939821 -0.184532 0.946884 -0.263359 0.741475 -0.041758 -0.669680 0.645106 0.318852 0.694386
11.832464 -35.254329 16527.628113 1463.811714 -0.313809 0.939297 -0.138726 0.705874 0.133073 -0.695725 0.635032 0.316248 0.704785
76.958886 -30.470985 31455.887536 368.907296 -0.225660 0.927002 -0.299575 0.673810 -0.073576 -0.735232 0.703603 0.367769 0.608021
30.040958 -24.032480 14192.435095 1436.576640 0.753922 -0.329126 0.568575 0.624747 0.626875 -0.465531 0.203207 -0.706189 -0.678235
0.224186 -31.286031 -2769.275093 592.667428 -0.498717 0.551915 -0.668334 0.864464 0.372856 -0.337164 0.063106 -0.745901 -0.663061
1.834902 -30.362588 -2629.113616 896.315803 -0.348287 0.611565 -0.710412 0.927808 0.332977 -0.168221 0.133673 -0.717715 -0.683387
20.066127 -21.546141 -8680.020742 1033.837474 -0.545333 0.474691 -0.690855 0.800187 0.540263 -0.260418 0.249625 -0.694827 -0.674464
182.826778 -22.579851 48144.439758 1815.183101 0.859573 -0.129007 0.494460 0.403096 0.765895 -0.500918 0.314083 -0.629890 -0.710345
1.825291 -216.357334 2658.369808 -4600.349357 0.835944 -0.522253 -0.168671 -0.524699 -0.670425 -0.524615 -0.160901 -0.527050 0.834463
-1.976428 -421.767808 3674.419522 89923.627572 0.733533 -0.650043 -0.198427 -0.679640 -0.699703 -0.220237 -0.004323 -0.296410 0.955051
0.266017 -205.055531 1763.481843 17331.406728 0.795642 -0.576301 -0.186631 -0.605742 -0.759745 -0.236359 0.005578 -0.301107 0.953574
0.872897 -178.586002 556.256266 9837.580984 0.818776 -0.549754 -0.165455 -0.566303 -0.726001 -0.390158 -0.094371 -0.413150 0.905760
-6.244219 -321.798739 2399.893525 63460.161380 0.752868 -0.631584 -0.185178 -0.649567 -0.758357 -0.054390 0.106079 -0.161234 0.981199
-5.087234 -45.362541 -2952.474159 -454.576309 0.996266 -0.061361 -0.060739 -0.028720 0.427907 -0.903366 -0.081422 -0.901737 -0.424547
6.854078 -44.240511 -3708.367848 -948.160700 0.996970 -0.075096 -0.020306 0.007582 0.353588 -0.935371 -0.077422 -0.932382 -0.353086
8.284492 -46.006783 -3471.078070 203.615038 0.997212 -0.048359 -0.056822 -0.026511 0.482211 -0.875654 -0.069746 -0.874719 -0.479585
29.621125 -3.748393 -7720.082556 -2176.456497 -0.615760 0.067633 -0.785025 0.228168 0.968927 -0.095494 0.754174 -0.237919 -0.612059
37.171082 -8.480041 -616.878616 -1945.490439 -0.746969 0.051195 -0.662885 0.193916 0.970457 -0.143564 0.635951 -0.235782 -0.734828
39.877344 -4.204741 -7061.804393 -522.453650 -0.708653 -0.070146 -0.702062 0.132482 0.964118 -0.230055 0.693008 -0.256040 -0.673932
1.928752 -35.434275 -114.420337 -149.648475 0.659282 -0.459856 -0.594878 0.601181 -0.152781 0.784372 0.451584 0.874751 -0.175731
2.727453 -36.120072 181.385104 -407.870225 0.667443 -0.463185 -0.583077 0.605810 -0.117585 0.786872 0.433029 0.878426 -0.202121
2.409247 -36.706951 -54.034357 -68.613409 0.678405 -0.466878 -0.567266 0.637012 -0.010889 0.770777 0.366036 0.884254 -0.290020
14.043539 -137.397671 969.324037 9611.491346 0.970725 -0.131409 -0.201056 0.189255 0.933892 0.303361 -0.147900 0.332531 -0.931423
9.548106 -134.947524 559.892881 10884.851511 0.984085 -0.105224 -0.143197 0.158358 0.884902 0.438032 -0.080623 0.453737 -0.887481
10.444193 -121.568644 -10.792342 8825.702728 0.963076 -0.147698 -0.225100 0.250232 0.799557 0.545978 -0.099341 0.582146 -0.806993
15.425189 -189.070352 268.568541 21837.083932 0.947508 -0.174632 -0.267829 0.241667 0.939623 0.242292 -0.209347 0.294299 -0.932503
11.391430 -138.155867 -829.104301 17194.674345 0.923594 -0.215396 -0.317142 0.343181 0.833251 0.433498 -0.170885 0.509213 -0.843505
5.289490 -98.338698 -1109.184716 12012.875390 0.946065 -0.174557 -0.272930 0.318687 0.653013 0.687032 -0.058301 0.736956 -0.673421
-8.421456 -67.365931 -351.330799 10318.570125 -0.195943 0.883825 0.424805 0.275813 -0.366041 0.888786 -0.941028 -0.291319 0.172047
-3.158999 -56.075826 304.040689 748.673861 -0.202376 0.948336 0.244343 0.325004 -0.170326 0.930248 -0.923805 -0.267672 0.273743
-3.712346 -148.629050 1504.067779 37711.050024 -0.121386 0.860146 0.495393 0.319335 -0.438710 0.839975 -0.939835 -0.260158 0.221422
8.053074 -49.235874 14887.661918 -1313.370489 0.977260 -0.055619 0.204622 0.129288 0.921158 -0.367087 0.168072 -0.385195 -0.907401
-19.437655 -46.369117 8479.705396 -7302.643901 0.996720 0.079054 0.017318 -0.070613 0.954068 -0.291148 0.039539 -0.288970 -0.956521
-6.350269 -49.738723 8987.842040 -8166.398380 0.991033 0.125814 0.045000 -0.113287 0.969729 -0.216316 0.070853 -0.209278 -0.975286
1.280088 -57.072877 -9189.641423 -4883.706677 -0.988627 -0.126184 -0.081822 -0.119574 0.989499 -0.081204 0.091209 -0.070497 -0.993333
11.003597 -51.226557 11257.231912 -15342.558908 0.991573 0.062909 0.113254 -0.020971 0.940599 -0.338870 0.127844 -0.333640 -0.933992
-44.606383 -52.455955 77.161834 1663.134628 0.626287 -0.106641 0.772264 0.662936 0.594102 -0.455586 -0.410219 0.797290 0.442774
-41.694247 -45.832314 529.170683 -2332.478320 0.807772 -0.057622 0.586672 -0.537370 -0.481137 0.692633 -0.242359 0.874750 0.419613
-42.514724 -46.849307 -491.890440 1963.823014 0.385509 -0.188011 0.903346 0.860968 0.425389 -0.278889 -0.331839 0.885266 0.325862
-41.675335 -50.439364 885.737874 -2417.373440 0.795066 -0.161166 0.584719 -0.552062 -0.591561 0.587608 -0.251194 0.789988 0.559303
-43.258956 -50.310639 -425.881987 713.416946 0.374712 -0.075083 0.924096 0.804762 0.521267 -0.283970 -0.460379 0.850085 0.255749
-44.193950 -52.593100 -277.063791 1000.799480 0.570999 0.036946 0.820119 0.598024 0.665682 -0.446357 -0.562430 0.745320 0.358009
-44.279640 -55.336829 272.342591 -644.605085 0.689351 -0.050984 0.722632 -0.506988 -0.746476 0.430972 -0.517455 0.663456 0.540432
-42.608663 -55.169526 465.595778 -1381.666569 0.726120 -0.171542 0.665826 -0.567649 -0.695992 0.439738 -0.387976 0.697257 0.602749
18.953525 -12.926718 1326.189861 1925.072631 0.301403 0.907683 -0.292006 0.953371 -0.281904 0.107770 0.015503 -0.310873 -0.950325
26.094293 -18.298075 1691.968916 1025.925127 0.282430 0.895527 -0.343897 0.958369 -0.279090 0.060310 -0.041969 -0.346613 -0.937069
21.652271 -15.272869 2309.162427 659.922125 0.058106 0.918452 -0.391241 0.998261 -0.049540 0.031963 0.009975 -0.392418 -0.919733
13.319319 -8.908596 840.754993 2461.306817 0.457128 0.863617 -0.212601 0.885731 -0.420351 0.196940 0.080714 -0.278334 -0.957087
18.390455 -13.235687 1474.014995 1673.665197 0.516765 0.839318 -0.168819 0.854787 -0.494795 0.156579 0.047888 -0.225219 -0.973131
13.800696 -6.727628 870.915569 1740.911664 0.154183 0.926011 -0.344574 0.987242 -0.130351 0.091443 0.039761 -0.354276 -0.934295
-11.311199 -35.162219 692.545887 -487.943896 0.496598 -0.091737 0.863119 0.673972 0.667363 -0.316841 -0.546948 0.739061 0.393239
-12.643813 -34.414121 930.214363 -332.533462 0.412800 -0.116750 0.903308 0.749911 0.606440 -0.264319 -0.516943 0.786511 0.337891
-14.245011 -33.386413 941.316371 -657.309014 0.449465 -0.078410 0.889850 0.664723 0.694822 -0.274528 -0.596762 0.714895 0.364419
-9.231399 -35.934547 846.680114 -299.656220 0.505326 -0.097177 0.857439 0.732466 0.573631 -0.366662 -0.456223 0.813329 0.361050
-9.110778 -35.776335 -49.832012 -310.652087 0.568131 -0.056535 0.820994 0.655427 0.634364 -0.409875 -0.497637 0.770964 0.397456
-10.640621 -35.678756 345.815823 -245.059417 0.545315 -0.062512 0.835897 0.596490 0.729562 -0.334574 -0.588923 0.681052 0.435129
9.139986 -38.973738 3.689650 198.854385 0.765789 -0.562541 0.311632 0.579312 0.813834 0.045516 -0.279221 0.145677 0.949112
7.425713 -42.373872 224.895527 -1048.444453 0.783976 -0.543310 0.300326 0.579411 0.814062 -0.039812 -0.222854 0.205224 0.953005
10.185153 -40.708357 -465.999931 -360.020158 0.809800 -0.506495 0.296119 0.527828 0.849301 0.009224 -0.256167 0.148830 0.955106
-5.806828 -43.467366 -630.797696 -52.829266 0.745308 -0.288269 0.601180 0.391738 -0.540296 -0.744729 -0.539497 -0.790558 0.289761
-4.549645 -42.936889 -887.846369 80.994331 0.733906 -0.310220 0.604272 0.437635 -0.464406 -0.769937 -0.519477 -0.829512 0.205068
-7.522579 -44.599188 615.093919 743.400199 0.740073 -0.237561 0.629171 0.502080 -0.427264 -0.751905 -0.447446 -0.872359 0.196932
-2.714095 -51.446305 715.344120 7358.932164 0.827539 -0.242259 0.506449 0.027601 0.918569 0.394295 -0.560730 -0.312316 0.766838
5.980341 -44.975656 2768.640446 3883.649188 0.836200 -0.137668 0.530864 -0.037015 0.951606 0.305083 -0.547174 -0.274760 0.790637
0.225546 -43.128418 526.635653 4553.319409 0.820002 -0.264871 0.507386 0.101664 0.939785 0.326295 -0.563260 -0.215980 0.797553
-0.048893 -96.200062 21.328187 -5360.851529 -0.716270 0.423356 -0.554732 0.107303 0.852311 0.511910 0.689524 0.307142 -0.655912
-0.799076 -100.418041 -111.735189 -338.234615 -0.717161 0.440605 -0.539951 -0.082725 0.715483 0.693715 0.691981 0.542173 -0.476667
0.887467 -104.103271 -1155.066728 -2387.029546 -0.691651 0.454070 -0.561640 -0.021575 0.764308 0.644491 0.721910 0.457880 -0.518837
0.677474 -81.973187 -392.964537 -6644.658302 -0.711546 0.406093 -0.573403 0.261578 0.910508 0.320238 0.652134 0.077875 -0.754093
-0.759499 -81.883092 511.680359 -6094.229166 -0.726650 0.405631 -0.554475 0.257298 0.909030 0.327815 0.637007 0.095541 -0.764915
1.080775 -93.945025 -1286.262168 -6493.127077 -0.689714 0.429083 -0.583251 0.160582 0.876089 0.454623 0.706051 0.219900 -0.673154
-7.056085 -32.122199 35.155517 518.245920 0.808264 -0.478934 0.342537 -0.300029 0.165564 0.939452 0.506648 0.862097 0.009874
-7.509393 -30.870420 151.226627 313.939536 0.802067 -0.503041 0.321928 -0.297303 0.131199 0.945726 0.517976 0.854246 0.044325
-6.336363 -28.148989 481.896570 138.630784 0.814573 -0.535709 0.222456 -0.158007 0.164082 0.973710 0.558127 0.828307 -0.049011
-5.717188 -27.331860 606.762188 -565.583271 0.804707 -0.557124 0.205086 -0.092873 0.223063 0.970370 0.586363 0.799910 -0.127758
-5.804192 -27.832268 330.572868 -1019.139297 0.814355 -0.531434 0.233245 -0.107318 0.257073 0.960415 0.570358 0.807150 -0.152316
-5.801997 -27.778639 -43.084433 -862.079180 0.822109 -0.493443 0.283992 -0.182489 0.244110 0.952422 0.539291 0.834820 -0.110637
-5.611064 -27.761077 502.780260 -392.785925 0.799380 -0.563363 0.208840 -0.119104 0.192106 0.974120 0.588903 0.803565 -0.086466
-5.007910 -17.861956 -1509.401431 -1089.363245 0.803510 -0.451571 -0.387885 0.527754 0.238919 0.815104 0.275404 0.859652 -0.430292
5.258322 -14.389224 -5221.576697 93.246153 0.927294 -0.341413 -0.153504 0.290711 0.398471 0.869889 0.235824 0.851268 -0.468753
20.532706 -14.975858 -10123.501724 -884.650352 0.958532 -0.148154 0.243448 -0.138195 0.505450 0.851717 0.249236 0.850041 -0.464016
-6.390355 -19.132381 -3436.645570 -1318.130871 0.947799 -0.317864 -0.025283 0.151129 0.377983 0.913394 0.280779 0.869535 -0.406290
-5.479898 -25.919756 75.801533 -1416.379804 -0.542984 0.525088 0.655325 0.781789 0.031211 0.622761 0.306551 0.850476 -0.427455
-3.481526 -80.934813 479.519195 -1538.896761 0.855848 -0.395223 0.333650 0.443523 0.892659 -0.080291 -0.266103 0.216698 0.939271
-2.101225 -83.744629 -253.884257 -2310.169861 0.859891 -0.378727 0.342278 0.377326 0.923157 0.073524 -0.343822 0.065928 0.936718
-2.848471 -85.822241 -299.709088 756.017008 0.842307 -0.412362 0.347097 -0.493323 -0.849234 0.188239 -0.217144 0.329786 0.918744
-3.985355 -81.829469 887.938466 -662.683265 0.833815 -0.438001 0.336017 -0.542378 -0.763385 0.350813 -0.102854 0.474761 0.874084
-4.945632 -76.252817 1238.228632 172.002058 0.846683 -0.412848 0.335685 -0.494422 -0.843581 0.209566 -0.196659 0.343406 0.918367
-4.354624 -74.013084 958.442369 -1502.740370 0.864227 -0.372652 0.337997 0.393775 0.919183 0.006581 -0.313134 0.127408 0.941124
8.724041 -134.601457 1495.432629 10172.161062 0.858571 0.065822 -0.508452 0.396062 0.544596 0.739290 -0.325562 0.836112 -0.441505
7.863590 -120.129464 234.452793 10964.478356 0.845258 0.038535 -0.532967 0.465016 0.438312 0.769183 -0.263246 0.897997 -0.352567
8.649058 -135.034402 945.440307 16708.980300 0.846086 0.047257 -0.530948 0.498149 0.284378 0.819131 -0.189700 0.957547 -0.217067
10.338296 -163.890975 1893.416638 12656.967053 0.860077 0.101414 -0.499982 0.349409 0.597002 0.722151 -0.371727 0.795804 -0.478033
-7.498497 -29.650866 -117.889937 -151.935749 0.887926 0.016686 0.459683 -0.363161 0.638770 0.678297 0.282313 0.769217 -0.573240
-6.522019 -31.894245 -230.025856 88.326728 0.882090 -0.003842 0.471065 -0.355863 0.649786 0.671669 0.308672 0.760107 -0.571803
-6.120184 -28.745674 -162.822339 -412.982062 0.848028 0.082284 0.523525 -0.416087 0.715186 0.561587 0.328208 0.694073 -0.640735
-8.013136 -27.307428 433.525659 -20.450365 0.848660 0.087839 0.521594 -0.437991 0.669562 0.599876 0.296547 0.737544 -0.606703
-8.981620 -28.559908 432.873504 -368.606176 0.892507 0.021151 0.450537 -0.371809 0.599961 0.708382 0.255321 0.799750 -0.543333
32.558744 -291.321081 6073.300281 32550.856629 0.750394 0.146638 -0.644520 -0.418886 -0.648787 -0.635304 0.511316 -0.746708 0.425421
24.878766 -445.793157 3528.465668 70539.276123 0.781126 0.165065 -0.602160 -0.498385 -0.416105 -0.760572 0.376105 -0.894209 0.242765
30.272009 -254.754416 5512.140807 -19915.447669 0.804922 0.112654 -0.582588 -0.505294 -0.384606 -0.772500 0.311092 -0.916181 0.252654
24.638641 -467.679161 3435.760725 -93391.058968 0.841845 0.017736 -0.539428 -0.538895 -0.027623 -0.841920 0.029833 -0.999461 0.013697
43.068499 -295.266795 5910.224727 -33948.729591 0.847491 0.017154 -0.530533 -0.480931 -0.398174 -0.781129 0.224644 -0.917150 0.329199
40.989296 -286.272505 432.726557 37341.284209 0.838295 0.076582 -0.539812 -0.371401 -0.644631 -0.668216 0.399153 -0.760649 0.511948
-1.656923 -208.272962 55.568936 -7081.697021 0.890433 0.054030 -0.451896 0.369948 0.492401 0.787832 -0.265081 0.868690 -0.418462
-0.605425 -177.602131 2126.854830 -2056.179624 0.902116 -0.000077 -0.431493 0.326554 0.653767 0.682606 -0.282043 0.756696 -0.589799
-4.080218 -289.312525 -1754.018197 49586.338794 0.846391 -0.008547 -0.532494 0.361455 0.743532 0.562593 -0.391118 0.668646 -0.632408
-1.720407 -242.073947 -1823.689692 -8356.698547 0.842708 0.052325 -0.535822 0.429259 0.535384 0.727393 -0.324932 0.842986 -0.428711
-5.280947 -40.966574 -2010.633176 -133.916254 0.848921 -0.083089 0.521948 -0.493031 0.231286 0.838706 0.190406 0.969331 -0.155378
2.393261 -39.561334 -3949.944484 -463.562435 0.827681 -0.039554 0.559803 -0.525490 0.295514 0.797829 0.196987 0.954519 -0.223806
2.445318 -40.484901 -3380.240131 658.881312 0.828521 -0.048624 0.557843 -0.546931 0.143365 0.824811 0.120081 0.988475 -0.092186
-6.883320 -17.936741 298.517405 -928.083824 0.363629 0.674722 0.642280 0.824771 -0.553707 0.114728 0.433044 0.488016 -0.757835
-8.587197 -15.178901 -230.078718 -1179.433216 0.519835 0.587910 0.619785 0.765062 -0.643181 -0.031581 0.380067 0.490591 -0.784136
-7.578257 -16.630084 -419.916867 -1285.124146 0.453737 0.621600 0.638542 0.809178 -0.587556 -0.003022 0.373301 0.518065 -0.769581
-6.250414 -16.477456 -1162.614390 -254.690900 0.626796 0.470111 0.621388 0.701741 -0.687191 -0.187954 0.338653 0.553863 -0.760625
-6.690153 -17.984173 170.307040 -463.226807 0.510214 0.542115 0.667677 0.767826 -0.636861 -0.069651 0.387459 0.548197 -0.741186
-6.598901 -19.173993 219.190980 -665.414650 0.364324 0.658688 0.658330 0.830284 -0.549908 0.090723 0.421779 0.513548 -0.747242
-6.890402 -71.063954 -287.387982 -159.498217 0.704198 -0.332702 0.627228 -0.617154 -0.723601 0.309067 -0.351035 0.604741 0.714887
-6.444221 -68.748798 -618.911327 -2076.390605 0.718311 -0.310297 0.622691 -0.666508 -0.563557 0.488027 -0.199488 0.765584 0.611625
-4.548843 -69.842746 -173.599475 -2018.642759 0.703878 -0.320470 0.633920 -0.678972 -0.565749 0.467894 -0.208694 0.759755 0.615808
-5.737646 -71.329839 191.802621 154.590288 0.695563 -0.343853 0.630839 -0.618510 -0.733335 0.282248 -0.365564 0.586502 0.722758
-42.392051 -64.548038 -266.569996 -3189.419865 0.943601 -0.294914 0.150472 0.195448 0.129340 -0.972148 -0.267238 -0.946730 -0.179686
-39.750538 -61.010875 39.348091 -1664.101658 0.935259 -0.309047 -0.172571 -0.092680 0.256722 -0.962031 -0.341615 -0.915742 -0.211460
-36.310532 -58.243208 537.403148 -2814.450508 0.838977 -0.358531 -0.409358 -0.325462 0.272280 -0.905505 -0.436111 -0.892928 -0.111748
-33.369178 -50.316103 325.085521 -4038.404090 0.768289 -0.365256 -0.525662 -0.510963 0.144685 -0.847339 -0.385551 -0.919595 0.075472
-16.080851 -30.165087 371.919550 2155.687165 0.077496 0.846104 0.527355 0.809929 -0.361876 0.461584 -0.581385 -0.391349 0.713328
-15.601191 -30.641846 -287.952995 1877.605448 -0.176235 0.892311 0.415599 0.795977 -0.119205 0.593473 -0.579104 -0.435398 0.689251
-13.245251 -25.895539 522.246206 1498.524228 -0.008545 0.871458 0.490396 0.845749 -0.255353 0.468512 -0.533512 -0.418756 0.734853
-10.497201 -26.177717 18.344911 892.539469 -0.227847 0.888000 0.399428 0.831959 -0.035588 0.553694 -0.505895 -0.458465 0.730671
1.100408 -14.125743 828.400189 -779.725349 0.097786 0.994080 -0.047357 0.804894 -0.051011 0.591222 -0.585306 0.095930 0.805117
0.147155 -11.466000 485.643924 -673.622870 0.077294 0.995644 -0.052145 0.780524 -0.027887 0.624504 -0.620329 0.088971 0.779279
-3.774787 -25.621571 -5908.251292 -426.909866 0.906941 -0.213903 0.362909 0.354470 0.852993 -0.383085 0.227616 -0.476076 -0.849437
-7.597509 -24.305589 -6555.007915 -311.211454 0.867199 -0.306833 0.392199 0.460505 0.793844 -0.397175 0.189478 -0.525039 -0.829718
5.977349 -26.912075 -3859.732737 -597.609870 0.858071 -0.291728 0.422621 0.459696 0.803178 -0.378926 0.228896 -0.519422 -0.823290
-20.495799 -23.995505 -24.820826 4723.427885 0.795655 0.584908 -0.157531 -0.559584 0.610146 -0.560881 0.231947 -0.534420 -0.812771
11.055128 -28.331693 -3244.663092 -79.993768 0.870363 -0.238239 0.430942 0.397314 0.856756 -0.328802 0.290879 -0.457396 -0.840344
-16.791933 -27.100636 -2311.070849 875.894867 0.952492 0.260934 0.157075 -0.152119 0.854387 -0.496872 0.263854 -0.449373 -0.853490
-1.174513 -50.103664 346.543285 47.228649 0.634135 -0.243326 -0.733938 0.694377 0.596789 0.402098 0.340165 -0.764614 0.547405
-2.073483 -48.525518 169.004030 14.521061 0.638975 -0.256174 -0.725317 0.685448 0.617547 0.385741 0.349101 -0.743646 0.570192
-1.463103 -49.356335 40.517754 104.073037 0.660892 -0.231714 -0.713814 0.707321 0.510221 0.489255 0.250836 -0.828241 0.501097
-1.073502 -49.310567 439.519483 -259.386241 0.606273 -0.270380 -0.747882 0.666096 0.686411 0.291816 0.434454 -0.675081 0.596251
-0.494215 -51.954213 160.046216 260.611167 0.654018 -0.228088 -0.721274 0.712262 0.506867 0.485560 0.254840 -0.831301 0.493958
1.482446 -53.705087 1014.345771 39.279859 0.618242 -0.248805 -0.745569 0.686953 0.631985 0.358735 0.381934 -0.733956 0.561637
-0.519613 -31.436436 436.386165 -2.824412 0.717573 -0.467896 -0.515909 0.694246 0.421193 0.583626 0.055779 0.776962 -0.627072
0.663405 -32.597792 178.462634 977.022997 0.723365 -0.464334 -0.511015 0.686742 0.407072 0.602228 0.071615 0.786566 -0.613340
0.201810 -30.050877 215.068497 -184.584501 0.724681 -0.461902 -0.511355 0.688907 0.502479 0.522420 -0.015638 0.730864 -0.682344
-1.856835 -31.789773 670.584254 55.859654 0.707754 -0.482049 -0.516443 0.705536 0.519666 0.481837 -0.036109 0.705391 -0.707898
-0.695756 -31.994920 553.368938 -798.089158 0.722501 -0.470272 -0.506790 0.685203 0.584748 0.434242 -0.092132 0.660994 -0.744714
0.632711 -33.723959 127.547215 -542.350209 0.749180 -0.441012 -0.494204 0.656371 0.594459 0.464538 -0.088917 0.672404 -0.734824
2.457962 -13.637758 229.253616 1870.909969 0.109694 0.912241 -0.394695 0.674750 0.223233 0.703477 -0.729849 0.343488 0.591047
-0.635600 -21.411005 250.586355 2665.474780 0.093509 0.905618 -0.413658 0.635119 0.265704 0.725276 -0.766733 0.330542 0.550329
-3.508493 -57.165509 -1072.311601 2255.515600 0.864899 -0.207428 -0.457081 -0.434287 0.147358 -0.888640 -0.251683 -0.967088 -0.037367
-0.660155 -90.532721 -302.257393 4862.735996 0.931744 -0.346340 0.109092 0.212958 0.764543 0.608377 0.294111 0.543620 -0.786115
-2.020661 -75.857637 181.473473 5271.513330 0.926083 -0.356423 0.123827 0.132153 0.613776 0.778341 0.353420 0.704444 -0.615510
-0.203719 -81.951816 -277.059466 4147.977485 0.924075 -0.367304 0.105701 0.212999 0.724514 0.655524 0.317359 0.583239 -0.747740
0.888678 -91.417556 -895.428964 3683.780114 0.927473 -0.364494 0.083300 0.280267 0.825220 0.490371 0.247478 0.431459 -0.867524
0.837441 -102.667692 -464.145644 2510.533371 0.929997 -0.355599 0.093032 0.303927 0.886286 0.349465 0.206722 0.296727 -0.932319
-1.853288 -95.567093 808.652155 4151.693711 0.924254 -0.342183 0.169307 0.186509 0.791646 0.581817 0.333119 0.506169 -0.795503
-2.839875 -88.118863 -251.948209 -434.638041 0.978876 -0.004995 -0.204392 0.023091 0.996006 0.086250 0.203145 -0.089148 0.975082
-2.053892 -89.612509 241.657155 361.881183 0.974167 -0.014922 -0.225334 0.001227 0.998150 -0.060793 0.225824 0.058946 0.972383
-2.323987 -85.369347 -29.965066 574.824606 0.976401 -0.047747 -0.210619 0.005251 0.980215 -0.197867 0.215900 0.192091 0.957334
-3.615018 -81.340399 122.221371 -219.011122 0.980505 -0.025767 -0.194797 0.018956 0.999145 -0.036750 0.195577 0.032341 0.980155
-3.400038 -79.079378 868.608056 -864.472843 0.975119 -0.067162 -0.211263 0.000372 -0.952504 0.304525 0.221681 0.297027 0.928780
15.420152 -36.225297 17024.706464 1023.023832 -0.246653 0.951315 -0.184829 0.800548 0.092528 -0.592083 0.546155 0.294004 0.784395
-10.604976 -39.386776 4148.051183 -246.350188 -0.390485 0.917851 0.071215 0.756584 0.364023 -0.543201 0.524501 0.158232 0.836577
-2.961960 -109.737307 -228.403836 -1050.437937 0.909378 -0.400255 0.113258 0.378743 0.684129 -0.623315 -0.172002 -0.609725 -0.773726
-6.174709 -114.438527 -6.019848 -2206.531629 0.904537 -0.399583 0.148818 0.414667 0.743048 -0.525291 -0.099319 -0.536855 -0.837808
-1.614827 -115.824304 696.594074 452.603754 0.906893 -0.400934 0.129604 0.356573 0.566362 -0.743028 -0.224503 -0.720060 -0.656591
-6.087518 -33.003153 -2485.974118 611.110484 -0.580762 0.535891 -0.612810 0.813050 0.344094 -0.469627 -0.040805 -0.770986 -0.635543
-8.770452 -33.866529 494.826845 -12.677485 -0.308476 0.650403 -0.694131 0.948621 0.156305 -0.275114 -0.070439 -0.743333 -0.665203
-5.095550 -34.945752 102.473469 -536.017385 -0.211551 0.664484 -0.716734 0.977183 0.158040 -0.141906 0.018978 -0.730400 -0.682756
7.395773 -297.415823 827.602248 9743.957671 0.815959 -0.567454 -0.110484 -0.573853 -0.818171 -0.035899 0.070024 -0.092694 0.993229
12.355164 -421.371582 6136.518729 -58049.785421 0.737452 -0.659622 -0.145135 0.624896 0.747901 -0.223937 0.256261 0.074449 0.963736
2.830249 -261.377906 -1132.533092 441.150302 0.823303 -0.557418 -0.107044 -0.536351 -0.702300 -0.468084 -0.185742 -0.442788 0.877177
-2.364865 -261.052705 909.586399 30452.647666 0.827381 -0.537949 -0.161401 -0.502350 -0.580308 -0.641005 -0.251165 -0.611435 0.750375
177.892292 -43.942715 -49819.614099 132.069333 0.979950 -0.002481 -0.199227 -0.189327 0.299930 -0.934985 -0.062073 -0.953958 -0.293447
307.921403 -35.474845 -121421.715400 -4786.878976 0.988052 -0.053420 -0.144566 -0.128880 0.228002 -0.965093 -0.084517 -0.972194 -0.218393
-15.904224 -35.647086 -1770.295126 76.576714 0.663825 -0.444886 -0.601176 0.739115 0.267490 0.618190 -0.114215 -0.854708 0.506389
-12.813173 -35.692848 -935.128306 762.259217 0.603554 -0.444481 -0.661936 0.796992 0.360199 0.484830 0.022931 -0.820179 0.571647
-13.250289 -34.787860 -419.701269 -674.038739 0.589918 -0.469975 -0.656598 0.801252 0.240050 0.548061 -0.099958 -0.849411 0.518178
-16.118497 -34.195131 -1253.796478 100.540213 0.678796 -0.466834 -0.566836 0.702142 0.186596 0.687152 -0.215017 -0.864435 0.454444
-16.240139 -35.410659 -947.214351 651.216786 0.698844 -0.404133 -0.590164 -0.686110 -0.145551 -0.712789 -0.202162 -0.903046 0.378997
2.953836 -39.194754 191.590981 -796.043347 0.648088 -0.451106 -0.613584 0.572699 -0.242392 0.783110 0.501994 0.858923 -0.101257
3.283856 -37.672569 142.414915 -356.883508 0.674368 -0.451278 -0.584445 0.600625 -0.125154 0.789675 0.429509 0.883563 -0.186649
2.861684 -37.631405 136.597879 -658.089149 0.645014 -0.458585 -0.611275 0.575830 -0.234196 0.783308 0.502371 0.857235 -0.113007
-1.036912 -136.870724 1039.715399 573.561817 0.988110 -0.064861 -0.139397 0.088420 -0.501997 0.860337 0.125779 0.862434 0.490294
-1.147152 -148.332674 466.891214 1637.854619 0.987417 -0.054515 -0.148446 0.098439 -0.522776 0.846767 0.123766 0.850725 0.510831
0.246457 -136.524932 -96.445623 -2174.895567 0.992395 -0.088473 -0.085587 0.069412 -0.172011 0.982647 0.101659 0.981114 0.164562
-1.115300 -149.134958 846.737964 -1666.303813 0.976750 -0.018249 -0.213603 0.123896 -0.765077 0.631908 0.174954 0.643681 0.745028
-13.244780 -77.314896 1087.811211 -12909.395769 -0.123310 0.924308 0.361178 0.333600 -0.304165 0.892297 -0.934615 -0.230519 0.270842
-5.197468 -75.325760 1858.293616 -10999.521719 -0.134661 0.958718 0.250453 0.395347 -0.179783 0.900766 -0.908607 -0.220314 0.354817
1.307667 -63.649469 1111.675667 4740.576252 -0.166626 0.940539 0.296009 0.406674 -0.207930 0.889596 -0.898249 -0.268609 0.347847
17.546684 -307.102045 1672.840569 68299.809839 0.276483 0.923798 0.264865 -0.100628 0.301923 -0.948007 0.955736 -0.235454 -0.176437
18.148919 -765.877025 -3.940630 173863.615406 0.220161 0.868586 0.443944 0.254126 0.388324 -0.885790 0.941780 -0.307834 0.135236
18.829086 -505.294953 1784.176362 110640.237117 0.245990 0.895121 0.371817 0.317480 0.288034 -0.903461 0.915803 -0.340287 0.213329
-0.704947 -34.635295 -5404.203631 -615.612167 -0.049578 -0.993259 0.104774 0.998639 -0.050998 -0.010919 0.016189 0.104090 0.994436
14.273351 -38.501356 8389.259825 -716.064786 0.058912 0.982908 -0.174419 0.984668 -0.085953 -0.151792 0.164189 0.162802 0.972901
11.942141 -34.893331 -5640.631406 -453.473455 -0.127234 -0.983285 0.130235 0.991485 -0.129756 -0.011025 0.027739 0.127723 0.991422
-8.770527 -53.125782 13120.421019 2678.475559 0.990964 -0.028694 0.131025 0.075996 0.925039 -0.372192 0.110524 -0.378786 -0.918861
-34.286498 -53.956914 2688.500933 -424.625222 0.987269 -0.020558 -0.157728 -0.023102 0.962566 -0.270062 -0.157375 -0.270268 -0.949836
-39.941636 -43.770410 1605.525757 -675.104780 0.886122 0.044327 0.461327 -0.418110 -0.352952 0.837024 -0.199929 0.934591 0.294225
-37.129594 -44.926365 1893.036106 -983.651480 0.962749 -0.028665 0.268873 -0.246748 -0.499813 0.830242 -0.110587 0.865659 0.488268
-36.540845 -43.921569 2016.482206 -662.427163 0.983847 0.077034 0.161588 -0.121082 -0.378477 0.917657 -0.131848 0.922399 0.363036
31.634440 -22.883797 1738.039353 201.286408 0.354673 0.868561 -0.346133 0.928954 -0.369347 0.025062 -0.106075 -0.330430 -0.937851
28.789446 -23.837248 946.644665 -43.391620 0.199179 0.876989 -0.437284 0.976995 -0.212411 0.019015 -0.076208 -0.431012 -0.899122
-16.157859 -32.932694 1114.714565 -658.546536 0.346071 -0.118366 0.930712 0.749669 0.631356 -0.198458 -0.564120 0.766407 0.307230
14.510402 -38.549674 -2103.922698 -845.222512 0.821687 -0.477400 0.311319 0.459553 0.878053 0.133541 -0.337107 0.033339 0.940876
28.614718 -38.088238 -3376.224000 -722.968903 0.898585 -0.352409 0.261443 0.311601 0.931976 0.185270 -0.308950 -0.085015 0.947271
18.617629 -38.228626 -2759.550028 -526.064605 0.803463 -0.497789 0.326578 0.420553 0.862820 0.280494 -0.421405 -0.088023 0.902591
-0.748164 -40.159180 -2100.682387 1020.382401 0.725617 -0.314182 0.612184 0.514347 -0.343334 -0.785855 -0.457085 -0.885106 0.087530
35.179448 -38.325971 -9848.922228 -458.600648 0.776159 -0.424833 0.465933 0.257802 -0.460547 -0.849373 -0.575426 -0.779367 0.247935
130.406639 -52.678887 -39627.794239 -2315.097787 0.735908 -0.359321 0.573871 0.433663 -0.400766 -0.807046 -0.519977 -0.842778 0.139102
820.673516 -48.013389 -205037.283539 -3266.851696 0.743033 -0.427479 0.514940 0.324180 -0.443239 -0.835731 -0.585499 -0.787910 0.190761
1092.750191 -37.081539 -235965.173628 -6254.921932 0.706769 -0.368782 0.603720 0.322726 -0.591340 -0.739030 -0.629545 -0.717159 0.298925
435.826656 -35.324714 -94443.898472 -4359.261908 0.702361 -0.316466 0.637603 0.301082 -0.679585 -0.668965 -0.645010 -0.661826 0.382032
-0.795479 -43.600812 22.058910 6704.505410 0.809796 -0.357495 0.465218 0.191791 0.910659 0.365946 -0.554478 -0.207118 0.806012
2.075275 -35.569658 321.565231 1570.447420 0.817176 -0.268815 0.509865 0.146743 0.952465 0.266977 -0.557396 -0.143348 0.817778
1.412546 -44.139748 -373.072295 4421.384384 0.789837 -0.423062 0.444045 0.250850 0.883515 0.395571 -0.559672 -0.201048 0.803957
-1.740612 -53.261633 -587.665099 5645.776301 0.791092 -0.410356 0.453630 0.168109 0.858888 0.483787 -0.588143 -0.306461 0.748444
2.275723 -36.247298 328.062922 3974.415635 0.813259 -0.346590 0.467424 0.225904 0.928316 0.295292 -0.536262 -0.134556 0.833257
-1.893794 -96.906128 -185.022844 352.173711 -0.715686 0.440046 -0.542359 -0.119480 0.687961 0.715845 0.688127 0.577121 -0.439788
-1.974974 -99.959271 365.191884 3126.528252 0.718225 -0.464897 0.517710 -0.265175 0.505008 0.821370 0.643300 0.727212 -0.239430
-0.905146 -107.818496 105.469948 1114.336938 0.719246 -0.461884 0.518988 -0.204976 0.572681 0.793739 0.663829 0.677274 -0.317224
6.344897 -61.556856 -131.064303 2074.441971 0.684019 -0.306054 0.662155 0.679803 0.596648 -0.426473 0.264550 -0.741851 -0.616174
6.561184 -68.806165 -115.934614 2810.549685 0.704102 -0.286703 0.649647 0.696377 0.457769 -0.552726 0.138920 -0.841575 -0.521970
5.465490 -65.062664 -425.367360 5492.877110 0.708558 -0.270754 0.651642 0.678710 0.514228 -0.524331 0.193128 -0.813795 -0.548124
7.602349 -68.486049 -569.872062 3240.052858 -0.692851 0.295575 -0.657718 0.701516 0.487330 -0.519985 0.166831 -0.821672 -0.544998
5.365609 -53.394782 281.510921 2757.927553 -0.666855 0.311671 -0.676879 0.680690 0.624420 -0.383093 0.303258 -0.716213 -0.628549
7.556930 -53.419155 327.160337 -119.161464 -0.624265 0.354648 -0.696073 0.675728 0.692260 -0.253313 0.392027 -0.628491 -0.671799
7.339892 -59.301694 -113.647273 153.892188 0.666014 -0.335368 0.666299 0.657280 0.686208 -0.311611 0.352715 -0.645483 -0.677454
6.742813 -62.989956 751.326374 1719.760604 0.694412 -0.290911 0.658151 0.657229 0.628820 -0.415493 0.292987 -0.721080 -0.627855
-8.167407 -33.924804 20.745009 -694.406663 0.804338 -0.465687 0.369021 -0.348624 0.133043 0.927772 0.481147 0.874892 0.055338
-7.994653 -32.414658 50.097713 -1568.959694 0.782843 -0.484300 0.390652 -0.371262 0.140263 0.917873 0.499320 0.863585 0.069998
12.344318 -16.315058 5747.103476 -1763.136607 -0.917301 0.117402 -0.380493 0.195412 0.965296 -0.173259 0.346947 -0.233283 -0.908409
2.224175 -21.804616 3160.251494 -2577.383460 -0.900872 0.151961 -0.406617 0.208444 0.973097 -0.098147 0.380764 -0.173175 -0.908311
-4.486615 -17.922643 2032.012470 -2096.265592 -0.872099 0.202506 -0.445461 0.279021 0.953646 -0.112726 0.401984 -0.222601 -0.888177
-1.214341 -87.360574 -16.471010 -1735.479668 0.845507 -0.412527 0.339028 0.460369 0.884848 -0.071442 -0.270516 0.216483 0.938060
-6.622328 -71.089347 169.266731 16.773388 0.725265 -0.389798 0.567493 0.352713 -0.497520 -0.792507 -0.591257 -0.774940 0.223348
-7.176910 -67.473964 -146.884380 -210.762313 0.694355 -0.389192 0.605311 0.292829 -0.615546 -0.731679 -0.657360 -0.685297 0.313441
-5.321150 -70.348347 -120.867681 -265.410487 0.691508 -0.390453 0.607753 0.412718 -0.476942 -0.776009 -0.592858 -0.787447 0.168662
-0.461030 -119.247723 1196.305235 105.154544 0.779434 -0.034886 -0.625512 0.010792 0.999048 -0.042271 0.626391 0.026197 0.779069
-0.373622 -111.709439 1071.818204 -149.427805 0.777313 -0.033017 -0.628247 -0.091201 0.982159 -0.164457 0.622468 0.185131 0.760434
-1.831922 -120.324427 569.333120 207.874182 0.789273 -0.025125 -0.613529 -0.173100 0.949536 -0.261569 0.589139 0.312651 0.745094
18.352749 -313.919086 3116.255413 38727.889316 0.739512 0.170364 -0.651228 -0.368229 -0.707478 -0.603227 0.563497 -0.685895 0.460455
9.135620 -273.013420 2464.484441 42004.364129 0.707314 0.132727 -0.694328 -0.559188 -0.495827 -0.664428 0.432454 -0.858219 0.276486
-0.702356 -211.032198 2259.772383 31213.110206 0.883665 -0.067766 -0.463189 0.310489 0.825346 0.471594 -0.350333 0.560546 -0.750370
-10.829898 -16.523196 369.362653 -1549.003835 0.407289 0.689824 0.598547 0.812399 -0.573076 0.107662 0.417281 0.442410 -0.793820
-7.827049 -13.877728 -2097.895509 369.833834 0.836063 0.205771 0.508584 -0.399196 0.864069 0.306640 0.376353 0.459395 -0.804559
-8.599114 -18.534395 695.851146 -1330.291148 0.301886 0.725294 0.618719 0.842325 -0.506879 0.183202 0.446491 0.465856 -0.763953
9.983515 -29.200639 1570.941881 -511.795480 0.773911 -0.169712 0.610130 0.272515 0.958908 -0.078941 -0.571662 0.227363 0.788359
13.741271 -26.797250 756.796640 -737.734946 0.735202 -0.165543 0.657323 0.302893 0.947754 -0.100094 -0.606410 0.272688 0.746932
10.038266 -31.147883 1276.617068 -930.010099 0.771631 -0.117831 0.625062 0.284263 0.942980 -0.173157 -0.569018 0.311295 0.761127
5.664976 -34.642998 1743.675144 -1155.845472 0.818320 -0.075950 0.569723 0.243810 0.943501 -0.224417 -0.520489 0.322549 0.790603
5.688091 -33.300851 1425.825848 -740.625882 0.808959 -0.119840 0.575520 0.231701 0.964749 -0.124793 -0.540278 0.234301 0.808210
52.948530 -254.893611 10834.355217 -41348.944833 -0.952829 -0.252880 0.167837 -0.260712 0.965066 -0.026022 -0.155394 -0.068551 -0.985471
17.078588 -174.145781 -606.600169 -26837.042361 0.966510 0.242760 -0.083228 -0.255024 0.872323 -0.417152 0.028666 -0.424407 -0.905018
-64.730330 -1085.169069 -26170.556542 -320472.135165 0.998988 0.031765 0.031855 -0.025967 0.985397 -0.168284 0.036735 -0.167286 -0.985224
25.510024 -223.994105 -3686.600388 -43929.989248 0.857044 0.422530 -0.294862 -0.501861 0.814152 -0.292048 -0.116663 -0.398278 -0.909816
71.304044 -242.537045 3492.490933 244.337992 -0.915095 -0.318614 0.247156 -0.192099 0.883363 0.427513 -0.354540 0.343736 -0.869567
48.430875 -230.247598 4788.344077 -14724.402528 -0.803284 -0.461604 0.376372 -0.406421 0.886764 0.220161 -0.435380 0.023886 -0.899930
