12328
24646
-51.725237 -73.212347 1189.175161 11552.056588 0.934754 -0.322350 -0.149414 -0.188245 -0.092677 -0.977740 -0.301327 -0.942073 0.147311
-59.222850 -88.665342 47.528174 8257.874863 0.962633 -0.270446 -0.013989 -0.094402 -0.286706 -0.953356 -0.253821 -0.919053 0.301523
-44.418465 -97.412956 -4327.736454 17775.311792 0.929135 -0.319210 0.186582 0.094187 -0.283643 -0.954293 -0.357543 -0.904241 0.233477
-49.341323 -74.912640 2140.975347 7058.766650 0.820156 -0.249957 -0.514651 -0.544348 -0.063958 -0.836418 -0.176153 -0.966142 0.188519
-44.475245 -68.803246 -2949.720811 14671.837562 0.921098 -0.389198 0.010115 -0.019402 -0.071835 -0.997228 -0.388846 -0.918349 0.073718
-37.621932 -57.977666 1787.657337 7214.727284 0.769625 -0.288582 -0.569560 -0.548848 0.156800 -0.821084 -0.326257 -0.944529 0.037711
-64.367409 -86.069285 3067.769369 1151.571760 -0.877756 0.465934 -0.111580 0.448493 0.880990 0.150702 0.168518 0.082237 -0.982262
-64.026473 -87.309706 -4869.178907 -7508.878753 0.840943 -0.537978 0.058258 0.540982 0.838300 -0.067766 0.012382 -0.088504 -0.995999
-57.111979 -86.247084 -4658.668627 924.526471 0.879687 -0.471581 -0.061343 0.475345 0.868133 0.142803 0.014089 0.154781 -0.987848
-58.030066 -84.646729 -3883.013832 7199.391058 0.877928 -0.478059 -0.026486 0.453850 0.813297 0.364099 0.152520 0.331673 -0.930984
-65.950160 -86.040352 1512.497990 6998.773372 -0.877154 0.438719 -0.195260 0.362170 0.871390 0.330926 0.315331 0.219556 -0.923234
5.597469 -21.819541 -1027.634052 -1954.934939 0.923708 0.274027 0.267716 0.348021 -0.308114 -0.885408 0.160139 -0.911030 0.379975
5.839333 -20.712602 -1050.505462 -1311.586958 0.851394 0.322788 0.413444 0.488087 -0.198877 -0.849835 0.192091 -0.925341 0.326871
8.695451 -24.083952 -673.311866 251.344234 0.919146 0.278883 0.278201 0.347749 -0.242701 -0.905631 0.185045 -0.929150 0.320059
11.852671 -25.460227 1713.217486 -316.074887 0.978185 0.199165 0.059048 0.129470 -0.362220 -0.923057 0.162452 -0.910566 0.380105
5.034134 -20.056826 -1757.708570 -1258.604194 0.979202 0.193492 0.061036 0.137733 -0.413048 -0.900234 0.148977 -0.889917 0.431108
-24.513601 -44.882409 1282.394128 532.102246 -0.361878 0.901186 0.238553 0.906734 0.280832 0.314589 0.216510 0.330147 -0.918763
-19.854343 -49.279079 414.245753 -1577.647510 -0.500990 0.830773 0.242541 0.853837 0.428696 0.295266 0.141323 0.355016 -0.924117
-24.625951 -47.765245 1664.577910 251.611941 -0.554614 0.813856 0.173326 0.786884 0.445233 0.427295 0.270587 0.373371 -0.887343
-30.805852 -41.129343 1813.263140 -1817.716988 -0.426888 0.892245 0.147192 -0.835108 -0.326520 -0.442695 0.346931 0.311903 -0.884509
-27.663266 -43.008689 557.448865 1494.357317 -0.073764 0.959120 0.273216 0.961393 -0.004439 0.275142 0.265107 0.282964 -0.921765
23.523739 -47.279885 -9723.979385 -483.768442 0.814703 -0.466709 -0.344154 -0.430520 -0.089222 -0.898160 -0.388474 -0.879899 0.273617
29.369754 -51.254746 -2231.147357 -426.230549 0.803447 -0.401887 -0.439271 -0.496336 -0.044637 -0.866982 -0.328821 -0.914601 0.235334
15.922862 -50.907287 -8331.811694 278.558209 0.775632 -0.480895 -0.408822 -0.434963 0.062124 -0.898303 -0.457387 -0.874575 0.160986
8.095210 -47.831195 -8809.206365 -261.567840 0.801196 -0.484429 -0.351302 -0.397668 0.007656 -0.917497 -0.447152 -0.874797 0.186508
-0.074182 -48.864896 -7281.994310 -448.798755 0.784680 -0.477448 -0.395374 -0.383603 0.127031 -0.914720 -0.486956 -0.869429 0.083472
7.222265 -51.694825 -6066.125222 -36.258983 0.753927 -0.463864 -0.465214 -0.421831 0.201064 -0.884100 -0.503640 -0.862788 0.044085
0.145695 -71.411267 220.115399 512.831928 -0.695270 0.119964 0.708667 0.712618 -0.013447 0.701423 0.093675 0.992687 -0.076139
1.101705 -69.039001 -433.630875 1797.493402 0.706834 -0.113738 -0.698176 0.669640 -0.210489 0.712234 0.227967 0.970957 0.072617
-0.637562 -70.396483 302.959063 -418.691297 -0.702291 0.118079 0.702029 0.704014 -0.031089 0.709506 0.105603 0.992517 -0.061296
-0.896421 -69.387907 -43.720061 -959.437540 -0.682711 0.131995 0.718668 0.729848 0.170359 0.662042 -0.035046 0.976501 -0.212642
0.007873 -69.427114 150.306243 -1016.279436 -0.693343 0.116619 0.711108 0.710391 -0.054963 0.701658 0.120911 0.991655 -0.044737
1.050416 -67.396118 -396.371146 -1902.770681 -0.680296 0.134089 0.720567 0.732582 0.155004 0.662795 -0.022817 0.978772 -0.203680
75.452536 -66.476393 3617.418564 -11084.549024 0.859683 -0.473217 -0.192383 0.470106 0.585548 0.660405 0.199866 0.658179 -0.725847
71.860238 -80.526746 12879.090747 -10107.915134 0.785549 -0.616153 -0.057169 0.427141 0.473079 0.770550 0.447731 0.629724 -0.634811
70.186826 -85.320239 -1966.201252 -15948.204165 0.860636 -0.448975 -0.240263 0.463016 0.493580 0.736204 0.211948 0.744849 -0.632675
73.799913 -67.614458 -14668.105473 -14805.974478 0.876849 -0.295335 -0.379359 0.479245 0.599660 0.640884 -0.038211 0.743764 -0.667349
77.113559 -54.726701 -8227.668410 -4164.967527 0.874486 -0.335066 -0.350721 0.484656 0.632778 0.603905 -0.019581 0.698085 -0.715747
11.649837 -123.711681 -1717.609397 -8702.487986 0.750907 -0.576276 -0.322558 0.396892 0.784169 -0.477027 0.527840 0.230182 0.817558
7.085762 -123.431276 -1666.427609 -14839.016224 0.762427 -0.587286 -0.271663 0.421479 0.769284 -0.480164 0.490980 0.251589 0.834051
8.399807 -134.353551 -1656.121775 -11874.024125 0.755585 -0.575372 -0.313111 0.291530 0.723416 -0.625843 0.586602 0.381597 0.714340
8.843850 -109.622304 -1880.792380 -8243.529950 0.752735 -0.601877 -0.266711 0.515904 0.790976 -0.328938 0.408942 0.110006 0.905906
12.893069 -131.811361 -1608.370026 184.831224 0.737515 -0.559765 -0.377804 0.252379 0.747353 -0.614629 0.626400 0.357948 0.692457
12.780064 -120.416180 -1434.061720 -3689.969287 0.726938 -0.609258 -0.316806 0.520165 0.789732 -0.325194 0.448319 0.071604 0.891001
15.601150 -135.126958 -1119.134068 6786.875383 0.719694 -0.582629 -0.377604 0.382661 0.786673 -0.484475 0.579319 0.204180 0.789113
12.792163 -48.009473 -180.484668 2056.940917 0.762071 -0.530918 -0.370641 0.647393 0.634860 0.421704 -0.011415 0.561318 -0.827521
11.513073 -53.754392 689.591423 -1007.149954 0.775923 -0.526279 -0.347813 0.628080 0.695910 0.348172 -0.058811 0.488609 -0.870518
13.701864 -49.067658 -381.063772 2653.686655 0.762177 -0.539169 -0.358306 0.647368 0.635976 0.420059 -0.001392 0.552115 -0.833767
15.948416 -34.881176 -1091.311865 9718.475757 0.724352 -0.567257 -0.391833 0.685129 0.528887 0.500876 0.076890 0.631267 -0.771745
60.822319 -10.659886 -8918.877761 1345.541460 0.602628 -0.740725 -0.296927 0.748808 0.396221 0.531316 -0.275910 -0.542527 0.793434
39.966207 -0.058561 -16597.754123 1256.534389 0.605065 -0.769717 -0.203550 0.730358 0.434816 0.526794 -0.316975 -0.467409 0.825261
55.362919 -8.447714 -6590.006770 1189.259031 0.723853 -0.644251 -0.246938 -0.648169 -0.512308 -0.563398 -0.236461 -0.567875 0.788419
-16.496164 -46.849921 76.675422 -2465.986373 -0.778846 0.495929 0.383996 0.524318 0.850789 -0.035336 -0.344224 0.173815 -0.922658
-12.435096 -41.737984 -3214.337433 -2500.454299 -0.683024 0.651105 0.330969 0.658744 0.744875 -0.105914 -0.315491 0.145683 -0.937679
-11.862097 -41.451838 -2025.069280 -1938.712170 -0.673488 0.652005 0.348287 0.634470 0.751644 -0.180218 -0.379291 0.099603 -0.919901
-5.461373 -59.837769 1800.872607 -2271.679734 0.550543 -0.255695 -0.794684 0.819173 -0.017898 0.573268 -0.160805 -0.966592 0.199605
-5.349598 -53.767757 1216.170210 -88.257451 0.528711 -0.257876 -0.808681 0.804256 -0.152389 0.574412 -0.271361 -0.954085 0.126829
-4.323184 -58.702846 480.304031 -3148.716164 0.541804 -0.274660 -0.794362 0.823986 -0.012883 0.566464 -0.165818 -0.961455 0.219336
-5.417022 -63.978866 -316.112170 -2663.097436 0.537264 -0.295765 -0.789855 0.843371 0.178930 0.506664 -0.008525 -0.938353 0.345572
-4.575246 -64.183887 -1950.547462 -3381.048163 0.535560 -0.313793 -0.784034 0.844407 0.185419 0.502590 -0.012335 -0.931211 0.364272
-2.447314 -58.845470 -103.094076 -4183.800272 0.539258 -0.282984 -0.793171 0.825676 -0.007667 0.564093 -0.165711 -0.959094 0.229518
-2.741989 -288.353394 -117.208635 -23808.947101 0.664465 0.718596 -0.205199 0.724565 -0.552230 0.412369 0.183009 -0.422685 -0.887607
-3.652218 -245.254860 -2368.806572 -16632.724556 0.626796 0.736901 -0.253186 0.769437 -0.636602 0.052006 -0.122856 -0.227408 -0.966019
-3.513281 -256.341779 -3477.709683 -13961.938667 0.652430 0.712620 -0.257891 0.744566 -0.539306 0.393408 0.141268 -0.448688 -0.882453
-5.713262 -210.768782 -1417.439911 -5289.027256 0.660230 0.719638 -0.214983 0.749755 -0.614615 0.245185 0.044313 -0.323063 -0.945339
-4.365587 -224.722854 -3288.748549 -13377.889911 0.675484 0.702454 -0.224231 0.703554 -0.522940 0.481192 0.220755 -0.482796 -0.847452
-38.920788 -89.602976 -5505.950937 -9570.443403 0.768476 0.477935 0.425467 0.466578 0.036497 -0.883727 0.437893 -0.877637 0.194947
-28.798975 -68.723759 375.379786 -7966.899270 -0.624180 -0.530822 -0.573260 0.690920 -0.032497 -0.722201 0.364731 -0.846860 0.387040
-31.765919 -86.756973 -6199.639017 -10522.864682 0.784991 0.439366 0.436746 0.501204 -0.036052 -0.864578 0.364120 -0.897584 0.248512
-31.679191 -104.177950 -5382.301627 -7058.140568 0.836605 0.422938 0.348160 0.322680 0.133128 -0.937099 0.442684 -0.896326 0.025098
23.685931 -882.541084 23204.273963 271548.152645 0.868419 0.408264 -0.281371 0.355087 -0.116008 0.927607 -0.346067 0.905463 0.245713
-12.648571 -526.894663 15179.517481 168546.851558 0.807556 0.495185 -0.320383 0.544824 -0.418286 0.726776 -0.225877 0.761464 0.607578
20.318615 -1387.153083 -43692.853205 -107232.380657 -0.626985 -0.572630 0.528190 0.759481 -0.298361 0.578074 -0.173431 0.763594 0.621969
-13.973228 -302.814420 -18757.278410 -96144.334133 -0.483241 -0.622242 0.615868 0.852955 -0.176048 0.491401 -0.197347 0.762773 0.615818
53.469268 -708.594010 -40191.610685 -109334.961020 -0.482998 -0.581772 0.654412 0.869784 -0.404922 0.281982 0.100937 0.705394 0.701592
75.471732 -677.017124 -2114.144327 75012.215917 -0.600810 -0.700020 0.386004 0.784448 -0.423358 0.453221 -0.153846 0.575100 0.803487
44.365684 -594.742690 8266.781547 63151.560208 0.674753 0.675296 -0.297798 0.589890 -0.250958 0.767496 -0.443552 0.693539 0.567685
12.356744 -127.824411 816.517242 3498.649064 0.905428 0.424050 0.019560 -0.378976 0.828227 -0.412816 0.191255 -0.366362 -0.910604
9.508720 -136.527478 1596.573705 5125.164997 0.892529 0.449348 0.038452 -0.385377 0.804187 -0.452514 0.234259 -0.389063 -0.890928
8.371263 -127.533069 2151.599165 6873.013627 0.887689 0.457812 0.049160 -0.439280 0.874044 -0.207557 0.137990 -0.162651 -0.976987
13.436340 -132.740113 652.571667 1840.384330 0.908925 0.416330 0.022898 -0.312660 0.716867 -0.623173 0.275861 -0.559259 -0.781748
8.966927 -117.049141 -897.850877 5376.809573 0.909347 0.415913 -0.010275 -0.411061 0.894382 -0.176380 0.064169 -0.164614 -0.984269
11.835825 -131.877314 -974.320901 2680.341947 0.920794 0.389979 -0.007329 -0.311255 0.723332 -0.616370 0.235070 -0.569831 -0.787423
8.609508 -126.772676 -2176.812899 2800.500245 0.920527 0.390061 -0.021991 -0.359458 0.823568 -0.438778 0.153039 -0.411812 -0.898326
-19.595311 -37.531489 -2194.165541 -329.966433 -0.505242 0.829163 0.239206 -0.842173 -0.534239 0.073033 -0.188349 0.164553 -0.968218
-16.860411 -37.005514 -1470.262243 767.466263 -0.465207 0.862363 0.199779 0.873324 0.483971 -0.055470 -0.144523 0.148667 -0.978270
-17.066425 -37.552556 -1566.826645 526.653859 -0.507654 0.828674 0.235767 -0.817968 -0.549514 0.170183 -0.270584 0.106456 -0.956792
-20.349779 -37.059928 -1398.977004 1124.935887 -0.571092 0.764362 0.299340 -0.762691 -0.628923 0.150859 -0.303573 0.142150 -0.942145
13.570906 -53.254585 3149.793050 -4617.314222 0.628599 -0.173597 -0.758108 -0.574476 -0.760715 -0.302143 0.524253 -0.625442 0.577912
3.523751 -60.105146 -867.022959 4238.536696 0.628774 -0.210374 -0.748590 0.673064 0.629344 0.388473 0.389396 -0.748110 0.537310
34.528920 -48.930362 10822.323424 -4275.891074 0.713274 -0.028044 -0.700325 -0.447230 -0.787554 -0.423963 0.539654 -0.615608 0.574283
58.689740 -42.560378 20295.134833 1697.445842 0.694024 -0.005334 -0.719933 0.384275 0.848363 0.364161 0.608822 -0.529388 0.590833
-34.468531 -493.367232 4277.909310 -121186.608928 -0.025895 -0.736074 0.676406 0.842870 0.347732 0.410674 -0.537494 0.580756 0.611410
-20.920808 -273.961848 -1373.521406 -69944.366979 0.012123 -0.625201 0.780369 0.811654 0.461965 0.357500 -0.584013 0.629056 0.513048
-22.667323 -178.643522 -341.438851 -37848.632067 -0.068741 0.657318 -0.750471 0.767471 0.515455 0.381176 -0.637388 0.549762 0.539905
-28.910052 -198.408819 949.485364 -39667.979345 -0.175546 0.652220 -0.737423 0.743662 0.578688 0.334794 -0.645098 0.489622 0.586617
9.824905 -40.264081 -8593.789055 1456.693957 0.973909 -0.218547 0.061145 -0.125797 -0.295643 0.946979 0.188882 0.929964 0.315422
-1.310983 -34.562596 -8925.096291 -765.496886 0.960945 -0.242422 0.133478 -0.209599 -0.322617 0.923031 0.180700 0.914959 0.360828
-1.990271 -41.076742 -5099.608304 716.574821 0.978594 -0.064081 -0.195569 0.154517 -0.398895 0.903885 0.135933 0.914755 0.380454
29.807359 -46.683701 -1606.571866 1695.524493 0.962453 -0.269287 0.034192 -0.102158 -0.242628 0.964726 0.251492 0.931996 0.261028
35.426067 -56.291193 -3149.983278 4055.953359 0.911791 -0.393054 0.118938 -0.250669 -0.303301 0.919333 0.325273 0.868054 0.375074
0.502872 -48.111636 -12789.459810 -6357.635867 0.981826 0.007373 -0.189642 0.185057 -0.258847 0.948025 0.042099 0.965890 0.255507
237.760235 -50.421230 99510.596652 9238.431103 0.844123 0.048810 -0.533922 -0.182993 0.962276 -0.201341 0.503953 0.267661 0.821212
244.073935 -122.078267 99698.377693 24384.038984 0.887449 0.076200 -0.454562 -0.152682 0.979157 -0.133942 0.434881 0.188271 0.880586
538.008507 -115.508634 289689.837721 33291.061960 0.892679 0.139840 -0.428450 -0.243230 0.949800 -0.196771 0.379425 0.279866 0.881880
581.791162 -32.997663 222608.557257 14539.117757 0.819481 0.110001 -0.562450 -0.304584 0.914926 -0.264837 0.485468 0.388342 0.783269
8.631763 -2.234325 -1693.429070 -3408.542984 0.538521 -0.400982 -0.741086 0.818671 0.457153 0.347546 0.199430 -0.793867 0.574459
12.784514 -7.135906 -3112.153037 -565.434926 0.476974 -0.448705 -0.755751 0.844845 0.471159 0.253467 0.242347 -0.759390 0.603817
11.962965 -7.093584 -977.815242 -755.351450 0.462729 -0.407876 -0.787095 0.848627 0.460548 0.260245 0.256348 -0.788373 0.559244
6.466005 -5.099136 876.960571 -2661.765569 0.369071 -0.397701 -0.840012 0.894612 0.396988 0.205108 0.251903 -0.827185 0.502305
14.171273 -9.588439 -1900.849929 1269.028993 0.444506 -0.439822 -0.780366 0.854241 0.470328 0.221505 0.269605 -0.765080 0.584778
7.008314 -77.093371 -247.243459 3773.019134 -0.379373 0.713297 0.589308 0.299430 -0.507997 0.807639 -0.875453 -0.482853 0.020862
7.700676 -69.828709 267.916385 2058.185150 -0.351026 0.725127 0.592429 0.314569 -0.504596 0.804008 -0.881945 -0.468587 0.050976
5.977566 -71.503632 244.263186 1667.700403 -0.398277 0.743479 0.537229 0.399116 -0.386873 0.831285 -0.825882 -0.545499 0.142652
-0.199564 -109.544130 86.390020 524.796136 -0.098005 0.634081 0.767031 0.404742 0.729516 -0.551353 -0.909164 0.256415 -0.328135
0.405507 -111.048108 14.513383 -650.909782 -0.088204 0.656622 0.749044 0.227689 0.745357 -0.626579 -0.969731 0.115282 -0.215249
0.210478 -120.482373 -129.315531 -31.219865 -0.107666 0.629340 0.769636 0.372461 0.743290 -0.555692 -0.921782 0.226830 -0.314431
-1.224789 -103.876853 621.733399 134.813638 -0.074898 0.659209 0.748221 0.238634 0.740376 -0.628409 -0.968217 0.131485 -0.212762
-0.398222 -122.091385 -124.984576 546.328138 -0.122562 0.605121 0.786643 0.535302 0.707747 -0.461028 -0.835722 0.364587 -0.410665
-2.178690 -100.361298 679.303836 1065.365118 -0.083953 0.642658 0.761540 0.404493 0.720420 -0.563365 -0.910680 0.260741 -0.320432
-1.753245 -103.062703 496.344726 -746.084065 -0.101211 0.620907 0.777323 0.548216 0.686812 -0.477230 -0.830190 0.377840 -0.409904
-0.438307 -111.058263 110.429991 -634.799452 -0.117369 0.604984 0.787540 0.568461 0.691176 -0.446239 -0.814295 0.395311 -0.425032
18.431334 -44.801086 -1137.273097 -333.991254 -0.401811 -0.556203 -0.727452 0.819593 0.135881 -0.556599 0.408429 -0.819863 0.401261
17.469618 -40.607442 -2267.388362 -1214.646670 -0.321777 -0.572301 -0.754275 0.829782 0.213206 -0.515757 0.455984 -0.791843 0.406280
15.258586 -54.191632 7177.005189 -4004.144939 -0.251920 -0.433436 -0.865257 0.846916 0.333880 -0.413832 0.468262 -0.837053 0.282972
1.933197 -68.975905 10133.213278 -7279.243529 -0.259484 -0.392322 -0.882469 0.881450 0.277156 -0.382401 0.394606 -0.877079 0.273895
16.681200 -51.007960 8022.696696 -1080.385545 -0.402622 -0.475731 -0.782033 0.835341 0.158390 -0.526420 0.374300 -0.865213 0.333626
18.075241 -154.498194 8618.099752 -13423.349446 0.746172 -0.091423 -0.659446 -0.649018 0.120804 -0.751121 -0.148333 -0.988458 -0.030805
28.933764 -151.100779 10113.051889 -10277.202656 0.722060 -0.097856 -0.684875 -0.672266 0.134517 -0.727986 -0.163365 -0.986068 -0.031344
11.176394 -145.695031 3034.273225 -5846.747831 0.753626 -0.110234 -0.647994 -0.656164 -0.068154 -0.751534 -0.038681 -0.991566 0.123695
5.661963 -143.693241 2220.091552 -5549.675719 0.766471 -0.100294 -0.634400 -0.642007 -0.090882 -0.761293 -0.018697 -0.990799 0.134047
13.962521 -16.671200 -1370.848828 -3436.771874 0.652687 -0.691766 -0.308966 0.625967 0.722121 -0.294460 0.426808 -0.001212 0.904341
14.577860 -19.265974 -1259.866441 -3638.052656 0.659041 -0.671588 -0.338577 0.605605 0.740801 -0.290613 0.445991 -0.013518 0.894936
15.541833 -14.114618 -1208.343393 -1594.994791 0.632879 -0.694205 -0.342846 0.634600 0.718781 -0.283966 0.443562 -0.037854 0.895444
14.157555 -11.576266 1530.224737 -1239.507820 -0.629611 0.717743 0.297380 0.655432 0.696227 -0.292705 0.417131 -0.010622 0.908784
14.813400 -14.314932 1774.584203 1632.650956 -0.618444 0.718349 0.318594 0.659661 0.694895 -0.286299 0.427052 -0.033104 0.903621
16.396695 -14.790610 -411.623054 1053.819850 -0.581737 0.723911 0.370857 0.670180 0.684969 -0.285790 0.460912 -0.082286 0.883623
-9.554402 -268.946873 -1617.990755 29612.620346 -0.484335 0.110686 0.867853 0.380798 0.919743 0.095213 -0.787663 0.376591 -0.487613
-9.107327 -265.728106 2456.338631 31086.761204 -0.466007 0.124914 0.875919 0.389777 0.917727 0.076493 -0.794300 0.377059 -0.476356
-10.991836 -271.724025 4479.776527 -8480.532479 -0.425951 0.129673 0.895405 0.001675 0.989787 -0.142545 -0.904745 -0.059217 -0.421818
-8.800928 -267.995832 -923.357227 -8639.144119 -0.479221 0.107656 0.871067 0.069107 0.993996 -0.084830 -0.874969 0.019544 -0.483784
-7.098498 -277.448865 2505.061905 -43926.542058 -0.450466 0.170811 0.876301 -0.371896 0.856417 -0.358110 -0.811649 -0.487210 -0.322263
-10.148398 -264.891296 -355.579610 -46812.331349 -0.482367 0.128535 0.866488 -0.315047 0.897529 -0.308524 -0.817354 -0.421806 -0.392444
-6.465396 -234.967550 2845.992822 -14133.385521 -0.447958 0.151401 0.881142 -0.147752 0.959470 -0.239974 -0.881761 -0.237688 -0.407432
0.443396 -127.071501 2482.128720 8156.565474 -0.533947 -0.078400 0.841875 0.844736 -0.092267 0.527169 0.036347 0.992643 0.115493
0.078457 -142.513777 2080.227660 10390.234914 -0.511458 -0.070128 0.856442 0.851151 0.095658 0.516131 -0.118120 0.992941 0.010765
2.620027 -147.487885 3299.478454 10727.780723 -0.508716 -0.105034 0.854503 0.857378 0.028315 0.513908 -0.078173 0.994065 0.075649
-19.303741 -50.564310 -729.244046 -668.361921 0.878379 -0.454725 -0.147230 0.322530 0.336576 0.884698 0.352740 0.824586 -0.442304
-18.698872 -49.426395 95.898007 -918.969124 0.860678 -0.456164 -0.226161 0.369821 0.254788 0.893485 0.349953 0.852642 -0.387989
-17.660127 -50.557398 43.329580 -1185.949256 0.863128 -0.471143 -0.181753 0.321545 0.235234 0.917210 0.389383 0.850111 -0.354531
-20.185581 -47.445240 222.276927 -657.351234 0.890107 -0.427787 -0.157187 0.337009 0.385624 0.858906 0.306814 0.817492 -0.487415
-17.391069 -52.222433 -383.235136 -305.060644 0.872661 -0.478620 -0.096876 0.263114 0.293728 0.918964 0.411379 0.827434 -0.382257
-19.381722 -52.500733 -628.610458 -36.156518 0.893810 -0.446593 -0.040716 0.250520 0.421951 0.871319 0.371945 0.788995 -0.489024
-21.178082 -51.223757 -283.225656 902.360209 0.915355 -0.402209 -0.018786 0.236084 0.498320 0.834231 0.326173 0.768053 -0.551095
99.903085 -802.280642 20199.698528 -329985.618524 -0.598659 0.560437 0.572292 0.535331 0.811407 -0.234603 -0.595842 0.165919 -0.785776
182.583689 -37862.007365 320977.613054 -42863847.635928 0.792381 -0.503139 -0.344939 -0.609326 -0.625698 -0.487057 -0.029230 -0.596115 0.802367
28.988878 -5447.166107 -14975.308141 -1940427.339046 0.778293 -0.359032 -0.515127 -0.258493 0.564443 -0.783955 -0.572225 -0.743303 -0.346495
6621.522587 -106577.508286 -2278831.493190 65343082.528105 0.940930 -0.276601 -0.195301 0.271775 0.960974 -0.051642 0.201963 -0.004487 0.979383
975.567176 -2246.418371 343944.457654 600193.224315 -0.510333 0.458423 0.727605 0.781784 0.599807 0.170428 -0.358294 0.655805 -0.664489
-72.747925 -7759.909926 13820.019640 -13215935.304251 0.733093 0.044303 -0.678684 0.526045 0.595576 0.607096 -0.431104 0.802076 -0.413307
2182.334813 -178560.109261 1019922.291606 293944078.821549 -0.735261 0.363946 0.571782 -0.175815 0.712317 -0.679480 -0.654584 -0.600123 -0.459752
-15.862326 -42.110529 -1458.696921 1046.896357 0.791387 -0.610689 -0.027664 0.360938 0.430255 0.827408 0.493387 0.664785 -0.560919
-17.823021 -44.043855 -860.225363 -451.253140 0.798169 -0.600157 0.052322 0.376095 0.564257 0.734960 0.470614 0.566944 -0.676089
-15.737565 -42.691791 -886.950762 190.681642 0.811666 -0.584120 -0.001545 0.375589 0.519871 0.767246 0.447361 0.623328 -0.641351
150.864523 -37.887615 -50568.650867 -4913.382127 0.010378 0.682046 0.731236 -0.311904 0.696999 -0.645685 -0.950057 -0.221374 0.219966
67.404735 -40.393992 -9590.754224 4.312907 -0.067610 0.606467 0.792229 -0.304416 0.743643 -0.595253 -0.950137 -0.281412 0.134340
138.633973 -40.897676 -35339.700884 289.844996 0.035394 0.712049 0.701237 0.244562 -0.686513 0.684755 -0.968988 -0.147260 0.198438
33.446315 -103.041430 4548.956872 61385.008558 -0.202362 0.702622 0.682182 0.693782 -0.388780 0.606231 -0.691170 -0.595964 0.408792
27.499504 -85.482666 4458.055820 18014.389232 -0.079493 0.675604 0.732967 0.744220 -0.448962 0.494539 -0.663187 -0.584801 0.467109
32.671523 -84.763825 2089.380542 30778.591909 -0.182753 0.653910 0.734168 0.699029 -0.438680 0.564729 -0.691347 -0.616411 0.376932
29.177359 -118.387908 -1299.480939 17041.014999 0.118677 0.657047 0.744449 -0.801962 0.505505 -0.318311 0.585468 0.559244 -0.586919
19.703520 -89.794528 1371.820185 -10635.676327 0.006007 0.638943 0.769231 0.862642 -0.392386 0.319190 0.505780 0.661653 -0.553536
13.042773 -126.201468 361.228252 11081.277892 0.285197 0.582503 0.761153 0.818310 -0.561449 0.123059 0.499031 0.587763 -0.636791
27.446071 -113.590356 1069.747716 13339.373798 -0.027300 0.627020 0.778524 -0.769103 0.484315 -0.417035 0.638541 0.610151 -0.469022
33.859041 -158.843106 -3623.822353 29119.505006 0.103756 0.653336 0.749924 -0.635232 0.623708 -0.455488 0.765320 0.429116 -0.479734
-56.351356 -86.429819 1299.429498 6865.768629 0.924996 -0.260303 -0.276810 -0.342908 -0.258019 -0.903239 -0.163694 -0.930413 0.327927
-64.103154 -92.328662 684.895953 962.673180 0.964899 -0.254991 -0.062853 -0.180328 -0.469297 -0.864431 -0.190926 -0.845423 0.498806
-54.865562 -91.914410 -221.580448 807.806676 0.959154 -0.270024 0.084328 -0.055775 -0.472760 -0.879424 -0.277333 -0.838800 0.468510
-64.987901 -78.795213 1887.701897 -7362.151112 -0.612178 0.760583 -0.216221 0.790296 0.597480 -0.135826 0.025881 -0.254028 -0.966851
-60.772635 -81.500085 -4609.406402 -9007.254739 0.824322 -0.563314 0.056313 0.561967 0.802185 -0.201723 -0.068460 -0.197930 -0.977823
-58.022080 -70.435856 887.470324 -3150.919893 -0.485342 0.838508 -0.247683 0.872294 0.445083 -0.202497 -0.059556 -0.314332 -0.947443
-57.607215 -73.964065 -2844.120240 -2085.018655 -0.201596 0.889994 -0.408986 0.976076 0.217270 -0.008324 0.081452 -0.400880 -0.912503
10.493085 -19.393972 56.386482 -847.031102 0.705470 0.403820 0.582444 0.654088 -0.054515 -0.754451 0.272911 -0.913213 0.302593
4.805112 -17.112038 873.519984 -1287.661788 0.787308 0.380174 0.485401 0.572844 -0.159874 -0.803922 0.228027 -0.910993 0.343650
4.544578 -16.755749 -987.043609 -1367.941924 -0.616669 -0.433968 -0.656804 0.744175 -0.049240 -0.666167 0.256754 -0.899582 0.353313
-1.897942 -11.668408 1990.155056 -1505.503947 0.736846 0.409714 0.537766 0.635422 -0.148085 -0.757832 0.230860 -0.900114 0.369457
-21.226561 -52.409176 973.972546 -530.033528 -0.618114 0.758486 0.206481 0.756624 0.502815 0.417968 0.213201 0.414580 -0.884686
-17.739388 -53.876823 -421.325394 -1797.332462 -0.620527 0.743871 0.248199 0.777115 0.540914 0.321721 0.105065 0.392516 -0.913725
-13.010622 -44.603912 -817.139819 -2930.567434 -0.405579 0.874014 0.267592 0.913977 0.383828 0.131614 0.012323 0.297953 -0.954501
37.546363 -44.767493 -5021.069499 -2508.705413 0.840643 -0.406559 -0.357811 -0.473825 -0.232106 -0.849480 -0.262313 -0.883650 0.387756
35.999004 -49.151161 4995.005865 -2902.787783 0.817253 -0.329525 -0.472769 -0.549867 -0.200385 -0.810859 -0.172463 -0.922637 0.344960
23.759973 -56.334050 6991.363101 -1737.409532 0.780133 -0.303798 -0.546899 -0.578726 -0.018397 -0.815314 -0.237629 -0.952559 0.190168
2.521342 -70.300887 -454.512938 2548.434052 0.692901 -0.115782 -0.711676 0.687827 -0.189940 0.700583 0.216291 0.974945 0.051972
3.685397 -65.409772 -594.357030 2579.624308 0.703915 -0.117182 -0.700551 0.630193 -0.351949 0.692090 0.327659 0.928655 0.173895
66.427953 -101.595780 8050.800130 -12106.001073 0.789755 -0.600610 -0.124717 0.398485 0.347744 0.848695 0.466366 0.719959 -0.513967
51.349064 -94.543125 11774.472788 -7195.339166 0.719834 -0.693761 -0.023110 0.343609 0.327199 0.880269 0.603135 0.641589 -0.473912
4.058231 -106.243340 -990.588067 -9726.495946 0.747002 -0.614126 -0.254632 0.531599 0.781766 -0.325952 0.399238 0.108125 0.910449
12.878659 -51.381079 -497.207338 -1844.481884 0.769400 -0.514569 -0.378473 0.627811 0.718440 0.299494 -0.117800 0.468041 -0.875820
11.715754 -51.376573 1035.309838 -1665.974340 0.771827 -0.531977 -0.348258 0.622694 0.743184 0.244806 -0.128588 0.405806 -0.904868
-33.764372 -66.297412 6855.024856 7294.005953 0.839116 0.475990 0.263281 0.508375 -0.514081 -0.690852 0.193491 -0.713551 0.673355
-38.457309 -61.880247 7276.583407 5941.439276 0.909141 0.376571 0.177924 0.365329 -0.515900 -0.774843 0.199993 -0.769442 0.606599
-26.767368 -55.912546 6847.344899 4992.592535 0.909027 0.403193 0.105386 0.326719 -0.532523 -0.780816 0.258699 -0.744214 0.615809
-50.592880 -75.277274 6615.517988 9068.505322 0.787541 0.456326 0.414180 0.607212 -0.459834 -0.647955 0.105225 -0.761786 0.639225
-40.866933 -81.788670 7243.883440 8708.714552 0.729237 0.558536 0.395286 0.677156 -0.506028 -0.534225 0.098358 -0.657247 0.747230
-19.468194 -102.351612 -623.792486 2482.047031 0.892151 0.446542 0.068310 -0.417370 0.872652 -0.253538 0.172826 -0.197684 -0.964911
-17.381590 -98.453938 -1709.806553 -115.202736 0.890325 0.454888 0.019935 -0.449797 0.885474 -0.116701 0.070738 -0.094935 -0.992967
-20.238991 -95.279968 365.337197 1470.784659 -0.873578 -0.481391 -0.071585 -0.477937 0.876308 -0.060507 0.091858 -0.018645 -0.995598
-17.167861 -92.311670 -1450.910553 3262.351928 0.872692 0.487137 0.033255 -0.488040 0.868166 0.090026 -0.014984 0.094795 -0.995384
-22.478044 -101.284331 1013.059597 3231.024626 -0.886427 -0.450243 -0.107368 -0.423795 0.882741 -0.202895 0.186130 -0.134350 -0.973296
-20.697055 -93.174181 -590.048711 2547.006805 -0.858783 -0.499565 -0.113694 -0.503548 0.863935 0.007451 0.094502 0.063650 -0.993488
-18.179676 -88.128554 -411.317841 3540.213797 0.861832 0.501774 0.073946 -0.507136 0.850338 0.140493 -0.007617 0.158582 -0.987316
-1.247323 -271.653175 -2731.150623 -32420.926418 0.638098 0.738084 -0.219234 0.769365 -0.622359 0.144036 -0.030132 -0.260580 -0.964982
-1.414020 -230.558255 -1536.966971 12103.532905 0.592076 0.775047 -0.220790 -0.747108 0.630603 0.210165 -0.302118 -0.040520 -0.952409
-5.459071 -219.838503 -2004.006512 16750.853701 0.589831 0.772125 -0.236477 -0.694268 0.634435 0.339830 -0.412421 0.036264 -0.910271
-6.253314 -188.923884 -3622.230771 7843.528350 0.621157 0.743089 -0.248963 -0.743933 0.658997 0.110839 -0.246429 -0.116364 -0.962150
1167.346547 -50.083115 513286.745189 -5053.550205 0.822114 0.515902 0.240776 -0.372217 0.807068 -0.458363 -0.430793 0.287206 0.855529
583.252807 -79.171930 210404.951377 -22253.582412 0.677054 0.625614 0.387562 -0.361767 0.741537 -0.565020 -0.640876 0.242342 0.728388
1314.734372 -103.095189 672230.245615 14200.183390 0.889782 0.447283 0.090691 0.336930 -0.777826 0.530533 -0.307840 0.441502 0.842799
738.850302 -238.939551 268792.053931 66147.417117 0.842980 0.489432 0.223250 0.250530 -0.724439 0.642202 -0.476045 0.485432 0.733305
282.350961 -166.945396 146939.417069 46882.590280 0.901806 0.431254 0.027659 0.318943 -0.707403 0.630758 -0.291584 0.560000 0.775486
-0.828520 -599.529643 15478.135744 194268.072057 0.848480 0.427531 -0.311928 0.443443 -0.252627 0.859964 -0.288859 0.867984 0.403935
-13.821823 -346.769263 -2469.958555 136292.123530 0.860303 0.502005 -0.088714 0.418118 -0.595286 0.686157 -0.291644 0.627396 0.722023
-44.318878 -152.623416 -3788.714461 43873.315199 0.778079 0.609869 -0.150508 0.522551 -0.495434 0.693891 -0.348616 0.618551 0.704175
5.198733 -124.732287 2212.235211 6829.254627 0.877574 0.476975 0.048559 -0.447786 0.851611 -0.272482 0.171321 -0.217379 -0.960935
-3.777486 -10.747262 1153.705203 -1192.725186 0.292241 0.729663 0.618214 0.950497 -0.150227 -0.272008 -0.105601 0.667102 -0.737444
-0.701007 -15.218844 1009.818192 -45.496796 0.275432 0.723665 0.632809 0.957234 -0.145829 -0.249873 -0.088543 0.674569 -0.732882
-2.424487 -14.464228 -415.647431 -105.781483 -0.051131 0.741456 0.669050 0.995429 0.091949 -0.025827 -0.080668 0.664671 -0.742768
0.412677 -16.408610 76.184512 -456.086976 0.127931 0.744898 0.654799 0.990310 -0.059978 -0.125251 -0.054026 0.664477 -0.745353
9.475128 -47.801901 -270.764115 -218.480565 0.329097 0.904162 0.272371 0.927392 -0.255137 -0.273585 -0.177873 0.342631 -0.922478
16.385254 -48.343382 -2484.563586 -1206.348840 0.288788 0.917336 0.274036 0.912502 -0.177111 -0.368744 -0.289727 0.356547 -0.888219
13.921327 -44.174898 1399.950115 74.458516 0.190460 0.930527 0.312800 0.947648 -0.091084 -0.306052 -0.256298 0.354715 -0.899160
10.979262 -39.724491 2166.501561 616.387966 0.193395 0.933485 0.301999 0.964755 -0.124948 -0.231595 -0.178456 0.336145 -0.924749
-18.855933 -33.374615 -1669.510967 2087.504908 -0.489233 0.845704 0.213155 0.869793 0.491082 0.047952 -0.064123 0.208860 -0.975841
-15.886593 -31.693935 -1023.970882 2239.829140 -0.468624 0.865011 0.179299 0.883024 0.464581 0.066583 -0.025704 0.189528 -0.981539
-14.380348 -36.463363 -503.337326 1059.285890 -0.444239 0.879986 0.168154 0.890131 0.454811 -0.028522 -0.101577 0.137008 -0.985348
-3.021681 -63.435911 -1569.469544 3049.378675 0.566857 -0.303980 -0.765682 0.747265 0.580986 0.322568 0.346796 -0.755018 0.556490
-5.446113 -65.407095 -3273.850565 -50.361451 0.556640 -0.321666 -0.765952 0.813608 0.397437 0.424366 0.167913 -0.859404 0.482939
-0.880135 -61.954406 -983.506021 709.757645 0.593275 -0.248391 -0.765719 0.773321 0.440073 0.456410 0.223604 -0.862924 0.453170
-16.405496 -147.975904 3361.449721 -44967.337553 -0.077323 0.565608 -0.821041 0.778573 0.548652 0.304638 -0.622772 0.615685 0.482791
-12.001221 -348.937876 -6595.126600 -104247.697471 -0.011155 -0.536984 0.843519 0.895319 0.370290 0.247566 -0.445285 0.757980 0.476642
44.004109 -94.202133 5059.668035 5129.881918 0.682280 0.000043 -0.731091 -0.571360 0.623916 -0.533176 -0.456117 -0.781491 -0.425710
63.560380 -146.195130 6067.411914 32865.406198 0.666984 -0.072270 -0.741559 -0.596232 0.545088 -0.589395 -0.446811 -0.835258 -0.320475
64.100068 -135.683033 9907.717722 -28565.454348 0.667102 0.130896 -0.733376 0.673001 -0.528024 0.517939 -0.319444 -0.839081 -0.440339
40.339347 -111.619512 638.019607 -1462.625597 0.681404 -0.232587 -0.693968 -0.476780 0.578331 -0.661978 -0.555311 -0.781944 -0.283184
21.336955 -81.125889 242.089890 -479.645001 0.698214 -0.227424 -0.678805 -0.349597 0.719131 -0.600527 -0.624724 -0.656604 -0.422600
-9.920666 -35.407413 -8598.017292 -8128.763700 0.870678 -0.362473 0.332467 -0.444786 -0.291694 0.846806 0.209965 0.885171 0.415194
-12.473363 -39.004550 3991.524538 1272.563342 0.909318 -0.051272 -0.412931 0.327508 -0.523951 0.786266 0.256669 0.850204 0.459646
-59.953805 -75.257167 -568.976728 531.939304 -0.609085 0.360504 -0.706437 0.197222 0.931589 0.305360 0.768192 0.046665 -0.638516
-62.627400 -76.710182 616.690273 2049.448829 -0.743234 0.182663 -0.643612 0.016422 0.966698 0.255394 0.668829 0.179248 -0.721483
-61.199029 -72.507942 49.286228 2406.380004 -0.620401 0.146555 -0.770470 -0.087028 0.963454 0.253341 0.779441 0.224226 -0.584974
85.117428 -74.796173 24576.146194 6890.271785 0.863631 -0.139955 -0.484308 0.039355 0.976476 -0.212003 0.502587 0.164032 0.848823
19.055996 -50.079633 2857.592681 1485.982035 -0.580514 0.621088 0.526548 -0.135122 0.564219 -0.814493 0.802960 0.543973 0.243615
21.473666 -52.784470 -1726.896716 2128.734016 0.559074 -0.603688 -0.568328 -0.045867 0.661893 -0.748194 0.827848 0.444364 0.342358
15.100712 -51.930448 3401.348704 160.828739 -0.604307 0.627201 0.491357 -0.055942 0.581777 -0.811422 0.794785 0.517836 0.316485
19.341790 -49.240044 -491.541071 2399.487049 0.522509 -0.618778 -0.586599 -0.114945 0.630584 -0.767562 0.844850 0.468485 0.258361
18.295354 -47.743433 17.387553 -1030.989306 -0.519445 0.655304 0.548410 -0.163398 0.553772 -0.816479 0.838736 0.513725 0.180579
2.760786 -8.621983 3722.417172 -2249.552706 0.542843 -0.264813 -0.796991 0.788106 0.488531 0.374469 0.290191 -0.831391 0.473897
3.029981 -7.796960 3453.656848 2291.431212 -0.116761 -0.502268 -0.856793 0.956399 0.175676 -0.233320 0.267707 -0.846679 0.459856
-1.187629 -11.082090 5414.571775 -2328.666179 0.511356 -0.275662 -0.813957 0.807032 0.479529 0.344604 0.295322 -0.833104 0.467678
0.640194 -18.219392 2563.876689 2572.488651 0.719846 -0.133796 -0.681117 -0.617713 -0.571066 -0.540660 0.316625 -0.809927 0.493727
3.862705 -70.922020 -179.639554 2184.559701 -0.449924 0.751484 0.482534 0.485051 -0.248046 0.838570 -0.749862 -0.611347 0.252906
1.546500 -68.524751 829.387211 5590.840373 0.488278 -0.755311 -0.437138 0.586803 -0.086601 0.805086 -0.645947 -0.649619 0.400933
1.674889 -79.922278 -1741.829867 5020.239281 -0.472094 0.732104 0.491071 0.492510 -0.242969 0.835703 -0.731137 -0.636388 0.245864
0.867999 -120.339053 -75.404960 -2238.180528 -0.095088 0.652993 0.751371 0.200961 0.751843 -0.627970 -0.974973 0.091284 -0.202718
0.789447 -113.294200 41.130839 -10.602074 -0.080689 0.679182 0.729521 0.069429 0.733959 -0.675635 -0.994318 -0.003866 -0.106378
-0.896136 -105.961681 616.077227 55.022256 -0.069304 0.678460 0.731361 0.079272 0.734551 -0.673907 -0.994441 0.011272 -0.104690
183.020392 -31.919140 43384.109144 5890.699700 0.447472 0.851200 0.274276 0.719766 -0.524808 0.454437 -0.530759 0.005934 0.847502
203.189639 -51.682177 37051.232162 5857.976791 0.239982 0.855782 0.458308 0.746983 -0.464310 0.475849 -0.620020 -0.228153 0.750681
210.800753 -56.570647 25112.468084 14548.328841 0.437527 0.828832 0.348723 0.677523 -0.558843 0.478180 -0.591213 -0.027051 0.806062
21.860550 -35.230262 -2714.519775 206.012603 -0.436408 -0.605895 -0.665161 0.805336 0.066623 -0.589063 0.401226 -0.792750 0.458875
23.871060 -34.806108 -3544.674480 -195.828287 -0.328511 -0.591715 -0.736175 0.820379 0.207478 -0.532851 0.468037 -0.778990 0.417272
25.963961 -37.413700 -4697.114305 -2017.953664 -0.243809 -0.554837 -0.795432 0.826792 0.309796 -0.469513 0.506925 -0.772128 0.383204
163.796473 -115.412137 81792.741696 16374.768080 0.522067 0.040387 -0.851948 0.802662 -0.361035 0.474750 -0.288409 -0.931677 -0.220902
110.435466 -117.285331 50020.772383 4346.776606 0.437247 -0.041008 -0.898406 0.869040 -0.237859 0.433812 -0.231484 -0.970434 -0.068366
13.410810 -24.868019 -838.496625 -4533.766300 0.673404 -0.666021 -0.320847 0.583020 0.745299 -0.323445 0.454548 0.030749 0.890191
13.980311 -28.082607 -830.475461 -4438.592796 0.669689 -0.652391 -0.354827 0.563368 0.757595 -0.329647 0.483873 0.020863 0.874889
-9.056847 -235.652518 880.461037 27476.290089 -0.488548 0.122284 0.863926 0.646027 0.716226 0.263949 -0.586490 0.687071 -0.428909
-9.307841 -244.349487 -668.011339 33709.120476 -0.510893 0.130134 0.849737 0.595365 0.766599 0.240553 -0.620104 0.628801 -0.469127
-2.917950 -461.747653 1989.221537 -10088.610013 -0.448612 0.025309 0.893368 0.309825 0.942016 0.128894 -0.838305 0.334611 -0.430442
2.469538 -444.450048 6199.819159 48905.804202 -0.399185 0.003342 0.916864 0.460656 0.865348 0.197407 -0.792747 0.501161 -0.346973
-1.790879 -620.389180 986.431425 135981.870871 -0.453439 0.040515 0.890366 0.669434 0.675003 0.310209 -0.588431 0.736702 -0.333195
-20.421615 -640.544448 15670.011204 23320.565661 -0.448464 -0.025873 0.893426 0.729808 0.566473 0.382739 -0.516004 0.823674 -0.235160
-10.544106 -389.733525 3261.704576 36513.626171 -0.457883 0.005747 0.888994 0.523405 0.810042 0.264347 -0.718603 0.586344 -0.373912
-8.459667 -373.950431 408.505055 -23879.061933 -0.467711 0.022969 0.883583 0.107151 0.993763 0.030885 -0.877362 0.109122 -0.467256
1101.568918 -5304.421732 504182.154584 38555.382864 -0.590510 0.792484 -0.152536 0.049650 0.224326 0.973249 -0.805502 -0.567139 0.171814
116.849304 -826.156517 -22676.348852 327589.971208 0.823575 -0.564687 -0.053413 -0.513103 -0.781844 0.354183 0.241763 0.264290 0.933650
-500.656492 -5228.399972 84517.405182 1962463.150730 0.882932 -0.183595 -0.432116 0.193488 -0.696293 0.691186 0.427777 0.693879 0.579257
-18.321094 -37.549247 715.981437 -1575.797132 0.850769 -0.525198 0.018959 0.430441 0.717062 0.548217 0.301517 0.458246 -0.836121
-17.107312 -40.925363 390.673766 -796.086733 0.843639 -0.536221 0.027219 0.403146 0.666124 0.627497 0.354608 0.518408 -0.778143
-16.832192 -37.251241 563.549078 -1720.347962 0.844436 -0.531985 0.062611 0.421944 0.732620 0.534070 0.329987 0.424569 -0.843119
-17.161363 -31.317539 593.366541 -2871.390078 0.827616 -0.560389 0.031879 0.486314 0.744260 0.457795 0.280269 0.363375 -0.888486
-19.887399 -31.873015 936.293942 -2656.080954 0.831571 -0.555187 -0.016027 0.497723 0.732073 0.465126 0.246499 0.394762 -0.885100
-1.729569 -34.597304 -1020.223485 -2507.516538 -0.273680 0.610374 0.743332 0.789204 -0.299248 0.536290 0.549778 0.733413 -0.399812
-3.061979 -40.246793 -1041.195342 -3505.076067 -0.217057 0.580422 0.784854 0.820641 -0.326899 0.468706 0.528615 0.745820 -0.405363
0.035631 -39.264115 -2028.062532 -1782.963994 -0.318405 0.642409 0.697086 0.719485 -0.315025 0.618952 0.617220 0.698620 -0.361898
2.036466 -92.840443 1863.766685 7701.238742 0.237603 0.589371 0.772131 0.867105 -0.486962 0.104871 0.437806 0.644601 -0.626750
6.674208 -70.829994 1090.189272 -11728.136884 -0.166876 0.635435 0.753906 0.914148 -0.186788 0.359781 0.369439 0.749221 -0.549712
15.945457 -94.780904 5603.738898 -8757.889387 -0.202739 0.588481 0.782679 0.851896 -0.288144 0.437318 0.482878 0.755422 -0.442907
-59.406516 -89.217822 1124.568312 3639.830740 0.954727 -0.207279 -0.213380 -0.282216 -0.404265 -0.870014 -0.094073 -0.890845 0.444460
-57.445092 -88.097503 2703.566066 3860.844330 0.881003 -0.165625 -0.443173 -0.472837 -0.340151 -0.812848 0.016118 -0.925670 0.377988
-53.853797 -86.586162 1534.469686 -5602.714153 -0.884134 0.464872 0.046919 0.456672 0.881011 -0.123570 -0.098781 -0.087826 -0.991226
-53.795233 -74.031532 -3575.392125 -3802.555940 0.849391 -0.527706 0.007829 0.508058 0.813570 -0.282808 -0.142870 -0.244192 -0.959145
13.123585 -21.342562 486.154847 899.181136 0.878201 0.312342 0.362223 0.420529 -0.143448 -0.895867 0.227857 -0.939077 0.257325
-23.052172 -48.381910 1536.682444 285.023552 -0.666053 0.735165 0.126118 0.673235 0.519714 0.525977 0.321135 0.435236 -0.841096
