17683
35348
-46.266216 -69.330030 1078.245297 5579.094767 -0.161491 -0.958735 0.233983 0.984284 -0.173643 -0.032159 0.071461 0.225112 0.971709
-44.168408 -69.003596 1065.569464 8806.188153 0.101882 -0.984358 0.143733 0.985529 0.080198 -0.149334 0.135471 0.156867 0.978284
-39.666002 -56.949104 -1576.175319 5693.642027 0.301010 0.923560 -0.237548 0.934214 -0.335588 -0.120936 0.191410 0.185518 0.963818
-35.385520 -50.200300 -2543.005300 6766.964686 0.161574 0.973466 -0.162040 0.950521 -0.197660 -0.239667 0.265337 0.115298 0.957237
-39.878119 -58.820852 355.630252 5125.924260 -0.453703 -0.829510 0.325679 0.873119 -0.486923 -0.023860 0.178373 0.273531 0.945179
-33.740191 -47.730277 591.110325 -3459.637850 0.678485 0.648653 -0.344830 -0.678927 0.732952 0.042890 0.280565 0.205014 0.937685
93.604445 -104.003289 -7234.982825 7384.813828 -0.365622 0.925128 0.102264 -0.258238 0.004730 -0.966070 0.894222 0.379625 -0.237174
82.602139 -99.977202 -6865.734899 -2198.563827 -0.191531 0.979348 0.064760 -0.246023 0.015970 -0.969132 0.950152 0.201551 -0.237884
83.749856 -99.525591 -8370.734797 -1048.761573 -0.255339 0.961053 0.105729 -0.123832 0.075947 -0.989393 0.958889 0.265723 -0.099617
86.347497 -97.428551 -7173.446581 8536.392058 -0.294977 0.951699 0.085188 -0.432766 -0.053583 -0.899912 0.851881 0.302320 -0.427669
96.634978 -107.513212 -8438.768126 -1637.987356 -0.403974 0.903114 0.145567 -0.035078 0.143719 -0.988997 0.914098 0.404635 0.026380
95.827318 -112.107775 1828.325911 8647.502640 -0.576771 0.805223 0.137666 -0.202065 0.022658 -0.979110 0.791521 0.592540 -0.149638
82.962282 -94.920449 3583.546429 13206.494989 -0.529983 0.834741 0.149418 -0.415867 -0.102283 -0.903655 0.739035 0.541060 -0.401349
-52.687360 -65.443196 2839.232116 -138.897405 -0.392183 0.750118 0.532462 -0.474169 0.331162 -0.815779 0.788262 0.572411 -0.225807
-50.631434 -66.627705 2742.931763 -2656.903634 -0.554576 0.776513 0.299122 -0.439881 0.031571 -0.897501 0.706364 0.629310 -0.324065
-47.407451 -62.300234 1696.985112 -646.978271 -0.483797 0.703287 0.520892 -0.473270 0.290413 -0.831670 0.736176 0.648882 -0.192344
49.006461 -29.006701 16090.079427 -1167.346951 0.029145 0.987399 0.155541 0.950050 0.021010 -0.311391 0.310735 -0.156847 0.937466
38.993363 -27.743821 15923.985015 1191.190294 0.119041 0.987312 0.105089 0.958457 -0.086635 -0.271763 0.259211 -0.133074 0.956609
21.169834 -25.109896 6533.797243 -897.368783 0.077982 0.989597 0.120901 0.947478 -0.035836 -0.317806 0.310168 -0.139335 0.940416
29.619138 -29.959347 9273.560134 -2471.114569 0.007481 0.988362 0.151934 0.932639 0.047914 -0.357616 0.360734 -0.144375 0.921426
-18.183276 -30.545190 436.716239 687.683637 -0.420405 0.893557 0.157528 -0.824521 -0.303766 -0.477380 0.378715 0.330579 -0.864461
-18.200799 -33.855616 -817.572227 1561.563749 -0.141838 0.955568 0.258404 -0.907050 -0.020924 -0.420502 0.396411 0.294028 -0.869716
-14.998621 -29.044603 296.022465 2392.002723 -0.351996 0.920241 0.171044 -0.875880 -0.259403 -0.406872 0.330050 0.293032 -0.897329
-21.776980 -33.775524 -1393.857489 704.150079 -0.066058 0.943519 0.324667 -0.883534 0.095894 -0.458446 0.463685 0.317138 -0.827296
-11.545594 -27.516826 -2267.061926 -1944.752301 0.686338 -0.726717 -0.028680 0.658155 0.603838 0.449679 0.309471 0.327508 -0.892730
-11.538937 -16.444773 -3594.982358 783.701682 0.802229 -0.584143 0.123309 0.395250 0.674454 0.623610 0.447444 0.451540 -0.771949
-6.450032 -14.882963 -2333.864164 1513.960234 0.866785 -0.439855 0.234971 0.232369 0.773153 0.590118 0.441235 0.456906 -0.772366
-10.012001 -14.309732 2391.896820 -761.983478 -0.580098 0.799007 0.158348 0.673018 0.360655 0.645735 0.458838 0.481161 -0.746962
10.577009 -48.083579 1036.493342 1623.117869 -0.016510 0.999388 0.030848 -0.682948 0.011262 -0.730380 0.730280 0.033126 -0.682344
9.623335 -48.933426 -45.033737 2486.037232 -0.010861 0.998806 0.047624 -0.711795 0.025728 -0.701916 0.702303 0.041522 -0.710666
11.889770 -46.481579 193.533595 420.921353 -0.020061 0.999723 0.012274 -0.749663 -0.006918 -0.661784 0.661516 0.022477 -0.749594
1.254046 -178.536322 -2685.021127 9638.763146 -0.019378 0.995161 0.096331 0.742117 0.078882 -0.665613 0.669990 -0.058591 0.740054
2.127272 -181.206365 -561.075966 9843.263592 -0.074006 0.992573 0.096550 0.889538 0.109469 -0.443552 0.450827 -0.053059 0.891033
2.848216 -201.125240 -712.042165 7379.351871 -0.060821 0.994653 0.083459 0.908690 0.089774 -0.407706 0.413018 -0.051042 0.909291
0.823127 -190.459404 -1174.364431 12278.618507 -0.021963 0.998003 0.059228 0.692613 0.057911 -0.718981 0.720975 -0.025231 0.692502
4.801770 -207.408207 -1166.443731 16964.608008 -0.046337 0.997518 0.053019 0.850024 0.067254 -0.522433 0.524702 -0.020859 0.851030
7.185203 -216.066725 -1042.524787 3145.958171 -0.076328 0.995278 0.059959 0.978160 0.086404 -0.189042 0.193330 -0.044221 0.980137
-11.903681 -92.327356 596.873834 4326.858068 -0.245575 0.932858 0.263568 -0.843132 -0.071377 -0.532948 0.478353 0.353102 -0.804051
-13.772819 -86.254408 1644.682496 -3548.787509 -0.236092 0.934016 0.268096 0.916265 0.122098 0.381512 0.323604 0.335719 -0.884632
-9.457198 -83.515213 262.314312 -3888.536487 -0.252291 0.929345 0.269566 0.917792 0.141550 0.370973 0.306605 0.340999 -0.888658
9.299311 -45.555110 4266.076785 3258.008194 -0.150110 0.959943 -0.236592 -0.608230 -0.278324 -0.743366 0.779438 -0.032315 -0.625645
14.172880 -48.709659 3508.107823 3054.553897 -0.179805 0.916211 -0.358088 -0.569926 -0.393727 -0.721223 0.801782 -0.074404 -0.592967
4.134247 -48.671362 2435.897882 -898.629726 -0.132251 0.957213 -0.257396 -0.452527 -0.289343 -0.843505 0.881890 -0.004924 -0.471430
-31.969810 -47.763360 -5885.079389 2941.742608 0.457065 -0.690084 0.561138 0.815454 0.577037 0.045423 -0.355143 0.436821 0.826475
-46.558703 -56.003505 -6183.068874 -5677.205163 0.699704 -0.527340 0.482003 -0.637589 -0.765302 0.088277 -0.322326 0.369088 0.871711
-38.883036 -48.816524 -7109.610558 -1322.021639 -0.026285 -0.890739 0.453754 0.972376 0.082533 0.218343 -0.231937 0.446958 0.863964
-26.343657 -43.027187 -5233.922820 -36.393543 0.144318 -0.829947 0.538851 0.946580 0.274484 0.169247 -0.288372 0.485640 0.825225
3.894686 -90.511711 253.513552 -8529.621575 0.858179 -0.153801 0.489770 -0.058244 0.918732 0.390562 -0.510036 -0.363698 0.779479
3.938846 -103.368731 -269.538769 -9286.988356 0.862581 -0.159919 0.479979 0.023640 0.960431 0.277511 -0.505366 -0.228029 0.832231
2.380279 -87.828576 362.635827 -9324.307958 0.869307 -0.168533 0.464652 -0.065755 0.892284 0.446660 -0.489879 -0.418838 0.764587
1.660330 -76.341786 323.264756 4893.570633 0.854813 -0.150386 0.496668 0.144400 -0.850356 -0.506007 -0.498441 -0.504260 0.705180
-0.175095 -70.382794 419.198723 4029.545573 0.863558 -0.162263 0.477428 0.157399 -0.812762 -0.560930 -0.479054 -0.559543 0.676328
-7.419880 -83.003125 362.988140 -600.948304 -0.249430 0.918773 0.306009 0.959517 0.191794 0.206258 0.130813 0.345068 -0.929417
-7.654935 -78.949206 320.925497 78.842868 -0.240432 0.922931 0.300650 0.970085 0.239188 0.041530 -0.033582 0.301641 -0.952830
-5.171328 -79.433401 634.253985 -1132.626144 -0.250240 0.914089 0.319096 0.967841 0.244948 0.057313 -0.025773 0.323176 -0.945988
-5.316615 -82.133876 559.674734 844.581961 -0.252260 0.914122 0.317405 0.958817 0.191882 0.209409 0.130521 0.357159 -0.924879
-5.784385 -85.555707 607.277132 -891.585868 -0.267884 0.911747 0.311377 0.929417 0.159410 0.332826 0.253816 0.378558 -0.890096
-7.808012 -87.854708 1361.436702 -3473.786874 -0.274863 0.908148 0.315781 0.912817 0.143309 0.382396 0.302018 0.393357 -0.868364
-8.856792 -47.930941 -793.721055 3652.162995 -0.077287 0.990714 0.111861 0.889929 0.119134 -0.440266 0.449504 -0.065521 0.890872
-8.259977 -39.043450 -187.749937 -2477.430804 -0.032171 0.996654 0.075144 0.890790 0.062687 -0.450070 0.453274 -0.052459 0.889826
-9.766074 -48.594076 350.149932 4860.551469 -0.077746 0.993491 0.083259 0.899078 0.105956 -0.424774 0.430830 -0.041832 0.901463
-9.348606 -50.962860 853.201290 5185.712182 -0.085662 0.994499 0.060288 0.907021 0.102880 -0.408324 0.412280 -0.019705 0.910844
-9.469713 -52.931977 153.791789 6617.926412 -0.128325 0.987606 0.090370 0.924005 0.152161 -0.350802 0.360205 -0.038486 0.932079
-10.512013 -56.924977 -682.904408 9447.236799 -0.108176 0.987421 0.115316 0.906753 0.145555 -0.395744 0.407551 -0.061753 0.911092
6.677366 -242.342341 2147.714459 -35047.269832 0.936227 -0.062020 0.345880 0.098425 0.991185 -0.088687 -0.337331 0.117074 0.934078
7.755725 -204.528928 2096.486297 -26308.088136 0.939908 -0.002669 0.341419 -0.063486 0.981164 0.182445 -0.335475 -0.193156 0.922034
9.039789 -278.315803 -530.354901 -26597.523465 0.919215 -0.034811 0.392214 0.080115 0.991783 -0.099735 -0.385519 0.123100 0.914451
7.573068 -297.417346 1112.249570 18678.605222 0.924465 -0.083085 0.372104 -0.248861 -0.870887 0.423821 -0.288847 0.484410 0.825781
-4.073287 -108.558151 -308.957751 2912.976185 0.843776 -0.135006 0.519437 0.022781 0.975981 0.216660 -0.536211 -0.170979 0.826585
-3.200106 -111.919570 175.354208 4844.499239 0.841321 -0.094952 0.532131 -0.117011 0.929116 0.350787 -0.527720 -0.357390 0.770574
-3.378460 -112.241473 266.266687 5237.794162 0.847104 -0.132302 0.514696 0.007407 0.971360 0.237497 -0.531376 -0.197372 0.823823
-3.724562 -107.765527 157.634673 -178.854974 0.848217 -0.161313 0.504485 0.116539 0.985991 0.119335 -0.516668 -0.042430 0.855134
-4.465764 -107.977461 78.581876 -1572.242362 0.847321 -0.160116 0.506369 0.143455 0.987030 0.072056 -0.511339 0.011586 0.859301
-16.905621 -63.662212 3427.555789 5957.652666 0.949850 -0.081801 0.301819 -0.235120 -0.823157 0.516847 -0.206166 0.561890 0.801109
-24.143364 -65.510455 2540.788078 7996.239757 0.940301 -0.045643 0.337271 -0.233559 -0.807339 0.541898 -0.247558 0.588320 0.769802
-12.340869 -49.486470 -1971.565262 2394.142114 0.957341 0.183557 0.223172 0.047334 -0.861508 0.505532 -0.285059 0.473403 0.833445
-11.476982 -49.793900 -574.115793 -2349.533451 0.946484 0.285981 0.149607 0.190575 -0.869307 0.456056 -0.260478 0.403138 0.877286
-10.973849 -55.121915 2346.170589 163.627110 0.973759 0.084525 0.211302 -0.022244 -0.888675 0.457998 -0.226491 0.450680 0.863475
2.088616 -41.414716 -6240.430989 -317.872144 0.910648 0.385636 0.148342 0.261780 -0.816261 0.514965 -0.319675 0.430119 0.844278
-4.304915 -48.317886 -5649.516800 -3656.486976 0.904245 0.408387 0.124746 0.309247 -0.827745 0.468194 -0.294462 0.384784 0.874776
-59.886846 -225.907838 22934.625470 136045.079797 -0.488766 0.373196 -0.788563 0.815963 0.515414 -0.261824 0.308725 -0.771409 -0.556432
16.716885 -60.299201 23912.810322 26373.570514 0.783734 0.466522 -0.410022 -0.580430 0.315186 -0.750839 0.221050 -0.826447 -0.517805
-100.128165 -370.862307 116534.781426 146196.326370 0.746308 0.520162 -0.415278 -0.552137 0.135380 -0.822689 0.371711 -0.843270 -0.388236
32.610420 -27.391307 17414.237966 -6738.229578 0.644071 0.500304 -0.578679 0.745329 -0.240119 0.621955 0.172215 -0.831889 -0.527544
-64.377166 -711.401352 -7317.151091 274593.199950 -0.684291 0.221078 -0.694889 0.702342 0.456101 -0.546523 0.196116 -0.862030 -0.467378
13.349484 -58.357610 31812.433409 20244.778971 0.234231 0.650351 -0.722620 0.940788 0.035734 0.337108 0.245061 -0.758793 -0.603472
-42.835657 -301.013634 4917.884160 147264.659279 -0.476687 0.436662 -0.762952 0.847291 0.459485 -0.266403 0.234237 -0.773434 -0.589010
-1040.691023 -4943.725886 326761.007274 -1640520.459360 -0.775961 0.389396 -0.496241 0.081893 0.842241 0.532844 0.625442 0.372828 -0.685435
-1402.189182 -25145.686362 -484154.604872 -38166802.922120 0.831569 -0.530736 0.163746 -0.407424 -0.382509 0.829272 0.377490 0.756311 0.534318
-361.145231 -2606.359386 74595.787878 -655295.254438 -0.642114 0.068107 -0.763577 0.293960 0.941783 -0.163197 0.708009 -0.329252 -0.624753
-488.469385 -4520.425826 -169141.140861 2589374.004749 0.884198 -0.170969 0.434700 0.464891 0.231427 -0.854586 -0.045506 -0.957711 -0.284109
24.163874 -47.115098 11768.612505 -662.137489 0.047724 0.994819 0.089765 0.455599 0.058295 -0.888275 0.888905 -0.083289 0.450456
13.816587 -48.757195 11548.230975 -395.708404 0.031228 0.996813 0.073412 0.542788 0.044762 -0.838676 0.839289 -0.066037 0.539661
8.329655 -49.197345 5505.925588 -570.419357 0.066974 0.996270 0.054412 0.424518 0.020899 -0.905178 0.902939 -0.083723 0.421534
19.260984 -47.290297 12352.183396 -607.744771 0.052017 0.997125 0.055101 0.342610 0.034009 -0.938862 0.938037 -0.067715 0.339856
-1.233074 -46.783027 -4519.291327 980.354710 0.327237 0.941343 -0.082392 -0.440911 0.074989 -0.894413 0.835771 -0.329013 -0.439588
-7.824336 -46.369365 -1716.231221 1356.604471 0.289352 0.950022 -0.117192 -0.495037 0.043730 -0.867771 0.819276 -0.309105 -0.482950
-8.352574 -47.538994 -737.173605 431.322935 0.286875 0.952020 -0.106590 -0.397175 0.016948 -0.917586 0.871754 -0.305567 -0.382981
-20.183647 -47.327731 463.943958 1056.328947 -0.458490 0.650706 -0.605284 0.585202 0.733639 0.345415 0.668824 -0.195844 -0.717161
-18.730559 -44.214434 148.338696 -1556.971975 -0.404786 0.725756 -0.556261 -0.555229 -0.678423 -0.481106 0.726546 -0.114108 -0.677577
-20.091673 -47.969978 796.840778 1352.081187 -0.414175 0.671091 -0.614895 0.547925 0.723271 0.420305 0.726799 -0.162837 -0.667269
-19.767672 -50.176982 -37.130806 1262.383006 -0.453365 0.618654 -0.641660 0.601888 0.743461 0.291541 0.657412 -0.254033 -0.709420
-0.630712 -70.877656 -265.101154 1523.082188 -0.132923 0.938965 0.317296 0.864377 0.266466 -0.426436 0.484957 -0.217580 0.847039
0.191094 -63.219514 -708.382472 5192.417132 -0.111274 0.943505 0.312116 0.741872 0.287836 -0.605621 0.661245 -0.164160 0.731988
-0.856734 -62.038363 -618.116537 4154.870171 -0.117038 0.944665 0.306447 0.764956 0.282536 -0.578805 0.633359 -0.166676 0.755695
0.054458 -57.780626 -685.709110 5259.321529 -0.100714 0.948827 0.299306 0.670584 0.286971 -0.684079 0.734965 -0.131814 0.665171
-0.351193 -54.713276 -637.083479 4371.580507 -0.091366 0.954110 0.285179 0.663648 0.271852 -0.696899 0.742445 -0.125585 0.658031
-23.038705 -33.163551 -2960.808094 527.546360 -0.231073 0.944223 0.234623 0.897031 0.113378 0.427178 -0.376750 -0.309173 0.873196
-26.800859 -32.549285 -1605.022820 -97.183075 -0.373139 0.923225 0.091774 0.830872 0.288513 0.475827 -0.412817 -0.253802 0.874738
-21.597202 -32.933249 -2749.600220 -417.819765 -0.326039 0.928815 0.176074 0.830147 0.192189 0.523373 -0.452277 -0.316807 0.833714
-16.774096 -33.665305 2545.074674 1427.452086 0.150089 -0.935769 -0.319076 0.933715 0.028060 0.356915 -0.325036 -0.351495 0.877954
-24.029203 -32.463117 -2993.322081 868.133365 -0.162497 0.951287 0.262007 0.936309 0.064882 0.345130 -0.311319 -0.301403 0.901242
-16.942684 -34.648195 -2214.069946 42.217476 -0.219725 0.933895 0.282066 0.885581 0.069655 0.459232 -0.409227 -0.350697 0.842345
-13.622629 -68.135939 3933.141724 19433.451516 0.171149 0.387908 -0.905668 0.981013 0.018014 0.193103 0.091221 -0.921522 -0.377460
-19.862647 -62.682716 1729.336458 16566.590539 0.173072 0.331722 -0.927365 0.975066 0.075076 0.208829 0.138896 -0.940385 -0.310457
-23.662292 -171.448416 1813.875521 62523.478640 -0.101878 0.357613 -0.928296 0.992847 0.094956 -0.072382 0.062262 -0.929030 -0.364728
-10.609466 -135.590371 5178.468664 41591.686839 -0.027793 0.444248 -0.895473 0.998834 -0.023031 -0.042426 -0.039471 -0.895608 -0.443090
8.303353 -34.990929 4766.513276 -1129.466875 -0.446306 0.891845 -0.073636 0.804033 0.363514 -0.470519 0.392863 0.269202 0.879312
22.085991 -36.165099 6004.245194 -1080.460540 -0.372442 0.922463 -0.101729 0.824233 0.278405 -0.493083 0.426529 0.267493 0.864014
16.598960 -32.305440 5284.028234 -1551.981657 -0.359193 0.927983 -0.099139 0.858107 0.286633 -0.426022 0.366924 0.238096 0.899265
5.081003 -31.701115 4237.644555 -1635.538659 -0.445813 0.892265 -0.071510 0.826351 0.379535 -0.416050 0.344086 0.244573 0.906526
-30.830053 -141.620980 -7625.789821 -67378.217040 -0.004739 0.932608 0.360859 0.147098 -0.356287 0.922725 -0.989111 -0.057454 0.135497
-1.633570 -55.632335 18012.072759 -1691.409673 0.331472 0.255913 0.908094 0.007893 0.961723 -0.273908 -0.943432 0.097961 0.316765
-8.740481 -52.242994 21216.260214 -6089.070476 0.309395 0.418095 0.854091 -0.128276 0.908301 -0.398164 -0.942242 0.013630 0.334655
-14.555996 -67.580507 9452.038195 -25528.609008 0.128929 0.869713 0.476420 0.245562 -0.493467 0.834379 -0.960769 -0.009415 0.277191
-28.491912 -32.964794 3141.120818 16875.191605 0.278689 -0.686941 0.671151 0.198613 0.724956 0.659540 -0.939620 -0.050507 0.338472
4.062316 -83.715657 -31017.048119 -16107.365977 -0.098090 0.988905 0.111561 0.505648 -0.047028 0.861457 -0.857145 -0.140911 0.495425
-43.737005 -66.894313 -10320.222490 -4708.764876 -0.045338 0.990200 -0.132095 0.599014 0.132769 0.789655 -0.799454 0.043325 0.599163
-48.538452 -67.142174 -7107.715376 -1763.123562 -0.012796 0.983387 -0.181072 0.533541 0.159869 0.830528 -0.845677 0.085982 0.526723
-40.804851 -69.364437 -13017.284529 1524.690049 0.004438 0.984779 0.173752 0.456133 -0.156619 0.876021 -0.889901 -0.075366 0.449885
0.991820 -62.845027 -53521.948813 -3135.903503 -0.341008 0.937783 0.065403 0.434558 0.095560 0.895560 -0.833591 -0.333814 0.440107
87.177614 -144.300899 -60045.059039 -57667.564359 -0.272578 0.961315 0.039684 0.296366 0.044650 0.954030 -0.915352 -0.271809 0.297072
0.684704 -19.068423 640.311355 4193.220876 -0.070753 -0.811817 0.579610 0.869222 0.234871 0.435072 -0.489333 0.534592 0.689032
2.047391 -19.503225 511.184906 3577.862900 -0.143342 -0.826561 0.544289 0.868361 0.158788 0.469825 -0.474766 0.539985 0.694992
2.709036 -11.307827 -772.493738 2779.844438 -0.344048 -0.834025 0.431316 0.827979 -0.052848 0.558263 -0.442811 0.549190 0.708737
2.198145 -28.533100 -491.352943 3180.951416 0.025280 0.797300 -0.603054 0.843502 0.306751 0.440917 -0.536530 0.519824 0.664769
-1.473316 -15.999806 807.495802 4460.890042 -0.045765 -0.801294 0.596518 0.868505 0.263121 0.420079 -0.493563 0.537303 0.683886
1.236956 -26.677531 -360.893526 3341.649202 -0.045318 0.769688 -0.636809 0.840495 0.373911 0.392120 -0.539921 0.517465 0.663864
-8.706965 -153.470046 3658.553755 -28612.448218 0.936216 0.351267 -0.010575 0.150210 -0.427189 -0.891598 0.317707 -0.833139 0.452705
-12.837741 -120.654639 1532.939232 -22746.899200 0.947092 0.320959 -0.001210 0.194089 -0.575718 -0.794278 0.255628 -0.752020 0.607553
-13.597214 -155.162563 1382.316463 -21037.108774 0.949714 0.312872 0.012455 0.127001 -0.348540 -0.928650 0.286208 -0.883533 0.370748
45.967364 -49.955432 -6405.797902 3846.383181 0.513165 0.776883 -0.364849 -0.428169 -0.136697 -0.893300 0.743863 -0.614628 -0.262489
45.719058 -50.306733 -5134.390657 7115.373244 0.455428 0.797716 -0.395266 -0.547684 -0.098983 -0.830810 0.701875 -0.594854 -0.391816
32.563536 -47.720695 -12592.341511 4225.590638 0.599426 0.704073 -0.380748 -0.472477 -0.072734 -0.878337 0.646107 -0.706393 -0.289059
35.651141 -35.521901 -7655.644472 -2640.999442 0.687861 0.708111 -0.159454 -0.235873 0.010312 -0.971729 0.686448 -0.706026 -0.174117
2.196161 -47.487183 -3638.776870 -1013.490058 0.087062 0.993195 0.077353 -0.089988 -0.069490 0.993516 -0.992130 0.093458 -0.083326
-1.599560 -45.744335 -3253.307064 -215.487516 0.090266 0.994813 0.046886 -0.175795 -0.030424 0.983957 -0.980280 0.097060 -0.172137
3.359707 -48.070348 -1893.360374 -184.379513 0.100499 0.993545 0.052620 -0.135975 -0.038676 0.989957 -0.985602 0.106644 -0.131210
0.467652 -60.833575 -1222.845742 -5602.657997 -0.215710 0.975105 -0.051370 -0.054715 0.040455 0.997682 -0.974923 -0.218021 -0.044626
1.695878 -57.744200 -995.119552 -3909.931941 -0.211128 0.975943 -0.054403 -0.087676 0.036525 0.995479 -0.973518 -0.214944 -0.077856
1.962630 -67.300850 -1370.908833 -4995.900881 -0.219937 0.974449 -0.045573 0.048871 0.057665 0.997139 -0.974289 -0.217081 0.060305
2.907738 -65.011309 -893.580048 -5502.488039 -0.209463 0.976521 -0.050325 0.004840 0.052501 0.998609 -0.977805 -0.208928 0.015723
2.653135 -68.565845 -428.146775 -3441.375561 -0.203431 0.977894 -0.048368 0.157429 0.081428 0.984167 -0.966350 -0.192595 0.170514
7.097000 -63.089100 -92.960725 10060.144846 -0.034389 0.981666 -0.187481 -0.742016 -0.150746 -0.653213 0.669500 -0.116650 -0.733596
3.846792 -80.410973 262.112188 6620.242817 -0.049238 0.978611 -0.199739 -0.606904 -0.188142 -0.772185 0.793248 -0.083202 -0.603187
2.140465 -78.622497 2111.851555 8029.235024 -0.040343 0.986326 -0.159792 -0.623063 -0.149855 -0.767683 0.781131 -0.068590 -0.620588
-8.972679 -85.211884 -1160.531791 1924.362262 -0.229636 0.960711 -0.155887 -0.707598 -0.054824 0.704485 -0.668261 -0.272081 -0.692387
-10.789270 -88.497872 -1295.315666 1157.988415 -0.211029 0.963528 -0.164559 -0.825049 -0.085300 0.558586 -0.524176 -0.253647 -0.812959
-8.683426 -89.983658 -1287.517083 2326.709438 -0.214381 0.959591 -0.182281 -0.789603 -0.060410 0.610637 -0.574950 -0.274838 -0.770647
-7.507574 -86.715943 -1155.737415 2404.197330 -0.227089 0.958062 -0.174781 -0.672894 -0.024619 0.739329 -0.704020 -0.285503 -0.650265
9.378413 -44.736992 698.703559 1390.842981 0.188991 0.981902 0.012322 -0.853655 0.170483 -0.492148 0.485341 -0.082492 -0.870425
8.055788 -41.805826 1331.403067 2402.846188 0.173195 0.984875 0.004895 -0.894254 0.159338 -0.418235 0.412689 -0.068059 -0.908326
10.644710 -37.615332 868.026781 554.972945 0.261966 0.964695 0.027172 -0.837897 0.241323 -0.489583 0.478855 -0.105486 -0.871533
13.071880 -42.066328 2182.865198 -1484.127761 0.257665 0.964255 0.061808 -0.783618 0.245963 -0.570478 0.565289 -0.098558 -0.818984
17.023921 -27.419327 1248.502764 -5306.787989 0.370584 0.922843 0.105017 -0.720353 0.356947 -0.594711 0.586310 -0.144741 -0.797051
-0.317731 -25.845819 772.277464 3093.323938 -0.279977 0.629058 -0.725189 0.779577 0.589817 0.210656 -0.560244 0.506361 0.655534
3.458541 -31.285240 345.299269 2946.974837 -0.148121 0.713576 -0.684740 0.790658 0.501353 0.351433 -0.594071 0.489341 0.638456
-1.682344 -20.459132 368.714906 4242.589902 0.098167 -0.743154 0.661880 0.845479 0.413087 0.338414 -0.524908 0.526385 0.668873
-5.635576 -14.496046 472.909969 4970.713909 0.318397 -0.613969 0.722264 0.803338 0.579251 0.138262 -0.503261 0.536200 0.677656
284.683554 -52.448970 106654.765239 1911.603708 0.149978 0.931496 -0.331395 0.570045 -0.355334 -0.740801 0.807809 0.077806 0.584287
263.550712 -57.014360 98754.005097 1911.174098 0.147251 0.936455 -0.318385 0.652583 -0.333873 -0.680194 0.743271 0.107614 0.660278
33.092004 -45.778868 19490.370437 2522.773057 0.105420 0.965112 -0.239676 0.636407 -0.250675 -0.729484 0.764115 0.075629 0.640631
1145.410011 -111.645367 396435.514813 18391.878624 0.208773 0.964570 -0.161304 0.589088 -0.255692 -0.766549 0.780634 -0.065013 0.621598
438.387163 -56.176881 169691.793629 151.827038 0.111369 0.953292 -0.280770 0.502056 -0.297794 -0.811948 0.857635 0.050537 0.511770
667.351517 -68.748382 236746.476428 -1504.967233 0.183534 0.942402 -0.279631 0.539450 -0.334361 -0.772785 0.821772 0.009015 0.569745
-1.842986 -114.544280 -6723.555749 7205.323620 0.141495 0.989935 -0.002932 -0.246500 0.032365 -0.968602 0.958758 -0.137775 -0.248598
12.695230 -122.400056 -10950.075941 10891.734974 0.185237 0.981905 0.039372 -0.227155 0.081765 -0.970420 0.956080 -0.170814 -0.238190
9.699832 -100.517734 -9292.805585 11570.317962 0.167441 0.985863 0.006196 -0.436067 0.079696 -0.896379 0.884200 -0.147388 -0.443246
2.282329 -103.605162 -4143.698326 9521.324057 -0.882307 -0.200893 -0.425648 -0.158306 0.978312 -0.133588 0.443253 -0.050483 -0.894974
0.589824 -107.337123 -2887.578154 -1992.243130 -0.896583 -0.164395 -0.411234 -0.003712 0.931311 -0.364207 0.442861 -0.325015 -0.835607
-4.730071 -107.328407 -287.294253 -878.563183 -0.906064 -0.185711 -0.380210 -0.066222 0.949704 -0.306065 0.417927 -0.252136 -0.872791
-6.855534 -108.187555 -595.314079 5485.891960 -0.896138 -0.220220 -0.385278 -0.205770 0.975413 -0.078922 0.393185 0.008554 -0.919420
-8.269541 -111.669359 400.656911 -2541.818390 -0.907869 -0.214929 -0.359972 -0.122188 0.956968 -0.263215 0.401055 -0.194980 -0.895063
-5.380592 -114.018602 -421.207291 -4913.211824 0.912036 0.177264 0.369820 0.013738 0.888049 -0.459544 0.409879 -0.424201 -0.807498
6.752946 -244.864764 4763.408303 -48636.528646 0.947345 0.137955 0.288975 -0.286619 0.767711 0.573122 0.142784 0.625770 -0.766828
11.794376 -220.414259 2829.564860 -67063.002923 0.947730 0.153550 0.279697 -0.227205 0.940221 0.253698 0.224021 0.303986 -0.925963
1.107653 -266.604489 1546.106465 -69993.237783 0.940090 0.175334 0.292385 -0.287152 0.869523 0.401837 0.183779 0.461722 -0.867778
6.672144 -71.163793 -2081.680268 -4935.467973 0.979376 0.187648 0.074901 -0.184807 0.682161 0.707462 -0.081659 0.706714 -0.702771
3.773810 -73.612711 -1655.974057 -5172.202918 0.975858 0.196408 0.095522 -0.200442 0.631701 0.748850 -0.086739 0.749918 -0.655819
3.524234 -62.182236 -3241.918488 -5263.127579 0.979935 0.189717 0.061107 -0.185909 0.759462 0.623422 -0.071865 0.622274 -0.779494
7.388759 -61.431143 -3045.311706 -4943.091307 0.982085 0.178560 0.060211 -0.180452 0.799129 0.573437 -0.054277 0.574029 -0.817034
6.192028 -74.308798 -325.881949 -6161.633334 0.977577 0.184795 0.100970 -0.202215 0.689998 0.694991 -0.058762 0.699824 -0.711894
15.439409 -432.883691 -5901.263272 67050.282585 0.928954 0.262553 0.260979 0.315546 -0.930234 -0.187338 -0.193586 -0.256379 0.946992
7.602517 -456.986008 -3277.528080 -97331.517145 0.918928 0.226748 0.322732 -0.223800 0.973513 -0.046745 -0.324783 -0.029272 0.945335
2.815737 -590.416132 5501.892426 -104533.400703 0.941108 0.224137 0.253138 -0.132815 0.933580 -0.332849 -0.310929 0.279626 0.908368
18.151628 -490.180184 4908.069727 -130006.783421 0.942733 0.270276 0.195460 -0.280060 0.959689 0.023741 -0.181165 -0.077122 0.980424
16.020365 -2021.977543 7382.524686 -838672.381623 0.832060 0.519807 0.193593 -0.059893 -0.262780 0.962995 -0.551443 0.812864 0.187516
2399.966938 117.416870 -2174519.844069 77799.452795 -0.502293 0.390904 0.771295 0.791914 0.566152 0.228787 -0.347237 0.725717 -0.593937
17.204380 -1307.315499 13953.330549 -960707.030672 0.855424 0.483833 0.184811 -0.480034 0.606666 0.633659 -0.194466 0.630763 -0.751213
-12.391636 -43.422817 1838.530125 -2920.422927 -0.381035 0.920584 0.085660 0.924490 0.378220 0.047628 0.011447 0.097339 -0.995185
-17.624414 -48.044913 1210.931591 2470.896054 -0.248217 0.967287 0.052388 -0.964636 -0.241862 -0.104782 0.088684 0.076544 -0.993114
-13.861819 -42.361143 1701.293875 -2477.958384 -0.242071 0.968402 0.059999 0.970190 0.242323 0.003137 -0.011501 0.058970 -0.998194
-7.135380 -37.213265 2664.418804 3267.206853 -0.424799 0.900758 0.090451 -0.901854 -0.429764 0.044291 -0.078768 0.062759 -0.994916
-9.291447 -35.820722 3154.558034 3061.015736 -0.272554 0.959501 0.071218 -0.956537 -0.278201 0.087419 -0.103691 0.044297 -0.993623
-57.892446 -78.471264 -1455.793885 5369.787736 0.491916 -0.261269 0.830516 0.270067 0.952649 0.139730 -0.827697 0.155559 0.539183
-52.158312 -66.308277 -3657.982697 5915.233248 0.342308 -0.532671 0.774007 0.552707 0.780327 0.292583 -0.759829 0.327646 0.561523
-51.659211 -70.273764 -3474.112425 4596.445975 0.300932 -0.497079 0.813851 0.454817 0.824909 0.335658 -0.838201 0.269143 0.474321
-58.561578 -76.308244 -1034.507021 7350.763644 0.608402 -0.198470 0.768411 0.290416 0.956747 0.017173 -0.738583 0.212711 0.639726
-55.135851 -77.190124 -1680.029850 3156.336787 0.352061 -0.337691 0.872936 0.237778 0.934319 0.265539 -0.905270 0.114079 0.409233
-59.265767 -85.745512 -1637.260490 2731.348230 0.475693 -0.135652 0.869088 0.039100 0.990321 0.133174 -0.878742 -0.029369 0.476393
-61.213654 -87.917314 -628.442805 3785.086094 0.613292 -0.087874 0.784953 0.045530 0.996073 0.075935 -0.788543 -0.010832 0.614884
-25.410371 -33.539105 505.622382 -84.465947 0.152186 0.959095 0.238698 -0.919829 0.225801 -0.320823 0.361598 0.170737 -0.916567
-24.385234 -35.888892 1175.966074 -633.646227 -0.074130 0.983904 0.162596 -0.954996 -0.023082 -0.295721 0.287208 0.177200 -0.941335
-23.284279 -34.331656 853.498665 100.734881 -0.161532 0.969771 0.182897 -0.937837 -0.093158 -0.334339 0.307194 0.225534 -0.924536
5.966681 -59.455663 -1681.118482 -1158.672796 -0.193554 0.930731 -0.310285 -0.765487 0.054550 0.641135 -0.613651 -0.361613 -0.701904
5.827901 -54.753706 -1395.710025 -1243.649826 -0.200361 0.932645 -0.300047 -0.703457 0.076213 0.706640 -0.681912 -0.352653 -0.640806
3.311746 -55.666550 -1536.944376 -1944.759125 -0.200794 0.926617 -0.317902 -0.715995 0.082667 0.693193 -0.668605 -0.366806 -0.646855
-8.871816 -46.317336 -1012.632758 49.608879 0.072165 0.973607 -0.216521 0.012994 0.216151 0.976274 -0.997308 0.073267 -0.002947
-9.040843 -40.787934 -3156.222280 -3486.701141 0.033397 0.987516 -0.153937 -0.122665 0.156908 0.979966 -0.991886 0.013845 -0.126374
-8.143261 -46.715411 -3824.361819 -2675.081392 0.012512 0.981120 -0.192996 0.002215 0.192984 0.981199 -0.999919 0.012704 -0.000242
18.194027 -131.123587 -697.599418 -8328.784161 -0.144967 0.972348 -0.183097 -0.740605 0.016077 0.671749 -0.656117 -0.232984 -0.717795
19.464029 -123.974187 -614.751546 -3533.578157 -0.133076 0.974161 -0.182487 -0.886709 -0.034768 0.461019 -0.442762 -0.223163 -0.868424
18.729985 -127.952311 1136.953798 -6669.702613 -0.109992 0.983339 -0.144731 -0.794664 0.000460 0.607049 -0.597001 -0.181783 -0.781373
20.007595 -148.347075 754.262375 -9008.564361 -0.123809 0.977182 -0.172590 -0.612934 0.061472 0.787739 -0.780374 -0.203315 -0.591337
-72.641356 -274.323792 -20814.067033 96136.850639 0.660077 0.111154 -0.742929 -0.292527 0.948958 -0.117924 0.691901 0.295165 0.658901
-34.428346 -101.435009 -16017.732928 24841.718206 0.701541 -0.345867 -0.623071 -0.008539 0.870184 -0.492654 0.712578 0.350937 0.607516
-33.623763 -247.358064 -11143.865210 77344.130264 0.721309 0.045712 -0.691103 -0.154393 0.983325 -0.096100 0.675186 0.176020 0.716338
-14.321642 -106.858909 3296.188341 3038.423170 -0.105241 0.994287 0.017819 0.868264 0.083136 0.489088 -0.484812 -0.066944 0.872053
-17.630476 -106.477868 3158.339067 -8691.375050 -0.143187 0.989620 0.012213 0.701649 0.092802 0.706453 -0.697987 -0.109725 0.707655
-20.362405 -116.244189 3739.605678 5384.204420 -0.117686 0.992716 0.025788 0.890032 0.093924 0.446118 -0.440446 -0.075454 0.894603
-16.215762 -109.416260 3004.488680 3052.646730 -0.046079 0.997399 0.055428 0.947112 0.025981 0.319848 -0.317576 -0.067235 0.945846
37.096202 -42.805168 -18232.943982 999.682871 -0.708463 -0.287154 -0.644689 0.014456 0.907386 -0.420050 0.705600 -0.306909 -0.638698
16.523508 -41.421747 -13752.553171 1978.236049 -0.724324 -0.323478 -0.608866 -0.116806 0.927913 -0.354025 0.679494 -0.185309 -0.709894
41.200654 -41.048463 -13671.514263 1350.479636 -0.768757 -0.154846 -0.620512 0.037231 0.957765 -0.285133 0.638456 -0.242300 -0.730523
62.469822 -42.339707 -12458.084055 -279.749693 -0.812240 -0.106642 -0.573492 0.144365 0.915813 -0.374761 0.565177 -0.387188 -0.728465
-57.477532 -83.640437 -593.325877 8216.321352 0.289930 -0.933253 0.212084 0.955172 0.296037 -0.003091 -0.059900 0.203473 0.977246
-41.071012 -92.049507 1992.775242 17627.435472 0.350671 -0.929641 0.113129 0.935313 0.341585 -0.092247 0.047113 0.138159 0.989289
-27.308040 -74.383531 -6081.142997 15583.383266 -0.209399 0.977139 -0.036771 0.948908 0.193984 -0.248886 0.236063 0.087009 0.967835
65.241633 -92.209107 -4899.399100 -6943.169082 -0.097544 0.992012 0.079983 -0.050286 0.075351 -0.995888 0.993960 0.101165 -0.042534
70.691527 -102.943784 -3284.688356 -7283.854208 -0.024315 0.999671 0.008180 -0.249990 0.001842 -0.968247 0.967943 0.025588 -0.249863
79.604068 -103.162955 -6728.202473 -442.414056 -0.129169 0.991232 0.027845 -0.429113 -0.030560 -0.902733 0.893967 0.128554 -0.429298
-52.704158 -70.041204 2122.772688 -1094.116966 -0.586432 0.793131 0.164442 -0.482665 -0.179133 -0.857290 0.650486 0.582112 -0.487866
-48.802853 -67.792583 -2131.006488 2316.888730 0.623867 -0.740037 -0.251267 0.478000 0.106951 0.871824 0.618309 0.664008 -0.420461
67.098236 -32.611090 20224.262735 543.889489 0.069077 0.978936 0.192128 0.964462 -0.016297 -0.263720 0.255034 -0.203517 0.945272
67.688542 -33.368618 20397.995286 2184.373417 0.143623 0.982352 0.119821 0.969689 -0.115509 -0.215315 0.197674 -0.147113 0.969166
27.756360 -28.521747 11294.343726 2893.688326 0.220586 0.973698 0.057041 0.950285 -0.201369 -0.237506 0.219773 -0.106596 0.969710
-15.022711 -34.025431 -756.691775 2735.367941 -0.082250 0.965183 0.248306 -0.928750 0.016133 -0.370355 0.361466 0.261076 -0.895087
-18.102666 -38.754554 -827.635047 1667.241493 0.042782 0.947077 0.318144 -0.890680 0.180415 -0.417300 0.452613 0.265512 -0.851261
-2.536887 -14.524018 -510.769267 1816.072017 0.883247 -0.366621 0.292342 0.151458 0.813092 0.562087 0.443774 0.452184 -0.773689
-4.837839 -11.918508 -1766.102756 1168.758087 0.837286 -0.519470 0.170595 0.312841 0.711042 0.629722 0.448422 0.473888 -0.757857
-6.801087 -60.649513 546.150176 1199.157963 0.194798 -0.951675 -0.237422 0.971798 0.154464 0.178184 -0.132900 -0.265436 0.954925
-7.705956 -56.966008 -315.914163 -2417.049029 -0.231122 0.948513 0.216576 0.929397 0.149403 0.337491 -0.287758 -0.279287 0.916075
-6.412862 -59.993503 1270.075087 -1651.971171 0.220361 -0.944123 -0.245099 0.945290 0.144733 0.292369 -0.240558 -0.296116 0.924363
-7.396917 -56.390455 -866.757874 -2361.982025 -0.260697 0.941476 0.213682 0.880927 0.141428 0.451625 -0.394974 -0.305975 0.866242
-6.698144 -65.843987 887.356622 -1223.855205 0.178846 -0.952292 -0.247295 0.982374 0.158951 0.098367 -0.054367 -0.260528 0.963934
-5.217480 -64.430525 765.912247 -330.747831 0.194239 -0.948490 -0.250277 0.973624 0.155274 0.167172 -0.119699 -0.276147 0.953633
-5.887503 -57.616459 -39.714106 -2350.338139 -0.246814 0.944907 0.215020 0.885505 0.129776 0.446138 -0.393655 -0.300515 0.868750
-4.744503 -58.697995 825.676579 -2003.210722 0.235269 -0.941023 -0.243154 0.924956 0.139943 0.353374 -0.298505 -0.308045 0.903329
10.820425 -46.868650 22.176530 517.753673 -0.024591 0.998846 0.041244 -0.760406 0.008094 -0.649398 0.648983 0.047331 -0.759329
9.086380 -49.575514 504.483702 2125.921699 -0.020684 0.995959 0.087393 -0.724597 0.045294 -0.687683 0.688863 0.077549 -0.720732
3.019264 -54.310987 -59.773089 1882.069005 -0.147578 0.936047 0.319431 0.528584 0.347619 -0.774442 0.835954 -0.054555 0.546081
2.296562 -56.812745 836.052864 2381.878691 -0.163392 0.929545 0.330529 0.621082 0.357225 -0.697601 0.766525 -0.091303 0.635691
3.791939 -53.690356 89.288391 1382.578919 -0.173926 0.919910 0.351449 0.529231 0.388285 -0.754420 0.830461 -0.054784 0.554377
1.938596 -55.615513 -204.986168 1783.910673 -0.167686 0.916086 0.364235 0.628299 0.384018 -0.676587 0.759685 -0.115394 0.639971
4.737783 -54.715872 23.102748 -295.490998 -0.152345 0.941778 0.299743 0.452332 0.336095 -0.826097 0.878742 -0.009731 0.477198
4.472132 -56.139183 133.596722 -344.016639 -0.173030 0.927514 0.331327 0.475712 0.373262 -0.796476 0.862415 -0.019802 0.505815
1.909496 -55.775256 319.423286 901.494537 -0.194543 0.906024 0.375863 0.554938 0.417627 -0.719466 0.808825 -0.068613 0.584033
12.149287 -102.288961 1407.464025 -555.459574 -0.262852 0.923648 0.278896 -0.197613 -0.334471 0.921454 -0.944382 -0.187093 -0.270442
13.240629 -99.883911 3595.998911 -180.336406 -0.261816 0.911676 0.316700 -0.380656 -0.399091 0.834163 -0.886879 -0.097843 -0.451523
7.772860 -98.570324 1909.512627 1039.523831 -0.244568 0.924391 0.292724 -0.307265 -0.360218 0.880813 -0.919660 -0.125474 -0.372131
4.580227 -95.309091 2262.235195 -848.745733 -0.246405 0.920993 0.301756 -0.481378 -0.386538 0.786678 -0.841166 -0.048582 -0.538591
8.355162 -100.610107 2050.876309 1198.223575 -0.217122 0.942055 0.255715 -0.143054 -0.289844 0.946322 -0.965605 -0.168886 -0.197696
2.526381 -99.140150 2144.456472 102.747442 -0.209471 0.941596 0.263663 -0.372150 -0.326122 0.868993 -0.904227 -0.083907 -0.418728
-15.175560 -90.514988 2505.132856 3752.513395 -0.235736 0.934239 0.267630 -0.849180 -0.064107 -0.524197 0.472569 0.350838 -0.808450
-53.449995 -56.933436 5425.312974 -6246.795038 0.726237 0.677156 -0.118492 0.661273 -0.641025 0.389622 -0.187878 0.361313 0.913321
5.568756 -99.939755 762.315090 -7949.781494 0.862248 -0.150605 0.483577 0.024807 0.966180 0.256674 -0.505878 -0.209320 0.836823
5.730278 -110.526061 179.933939 -5402.804286 0.861613 -0.148567 0.485336 0.107739 0.987946 0.111154 -0.496000 -0.043482 0.867233
5.449496 -113.493023 -82.811103 -3960.324447 0.867477 -0.164011 0.469664 0.136426 0.986327 0.092453 -0.478405 -0.016127 0.877991
-8.401998 -37.192759 -1173.344616 -2219.279069 -0.010495 0.996389 0.084260 0.864467 0.051393 -0.500056 0.502581 -0.067591 0.861884
4.553596 -170.112923 2259.508457 15073.687692 0.940230 0.030748 0.339150 0.148630 -0.933105 -0.327450 -0.306394 -0.358286 0.881904
7.004694 -172.890324 2145.633443 10648.418190 0.932203 0.056801 0.357452 0.215357 -0.880805 -0.421668 -0.290894 -0.470060 0.833321
8.814369 -255.753101 -385.068618 -37467.781247 0.923829 0.027479 0.381819 -0.150278 0.943383 0.295712 -0.352075 -0.330566 0.875654
-24.598659 -80.230859 6690.414110 8489.109374 0.919840 -0.153847 0.360868 -0.357052 -0.709392 0.607681 -0.162507 0.687818 0.707458
81.602582 -391.290309 8267.291279 148760.222982 0.906380 0.336854 -0.254960 -0.347513 0.251314 -0.903369 0.240229 -0.907398 -0.344847
41.912594 -154.848638 -12115.838431 69284.774691 0.963221 0.193214 -0.186743 -0.251800 0.406381 -0.878323 0.093816 -0.893041 -0.440086
31.087627 -42.213571 -2820.129269 19369.620475 0.832723 0.279462 -0.477990 -0.552215 0.356199 -0.753777 0.040393 -0.891641 -0.450938
-1234.910634 -14879.103633 -445313.405038 10299633.963040 0.923094 -0.329084 0.199001 -0.203253 -0.856755 -0.473982 -0.326475 -0.397082 0.857753
-868.149366 -1763.829215 -283816.157796 839570.903775 0.817652 -0.137543 0.559042 0.277160 -0.757066 -0.591636 -0.504607 -0.638696 0.580895
6.814692 -50.787776 -252.250228 360.144977 0.125053 0.992150 0.000598 0.214504 -0.026448 -0.976365 0.968685 -0.122226 0.216128
10.106199 -49.794437 3009.711857 -129.749239 0.100662 0.994842 -0.012531 0.122121 -0.024854 -0.992204 0.987397 -0.098347 0.123993
15.980158 -48.632218 8903.913591 62.110781 0.069910 0.997361 0.019608 0.213659 0.004229 -0.976899 0.974404 -0.072485 0.212799
-9.362373 -46.531033 596.166489 256.279337 0.250882 0.961523 -0.111944 -0.466882 0.018887 -0.884118 0.847985 -0.274074 -0.453657
-7.725367 -45.097623 -1101.458553 1200.030487 0.270437 0.955904 -0.114508 -0.558018 0.058713 -0.827749 0.784525 -0.287752 -0.549290
19.387468 -40.177073 -1044.539899 -776.229545 -0.652453 -0.282304 -0.703285 -0.128138 0.955760 -0.264772 0.746918 -0.082633 -0.659762
22.498370 -44.944499 -3871.791735 -1646.117873 -0.671329 -0.256362 -0.695410 -0.101755 0.961269 -0.256139 0.734141 -0.101192 -0.671415
21.068519 -38.043244 -730.156587 -1398.806400 -0.644039 -0.351904 -0.679248 -0.108869 0.921039 -0.373944 0.757206 -0.166886 -0.631496
-20.618234 -45.179970 -883.148992 383.413472 -0.508520 0.664009 -0.548178 0.637128 0.718417 0.279185 0.579202 -0.207288 -0.788389
-22.807766 -41.947548 -1748.495944 -982.446745 -0.495279 0.715361 -0.492907 -0.651480 -0.681189 -0.334001 0.574694 -0.155696 -0.803421
-20.152389 -42.373893 -172.816215 -593.592321 -0.447512 0.750722 -0.485952 -0.636605 -0.649069 -0.416465 0.628066 -0.122986 -0.768380
-1.600369 -75.899645 -780.237248 1854.219518 -0.146854 0.931324 0.333270 0.932899 0.242411 -0.266339 0.328837 -0.271794 0.904430
-1.349768 -73.770153 -465.963398 1364.429377 -0.138405 0.936698 0.321622 0.902156 0.253227 -0.349272 0.408605 -0.241812 0.880096
-2.531888 -74.673035 -137.698038 2939.781585 -0.145918 0.938132 0.314031 0.918305 0.246519 -0.309748 0.367999 -0.243179 0.897463
-2.166898 -74.521667 699.916610 -810.180802 0.159959 -0.929734 -0.331673 0.974861 0.201585 -0.094923 0.155113 -0.308151 0.938607
4.156890 -74.441439 3166.498702 1089.624189 -0.337994 0.932005 0.130872 0.366924 0.258545 -0.893600 0.866676 0.254012 0.429361
9.937292 -80.934233 3722.927615 6319.975051 -0.340585 0.927072 0.156649 0.448914 0.306735 -0.839280 0.826123 0.215524 0.520645
