13873
27733
-21.397327 -35.507995 731.522575 3894.962861 0.789774 0.608487 0.077456 -0.600051 0.792604 -0.108246 -0.127258 0.039013 0.991102
-25.686014 -35.761465 -424.341658 2163.643277 0.940434 0.298225 0.163237 -0.303942 0.952631 0.010654 -0.152327 -0.059634 0.986529
-29.826738 -47.936195 -117.232708 -4026.394674 -0.617417 -0.773612 -0.142551 0.782699 -0.622264 -0.013048 -0.078610 -0.119631 0.989701
-17.853522 -26.466901 -238.080328 1572.926339 0.987266 0.009379 0.158803 0.003691 0.996641 -0.081812 -0.159037 0.081356 0.983915
-20.113374 -50.290276 1653.667195 -5678.878844 0.623333 0.781026 0.038143 0.781158 -0.624159 0.014756 -0.035332 -0.020597 0.999163
-12.151405 -45.865194 -3002.206328 -6422.898722 -0.697139 -0.714993 0.052750 0.715414 -0.688981 0.116134 -0.046691 0.118700 0.991832
-14.100313 -28.676674 1761.582666 -3247.740019 0.844215 0.535972 0.005961 0.523713 -0.827171 0.203748 -0.114134 0.168885 0.979005
4.445446 -11.533317 -3021.888814 -1609.253330 0.902333 -0.287189 0.321432 -0.400774 -0.833484 0.380374 -0.158669 0.472045 0.867178
-1.231989 -18.639073 -2191.693066 -495.658840 0.975724 -0.054054 0.212229 -0.125190 -0.932789 0.337983 -0.179696 0.356347 0.916911
-3.238610 -20.753775 -1787.298236 -2757.347144 0.988468 0.022182 0.149796 -0.048431 -0.890946 0.451519 -0.143476 0.453567 0.879598
4.138547 -11.110233 -3511.533162 -1943.391219 0.833239 -0.403855 0.377642 -0.539730 -0.742354 0.396992 -0.120017 0.534614 0.836531
-3.471247 -18.225457 -2369.526223 -1375.039032 0.939484 -0.226479 0.257055 -0.328113 -0.810655 0.484954 -0.098551 0.539949 0.835908
-5.846620 -29.885911 3850.872739 1227.732649 0.384654 -0.646819 -0.658533 0.477556 0.749974 -0.457689 0.789925 -0.138434 0.597373
14.185509 -24.356909 6901.469648 -840.572624 0.508523 -0.300538 -0.806896 0.188365 0.953239 -0.236334 0.840192 -0.031810 0.541355
-13.790657 -33.717441 4664.548595 556.457802 0.455064 -0.565109 -0.688163 0.344702 0.824361 -0.449010 0.821034 -0.032883 0.569931
8.973548 -26.302205 -3394.357657 121.492882 0.665584 0.677818 -0.312348 0.532298 -0.137788 0.835268 -0.523122 0.722203 0.452511
12.863978 -26.043035 -2862.343783 -12.682567 0.686819 0.657517 -0.309760 0.571543 -0.225293 0.789038 -0.449020 0.718967 0.530535
1.191936 -25.817692 -3044.458640 21.242025 0.661567 0.687953 -0.298411 0.562174 -0.191643 0.804509 -0.496276 0.699995 0.513533
1.665283 -26.193848 -2886.572481 205.944413 0.660543 0.681775 -0.314430 0.511219 -0.101711 0.853411 -0.549853 0.724457 0.415721
-4.789066 -38.516338 132.154282 -596.795437 0.893347 0.101257 -0.437811 -0.091856 0.994858 0.042661 0.439879 0.002105 0.898054
-4.225196 -41.353083 208.557440 -1866.040853 0.887957 0.085260 -0.451954 -0.101104 0.994815 -0.010971 0.448675 0.055437 0.891974
-5.221948 -37.752425 120.620562 -2633.084098 0.899408 0.091850 -0.427352 -0.111705 0.993507 -0.021563 0.422597 0.067131 0.903828
1.069400 -27.835554 -4.315934 -435.276311 0.888585 0.002478 -0.458705 0.380594 -0.562181 0.734234 0.256056 0.827010 0.500489
0.562514 -29.952922 -241.688419 -27.418591 0.886195 0.022450 -0.462768 0.368268 -0.640213 0.674171 0.281135 0.767869 0.575621
0.523196 -28.508731 -153.402066 -509.541197 0.884562 0.019709 -0.466006 0.396809 -0.556902 0.729659 0.245139 0.830344 0.500435
0.504657 -30.782993 35.619261 -683.823513 0.878469 0.015922 -0.477534 0.368420 -0.658960 0.655773 0.304235 0.752009 0.584742
1.073625 -27.745391 -61.562233 -453.502643 0.895802 -0.003904 -0.444436 0.394306 -0.454442 0.798752 0.205089 0.890768 0.405551
1.526534 -25.325221 64.548686 -638.096838 0.891063 -0.012928 -0.453696 0.402556 -0.439224 0.803138 0.209657 0.898284 0.386172
0.976735 -28.443105 119.061348 37.551916 0.888482 -0.002957 -0.458902 0.356769 -0.624513 0.694765 0.288645 0.781008 0.553814
1.124547 -25.323872 41.784055 -203.137478 0.894498 -0.015382 -0.446808 0.368787 -0.539567 0.756877 0.252725 0.841802 0.476969
1.053251 -53.061050 -457.656436 -6313.134549 0.718405 0.432120 -0.545130 0.575426 -0.809491 0.116655 0.390869 0.397487 0.830196
2.017420 -45.517226 -461.222814 -5222.022478 0.726271 0.418074 -0.545660 0.614891 -0.749982 0.243794 0.307311 0.512582 0.801760
3.608993 -39.038968 -525.683282 -4449.795715 0.758895 0.353706 -0.546782 0.564215 -0.776391 0.280855 0.325176 0.521642 0.788765
-0.597014 -85.209840 19.951907 -1357.443983 0.960676 0.002058 -0.277664 0.227911 0.565365 0.792729 -0.158613 0.824839 -0.542663
0.886236 -86.638643 -89.484409 -2887.246627 0.961124 0.035329 -0.273848 0.137885 0.797859 0.586863 -0.239226 0.601808 -0.761970
-0.340589 -82.227653 146.116230 -1468.961612 0.963694 0.020379 -0.266230 0.167819 0.729303 0.663291 -0.207680 0.683888 -0.699405
-0.692460 -82.660669 160.289359 -1445.175656 0.959704 0.006054 -0.280949 0.231851 0.547868 0.803794 -0.158789 0.836543 -0.524387
-1.802833 -79.249709 465.909729 -1464.890921 0.962548 0.005025 -0.271064 0.223440 0.551548 0.803660 -0.153543 0.834128 -0.529769
-0.947062 -77.719426 771.931976 -2250.590600 0.970880 0.023729 -0.238387 0.134169 0.770527 0.623126 -0.198470 0.636965 -0.744906
-12.129316 -29.710696 -2083.164341 -102.334896 -0.058708 -0.346131 0.936348 0.938539 -0.338733 -0.066371 0.340145 0.874902 0.344743
-18.319911 -33.376570 -2496.086983 -568.131131 -0.076604 -0.382161 0.920915 0.919486 -0.384266 -0.082977 0.385587 0.840412 0.380828
-4.810330 -28.679520 -3338.907674 -483.267984 -0.300646 -0.178227 0.936935 0.819600 -0.550647 0.158250 0.487716 0.815489 0.311625
-20.948616 -32.541617 -1624.483566 -487.110768 0.237875 -0.473633 0.847990 0.945569 -0.086684 -0.313663 0.222068 0.876446 0.427233
-11.249774 -27.799468 -1360.296949 -498.000571 0.028863 -0.366698 0.929892 0.972635 -0.204250 -0.110735 0.230537 0.907642 0.350768
-0.119496 -48.309034 -107.459364 -2023.760438 0.887083 0.291891 -0.357608 -0.154994 -0.541378 -0.826370 0.434811 -0.788486 0.435006
-0.508365 -47.626491 300.903385 -1578.798423 0.877390 0.288681 -0.383210 -0.156612 -0.582644 -0.797495 0.453496 -0.759730 0.465996
-0.765953 -58.379914 -128.646701 -3531.776038 0.894857 0.313706 -0.317522 -0.183412 -0.390106 -0.902318 0.406929 -0.865683 0.291551
-1.052508 -56.047625 -1178.640002 250.574354 0.887496 0.105188 -0.448649 0.027505 0.959771 0.279432 0.459994 -0.260335 0.848900
0.973283 -52.283236 376.100632 180.593039 0.848282 0.115722 -0.516745 0.000567 0.975631 0.219417 0.529544 -0.186420 0.827545
0.603777 -52.397067 226.949065 268.873515 0.846688 0.182774 -0.499712 0.051892 0.906311 0.419413 0.529553 -0.381044 0.757878
1.851159 -48.196507 54.993492 487.690394 0.853134 0.175765 -0.491191 0.052503 0.907828 0.416043 0.519042 -0.380730 0.765271
1.014924 -48.238328 177.784515 36.995605 0.851161 0.199187 -0.485644 -0.122006 -0.824789 -0.552121 0.510529 -0.529195 0.677726
-0.709983 -56.087978 -680.955914 166.571311 0.872868 0.166684 -0.458605 0.071693 0.885839 0.458421 0.482661 -0.433020 0.761270
-3.339106 -89.303349 91.447158 -1940.518070 -0.526623 0.457352 0.716587 0.794480 -0.035107 0.606274 0.302438 0.888592 -0.344870
-4.246762 -79.443402 -91.620769 193.437807 -0.493158 0.461221 0.737611 0.866385 0.183818 0.464315 0.078565 0.868036 -0.490246
-3.616576 -90.468129 -338.772301 -2287.361007 -0.504313 0.457373 0.732447 0.818456 -0.017259 0.574311 0.275315 0.889108 -0.365635
-4.013432 -77.597637 194.400108 794.880490 -0.516275 0.466158 0.718441 0.842126 0.123681 0.524906 0.155832 0.876014 -0.456417
-3.114582 -124.650627 -99.940612 -11634.760195 -0.554292 0.459074 0.694271 0.687944 -0.216831 0.692617 0.468502 0.861531 -0.195629
-3.079954 -80.692294 201.191347 -577.283092 -0.529065 0.471118 0.705789 0.776906 -0.065635 0.626187 0.341332 0.879625 -0.331289
-1.842845 -95.315811 293.490215 -4819.158393 -0.537918 0.468876 0.700571 0.694135 -0.225213 0.683707 0.478352 0.854069 -0.204317
-3.538050 -57.410213 1075.918972 1962.795780 -0.282814 0.764362 0.579453 0.706013 -0.243045 0.665188 -0.649278 -0.597226 0.470913
-1.926133 -49.976869 -68.940022 2261.392047 0.368897 -0.765795 -0.526758 0.797721 -0.030006 0.602279 -0.477029 -0.642385 0.599821
-4.426090 -57.503291 2766.868192 1960.163123 -0.307633 0.805166 0.507020 0.745770 -0.126895 0.654007 -0.590923 -0.579314 0.561432
0.161973 -63.908645 1696.117140 1801.226561 -0.275405 0.780292 0.561512 0.621210 -0.301315 0.723400 -0.733655 -0.548045 0.401742
28.000865 -319.368987 694.738797 7437.057441 0.164286 -0.180409 -0.969774 0.891020 0.448929 0.067430 0.423195 -0.875166 0.234501
24.264949 -400.605041 5011.507867 70138.165801 0.058669 -0.098580 -0.993398 0.632705 0.773391 -0.039380 0.772167 -0.626218 0.107746
16.100549 -1008.800602 5309.383143 -243975.872649 0.211054 -0.044830 -0.976446 0.877083 0.449652 0.168933 0.431488 -0.892078 0.134221
-8.455228 -594.786869 5767.718197 -57392.841103 0.141878 0.006282 -0.989864 0.857875 0.498141 0.126121 0.493884 -0.867073 0.065286
5.736037 -335.519491 4253.666696 -42086.017842 0.075071 -0.080619 -0.993914 0.994878 -0.061611 0.080141 -0.067697 -0.994839 0.075581
27.763043 -435.263365 5263.606616 -28739.384677 0.171537 -0.183727 -0.967894 0.980606 -0.062698 0.185691 -0.094802 -0.980976 0.169408
-1025.582479 -4937.585785 141992.083853 -1968760.780847 0.677442 -0.716680 -0.165659 0.725146 0.612889 0.313895 -0.123432 -0.332773 0.934894
-378.617413 -1557.910632 -80195.783705 -160427.529774 -0.606167 -0.526718 0.595928 0.744548 -0.639267 0.192316 0.279661 0.560273 0.779669
-528.801922 -2255.369963 -107240.341381 -417752.251682 0.612350 -0.274187 0.741518 0.202010 0.961063 0.188545 -0.764343 0.034339 0.643895
-0.974127 -7.213004 -882.674162 -287.377836 0.948055 -0.107436 -0.299414 0.183794 0.953236 0.239920 -0.259636 0.282488 -0.923466
0.344727 -9.000989 -34.059670 -357.773640 0.952846 -0.119104 -0.279104 0.193125 0.947457 0.255004 -0.234067 0.296881 -0.925783
0.292791 -10.260209 -280.738570 -481.960405 0.960384 -0.057849 -0.272611 0.141335 0.944186 0.297551 -0.240182 0.324293 -0.914957
2.738169 -28.764273 -515.421875 2574.714085 -0.561613 0.759950 0.327212 -0.647752 -0.649883 0.397580 -0.514790 -0.011334 -0.857241
6.157208 -22.129340 -380.401449 5706.083215 -0.592281 0.726119 0.349221 -0.527327 -0.677033 0.513373 -0.609204 -0.119907 -0.783896
2.022479 -23.028093 -458.342453 -3648.342929 -0.647049 0.670646 0.362714 0.517405 0.735643 -0.437174 -0.560017 -0.095204 -0.822993
-10.636298 -22.183865 -542.902711 -288.115743 -0.677036 -0.163639 0.717527 0.355310 0.781134 0.513405 -0.644498 0.602538 -0.470713
-12.305617 -22.585585 -20.561748 -390.966018 -0.681638 -0.325184 0.655458 0.270600 0.720265 0.638744 -0.679813 0.612759 -0.402965
-11.904235 -23.172937 584.164342 -272.513232 0.682727 0.199989 -0.702771 0.386411 0.717488 0.579566 -0.620137 0.667244 -0.412571
-10.367172 -21.008447 -143.136284 -391.385352 -0.677456 -0.270086 0.684183 0.244288 0.794742 0.555616 -0.693813 0.543543 -0.472424
-10.334134 -23.129150 725.779231 -175.371515 0.683264 0.126861 -0.719067 0.430632 0.725279 0.537147 -0.589667 0.676666 -0.440926
-8.502944 -21.888227 -428.742388 -185.017188 -0.673684 -0.091547 0.733327 0.389963 0.798867 0.457975 -0.627757 0.594500 -0.502484
-8.569095 -20.507669 -323.603244 -274.218785 -0.680891 -0.173266 0.711594 0.280109 0.836134 0.471614 -0.676702 0.520442 -0.520783
3.828640 -30.196184 -336.569559 -119.932404 0.960237 -0.031315 -0.277424 0.164419 0.866519 0.471287 -0.225634 0.498161 -0.837213
2.699837 -30.196035 -461.264224 747.591037 0.961104 -0.016117 -0.275717 0.127273 0.911825 0.390355 -0.245114 0.410263 -0.878410
4.207477 -28.966007 -331.484860 335.568309 0.960830 -0.041052 -0.274081 0.160273 0.889123 0.428687 -0.226093 0.455823 -0.860876
4.572473 -29.338259 -426.103851 -8.803894 0.953672 -0.062113 -0.294366 0.218326 0.816071 0.535128 -0.206985 0.574604 -0.791825
-833.685492 -1449.316041 58983.222311 -528655.407443 -0.001049 -0.946410 -0.322965 0.989674 0.045309 -0.135986 0.143332 -0.319773 0.936590
-2355.666713 -10241.295948 197705.557627 2588500.395349 0.727929 0.676110 0.113995 -0.575179 0.692643 -0.435219 -0.373214 0.251241 0.893079
120.361206 -276.295906 37805.798644 -85083.030477 0.846962 -0.105789 0.521022 0.316876 -0.686465 -0.654488 -0.426901 -0.719426 0.547888
-112.452772 -198.630163 13241.590001 -31683.461006 0.497020 0.434734 0.750984 0.848581 -0.062655 -0.525342 -0.181332 0.898377 -0.400048
-149.421820 -195.096722 -1574.201642 21513.373723 0.818136 0.501553 0.281243 -0.530126 0.468416 0.706791 -0.222754 0.727345 -0.649115
-152.268814 -880.581306 -36051.917640 184618.975298 0.740364 0.138060 -0.657876 0.464788 0.601898 0.649378 -0.485627 0.786548 -0.381455
-142.000750 -171.919960 16158.624924 -5292.150631 0.790726 0.260040 0.554195 -0.556863 0.681572 0.474725 0.254277 0.683988 -0.683743
-114.073026 -243.747025 15150.530316 -52804.862157 0.443986 0.305834 0.842224 0.788674 0.312747 -0.529323 -0.425288 0.899252 -0.102348
-94.346595 -154.656914 12965.324438 -3497.576300 0.494894 0.270492 0.825781 0.834868 -0.411565 -0.365527 0.240990 0.870315 -0.429506
-10.569038 -74.598319 248.823359 -1845.540147 0.752032 0.356560 -0.554357 0.102927 0.767204 0.633091 0.651040 -0.533163 0.540263
-10.325208 -76.513462 331.301402 -1979.944879 0.749989 0.351731 -0.560181 -0.012967 0.854553 0.519203 0.661324 -0.382132 0.645466
-11.533153 -76.880607 -526.301706 -2964.109127 0.794010 0.296216 -0.530852 0.077591 0.816723 0.571789 0.602932 -0.495196 0.625503
-11.164626 -70.182679 -503.557934 2890.282903 0.803264 0.302580 -0.513043 -0.168302 -0.710948 -0.682809 0.571351 -0.634822 0.520153
-20.741800 -29.748690 14894.764861 1534.213541 -0.006177 0.926139 -0.377132 -0.484304 -0.332728 -0.809161 0.874878 -0.177649 -0.450588
23.155133 -43.583452 22534.823727 3608.192832 -0.152372 0.857255 -0.491829 -0.395289 -0.508964 -0.764658 0.905831 -0.077902 -0.416416
-37.675044 -43.732706 13796.464625 4984.536250 -0.074469 0.795330 -0.601585 -0.402414 -0.575928 -0.711597 0.912424 -0.189094 -0.362941
48.225650 -36.464236 22523.524530 2039.215713 -0.106649 0.907589 -0.406089 -0.499896 -0.401990 -0.767143 0.859494 -0.121187 -0.496572
-18.602704 -29.380024 2721.244210 2517.467659 0.398667 0.899299 0.179793 -0.372659 0.337985 -0.864229 0.837968 -0.277538 -0.469875
81.067958 -24.069865 -11834.586548 -107.942759 0.880714 0.373785 -0.290909 0.103223 -0.750893 -0.652307 0.462264 -0.544468 0.699905
65.880388 -23.587121 3503.372658 -124.713485 0.596133 0.573493 -0.561899 -0.108387 0.750927 0.651430 0.795536 -0.327436 0.509812
66.787169 -22.883411 -222.734913 610.516701 0.687384 0.518007 -0.509089 -0.078189 0.749645 0.657205 0.722073 -0.411947 0.555797
81.822923 -25.427597 14967.353178 115.486452 0.374348 0.645589 -0.665641 -0.087216 0.739167 0.667851 0.923178 -0.191954 0.333011
83.059753 -22.401686 -15945.853616 -302.503973 0.910794 0.305013 -0.278245 0.042587 -0.739759 -0.671523 0.410658 -0.599770 0.686758
-5.039714 -28.389411 418.774362 293.006201 0.971106 0.017366 -0.238015 -0.224250 0.407584 -0.885205 -0.081638 -0.913002 -0.399702
-1.089390 -30.145479 938.498124 197.028237 0.982009 0.037114 -0.185149 -0.187559 0.305369 -0.933580 -0.021890 -0.951510 -0.306836
-4.142945 -30.141237 741.194662 479.601677 0.968678 0.050402 -0.243151 -0.246914 0.299561 -0.921573 -0.026389 -0.952745 -0.302623
-0.613322 -32.362415 1494.424102 358.129735 0.970852 0.062029 -0.231514 -0.238739 0.164775 -0.957002 0.021214 -0.984379 -0.174781
-7.382125 -29.501977 398.310456 899.066659 0.954962 0.030365 -0.295170 -0.286944 0.347828 -0.892569 -0.075565 -0.937067 -0.340876
-5.098094 -30.556566 1048.108729 402.435407 0.953013 0.060722 -0.296780 -0.302848 0.213549 -0.928806 -0.006978 -0.975043 -0.221905
1.272429 -23.992924 1004.756567 172.621715 0.860286 0.453038 -0.233804 -0.497535 0.846110 -0.191200 -0.111203 -0.280812 -0.953299
2.749575 -23.210134 797.121692 642.739503 0.875690 0.422983 -0.232922 -0.457205 0.881479 -0.118149 -0.155340 -0.209955 -0.965292
6.032540 -24.996543 1047.756324 381.411243 0.872475 0.423853 -0.243179 -0.472157 0.859445 -0.196016 -0.125917 -0.285838 -0.949969
10.040529 -26.952538 1050.700430 137.571470 0.868292 0.417607 -0.267717 -0.485632 0.825665 -0.287121 -0.101141 -0.379318 -0.919722
4.524545 -25.563540 1147.753593 -0.376352 0.852028 0.461571 -0.246981 -0.518724 0.807951 -0.279535 -0.070523 -0.366287 -0.927826
-1.720765 -29.973386 436.785943 1255.217475 0.804190 0.229203 0.548402 0.567075 -0.019465 -0.823436 0.178060 -0.973184 0.145628
-0.084598 -30.274847 206.152885 1455.390156 0.822281 0.224131 0.523086 0.542811 -0.032852 -0.839212 0.170909 -0.974005 0.148674
-0.944855 -31.984372 290.955697 2543.109386 0.835832 0.226050 0.500285 0.529243 -0.089601 -0.843726 0.145898 -0.969986 0.194527
-2.897603 -31.649629 589.735530 2333.173427 0.828430 0.228500 0.511362 0.541754 -0.095201 -0.835128 0.142145 -0.968878 0.202658
-4.073542 -28.796759 537.312523 1396.259965 0.780360 0.219571 0.585514 0.599769 0.002169 -0.800171 0.176965 -0.975594 0.130000
-1.110304 -25.712351 0.318613 -1212.861726 0.757724 0.206074 0.619183 0.624764 0.044965 -0.779518 0.188480 -0.977503 0.094677
-5.449890 -30.379375 922.181105 2392.141358 0.819913 0.230134 0.524196 0.551508 -0.071906 -0.831064 0.153564 -0.970499 0.185878
0.575608 -47.814941 91.938286 -1149.259476 0.879751 0.186911 0.437152 0.360871 0.336105 -0.869946 0.309531 -0.923092 -0.228238
0.828195 -44.870280 -283.369504 -1092.317351 0.875703 0.164870 0.453832 0.376612 0.354978 -0.855660 0.302172 -0.920222 -0.248763
1.644325 -48.037320 -169.401919 -108.301907 0.864816 0.162632 0.475021 0.338869 0.509051 -0.791223 0.370488 -0.845232 -0.385125
0.293866 -42.358433 -97.040762 -2199.472455 0.889462 0.181366 0.419481 0.384400 0.199532 -0.901346 0.247173 -0.962961 -0.107759
1.038612 -48.851649 -67.923376 325.734164 0.867728 0.172304 0.466219 0.305310 0.555402 -0.773508 0.392217 -0.813535 -0.429332
0.417124 -40.184971 127.331744 -2087.039286 0.897196 0.196379 0.395569 0.380370 0.111517 -0.918086 0.224405 -0.974166 -0.025356
-0.830203 -89.278774 428.439278 2174.913670 0.784155 -0.103792 0.611823 -0.563425 -0.532310 0.631821 -0.260102 0.840163 0.475893
-0.012437 -87.729676 -453.046034 854.999700 0.770502 -0.069001 0.633692 -0.593366 -0.440866 0.673464 -0.232904 0.894917 0.380631
-0.546495 -86.268132 -309.484680 2413.929408 0.785564 -0.074072 0.614331 -0.488425 -0.683776 0.542118 -0.379910 0.725923 0.573328
-0.896850 -90.818574 404.310917 -1779.787092 0.769808 -0.111341 0.628490 -0.633335 -0.255526 0.730474 -0.079263 0.960370 0.267222
-0.203777 -84.822888 415.681724 3093.938489 0.797404 -0.095404 0.595856 -0.458581 -0.737625 0.495593 -0.392237 0.668437 0.631936
-0.849169 -94.942109 422.059550 2623.727099 0.788247 -0.099517 0.607259 -0.541890 -0.579865 0.608368 -0.291585 0.808612 0.511004
5.630991 -29.402869 370.794283 165.150976 0.908498 0.218670 -0.356111 -0.403059 0.683528 -0.608550 -0.110340 -0.696400 -0.709121
8.725436 -29.149482 1841.892321 490.569377 0.906882 0.239128 -0.346963 -0.400232 0.746404 -0.531692 -0.131832 -0.621047 -0.772606
6.423911 -29.513274 2100.216617 337.628235 0.908231 0.234400 -0.346660 -0.410106 0.663354 -0.625918 -0.083243 -0.710646 -0.698608
5.939830 -29.884121 484.335333 270.611401 0.896549 0.231918 -0.377378 -0.439498 0.571850 -0.692697 -0.055155 -0.786894 -0.614619
7.288593 -29.058381 -2087.440968 146.986783 0.885669 0.206557 -0.415843 -0.448267 0.613822 -0.649830 -0.121027 -0.761943 -0.636236
8.514221 -28.231672 -1982.246140 -223.394080 0.880781 0.220789 -0.418899 -0.446630 0.681242 -0.580027 -0.157308 -0.697970 -0.698636
-2.256576 -26.081405 -206.603648 2257.020825 0.699328 0.159865 0.696695 0.681724 -0.442228 -0.582827 -0.214924 -0.882541 0.418246
-1.565145 -27.903433 -82.435668 2794.255563 0.723445 0.153603 0.673078 0.657800 -0.449334 -0.604481 -0.209587 -0.880060 0.426109
-3.430194 -27.123595 229.993240 763.605971 0.702599 0.176493 0.689351 0.638539 -0.583911 -0.501313 -0.314041 -0.792400 0.522953
-3.390428 -28.042905 98.861975 2367.716548 -0.670576 -0.176698 -0.720490 0.702000 -0.465148 -0.539290 -0.239843 -0.867419 0.435958
-4.348764 -32.630613 508.652975 -1262.140162 0.727776 0.165972 0.665428 0.553362 -0.715283 -0.426803 -0.405132 -0.678840 0.612409
-6.325946 -31.689823 544.131637 -700.193424 0.658406 0.221701 0.719271 0.623535 -0.695897 -0.356274 -0.421552 -0.683063 0.596421
-3.627141 -118.120374 -740.638585 3105.315113 -0.272426 0.022188 -0.961921 0.922386 0.290550 -0.254527 0.273839 -0.956603 -0.099619
-4.501020 -121.018565 222.671208 2748.871637 -0.262622 0.045126 -0.963843 0.925969 0.292661 -0.238601 0.271312 -0.955151 -0.118645
-2.706792 -137.485069 70.481179 2746.682707 -0.289797 0.044550 -0.956051 0.949796 -0.109683 -0.293013 -0.117916 -0.992968 -0.010528
-5.312294 -111.579325 -97.180941 3808.208238 -0.235118 0.050015 -0.970679 0.769632 0.619513 -0.154499 0.593621 -0.783391 -0.184152
-2.682941 -123.950286 -413.572686 2813.205295 -0.277598 0.035853 -0.960028 0.958288 -0.060394 -0.279351 -0.067996 -0.997530 -0.017592
-3.966075 -103.435732 -482.980964 4494.828554 -0.251326 0.035794 -0.967240 0.776896 0.603490 -0.179534 0.577294 -0.796566 -0.179481
17.024665 -314.781007 -904.764308 -15641.436698 -0.335759 0.094716 -0.937174 0.793190 0.565058 -0.227067 0.508051 -0.819597 -0.264851
15.059112 -649.269620 2138.870488 -126998.838466 -0.427867 0.132245 -0.894115 0.873708 0.313822 -0.371685 0.231439 -0.940227 -0.249818
12.941398 -249.735374 -1035.563769 -24890.117948 -0.369897 0.030527 -0.928571 0.928319 0.052400 -0.368074 0.037421 -0.998159 -0.047721
32.178617 -510.168736 -6888.970499 -70227.486827 -0.214664 0.110478 -0.970420 0.660722 0.748149 -0.060983 0.719281 -0.654269 -0.233596
21.919058 -463.268490 2428.865018 45006.906834 -0.408960 0.082132 -0.908849 0.271638 0.961751 -0.035317 0.871186 -0.261321 -0.415628
16.424270 -482.346252 -2905.964825 -106339.430938 -0.307653 0.020867 -0.951270 0.904715 0.316047 -0.285664 0.294685 -0.948514 -0.116111
-127.112253 -969.753007 -26436.243287 157734.509431 -0.247412 0.164245 0.954888 0.854813 -0.426982 0.294926 0.456160 0.889219 -0.034758
-713.929287 -3013.055371 126563.778361 797032.040127 0.741004 -0.050879 -0.669571 0.363998 -0.807486 0.464190 0.564286 0.587688 0.579830
183.441945 -4098.959099 18866.129776 -1513158.939234 0.249060 -0.269772 -0.930157 0.087918 0.962754 -0.255685 0.964489 -0.018096 0.263501
-8.580252 -32.466316 330.256054 -373.510295 -0.117828 0.577732 -0.807677 0.973033 0.229588 0.022273 0.198301 -0.783272 -0.589204
-3.252481 -28.734224 1424.077579 -810.074772 0.098213 0.655517 -0.748767 0.954756 0.150163 0.256694 0.280704 -0.740101 -0.611111
-6.028316 -34.262890 504.512133 -589.638180 -0.016730 0.595979 -0.802826 0.945836 0.269793 0.180571 0.324213 -0.756320 -0.568212
-4.333892 -40.625799 302.429545 -902.229707 -0.031610 0.559155 -0.828460 0.892607 0.388745 0.228319 0.449725 -0.732273 -0.511394
-8.197809 -39.256575 -257.899750 -547.245649 -0.137412 0.511493 -0.848229 0.946198 0.321066 0.040324 0.292963 -0.797052 -0.528092
-9.511639 -35.898487 -153.170107 -406.330440 -0.179958 0.522114 -0.833674 0.966210 0.252815 -0.050234 0.184538 -0.814544 -0.549968
-8.287813 -19.208937 129.064627 -66.795528 -0.653183 -0.521125 0.549346 -0.592364 0.803582 0.057969 -0.471654 -0.287548 -0.833582
-8.805426 -19.737986 110.205434 -44.923953 -0.663861 -0.538705 0.518734 -0.584376 0.806511 0.089695 -0.466684 -0.243591 -0.850217
-8.786797 -19.374481 -30.950644 -342.437703 -0.661793 -0.552643 0.506572 -0.630371 0.775953 0.022998 -0.405786 -0.304108 -0.861891
-8.856917 -19.240493 -53.817836 -218.436840 -0.660599 -0.516356 0.544964 -0.626956 0.778741 -0.022127 -0.412960 -0.356285 -0.838168
-8.477592 -18.655218 -11.879262 -504.170775 -0.688357 -0.544059 0.479754 -0.639202 0.767624 -0.046621 -0.342906 -0.338752 -0.876164
-8.686544 -18.832061 173.076620 -324.994672 0.670455 0.537015 -0.511963 -0.652281 0.755454 -0.061792 -0.353581 -0.375372 -0.856782
2.521746 -87.353857 1621.080291 -4479.023107 0.176105 -0.607324 0.774690 0.975555 0.212773 -0.054961 -0.131454 0.765431 0.629949
-5.866728 -70.775918 1882.588621 -3257.166621 0.287518 -0.520845 0.803775 0.863805 0.503529 0.017294 -0.413731 0.689333 0.594682
0.714365 -97.802409 2030.833827 -1740.961720 0.347451 -0.498502 0.794213 0.888831 0.444943 -0.109569 -0.298759 0.743991 0.597680
-3.077365 -89.503393 1832.384961 2073.511599 0.492140 -0.367611 0.789089 0.663164 0.745533 -0.066284 -0.563925 0.555916 0.610693
9.523901 -98.063256 808.300203 406.501137 0.238320 -0.548868 0.801216 0.970668 0.107661 -0.214970 0.031730 0.828947 0.558427
-29.414151 -44.199440 -414.151939 -1941.352362 0.906898 0.377583 0.186995 0.407775 -0.898255 -0.163880 -0.106091 -0.224874 0.968595
-23.421486 -36.946703 348.650554 1847.724839 0.972992 0.098388 0.208820 -0.123832 0.985909 0.112466 -0.194813 -0.135287 0.971466
-20.788884 -30.009787 -84.957285 1351.067269 0.953655 -0.192419 0.231339 0.185084 0.981281 0.053214 -0.237248 -0.007930 0.971417
-28.168962 -43.806339 -453.202339 3.673425 0.680498 -0.604741 0.413776 0.174841 0.682386 0.709775 -0.711585 -0.410656 0.570096
-28.115699 -43.660752 -849.293501 149.292035 0.612802 -0.621420 0.488171 0.014599 0.626551 0.779244 -0.790102 -0.470396 0.393023
-29.056688 -44.738184 -1.658108 -68.211851 0.732862 -0.500628 0.460744 -0.031729 0.651305 0.758153 -0.679637 -0.570240 0.461432
-26.441039 -43.248379 668.377530 -126.339268 -0.556435 0.712664 -0.427188 0.191563 0.610315 0.768648 -0.808507 -0.345869 0.476121
-30.075667 -45.164959 -30.728138 -174.248804 0.775993 -0.479230 0.410090 0.049018 0.694025 0.718281 -0.628834 -0.537279 0.562049
-29.434778 -44.539840 -423.426376 247.544558 0.779902 -0.499125 0.377661 0.177059 0.754676 0.631755 -0.600336 -0.425838 0.676948
-30.941987 -44.976648 -516.578302 -109.964028 0.757946 -0.323642 0.566368 0.335040 -0.551824 -0.763701 -0.559701 -0.768600 0.309820
-31.346039 -45.800806 -72.234323 171.131982 0.795821 -0.387749 0.465101 0.134126 -0.636131 -0.759834 -0.590490 -0.667074 0.454240
-30.270076 -44.659033 661.695078 146.673649 0.748598 -0.408263 0.522419 0.224094 -0.585766 -0.778883 -0.624005 -0.700142 0.347014
-30.963107 -44.177122 576.845948 296.979736 0.721168 -0.340548 0.603278 0.401464 -0.504251 -0.764564 -0.564574 -0.793573 0.226932
1.306182 -24.247716 -2269.700081 2144.866561 -0.340232 0.733591 0.588291 0.579297 0.656317 -0.483387 0.740714 -0.176332 0.648267
-3.638970 -35.669285 -2517.235107 1368.588384 -0.158515 0.874045 0.459259 0.779822 0.396124 -0.484730 0.605599 -0.281304 0.744391
6.332951 -23.950284 -1163.576510 2024.014501 -0.245167 0.854809 0.457379 0.719346 0.476678 -0.505291 0.649950 -0.205133 0.731769
9.776363 -9.492643 1358.889726 1224.799948 0.506488 -0.600244 -0.619012 0.479145 0.792788 -0.376705 0.716861 -0.105800 0.689142
21.808681 -12.685018 4558.603332 -784.919209 0.592655 -0.333963 -0.732959 0.279280 0.938742 -0.201906 0.755489 -0.085040 0.649619
4.499720 -28.983772 909.428332 469.298535 0.932853 0.215284 0.288855 -0.348206 0.744457 0.569681 0.092397 0.632010 -0.769433
12.003976 -31.465051 385.813753 -839.039579 0.957557 0.187263 0.219129 -0.268097 0.857838 0.438449 0.105872 0.478587 -0.871634
6.266880 -30.171677 2366.617512 -601.426784 0.901524 0.223176 0.370739 -0.370121 0.841565 0.393419 0.224199 0.491895 -0.841293
10.239933 -29.459268 4.834322 333.564722 0.974878 0.157127 0.157874 -0.218357 0.814094 0.538118 0.043971 0.559072 -0.827952
-3.055055 -29.978902 1850.394124 -99.121364 0.874860 0.272024 0.400778 -0.455543 0.743282 0.489911 0.164623 0.611175 -0.774186
-2.965996 -29.766661 1836.823529 753.276933 0.884853 0.254472 0.390229 -0.457037 0.636507 0.621270 0.090288 0.728082 -0.679518
6.458782 -29.623755 76.725198 855.454976 0.975986 0.147996 0.159838 -0.217217 0.716341 0.663078 0.016365 0.681875 -0.731286
0.803033 -30.411503 1274.335814 456.839405 0.914246 0.217286 0.341966 -0.398659 0.633024 0.663590 0.072284 0.743012 -0.665363
5.121073 -29.091843 5.607738 1170.107684 0.949944 0.198200 0.241503 -0.311281 0.666416 0.677491 0.026663 0.718754 -0.694753
-3.862530 -40.703216 247.776408 -830.079432 0.877260 0.112537 -0.466637 -0.083226 0.993065 0.083032 0.472746 -0.034005 0.880543
-3.397400 -43.901080 228.403186 -1798.932895 0.876515 0.076305 -0.475289 -0.082308 0.996573 0.008204 0.474286 0.031930 0.879792
-3.466433 -37.311837 212.315941 856.548992 0.881574 0.066258 -0.467373 -0.168690 0.968941 -0.180823 0.440876 0.238250 0.865370
0.161753 -32.398744 -147.423385 -728.295445 0.871115 0.046322 -0.488890 0.395840 -0.655426 0.643216 0.290636 0.753837 0.589288
0.263148 -32.621287 -224.070455 -1028.405214 0.873733 0.042835 -0.484516 0.381002 -0.679498 0.626993 0.302371 0.732426 0.610020
1.947761 -53.250013 670.213932 -5227.382893 0.681278 0.449113 -0.578064 0.607492 -0.787467 0.104158 0.408428 0.422130 0.809317
3.926049 -42.619902 57.418897 -3491.593216 0.735157 0.421311 -0.531076 0.612955 -0.747731 0.255313 0.289536 0.513220 0.807944
0.390261 -83.827942 -358.782714 -566.053989 0.953093 0.015584 -0.302276 0.237616 0.580092 0.779122 -0.187490 0.814402 -0.549179
0.764860 -89.285281 136.161939 -1267.651414 0.957076 0.008637 -0.289707 0.195466 0.718802 0.667171 -0.214004 0.695161 -0.686260
1.190846 -90.164126 404.360223 -1622.176034 0.967840 0.054558 -0.245578 0.057174 0.902950 0.425926 -0.244982 0.426269 -0.870792
1.843339 -81.953904 91.552707 -896.628891 0.965498 0.074754 -0.249450 0.020160 0.933581 0.357800 -0.259628 0.350484 -0.899863
7.174588 -25.276327 -3768.068417 -201.178753 -0.400809 -0.090061 0.911724 0.762463 -0.584526 0.277451 0.507939 0.806361 0.302951
14.636192 -25.605663 -4171.714819 -890.432546 -0.484370 -0.022110 0.874584 0.671078 -0.650752 0.355212 0.561284 0.758968 0.330042
17.221646 -23.580362 -4587.520714 -419.324438 -0.489988 -0.039172 0.870848 0.706421 -0.603173 0.370340 0.510766 0.796648 0.323220
6.906575 -21.606914 -2530.622700 449.759709 -0.441206 -0.104268 0.891328 0.777864 -0.539728 0.321904 0.447510 0.835358 0.319237
-0.238753 -40.652460 269.020135 2.571108 0.870622 0.267917 -0.412598 -0.168146 -0.626127 -0.761375 0.462325 -0.732246 0.500071
-1.081207 -45.137957 218.823385 -2168.812943 0.881516 0.296222 -0.367671 -0.163483 -0.539048 -0.826257 0.442948 -0.788466 0.426752
-0.314080 -41.078147 -108.075044 784.103596 0.873554 0.252315 -0.416222 -0.158340 -0.661313 -0.733208 0.460252 -0.706401 0.537741
0.363996 -48.904638 444.907418 1931.239949 0.862710 0.256010 -0.436109 -0.145263 -0.700586 -0.698626 0.484386 -0.666062 0.567214
-4.605889 -84.837577 -292.262219 688.148984 -0.481354 0.454664 0.749386 0.874479 0.190697 0.446007 0.059878 0.870009 -0.489386
-4.415872 -79.489103 113.423279 -251.510181 -0.477016 0.469486 0.742993 0.858607 0.429516 0.279838 -0.187747 0.771426 -0.607991
-4.442155 -81.727753 -517.199676 832.101776 -0.475316 0.469639 0.743986 0.869406 0.380409 0.315312 -0.134937 0.796698 -0.589121
-4.554661 -75.072040 196.810244 -99.160555 -0.496023 0.469317 0.730549 0.864516 0.345487 0.365037 -0.081077 0.812638 -0.577101
5.726388 -39.110356 2547.464779 2365.326892 0.460114 -0.716925 -0.523750 0.833845 0.146313 0.532255 -0.304955 -0.681624 0.665125
0.721440 -43.664655 -3.966163 1686.278338 0.477199 -0.752211 -0.454379 0.829791 0.215438 0.514814 -0.289358 -0.622708 0.726985
-2.045541 -51.154976 -1923.776400 1728.357704 0.384590 -0.787265 -0.481980 0.816182 0.046106 0.575952 -0.431205 -0.614889 0.660283
5123.084932 -46042.725286 -901163.021703 13143211.511504 0.035764 -0.507582 -0.860861 0.541282 0.733956 -0.410270 0.840080 -0.451296 0.300994
-1013.361211 -2019.462148 158434.895833 -8623.125803 0.588397 -0.105539 -0.801655 0.500177 -0.731482 0.463420 0.635305 0.673644 0.377614
24.826080 -1874.362653 29137.407642 -118649.565525 -0.270091 -0.323827 0.906745 0.773632 0.487645 0.404594 -0.573188 0.810764 0.118814
1.452783 -13.752220 201.373052 -747.185643 0.965864 -0.051406 -0.253898 0.140622 0.927179 0.347224 -0.217559 0.371075 -0.902758
0.835803 -16.952986 319.684189 -983.291338 0.970474 -0.025894 -0.239810 0.124441 0.905439 0.405825 -0.206625 0.423685 -0.881928
3.677964 -15.501772 560.632528 -687.573483 0.970259 -0.015068 -0.241601 0.114488 0.907944 0.403151 -0.213286 0.418821 -0.882665
-7.001695 -25.433775 401.488028 -164.866280 -0.828468 0.286904 0.480964 0.317018 0.948218 -0.019561 -0.461671 0.136269 -0.876522
-3.815504 -23.751189 92.817296 -1422.807568 -0.801107 0.382748 0.460142 0.329445 0.923841 -0.194892 -0.499693 -0.004538 -0.866191
-4.150731 -22.643597 191.116829 -1455.265485 -0.845615 0.196116 0.496461 0.172209 0.980562 -0.094027 -0.505251 0.005985 -0.862952
-6.568188 -25.698750 126.786251 -413.916249 -0.865075 0.142579 0.480954 0.193830 0.979300 0.058320 -0.462683 0.143674 -0.874804
-13.590096 -23.622102 533.452163 -186.434889 0.686211 0.261165 -0.678902 0.381755 0.665155 0.641741 -0.619175 0.699544 -0.356736
-14.468829 -23.758455 351.057486 -276.817260 0.687100 0.332329 -0.646104 0.335409 0.643752 0.687811 -0.644510 0.689304 -0.330856
-13.943056 -23.561570 331.175761 -443.035050 -0.682909 -0.434172 0.587478 0.227061 0.638213 0.735614 -0.694319 0.635750 -0.337257
2.010818 -30.672044 -307.711444 626.811091 0.965850 0.018069 -0.258470 0.086995 0.917040 0.389191 -0.244059 0.398386 -0.884152
-16.787580 -21.109060 -179.813503 81.908191 0.697768 0.716322 0.001488 -0.644778 0.627169 0.436944 -0.312059 0.305845 -0.899488
-14.442483 -22.902443 -255.367745 -4.598688 0.511444 0.850589 0.122162 0.838248 -0.462550 -0.288770 -0.189118 0.250092 -0.949573
-15.311965 -21.034055 -930.584105 -5.353116 0.497340 0.866183 0.048779 -0.816318 0.448190 0.364350 -0.293732 0.221025 -0.929984
2762.985696 -39435.729624 -753236.230028 -8123613.316733 0.017184 0.966189 -0.257261 0.610663 0.193593 0.767862 -0.791704 0.170295 0.586690
-56.564632 -1421.585522 -54212.385109 -536302.117572 0.469252 -0.464439 0.751065 0.882873 0.264440 -0.388081 -0.018372 0.845203 0.534129
-138.123972 -219.597687 -23233.944847 22784.211278 0.896526 0.321160 -0.305118 -0.080774 0.795735 0.600234 -0.435564 0.513480 -0.739339
-143.862518 -195.398343 -8389.084002 10128.568288 0.987406 0.144685 0.063992 -0.158134 0.890614 0.426381 -0.004699 0.431131 -0.902277
11.711940 -70.514580 19933.082073 7465.269229 -0.157703 0.820055 -0.550127 -0.268458 -0.571720 -0.775284 0.950295 -0.025421 -0.310313
90.083262 -63.760379 20249.548954 5718.931111 0.005248 0.829358 -0.558694 -0.390929 -0.512537 -0.764513 0.920406 -0.222422 -0.321530
3.536455 -28.851948 10387.582379 640.873623 0.213716 0.560915 -0.799813 0.155965 0.788636 0.594751 0.964365 -0.251851 0.081061
44.412420 -26.030697 13764.378533 -231.814276 0.259182 0.638734 -0.724461 0.198793 0.698752 0.687188 0.945149 -0.322125 0.054128
53.107409 -26.157891 15971.101451 -194.751951 0.242477 0.667779 -0.703758 0.090238 0.706737 0.701697 0.965951 -0.233652 0.111108
25.228107 -28.311941 13309.452395 -41.713258 0.226794 0.662733 -0.713687 0.019991 0.729459 0.683732 0.973737 -0.169334 0.152188
1.029567 -30.094066 879.538345 -21.786723 0.987298 0.043944 -0.152679 -0.158820 0.298747 -0.941024 -0.004260 -0.953320 -0.301932
2.371654 -32.499970 1130.200938 510.944839 0.984403 0.041930 -0.170858 -0.175782 0.194912 -0.964941 0.007157 -0.979924 -0.199242
-0.334089 -21.520444 -557.915923 839.963190 -0.875694 -0.420350 0.237627 -0.444754 0.893776 -0.057945 -0.188028 -0.156428 -0.969627
2.074020 -20.011314 -402.781821 655.772706 -0.885117 -0.395533 0.245198 -0.416465 0.908354 -0.038076 -0.207666 -0.135818 -0.968725
-1.019866 -22.810126 684.662484 763.156032 0.867275 0.437577 -0.237403 -0.471650 0.874828 -0.110556 -0.159310 -0.207853 -0.965100
0.477286 -28.306259 -142.805177 -1084.859789 0.833804 0.210803 0.510228 0.524451 -0.013841 -0.851328 0.172400 -0.977431 0.122097
0.547369 -26.886667 115.442841 -1512.616467 0.815966 0.220901 0.534230 0.548231 -0.002484 -0.836323 0.183418 -0.975293 0.123131
0.865334 -26.081064 12.825486 -566.463750 0.816144 0.219780 0.534421 0.521868 0.116774 -0.844996 0.248119 -0.968535 0.019392
0.164308 -28.441510 -260.952443 188.481726 0.835559 0.209003 0.508093 0.495282 0.113694 -0.861260 0.237773 -0.971283 0.008517
1.498225 -27.888479 179.828934 764.368593 0.794172 0.219623 0.566618 0.514731 0.252512 -0.819322 0.323020 -0.942339 -0.087491
1.183321 -27.973282 -21.471245 480.709558 0.815904 0.213334 0.537391 0.491321 0.234156 -0.838913 0.304803 -0.948504 -0.086233
2.502224 -45.106241 -457.699660 -500.131390 0.858453 0.149510 0.490617 0.375881 0.467430 -0.800139 0.348958 -0.871296 -0.345069
1.325588 -42.104930 -385.140097 -1597.014445 0.871709 0.167231 0.460605 0.410384 0.264523 -0.872704 0.267783 -0.949769 -0.161959
0.354809 -84.679527 -365.899583 -2918.403189 0.759107 -0.076385 0.646469 -0.650104 -0.140038 0.746830 -0.033483 0.987195 0.155962
11.315463 -29.242939 1598.625499 419.808016 0.894132 0.213097 -0.393850 -0.428484 0.662690 -0.614202 -0.130116 -0.717936 -0.683840
11.736235 -27.693624 892.778964 590.723974 0.889848 0.186954 -0.416195 -0.402279 0.751878 -0.522352 -0.215272 -0.632240 -0.744265
6.858666 -28.321081 1531.708346 160.412657 0.901544 0.255215 -0.349406 -0.392460 0.822348 -0.411970 -0.182192 -0.508536 -0.841544
10.585406 -26.980595 1645.083158 147.040429 0.897155 0.221374 -0.382238 -0.392704 0.795914 -0.460765 -0.202227 -0.563484 -0.800993
7.189417 -31.118995 -19.757645 364.161940 0.920132 0.150034 0.361728 -0.028612 -0.895473 0.444194 -0.390562 0.419067 0.819661
7.649115 -29.022326 -90.403472 2732.257454 0.908846 0.044221 0.414782 -0.159327 -0.882171 0.443158 -0.385505 0.468848 0.794712
5.658120 -29.779510 466.845530 1970.410926 0.929760 0.041173 0.365858 -0.137092 -0.883547 0.447828 -0.341691 0.466528 0.815842
5.693244 -34.878263 490.406489 -2357.143919 0.941335 0.187023 0.280910 0.040340 -0.888783 0.456549 -0.335054 0.418434 0.844187
2.106756 -29.962348 232.462412 34.216548 -0.768499 -0.070651 -0.635939 -0.138133 0.988768 0.057078 0.624763 0.131708 -0.769626
2.245999 -28.437971 73.319672 12.670510 -0.760238 -0.086563 -0.643851 -0.137445 0.990079 0.029179 0.634938 0.110677 -0.764594
1.604301 -28.939349 109.547443 -338.336219 -0.768370 -0.038831 -0.638827 -0.151456 0.980838 0.122548 0.621827 0.190916 -0.759528
1.858438 -27.924745 -10.943234 120.677815 -0.753556 -0.103192 -0.649234 -0.134386 0.990928 -0.001522 0.643501 0.086101 -0.760587
1.085101 -27.813648 -305.721910 -334.035538 -0.753952 -0.031672 -0.656165 -0.166234 0.975527 0.143920 0.635548 0.217586 -0.740766
-0.113904 -24.865019 183.013707 584.486849 0.702413 0.185170 0.687261 0.693400 -0.395972 -0.601999 -0.160664 -0.899399 0.406533
-1.266493 -26.951853 155.531685 2731.598685 0.743929 0.158420 0.649209 0.645634 -0.421036 -0.637091 -0.172412 -0.893103 0.415502
-3.592339 -113.695755 190.672374 674.150122 -0.246695 0.036322 -0.968412 0.960127 0.144779 -0.239154 0.131519 -0.988797 -0.070590
-5.305980 -107.508288 224.170671 3047.393455 -0.218919 0.042548 -0.974815 0.836661 0.522246 -0.165099 0.502068 -0.851733 -0.149928
5.035205 -411.539625 4477.169602 -55977.536102 -0.447891 0.272094 -0.851680 0.782104 0.580822 -0.225741 0.433252 -0.767210 -0.472951
7.819635 -318.045351 2810.437692 -53028.331066 -0.433940 0.211094 -0.875863 0.900087 0.143924 -0.411254 0.039244 -0.966812 -0.252457
4.363707 -333.882299 3303.237941 -56869.830877 -0.460388 0.129650 -0.878199 0.859988 -0.180190 -0.477443 -0.220144 -0.975050 -0.028540
-851.161480 -1436.165722 186141.262261 15700.485941 0.335966 -0.586114 -0.737291 0.641376 0.715621 -0.276628 0.689756 -0.379943 0.616344
-351.507442 -2630.576669 -26981.007062 218520.449360 0.483517 -0.717244 -0.501769 0.875219 0.386792 0.290489 -0.014271 -0.579614 0.814766
-8.785266 -29.687570 511.015400 -143.610885 -0.154552 0.590444 -0.792143 0.979306 0.197589 -0.043791 0.130663 -0.782518 -0.608763
-4.955452 -25.672498 1105.974853 -320.983802 0.027756 0.651141 -0.758449 0.983433 0.118181 0.137449 0.179133 -0.749699 -0.637073
-8.123984 -19.424496 331.547930 198.319245 -0.665643 -0.506090 0.548445 -0.529590 0.838132 0.130645 -0.525788 -0.203488 -0.825917
-8.920624 -20.017775 161.448170 256.949028 -0.677201 -0.531767 0.508549 -0.545668 0.826608 0.137716 -0.493604 -0.184237 -0.849948
