17823
35633
-34.911019 -53.016047 -912.255327 6770.238805 0.420894 0.896454 -0.138630 0.830735 -0.442307 -0.337999 0.364317 -0.027097 0.930881
-39.884408 -65.709848 -1957.831652 6304.035767 0.311020 0.945458 -0.096826 0.911583 -0.325583 -0.251022 0.268856 0.010192 0.963126
-37.943199 -62.477970 -1164.963494 8077.143709 0.147604 0.988339 0.037409 0.934061 -0.126863 -0.333819 0.325180 -0.084215 0.941895
-37.808903 -55.207677 507.945786 5735.705838 0.525322 0.806282 -0.271931 0.769601 -0.586537 -0.252365 0.362975 0.076705 0.928636
-29.774641 -46.258368 -2049.746238 6221.055656 0.476317 0.869982 -0.127488 0.773442 -0.483524 -0.409868 0.418221 -0.096623 0.903192
-30.874679 -46.268269 2375.721466 -2308.371891 0.697802 0.631072 -0.338851 -0.573582 0.775652 0.263378 0.429041 0.010573 0.903223
204.543781 -120.825674 5725.967428 449.796690 0.737532 -0.631634 -0.238925 0.313799 0.633827 -0.706960 0.597978 0.446431 0.665674
198.688078 -124.849078 17212.032473 -10436.739597 0.743495 -0.613584 -0.265951 0.405616 0.729946 -0.550140 0.531687 0.301152 0.791591
237.994306 -135.341562 -78923.661835 20444.437122 0.911582 -0.395487 0.112284 -0.394900 -0.766379 0.506674 0.114331 0.506216 0.854795
194.111930 -105.317584 -27879.297483 -11535.068595 0.823110 -0.548219 -0.148142 -0.191372 -0.513386 0.836547 0.534665 0.660220 0.527487
209.641920 -107.827250 -30164.433014 16650.605490 -0.570267 0.745788 0.344377 0.166114 0.515260 -0.840781 0.804489 0.422263 0.417722
207.835214 -116.756867 -76133.599330 -8463.068242 0.937666 -0.337956 0.081038 -0.279352 -0.594210 0.754239 0.206746 0.729863 0.651580
-38.772679 -51.875492 336.969121 -2786.812983 0.357625 0.919621 -0.162486 -0.125612 -0.125042 -0.984168 0.925379 -0.372373 -0.070797
-39.904714 -59.971651 -1438.131669 -5321.236220 0.326913 0.936476 -0.127045 -0.193075 -0.065413 -0.979001 0.925122 -0.344577 -0.159426
-37.985152 -48.674591 -797.102502 -2425.404681 0.285323 0.954944 -0.081689 -0.068328 -0.064748 -0.995560 0.955993 -0.289638 -0.046776
-40.248040 -69.654781 557.609657 -4019.328273 0.786395 0.602394 0.136763 0.597457 -0.685474 -0.416136 0.156931 -0.408957 0.898959
-36.290567 -60.295577 2509.980331 -4463.839880 0.703932 0.702765 0.102963 0.684921 -0.633261 -0.360366 0.188050 -0.324195 0.927111
-40.626539 -66.307707 -1672.120945 -4504.629963 -0.666625 -0.715032 -0.210570 0.741741 -0.608409 -0.282239 0.073697 -0.344336 0.935949
-44.247547 -74.777712 1741.138533 -3881.115436 0.778936 0.590419 0.211337 0.619871 -0.673880 -0.402051 0.094963 -0.444173 0.890894
-43.472844 -69.237370 -2999.140801 -3384.373222 -0.601305 -0.743692 -0.292155 0.798602 -0.571192 -0.189668 -0.025822 -0.347364 0.937375
-36.253712 -62.136508 -4884.459240 -477.006721 -0.414641 -0.871133 -0.263060 0.909545 -0.405741 -0.090016 -0.028318 -0.276590 0.960571
-15.975605 -29.015295 -973.734939 -1868.729361 0.813741 -0.559516 -0.157375 0.244173 0.083371 0.966141 0.527451 0.824616 -0.204461
-15.632346 -28.590097 1388.459723 -1732.244394 0.764043 -0.584239 -0.273685 0.355575 0.027360 0.934247 0.538335 0.811121 -0.228645
-10.501880 -23.610820 -1933.913232 -923.028804 0.866265 -0.494114 0.073726 0.077893 0.279355 0.957023 0.493475 0.823293 -0.280484
-7.491138 -23.861679 -4220.328404 -2020.176625 0.869199 -0.493841 0.024766 0.107973 0.238442 0.965136 0.482529 0.836221 -0.260575
-12.671732 -29.748866 -3976.873522 -2462.918813 0.838255 -0.534368 -0.108534 0.187627 0.095778 0.977559 0.511981 0.839808 -0.180549
0.073385 -52.887180 -349.329123 -893.674432 0.674577 0.719989 -0.162976 0.606731 -0.666515 -0.433169 0.420503 -0.193324 0.886455
1.299602 -50.423494 552.331236 588.182916 0.692429 0.694721 -0.194689 -0.648923 0.717628 0.252801 0.315341 -0.048709 0.947728
0.806323 -51.768796 131.806441 -547.027066 0.678071 0.714071 -0.174134 0.588881 -0.669575 -0.452645 0.439817 -0.204381 0.874523
0.000457 -54.145541 -240.928461 -465.857189 0.668126 0.727026 -0.158244 0.510879 -0.602876 -0.612816 0.540935 -0.328594 0.774219
-1.590213 -55.239239 -737.237311 -369.579720 0.665768 0.731131 -0.149000 0.525988 -0.601501 -0.601276 0.529235 -0.321938 0.785026
-1.472833 -44.776598 -594.781758 -257.982505 0.461519 0.744230 -0.482827 -0.634638 0.657270 0.406486 -0.619867 -0.118819 -0.775659
0.786596 -46.285985 -278.724353 -274.942211 0.473072 0.737734 -0.481613 -0.645853 0.662199 0.379956 -0.599231 -0.131304 -0.789735
-0.421365 -44.501562 -269.592045 -77.255081 0.453077 0.756033 -0.472372 -0.555916 0.653843 0.513270 -0.696906 -0.030048 -0.716532
0.098086 -46.916559 -394.405244 66.992664 0.490796 0.719114 -0.491929 -0.702077 0.660769 0.265469 -0.515954 -0.215081 -0.829175
-2.494193 -43.730907 -483.043855 -39.711217 0.448490 0.760753 -0.469161 -0.538930 0.648931 0.537068 -0.713030 -0.011975 -0.701032
-3.584662 -43.636046 -1083.178050 -149.966332 0.449288 0.755927 -0.476146 -0.625527 0.646701 0.436455 -0.637852 -0.101748 -0.763408
-2.684794 -45.277914 -972.719430 120.017498 0.474830 0.728735 -0.493438 -0.696661 0.653837 0.295231 -0.537773 -0.203574 -0.818143
-36.993559 -143.703049 -3032.488226 1547.452148 -0.074268 0.986499 0.145960 0.648794 -0.063355 0.758322 -0.757331 -0.151018 0.635329
-33.495294 -131.337795 -1927.606154 -11870.885041 -0.061635 0.986588 0.151145 0.375841 -0.117345 0.919225 -0.924632 -0.113463 0.363568
-25.744859 -135.366911 -3012.857317 -1809.944468 -0.118219 0.968113 0.220865 0.624025 -0.100585 0.774903 -0.772410 -0.229433 0.592236
-34.489420 -132.691682 -1674.035159 10290.561291 -0.082130 0.986495 0.141710 0.841060 -0.007677 0.540887 -0.534671 -0.163610 0.829071
-1.606590 -56.497729 42.178582 -1572.967138 0.406915 0.844068 -0.349241 -0.344224 0.495830 0.797284 -0.846126 0.204210 -0.492309
-2.671457 -57.593907 80.192950 -1275.529372 0.393964 0.855059 -0.337145 -0.362091 0.481531 0.798134 -0.844797 0.192359 -0.499315
-2.799173 -63.576168 3.739202 -3351.381718 0.393045 0.863428 -0.316239 -0.224258 0.423544 0.877678 -0.891753 0.274048 -0.360103
-1.575278 -62.014757 13.010806 -3237.054281 0.404740 0.856422 -0.320510 -0.208767 0.427786 0.879440 -0.890282 0.289032 -0.351935
-0.270617 -54.605519 357.503808 -1850.071213 0.422473 0.831677 -0.360320 -0.328891 0.511110 0.794101 -0.844599 0.216980 -0.489462
-17.981922 -51.253945 3252.156834 -4039.752450 -0.598407 -0.597646 0.533600 -0.436400 0.801677 0.408497 -0.671911 0.011585 -0.740541
-25.943697 -53.736739 4574.617605 -2781.027762 -0.598909 -0.501759 0.624136 -0.248755 0.857384 0.450571 -0.761202 0.114594 -0.638310
-28.771079 -63.353536 1655.450535 -10452.785880 -0.719357 -0.268043 0.640841 -0.161989 0.961848 0.220474 -0.675488 0.054790 -0.735332
-12.167424 -47.837267 -2045.519774 -671.794126 0.505613 0.713558 -0.484963 -0.425587 0.695238 0.579240 -0.750487 0.086477 -0.655203
-21.039818 -57.906612 1687.896914 -10192.796346 -0.729365 -0.411436 0.546578 -0.358889 0.910293 0.206312 -0.582431 -0.045684 -0.811595
-10.007762 -47.206290 1893.799938 -3121.926245 -0.564794 -0.689314 0.453711 -0.595914 0.721008 0.353600 -0.570871 -0.070662 -0.817993
-7.675359 -45.427400 -536.774345 -1328.648709 0.485099 0.766084 -0.421657 -0.575543 0.642736 0.505609 -0.658353 0.002588 -0.752705
1.990037 -123.286173 -524.038686 1465.258286 0.069179 -0.997581 0.006766 0.997597 0.069203 0.003325 -0.003785 0.006520 0.999972
-0.987330 -126.426475 505.316863 -318.662627 -0.092375 0.995546 -0.018835 0.970910 0.094254 0.220116 -0.220911 -0.002046 0.975292
0.954570 -126.116310 -23.758799 1065.718517 0.091394 -0.995696 0.015395 0.995794 0.091481 0.005065 -0.006451 0.014867 0.999869
2.588470 -120.631459 290.707691 3163.323182 -0.058947 0.998233 -0.007481 0.976543 0.056108 -0.207884 0.207097 0.019560 0.978125
4.526448 -119.801784 816.883804 3481.567381 -0.055499 0.998458 0.001230 0.983428 0.054877 -0.172793 0.172594 0.008380 0.984957
-4.820273 -91.047543 290.292007 255.954679 -0.069624 0.996874 -0.037351 -0.662144 -0.018176 0.749156 -0.746135 -0.076891 -0.661340
-4.364941 -91.730998 410.757049 -1176.994971 -0.097950 0.995190 -0.001541 -0.546292 -0.052473 0.835949 -0.831848 -0.082723 -0.548804
-4.378847 -82.974597 500.180835 -2896.456569 -0.071581 0.997297 -0.016610 -0.668988 -0.035652 0.742418 -0.739818 -0.064254 -0.669732
-4.129432 -98.527673 -166.887838 978.290838 -0.109900 0.993906 -0.008508 -0.535342 -0.051978 0.843035 -0.837455 -0.097204 -0.537792
-5.624089 -81.213886 481.113838 -550.658322 -0.022285 0.998042 -0.058441 -0.762187 0.020868 0.647020 -0.646973 -0.058962 -0.760230
-5.047213 -91.557133 -14.614308 1318.013185 -0.023783 0.996414 -0.081199 -0.763842 0.034289 0.644492 -0.644965 -0.077351 -0.760287
-3.949232 -101.063850 -535.835663 1719.940749 -0.080261 0.995424 -0.051856 -0.659504 -0.014023 0.751571 -0.747404 -0.094521 -0.657611
1540.637530 -26.402624 2277944.020907 682.588509 -0.148219 0.985337 -0.084507 -0.946710 -0.116661 0.300217 -0.285957 -0.124501 -0.950120
5226.320876 4.273770 7338306.040298 -13302.402910 -0.220340 0.963467 -0.152257 -0.937522 -0.166093 0.305721 -0.269263 -0.210106 -0.939868
1973.019352 -22.232504 2491735.025208 -5328.165324 -0.190767 0.976457 -0.100700 -0.950136 -0.157893 0.268909 -0.246679 -0.146978 -0.957887
3.277992 -142.845123 -1304.986881 7088.697211 -0.133058 0.990998 0.014795 -0.441229 -0.072596 0.894453 -0.887476 -0.112486 -0.446916
4.573631 -134.706893 -2679.670454 4408.132963 -0.163358 0.984769 0.059534 -0.270861 -0.102794 0.957114 -0.948656 -0.140227 -0.283528
-0.533993 -134.806439 284.735352 5190.614581 -0.135809 0.990441 0.024133 -0.464624 -0.085185 0.881401 -0.875032 -0.108489 -0.471751
-1.028041 -140.882348 771.143602 3106.495913 -0.105669 0.994198 -0.020099 -0.628588 -0.051121 0.776056 -0.770526 -0.094639 -0.630343
-17.102779 -201.581864 -2853.830327 24.088563 -0.067140 0.980559 -0.184379 -0.885265 0.026693 0.464321 -0.460216 -0.194398 -0.866262
-19.370615 -196.870021 -3558.429420 9978.787878 -0.085374 0.980782 -0.175437 -0.729274 0.058461 0.681720 -0.678875 -0.186143 -0.710267
-14.612895 -193.056166 -637.152272 598.196239 -0.046251 0.986287 -0.158423 -0.885830 0.032805 0.462849 -0.461699 -0.161744 -0.872166
-17.828253 -199.638016 -3397.399345 15482.138361 -0.110977 0.974731 -0.193867 -0.719527 0.055757 0.692222 -0.685539 -0.216313 -0.695158
-15.314591 -188.159557 -4607.893485 -17786.882852 -0.017851 0.981493 -0.190663 -0.981327 0.019328 0.191375 -0.191519 -0.190519 -0.962820
-11.400438 -194.093229 1353.857484 -15718.499146 -0.057220 0.985591 -0.159172 -0.979867 -0.024896 0.198092 -0.191275 -0.167302 -0.967173
-11.982789 -205.617636 170.922809 3847.707713 -0.097681 0.976757 -0.190799 -0.880070 0.004740 0.474821 -0.464689 -0.214298 -0.859151
4.345005 -20.136469 -3721.572461 -296.310273 0.552599 -0.653147 -0.517719 0.471652 -0.267074 0.840366 0.687152 0.708569 -0.160473
5.064896 -18.910461 3582.518913 468.187539 -0.455955 0.582687 0.672741 0.600646 -0.356326 0.715720 0.656756 0.730416 -0.187520
13.067610 -23.441647 -3787.041729 -358.456660 0.542513 -0.664898 -0.513411 0.493881 -0.241934 0.835194 0.679530 0.706668 -0.197128
12.831579 -25.940096 3859.125562 1377.292759 -0.591522 0.698086 0.403457 -0.383905 0.196175 -0.902293 0.709026 0.688615 -0.151957
5.196829 -22.997081 3779.362969 1803.923629 -0.621924 0.696561 0.357788 -0.332989 0.178290 -0.925922 0.708751 0.694993 -0.121065
1.382388 -252.984011 -526.824445 -27583.349491 0.077883 0.980241 -0.181830 0.396160 0.136937 0.907913 -0.914873 0.142744 0.377667
3.333953 -283.256487 -3768.127918 -7447.911220 0.066573 0.991329 -0.113293 0.396961 0.077858 0.914527 -0.915418 0.105856 0.388336
-0.901679 -279.302596 -807.518571 -958.713689 0.077981 0.981758 -0.173406 0.604884 0.091670 0.791020 -0.792486 0.166575 0.586701
10.592279 -239.673734 -4445.384041 -25045.547916 0.062573 0.986601 -0.150675 0.198447 0.135657 0.970678 -0.978112 0.090639 0.187299
1.786302 -256.471635 233.179809 -33280.633044 0.047598 0.976581 -0.209817 0.387865 0.175502 0.904854 -0.920487 0.124450 0.370428
5.507754 -239.039340 674.133615 -44541.757289 0.084075 0.975595 -0.202846 0.205041 0.182273 0.961631 -0.975136 0.122441 0.184712
-42.322398 -434.692083 1226.374808 -9776.758177 0.570367 0.820123 0.045600 -0.446611 0.263053 0.855185 -0.689362 0.508135 -0.516313
-28.314278 -359.410182 13685.332954 93012.899936 0.619757 0.778449 0.099591 0.672332 -0.461195 -0.579023 -0.404809 0.425812 -0.809206
-49.283993 -399.316944 1890.466945 -91403.196549 0.594520 0.804019 0.009949 -0.647119 0.471085 0.599429 -0.477266 0.362811 -0.800366
-8.406093 -556.354155 47139.152013 -19922.099238 0.161205 0.984369 0.070923 -0.088452 0.085985 -0.992362 0.982949 -0.153701 -0.100930
7.033212 -3679.169851 -8058.030876 -1997396.404785 0.445589 0.883886 -0.142111 -0.589854 0.170453 -0.789315 0.673441 -0.435535 -0.597316
-147.906741 -740.622496 176003.787817 -329440.413424 0.413919 0.806033 -0.423062 -0.085964 -0.428056 -0.899654 0.906246 -0.408752 0.107891
19.309556 -127.082043 34682.672911 -33383.606411 0.533877 0.670677 -0.514944 0.135924 -0.669147 -0.730593 0.834566 -0.320054 0.448403
0.393414 -271.189988 2180.449485 -1047.129254 0.065693 0.972625 -0.222900 0.734147 0.104178 0.670951 -0.675805 0.207718 0.707206
3.375715 -273.697890 71.330122 -33914.297041 0.032810 0.974777 -0.220755 0.510081 0.173613 0.842423 -0.859500 0.140243 0.491519
2.028239 -251.305258 1727.261293 -19387.939972 0.055488 0.972345 -0.226863 0.554049 0.159037 0.817152 -0.830633 0.171035 0.529902
-2.662458 -277.384463 1092.039527 -8415.435037 0.055579 0.979117 -0.195555 0.670980 0.108413 0.733507 -0.739390 0.171981 0.650942
-12.723540 -47.334291 2177.905395 -5472.096975 -0.253608 -0.264818 -0.930352 -0.608555 0.791289 -0.059347 0.751893 0.551119 -0.361834
-5.016926 -51.502061 1996.349392 -4282.204028 -0.312805 -0.223329 -0.923189 -0.639527 0.768149 0.030868 0.702253 0.600060 -0.383105
-4.426022 -49.364127 -2499.893830 -3408.985405 0.243101 0.288040 0.926248 0.733932 -0.678971 0.018517 0.634229 0.675301 -0.376460
-12.624780 -46.950398 1810.795241 -555.865280 -0.162085 -0.337174 -0.927385 -0.694202 0.706878 -0.135674 0.701293 0.621802 -0.348641
-19.214966 -42.976232 1541.457484 -5584.907667 -0.143143 -0.336773 -0.930642 -0.586300 0.786422 -0.194405 0.797347 0.517807 -0.310021
-22.496873 -81.660971 200.644236 7978.388972 0.300830 -0.692922 0.655256 0.909312 0.001280 -0.416114 0.287496 0.721012 0.630467
-23.068637 -68.329723 -3506.507052 7286.417282 0.409405 -0.626703 0.663046 0.843060 -0.017947 -0.537520 0.348766 0.779051 0.521001
-19.434648 -88.333797 -2194.747540 9122.106919 0.368808 -0.655179 0.659334 0.910236 0.110887 -0.398966 0.188283 0.747292 0.637263
-13.027835 -29.678825 1571.038641 1152.177705 0.107397 0.940233 -0.323152 0.672678 -0.308059 -0.672759 0.732100 0.145125 0.665559
-16.558756 -34.153266 812.735739 395.800293 0.321720 0.833322 -0.449523 0.622075 -0.543948 -0.563154 0.713806 0.098459 0.693388
-17.939535 -31.221369 849.039303 -1132.289438 0.311119 0.811303 -0.494967 0.569745 -0.576070 -0.586118 0.760655 0.099652 0.641462
-141.569188 -1939.893138 -180365.156435 642900.133264 0.145034 -0.230306 0.962250 -0.069517 0.967757 0.242102 -0.986982 -0.102006 0.124347
108.274487 -1921.150189 -238766.119303 -386613.584457 0.029471 -0.235094 0.971526 -0.185645 0.953750 0.236424 -0.982175 -0.187327 -0.015536
-7.457894 -1612.892151 -196514.783733 -477822.431550 0.271347 -0.284692 0.919414 -0.580429 0.713603 0.392266 -0.767772 -0.640094 0.028391
-505.876026 -1558.405650 -144363.605014 -232878.061015 0.435569 -0.283654 0.854295 -0.449661 0.753593 0.479481 -0.779798 -0.592990 0.200693
18.146563 -58.531931 -796.430905 13287.729256 0.270122 -0.111161 -0.956388 0.876681 -0.382286 0.292042 -0.398077 -0.917334 -0.005811
16.172389 -49.978735 1206.837506 15946.784268 0.380678 -0.073286 -0.921799 0.863001 -0.329892 0.382623 -0.332135 -0.941170 -0.062337
20.370450 -86.329643 486.438705 20310.680142 0.301749 -0.094012 -0.948741 0.831175 -0.461511 0.310089 -0.467007 -0.882139 -0.061120
21.984904 -91.666317 -1689.117421 14752.590618 0.252219 -0.159785 -0.954387 0.817088 -0.493214 0.298509 -0.518414 -0.855108 0.006160
20.020875 -117.849861 1122.832369 26922.673058 0.289647 -0.064219 -0.954977 0.775793 -0.568614 0.273537 -0.560579 -0.820094 -0.114877
21.317538 -116.121594 -204.653616 17252.343889 0.274586 -0.141917 -0.951032 0.745641 -0.593071 0.303786 -0.607142 -0.792544 -0.057030
48.214875 -46.514241 -64083.141599 -5854.148537 -0.305949 0.938376 0.160766 0.536990 0.030649 0.843031 -0.786153 -0.344254 0.513276
55.708424 -19.855240 -34736.568012 35896.671864 -0.178300 0.980164 0.086533 0.663939 0.054937 0.745766 -0.726219 -0.190423 0.660565
70.129365 -28.085946 -21896.211405 -5239.004696 -0.127045 0.986417 -0.104120 0.563897 0.158184 0.810554 -0.816014 -0.044264 0.576334
75.603008 -108.593290 -29428.040267 -73178.331290 -0.019616 0.999464 0.026210 0.349970 -0.017693 0.936594 -0.936556 -0.027545 0.349435
74.550614 -114.672449 -70855.680297 -57620.258309 -0.179706 0.954460 0.238142 0.461382 -0.132026 0.877323 -0.868811 -0.267535 0.416645
-17.701501 -63.240493 -40132.868288 -11172.541803 -0.141290 0.956503 0.255225 0.585391 -0.127184 0.800713 -0.798345 -0.262539 0.541958
-38.509684 -63.653651 -21049.851814 25001.361880 0.128450 0.848883 0.512736 0.553754 -0.490306 0.673021 -0.822713 -0.197480 0.533052
117.129928 -79.757189 26416.964098 -721.708667 -0.155970 0.388990 0.907943 0.986230 0.010157 0.165067 0.054987 0.921186 -0.385218
130.318390 -83.515909 15581.337397 -1759.075152 -0.116848 0.547377 0.828688 0.990217 0.000134 0.139536 0.076267 0.836886 -0.542038
141.374079 -79.939928 23599.680774 4860.282470 -0.186329 0.529620 0.827517 0.953711 -0.104857 0.281853 0.236046 0.841729 -0.485566
146.778345 -76.064235 18685.533435 8790.085165 -0.236733 0.621591 0.746714 0.881269 -0.186200 0.434391 0.409051 0.760890 -0.503709
119.792695 -63.586956 22832.735303 6815.931337 -0.286936 0.450762 0.845270 0.911012 -0.144414 0.386266 0.296183 0.880885 -0.369213
170.592993 -100.839408 4704.936134 3403.361886 -0.097556 0.808916 0.579774 0.918095 -0.151723 0.366172 0.384167 0.568010 -0.727860
101.263905 -61.017308 26824.702035 11489.505920 -0.266573 0.339250 0.902135 0.931519 -0.149582 0.331507 0.247407 0.928727 -0.276144
80.591470 -67.386251 29448.943004 6551.531213 -0.200564 0.259379 0.944720 0.971401 -0.072456 0.226122 0.127101 0.963054 -0.237429
-1.466089 -78.533582 -1168.586393 -7420.249748 -0.253180 0.609794 0.751033 -0.081896 0.760030 -0.644707 -0.963946 -0.224734 -0.142485
10.775893 -82.638796 -8575.367110 -2988.381098 -0.294701 0.498648 0.815170 0.029715 0.857424 -0.513753 -0.955127 -0.127181 -0.267501
9.710202 -74.288736 -8486.407278 -5690.634862 -0.276959 0.471778 0.837089 -0.114981 0.848636 -0.516329 -0.953977 -0.239252 -0.180792
6.825507 -64.698473 -8635.531551 -5507.092433 -0.295914 0.544720 0.784675 -0.221229 0.760048 -0.611053 -0.929243 -0.354412 -0.104401
-10.085916 -69.066613 -2305.176333 -7147.572400 -0.275945 0.615399 0.738335 -0.217629 0.708207 -0.671625 -0.936211 -0.346015 -0.061498
10.357512 -26.511356 2306.046817 8740.257286 -0.225981 0.959270 -0.169512 0.527914 0.266843 0.806289 -0.818681 -0.092719 0.566714
11.845124 -16.438756 -1529.199025 11497.887898 -0.324894 0.914891 -0.239620 0.530396 0.386032 0.754757 -0.783022 -0.118122 0.610675
14.685954 -34.389393 3823.860958 4268.453799 -0.261112 0.941109 -0.214790 0.464440 0.317542 0.826718 -0.846237 -0.116109 0.520002
12.834450 -40.529981 3175.927122 3006.815363 -0.181819 0.974610 -0.130679 0.451926 0.200848 0.869151 -0.873330 -0.098971 0.476970
8.717189 -32.961482 2960.612175 4990.420188 -0.157074 0.982109 -0.103877 0.508652 0.170610 0.843899 -0.846523 -0.079717 0.526350
-3.067726 -141.757887 2126.274622 -3731.177353 0.347311 0.936385 0.050580 0.779704 -0.318322 0.539196 -0.520996 0.147831 0.840660
1.421802 -141.068766 1696.810734 -4019.335865 0.337018 0.940437 0.044683 0.784226 -0.306665 0.539394 -0.520969 0.146744 0.840867
-0.880324 -134.394161 1902.715510 -6738.751157 0.336774 0.940427 0.046693 0.645459 -0.266681 0.715726 -0.685540 0.210900 0.696818
-5.198330 -133.493038 1964.904481 -7808.807687 0.347533 0.934793 0.073367 0.636141 -0.292537 0.713965 -0.688872 0.201454 0.696327
-7.417466 -138.544684 2212.427733 -1059.973792 0.344284 0.936102 0.071980 0.787274 -0.329617 0.521106 -0.511534 0.122741 0.850451
-3.213138 -44.249247 -592.440815 -1838.247952 -0.461833 0.855121 0.235538 -0.756731 -0.241351 -0.607543 0.462675 0.458822 -0.758560
-5.984231 -39.242149 243.938858 -3240.314993 -0.461808 0.851445 0.248546 -0.696324 -0.174443 -0.696206 0.549424 0.494582 -0.673441
1.442728 -42.555530 -2837.494908 -2696.909165 -0.420018 0.879078 0.225405 -0.736217 -0.184833 -0.651015 0.530631 0.439385 -0.724825
6.441937 -47.479059 -3436.879507 -1490.112746 -0.414230 0.882545 0.222549 -0.794812 -0.231605 -0.560922 0.443495 0.409236 -0.797395
6.961999 -42.977363 -4404.340525 -2658.440650 -0.386653 0.888608 0.246729 -0.748018 -0.145699 -0.647489 0.539415 0.434911 -0.721029
2.653385 -37.316270 -5130.944642 -2966.191482 -0.381108 0.892836 0.240002 -0.696721 -0.106714 -0.709360 0.607731 0.437557 -0.662727
-2.278667 -62.898086 192.347781 1559.830984 -0.439318 0.897779 -0.031494 0.162097 0.044740 -0.985760 0.883586 0.438167 0.165183
-2.308707 -62.730389 -326.231709 1819.182516 -0.421082 0.904774 -0.063831 0.149332 -0.000260 -0.988787 0.894645 0.425892 0.135002
-3.669044 -59.902929 314.791541 -710.532422 -0.437307 0.897796 -0.052212 0.044768 -0.036253 -0.998339 0.898197 0.438918 0.024339
-0.765727 -67.669071 -313.776332 3143.700062 -0.429209 0.902151 -0.043631 0.269858 0.081988 -0.959403 0.861949 0.423559 0.278643
-2.601637 -59.533203 508.933948 -397.554753 -0.451526 0.891783 -0.029101 0.047491 -0.008549 -0.998835 0.890993 0.452382 0.038492
-1.434726 -61.831474 296.789132 1101.067089 -0.454561 0.890712 0.002642 0.166822 0.088048 -0.982048 0.874954 0.445959 0.188613
-0.412041 -65.797616 145.587705 2216.036604 -0.449678 0.893182 -0.004036 0.284409 0.138901 -0.948587 0.846700 0.427707 0.316489
4.850966 -75.048160 3408.999502 2571.255884 -0.742444 0.660999 0.108890 0.358729 0.529559 -0.768688 0.565766 0.531645 0.630287
-6.195407 -81.917907 919.161175 1921.297305 -0.683858 0.727736 0.052336 0.412691 0.444966 -0.794790 0.601685 0.521925 0.604623
-0.411334 -72.334081 2396.153961 -1690.378287 -0.723451 0.686195 0.075861 0.305897 0.417120 -0.855826 0.618907 0.595942 0.511671
0.535964 -82.206898 -721.044262 -5050.121271 0.664535 -0.742373 -0.085294 -0.468479 -0.324969 -0.821536 -0.582168 -0.585899 0.563740
0.496699 -70.293134 117.476092 -3996.912164 0.676420 -0.730858 -0.091118 -0.550648 -0.419673 -0.721569 -0.489125 -0.538258 0.686320
2.196870 -79.465872 208.030114 -3441.705102 0.687048 -0.723897 -0.062757 -0.418281 -0.323404 -0.848794 -0.594143 -0.609412 0.524987
14.121400 -45.678265 4175.753943 139.738561 -0.406228 0.679961 0.610435 0.896125 0.427099 0.120603 -0.178711 0.596019 -0.782830
2.775075 -44.254177 3832.907763 -48.838676 -0.398118 0.679182 0.616615 0.914760 0.344258 0.211425 -0.068679 0.648227 -0.758344
2.797356 -44.838475 5076.178706 820.114338 -0.374937 0.675131 0.635311 0.911205 0.394546 0.118485 -0.170666 0.623324 -0.763113
-34.832252 -46.638310 3899.676541 -2345.558653 0.151818 0.783832 0.602128 0.422516 -0.602191 0.677382 -0.893550 -0.151570 0.422605
-41.552912 -51.207542 598.460667 4324.512739 0.251418 0.443211 0.860438 -0.352383 0.869897 -0.345118 -0.901452 -0.216435 0.374887
-36.350214 -48.486880 2949.126196 1836.055790 0.293372 0.582135 0.758322 -0.424273 0.790111 -0.442400 -0.856694 -0.191948 0.478781
-29.497105 -42.784984 5702.025163 376.255496 0.125326 0.892819 0.432628 0.495118 -0.434167 0.752567 -0.859739 -0.119886 0.496463
10.374349 -338.825406 1260.641199 142734.263341 0.376078 0.921670 -0.095342 -0.662964 0.195767 -0.722602 0.647336 -0.334963 -0.684658
4.558296 -239.280640 1437.410881 72939.835534 0.380568 0.924170 -0.032813 -0.723851 0.275620 -0.632513 0.575506 -0.264466 -0.773854
6.054152 -238.555531 3114.886763 105697.249462 0.406235 0.913759 -0.004118 -0.766936 0.338504 -0.545182 0.496771 -0.224631 -0.838308
17.945250 -261.201457 4867.351703 146084.467748 0.458130 0.888782 -0.013557 -0.758460 0.382910 -0.527370 0.463526 -0.251886 -0.849528
7.834823 -137.846307 3210.304305 36028.487137 0.461744 0.886612 0.026675 -0.775060 0.417907 -0.473958 0.431365 -0.198172 -0.880143
3.541201 -143.393682 2987.896863 27098.098837 0.440894 0.897237 0.024046 -0.787732 0.399648 -0.468785 0.430221 -0.187743 -0.882985
-5.915662 -173.139677 -1205.291797 -3862.049471 0.354235 0.934470 0.035827 0.013074 -0.043256 0.998978 -0.935065 0.353405 0.027541
-3.210630 -162.539009 -782.899360 -11406.833446 0.349713 0.935969 0.040779 -0.175025 0.022512 0.984307 -0.920362 0.351363 -0.171691
-3.205150 -172.588821 -818.042535 -2321.447686 0.348747 0.936614 0.033606 0.053055 -0.055529 0.997046 -0.935714 0.345934 0.069058
-6.191753 -175.134962 -1305.493149 4114.514181 0.351302 0.935882 0.026682 0.246458 -0.119931 0.961704 -0.903242 0.331272 0.272788
-10.577942 -180.189067 -1887.487877 4206.848835 0.360408 0.932556 0.021110 0.216114 -0.105495 0.970652 -0.907414 0.345268 0.239560
-0.199938 -151.152557 261.617124 8502.058069 0.385308 0.909790 0.154334 -0.038512 -0.151248 0.987745 -0.921984 0.386530 0.023239
4.636244 -146.461431 -113.248829 1478.547139 0.380096 0.921658 0.077939 -0.224297 0.010096 0.974468 -0.897339 0.387873 -0.210563
2.583480 -162.216708 427.400186 1155.313747 0.393908 0.912340 0.111681 -0.238633 -0.015828 0.970981 -0.887632 0.409128 -0.211479
5.649106 -99.756094 -1825.659279 -2134.410411 0.476968 0.874884 -0.084138 -0.434078 0.151242 -0.888089 0.764250 -0.460113 -0.451905
10.441575 -95.922129 -4792.405262 -2068.552249 0.483860 0.871647 -0.078168 -0.448015 0.169985 -0.877717 0.751772 -0.459713 -0.472760
4.847675 -110.532695 -581.885183 -14206.909944 0.487399 0.871253 -0.057965 -0.498327 0.223036 -0.837810 0.717016 -0.437233 -0.542876
8.120289 -107.471580 -3537.226850 19069.831670 0.460245 0.883779 -0.084315 -0.374297 0.107045 -0.921110 0.805032 -0.455495 -0.380063
2.391317 -116.176326 817.739976 -5713.049741 0.469765 0.878658 -0.085333 -0.468814 0.166399 -0.867482 0.748020 -0.447518 -0.490096
4.522005 -104.765477 -346.700390 4788.671091 0.443783 0.888014 -0.120368 -0.402460 0.077488 -0.912152 0.800676 -0.453241 -0.391778
-27.800545 -38.240198 1520.467525 1832.366252 0.858293 -0.324378 -0.397633 0.508492 0.433336 0.744081 0.069055 0.840833 -0.536873
-30.258793 -41.092669 2200.729879 3466.030740 0.967548 -0.145078 -0.206889 0.252686 0.558037 0.790408 -0.000781 0.817036 -0.576586
-31.966072 -35.609593 3749.166210 998.613716 0.822569 -0.318810 -0.470893 0.567559 0.408654 0.714757 0.035440 0.855197 -0.517090
-26.405295 -43.320774 859.226636 3903.557610 0.938897 -0.230837 -0.255318 0.342705 0.557899 0.755845 0.032035 0.797159 -0.602919
-26.466783 -35.350167 -3023.674813 -1055.458980 -0.574100 0.459517 0.677683 0.810226 0.199467 0.551132 0.118079 0.865481 -0.486826
-23.794356 -40.736436 -451.316615 2460.484423 0.862261 -0.345251 -0.370552 0.497341 0.438955 0.748311 0.095700 0.829530 -0.550201
-23.534853 -36.902297 693.005058 -465.750349 0.707858 -0.438936 -0.553418 0.691184 0.268919 0.670781 0.145605 0.857331 -0.493743
-26.894092 -58.395163 5974.429179 -2132.326798 0.004357 0.999946 0.009405 -0.191368 -0.008398 0.981482 -0.981509 0.006076 -0.191321
-26.944619 -56.066019 5729.607724 -1121.964914 0.034103 0.997566 -0.060816 -0.281735 0.067980 0.957081 -0.958886 0.015506 -0.283368
-41.142167 -61.770817 4783.957827 -324.026572 -0.006511 0.966869 -0.255191 -0.284795 0.242835 0.927320 -0.958566 -0.078715 -0.273778
-51.424573 -71.291395 2816.963054 4607.321361 0.097753 0.735789 -0.670118 -0.401769 0.645211 0.649834 -0.910509 -0.205710 -0.358689
-53.674920 -69.390342 3000.966409 2339.458159 -0.029103 0.814277 -0.579747 -0.309313 0.544189 0.779861 -0.950515 -0.202019 -0.236029
-46.113134 -63.919879 4788.921079 -1047.326743 -0.075579 0.964372 -0.253523 -0.207536 0.233469 0.949958 -0.975303 -0.124412 -0.182497
-11.323198 -26.009791 571.990284 -761.630683 -0.370130 0.655872 0.657902 0.200557 0.747913 -0.632774 -0.907073 -0.102262 -0.408365
-11.732490 -28.073758 -1259.260896 -190.482414 -0.409416 0.610406 0.678073 0.158734 0.779540 -0.605905 -0.898433 -0.140434 -0.416048
-11.143866 -24.076994 495.268842 443.073811 -0.387100 0.482274 0.785853 0.058159 0.863375 -0.501200 -0.920202 -0.148311 -0.362261
-10.802643 -23.752132 90.451268 1721.213396 -0.369801 0.270805 0.888770 -0.083171 0.943092 -0.321962 -0.925381 -0.192982 -0.326233
-8.484717 -19.765817 2535.515324 280.594647 -0.349176 0.517157 0.781425 0.047355 0.842587 -0.536474 -0.935860 -0.150319 -0.318701
-87.915881 -1422.982645 51956.609782 -298795.367511 0.843634 0.313838 0.435646 0.432330 -0.878207 -0.204556 -0.318389 -0.360914 0.876567
-27.848612 -1505.634244 -21362.231203 305299.659231 0.835389 0.206512 0.509390 -0.050419 0.951621 -0.303111 -0.547341 0.227533 0.805386
-111.997878 -2457.192025 36171.891104 1040732.276623 0.813601 0.187386 0.550400 -0.017105 0.953946 -0.299490 -0.581173 0.234251 0.779336
-1486.097769 -3345.901995 1305119.291605 1564548.604414 0.379756 0.899704 0.215217 0.328989 -0.348783 0.877563 -0.864611 0.262456 0.428446
-4175.353153 -11678.437563 2552962.046058 21094568.882377 -0.046344 0.440784 0.896416 0.098125 0.895049 -0.435039 -0.994094 0.067800 -0.084732
-3295.179509 -3937.179871 3634439.384311 1947006.123339 0.268938 0.729221 0.629213 0.612552 -0.633636 0.472531 -0.743272 -0.258344 0.617094
-0.193361 -11.277391 1846.002182 -2119.976679 0.939471 0.168628 0.298261 0.273555 0.155004 -0.949285 0.206307 -0.973416 -0.099493
3.759480 -13.708821 1524.739162 7145.275675 0.975096 0.221171 0.016449 -0.012824 0.130270 -0.991396 0.221410 -0.966495 -0.129862
-0.405083 -11.266112 -2359.472108 -2612.701244 0.936396 0.221262 -0.272408 -0.286565 0.033985 -0.957458 0.202591 -0.974622 -0.095229
11.314969 -75.580828 2577.209010 -37662.506493 0.525011 -0.847492 -0.078236 0.849206 0.527750 -0.018165 0.056684 -0.056901 0.996769
7.932472 -71.989863 2492.855392 -18597.571291 0.577082 -0.812638 -0.081212 0.815442 0.578833 0.002396 0.045061 -0.067607 0.996694
9.451909 -295.369551 -1260.495170 -116968.241596 -0.487926 0.870023 0.070619 0.870752 0.490791 -0.030260 0.060986 -0.046727 0.997044
7.059178 -43.176708 -4169.714817 -6083.958604 -0.623041 0.775672 0.100758 0.775884 0.629193 -0.046051 0.099117 -0.049485 0.993845
5.832328 -181.056747 1290.320549 -88279.167012 0.469496 -0.877144 -0.100954 0.880338 0.473808 -0.022611 0.067666 -0.078258 0.994634
-50.481061 -78.493928 290.794018 3555.208874 0.071947 0.997358 -0.010046 0.991286 -0.072616 -0.109902 0.110342 0.002051 0.993892
-44.099401 -75.744773 -2445.081752 5275.542528 0.291075 0.949279 -0.118932 0.941218 -0.306417 -0.142185 0.171416 0.070554 0.982669
-43.195039 -69.267687 -611.203957 8573.305326 0.404711 0.880606 -0.246459 0.870764 -0.453422 -0.190208 0.279248 0.137628 0.950305
198.480878 -97.129716 -14215.633597 8984.080923 -0.590426 0.750256 0.297511 0.073117 0.416827 -0.906040 0.803773 0.513196 0.300962
184.175749 -85.019336 15962.661028 5946.905328 -0.716528 0.657277 0.233612 -0.019259 0.316132 -0.948520 0.697293 0.684140 0.213859
198.374299 -91.540766 -20579.598590 -8444.813360 -0.409290 0.853200 0.323314 0.038889 0.370344 -0.928080 0.911575 0.367280 0.184758
182.005072 -93.577836 -40986.398044 -13555.046820 0.866252 -0.483211 -0.126945 -0.089760 -0.400479 0.911899 0.491478 0.778540 0.390289
191.076078 -78.307038 -29197.990407 486.909726 -0.344659 0.866727 0.360546 0.064631 0.405078 -0.911995 0.936500 0.291025 0.195632
180.192800 -86.875679 -37703.457606 8316.826373 -0.287909 0.855338 0.430703 0.094471 0.472919 -0.876027 0.952987 0.211527 0.216962
-29.756717 -51.593695 3715.884807 -4897.730285 0.736536 0.676128 -0.019140 0.611260 -0.677455 -0.409164 0.289614 -0.289665 0.912260
-30.178475 -51.749535 -4731.136904 -1340.354835 -0.542637 -0.834214 -0.098143 0.811162 -0.490102 -0.319088 0.218087 -0.252759 0.942630
-37.880858 -69.053658 1360.052411 -4398.931088 0.836161 0.546984 0.040537 0.497822 -0.725827 -0.474709 0.230235 -0.417114 0.879209
-32.953419 -62.382249 2763.992303 -5233.274348 0.847397 0.527543 -0.060137 0.440374 -0.761578 -0.475469 0.296629 -0.376428 0.877675
-16.159974 -36.100089 1926.112554 -2378.038585 0.613607 -0.566478 -0.550081 0.524948 -0.227740 0.820100 0.589844 0.791983 -0.157629
-12.346029 -28.577462 2385.866357 -2567.543170 0.696289 -0.600542 -0.393104 0.468434 -0.034756 0.882815 0.543830 0.798837 -0.257114
-10.424146 -22.187118 699.159701 -2127.453514 0.843274 -0.537309 -0.013750 0.179030 0.256672 0.949772 0.506792 0.803380 -0.312639
1.243072 -50.402295 279.191823 199.882395 0.730856 0.656293 -0.187426 -0.662243 0.748326 0.037972 0.165177 0.096369 0.981545
-0.060198 -49.274843 1244.920083 87.413425 0.712577 0.668921 -0.211610 -0.671000 0.737862 0.072928 0.204922 0.090023 0.974630
-1.126749 -50.055331 918.818095 342.607246 0.732280 0.649996 -0.203151 0.678741 -0.720910 0.139996 0.055457 0.240403 0.969088
-0.355574 -51.477439 -1291.551913 585.250413 0.758058 0.636761 -0.141011 0.652028 -0.744721 0.142299 0.014404 0.199815 0.979728
1.463622 -45.870062 -605.958138 196.204731 0.453153 0.753052 -0.477038 -0.567411 0.656395 0.497183 -0.687530 -0.045377 -0.724737
2.807592 -48.345713 -438.149321 115.644346 0.480125 0.733091 -0.481723 -0.653428 0.665276 0.361164 -0.585245 -0.141367 -0.798438
2.216608 -49.173938 -206.970511 63.697832 0.503900 0.713957 -0.486158 -0.710433 0.662705 0.236868 -0.491293 -0.226025 -0.841156
-20.917332 -118.743438 -3905.830852 -9569.140113 -0.107658 0.954859 0.276865 0.376766 -0.218526 0.900163 -0.920031 -0.201223 0.336232
-27.877164 -110.607191 -2001.148762 -17889.593146 -0.029198 0.973235 0.227951 0.094042 -0.224362 0.969958 -0.995140 -0.049758 0.084974
-2.866303 -57.973596 69.178443 -1336.075929 0.380912 0.864340 -0.328364 -0.383880 0.470921 0.794273 -0.841155 0.176496 -0.511182
-1.801334 -56.690613 26.289376 858.861228 0.395311 0.847880 -0.353310 -0.481427 0.518827 0.706432 -0.782277 0.109168 -0.613291
-3.470426 -64.176074 410.218575 -3776.317754 0.393303 0.865755 -0.309486 -0.247572 0.423906 0.871213 -0.885449 0.266031 -0.381060
-1.189305 -58.312174 -469.254709 1339.059980 0.370814 0.862869 -0.343444 -0.492209 0.496195 0.715207 -0.787545 0.096163 -0.608708
-1.589052 -58.016572 -602.992795 -1406.043904 0.359167 0.873163 -0.329523 -0.395255 0.462170 0.793834 -0.845442 0.154873 -0.511118
-3.252522 -64.598472 361.019288 -4696.373106 0.384471 0.870003 -0.308668 -0.276930 0.427667 0.860471 -0.880620 0.245347 -0.405356
-14.435414 -48.277072 2546.947142 -200.885384 -0.510298 -0.680751 0.525522 -0.280429 0.709390 0.646626 -0.812992 0.182600 -0.552903
-2.083454 -128.489016 -128.402400 -1284.810414 -0.132385 0.990995 -0.020089 0.965261 0.133501 0.224608 -0.225267 -0.010344 0.974242
-5.301167 -129.301872 425.511547 297.097316 -0.126617 0.991726 -0.021148 0.897252 0.123594 0.423867 -0.422973 -0.034694 0.905478
-4.701022 -98.363119 86.096462 -372.069468 -0.123605 0.992100 0.021435 -0.400271 -0.069612 0.913749 -0.908023 -0.104364 -0.405713
1.986308 -81.945717 -415.912762 -295.151304 0.040319 0.971428 0.233886 0.349447 -0.233003 0.907522 -0.936088 -0.045141 0.348857
4.472836 -98.984517 -802.136308 -10455.564569 0.071139 0.955662 0.285743 0.461107 -0.285530 0.840150 -0.884488 -0.071991 0.460975
1.469918 -89.021796 -348.879563 -8112.506733 0.065180 0.955354 0.288183 0.471280 -0.284031 0.834998 -0.879572 -0.081390 0.468752
46.051758 -30.424320 -9454.049098 -4333.925012 0.607778 -0.588997 0.532624 0.544192 0.797392 0.260809 -0.578326 0.131335 0.805165
37.712365 -38.190750 2696.699319 -8466.037846 0.613520 -0.566942 0.549700 0.539544 0.809238 0.232435 -0.576615 0.153984 0.802374
51.863163 -36.904115 -9080.985187 -5687.327662 0.652861 -0.563513 0.506188 0.525231 0.818287 0.233536 -0.545808 0.113398 0.830202
5.721768 -141.261499 -945.692427 8917.468519 -0.155218 0.987270 0.034708 -0.233655 -0.070827 0.969737 -0.959850 -0.142411 -0.241674
12.783086 -130.961392 -7813.663968 4142.644342 -0.192249 0.977340 0.088585 -0.062025 -0.102190 0.992829 -0.979384 -0.185376 -0.080265
6.841981 -125.350797 -4105.167405 2776.721546 -0.179574 0.975327 0.128414 -0.093783 -0.146914 0.984693 -0.979264 -0.164782 -0.117851
-15.718662 -190.640988 2926.773724 8668.533546 -0.051144 0.989565 -0.134707 -0.736470 0.053732 0.674333 -0.674534 -0.133696 -0.726037
-17.976445 -184.236059 -3834.935497 17354.034330 -0.120162 0.976120 -0.180970 -0.529477 0.091186 0.843409 -0.839771 -0.197165 -0.505876
5.804528 -16.818347 3887.876572 -1212.981764 -0.355584 0.497714 0.791101 0.706487 -0.411020 0.576141 0.611912 0.763769 -0.205476
-0.826596 -16.879761 2152.911436 644.421506 -0.273502 0.452797 0.848629 0.702788 -0.508304 0.497711 0.656724 0.732531 -0.179198
14.389366 -21.030010 3855.598851 -1191.358785 -0.482901 0.615594 0.622776 0.605267 -0.279308 0.745412 0.632818 0.736906 -0.237721
-1.822029 -15.916771 2356.447888 -1386.302235 -0.111513 0.329162 0.937666 0.778744 -0.557214 0.288219 0.617352 0.762342 -0.194196
4.670765 -11.912406 4392.005852 -4246.806941 -0.238185 0.400576 0.884764 0.791825 -0.447415 0.415732 0.562389 0.799599 -0.210619
15.964070 -14.902010 4240.954874 -4133.778010 -0.418596 0.553128 0.720296 0.700345 -0.308334 0.643776 0.578182 0.773938 -0.258313
91.524631 -142.774451 31872.927495 9128.155368 -0.140811 0.990035 0.001679 -0.214678 -0.032188 0.976154 -0.966481 -0.137093 -0.217071
98.913263 -143.548317 40003.307641 1186.301860 -0.128420 0.990926 0.039684 -0.429782 -0.091672 0.898267 -0.893754 -0.098300 -0.437654
33.947311 -146.019686 3073.763443 8081.418280 -0.162151 0.979932 0.115930 -0.189467 -0.146217 0.970939 -0.968406 -0.135474 -0.209374
514.448307 -130.942605 269577.334323 5535.261985 0.009940 0.967792 -0.251555 -0.460303 0.227757 0.858049 -0.887706 -0.107262 -0.447741
35.081121 -134.289618 7505.140472 6640.188126 -0.144203 0.986211 0.081202 0.018123 -0.079414 0.996677 -0.989382 -0.145195 0.006421
66.469161 -129.291502 22050.626165 7840.910805 -0.158497 0.986118 -0.049505 0.000568 0.050230 0.998738 -0.987359 -0.158269 0.008521
4575.879526 -838.445975 2262254.208373 100830.247869 0.027721 0.716077 -0.697471 -0.273435 0.676560 0.683740 -0.961491 -0.171759 -0.214555
18.111907 -307.311708 -7604.757198 -64662.316951 0.081477 0.993035 -0.085109 0.088280 0.077867 0.993048 -0.992758 0.088424 0.081321
-46.616882 -499.065963 3598.911576 120036.121728 0.519424 0.852759 0.054770 0.180384 -0.172073 0.968428 -0.835260 0.493145 0.243203
-58.722495 -570.192730 -3045.226634 136627.186601 0.517045 0.855326 -0.032893 -0.084233 0.089085 0.992456 -0.851804 0.510373 -0.118108
-108.989417 -1241.878642 -5520.595398 432958.988378 0.501877 0.864723 -0.019303 0.104509 -0.038472 0.993780 -0.858602 0.500773 0.109679
-37.916660 -646.690914 10370.924606 226004.284382 0.511541 0.854892 0.086514 0.460850 -0.357941 0.812093 -0.725219 0.375549 0.577079
-23.260568 -343.125868 7988.559600 56653.629632 0.547322 0.827602 0.124552 0.347943 -0.360361 0.865491 -0.761166 0.430366 0.485192
-50.861827 -235.447978 -33922.028446 71183.998130 0.305101 0.881791 -0.359665 0.940485 -0.338351 -0.031731 -0.149673 -0.328578 -0.932542
-25.217887 -1613.265783 -291190.911744 889903.066507 0.828410 0.099795 -0.551161 -0.505462 0.557170 -0.658840 -0.241341 -0.824380 -0.512007
221.006493 -4387.890920 58451.961390 3888535.790485 0.154594 0.987655 0.025264 -0.977572 0.156618 -0.140800 0.143018 0.002931 -0.989716
361.388878 -10185.182483 243650.600079 -8172017.136094 0.208836 0.968218 0.137625 -0.461834 0.221688 -0.858815 0.862031 -0.115791 -0.493453
4.194276 -239.945600 2422.252685 -33621.976892 0.056254 0.969524 -0.238452 0.340070 0.205943 0.917573 -0.938716 0.132707 0.318121
1.349413 -55.611355 926.944633 -2211.950692 -0.351455 -0.170553 -0.920539 -0.657653 0.744783 0.113097 0.666312 0.645144 -0.373922
-2.668848 -50.213851 2052.768462 -12551.132236 -0.391895 -0.153368 -0.907137 -0.521883 0.849076 0.081908 0.757666 0.505518 -0.412788
