17573
35124
-36.200742 -55.691433 -2263.314854 4451.622788 -0.188501 0.976192 -0.107312 0.639713 0.039145 -0.767616 0.745141 0.213345 0.631862
-41.656521 -65.377897 -1658.159671 3488.849017 -0.303482 0.952835 -0.002084 0.682857 0.215966 -0.697900 0.664533 0.213223 0.716192
-40.953850 -62.628671 -1221.955145 7191.760546 -0.396676 0.885364 0.242444 0.521976 0.434809 -0.733814 0.755109 0.164536 0.634617
-37.435126 -57.028744 -433.501984 2164.576854 -0.166898 0.948328 -0.269850 0.715624 -0.071760 -0.694789 0.678253 0.309070 0.666670
-32.236099 -48.572126 -3075.761725 7138.924311 -0.152390 0.981851 -0.112897 0.562377 -0.007789 -0.826844 0.812717 0.189494 0.550984
-31.174299 -49.655323 -420.501340 4238.492741 -0.054269 0.923884 -0.378805 0.638223 -0.259663 -0.724739 0.767936 0.281093 0.575552
42.806742 -104.216187 -7103.141994 2765.758804 -0.179749 0.801287 0.570639 -0.295520 0.509308 -0.808253 0.938274 0.313918 -0.145249
58.258381 -97.786860 -8356.787982 -1239.766430 -0.203507 0.763839 0.612482 -0.400729 0.505792 -0.763932 0.893309 0.400904 -0.203160
44.440214 -95.954702 -10171.209602 3243.044735 -0.144564 0.838239 0.525792 -0.489339 0.401285 -0.774285 0.860028 0.369224 -0.352171
32.974039 -82.035252 -7506.296720 9750.634040 -0.103520 0.877015 0.469178 -0.575988 0.331707 -0.747133 0.810877 0.347584 -0.470812
26.102781 -98.815263 -7743.966923 10252.469543 -0.082009 0.883594 0.461016 -0.451363 0.379487 -0.807627 0.888564 0.274318 -0.367701
31.027126 -109.574519 -11274.549154 6229.877146 -0.075632 0.864907 0.496202 -0.312839 0.451920 -0.835404 0.946790 0.218415 -0.236397
-56.773169 -69.026891 973.745177 -131.341732 -0.428088 0.416155 0.802219 0.878183 0.401151 0.260525 -0.213392 0.816023 -0.537188
-57.973055 -69.881811 1519.955405 839.781775 -0.429878 0.496128 0.754362 0.900809 0.292319 0.321080 -0.061218 0.817561 -0.572578
-59.181523 -70.116808 115.608085 -1623.062299 -0.499762 0.533333 0.682491 0.844907 0.473661 0.248551 -0.190709 0.700857 -0.687335
-53.969747 -68.348369 1783.387133 2143.193604 -0.348389 0.371503 0.860587 0.934724 0.206373 0.289313 -0.070122 0.905204 -0.419151
-58.392332 -67.079378 199.970992 -2027.352247 -0.521709 0.399135 0.753996 0.779621 0.581938 0.231385 -0.346425 0.708547 -0.614777
-54.815604 -66.743923 1368.398040 -1523.118973 -0.353239 0.333863 0.873933 0.855818 0.492647 0.157714 -0.377886 0.803638 -0.459748
-52.250795 -68.206715 1813.160404 414.388312 -0.281392 0.313340 0.906993 0.930715 0.319251 0.178459 -0.233640 0.894369 -0.381465
50.253017 -73.780999 7637.803009 12165.346795 0.888453 -0.185250 -0.419922 0.241275 -0.589794 0.770668 0.390433 0.786019 0.479308
31.661818 -97.232535 2860.151786 11473.413121 0.895468 -0.149400 -0.419306 0.324268 -0.426377 0.844425 0.304939 0.892122 0.333361
43.171168 -80.268387 10782.871823 13745.547648 0.849037 -0.210811 -0.484453 0.296761 -0.568343 0.767410 0.437114 0.795327 0.419984
58.375634 -55.982067 13528.100320 9774.118611 0.844642 -0.259561 -0.468196 0.194155 -0.666512 0.719767 0.498882 0.698849 0.512570
13.842657 4.321236 6286.403618 -3505.447040 -0.771378 -0.502240 0.390809 -0.297141 0.827317 0.476712 -0.562747 0.251599 -0.787410
13.546619 -0.576288 5739.385862 -1020.135301 -0.816595 -0.344473 0.463154 -0.148086 0.900570 0.408710 -0.557892 0.265164 -0.786413
1.525345 -3.982378 -3712.902751 4212.327343 0.390964 0.920272 0.015699 -0.719524 0.294954 0.628718 -0.573961 0.257102 -0.777475
7.112946 -6.342458 -6278.030898 6071.407837 0.315389 0.945969 0.075316 -0.755028 0.202064 0.623781 -0.574859 0.253599 -0.777962
-4.180404 -17.241678 -1741.517903 6602.658416 0.094308 0.961435 0.258359 -0.820634 -0.071847 0.566919 -0.563618 0.265483 -0.782211
-0.334027 -20.778567 -4507.815651 6837.899215 0.205127 0.964759 0.164812 -0.803232 0.069724 0.591571 -0.559232 0.253729 -0.789228
-18.425374 -24.307183 1098.078553 -2538.665814 0.222177 0.928318 0.298098 0.969575 -0.242585 0.032803 0.102766 0.281740 -0.953971
-15.762699 -22.022161 1073.240556 -2537.270408 0.252889 0.904744 0.342761 0.962006 -0.272829 0.010386 0.102912 0.327112 -0.939365
-16.985031 -29.910085 1336.761196 -1642.306388 0.314587 0.893715 0.319857 0.928736 -0.359434 0.090862 0.196173 0.268479 -0.943099
-19.646039 -31.595065 1341.336621 -1564.030931 0.281597 0.921447 0.267655 0.938429 -0.322653 0.123477 0.200137 0.216404 -0.955570
-21.212868 -26.181008 1082.471681 -2347.757050 0.111710 0.964704 0.238469 0.988779 -0.131854 0.070214 0.099179 0.227950 -0.968609
5.660111 -92.990593 1152.014002 1966.659939 0.041607 0.937143 -0.346457 -0.818755 0.230717 0.525747 -0.572634 -0.261788 -0.776890
7.918666 -89.621922 887.373506 -4973.915113 0.065358 0.929881 -0.362007 -0.927544 0.190386 0.321582 -0.367954 -0.314759 -0.874949
2.406213 -97.198502 1106.009151 -1013.368298 0.028358 0.942967 -0.331677 -0.871646 0.185752 0.453574 -0.489314 -0.276243 -0.827201
8.673891 -86.864613 850.781633 -1862.272318 0.064875 0.923076 -0.379106 -0.886855 0.227496 0.402161 -0.457471 -0.310122 -0.833393
-0.691367 -98.251972 1538.930016 3752.127632 0.003578 0.952821 -0.303510 -0.733238 0.208878 0.647095 -0.679962 -0.220230 -0.699392
7.231840 -87.537671 943.064735 3369.201482 0.039897 0.930354 -0.364485 -0.763696 0.263619 0.589299 -0.644342 -0.254844 -0.721025
2.913715 -91.514347 1422.347426 4734.741985 0.014224 0.947941 -0.318128 -0.670371 0.245104 0.700376 -0.741890 -0.203301 -0.638959
2.963621 -168.045997 -569.858836 7839.722407 0.196864 0.979389 -0.045181 0.711849 -0.174471 -0.680317 0.674178 -0.101767 0.731524
1.522215 -148.963160 -553.677261 15052.414455 0.210371 0.975733 -0.060741 0.472841 -0.155933 -0.867241 0.855667 -0.153722 0.494170
0.937308 -158.665459 -354.491614 8382.693666 0.183286 0.982643 -0.028630 0.719726 -0.153970 -0.676970 0.669627 -0.103474 0.735454
4.773634 -156.994396 -1004.029167 14479.080401 0.218580 0.973223 -0.071132 0.465782 -0.168111 -0.868784 0.857479 -0.156767 0.490056
2.699291 -168.807399 -338.874552 -458.848586 0.165433 0.986110 -0.014820 0.895356 -0.156474 -0.416958 0.413485 -0.055709 0.908805
4.886147 -179.060649 -600.035165 -142.630329 0.181904 0.982549 -0.038844 0.887955 -0.181105 -0.422773 0.422430 -0.042412 0.905403
6.459080 -172.730675 -977.351880 7310.920911 0.207384 0.976213 -0.063253 0.702780 -0.193651 -0.684543 0.680509 -0.097510 0.726223
-4.897025 -27.729700 2448.591921 -4506.619401 -0.731175 0.242208 0.637745 0.447265 0.876089 0.180061 -0.515109 0.416897 -0.748905
-5.076513 -23.622828 2686.785430 -2951.621499 -0.697798 0.302647 0.649217 0.485092 0.866542 0.117433 -0.527033 0.396874 -0.751483
1.910008 -19.979818 2369.267843 -1560.162230 -0.784632 0.119196 0.608395 0.325340 0.914526 0.240410 -0.527737 0.386568 -0.756345
6.132499 -30.651018 2456.455752 -1287.846925 0.915323 0.178804 -0.360850 0.045027 0.844975 0.532906 -0.400195 0.504029 -0.765375
3.160540 -29.726086 3333.568616 -5494.286373 0.922821 0.270384 -0.274398 -0.085527 0.838321 0.538426 -0.375615 0.473402 -0.796746
0.441593 -32.966368 3494.835368 -360.322326 0.925326 0.258129 -0.277742 -0.049629 0.808645 0.586199 -0.375910 0.528642 -0.761071
-0.699031 -123.246005 773.126373 -9694.015198 0.945872 -0.029264 0.323218 0.321920 -0.041688 -0.945848 -0.041154 -0.998702 0.030011
-0.742748 -113.377634 847.510647 -6628.804980 0.942382 -0.030510 0.333143 0.321328 -0.194523 -0.926774 -0.093080 -0.980423 0.173512
-3.565752 -125.885443 962.192850 -10789.701964 0.945958 -0.032458 0.322660 0.318993 -0.085939 -0.943853 -0.058365 -0.995772 0.070941
2.282189 -115.069935 1010.604159 -6037.632355 0.942574 -0.032776 0.332384 0.324117 -0.150484 -0.933971 -0.080630 -0.988069 0.131220
-3.450449 -133.972011 831.890228 -9325.541359 0.951533 -0.031258 0.305953 0.307531 0.086991 -0.947553 -0.003003 -0.995719 -0.092388
-1.152822 -130.104735 640.777827 -7805.122866 0.949658 -0.027488 0.312081 0.313009 0.125363 -0.941440 0.013246 -0.991730 -0.127656
1.717284 -122.067128 842.263779 -6728.639666 0.942432 -0.030323 0.333021 0.333289 0.004129 -0.942816 -0.027214 -0.999532 -0.013997
32.723761 -106.806158 -236.781796 -10397.720456 -0.213009 0.976288 0.038578 -0.769889 -0.192025 0.608602 -0.601579 -0.099937 -0.792537
37.336368 -86.488796 2412.571396 -9479.525508 -0.224822 0.969412 0.098464 -0.843474 -0.244212 0.478448 -0.487859 -0.024514 -0.872578
31.443290 -98.268425 4256.027446 -6550.809520 -0.150640 0.974057 0.168881 -0.726367 -0.224936 0.649457 -0.670596 0.024835 -0.741407
29.274493 -110.853936 2086.415710 -7113.689762 -0.145639 0.982666 0.114701 -0.613352 -0.180650 0.768873 -0.776266 -0.041626 -0.629030
18.046331 -92.399570 5034.513342 -4147.162766 -0.082689 0.970242 0.227580 -0.696058 -0.219657 0.683559 -0.713208 0.101886 -0.693509
21.173994 -102.677286 4066.240137 -4311.953928 -0.076310 0.978266 0.192801 -0.572134 -0.201324 0.795067 -0.816603 0.049637 -0.575062
-6.004177 -98.238459 2147.381394 -29395.830449 -0.939644 -0.080412 -0.332570 -0.167433 0.955725 0.241981 0.298388 0.283060 -0.911505
-8.001193 -141.309573 -1529.397409 -36524.893356 0.953377 0.020895 0.301056 -0.147929 0.901883 0.405862 0.263037 0.431474 -0.862926
-8.371908 -94.354459 -2779.170595 -34733.628977 -0.930410 -0.012278 -0.366316 -0.099519 0.970354 0.220247 0.352752 0.241376 -0.904049
-4.273934 -138.310955 -3898.088927 -31061.788328 0.958071 0.032538 0.284678 -0.159558 0.885816 0.435741 0.237994 0.462894 -0.853867
-4.313702 -73.021872 -2625.070967 -22760.826846 -0.929172 -0.049240 -0.366353 -0.098906 0.988070 0.118050 0.356169 0.145923 -0.922957
-2.308791 -70.915857 3115.837518 -23043.068210 -0.933879 -0.105903 -0.341547 -0.157131 0.979517 0.125920 0.321216 0.171261 -0.931391
-4.411405 -99.518738 -6675.214216 -24956.979107 0.945614 0.106524 0.307354 -0.194218 0.942851 0.270760 0.260947 0.315729 -0.912262
4.576919 -81.876853 -577.791981 -4054.147660 -0.946516 0.006795 -0.322586 -0.087781 0.956645 0.277712 0.310488 0.291176 -0.904883
0.925478 -83.882663 337.638240 5796.902559 -0.947753 0.041423 -0.316303 -0.023990 0.979471 0.200152 0.318101 0.197283 -0.927303
5.194397 -83.871176 -1922.366705 -1874.192747 -0.941547 0.054104 -0.332509 -0.049264 0.954296 0.294774 0.333260 0.293924 -0.895850
3.052020 -62.814101 -3730.934168 -4291.606010 0.955111 0.176340 0.238049 -0.217636 0.962832 0.159967 0.200993 0.204594 -0.957989
-0.612837 -65.369986 -2236.440549 -610.340825 0.964646 0.117209 0.236052 -0.179271 0.948351 0.261711 0.193185 0.294775 -0.935835
-1.526647 -62.843093 5478.167098 -3666.183641 -0.964702 -0.142503 -0.221456 -0.173155 0.976838 0.125716 0.198412 0.159625 -0.967033
7.771236 -58.051632 4511.982642 -5158.998778 -0.945749 -0.217232 -0.241599 -0.236290 0.970260 0.052566 0.222995 0.106802 -0.968951
-6.772287 -115.022432 131.872685 771.008787 -0.881811 0.007253 -0.471548 -0.003377 0.999759 0.021693 0.471591 0.020721 -0.881574
-4.743623 -116.100356 -473.927836 -4879.154137 -0.877411 -0.006816 -0.479690 0.118514 0.965828 -0.230499 0.464869 -0.259093 -0.846621
-8.583024 -111.534980 -2624.473069 2999.883443 -0.873285 -0.018850 -0.486846 -0.016081 0.999822 -0.009865 0.486945 -0.000786 -0.873432
-8.899265 -105.141022 -1296.403465 7261.395400 -0.888893 0.013391 -0.457918 -0.088893 0.975533 0.201083 0.449407 0.219447 -0.865954
-11.052225 -100.746374 -2059.373085 9911.974111 -0.898033 0.003109 -0.439916 -0.083718 0.980494 0.177830 0.431888 0.196526 -0.880256
-11.197045 -111.357899 -2537.953403 6332.525110 -0.888612 -0.038080 -0.457075 -0.025349 0.999102 -0.033957 0.457958 -0.018588 -0.888780
316.857470 -867.122594 -1950.327756 -179628.380124 0.927552 -0.154253 -0.340372 0.180915 0.982335 0.047828 0.326982 -0.105941 0.939074
576.549476 -1496.212057 209207.709605 -880735.603322 0.633669 -0.097521 -0.767433 0.342025 0.925118 0.164851 0.693890 -0.366942 0.619573
317.032007 -761.026814 148296.451858 451043.238275 0.778042 -0.204034 -0.594156 -0.481114 -0.801691 -0.354713 0.403956 -0.561838 0.721913
1085.776934 -1908.618681 -733952.964752 -1326709.968675 0.888277 -0.090100 -0.450385 0.133473 -0.887620 0.440813 0.439488 0.451678 0.776426
419.571976 -1452.091667 146031.431231 305313.999705 0.610773 -0.005938 -0.791783 -0.102943 0.990889 -0.086840 0.785085 0.134548 0.604597
-24.226245 -200.935877 -1987.406754 11821.957595 0.822122 -0.196339 0.534384 -0.344931 0.574973 0.741909 0.452922 0.794265 -0.404974
-24.701275 -254.629669 719.158173 25182.407854 0.800829 -0.248333 0.544981 -0.236462 0.704937 0.668693 0.550235 0.664376 -0.505812
-25.745196 -191.721390 -4885.859353 31362.494255 0.834603 -0.176359 0.521857 -0.295736 0.655803 0.694595 0.464734 0.734043 -0.495180
-20.264167 -175.357000 -6454.087178 -8783.465203 0.839798 -0.098349 0.533916 -0.400407 0.551930 0.731469 0.366624 0.828070 -0.424130
-15.650995 -195.450840 -5467.071010 30247.079464 0.852471 -0.114435 0.510096 -0.300764 0.690730 0.657596 0.427591 0.714000 -0.554410
43.120893 -13.821537 10636.151786 -1158.017347 -0.148900 0.932322 -0.329551 -0.021550 -0.336247 -0.941527 0.988617 0.133091 -0.070159
57.130023 -11.678626 8718.136570 -1812.873746 -0.051951 0.928276 -0.368244 -0.007701 -0.369104 -0.929356 0.998620 0.045445 -0.026324
39.139973 -14.765689 10810.605181 855.117976 -0.165442 0.939327 -0.300490 0.011517 -0.302828 -0.952976 0.986152 0.161123 -0.039282
-32.790741 -61.653233 6357.632378 -2192.328144 -0.026251 0.875143 -0.483151 0.800186 -0.271297 -0.534883 0.599177 0.400652 0.693156
-36.481241 -60.672812 6962.444507 -1782.865977 -0.062842 0.899792 -0.431771 0.843542 -0.183322 -0.504807 0.533375 0.395939 0.747491
-46.701368 -67.363912 6349.335356 -2767.013822 0.141995 0.850810 -0.505924 0.767572 -0.417368 -0.486454 0.625036 0.319259 0.712322
-41.053007 -66.754982 5789.176310 -2202.197195 0.108191 0.834368 -0.540486 0.721958 -0.439701 -0.534266 0.683426 0.332405 0.649950
-27.439880 -62.683916 5690.552706 -1982.386360 -0.036209 0.857805 -0.512698 0.737993 -0.322976 -0.592497 0.673836 0.399821 0.621360
2.315507 -17.868601 -21.211600 -2031.979658 -0.136030 0.909373 0.393111 0.984635 0.080241 0.155100 0.109500 0.408169 -0.906316
3.222212 -22.000790 704.952804 -1864.664651 -0.201163 0.899272 0.388387 0.966446 0.117546 0.228399 0.159739 0.421300 -0.892743
0.908710 -17.681507 318.832204 -2414.387197 -0.192762 0.899595 0.391883 0.975627 0.133032 0.174515 0.104860 0.415971 -0.903312
0.317428 -12.769841 -546.265350 -1467.134743 -0.143758 0.908793 0.391701 0.986336 0.099393 0.131389 0.080473 0.405237 -0.910663
1.243486 -13.237531 21179.823819 3573.642084 0.771842 -0.416449 -0.480448 -0.631485 -0.590137 -0.502956 0.074075 -0.691598 0.718474
23.684774 -22.404892 33367.435321 4851.056494 0.743801 -0.417155 -0.522248 -0.657853 -0.595147 -0.461550 0.118277 -0.686864 0.717098
-15.407913 -20.554945 -2790.839582 10947.892852 0.996219 0.084724 -0.019246 0.047699 -0.718483 -0.693907 0.072619 -0.690365 0.719808
81.435599 -17.110049 51815.130730 1098.120946 0.771095 -0.418681 -0.479707 -0.630958 -0.603585 -0.487420 0.085471 -0.678522 0.729591
-11.946967 -28.392615 -4957.640003 10852.035863 0.795142 0.467013 0.386844 0.604746 -0.563230 -0.563076 0.045082 -0.681667 0.730272
-15.769073 -17.631116 10511.505576 2264.352346 0.550825 -0.583449 -0.596807 0.832494 0.435095 0.342996 0.059547 -0.685769 0.725379
33.598370 -16.308737 32185.385270 -1908.720129 0.779198 -0.407793 -0.475978 -0.622191 -0.594956 -0.508829 0.075689 -0.692627 0.717314
17.931866 -89.237537 -1868.414047 18078.219011 0.145097 0.970396 -0.193074 -0.376726 -0.126256 -0.917680 0.914890 -0.205889 -0.347255
23.443459 -73.345715 -2078.798610 16552.665788 0.114897 0.979647 -0.164590 -0.510276 -0.083953 -0.855903 0.852301 -0.182327 -0.490245
17.043156 -83.148625 -2588.195054 1081.162329 0.177216 0.967622 -0.179728 -0.453086 -0.081901 -0.887697 0.873675 -0.238746 -0.423902
11.552877 -90.189925 -2056.321521 6637.797430 0.193872 0.960985 -0.197283 -0.325465 -0.126704 -0.937026 0.925465 -0.245872 -0.288203
45.183040 -254.680223 492.783163 37907.418060 -0.060336 -0.826340 0.559931 0.961631 -0.198523 -0.189356 0.267631 0.527021 0.806612
47.353256 -198.141495 1865.503853 31578.403181 0.041031 0.810918 -0.583720 0.830527 -0.352463 -0.431271 0.555465 0.467100 0.687951
49.254423 -253.813483 741.241342 40490.986169 -0.084845 -0.860640 0.502096 0.953996 -0.215599 -0.208349 0.287565 0.461320 0.839339
41.380781 -251.588564 -3358.745799 43004.339176 -0.010000 -0.728755 0.684702 0.902423 -0.301531 -0.307752 0.430734 0.614813 0.660661
-12.444684 -109.474344 3761.328323 869.196808 -0.080440 -0.427192 0.900576 0.055462 0.900185 0.431961 -0.995215 0.084695 -0.048718
-3.428026 -123.669369 -1328.711806 -19028.019174 -0.119978 -0.678085 0.725125 0.206590 0.697359 0.686302 -0.971044 0.232145 0.056417
-23.933089 -80.846327 3230.340809 6946.359942 -0.119867 -0.362627 0.924194 0.052603 0.927278 0.370659 -0.991395 0.093046 -0.092075
10.861653 -19.925399 -4086.883867 3427.081593 -0.028526 0.967586 0.250926 0.677165 0.203357 -0.707173 0.735278 -0.149745 0.661016
1.576311 -29.553331 -3583.740674 4360.946002 0.067782 0.983046 0.170370 0.704488 0.073758 -0.705873 0.706472 -0.167869 0.687545
8.783899 -29.715156 -3795.990071 4552.083555 0.026596 0.980659 0.193907 0.717051 0.116439 -0.687226 0.696513 -0.157318 0.700086
-25.040504 -47.232578 -1581.609577 -10029.982386 -0.142773 -0.879175 -0.454606 0.989733 -0.123753 -0.071505 0.006606 -0.460148 0.887818
-23.743850 -39.566712 0.278251 -5746.334039 -0.261711 -0.847996 -0.460880 0.964613 -0.245684 -0.095709 -0.032069 -0.469619 0.882287
-30.531040 -45.763346 1021.407548 -12726.388396 -0.425790 -0.784254 -0.451274 0.904790 -0.373217 -0.205094 -0.007578 -0.495635 0.868498
-19.085773 -42.360054 -809.008888 -4203.057045 -0.145898 -0.887925 -0.436237 0.988845 -0.144253 -0.037100 -0.029986 -0.436784 0.899066
-19.153081 -47.951355 -2376.233573 -5593.605554 -0.071778 -0.906197 -0.416720 0.996915 -0.051873 -0.058911 0.031768 -0.419662 0.907124
6.826178 -14.487940 1278.370991 1671.614326 0.334441 -0.498732 0.799635 -0.328585 0.733541 0.594937 -0.883279 -0.461720 0.081450
6.967485 -22.784035 1233.759274 -1099.963749 -0.386734 0.851703 -0.353608 -0.055748 0.361150 0.930840 -0.920505 -0.379700 0.092188
-9.650713 -13.449971 -7770.828101 -3718.318142 -0.474133 0.867109 -0.152709 0.029844 0.189172 0.981490 -0.879947 -0.460800 0.115571
-1.269081 -21.686727 -4873.727497 -3297.283595 -0.447354 0.849872 -0.278552 0.000526 0.311705 0.950179 -0.894357 -0.424920 0.139890
-11.871331 -21.837146 -12975.305968 -4580.149329 -0.486062 0.736174 -0.470948 -0.115294 0.480162 0.869570 -0.866286 -0.476963 0.148512
77.518401 -23.406340 27544.380560 -110.297296 -0.051048 0.975447 0.214235 0.827922 -0.078632 0.555304 -0.558516 -0.205717 0.803580
79.182108 -26.424751 26781.953926 -3273.873403 -0.109017 0.976919 0.183695 0.842047 -0.007451 0.539353 -0.528273 -0.213479 0.821800
102.243767 -29.533612 25762.466169 -2799.646196 -0.128084 0.938809 0.319737 0.832571 -0.073399 0.549034 -0.538907 -0.336526 0.772224
90.916183 -27.679033 20443.830686 1438.655103 -0.087099 0.927183 0.364341 0.820508 -0.140644 0.554063 -0.564960 -0.347203 0.748512
72.665371 -24.818847 23550.848254 2291.267364 -0.026012 0.965355 0.259642 0.798686 -0.136129 0.586148 -0.601185 -0.222619 0.767474
-14.079050 -46.896263 666.649232 249.108292 -0.395736 0.918243 -0.014947 0.082971 0.051958 0.995197 -0.914609 -0.392595 0.096749
-10.797715 -44.423324 4714.413088 -1239.979395 -0.396123 0.915045 -0.076019 0.113635 0.131011 0.984847 -0.911139 -0.381482 0.155878
-12.812655 -48.279129 -625.101958 -1353.536436 -0.399372 0.915009 -0.057092 0.098684 0.104818 0.989583 -0.911462 -0.389578 0.132158
-17.888467 -50.035875 -4872.540185 129.428892 -0.397755 0.917492 0.000412 0.079903 0.034192 0.996216 -0.914006 -0.396283 0.086911
-15.070453 -46.648659 -1986.484611 1258.424934 -0.394524 0.918423 0.029163 0.050332 -0.010091 0.998682 -0.917506 -0.395471 0.042245
-4.802892 -19.358993 2933.908328 -520.147326 0.065073 0.997052 -0.040643 0.875181 -0.037457 0.482344 -0.479400 0.066958 0.875039
-4.539735 -18.479819 3042.487474 989.751087 0.021534 0.997272 -0.070597 0.860210 0.017503 0.509639 -0.509485 0.071702 0.857487
-10.358711 -19.521350 3026.490129 -773.292288 -0.047599 0.994683 -0.091327 0.869613 0.086249 0.486142 -0.491434 0.056279 0.869094
0.687928 -17.701235 2891.087967 689.925621 0.085925 0.995720 -0.034043 0.858219 -0.056618 0.510151 -0.506040 0.073051 0.859411
-11.262746 -22.306520 4259.702322 -1471.492888 -0.003169 0.997585 -0.069381 0.892261 0.034147 0.450226 -0.451508 0.060479 0.890215
-3.866398 -21.818856 3390.211283 -1708.596242 0.124729 0.992167 -0.006939 0.889114 -0.108664 0.444599 -0.440362 0.061624 0.895703
1.771574 -18.335516 2139.528616 -1341.092097 0.163615 0.986254 0.023094 0.862332 -0.154349 0.482244 -0.479179 0.058987 0.875733
3.043000 -56.208954 -115.994983 353.914718 0.320991 0.945579 -0.053342 0.329241 -0.164221 -0.929856 0.888012 -0.280913 0.364037
3.071298 -54.532899 453.777188 -42.984340 0.339073 0.936019 -0.094332 0.338770 -0.215031 -0.915968 0.877647 -0.278623 0.390006
0.938363 -54.887508 393.598885 -235.793050 0.309235 0.949898 -0.045473 0.488858 -0.199798 -0.849175 0.815715 -0.240365 0.526150
1.378251 -54.818839 -232.459781 -544.134526 0.287758 0.957630 0.011864 0.479631 -0.133379 -0.867274 0.828945 -0.255256 0.497689
-1.093438 -54.091854 17.841947 -837.539671 0.291790 0.956429 0.010126 0.608828 -0.177557 -0.773177 0.737691 -0.231770 0.634110
-0.288203 -55.074280 578.284540 319.403191 0.309914 0.949209 -0.054371 0.610187 -0.242428 -0.754255 0.729127 -0.200578 0.654326
-1.147671 -55.129709 246.362601 -325.513430 0.299767 0.953691 -0.024761 0.630192 -0.217436 -0.745373 0.716239 -0.207834 0.666188
-6.989016 -151.992112 -276.459655 -3639.180124 -0.296875 0.647725 -0.701654 0.928611 0.367101 -0.054017 0.222590 -0.667600 -0.710468
-6.276984 -146.341590 -439.184669 -4881.711495 -0.292227 0.633598 -0.716350 0.934113 0.349689 -0.071768 0.205028 -0.690124 -0.694041
-6.766280 -146.283326 -175.189271 -8163.763280 -0.286326 0.652064 -0.702018 0.957618 0.218749 -0.187391 0.031375 -0.725921 -0.687062
-7.143297 -151.887752 -101.988015 -8926.067860 -0.297908 0.664409 -0.685428 0.953346 0.243784 -0.178045 0.048802 -0.706491 -0.706037
-7.939474 -156.249844 -219.278666 152.078335 -0.308322 0.662555 -0.682611 0.917284 0.397191 -0.028799 0.252046 -0.635027 -0.730214
10.567691 -51.536632 6055.099914 622.985734 0.178228 0.955114 0.236627 0.356365 -0.286806 0.889239 -0.917191 0.074162 0.391486
7.715968 -52.082263 4534.791535 238.210129 0.213340 0.933815 0.287186 0.216847 -0.331881 0.918059 -0.952609 0.133583 0.273299
6.371167 -50.168861 2063.099779 1119.259345 0.195966 0.943145 0.268469 0.353394 -0.323305 0.877831 -0.914719 0.077150 0.396658
-7.779877 -158.788908 -170.719222 -7930.555009 -0.320500 0.672784 -0.666814 0.943032 0.292970 -0.157669 0.089279 -0.679360 -0.728354
-8.952525 -171.894692 -5.523206 -8245.798648 -0.362492 0.672717 -0.645020 0.920286 0.367689 -0.133709 0.147219 -0.642071 -0.752377
-10.431375 -166.346192 -448.483085 2206.500448 -0.337082 0.668393 -0.663043 0.890477 0.454988 0.005953 0.305656 -0.588418 -0.748558
-5.609114 -158.781970 386.288182 -15573.744423 -0.345890 0.683231 -0.643083 0.934956 0.193384 -0.297421 -0.078846 -0.704130 -0.705680
-6.082621 -147.229509 55.594802 -13683.097921 -0.312008 0.676948 -0.666628 0.941223 0.124656 -0.313943 -0.129424 -0.725398 -0.676053
-5.005181 -47.851483 -109.639947 -1869.685756 0.203046 0.930133 -0.305983 0.589057 0.133588 0.796973 -0.782167 0.342064 0.520776
-2.713977 -42.958141 561.796354 -2461.327271 0.248323 0.933972 -0.256968 0.430570 0.131208 0.892969 -0.867724 0.332387 0.369558
-5.225737 -44.295633 93.828263 -1586.493601 0.227560 0.938871 -0.258336 0.548694 0.095539 0.830546 -0.804457 0.330746 0.493413
-0.260653 -48.121824 806.386307 -3560.528570 0.222373 0.924935 -0.308293 0.475096 0.173325 0.862695 -0.851372 0.338309 0.400890
-6.828263 -49.130309 -357.254254 -1158.190018 0.197521 0.934799 -0.295187 0.695277 0.078687 0.714422 -0.691069 0.346350 0.634402
-7.105501 -51.746581 -60.916796 -628.398494 0.172052 0.921790 -0.347422 0.736507 0.113841 0.666782 -0.654183 0.370600 0.659318
-1.939339 -51.606878 981.029559 -1057.764305 0.195218 0.918171 -0.344749 0.638658 0.147758 0.755171 -0.744315 0.367599 0.557553
-0.977480 -162.223333 -574.776453 -5126.028035 -0.335988 0.774306 -0.536249 0.532634 0.625767 0.569840 -0.776797 0.094164 0.622671
0.542329 -164.327707 -726.459246 -5219.164754 -0.340661 0.770915 -0.538182 0.561795 0.625900 0.540958 -0.753881 0.118065 0.646316
-0.552006 -166.149045 -575.249557 -93.187407 -0.333556 0.775368 -0.536231 0.697478 0.585648 0.412966 -0.634244 0.236262 0.736149
-2.728222 -166.978848 -760.069749 1573.657785 -0.333160 0.774939 -0.537098 0.673592 0.594216 0.439523 -0.659756 0.215354 0.719962
-3.223834 -164.145475 -572.765155 -6752.621482 -0.325628 0.780266 -0.533995 0.498066 0.621619 0.604582 -0.803677 0.069096 0.591041
32.986832 -160.036832 9883.280218 -47007.931599 -0.163133 0.750572 -0.640335 0.797175 -0.282120 -0.533779 -0.581291 -0.597536 -0.552315
37.600542 -155.283927 -198.293863 -41172.199375 -0.222790 0.719513 -0.657773 0.804141 -0.245802 -0.541239 -0.551110 -0.649525 -0.523827
26.161813 -181.405762 19197.796062 -22685.431670 -0.143700 0.764062 -0.628935 0.900496 -0.162625 -0.403312 -0.410436 -0.624309 -0.664665
27.252023 -169.457219 23161.772813 20974.979986 -0.177426 0.767812 -0.615617 0.965733 0.015437 -0.259079 -0.189420 -0.640489 -0.744241
24.517422 -163.767976 11844.631752 14765.025159 -0.153239 0.762713 -0.628321 0.958594 -0.039711 -0.281993 -0.240030 -0.645517 -0.725047
25.453463 -181.913681 10385.834813 -36599.369666 -0.122115 0.764470 -0.632988 0.882083 -0.208773 -0.422308 -0.454992 -0.609917 -0.648832
24.447131 -155.187316 7665.443240 45932.285251 -0.177025 0.741547 -0.647125 0.984202 0.135381 -0.114099 0.002999 -0.657100 -0.753798
28.885665 -147.928601 15732.543607 40634.372555 -0.208406 0.742945 -0.636081 0.977694 0.175619 -0.115208 0.026115 -0.645902 -0.762973
21.791724 -123.076485 3174.083816 32168.214545 -0.205299 0.729534 -0.652405 0.965124 0.261551 -0.011234 0.162442 -0.631958 -0.757787
-15.010261 -34.746802 465.100432 1679.180862 0.329844 0.901232 0.281041 0.538349 -0.424120 0.728219 -0.775489 0.088900 0.625071
-10.819186 -34.760791 -3272.910161 2408.578367 0.283546 0.915438 0.285613 0.565756 -0.400172 0.720959 -0.774288 0.042838 0.631382
-14.365909 -31.662667 -358.688298 1569.728458 0.329581 0.894030 0.303457 0.596346 -0.446311 0.667216 -0.731948 0.038937 0.680247
-13.938133 -31.502469 629.657308 1124.560579 0.389920 0.864530 0.317096 0.572987 -0.497353 0.651403 -0.720866 0.072304 0.689292
-14.900680 -34.806129 464.674021 1332.140264 0.371573 0.881458 0.291488 0.514925 -0.456917 0.725313 -0.772519 0.119412 0.623663
-31.671369 -74.266966 -1129.508371 -8380.370497 -0.197576 0.831915 -0.518537 0.168469 0.549910 0.818057 -0.965703 -0.074271 0.248800
-33.201936 -70.758775 -376.966809 -7370.985825 -0.131137 0.801623 -0.583269 0.131640 0.597221 0.791201 -0.982585 -0.026974 0.183843
-31.001913 -66.326006 -765.001995 -4837.714421 -0.199618 0.791728 -0.577338 0.058360 0.597757 0.799550 -0.978134 -0.125911 0.165528
11.146211 -68.067056 8300.692663 -77635.591689 -0.216082 0.855188 -0.471129 -0.065896 -0.494202 -0.866846 0.974149 0.156265 -0.163142
31.372027 8.096972 -15459.113635 38218.633849 -0.231745 0.432616 -0.871285 -0.087219 0.882820 0.461543 0.968859 0.182953 -0.166857
-0.140202 -59.876527 10269.448430 -57471.009348 -0.254884 0.729160 -0.635106 -0.029810 -0.662412 -0.748546 0.966512 0.171859 -0.190575
-8.972045 -248.000658 11932.375536 -163765.439346 -0.197718 0.912630 -0.357790 -0.183136 -0.392959 -0.901135 0.963000 0.112646 -0.244830
-31.852399 -135.233468 22542.608157 -80385.293003 -0.227060 0.822128 -0.522063 -0.142440 -0.558335 -0.817296 0.963408 0.111212 -0.243879
-0.034482 -76.538294 -23316.287249 46566.571906 -0.249481 0.138607 -0.958409 -0.117433 0.978069 0.172019 0.961233 0.155465 -0.227733
41.854003 -34.143916 21043.475734 -62634.249146 -0.061439 0.984728 0.162901 -0.126028 0.154250 -0.979961 0.990122 0.080738 -0.114626
43.827365 13.434048 28447.022640 -43265.774460 -0.080631 0.968210 0.236787 -0.141420 0.224044 -0.964264 0.986661 0.111236 -0.118859
16.215471 -111.525911 2885.441503 -98538.644994 -0.136807 0.967485 -0.212735 -0.111930 -0.228477 -0.967094 0.984254 0.108494 -0.139548
35.197735 -59.244669 21865.088337 -71262.763157 -0.022468 0.974183 0.224639 -0.123747 0.220258 -0.967560 0.992059 0.049537 -0.115604
95.852683 0.243788 50540.527183 -18566.612850 0.113329 0.776421 0.619942 -0.142666 0.630212 -0.763203 0.983261 0.001952 -0.182190
-4.450715 -4516.598550 15991.705359 1955493.500477 -0.486371 0.743568 -0.458856 0.708212 0.027913 -0.705447 -0.511740 -0.668077 -0.540180
-3.684885 -1925.566133 -967.110963 -615753.473185 -0.546507 0.770316 -0.328548 0.554192 0.626789 0.547729 -0.627855 -0.117259 0.769447
162.006425 -10003.720096 7523.853400 10590158.574145 -0.618283 0.683566 -0.387897 0.163345 0.594517 0.787317 -0.768794 -0.423423 0.479237
211.454188 -1375.452113 -150846.359485 -3274155.809642 0.406939 -0.827087 0.387721 0.905338 0.421648 -0.050752 -0.121505 0.371672 0.920379
-5.220364 -4218.811928 -3064.877430 1579084.278930 -0.508627 0.732668 -0.452212 0.464331 0.675721 0.572537 -0.725048 -0.081232 0.683891
18.376149 -1268.454790 6121.315959 -660313.780989 -0.552139 0.684576 -0.475919 -0.394545 0.288326 0.872469 -0.734491 -0.669495 -0.110901
232.268105 -3947.515319 96554.908889 -1545478.677582 -0.500415 0.656110 -0.564894 0.817234 0.142534 -0.558402 -0.285856 -0.741083 -0.607521
19.076829 -49.421040 948.510316 823.552131 0.073314 0.981825 0.175054 0.488718 -0.188375 0.851862 -0.869356 -0.023098 0.493646
25.306996 -52.274370 -230.333445 -502.531613 0.050500 0.984933 0.165398 0.341767 -0.172654 0.923789 -0.938427 -0.009876 0.345337
19.492247 -52.100188 4845.151474 142.738341 0.124503 0.971806 0.200228 0.363511 -0.232442 0.902125 -0.923233 0.039533 0.382202
14.151950 -45.535597 2550.499093 1987.079600 0.113780 0.978135 0.174085 0.602023 -0.207269 0.771108 -0.790330 -0.017066 0.612443
16.357598 -44.787656 1578.744624 2613.375529 0.085772 0.980538 0.176603 0.615840 -0.191516 0.764240 -0.783188 -0.043209 0.620282
13.584334 -49.957267 3475.726920 566.823322 0.125138 0.973903 0.189349 0.483711 -0.226519 0.845407 -0.866236 0.014202 0.499433
-7.019783 -35.802410 -2659.138015 -6556.300709 0.745814 0.666056 -0.011469 -0.499594 0.570642 0.651746 -0.440645 0.480351 -0.758350
-4.695979 -37.880523 -2946.650074 -4476.500603 0.646803 0.755633 0.103269 -0.599782 0.420348 0.680859 -0.471071 0.502320 -0.725097
-10.721675 -44.933400 -1563.825461 -4140.539664 0.747846 0.663728 -0.013844 -0.446233 0.518008 0.729756 -0.491530 0.539568 -0.683568
-1.035948 -28.951967 -3109.157832 -4781.159815 0.656896 0.748089 0.094073 -0.627804 0.473596 0.617712 -0.417551 0.464832 -0.780757
-2.721459 -31.364524 2606.277173 -2512.811202 -0.312701 -0.070649 0.947221 -0.158064 0.987196 0.021449 -0.936608 -0.143014 -0.319864
-8.647973 -34.952067 3914.328278 -4027.398782 -0.305655 -0.005506 0.952127 -0.087378 0.995926 -0.022291 -0.948125 -0.090008 -0.304890
-7.417542 -33.408957 1332.419361 -4901.157301 -0.341731 0.150183 0.927720 -0.079166 0.979040 -0.187652 -0.936457 -0.137571 -0.322679
-14.634345 -34.409414 -168.563015 1461.888582 -0.167889 0.864095 0.474503 0.937827 0.288334 -0.193248 -0.303800 0.412558 -0.858779
-14.197760 -30.523739 526.366871 1813.870408 -0.184897 0.865338 0.465836 0.955417 0.269307 -0.121047 -0.230200 0.422686 -0.876553
-14.191366 -36.033575 302.640299 971.908172 -0.215687 0.866167 0.450815 0.916913 0.338418 -0.211528 -0.335783 0.367734 -0.867192
-4.423343 -25.918714 72.684506 431.149570 0.251645 0.965039 -0.073306 -0.617232 0.218368 0.755871 -0.745453 0.144964 -0.650604
-3.854469 -26.744151 596.531359 -616.079989 0.352652 0.913106 -0.204631 -0.543889 0.377960 0.749220 -0.761460 0.152918 -0.629917
-1.583921 -27.227908 89.759481 -907.281511 0.269348 0.958118 -0.097275 -0.564495 0.238909 0.790106 -0.780255 0.157902 -0.605202
22.276867 -101.479654 -3498.243606 -5358.801995 0.346524 0.811410 -0.470675 -0.850576 0.483366 0.207070 -0.395526 -0.328590 -0.857664
33.993439 -97.953268 -3896.325232 21783.173512 0.333563 0.853519 -0.400301 0.895976 -0.419081 -0.146962 -0.293193 -0.309639 -0.904523
21.966848 -106.538341 -2204.271916 -18911.100984 0.360047 0.821734 -0.441723 -0.805765 0.512548 0.296712 -0.470222 -0.249094 -0.846666
34.692447 -99.492116 -5576.622837 -14721.003708 0.280691 0.858893 -0.428387 0.924185 -0.362315 -0.120872 -0.259027 -0.361981 -0.895475
13.736379 -105.151780 -2121.389539 -4045.190019 0.352668 0.795934 -0.492050 -0.758022 0.551316 0.348503 -0.548660 -0.250079 -0.797767
12.515360 -112.095032 -2709.197030 10831.125332 0.322472 0.801439 -0.503693 -0.822625 0.500526 0.269743 -0.468294 -0.327366 -0.820690
22.176301 -121.517055 -4289.371009 -25864.562124 0.287596 0.826530 -0.483877 0.900073 -0.405924 -0.158411 -0.327349 -0.389967 -0.860679
-1135.389036 -1858.608748 388852.685129 1623453.984808 0.463017 -0.491621 0.737512 0.712121 0.701751 0.020707 -0.527730 0.515610 0.675016
-1226.753725 -4451.989251 413590.048437 6067378.024410 0.726234 0.544484 -0.419668 0.602240 -0.209531 0.770327 -0.331498 0.812178 0.480079
-1158.268989 -2812.531747 -249189.347387 2362188.318578 0.118502 -0.173233 0.977726 0.764599 0.644149 0.021460 -0.633518 0.745025 0.208787
21.004464 -189.893981 1199.281997 -23268.721149 0.512553 0.756020 -0.407091 0.284730 0.297631 0.911232 -0.810073 0.582966 0.062710
18.658581 -199.621358 -598.664886 -31034.138120 0.448182 0.792709 -0.413212 0.285167 0.311307 0.906514 -0.847238 0.524118 0.086532
22.522815 -151.420182 1516.572203 -18026.083629 0.509061 0.757181 -0.409310 0.070603 0.437202 0.896588 -0.857830 0.485316 -0.169103
24.356663 -147.003398 2638.664816 -17488.125244 0.575138 0.722938 -0.382855 0.050241 0.435906 0.898589 -0.816512 0.536047 -0.214385
20.838519 -180.309036 2047.626601 -16585.138769 0.572028 0.714965 -0.402006 0.287727 0.284060 0.914616 -0.768113 0.638854 0.043224
7.684227 -367.592769 1040.814021 10832.145045 0.838342 0.229848 -0.494321 -0.478603 0.744461 -0.465528 -0.261002 -0.626855 -0.734119
4.282906 -319.553053 -2794.401240 19955.904052 0.814938 0.157269 -0.557801 -0.457797 0.764885 -0.453180 -0.355383 -0.624673 -0.695332
8.013843 -442.670955 102.682559 -143098.250105 0.820475 0.180235 -0.542528 -0.568020 0.364259 -0.738016 -0.064605 -0.913691 -0.401242
117.972091 -2718.238695 21068.219666 -1283521.375979 0.707109 0.279108 -0.649689 -0.706854 0.303460 -0.638960 -0.018815 -0.911049 -0.411868
-8.438482 -48.448966 -5065.287645 2330.233031 0.330426 -0.884655 0.328945 0.933238 0.358304 0.026172 -0.141016 0.298336 0.943986
-0.564262 -51.854006 -6088.659701 2501.434718 0.316594 -0.882836 0.346943 0.931262 0.358818 0.063253 -0.180332 0.303069 0.935751
-7.711499 -51.203689 -5160.350109 2623.316250 0.307890 -0.893847 0.325947 0.930310 0.354609 0.093675 -0.199315 0.274390 0.940736
-55.073705 -80.451046 592.797056 7254.753907 -0.557223 0.785619 0.268897 0.581193 0.600284 -0.549430 0.593057 0.149873 0.791089
-45.301320 -71.171729 -1102.245655 3848.702346 -0.335920 0.941531 -0.026044 0.739718 0.246598 -0.626104 0.583074 0.229586 0.779305
-41.233983 -65.721800 -522.969360 2962.527089 -0.239346 0.945890 -0.219104 0.764388 0.044424 -0.643225 0.598686 0.321433 0.733659
63.440770 -92.288503 -11940.756906 1004.345535 -0.203343 0.733608 0.648437 -0.309776 0.580049 -0.753380 0.928811 0.354065 -0.109305
74.373862 -92.869590 -12898.039632 -5048.663953 -0.227802 0.724963 0.650027 -0.401914 0.538047 -0.740925 0.886888 0.430040 -0.168805
-17.926087 -59.111675 4020.293931 2313.319050 -0.112139 0.843678 -0.525007 0.386834 -0.449597 -0.805122 0.915306 0.293376 0.275946
-27.603327 -59.663760 4258.792355 2449.773064 -0.044793 0.776927 -0.627995 0.315278 -0.585506 -0.746849 0.947942 0.231447 0.218721
-22.085017 -50.581736 3848.048997 3840.154567 -0.095759 0.771594 -0.628867 0.226012 -0.598415 -0.768647 0.969406 0.215737 0.117086
-29.052558 -64.303765 4406.107404 694.047720 -0.024511 0.807657 -0.589143 0.430672 -0.523299 -0.735309 0.902175 0.271751 0.335009
-12.523528 -52.768755 3849.504448 4862.666593 -0.160928 0.855755 -0.491718 0.267277 -0.441808 -0.856369 0.950087 0.269239 0.157624
-9.106078 -59.399579 4972.267080 1924.437888 -0.184282 0.869030 -0.459160 0.370917 -0.371129 -0.851284 0.910198 0.327186 0.253945
-9.502229 -61.449226 4044.446186 257.210368 -0.165181 0.871668 -0.461421 0.440011 -0.353575 -0.825455 0.882670 0.339380 0.325139
-9.963592 -63.017706 4752.098366 286.512943 -0.157359 0.864811 -0.476802 0.513270 -0.340858 -0.787636 0.843678 0.368670 0.390244
-20.145251 -63.723573 5234.265178 126.544799 -0.096346 0.846419 -0.523729 0.524704 -0.403938 -0.749346 0.845815 0.346999 0.405202
27.220225 4.499462 6021.924894 -2921.326962 -0.835674 -0.351602 0.421930 -0.172770 0.897516 0.405729 -0.521344 0.266160 -0.810777
25.580022 -2.496056 5509.194664 -457.586394 -0.843161 -0.312189 0.437742 -0.126723 0.906612 0.402488 -0.522515 0.283890 -0.803981
-12.713669 -21.335853 867.389475 -2602.354909 0.243836 0.892410 0.379669 0.963746 -0.266704 0.007936 0.108341 0.363970 -0.925088
-13.068455 -14.818063 1444.121283 -1666.273580 -0.186298 0.914040 0.360311 0.981418 0.155978 0.111754 0.045947 0.374436 -0.926114
-14.428554 -28.417544 785.258349 -1761.212151 0.333596 0.873204 0.355288 0.924545 -0.376682 0.057686 0.184202 0.309235 -0.932975
-10.049246 -17.583116 1597.853614 -2663.158964 0.062258 0.910047 0.409803 0.994871 -0.089382 0.047349 0.079719 0.404753 -0.910944
-11.909178 -27.765026 182.564380 -1888.852405 0.324940 0.864289 0.383951 0.928181 -0.369301 0.045787 0.181367 0.341498 -0.922218
-10.265014 -23.679995 804.914836 -2654.416044 0.215371 0.884850 0.413106 0.966224 -0.254396 0.041166 0.141518 0.390286 -0.909752
9.091560 -48.699262 8525.389235 -831.589871 -0.075950 0.988502 0.130750 0.011446 0.131985 -0.991186 0.997046 0.073784 0.021339
7.235233 -50.712625 8864.752538 -551.094095 -0.074661 0.990819 0.112710 -0.121591 0.103137 -0.987207 0.989768 0.087410 -0.112774
20.469554 -47.647582 5837.199845 -928.015689 -0.018751 0.986196 0.164517 -0.022749 0.164083 -0.986184 0.999565 0.022235 -0.019359
5.435763 -89.901138 836.042131 8058.939950 0.053134 0.936952 -0.345395 0.958593 -0.144766 -0.245239 -0.279779 -0.318063 -0.905847
9.789548 -79.218675 595.554067 8563.807387 0.088622 0.922496 -0.375696 0.978673 -0.150821 -0.139473 -0.185326 -0.355323 -0.916187
9.632653 -80.719639 535.890968 6341.517764 0.085757 0.914438 -0.395537 0.958813 -0.183645 -0.216684 -0.270782 -0.360664 -0.892524
3.647367 -133.431213 -997.997417 16919.942661 0.229755 0.968421 -0.096821 0.217914 -0.148145 -0.964659 0.948539 -0.200536 0.245070
7.936905 -20.134747 2366.222132 -3020.953017 -0.837139 -0.025815 0.546381 0.191489 0.921846 0.336944 -0.512378 0.386695 -0.766770
12.290559 -22.913126 1538.584733 -3250.206217 -0.874863 -0.117560 0.469887 0.096654 0.908218 0.407182 -0.474628 0.401645 -0.783204
5.921506 -28.244402 2422.480622 -6465.732666 -0.831539 -0.007439 0.555416 0.218632 0.914815 0.339578 -0.510629 0.403804 -0.759078
8.753104 -32.177896 1815.982442 -6998.699059 -0.866565 -0.093516 0.490224 0.135472 0.901326 0.411411 -0.480325 0.422926 -0.768389
10.329375 -30.036994 7.095379 -4361.246055 0.894366 0.146704 -0.422596 0.076615 0.880501 0.467811 -0.440726 0.450772 -0.776251
13.203281 -22.083766 -736.891511 -2624.268490 -0.904471 -0.179482 0.386936 0.018082 0.890208 0.455195 -0.426152 0.418707 -0.801922
10.240904 -23.376949 2226.331551 -3041.984229 0.914108 0.211852 -0.345724 -0.016187 0.871037 0.490951 -0.405147 0.443186 -0.799651
1.750971 -108.842686 1241.308755 -2247.752483 0.947236 -0.036338 0.318470 0.294034 -0.297082 -0.908453 -0.127623 -0.954160 0.270722
31.666469 -94.156509 -4637.931559 -12976.338958 -0.272625 0.957957 -0.089411 -0.873863 -0.207663 0.439591 -0.402542 -0.197976 -0.893737
-10.026285 -148.847110 -86.729115 -46084.852241 0.938427 0.026536 0.344457 -0.156127 0.922000 0.354318 0.308187 0.386280 -0.869372
