17351
34688
-39.458258 -60.346669 -566.565455 6878.717198 -0.013673 0.992424 -0.122100 0.970069 -0.016443 -0.242272 0.242444 0.121758 0.962495
-45.942577 -70.572737 -332.603404 5996.439078 0.055325 -0.984716 0.165146 0.991831 0.035160 -0.122620 0.114940 0.170581 0.978617
-49.374369 -81.015794 718.353680 11688.611527 -0.392377 0.918027 -0.057157 0.911371 0.379632 -0.159004 0.124272 0.114481 0.985622
-36.821281 -57.880974 -1354.634882 4507.509477 0.302451 0.914854 -0.267517 0.925960 -0.348585 -0.145212 0.226100 0.203790 0.952548
-37.617921 -71.782014 -3410.052520 16108.538500 -0.374562 0.926445 0.037445 0.885484 0.369395 -0.281896 0.274993 0.072430 0.958714
-29.354863 -47.880136 -2262.129152 6920.408059 0.057159 0.995033 -0.081503 0.933032 -0.082287 -0.350257 0.355224 0.056025 0.933101
-29.383398 -47.416267 -2504.292626 4540.009406 0.394511 0.884360 -0.249536 0.856286 -0.452338 -0.249326 0.333369 0.115313 0.935718
19.758930 -10.349726 8672.002204 2413.958318 0.028128 0.714746 0.698818 0.470267 0.607437 -0.640210 0.882076 -0.346639 0.319036
12.673766 -1.760642 -21951.448870 -8218.163897 0.121067 -0.442781 -0.888419 0.470007 0.813887 -0.341586 0.874320 -0.376208 0.306645
21.304073 -19.991344 -21750.412675 -7203.619103 0.231889 -0.301783 -0.924746 0.434672 0.882614 -0.179036 0.870223 -0.360445 0.335845
-6.434979 -67.475175 -10725.584991 29610.384360 0.382585 0.916845 0.114125 0.177172 0.048428 -0.982988 0.906774 -0.396296 0.143912
3.450458 -119.061709 -1125.045317 1076.204876 0.920614 -0.148433 0.361160 -0.257153 -0.926502 0.274712 -0.293839 0.345777 0.891121
6.137460 -116.414412 -1190.384222 33.874604 0.918209 -0.161125 0.361843 -0.312629 -0.855744 0.412268 -0.243218 0.491671 0.836125
5.726792 -117.026729 -858.588331 -128.699038 0.925611 -0.150742 0.347162 0.237885 0.945144 -0.223859 -0.294373 0.289791 0.910695
3.885046 -31.326874 1548.610474 -6345.797302 -0.714092 -0.534872 -0.451647 -0.332181 0.826796 -0.453944 0.616221 -0.174129 -0.768082
6.910556 -27.304534 275.261664 -5078.488124 -0.721241 -0.487325 -0.492266 -0.292761 0.858529 -0.420974 0.627775 -0.159507 -0.761876
5.809141 -41.064828 1527.035702 -8613.343891 -0.737824 -0.466889 -0.487474 -0.306014 0.875080 -0.374955 0.601641 -0.127477 -0.788529
-0.197624 -43.161809 2894.558187 -7323.548900 -0.716919 -0.538528 -0.442736 -0.373732 0.832973 -0.408019 0.588517 -0.127052 -0.798439
-0.690976 -30.171169 3120.699523 -5347.086936 -0.706083 -0.572219 -0.417147 -0.361360 0.797771 -0.482681 0.608987 -0.190072 -0.770070
14.695640 -34.675715 3218.866770 1024.817353 0.394183 0.840912 -0.370791 -0.348835 -0.236364 -0.906888 0.850255 -0.486825 -0.200169
9.557843 -38.697015 1241.007256 -1750.333288 0.420848 0.841656 -0.338382 -0.250227 -0.250842 -0.935128 0.871937 -0.478219 -0.105038
8.464122 -39.378165 1215.875657 -3300.914393 0.418890 0.863978 -0.279416 -0.217434 -0.203324 -0.954663 0.881620 -0.460654 -0.102688
12.142109 -39.645972 1513.262502 443.279243 0.404619 0.803150 -0.437302 -0.295995 -0.337433 -0.893603 0.865257 -0.491008 -0.101196
10.382715 -34.741941 1920.837969 527.456233 0.410774 0.873241 -0.262137 -0.302023 -0.140953 -0.942823 0.860260 -0.466458 -0.205839
14.060435 -36.784058 4208.028835 3838.109356 0.389455 0.875363 -0.286470 -0.418444 -0.108917 -0.901688 0.820506 -0.471039 -0.323872
21.308044 -35.474759 5172.750722 4823.429786 0.389732 0.840641 -0.376075 -0.453389 -0.180303 -0.872886 0.801591 -0.510699 -0.310867
20.757917 -37.229826 2453.254328 2690.407162 0.399971 0.792158 -0.460987 -0.433099 -0.279916 -0.856780 0.807743 -0.542340 -0.231124
71.253726 -31.776318 15157.861150 1179.228526 -0.036888 0.836660 -0.546479 0.610067 0.451977 0.650796 -0.791491 0.309382 0.527091
44.147847 -34.842983 14228.604169 2212.446147 0.098831 0.820795 -0.562609 0.603429 0.400133 0.689759 -0.791268 0.407664 0.455746
41.361812 -30.886406 13764.783158 -1693.288879 0.106552 0.830888 -0.546142 0.619746 0.374024 0.689943 -0.777536 0.411984 0.475087
2.074673 -58.615735 461.709805 634.914272 0.285599 0.953666 -0.094629 0.068414 -0.118779 -0.990561 0.955904 -0.276430 0.099167
4.969769 -56.581812 -793.763020 1164.717443 0.305825 0.947160 -0.096744 0.035137 -0.112772 -0.992999 0.951439 -0.300284 0.067769
5.484877 -58.360936 186.108619 -125.390511 0.296187 0.953473 -0.056231 0.210295 -0.122528 -0.969929 0.931692 -0.275456 0.236802
0.957224 -57.788563 230.905541 405.112560 0.285790 0.947953 -0.140389 -0.077920 -0.123027 -0.989340 0.955119 -0.293683 -0.038705
2.693661 -60.508902 1276.169770 -84.796550 0.275388 0.957500 -0.085767 0.224304 -0.150753 -0.962788 0.934799 -0.245902 0.256286
0.228081 -60.251379 2796.362688 336.910180 0.254472 0.959979 -0.116983 0.090786 -0.144144 -0.985383 0.962809 -0.240132 0.123833
-0.837736 -59.358880 2001.275807 240.789738 0.267721 0.952965 -0.142065 -0.069503 -0.127961 -0.989341 0.960986 -0.274741 -0.031976
13.672336 -74.730365 -1283.142260 4119.580031 0.226247 0.962703 -0.148378 0.247531 -0.204150 -0.947128 0.942094 -0.177557 0.284487
11.243755 -74.605076 -1232.761626 6259.848460 0.259930 0.953853 -0.150337 0.280235 -0.223502 -0.933550 0.924070 -0.200528 0.325398
11.848464 -78.074005 -482.492323 11400.693786 0.234660 0.960554 -0.149234 0.335034 -0.224033 -0.915184 0.912517 -0.164758 0.374390
9.646524 -76.713957 -1234.221312 5911.696120 0.255376 0.957012 -0.137516 0.439871 -0.241663 -0.864935 0.860986 -0.160394 0.482677
-9.873797 -89.931588 493.652774 -1916.603799 0.304839 0.921319 -0.241339 0.517984 -0.373027 -0.769768 0.799228 -0.109645 0.590942
-7.814242 -83.016265 448.369966 -5459.350301 0.306771 0.923506 -0.230279 0.688528 -0.382371 -0.616215 0.657130 -0.030483 0.753160
-6.855602 -88.469480 -171.864708 -2579.040390 0.337675 0.913986 -0.224955 0.541811 -0.384168 -0.747567 0.769686 -0.130552 0.624932
-8.094381 -91.253105 171.722989 1096.565321 0.330926 0.913373 -0.237145 0.395613 -0.362437 -0.843878 0.856725 -0.185444 0.481282
-11.989557 -92.775520 -996.384123 635.270530 0.329411 0.910972 -0.248230 0.306515 -0.351841 -0.884453 0.893049 -0.215262 0.395126
11.251431 -94.440412 15.325294 1850.160305 0.106268 0.976380 -0.188118 -0.436679 0.215795 0.873352 -0.893319 0.010662 -0.449297
9.710100 -96.396324 -804.227158 3155.105339 0.078829 0.970483 -0.227923 -0.319454 0.241169 0.916399 -0.944317 -0.000572 -0.329036
13.983853 -101.275780 -865.805945 2489.068996 0.074412 0.972092 -0.222485 -0.533692 0.227284 0.814564 -0.842399 -0.058125 -0.535711
1290.044235 36.031735 104587.106761 -20157.573113 -0.366656 0.039334 -0.929525 0.776131 -0.537992 -0.328915 -0.513015 -0.842032 0.166730
416.239637 -47.819029 -109343.270787 -4765.804684 -0.542446 -0.660957 -0.518544 0.817210 -0.558232 -0.143335 -0.194730 -0.501511 0.842952
842.789794 -60.400957 -281826.293929 2847.725155 -0.523823 -0.555560 -0.645726 0.841550 -0.454914 -0.291287 -0.131923 -0.695993 0.705825
6797.823492 -57.204653 2876927.849266 17956.113136 -0.239486 0.313198 -0.918996 0.834538 -0.417325 -0.359704 -0.496178 -0.853081 -0.161432
1.058910 -32.922622 4432.882161 -3500.369730 0.744927 0.615752 -0.256775 0.651752 -0.589471 0.477224 -0.142490 0.522851 0.840431
6.624070 -42.890042 4617.446588 -4395.230823 0.755281 0.606049 -0.249508 0.647494 -0.631029 0.427264 -0.101496 0.484259 0.869018
4.657713 -28.813300 4130.288704 -2684.492536 0.809592 0.554816 -0.191678 0.560998 -0.635223 0.530823 -0.172751 0.537281 0.825522
-3.116921 -23.939978 1279.776295 -3602.991928 0.731849 0.639969 -0.234174 0.646137 -0.542440 0.536904 -0.216576 0.544241 0.810491
0.490191 -39.933588 1912.840387 -435.956369 0.077463 0.972712 -0.218702 0.789917 -0.193718 -0.581811 0.608302 0.127688 0.783368
5.226347 -37.145881 1815.450152 1883.156289 0.036152 0.983004 -0.179991 0.753067 -0.145197 -0.641722 0.656950 0.112345 0.745517
5.946407 -40.244909 484.620592 -1384.717821 0.034472 0.987645 -0.152868 0.832572 -0.112992 -0.542270 0.552843 0.108581 0.826181
-0.811383 -37.385769 2125.764714 2527.603055 0.081540 0.971180 -0.223964 0.711559 -0.214071 -0.669221 0.697879 0.104795 0.708508
4.145582 -41.359184 2484.632673 -2271.018329 0.021807 0.982921 -0.182732 0.864642 -0.110302 -0.490130 0.501915 0.147310 0.852280
-5.591774 -39.571325 1156.192851 1463.765201 0.157823 0.952096 -0.261926 0.722355 -0.292168 -0.626771 0.673272 0.090284 0.733862
-1.035735 -42.485430 3960.673962 -1963.035722 0.074008 0.967857 -0.240367 0.842470 -0.189653 -0.504258 0.533636 0.165183 0.829426
-5.179937 -42.819829 1534.356427 503.241648 0.149260 0.956380 -0.251114 0.786876 -0.268676 -0.555553 0.598788 0.114674 0.792655
-7.797142 -98.627272 -918.845561 414.626113 0.392861 0.885826 -0.246926 0.228700 -0.354194 -0.906776 0.890706 -0.299765 0.341737
-8.473519 -94.910833 -129.319098 614.425156 0.352694 0.900330 -0.254977 0.255868 -0.354894 -0.899212 0.900077 -0.251906 0.355535
-7.496341 -94.152930 -1599.157414 -659.785427 0.383265 0.896284 -0.223121 0.404446 -0.380032 -0.831865 0.830380 -0.228585 0.508152
-7.803155 -96.058825 577.335258 -1661.653766 0.368864 0.899679 -0.233490 0.444288 -0.391309 -0.805906 0.816424 -0.193533 0.544056
-7.534742 -99.935345 -20.727633 -440.300185 0.394677 0.884271 -0.249588 0.276351 -0.373304 -0.885593 0.876276 -0.280549 0.391704
-19.095202 -113.165064 -877.779605 321.405920 0.153538 0.921063 -0.357869 0.987246 -0.127563 0.095248 0.042079 -0.367929 -0.928901
-12.338968 -100.534864 -3527.456416 9026.860911 0.145419 0.907278 -0.394588 0.939582 -0.001718 0.342318 0.309900 -0.420527 -0.852713
-7.070327 -107.006475 -5129.646793 7211.932310 0.123675 0.894566 -0.429484 0.974658 -0.028206 0.221914 0.186403 -0.446045 -0.875384
-11.598512 -120.470869 -4487.312099 990.539266 0.130962 0.895487 -0.425383 0.987410 -0.156216 -0.024863 -0.088716 -0.416772 -0.904672
-18.319267 -119.575598 927.045680 -1354.818685 0.143915 0.930464 -0.336935 0.968524 -0.202314 -0.145016 -0.203099 -0.305460 -0.930293
-20.782040 -117.497930 1413.498098 -846.527806 0.134898 0.942217 -0.306641 0.980293 -0.171984 -0.097202 -0.144323 -0.287486 -0.946849
24.473664 -102.470766 -3998.980439 -10959.423920 -0.902387 -0.016264 -0.430621 -0.069126 0.991810 0.107398 0.425347 0.126682 -0.896120
23.769222 -151.436506 -2162.021445 -30736.410711 -0.921906 -0.008498 -0.387320 -0.124093 0.953562 0.274445 0.367002 0.301076 -0.880150
23.668411 -129.965607 -1658.215993 -25985.661716 -0.925179 -0.016103 -0.379189 -0.079247 0.985274 0.151512 0.371165 0.170225 -0.912831
26.845669 -96.152286 -761.908509 3718.511248 -0.933664 -0.018072 -0.357694 -0.042589 0.997242 0.060784 0.355609 0.071986 -0.931858
17.743392 -130.511020 3312.741431 -25259.851598 -0.953256 -0.044582 -0.298858 -0.114274 0.968789 0.219975 0.279723 0.243844 -0.928598
25.997134 -92.380119 2016.758922 -3332.848433 -0.955889 -0.011635 -0.293497 -0.052333 0.989974 0.131196 0.289028 0.140768 -0.946914
15.891750 -190.268397 -2385.777848 -42165.487556 0.945425 0.039314 0.323459 -0.188524 0.875665 0.444600 0.265763 0.481316 -0.835287
18.968808 -220.173175 -1241.084973 -35579.759710 0.948124 0.031384 0.316349 -0.246194 0.702052 0.668215 0.201122 0.711434 -0.673358
10.062376 -233.204143 -1824.185593 -39549.126253 0.944776 0.055356 0.323007 -0.259084 0.729730 0.632747 0.200682 0.681491 -0.703774
0.196626 -56.474948 -390.511582 -4449.754952 0.888685 -0.360182 0.283738 0.022359 0.652121 0.757785 0.457972 0.667088 -0.587584
2.875012 -67.062789 486.723202 -6731.216663 0.882597 -0.404571 0.239469 0.038147 0.569316 0.821233 0.468581 0.715682 -0.517910
5.988086 -69.023051 -277.236822 -6026.146015 0.891333 -0.331263 0.309501 -0.076752 0.562579 0.823173 0.446806 0.757476 -0.476020
0.322230 -58.092958 -780.510461 -4886.115019 0.888592 -0.286149 0.358500 -0.075963 0.678968 0.730227 0.452364 0.676107 -0.581590
-4.818584 -47.787623 -698.315445 -3910.564158 0.884988 -0.329382 0.329096 0.030166 0.745876 0.665402 0.464636 0.578945 -0.670027
2.699792 -395.413397 -642.833570 -28253.870644 0.899126 -0.144199 0.413254 0.236397 0.954604 -0.181240 -0.368359 0.260650 0.892398
-13.136488 -408.589575 -4115.936732 -42837.622177 0.912980 -0.116225 0.391100 -0.345840 -0.729041 0.590673 -0.216477 0.674530 0.705795
0.055317 -578.112891 175.794509 65987.345361 0.921344 -0.061114 0.383916 -0.220478 -0.895522 0.386562 -0.320181 0.440801 0.838557
15.968868 -565.357931 -2280.419563 -176775.247173 0.925357 -0.034860 0.377491 -0.017699 0.990705 0.134874 -0.378684 -0.131488 0.916138
13.770935 -892.268469 -780.111538 -343752.958881 0.947541 -0.010874 0.319448 0.050437 0.991987 -0.115837 -0.315629 0.125872 0.940497
-1298.400443 -6185.084762 -301742.085400 2902258.323683 0.003144 -0.285314 -0.958429 0.116634 0.951997 -0.283017 0.993170 -0.110895 0.036270
306.819701 -925.967137 -32161.243851 392761.302279 -0.506200 -0.027545 -0.861976 -0.505582 0.819203 0.270727 0.698677 0.572841 -0.428607
-39.199467 -517.655103 -7075.052923 126831.684038 -0.760219 0.482412 -0.435140 0.224432 0.823564 0.520935 0.609670 0.298365 -0.734357
21.401194 -4229.734245 -1706.001211 1600294.356626 0.746307 -0.663968 0.046609 0.177034 0.265515 0.947713 0.641627 0.699034 -0.315701
-24.341467 -404.395427 14979.448325 -73296.717590 0.811070 -0.127975 0.570778 0.530461 0.572160 -0.625495 0.246528 -0.810096 -0.531948
-35.934824 -214.819274 31471.452826 -79312.078047 0.952516 0.175256 -0.248995 -0.236577 -0.088840 -0.967543 0.191688 -0.980507 0.043160
-25.159873 -2055.172961 10360.067661 -708930.693321 0.943724 -0.165682 -0.286243 -0.313656 -0.173828 -0.933490 -0.104906 -0.970738 0.216013
-60.004374 -2752.277312 -6544.080823 1277094.539587 0.785806 -0.617856 -0.027609 0.060085 0.031835 0.997685 0.615547 0.785646 -0.062140
433.884090 -7680.875841 -230170.461707 1173626.569949 0.759545 -0.541178 -0.360857 0.520572 0.838384 -0.161609 0.389996 -0.065102 0.918512
19.330731 -39.346808 6997.121242 -1847.611470 0.256431 0.948571 -0.185626 0.437275 -0.285121 -0.852934 0.861994 -0.137549 0.487900
19.539049 -41.601702 6251.791500 -579.528235 0.252032 0.957895 -0.137540 0.377276 -0.228142 -0.897560 0.891147 -0.174323 0.418890
30.586368 -45.013620 4183.399207 -1686.507996 0.310345 0.946369 -0.089844 0.410879 -0.218763 -0.885054 0.857242 -0.237757 0.456735
-51.093852 -81.519835 4366.047310 -737.245532 0.858135 0.494710 -0.137356 0.508119 -0.856671 0.089052 0.073614 0.146212 0.986511
-42.367636 -77.147165 4913.179247 -641.029877 0.794736 0.557232 -0.240597 0.587436 -0.805885 0.073950 0.152686 0.200106 0.967804
-44.127217 -75.799879 5465.737773 -1789.432221 0.766860 0.605239 -0.213568 0.640795 -0.740757 0.201646 0.036158 0.291488 0.955891
-25.194090 -35.623241 992.739941 107.543282 0.025258 0.989486 0.142403 -0.262934 0.144008 -0.954006 0.964483 0.013346 -0.263807
-27.229776 -34.824698 599.739417 -797.749592 0.034175 0.998881 -0.032697 -0.288354 -0.021469 -0.957283 0.956914 -0.042143 -0.287298
-26.107278 -32.997182 1304.467320 280.895493 0.001296 0.993507 0.113764 -0.341300 0.107372 -0.933802 0.939953 0.037617 -0.339223
-23.816167 -34.806032 1281.405221 342.561479 -0.006504 0.973916 0.226816 -0.298831 0.214563 -0.929872 0.954284 0.073828 -0.289641
1.391140 -50.649769 -862.185156 5306.555094 0.335107 0.941987 -0.019063 0.613740 -0.233597 -0.754159 0.714861 -0.241024 0.656415
1.600984 -54.142799 -1266.208928 -696.847416 0.330657 0.943395 -0.025932 0.577045 -0.223843 -0.785438 0.746783 -0.244747 0.618397
0.124590 -54.438752 -358.553162 643.009805 0.334029 0.941400 -0.046806 0.561004 -0.238470 -0.792721 0.757429 -0.238533 0.607785
2.967853 -54.877085 -1529.788510 -184.433065 0.326540 0.945160 -0.006617 0.595995 -0.211331 -0.774680 0.733595 -0.249020 0.632319
-7.840758 -44.728253 1438.627585 1961.882825 0.186027 0.946679 -0.263045 0.782497 -0.304652 -0.543034 0.594216 0.104813 0.797447
-2.613305 -42.649818 4045.829719 -967.215388 0.117460 0.956955 -0.265406 0.842025 -0.237661 -0.484264 0.526495 0.166597 0.833695
-8.885702 -44.977473 2106.854133 2480.397483 0.203521 0.938744 -0.278099 0.805556 -0.321996 -0.497391 0.556469 0.122795 0.821744
-4.787476 -41.182083 5237.182928 -3194.954578 0.142620 0.947461 -0.286317 0.890897 -0.248917 -0.379925 0.431234 0.200894 0.879590
1.691727 -41.759489 5294.875174 -1250.226982 0.075792 0.962927 -0.258895 0.897407 -0.179051 -0.403239 0.434645 0.201772 0.877708
59.309137 15.081394 -3552.430121 2009.261107 -0.595789 -0.303483 -0.743595 -0.038430 0.935571 -0.351042 0.802221 -0.180571 -0.569066
53.929140 13.031672 -1695.871645 -2189.374161 -0.611520 -0.348992 -0.710104 -0.002441 0.898297 -0.439381 0.791225 -0.266958 -0.550179
51.059414 15.657457 19387.571000 157.943251 -0.789859 -0.125105 -0.600393 0.082592 0.948356 -0.306266 0.607701 -0.291495 -0.738735
55.868830 9.721748 -21864.113656 -4041.286114 -0.393118 -0.506301 -0.767540 -0.056402 0.846453 -0.529467 0.917757 -0.164852 -0.361312
44.697575 9.483902 -18072.958414 -3449.694868 -0.361271 -0.525828 -0.770057 -0.095252 0.842324 -0.530488 0.927583 -0.118300 -0.354394
-7.117858 -107.465018 3068.884483 -4013.741221 0.057834 0.988107 -0.142479 0.425802 0.104671 0.898742 -0.902966 0.112646 0.414684
-1.847925 -102.480409 2489.549965 -3742.384888 0.087877 0.991190 -0.099098 0.574417 0.030854 0.817981 -0.813832 0.128805 0.566645
0.621881 -97.768739 2577.444868 -3066.137271 0.079553 0.990005 -0.116450 0.500871 0.061304 0.863348 -0.861858 0.127009 0.490988
-7.333182 -107.973721 1666.480435 1012.449304 0.066760 0.993968 -0.087009 0.639997 0.024242 0.767995 -0.765471 0.106957 0.634518
-11.297553 -112.917109 3265.802030 -5337.332139 0.048763 0.988384 -0.143943 0.451997 0.106677 0.885618 -0.890686 0.108247 0.441545
-11.908392 -105.510201 3627.405649 -1273.064878 0.033481 0.979494 -0.198673 0.347204 0.175005 0.921316 -0.937192 0.099827 0.334225
-37.041376 -60.875032 -123.309755 1087.528859 -0.476049 0.104253 0.873218 0.471079 0.868703 0.153102 -0.742605 0.484238 -0.462656
-36.124756 -58.157185 -347.596337 775.592696 -0.470259 0.121965 0.874060 0.578078 0.790926 0.200651 -0.666845 0.599633 -0.442445
-37.767468 -59.458414 748.185360 689.490355 -0.565775 0.092331 0.819374 0.499033 0.829400 0.251120 -0.656403 0.550972 -0.515330
33.126224 -21.143170 11449.654283 -538.059117 -0.007318 0.998846 -0.047461 -0.023343 0.047278 0.998609 -0.999701 -0.008416 -0.022970
21.335129 -22.663256 8797.712961 1516.640455 -0.007077 0.999725 -0.022366 -0.064999 0.021859 0.997646 -0.997860 -0.008515 -0.064827
12.109915 -16.992159 4124.563374 294.897339 -0.003956 0.995461 -0.095086 -0.037337 0.094873 0.994789 -0.999295 -0.007485 -0.036793
12.839790 -18.475510 4499.248266 -2123.938097 0.006883 0.980164 -0.198067 -0.012686 0.198142 0.980091 -0.999896 0.004233 -0.013798
2.808216 -14.704085 -89.459632 -1326.674502 -0.004637 0.973466 -0.228783 -0.034000 0.228500 0.972950 -0.999411 -0.012290 -0.032038
4.280500 -17.003244 -516.378953 1899.438978 -0.015167 0.996835 -0.078041 -0.053445 0.077130 0.995588 -0.998456 -0.019271 -0.052106
-9.804641 -46.842410 -989.488433 790.824398 -0.171120 0.967760 -0.184821 -0.696537 0.013843 0.717387 -0.696817 -0.251494 -0.671712
-10.010336 -44.640682 1477.878768 653.161454 -0.110275 0.964588 -0.239601 -0.666923 0.106927 0.737415 -0.736922 -0.241114 -0.631514
-6.316895 -46.343359 501.667526 697.896537 -0.138931 0.967006 -0.213535 -0.631685 0.079528 0.771135 -0.762675 -0.242021 -0.599794
-8.582870 -48.501614 -2086.687731 531.099623 -0.207543 0.967469 -0.144670 -0.659911 -0.029299 0.750772 -0.722110 -0.251287 -0.644524
-11.438547 -48.593457 -439.891559 264.376045 -0.279984 0.958972 -0.044509 -0.706976 -0.174602 0.685346 -0.649456 -0.223353 -0.726857
-11.467615 -46.917270 -1261.378527 792.623605 -0.215648 0.964114 -0.154855 -0.747336 -0.060886 0.661651 -0.628478 -0.258412 -0.733647
-7.211282 -50.912169 1630.293474 491.500144 0.057841 -0.974709 -0.215862 0.988028 0.024914 0.152250 -0.143021 -0.222084 0.964481
-7.490782 -49.756044 -1345.511910 -884.199792 -0.044065 0.978350 0.202213 0.969590 -0.006893 0.244638 -0.240735 -0.206844 0.948294
-6.418643 -49.383435 -2498.328600 -916.437832 -0.053760 0.971721 0.229932 0.962529 -0.010865 0.270963 -0.265798 -0.235884 0.934725
4.700155 -62.447040 1616.550441 -230.466212 -0.018012 0.992442 -0.121389 -0.915209 -0.065250 -0.397661 0.402576 -0.103934 -0.909467
3.552589 -65.104131 2979.839360 -3963.509192 -0.041987 0.991804 -0.120670 -0.943295 -0.079157 -0.322379 0.329289 -0.100292 -0.938888
7.098764 -59.161715 1724.551620 176.912253 -0.030926 0.990967 -0.130491 -0.968948 -0.061767 -0.239427 0.245324 -0.119034 -0.962105
8.510808 -55.688494 -38.580913 -3538.393827 -0.023850 0.985138 -0.170100 0.986622 0.050642 0.154957 0.161268 -0.164129 -0.973167
8.856698 -61.876364 465.185513 -2774.189273 -0.023696 0.986288 -0.163326 -0.943705 -0.075985 -0.321942 0.329938 -0.146502 -0.932565
8.293133 -56.686176 983.504840 -4335.150705 -0.035562 0.987641 -0.152644 0.998109 0.042763 0.044149 0.050131 -0.150786 -0.987295
7.301046 -61.364640 533.589210 -880.574836 -0.018092 0.988168 -0.152306 -0.928448 -0.073131 -0.364191 0.371020 -0.134819 -0.918786
6.912066 -58.488811 2115.209891 -3651.569330 -0.052752 0.992040 -0.114337 0.997986 0.056413 0.029019 0.035238 -0.112576 -0.993018
15.779036 -66.638445 -2219.391072 -10089.654769 0.081554 0.996517 -0.017412 -0.434166 0.019796 -0.900615 0.897134 -0.081008 -0.434268
19.046843 -74.829962 -1732.586348 -11062.894952 0.042647 0.999060 0.007763 -0.455888 0.026374 -0.889646 0.889015 -0.034402 -0.456585
18.367364 -77.445796 -2346.780574 -4807.670824 0.047066 0.998265 -0.035373 -0.575319 -0.001858 -0.817927 0.816574 -0.058847 -0.574234
16.080240 -58.982380 -1904.494376 -7949.677410 0.064949 0.997628 0.022796 -0.341729 0.043699 -0.938782 0.937552 -0.053183 -0.343757
13.876132 -72.963401 -1740.971398 -6771.588589 0.075344 0.995771 -0.052563 -0.529527 -0.004711 -0.848280 0.844940 -0.091747 -0.526933
13.270607 -53.547639 -1846.785758 -7271.664234 0.093078 0.995519 -0.016709 -0.327961 0.014809 -0.944575 0.940095 -0.093399 -0.327870
11.921871 -60.933229 -1365.783444 -8069.959190 0.100540 0.994171 -0.038934 -0.413381 0.006146 -0.910537 0.904990 -0.107640 -0.411590
-2.721313 -121.837427 -2597.890353 -8345.956059 -0.266053 0.963633 0.025066 -0.363233 -0.124305 0.923369 -0.892904 -0.236560 -0.383095
-4.780869 -115.514142 -4530.006066 3320.250354 -0.285351 0.955993 0.068209 -0.124849 -0.107638 0.986320 -0.950257 -0.272931 -0.150069
-6.876520 -121.729454 -2738.768495 -15931.293752 -0.251494 0.967196 0.035806 -0.402188 -0.138085 0.905084 -0.880339 -0.213222 -0.423722
12.058963 -139.043800 297.206822 -9293.213053 -0.029131 0.990754 0.132506 0.953773 -0.012117 0.300283 -0.299112 -0.135128 0.944602
7.119562 -171.371700 -116.291505 -24543.566904 0.048159 -0.989725 -0.134628 0.998003 0.042166 0.047024 -0.040864 -0.136624 0.989780
7.015552 -144.945399 -3851.712070 -10679.336596 -0.057528 0.980236 0.189282 0.961664 0.003489 0.274208 -0.268129 -0.197801 0.942858
-3.526621 -53.072885 3969.328082 -392.771598 0.148793 0.985106 0.086174 0.965377 -0.163588 0.203190 -0.214261 -0.052957 0.975340
-13.778706 -55.273714 -793.487461 244.509632 -0.011240 0.995495 0.094144 0.982735 -0.006391 0.184909 -0.184678 -0.094597 0.978236
1.754312 -52.093761 -5453.869269 1146.243732 -0.144131 -0.986673 -0.075510 0.987554 -0.148275 0.052460 -0.062957 -0.067009 0.995764
86.836986 -47.638137 38269.423401 -1063.617604 0.435202 0.897860 0.066678 0.894265 -0.439666 0.083568 -0.104349 -0.023258 0.994269
27.034886 -51.069874 16724.720545 -1106.098715 0.291535 0.954893 0.056458 0.927440 -0.296620 0.227754 -0.234227 0.014037 0.972081
6.945042 -119.742192 942.278627 -189.658454 0.714168 0.266621 -0.647207 0.567172 0.321454 0.758277 -0.410220 0.908615 -0.078352
3.454450 -121.083389 1272.544978 487.014235 0.725251 0.247979 -0.642275 0.630567 0.135269 0.764257 -0.276400 0.959275 0.058264
5.988445 -123.544735 1732.066160 -606.971610 0.708085 0.262639 -0.655466 0.649949 0.120420 0.750377 -0.276009 0.957350 0.085435
9.226153 -122.251081 922.456615 -406.237234 0.698960 0.291198 -0.653191 0.590715 0.279765 0.756828 -0.403126 0.914842 -0.023530
7.089002 -114.594997 -1702.395155 6835.222665 -0.129456 0.987004 0.095203 0.698260 0.022571 0.715488 -0.704041 -0.159101 0.692107
7.646708 -104.532119 -837.695474 -3221.053403 -0.083050 0.985099 0.150608 0.820166 -0.018280 0.571834 -0.566066 -0.171014 0.806426
5.239636 -103.881707 451.256519 -1024.161739 -0.113694 0.985265 0.127773 0.729832 -0.004435 0.683612 -0.674106 -0.170975 0.718574
5.753881 -116.670141 950.289729 8572.333133 -0.149719 0.986984 0.058706 0.587665 0.041081 0.808061 -0.795131 -0.155482 0.586167
-10.489100 -122.110307 2145.358850 -3182.758069 0.707249 0.315962 -0.632429 -0.475422 0.874647 -0.094692 0.523233 0.367641 0.768809
-8.284954 -125.535931 2001.197254 -897.357848 0.712968 0.282648 -0.641706 -0.387213 0.921671 -0.024250 0.584588 0.265767 0.766567
-9.175500 -130.872397 1945.589643 4298.260524 0.710780 0.294771 -0.638672 0.532440 -0.818801 0.214647 0.459673 0.492621 0.738935
-11.095832 -122.043605 2413.116981 1432.781324 0.714548 0.293574 -0.635008 -0.354235 0.934558 0.033454 0.603273 0.201038 0.771780
-10.413951 -61.632089 -1409.210901 -3727.440434 0.698922 0.336631 -0.631021 0.008279 0.878435 0.477790 0.715150 -0.339163 0.611170
-13.427554 -54.772576 1095.581360 918.686707 0.663421 0.344089 -0.664436 0.075613 0.852616 0.517038 0.744416 -0.393254 0.539626
-10.693772 -56.627921 1602.781928 -7894.881877 0.667348 0.435891 -0.603859 -0.045729 0.833279 0.550958 0.743341 -0.340067 0.576020
25.779327 -43.631356 -28574.666115 -1326.504133 0.796738 0.203508 0.569028 0.534836 0.200917 -0.820721 0.281351 -0.958236 -0.051235
-63.956409 -190.866839 -27295.915516 16875.022565 0.683664 0.201107 0.701541 0.682916 0.162690 -0.712150 0.257352 -0.965965 0.026114
27.237131 -46.869670 -18422.041047 21472.815566 0.902096 0.334361 0.272809 0.250292 0.109585 -0.961949 0.351534 -0.936052 -0.015168
-32.273655 -129.065955 14617.728540 -66495.940931 -0.144673 0.049077 -0.988262 0.948584 0.291049 -0.124411 0.281526 -0.955449 -0.088661
45.342018 -23.149537 -6451.722635 3884.822410 0.816422 0.416505 0.399973 0.365812 0.162896 -0.916322 0.446807 -0.894421 0.019371
25.612649 -32.803508 -17628.279589 -10539.686359 0.717868 0.265997 0.643359 0.593415 0.249440 -0.765270 0.364039 -0.931142 -0.021218
23.692953 -10.724633 7044.409335 -15489.678620 0.258991 0.887129 0.382002 -0.252836 0.443974 -0.859628 0.932200 -0.126052 -0.339284
15.935583 -16.321600 2132.345554 -16665.193340 0.194467 0.953392 0.230707 -0.311029 0.282993 -0.907290 0.930292 -0.104682 -0.351566
12.239506 -36.980680 684.495543 -12401.295335 0.158277 0.984591 0.074356 -0.416913 0.134904 -0.898880 0.895060 -0.111272 -0.431841
0.174937 -85.502795 -574.944343 642.846981 -0.699660 -0.216643 0.680839 -0.355209 0.932283 -0.068376 -0.619921 -0.289680 -0.729235
0.185794 -88.464553 322.017613 4286.067290 -0.692135 -0.209166 0.690796 -0.410027 0.901600 -0.137826 -0.593993 -0.378638 -0.709793
-0.503127 -91.434461 -727.542837 3952.685915 -0.710006 -0.201906 0.674629 -0.436100 0.878268 -0.196117 -0.552909 -0.433450 -0.711627
1.171723 -76.068608 859.111291 -1915.198593 -0.648045 -0.331031 0.685898 -0.281969 0.940886 0.187687 -0.707482 -0.071773 -0.703077
-3.145310 -71.782374 1842.284378 1335.383984 -0.648662 -0.304838 0.697360 -0.369527 0.927178 0.061577 -0.665347 -0.217751 -0.714071
0.644790 -75.852561 840.856112 1621.011176 -0.666223 -0.285440 0.688963 -0.358196 0.932786 0.040084 -0.654097 -0.220079 -0.723687
-6.685834 -57.395908 -829.316389 -3185.833511 0.101621 0.982171 0.158158 0.755953 0.027109 -0.654065 0.646691 -0.186027 0.739720
-3.101095 -59.709863 -3318.270171 -1690.899610 0.124519 0.971809 0.200207 0.723938 0.049005 -0.688123 0.678535 -0.230622 0.697427
-5.679540 -61.672632 -930.979409 -284.774396 0.098917 0.981671 0.162904 0.648555 0.060561 -0.758755 0.754713 -0.180706 0.630677
-3.523754 -54.645739 -2424.675843 -3409.035058 0.099484 0.973066 0.207955 0.825667 0.035908 -0.563014 0.555317 -0.227712 0.799857
-8.413084 -53.093248 -659.601422 -4056.714841 0.107366 0.981625 0.157747 0.827998 -0.000454 -0.560731 0.550356 -0.190818 0.812832
-3.899639 -97.049226 981.958713 12886.614093 -0.221421 0.970138 0.099021 0.286862 -0.032252 0.957429 -0.932032 -0.240401 0.271154
2.039635 -90.317557 370.664519 10005.189006 -0.231724 0.964577 0.126078 0.287045 -0.056035 0.956277 -0.929467 -0.257783 0.263892
-2.285875 -109.755636 1949.752682 15729.311216 -0.200496 0.974231 0.103320 0.156670 -0.072220 0.985007 -0.967086 -0.213677 0.138153
-11.352380 -39.769136 -1080.087021 1169.906766 0.046380 0.909920 0.412183 -0.559249 -0.318247 0.765480 -0.827701 0.266016 -0.494111
-10.623092 -40.563345 856.491055 1264.284189 0.055028 0.885934 0.460535 -0.572297 -0.349968 0.741619 -0.818198 0.304372 -0.487759
-13.937805 -41.766198 -893.282811 1303.560932 0.029716 0.897585 0.439839 -0.633317 -0.323530 0.703020 -0.773322 0.299449 -0.558842
-10.250938 -37.369972 -891.374088 1582.312824 0.050659 0.895497 0.442175 -0.491390 -0.363096 0.791642 -0.869465 0.257384 -0.421644
-14.240037 -41.563144 -604.222182 1368.704933 0.062813 0.919030 0.389151 -0.632890 -0.264814 0.727546 -0.771689 0.291990 -0.565011
-11.836347 -39.278178 -223.864528 886.543836 0.077897 0.932156 0.353578 -0.561154 -0.252145 0.788371 -0.824038 0.259824 -0.503442
-9.873331 -36.010312 -900.285375 1215.538595 0.067664 0.921515 0.382402 -0.468438 -0.309065 0.827674 -0.880902 0.235135 -0.410760
17.180251 -99.026162 4065.150622 11883.539563 0.533230 0.809845 0.244577 0.844149 -0.490399 -0.216612 -0.055482 0.321964 -0.945125
15.460274 -97.136621 3904.748693 2865.036147 0.595815 0.767266 0.237293 0.801554 -0.586557 -0.116026 0.050163 0.259333 -0.964484
2.481382 -151.435019 1347.494390 25860.069145 0.726135 0.641251 0.248042 -0.687517 0.680834 0.252557 0.006923 0.353924 -0.935249
14.640546 -108.092056 94.318247 2494.217382 0.539305 0.807309 0.239587 0.818276 -0.435174 -0.375564 -0.198934 0.398591 -0.895293
2.310012 -207.714774 -2830.013424 41250.667052 0.721851 0.660228 0.207438 -0.671421 0.595496 0.441110 -0.167705 0.457694 -0.873150
-2.073711 -364.411696 -7190.775959 -132635.366316 0.924880 0.317582 0.209137 0.202249 0.054907 -0.977794 0.322012 -0.946640 0.013448
-3.225081 -158.816738 -4149.881882 -5292.958583 0.921822 0.296102 0.250134 0.279803 -0.061746 -0.958070 0.268242 -0.953158 0.139769
5.121716 -145.417655 -3404.914878 -16491.488758 0.911064 0.297893 0.284994 0.314046 -0.053617 -0.947892 0.267090 -0.953092 0.142401
-13.524887 -225.802348 -4272.668304 -60200.675762 0.902598 0.330651 0.275656 0.279665 0.036416 -0.959407 0.327267 -0.943050 0.059603
4.705681 -405.325688 -5805.415332 -122458.590701 0.923878 0.334352 0.186168 0.062710 0.347628 -0.935533 0.377515 -0.875993 -0.300199
-14.302784 -403.512322 -3366.794533 -135331.975714 0.897572 0.345257 0.274156 0.192417 0.252714 -0.948215 0.396661 -0.903844 -0.160396
-47.366465 -75.095397 36.524916 4418.559721 0.080231 -0.979526 0.184641 0.996644 0.081845 0.001124 -0.016213 0.183932 0.982805
-56.934743 -81.075973 -1713.468937 6002.980443 0.416745 -0.900321 0.125486 0.908532 0.417072 -0.024921 -0.029899 0.124394 0.991782
-42.666469 -70.496467 1057.966770 4509.632179 -0.156764 -0.948434 0.275495 0.986469 -0.163919 -0.002990 0.047995 0.271298 0.961298
5.753841 -18.879113 -24479.930303 -10271.193001 0.340609 0.025447 -0.939860 0.344578 0.926702 0.149967 0.874786 -0.374935 0.306875
-43.448813 -73.955671 -3451.972209 -1180.298432 0.053015 0.998455 0.016648 -0.409116 0.036925 -0.911735 0.910941 -0.041525 -0.410441
-41.164937 -74.990330 -3451.851817 3890.373535 0.067674 0.997009 0.037339 -0.597505 0.070472 -0.798762 0.799004 -0.031745 -0.600487
-47.176595 -76.121677 -2706.611399 713.878398 -0.061026 0.996404 0.058783 -0.500575 0.020399 -0.865453 0.863540 0.082241 -0.497529
-45.465360 -73.746810 -2759.466290 5370.726038 -0.080967 0.995836 0.041894 -0.666450 -0.022837 -0.745200 0.741140 0.088257 -0.665524
0.439543 -124.760688 -968.997558 -1114.901371 0.920119 -0.146852 0.363064 -0.344213 -0.745429 0.570835 -0.186810 0.650207 0.736432
-1.366278 -127.267154 -2100.826026 -286.284761 0.920629 -0.129844 0.368216 -0.353418 -0.677970 0.644556 -0.165948 0.723531 0.670048
3.121909 -125.128398 -1193.163205 361.938866 0.913362 -0.157442 0.375474 -0.397651 -0.542975 0.739630 -0.087424 0.824858 0.558540
2.925559 -120.771187 -442.820495 -2640.414132 0.916456 -0.159582 0.366937 -0.370827 -0.683230 0.629033 -0.150320 0.712551 0.685328
8.036631 -38.299975 491.085634 -7527.246089 -0.748119 -0.399982 -0.529465 -0.249255 0.908868 -0.334410 0.614972 -0.118207 -0.779639
5.900358 -21.753747 -670.694170 -2884.468852 -0.710799 -0.465720 -0.527133 -0.276716 0.874129 -0.399158 0.646678 -0.137855 -0.750202
6.764882 -32.821527 -982.662871 -6662.611096 -0.741989 -0.355212 -0.568574 -0.216346 0.929590 -0.298423 0.634545 -0.098417 -0.766595
9.636299 -44.113330 -1104.705291 -6883.331464 -0.760585 -0.293388 -0.579167 -0.221982 0.955824 -0.192676 0.610110 -0.017982 -0.792112
10.894387 -46.974601 145.780700 -5652.186331 -0.747152 -0.412606 -0.521076 -0.323617 0.910609 -0.257029 0.580548 -0.023410 -0.813890
-5.282690 -26.380788 2481.552011 -1582.830441 0.148451 0.985691 -0.079852 0.596743 -0.024898 0.802046 -0.788581 0.166716 0.591900
-6.202755 -29.699345 2536.432517 -1292.267117 0.174509 0.983825 -0.040434 0.643920 -0.082959 0.760582 -0.744925 0.158765 0.647981
2.572700 -26.706683 5223.018605 -1943.355557 0.163163 0.980519 -0.109366 0.622115 -0.016215 0.782758 -0.765735 0.195756 0.612641
4.148265 -24.132523 5293.169771 -861.805758 0.119459 0.976454 -0.179631 0.570535 0.080556 0.817313 -0.812539 0.200121 0.547478
-5.065951 -25.519645 2531.188216 -1100.732808 0.109520 0.985634 -0.128577 0.546693 0.048302 0.835939 -0.830140 0.161844 0.533549
2.528250 -55.727681 581.191182 493.184709 0.290843 0.946661 -0.138718 -0.113405 -0.109855 -0.987457 0.950026 -0.302927 -0.075406
4.270825 -53.783383 1187.034784 1986.662547 0.287406 0.953469 -0.091074 -0.033053 -0.085156 -0.995819 0.957238 -0.289214 -0.007041
12.394238 -73.735619 -1515.513952 -3713.067979 0.257024 0.953964 -0.154570 0.198105 -0.208556 -0.957736 0.945882 -0.215541 0.242589
9.677149 -69.079508 -1169.629069 2667.108564 0.282430 0.946348 -0.157034 0.240262 -0.228264 -0.943488 0.928713 -0.228740 0.291840
8.286190 -73.038703 -1009.689683 8783.585244 0.278415 0.950407 -0.138609 0.338873 -0.232237 -0.911719 0.898694 -0.206865 0.386726
-9.309463 -80.053199 -953.291594 2508.023727 0.256604 0.944617 -0.204580 0.883030 -0.315183 -0.347733 0.392955 0.091420 0.915002
-10.074358 -75.781948 -861.984920 -2339.239395 0.288479 0.933829 -0.211524 0.796290 -0.356661 -0.488585 0.531697 0.027488 0.846488
-10.814211 -76.343800 -2070.391831 -2480.824795 0.277324 0.940530 -0.196201 0.797108 -0.339241 -0.499534 0.536386 0.017860 0.843784
-10.440286 -75.448577 760.774636 -2703.087511 0.239504 0.940853 -0.239652 0.739801 -0.336702 -0.582518 0.628755 0.037779 0.776685
-9.599943 -69.828230 168.652391 -2607.384686 0.234922 0.944405 -0.230023 0.831654 -0.317786 -0.455371 0.503153 0.084323 0.860074
-9.799363 -77.746854 -1182.645581 235.596865 0.240270 0.948070 -0.208409 0.887780 -0.301449 -0.347816 0.392579 0.101452 0.914106
7.265115 -22.957124 -1136.868564 700.454014 0.276059 0.953623 -0.119980 -0.588921 0.069174 -0.805225 0.759581 -0.292949 -0.580704
4.694086 -22.138077 -2251.139920 -232.742487 0.137446 0.952069 -0.273264 -0.669156 -0.114157 -0.734301 0.730300 -0.283783 -0.621392
1.049397 -18.339607 -1099.823435 875.490082 0.241841 0.957679 -0.156086 -0.638769 0.036045 -0.768554 0.730402 -0.285571 -0.620453
2.997336 -19.174171 -86.055880 1506.095099 0.395769 0.917912 0.028348 -0.546510 0.260218 -0.795998 0.738033 -0.299539 -0.604635
-4.093920 -13.242204 1122.227759 1693.466956 0.383774 0.923133 0.023313 -0.586466 0.263158 -0.766033 0.713285 -0.280311 -0.642379
4.718901 -36.378336 3074.755343 1912.768226 0.029781 0.982325 -0.184799 0.704926 -0.151716 -0.692865 0.708655 0.109635 0.696985
8.235499 -35.596038 2073.554880 2133.980033 0.027891 0.986089 -0.163860 0.724206 -0.132924 -0.676652 0.689020 0.099796 0.717839
-0.931934 -101.095625 -1497.806917 9058.710836 0.338570 0.927230 -0.160049 0.863771 -0.373735 -0.337966 0.373188 0.023820 0.927450
-2.376656 -87.961235 -1061.552931 4644.067555 0.337486 0.926812 -0.164688 0.853281 -0.375080 -0.362251 0.397510 0.018271 0.917416
-0.488754 -103.304967 -1100.299050 13161.690361 0.303792 0.940834 -0.150139 0.910445 -0.333110 -0.245209 0.280714 0.062201 0.957774
20.905183 -138.205516 -3805.564724 -27307.855732 -0.897991 0.003070 -0.440004 -0.120328 0.960145 0.252273 0.423242 0.279484 -0.861832
18.447362 -192.621508 2574.038349 -35166.788068 0.919528 -0.016969 0.392657 -0.199673 0.840358 0.503913 0.338524 0.541766 -0.769345
2.634755 -64.698298 52.289487 -6373.220375 0.878589 -0.442293 0.180163 0.097991 0.536168 0.838404 0.467418 0.718958 -0.514412
7.520420 -83.736809 1291.164271 -10395.294226 0.872964 -0.446130 0.197236 0.023600 0.442506 0.896455 0.487213 0.777918 -0.396821
-0.229622 -54.344698 548.572546 -3340.560534 0.878158 -0.431309 0.206906 0.129429 0.630614 0.765228 0.460528 0.645212 -0.609603
-11.684828 -470.230086 6067.266508 -100596.911708 0.895440 -0.211439 0.391766 -0.394565 -0.784477 0.478450 -0.206168 0.583000 0.785879
-28.881226 -414.217131 633.645013 -94050.139988 0.913320 -0.183075 0.363773 -0.406399 -0.467229 0.785199 -0.026215 0.864974 0.501131
-21.033365 -397.984812 -9615.711350 -58794.557157 0.914148 -0.104896 0.391574 -0.400067 -0.389329 0.829680 -0.065421 0.915106 0.397870
363.267268 -1277.586586 111572.973610 505224.910215 0.613827 -0.123484 0.779723 -0.521313 0.678303 0.517820 0.592831 0.724332 -0.351987
-15.070941 -480.164365 -2021.860701 215919.708163 0.755363 -0.654906 -0.022913 0.267922 0.276732 0.922842 0.598034 0.703220 -0.384497
-34.714988 -90.221580 -2614.210716 6425.362578 0.790708 -0.567891 0.228651 0.061008 0.444730 0.893584 0.609146 0.692615 -0.386297
24.692644 -46.335752 5397.560870 -1241.873691 0.263980 0.962967 -0.054853 0.337553 -0.145509 -0.929992 0.903533 -0.226984 0.363464
-56.858621 -68.564461 1110.106601 8951.283314 0.874896 0.443654 0.194238 -0.308450 0.819633 -0.482763 -0.373384 0.362455 0.853939
-62.533578 -83.886211 354.866880 6631.532205 0.916467 0.304725 0.259291 -0.232141 0.932784 -0.275725 -0.325882 0.192501 0.925605
-57.003911 -76.962593 3505.208999 -5732.128330 0.844208 0.535294 0.027825 0.488782 -0.790084 0.369944 -0.220013 0.298709 0.928637
-26.152876 -35.837033 760.893457 829.477392 0.040205 0.998864 -0.025579 -0.255372 -0.014478 -0.966734 0.966006 -0.045400 -0.254500
-27.549186 -35.881489 -532.863564 68.784790 0.026041 0.963773 -0.265451 -0.313654 -0.244254 -0.917584 0.949180 -0.107154 -0.295930
-28.175381 -34.193666 -422.538842 -420.562321 -0.076855 0.895368 -0.438646 -0.376920 -0.433390 -0.818599 0.923052 -0.102421 -0.370791
2.096195 -54.523014 -792.654419 -4936.907236 0.335837 0.940496 -0.051772 0.528381 -0.233609 -0.816235 0.779761 -0.246766 0.575395
2.659569 -55.264959 -1276.043377 -6533.459384 0.328364 0.943977 -0.032937 0.552191 -0.220138 -0.804129 0.766330 -0.245860 0.593541
42.354674 12.696473 10613.747057 -2540.828737 -0.753111 -0.296765 -0.587158 0.004373 0.890204 -0.455542 0.657879 -0.345641 -0.669125
46.983653 8.948932 -9332.439910 -5558.909999 -0.521839 -0.473767 -0.709386 -0.021822 0.838736 -0.544101 0.852765 -0.268453 -0.448024
-0.748550 -158.757740 77.764895 1429.268451 0.458036 0.838021 -0.296520 -0.406446 -0.099225 -0.908271 0.790572 -0.536540 -0.295161
1.242110 -154.470107 -463.584448 -2802.475989 0.444585 0.830473 -0.335648 -0.590058 -0.010399 -0.807294 0.673926 -0.556962 -0.485404
-0.356184 -157.225210 389.459271 2164.501552 0.448621 0.833755 -0.321857 -0.525023 -0.045576 -0.849867 0.723250 -0.550250 -0.417295
19.766559 -212.982221 1555.141060 29300.677947 0.649120 0.482870 -0.587775 0.670441 -0.728215 0.142169 -0.359377 -0.486353 -0.796435
16.446740 -240.254461 2547.358533 -9953.280879 -0.601545 -0.523763 0.603172 -0.511307 0.832575 0.213036 -0.613766 -0.180256 -0.768634
