18858
37697
-16.638871 -33.584621 -1009.928767 -2351.105453 -0.540490 0.590065 -0.599745 0.837894 0.312960 -0.447201 -0.076182 -0.744231 -0.663564
-22.010266 -40.962727 -943.955345 -1628.126101 -0.359351 0.647807 -0.671724 0.932514 0.276922 -0.231803 0.035851 -0.709691 -0.703600
-21.918684 -39.208153 393.617531 -2926.908098 -0.301344 0.633284 -0.712841 0.952618 0.167528 -0.253876 -0.041355 -0.755570 -0.653762
-20.592485 -34.497225 -65.475753 -2192.558383 -0.612099 0.612193 -0.500554 0.787808 0.417245 -0.453063 -0.068508 -0.671660 -0.737685
-13.278595 -28.927837 -930.103356 -2130.638588 -0.625600 0.546650 -0.556595 0.766805 0.299498 -0.567724 -0.143648 -0.781968 -0.606541
-16.001302 -29.480649 -321.140738 -1282.363463 0.771999 -0.512223 0.376357 0.618414 0.468427 -0.630984 -0.146908 -0.719863 -0.678391
41.419358 -32.481186 1648.911036 485.250392 0.235602 -0.442238 0.865400 -0.468478 0.728498 0.499819 -0.851481 -0.523179 -0.035543
31.257271 -34.495652 414.191077 3307.395715 0.146068 -0.402250 0.903803 -0.531997 0.738313 0.414575 -0.834052 -0.541377 -0.106151
39.265099 -34.497991 1151.900557 646.621081 0.081132 -0.412210 0.907469 -0.497210 0.772353 0.395288 -0.863828 -0.483274 -0.142293
51.027371 -36.958509 511.449780 -1965.975154 0.099958 -0.460371 0.882081 -0.440843 0.774267 0.454058 -0.892001 -0.434246 -0.125558
52.574448 -38.531709 3276.850747 -2306.111245 0.323441 -0.456529 0.828834 -0.381485 0.738667 0.555734 -0.865942 -0.495935 0.064757
-3.807823 -45.124016 -1291.658285 6731.027191 0.163909 0.370056 -0.914435 0.903840 -0.427727 -0.011084 -0.395231 -0.824687 -0.404580
3.308391 -35.204165 -5936.774486 3916.303267 -0.065533 0.407116 -0.911022 0.888903 -0.391006 -0.238674 -0.453384 -0.825452 -0.336263
-3.005015 -19.423733 -4343.700926 3894.017654 0.247036 0.247590 -0.936842 0.894066 -0.431048 0.121838 -0.373657 -0.867696 -0.327846
-3.051323 -33.166994 -309.599297 10045.606979 0.212132 0.317900 -0.924088 0.925695 -0.368421 0.085759 -0.313191 -0.873616 -0.372432
23.229861 -11.260411 -1182.643403 151.929979 0.307224 0.942516 0.131444 -0.582746 0.295527 -0.757014 0.752343 -0.155974 -0.640041
15.060112 -12.548495 -663.700661 169.573501 0.275393 0.960303 0.044455 -0.560761 0.198030 -0.803947 0.780837 -0.196473 -0.593037
14.490705 -12.310137 -1272.013433 -491.325341 0.339935 0.917777 0.205255 -0.492774 0.359716 -0.792325 0.801011 -0.168194 -0.574537
20.296581 -11.759135 -1004.586968 -216.642693 0.331541 0.884835 0.327333 -0.501092 0.459126 -0.733560 0.799367 -0.079181 -0.595603
44.862866 -22.182154 4010.953642 1122.904704 0.203507 0.135789 -0.969611 0.532244 0.815876 0.225970 0.821767 -0.562057 0.093764
42.762126 -20.446575 -3439.009876 643.528424 0.427968 -0.037992 -0.902995 0.531707 0.818508 0.217561 0.730843 -0.573238 0.370496
35.800801 -17.726687 2637.625449 1185.020919 0.207874 0.109818 -0.971971 0.466661 0.862168 0.197216 0.859660 -0.494578 0.127975
31.322856 -21.514164 7112.899730 1503.518061 0.024223 0.288859 -0.957065 0.455671 0.848924 0.267753 0.889818 -0.442593 -0.111061
29.499371 -11.443204 -1623.114169 861.042474 0.339610 -0.002045 -0.940564 0.429438 0.890021 0.153122 0.836808 -0.455916 0.303138
26.592679 -13.600023 3063.184604 962.482686 0.148843 0.179366 -0.972457 0.401906 0.887551 0.225221 0.903503 -0.424359 0.060018
23.368715 -16.342488 5378.288686 1359.596770 0.042296 0.281644 -0.958586 0.386389 0.880180 0.275656 0.921365 -0.382047 -0.071596
7.563466 -50.708719 -769.627222 1134.743415 -0.529317 0.770820 -0.354485 -0.235355 0.268015 0.934225 -0.815126 -0.577931 -0.039552
9.070270 -49.371624 -1068.900410 672.192431 -0.557434 0.772846 -0.303277 -0.072757 0.318416 0.945155 -0.827027 -0.548927 0.121266
4.249964 -48.501032 -526.423208 705.736127 -0.555136 0.772596 -0.308091 -0.228539 0.214470 0.949617 -0.799747 -0.597577 -0.057508
3.493267 -76.406944 -381.533343 5411.684934 0.055790 0.211348 -0.975817 0.717829 0.670822 0.186331 0.693981 -0.710865 -0.114286
2.120608 -90.439018 -234.721377 5435.955388 0.023246 0.197484 -0.980030 0.860573 0.494952 0.120150 0.508796 -0.846181 -0.158444
1.621831 -69.469302 -182.697606 4898.528114 0.071668 0.215459 -0.973879 0.719568 0.664976 0.200071 0.690714 -0.715111 -0.107380
2.061998 -56.075467 -233.151896 3305.111053 0.109525 0.250654 -0.961861 0.570567 0.776524 0.267326 0.813915 -0.578085 -0.057967
0.475768 -63.576447 -99.674139 4717.565557 0.087005 0.215154 -0.972697 0.721252 0.659918 0.210484 0.687187 -0.719873 -0.097764
0.590064 -50.907686 -102.165418 2856.732181 0.114299 0.250506 -0.961344 0.575547 0.772047 0.269609 0.809741 -0.584115 -0.055934
-3.049856 -23.232878 1560.831249 779.291709 0.119296 0.305979 -0.944535 0.491522 0.808371 0.323949 0.862656 -0.502905 -0.053960
14.169561 -22.791882 5402.922893 987.265032 0.051288 0.343116 -0.937892 0.477695 0.816297 0.324755 0.877027 -0.464682 -0.122039
7.782145 -19.141419 4134.124201 1267.228884 0.073435 0.337194 -0.938567 0.403273 0.850695 0.337177 0.912128 -0.403260 -0.073510
-5.817674 -19.700081 1035.573528 1101.020385 0.163390 0.338548 -0.926655 0.405847 0.833054 0.375911 0.899217 -0.437500 -0.001286
3.079396 -21.676857 119.481337 1543.473289 -0.459309 -0.103492 -0.882227 0.122692 0.976278 -0.178402 0.879762 -0.190184 -0.435716
3.324677 -22.901572 -992.613008 2665.652774 -0.441479 -0.011091 -0.897203 0.201316 0.973207 -0.111090 0.874396 -0.229665 -0.427418
3.628711 -26.871682 206.668711 1483.883412 -0.451622 0.018883 -0.892009 0.259501 0.959334 -0.111076 0.853637 -0.281642 -0.438157
4.438632 -28.519951 -770.317863 2576.197867 -0.429756 0.051623 -0.901468 0.307310 0.947126 -0.092265 0.849041 -0.316681 -0.422897
4.847851 -32.236640 127.146820 1419.432021 -0.440614 0.061690 -0.895575 0.358795 0.926588 -0.112697 0.822877 -0.370983 -0.430402
5.465016 -52.739833 538.367762 -90.022661 0.162133 0.249901 -0.954601 0.583019 0.756230 0.296993 0.796116 -0.604703 -0.023088
8.513584 -54.045668 613.596503 100.341580 0.175356 0.206584 -0.962587 0.583682 0.765555 0.270629 0.792821 -0.609301 0.013665
5.484713 -52.723338 294.203453 -414.813926 0.156253 0.210583 -0.965008 0.396895 0.881274 0.256576 0.904466 -0.423098 0.054122
1.039428 -29.741411 -123.837871 202.431705 -0.385764 0.905072 -0.178972 0.824015 0.250751 -0.508059 0.414952 0.343467 0.842523
-0.228856 -28.521183 -192.844568 227.712433 -0.365425 0.912663 -0.183061 0.819478 0.222148 -0.528304 0.441497 0.343070 0.829086
0.426878 -31.722024 -221.588393 632.775339 -0.405200 0.899818 -0.161678 0.859890 0.315050 -0.401662 0.310486 0.301779 0.901403
0.371937 -27.646792 -123.044822 -28.704628 -0.347085 0.916539 -0.198717 0.767287 0.155681 -0.622121 0.539261 0.368402 0.757283
1.220026 -33.223413 166.729213 532.062416 0.432531 -0.887585 0.158459 0.857948 0.351140 -0.375001 0.277204 0.298149 0.913381
1.548957 -28.797470 -85.907508 24.736101 -0.364747 0.909990 -0.197175 0.775228 0.179502 -0.605641 0.515734 0.373762 0.770922
1.782382 -31.399821 -68.855453 168.267898 -0.409181 0.894769 -0.178770 0.827591 0.281422 -0.485691 0.384271 0.346684 0.855655
126.829035 -30.282740 32719.340535 -757.045135 -0.179303 0.905167 -0.385386 -0.820927 -0.353540 -0.448429 0.542153 -0.235969 -0.806467
212.145910 -26.289401 -32098.488388 -264.238807 0.121738 0.699621 -0.704067 0.809704 0.340266 0.478121 0.574073 -0.628291 -0.525063
232.905808 -26.393144 59102.054274 -516.287850 -0.159647 0.931139 -0.327861 -0.741327 -0.332399 -0.583048 0.651879 -0.149970 -0.743345
114.001253 -28.892603 -6752.888887 1200.735578 0.004586 0.768197 -0.640197 0.861672 0.321835 0.392356 0.507445 -0.553439 -0.660458
232.324116 -36.734164 87986.469485 -1103.396696 -0.455748 0.889728 -0.026042 -0.770682 -0.409069 -0.488581 0.445357 0.202600 -0.872130
73.015150 -36.449295 36746.631288 -1549.282073 -0.418358 0.882146 -0.216324 -0.810959 -0.470042 -0.348433 0.409050 -0.029660 -0.912030
68.971832 -33.505399 17258.260487 -2303.905110 -0.195200 0.887633 -0.417139 -0.861287 -0.358587 -0.360000 0.469128 -0.289005 -0.834503
-3.976793 -97.461367 -917.647873 4921.092990 0.169030 0.718309 0.674878 0.840724 -0.462451 0.281643 0.514405 0.519780 -0.682068
-3.862685 -103.818958 -795.286927 3610.755854 0.166127 0.717538 0.676418 0.938132 -0.326347 0.115782 0.303825 0.615335 -0.727361
-6.279793 -98.825627 -628.700657 4046.378376 0.146824 0.701131 0.697752 0.868671 -0.428795 0.248082 0.473131 0.569693 -0.672010
-6.481612 -89.905962 -531.491929 -5474.758384 0.148533 0.692320 0.706138 -0.742850 0.549459 -0.382452 0.652772 0.467748 -0.595903
-8.651330 -103.930166 -400.553438 6192.282263 0.139831 0.679619 0.720115 0.860662 -0.443021 0.250985 0.489600 0.584680 -0.646870
20.528286 -57.622920 -1348.098036 -7573.175702 -0.261063 -0.519494 -0.813617 -0.562863 0.766657 -0.308906 0.784240 0.377311 -0.492549
22.247946 -77.172019 1079.066173 -7654.522086 -0.297722 -0.571097 -0.764990 -0.724736 0.656796 -0.208270 0.621385 0.492409 -0.609437
22.284287 -58.402074 2622.874474 -7452.509211 -0.341828 -0.564952 -0.750988 -0.587318 0.752267 -0.298583 0.733629 0.339005 -0.588952
21.115400 -2.395032 3180.974144 639.308177 0.378846 0.795321 0.473224 -0.377856 -0.333849 0.863580 -0.844808 0.505974 -0.174039
21.199750 -0.196751 3021.573334 1083.365653 0.371541 0.789470 0.488564 -0.377811 -0.352123 0.856311 -0.848066 0.502739 -0.167442
23.686970 -1.063315 391.092920 677.675861 0.260536 0.839963 0.476007 -0.390168 -0.359378 0.847712 -0.883114 0.406582 -0.234096
24.334003 -3.068328 -255.058337 812.130420 0.237416 0.862130 0.447622 -0.382711 -0.340514 0.858826 -0.892841 0.375209 -0.249103
22.896298 -4.083664 389.943652 -141.414929 0.272062 0.854334 0.442828 -0.394155 -0.320873 0.861210 -0.877852 0.408845 -0.249443
20.219005 -4.342763 3406.495365 -60.104434 0.397358 0.804966 0.440608 -0.388581 -0.287374 0.875455 -0.831331 0.519081 -0.198604
13.549563 -5.229606 3378.356776 110.606448 0.445114 0.787776 0.425773 -0.362798 -0.276054 0.890041 -0.818689 0.550639 -0.162928
15.700752 -15.685685 -2358.897693 332.971419 -0.358675 0.253843 0.898285 -0.313786 0.873528 -0.372138 -0.879142 -0.415346 -0.233660
14.062862 -17.830494 -2213.436768 843.176824 -0.375940 0.278002 0.883960 -0.337782 0.847188 -0.410093 -0.862886 -0.452756 -0.224588
10.589172 -17.555501 -2579.514240 295.670768 -0.379160 0.235695 0.894810 -0.318614 0.874630 -0.365387 -0.868748 -0.423640 -0.256529
11.436595 -16.941394 -2452.460866 -378.177247 -0.364160 0.235593 0.901046 -0.285028 0.892862 -0.348649 -0.886649 -0.383787 -0.257994
2.280225 -19.762455 -2536.836189 -116.749964 -0.366902 0.123657 0.922004 -0.321116 0.913369 -0.250284 -0.873079 -0.387900 -0.295408
67.218177 17.545919 -10800.809542 -5450.493662 0.951226 0.207461 0.228317 0.308272 -0.667306 -0.677991 -0.011701 -0.715306 0.698713
57.665521 7.287711 -6846.690761 -8017.957188 0.874307 0.336230 0.350053 0.485271 -0.620333 -0.616197 -0.009965 -0.708616 0.705524
49.195244 -1.712271 -6111.414218 -11181.586333 0.800659 0.338937 0.494032 0.591728 -0.576506 -0.563471 -0.093831 -0.743480 0.662143
-62.598593 -815.305566 -13157.091533 -270634.342778 0.394674 -0.392540 -0.830750 0.904020 0.327531 0.274721 0.164257 -0.859439 0.484132
-54.771680 -142.386322 6249.722765 -56602.079093 0.694122 -0.279846 -0.663235 0.719837 0.262963 0.642405 -0.005368 -0.923329 0.383972
-46.396049 -357.383983 15919.323329 -18735.330121 0.935260 -0.104151 -0.338293 -0.352979 -0.203241 -0.913290 -0.026365 -0.973574 0.226846
-289.586518 -2028.927133 -47913.066117 503830.262098 0.428853 -0.478466 -0.766261 0.119128 0.870766 -0.477048 0.895485 0.113301 0.430429
-166.262559 -6647.965413 -49933.958987 -3566534.309364 0.395393 -0.661865 -0.636867 0.807221 0.581215 -0.102874 0.438245 -0.473417 0.764080
-117.120525 -2005.075724 -27798.034225 1780401.519204 0.298170 -0.686854 -0.662817 0.511315 0.701303 -0.496719 0.806009 -0.190802 0.560307
31.442910 -27.354843 -7836.907038 129.162494 -0.337603 -0.403482 0.850427 -0.709209 0.703075 0.052029 -0.618907 -0.585566 -0.523514
21.914871 -26.832724 -2387.300507 74.673356 -0.354568 -0.387359 0.851020 -0.690168 0.722470 0.041295 -0.630832 -0.572705 -0.523508
32.390512 -26.944627 -9037.058646 -11.340339 -0.341606 -0.389477 0.855344 -0.638132 0.764271 0.093151 -0.689995 -0.514001 -0.509618
21.941143 -27.475614 2102.070920 -292.491933 0.357271 0.381873 -0.852367 0.756851 -0.653124 0.024626 -0.547297 -0.653913 -0.522363
36.332810 -26.628167 -5027.449713 -387.455600 -0.293780 -0.351334 0.888964 -0.650548 0.754878 0.083351 -0.700343 -0.553827 -0.450327
32.510341 -27.605210 5999.881428 -218.535205 0.311224 0.401764 -0.861235 0.785296 -0.619100 -0.005027 -0.535210 -0.674760 -0.508183
43.634410 -27.063622 -9712.079580 8.038191 -0.296404 -0.387916 0.872735 -0.719000 0.692109 0.063439 -0.628637 -0.608692 -0.484055
22.783290 -37.159049 -1047.131608 1456.490236 -0.078260 0.798915 0.596330 -0.744789 -0.444474 0.497727 -0.662694 0.405188 -0.629809
22.836261 -32.615997 -2073.057411 1404.132489 -0.111773 0.802760 0.585733 -0.650315 -0.504775 0.567708 -0.751397 0.317457 -0.578467
16.720714 -37.027027 -3616.685760 1728.749320 -0.179721 0.817492 0.547182 -0.734672 -0.481447 0.477981 -0.654185 0.316095 -0.687114
16.754875 -42.267205 -2070.002965 2174.122105 -0.151573 0.808806 0.568207 -0.799898 -0.438073 0.410190 -0.580680 0.392333 -0.713362
-7.522626 -20.728971 -133.300510 -176.025626 -0.593076 -0.243791 0.767351 -0.216357 0.966258 0.139766 -0.775533 -0.083129 -0.625810
-8.515022 -20.562133 -201.738854 -163.932335 -0.561490 -0.226757 0.795808 -0.149357 0.973697 0.172065 -0.813893 -0.022247 -0.580589
-7.956461 -21.531879 -113.307063 -119.989590 -0.597982 -0.189986 0.778667 -0.099927 0.981593 0.162758 -0.795256 0.019516 -0.605960
16.913546 -25.500622 -18165.680441 -330.713675 0.737040 -0.671966 0.072344 0.007219 0.114862 0.993355 0.675811 0.731620 -0.089509
-20.009471 -26.476323 1474.347287 1825.109231 -0.591237 0.733048 0.336273 -0.302288 0.185136 -0.935065 0.747704 0.654496 -0.112132
31.073574 -21.487081 -20194.252939 15.552511 0.722307 -0.689403 0.054741 0.092058 0.174298 0.980380 0.685418 0.703096 -0.189362
5.085586 -71.518976 453.126210 -845.040569 0.151764 -0.391786 0.907453 0.002811 0.918255 0.395980 -0.988413 -0.057545 0.140459
3.014126 -70.922991 332.235528 -3414.422246 0.172079 -0.340342 0.924422 -0.060336 0.933017 0.354738 -0.983234 -0.116819 0.140017
6.788401 -68.710972 452.170121 81.034054 0.144781 -0.367503 0.918684 -0.180240 0.903137 0.389688 -0.972909 -0.222003 0.064518
-62.531635 -614.245965 -2647.006391 187974.778542 -0.093355 0.945078 0.313228 0.992256 0.114203 -0.048844 -0.081933 0.306242 -0.948421
-121.803757 -853.452704 25903.905758 -271084.724964 -0.221551 0.872515 0.435467 -0.910600 -0.344883 0.227734 -0.348887 0.346082 -0.870922
0.099442 -220.016494 -706.646050 53515.785337 0.141776 0.911476 0.386148 0.958764 -0.029372 -0.282683 -0.246317 0.410303 -0.878055
-3.664942 -197.490113 2315.526666 666.348535 -0.255172 0.861941 0.438115 -0.361170 0.335347 -0.870114 0.896908 0.380263 -0.225736
5.975791 -179.455164 1486.278399 -9853.941780 -0.256106 0.880530 0.398843 -0.457171 0.253209 -0.852572 0.851707 0.400689 -0.337705
4.503356 -171.826023 1200.938510 -78.880544 -0.235775 0.864578 0.443751 -0.230147 0.393959 -0.889848 0.944162 0.311932 -0.106095
-4.144221 -207.667485 2355.139506 8174.808357 -0.254206 0.840765 0.478009 -0.042578 0.484037 -0.874011 0.966212 0.242532 0.087247
-21.760693 -167.393654 2464.282859 -23313.618950 0.136018 -0.613221 -0.778112 0.850519 0.475052 -0.225708 0.508052 -0.631099 0.586172
-29.392841 -178.714097 3636.828084 7223.756553 0.167878 -0.626510 -0.761119 0.637444 0.657937 -0.400978 0.751985 -0.417855 0.509819
-31.308434 -185.545888 2838.301358 -31304.574987 0.184304 -0.634840 -0.750340 0.857450 0.477012 -0.192972 0.480428 -0.607814 0.632259
16.851107 -29.254521 3254.722762 -50.229062 0.399615 0.788514 0.467497 0.183131 -0.568379 0.802128 -0.898204 0.234929 0.371534
16.133516 -29.240381 59.310693 31.152747 0.175431 0.782321 0.597661 0.153734 -0.621397 0.768265 -0.972414 0.042897 0.229282
13.491756 -27.420475 2658.129802 -226.016387 0.375020 0.779054 0.502429 0.060630 -0.561437 0.825295 -0.925032 0.279040 0.257784
18.915188 -30.688269 211.120518 394.548277 0.178339 0.787637 0.589766 0.279158 -0.615247 0.737253 -0.943539 -0.033157 0.329598
21.674882 -29.823268 4014.811881 24.518332 0.422549 0.803001 0.420288 0.303352 -0.562276 0.769300 -0.854067 0.197572 0.481181
39.116204 -89.307705 -3024.031198 9938.397375 0.203679 -0.159254 -0.965999 0.067848 0.986605 -0.148346 0.976684 -0.035326 0.211755
48.042256 -113.444330 -33215.597170 13107.811625 0.382302 -0.277626 -0.881345 -0.007492 0.952835 -0.303395 0.924007 0.122591 0.362191
59.304553 -51.079913 -21402.024485 -9761.336597 0.272066 -0.550659 -0.789148 -0.030962 0.814649 -0.579127 0.961780 0.181995 0.204589
32.527146 -59.706781 14070.652011 18831.764050 -0.061992 -0.020390 -0.997868 -0.043793 0.998884 -0.017690 0.997115 0.042603 -0.062816
27.198350 -69.029234 -3813.546456 4853.007335 -0.533154 0.333324 0.777587 0.811738 -0.057438 0.581191 0.238388 0.941061 -0.239948
31.879186 -58.983649 -1621.817432 3313.210976 -0.524444 0.219226 0.822738 0.787055 -0.243801 0.566662 0.324811 0.944723 -0.044683
39.961933 -60.098561 -1833.512071 3175.856724 -0.490611 0.145414 0.859160 0.856449 -0.101265 0.506202 0.160612 0.984175 -0.074857
51.756130 -62.493468 -1284.057985 1419.497016 -0.421883 0.044758 0.905545 0.905448 0.072226 0.418268 -0.046683 0.996384 -0.070997
39.780969 -71.622554 -5334.663179 935.861649 -0.498953 0.299996 0.813049 0.866094 0.139652 0.479978 0.030448 0.943663 -0.329504
-21.579876 -27.950771 5655.861779 -446.548168 0.917139 -0.389718 0.083520 -0.329314 -0.622917 0.709596 0.224516 0.678303 0.699641
-26.212621 -32.291191 -955.603857 948.863411 -0.319483 -0.552438 0.769898 0.920791 -0.372856 0.114557 0.223775 0.745514 0.627801
-27.313319 -32.268024 -330.806456 331.597233 -0.437217 -0.585206 0.682917 0.891294 -0.383391 0.242088 0.120153 0.714524 0.689216
-13.938397 -26.918763 7844.985180 -937.177197 0.838601 -0.519194 0.164882 -0.448531 -0.486328 0.749870 0.309142 0.702797 0.640709
-28.524335 -29.162344 -330.349453 2361.881473 0.843949 0.330752 -0.422319 0.519833 -0.698561 0.491718 0.132379 0.634520 0.761485
9.416932 -33.364328 15935.248991 -308.413428 0.901845 -0.432050 -0.002841 -0.298337 -0.627468 0.719221 0.312522 0.647778 0.694776
-11.260129 -28.736773 7797.969653 477.096848 0.930082 -0.367060 0.014672 -0.287351 -0.702065 0.651562 0.228862 0.610222 0.758453
2.055070 -75.614147 -588.289776 -284.020529 0.411106 0.681384 -0.605564 0.903687 -0.217355 0.368926 0.119758 -0.698908 -0.705114
2.141492 -73.991639 -413.147698 1299.591421 0.413950 0.688787 -0.595162 0.851775 -0.062435 0.520174 0.321131 -0.722270 -0.612537
2.524332 -74.798170 47.227490 -1007.431142 0.417283 0.701730 -0.577451 0.899886 -0.230397 0.370301 0.126808 -0.674160 -0.727618
3.280178 -74.754606 -144.978170 -964.482911 0.422731 0.693729 -0.583129 0.903310 -0.374383 0.209450 -0.073012 -0.615287 -0.784915
1.930931 -75.951426 -637.058596 -841.464150 0.410711 0.679093 -0.608400 0.907135 -0.371518 0.197691 -0.091781 -0.633094 -0.768614
-8.165637 -25.371634 -244.184259 -57.858540 0.061711 -0.605585 0.793384 0.994704 -0.028140 -0.098849 0.082188 0.795283 0.600642
-4.779722 -25.900178 -1296.322420 -169.953469 0.061484 -0.572778 0.817402 0.992299 -0.053150 -0.111884 0.107530 0.817986 0.565099
-7.231977 -26.155131 -560.305753 44.721632 0.033189 -0.587569 0.808493 0.999432 0.014813 -0.030262 0.005804 0.809038 0.587727
-7.230349 -25.685697 539.957801 148.565613 -0.001473 -0.620641 0.784094 0.999674 0.019085 0.016984 -0.025506 0.783863 0.620410
-7.330582 -25.011095 429.376414 -41.298275 -0.021303 -0.627666 0.778191 0.998423 -0.053789 -0.016053 0.051934 0.776622 0.627822
4.714408 -39.265106 33.266989 -436.940802 0.473974 0.683918 -0.554621 0.402910 0.391610 0.827227 -0.782951 0.615547 0.089945
8.955536 -36.189704 399.130763 -622.395917 0.477825 0.671556 -0.566300 0.231422 0.525651 0.818618 -0.847424 0.522210 -0.095757
4.204970 -39.084775 -40.016380 -529.577880 0.511764 0.696442 -0.503056 0.363017 0.355409 0.861338 -0.778663 0.623420 0.070935
2.318661 -40.654999 83.652546 -181.025682 -0.518801 -0.690745 0.503703 0.525961 0.206594 0.825036 -0.673951 0.692958 0.256123
1.420214 -40.733503 79.247922 18.384667 -0.477801 -0.686111 0.548596 0.573465 0.229460 0.786439 -0.665465 0.690362 0.283825
0.380876 -29.369984 -193.244957 -193.064373 0.691776 0.308977 -0.652671 0.721635 -0.328666 0.609280 -0.026258 -0.892475 -0.450332
1.571998 -29.792810 -158.302142 -60.815247 0.688728 0.320237 -0.650463 0.723642 -0.358906 0.589515 -0.044671 -0.876718 -0.478926
0.211624 -29.598164 -224.475288 39.499590 0.681006 0.314521 -0.661292 0.720709 -0.447767 0.529229 -0.129651 -0.837007 -0.531610
-1.108003 -28.939884 -262.409371 -10.469014 0.691293 0.305953 -0.654604 0.715285 -0.418113 0.559955 -0.102378 -0.855321 -0.507882
-0.714106 -29.110332 -192.455310 -242.519244 0.700194 0.303146 -0.646399 0.713951 -0.295135 0.634956 0.001709 -0.906089 -0.423083
5.077992 -58.076746 -2674.969665 1788.762114 0.932368 0.146003 -0.330715 -0.172666 -0.623873 -0.762213 0.317610 -0.767767 0.556470
3.873149 -52.942522 -2341.946033 3829.058566 0.935383 0.144265 -0.322872 -0.237550 -0.420019 -0.875873 0.261970 -0.895975 0.358609
-1.788351 -62.205794 -990.723192 2158.707538 0.914129 0.175783 -0.365334 -0.189299 -0.611798 -0.768029 0.358517 -0.771235 0.525987
-1.041401 -32.339657 114.874918 -933.657515 0.790176 0.343360 -0.507667 -0.574743 0.127508 -0.808339 0.212820 -0.930508 -0.298098
-0.352384 -32.234874 113.581605 -627.642993 0.773398 0.350743 -0.528047 -0.592897 0.105437 -0.798346 0.224338 -0.930517 -0.289500
-1.648193 -30.989020 212.707576 -63.421055 0.778555 0.344696 -0.524440 -0.557742 -0.003069 -0.830009 0.287710 -0.938709 -0.189862
-2.468425 -29.439619 141.059071 -220.964383 0.799216 0.331280 -0.501505 -0.539878 0.028949 -0.841245 0.264170 -0.943088 -0.201987
-1.896229 -33.900192 308.715152 954.460902 0.760194 0.345576 -0.550166 -0.537527 -0.141098 -0.831358 0.364925 -0.927722 -0.078494
-3.117361 -31.571384 317.618670 1106.625160 0.770281 0.334946 -0.542659 -0.542772 -0.102356 -0.833619 0.334762 -0.936661 -0.102956
-7.873932 -25.076543 127.533796 369.166926 -0.548925 -0.553143 0.626669 0.793433 -0.580664 0.182465 0.262955 0.597380 0.757623
-8.420741 -26.058591 107.894074 129.586085 -0.541325 -0.542409 0.642464 0.832472 -0.453106 0.318881 0.118141 0.707452 0.696818
-7.147065 -25.713112 162.706689 403.914269 -0.530829 -0.605837 0.592606 0.825583 -0.527592 0.200148 0.191397 0.595490 0.780230
3.212070 -71.942955 429.177440 -204.290086 -0.407911 -0.690867 0.596918 -0.369399 0.722764 0.584086 -0.834957 0.017754 -0.550029
4.702636 -69.728230 231.445803 -554.830611 -0.433903 -0.684616 0.585687 -0.232172 0.713079 0.661524 -0.870531 0.151057 -0.468356
2.894038 -71.340904 398.053555 -887.742326 -0.407716 -0.682654 0.606424 -0.191941 0.713367 0.673993 -0.892707 0.158400 -0.421881
-3.719600 -70.916785 1001.854246 960.538333 0.505141 0.688676 -0.520152 0.806530 -0.591193 0.000521 -0.307151 -0.419782 -0.854073
-3.046051 -68.876373 951.888781 1339.996454 0.484328 0.708030 -0.513926 0.868448 -0.460207 0.184410 -0.105944 -0.535633 -0.837779
-6.199806 -69.494876 1093.390373 544.596905 0.485745 0.693216 -0.532451 0.822075 -0.569311 0.008758 -0.297059 -0.441969 -0.846416
0.673333 -51.405423 -167.575375 2243.467281 0.749272 0.393519 -0.532667 -0.240746 -0.587440 -0.772629 0.616954 -0.707147 0.345414
0.047847 -49.315198 -92.457778 2520.160579 0.750612 0.402177 -0.524248 -0.208237 -0.609001 -0.765346 0.627072 -0.683646 0.373376
0.613075 -61.203260 -141.759487 -3939.387881 0.758639 0.422698 -0.495775 0.081708 0.693226 0.716074 0.646367 -0.583751 0.491371
-2.677338 -66.815909 378.601944 -440.457196 0.358954 0.688378 -0.630307 -0.346492 -0.528775 -0.774816 0.866657 -0.496520 -0.048712
-3.412414 -67.717823 189.092290 -1018.142227 0.385344 0.708522 -0.591191 -0.461462 -0.406843 -0.788373 0.799102 -0.576606 -0.170181
-2.891414 -71.594358 136.245247 -402.376633 0.364216 0.702891 -0.610975 -0.364519 -0.496106 -0.788039 0.857014 -0.509728 -0.075527
-3.351165 -62.992443 123.024713 -516.217837 0.369471 0.678538 -0.634884 -0.368454 -0.520249 -0.770443 0.853073 -0.518582 -0.057793
-2.207665 -68.164858 270.871237 1097.126284 0.344928 0.664196 -0.663226 -0.241365 -0.620065 -0.746500 0.907065 -0.417568 0.053565
-2.428433 -63.031303 136.993610 867.240631 0.352538 0.647775 -0.675355 -0.250663 -0.629950 -0.735072 0.901601 -0.428427 0.059708
5.848878 -67.191753 -171.695144 -4529.965037 0.007566 0.704605 -0.709560 0.946792 0.223271 0.231806 0.321756 -0.673560 -0.665425
8.057978 -56.680364 -547.507405 -6319.432718 -0.035184 0.688419 -0.724459 0.986390 0.140424 0.085533 0.160614 -0.711590 -0.683990
5.449324 -57.350827 -762.481226 -4752.556802 -0.035395 0.660502 -0.749989 0.967100 0.211813 0.140898 0.251921 -0.720328 -0.646269
-12.277288 -41.261357 1596.413066 2337.598559 -0.212121 -0.561464 0.799851 0.262169 0.755779 0.600055 -0.941420 0.336980 -0.013118
-11.948828 -38.516061 1829.257621 4215.208452 -0.202966 -0.618334 0.759255 0.226592 0.724688 0.650756 -0.952607 0.304123 -0.006977
-12.558495 -28.410483 1394.801616 3967.596914 -0.133594 -0.430630 0.892586 0.365481 0.815768 0.448270 -0.921182 0.386109 0.048405
-8.524614 -41.770396 6420.804252 -1077.681435 -0.120427 -0.401337 0.907979 0.411262 0.812286 0.413587 -0.903527 0.423224 0.067234
-10.986408 -56.135441 -1468.170512 -5234.181377 -0.289298 -0.555943 0.779252 0.250669 0.741657 0.622182 -0.923835 0.375331 -0.075202
-0.092122 -142.136953 3810.800253 62.341725 0.335591 0.680881 -0.650984 0.663113 0.320086 0.676629 -0.669074 0.658746 0.344083
8.659600 -145.215837 -4435.320803 8039.895561 -0.338042 -0.676918 0.653843 0.809906 0.144620 0.568452 -0.479354 0.721711 0.499352
8.015769 -137.868337 -7633.830733 -217.477433 -0.373241 -0.681666 0.629304 0.648359 0.293515 0.702480 -0.663567 0.670209 0.332413
-0.371359 -140.871165 1069.493678 7563.401968 -0.266608 -0.700314 0.662179 0.747574 0.283381 0.600690 -0.608321 0.655176 0.447985
-1.433097 -129.453894 3300.706619 -11839.720224 0.332211 0.683248 -0.650237 0.465923 0.480531 0.742971 -0.820092 0.549784 0.158703
-7.253760 -135.292141 -1658.769017 -7203.735097 0.252038 0.693616 -0.674814 0.544392 0.474897 0.691455 -0.800072 0.541636 0.257907
15.901819 -99.695379 -4173.134311 -11087.748826 0.272574 0.817744 -0.506950 0.299803 0.428480 0.852363 -0.914233 0.384317 0.128370
15.143948 -85.529347 -3431.437018 -4883.576331 0.262604 0.797577 -0.543056 0.203100 0.504511 0.839178 -0.943287 0.330666 0.029501
15.459563 -86.150820 -932.978290 -4936.019917 0.286613 0.764351 -0.577600 0.193014 0.544462 0.816276 -0.938402 0.345440 -0.008519
17.818949 -104.036034 1216.387637 -12486.977164 0.310663 0.778090 -0.545953 0.303430 0.463140 0.832726 -0.900788 0.424355 0.092215
13.384492 -94.786843 2679.518074 -9756.556154 0.322370 0.735267 -0.596205 0.215405 0.556327 0.802559 -0.921780 0.387146 -0.020963
9.092050 -81.610260 2048.631670 -4814.013754 0.311222 0.726820 -0.612269 0.078437 0.622422 0.778742 -0.947095 0.290386 -0.136702
38.119908 -134.887514 -5553.878229 20115.752619 0.463233 0.382674 -0.799360 0.367006 0.738162 0.566059 0.806673 -0.555587 0.201497
33.760119 -93.152509 -6735.157018 18831.155162 0.447160 0.341896 -0.826532 0.212412 0.857038 0.469432 0.868866 -0.385477 0.310611
40.876396 -97.304560 -2417.014460 13834.808972 0.388990 0.429886 -0.814791 0.258450 0.798006 0.544417 0.884246 -0.422355 0.199312
17.576021 -23.863154 -1698.064716 -984.853256 -0.269575 -0.330248 0.904580 0.192534 0.901906 0.386649 -0.943536 0.278393 -0.179547
20.282324 -21.556946 -1138.625287 -620.387302 -0.202668 -0.293802 0.934134 0.222138 0.915268 0.336063 -0.953719 0.275616 -0.120231
22.945900 -13.045893 -2361.207026 -3743.394803 -0.246707 -0.253221 0.935422 0.100578 0.953355 0.284602 -0.963857 0.164296 -0.209731
17.444995 -13.289529 -1467.098107 -4413.252649 -0.300021 -0.343007 0.890131 0.054154 0.925489 0.374884 -0.952394 0.160677 -0.259091
12.700729 -25.662013 -784.672027 -1347.397369 -0.314585 -0.392855 0.864119 0.156400 0.876444 0.455396 -0.936256 0.278409 -0.214274
7.838752 -15.500422 1488.908432 -746.277810 0.680322 0.155118 -0.716310 0.451750 0.680863 0.576495 -0.577134 0.715796 -0.393132
12.826124 -17.288952 1751.777847 -595.780519 0.686410 0.213492 -0.695171 0.413370 0.671934 0.614516 -0.598303 0.709173 -0.372970
6.456228 -12.989686 1533.002136 -689.024751 0.715216 0.211184 -0.666233 0.359106 0.706757 0.609538 -0.599590 0.675200 -0.429647
2.388630 -11.474606 580.385324 -637.799868 0.680362 0.155748 -0.716136 0.422332 0.715273 0.556795 -0.598952 0.681269 -0.420867
3.512853 -14.271267 540.502273 -723.276800 0.647265 0.112022 -0.753989 0.496264 0.688876 0.528368 -0.578594 0.716171 -0.390292
-12.581579 -31.605223 -640.035043 1028.941667 0.073098 0.187386 0.979563 0.314335 0.927802 -0.200941 -0.946494 0.322599 0.008919
-11.379352 -29.318597 -1047.553004 980.131860 0.021173 0.056961 0.998152 0.475077 0.877884 -0.060176 -0.879690 0.475473 -0.008473
-10.994939 -28.780675 -37.899334 780.675033 0.044895 0.142285 0.988807 0.365366 0.918892 -0.148814 -0.929781 0.367958 -0.010732
1.690362 -80.926496 -138.861579 7221.713505 0.553611 0.611136 -0.565710 0.315389 0.474843 0.821616 -0.770743 0.633275 -0.070133
1.175062 -87.891849 -204.372155 5459.565303 0.558844 0.608157 -0.563771 0.136400 0.603168 0.785864 -0.817978 0.516074 -0.254125
2.947506 -76.985411 -340.391113 8367.853063 0.548718 0.598955 -0.583233 0.311718 0.500748 0.807517 -0.775719 0.624904 -0.088064
3.544029 -72.162982 -223.213198 4808.349650 0.538486 0.577008 -0.614080 0.465102 0.404164 0.787612 -0.702647 0.709728 0.050731
2.701409 -77.816792 -192.532711 6128.885761 0.543795 0.611485 -0.574782 0.460692 0.354965 0.813488 -0.701463 0.707168 0.088678
-493.121455 -2242.393504 -213011.282031 930594.151098 0.881515 -0.143043 0.449967 0.207946 -0.737983 -0.641981 -0.423899 -0.659484 0.620798
-646.960022 -2301.908480 -156440.336485 -1007271.082427 0.722592 -0.618930 0.307875 0.455575 0.761346 0.461308 -0.519917 -0.193077 0.832111
-731.626813 -7246.385171 -205104.012275 4402466.155676 0.871275 -0.387820 0.300792 -0.009344 -0.625864 -0.779877 -0.490706 -0.676676 0.548923
-613.384994 -1500.980056 -242448.618930 -203674.525076 0.850569 -0.405913 0.334315 0.319831 0.903961 0.283837 -0.417421 -0.134499 0.898705
-1565.319553 -2078.353819 -898230.688954 -590084.829423 0.923372 -0.021037 0.383330 0.209950 -0.808282 -0.550091 -0.321411 -0.588419 0.741928
15.424882 -110.747995 -814.461200 -1572.064043 0.564127 0.527682 -0.635069 0.334973 0.556741 0.760153 0.754688 -0.641554 0.137313
11.780227 -105.104779 -361.754051 9780.134303 0.553403 0.521957 -0.649081 -0.549150 -0.357277 -0.755505 0.626243 -0.774541 -0.088914
11.850899 -100.078660 -627.436837 3713.469168 0.620395 0.503616 -0.601232 -0.356828 -0.501410 -0.788202 0.698415 -0.703533 0.131368
15.025422 -104.136972 -1026.010638 5980.424367 0.638040 0.514302 -0.573060 0.119112 0.669350 0.733337 0.760734 -0.536157 0.365813
8.575013 -83.779890 -357.690150 4231.539640 0.657227 0.464779 -0.593324 -0.387656 -0.466651 -0.794959 0.646355 -0.752474 0.126521
8.933155 -89.121229 -501.685832 953.443139 0.674725 0.494471 -0.547946 0.168197 0.619857 0.766477 0.718648 -0.609324 0.335065
2.253326 -42.110341 2013.253660 4667.510013 0.665650 0.388570 -0.637121 0.485888 0.422325 0.765215 -0.566412 0.818935 -0.092319
-3.167788 -79.937191 2205.171538 17164.961730 0.643752 0.347543 -0.681760 0.487266 0.500789 0.715390 -0.590047 0.792732 -0.153037
-16.445928 -52.546844 -4321.036484 7533.897460 -0.584108 -0.288189 0.758792 0.605696 0.467556 0.643834 -0.540324 0.835666 -0.098548
5.596740 -63.931077 830.242569 14137.852170 0.664079 0.422934 -0.616544 0.416156 0.475988 0.774758 -0.621139 0.771079 -0.140087
-6.491965 -33.785384 4137.877690 2090.003687 0.668246 0.357771 -0.652263 0.540008 0.369789 0.756073 -0.511701 0.857471 -0.053911
8.052975 -30.701712 727.298694 -562.556058 0.679761 0.442929 -0.584584 0.462853 0.359221 0.810387 -0.568939 0.821446 -0.039173
8.954320 -36.852161 83.120839 626.266212 0.671487 0.475232 -0.568560 0.394476 0.420267 0.817169 -0.627292 0.773001 -0.094736
2.323167 -96.062352 768.991421 -23846.255435 0.786480 0.434950 0.438483 -0.523141 0.846520 0.098626 -0.328287 -0.306956 0.893312
4.363549 -191.957020 174.632698 -47763.223795 0.812964 0.371422 0.448482 -0.405848 0.913699 -0.021023 -0.417586 -0.164924 0.893545
-0.129901 -80.746800 484.879349 -19883.991048 0.804930 0.399074 0.439121 -0.485436 0.868470 0.100560 -0.341233 -0.294109 0.892782
-3.114725 -67.930349 517.700278 -18331.623753 0.819105 0.367367 0.440577 -0.460261 0.879288 0.122523 -0.342383 -0.303140 0.889314
-3.410921 -35.949694 448.645414 6033.996273 0.776462 0.438937 0.452151 0.543521 -0.829573 -0.128039 -0.318890 -0.345171 0.882704
28.972752 -16.809419 4612.889929 60.052153 0.358129 0.393019 -0.846923 -0.464693 0.861790 0.203418 0.809817 0.320709 0.491265
29.611197 -16.414748 5216.026743 226.350128 0.308389 0.452865 -0.836546 -0.448349 0.844801 0.292052 0.838975 0.284999 0.463569
35.180556 -19.319129 1390.758699 485.438976 0.494402 0.466272 -0.733592 -0.440734 0.861892 0.250789 0.749213 0.199328 0.631623
-30.255155 -48.156680 19.110966 -1822.248627 -0.019430 0.708914 -0.705027 0.983750 0.139441 0.113099 0.178488 -0.691373 -0.700104
-25.247091 -45.931173 -908.231806 -950.125722 -0.318562 0.686106 -0.654047 0.937955 0.327857 -0.112916 0.136961 -0.649437 -0.747979
-23.728782 -41.788366 -347.245567 -1988.091875 -0.519515 0.663538 -0.538350 0.853868 0.426631 -0.298155 0.031840 -0.614576 -0.788215
30.293731 -40.574565 1313.926537 3008.889939 0.021348 -0.370990 0.928392 -0.554261 0.768446 0.319820 -0.832069 -0.521399 -0.189220
24.153074 -37.818280 431.461847 2483.893796 0.097189 -0.373587 0.922490 -0.643811 0.683236 0.344523 -0.758988 -0.627392 -0.174116
41.455360 -24.244473 5867.739213 -868.769175 0.010245 0.258676 -0.965910 0.739519 -0.652142 -0.166804 -0.673058 -0.712599 -0.197977
24.117417 -36.068544 631.403586 -876.097988 0.054217 0.281333 -0.958077 0.745959 -0.649241 -0.148432 -0.663782 -0.706638 -0.245063
22.197530 -45.671852 1545.939046 3206.866298 -0.042621 -0.320645 0.946240 -0.673341 0.708912 0.209894 -0.738103 -0.628196 -0.246118
-11.902439 -23.194932 -4401.918119 1760.140388 0.215827 0.294683 -0.930903 0.872439 -0.486328 0.048322 -0.438485 -0.822586 -0.362056
26.400948 -9.902070 3317.846482 254.449850 0.132622 0.985404 -0.106726 -0.650378 0.005263 -0.759592 0.747944 -0.170151 -0.641583
18.417163 -13.136988 3835.312496 788.834063 0.077045 0.975702 -0.205108 -0.631959 -0.111326 -0.766964 0.771162 -0.188711 -0.608027
8.345571 -14.820921 -869.781282 383.563859 0.221656 0.971679 -0.081909 -0.553351 0.056174 -0.831052 0.802914 -0.229532 -0.550130
-0.284204 -45.015790 2210.906411 6460.704632 0.709640 0.678411 -0.190184 -0.476339 0.660855 0.579976 -0.519146 0.320982 -0.792122
4.439994 -37.201399 -4227.586245 5273.220707 -0.787233 -0.545490 0.287585 -0.290180 0.739197 0.607769 -0.544114 0.395005 -0.740211
11.937509 -52.527090 -4660.373809 6588.917444 -0.767298 -0.583597 0.265835 -0.396431 0.757491 0.518700 -0.504079 0.292613 -0.812577
49.695273 -23.756021 -3992.535251 338.052636 0.435707 -0.024829 -0.899746 0.591840 0.761039 0.265601 0.678148 -0.648230 0.346285
36.565412 -25.647362 -8434.767213 206.655379 0.554448 -0.182655 -0.811927 0.577797 0.786640 0.217599 0.598948 -0.589776 0.541688
4.974553 -99.239919 -495.871534 5844.394129 -0.013587 0.205353 -0.978594 0.863284 0.496235 0.092146 0.504535 -0.843553 -0.184020
2.977726 -107.943240 -319.524376 3537.239890 -0.035506 0.205767 -0.977957 0.968741 0.247498 0.016904 0.245521 -0.946787 -0.208122
15.128537 -24.464571 5294.312407 471.856250 0.050030 0.322528 -0.945237 0.562248 0.773112 0.293555 0.825454 -0.546144 -0.142662
39.597958 -23.941314 9351.968702 1110.272951 0.034029 0.305402 -0.951615 0.532466 0.800238 0.275861 0.845767 -0.516090 -0.135385
4.270993 -12.138403 764.678733 340.044334 -0.510347 -0.090471 -0.855196 0.128956 0.975155 -0.180117 0.850245 -0.202205 -0.486001
5.050444 -14.856354 155.216655 1273.533744 -0.492279 -0.107652 -0.863755 0.126501 0.972939 -0.193357 0.861196 -0.204451 -0.465340
4.460617 -10.476314 1350.003772 566.152553 -0.511047 -0.273812 -0.814775 0.005714 0.946802 -0.321766 0.859534 -0.169093 -0.482296
5.614441 -16.151570 312.530274 1266.996849 -0.495134 0.005645 -0.868798 0.213112 0.970218 -0.115150 0.842274 -0.242166 -0.481591
2.172545 -7.642654 1160.213440 711.871941 -0.518147 -0.195545 -0.832638 0.041175 0.966682 -0.252648 0.854300 -0.165193 -0.492832
2.241027 -10.737628 261.072258 189.505061 -0.497418 0.036078 -0.866761 0.178257 0.982065 -0.061421 0.849000 -0.185058 -0.494928
4.179982 -13.912971 396.766782 130.560134 -0.500628 0.049342 -0.864255 0.220425 0.972732 -0.072149 0.837128 -0.226623 -0.497853
4.737739 -64.982104 -175.537889 -1286.228112 0.156666 0.250347 -0.955396 -0.056755 0.968025 0.244350 0.986020 0.015942 0.165865
3.661939 -57.916878 247.106811 -1279.783399 0.115359 0.215636 -0.969636 0.174871 0.956498 0.233519 0.977810 -0.196500 0.072632
3.911691 -57.422423 70.050424 -1155.717223 0.152965 0.229658 -0.961176 0.191541 0.947288 0.256822 0.969491 -0.223389 0.100913
-0.905875 -26.767147 -245.144351 -36.411984 -0.329194 0.921967 -0.203981 0.759954 0.130469 -0.636748 0.560447 0.364630 0.743602
337.437411 -23.854972 -73586.402270 -1064.479242 0.228995 0.706327 -0.669824 -0.691713 -0.366082 -0.622509 0.684905 -0.605877 -0.404744
-1.743433 -105.742686 -715.180718 4415.636983 0.173049 0.724185 0.667540 0.932193 -0.339201 0.126328 0.317915 0.600415 -0.733779
8.138890 -37.843212 -1017.570873 -4382.564441 0.009627 0.598148 0.801327 0.121652 0.794712 -0.594672 -0.992526 0.103208 -0.065115
9.496290 -47.500945 -39.182592 -7897.350800 0.037472 0.585004 0.810164 0.214068 0.787214 -0.578333 -0.976100 0.195102 -0.095732
13.744541 -35.755988 -2406.188638 -6706.696636 0.021802 0.621616 0.783019 0.089910 0.778812 -0.620780 -0.995711 0.083936 -0.038910
14.428315 -35.227225 -5515.863948 2106.005711 0.002560 0.675678 0.737192 0.083174 0.734496 -0.673496 -0.996532 0.063040 -0.054318
20.573441 -31.488828 -6009.562191 1876.268087 0.029492 0.688002 0.725109 0.080428 0.721439 -0.687791 -0.996324 0.078604 -0.034058
19.586217 -30.738627 -4086.319866 -7349.635251 0.038399 0.675321 0.736524 0.064209 0.733877 -0.676241 -0.997197 0.073258 -0.015181
21.388097 -0.143550 2109.611057 -287.601324 0.344713 0.794591 0.499798 -0.403467 -0.355328 0.843182 -0.847577 0.492308 -0.198106
-3.218300 -75.244279 -39.772969 -1655.406792 0.078789 0.673356 0.735108 0.767732 -0.511367 0.386125 -0.635909 -0.533944 0.557246
-3.512982 -80.615087 133.406129 -1195.242379 -0.066170 -0.672304 -0.737312 0.880901 -0.386423 0.273297 -0.468653 -0.631414 0.617803
-3.223499 -77.926352 -16.083223 -3231.061151 0.075587 0.690951 0.718939 0.780466 -0.489742 0.388620 -0.620612 -0.531733 0.576282
47.245292 -11.398336 -3170.703598 -12683.835865 0.753907 0.456946 0.472043 0.656943 -0.532128 -0.534103 -0.007131 -0.712769 0.701363
68.740738 -1497.896170 7939.091090 709096.616173 -0.047805 -0.696462 -0.716000 0.927507 0.235103 -0.290614 0.370736 -0.677988 0.634735
25.696480 -940.358981 -10628.462950 -38914.109736 -0.022662 -0.683535 -0.729566 0.952908 0.205974 -0.222577 0.302410 -0.700254 0.646678
19.578892 -962.904411 -895.907361 277089.347417 0.001421 0.702086 0.712091 0.653146 0.538566 -0.532303 0.757230 -0.465856 0.457800
11.434038 -1257.527590 5609.820720 659820.654070 -0.073441 0.682131 0.727533 0.611343 0.607161 -0.507559 0.787951 -0.407496 0.461606
44.362907 -1153.452178 11273.968647 -201965.804797 -0.077963 0.638725 0.765475 0.802589 0.495693 -0.331872 0.591415 -0.588488 0.551280
150.133009 -1475.782527 -85712.416029 -583738.279277 0.189960 -0.636795 -0.747266 0.979740 0.073765 0.186196 -0.063447 -0.767496 0.637906
-102.963015 -1555.219544 -19266.955543 -859156.834020 0.511709 -0.508907 -0.692219 0.854464 0.217334 0.471865 -0.089693 -0.832934 0.546055
