17093
34170
-38.466933 -62.501696 1375.318186 3759.781712 0.239813 0.733757 -0.635681 0.702713 -0.582984 -0.407828 0.669839 0.348899 0.655428
-42.393811 -63.607368 2428.756679 8090.693043 0.062341 0.898957 -0.433577 0.702567 -0.348081 -0.620677 0.708882 0.265923 0.653278
-32.384216 -52.334488 862.738195 -4143.076953 0.334468 0.639222 -0.692478 -0.572437 0.721511 0.389535 0.748630 0.266113 0.607237
-33.500228 -47.537888 904.274657 6379.612639 0.284416 0.752232 -0.594352 0.550095 -0.635794 -0.541444 0.785177 0.172954 0.594629
-31.029638 -54.871627 -688.506094 -4123.009718 0.375280 0.530655 -0.759980 -0.568669 0.779280 0.263321 0.731970 0.333358 0.594216
-26.719466 -43.868320 33.207491 -2861.269890 0.461386 0.362200 -0.809898 -0.380003 0.905573 0.188506 0.801699 0.220790 0.555455
21.061812 -94.804221 -4575.296023 2984.671089 0.464655 0.879923 0.099149 0.060083 0.080383 -0.994952 0.883451 -0.468266 0.015518
32.605450 -91.352799 -3686.536935 3290.397133 0.410606 0.896779 0.164897 -0.054472 0.204648 -0.977319 0.910184 -0.392310 -0.132879
22.581491 -95.257540 -4254.080415 5207.331619 0.476634 0.877961 0.044764 -0.140484 0.126335 -0.981990 0.867804 -0.461761 -0.183555
11.470638 -97.970969 -3015.805501 8135.695505 0.506881 0.861798 -0.019377 -0.083009 0.026425 -0.996198 0.858010 -0.506562 -0.084932
12.279151 -99.506878 -3743.131525 3359.371454 0.502360 0.864304 0.024759 0.063637 -0.008401 -0.997938 0.862313 -0.502900 0.059222
21.390092 -25.124919 8220.699283 -1301.399725 0.747056 0.599699 -0.286826 -0.223828 0.633196 0.740921 0.625946 -0.489309 0.607262
18.037405 -24.989893 6377.752550 -648.837690 0.733611 0.638935 -0.231465 0.236047 -0.558981 -0.794872 0.637257 -0.528490 0.560894
45.029772 -26.847824 15088.697884 139.210758 0.724807 0.655483 -0.212123 0.280746 -0.562178 -0.777906 0.629155 -0.504279 0.591496
45.484526 -27.790892 16187.559365 -1577.228159 0.735814 0.617867 -0.277162 -0.255734 0.632514 0.731113 0.627039 -0.467083 0.623422
48.833534 -31.768050 17034.871063 -2107.371921 0.742697 0.600067 -0.297190 -0.267205 0.672524 0.690154 0.614006 -0.433164 0.659822
12.510616 -27.916721 8617.339562 -3080.533170 0.755490 0.542443 -0.367411 -0.181700 0.712274 0.677975 0.629460 -0.445445 0.636678
-11.775595 -24.051001 -2061.106107 3851.457033 0.709912 0.698832 -0.087515 -0.637069 0.690157 0.343258 -0.300278 0.187930 -0.935155
-15.490056 -32.532294 2372.941054 2998.199568 -0.730794 -0.677494 0.083321 -0.637966 0.721317 0.269631 -0.242774 0.143889 -0.959352
-10.301394 -33.316455 2305.775106 3038.272979 -0.779085 -0.610473 0.142653 -0.566631 0.783055 0.256427 -0.268247 0.118947 -0.955979
-7.782617 -15.409945 2915.000259 5150.212787 -0.768990 -0.621546 0.149450 -0.535885 0.754238 0.379412 -0.348542 0.211676 -0.913078
-10.264107 -13.520271 -458.020066 4517.868995 0.434145 0.898347 0.067013 -0.835743 0.373890 0.402170 -0.336233 0.230606 -0.913109
-6.127448 -23.714184 1969.661884 4542.399372 -0.812501 -0.554140 0.181027 -0.481513 0.812978 0.327432 -0.328614 0.178872 -0.927371
-14.399419 -28.888751 -611.445354 1791.151413 -0.800851 -0.592318 -0.088302 -0.587520 0.805657 -0.075745 0.116006 -0.008781 -0.993210
-16.353318 -28.990203 -445.620818 1237.188274 -0.777305 -0.627670 -0.042748 -0.623745 0.777744 -0.077821 0.082093 -0.033826 -0.996050
-15.453068 -24.513619 -548.569250 1953.003407 -0.721915 -0.688654 -0.067778 -0.688593 0.724607 -0.027997 0.068393 0.026460 -0.997308
-13.574249 -25.626892 -574.925985 1762.561962 -0.775402 -0.622062 -0.108582 -0.621117 0.782338 -0.046488 0.113867 0.031395 -0.993000
-7.541791 -43.848090 -185.056367 -264.368792 -0.549375 -0.786166 0.283071 0.751993 -0.317496 0.577670 -0.364271 0.530225 0.765616
-8.291468 -46.185397 -396.142964 -142.864404 -0.573227 -0.770622 0.278482 0.712286 -0.300634 0.634247 -0.405043 0.561926 0.721234
-8.497358 -46.686882 262.296529 -577.002865 -0.557797 -0.786496 0.265116 0.704126 -0.279320 0.652829 -0.439396 0.550821 0.709597
-8.096439 -43.349091 -687.495680 1237.398571 -0.580365 -0.759196 0.294615 0.752279 -0.361271 0.550963 -0.311853 0.541392 0.780796
-8.071544 -45.198932 178.830469 -274.201361 -0.557743 -0.791253 0.250681 0.743493 -0.342014 0.574669 -0.368972 0.506897 0.779048
-7.635926 -44.046138 -149.462721 1375.527127 -0.577817 -0.772605 0.263075 0.770893 -0.410775 0.486814 -0.268050 0.484092 0.832949
-4.738962 -47.472964 -880.560017 -739.611347 0.598692 0.786551 -0.151344 0.428792 -0.155134 0.889984 -0.676539 0.597722 0.430144
-3.754348 -46.570795 -1269.634931 -1165.606934 0.588908 0.795683 -0.141690 0.378666 -0.116765 0.918138 -0.714002 0.594353 0.370062
-2.068569 -46.160928 -1662.581209 241.212175 0.571166 0.805545 -0.157694 0.463132 -0.157647 0.872156 -0.677701 0.571179 0.463116
-4.485436 -46.626956 -1378.960278 1430.995824 0.577346 0.798458 -0.170693 0.518707 -0.197225 0.831892 -0.630566 0.568830 0.528033
2.182627 -79.964132 -1611.245800 -887.695902 -0.700437 -0.634504 0.326790 -0.479052 0.757370 0.443735 -0.529053 0.154259 -0.834451
1.923019 -77.469153 -1017.826101 3639.823822 -0.678036 -0.662314 0.318758 -0.373657 0.684038 0.626476 -0.632967 0.305668 -0.711281
3.646773 -76.892154 -1410.061977 1547.852004 -0.688758 -0.646245 0.328603 -0.417096 0.723941 0.549491 -0.592995 0.241408 -0.768166
-7.603947 -67.217534 1458.741788 478.252667 0.553172 0.784786 -0.279485 0.068380 -0.377131 -0.923632 0.830256 -0.491816 0.262282
-2.550305 -71.458294 1778.193277 2997.672533 0.537753 0.795556 -0.279130 0.173607 -0.428466 -0.886723 0.825035 -0.428379 0.368523
-6.995113 -70.500801 1320.015125 2791.739451 0.552713 0.787499 -0.272680 0.191620 -0.438525 -0.878053 0.811043 -0.433061 0.393279
-9.843067 -70.802587 1113.988331 1500.130705 0.566507 0.779223 -0.268109 0.171505 -0.429716 -0.886527 0.806012 -0.456241 0.377078
-2.079884 -51.559577 -42.805008 1090.260165 0.640549 0.761618 -0.098158 0.414655 -0.235456 0.878989 -0.646342 0.603737 0.466630
-1.768299 -53.450725 26.459569 2715.380385 0.641093 0.762725 -0.085146 0.346453 -0.188623 0.918908 -0.684814 0.618605 0.385173
-2.646877 -51.348579 -179.620161 1156.669239 0.642036 0.762589 -0.079043 0.397917 -0.243327 0.884564 -0.655325 0.599375 0.459672
-1.202045 -52.846339 187.410495 2410.083776 0.640245 0.760499 -0.108297 0.363974 -0.176181 0.914595 -0.676468 0.624982 0.389601
-2.035242 -43.213043 5788.701008 -590.807850 -0.614754 -0.440268 -0.654402 0.700951 0.075401 -0.709212 0.361586 -0.894695 0.262253
-12.058854 -46.440198 5767.316809 -473.374352 -0.536946 -0.449281 -0.714028 0.751174 0.130601 -0.647056 0.383963 -0.883793 0.267363
8.879354 -40.985897 -9335.764157 44.049876 0.732606 0.423437 0.532907 0.617614 -0.084478 -0.781932 0.286080 -0.901978 0.323409
-8.273244 -42.550744 3955.513576 -161.067976 -0.534206 -0.439828 -0.721925 0.716443 0.217731 -0.662799 0.448703 -0.871289 0.198798
6.685869 -37.518059 -5795.777881 -295.414458 0.715043 0.449743 0.535206 0.594282 0.012134 -0.804165 0.368161 -0.893076 0.258598
11.277829 -43.156983 -571.529996 -1106.497656 0.672911 0.578914 -0.460488 -0.599991 0.063035 -0.797520 0.432669 -0.812948 -0.389760
17.360109 -44.160506 147.769479 -626.668739 0.689022 0.564335 -0.454724 -0.542826 -0.013868 -0.839730 0.480196 -0.825429 -0.296780
14.815643 -42.085808 1913.983755 -7.331489 0.620946 0.599777 -0.504672 -0.608675 -0.036736 -0.792569 0.493904 -0.799324 -0.342258
11.506555 -46.275062 -2246.407156 -930.192255 0.748344 0.538134 -0.387805 -0.522588 0.118250 -0.844345 0.408513 -0.834523 -0.369714
130.891286 -44.952723 18726.318968 4588.521461 0.437982 0.722558 -0.534867 -0.239724 0.667296 0.705158 -0.866432 0.180626 -0.465478
456.323443 -48.524627 148833.168861 -4905.865487 0.548459 0.794647 -0.260248 -0.353990 0.502624 0.788708 -0.757551 0.340449 -0.556966
228.082220 -28.583564 37878.332082 4959.204890 0.294083 0.827755 -0.477846 -0.160293 0.535587 0.829128 -0.942243 0.167237 -0.290191
138.130581 -22.508503 -1374.861677 4961.685467 0.091779 0.808601 -0.581155 -0.233733 0.584806 0.776769 -0.967959 -0.064544 -0.242670
111.983062 -41.919499 -7144.204926 -2422.232257 -0.361797 -0.685206 0.632136 -0.397518 0.726726 0.560222 -0.843257 -0.048599 -0.535309
2.005938 -88.973278 671.594609 4097.946200 -0.551889 -0.772288 0.314626 0.744783 -0.286757 0.602551 -0.375122 0.566870 0.733445
1.094966 -87.141395 507.133486 7110.092228 -0.541684 -0.777310 0.319949 0.732034 -0.249139 0.634078 -0.413164 0.577684 0.703973
1.981363 -99.464819 921.198566 10172.429264 -0.516965 -0.789165 0.331612 0.688551 -0.153205 0.708820 -0.508571 0.594766 0.622582
11574.306983 -6526.646954 3751784.601643 -2578266.774554 -0.298228 0.693145 0.656209 0.456815 -0.499995 0.735748 -0.838081 -0.519187 0.167526
983.004345 -429.561733 214381.683635 -211394.936250 -0.368702 0.698921 -0.612836 -0.181458 0.592483 0.784880 -0.911664 -0.400591 0.091625
774.115601 -17.671775 308122.113550 -11486.803652 0.873399 0.147259 -0.464207 -0.417836 -0.263063 -0.869604 0.250173 -0.953474 0.168229
1151.445677 -54.543193 421125.507876 -11935.672220 0.916111 0.041409 -0.398780 -0.389542 -0.143389 -0.909778 0.094854 -0.988800 0.115230
429.268549 -7.703845 129677.969232 -5351.120672 0.931900 -0.300073 -0.203760 -0.245699 -0.108993 -0.963199 -0.266822 -0.947669 0.175299
-7.892217 -128.437659 296.877667 -3421.055901 0.996542 -0.033660 0.075966 0.078784 0.673270 -0.735187 0.026399 -0.738630 -0.673594
-7.184824 -121.111081 154.602463 -2780.354725 0.997172 -0.050507 0.055653 0.074813 0.737624 -0.671054 0.007158 -0.673320 -0.739317
-8.517347 -128.534043 350.765999 -981.152393 0.994901 -0.058181 0.082384 0.093395 0.839821 -0.534769 0.038074 -0.539736 -0.840973
-8.666267 -136.349730 196.053874 -1190.673684 0.994736 -0.041454 0.093712 0.088094 0.813089 -0.575436 0.052342 -0.580662 -0.812460
-8.758666 -139.071213 -263.782270 -1274.885248 0.997407 -0.028516 0.066078 0.069589 0.616302 -0.784429 0.018355 -0.786993 -0.616688
-8.721861 -219.867835 -13.817772 35099.243535 0.999126 0.019517 -0.036957 -0.038677 0.096642 -0.994568 0.015839 -0.995128 -0.097312
-8.003526 -151.153428 296.191842 15179.926849 0.999122 0.016985 0.038298 0.029525 0.363097 -0.931283 0.029723 -0.931597 -0.362277
-8.269593 -178.764397 197.392277 24198.324436 0.999654 0.026281 -0.000656 -0.005562 0.187038 -0.982337 0.025694 -0.982001 -0.187120
-8.697236 -251.561409 -1783.453366 43771.303796 0.998443 -0.004476 -0.055607 -0.055720 -0.128902 -0.990091 0.002736 -0.991647 0.128950
18.427964 -93.691394 -1576.926411 5254.233646 -0.378551 0.885106 0.270715 -0.667761 -0.058630 -0.742063 0.640933 0.461682 -0.613233
22.544225 -86.071641 -1064.984136 3123.213680 -0.544763 0.823539 0.158168 -0.557242 -0.214550 -0.802153 0.626669 0.525121 -0.575789
7.084888 -82.077132 823.126220 7454.866066 -0.459570 0.854830 0.240960 -0.746656 -0.224950 -0.626021 0.480937 0.467615 -0.741644
4.966406 -81.375330 1640.134661 -7448.623672 -0.578054 0.800163 0.159979 0.661611 0.344834 0.665853 0.477625 0.490743 -0.728729
5.468282 -85.508987 -922.750880 9536.869453 -0.312623 0.896126 0.315001 -0.826515 -0.093197 -0.555147 0.468124 0.433905 -0.769797
-4.490883 -66.542232 898.401274 -6855.022564 -0.387584 0.875147 0.289648 0.863095 0.234142 0.447487 0.323799 0.423433 -0.846085
-7.202739 -67.323094 1644.262471 -6734.638406 -0.507170 0.833888 0.217737 0.784255 0.341776 0.517817 0.357384 0.433383 -0.827319
19.660284 -902.148324 3590.803633 -394327.518845 0.994154 -0.076529 0.076170 -0.033942 0.448185 0.893296 0.102501 0.890659 -0.442967
1.690955 -368.979423 1767.082941 -49493.878697 0.993822 -0.064766 0.090126 -0.070038 0.263955 0.961989 0.086094 0.962358 -0.257788
0.906848 -460.534678 2459.000121 -71689.521674 0.995626 -0.044421 0.082187 -0.083473 -0.027915 0.996119 0.041955 0.998623 0.031501
-8.229326 -399.070613 -3116.385723 -34429.670887 0.987308 -0.026691 0.156560 -0.143267 0.275754 0.950491 0.068542 0.960857 -0.268431
-11.590559 -347.987351 -2735.762905 -25453.336852 0.985676 -0.041083 0.163571 -0.097473 0.652715 0.751307 0.137631 0.756489 -0.639361
-8.190909 -370.960350 -553.202360 -76022.128695 0.990818 -0.053971 0.123963 -0.038334 0.767102 0.640378 0.129655 0.639250 -0.757990
-120.597504 -593.073525 -23041.499420 -210915.055838 0.918894 -0.321244 0.228987 0.063703 0.693653 0.717487 0.389326 0.644707 -0.657858
11.550847 -424.088356 -6804.759703 -141583.733802 0.949088 -0.314990 0.003561 0.155283 0.477657 0.864714 0.274077 0.820137 -0.502252
20.282190 -443.464675 -8760.395380 -165083.620404 0.954931 -0.236093 0.179910 -0.000061 0.605951 0.795502 0.296829 0.759660 -0.578626
35.437759 -712.270515 -98827.020570 -183921.601538 -0.695728 -0.267587 -0.666603 -0.502032 0.844870 0.184820 0.513737 0.463241 -0.722137
48.969671 -240.242450 46776.765038 79765.597349 0.762256 -0.386749 0.519029 -0.282939 0.522114 0.804576 0.582161 0.760146 -0.288558
329.897189 -305.657774 -178200.061541 -44563.999468 -0.209457 0.790753 0.575185 0.914321 -0.050131 0.401875 0.346618 0.610080 -0.712502
-68.151402 -352.082954 10123.369438 -122027.669873 -0.376467 0.834925 0.401462 0.867468 0.165564 0.469135 0.325225 0.524870 -0.786601
9.906120 -114.845446 733.282127 -7938.393536 0.937680 -0.322192 0.130184 0.177437 0.766034 0.617826 0.298784 0.556223 -0.775464
11.255345 -115.899625 168.148678 -6042.559883 0.944190 -0.307811 0.117293 0.188118 0.796178 0.575075 0.270401 0.520916 -0.809648
10.354376 -107.281142 -445.854405 -3095.077561 0.940350 -0.316928 0.123685 0.217218 0.839122 0.498688 0.261835 0.442075 -0.857911
8.188646 -112.569496 1111.605715 -5216.820855 0.931419 -0.332667 0.147622 0.220499 0.838492 0.498309 0.289551 0.431584 -0.854339
6.525634 -23.668591 -146.443720 -3250.523684 -0.644907 0.695964 0.315801 0.735732 0.677199 0.010046 -0.206868 0.238823 -0.948772
9.125407 -15.425799 262.354500 -3219.924460 -0.678427 0.660612 0.321448 0.689864 0.723297 -0.030474 -0.252633 0.201081 -0.946437
5.751914 -19.080068 -1096.817058 -3361.058416 -0.746541 0.601524 0.284334 0.630931 0.775683 0.015562 -0.211192 0.191013 -0.958599
67.199928 -134.927356 18675.539558 -14088.572794 0.463523 0.884097 0.059323 0.865099 -0.466014 0.185564 -0.191702 0.034693 0.980840
32.281881 -115.636575 -7746.738822 4323.438032 -0.477621 -0.877316 -0.046858 0.873646 -0.468633 -0.130866 0.092852 -0.103442 0.990292
68.525437 -134.312572 -16246.943950 7183.241930 -0.362898 -0.922100 -0.134297 0.930483 -0.350849 -0.105385 0.050058 -0.163206 0.985321
107.396057 -152.390916 19117.013521 -14872.505747 0.348297 0.907040 0.236573 0.891411 -0.398560 0.215721 -0.289956 -0.135748 0.947364
-17.814468 -31.671272 -212.892590 672.264239 0.580779 0.791405 -0.190718 0.798756 -0.508786 0.321132 0.157111 -0.338844 -0.927632
-19.402333 -32.397614 -926.240570 894.011751 0.367348 0.882666 -0.293183 0.926784 -0.320854 0.195255 0.078276 -0.343443 -0.935906
-21.085041 -33.234596 -190.504905 666.070404 0.567058 0.799129 -0.199596 0.820791 -0.527957 0.218092 0.068905 -0.287497 -0.955300
-14.859096 -76.919146 562.853924 -1114.696845 -0.623192 -0.673944 0.396776 -0.645157 0.729780 0.226260 -0.442046 -0.114979 -0.889593
-13.704378 -75.197226 182.302447 -638.777395 -0.620329 -0.668324 0.410530 -0.697323 0.709545 0.101421 -0.359072 -0.223358 -0.906189
-14.034703 -76.947130 -291.225061 -1336.376441 -0.612629 -0.672346 0.415495 -0.636581 0.731324 0.244805 -0.468455 -0.114521 -0.876034
-14.249057 -80.993842 75.057534 -2298.193300 -0.610582 -0.680104 0.405769 -0.559259 0.733055 0.387118 -0.560731 0.009438 -0.827944
-15.034360 -76.956200 583.008555 -1659.925233 -0.621492 -0.686324 0.377766 -0.595939 0.727173 0.340699 -0.508531 -0.013384 -0.860940
-2.666752 -27.452663 528.055857 313.048579 0.584218 0.794412 -0.166127 0.651008 -0.336468 0.680425 0.484641 -0.505666 -0.713740
-3.281760 -27.845766 1153.325603 435.584746 0.552158 0.806907 -0.209817 0.659145 -0.268378 0.702496 0.510539 -0.526189 -0.680055
-4.141778 -27.970518 1036.383246 315.172870 0.543845 0.810777 -0.216502 0.695786 -0.291414 0.656476 0.469164 -0.507660 -0.722611
-4.209919 -28.262380 597.065508 351.634419 0.571855 0.800546 -0.179186 0.689547 -0.350735 0.633648 0.444417 -0.485912 -0.752584
-6.117699 -28.782239 767.644302 259.826129 0.521837 0.817363 -0.244140 0.736165 -0.286903 0.612983 0.430984 -0.499604 -0.751431
9.571075 -194.645739 -656.549423 3085.648487 0.727232 0.586832 -0.356036 -0.603284 0.793874 0.076236 0.327385 0.159349 0.931357
14.423056 -216.360456 -4934.471627 -7871.804875 0.752344 0.574934 -0.321605 -0.496480 0.815721 0.296830 0.432997 -0.063648 0.899145
7.056351 -186.728318 -883.607153 -4098.806440 0.743291 0.576328 -0.339654 -0.469249 0.811047 0.349297 0.476785 -0.100247 0.873285
-8.716105 -405.977714 -1636.224004 -137590.400955 -0.040068 0.212280 -0.976387 -0.694452 0.696670 0.179964 0.718423 0.685264 0.119504
-16.903913 -600.458012 9466.987091 189278.635015 0.225071 -0.282097 0.932611 0.755200 -0.554284 -0.349916 0.615642 0.783065 0.088286
-30.360750 -466.508774 4606.980274 130269.050951 0.190441 -0.252237 0.948741 0.872282 -0.399911 -0.281416 0.450395 0.881163 0.143863
-3.321137 -139.025993 -264.655102 -44671.828539 0.000787 0.147425 -0.989073 -0.626415 0.771045 0.114428 0.779490 0.619480 0.092956
-48.839162 -1905.462133 -17097.541221 648630.364835 0.172889 -0.261968 0.949464 0.749673 -0.590231 -0.299361 0.638826 0.763544 0.094345
-7.048350 -89.655356 843.093337 -24464.463643 -0.050671 0.219221 -0.974359 -0.591576 0.779453 0.206134 0.804655 0.586852 0.090190
-154.493403 -419.940391 56916.457471 -130820.792592 -0.175210 0.358977 -0.916753 -0.615737 0.686623 0.386544 0.768225 0.632205 0.100733
27.419332 -950.812432 2249.788599 -303695.624990 -0.426751 -0.015089 -0.904243 0.827876 -0.408967 -0.383886 -0.364013 -0.912424 0.187019
12.068708 -471.177651 -951.752542 -119548.231820 -0.363162 -0.026549 -0.931348 0.918936 -0.175265 -0.353326 -0.153852 -0.984163 0.088047
10.573147 -380.399189 -464.653163 -7722.709343 -0.352710 0.019246 -0.935535 0.919244 0.193986 -0.342577 0.174888 -0.980815 -0.086113
39.091089 -1005.052719 10771.966588 -306670.710145 -0.452454 0.035586 -0.891078 0.806164 -0.410899 -0.425748 -0.381294 -0.910986 0.157224
-4.359003 -56.414805 2016.972737 -516.324082 -0.672308 -0.732879 0.104356 0.735147 -0.644428 0.210408 -0.086954 0.218176 0.972028
-6.690965 -54.794350 1566.300620 116.784299 -0.657050 -0.743222 0.126119 0.749384 -0.625778 0.216392 -0.081905 0.236692 0.968126
-4.293944 -53.655258 2194.424901 1793.624020 -0.655449 -0.747619 0.107020 0.739668 -0.606830 0.290944 -0.152572 0.269858 0.950736
-9.026714 -63.179858 -9199.406031 -9264.692431 0.234134 0.931038 -0.279911 0.293625 0.206750 0.933295 -0.926804 0.300705 0.224969
-5.749312 -77.963754 -15404.670176 -11716.973422 0.257048 0.953720 -0.156025 0.382430 0.047884 0.922743 -0.887510 0.296858 0.352423
-27.526192 -70.946180 -5962.281581 -12735.689959 0.379697 0.913307 -0.147313 0.293875 0.031913 0.955311 -0.877193 0.406021 0.256281
-57.141159 -69.707290 1397.073662 -3037.375411 0.808833 0.565188 0.162334 0.270201 -0.602403 0.751067 -0.522285 0.563625 0.639958
-57.965040 -60.810188 -3040.062605 3518.088951 -0.532233 -0.799541 0.278322 0.739261 -0.278707 0.613038 -0.412579 0.532031 0.739406
-57.011722 -66.144722 913.578440 1201.183513 0.672467 0.708968 -0.212490 0.568300 -0.310682 0.761914 -0.474156 0.633120 0.611830
-54.301682 -70.515551 508.873503 -4467.129440 0.664416 0.738402 -0.115387 0.437813 -0.259428 0.860823 -0.605699 0.622463 0.495650
88.072076 -81.120234 -9275.713903 2736.947420 0.913497 0.404521 0.043416 0.207702 -0.555455 0.805190 -0.349832 0.726521 0.591426
101.322479 -84.618505 -5404.097354 2294.640087 0.962242 0.272175 -0.003225 0.122453 -0.422276 0.898158 -0.243095 0.864641 0.439661
93.547754 -70.532267 -6718.959345 3903.188194 0.973767 0.223067 -0.044932 0.172130 -0.592959 0.786620 -0.148825 0.773719 0.615801
83.802823 -67.375491 -11955.959153 4158.732517 0.930951 0.364954 -0.011788 0.273715 -0.676116 0.684067 -0.241683 0.640060 0.729324
-43.145697 -71.521218 -3145.775033 -7003.134584 0.759254 -0.078132 0.646087 0.061489 0.996938 0.048301 -0.647883 0.003055 0.761734
-29.058509 -59.361709 -8424.689844 -4816.787442 0.664288 0.255243 0.702547 -0.216350 0.965316 -0.146142 -0.715481 -0.054916 0.696470
-31.436183 -53.475130 -11606.718487 -4865.500858 0.637850 0.421591 0.644522 -0.421797 0.891427 -0.165665 -0.644387 -0.166188 0.746422
5.980864 -37.174043 5993.179024 -3612.413164 0.988194 0.119291 0.096138 -0.152751 0.815563 0.558144 0.011825 0.566239 -0.824156
-5.083061 -40.043771 992.591650 -2500.903383 0.996568 -0.060709 -0.056269 0.081458 0.840080 0.536311 -0.014712 0.539054 -0.842142
8.786298 -53.600165 5513.941006 -6285.425745 0.999456 0.022870 0.023745 -0.032740 0.773069 0.633476 0.003869 0.633909 -0.773398
-5.828490 -30.938114 1382.535888 -1740.056262 0.999966 -0.005751 -0.005949 0.007962 0.864627 0.502352 -0.002255 0.502382 -0.864643
27.577415 -49.968808 10997.977756 -6678.464849 0.959267 0.231642 0.161706 -0.282084 0.754304 0.592835 -0.015350 0.614302 -0.788922
20.636253 -37.726034 10209.600416 -3846.675063 0.930230 0.301238 0.209590 -0.366902 0.774989 0.514563 0.007425 0.555561 -0.831443
2.607171 -25.716476 6586.205191 -3276.950892 0.949347 0.255447 0.182997 -0.312690 0.825563 0.469755 0.031078 0.503182 -0.863622
-12.046223 -54.623889 225.152195 3054.741769 -0.021141 -0.485106 0.874200 0.778546 -0.556559 -0.290015 0.627232 0.674473 0.389444
-13.517602 -55.748659 294.268269 3718.395805 0.026848 -0.477278 0.878342 0.755152 -0.566046 -0.330663 0.655000 0.672159 0.345220
-12.549386 -52.472464 -120.347546 1662.371228 0.024395 -0.470620 0.881999 0.832303 -0.479167 -0.278696 0.553784 0.740889 0.380009
-15.510613 -55.555587 904.480034 3332.668945 0.074280 -0.478640 0.874863 0.757987 -0.542981 -0.361423 0.648026 0.689982 0.322470
1.696597 -72.921695 -799.627717 5610.814722 -0.067479 0.624277 -0.778284 0.666102 0.608943 0.430693 -0.742802 0.489353 0.456923
2.660674 -81.297742 729.403152 1638.193432 0.064112 -0.626070 0.777127 0.484187 0.700444 0.524348 -0.872613 0.342657 0.348042
2.529460 -79.672695 -219.831062 2895.346632 0.042565 -0.624649 0.779745 0.516430 0.681859 0.518042 -0.855271 0.380633 0.351611
2.531622 -74.754556 -219.629110 2504.385636 0.045362 -0.616721 0.785874 0.569229 0.662432 0.486993 -0.820927 0.425251 0.381105
1.675287 -74.550884 141.954656 3356.080593 -0.032138 0.623147 -0.781444 0.671830 0.592341 0.444721 -0.740008 0.510705 0.437685
2.430467 -79.067709 -292.410201 4924.630767 0.034668 -0.628193 0.777285 0.464921 0.698608 0.543871 -0.884673 0.342521 0.316279
-2.358380 -109.004992 -32.262072 -6093.664174 0.388306 -0.391671 0.834154 0.328813 0.904488 0.271631 -0.860872 0.168804 0.480004
-2.332580 -110.621316 -341.484359 -3265.299260 0.380846 -0.389899 0.838412 0.258729 0.915462 0.308203 -0.887702 0.099543 0.449528
-3.268587 -100.946498 416.717524 1085.225388 0.410237 -0.349909 0.842181 0.137371 0.936638 0.322239 -0.901574 -0.016503 0.432311
-1.710000 -122.194898 -885.452168 -7993.544844 0.354523 -0.426600 0.832061 0.487568 0.843649 0.224799 -0.797867 0.325990 0.507089
-3.317384 -107.269997 1223.023711 -3029.106938 0.418998 -0.373344 0.827680 0.275397 0.920869 0.275965 -0.865215 0.112312 0.488660
-1.146358 -121.493588 818.047835 -12120.660508 0.388951 -0.416976 0.821491 0.450673 0.863844 0.225094 -0.803499 0.282674 0.523913
6.102991 -70.474090 808.178116 5339.000356 0.127914 0.599518 -0.790073 0.471277 0.664193 0.580298 0.872660 -0.446572 -0.197580
6.280900 -76.312623 856.050520 5621.586369 0.099185 0.560913 -0.821912 0.591803 0.630775 0.501888 0.799957 -0.536190 -0.269387
7.511618 -66.552821 596.981098 4016.854542 0.133264 0.592721 -0.794306 0.487044 0.658836 0.573345 0.863151 -0.463268 -0.200882
-13.024137 -21.536386 -470.379962 3923.760115 0.662640 0.703902 -0.255794 0.705595 -0.701254 -0.101873 0.251086 0.112982 0.961349
-12.604029 -28.064744 -556.379012 4024.797124 0.637027 0.732137 -0.241190 0.745201 -0.664945 -0.050241 0.197161 0.147730 0.969177
-9.991292 -24.565317 -958.512036 -3924.099639 0.696049 0.685443 -0.213735 -0.689426 0.721190 0.067655 0.200517 0.100264 0.974546
-14.718883 -29.787196 -938.839153 3836.167997 0.640982 0.717951 -0.271455 0.739368 -0.672502 -0.032794 0.206098 0.179685 0.961892
-14.502599 -22.254550 -674.389490 4038.715511 0.622114 0.728670 -0.286381 0.732429 -0.670896 -0.115954 0.276624 0.137617 0.951074
0.857483 -94.807203 -51.667999 -3639.068500 0.359984 0.061224 0.930947 0.626813 0.723214 -0.289942 -0.691026 0.687905 0.221970
0.561931 -98.217619 319.838165 167.838982 0.377114 0.078321 0.922849 0.542933 0.788558 -0.288789 -0.750339 0.609952 0.254853
1.844734 -103.157584 194.914975 -5365.787078 0.360280 0.060174 0.930901 0.685789 0.659398 -0.308040 -0.632370 0.749382 0.196301
-6.087271 -41.448379 1368.365955 -1287.136936 0.376490 -0.449243 0.810208 0.924889 0.232535 -0.300845 -0.053249 0.862617 0.503047
-5.128824 -40.311398 694.191925 -2545.661503 0.345460 -0.450471 0.823245 0.935238 0.237596 -0.262445 -0.077376 0.860595 0.503378
-7.937934 -42.977732 273.248404 -4444.323145 0.421665 -0.421261 0.802956 0.906716 0.203800 -0.369232 -0.008100 0.883745 0.467899
-7.967638 -45.591673 -298.430872 -1425.268840 0.411399 -0.410419 0.813822 0.911202 0.206262 -0.356605 -0.021503 0.888263 0.458831
-6.188114 -175.782462 522.565797 -8761.565503 0.631959 -0.040598 0.773938 -0.484237 0.759012 0.435219 0.605097 0.649810 -0.460005
-9.005812 -178.987425 2345.221258 -6485.516600 0.628988 -0.047043 0.775990 -0.538253 0.693874 0.478353 0.560943 0.718558 -0.411118
-6.127456 -186.842692 1289.358608 -3024.327609 0.618781 -0.050770 0.783921 0.680691 -0.463482 -0.567314 0.392136 0.884651 -0.252235
-4.980849 -185.965219 -888.274168 -5139.670030 0.634204 -0.031370 0.772529 -0.599924 0.610331 0.517289 0.487725 0.791525 -0.368254
-4.513881 -184.154928 -571.045819 -4178.295783 0.623158 -0.029107 0.781554 0.743861 -0.286573 -0.603777 0.241546 0.957616 -0.156929
6.359075 -219.339839 -1300.631296 -11295.241405 -0.633414 0.012122 -0.773719 -0.312241 0.910859 0.269890 0.708020 0.412539 -0.573166
5.139515 -238.988195 1680.443079 20600.876589 0.636490 -0.030207 0.770693 -0.541400 0.694187 0.474332 0.549333 0.719161 -0.425489
6.273861 -256.392008 -1200.775889 -1480.633490 -0.637826 -0.000018 -0.770180 -0.308087 0.916512 0.255122 0.705875 0.400006 -0.584582
6.761748 -219.672234 -2511.158041 -9345.296372 -0.616224 -0.015616 -0.787416 -0.132821 0.987544 0.084359 0.776291 0.156569 -0.610622
-15.867370 -46.173421 2059.363384 -524.509446 0.874672 0.474771 -0.097685 0.049550 0.112895 0.992371 -0.482176 0.872839 -0.075221
-19.187258 -46.109293 -192.569759 -1044.818972 0.837817 0.516719 -0.176249 0.118092 0.143666 0.982555 -0.533026 0.844015 -0.059345
-15.915128 -46.125947 1226.401782 -49.196651 0.859816 0.494776 -0.126146 0.133378 0.020840 0.990846 -0.492875 0.868771 0.048074
-11.879072 -46.214097 3086.380002 16.167592 0.888687 0.451128 -0.081963 0.085576 0.012427 0.996254 -0.450457 0.892373 0.027562
-16.298466 -46.311605 -566.023461 1134.930205 0.822922 0.536823 -0.186069 0.230939 -0.016827 0.972823 -0.519102 0.843527 0.137821
-14.249387 -45.410599 926.399486 882.752743 0.860705 0.494690 -0.120287 0.188559 -0.090289 0.977903 -0.472898 0.864367 0.170990
-12.326433 -45.668504 2883.829292 1087.242319 0.883712 0.459301 -0.089980 0.140130 -0.076218 0.987195 -0.446562 0.885005 0.131716
-3.261907 -138.180644 -573.072635 19642.024841 0.302118 -0.005518 0.953254 -0.224000 0.971573 0.076617 -0.926579 -0.236676 0.292294
-3.663807 -119.676032 -158.925247 13124.219300 0.311193 0.010836 0.950285 -0.199507 0.978398 0.054177 -0.929169 -0.206448 0.306633
-3.846620 -99.533653 -72.473531 6425.714765 0.306812 0.009603 0.951722 -0.054673 0.998476 0.007551 -0.950198 -0.054350 0.306870
-63.823209 -1527.565732 -15187.457317 596829.877476 0.527076 0.031354 0.849240 0.242119 0.952362 -0.185431 -0.814598 0.303353 0.494376
-50.872801 -665.091990 -15821.350093 235359.593941 0.518364 0.002182 0.855157 0.630230 0.674944 -0.383744 -0.578021 0.737865 0.348492
-29.892832 -1444.345560 -2738.112428 544666.360042 0.498991 0.054190 0.864911 0.241784 0.949706 -0.198995 -0.832195 0.308418 0.460792
-3.861733 -538.623727 -55.705934 181898.220908 0.527141 -0.057355 0.847840 0.670256 0.641384 -0.373340 -0.522379 0.765073 0.376542
-44.240092 -1255.742005 -7680.621214 -253301.572144 0.508309 0.121355 0.852581 -0.313293 0.948242 0.051815 -0.802165 -0.293445 0.520020
-12.926913 -950.367668 -7085.479343 -309709.288716 0.493112 0.051989 0.868411 -0.471096 0.855149 0.216308 -0.731375 -0.515769 0.446176
5.970267 -2022.063239 -8366.577278 795937.826077 0.471047 0.086850 0.877822 -0.085723 0.994938 -0.052438 -0.877933 -0.050549 0.476107
1.401713 -1789.902244 3077.144937 735997.474777 0.592796 0.147024 0.791819 0.346039 0.841310 -0.415276 -0.727221 0.520174 0.447849
-10.519528 -29.849768 682.950176 369.792686 0.446345 0.879496 0.165117 0.861828 -0.372816 -0.343891 -0.240892 0.295797 -0.924378
-13.165372 -29.903541 953.997884 693.860482 0.424312 0.893298 0.148252 0.870291 -0.357083 -0.339242 -0.250106 0.272967 -0.928943
-11.433821 -30.629536 556.833330 481.330524 0.436057 0.885473 0.160600 0.849224 -0.345836 -0.399019 -0.297779 0.310381 -0.902769
-9.452388 -30.430865 824.456125 171.950209 0.478447 0.859471 0.179997 0.835932 -0.383022 -0.393080 -0.268898 0.338533 -0.901715
-4.749939 -36.513013 -1243.852552 1162.590787 0.111923 0.367027 -0.923452 0.622179 0.698716 0.353114 0.774833 -0.614074 -0.150154
-1.760799 -37.902794 -819.353008 -393.905402 0.129418 0.385767 -0.913474 0.565341 0.728125 0.387588 0.814642 -0.566585 -0.123857
0.009779 -38.928391 -1344.231258 771.813290 0.119204 0.359281 -0.925585 0.624083 0.697937 0.351290 0.772211 -0.619517 -0.141025
-10.060808 -42.057655 1761.963718 -2050.472215 -0.400972 -0.575205 0.712994 0.639046 0.382030 0.667587 -0.656385 0.723320 0.214399
-6.974496 -50.343641 1034.426429 -7297.711207 -0.348662 -0.546033 0.761763 0.704308 0.383599 0.597329 -0.618373 0.744782 0.250829
-7.135631 -51.245885 2040.190477 -6701.237084 -0.397056 -0.570504 0.718938 0.673089 0.351521 0.650680 -0.623937 0.742265 0.244426
-7.653588 -46.103409 -1760.696752 -2901.781035 -0.316650 -0.515063 0.796519 0.704471 0.434615 0.561097 -0.635180 0.738796 0.225226
-11.209902 -43.035657 -411.187395 516.727997 -0.385806 -0.549585 0.741019 0.620509 0.439813 0.649256 -0.682731 0.710296 0.171340
5.047008 -160.785298 -596.443719 -9415.862604 -0.380399 0.275133 -0.882949 0.622537 -0.629851 -0.464473 -0.683918 -0.726353 0.068314
6.940754 -162.368462 2126.642701 17808.842469 0.416499 -0.262045 0.870552 -0.567283 0.673367 0.474096 -0.710435 -0.691310 0.131803
4.803612 -144.602954 674.501629 8982.849302 0.398480 -0.276305 0.874568 -0.407023 0.801232 0.438588 -0.821916 -0.530738 0.206812
1.466987 -146.680164 1494.519762 9698.633308 0.414833 -0.266182 0.870092 -0.414133 0.796232 0.441032 -0.810190 -0.543288 0.220069
0.917952 -155.483106 -2119.739479 353.167254 -0.393354 0.241916 -0.886989 0.708667 -0.534843 -0.460145 -0.585717 -0.809580 0.038945
28.406069 -89.033173 -2316.726816 -6587.877195 -0.223141 0.773939 -0.592644 -0.383188 0.489386 0.783370 -0.896312 -0.401896 -0.187362
51.540665 -140.922110 -1333.629526 29904.799561 -0.226000 0.763830 -0.604556 -0.457851 0.464499 0.758032 -0.859824 -0.448112 -0.244743
45.151988 -141.797070 2523.869674 31001.731495 -0.163546 0.878326 -0.449218 -0.367401 0.368368 0.854003 -0.915570 -0.304712 -0.262453
21.885692 -71.950301 978.382656 3336.655883 -0.192183 0.861565 -0.469863 -0.238268 0.423497 0.874001 -0.951995 -0.279922 -0.123895
15.652657 -77.074254 -5357.277997 -12155.226076 -0.254581 0.716394 -0.649591 -0.227218 0.608606 0.760244 -0.939979 -0.341142 -0.007838
-17.200591 -36.873539 3739.442909 2678.985735 -0.145946 0.889021 -0.433984 -0.312777 -0.457645 -0.832305 0.938547 -0.014269 -0.344857
-27.016993 -54.303901 2961.325761 -13538.862314 -0.267980 0.271475 -0.924385 0.015766 0.960586 0.277536 0.963295 0.059800 -0.261698
-21.963344 -56.705844 -7285.186110 18394.737366 0.203209 0.737700 0.643820 -0.240469 0.675002 -0.697530 0.949147 0.013075 -0.314561
-12.033930 -62.831965 444.619046 -13677.545552 -0.213115 0.587831 -0.780408 0.182924 0.808640 0.559143 0.959750 -0.023593 -0.279861
-1.955457 -8.957586 -1438.781748 -896.042872 0.763906 0.631695 -0.131946 0.569241 -0.563286 0.598893 -0.303994 0.532607 0.789884
-3.606335 -13.110882 1667.939233 -4402.048184 -0.634156 -0.733744 0.243857 0.711339 -0.430027 0.555944 -0.303055 0.526020 0.794645
-3.987165 -12.170574 178.052215 -3048.561391 -0.514532 -0.786414 0.341774 0.802865 -0.301877 0.514080 -0.301106 0.538909 0.786710
-2.045242 -10.199268 -870.805228 1300.173442 0.725012 0.664892 -0.179656 0.620971 -0.518215 0.588089 -0.297915 0.537933 0.788591
-52.075278 -77.442531 1696.005437 9489.762249 -0.142468 0.928391 -0.343210 0.786747 -0.104190 -0.608419 0.600610 0.356699 0.715565
-43.934096 -90.484211 664.353373 17245.263160 -0.174231 0.960934 -0.215056 0.759541 -0.007846 -0.650412 0.626690 0.276666 0.728502
-32.541642 -71.639878 -4131.095405 14908.919878 -0.024124 0.971790 -0.234610 0.659458 -0.160908 -0.734318 0.751354 0.172430 0.636973
63.506579 -104.424828 -5317.084030 -2178.394219 0.375334 0.923355 -0.080870 -0.777654 0.266226 -0.569542 0.504360 -0.276657 -0.817974
67.382048 -103.107072 -3096.591462 4699.815864 0.324968 0.944148 0.054584 -0.765263 0.296432 -0.571402 0.555669 -0.143916 -0.818853
70.093278 -104.806458 -4537.717731 1596.613624 0.352894 0.935371 -0.023364 -0.830548 0.301653 -0.468183 0.430877 -0.184624 -0.883323
67.866051 -98.403757 2820.232654 7125.885116 0.269490 0.945557 0.182478 -0.854860 0.322136 -0.406746 0.443384 0.046379 -0.895131
64.421483 -106.524921 -4947.132247 -2825.840172 0.399331 0.902383 -0.161985 -0.844719 0.293470 -0.447577 0.356348 -0.315563 -0.879452
69.141784 -95.303744 -2823.331368 3437.510367 0.373890 0.927449 0.006756 -0.886764 0.359604 -0.290404 0.271764 -0.102588 -0.956880
-46.741849 -60.068194 2210.983508 -3445.005165 -0.116878 0.924698 0.362317 -0.830772 0.108874 -0.545861 0.544203 0.364802 -0.755488
-48.697593 -58.625912 2694.525428 -1578.125033 0.039667 0.916711 0.397578 -0.777815 0.278098 -0.563618 0.627240 0.286885 -0.724063
-52.266770 -64.289309 2753.783309 -4099.168927 -0.177873 0.966009 0.187583 -0.822709 -0.041394 -0.566954 0.539918 0.255172 -0.802107
-49.655222 -65.261056 1789.599065 -3515.584809 -0.235128 0.942106 0.239063 -0.860306 -0.087264 -0.502253 0.452314 0.323761 -0.831018
-46.902690 -63.924331 1782.283617 -2782.317173 -0.195447 0.906406 0.374472 -0.881007 0.005474 -0.473071 0.430844 0.422373 -0.797480
19.542149 -26.767195 6783.708581 -1707.344718 0.715231 0.677576 -0.171277 0.258024 -0.483762 -0.836300 0.649514 -0.553955 0.520832
6.402097 -26.011248 1528.204715 -2191.773532 0.724673 0.656568 -0.209210 0.231726 -0.518109 -0.823327 0.648963 -0.548163 0.527603
14.854202 -30.395242 4495.431192 -2617.193249 0.707293 0.689686 -0.155146 0.244404 -0.444505 -0.861790 0.663327 -0.571620 0.482958
5.536378 -31.661848 502.483309 -2930.063316 0.718753 0.667937 -0.193013 0.206322 -0.470014 -0.858206 0.663947 -0.577015 0.475634
2.333125 -25.620530 -200.701574 -2360.136503 0.708871 0.681912 -0.180271 0.265454 -0.494713 -0.827522 0.653479 -0.538753 0.531705
-14.177836 -38.586555 2099.048601 2107.590314 -0.795717 -0.592591 0.125182 -0.571847 0.803162 0.167098 -0.199562 0.061378 -0.977961
34.968484 -43.012034 7664.741747 310.745139 0.352551 0.925048 0.141403 -0.698964 0.360776 -0.617487 0.622220 -0.118859 -0.773767
34.329587 -43.522876 7427.977280 333.380323 0.324227 0.937392 0.127176 -0.630776 0.314420 -0.709410 0.704982 -0.149790 -0.693227
21.625852 -42.008888 7915.124168 219.186690 0.290084 0.944431 0.154599 -0.695811 0.319053 -0.643469 0.657038 -0.079089 -0.749698
18.376994 -40.138433 6445.394031 486.656861 0.324050 0.931001 0.168016 -0.757997 0.361779 -0.542730 0.566067 -0.048517 -0.822930
29.512992 -41.698883 5600.313676 333.674606 0.384323 0.911266 0.147952 -0.748926 0.401453 -0.527206 0.539820 -0.091812 -0.836758
-9.449409 -48.983017 769.819867 1342.230879 -0.585973 -0.773026 0.243036 0.653735 -0.273750 0.705473 -0.478818 0.572269 0.665764
-9.455567 -47.296382 679.647890 1603.167948 -0.592967 -0.760063 0.265883 0.699141 -0.322152 0.638295 -0.399489 0.564378 0.722417
-6.319809 -51.203856 -903.890184 1850.801751 0.549845 0.779955 -0.298898 -0.126182 0.431304 0.893339 -0.825681 0.453482 -0.335567
-4.859744 -55.775131 -920.585796 1221.430365 0.546566 0.779853 -0.305116 -0.229595 0.489944 0.840976 -0.805327 0.389596 -0.446837
-3.660998 -50.097867 -914.907412 2182.650899 0.546019 0.780074 -0.305529 -0.087760 0.415944 0.905146 -0.833164 0.467413 -0.295572
-6.713960 -55.777922 -616.629038 860.997174 0.559234 0.774628 -0.295313 -0.236045 0.490264 0.839002 -0.794695 0.399491 -0.457019
-5.562146 -46.786225 -625.609137 2776.962008 0.552818 0.774972 -0.306287 -0.007919 0.372427 0.928028 -0.833265 0.510604 -0.212022
-7.142885 -47.553529 -559.690221 2757.423745 0.568280 0.766867 -0.298285 -0.030126 0.381656 0.923813 -0.822284 0.515998 -0.239990
-7.812181 -52.357892 -248.029989 1149.003933 0.578672 0.761382 -0.292296 -0.150073 0.451688 0.879464 -0.801634 0.465055 -0.375642
4.844337 -67.865546 809.767943 -1360.075740 -0.672336 -0.627681 0.392404 -0.501211 0.776108 0.382681 -0.544749 0.060613 -0.836406
2.122876 -64.362177 336.149443 -2369.867433 -0.662645 -0.639591 0.389648 -0.553610 0.768708 0.320319 -0.504398 -0.003455 -0.863464
3.430320 -64.689010 1187.498810 -2234.917594 -0.680595 -0.609931 0.405925 -0.564074 0.789786 0.240953 -0.467559 -0.064980 -0.881570
5.129756 -67.379666 652.536403 -3204.360436 -0.697531 -0.599379 0.392677 -0.560418 0.797822 0.222290 -0.446522 -0.065009 -0.892408
-2.234219 -51.423982 -178.521238 1562.249853 0.634944 0.767506 -0.088208 0.399254 -0.228242 0.887976 -0.661394 0.599032 0.451351
-11.252838 -47.587562 7929.123422 471.738994 -0.617229 -0.445066 -0.648803 0.726230 -0.005037 -0.687433 0.302685 -0.895484 0.326329
-26.434762 -51.889310 5157.270656 324.510998 -0.355868 -0.456254 -0.815592 0.827341 0.252030 -0.501983 0.434585 -0.853413 0.287788
-20.871197 -48.180764 4362.325380 351.196909 -0.363421 -0.414529 -0.834320 0.793362 0.331751 -0.510410 0.488366 -0.847412 0.208306
21.534047 -132.667995 4516.013611 13641.241006 0.946503 0.233620 -0.222608 -0.262481 0.156086 -0.952229 0.187714 -0.959718 -0.209056
34.219023 -146.930806 4812.644202 6265.847615 0.960300 0.169784 -0.221354 -0.224124 -0.002924 -0.974556 0.166111 -0.985477 -0.035244
26.554990 -133.921299 6203.140069 -14672.350181 0.939208 0.219768 -0.263799 -0.203673 -0.261928 -0.943351 0.276415 -0.939732 0.201244
31.148775 -148.664180 4109.211760 26993.147427 0.968510 0.167917 -0.183827 -0.229499 0.315830 -0.920642 0.096533 -0.933839 -0.344421
14.168318 -122.862140 5268.280254 -457.532299 0.926570 0.284971 -0.245478 -0.243193 -0.043963 -0.968981 0.286924 -0.957527 -0.028569
13.191178 -116.919069 2872.779183 16670.021449 0.940540 0.287233 -0.181332 -0.261715 0.272465 -0.925888 0.216539 -0.918292 -0.331438
14.771799 -113.426066 4006.994914 20289.348163 0.948660 0.263763 -0.174567 -0.272774 0.402840 -0.873679 0.160122 -0.876441 -0.454106
23.047759 -120.348522 4644.080168 25754.857469 0.961278 0.217594 -0.169110 -0.245919 0.400361 -0.882743 0.124375 -0.890148 -0.438369
427.469777 -34.000816 120141.139592 383.269780 0.398558 0.829287 -0.391706 -0.187946 0.491881 0.850135 -0.897679 0.265209 -0.351904
2497.772006 -82.340952 881969.787214 2089.037260 0.674483 0.647839 -0.354087 -0.147986 0.588503 0.794836 -0.723307 0.483703 -0.492806
732.886734 -44.557506 223893.694759 6379.855061 0.423101 0.781111 -0.459185 -0.062277 0.530652 0.845299 -0.903940 0.329050 -0.273164
4264.022960 -1054.065191 12876204.335519 -90090.365409 -0.433988 0.898626 0.064222 -0.820921 -0.365080 -0.439096 0.371137 0.243284 -0.896142
1373.265536 -283.715497 485526.019174 5840.726195 0.564005 0.320903 -0.760868 0.653922 0.389099 0.648836 0.504266 -0.863495 0.009608
115.303929 -604.468333 -30152.806340 -215689.126210 -0.069548 0.116019 0.990809 0.757823 0.652049 -0.023158 -0.648742 0.749248 -0.133271
