16291
32572
-38.012458 -60.330259 292.866892 9762.957896 0.284664 0.952415 0.108958 0.777213 -0.162762 -0.607822 0.561165 -0.257709 0.786562
-38.766144 -65.954207 -486.639234 6779.458781 0.460769 0.880259 -0.113299 0.731711 -0.449017 -0.512818 0.502285 -0.153388 0.850989
-46.054728 -76.054181 1231.308153 8542.281058 0.133210 0.978211 0.159243 0.885845 -0.045463 -0.461748 0.444448 -0.202574 0.872600
-32.655832 -50.177212 -447.290248 5389.598339 0.599179 0.763737 -0.240187 0.534224 -0.604844 -0.590566 0.596313 -0.225541 0.770417
-32.949104 -86.819038 -4998.625262 20622.292382 0.001360 0.936494 0.350680 0.854949 0.180813 -0.486177 0.518710 -0.300475 0.800409
-23.498311 -56.248956 -4396.193146 13586.242132 0.217106 0.939980 0.263254 0.759933 0.006512 -0.649969 0.612672 -0.341168 0.712908
-25.837228 -42.692110 -1486.026593 5701.691933 0.550639 0.828722 -0.100081 0.561222 -0.456291 -0.690528 0.617922 -0.324064 0.716349
123.886720 -83.716436 -7523.333128 -5166.762829 0.218827 0.926750 0.305368 -0.175936 0.345297 -0.921855 0.959772 -0.148001 -0.238609
88.120868 -67.706523 -8286.927995 -2636.745987 0.330360 0.878775 0.344407 0.015209 0.359890 -0.932871 0.943732 -0.313422 -0.105528
110.573903 -80.543096 -4482.476289 -3460.977816 0.111157 0.907233 0.405676 0.024353 0.405597 -0.913728 0.993504 -0.111447 -0.022991
138.734652 -89.554497 -2907.268536 -3806.614173 -0.031940 0.914624 0.403043 -0.083712 0.399384 -0.912954 0.995978 0.062899 -0.063809
47.580914 -51.497937 30460.640920 244.615383 0.454485 -0.427705 -0.781353 0.799674 -0.190493 0.569416 -0.392384 -0.883618 0.255448
74.789966 -47.655765 16966.210271 257.297087 0.361907 -0.578290 -0.731166 0.821760 -0.172425 0.543121 -0.440153 -0.797402 0.412814
46.270842 -50.585147 29197.597944 680.609850 0.457114 -0.433870 -0.776405 0.834360 -0.093155 0.543292 -0.308044 -0.896147 0.319421
38.347715 -47.194844 21290.161825 1012.413181 0.460184 -0.475080 -0.750020 0.860379 0.030212 0.508759 -0.219041 -0.879424 0.422652
-4.769297 -52.284858 23516.289252 250.085835 0.507212 -0.436908 -0.742864 0.819935 -0.020817 0.572078 -0.265409 -0.899265 0.347678
-5.777654 -54.115393 25226.973216 -160.248151 0.474488 -0.427639 -0.769406 0.805010 -0.142807 0.575817 -0.356119 -0.892598 0.276493
15.392622 -52.517767 -2064.466076 394.554591 -0.509455 0.860073 -0.027013 0.438464 0.232452 -0.868168 0.740408 0.454137 0.495535
12.985731 -51.737361 -124.092416 -1172.815839 -0.517333 0.855328 -0.027935 0.524029 0.290806 -0.800515 0.676580 0.428771 0.598661
18.180028 -52.085770 -6197.668351 -1079.878508 -0.495638 0.868057 -0.028647 0.538825 0.281452 -0.794010 0.681183 0.408977 0.607229
21.469709 -50.981676 -4693.299644 1997.733275 -0.513008 0.856320 -0.059492 0.443108 0.204826 -0.872755 0.735172 0.474092 0.484520
20.456973 -51.646255 -6515.821833 2707.895823 -0.503019 0.864218 -0.009965 0.338795 0.186563 -0.922178 0.795104 0.467249 0.386638
13.109087 -51.867599 -4753.137018 1456.685180 -0.486363 0.873639 -0.014332 0.304830 0.154284 -0.939827 0.818859 0.461466 0.341349
-11.839400 -70.548973 -1059.732999 59.974327 0.434477 0.861574 -0.262525 0.593280 -0.054457 0.803152 -0.677679 0.504702 0.534815
-13.904681 -67.635545 -1289.165353 -7960.585234 0.436685 0.855095 -0.279498 0.633438 -0.071651 0.770469 -0.638798 0.513497 0.572938
-16.738505 -69.370453 -1583.106266 -2487.244484 0.454769 0.838593 -0.299912 0.610180 -0.048080 0.790803 -0.648742 0.542633 0.533557
59.345563 -58.318214 -3495.202853 1838.661625 0.352727 0.875341 -0.330701 -0.625100 -0.042558 -0.779383 0.696300 -0.481630 -0.532164
44.252441 -60.675007 -5000.001689 -3605.898113 0.485882 0.786595 -0.381034 -0.567995 -0.047177 -0.821679 0.664305 -0.615664 -0.423859
55.921499 -67.465673 -1645.413424 3642.911468 0.375423 0.884693 -0.276362 -0.525227 -0.042609 -0.849895 0.763671 -0.464223 -0.448669
75.395566 -68.343627 -4368.958759 6841.777265 0.257228 0.939506 -0.226190 -0.618034 -0.019996 -0.785897 0.742878 -0.341948 -0.575503
9.576130 -101.551890 4447.495983 -6549.225819 0.000173 0.983957 0.178407 0.816666 -0.103100 0.567827 -0.577111 -0.145601 0.803581
5.569434 -106.037223 4692.359579 -1017.329584 -0.001290 0.986626 0.162995 0.939981 -0.054422 0.336858 -0.341223 -0.153647 0.927340
14.103715 -103.688229 3298.333184 -882.323339 -0.041501 0.979341 0.197911 0.898527 -0.050044 0.436056 -0.436952 -0.195925 0.877887
12.886931 -101.591776 -1908.120919 729.276293 -0.121059 0.959979 0.252557 0.903261 0.001018 0.429090 -0.411660 -0.280070 0.867235
15.266974 -101.949753 -1599.682251 -1180.979721 -0.103818 0.959702 0.261140 0.813429 -0.069157 0.577539 -0.572325 -0.272378 0.773469
14.889500 -98.893376 1739.923495 -3670.375642 -0.045766 0.971615 0.232100 0.749657 -0.120159 0.650828 -0.660243 -0.203781 0.722878
3.306953 -48.895034 2607.646988 -7207.385696 0.429848 0.803279 -0.412279 -0.420984 0.582251 0.695526 -0.798751 0.125408 -0.588447
1.528964 -49.597698 1272.555367 -5688.048346 0.412789 0.811088 -0.414417 -0.433499 0.575103 0.693783 -0.801052 0.106737 -0.589002
0.715460 -50.072791 519.361425 -1250.600558 0.390048 0.829911 -0.398887 -0.330649 0.530544 0.780509 -0.859380 0.172544 -0.481347
-0.904496 -50.985318 159.753246 -1907.450022 0.385123 0.838404 -0.385694 -0.385373 0.525851 0.758267 -0.838551 0.143390 -0.525616
2.553055 -47.311272 836.800999 -912.784587 0.405375 0.817064 -0.409974 -0.301382 0.542853 0.783887 -0.863041 0.194210 -0.466307
1.310480 -53.427202 142.779800 5222.151373 0.378365 0.849234 -0.368295 -0.197986 0.462913 0.864010 -0.904235 0.253994 -0.343286
-2.001723 -53.776864 -350.351373 2110.201870 0.368938 0.859771 -0.353098 -0.241759 0.455591 0.856732 -0.897462 0.230716 -0.375942
-5.240171 -61.179071 4656.513137 6495.950511 0.527684 0.789727 -0.312860 0.744949 -0.253261 0.617179 0.408168 -0.558740 -0.721948
-6.975048 -63.957836 2435.044582 7568.826670 0.521933 0.768800 -0.369502 0.755381 -0.215375 0.618881 0.396214 -0.602129 -0.693149
-6.932416 -64.939320 6802.078039 14723.033200 0.486745 0.809656 -0.327926 0.783251 -0.238300 0.574223 0.386778 -0.536348 -0.750155
-11.512298 -44.916523 -1955.162181 -1601.602321 0.500467 0.722198 -0.477455 0.809392 -0.586036 -0.038036 -0.307275 -0.367412 -0.877833
-10.864572 -40.925554 1471.687748 453.286061 0.482781 0.768928 -0.419133 -0.801825 0.580565 0.141500 -0.352137 -0.267757 -0.896831
-12.463736 -43.435002 149.243868 3298.288972 0.519352 0.734624 -0.436578 -0.787997 0.609362 0.087965 -0.330656 -0.298338 -0.895356
6.965550 -47.709319 4808.139912 -1371.550065 0.576966 0.777272 -0.250916 -0.428380 0.026413 -0.903213 0.695414 -0.628610 -0.348207
15.233928 -47.239512 6731.545918 -2627.627033 0.569734 0.779416 -0.260602 -0.427403 0.010163 -0.904004 0.701947 -0.626424 -0.338915
7.054414 -42.011416 3801.597210 -3322.990941 0.599346 0.766769 -0.229889 -0.328368 -0.026410 -0.944180 0.730040 -0.641380 -0.235954
4.766838 -39.907316 4377.013724 -3854.971990 0.609116 0.763509 -0.214549 -0.240730 -0.079767 -0.967309 0.755663 -0.640852 -0.135211
0.509135 -41.689090 3278.510671 -4672.248677 0.613121 0.763556 -0.202645 -0.241066 -0.063447 -0.968433 0.752310 -0.642617 -0.145167
-6.157560 -124.914014 -77.827585 -4334.322198 0.422042 -0.221545 0.879090 0.549414 0.833827 -0.053630 -0.721128 0.505618 0.473630
-5.835153 -118.897771 -827.890705 -571.443716 0.398289 -0.243507 0.884347 0.465596 0.884351 0.033815 -0.790308 0.398280 0.465603
-5.122212 -118.402166 344.682905 -3594.294534 0.443253 -0.213517 0.870596 0.628028 0.766974 -0.131648 -0.639616 0.605112 0.474058
-6.270928 -130.320304 89.893390 -3259.834147 0.428822 -0.206879 0.879382 0.719967 0.666240 -0.194349 -0.545673 0.716468 0.434644
-54.101688 -94.596049 14043.962857 -8931.571138 -0.238411 0.243594 -0.940118 -0.636921 0.691555 0.340710 0.733138 0.680010 -0.009724
-19.640017 -109.473524 3524.252037 11214.687011 -0.426656 0.443064 -0.788454 -0.458253 0.645687 0.610812 0.779723 0.621918 -0.072451
-12.773815 -101.536442 -2798.743821 9393.560494 0.405639 -0.364858 0.838054 0.591026 -0.594708 -0.544986 0.697241 0.716380 -0.025596
-51.303790 -99.780022 9188.088738 2655.907298 -0.313435 0.343129 -0.885449 -0.499480 0.733460 0.461038 0.807637 0.586770 -0.058506
-30.890042 -138.967086 2369.617443 18462.348373 -0.088665 0.162808 -0.982666 -0.671903 0.718516 0.179669 0.735313 0.676187 0.045684
34.815327 -49.956065 -2838.086245 -3533.698889 -0.129761 -0.155700 -0.979244 0.118499 0.978081 -0.171218 0.984439 -0.138257 -0.108466
35.957733 -53.084756 124.521669 -557.778364 -0.216220 -0.171131 -0.961230 0.207124 0.954070 -0.216447 0.954122 -0.245894 -0.170844
32.564882 -42.813177 -4633.172522 -1834.225938 -0.076388 -0.233649 -0.969316 0.197349 0.949381 -0.244396 0.977353 -0.209963 -0.026410
27.536603 -42.919533 -4404.174077 -2276.682396 -0.038766 -0.190706 -0.980881 0.110244 0.974811 -0.193883 0.993148 -0.115652 -0.016765
55.100878 -153.883538 11547.251142 23386.525562 -0.145219 0.596182 0.789607 -0.544167 0.618391 -0.566987 -0.826313 -0.512015 0.234620
45.237108 -146.589970 -9151.629874 5610.784269 0.164251 -0.655020 -0.737543 0.791768 -0.358399 0.494625 -0.588324 -0.665205 0.459757
55.559565 -150.912451 -4138.158179 -1147.292814 0.208575 -0.528805 -0.822716 0.781621 -0.415498 0.465220 -0.587848 -0.740086 0.326662
38.322744 -142.303631 10879.976815 -8208.251192 0.313207 -0.322373 -0.893295 0.751889 -0.490430 0.440614 -0.580141 -0.809663 0.088783
54.423897 -146.778005 59.014419 23390.039684 -0.244627 0.452804 0.857395 -0.545664 0.666658 -0.507758 -0.801504 -0.592060 0.083997
1.494943 -223.931899 -1796.770787 36241.590361 0.182425 0.980390 0.074542 -0.896263 0.134641 0.422593 -0.404270 0.143901 -0.903249
3.357352 -207.686737 -1289.249791 26846.222279 0.150992 0.985555 0.076693 -0.866597 0.094640 0.489951 -0.475616 0.140441 -0.868370
-2.912009 -243.548985 -2058.033876 36813.341646 0.212967 0.973236 0.086358 -0.961812 0.193269 0.193817 -0.171939 0.124337 -0.977229
-2.173969 -282.525911 -1168.704326 -49918.312653 0.239156 0.963139 0.123157 0.968296 -0.227142 -0.103969 -0.072162 0.144117 -0.986926
1.680111 -353.758803 -2215.876395 102163.366621 0.263506 0.960556 0.088865 -0.938805 0.234170 0.252607 -0.221834 0.149990 -0.963479
-42.521571 -1202.474199 5225.870303 429013.579514 0.052311 -0.035416 -0.998003 -0.297875 0.953323 -0.049444 0.953170 0.299867 0.039320
-39.591814 -1642.880710 -13649.462149 -530334.958530 0.133201 0.181779 -0.974276 0.477215 0.849812 0.223800 0.868633 -0.494749 0.026448
-20.979220 -2124.188061 5698.596133 865763.036508 -0.000822 -0.025909 -0.999664 -0.224565 0.974137 -0.025062 0.974459 0.224469 -0.006619
11.486647 -80.811137 1052.248851 21916.817512 0.257531 -0.029503 -0.965820 0.914440 -0.315520 0.253469 -0.312214 -0.948460 -0.054278
8.136195 -83.293922 977.583533 30569.354287 0.344262 -0.026746 -0.938493 0.893683 -0.297050 0.336291 -0.287774 -0.954487 -0.078360
12.627571 -251.910513 -34.072387 79904.927988 0.206101 0.025540 -0.978197 0.875279 -0.451761 0.172621 -0.437503 -0.891773 -0.115464
17.513284 -112.708697 1137.769782 31009.388195 0.244658 -0.016712 -0.969465 0.875397 -0.426117 0.228264 -0.416920 -0.904514 -0.089623
-19.468855 -63.985758 1560.538532 6289.060876 0.366633 0.930111 0.021776 0.930016 -0.367036 0.018830 -0.025507 -0.013349 0.999586
-25.621449 -71.357909 2351.860742 12983.593401 0.225134 0.974147 0.018773 0.973222 -0.225754 0.043279 -0.046399 -0.008526 0.998887
-21.367061 -56.207656 -1477.020544 5151.547271 -0.277872 -0.959662 -0.042854 0.960448 -0.276707 -0.031197 0.018081 -0.049828 0.998594
3.216884 -35.933105 -13954.450562 3332.371045 -0.471007 0.481442 0.739166 0.136136 0.867566 -0.478326 -0.871561 -0.124667 -0.474172
24.653829 -46.333808 -1849.692725 -104.493900 -0.298596 0.567558 0.767280 0.089066 0.817020 -0.569689 -0.950214 -0.101768 -0.294509
14.276646 -44.438095 -13212.552138 1916.788937 -0.453271 0.463405 0.761447 0.021616 0.859704 -0.510336 -0.891111 -0.214861 -0.399695
-40.910816 -50.217321 -4377.640918 -74.430357 0.292890 0.876410 0.382257 -0.615950 -0.132836 0.776505 -0.731314 0.462882 -0.500918
-47.555160 -49.309614 -235.098549 106.061545 -0.104243 0.543574 0.832863 0.698698 0.635987 -0.327631 -0.707782 0.547766 -0.446091
-45.999655 -50.486330 -3333.994733 172.093242 0.367776 0.858572 0.357204 -0.667503 -0.023703 0.744230 -0.647442 0.512145 -0.564382
-59.127436 -73.607721 -411.324827 -2934.407002 -0.010947 -0.291406 0.956537 -0.472214 0.844715 0.251935 -0.881416 -0.448932 -0.146852
-57.750298 -75.028648 1183.484334 -3131.953789 0.168074 -0.369751 0.913803 -0.421766 0.810885 0.405682 -0.890991 -0.453596 -0.019660
-60.287425 -79.042120 76.319813 -1266.759443 0.048553 -0.354067 0.933959 -0.321857 0.879639 0.350206 -0.945543 -0.317605 -0.071250
-59.497250 -75.542851 -1233.620114 -945.491890 -0.153273 -0.271199 0.950241 -0.400478 0.896144 0.191163 -0.903396 -0.351251 -0.245964
-8.992593 -47.466322 -456.280937 695.179236 -0.126555 0.981923 0.140752 -0.969684 -0.092560 -0.226155 0.209038 0.165106 -0.963869
-4.626637 -47.451304 -2906.832658 81.149706 -0.130190 0.986569 0.098648 -0.960553 -0.100842 -0.259171 0.245742 0.128498 -0.960780
-9.399489 -46.453229 -657.827087 -373.154543 -0.122281 0.984234 0.127792 0.984645 0.104141 0.140104 0.124587 0.142962 -0.981855
-8.921071 -48.710617 -1567.425794 -128.457662 -0.118258 0.985112 0.124777 -0.933658 -0.067528 -0.351741 0.338079 0.158095 -0.927744
-9.114078 -46.722082 1977.639978 -683.612815 -0.136449 0.975385 0.173221 0.986106 0.117008 0.117915 0.094744 0.186904 -0.977799
-9.900074 -46.996756 977.126009 -1537.367546 -0.160024 0.970974 0.177766 0.973338 0.125231 0.192170 0.164330 0.203779 -0.965127
-11.059494 -47.416896 -16.780915 214.495954 -0.136426 0.977505 0.160845 -0.948129 -0.081780 -0.307186 0.287122 0.194410 -0.937958
22.530428 -44.199289 5361.038603 728.749869 -0.456818 0.708491 0.537920 0.887063 0.317532 0.335101 0.066609 0.630249 -0.773531
17.982753 -43.653089 7212.629566 665.064327 -0.473929 0.685026 0.553291 0.869763 0.266060 0.415600 0.137488 0.678197 -0.721904
9.689622 -43.533202 6083.329360 413.998297 -0.460197 0.683753 0.566305 0.885169 0.304136 0.352104 0.068518 0.663312 -0.745199
4.821400 -42.394289 5920.779042 551.345403 -0.468474 0.679269 0.564911 0.868663 0.237546 0.434738 0.161112 0.694381 -0.701340
14.474299 -45.741271 5984.406591 876.298279 -0.450125 0.693399 0.562659 0.892481 0.370094 0.257891 -0.029415 0.618246 -0.785434
1.451805 -44.405723 5449.872476 820.161741 -0.455806 0.683691 0.569919 0.890003 0.341689 0.301900 0.011671 0.644837 -0.764231
-5.110534 -42.712348 5347.785812 639.459777 -0.464151 0.680968 0.566433 0.878733 0.273638 0.391090 0.111323 0.679268 -0.725398
-7.877976 -53.991963 151.474698 609.783036 -0.520637 0.838152 0.162600 0.644326 0.260769 0.718918 -0.560162 -0.479063 0.675809
-7.130707 -53.900807 -922.749538 1422.119331 -0.538481 0.823073 0.180527 0.668261 0.286628 0.686492 -0.513289 -0.490302 0.704371
-7.040592 -55.461753 -126.323415 -611.002648 -0.538816 0.829006 0.149755 0.682959 0.325791 0.653779 -0.493198 -0.454543 0.741719
-8.590663 -57.382892 249.566517 -1120.327743 -0.522080 0.843976 0.123031 0.660253 0.308616 0.684706 -0.539906 -0.438703 0.718360
-6.858255 -54.068234 1713.436500 -484.062520 -0.491199 0.858374 0.148043 0.612115 0.219242 0.759769 -0.619709 -0.463817 0.633115
4.813093 -80.428947 505.548913 -2621.819704 -0.633755 0.762168 -0.132119 -0.365055 -0.144111 0.919764 -0.681975 -0.631136 -0.369565
7.310435 -79.039038 -518.217435 -716.976868 -0.653490 0.749398 -0.106553 -0.218548 -0.052028 0.974438 -0.724698 -0.660073 -0.197779
4.708528 -81.147382 -509.242127 39.745981 -0.648448 0.749782 -0.131689 -0.393212 -0.181767 0.901302 -0.651843 -0.636229 -0.412689
-11.501506 -84.236646 -1221.052289 -526.415085 -0.504780 0.861218 -0.059170 -0.841503 -0.506195 -0.188781 0.192533 0.045502 -0.980235
-10.875843 -85.007369 -94.965083 -224.220175 -0.515349 0.856466 -0.029689 -0.831086 -0.507929 -0.226503 0.209073 0.092054 -0.973558
-12.202686 -84.837471 -1072.219927 -101.505152 -0.484750 0.873020 -0.053424 -0.802886 -0.468375 -0.368780 0.346974 0.135872 -0.927980
-12.098619 -87.239432 -147.102860 -10.034773 -0.477409 0.876005 -0.068529 -0.821482 -0.472651 -0.319012 0.311846 0.096004 -0.945270
-12.985587 -88.692620 725.558034 877.640119 -0.464417 0.884350 -0.047354 -0.753656 -0.422732 -0.503290 0.465102 0.198047 -0.862819
-12.472688 -86.073330 -1017.402830 392.112522 -0.466170 0.883769 -0.040458 -0.728344 -0.409343 -0.549503 0.502195 0.226695 -0.834512
-2.530219 -117.906072 349.873401 -3582.766362 -0.488564 0.860487 0.144455 0.797197 0.372928 0.474765 -0.354658 -0.347113 0.868177
-3.760461 -103.303107 621.906033 -6551.974723 -0.503103 0.855974 0.119147 0.692951 0.317160 0.647478 -0.516436 -0.408311 0.752713
-2.886082 -103.821293 -1075.179683 -8129.321662 -0.523597 0.840233 0.140907 0.670423 0.304294 0.676712 -0.525718 -0.448791 0.722639
-1.241024 -116.055499 -524.334270 -9429.371190 -0.505196 0.851045 0.143178 0.717119 0.321678 0.618274 -0.480122 -0.415026 0.772811
-10.717740 -58.472926 -480.035145 -371.484436 -0.554106 0.826815 0.096659 0.722772 0.420242 0.548633 -0.412998 -0.373863 0.830457
-7.759472 -56.254920 333.609475 -345.875823 -0.542773 0.831949 0.115146 0.719189 0.389580 0.575322 -0.433780 -0.395081 0.809782
-8.851531 -55.566502 894.246646 705.257492 0.574498 -0.811354 -0.107963 0.750566 0.469594 0.464900 -0.326500 -0.348118 0.878756
39.275297 -116.658859 3308.398257 -11898.117005 -0.211529 0.343670 0.914957 0.849352 0.527824 -0.001895 -0.483587 0.776720 -0.403547
34.174348 -101.221753 -223.213359 -9069.893087 -0.223307 0.367924 0.902644 0.719415 0.687041 -0.102065 -0.657705 0.626584 -0.418111
29.649781 -102.666092 4280.026889 -4880.501569 -0.208552 0.426389 0.880170 0.762035 0.634953 -0.127036 -0.613033 0.644226 -0.457343
3.534897 -134.095958 2193.942636 9549.198363 -0.678991 0.733704 -0.025497 -0.299732 -0.308750 -0.902682 0.670173 0.605270 -0.429553
5.142417 -130.352457 1638.898628 8442.777714 -0.687935 0.725111 -0.030966 -0.253398 -0.279950 -0.925968 0.680099 0.629160 -0.376329
3.337976 -112.848892 654.699017 10458.899394 -0.666789 0.745198 -0.008479 -0.448262 -0.410132 -0.794262 0.595360 0.525805 -0.607516
3.299347 -106.747813 -676.434957 8790.205225 -0.668028 0.743833 -0.021246 -0.442048 -0.419642 -0.792776 0.598609 0.520205 -0.609142
1.559544 -100.106356 760.958547 6203.953302 -0.668519 0.743632 0.009705 -0.542457 -0.478655 -0.690384 0.508746 0.466799 -0.723378
0.761570 -99.450075 507.557354 4760.228107 -0.650320 0.759384 0.020479 -0.590300 -0.488185 -0.642823 0.478152 0.430129 -0.765741
1.956398 -103.270494 171.418449 6505.075081 -0.632482 0.774503 0.010564 -0.572638 -0.458361 -0.679699 0.521587 0.435947 -0.733415
4.169668 -114.069861 1782.382487 11705.269716 -0.650319 0.759486 0.016346 -0.500992 -0.412607 -0.760764 0.571045 0.502928 -0.648823
2.347722 -62.838384 1648.189334 -1064.489863 -0.459748 0.880118 -0.118421 -0.277125 -0.268878 -0.922446 0.843702 0.391275 -0.367519
2.916036 -59.391162 534.846451 -1313.632795 -0.445267 0.888353 -0.112100 -0.194050 -0.217959 -0.956472 0.874118 0.404132 -0.269435
0.825954 -60.160467 716.675063 -1432.572331 -0.438241 0.894962 -0.083599 -0.139674 -0.159679 -0.977238 0.887939 0.416589 -0.194980
4.758693 -59.775300 1277.361602 -1086.147270 -0.463793 0.873462 -0.148188 -0.282799 -0.304476 -0.909571 0.839595 0.379945 -0.388228
-2.441187 -64.576170 1498.730379 -1880.448246 -0.444020 0.891228 -0.092518 -0.206436 -0.202229 -0.957334 0.871912 0.405976 -0.273775
-0.089721 -64.834914 -7.096839 -514.981919 -0.435682 0.891001 -0.127667 -0.307680 -0.280716 -0.909138 0.845881 0.356815 -0.396446
1.989373 -64.942315 1633.939453 -388.275599 -0.467043 0.873056 -0.140157 -0.388233 -0.344879 -0.854595 0.794447 0.344719 -0.500023
6.408441 -62.728411 1325.588834 -731.308733 -0.472144 0.864186 -0.173963 -0.396243 -0.384339 -0.833832 0.787446 0.324756 -0.523891
3.053222 -48.171643 -5656.023721 -1151.670728 -0.303453 0.949960 0.074109 -0.720385 -0.177818 -0.670393 0.623669 0.256820 -0.738296
4.486994 -47.527755 -1245.832843 -2863.077465 -0.288391 0.951446 0.107618 -0.669368 -0.119961 -0.733182 0.684673 0.283479 -0.671463
7.683908 -45.299326 -3249.876321 -1355.606511 -0.320642 0.943786 0.080353 -0.625594 -0.147313 -0.766114 0.711211 0.295917 -0.637662
0.569194 -150.540012 2529.894467 -12973.888745 -0.494944 0.825465 -0.271363 0.821715 0.546180 0.162698 -0.282515 0.142457 0.948626
2.687952 -165.802549 1268.757137 -14338.829117 -0.474133 0.841831 -0.257912 0.812850 0.531093 0.239196 -0.338338 0.096233 0.936091
-1.057524 -136.809587 1828.530116 -4912.156919 -0.454564 0.851479 -0.261449 0.762421 0.523715 0.380048 -0.460527 0.026578 0.887248
-2.522708 -140.453423 773.859452 -9928.929230 -0.490705 0.831931 -0.259035 0.803002 0.547180 0.236182 -0.338226 0.092109 0.936546
-1.191980 -166.165970 -2053.397493 -17006.556676 0.538891 -0.800532 0.262193 0.835015 0.548704 -0.040912 -0.111115 0.240982 0.964148
-5.859656 -181.592794 371.782214 6253.843242 -0.529244 0.845207 -0.074340 0.848128 0.524510 -0.074629 -0.024085 -0.102546 -0.994437
-4.754204 -188.234212 1469.351891 1137.158478 -0.564507 0.823609 -0.054781 -0.803147 -0.563374 -0.193815 0.190490 0.065412 -0.979507
-6.957138 -168.648604 856.110725 6772.454141 -0.568207 0.818615 -0.083732 -0.801054 -0.573544 -0.171346 0.188290 0.030286 -0.981646
-19.561676 -46.935920 4827.753884 566.242012 -0.424182 0.719624 0.549736 0.894783 0.426511 0.132106 -0.139402 0.547932 -0.824826
-23.483192 -44.890091 1792.522350 1624.602033 -0.449779 0.743528 0.494838 0.892786 0.389881 0.225668 -0.025137 0.543285 -0.839172
-24.149842 -45.511445 546.304930 236.554752 -0.410431 0.779639 0.472980 0.906852 0.403424 0.121939 -0.095743 0.478970 -0.872594
-24.836116 -45.261242 -2527.840406 369.063536 -0.387583 0.830079 0.400934 0.917277 0.390477 0.078302 -0.091559 0.398115 -0.912755
-24.899915 -46.489234 -722.343401 -130.611171 -0.372033 0.806243 0.459960 0.907473 0.420104 -0.002382 -0.195151 0.416515 -0.887936
-23.032292 -47.133907 3911.706199 -87.026752 -0.402388 0.750562 0.524157 0.890888 0.452835 0.035488 -0.210721 0.481245 -0.850882
-96.684935 -6575.720488 -57196.976348 3419135.519057 -0.501830 0.702615 -0.504479 0.852864 0.499158 -0.153182 0.144187 -0.507123 -0.849727
-51.423694 -951.455145 -10344.495592 352473.389154 -0.648130 0.572885 -0.501727 0.557287 0.805822 0.200207 0.518998 -0.149846 -0.841539
-18.470775 -3559.952943 -47054.615313 1601586.871187 -0.472778 0.734876 -0.486248 0.880843 0.378834 -0.283903 -0.024426 -0.562531 -0.826415
-25.464237 -790.431122 -9361.885701 -276437.921823 -0.448709 0.725123 -0.522357 0.645539 -0.141217 -0.750558 -0.618013 -0.673984 -0.404730
16.242509 -1308.137111 -7005.933210 -516559.838110 -0.453733 0.683407 -0.571910 0.813525 0.055705 -0.578856 -0.363736 -0.727909 -0.581244
-140.051187 -3128.649267 -16173.011919 1423277.489409 -0.378251 0.791911 -0.479377 0.865667 0.486053 0.119888 0.327944 -0.369633 -0.869381
-225.860972 -2573.835873 -55403.836793 -393084.869443 -0.620851 0.732680 0.278789 0.378731 -0.031037 0.924986 -0.686372 -0.679865 0.258220
70.288701 -1822.461236 -531.865639 -51482.364744 0.651083 -0.752168 -0.101656 0.758144 0.638098 0.134344 -0.036183 -0.164539 0.985707
-161.147549 -2863.633694 202380.417902 966115.409575 0.704758 -0.643052 -0.299667 0.675388 0.737438 0.005922 0.217178 -0.206565 0.954025
-284.492604 -2400.505555 102637.534347 500077.113103 0.646036 -0.733096 -0.212619 -0.584230 -0.295637 -0.755827 -0.491236 -0.612510 0.619289
-497.892303 -5754.397338 -121760.004847 496750.335258 -0.649601 0.661530 0.374695 -0.014836 -0.503777 0.863706 -0.760131 -0.555505 -0.337069
22.002326 -33.151410 -421.830101 -3977.744409 0.540051 -0.512087 0.667916 -0.159169 0.717132 0.678518 -0.826444 -0.472746 0.305780
19.534395 -44.460135 3329.008442 -3416.042102 0.532938 -0.398221 0.746590 -0.154886 0.821515 0.548747 -0.831858 -0.408085 0.376137
18.165836 -44.452380 4552.594960 -2339.223786 0.570711 -0.458293 0.681363 -0.147324 0.759156 0.634017 -0.807827 -0.462222 0.365741
24.025582 -38.866544 198.771814 -3934.261353 0.472453 -0.399033 0.785850 -0.175218 0.831315 0.527460 -0.863763 -0.386895 0.322840
17.385686 -36.948204 1534.634698 -2776.729294 0.586379 -0.574031 0.571531 -0.150046 0.616380 0.773021 -0.796019 -0.539040 0.275302
22.410551 -20.363457 512.274953 -1244.238891 -0.566749 0.712085 -0.414404 -0.062119 0.464620 0.883329 -0.821545 -0.526368 0.219089
20.841696 -25.380899 -3521.967925 -5697.652757 0.483231 -0.520914 0.703659 -0.192432 0.720878 0.665811 -0.854083 -0.457147 0.248110
-16.289494 -28.207185 -991.869669 2261.286366 -0.417769 0.843942 -0.336497 -0.273678 -0.470057 -0.839135 0.866354 0.258473 -0.427344
-15.094543 -36.419896 -660.838445 4040.637681 -0.436645 0.845411 -0.307606 -0.242661 -0.439928 -0.864626 0.866289 0.302890 -0.397241
-11.413520 -36.460052 -1448.718659 5583.548212 -0.437115 0.764696 -0.473467 -0.161363 -0.584557 -0.795144 0.884812 0.271169 -0.378912
-18.251879 -29.805776 -321.017951 -28.817164 -0.314622 0.949119 0.013669 -0.443354 -0.134203 -0.886243 0.839316 0.284891 -0.463019
-22.558898 -35.547169 280.737102 1280.643928 -0.482375 0.854724 0.191732 -0.337020 0.020943 -0.941265 0.808537 0.518660 -0.277956
-22.459608 -36.436780 541.718537 264.420091 -0.503158 0.860608 0.078651 -0.332380 -0.108708 -0.936860 0.797719 0.497531 -0.340746
-21.233188 -34.871456 -89.741692 -299.181943 -0.536361 0.839297 0.088864 -0.310744 -0.098488 -0.945377 0.784701 0.534678 -0.313631
-11.291270 -30.874157 1444.499333 1058.567375 -0.154255 0.928533 0.337686 -0.804154 0.080590 -0.588933 0.574058 0.362398 -0.734252
-9.522373 -30.127554 1465.200590 113.814172 -0.225364 0.931864 0.284323 -0.831658 -0.031986 -0.554366 0.507500 0.361394 -0.782201
-7.857595 -29.071434 599.165367 337.641959 -0.253673 0.926821 0.276862 -0.807466 -0.045305 -0.588173 0.532588 0.372760 -0.759869
-7.749720 -26.272372 -516.293052 -2179.653281 0.982887 0.136927 0.123227 0.110976 0.093790 -0.989388 0.147031 -0.986131 -0.076990
-7.815812 -34.105239 199.156311 9324.790288 0.979745 0.139904 0.143269 0.127122 0.118262 -0.984812 0.154722 -0.983077 -0.098081
19.494715 -109.478031 -11120.033506 -39566.233270 0.960009 0.160682 -0.229267 -0.241132 0.058442 -0.968731 0.142258 -0.985275 -0.094851
23.993785 -141.839999 -21308.423745 -51815.471398 0.947572 0.145145 -0.284675 -0.294532 0.051219 -0.954268 0.123927 -0.988084 -0.091283
-13.905622 -84.133779 478.475067 -31321.898731 0.902206 0.102550 0.418937 0.406430 0.122962 -0.905370 0.144359 -0.987099 -0.069258
17.071685 -79.006496 -94.821348 6278.586702 0.855314 0.010399 0.518005 0.516777 0.054542 -0.854381 0.037138 -0.998457 -0.041277
14.430342 -110.143483 497.273642 -29911.461958 0.769454 -0.004036 0.638690 0.631460 0.154973 -0.759764 0.095914 -0.987910 -0.121793
15.306751 -89.850262 -1075.306686 4929.202147 0.812783 -0.019210 0.582249 0.581000 0.099957 -0.807742 0.042683 -0.994806 -0.092404
20.640080 -102.712037 -559.325050 19203.025069 0.884782 0.025553 0.465304 0.465839 -0.075112 -0.881676 -0.012420 -0.996848 0.078362
17.070062 -88.420375 2094.660244 12277.252110 0.879475 0.077834 0.469537 0.469328 0.022098 -0.882747 0.079084 -0.996721 0.017095
16.466404 -104.821118 -1356.775191 16602.191712 0.860374 -0.016789 0.509387 0.508292 -0.045002 -0.860008 -0.037362 -0.998846 0.030185
-48.101974 -77.648158 694.580348 4542.915148 0.270786 0.962117 0.031716 0.890928 -0.238000 -0.386785 0.364584 -0.132993 0.921624
-44.311944 -76.094612 -1880.849357 3660.590947 0.424350 0.894999 -0.137492 0.833735 -0.445432 -0.326308 0.353288 -0.023837 0.935211
-40.148307 -65.572827 -1645.813745 6534.342939 0.507668 0.829583 -0.232519 0.696634 -0.554054 -0.455769 0.506926 -0.069398 0.859191
-35.539702 -54.115509 -295.076941 4458.270276 0.602261 0.724780 -0.334628 0.534976 -0.677557 -0.504695 0.592522 -0.124940 0.795806
77.001825 -48.760756 18773.614148 327.387749 0.366652 -0.560717 -0.742403 0.778306 -0.252321 0.574955 -0.509711 -0.788626 0.343895
86.900872 -45.102404 9860.615377 -921.785194 -0.187262 0.793597 0.578911 0.778902 -0.239131 0.579765 -0.598535 -0.559483 0.573354
16.222649 -45.970315 3538.048502 -1367.931574 -0.560660 0.827991 0.009543 0.625601 0.431109 -0.650207 0.542479 0.358575 0.759697
18.768043 -49.538533 -134.488190 -1713.530235 -0.534413 0.845175 -0.009019 0.585666 0.362587 -0.724932 0.609424 0.392695 0.688762
23.084901 -47.420022 8049.065281 -1365.216868 -0.570994 0.820945 0.003994 0.579209 0.406297 -0.706711 0.581793 0.401214 0.707491
43.355239 -46.273783 10001.409043 -2209.390875 -0.531758 0.841985 0.091078 0.580232 0.440547 -0.685018 0.616899 0.311417 0.722811
25.895739 -45.859298 9667.461742 -1065.127389 -0.576942 0.816580 0.018333 0.632247 0.460689 -0.622920 0.517110 0.347798 0.782071
35.590778 -47.403387 10432.077608 -1180.186011 -0.556609 0.829032 0.053782 0.521755 0.399214 -0.753923 0.646497 0.391579 0.654757
1060.244816 -67.855321 412233.618371 1219.914766 0.293760 0.792896 -0.533873 -0.352594 0.609013 0.710479 -0.888472 0.020470 -0.458474
506.114008 -59.623189 151841.495330 -612.016381 0.331533 -0.543638 0.771066 -0.467772 0.615038 0.634758 -0.819314 -0.571127 -0.050393
3761.146055 -110.202401 1332189.311162 -2214.590396 0.346996 0.861562 -0.370546 -0.513928 0.505170 0.693312 -0.784520 0.050142 -0.618073
1001.425993 -81.818834 351311.641637 -8274.684105 0.491977 -0.514097 0.702612 -0.343559 0.626897 0.699262 -0.799954 -0.585409 0.131796
349.610962 -61.453026 151859.826263 2499.717029 0.640972 0.734154 -0.223995 -0.430408 0.585405 0.687060 -0.635535 0.343977 -0.691213
688.451232 -60.516116 264440.785329 480.689734 0.238248 0.755823 -0.609893 -0.221382 0.653708 0.723641 -0.945636 0.037386 -0.323070
521.460020 -65.152036 228280.013732 -3624.229087 0.684953 0.687216 -0.242021 -0.320324 0.582393 0.747135 -0.654395 0.434227 -0.619043
1.063283 -48.375686 -205.835019 -3251.209158 0.622925 0.765024 -0.163410 0.510390 -0.555759 -0.656228 0.592846 -0.325378 0.736656
1.937453 -50.782589 -542.310903 -352.046732 0.625734 0.766983 -0.142109 0.407875 -0.477007 -0.778526 0.664903 -0.429187 0.611312
0.343641 -50.430931 204.745454 -3862.120844 0.632425 0.757983 -0.159687 0.495448 -0.554279 -0.668810 0.595457 -0.343856 0.726081
57.864977 -61.134732 -6407.616659 -5598.657844 0.381465 0.843517 -0.378104 -0.669736 -0.029725 -0.742004 0.637133 -0.536279 -0.553595
27.747783 -66.820926 -5838.295589 -8213.291259 0.596947 0.697917 -0.395686 -0.584061 0.039919 -0.810727 0.550025 -0.715066 -0.431456
32.213067 -55.732622 -6745.918504 -5004.837569 0.595607 0.684860 -0.419785 -0.529005 -0.058845 -0.846576 0.604488 -0.726295 -0.327246
38.783258 -57.385947 -6888.945928 1538.160988 0.561267 0.722929 -0.402930 -0.496958 -0.094929 -0.862566 0.661824 -0.684369 -0.305985
-0.485613 -107.367716 2485.559846 -1006.271658 0.006928 0.980654 0.195626 0.950197 -0.067411 0.304271 -0.311572 -0.183775 0.932282
2.372130 -103.155990 2794.076761 -6877.892625 0.007679 0.982123 0.188083 0.866975 -0.100265 0.488161 -0.498293 -0.159315 0.852246
-3.962130 -110.180237 1188.957060 -393.070827 0.028164 0.977023 0.211264 0.957350 -0.087162 0.275469 -0.287554 -0.194495 0.937808
2.830101 -46.600984 2250.738844 -3182.673896 0.436703 0.793211 -0.424391 -0.457677 0.602035 0.654283 -0.774482 0.091493 -0.625945
0.888166 -47.972812 817.475267 -1983.512422 0.412729 0.811206 -0.414246 -0.463914 0.578595 0.670829 -0.783861 0.084696 -0.615132
-39.850549 -63.057513 5211.312695 2466.804996 0.986690 -0.144307 -0.074955 -0.154152 -0.683328 -0.713653 -0.051767 -0.715708 0.696478
-48.319844 -70.261390 3562.904412 4304.401567 0.985029 -0.151884 0.081540 -0.040252 -0.662572 -0.747916 -0.167622 -0.733437 0.658766
-29.834778 -55.007705 10526.425682 2484.384950 0.840337 -0.365394 -0.400401 -0.536755 -0.457776 -0.708756 -0.075682 -0.810511 0.580813
-6.046989 -57.076988 1396.876055 -672.399155 0.576659 0.743874 -0.337811 0.707163 -0.247411 0.662350 0.409127 -0.620837 -0.668713
-9.314714 -62.756034 -830.545131 2800.338844 0.534962 0.736052 -0.414780 0.753857 -0.194188 0.627687 0.381465 -0.648474 -0.658761
-11.333249 -69.760294 -1678.902904 7141.235207 0.507276 0.740009 -0.441655 0.799236 -0.212297 0.562274 0.322325 -0.638214 -0.699134
0.765010 -55.142721 -1231.911405 -1174.729331 0.278867 0.902333 -0.328677 -0.400661 0.420364 0.814104 -0.872756 0.095339 -0.478755
-0.061082 -52.650893 -98.499025 -2193.172383 0.276945 0.908688 -0.312391 -0.377576 0.401869 0.834229 -0.883594 0.113084 -0.454394
0.184727 -61.344226 -1198.400077 -5287.281726 0.292728 0.889924 -0.349778 -0.280107 0.429563 0.858496 -0.914248 0.153331 -0.375019
-11.634228 -38.536358 -1017.208307 487.813253 0.448822 0.774277 -0.446154 -0.781094 0.582449 0.225044 -0.434109 -0.247484 -0.866199
-10.978289 -42.704561 -2687.990068 1012.597513 0.467349 0.736061 -0.489693 -0.784935 0.600329 0.153238 -0.406769 -0.312762 -0.858323
-10.358660 -39.961803 -1253.178965 1375.424535 0.404876 0.800210 -0.442424 -0.759826 0.563607 0.324054 -0.508665 -0.204963 -0.836212
-4.673497 -69.039192 -2003.570619 1644.749023 0.550792 0.664198 -0.505440 0.747392 -0.122930 0.652912 0.371529 -0.737380 -0.564125
-6.540777 -70.325538 1181.130904 1479.125952 0.524538 0.702373 -0.481178 0.785759 -0.181784 0.591217 0.327784 -0.688206 -0.647248
-7.463056 -67.838323 937.891980 430.014308 0.541821 0.689433 -0.480741 0.738599 -0.117586 0.663810 0.401124 -0.714742 -0.572926
17.577503 -49.199942 6746.839448 -6423.745506 0.555028 0.775829 -0.300057 -0.476294 0.000671 -0.879286 0.681974 -0.630943 -0.369895
-2.624638 -117.103593 303.128939 -1423.734653 0.394703 -0.215143 0.893265 0.139289 0.974974 0.173276 -0.908190 0.056030 0.414792
-3.323208 -115.372874 490.996553 -4200.493038 0.406242 -0.206159 0.890205 0.271895 0.957361 0.097633 -0.872376 0.202380 0.444974
-2.667726 -109.166189 1050.927161 -3007.999402 0.406342 -0.200633 0.891422 0.078786 0.979655 0.184578 -0.910318 -0.004770 0.413882
-8.356388 -143.654503 2000.187096 21036.216637 -0.453690 0.432740 -0.779038 -0.467725 0.628473 0.621494 0.758550 0.646341 -0.082729
19.663671 -1644.726800 16967.763808 655297.734496 -0.396988 0.365584 -0.841872 -0.418740 0.744082 0.520576 0.816736 0.559188 -0.142307
-30.246593 -81.276604 7072.001838 -25234.519389 -0.459765 0.596979 -0.657444 0.324816 -0.575982 -0.750160 0.826505 0.558445 -0.070908
9.166902 -58.849709 -5703.715426 5179.797364 -0.459874 -0.863081 -0.208821 0.887915 -0.449872 -0.096030 -0.011061 -0.229577 0.973228
7.063991 -65.680856 3922.165604 2037.883629 0.480032 0.847549 0.226340 0.860468 -0.505134 0.066598 -0.170777 -0.162789 0.971769
-4.802329 -61.944870 -4638.230847 2594.605976 -0.514746 -0.830234 -0.213889 0.851708 -0.523749 -0.016733 -0.098132 -0.190784 0.976715
2.983675 -66.137538 3174.772696 -831.204896 0.507493 0.829441 0.233408 0.814785 -0.550069 0.183163 -0.280313 -0.097223 0.954972
-9.722853 -66.558752 4883.931414 -511.557824 0.565930 0.793978 0.222086 0.785388 -0.601123 0.147707 -0.250777 -0.090832 0.963774
34.416866 -57.980538 6092.389982 2803.165326 -0.339706 -0.107515 -0.934366 0.249731 0.947474 -0.199817 0.906772 -0.301219 -0.295013
27.510361 -56.826906 4723.700717 -2601.602384 -0.306894 -0.077113 -0.948614 0.149779 0.980379 -0.128151 0.939884 -0.181411 -0.289323
21.341574 -59.816435 5540.079373 144.206450 -0.355977 -0.017689 -0.934327 0.209355 0.972898 -0.098183 0.910742 -0.230557 -0.342626
34.129425 -143.023393 8270.742076 -23523.488209 -0.114421 0.654929 0.746978 0.535616 -0.592597 0.601618 -0.836674 -0.468931 0.282985
24.140711 -134.279896 5083.131362 336.996153 -0.148000 0.687794 0.710658 0.719079 -0.418496 0.554785 -0.678986 -0.593128 0.432641
-23.044473 -36.849290 4382.698942 1263.979829 -0.275639 0.398686 -0.874684 -0.108272 0.891267 0.440364 0.955144 0.216086 -0.202501
-18.912240 -33.111661 3738.716281 1828.746351 -0.279944 0.337627 -0.898688 -0.214781 0.890362 0.401404 0.935682 0.305391 -0.176736
-24.886582 -32.169212 3680.571711 1766.262423 -0.256583 0.361773 -0.896262 -0.232464 0.876986 0.420542 0.938150 0.316252 -0.140921
-10.447570 -28.918610 1509.722654 86.691876 0.048009 0.951341 -0.304378 0.549999 -0.279550 -0.786989 0.833784 0.129625 0.536658
-12.392125 -30.277928 2495.358925 -574.290356 0.121102 0.919725 -0.373416 0.570930 -0.372271 -0.731747 0.812018 0.124578 0.570181
-14.905452 -31.739273 3006.975314 -999.534766 0.160425 0.874949 -0.456867 0.490496 -0.472333 -0.732335 0.856550 0.106606 0.504934
-13.529603 -31.611730 1693.419294 -1533.242695 0.131235 0.892253 -0.432044 0.461904 -0.440650 -0.769722 0.877167 0.098548 0.469964
2.059674 -172.482477 -1136.017551 11399.631759 0.114030 0.989237 0.091690 -0.851487 0.049767 0.522008 -0.511827 0.137598 -0.847998
1.843143 -175.606836 -445.162045 8949.259800 0.104336 0.988881 0.105968 -0.789049 0.017447 0.614083 -0.605406 0.147685 -0.782095
0.356478 -179.630050 488.549621 -900.878018 0.133750 0.983623 0.120820 -0.933111 0.083933 0.349654 -0.333787 0.159505 -0.929056
-66.777877 -2202.449733 4625.078785 895804.793460 0.064501 -0.023343 -0.997645 0.245752 0.969309 -0.006792 0.967184 -0.244735 0.068258
-37.663491 -859.543060 1922.817970 -262308.638936 0.056213 -0.095447 -0.993846 0.902487 0.430608 0.009691 0.427033 -0.897478 0.110346
-20.312297 -2154.335700 510.662782 -775380.404205 -0.035951 -0.018390 -0.999184 0.967656 0.249178 -0.039403 0.249699 -0.968283 0.008837
-20.335591 -1620.081088 8500.511718 -761578.145870 0.011091 0.066627 -0.997716 0.771314 0.634413 0.050940 0.636358 -0.770117 -0.044354
-33.691964 -1166.778578 72.100871 -386136.559289 0.040645 -0.038652 -0.998426 0.925081 0.379074 0.022984 0.377589 -0.924559 0.051164
5.581244 -39.192099 563.384973 6989.215477 0.411466 -0.076072 -0.908245 0.871250 -0.259770 0.416464 -0.267616 -0.962670 -0.040608
-27.509956 -75.738183 -675.688412 14905.332272 -0.075730 -0.996072 -0.045883 0.996339 -0.077421 0.036259 -0.039668 -0.042969 0.998289
-1.489581 -19.110239 7521.225921 -5774.787659 0.117300 0.974182 -0.192900 -0.515755 0.225750 0.826458 -0.848668 -0.002545 -0.528920
11.293433 -28.429480 -4226.522243 7203.376083 -0.206369 0.874157 0.439615 -0.411456 -0.485160 0.771572 -0.887759 0.021654 -0.459799
-4.238353 -20.599078 -14028.007250 6463.290360 -0.444147 0.602422 0.663190 0.293307 0.797182 -0.527704 -0.846584 -0.039860 -0.530761
-12.993871 -28.069281 -10917.763456 -11749.806077 -0.412268 -0.639570 0.648834 -0.307794 0.768075 0.561537 -0.857495 0.031796 -0.513509
-56.222614 -77.864504 2355.997286 -2152.051164 0.254534 -0.346864 0.902717 -0.310877 0.854566 0.416019 -0.915734 -0.386525 0.109684
-50.899461 -68.465373 4707.367196 -4201.861847 0.393378 -0.492103 0.776588 -0.411195 0.661323 0.627352 -0.822297 -0.566116 0.057799
-3.723785 -45.862608 -3846.070456 377.462607 -0.124280 0.988432 0.086932 -0.984565 -0.111962 -0.134525 0.123236 0.102309 -0.987090
1.350486 -48.570109 -3739.534048 782.347232 -0.137279 0.986845 0.085395 -0.938984 -0.102201 -0.328428 0.315380 0.125271 -0.940661
5.206136 -47.191882 -4663.457851 409.555733 -0.133710 0.987944 0.078034 -0.966750 -0.112710 -0.229546 0.217983 0.106132 -0.970165
-5.433683 -49.234825 -1823.901339 347.173137 -0.135823 0.984787 0.108379 -0.918374 -0.084109 -0.386671 0.371673 0.152052 -0.915827
28.585814 -44.541851 4702.466307 774.141207 -0.463668 0.728622 0.504106 0.871967 0.274367 0.405457 0.157115 0.627561 -0.762550
23.360108 -43.071556 5797.185990 152.053017 -0.484778 0.698630 0.526220 0.848132 0.228498 0.477975 0.213688 0.678016 -0.703301
13.888443 -41.785154 6829.037918 398.351607 -0.486629 0.676020 0.553344 0.849814 0.219485 0.479210 0.202505 0.703437 -0.681299
-5.433284 -52.798889 -871.004716 -81.177177 -0.560694 0.812315 0.160517 0.670490 0.331657 0.663662 -0.485866 -0.479736 0.730607
-5.268573 -48.738311 -1319.801590 229.238026 -0.533218 0.823001 0.195827 0.633200 0.234759 0.737527 -0.561013 -0.517260 0.646302
-2.275861 -47.844835 -1649.744497 -1276.224723 -0.546917 0.812904 0.200171 0.625160 0.237529 0.743475 -0.556827 -0.531758 0.638104
-3.688526 -51.851608 -306.997082 2727.233254 -0.559837 0.812700 0.161556 0.657870 0.317413 0.682976 -0.503775 -0.488638 0.712351
