17970
35927
-37.457747 -54.625447 -1241.059963 6350.166780 0.020923 0.991849 -0.125689 0.960524 -0.054824 -0.272741 0.277408 0.115021 0.953842
-43.107098 -65.693016 -563.221365 5498.783853 -0.017837 -0.985006 0.171593 0.987220 -0.044533 -0.153016 0.158363 0.166671 0.973212
-42.237795 -76.450233 -1793.443477 13030.517360 -0.381312 0.924368 -0.012059 0.902741 0.369517 -0.220262 0.199147 0.094874 0.975366
-36.527665 -54.806783 -1321.797285 4065.050884 0.355468 0.889752 -0.286329 0.903499 -0.405562 -0.138598 0.239442 0.209431 0.948054
-26.850811 -64.757199 -5908.222301 14576.725077 -0.294366 0.953378 0.066480 0.894369 0.299327 -0.332425 0.336826 0.038397 0.940784
-33.078982 -43.951962 -2134.101333 6440.297275 0.108637 0.987645 -0.112940 0.922144 -0.142556 -0.359624 0.371281 0.065078 0.926237
-30.578262 -45.230070 -526.186329 3763.156018 0.512898 0.801344 -0.307870 0.784975 -0.582972 -0.209662 0.347490 0.134135 0.928040
33.840310 -98.977746 -4205.228675 3622.616013 -0.181526 0.923372 0.338279 0.503696 0.382748 -0.774464 0.844594 -0.029804 0.534577
48.872985 -100.265559 -6883.894139 10051.890970 -0.243781 0.922417 0.299529 0.319933 0.368046 -0.873032 0.915540 0.116999 0.384834
38.140004 -95.901565 -5174.309306 12550.707501 -0.147116 0.942612 0.299733 0.274593 0.330040 -0.903146 0.950240 0.050562 0.307389
29.713741 -86.651955 -3585.514671 7384.271714 -0.105097 0.940832 0.322164 0.370073 0.337692 -0.865454 0.923039 -0.028268 0.383667
38.260456 -82.557531 -4837.445562 10284.797101 -0.091328 0.960792 0.261799 0.175295 0.274303 -0.945531 0.980271 0.040461 0.193474
59.829773 -98.898094 4928.289978 11424.016600 0.867302 -0.342172 0.361532 -0.452681 -0.240077 0.858745 0.207043 0.908450 0.363114
63.771931 -92.574202 4014.857895 13014.466588 0.862208 -0.458164 0.216061 -0.399301 -0.352270 0.846442 0.311698 0.816083 0.486676
71.132072 -77.843889 7262.661229 12832.743589 0.860898 -0.387638 0.329533 -0.479199 -0.400159 0.781179 0.170949 0.830427 0.530252
72.330630 -67.251152 11766.540128 8995.183999 0.847013 -0.474922 0.238785 -0.472168 -0.465825 0.748375 0.244188 0.746629 0.618803
-14.504355 -50.892682 -3144.523499 1195.806875 0.328543 0.918554 -0.219814 -0.201266 -0.159300 -0.966497 0.922796 -0.361777 -0.132536
-11.153966 -51.056622 -4741.402005 -52.071207 0.354006 0.914948 -0.193777 -0.078771 -0.177289 -0.981001 0.931920 -0.362544 -0.009310
-4.245167 -49.398305 -6619.812947 804.607066 0.368137 0.919923 -0.134973 -0.175342 -0.073873 -0.981732 0.913088 -0.385078 -0.134106
-7.798252 -46.823441 -4493.604704 2013.729185 0.348947 0.924732 -0.152011 -0.287036 -0.048948 -0.956668 0.892102 -0.377459 -0.248351
-13.214485 -48.216125 -1260.315066 2326.242083 0.300240 0.929670 -0.213471 -0.307291 -0.117595 -0.944322 0.903011 -0.349121 -0.250372
-14.893065 -49.991904 -1501.988076 -1656.913973 0.038629 0.513655 -0.857127 0.857367 0.423544 0.292459 0.513254 -0.746170 -0.424029
-16.185288 -49.174144 -2334.034634 -2875.110942 0.091408 0.556873 -0.825553 0.900571 0.307580 0.307191 0.424990 -0.771549 -0.473388
-21.180346 -53.306227 148.119885 -448.995020 -0.041879 0.533463 -0.844786 0.846529 0.468055 0.253601 0.530693 -0.704515 -0.471194
-7.198077 -44.422724 -4374.049131 -2409.685514 0.186175 0.539351 -0.821242 0.876047 0.287311 0.387291 0.444838 -0.791551 -0.419007
-18.728276 -50.941648 -757.689592 839.953359 -0.001944 0.501341 -0.865247 0.778286 0.544055 0.313488 0.627907 -0.672801 -0.391244
-13.220544 -49.458189 -4289.731715 -416.920169 0.161755 0.511961 -0.843642 0.818141 0.408454 0.404735 0.551798 -0.755685 -0.352787
4.865492 -56.134920 949.936832 2860.915815 0.374340 0.919924 -0.116657 0.208896 -0.206230 -0.955945 0.903456 -0.333479 0.269369
3.624695 -56.649849 134.945113 2206.998033 0.368311 0.925606 -0.087184 0.201584 -0.171053 -0.964419 0.907585 -0.337632 0.249588
6.414434 -53.450080 453.091153 35.843349 0.380405 0.917298 -0.117710 0.146339 -0.185379 -0.971710 0.913168 -0.352418 0.204756
5.661520 -55.011376 1211.989777 1524.631044 0.373948 0.915984 -0.145382 0.158289 -0.217488 -0.963143 0.913842 -0.337153 0.226319
-4.926645 -43.474308 662.683473 2071.681378 -0.273732 -0.961671 0.016097 0.961798 -0.273622 0.008697 -0.003959 0.017862 0.999833
-4.280280 -40.772341 -1285.630919 647.315946 -0.287831 -0.956061 0.055686 0.956987 -0.284921 0.054740 -0.036469 0.069047 0.996947
-6.273835 -45.180190 -129.595129 -2141.421963 0.230486 0.972394 -0.036418 0.960542 -0.221371 0.168388 -0.155678 0.073793 0.985048
-4.855497 -41.043294 970.430733 7609.597205 0.339666 0.939520 -0.043917 0.936768 -0.342113 -0.073654 0.084224 0.016123 0.996316
-5.302785 -51.058303 -743.347072 -833.374846 0.202571 0.978945 -0.025150 0.966017 -0.195554 0.169029 -0.160551 0.058535 0.985290
-5.071874 -44.729810 -1393.537830 3037.981012 0.322885 0.946363 -0.011913 0.940190 -0.322172 -0.110674 0.108575 -0.024534 0.993785
-3.091870 -48.361143 -770.808881 3691.508486 0.295770 0.955232 -0.007255 0.949160 -0.294730 -0.110583 0.107771 -0.025821 0.993840
-4.160878 -46.778909 1068.978482 2796.640121 -0.249584 -0.968326 0.007287 0.968345 -0.249544 0.006014 -0.004005 0.008558 0.999955
15.207526 -46.727375 1584.862853 -1370.713329 -0.072965 -0.995630 0.058281 0.997086 -0.071518 0.026550 -0.022266 0.060048 0.997947
13.150886 -52.695945 647.171912 -8784.521975 -0.064358 -0.995024 0.076064 0.996275 -0.068448 -0.052445 0.057390 0.072405 0.995723
10.948382 -49.100757 -3297.858679 -3582.437775 0.046526 0.998802 -0.015140 0.998785 -0.046761 -0.015552 0.016241 0.014398 0.999764
10.848992 -49.502684 -3357.164465 4225.648817 0.079006 0.996844 -0.007686 0.995097 -0.078403 0.060288 -0.059495 0.012412 0.998151
7.089689 -52.585801 -3189.270984 -6634.718028 0.001579 0.999992 0.003748 0.997078 -0.001288 -0.076380 0.076375 -0.003858 0.997072
6.999397 -46.921776 4044.246644 -908.838368 -0.012087 -0.999867 -0.010932 0.999886 -0.012185 0.008906 -0.009038 -0.010824 0.999901
22.163885 -104.596382 4224.513144 4021.634167 0.037269 0.952935 -0.300875 0.951457 0.058212 0.302227 -0.305517 0.297533 0.904507
14.604455 -97.461099 -4925.178933 749.687234 -0.058984 -0.944036 0.324525 0.988313 -0.009449 0.152144 -0.140563 0.329707 0.933561
20.328234 -95.527033 1779.368774 1030.427637 0.015834 -0.973674 0.227392 0.983677 0.055939 0.171028 -0.179246 0.220973 0.958667
27.661782 -104.227435 -927.784858 3848.382381 -0.031511 0.971287 -0.235816 0.940477 0.108691 0.322007 -0.338392 0.211633 0.916898
22.458883 -101.137651 -4856.861323 3628.274275 -0.088985 0.978598 -0.185549 0.951863 0.138411 0.273495 -0.293324 0.152280 0.943807
15.278467 -86.512193 3546.817146 3690.774203 0.045206 -0.980179 0.192885 0.993563 0.064191 0.093340 -0.103872 0.187424 0.976772
16.992139 -82.440405 2750.121492 792.176594 -0.014716 -0.976485 0.215082 0.999648 -0.009617 0.024732 -0.022082 0.215370 0.976283
-0.203292 -148.285389 -564.057275 3465.019598 0.278814 0.857162 -0.433053 0.956799 -0.286655 0.048630 -0.082454 -0.427903 -0.900056
0.706020 -140.035780 -22.523905 8003.346226 0.261687 0.860070 -0.437949 0.951762 -0.305284 -0.030831 -0.160216 -0.408756 -0.898471
0.442906 -132.711742 -479.045557 3739.213351 0.311766 0.844475 -0.435504 0.947708 -0.243474 0.206324 0.068201 -0.477056 -0.876223
1.274134 -127.838821 1004.567185 3959.085021 0.288525 0.857792 -0.425377 0.957472 -0.258265 0.128633 0.000480 -0.444401 -0.895828
-0.343224 -109.867361 -4395.123297 13542.838340 0.013338 0.918771 -0.394565 -0.635877 0.312324 0.705772 -0.771675 -0.241482 -0.588391
5.513942 -92.294163 -4421.823577 15567.505357 0.007981 0.923464 -0.383601 -0.494900 0.336985 0.800946 -0.868913 -0.183452 -0.459712
-0.147236 -87.594160 -4311.795382 15782.462243 -0.010107 0.932122 -0.362002 -0.480949 0.312865 0.819026 -0.876690 -0.182383 -0.445141
-17.534555 -25.419272 4477.114569 668.742350 -0.450094 0.538435 -0.712392 0.153418 0.832533 0.532308 0.879704 0.130294 -0.457324
-14.149428 -27.916067 4089.746879 1254.888837 -0.457220 0.462759 -0.759476 0.159435 0.882779 0.441906 0.874946 0.080961 -0.477404
-6.660726 -25.893639 4016.732137 1859.089004 -0.485106 0.370315 -0.792174 0.068049 0.919145 0.387998 0.871804 0.134313 -0.471082
4.221196 -25.568008 3216.058632 1570.927446 -0.498860 0.249055 -0.830127 0.028849 0.962062 0.271302 0.866202 0.111394 -0.487119
-0.421449 -24.276346 3480.473291 1872.902806 -0.492263 0.331003 -0.805055 0.026115 0.930076 0.366438 0.870054 0.159360 -0.466486
8.809237 -50.725818 -2335.231591 148.150265 0.043703 0.993707 -0.103129 0.971507 -0.066340 -0.227538 0.232947 0.090246 0.968293
16.022485 -48.915095 -5334.090524 1362.016121 -0.003731 0.996262 -0.086304 0.942490 -0.025341 -0.333273 0.334215 0.082584 0.938872
8.647898 -51.565376 -2508.613157 895.422874 0.032097 0.995015 -0.094423 0.928492 -0.064653 -0.365682 0.369964 0.075934 0.925938
2.932366 -118.379972 381.003157 -6777.831496 0.890472 -0.107577 0.442140 -0.237502 0.718925 0.653253 0.388140 0.686713 -0.614632
4.236316 -129.615777 597.095746 -4249.582306 0.899137 -0.118899 0.421208 -0.295702 0.544481 0.784921 0.322666 0.830303 -0.454405
3.706921 -123.239178 963.655607 -6347.094235 0.889770 -0.092583 0.446921 -0.258039 0.705648 0.659907 0.376465 0.702488 -0.603974
2.280524 -113.716562 699.365523 -6023.510615 0.884328 -0.077013 0.460470 -0.201420 0.826852 0.525115 0.421182 0.557122 -0.715697
0.667040 -50.982103 986.130537 -1005.260881 0.251765 0.939618 -0.231804 -0.437651 -0.103091 -0.893215 0.863178 -0.326329 -0.385270
2.484210 -49.051065 591.349910 574.275317 0.281862 0.942121 -0.181555 -0.354537 -0.073562 -0.932144 0.891548 -0.327104 -0.313282
0.614884 -51.942644 343.353922 -9.429491 0.274569 0.940477 -0.200290 -0.361429 -0.092081 -0.927842 0.891056 -0.327147 -0.314633
-0.573507 -54.575269 249.484390 -1437.651079 0.259494 0.936802 -0.234660 -0.412195 -0.112302 -0.904148 0.873360 -0.331347 -0.357003
2.163414 -62.443256 -367.384937 -225.294307 0.197463 0.919730 -0.339272 -0.893633 0.026597 -0.448011 0.403025 -0.391650 -0.827152
3.028347 -59.129762 -129.330068 -1228.494574 0.213071 0.919378 -0.330675 -0.831885 -0.006791 -0.554907 0.512415 -0.393318 -0.763369
0.301084 -64.489611 -232.293552 -1204.192942 0.175159 0.920927 -0.348157 -0.898977 0.005412 -0.437963 0.401448 -0.389698 -0.828840
-0.313650 -65.989095 -70.424112 2172.058263 0.183499 0.922651 -0.339181 0.937532 -0.060515 0.342596 0.295571 -0.380859 -0.876119
-8.287137 -154.330936 -4393.187126 -2066.291500 0.917865 -0.151215 0.366957 0.068378 -0.850502 -0.521507 -0.390957 -0.503765 0.770307
-8.609323 -150.275756 -3560.991395 6582.800128 0.920809 -0.170223 0.350907 0.038392 0.934918 0.352780 -0.388121 -0.311371 0.867416
-1.408742 -152.031546 -2356.333587 523.805191 0.917790 -0.117670 0.379231 0.120221 -0.827902 -0.547836 -0.378430 -0.548390 0.745694
-3.422819 -156.946682 -4635.619540 1192.326947 0.907023 -0.123736 0.402491 0.203651 -0.707721 -0.676503 -0.368559 -0.695572 0.616721
1.411142 -136.319840 356.528019 1040.205456 0.927521 -0.092667 0.362101 0.105047 -0.865103 -0.490471 -0.358705 -0.492960 0.792667
4.430906 -142.134178 -632.355174 4957.644878 0.919545 -0.063810 0.387769 0.222236 -0.729362 -0.647025 -0.324111 -0.681145 0.656501
4.153446 -150.217737 -2670.030248 4643.430056 0.905986 -0.074445 0.416711 0.290073 -0.607773 -0.739236 -0.308297 -0.790614 0.529039
17.760588 -201.491957 2460.251013 -5774.900494 0.936133 -0.028277 0.350508 -0.286834 0.515216 0.807638 0.203425 0.856594 -0.474200
15.955159 -172.995029 493.577090 -18725.140629 0.923968 -0.000766 0.382469 -0.247342 0.761548 0.599054 0.291727 0.648108 -0.703457
12.426848 -185.115986 1418.373314 -5036.339068 0.931986 -0.058493 0.357743 -0.283511 0.497349 0.819918 0.225883 0.865576 -0.446939
-6.110475 -38.132353 -1754.825724 -2405.877611 0.877561 -0.405638 0.255627 0.190709 0.784467 0.590120 0.439906 0.469116 -0.765776
-2.490969 -37.029287 -1181.728798 -3005.942131 0.876903 -0.419196 0.235194 0.232881 0.798564 0.555033 0.420485 0.431938 -0.797886
-2.939889 -44.172642 -879.691131 -2705.838324 0.882506 -0.387881 0.265955 0.142967 0.759994 0.634010 0.448045 0.521495 -0.726153
-5.514911 -44.484507 -1124.935933 -3704.096916 0.884241 -0.336455 0.323908 0.061260 0.771111 0.633747 0.462997 0.540542 -0.702459
-10.560098 -428.335871 -3893.144939 -97810.078277 0.935082 -0.064253 0.348558 -0.352771 -0.263789 0.897757 -0.034262 0.962438 0.269332
-0.749053 -402.240076 -1213.483383 -30491.188455 0.944917 -0.048094 0.323759 -0.274984 -0.653144 0.705540 -0.177528 0.755705 0.630392
-18.730410 -619.328832 -6644.160986 -182731.313513 0.921963 -0.072450 0.380442 -0.363327 -0.501920 0.784902 -0.134085 0.861874 0.489074
-12.642155 -632.301842 -5026.766077 -214641.673157 0.927066 -0.072634 0.367795 -0.372251 -0.061955 0.926062 0.044477 0.995432 0.084475
-9.296462 -340.904973 -2538.120313 -61062.692286 0.940297 -0.060431 0.334948 -0.326755 0.115143 0.938069 0.095255 0.991509 -0.088523
-11.915433 -42.507524 2185.321707 -2143.109371 0.211410 0.924317 0.317717 -0.594010 0.379649 -0.709238 0.776182 0.038787 -0.629315
-14.036416 -39.222754 2485.611838 -1538.687416 0.204033 0.939233 0.276063 -0.547936 0.343251 -0.762853 0.811256 -0.004382 -0.584674
-17.430172 -45.110911 2097.340103 -2437.983777 0.207055 0.941816 0.264784 -0.633721 0.335309 -0.697112 0.745336 0.023459 -0.666276
-13.730073 -46.444343 1789.177036 -2933.300219 0.202896 0.931197 0.302827 -0.664901 0.358050 -0.655520 0.718846 0.068348 -0.691802
-16.705787 -47.721589 1710.018147 -1842.869374 0.230230 0.927719 0.293821 -0.714647 0.366119 -0.596017 0.660510 0.072757 -0.747284
-21.151301 -43.469498 2038.892933 -2926.941487 0.249998 0.934318 0.254069 -0.652558 0.356438 -0.668670 0.715310 -0.001371 -0.698806
0.795952 -15.138751 -43.788775 217.160915 -0.684622 -0.492536 -0.537309 -0.210434 0.839322 -0.501254 0.697861 -0.230102 -0.678264
2.891754 -17.340944 2160.654661 956.129371 -0.718651 -0.308443 -0.623221 -0.061155 0.920804 -0.385202 0.692677 -0.238712 -0.680599
3.661854 -16.019287 485.144241 900.101505 -0.697928 -0.441931 -0.563554 -0.191344 0.873364 -0.447910 0.690133 -0.204776 -0.694106
5.268617 -18.898194 1212.964894 1119.630598 -0.704263 -0.387832 -0.594643 -0.138910 0.896685 -0.420309 0.696216 -0.213406 -0.685376
3.629967 -14.726245 -756.519214 523.506015 -0.648217 -0.603632 -0.464158 -0.326802 0.771113 -0.546429 0.687761 -0.202517 -0.697117
5.472997 -14.840658 -319.520369 428.831143 -0.667223 -0.546397 -0.506225 -0.296735 0.818353 -0.492186 0.683200 -0.178184 -0.708159
5.286606 -16.365990 155.764047 910.847654 -0.678073 -0.494629 -0.543654 -0.258171 0.852824 -0.453915 0.688161 -0.167431 -0.705976
-17.363666 -32.447071 618.574000 -686.974649 -0.004828 0.984109 0.177500 0.042567 0.177543 -0.983192 0.999082 -0.002808 0.042748
-17.405111 -34.666978 1013.169646 -582.153525 -0.039083 0.952385 0.302382 -0.026100 0.301537 -0.953097 0.998895 0.045142 -0.013073
-15.164094 -32.814610 962.743052 -906.212109 -0.046660 0.959124 0.279112 0.060257 0.281610 -0.957635 0.997092 0.027865 0.070934
-14.228253 -30.123316 252.758666 -763.315031 -0.000354 0.994932 0.100548 0.129198 0.099751 -0.986589 0.991619 -0.012641 0.128578
-13.540759 -33.970333 1292.951566 -1114.485693 -0.082894 0.932724 0.350933 0.052576 0.355748 -0.933102 0.995170 0.058898 0.078529
-12.830947 -31.981534 592.100789 -708.134445 -0.063889 0.959583 0.274076 0.120811 0.280054 -0.952352 0.990617 0.027733 0.133821
-7.253436 -93.814270 -831.273328 1327.474849 0.388218 0.860974 -0.328649 -0.350478 -0.191890 -0.916703 0.852322 -0.471065 -0.227257
-6.341705 -92.753467 -1182.438387 1317.113260 0.394440 0.843606 -0.364344 -0.499960 -0.135656 -0.855358 0.771010 -0.519545 -0.368261
-8.093059 -88.537561 -1124.684670 1033.270619 0.379531 0.856004 -0.351018 -0.521178 -0.115664 -0.845574 0.764415 -0.503865 -0.402232
-8.472580 -90.974376 -2016.687980 1858.378546 0.396978 0.855892 -0.331447 -0.349748 -0.192810 -0.916788 0.848578 -0.479868 -0.222805
-634.198232 -3733.874527 -168371.660765 1370500.644547 0.864053 0.501276 -0.046206 0.215624 -0.451482 -0.865835 0.454883 -0.738164 0.498192
414.419443 -695.146659 31790.280458 232078.053103 0.792066 -0.283319 0.540704 0.499694 -0.207844 -0.840897 -0.350624 -0.936232 0.023053
-174.334745 -3326.020721 27689.120156 1025135.954608 0.960256 -0.127874 -0.248106 -0.264841 -0.136744 -0.954547 -0.088135 -0.982318 0.165175
-245.182200 -730.216153 15826.126837 228608.585149 0.971209 0.222674 -0.084677 -0.005674 -0.333720 -0.942655 0.238163 -0.915995 0.322848
-110.436598 -162.138475 27795.669543 46148.612361 -0.657411 -0.024921 -0.753120 0.753285 0.003862 -0.657682 0.019299 -0.999682 0.016234
-288.290839 -1053.673686 -43145.795848 318154.194152 0.967595 0.035222 0.250038 0.251863 -0.063970 -0.965646 0.018017 -0.997330 0.070768
-514.848070 -766.680560 136844.911832 272408.257149 0.786673 -0.060424 -0.614406 -0.612147 -0.205520 -0.763569 0.080135 -0.976786 0.198666
-1.006441 -52.717779 -54.739878 779.125794 0.175093 0.984552 0.000547 0.973259 -0.173001 -0.151119 0.148690 -0.026992 0.988515
-1.597396 -56.387601 -634.787015 3542.441530 0.150149 0.988535 0.015933 0.987713 -0.149279 -0.046244 0.043336 -0.022681 0.998803
-1.081099 -55.621457 -610.862668 3069.326682 0.160273 0.986995 0.012362 0.981671 -0.158075 -0.106464 0.103125 -0.029198 0.994240
-0.431233 -51.164765 -963.482882 -1234.737230 0.159131 0.987105 0.017342 0.975928 -0.154627 -0.153803 0.149138 -0.041399 0.987949
-26.767917 -47.703802 4103.816873 -2607.062694 -0.254949 -0.534005 0.806127 -0.097645 0.843632 0.527968 -0.962012 0.055891 -0.267226
-20.293874 -39.773304 -4041.478192 -3456.746111 0.174286 0.760701 -0.625266 -0.269514 0.647589 0.712735 -0.947094 -0.044298 -0.317886
-22.251135 -46.091075 -2292.814877 -2335.170072 0.191176 0.709286 -0.678502 -0.152438 0.704320 0.693323 -0.969646 0.029117 -0.242772
-55.790964 -72.885431 519.665448 2133.358481 0.247908 0.968686 -0.013770 0.524318 -0.122205 0.842708 -0.814636 0.216134 0.538195
-61.505445 -69.211305 2065.045373 3057.723095 0.133903 0.990123 0.041554 0.582307 -0.112541 0.805142 -0.801866 0.083613 0.591625
-56.982943 -71.662555 511.294446 1952.972210 0.171698 0.981855 -0.080501 0.656745 -0.053170 0.752236 -0.734307 0.182026 0.653957
-59.770165 -73.341863 751.806485 2975.565626 0.241319 0.945421 0.218964 0.425669 -0.305889 0.851609 -0.872107 0.112304 0.476253
-54.886560 -73.156530 771.942393 1949.301929 0.257918 0.953484 -0.156034 0.611008 -0.035865 0.790811 -0.748430 0.299302 0.591837
59.747911 -33.674364 -22571.101111 1856.764840 -0.652054 0.757989 0.016679 0.494341 0.408368 0.767374 -0.574850 -0.508614 0.640983
23.599565 -39.176662 13399.970377 -172.005507 0.787434 -0.593552 0.166264 0.354335 0.656590 0.665835 -0.504375 -0.465389 0.727337
11.675332 -46.575105 20122.828678 1177.293860 0.802492 -0.590441 0.085942 -0.336725 -0.567071 -0.751696 -0.492568 -0.574291 0.653886
66.218399 -23.907569 -14766.518801 3350.052451 -0.552356 0.832646 -0.040057 0.548542 0.399231 0.734653 -0.627698 -0.383817 0.677259
79.025119 -38.912967 30256.299904 -502.186950 0.665538 -0.741152 -0.088048 -0.471510 -0.326065 -0.819365 -0.578565 -0.586834 0.566470
93.942716 -30.084370 -15610.398290 1084.577183 -0.466663 0.884429 -0.003217 0.522856 0.278812 0.805534 -0.713335 -0.374231 0.592540
-1.375595 -63.806216 2835.394039 7137.083736 0.539425 0.490659 0.684306 0.830381 -0.444711 -0.335708 0.139600 0.749324 -0.647322
5.825699 -60.583348 4131.734227 6497.848197 0.463077 0.519780 0.717906 0.871320 -0.415351 -0.261313 0.162358 0.746534 -0.645234
-1.863442 -52.238752 2082.120772 1948.275505 0.523425 0.492813 0.695098 0.821018 -0.509927 -0.256716 0.227936 0.705060 -0.671517
-7.847846 -53.816120 2391.423516 2094.371494 0.574331 0.471528 0.669182 0.793374 -0.522069 -0.313052 0.201747 0.710707 -0.673939
-6.527250 -49.210582 1548.961984 -660.458944 0.565030 0.471498 0.677075 0.780762 -0.570862 -0.254024 0.266744 0.672165 -0.690682
24.919974 -41.243145 5750.074241 328.174191 -0.109703 0.862831 0.493444 0.906633 -0.116619 0.405483 0.407409 0.491856 -0.769478
27.221822 -41.054332 6452.540534 -3.980645 -0.077827 0.856447 0.510335 0.947017 -0.096488 0.306348 0.311612 0.507138 -0.803560
36.486558 -43.390489 5492.503687 -186.552742 -0.088018 0.892760 0.441850 0.932469 -0.082173 0.351781 0.350364 0.442975 -0.825238
12.573566 -39.836821 5311.497264 246.688768 -0.081554 0.841146 0.534624 0.928682 -0.130588 0.347125 0.361798 0.524805 -0.770507
36.328017 -43.337125 6265.851365 576.357920 -0.115194 0.895486 0.429924 0.895275 -0.093918 0.435502 0.430364 0.435068 -0.790888
28.151465 -40.446175 5666.709735 -528.841045 -0.134927 0.880660 0.454129 -0.860160 0.123403 -0.494870 0.491853 0.457395 -0.740858
15.904460 -39.300408 4876.985133 638.806451 -0.120083 0.855462 0.503750 0.862351 -0.161519 0.479856 0.491864 0.492032 -0.718314
8.381691 -39.309612 5188.501699 -461.658960 -0.095797 0.841071 0.532374 0.899803 -0.155532 0.407632 0.425649 0.518082 -0.741899
-0.371522 -59.461373 -547.868892 -1479.841184 0.027759 0.975673 -0.217466 0.992702 -0.001367 0.120584 0.117353 -0.219227 -0.968591
-0.949345 -60.944748 -994.919200 1444.824682 -0.006564 0.975781 -0.218650 0.999975 0.006943 0.000962 0.002457 -0.218639 -0.975803
-2.527398 -58.053711 -1336.161664 -1536.757356 0.023765 0.973942 -0.225550 0.997995 -0.009872 0.062524 0.058668 -0.226583 -0.972223
2.652804 -69.292550 -1565.636427 440.157023 0.140485 0.989159 0.042756 0.361663 -0.011070 -0.932243 0.921664 -0.146430 0.359297
0.673679 -68.113187 -624.858219 93.475554 0.117013 0.990887 0.066722 0.385322 0.016623 -0.922632 0.915333 -0.133670 0.379865
3.868166 -68.940703 -718.757932 -792.850604 0.117492 0.990907 0.065561 0.496500 -0.001438 -0.868035 0.860048 -0.134538 0.492155
-13.614425 -114.254715 -758.327634 1062.359979 -0.411373 0.872501 0.263655 0.057226 -0.263970 0.962832 -0.909669 -0.411171 -0.058661
-12.883630 -106.011529 863.969360 -4994.839144 -0.396895 0.881364 0.256266 -0.126291 -0.328981 0.935854 -0.909134 -0.339071 -0.241879
-6.629254 -110.726297 -6850.604914 -3413.613002 -0.476157 0.841130 0.256465 -0.061209 -0.322645 0.944539 -0.877227 -0.434051 -0.205114
-0.586255 -99.181211 -8318.285610 -8012.736850 -0.493360 0.838203 0.232403 -0.247059 -0.391216 0.886517 -0.834001 -0.379955 -0.400096
3.220015 -110.505832 -9218.905370 -1517.935687 -0.504164 0.829395 0.240672 -0.004746 -0.281338 0.959597 -0.863595 -0.482652 -0.145777
-3.219361 -117.195838 -5516.786465 580.333628 -0.470602 0.846934 0.247460 0.164245 -0.191470 0.967658 -0.866924 -0.496026 0.048999
-1.096793 -129.102421 28.673065 -759.044357 -0.235113 0.968919 -0.076925 -0.564711 -0.071757 0.822163 -0.791090 -0.236741 -0.564031
-2.273444 -122.165176 -970.647628 -3029.727004 -0.249287 0.965451 -0.075898 -0.589950 -0.089243 0.802493 -0.767994 -0.244827 -0.591815
-1.972341 -117.065271 246.630772 -6617.720762 -0.214588 0.971719 -0.098560 -0.761340 -0.103207 0.640086 -0.611811 -0.212393 -0.761956
-0.097057 -126.918063 -1191.444998 -6430.603817 -0.224177 0.968286 -0.110300 -0.714305 -0.086264 0.694497 -0.662957 -0.234479 -0.710991
-2.669479 -116.646826 156.173916 -10607.325842 -0.192886 0.973565 -0.122334 -0.868819 -0.111515 0.482409 -0.456014 -0.199336 -0.867361
-3.195966 -107.180082 -453.947471 -6917.421845 -0.188018 0.973079 -0.133294 -0.892892 -0.112813 0.435910 -0.409137 -0.200976 -0.890065
9.895360 -68.067288 -1512.525609 3361.145503 0.051602 0.992393 -0.111771 -0.857673 -0.013296 -0.514024 0.511600 -0.122388 -0.850463
6.130794 -69.683533 -1808.106748 1717.653082 0.081336 0.990068 -0.114675 -0.797081 -0.004460 -0.603855 0.598369 -0.140520 -0.788802
10.546319 -71.795898 -1010.465646 4713.875321 0.059039 0.993915 -0.092986 -0.772689 -0.013476 -0.634641 0.632033 -0.109318 -0.767192
14.328954 -75.770893 -1152.833425 1267.480403 0.049939 0.996507 -0.066935 -0.693226 -0.013661 -0.720591 0.718988 -0.082386 -0.690122
14.010296 -72.359471 -1650.107874 6516.755867 0.039027 0.995090 -0.090950 -0.829747 -0.018443 -0.557834 0.556773 -0.097236 -0.824954
1.025453 -94.170973 403.663749 -3712.769532 -0.696093 -0.191587 0.691917 -0.064429 0.976518 0.205574 -0.715055 0.098519 -0.692091
2.266488 -104.390056 407.883745 -5089.765968 -0.695086 -0.195133 0.691938 0.054665 0.945329 0.321505 -0.716845 0.261299 -0.646418
2.203264 -101.593784 244.725333 -4589.231534 -0.695240 -0.214421 0.686050 0.036719 0.942626 0.331824 -0.717839 0.255889 -0.647478
2.738067 -96.672690 -342.416061 -3986.087917 -0.691834 -0.239557 0.681159 -0.000577 0.943543 0.331250 -0.722056 0.228777 -0.652913
0.159413 -93.266729 392.483241 -2420.140381 -0.690155 -0.212689 0.691700 -0.091958 0.973861 0.207698 -0.717795 0.079736 -0.691674
4.624280 -107.013991 -419.065153 -5193.611679 -0.694463 -0.239172 0.678614 0.142026 0.879017 0.455145 -0.705372 0.412462 -0.576477
3.982313 -45.502429 657.661726 829.669099 0.077013 0.996103 -0.042991 -0.408650 -0.007795 -0.912658 0.909436 -0.087855 -0.406458
4.268245 -48.001025 627.883404 -785.488063 0.062621 0.995429 -0.072104 -0.456572 -0.035670 -0.888971 0.887480 -0.088588 -0.452251
8.111007 -44.548077 1318.394564 -1276.650405 0.061313 0.993678 -0.094049 -0.452183 -0.056349 -0.890144 0.889815 -0.097104 -0.445869
6.954601 -43.656213 1472.743974 674.656161 0.079045 0.995993 -0.041839 -0.375112 -0.009168 -0.926934 0.923603 -0.088963 -0.372884
-0.277173 -60.001873 243.504473 2063.109796 0.107550 0.987792 0.112698 0.145342 0.096516 -0.984663 0.983519 -0.122280 0.133187
1.061402 -58.316986 379.760070 1945.311667 0.100669 0.986660 0.127934 0.155764 0.111372 -0.981496 0.982651 -0.118734 0.142475
1.199665 -62.595919 -29.401841 2856.632783 0.107321 0.984571 0.138213 0.239130 0.109372 -0.964808 0.965038 -0.136595 0.223703
0.704625 -65.431817 1167.201919 1577.171092 0.088748 0.989032 0.118070 0.324545 0.083356 -0.942190 0.941698 -0.121936 0.313588
17.852856 -113.712925 -200.968651 18854.761190 -0.789445 -0.104864 0.604798 -0.304113 0.922690 -0.236978 -0.533190 -0.371008 -0.760303
15.379540 -107.649003 -4679.074436 21956.562694 -0.832109 -0.156666 0.532025 -0.310674 0.926313 -0.213135 -0.459431 -0.342638 -0.819465
15.071126 -95.334444 -2976.788208 5847.031998 -0.816417 -0.138344 0.560646 -0.262723 0.953564 -0.147281 -0.514237 -0.267537 -0.814852
17.122751 -109.827826 4168.500288 4417.897225 -0.738546 -0.053413 0.672083 -0.237724 0.953464 -0.185457 -0.630901 -0.296739 -0.716875
18.069113 -130.467113 4406.483700 16520.806818 -0.740641 -0.066124 0.668639 -0.364799 0.875272 -0.317523 -0.564245 -0.479089 -0.672385
17.345565 -100.895141 875.658185 -2611.833333 -0.780594 -0.075246 0.620492 -0.232725 0.956337 -0.176800 -0.580096 -0.282414 -0.764023
-3.957588 -244.553439 -1937.687420 -19306.801984 0.813619 0.033720 -0.580420 -0.512204 -0.430772 -0.743022 0.275084 -0.901831 0.333212
-1.568313 -217.532963 -1742.285565 -23616.253450 0.823751 0.052807 -0.564487 -0.352020 -0.732844 -0.582256 0.444428 -0.678345 0.585092
-0.634759 -272.689096 -2629.071705 -34180.138811 0.808034 0.020231 -0.588789 -0.462237 -0.597863 -0.654902 0.365264 -0.801343 0.473742
-3.730333 -267.679821 -1833.598153 -14428.814604 0.792152 0.029646 -0.609603 -0.586315 -0.240426 -0.773583 0.169498 -0.970215 0.173072
8.082055 -104.874163 3792.394440 1430.428650 0.966701 0.186034 -0.175729 0.174707 0.022006 0.984374 -0.186994 0.982297 0.011228
16.179364 -98.175711 4408.082191 3466.525189 0.973516 0.185871 -0.133112 0.145097 -0.052377 0.988030 -0.176674 0.981177 0.077959
9.627567 -101.011203 2556.201916 934.547385 0.966839 0.211035 -0.143826 0.118978 0.126119 0.984854 -0.225978 0.969308 -0.096828
5.316227 -192.217125 -465.816992 9.203422 0.807434 0.061779 -0.586715 0.044039 0.985416 0.164367 0.588312 -0.158554 0.792937
3.388494 -232.815999 -1011.611719 -18253.200306 0.798627 0.105832 -0.592447 0.011321 0.981600 0.190611 0.601720 -0.158934 0.782735
3.696223 -220.391994 -423.049175 22113.184170 0.802039 0.035717 -0.596203 0.213091 0.915407 0.341499 0.557965 -0.400941 0.726582
-23.346543 -81.007994 -1908.607361 -6968.584542 -0.382270 -0.547995 0.744024 0.376373 0.643024 0.666981 -0.843927 0.534997 -0.039558
-84.108795 -138.343383 -5141.863848 -51282.114083 0.480200 0.846249 0.230804 -0.129229 -0.192003 0.972849 -0.867587 0.496989 -0.017160
-65.093120 -117.861994 11590.595288 3591.726879 0.110040 -0.060885 0.992061 0.616808 0.786856 -0.020126 -0.779384 0.614126 0.124140
-6.567534 -63.270147 -1949.046266 -606.611304 -0.875544 0.065433 0.478687 -0.108207 0.939060 -0.326278 -0.470865 -0.337468 -0.815108
-11.676587 -63.145226 -1100.480828 16.537009 -0.846218 -0.008119 0.532776 -0.168708 0.952524 -0.253447 -0.505424 -0.304355 -0.807412
-11.163056 -63.270721 -1930.787210 -592.775753 -0.869664 0.042160 0.491841 -0.070526 0.975514 -0.208323 -0.488580 -0.215858 -0.845396
-1.618401 -42.524334 -3349.885041 -8739.427524 -0.762653 0.009173 -0.646743 -0.016949 0.999273 0.034160 0.646586 0.037014 -0.761943
-8.416833 -43.013280 -1122.580593 -10232.840268 -0.773699 0.203539 -0.599967 0.138442 0.978419 0.153398 0.618242 0.035623 -0.785180
-0.302356 -43.727053 -2624.667984 -595.088413 -0.766072 0.176250 -0.618118 0.023666 0.968752 0.246899 0.642319 0.174514 -0.746305
7.696927 -44.196947 -5201.270437 3032.715385 -0.753428 0.005141 -0.657510 -0.135381 0.977331 0.162773 0.643442 0.211653 -0.735653
-23.701336 -38.473461 628.441836 -138.215645 0.007732 0.991133 0.132650 -0.631469 0.107698 -0.767886 0.775363 0.077827 -0.626702
-24.572135 -38.912594 -119.549703 -601.239987 0.143559 0.970743 0.192482 -0.606673 0.239990 -0.757860 0.781881 0.007976 -0.623377
-22.140934 -37.506531 -627.235217 272.349082 0.174094 0.962925 0.206073 -0.663059 0.269348 -0.698430 0.728041 0.015046 -0.685369
-24.621742 -40.256177 -1387.795629 324.395788 0.275566 0.925611 0.259436 -0.553980 0.373476 -0.744058 0.785602 -0.061315 -0.615687
-21.341550 -36.724513 482.246390 916.141908 0.007608 0.993392 0.114523 -0.716720 0.085280 -0.692127 0.697319 0.076815 -0.712633
-18.696313 -34.974635 -340.683836 1472.262889 0.109705 0.980130 0.165256 -0.766673 0.189255 -0.613510 0.632595 0.059393 -0.772202
-18.750473 -36.363311 -2248.389056 1267.924779 0.266019 0.935896 0.230939 -0.701660 0.352266 -0.619340 0.660990 -0.002716 -0.750390
-20.270571 -39.075064 -1921.213871 449.541703 0.353258 0.889397 0.290142 -0.598205 0.453195 -0.660882 0.719277 -0.059898 -0.692136
-0.861822 -192.240356 -1256.886890 10131.652172 -0.040447 0.992253 0.117468 0.646993 0.115598 -0.753682 0.761422 -0.045517 0.646657
-0.222145 -174.145267 1508.034392 13396.763593 -0.061134 0.993150 0.099581 0.559181 0.116720 -0.820788 0.826789 -0.005506 0.562486
0.950101 -182.680564 1540.226065 13091.599555 -0.075480 0.989673 0.121858 0.760162 0.136199 -0.635298 0.645334 -0.044679 0.762592
1.867040 -180.170047 -1263.349424 -6402.287281 -0.052527 0.986886 0.152632 0.863566 0.121645 -0.489342 0.501492 -0.106104 0.858631
0.982072 -312.654197 6526.469353 -27064.561603 0.824455 0.553017 -0.120191 -0.470581 0.787888 0.397224 0.314368 -0.270934 0.909817
4.907994 -263.123560 5812.311331 56629.827538 0.839300 0.532358 -0.110318 0.309871 -0.635147 -0.707508 0.446716 -0.559628 0.698042
15.546170 -271.103549 1863.660107 14494.281257 0.829553 0.557064 -0.039006 0.504351 -0.777378 -0.375916 0.239732 -0.292170 0.925832
18.397887 -236.046497 3807.811601 45718.539764 0.842508 0.537324 -0.038258 0.355214 -0.607548 -0.710429 0.404974 -0.584952 0.702729
-14.291987 -41.512512 -331.455287 -1228.964715 0.355494 0.930578 0.087459 -0.929125 0.362017 -0.075304 0.101738 0.054490 -0.993318
-13.808748 -43.417864 939.724693 -2250.548841 0.321113 0.944725 0.066186 -0.936250 0.327198 -0.127972 0.142554 0.020873 -0.989567
-14.905228 -44.369211 679.115484 -1353.834175 0.278801 0.957967 0.067592 0.960270 -0.278986 -0.006868 0.012278 0.066821 -0.997689
-12.733687 -39.274158 234.089186 -2693.929937 0.427790 0.898127 0.101803 -0.879181 0.439602 -0.183821 0.209847 0.010867 -0.977674
-12.925746 -36.757003 -300.840364 -2460.359653 0.475234 0.869707 0.133273 -0.855885 0.492069 -0.159149 0.203992 0.038433 -0.978218
-51.645861 -80.583472 -1458.264625 8916.894466 0.358583 -0.928651 0.094999 0.930601 0.347603 -0.114693 0.073488 0.129533 0.988848
-49.892389 -75.169790 -1108.079121 5184.436875 0.109055 -0.975815 0.189454 0.993786 0.102753 -0.042802 0.022300 0.192944 0.980956
-42.230535 -66.656857 823.190147 4445.198628 -0.182488 -0.945570 0.269437 0.977753 -0.203356 -0.051440 0.103432 0.254056 0.961643
42.639703 -104.883919 -4926.404891 4686.361618 -0.261022 0.911900 0.316712 0.533227 0.409692 -0.740150 0.804697 0.024315 0.593188
62.294563 -101.142754 -12864.058575 10358.107763 -0.313277 0.893292 0.322315 0.434456 0.436612 -0.787793 0.844456 0.106766 0.524877
-17.233296 -63.380320 3035.556210 -2988.269759 0.589304 0.694588 -0.412636 -0.671139 0.705209 0.228591 0.449771 0.142227 0.881747
-23.989186 -65.198483 2261.047754 -2443.818150 0.670288 0.634181 -0.385395 -0.608914 0.766859 0.202857 0.424191 0.098700 0.900178
-25.095518 -56.121642 2221.559465 -5056.012369 0.684201 0.596500 -0.419590 -0.517401 0.802494 0.297151 0.513969 0.013785 0.857698
-16.938854 -68.505407 3619.667557 731.853122 0.600621 0.691557 -0.401252 0.719072 -0.686638 -0.107065 0.349556 0.224224 0.909689
-18.050724 -52.875192 2842.433751 -5738.820190 0.579069 0.695696 -0.425073 -0.605861 0.716087 0.346630 0.545538 0.056813 0.836158
-8.562893 -67.699733 3390.829522 829.830818 0.528831 0.741806 -0.412386 0.771777 -0.622464 -0.129995 0.353127 0.249525 0.901687
-9.560968 -61.329252 3487.944473 3644.241488 0.511068 0.752212 -0.415916 0.717136 -0.639905 -0.276111 0.473841 0.157157 0.866473
-4.896571 -48.374846 -6919.017919 -517.897625 0.375958 0.916282 -0.138137 0.038856 -0.164531 -0.985606 0.925822 -0.365179 0.097460
-15.383663 -49.787898 -1623.874617 -1044.099761 0.332556 0.911461 -0.242167 0.025705 -0.265447 -0.963783 0.942733 -0.314287 0.111705
-7.393626 -45.006536 -5004.154285 -1288.849999 0.364377 0.918351 -0.154469 0.139315 -0.217761 -0.966008 0.920772 -0.330471 0.207287
-15.204890 -48.584028 2468.526371 -2199.197790 0.287670 0.921800 -0.259868 0.098312 -0.298326 -0.949387 0.952670 -0.247562 0.176444
-14.163421 -45.336374 523.690193 -2153.050016 0.322938 0.911356 -0.255226 0.159576 -0.318247 -0.934481 0.932870 -0.261052 0.248205
-14.673847 -50.979967 2354.252369 -1339.364117 0.268226 0.931145 -0.247030 0.002601 -0.257126 -0.966375 0.963352 -0.258564 0.071389
-4.848079 -43.307576 -6331.603241 -1952.399728 0.315137 0.573598 -0.756091 0.884121 0.112170 0.453595 0.344992 -0.811421 -0.471781
-16.411416 -48.207297 -4515.651310 -18.302555 0.198899 0.578354 -0.791167 0.910297 0.190029 0.367762 0.363042 -0.793345 -0.488677
5.511091 -51.730097 -103.945146 1260.131434 0.367817 0.924895 -0.096337 0.099583 -0.142181 -0.984819 0.924551 -0.352639 0.144401
3.571712 -56.624320 510.493091 1905.144195 0.346775 0.935211 -0.071601 0.190021 -0.144803 -0.971043 0.918498 -0.323128 0.227924
-5.155433 -44.300717 1029.165631 -3636.519621 0.273775 0.960301 -0.053562 0.949697 -0.261107 0.172913 -0.152063 0.098207 0.983480
-3.883205 -42.763638 2004.306184 3432.227675 0.350689 0.933989 -0.068423 0.931210 -0.355528 -0.080293 0.099319 0.035559 0.994420
13.417540 -49.547024 -584.031884 -8490.262010 -0.081541 -0.990153 0.113788 0.995615 -0.086174 -0.036400 0.045847 0.110321 0.992838
12.904079 -62.625930 679.056948 -13713.978475 0.083822 0.990029 -0.113214 0.990914 -0.094806 -0.095399 0.105182 0.104189 0.988980
13.313472 -49.391108 -801.938646 -861.305781 -0.040681 -0.993689 0.104532 0.999166 -0.040828 0.000732 0.003540 0.104474 0.994521
7.444852 -98.698086 -5895.724478 -500.039338 -0.109810 -0.932814 0.343219 0.985627 -0.057592 0.158817 -0.128380 0.355726 0.925731
7.361358 -88.171951 -6024.064068 3798.805963 -0.089233 -0.936069 0.340313 0.993680 -0.107030 -0.033847 0.068107 0.335142 0.939703
14.195103 -104.240695 -7198.633296 3714.773666 -0.088431 -0.935767 0.341349 0.959809 0.011587 0.280415 -0.266358 0.352427 0.897133
-1.480065 -110.768864 -725.881925 -2164.913851 0.425462 0.825782 -0.370225 -0.561012 -0.080335 -0.823900 0.710104 -0.558239 -0.429094
-2.384492 -119.477689 60.808242 4408.725267 0.438755 0.837760 -0.325041 -0.408544 -0.136203 -0.902519 0.800366 -0.528778 -0.282502
-0.586880 -119.407688 -632.708165 235.092034 0.431499 0.828211 -0.357596 -0.565241 -0.060720 -0.822688 0.703073 -0.557117 -0.441938
-3.178947 -113.474869 -725.538003 2748.617931 0.440049 0.829819 -0.343158 -0.421877 -0.146299 -0.894772 0.792702 -0.538514 -0.285703
-0.475551 -111.740009 -808.748338 1461.590342 0.407432 0.823690 -0.394378 0.718959 -0.023023 0.694672 0.563114 -0.566573 -0.601579
-1.797229 -105.471321 273.556402 -2352.301150 0.392702 0.833779 -0.388070 -0.678454 -0.022227 -0.734307 0.620875 -0.551651 -0.556952
-2.540663 -104.640351 -342.401664 -2462.079798 0.420501 0.830808 -0.364606 -0.512691 -0.113965 -0.850976 0.748549 -0.544766 -0.378025
3.369618 -61.662460 -2989.903990 12535.547473 -0.022488 0.949912 -0.311708 -0.366140 0.282300 0.886706 -0.930288 -0.134069 -0.341453
4.773478 -36.671365 -1852.889228 5789.825922 -0.056081 0.980956 -0.185959 -0.263038 0.165156 0.950544 -0.963154 -0.102221 -0.248767
0.391203 -40.151506 -2054.815181 8629.090420 -0.057028 0.972905 -0.224062 -0.289981 0.198611 0.936197 -0.955332 -0.118363 -0.270797
8.076282 -52.586062 -1633.395970 6392.599090 -0.025200 0.982219 -0.186037 -0.274561 0.172140 0.946036 -0.961239 -0.074919 -0.265341
-24.444760 -28.794352 2756.603488 -268.492148 -0.331585 0.735222 -0.591186 -0.287776 -0.675596 -0.678789 0.898463 0.054947 -0.435597
-18.953118 -29.914614 4250.698979 945.646961 -0.430920 0.512724 -0.742578 0.226615 0.858017 0.460926 0.873472 0.030343 -0.485928
-9.645204 -29.320384 4269.392174 844.208943 -0.475334 0.403088 -0.782034 0.180819 0.914654 0.361541 0.861024 0.030446 -0.507653
1.395752 -82.767071 240.380877 99.847786 0.925225 -0.126914 0.357565 0.092178 -0.838976 -0.536304 -0.368053 -0.529161 0.764543
-0.694626 -89.576722 758.678620 -5991.462645 0.920135 -0.081186 0.383094 0.202550 -0.738582 -0.643016 -0.335150 -0.669257 0.663151
0.795487 -86.076709 137.663716 -3011.281476 0.918378 -0.079151 0.387707 0.177751 -0.792857 -0.582909 -0.353534 -0.604246 0.714073
-0.934809 -80.934982 740.529615 -7150.399056 0.926639 -0.114361 0.358137 0.144520 -0.771060 -0.620145 -0.347065 -0.626409 0.697967
2.119833 -84.959508 -189.324335 1457.462118 0.921856 -0.116197 0.369703 0.086856 -0.867771 -0.489315 -0.377675 -0.483189 0.789867
1.460002 -77.681126 302.848394 2360.048859 0.932860 -0.156227 0.324601 0.050509 -0.835446 -0.547247 -0.356681 -0.526900 0.771463
3.711966 -86.889022 403.464460 6441.772904 0.935234 -0.159794 0.315916 -0.002472 -0.895269 -0.445518 -0.354021 -0.415883 0.837681
3.849537 -89.257632 -506.723828 -4672.108200 0.924283 -0.149009 0.351421 -0.008301 0.912592 0.408787 -0.381617 -0.380752 0.842257
4.166075 -48.087620 386.287533 212.405933 0.308152 0.942380 -0.130238 -0.221858 -0.061939 -0.973110 0.925106 -0.328760 -0.189988
1.885812 -49.979728 600.302591 819.851792 0.287874 0.945869 -0.149866 -0.259976 -0.073428 -0.962819 0.921705 -0.316132 -0.224765
3.003872 -50.409321 764.846017 -183.396433 0.297835 0.949000 -0.103405 -0.124284 -0.068851 -0.989855 0.946492 -0.307665 -0.097440
5.192128 -46.085413 1278.994820 1385.605931 0.304683 0.941735 -0.142490 -0.303807 -0.045697 -0.951637 0.902701 -0.333237 -0.272183
7.286300 -45.955916 1439.632686 435.950856 0.312887 0.942383 -0.118389 -0.189516 -0.060196 -0.980031 0.930691 -0.329075 -0.159762
5.736435 -49.279175 211.060952 116.454408 0.321192 0.942619 -0.091129 -0.097148 -0.062924 -0.993279 0.942018 -0.327886 -0.071363
-0.846533 -62.877016 104.112093 433.660450 0.177156 0.922103 -0.344008 -0.873450 -0.013771 -0.486720 0.453543 -0.386699 -0.802971
-1.053018 -66.837544 1157.887420 -3665.619958 0.156309 0.928341 -0.337268 -0.903392 -0.003675 -0.428800 0.399312 -0.371710 -0.838082
0.065731 -64.522236 554.763270 -872.907420 0.170446 0.925691 -0.337706 -0.886215 -0.005818 -0.463238 0.430780 -0.378237 -0.819369
2.766267 -169.567745 -906.722332 -4306.057398 0.261891 0.862147 -0.433723 0.925040 -0.352376 -0.141889 -0.275163 -0.364052 -0.889804
