19384
38753
-23.087065 -36.490637 340.701312 -2403.422962 0.141959 0.861038 0.488324 0.005238 0.492660 -0.870206 0.989859 -0.126091 -0.065428
-22.383549 -38.206453 692.989212 -1870.123338 0.181667 0.929731 0.320308 -0.091540 0.340303 -0.935850 0.979090 -0.140692 -0.146929
-29.110691 -46.475413 -723.929416 -2914.522000 0.205100 0.758899 0.618066 -0.116994 0.645973 -0.754341 0.971724 -0.082405 -0.221275
-20.673632 -31.734258 457.701509 -1475.645777 0.201880 0.977204 0.065704 -0.051146 0.077513 -0.995679 0.978074 -0.197647 -0.065628
-26.179537 -53.497965 103.414762 -7004.408675 -0.143135 -0.604429 -0.783695 0.014575 0.790476 -0.612320 0.989596 -0.099067 -0.104335
-16.867027 -37.936486 2055.990424 -4551.980201 0.048556 0.710489 0.702031 0.126830 0.692785 -0.709904 0.990735 -0.123508 0.056472
-19.741879 -27.625894 321.229025 -1926.800558 0.157395 0.976976 0.144028 0.060350 0.136057 -0.988861 0.985690 -0.164334 0.037546
24.567462 -35.128799 661.600616 -1181.328218 0.020544 -0.936250 -0.350733 0.946677 0.131035 -0.294334 0.321528 -0.325984 0.889019
19.912406 -36.822081 -590.759462 -2322.604484 -0.118165 0.885678 0.449012 0.889769 0.295188 -0.348103 0.440850 -0.358383 0.822929
24.212695 -37.226113 763.772934 -2202.804970 0.061724 -0.880771 -0.469503 0.948816 0.197759 -0.246250 0.309739 -0.430272 0.847896
28.352594 -38.444975 918.092812 1453.222855 -0.000852 -0.915295 -0.402783 0.964750 0.105247 -0.241207 0.263167 -0.388791 0.882941
27.647281 -36.335430 670.094018 1482.468563 0.013692 0.967435 0.252749 0.958300 0.059460 -0.279508 0.285434 -0.246037 0.926279
2.576261 -27.097577 -2757.774178 1906.139343 0.843115 -0.533816 0.064793 0.269813 0.524186 0.807732 0.465144 0.663528 -0.585979
-1.054106 -31.129687 -4345.822238 1982.251169 0.833318 -0.552761 -0.006063 0.281295 0.414576 0.865448 0.475873 0.722898 -0.500962
-10.364031 -41.332874 -2936.547112 2182.577494 0.877706 -0.417300 0.235569 0.098828 0.638654 0.763121 0.468897 0.646516 -0.601791
-5.328278 -40.496690 -2520.553946 1942.010995 0.890201 -0.342856 0.299987 0.067143 0.750039 0.657976 0.450593 0.565589 -0.690706
2.772890 -30.892448 -1898.456068 2339.921219 0.876661 -0.415620 0.242332 0.127388 0.686245 0.716129 0.463937 0.596932 -0.654549
9.409635 -17.549461 -1878.115462 1788.567659 0.804598 -0.592673 0.036883 0.334891 0.504177 0.796024 0.490377 0.628127 -0.604141
22.681332 -15.383225 -5677.996699 -770.379404 0.646383 -0.717200 -0.260409 0.564554 0.219952 0.795550 0.513291 0.661245 -0.547071
1.718332 -23.693435 757.417332 -1153.047509 0.171022 0.933238 0.315941 0.449363 0.211491 -0.867954 0.876826 -0.290411 0.383193
4.194626 -22.306761 558.771453 -1140.994117 0.160115 0.918548 0.361431 0.489098 0.244221 -0.837340 0.857407 -0.310846 0.410157
3.114028 -22.327035 1116.249105 -672.654630 0.146469 0.928953 0.339990 0.504298 0.225560 -0.833550 0.851017 -0.293546 0.435432
-1.175785 -24.524368 822.490369 -798.898428 0.172347 0.937707 0.301664 0.441463 0.200240 -0.874651 0.880572 -0.283917 0.379452
-3.828324 -30.836081 -394.073947 -2208.594503 0.187120 0.950624 0.247588 -0.778690 0.297189 -0.552558 0.598855 0.089400 -0.795852
-4.565911 -34.093100 -178.742593 -899.172546 0.157594 0.957961 0.239741 -0.750100 0.274026 -0.601880 0.642273 0.084977 -0.761751
-3.799445 -32.865850 -156.009795 -611.962763 0.178249 0.954052 0.240855 -0.741656 0.291127 -0.604311 0.646664 0.070914 -0.759472
-4.606351 -34.678835 -940.460683 -1164.718244 0.286542 0.947800 0.139889 0.078316 -0.168695 0.982552 -0.954862 0.270586 0.122566
-3.706302 -36.857311 -569.349982 -3027.490691 0.294219 0.947124 0.128027 0.133723 -0.173433 0.975725 -0.946337 0.269957 0.177680
-4.587159 -37.560657 3.414372 -1781.678511 0.324489 0.933012 0.155547 0.128317 -0.206345 0.970029 -0.937145 0.294805 0.186678
-4.760340 -34.741634 186.420371 -654.796889 0.331890 0.928366 0.167292 0.059308 -0.197529 0.978501 -0.941452 0.314833 0.120617
-5.387107 -30.625159 -208.458735 249.796978 0.310029 0.939647 0.144729 0.014260 -0.156808 0.987526 -0.950620 0.304098 0.062014
0.625560 -29.134722 -40.827118 -43.738515 0.021657 0.966727 0.254892 0.290291 0.237887 -0.926898 0.956693 -0.094066 0.275481
0.404743 -28.882531 -69.748580 568.585484 0.033884 0.971890 0.232983 0.364968 0.204984 -0.908174 0.930403 -0.115804 0.347763
0.566980 -28.737064 130.977221 -429.729904 0.010668 0.966975 0.254647 0.292264 0.240526 -0.925597 0.956278 -0.084299 0.280046
0.520938 -28.520077 301.302838 -802.582605 -0.000983 0.965289 0.261183 0.213674 0.255354 -0.942941 0.976905 -0.054881 0.206508
0.538987 -28.332800 185.584058 -690.024425 0.002607 0.961629 0.274342 0.227828 0.266557 -0.936505 0.973698 -0.064945 0.218391
0.135333 -27.470310 31.131457 -329.241052 0.006699 0.964873 0.262632 0.212261 0.255281 -0.943280 0.977190 -0.062065 0.203095
0.815443 -27.875515 102.544583 -168.474473 0.005927 0.968658 0.248327 0.319996 0.233436 -0.918210 0.947400 -0.084906 0.308583
10.074896 -48.678207 450.681974 -3167.072143 0.237122 0.949668 0.204704 0.955897 -0.265670 0.125224 -0.173305 -0.165983 0.970781
10.098447 -49.848128 -280.871045 1122.354709 -0.203739 -0.957498 -0.204175 0.976510 -0.183809 -0.112434 0.070127 -0.222286 0.972456
7.663570 -54.613745 765.126827 -2840.312808 -0.227404 -0.939141 -0.257491 0.963106 -0.255982 0.083066 -0.143924 -0.229101 0.962704
-10.164729 -47.339355 566.688608 397.434230 0.279374 0.956963 0.078556 0.657556 -0.250299 0.710613 -0.699693 0.146872 0.699184
-10.401184 -47.138993 -69.106604 -501.338538 0.247683 0.960526 0.126664 0.548394 -0.246771 0.798980 -0.798697 0.128432 0.587867
-10.662090 -46.176455 -312.470691 508.396809 0.221593 0.965849 0.134284 0.663486 -0.250254 0.705095 -0.714620 0.067148 0.696282
-9.736520 -48.898305 717.437373 -147.954430 0.303788 0.949717 0.075837 0.533576 -0.235540 0.812292 -0.789310 0.206299 0.578300
-10.999493 -46.670257 -217.153405 749.792340 0.234202 0.966100 0.108632 0.755558 -0.251192 0.605008 -0.611786 0.059616 0.788774
-9.352334 -49.077379 771.592397 536.265660 0.311187 0.949434 0.041690 0.694165 -0.257043 0.672357 -0.649074 0.180289 0.739053
-9.995801 -47.063382 1008.520871 864.537509 0.284045 0.957415 0.051715 0.757134 -0.257065 0.600554 -0.588274 0.131429 0.797910
-0.217564 -29.716224 354.184115 -2161.130203 0.095421 0.869660 0.484341 -0.803214 -0.220142 0.553520 -0.587998 0.441847 -0.677517
-1.752780 -25.062036 263.611286 -1029.647186 0.068766 0.862522 0.501326 -0.847867 -0.214287 0.484977 -0.525730 0.458408 -0.716568
-1.474056 -24.788998 357.131296 -640.987147 0.107861 0.872248 0.477022 -0.829551 -0.185480 0.526727 -0.547915 0.452527 -0.703568
-2.919122 -23.378357 224.755750 644.255577 0.141378 0.874027 0.464853 -0.862787 -0.121453 0.490762 -0.485397 0.470453 -0.736929
-1.090991 -28.906493 208.687928 -1899.122625 0.135667 0.881624 0.452033 -0.800610 -0.171210 0.574205 -0.583625 0.439803 -0.682609
-2.140680 -24.898562 -69.602661 -24.061666 0.158805 0.886783 0.434046 -0.833031 -0.115624 0.541009 -0.529944 0.447489 -0.720356
1.560517 -46.202189 776.347802 -758.957362 0.167121 0.888046 0.428306 0.985730 -0.159382 -0.054160 0.020167 0.431245 -0.902009
1.781530 -46.007278 142.804067 -253.358153 0.135676 0.906085 0.400752 0.975950 -0.191889 0.103443 0.170628 0.377079 -0.910328
-0.145293 -45.520122 155.321198 -170.052353 0.134911 0.904402 0.404792 0.988687 -0.149898 0.005394 0.065555 0.399485 -0.914393
5.113683 -55.584619 110.221844 1238.678496 -0.566024 0.114356 -0.816418 0.469351 0.858861 -0.205101 0.677736 -0.499279 -0.539809
5.120162 -56.852731 211.551821 -386.181952 -0.564950 0.151121 -0.811168 0.381458 0.919558 -0.094357 0.731657 -0.362734 -0.577151
4.952133 -59.055757 247.456667 1004.745589 -0.592177 0.124146 -0.796187 0.476523 0.850731 -0.221771 0.649809 -0.510730 -0.562942
4.338646 -59.465255 4.207866 1391.330685 0.588151 -0.087340 0.804021 0.567766 0.752575 -0.333576 0.575951 -0.652689 -0.492216
2.273532 -49.840696 -98.809888 1425.890624 -0.608709 0.240087 -0.756195 -0.313152 0.803029 0.507031 0.728978 0.545438 -0.413628
1.349508 -46.061250 -162.245435 642.836843 -0.619952 0.253640 -0.742513 -0.403205 0.708826 0.578784 0.673116 0.658204 -0.337169
1.281196 -49.387774 54.911927 241.757466 -0.631132 0.259029 -0.731147 -0.380968 0.717560 0.583070 0.675674 0.646538 -0.354193
4.938187 -30.643185 28.181110 236.887662 0.011144 0.985102 0.171609 0.640466 0.124764 -0.757784 0.767905 -0.118355 0.629534
4.758101 -30.590626 -252.589105 1800.001484 0.021019 0.985487 0.168445 0.674955 0.110306 -0.729567 0.737559 -0.129027 0.662841
3.799318 -30.699371 -71.674954 -213.176720 0.008433 0.986746 0.162055 0.649225 0.117857 -0.751409 0.760549 -0.111547 0.639626
2.823297 -30.262453 483.602777 -1117.715608 -0.010891 0.990722 0.135468 0.604974 0.114397 -0.787984 0.796171 -0.073372 0.600607
3.643263 -29.118453 -324.544878 -1233.424926 0.007726 0.985664 0.168540 0.612260 0.128596 -0.780129 0.790619 -0.109218 0.602489
2.524777 -31.190145 663.444520 35.294067 -0.007813 0.992567 0.121449 0.662220 0.096139 -0.743116 0.749268 -0.074620 0.658049
31.818651 -22.057411 -6980.329065 -304.034924 0.604932 0.788969 0.107632 0.793758 -0.608227 -0.002766 0.063282 0.087107 -0.994187
52.209575 -18.581484 -6719.084214 -1176.894909 0.636620 0.715543 0.287599 0.746046 -0.665873 0.005259 0.195267 0.211215 -0.957736
55.332721 -21.830377 -7417.663697 29.207495 0.647039 0.718458 0.255264 0.748198 -0.662743 -0.031184 0.146770 0.211165 -0.966368
49.693478 -22.991867 -9024.593719 791.005750 0.634332 0.755840 0.162264 0.770053 -0.636287 -0.046456 0.068133 0.154421 -0.985653
-3.841536 -104.481339 -1010.195204 -7955.688743 0.453946 -0.464608 0.760311 0.794847 0.596777 -0.109890 -0.402680 0.654215 0.640197
-2.278495 -115.223662 -619.093112 -5513.063597 0.440676 -0.476948 0.760477 0.887692 0.357475 -0.290196 -0.133443 0.802952 0.580914
-2.046454 -102.380407 93.562252 -7047.534163 0.455379 -0.480636 0.749413 0.817183 0.559716 -0.137586 -0.353329 0.675061 0.647650
-1.774088 -101.325635 584.004449 -6634.785287 0.447260 -0.483617 0.752378 0.852764 0.484264 -0.195659 -0.269726 0.729111 0.629003
-1.671594 -84.443571 388.539716 -6534.969351 0.476883 -0.471642 0.741712 0.725909 0.687146 -0.029777 -0.495620 0.552616 0.670057
-2.888307 -86.159672 -429.753687 -5908.932459 0.485247 -0.448529 0.750571 0.652013 0.757567 0.031181 -0.582593 0.474251 0.660054
-6.965196 -24.640257 247.492771 -246.745862 0.244384 0.767461 0.592689 -0.098817 0.627751 -0.772116 0.964630 -0.130125 -0.229251
-6.347018 -24.760993 -110.053408 -594.787063 0.259079 0.720068 0.643723 -0.136999 0.687138 -0.713494 0.956091 -0.096662 -0.276671
-6.354448 -26.475469 39.445990 -480.073705 0.232753 0.781201 0.579267 -0.094380 0.610958 -0.786017 0.967945 -0.128276 -0.215932
-7.061292 -23.700786 -312.466083 -68.133722 -0.281219 -0.679702 -0.677437 -0.133476 0.726768 -0.673790 0.950316 -0.099060 -0.295105
-8.387361 -23.883790 542.124798 230.745926 0.262053 0.750375 0.606848 -0.077356 0.643133 -0.761837 0.961948 -0.152699 -0.226581
3.179499 -20.811091 2355.555954 -586.432952 -0.280262 0.785137 -0.552280 -0.762075 -0.531824 -0.369331 0.583691 -0.317369 -0.747383
4.853530 -19.212466 1810.690897 -181.750281 -0.204891 0.821521 -0.532093 -0.735376 -0.487967 -0.470224 0.645943 -0.294944 -0.704107
-2.798704 -20.711230 2905.912203 -618.071557 -0.193333 0.843947 -0.500375 -0.739891 -0.460345 -0.490554 0.644347 -0.275383 -0.713429
-14.520790 -43.149750 1196.184348 -4986.800590 -0.489075 -0.113768 -0.864790 0.866068 -0.181089 -0.465974 -0.103591 -0.976864 0.187097
-12.934311 -45.472960 847.943667 1969.231030 -0.298208 -0.154766 -0.941870 0.938001 -0.230197 -0.259158 -0.176707 -0.960759 0.213817
-10.312030 -53.709135 1077.284505 -735.849056 -0.395113 -0.087117 -0.914493 0.909782 -0.174965 -0.376410 -0.127213 -0.980713 0.148388
-38.386795 -44.276953 -2671.717740 7853.543553 0.892305 -0.245382 -0.378919 -0.423162 -0.162282 -0.891402 -0.157242 -0.955747 0.248642
-22.323089 -59.215913 -736.971195 6557.763579 0.925966 0.046329 0.374753 0.374894 -0.231532 -0.897690 -0.045178 -0.971723 0.231759
-23.946767 -42.635991 -2083.599215 878.143496 0.122024 0.909647 -0.397055 -0.457607 -0.303427 -0.835780 0.880742 -0.283681 -0.379235
-27.440786 -41.991231 -2083.483301 1401.322275 0.058284 0.924145 -0.377570 -0.541983 -0.288329 -0.789380 0.838366 -0.250645 -0.484065
-30.400447 -46.050937 -1693.423585 929.387252 -0.033938 0.866919 -0.497292 -0.408107 -0.466225 -0.784910 0.912303 -0.176310 -0.369619
-31.996719 -48.385608 -1349.744555 463.509627 -0.086656 0.791223 -0.605358 -0.243331 -0.606049 -0.757294 0.966065 -0.081679 -0.245047
-25.398709 -44.583065 -1803.229026 572.782502 0.081391 0.868319 -0.489283 -0.335036 -0.438509 -0.833943 0.938683 -0.231803 -0.255227
-35.695220 -50.294311 -1098.297413 682.954259 -0.210616 0.756188 -0.619533 -0.271762 -0.654059 -0.705941 0.939035 -0.019683 -0.343258
-8.295769 -22.283046 -426.410188 -132.516850 0.278919 -0.692014 -0.665823 0.949685 0.301642 0.084325 0.142486 -0.655842 0.741329
-7.362368 -22.196033 -140.115803 39.200069 0.307923 -0.692281 -0.652634 0.942117 0.317515 0.107701 0.132662 -0.648021 0.749980
-7.554256 -21.483782 -113.141014 16.994177 0.257508 -0.693721 -0.672638 0.962865 0.242657 0.118353 0.081117 -0.678136 0.730446
-8.711065 -21.862620 -306.112965 -257.002502 0.190005 -0.693371 -0.695079 0.974471 0.219434 0.047484 0.119600 -0.686357 0.717364
-6.665678 -20.151116 81.426806 -465.608866 0.162660 -0.690615 -0.704694 0.986583 0.123956 0.106247 0.013975 -0.712521 0.701512
-6.371080 -20.297527 -26.831586 -437.603243 0.273596 -0.694314 -0.665637 0.961827 0.193285 0.193726 -0.005849 -0.693231 0.720692
-1.570109 -50.094083 377.803320 117.479914 0.150632 0.987646 0.043180 0.321309 -0.007604 -0.946944 0.934917 -0.156514 0.318486
-2.073939 -46.574096 383.733972 640.144758 0.159919 0.986375 0.038600 0.340001 -0.018328 -0.940247 0.926728 -0.163487 0.338299
-1.508344 -47.882901 332.922161 -1005.113531 0.155439 0.985101 0.073590 0.230066 0.036346 -0.972496 0.960681 -0.168094 0.220988
-0.996340 -54.204182 332.628892 -2066.101749 0.144697 0.985839 0.084766 0.182535 0.057602 -0.981510 0.972494 -0.157494 0.171616
-0.635200 -55.233265 58.249921 -1802.981382 0.151485 0.986767 0.057824 0.245715 0.019071 -0.969154 0.957432 -0.161020 0.239575
-27.353710 -236.829910 312.929938 48767.205792 0.682847 0.424893 -0.594294 0.647475 0.024800 0.761683 -0.338373 0.904904 0.258173
-27.182022 -226.423337 -846.686978 52555.085188 -0.642266 -0.503383 0.578014 0.693515 -0.060525 0.717896 -0.326392 0.861941 0.387977
-25.959383 -249.223285 1184.957235 65107.338797 0.701942 0.410075 -0.582337 0.693184 -0.205502 0.690844 -0.163626 0.888599 0.428507
-26.342304 -367.262951 -3735.080351 81919.300371 0.707054 0.377624 -0.597892 0.690205 -0.184486 0.699702 -0.153922 0.907395 0.391079
50.876718 -1388.283810 13318.596690 374349.451810 0.857163 0.412310 -0.308662 0.359278 -0.049255 0.931930 -0.369041 0.909711 0.190354
1.635328 -12.865577 1237.181295 -1071.452958 0.011000 0.901116 0.433438 -0.375553 0.405454 -0.833407 0.926736 0.153611 -0.342877
4.256238 -9.659802 1168.499776 -410.708685 0.071376 0.826240 0.558778 -0.333361 0.547754 -0.767357 0.940094 0.131504 -0.314532
-0.437461 -11.802140 1362.745796 -1094.531289 0.007583 0.899515 0.436823 -0.343969 0.412526 -0.843509 0.938950 0.143857 -0.312534
-3.759610 -17.339668 1193.316141 -1386.432523 -0.073959 0.967926 0.240105 -0.391947 0.193177 -0.899478 0.917010 0.160633 -0.365089
-2.282732 -19.073924 1078.339210 -1548.059241 -0.069725 0.964320 0.255394 -0.424431 0.203012 -0.882408 0.902772 0.169923 -0.395132
2.016416 -15.854393 872.909983 -1502.974322 -0.010277 0.930781 0.365432 -0.412139 0.329024 -0.849638 0.911063 0.159340 -0.380230
-22.165229 -36.172670 6.037273 651.088345 -0.768026 -0.150533 0.622475 0.000728 0.971777 0.235902 -0.640418 0.181632 -0.746240
-21.383501 -32.222011 -138.509917 1924.651239 -0.739839 -0.149187 0.656034 0.093938 0.942646 0.320303 -0.666193 0.298599 -0.683392
-20.939072 -32.726241 -367.416742 1309.002806 -0.801071 -0.277588 0.530312 -0.063114 0.920198 0.386332 -0.595233 0.276009 -0.754663
-22.516965 -35.405829 46.479377 571.999577 -0.697264 -0.090902 0.711027 0.069111 0.978780 0.192907 -0.713475 0.183647 -0.676186
-22.596757 -37.029007 382.692818 -305.188086 -0.724581 -0.147130 0.673301 -0.048304 0.985386 0.163344 -0.687494 0.085833 -0.721099
-25.087555 -34.572466 -1376.582913 -216.410071 0.779280 0.260353 -0.570034 -0.467745 0.847003 -0.252589 -0.417058 -0.463468 -0.781831
-23.562323 -33.159867 -51.183905 179.664700 0.767473 0.241545 -0.593836 -0.490619 0.817537 -0.301539 -0.412647 -0.522770 -0.745945
-22.757382 -33.349734 302.345615 -105.416373 -0.794767 -0.181911 0.579011 -0.389630 0.884397 -0.256962 -0.465332 -0.429825 -0.773768
-25.612471 -35.262808 -575.644960 252.603236 0.718485 0.379667 -0.582779 -0.624986 0.720112 -0.301384 -0.305241 -0.580769 -0.754676
-23.162356 -34.399553 511.233352 -419.765613 -0.790372 -0.218810 0.572218 -0.372394 0.913263 -0.165144 -0.486451 -0.343616 -0.803302
9.739844 -27.820565 -3600.649213 1101.309415 -0.463150 -0.043442 -0.885214 -0.578468 0.771530 0.264796 0.671466 0.634708 -0.382464
5.569234 -34.289606 -2628.973094 1776.698161 -0.595410 0.160383 -0.787251 -0.313963 0.855508 0.411744 0.739536 0.492324 -0.459024
-3.859114 -39.761179 -4499.357059 2192.939825 -0.582313 0.214674 -0.784109 -0.315879 0.828974 0.461543 0.749087 0.516446 -0.414911
14.194314 -23.545924 -490.878548 1994.925904 -0.568153 -0.034724 -0.822190 -0.497956 0.809942 0.309893 0.655166 0.585481 -0.477462
-3.516504 -35.600155 -6123.090669 1519.575756 -0.487450 0.086466 -0.868859 -0.523631 0.767341 0.370133 0.698715 0.635383 -0.328764
21.051043 -18.528565 1772.509275 -123.088918 0.412364 0.241525 0.878420 0.670149 -0.733592 -0.112890 0.617136 0.635224 -0.464365
2.163917 -22.390636 957.423083 174.555188 -0.075178 0.931076 0.356995 -0.086979 -0.362766 0.927812 -0.993370 -0.038700 -0.108256
2.344970 -23.551206 323.483650 441.538647 -0.091775 0.930775 0.353886 -0.152118 -0.364320 0.918766 -0.984092 -0.030487 -0.175023
0.587625 -24.083111 835.418537 195.657760 -0.077247 0.935158 0.345707 -0.164410 -0.353944 0.920702 -0.983363 -0.014284 -0.181091
-3.461173 -24.779475 1079.700825 -339.727570 -0.122715 0.927101 0.354153 -0.663247 -0.342069 0.665652 -0.738271 0.153205 -0.656874
-1.429687 -26.025337 1621.282197 -134.884162 -0.086193 0.932518 0.350687 -0.620692 -0.325599 0.713251 -0.779303 0.156191 -0.606871
-1.468795 -24.709312 937.021763 -4.433914 -0.131973 0.920320 0.368232 -0.690733 -0.351822 0.631751 -0.710965 0.170976 -0.682126
-3.876589 -23.930983 448.879328 -189.161470 -0.160153 0.917907 0.363040 -0.702516 -0.364356 0.611323 -0.693414 0.157136 -0.703197
-6.089086 -24.622094 147.491293 -354.951813 -0.163133 0.924055 0.345703 -0.655376 -0.363413 0.662128 -0.737476 0.118551 -0.664888
2.366557 -33.029575 390.224445 -1515.602962 0.169531 0.868034 0.466666 -0.204734 -0.432170 0.878244 -0.964025 0.244432 -0.104450
1.814960 -30.979588 291.521711 -665.353737 0.154467 0.842345 0.516328 -0.314606 -0.453462 0.833904 -0.936570 0.291250 -0.194962
1.096165 -29.785805 170.413249 -1374.597982 0.166692 0.856708 0.488125 -0.284176 -0.432303 0.855779 -0.944170 0.281365 -0.171394
0.201456 -35.843823 -288.509034 2424.227059 -0.016155 0.704727 0.709294 -0.266303 0.680731 -0.682413 0.963754 0.199911 -0.176674
-1.325906 -34.504363 413.043108 2569.936354 0.003942 -0.676864 -0.736098 -0.327695 0.694583 -0.640445 0.944775 0.243740 -0.219067
-1.079612 -41.985742 -493.318193 2112.144912 -0.016710 0.731485 0.681653 -0.147750 0.672457 -0.725239 0.988884 0.112833 -0.096841
-3.340065 -43.448785 -747.352210 2971.814257 -0.018272 0.729715 0.683507 -0.228123 0.662547 -0.713437 0.973461 0.168959 -0.154359
-4.192691 -50.588117 -874.456525 1682.160278 -0.016588 0.769831 0.638033 -0.034501 0.637300 -0.769843 0.999267 0.034783 -0.015988
-1.893958 -49.480794 -594.330143 1342.150976 -0.017438 0.777910 0.628134 0.042583 0.628237 -0.776855 0.998941 -0.013201 0.044081
1.575872 -43.679181 -576.489917 1048.984402 -0.014056 0.770730 0.637007 0.025342 0.637140 -0.770332 0.999580 -0.005316 0.028487
1.334629 -39.091510 -453.790842 1396.831174 -0.017940 0.727558 0.685812 -0.120814 0.679319 -0.723830 0.992513 0.095841 -0.075713
-7.030659 -48.122683 1.342878 -867.616485 0.108138 0.815580 0.568450 0.141419 -0.578608 0.803251 -0.984026 0.006473 0.177908
-6.635744 -47.368501 350.371402 -734.030274 0.139612 0.817472 0.558792 0.105494 -0.573386 0.812465 -0.984571 0.054481 0.166290
-6.493357 -45.511735 89.789528 -241.667364 0.116892 0.809141 0.575871 -0.023602 -0.577419 0.816107 -0.992864 0.108988 0.048399
-7.249867 -45.209693 -108.232097 -270.225586 0.085503 0.808671 0.582014 0.049811 -0.586892 0.808132 -0.995092 0.040107 0.090462
-7.529381 -47.679669 -303.550021 -810.820040 0.073038 0.817714 0.570972 0.184215 -0.573711 0.798073 -0.980168 -0.046892 0.192538
10.101297 -24.841643 5645.967067 52.123051 -0.247498 0.332714 0.909971 0.916519 0.384989 0.108515 -0.314224 0.860863 -0.400222
25.215900 -24.213647 8285.365703 -430.806988 -0.093966 0.380011 0.920197 0.968006 0.250880 -0.004758 -0.232667 0.890309 -0.391427
7.694832 -28.271997 7152.439351 -135.911618 -0.215995 0.308849 0.926260 0.947148 0.296721 0.121928 -0.237184 0.903642 -0.356616
33.459495 -21.352968 5888.955730 -211.484441 -0.042882 0.482235 0.874992 0.965601 0.244827 -0.087610 -0.256470 0.841136 -0.476145
-7.340718 -32.809806 3658.762785 936.071475 -0.483106 0.219827 0.847517 0.813700 0.470107 0.341894 -0.323266 0.854795 -0.405985
23.431830 -19.932694 5411.282375 -88.813118 -0.106364 0.456398 0.883395 0.937032 0.343234 -0.064507 -0.332653 0.820909 -0.464167
8.962056 -28.099578 3449.572943 252.740324 0.187113 0.911504 0.366265 -0.016305 -0.369917 0.928922 -0.982203 0.179785 0.054354
15.572679 -27.377456 2788.614599 54.867690 0.152108 0.912737 0.379175 0.079929 -0.393742 0.915739 -0.985127 0.108985 0.132845
16.541393 -28.539267 2817.549489 227.177377 0.142326 0.907077 0.396175 -0.032252 -0.395787 0.917776 -0.989294 0.143401 0.027076
8.811119 -29.292870 3645.599416 284.744794 0.187534 0.904728 0.382490 -0.125529 -0.364132 0.922849 -0.974204 0.221080 -0.045283
-5.574196 -23.371859 -368.643963 755.059064 -0.071448 0.828828 0.554923 0.260996 0.552496 -0.791599 0.962692 -0.088275 0.255796
-2.926396 -22.389544 -1227.246808 762.461400 -0.042890 0.834335 0.549587 0.256128 0.540891 -0.801146 0.965691 -0.106403 0.236895
-5.372282 -22.660798 -289.550296 -201.302411 -0.070028 0.830907 0.551988 0.197161 0.553959 -0.808862 0.977867 -0.052188 0.202615
-7.176892 -23.941454 -5.375501 454.609924 -0.088441 0.848181 0.522271 0.245275 0.526725 -0.813880 0.965411 -0.056120 0.254622
-6.652525 -24.994279 -70.493566 1062.510271 -0.071120 0.863293 0.499667 0.320985 0.494097 -0.807983 0.944410 -0.102922 0.312245
-3.652221 -51.529823 447.925924 -3900.452794 0.404483 0.725177 -0.557236 0.305290 -0.681417 -0.665183 0.862086 -0.098937 0.497011
-4.228082 -53.987217 -211.921053 -5299.301592 0.426031 0.735680 -0.526567 0.331463 -0.668484 -0.665779 0.841802 -0.109105 0.528646
-2.663508 -61.615577 632.745029 -4555.168727 0.399794 0.710620 -0.578951 0.156496 -0.675270 -0.720777 0.903147 -0.197559 0.381178
-2.388291 -53.177843 1044.391771 -3544.632600 0.391906 0.705470 -0.590527 0.253862 -0.699877 -0.667627 0.884287 -0.111735 0.453378
-0.641377 -61.121345 819.513493 -4042.324020 0.397451 0.689437 -0.605565 0.095210 -0.687349 -0.720060 0.912670 -0.228533 0.338829
-1.698261 -70.393953 1051.951144 -2508.507941 0.393589 0.688974 -0.608607 -0.086594 -0.631312 -0.770679 0.915199 -0.356033 0.188817
-2.803057 -69.469383 442.643598 -2549.798769 0.409048 0.697221 -0.588695 -0.010076 -0.641646 -0.766935 0.912457 -0.319645 0.255438
-5.722458 -24.806306 152.559715 -435.397458 -0.104458 0.902835 0.417106 -0.843862 0.141481 -0.517571 0.526294 0.406044 -0.747089
-5.513261 -24.247944 275.253586 -578.650488 -0.089708 0.893820 0.439362 -0.884592 0.131203 -0.447529 0.457656 0.428803 -0.778896
-5.394748 -24.858662 141.799549 -510.565012 -0.111590 0.895275 0.431312 -0.842908 0.144616 -0.518260 0.526360 0.421389 -0.738496
13.282892 -39.822843 -4599.142671 -6813.789344 0.469039 0.721301 -0.509635 0.509906 -0.692322 -0.510574 0.721109 0.020387 0.692522
12.973949 -61.048593 -3495.918923 8168.684565 0.483802 0.692744 -0.534828 -0.383843 0.717154 0.581682 0.786511 -0.076129 0.612866
1.139928 -50.056441 -784.481271 -7481.790190 0.447182 0.741935 -0.499561 0.476461 -0.670271 -0.568965 0.756977 -0.016409 0.653236
2.467116 -31.764235 -1235.188620 -3975.188495 0.443594 0.766787 -0.463963 0.554453 -0.641522 -0.530125 0.704135 0.022085 0.709723
11.492498 -23.115504 -2731.582906 -2938.206782 0.458262 0.739180 -0.493567 0.560224 -0.671328 -0.485250 0.690033 0.054137 0.721751
1.979009 -84.388125 -503.398222 -145.838921 -0.469050 -0.472518 0.746136 0.850865 -0.015358 0.525161 -0.236689 0.881187 0.409253
3.220804 -87.389192 -303.634118 959.190421 -0.464136 -0.491816 0.736678 0.823133 0.067694 0.563799 -0.327154 0.868064 0.373411
1.295481 -83.529643 -511.723637 -750.663330 -0.466543 -0.476854 0.744949 0.755614 0.222920 0.615917 -0.459766 0.850245 0.256316
0.314750 -82.171138 -374.485311 -1214.061661 -0.461383 -0.475553 0.748983 0.809871 0.118957 0.574420 -0.362264 0.871607 0.330252
0.521775 -84.407451 -451.538042 -826.391186 -0.468065 -0.466996 0.750220 0.871849 -0.105503 0.478276 -0.144202 0.877943 0.456532
8.119870 -16.905858 -2176.522898 -262.253096 0.001878 0.580742 0.814086 0.195307 0.798197 -0.569857 -0.980740 0.160067 -0.111924
10.263606 -16.749745 103.155425 -639.261030 0.062013 0.454130 0.888775 0.199957 0.866782 -0.456844 -0.977840 0.206047 -0.037054
4.185908 -16.348924 -841.365005 469.809167 0.032015 0.548133 0.835778 0.151855 0.823832 -0.546115 -0.987884 0.144401 -0.056862
1.362811 -17.650986 -1811.959616 522.695432 0.015395 0.693808 0.719995 0.150903 0.710220 -0.687616 -0.988429 0.119235 -0.093764
0.236175 -165.050604 217.316278 -12309.809329 -0.433211 -0.596509 0.675652 -0.365206 0.801526 0.473477 -0.823986 -0.041636 -0.565079
-4.844349 -183.894950 1885.620067 -19604.176983 -0.414398 -0.621037 0.665272 -0.425107 0.778432 0.461874 -0.804710 -0.091412 -0.586588
-5.034037 -150.534762 1677.494428 -12338.993970 -0.419795 -0.616155 0.666427 -0.627013 0.727757 0.277891 -0.656221 -0.301202 -0.691846
0.250749 -144.012904 67.754675 -9567.635952 -0.457504 -0.608334 0.648553 -0.586709 0.754580 0.293908 -0.668179 -0.246048 -0.702138
1.817631 -146.082233 -124.322108 -2618.255771 -0.455310 -0.586822 0.669576 -0.273479 0.807874 0.522062 -0.847291 0.054585 -0.528317
-2867.917900 -3292.536269 -1154845.477011 -647500.557199 -0.067621 0.859977 -0.505832 0.015477 -0.506027 -0.862378 0.997591 0.066144 -0.020908
-432.907089 -1111.607369 72738.132091 -26226.177379 -0.649377 -0.500395 -0.572638 -0.335366 0.864269 -0.374925 0.682524 -0.051425 -0.729052
99.014841 -12163.647429 174862.706191 8164633.632647 0.806141 -0.478562 0.348015 -0.156554 0.394686 0.905380 0.570637 0.784348 -0.243252
-0.136723 -16.323745 -1989.430072 7.748612 0.665710 0.724109 -0.180265 -0.495519 0.609593 0.618755 -0.557934 0.322587 -0.764622
8.273254 -13.649271 -3159.656387 -156.788238 0.666734 0.725417 -0.170983 -0.487189 0.597824 0.636595 -0.564015 0.341139 -0.752005
-0.129896 -16.402038 1505.603501 -608.939960 -0.764146 -0.558228 0.323207 -0.285885 0.742253 0.606078 -0.578231 0.370732 -0.726778
9.051281 -12.962535 -2973.995487 -87.346862 0.694421 0.692490 -0.195544 -0.430940 0.617856 0.657682 -0.576256 0.372440 -0.727473
-6.273275 -21.114558 1383.122155 -937.221403 -0.796798 -0.460791 0.390878 -0.182692 0.800324 0.571057 -0.575966 0.383607 -0.721879
0.575379 -16.431505 1099.945204 -615.050392 -0.784397 -0.495457 0.373155 -0.194247 0.767571 0.610822 -0.589059 0.406642 -0.698321
-11.634092 -21.430452 -502.312705 180.131449 -0.349535 0.706539 0.615327 0.620623 -0.317403 0.716996 -0.701892 -0.632501 0.327551
-8.663885 -20.616901 1532.155879 474.958349 0.396517 -0.688641 -0.607081 0.666906 -0.238368 0.705986 -0.630880 -0.684802 0.364742
-12.269677 -20.766350 522.179141 435.591821 -0.248622 0.696203 0.673416 0.702527 -0.349016 0.620196 -0.666815 -0.627287 0.402329
-6.915955 -22.070857 2325.690601 7.529364 0.475551 -0.685716 -0.551040 0.572166 -0.234696 0.785840 -0.668190 -0.688993 0.280733
-13.007373 -21.233808 1114.692503 79.114161 -0.127403 0.658550 0.741674 0.684176 -0.483036 0.546424 -0.718103 -0.577052 0.389024
-11.012245 -22.672496 -1337.941079 -67.428080 -0.420419 0.706673 0.569088 0.538524 -0.310444 0.783337 -0.730233 -0.635797 0.250044
-13.895293 -22.303612 530.864869 176.593614 -0.218311 0.691721 0.688377 0.603325 -0.458764 0.652330 -0.767033 -0.557726 0.317179
-12.731604 -29.569173 572.710694 -259.933531 -0.366831 0.887579 -0.278636 0.710311 0.460647 0.532224 -0.600744 0.002682 0.799437
-7.807979 -29.583655 1363.858566 -639.867211 -0.294432 0.912579 -0.283741 0.734941 0.406000 0.543162 -0.610877 0.048608 0.790232
-11.389368 -27.476562 1041.497434 -671.939572 -0.323995 0.898338 -0.296674 0.636194 0.438982 0.634470 -0.700203 -0.016823 0.713746
-9.729171 -31.711344 955.637702 -415.996196 -0.334984 0.899657 -0.280006 0.785816 0.430726 0.443812 -0.519884 0.071364 0.851251
-13.282226 -27.495420 127.917859 -547.730579 -0.383816 0.886107 -0.259806 0.637707 0.457842 0.619443 -0.667843 -0.072072 0.740804
-13.650165 -29.001392 -349.618723 -262.293768 -0.420028 0.877321 -0.232129 0.686883 0.474506 0.550488 -0.593101 -0.071775 0.801922
-12.849494 -31.008678 188.437521 -384.935862 -0.439446 0.851952 -0.284719 0.729191 0.523435 0.440791 -0.524565 0.013911 0.851257
2.252921 -28.660380 -124.364817 759.671808 -0.099739 0.872002 0.479234 -0.234245 0.447521 -0.863049 0.967048 0.198338 -0.159627
2.956021 -29.367362 53.256021 405.941141 -0.122533 0.881231 0.456528 -0.141364 0.439806 -0.886897 0.982345 0.173211 -0.070683
2.448713 -27.751955 75.812853 1123.314395 -0.121794 0.877673 0.463526 -0.264744 0.421357 -0.867392 0.956597 0.228358 -0.181040
1.190262 -29.197314 -116.839962 -153.606898 -0.092993 0.865443 0.492302 -0.330284 0.439635 -0.835245 0.939290 0.240271 -0.244959
1.844783 -27.666410 -42.677409 130.871429 -0.114345 0.874493 0.471368 -0.337792 0.411985 -0.846265 0.934249 0.255991 -0.248288
0.211948 -40.399514 -55.464699 3229.119223 0.068071 0.781422 0.620280 0.954949 -0.231039 0.186263 0.288859 0.579656 -0.761944
0.189086 -32.404729 -50.188051 2342.169022 0.059684 0.784757 0.616923 0.922877 -0.278922 0.265520 0.380442 0.553497 -0.740881
0.175295 -40.071897 110.710596 3431.385282 0.061611 0.780587 0.622003 0.952094 -0.232986 0.198080 0.299536 0.580002 -0.757546
-7.002211 -20.188284 -258.112229 776.929136 -0.172484 0.984177 0.040566 0.288079 0.011020 0.957543 -0.941945 -0.176847 0.285421
-5.259473 -17.995366 -717.575006 360.684637 -0.197730 0.974899 0.102346 0.288753 -0.041848 0.956489 -0.936763 -0.218679 0.273230
-6.489111 -18.467773 -79.898737 361.582821 -0.211317 0.975464 -0.061764 0.305672 0.125975 0.943766 -0.928391 -0.180554 0.324793
-7.745281 -20.358568 231.446504 328.142779 -0.197032 0.973613 -0.115135 0.319104 0.174730 0.931473 -0.927012 -0.146790 0.345111
5.196362 -66.925381 251.675365 229.857837 0.221938 0.892908 0.391739 0.369008 -0.448792 0.813891 -0.902539 0.036078 0.429094
7.512234 -67.468053 612.505685 -26.002445 0.205095 0.896787 0.392057 0.436633 -0.442337 0.783383 -0.875950 -0.010517 0.482288
6.474522 -74.595927 491.961297 4330.877504 0.213905 0.886446 0.410436 0.258058 -0.456513 0.851470 -0.942152 0.076217 0.326405
4.732484 -72.384375 523.774915 -3877.173360 0.227093 0.898562 0.375520 0.536998 -0.437214 0.721441 -0.812442 -0.037820 0.581814
4.222572 -75.561484 126.879111 3958.727755 0.233796 0.881284 0.410704 0.168390 -0.452729 0.875603 -0.957593 0.135554 0.254246
3.175741 -68.230957 353.448157 4200.600493 0.241508 0.885777 0.396324 0.261130 -0.452670 0.852585 -0.934604 0.102414 0.340627
12.581810 -74.381188 -96.958972 2420.884962 -0.252390 0.966939 -0.036432 -0.459590 -0.086659 0.883893 -0.851514 -0.239830 -0.466267
11.564765 -68.914491 608.838930 1783.581554 -0.277506 0.960028 -0.036568 -0.490212 -0.108761 0.864791 -0.826246 -0.257911 -0.500799
11.461961 -86.209103 -683.973842 4629.184717 -0.216750 0.971400 -0.096961 -0.655001 -0.071063 0.752279 -0.723873 -0.226566 -0.651671
16.648268 -89.131680 -2189.608659 6029.883545 -0.219847 0.973082 -0.069124 -0.529696 -0.059570 0.846093 -0.819201 -0.222625 -0.528534
10.936905 -51.650181 1660.590648 1904.247433 0.017494 0.584874 0.810935 0.887546 -0.382542 0.256755 0.460386 0.715251 -0.525795
9.964137 -56.636887 2707.429857 1316.884272 -0.019912 0.555742 0.831116 0.951037 -0.245918 0.187223 0.308434 0.794151 -0.523634
15.082319 -52.453351 655.670451 1401.292898 0.009036 0.625896 0.779854 0.947215 -0.255299 0.193922 0.320471 0.736938 -0.595165
12.936822 -47.156565 -200.168749 521.310704 0.048342 0.658143 0.751339 0.893257 -0.365076 0.262319 0.446940 0.658458 -0.605539
11.893289 -44.476522 -517.151228 1233.070322 0.064834 0.655626 0.752297 0.816041 -0.468736 0.338176 0.574346 0.591980 -0.565408
10.292477 -45.600324 1092.841048 2453.528049 0.061906 0.582540 0.810441 0.789071 -0.525793 0.317662 0.611175 0.619830 -0.492215
4.569553 -27.548128 -256.050570 -27.766506 -0.178844 0.915635 0.360038 -0.830136 -0.336850 0.444304 -0.528099 0.219419 -0.820345
1.449438 -28.846398 -438.344092 -560.039469 -0.147412 0.928655 0.340396 -0.795233 -0.315919 0.517494 -0.588111 0.194410 -0.785067
2.399766 -28.422406 -673.063681 -44.939194 -0.144964 0.934671 0.324616 -0.837266 -0.290700 0.463119 -0.527230 0.204654 -0.824709
-24.479627 -42.494828 732.521505 -1744.641121 0.220579 0.906564 0.359842 -0.189423 0.401721 -0.895957 0.956799 -0.129467 -0.260335
-22.690626 -37.095419 614.017294 -1599.914877 0.249816 0.958219 0.139311 -0.150479 0.180544 -0.971988 0.956529 -0.221855 -0.189295
15.826560 -38.046391 -418.720939 37.218092 -0.227097 0.823824 0.519366 0.739217 0.493015 -0.458797 0.634023 -0.279733 0.720947
23.040024 -29.985630 -2374.109355 293.527824 -0.188363 0.871041 0.453660 0.786943 0.410228 -0.460905 0.587571 -0.270188 0.762731
-9.797608 -36.831508 -5016.920828 2154.780018 0.840834 -0.540532 0.028705 0.224119 0.395923 0.890514 0.492716 0.742341 -0.454049
14.528890 -26.679502 -7996.933281 34.681340 0.718089 -0.637436 -0.279328 0.473382 0.153161 0.867439 0.510155 0.755127 -0.411734
2.426998 -24.458403 601.575238 -822.403415 0.163332 0.929915 0.329517 0.399108 0.243171 -0.884070 0.902239 -0.275910 0.331419
4.702867 -22.991453 31.925944 -289.106431 0.169571 0.904818 0.390577 0.426231 0.290000 -0.856870 0.888579 -0.311777 0.336486
2.962586 -25.650435 466.804405 -87.749542 0.160601 0.916228 0.367062 0.337995 0.298353 -0.892606 0.927344 -0.267419 0.261764
5.961647 -22.585390 -462.921707 -941.652382 0.180001 0.893271 0.411907 0.516809 0.270415 -0.812271 0.836964 -0.359086 0.412976
4.430930 -23.837398 161.546424 644.311058 0.168654 0.896228 0.410282 0.355282 0.332991 -0.873437 0.919418 -0.293075 0.262254
5.057625 -22.665182 -323.786127 -233.650708 0.183795 0.891661 0.413716 0.451504 0.297278 -0.841291 0.873135 -0.341419 0.347950
-4.786741 -33.936547 -122.176648 787.975691 0.117685 0.964698 0.235600 -0.636174 0.255412 -0.728044 0.762518 0.064203 -0.643774
-3.832509 -33.876676 -179.942603 2864.768184 0.138286 0.966946 0.214224 -0.690304 0.249208 -0.679247 0.710181 0.053950 -0.701949
-4.528245 -36.310148 -141.801351 1904.871892 0.152968 0.956759 0.247411 -0.733286 0.277725 -0.620613 0.662489 0.086489 -0.744062
-5.132535 -37.783670 -213.275833 1921.541617 0.140519 0.955760 0.258413 -0.734983 0.275573 -0.619564 0.663366 0.102869 -0.741191
-5.626748 -36.179116 -225.247821 2026.780019 0.120042 0.956141 0.267177 -0.703274 0.271851 -0.656889 0.700711 0.109045 -0.705062
-4.882526 -34.959664 -170.882165 -2234.988777 0.102715 0.962446 0.251292 -0.505101 0.268100 -0.820363 0.856926 0.042665 -0.513670
-3.386470 -33.764814 -319.367589 -2917.150608 0.095720 0.976356 0.193823 -0.445238 0.216147 -0.868932 0.890281 0.003123 -0.455400
1.109779 -30.377994 75.219456 697.768470 0.029579 0.971906 0.233504 0.328679 0.211159 -0.920533 0.943978 -0.103977 0.313199
0.496011 -30.510594 -268.505415 702.422824 0.054617 0.975926 0.211152 0.434727 0.167132 -0.884918 0.898905 -0.140125 0.415133
10.049021 -45.215312 882.209438 3797.275167 0.166819 0.970427 0.174477 0.944978 -0.106854 -0.309190 0.281403 -0.216456 0.934858
8.826639 -48.334322 -587.299768 2333.415289 -0.186359 -0.968664 -0.164193 0.970493 -0.155469 -0.184316 0.153013 -0.193698 0.969055
7.746690 -44.224950 564.267878 2277.715727 0.157584 0.974452 0.160031 0.936396 -0.095993 -0.337563 0.313577 -0.203047 0.927600
6.659048 -44.800826 608.613307 2499.362244 0.173732 0.975876 0.132224 0.954257 -0.133645 -0.267454 0.243331 -0.172641 0.954455
-10.122156 -46.749533 -421.953815 -290.372654 0.211018 0.963981 0.161901 0.548672 -0.253887 0.796555 -0.808969 0.079257 0.582484
-10.388849 -47.182612 -512.278508 -211.842084 0.225220 0.960915 0.160994 0.457946 -0.250252 0.853029 -0.859978 0.118392 0.496409
-10.111066 -48.173230 -170.022200 -114.067627 0.255229 0.957691 0.132988 0.435848 -0.236735 0.868328 -0.863073 0.163659 0.477829
-0.780549 -30.968299 -233.367252 -2153.827233 0.078105 0.872416 0.482483 -0.809246 -0.227172 0.541770 -0.582255 0.432762 -0.688256
-1.720524 -26.499411 -322.584248 -1612.094908 0.046365 0.864795 0.499981 -0.859572 -0.220451 0.461017 -0.508907 0.451145 -0.733132
-3.114472 -22.356115 513.153379 229.084914 0.101212 0.857641 0.504191 0.888488 0.150089 -0.433661 -0.447599 0.491859 -0.746813
12.817574 -27.570634 1026.103839 623.220515 -0.068690 -0.927419 -0.367662 0.971744 0.021221 -0.235080 0.225820 -0.373421 0.899757
14.698738 -26.934051 2233.275749 325.682925 -0.066717 -0.910286 -0.408569 0.945375 0.073279 -0.317641 0.319084 -0.407443 0.855673
10.101087 -28.349676 2193.529393 846.736119 -0.119782 -0.895068 -0.429541 0.960670 0.004684 -0.277653 0.250530 -0.445905 0.859304
15.960271 -26.340974 -131.989533 263.123430 -0.034122 -0.942222 -0.333245 0.952034 0.070809 -0.297687 0.304085 -0.327418 0.894611
9.271492 -29.313701 1891.514535 538.461313 -0.136107 -0.901362 -0.411123 0.981058 -0.064889 -0.182525 0.137843 -0.428178 0.893120
11.005987 -28.269266 1403.403222 469.985607 -0.098462 -0.920331 -0.378545 0.987947 -0.044745 -0.148185 0.119441 -0.388573 0.913644
11.217245 -27.295366 -1064.044984 73.637385 -0.045077 -0.957221 -0.285826 0.989344 -0.003124 -0.145566 0.138446 -0.289342 0.947161
10.635499 -27.091355 -1850.368470 357.741188 -0.033958 -0.964127 -0.263259 0.964545 0.037365 -0.261258 0.261723 -0.262797 0.928676
-0.268051 -27.091929 1993.239491 10.704144 -0.337965 -0.659790 -0.671161 0.727664 0.269090 -0.630948 0.596896 -0.701618 0.389162
3.445477 -27.230831 2508.920099 -102.945444 -0.328162 -0.650945 -0.684529 0.786018 0.213746 -0.580076 0.523913 -0.728411 0.441511
8.330587 -28.092149 2861.460611 -43.896573 -0.342430 -0.659571 -0.669109 0.716779 0.277030 -0.639907 0.607428 -0.698727 0.377904
1.100747 -27.624877 2247.395174 -277.524041 -0.349809 -0.659723 -0.665132 0.677878 0.311802 -0.665778 0.646618 -0.683773 0.338141
7.600368 -55.363823 364.953691 -2452.777555 -0.511627 0.215369 -0.831778 0.304090 0.950806 0.059142 0.803596 -0.222676 -0.551950
8.217747 -50.227049 202.012043 -1885.937716 -0.471414 0.271649 -0.839032 0.324069 0.938177 0.121669 0.820212 -0.214548 -0.530303
10.947967 -59.773834 831.900399 -3685.268321 -0.488112 0.260260 -0.833073 0.207170 0.961774 0.179083 0.847837 -0.085175 -0.523372
9.849614 -64.574390 1106.151822 -3221.278863 -0.526426 0.246576 -0.813680 0.141264 0.969086 0.202277 0.838403 -0.008459 -0.544985
6.638962 -59.026849 392.432358 -2248.064554 -0.542911 0.200827 -0.815424 0.284702 0.957499 0.046263 0.790058 -0.207036 -0.577013
-1.482793 -56.667609 746.042884 -158.518078 -0.654585 0.271832 -0.705426 -0.358172 0.710231 0.606041 0.665757 0.649369 -0.367543
-1.802472 -57.926661 348.730437 -541.917724 -0.630181 0.248250 -0.735693 -0.270808 0.817738 0.507905 0.727691 0.519304 -0.448095
