17746
35483
-26.402876 -43.060747 -74.760538 3537.484084 0.952647 -0.023263 0.303187 -0.301238 -0.208170 0.930549 -0.041467 0.977816 0.205320
-31.753397 -50.877440 146.675095 3244.121516 0.986465 -0.012787 0.163474 -0.163943 -0.096132 0.981775 -0.003161 0.995286 0.096927
-33.173727 -53.431386 338.684134 5821.133361 0.991367 0.083504 -0.101088 0.111564 -0.132173 0.984928 -0.068885 0.987703 0.140348
-26.830505 -43.479024 73.279573 2677.693285 0.858637 -0.140389 0.492985 -0.510290 -0.143204 0.847996 0.048452 0.979685 0.194600
-25.773954 -39.889152 -905.206798 4505.509733 0.986850 0.072929 0.144248 -0.118901 -0.276996 0.953486 -0.109493 0.958099 0.264682
-22.784830 -36.494883 104.041593 2030.376764 0.796931 -0.140187 0.587579 -0.602874 -0.245757 0.759043 -0.037994 0.959141 0.280367
60.659570 -85.168405 1862.995383 -746.844318 0.792171 0.287285 -0.538454 -0.368940 0.928237 -0.047534 0.486157 0.236312 0.841313
60.021186 -86.297564 1909.787295 -2831.605893 0.742028 0.265337 -0.615622 0.488525 -0.842897 0.225539 0.459062 0.468103 0.755077
52.720180 -85.376690 5586.112998 -4508.560985 0.689338 0.215082 -0.691775 -0.335459 0.941133 -0.041666 0.642090 0.260784 0.720910
58.457983 -79.264767 3641.418090 -6699.643210 0.766824 0.263966 -0.585067 -0.243593 0.963010 0.115216 0.593838 0.054168 0.802759
-34.595453 -51.692924 2253.512950 2331.604797 0.648324 0.388527 -0.654769 -0.161559 0.910613 0.380371 0.744026 -0.140820 0.653143
-34.110942 -47.954880 2793.427364 1313.161196 0.614285 0.530431 -0.584206 -0.348811 0.846631 0.401929 0.707803 -0.043121 0.705093
-38.606196 -52.499424 3447.069683 2226.855584 0.681741 0.437819 -0.586126 -0.244741 0.891488 0.381251 0.689442 -0.116466 0.714916
-40.186674 -57.818478 2064.673501 1069.301028 0.727248 0.235765 -0.644613 0.039557 0.923197 0.382285 0.685234 -0.303515 0.662067
-35.521153 -54.575709 1032.941465 1841.116707 0.646641 0.271365 -0.712893 0.029492 0.924988 0.378850 0.762224 -0.266005 0.590132
-32.059818 -49.785784 730.611660 1913.204968 0.588577 0.445444 -0.674653 -0.174567 0.884850 0.431934 0.789369 -0.136455 0.598562
26.112629 -22.738352 7122.352074 -88.293212 0.864454 0.501364 0.036790 -0.052813 0.017796 0.998446 -0.499930 0.865053 -0.041862
15.633380 -20.494892 4411.553250 33.516438 0.862947 0.492192 0.114317 -0.131537 0.000377 0.991311 -0.487873 0.870486 -0.065067
9.978557 -21.585608 2900.244733 -1019.546516 0.869440 0.493549 0.022001 -0.023530 -0.003115 0.999718 -0.493479 0.869712 -0.008905
17.066071 -24.305747 5367.940442 -1027.634650 0.866171 0.499742 0.002310 0.004908 -0.013130 0.999902 -0.499723 0.866075 0.013826
9.871936 -25.333942 2114.707630 -1775.805704 0.867653 0.496879 -0.017032 0.042398 -0.039815 0.998307 -0.495360 0.866906 0.055612
4.648377 -24.405522 450.521080 -1543.323088 0.874305 0.485278 -0.009792 0.030892 -0.035503 0.998892 -0.484393 0.873639 0.046032
-9.270639 -20.053080 549.679775 1922.940330 0.806030 0.186666 -0.561669 -0.269758 -0.728813 -0.629335 0.526827 -0.658777 0.537090
-9.773298 -22.920132 1226.018334 1591.918782 0.763812 0.121984 -0.633807 -0.323803 -0.777045 -0.539772 0.558340 -0.617512 0.554017
-13.381213 -24.415862 -276.519100 901.835256 0.845312 0.299488 -0.442441 -0.085636 -0.741462 -0.665508 0.527365 -0.600451 0.601119
-14.487115 -26.881658 -823.115511 799.991652 0.845693 0.485939 -0.220605 0.183008 -0.652379 -0.735466 0.501309 -0.581606 0.640643
-11.510933 -23.482622 -577.251682 1866.498142 0.864333 0.417253 -0.280765 0.057764 -0.636940 -0.768747 0.499592 -0.648235 0.574630
-16.808983 -25.078449 -460.266553 556.456301 0.837926 0.439949 -0.322992 -0.129675 0.735331 0.665186 0.530154 -0.515493 0.673204
-12.438660 -17.193863 717.605391 1935.133014 0.626808 0.744468 -0.229955 0.577653 -0.642056 -0.504064 0.522904 -0.183117 0.832490
-12.153529 -14.718809 2088.104731 367.540404 0.801717 -0.166975 -0.573907 0.274073 0.955990 0.104726 0.531162 -0.241253 0.812197
-10.704074 -12.739338 1822.517080 -71.198931 0.820286 -0.008995 -0.571883 0.128301 0.977289 0.168658 0.557377 -0.211722 0.802810
-14.821035 -18.964672 657.925450 1607.660849 0.664221 0.720896 -0.197787 0.570702 -0.659913 -0.488686 0.482813 -0.211718 0.849745
-10.375968 -15.434030 593.480877 1892.710005 0.615570 0.744071 -0.259677 0.569856 -0.647862 -0.505508 0.544369 -0.163197 0.822818
-10.509837 -21.383723 608.711369 1309.296296 0.549570 0.809605 -0.206188 0.670712 -0.574704 -0.468894 0.498116 -0.119397 0.858851
-2.762690 -28.192828 44.987319 382.452471 0.876054 0.277048 0.394682 -0.173583 -0.582430 0.794131 -0.449888 0.764211 0.462149
-2.634539 -30.424044 315.029108 1747.527297 0.876013 0.280624 0.392238 -0.119092 -0.662237 0.739769 -0.467352 0.694760 0.546709
-2.079897 -31.516668 -118.048038 692.672588 0.874452 0.276311 0.398731 -0.129014 -0.659876 0.740216 -0.467643 0.698725 0.541381
0.437776 -30.045726 549.855941 -221.334417 0.885296 0.367067 0.285504 -0.067216 -0.506497 0.859618 -0.460144 0.780207 0.423727
-0.150337 -33.120619 102.662476 -415.757004 0.879728 0.380074 0.285697 -0.121795 -0.400687 0.908084 -0.459614 0.833663 0.306205
1.165059 -32.811317 537.363239 -1399.881139 0.884287 0.377981 0.274167 -0.106982 -0.407533 0.906902 -0.454524 0.831292 0.319939
-1.208926 -31.945273 -415.822720 -273.231980 0.877997 0.380098 0.290942 -0.111438 -0.428803 0.896499 -0.465514 0.819545 0.334130
1.205822 -30.659734 617.754459 233.062596 0.885338 0.373039 0.277523 -0.050919 -0.515508 0.855370 -0.462152 0.771423 0.437404
1.697542 -31.595893 237.944088 2127.124321 0.881185 0.375073 0.287808 -0.007966 -0.596902 0.802274 -0.472705 0.709245 0.522993
1.125603 -32.286780 303.605822 509.173539 0.879085 0.362104 0.309985 -0.024755 -0.614761 0.788325 -0.476022 0.700679 0.531463
-0.781375 -30.269279 -815.754090 75.718917 0.868852 0.373962 0.324419 -0.064886 -0.563627 0.823477 -0.490801 0.736530 0.465444
-7.218981 -77.627312 1243.408005 3747.062639 0.954423 0.276141 0.113233 -0.095287 0.641475 -0.761203 0.282836 -0.715720 -0.638552
-9.382236 -84.706065 35.912984 3090.055998 0.967951 0.222869 0.115757 -0.033875 0.572584 -0.819146 0.248843 -0.788972 -0.561783
-8.743179 -77.187588 100.182961 5795.935778 0.964682 0.249440 0.084668 -0.129543 0.729101 -0.672034 0.229364 -0.637331 -0.735664
-5.744204 -80.315359 1819.513080 407.066675 0.950211 0.274332 0.147789 -0.005508 0.488991 -0.872271 0.311560 -0.828027 -0.466156
-4.971900 -70.049226 1741.619187 5428.507153 0.945603 0.311454 0.093976 -0.183743 0.749693 -0.635767 0.268465 -0.583915 -0.766139
-2.096784 -73.329875 1887.186579 2742.167152 0.942129 0.309922 0.127831 -0.102270 0.628815 -0.770800 0.319269 -0.713120 -0.624121
-1.540836 -91.970003 -173.180505 -867.561309 0.823977 0.542234 0.164455 -0.271736 0.123463 0.954419 -0.497214 0.831108 -0.249075
-1.456165 -89.183387 -114.677249 -6751.676110 0.826716 0.539108 0.160943 -0.380642 0.325291 0.865620 -0.414310 0.776883 -0.474130
-0.978649 -93.920237 -608.358749 255.338238 0.814080 0.554273 0.173367 -0.265705 0.090028 0.959842 -0.516406 0.827452 -0.220563
-1.624903 -96.209189 -283.659923 5697.172250 0.820066 0.543116 0.180327 -0.151845 -0.097305 0.983603 -0.551757 0.834001 -0.002673
-2.306224 -95.018792 -66.626801 5005.319345 0.826074 0.536325 0.173081 -0.139855 -0.102420 0.984861 -0.545932 0.837774 0.009598
-0.918124 -120.711535 -216.261634 -8020.638852 0.804259 0.480945 0.349083 -0.103258 0.691564 -0.714897 -0.585239 0.538917 0.605858
-1.101368 -117.395705 -22.791245 5701.343479 0.809161 0.496780 0.313797 0.026750 -0.564634 0.824908 -0.586978 0.659089 0.470168
0.035290 -133.348364 -1501.219374 5828.385984 0.789917 0.526339 0.314641 -0.036203 -0.472178 0.880759 -0.612145 0.707118 0.353926
0.333912 -124.361604 -354.062089 3211.064322 0.808522 0.515666 0.283513 -0.100454 -0.353767 0.929923 -0.579828 0.780344 0.234228
0.039318 -140.083682 -205.303900 5664.005995 0.807876 0.496815 0.317036 -0.053564 -0.473818 0.878992 -0.586914 0.727098 0.356175
1.935952 -139.331183 -756.288262 988.412160 0.804249 0.525719 0.277132 -0.199199 -0.200878 0.959149 -0.559913 0.826600 0.056833
-4.668228 -78.129263 795.490290 2021.505185 0.811012 0.584830 -0.015276 0.566705 -0.791825 -0.227726 0.145277 -0.176032 0.973605
-6.513369 -73.544685 185.625067 1227.266168 0.810058 0.585848 0.024259 0.567651 -0.773189 -0.282755 0.146894 -0.242819 0.958885
-5.212271 -74.571777 586.065989 1618.058209 0.806662 0.591007 -0.002673 0.531560 -0.727485 -0.433832 0.258343 -0.348534 0.900990
-3.193406 -69.472834 813.832509 351.123863 0.801386 0.597889 -0.017592 0.517968 -0.708371 -0.479499 0.299149 -0.375151 0.877366
-3.605929 -72.888717 766.786530 2745.815724 0.801485 0.597748 -0.017893 0.549667 -0.748142 -0.371685 0.235560 -0.288065 0.928186
-0.499021 -39.048488 -1032.631746 -17.767713 0.870129 0.208245 0.446665 -0.185082 0.978077 -0.095452 -0.456749 0.000386 0.889595
-4.973635 -41.382636 -468.131043 -1876.421189 0.878291 0.202836 0.432969 -0.170691 0.978899 -0.112341 -0.446620 0.024764 0.894381
-2.108011 -41.730965 -1507.207014 -3358.954784 0.867099 0.214258 0.449704 -0.167933 0.975656 -0.141043 -0.468976 0.046778 0.881971
-6.623217 -18.826807 1478.783702 -531.956035 0.916767 0.399084 -0.016420 -0.329009 0.777824 0.535483 -0.226475 0.485511 -0.844386
-13.240802 -20.228464 1427.716837 -1093.215902 0.824114 0.560416 0.082276 -0.509860 0.670675 0.538737 -0.246736 0.485930 -0.838447
-10.734723 -20.037833 958.787374 -1836.182570 0.857778 0.511260 0.053196 -0.448488 0.693838 0.563424 -0.251147 0.507151 -0.824453
2.110475 -76.807983 -35.347152 -4372.885341 -0.259020 0.539350 0.801255 0.880006 0.473716 -0.034395 -0.398118 0.696201 -0.597333
2.266804 -68.851124 -40.772624 -3849.857743 -0.253588 0.548945 0.796462 0.800476 0.581356 -0.145822 -0.543076 0.600570 -0.586842
0.647429 -73.094524 -701.598792 -2845.090063 -0.268866 0.562533 0.781836 0.831194 0.545639 -0.106749 -0.486650 0.621156 -0.614278
3.637998 -76.122697 -483.075636 -4810.713342 -0.262044 0.545529 0.796072 0.851235 0.519302 -0.075663 -0.454678 0.657818 -0.600453
0.263394 -82.837935 -639.026760 -3977.735313 -0.266079 0.556911 0.786798 0.919542 0.391533 0.033836 -0.289214 0.732497 -0.616282
3.243247 -80.288960 -679.250859 -3521.116962 -0.264546 0.548058 0.793504 0.916753 0.398286 0.030548 -0.299299 0.735528 -0.607798
3.190727 -64.112330 -688.536162 607.433768 0.935465 0.348943 0.056071 -0.306775 0.722942 0.619068 -0.175484 0.596317 -0.783333
2.279205 -62.711551 -792.580112 -339.958391 0.942801 0.329942 0.047598 -0.312736 0.825979 0.468993 -0.115426 0.457052 -0.881918
3.581484 -66.828340 -762.737274 170.803798 0.943318 0.329604 0.038899 -0.297071 0.786270 0.541782 -0.147989 0.522628 -0.839618
1.968056 -63.303803 -545.809479 -1493.421303 0.951628 0.305345 0.034177 -0.297848 0.889471 0.346593 -0.075431 0.340007 -0.937393
2.796055 -68.047800 258.998560 -394.013618 0.935028 0.344526 0.083816 -0.304650 0.659662 0.687047 -0.181416 0.667943 -0.721762
1.150614 -70.450602 879.099095 24.154060 0.949491 0.306354 0.067924 -0.288189 0.765697 0.575027 -0.124153 0.565558 -0.815310
12.820912 -38.535865 -517.116149 37.724501 0.864148 0.489117 -0.118377 0.423586 -0.579957 0.695863 -0.271705 0.651471 0.708352
13.958305 -38.321084 -96.348033 587.217390 0.859526 0.498657 -0.112053 0.457020 -0.651746 0.605277 -0.228796 0.571462 0.788089
12.292765 -39.061105 271.491743 90.075258 0.871695 0.485535 -0.066365 0.401633 -0.630244 0.664443 -0.280784 0.605845 0.744387
9.917275 -39.232070 342.588308 -174.230232 0.876100 0.478151 -0.061803 0.359308 -0.562057 0.744977 -0.321475 0.674881 0.664222
-6.763850 -32.533972 -80.568878 480.724032 0.987426 0.109724 0.113798 -0.131165 0.970484 0.202379 0.088233 0.214761 -0.972673
-7.621729 -31.129079 -140.367253 -307.415204 0.984005 0.117176 0.134183 -0.149521 0.952718 0.264520 0.096843 0.280352 -0.955000
-9.010637 -31.516937 -918.684933 457.073996 0.988174 0.092009 0.122662 -0.117675 0.967930 0.221957 0.098306 0.233766 -0.967310
3.681681 -107.545012 -353.956560 -4242.539810 -0.156479 0.663051 0.732037 0.735612 -0.416345 0.534352 -0.659082 -0.622110 0.422599
5.703577 -104.185165 665.472815 -5888.134604 -0.155697 0.672184 0.723828 0.689683 -0.450616 0.566818 -0.707175 -0.587464 0.393434
6.367003 -101.704950 54.194947 -3778.241499 -0.152820 0.675593 0.721263 0.552245 -0.546871 0.629252 -0.819555 -0.494476 0.289520
8.677371 -104.645844 1443.691945 -6765.909503 -0.161369 0.677294 0.717797 0.549618 -0.542420 0.635374 -0.819683 -0.497044 0.284723
7.706911 -100.235081 914.795796 -1695.383283 -0.150069 0.686287 0.711681 0.380863 -0.624149 0.682189 -0.912372 -0.373429 0.167716
-3.433266 -25.427756 -3243.799600 -593.023754 0.659327 0.741177 -0.126272 0.438540 -0.242689 0.865323 -0.610713 0.625906 0.485047
-8.549240 -24.652983 -70.652026 325.598756 -0.498407 -0.763318 0.411018 0.654790 -0.020721 0.755527 -0.568190 0.645691 0.510141
0.768968 -25.510783 -2570.883625 311.812139 0.571210 0.776101 -0.267182 0.510246 -0.080775 0.856227 -0.642937 0.625414 0.442142
-5.230851 -26.211426 552.288086 320.058895 -0.426240 -0.755533 0.497483 0.679365 0.095770 0.727524 -0.597313 0.648072 0.472462
-2.717099 -27.294143 -1258.989761 466.210231 0.435576 0.761119 -0.480594 0.631266 0.122324 0.765859 -0.641698 0.636973 0.427188
7.353221 -26.657746 -3756.645145 200.218956 0.532236 0.791984 -0.299143 0.474665 0.013424 0.880064 -0.701012 0.610395 0.368782
11.924717 -50.985218 4149.920391 -727.268173 0.078870 -0.638179 -0.765837 0.948084 0.285438 -0.140220 0.308084 -0.715019 0.627560
13.712380 -51.041765 4950.173834 215.273047 0.090071 -0.631677 -0.769981 0.886099 0.403771 -0.227591 0.454660 -0.661781 0.596096
1.390469 -53.296874 3326.694301 -67.903322 0.147965 -0.605406 -0.782042 0.885825 0.432765 -0.167418 0.439796 -0.667980 0.600318
1.601176 -52.113224 3347.435814 -1674.149304 0.150559 -0.599749 -0.785896 0.947856 0.313449 -0.057618 0.280895 -0.736241 0.615668
9.627040 -49.058363 3568.556182 -2196.472179 0.102116 -0.626759 -0.772493 0.981769 0.188648 -0.023279 0.160319 -0.756032 0.634597
-1.729576 -196.722759 2140.710797 788.720918 0.232826 -0.565206 -0.791413 0.037244 0.818362 -0.573495 0.971805 0.104049 0.211587
-7.113886 -185.823600 2618.070562 8670.839416 0.234955 -0.571279 -0.786408 0.212870 0.819658 -0.531834 0.948410 -0.042446 0.314191
-0.069704 -225.782891 1430.414154 -1474.737206 0.218501 -0.603448 -0.766882 0.341691 0.783432 -0.519116 0.914059 -0.148610 0.377373
0.713242 -268.505186 208.367177 -26623.734581 0.240969 -0.587535 -0.772488 -0.002661 0.795539 -0.605897 0.970529 0.148058 0.190137
-9.644166 -111.961854 4371.050992 5093.716614 0.710707 -0.582011 -0.395170 0.250856 -0.315134 0.915293 0.657242 0.749636 0.077967
-4.475899 -141.887181 -425.040968 7901.959961 0.743303 -0.542976 -0.390740 0.259148 -0.304773 0.916491 0.616720 0.782490 0.085828
-4.623130 -178.768305 4449.371143 26081.250066 0.757365 -0.606649 -0.241608 0.292843 -0.015163 0.956040 0.583644 0.794825 -0.166169
-18.690369 -142.259654 8992.384215 28558.716623 0.759264 -0.601573 -0.248252 0.231854 -0.106388 0.966915 0.608081 0.791702 -0.058701
-20.972288 -93.085756 7223.914735 2192.032090 0.728552 -0.555531 -0.400746 0.277549 -0.295453 0.914152 0.626241 0.777234 0.061066
9.955991 -34.502868 937.909613 -446.515594 0.947931 0.317644 0.022981 0.263440 -0.741531 -0.617035 0.178956 -0.590961 0.786600
11.381474 -31.357797 1310.088907 -1400.237418 0.935462 0.346871 0.067753 0.327369 -0.778176 -0.535977 0.133191 -0.523566 0.841510
9.109383 -35.559894 497.404782 -1663.150756 0.933165 0.356991 0.041947 0.323438 -0.783034 -0.531269 0.156813 -0.509329 0.846164
9.930623 -32.079991 641.093319 -1308.805336 0.917220 0.389882 0.081850 0.382511 -0.804480 -0.454420 0.111323 -0.448111 0.887019
10.199467 -34.596391 -177.088204 -1489.719669 0.921460 0.385060 0.051375 0.366824 -0.818937 -0.441341 0.127870 -0.425524 0.895868
24.852386 -27.896881 -2331.573259 -607.150692 0.734417 0.674019 -0.079567 0.263496 -0.175123 0.948632 -0.625462 0.717656 0.306214
27.684094 -28.541948 468.897167 -290.320671 0.748019 0.652765 -0.119856 0.240843 -0.098704 0.965532 -0.618435 0.751103 0.231046
26.748554 -29.970699 1917.815332 -682.200957 0.797526 0.599702 -0.065649 0.221156 -0.189382 0.956674 -0.561286 0.777491 0.283664
-11.274565 -25.277573 2607.602062 -609.864846 0.711601 -0.432959 -0.553326 -0.609926 -0.771594 -0.180646 0.348731 -0.466036 0.813140
-17.794098 -25.061470 2108.556186 0.837253 0.823518 -0.286562 -0.489592 -0.454456 -0.849806 -0.267020 0.339541 -0.442394 0.830060
-14.973773 -26.346906 2079.510286 -409.925276 0.781386 -0.366312 -0.505224 -0.551716 -0.783837 -0.284971 0.291625 -0.501412 0.814580
-4.282582 -26.332491 3579.111570 534.347629 0.640731 -0.498975 -0.583513 0.705863 0.681820 0.192039 0.302029 -0.534926 0.789071
9.432723 -32.733337 4963.590670 -2008.577164 0.954820 0.003391 0.297166 -0.187595 0.782416 0.593830 0.230494 0.622747 -0.747702
0.781168 -39.728176 2609.084509 -1035.663153 0.927654 0.101544 0.359369 -0.336363 0.645244 0.685945 0.162227 0.757198 -0.632719
15.105444 -32.432884 5802.605507 -996.140098 0.973844 -0.022162 0.226133 -0.145696 0.702791 0.696317 0.174356 0.711051 -0.681180
1.528761 -42.957673 2288.781369 -2339.380559 0.928384 0.119096 0.352021 -0.352012 0.585470 0.730283 0.119124 0.801898 -0.585464
14.954450 -36.707942 5632.220502 -1960.032427 0.968849 0.033213 0.245413 -0.212129 0.622670 0.753182 0.127796 0.781779 -0.610319
0.978693 -135.710257 29.454505 1903.236182 0.927610 0.348675 0.134033 -0.067779 0.509957 -0.857525 0.367349 -0.786364 -0.496675
1.362997 -128.803171 -167.901692 -2217.457201 0.927861 0.341162 0.150611 0.012841 0.374394 -0.927181 0.372706 -0.862228 -0.343005
0.204937 -143.000055 -154.435731 -1639.920255 0.925518 0.333774 0.178918 0.098604 0.243766 -0.964809 0.365642 -0.910589 -0.192698
11.961284 -191.024762 154.586986 21586.891880 -0.414337 0.909810 -0.023899 -0.778568 -0.340724 0.527010 -0.471336 -0.236967 -0.849523
8.584713 -201.545848 2873.772501 7477.753877 -0.454515 0.889926 0.038039 -0.863580 -0.450720 0.226013 -0.218280 -0.069876 -0.973381
11.284853 -176.320561 1047.125414 23208.188340 -0.400522 0.916124 0.017321 -0.732785 -0.331601 0.594194 -0.550099 -0.225295 -0.804135
13.098466 -151.249605 -686.582534 27411.754488 -0.364510 0.929720 -0.052464 -0.581637 -0.183317 0.792523 -0.727207 -0.319397 -0.607581
6.631449 -128.639182 429.155098 8933.440148 -0.308110 0.951350 0.000982 -0.777010 -0.252243 0.576740 -0.548930 -0.176936 -0.816927
12.101323 -131.884161 52.728761 23722.424854 -0.327862 0.944717 -0.004092 -0.526375 -0.179077 0.831180 -0.784497 -0.274667 -0.555988
-28.695552 -43.796467 537.726838 -918.109603 0.133303 0.804643 -0.578602 -0.578305 -0.410964 -0.704749 0.804856 -0.428554 -0.410546
-26.956972 -43.207286 -478.134374 -665.823526 0.105673 0.838272 -0.534914 -0.542420 -0.402259 -0.737542 0.833435 -0.368086 -0.412188
-28.808134 -43.846204 -99.993775 -1382.040686 0.171190 0.817459 -0.549959 -0.484290 -0.416291 -0.769523 0.857996 -0.398074 -0.324623
-31.688899 -44.871361 1862.621331 -1956.637339 0.167896 0.760625 -0.627105 -0.488317 -0.488437 -0.723170 0.856363 -0.427643 -0.289419
54.560644 -29.949227 706.406161 2327.236157 0.150419 0.766254 0.624683 -0.767198 0.488995 -0.415080 0.623524 0.416819 -0.661423
48.952698 -30.761615 2795.258870 3156.197720 0.013230 0.661440 0.749881 -0.757314 0.496324 -0.424426 0.652917 0.562281 -0.507484
47.673417 -22.622886 1972.268690 1191.813747 0.055182 0.682160 0.729117 -0.781257 0.484223 -0.393910 0.621765 0.547891 -0.559663
41.376519 -26.400076 2843.482184 -1944.746926 -0.092721 0.617078 0.781420 0.791643 -0.430309 0.433745 0.603907 0.658823 -0.448607
53.403535 -25.098514 860.528022 106.990713 0.209619 0.754941 0.621389 -0.775081 0.515714 -0.365088 0.596078 0.405097 -0.693244
39.194270 -19.746313 2410.065332 44.454357 -0.017952 0.660435 0.750668 0.800716 -0.440130 0.406373 0.598775 0.608367 -0.520920
44.909270 -21.089677 2681.934050 -630.457936 0.177334 0.694325 0.697471 -0.790949 0.522265 -0.318808 0.585621 0.495129 -0.641791
12.397128 -34.190423 -5363.263946 5.320200 0.990238 0.094514 -0.102447 -0.115154 0.140612 -0.983345 0.078535 -0.985543 -0.150123
5.542556 -34.940200 -4244.621039 -42.430575 0.991430 0.091656 -0.093091 -0.096421 0.032592 -0.994807 0.088146 -0.995257 -0.041150
18.629017 -34.684035 -6357.023818 300.735128 0.990097 0.101779 -0.096688 -0.103868 0.067770 -0.992280 0.094441 -0.992496 -0.077670
22.316060 -34.609231 -4657.181351 18.606473 0.984961 0.146585 -0.091454 -0.111687 0.136332 -0.984347 0.131822 -0.979758 -0.150653
24.278810 -35.708558 -3830.643015 241.533243 0.982691 0.165711 -0.082809 -0.090914 0.041923 -0.994976 0.161407 -0.985283 -0.056263
2.192837 -47.382453 -593.618450 -755.765680 0.832808 0.481326 -0.273416 -0.306381 -0.010584 -0.951850 0.461044 -0.876478 -0.138655
2.500967 -44.912542 -705.720220 4642.416012 0.842118 0.474148 -0.256947 -0.378108 0.179370 -0.908218 0.384541 -0.861980 -0.330330
-0.344576 -45.686776 -1232.573447 1663.061909 0.845056 0.466125 -0.261933 -0.342159 0.094999 -0.934828 0.410863 -0.879604 -0.239768
4.038617 -45.215722 -574.978114 1989.944367 0.833653 0.481834 -0.269922 -0.345401 0.073496 -0.935573 0.430953 -0.873175 -0.227696
-0.544295 -49.823702 -857.204772 -1299.486018 0.837029 0.476154 -0.269553 -0.253322 -0.099426 -0.962259 0.484984 -0.873723 -0.037398
2.125822 -51.035026 -746.383830 -2780.648938 0.835400 0.480134 -0.267540 -0.234212 -0.129387 -0.963537 0.497243 -0.867600 -0.004363
4.171439 -50.548360 -784.016413 -1999.002025 0.834910 0.478067 -0.272723 -0.257213 -0.099162 -0.961254 0.486588 -0.872708 -0.040174
-13.070198 -63.595340 189.489552 9566.837177 0.500528 0.788668 -0.357036 -0.209592 0.510539 0.833919 -0.839966 0.342568 -0.420837
-15.418148 -72.112561 -119.972596 7328.973738 0.480175 0.767227 -0.425200 -0.294463 0.597599 0.745766 -0.826271 0.232892 -0.512872
-12.991106 -52.712044 133.123417 8986.910456 0.477664 0.761193 -0.438659 -0.087383 0.537992 0.838409 -0.874186 0.362146 -0.323495
-11.079780 -42.858495 10.510756 7873.433335 0.493577 0.780277 -0.384121 -0.066542 0.474257 0.877868 -0.867153 0.407735 -0.286003
-11.993220 -55.119589 26.311579 7832.390679 0.509933 0.801040 -0.313533 -0.170616 0.451425 0.875846 -0.843124 0.393129 -0.366867
-13.015487 -73.080757 548.170128 6634.734247 0.537412 0.776512 -0.328965 -0.341209 0.556941 0.757227 -0.771210 0.294697 -0.564260
-5.614380 -60.596740 319.310210 4284.819053 0.566821 0.755798 -0.327846 0.676448 -0.199825 0.708864 0.470246 -0.623569 -0.624524
-5.779791 -62.611430 1140.890332 2918.726630 0.546355 0.776367 -0.314245 0.658752 -0.166620 0.733678 0.517244 -0.607859 -0.602467
-6.630629 -59.803096 284.214104 1087.618035 0.576995 0.752210 -0.318208 0.618531 -0.148002 0.771696 0.533382 -0.642086 -0.550662
-6.516929 -62.709654 -188.224678 2482.878313 0.600489 0.732431 -0.320869 0.644939 -0.206398 0.735835 0.472722 -0.648803 -0.596313
-1.710731 -42.161877 546.595597 -1868.727117 0.815850 0.577780 -0.023661 0.139293 -0.236071 -0.961700 0.561237 -0.781307 0.273079
-2.532319 -39.254385 507.687570 -1601.610538 0.801385 0.596341 0.046469 0.186979 -0.175959 -0.966477 0.568173 -0.783208 0.252514
0.205662 -38.530457 135.266642 -7.923582 0.804978 0.588564 0.074843 0.247678 -0.218729 -0.943829 0.539134 -0.778299 0.321847
-3.368764 -141.283018 1136.906782 -6995.283972 -0.310165 0.211582 0.926839 -0.470333 0.813099 -0.343013 -0.826187 -0.542313 -0.152680
-4.448663 -135.731900 1250.289098 -1458.722436 -0.318026 0.204021 0.925870 -0.366270 0.874313 -0.318470 -0.874475 -0.440400 -0.203327
-3.780118 -131.889766 363.151172 -9778.544176 -0.335942 0.202073 0.919951 -0.624123 0.683746 -0.378103 -0.705417 -0.701183 -0.103581
-2.697301 -133.131730 -749.767318 12707.074047 0.320135 -0.220130 -0.921442 0.691372 -0.610685 0.386093 -0.647702 -0.760662 -0.043310
-13.514735 -58.394253 238.290059 1719.443005 0.630433 0.703350 -0.328410 -0.648407 0.709754 0.275351 0.426758 0.039353 0.903509
-13.408641 -54.502101 422.935488 -654.478555 0.633539 0.706330 -0.315793 0.696825 -0.698273 -0.163858 0.336248 0.116243 0.934572
-14.145653 -57.106332 896.664284 2123.706261 0.641419 0.702153 -0.309132 -0.646997 0.711610 0.273874 0.412283 0.024340 0.910731
-13.539369 -61.850461 322.037992 2449.959890 0.643244 0.701442 -0.306947 -0.572753 0.706869 0.415078 0.508124 -0.091192 0.856442
-12.963544 -60.519933 201.099994 2174.854518 0.627315 0.701749 -0.337674 -0.574952 0.709795 0.406965 0.525267 -0.061149 0.848738
-8.563916 -40.666862 -748.921821 251.211773 0.814261 0.568406 -0.117867 -0.191634 0.071542 -0.978855 0.547955 -0.819631 -0.167180
-7.484672 -41.249775 -1279.033582 2145.407854 0.828719 0.550160 -0.102706 -0.146974 0.036862 -0.988453 0.540022 -0.834245 -0.111407
-6.733529 -43.007617 -1121.509258 -699.369319 0.824033 0.543443 -0.160122 -0.211245 0.032479 -0.976893 0.525685 -0.838818 -0.141563
-9.007933 -41.943283 -863.655789 -3131.067998 0.805770 0.568902 -0.164575 -0.257293 0.085982 -0.962501 0.533418 -0.817898 -0.215656
-12.043556 -167.169591 1038.136948 -8122.144393 0.320696 -0.458766 -0.828666 0.101517 0.886484 -0.451487 0.941726 0.060666 0.330865
-9.579607 -163.970261 859.221952 -18928.780475 0.340627 -0.459107 -0.820484 0.394655 0.861887 -0.318432 0.853358 -0.215342 0.474771
-8.865419 -151.287889 208.417283 -18348.541591 0.335692 -0.492459 -0.802991 0.478005 0.823603 -0.305270 0.811679 -0.281357 0.511875
-3.096094 -111.907293 -688.736360 -5851.692185 -0.349605 0.512780 0.784113 0.895038 -0.064573 0.441290 0.276917 0.856088 -0.436383
-1.103420 -130.652866 -468.632200 -6098.200389 -0.325447 0.505554 0.799061 0.820554 -0.268929 0.504349 0.469866 0.819812 -0.327312
-1.282095 -122.962894 -788.672759 -6031.880956 -0.359003 0.514100 0.778985 0.895337 -0.046030 0.443004 0.263605 0.856494 -0.443768
-12.672885 -29.346777 -103.291620 184.789818 0.650217 0.603484 -0.461546 -0.224804 -0.427473 -0.875631 0.725728 -0.673107 0.142285
-12.667659 -28.877928 -612.135270 863.793964 0.675052 0.625464 -0.391278 -0.247663 -0.307464 -0.918765 0.694959 -0.717120 0.052650
-13.254067 -29.793093 482.521675 437.251292 0.627939 0.659142 -0.413793 -0.229825 -0.350925 -0.907762 0.743554 -0.665120 0.068872
-11.854273 -27.958063 -981.976434 236.363118 0.685819 0.573230 -0.448396 -0.229497 -0.414342 -0.880711 0.690640 -0.706914 0.152610
-13.375342 -30.028838 423.453348 -595.611426 0.615864 0.626919 -0.477162 -0.188452 -0.470847 -0.861852 0.764982 -0.620706 0.171834
-11.635622 -28.523652 -136.817423 -605.011555 0.651452 0.565685 -0.505579 -0.187765 -0.525444 -0.829851 0.735088 -0.635539 0.236086
76.787550 -1080.964073 48825.740021 -295862.002216 0.742039 -0.668996 0.042687 0.448633 0.448283 -0.773157 -0.498102 -0.592864 -0.632777
-30.493379 -1113.826039 11488.942760 362305.342659 0.115581 0.190480 -0.974863 0.878111 -0.478339 0.010646 -0.464287 -0.857268 -0.222549
1402.504669 -13812.190945 540971.517266 9132287.173319 0.660701 -0.253871 0.706416 0.572530 0.779056 -0.255503 0.485473 -0.573256 -0.660071
10.403882 -1265.158812 -39564.250320 416763.014846 -0.738192 0.672877 -0.048048 0.672945 0.739493 0.017170 0.047084 -0.019659 -0.998697
56.639164 -1183.291092 9904.412644 -176395.658490 -0.491024 0.764688 0.417310 -0.777983 -0.600463 0.184894 -0.391966 0.233873 -0.889756
155.613664 -1929.147252 5554.974610 606903.835799 -0.569222 0.678755 0.463980 -0.157973 -0.644102 0.748450 -0.806865 -0.352738 -0.473862
-1.138432 -62.389919 468.175567 2259.917501 0.296394 -0.228083 -0.927431 0.952504 0.141676 0.269564 0.069912 -0.963279 0.259241
0.100056 -68.341301 678.094513 2308.066932 0.326076 -0.216387 -0.920245 0.945331 0.079729 0.316217 0.004945 -0.973047 0.230555
0.990293 -61.647201 949.704990 706.175480 0.290979 -0.218265 -0.931500 0.942211 0.234353 0.239412 0.166044 -0.947333 0.273844
0.159230 -58.207891 701.412131 552.756949 0.260111 -0.232768 -0.937103 0.938092 0.290836 0.188144 0.228749 -0.928027 0.294008
9.613841 -16.613965 -2351.320647 6372.885221 0.643525 -0.483581 -0.593316 0.620330 0.783597 0.034155 0.448404 -0.390031 0.804245
2.147770 -28.088325 -1178.187282 -3341.110523 0.653096 -0.446591 -0.611574 -0.648929 -0.746315 -0.148005 0.390329 -0.493529 0.777221
-0.133122 -22.911369 -1435.537351 -4259.983661 0.781367 -0.293364 -0.550821 -0.476479 -0.850443 -0.222967 0.403031 -0.436673 0.804290
0.067301 -42.704371 100.338032 1294.958317 0.603593 0.750398 -0.269403 -0.389089 0.572165 0.721967 -0.695906 0.330953 -0.637327
1.220924 -38.382289 614.411772 1531.609369 0.595392 0.773601 -0.216912 -0.297068 0.462818 0.835195 -0.746498 0.432830 -0.505370
0.913086 -39.813580 252.613766 3255.653556 0.589514 0.778098 -0.216878 -0.340067 0.482613 0.807118 -0.732685 0.402054 -0.549112
-0.422724 -40.552573 207.470313 867.844606 0.603037 0.758001 -0.248557 -0.424085 0.568538 0.704923 -0.675647 0.319685 -0.664306
-0.900590 -45.596842 -9.143730 48.953004 0.619672 0.722505 -0.306582 -0.481497 0.658430 0.578472 -0.619812 0.210845 -0.755896
-1.587661 -47.430138 395.656710 112.270292 0.632736 0.711037 -0.306710 -0.462662 0.664735 0.586576 -0.620958 0.229245 -0.749572
3.280498 -22.220656 -887.307636 -2986.725680 0.806829 0.590774 -0.003664 -0.589861 0.805898 0.050908 -0.033028 0.038913 -0.998697
5.328471 -15.718309 -779.854065 -2602.863524 0.792316 0.610091 0.004899 -0.610110 0.792272 0.008393 -0.001239 0.009639 -0.999953
5.025615 -22.494356 -527.350189 -2708.198206 0.779640 0.626010 0.016544 -0.625590 0.777381 0.065701 -0.028268 0.061573 -0.997702
-40.602974 -63.738152 657.443084 4555.021729 0.962781 0.019789 -0.269556 0.268720 0.036981 0.962508 -0.029016 0.999120 -0.030287
-35.610252 -56.750238 -294.802054 2461.752671 0.995814 -0.017604 0.089693 -0.088932 0.040090 0.995231 0.021116 0.999041 -0.038357
-30.882915 -51.191772 -158.091150 3074.532545 0.937977 -0.117890 0.326039 -0.331782 -0.032343 0.942802 0.100601 0.992500 0.069450
55.592128 -69.193578 -1086.780205 3672.325013 0.952436 0.265161 -0.150184 -0.256209 0.963592 0.076470 0.164993 -0.034355 0.985696
46.374981 -62.581997 -930.563739 -3499.512687 0.949862 0.296919 -0.097988 0.306240 -0.946691 0.099967 0.063082 0.124963 0.990154
52.929766 -69.330564 -1909.028651 2972.147652 0.919309 0.314832 -0.236116 -0.340447 0.937197 -0.075880 0.197398 0.150142 0.968758
-36.735890 -49.214964 2288.574333 463.467676 0.522377 0.737677 -0.427732 0.566596 -0.675139 -0.472394 0.637253 -0.004416 0.770642
32.919677 -23.407675 8754.509864 191.424682 0.862338 0.497640 0.093417 -0.142261 0.061061 0.987944 -0.485937 0.865232 -0.123450
-4.804683 -18.256553 1756.836703 2015.307629 0.680279 -0.004262 -0.732941 -0.488539 -0.748098 -0.449087 0.546398 -0.663574 0.510997
-6.475696 -23.143258 1854.909721 1660.334594 0.664561 -0.018246 -0.747012 -0.467032 -0.790524 -0.396174 0.583302 -0.612160 0.533872
-10.698246 -25.522189 1952.420306 -774.627206 0.705983 0.043333 -0.706901 0.371071 0.827526 0.421317 0.603236 -0.559753 0.568140
-6.477539 -14.211521 2120.480098 878.957710 0.682251 -0.423365 -0.596067 0.485071 0.872113 -0.064224 0.547028 -0.245319 0.800362
-7.252062 -16.497393 2156.394293 833.770149 0.667420 -0.455027 -0.589492 0.534334 0.843993 -0.046505 0.518688 -0.283947 0.806434
-13.842201 -16.996735 2071.181998 527.716816 0.797222 -0.223930 -0.560617 0.336599 0.935790 0.104872 0.501136 -0.272310 0.821407
-0.833055 -32.839012 174.908312 -1515.911392 0.870457 0.274039 0.408909 -0.048946 -0.778401 0.625856 -0.489804 0.564795 0.664152
-0.883537 -35.126626 799.110802 -53.067060 0.877675 0.263267 0.400471 -0.015910 -0.819143 0.573368 -0.478992 0.509603 0.714753
-1.426733 -32.638658 348.996846 -2703.704856 0.873911 0.249892 0.416934 -0.109612 -0.734334 0.669880 -0.473567 0.631116 0.614351
-0.109155 -39.012883 104.301828 -793.155554 0.872083 0.277188 0.403285 -0.041086 0.862673 -0.504091 -0.487631 0.423040 0.763710
-1.462755 -32.398150 367.349019 -3234.436295 0.871001 0.268537 0.411394 -0.111148 -0.707966 0.697445 -0.478544 0.653201 0.586792
-1.382195 -33.447696 -459.040429 -2470.942527 0.867498 0.297816 0.398438 -0.066893 -0.723859 0.686697 -0.492923 0.622361 0.608025
0.354867 -33.704978 -668.178750 -142.599004 0.864281 0.301428 0.402690 -0.011725 0.812418 -0.582958 -0.502872 0.499118 0.705692
-1.245109 -37.992009 -308.006144 1863.929816 0.880176 0.390710 0.269511 -0.121770 -0.362934 0.923824 -0.458762 0.845946 0.271869
-0.401606 -36.906543 -282.421724 1526.748471 0.880840 0.402037 0.249973 -0.103825 -0.351115 0.930558 -0.461888 0.845627 0.267535
-8.538228 -86.748195 685.339058 -895.544793 0.961650 0.222886 0.159848 0.077165 0.339400 -0.937472 0.263202 -0.913854 -0.309185
-7.598022 -87.136362 -957.640567 2056.018587 0.971764 0.205600 0.115778 -0.002526 0.499710 -0.866189 0.235943 -0.841438 -0.486120
-0.746536 -74.673885 -427.042674 -7534.372280 0.828268 0.541869 0.142655 -0.445859 0.483139 0.753516 -0.339385 0.687717 -0.641766
-0.860758 -76.868550 230.170829 -6878.949482 0.834937 0.528578 0.153248 -0.425655 0.443719 0.788627 -0.348852 0.723684 -0.595469
-0.634814 -60.497854 -271.494382 -5840.571687 0.838088 0.528918 0.133618 -0.459351 0.552065 0.695860 -0.294287 0.644570 -0.705638
-0.732129 -59.716091 1149.425266 -5301.328512 0.848504 0.506497 0.153304 -0.457671 0.556929 0.693085 -0.265666 0.658248 -0.704365
-0.475738 -73.659537 233.353221 -6303.114258 0.842055 0.520902 0.140014 -0.422709 0.476041 0.771169 -0.335052 0.708552 -0.621043
-1.375343 -111.984166 -226.619511 5248.876287 0.810039 0.504126 0.299489 0.021478 -0.535910 0.844002 -0.585982 0.677242 0.444936
-6.359754 -74.728523 219.585517 223.609241 0.816111 0.577473 0.022076 0.576237 -0.810285 -0.106720 0.043740 -0.099816 0.994044
-8.253066 -73.107286 281.155630 -677.339963 0.827878 0.559302 0.042424 0.560905 -0.825246 -0.065985 0.001896 -0.078423 0.996918
-8.613535 -73.100860 538.777536 199.249802 0.811866 0.582579 0.038406 0.568942 -0.774664 -0.276046 0.131067 -0.245963 0.960377
-3.130031 -36.521456 -320.619913 467.849374 0.892081 0.126221 0.433888 -0.130714 0.991226 -0.019604 -0.432556 -0.039227 0.900753
-2.505320 -22.074672 9094.648966 190.419499 -0.568160 0.001323 0.822917 0.272578 0.943850 0.186676 -0.776463 0.330371 -0.536619
-16.989683 -24.223979 -474.738783 259.792125 -0.642678 -0.558409 0.524541 -0.204613 0.784892 0.584874 -0.738308 0.268558 -0.618691
-4.521600 -21.647965 8809.193479 -436.876004 -0.548570 0.098527 0.830279 0.268650 0.961146 0.063442 -0.791769 0.257857 -0.553725
51.270333 -24.756616 22754.807289 637.612370 -0.515276 0.050437 0.855539 0.268334 0.957569 0.105161 -0.813933 0.283758 -0.506946
34.336764 -22.255117 15462.667356 944.601334 -0.542806 0.023757 0.839522 0.321306 0.929430 0.181444 -0.775967 0.368232 -0.512133
0.567641 -64.686866 -544.446683 -1530.865862 -0.241465 0.583616 0.775298 0.727865 0.637318 -0.253058 -0.641800 0.503208 -0.578684
2.639216 -65.627802 -147.767870 -3369.365607 -0.248699 0.556108 0.793028 0.750827 0.627924 -0.204865 -0.611888 0.544477 -0.573705
0.052002 -61.453493 -390.177895 -1199.321204 0.942550 0.329594 0.054476 -0.324643 0.865248 0.382037 -0.078782 0.377775 -0.922540
0.845923 -60.681789 -786.598378 -1631.090775 0.948074 0.315682 0.038732 -0.311839 0.898699 0.308378 -0.062541 0.304444 -0.950475
-6.626191 -32.046503 223.246102 -575.012326 0.978788 0.156199 0.132577 -0.187704 0.943020 0.274736 0.082109 0.293794 -0.952336
4.431239 -107.287378 -469.437858 -1733.028888 0.162987 -0.666563 -0.727413 0.846881 -0.283740 0.449760 -0.506189 -0.689337 0.518254
9.044305 -111.647963 -1704.438764 -5354.264932 0.165127 -0.669525 -0.724203 0.773983 -0.367145 0.515902 -0.611296 -0.645710 0.457575
-11.471742 -23.919179 -1016.285659 -796.809459 0.717049 0.691146 -0.090323 0.438839 -0.346964 0.828876 -0.541536 0.633982 0.552092
0.412814 -28.853648 -5156.342454 -2037.915531 0.730661 0.679912 0.062088 0.310250 -0.411657 0.856903 -0.608178 0.606843 0.511724
-15.362456 -209.333241 2850.474094 8229.192686 0.263661 -0.582980 -0.768516 -0.033072 0.790776 -0.611212 0.964048 0.186569 0.189216
-16.459986 -242.140055 3400.033011 28170.730125 0.269243 -0.567164 -0.778353 0.252356 0.821506 -0.511316 0.929422 -0.058754 0.364312
4.166233 -238.777150 1352.358890 33657.707557 0.774477 -0.556747 -0.300364 0.356537 -0.008055 0.934247 0.522558 0.830643 -0.192262
12.665149 -30.470626 1415.119553 -622.242262 0.962918 0.268809 0.023021 0.223543 -0.747162 -0.625921 0.151053 -0.607857 0.779546
12.734855 -28.813439 1467.845433 -425.717065 0.905043 0.406346 0.125616 0.416165 -0.785112 -0.458699 0.087768 -0.467420 0.879668
24.056104 -30.222644 4186.393312 -155.529199 0.833074 0.546494 -0.085628 0.200340 -0.153791 0.967581 -0.515609 0.823221 0.237604
35.554898 -28.308444 3702.065892 -433.258190 0.779443 0.615350 -0.117529 0.183425 -0.044778 0.982013 -0.599019 0.786981 0.147773
4.238894 -4.850866 -1328.508611 -440.715711 0.977622 -0.028077 0.208487 -0.141662 0.644802 0.751108 0.155522 0.763834 -0.626395
0.110599 -8.201502 -101.772437 71.757049 0.953735 0.016512 0.300194 -0.237786 0.652434 0.719575 0.183975 0.757666 -0.626175
4.188949 -6.078473 -1194.610428 491.874692 0.861598 0.201114 0.466049 -0.475977 0.639082 0.604169 0.176337 0.742380 -0.646357
7.315411 -1.972028 -1908.134402 1448.595722 0.840397 0.240622 0.485628 -0.521033 0.605353 0.601724 0.149188 0.758715 -0.634109
8.002247 -0.485550 -2017.085747 -1077.160807 0.985002 -0.060988 0.161406 -0.083113 0.652065 0.753594 0.151207 0.755706 -0.637216
-20.206826 -26.766866 845.870776 350.751940 0.912016 -0.161369 -0.377077 -0.310026 -0.873136 -0.376187 0.268535 -0.459992 0.846343
-3.506143 -48.486256 -80.703097 -2830.682520 0.975917 0.074726 0.204942 0.215359 -0.180502 -0.959708 0.034723 -0.980732 0.192248
-2.409590 -46.624734 -372.019454 -531.191369 0.966526 0.077538 0.244574 0.256377 -0.254813 -0.932385 0.009975 -0.963877 0.266163
-2.340909 -48.160561 -924.991190 -2176.500820 0.975621 0.050022 0.213686 0.219369 -0.193833 -0.956193 0.006411 -0.979758 0.200081
9.189888 -31.620469 4016.661281 -1992.954664 0.953884 0.027159 0.298945 -0.189646 0.826493 0.530041 0.232681 0.562291 -0.793529
25.850029 -27.619002 8845.208601 -954.715233 0.976068 -0.112794 0.185929 -0.012291 0.824994 0.565007 0.217120 0.553770 -0.803864
20.615162 -26.674886 8499.613468 -563.181765 0.966324 -0.096585 0.238514 -0.036179 0.866688 0.497536 0.254772 0.489410 -0.834008
1.063192 -125.321224 16.191802 1077.448865 0.924493 0.360842 0.122903 -0.127144 0.595837 -0.792977 0.359370 -0.717476 -0.596726
11.005435 -227.305161 293.085698 7307.634801 -0.451595 0.891865 -0.025300 -0.879068 -0.439906 0.183635 -0.152648 -0.105169 -0.982669
-1.799126 -47.626666 -125.111932 -806.439603 0.930191 0.354109 0.096705 -0.365244 0.866564 0.340093 -0.036629 0.351673 -0.935406
-1.691546 -49.634167 -18.091906 -1713.677266 0.923183 0.367769 0.111706 -0.377653 0.813862 0.441596 -0.071492 0.449860 -0.890233
-1.588411 -46.350384 -73.992682 -70.064755 0.926550 0.359844 0.109629 -0.373461 0.845013 0.382727 -0.045084 0.395558 -0.917334
48.829852 -37.871920 898.178122 4450.353254 0.091272 0.762824 0.640132 -0.734281 0.485776 -0.474186 0.672682 0.426757 -0.604465
45.038703 -41.749694 2190.978482 5107.957268 0.012489 0.637549 0.770308 -0.713050 0.545751 -0.440132 0.701002 0.543771 -0.461420
43.686012 -36.808154 3393.259268 3719.880719 -0.066742 0.568677 0.819849 -0.741563 0.521471 -0.422081 0.667555 0.636140 -0.386905
0.050778 -34.827410 -2858.082946 437.110814 0.989888 0.108179 -0.091757 -0.107278 0.147701 -0.983197 0.092809 -0.983098 -0.157812
-3.715361 -34.584809 -961.507859 236.444209 0.985584 0.134478 -0.102661 -0.111873 0.062822 -0.991735 0.126917 -0.988923 -0.076961
-4.315888 -34.255266 -1331.202171 -482.643073 0.986935 0.131175 -0.093551 -0.087864 -0.048502 -0.994951 0.135050 -0.990172 0.036343
5.093981 -35.424090 -3857.396158 -441.558476 0.991763 0.101043 -0.078719 -0.069583 -0.090968 -0.993420 0.107539 -0.990715 0.083188
-9.825301 -33.439060 2735.949251 -2484.922556 -0.211299 -0.734347 -0.645048 0.921740 -0.369274 0.118460 -0.325191 -0.569536 0.754904
-10.305575 -30.363874 2259.673221 -3520.023489 -0.167325 -0.775859 -0.608313 0.904610 -0.366162 0.218187 -0.392024 -0.513778 0.763118
