18548
37073
-26.634748 -36.852992 146.571617 -2819.755660 0.763324 -0.584875 -0.274331 -0.533494 -0.331237 -0.778245 -0.364308 -0.740407 0.564869
-29.398173 -45.378552 -130.345255 -2634.255371 0.825205 -0.547303 -0.139631 -0.355156 -0.310544 -0.881718 -0.439205 -0.777189 0.450640
-33.050593 -51.252910 104.691642 -5873.300228 0.929847 -0.286539 0.230826 0.041196 -0.542316 -0.839164 -0.365633 -0.789803 0.492466
-25.721568 -39.286213 685.991154 -1892.084461 0.664954 -0.666489 -0.337090 -0.581508 -0.178761 -0.793658 -0.468705 -0.723766 0.506437
-26.733757 -38.549481 676.244816 -5002.011807 0.934418 -0.355089 0.027834 -0.187231 -0.556167 -0.809705 -0.302998 -0.751392 0.586177
-21.854912 -30.012319 84.590612 -3082.667923 0.751300 -0.573567 -0.326450 -0.598527 -0.383761 -0.703202 -0.278055 -0.723705 0.631614
-19.081302 -29.329601 457.688938 2422.392022 0.465829 -0.697781 -0.544155 0.830662 0.132893 0.540685 -0.304965 -0.703876 0.641526
-22.725397 -33.498186 -125.646650 1402.208187 0.440694 -0.725925 -0.528036 0.797504 0.046611 0.601511 -0.412039 -0.686193 0.599469
33.481508 -44.210774 2359.375639 -3809.913268 0.852382 -0.429144 -0.298799 0.340480 0.889154 -0.305744 0.396886 0.158876 0.904013
29.259455 -39.949917 1971.425325 -370.276350 0.848793 -0.430805 -0.306525 0.372752 0.898733 -0.230942 0.374975 0.081764 0.923422
33.016438 -43.247155 -352.045136 -1479.691342 0.911808 -0.361425 -0.194879 0.308414 0.916139 -0.256066 0.271085 0.173380 0.946812
39.270180 -51.468718 -413.728607 -5210.710407 0.912812 -0.371177 -0.170297 0.295545 0.888207 -0.351769 0.281827 0.270769 0.920466
14.352500 -6.999204 -4447.604343 882.862942 -0.167591 -0.801216 -0.574426 0.985855 -0.135273 -0.098947 0.001573 -0.582884 0.812554
9.945684 -10.805594 -5309.101207 3290.440041 0.285758 -0.832592 -0.474481 0.958124 0.238690 0.158193 -0.018456 -0.499817 0.865935
21.676175 -9.418785 -6100.711121 -298.601657 -0.013480 -0.843332 -0.537223 0.999909 -0.011627 -0.006839 -0.000479 -0.537267 0.843412
-0.398463 -16.071646 613.899821 5905.535074 -0.589595 -0.641772 -0.490415 0.806231 -0.431026 -0.405227 0.048681 -0.634308 0.771547
-3.191175 -20.029420 731.313795 12821.108479 0.882843 0.342330 0.321556 0.469668 -0.643103 -0.604839 0.000261 -0.685003 0.728541
1.254118 -16.087566 258.657595 -677.354656 -0.573029 0.818693 0.037129 -0.190900 -0.177402 0.965446 -0.796991 -0.546141 -0.257945
-0.084276 -18.368876 -226.422081 -36.155451 -0.575628 0.816197 0.049749 -0.147053 -0.163173 0.975577 -0.804381 -0.554253 -0.213951
0.722881 -17.698670 -497.130747 228.118531 -0.593233 0.792515 0.141402 -0.067352 -0.223893 0.972284 -0.802208 -0.567267 -0.186198
1.832410 -16.253508 603.319651 -208.868441 -0.571291 0.816789 0.080509 -0.138431 -0.192580 0.971468 -0.808989 -0.543846 -0.223088
-9.718340 -25.659181 223.217823 -2210.645034 0.836812 0.117196 -0.534800 0.539861 -0.339135 0.770414 0.091080 0.933409 0.347062
-5.953456 -28.518157 70.786545 -804.219018 0.806022 0.136335 -0.575971 0.571704 -0.431273 0.697967 0.153244 0.891861 0.425558
-7.412334 -29.720094 580.771522 -991.629215 0.894539 0.032207 -0.445829 0.416364 -0.422878 0.804870 0.162609 0.905614 0.391690
-9.817508 -26.408257 568.386522 -1799.194640 0.928807 0.016033 -0.370218 0.353169 -0.340813 0.871274 0.112206 0.939994 0.322212
-12.129859 -21.972814 259.315002 -1473.166993 0.942220 0.035633 -0.333094 0.328586 -0.291874 0.898243 0.065214 0.955793 0.286718
-13.240923 -20.642052 62.691016 -2008.184402 0.815007 0.145423 -0.560907 0.578230 -0.266924 0.770974 0.037602 0.952682 0.301633
-10.577142 -24.173217 98.697426 -2295.915636 -0.702715 -0.211170 0.679411 0.709970 -0.270152 0.650355 0.046209 0.939375 0.339764
3.358871 -19.803172 -4287.346885 577.215984 0.954481 0.297259 0.024554 0.050179 -0.241179 0.969182 -0.294020 0.923834 0.245117
20.317933 -31.177796 -5187.885268 120.661159 0.962663 0.250249 0.103224 -0.029777 -0.281114 0.959212 -0.269059 0.926472 0.263166
8.519064 -23.504879 -4691.726174 -792.948682 0.934189 0.216765 0.283380 -0.186795 -0.379550 0.906118 -0.303972 0.899419 0.314081
14.765801 -27.628866 -4667.109749 616.080620 0.940936 0.324778 -0.095700 0.145374 -0.132257 0.980497 -0.305787 0.936497 0.171660
-4.417518 -16.271883 -2155.223692 -2194.790032 0.864417 0.128566 0.486059 -0.404587 -0.396058 0.824286 -0.298483 0.909180 0.290343
-6.757617 -14.363167 1507.397106 1497.330740 0.717995 0.377600 -0.584723 0.638204 -0.021848 0.769557 -0.277809 0.925711 0.256673
4.649331 -22.982600 -1903.691886 2073.935198 0.862360 0.371284 -0.344215 0.388559 -0.049471 0.920095 -0.324588 0.927200 0.186928
-1.786260 -12.466419 1619.754781 -3307.043602 0.873158 -0.095895 -0.477912 0.459278 -0.166570 0.872536 0.163277 0.981356 0.101399
-2.966475 -6.666121 1357.122961 -2752.755838 0.882761 -0.092015 -0.460723 0.445071 -0.150308 0.882790 0.150481 0.984348 0.091733
-5.622920 -17.806778 554.470212 -3189.746776 0.957379 -0.114212 -0.265295 0.244522 -0.168394 0.954910 0.153736 0.979081 0.133290
-6.195279 -23.416678 489.589924 -3681.172766 0.907610 -0.093984 -0.409158 0.384357 -0.205982 0.899912 0.168857 0.974032 0.150828
-2.919454 -20.658463 1820.975171 -4081.388059 0.836258 -0.081503 -0.542246 0.520123 -0.195215 0.831482 0.173623 0.977368 0.120858
3.652831 -12.694136 2630.058471 -3455.872485 0.704816 -0.039515 -0.708289 0.691461 -0.184787 0.698380 0.158479 0.981984 0.102918
-2.546418 -44.824563 -133.142840 -345.060678 0.897479 -0.427155 -0.109862 0.279503 0.743503 -0.607520 -0.341188 -0.514530 -0.786670
-2.613262 -44.648391 -200.977082 -562.719615 0.903254 -0.411503 -0.121643 0.203880 0.660996 -0.722162 -0.377577 -0.627495 -0.680945
-1.059000 -43.633017 170.904410 -1040.223405 0.897186 -0.430569 -0.098326 0.255955 0.688336 -0.678735 -0.359923 -0.583784 -0.727771
-3.885120 -48.510157 -683.215850 906.673636 0.903726 -0.403800 -0.142213 0.187667 0.672231 -0.716161 -0.384786 -0.620525 -0.683293
-1.396306 -45.826574 -32.520697 -218.192606 0.890678 -0.443569 -0.099696 0.331196 0.783280 -0.526101 -0.311452 -0.435568 -0.844558
-2.005546 -47.271549 -114.302215 -888.149283 0.887272 -0.450505 -0.098962 0.352892 0.801186 -0.483289 -0.297011 -0.393886 -0.869849
-2.448145 -47.745918 -584.174675 -764.599585 0.888721 -0.446192 -0.105298 0.344958 0.802119 -0.487452 -0.301959 -0.396886 -0.866777
-3.508050 -45.974428 -738.590877 -471.017702 0.895950 -0.428677 -0.116233 0.275246 0.741264 -0.612182 -0.348588 -0.516492 -0.782127
-4.446156 -49.798987 -1372.268954 -7878.489477 -0.703884 0.705118 0.085769 0.336618 0.437457 -0.833858 0.625489 0.558068 0.545275
-1.586443 -36.679927 409.689365 -6064.913640 -0.716691 0.694177 0.066879 0.391003 0.479381 -0.785691 0.577469 0.536948 0.614993
3.599217 -32.042594 -2120.716553 -2380.816848 -0.642225 0.764642 -0.053577 0.481316 0.347885 -0.804556 0.596558 0.542493 0.591455
2.712380 -27.387839 58.170347 -835.745287 -0.669153 0.741941 -0.041921 0.495165 0.403102 -0.769624 0.554117 0.535755 0.637120
5.799599 -42.971732 -5394.407443 -7393.457066 -0.631409 0.775417 -0.007152 0.425687 0.338892 -0.839013 0.648161 0.532805 0.544064
7.646413 -30.059707 -3780.839961 -2082.149558 -0.604515 0.789361 -0.107101 0.499581 0.270954 -0.822802 0.620468 0.550902 0.558146
11.701279 -29.622741 -3319.375396 2583.399626 -0.661883 0.746687 -0.066097 0.452875 0.328055 -0.829026 0.597340 0.578652 0.555290
5.983389 -31.006460 -5.248367 -2256.779817 0.683335 -0.726006 0.077252 -0.494106 -0.381961 0.781003 0.537506 0.571857 0.619731
14.886218 -84.402159 1184.960101 2832.625662 0.769501 -0.637430 0.039382 0.135409 0.223106 0.965344 0.624125 0.737500 -0.257994
9.552383 -90.141598 1435.206551 560.976955 0.746387 -0.665293 0.017079 0.283483 0.341046 0.896284 0.602116 0.664133 -0.443152
10.517244 -88.739027 1166.311964 4716.272362 0.740638 -0.671854 0.008225 0.147945 0.175008 0.973388 0.655414 0.719711 -0.229015
14.904475 -83.324381 1309.903323 4819.980346 0.748392 -0.662698 0.027226 0.014228 0.057080 0.998268 0.663104 0.746709 -0.052147
6.715221 -90.859899 1397.558261 4160.711524 0.729125 -0.684120 -0.018893 0.110285 0.090204 0.989798 0.675436 0.723770 -0.141218
-1.973319 -58.784608 248.553427 1320.630247 0.809818 -0.482560 -0.333663 -0.548598 -0.421288 -0.722188 -0.207931 -0.767888 0.605898
-1.820998 -62.828414 -439.486416 -1624.655839 0.828362 -0.478823 -0.290765 -0.460407 -0.286232 -0.840296 -0.319127 -0.829939 0.457557
-1.240777 -59.889888 -589.143100 1222.638561 0.804895 -0.494998 -0.327294 -0.546105 -0.402065 -0.734924 -0.232192 -0.770274 0.593941
2.475288 -39.230450 1411.316485 -2668.245717 0.925797 -0.357968 -0.121488 -0.120728 0.024565 -0.992382 -0.358225 -0.933411 0.020475
1.257586 -38.417571 1606.792876 175.613790 0.938040 -0.341901 -0.056441 -0.085991 -0.071885 -0.993699 -0.335689 -0.936983 0.096831
-0.324149 -40.566276 861.504595 -1675.775401 0.922980 -0.358720 -0.139387 -0.144682 0.012186 -0.989403 -0.356617 -0.933366 0.040652
-1.345640 -44.550428 674.674216 -2336.259985 0.914564 -0.363443 -0.177430 -0.131905 0.146676 -0.980351 -0.382326 -0.919998 -0.086205
-1.862848 -45.740988 292.676365 -2051.879619 0.912751 -0.360703 -0.191779 -0.170112 0.091219 -0.981194 -0.371414 -0.928209 -0.021900
-0.525829 -42.815203 -94.614293 -648.117414 0.917030 -0.376957 -0.130228 -0.159528 -0.047433 -0.986053 -0.365522 -0.925015 0.103633
-3.943153 -36.512529 -1270.932075 164.388673 0.729701 -0.654482 -0.197965 0.683714 0.701977 0.199405 -0.008460 0.280858 -0.959712
-7.779402 -35.615817 954.414793 -361.868007 0.770822 -0.618281 -0.153502 0.635466 0.763235 0.116854 -0.044909 0.187619 -0.981215
-4.558379 -34.970026 -2030.277494 -377.442995 0.720805 -0.665873 -0.192494 0.687396 0.722388 0.075117 -0.089037 0.186464 -0.978419
-8.811379 -33.982269 -1982.259826 -1211.375740 -0.763821 0.629999 0.140282 0.634763 0.772590 -0.013443 -0.116849 0.078778 -0.990020
14.305499 -36.861337 8944.603362 -104.524243 -0.646128 0.715766 0.264950 0.760631 0.632503 0.146220 -0.062923 0.296006 -0.953111
23.826967 -35.565582 12690.640187 61.338232 -0.611764 0.739936 0.279713 0.778748 0.625444 0.048697 -0.138912 0.247617 -0.958848
-1.733788 -33.248263 4236.183220 1023.087884 -0.665583 0.714045 0.217116 -0.726732 -0.686299 0.029236 -0.169883 0.138326 -0.975708
-10.429662 -32.657087 -1275.487999 -1420.365398 -0.753133 0.635520 0.170014 0.634967 0.769816 -0.064810 -0.172068 0.059143 -0.983308
-3.908002 -20.063198 -95.705405 -2318.527469 -0.481895 0.644095 0.594070 0.396985 -0.443922 0.803328 -0.781141 -0.622956 0.041772
-4.591451 -16.003722 -593.607613 -2118.091284 -0.524352 0.668848 0.526969 0.323805 -0.415750 0.849883 -0.787531 -0.616274 -0.001423
-3.496587 -23.073114 -858.503990 -2563.115905 -0.531034 0.658392 0.533407 0.366095 -0.389447 0.845166 -0.764184 -0.644089 0.034225
-0.307889 -25.810896 -904.857145 -2598.838199 -0.538274 0.662073 0.521460 0.367081 -0.372784 0.852223 -0.758626 -0.650147 0.042374
-1.728996 -30.978026 -893.661403 -2928.617430 -0.512586 0.640481 0.571874 0.458132 -0.359294 0.813033 -0.726203 -0.678743 0.109255
0.007121 -41.639881 403.802083 3206.730571 0.860286 -0.508565 -0.035632 0.509301 0.854196 0.104696 0.022808 0.108216 -0.993866
0.428151 -47.880419 -719.834677 2458.872062 -0.861863 0.506368 0.028009 0.505208 0.862084 -0.039689 -0.044243 -0.020056 -0.998819
-0.653026 -44.921823 777.847249 3666.197603 0.864893 -0.500679 -0.035779 0.501922 0.861802 0.073293 0.005862 0.081348 -0.996668
-0.806394 -38.375327 556.868262 2098.489327 0.867594 -0.495835 -0.037791 0.494755 0.853066 0.165819 0.049981 0.162561 -0.985432
-6.383064 -62.334158 1133.881660 71.994016 0.226949 -0.230617 0.946208 0.973892 0.048380 -0.221797 0.005373 0.971841 0.235576
-7.812540 -64.947212 24.932638 -103.550212 0.238841 -0.191620 0.951965 0.964456 0.160939 -0.209580 -0.113049 0.968184 0.223248
-5.768355 -66.244213 921.925723 698.454228 0.247043 -0.230485 0.941194 0.960126 0.189405 -0.205630 -0.130872 0.954464 0.268086
-4.252831 -63.836857 1544.017623 683.012513 0.235856 -0.247530 0.939735 0.968991 -0.013407 -0.246730 0.073672 0.968788 0.236692
-4.615724 -71.320166 399.250186 2233.610326 0.264495 -0.218027 0.939418 0.921153 0.345511 -0.179164 -0.285517 0.912736 0.292222
-3.229586 -67.546904 843.348650 1434.242424 0.252743 -0.233392 0.938962 0.962074 0.163571 -0.218307 -0.102636 0.958526 0.265882
-3.567301 -61.345681 195.930075 -4567.010253 0.850412 -0.475814 -0.224502 -0.328926 -0.147800 -0.932718 -0.410618 -0.867039 0.282198
-4.032491 -55.836271 -260.310501 -2013.899724 0.839713 -0.482874 -0.248424 -0.398632 -0.237486 -0.885829 -0.368747 -0.842872 0.391909
-4.451867 -54.336725 419.569251 -1811.886105 0.846378 -0.476481 -0.237927 -0.385159 -0.239076 -0.891345 -0.367827 -0.846055 0.385869
-6.528882 -74.908738 103.982875 -3357.977642 0.060406 0.045171 0.997151 -0.690611 0.723170 0.009077 -0.720700 -0.689191 0.074880
-2.162008 -65.240130 639.511488 -1029.122354 0.030673 -0.110295 -0.993425 0.807197 -0.583427 0.089698 -0.589484 -0.804642 0.071134
-4.443216 -70.646808 434.237664 -158.502906 -0.009583 -0.091748 -0.995736 0.822371 -0.567220 0.044350 -0.568871 -0.818440 0.080886
-6.516382 -80.186719 115.297423 3601.262943 -0.079252 -0.047143 -0.995739 0.706652 -0.707195 -0.022761 -0.703109 -0.705445 0.089360
-2.879623 -74.644679 588.146320 -2004.458216 0.020704 -0.115154 -0.993132 0.910583 -0.407976 0.066288 -0.412807 -0.905702 0.096410
-4.778501 -73.127409 189.666608 986.776436 -0.029103 -0.097844 -0.994776 0.841877 -0.538922 0.028378 -0.538883 -0.836654 0.098057
-6.018070 -118.705661 521.988923 -4797.241885 -0.023427 -0.030913 0.999248 0.756797 -0.653645 -0.002479 0.653230 0.756170 0.038707
-4.140374 -107.230971 647.748350 781.146457 0.014584 -0.078305 0.996823 0.858055 -0.510848 -0.052683 0.513351 0.856097 0.059740
-4.450566 -119.962631 250.647917 -8514.583580 -0.029870 -0.039624 0.998768 0.738056 -0.674723 -0.004695 0.674078 0.737007 0.049399
-5.097643 -144.999135 -401.465376 11990.036493 0.064030 -0.015449 -0.997828 -0.539793 0.840448 -0.047651 0.839359 0.541672 0.045475
-7.076467 -121.762282 -626.806872 9363.180340 0.036955 -0.003324 -0.999311 -0.603271 0.797146 -0.024961 0.796680 0.603778 0.027453
10.231842 -12.517683 -2484.022379 368.451155 0.957911 0.269747 -0.098194 0.269241 -0.725593 0.633265 -0.099573 0.633049 0.767681
11.755029 -13.332254 -2454.338524 189.608347 0.994432 0.105382 0.000781 0.083134 -0.788999 0.608744 -0.064767 0.605289 0.793367
5.047150 -10.541320 -1445.137051 616.157693 0.959021 0.268274 -0.091148 0.267186 -0.749229 0.606026 -0.094291 0.605545 0.790205
6.872227 -11.775324 -1947.139827 596.427061 0.913204 0.375803 -0.157575 0.388305 -0.685205 0.616209 -0.123602 0.623912 0.771658
-10.223013 -76.943609 395.190790 852.491894 0.273692 -0.106889 0.955860 0.654962 0.748494 -0.103836 -0.704356 0.654471 0.274865
-9.062864 -78.364820 907.735905 1057.760976 0.295539 -0.127110 0.946837 0.581328 0.810419 -0.072655 -0.758099 0.571896 0.313403
-9.211907 -73.593670 1034.764475 1246.180640 0.296317 -0.131064 0.946054 0.728307 0.671812 -0.135045 -0.617871 0.729034 0.294524
-10.954713 -70.849463 1001.952164 1549.616393 0.285577 -0.111761 0.951817 0.793840 0.583996 -0.169607 -0.536902 0.804026 0.255496
-2.044574 -115.747634 1588.660952 4368.077431 0.020166 -0.118552 0.992743 0.925108 -0.374358 -0.063498 0.379169 0.919675 0.102124
-1.527970 -139.046034 560.137499 103.302526 -0.005804 -0.080510 0.996737 0.895107 -0.444792 -0.030715 0.445814 0.892008 0.074646
-2.820761 -124.987364 913.802251 -6492.115437 -0.025249 -0.082071 0.996307 0.814800 -0.579111 -0.027055 0.579192 0.811107 0.081494
-7.747453 -20.133023 -1197.989226 452.366172 0.505297 -0.169154 0.846204 0.861751 0.150495 -0.484497 -0.045395 0.974032 0.221813
-8.897471 -21.896261 -756.598720 844.209448 0.327294 -0.223876 0.918019 0.940066 0.175520 -0.292350 -0.095681 0.958683 0.267905
-11.377343 -18.654142 -787.396796 333.941554 0.418533 -0.224696 0.879967 0.907109 0.150947 -0.392898 -0.044545 0.962666 0.267000
9.836859 -1.168494 -1812.053748 2814.605534 0.041403 -0.597437 0.800846 -0.600838 0.625524 0.497708 -0.798298 -0.501786 -0.333064
5.407950 -5.105147 2885.899310 2041.255891 -0.112027 0.712180 -0.693001 -0.593367 0.511468 0.621544 -0.797098 -0.480833 -0.365285
8.470707 -0.856661 1823.471310 -1684.530880 -0.347021 0.817646 -0.459381 -0.545106 0.222743 0.808236 -0.763175 -0.530887 -0.368407
9.434188 -5.137698 1222.751764 -2552.413676 -0.495301 0.835066 -0.239460 -0.435627 -0.000265 0.900127 -0.751603 -0.550149 -0.363909
10.750868 -0.745214 -879.817453 -2496.142835 -0.502072 0.781802 -0.369743 -0.495244 0.090581 0.864019 -0.708983 -0.616912 -0.341705
9.843411 3.593985 -857.587939 -1561.937067 -0.399113 0.753803 -0.522006 -0.559201 0.251065 0.790102 -0.726638 -0.607246 -0.321324
-17.623562 -21.404376 -1606.875806 -43.185491 0.501076 -0.776371 0.382322 0.830034 0.306143 -0.466176 0.244881 0.550930 0.797816
-13.866681 -19.552798 -2120.825802 -305.483413 0.306440 -0.802883 0.511344 0.931724 0.143006 -0.333826 0.194898 0.578730 0.791888
-17.824066 -20.190968 -785.917795 -409.583793 0.764928 -0.604129 0.223410 -0.619178 -0.594088 0.513496 0.177492 0.531118 0.828499
-2.519492 -44.009530 -226.785643 -347.058228 0.734961 -0.622549 -0.268822 0.372105 0.701670 -0.607616 0.566895 0.346544 0.747353
-1.985124 -42.675997 -193.496496 -1360.564842 0.746347 -0.604948 -0.277496 0.412222 0.747505 -0.520874 0.522531 0.274363 0.807271
-2.448538 -43.597946 -361.898385 -629.345426 0.751743 -0.591679 -0.291202 0.428516 0.773925 -0.466277 0.501255 0.225736 0.835336
-3.115337 -44.999019 -260.846755 -1272.614398 0.735695 -0.613066 -0.287931 0.425025 0.748858 -0.508493 0.527359 0.251718 0.811499
14.120579 -40.740455 -2746.616297 2009.444862 0.756023 -0.596286 -0.269950 -0.219900 0.157068 -0.962795 -0.616501 -0.787257 0.012376
5.857534 -42.193463 -1671.085324 780.116308 0.732882 -0.585844 -0.345935 -0.310631 0.164242 -0.936233 -0.605304 -0.793606 0.061611
6.813889 -40.758360 -1266.822823 -282.123573 0.752428 -0.577161 -0.317392 -0.348077 0.060671 -0.935501 -0.559191 -0.814374 0.155246
-10.958868 -24.522525 1024.146169 541.497505 0.993952 -0.106761 0.025705 0.101564 0.804753 -0.584857 -0.041754 -0.583931 -0.810729
-15.002140 -23.035644 1722.001830 246.401880 0.993389 -0.114739 0.003729 0.097077 0.822250 -0.560786 -0.061278 -0.557440 -0.827952
-10.907533 -23.093445 1231.653357 399.882097 0.979949 -0.179435 0.086619 0.198205 0.833457 -0.515815 -0.020362 -0.522640 -0.852310
-89.326551 -213.871064 10213.511352 8560.834478 -0.255739 0.004903 0.966733 -0.347301 0.932764 -0.096606 -0.902208 -0.360454 -0.236842
-23.915764 -119.032334 6687.045344 33532.695051 -0.333054 0.710196 0.620240 -0.070027 -0.674608 0.734847 -0.940304 -0.201310 -0.274413
-48.705374 -384.634596 16092.812928 -103682.467513 -0.198849 0.577340 0.791920 0.129085 0.816446 -0.562808 -0.971492 -0.009689 -0.236875
-5.735418 -30.808018 397.189219 1861.084518 0.768317 -0.503091 -0.395712 -0.482105 -0.048195 -0.874787 -0.421026 -0.862889 0.279572
-5.077319 -30.826306 -44.796984 3147.139218 0.782619 -0.520093 -0.342069 -0.403855 -0.006035 -0.914803 -0.473719 -0.854088 0.214765
-4.914376 -29.262640 -699.826397 613.309983 0.769654 -0.527335 -0.359930 -0.418483 0.009091 -0.908179 -0.482187 -0.849609 0.213684
-5.973048 -30.449788 -129.984723 737.767612 0.777582 -0.501214 -0.379672 -0.446583 -0.015152 -0.894614 -0.442641 -0.865191 0.235615
-1.753701 -40.960491 -117.165069 -409.613844 0.764253 -0.571707 -0.298444 0.426387 0.795117 -0.431257 0.483851 0.202337 0.851439
9.109992 -55.372446 13553.968567 -11372.537617 0.994941 0.059901 0.080653 0.005907 0.766533 -0.642178 0.100290 -0.639405 -0.762301
-2.650361 -52.675564 15932.830133 -14409.239988 0.992544 0.079434 0.092449 0.014885 0.673809 -0.738755 0.120975 -0.734623 -0.667603
-12.445392 -60.469131 9961.859806 -5245.899177 0.991673 0.122815 -0.038742 -0.124737 0.841254 -0.526054 0.032015 -0.526506 -0.849568
1.602931 -63.414365 13235.562918 2773.024326 0.995211 0.030061 0.093010 0.006691 0.928355 -0.371635 0.097518 -0.370478 -0.923708
-16.611077 -62.808356 5664.221147 7787.672064 0.995880 0.044097 -0.079231 -0.063596 0.962515 -0.263666 -0.064635 -0.267618 -0.961355
-27.818319 -43.299151 524.690952 -1108.765113 0.371822 0.846440 0.381166 -0.394654 -0.227516 0.890216 -0.840236 0.481430 -0.249456
-28.317519 -42.101352 1249.457525 -1405.622708 0.467306 0.812201 0.349220 -0.385613 -0.168201 0.907200 -0.795567 0.558604 -0.234593
-27.151715 -39.546634 1205.401876 -330.871022 0.459323 0.835818 0.300718 -0.448874 -0.073732 0.890548 -0.766509 0.544033 -0.341310
-28.247997 -45.561731 571.945703 -1623.329059 0.437399 0.807200 0.396371 -0.309858 -0.278496 0.909081 -0.844198 0.520450 -0.128303
-27.734165 -40.283706 -403.452634 -592.963323 0.367376 0.890265 0.269190 -0.478777 -0.067113 0.875368 -0.797375 0.450471 -0.401582
-29.989144 -42.297767 -478.224577 -1147.885792 0.260745 0.893124 0.366527 -0.443110 -0.226588 0.867359 -0.857709 0.388571 -0.336670
-28.885846 -46.012624 -295.737420 -1698.806942 0.271612 0.861870 0.428260 -0.344170 -0.328576 0.879537 -0.898762 0.386287 -0.207384
-29.061894 -47.190069 938.200877 -1093.455037 0.376243 0.833141 0.405361 -0.266128 -0.321894 0.908603 -0.887478 0.449734 -0.100612
-40.763805 -52.702041 616.936791 -2678.333924 0.111753 0.921574 -0.371769 0.963645 -0.191866 -0.185946 -0.242692 -0.337473 -0.909512
-39.966940 -54.352164 277.273478 -2937.815743 0.272147 0.913226 -0.303241 0.954583 -0.295937 -0.034528 -0.121272 -0.280072 -0.952288
-41.178376 -60.654152 513.432983 -2234.043083 0.348689 0.852163 -0.390173 0.935278 -0.343289 0.086072 -0.060595 -0.394932 -0.916710
-41.848959 -60.061800 590.509186 -2801.532978 0.267269 0.828916 -0.491392 0.946250 -0.322155 -0.028767 -0.182149 -0.457291 -0.870463
15.845424 -31.130353 1191.347519 -563.083867 0.893635 -0.429568 0.129956 0.081935 0.440859 0.893829 0.441252 0.788109 -0.429163
12.853355 -32.645859 1275.426351 -310.352564 0.888742 -0.436821 0.139013 0.019425 0.338867 0.940634 0.457996 0.833280 -0.309651
13.348242 -31.880262 -1485.520975 -338.365525 0.917049 -0.392872 0.068363 0.083632 0.357098 0.930316 0.389907 0.847427 -0.360333
13.846913 -31.320764 -2200.518114 -756.719254 0.927110 -0.372836 0.038216 0.142957 0.446045 0.883520 0.346454 0.813656 -0.466833
6.788446 -32.778352 -3726.634415 -526.262019 0.935508 -0.352236 -0.027483 0.160288 0.353814 0.921479 0.314854 0.866456 -0.387455
9.831476 -34.111238 -2168.018460 -755.827638 0.925558 -0.377799 0.024704 0.086670 0.274943 0.957546 0.368553 0.884123 -0.287219
-3.846086 -27.520903 94.781127 1453.338147 0.870980 -0.474276 -0.128282 0.475630 0.748467 0.462139 0.123167 0.463529 -0.877480
-4.762788 -28.200775 450.557518 -1174.285285 0.868704 -0.480864 -0.118842 0.471818 0.730250 0.494088 0.150805 0.485288 -0.861251
-2.470962 -28.364600 -394.735585 542.384396 0.849459 -0.507006 -0.146164 0.506207 0.704870 0.496904 0.148907 0.496088 -0.855408
-7.123208 -26.876896 1176.958945 -473.929777 0.893017 -0.438699 -0.100314 0.428618 0.761217 0.486658 0.137136 0.477590 -0.867814
-2.239171 -28.984038 -476.720534 2128.451805 0.852687 -0.500455 -0.149901 0.508800 0.730435 0.455617 0.118523 0.464769 -0.877464
-5.192675 -25.975612 1140.687946 2073.331969 0.889615 -0.444692 -0.104085 0.439824 0.772777 0.457570 0.123043 0.452841 -0.883060
0.601321 -53.580793 319.629334 207.615592 0.958327 -0.278302 0.064485 0.263515 0.948342 0.176658 0.110318 0.152304 -0.982158
-0.334507 -51.274896 135.405977 584.897751 0.959903 -0.275211 0.053342 0.255880 0.937888 0.234289 0.114508 0.211246 -0.970702
0.385881 -48.243267 688.356649 1544.948839 0.953600 -0.292029 0.073253 0.246236 0.896471 0.368384 0.173248 0.333254 -0.926783
-5.649521 -61.382917 677.019447 -1513.967226 0.910531 -0.388247 0.142118 -0.053916 0.229305 0.971860 0.409910 0.892571 -0.187857
-6.361641 -58.201315 -195.029081 -1590.668917 0.925980 -0.344467 0.154608 -0.060880 0.267906 0.961520 0.372632 0.899760 -0.227104
-7.031238 -61.674502 133.642461 -2067.046658 0.920718 -0.364797 0.138571 -0.099181 0.124682 0.987227 0.377415 0.922701 -0.078616
-6.077469 -65.594906 475.049170 -1822.573950 0.915965 -0.384522 0.114678 -0.111877 0.029730 0.993277 0.385346 0.922637 0.015787
-8.217910 -65.158029 -241.598790 -1403.725210 0.933663 -0.337675 0.119367 -0.147591 -0.059084 0.987282 0.326328 0.939406 0.105002
9.103591 -53.227655 115.445643 2540.256333 0.986918 -0.065083 0.147501 0.149966 0.034758 -0.988080 -0.059181 -0.997274 -0.044064
11.303451 -64.647542 362.587225 4987.171682 0.989428 -0.051607 0.135531 0.129959 -0.099246 -0.986540 -0.064363 -0.993724 0.091491
7.880861 -51.942829 -22.742984 3916.925810 0.990437 -0.056001 0.126085 0.128547 0.042770 -0.990781 -0.050092 -0.997514 -0.049560
6.539715 -43.954876 158.132501 1206.579282 0.969715 -0.078053 0.231430 0.242190 0.184840 -0.952459 -0.031565 -0.979664 -0.198146
1335.642614 -73.137826 473761.254386 6810.907077 -0.608808 0.481309 -0.630630 0.759547 0.583107 -0.288225 0.229000 -0.654467 -0.720578
1054.477112 -48.824760 314701.763001 2516.723620 -0.539321 0.469377 -0.699155 0.803457 0.535438 -0.260312 0.252170 -0.702133 -0.665897
654.108815 -37.456788 -188667.528751 -5239.335626 -0.236450 0.019597 -0.971446 0.862427 0.464762 -0.200539 0.447561 -0.885219 -0.126794
321.773888 -40.376205 -5108.413646 -5652.514861 -0.497843 0.282120 -0.820098 0.777977 0.563179 -0.278535 0.383282 -0.776684 -0.499857
-8.481680 -28.296512 -914.382018 -173.104438 0.951314 -0.306531 0.032256 0.089364 0.374460 0.922927 0.294985 0.875110 -0.383622
-11.721539 -28.253891 -1022.737273 -130.236603 0.942883 -0.329257 0.050615 0.082672 0.378464 0.921917 0.322704 0.865075 -0.384068
-10.043682 -27.431881 -1125.557818 167.445561 0.948217 -0.315836 0.033643 0.110083 0.426144 0.897932 0.297936 0.847731 -0.438845
-6.821254 -27.744504 -1237.611319 -150.401038 0.957467 -0.287626 0.022999 0.113154 0.447603 0.887044 0.265431 0.846713 -0.461111
-6.146234 -29.296577 -354.812071 -397.085344 0.956998 -0.287392 0.039508 0.076215 0.380491 0.921639 0.279904 0.878995 -0.386032
-7.830326 -28.900700 -569.083821 -191.654562 0.952444 -0.302914 0.033084 0.063474 0.303416 0.950742 0.298031 0.903428 -0.308214
-3.982408 -63.691830 592.396713 3547.180454 0.925582 -0.317982 0.205393 0.107128 0.740430 0.663542 0.363073 0.592159 -0.719393
-4.992872 -58.683791 453.203703 2436.689866 0.928074 -0.318752 0.192552 0.080500 0.676556 0.731978 0.363591 0.663829 -0.653554
-4.318899 -57.098836 131.949474 790.409438 0.925874 -0.332507 0.179432 0.079164 0.635080 0.768379 0.369445 0.697218 -0.614327
-3.598253 -62.212507 -58.914675 3880.004559 0.925824 -0.323693 0.195122 0.092738 0.695029 0.712975 0.366400 0.641994 -0.673494
-3.527335 -56.786780 -126.671442 189.735532 0.922286 -0.343904 0.176407 0.086311 0.628138 0.773300 0.376749 0.697978 -0.609005
1.236122 -83.714741 -1142.458924 -1238.466547 0.045998 0.893180 0.447341 -0.713133 -0.284226 0.640825 -0.699518 0.348491 -0.623882
-3.015287 -84.558164 -242.790018 -1574.679230 0.055413 0.882133 0.467729 -0.735500 -0.280745 0.616621 -0.675254 0.378184 -0.633252
-0.712029 -78.486452 -842.697354 -1903.143736 0.052056 0.886395 0.459994 -0.845963 -0.205639 0.491996 -0.530695 0.414748 -0.739152
3.650006 -79.431263 -1302.703049 -1064.036461 0.052562 0.890186 0.452555 -0.810701 -0.226576 0.539839 -0.583096 0.395262 -0.709766
5.405021 -85.836013 -1738.293393 -960.190163 0.043419 0.893755 0.446449 -0.683744 -0.299237 0.665545 -0.728429 0.334154 -0.598108
-3.978125 -95.244922 794.080792 -4570.690824 -0.241219 -0.707360 -0.664421 0.921438 -0.381805 0.071951 -0.304574 -0.594866 0.743887
-5.240007 -85.579608 -1144.188912 -2364.591469 0.216784 0.720607 0.658582 0.821105 -0.499479 0.276238 -0.528007 -0.480880 0.699973
-3.973568 -90.087197 664.101508 -1624.170631 -0.223491 -0.720964 -0.655944 0.860570 -0.461949 0.214529 -0.457680 -0.516541 0.723682
-20.159209 -29.196700 1310.415240 0.929097 0.994527 -0.000994 0.104473 -0.104459 0.009215 0.994486 0.001951 0.999957 -0.009061
-17.750587 -29.359903 547.171508 -922.309873 0.994430 -0.034047 0.099747 -0.100579 -0.023650 0.994648 0.031505 0.999140 0.026942
-17.175434 -27.618471 622.019847 -33.298899 0.997086 -0.053681 0.054203 -0.052073 0.040305 0.997830 0.055749 0.997744 -0.037392
-19.038923 -27.608125 743.772594 376.229385 0.999750 -0.016260 -0.015370 0.016848 0.095052 0.995330 0.014723 0.995339 -0.095302
-16.385076 -27.040554 386.078344 146.864891 0.995895 -0.061710 -0.066225 0.073915 0.132052 0.988483 0.052254 0.989320 -0.136071
-20.452802 -49.911418 239.491316 696.181315 0.232217 0.745919 0.624244 0.972453 -0.164676 -0.164976 -0.020261 0.645358 -0.763611
-17.053997 -46.911388 980.263130 41.861109 0.323548 0.698277 0.638535 0.941297 -0.306221 -0.142087 0.096316 0.647023 -0.756363
-18.020561 -48.523854 -277.206482 636.924535 0.216222 0.781958 0.584628 0.973194 -0.220678 -0.064768 0.078369 0.582960 -0.808712
-10.716864 -82.778889 691.874334 -4117.072888 -0.090557 0.964932 0.246385 -0.673173 -0.241631 0.698894 -0.733919 0.102570 -0.671447
-8.269111 -149.823084 -1798.289465 -33720.880158 -0.204873 0.854953 0.476532 -0.509071 -0.508901 0.694166 -0.835987 0.100373 -0.539492
-8.106782 -81.198724 1856.211114 -4749.762416 -0.081058 0.950002 0.301539 -0.699318 -0.269777 0.661948 -0.710200 0.157215 -0.686222
-10.891452 -68.064816 1131.240700 -3231.311143 -0.085393 0.965309 0.246754 -0.806888 -0.212288 0.551240 -0.584499 0.152031 -0.797024
-19.881388 -65.145395 1612.939850 984.058977 0.058234 0.997072 0.049562 -0.785498 0.015125 0.618679 -0.616118 0.074959 -0.784079
15.747982 -37.676023 -2248.829334 1218.676067 0.973625 -0.212238 -0.083719 0.205730 0.658059 0.724316 0.098636 0.722435 -0.684367
13.060300 -37.122469 -2016.742450 1037.125043 0.972075 -0.216101 -0.091493 0.221245 0.713957 0.664316 0.078238 0.666007 -0.741831
16.508820 -37.467722 -1493.732815 752.141712 0.960045 -0.264517 -0.091350 0.250730 0.668058 0.700594 0.124292 0.695506 -0.707688
-11.258799 -46.054005 387.927790 3667.799314 -0.203870 0.186063 0.961154 0.818909 0.570424 0.063274 -0.536493 0.799998 -0.268661
-14.885920 -36.459924 734.220186 2781.077265 -0.239876 0.136217 0.961200 0.862137 0.485060 0.146413 -0.446295 0.863807 -0.233792
-16.533409 -37.632224 -306.883508 2155.140369 -0.108667 0.263387 0.958550 0.903980 0.427314 -0.014935 -0.413536 0.864887 -0.284531
-11.304107 -43.097680 1757.661755 3811.206693 -0.296150 0.052809 0.953681 0.806278 0.549117 0.219970 -0.512066 0.834075 -0.205199
-13.033988 -44.724364 -589.789015 3279.129110 -0.105411 0.302022 0.947455 0.870217 0.489112 -0.059097 -0.481260 0.818262 -0.314382
-8.555991 -54.357329 -524.989534 3809.450715 -0.114925 0.298852 0.947354 0.785259 0.611424 -0.097618 -0.608408 0.732699 -0.304944
-4.869998 -60.305486 403.717936 4861.653897 -0.197636 0.204907 0.958620 0.725369 0.688356 0.002410 -0.659379 0.695829 -0.284677
-5.492508 -58.555040 1731.686672 5378.381128 -0.262897 0.093132 0.960318 0.728295 0.671993 0.134208 -0.632828 0.734678 -0.244493
-11.904928 -33.565430 1088.715791 -299.892488 0.899244 -0.002210 0.437442 -0.401571 0.392438 0.827486 0.173497 0.919776 -0.352010
-8.873520 -32.453281 823.776289 -747.974491 0.925684 -0.068781 0.371993 -0.309171 0.429103 0.848695 0.217998 0.900633 -0.375949
-8.678956 -30.014541 1122.797866 -1547.035658 0.891672 0.001236 0.452680 -0.392935 0.498647 0.772628 0.224773 0.866804 -0.445115
-15.765475 -25.976496 -216.191878 322.523286 0.969815 -0.231361 0.077007 -0.214409 -0.658706 0.721204 0.116134 0.715946 0.688429
-14.824430 -26.971062 -37.263057 786.868804 0.940209 -0.298797 0.163487 -0.315583 -0.583675 0.748152 0.128122 0.755013 0.643071
-14.458919 -25.210138 37.780705 627.462473 0.945685 -0.272893 0.176660 -0.314076 -0.626765 0.713107 0.083878 0.729859 0.678432
-5.845960 -32.666957 -552.255692 218.033144 0.935827 -0.254456 -0.243886 0.339611 0.465860 0.817092 0.094297 0.847483 -0.522380
-4.338520 -31.241832 217.124436 149.161153 0.959105 -0.215783 -0.183184 0.269919 0.502393 0.821428 0.085220 0.837281 -0.540092
-6.126323 -32.225924 89.123418 498.828376 0.953891 -0.228080 -0.195119 0.276611 0.415614 0.866459 0.116528 0.880480 -0.459540
-5.367818 -31.557324 611.311233 125.632909 0.969813 -0.194799 -0.146687 0.222016 0.456551 0.861551 0.100859 0.868110 -0.486017
1.817929 -125.932509 343.445395 -3174.715786 0.900525 -0.432189 0.047619 -0.346805 -0.647891 0.678206 0.262261 0.627256 0.733327
2.999249 -124.378411 1221.388769 -11700.607133 0.889256 -0.456149 0.033924 -0.258039 -0.439038 0.860617 0.377676 0.774063 0.508122
0.877425 -118.800186 41.002434 -6602.172527 0.891539 -0.450072 0.050922 -0.302237 -0.507392 0.806973 0.337359 0.734839 0.588388
0.325007 -124.867763 -238.484620 2432.479198 0.908365 -0.416067 0.041974 -0.374636 -0.765075 0.523745 0.185799 0.491477 0.850840
1.159016 -88.895136 550.721946 -7857.377740 0.877761 -0.474481 0.066354 -0.105732 -0.056763 0.992773 0.467286 0.878434 0.099992
1.978240 -88.664544 659.776355 -7054.343142 0.877999 -0.474326 0.064288 -0.129811 -0.106677 0.985784 0.460725 0.873862 0.155235
2.611957 -75.752634 646.513067 -861.533524 0.881771 -0.467189 0.064924 -0.048571 0.046977 0.997714 0.469171 0.882909 -0.018732
13.462486 -173.812111 -455.906740 31546.780591 -0.644913 0.388099 0.658382 0.503321 0.863947 -0.016249 -0.575113 0.320898 -0.752509
16.003056 -151.150610 2259.544032 21861.547098 -0.653841 0.368589 0.660783 0.497751 0.867276 0.008750 -0.569856 0.334627 -0.750526
13.135785 -110.778286 115.465220 13005.480631 0.703864 -0.300686 -0.643555 0.560248 0.791965 0.242723 -0.436690 0.531394 -0.725894
-36.411395 -56.185895 -833.184886 -4104.423712 0.902864 -0.355347 0.242004 0.072682 -0.428635 -0.900549 -0.423739 -0.830662 0.361172
-32.089014 -51.833276 -154.925320 -2085.948805 0.838106 -0.543194 -0.050193 -0.214743 -0.243944 -0.945715 -0.501462 -0.803388 0.321098
-28.524097 -46.170901 643.080846 -2076.703274 0.740163 -0.639949 -0.206456 -0.412907 -0.190219 -0.890687 -0.530722 -0.744501 0.405033
1.262681 -34.174865 -3920.433429 -6685.765079 0.432289 -0.766086 -0.475645 0.899971 0.399522 0.174457 0.056382 -0.503482 0.862164
2.096788 -44.175516 169.933966 -5759.353378 0.638433 -0.561138 -0.526809 0.743439 0.626777 0.233343 0.199254 -0.540625 0.817327
10.137260 -60.782203 -3008.858231 -20444.673876 0.533118 -0.679995 -0.503381 0.846040 0.427539 0.318476 -0.001347 -0.595665 0.803232
7.580382 -24.103648 -5154.680461 -4651.394139 0.280060 -0.823708 -0.493023 0.959683 0.253055 0.122358 0.023975 -0.507413 0.861369
-3.700158 -19.931874 -4224.132693 -2323.087039 0.430685 -0.775975 -0.460839 0.902074 0.385861 0.193323 0.027806 -0.498972 0.866172
-41.634035 -65.766175 1866.831824 2531.684817 0.253312 0.289484 -0.923056 0.966592 -0.114362 0.229394 -0.039157 -0.950326 -0.308782
-46.116330 -66.300156 570.617833 3283.864830 0.226409 0.167850 -0.959461 0.973686 -0.065258 0.218349 -0.025962 -0.983650 -0.178208
-44.825244 -69.056025 1685.835658 -1361.554671 0.181310 0.238880 -0.953972 0.950861 -0.290147 0.108064 -0.250978 -0.926688 -0.279748
-36.841610 -53.569554 3542.459923 4838.165573 0.531683 0.298437 -0.792621 0.830861 -0.002279 0.556476 0.164267 -0.954427 -0.249171
-38.897618 -67.534843 2921.184934 -791.117948 0.212228 0.378298 -0.901027 0.959490 -0.255508 0.118723 -0.185307 -0.889722 -0.417199
-32.269118 -58.055657 3469.652897 3310.819383 0.391612 0.398398 -0.829409 0.918977 -0.124218 0.374235 0.046067 -0.908762 -0.414764
-4.061199 -30.395473 122.618957 770.087145 0.843372 0.090679 -0.529624 0.495221 -0.513670 0.700642 0.208519 0.853183 0.478121
33.814879 -47.992168 -2982.957557 -650.592548 0.990788 0.129976 0.038023 -0.006933 -0.231724 0.972757 -0.135246 0.964059 0.228688
31.564473 -42.201579 -4535.897718 281.473753 0.967499 0.145905 0.206536 -0.132841 -0.401724 0.906075 -0.215171 0.904063 0.369285
28.479924 -39.244386 -4856.487856 580.652509 0.959448 0.265180 -0.095592 0.123484 -0.090546 0.988207 -0.253398 0.959938 0.119620
-6.003116 -12.236003 464.661598 -3178.875716 0.987093 -0.125915 -0.098959 0.083227 -0.124599 0.988710 0.136824 0.984185 0.112511
-1.189890 -4.946777 -3585.855897 299.886187 0.022151 -0.088556 0.995825 0.991202 -0.128062 -0.033436 0.130489 0.987805 0.084940
-1.220432 -47.941239 -149.971545 1110.073334 0.902983 -0.409660 -0.129618 0.178803 0.632560 -0.753590 -0.390707 -0.657303 -0.644439
-2.363226 -51.343034 -781.757924 3262.699659 0.904266 -0.399324 -0.151138 0.151957 0.631792 -0.760097 -0.399013 -0.664364 -0.631988
2.477721 -33.443843 600.609170 -3733.286428 -0.736988 0.667246 0.107849 0.380945 0.541855 -0.749182 0.558327 0.511054 0.653525
8.340064 -87.794639 506.811114 -2232.643332 0.759808 -0.650110 0.007033 0.402394 0.478735 0.780316 0.510658 0.590060 -0.625346
6.047236 -90.856342 660.935511 -2819.161432 0.740518 -0.671984 -0.008420 0.406391 0.437789 0.801989 0.535238 0.597309 -0.597279
11.616754 -88.642181 1231.612529 -448.509435 0.773465 -0.633154 0.029454 0.287332 0.391668 0.874092 0.564971 0.667617 -0.484866
-1.343655 -73.561931 -331.452308 3053.910047 0.784928 -0.495539 -0.371926 -0.610966 -0.519250 -0.597578 -0.103001 -0.696290 0.710332
-1.908366 -80.173881 122.709599 4489.555327 0.764636 -0.510290 -0.393619 -0.643666 -0.635058 -0.427078 0.032037 -0.579919 0.814044
-1.657454 -72.974409 293.177615 3181.920021 0.783859 -0.492806 -0.377768 -0.615948 -0.540122 -0.573477 -0.078572 -0.682210 0.726922
-1.334997 -67.975285 16.855097 66.818614 0.804443 -0.483262 -0.345440 -0.561174 -0.427527 -0.708735 -0.194820 -0.763989 0.615115
3.795105 -36.211608 1612.789119 265.337989 0.933935 -0.352989 -0.056253 -0.089975 -0.079850 -0.992738 -0.345934 -0.932214 0.106334
2.573739 -39.575536 1433.277799 2315.165950 0.938171 -0.344985 -0.028659 -0.093473 -0.172742 -0.980522 -0.333314 -0.922576 0.194308
-7.692729 -36.877849 846.234969 404.861458 0.780340 -0.605935 -0.154639 0.624763 0.744624 0.234959 0.027222 0.279960 -0.959626
-6.843338 -36.456749 655.480252 445.569404 0.792115 -0.595756 -0.132774 0.609987 0.764938 0.206847 0.021667 0.244837 -0.969322
-6.144651 -35.203826 964.513142 -888.321938 0.777678 -0.614321 -0.133517 0.626446 0.775078 0.082582 -0.052755 0.147863 -0.987600
-7.203234 -34.238999 -1651.108714 -1454.119549 -0.763476 0.632705 0.129572 0.635764 0.771583 -0.021559 -0.113616 0.065917 -0.991336
-4.878042 -14.153944 201.859286 -1977.312527 -0.444290 0.608499 0.657522 0.394932 -0.525747 0.753405 -0.804137 -0.594407 0.006731
-6.185601 -10.672499 -429.834900 -1490.127348 -0.526336 0.698143 0.485351 0.278002 -0.398146 0.874182 -0.803545 -0.595043 -0.015473
-8.186483 -61.459885 128.227700 4.769223 0.218329 -0.171277 0.960727 0.975154 0.076144 -0.208032 -0.037522 0.982276 0.183646
-7.974237 -67.849588 14.408249 820.769221 0.260652 -0.177236 0.949025 0.936038 0.287113 -0.203465 -0.236417 0.941357 0.240736
-7.279097 -61.959426 -171.155191 -22.404204 0.208679 -0.185570 0.960217 0.975008 -0.037056 -0.219055 0.076232 0.981932 0.173200
-2.386287 -62.563486 353.188896 -4581.378100 0.852607 -0.463171 -0.241937 -0.351488 -0.165725 -0.921407 -0.386674 -0.870636 0.304097
-2.913427 -55.138961 140.893864 -1123.132231 0.836648 -0.475526 -0.271835 -0.418639 -0.235114 -0.877190 -0.353215 -0.847701 0.395781
-7.525727 -39.168183 804.783654 -174.158045 0.126278 0.159297 0.979121 -0.637594 0.769176 -0.042909 -0.759952 -0.618864 0.198697
-2.716204 -42.338850 -1156.430277 -901.252873 -0.118215 -0.204951 -0.971607 0.719889 -0.691636 0.058305 -0.683949 -0.692556 0.229303
-2.993766 -44.232956 1517.561599 -634.190569 0.218698 0.104007 0.970234 -0.617073 0.784986 0.054944 -0.755905 -0.610721 0.235855
-7.671703 -40.194679 730.544689 1530.195961 0.023178 0.248511 0.968352 -0.700750 0.694874 -0.161555 -0.713031 -0.674828 0.190250
-8.152872 -43.166987 942.562119 -2472.535097 0.205077 0.066762 0.976466 -0.544742 0.836650 0.057204 -0.813142 -0.543654 0.207946
-12.434242 -37.846274 916.635203 -1244.150199 0.111941 0.125721 0.985730 -0.596959 0.801533 -0.034437 -0.794424 -0.584585 0.164775
3.020312 -65.645221 1515.436622 -4536.020551 0.084935 -0.138486 -0.986716 0.834442 -0.531296 0.146395 -0.544512 -0.835791 0.070433
