14734
29459
-46.991768 -73.120564 966.947520 6615.483798 0.259612 0.965695 -0.005923 0.846072 -0.230401 -0.480704 0.465579 -0.119785 0.876863
-40.425354 -64.723463 -1087.453803 10665.765004 0.159354 0.976388 0.145850 0.791093 -0.037915 -0.610520 0.590574 -0.212669 0.778456
-39.740971 -60.640145 -289.109771 6844.323535 0.470053 0.859223 -0.201957 0.672101 -0.496751 -0.549107 0.572127 -0.122374 0.810984
-34.154270 -47.014770 14.037347 4283.964991 0.589184 0.740990 -0.322174 0.495051 -0.646176 -0.580845 0.638581 -0.182732 0.747545
-43.405915 -72.365554 -1301.618948 5598.912579 0.407456 0.895535 -0.178878 0.790296 -0.443930 -0.422325 0.457616 -0.030712 0.888619
-40.225252 -64.520999 -328.694156 6726.186209 0.508024 0.796086 -0.328875 0.652667 -0.604943 -0.456148 0.562083 -0.017089 0.826904
-36.405571 -57.155574 1270.521977 -4445.726887 0.634686 0.594886 -0.493238 -0.435395 0.802603 0.407749 0.638439 -0.044040 0.768412
-44.821733 -72.688302 -414.783437 -128.437130 -0.491918 -0.259993 0.830915 0.792130 -0.529711 0.303211 0.361312 0.807348 0.466522
-47.589397 -76.751977 1263.093799 -913.229732 -0.534920 -0.406904 0.740466 0.760510 -0.613686 0.212165 0.368083 0.676623 0.637728
-45.498410 -73.003957 1052.074700 -1007.168569 -0.526403 -0.284897 0.801083 0.714913 -0.658304 0.235660 0.460217 0.696756 0.550210
-43.355408 -70.071294 -3163.133551 -179.433414 -0.443364 -0.193680 0.875166 0.722659 -0.654861 0.221179 0.530275 0.730510 0.430307
-50.320052 -74.936076 -5135.050539 361.890675 -0.418247 -0.531535 0.736573 0.904993 -0.313324 0.287776 0.077823 0.786955 0.612082
-52.027151 -75.909222 -7129.735159 -73.415138 -0.477752 -0.501426 0.721336 0.849111 -0.474159 0.232775 0.225309 0.723703 0.652296
-50.405845 -76.017648 -2506.313119 158.728484 -0.452421 -0.470911 0.757336 0.865189 -0.437690 0.244696 0.216248 0.765944 0.605447
-51.126575 -73.692929 -2612.410988 -482.257723 -0.374387 -0.491337 0.786398 0.927217 -0.189078 0.323293 -0.010155 0.850198 0.526365
-6.533860 -48.668853 -3587.391344 218.508913 0.561374 0.628256 -0.538659 -0.332203 -0.425076 -0.841993 0.757958 -0.651617 0.029918
-5.505957 -47.774188 -2659.024457 3084.207650 0.556677 0.630106 -0.541366 -0.309262 -0.447644 -0.839030 0.771017 -0.634493 0.054325
1.959605 -44.993138 -2742.989940 541.185472 0.601067 0.668843 -0.437455 -0.287986 -0.329332 -0.899224 0.745508 -0.666475 0.005333
-0.270289 -46.162403 -4586.293309 -1416.686017 0.605851 0.650033 -0.458695 -0.333631 -0.315822 -0.888227 0.722243 -0.691168 -0.025530
10.101954 -40.865954 -4227.509322 -624.630655 0.638047 0.677085 -0.366676 -0.307904 -0.212121 -0.927470 0.705756 -0.704670 -0.073134
2.194955 -41.021100 522.625243 1402.271124 0.573023 0.717258 -0.396465 -0.230987 -0.322803 -0.917847 0.786314 -0.617526 0.019297
7.243763 -40.009924 -84.157396 898.294545 0.604452 0.732805 -0.312465 -0.268603 -0.181789 -0.945941 0.749994 -0.655705 -0.086951
0.794376 -46.359118 -242.738725 -2188.638365 0.622360 0.771511 -0.132058 0.667546 -0.611264 -0.425134 0.408718 -0.176432 0.895445
0.747409 -46.629662 186.224592 -3037.154943 0.644245 0.751189 -0.143748 0.656224 -0.639455 -0.400583 0.392834 -0.163743 0.904914
-0.869099 -46.705795 -329.557354 -5585.894011 0.645684 0.750174 -0.142587 0.695888 -0.654952 -0.294581 0.314374 -0.090982 0.944929
1.799532 -52.830149 236.881137 4087.711039 0.610720 0.781209 -0.129354 0.599672 -0.562973 -0.568731 0.517120 -0.269766 0.812289
0.053638 -47.261726 -323.178212 -5355.477144 0.632130 0.761319 -0.144239 0.700649 -0.641093 -0.313194 0.330911 -0.096918 0.938672
1.141978 -44.607082 -454.463565 -2948.353447 0.604661 0.787191 -0.121306 0.691613 -0.594461 -0.410229 0.395040 -0.164153 0.903879
1.932416 -51.893184 -366.547839 3712.866649 0.612424 0.781676 -0.117985 0.605453 -0.559755 -0.565774 0.508295 -0.275059 0.816075
5.221015 -53.754509 1168.425094 1299.610010 0.569051 0.811319 -0.133948 0.415309 -0.424156 -0.804743 0.709718 -0.402310 0.578314
6.115841 -49.968819 63.543165 -671.139838 0.563747 0.816969 -0.121457 0.503042 -0.456248 -0.734021 0.655087 -0.352704 0.668178
5.023435 -53.330490 -365.869904 897.339944 0.575007 0.807164 -0.133614 0.410853 -0.426104 -0.805999 0.707507 -0.408560 0.576639
2.307071 -52.925984 946.783169 -496.765117 0.571123 0.802140 -0.174328 0.322105 -0.414333 -0.851221 0.755028 -0.430000 0.495008
3.616375 -52.563308 822.589008 267.742462 0.571268 0.806399 -0.152882 0.310333 -0.384658 -0.869328 0.759833 -0.449176 0.469995
-31.504080 -144.902689 -196.189584 -13478.995406 -0.018712 0.998046 0.059614 0.391255 -0.047560 0.919053 -0.920092 -0.040522 0.389601
-28.965166 -140.214123 437.017855 -18307.196529 0.014559 0.998883 0.044958 0.216353 -0.047045 0.975181 -0.976207 0.004471 0.216796
-22.328135 -130.958069 -3765.630704 -12205.142976 -0.093320 0.983608 0.154295 0.306998 -0.118993 0.944242 -0.947124 -0.135485 0.290862
-27.595880 -141.153284 -4449.864200 -211.062173 -0.116890 0.983929 0.134983 0.575406 -0.043684 0.816701 -0.809472 -0.173135 0.561052
-0.145895 -145.709710 799.558742 -1676.219193 0.219344 0.941947 0.254212 0.893980 -0.298396 0.334305 -0.390754 -0.153933 0.907533
0.715168 -140.450432 1301.983208 -8966.074731 0.211697 0.947480 0.239723 0.812304 -0.306967 0.495917 -0.543459 -0.089743 0.834625
0.616420 -132.994173 -972.707795 -11169.951993 0.175843 0.949932 0.258280 0.706810 -0.304452 0.638536 -0.685200 -0.070272 0.724957
-6.803232 -97.164623 -1252.150347 7188.869062 -0.120889 -0.979680 -0.160038 0.976927 -0.088821 -0.194226 0.176065 -0.179825 0.967814
-5.355576 -102.891162 -566.446538 6989.114654 -0.105445 -0.983675 -0.145826 0.988140 -0.087185 -0.126407 0.111629 -0.157426 0.981201
-5.138975 -107.529712 122.039838 5090.610110 -0.116156 -0.976928 -0.179217 0.987794 -0.132479 0.081932 -0.103784 -0.167512 0.980392
3.917128 -40.518379 -4811.902532 -1465.742235 0.209591 0.892987 0.398303 0.666760 0.167426 -0.726223 0.715194 -0.417782 0.560317
1.751986 -38.878905 -5442.988688 -606.406381 0.173840 0.884264 0.433425 0.736784 0.175236 -0.653025 0.653398 -0.432863 0.621048
24.598168 -41.108416 -17564.839540 -931.013608 0.141372 0.832665 0.535428 0.676099 0.313865 -0.666618 0.723121 -0.456243 0.518592
-1.790873 -56.475798 -100.039491 -842.257337 0.333798 0.915797 -0.223373 0.011244 0.233079 0.972393 -0.942578 0.327094 -0.067504
-2.103506 -64.212038 -266.935878 -2018.278927 0.338412 0.918778 -0.203285 0.112079 0.175138 0.978144 -0.934299 0.353800 0.043707
-2.228692 -58.720031 -598.593889 2903.596996 0.330163 0.914926 -0.232168 0.079072 0.218288 0.972676 -0.940606 0.339500 0.000274
-2.482188 -64.931926 674.790782 -1310.474163 0.347670 0.915085 -0.204314 0.085834 0.185930 0.978807 -0.933680 0.357839 0.013903
6.781596 -219.559822 2288.586912 -30201.610293 0.577538 0.095847 0.810718 -0.043509 0.995286 -0.086672 -0.815204 0.014782 0.578985
4.347311 -157.715575 2836.445160 -11491.722808 0.590606 0.130773 0.796294 -0.145005 0.987918 -0.054694 -0.793825 -0.083164 0.602433
5.223880 -198.392652 2118.271617 1997.454233 0.574630 0.161811 0.802258 -0.318663 0.947137 0.037215 -0.753826 -0.277035 0.595817
8.332179 -217.939593 -43.656337 -1144.773410 0.559815 0.134230 0.817673 -0.241871 0.970288 0.006312 -0.792531 -0.201305 0.575648
6.966807 -281.629864 672.195713 -49849.049892 0.528800 0.061735 0.846498 0.065050 0.991470 -0.112944 -0.846250 0.114790 0.520273
16.839554 -104.930959 6111.313452 7338.056782 -0.581498 -0.119680 -0.804697 -0.146170 0.988394 -0.041374 0.800309 0.093564 -0.592243
12.362460 -117.869343 5599.566946 -9239.384001 -0.566699 -0.134864 -0.812812 -0.248717 0.968493 0.012713 0.785488 0.209365 -0.582387
5.938989 -111.802856 3803.523539 6042.236596 -0.581530 -0.115313 -0.805311 -0.126206 0.990706 -0.050724 0.803676 0.072138 -0.590678
12.065922 -115.677001 4975.493474 12122.467816 -0.565441 -0.092103 -0.819630 0.046052 0.988670 -0.142869 0.823502 -0.118529 -0.554793
25.745726 -25.460521 -986.965344 213.590018 0.581435 -0.063646 0.811100 0.352446 0.918241 -0.180596 -0.733291 0.390874 0.556329
13.829801 -26.189210 650.852980 -353.927026 0.625576 0.111874 0.772100 0.156072 0.951714 -0.264353 -0.764393 0.285876 0.577909
16.785729 -34.251948 -993.050332 477.556442 0.588177 0.188601 0.786433 0.166218 0.923475 -0.345781 -0.791467 0.334100 0.511818
27.994761 -442.955397 -9371.464368 -123492.076269 -0.449988 -0.236259 -0.861216 0.824946 -0.479307 -0.299547 -0.342016 -0.845249 0.410583
3.647033 -602.400398 -418.906449 -200680.341051 -0.464607 -0.230047 -0.855113 0.855695 -0.365133 -0.366692 -0.227874 -0.902084 0.366494
34.839224 -481.678918 -10738.572504 -122509.486122 -0.445482 -0.262838 -0.855840 0.892520 -0.055226 -0.447614 0.070386 -0.963258 0.259191
77.796479 -494.321117 -25441.236965 -108062.106387 -0.436845 -0.222122 -0.871681 0.863544 -0.374926 -0.337228 -0.251910 -0.900051 0.355596
-17.958266 -35.696395 995.765451 -3687.676882 -0.199063 0.936884 0.287440 0.502056 -0.154399 0.850941 -0.841614 -0.313702 0.439633
-20.417281 -28.902139 -1079.396864 -5008.967709 -0.257475 0.937950 0.232284 0.405995 -0.113133 0.906846 -0.876855 -0.327796 0.351674
-18.900617 -36.595853 -1731.306891 -3793.127174 -0.264889 0.915576 0.302580 0.497459 -0.139058 0.856270 -0.826056 -0.377337 0.418626
-17.091017 -26.463115 2002.305875 -4611.000717 -0.207708 0.954253 0.215078 0.398099 -0.118378 0.909672 -0.893518 -0.274569 0.355299
-5.945772 -30.745398 6244.055226 -3623.767260 -0.111523 0.945092 0.307187 0.493730 -0.215571 0.842473 -0.862435 -0.245622 0.442579
-11.031572 -38.772648 6333.606449 -2051.973203 -0.102629 0.937127 0.333557 0.579491 -0.216222 0.785772 -0.808491 -0.273936 0.520866
-16.483951 -40.440864 1062.854219 -1131.453214 -0.124090 0.741816 0.659023 -0.264521 0.615392 -0.742510 0.956363 0.266463 -0.119862
-17.025729 -39.106129 1892.682954 -201.606303 -0.138670 0.788465 0.599244 -0.157432 0.579845 -0.799372 0.977745 0.205189 -0.043723
-21.443755 -37.891625 1794.740024 161.967354 -0.096549 0.796619 0.596721 -0.208329 0.570069 -0.794746 0.973282 0.201046 -0.110919
-20.994316 -38.468631 1771.030577 1106.028325 -0.107321 0.847975 0.519058 -0.119016 0.507362 -0.853475 0.987075 0.153372 -0.046472
-21.347745 -37.884523 1832.417168 -1447.112817 -0.050336 0.699715 0.712646 -0.303513 0.669086 -0.678383 0.951497 0.250444 -0.178693
-24.786153 -35.582434 1948.727658 220.690009 -0.038218 0.777900 0.627225 -0.248211 0.600622 -0.760030 0.967952 0.184731 -0.170128
-121.481225 -411.368722 -43081.485392 -129089.367479 -0.174756 0.918194 0.355500 0.650080 -0.163575 0.742051 -0.739498 -0.360781 0.568313
-297.045269 -1614.969898 -33318.850335 -604329.830846 -0.024163 0.983048 0.181750 0.492594 -0.146493 0.857841 -0.869924 -0.110257 0.480704
-138.063518 -543.104797 -43721.404237 -232369.411362 0.108300 0.933922 0.340678 0.303136 -0.357397 0.883389 -0.946773 -0.007600 0.321812
-38.569166 -233.349811 -12669.035873 -87101.278176 0.231696 0.891086 0.390233 0.457613 -0.453831 0.764609 -0.858433 -0.001419 0.512923
-18.083295 -183.301907 -5896.707883 -59405.861274 0.242987 0.890677 0.384256 0.623774 -0.446835 0.641283 -0.742875 -0.083865 0.664156
-0.474334 -69.558486 320.736947 3411.556427 0.149028 0.961822 0.229543 0.253572 -0.261545 0.931287 -0.955768 0.080582 0.282868
-0.426419 -66.846105 205.542371 -634.734031 0.146864 0.961472 0.232385 0.312096 -0.267973 0.911475 -0.938630 0.061336 0.339427
0.357866 -65.200375 -285.498595 -3805.673451 0.140302 0.962595 0.231788 0.365727 -0.267932 0.891323 -0.920087 0.040284 0.389638
23.301212 -27.956019 -20184.480920 -1691.377650 -0.727995 0.678318 -0.099543 0.471646 0.600892 0.645352 -0.497568 -0.422864 0.757372
-5.279153 -41.378134 2975.203753 -2608.716454 0.836149 -0.441066 0.326061 0.262256 0.843585 0.468600 -0.481744 -0.306308 0.821035
-3.824656 -41.792018 1092.460054 -2705.081440 0.855923 -0.302883 0.419115 0.101769 0.893321 0.437744 -0.506989 -0.332022 0.795439
-12.247377 -1869.916400 26990.748715 656128.584773 -0.127379 -0.023276 0.991581 0.594796 0.798226 0.095145 -0.793721 0.601908 -0.087833
11.193488 -499.784447 -2042.250210 65741.743203 -0.204267 -0.225991 0.952472 0.878313 0.387324 0.280263 -0.432252 0.893817 0.119373
10.387174 -600.785622 8931.631584 -68962.710528 -0.148911 -0.280435 0.948252 0.597376 0.738670 0.312264 -0.788015 0.612963 0.057529
12.575263 -465.372476 4642.647168 -70445.053716 -0.140568 -0.199746 0.969712 0.172658 0.959483 0.222667 -0.974900 0.198729 -0.100385
23.365492 -477.694518 2421.064735 -65098.440105 -0.195889 -0.152976 0.968621 0.233339 0.952115 0.197559 -0.952460 0.264717 -0.150813
17.359470 -29.264455 -1887.786063 4209.953665 -0.490777 0.865843 0.097230 0.710816 0.333353 0.619368 -0.503864 -0.373084 0.779057
18.482174 -21.051593 -2375.048189 3516.006913 -0.504158 0.857974 0.098511 0.736192 0.367334 0.568408 -0.451493 -0.359090 0.816828
12.057523 -27.680765 -2244.842889 4125.300816 -0.485208 0.861923 0.147181 0.739101 0.314338 0.595753 -0.467228 -0.397845 0.789567
11.596987 -33.731648 -2116.937149 3818.166815 -0.474989 0.867389 0.148394 0.710621 0.278613 0.646059 -0.519040 -0.412323 0.748723
15.153947 -37.522096 -2689.540615 3426.980346 -0.482192 0.866641 0.128153 0.675732 0.274827 0.684001 -0.557563 -0.416417 0.718136
-37.987290 -41.720613 3256.380827 -15636.562142 0.043471 0.902896 -0.427656 -0.400149 0.407961 0.820640 -0.915419 -0.135451 -0.379027
-6.470267 -42.046535 -19796.918452 1183.166053 -0.487412 0.431592 0.759050 -0.005187 0.867856 -0.496790 -0.873157 -0.246079 -0.420764
-46.490456 -48.591005 -18601.964128 764.875941 -0.393618 0.097774 0.914059 -0.224959 0.953851 -0.198903 -0.891324 -0.283918 -0.353458
-3.511454 -48.579847 -18536.290478 3291.372557 -0.477882 0.395680 0.784262 -0.108244 0.859476 -0.499585 -0.871729 -0.323634 -0.367898
-39.870943 -60.626696 -21553.944332 4141.713512 -0.406008 0.200407 0.891625 -0.318009 0.883699 -0.343433 -0.856754 -0.422981 -0.295057
3.024209 -135.828542 2363.145226 -6374.362782 0.757604 -0.649244 0.067216 0.642121 0.759824 0.101726 -0.117117 -0.033907 0.992539
-1.872655 -137.493139 1751.743877 -7422.869086 0.757056 -0.648532 0.079199 0.635561 0.759107 0.140781 -0.151422 -0.056243 0.986868
1.828499 -124.435480 1618.647148 -8791.613363 0.756651 -0.649534 0.074727 0.601400 0.736267 0.310209 -0.256510 -0.189779 0.947727
-1.229581 -125.327601 2092.477666 -9739.178216 0.755443 -0.652116 0.063641 0.569252 0.701324 0.429065 -0.324433 -0.287907 0.901029
5.026293 -131.726670 1094.952263 -8973.764282 0.760028 -0.644737 0.081676 0.595883 0.741504 0.308375 -0.259384 -0.185704 0.947752
2.897433 -114.513207 2542.768553 -11050.471202 0.761579 -0.645721 0.055153 0.535388 0.674830 0.507902 -0.365182 -0.357279 0.859648
-6.282191 -47.924876 -1764.112873 369.580549 -0.358764 0.919679 0.159620 0.933198 0.357189 0.039458 -0.020726 0.163113 -0.986390
-3.707911 -50.456457 -1487.646920 35.614655 -0.360169 0.918093 0.165482 -0.920974 -0.378189 0.093704 -0.148613 0.118655 -0.981751
-9.334878 -48.677757 -1054.795925 1214.771070 -0.448060 0.875033 0.183192 0.893810 0.442716 0.071455 -0.018576 0.195755 -0.980477
-9.893261 -47.113197 -1853.913070 1329.013713 -0.413339 0.895739 0.163716 0.907549 0.390600 0.154227 0.074200 0.212328 -0.974377
-1.128734 -37.881208 -1432.556344 4757.795787 -0.415500 0.849752 0.324471 -0.321056 -0.470770 0.821766 -0.851048 -0.237270 -0.468423
2.571484 -32.691583 -527.954385 4548.945280 -0.415888 0.828624 0.374726 -0.221080 -0.491811 0.842167 -0.882134 -0.267403 -0.387731
1.596145 -30.441408 -879.660029 4140.252444 -0.455576 0.748362 0.482084 -0.161558 -0.602061 0.781935 -0.875414 -0.278346 -0.395188
-2.042268 -36.154957 -12.059592 3960.541726 -0.412415 0.811240 0.414491 -0.290414 -0.548325 0.784219 -0.863466 -0.203050 -0.461733
18.388439 -40.246465 4125.724653 977.784574 -0.363787 0.783483 0.503798 -0.607562 -0.609551 0.509231 -0.706064 0.120837 -0.697762
8.610031 -42.241400 5148.246269 1322.770760 -0.353403 0.760338 0.544971 -0.647731 -0.619210 0.443874 -0.674945 0.196128 -0.711325
9.161690 -38.817076 4228.906365 1116.559081 -0.350699 0.774749 0.526093 -0.569516 -0.622391 0.536918 -0.743413 0.111322 -0.659504
-2.461669 -39.404056 4811.590945 1121.641954 -0.340406 0.763593 0.548680 -0.592278 -0.627344 0.505615 -0.730295 0.152857 -0.665810
18.689941 -37.182163 3410.012506 1489.357706 -0.359370 0.804110 0.473562 -0.539522 -0.593084 0.597634 -0.761425 0.040725 -0.646972
10.724492 -35.336316 4057.691201 1391.913794 -0.345661 0.780817 0.520426 -0.504086 -0.622304 0.598861 -0.791464 0.055337 -0.608705
1.495169 -35.604244 4383.594939 1096.246423 -0.344054 0.765231 0.544103 -0.508376 -0.639012 0.577250 -0.789418 0.078004 -0.608880
-1.474378 -70.303445 1495.152050 11014.973795 -0.469985 0.882645 0.007184 0.177319 0.102384 -0.978813 0.864680 0.458754 0.204629
-5.438124 -74.092781 1233.913855 12040.725545 -0.460147 0.886113 0.055403 0.176336 0.152371 -0.972465 0.870156 0.437707 0.226366
-0.553341 -59.028917 499.359455 8147.983501 -0.459634 0.885319 0.070334 0.047582 0.103630 -0.993477 0.886833 0.453289 0.089757
1.900549 -62.200630 1174.854205 9918.839510 -0.464178 0.885561 -0.017884 0.113138 0.039253 -0.992804 0.878486 0.462861 0.118411
-0.144442 -79.518101 1182.514209 7393.407116 -0.456874 0.888384 -0.045171 0.307678 0.110177 -0.945090 0.834626 0.445686 0.323673
9.084811 -100.050892 6250.576218 2422.329990 -0.487492 0.865099 0.118128 -0.190076 -0.237197 0.952685 -0.852187 -0.441973 -0.280066
19.636598 -98.638500 7401.226685 3488.562094 -0.506020 0.849042 0.151893 -0.140112 -0.254680 0.956821 -0.851065 -0.462889 -0.247834
11.442189 -107.208127 6520.487287 -405.925280 -0.488104 0.860757 0.144403 -0.369543 -0.353706 0.859261 -0.790691 -0.366046 -0.490732
14.106152 -95.201558 5651.294039 4808.080298 -0.501815 0.856956 0.117506 0.029573 -0.118771 0.992481 -0.864469 -0.501517 -0.034258
1.493932 -102.523675 1356.473169 7385.499801 -0.525881 0.845942 0.088500 -0.107972 -0.169601 0.979580 -0.843677 -0.505587 -0.180528
1.903924 -50.687868 460.690469 320.367877 -0.548050 0.826842 0.126389 0.743265 0.412096 0.527005 -0.383665 -0.382766 0.840412
0.286067 -51.809448 2796.507065 479.265962 0.585004 -0.800246 -0.131825 0.677570 0.392910 0.621708 -0.445723 -0.453022 0.772076
1.354059 -50.964265 1788.836109 306.017019 0.558702 -0.816610 -0.144913 0.751457 0.424493 0.505092 -0.350949 -0.391092 0.850812
2.671000 -51.410652 228.818416 -152.522488 0.559627 -0.818739 -0.128391 0.778956 0.466767 0.418755 -0.282922 -0.334358 0.898977
3.046047 -51.422440 1096.157111 -453.745949 0.568257 -0.812703 -0.128835 0.768897 0.468685 0.434893 -0.293056 -0.346192 0.891218
16.999972 -19.865773 -5429.290570 -1309.419868 -0.541084 0.523713 0.657991 -0.236927 0.655796 -0.716797 -0.806904 -0.543743 -0.230759
26.363220 -20.612540 -8825.519826 -1675.517651 -0.558181 0.526340 0.641405 -0.281361 0.607163 -0.743094 -0.780558 -0.595247 -0.190815
9.469396 -19.781558 -4820.510205 -785.052008 -0.554350 0.509356 0.658219 -0.268422 0.639183 -0.720690 -0.787810 -0.576195 -0.217609
31.542819 -20.086839 -6691.038898 1486.326715 -0.520037 0.615527 0.592189 0.214495 -0.576986 0.788085 -0.826773 -0.536855 -0.168027
3.146880 -22.311757 -2357.509172 993.825681 -0.506077 0.458981 0.730221 -0.261569 0.725096 -0.637039 -0.821869 -0.513393 -0.246899
20.693711 -20.992496 -4762.060696 -1122.981428 -0.515840 0.574232 0.635741 -0.169811 0.658833 -0.732873 -0.839686 -0.486001 -0.242341
8.157304 -22.325540 -1832.554721 669.494022 -0.494457 0.468933 0.731856 -0.233197 0.739550 -0.631415 -0.837336 -0.482875 -0.256322
-1.151795 -35.491247 1120.890906 -33.763233 0.198852 -0.021876 0.979785 0.761476 -0.625904 -0.168520 0.616938 0.779593 -0.107804
6.827259 -32.815090 1986.563437 -967.465500 0.327675 -0.146015 0.933439 0.668314 -0.662532 -0.338243 0.667822 0.734664 -0.119511
4.063499 -34.337764 -2000.725771 -1077.526969 -0.268530 0.090430 -0.959017 -0.656676 0.711202 0.250935 0.704747 0.697148 -0.131596
4.063258 -133.614646 -948.874182 -3193.225411 0.755869 -0.653490 0.040164 0.088259 0.162487 0.982755 0.648747 0.739289 -0.180496
4.827957 -134.381288 -1260.565306 -10994.922162 0.758638 -0.651202 0.020123 0.249142 0.318507 0.914594 0.601994 0.688832 -0.403873
2.628767 -149.676070 -796.730634 -5680.341132 0.741483 -0.667063 0.072327 0.021463 0.131320 0.991108 0.670629 0.733337 -0.111689
1.614607 -140.599724 358.762105 1491.445437 0.744770 -0.663509 0.071227 -0.112116 -0.019194 0.993510 0.657835 0.747922 0.088685
2.607356 -68.405183 -749.676262 6765.590752 -0.389311 0.916174 -0.095197 0.292411 0.024922 -0.955968 0.873460 0.400005 0.277602
2.003637 -59.272289 -1069.915236 2983.426176 -0.376384 0.919503 -0.113353 0.210858 -0.034120 -0.976921 0.902150 0.391598 0.181042
0.076111 -63.595733 -986.063200 5077.333705 -0.381727 0.919985 -0.088952 0.266805 0.017537 -0.963591 0.884929 0.391561 0.252151
-9.061823 -46.873888 1152.467358 -2816.850732 -0.392102 0.915259 -0.092502 -0.506682 -0.130943 0.852131 -0.767808 -0.380992 -0.515088
-10.501820 -46.355734 670.721326 -7550.244879 -0.423717 0.901077 -0.092323 -0.599940 -0.202818 0.773910 -0.678628 -0.383308 -0.626530
-9.598278 -47.485704 -253.978806 226.113818 -0.424177 0.898582 -0.112354 -0.463253 -0.108707 0.879534 -0.778120 -0.425126 -0.462382
-8.858581 -48.592202 1238.511878 -9783.338921 -0.396010 0.916063 -0.063283 -0.598891 -0.205427 0.774034 -0.696064 -0.344425 -0.629973
-9.122007 -51.193845 313.728011 5684.428015 -0.392442 0.915558 -0.087991 -0.349873 -0.060122 0.934866 -0.850634 -0.397666 -0.343924
-7.860383 -48.364900 782.486296 -1734.394054 -0.369255 0.925262 -0.086837 -0.477353 -0.108668 0.871966 -0.797361 -0.363430 -0.481803
4.103071 -240.162172 2866.278742 29444.027471 -0.487806 0.855400 -0.174172 0.454712 0.419300 0.785763 -0.745172 -0.304101 0.593498
3.807556 -173.452660 3167.787084 7867.358507 -0.499572 0.835786 -0.227793 0.544144 0.507367 0.668196 -0.674043 -0.209860 0.708254
5.951834 -199.696436 1928.509527 6468.082541 -0.521211 0.825139 -0.217911 0.662555 0.552167 0.506095 -0.537922 -0.119405 0.834495
5.891827 -229.151017 488.712588 -21479.623322 -0.572274 0.793434 -0.207282 0.729768 0.608029 0.312632 -0.374086 -0.027644 0.926982
6.566528 -203.028629 1042.630183 -1106.442370 -0.535406 0.823187 -0.188954 0.590563 0.524820 0.613025 -0.603801 -0.216628 0.767135
-8.258021 -40.787770 530.384369 -531.747174 -0.309381 0.886285 0.344648 -0.818853 -0.064024 -0.570421 0.483490 0.458694 -0.745545
-10.942096 -40.945971 1456.350706 -477.851703 -0.310224 0.891853 0.329178 -0.809695 -0.066435 -0.583078 0.498151 0.447419 -0.742739
-10.107435 -41.388949 1285.549742 730.875883 -0.311371 0.891143 0.330019 0.847697 0.103512 0.520284 0.429487 0.441757 -0.787649
-7.243968 -40.524903 1361.157290 -218.246782 -0.344504 0.874909 0.340370 0.860082 0.148832 0.487962 0.376265 0.460851 -0.803767
-1.459031 -318.959507 1563.998527 24801.698454 -0.508264 0.857610 -0.078564 -0.173206 -0.012435 0.984807 -0.843604 -0.514149 -0.154863
-3.874086 -351.318313 -1141.161483 55930.715533 -0.538184 0.838383 -0.086445 -0.114440 0.028926 0.993009 -0.835022 -0.544314 -0.080377
-1.196905 -342.360320 -950.238911 3979.251421 -0.536053 0.840095 -0.082986 -0.460442 -0.208569 0.862839 -0.707559 -0.500738 -0.498620
-3.175396 -327.931539 3355.822199 -42324.958607 -0.506659 0.858898 -0.074777 -0.559568 -0.261620 0.786409 -0.655881 -0.440283 -0.613164
-8.092386 -46.165203 3427.485254 1640.227306 -0.303772 0.928643 0.212941 -0.703111 -0.369332 0.607642 -0.642929 -0.034863 -0.765132
-10.514269 -47.978853 -1387.986456 898.824247 -0.313979 0.939457 0.137252 -0.743908 -0.333253 0.579261 -0.589930 -0.079773 -0.803504
-7.948224 -43.554552 205.619206 1783.658461 -0.327884 0.928285 0.175438 -0.656349 -0.357404 0.664431 -0.679484 -0.102708 -0.726466
-0.571375 -40.876486 4975.314674 1685.079848 -0.316723 0.911152 0.263608 -0.615257 -0.408867 0.674008 -0.721904 -0.051287 -0.690090
-8.692914 -39.921980 -1920.364928 2543.238920 -0.351299 0.924103 0.150410 -0.592230 -0.343753 0.728764 -0.725157 -0.166937 -0.668041
-5.849501 -38.644453 2202.984333 2586.483735 -0.328183 0.918792 0.219354 -0.568540 -0.377571 0.730892 -0.754359 -0.115155 -0.646283
-9.622887 -18.061552 941.797698 2038.864879 -0.404125 0.444049 0.799690 0.016088 0.877576 -0.479168 -0.914562 -0.180779 -0.361794
-8.199181 -20.734551 144.252509 1806.758073 -0.431217 0.307215 0.848334 -0.040238 0.932761 -0.358242 -0.901351 -0.188615 -0.389861
-9.495740 -21.200173 -348.901796 3268.804945 -0.415296 0.206302 0.885985 -0.105841 0.956373 -0.272304 -0.903508 -0.206860 -0.375343
-5.087388 -16.804121 1846.589396 -261.870138 -0.393408 0.649074 0.651102 0.150061 0.744046 -0.651059 -0.907035 -0.158426 -0.390115
-10.940350 -51.653713 4752.546765 2698.240483 0.230958 0.972703 -0.022505 0.140872 -0.010544 0.989972 -0.962712 0.231812 0.139462
-26.129625 -56.818732 7137.803130 2646.007141 0.208897 0.974460 -0.082400 0.100113 0.062507 0.993011 -0.972800 0.215686 0.084499
-16.815211 -47.695782 5145.722455 1899.398191 0.228868 0.973365 0.013405 0.220815 -0.065322 0.973126 -0.948082 0.219758 0.229884
-12.939987 -60.012939 5413.003283 3293.327576 0.227665 0.973128 -0.034494 -0.003098 0.036148 0.999342 -0.973735 0.227408 -0.011245
-2.529872 -54.742137 4177.342037 4118.832705 0.234561 0.971808 -0.023889 0.078427 0.005576 0.996904 -0.968932 0.235709 0.074908
-0.595159 -47.432558 3465.752402 2618.231817 0.236162 0.971317 -0.027769 0.176319 -0.014732 0.984223 -0.955583 0.237333 0.174741
-4.224419 -98.452398 1647.431217 -3196.876152 -0.649722 0.756329 0.076340 0.685633 0.539681 0.488520 0.328283 0.369743 -0.869207
-4.517775 -92.052578 288.941327 -5535.208726 -0.607805 0.791146 0.068273 0.759669 0.554272 0.340125 0.231247 0.258595 -0.937898
-2.184808 -90.404613 420.220135 -6222.641138 -0.614903 0.785825 0.066142 0.774820 0.586415 0.236160 0.146794 0.196463 -0.969461
-46.431980 -86.546881 -421.595396 13688.509074 -0.037418 0.974335 0.221971 0.882511 0.136425 -0.450070 0.468802 -0.179051 0.864966
-24.728790 -90.545774 -7060.910021 16858.946958 0.047410 0.951351 0.304439 0.856672 0.118010 -0.502183 0.513679 -0.284612 0.809401
-21.322189 -66.576746 -6423.891337 14151.151910 0.154177 0.950392 0.270157 0.766447 0.057512 -0.639727 0.623529 -0.305693 0.719558
-25.025948 -43.026513 -3543.555064 5370.980684 0.397964 0.917338 0.010771 0.641458 -0.269849 -0.718132 0.655863 -0.292700 0.695824
-51.414245 -78.580361 -3474.763536 975.664413 -0.522101 -0.479073 0.705620 0.769416 -0.621526 0.147327 0.367980 0.619835 0.693105
-47.126734 -74.710191 -2279.199976 945.401705 -0.598576 -0.381755 0.704252 0.624577 -0.772907 0.111885 0.501609 0.506831 0.701079
-45.415237 -72.841544 2415.443394 -232.778625 -0.472931 -0.426415 0.771043 0.843333 -0.472526 0.255947 0.255198 0.771291 0.583082
-52.415848 -75.870986 -1475.224891 -286.654889 -0.435014 -0.647709 0.625489 0.896588 -0.375643 0.234569 0.083028 0.662846 0.744138
7.747164 -39.672618 -6492.662312 -5083.902913 0.052642 0.065290 0.996477 -0.585800 0.810153 -0.022136 -0.808744 -0.582571 0.080895
-9.417011 -60.127209 -8361.505745 -6277.206775 0.141001 -0.109689 0.983914 -0.509402 0.844147 0.167108 -0.848898 -0.524770 0.063150
2.438387 -57.627798 -6169.473792 -4696.876910 0.205403 -0.207393 0.956450 -0.375091 0.885980 0.272666 -0.903945 -0.414763 0.104192
12.840709 -29.654527 -3088.680701 -6461.755249 0.114194 0.041153 0.992606 -0.546243 0.837154 0.028134 -0.829806 -0.545416 0.118077
26.438638 -20.036819 -8705.708818 193.826752 -0.169051 0.387416 0.906273 -0.611696 0.679750 -0.404684 -0.772820 -0.622775 0.122069
28.911976 -25.743963 -11639.283769 1699.723144 -0.226764 0.405284 0.885620 -0.621575 0.639827 -0.451957 -0.749815 -0.652967 0.106825
-14.664559 -50.629185 -2781.916162 309.402228 0.502757 0.591923 -0.629971 -0.315237 -0.553039 -0.771216 0.804898 -0.586324 0.091448
-8.763514 -46.375559 -2366.374066 -228.435566 0.536896 0.596744 -0.596355 -0.238081 -0.570973 -0.785689 0.809358 -0.563814 0.164479
0.500974 -47.449702 -26.084249 -5706.812223 0.659562 0.738243 -0.141332 0.687639 -0.668561 -0.283160 0.303530 -0.089576 0.948602
6.251160 -49.696248 1276.158340 -395.068155 0.563394 0.813458 -0.144477 0.488149 -0.468833 -0.736142 0.666557 -0.344212 0.661227
4.790737 -50.733451 152.607315 -2762.281953 0.561977 0.817467 -0.126214 0.592073 -0.504105 -0.628751 0.577608 -0.278616 0.767296
-22.566619 -114.257208 -2083.442643 -17071.070318 -0.041874 0.988894 0.142598 0.072743 -0.139327 0.987571 -0.996471 -0.051726 0.066101
1.475603 -121.228174 194.620693 -12310.260135 0.178391 0.954953 0.237153 0.669858 -0.294408 0.681626 -0.720741 -0.037263 0.692202
0.703350 -123.686350 2380.021473 -12881.324761 0.199618 0.956804 0.211375 0.658278 -0.290734 0.694365 -0.725825 -0.000536 0.687879
-1.945068 -55.217179 -397.481975 2025.777818 0.338312 0.891227 -0.302093 -0.270108 0.399480 0.876046 -0.901436 0.214779 -0.375876
-0.769243 -52.014082 -1047.690919 -814.736241 0.331320 0.883656 -0.330725 -0.391928 0.447747 0.803689 -0.858265 0.136658 -0.494677
-0.999124 -55.584516 -639.183105 -185.642102 0.326338 0.894646 -0.305142 -0.312340 0.406742 0.858490 -0.892159 0.184850 -0.412169
-1.663891 -57.839370 -249.234457 -1215.249114 0.326316 0.904527 -0.274497 -0.198466 0.349481 0.915683 -0.924191 0.244324 -0.293559
-6.487141 -38.505762 3532.996473 1031.353139 0.407462 0.859140 -0.309602 -0.854320 0.478392 0.203171 -0.322664 -0.181715 -0.928907
-10.944269 -41.045757 992.019524 1449.412307 0.417490 0.833159 -0.362694 -0.843390 0.503854 0.186614 -0.338225 -0.227983 -0.913032
-6.916566 -37.344260 3137.268148 -503.846358 0.367370 0.877350 -0.308701 -0.837282 0.456488 0.300963 -0.404968 -0.147905 -0.902289
13.723686 -40.969971 -3776.693524 -1814.398987 0.493359 -0.864971 -0.091775 0.852322 0.459673 0.249497 -0.173621 -0.201313 0.964017
15.853270 -44.467926 -3535.014950 -1251.616407 0.497185 -0.863111 -0.088579 0.863763 0.482728 0.144526 -0.081982 -0.148368 0.985528
24.121249 -42.505574 -3734.665169 -1904.256661 0.441452 -0.881415 -0.168009 0.893077 0.413500 0.177287 -0.086792 -0.228309 0.969712
11.803126 -42.783132 -1599.339425 -1064.739104 0.526358 -0.847399 -0.069734 0.835695 0.500480 0.226127 -0.156719 -0.177300 0.971599
-4.594209 -249.308256 1022.146504 4715.033006 -0.560291 -0.158576 -0.812974 0.827385 -0.061143 -0.558296 0.038824 -0.985452 0.165462
-4.743808 -235.839714 3302.315841 18607.443826 -0.555235 -0.145070 -0.818944 0.806993 0.144222 -0.572680 0.201188 -0.978854 0.036994
-6.322733 -238.017334 1828.901204 25778.197177 -0.554640 -0.145727 -0.819230 0.739025 0.366171 -0.565474 0.382383 -0.919066 -0.095398
-2.931966 -240.058811 1770.592597 -7103.464379 -0.559397 -0.154742 -0.814328 0.817255 -0.267061 -0.510659 -0.138454 -0.951175 0.275857
-5.655153 -217.989225 -337.129490 5824.427421 -0.535392 -0.187451 -0.823540 0.809316 0.165038 -0.563710 0.241583 -0.968310 0.063347
-5.807843 -251.804873 -757.999189 -17815.297424 -0.539479 -0.200059 -0.817887 0.839472 -0.202999 -0.504062 -0.065188 -0.958524 0.277458
-3.731114 -240.538190 376.642884 -25359.212301 -0.553236 -0.177019 -0.813999 0.776002 -0.464830 -0.426326 -0.302904 -0.867524 0.394528
20.055093 -119.057274 4561.982633 -11598.290596 -0.525214 -0.109033 -0.843956 -0.197856 0.980225 -0.003507 0.827650 0.165139 -0.536400
19.002674 -228.866735 2484.454226 -51601.304055 -0.513080 -0.108938 -0.851400 -0.370423 0.922893 0.105143 0.774297 0.369325 -0.513871
9.079521 -18.391916 -445.301869 -1620.491660 0.616222 -0.094147 0.781925 0.259752 0.961572 -0.088929 -0.743505 0.257907 0.616997
6.640233 -23.831230 1826.520621 1229.766714 0.650076 0.274336 0.708619 -0.014613 0.936895 -0.349306 -0.759728 0.216721 0.613062
16.783918 -34.350610 1706.007678 625.887722 0.613782 0.286625 0.735607 0.013409 0.927847 -0.372719 -0.789361 0.238632 0.565653
11.382027 -32.550548 2131.782540 1717.843407 0.630141 0.357125 0.689481 -0.085426 0.914451 -0.395577 -0.771767 0.190370 0.606741
8.921869 -498.479030 -2426.469183 -101157.083491 -0.428170 -0.230953 -0.873688 0.894138 0.031984 -0.446647 0.131098 -0.972439 0.192809
-17.629559 -27.636956 -2111.940298 -5432.166291 -0.272299 0.908089 0.318164 0.416339 -0.186910 0.889790 -0.867476 -0.374753 0.327177
-17.642483 -21.049557 561.002392 -3035.430903 -0.331353 0.943459 -0.009479 0.278661 0.107458 0.954359 -0.901417 -0.313588 0.298512
-12.071597 -39.584370 1054.876917 -1022.490445 -0.151733 0.734264 0.661690 -0.173493 0.639263 -0.749161 0.973076 0.228472 -0.030392
-11.718384 -37.455679 2123.273630 -549.106140 -0.158597 0.747810 0.644692 -0.073259 0.642243 -0.762992 0.984622 0.168237 0.047074
-17.460221 -38.879153 2314.146827 264.398084 -0.136992 0.822702 0.551720 -0.072051 0.547220 -0.833882 0.987948 0.153987 0.015688
34.307817 -136.989742 15767.862262 -6619.394890 0.307223 -0.279938 -0.909532 0.802600 -0.437311 0.405700 -0.511320 -0.854630 0.090326
14.464223 -123.503844 -13664.737202 14598.671556 -0.331471 0.307286 0.892022 -0.612237 0.649309 -0.451180 -0.717839 -0.695681 -0.027095
52.997366 -139.656729 8471.099634 -10768.228240 0.274181 -0.394397 -0.877083 0.720692 -0.519595 0.458938 -0.636732 -0.757939 0.141775
-22.196766 -137.345204 24797.961184 -6785.195958 0.332366 -0.180607 -0.925697 0.801038 -0.464052 0.378146 -0.497867 -0.867201 -0.009562
-4.624216 -22.044247 1085.215524 2486.892238 -0.672206 0.740343 -0.005671 0.003037 -0.004902 -0.999983 0.740358 0.672212 -0.001046
-2.269492 -16.806304 695.721992 2338.740023 -0.671082 0.740653 -0.032878 -0.009634 -0.053055 -0.998545 0.741320 0.669789 -0.042739
-1.655809 -21.737429 444.526501 2605.686746 -0.671937 0.738457 -0.056411 0.033704 -0.045600 -0.998391 0.739841 0.672757 -0.005752
-4.273451 -16.307499 1216.513332 2216.325876 -0.670301 0.741744 0.022619 -0.048717 -0.013570 -0.998720 0.740488 0.670545 -0.045232
-4.135771 -27.102891 1316.205945 2147.477077 -0.673342 0.735926 -0.070881 0.091527 -0.012160 -0.995728 0.733644 0.676953 0.059170
-7.679650 -27.476659 1489.284820 2254.294394 -0.671308 0.740617 0.028861 0.027630 0.063919 -0.997573 0.740664 0.668881 0.063372
-6.820370 -21.981567 1305.640454 2509.540770 -0.666284 0.741690 0.077215 -0.054660 0.054692 -0.997006 0.743692 0.668510 -0.004100
-1.500938 -72.326103 -831.082998 2850.608548 0.136494 0.970272 0.199854 0.256846 -0.229505 0.938807 -0.956765 0.076810 0.280537
0.646210 -69.708580 -1077.628342 -6464.978528 0.142805 0.964607 0.221676 0.366038 -0.259563 0.893668 -0.919578 0.046478 0.390150
-170.837630 -362.795335 -29183.019029 -120070.217938 0.882231 -0.384849 -0.271218 0.027782 -0.532501 0.845973 0.469996 0.753879 0.459097
-11.645844 -2611.253498 17235.579223 1259454.675881 0.478102 0.013500 -0.878201 -0.006140 0.999909 0.012028 0.878283 -0.000359 0.478141
-246.818361 -550.350867 38854.494632 148874.619128 0.430434 0.080086 -0.899062 -0.588636 0.780015 -0.212333 0.684276 0.620615 0.382887
-114.714704 -278.435713 -3029.793990 -78768.066155 -0.526412 -0.062314 0.847943 0.750424 -0.502888 0.428914 0.399693 0.862103 0.311488
-70.808281 -696.804668 6317.076610 194028.606832 0.286637 0.046810 -0.956895 -0.620621 0.769970 -0.148241 0.729842 0.636360 0.249753
13.039672 -20.172168 -2956.659016 2259.256627 -0.519362 0.843628 0.136217 0.742992 0.367037 0.559685 -0.422169 -0.391887 0.817434
-14.129519 -34.881154 -17950.672287 2080.987789 -0.478540 0.349537 0.805496 0.025327 0.922465 -0.385248 -0.877700 -0.163956 -0.450290
13.360359 -39.097318 -10925.076563 1042.668021 -0.408088 0.544097 0.733091 0.101644 0.825084 -0.555792 -0.907267 -0.152298 -0.392011
18.407702 -45.041286 -11731.854914 2424.815812 -0.427428 0.485514 0.762615 -0.006548 0.841870 -0.539641 -0.904026 -0.235651 -0.356660
1.127447 -147.634465 2108.601947 757.908598 0.750027 -0.657066 0.075652 -0.658529 -0.731203 0.177994 0.061637 0.183320 0.981119
-6.702234 -141.248678 2272.869593 1614.265427 0.760977 -0.644911 0.070737 -0.647145 -0.746800 0.153274 0.046022 0.162414 0.985649
-6.859317 -125.863422 1427.467230 -6450.027452 0.760596 -0.642374 0.094077 0.590807 0.744924 0.309897 -0.269150 -0.180125 0.946104
-7.998886 -131.698360 1308.015202 -5266.188164 0.764703 -0.636932 0.097702 0.630624 0.770888 0.089695 -0.132447 -0.006977 0.991165
14.026457 -26.866818 -3147.403315 817.838217 0.013166 0.884041 0.467224 -0.426624 0.427565 -0.796982 0.904333 0.188836 -0.382782
12.562698 -19.889276 -4095.289438 -619.293496 0.123173 0.788164 0.603014 -0.354171 0.602539 -0.715199 0.927034 0.125477 -0.353361
21.779198 -24.908852 -3036.223447 -2025.483663 0.026037 0.842554 0.537983 -0.343115 0.513005 -0.786828 0.938933 0.164103 -0.302450
5.804127 -21.659451 -3132.650115 489.990688 0.073288 0.854075 0.514962 -0.439687 0.491130 -0.751975 0.895156 0.171311 -0.411519
21.510810 -31.802839 -760.560249 -536.750601 -0.101349 0.899030 0.425996 -0.399349 0.355423 -0.845101 0.911180 0.255771 -0.323005
14.536297 -30.542637 -2204.644170 1055.187420 -0.079326 0.932974 0.351094 -0.481736 0.272468 -0.832882 0.872719 0.235203 -0.427834
8.526294 -25.531331 -3392.096674 -18.988584 -0.022377 0.926068 0.376693 -0.478922 0.320811 -0.817137 0.877572 0.198692 -0.436336
256.300399 14.406456 -16986.464341 -207.536983 0.265069 0.619132 0.739198 0.647385 0.453864 -0.612290 0.714584 -0.640845 0.280512
183.919757 5.145601 -12761.990994 1855.931266 0.148455 0.809001 0.568752 0.558817 0.405872 -0.723181 0.815895 -0.425188 0.391829
154.158214 3.659622 -449.480343 -678.582344 0.209197 0.555199 0.804978 0.663425 0.524186 -0.533944 0.718404 -0.645742 0.258675
1136.169442 8.251678 -419173.701151 8913.479252 0.373367 -0.639122 -0.672399 0.500530 0.749049 -0.434046 0.781068 -0.174497 0.599569
429.777323 13.464110 5720.747439 -4665.697302 -0.167701 -0.627156 -0.760626 0.759130 0.410099 -0.505510 0.628965 -0.662189 0.407319
-4.091425 -42.336836 5247.650903 1376.596319 -0.344145 0.754225 0.559203 -0.663463 -0.616774 0.423565 -0.664366 0.225243 -0.712660
-0.185155 -45.061362 5911.094583 1052.014466 -0.352780 0.743147 0.568576 -0.720142 -0.603613 0.342121 -0.597446 0.288763 -0.748114
23.989176 -93.843076 5255.773800 3859.377045 -0.557272 0.820731 0.125891 0.036612 -0.127180 0.991204 -0.829522 -0.556979 -0.040825
28.503628 -99.229820 916.036684 4303.862490 -0.644382 0.754256 0.125976 -0.070633 -0.222740 0.972316 -0.761434 -0.617645 -0.196806
-0.705497 -50.915182 -1730.921770 -517.989057 -0.586242 0.803628 0.102486 0.602270 0.347712 0.718587 -0.541841 -0.482990 0.687844
-0.996196 -55.046700 836.779895 1205.488623 -0.587485 0.805717 0.075372 0.600183 0.371350 0.708434 -0.542808 -0.461432 0.701741
16.018044 -20.236285 -9021.029393 -676.856611 -0.575510 0.490245 0.654560 -0.303419 0.615265 -0.727589 -0.759425 -0.617340 -0.205342
33.468779 -20.279440 -11258.203738 127.212236 -0.553194 0.528261 0.644141 -0.292311 0.600973 -0.743899 -0.780084 -0.599810 -0.178038
11.594047 -32.694020 -2452.285411 -1825.440285 -0.350868 0.173345 -0.920241 -0.585645 0.726194 0.360086 0.730693 0.665277 -0.153280
2.999713 -118.257987 165.148742 -7779.294032 0.722706 -0.691153 -0.001864 0.429053 0.446522 0.785195 0.541857 0.568265 -0.619246
3.381068 -118.463075 -1291.746864 -8091.640759 0.752354 -0.658638 -0.012639 0.395531 0.436302 0.808205 0.526800 0.613055 -0.588765
4.851934 -138.202932 67.839133 -9038.329116 0.726495 -0.686495 0.030486 0.250239 0.305617 0.918683 0.639988 0.659790 -0.393817
1.083850 -108.271985 -1221.677202 -1606.253485 0.728345 -0.683843 -0.043279 0.543756 0.538398 0.643784 0.416946 0.492429 -0.763983
2.565501 -110.823334 1065.915341 -1727.864285 0.706887 -0.707145 -0.016022 0.557696 0.543273 0.627559 0.435071 0.452548 -0.778404
4.592572 -106.868465 -267.818923 -6258.945376 0.705473 -0.708125 -0.029439 0.534055 0.503830 0.678926 0.465932 0.494686 -0.733617
5.982681 -122.412927 179.882380 -11004.354511 0.710348 -0.703846 -0.002450 0.408719 0.409656 0.815556 0.573022 0.580330 -0.578673
-11.248098 -39.785715 1194.924590 -2196.750158 -0.406448 0.906873 -0.111271 -0.638202 -0.194642 0.744857 -0.653833 -0.373759 -0.657880
-11.964718 -41.507726 884.576406 -2469.007390 -0.421416 0.899757 -0.113339 -0.634564 -0.203281 0.745657 -0.647871 -0.386153 -0.656620
