17961
35896
-34.805643 -58.373740 -1141.978660 4155.654266 0.394242 0.889262 -0.231921 0.841015 -0.450846 -0.299052 0.370496 0.077150 0.925624
-42.292948 -68.385995 -713.593065 2837.575867 0.197201 0.964083 -0.177923 0.944718 -0.235369 -0.228276 0.261954 0.123070 0.957201
-45.197654 -66.579065 1939.736551 8557.903361 -0.043519 0.998270 -0.039533 0.933888 0.026591 -0.356574 0.354906 0.052437 0.933430
-35.738234 -58.976698 -512.299474 2646.507617 0.405990 0.854158 -0.324941 0.848502 -0.484378 -0.213123 0.339435 0.189187 0.921408
-31.409032 -49.091959 -1427.428941 7466.548201 0.449940 0.860383 -0.239362 0.772006 -0.509461 -0.380073 0.448954 0.013779 0.893448
-28.612151 -51.274300 -432.858575 4277.748580 0.551277 0.749213 -0.367115 0.708864 -0.652657 -0.267488 0.440006 0.112775 0.890885
55.328749 -65.892106 -5821.618520 -9944.468629 0.366634 0.924458 -0.104676 -0.186057 -0.037383 -0.981827 0.911571 -0.379447 -0.158296
55.325087 -82.894309 -1505.186751 -10642.425290 0.298357 0.950425 -0.087604 -0.320160 0.013191 -0.947272 0.899155 -0.310673 -0.308224
46.201827 -70.528686 -10745.036790 -10677.002151 0.458394 0.877929 -0.138260 -0.213672 -0.042140 -0.975996 0.862682 -0.476933 -0.168272
49.862055 -54.491147 -8689.922816 -5003.481436 0.436690 0.889012 -0.137697 -0.163784 -0.071937 -0.983870 0.884577 -0.452198 -0.114192
-60.568098 -87.561265 -1222.436629 7504.527138 0.994693 -0.086542 -0.055645 -0.100801 -0.928065 -0.358518 0.020616 -0.362224 0.931863
-64.080887 -85.437359 366.645593 6968.590616 0.963990 -0.171790 -0.203004 -0.236707 -0.902203 -0.360555 0.121211 -0.395624 0.910379
-65.224326 -95.277574 15.806968 2826.452287 0.982690 -0.126591 -0.135259 -0.151356 -0.969623 -0.192152 0.106825 -0.209298 0.971999
-56.361277 -63.395737 -4439.428030 8824.351205 0.965830 0.239323 0.099480 0.255568 -0.815626 -0.519075 0.043088 -0.526763 0.848920
-59.236057 -93.361534 -2496.091992 3178.882880 0.994476 -0.103825 0.015405 -0.098429 -0.973451 -0.206650 -0.036452 -0.203992 0.978294
-49.231762 -68.442285 -6278.042610 7576.115295 0.950616 0.243320 0.192678 0.305350 -0.844400 -0.440171 -0.055595 -0.477268 0.876997
-49.806818 -81.748843 -6341.374529 7781.542149 0.984892 0.054161 0.164479 0.106832 -0.937573 -0.330973 -0.136286 -0.343545 0.929195
33.822398 -45.493833 -19538.026980 -1021.679494 -0.703214 -0.565387 -0.431078 -0.001504 0.607498 -0.794320 0.710977 -0.557928 -0.428051
42.352035 -55.604846 17483.375368 -1422.653953 0.689162 0.613518 0.385553 0.028432 0.508780 -0.860427 0.724050 -0.603935 -0.333188
24.819615 -49.395971 4431.158813 -2447.028687 0.698146 0.658526 0.280954 -0.120742 0.495092 -0.860410 0.705701 -0.566769 -0.425159
14.332148 -48.510200 6204.482594 598.336222 0.703416 0.644093 0.300582 -0.186674 0.575454 -0.796245 0.685827 -0.503981 -0.525019
19.920600 -42.991292 7905.372773 -815.179194 -0.286425 0.957224 0.041034 0.306167 0.132027 -0.942778 0.907867 0.257472 0.330887
7.629946 -43.852349 6539.179399 -711.490509 -0.312789 0.947417 0.067556 0.187915 0.131445 -0.973350 0.931048 0.291758 0.219149
21.301696 -44.964589 8923.851843 -639.920651 -0.297908 0.952392 0.064816 0.177660 0.122028 -0.976497 0.937917 0.279391 0.205555
3.864066 -54.539235 2269.025074 1792.330963 0.168152 0.985761 0.000531 -0.545672 0.092633 0.832863 -0.820955 0.140337 -0.553479
18.518085 -57.440987 5579.576856 -862.799839 0.239365 0.970523 -0.028080 -0.706669 0.193977 0.680435 -0.665825 0.143029 -0.732270
-3.433579 -58.146593 195.556396 1080.059150 0.116141 0.992986 0.022120 -0.606657 0.053287 0.793175 -0.786434 0.105539 -0.608591
-6.838010 -54.865454 -535.270183 2848.550565 0.080778 0.994899 0.060416 -0.442012 -0.018572 0.896817 -0.893365 0.099148 -0.438257
-5.098174 -56.868851 -790.569603 2506.507603 0.056518 0.997211 0.048749 -0.484560 -0.015293 0.874624 -0.872930 0.073053 -0.482344
-3.892776 -60.118189 -442.742902 971.592461 0.071522 0.996731 0.037568 -0.646164 0.017608 0.762996 -0.759840 0.078846 -0.645311
-1.251827 -91.045156 -295.323871 7442.457702 -0.261773 -0.928276 -0.264156 0.929876 -0.169283 -0.326609 0.258466 -0.331129 0.907496
0.132779 -76.211367 -726.625173 4374.265664 0.287896 0.914625 0.283859 0.851213 -0.108579 -0.513465 0.438807 -0.389449 0.809801
-0.079104 -85.125409 -660.624046 4067.134387 -0.276487 -0.929054 -0.245793 0.924924 -0.187816 -0.330516 0.260903 -0.318723 0.911233
-1.018390 -94.793275 -1396.151089 3678.598690 -0.246801 -0.942226 -0.226495 0.968667 -0.233154 -0.085581 0.027828 -0.240519 0.970245
1.698117 -136.758715 -0.529143 -1530.744329 0.192373 0.977797 -0.083102 -0.826994 0.207125 0.522667 -0.528274 0.031822 -0.848477
1.601490 -120.112833 46.870326 -372.451906 0.201572 0.974571 -0.097875 -0.835320 0.223226 0.502405 -0.511478 0.019514 -0.859075
1.883961 -132.464125 -212.268664 3929.200212 0.240664 0.964477 -0.108928 -0.891071 0.264040 0.369156 -0.384804 -0.008220 -0.922962
1.571080 -123.243919 152.459533 -5116.864239 0.168331 0.983133 -0.071518 -0.753860 0.175142 0.633261 -0.635106 0.052683 -0.770627
3.595291 -152.693010 -587.687562 3320.580485 0.223833 0.970067 -0.094177 -0.885271 0.242778 0.396679 -0.407669 0.005417 -0.913114
3.053559 -154.733285 -327.545520 -4099.689114 0.174950 0.982521 -0.063594 -0.811589 0.180478 0.555653 -0.557419 0.045599 -0.828978
1.433306 -137.726990 143.909980 -6725.307149 0.161834 0.985231 -0.055936 -0.738172 0.158481 0.655733 -0.654914 0.064830 -0.752918
65.909006 -12.229764 -73379.868666 11564.194392 0.718416 -0.263770 0.643665 0.301431 -0.715883 -0.629802 -0.626912 -0.646480 0.434793
250.071736 -0.215805 -116489.852790 1398.354311 0.803035 -0.220390 0.553681 0.226840 -0.746113 -0.625986 -0.551070 -0.628286 0.549162
47.265430 -0.351094 290.958718 6553.559968 0.843099 -0.459031 0.280133 -0.052643 -0.588875 -0.806508 -0.535176 -0.665219 0.520645
-27.662569 -41.714616 14850.390703 56344.755962 -0.416415 -0.341806 -0.842477 0.803757 -0.571501 -0.165410 -0.424938 -0.746026 0.512711
17.748542 -19.573441 -2962.431847 -1206.792577 0.701517 -0.640049 0.313386 -0.666190 -0.432787 0.607361 0.253112 0.634848 0.730001
26.461915 -17.148792 -2008.877695 -418.691543 0.753047 -0.598339 0.273699 -0.595843 -0.443698 0.669406 0.279092 0.667176 0.690641
47.568261 -17.751353 -20673.865746 -283.608186 0.570124 -0.685550 0.452748 0.783390 0.287617 -0.550978 0.247505 0.668804 0.701030
36.602780 -21.903464 -21567.438332 2785.521951 0.552804 -0.688782 0.469027 0.803438 0.291193 -0.519321 0.221121 0.663917 0.714366
78.962242 -21.963171 -40514.409577 710.977727 0.496800 -0.716310 0.489990 0.835953 0.243272 -0.491936 0.233177 0.654002 0.719659
5.064016 -98.548309 -802.066110 6953.194802 0.115346 0.993236 0.013350 0.657114 -0.086377 0.748826 -0.744914 0.077601 0.662632
9.020654 -102.863051 -1310.583246 4390.653807 0.108954 0.993921 -0.015788 0.649409 -0.059146 0.758136 -0.752594 0.092854 0.651905
6.642104 -98.051734 -941.390473 -2347.604816 0.144559 0.988833 0.036232 0.744030 -0.132764 0.654823 -0.652320 0.067703 0.754914
3.485894 -90.836378 -465.936040 -548.517523 0.158079 0.985684 0.058628 0.760432 -0.159399 0.629551 -0.629884 0.054936 0.774744
1.932139 -98.243248 -480.168932 7852.004334 0.122601 0.991608 0.041018 0.673099 -0.113451 0.730799 -0.729320 0.061988 0.681359
4.884595 -73.083469 488.341475 1345.880701 0.199529 0.978673 0.048852 -0.618853 0.087202 0.780651 -0.759743 0.185995 -0.623055
4.391077 -69.938911 457.831262 746.210145 0.173244 0.980760 0.089979 -0.495181 0.007767 0.868755 -0.851342 0.195062 -0.486999
5.856138 -67.626108 350.620694 1163.935278 0.177046 0.983222 0.043920 -0.584148 0.069062 0.808704 -0.792102 0.168834 -0.586574
10.160726 -131.495743 -683.664790 11030.270859 0.598540 -0.109043 0.793637 0.096436 0.993296 0.063746 -0.795267 0.038380 0.605043
5.431672 -151.063835 352.118835 15366.110700 0.602016 -0.124940 0.788649 -0.045881 0.980638 0.190379 -0.797165 -0.150795 0.584627
7.362003 -129.633520 -1198.614473 12225.236280 0.576499 -0.081457 0.813027 0.005551 0.995386 0.095792 -0.817079 -0.050711 0.574291
10.631891 -113.356990 -2675.261452 6013.646787 0.565987 -0.054379 0.822619 0.118413 0.992838 -0.015841 -0.815866 0.106374 0.568373
15.296231 -110.665545 -1868.386185 7734.689313 0.599143 -0.070875 0.797498 0.238562 0.966633 -0.093320 -0.764274 0.246165 0.596060
5.759118 -155.031997 -5381.718278 14491.079432 -0.572260 0.234069 -0.785958 0.635426 0.732420 -0.244532 0.518414 -0.639354 -0.567868
7.796486 -134.185104 -6604.983965 23316.444358 -0.553105 0.248808 -0.795091 0.533011 0.839163 -0.108190 0.640292 -0.483633 -0.596762
1.904269 -157.853236 1934.447534 18142.656580 -0.593205 0.233885 -0.770328 0.608637 0.756606 -0.238974 0.526942 -0.610611 -0.591174
-0.861987 -161.423920 4820.384797 -677.887868 -0.605477 0.235745 -0.760146 0.700950 0.610303 -0.369052 0.376918 -0.756277 -0.534770
2.422662 -156.471810 -4533.326722 -1305.928458 -0.586705 0.223303 -0.778405 0.720933 0.581825 -0.376478 0.368827 -0.782059 -0.502345
553.328742 -6.790850 90416.546919 -12610.517014 0.980516 0.194221 0.029435 0.173455 -0.785685 -0.593812 0.092204 -0.587348 0.804065
958.543940 -18.020644 531839.450110 18331.858154 0.824303 0.489943 -0.283691 -0.255087 0.768755 0.586470 0.505425 -0.411062 0.758665
514.084537 -39.588950 66409.746003 -45251.333208 0.978391 0.191729 0.077397 0.204359 -0.839821 -0.502929 0.031427 -0.507878 0.860855
1520.625555 3.286066 921445.403501 1582.166363 0.792167 0.499030 -0.351342 -0.216983 0.768360 0.602114 0.570430 -0.400739 0.716950
682.539739 -15.113239 -304512.848596 -13965.442680 0.931248 -0.080428 0.355400 0.162997 -0.780373 -0.603697 -0.325899 -0.620121 0.713611
623.179653 17.672366 198199.661985 8635.254264 0.968668 0.244843 -0.041654 0.169035 -0.772818 -0.611702 0.181962 -0.585495 0.789991
947.338765 21.147242 -426206.830523 12624.875201 0.885646 -0.177868 0.428945 0.167649 -0.738954 -0.652565 -0.433041 -0.649854 0.624632
179.100804 -90.448255 38540.345329 -2674.790594 0.995221 -0.072371 0.065557 -0.078066 -0.992973 0.088944 -0.058659 0.093636 0.993877
94.418187 -82.930487 9439.671333 -3659.503997 0.949426 -0.177238 0.259184 -0.246178 -0.932557 0.264071 -0.194901 0.314521 0.929026
79.473329 -78.299516 20995.399251 -3694.751401 0.990436 -0.083690 0.109694 -0.110796 -0.956226 0.270843 -0.082225 0.280406 0.956353
-2.126126 -87.652023 578.730692 1787.681837 -0.528342 0.377861 -0.760313 0.449454 0.884214 0.127112 0.720310 -0.274567 -0.636998
-4.111327 -95.013713 306.412081 3789.972051 -0.538394 0.344796 -0.768926 0.505872 0.862003 0.032326 0.673962 -0.371574 -0.638520
-2.487344 -90.825154 786.835603 3517.035612 -0.545951 0.355371 -0.758715 0.530701 0.847426 0.015043 0.648301 -0.394438 -0.651249
28.719567 -135.982897 75927.426021 -67499.385962 -0.309218 0.511296 -0.801849 0.733122 -0.408899 -0.543447 -0.605737 -0.755896 -0.248403
37.947038 -88.446476 80850.720924 -34663.098302 -0.204923 0.422064 -0.883102 0.727654 -0.537742 -0.425856 -0.654619 -0.729860 -0.196921
69.986685 -148.239747 45006.404215 -60594.520505 -0.325138 0.404473 -0.854802 0.755887 -0.432014 -0.491933 -0.568260 -0.806080 -0.165271
60.538453 -210.690572 50455.485494 -80306.344746 -0.353567 0.485771 -0.799385 0.809297 -0.269684 -0.521833 -0.469073 -0.831443 -0.297781
93.039270 -210.375081 5585.401123 -67923.675917 -0.408286 0.288031 -0.866222 0.821443 -0.297967 -0.486258 -0.398163 -0.910085 -0.114945
100.303549 -158.380667 -9219.263537 -45300.784595 -0.390309 0.249324 -0.886282 0.776011 -0.428932 -0.462411 -0.495445 -0.868248 -0.026063
0.969978 -134.097279 1125.916696 16834.540545 0.205080 -0.253071 0.945461 0.759817 -0.567741 -0.316779 0.616945 0.783342 0.075855
1.063338 -141.160876 -786.624445 26520.214894 0.229518 -0.235088 0.944487 0.740871 -0.587127 -0.326177 0.631214 0.774607 0.039414
1.358309 -148.653714 -531.298061 -4574.799063 0.187183 -0.225308 0.956137 0.865956 -0.421682 -0.268895 0.463770 0.878306 0.116175
-1.411136 -138.301755 -164.974399 -11874.848913 0.182675 -0.232100 0.955385 0.883934 -0.386674 -0.262951 0.430453 0.892532 0.134525
-0.010863 -160.754648 -769.751083 -14238.662389 0.113478 -0.208369 0.971445 0.956986 -0.239857 -0.163237 0.267022 0.948183 0.172187
-754.971732 -3247.292544 -294572.238623 -2068068.838682 0.399613 -0.331960 0.854466 0.212970 0.940243 0.265683 -0.891602 0.075805 0.446431
-52.583774 -3029.861649 -34042.907171 1327265.354906 0.362717 -0.344845 0.865747 0.493335 0.859212 0.135552 -0.790605 0.377937 0.481775
-279.360553 -3217.768666 113844.629683 485402.890112 -0.247873 0.317694 -0.915221 0.696497 -0.598206 -0.396285 -0.673388 -0.735677 -0.072994
-186.294791 -3335.188628 56735.016370 -953240.953427 -0.364552 0.277084 -0.889003 0.911347 -0.089841 -0.401716 -0.191178 -0.956636 -0.219768
10.490938 -49.985475 -2885.073728 -536.096091 0.237978 0.971148 -0.015413 0.363569 -0.103785 -0.925768 0.900657 -0.214709 0.377778
8.531786 -47.160882 -1450.460570 -1075.185852 0.223584 0.974453 -0.021259 0.477337 -0.128488 -0.869276 0.849800 -0.184209 0.493870
12.734539 -48.819791 -240.180224 -308.168236 0.186600 0.982395 0.008917 0.379028 -0.063614 -0.923196 0.906377 -0.175648 0.384226
11.320655 -47.612021 1009.829011 -284.272194 0.141447 0.989189 0.038704 0.401600 -0.021603 -0.915560 0.904826 -0.145047 0.400314
15.511756 -49.305981 1326.047331 -416.544744 0.139640 0.988828 0.052143 0.286900 0.009997 -0.957908 0.947728 -0.148722 0.282299
-19.943389 -49.844387 65.609131 -122.134859 -0.474242 0.708256 -0.522942 0.842742 0.537051 -0.036894 0.254716 -0.458202 -0.851570
-19.228201 -47.379810 -692.544013 -371.511453 -0.527396 0.703447 -0.476461 0.837092 0.526170 -0.149743 0.145363 -0.477815 -0.866350
-17.936878 -46.637624 -172.260301 235.670238 -0.415873 0.768181 -0.486774 0.857752 0.509176 0.070719 0.302178 -0.388121 -0.870661
-18.341307 -47.448085 486.707931 -926.002868 -0.373951 0.770054 -0.516892 -0.831426 -0.525301 -0.181078 0.410964 -0.362043 -0.836680
-22.914668 -51.186754 1696.162461 602.941543 -0.431862 0.710821 -0.555183 0.824683 0.560456 0.076074 0.365230 -0.424997 -0.828242
-101.889338 -5090.417609 27399.235090 -663415.821118 0.055644 -0.656519 0.752255 0.826968 -0.391881 -0.403179 0.559489 0.644525 0.521114
123.693817 -4838.293116 -168232.349050 -149212.117290 0.196609 -0.673367 0.712686 0.974098 0.051333 -0.220223 0.111707 0.737524 0.666018
-1040.616660 -5456.927168 -373457.055539 -1292103.068189 -0.248529 -0.490207 0.835422 0.769206 -0.624063 -0.137356 0.588689 0.608475 0.532168
64.117410 -1802.028834 262563.860286 -1180235.018459 0.116728 0.505730 -0.854758 -0.455109 0.792200 0.406566 0.882752 0.341550 0.322634
6578.474028 -807.392476 9401780.830441 660730.454200 0.373958 -0.236912 -0.896676 -0.305214 0.881533 -0.360200 0.875785 0.408378 0.257348
-77.464557 -365.424791 -13363.732535 125373.269318 -0.200114 0.583062 -0.787397 0.384916 0.785822 0.484070 0.900996 -0.206213 -0.381684
-77.729619 -256.591532 -16407.773913 103101.505661 -0.164922 0.584844 -0.794203 0.082940 0.810601 0.579696 0.982813 0.029733 -0.182193
-53.374712 -437.006388 -15151.963482 180393.512625 -0.051853 0.523253 -0.850598 0.264868 0.828446 0.493479 0.962890 -0.199708 -0.181550
-117.475257 -479.220621 -18608.193466 190673.251765 -0.300618 0.635637 -0.711051 0.195505 0.770774 0.606370 0.933492 0.043272 -0.355979
-46.899970 -291.525146 -13531.879071 43203.850429 -0.078378 0.501946 -0.861340 0.639554 0.688089 0.342788 0.764740 -0.524007 -0.374953
-73.520343 -295.256492 -14035.376049 -8706.085948 -0.181732 0.573239 -0.798981 0.744552 0.610969 0.268996 0.642352 -0.545998 -0.537838
-111.076671 -301.894146 -23624.326050 58610.468233 -0.261712 0.622458 -0.737599 0.599370 0.703827 0.381292 0.756480 -0.342306 -0.557282
21.783462 -45.019678 -8283.077757 1409.724944 0.930064 -0.367011 -0.016875 0.300862 0.787185 -0.538352 -0.210864 -0.495624 -0.842551
19.958936 -42.559564 -1533.601123 801.476983 0.967727 -0.218528 0.125499 0.251999 0.837619 -0.484655 -0.000790 -0.500639 -0.865656
16.691204 -41.512324 -7643.328172 674.132412 0.938300 -0.345354 -0.017959 0.300079 0.838904 -0.454084 -0.171886 -0.420678 -0.890778
-131.713956 -141.248704 -51044.803986 31558.520437 0.335130 -0.626413 0.703772 0.027485 0.753150 0.657274 -0.941771 -0.200929 0.269620
-118.277337 -141.769231 32860.354733 -23813.784850 -0.428543 0.648694 -0.628925 -0.349714 0.522739 0.777460 -0.833097 -0.553119 -0.002841
-145.521630 -191.235537 26834.795740 -41358.470192 -0.605366 0.754324 -0.254021 0.007296 0.324388 0.945896 -0.795914 -0.570760 0.201877
-51.774612 -71.870404 -801.730617 -2827.760392 -0.414308 -0.577529 0.703427 0.707832 0.281378 0.647920 -0.572121 0.766346 0.292216
-48.461840 -69.228682 -331.273429 -1741.993842 -0.389193 -0.410689 0.824538 0.783979 0.322286 0.530574 -0.483638 0.852916 0.196541
-47.665710 -66.130416 -315.310759 -2454.572460 -0.288789 -0.485333 0.825259 0.690411 0.491605 0.530713 -0.663274 0.723032 0.193109
-50.968280 -73.022094 -958.524940 -1267.240445 -0.489982 -0.456876 0.742416 0.788142 0.131737 0.601230 -0.372491 0.879721 0.295534
-51.413859 -68.651280 908.837517 -4103.337074 0.344670 0.679581 -0.647590 0.592351 0.377721 0.711651 -0.728233 0.628885 0.272361
-54.640067 -74.656175 -975.075137 -3372.961626 -0.420924 -0.725667 0.544271 0.639096 0.188555 0.745656 -0.643723 0.661706 0.384404
-53.669327 -74.571495 -1296.682731 -1847.453040 -0.477274 -0.602711 0.639491 0.745473 0.107609 0.657792 -0.465274 0.790670 0.397946
1.419691 -24.979342 -5504.253216 -12413.049216 -0.304368 -0.687672 0.659142 -0.424417 0.717394 0.552464 -0.852778 -0.111598 -0.510211
9.947526 -31.693819 -8587.912054 1920.046939 -0.411082 -0.497662 0.763770 -0.339040 0.861199 0.378666 -0.846205 -0.103286 -0.522751
-5.897625 -33.583778 -3596.586378 -4057.478256 -0.305228 -0.655926 0.690360 -0.398223 0.746442 0.533145 -0.865017 -0.112187 -0.489039
7.892849 -23.412765 -3217.840143 -2631.372908 0.465385 0.861826 -0.201675 0.881082 -0.429371 0.198332 0.084335 -0.269993 -0.959162
8.927933 -26.836496 -2928.050338 -2935.089979 0.601361 0.782708 -0.160417 0.788488 -0.548953 0.277377 0.129044 -0.293290 -0.947274
15.319418 -31.412761 -4346.697244 -3764.847835 0.493806 0.850479 -0.181221 0.863663 -0.455427 0.216037 0.101202 -0.263194 -0.959420
1.131300 -19.423686 -1647.722345 -1805.572976 0.590907 0.788984 -0.168328 0.800278 -0.546915 0.245845 0.101906 -0.279980 -0.954582
10.812223 -24.397409 -3972.525154 -1395.961228 0.353967 0.908432 -0.222394 0.933915 -0.330581 0.136087 0.050107 -0.255867 -0.965413
1.937398 -18.229382 -2175.777252 -1124.001273 0.406020 0.888250 -0.214849 0.911409 -0.376358 0.166398 0.066943 -0.263376 -0.962368
-10.627759 -55.045698 298.973571 -1845.973885 -0.340677 -0.499747 0.796362 0.754724 0.359740 0.548615 -0.560652 0.787934 0.254616
-15.801663 -57.969661 1335.006235 -954.527319 -0.357137 -0.517602 0.777523 0.861735 0.138574 0.488068 -0.360369 0.844326 0.396545
-8.480705 -53.591161 -1114.713912 -1877.010937 -0.309320 -0.438191 0.843985 0.800752 0.358707 0.479713 -0.512949 0.824207 0.239927
-5.497219 -47.925470 -651.009891 -1562.562883 -0.299742 -0.451532 0.840401 0.679059 0.517765 0.520382 -0.670099 0.726663 0.151421
-6.804014 -48.354895 178.262136 -1345.387775 -0.292075 -0.473263 0.831092 0.631602 0.557085 0.539198 -0.718172 0.682406 0.136204
-7.637888 -52.529625 -117.346231 -1457.016394 -0.321576 -0.501476 0.803188 0.628003 0.521883 0.577278 -0.708661 0.690043 0.147103
-2.748788 -73.049266 585.666637 -3502.386943 0.328702 0.723996 -0.606453 0.269136 0.543702 0.794956 -0.905274 0.424522 0.016138
-0.706995 -68.923578 180.639638 -3578.276675 0.318902 0.705127 -0.633322 0.250043 0.581946 0.773833 -0.914210 0.405135 -0.009272
-1.157358 -68.785671 473.733215 -1656.746365 0.320061 0.680328 -0.659330 0.113641 0.663344 0.739635 -0.940557 0.311655 -0.134997
-5.422059 -75.660245 1257.687936 -1192.390846 0.325053 0.699812 -0.636085 0.132697 0.632205 0.763354 -0.936340 0.332537 -0.112637
-0.333448 -73.237718 -343.428879 2476.474074 -0.323243 -0.592212 0.738105 -0.007120 0.781477 0.623893 -0.946289 0.196413 -0.256824
-3.610853 -85.116398 -1028.533985 4190.310314 -0.328060 -0.599843 0.729771 0.012503 0.769700 0.638283 -0.944574 0.218520 -0.245008
-46.135032 -101.374112 -1578.892745 1909.483819 0.183042 -0.683677 0.706457 0.224625 0.728673 0.646977 -0.957099 0.040264 0.286949
-43.570554 -91.050977 2182.860175 -234.760480 -0.100583 0.735475 -0.670045 0.493676 0.621600 0.608192 -0.863809 0.269611 0.425609
-42.249808 -93.508449 838.355472 2205.630748 -0.056066 0.705347 -0.706641 0.342372 0.678424 0.650017 -0.937890 0.205490 0.279528
10.687303 -14.416121 4148.755812 -858.554573 0.391448 0.919872 0.024562 0.581021 -0.267773 0.768578 -0.713571 0.286588 0.639284
1.930968 -16.687851 5751.098673 -834.980429 0.427422 0.903099 0.041513 0.567860 -0.303922 0.764962 -0.703453 0.303388 0.642737
9.919774 -19.038326 3974.058955 -2590.112034 0.424308 0.902612 0.072491 0.576039 -0.330822 0.747486 -0.698671 0.275407 0.660310
26.054953 -49.860671 12216.295048 -658.427277 0.349619 0.933186 0.083252 -0.482579 0.103206 0.869750 -0.803047 0.344257 -0.486419
9.429730 -50.358584 11462.013325 -373.647019 0.383787 0.916990 0.108796 -0.471416 0.093254 0.876967 -0.794024 0.387856 -0.468074
20.408608 -50.939623 12237.494592 -215.608017 0.359835 0.929196 0.084343 -0.369772 0.059030 0.927245 -0.856614 0.364843 -0.364832
34.875141 -51.071998 6184.007726 -81.859148 0.295236 0.954372 0.044821 -0.370444 0.071102 0.926129 -0.880685 0.290031 -0.374533
14.024832 -50.605873 11658.349643 -141.750448 0.369220 0.925351 0.086030 -0.253741 0.011323 0.967206 -0.894031 0.378941 -0.238981
29.086989 -50.873132 8808.464034 105.126972 0.323739 0.944718 0.051975 -0.246182 0.031067 0.968726 -0.913558 0.326409 -0.242630
-7.681182 -146.063783 -1341.529664 -23523.483521 0.068294 0.076001 -0.994766 0.720212 -0.693745 -0.003558 -0.690384 -0.716200 -0.102115
-6.589164 -138.397961 904.816494 -21633.329594 0.102829 0.107119 -0.988915 0.742736 -0.669567 0.004704 -0.661641 -0.734987 -0.148411
-7.433865 -156.226911 -1600.421661 -21511.744512 0.087217 0.057287 -0.994541 0.830252 -0.555893 0.040789 -0.550522 -0.829277 -0.096046
4.174958 -117.937493 -372.965482 -571.749838 0.608111 0.218870 -0.763084 0.776676 0.034840 0.628936 0.164241 -0.975132 -0.148805
3.760215 -119.843134 -733.746946 3785.517446 0.628525 0.208370 -0.749359 0.752629 0.080132 0.653550 0.196228 -0.974762 -0.106461
5.719382 -121.813145 -629.913535 -318.781196 0.619309 0.221914 -0.753134 0.734357 0.175683 0.655634 0.277807 -0.959109 -0.054162
-17.504190 -66.087596 -260.093663 469.036722 -0.701599 -0.223679 0.676555 -0.148824 0.974513 0.167855 -0.696858 0.017079 -0.717006
-19.830685 -65.601732 -1348.041974 1338.119705 -0.717950 -0.199833 0.666795 -0.086881 0.976142 0.198995 -0.690652 0.084937 -0.718182
-15.789985 -67.074217 -2285.954206 1386.101058 -0.738302 -0.153103 0.656864 -0.133217 0.987812 0.080507 -0.661183 -0.028066 -0.749699
-14.356558 -67.109981 -177.732878 379.090129 -0.697686 -0.234771 0.676843 -0.217812 0.969568 0.111787 -0.682489 -0.069432 -0.727590
-11.179167 -68.622351 -1873.570892 1432.234426 -0.732645 -0.177961 0.656933 -0.235434 0.971890 0.000715 -0.638594 -0.154140 -0.753948
-14.723009 -65.043029 -1828.729407 3228.382771 -0.761022 -0.086053 0.642993 -0.016380 0.993396 0.113562 -0.648519 0.075891 -0.757406
-11.535244 -68.527555 -1057.936220 1290.266991 -0.757496 -0.087617 0.646934 -0.108101 0.994107 0.008060 -0.643828 -0.063829 -0.762504
-8.561343 -68.320838 -683.816969 -498.658142 -0.750878 -0.091210 0.654112 -0.183577 0.980212 -0.074052 -0.634414 -0.175684 -0.752764
-43.213635 -104.759677 -5454.078592 48877.292803 -0.529064 -0.683114 0.503435 0.704554 -0.022952 0.709279 -0.472963 0.729951 0.493434
-30.413027 -115.227820 -4313.591744 43134.980921 -0.350807 -0.621705 0.700298 0.788740 0.206957 0.578842 -0.504801 0.755415 0.417762
-39.740112 -287.926651 -18900.655872 145228.923585 -0.288176 -0.578088 0.763393 0.794376 0.300846 0.527691 -0.534716 0.758490 0.372522
-117.373031 -250.200270 -40798.721769 135499.363960 -0.539109 -0.666446 0.514986 0.720969 -0.049079 0.691227 -0.435391 0.743936 0.506946
68.592885 -1361.000091 112242.370446 678091.395698 -0.447838 0.071278 -0.891269 0.746683 -0.518519 -0.416656 -0.491838 -0.852090 0.178990
39.529373 -380.762054 117451.285088 81200.839565 0.851401 0.020901 0.524099 0.516969 -0.202327 -0.831749 -0.088655 -0.979095 0.183067
36.956496 -169.619606 19690.296363 56412.717240 0.773588 -0.050573 0.631667 0.632267 -0.005125 -0.774734 -0.042418 -0.998707 -0.028011
-40.327555 -121.422646 42950.717128 53939.251159 0.954176 0.016125 0.298811 0.293978 0.136011 -0.946085 0.055897 -0.990576 -0.125038
28.037232 -183.062853 10005.363317 93559.862815 0.703636 -0.046192 0.709058 0.701107 0.207366 -0.682238 0.115521 -0.977172 -0.178296
38.152121 -1662.621746 14241.953657 -334382.072463 0.041629 0.547457 -0.835798 -0.761402 0.559034 0.328250 0.646942 0.622714 0.440107
250.954543 -5751.033911 76084.887419 -5873996.339724 0.103230 0.429754 -0.897026 0.196763 0.875199 0.441941 0.975001 -0.222123 0.005787
338.875065 -2040.594148 138171.152392 466804.772976 0.133587 0.407832 -0.903232 -0.425320 0.846793 0.319444 0.895130 0.341489 0.286579
32.008526 -2851.364907 10364.684606 -626641.911653 0.210153 0.362303 -0.908059 0.695416 0.597448 0.399315 0.687191 -0.715397 -0.126396
74.404895 -2250.301336 -41263.147948 -1025144.997259 -0.031850 -0.512162 0.858298 0.988116 -0.145334 -0.050057 0.150377 0.846503 0.510704
337.296507 -3069.248571 -387819.582350 -1482472.945570 -0.347872 -0.382556 0.855941 0.912742 -0.346787 0.215964 0.214211 0.856382 0.469812
11.455708 -47.210493 1884.408443 2337.872960 0.274858 0.960285 -0.048009 -0.956124 0.267719 -0.118966 0.101388 -0.078602 -0.991737
16.585014 -43.051175 4061.429591 1879.168454 0.290592 0.955222 -0.055739 -0.952705 0.283428 -0.109646 0.088938 -0.084965 -0.992407
15.374036 -48.224768 2945.585224 1597.427231 0.318549 0.946875 -0.044195 -0.926840 0.301356 -0.223947 0.198731 -0.112300 -0.973599
13.620193 -41.135262 3075.138514 -1263.027758 0.223641 0.972611 -0.063339 0.974668 -0.222992 0.017225 0.002630 -0.065586 -0.997843
11.250157 -49.720465 993.827501 379.003007 0.279923 0.959037 -0.043496 -0.934008 0.261582 -0.243319 0.221974 -0.108736 -0.968971
8.535617 -49.755364 -24.632855 1927.927178 0.248112 0.967814 -0.042150 -0.962236 0.241186 -0.126216 0.111988 -0.071874 -0.991107
8.808128 -45.306779 150.156021 -2180.316392 0.217785 0.974436 -0.055166 0.975994 -0.217304 0.014652 0.002290 -0.057032 -0.998370
17.253365 -24.534561 1262.675736 -123.966743 -0.539653 0.751034 0.380424 -0.576615 -0.658971 0.482982 -0.613425 -0.041285 -0.788673
21.190491 -25.978817 -1021.657046 995.623343 -0.638992 0.655206 0.402981 0.495137 0.751276 -0.436376 -0.588666 -0.079310 -0.804476
12.418099 -25.766569 -249.798086 -1028.412084 -0.665298 0.607453 0.434028 0.482601 0.793483 -0.370784 -0.569627 -0.037219 -0.821060
8.990780 -27.071156 -795.504680 2530.647343 -0.495258 0.791396 0.358346 -0.635418 -0.611275 0.471791 -0.592422 -0.005959 -0.805606
11.401198 -26.660421 3148.130864 2138.312931 -0.391783 0.858672 0.330436 -0.674241 -0.512323 0.531907 -0.626024 0.014402 -0.779671
-17.461179 -48.431542 -374.351235 -1216.262184 -0.527534 -0.536747 0.658491 -0.427504 0.837551 0.340218 -0.734131 -0.102031 -0.671299
-19.074795 -54.364349 536.638388 -1364.865949 -0.434621 -0.592054 0.678658 -0.352514 0.805262 0.476746 -0.828757 -0.032033 -0.558691
-17.054610 -49.892192 -785.081224 -1801.826323 -0.516214 -0.650619 0.556972 -0.360713 0.754989 0.547611 -0.776794 0.081778 -0.624423
12.694575 -168.827211 2881.915510 4599.173184 0.600816 -0.742029 -0.297343 0.486554 0.044325 0.872525 0.634259 0.668901 -0.387669
5.226222 -131.925738 -1276.226215 -2415.113581 -0.575921 0.756562 0.309725 -0.478144 -0.004429 -0.878270 0.663094 0.653907 -0.364297
11.718142 -158.870931 -3195.287051 4717.060511 -0.555591 0.744301 0.370587 -0.410164 0.142354 -0.900834 0.723246 0.652497 -0.226194
31.060353 -219.659397 -7012.412512 -1759.563846 -0.593913 0.710578 0.377288 -0.387208 0.158607 -0.908247 0.705221 0.685509 -0.180943
13.312323 -187.549764 -3538.030499 13261.760308 -0.532557 0.725450 0.436011 -0.281853 0.333735 -0.899544 0.798086 0.601950 -0.026737
-8.432658 -557.052092 -14885.180764 -89197.864441 -0.270879 0.962297 -0.024666 0.930008 0.268231 0.251272 -0.248415 -0.045124 0.967602
16.115166 -1184.020718 2298.877550 -544458.689306 -0.369454 0.919947 -0.131157 0.486298 0.311681 0.816315 -0.791845 -0.237809 0.562520
72.485939 -3070.305227 23927.663880 -1648571.341245 -0.255514 0.957553 -0.133432 0.791206 0.286419 0.540331 -0.555613 -0.032490 0.830806
90.786029 -4258.185384 12593.411543 -1902345.041528 -0.312827 0.945192 -0.093548 0.343201 0.204323 0.916769 -0.885637 -0.254684 0.388309
-53.946743 -1286.850608 -2432.420682 -193504.262121 -0.242781 0.956102 -0.164093 0.735794 0.291728 0.611148 -0.632190 -0.027636 0.774320
-0.442001 -1342.553265 -28130.072657 -252435.319852 0.170563 -0.970331 0.171364 0.984997 0.172541 -0.003399 -0.026269 0.169372 0.985202
-50.145145 -1386.378369 17732.380879 -122341.819203 0.042659 -0.993289 0.107508 0.998194 0.037818 -0.046677 0.042298 0.109305 0.993108
7.856621 -240.737097 -5896.562435 55373.435689 -0.619413 0.784471 0.030545 0.722575 0.584888 -0.368498 0.306941 0.206181 0.929127
31.568113 -407.143422 -8689.261591 114785.390019 -0.653173 0.757176 0.007051 0.710345 0.615946 -0.340620 0.262252 0.217475 0.940175
10.077909 -192.922423 -5102.819014 35580.774102 -0.528825 0.848562 -0.016918 0.678907 0.410965 -0.608434 0.509342 0.333241 0.793424
0.690973 -136.864296 -3178.410335 20798.825157 -0.540905 0.840737 -0.024144 0.710013 0.441036 -0.548971 0.450892 0.314084 0.835493
-2.672467 -167.437750 -1165.712350 32365.824807 -0.650599 0.759195 0.018541 0.719672 0.624158 -0.304136 0.242472 0.184527 0.952448
-56.175669 -80.622730 1397.001822 5993.556574 -0.201837 0.975807 -0.084045 0.969816 0.187133 -0.156326 0.136816 0.113060 0.984123
-44.969462 -73.440774 1411.648042 2899.502429 -0.110767 -0.973529 0.199932 0.979288 -0.141220 -0.145090 0.169484 0.179720 0.969008
-40.235689 -68.155092 -804.241144 3383.241429 0.320664 0.892662 -0.316747 0.914835 -0.378539 -0.140658 0.245462 0.244667 0.938023
54.491200 -68.724160 5036.548716 -12794.370795 0.177436 0.983724 -0.028345 -0.166922 0.001698 -0.985969 0.969873 -0.179678 -0.164506
59.255920 -96.083863 4916.928999 -2932.023496 0.182154 0.983245 -0.007038 -0.497018 0.085896 -0.863479 0.848406 -0.160785 -0.504336
52.437459 -96.345212 -5923.008260 -2034.556696 0.338092 0.930274 -0.142421 -0.565108 0.079662 -0.821162 0.752561 -0.358111 -0.552638
58.086864 -87.055485 5782.034035 -14833.556410 0.161941 0.986735 -0.011349 -0.296379 0.037665 -0.954327 0.941241 -0.157908 -0.298547
-66.657229 -93.555031 898.220100 3059.260246 0.948577 -0.130542 -0.288377 -0.196229 -0.957344 -0.212101 0.248388 -0.257782 0.933730
-61.489297 -80.805613 -162.270740 7294.142204 0.920378 -0.226562 -0.318706 -0.341052 -0.863802 -0.370849 0.191279 -0.450017 0.872294
-57.933677 -58.750167 13382.967634 -1799.623080 -0.169822 -0.820523 -0.545804 0.978836 -0.076266 -0.189903 0.114194 -0.566503 0.816109
117.334941 -112.187241 -20764.575735 20889.177018 0.856445 0.231355 0.461494 0.321939 0.459466 -0.827796 0.403556 -0.857534 -0.319026
122.253226 -140.283438 -41367.839924 29518.826248 0.870283 -0.011229 0.492424 0.456675 0.392963 -0.798140 0.184543 -0.919486 -0.347117
185.237377 -147.589065 -45149.108050 -995.028677 0.883960 0.189321 0.427519 0.392887 0.194954 -0.898684 0.253486 -0.962367 -0.097950
76.899323 -109.135707 -23948.424572 28975.497831 0.845652 0.001343 0.533734 0.438119 0.569388 -0.695592 0.304836 -0.822068 -0.480916
144.583046 -137.959149 32795.464629 4578.575174 0.782779 0.476923 0.399753 0.331222 0.224522 -0.916451 0.526830 -0.849785 -0.017783
98.834012 -105.995643 16526.332829 20523.026362 0.774203 0.482154 0.410047 0.209461 0.416169 -0.884833 0.597274 -0.770929 -0.221207
84.069256 -87.217645 7834.056903 29351.760843 0.796050 0.382113 0.469356 0.190386 0.578033 -0.793493 0.574507 -0.721018 -0.387394
80.526623 -93.075522 -17723.270503 29321.204264 0.852997 0.168201 0.494069 0.296532 0.622823 -0.723989 0.429493 -0.764068 -0.481389
6.624557 -42.275895 6417.768796 -828.359915 -0.307475 0.950241 0.050004 0.313774 0.150860 -0.937436 0.898334 0.272548 0.344547
-3.941752 -43.329073 5420.231255 -474.327200 -0.315367 0.945737 0.078260 0.193692 0.144882 -0.970305 0.928992 0.290844 0.228873
-3.347311 -44.468726 4877.359509 -519.478665 -0.313070 0.944437 0.100131 0.062668 0.125744 -0.990081 0.947660 0.303690 0.098553
74.431531 -52.953247 17835.735438 405.122269 0.278794 0.958891 -0.052937 -0.623863 0.222741 0.749120 -0.730116 0.175825 -0.660315
115.119718 -55.204499 24169.406253 -1791.079507 0.276357 0.959753 -0.050009 -0.765654 0.251321 0.592124 -0.580861 0.125348 -0.804293
38.678034 -56.245829 9444.653100 -1682.523098 0.279245 0.960113 -0.014334 -0.822064 0.246755 0.513150 -0.496219 0.131511 -0.858179
0.216221 -79.445120 -1079.578487 7573.876429 0.266670 0.914155 0.305299 0.857778 -0.080686 -0.507648 0.439436 -0.397253 0.805659
2.838290 -65.610597 -2043.781252 1775.946212 0.277686 0.907332 0.315656 0.770878 -0.014378 -0.636821 0.573270 -0.420168 0.703435
0.845571 -68.484288 -1129.374157 828.230799 0.274400 0.910636 0.308943 0.757718 -0.006939 -0.652545 0.592087 -0.413150 0.691910
1.689510 -110.923438 41.866996 -3388.612113 0.169472 0.981833 -0.085341 -0.764238 0.185599 0.617651 -0.622270 0.039454 -0.781808
3917.391282 -123.003439 -2143910.680363 -13448.358637 0.919397 -0.135664 0.369194 0.159367 -0.729652 -0.664989 -0.359598 -0.670227 0.649219
353.893365 -5.607724 -112982.579546 -3635.084475 0.845652 -0.314781 0.431028 0.103968 -0.694949 -0.711503 -0.523511 -0.646497 0.554958
270.570354 -15.627834 -190924.868394 -1892.120396 0.689544 -0.117949 0.714575 -0.360261 0.800063 0.479700 -0.628285 -0.588207 0.509186
927.102284 -47.127073 -476057.444975 -9942.103683 0.826345 0.053300 0.560636 0.383655 -0.782045 -0.491136 -0.412265 -0.620939 0.666688
9.459216 -110.573773 -1164.522559 -7009.747943 0.158547 0.987124 0.021194 0.745901 -0.133812 0.652477 -0.646912 0.087639 0.757512
11.810604 -111.630603 -773.983120 -579.804454 0.149980 0.986594 -0.064327 0.632906 -0.045821 0.772871 -0.759563 0.156628 0.631294
3.945625 -148.179782 -140.714271 18806.364202 0.582107 -0.097093 0.807295 -0.130692 0.968764 0.210749 -0.802541 -0.228185 0.551235
0.698188 -167.725933 1086.768048 16816.837252 0.600760 -0.131354 0.788564 -0.224778 0.918859 0.324303 -0.767178 -0.372080 0.522488
10.201328 -103.832327 -8852.540791 24598.306301 -0.536662 0.253183 -0.804918 0.435416 0.900201 -0.007150 0.722777 -0.354311 -0.593344
4.364260 -107.131960 -4897.264141 19669.699032 -0.535499 0.259181 -0.803782 0.453799 0.890977 -0.015034 0.712255 -0.372807 -0.594733
8.196432 -134.204138 -2395.163374 28362.958894 -0.571331 0.246296 -0.782891 0.507905 0.855407 -0.101545 0.644680 -0.455651 -0.613816
5.150257 -83.005664 -6147.255817 15383.262337 -0.540645 0.223401 -0.811045 0.342018 0.939192 0.030709 0.768587 -0.260790 -0.584177
9.418142 -78.585966 -10529.470295 18308.322592 -0.534897 0.225814 -0.814183 0.336528 0.940830 0.039850 0.775006 -0.252680 -0.579240
10.561546 -102.248072 -5830.704254 29043.080475 -0.552874 0.247693 -0.795599 0.413029 0.910711 -0.003489 0.723697 -0.330534 -0.605813
995.087993 -79.094776 427386.402509 37544.725100 0.831586 0.497233 -0.247436 -0.280717 0.760713 0.585246 0.479232 -0.417223 0.772180
1935.145488 -73.034021 964553.773170 27661.337880 0.692742 0.500008 -0.519711 -0.160894 0.809623 0.564468 0.703009 -0.307413 0.641308
538.625844 6.831145 259492.979800 5378.600389 0.641774 0.535744 -0.548730 -0.155707 0.791648 0.590804 0.750920 -0.293721 0.591478
176.368713 -94.412065 2695.640543 5369.593508 0.949767 -0.172545 0.261097 0.207594 0.971664 -0.113024 -0.234197 0.161548 0.958673
115.425515 -86.514495 -14440.685788 -2186.362567 0.859640 -0.270689 0.433297 -0.384184 -0.901559 0.198981 -0.336781 0.337518 0.879011
266.540721 -98.091675 -2099.676339 8998.294574 0.970243 -0.089169 0.225115 0.082787 0.995856 0.037648 -0.227539 -0.017891 0.973604
207.702357 -98.410036 -52717.706737 7442.007420 0.869923 -0.223506 0.439635 0.279360 0.957931 -0.065778 -0.406438 0.180038 0.895765
8.148281 -192.515484 -111.560856 -18908.541606 0.484038 -0.124630 0.866126 0.573337 0.792918 -0.206316 -0.661053 0.596447 0.455258
6.838249 -231.176324 -186.692426 -34117.869832 0.461020 -0.139339 0.876382 0.685223 0.683422 -0.251801 -0.563854 0.716602 0.410549
7.889168 -201.972186 -376.974988 -13644.752027 0.466534 -0.134339 0.874242 0.709303 0.647320 -0.279046 -0.528427 0.750287 0.397284
1.308547 -127.789790 -103.066076 -37675.910344 -0.227623 0.251559 -0.940694 -0.664716 0.665810 0.338894 0.711576 0.702435 0.015662
0.587372 -128.879394 922.703130 -34001.030224 -0.254573 0.256913 -0.932303 -0.627295 0.689854 0.361390 0.735998 0.676829 -0.014458
-2.532076 -149.890795 568.338524 37938.753109 0.230914 -0.237342 0.943582 0.703746 -0.628939 -0.330420 0.671879 0.740340 0.021798
-1393.487623 -53406.242300 777959.891115 -108861623.854418 0.309191 -0.393798 0.865635 0.945764 0.031946 -0.323279 0.099653 0.918642 0.382317
-3.124103 -3168.991127 -2123.401275 1146102.614030 0.241051 -0.466453 0.851068 0.915281 -0.182348 -0.359180 0.322731 0.865547 0.382980
4.476074 -47.551663 -3091.255290 -1404.394856 0.257287 0.965576 -0.038290 0.469188 -0.159463 -0.868582 0.844787 -0.205510 0.494065
4.199646 -43.372014 -2068.103643 -2420.459234 0.243298 0.969349 -0.034196 0.571981 -0.171857 -0.802062 0.783354 -0.175580 0.596262
6.284097 -43.711943 -107.510540 -1746.556036 0.201714 0.979255 -0.019258 0.578955 -0.135071 -0.804094 0.790014 -0.151047 0.594190
4.282285 -45.651098 -7553.741185 -463.327510 -0.736638 -0.556001 -0.385003 -0.156828 0.694211 -0.702478 0.657852 -0.457093 -0.598579
1.388618 -45.679795 -1307.902495 2358.996888 -0.721887 -0.629340 -0.287767 -0.273099 0.641179 -0.717151 0.635842 -0.439113 -0.634731
-4.351222 -43.670673 -3970.727748 964.272382 -0.756644 -0.528145 -0.385425 -0.215767 0.758166 -0.615329 0.617199 -0.382423 -0.687618
8.138335 -46.130981 -5485.170530 -1533.677004 -0.774525 -0.387296 -0.500113 -0.041559 0.820088 -0.570727 0.631177 -0.421258 -0.651274
18.476547 -44.431626 -9975.038402 -2392.502342 -0.755400 -0.452139 -0.474279 -0.020303 0.739601 -0.672739 0.654949 -0.498558 -0.567875
0.914596 -45.744731 -5595.490351 429.089930 -0.766964 -0.463842 -0.443415 -0.146997 0.799636 -0.582215 0.624627 -0.381357 -0.681475
-20.211580 -45.272847 -635.852692 -56.416640 -0.475933 0.756643 -0.448307 0.858632 0.510086 -0.050632 0.190364 -0.409028 -0.892445
55.252497 -96.897538 -2813.268346 4293.309551 0.048462 0.960976 0.272353 -0.963937 0.116435 -0.239310 0.261683 0.250934 -0.931963
54.545413 -109.574480 -951.333151 -227.210804 0.084494 0.979191 0.184513 -0.965065 0.126510 -0.229444 0.248012 0.158680 -0.955673
53.561639 -100.399390 -1962.939451 -777.495786 0.025156 0.969014 0.245721 -0.924191 0.116247 -0.363809 0.381100 0.217941 -0.898479
-145.549212 -3058.895667 -195591.499414 -729626.193998 0.202463 -0.677626 0.706988 0.901566 0.410844 0.135596 -0.382345 0.609943 0.694105
-300.364115 -3850.392928 -64415.067907 -3301911.409566 0.126709 -0.730234 0.671344 0.904184 0.363348 0.224565 -0.407916 0.578564 0.706305
-295.275173 -4768.820987 22447.667614 -2479514.350086 0.279845 -0.596095 0.752568 0.536249 0.747258 0.392482 -0.796319 0.293730 0.528772
-41.464556 -750.135575 13994.788819 -206291.346668 0.398436 -0.735451 0.548051 0.874028 0.485604 0.016229 -0.278072 0.472546 0.836287
231.769932 -8110.128790 -145274.416832 528991.390585 0.523344 -0.534150 0.663924 0.483347 0.827754 0.284955 -0.701774 0.171776 0.691380
-45.148518 -267.797062 -11951.881578 113102.266357 -0.057021 0.510053 -0.858251 0.071466 0.859529 0.506065 0.995812 -0.032480 -0.085463
-55.191652 -83.508574 -13929.479723 36332.861363 -0.158483 0.284616 -0.945451 -0.032909 0.955498 0.293157 0.986813 0.077574 -0.142064
