19130
38236
-36.810914 -55.544979 -1730.946601 3457.629317 0.195899 0.967864 -0.157681 0.944505 -0.229467 -0.235066 0.263694 0.102882 0.959104
-41.644855 -64.808814 -1203.505041 5347.387558 0.051290 0.987113 -0.151583 0.982488 -0.077098 -0.169628 0.179128 0.140229 0.973781
-39.414940 -63.759172 -1650.866038 10296.726254 -0.217752 0.976004 -0.000268 0.939428 0.209517 -0.271254 0.264689 0.059318 0.962508
-37.055228 -57.419231 -1353.363491 2707.049452 0.340631 0.900231 -0.271210 0.912021 -0.386467 -0.137333 0.228445 0.200570 0.952672
-30.939819 -48.033422 -3351.147257 4993.778315 0.173444 0.978598 -0.110736 0.924295 -0.200566 -0.324733 0.339993 0.046030 0.939301
-31.102934 -48.743830 -2079.697316 3023.870576 0.451335 0.847431 -0.279567 0.834684 -0.511713 -0.203597 0.315593 0.141459 0.938291
40.579123 -38.921269 -183.739260 4232.901098 0.186163 0.978262 0.091365 0.164544 0.060636 -0.984504 0.968643 -0.198312 0.149679
42.781937 -45.794602 -2066.832045 1601.461679 0.263683 0.963752 -0.040649 0.095853 -0.068111 -0.993063 0.959835 -0.257958 0.110338
30.267375 -16.673793 -6125.622379 -6362.545497 0.289455 0.955932 0.049087 0.210886 -0.013666 -0.977415 0.933672 -0.293270 0.205548
37.417765 -15.315157 11.123514 2765.098305 0.121919 0.928355 0.351130 0.377714 0.283754 -0.881371 0.917860 -0.240083 0.316058
35.356431 -2.002012 -24090.869264 781.144836 0.076018 -0.579240 -0.811605 0.444264 0.748378 -0.492504 0.892665 -0.323128 0.314226
13.324319 -7.811475 -8034.033127 -15058.017679 0.410445 0.897310 -0.162385 0.147415 -0.241025 -0.959258 0.899891 -0.369785 0.231204
5.061877 -59.855489 -15130.804032 16175.910966 0.501079 0.856574 0.123287 0.363547 -0.079069 -0.928214 0.785336 -0.509930 0.351025
-3.439633 -283.137909 -26353.037587 210693.842662 0.651865 0.750895 -0.105966 -0.122646 -0.033503 -0.991885 0.748352 -0.659571 -0.070255
-18.281328 -127.443371 -39949.908581 4658.677937 0.713788 0.699152 0.041158 0.407761 -0.367080 -0.836052 0.569419 -0.613546 0.547104
27.740578 -55.639318 -3772.661695 8013.126926 0.223712 0.932447 0.283719 0.402562 0.176709 -0.898175 0.887636 -0.315147 0.335836
-3.705897 -56.522797 -9947.974210 -9486.213394 0.587164 0.801672 -0.112075 0.474060 -0.452784 -0.755152 0.656130 -0.390267 0.645898
24.330966 -34.519403 -2249.891775 3598.374658 0.237925 0.932845 0.270541 0.455981 0.138661 -0.879121 0.857597 -0.332527 0.392369
8.588435 -13.457917 3347.397923 -1712.762125 -0.030714 -0.892556 0.449890 0.914195 0.156891 0.373675 -0.404109 0.422764 0.811151
9.341209 -16.428244 5112.274667 -1912.933650 0.120963 -0.862049 0.492178 0.918524 0.285212 0.273801 -0.376405 0.418958 0.826313
-1.169752 -19.438829 -9194.399202 -2700.129181 0.017688 0.913951 -0.405439 0.909128 0.154071 0.386974 -0.416142 0.375441 0.828173
-0.639070 -16.220642 -6001.012957 -1321.320357 0.235254 0.918439 -0.318002 0.863495 -0.047321 0.502132 -0.446130 0.392721 0.804200
7.262733 -10.807243 -556.929118 68.245741 -0.166169 -0.893498 0.417192 0.895285 0.040641 0.443637 -0.413344 0.447224 0.793182
38.154080 -84.881817 -6436.056006 9083.565871 0.889118 -0.437942 0.132955 -0.323914 -0.396887 0.858814 0.323342 0.806652 0.494734
49.755658 -79.185865 -21174.751427 7958.498504 0.889318 -0.448228 0.090578 -0.310098 -0.445542 0.839840 0.336084 0.774973 0.535224
47.066986 -67.190095 -6228.068117 6602.294242 0.871787 -0.465912 0.151373 -0.401291 -0.501944 0.766171 0.280988 0.728682 0.624554
3.813058 -32.171645 3266.715671 2262.019005 -0.057727 0.984752 -0.164106 0.951876 0.103853 0.288353 -0.300999 0.139563 0.943357
3.666914 -35.886027 3261.699024 1851.730673 0.020838 0.990575 -0.135379 0.925467 0.032118 0.377464 -0.378255 0.133154 0.916075
-2.771070 -30.658184 3694.584364 1930.217320 -0.032362 0.985734 -0.165172 0.944679 0.084135 0.317022 -0.326396 0.145775 0.933925
-2.186610 -26.104106 3794.545981 1769.139891 -0.138677 0.969928 -0.200021 0.955597 0.184081 0.230104 -0.260005 0.159229 0.952388
-8.999292 -90.592017 1103.181782 8188.902207 -0.008167 0.984732 -0.173885 -0.490923 0.147544 0.858618 -0.871165 -0.092377 -0.482223
-9.278541 -96.599157 -287.695495 7940.098362 -0.015090 0.972510 -0.232370 -0.476168 0.197363 0.856920 -0.879225 -0.123578 -0.460101
-6.291142 -72.922909 1287.530573 9650.938241 -0.027818 0.992147 -0.121948 -0.310694 0.107371 0.944426 -0.950103 -0.064161 -0.305267
-5.015305 -78.126923 1807.089144 8001.488052 -0.010422 0.995624 -0.092862 -0.438226 0.078926 0.895393 -0.898804 -0.050026 -0.435486
-6.553018 -90.141108 2041.436092 6595.597388 0.025722 0.990346 -0.136213 -0.600720 0.124225 0.789749 -0.799045 -0.061512 -0.598116
-11.318967 -87.859380 -815.490990 312.189883 0.203027 0.889703 -0.408912 0.974501 -0.224341 -0.004270 -0.095535 -0.397618 -0.912564
-7.854019 -90.228485 -1247.891880 -543.415397 0.202267 0.866972 -0.455465 0.973182 -0.229971 -0.005567 -0.109570 -0.442124 -0.890236
-10.941212 -89.359996 -895.622920 105.102118 0.189489 0.891629 -0.411207 0.945876 -0.278135 -0.167214 -0.263464 -0.357265 -0.896074
-13.170189 -88.126082 -288.273830 139.614800 0.194157 0.915290 -0.352912 0.946774 -0.269003 -0.176796 -0.256754 -0.299801 -0.918802
-13.782708 -86.358285 -322.339316 253.622454 0.201506 0.914049 -0.352008 0.975444 -0.219889 -0.012589 -0.088910 -0.340827 -0.935912
-13.200046 -46.756217 4562.899179 217.183200 0.594534 -0.447321 -0.668157 0.578365 0.815185 -0.031118 0.558591 -0.367937 0.743369
-1.870411 -39.477859 2153.003608 -39.933193 0.471319 -0.601738 -0.644802 0.691853 0.705677 -0.152837 0.546990 -0.374073 0.748914
-14.687664 -43.996694 3335.546483 1154.435260 0.633050 -0.387967 -0.669873 0.479878 0.875692 -0.053672 0.607425 -0.287480 0.740533
-25.616252 -49.740832 4952.996087 380.330746 0.742581 -0.178526 -0.645524 0.309678 0.946126 0.094579 0.593863 -0.270138 0.757861
-25.323394 -44.388806 3946.962887 635.702223 0.750627 -0.078068 -0.656098 0.186149 0.977759 0.096627 0.633962 -0.194662 0.748464
-16.156395 -39.724301 3033.190971 2265.694557 0.651313 -0.337335 -0.679703 0.389231 0.917451 -0.082355 0.651376 -0.210922 0.728850
23.395120 -96.729495 -6800.091728 -22792.474282 0.867465 -0.105897 0.486097 0.349889 -0.564742 -0.747425 -0.353669 -0.818445 0.452842
13.225818 -81.520760 -4276.000970 -17023.762010 0.870848 -0.116822 0.477468 0.308646 -0.626039 -0.716109 -0.382571 -0.770991 0.509128
26.727519 -79.067460 -6986.566447 -20047.344022 0.872706 -0.096965 0.478521 0.315118 -0.636763 -0.703728 -0.372942 -0.764938 0.525151
-1.156403 -61.719622 463.908733 -1725.895839 0.016032 0.993939 -0.108759 0.322870 0.097799 0.941377 -0.946308 0.050207 0.319345
-1.474067 -59.326424 -18.296087 -1617.436045 0.008390 0.992205 -0.124332 0.347803 0.113678 0.930651 -0.937530 0.051051 0.344138
0.165355 -57.455354 321.860824 -2238.669462 0.003889 0.989370 -0.145367 0.137885 0.143449 0.980005 -0.990441 0.023855 0.135862
-0.610158 -59.531493 507.160871 -2740.034878 0.008253 0.992045 -0.125614 0.104988 0.124064 0.986704 -0.994439 0.021331 0.103129
0.472115 -28.837311 190.209515 -1932.046709 0.354076 -0.911850 0.207752 0.935019 0.340586 -0.098696 0.019239 0.229198 0.973190
-2.285470 -33.183982 -2597.068977 -1547.023787 0.395869 -0.890939 0.222521 0.915413 0.363637 -0.172591 0.072851 0.272022 0.959529
4.334716 -33.281732 -1551.079934 -1572.036559 0.319526 -0.921490 0.220815 0.941713 0.282921 -0.182022 0.105259 0.266105 0.958180
4.924681 -112.215587 1406.992194 -13083.112818 0.953289 0.122285 0.276200 0.217737 -0.911955 -0.347748 -0.209358 -0.391643 0.895983
5.507090 -111.427113 1324.670875 4056.639143 0.956339 0.099327 0.274862 0.172214 -0.951377 -0.255392 -0.236130 -0.291577 0.926944
2.402799 -106.112544 1340.239797 -7224.259316 0.958846 0.110568 0.261512 0.192708 -0.929853 -0.313429 -0.208512 -0.350926 0.912893
-7.374920 -119.152959 -706.405411 -9820.932588 -0.900067 0.057386 -0.431956 0.063760 0.997965 -0.000276 0.431061 -0.027790 -0.901895
-8.402553 -115.077251 -148.293593 -2960.001536 -0.902948 0.040619 -0.427827 0.113663 0.982645 -0.146595 0.414447 -0.180996 -0.891893
-9.460230 -115.379224 1084.158992 -8046.859612 -0.915157 0.058972 -0.398761 0.084059 0.995412 -0.045706 0.394236 -0.075347 -0.915915
-9.800014 -123.867136 1200.736141 -6622.992092 -0.916150 0.076992 -0.393371 0.028704 0.991461 0.127202 0.399806 0.105245 -0.910538
-8.859319 -119.218922 519.493552 -6063.202880 -0.919942 0.059284 -0.387547 0.061477 0.998086 0.006750 0.387205 -0.017616 -0.921825
-3.402076 -237.996676 403.234007 5144.726981 0.920576 0.138184 0.365302 0.319565 0.271232 -0.907916 0.224541 -0.952543 -0.205531
-2.153788 -231.610255 1120.864902 -17205.676164 0.924961 0.150307 0.349077 0.362961 -0.076940 -0.928622 0.112720 -0.985641 0.125722
-4.400204 -221.483998 841.066508 -1108.843113 0.926146 0.150143 0.345993 0.331353 0.114298 -0.936558 0.180163 -0.982035 -0.056106
9.302612 -100.501294 -6102.092740 -5411.942345 0.753740 0.026810 0.656626 -0.617389 0.371256 0.693541 0.225182 0.928143 -0.296383
12.980234 -87.724802 1919.108222 -6006.177611 0.753660 0.009333 0.657199 -0.551716 0.552425 0.624849 0.357221 0.833511 -0.421489
20.881039 -98.843193 -6092.002687 -4066.359155 0.766827 0.013778 0.641705 -0.604803 0.350272 0.715208 0.214918 0.936547 -0.276931
18.767879 -104.439836 -16733.865107 -2113.060886 0.762698 0.054449 0.644459 -0.645538 0.125203 0.753396 0.039666 0.990636 -0.130641
1.927594 -106.199365 -9926.937435 -3820.670367 0.757730 0.034259 0.651668 -0.648543 0.150269 0.746198 0.072362 0.988051 -0.136082
-0.071255 -74.760511 -3000.656798 -10291.813566 0.779750 0.623034 -0.061801 0.611020 -0.735735 0.292146 -0.136547 0.265563 0.954375
11.885441 -91.662541 -2314.240892 -6954.653122 0.746387 0.657390 -0.103658 0.665224 -0.741542 0.087130 0.019588 0.133988 0.990789
11.772486 -97.080565 -3595.318926 -7647.027848 0.781000 0.623101 -0.042236 0.624531 -0.779231 0.052539 0.000174 0.067410 0.997725
0.435136 -82.412204 -2797.061365 -11049.016320 0.831832 0.554765 -0.017039 0.543270 -0.807543 0.229636 -0.113634 0.200275 0.973128
-11.172843 -60.322323 1574.124335 -9413.768857 0.883126 0.466687 -0.047873 0.443936 -0.798332 0.406923 -0.151686 0.380617 0.912207
-13.599765 -52.770627 -1483.015476 -9060.508695 0.840373 0.538558 -0.061059 0.501119 -0.729104 0.466140 -0.206525 0.422330 0.882601
-1.678682 -234.462237 370.885730 -12303.052655 0.920281 0.155800 0.358901 0.366519 -0.022277 -0.930144 0.136922 -0.987537 0.077605
-0.579818 -224.120072 857.736099 -36686.727746 0.921083 0.161859 0.354131 0.386930 -0.278892 -0.878922 0.043497 -0.946584 0.319510
-2.716408 -252.456762 138.729573 -30294.775493 0.911027 0.167407 0.376835 0.394432 -0.087348 -0.914764 0.120223 -0.982011 0.145607
-2.477609 -244.003415 1023.989527 -95.593453 0.910907 0.166538 0.377511 0.348750 0.178194 -0.920120 0.220505 -0.969800 -0.104238
47.730054 -286.542606 -28432.979777 -9811.296369 -0.830285 0.515975 -0.210707 0.425222 0.830850 0.358991 0.360296 0.208468 -0.909246
76.649526 -282.069174 -32011.646428 -27474.353961 -0.841755 0.500156 -0.203205 0.485769 0.865934 0.119110 0.235536 0.001550 -0.971864
34.726002 -279.150393 -22644.488649 -25202.867403 -0.857906 0.448489 -0.250707 0.385904 0.884586 0.261890 0.339227 0.127928 -0.931966
10.172022 -272.934021 -21618.680351 2472.099509 -0.850091 0.455174 -0.264880 0.283522 0.819414 0.498173 0.443802 0.348393 -0.825629
25.974726 -262.290170 -27539.962665 32864.964297 -0.820992 0.528877 -0.215086 0.297262 0.717594 0.629837 0.487450 0.453154 -0.746354
52.582734 -700.794091 8974.483155 60123.148146 0.792614 -0.369540 0.484978 0.605314 0.381415 -0.698654 -0.073203 -0.847327 -0.526002
42.739344 -704.289088 12280.934399 -181776.228453 0.774091 -0.392081 0.497047 0.628196 0.573001 -0.526346 0.078438 -0.719682 -0.689858
36.272982 -706.024642 22442.471908 -48271.882575 0.778885 -0.404428 0.479351 0.622064 0.400871 -0.672561 -0.079844 -0.822034 -0.563812
46.024314 -769.276607 20292.312924 252833.076356 0.800327 -0.396413 0.449814 0.550441 0.188392 -0.813341 -0.237677 -0.898535 -0.368978
63.520804 -801.846694 16363.964736 64722.928533 0.823140 -0.349863 0.447254 0.526437 0.174945 -0.832021 -0.212848 -0.920321 -0.328185
-23.947210 -405.995449 -135.882108 -162491.076694 0.945482 -0.301266 -0.123707 -0.026212 0.308220 -0.950954 -0.324619 -0.902352 -0.283520
-12.552018 -285.807492 -4347.690563 -162922.678400 0.943792 -0.283977 -0.169156 -0.151055 0.084643 -0.984895 -0.294005 -0.955088 -0.036989
-10.220845 -232.083930 4586.394119 -144072.334144 0.924310 -0.258296 -0.280952 -0.269522 0.079409 -0.959714 -0.270201 -0.962797 -0.003782
-30.432738 -376.169663 5472.793421 -139401.654372 0.940002 -0.307356 -0.148080 -0.033969 0.347565 -0.937040 -0.339472 -0.885851 -0.316271
-16.914192 -30.760702 2152.059699 -5349.360410 0.565299 0.620736 -0.543253 -0.428800 0.783737 0.449319 0.704676 -0.021053 0.709217
-17.342157 -22.134271 268.481253 -583.067456 0.687276 0.155477 -0.709562 -0.067736 0.986286 0.150503 0.723231 -0.055375 0.688383
-10.970264 -22.578595 3649.170368 3725.400626 0.439807 0.772445 -0.458147 0.519263 -0.634934 -0.572035 0.732759 -0.013686 0.680351
-13.237113 -42.191506 3588.558774 6640.016434 0.475914 0.741075 -0.473617 0.567468 -0.670163 -0.478394 0.671927 0.041088 0.739477
-20.519013 -43.782671 2815.406208 -6794.785769 0.576182 0.635815 -0.513569 -0.474725 0.771841 0.422963 0.665321 0.000100 0.746558
-7.187648 -31.198854 4516.300382 5093.538511 0.420053 0.789529 -0.447437 0.567738 -0.613269 -0.549158 0.707976 0.023352 0.705851
44.833257 16.765752 4872.078646 -3417.547945 -0.871257 -0.187820 -0.453469 -0.263519 0.958439 0.109331 0.414088 0.214754 -0.884541
43.176267 17.458993 -3603.800710 -5229.672069 -0.807653 -0.136565 -0.573625 -0.239215 0.965046 0.107059 0.538954 0.223687 -0.812091
46.115885 10.161854 3789.331418 -5619.196666 -0.874118 -0.128913 -0.468294 -0.201200 0.973630 0.107537 0.442082 0.188221 -0.877004
44.246080 4.725178 -4473.973123 -5307.020822 -0.816199 -0.113711 -0.566470 -0.198265 0.976031 0.089745 0.542687 0.185561 -0.819181
44.095693 2.954871 4851.303757 -4626.124655 -0.892126 -0.106802 -0.438981 -0.172850 0.978417 0.113235 0.417413 0.176898 -0.891333
9.205207 -28.006001 -857.367807 99.901998 -0.590806 0.010154 -0.806750 0.011107 0.999928 0.004452 0.806737 -0.006331 -0.590877
6.960254 -28.473046 2887.217220 844.746510 -0.671645 0.125563 -0.730155 0.072262 0.991937 0.104110 0.737340 0.017162 -0.675303
13.418344 -30.242360 -1214.303501 208.645734 -0.592320 0.014235 -0.805577 0.077282 0.996238 -0.039219 0.801988 -0.085487 -0.591191
6.819040 -30.147899 -3730.608514 299.846139 -0.518349 -0.099417 -0.849371 -0.002142 0.993367 -0.114964 0.855167 -0.057772 -0.515123
3.701873 -28.561469 -2752.443632 414.864445 -0.529328 -0.109373 -0.841338 -0.076361 0.993773 -0.081147 0.844974 0.021292 -0.534384
29.628001 -59.401998 -3409.156233 -9645.132127 0.246370 0.890844 -0.381705 -0.629054 0.446597 0.636272 -0.737287 -0.083355 -0.670417
25.069958 -47.619304 109.164842 -13761.977741 0.266350 0.928948 -0.257124 -0.665953 0.370207 0.647652 -0.696824 0.001270 -0.717241
25.313291 -76.713238 -1103.120869 -26456.754809 0.305315 0.866949 -0.393931 -0.572146 0.497699 0.651878 -0.761204 -0.026358 -0.647977
25.924039 -147.711565 3672.118799 21029.284117 0.469595 0.341060 -0.814345 0.711278 -0.692574 0.120101 -0.523033 -0.635625 -0.567818
14.604874 -168.702106 4137.312038 27821.768128 0.498168 0.398131 -0.770273 0.721886 -0.682543 0.114088 -0.480323 -0.612884 -0.627426
20.778397 -166.411749 -2289.570095 -13665.554907 -0.444009 -0.368268 0.816844 -0.614229 0.788827 0.021762 -0.652363 -0.492067 -0.576448
16.859788 -133.729102 4664.561595 32538.487168 0.522074 0.374359 -0.766351 0.784583 -0.563154 0.259396 -0.334467 -0.736690 -0.587724
24.005168 -147.755482 -2163.891492 -5752.164955 -0.424017 -0.269603 0.864595 -0.593252 0.804011 -0.040233 -0.684297 -0.529982 -0.500856
29.977360 -139.774576 2251.468606 12938.873454 0.435153 0.249579 -0.865074 0.685066 -0.715242 0.138253 -0.584232 -0.652794 -0.482218
27.363140 -122.688707 3671.716269 23040.534915 0.478240 0.319725 -0.817963 0.773930 -0.593665 0.220443 -0.415114 -0.738470 -0.531359
-81.646542 -137.281272 27127.849965 22917.846290 -0.268885 0.374045 -0.887576 0.661610 -0.597978 -0.452432 -0.699981 -0.708881 -0.086684
-61.102244 -129.934857 -20691.482863 17125.340347 0.258608 -0.483676 0.836169 -0.422584 0.721746 0.548184 -0.868645 -0.495117 -0.017745
-50.600556 -113.559622 -18754.707934 -16212.538186 0.235396 -0.515290 0.824054 -0.596120 0.593112 0.541165 -0.767613 -0.618623 -0.167558
-68.772165 -102.728316 15798.877591 18469.327052 0.068562 0.195183 -0.978367 0.827765 -0.558526 -0.053417 -0.556869 -0.806196 -0.199859
-51.071702 -85.950717 -4647.308313 -22411.442432 0.229512 -0.489874 0.841039 -0.679417 0.538105 0.498833 -0.696933 -0.685905 -0.209327
153.996833 -51.164848 48765.267182 33248.416437 0.270726 -0.185405 0.944633 0.187571 0.972630 0.137143 -0.944206 0.140057 0.298093
88.668075 -29.305296 64865.069413 33675.198458 0.476193 -0.163022 0.864097 0.205418 0.976099 0.070949 -0.855011 0.143716 0.498299
176.882732 -84.043446 91308.394581 35056.089368 0.431466 -0.106548 0.895815 0.119109 0.991036 0.060505 -0.894231 0.080594 0.440289
132.089153 -6.262303 49489.517215 40997.155397 0.352087 -0.263571 0.898090 0.295832 0.941679 0.160386 -0.887985 0.209214 0.409526
-35.762566 -56.777678 2801.662983 -2286.912209 -0.388063 0.920385 0.047946 -0.881451 -0.385835 0.272352 -0.269168 -0.063428 -0.961002
-32.353833 -54.308177 2820.718069 -3253.787980 -0.359403 0.925833 0.116888 -0.891014 -0.377687 0.251884 -0.277350 0.013621 -0.960673
-35.287875 -56.904107 3613.437153 -750.366730 -0.244246 0.969156 0.032877 -0.954281 -0.246246 0.169441 -0.172311 -0.010011 -0.984992
-32.480757 -56.566012 2665.678895 -3257.339218 -0.463707 0.874821 0.140227 -0.807547 -0.482435 0.339300 -0.364477 -0.044096 -0.930168
-39.419285 -60.069005 3083.761872 291.431558 -0.292910 0.954982 -0.047051 -0.940468 -0.278887 0.194273 -0.172406 -0.101154 -0.979818
-36.049586 -58.326633 1980.707210 -270.207249 -0.505087 0.859497 0.078431 -0.786070 -0.495643 0.369367 -0.356343 -0.124910 -0.925968
-39.843165 -58.661445 1188.034878 2027.460460 -0.420891 0.906359 -0.036936 -0.865068 -0.388798 0.317009 -0.272963 -0.165378 -0.947703
52.151039 -25.402235 16749.635916 2210.311575 -0.051171 0.992679 0.109408 0.038699 -0.107498 0.993452 -0.997940 -0.055070 0.032915
27.201860 -25.098981 10249.461070 2924.610604 -0.001373 0.997864 0.065316 0.024348 -0.065263 0.997571 -0.999703 -0.002960 0.024206
26.746198 -20.048615 10000.204665 1231.692307 -0.002868 0.999928 0.011668 0.066459 -0.011452 0.997723 -0.997785 -0.003637 0.066422
25.892548 -19.211126 10182.944056 -1264.432104 -0.003108 0.996951 -0.077965 0.102646 0.077871 0.991665 -0.994713 0.004921 0.102575
56.274132 -22.296773 19491.131931 307.765230 -0.035861 0.997791 0.055914 0.083177 -0.052776 0.995136 -0.995889 -0.040338 0.081101
5.554604 4.037027 2844.805079 -4160.199516 0.382605 0.712300 0.588423 -0.639620 0.663793 -0.387642 0.666708 0.228053 -0.709572
0.668560 -9.236065 -647.856001 -4524.394946 -0.161459 0.970883 0.176967 -0.728705 0.003640 -0.684818 0.665522 0.239527 -0.706899
7.740361 -0.086814 -2055.550951 -2357.454971 -0.503436 -0.579990 -0.640441 -0.558744 0.783915 -0.270705 0.659058 0.221560 -0.718717
36.883785 -42.084002 7762.733837 21.030908 0.037238 0.871762 0.488513 0.998481 -0.012591 -0.053642 -0.040612 0.489768 -0.870906
23.865464 -41.453193 7153.493485 107.944436 0.034312 0.848954 0.527352 0.998812 -0.010855 -0.047512 -0.034611 0.528355 -0.848318
35.531856 -43.084624 7856.104948 942.999804 0.055850 0.868866 0.491887 0.989765 0.016620 -0.141738 -0.131327 0.494768 -0.859045
33.147643 -45.321580 8313.298151 1581.797463 0.072374 0.865831 0.495075 0.970902 0.052450 -0.233664 -0.228280 0.497580 -0.836840
39.274444 -46.168166 2798.447051 1548.652988 0.056057 0.917081 0.394741 0.970080 0.043514 -0.238854 -0.236225 0.396319 -0.887203
-59.493840 -98.562658 -27.061154 696.020163 0.666039 0.121410 0.735970 -0.250350 0.965818 0.067235 -0.702650 -0.229031 0.673668
-56.800058 -97.216308 1410.804747 5158.875608 0.738889 0.134503 0.660267 -0.186503 0.982417 0.008583 -0.647503 -0.129484 0.750982
-58.791166 -96.346937 848.739275 3981.145084 0.686823 0.132483 0.714648 -0.145625 0.988393 -0.043276 -0.712086 -0.074347 0.698144
3.882343 -70.539464 884.175155 8007.143779 0.001622 0.994764 -0.102183 -0.197547 -0.099850 -0.975195 0.980292 -0.021768 -0.196351
1.572213 -64.193958 1019.825939 10538.868413 0.001871 0.997919 -0.064450 -0.251378 -0.061911 -0.965907 0.967887 -0.018008 -0.250739
5.352794 -56.428112 316.576809 8781.238081 0.016074 0.996246 -0.085058 -0.342461 -0.074438 -0.936578 0.939394 -0.044183 -0.339979
5.410041 -62.232777 150.185822 6986.961324 0.023428 0.993305 -0.113117 -0.294648 -0.101261 -0.950226 0.955319 -0.055592 -0.290303
5.219707 -72.816441 551.883271 5420.789241 0.014754 0.994106 -0.107407 -0.136273 -0.104417 -0.985153 0.990561 -0.029172 -0.133929
5.084128 -195.900783 -497.390826 3892.853824 -0.098468 0.985986 -0.134668 -0.386767 0.086768 0.918086 -0.916905 -0.142487 -0.372803
6.742475 -187.346273 -917.108655 -11927.246437 -0.077011 0.984697 -0.156333 -0.686022 0.061448 0.724982 -0.723494 -0.163080 -0.670792
8.723916 -200.976212 -1028.975131 6779.750940 -0.077509 0.986038 -0.147381 -0.396383 0.105163 0.912042 -0.914807 -0.129111 -0.382698
1.897597 -124.004975 777.057382 -2699.875971 0.739435 0.444712 -0.505438 0.535280 0.066970 0.842016 -0.408304 0.893166 0.188525
0.565122 -126.038830 1315.977831 -3193.268785 0.735141 0.443961 -0.512314 0.613228 -0.113334 0.781733 -0.288997 0.888850 0.355566
5.140768 -121.682601 853.394130 -2529.656001 0.719191 0.457452 -0.522974 0.552497 0.079895 0.829677 -0.421320 0.885638 0.195281
-2.544929 -127.471153 939.784639 -3641.231295 0.754448 0.443089 -0.484232 0.591608 -0.139541 0.794058 -0.284268 0.885551 0.367411
6.010279 -120.447468 641.938416 -1258.926973 0.722561 0.457798 -0.518003 0.450936 0.255831 0.855107 -0.523987 0.851453 0.021584
3.743519 -122.505215 545.737613 -62.982945 0.741368 0.444712 -0.502598 0.440096 0.243223 0.864383 -0.506645 0.862017 0.015398
-0.214069 -125.364948 536.591786 -1781.526719 0.759764 0.441520 -0.477304 0.515040 0.039383 0.856261 -0.396854 0.896387 0.197479
-3.622289 -90.723503 1214.567571 1622.296417 0.725977 0.396076 -0.562211 -0.173651 0.896585 0.407407 0.665434 -0.198140 0.719679
-2.211161 -79.866403 1075.606620 -364.994418 0.711890 0.439034 -0.548144 -0.211603 0.878328 0.428677 0.669654 -0.189182 0.718174
-1.739085 -90.925925 1673.709217 -1735.096279 0.709282 0.456317 -0.537303 -0.313708 0.886902 0.339104 0.631274 -0.071964 0.772214
-4.268492 -81.871544 568.148582 3545.480309 0.723777 0.363819 -0.586330 -0.062630 0.880841 0.469251 0.687186 -0.302911 0.660318
-5.239206 -100.665793 1256.456537 185.623566 0.724976 0.430580 -0.537598 -0.292567 0.899110 0.325586 0.623550 -0.078759 0.777806
-4.202791 -92.344560 601.331817 2396.101867 0.734898 0.337850 -0.588033 -0.027443 0.881182 0.471980 0.677622 -0.330720 0.656850
-5.510786 -101.147103 580.541712 1089.225938 0.740141 0.378926 -0.555524 -0.150277 0.898428 0.412605 0.655445 -0.221904 0.721907
-12.782571 -95.900415 102.256090 -1.882216 -0.203452 0.976791 0.066979 -0.885111 -0.154249 -0.439075 0.418553 0.148614 -0.895950
-13.791400 -93.468536 54.707886 -2572.587183 -0.204051 0.977668 0.050293 -0.774028 -0.129669 -0.619732 0.599370 0.165385 -0.783201
-13.123622 -93.364851 -165.537349 572.239356 -0.156435 0.987379 0.024715 -0.895077 -0.131143 -0.426192 0.417571 0.088793 -0.904295
-12.592193 -94.996527 345.940744 -3653.887041 -0.248135 0.964984 0.085059 -0.761747 -0.140119 -0.632541 0.598474 0.221749 -0.769842
-12.010312 -99.540047 380.028361 -886.599820 -0.243574 0.964633 0.100769 -0.873731 -0.173136 -0.454552 0.421029 0.198762 -0.885002
-11.689355 -93.536566 23.608348 2805.142061 -0.173612 0.982738 0.063919 -0.962943 -0.155796 -0.220156 0.206397 0.099772 -0.973368
-10.939220 -97.058181 336.311266 2698.596590 -0.213083 0.971385 0.104915 -0.954904 -0.184327 -0.232769 0.206770 0.149783 -0.966856
2.149137 -164.352514 -181.912241 -18241.832564 -0.018209 0.989036 0.146546 0.898402 0.080510 -0.431732 0.438797 -0.123796 0.890018
2.417942 -174.910418 -167.657325 7933.278899 -0.019978 0.989494 0.143187 0.761242 0.107899 -0.639428 0.648160 -0.096225 0.755400
1.157531 -165.388348 191.722998 180.735269 -0.016368 0.989711 0.142138 0.835924 0.091544 -0.541157 0.548601 -0.109959 0.828822
8.559026 -145.547101 -2468.118314 17088.061779 0.732178 0.309950 -0.606504 -0.536141 -0.286927 -0.793868 0.420081 -0.906424 0.043905
7.700582 -141.228359 -1750.568525 11680.402744 0.728099 0.300109 -0.616284 -0.523374 -0.337209 -0.782541 0.442665 -0.892314 0.088452
5.981600 -152.907335 -3626.411717 9867.920425 0.751398 0.311195 -0.581859 -0.410989 -0.469151 -0.781656 0.516227 -0.826472 0.224621
7.599272 -157.165248 792.012489 21701.234430 0.733680 0.375744 -0.566154 -0.456336 -0.344877 -0.820254 0.503459 -0.860161 0.081563
-2.200974 -167.279144 864.557505 -1638.383324 0.745789 0.399821 -0.532861 -0.180580 -0.648598 -0.739399 0.641240 -0.647660 0.411518
2.578815 -149.373691 -2129.003047 -114.491893 0.750393 0.337936 -0.568075 -0.284647 -0.610445 -0.739144 0.596562 -0.716349 0.361881
-0.905717 -107.839982 383.623574 4589.642671 -0.744204 -0.306652 0.593401 -0.473067 0.869156 -0.144136 -0.471558 -0.387985 -0.791897
-1.982558 -105.661507 87.929534 4201.860373 -0.747194 -0.313726 0.585898 -0.478316 0.865910 -0.146334 -0.461426 -0.389584 -0.797063
-0.741282 -114.028535 -701.336637 3266.155703 0.752868 0.290318 -0.590682 -0.529511 0.800197 -0.281608 -0.390906 -0.524787 -0.756169
110.364482 -36.664937 30802.905939 15098.742732 0.688111 0.511927 -0.514231 -0.010188 0.715439 0.698600 0.725534 -0.475476 0.497518
523.891841 -7.529409 181250.846678 -2695.558634 0.756287 0.538629 -0.371360 -0.103330 0.658836 0.745156 0.646028 -0.525180 0.553926
109.915539 -19.252967 36375.142507 2289.033671 0.694910 0.565394 -0.444330 -0.093181 0.683491 0.723988 0.713034 -0.461703 0.527648
-10.758882 -89.477584 976.331509 17250.135167 0.744647 0.396346 -0.537039 0.641205 -0.648230 0.410675 0.185356 0.650160 0.736842
-7.281046 -86.767679 2283.357469 20891.035671 0.769681 0.342975 -0.538478 0.606268 -0.656979 0.448127 0.200073 0.671377 0.713599
-12.580403 -117.317201 125.270966 20968.912619 0.719778 0.428361 -0.546284 0.691844 -0.507459 0.513651 0.057188 0.747658 0.661617
-14.590478 -103.963957 8081.621810 -8383.056226 0.509970 0.729950 -0.455086 0.297833 0.346490 0.889516 -0.806986 0.589167 0.040704
-21.880697 -99.668040 7025.310390 -7801.909328 0.480486 0.743950 -0.464404 0.292159 0.363507 0.884594 -0.826907 0.560715 0.042692
-16.614136 -105.535888 7317.261232 2084.632130 0.493382 0.727856 -0.476235 0.426203 0.274983 0.861821 -0.758238 0.628180 0.174543
-19.538003 -92.406088 6462.949991 -15304.632218 0.489874 0.742174 -0.457385 0.163438 0.437163 0.884407 -0.856336 0.508002 -0.092856
-6.540659 -108.622017 6186.209470 2173.565124 0.508857 0.725321 -0.463654 0.424558 0.257092 0.868133 -0.748876 0.638603 0.177118
-12.014515 -93.944476 7302.255943 -15348.487708 0.510422 0.730732 -0.453321 0.181545 0.423712 0.887417 -0.840542 0.535256 -0.083611
-4.730110 -107.047184 6856.810061 -8326.374300 0.520236 0.723969 -0.453016 0.312414 0.332354 0.889909 -0.794828 0.604492 0.053276
154.626014 -187.547598 -48805.252634 -59162.256140 0.778732 0.427967 -0.458716 -0.463510 -0.100251 -0.880402 0.422770 -0.898217 -0.120299
152.830626 -188.418927 -20971.435540 -59975.726030 0.693711 0.597317 -0.402464 -0.470584 -0.047143 -0.881095 0.545266 -0.800618 -0.248384
159.434799 -234.964581 -47398.545527 -55636.609338 0.769054 0.445371 -0.458477 -0.541470 0.072784 -0.837563 0.339657 -0.892383 -0.297130
115.551448 -229.694916 -35668.036798 -51168.178693 0.823883 0.297390 -0.482468 -0.511984 0.025417 -0.858619 0.243082 -0.954418 -0.173199
105.636818 -191.170064 -31352.521119 -61474.984783 0.820151 0.297303 -0.488839 -0.460045 -0.165298 -0.872373 0.340163 -0.940366 -0.001203
46.660082 -54.947295 6942.639522 15594.536359 -0.298535 -0.262295 -0.917648 0.651163 0.646965 -0.396765 0.697756 -0.715987 -0.022345
43.491052 -63.233786 -11826.479675 14614.396372 -0.418288 -0.341105 -0.841833 0.610408 0.580767 -0.538621 0.672635 -0.739160 -0.034715
34.968961 -69.704937 20320.081842 16371.104279 -0.218124 -0.206156 -0.953898 0.712718 0.634057 -0.300007 0.666674 -0.745299 0.008628
56.056295 -68.537287 21563.768038 33424.003610 -0.178338 -0.200817 -0.963259 0.686171 0.676264 -0.268023 0.705241 -0.708759 0.017191
16.785461 -49.382102 2654.692209 1481.703199 0.066952 0.995237 0.070851 -0.357457 -0.042371 0.932968 -0.931527 0.087790 -0.352918
16.631225 -48.305780 -2020.903409 1392.987056 0.033335 0.999275 0.018412 -0.345639 -0.005759 0.938350 -0.937775 0.037644 -0.345197
21.218208 -52.276871 2961.733973 114.406784 0.071618 0.995817 0.056740 -0.487841 -0.014646 0.872810 -0.869990 0.090189 -0.484751
14.291391 -43.654487 -1304.700404 2591.817379 0.033934 0.998676 0.038675 -0.219347 -0.030311 0.975176 -0.975057 0.041575 -0.218028
15.724162 -52.516387 5555.815746 441.629289 0.081820 0.991275 0.103338 -0.494797 -0.049603 0.867591 -0.865148 0.122118 -0.486422
10.244863 -49.955561 3972.637136 1693.313530 0.073149 0.990873 0.113224 -0.365729 -0.078968 0.927365 -0.927842 0.109245 -0.356615
12.617013 -45.059476 2490.230815 2556.316698 0.065318 0.993965 0.088132 -0.230880 -0.070871 0.970398 -0.970787 0.083733 -0.224857
-16.917844 -47.121266 197.438966 1188.232884 -0.262604 0.964650 0.022110 -0.962865 -0.260491 -0.070960 0.062693 0.039923 -0.997234
-18.920200 -49.724645 -544.730382 2042.804259 -0.278046 0.960539 -0.007379 -0.946307 -0.275229 -0.169567 0.164907 0.040165 -0.985491
-16.571507 -45.371994 -1043.715622 740.618221 -0.172684 0.984961 -0.005706 -0.982504 -0.172657 -0.069826 0.069761 0.006452 -0.997543
-12.472833 -42.567938 217.474392 825.146003 -0.137961 0.990319 0.015313 -0.988779 -0.138608 0.055706 -0.057289 0.007456 -0.998330
-14.421142 -43.795809 -230.533844 -45.435124 -0.098427 0.995040 -0.014378 -0.993973 -0.099002 -0.047087 0.048277 -0.009656 -0.998787
-21.753436 -49.925061 13.823645 903.962325 -0.692735 -0.579537 -0.429248 -0.224249 0.738781 -0.635543 0.685442 -0.344005 -0.641740
-21.663525 -52.524141 472.325016 404.713433 -0.725537 -0.534600 -0.433357 -0.130066 0.724886 -0.676478 0.675780 -0.434445 -0.595465
-22.453164 -50.645032 -471.527535 958.143939 -0.715261 -0.601393 -0.355989 -0.327061 0.738216 -0.589974 0.617603 -0.305555 -0.724709
-20.776985 -47.213497 -806.131088 1093.346799 -0.663287 -0.664807 -0.343632 -0.427370 0.713429 -0.555313 0.614333 -0.221474 -0.757327
-22.146846 -47.115427 -1680.190588 1325.745390 -0.673834 -0.678911 -0.291594 -0.506117 0.711620 -0.487280 0.538324 -0.180766 -0.823123
-23.598409 -50.179466 -419.257017 1138.705796 -0.723735 -0.631468 -0.278310 -0.430176 0.728190 -0.533561 0.539589 -0.266435 -0.798659
10.321850 -113.330162 -2007.689686 -31517.785392 0.034816 0.991036 0.128977 0.962394 0.001544 -0.271652 0.269416 -0.133584 0.953714
6.798787 -119.110321 -1517.534243 -25499.413527 0.040718 0.989265 0.140342 0.983453 -0.014865 -0.180551 0.176527 -0.145372 0.973502
13.597679 -85.193382 -2767.074453 -9742.284826 0.127013 0.987453 0.093832 0.975220 -0.107041 -0.193619 0.181145 -0.116099 0.976579
17.276850 -71.449199 -2569.825376 -10955.646497 0.107885 0.992628 0.055231 0.953008 -0.087441 -0.290051 0.283083 -0.083928 0.955416
-542.685908 -6041.640626 837513.081209 2955140.437490 0.799354 0.593030 -0.096689 0.514938 -0.593196 0.618836 -0.309632 0.544457 0.779547
157.896531 -8624.027818 228786.692984 8134744.152260 0.865041 0.493233 0.091786 0.367592 -0.747620 0.553119 -0.341438 0.444731 0.828031
-367.767796 -5651.149410 196247.120690 6261256.583978 0.747176 0.646720 -0.153236 0.353984 -0.192092 0.915312 -0.562515 0.738142 0.372454
-102.996689 -341.573635 27502.090080 -63591.615396 -0.303103 0.939758 -0.158061 0.495408 0.013701 -0.868552 0.814063 0.341566 0.469717
-104.466716 -307.147013 24749.901769 -80712.545710 -0.195136 0.943787 -0.266811 0.803064 -0.002419 -0.595888 0.563036 0.330545 0.757450
-171.817255 -302.501749 34487.334230 -26678.855937 -0.077082 0.952025 -0.296154 0.499247 -0.220260 -0.837997 0.863024 0.212449 0.458317
-46.620462 -349.151338 20648.743156 -112718.207432 -0.395107 0.898824 -0.189752 0.751704 0.197605 -0.629201 0.528045 0.391239 0.753725
-47.199650 -399.515254 20985.410022 -101586.934735 -0.439313 0.892497 -0.102247 0.451496 0.120962 -0.884036 0.776631 0.434532 0.456099
4.026496 -86.869017 -3688.413464 21325.008297 0.919149 0.251458 0.303205 0.329901 -0.070802 -0.941357 0.215244 -0.965275 0.148033
-4.592655 -146.786101 -4814.768634 50582.726858 0.943174 0.235684 0.234257 0.273855 -0.151996 -0.949684 0.188219 -0.959870 0.207902
6.047359 -126.990560 -4758.532287 35278.596674 0.950009 0.227609 0.213724 0.259349 -0.194134 -0.946071 0.173843 -0.954205 0.243459
-49.944123 -79.627907 -384.768806 13007.272231 -0.355196 0.933380 -0.051362 0.926954 0.344585 -0.148386 0.120802 0.100316 0.987595
-45.755352 -73.201862 960.704388 5400.770701 -0.003413 -0.984007 0.178098 0.997897 -0.014880 -0.063093 0.064734 0.177508 0.981988
-41.646694 -66.151706 1199.294147 4400.662583 -0.243130 -0.930817 0.272887 0.961017 -0.269336 -0.062479 0.131655 0.247059 0.960015
45.448713 -56.205302 1784.278889 865.963306 0.149179 0.988810 -0.000188 0.038061 -0.005932 -0.999258 0.988077 -0.149061 0.038520
44.741479 -51.193207 -5560.280757 -4777.702639 0.292652 0.953944 -0.065918 0.039535 -0.080948 -0.995934 0.955401 -0.288856 0.061403
-16.816234 -176.497043 -31186.865650 64501.356569 0.686276 0.718945 -0.110198 0.169643 -0.305547 -0.936943 0.707281 -0.624307 0.331653
27.457812 -97.411604 -18693.178013 34741.135628 0.385858 0.850421 0.357629 0.291997 0.255142 -0.921759 0.875130 -0.460094 0.149872
-9.464666 -189.316041 -1142.783550 82493.083025 0.474117 0.875679 -0.091650 0.142248 -0.178908 -0.973528 0.868895 -0.448529 0.209387
86.956167 -21.024828 -25842.325769 -4249.984183 0.404460 -0.736189 0.542622 0.907016 0.398921 -0.134846 -0.117191 0.546706 0.829083
69.124603 -26.029087 -16937.300730 -3729.957689 0.503877 -0.684705 0.526582 0.859363 0.458920 -0.225584 -0.087200 0.566191 0.819649
100.383773 -27.169581 -6909.241246 -7420.516041 0.458589 -0.812711 0.359439 0.887167 0.442050 -0.132390 -0.051295 0.379595 0.923730
67.844697 -20.240472 -31406.509543 -1768.894716 0.414472 -0.652577 0.634315 0.898565 0.403891 -0.171619 -0.144199 0.641105 0.753785
99.141063 -19.314456 -19167.529256 -4724.870274 0.400692 -0.792711 0.459407 0.907396 0.412740 -0.079238 -0.126803 0.448614 0.884684
9.541892 -18.606241 4161.146081 -669.202771 0.274331 -0.796318 0.539092 0.901926 0.407526 0.143008 -0.333574 0.446990 0.830017
14.966602 -14.320372 891.627064 -874.837726 0.167549 -0.811059 0.560455 0.916397 0.337746 0.214809 -0.363515 0.477609 0.799842
-0.603382 -22.685630 8022.113991 -1128.960133 0.202304 -0.849864 0.486626 0.915198 0.340915 0.214916 -0.348548 0.401881 0.846762
12.609995 -15.411226 -166.632651 -336.556486 0.245398 -0.772146 0.586149 0.910029 0.391869 0.135223 -0.334106 0.500229 0.798839
0.607705 -25.851478 6267.617218 -69.530545 0.420113 -0.736342 0.530383 0.858483 0.511921 0.030712 -0.294129 0.442422 0.847202
8.434609 -19.700314 2453.217216 -305.908571 0.407773 -0.716986 0.565377 0.863170 0.504614 0.017375 -0.297755 0.480932 0.824649
54.176270 -103.598152 -19010.583112 15539.602783 0.872258 -0.488288 0.027213 -0.226462 -0.353970 0.907425 0.433452 0.797672 0.419332
66.476955 -80.572741 -15017.417949 8589.874980 0.855330 -0.517730 0.019153 -0.297011 -0.459725 0.836922 0.424494 0.721533 0.546988
58.663437 -66.613411 -19767.250460 1774.430116 0.857919 -0.501984 0.109484 -0.396796 -0.511985 0.761856 0.326385 0.697054 0.638427
9.356603 -38.105492 1690.078524 1946.909058 -0.020822 0.991966 -0.124780 0.934851 0.063562 0.349304 -0.354429 0.109378 0.928664
9.449482 -39.252028 1929.566543 385.076201 0.034108 0.993503 -0.108578 0.894964 0.017993 0.445776 -0.444833 0.112378 0.888535
3.589507 -36.702240 3536.556542 583.331541 0.080037 0.990501 -0.111815 0.885071 -0.019017 0.465068 -0.458524 0.136187 0.878185
-5.814422 -105.083278 -1504.702829 8094.920311 -0.028850 0.958489 -0.283668 -0.487919 0.234178 0.840890 -0.872412 -0.162667 -0.460909
-8.047600 -116.539859 -1798.284793 2822.370863 -0.008842 0.952415 -0.304674 -0.684242 0.216424 0.696400 -0.729201 -0.214629 -0.649769
-6.072959 -78.588137 -296.178334 11385.540985 -0.039678 0.979068 -0.199626 -0.269921 0.181854 0.945554 -0.962065 -0.091401 -0.257055
-0.678950 -120.282447 -2326.780477 1027.061504 -0.033732 0.942759 -0.331765 -0.698432 0.215207 0.682553 -0.714881 -0.254739 -0.651194
-3.013992 -89.154578 -1706.475135 14145.478049 -0.052554 0.965477 -0.255130 -0.268996 0.232353 0.934694 -0.961706 -0.117751 -0.247499
-0.045820 -111.563635 -2247.590499 8854.904896 -0.048571 0.949108 -0.311184 -0.495148 0.247695 0.832752 -0.867450 -0.194529 -0.457918
-3.808715 -93.577614 -1012.437449 -1456.305789 0.209747 0.858327 -0.468275 0.970266 -0.241884 -0.008765 -0.120791 -0.452513 -0.883539
-4.207267 -93.981156 -921.774496 -44.543161 0.228319 0.857080 -0.461827 0.971980 -0.173428 0.158674 0.055902 -0.485115 -0.872661
-7.452182 -91.463352 -1344.985938 -447.884572 0.183051 0.870115 -0.457594 0.943959 -0.285599 -0.165455 -0.274653 -0.401663 -0.873632
-1.039403 -99.072697 -557.034090 -1533.071614 0.242062 0.853362 -0.461714 0.969505 -0.193959 0.149797 0.038277 -0.483894 -0.874289
-3.415636 -94.983733 -1030.248691 -476.537113 0.186306 0.863701 -0.468305 0.942365 -0.291921 -0.163492 -0.277916 -0.410855 -0.868309
-0.638277 -98.717383 -589.957431 -2238.700384 0.218744 0.857152 -0.466306 0.966984 -0.254446 -0.014105 -0.130740 -0.447825 -0.884511
18.646041 -33.726127 -8018.615030 -457.302699 -0.186414 0.800553 0.569530 0.859406 0.413785 -0.300338 0.476099 -0.433470 0.765136
3.608534 -33.423195 -3218.925617 519.086016 -0.286961 0.758444 0.585163 0.780665 0.539172 -0.315999 0.555171 -0.366137 0.746812
37.826181 -75.049769 -10415.377320 -6002.539646 0.574620 0.817281 0.043178 0.405212 -0.238269 -0.882627 0.711066 -0.524671 0.468086
15.209359 -88.038102 -16458.040641 -9989.052364 0.650066 0.759392 0.027155 0.399970 -0.311566 -0.861946 0.646094 -0.571183 0.506273
32.822979 -68.534708 -17612.038772 -5679.874859 0.640206 0.767937 -0.020249 0.411040 -0.364702 -0.835487 0.648986 -0.526560 0.549137
17.662831 -96.842237 -15102.894169 -3575.577206 0.625462 0.775207 0.088613 0.344576 -0.172535 -0.922767 0.700046 -0.607690 0.375031
46.705623 -60.915198 -4815.330163 -6847.243747 0.542730 0.839060 -0.037703 0.437096 -0.320489 -0.840378 0.717211 -0.439619 0.540689
33.024702 -85.525140 -13010.827086 2658.315391 0.582671 0.802825 0.126356 0.307246 -0.073664 -0.948775 0.752392 -0.591646 0.289587
-2.272126 -65.970951 390.415344 -387.777014 0.026800 0.996938 -0.073461 0.534424 0.047814 0.843863 -0.844791 0.061875 0.531506
-2.573658 -63.538050 -266.480913 -708.286218 0.020367 0.996438 -0.081837 0.550814 0.057128 0.832671 -0.834380 0.062036 0.547688
-3.230179 -57.075587 -603.103281 -1691.116462 0.001815 0.991117 -0.132980 0.370788 0.122834 0.920558 -0.928716 0.050979 0.367272
54.315356 -18.659161 -12461.501649 202.859259 -0.461438 0.886466 -0.035400 0.796995 0.431732 0.422381 -0.389710 -0.166689 0.905727
30.149817 -16.383522 -7761.273483 77.841662 -0.541021 0.840967 0.008401 0.750250 0.478098 0.456670 -0.380028 -0.253371 0.889597
52.172893 -17.649172 -12246.805861 -67.142449 -0.534263 0.844682 -0.032806 0.731566 0.481465 0.482704 -0.423526 -0.233891 0.875169
-4.309065 -82.789553 638.009764 -8357.955832 0.864614 -0.075797 0.496687 0.332653 -0.654500 -0.678949 -0.376544 -0.752253 0.540675
-3.591392 -91.849813 -1592.505194 -11283.130224 0.857375 -0.111307 0.502513 0.355975 -0.576926 -0.735145 -0.371740 -0.809177 0.455019
-5.817224 -100.199639 700.002841 -11759.056975 0.857205 -0.063304 0.511070 0.396616 -0.551854 -0.733590 -0.328474 -0.831535 0.447944
