10949
21884
-52.548158 -78.315022 -149.286372 5112.424641 0.243695 -0.963720 0.108888 0.967038 0.249998 0.048357 -0.073825 0.093515 0.992877
-38.551247 -77.877467 -4225.514715 11050.084381 -0.370422 0.928783 -0.012245 0.924130 0.367173 -0.105678 0.093656 0.050462 0.994325
-44.281637 -65.684324 221.597344 6976.278749 0.063704 -0.990896 0.118601 0.991673 0.049526 -0.118879 0.111923 0.125187 0.985800
-31.114554 -57.920246 -4765.585289 8117.941938 -0.204738 0.978728 0.013155 0.941777 0.200635 -0.269818 0.266718 0.042853 0.962822
-50.356633 -75.225800 -928.065833 3652.148360 -0.015492 -0.981592 0.190361 0.995478 0.002703 0.094955 -0.093722 0.190971 0.977111
-44.180531 -67.728809 -400.119775 5256.226976 -0.240702 -0.938239 0.248536 0.968897 -0.247425 0.004310 0.057450 0.241844 0.968613
-35.994805 -52.994371 -735.846974 4907.565207 0.274670 0.941238 -0.196540 0.932856 -0.310402 -0.182839 0.233102 0.133123 0.963297
-49.902380 -63.737684 986.984268 -2154.583327 -0.467656 0.428882 0.772889 0.535402 -0.558294 0.633760 0.703308 0.710189 0.031466
-47.636020 -61.629016 -2247.613685 -1826.008583 0.638985 -0.391252 -0.662283 0.472032 -0.480369 0.739210 0.607358 0.784963 0.122265
-49.585526 -65.985315 -837.991199 1841.454254 0.464684 -0.319347 -0.825885 -0.481759 0.691395 -0.538405 0.742951 0.648066 0.167432
-49.255823 -62.068940 -2005.725306 -576.458837 0.602398 -0.494242 -0.626771 0.524549 -0.346739 0.777573 0.601635 0.797181 -0.050378
-50.077779 -66.634436 -96.434020 683.122488 0.361571 -0.442123 -0.820850 -0.434409 0.699121 -0.567908 0.824958 0.561923 0.060719
-53.040421 -64.637342 1196.940362 -1072.879211 -0.476332 0.588278 0.653481 0.540376 -0.390427 0.745359 0.693615 0.708163 -0.131918
-52.326075 -66.897662 -217.069483 321.155162 0.361335 -0.542201 -0.758588 -0.503485 0.571304 -0.648163 0.784818 0.616141 -0.066558
5.943419 -136.257341 -2746.997010 1852.024706 0.752940 -0.185080 0.631527 0.378028 0.907152 -0.184849 -0.538680 0.377916 0.752997
1.884957 -137.589155 -1755.504725 -1419.761523 0.768130 -0.196896 0.609269 0.368084 0.914386 -0.168558 -0.523919 0.353736 0.774842
1.989118 -142.966337 -1554.574928 -2182.002697 0.770098 -0.199718 0.605856 -0.485513 -0.799544 0.353564 -0.413795 0.566430 0.712693
8.572590 -145.058078 -2419.282208 2311.132299 0.759915 -0.201759 0.617917 0.433013 0.866105 -0.249724 -0.484797 0.457335 0.745531
6.773416 -135.589209 -2866.909109 -5927.978929 0.765081 -0.205258 0.610344 0.222907 0.973656 0.048021 -0.604122 0.099310 0.790680
5.982249 -135.651611 -2796.263625 -4876.655838 0.753793 -0.180858 0.631733 -0.495623 -0.787716 0.365871 -0.431456 0.588892 0.683412
14.768679 -49.377897 -641.358270 -1006.572270 0.174347 0.984629 -0.010384 -0.032453 -0.004794 -0.999462 0.984149 -0.174590 -0.031119
12.134066 -48.980736 -1018.090567 27.015306 0.178453 0.983776 -0.018397 -0.159231 0.010423 -0.987186 0.970979 -0.179096 -0.158508
8.890321 -49.428300 -4486.548616 -1127.929263 0.250265 0.967615 -0.032999 -0.035957 -0.024771 -0.999046 0.967510 -0.251213 -0.028593
13.756505 -47.768128 -3131.519658 -802.104378 0.222267 0.974921 -0.011274 0.064161 -0.026163 -0.997597 0.972872 -0.221009 0.068367
-6.749413 -68.200615 -395.811056 -918.203202 0.103425 0.936960 0.333781 0.914446 -0.221583 0.338658 -0.391269 -0.270199 0.879717
-7.777337 -63.237568 -290.361897 -1861.916566 0.082959 0.951511 0.296216 0.820630 -0.233869 0.521412 -0.565406 -0.199828 0.800241
-6.696173 -65.689852 -461.183472 -2109.045418 0.067803 0.944954 0.320100 0.803622 -0.241865 0.543776 -0.591265 -0.220370 0.775785
-5.542087 -71.224912 -420.954548 -1330.854653 0.090501 0.931016 0.353579 0.904804 -0.225206 0.361403 -0.416100 -0.287213 0.862769
-5.319718 -70.215204 382.732062 1282.588443 -0.124652 -0.924123 -0.361190 0.977880 -0.176049 0.112950 -0.167967 -0.339121 0.925626
7.194583 -104.234316 687.700693 9260.281062 0.006144 0.929993 0.367525 0.184269 0.360186 -0.914501 0.982857 -0.073342 0.169156
8.471964 -94.347852 785.117098 6563.611524 -0.001780 0.943765 0.330611 -0.002320 0.330607 -0.943766 0.999996 0.002447 -0.001601
8.511672 -97.610017 7.368487 12092.584534 0.047758 0.934178 0.353598 0.124743 0.345652 -0.930034 0.991039 -0.088526 0.100025
-0.300109 -92.070468 -110.160799 -9809.877418 0.112515 0.962084 0.248463 0.737372 -0.248454 0.628135 -0.666051 -0.112535 0.737369
-1.915153 -110.644848 -227.677184 -10379.772758 0.119259 0.961362 0.248112 0.868221 -0.222202 0.443643 -0.481633 -0.162507 0.861174
0.126763 -91.840174 -12.761453 -8933.712364 0.096039 0.967387 0.234391 0.737691 -0.227270 0.635736 -0.668273 -0.111853 0.735459
0.528259 -76.961650 -48.594204 -4213.760509 0.105672 0.962286 0.250678 0.605706 -0.262215 0.751241 -0.788640 -0.072452 0.610571
2.570002 -91.964849 696.150261 -7827.023846 0.083991 0.972486 0.217295 0.740767 -0.206790 0.639142 -0.666491 -0.107283 0.737754
1.481907 -78.966624 162.743499 -3439.487177 0.095683 0.965730 0.241269 0.605428 -0.248856 0.755995 -0.790128 -0.073735 0.608491
-1.374801 -69.251063 -414.145377 -2831.337047 -0.020073 0.943860 0.329734 0.301008 -0.308793 0.902242 -0.953410 -0.117363 0.277911
-0.634680 -75.955698 -404.796382 -1548.181777 -0.003040 0.934742 0.355314 0.499584 -0.306377 0.810277 -0.866260 -0.179972 0.466051
-2.219667 -68.178399 -264.762170 -2209.335833 -0.006514 0.939616 0.342169 0.339556 -0.319767 0.884563 -0.940563 -0.121948 0.316969
0.061939 -78.406434 -453.349292 -2671.901870 -0.018221 0.939762 0.341343 0.457926 -0.295644 0.838390 -0.888803 -0.171586 0.424955
-2.034787 -61.765904 5.461512 -2566.323729 -0.007846 0.948960 0.315298 0.146981 -0.310789 0.939046 -0.989108 -0.053710 0.137041
-1.737834 -61.926383 -340.774363 -3043.788278 -0.025844 0.948948 0.314372 0.110348 -0.309847 0.944361 -0.993557 -0.059097 0.096706
-1.070388 -69.732733 -453.340400 -3939.344198 -0.037345 0.948595 0.314281 0.258161 -0.294666 0.920068 -0.965380 -0.115495 0.233886
3.128967 -20.036330 2448.009255 -2457.149288 0.833804 0.548936 0.058648 0.398261 -0.671678 0.624689 -0.382307 0.497512 0.778668
-1.778372 -14.515649 1578.673992 -2443.064060 0.861387 0.496546 0.107024 0.325231 -0.700995 0.634690 -0.390176 0.511906 0.765320
0.043902 -21.538535 1304.994912 -3629.278340 0.742964 0.666186 -0.064814 0.560413 -0.566192 0.604454 -0.365981 0.485410 0.793999
11.610217 -140.146858 2540.352086 -2529.743555 0.780539 -0.285598 0.556051 -0.575007 -0.676959 0.459450 -0.245205 0.678351 0.692614
10.008772 -122.482984 1365.866006 3131.743109 0.770736 -0.316674 0.552886 -0.595476 -0.666696 0.448247 -0.226659 0.674710 0.702418
9.529955 -120.117831 1423.425274 834.783539 0.788587 -0.283988 0.545418 -0.500126 -0.812262 0.300175 -0.357776 0.509492 0.782569
9.743257 -136.368046 2064.827311 -1529.294204 0.801427 -0.259694 0.538771 -0.440632 -0.865490 0.238267 -0.404424 0.428353 0.808056
11.583641 -147.477304 -468.301636 -3665.016369 0.770540 -0.241768 0.589759 -0.567009 -0.682649 0.460968 -0.291151 0.689593 0.663093
5.421268 -26.750042 -103.123148 -3671.569637 -0.160212 0.985499 0.055883 0.983564 0.164161 -0.075185 0.083268 -0.042919 0.995603
5.023909 -34.864404 182.494310 -3739.767528 -0.142090 0.988232 0.056634 0.978187 0.148944 -0.144797 0.151529 -0.034825 0.987839
3.067500 -23.939490 -657.977314 -3060.681987 -0.178832 0.980514 0.081313 0.981108 0.183917 -0.060019 0.073804 -0.069044 0.994880
6.638218 -34.434990 -561.586235 -3892.401618 -0.131040 0.990022 0.051825 0.981505 0.136917 -0.133795 0.139555 -0.033334 0.989653
6.343781 -19.198748 627.173591 -3083.270012 0.192284 -0.979001 -0.067700 0.980922 0.193757 -0.015845 0.028630 -0.063361 0.997580
8.093566 -24.961621 -1242.577000 -3787.832039 -0.156005 0.986004 0.058808 0.985760 0.159197 -0.054167 0.062771 -0.049520 0.996799
-8.696021 -396.726981 -1929.183429 62348.549655 -0.800260 -0.136759 -0.583850 0.137172 0.906080 -0.400253 0.583753 -0.400394 -0.706340
-20.107861 -359.076929 -426.083951 59616.865348 -0.771923 -0.040573 -0.634420 0.002811 0.997734 -0.067228 0.635710 -0.053678 -0.770060
-14.285367 -1206.408204 35580.509152 463472.691031 -0.764343 -0.012028 -0.644697 -0.021258 0.999753 0.006550 0.644459 0.018711 -0.764410
116.477174 -3486.836047 28310.152684 1236342.826920 -0.761617 -0.241853 -0.601204 -0.020693 0.936349 -0.350461 0.647697 -0.254477 -0.718144
-18.069632 -986.693853 3003.550264 188971.994011 -0.900582 0.331693 -0.280949 0.214421 0.901200 0.376645 0.378122 0.278958 -0.882727
386.859353 -133.700744 -111476.119411 -16959.804812 -0.497689 0.517101 0.696357 0.766931 -0.112633 0.631768 0.405120 0.848481 -0.340525
37.124847 -505.094109 7879.084531 -118447.913976 0.959158 0.056576 0.277157 0.132022 0.777001 -0.615500 0.250174 -0.626952 -0.737797
7.189617 -388.149434 8682.814024 -93651.977031 0.978953 0.106671 0.173991 0.063989 0.649115 -0.757994 0.193796 -0.753174 -0.628627
1.933363 -41.750605 -1795.527395 -3129.479861 -0.379226 -0.840783 0.386357 0.882940 -0.203913 0.422891 -0.276776 0.501501 0.819690
-6.996697 -45.856148 -3979.514537 -3284.238485 -0.364855 -0.836278 0.409293 0.888170 -0.180721 0.422486 -0.279348 0.517667 0.808694
-1.953239 -54.354779 -3104.620212 -3576.314094 -0.426281 -0.821542 0.378620 0.893860 -0.318275 0.315777 -0.138919 0.473043 0.870018
6.189761 -48.439745 -1687.205782 -4156.316982 -0.423050 -0.830620 0.362075 0.885658 -0.294642 0.358882 -0.191412 0.472500 0.860294
-19.926645 -35.663997 2908.417047 -1438.855975 -0.007124 0.912969 -0.407967 -0.208008 -0.400406 -0.892417 0.978101 -0.078503 -0.192757
-15.326417 -34.229842 1587.317589 -1048.559590 -0.016036 0.938130 -0.345912 -0.232445 -0.339976 -0.911255 0.972477 -0.065793 -0.223516
-15.266505 -32.446442 1892.276309 -576.037908 0.008478 0.965720 -0.259449 -0.155512 -0.255028 -0.954346 0.987798 -0.048438 -0.148019
-20.324137 -39.670677 1875.566177 -1715.607663 -0.048248 0.857039 -0.512987 -0.331568 -0.498205 -0.801158 0.942197 -0.131436 -0.308204
-8.749904 -52.865286 33143.338852 -330.862834 0.258507 0.942385 0.212331 -0.172523 -0.171230 0.970008 -0.950479 0.287385 -0.118319
8.478249 -47.604352 56623.015717 -737.138931 0.286758 0.924549 0.250956 -0.308158 -0.159015 0.937951 -0.907088 0.346299 -0.239309
-40.464341 -51.694260 7868.468420 -348.866858 0.046115 0.773029 0.632692 -0.369301 -0.575301 0.729826 -0.928165 0.267310 -0.258950
-29.108867 -73.206134 -1323.876356 5966.258678 -0.284517 0.909660 -0.302604 -0.120721 0.279140 0.952632 -0.951040 -0.307570 -0.030395
-33.348429 -82.489811 631.203679 1601.586245 -0.286140 0.881926 -0.374608 -0.261694 0.304163 0.915970 -0.921759 -0.360128 -0.143761
-36.371580 -81.816703 1733.145902 7678.618212 -0.351036 0.859151 -0.372336 -0.059488 0.376375 0.924556 -0.934470 -0.346702 0.081012
-66.290827 -97.417667 10135.843604 11247.941511 -0.294303 0.697348 -0.653522 -0.228727 0.612541 0.756622 -0.927938 -0.372155 0.020771
-64.447100 -103.597802 15864.542788 -5468.109157 -0.292503 0.953560 -0.071871 0.153150 0.120901 0.980779 -0.943921 -0.275874 0.181401
-31.589195 -69.407012 -459.201620 2336.803543 -0.331189 0.937335 -0.108243 0.166411 0.170943 0.971126 -0.928774 -0.303614 0.212597
-2.332224 -44.874569 -6492.335796 -235.447986 -0.208510 0.883612 -0.419230 -0.854716 0.043719 0.517252 -0.475378 -0.466174 -0.746121
-2.650929 -38.022006 805.788523 3713.601695 0.043489 0.866301 -0.497625 -0.738728 0.363220 0.567760 -0.672599 -0.342918 -0.655757
-7.787492 -58.907804 -11823.744556 13029.400616 -0.267765 0.825602 -0.496673 -0.748103 0.146697 0.647165 -0.607161 -0.544850 -0.578354
-17.535355 -58.503697 10019.339763 8343.847429 0.867575 -0.333262 0.369121 -0.055379 -0.802366 -0.594258 -0.494213 -0.495122 0.714568
-24.124192 -74.225955 7037.715265 -6547.431064 0.850329 -0.102380 0.516197 -0.089056 0.938752 0.332888 -0.518662 -0.329035 0.789130
-38.470023 -70.329985 6775.400557 -10076.313758 0.810456 -0.197247 0.551593 -0.115288 0.869485 0.480317 -0.574343 -0.452868 0.681939
-5.961779 -59.438847 10020.415948 -7794.892985 0.895917 -0.227703 0.381423 0.027155 0.885101 0.464606 -0.443390 -0.405891 0.799161
9.585963 -48.406638 20723.773485 19.799019 0.792050 -0.610192 0.017946 -0.357183 -0.487075 -0.796981 -0.495052 -0.624839 0.603737
25.205100 -35.224073 17537.078318 424.140828 0.774546 -0.627957 0.075814 -0.394101 -0.572866 -0.718685 -0.494735 -0.526777 0.691190
-13.173363 -53.259702 -2787.048825 -125.874759 -0.755176 -0.413028 -0.509036 0.078351 0.714096 -0.695649 0.650823 -0.565221 -0.506907
19.471342 -48.775955 -10341.449853 -1464.208352 -0.651547 -0.347157 -0.674513 0.306763 0.692636 -0.652803 0.693817 -0.632248 -0.344790
-12.669483 -51.271384 1578.269885 -2445.548081 0.784866 0.438439 0.437900 0.104205 0.603222 -0.790737 0.610841 -0.666254 -0.427761
-23.976076 -55.083197 -242.499624 -514.965863 -0.810146 -0.489019 -0.323300 -0.110195 0.668695 -0.735326 0.575778 -0.560096 -0.595628
-3.476146 -69.698370 -366.541843 -870.169241 0.024476 0.999337 -0.026952 0.306030 0.018175 0.951848 -0.951707 0.031546 0.305382
-3.088536 -72.533737 42.240455 -649.339174 0.020297 0.999686 -0.014703 0.321955 0.007387 0.946726 -0.946537 0.023950 0.321704
-3.595208 -71.325201 -256.335293 443.429362 0.041568 0.999124 0.004733 0.533429 -0.026198 0.845439 -0.844823 0.032619 0.534051
-2.281407 -67.667399 4.513579 -2288.171627 0.014362 0.998789 -0.047065 0.073728 0.045883 0.996222 -0.997175 0.017778 0.072980
-4.773473 -68.465758 -575.882991 320.872957 0.052147 0.998639 -0.000613 0.517067 -0.026475 0.855536 -0.854355 0.044931 0.517744
-5.014600 -66.850742 -660.476643 -964.912325 0.035451 0.998792 -0.034033 0.290587 0.022281 0.956589 -0.956192 0.043801 0.289446
-3.124030 -64.779067 -520.117021 -2247.182645 0.016548 0.997917 -0.062354 0.061166 0.061236 0.996247 -0.997990 0.020299 0.060025
-11.259687 -120.399068 -402.358340 -11857.202616 -0.009617 0.979243 0.202464 0.324524 -0.188457 0.926913 -0.945828 -0.074619 0.315975
-12.854438 -126.958119 -1907.493599 -5122.567435 -0.011990 0.973050 0.230284 0.590965 -0.178880 0.786614 -0.806608 -0.145521 0.572894
-9.322582 -117.978180 -670.229598 -12908.225780 -0.008157 0.988304 0.152281 0.325360 -0.141377 0.934962 -0.945555 -0.057173 0.320401
-5.428503 -92.363777 80.506243 -11051.806383 -0.010755 0.994075 0.108165 0.074619 -0.107072 0.991447 -0.997154 -0.018735 0.073025
-5.253696 -100.607866 878.051959 -9952.989078 0.014739 0.997821 0.064309 0.267534 -0.065906 0.961292 -0.963436 -0.003036 0.267922
-10.666660 -113.438904 2474.300194 -6486.094938 0.080155 0.992876 0.088163 0.535200 -0.117486 0.836515 -0.840914 0.019866 0.540804
41.887890 -32.607630 9918.306956 -924.471886 0.269391 0.950947 -0.152083 0.431797 -0.260430 -0.863555 0.860802 -0.166964 0.480774
12.489241 -32.931692 6025.558943 -1758.631530 0.187148 0.976735 -0.104707 0.529895 -0.190130 -0.826475 0.827156 -0.099190 0.553150
36.291557 -36.800703 10758.453348 -4312.043861 0.197170 0.968218 -0.153877 0.436639 -0.227258 -0.870460 0.877765 -0.104440 0.467570
-8.308581 -143.153079 72.391179 -2908.165862 0.937474 0.186094 0.294129 0.294922 0.024053 -0.955218 0.184835 -0.982238 0.032334
-4.760456 -148.834758 -2518.784295 96.391986 0.943308 0.148248 0.296973 0.303133 -0.020321 -0.952732 0.135206 -0.988741 0.064107
-7.494238 -147.194481 -481.532669 3276.768594 0.936182 0.176067 0.304244 0.265649 0.212451 -0.940370 0.230205 -0.961179 -0.152120
-7.704541 -143.064238 735.623049 -8266.598168 0.936998 0.202700 0.284514 0.323621 -0.196976 -0.925456 0.131547 -0.959225 0.250164
-5.782568 -38.226416 685.054627 1964.505199 0.140522 0.989111 0.043733 0.714634 -0.070758 -0.695911 0.685239 -0.129044 0.716795
-9.158277 -43.771129 -313.431813 2445.050133 0.138703 0.988987 0.051631 0.796963 -0.080520 -0.598638 0.587888 -0.124181 0.799354
-7.991792 -42.339656 12.197019 2333.937208 0.134722 0.987316 0.084001 0.783216 -0.054175 -0.619384 0.606978 -0.149236 0.780581
3.397459 -60.467550 837.564490 1126.954502 0.083834 0.978459 -0.188652 -0.857035 0.167387 0.487312 -0.508393 -0.120828 -0.852606
1.166194 -64.192405 1072.619997 65.339059 0.111590 0.976822 -0.182664 -0.933194 0.166190 0.318637 -0.341609 -0.134904 -0.930110
1.240555 -62.037970 789.994259 1663.603108 0.091490 0.979342 -0.180327 -0.843790 0.172407 0.508227 -0.528818 -0.105661 -0.842133
15.352990 -123.777021 -4704.537162 11291.333200 0.282635 0.940294 0.189646 0.116143 0.162706 -0.979815 0.952170 -0.298956 0.063222
11.283717 -133.089807 -3751.030031 3741.309616 0.265006 0.946208 0.185641 0.364740 0.079852 -0.927679 0.892601 -0.313551 0.323958
22.024243 -128.918713 -2264.807952 6406.251464 0.184227 0.961438 0.204199 0.349593 0.130074 -0.927829 0.918611 -0.242317 0.312149
26.213473 -118.417529 -1683.123389 13242.763258 0.159988 0.961510 0.223389 0.133115 0.203222 -0.970042 0.978102 -0.184931 0.095478
24.749309 -101.195040 -5190.996227 15701.016816 0.277666 0.935667 0.217782 -0.097912 0.253078 -0.962478 0.955675 -0.245924 -0.161884
9.680083 -104.624056 -6791.218816 12637.265849 0.354423 0.925791 0.131513 -0.118915 0.184125 -0.975683 0.927493 -0.330166 -0.175348
-0.023416 -82.883366 -1096.334732 -8005.341061 0.809332 0.390352 0.438871 -0.583190 0.445275 0.679426 -0.069797 0.805826 -0.588024
-3.615612 -69.073307 -1199.452390 -6321.708371 0.856274 0.340608 0.388306 -0.516286 0.587116 0.623493 0.015614 0.734357 -0.678583
5.242224 -83.547855 -389.259211 -6945.006687 0.878986 0.303543 0.367757 -0.473831 0.469385 0.745092 -0.053547 0.829180 -0.556411
-36.025063 -371.872332 5561.551061 -103166.162204 0.543486 0.485810 0.684552 0.839262 -0.330213 -0.431970 0.016193 0.809289 -0.587188
-20.973108 -252.087600 5446.781286 -63150.381682 0.551630 0.429840 0.714802 0.833397 -0.249154 -0.493327 -0.033956 0.867848 -0.495668
-29.547072 -262.892664 7662.050613 -50638.497703 0.584715 0.430684 0.687473 0.789239 -0.498023 -0.359270 0.187646 0.752651 -0.631114
-32.507942 -265.977011 4952.382896 -63196.024275 0.556862 0.516858 0.650202 0.820644 -0.463231 -0.334604 0.128251 0.719913 -0.682112
19.479274 -166.674413 -3488.721615 -32635.699362 0.332380 0.943103 0.008947 0.699616 -0.240184 -0.672940 0.632503 -0.229931 0.739643
30.132386 -277.904255 -7531.745406 -75476.945362 0.389872 0.917967 -0.073052 0.485078 -0.272153 -0.831043 0.782751 -0.288564 0.551390
9.033120 -187.088119 -1642.500938 -23223.102512 0.331181 0.943562 -0.003085 0.596120 -0.211764 -0.774466 0.731410 -0.254649 0.632608
1.186524 -173.251764 -784.167024 2324.247481 0.338730 0.940800 0.012523 0.400247 -0.132036 -0.906846 0.851507 -0.312188 0.421277
3.206760 -161.405202 -1022.130648 -17676.621965 0.337589 0.940533 0.037827 0.697765 -0.223074 -0.680707 0.631790 -0.256193 0.731578
-134.421640 -360.586920 48978.396206 -81837.575308 -0.646044 0.760224 0.068462 0.573941 0.542945 -0.613027 0.503209 0.356750 0.787090
-9.089981 -233.764687 9385.005075 -54522.323311 -0.453150 0.890265 0.045637 0.666463 0.372344 -0.645900 0.592015 0.262275 0.762056
-43.294684 -82.374488 -3747.320666 15004.744803 0.829181 -0.372839 -0.416474 0.210362 0.898421 -0.385471 0.517887 0.232015 0.823384
-73.025807 -424.222147 -13389.952926 145254.633274 0.836641 0.214842 -0.503860 -0.294272 0.952142 -0.082642 0.461991 0.217413 0.859823
32.095558 -30.375890 11400.769931 1577.978536 -0.064009 0.992100 0.107889 -0.001088 -0.108180 0.994131 -0.997949 -0.063516 -0.008004
30.040324 -33.425733 11394.296127 2234.965795 -0.057700 0.989692 0.131074 -0.075923 -0.135262 0.987897 -0.995443 -0.047050 -0.082945
18.245904 -30.596398 3791.016781 3174.164754 -0.066124 0.993416 0.093559 -0.015975 -0.094806 0.995368 -0.997684 -0.064323 -0.022139
11.958580 -35.716644 -2987.082752 3073.957599 -0.081539 0.994539 0.065143 -0.095737 -0.072874 0.992735 -0.992061 -0.074710 -0.101157
11.188699 -30.264157 -1152.721346 2603.069381 -0.067609 0.993227 0.094500 -0.018493 -0.095947 0.995215 -0.997541 -0.065538 -0.024854
-45.962624 -78.467751 -2580.523709 1374.552844 -0.334281 0.940440 -0.061881 0.926432 0.339944 0.161747 -0.173149 0.003260 0.984890
-21.824046 -78.473107 7363.412211 4499.632757 0.339931 -0.938596 -0.059033 0.940163 0.337606 0.045994 -0.023240 -0.071135 0.997196
-18.328798 -74.163367 -7989.507472 12673.753402 -0.283331 0.954222 0.095836 0.932856 0.297405 -0.203296 0.222492 -0.031802 0.974416
-47.512454 -64.572487 -1056.583372 -3001.007148 0.611275 -0.338191 -0.715520 0.438492 -0.607915 0.661939 0.658838 0.718377 0.223310
-45.164467 -61.821779 -1809.982008 92.669674 0.712952 -0.408840 -0.569691 0.464538 -0.333198 0.820477 0.525264 0.849605 0.047632
16.556358 -49.220265 1373.737670 -372.046569 0.086658 0.996221 0.005885 -0.085051 0.013283 -0.996288 0.992601 -0.085835 -0.085881
14.463159 -45.562336 359.955073 1647.675166 0.139116 0.990276 -0.001011 -0.291309 0.039948 -0.955794 0.946460 -0.133261 -0.294034
10.017081 -46.449769 -2376.872386 1727.287466 0.214494 0.975921 -0.039622 -0.284521 0.023624 -0.958379 0.934366 -0.216840 -0.282737
16.098240 -47.041138 921.007617 1320.281322 0.092240 0.995722 0.005525 -0.242719 0.027865 -0.969696 0.965702 -0.088103 -0.244250
-7.499645 -58.085765 -372.092075 -1765.325837 0.046451 0.961584 0.270552 0.691666 -0.226375 0.685822 -0.720722 -0.155275 0.675610
-8.231078 -56.167601 -114.924803 -1738.672881 0.068018 0.967376 0.244042 0.714338 -0.217984 0.664985 -0.696488 -0.129098 0.705860
7.218886 -98.817007 -646.026558 7405.217475 0.080920 0.926142 0.368393 0.323758 0.325140 -0.888518 0.942673 -0.191169 0.273536
5.490301 -97.839023 -73.955534 -2387.497369 0.076342 0.928208 0.364145 0.540499 0.268371 -0.797394 0.837874 -0.257694 0.481208
5.963609 -101.086158 -668.284190 -4414.359531 0.061566 0.919591 0.388024 0.586427 0.281256 -0.759604 0.807659 -0.274314 0.521957
-1.501784 -113.142545 -122.954461 -11235.239461 0.139461 0.956327 0.256882 0.866207 -0.243522 0.436329 -0.479830 -0.161662 0.862339
0.788286 -84.370977 -341.578225 -1087.893229 0.012812 0.928898 0.370113 0.649501 -0.289157 0.703233 -0.760253 -0.231379 0.607025
5.163652 -113.784046 480.395339 1859.508088 0.763661 -0.332894 0.553176 -0.609231 -0.655151 0.446784 -0.213683 0.678203 0.703122
7.314913 -117.708208 1686.320390 1161.417699 0.756405 -0.344919 0.555772 -0.648469 -0.506715 0.568091 -0.085673 0.790108 0.606951
6.304145 -109.645788 -138.009288 2946.633144 0.782596 -0.300493 0.545204 -0.516613 -0.802149 0.299447 -0.347353 0.516005 0.782997
2.813666 -117.793182 527.817041 2829.574284 0.756068 -0.340471 0.558964 -0.646383 -0.522466 0.556074 -0.102713 0.781734 0.615095
2.369774 -113.429695 -443.098290 2841.169726 0.770572 -0.324037 0.548834 -0.587993 -0.693702 0.415984 -0.245933 0.643256 0.725079
4.003443 -34.259642 -58.626556 -3604.039842 -0.119707 0.990345 0.069909 0.978075 0.129724 -0.162914 0.170410 -0.048875 0.984160
5.474261 -40.945390 48.946519 -3104.787481 -0.108537 0.992351 0.058810 0.963935 0.119521 -0.237791 0.243001 -0.030880 0.969534
7.403417 -41.332820 -739.319605 -2974.227545 -0.124899 0.990828 0.051570 0.963154 0.133561 -0.233442 0.238189 -0.020513 0.971002
5.070169 -394.118622 9520.023092 -39461.914349 0.848511 0.145981 0.508643 0.478491 -0.622156 -0.619652 -0.225998 -0.769162 0.597757
20.404585 -1453.884563 18388.428008 476023.176438 0.905989 -0.114843 0.407426 0.120391 -0.852839 -0.508106 -0.405821 -0.509389 0.758836
0.819617 -373.764099 2372.739198 -25158.241155 0.846198 0.124800 0.518048 0.420979 -0.752593 -0.506340 -0.326689 -0.646551 0.689381
7.832253 -611.547592 11065.155282 -162335.533117 0.835038 0.138371 0.532509 0.530628 -0.458348 -0.712988 -0.145418 -0.877936 0.456161
25.891063 -9.385923 5474.598944 -1039.295576 -0.897847 -0.022047 -0.439755 -0.138912 0.961923 0.235390 0.417820 0.272431 -0.866722
23.709869 -7.731036 6095.001182 -1737.027584 -0.906505 -0.035418 -0.420707 -0.136255 0.967698 0.212122 0.399604 0.249613 -0.882049
35.123135 -5.172308 1370.406902 -1199.869940 -0.818209 -0.085968 -0.568457 -0.218610 0.961010 0.169323 0.531736 0.262812 -0.805100
11.530015 -12.795800 6223.706239 -1670.986379 -0.927924 0.131884 -0.348659 0.018430 0.950410 0.310452 0.372313 0.281650 -0.884340
3.364967 -44.229741 -5481.948843 749.861036 0.811129 0.522071 0.263649 -0.302973 0.760654 -0.574119 -0.500277 0.385806 0.775162
13.856022 -46.871472 -5757.451616 3590.475339 0.766026 0.614751 0.187845 -0.452594 0.723319 -0.521506 -0.456468 0.314470 0.832313
-1.583243 -55.754682 -3957.576315 4225.888033 0.821600 0.521647 0.229908 -0.366714 0.792413 -0.487445 -0.436456 0.316174 0.842342
-28.240187 -52.868385 -6499.434112 -3495.895909 -0.414793 -0.835978 0.359288 0.866224 -0.241903 0.437194 -0.278572 0.492569 0.824484
-19.267661 -57.905847 -5373.789429 -2907.427578 -0.482587 -0.799265 0.358170 0.866859 -0.377431 0.325733 -0.125163 0.467677 0.874993
-11.958073 -40.828894 -5314.878624 -2566.242549 -0.242111 -0.847458 0.472437 0.890376 -0.000595 0.455225 -0.385503 0.530862 0.754701
-12.217403 -31.817382 1465.743032 -692.324545 -0.028386 0.968028 -0.249230 -0.199858 -0.249793 -0.947449 0.979414 -0.022916 -0.200559
-14.671515 -35.309418 939.921342 -1361.927518 -0.046857 0.922729 -0.382590 -0.287342 -0.379273 -0.879538 0.956681 -0.068722 -0.282911
84.166876 -775.782244 -14139.263364 -213569.391935 0.178207 0.982406 0.055867 -0.828883 0.180470 -0.529513 0.530279 -0.048056 -0.846460
42.429299 -299.651734 -5706.721629 -51477.549705 0.324223 0.927776 0.184693 -0.427510 0.317869 -0.846283 0.843869 -0.195426 -0.499694
95.092798 -974.649148 -4450.710384 -275199.328482 0.256799 0.906949 0.333913 -0.508142 0.420594 -0.751594 0.822099 -0.023334 -0.568867
48.855424 -285.552937 -4199.689093 -41268.633714 0.237010 0.932567 0.272297 -0.317227 0.339209 -0.885610 0.918256 -0.123519 -0.376231
57.201134 -411.642905 -1753.988464 -555.987618 0.173807 0.904676 0.389041 0.948086 -0.260555 0.182330 0.266316 0.337154 -0.902997
75.487029 -674.568695 1249.860688 -174436.356639 0.125023 0.860343 0.494145 -0.481875 0.488019 -0.727759 0.867275 0.147130 -0.475592
43.548260 -257.442210 1622.949563 -33884.043572 0.171021 0.899740 0.401522 -0.327350 0.436264 -0.838162 0.929298 -0.011905 -0.369140
13.241045 -510.030183 826.058825 -22683.048914 0.196349 0.856915 -0.476596 0.774252 0.162746 0.611594 -0.601648 0.489091 0.631513
22.465280 -348.868717 1127.178413 -29075.756194 0.281342 0.839688 -0.464511 0.650945 0.188665 0.735306 -0.705065 0.509244 0.493512
37.325031 -622.570073 3293.347854 158022.277587 -0.169653 -0.850082 0.498577 0.936590 0.018328 0.349947 -0.306622 0.526332 0.793069
6.633801 -817.602236 -2575.142364 -263014.344194 0.299522 0.836474 -0.458910 0.414249 0.319275 0.852327 -0.859468 0.445393 0.250879
-3.110359 -285.338125 -3930.862116 -34559.603229 0.236900 0.871865 -0.428638 0.314724 0.348536 0.882877 -0.919145 0.344056 0.191828
56.201130 -995.820667 401.647105 -278218.253380 0.141446 0.939345 -0.312448 0.712652 0.122449 0.690749 -0.687110 0.320370 0.652106
18.136596 -551.183509 2252.973915 80028.492313 -0.168836 -0.941317 0.292261 0.955206 -0.083145 0.284021 -0.243054 0.327122 0.913190
-32.890454 -80.083612 1129.144356 -2852.766850 -0.224564 0.927689 -0.298268 -0.353375 0.207724 0.912128 -0.908128 -0.310232 -0.281175
-35.259852 -72.675732 2169.391589 -4168.347352 -0.287915 0.892218 -0.347926 -0.431059 0.203684 0.879034 -0.855157 -0.403064 -0.325955
-33.990706 -57.290637 4134.498363 -2332.403740 -0.054770 0.996563 0.062147 -0.797993 -0.081098 0.597186 -0.600173 0.016885 -0.799692
-30.234789 -63.786439 6026.420004 12682.610547 0.204919 0.966144 -0.156759 -0.630842 0.252824 0.733565 -0.748362 0.051432 -0.661293
-19.087736 -55.679587 450.846560 9473.329615 -0.071965 0.997384 -0.006765 -0.603757 -0.038162 0.796255 -0.793914 -0.061387 -0.604924
-44.408624 -98.042619 12488.076095 -22422.965321 -0.161664 0.976248 0.144240 -0.936721 -0.197796 0.288845 -0.310514 0.088417 -0.946448
-24.287974 -49.737170 -3368.409953 4837.323581 -0.104232 0.994415 0.016564 -0.661339 -0.081740 0.745620 -0.742810 -0.066763 -0.666166
-31.367781 -52.585569 -5883.436153 1101.637646 -0.112358 0.993260 0.028473 -0.759314 -0.104306 0.642310 -0.640951 -0.050548 -0.765916
-37.591411 -81.488473 5573.543375 -1858.420221 0.802919 0.033465 0.595148 -0.114240 0.988554 0.098536 -0.585039 -0.147106 0.797552
-22.397491 -80.388979 6597.936364 -497.065472 0.851836 0.014239 0.523615 -0.084152 0.990366 0.109970 -0.517004 -0.137740 0.844828
-11.212683 -71.650225 7663.058126 -5653.729254 0.889401 -0.050616 0.454317 -0.061563 0.971534 0.228760 -0.452963 -0.231429 0.860967
23.298962 -52.843829 -11274.547763 1890.720694 -0.620287 -0.310165 -0.720446 0.278940 0.771229 -0.572188 0.733101 -0.555881 -0.391866
69.846798 -49.224245 -21014.681515 -796.124536 -0.547609 -0.284929 -0.786727 0.431932 0.709015 -0.557434 0.716630 -0.645069 -0.265194
-3.458812 -73.880445 137.209099 469.521445 0.036412 0.999267 0.011839 0.548012 -0.029873 0.835937 -0.835678 0.023950 0.548698
-3.529142 -74.951214 147.544358 -302.765008 0.012653 0.999919 0.001517 0.342916 -0.005765 0.939348 -0.939281 0.011366 0.342961
-2.674717 -70.522275 323.033213 -2131.742319 0.012247 0.999574 -0.026500 0.091599 0.025269 0.995475 -0.995721 0.014619 0.091250
-13.619581 -129.685014 -500.723432 -3231.623964 -0.014732 0.965758 0.259025 0.628184 -0.192606 0.753848 -0.777925 -0.173821 0.603837
-15.063601 -120.483014 -131.777709 8094.816076 0.031475 0.972350 0.231398 0.838631 -0.151648 0.523164 -0.543790 -0.177591 0.820216
-15.290991 -121.097536 -117.453684 7903.270589 0.054316 0.981483 0.183689 0.826166 -0.147492 0.543780 -0.560803 -0.122222 0.818879
1.429371 -54.046789 -620.575512 1701.958455 -0.189380 -0.979463 -0.069196 0.978101 -0.181982 -0.100996 0.086330 -0.086807 0.992478
3.080121 -50.699725 442.670097 602.375562 0.223361 0.972305 0.068803 0.947376 -0.199943 -0.250002 0.229321 -0.121023 0.965798
1.966870 -52.634844 -200.978548 1511.362928 -0.210317 -0.974608 -0.076847 0.976143 -0.205009 -0.071529 0.053959 -0.090057 0.994474
2.071825 -51.939722 709.360055 676.699763 0.196936 0.978350 0.063629 0.946727 -0.172901 -0.271685 0.254801 -0.113743 0.960281
0.862041 -57.111930 536.827733 2202.721846 0.172131 0.982708 0.068233 0.979307 -0.178197 0.095938 -0.106438 -0.050307 0.993046
-0.820103 -59.307291 499.576803 2515.345171 0.140246 0.987704 0.069081 0.986774 -0.145160 0.072146 -0.081286 -0.058049 0.994999
-0.123917 -55.351313 597.329168 1863.358998 0.156472 0.985297 0.068609 0.981865 -0.147646 -0.118915 0.107037 -0.085972 0.990531
-4.360998 -147.760968 -2681.178886 1424.273288 0.945469 0.139813 0.294180 0.255717 0.240779 -0.936287 0.201737 -0.960457 -0.191896
0.208298 -161.771423 -3270.789640 -912.680990 0.947072 0.131552 0.292830 0.291124 0.032453 -0.956135 0.135285 -0.990778 0.007563
-4.351168 -138.073840 -1456.326188 -4997.275777 0.945037 0.166113 0.281624 0.315498 -0.237183 -0.918806 0.085829 -0.957158 0.276555
-1.672796 -160.734625 -3704.633524 -2783.474493 0.945335 0.130950 0.298652 0.323994 -0.273253 -0.905738 0.036999 -0.952987 0.300743
0.998587 -66.695804 -9.265280 1475.864805 0.296467 0.949266 -0.104888 -0.326175 -0.002582 -0.945306 0.897618 -0.314464 -0.308861
0.075726 -62.932842 272.002094 1269.801143 0.296389 0.950074 -0.097534 -0.455683 0.050926 -0.888684 0.839349 -0.307841 -0.448027
1.399784 -65.663160 156.040681 1299.420479 0.306094 0.949095 -0.074326 -0.294507 0.020159 -0.955437 0.905302 -0.314343 -0.285686
6.938246 -42.801467 -385.935958 371.149266 -0.972474 0.058985 -0.225420 0.030026 0.991086 0.129798 0.231067 0.119457 -0.965577
1.645338 -40.720300 363.434355 -233.291729 -0.975280 0.048180 -0.215658 0.007257 0.982398 0.186657 0.220855 0.180477 -0.958463
2.125291 -38.593351 368.530980 288.424239 -0.964333 0.180395 -0.193700 0.154156 0.977640 0.143023 0.215170 0.108062 -0.970579
-6.940256 -39.474726 -2851.125426 -708.489547 0.977826 -0.118218 0.172861 0.075753 0.969204 0.234317 0.195238 0.216027 -0.956668
9.929402 -41.933823 -185.347631 -328.950942 -0.955651 0.195237 -0.220487 0.194683 0.980561 0.024458 0.220976 -0.019552 -0.975083
-2.473571 -36.121370 2851.074526 -107.881945 -0.937537 0.329848 -0.110566 0.308607 0.935264 0.173331 0.160581 0.128382 -0.978638
4.993353 -36.166654 777.879736 -257.482951 -0.915559 0.377072 -0.139884 0.371363 0.926146 0.065906 0.154404 0.008393 -0.987972
-10.211754 -371.521951 5290.874551 -100806.293712 0.610599 0.403267 0.681575 0.789556 -0.376718 -0.484442 0.061402 0.833942 -0.548426
-11.680818 -148.060483 3786.941456 -2303.941424 0.690791 0.346777 0.634471 0.713758 -0.186790 -0.675025 -0.115571 0.919160 -0.376548
-21.776815 -135.467085 5270.434326 1146.261555 0.710304 0.344502 0.613830 -0.670373 0.065175 0.739156 -0.214635 0.936520 -0.277239
5.349191 -36.542814 -2476.571548 -4073.503827 -0.022119 0.991224 0.130332 0.303592 -0.117549 0.945523 -0.952545 -0.060481 0.298327
6.979936 -40.905382 -1802.178330 -2089.380461 0.004497 0.989306 0.145786 0.404844 -0.135106 0.904349 -0.914375 -0.054954 0.401122
2.228231 -42.030942 -2751.619718 -2290.674742 -0.031056 0.992861 0.115163 0.388625 -0.094158 0.916572 -0.920872 -0.073221 0.382927
-1.436046 -47.345232 6360.780612 528.702115 0.227066 0.831301 0.507327 -0.634339 -0.269025 0.724735 -0.738956 0.486379 -0.466240
-14.255927 -46.889424 3989.649419 242.581294 0.194734 0.847181 0.494331 -0.700057 -0.232959 0.675019 -0.687022 0.477509 -0.547710
-14.035792 -46.397623 3818.294782 561.085669 0.197654 0.850318 0.487742 -0.610591 -0.282454 0.739863 -0.766884 0.444048 -0.463368
-23.319745 -48.298528 -373.404570 1421.761545 -0.726209 -0.628010 -0.279685 -0.442111 0.738170 -0.509551 0.526458 -0.246389 -0.813716
-21.336728 -43.840934 465.611802 1279.462445 0.671690 0.707335 0.220252 -0.603415 0.694840 -0.391264 0.429794 -0.129905 -0.893533
-22.449623 -44.482185 -610.989950 1119.322235 0.663268 0.698331 0.269090 -0.538929 0.695172 -0.475701 0.519261 -0.170496 -0.837436
35.087507 -447.050346 -7039.582844 -121841.179759 0.312724 0.948641 -0.047791 0.626984 -0.243961 -0.739847 0.713509 -0.201404 0.671075
53.260854 -500.307687 -14109.982719 -147546.449052 0.348099 0.924499 -0.155336 0.204498 -0.236594 -0.949844 0.914881 -0.298874 0.271417
21.753410 -275.864287 12084.888691 -62468.459265 -0.421873 0.906537 -0.014647 0.587260 0.260912 -0.766192 0.690760 0.331837 0.642445
40.459289 -225.976860 1590.333091 -59890.656701 -0.328818 0.944346 0.009476 0.657132 0.235995 -0.715879 0.678274 0.229168 0.698160
-5.065421 -58.599806 325.548286 -5667.283511 -0.412196 0.898828 0.149002 0.675376 0.411208 -0.612189 0.611524 0.151710 0.776545
11.617676 -78.187678 -80.500789 -8212.595658 -0.205898 0.978440 0.016166 0.698984 0.158612 -0.697326 0.684856 0.132278 0.716572
-60.421685 -81.165862 1284.240657 -126.675948 -0.158900 0.963182 -0.216866 0.934690 0.217503 0.281153 -0.317970 0.158027 0.934838
-53.905837 -77.241082 -864.985520 2063.382518 -0.148434 -0.950915 0.271529 0.971116 -0.088291 0.221671 -0.186817 0.296590 0.936554
-49.838365 -65.235823 -396.887127 -233.815832 0.507438 -0.321742 -0.799368 -0.328753 0.785220 -0.524739 0.796510 0.529067 0.292676
-48.644627 -65.189518 411.405429 -278.078662 0.404106 -0.402523 -0.821385 -0.330934 0.772806 -0.541529 0.852749 0.490660 0.179087
17.360574 -50.910120 -2176.209090 -317.250843 -0.172639 0.982220 0.073750 0.572571 0.160997 -0.803892 0.801473 0.096556 0.590185
20.205637 -49.392338 -3185.108730 -634.230931 -0.185332 0.980808 0.060564 0.675860 0.171965 -0.716688 0.713348 0.091892 0.694759
24.768671 -50.342180 -2972.036918 -900.006666 -0.224453 0.973919 0.033199 0.598277 0.164613 -0.784199 0.769211 0.156154 0.619621
15.046455 -50.212056 -1570.138109 -227.191194 -0.156966 0.984982 0.071922 0.661413 0.158924 -0.732991 0.733413 0.067484 0.676426
23.020974 -50.178717 -2940.503274 -93.576176 -0.205529 0.977736 0.042310 0.480363 0.138455 -0.866073 0.852648 0.157679 0.498125
16.175313 -51.134132 337.392413 451.787364 -0.144635 0.986810 0.072703 0.528845 0.139195 -0.837226 0.836304 0.082644 0.542002
14.697925 -50.858461 265.745092 -68.476486 -0.148123 0.987046 0.061651 0.626527 0.141889 -0.766375 0.765195 0.074892 0.639428
17.381571 -49.713977 -643.165866 565.732863 -0.171845 0.982640 0.069915 0.444302 0.140651 -0.884767 0.879241 0.120980 0.460760
19.495612 -47.953059 2763.298942 -1279.891015 0.114149 0.993431 -0.008044 0.060588 -0.015043 -0.998049 0.991614 -0.113439 0.061908
19.637109 -46.366712 -1668.249800 -1243.254006 0.172039 0.985035 -0.010392 0.181117 -0.041998 -0.982564 0.968297 -0.167157 0.185632
18.512889 -47.319297 5745.490267 -1442.616180 0.046232 0.998892 -0.008754 0.176497 -0.016794 -0.984158 0.983215 -0.043955 0.177078
14.727097 -48.456077 2821.342317 -1052.435662 0.039535 0.999166 0.010180 0.047483 0.008298 -0.998838 0.998089 -0.039972 0.047116
-5.329828 -68.195698 -432.551194 -2222.521188 0.057773 0.939395 0.337934 0.787389 -0.250975 0.563054 -0.613743 -0.233557 0.754169
-6.220425 -60.008430 -496.831537 -1718.997270 0.032771 0.955741 0.292378 0.667554 -0.238647 0.705279 -0.743839 -0.172066 0.645830
4.157772 -93.984265 -348.749737 -8520.801819 0.061180 0.920380 0.386208 0.745725 0.215040 -0.630596 0.663439 -0.326585 0.673195
3.333778 -90.475174 779.092242 -5440.250998 0.072119 0.930957 0.357935 0.697671 0.209376 -0.685140 0.712779 -0.299133 0.634402
6.115083 -91.691207 667.701114 -2036.108920 0.104708 0.940545 0.323128 0.502500 0.230351 -0.833326 0.858213 -0.249628 0.448504
-0.031755 -92.627279 6.819159 -10741.901123 0.130657 0.958101 0.254894 0.735191 -0.266118 0.623438 -0.665149 -0.105939 0.739157
-0.743785 -115.175963 -123.996777 -12094.200125 0.154346 0.951029 0.267807 0.860420 -0.262615 0.436704 -0.485649 -0.163023 0.858818
0.348709 -75.800425 43.981519 -5015.180038 0.117520 0.960881 0.250791 0.606604 -0.269410 0.747963 -0.786270 -0.064230 0.614536
0.382368 -75.543173 86.879791 -5786.536380 0.123337 0.961544 0.245398 0.608426 -0.268626 0.746765 -0.783968 -0.057203 0.618160
0.288153 -93.349928 -21.438036 -11522.076482 0.141814 0.954574 0.262064 0.731362 -0.279444 0.622110 -0.667082 -0.103440 0.737768
-2.014618 -62.108242 405.504199 -2489.083525 0.012353 0.948293 0.317155 0.216451 -0.312194 0.925032 -0.976215 -0.057222 0.209115
2.545483 -25.723832 -1195.792392 -3603.547491 -0.136726 0.985969 0.095771 0.983737 0.146509 -0.103907 0.116480 -0.080006 0.989965
0.224742 -19.981977 1585.812712 -3064.359684 0.155615 -0.982386 -0.103452 0.985771 0.161176 -0.047719 0.063552 -0.094554 0.993489
1.895410 -17.378086 1306.955210 -1141.654507 0.211036 -0.972673 -0.096806 0.976876 0.213345 -0.014038 0.034307 -0.091605 0.995204
-1.943488 -18.684214 1775.099286 -1102.454307 0.138458 -0.984624 -0.106512 0.989211 0.142692 -0.033180 0.047869 -0.100769 0.993758
9.845516 -468.276290 4551.638042 -68003.783189 0.846627 0.112108 0.520244 0.456612 -0.655155 -0.601895 -0.273363 -0.747131 0.605862
8.246611 -326.938658 1991.784767 9601.410816 0.845235 0.066929 0.530187 0.358330 -0.807020 -0.469380 -0.396456 -0.586719 0.706104
2.427019 -496.195796 7522.390960 26023.433441 0.863262 0.003744 0.504742 -0.063671 0.992793 0.101533 -0.500724 -0.119787 0.857279
11.979384 -58.900205 -6078.864601 7585.881741 0.741332 0.646641 0.179672 -0.520251 0.722813 -0.454842 -0.423989 0.243714 0.872260
21.483340 -65.712832 -6795.420882 10570.570588 0.707715 0.689948 0.152022 -0.579539 0.690006 -0.433621 -0.404072 0.218777 0.888179
20.087958 -45.715949 -3476.864478 3157.582466 0.769834 0.630400 0.099758 -0.513990 0.705003 -0.488655 -0.378378 0.324909 0.866755
-7.713507 -228.470571 142.024394 -13568.421523 0.777977 -0.257979 0.572886 -0.605104 -0.062219 0.793711 0.169117 0.964145 0.204509
-15.627570 -255.591596 -4410.527152 10799.614758 0.791086 -0.254152 0.556409 -0.578279 -0.014153 0.815716 0.199441 0.967061 0.158167
-2.151463 -803.942286 -3171.302483 253128.421945 0.911861 -0.277503 0.302493 -0.276316 0.130020 0.952231 0.303577 0.951886 -0.041881
-2.528770 -510.387191 1147.335267 79891.539716 0.832444 -0.238720 0.500050 -0.506977 0.036089 0.861204 0.223633 0.970418 0.090983
-1.393259 -61.888742 -3503.896188 -2054.163146 -0.443605 -0.810352 0.382811 0.895136 -0.421643 0.144738 0.044121 0.406874 0.912418
9.973094 -63.868752 -2597.700662 -1765.005307 -0.439310 -0.828407 0.347488 0.892052 -0.447952 0.059860 0.106070 0.336274 0.935772
