12954
25894
-37.343579 -54.671249 196.367280 -5486.467824 -0.071943 0.995533 0.061147 0.680300 0.004145 0.732922 -0.729394 -0.094327 0.677559
-42.233876 -65.440860 96.388920 -4472.067849 -0.203888 0.978953 -0.008929 0.751323 0.162313 0.639662 -0.627649 -0.123711 0.768604
-29.284403 -72.560128 2853.163846 -8104.865632 -0.209311 0.966134 -0.150908 0.712906 0.256401 0.652705 -0.669293 -0.029035 0.742431
-36.671661 -54.559473 -771.701789 -3105.016175 0.214899 0.874457 0.434905 0.709026 -0.445934 0.546283 -0.671640 -0.190963 0.715844
-30.369073 -48.554351 2023.957323 -7373.404206 -0.073611 0.995277 -0.063291 0.601865 0.094938 0.792935 -0.795198 -0.020276 0.606010
-28.065955 -42.109137 -1011.486047 -3526.859710 0.333616 0.736845 0.588014 0.513590 -0.665118 0.542074 -0.790523 -0.121154 0.600330
-33.354483 -50.559974 -221.681070 -555.085092 -0.171320 0.417787 -0.892246 0.798957 -0.470991 -0.373945 -0.576469 -0.776931 -0.253103
-32.949161 -52.325825 71.051524 -1794.167018 -0.144825 0.373952 -0.916071 0.877243 -0.379722 -0.293694 -0.457680 -0.846151 -0.273053
-32.420805 -51.101434 422.875554 -749.839237 -0.234884 0.316022 -0.919217 0.788806 -0.490624 -0.370234 -0.567992 -0.812046 -0.134041
52.248253 -101.763240 -1165.177564 -69.174432 0.284751 0.957097 -0.053686 0.958589 -0.284583 0.010911 -0.004835 -0.054569 -0.998498
54.630880 -89.820684 2367.595572 371.523683 0.316489 0.929533 -0.189219 0.948469 -0.313353 0.047079 -0.015531 -0.194368 -0.980806
56.457862 -95.609579 1157.798226 -2402.995204 0.305605 0.949157 -0.075543 -0.923398 0.276087 -0.266667 0.232252 -0.151251 -0.960824
57.655431 -98.376922 -2419.756671 -76.493285 0.255886 0.965477 0.048741 -0.935170 0.259996 -0.240539 0.244907 -0.015970 -0.969415
19.902007 -55.680361 521.524437 -7453.977760 0.954398 0.290262 -0.069798 -0.199921 0.795055 0.572642 -0.221709 0.532575 -0.816829
19.017299 -64.200469 1357.299240 -8485.037163 0.936633 0.340879 -0.080750 -0.220930 0.753681 0.618995 -0.271862 0.561931 -0.781233
19.692816 -44.652091 544.742329 -5427.404489 0.937170 0.322893 -0.132106 -0.211219 0.826522 0.521774 -0.277665 0.461088 -0.842793
20.247647 -55.568442 47.421688 -6884.861314 0.919349 0.374919 -0.119302 -0.232197 0.761812 0.604753 -0.317619 0.528278 -0.787427
21.191405 -39.977816 1492.163771 -4140.021295 0.961517 0.260557 -0.087147 -0.187168 0.853404 0.486487 -0.201129 0.451454 -0.869331
19.590910 -31.626555 1126.331505 -2386.508232 0.949189 0.281594 -0.140519 -0.194288 0.875592 0.442258 -0.247574 0.392485 -0.885812
15.584037 -42.198117 -2701.026950 -4693.986168 0.889993 0.406396 -0.206774 -0.239076 0.802046 0.547326 -0.388273 0.437681 -0.810974
14.776204 -34.343054 2544.904502 -3740.843907 -0.901221 -0.364288 0.234726 -0.230489 0.861604 0.452231 -0.366983 0.353458 -0.860460
-14.901125 -23.260315 -444.283277 -621.831483 -0.046752 0.926496 -0.373390 0.880821 0.214539 0.422051 -0.471135 0.309158 0.826107
-10.560822 -21.258363 -80.450136 -1079.637994 -0.112120 0.899264 -0.422792 0.835062 0.315887 0.450430 -0.538610 0.302555 0.786359
-10.081275 -23.246368 -2245.039706 -1030.535120 0.180639 0.961217 -0.208400 0.847191 -0.044426 0.529428 -0.499637 0.272191 0.822360
-12.535298 -25.734755 -2611.836845 -694.690080 0.323153 0.938288 -0.123239 0.843023 -0.226250 0.487979 -0.429981 0.261586 0.864112
-18.298253 -24.463550 -1720.156184 -371.480789 0.142564 0.955477 -0.258340 0.902052 -0.017992 0.431251 -0.407403 0.294518 0.864455
-4.294770 -44.291436 372.083899 -1067.410513 0.703527 0.708414 -0.056561 0.531708 -0.471889 0.703284 -0.471526 0.524853 0.708656
-5.259215 -49.992649 229.545959 -1739.537458 0.667415 0.739538 -0.087411 0.651777 -0.523332 0.548917 -0.360200 0.423328 0.831294
-3.022911 -46.347140 409.612120 -1450.606923 0.695539 0.712989 -0.088727 0.552882 -0.452259 0.699845 -0.458854 0.535825 0.708763
-1.927072 -41.547190 529.084469 -505.769949 0.724218 0.687430 -0.054288 0.426184 -0.384317 0.818943 -0.542102 0.616230 0.571302
-3.424984 -40.633538 437.614503 -264.065603 0.727871 0.685364 -0.021896 0.404274 -0.403118 0.821011 -0.553865 0.606442 0.570493
3.751116 -88.829457 1415.751389 -11471.659877 0.318071 0.947181 -0.040987 0.011810 -0.047187 -0.998816 0.947993 -0.317210 0.026195
8.426266 -90.186143 313.752986 -8754.273803 0.354488 0.931492 -0.081612 -0.039872 -0.072142 -0.996597 0.934210 -0.356536 -0.011567
3.675812 -66.758075 612.260691 -8995.536114 0.343659 0.934903 -0.088626 0.149578 -0.147662 -0.977662 0.927106 -0.322726 0.190587
-0.697584 -58.993051 1664.137726 -10054.781991 0.308712 0.947552 -0.082717 0.178885 -0.143253 -0.973385 0.934183 -0.285698 0.213726
-1.254418 -42.541024 1102.115540 -4007.237170 0.345032 0.919387 -0.188893 0.236797 -0.280008 -0.930335 0.908229 -0.276266 0.314320
3.436888 -50.135457 591.102762 -3812.075589 0.375947 0.905777 -0.195532 0.233536 -0.296814 -0.925938 0.896730 -0.302440 0.323118
-0.036638 -18.308627 1473.908026 -1696.335440 0.660180 0.721616 0.208402 -0.731872 0.680407 -0.037550 0.168895 0.127734 -0.977322
1.687966 -13.839408 -1166.143261 -1100.392147 -0.727220 -0.654570 -0.206615 -0.656975 0.750954 -0.066728 0.198836 0.087215 -0.976144
-2.890215 -16.437315 -2052.504350 -1456.808563 -0.694189 -0.687266 -0.213933 -0.690753 0.719648 -0.070478 0.202394 0.098850 -0.974303
2.041730 -17.442703 -468.023269 -1598.240097 -0.706845 -0.681803 -0.188453 -0.690644 0.722780 -0.024495 0.152911 0.112840 -0.981777
-5.960931 -20.863774 1896.336946 -1875.534444 0.587136 0.784327 0.200256 -0.794602 0.605650 -0.042384 0.154528 0.134239 -0.978826
-3.391261 -23.964113 1402.704872 1954.924393 0.592296 0.779584 0.203555 0.796923 -0.604056 -0.005414 0.118737 0.165424 -0.979049
-0.073475 -23.590853 1007.016881 2127.896806 0.654468 0.729704 0.197999 0.746963 -0.664570 -0.019820 0.117122 0.160869 -0.980002
3.700458 -23.291470 -2432.866550 1942.815321 -0.543608 -0.832822 0.104396 0.833699 -0.521367 0.181995 -0.097141 0.185969 0.977742
4.889415 -29.770300 -2627.106001 2882.870007 -0.545103 -0.831584 0.106447 0.823888 -0.507854 0.251581 -0.155151 0.224838 0.961965
-1.698194 -24.854157 -2659.956300 2414.479052 -0.568131 -0.815012 0.113938 0.817390 -0.542815 0.192939 -0.095401 0.202747 0.974573
-3.262950 -20.287973 -1961.752180 54.167951 -0.598559 -0.796040 0.089706 0.798602 -0.584159 0.144889 -0.062935 0.158364 0.985373
3.429971 -19.478415 -2325.622367 -218.756910 -0.579537 -0.809069 0.097691 0.813234 -0.566384 0.133642 -0.052795 0.156896 0.986203
6.864492 -35.669586 -1346.500020 1998.838463 0.546198 0.836659 -0.040857 0.345976 -0.180906 0.920638 -0.762869 0.516986 0.388274
8.307567 -40.312816 -699.420112 836.595971 0.545191 0.837048 -0.046014 0.268561 -0.122398 0.955455 -0.794130 0.533263 0.291528
8.473773 -40.174426 -422.028027 1745.864498 0.572776 0.819449 -0.020778 0.245689 -0.147438 0.958070 -0.782026 0.553865 0.285778
1.426093 -167.608971 180.624447 18455.833748 0.979890 -0.154913 -0.125765 -0.097218 -0.921068 0.377072 0.174252 0.357263 0.917605
8.797841 -127.683812 667.360284 -13197.372678 0.985498 -0.130061 -0.108985 0.123359 0.990154 -0.066158 0.116516 0.051754 0.991839
0.325435 -156.025370 633.892371 13801.291418 0.976559 -0.202266 -0.073624 -0.170360 -0.935350 0.309995 0.131566 0.290186 0.947883
-6.017601 -182.109426 -571.474392 14479.422414 0.978203 -0.198375 -0.061376 -0.123472 -0.793303 0.596175 0.166956 0.575602 0.800505
-8.312762 -180.832269 -66.558905 14723.683100 0.967166 -0.251516 -0.036469 -0.191389 -0.815214 0.546623 0.167215 0.521695 0.836584
7.690308 -118.773943 -301.999238 12374.206447 -0.966072 0.223927 0.128693 0.205545 0.968308 -0.141883 -0.156386 -0.110617 -0.981482
4.417540 -99.772421 -283.559863 643.375628 -0.971355 0.191084 0.141267 0.192637 0.981266 -0.002725 -0.139141 0.024566 -0.989968
4.638268 -104.628764 146.652176 -4947.219452 -0.968735 0.196395 0.151600 0.208112 0.975904 0.065585 -0.135066 0.095085 -0.986264
5.550538 -97.691204 235.050612 -2815.116042 -0.962713 0.221404 0.155449 0.220775 0.975087 -0.021524 -0.156342 0.013598 -0.987609
5.932457 -122.688582 -10.143459 4969.294125 -0.953105 0.266812 0.142835 0.233769 0.948799 -0.212444 -0.192205 -0.169091 -0.966678
8.410535 -139.219618 1583.079096 14454.443377 0.960779 -0.269547 -0.065172 0.218179 0.879793 -0.422329 -0.171176 -0.391546 -0.904097
8.497022 -120.032311 1406.743256 14873.964079 0.970894 -0.216781 -0.101836 0.173867 0.930350 -0.322830 -0.164727 -0.295728 -0.940962
-7.648941 -32.291892 929.226789 602.450342 0.267506 0.954108 -0.134606 0.566866 -0.042868 0.822694 -0.779168 0.296379 0.552319
-11.250776 -34.241686 1460.049064 859.604595 0.305659 0.949121 -0.075772 0.453782 -0.075250 0.887930 -0.837051 0.305787 0.453695
-10.210320 -30.668676 888.412466 675.961868 0.198594 0.958786 -0.203197 0.587932 0.049336 0.807404 -0.784153 0.279812 0.553904
-6.876827 -28.676127 679.602922 422.587682 0.129655 0.949459 -0.285863 0.687368 0.121720 0.716038 -0.714644 0.289331 0.636845
-8.272251 -27.494966 573.476909 558.914182 0.054718 0.936479 -0.346429 0.684466 0.217427 0.695867 -0.726988 0.275195 0.629091
-12.120687 -30.121969 259.668340 615.039872 0.088106 0.947974 -0.305913 0.601674 0.194108 0.774797 -0.793867 0.252324 0.553270
-8.116504 -120.820847 -144.028561 -21325.462203 0.941614 -0.202435 -0.269040 -0.333829 -0.665335 -0.667748 0.043826 -0.718574 0.694068
-10.649589 -155.715273 -542.744016 -24286.187050 0.939502 -0.217151 -0.264919 -0.337345 -0.452304 -0.825603 -0.059457 -0.865024 0.498195
-8.544475 -135.351108 1456.587888 -29548.238523 0.945143 -0.151417 -0.289445 -0.318250 -0.626569 -0.711427 0.073635 -0.764516 0.640385
-2.894327 -117.932495 2784.547302 -27400.739964 0.952552 -0.116605 -0.281154 -0.268760 -0.755802 -0.597103 0.142871 -0.644335 0.751279
-3.730666 -222.182856 2785.840260 -47884.550510 0.960912 -0.114144 -0.252227 -0.272504 -0.550793 -0.788904 0.048876 -0.826800 0.560368
8.589642 -34.998731 -7680.262871 -461.626832 0.706913 0.676302 0.207098 0.454439 -0.658654 0.599717 -0.541996 0.329834 0.772949
20.533732 -32.387958 -11083.819231 -1568.450263 0.691434 0.702251 0.169595 0.432841 -0.590642 0.681021 -0.578418 0.397473 0.712353
42.899125 -35.239443 -16828.096643 914.515224 0.672614 0.715817 0.187607 0.513909 -0.634270 0.577581 -0.532435 0.292076 0.794484
32.270369 -33.641737 -14756.628228 1137.138570 0.658607 0.722298 0.211003 0.558860 -0.657286 0.505620 -0.503898 0.215084 0.836556
1.760543 -35.438739 -5303.677742 525.140572 0.701113 0.686736 0.191921 0.524461 -0.679005 0.513704 -0.483094 0.259510 0.836226
-14.956521 -35.669440 -4656.617033 -347.100604 -0.032168 0.933525 -0.357066 -0.502880 0.293621 0.812957 -0.863758 -0.205713 -0.460006
-2.317131 -36.331249 -7285.423822 -583.780331 -0.043380 0.909981 -0.412375 -0.514704 0.333414 0.789883 -0.856270 -0.246516 -0.453907
-3.523988 -36.946122 -7065.297863 -366.893762 -0.057826 0.927431 -0.369496 -0.413079 0.314719 0.854586 -0.908858 -0.202048 -0.364903
5.174539 -37.894922 -8428.396669 -201.540627 -0.070572 0.931789 -0.356075 -0.296704 0.321200 0.899332 -0.952358 -0.169116 -0.253798
-13.743065 -36.892600 -5102.834855 -60.590103 -0.027119 0.941212 -0.336726 -0.388372 0.300467 0.871141 -0.921103 -0.154400 -0.357392
-1.655887 -5.311231 1026.392643 -299.670778 0.058001 0.996786 0.055251 -0.980582 0.067269 -0.184213 0.187338 0.043494 -0.981332
-0.459378 -5.340327 -1729.157172 -421.223981 -0.892358 0.414675 -0.178160 0.398385 0.909222 0.120848 0.212100 0.036864 -0.976552
-3.397568 -6.826018 537.139177 -77.192938 -0.980565 -0.070085 -0.183248 -0.073234 0.997260 0.010467 0.182012 0.023684 -0.983011
-2060.970852 -4196.636385 639857.878187 -1668831.047718 0.967674 -0.143958 -0.207080 0.157174 0.986366 0.048764 0.197237 -0.079735 0.977108
-390.781840 -687.442800 -124315.920553 327707.949500 -0.651099 -0.332241 0.682412 0.660125 -0.691604 0.293118 0.374573 0.641326 0.669624
-421.144396 -2217.564420 2003.855594 -1078311.932736 0.656971 -0.529064 0.537104 0.597524 0.799824 0.056976 -0.459733 0.283501 0.841590
-156.121047 -6160.096116 156587.254942 -1357529.385243 0.566219 -0.263181 -0.781109 0.249255 0.957958 -0.142084 0.785664 -0.114245 0.608013
536.837127 -5567.471972 -113262.060190 3266829.370934 -0.136998 -0.714250 -0.686352 0.976814 -0.212485 0.026147 -0.164515 -0.666856 0.726800
21.554708 -89.623137 -1365.891277 -2946.992682 0.037091 0.530264 0.847021 -0.337971 0.804313 -0.488728 -0.940425 -0.268141 0.209046
41.890444 -150.759389 -6186.642112 27169.832231 0.122422 0.528069 0.840331 -0.406722 0.799030 -0.442863 -0.905312 -0.287564 0.312596
21.114269 -92.113977 -1255.432462 10041.706686 0.065083 0.546007 0.835249 -0.465494 0.756985 -0.458573 -0.882655 -0.358958 0.303430
-37.327267 -51.971558 -106.466354 870.347360 0.182096 -0.342636 -0.921652 0.801826 0.594278 -0.062509 0.569136 -0.727622 0.382950
-36.820235 -51.527966 -474.936178 411.761027 0.203387 -0.194048 -0.959677 0.821155 0.567620 0.059256 0.533234 -0.800095 0.274790
-34.682407 -50.339508 -1142.432081 -676.259919 0.247992 -0.251615 -0.935516 0.723571 0.690223 0.006166 0.644163 -0.678441 0.353231
-38.773679 -54.454827 180.885228 2097.493479 0.116775 -0.280319 -0.952777 0.890342 0.454625 -0.024634 0.440061 -0.845422 0.302669
-35.350278 -49.279035 -140.462552 -461.254298 0.201516 -0.415994 -0.886759 0.716860 0.679566 -0.155890 0.667461 -0.604267 0.435152
-41.055181 -55.997297 770.791856 3078.174397 0.046798 -0.452352 -0.890611 0.874226 0.449886 -0.182566 0.483258 -0.770052 0.416512
-39.747958 -53.062473 1101.339670 1352.450509 0.078303 -0.535825 -0.840690 0.797350 0.539847 -0.269812 0.598417 -0.649197 0.469511
-12.769110 -16.005793 -13.144121 -199.807754 0.702103 -0.390643 -0.595357 0.486230 0.873831 0.000046 0.520223 -0.289513 0.803461
-13.171902 -13.876455 -1431.740517 -981.109043 -0.059533 0.906138 0.418771 0.874461 0.249667 -0.415915 0.481429 -0.341438 0.807246
-12.038094 -14.841705 904.118639 -214.729083 0.836738 0.168007 -0.521195 0.031971 0.935162 0.352776 0.546670 -0.311844 0.777113
-14.037354 -15.007289 -386.257795 -1569.299295 -0.491516 0.693240 0.527096 0.737945 0.652937 -0.170616 0.462439 -0.305107 0.832502
-10.970030 -17.246152 937.094079 463.038517 0.763873 -0.208240 -0.610847 0.315675 0.946115 0.072223 0.562892 -0.247998 0.788448
-13.501531 -17.064251 312.429047 333.041113 0.710777 -0.421297 -0.563298 0.490080 0.871050 -0.033080 0.504597 -0.252549 0.825591
-13.385574 -38.310917 248.286289 818.858733 0.618234 0.779795 -0.098520 -0.218367 0.049995 -0.974585 0.755051 -0.624036 -0.201190
-11.747362 -36.947291 419.092828 839.277153 0.586650 0.809205 -0.032088 -0.194939 0.102645 -0.975430 0.786029 -0.578491 -0.217962
-11.452894 -40.494292 408.861671 737.330506 0.606027 0.793648 -0.053421 -0.091722 0.003012 -0.995780 0.790138 -0.608369 -0.074621
-14.143602 -35.008880 121.867772 866.689794 0.604811 0.785739 -0.129685 -0.337341 0.105264 -0.935479 0.721391 -0.609536 -0.328727
-13.589156 -40.961174 574.915262 628.630207 0.633750 0.765194 -0.113304 -0.117220 -0.049782 -0.991857 0.764604 -0.641872 -0.058147
-15.784601 -39.113113 748.460087 810.563527 0.638417 0.755934 -0.144872 -0.239255 0.016005 -0.970825 0.731561 -0.654452 -0.191079
-16.581210 -36.301159 508.410756 863.237327 0.629050 0.756772 -0.177743 -0.356547 0.077698 -0.931041 0.690775 -0.649045 -0.318701
-9.267118 -36.011991 479.025136 173.842804 0.491508 0.870083 0.037075 0.845898 -0.466858 -0.257875 0.207064 -0.158110 0.965467
-10.493754 -35.885072 601.493155 -513.297134 0.533777 0.845380 0.020369 0.837059 -0.524796 -0.154668 0.120064 -0.099608 0.987756
0.189961 -35.385080 2393.668623 357.684038 -0.451176 -0.888143 -0.087418 0.875652 -0.421654 -0.235461 0.172263 -0.182782 0.967944
0.829299 -33.520148 -3876.259067 1036.853765 0.448581 0.888333 0.098180 0.859484 -0.398652 -0.319945 0.245078 -0.227905 0.942335
31.373954 -33.500733 12427.889297 1346.468564 -0.451597 -0.881557 -0.137542 0.865427 -0.395303 -0.307849 0.217015 -0.258056 0.941441
14.641851 -33.930859 7596.903354 158.042806 -0.451931 -0.882500 -0.130197 0.882126 -0.420403 -0.212404 0.132712 -0.210843 0.968469
2.777207 -63.377815 -1004.826808 -648.554796 0.135014 -0.584177 -0.800318 -0.532773 0.638213 -0.555731 0.835419 0.501419 -0.225066
5.364928 -67.145904 -809.817750 -920.668982 0.127105 -0.606564 -0.784808 -0.531070 0.626645 -0.570333 0.837740 0.489280 -0.242479
2.846355 -60.758724 -707.080767 484.645925 0.151394 -0.621111 -0.768961 -0.386240 0.678911 -0.624419 0.909889 0.391537 -0.137115
5.840102 -69.914867 -1206.827569 -2593.793754 0.098054 -0.570024 -0.815756 -0.658462 0.577465 -0.482661 0.746199 0.584472 -0.318716
2.261291 -64.513312 -899.540943 -1366.227563 0.097570 -0.554723 -0.826295 -0.665994 0.580566 -0.468397 0.739549 0.596009 -0.312796
-21.356593 -31.614891 1043.591355 -3365.091252 0.716130 -0.546954 -0.433588 0.506802 0.834619 -0.215785 0.479905 -0.065213 0.874893
-22.229195 -25.256704 -738.285562 -2833.574433 -0.516060 0.776628 0.361291 0.740947 0.616376 -0.266603 0.429743 -0.130114 0.893528
-17.802103 -28.637809 1502.361081 -3096.272638 0.739385 -0.433880 -0.514837 0.424082 0.894037 -0.144405 0.522938 -0.111562 0.845039
-15.432331 -33.235990 1981.967743 -1672.181949 0.761025 -0.346711 -0.548300 0.299207 0.937525 -0.177543 0.575601 -0.028940 0.817218
-19.650629 -37.822174 1450.522614 -2137.662823 0.739825 -0.491691 -0.459237 0.405893 0.870554 -0.278185 0.536572 0.019407 0.843632
3.082042 -98.410939 1211.926408 2714.360373 0.030145 -0.338467 -0.940495 0.921537 -0.355004 0.157296 -0.387119 -0.871443 0.301208
-1.942772 -103.428666 1247.785345 3879.726986 0.015033 -0.333181 -0.942743 0.822669 -0.531781 0.201058 -0.568322 -0.778588 0.266103
2.557315 -103.800374 1302.419322 4117.746306 0.036269 -0.344431 -0.938111 0.827669 -0.515722 0.221349 -0.560044 -0.784473 0.266371
8.224690 -103.384225 -1422.329489 2667.164008 0.014216 -0.473884 -0.880472 0.923049 -0.332319 0.193763 -0.384419 -0.815474 0.432694
6.839883 -105.500815 -1413.224526 2140.753387 0.014646 -0.476065 -0.879288 0.808779 -0.511430 0.290370 -0.587930 -0.715403 0.377541
5.018627 -105.475668 -1261.683451 1425.885999 0.023059 -0.487194 -0.872989 0.899955 -0.370163 0.230350 -0.435373 -0.790962 0.429917
7.823436 -103.580102 -852.124926 476.733640 0.023091 -0.469161 -0.882810 0.979014 -0.168237 0.115016 -0.202482 -0.866939 0.455431
9.514367 -107.611260 -341.232030 752.761788 0.020369 -0.437772 -0.898855 0.964440 -0.228359 0.133074 -0.263518 -0.869602 0.417553
0.179801 -153.984044 -1433.572280 1842.935173 0.730779 -0.284293 -0.620596 -0.326773 0.652510 -0.683703 -0.599317 -0.702430 -0.383942
-0.615423 -160.781741 -1764.823338 1260.313707 0.736546 -0.305329 -0.603551 -0.433040 0.472600 -0.767545 -0.519592 -0.826694 -0.215872
-0.065538 -181.819226 -2376.645266 2288.305084 0.729377 -0.286467 -0.621245 -0.353712 0.619389 -0.700889 -0.585574 -0.730954 -0.350441
0.533071 -163.870278 1705.564077 9470.223333 -0.718892 0.266017 0.642207 -0.169604 0.828829 -0.533176 -0.674114 -0.492216 -0.550721
-0.689454 -144.689487 482.335050 4413.355430 0.743956 -0.240630 -0.623400 -0.271623 0.743468 -0.611127 -0.610533 -0.623981 -0.487746
-15.517409 -99.709076 -1437.758063 749.081497 0.040375 0.335245 0.941265 0.253725 0.907716 -0.334179 -0.966433 0.252315 -0.048411
-10.119655 -89.344313 -580.457213 155.394913 0.010248 0.323728 0.946095 0.462536 0.837305 -0.291513 -0.886541 0.440590 -0.141155
-10.974409 -93.280257 -984.627157 2087.738596 0.005420 0.325083 0.945670 0.322291 0.894653 -0.309393 -0.946625 0.306458 -0.099922
-11.604548 -103.046020 -1114.591276 4753.839212 0.011371 0.326668 0.945071 0.154418 0.933220 -0.324430 -0.987940 0.149625 -0.039832
-11.087962 -126.051409 4015.966238 48775.498272 0.939275 -0.181905 0.290987 -0.273173 0.116875 0.954838 0.207699 0.976346 -0.060087
-51.637274 -130.338784 16486.715635 45997.237581 0.928623 -0.086122 0.360891 -0.364401 -0.028721 0.930799 0.069797 0.995871 0.058054
-12.261073 -46.352369 804.011326 17637.605346 0.776112 -0.036229 0.629554 -0.626669 0.066925 0.776407 0.070262 0.997100 -0.029237
2.030888 -29.629517 769.962934 2886.682375 0.634911 0.768606 -0.078311 0.675731 -0.601595 -0.425994 0.374533 -0.217552 0.901330
0.973921 -22.317369 1290.851303 3725.459986 0.621031 0.779503 -0.081834 0.651451 -0.571409 -0.499103 0.435813 -0.256647 0.862670
3.616685 -20.575372 733.261387 3713.949734 0.664056 0.740932 -0.100248 0.611064 -0.615079 -0.498276 0.430849 -0.269625 0.861203
-8.003443 -85.290310 -2187.403018 5338.251052 0.039935 -0.487394 -0.872268 0.794292 0.545118 -0.268229 0.606223 -0.682124 0.408902
-3.442746 -76.767112 -1341.013352 3279.236040 0.042341 -0.475047 -0.878941 0.682616 0.656138 -0.321744 0.729550 -0.586356 0.352056
-1.711260 -88.140661 -1363.684094 5071.965979 0.029098 -0.486640 -0.873118 0.810319 0.522923 -0.264451 0.585266 -0.699809 0.409550
-9.620552 -74.061268 -2292.851389 3672.282409 0.055820 -0.465412 -0.883332 0.664760 0.677436 -0.314921 0.744969 -0.569625 0.347202
-12.351842 -23.076925 -589.983578 -1217.220010 0.183375 0.867820 -0.461802 0.982798 -0.151351 0.105837 0.021953 -0.473266 -0.880646
-10.578489 -25.282558 -252.557683 -654.561519 0.204918 0.844809 -0.494273 0.976389 -0.141166 0.163515 0.068364 -0.516110 -0.853790
-10.232279 -21.213347 -690.414488 -1777.569632 0.255214 0.835027 -0.487439 0.966650 -0.231466 0.109598 -0.021308 -0.499154 -0.866251
-13.788101 -44.051072 -9096.432132 11186.292789 -0.536808 0.841519 -0.060683 0.323321 0.138748 -0.936062 0.779295 0.522105 0.346562
-9.981766 -43.776388 -19965.698590 36578.669564 -0.481060 0.867082 -0.129423 0.276969 0.010249 -0.960824 0.831787 0.498060 0.245085
-30.637415 -71.600374 -40077.509360 -15702.224915 -0.514054 0.821147 0.247922 0.280847 0.434231 -0.855902 0.810477 0.370352 0.453835
-15.030620 -2300.219009 142801.446618 1562976.055487 0.447169 -0.468418 -0.761987 0.841717 -0.067811 0.535644 -0.302576 -0.880901 0.363952
-384.530337 -893.418700 182394.992335 346935.408923 0.295514 -0.397504 -0.868713 0.868175 0.491217 0.070560 0.398678 -0.775046 0.490264
-530.578339 -1091.271265 171903.389803 -114758.345036 0.361621 -0.594292 -0.718364 0.915152 0.079058 0.395280 -0.178119 -0.800354 0.572456
-512.261907 -1440.904886 -164424.078673 -159369.808137 -0.130414 0.585471 0.800135 0.719860 -0.499021 0.482472 -0.681757 -0.638906 0.356379
-156.622560 -1160.807649 -57371.343605 -14280.741046 -0.255740 0.353519 0.899790 -0.343192 0.836921 -0.426361 -0.903779 -0.417838 -0.092709
-50.528456 -2142.427575 -25478.309765 -251327.856885 -0.305517 0.306071 0.901654 -0.622745 0.652107 -0.432372 -0.720311 -0.693597 -0.008625
-236.845905 -8728.471995 191633.892999 -5304862.567127 -0.119323 0.318690 0.940318 -0.304127 0.889826 -0.340170 -0.945129 -0.326567 -0.009255
7.188475 -4814.322441 5549.851772 -1472757.832802 0.246407 -0.440689 -0.863178 -0.401311 0.764302 -0.504769 0.882175 0.470782 0.011476
-37.744124 -1943.566305 14369.193884 -412577.231699 0.324767 -0.544881 -0.773066 0.298249 0.834670 -0.463005 0.897538 -0.080198 0.433583
-32.612146 -965.578835 1027.493750 -203996.382910 0.319884 -0.383820 -0.866231 0.027924 0.917692 -0.396310 0.947045 0.102585 0.304273
-25.121215 -1483.912966 3193.444522 -467874.305333 0.209527 -0.415738 -0.885020 -0.381519 0.798611 -0.465471 0.900301 0.435181 0.008719
-4.448109 -411.144944 -346.715900 -106135.713381 0.341633 -0.463542 -0.817567 0.234538 0.884433 -0.403448 0.910098 -0.053919 0.410870
-11.314546 -423.084704 417.104689 -123588.879762 0.233963 -0.493131 -0.837904 0.042138 0.866157 -0.497993 0.971332 0.081204 0.223428
-46.802943 -65.771279 -177.215493 -3834.401018 -0.134161 0.983801 0.118901 0.822561 0.043646 0.566999 -0.552624 -0.173872 0.815092
-40.726636 -71.113096 1091.775098 -2679.660702 -0.207956 0.976651 -0.053924 0.853245 0.208083 0.478199 -0.478254 -0.053434 0.876595
-35.705973 -52.286443 -499.725869 -1978.825555 -0.140725 0.502483 -0.853058 0.870205 -0.348144 -0.348624 -0.472164 -0.791396 -0.388270
-35.209431 -55.555940 -433.796460 -1862.262800 -0.125492 0.450045 -0.884144 0.934354 -0.245983 -0.257828 -0.333519 -0.858459 -0.389633
-33.240895 -56.023200 81.511188 -1303.860764 -0.110605 0.319925 -0.940965 0.943873 -0.262680 -0.200257 -0.311239 -0.910301 -0.272915
47.110822 -121.870820 -16472.010549 -6747.321359 -0.117080 -0.507360 0.853743 0.992991 -0.073792 0.092323 0.016158 0.858569 0.512444
-25.578995 -127.050382 -28747.394217 -9643.692877 0.019555 -0.350650 0.936302 0.999313 -0.022645 -0.029352 0.031494 0.936233 0.349966
0.823601 -130.994059 -34348.050410 2379.190810 0.071454 -0.315836 0.946119 0.957223 -0.244930 -0.154056 0.280390 0.916655 0.284824
76.477945 -128.893003 -24391.625953 12058.313018 -0.041754 -0.465798 0.883905 0.885081 -0.427703 -0.183580 0.463560 0.774663 0.430128
77.465387 -131.518833 3036.255923 11122.821866 -0.231646 -0.756230 0.611929 0.929543 -0.357561 -0.089999 0.286862 0.547966 0.785776
20.444542 -81.852104 -531.733505 -11080.767467 0.935828 0.350892 -0.033181 -0.229030 0.676965 0.699474 -0.267902 0.646988 -0.713887
18.673032 -73.165341 745.257257 -8147.727310 0.923041 0.379546 -0.062779 -0.222914 0.660681 0.716805 -0.313537 0.647646 -0.694441
-7.906152 -21.791775 526.904622 -1343.624746 -0.314862 0.777194 -0.544823 0.765753 0.547161 0.337989 -0.560789 0.310780 0.767419
-7.003727 -24.474354 1034.546337 -1518.031396 -0.371619 0.724183 -0.580912 0.754786 0.600002 0.265132 -0.540552 0.339936 0.769576
-5.011026 -22.855334 447.925044 -1040.922816 -0.323443 0.757917 -0.566522 0.745191 0.572995 0.341126 -0.583159 0.311832 0.750124
-4.760321 -20.201299 68.051656 -884.321899 -0.239797 0.822992 -0.514957 0.759399 0.489472 0.428637 -0.604822 0.288272 0.742354
-4.049398 -52.751516 -352.136514 -1995.446553 -0.659452 -0.742065 0.120260 0.672091 -0.510316 0.536537 -0.336775 0.434646 0.835264
8.505862 -93.314825 -291.950737 336.882453 0.457566 0.861036 -0.221927 0.262507 0.107653 0.958906 -0.849543 0.497020 0.176769
7.562212 -94.249330 -967.997638 -2606.937692 0.412545 0.881189 -0.230893 0.102353 0.207023 0.972967 -0.905169 0.425025 0.004786
9.467916 -92.507175 -614.058652 -8445.574483 0.443502 0.868975 -0.219517 0.006545 0.241776 0.970310 -0.896250 0.431771 -0.101541
-2.029746 -15.823604 -1465.486966 478.741769 -0.856385 -0.462312 -0.229942 -0.466792 0.883553 -0.037939 0.220705 0.074845 -0.972465
1.799861 -12.839416 705.607778 -1036.863967 -0.749964 -0.639076 -0.170690 -0.640591 0.766019 -0.053457 0.164915 0.069252 -0.983874
5.935415 -34.765931 -2328.937335 1774.162509 -0.553373 -0.826830 0.100653 0.796027 -0.489407 0.356120 -0.245190 0.277190 0.929004
9.597006 -33.446149 1101.869258 2103.331887 0.520410 0.850222 -0.079349 0.819822 -0.471474 0.324967 -0.238883 0.234168 0.942391
-0.847260 -30.549902 -3053.084839 2536.664779 -0.595810 -0.796220 0.105088 0.785190 -0.549998 0.284570 -0.168782 0.252064 0.952878
10.390394 -36.329875 1086.539882 55.186974 0.508217 0.856732 -0.087900 0.794491 -0.426992 0.431812 -0.332415 0.289290 0.897670
7.606215 -37.113901 2264.641799 -117.838073 0.553190 0.826847 -0.101512 0.762064 -0.453054 0.462602 -0.336511 0.333266 0.880735
0.607419 -35.804063 -2845.449951 1247.099940 -0.605707 -0.790002 0.094953 0.752692 -0.530185 0.390330 -0.258019 0.307896 0.915765
-24.128900 -39.770575 -1381.411540 2102.907478 0.362915 0.484039 0.796240 0.400873 0.690282 -0.602339 -0.841186 0.537789 0.056475
-20.785009 -33.276577 -1925.976452 2003.892716 0.292404 0.508201 0.810082 0.432751 0.685086 -0.585989 -0.852776 0.521909 -0.019603
-20.562979 -39.505589 -2778.584781 -2251.601710 0.368101 0.642510 0.672073 -0.282533 -0.611352 0.739205 -0.885820 0.461985 0.043509
15.549304 -45.317437 882.793699 -335.962160 0.585200 0.808421 -0.063213 -0.043391 0.109063 0.993087 -0.809727 0.578412 -0.098902
17.819222 -45.680405 2150.254271 -141.210400 0.606509 0.792168 -0.067943 -0.142755 0.192566 0.970845 -0.782156 0.579127 -0.229879
11.327486 -46.583823 2755.113953 -335.772264 0.624617 0.780645 -0.021158 -0.080729 0.091494 0.992528 -0.776747 0.618242 -0.120169
22.842956 -44.334116 1266.699881 -112.936427 0.561926 0.817332 -0.127309 -0.093154 0.215454 0.972061 -0.821926 0.534366 -0.197206
9.974428 -45.405436 1352.019667 -87.017743 0.608313 0.793394 -0.021948 0.026424 0.007393 0.999623 -0.793257 0.608664 0.016468
14.893922 -43.202800 1026.903534 382.702238 0.559928 0.824259 -0.084133 0.097503 0.035286 0.994609 -0.822784 0.565113 0.060611
20.275666 -43.392541 1216.813355 -170.557991 0.545871 0.828850 -0.122606 0.000225 0.146186 0.989257 -0.837869 0.540034 -0.079612
6.980333 -131.956570 624.750615 -12311.185821 0.986716 -0.104802 -0.124130 0.086718 0.985907 -0.143066 0.137374 0.130401 0.981898
11.034801 -117.019539 -124.252110 -12109.390647 0.992339 -0.070261 -0.101617 0.079128 0.993145 0.086036 0.094876 -0.093418 0.991096
15.538630 -101.800951 603.467181 10879.971001 0.989221 -0.125057 -0.076180 -0.138338 -0.968688 -0.206172 0.048011 -0.214488 0.975546
-8.282301 -153.663043 -213.104264 -20379.349242 0.939159 -0.230258 -0.254876 -0.339452 -0.508840 -0.791109 -0.052468 -0.829495 0.556044
24.295722 -28.606991 -10706.780739 -2603.536774 0.678971 0.724225 0.120402 0.417841 -0.516043 0.747736 -0.603661 0.457383 0.652989
3.356169 -25.374827 -4700.193156 -3027.728911 0.699954 0.702502 0.128668 0.388664 -0.525830 0.756600 -0.599171 0.479577 0.641094
8.909519 -21.662016 -5184.549063 -2642.717116 0.654537 0.754983 0.039766 0.427278 -0.412799 0.804382 -0.623710 0.509506 0.592781
-6.049608 -22.272250 111.249632 -3015.194394 0.695563 0.716000 0.059468 0.426718 -0.478289 0.767562 -0.578017 0.508511 0.638210
-1.806458 -17.544645 -417.382435 -1923.165281 0.622529 0.780637 -0.055349 0.491378 -0.334850 0.804004 -0.609102 0.527713 0.592042
-13.948566 -35.039504 -4992.584924 -614.459191 -0.013446 0.911078 -0.412015 -0.601873 0.321670 0.730942 -0.798478 -0.257809 -0.544028
-623.916393 -9852.098890 -233045.269551 4448624.428840 0.319987 -0.067813 0.944992 0.830194 0.500662 -0.245187 -0.456494 0.862983 0.216503
-182.027284 -673.923812 -34269.518207 210513.625202 0.179166 -0.363447 0.914224 0.837461 -0.431320 -0.335592 0.516294 0.825754 0.227095
0.084989 -435.074129 -1688.749264 -12163.991174 -0.092922 0.194059 0.976579 0.830565 0.556033 -0.031462 -0.549115 0.808189 -0.212846
15.235663 -884.902657 -4926.871434 -222031.176139 -0.167663 0.144822 0.975149 0.600720 0.799311 -0.015423 -0.781681 0.583206 -0.221013
2.468116 -558.142322 -3875.065678 -140929.233130 -0.153623 0.175688 0.972386 0.235861 0.962142 -0.136575 -0.959568 0.208366 -0.189245
-35.630006 -50.422677 -419.210340 -565.436083 0.240409 -0.105953 -0.964872 0.745555 0.656682 0.113653 0.621572 -0.746688 0.236866
-36.673684 -50.783013 376.648610 280.415879 0.178485 -0.044338 -0.982943 0.846640 0.515927 0.130463 0.501342 -0.855484 0.129624
-37.918633 -53.376054 578.911534 1591.677422 0.108740 -0.121178 -0.986657 0.910805 0.409792 0.050051 0.398259 -0.904094 0.154930
-33.560903 -48.852319 -647.116444 -868.505896 -0.063935 0.986392 -0.151468 -0.826712 -0.137365 -0.545599 0.558981 -0.090337 -0.824245
-33.786532 -49.033654 -1682.218248 -771.036599 -0.108842 0.990865 -0.079624 -0.797009 -0.134857 -0.588719 0.594078 0.000616 -0.804407
-32.384468 -46.591501 -1650.453974 -355.428543 -0.121285 0.975781 -0.182048 -0.742847 -0.210874 -0.635383 0.658383 -0.058171 -0.750432
-35.293774 -51.060580 -1615.434039 -972.020140 -0.012543 0.998597 -0.051445 -0.885676 -0.034976 -0.462985 0.464135 -0.039756 -0.884872
-36.168205 -49.901813 625.307281 -134.276943 0.022934 0.993338 -0.112930 -0.928124 -0.020828 -0.371688 0.371564 -0.113338 -0.921463
-9.898599 -14.738288 -2406.115218 -829.838578 0.541733 0.839728 0.037167 0.671505 -0.405765 -0.620029 0.505575 -0.360848 0.783698
-10.087435 -13.126680 -2993.408101 525.038394 0.658139 0.752392 -0.027563 0.616863 -0.559854 -0.553212 0.431664 -0.347087 0.832584
-9.400124 -39.727226 540.030749 855.184194 0.576479 0.816906 0.018360 -0.070248 0.071934 -0.994933 0.814087 -0.572268 -0.098854
-12.833920 -33.269960 371.523395 1038.667899 0.574518 0.816206 -0.061132 -0.318767 0.154333 -0.935184 0.753868 -0.556767 -0.348846
-8.895357 -33.762509 574.571820 -1491.264670 0.579821 0.814460 -0.021498 0.811440 -0.579643 -0.074698 0.073300 -0.025867 0.996974
-6.781904 -31.898842 509.059741 -1590.526388 -0.570362 -0.820837 -0.030224 0.821210 -0.569072 -0.042075 0.017337 -0.048818 0.998657
4.566627 -63.224663 -370.709979 854.890664 0.139474 -0.640296 -0.755359 -0.390878 0.665271 -0.636105 0.909814 0.383973 -0.157490
7.398548 -70.148448 334.117561 -1205.737138 -0.122311 0.639824 0.758726 -0.526420 0.606251 -0.596105 0.841381 0.472319 -0.262665
9.393113 -75.026096 940.548788 -3703.673069 -0.101422 0.608577 0.786986 -0.649603 0.558628 -0.515705 0.753478 0.563532 -0.338676
2.352331 -136.742042 317.424692 181.222424 -0.580711 0.729487 0.361419 0.603855 0.683711 -0.409755 0.546017 0.019704 0.837542
2.231935 -135.746849 334.692612 7858.320096 -0.594362 0.698269 0.398942 0.357133 0.673655 -0.647028 0.720548 0.242093 0.649770
3.754713 -146.903063 262.526189 -799.012216 -0.584918 0.711803 0.388854 0.584457 0.702302 -0.406426 0.562388 0.010457 0.826807
-19.297489 -22.847278 1368.671386 -2842.886113 0.684389 -0.543163 -0.486401 0.552624 0.821603 -0.139915 0.475625 -0.173041 0.862460
-1.028765 -99.966515 876.686633 2307.271048 0.010966 -0.330393 -0.943780 0.917588 -0.371761 0.140806 -0.397381 -0.867545 0.299088
-6.642124 -105.917947 925.765326 3698.151695 -0.031616 -0.319082 -0.947199 0.812743 -0.559805 0.161453 -0.581764 -0.764725 0.277031
3.428809 -96.059279 942.857934 652.055482 0.031118 -0.340703 -0.939656 0.978767 -0.180172 0.097740 -0.202600 -0.922746 0.327862
-0.099376 -99.660458 594.216068 -776.122730 0.017935 -0.330502 -0.943635 0.976787 -0.195703 0.087109 -0.213462 -0.923292 0.319320
-4.694704 -103.949444 421.812044 -2.846761 -0.026118 -0.321253 -0.946633 0.910492 -0.398587 0.110146 -0.412701 -0.859025 0.302909
4.711574 -108.979049 2052.588858 -657.100724 -0.004821 0.474380 0.880307 -0.635135 0.678501 -0.369108 -0.772386 -0.560893 0.298024
7.469518 -112.956337 955.402587 -689.423866 -0.013564 0.445332 0.895263 -0.658513 0.669784 -0.343148 -0.752447 -0.594197 0.284171
3.052615 -115.547322 2198.986002 -578.254983 0.007212 0.452059 0.891959 -0.446564 0.799553 -0.401616 -0.894723 -0.395420 0.207640
7.779198 -114.892082 -1057.883982 -2700.727907 -0.043043 0.392235 0.918857 -0.681855 0.660680 -0.313967 -0.730220 -0.640042 0.239010
4.877724 -121.207593 -704.179447 -3596.019753 -0.033084 0.394010 0.918511 -0.477629 0.801047 -0.360825 -0.877939 -0.450645 0.161689
-1.437311 -180.313806 -2117.574975 -8267.976798 0.755858 -0.302310 -0.580764 -0.526645 0.246288 -0.813626 -0.389003 -0.920842 -0.026949
-7.582856 -110.271885 -42.377114 -2629.833990 -0.089460 -0.300271 -0.949650 0.895103 -0.442384 0.055557 -0.436792 -0.845064 0.308349
-1.882764 -118.285160 -984.986864 -3283.828568 -0.071481 -0.318619 -0.945184 0.971401 -0.237356 0.006549 -0.226432 -0.917684 0.326473
3.249669 -125.000223 -3076.506952 -8150.138403 -0.120588 -0.290451 -0.949261 0.886661 -0.461535 0.028583 -0.446419 -0.838226 0.313188
-1.820997 -106.834674 -83.094169 -3149.868465 -0.018239 -0.322424 -0.946420 0.973879 -0.220008 0.056183 -0.226334 -0.920673 0.318015
-2.975921 -114.453238 -3216.216901 -4789.392372 -0.157827 -0.283943 -0.945763 0.766167 -0.639435 0.064119 -0.622960 -0.714492 0.318467
-10.381394 -107.541163 369.609130 1366.636463 -0.096794 -0.294077 -0.950868 0.793983 -0.598908 0.104402 -0.600184 -0.744868 0.291463
-16.607196 -377.494848 -5573.165190 -137638.852504 0.751052 -0.160089 -0.640541 0.657398 0.271288 0.703015 -0.061226 0.949091 -0.308994
16.576375 -3564.292189 -18450.361409 -1159360.575776 0.756788 -0.239965 -0.608021 0.648349 0.157225 0.744932 0.083162 0.957965 -0.274567
-24.616519 -64.941251 10010.606882 -27850.850961 -0.564891 0.171073 0.807237 0.824993 0.137097 0.548262 -0.016877 0.975673 -0.218578
8.232567 -40.631470 -2733.552903 999.159001 0.533788 0.831759 -0.152471 -0.635730 0.275827 -0.720948 0.557599 -0.481764 -0.676008
6.774576 -40.798994 1502.844677 1061.159136 0.510671 0.854535 -0.094793 -0.638602 0.303168 -0.707302 0.575676 -0.421734 -0.700527
5.507130 -41.267926 500.074992 679.781096 0.538459 0.836607 -0.100747 -0.562260 0.267659 -0.782447 0.627635 -0.477962 -0.614514
5.578484 -40.550132 300.449087 736.173413 0.520206 0.847014 -0.109333 -0.690753 0.341999 -0.637101 0.502241 -0.406946 -0.762987
9.040224 -40.745294 -4135.404380 -772.279613 0.560831 0.812276 -0.160236 -0.534207 0.207164 -0.819577 0.632527 -0.545243 -0.550108
9.034708 -40.038296 -2723.809033 939.347833 0.526262 0.836910 -0.150429 -0.692669 0.319318 -0.646719 0.493211 -0.444541 -0.747747
15.192931 -40.866168 -3783.839409 -192.564576 0.504782 0.848224 -0.160346 -0.596124 0.208170 -0.775436 0.624365 -0.487012 -0.610727
1.413793 -79.841007 -806.819411 3582.865562 0.031558 -0.476444 -0.878638 0.719531 0.620986 -0.310888 0.693743 -0.622396 0.362413
1.715794 -70.968667 -935.826590 1867.892449 0.059194 -0.456515 -0.887744 0.569125 0.746048 -0.345700 0.820118 -0.484774 0.303975
-2.032647 -65.223774 -1281.364255 2609.883546 0.056396 -0.463843 -0.884120 0.545742 0.755852 -0.361737 0.836053 -0.462101 0.295766
-6.556946 -65.646150 -1688.034150 2095.012715 0.056613 -0.452075 -0.890182 0.538781 0.764474 -0.353970 0.840542 -0.459574 0.286848
-9.052105 -23.352817 -318.434126 -1482.453411 0.303771 0.808064 -0.504734 0.952525 -0.246187 0.179134 0.020493 -0.535187 -0.844485
-10.426378 -26.602857 190.442001 -243.847678 0.267924 0.816751 -0.511013 0.957285 -0.165821 0.236873 0.108729 -0.552649 -0.826291
-11.041101 -27.841600 -204.270292 -234.034029 0.198262 0.838697 -0.507227 0.969857 -0.093071 0.225200 0.141666 -0.536586 -0.831869
-946.199516 -1921.703900 -286794.250079 869073.613058 0.360968 0.903614 0.230615 0.563965 -0.014566 -0.825670 0.742728 -0.428099 0.514865
-117.691855 -512.053963 53155.889640 195271.641304 0.417733 -0.166572 -0.893170 0.404482 0.914356 0.018652 0.813568 -0.369063 0.449332
-298.776977 -1144.171855 452090.556367 -211604.266947 0.287664 0.354694 -0.889630 -0.179155 0.932425 0.313826 0.940826 0.069106 0.331770
-149.651350 -12934.292358 61975.162271 -8157716.419567 0.401970 -0.287255 -0.869428 -0.045805 0.942020 -0.332417 0.914507 0.173445 0.365506
-13.830790 -308.218431 10645.452543 145560.767956 0.434646 -0.458920 -0.774903 0.461472 0.852377 -0.245961 0.773386 -0.250690 0.582261
-64.926285 -1544.042674 9923.950559 -383387.531342 0.368027 -0.376231 -0.850298 0.032511 0.919128 -0.392615 0.929247 0.116849 0.350495
-49.851543 -69.631918 -1324.517262 -1367.748399 -0.208106 0.973060 0.099230 0.911720 0.156243 0.379941 -0.354201 -0.169538 0.919673
-43.734253 -63.712683 -906.150885 -2170.231775 0.109037 0.903311 0.414898 0.860849 -0.294512 0.414972 -0.497041 -0.311917 0.809727
-45.291808 -65.277449 -664.369840 -2842.996676 -0.042989 0.969869 0.239802 0.885375 -0.074224 0.458915 -0.462886 -0.232043 0.855507
-36.749642 -50.453039 -1121.568675 -44.843756 -0.119292 0.514756 -0.848997 0.810687 -0.443168 -0.382607 -0.573198 -0.733913 -0.364440
-7.570020 -65.863331 8921.561911 -1904.125846 0.208930 0.791739 0.574019 0.976935 -0.142496 -0.159038 -0.044121 0.594007 -0.803249
11.384700 -69.560340 9955.269809 -1510.559033 0.269874 0.805151 0.528110 0.961556 -0.196425 -0.191905 -0.050778 0.559597 -0.827208
6.756279 -69.983551 11333.657452 -751.987430 0.159702 0.803805 0.573056 0.970936 -0.232731 0.055858 0.178267 0.547479 -0.817611
-13.480003 -64.551149 8732.289082 -2634.271990 0.155109 0.812487 0.561966 0.985018 -0.170597 -0.025229 0.075372 0.557459 -0.826776
20.188007 -44.047356 -1039.470691 -4024.153386 0.970363 0.224292 -0.089938 -0.150846 0.852977 0.499676 -0.188788 0.471300 -0.861531
19.656669 -32.520600 1104.387956 -1844.558211 0.969888 0.223154 -0.097568 -0.161267 0.888628 0.429341 -0.182511 0.400678 -0.897857
-6.492932 -20.648489 -2103.706640 -1267.824824 0.109800 0.960365 -0.256210 0.824592 0.055911 0.562958 -0.554970 0.273082 0.785770
0.448957 -40.607861 409.740942 11.668700 0.727456 0.684067 -0.053485 0.326857 -0.276941 0.903586 -0.603301 0.674801 0.425055
