17743
35474
-46.316229 -72.056056 -426.862804 -10198.987882 -0.019534 0.520694 0.853520 0.477063 0.755087 -0.449727 -0.878652 0.398398 -0.263154
-58.090161 -89.066669 847.191013 10096.661851 0.112656 0.620550 0.776032 -0.583137 -0.591072 0.557301 -0.804524 0.515317 -0.295278
-48.431639 -92.997596 -2365.136304 20259.423025 0.126921 0.751967 0.646866 -0.504732 -0.512439 0.694731 -0.853895 0.414671 -0.314503
-47.790644 -73.998473 -1174.843872 -6828.680650 -0.062038 0.317448 0.946244 0.528487 0.814701 -0.238669 -0.846671 0.485272 -0.218309
-35.118872 -85.778892 -7442.386396 22045.121920 0.057433 0.785019 0.616803 -0.408670 -0.545203 0.731944 -0.910873 0.294107 -0.289501
-40.594847 -56.078266 -3756.159971 -9440.006807 -0.083143 0.491628 0.866827 0.365150 0.824371 -0.432525 -0.927228 0.280561 -0.248059
-39.912103 -60.378244 -2391.681699 -6350.523661 -0.173955 0.130919 0.976012 0.391915 0.918454 -0.053347 -0.903406 0.373234 -0.211079
76.536661 -105.500197 -8250.171541 -9360.077996 -0.063719 0.808813 0.584603 0.742940 -0.352675 0.568912 -0.666319 -0.470575 0.578427
73.217778 -103.047265 -2945.476915 -15901.473714 -0.093270 0.736821 0.669624 0.766659 -0.375957 0.520471 -0.635243 -0.561918 0.529825
60.438677 -90.841141 -5914.981949 -2907.819403 -0.144746 0.769501 0.622027 0.680143 -0.379208 0.627382 -0.718648 -0.513878 0.468481
-69.375092 -84.623028 951.420718 969.471654 -0.190019 -0.948917 -0.251891 0.971671 -0.145044 -0.186593 0.140526 -0.280211 0.949597
-68.412973 -83.987582 -2715.650741 496.151913 -0.084383 -0.989289 -0.119106 0.988444 -0.068000 -0.135480 0.125930 -0.129162 0.983595
-68.579633 -83.438349 1179.666291 -1695.787917 -0.179078 -0.955665 -0.233744 0.983775 -0.171322 -0.053245 0.010839 -0.239486 0.970839
2.492862 -25.918689 -454.871392 -754.311326 -0.158840 0.570380 0.805876 0.722347 0.623565 -0.298968 -0.673042 0.534633 -0.511060
19.465068 -28.916816 8122.112833 77.048843 -0.128562 0.587111 0.799232 0.700569 0.624183 -0.345829 -0.701908 0.515457 -0.491558
21.649717 -29.986830 13589.681468 -2793.939984 -0.212001 0.507233 0.835326 0.711003 0.666473 -0.224252 -0.670470 0.546377 -0.501937
8.859101 -28.044835 -1905.246277 -2389.845692 -0.040807 0.650253 0.758621 -0.705423 -0.556453 0.439019 -0.707610 0.517234 -0.481411
15.025824 -33.411745 12444.153928 -4602.467551 -0.285863 0.428407 0.857175 0.711038 0.694500 -0.109976 -0.642423 0.578046 -0.503146
-3.882447 -28.840944 272.557490 -4983.159253 -0.283462 0.463761 0.839389 0.714792 0.685695 -0.137459 -0.639313 0.561024 -0.525862
-1.878276 -22.783632 -5966.587497 1268.407190 -0.096324 0.633075 0.768074 -0.749238 -0.554117 0.362762 -0.655259 0.540527 -0.527699
6.204752 -22.708347 -5119.389739 -2170.219950 0.017404 0.693044 0.720686 -0.744616 -0.472051 0.471927 -0.667266 0.544847 -0.507836
-12.934335 -20.814790 -723.097923 6735.222268 -0.109264 -0.843367 -0.526111 0.910887 0.126931 -0.392649 0.397927 -0.522130 0.754343
-16.267408 -31.329165 617.909524 4062.264641 0.138206 -0.785316 -0.603471 0.929628 0.313022 -0.194444 0.341600 -0.534131 0.773314
-13.842374 -32.546297 1460.141422 7064.690633 0.230393 -0.721692 -0.652748 0.901639 0.410629 -0.135760 0.366014 -0.557265 0.745312
-8.001869 -12.838835 -6575.848677 4852.853974 -0.597997 -0.777207 -0.195829 0.675933 -0.357728 -0.644318 0.430715 -0.517667 0.739260
-2.158196 -14.269575 7294.300759 3043.749272 0.752245 0.658295 0.027853 0.509717 -0.554634 -0.657701 0.417513 -0.508949 0.752764
-11.272530 -19.684361 1037.756706 9445.848294 0.156387 -0.750021 -0.642660 0.896624 0.380705 -0.226118 0.414257 -0.540862 0.732024
4.612959 -52.747897 8038.323098 977.541401 0.268971 0.696924 0.664794 0.483937 -0.694566 0.532338 -0.832742 -0.178535 0.524085
12.110088 -52.206498 9337.925212 988.040435 0.261005 0.704404 0.660069 0.565645 -0.665687 0.486731 -0.782255 -0.246325 0.572190
21.663557 -54.427477 10214.180005 -1077.007841 0.261567 0.685229 0.679738 -0.484679 0.702273 -0.521440 -0.834667 -0.193064 0.515807
11.539185 -54.966127 9204.000065 -897.108696 0.275581 0.673253 0.686138 -0.395222 0.730013 -0.557567 -0.876273 -0.117522 0.467262
-2.614717 -62.049149 55.306645 104.094301 -0.205882 0.495406 0.843911 0.715693 0.664367 -0.215406 -0.667380 0.559633 -0.491339
-1.860633 -58.904021 685.156142 -2897.315398 -0.217072 0.474414 0.853119 0.677739 0.702226 -0.218056 -0.702530 0.530858 -0.473962
-3.439104 -67.888989 -247.957698 6909.975836 -0.195864 0.494984 0.846539 0.802238 0.577339 -0.151965 -0.563960 0.649362 -0.510175
-3.708951 -74.176416 109.757736 6657.188015 -0.195409 0.501545 0.842774 0.806236 0.571433 -0.153130 -0.558390 0.649551 -0.516027
2.354205 -82.905958 -2814.122512 -158.607908 -0.218798 0.272841 0.936849 -0.561278 0.750182 -0.349562 -0.798182 -0.602316 -0.010998
0.817289 -81.038760 -2072.033129 -5242.652884 -0.232888 0.295282 0.926592 -0.445019 0.814823 -0.371514 -0.864709 -0.498872 -0.058356
4.181666 -81.777798 -1403.767498 -6467.220595 -0.215038 0.299138 0.929664 -0.480845 0.796123 -0.367391 -0.850028 -0.526027 -0.027357
7.151750 -83.174618 -988.735638 -1157.472878 -0.202019 0.297714 0.933035 -0.558361 0.747675 -0.359464 -0.804625 -0.593590 0.015187
7.056151 -86.605388 -2231.404859 5655.820383 -0.190134 0.271245 0.943544 -0.663858 0.672527 -0.327109 -0.723285 -0.688574 0.052198
3.557171 -83.675749 -3328.845698 5403.525865 -0.203884 0.258936 0.944131 -0.668489 0.667737 -0.327492 -0.715230 -0.697911 0.036955
9.711180 -96.792624 -7448.050546 -5866.812091 -0.015120 -0.559718 -0.828545 0.834915 0.448878 -0.318473 0.550171 -0.696580 0.460530
3.679357 -94.916441 -5217.330667 -1443.649148 0.003965 -0.541683 -0.840573 0.907633 0.354783 -0.224348 0.419747 -0.762042 0.493056
-0.343011 -94.112012 -4053.164882 -4782.187678 0.038608 -0.520991 -0.852689 0.875806 0.428498 -0.222157 0.481117 -0.738212 0.472830
-4.601872 -94.228932 -3928.242481 1996.305983 0.063953 -0.516853 -0.853682 0.938048 0.323051 -0.125315 0.340552 -0.792781 0.505493
7.712408 -101.616432 -6069.807936 -6416.809869 0.005234 -0.539765 -0.841799 0.774249 0.534942 -0.338193 0.632859 -0.649992 0.420713
-6.905323 -93.168218 -1072.447487 -319.905744 0.079502 -0.486740 -0.869921 0.923658 0.364161 -0.119343 0.374881 -0.794022 0.478533
-0.381979 -101.839652 -4402.504059 -6247.492824 0.048269 -0.510823 -0.858330 0.783633 0.552212 -0.284573 0.619346 -0.658879 0.426953
4.107289 -56.070915 1413.290822 -201.459007 -0.049528 -0.427620 -0.902601 -0.303694 0.867367 -0.394263 0.951481 0.254588 -0.172825
3.644951 -56.885844 2165.067832 -1038.033501 -0.055545 -0.420146 -0.905755 -0.391367 0.843724 -0.367372 0.918557 0.334077 -0.211296
2.837678 -56.845340 2111.963145 -1163.169586 -0.066944 -0.424000 -0.903185 -0.331928 0.863120 -0.380589 0.940926 0.274314 -0.198518
4.294857 -58.854104 -1592.956806 2194.032056 -0.025147 -0.394219 -0.918673 -0.299058 0.879846 -0.369371 0.953904 0.265447 -0.140020
-4.146823 -86.187101 392.129216 974.406603 -0.037316 0.526268 0.849499 0.789473 -0.505645 0.347929 0.612649 0.683641 -0.396606
-2.705856 -91.428889 -1863.998097 1579.667912 -0.028895 0.544731 0.838113 0.841794 -0.438880 0.314272 0.539024 0.714599 -0.445870
-0.633349 -89.282583 1758.054690 1439.266155 -0.080503 0.541716 0.836698 0.872217 -0.368012 0.322188 0.482449 0.755719 -0.442868
-2.596150 -84.541330 5178.764835 1611.784660 -0.081484 0.515662 0.852909 0.788616 -0.489933 0.371552 0.609463 0.702893 -0.366737
27.493576 -53.518426 -741.129255 674.497276 -0.258624 0.397129 0.880569 -0.529832 0.703907 -0.473068 -0.807708 -0.588900 0.028364
31.797338 -53.898649 -10447.263488 1455.535409 -0.312690 0.355698 0.880740 -0.586294 0.657246 -0.473590 -0.747318 -0.664460 0.003029
17.876951 -50.346554 -13438.926240 1757.502954 -0.340211 0.320391 0.884085 -0.536514 0.705991 -0.462310 -0.772275 -0.631607 -0.068292
24.321312 -48.934534 -11739.095070 623.775935 -0.335731 0.384293 0.860002 -0.442643 0.741545 -0.504160 -0.831476 -0.549936 -0.078855
1.947684 -50.867097 -12927.987413 1065.607209 -0.310155 0.269436 0.911706 -0.586754 0.700301 -0.406569 -0.748013 -0.661047 -0.059109
0.870644 -47.567308 -17125.219413 2893.099565 -0.332256 0.269360 0.903909 -0.519290 0.747782 -0.413714 -0.787365 -0.606850 -0.108579
8.044188 -46.533611 -16514.951086 1800.366755 -0.356477 0.319671 0.877915 -0.455806 0.760736 -0.462084 -0.815576 -0.564881 -0.125477
15296.925574 -183.195073 12122966.326842 -65650.081198 0.883348 -0.239762 0.402754 0.356490 0.901556 -0.245177 0.304321 -0.360154 -0.881860
720.375462 -58.679406 233224.939362 -10322.608589 -0.828687 0.396662 0.394889 0.294050 0.908848 -0.295855 -0.476249 -0.129054 -0.869789
1178.413855 -63.130754 494625.229505 -3784.648975 -0.618656 0.438518 0.651895 0.271469 0.897946 -0.346406 -0.737272 -0.037337 -0.674563
2801.527075 -67.209474 1787378.671914 221.047088 0.834410 -0.030007 0.550327 0.311944 0.848900 -0.426684 0.454369 -0.527700 -0.717691
41.509494 -41.307078 6456.987653 6056.914170 -0.213799 0.232217 0.948876 -0.236263 0.930207 -0.280882 -0.947876 -0.284237 -0.144013
46.587131 -52.299889 4436.310798 6079.359860 -0.292019 0.258336 0.920862 -0.298742 0.890017 -0.344418 -0.908558 -0.375677 -0.182726
46.395523 -41.636766 466.997645 7054.048185 -0.292624 0.182081 0.938732 -0.222395 0.941824 -0.252006 -0.930006 -0.282512 -0.235106
35.532977 -48.469382 7943.005849 3721.321405 -0.213531 0.302414 0.928951 -0.313238 0.879485 -0.358313 -0.925358 -0.367493 -0.093070
42.898292 -31.143979 4127.607631 4985.049426 -0.226765 0.176299 0.957860 -0.180912 0.958740 -0.219290 -0.957000 -0.223015 -0.185514
26.024894 -39.623724 8697.204157 4682.561882 -0.149248 0.265030 0.952620 -0.245913 0.923192 -0.295370 -0.957733 -0.278345 -0.072610
34.598087 -33.008182 7950.458954 4801.978538 -0.166904 0.218746 0.961402 -0.195350 0.948413 -0.249704 -0.966427 -0.229486 -0.115562
-18.781273 -102.348466 1027.848718 3239.667397 0.131367 -0.214472 -0.967856 0.957264 -0.226314 0.180079 -0.257661 -0.950149 0.175576
-18.253217 -99.017366 1486.738803 1786.694017 0.127443 -0.186173 -0.974217 0.971199 -0.175949 0.160672 -0.201325 -0.966634 0.158387
-20.427652 -98.426531 1360.828332 71.083164 0.122554 -0.214152 -0.969082 0.989623 -0.047430 0.135633 -0.075009 -0.975648 0.206117
51.537100 -46.541985 -2931.782326 -3560.157242 0.753582 -0.383167 -0.534132 -0.592552 -0.044167 -0.804320 -0.284598 -0.922622 0.260330
36.054227 -39.086432 -10657.676685 -766.039348 0.701847 -0.510803 -0.496478 -0.616368 -0.086108 -0.782736 -0.357073 -0.855375 0.375278
46.265474 -39.985460 -2287.772261 541.795139 0.777097 -0.381659 -0.500456 -0.579724 -0.124488 -0.805247 -0.245029 -0.915882 0.317997
65.534685 -44.578440 -2783.974599 -452.105752 0.821820 -0.274887 -0.499048 -0.540540 -0.099335 -0.835433 -0.180077 -0.956331 0.230223
-4.015195 -124.120549 243.511302 6613.046883 0.826649 0.413276 -0.381909 -0.008564 0.687847 0.725805 -0.562653 0.596715 -0.572147
-2.997671 -144.262970 129.843172 10020.445284 -0.822327 -0.425355 0.377958 -0.113414 0.773425 0.623659 -0.557598 0.469986 -0.684250
-6.451141 -131.623941 -839.721547 2595.811215 0.818027 0.449322 -0.359084 -0.025202 0.651699 0.758059 -0.574627 0.611063 -0.544431
-5.135449 -142.831909 416.837012 9539.338991 -0.815789 -0.445369 0.368964 -0.103477 0.740066 0.664526 -0.569017 0.503934 -0.649823
-6.691681 -117.408840 -110.634093 3296.437190 0.827253 0.438048 -0.351803 0.046942 0.570094 0.820237 -0.559864 0.695058 -0.451049
5.607188 -139.959904 9791.687929 -17278.393303 0.804712 0.505617 -0.311113 0.005566 -0.530456 -0.847694 0.593640 -0.680418 0.429678
17.157854 -124.962005 13347.764869 18161.496195 0.798917 0.511825 -0.315858 -0.131929 0.661512 0.738239 0.586793 -0.548121 0.596018
1.844313 -131.917448 8321.922948 19343.848631 0.801169 0.510832 -0.311737 -0.129844 0.656890 0.742722 0.584183 -0.554569 0.592608
-2.305830 -135.814157 2298.833904 -13324.319321 0.826562 0.469123 -0.310996 0.001673 -0.554588 -0.832123 0.562843 -0.687281 0.459187
-28.787659 -51.444625 2819.009223 -731.627617 0.181983 0.669338 0.720325 -0.247368 0.740162 -0.625276 -0.951678 -0.064396 0.300269
-27.408716 -53.144510 3863.200548 212.621448 0.208672 0.637445 0.741701 -0.145729 0.770197 -0.620935 -0.967067 0.021484 0.253613
-30.429893 -51.248660 689.552580 756.069960 0.140942 0.666856 0.731737 -0.190394 0.743576 -0.640972 -0.971538 -0.048979 0.231766
-31.423363 -50.321634 -1018.146147 823.244850 0.105198 0.705882 0.700474 0.305023 -0.693334 0.652878 -0.946517 -0.144979 0.288247
-27.986107 -51.312142 2262.317073 1568.034528 0.162666 0.708929 0.686265 0.345858 -0.692367 0.633253 -0.924079 -0.134342 0.357814
8.067425 -40.736538 -8373.652887 1069.331393 -0.625099 -0.201046 0.754209 0.655440 0.389497 0.647064 -0.423851 0.898818 -0.111700
-3.552718 -44.165745 -8812.548980 739.222253 -0.579687 -0.173074 0.796247 0.686217 0.423247 0.591581 -0.439397 0.889329 -0.126584
-9.154650 -43.578184 10570.287062 -2991.033613 0.658321 0.213929 -0.721698 0.643683 0.337057 0.687069 -0.390237 0.916857 -0.084189
-3.253812 -630.639320 18663.932489 294299.814537 0.552154 0.828542 -0.092974 -0.703224 0.402907 -0.585784 0.447886 -0.388824 -0.805117
32.734281 -1893.101298 36341.604299 950426.291097 0.554111 0.832314 0.014625 -0.373731 0.264432 -0.889045 0.743832 -0.487164 -0.457586
4.068613 -1665.352445 16818.978890 732172.727495 0.621799 0.781564 0.050237 -0.386227 0.361814 -0.848481 0.681318 -0.508182 -0.526837
55.620321 -2038.259213 -6792.410923 -1214376.413418 0.477502 0.853578 -0.208318 0.814539 -0.341157 0.469188 0.329420 -0.393721 -0.858176
-34.065122 -218.373824 -16857.744681 -155150.289578 0.507745 0.825433 -0.246689 0.830850 -0.393463 0.393543 0.227780 -0.404781 -0.885589
-615.880820 -5721.560262 237192.023087 3501265.526327 0.657954 0.752359 -0.032449 -0.512372 0.478826 0.712882 -0.551880 0.452417 -0.700533
-922.400087 -26174.916873 281874.038690 27789627.942908 0.674795 0.712622 0.191889 0.500619 -0.633039 0.590459 -0.542248 0.302375 0.783924
-412.691606 -6734.993427 161928.465203 7695066.755651 0.720576 0.690147 0.066846 -0.501724 0.452434 0.737277 -0.478585 0.564802 -0.672276
-1934.304624 -8037.503462 667019.879671 5312385.009156 0.798255 0.600426 -0.047724 -0.524337 0.653727 -0.545630 0.296412 -0.460575 -0.836666
-17.471739 -34.195249 -2934.030376 7361.463452 -0.375789 0.412122 0.830023 0.925548 0.211658 0.313946 -0.046297 0.886203 -0.460977
-17.497159 -42.882055 -2684.971832 5643.766509 -0.412853 0.395586 0.820405 0.902331 0.300180 0.309339 -0.123899 0.867988 -0.480880
-18.028274 -34.983775 -2372.965152 7143.212129 -0.386942 0.383317 0.838656 0.919390 0.230104 0.319020 -0.070692 0.894494 -0.441455
-14.861287 -25.353196 1716.380038 5367.817617 -0.195313 0.410347 0.890768 0.980706 0.089367 0.173865 -0.008260 0.907540 -0.419884
-16.533566 -31.017302 2611.966900 7349.759984 -0.261169 0.382875 0.886114 0.963625 0.157356 0.216023 -0.056726 0.910300 -0.410045
18.708391 -62.198419 -3965.982606 467.775853 -0.033478 0.513477 0.857450 -0.729855 0.573548 -0.371960 -0.682782 -0.638267 0.355562
17.654509 -60.559301 3331.787103 2206.232916 0.053532 -0.511876 -0.857390 0.816531 -0.471818 0.332664 -0.574815 -0.717893 0.392705
17.767628 -61.120860 2801.503992 1322.198125 -0.039454 0.523289 0.851241 -0.738244 0.558837 -0.377754 -0.673379 -0.643327 0.364267
-22.175420 -47.720737 -3251.433439 95.195517 -0.035427 0.608498 0.792764 -0.107175 0.786374 -0.608383 -0.993609 -0.106518 0.037357
-19.111276 -45.675509 -2928.000926 1054.793741 -0.077250 0.636476 0.767418 -0.130336 0.756666 -0.640679 -0.988456 -0.149515 0.024503
-23.240161 -46.824192 -2865.532300 2821.913683 -0.033684 0.642104 0.765877 -0.146976 0.754798 -0.639280 -0.988566 -0.134099 0.068949
-28.689858 -49.858365 -2031.581256 -117.607155 0.020749 0.627488 0.778350 -0.125079 0.774030 -0.620671 -0.991930 -0.084477 0.094546
-17.516559 -110.254163 -567.521908 -2432.165805 0.027104 -0.207186 -0.977926 0.603519 0.783262 -0.149217 0.796888 -0.586153 0.146270
-17.932091 -108.548912 -573.184466 -141.609280 0.052475 -0.197500 -0.978897 0.745784 0.659648 -0.093110 0.664117 -0.725160 0.181908
-19.077441 -109.424782 -3647.392517 -20.036066 0.040023 -0.185155 -0.981894 0.745365 0.659986 -0.094071 0.665454 -0.728104 0.164423
-18.993817 -114.093321 -4244.466531 -3606.057415 0.034305 -0.198564 -0.979487 0.592328 0.793423 -0.140099 0.804967 -0.575371 0.144833
-16.859640 -38.288561 -11973.589375 -351.816796 0.796202 0.467020 0.384649 -0.559230 0.810705 0.173260 0.230921 0.353057 -0.906656
-32.644266 -35.967807 3085.594629 1195.591073 0.158691 0.855547 0.492805 0.954211 -0.261087 0.145997 0.253573 0.447072 -0.857804
-34.820874 -38.807267 1434.794245 1644.496477 0.858781 -0.508521 0.062459 0.412059 0.757982 0.505639 0.304470 0.408496 -0.860482
-31.043108 -39.117618 -2570.540525 625.823355 0.937167 0.114581 0.329528 -0.209227 0.940413 0.268044 0.279179 0.320149 -0.905298
-2.281910 -41.917179 -18306.911372 -1214.392395 0.858289 0.398371 0.323483 -0.455587 0.881646 0.123045 0.236180 0.252983 -0.938200
45.379701 -43.821510 -36630.996301 -1286.035195 0.807939 0.503360 0.306371 -0.560217 0.817359 0.134462 0.182732 0.280272 -0.942368
33.305942 -156.951716 7981.852095 35038.355452 -0.011247 -0.218245 -0.975829 0.319473 0.923959 -0.210326 0.947529 -0.314117 0.059332
55.668758 -259.960641 13357.799166 104695.444386 -0.001529 -0.327089 -0.944992 0.407422 0.862802 -0.299299 0.913239 -0.385469 0.131944
40.137896 -125.158640 8755.751406 8417.906492 0.019019 -0.265399 -0.963951 0.288789 0.924490 -0.248837 0.957204 -0.273646 0.094227
31.934559 -122.957749 5692.318310 -4085.178358 0.040726 -0.164384 -0.985555 0.220797 0.963469 -0.151576 0.974469 -0.211435 0.075534
27.387743 -64.010469 -2782.331265 -5514.297752 0.152788 -0.149517 0.976883 0.861184 0.505042 -0.057393 -0.484786 0.850045 0.205926
30.545326 -70.805953 -2387.150964 439.163566 0.238122 -0.082832 0.967697 0.797663 0.585116 -0.146198 -0.554105 0.806708 0.205401
24.001340 -109.157665 -1030.095670 -27061.820237 0.017809 -0.155477 0.987679 0.872635 0.484604 0.060550 -0.488047 0.860805 0.144305
23.630976 -83.566989 177.641773 18192.118469 0.202852 -0.197762 0.959031 0.834209 0.547781 -0.063492 -0.512782 0.812913 0.276093
-8.088688 -33.777036 8094.901764 -3320.130797 -0.141959 -0.328680 -0.933711 -0.356615 0.896906 -0.261505 0.923403 0.295853 -0.244536
-16.562823 -39.935396 10484.373557 -6805.389612 -0.232861 -0.119971 -0.965082 -0.350413 0.936055 -0.031813 0.907186 0.330769 -0.260010
-24.218056 -37.046533 11850.340297 -6272.759091 -0.252674 -0.023219 -0.967273 -0.282419 0.957946 0.050779 0.925416 0.286006 -0.248606
-13.280417 -29.087903 10436.965586 -4090.702100 -0.156301 -0.326211 -0.932286 -0.314987 0.911065 -0.265977 0.936137 0.252085 -0.245152
-57.097810 -68.438175 -4721.921270 6334.235186 0.195214 0.977467 -0.080308 0.523919 -0.173153 -0.833983 0.829096 -0.120730 0.545916
-61.061432 -72.149094 -3053.078243 3834.682346 0.270161 0.913695 -0.303604 0.544224 -0.405039 -0.734687 0.794251 -0.033255 0.606680
-58.714133 -71.160182 -3658.101103 -282.892339 0.262020 0.955973 -0.132141 0.615764 -0.271040 -0.739846 0.743089 -0.112487 0.659671
-10.732063 -137.256451 -3024.997904 -8541.607221 -0.464804 -0.529482 0.709652 0.847713 -0.034730 0.529318 -0.255618 0.847610 0.464992
-5.938456 -144.402080 -3220.750144 -7682.991000 -0.329074 -0.528259 0.782721 0.907101 0.053533 0.417495 -0.262446 0.847394 0.461568
3.095810 -128.213346 -5300.686465 -10347.536270 -0.422972 -0.528861 0.735800 0.806599 0.150271 0.571679 -0.412908 0.835299 0.363019
-0.703625 -125.403011 -6924.778582 -14460.596845 -0.571734 -0.513438 0.639923 0.712699 0.075568 0.697388 -0.406423 0.854793 0.322722
-10.200389 -143.057875 -1260.525717 -6265.794011 -0.530364 -0.548947 0.646042 0.825476 -0.160780 0.541053 -0.193139 0.820248 0.538415
-14.774284 -144.549071 527.445832 -4052.918754 -0.485373 -0.551291 0.678594 0.870774 -0.235113 0.431827 -0.078516 0.800500 0.594168
-15.412078 -56.511489 2903.341140 -187.655792 -0.152195 -0.643797 -0.749908 0.133114 0.738481 -0.661004 0.979345 -0.200424 -0.026695
-18.118651 -55.242823 4280.039112 -1137.544414 -0.167946 -0.672814 -0.720496 0.240937 0.680696 -0.691810 0.955899 -0.289781 0.047785
-13.108176 -53.905948 2470.558194 -436.039102 -0.171299 -0.629666 -0.757745 0.223338 0.724273 -0.652341 0.959571 -0.280979 0.016561
-9.986533 -52.799472 -506.470106 -236.716531 -0.160794 -0.604618 -0.780117 0.200974 0.753785 -0.625633 0.966310 -0.257381 0.000308
-11.564023 -54.429032 1014.656501 -430.822606 -0.160956 -0.597189 -0.785785 0.121501 0.778120 -0.616252 0.979454 -0.194664 -0.052684
-6.248128 -52.968981 2971.229392 435.095132 -0.168328 -0.618136 -0.767837 0.292753 0.712457 -0.637731 0.941255 -0.332135 0.061034
20.209271 -45.614272 -2657.752974 -2885.697170 0.224514 -0.371778 -0.900763 0.962557 -0.059494 0.264471 -0.151914 -0.926413 0.344500
15.755721 -49.956960 -726.817847 3011.733414 0.201912 -0.359432 -0.911065 0.979217 0.055940 0.194947 -0.019106 -0.931493 0.363257
21.958045 -46.698704 -3668.014419 769.003659 0.275182 -0.353874 -0.893895 0.956918 0.011224 0.290140 -0.092640 -0.935226 0.341717
31.685969 -47.852565 -6178.287838 -6736.510872 0.294071 -0.351123 -0.888952 0.931653 -0.102369 0.348631 -0.213414 -0.930716 0.297021
25.069476 -46.859470 -6266.461412 -8754.818174 0.219183 -0.380000 -0.898643 0.942666 -0.155102 0.295507 -0.251674 -0.911890 0.324217
21.225785 -45.317674 -3669.431724 -5169.219747 0.187995 -0.399411 -0.897290 0.946595 -0.169972 0.273984 -0.261946 -0.900878 0.346126
5.666486 -44.519813 1377.871888 1334.338623 -0.229262 0.518674 0.823660 0.867852 -0.274257 0.414267 0.440764 0.809790 -0.387255
2.013372 -39.530945 605.149806 6.861315 -0.178738 0.502712 0.845774 0.890610 -0.282684 0.356235 0.418170 0.816928 -0.397194
5.192040 -42.091446 1585.170626 -205.258834 -0.143289 0.488691 0.860610 0.922891 -0.248059 0.294516 0.357409 0.836450 -0.415464
9.096793 -45.251396 1598.765168 -1395.531274 -0.188761 0.509984 0.839217 0.915042 -0.218864 0.338817 0.356465 0.831874 -0.425344
5.695839 -36.101634 2278.018849 -3011.852093 -0.073227 0.469502 0.879890 0.955494 -0.219781 0.196793 0.285777 0.855140 -0.432512
9.384627 -40.150145 2421.622812 -3383.200748 -0.115102 0.481447 0.868885 0.949783 -0.202875 0.238231 0.290970 0.852673 -0.433918
5.439595 -62.354895 -390.579706 12791.592007 -0.032424 -0.552951 -0.832583 0.342207 0.776531 -0.529051 0.939065 -0.302069 0.164045
6.394483 -66.016929 208.012140 13834.538730 -0.043867 -0.533862 -0.844433 0.349750 0.783551 -0.513540 0.935816 -0.317868 0.152346
7.314382 -65.779409 -209.846856 8294.517089 -0.036842 -0.553082 -0.832312 0.455495 0.732033 -0.506608 0.889476 -0.397778 0.224956
7.940730 -65.780650 11.620795 14140.833742 -0.026484 -0.550452 -0.834447 0.352106 0.776107 -0.523143 0.935585 -0.307669 0.173263
6.977940 -63.028059 844.963885 9247.682752 -0.037608 -0.548297 -0.835438 0.434126 0.744050 -0.507862 0.900067 -0.381785 0.210047
6.133107 -73.854493 -384.385158 -5627.696618 -0.031228 -0.559799 -0.828040 0.609112 0.646178 -0.459822 0.792469 -0.518728 0.320801
7.575639 -76.249907 21.443120 -7404.176763 -0.049225 -0.551399 -0.832788 0.626217 0.632522 -0.455815 0.778093 -0.543944 0.314159
5.301956 -95.539213 2000.470140 -9346.670319 -0.083840 0.546976 0.832940 -0.674304 0.584295 -0.451568 -0.733679 -0.599514 0.319841
8.588633 -78.865664 -1339.091533 11804.355976 0.087817 -0.529099 -0.844004 0.771398 -0.499958 0.393683 -0.630264 -0.685635 0.364242
7.741406 -96.714992 1688.792637 -6823.254854 -0.093664 0.530332 0.842600 -0.627570 0.625565 -0.463491 -0.772905 -0.572204 0.274227
9.781030 -83.523117 243.532991 -7869.273709 -0.100170 0.498876 0.860865 -0.728249 0.552780 -0.405078 -0.677952 -0.667500 0.307935
10.780643 -94.373542 1379.556043 -5121.100978 -0.108122 0.516350 0.849525 -0.622703 0.630952 -0.462753 -0.774952 -0.579035 0.253313
9.565564 -102.108488 922.067573 -1886.936683 -0.120116 0.537665 0.834559 -0.481066 0.703832 -0.522682 -0.868417 -0.464260 0.174111
-0.614965 -140.980016 -1064.601269 -25176.283621 0.039472 0.744455 0.666504 -0.368579 0.630835 -0.682786 0.928758 0.218709 -0.299291
-4.479973 -143.521820 -529.677622 -15189.313542 0.043810 0.732653 0.679191 -0.336818 0.650874 -0.680380 0.940550 0.198956 -0.275286
-2.234376 -137.670119 -6114.392125 2282.801327 0.067449 0.765966 0.639334 -0.601257 0.542572 -0.586606 0.796204 0.344837 -0.497138
-3.238607 -132.195577 2534.883276 -1976.255622 -0.020968 0.732559 0.680380 -0.589984 0.540339 -0.599960 0.807142 0.413993 -0.420869
-2.423592 -142.120320 -667.723374 25370.445961 -0.003082 0.751972 0.659188 -0.783794 0.407551 -0.468581 0.621013 0.518112 -0.588136
-2.303742 -138.177374 -3689.923421 23076.645314 0.017681 0.769699 0.638162 -0.832084 0.365214 -0.417438 0.554367 0.523624 -0.646912
-2.407508 -147.920038 404.051691 -9687.170380 -0.165076 0.730581 0.662572 -0.835585 -0.460491 0.299576 -0.523973 0.504182 -0.686479
-2.518066 -124.825453 -1416.494270 12228.249387 -0.150240 0.749507 0.644723 0.938408 0.313353 -0.145603 -0.311156 0.583137 -0.750421
-0.455341 -139.393901 -1493.146687 9056.837440 -0.166738 0.745338 0.645500 0.881948 0.405459 -0.240355 -0.440869 0.529221 -0.724955
1.315404 -41.107755 990.686958 1062.226182 0.984051 -0.003620 -0.177848 -0.066356 -0.935097 -0.348123 0.165045 -0.354372 0.920424
3.965949 -41.228618 -1894.658085 1993.401228 0.986632 -0.010100 -0.162650 -0.074304 -0.916173 -0.393834 0.145038 -0.400655 0.904677
-0.881475 -45.012209 592.155824 1371.103015 0.958900 -0.162274 -0.232760 -0.223144 -0.937972 -0.265360 0.175262 -0.306393 0.935632
-5.084133 -37.533136 3136.422070 -393.960637 0.969704 -0.118830 -0.213434 -0.171634 -0.953140 -0.249129 0.173828 -0.278214 0.944659
-0.864463 -48.716680 -2812.216478 1313.785305 0.969323 -0.133565 -0.206331 -0.196287 -0.925900 -0.322771 0.147931 -0.353370 0.923713
-3.656421 -43.888931 349.157347 6927.110911 0.919090 -0.252183 -0.302782 -0.362823 -0.841366 -0.400579 0.153731 -0.478024 0.864789
-7.483299 -52.714492 -2275.533650 3580.614018 0.935883 -0.232552 -0.264656 -0.312786 -0.894156 -0.320390 0.162137 -0.382628 0.909564
-2.007878 -47.637837 -3485.857714 3571.211439 0.960223 -0.166960 -0.223822 -0.242839 -0.894993 -0.374189 0.137844 -0.413657 0.899937
4.905069 -39.867582 -5021.581659 4149.041159 0.987292 -0.039697 -0.153878 -0.105447 -0.888069 -0.447454 0.118891 -0.457994 0.880969
3.393794 -35.951653 -3466.853868 8056.472557 0.972264 -0.110900 -0.205923 -0.200164 -0.849974 -0.487318 0.120986 -0.515020 0.848597
1.865331 -75.067327 -505.655864 4204.649882 0.045734 0.759652 0.648720 0.996665 -0.078628 0.021810 0.067576 0.645559 -0.760715
1.483675 -82.025651 429.301827 9161.042736 0.068348 0.752851 0.654632 0.996913 -0.026116 -0.074049 -0.038651 0.657672 -0.752312
3.681540 -79.967021 1183.987562 6297.754470 0.065910 0.748091 0.660315 0.997692 -0.060223 -0.031357 0.016309 0.660858 -0.750334
2.933813 -73.431878 983.530996 1925.930547 0.033709 0.751565 0.658798 0.988937 -0.120356 0.086701 0.144452 0.648587 -0.747307
2.761816 -70.009032 -166.006908 -4119.609378 0.027691 0.755662 0.654376 0.983668 -0.137068 0.116659 0.177849 0.640458 -0.747116
-4.015992 -47.901304 -2199.818826 778.119087 0.286946 -0.671549 -0.683142 0.297501 0.740342 -0.602816 0.910580 -0.030259 0.412225
-7.555868 -46.444859 89.227604 -390.096911 0.266256 -0.645650 -0.715712 0.198077 0.763318 -0.614907 0.943331 0.021956 0.331127
-4.338456 -49.023351 -2067.732857 -3410.607963 0.298856 -0.614550 -0.730078 0.254906 0.788652 -0.559510 0.919624 -0.018888 0.392346
-0.594469 -47.212380 -1128.881716 -485.965560 0.289564 -0.651716 -0.701013 0.309274 0.756809 -0.575838 0.905816 -0.050063 0.420703
-19.839866 -119.754050 -5279.227495 -7661.058800 -0.087376 0.682181 0.725944 -0.105877 0.718244 -0.687689 -0.990533 -0.136948 0.009470
-20.813214 -104.351061 -4386.484699 -5901.339387 -0.074347 0.668984 0.739549 -0.277205 0.698510 -0.659729 -0.957930 -0.254055 0.133514
-18.947290 -111.328768 1308.965525 -7821.818914 -0.016148 0.695235 0.718601 -0.144379 0.709542 -0.689714 -0.989391 -0.114888 0.088919
20.495912 -144.517068 -8823.616845 -23675.656420 0.210189 0.686926 -0.695668 -0.315670 -0.625767 -0.713280 0.925296 -0.369525 -0.085313
24.728667 -147.894889 -7557.230824 -14043.711865 0.138316 0.675541 -0.724233 -0.580342 -0.537279 -0.611992 0.802541 -0.504951 -0.317731
18.971470 -137.569648 -9018.271665 -10528.939701 0.185521 0.670297 -0.718529 -0.563727 -0.526326 -0.636547 0.804856 -0.523147 -0.280220
11.935129 -132.254502 -5722.061762 -18024.934739 0.192690 0.683629 -0.703933 -0.416663 -0.592490 -0.689455 0.888404 -0.426154 -0.170676
-7.738740 -140.684411 837.502333 4830.625773 0.148524 -0.318697 0.936148 0.923827 -0.293030 -0.246327 0.352823 0.901424 0.250899
-12.000672 -142.540073 141.879575 2402.057059 0.145520 -0.314528 0.938028 0.969103 -0.145540 -0.199141 0.199156 0.938025 0.283631
-7.627380 -152.764156 741.141539 -2146.852950 0.199058 -0.333850 0.921369 0.961963 -0.112927 -0.248746 0.187091 0.935837 0.298673
-17.083542 -143.256140 2513.176873 -14431.846505 0.194306 -0.336527 0.921409 0.980931 0.070984 -0.180932 -0.004517 0.938995 0.343902
8.946009 -47.876227 -2042.242562 5935.750923 -0.218774 0.584994 0.780973 0.792148 -0.360868 0.492216 0.569772 0.726330 -0.384453
5.380826 -53.340231 -2595.370812 3798.994264 -0.195344 0.580582 0.790421 0.843010 -0.312452 0.437845 0.501174 0.751863 -0.428401
4.214686 -47.318064 -2625.811812 5569.700214 -0.164422 0.575757 0.800918 0.803836 -0.392376 0.447089 0.571675 0.717318 -0.398299
9.753362 -36.097037 -2117.390668 6766.192664 -0.197203 0.582784 0.788336 0.743076 -0.435677 0.507960 0.639491 0.685965 -0.347136
4.336417 -39.465361 -2570.876030 6869.446954 -0.120201 0.561471 0.818720 0.768134 -0.469845 0.434989 0.628905 0.681173 -0.374810
4.183506 -39.031672 -8777.429932 4694.007750 -0.175462 -0.288426 -0.941288 -0.318476 0.921340 -0.222948 0.931550 0.260659 -0.253517
6.467449 -48.164067 -3376.703175 4742.486195 -0.150058 -0.450047 -0.880307 -0.287227 0.871831 -0.396752 0.946035 0.193312 -0.260091
-4.437641 -43.247606 -9061.037391 4678.903901 -0.142495 -0.356857 -0.923227 -0.264937 0.912462 -0.311805 0.953679 0.200166 -0.224566
-56.742922 -74.301015 10566.322359 -7083.028220 0.494523 0.042010 0.868149 0.801281 -0.409017 -0.436640 0.336745 0.911559 -0.235930
-32.606990 -70.281033 11216.478103 -3775.639769 0.168800 0.124047 0.977813 0.926571 -0.358265 -0.114504 0.336113 0.925342 -0.175414
-52.560512 -75.812918 11309.640588 -3154.279081 0.379342 0.046991 0.924062 0.802328 -0.514125 -0.303224 0.460835 0.856427 -0.232732
-68.802649 -88.997323 3016.365660 10201.451985 0.830209 -0.198406 0.520949 -0.350155 0.541549 0.764275 0.433757 0.816921 -0.380126
-66.884375 -86.071561 1084.158917 14870.400666 0.888895 -0.137092 0.437118 -0.337873 0.448174 0.827636 0.309367 0.883372 -0.352060
-20.270912 -94.511227 -1322.599895 1815.906781 -0.052531 0.641036 0.765711 0.674525 -0.542638 0.500560 -0.736381 -0.542787 0.403889
-20.467414 -98.735223 278.841316 3817.728123 -0.071889 0.651486 0.755247 0.526398 -0.618383 0.583531 -0.847194 -0.439510 0.298486
-18.902996 -94.783331 994.662276 2306.684596 -0.080779 0.634871 0.768384 0.658267 -0.544884 0.519409 -0.748438 -0.547759 0.373900
-18.337188 -92.000688 1621.568782 -328.269751 -0.055248 0.631021 0.773796 0.761175 -0.474932 0.441648 -0.646189 -0.613394 0.454079
-20.263671 -93.629578 537.704268 -454.432099 0.041177 -0.643601 -0.764252 0.785587 -0.451781 0.422785 -0.617379 -0.617796 0.487002
-21.064059 -93.495834 -2858.762848 -62.988078 -0.035567 0.643576 0.764555 0.712535 -0.520098 0.470948 -0.700734 -0.561522 0.440073
-9.474627 -55.541372 1993.768657 -4687.640458 -0.265714 0.498054 0.825432 0.896389 -0.187471 0.401672 0.354799 0.846639 -0.396637
-3.280560 -52.149865 5630.896630 -6371.630475 -0.335960 0.485889 0.806872 0.870876 -0.166052 0.462604 0.358757 0.858102 -0.367362
-6.328187 -48.820942 4835.716734 -190.753315 -0.270032 0.468886 0.840969 0.851731 -0.291007 0.435740 0.449040 0.833943 -0.320784
-14.169167 -53.346937 1931.809079 1391.163201 -0.187275 0.479989 0.857052 0.847080 -0.362861 0.388315 0.497377 0.798713 -0.338634
-11.809612 -50.764126 4672.849265 7420.949816 -0.181311 0.434681 0.882145 0.795623 -0.462395 0.391375 0.578023 0.772815 -0.262005
-0.808264 -43.531967 5246.324646 3549.680052 -0.264860 0.464416 0.845084 0.800872 -0.382176 0.461028 0.537079 0.798911 -0.270715
11.877720 -170.746274 2519.653463 -25376.871974 -0.044639 -0.548492 -0.834963 0.647751 0.620402 -0.442176 0.760543 -0.560587 0.327592
12.903498 -185.290994 -1567.882360 -38426.113402 -0.048492 -0.561679 -0.825933 0.593904 0.648634 -0.475975 0.803073 -0.513606 0.302130
9.294028 -152.411325 -177.707889 -14620.760708 -0.038261 -0.548768 -0.835099 0.723773 0.560988 -0.401803 0.688977 -0.619795 0.375719
8.811694 -189.715946 -2846.930115 -32849.584427 -0.046391 -0.540619 -0.839988 0.684998 0.594828 -0.420664 0.727066 -0.594905 0.342728
-80.089801 -351.412132 -18966.364945 167167.193474 -0.621512 -0.475766 0.622390 0.237484 0.642664 0.728413 -0.746541 0.600525 -0.286436
-52.163050 -337.839232 -9786.580502 132061.975002 -0.684343 -0.473125 0.554823 0.102869 0.690650 0.715835 -0.721868 0.546951 -0.423971
-100.702248 -499.658265 -21554.445726 199467.363095 -0.640974 -0.412960 0.647006 0.059409 0.813715 0.578220 -0.765260 0.409062 -0.497037
1.287825 -90.279942 -1764.265185 2010.493737 -0.002951 0.744420 0.667705 0.847846 -0.352181 0.396391 0.530234 0.567281 -0.630114
-0.508388 -85.061307 -1051.765905 10920.518779 -0.003229 0.739379 0.673282 0.878872 -0.319092 0.354633 0.477047 0.592874 -0.648789
-1.617453 -88.583380 -1538.583656 2662.322907 0.005881 0.738210 0.674545 0.841256 -0.368328 0.395757 0.540605 0.565137 -0.623190
-54.025381 -116.254657 -1591.382146 20190.192074 0.287924 0.801828 0.523613 -0.580082 -0.289018 0.761560 -0.761974 0.523010 -0.381911
-53.823710 -91.836790 -1006.151344 -4605.729724 0.044939 0.475491 0.878572 0.708565 0.604783 -0.363557 -0.704213 0.638864 -0.309738
-62.600115 -98.115284 2318.790160 6647.165867 0.175953 0.658413 0.731801 -0.677162 -0.458612 0.575436 -0.714487 0.596798 -0.365158
-51.537120 -83.999782 -995.059426 -6323.637575 0.004824 0.362788 0.931859 0.632534 0.720651 -0.283836 -0.774517 0.590802 -0.226000
-50.350535 -67.993493 -462.644645 -6313.455188 -0.188049 0.688755 0.700182 0.707050 -0.399879 0.583247 -0.681702 -0.604742 0.411787
-47.000035 -62.418962 -353.752822 -2526.970966 -0.217451 0.665610 0.713917 0.647738 -0.448749 0.615678 -0.730172 -0.596311 0.333560
-47.501833 -66.787298 4433.446829 -5931.050886 0.174370 -0.552507 -0.815065 0.725465 -0.487608 0.485735 -0.665805 -0.675999 0.315800
-51.993494 -71.521246 2749.064787 -8317.323344 0.147696 -0.608161 -0.779953 0.769619 -0.424630 0.476840 -0.621186 -0.670694 0.405336
-56.081650 -78.781328 -2191.585642 -6461.404064 0.170841 -0.723411 -0.668947 0.807090 -0.286690 0.516153 -0.565171 -0.628081 0.534880
47.956462 -35.275424 24824.467562 -1507.872970 -0.196980 0.514933 0.834292 0.711518 0.660523 -0.239689 -0.674493 0.546400 -0.496494
19.061250 -30.229018 6638.599151 -1977.146050 -0.060186 0.639515 0.766419 -0.678404 -0.589434 0.438561 -0.732220 0.493546 -0.469325
47.194306 -35.347585 21999.580693 472.809866 -0.114637 0.601108 0.790903 0.674974 0.631282 -0.381958 -0.728881 0.490053 -0.478101
59.181183 -35.763618 25788.552245 -1122.592429 -0.163593 0.552322 0.817421 0.697541 0.650691 -0.300063 -0.697620 0.521097 -0.491716
-17.938896 -40.003707 797.514165 2989.114931 0.340365 -0.706156 -0.620882 0.902740 0.430148 0.005652 0.263080 -0.562419 0.783883
-15.563249 -40.476238 1256.549137 4513.333644 0.288385 -0.705804 -0.647051 0.905974 0.419850 -0.054188 0.309911 -0.570585 0.760518
37.999402 -59.077530 7227.499526 175.815073 0.221605 0.636226 0.738991 -0.311422 0.764323 -0.564648 -0.924071 -0.105009 0.367513
41.860078 -60.325867 -805.376721 -136.895855 0.104616 0.614715 0.781781 -0.293485 0.770168 -0.566310 -0.950222 -0.170196 0.260982
35.908161 -59.676062 8268.427301 -358.126439 0.229979 0.626405 0.744800 -0.215165 0.779102 -0.588816 -0.949112 -0.024840 0.313958
28.998855 -58.064633 10814.646872 -313.558987 0.263897 0.638666 0.722816 -0.271969 0.768245 -0.579511 -0.925414 -0.043653 0.376435
-9.685693 -69.835023 736.022408 -2351.126976 -0.176537 0.421808 0.889333 0.914156 0.405220 -0.010730 -0.364901 0.811095 -0.457135
-10.581557 -72.971530 480.330663 11347.266714 -0.155503 0.421871 0.893221 0.972508 0.224048 0.063487 -0.173341 0.878537 -0.445113
-10.333464 -76.938545 1204.137942 9819.882529 -0.160889 0.424242 0.891142 0.965578 0.254635 0.053105 -0.204386 0.869011 -0.450607
-9.916316 -72.142733 822.808840 -957.513900 -0.172288 0.441803 0.880413 0.920770 0.389801 -0.015421 -0.349999 0.808001 -0.473957
-10.039315 -73.721110 2450.834598 -15443.403238 -0.181707 0.436879 0.880976 0.830153 0.548364 -0.100710 -0.527094 0.713046 -0.462318
-8.646886 -70.705408 2086.005966 -14318.150694 -0.201456 0.420184 0.884795 0.819224 0.567442 -0.082949 -0.536924 0.708135 -0.458539
-7.360806 -70.268146 -390.122758 -14803.146925 -0.225207 0.402406 0.887328 0.818889 0.571645 -0.051406 -0.527923 0.715046 -0.458264
2.788336 -83.405708 -661.589513 -2518.727774 -0.218059 0.320811 0.921700 -0.317433 0.869758 -0.377831 -0.922869 -0.374968 -0.087822
-2.321926 -92.819387 -1834.017704 5007.526077 0.025653 -0.517261 -0.855443 0.963317 0.241463 -0.117118 0.267139 -0.821058 0.504480
4.199947 -56.939037 -587.159135 270.612451 -0.026607 -0.417872 -0.908116 -0.382200 0.843670 -0.377019 0.923697 0.337051 -0.182158
2.380292 -58.735398 1667.517333 -2736.656439 -0.035733 -0.449481 -0.892575 -0.473145 0.794311 -0.381056 0.880260 0.408701 -0.241052
-1.026440 -85.791482 2939.274773 -4737.124750 0.003670 -0.534006 -0.845472 -0.731915 0.574666 -0.366140 0.681386 0.620158 -0.388739
1.017310 -95.183259 -3665.998040 1720.737245 -0.025092 0.536169 0.843738 0.864441 -0.412277 0.287697 0.502107 0.736580 -0.453142
-4.014444 -78.543455 -1153.253211 -4687.582218 0.038155 -0.516099 -0.855678 -0.654675 0.634023 -0.411601 0.754947 0.575896 -0.313686
-4.758477 -75.521081 513.606139 -7736.692760 0.015021 -0.517343 -0.855646 -0.575790 0.695138 -0.430405 0.817460 0.499138 -0.287440
-1.057545 -77.480546 3830.280433 -7441.713827 0.001771 -0.529884 -0.848068 -0.605449 0.674397 -0.422636 0.795882 0.514210 -0.319623
4.948167 -78.439883 5996.432746 -6616.990706 -0.016814 -0.544507 -0.838588 -0.625648 0.659949 -0.415971 0.779925 0.517666 -0.351766
5.004289 -90.717420 -4507.386173 3872.166703 -0.001745 0.536833 0.843687 0.788378 -0.518290 0.331415 0.615189 0.665722 -0.422323
33.733090 -56.426077 2957.817138 2845.043211 -0.243769 0.397217 0.884757 -0.598821 0.655962 -0.459486 -0.762882 -0.641820 0.077959
1.348431 -89.355819 3323.309664 4823.977977 0.897637 0.432371 -0.085454 0.193486 -0.560799 -0.805027 0.395993 -0.706088 0.587051
-3.871765 -96.778054 -1739.799060 4239.207923 0.884254 0.466119 0.028773 0.313012 -0.545823 -0.777239 0.346581 -0.696284 0.628547
2.397403 -89.174085 1112.895089 6400.450995 0.888314 0.458708 -0.022048 0.193467 -0.417339 -0.887918 0.416497 -0.784484 0.459472
-7.735226 -96.648100 -517.489200 1428.813703 0.883503 0.468414 -0.003425 0.330997 -0.629455 -0.703013 0.331457 -0.619980 0.711169
10.961921 -83.141547 6137.658845 7461.781343 0.900970 0.416794 -0.120562 0.087038 -0.445842 -0.890870 0.425061 -0.792154 0.437967
-5.796920 -91.887841 3351.497153 883.806915 0.891922 0.444109 -0.085103 0.276404 -0.684400 -0.674683 0.357878 -0.578242 0.733185
18.168907 -83.029306 9388.205464 5962.063146 0.909701 0.363201 -0.201320 0.022567 -0.527320 -0.849367 0.414651 -0.768127 0.487900
7.692243 -86.690845 7759.358864 2137.744910 0.911582 0.369727 -0.179775 0.108406 -0.637980 -0.762384 0.396567 -0.675487 0.621652
46.481106 -55.767834 -1499.741763 8513.421207 -0.356294 0.203907 0.911853 -0.273574 0.910366 -0.310470 -0.893427 -0.360078 -0.268574
-14.234756 -105.347238 76.848616 516.237210 0.112546 -0.137673 -0.984063 0.981955 -0.136064 0.131341 -0.151978 -0.981088 0.119875
