12132
24249
-21.082774 -29.572619 -323.558592 -1670.173080 0.863264 0.203988 -0.461697 -0.283301 0.952849 -0.108714 0.417752 0.224648 0.880350
-25.205870 -36.879014 147.859067 1586.554932 0.848071 0.192107 -0.493832 0.355747 -0.897124 0.261940 0.392708 0.397823 0.829166
-24.069151 -38.427728 -516.142051 -2587.281827 0.685679 0.546150 -0.481212 -0.636206 0.770870 -0.031634 0.353675 0.327841 0.876033
-22.007534 -33.288250 -34.510674 -1466.854612 0.878708 -0.147584 -0.453973 -0.035976 0.927829 -0.371268 0.476002 0.342568 0.809981
-15.664122 -37.887052 -1496.459889 -3046.582059 0.709355 0.580043 -0.400456 -0.614388 0.787286 0.052043 0.345461 0.209119 0.914837
-14.138821 -25.418257 -1401.408194 -1731.713447 0.856485 0.343517 -0.385266 -0.349335 0.935245 0.057290 0.379998 0.085519 0.921026
-16.799511 -22.661074 -29.318299 -898.008426 0.868147 -0.302983 -0.393093 0.217075 0.944063 -0.248241 0.446317 0.130180 0.885355
-19.317899 -26.892008 254.943126 -972.555935 0.826671 -0.396661 -0.399094 0.242788 0.891291 -0.382955 0.507612 0.219682 0.833109
-29.186504 -42.554114 -615.421317 -424.032890 0.816495 0.507736 -0.274846 -0.329134 0.018223 -0.944107 0.474349 -0.861320 -0.181992
-26.734108 -41.923104 -510.765311 -1256.317745 0.860346 0.437386 -0.261722 -0.226561 -0.131807 -0.965037 0.456591 -0.889562 0.014305
-24.925813 -42.825807 -869.603320 410.739446 0.895060 0.344539 -0.283126 -0.331836 0.090439 -0.938992 0.297914 -0.934405 -0.195279
-27.452362 -42.721206 -905.813484 1284.253675 0.842654 0.441166 -0.308717 -0.429849 0.205849 -0.879123 0.324290 -0.873498 -0.363094
-1.114095 -7.557876 -182.472064 -301.564980 0.754153 -0.252778 -0.606100 0.380115 -0.584592 0.716774 0.535506 0.770945 0.344786
1.395168 -7.101289 -392.025618 -4.317031 -0.577406 0.055440 0.814572 0.635842 -0.595312 0.491232 0.512158 0.801580 0.308486
0.790708 -8.150061 194.980165 -221.396503 0.702165 -0.198222 -0.683866 0.484448 -0.570875 0.662881 0.521799 0.796750 0.304820
-0.265251 -12.974966 -209.053340 -658.868043 0.829014 -0.397231 -0.393629 0.129000 -0.549060 0.825768 0.544147 0.735351 0.403935
-1.231738 -11.559819 -213.267279 -847.046912 0.837169 -0.445620 -0.317129 0.057760 -0.504547 0.861450 0.543886 0.739497 0.396652
-2.124625 -7.514031 -271.074305 -663.546256 0.819745 -0.397331 -0.412487 0.165678 -0.524909 0.834878 0.548242 0.752727 0.364463
-0.006593 -10.157761 -174.763802 -331.312923 0.795897 -0.319744 -0.514113 0.278867 -0.560115 0.780067 0.537384 0.764222 0.356627
17.431590 -32.689795 256.791987 -237.033998 0.988238 -0.062825 -0.139421 -0.135110 -0.785746 -0.603613 0.071627 -0.615351 0.784992
15.372756 -31.408195 768.029182 99.482590 0.993731 0.034269 -0.106420 -0.053095 -0.693025 -0.718956 0.098390 -0.720098 0.686861
17.402683 -39.076425 -249.423681 490.468743 0.997961 -0.062166 -0.014471 -0.053711 -0.695431 -0.716583 -0.034484 -0.715899 0.697352
13.734564 -27.198562 1260.126583 -158.877761 0.975401 0.008448 -0.220275 -0.138621 -0.753450 -0.642726 0.171396 -0.657451 0.733745
18.228262 -38.581080 -924.713483 -928.885333 0.987414 -0.154405 -0.034245 -0.146982 -0.815932 -0.559153 -0.058395 -0.557149 0.828357
0.413246 -19.834349 994.362074 -264.486398 -0.649440 -0.597686 0.470104 0.712453 -0.694347 0.101455 0.265777 0.400816 0.876760
-3.735428 -19.810248 572.510844 -231.102569 -0.643993 -0.588805 0.488448 0.688263 -0.724670 0.033879 0.334016 0.357998 0.871935
-3.465741 -17.905574 507.448530 -167.929013 -0.557916 -0.664415 0.497274 0.788885 -0.610631 0.069216 0.257663 0.430909 0.864828
0.708146 -17.082800 915.029230 -364.315233 -0.556448 -0.675047 0.484435 0.813240 -0.561995 0.151005 0.170315 0.477988 0.861696
-1.700044 -37.841194 -48.665859 332.919577 0.811178 0.522216 -0.263213 0.584363 -0.706433 0.399341 -0.022600 0.477748 0.878206
-1.810572 -37.864727 29.643482 -670.507815 0.805877 0.523946 -0.275760 0.575699 -0.584594 0.571683 -0.138323 0.619460 0.772746
-1.941029 -38.686789 -21.390044 -331.870155 0.805568 0.530129 -0.264617 0.584806 -0.639650 0.498849 -0.095192 0.556607 0.825305
-1.485178 -38.642078 -107.859600 701.277713 0.813521 0.523725 -0.252777 0.580415 -0.758209 0.297047 0.036087 0.388370 0.920797
-1.761857 -39.269711 152.075021 -843.273123 0.801007 0.531149 -0.276168 0.573290 -0.547712 0.609385 -0.172413 0.646446 0.743224
-1.442626 -38.973483 154.634512 368.154770 0.803203 0.529129 -0.273656 0.595052 -0.691143 0.410164 -0.027894 0.492285 0.869987
2.501589 -35.003140 -144.861015 1231.669261 0.860507 0.385361 -0.333204 -0.109156 0.778341 0.618280 0.497607 -0.495663 0.711832
3.262101 -39.304537 -179.922528 -1057.611580 0.860553 0.365777 -0.354479 0.025925 -0.726481 -0.686697 0.508701 -0.581749 0.634658
2.163446 -36.874754 -155.065603 -1059.126577 0.867628 0.349308 -0.353844 0.017447 -0.732603 -0.680432 0.496907 -0.584189 0.641722
2.592028 -37.040725 -217.233982 1164.228605 0.855463 0.414304 -0.310700 -0.164949 0.786709 0.594878 0.490891 -0.457647 0.741340
-2.450850 -60.738193 199.534923 814.024701 0.797588 0.509679 -0.322615 0.582465 -0.789789 0.192270 0.156802 0.341264 0.926797
-1.752183 -59.162039 334.757601 -1869.195793 0.798720 0.507110 -0.323861 0.600227 -0.633837 0.487829 -0.042108 0.584029 0.810640
-2.203530 -61.148680 186.903766 190.325477 0.807135 0.504422 -0.306745 0.586405 -0.745100 0.317735 0.068283 0.436331 0.897191
-0.928309 -58.435689 -2.758433 -2617.926798 0.803059 0.516201 -0.297713 0.582337 -0.573836 0.575843 -0.126413 0.635805 0.761427
-2.478243 -60.143696 126.414682 1689.022960 0.815368 0.495462 -0.299489 0.539919 -0.837467 0.084475 0.208958 0.230578 0.950353
-2.397424 -62.340848 -176.994168 1311.981973 0.824597 0.496746 -0.270708 0.550515 -0.814796 0.181770 0.130278 0.298916 0.945345
-1.650825 -62.652717 -277.352690 -1104.287758 0.820702 0.505456 -0.266387 0.571142 -0.713025 0.406684 -0.015620 0.485912 0.873868
7.212701 -51.927781 -359.505928 -511.564173 0.754029 0.566012 -0.333273 -0.183143 -0.306096 -0.934218 0.630792 -0.765465 0.127144
5.590074 -52.840768 -208.352343 1903.305379 0.762754 0.582167 -0.281581 -0.031549 -0.401402 -0.915358 0.645918 -0.707077 0.287804
6.869706 -57.037775 11.865432 36.478415 0.729230 0.608375 -0.313215 -0.150430 -0.304006 -0.940718 0.667529 -0.733117 0.130172
-2.325566 -24.696984 152.109493 -395.539549 0.939450 -0.008836 -0.342572 -0.292368 -0.542129 -0.787792 0.178758 -0.840249 0.511887
-1.776933 -23.300111 1207.771418 -499.179902 0.937821 0.015400 -0.346776 -0.258290 -0.636453 -0.726783 0.231900 -0.771162 0.592902
-2.585377 -23.238223 57.684863 -511.095644 0.943623 -0.027995 -0.329837 -0.273566 -0.626979 -0.729424 0.186381 -0.778533 0.599290
14.090347 -22.360565 -3915.838238 526.455681 -0.623787 -0.284837 0.727845 0.703263 0.201793 0.681690 -0.341045 0.937095 0.074439
14.065812 -20.981508 -2837.806885 247.142495 -0.597616 -0.314867 0.737370 0.741401 0.133118 0.657726 -0.305254 0.939754 0.153889
26.379626 -22.373023 -4503.191128 527.401769 -0.550555 -0.317319 0.772139 0.743543 0.234099 0.626371 -0.379516 0.918970 0.107056
-8.768386 -87.953534 -223.610129 6611.450449 0.329900 -0.592510 0.734913 0.941631 0.261836 -0.211595 -0.067055 0.761823 0.644306
-10.567852 -108.708038 -498.244737 5327.547763 0.355397 -0.566063 0.743819 0.834166 0.551119 0.020849 -0.421734 0.613059 0.668056
-9.657416 -89.085171 77.144944 5563.854599 0.339790 -0.626697 0.701280 0.930613 0.331878 -0.154326 -0.136023 0.705059 0.695981
-7.787896 -73.770282 842.707378 6028.559761 0.366356 -0.656388 0.659499 0.919391 0.146287 -0.365131 0.143192 0.740105 0.657070
17.569855 -5.906210 2209.822619 968.589149 0.784958 0.616582 0.060553 -0.303884 0.468346 -0.829642 0.539902 -0.632834 -0.555002
11.326617 -7.687017 2075.130463 255.120438 0.765398 0.641621 0.049881 -0.294388 0.417994 -0.859428 0.572277 -0.643120 -0.508817
8.097282 -4.578706 1849.063605 499.951595 0.780964 0.594203 0.192401 -0.195305 0.524934 -0.828433 0.593255 -0.609399 -0.526005
3.725238 -0.965303 -1345.959609 721.352562 -0.782982 -0.553239 -0.284369 -0.124642 0.587417 -0.799629 0.609429 -0.590650 -0.528894
12.857416 -1.314128 2361.072218 1307.036759 0.759773 0.631092 0.156424 -0.265671 0.520912 -0.811215 0.593434 -0.574781 -0.563438
10.069767 -83.666010 -197.952530 2719.306005 0.848171 0.352640 -0.395286 -0.024307 -0.719519 -0.694048 0.529165 -0.598279 0.601703
9.359604 -128.053318 -235.376307 -16992.787902 0.867604 0.310664 -0.388266 -0.101240 0.874823 0.473745 0.486840 -0.371715 0.790452
10.779845 -83.780214 -28.707144 -625.562347 0.840481 0.358068 -0.406667 -0.025758 0.776084 0.630103 0.541228 -0.519115 0.661507
10.292558 -73.057923 23.807598 468.251595 0.835931 0.371006 -0.404443 -0.123901 -0.590320 -0.797603 0.534666 -0.716852 0.447499
7.225848 -84.308326 560.044714 -8259.180945 0.334245 -0.162087 -0.928444 -0.299958 0.915584 -0.267828 0.893480 0.368014 0.257410
6.161922 -62.118347 93.320171 2998.273555 0.251691 -0.055740 -0.966201 -0.192556 0.975497 -0.106436 0.948459 0.212837 0.234790
9.147216 -76.866804 599.554131 -6357.529753 0.330526 -0.092169 -0.939286 -0.237683 0.955015 -0.177351 0.913378 0.281872 0.293751
-4.987580 -55.857626 552.225260 -982.730878 0.745702 0.566932 -0.350025 0.560815 -0.250427 0.789159 -0.359744 0.784777 0.504688
-2.630985 -52.401839 633.506786 -245.293361 0.772919 0.539342 -0.334224 0.578468 -0.382540 0.720443 -0.260711 0.750182 0.607665
-1.287899 -49.429840 499.417186 -593.730048 0.744197 0.560773 -0.362912 0.558469 -0.224297 0.798626 -0.366448 0.797010 0.480095
2.682841 -8.352287 -743.323917 586.614255 0.903625 -0.273814 0.329374 -0.332507 0.036307 0.942402 0.270002 0.961097 0.058237
3.142784 -7.883091 -570.836051 229.679464 0.961128 -0.261313 0.089158 -0.111175 -0.070692 0.991283 0.252732 0.962662 0.096995
5.509887 -9.666194 -67.578694 279.509811 0.931869 -0.281100 0.229355 -0.231420 0.026306 0.972498 0.279403 0.959318 0.040538
-1.965148 -25.271142 -609.401595 -492.461660 -0.754267 -0.017153 -0.656344 0.341326 0.843713 -0.414300 0.560873 -0.536520 -0.630530
-5.229191 -26.382918 281.262533 -587.690478 0.800871 0.022242 0.598423 0.303720 0.846157 -0.437919 0.516100 -0.532470 -0.670907
-3.793236 -29.257671 -529.317756 -382.530658 -0.771962 -0.033443 -0.634788 0.234287 0.913344 -0.333034 0.590918 -0.405812 -0.697232
-0.380432 -27.762735 -541.892602 -577.487028 -0.770098 -0.071993 -0.633850 0.213931 0.906928 -0.362926 0.600984 -0.415089 -0.683022
-1.457577 -35.238717 -878.773309 -1312.245857 -0.765422 -0.049607 -0.641614 0.149935 0.955839 -0.252769 0.625819 -0.289675 -0.724182
-4.655447 -33.260382 -593.027482 -787.834754 -0.768786 0.012471 -0.639384 0.198308 0.955173 -0.219813 0.607981 -0.295784 -0.736798
-2.148218 -20.004427 -103.389823 59.771628 0.841708 0.207556 -0.498445 0.214243 0.718989 0.661177 -0.495608 0.663307 -0.560712
-2.485158 -20.254034 33.650581 73.015860 0.848494 0.202975 -0.488733 0.137748 0.806980 0.574290 -0.510963 0.554604 -0.656758
-2.060913 -19.662779 265.957300 94.395824 0.846280 0.182043 -0.500669 0.191418 0.773136 0.604666 -0.497161 0.607554 -0.619443
-3.378480 -19.772096 -232.826603 45.798258 0.854237 0.222038 -0.470083 0.137682 0.775303 0.616400 -0.501321 0.591274 -0.631722
-1.832820 -20.470000 3.047116 159.561183 0.840183 0.215640 -0.497585 0.238540 0.677058 0.696198 -0.487022 0.703628 -0.517414
-2.686811 -21.717060 -91.805525 -268.192258 0.859510 0.232037 -0.455414 0.228615 0.622385 0.748580 -0.457141 0.747526 -0.481899
-2.637801 -19.715389 -142.982316 3.748617 0.854532 0.223019 -0.469082 0.194758 0.699648 0.687432 -0.481503 0.678790 -0.554436
-1.806681 -21.596590 5.805564 -256.927460 0.852578 0.230879 -0.468835 0.233938 0.633607 0.737438 -0.467316 0.738402 -0.486188
2.253793 -33.913840 -266.674433 1095.251496 0.904052 0.157775 -0.397237 -0.360242 -0.218917 -0.906808 0.230033 -0.962903 0.141075
1.422703 -34.910726 -311.553634 847.575906 0.913510 0.159021 -0.374447 -0.323372 -0.274642 -0.905540 0.246839 -0.948306 0.199465
2.685703 -37.059094 -339.461612 977.369322 0.911203 0.161398 -0.379026 -0.303487 -0.359175 -0.882547 0.278578 -0.919209 0.278299
-0.536141 -68.074517 -433.802900 1230.681378 0.974819 0.187936 -0.120037 0.155113 -0.958176 -0.240497 0.160214 -0.215822 0.963199
-1.182703 -69.876729 -205.059772 971.397655 0.966197 0.214011 -0.143746 -0.217974 0.975878 -0.012224 0.137662 0.043144 0.989539
-0.296842 -74.967995 -216.764783 545.485532 0.968905 0.215778 -0.121095 -0.213086 0.976410 0.034910 0.125771 -0.008021 0.992027
-2.562495 -69.456632 -360.892294 -799.431287 0.970252 0.193507 -0.145482 -0.160819 0.964350 0.210156 0.180963 -0.180508 0.966783
0.534294 -73.126127 -169.532833 2489.592153 0.975248 0.177046 -0.132461 0.105373 -0.898796 -0.425514 0.194391 -0.401024 0.895205
-1.089883 -66.556081 -210.303396 2665.654299 0.973739 0.165559 -0.156280 0.070525 -0.872017 -0.484367 0.216470 -0.460626 0.860793
2.520407 -46.369448 265.348268 525.290896 0.896233 0.236465 -0.375300 -0.174827 -0.589285 -0.788783 0.407678 -0.772546 0.486796
3.215187 -45.454943 109.774782 -78.695547 0.908817 0.259066 -0.327013 -0.020844 -0.754660 -0.655785 0.416675 -0.602805 0.680447
1.758264 -48.979096 377.144789 184.165186 0.893755 0.274074 -0.355085 -0.055565 -0.717874 -0.693952 0.445101 -0.639953 0.626375
-5.482524 -69.319753 -761.117258 4922.493069 0.861748 -0.479760 0.164986 0.413435 0.852560 0.319707 -0.294043 -0.207296 0.933042
-6.323759 -63.812152 -244.716501 4850.960966 0.888064 -0.448197 0.102281 0.409447 0.872290 0.267327 -0.209034 -0.195525 0.958162
-4.440705 -54.069202 -520.185309 2660.120035 0.890619 -0.429810 0.148531 0.416296 0.902043 0.114091 -0.183019 -0.039779 0.982304
-3.504242 -67.591574 -178.957025 4626.800773 0.871095 -0.469112 0.145350 0.412818 0.859737 0.300722 -0.266035 -0.201954 0.942571
-7.653042 -44.024295 -219.413585 -641.940989 0.922540 0.203494 -0.327887 -0.345952 0.059638 -0.936355 0.170988 -0.977258 -0.125418
-7.311087 -46.089850 -111.072967 -519.859890 0.917366 0.219135 -0.332295 -0.378517 0.221985 -0.898581 0.123146 -0.950107 -0.286587
-7.980247 -46.940696 -142.318597 -910.694288 0.906458 0.248831 -0.341198 -0.370926 0.082935 -0.924952 0.201860 -0.964990 -0.167475
-8.340157 -44.877491 -133.856581 -651.647476 0.920435 0.223797 -0.320491 -0.305101 -0.101231 -0.946924 0.244363 -0.969364 0.024896
-5.250872 -53.283712 341.564294 -1336.285907 0.871266 0.349547 -0.344546 -0.129972 0.841248 0.524795 0.473289 -0.412455 0.778382
-2.440536 -54.811874 315.071266 -881.915926 0.853827 0.396359 -0.337461 -0.208778 0.854584 0.475497 0.476856 -0.335538 0.812418
-3.978966 -55.763268 361.083002 -536.019503 0.869743 0.349245 -0.348677 -0.233192 0.913518 0.333327 0.434935 -0.208600 0.875966
-5.056570 -51.011574 158.480450 1193.232905 0.864690 0.371220 -0.338388 0.058992 -0.744058 -0.665505 0.498829 -0.555494 0.665279
-5.996037 -54.954771 118.485353 -1377.192373 0.897922 0.303106 -0.319159 -0.153711 0.895393 0.417906 0.412442 -0.326189 0.850584
-6.871855 -51.589461 106.843867 1728.644249 0.900363 0.294790 -0.320072 0.060214 -0.812889 -0.579298 0.430954 -0.502306 0.749645
-1.640039 -68.771413 -83.344635 339.290706 0.923650 -0.344864 0.167149 -0.383197 -0.824828 0.415715 0.005496 0.448027 0.894003
-3.150025 -75.299234 424.267418 -263.354288 0.933753 -0.331678 0.134516 -0.350498 -0.771240 0.531357 0.072495 0.543304 0.836400
-1.905370 -75.913570 224.552677 -122.957122 0.918105 -0.367597 0.148176 -0.392267 -0.896229 0.207126 -0.056660 0.248288 0.967028
-2.195191 -69.994262 214.595069 571.264267 0.933567 -0.328100 0.144229 -0.338282 -0.673723 0.657011 0.118395 0.662154 0.739956
-1.216511 -64.261934 -187.864170 495.656641 0.907864 -0.380913 0.175182 -0.409459 -0.895366 0.175107 -0.090152 0.230704 0.968839
-0.808744 -58.872614 156.119594 431.646786 0.918828 -0.368677 0.140824 -0.394375 -0.871214 0.292325 -0.014915 0.324134 0.945894
-0.785823 -62.880636 79.687821 776.540097 0.931802 -0.334393 0.141163 -0.358733 -0.789200 0.498471 0.055280 0.515116 0.855336
-4.842320 -15.468409 -236.907179 -337.952329 0.714445 0.643698 -0.274265 0.423278 -0.085495 0.901957 -0.557140 0.760489 0.333545
-6.824409 -16.491909 -375.347249 -234.490582 0.710849 0.638759 -0.294415 0.479827 -0.134359 0.867014 -0.514256 0.757584 0.402003
-7.312675 -15.427537 -563.476042 -187.664473 0.681235 0.631126 -0.370942 0.499595 -0.030435 0.865725 -0.535092 0.775083 0.336041
0.283479 -142.967189 -379.089368 -6215.952387 0.908314 -0.315606 0.274514 0.402958 0.836269 -0.371859 0.112206 -0.448383 -0.886771
-0.325395 -171.133251 -452.597687 5088.754336 0.876171 -0.358917 0.321719 0.481743 0.673875 -0.560192 0.015736 -0.645810 -0.763336
0.141339 -213.513028 -510.841571 -15689.832314 0.921777 -0.280394 0.267781 0.348773 0.901346 -0.256774 0.169365 -0.330083 -0.928634
402.260156 -21217.288102 -55731.904614 -5522395.369807 0.861526 0.192615 0.469758 0.357099 0.427819 -0.830332 0.360906 -0.883103 -0.299795
178.646750 -11.425849 -7317.308544 -11669.579951 -0.031784 0.956368 0.290430 0.769038 -0.162201 0.618281 -0.638412 -0.243003 0.730328
2278.668389 -13294.955898 444364.168506 2791568.703787 -0.625276 0.032921 -0.779709 0.729188 0.380626 -0.568691 0.278056 -0.924143 -0.262002
7.192473 -741.806730 -2890.568860 482404.298309 0.659362 0.255164 0.707201 0.358482 0.720128 -0.594060 -0.660858 0.645219 0.383353
82.859248 -2249.555788 -25775.878765 270743.225338 0.734400 0.527983 0.426486 -0.627335 0.767885 0.129628 0.259051 0.362749 -0.895157
285.388788 -2971.028532 -36323.432871 -1170740.911134 0.809409 0.471893 0.349535 -0.478079 0.183855 0.858859 -0.341026 0.862273 -0.374416
12.515157 -1321.825100 -1517.001867 -467137.269451 0.688955 -0.052555 0.722896 0.546890 -0.616840 -0.566056 -0.475660 -0.785332 0.396233
17.016792 -20.421614 -1411.528114 241.291656 -0.535613 0.130826 -0.834268 0.843612 0.127244 -0.521658 0.037909 -0.983206 -0.178520
9.914125 -20.743601 -3267.145049 428.513110 -0.601361 -0.001096 -0.798976 0.791175 0.138594 -0.595680 0.111386 -0.990349 -0.082478
10.136555 -18.717946 -2124.378328 -51.996200 -0.550536 0.064023 -0.832353 0.822359 0.213163 -0.527530 0.143653 -0.974917 -0.170004
2.666468 -24.693668 -388.758179 -143.929392 0.951897 -0.272178 -0.140751 0.026750 0.531405 -0.846695 -0.305248 -0.802202 -0.513124
2.984074 -24.686810 189.106815 -241.048823 0.963529 -0.165459 -0.210323 -0.080724 0.569627 -0.817929 -0.255139 -0.805076 -0.535496
0.456596 -24.014107 -89.626096 -55.074263 0.959233 -0.235390 -0.156409 0.029502 0.633808 -0.772927 -0.281073 -0.736803 -0.614914
-28.087364 -42.114898 -74.924544 1423.030831 0.683000 0.491392 -0.540412 0.670655 -0.715004 0.197462 0.289365 0.497296 0.817902
-28.256877 -41.152296 30.055585 762.758547 0.826439 0.209657 -0.522535 0.459310 -0.787812 0.410348 0.325627 0.579133 0.747376
-24.468965 -38.800425 -183.960758 1333.457273 0.866351 -0.023952 -0.498861 0.230094 -0.867389 0.441240 0.443276 0.497053 0.745952
-14.079247 -37.293607 -851.770805 -1001.060587 0.957497 -0.001553 -0.288440 -0.274089 -0.316438 -0.908153 0.089863 -0.948612 0.303414
-5.725393 -39.233523 -2260.995233 -563.655927 0.943237 -0.132524 -0.304536 -0.326452 -0.201240 -0.923543 -0.061106 -0.970536 0.233080
-12.968367 -40.341994 -988.111820 -272.827477 0.954146 -0.039988 -0.296659 -0.299172 -0.094006 -0.949557 -0.010084 -0.994768 0.101658
-6.383377 -41.968920 -2273.669020 49.445284 0.932798 -0.133636 -0.334707 -0.335871 0.014411 -0.941798 -0.130681 -0.990926 0.031442
-18.859209 -40.277273 -218.616066 -530.421122 0.958788 0.076387 -0.273663 -0.261304 -0.141136 -0.954883 0.111564 -0.987039 0.115359
-17.870825 -40.706034 -13.646133 114.200112 0.961447 0.039053 -0.272203 -0.273709 0.040461 -0.960961 0.026515 -0.998418 -0.049590
-13.508757 -41.604566 -1074.508145 185.447523 0.944446 -0.043218 -0.325813 -0.318266 0.127149 -0.939436 -0.082028 -0.990942 -0.106330
2.276672 -7.844253 -92.006026 71.590672 -0.476915 -0.068137 0.876304 0.729527 -0.586773 0.351409 0.490248 0.806880 0.329549
2.863199 -7.921342 -416.645053 43.353493 -0.582015 0.064904 0.810583 0.643804 -0.572165 0.508078 0.496764 0.817566 0.291223
15.647518 -33.767281 878.672945 660.159080 0.997617 0.068966 0.001769 0.041834 -0.584363 -0.810414 0.054857 -0.808557 0.585855
12.679193 -27.624951 1298.970463 226.799588 0.990945 0.116362 -0.066999 0.014875 -0.591046 -0.806501 0.133446 -0.798201 0.587424
10.797084 -26.265671 1064.186172 -139.353515 0.981893 0.064345 -0.178174 -0.089879 -0.669706 -0.737168 0.166757 -0.739834 0.651796
49.390921 -8.234501 -3855.961886 223.507396 -0.246064 -0.269314 0.931086 -0.559604 0.823816 0.090396 -0.791389 -0.498796 -0.353421
37.166879 -12.106815 -4643.548173 718.638058 -0.054194 -0.357135 0.932479 -0.611416 0.750184 0.251782 -0.789451 -0.556488 -0.259013
25.661308 -17.507492 2927.296633 -437.219080 -0.378567 0.028902 0.925122 -0.585830 0.766343 -0.263668 -0.716582 -0.641781 -0.273181
99.774828 -7.964332 -14634.804659 1596.973581 0.053205 -0.498319 0.865360 -0.528927 0.720975 0.447695 -0.846998 -0.481532 -0.225215
34.517734 -19.515785 1259.096208 -534.764688 -0.511892 -0.008500 0.859008 -0.524588 0.794946 -0.304742 -0.680274 -0.606621 -0.411386
62.049804 -10.970562 -3435.556347 1081.206323 -0.454964 -0.248677 0.855083 -0.480578 0.876952 -0.000664 -0.749701 -0.411237 -0.518490
143.778238 -1.498090 -18911.507862 1712.150578 -0.115203 -0.494910 0.861274 -0.468619 0.791576 0.392178 -0.875856 -0.358430 -0.323116
-1.670913 -37.208017 -33.649607 -721.023726 0.809761 0.516560 -0.278304 0.574977 -0.603988 0.551906 -0.117000 0.606930 0.786096
-1.887842 -35.477242 -13.782250 -627.065088 0.796594 0.527349 -0.295536 0.572617 -0.501534 0.648517 -0.193773 0.685833 0.701487
-1.707700 -37.489467 -37.142600 130.012064 0.814299 0.511522 -0.274339 0.580271 -0.705822 0.406325 -0.014210 0.490061 0.871572
0.817612 -38.582218 -417.085533 40.104143 0.869588 0.289477 -0.400026 -0.288203 -0.360271 -0.887212 0.400945 -0.886797 0.229859
1.626991 -38.884181 -236.153725 324.831759 0.868775 0.306077 -0.389289 -0.201336 -0.499893 -0.842360 0.452430 -0.810200 0.372670
2.000681 -37.448856 -330.026687 522.626041 0.868938 0.293683 -0.398369 -0.274555 -0.383667 -0.881714 0.411785 -0.875528 0.252751
2.001142 -38.001125 -339.370294 -409.999471 0.863507 0.288860 -0.413419 -0.336463 -0.280691 -0.898891 0.375697 -0.915299 0.145188
1.111601 -38.734193 -427.660277 -323.096241 0.860009 0.278955 -0.427281 -0.390570 -0.179026 -0.902998 0.328390 -0.943469 0.045012
-1.610267 -57.742898 -20.030052 -1236.872795 0.786294 0.528365 -0.320269 0.616787 -0.640825 0.457074 -0.036266 0.556932 0.829766
-0.609756 -53.332068 172.804730 -2525.918495 0.785929 0.526887 -0.323581 0.588715 -0.477669 0.652110 -0.189024 0.703009 0.685601
-0.660904 -53.747522 301.919416 -2795.017049 0.793658 0.520036 -0.315705 0.576261 -0.476276 0.664142 -0.195015 0.709030 0.677677
2.184805 -22.039029 -2121.760081 -285.388598 0.969873 -0.039011 -0.240468 -0.201160 -0.685021 -0.700201 0.137410 -0.727478 0.672231
-1.247728 -20.709527 -877.652761 -141.184167 0.959010 -0.024953 -0.282271 -0.202827 -0.756073 -0.622266 0.197890 -0.654012 0.730143
4.734416 -21.848140 -2092.490256 65.581075 0.979354 0.013587 -0.201694 -0.124899 -0.743846 -0.656577 0.158950 -0.668213 0.726792
-2.501306 -21.900017 -487.625091 -412.308356 0.945027 -0.043638 -0.324067 -0.261244 -0.696800 -0.667998 0.196660 -0.715936 0.669895
5.462505 -42.742026 421.995087 567.595152 0.751715 0.580469 -0.313018 0.367171 0.025900 0.929793 -0.547822 0.813871 0.193662
7.520992 -42.320378 519.866686 651.310101 0.752557 0.595775 -0.280552 0.354741 -0.007832 0.934932 -0.554812 0.803113 0.217239
5.281478 -46.616405 263.728936 1275.749285 0.757994 0.578974 -0.300390 0.252216 0.164544 0.953579 -0.601525 0.798570 0.021303
4.204278 -43.493443 -0.499510 682.301892 0.751947 0.581043 -0.311391 0.316476 0.096190 0.943711 -0.578290 0.808168 0.111557
4.317453 -19.371914 -1739.712341 160.189351 -0.644224 -0.330487 0.689749 0.733476 -0.011363 0.679620 -0.216768 0.943742 0.249724
15.461097 -18.852068 -2577.432926 66.954756 -0.534968 -0.351049 0.768488 0.801379 0.077243 0.593149 -0.267585 0.933166 0.240000
-8.025172 -88.655805 -675.182984 3149.875899 0.329112 -0.561404 0.759284 0.882452 0.469046 -0.035693 -0.336101 0.681778 0.649780
-6.272053 -95.881041 -648.879857 2389.103310 0.358331 -0.521183 0.774576 0.718011 0.684130 0.128163 -0.596707 0.510229 0.619360
-7.236601 -108.406165 -399.912688 -1066.951707 0.373329 -0.537778 0.755924 0.569172 0.776231 0.271127 -0.732577 0.329031 0.595877
-9.836666 -116.786753 -216.454401 2857.753359 0.377292 -0.577015 0.724365 0.671859 0.708871 0.214728 -0.637382 0.405656 0.655124
20.285282 -10.806014 1561.218262 628.992358 0.799183 0.597569 -0.064947 -0.353594 0.379996 -0.854737 0.486085 -0.706055 -0.514983
65.851791 -74.459847 45009.673256 -7781.412673 0.964750 -0.226212 0.134483 -0.061494 -0.690642 -0.720577 -0.255882 -0.686907 0.680208
-3.751037 -38.762158 -4285.080228 1035.944922 0.228201 0.915031 -0.332630 -0.121135 -0.312306 -0.942227 0.966049 -0.255310 -0.039574
27.713906 -1160.460729 -10292.896543 10919.153527 0.042066 0.444389 -0.894846 0.889428 0.391342 0.236155 0.455135 -0.805835 -0.378790
3.494397 -305.019532 -2387.962106 -63367.519150 0.139562 0.760712 -0.633909 0.424321 -0.624363 -0.655837 0.894692 0.177451 0.409924
5.086935 -1433.420811 2539.460408 -370944.851225 -0.486874 0.381092 -0.785953 0.558809 -0.555671 -0.615598 -0.671332 -0.738917 0.057584
93.469077 -316.354025 32961.147910 28218.065743 -0.013239 0.957273 -0.288882 0.947582 0.104250 0.302027 -0.319238 0.269741 0.908475
1.613979 -16.552255 -1457.623149 3811.671377 -0.489151 0.825085 -0.282783 0.161094 0.404106 0.900415 -0.857193 -0.394884 0.330585
5.868743 -111.553077 -1000.320530 8556.393937 0.906848 0.292268 -0.303655 0.082234 -0.829343 -0.552656 0.413357 -0.476204 0.776122
5.083386 -111.838250 -739.876088 -8866.822746 0.903208 0.317177 -0.289162 -0.172163 0.884875 0.432846 0.393161 -0.341166 0.853832
6.581327 -141.202610 -769.824859 -11296.117092 0.887676 0.345130 -0.304821 -0.278033 0.929417 0.242657 0.367054 -0.130650 0.920979
7.899615 -101.503901 -523.878181 -4327.994622 0.894092 0.306159 -0.326904 -0.163046 0.902295 0.399099 0.417151 -0.303531 0.856653
8.932706 -77.592577 251.787420 -474.399944 0.322284 -0.055042 -0.945042 -0.109822 0.989393 -0.095078 0.940251 0.134428 0.312820
21.129765 -489.454635 -2.622794 72756.565304 0.196627 -0.146141 -0.969526 0.034421 0.989249 -0.142133 0.979874 -0.005425 0.199543
2.796028 -21.578515 2351.600638 681.184079 -0.678594 -0.264561 0.685214 -0.337895 0.940749 0.028593 -0.652179 -0.212127 -0.727781
-0.607000 -28.665990 2180.015562 -1666.767817 -0.680851 -0.188607 0.707721 -0.260376 0.965483 0.006811 -0.684577 -0.179636 -0.706459
-8.624794 -26.339366 1819.258835 -570.558558 -0.711978 -0.160447 0.683626 -0.244044 0.969398 -0.026648 -0.658430 -0.185807 -0.729346
-0.667046 -5.289845 671.188751 132.531111 0.931641 -0.362659 0.022882 -0.051337 -0.069018 0.996294 0.359735 0.929363 0.082918
0.744824 -5.564482 426.644294 496.975538 0.874569 -0.329620 -0.355640 0.294730 -0.221051 0.929662 0.385050 0.917871 0.096176
3.149085 -4.818316 466.022351 165.625647 0.935159 -0.354151 -0.007474 -0.029410 -0.098650 0.994688 0.353007 0.929971 0.102669
-1.076787 -8.339292 -310.990711 1087.684137 0.671949 -0.210235 -0.710131 0.649002 -0.294751 0.701368 0.356764 0.932160 0.061615
-3.297007 -5.676154 369.669415 1427.150889 -0.454896 0.122318 0.882104 0.815726 -0.340177 0.467836 0.357296 0.932372 0.054967
-4.202499 -22.588740 184.833975 -954.773820 0.806651 0.020938 0.590658 0.375883 0.753047 -0.540031 0.456100 -0.657634 -0.599575
-6.386974 -22.936931 92.223151 -657.620473 0.851983 0.066767 0.519295 0.280356 0.779482 -0.560186 0.442183 -0.622856 -0.645387
-6.999846 -27.858909 -31.067007 -781.750471 0.826032 -0.019350 0.563291 0.287914 0.873663 -0.392198 0.484537 -0.486147 -0.727244
-2.542726 -23.120074 491.649587 -825.209790 0.762521 0.001932 0.646961 0.409665 0.772533 -0.485146 0.500736 -0.634971 -0.588281
-2.435013 -20.581831 121.454835 27.633847 0.842410 0.197054 -0.501513 0.130079 0.828834 0.544164 -0.522901 0.523645 -0.672585
-3.512933 -20.529788 359.514897 200.141901 -0.841982 -0.201256 0.500561 0.113393 0.841075 0.528900 -0.527454 0.502085 -0.685349
-2.877635 -20.490781 74.196232 95.951379 -0.840080 -0.196716 0.505537 0.091188 0.867460 0.489079 -0.534743 0.456965 -0.710798
0.735373 -26.333205 -121.814248 -166.645067 0.933149 0.331763 -0.138440 0.356242 -0.905045 0.232346 0.048211 0.266132 0.962730
1.378580 -25.928294 -99.465417 -249.877801 0.936167 0.324281 -0.135771 0.345672 -0.919444 0.187440 0.064051 0.222407 0.972848
0.383182 -26.222732 -49.456953 -139.674736 0.932363 0.330560 -0.146390 -0.342493 0.937276 -0.064902 0.115754 0.110650 0.987096
1.533123 -25.881853 -159.148260 -346.156246 0.935599 0.329495 -0.126838 0.352864 -0.884743 0.304495 0.011889 0.329642 0.944031
-0.680250 -26.394337 -274.472334 152.846955 0.928692 0.348295 -0.127362 0.363433 -0.923107 0.125658 0.073803 0.162985 0.983864
1.110145 -25.687125 -218.782525 -235.428738 0.933800 0.334904 -0.125928 0.357399 -0.856507 0.372373 -0.016851 0.392728 0.919500
0.144913 -26.097928 -356.207182 -160.619025 0.930602 0.346085 -0.119188 0.366017 -0.876729 0.312053 -0.003501 0.334021 0.942559
3.254648 -41.957755 46.944524 630.794610 0.901401 0.202359 -0.382789 -0.238472 -0.505878 -0.828987 0.361398 -0.838534 0.407742
3.253632 -41.091896 210.337952 1119.611863 0.893185 0.211313 -0.396948 -0.290814 -0.401858 -0.868296 0.342998 -0.890987 0.297481
-1.220680 -72.446473 -158.339823 -2410.223883 0.962840 0.232371 -0.137631 0.261313 -0.930300 0.257407 0.068224 0.283807 0.956451
-2.430961 -71.982944 -183.578301 -1934.740054 0.962595 0.220476 -0.157486 0.245913 -0.954937 0.166201 0.113746 0.198712 0.973435
1.211914 -32.735006 -524.688310 -2483.365137 0.884073 0.449175 -0.129062 0.452048 -0.751789 0.480069 -0.118608 0.482758 0.867685
0.148049 -25.214498 -227.661779 -893.357515 0.825623 0.529675 -0.194400 0.545276 -0.660508 0.516143 -0.144986 0.532141 0.834149
2.295891 -27.860412 -284.256893 157.008017 0.820730 0.529804 -0.213800 0.553010 -0.642734 0.530163 -0.143466 0.553355 0.820498
-6.884731 -47.044642 -295.171449 -562.720399 0.932164 0.165132 -0.322184 -0.349594 0.179256 -0.919593 0.094101 -0.969845 -0.224826
-7.127279 -49.107803 -63.073045 -344.126232 0.919619 0.202479 -0.336605 -0.390784 0.384640 -0.836265 0.039855 -0.900585 -0.432848
-0.841729 -56.080161 489.668975 392.585759 0.850928 0.388677 -0.353344 -0.322423 0.917521 0.232806 0.414686 -0.084175 0.906063
1.906187 -55.677190 708.933809 -1082.532566 0.825832 0.457719 -0.329385 -0.284903 0.842731 0.456765 0.486653 -0.283369 0.826360
1.420955 -56.047800 569.391172 -56.789359 0.840014 0.424698 -0.337650 -0.335702 0.895733 0.291490 0.426240 -0.131506 0.895000
-1.735755 -51.800458 635.272746 -1413.302472 0.829223 0.449738 -0.331850 -0.159722 0.759655 0.630407 0.535610 -0.469744 0.701757
-3.826667 -50.325615 226.629860 -1164.379900 0.852108 0.406514 -0.329633 -0.120702 0.765496 0.632018 0.509257 -0.498760 0.701352
-3.246816 -73.251004 328.410865 -962.737148 0.939172 -0.312414 0.142668 -0.307402 -0.579388 0.754860 0.153168 0.752799 0.640182
-4.157832 -70.854758 282.800927 -1297.029386 0.945839 -0.291232 0.143433 -0.311218 -0.687720 0.655885 0.092373 0.665000 0.741109
2.029509 -318.372314 362.037928 -54349.863496 0.724985 0.116795 0.678789 0.656362 -0.415874 -0.629475 -0.208771 -0.901891 0.378162
-0.945335 -56.023227 -6.982006 1680.813777 0.914733 -0.400775 0.051412 0.266113 0.501800 -0.823031 -0.304052 -0.766535 -0.565664
0.099328 -72.489509 304.206986 4013.234859 0.915149 -0.397851 0.064934 0.193423 0.292045 -0.936641 -0.353680 -0.869727 -0.344218
-1.338415 -62.038395 -67.647203 3046.072606 0.903142 -0.423518 0.070480 0.249187 0.383387 -0.889337 -0.349629 -0.820760 -0.451788
7.546316 -20.988578 408.426851 449.268968 0.471253 -0.433840 0.767922 0.854890 0.010476 -0.518704 0.216989 0.900929 0.375822
5.394216 -16.528343 340.276053 520.107101 0.484202 -0.422539 0.766166 0.821933 -0.080538 -0.563862 0.299959 0.902759 0.308302
2.850141 -18.203256 732.711369 795.402111 0.543767 -0.465797 0.698105 0.776589 -0.036081 -0.628974 0.318162 0.884156 0.342113
-0.091546 -24.959087 -34.600729 -562.361695 -0.817295 -0.378119 0.434804 -0.138506 0.861371 0.488728 -0.559325 0.339213 -0.756367
0.578268 -23.433454 -56.160934 162.643329 -0.822281 -0.340890 0.455685 -0.144377 0.899501 0.412374 -0.550464 0.273297 -0.788859
0.360720 -24.039698 -25.738123 143.993223 -0.823510 -0.343583 0.451423 -0.170997 0.909062 0.379955 -0.540918 0.235705 -0.807373
45.341901 -18.597888 -8606.684378 -124.904719 0.627988 0.428958 0.649327 0.120989 0.770412 -0.625961 -0.768760 0.471657 0.431911
14.148480 -17.064785 -4358.552375 -56.453903 0.612244 0.383076 0.691673 0.186529 0.780124 -0.597172 -0.768352 0.494631 0.406171
25.296905 -17.365803 -5991.047403 87.873423 0.642531 0.442795 0.625369 0.187163 0.700721 -0.688448 -0.743050 0.559395 0.367360
16.244283 -15.451054 -4854.952177 -348.616610 0.601823 0.347550 0.719040 0.154221 0.832820 -0.531626 -0.783598 0.430836 0.447610
-2.652397 -35.428435 -145.474917 -1485.345219 0.893937 0.282158 -0.348228 -0.334229 0.937329 -0.098514 0.298608 0.204453 0.932219
2.032072 -57.651170 189.514847 6661.586945 0.745327 0.521325 -0.415582 -0.540852 0.837274 0.080322 0.389830 0.164902 0.906002
1.553775 -39.032015 329.947909 -1552.318549 0.875097 0.272505 -0.399934 -0.300435 0.953773 -0.007504 0.379401 0.126721 0.916513
-0.613678 -55.955829 683.409219 -6924.179809 0.924847 0.085305 -0.370650 -0.180092 0.956572 -0.229210 0.335001 0.278736 0.900045
3.280447 -24.836622 396.572846 -346.167497 0.957780 -0.090229 -0.272978 -0.181150 0.547906 -0.816691 -0.223255 -0.831660 -0.508428
1.066472 -24.910349 274.426112 -537.741902 0.955220 -0.079674 -0.284968 -0.174684 0.625487 -0.760428 -0.238830 -0.776156 -0.583560
-18.308235 -38.816048 -929.371734 1099.697926 0.702027 0.549519 -0.452974 0.673355 -0.719271 0.171003 0.231842 0.425062 0.874970
3.755883 -8.330554 14.583319 116.977707 -0.510639 -0.041851 0.858776 0.723769 -0.560084 0.403068 0.464118 0.827378 0.316291
2.391882 -9.340084 644.165914 -38.690464 -0.439263 -0.169496 0.882224 0.776861 -0.564841 0.278283 0.451148 0.807605 0.379789
20.670136 -49.329005 -290.756305 554.800031 0.983484 -0.166063 0.071984 -0.067356 -0.704960 -0.706041 -0.167993 -0.689532 0.704503
17.643906 -41.331537 -416.972014 1523.670319 0.995002 -0.046284 0.088478 0.048045 -0.554858 -0.830557 -0.087534 -0.830656 0.549861
12.590828 -16.834384 3134.011079 635.297952 -0.253797 0.023552 0.966971 -0.637065 0.748174 -0.185431 -0.727829 -0.663085 -0.174880
73.106982 -18.436061 -10623.183396 972.130590 0.161423 -0.480571 0.861971 -0.597216 0.647774 0.472993 -0.785669 -0.591135 -0.182439
34.915624 -21.108728 -10121.915776 839.908043 0.067059 -0.514548 0.854835 -0.682373 0.601412 0.415536 -0.727922 -0.611182 -0.310784
-1.862916 -32.955942 121.284034 -572.231947 0.784483 0.530186 -0.321698 0.553426 -0.364443 0.748934 -0.279834 0.765561 0.579318
-2.294503 -35.035127 -40.117476 -602.229059 0.793628 0.523611 -0.309818 0.577837 -0.489325 0.653196 -0.190419 0.697418 0.690904
-2.005759 -32.532823 -50.497112 -518.483809 0.774441 0.534450 -0.338533 0.553089 -0.312178 0.772423 -0.307139 0.785435 0.537362
-1.462678 -31.966771 109.269602 -158.621944 0.770158 0.541199 -0.337580 0.528079 -0.244155 0.813340 -0.357757 0.804669 0.473833
-1.348594 -32.546377 179.747531 -204.037736 0.778801 0.536013 -0.325820 0.516003 -0.252107 0.818647 -0.356664 0.805688 0.472925
2.687003 -39.610117 -357.988550 637.971547 0.870394 0.303205 -0.387920 -0.214959 -0.474810 -0.853433 0.442953 -0.826210 0.348095
2.188677 -38.622430 -233.164743 -27.158942 0.870270 0.320735 -0.373843 -0.112410 -0.609611 -0.784690 0.479576 -0.724916 0.494473
-2.366588 -58.501163 -231.120559 -1643.681786 0.833231 0.486274 -0.263178 -0.501739 0.864965 0.009670 0.232342 0.123989 0.964699
-3.116945 -53.681271 -122.043022 -2166.950456 0.833996 0.477291 -0.276846 -0.457654 0.878646 0.136136 0.308226 0.013162 0.951222
8.020385 -41.613435 694.901484 258.574019 0.753266 0.580553 -0.309108 0.461186 -0.131141 0.877559 -0.468933 0.803592 0.366527
10.538426 -42.331295 704.696231 -20.430079 0.748192 0.610908 -0.258844 0.427535 -0.145584 0.892199 -0.507368 0.778201 0.370109
-7.240501 -66.771592 144.838508 6074.529301 0.334954 -0.617639 0.711567 0.914137 0.029970 -0.404295 0.228383 0.785891 0.574645
-7.597220 -69.810338 -561.472218 4874.490387 0.320884 -0.564066 0.760830 0.934515 0.057950 -0.351173 0.153995 0.823694 0.545724
-2.661638 -3.044295 -13.576450 -2.235863 0.740558 0.670497 -0.044798 -0.349879 0.327804 -0.877570 0.573723 -0.665566 -0.477351
-2.595978 -3.736658 48.842923 -295.121247 0.709140 0.094188 0.698748 0.415559 0.744774 -0.522132 0.569588 -0.660636 -0.489008
-1.599693 -3.771338 135.976378 -248.728895 0.813280 0.517039 0.266920 -0.072615 0.545324 -0.835074 0.577324 -0.659767 -0.481046
-2.350910 -3.387321 -194.760005 296.179582 -0.230813 0.437860 -0.868910 0.790632 0.604908 0.094805 0.567121 -0.665105 -0.485807
-1.360776 -4.028665 -16.365150 139.301526 0.717885 0.689623 -0.095188 -0.386971 0.281636 -0.878029 0.578701 -0.667158 -0.469047
-1.408871 -4.395002 -5.050553 -293.946884 0.559333 0.743970 -0.365588 0.591180 -0.048854 0.805059 0.581079 -0.666424 -0.467146
-1.823648 -3.515116 -138.772610 160.734029 0.133374 0.651187 -0.747106 0.808332 0.364688 0.462171 0.573420 -0.665551 -0.477735
1.711326 -249.949818 154.229075 18153.616620 -0.387794 0.566309 -0.727262 0.563184 -0.479028 -0.673317 0.729684 0.670691 0.133172
-0.318993 -240.805042 789.942051 -18063.228543 -0.360725 0.544223 -0.757429 -0.217264 0.740732 0.635698 0.907014 0.393874 -0.148961
1.536827 -218.113903 483.902048 -10615.982335 -0.382613 0.564783 -0.731183 -0.298574 0.673352 0.676351 0.874335 0.477093 -0.089004
1.386413 -180.883014 316.180117 -1537.146087 -0.378926 0.553352 -0.741766 0.064034 0.815296 0.575494 0.923209 0.170571 -0.344370
1.811768 -227.114017 327.125610 14919.309837 -0.425936 0.558468 -0.711823 0.571235 -0.444121 -0.690251 0.701619 0.700621 0.129850
2.786348 -225.667789 -129.055189 -19601.939557 -0.389184 0.574855 -0.719776 -0.221816 0.699904 0.678920 0.894055 0.423883 -0.144879
15.625147 -1763.257476 4016.780607 292824.316601 0.151745 -0.340226 0.928019 0.784000 0.613197 0.096611 -0.601928 0.712907 0.359787
-28.294125 -1260.244195 -559.952082 231973.596918 0.055911 -0.456235 0.888101 0.930857 -0.297861 -0.211620 0.361080 0.838527 0.408036
-103.830815 -1013.070838 -3176.901021 151449.612055 0.106032 -0.333883 0.936632 0.950151 0.311769 0.003574 -0.293206 0.889563 0.350297
-17.505612 -269.977940 -319.750420 42783.566732 -0.229522 -0.377484 0.897121 0.875164 -0.483391 0.020507 0.425919 0.789835 0.441309
8.994130 -14.272891 -1088.293007 2725.411390 0.748858 -0.343487 0.566770 0.629088 0.637440 -0.444881 0.208471 -0.689700 -0.693436
11.341238 -14.557974 629.426332 2594.483621 -0.615827 0.368655 -0.696312 0.741168 0.570853 -0.353266 0.267259 -0.733635 -0.624782
15.648507 -6.365520 819.668349 2489.790649 -0.608303 0.392752 -0.689720 0.742840 0.587799 -0.320438 0.279564 -0.707275 -0.649311
7.223090 -18.983545 -350.114155 1373.758143 0.723999 -0.317350 0.612466 0.670330 0.533151 -0.516148 0.162737 -0.784245 -0.598730
3.848442 -121.992562 -571.162538 -6572.687342 0.897907 0.347071 -0.270749 -0.340309 0.937465 0.073132 0.279200 0.026472 0.959868
2.373353 -106.600205 -720.199156 -7457.360585 0.909564 0.323746 -0.260543 -0.205622 0.895447 0.394834 0.361128 -0.305553 0.881036
2.666983 -85.313098 -405.115241 5249.583455 0.905763 0.297882 -0.301430 0.048908 -0.780004 -0.623860 0.420953 -0.550327 0.721068
14.773380 -158.379298 773.824671 -16897.462215 0.397062 -0.120471 -0.909851 -0.271956 0.931383 -0.242004 0.876574 0.343530 0.337054
-13.874338 -61.802526 1852.600981 -8238.841522 -0.719897 -0.141041 0.679600 -0.322104 0.935204 -0.147116 -0.614815 -0.324810 -0.718680
-7.687987 -67.091121 3172.057295 -11483.889608 -0.632238 0.023132 0.774429 -0.250370 0.939825 -0.232473 -0.733205 -0.340872 -0.588402
