10895
21778
-39.192063 -70.312954 -2964.683981 9230.990677 -0.141142 0.978803 -0.148401 0.968868 0.105771 -0.223845 0.203404 0.175375 0.963260
-49.260641 -75.290551 1624.307031 8114.543699 0.202778 -0.958347 0.201128 0.976825 0.183599 -0.110018 0.068508 0.218776 0.973367
-32.745693 -84.655501 5190.989582 8847.872382 0.224597 -0.969091 0.102071 0.973007 0.217328 -0.077626 0.053044 0.116751 0.991744
-47.457620 -67.048333 -621.796413 5757.348325 -0.334319 -0.883324 0.328588 0.932783 -0.359959 -0.018605 0.134712 0.300281 0.944290
-18.447364 -80.047640 -7230.142804 10795.052329 -0.153520 0.988130 -0.005594 0.973612 0.150292 -0.171730 0.168851 0.031810 0.985128
-27.754483 -60.941944 -4536.774394 9432.370901 -0.100788 0.992900 -0.063183 0.946079 0.075997 -0.314896 0.307859 0.091514 0.947021
-38.699661 -50.234114 -141.759484 3922.953129 0.514700 0.782415 -0.350586 0.807693 -0.579655 -0.107852 0.287605 0.227654 0.930299
-1.723360 -106.189902 -76.231376 6698.434381 0.904074 -0.204664 0.375184 -0.424488 -0.531910 0.732722 -0.049603 0.821696 0.567763
-7.183742 -101.433325 2152.139690 6735.180200 0.912446 -0.215942 0.347580 -0.408017 -0.544622 0.732741 -0.031071 0.810405 0.585046
-1.467953 -91.016878 1228.725930 7739.197826 0.928013 -0.181907 0.325117 -0.349663 -0.726444 0.591621 -0.128559 0.662714 0.737755
3.178933 -96.735773 20.840351 7570.380674 0.916146 -0.196228 0.349530 -0.376259 -0.721663 0.581061 -0.138222 0.663850 0.734981
2.843673 -81.767698 2570.969979 3980.867143 0.953773 -0.105649 0.281346 -0.236406 -0.841764 0.485331 -0.185553 0.529408 0.827827
5.874384 -84.548739 977.317523 4084.636739 0.945567 -0.140521 0.293526 -0.271879 -0.836807 0.475222 -0.178846 0.529158 0.829461
-2.520168 -75.581872 3018.808836 3837.471464 0.954434 -0.103413 0.279932 -0.234971 -0.838695 0.491305 -0.183970 0.534694 0.824777
66.195949 -120.266780 -16555.904547 10441.843806 0.882272 -0.470680 -0.007587 -0.113238 -0.227849 0.967090 0.456918 0.852376 0.254323
70.987183 -113.356173 -15254.554919 -2051.181222 0.842384 -0.533652 -0.074864 0.044940 -0.068871 0.996613 0.537001 0.842895 0.034033
79.958278 -122.450738 -16099.542588 11760.410437 0.795518 -0.604626 -0.039744 -0.205344 -0.330722 0.921117 0.570075 0.724604 0.387252
60.760934 -112.208053 -11304.847210 14077.002984 0.859989 -0.509802 0.022836 -0.224303 -0.337426 0.914238 0.458375 0.791357 0.404533
-5.498122 -43.488623 -962.909263 -1342.740997 0.121274 0.989490 0.078757 0.979630 -0.132103 0.151239 -0.160054 -0.058812 0.985355
-2.900579 -42.830948 836.217949 1093.292714 -0.135708 -0.988136 -0.071906 0.990082 -0.137920 0.026734 -0.036334 -0.067565 0.997053
-8.787250 -43.880879 -880.378052 -1072.814937 0.192634 0.979567 0.057800 0.968467 -0.199274 0.149535 -0.157998 -0.027172 0.987065
-8.985563 -40.514677 -340.516305 -2779.328775 0.189235 0.979846 0.063971 0.945997 -0.199385 0.255607 -0.263210 -0.012146 0.964662
-9.128809 -43.276957 -619.711507 -1199.982610 0.247612 0.967632 0.048748 0.954629 -0.252258 0.158271 -0.165445 -0.007347 0.986192
-11.015875 -36.423465 -1161.716427 -3573.266948 0.250925 0.966209 0.058966 0.913353 -0.256497 0.316220 -0.320659 0.025490 0.946851
2.746488 -159.651587 -53.997459 -5169.977901 -0.230159 0.966920 0.109966 0.925656 0.252394 -0.281883 0.300313 -0.036913 0.953126
1.378894 -159.472933 -156.972029 1238.266906 -0.203005 0.974801 0.092477 0.804941 0.219912 -0.551097 0.557547 0.037437 0.829301
2.153057 -147.358901 -339.237524 -5961.684684 -0.233235 0.962553 0.138181 0.926602 0.263095 -0.268682 0.294975 -0.065373 0.953266
1.381756 -172.280413 126.427459 369.434245 -0.196589 0.978143 0.067738 0.806117 0.200569 -0.556729 0.558147 0.054842 0.827928
3.037518 -133.343637 430.125740 -12364.591466 0.264387 -0.953126 -0.147141 0.963946 0.265928 0.009460 0.030113 -0.144337 0.989070
3.755881 -146.980094 92.441292 -10663.102917 0.257820 -0.959273 -0.115427 0.965474 0.260390 -0.007507 0.037258 -0.109507 0.993288
2.286138 -174.412991 229.861593 -4699.427632 -0.220249 0.972003 0.081861 0.927994 0.234652 -0.289423 0.300529 -0.012221 0.953694
9.876043 -19.008630 4318.266392 57.395735 0.618067 -0.734997 -0.278875 0.786024 0.583490 0.204220 0.012620 -0.345425 0.938362
3.584112 -18.794949 3049.650056 482.364644 0.586504 -0.758701 -0.283524 0.809557 0.538281 0.234247 -0.025108 -0.366916 0.929915
21.157725 -20.160679 5557.920142 693.866896 0.674688 -0.697403 -0.241711 0.737914 0.629925 0.242233 -0.016674 -0.341793 0.939627
-3.957067 -20.178944 2534.429652 343.679119 0.534588 -0.792097 -0.294615 0.845020 0.495837 0.200216 -0.012509 -0.355989 0.934407
25.500392 -20.272165 6138.654111 83.393012 0.619230 -0.745776 -0.245708 0.785056 0.594209 0.174937 0.015538 -0.301221 0.953428
13.566645 -18.781474 5210.475299 -166.897888 0.601326 -0.748821 -0.278699 0.797567 0.583457 0.153184 0.047902 -0.314395 0.948083
-0.762451 -19.617836 3150.369830 -178.016859 0.624878 -0.729956 -0.276933 0.780211 0.596702 0.187663 0.028261 -0.333332 0.942386
0.378686 -41.297895 1182.025196 91.676437 -0.244722 0.969485 -0.014507 0.564567 0.130315 -0.815035 0.788274 0.207647 0.579230
-3.434752 -41.384039 220.248785 236.330493 -0.217726 0.975911 -0.013894 0.647574 0.133794 -0.750165 0.730235 0.172327 0.661105
-3.007553 -40.819743 730.668905 -939.535759 -0.245986 0.969271 -0.001900 0.538431 0.135016 -0.831783 0.805967 0.205630 0.555098
1.387856 -40.252785 1707.169576 -550.148394 -0.266864 0.963704 -0.007612 0.451795 0.118124 -0.884267 0.851273 0.239417 0.466920
29.622561 -189.456379 -7728.456718 13601.307789 0.875023 -0.021933 0.483584 0.464120 0.321922 -0.825203 0.137577 -0.946512 -0.291869
13.864997 -180.602816 -5183.321341 35263.032315 0.879594 -0.033190 0.474566 0.364222 0.688715 -0.626909 0.306033 -0.724273 -0.617878
7.405570 -180.031166 -3988.100965 19579.691204 0.856868 -0.078749 0.509486 0.475848 0.501056 -0.722850 0.198357 -0.861825 -0.466811
-0.625683 -164.460563 -1291.541865 19464.230950 0.849746 -0.065590 0.523097 0.448270 0.612109 -0.651442 0.277464 -0.788048 -0.549539
-0.801920 -177.830216 -1813.037581 11471.912590 0.837009 -0.072377 0.542382 0.534908 0.317059 -0.783165 0.115284 -0.945640 -0.304097
-6.643187 -51.595172 -210.551186 2136.164077 -0.181033 0.983464 -0.005056 0.880670 0.159818 -0.445957 0.437775 0.085185 0.895040
-7.524932 -55.980659 132.033564 1245.273919 -0.221496 0.974912 0.022030 0.932433 0.218351 -0.287910 0.285497 0.043230 0.957404
-6.130978 -51.780163 274.264041 2202.028717 -0.211182 0.977303 0.016796 0.858698 0.193707 -0.474463 0.466947 0.085775 0.880115
-3.073631 -151.357362 -1551.196487 611.881258 -0.918370 0.024703 -0.394951 0.066208 0.993573 -0.091807 0.390145 -0.110462 -0.914103
-6.321234 -170.518404 1147.284666 10540.928361 0.922301 0.022195 0.385835 0.142559 0.908409 -0.393028 0.359219 -0.417494 -0.834662
0.452027 -135.005350 8.399877 2691.105937 -0.918658 0.005288 -0.395018 0.080268 0.981552 -0.173532 0.386813 -0.191124 -0.902135
-1.422146 -128.635911 1291.702668 518.132774 -0.925329 0.056346 -0.374954 -0.007532 0.985970 0.166753 0.379089 0.157125 -0.911923
10.741664 -7.000614 4927.286606 -1746.106189 0.081709 0.781931 0.617987 0.913781 -0.306327 0.266773 0.397904 0.542907 -0.739544
-1.446415 -4.770759 1967.363148 -791.172474 0.347691 0.671974 0.653882 0.841684 -0.530981 0.098121 0.413134 0.516246 -0.750207
1.330102 -4.919261 3649.526984 -2170.536612 0.329348 0.660347 0.674887 0.855568 -0.511068 0.082536 0.399415 0.550229 -0.733291
13.008953 0.519222 6104.590427 -3054.547930 -0.017889 0.787080 0.616592 0.923859 -0.222796 0.311202 0.382315 0.575211 -0.723165
27.911106 -4.640413 7320.683405 -5299.039915 0.005919 0.821061 0.570809 0.935809 -0.205741 0.286237 0.352457 0.532474 -0.769575
28.350582 -13.802134 6544.964512 -2899.449128 -0.015397 0.848207 0.529440 0.923979 -0.190294 0.331739 0.382133 0.494300 -0.780796
37.205520 -2076.321715 21064.856793 163928.871778 0.916470 -0.077345 0.392557 0.301093 -0.512803 -0.803975 -0.263488 -0.855015 0.446680
53.120541 -642.304952 15320.607689 23633.847531 0.901007 0.114201 0.418504 0.422308 -0.010273 -0.906394 0.099211 -0.993405 0.057484
88.670544 -581.280429 14019.130824 52413.038693 0.881016 -0.083119 0.465727 0.465800 -0.019712 -0.884671 -0.082713 -0.996345 -0.021350
230.727075 -8540.519122 -20784.959592 3440126.827960 0.882473 -0.293115 0.367865 0.263711 -0.339288 -0.902962 -0.389484 -0.893850 0.222115
22.944413 16.946849 -5902.114555 -3028.261649 -0.804073 -0.006768 -0.594492 0.137475 0.970719 -0.196992 0.578418 -0.240124 -0.779598
10.133531 1.008190 -2365.038311 -5613.450154 0.625169 0.759749 0.178735 -0.559590 0.595956 -0.575931 0.544081 -0.260036 -0.797720
12.276154 9.508237 -5646.280826 5194.606129 -0.295865 0.840312 -0.454246 -0.848311 -0.449747 -0.279457 0.439127 -0.302660 -0.845910
20.194780 15.553626 -4494.373467 6765.728484 -0.411605 0.813692 -0.410470 -0.821521 -0.526261 -0.219437 0.394568 -0.246889 -0.885077
-20.609515 -36.565668 -1009.327912 -1114.019574 -0.552564 0.815460 0.172331 0.679971 0.560626 -0.472587 0.481989 0.143954 0.864271
-23.834612 -39.740833 -765.938771 -1267.359651 -0.551577 0.812433 0.188984 0.615650 0.549388 -0.564931 0.562794 0.195255 0.803205
-20.549469 -37.408432 -49.670442 -1675.411548 -0.620540 0.763928 0.177043 0.624392 0.617928 -0.477807 0.474410 0.185954 0.860440
-21.345572 -38.974538 -1117.318759 -826.282209 -0.436173 0.889153 0.138422 0.695759 0.430782 -0.574758 0.570677 0.154385 0.806531
-17.518541 -33.152802 761.986381 -1672.519578 -0.631950 0.758701 0.158152 0.667521 0.636531 -0.386321 0.393771 0.138566 0.908705
-18.806288 -36.318423 -1273.700170 -758.617159 -0.453578 0.878372 0.150765 0.745014 0.466544 -0.476750 0.489102 0.103921 0.866014
-18.182156 -32.622198 -816.923457 -1153.174604 -0.586002 0.791382 0.174113 0.704163 0.603664 -0.373823 0.400943 0.096457 0.911011
-36.973552 -57.963125 -578.675427 364.298350 -0.029638 0.999238 -0.025416 -0.998149 -0.030937 -0.052360 0.053106 -0.023817 -0.998305
-41.144723 -56.726639 -3114.562015 1467.403408 -0.162292 0.985728 0.044739 -0.980050 -0.166297 0.108843 -0.114729 0.026182 -0.993052
-40.748192 -56.589497 -3710.920040 209.122780 -0.039899 0.998948 0.022610 -0.995913 -0.037922 -0.081974 0.081030 0.025788 -0.996378
-43.036864 -54.375516 -3441.387929 -1094.702322 -0.002165 0.996888 0.078807 -0.975274 0.015311 -0.220466 0.220987 0.077335 -0.972206
-38.916935 -56.546026 -2246.454243 -1023.865732 0.056316 0.998412 -0.001064 -0.962100 0.053983 -0.267301 0.266819 -0.016077 -0.963613
-46.015530 -54.805546 -3486.926818 1433.453339 -0.223301 0.968278 0.112133 0.968474 0.207359 0.138057 0.110426 0.139426 -0.984056
58.836501 -69.671308 -7950.402159 -4029.603767 0.134702 0.955248 0.263357 0.616533 -0.288865 0.732424 -0.775721 -0.063710 0.627852
51.253700 -89.722195 -2474.013520 -6468.643489 0.060593 0.949330 0.308384 0.568591 -0.286753 0.771023 -0.820386 -0.128626 0.557155
63.830361 -64.644259 -9682.455554 -3802.203873 0.183697 0.916007 0.356633 0.445144 -0.400993 0.800657 -0.876414 -0.011675 0.481416
60.234246 -50.499975 -3329.509122 -2909.378930 0.313341 0.918403 0.241564 0.491558 -0.374502 0.786206 -0.812520 0.127608 0.568795
53.817341 -47.517996 -864.146183 149.288200 0.240970 0.967047 0.082186 0.729469 -0.236322 0.641893 -0.640162 0.094725 0.762377
-18.270762 -41.386828 -1185.615749 -413.315967 -0.323348 0.921372 0.215683 0.919375 0.251921 0.302133 0.224042 0.295988 -0.928545
-18.395189 -39.067840 -1241.558731 137.674903 -0.488568 0.855392 0.172063 0.860039 0.438875 0.260234 0.147088 0.275123 -0.950091
-22.495279 -35.746980 -1809.402377 -308.981266 -0.312973 0.906091 0.284689 0.926116 0.224679 0.303032 0.210611 0.358496 -0.909464
-18.965817 -38.817661 -823.369130 -1234.962132 -0.145907 0.938612 0.312599 0.945518 0.039346 0.323182 0.291043 0.342723 -0.893216
-17.060565 -44.612220 -302.881100 811.903718 -0.206074 0.950159 0.233947 -0.932178 -0.117902 -0.342263 0.297621 0.288612 -0.910014
465.243154 -0.698506 233955.708976 -8091.456876 -0.369657 -0.342127 -0.863888 0.821418 -0.554907 -0.131723 -0.434312 -0.758305 0.486155
412.544840 -29.670754 198533.421508 -5886.854461 -0.338675 -0.404561 -0.849488 0.824660 -0.562333 -0.060971 -0.453029 -0.721188 0.524073
394.185589 -27.084209 154969.930744 -1222.452830 -0.489982 -0.553979 -0.673072 0.824062 -0.546181 -0.150360 -0.284323 -0.628326 0.724132
457.417257 -40.378823 104408.120270 -605.175182 0.547239 0.836965 0.004373 0.823193 -0.537275 -0.183546 0.151272 -0.104044 0.983001
603.250245 -33.749821 232532.012639 -1169.510072 -0.555856 -0.523227 -0.645954 0.817001 -0.487261 -0.308361 -0.153406 -0.699150 0.698324
285.569260 -35.357431 9892.377522 -361.015342 -0.524064 -0.810529 -0.261535 0.842628 -0.538093 -0.020840 -0.123839 -0.231299 0.964969
762.276466 22.070487 308875.387841 -7858.137305 -0.446345 -0.266224 -0.854342 0.799976 -0.546550 -0.247630 -0.401016 -0.793982 0.456923
265.387500 -33.132991 96907.203266 -269.008666 -0.431375 -0.636513 -0.639349 0.831753 -0.555079 -0.008576 -0.349431 -0.535480 0.768869
1.179115 -58.016798 303.497877 2656.491173 -0.067905 0.954468 -0.290483 -0.516801 0.215398 0.828565 -0.853408 -0.206385 -0.478644
1.220413 -60.664698 -274.086469 2990.638715 -0.063985 0.952916 -0.296406 -0.504806 0.225307 0.833311 -0.860858 -0.202947 -0.466621
1.313674 -52.893138 115.162981 1207.776716 -0.091652 0.963096 -0.253073 -0.363942 0.204164 0.908770 -0.926902 -0.175394 -0.331799
0.458156 -65.767355 -132.862471 2825.233805 -0.037438 0.946055 -0.321835 -0.656681 0.219468 0.721529 -0.753238 -0.238356 -0.613040
2.209256 -51.173465 412.932433 1251.550478 -0.093617 0.961173 -0.259582 -0.377461 0.206997 0.902594 -0.921281 -0.182480 -0.343427
0.481428 -63.286229 547.662880 2406.141139 -0.045024 0.950176 -0.308446 -0.666721 0.201353 0.717594 -0.743946 -0.237956 -0.624436
2.370419 -56.168698 626.253042 2328.669409 -0.076375 0.955548 -0.284772 -0.529888 0.203037 0.823404 -0.844621 -0.213785 -0.490827
7.544949 -104.161311 -1769.844454 -1667.552873 -0.167169 0.924890 0.341516 0.507168 -0.216377 0.834243 -0.845479 -0.312666 0.432903
14.479258 -111.763144 -403.800650 718.911417 -0.157698 0.932867 0.323867 0.719406 -0.116136 0.684812 -0.676451 -0.340985 0.652796
4.617392 -112.180893 -5711.051151 -4952.168873 -0.225458 0.885237 0.406847 0.608806 -0.198008 0.768211 -0.760607 -0.420890 0.494295
18.410062 -46.081160 -2628.440498 -361.546986 -0.109879 0.989991 -0.088568 -0.710265 -0.015872 0.703756 -0.695306 -0.140235 -0.704900
17.498738 -44.929678 -2021.788225 31.223759 -0.085613 0.988948 -0.121046 -0.801092 0.003909 0.598528 -0.592386 -0.148211 -0.791904
14.907242 -46.965030 4891.840583 -237.688524 0.003202 0.999881 -0.015096 -0.743588 0.012475 0.668521 -0.668630 -0.009084 -0.743540
15.420158 -48.627995 4155.732330 -1074.180050 -0.030768 0.999525 -0.001743 -0.668285 -0.019275 0.743656 -0.743269 -0.024045 -0.668561
6.436785 -50.556286 6671.144200 -720.514509 0.030469 0.999512 -0.006933 -0.688281 0.026010 0.724978 -0.724804 0.017318 -0.688738
10.551851 -48.254966 10307.911197 6.530669 0.042074 0.998987 0.015979 -0.750724 0.021057 0.660281 -0.659275 0.039776 -0.750849
-7.285463 -128.969958 -403.068574 -13015.279536 0.968848 0.247657 -0.000672 0.140159 -0.550542 -0.822957 0.204181 -0.797226 0.568103
-6.264260 -108.854112 -1004.583854 -6465.734595 0.969862 0.243550 0.007146 0.181816 -0.703876 -0.686660 0.162206 -0.667265 0.726943
-4.465048 -114.700364 -100.324400 -6497.901557 0.971009 0.238889 0.008619 0.176909 -0.693895 -0.698006 0.160765 -0.679295 0.716040
-4.952242 -114.264234 -591.212514 -5983.975281 0.976546 0.215212 -0.006415 0.121904 -0.577222 -0.807437 0.177473 -0.787718 0.589919
-5.627861 -132.962907 -1130.357439 -6574.179709 0.977035 0.212670 0.013166 0.105396 -0.428651 -0.897302 0.185185 -0.878083 0.441221
-6.828290 -152.602725 -277.819050 -12855.033500 0.973036 0.230265 0.013391 0.080562 -0.284886 -0.955170 0.216127 -0.930493 0.295755
-9.339098 -152.679450 -1171.008969 -18602.761134 0.970217 0.242098 0.008234 0.108788 -0.405096 -0.907779 0.216436 -0.881638 0.419368
-5.677588 -107.584590 -417.973432 351.326425 -0.205114 0.970580 -0.126109 0.973825 0.189488 -0.125535 -0.097946 -0.148557 -0.984041
-6.330894 -106.053521 -397.053444 1238.505170 -0.233980 0.965311 -0.115875 -0.925074 -0.184371 0.332032 -0.299150 -0.184882 -0.936124
-8.125654 -101.346698 -566.841251 571.926865 -0.199249 0.974622 -0.102042 0.975083 0.186818 -0.119635 -0.097535 -0.123337 -0.987560
-7.240279 -98.288013 -638.208624 -3418.030163 -0.176193 0.978128 -0.110551 -0.978822 -0.185986 -0.085539 0.104229 -0.093139 -0.990183
-0.131175 -486.356923 -1664.812205 128607.340496 0.931878 0.071956 0.355564 0.235986 0.624169 -0.744797 0.275525 -0.777968 -0.564669
-11.521638 -201.887854 -40.186964 26433.268621 0.935651 0.140888 0.323586 0.069497 0.825362 -0.560311 0.346017 -0.546743 -0.762459
-7.468874 -218.710147 1323.800053 35828.538208 0.931497 0.172421 0.320287 0.157170 0.603297 -0.781876 0.328040 -0.778655 -0.534870
-10.736262 -217.023401 -985.729564 26801.473487 0.953110 0.148862 0.263478 0.027613 0.824237 -0.565572 0.301360 -0.546328 -0.781478
-14.343328 -339.090243 -2850.837779 81406.632679 0.961121 0.095892 0.258942 0.133507 0.659490 -0.739763 0.241707 -0.745572 -0.621047
-10.397365 -68.737115 -213.514805 -1804.955252 0.942140 0.334033 0.028174 -0.333670 0.926403 0.174476 -0.032181 0.173782 -0.984258
-11.256107 -66.896247 2072.133164 -1070.223005 0.961773 0.263445 0.074763 -0.273835 0.927785 0.253434 0.002598 0.264219 -0.964459
-6.032925 -66.161727 1854.603586 625.570083 0.972407 0.225902 0.058258 -0.230970 0.967373 0.104124 0.032835 0.114707 -0.992857
-7.498352 -26.450355 2124.879620 -3520.692885 0.928672 0.324727 0.179221 0.177453 -0.813310 0.554109 -0.325696 0.482783 0.812923
-12.655590 -23.945262 1521.856872 -2100.553248 0.831820 0.554865 0.014142 0.425326 -0.653578 0.626046 -0.356614 0.514743 0.779658
-12.354523 -30.724389 2314.095738 -3317.662885 0.897808 0.416816 0.142147 0.268653 -0.774140 0.573177 -0.348952 0.476415 0.807008
-7.016492 -33.775682 2841.590741 -3669.825168 0.940478 0.254995 0.224673 0.114121 -0.859656 0.497965 -0.320120 0.442685 0.837588
75.753799 -28.663615 56167.323702 -1169.836212 -0.374656 -0.322009 -0.869450 0.777656 -0.619764 -0.105565 -0.504861 -0.715683 0.482611
163.866978 -31.402738 82872.361493 -706.774839 -0.344083 -0.467555 -0.814247 0.801593 -0.597853 0.004562 -0.488933 -0.651125 0.580500
65.500416 -22.909961 43327.687311 1096.718688 -0.461228 -0.259226 -0.848570 0.758511 -0.611399 -0.225504 -0.460358 -0.747658 0.478620
-70.133588 -420.142710 -2787.570902 88450.426066 0.288306 -0.062223 -0.955515 0.955996 0.075322 0.283546 0.054328 -0.995216 0.081200
-103.862160 -314.590706 5260.752298 72606.984153 0.190412 -0.112126 -0.975280 0.978553 -0.057860 0.197703 -0.078597 -0.992008 0.098704
-113.352551 -708.618214 -47230.437207 207366.138842 -0.152471 0.125637 -0.980290 0.962683 -0.205524 -0.176073 -0.223594 -0.970554 -0.089612
-218.054218 -2808.379357 40274.161015 -852807.181441 0.694198 -0.049420 -0.718085 -0.628531 0.444552 -0.638218 -0.350767 -0.894389 -0.277546
-92.033221 -914.249791 19790.550776 251540.225797 0.697530 -0.019712 -0.716284 0.715968 -0.021316 0.697808 -0.029023 -0.999578 -0.000755
-3.464464 -306.814809 4712.822328 -62214.694259 -0.239812 0.968783 0.062839 0.375356 0.152220 -0.914296 0.895320 0.195672 0.400143
13.719776 -328.187813 -1466.516068 -72456.432155 -0.226300 0.971312 0.073084 0.345320 0.150158 -0.926395 0.910792 0.184406 0.369394
-12.454368 -91.295882 552.364646 -13104.952474 -0.140788 0.986217 0.086924 0.471579 0.144000 -0.869987 0.870512 0.081492 0.485353
-53.267220 -75.862471 356.888567 5673.852250 0.032256 -0.959569 0.279618 0.999295 0.036334 0.009412 -0.019191 0.279117 0.960065
-40.393147 -75.758263 4077.183377 -628.363847 0.108325 -0.980867 0.161756 0.985483 0.127350 0.112275 -0.130727 0.147246 0.980423
-4.427703 -114.725824 86.559470 1532.166478 0.901762 -0.206183 0.379886 -0.425884 -0.273766 0.862366 0.073805 0.939436 0.334682
-9.381303 -112.033516 2457.385239 2523.131889 0.893226 -0.225707 0.388851 -0.441296 -0.274575 0.854322 0.086058 0.934701 0.344861
-14.477235 -98.371963 4871.326903 5761.500645 0.906346 -0.225202 0.357521 -0.422459 -0.499210 0.756517 -0.008109 0.836704 0.547595
-14.130380 -85.999723 4398.679090 8360.535428 0.930751 -0.181484 0.317438 -0.348106 -0.705499 0.617327 -0.111917 0.685080 0.719820
0.096686 -42.754094 1470.813787 663.853066 -0.037259 -0.996135 -0.079546 0.998073 -0.041048 0.046542 -0.049627 -0.077659 0.995744
2.026097 -39.029937 1258.290931 2970.065625 -0.063528 -0.994928 -0.077985 0.996481 -0.058957 -0.059584 0.054684 -0.081496 0.995172
2.077296 -75.629742 -1477.966206 254.436759 -0.149195 0.988796 0.004727 -0.537276 -0.077052 -0.839879 0.830105 0.127846 -0.542753
2.772636 -73.561865 -1097.139403 1506.445431 -0.145689 0.988892 0.029465 -0.396317 -0.031048 -0.917589 0.906481 0.145360 -0.396438
5.883527 -77.085383 -1477.743940 396.250058 -0.158977 0.987182 0.014096 -0.534454 -0.074047 -0.841948 0.830112 0.141385 -0.539375
5.403721 -77.617124 -1452.542741 -1722.268349 -0.175502 0.984475 -0.003020 -0.652650 -0.118643 -0.748312 0.737053 0.129359 -0.663340
1.622859 -74.760041 -1443.709759 -569.421452 -0.169903 0.985345 -0.015107 -0.663699 -0.125746 -0.737355 0.728448 0.115253 -0.675337
0.548174 -161.127231 -112.830611 8470.398336 -0.176035 0.983250 0.047231 0.600972 0.145348 -0.785943 0.779644 0.109969 0.616492
11.472779 -20.223075 4656.522218 887.104144 0.698981 -0.673489 -0.240496 0.713428 0.633437 0.299631 -0.049459 -0.381012 0.923246
-2.314871 -20.981677 1476.883470 874.961902 0.487153 -0.819415 -0.302061 0.869862 0.424546 0.251198 -0.077596 -0.385123 0.919597
-6.720547 -22.289575 1714.578366 987.625346 0.388248 -0.863930 -0.320762 0.919026 0.337203 0.204170 -0.068227 -0.374058 0.924892
-1.659854 -44.223150 509.464336 1707.226287 -0.191958 0.980157 -0.049436 0.675182 0.095338 -0.731464 0.712237 0.173789 0.680085
-4.740057 -45.746922 -373.246668 2205.253512 -0.163933 0.985531 -0.043056 0.750325 0.096235 -0.654027 0.640421 0.139522 0.755245
-4.722745 -42.872699 -129.458294 950.692377 -0.188893 0.981909 -0.013169 0.728599 0.131147 -0.672268 0.658379 0.136582 0.740191
36.903577 -175.038188 -6478.972581 27885.394335 0.886453 0.082781 0.455354 0.303703 0.638371 -0.707281 0.349234 -0.765265 -0.540745
-8.388362 -55.077460 -136.085847 482.776562 -0.188769 0.981978 -0.009207 0.954125 0.181179 -0.238369 0.232405 0.053781 0.971131
-8.804150 -56.966808 -247.140682 -245.553042 -0.242343 0.969435 0.038269 0.965560 0.244848 -0.087998 0.094678 -0.015625 0.995385
-7.478666 -52.419670 -607.032297 1896.610503 -0.142568 0.989345 -0.029505 0.905678 0.118371 -0.407106 0.399276 0.084763 0.912904
-9.908904 -55.280310 87.413931 -398.091996 -0.222810 0.974805 -0.010485 0.973814 0.222059 -0.048754 0.045197 0.021073 0.998756
-9.638028 -53.523614 -169.851808 -1029.993367 0.182510 -0.982296 0.042250 0.982299 0.180330 -0.050702 0.042185 0.050756 0.997820
-8.849413 -54.014383 -358.247078 -593.239362 -0.136636 0.989888 -0.038122 0.971029 0.126218 -0.202908 0.196044 0.064742 0.978455
-6.869251 -187.254332 -579.404372 14881.294384 -0.922374 -0.013287 -0.386070 0.122462 0.937802 -0.324855 0.366373 -0.346917 -0.863377
-6.833803 -242.590317 -70.873019 28314.078574 0.933122 0.032754 0.358065 0.214720 0.748016 -0.627987 0.288407 -0.662872 -0.690957
-5.296541 -199.044665 526.314769 21556.551047 0.933526 0.025381 0.357611 0.220962 0.744776 -0.629670 0.282322 -0.666832 -0.689659
-2.085754 -6.731802 616.469739 66.899083 0.703416 -0.708716 -0.054105 0.563705 0.509882 0.649813 0.432946 0.487588 -0.758166
-3.595837 -6.670714 265.436496 93.038128 0.830018 -0.545669 0.115390 0.362343 0.684851 0.632208 0.424002 0.482933 -0.766158
-2.736904 -5.751245 -740.400207 -273.511305 -0.355838 0.864090 0.355989 0.827148 0.113903 0.550320 0.434978 0.490280 -0.755261
-2.960186 -7.334486 256.788280 550.207350 0.842628 -0.520721 0.137213 0.334260 0.705554 0.624871 0.422195 0.480670 -0.768576
-0.043255 -8.672710 -289.531289 -1036.028413 -0.440051 0.846773 0.298882 0.780745 0.196361 0.593194 0.443612 0.494386 -0.747523
-0.728820 -8.954117 -255.286919 -707.465433 -0.620372 0.770728 0.145317 0.649668 0.401177 0.645747 0.439398 0.495011 -0.749596
-1.700887 -7.774346 173.175622 330.845616 0.783924 -0.619151 0.045982 0.448606 0.616076 0.647459 0.429203 0.486931 -0.760712
15.114113 -388.566667 6670.695429 40.445344 0.875376 0.130839 0.465401 0.480320 -0.126139 -0.867975 0.054860 -0.983346 0.173264
12.401151 -700.803492 7638.829154 19176.886698 0.908878 0.045549 0.414567 0.362407 -0.578190 -0.730998 -0.206402 -0.814630 0.542012
2.209850 -773.615140 6538.192178 -169269.279532 0.851553 0.144721 0.503898 0.519616 -0.360741 -0.774510 -0.069689 -0.921370 0.382389
-24.041998 -754.646245 -1268.379039 116106.028493 0.919271 0.009015 0.393523 0.282342 -0.711699 -0.643248 -0.274271 -0.702427 0.656789
1.517017 -529.428359 7250.169330 -25678.254917 0.832840 0.143361 0.534626 0.491222 0.253724 -0.833261 0.255105 -0.956594 -0.140890
4.115626 -412.747643 -1732.438315 -20599.452614 0.894916 0.079311 0.439130 0.365565 -0.694649 -0.619536 -0.255905 -0.714963 0.650646
0.505399 -550.274778 977.865833 -131011.225900 0.897889 0.132850 0.419698 0.428349 -0.483585 -0.763324 -0.101552 -0.865157 0.491111
3.079775 -549.509652 -733.028057 -82851.557233 0.873563 0.112969 0.473420 0.470655 0.051712 -0.880801 0.123984 -0.992252 0.007996
-654.202345 -2830.882112 -110013.998126 -1215306.121427 0.634556 0.299316 0.712565 0.440559 0.617429 -0.651682 0.635017 -0.727455 -0.259927
-285.182972 -1480.643479 -48414.379809 4315854.515535 0.928298 0.048773 0.368624 0.208998 0.751506 -0.625747 0.307543 -0.657921 -0.687428
62.277957 -99630.238651 82626.180159 5810029.289734 0.932341 -0.345975 0.105081 -0.335390 -0.718892 0.608858 0.135107 0.602906 0.786289
-183.118808 -510.578094 4623477.035782 -13961929.306238 0.779774 0.116911 0.615049 0.621972 -0.256763 -0.739745 -0.071437 -0.959377 0.272933
22.814691 15.382426 -3769.559825 11711.513019 0.289890 0.951237 0.105413 -0.918211 0.307494 -0.249672 0.269911 0.024414 -0.962576
20.402340 -8.981038 -3552.076031 13114.355985 0.078173 0.996361 0.033954 -0.956734 0.084551 -0.278410 0.280268 0.010721 -0.959862
30.945564 11.565567 -5444.969623 11547.861360 0.171726 0.979149 0.108521 -0.947418 0.194338 -0.254229 0.270018 0.059157 -0.961036
15.448242 2.590393 -772.293226 12398.821543 0.009543 0.999900 -0.010399 -0.966727 0.006567 -0.255726 0.255632 -0.012493 -0.966693
29.613007 25.921991 -4522.207313 767.004925 -0.199055 0.977969 -0.062880 -0.887138 -0.207085 -0.412433 0.416368 0.026314 -0.908815
24.277437 21.169794 4390.994388 -2661.368499 -0.915370 0.115249 -0.385767 0.103173 0.993306 0.051937 0.389170 0.007741 -0.921133
-3.743435 -46.894625 -751.014432 -962.276858 -0.443423 0.888968 0.114506 0.036025 -0.109973 0.993282 -0.895588 -0.444569 -0.016739
-5.690521 -44.392879 -286.844690 -630.268486 -0.417189 0.899851 0.127361 -0.052235 -0.163649 0.985135 -0.907317 -0.404335 -0.115276
-4.797117 -45.832684 -912.290249 -219.615071 -0.441065 0.893556 0.083785 -0.099777 -0.141599 0.984883 -0.891911 -0.426038 -0.151611
-21.997684 -40.452353 376.175810 -1416.177058 -0.600875 0.778263 0.182363 0.575697 0.579619 -0.576727 0.554546 0.241555 0.796323
-92.473832 -326.993864 -21792.539493 -27862.183502 -0.503605 0.078518 -0.860358 0.818829 0.360950 -0.446355 0.275500 -0.929274 -0.246070
-247.306383 -609.672733 -54035.222158 -162480.197322 -0.603378 0.091898 -0.792142 0.701969 0.532534 -0.472912 0.378383 -0.841405 -0.385829
-56.647370 -521.280432 -13727.163914 -148540.751375 -0.550269 0.037575 -0.834142 0.713360 0.540351 -0.446250 0.433961 -0.840601 -0.324143
-35.670946 -53.234610 213.878544 2097.404272 -0.017736 0.998862 -0.044283 -0.993575 -0.012656 0.112467 -0.111779 -0.045993 -0.992668
49.780051 -78.639256 -4423.256581 -1654.971871 0.150872 0.907164 0.392799 0.368246 -0.420324 0.829290 -0.917405 -0.019530 0.397475
-25.214554 -34.824437 -2228.212609 2664.051682 -0.643095 0.745367 0.175662 0.748745 0.563893 0.348434 0.160656 0.355602 -0.920726
542.519899 -39.495126 -80193.652772 -985.842241 -0.596123 -0.792973 -0.125827 0.774174 -0.526156 -0.351874 0.212822 -0.307172 0.927552
2161.255055 -57.367921 1317891.938552 406.287548 0.429450 0.830932 -0.353731 0.801398 -0.531214 -0.274904 0.416333 0.165422 0.894037
967.886817 -36.577736 577637.147235 2465.797067 0.365704 0.838880 -0.403164 0.868091 -0.463656 -0.177317 0.335677 0.285137 0.897785
397.275395 -40.439168 -140699.170971 -551.148447 -0.521073 -0.845208 0.118767 0.851821 -0.523736 0.010060 0.053700 0.106410 0.992871
772.658394 -57.032536 -323126.637753 -3761.156385 -0.496966 -0.791142 0.356537 0.850806 -0.525069 0.020804 0.170747 0.313682 0.934050
2.159065 -68.562355 -781.958134 3100.823940 -0.036115 0.944336 -0.326995 -0.649476 0.226506 0.725863 -0.759524 -0.238590 -0.605143
21.213538 -82.445399 -2108.531036 -6141.073148 -0.007285 0.963085 -0.269099 0.979068 -0.047868 -0.197823 -0.203402 -0.264907 -0.942577
15.107081 -76.325085 -2014.853273 280.573710 -0.013146 0.949472 -0.313575 -0.952219 0.083811 0.293691 -0.305132 -0.302453 -0.903004
15.538874 -79.176638 -1991.134535 -3905.826946 0.013990 0.948614 -0.316126 0.985216 -0.067065 -0.157645 -0.170745 -0.309247 -0.935528
15.142513 -43.980086 -5790.726156 -712.381725 -0.136706 0.971193 -0.195182 -0.783291 0.014643 0.621482 -0.606437 -0.237845 -0.758725
-2.903081 -99.691190 122.243921 80.603496 0.961466 0.273615 0.026800 0.244407 -0.806031 -0.539054 0.125892 -0.524832 0.841845
-4.458749 -111.448922 -204.238716 2313.879630 -0.243468 0.960636 -0.133800 -0.923459 -0.187412 0.334814 -0.296559 -0.205076 -0.932736
-5.551404 -103.016607 -240.865228 1979.164560 -0.261105 0.959143 -0.108941 -0.834466 -0.167537 0.524974 -0.485274 -0.227980 -0.844118
-7.297616 -98.851185 -525.664738 1408.607714 -0.254002 0.963191 -0.088009 -0.833107 -0.171654 0.525802 -0.491341 -0.206875 -0.846042
-13.648242 -198.957671 -2463.367347 27548.468455 0.906478 0.252345 0.338555 -0.294727 0.952283 0.079335 -0.302381 -0.171697 0.937596
-12.045433 -266.845901 -3830.005701 42973.642767 0.901959 0.185998 0.389711 -0.287386 0.932148 0.220247 -0.322303 -0.310652 0.894213
-13.892137 -227.709001 -1405.896802 -24925.803375 0.910401 0.249719 0.329865 0.374317 -0.836776 -0.399616 -0.176231 -0.487285 0.855275
-6.684299 -225.477868 -3711.958575 43924.162242 0.906709 0.202076 0.370194 -0.152850 0.975517 -0.158127 -0.393084 0.086791 0.915397
-19.711247 -272.048450 859.451719 -41390.421629 0.929688 0.294856 0.220773 0.346197 -0.904156 -0.250300 -0.125811 -0.309132 0.942661
-13.837531 -208.535678 -598.854426 36966.391959 0.920748 0.288312 0.262868 -0.271087 0.957302 -0.100425 -0.280597 0.021206 0.959591
-1.211688 -68.323580 -1437.458423 1571.455462 -0.979247 -0.198317 -0.041777 -0.195900 0.979042 -0.055682 0.051945 -0.046342 -0.997574
5.784069 -65.750493 2074.702677 1152.851829 0.994727 0.085604 0.056473 -0.078501 0.989925 -0.117841 0.065992 -0.112786 -0.991425
4.757357 -73.544974 1523.635068 3109.697495 0.985600 0.163987 0.041231 -0.149847 0.960044 -0.236352 0.078342 -0.226770 -0.970792
0.946110 -5.776031 3317.949967 1013.236322 0.786733 0.605010 -0.122529 0.537898 -0.574521 0.616921 -0.302848 0.551261 0.777429
-3.306592 -12.826892 -2417.540897 1717.933395 -0.572844 -0.767422 0.287947 0.743791 -0.339072 0.576026 -0.344421 0.544145 0.765036
0.763285 -10.365823 2886.347806 -4925.523916 0.950751 0.214398 0.223843 0.045008 -0.810021 0.584672 -0.306670 0.545802 0.779778
5.311004 -3.905285 2476.159986 -2469.598301 0.942149 0.288650 0.170401 0.131253 -0.785462 0.604832 -0.308428 0.547476 0.777909
6.697553 -13.778777 1664.911839 -4525.543678 0.935841 0.074914 0.344367 -0.126913 -0.839948 0.527618 -0.328776 0.537471 0.776551
4.300316 -19.612366 2789.160597 -4552.935582 0.945665 0.104571 0.307868 -0.066854 -0.864102 0.498856 -0.318195 0.492333 0.810161
-21.801353 -34.194226 642.653137 -166.688061 -0.101254 0.985540 0.135860 0.984788 0.079906 0.154298 0.141211 0.149416 -0.978639
-24.253317 -33.373036 535.850672 -390.975366 0.061344 0.982881 0.173732 -0.964715 0.103039 -0.242299 0.256052 0.152738 -0.954520
-22.427195 -35.294430 -474.218137 662.479434 0.191254 0.976095 0.103250 -0.968547 0.204735 -0.141425 0.159183 0.072954 -0.984550
-18.718398 -32.648880 112.469192 -1083.399111 -0.023246 0.992616 0.119048 0.999285 0.019521 0.032365 0.029802 0.119715 -0.992361
-18.384619 -33.456976 -1173.924479 -1173.115276 0.230788 0.970829 0.065025 0.972362 -0.232547 0.020823 0.035337 0.058422 -0.997666
-21.053969 -37.211262 -1437.835453 944.759077 0.391414 0.918587 0.054704 -0.906955 0.395147 -0.145916 0.155653 -0.007499 -0.987783
-23.890915 -37.637913 -983.310803 436.544823 0.416588 0.902289 0.111037 -0.865729 0.431019 -0.254431 0.277429 -0.009865 -0.960696
69.278185 -30.784369 38562.888762 104.427172 -0.374366 -0.390963 -0.840831 0.751550 -0.659074 -0.028164 -0.543159 -0.642471 0.540564
15.914583 -31.977714 21933.625323 -1047.894773 -0.435771 -0.264091 -0.860441 0.696210 -0.704783 -0.136281 -0.570434 -0.658435 0.490987
3.537248 -31.392551 -16040.324721 8610.803644 0.629852 0.114805 0.768184 0.623662 -0.664254 -0.412082 -0.462960 -0.738638 0.489981
3.652919 -32.107150 22010.927728 4820.550331 -0.550720 -0.166452 -0.817925 0.652139 -0.697430 -0.297163 -0.520983 -0.697054 0.492638
-70.017365 -752.584688 -12303.402219 -183666.964805 -0.680484 -0.425489 0.596574 0.709478 -0.178966 0.681625 -0.183257 0.887091 0.423659
-246.686287 -984.309336 51565.566299 -256036.345529 0.735828 0.519273 -0.434640 0.499275 0.017588 0.866265 -0.457473 0.854427 0.246319
-163.224470 -624.608934 -42579.856109 -111434.668995 -0.578923 -0.470836 0.665704 0.792069 -0.518569 0.322044 0.193583 0.713723 0.673146
-109.533251 -1403.994377 23003.278474 -243497.776767 0.735942 0.260923 -0.624746 -0.137376 0.961109 0.239576 0.662960 -0.090489 0.743166
-9.054447 -2700.869883 51116.618138 -910034.878790 0.792068 0.239948 -0.561297 0.522113 -0.742702 0.419277 0.316271 0.625155 0.713550
166.085803 -3094.301214 -21567.507402 -739084.747395 -0.241410 0.968601 -0.059439 0.220308 -0.004949 -0.975418 0.945085 0.248571 0.212196
7.254872 -570.629243 1338.088044 -116360.383740 -0.251679 0.966389 0.052433 0.043188 0.065337 -0.996928 0.966847 0.248642 0.058181
22.214648 -515.624446 -3178.646535 -115426.832766 -0.171465 0.985154 0.008474 0.280294 0.057028 -0.958219 0.944476 0.161926 0.285911
-9.947052 -206.453305 3456.542447 -48536.506656 -0.204771 0.978167 0.035470 0.381139 0.113061 -0.917579 0.901555 0.174375 0.395969
-57.007169 -80.745926 170.582599 1736.237265 0.026325 -0.951421 0.306765 0.981499 0.082818 0.172631 -0.189650 0.296544 0.935999
-52.592233 -75.945756 -958.037723 4632.276120 -0.325524 -0.872645 0.364039 0.945040 -0.287829 0.155095 -0.030562 0.394518 0.918380
-48.152072 -61.558500 1244.448265 2485.152818 -0.416550 0.644936 0.640737 -0.402738 0.500953 -0.766060 0.815039 0.577152 -0.051068
-45.267877 -59.702845 1823.984754 2316.884833 -0.558630 0.600458 0.572173 -0.369076 0.437827 -0.819811 0.742775 0.669147 0.022969
-47.364819 -64.860864 -677.750622 2609.715215 0.408358 -0.543093 -0.733685 -0.339622 0.655659 -0.674365 0.847290 0.524558 0.083297
-47.691244 -60.183283 2130.714216 -196.343916 -0.547361 0.701636 0.456183 -0.396592 0.262536 -0.879653 0.736961 0.662406 -0.134561
-49.206634 -67.747465 -1181.069244 2436.411972 0.272551 -0.583489 -0.765020 -0.327608 0.691330 -0.644000 0.904648 0.426150 -0.002733
-51.550185 -62.974774 1753.631042 -60.337930 -0.447899 0.793243 0.412495 -0.391368 0.240866 -0.888153 0.803877 0.559240 -0.202567
-52.113918 -65.737953 1183.633004 1287.752900 -0.288095 0.712783 0.639486 -0.395931 0.519383 -0.757285 0.871917 0.471362 -0.132581
-4.943164 -117.534275 -99.203191 6.624405 0.892576 -0.207657 0.400233 -0.417645 -0.046210 0.907434 0.169940 0.977110 0.127973
-8.643571 -113.955146 1930.554916 -1427.192445 0.872501 -0.211535 0.440448 -0.448567 0.010622 0.893686 0.193725 0.977313 0.085620
-16.417595 -107.707679 3636.496551 1458.040977 0.874105 -0.218186 0.433977 -0.478860 -0.237262 0.845222 0.081449 0.946626 0.311873
9.047135 -32.454700 -789.181310 500.928458 -0.162029 0.986500 0.023748 0.141447 0.047037 -0.988828 0.976596 0.156860 0.147159
5.213580 -34.196179 -3071.186669 681.783491 -0.112688 0.991470 0.065490 0.170114 0.084188 -0.981822 0.978960 0.099499 0.178150
10.354086 -35.343648 -646.306555 781.448702 -0.166607 0.985820 0.020038 0.244945 0.061065 -0.967612 0.955115 0.156302 0.251646
3.675538 -32.111768 -2729.223767 147.702883 -0.118317 0.988198 0.097296 0.065500 0.105538 -0.992256 0.990813 0.111028 0.077214
10.351446 -34.526284 1671.066863 622.061381 -0.224874 0.974271 -0.015095 0.206473 0.032505 -0.977912 0.952261 0.223023 0.208470
8.795257 -32.170439 1279.450453 631.349803 -0.210857 0.976872 -0.035492 0.110584 -0.012237 -0.993791 0.971242 0.213473 0.105446
6.744337 -30.850311 -947.253870 325.532884 -0.157381 0.987197 0.025929 0.046140 0.033578 -0.998370 0.986459 0.155928 0.050834
7.490247 -37.689298 1792.640555 2739.247078 0.045395 -0.996780 -0.066099 0.997211 0.049140 -0.056180 0.059247 -0.063364 0.996230
6.372982 -31.274047 -1619.692977 4568.724483 0.016057 0.996507 0.081948 0.987393 -0.002895 -0.158262 0.157472 -0.083456 0.983991
6.721889 -74.521653 -1249.209209 2642.062083 -0.158426 0.986860 0.031771 -0.402639 -0.035190 -0.914682 0.901545 0.157702 -0.402923
3.730489 -71.318030 -965.322598 -622.853185 -0.149835 0.987459 0.049746 -0.202547 0.018590 -0.979096 0.967742 0.156778 -0.197222
24.232204 -49.952015 -2185.408150 -440.304801 -0.143265 0.984396 0.102173 0.547280 0.164817 -0.820561 0.824597 0.061640 0.562353
16.135260 -48.397398 -805.726625 -259.466237 -0.114181 0.989803 0.085167 0.658105 0.139580 -0.739875 0.744218 0.028431 0.667332
21.824745 -47.397655 -3528.802295 -433.837268 -0.153828 0.983168 0.098580 0.660964 0.176546 -0.729355 0.734482 0.047037 0.676996
16.791056 -50.308341 -123.877433 -546.433554 -0.066942 0.994660 0.078547 0.632161 0.103188 -0.767935 0.771940 0.001753 0.635693
20.894155 -51.490386 -271.566880 -321.808105 -0.078406 0.993236 0.085638 0.512980 0.113853 -0.850817 0.854812 0.022779 0.518437
26.630182 -51.236407 -2400.541110 -861.144730 -0.166268 0.979594 0.112921 0.451877 0.177475 -0.874248 0.876448 0.094333 0.472165
24.779088 -51.693251 -857.629754 -909.889813 -0.127368 0.986561 0.102346 0.438197 0.148540 -0.886521 0.889809 0.068067 0.451227
52.079720 -188.573294 -9265.779377 17218.176150 0.887439 0.095090 0.451010 0.399259 0.330341 -0.855258 0.230314 -0.939059 -0.255192
-5.259314 -163.036657 -1457.298622 -10837.295531 -0.919967 0.067887 -0.386074 -0.034724 0.966905 0.252762 0.390456 0.245939 -0.887163
-5.078144 -158.908081 -232.346228 1940.718036 -0.917772 0.045242 -0.394522 0.064916 0.997217 -0.036658 0.391766 -0.059254 -0.918155
-4.531086 -4.930353 99.041291 429.723496 0.883902 -0.408208 0.228217 0.198616 0.769447 0.607044 0.423401 0.491240 -0.761193
-3.542523 -6.817590 -402.560441 103.569844 0.850707 -0.510558 0.125010 0.333181 0.707702 0.623016 0.406556 0.488353 -0.772155
-4.461577 -7.655533 -81.660271 -61.037926 0.872913 -0.456739 0.171497 0.273885 0.749667 0.602483 0.403744 0.478945 -0.779489
5.730302 -517.508730 2242.604763 73644.387343 0.915875 -0.040445 0.399420 0.148168 -0.890619 -0.429935 -0.373120 -0.452948 0.809704
-3.304437 -11.930960 -700.889198 -703.272566 -0.739634 -0.592779 -0.318677 -0.455649 0.789541 -0.411108 0.495304 -0.158864 -0.854070
-3.458470 -9.540404 267.261072 -171.986419 -0.860354 -0.298449 -0.413181 -0.186998 0.938939 -0.288834 0.474154 -0.171235 -0.863630
-1.933473 -16.101592 -62.563827 -1751.522526 -0.857080 -0.298807 -0.419677 -0.198146 0.943148 -0.266853 0.475555 -0.145557 -0.867560
30.357901 -7.646870 -5214.148848 10119.152454 0.047220 0.996272 0.072197 -0.951557 0.066849 -0.300118 0.303826 0.054528 -0.951166
-15.802458 -33.752954 2284.867426 -1530.015417 -0.655153 0.746076 0.118937 0.651196 0.637480 -0.411779 0.383038 0.192327 0.903489
