11887
23753
-40.062179 -57.118600 -1016.482074 7141.050165 -0.035220 0.973059 0.227850 -0.956482 -0.098901 0.274520 -0.289659 0.208266 -0.934197
-48.257688 -70.319567 1137.718817 -6351.454696 -0.052227 0.957008 0.285322 0.988627 0.089897 -0.120561 -0.141028 0.275780 -0.950819
-47.459476 -78.495555 -2117.676241 -9860.929055 0.312845 0.939814 0.137395 0.938593 -0.283740 -0.196303 -0.145504 0.190370 -0.970870
-42.685576 -64.685116 433.316327 -5325.280490 -0.331958 0.854410 0.399733 0.923164 0.381341 -0.048457 -0.193837 0.352933 -0.915350
-26.639497 -73.173002 -6499.721184 13501.870753 0.274932 0.960973 0.030720 -0.911793 0.250459 0.325429 -0.305034 0.117482 -0.945067
-29.898714 -48.129902 -4801.464910 7090.776463 0.037277 0.993219 0.110117 -0.915805 -0.010141 0.401494 -0.399888 0.115812 -0.909218
-31.679319 -43.654482 154.335560 4769.043982 -0.513076 0.768886 0.381531 -0.766957 -0.610250 0.198425 -0.385395 0.190811 -0.902808
-36.391165 -51.901111 969.218456 3580.158615 -0.541078 0.726935 0.422847 -0.778641 -0.623009 0.074686 -0.317729 0.288835 -0.903118
-61.530576 -76.142951 2247.806458 -2787.714963 -0.051620 0.914680 0.400869 -0.838478 0.178351 -0.514922 0.542485 0.362700 -0.757733
-61.372911 -79.944425 1623.526051 -2228.030091 0.083649 0.919903 0.383120 -0.896322 0.237459 -0.374459 0.435441 0.312076 -0.844393
-56.274447 -80.779719 581.358034 1539.098107 -0.172358 0.888650 0.424963 0.902787 -0.030070 0.429036 0.394042 0.457599 -0.797078
-58.873498 -79.783424 632.429014 -919.684354 -0.236973 0.874429 0.423342 -0.790928 0.079399 -0.606737 0.564161 0.478613 -0.672795
-56.498188 -81.649725 -370.061251 269.206580 -0.358841 0.810350 0.463213 0.820969 0.037883 0.569714 0.444120 0.584720 -0.678866
5.943805 -16.073058 -1485.215012 -1192.512172 0.427238 0.677501 0.598715 -0.789493 0.602278 -0.118157 0.440644 0.422200 -0.792199
4.595211 -11.845880 656.100714 -131.939626 0.250928 0.746367 0.616418 -0.835758 0.488336 -0.251069 0.488409 0.452176 -0.746320
5.239005 -12.539056 -1093.588712 -1144.542044 -0.449257 -0.610128 -0.652619 -0.762485 0.642548 -0.075825 0.465602 0.463547 -0.753882
-4.477402 -15.475012 326.010662 -749.115903 0.589928 -0.682344 0.431730 0.425436 0.717107 0.552052 -0.686286 -0.141998 0.713336
-3.371010 -15.031900 -112.711465 -1409.707495 0.660529 -0.543147 0.518355 0.329728 0.830115 0.449653 -0.674522 -0.126092 0.727407
-3.898987 -23.336454 587.925371 -4064.851279 0.685538 -0.482347 0.545324 0.288743 0.867740 0.404544 -0.668330 -0.119872 0.734143
-4.740290 -11.364546 815.471682 -59.859826 -0.567354 0.718045 -0.403139 0.453446 0.681068 0.574920 -0.687384 -0.143381 0.712001
-7.293032 -23.395342 1315.304920 -2701.899155 0.615910 -0.633089 0.468886 0.385676 0.761275 0.521263 -0.686957 -0.140213 0.713043
-5.115510 -17.172850 -803.497837 379.509992 -0.472224 0.832480 -0.289797 0.526849 0.530131 0.664373 -0.706707 -0.161053 0.688931
-3.657118 -13.680034 442.856311 872.352638 -0.430416 0.871009 -0.236824 0.564318 0.464438 0.682526 -0.704476 -0.160126 0.691428
-7.671863 -39.353176 835.280527 -160.869099 -0.219995 0.960445 -0.170729 -0.939093 -0.161147 0.303540 -0.264021 -0.227107 -0.937398
-8.520118 -39.586395 -465.378931 469.420569 -0.251319 0.946281 -0.203447 -0.927652 -0.175500 0.329639 -0.276226 -0.271573 -0.921926
-7.961482 -40.723658 145.548733 633.795840 -0.255209 0.948131 -0.189518 -0.885341 -0.150367 0.439956 -0.388639 -0.280068 -0.877793
-8.164067 -43.644437 -628.221638 -586.686161 -0.213818 0.952639 -0.216243 0.964049 0.170025 -0.204210 -0.157772 -0.252132 -0.954745
-7.580300 -40.043652 435.608136 -189.139510 -0.231874 0.959425 -0.160434 -0.902021 -0.150331 0.404672 -0.364134 -0.238547 -0.900279
-7.007126 -40.306162 818.370848 231.845920 -0.208976 0.963332 -0.168290 0.965883 0.176406 -0.189605 -0.152966 -0.202172 -0.967330
-6.684624 -39.750292 1216.195373 -70.906444 -0.208230 0.967293 -0.144857 -0.952052 -0.166514 0.256653 -0.224138 -0.191355 -0.955587
2.700722 -81.111420 -224.981834 -3726.664127 0.165413 -0.977413 0.131541 0.980445 0.177392 0.085199 -0.106609 0.114875 0.987643
1.808805 -87.084433 -586.008289 622.542425 0.133238 -0.980115 0.147043 0.983637 0.112619 -0.140625 0.121268 0.163374 0.979083
4.051071 -81.732140 -488.036932 -529.354460 0.146684 -0.980351 0.131891 0.987719 0.137908 -0.073428 0.053796 0.141042 0.988541
4.843321 -76.625503 -789.487301 -2492.542438 0.165106 -0.977267 0.133003 0.981787 0.175705 0.072264 -0.093991 0.118649 0.988478
3.646146 -76.729711 591.020349 -4221.178981 -0.176353 0.974559 -0.138327 0.969088 0.196532 0.149144 -0.172535 0.107749 0.979092
0.431009 -138.887170 1180.417613 -7645.152707 0.046494 0.981670 -0.184832 0.595622 -0.175786 -0.783795 0.801918 0.073649 0.592877
0.092282 -146.577523 -1096.313122 -3128.144325 0.098140 0.980314 -0.171325 0.483993 -0.197441 -0.852506 0.869551 -0.000745 0.493843
-0.378866 -134.311965 1286.899196 -4665.151968 0.053920 0.978721 -0.197984 0.445731 -0.201013 -0.872306 0.893541 0.041213 0.447085
0.184243 -140.360930 -337.246444 -7048.978826 0.056424 0.987107 -0.149784 0.753776 -0.140495 -0.641937 0.654705 0.076683 0.751985
-0.890400 -146.088049 903.109263 1878.573125 0.045877 0.979123 -0.198026 0.311549 -0.202371 -0.928431 0.949122 0.019101 0.314329
0.604879 -129.523943 631.533910 -7092.392254 0.034228 0.987239 -0.155524 0.771303 -0.125052 -0.624062 0.635547 0.098596 0.765741
15.780979 -94.879735 4268.875063 -4716.949627 0.095128 0.937410 -0.334982 -0.783071 -0.137297 -0.606588 0.614614 -0.320018 -0.720998
18.456862 -105.748993 3780.399186 -5470.109474 0.115174 0.935372 -0.334387 -0.902017 -0.042512 -0.429602 0.416053 -0.351101 -0.838825
23.573015 -100.870205 2489.428492 -4896.400339 0.132159 0.901034 -0.413125 -0.804674 -0.145852 -0.575524 0.578821 -0.408491 -0.705763
20.032990 -86.406022 3022.159396 -742.637671 0.088430 0.908029 -0.409467 -0.674270 -0.248008 -0.695595 0.733172 -0.337603 -0.590325
23.121473 -106.452367 -2193.247917 -4813.479860 0.199088 0.852149 -0.483949 -0.819742 -0.125804 -0.558745 0.537016 -0.507953 -0.673496
20.500640 -92.529814 -1067.116592 -2599.193525 0.163056 0.855181 -0.492015 -0.686626 -0.259749 -0.679025 0.708490 -0.448549 -0.544836
-1.979096 -93.513866 861.696111 1663.354486 -0.094214 0.982263 -0.162120 0.954615 0.042917 -0.294734 0.282549 0.182530 0.941727
0.935065 -88.324701 743.519462 1744.380523 -0.094494 0.981829 -0.164571 0.943341 0.035489 -0.329923 0.318087 0.186422 0.929552
0.842002 -113.639068 -725.131297 8688.113239 0.083179 0.963957 -0.252722 -0.410475 -0.197947 -0.890128 0.908070 -0.177776 -0.379216
0.826193 -102.601564 -431.441342 2757.864659 0.054025 0.953499 -0.296514 -0.561265 -0.216602 -0.798790 0.825871 -0.209578 -0.523464
0.045878 -115.046916 -188.372860 14055.101207 0.071621 0.965991 -0.248461 -0.389362 -0.202260 -0.898603 0.918296 -0.161100 -0.361634
-6.917165 -84.230634 -793.384263 391.054148 -0.078750 -0.872097 0.482955 0.894980 0.151540 0.419579 -0.439100 0.465277 0.768575
-0.459985 -88.459173 2076.921607 2328.446611 0.107592 0.866621 -0.487229 0.868930 0.156168 0.469652 -0.483099 0.473899 0.736230
-6.662751 -87.708360 1118.720032 2423.860853 0.094054 0.868088 -0.487419 0.813262 0.215403 0.540561 -0.574246 0.447241 0.685724
30.163974 -95.379628 4664.097257 -14093.194584 -0.226641 -0.953846 0.197008 0.973742 -0.226357 0.024263 0.021451 0.197334 0.980102
29.730968 -102.904754 860.947899 -11039.791979 -0.220890 -0.920815 0.321413 0.949807 -0.277953 -0.143555 0.221525 0.273571 0.935994
20.999958 -114.021226 -4163.745677 -8312.173380 0.210391 0.960959 -0.179702 0.928667 -0.253887 -0.270404 0.305471 0.109993 0.945827
24.116350 -116.261936 -2090.373574 -8149.731195 0.205417 0.939280 -0.274874 0.879805 -0.300250 -0.368502 0.428658 0.166139 0.888060
18.989425 -103.413421 6669.848676 -12473.493628 -0.175585 -0.980525 0.087978 0.982046 -0.180713 -0.054115 0.068960 0.076897 0.994651
-1.459347 -149.277091 1261.104253 -4652.593923 0.015052 -0.037809 -0.999172 0.800288 -0.598610 0.034707 -0.599426 -0.800148 0.021248
0.622341 -161.550864 151.758354 -1101.117278 0.012931 -0.054122 -0.998451 0.874675 -0.483255 0.037524 -0.484537 -0.873805 0.041091
-0.732966 -153.623649 1542.783889 -545.350695 0.013828 -0.029622 -0.999466 0.927707 -0.372545 0.023877 -0.373053 -0.927541 0.022329
-1.496428 -159.851347 549.961230 4034.133016 -0.000391 -0.046124 -0.998936 0.988359 -0.151993 0.006632 -0.152137 -0.987305 0.045646
-2.762890 -162.812877 -24.307454 -4629.027325 -0.010378 -0.067430 -0.997670 0.867740 -0.496414 0.024525 -0.496911 -0.865463 0.063664
-20.287361 -41.255347 687.983966 -744.011235 0.343545 0.938618 -0.031182 -0.804560 0.311280 0.505755 -0.484417 0.148662 -0.862114
-22.995157 -43.135024 1125.341579 -829.812853 0.355635 0.933662 -0.042404 -0.746023 0.310908 0.588886 -0.563004 0.177794 -0.807103
-18.580651 -42.780763 1697.702919 -684.313684 0.427342 0.903496 -0.032771 -0.740752 0.370687 0.560247 -0.518329 0.215142 -0.827677
-16.562000 -40.679381 1053.967338 -857.162945 0.424533 0.904920 -0.029864 -0.802593 0.391384 0.450181 -0.419066 0.167148 -0.892438
7.390743 -366.582214 4244.344066 55840.531303 -0.121645 0.040594 -0.991743 0.047101 0.998274 0.035084 0.991455 -0.042445 -0.123347
6.823354 -251.720582 1718.408310 -25154.563825 -0.113852 -0.083160 -0.990011 -0.234660 0.970546 -0.054539 0.965387 0.226107 -0.130013
6.201514 -225.961557 1398.480975 3154.976877 -0.143207 0.000327 -0.989693 0.068989 0.997571 -0.009653 0.987285 -0.069660 -0.142882
45449.757647 -641.704489 -38786880.712257 338887.310067 -0.623547 0.770193 -0.134138 0.052782 0.212661 0.975699 -0.780002 -0.601314 0.173257
1986.303186 -49.071082 -12629862.586363 -117381.460090 -0.650801 0.757985 -0.043781 -0.218719 -0.242386 -0.945204 0.727063 0.605564 -0.323530
-135.043070 -1506.765521 41977.480222 -370271.769294 0.022171 0.163562 0.986284 -0.401089 0.905109 -0.141085 -0.915771 -0.392460 0.085670
-80.727766 -2430.000796 47368.256915 848742.689633 0.024907 0.391194 0.919971 0.996383 0.065069 -0.054644 -0.081238 0.918005 -0.388158
13.588746 3.178513 -7001.349589 2911.246118 -0.184073 -0.756357 0.627727 0.794208 0.261811 0.548351 -0.579095 0.599482 0.552512
6.762193 -1.809861 5243.267275 -3282.499096 0.628257 0.767902 -0.124979 0.489246 -0.265044 0.830897 -0.604923 0.583162 0.542209
21.468832 8.056236 6251.167659 -2820.735833 0.427872 0.820624 -0.378815 0.653176 0.008950 0.757153 -0.624729 0.571398 0.532183
25.222310 7.048737 5393.221327 5022.153670 0.138639 0.801756 -0.581349 0.809302 0.246616 0.533115 -0.570798 0.544397 0.614672
-9.448155 -45.183675 751.771053 2403.968931 -0.007074 0.998851 -0.047395 -0.834923 0.020184 0.549996 -0.550321 -0.043462 -0.833821
-5.116331 -48.116105 1135.004038 2589.036932 -0.025632 0.999647 -0.006939 -0.872984 -0.019001 0.487378 -0.487075 -0.018550 -0.873163
-8.853774 -48.113037 1144.454582 1148.104345 -0.050014 0.998697 -0.010104 -0.913784 -0.041674 0.404057 -0.403109 -0.029442 -0.914678
-11.179234 -43.844709 745.940009 1738.833904 -0.039761 0.997585 -0.056953 -0.895411 -0.010276 0.445121 -0.443461 -0.068694 -0.893657
-11.266554 -42.194040 434.443929 1847.812619 0.015152 0.994706 -0.101643 -0.845749 0.066975 0.529361 -0.533366 -0.077943 -0.842286
-10.664731 -42.555981 968.989632 675.069505 0.035237 0.995451 -0.088515 -0.795407 0.081558 0.600563 -0.605051 -0.049243 -0.794663
-34.503430 -356.764850 20837.332337 94448.939734 -0.048326 0.679217 -0.732344 0.602744 -0.564825 -0.563624 0.796470 0.468654 0.382098
-21.912463 -667.680335 -26346.293745 190403.217506 -0.013814 -0.662968 0.748520 0.887005 -0.353673 -0.296881 0.461554 0.659840 0.592941
-238.240185 -651.783742 33582.528345 165619.996931 -0.302662 0.843903 -0.442972 0.628787 -0.172477 -0.758207 0.716255 0.508016 0.478433
-402.843034 -765.305161 18155.856368 201494.361886 -0.469277 0.875836 0.112648 0.388619 0.319385 -0.864274 0.792940 0.361807 0.490246
-116.378313 -196.330004 36300.895802 40837.881754 -0.160676 0.782790 -0.601184 0.466231 -0.476665 -0.745264 0.869950 0.400037 0.288372
-107.584621 -703.792448 61084.381634 -216144.108400 -0.319447 0.930402 0.179740 -0.121173 0.148014 -0.981534 0.939825 0.335327 -0.065457
35.276272 -472.077780 20965.176160 -204752.495334 -0.299839 0.953933 -0.010382 -0.174764 -0.065624 -0.982421 0.937845 0.292754 -0.186390
-16.248517 -116.816389 27753.174147 -36710.382144 -0.152107 0.958673 0.240437 -0.234379 0.201341 -0.951067 0.960172 0.201017 -0.194067
-116.571770 -749.683331 21187.832188 -298443.771221 0.027535 0.960765 0.275993 0.019899 0.275517 -0.961090 0.999423 -0.031955 0.011532
-193.824114 -1213.835347 21599.991520 -413957.765149 -0.017692 0.977990 0.207898 -0.135523 0.203666 -0.969615 0.990616 0.045329 -0.128937
-44.910627 -60.575978 -3026.883434 2369.154517 -0.601311 -0.395736 0.694131 0.797993 -0.341358 0.496670 0.040397 0.852565 0.521057
-48.723726 -66.410331 -4148.190121 2490.572211 -0.549926 -0.470736 0.689920 0.830613 -0.221654 0.510835 -0.087544 0.853977 0.512892
-50.367857 -62.278366 3691.677318 1309.810619 0.741449 0.382852 -0.551069 0.667584 -0.503754 0.548236 0.067710 0.774374 0.629095
-41.899354 -65.161684 -1345.650041 2736.020312 -0.522226 -0.387623 0.759624 0.851955 -0.197319 0.485014 -0.038114 0.900452 0.433282
12.333071 -39.872411 -2692.847524 768.309008 -0.008960 0.956184 -0.292630 0.214970 -0.283958 -0.934428 0.976580 0.071279 0.203006
9.354312 -37.192532 -1857.379106 2209.449488 -0.018285 0.967232 -0.253233 0.111038 -0.249744 -0.961924 0.993648 0.045707 0.102833
8.884588 -42.474562 -1787.835271 1150.466674 0.004517 0.960516 -0.278189 0.242131 -0.270964 -0.931639 0.970233 0.063150 0.233794
15.282527 -43.024070 -3590.246895 644.169644 0.015016 0.946218 -0.323182 0.321435 -0.310630 -0.894532 0.946812 0.090450 0.308812
-8.785285 -48.576440 -3263.563516 -1128.210624 -0.177767 0.961564 -0.209270 0.673010 -0.036354 -0.738739 0.717953 0.272164 0.640680
-4.200895 -49.626388 -3226.311896 -1283.294102 -0.207219 0.966430 -0.151899 0.645206 0.018294 -0.763790 0.735370 0.256278 0.627337
-3.789050 -49.445763 -2947.238008 -542.247971 -0.179930 0.960690 -0.211422 0.562895 -0.075707 -0.823054 0.806706 0.267100 0.527145
-11.219284 -48.134259 -2091.361758 -428.504532 -0.165932 0.945204 -0.281168 0.623553 -0.120318 -0.772467 0.763968 0.303501 0.569420
-14.266219 -47.597150 -1612.192954 -1217.537322 -0.167179 0.945247 -0.280283 0.712516 -0.080657 -0.697005 0.681449 0.316231 0.660019
2.789697 -50.615548 26.394972 112.401493 0.482577 -0.562307 -0.671513 0.433177 0.819591 -0.375005 0.761234 -0.109915 0.639095
0.888810 -52.084192 841.047772 598.945013 0.470980 -0.554612 -0.685991 0.439535 0.821776 -0.362621 0.764844 -0.130730 0.630812
2.829933 -51.356136 1007.233082 892.500396 0.469868 -0.560445 -0.682001 0.517899 0.800677 -0.301160 0.714846 -0.211702 0.666466
4.727147 -51.003461 926.873249 738.708992 0.467457 -0.571887 -0.674114 0.527060 0.792502 -0.306837 0.709712 -0.211865 0.671879
0.623178 -57.949145 469.567442 -1090.099239 -0.450707 0.767897 0.455189 0.367547 0.624323 -0.689296 0.813494 0.143367 0.563625
0.286539 -62.754660 665.859884 -2667.401052 -0.439107 0.789907 0.428056 0.275484 0.571874 -0.772703 0.855157 0.221376 0.468720
1.447619 -61.932814 331.910458 -2821.352305 -0.439248 0.784371 0.437976 0.296448 0.586771 -0.753537 0.848044 0.201153 0.490264
-1.470192 -64.170787 615.813658 -1599.205751 -0.436435 0.781181 0.446408 0.331298 0.600823 -0.727498 0.836520 0.169612 0.521024
1.526203 -54.621091 449.459668 -1792.901240 -0.455469 0.759017 0.465234 0.416508 0.643545 -0.642161 0.786810 0.098711 0.609251
1.247085 -54.311554 312.507135 -508.333847 -0.462225 0.745942 0.479498 0.450966 0.663321 -0.597189 0.763529 0.059798 0.642998
-0.420793 -64.370792 311.305819 2074.021399 -0.464528 0.741788 0.483699 0.439515 0.667308 -0.601271 0.768791 0.066714 0.636010
-3.751877 -90.991365 -2382.792177 -953.057414 0.613735 0.789312 -0.017751 0.272503 -0.232882 -0.933546 0.740993 -0.568113 0.358018
-0.090262 -94.323913 -211.879787 -1572.262814 0.607217 0.794309 -0.018979 0.226511 -0.195955 -0.954093 0.761564 -0.575043 0.298907
-1.016784 -97.843977 -873.082423 -2357.073202 0.616115 0.786230 -0.047379 0.070544 -0.114990 -0.990859 0.784491 -0.607141 0.126311
-10.076086 -89.872839 -4028.488812 -1916.691146 0.637656 0.768609 -0.051328 0.122077 -0.166619 -0.978435 0.760587 -0.617639 0.200075
-6.535725 -96.304507 -3184.281738 -1904.590830 0.628586 0.772687 -0.088512 -0.079148 -0.049662 -0.995625 0.773702 -0.632842 -0.029940
-13.775397 -82.136935 -1398.903384 -8512.971820 0.071336 0.995392 0.064077 -0.977790 0.057093 0.201661 -0.197074 0.077040 -0.977357
-25.085649 -65.066789 333.641281 6440.944206 -0.013196 0.993969 0.108866 0.999821 0.014594 -0.012059 -0.013575 0.108688 -0.993983
-18.893463 -72.952144 -3957.761768 -9049.585245 0.271732 0.962363 0.004358 -0.962161 0.271574 0.022209 -0.020189 0.010228 -0.999744
-30.311280 -59.755031 -2406.649425 -4440.522632 0.279849 0.958871 0.047439 -0.954782 0.283141 -0.090674 0.100377 0.019919 -0.994750
-5.050568 -95.301828 -5373.326077 -9951.831117 0.332851 0.941503 -0.052750 -0.932736 0.336943 0.128345 -0.138611 -0.006482 -0.990326
-19.109717 -79.892886 -5091.912127 -4924.403743 0.433593 0.900718 -0.026513 -0.897964 0.429437 -0.096152 0.075220 -0.065498 -0.995014
-3.893392 -47.973376 2893.109685 1720.441496 0.988688 -0.141053 0.050999 -0.148093 -0.864128 0.480990 0.023775 0.483102 0.875241
-11.569276 -47.117167 3084.893384 2098.741728 0.984824 -0.151692 0.084332 -0.173507 -0.848767 0.499490 0.004190 0.506542 0.862205
-9.511009 -41.942614 2955.273524 1252.242159 0.997986 -0.055892 0.030004 -0.063102 -0.923109 0.379325 -0.006496 0.380454 0.924777
-1.282482 -45.035548 2325.384461 -135.069203 0.994708 -0.095190 0.038657 -0.102732 -0.916875 0.385728 0.001274 0.387658 0.921802
-16.334716 -37.199116 2451.665267 681.142933 0.993603 0.112297 0.011916 0.101194 -0.932230 0.347428 -0.050124 0.344000 0.937631
-8.734548 -38.538379 2121.770752 798.462781 0.994479 0.104630 -0.008043 0.103105 -0.959964 0.260459 -0.019531 0.259851 0.965451
-3.902051 -42.059133 1516.683708 429.877960 0.999386 -0.021026 0.028033 -0.028386 -0.954828 0.295802 -0.020547 0.296416 0.954838
-4.738755 -45.622401 -618.583417 -376.261984 -0.650612 0.695612 0.304678 0.755598 0.552811 0.351386 0.075999 0.458830 -0.885268
-6.114939 -47.934588 -216.890607 -1822.790615 -0.632709 0.703154 0.324427 0.761356 0.488297 0.426502 0.141480 0.516856 -0.844300
-4.204464 -48.982450 -355.140634 -1595.155115 -0.607294 0.726494 0.321560 0.781845 0.474610 0.404307 0.141111 0.496943 -0.856233
-2.178669 -47.241209 -392.197969 -821.883548 -0.628815 0.713900 0.308120 0.776070 0.551755 0.305419 0.048032 0.431175 -0.900989
-3.288678 -52.683577 -1213.475761 -1040.029305 -0.552975 0.764819 0.330561 0.791184 0.357605 0.496132 0.261241 0.535884 -0.802858
-1.823990 -50.939392 -865.005367 -1578.662822 -0.585013 0.745895 0.318434 0.798774 0.461926 0.385466 0.140424 0.479860 -0.866034
0.028538 -44.471894 -186.038929 1101.958733 0.590187 -0.586921 -0.554258 0.735247 0.107337 0.669246 -0.333302 -0.802498 0.494881
-1.675346 -49.746214 -233.528722 1034.244058 0.641122 -0.576216 -0.506891 0.677278 0.114200 0.726810 -0.360913 -0.809280 0.463474
0.805217 -47.281741 -253.010881 98.707248 0.589379 -0.587308 -0.554709 0.756930 0.161528 0.633218 -0.282293 -0.793081 0.539752
2.101413 -45.138868 145.030461 -476.190899 0.540962 -0.590896 -0.598500 0.806199 0.161598 0.569149 -0.239592 -0.790397 0.563798
1.188824 -40.883973 4.318052 -1027.176939 0.524005 -0.595369 -0.609060 0.807147 0.118835 0.578266 -0.271904 -0.794616 0.542821
0.831588 -39.870452 -290.069660 1660.460662 0.579751 -0.586656 -0.565441 0.742304 0.094140 0.663417 -0.335967 -0.804346 0.490055
0.268137 -44.334747 -417.113885 2126.239393 0.619435 -0.582292 -0.526533 0.671294 0.045143 0.739815 -0.407019 -0.811726 0.418852
24.996367 -119.741879 -2638.100897 -11953.134462 0.934429 -0.284514 0.214231 0.337128 0.900562 -0.274470 0.114838 -0.328695 -0.937428
16.058922 -119.371714 -3684.531624 -16453.277812 0.927136 -0.339374 0.158885 0.374688 0.833615 -0.405825 -0.005277 -0.435787 -0.900034
31.773027 -103.951248 -6746.493471 -18572.177521 0.940136 -0.292308 0.175217 0.339389 0.756287 -0.559326 -0.030981 -0.585309 -0.810218
41.812964 -111.510052 -6713.574905 -16587.459968 0.953883 -0.211175 0.213336 0.287688 0.846009 -0.448892 0.085689 -0.489565 -0.867746
14.239497 -304.549026 4499.406040 -42952.214255 0.975624 -0.159236 0.151004 -0.147628 0.032894 0.988496 0.162371 0.986692 -0.008585
16.896786 -339.633770 7242.530217 -85746.650962 0.953180 -0.241219 0.182375 -0.058449 0.444754 0.893744 0.296700 0.862558 -0.409832
14.213661 -217.935300 4592.653724 -24820.429241 0.957975 -0.194586 0.210760 -0.190634 0.117139 0.974647 0.214341 0.973866 -0.075121
13.850740 -226.316506 2961.084229 -1034.409208 0.969158 -0.177013 0.171464 -0.215601 -0.271990 0.937837 0.119373 0.945879 0.301765
-16.623949 -47.779614 1368.361039 -364.976976 -0.121895 0.868975 -0.479609 0.770737 -0.221593 -0.597378 0.625384 0.442470 0.642740
-19.000270 -47.399385 -511.441027 -615.348884 -0.130929 0.907820 -0.398398 0.778473 -0.154687 -0.608319 0.613871 0.389789 0.686460
-17.523093 -48.266234 64.030457 -175.255683 -0.130270 0.892388 -0.432057 0.684640 -0.234233 -0.690220 0.717146 0.385718 0.580451
-13.720873 -48.358502 1744.388835 5.687587 -0.130444 0.857800 -0.497155 0.681842 -0.286419 -0.673095 0.719775 0.426782 0.547522
-13.186588 -47.927418 125.571321 366.055748 -0.128818 0.884934 -0.447547 0.566894 -0.304581 -0.765416 0.813657 0.352311 0.462428
-14.288332 -48.373893 -722.602810 293.815350 -0.149596 0.918451 -0.366154 0.589867 -0.214301 -0.778545 0.793523 0.332449 0.509705
-14.652266 -5579.639283 12373.031739 -2557226.970688 0.934806 -0.262220 0.239539 -0.322189 -0.909901 0.261293 -0.149440 0.321435 0.935065
59.015838 -1490.577574 -1082.179773 -583771.536021 0.912036 -0.356573 0.202600 -0.374871 -0.524488 0.764450 0.166320 0.773155 0.612021
18.092498 -676.614277 9887.521739 -159913.098661 0.959804 -0.251754 0.124077 -0.280299 -0.837093 0.469796 0.014409 0.485691 0.874012
-23.413405 -1958.859963 -10459.270492 318223.467643 0.892043 -0.406368 0.197797 -0.108263 -0.617045 -0.779445 -0.438791 -0.673885 0.594425
303.994102 -1471.064612 -99844.598232 -1822437.390518 0.864761 -0.440492 0.241153 0.369116 0.883138 0.289519 -0.340502 -0.161352 0.926296
21.799679 -8749.292236 -6324.726654 5721850.736732 0.791597 -0.502195 0.348101 -0.610163 -0.680232 0.406185 -0.032806 0.533933 0.844890
33.174699 -398.263676 2459.927746 94969.546243 0.858235 -0.513172 -0.009320 -0.401291 -0.682224 0.611175 0.319996 0.520792 0.791440
-18.692485 -51.090889 -679.594646 4207.638527 0.835709 -0.353068 0.420634 -0.539462 -0.671184 0.508422 -0.102815 0.651809 0.751381
-15.690013 -58.012821 920.313170 4592.430570 0.913822 -0.285728 0.288597 -0.405553 -0.679400 0.611508 -0.021348 0.675851 0.736729
-12.344432 -67.082908 -532.120067 6468.846693 0.812615 -0.361669 0.457004 -0.581898 -0.547145 0.601687 -0.032436 0.754869 0.655073
-7.240523 -76.097436 827.568049 6020.717259 0.898795 -0.309376 0.310571 -0.432604 -0.511449 0.742478 0.070864 0.801689 0.593525
-74.711318 -477.400262 -2910.201078 116426.686230 -0.386908 0.500893 0.774215 -0.474862 0.611487 -0.632921 -0.790448 -0.612527 0.001266
-105.548960 -1102.350437 28869.612351 286964.340394 -0.490431 0.564748 0.663730 -0.298832 0.606457 -0.736824 -0.818644 -0.559705 -0.128661
-148.989548 -1243.471538 -19335.615384 -321248.756879 0.437774 -0.530560 -0.725851 0.635241 -0.388795 0.667314 -0.636257 -0.753223 0.166829
-15.112358 -652.905842 855.636552 -173621.421387 0.015745 0.827526 0.561206 0.277320 -0.542870 0.792708 -0.960648 -0.143153 0.238037
-17.846192 -974.056233 -6052.768761 -292604.560196 0.089266 0.779926 0.619474 0.583258 -0.545093 0.602233 -0.807367 -0.307554 0.503556
-12.769996 -510.549856 2607.174392 -80160.105427 0.089115 0.861975 0.499057 0.797160 -0.362124 0.483118 -0.597156 -0.354775 0.719402
2.352621 -793.909520 1618.852596 -269365.557934 0.107482 0.849477 0.516562 0.655319 -0.451262 0.605739 -0.747666 -0.273406 0.605181
-55.472487 -81.672937 1114.835271 -4549.867441 0.168309 0.950557 0.260987 0.985163 -0.171221 -0.011712 0.033554 0.259086 -0.965271
-50.031672 -75.610116 1469.970821 -4075.171936 -0.147928 0.922864 0.355584 0.988994 0.137048 0.055750 0.002717 0.359918 -0.932980
-68.284264 -77.539494 2570.756537 -2434.112769 0.253738 0.870804 0.421091 -0.771156 0.444910 -0.455382 0.583896 0.209179 -0.784416
4.628702 -25.003963 -58.450269 1387.055177 -0.506414 0.832274 0.225533 0.760005 0.307246 0.572706 0.407354 0.461432 -0.788126
2.760522 -19.572867 -5.153704 1297.408052 -0.426146 0.855229 0.294929 0.782898 0.185290 0.593917 0.453288 0.483995 -0.748518
2.745346 -25.060999 241.005198 896.286177 -0.417453 0.857125 0.301778 0.801514 0.190842 0.566705 0.428145 0.478452 -0.766665
2.811085 -20.679492 -217.035475 2001.272259 -0.538340 0.819246 0.197551 0.726317 0.332165 0.601773 0.427381 0.467443 -0.773850
5.858173 -32.301038 168.914544 2659.108575 -0.482379 0.838457 0.253575 0.796364 0.299196 0.525629 0.364849 0.455490 -0.812043
5.601784 -30.136431 -62.686155 2906.583330 -0.559358 0.809609 0.177911 0.736545 0.386970 0.554758 0.380291 0.441348 -0.812768
-2.676633 -22.984793 -102.414363 -3605.157962 0.717309 -0.369422 0.590758 0.213500 0.923623 0.318338 -0.663239 -0.102219 0.741394
-3.618921 -13.925066 -176.476987 -1036.928523 0.702813 -0.411248 0.580456 0.224479 0.902484 0.367603 -0.675028 -0.128056 0.726594
-7.789230 -40.156459 -845.096570 -211.592018 -0.261732 0.940026 -0.218740 0.925914 0.180604 -0.331760 -0.272358 -0.289367 -0.917653
-3.390919 -74.183093 -205.781800 41.439589 -0.012287 0.923143 -0.384260 0.981742 0.084089 0.170621 0.189820 -0.375148 -0.907322
-3.860069 -74.606062 85.989918 -3469.052322 -0.005220 0.926808 -0.375500 -0.922950 -0.148994 -0.354915 0.384885 -0.344715 -0.856175
-2.494329 -76.633016 -382.309326 2333.700659 0.002027 0.920437 -0.390887 0.938840 0.132850 0.317694 0.344347 -0.367624 -0.863874
-2.620053 -77.167900 -330.282513 -1776.340401 -0.012915 0.919808 -0.392156 0.998344 0.033848 0.046512 0.056056 -0.390906 -0.918722
-2.949386 -74.668312 -194.034321 -3523.199600 -0.033034 0.923406 -0.382400 0.999155 0.021151 -0.035240 -0.024453 -0.383241 -0.923325
3.423977 -69.692107 -198.143745 -3831.312190 -0.181624 0.976827 -0.113231 0.942089 0.205854 0.264750 -0.281925 0.058589 0.957646
3.583193 -74.237103 -229.145017 -1784.600924 -0.157652 0.981855 -0.105385 0.978497 0.169697 0.117246 -0.133002 0.084635 0.987495
-1.487009 -135.707798 -1609.806019 -642.421199 0.093800 0.981976 -0.164089 0.410837 -0.188306 -0.892051 0.906871 -0.016261 0.421095
-1.419453 -131.034133 -1298.319763 7236.740028 0.100327 0.974556 -0.200439 0.089186 -0.209453 -0.973743 0.990949 -0.079816 0.107931
-3.065622 -125.179141 -1195.271428 3216.523591 0.075211 0.978401 -0.192548 0.202024 -0.204042 -0.957890 0.976488 -0.033145 0.213007
-4.655458 -125.630475 -1677.782693 -2318.276726 0.069680 0.983845 -0.164907 0.473749 -0.178114 -0.862460 0.877899 0.018028 0.478506
8.943402 -94.601575 3468.815247 -6271.151142 0.091427 0.946360 -0.309910 -0.860945 -0.081271 -0.502164 0.500415 -0.312727 -0.807333
8.521840 -104.716463 4907.686131 -8092.112476 0.095015 0.952276 -0.290073 -0.929630 -0.019336 -0.367985 0.356033 -0.304625 -0.883428
1.954133 -123.134218 -397.262692 7821.177369 0.066444 0.967735 -0.243052 -0.379163 -0.200829 -0.903274 0.922941 -0.152173 -0.353585
3.419410 -121.310492 -1060.254130 5134.779499 0.069069 0.968388 -0.239696 -0.419904 -0.189729 -0.887515 0.904936 -0.161949 -0.393526
1.866823 -111.703848 -9.367124 -1564.634770 0.028666 0.960072 -0.278281 -0.572265 -0.212495 -0.792059 0.819567 -0.181956 -0.543324
2.028830 -147.848881 -343.021358 -3543.806718 0.000863 -0.064453 -0.997920 0.795418 -0.604757 0.039748 -0.606061 -0.793798 0.050745
2.451975 -153.048742 -6.586908 6934.009196 0.016332 -0.065906 -0.997692 0.930353 -0.364552 0.039311 -0.366302 -0.928848 0.055362
-0.739476 -149.240188 -1418.553962 12899.648145 -0.024866 0.039375 0.998915 -0.642667 0.764755 -0.046143 -0.765742 -0.643117 0.006288
1.795578 -152.707183 581.122546 13936.669867 0.007510 0.063080 0.997980 -0.635887 0.770531 -0.043918 -0.771745 -0.634273 0.045898
2.682466 -678.223578 4270.482020 208274.294634 -0.052059 0.080016 -0.995433 0.460941 0.886178 0.047128 0.885902 -0.456383 -0.083017
9.855808 -341.633578 -2672.717115 -26499.737584 -0.071229 0.001407 -0.997459 0.217859 0.975877 -0.014180 0.973378 -0.218315 -0.069818
5.376635 -321.904669 -1007.731098 3493.308591 -0.081920 -0.006582 -0.996617 0.140417 0.989927 -0.018080 0.986698 -0.141423 -0.080170
63.158080 -1477.147080 -39946.539063 -785141.541761 -0.055331 0.361845 0.930595 0.998079 0.046052 0.041437 -0.027862 0.931100 -0.363698
6549.565167 -903.327496 -12092550.447537 -246245.830496 0.093757 0.915466 -0.391320 -0.243605 -0.360009 -0.900583 0.965332 -0.179764 -0.189259
-27.494327 -42.112488 775.704872 -2373.669325 0.723208 0.230977 0.650861 0.244107 0.796094 -0.553757 -0.646051 0.559361 0.519358
-31.243941 -35.361872 2766.400825 -484.341104 0.760531 0.491131 0.424716 -0.088425 0.726360 -0.681603 -0.643253 0.480825 0.595847
-23.655727 -41.087997 2072.948722 -1301.783594 0.803646 0.413716 0.427775 -0.011723 0.729687 -0.683681 -0.594992 0.544423 0.591260
18.656630 -1.894392 5431.223278 -5096.800682 0.567412 0.808357 -0.156851 0.513263 -0.198251 0.835020 -0.643898 0.554306 0.527390
-0.355507 -9.430772 2006.167702 -1372.876749 0.697311 0.712939 0.073993 0.381391 -0.456460 0.803857 -0.606876 0.532318 0.590203
8.390539 -8.240840 5119.207839 -2275.376390 0.628899 0.773053 -0.082916 0.480883 -0.302962 0.822779 -0.610932 0.557318 0.562280
19.757698 -171.659878 46.141665 3902.501855 -0.142759 0.965900 -0.216003 -0.451422 0.130676 0.882690 -0.880817 -0.223521 -0.417373
20.453219 -159.492975 -71.241309 -823.722515 -0.117927 0.969908 -0.213007 -0.380524 0.153992 0.911859 -0.917221 -0.188587 -0.350914
19.366921 -148.395542 71.900875 3351.706498 -0.122559 0.964161 -0.235314 -0.176160 0.212203 0.961217 -0.976702 -0.159259 -0.143840
32.901552 -495.378857 14637.925372 137121.292354 -0.004245 0.697604 -0.716471 0.743490 -0.476935 -0.468781 0.668734 0.534679 0.516637
42.246354 -552.699313 -10296.926516 144690.833035 0.000665 -0.752733 0.658326 0.980446 -0.129059 -0.148557 0.196787 0.645552 0.737928
31.140303 -74.767727 11883.209003 -20581.713982 -0.000023 0.955215 0.295911 -0.379872 0.273721 -0.883614 0.925039 0.112429 -0.362853
43.106655 -133.503294 -9331.675583 -48907.248204 0.082515 0.995360 0.049494 -0.346778 0.075237 -0.934925 0.934311 -0.059982 -0.351377
-54.754992 -66.217708 3239.520261 1812.264990 0.751701 0.463329 -0.469331 0.656231 -0.454671 0.602192 -0.065622 0.760658 0.645828
-53.559848 -68.675325 -2384.181880 141.901424 -0.649819 -0.563118 0.510522 0.721790 -0.246650 0.646671 -0.238232 0.788709 0.566731
6.871060 -36.887810 -1427.480610 2381.833546 0.005002 0.968065 -0.250649 0.087942 -0.250107 -0.964216 0.996113 0.017219 0.086384
11.307195 -30.899388 -277.507849 2984.873988 -0.052264 0.967191 -0.248617 0.028389 -0.247418 -0.968493 0.998230 0.057676 0.014527
8.733164 -31.376937 -1958.255396 3437.071413 -0.005971 0.974238 -0.225445 0.004584 -0.225420 -0.974251 0.999972 0.006851 0.003120
1.665083 -51.078807 -2153.330999 -1655.761440 -0.241364 0.961919 -0.128282 0.569061 0.033217 -0.821624 0.786074 0.271310 0.555408
-1.270804 -48.897462 -1658.449782 -1441.327214 -0.276763 0.955828 -0.098966 0.666285 0.116667 -0.736514 0.692435 0.269779 0.669143
5.095062 -52.551166 -476.468237 -1556.238365 -0.315847 0.944313 -0.092275 0.573978 0.112725 -0.811075 0.755506 0.309139 0.577618
-0.370194 -51.349105 1352.457533 -994.325305 0.459983 -0.567770 -0.682681 0.714485 0.693161 -0.095074 0.527188 -0.444033 0.724505
4.505594 -52.049447 1478.165595 -864.455776 0.462079 -0.570004 -0.679396 0.711987 0.695179 -0.099001 0.528732 -0.437974 0.727063
1.022662 -50.913145 1581.859664 -1142.402027 0.469000 -0.551736 -0.689656 0.636577 0.752452 -0.169070 0.612216 -0.359725 0.704123
-3.402868 -52.282681 1491.635787 -1701.863708 0.463116 -0.566479 -0.681634 0.693672 0.710381 -0.119074 0.551672 -0.417686 0.721939
-1.630244 -68.876481 1004.413384 -3570.678957 -0.434536 0.800413 0.412937 0.218200 0.538384 -0.813960 0.873824 0.263592 0.408597
-2.146119 -95.880225 1062.575041 -4304.923669 0.598390 0.801202 -0.002232 0.279206 -0.211139 -0.936731 0.750982 -0.559907 0.350044
-0.556220 -97.343329 760.838404 -3710.951116 0.607321 0.794326 -0.014389 0.330499 -0.269078 -0.904637 0.722448 -0.544649 0.425941
-2.591197 -88.446143 1156.099147 -4319.544530 0.602480 0.798134 -0.000100 0.450398 -0.340092 -0.825517 0.658907 -0.497313 0.564377
-4.860280 -93.509109 539.498273 -5537.311787 0.611550 0.790963 0.019606 0.355399 -0.252477 -0.899971 0.706893 -0.557345 0.435510
-3.292330 -104.961370 250.107741 -5586.800994 0.616264 0.787487 0.009108 0.166977 -0.119353 -0.978710 0.769634 -0.604665 0.205045
-29.276183 -62.548503 1802.366372 875.185023 -0.215168 0.963586 0.158758 0.972410 0.196399 0.125878 0.090115 0.181463 -0.979260
-33.462611 -59.402305 442.170635 -2757.467542 -0.006330 0.994823 0.101427 -0.992760 0.005915 -0.119968 0.119947 0.101452 -0.987583
-5.633017 -54.227964 2971.043003 3863.718690 0.978740 -0.186949 0.084369 -0.201476 -0.799277 0.566183 0.038413 0.571144 0.819950
-11.434842 -56.341789 2046.886977 3802.555003 0.967326 -0.206217 0.147499 -0.253141 -0.753014 0.607363 0.014180 0.624856 0.780611
-18.489308 -45.956920 1969.321078 2345.705011 0.970036 -0.171489 0.172109 -0.237802 -0.815341 0.527891 -0.049800 0.553002 0.831691
-7.846908 -46.131585 -855.014535 -936.806378 -0.655817 0.685891 0.315370 0.743435 0.514189 0.427685 0.131186 0.514940 -0.847129
-7.716534 -47.401513 -421.349587 -1863.670684 -0.629170 0.702482 0.332664 0.751675 0.440987 0.490423 0.197812 0.558614 -0.805494
-3.408554 -54.092082 -919.030745 -984.927020 0.668938 -0.575427 -0.470538 -0.647251 -0.139654 -0.749375 -0.365498 -0.805841 0.465866
-0.466620 -51.432863 -701.166347 157.275260 0.622506 -0.580036 -0.525399 0.735257 0.203464 0.646529 -0.268111 -0.788772 0.553133
18.139007 -87.312431 -5244.922664 -12874.596326 0.926728 -0.352690 0.129553 0.354922 0.708560 -0.609896 -0.123309 -0.611189 -0.781820
19.410229 -174.951395 3518.663239 -35367.348650 0.945978 -0.147339 0.288821 -0.119999 0.668432 0.734029 0.301208 0.729034 -0.614641
12.514265 -150.104721 6348.914788 -26443.191189 0.917356 -0.222776 0.329893 -0.064664 0.734329 0.675706 0.392781 0.641195 -0.659235
4.645119 -154.952454 5487.029895 -16862.262813 0.921254 -0.249220 0.298631 -0.081354 0.627324 0.774498 0.380359 0.737804 -0.557649
18.537570 -320.714422 567.645582 -80100.425929 0.972542 -0.118258 0.200443 -0.136783 0.406366 0.903414 0.188289 0.906025 -0.379032
-158.354817 -2591.988986 -66168.457309 -2450905.353015 0.848310 -0.388462 0.359815 0.098848 -0.551409 -0.828358 -0.520191 -0.738272 0.429367
-340.095602 -6939.681726 -118780.269055 1974854.776306 0.813863 -0.525913 0.247069 -0.574667 -0.665636 0.476116 0.085938 0.529476 0.843961
-16.945685 -44.600933 -495.887383 -1701.164779 0.525443 -0.546482 0.652125 0.779237 0.616828 -0.110960 -0.341611 0.566463 0.749947
-13.983340 -38.316970 -407.194530 -1997.945007 0.417684 -0.619802 0.664369 0.781022 0.618549 0.086033 -0.464268 0.482952 0.742437
-18.036113 -38.010509 -1276.255898 -828.296125 0.393548 -0.669395 0.630103 0.836234 0.545391 0.057108 -0.381880 0.504439 0.774409
-19.585493 -43.473789 -1615.463135 -1830.279137 0.590438 -0.525169 0.612847 0.761407 0.614281 -0.207168 -0.267662 0.588945 0.762562
-16.439374 -54.311517 -373.234733 -3646.028641 0.640179 -0.463716 0.612485 0.736791 0.596343 -0.318612 -0.217506 0.655242 0.723428
0.265605 -44.721073 -562.342798 302.005489 -0.684299 0.670523 0.286590 0.698060 0.715990 -0.008396 -0.210825 0.194312 -0.958017
-1.869184 -44.548209 -895.052241 419.361152 -0.680079 0.674248 0.287894 0.705567 0.708607 0.007170 -0.199169 0.208004 -0.957635
-0.566147 -44.203478 -595.019025 120.826056 -0.678984 0.675459 0.287638 0.723428 0.682299 0.105448 -0.125029 0.279684 -0.951916
0.392074 -44.951183 -490.613019 -209.712858 -0.666245 0.686695 0.290806 0.734271 0.672178 0.094990 -0.130244 0.276817 -0.952055
-15.459833 -56.155382 214.460055 4093.135090 -0.537436 0.773319 0.336364 0.506065 0.614811 -0.604902 0.674582 0.154874 0.721771
-15.556119 -54.774667 -39.838198 7496.504246 -0.487473 0.848047 0.207815 0.531360 0.476994 -0.700095 0.692839 0.230853 0.683140
-17.545976 -57.525575 -480.003669 2881.729721 -0.498800 0.827042 0.259230 0.604657 0.546339 -0.579572 0.620958 0.132345 0.772590
-17.929789 -59.460301 -881.973989 -2880.995891 -0.557835 0.742798 0.370231 0.628294 0.669417 -0.396393 0.542279 -0.011492 0.840120
-102.722463 -261.338126 -17200.226417 33437.255423 -0.000977 0.146719 -0.989178 0.145149 0.978723 0.145025 0.989409 -0.143436 -0.022253
-149.791287 -3500.742344 25215.114542 -1121963.140778 -0.085239 0.860061 0.503021 -0.202761 0.479321 -0.853897 0.975511 0.174778 -0.133530
-96.749691 -235.472264 -9570.028108 -33865.282466 -0.048874 -0.219068 -0.974485 0.030576 0.974865 -0.220687 0.998337 -0.040581 -0.040947
-49.931606 -418.321213 -4741.785946 111845.382212 0.003120 0.629059 -0.777351 0.021981 0.777124 0.628964 0.999754 -0.019049 -0.011402
-36.651948 -470.522952 6034.544727 -124456.301102 -0.029276 0.849105 0.527412 0.156548 -0.517232 0.841406 -0.987236 -0.107198 0.117783
-45.914583 -83.495010 -3894.071576 -3567.672063 0.301329 0.941608 0.150249 0.951041 -0.308146 0.023802 0.068711 0.135721 -0.988362
-29.650083 -82.978904 -7033.074287 7693.785447 0.341873 0.938959 0.038448 -0.935558 0.336207 0.108145 -0.088618 0.072942 -0.993391
2.753653 -19.974495 310.830121 1091.010912 -0.356139 0.865363 0.352580 0.801317 0.088733 0.591623 0.480683 0.493228 -0.725031
3.082119 -15.487639 925.337758 -1233.047099 -0.267174 0.865843 0.423005 -0.820596 0.025714 -0.570930 0.505213 0.499654 -0.703637
1.649998 -13.705730 15.696626 1432.238774 -0.344897 0.868749 0.355418 0.806223 0.080276 0.586140 0.480677 0.488704 -0.728092
-1.117382 -35.285896 477.601590 -6371.767950 0.719722 -0.378611 0.581939 0.243513 0.922628 0.299096 -0.650155 -0.073556 0.756233
-4.667811 -34.217546 1468.912984 -5707.126050 0.691675 -0.472047 0.546587 0.299693 0.876191 0.377457 -0.657092 -0.097270 0.747509
-6.289174 -40.432324 -181.596822 1298.152255 -0.274668 0.939028 -0.206844 -0.875436 -0.155242 0.457725 -0.397705 -0.306801 -0.864699
-8.162419 -42.995696 -225.696881 -1279.750722 -0.265666 0.944176 -0.194815 -0.849024 -0.133408 0.511234 -0.456705 -0.301220 -0.837070
-8.196737 -42.401846 -54.880186 -1016.180284 -0.255360 0.950744 -0.175721 -0.866117 -0.144174 0.478598 -0.429690 -0.274409 -0.860271
-7.584115 -42.370071 -135.946354 -382.957493 -0.259105 0.942450 -0.211310 -0.858629 -0.124574 0.497230 -0.442291 -0.310272 -0.841493
-4.471013 -73.456392 115.673054 -2270.548560 0.002356 0.930961 -0.365111 -0.877178 -0.173389 -0.447767 0.480160 -0.321323 -0.816210
-4.024197 -74.176394 120.175526 -1989.913506 0.008673 0.926841 -0.375354 -0.874862 -0.174762 -0.451746 0.484295 -0.332301 -0.809342
0.409326 -147.606675 -664.892093 884.615653 0.077722 0.978034 -0.193414 0.355869 -0.208436 -0.910995 0.931298 -0.001974 0.364252
0.365789 -147.029421 -773.655225 321.642801 0.062036 0.982231 -0.177125 0.600825 -0.178461 -0.779205 0.796969 0.058083 0.601220
2.359385 -154.695609 -842.782488 1841.008858 0.081916 0.980746 -0.177278 0.397917 -0.195267 -0.896400 0.913757 -0.002888 0.406251
0.417149 -144.318818 -904.088384 -702.327285 0.032006 0.988396 -0.148486 0.817480 -0.111364 -0.565087 0.575067 0.103298 0.811559
2.028838 -156.417267 -507.403021 -3980.584953 0.057882 0.984314 -0.166660 0.676450 -0.161444 -0.718576 0.734211 0.071144 0.675184
1.091146 -103.966192 2473.560735 -9048.682850 0.081524 0.947178 -0.310175 -0.921709 -0.046763 -0.385053 0.379218 -0.317282 -0.869210
2.954285 -73.661040 430.205104 -6281.479431 -0.190209 0.971660 -0.140345 0.943444 0.220451 0.247617 -0.271539 0.085309 0.958639
