16945
33875
-41.868317 -64.550395 130.728423 7248.523467 0.013685 -0.988081 0.153326 0.991933 -0.005911 -0.126629 0.126026 0.153822 0.980029
-39.613940 -68.772913 2430.847484 5113.547895 -0.146142 -0.968368 0.202252 0.987935 -0.153454 -0.020870 0.051246 0.196762 0.979111
-52.469921 -81.289011 -1569.485020 4832.809883 0.176720 -0.964994 0.193797 0.980414 0.189975 0.051935 -0.086934 0.180824 0.979666
-37.554598 -58.179422 924.992256 5848.817955 -0.348934 -0.893755 0.281864 0.926372 -0.374429 -0.040464 0.141703 0.246992 0.958601
-46.596227 -101.032722 -207.793574 17834.513159 0.430687 -0.896708 0.102094 0.901501 0.422122 -0.095442 0.042487 0.133143 0.990186
-35.452840 -75.587553 -2470.751364 14798.382630 -0.309879 0.950309 -0.029804 0.927900 0.295440 -0.227413 0.207307 0.098125 0.973342
-34.799731 -51.460222 -1126.733483 7302.421613 0.214243 0.962145 -0.168453 0.946622 -0.247040 -0.207070 0.240847 0.115098 0.963714
-34.586910 -50.377346 -1126.585825 4601.458396 0.450003 0.851065 -0.270527 0.864079 -0.491462 -0.108779 0.225532 0.184806 0.956547
28.503182 -66.766265 1125.224405 584.530272 -0.403759 0.913869 0.042692 0.899379 0.387942 0.201541 -0.167620 -0.119770 0.978549
30.107799 -73.006544 10591.173204 4452.112010 -0.401838 0.912994 0.070488 0.902895 0.382205 0.196721 -0.152664 -0.142694 0.977922
29.446556 -72.494190 2318.171465 7181.658557 -0.389830 0.919157 0.056410 0.892077 0.361723 0.270843 -0.228543 -0.155905 0.960969
29.989606 -83.988603 -145.412379 9704.464321 -0.354207 0.932247 0.073846 0.881374 0.306394 0.359587 -0.312598 -0.192454 0.930185
40.276336 -69.089143 -9403.019262 5234.074629 -0.395686 0.917502 0.040293 0.884295 0.368788 0.286387 -0.247901 -0.148950 0.957267
6.225438 -28.916269 3883.673212 4830.807540 0.479962 0.828533 -0.288391 0.681038 -0.559106 -0.472851 0.553014 -0.030545 0.832612
5.029957 -30.381523 7636.319606 9856.057832 0.489605 0.807730 -0.328420 0.623552 -0.587622 -0.515638 0.609483 -0.047672 0.791365
17.851963 -15.559158 9629.053681 -6184.685709 0.657590 0.592287 -0.465588 -0.417367 0.800904 0.429368 0.627200 -0.088027 0.773867
11.844639 -21.227868 12601.058948 -1412.239312 0.679136 0.518775 -0.519275 -0.348553 0.850525 0.393850 0.645976 -0.086483 0.758443
6.382247 -34.998517 189.373647 -3524.483502 -0.523924 -0.810961 0.260472 0.748482 -0.292381 0.595221 -0.406545 0.506809 0.760175
7.146856 -40.784743 129.982790 -4742.868545 -0.554424 -0.799255 0.231960 0.748879 -0.357542 0.557983 -0.363035 0.483069 0.796775
5.650161 -33.533409 46.633505 -4081.077292 -0.550829 -0.802623 0.228874 0.725984 -0.325480 0.605813 -0.411746 0.499858 0.761976
4.979762 -29.619462 87.866913 -1817.438294 -0.506111 -0.819482 0.268887 0.739788 -0.252219 0.623778 -0.443357 0.514620 0.733894
34.009650 -78.724188 -257.837152 -727.610977 0.357981 0.894362 0.268264 0.534810 0.039113 -0.844066 0.765394 -0.445630 0.464313
32.800985 -66.914056 2737.176635 -524.713299 0.261220 0.924879 0.276339 0.491998 0.118731 -0.862462 0.830483 -0.361251 0.424024
30.913405 -79.801233 -297.729062 125.736413 0.327448 0.882443 0.337745 0.481259 0.151847 -0.863326 0.813122 -0.445237 0.374962
25.110677 -91.057074 -6507.718887 1822.860645 0.425608 0.848837 0.313582 0.502483 0.066508 -0.862025 0.752575 -0.524454 0.398220
23.750052 -85.546456 -7965.947384 -3022.404877 0.463687 0.852422 0.241599 0.578642 -0.084858 -0.811155 0.670945 -0.515922 0.532595
-24.606272 -41.390625 2044.434091 5780.449407 0.196204 0.550740 0.811289 -0.133847 0.834669 -0.534241 -0.971385 -0.003769 0.237480
-23.758941 -42.396614 1716.317727 4626.830739 0.239203 0.587201 0.773290 -0.198128 0.809172 -0.553160 -0.950540 -0.020893 0.309897
-18.484282 -33.481081 5408.901986 -4515.091657 0.175152 0.827619 0.533263 0.168099 -0.558821 0.812072 -0.970085 0.052595 0.237001
-3.557732 -27.410055 13144.630887 -1671.928906 0.124985 0.979965 0.155074 0.152151 -0.173382 0.973031 -0.980423 0.098020 0.170773
-18.548352 -31.068453 8752.686514 -3852.442136 0.146898 0.861400 0.486222 0.112131 -0.502888 0.857048 -0.982775 0.071378 0.170463
1.372926 -52.507094 -136.133741 1026.134601 0.320187 0.946914 -0.028875 0.937332 -0.312230 0.154665 -0.137439 0.076587 0.987545
0.647696 -57.874891 -133.353520 2193.749792 0.293382 0.955198 -0.039045 0.906994 -0.265203 0.327153 -0.302141 0.131394 0.944164
1.400475 -54.045655 -184.727677 1140.058059 0.308456 0.950602 -0.034811 0.938856 -0.298351 0.171861 -0.152986 0.085694 0.984506
1.559781 -52.242918 -30.088144 -10.484769 -0.342822 -0.938671 0.037011 0.939378 -0.342822 0.006545 0.006545 0.037011 0.999293
1.829613 -50.803347 19.925374 160.910418 0.347888 0.937078 -0.029313 0.937234 -0.348399 -0.014478 0.023779 0.022437 0.999465
-12.869256 -113.466102 -6073.314594 1486.630977 -0.535743 0.815468 -0.219070 0.269530 0.411027 0.870868 -0.800208 -0.407515 0.439998
-14.689807 -105.415549 -4665.656738 8066.666128 -0.508379 0.837533 -0.200223 0.486178 0.471064 0.736023 -0.710762 -0.276835 0.646669
-21.044484 -113.248306 -2067.788926 1609.425596 -0.473722 0.842283 -0.257190 0.321644 0.437336 0.839811 -0.819837 -0.315114 0.478091
-22.597027 -122.508542 585.406986 -521.080570 -0.411202 0.877057 -0.248364 0.170192 0.341544 0.924328 -0.895515 -0.337816 0.289711
7.945692 -91.707805 848.589303 2695.059266 -0.355760 0.932780 -0.057932 -0.736637 -0.241723 0.631614 -0.575153 -0.267378 -0.773116
11.577467 -102.533273 541.282860 4351.488178 -0.355159 0.930054 -0.094137 -0.844866 -0.276258 0.458130 -0.400080 -0.242242 -0.883886
8.661049 -100.169434 1276.332297 3712.030674 -0.360240 0.931909 -0.042117 -0.827428 -0.298349 0.475764 -0.430803 -0.206238 -0.878564
91.736559 -46.941152 19408.540537 6061.778631 0.735400 -0.549213 0.396927 -0.676659 -0.563777 0.473591 0.036324 0.616863 0.786232
80.914192 -63.524730 18173.872240 6350.132349 0.778014 -0.515357 0.359306 -0.615641 -0.511417 0.599532 0.125218 0.687648 0.715165
82.694280 -51.829493 20590.521060 3866.037238 0.713346 -0.592339 0.374529 -0.696181 -0.537617 0.475709 0.080428 0.600086 0.795882
77.452905 -49.616848 5802.215466 -3446.961014 0.671197 -0.625710 0.397469 0.741244 0.561328 -0.368060 0.007188 0.541663 0.840565
-1.825906 -42.893632 139.357842 -1110.945204 0.448218 0.883976 -0.132992 0.796828 -0.327655 0.507649 -0.405174 0.333509 0.851238
-3.665627 -44.604975 462.622893 -1435.059516 0.485114 0.866730 -0.115948 0.789147 -0.376802 0.485043 -0.376712 0.326801 0.866769
-4.641080 -43.909437 -31.086707 -1088.127786 -0.449918 -0.882818 0.134931 0.855577 -0.382764 0.348538 -0.256049 0.272257 0.927532
11.312286 -120.366202 139.762561 1332.249557 0.840266 -0.166621 0.515937 -0.530651 -0.057585 0.845632 0.111189 0.984338 0.136804
9.730702 -117.245443 744.882561 1377.548416 0.837316 -0.202816 0.507708 -0.532590 -0.092834 0.841267 0.123490 0.974806 0.185749
10.691678 -116.677869 160.992288 1810.457457 0.845996 -0.168423 0.505889 -0.533080 -0.286352 0.796133 -0.010775 0.943205 0.332035
9.360845 -120.211408 982.207715 804.466636 0.832465 -0.206092 0.514324 -0.497034 0.132465 0.857560 0.244867 0.969525 -0.007838
9.654040 -117.488705 -644.308013 1344.462030 0.852835 -0.129677 0.505822 -0.521149 -0.272218 0.808889 -0.032799 0.953458 0.299738
9.897917 -117.145464 -825.656620 914.715422 0.848833 -0.120299 0.514791 -0.524792 -0.074157 0.847994 0.063837 0.989964 0.126079
10.650539 -119.375841 -637.240550 450.151229 0.844223 -0.129116 0.520208 -0.504764 0.134922 0.852648 0.180278 0.982408 -0.048731
11.062900 -122.957752 318.254604 901.585798 0.837061 -0.171221 0.519627 -0.489924 0.188167 0.851215 0.243523 0.967097 -0.073622
-9.863108 -97.622100 -578.626006 171.910964 -0.170379 0.984779 0.034355 0.726440 0.149087 -0.670864 0.665775 0.089344 0.740784
-7.958003 -101.862322 -492.102247 513.204091 -0.140715 0.988491 0.055541 0.731009 0.141568 -0.667521 0.667701 0.053329 0.742517
-10.181897 -97.734511 -597.376124 -4.100226 -0.145373 0.989095 0.023609 0.581210 0.104686 -0.806992 0.800664 0.103593 0.590090
-8.674629 -97.280278 -485.458360 598.257391 -0.183407 0.981705 0.051162 0.845489 0.184082 -0.501261 0.501508 0.048678 0.863782
-12.360336 -93.877378 -661.214456 95.773524 -0.190327 0.981622 0.013950 0.573047 0.122624 -0.810297 0.797115 0.146228 0.585854
-12.167249 -94.557009 -675.207546 -235.399956 -0.208479 0.977933 0.013517 0.718408 0.162501 -0.676375 0.663646 0.131299 0.736434
-10.898589 -94.463005 -533.079570 142.012642 -0.211706 0.977096 0.021545 0.840151 0.193208 -0.506771 0.499326 0.089186 0.861812
31.523586 -105.440016 -7252.180126 -5383.251873 0.946291 0.032211 0.321708 -0.083366 0.985687 0.146528 -0.312384 -0.165478 0.935432
21.593027 -109.766362 -6631.674082 -3848.984884 0.927364 -0.033707 0.372639 -0.019612 0.990186 0.138376 -0.373646 -0.135633 0.917601
21.652195 -113.707287 -4377.104601 12103.297136 0.946862 -0.002731 0.321630 0.030930 0.996103 -0.082597 -0.320151 0.088156 0.943256
29.481542 -103.163015 -8257.573312 21351.009754 0.927386 -0.029052 0.372976 0.117003 -0.924442 -0.362928 -0.355339 -0.380213 0.853916
29.071632 -106.426321 -2737.125245 8951.461108 0.960622 0.072046 0.268354 -0.054449 0.995884 -0.072456 -0.272470 0.054991 0.960592
42.239331 -100.392705 -9320.521684 22363.778674 0.944135 0.047568 0.326108 0.173349 -0.913258 -0.368660 -0.280284 -0.404595 0.870485
40.483949 -99.202308 -4730.158919 -7728.688326 0.958416 0.113648 0.261769 -0.158922 0.974436 0.158804 -0.237029 -0.193802 0.951976
5.571775 -148.662270 -217.597538 3134.193713 0.905275 -0.041385 0.422806 -0.391486 0.305213 0.868092 0.164972 0.951384 -0.260100
2.281427 -140.494334 287.531449 4364.382298 0.915601 -0.058871 0.397754 -0.392504 0.083823 0.915923 0.087262 0.994740 -0.053641
1.690641 -152.711934 -1931.149283 8054.898962 0.928502 -0.028491 0.370233 -0.366598 0.088291 0.926181 0.059076 0.995687 -0.071534
5.163566 -14.063097 3638.222685 -259.014325 -0.310041 0.716989 0.624341 -0.344959 0.527110 -0.776633 0.885933 0.456160 -0.083907
-1.474992 -12.816186 -1886.944811 -844.720536 0.206499 -0.552007 -0.807865 -0.403626 0.704077 -0.584261 0.891316 0.446725 -0.077413
2.766837 -13.178984 -3985.126882 888.897390 0.247621 -0.587320 -0.770544 -0.431281 0.645350 -0.630492 0.867572 0.488444 -0.093498
25.597837 -99.387329 5539.326053 7281.436603 0.958368 0.251944 0.134366 -0.243145 0.966802 -0.078578 -0.149702 0.042636 0.987811
15.030625 -97.955987 9012.740282 6540.472405 0.926593 0.370336 0.065397 -0.364267 0.927064 -0.088663 -0.093462 0.058332 0.993913
35.088721 -93.030755 7677.025105 5260.650096 0.944931 0.312537 0.097090 0.323904 -0.935549 -0.140833 -0.046817 -0.164526 0.985261
28.287731 -168.347357 6533.453546 -4748.225441 0.876115 0.192953 0.441806 0.378065 -0.843621 -0.381274 -0.299149 -0.501071 0.812058
26.204364 -170.817999 6056.793986 -2744.794687 0.883398 0.160387 0.440322 -0.286595 0.928315 0.236843 -0.370771 -0.335421 0.866038
16.183317 -151.831118 2476.910680 4235.861798 0.877320 0.207157 0.432893 0.349925 -0.893442 -0.281626 -0.328424 -0.398556 0.856324
16.874942 -159.746872 4904.868820 -12067.031201 0.873078 0.245021 0.421544 0.419725 -0.817650 -0.394055 -0.248124 -0.520973 0.816714
10.626424 -148.599786 553.476941 -11518.465795 0.893306 0.187977 0.408251 -0.273818 0.947923 0.162682 -0.356410 -0.257111 0.898257
10.086619 -145.527051 1325.641537 -3153.089440 0.882536 0.232967 0.408480 0.376275 -0.870850 -0.316288 -0.282040 -0.432836 0.856216
25.596899 -288.674406 246.841193 11591.740869 -0.798445 0.485913 -0.355491 0.543179 0.836059 -0.077209 0.259695 -0.254743 -0.931485
43.734964 -310.985536 -12765.962109 14819.228062 0.818222 -0.473477 0.326086 0.567179 0.757477 -0.323322 0.093917 -0.449498 -0.888330
43.242241 -312.091640 3803.524127 15376.285678 0.814075 -0.405553 0.415702 0.525381 0.819320 -0.229544 0.247500 -0.405267 -0.880058
20.682191 -284.188202 -9442.973633 8881.361603 -0.800075 0.413647 -0.434484 0.455275 0.890303 0.009245 0.390646 -0.190413 -0.900632
-32.670823 -254.186850 138.326103 -53969.053811 0.845241 -0.162980 0.508926 -0.350261 0.550296 0.757952 0.403591 0.818909 -0.408047
-27.120055 -168.549879 6388.266728 -11273.568289 0.820608 -0.272359 0.502417 -0.218669 0.662594 0.716347 0.528002 0.697703 -0.484174
-31.197955 -196.968195 -377.616780 2009.728571 0.858439 -0.203753 0.470710 -0.198881 0.713692 0.671633 0.472789 0.670171 -0.572138
-33.987210 -283.742956 -3038.908650 -36595.817279 0.866318 -0.133965 0.481193 -0.331464 0.566492 0.754466 0.373664 0.813105 -0.446358
-26.130370 -253.590358 -3503.858134 19743.670775 0.884562 -0.169717 0.434449 -0.158343 0.766865 0.621969 0.438722 0.618962 -0.651466
21.514075 -3946.136738 30345.210387 2861226.163397 -0.549712 0.081870 -0.831333 0.638836 -0.600027 -0.481515 -0.538244 -0.795779 0.277541
-54.503237 -3411.858623 14972.856080 -733434.843136 0.574893 -0.055103 0.816371 -0.108756 0.983731 0.142985 -0.810969 -0.170987 0.559547
15.435426 -2246.853358 -5246.418953 1170463.660145 -0.523403 -0.042553 -0.851022 0.816180 -0.311909 -0.486377 -0.244744 -0.949159 0.197985
3.516460 -37.535761 7508.718879 5572.985791 0.419032 0.862281 -0.284399 0.774433 -0.502932 -0.383813 0.473988 0.059418 0.878524
-0.370718 -26.969254 7131.251770 4390.193027 0.396292 0.879292 -0.264192 0.757197 -0.475742 -0.447574 0.519236 0.022676 0.854330
12.152299 -28.119899 7901.228170 4417.658677 0.380095 0.889967 -0.251964 0.766219 -0.455550 -0.453192 0.518108 0.020804 0.855062
-7.874489 -35.323433 5031.129411 5843.576451 0.466937 0.838820 -0.279913 0.748742 -0.543447 -0.379540 0.470484 0.032362 0.881815
-3.865940 -46.176253 5624.726188 6248.936956 0.458818 0.839073 -0.292306 0.782630 -0.537396 -0.314158 0.420685 0.084626 0.903251
-12.264021 -51.390400 336.388867 3324.552306 0.331168 0.927054 -0.175780 -0.093089 -0.153284 -0.983788 0.938969 -0.342163 -0.035536
-12.064731 -47.483478 104.687759 3006.957666 0.326774 0.932975 -0.150918 -0.163968 -0.101297 -0.981251 0.930770 -0.345393 -0.119877
-13.323315 -52.350137 1793.517777 1385.337969 0.273559 0.944005 -0.184443 -0.024430 -0.184877 -0.982458 0.961545 -0.273266 0.027513
1.787940 -66.602688 3731.124830 -10557.323886 -0.856797 0.103666 -0.505125 0.256847 0.935213 -0.243734 0.447133 -0.338571 -0.827914
-3.632293 -70.731378 -2623.683889 -11571.535912 -0.828245 0.150127 -0.539882 0.274785 0.948466 -0.157812 0.488368 -0.279058 -0.826815
1.120572 -62.477596 -351.275052 -7727.916671 -0.834064 0.148993 -0.531167 0.310224 0.922852 -0.228267 0.456178 -0.355170 -0.815938
9.281400 -59.154412 5739.781071 -3548.219521 -0.870860 0.063103 -0.487463 0.243601 0.916774 -0.316519 0.426920 -0.394390 -0.813754
14.896886 -2.607210 -8864.353814 15427.729283 0.428671 -0.104542 0.897392 0.568462 0.803229 -0.177973 -0.702205 0.586425 0.403749
3.553994 -11.919749 -6668.215503 10224.136285 0.423095 -0.147497 0.894000 0.544120 0.830306 -0.120522 -0.724516 0.537436 0.431554
7.537536 -0.177873 -11218.593074 587.820757 0.012569 -0.559219 0.828925 0.690704 0.604286 0.397198 -0.723028 0.567549 0.393850
-2578.799459 -9545.574536 1442906.582492 11618990.232325 0.048044 0.973701 0.222706 0.561433 -0.210734 0.800240 -0.826126 -0.086588 0.556793
-2282.862282 -5160.751710 -219435.159237 5992967.144322 -0.153968 0.857271 0.491304 0.748452 -0.223432 0.624418 -0.645068 -0.463858 0.607226
-1678.099043 -3853.512447 1088313.842011 1371127.850187 0.918881 -0.095034 0.382918 0.042556 0.988767 0.143276 -0.392233 -0.115358 0.912604
-1260.958028 -2592.164761 732551.357246 770777.292673 0.551887 0.771915 0.315543 0.407427 -0.579738 0.705625 -0.727615 0.260864 0.634449
-3410.113674 -5180.879771 -1023670.172362 7041889.979224 0.078399 -0.161957 0.983679 0.357950 0.925491 0.123848 -0.930444 0.342398 0.130531
-1327.956332 -2369.081285 977771.651578 -816998.083637 0.868664 0.389944 0.305560 -0.228420 0.862578 -0.451424 -0.439599 0.322340 0.838361
-1129.654667 -2980.984018 694051.786459 2951199.232319 0.646146 0.761743 -0.047371 0.388401 -0.274761 0.879574 -0.656994 0.586732 0.473397
3.383074 -301.813923 -11654.151747 -69218.109231 0.939395 0.087563 -0.331465 0.300766 -0.674532 0.674201 0.164548 0.733035 0.659988
9.210574 -105.353578 1258.114886 -11974.517510 0.709876 0.427862 -0.559473 0.703973 -0.456211 0.544329 0.022340 0.780260 0.625056
23.673215 -759.681805 -5655.742034 -228303.478844 0.956617 0.082310 -0.279481 0.267723 -0.626747 0.731787 0.114931 0.774863 0.621593
15.618922 -93.612444 -3996.109158 -277.080092 -0.631562 -0.509974 0.583999 0.767407 -0.518547 0.377088 0.110526 0.686320 0.718853
-21.929729 -1046.218841 -981.148628 -362072.612650 0.891234 0.189005 -0.412284 0.401210 -0.752454 0.522345 0.211499 0.630944 0.746443
-12.859031 -978.993829 -3874.692123 -317735.154688 0.901013 0.075916 -0.427099 0.330875 -0.756987 0.563464 0.280532 0.649005 0.707174
1.290584 -233.064455 5143.350790 -53378.410492 0.764884 0.315756 -0.561472 0.588470 -0.697050 0.409663 0.262021 0.643754 0.718976
-4.764919 -195.404079 -3026.058342 37462.914764 0.855365 0.004927 -0.518003 -0.506487 -0.201935 -0.838268 0.108732 -0.979387 0.170233
4.575743 -355.820300 -663.666394 124711.122420 0.874244 0.018882 -0.485120 -0.456451 -0.308423 -0.834582 0.165381 -0.951062 0.261018
4.398011 -147.508392 -2029.922753 22634.391444 0.850959 -0.007294 -0.525182 -0.519679 -0.156716 -0.839865 0.076178 -0.987617 0.137149
28.383155 -77.595652 7516.038762 7176.135386 -0.085136 0.914971 0.394437 -0.038252 -0.398584 0.916334 -0.995635 -0.062925 -0.068934
32.744259 -87.750836 -2419.562688 8126.330825 -0.115552 0.895821 0.429130 -0.171462 -0.443528 0.879706 -0.978391 -0.028073 -0.204850
18.081628 -78.518387 965.978059 6319.726058 -0.102504 0.904523 0.413921 -0.041398 -0.419631 0.906750 -0.993871 -0.075810 -0.080459
11.255864 -67.436117 4417.216935 2215.343090 -0.084002 0.917134 0.389626 0.074907 -0.384090 0.920252 -0.993646 -0.106488 0.036435
-37.442821 -49.551641 -3934.641355 114.385795 -0.180251 0.975060 0.129487 -0.872846 -0.219252 0.435968 -0.453485 0.034438 -0.890598
-29.903318 -52.171139 -8316.297909 -367.718651 -0.119097 0.991524 0.051931 -0.823086 -0.127846 0.553339 -0.555288 -0.023157 -0.831335
-41.170239 -52.753841 -4992.973970 -485.325098 -0.369121 0.889548 0.269172 -0.773717 -0.454581 0.441269 -0.514890 0.045381 -0.856054
88.631806 -21.083962 15053.013824 5281.865881 0.536256 0.745117 0.396524 0.081966 -0.513535 0.854145 -0.840066 0.425539 0.336460
93.379458 -35.854009 -323.346410 8483.458431 0.317801 0.828535 0.461012 0.100824 -0.512992 0.852451 -0.942781 0.224429 0.246566
91.158729 -31.900774 441.729399 4066.572126 0.431541 0.729816 0.530227 -0.048986 -0.567948 0.821605 -0.900762 0.380530 0.209342
85.629199 -21.282726 2779.583602 1690.456095 0.593039 0.615543 0.519048 -0.097160 -0.585223 0.805031 -0.799290 0.527845 0.287254
73.506968 -12.837891 14223.471146 1460.616417 0.660884 0.634005 0.401584 0.010138 -0.542591 0.839936 -0.750419 0.551029 0.365018
83.522351 -15.755922 27713.254546 2420.098800 0.594975 0.753244 0.280406 0.131949 -0.435680 0.890378 -0.792839 0.492754 0.358608
22.013998 -58.194090 8469.969670 -4757.588397 0.248915 0.891261 -0.379072 -0.219452 0.433112 0.874217 -0.943336 0.134417 -0.303397
26.987953 -62.807052 8395.611145 -1681.332184 0.239649 0.885541 -0.397977 -0.102414 0.430694 0.896668 -0.965443 0.174127 -0.193908
41.828580 -57.774015 8002.647607 -6223.350565 0.167622 0.902231 -0.397344 -0.241280 0.428333 0.870813 -0.955870 0.050096 -0.289488
21.503079 -51.106532 8269.571404 -5807.225424 0.247883 0.891791 -0.378502 -0.298037 0.441945 0.846084 -0.921807 0.096922 -0.375337
65.632354 -44.575481 11081.022153 -7404.121453 0.102371 0.876790 -0.469850 -0.306443 0.477157 0.823659 -0.946368 -0.059664 -0.317533
40.271718 -41.574744 9269.875304 -6803.354850 0.196178 0.892793 -0.405506 -0.340667 0.449837 0.825586 -0.919489 0.023820 -0.392393
13.937787 -50.166069 8813.149465 7581.950287 0.123403 0.601249 0.789475 0.942290 -0.320500 0.096798 0.311227 0.731969 -0.606102
13.644259 -63.272576 10828.318453 13078.866907 0.165223 0.576255 0.800394 0.956247 -0.292270 0.013028 0.241439 0.763222 -0.599332
28.225681 -55.352689 12543.948328 8652.526113 0.069992 0.639882 0.765279 0.953634 -0.268034 0.136896 0.292718 0.720214 -0.628974
7.558866 -12.012309 4935.580883 5170.546907 0.528369 0.838647 -0.132281 0.598830 -0.257671 0.758293 -0.601855 0.479872 0.638352
11.738288 -13.701384 3424.456872 2172.818310 0.578860 0.814545 -0.037916 0.524910 -0.336640 0.781756 -0.624012 0.472430 0.622430
5.376048 -16.706339 3679.396045 -258.618185 0.522906 0.841916 -0.133214 0.571430 -0.230278 0.787680 -0.632485 0.488005 0.601510
15.546205 -5.582180 2269.066398 7236.409644 0.526227 0.846160 -0.084247 0.598600 -0.298248 0.743456 -0.603956 0.441657 0.663458
-1.415721 -17.312811 4483.415225 683.066540 0.474887 0.855699 -0.205577 0.614367 -0.155095 0.773627 -0.630107 0.493685 0.599366
-1.229327 -8.978273 8110.421711 6573.941948 0.469483 0.850796 -0.236077 0.656747 -0.157785 0.737420 -0.590144 0.501248 0.632835
7.842545 -3.119556 6825.810951 10657.600921 0.524157 0.838516 -0.148828 0.633794 -0.267359 0.725826 -0.568827 0.474774 0.671585
-0.859476 -61.589415 -820.988881 -911.544508 -0.100246 -0.975291 -0.196872 0.987092 -0.122325 0.103370 -0.124899 -0.183968 0.974965
-4.914155 -58.181354 696.555946 -2283.391802 0.020009 0.978371 0.205889 0.974220 -0.065363 0.215925 -0.224712 -0.196261 0.954456
-3.134940 -66.940512 -929.513665 -3268.122457 -0.077479 -0.976879 -0.199260 0.993869 -0.091491 0.062086 -0.078882 -0.193228 0.977978
3.689940 -90.704514 -402.750639 1175.713659 -0.274460 0.960777 0.039744 0.200476 0.097595 -0.974825 0.940468 0.259583 0.219399
3.850466 -97.868094 -400.978229 5761.709409 -0.284076 0.955963 0.073724 0.326859 0.168841 -0.929869 0.901368 0.240056 0.360429
4.416184 -101.052396 67.028610 1363.786020 -0.300917 0.953344 0.024180 0.214634 0.092409 -0.972313 0.929183 0.287395 0.232428
1.069720 -90.129443 -972.663014 4544.301785 -0.257399 0.962776 0.082512 0.321931 0.165952 -0.932105 0.911102 0.213360 0.352663
3.939581 -103.289087 82.812325 -3276.676606 -0.296511 0.954835 -0.019260 0.078481 0.004263 -0.996906 0.951799 0.297105 0.076201
3.349091 -92.598541 -405.184539 -2659.546115 -0.270611 0.962688 -0.001394 0.066434 0.017230 -0.997642 0.960394 0.270066 0.068618
0.979153 -83.988125 -934.913046 734.536193 -0.251472 0.966772 0.045982 0.195753 0.097330 -0.975811 0.947862 0.236388 0.213724
-0.205606 -22.353186 -2984.689628 3204.115992 -0.378559 0.645770 0.663080 -0.050262 0.700996 -0.711392 -0.924212 -0.302631 -0.232911
0.547903 -17.267721 -863.356886 -2712.435445 -0.377839 0.799922 0.466222 -0.073356 -0.527830 0.846176 -0.922961 -0.285518 -0.258114
15.099538 -18.444292 -5396.272195 3333.328258 -0.372947 0.629647 0.681510 -0.029881 0.725971 -0.687076 -0.927372 -0.276607 -0.251934
39.430016 -33.335544 17485.329559 2937.798089 0.416515 0.907280 -0.057950 0.489016 -0.169851 0.855578 -0.766406 0.384699 0.514420
10.683728 -25.754493 9196.435302 4840.834271 0.442519 0.895674 -0.044093 0.528779 -0.220907 0.819508 -0.724272 0.385963 0.571369
34.960426 -25.159968 17253.707326 10336.544577 0.373695 0.915014 -0.151990 0.646820 -0.139624 0.749753 -0.664813 0.378489 0.644026
60.513884 -41.560826 10367.362270 17506.038216 0.221272 0.973407 -0.059315 0.697117 -0.115348 0.707618 -0.681958 0.197925 0.704101
69.269668 -47.960109 9086.070376 661.214882 0.223561 0.974148 0.032497 0.476187 -0.138251 0.868408 -0.850451 0.178667 0.494785
61.959239 -37.826590 21942.705715 -9203.091375 0.413738 0.910182 0.019740 0.341480 -0.175253 0.923406 -0.843927 0.375307 0.383317
-2.803285 -114.126026 -711.639356 -11230.400888 0.900244 -0.222539 -0.374217 -0.434319 -0.519176 -0.736086 0.030477 -0.825186 0.564038
-4.846536 -113.314092 -563.076984 -10959.584373 0.903078 -0.211012 -0.374064 -0.426023 -0.550372 -0.718050 0.054357 -0.807815 0.586925
-2.820929 -101.425864 -647.586480 -4863.339949 0.899168 -0.222374 -0.376891 -0.428234 -0.624414 -0.653240 0.090072 -0.748770 0.656681
-0.012275 -104.569850 -966.777664 -7407.320059 0.900366 -0.224606 -0.372684 -0.428828 -0.603296 -0.672415 0.073810 -0.765236 0.639504
-3.355326 -94.774489 -621.518218 1419.783030 0.900341 -0.219351 -0.375861 -0.410250 -0.715963 -0.564882 0.145195 -0.662783 0.734600
-0.986921 -97.557418 -1009.130101 -1048.991809 0.907253 -0.215754 -0.361029 -0.401226 -0.701420 -0.589091 0.126134 -0.679309 0.722931
11.948942 -107.956895 3977.246481 5422.708520 -0.626185 0.779583 0.011934 0.708514 0.575355 -0.408625 0.325424 0.247420 0.912624
-0.364961 -105.302081 1848.993477 5285.954469 -0.583789 0.811881 -0.006305 0.744597 0.532280 -0.402806 0.323674 0.239848 0.915264
6.156829 -100.729222 3615.697928 6093.952477 -0.632134 0.774663 0.017442 0.630271 0.527142 -0.569983 0.450739 0.349312 0.821471
28.647916 -104.599607 7662.173935 7139.771564 -0.658380 0.750845 0.052610 0.595530 0.562386 -0.573643 0.460304 0.346344 0.817414
0.846222 -89.846753 2643.823228 3673.115012 -0.630802 0.775552 0.024666 0.541235 0.462552 -0.702219 0.556016 0.429611 0.711534
22.674335 -89.353646 7381.914114 4496.614157 -0.675282 0.734453 0.067626 0.496721 0.520642 -0.694406 0.545217 0.435329 0.716398
-2.311056 -114.190081 432.498556 -16590.408181 0.987835 -0.101897 -0.117472 -0.043398 0.544759 -0.837469 -0.149329 -0.832379 -0.533710
-4.912636 -110.095248 -95.037162 -12710.972115 0.986079 -0.086639 -0.141925 -0.063378 0.593264 -0.802509 -0.153728 -0.800332 -0.579514
-6.041132 -115.638049 -626.697774 -5749.116111 0.987638 -0.112451 -0.109207 0.006914 0.727260 -0.686327 -0.156600 -0.677087 -0.719048
1.162736 -120.533423 1894.921395 -6803.702650 0.988218 -0.123916 -0.089834 0.022703 0.699130 -0.714634 -0.151360 -0.704174 -0.693706
3.720581 -121.690197 2920.296023 -19840.594587 0.988928 -0.095363 -0.113698 -0.050549 0.503883 -0.862291 -0.139521 -0.858492 -0.493484
7.932031 -111.801551 2323.270444 -9981.696965 0.969328 -0.215563 -0.118054 -0.146265 -0.891980 0.427759 0.197511 0.397372 0.896150
4.761783 -112.773844 2296.636772 -6839.226322 0.970545 -0.205043 -0.126490 -0.152030 -0.928542 0.338669 0.186893 0.309463 0.932364
7.654184 -128.930955 1382.849804 -7624.127787 0.977288 -0.176983 -0.116554 -0.140770 -0.953299 0.267216 0.158404 0.244739 0.956562
7.007500 -126.785273 -589.638389 -13552.240050 0.983749 -0.161316 -0.078839 -0.112289 -0.895376 0.430922 0.140105 0.415066 0.898939
-33.700599 -131.122487 717.881131 -64738.136353 0.884148 0.450104 0.125254 0.294716 -0.329286 -0.897058 0.362525 -0.830047 0.423790
2.169350 -135.450877 39390.294919 -69503.474450 0.889169 0.430414 -0.155311 0.018838 -0.373566 -0.927412 0.457190 -0.821701 0.340271
-28.871909 -75.215386 13942.462367 -26628.848249 0.705934 0.579697 0.406951 0.599513 -0.183105 -0.779138 0.377149 -0.793993 0.476796
-20.344020 -13769.420509 13829.288482 -6394373.101854 0.923316 0.383988 -0.006464 -0.380119 0.916154 0.127170 -0.054753 0.114961 -0.991860
-84.087134 -5016.430778 34721.849196 -1582387.292680 0.927274 0.371123 0.049311 -0.082596 0.331257 -0.939919 0.365160 -0.867489 -0.337819
-1210.430163 -9332.661543 531912.113085 6499350.339165 0.949465 0.308573 0.057433 -0.078551 0.410762 -0.908352 0.303884 -0.857938 -0.414243
-1707.547874 -14850.587403 540531.316562 -962497.049459 0.970188 0.223715 -0.093205 -0.240669 0.844071 -0.479189 0.028530 -0.487335 -0.872749
-58.722258 -7343.239230 98543.342411 28384813.032063 0.910127 0.410619 0.055328 -0.021393 -0.086787 0.995997 -0.413778 0.907667 0.070203
-10.818325 -32.753960 3066.142353 2782.672536 0.753763 0.254041 0.606056 0.067199 0.887623 -0.455642 -0.653702 0.384172 0.651986
-15.102158 -23.059966 270.356851 4352.918888 0.757865 0.370802 0.536793 0.004096 0.820062 -0.572260 -0.652398 0.435894 0.619978
-17.480713 -31.728316 675.185105 3191.698191 0.725283 0.534848 0.433477 -0.148179 0.736161 -0.660386 -0.672315 0.414735 0.613178
-16.535110 -41.234434 1927.422313 1845.354322 0.731209 0.442295 0.519334 -0.102676 0.824003 -0.557204 -0.674382 0.354109 0.647932
-18.444767 -32.305848 1674.053877 -2131.125388 0.616528 0.772233 0.153455 0.371723 -0.457314 0.807890 -0.694056 0.441044 0.569004
-22.346304 -40.983054 2810.951642 2218.562809 0.677172 0.633673 0.374027 -0.236011 0.668500 -0.705271 -0.696948 0.389316 0.602243
6.786778 -84.847436 -655.127716 -4588.704961 -0.924822 -0.069900 0.373922 -0.001203 0.983505 0.180879 -0.380398 0.166831 -0.909651
6.455889 -90.011247 1710.438332 -5815.820781 -0.913890 -0.094065 0.394915 0.005284 0.969947 0.243261 -0.405928 0.224400 -0.885927
4.269936 -75.815827 621.088315 -2607.030426 -0.920881 -0.074202 0.382717 -0.050742 0.996181 0.071047 -0.386527 0.046006 -0.921130
4.100267 -77.101783 -186.214780 -2445.672915 -0.925061 -0.045196 0.377121 -0.030317 0.998513 0.045299 -0.378607 0.030471 -0.925056
-15.197935 -50.456337 -100.713388 3923.531319 -0.423786 0.902070 -0.081706 -0.777138 -0.408459 -0.478766 0.465254 0.139397 -0.874132
-18.025906 -50.970807 225.439773 3555.494574 -0.460893 0.874658 -0.150169 -0.681206 -0.457132 -0.571830 0.568802 0.161257 -0.806511
-16.816339 -46.302686 1776.450661 2385.573699 -0.355968 0.933009 -0.052733 -0.811205 -0.336526 -0.478222 0.463931 0.127455 -0.876654
-33.615868 -52.009327 8066.989417 2720.643153 0.213753 0.886548 -0.410296 0.292537 0.342639 0.892760 -0.932058 0.310857 0.186108
-50.673216 -52.881802 8605.759912 2743.772747 0.058135 0.804083 -0.591668 0.379356 0.530419 0.758119 -0.923422 0.268527 0.274198
-31.987962 -48.020645 7977.850821 1855.956410 0.235461 0.903711 -0.357583 0.333977 0.270284 0.902998 -0.912698 0.332045 0.238177
-6.057600 -25.549837 258.488193 1124.041098 -0.424702 0.426594 0.798527 0.253378 0.902786 -0.347531 -0.869153 0.054732 -0.491505
-4.354885 -21.386551 2878.533516 998.898763 -0.353445 0.562428 0.747496 0.359786 0.819338 -0.446362 -0.863499 0.111174 -0.491945
-8.029534 -25.054098 584.485929 -247.723997 -0.396439 0.542821 0.740392 0.355273 0.834349 -0.421477 -0.846533 0.095951 -0.523618
-292.865780 -2375.341834 68533.661724 -1156858.137448 0.991978 0.073236 -0.103033 -0.103806 0.006819 -0.994574 0.072136 -0.997291 -0.014366
-281.355826 -2252.150944 458088.582047 2590247.083789 0.979499 0.042978 -0.196813 -0.188149 -0.153960 -0.969998 0.071990 -0.987142 0.142717
-443.053038 -1678.320766 178427.681635 -1294529.146609 0.968113 0.068567 -0.240946 -0.242827 0.020444 -0.969854 0.061574 -0.997437 -0.036442
-288.708514 -2481.155853 148217.682303 -79514.290559 0.875356 0.450208 -0.176249 -0.270791 0.758540 0.592697 -0.400529 0.471094 -0.785905
-703.131439 -2601.610154 -471287.685723 703231.810133 -0.890576 -0.418081 0.179114 -0.362546 0.890311 0.275511 -0.274653 0.180426 -0.944464
-904.982714 -1742.653019 -837326.732639 1497250.421808 -0.865615 -0.390556 0.313333 -0.163986 0.812391 0.559580 -0.473096 0.432998 -0.767263
-776.731708 -2977.900704 747143.578954 -2331631.696344 0.810208 0.574358 -0.116941 -0.165446 0.415490 0.894425 -0.562308 0.705323 -0.431659
-76.465277 -118.959950 16697.422913 39652.755605 -0.885325 -0.001224 -0.464972 -0.103503 0.975425 0.194507 0.453307 0.220328 -0.863695
-42.226133 -87.604617 5097.686646 38641.779711 -0.921773 -0.008369 -0.387639 -0.079244 0.982730 0.167216 0.379546 0.184854 -0.906518
-14.740250 -57.938634 13796.824270 7047.922547 -0.471042 0.880672 -0.050360 -0.758025 -0.433318 -0.487476 0.451129 0.191447 -0.871683
-20.665960 -76.217680 14729.410080 12349.392987 -0.430892 0.902222 -0.018079 -0.736208 -0.363050 -0.571134 0.521853 0.232787 -0.820658
-50.388110 -166.253149 15045.386595 43235.271563 -0.248389 0.958261 0.141560 -0.764455 -0.104169 -0.636206 0.594905 0.266242 -0.758421
-128.626036 -168.411260 27751.419224 44902.802775 0.063400 0.948398 0.310680 -0.800309 0.234299 -0.551915 0.596227 0.213648 -0.773866
-129.910213 -401.315894 38064.499818 126753.536982 -0.825875 -0.151502 -0.543118 -0.167783 0.985625 -0.019803 0.538311 0.074771 -0.839423
-43.299805 -74.733211 1948.644966 3191.590297 -0.115484 -0.965660 0.232732 0.991987 -0.100036 0.077163 -0.051232 0.239778 0.969475
-40.183977 -68.348865 1480.580619 5461.118262 -0.271839 -0.912893 0.304517 0.961558 -0.270436 0.047649 0.038855 0.305764 0.951314
37.995037 -72.976354 -12884.441996 1251.441463 0.398794 -0.912503 -0.091114 0.914650 0.388617 0.111324 -0.066175 -0.127733 0.989598
62.286439 -87.671234 -17784.667310 13722.072901 0.414859 -0.894233 -0.168048 0.903662 0.383367 0.190854 -0.106244 -0.231036 0.967127
24.738537 -69.299560 -6397.982095 -3396.544511 0.382853 -0.922170 -0.055013 0.920907 0.376256 0.101795 -0.073173 -0.089634 0.993283
7.283146 -43.237455 26.555272 -3924.644096 -0.536264 -0.802573 0.261337 0.766416 -0.333304 0.549104 -0.353591 0.494758 0.793844
7.897471 -50.188240 -379.866993 -4450.429930 -0.548522 -0.798695 0.247407 0.781405 -0.384368 0.491596 -0.297540 0.462976 0.834939
7.921271 -48.947051 197.097542 -5970.276898 -0.560740 -0.798448 0.219209 0.765172 -0.398552 0.505636 -0.316358 0.451263 0.834434
47.467969 -109.048985 10391.312574 662.642605 0.789762 -0.458035 0.408019 -0.446583 0.026670 0.894345 0.420523 0.888534 0.183488
55.733267 -107.950371 13678.799632 11924.945013 0.792413 -0.486008 0.368617 -0.522648 -0.229373 0.821113 0.314516 0.843318 0.435769
74.687719 -104.980847 23724.273815 10997.318087 0.779577 -0.461017 0.423938 -0.571209 -0.245745 0.783153 0.256866 0.852686 0.454914
33.895927 -112.953273 -723.144606 7520.269501 0.825127 -0.475834 0.304546 -0.399633 -0.110577 0.909982 0.399324 0.872557 0.281399
62.641649 -106.445604 14076.704670 2985.954823 0.779484 -0.383523 0.495293 -0.523582 0.035185 0.851249 0.343900 0.922861 0.173379
42.191921 -105.971390 9517.505334 -7932.948966 0.805288 -0.388478 0.447879 -0.382851 0.236079 0.893136 0.452699 0.890703 -0.041382
24.457533 -104.778352 5066.364202 -11413.845863 0.815494 -0.442356 0.373217 -0.272016 0.276247 0.921789 0.510859 0.853234 -0.104950
23.944009 -111.368321 2396.415327 -9895.289540 0.811204 -0.491630 0.316618 -0.263049 0.176778 0.948449 0.522257 0.852672 -0.014080
-1.311849 -26.744306 2211.914969 7905.352359 -0.353126 0.935465 0.014379 0.396130 0.135575 0.908130 -0.847575 -0.326381 0.418441
-6.588075 -40.276080 3169.563937 7554.477683 -0.325709 0.944471 0.043452 0.339447 0.073920 0.937716 -0.882433 -0.320173 0.344675
-8.376968 -32.126262 2522.372200 10133.319409 -0.422351 0.881238 -0.212224 0.293703 0.354546 0.887714 -0.857531 -0.312596 0.408565
-3.046840 -36.442408 -227.615504 5843.152884 -0.298882 0.937724 0.177038 0.385328 -0.051133 0.921362 -0.873036 -0.343596 0.346049
7.057140 -19.927630 -5887.660646 5286.071452 -0.506965 0.745768 -0.432223 0.197550 0.588617 0.783903 -0.839023 -0.312026 0.445735
0.465688 -25.302472 -1578.757326 5827.889317 -0.304960 0.930484 0.202977 0.452005 -0.046182 0.890819 -0.838266 -0.363411 0.406500
7.279592 -13.710280 -2093.631623 2843.306778 -0.440738 0.885593 -0.146546 0.345710 0.318130 0.882767 -0.828393 -0.338406 0.446371
-0.180406 -65.826707 -134.606485 2852.732711 0.269923 0.961411 -0.053208 0.833180 -0.205508 0.513397 -0.482651 0.182910 0.856500
-0.983161 -63.690803 -173.333994 2656.107428 0.285207 0.957222 -0.048823 0.836114 -0.223573 0.500928 -0.468583 0.183690 0.864111
0.843207 -59.917236 -217.306102 2474.924913 0.277915 0.959590 -0.044159 0.906291 -0.246685 0.343197 -0.318435 0.135400 0.938225
-1.642366 -71.000096 -159.502283 2512.194430 0.263979 0.962315 -0.065309 0.715548 -0.149984 0.682272 -0.646765 0.226838 0.728175
-1.087079 -73.209742 -30.960345 2458.125150 0.250621 0.965484 -0.070921 0.706224 -0.132231 0.695530 -0.662145 0.224401 0.714988
-0.036797 -68.350338 -174.906459 3086.703420 0.253082 0.965561 -0.060352 0.827515 -0.183738 0.530527 -0.501167 0.184209 0.845517
-3.953917 -106.498673 -5560.299076 4640.849178 -0.521284 0.833671 -0.182361 0.418640 0.436029 0.796630 -0.743642 -0.338927 0.576303
10.125442 -93.731618 432.516420 2341.863429 -0.355512 0.929004 -0.102774 -0.752974 -0.219520 0.620356 -0.553752 -0.297930 -0.777558
12.367463 -103.859169 -388.415555 5769.059355 -0.330433 0.929986 -0.161059 -0.866343 -0.231144 0.442744 -0.374518 -0.285830 -0.882065
-4.955809 -43.684563 -661.971723 -90.992573 -0.393213 -0.900559 0.185413 0.912390 -0.357241 0.199808 -0.113701 0.247736 0.962132
-2.287677 -41.885422 -1967.746849 388.728305 -0.309749 -0.922777 0.229214 0.950780 -0.302773 0.065927 0.008564 0.238353 0.971141
0.218649 -42.927036 -1959.360311 56.718113 -0.311156 -0.922846 0.227019 0.939920 -0.263520 0.217042 -0.140472 0.280914 0.949397
9.829456 -113.017831 552.294125 2051.408386 0.845217 -0.200563 0.495362 -0.534385 -0.306061 0.787883 0.006409 0.930646 0.365866
7.007274 -115.761367 1262.894145 1519.767162 0.840820 -0.228582 0.490685 -0.523461 -0.112456 0.844596 0.137879 0.967008 0.214210
5.317306 -119.105194 1564.886258 936.227393 0.834667 -0.230956 0.499991 -0.488451 0.109008 0.865756 0.254455 0.966838 0.021825
-8.162517 -103.479578 -463.786814 361.843427 -0.117017 0.992427 0.037350 0.583929 0.099174 -0.805724 0.803327 0.072473 0.591112
-6.149448 -108.341963 -183.726252 255.864222 -0.125160 0.989775 0.068420 0.744988 0.139302 -0.652371 0.655232 0.030678 0.754805
-6.802052 -101.058612 -350.768393 212.547557 -0.159613 0.984582 0.071574 0.853837 0.174079 -0.490570 0.495466 0.017189 0.868457
14.781284 -117.661253 -4896.813948 12587.967239 0.926959 -0.044761 0.372483 0.082179 0.992970 -0.085186 -0.366052 0.109574 0.924121
16.557192 -105.871194 -2309.118096 -19559.337950 0.930112 -0.066520 0.361203 -0.055609 0.946618 0.317526 -0.363043 -0.315420 0.876761
6.221507 -170.480055 395.108299 7673.998024 0.924680 -0.037576 0.378887 -0.359837 0.238989 0.901888 0.124439 0.970295 -0.207467
12.351624 -188.490121 4380.209885 6209.488311 0.908084 -0.020974 0.418263 -0.368568 0.434200 0.821966 0.198850 0.900572 -0.386560
8.298559 -179.185555 138.560997 600.939871 0.909527 -0.015657 0.415350 -0.357714 0.479396 0.801387 0.211664 0.877459 -0.430423
-6.208827 -136.421700 -1376.568350 3247.071084 -0.878537 0.011745 -0.477529 -0.145166 0.945850 0.290335 0.455081 0.324391 -0.829260
-4.548473 -138.638459 -2303.075460 -659.456010 -0.862336 -0.009602 -0.506245 -0.098502 0.983900 0.149127 0.496663 0.178463 -0.849398
-7.315797 -132.365249 -1138.738973 -2192.385946 -0.877463 -0.007360 -0.479587 -0.064207 0.992685 0.102241 0.475327 0.120505 -0.871518
-3.115716 -6.139638 192.707622 -513.150629 -0.351905 0.858506 0.373002 -0.183640 0.327426 -0.926860 0.917845 0.394665 -0.042433
-3.353221 -7.508168 65.594953 -988.913011 -0.241961 0.661354 0.709975 -0.321139 0.635893 -0.701790 0.915601 0.397807 -0.058525
-2.072186 -8.425478 234.817621 -1270.053701 -0.298240 0.759279 0.578401 -0.265389 0.516121 -0.814364 0.916854 0.396377 -0.047576
-3.924843 -6.214589 -287.471145 -257.725602 0.210423 -0.593251 -0.777030 -0.340337 0.700652 -0.627102 0.916457 0.396409 -0.054472
-1.137583 -8.308962 -17.922313 68.049521 -0.375939 0.902734 0.209144 -0.112267 0.179667 -0.977300 0.919818 0.390885 -0.033803
-1.850880 -7.393316 113.615080 632.353261 -0.395752 0.915934 -0.066669 -0.001979 -0.073446 -0.997297 0.918355 0.394551 -0.030879
-4.235518 -5.104020 773.715552 99.617649 -0.396567 0.900442 -0.178717 0.033974 -0.180151 -0.983052 0.917377 0.395917 -0.040850
45.155977 -191.776438 13312.854407 9652.502547 0.879518 0.117268 0.461190 0.296319 -0.893297 -0.337957 -0.372348 -0.433899 0.820420
36.406778 -206.416090 10782.502279 -20084.318468 0.886673 0.083319 0.454829 -0.181491 0.967407 0.176592 -0.425292 -0.239126 0.872895
57.925909 -297.763247 -1845.465570 17614.764620 0.836915 -0.391399 0.382596 0.540857 0.698610 -0.468421 0.083946 -0.598958 -0.796368
61.166420 -310.335574 -26227.075903 19977.047116 0.831537 -0.479778 0.279926 0.547224 0.621060 -0.561097 -0.095351 -0.619756 -0.778981
28.725448 -361.672676 -22467.923915 41239.166800 0.833243 -0.499516 0.237042 0.550839 0.712931 -0.433942 -0.047766 -0.492152 -0.869198
-22.807183 -193.955391 7099.487992 -32600.910709 0.804330 -0.259794 0.534378 -0.327234 0.556994 0.763332 0.495954 0.788838 -0.362994
-26.185295 -226.150857 1941.961528 -37781.623564 0.814834 -0.181001 0.550713 -0.462100 0.370796 0.805589 0.350015 0.910905 -0.218497
-21.074904 -229.025114 5146.313979 -44975.726970 0.773318 -0.259644 0.578416 -0.485334 0.344597 0.803557 0.407959 0.902130 -0.140469
