13702
27395
-35.360089 -58.022807 729.724859 7809.480604 -0.075840 -0.965816 0.247886 0.994824 -0.090150 -0.046879 0.067623 0.243047 0.967654
-47.673499 -71.219174 -944.316675 6270.555526 0.010922 -0.956686 0.290917 0.997096 0.032348 0.068942 -0.075366 0.289319 0.954261
-37.013808 -73.718203 2593.844012 12426.826370 0.234836 -0.952187 0.195428 0.971829 0.225849 -0.067390 0.020031 0.205748 0.978400
-38.146902 -58.588087 -210.034243 4944.515417 -0.420426 -0.851594 0.313096 0.906346 -0.410215 0.101295 0.042174 0.326360 0.944304
-21.679703 -65.636875 6618.938179 12357.349396 0.177406 -0.976570 0.121812 0.973368 0.155854 -0.168119 0.145195 0.148393 0.978212
-32.986242 -47.414500 602.227061 5068.662447 -0.274221 -0.926476 0.257769 0.950568 -0.301743 -0.073291 0.145683 0.224929 0.963423
-42.361926 -67.385665 -27.141790 1225.107809 0.838110 0.042683 -0.543828 0.525665 -0.329590 0.784250 0.145766 0.943159 0.298669
-38.940985 -63.560528 657.781468 369.683686 0.876469 -0.063742 -0.477221 0.387203 -0.495769 0.777359 0.286142 0.866112 0.409845
-40.075778 -62.051593 217.277038 1428.111978 0.859192 -0.112910 -0.499040 0.421503 -0.396704 0.815452 0.290044 0.910976 0.293252
4.622662 -16.835646 1631.439757 -1636.530733 0.138854 0.854413 -0.500698 0.720193 0.259911 0.643248 -0.679736 0.449917 0.579253
9.438603 -12.457773 1083.514093 -1979.311808 0.070442 0.850448 -0.521321 0.709194 0.324825 0.625726 -0.701486 0.413795 0.580251
8.945078 -11.011447 1542.746159 -3164.709473 0.109631 0.852766 -0.510658 0.680372 0.310153 0.664002 -0.724620 0.420233 0.546196
3.109691 -13.134303 2945.200859 -2611.315840 0.112480 0.831424 -0.544135 0.695109 0.325476 0.641007 -0.710051 0.450333 0.541320
-0.031144 -20.346733 1013.330587 -1398.236060 0.137408 0.859958 -0.491520 0.733987 0.244809 0.633507 -0.665118 0.447819 0.597559
1.487701 -21.245354 646.783659 -737.479267 0.217870 0.882156 -0.417533 0.742464 0.127865 0.657570 -0.633467 0.453268 0.627111
-6.196833 -45.554056 -6529.075700 1542.052014 0.379510 0.748871 -0.543290 -0.464412 -0.353684 -0.811929 0.800183 -0.560446 -0.213558
6.869604 -43.442152 -5621.818180 -136.774872 0.422317 0.786046 -0.451419 -0.481945 -0.227070 -0.846267 0.767709 -0.574952 -0.282935
-1.862246 -43.819641 -7032.805304 -184.645514 0.383700 0.749372 -0.539644 -0.539109 -0.292679 -0.789747 0.749757 -0.593953 -0.291692
-14.098818 -44.898856 -5009.814741 848.613346 0.303670 0.730440 -0.611753 -0.517137 -0.412906 -0.749718 0.800221 -0.544027 -0.252350
-16.773395 -46.350953 -3301.686359 870.917875 0.253854 0.745700 -0.616027 -0.603189 -0.375827 -0.703503 0.756122 -0.550168 -0.354393
-2.344739 -45.900562 -5899.147993 -785.970369 0.369417 0.769137 -0.521497 -0.609865 -0.222760 -0.760555 0.701139 -0.599004 -0.386779
5.032950 -55.648322 654.997967 190.393551 0.282847 0.956422 0.072490 0.221926 0.008269 -0.975028 0.933138 -0.291871 0.209916
5.192902 -54.991515 -52.300030 565.956277 0.300170 0.950210 0.083662 0.248473 0.006790 -0.968615 0.920956 -0.311537 0.234064
5.057406 -55.279852 -87.534869 258.754332 0.293804 0.951372 0.092572 0.347406 -0.016056 -0.937577 0.890499 -0.307624 0.335230
4.817521 -54.745900 -527.066769 1215.950032 0.313859 0.944582 0.096220 0.307187 -0.005131 -0.951635 0.898403 -0.328237 0.291774
4.360386 -54.007075 -632.292364 -404.267853 0.312336 0.944387 0.102856 0.426499 -0.042654 -0.903482 0.848849 -0.326058 0.416103
-25.185403 -133.741494 1.461196 -327.986678 -0.162393 0.963533 0.212680 0.641884 -0.060545 0.764408 -0.749409 -0.260651 0.608644
-23.583283 -134.829099 -1734.089995 5449.553186 -0.213384 0.941063 0.262427 0.737498 -0.021013 0.675023 -0.640753 -0.337578 0.689548
-23.682537 -130.428366 898.018889 11056.326283 -0.130748 0.971025 0.200038 0.848088 0.005045 0.529831 -0.513470 -0.238924 0.824175
-20.713534 -129.985985 -1337.863705 11333.126834 -0.216975 0.941380 0.258313 0.866530 0.063890 0.495020 -0.449498 -0.331243 0.829596
-20.208489 -114.809119 1208.357921 12545.034680 -0.140565 0.966655 0.214055 0.934877 0.058411 0.350132 -0.325953 -0.249331 0.911915
-18.967917 -113.137048 1315.484746 13545.257280 -0.069722 0.976390 0.204453 0.945161 -0.000897 0.326602 -0.319075 -0.216013 0.922784
-2.805747 -152.483438 296.388004 9003.433503 -0.179011 -0.935617 -0.304263 0.943398 -0.075473 -0.322961 0.279204 -0.344855 0.896170
-1.719254 -134.218370 185.729858 6691.815598 -0.145426 -0.939699 -0.309542 0.963689 -0.063719 -0.259315 0.223955 -0.336013 0.914844
-1.482895 -150.702998 737.089960 2581.299269 -0.137789 -0.936269 -0.323133 0.990451 -0.131783 -0.040508 -0.004658 -0.325629 0.945486
-3.116384 -128.108039 -130.709760 10993.612244 0.193383 0.935521 0.295641 0.865313 -0.020607 -0.500808 0.462424 -0.352670 0.813504
-0.305446 -163.862623 -230.602616 2668.660422 -0.144874 -0.942577 -0.300932 0.988859 -0.148441 -0.011109 -0.034199 -0.299188 0.953581
-4.113167 -136.555020 -92.209542 9419.925030 0.221254 0.933674 0.281602 0.795322 -0.005647 -0.606161 0.564366 -0.358080 0.743821
-2.155690 -144.235408 355.258690 10946.237724 0.215050 0.937439 0.273790 0.853002 -0.043788 -0.520067 0.475542 -0.345384 0.809055
-0.956480 -156.645672 162.847498 7076.678362 -0.185042 -0.935677 -0.300445 0.960083 -0.106865 -0.258497 0.209762 -0.336285 0.918102
0.199875 -48.647666 -1345.489360 1972.169057 0.113088 0.970531 -0.212792 -0.919250 0.183479 0.348303 -0.377082 -0.156220 -0.912910
2.527752 -47.910703 -976.643497 955.079237 0.104241 0.975040 -0.196037 -0.889835 0.179475 0.419503 -0.444216 -0.130711 -0.886333
0.709431 -45.686567 -731.377738 764.238842 0.095885 0.975399 -0.198500 -0.874319 0.177850 0.451593 -0.475787 -0.130251 -0.869863
1.827840 -45.489993 -1031.204569 -435.733660 0.073925 0.980241 -0.183475 -0.836834 0.161045 0.523233 -0.542442 -0.114858 -0.832205
0.123599 -43.544738 -252.588111 -852.930467 0.071166 0.981371 -0.178453 -0.826209 0.158233 0.540685 -0.558850 -0.108961 -0.822079
-3.176375 -145.741376 2085.249919 -7968.087020 0.788739 -0.024328 0.614247 -0.038508 0.995299 0.088867 -0.613521 -0.093746 0.784094
-3.434670 -137.338733 1576.239174 2772.009849 0.782218 0.034452 0.622052 -0.207865 0.955688 0.208455 -0.587305 -0.292360 0.754717
-2.073982 -156.023445 1614.707689 4812.516806 0.776288 0.044363 0.628815 -0.246990 0.939169 0.238657 -0.579977 -0.340577 0.740023
-1.344179 -164.280871 1105.296298 -9146.606280 0.777208 -0.045094 0.627625 -0.001218 0.997319 0.073165 -0.629242 -0.057629 0.775070
-3.403794 -167.804535 1629.183191 -14943.773026 0.771510 -0.091505 0.629602 0.199818 0.974379 -0.103242 -0.604024 0.205458 0.770027
-8.594596 -175.254110 -1570.143577 22895.517816 0.742110 0.016610 0.670073 0.369211 0.824230 -0.429334 0.559425 -0.566011 -0.605537
-8.867940 -150.140445 834.392590 9156.355706 -0.711638 0.014350 -0.702399 0.276908 0.924584 -0.261661 0.645672 -0.380708 -0.661943
-9.877507 -195.164525 -385.210879 27021.446102 0.726665 0.034088 0.686146 0.390177 0.801570 -0.453041 0.565438 -0.596928 -0.569173
-20.065192 -39.897794 -991.604703 1722.519499 0.058893 0.998231 -0.008209 -0.416019 0.017067 -0.909196 0.907447 -0.056961 -0.416288
-16.785785 -40.825494 -1235.040873 1758.278965 0.080561 0.995233 -0.054971 -0.365732 -0.021788 -0.930465 0.927227 -0.095064 -0.362233
-17.756035 -35.060817 -2357.267978 3213.791076 0.122865 0.992403 0.006295 -0.477731 0.064703 -0.876120 0.869872 -0.104637 -0.482052
-21.745754 -37.536524 -771.426791 1193.932006 0.148990 0.971383 0.184978 -0.482945 0.234720 -0.843606 0.862882 -0.036355 -0.504096
-0.426045 -253.153532 -1280.338602 260.026980 -0.618956 0.038203 -0.784496 -0.068869 0.992330 0.102660 0.782401 0.117569 -0.611577
3.227454 -360.234046 1190.418361 62787.619485 -0.629574 -0.029943 -0.776363 0.117520 0.984090 -0.133254 0.768001 -0.175131 -0.616038
-1.542309 -356.726166 -531.353983 71221.573408 -0.625935 -0.027366 -0.779395 0.102059 0.987915 -0.116652 0.773168 -0.152561 -0.615578
-407.528517 -5581.668409 129199.002333 8413710.042951 -0.515902 0.508824 -0.689161 -0.312930 0.636951 0.704534 0.797446 0.579130 -0.169378
12.718568 -814.337941 -2488910.131092 8219834.081658 -0.221351 0.786709 -0.576275 -0.856045 -0.439802 -0.271589 0.467108 -0.433201 -0.770809
1383.020837 -1405.500801 14910437.513573 -958657.089823 -0.226695 0.084740 0.970272 0.787302 -0.570531 0.233774 0.573381 0.816892 0.062620
132.200878 -6965.221024 31529.083341 16277436.512887 0.747531 -0.396183 0.533139 0.420639 0.903547 0.081647 -0.514063 0.163225 0.842079
-1.158232 -81.718867 350.891206 1952.625213 -0.672812 0.161247 -0.722027 0.125835 0.986680 0.103093 0.729033 -0.021494 -0.684141
-1.082547 -78.166727 768.054106 1643.161160 -0.671659 0.174269 -0.720073 0.167952 0.982453 0.081109 0.721572 -0.066460 -0.689142
0.835263 -78.638885 -292.119318 -2687.574051 -0.653091 0.217656 -0.725326 0.051776 0.968398 0.243976 0.755507 0.121784 -0.643721
1.354236 -8.511812 361.963779 -661.710826 -0.262179 0.653409 0.710154 -0.582557 0.479515 -0.656271 0.769344 0.585766 -0.254930
1.800547 -9.556663 499.610880 952.958077 -0.397941 0.749421 0.529161 -0.493525 0.311351 -0.812092 0.773354 0.584319 -0.245959
-0.768877 -6.541149 1031.677065 796.015415 -0.372470 0.721924 0.583173 -0.524940 0.354311 -0.773887 0.765313 0.594381 -0.246997
4.044517 -34.550738 8731.693311 728.539448 -0.564469 0.353311 -0.746020 0.081105 0.923135 0.375824 0.821460 0.151635 -0.549736
14.543335 -36.043197 11312.535328 603.817661 -0.587106 0.316388 -0.745121 0.146596 0.946794 0.286513 0.796126 0.058982 -0.602250
20.727385 -34.299212 9853.613980 646.016500 -0.571098 0.264584 -0.777073 0.050806 0.956210 0.288239 0.819308 0.125133 -0.559532
-257.420449 -1910.255505 -86450.528407 752573.081866 -0.197634 -0.324928 0.924858 0.979335 -0.024130 0.200798 -0.042928 0.945431 0.322983
135.088640 -2073.897910 -14603.474411 1340015.791493 -0.490667 -0.162349 0.856089 0.728994 -0.614664 0.301258 0.477298 0.771901 0.419946
-113.075279 -291.102860 17740.339043 -43584.880165 0.905655 0.125556 -0.404999 0.409622 -0.505823 0.759179 0.109539 0.853451 0.509532
-64.958963 -377.534063 -25867.920565 166065.911328 -0.408988 -0.328077 0.851525 0.912378 -0.164569 0.374811 0.017168 0.930206 0.366637
31.436524 -2997.693712 -66995.352045 1401497.684677 -0.230510 -0.329378 0.915628 0.839721 0.408110 0.358209 -0.491664 0.851443 0.182513
-223.547410 -369.109126 32070.563080 102066.530013 -0.717512 -0.259732 0.646310 -0.300909 0.952409 0.048684 -0.628197 -0.159549 -0.761520
-221.583574 -301.648563 -14064.495480 -10030.546756 0.520885 0.546315 -0.655910 0.774892 -0.624936 0.094858 -0.358080 -0.557670 -0.748855
-188.111575 -318.660840 34138.926631 66602.998457 -0.563700 -0.196157 0.802349 -0.462172 0.879996 -0.109564 -0.684572 -0.432585 -0.586712
-174.724327 -491.855140 35437.436786 153558.166996 -0.543716 -0.037040 0.838451 -0.053097 0.998542 0.009680 -0.837588 -0.039256 -0.544891
-242.892084 -332.175085 30851.435423 86158.758169 0.430443 0.861230 -0.270188 -0.587257 0.494531 0.640756 -0.685455 0.117139 -0.718631
39.234913 -42.206322 13882.388326 -3086.367563 0.129885 0.969271 -0.208912 0.787665 0.027114 0.615507 -0.602257 0.244498 0.759939
27.203865 -45.315271 9469.356209 -3418.775472 0.176602 0.962845 -0.204305 0.729879 0.011156 0.683486 -0.660370 0.269822 0.700790
17.937407 -48.821327 6422.777456 -1371.089563 0.243693 0.961973 -0.123377 0.800424 -0.127652 0.585685 -0.547664 0.241481 0.801094
6.318874 -52.895511 4121.910998 -65.794469 0.310933 0.946510 -0.086248 0.801547 -0.212381 0.558942 -0.510727 0.242925 0.824709
23.183887 -48.080861 6864.618768 -590.334079 0.206812 0.971581 -0.115144 0.852502 -0.121204 0.508479 -0.480073 0.203320 0.853341
6.615788 -54.785215 2587.310291 2979.995794 0.325181 0.945079 -0.032902 0.852165 -0.277772 0.443461 -0.409966 0.172243 0.895690
-40.730294 -52.170956 -2971.665388 571.228794 -0.320390 0.945472 0.058589 -0.918325 -0.325177 0.225697 -0.232442 -0.018507 -0.972434
-33.304279 -49.015886 -1488.307389 677.283656 -0.053098 0.994736 -0.087645 -0.973757 -0.032126 0.225311 -0.221309 -0.097309 -0.970337
-34.387431 -47.354764 -3892.241789 118.534192 0.012587 0.996390 -0.083951 -0.943272 0.039690 0.329641 -0.331783 -0.075040 -0.940367
-45.381532 -52.169074 -3064.379526 717.096855 -0.380526 0.909220 0.168876 -0.866401 -0.414364 0.278660 -0.323339 0.040277 -0.945426
-3.107757 -19.450359 -90.898737 1282.688777 -0.076993 0.861748 0.501461 -0.192470 -0.506340 0.840580 -0.978278 0.031797 -0.204846
-3.932415 -17.101950 138.121427 707.137273 -0.053663 0.894787 0.443256 -0.155198 -0.445975 0.881487 -0.986425 0.021489 -0.162802
-0.159912 -19.997867 1512.071349 1444.951901 -0.035037 0.912242 0.408150 -0.200250 -0.406526 0.891424 -0.979118 0.050499 -0.196920
4.052429 -26.280030 1652.978004 2102.922029 -0.036195 0.918014 0.394893 -0.261088 -0.390114 0.882974 -0.964636 0.071142 -0.253803
0.534395 -24.140423 857.066343 1936.122675 -0.063586 0.870301 0.488399 -0.248931 -0.487752 0.836739 -0.966432 0.068373 -0.247659
6.953437 -42.773155 -402.463148 -1758.407126 -0.082253 0.925715 0.369168 -0.891127 -0.234174 0.388659 -0.446237 0.297007 -0.844191
4.533920 -43.331268 286.400145 -2792.467470 -0.092079 0.915003 0.392798 -0.842890 -0.281645 0.458489 -0.530149 0.288868 -0.797181
5.678286 -45.662769 1179.699952 -1137.839556 -0.053028 0.924105 0.378443 -0.813561 -0.259738 0.520245 -0.579057 0.280298 -0.765589
5.251531 -44.339066 -91.908536 -346.633981 -0.063278 0.929341 0.363760 -0.843886 -0.244408 0.477621 -0.532779 0.276749 -0.799723
-0.900058 -42.216246 -2759.395340 2738.905982 -0.202898 0.970387 0.131076 -0.817374 -0.241552 0.523022 -0.539196 0.001018 -0.842180
-0.841319 -47.199953 -2396.241878 1490.880071 -0.236179 0.958546 0.159404 -0.876462 -0.280974 0.390984 -0.419564 0.047370 -0.906489
1.615549 -41.296837 -503.746354 2161.844471 -0.193171 0.967752 0.161685 -0.816418 -0.249936 0.520570 -0.544193 0.031444 -0.838370
1.311061 -40.803861 -3374.164442 2744.078718 -0.204883 0.970559 0.126639 -0.757307 -0.239158 0.607691 -0.620087 -0.028601 -0.784011
6.054823 -62.100963 713.231712 -1516.108500 -0.284953 0.920358 0.267847 -0.805564 -0.078497 -0.587287 0.519489 0.383117 -0.763775
7.011484 -63.444530 68.564207 -1774.806078 -0.286608 0.926264 0.244726 -0.865012 -0.140383 -0.481713 0.411838 0.349754 -0.841464
7.652835 -60.222864 142.944872 -1287.993301 -0.279287 0.928649 0.244153 -0.799978 -0.084403 -0.594064 0.531069 0.361231 -0.766471
-12.571194 -110.000249 256.336927 8037.449127 -0.547036 0.611002 0.572213 0.047138 0.704958 -0.707681 -0.835781 -0.360154 -0.414439
-17.020530 -125.123172 0.890281 -11501.349717 -0.519567 0.647912 0.557010 0.041042 -0.632231 0.773692 -0.853444 -0.424846 -0.301894
-10.758243 -99.917657 267.960561 -10663.741074 -0.506722 0.686122 0.521985 -0.181237 -0.676724 0.713581 -0.842844 -0.266984 -0.467262
-8.523988 -87.555367 827.679748 9769.753063 -0.535480 0.629272 0.563274 0.242133 0.753345 -0.611427 -0.809094 -0.191020 -0.555769
-2.884399 -74.950305 1061.965980 11409.388088 -0.500427 0.699405 0.510300 0.389937 0.708320 -0.588414 -0.772995 -0.095474 -0.627186
1.738949 -150.771701 -271.772011 -5301.374091 -0.327208 0.867361 0.374993 -0.614310 -0.496788 0.613046 -0.718024 0.029768 -0.695381
3.285871 -147.520612 -137.512991 -2589.731897 -0.354726 0.844801 0.400601 -0.430883 -0.527962 0.731844 -0.829765 -0.086992 -0.551292
1.318672 -139.556344 44.896145 -4292.891482 -0.334306 0.864802 0.374642 -0.643861 -0.499856 0.579298 -0.688246 0.047555 -0.723917
16.343626 -94.859092 3751.703943 7079.089783 -0.395791 0.704972 0.588527 0.257581 -0.529914 0.807987 -0.881477 -0.471387 -0.028148
15.087041 -105.374001 5367.675208 7453.951457 -0.367081 0.710370 0.600522 0.095745 -0.613307 0.784020 -0.925248 -0.345296 -0.157119
9.016318 -106.049142 3058.475090 10330.897904 -0.367357 0.720561 0.588082 0.148385 -0.578787 0.801865 -0.918167 -0.381833 -0.105701
8.144995 -90.818856 1954.480124 8722.861168 -0.388920 0.721409 0.572983 0.319073 -0.477979 0.818369 -0.864253 -0.501104 0.044287
1.917100 -106.177413 409.740721 11149.173389 -0.383553 0.726407 0.570281 0.168948 -0.551897 0.816619 -0.907934 -0.409564 -0.088956
72.598870 -42.261031 4242.727570 -32.864482 -0.014148 0.594596 0.803900 0.762960 -0.513238 0.393038 -0.646291 -0.618904 0.446392
61.966669 -40.899241 14566.537534 101.788342 0.139422 -0.418043 -0.897665 0.742292 -0.555881 0.374164 -0.655411 -0.718496 0.232808
61.046538 -40.414359 387.035781 -4.103966 -0.054607 0.548577 0.834315 -0.699037 0.575640 -0.424247 -0.712997 -0.606384 0.352042
59.013267 -40.320270 11196.027407 -933.095597 0.046891 0.679099 0.732548 0.671787 -0.564175 0.480010 -0.739259 -0.469608 0.482664
48.440972 -37.836641 -1429.978290 1006.993957 -0.071687 0.547564 0.833687 -0.603631 0.641579 -0.473293 -0.794034 -0.537169 0.284534
2.061157 -74.882456 -1174.978495 -4321.585963 0.427216 -0.776152 -0.463761 0.734348 -0.001369 0.678772 -0.527465 -0.630544 0.569381
-1.186977 -80.225179 -1571.015425 -2646.083020 0.422977 -0.778081 -0.464413 0.809227 0.093742 0.579970 -0.407729 -0.621129 0.669295
1.586513 -81.769175 -1312.211336 -759.650315 0.447739 -0.773820 -0.448031 0.815037 0.147112 0.560422 -0.367755 -0.616084 0.696560
3.739567 -76.927202 -337.911771 -3139.594414 0.448958 -0.760363 -0.469346 0.744237 0.027504 0.667349 -0.494518 -0.648916 0.578238
5.427156 -81.470547 -40.236613 -914.095839 -0.418393 0.789139 0.449674 0.378149 -0.298793 0.876200 -0.825803 -0.536639 0.173400
5.885294 -77.995131 -774.372541 -1299.825914 -0.439187 0.792000 0.424087 0.243732 -0.349306 0.904754 -0.864702 -0.500720 0.039625
5.947107 -81.182043 -257.965576 -379.862527 -0.428882 0.804778 0.410356 0.211414 -0.352222 0.911726 -0.878274 -0.477778 0.019080
3.988583 -85.714259 1140.862779 -1091.842013 -0.400491 0.815272 0.418256 0.253263 -0.340190 0.905610 -0.880605 -0.468617 0.070235
-1.418400 -205.170152 -555.530652 29039.017843 0.684764 -0.118283 0.719102 -0.170033 0.933576 0.315475 -0.708652 -0.338297 0.619167
-0.012965 -189.976591 -831.266646 20771.033656 0.676026 -0.160127 0.719269 -0.258791 0.862335 0.435209 -0.689939 -0.480353 0.541521
-5.247656 -235.591198 -847.897156 -28383.658238 0.672679 -0.107340 0.732107 0.408085 -0.771522 -0.488079 -0.617227 -0.627082 0.475183
-8.913915 -255.834398 -24180.117609 -51962.438767 -0.565250 -0.241056 -0.788914 0.696400 0.373185 -0.612993 0.442176 -0.895894 -0.043071
-8.794010 -369.247449 -4135.240993 -130081.437719 -0.388795 -0.065392 -0.919001 0.827320 0.414171 -0.379479 0.405439 -0.907847 -0.106928
37.352252 -407.549402 -22888.973762 -121739.966425 -0.396617 -0.221148 -0.890948 0.560813 0.710006 -0.425888 0.726763 -0.668570 -0.157577
-41.014275 -81.850753 7389.199846 -9159.372903 0.699098 0.137656 0.701650 0.609595 0.398124 -0.685486 0.373705 -0.906944 -0.194413
49.320687 -352.935140 20049.012507 -22071.079190 0.645976 0.222376 0.730249 0.622528 0.400174 -0.672548 0.441785 -0.889050 -0.120068
-714.096189 -1260.333128 -122119.987480 -215184.340595 0.052619 0.964125 0.260182 -0.044161 -0.258041 0.965124 -0.997638 0.062274 -0.028999
-526.016821 -2990.987199 163933.935475 -1124819.139938 0.770687 0.389087 0.504631 -0.379730 0.916390 -0.126632 -0.511710 -0.094030 0.853998
-652.070345 -3169.812703 334334.926059 1950912.884206 0.711645 0.517334 0.475318 -0.433811 -0.208587 0.876527 -0.552602 0.829974 -0.075986
-527.636069 -7268.234652 -202197.139869 12284986.490373 -0.670388 -0.542872 0.505836 -0.409619 0.839181 0.357753 -0.618702 0.032633 -0.784948
-359.300513 -2593.107366 122954.475041 -2428775.204918 0.940605 0.309735 0.139018 -0.333307 0.920341 0.204642 0.064559 0.238824 -0.968915
40.133397 -42.397974 -2705.551854 -1164.222213 -0.223372 0.922732 0.314120 -0.656764 0.095652 -0.748005 0.720254 0.373386 -0.584651
36.492807 -44.537658 -5349.713370 -825.807348 -0.166324 0.954365 0.248039 -0.608055 0.098760 -0.787728 0.776277 0.281839 -0.563880
43.056148 -38.392191 -1742.378831 -1602.306994 -0.283391 0.916091 0.283667 -0.559263 0.082418 -0.824883 0.779047 0.392409 -0.488979
-0.446230 -157.681467 -1724.503777 14060.079679 -0.106130 0.935598 0.336739 -0.818149 0.110305 -0.564327 0.565127 0.335395 -0.753752
4.068334 -170.522769 -2357.390697 16934.310529 -0.108734 0.932053 0.345620 -0.812317 0.117097 -0.571341 0.572991 0.342877 -0.744390
1.561494 -148.315675 -1515.191510 9949.163092 -0.124228 0.935771 0.330000 -0.920945 0.015063 -0.389402 0.369362 0.352286 -0.859922
0.024412 -144.562255 -1595.125097 -11198.875012 -0.136450 0.940050 0.312550 0.939124 0.022324 0.342852 0.315321 0.340305 -0.885870
-83.203250 -1471.328419 828.329126 -70924.053107 0.458125 0.845992 0.272798 0.847154 -0.508479 0.154204 -0.269167 -0.160457 0.949633
22.901911 -1542.349654 17370.665072 616959.589991 -0.114141 -0.915698 -0.385316 0.970304 -0.019495 -0.241103 0.213266 -0.401393 0.890731
216.681767 -3517.202945 36162.371388 1445543.776757 -0.005679 -0.937604 -0.347658 0.977715 0.067756 -0.198703 0.209860 -0.341038 0.916325
-67.726453 -1478.572640 -4054.937782 -363747.146393 0.465298 0.817157 0.340225 0.820535 -0.542360 0.180469 -0.331995 -0.195195 0.922864
-43.735913 -89.908017 2113.823785 9811.672708 0.373282 -0.893924 0.248112 0.916115 0.397353 0.053338 -0.146268 0.207389 0.967262
-48.277169 -76.122679 -102.605537 3117.717052 -0.123420 -0.938614 0.322135 0.966341 -0.039837 0.254161 -0.225726 0.342661 0.911938
-54.473275 -82.224878 -987.613375 4272.634497 0.216646 -0.922743 0.318763 0.944150 0.281080 0.171971 -0.248283 0.263703 0.932103
-43.611875 -69.401387 -521.414383 5054.918236 -0.377686 -0.858250 0.347506 0.921716 -0.312704 0.229466 -0.088273 0.406969 0.909167
-15.029108 -39.433149 -1043.682820 -22632.543759 -0.104643 0.989811 0.096559 0.930061 0.131783 -0.342957 0.352187 -0.053918 0.934375
10.160949 -24.931153 1257.126746 3941.404750 0.853180 0.273382 -0.444237 -0.222177 0.960996 0.164692 0.471934 -0.041812 0.880642
-32.343055 -65.676235 -9032.452347 -27399.359250 0.355532 0.934503 -0.017336 0.862824 -0.335279 -0.378315 0.359349 -0.119545 0.925515
-30.075959 -119.526851 -4113.071105 -47465.342354 0.189560 0.981577 -0.023972 0.941682 -0.188660 -0.278643 0.278032 -0.030245 0.960096
10.756127 -14.227782 1157.855872 402.390417 0.006418 0.842127 -0.539240 0.775509 0.336247 0.534344 -0.631304 0.421615 0.650920
9.095449 -14.303622 -13.335307 146.579632 -0.037954 0.843057 -0.536483 0.786705 0.356245 0.504167 -0.616161 0.402918 0.676759
9.294079 -14.867002 -984.040034 324.217696 -0.044745 0.846538 -0.530445 0.770298 0.367335 0.521254 -0.636112 0.385277 0.668523
9.569251 -14.357782 726.338234 -203.752532 0.017250 0.844940 -0.534583 0.750755 0.342174 0.565052 -0.660356 0.411087 0.628440
13.806876 -42.447082 -1375.539351 2226.972385 0.403743 0.839316 -0.364062 -0.457028 -0.159692 -0.875000 0.792538 -0.519661 -0.319116
18.911936 -40.743661 -4767.543755 -2601.939701 0.436950 0.817648 -0.374870 -0.482589 -0.138598 -0.864811 0.759067 -0.558787 -0.334027
-23.740461 -132.430900 -1892.332293 -7447.545985 -0.227177 0.943951 0.239473 0.492513 -0.100774 0.864451 -0.840132 -0.314327 0.442014
-17.158813 -136.398674 -2986.134828 2681.266645 -0.261869 0.922618 0.283196 0.699490 -0.020727 0.714342 -0.664935 -0.385157 0.639934
0.122199 -138.801572 73.004790 3242.273656 -0.126624 -0.941965 -0.310915 0.991854 -0.115849 -0.052963 0.013870 -0.315088 0.948961
-2.836470 -116.706790 274.128154 7383.446475 0.185397 0.940122 0.286004 0.852264 -0.008954 -0.523035 0.489156 -0.340720 0.802892
-10.722483 -45.016399 2641.511229 1477.580835 0.164268 0.951776 -0.259110 -0.073974 0.273825 0.958931 -0.983638 0.138355 -0.115387
-17.398092 -42.382831 -1868.906679 944.355784 0.128891 0.973153 -0.190683 0.026211 0.188877 0.981651 -0.991312 0.131524 0.001163
0.317531 -42.217826 7137.250087 934.869080 0.225344 0.934085 -0.276958 -0.006291 0.285659 0.958311 -0.974259 0.214208 -0.070248
29.529492 -46.120542 19359.777601 2069.494031 0.275242 0.912597 -0.302340 -0.089192 0.337370 0.937137 -0.957229 0.230973 -0.174255
60.958646 -43.907412 28180.345528 1833.480026 0.312798 0.880207 -0.356921 0.017941 0.370235 0.928765 -0.949650 0.296919 -0.100017
-1.424821 -64.552742 -174.271903 -4623.791124 -0.031650 0.999498 -0.001650 -0.108401 -0.001792 0.994106 -0.993603 -0.031642 -0.108403
-1.851442 -59.692274 -25.091187 -4164.400309 -0.024258 0.999702 0.002910 -0.180297 -0.007238 0.983586 -0.983313 -0.023335 -0.180419
-1.649260 -54.412770 -140.632674 -3155.151226 -0.034036 0.999407 -0.005307 -0.261856 -0.003793 0.965099 -0.964506 -0.034238 -0.261830
-9.082466 -161.608887 296.448502 11668.737880 -0.690190 0.001943 -0.723625 0.284958 0.919926 -0.269322 0.665159 -0.392087 -0.635478
-9.636234 -141.360768 608.975581 -509.208690 -0.693894 0.044297 -0.718714 0.144513 0.986366 -0.078729 0.705427 -0.158493 -0.690834
-18.962438 -42.282332 -453.987513 -144.407837 0.035937 0.999252 -0.014307 -0.312189 -0.002374 -0.950017 0.949340 -0.038608 -0.311870
-17.220825 -42.057427 -116.727381 -700.999623 0.062313 0.997991 -0.011467 -0.226012 0.002919 -0.974120 0.972130 -0.063292 -0.225739
-16.043491 -37.953439 1026.469806 -1706.577315 0.046658 0.986990 0.153865 -0.180964 0.159836 -0.970415 0.982382 -0.017433 -0.186067
-19.272038 -41.777409 284.789231 -561.154484 0.017946 0.996398 0.082883 -0.297831 0.084460 -0.950875 0.954450 0.007621 -0.298273
-21.734859 -41.112113 231.620974 1125.148297 0.031485 0.997566 0.062211 -0.405701 0.069638 -0.911349 0.913464 -0.003455 -0.406906
0.099583 -325.964468 -1299.256100 28235.830512 -0.621735 -0.025836 -0.782801 -0.117578 0.991209 0.060671 0.774352 0.129761 -0.619307
161.121804 -16234.240521 -111670.861743 20333248.929164 -0.384711 0.168242 -0.907575 0.685283 0.710770 -0.158725 0.618372 -0.683009 -0.388735
-0.027269 -73.155835 -128.406427 -1507.557083 -0.654505 0.221169 -0.722985 0.143470 0.975214 0.168447 0.742320 0.006522 -0.670014
29.114941 -35.684122 5894.154084 694.895673 -0.526775 0.237383 -0.816185 0.104825 0.971025 0.214762 0.843517 0.027575 -0.536395
29.083200 -38.997014 8879.208316 87.821341 -0.571022 0.245793 -0.783275 0.216308 0.965457 0.145270 0.791925 -0.086476 -0.604464
3.214439 -38.270515 10307.350404 1576.647641 -0.579257 0.389156 -0.716253 0.238307 0.921141 0.307749 0.779533 0.007578 -0.626316
-75.787849 -1056.454330 -14370.467606 213676.293710 -0.588136 -0.395943 0.705213 0.732971 -0.629494 0.257856 0.341831 0.668555 0.660443
-205.799478 -4033.422612 266949.125378 3051399.930038 0.558325 0.044520 -0.828427 -0.046571 0.998666 0.022282 0.828314 0.026141 0.559654
-111.729059 -5113.090048 53105.389288 3224691.860468 0.970689 -0.205810 -0.124118 -0.238324 -0.890998 -0.386424 0.031059 -0.404678 0.913932
-198.698260 -362.525977 -38236.636045 57263.001381 0.534366 0.086778 -0.840787 0.736215 -0.536473 0.412535 -0.415260 -0.839444 -0.350560
-256.373197 -356.174658 -10680.514194 11756.150433 0.246512 0.674544 -0.695861 0.968571 -0.146887 0.200733 0.033190 -0.723474 -0.689553
-254.043095 -404.983570 -47072.233489 62191.313907 0.488396 0.326705 -0.809156 0.862158 -0.323833 0.389636 -0.134735 -0.887917 -0.439829
54.633774 -37.559615 14681.434017 -1924.139451 0.043260 0.966896 -0.251477 0.743831 0.136870 0.654203 -0.666966 0.215357 0.713287
56.480887 -35.869590 15014.404344 -1162.085529 0.022904 0.955663 -0.293572 0.691138 0.197040 0.695344 -0.722359 0.218825 0.655982
20.502596 -45.867076 11003.102983 -3070.459168 0.195786 0.956800 -0.214945 0.681990 0.024654 0.730945 -0.704668 0.289699 0.647702
2.967986 -56.223495 5112.446578 -4437.406241 0.315941 0.944068 -0.094428 0.707843 -0.168267 0.686035 -0.631775 0.283586 0.721415
-28.016815 -42.868350 -2203.415124 392.644892 0.288047 0.928288 -0.235181 -0.929061 0.330425 0.166325 -0.232107 -0.170589 -0.957615
-35.705648 -53.126948 -79.266584 -1404.098603 -0.247504 0.966073 -0.073783 0.963688 0.237582 -0.121906 -0.100241 -0.101276 -0.989795
-35.102844 -49.706935 1790.490940 -2061.134707 -0.206600 0.967279 -0.147265 0.973234 0.187678 -0.132639 -0.100661 -0.170726 -0.980163
-38.987953 -57.791388 -1983.236275 -2055.264690 -0.312682 0.949065 -0.038804 0.949809 0.311990 -0.022926 -0.009652 -0.044025 -0.998984
-36.039749 -57.897925 140.565836 -1099.077805 -0.288449 0.949472 -0.123694 0.956880 0.290479 -0.001693 0.034323 -0.118849 -0.992319
-38.352346 -57.912760 979.401389 -620.750551 -0.208548 0.922885 -0.323715 0.965500 0.247051 0.082316 0.155943 -0.295380 -0.942567
-34.456086 -59.225897 -1376.230068 -2021.143068 -0.055556 0.914452 -0.400862 0.982539 0.121472 0.140933 0.177570 -0.386033 -0.905233
-34.117770 -55.321559 -2267.083378 -1735.828071 -0.116921 0.910785 -0.395980 0.992008 0.126141 -0.002775 0.047422 -0.393140 -0.918255
-39.481438 -59.920705 1266.363016 292.095863 -0.131491 0.945468 -0.297993 -0.953638 -0.202732 -0.222428 0.270711 -0.254930 -0.928292
-36.683366 -55.929525 824.837464 -763.897823 -0.224667 0.931674 -0.285498 0.973453 0.227745 -0.022834 0.043747 -0.283049 -0.958107
-4.965479 -16.621659 -642.751444 719.314404 -0.089238 0.847582 0.523107 -0.140071 -0.530663 0.835929 -0.986112 -0.001324 -0.166077
-4.244910 -16.146874 263.791851 53.321922 -0.053115 0.894640 0.443618 -0.111845 -0.446780 0.887625 -0.992305 0.002470 -0.123792
4.181900 -47.501294 1813.473162 -1452.545011 -0.049954 0.918246 0.392848 -0.751417 -0.293668 0.590873 -0.657934 0.265676 -0.704656
1.906136 -46.057678 1359.900987 -3081.928272 -0.052305 0.919931 0.388575 -0.768861 -0.285405 0.572186 -0.637274 0.268832 -0.722227
5.707056 -47.846960 1963.049334 216.706144 -0.040978 0.920311 0.389035 -0.731137 -0.292998 0.616110 -0.680999 0.259191 -0.684880
6.025940 -48.194707 1714.038426 146.913368 -0.059218 0.911376 0.407293 -0.661859 -0.341282 0.667435 -0.747286 0.230047 -0.623412
3.709898 -49.693054 1974.413491 -127.092515 -0.022833 0.920142 0.390919 -0.665262 -0.305864 0.681083 -0.746261 0.244512 -0.619119
-0.155565 -56.620072 1703.187954 -1367.721995 -0.252318 0.907777 0.335078 -0.637915 0.104331 -0.763007 0.727599 0.406272 -0.552759
-1.829623 -59.556533 1084.778313 -1404.205317 -0.247588 0.914414 0.320229 -0.704966 0.056705 -0.706971 0.664623 0.400789 -0.630591
0.966268 -60.117674 1653.291927 -1255.858456 -0.267871 0.910335 0.315492 -0.732999 0.019955 -0.679937 0.625267 0.413391 -0.661929
-13.955490 -123.570674 -1854.888916 8061.709358 -0.579420 0.583428 0.569108 -0.137914 0.618014 -0.773976 -0.803276 -0.526945 -0.277627
-18.163356 -124.580790 136.161892 -4348.595714 -0.537813 0.625700 0.565028 0.261192 -0.513570 0.817328 -0.801583 -0.587150 -0.112777
3.062739 -139.395928 -631.413007 6102.458496 -0.381898 0.816022 0.433891 -0.091985 -0.500705 0.860717 -0.919616 -0.288795 -0.266280
1.487810 -134.038646 -1827.231773 68.321127 -0.408159 0.817571 0.406182 -0.304764 -0.541434 0.783561 -0.860538 -0.196028 -0.470157
2.611004 -143.730090 86.604425 -1190.418083 -0.362111 0.836521 0.411227 -0.408696 -0.538983 0.736522 -0.837761 -0.098635 -0.537055
4.245496 -144.228786 577.330362 2186.652905 -0.352255 0.829075 0.434226 -0.195127 -0.518827 0.832313 -0.915337 -0.208457 -0.344534
58.303114 -36.133599 24986.050016 2059.110638 0.178152 -0.221214 -0.958815 0.808314 -0.522776 0.270801 -0.561150 -0.823268 0.085677
36.777895 -40.672241 19121.806456 38.420697 0.196376 -0.242246 -0.950133 0.706220 -0.637272 0.308442 -0.680213 -0.731574 0.045934
3.414968 -153.054518 400.608515 20441.032403 0.703018 -0.185081 0.686666 -0.003189 0.964711 0.263290 -0.711165 -0.187288 0.677619
1.749995 -174.486641 1002.747391 23621.999746 0.711184 -0.176216 0.680562 -0.159014 0.902663 0.399893 -0.684786 -0.392617 0.613939
-1.147394 -214.492567 -488.457400 -25504.083779 0.683026 -0.152370 0.714324 0.416591 -0.722049 -0.552356 -0.599940 -0.674854 0.429703
1.340836 -279.152579 -3683.266264 -19174.832981 0.771330 0.079483 0.631453 -0.635222 0.034885 0.771542 -0.039296 0.996226 -0.077397
4.283275 -314.137360 168.912823 -35923.357611 0.762233 0.036870 0.646252 -0.645951 0.107809 0.755727 0.041808 0.993488 -0.105992
4.956060 -299.106275 -1439.248813 -22535.311454 0.754557 0.041103 0.654946 -0.612130 -0.315624 0.725037 -0.236517 0.947994 0.212996
9.600184 -610.859508 -10893.301833 -192825.090638 -0.378596 -0.206297 -0.902279 0.528604 0.752025 -0.393745 0.759765 -0.626019 -0.175665
-33.993491 -639.938989 9216.845861 -315568.174824 -0.441455 0.092864 -0.892465 0.880192 0.238024 -0.410617 0.174297 -0.966810 -0.186815
-9.769292 -544.897746 -448.158509 -205111.499474 -0.322042 0.018511 -0.946544 0.858990 0.426059 -0.283921 0.398028 -0.904506 -0.153110
-380.331236 -1758.008219 120023.719008 176333.714131 0.891265 0.093497 0.443739 0.452209 -0.256531 -0.854224 -0.033966 -0.962003 0.270917
-673.019395 -7727.828691 401997.221493 -9882603.308675 -0.558558 0.650846 -0.514210 -0.415619 0.316886 0.852552 -0.717826 -0.689915 -0.093505
-1000.571264 -8698.843779 108268.206378 -2303707.201541 0.970674 0.164135 0.175648 0.240333 -0.679837 -0.692865 -0.005688 -0.714760 0.699347
84.477485 -10239.103410 -388604.466904 10944228.129083 0.989854 0.082571 -0.115634 -0.140288 0.697103 -0.703112 -0.022552 -0.712200 -0.701614
-1704.780470 -6375.653358 346698.525991 -1760029.084476 0.819934 0.551847 -0.152227 -0.350584 0.273846 -0.895600 0.452548 -0.787701 -0.418004
11.274346 -94.448335 -731.508867 -3897.958385 0.857732 0.153411 0.490673 -0.511418 0.351929 0.783963 0.052413 0.923369 -0.380318
12.822956 -95.472029 1494.116284 -7056.802868 0.835289 0.101362 0.540386 -0.517898 0.475031 0.711426 0.184589 0.874112 -0.449284
6.740021 -106.470956 1085.889187 -4838.769892 0.813844 0.105037 0.571511 -0.577956 0.248225 0.777401 0.060208 0.962991 -0.262723
34.380897 -47.170103 -5106.090030 -731.944274 -0.138991 0.948746 0.283835 -0.718322 0.100709 -0.688384 0.681686 0.299564 -0.667507
27.792528 -48.710675 -4763.091029 -281.887563 -0.094411 0.967681 0.233839 -0.658555 0.115445 -0.743625 0.746587 0.224202 -0.626371
30.188778 -45.845078 -5116.177613 -1307.856633 -0.120876 0.972254 0.200277 -0.540936 0.104654 -0.834527 0.832333 0.209211 -0.513277
-10.686497 -121.009148 -1298.024403 3967.715857 -0.180214 0.780244 0.598951 0.834724 0.443434 -0.326500 0.520345 -0.441119 0.731201
-8.110129 -122.869195 1647.678469 1186.628903 0.180693 -0.761835 -0.622059 0.905044 0.376385 -0.198065 0.385027 -0.527202 0.757504
-8.935334 -119.039456 -1979.029207 6560.931426 -0.157081 0.774202 0.613136 0.784033 0.475273 -0.399259 0.600514 -0.418003 0.681657
10.252205 -151.052370 -2355.004308 8831.465374 -0.131743 0.927848 0.348916 -0.876122 0.055677 -0.478863 0.463738 0.368780 -0.805573
6.284996 -153.469245 -1481.515504 -6704.972353 -0.139471 0.929152 0.342380 0.939018 0.014351 0.343568 0.314313 0.369419 -0.874492
-27.972687 -438.961873 962.872892 24155.653736 -0.491899 -0.790588 -0.364701 0.846038 -0.335138 -0.414611 0.205561 -0.512497 0.833721
-31.725126 -493.560922 997.406593 152198.843692 -0.453278 -0.783481 -0.425084 0.675916 0.008778 -0.736926 0.581099 -0.621354 0.525589
-22.606092 -394.745829 6227.484687 102633.039591 0.415934 0.844658 0.336975 0.681329 -0.044013 -0.730653 0.602321 -0.533494 0.593796
19.882097 -40.086499 4205.508041 1187.892072 -0.136306 0.933092 0.332807 -0.331904 0.273515 -0.902790 0.933413 0.233516 -0.272415
13.086099 -40.907728 1766.527860 -443.985311 -0.162257 0.934735 0.316138 -0.390176 0.233496 -0.890642 0.906331 0.267862 -0.326825
20.002372 -40.487628 3124.019460 -759.802308 -0.129809 0.936977 0.324382 -0.394149 0.251430 -0.883985 0.909833 0.242604 -0.336670
-19.282470 -89.447599 8682.820940 14284.034349 0.285086 -0.953657 0.096248 0.958482 0.284292 -0.022161 -0.006229 0.098569 0.995111
-41.925434 -63.779318 105.696849 2617.427881 0.773155 -0.308032 -0.554389 0.527825 -0.172104 0.831734 0.351613 0.935680 -0.029524
-41.521107 -60.010603 -391.892393 2856.766196 0.822802 -0.313028 -0.474353 0.400469 -0.272897 0.874730 0.403264 0.909693 0.099182
-40.228109 -60.199032 1094.770902 2105.278063 0.744882 -0.416524 -0.521209 0.465356 -0.235462 0.853230 0.478116 0.878103 -0.018441
-40.655540 -63.180339 720.482828 2235.713766 0.721469 -0.421322 -0.549518 0.555064 -0.122572 0.822727 0.413989 0.898590 -0.145429
-41.648953 -66.446522 307.774909 704.064830 0.744488 -0.302721 -0.595061 0.614288 -0.038525 0.788141 0.261511 0.952300 -0.157277
-42.944150 -66.825676 427.199523 758.565590 0.787377 -0.208073 -0.580295 0.574669 -0.092987 0.813086 0.223141 0.973683 -0.046357
-1.505354 -78.083971 -2092.024218 31349.865825 0.663356 0.673390 -0.326351 -0.603802 0.739287 0.298124 0.442021 -0.000711 0.897004
5.323916 -16.751119 -2926.077099 -92.698134 -0.112011 0.846651 -0.520227 0.780275 0.399112 0.481539 -0.615325 0.351982 0.705325
4.772739 -15.519918 -1127.970394 -236.267516 -0.145527 0.814033 -0.562292 0.793826 0.435278 0.424703 -0.590476 0.384556 0.709545
-14.307154 -47.495976 -4005.083865 1350.359258 0.304335 0.735729 -0.605048 -0.385382 -0.485776 -0.784540 0.871126 -0.471938 -0.135698
-2.434622 -45.419833 -5066.214449 2710.353045 0.370241 0.762480 -0.530609 -0.408434 -0.379409 -0.830199 0.834328 -0.524092 -0.170950
-18.342091 -47.164337 -4211.289162 844.901444 0.271656 0.723464 -0.634667 -0.454033 -0.485123 -0.747336 0.848562 -0.491178 -0.196690
0.041060 -43.930773 -465.855066 -1350.317188 0.315702 0.944102 0.094883 0.787115 -0.204732 -0.581837 0.529888 -0.258371 0.807752
0.705377 -46.191379 -786.246105 -1291.707449 0.328224 0.939910 0.094011 0.708306 -0.179049 -0.682821 0.624957 -0.290707 0.724512
-1.016377 -42.835980 -138.840877 -2654.561277 0.333405 0.940010 0.072272 0.775167 -0.229690 -0.588522 0.536616 -0.252239 0.805245
4.742105 -53.448221 490.515622 228.383414 0.290071 0.954328 0.071538 0.134859 0.033244 -0.990307 0.947455 -0.296907 0.119057
5.138448 -54.254070 -283.231632 575.198580 0.319783 0.944234 0.078491 0.188439 0.017805 -0.981923 0.928563 -0.328793 0.172237
4.116141 -54.021556 437.007613 1022.384825 0.288616 0.955764 0.056706 0.083866 0.033763 -0.995905 0.953765 -0.292190 0.070411
4.076669 -52.035742 558.601336 902.295476 0.290565 0.955234 0.055682 -0.002836 0.059052 -0.998251 0.956851 -0.289899 -0.019867
5.099991 -51.587230 92.889078 839.160269 0.312208 0.947688 0.066434 0.034167 0.058684 -0.997692 0.949399 -0.313757 0.014058
-23.046539 -130.833163 856.607276 -10873.346397 -0.149731 0.974243 0.168618 0.412079 -0.093532 0.906335 -0.898761 -0.205191 0.387460
-5.316132 -101.401996 -432.060331 1809.432466 0.017151 -0.978035 -0.207736 0.993162 0.040660 -0.109434 0.115477 -0.204439 0.972044
-8.977450 -94.137968 -462.168409 5058.638060 -0.016762 0.974812 0.222396 0.949853 0.084987 -0.300925 0.312247 -0.206199 0.927353
-5.698687 -92.642903 696.446321 7082.815026 -0.032497 0.979060 0.200960 0.932937 0.101849 -0.345333 0.358570 -0.176261 0.916711
-16.793860 -44.085812 -2760.953229 787.396852 0.107462 0.974872 -0.195133 -0.054918 0.201790 0.977888 -0.992691 0.094369 -0.075223
-14.532462 -42.876526 -2453.155073 737.045076 0.084172 0.982037 -0.168875 0.035182 0.166442 0.985423 -0.995830 0.088887 0.020541
-16.199749 -41.339606 -2538.551608 804.613161 0.102807 0.983804 -0.146835 0.122369 0.133987 0.983399 -0.987146 0.119068 0.106612
-21.141763 -40.981191 -2953.377781 836.626591 0.139429 0.982120 -0.126489 0.135662 0.107587 0.984896 -0.980895 0.154483 0.118235
-1.002397 -69.459885 45.825562 -3672.709770 -0.015876 0.999754 0.015506 0.005289 -0.015424 0.999867 -0.999860 -0.015956 0.005043
-6.883271 -289.931859 -443.721307 44283.597791 0.679592 0.041773 0.732400 0.471400 0.740097 -0.479623 0.562083 -0.671201 -0.483272
-4.799420 -295.841520 690.502071 34695.387754 0.691154 0.096290 0.716264 0.583636 0.510149 -0.631757 0.426234 -0.854679 -0.296393
-7.910419 -304.599464 -416.623175 19339.982798 0.704513 0.064036 0.706796 0.641621 0.368136 -0.672903 0.303287 -0.927564 -0.218270
-4.114789 -295.338260 1852.490777 -3606.208905 0.700803 0.110880 0.704685 0.697229 0.102388 -0.709499 0.150821 -0.988546 0.005554
-6.598934 -307.852313 546.323343 48182.395497 0.674282 0.069059 0.735237 0.540195 0.632726 -0.554840 0.503520 -0.771291 -0.389331
-6.191151 -294.344633 -939.096026 -28358.705951 0.721452 0.073310 0.688573 0.692033 -0.111435 -0.713213 -0.024446 -0.991064 0.131128
