17261
34502
-37.891775 -58.130881 -692.439698 6658.319761 0.256666 0.939671 0.226142 0.074429 -0.252502 0.964729 -0.963630 0.230782 0.134747
-49.741984 -77.015741 -401.116474 10391.743355 0.256832 0.951992 -0.166579 0.058176 0.156819 0.985912 -0.964704 0.262905 0.015107
-38.871748 -68.182064 -1854.623341 11774.583313 0.166219 0.981132 -0.098749 0.156445 0.072636 0.985012 -0.973600 0.179177 0.141420
-41.075478 -58.475185 1454.155502 3980.213360 0.344173 0.839722 0.420014 -0.045380 -0.431944 0.900758 -0.937809 0.329077 0.110556
-36.484578 -48.808104 -2274.398605 7145.288834 0.209698 0.951835 0.223689 0.177935 -0.262105 0.948494 -0.961439 0.159096 0.224327
-32.365367 -49.783307 54.655146 3136.341164 0.327565 0.719122 0.612833 -0.014585 -0.644692 0.764303 -0.944716 0.259297 0.200690
79.789349 -84.270597 -687.809245 7854.499061 -0.222245 -0.858365 0.462404 0.962801 -0.118452 0.242866 -0.153695 0.499179 0.852760
81.794595 -89.409764 -5713.355052 -1644.118100 0.111837 0.946241 -0.303513 0.930604 0.007394 0.365954 -0.348525 0.323378 0.879748
87.870608 -102.897534 -473.074409 1937.922522 -0.281808 -0.830692 0.480141 0.900843 -0.056830 0.430409 -0.330251 0.553824 0.764338
75.158347 -98.686737 -6129.107890 22494.747338 -0.362166 -0.736649 0.571125 0.914609 -0.162655 0.370182 -0.179797 0.656423 0.732654
72.431346 -83.669165 -3771.052100 16404.776410 -0.303146 -0.770430 0.560839 0.948324 -0.186012 0.257063 -0.093726 0.609785 0.787006
-24.689565 -34.961369 -15020.776441 2359.471864 0.576079 0.624836 0.526985 -0.587421 0.764787 -0.264647 -0.568392 -0.157105 0.807619
69.307332 -45.791187 -76102.173067 3381.688464 0.663552 0.359054 0.656337 -0.391718 0.914179 -0.104085 -0.637382 -0.188033 0.747254
-21.728936 -37.139891 -17481.413492 3593.255778 0.700599 0.419395 0.577294 -0.452475 0.886697 -0.095051 -0.551749 -0.194619 0.810985
9.662167 -34.592717 167.630471 3740.034180 -0.147339 0.824599 0.546194 0.911207 0.327947 -0.249305 -0.384699 0.460963 -0.799699
13.369434 -49.073690 -652.999348 -7142.871576 -0.167496 0.835921 0.522668 -0.879750 -0.366008 0.303442 -0.444955 0.408992 -0.796706
9.663481 -36.626445 -41.595395 7140.917048 -0.254765 0.803669 0.537783 0.895717 0.405694 -0.181944 -0.364398 0.435349 -0.823217
11.076588 -51.922291 -1088.301694 -9890.763476 -0.258173 0.822806 0.506296 -0.872811 -0.423323 0.242894 -0.414182 0.379193 -0.827446
8.040341 -27.158839 346.417097 2609.936254 -0.239039 0.799487 0.551072 0.908017 0.385129 -0.164868 -0.344044 0.460973 -0.818008
6.675298 -25.903949 372.242019 1974.592237 -0.317999 0.770825 0.552001 0.889305 0.444339 -0.108170 -0.328655 0.456499 -0.826798
8.622096 -26.562193 435.606189 4588.202628 -0.408005 0.732100 0.545493 0.854027 0.517265 -0.055441 -0.322753 0.443246 -0.836280
9.171084 -35.711735 -315.976449 9163.025214 -0.370289 0.764278 0.527982 0.865564 0.490191 -0.102530 -0.337173 0.419037 -0.843043
10.902148 -51.637239 -678.772389 289.820772 0.096704 -0.975621 -0.197009 0.990333 0.074540 0.116980 -0.099443 -0.206417 0.973398
12.151033 -50.572107 -775.694668 228.964895 0.017846 -0.972958 -0.230293 0.993012 -0.009626 0.117619 -0.116655 -0.230783 0.965987
5.993231 -53.834326 -73.168717 410.815891 -0.121850 0.973144 0.195304 0.952876 0.059617 0.297443 -0.277812 -0.222344 0.934550
6.569467 -55.246841 263.305927 694.938031 -0.166916 0.973539 0.156078 0.948444 0.115281 0.295237 -0.269432 -0.197311 0.942589
1.442726 -55.407008 -622.182369 557.013652 -0.144869 0.969963 0.195408 0.879702 0.035862 0.474171 -0.452921 -0.240594 0.858474
3.839484 -56.655785 -131.477007 467.974564 -0.179466 0.971743 0.153324 0.876557 0.087203 0.473332 -0.446587 -0.219344 0.867438
3.334171 -48.631942 -185.621826 -140.258877 0.067677 0.990063 -0.123268 -0.548310 -0.066312 -0.833642 0.833532 -0.124007 -0.538373
2.842134 -49.563942 -246.107161 -412.273260 0.066677 0.988877 -0.132956 -0.648702 -0.058282 -0.758807 0.758116 -0.136844 -0.637600
2.299687 -48.188407 -249.238828 -578.303556 0.079051 0.989390 -0.121896 -0.569603 -0.055522 -0.820043 0.818110 -0.134257 -0.559170
2.176000 -46.498902 -343.996218 -507.954847 0.087688 0.990145 -0.109193 -0.449494 -0.058492 -0.891366 0.888969 -0.127244 -0.439935
6.089706 -94.171468 -8520.017766 11365.257083 -0.336312 0.741264 -0.580880 0.934917 0.336966 -0.111286 0.113245 -0.580501 -0.806346
-6.251786 -112.318780 -3843.270184 9405.715817 -0.288585 0.796102 -0.531921 0.955066 0.200134 -0.218623 -0.067591 -0.571111 -0.818086
-3.318281 -97.422356 -5450.162532 16138.245962 -0.338043 0.764108 -0.549423 0.918758 0.394468 -0.016679 0.203985 -0.510425 -0.835378
3.871263 -78.027765 -5392.217572 14160.824350 -0.363161 0.751974 -0.550135 0.870214 0.484730 0.088118 0.332929 -0.446734 -0.830414
-6.271459 -79.447099 -3282.109631 -14483.492128 -0.338636 0.792948 -0.506517 -0.860128 -0.479116 -0.175007 0.381452 -0.376405 -0.844283
-1.925890 -53.158177 -282.160886 -1158.987231 -0.042625 0.970520 -0.237222 -0.800110 -0.175357 -0.573650 0.598337 -0.165352 -0.783997
-0.882137 -52.691725 -61.718015 1568.941949 -0.041903 0.973816 -0.223442 -0.718785 -0.184717 -0.670244 0.693968 -0.132521 -0.707705
-1.657230 -52.354426 -357.050279 221.555032 -0.049220 0.967762 -0.247011 -0.787125 -0.189823 -0.586858 0.614827 -0.165543 -0.771092
-3.118458 -58.584356 13.337191 -3630.852216 -0.024667 0.974290 -0.223945 -0.864401 -0.133319 -0.484806 0.502197 -0.181619 -0.845466
-2.710777 -59.504312 -184.363492 -3873.416044 -0.027233 0.974414 -0.223105 -0.878128 -0.129965 -0.460436 0.477651 -0.183375 -0.859199
-8.977039 -47.231184 -81.053848 -469.209746 -0.096745 0.986071 0.135296 0.359053 -0.092204 0.928751 -0.928289 -0.138431 0.345131
-10.513271 -46.504686 -559.997334 -5.440898 -0.078309 0.987868 0.134107 0.329419 -0.101324 0.938732 -0.940931 -0.117688 0.317488
-8.812576 -45.648992 -486.295611 -207.696264 -0.131962 0.982241 0.133376 0.165212 -0.110877 0.980006 -0.977390 -0.151359 0.147647
-9.579154 -49.303469 0.914907 -379.000460 -0.061616 0.984695 0.163033 0.524791 -0.106980 0.844482 -0.848998 -0.137592 0.510168
1.831631 -127.326423 677.325794 3713.387391 0.864145 0.161369 0.476669 -0.461774 -0.122262 0.878531 -0.200046 0.979292 0.031136
-2.319797 -131.002045 -30.847901 2524.552855 0.874779 0.173884 0.452246 -0.473207 0.106065 0.874543 -0.104102 0.979038 -0.175067
0.781278 -129.107044 -391.717233 1948.556530 0.876929 0.174618 0.447776 -0.435212 -0.106797 0.893971 -0.203925 0.978827 0.017657
-1.855790 -97.160318 287.451888 3463.217261 -0.856498 -0.165095 -0.489035 -0.043022 0.967003 -0.251105 0.514355 -0.194031 -0.835339
-1.607491 -95.131008 96.210768 1061.213870 -0.851618 -0.206986 -0.481563 -0.152796 0.976859 -0.149664 0.501398 -0.053876 -0.863538
-2.239538 -89.403591 -460.917389 1649.438878 -0.849222 -0.179093 -0.496737 -0.048605 0.963245 -0.264191 0.525794 -0.200213 -0.826714
3.920058 -129.526181 3388.916042 -10743.109005 0.786095 0.032755 0.617238 0.600375 0.197003 -0.775074 0.146985 -0.979855 -0.135198
3.019844 -131.807176 4305.692242 -19323.558371 0.794913 0.056256 0.604109 0.581899 0.211206 -0.785357 0.171772 -0.975821 -0.135155
0.186822 -140.933122 4349.415414 -11752.975144 0.795780 0.056206 0.602972 0.540883 0.381839 -0.749430 0.272360 -0.922518 -0.273459
6.439217 -131.010071 -367.289225 -8177.429453 0.804707 0.007055 0.593630 0.542703 0.396612 -0.740386 0.240665 -0.917959 -0.315328
0.583441 -145.447696 3489.706030 -2529.662055 0.815353 0.064831 0.575323 0.440038 0.576391 -0.688578 0.376253 -0.814598 -0.441434
-7.154236 -155.892451 6358.707876 -3222.767976 0.818177 0.077347 0.569740 0.431181 0.572972 -0.696984 0.380355 -0.815917 -0.435442
-20.576100 -24.241658 -11976.049760 -5593.794782 -0.768154 -0.638294 0.050201 -0.639257 0.768982 -0.004210 -0.035916 -0.035325 -0.998730
-13.216451 -20.185821 8293.269903 -8259.972019 0.722471 0.688353 -0.064859 -0.690728 0.722723 -0.023794 -0.030496 -0.061990 -0.997611
-13.127898 -21.699501 -3628.191985 10547.840509 0.300790 0.950558 -0.077225 0.953485 -0.301416 0.003698 -0.019762 -0.074745 -0.997007
39.288155 -96.016669 16923.216183 20852.856657 -0.558968 0.795945 -0.232436 0.284003 0.447136 0.848181 -0.779036 -0.408093 0.475985
57.375023 -112.494105 18597.193473 38972.644396 -0.638637 0.720419 -0.270444 0.211017 0.501935 0.838769 -0.740010 -0.478600 0.472575
52.568663 -124.417735 20706.467068 24867.300403 -0.548852 0.813867 -0.190741 0.213517 0.357106 0.909333 -0.808190 -0.458363 0.369773
45.074376 -83.683888 15089.841336 16610.824104 -0.612515 0.734931 -0.291035 0.252097 0.530582 0.809278 -0.749181 -0.422326 0.510263
24.436500 -71.209817 3896.028733 8528.971519 -0.568201 0.794975 -0.212515 0.361083 0.472932 0.803713 -0.739437 -0.379935 0.555772
-0.042146 -190.621352 -683.150907 12937.416125 0.954822 0.012348 0.296923 0.218971 0.646261 -0.731026 0.200917 -0.763017 -0.614360
0.451997 -176.143351 -247.379927 17431.022609 0.953459 0.009570 0.301372 0.164758 0.820555 -0.547306 0.252530 -0.571487 -0.780789
-2.346283 -190.465925 -1349.423203 12534.283245 0.957682 0.017773 0.287280 0.191889 0.704500 -0.683270 0.214532 -0.709482 -0.671276
-6.281597 -192.368575 -2393.440602 12003.133998 0.960221 0.030208 0.277603 0.160356 0.754222 -0.636738 0.228608 -0.655924 -0.719376
-7.021428 -195.299210 -2027.468523 -1495.083975 0.959408 0.031782 0.280224 0.221308 0.531054 -0.817927 0.174809 -0.846742 -0.502464
578.525805 -2763.409935 201773.078389 -916851.977631 0.327355 0.099932 0.939602 0.280468 0.939301 -0.197614 -0.902317 0.328218 0.279457
2089.894675 -5299.602534 1051030.877392 -4223165.137920 0.069398 0.291925 0.953920 -0.254151 0.929847 -0.266068 -0.964672 -0.223975 0.138723
830.877621 -4344.755450 626517.557219 1941784.859651 -0.211924 0.080246 0.973986 0.446715 0.894367 0.023512 -0.869214 0.440077 -0.225385
-316.062528 -12973.088288 1127316.382500 -9932955.878827 -0.578895 0.213691 0.786903 -0.187594 0.904260 -0.383566 -0.793529 -0.369663 -0.483384
222.640997 -2375.977018 67753.060803 -103797.512652 0.331769 0.271804 0.903356 0.868693 0.285359 -0.404898 -0.367833 0.919072 -0.141441
-202.099128 -1743.506681 -46508.948826 -484682.787714 0.239624 0.337681 0.910248 0.908989 0.251325 -0.332528 -0.341057 0.907087 -0.246725
-7.747978 -37.809517 1180.857550 4036.690569 0.801422 0.410672 -0.434823 0.532691 -0.820678 0.206706 0.271961 0.397285 0.876471
-10.963325 -34.338866 2891.429713 2345.575903 0.746441 0.483560 -0.457160 0.599174 -0.787271 0.145586 0.289509 0.382590 0.877388
-4.451120 -30.055635 1701.588885 4824.059242 0.800199 0.395837 -0.450549 0.501274 -0.853870 0.140107 0.329251 0.337962 0.881689
-4.474144 -37.676304 50.386204 5784.443904 0.831097 0.351544 -0.430924 0.472415 -0.855123 0.213514 0.293433 0.381026 0.876765
4.110220 -43.605931 -4925.940271 -191.774499 -0.223591 0.974109 0.033441 0.561169 0.100603 0.821565 -0.796929 -0.202461 0.569134
8.493061 -45.741612 309.633700 -897.418828 -0.258890 0.963982 -0.060941 0.458297 0.178130 0.870766 -0.850259 -0.197503 0.487907
8.809748 -43.265863 -4245.272246 -1096.233832 -0.196914 0.977914 0.070067 0.504743 0.039849 0.862350 -0.840512 -0.205175 0.501442
-20.473139 -38.703426 -1725.353695 -498.563058 0.462687 0.878350 0.120092 0.878049 -0.472724 0.074574 -0.122272 -0.070942 0.989958
-16.481906 -38.428959 -703.112834 -761.936434 0.454560 0.879074 0.143542 0.864097 -0.474315 0.168412 -0.216131 -0.047481 0.975209
-18.779742 -40.824162 563.846490 -549.533765 -0.553971 -0.817886 -0.155494 0.827750 -0.561093 0.002324 -0.089147 -0.127423 0.987834
-18.139033 -36.244213 -1748.680197 -605.581464 0.346799 0.933561 0.090517 0.905442 -0.358404 0.227422 -0.244754 -0.003088 0.969580
-22.272184 -40.032365 1603.295920 -354.719524 -0.580273 -0.805488 -0.120298 0.814356 -0.571985 -0.098273 0.010349 -0.154991 0.987862
-24.602052 -38.123372 2254.706487 -254.263313 -0.483436 -0.871196 -0.085479 0.875189 -0.483060 -0.026411 -0.018282 -0.087578 0.995990
-22.692557 -36.978444 -1785.059883 -550.917131 0.328055 0.942780 0.059540 0.932707 -0.333255 0.137836 -0.149792 -0.010316 0.988664
-23.926485 -55.149589 -4602.690205 252.937815 0.111638 0.993748 -0.001682 -0.810504 0.090073 -0.578766 0.574996 -0.065975 -0.815492
-25.198448 -53.521934 -3507.677836 1618.947908 0.092857 0.995660 -0.006275 -0.901700 0.081418 -0.424627 0.422273 -0.045087 -0.905347
-30.754969 -55.489557 -2093.042432 793.229264 0.113279 0.991236 0.067960 -0.820172 0.131898 -0.556705 0.560790 -0.007324 -0.827925
0.542744 -134.157764 571.460665 -10310.520694 0.286248 -0.956963 -0.047790 0.957271 0.283485 0.057178 -0.041170 -0.062115 0.997220
-1.564038 -134.501454 113.779546 -5833.495634 0.280483 -0.959241 -0.034439 0.959580 0.279357 0.034131 -0.023119 -0.042620 0.998824
0.260504 -123.149844 -631.580502 -9899.046993 -0.286242 0.956731 0.052262 0.936401 0.267768 0.226832 -0.203023 -0.113867 0.972531
3.910962 -116.538226 -1247.161720 -12231.013300 -0.268454 0.961524 0.058340 0.940178 0.248344 0.233216 -0.209755 -0.117457 0.970673
1.944656 -109.012473 -1180.190115 -6827.748705 -0.276426 0.959130 0.060492 0.892722 0.232960 0.385717 -0.355860 -0.160625 0.920632
-274.890167 -2500.983966 48719.360033 1554184.423942 0.713492 0.414116 0.565188 -0.066724 0.843139 -0.533539 -0.697479 0.342965 0.629204
-195.727485 -2050.640479 47941.636378 -1007284.787501 0.739442 0.382148 0.554246 -0.473618 0.880379 0.024858 -0.478447 -0.280882 0.831982
-283.759204 -4952.703455 -13211.129846 4665650.052735 0.812251 0.277624 0.513004 -0.136542 0.945533 -0.295505 -0.567102 0.169978 0.805917
-82.482997 -3671.247510 18095.011098 -1942742.370397 0.785300 0.427821 0.447519 -0.070863 -0.655973 0.751450 -0.615047 0.621826 0.484819
-82.327914 -2250.637432 9381.897740 1185191.156371 0.819855 0.268219 0.505862 0.052147 0.844842 -0.532468 -0.570192 0.462926 0.678662
-2.999999 -136.279381 98.806592 5413.311329 -0.764878 -0.394438 -0.509293 -0.022225 0.806301 -0.591087 0.643791 -0.440791 -0.625489
1.462161 -158.118783 3298.057621 -4867.103531 -0.766872 -0.479831 -0.426227 -0.141930 0.774460 -0.616497 0.625910 -0.412280 -0.662014
-11.387470 -121.274054 2873.624826 8880.988790 -0.741669 -0.494940 -0.452726 -0.253831 0.831840 -0.493570 0.620883 -0.251150 -0.742582
-10.299722 -118.541015 587.825686 21442.478158 -0.790906 -0.270325 -0.548992 -0.014513 0.905171 -0.424800 0.611766 -0.328009 -0.719828
-26.452595 -81.591865 3408.520247 9968.722611 -0.698103 -0.534811 -0.476057 -0.368067 0.838363 -0.402088 0.614149 -0.105478 -0.782110
-14.875361 -107.670010 2640.717349 -3308.032877 -0.632458 -0.683922 -0.363658 -0.545740 0.726608 -0.417383 0.549694 -0.065515 -0.832793
-4.064452 -77.765998 -8884.029005 -7986.693680 0.206901 0.962743 0.174118 -0.498047 0.256827 -0.828245 0.842105 -0.084646 -0.532629
-75.622181 -201.373557 74351.033432 -107115.077391 -0.397515 0.914258 -0.078197 -0.312019 -0.214820 -0.925471 0.862917 0.343490 -0.370660
2.224500 -98.662359 4083.918395 19729.238675 0.096229 0.975563 0.197527 -0.694478 0.207969 -0.688803 0.713050 0.070896 -0.697519
-3.422782 -111.845219 3688.673515 -48144.036650 0.263930 0.914354 0.307078 -0.234166 0.369584 -0.899208 0.935686 -0.165421 -0.311655
21.921576 -64.744356 -37562.409748 5293.192769 0.229918 0.969352 0.086571 -0.621043 0.214626 -0.753818 0.749295 -0.119552 -0.651355
28.360262 -65.647791 -41300.889794 -8680.290562 0.420012 0.808458 0.412293 -0.313105 0.555504 -0.770312 0.851795 -0.194450 -0.486451
-5.482620 -53.634523 -26398.950874 -2070.726849 0.237046 0.960326 0.146912 -0.545942 0.256763 -0.797508 0.803590 -0.108841 -0.585147
60.783308 -47.560309 -12219.023590 -7603.828753 0.888319 -0.336359 -0.312653 0.457143 0.582909 0.671742 0.043698 0.739648 -0.671574
62.379537 -52.199783 2406.701411 -8499.947572 0.865207 -0.480832 -0.142185 0.433030 0.573576 0.695339 0.252787 0.663183 -0.704476
49.799680 -75.660311 -9582.725188 -11759.467607 0.884397 -0.353914 -0.304280 0.450319 0.475648 0.755627 0.122697 0.805297 -0.580036
51.949425 -55.575132 -12052.921926 -9845.218773 0.889723 -0.247548 -0.383554 0.454141 0.565311 0.688607 -0.046364 0.786856 -0.615392
46.857102 -35.496426 -20290.891759 -5192.405700 0.899597 -0.227579 -0.372737 0.427705 0.631643 0.646603 -0.088283 0.741104 -0.665561
0.510763 -7.571027 -1057.334511 -3231.523127 0.598821 -0.763483 0.241880 0.800509 0.579813 -0.151663 -0.024453 0.284446 0.958380
9.293847 -0.196507 -4041.294972 2121.136965 0.941702 -0.321069 0.100562 -0.336364 -0.905173 0.259850 -0.007596 0.278526 0.960399
0.248046 -7.446432 881.589438 -4570.541429 0.220252 -0.931688 0.288871 0.974879 0.220318 -0.032719 -0.033159 0.288821 0.956809
-3.819612 -18.014599 1254.593860 -6815.686876 0.048812 -0.954319 0.294777 0.998413 0.054916 0.012459 -0.028077 0.293701 0.955485
-5.040251 -18.060348 228.719540 -5955.433398 0.279626 -0.915276 0.289964 0.959891 0.272947 -0.064109 -0.020468 0.296260 0.954888
19.302702 -47.750419 6443.003138 1200.747452 -0.507182 0.824302 -0.251579 -0.101234 -0.346869 -0.932434 0.855873 0.447446 -0.259373
4.977442 -47.978847 5652.432066 459.087395 -0.524076 0.808892 -0.266529 0.014260 -0.304570 -0.952383 0.851552 0.502922 -0.148082
6.067710 -46.655809 6077.749890 893.692363 -0.525965 0.815821 -0.240412 -0.110543 -0.345845 -0.931757 0.843292 0.463496 -0.272085
3.167725 -55.670473 -838.519810 -310.945544 0.124894 0.783609 0.608571 0.315449 0.550185 -0.773168 0.940688 -0.288537 0.178473
5.607267 -55.196069 -957.436536 -244.336039 0.121476 0.786982 0.604900 0.477775 0.487812 -0.730596 0.870043 -0.377755 0.316743
5.497900 -55.029807 -751.934749 -182.144374 0.118106 0.794332 0.595892 0.304393 0.542242 -0.783147 0.945196 -0.273879 0.177747
-32.752712 -124.691886 1024.027651 2866.201020 -0.113641 0.979673 0.165310 0.986605 0.091677 0.134931 0.117033 0.178429 -0.976968
-31.091178 -125.584847 -168.166614 -13997.894370 -0.081228 0.986785 0.140205 -0.903449 -0.013488 -0.428482 0.420929 0.161473 -0.892606
-31.787344 -128.729672 -2832.755625 -2046.949322 -0.114128 0.993290 0.018694 -0.988248 -0.111582 -0.104475 0.101688 0.030398 -0.994352
-29.573181 -120.022892 4322.528024 3248.470230 -0.123095 0.944565 0.304376 0.984160 0.076760 0.159803 0.127580 0.319225 -0.939052
-32.714536 -129.251224 2140.897107 9275.282052 -0.112691 0.973617 0.198419 -0.973241 -0.148401 0.175438 -0.200255 0.173339 -0.964288
26.082051 -41.662795 8143.136553 -4282.437342 -0.129796 0.864245 0.486038 0.384326 -0.408014 0.828141 -0.914028 -0.294287 0.279193
48.572869 -37.635698 8941.764309 -4231.686721 -0.286382 0.817235 0.500113 0.425080 -0.359417 0.830738 -0.858657 -0.450497 0.244460
34.122921 -37.017892 7796.584176 -894.729284 -0.207855 0.833761 0.511507 0.388569 -0.409517 0.825415 -0.897669 -0.370323 0.238853
16.476289 -37.588518 7151.990380 -2127.243513 -0.133190 0.865680 0.482554 0.280148 -0.434151 0.856172 -0.950672 -0.249220 0.184694
-35.267489 -53.592454 -3827.648484 -936.423112 -0.283504 0.520513 0.805414 0.341908 0.839542 -0.422218 -0.895949 0.155677 -0.415981
-26.376177 -51.313230 -3501.775357 986.908512 -0.243461 0.704901 0.666214 -0.369397 -0.702503 0.608305 -0.896812 0.097999 -0.431421
-29.293430 -53.246563 -2486.247944 -2784.912738 -0.230519 0.531774 0.814910 0.213046 0.844727 -0.490966 -0.949459 0.060436 -0.308018
-35.182405 -59.803006 -226.985763 -3017.807662 -0.256469 0.262421 0.930247 0.187565 0.957655 -0.218441 -0.948179 0.118458 -0.294830
-40.927372 -57.961643 -731.885311 331.275854 -0.335534 0.230924 0.913286 0.296776 0.946034 -0.130171 -0.894059 0.227365 -0.385959
-0.858068 -102.316529 1231.662550 364.256127 -0.820645 0.297887 0.487653 0.016805 0.865589 -0.500472 -0.571192 -0.402515 -0.715347
-3.221463 -109.600903 1929.722060 1268.814822 -0.815063 0.323008 0.480977 0.131446 0.911615 -0.389462 -0.564265 -0.254214 -0.785481
-3.599901 -110.835060 1541.379932 1194.166184 -0.819346 0.288917 0.495175 0.002841 0.865766 -0.500442 -0.573292 -0.408628 -0.710183
-5.141051 -100.849278 -280.080347 -7146.957026 0.226177 0.972618 0.053465 -0.239522 0.108733 -0.964783 0.944179 -0.205406 -0.257556
-4.861380 -92.867389 -275.015075 -3836.509196 0.252470 0.961978 0.104200 -0.010205 0.110329 -0.993843 0.967551 -0.249852 -0.037672
-4.273018 -106.442343 -306.525698 -8081.894393 0.246138 0.967305 0.061128 -0.238014 0.121461 -0.963637 0.939556 -0.222639 -0.260129
693.852047 -19.828177 661275.717121 2004.670858 -0.508501 0.811802 0.287061 0.157393 -0.240132 0.957896 -0.846554 -0.532273 0.005664
97.023894 -31.306095 64236.565858 3350.824237 -0.399313 0.797316 0.452589 0.220709 -0.395536 0.891537 -0.889852 -0.455893 0.018032
434.651774 -32.807934 334285.701610 -2738.937117 -0.479797 0.804720 0.349600 0.205824 -0.284106 0.936440 -0.852896 -0.521258 0.029318
-6.106194 -132.409972 15.942851 -1582.493638 -0.844124 0.313962 0.434606 0.032764 0.839301 -0.542679 -0.535146 -0.443849 -0.718761
-10.741288 -138.010251 2614.029831 -1791.979637 -0.843300 0.338805 0.417200 0.063397 0.833559 -0.548780 -0.533691 -0.436337 -0.724420
-4.330112 -130.304991 -421.182078 -2649.997462 0.842290 -0.293917 -0.451841 -0.092458 0.747054 -0.658303 -0.531035 -0.596258 -0.602061
-2.869760 -124.473430 878.904806 -3971.843946 0.841018 -0.270897 -0.468298 -0.116158 0.755000 -0.645355 -0.528390 -0.597151 -0.603502
-2.689850 -128.576979 -1138.927604 -1868.884509 0.835618 -0.277135 -0.474278 -0.211667 0.634283 -0.743560 -0.506893 -0.721721 -0.471358
-0.833484 -121.684214 507.709740 -3845.691893 0.833602 -0.252787 -0.491129 -0.234312 0.643346 -0.728837 -0.500206 -0.722637 -0.477064
-21.417103 -204.150478 3893.073210 7174.604020 0.982232 -0.143750 -0.120647 -0.037229 0.480840 -0.876017 -0.183940 -0.864944 -0.466945
-14.063247 -200.578139 3580.425211 5933.353115 0.988575 -0.108849 -0.104263 -0.048887 0.422793 -0.904907 -0.142580 -0.899666 -0.412641
-18.719598 -204.269737 2987.674636 -4295.046801 0.984712 -0.139764 -0.103959 -0.073670 0.206655 -0.975637 -0.157842 -0.968380 -0.193199
-22.619901 -208.331761 1889.106579 -2232.254695 0.974953 -0.172412 -0.140503 -0.090449 0.269774 -0.958666 -0.203190 -0.947362 -0.247423
-17.035357 -189.717159 966.165662 -19866.480220 0.976544 -0.164965 -0.138378 -0.143483 -0.019380 -0.989463 -0.160545 -0.986109 0.042596
-14.604860 -186.664355 1508.878153 -18166.527045 0.984683 -0.140469 -0.103288 -0.115256 -0.079901 -0.990117 -0.130828 -0.986856 0.094867
-0.152701 -181.959989 -584.350862 27853.790901 0.929652 -0.249829 -0.270799 0.334289 0.262916 0.905056 0.154912 0.931912 -0.327936
-2.988186 -192.543891 -663.143020 29198.353260 0.930096 -0.252765 -0.266517 0.343603 0.342234 0.874536 0.129841 0.904978 -0.405161
-0.205724 -211.790505 -544.095506 32607.481669 0.934127 -0.242121 -0.262268 0.349523 0.471451 0.809671 0.072392 0.848004 -0.525022
-2.197693 -167.782519 -673.905195 20067.162937 0.932884 -0.248869 -0.260367 0.302973 0.151313 0.940910 0.194767 0.956644 -0.216558
3.011134 -205.684053 -784.971717 39566.014798 0.933886 -0.243776 -0.261592 0.343362 0.407197 0.846341 0.099798 0.880207 -0.463979
3.657313 -176.327287 -1232.900420 26074.981001 0.928239 -0.249033 -0.276326 0.329302 0.204620 0.921787 0.173014 0.946633 -0.271943
0.660695 -163.282887 -667.610278 19096.206108 0.927732 -0.249724 -0.277402 0.303203 0.070791 0.950293 0.217673 0.965726 -0.141392
15.689041 -396.065380 19021.676661 -66662.524594 -0.649620 0.684033 0.331803 -0.233942 -0.595112 0.768838 -0.723371 -0.421830 -0.546621
39.422631 -389.834346 22574.110690 75366.922686 -0.665339 0.673374 0.322322 0.089987 -0.356267 0.930041 -0.741098 -0.647797 -0.176444
37.111760 -376.713062 17158.893413 -60355.953127 -0.678718 0.667404 0.306452 -0.235140 -0.592804 0.770254 -0.695737 -0.450726 -0.559281
19.864927 -393.502792 15151.236976 99112.141434 -0.666635 0.684103 0.295973 0.462942 0.691200 -0.554912 -0.584194 -0.232905 -0.777478
34.566944 -385.997076 14554.789784 64417.392252 -0.695075 0.655354 0.295604 0.396148 0.692244 -0.603212 -0.599947 -0.302175 -0.740779
49.222652 -2042.836441 -63133.690987 1000497.698326 0.875519 -0.426749 -0.226610 -0.476798 -0.839039 -0.262063 0.078299 -0.337488 0.938068
-20.754550 -2220.373813 -16893.433737 -721467.417759 0.867967 -0.420662 -0.263965 -0.466406 -0.873046 -0.142322 0.170584 -0.246646 0.953974
12.390859 -3947.306615 -19766.274740 -832439.563556 0.857512 -0.447242 -0.254260 -0.460701 -0.447598 -0.766427 -0.228972 -0.774358 0.589865
40.662048 -7084.980125 -162068.744165 26461091.538665 0.898616 -0.400963 -0.178094 -0.262166 -0.165253 -0.950768 -0.351792 -0.901066 0.253618
-343.138572 -11619.852657 -41036.246853 10515552.729126 0.925227 -0.379078 -0.015951 -0.290117 -0.679755 -0.673621 -0.244512 -0.627880 0.738905
-55.774905 -4700.511576 -10529.828637 -2881144.637707 0.915704 -0.363608 0.171102 0.373260 0.611857 -0.697358 -0.148875 -0.702439 -0.695999
-1132.568443 -18486.325219 -359175.388608 3864991.768953 0.940012 -0.341035 0.008564 0.204021 0.541878 -0.815318 -0.273411 -0.768156 -0.578950
51.322927 -31944.182854 92094.464081 -6430341.701899 0.954683 -0.292153 -0.056812 -0.265761 -0.750863 -0.604629 -0.133986 -0.592328 0.794478
16.537849 -23.278860 2374.983689 -13982.705750 -0.038509 0.991832 -0.121598 0.980090 0.061210 0.188883 -0.194784 0.111904 0.974442
22.415192 -24.164117 2663.428641 -13083.443511 -0.153868 0.984530 -0.083816 0.970598 0.166490 0.173840 -0.185105 0.054603 0.981201
24.014897 17.673790 7366.636923 -19347.477395 -0.402509 0.890621 -0.211615 0.876502 0.441644 0.191559 -0.264065 0.108377 0.958397
20.602390 15.360931 -3307.721043 -17513.322047 0.477232 0.878643 -0.015352 0.842530 -0.452512 0.292192 -0.249786 0.152378 0.956236
14.963373 -23.581321 317.221130 -12842.354422 0.070668 0.989122 -0.129010 0.981138 -0.045596 0.187857 -0.179931 0.139852 0.973687
56.236020 -27.140755 11370.531318 3667.853380 -0.007291 0.951542 -0.307432 -0.722965 -0.217415 -0.655784 0.690846 -0.217481 -0.689517
45.934041 -23.831662 15845.711569 1959.800026 -0.048566 0.980909 -0.188304 -0.736463 -0.162522 -0.656665 0.674732 -0.106787 -0.730296
67.069208 -24.634137 16915.179671 1707.717614 -0.005961 0.962931 -0.269681 -0.749025 -0.182974 -0.636775 0.662515 -0.198202 -0.722350
-2118.742961 -3339.675365 -773819.944766 2697442.030127 0.185063 0.687715 -0.701997 0.982336 -0.109307 0.151884 0.027720 -0.717705 -0.695795
-1898.674928 -5294.255676 -746461.517433 5875321.117362 0.103350 0.822542 -0.559235 -0.851871 0.363440 0.377130 -0.513454 -0.437419 -0.738261
-2216.716677 -2646.926843 155801.017373 2274056.381753 0.371076 0.875733 -0.308860 0.919387 -0.299732 0.254733 0.130503 -0.378487 -0.916360
-1404.385597 -8005.195220 1039575.340550 9409664.863189 0.778229 -0.001479 0.627979 0.371262 0.807606 -0.458189 0.506482 -0.589721 -0.629052
-1836.444009 -4050.535914 -315889.396490 1822460.937465 -0.833185 -0.461875 -0.304096 -0.380084 0.877732 -0.291757 0.401670 -0.127506 -0.906865
-3061.649174 -3538.769367 2971058.272830 3553195.445437 -0.042912 0.966043 0.254793 0.995246 0.063652 -0.073719 -0.087434 0.250419 -0.964181
-19.782930 -1495.987995 -6289.616120 -602933.177648 -0.018007 -0.255680 -0.966594 0.848387 0.507654 -0.150088 0.529070 -0.822749 0.207774
-33.181899 -880.420974 -2532.612054 -295577.950574 -0.025987 -0.188863 -0.981660 0.899034 0.424965 -0.105559 0.437108 -0.885288 0.158751
-62.622234 -1002.637546 2722.302431 272660.371095 -0.115237 -0.226069 -0.967271 0.466395 0.847437 -0.253626 0.877039 -0.480357 0.007781
4.598642 -36.114931 -2993.084545 9211.727938 -0.265391 -0.198244 -0.943540 0.815162 -0.568733 -0.109787 -0.514858 -0.798274 0.312538
4.726056 -67.252764 -5056.303425 29926.512460 -0.275842 -0.231472 -0.932916 0.819943 -0.563155 -0.102711 -0.501601 -0.793270 0.345135
-4.985219 -31.532491 -2962.464456 6705.866177 -0.496643 -0.035565 -0.867226 0.717726 -0.578681 -0.387296 -0.488073 -0.814778 0.312924
15.508323 -66.490966 -3027.338582 22793.158662 -0.183434 -0.244953 -0.952024 0.806362 -0.591414 -0.003199 -0.562257 -0.768262 0.306007
-9.766484 -35.231089 -3590.283340 -10909.415720 -0.237409 -0.202259 -0.950120 0.821279 -0.564141 -0.085122 -0.518785 -0.800522 0.300043
0.851389 -36.814997 -3014.140006 -9532.001486 -0.050362 -0.313455 -0.948267 0.847252 -0.516126 0.125611 -0.528798 -0.797095 0.291568
12.817583 -44.826983 -1834.059733 5695.229616 -0.087936 -0.264253 -0.960436 0.826938 -0.556925 0.077518 -0.555375 -0.787404 0.267494
-44.534805 -103.693776 -796.619811 21661.349353 0.162741 0.915888 -0.366966 0.096150 0.355433 0.929743 -0.981973 0.186591 0.030219
-57.638541 -81.895532 -1688.271584 4844.830674 0.305865 0.936226 -0.172994 -0.063483 0.201353 0.977459 -0.949956 0.287989 -0.121021
-50.623400 -98.025400 1799.750454 8833.717049 0.255884 0.863762 -0.434094 -0.057183 0.461782 0.885148 -0.965015 0.201673 -0.167555
-47.210052 -70.272603 734.732328 4959.326682 0.360878 0.882326 0.302108 -0.103459 -0.284062 0.953208 -0.926857 0.375247 0.011227
66.560434 -82.521404 -5304.209794 -7457.179232 0.060056 0.992218 -0.109069 0.950258 -0.023375 0.310585 -0.305619 0.122296 0.944267
72.174623 -89.664588 5807.650666 -4191.276145 -0.088146 -0.980134 0.177673 0.977521 -0.050818 0.204623 -0.191529 0.191715 0.962581
67.426535 -93.524325 -3279.582142 -9123.594228 0.077211 0.994892 -0.065019 0.989762 -0.068634 0.125142 -0.120040 0.074016 0.990006
70.051322 -93.092930 4874.244912 -2474.567101 -0.096486 -0.980199 0.172919 0.993385 -0.083965 0.078334 -0.062264 0.179334 0.981816
-3.070923 -36.461931 -27771.956020 2566.130764 0.708312 0.324791 0.626741 -0.412250 0.911049 -0.006221 -0.573013 -0.253968 0.779203
153.793869 -56.692105 -106329.475565 5702.116434 0.743320 0.068707 0.665398 -0.207776 0.969225 0.132028 -0.635849 -0.236392 0.734721
141.527547 -69.949407 -86644.408920 2152.916770 0.683691 0.357696 0.636097 -0.377893 0.919204 -0.110728 -0.624310 -0.164673 0.763623
84.416667 -57.037668 -76583.543172 -3182.897421 0.468016 0.645163 0.603926 -0.566601 0.743509 -0.355187 -0.678178 -0.175952 0.713524
12.320634 -44.428401 251.509810 -5631.710028 -0.113433 0.834490 0.539221 -0.884636 -0.331885 0.327523 -0.452274 0.439863 -0.775866
15.039958 -54.666002 -317.294164 -7229.053156 -0.119434 0.845169 0.520984 -0.845192 -0.361883 0.393308 -0.520947 0.393357 -0.757552
16.114748 -61.211489 -709.185786 -6610.243113 -0.183456 0.840782 0.509343 -0.823274 -0.414549 0.387774 -0.537181 0.348189 -0.768245
-19.557786 -40.888014 5211.522149 -595.588862 0.022738 0.941403 0.336516 0.408501 -0.315970 0.856324 -0.912475 -0.117996 0.391749
-15.905827 -42.373612 6392.855115 -875.085792 0.018524 0.960920 0.276204 0.475085 -0.251532 0.843223 -0.879745 -0.115600 0.461179
-7.058950 -40.431640 6987.831517 -50.521567 0.008198 0.971800 0.235663 0.391947 -0.219935 0.893312 -0.919951 -0.085044 0.382697
-22.584671 -42.810149 3169.564939 -1342.163244 0.007892 0.940638 0.339321 0.498964 -0.297774 0.813859 -0.866587 -0.162886 0.471694
-23.145094 -40.962376 1531.346407 -916.110167 -0.017794 0.927766 0.372737 0.430808 -0.329301 0.840217 -0.902268 -0.175529 0.393830
20.620860 -48.782269 -2199.809444 395.329485 -0.011717 -0.974826 -0.222661 0.997595 0.003819 -0.069213 0.068321 -0.222936 0.972436
21.531002 -48.667036 -1794.728536 147.757156 -0.105966 -0.955838 -0.274127 0.993755 -0.092102 -0.062998 0.034968 -0.279090 0.959628
2.680666 -50.906638 1.702239 113.164783 0.043250 0.989668 -0.136699 -0.658363 -0.074684 -0.748986 0.751457 -0.122391 -0.648331
2.003567 -50.880409 -231.857815 -468.446050 0.051467 0.987419 -0.149513 -0.750529 -0.060523 -0.658061 0.658831 -0.146083 -0.737971
7.265211 -106.043800 -7544.314752 5697.010819 -0.303444 0.760157 -0.574529 0.943122 0.153672 -0.294798 -0.135803 -0.631306 -0.763551
0.245098 -55.706074 -541.215943 3500.845788 -0.058410 0.967506 -0.246007 -0.700890 -0.215223 -0.680024 0.710874 -0.132704 -0.690687
-9.813650 -45.459530 -522.353643 -486.704242 -0.098733 0.989637 0.104261 0.107533 -0.093549 0.989790 -0.989287 -0.108937 0.097182
-11.226396 -44.186299 -352.013250 252.998905 -0.043673 0.996145 0.076076 0.228326 -0.064181 0.971467 -0.972605 -0.059797 0.224643
-11.711351 -42.848334 -288.710677 678.537205 -0.010163 0.993386 0.114369 0.404873 -0.100493 0.908834 -0.914316 -0.055542 0.401174
-10.701069 -45.116978 -575.711357 -194.487003 -0.036169 0.983994 0.174490 0.512350 -0.131652 0.848625 -0.858015 -0.120094 0.499388
46.390047 -41.496182 1531.412301 -3682.681613 0.983071 -0.178399 -0.041765 0.146713 0.629912 0.762683 0.109754 0.755899 -0.645422
44.390535 -50.684027 18425.241709 -5811.965652 0.970716 -0.237244 0.037764 0.120889 0.618255 0.776625 0.207597 0.749317 -0.628830
54.262460 -53.911087 536.618434 -6976.293267 0.991440 -0.112993 0.065411 0.006893 0.545603 0.838016 0.130378 0.830392 -0.541712
54.509569 -47.018684 -3523.471971 -5324.079669 0.998110 -0.059396 0.015790 0.019316 0.547065 0.836867 0.058344 0.834980 -0.547178
54.521057 -62.890881 -1674.676331 -8076.682897 0.996427 -0.011573 0.083664 -0.070306 0.435275 0.897548 0.046804 0.900223 -0.432906
54.260830 -70.666531 1870.568488 -8482.045896 0.991030 -0.042312 0.126766 -0.099523 0.399397 0.911360 0.089191 0.915801 -0.391603
-2.656190 -82.237221 -666.928420 -279.520374 -0.843047 -0.155715 -0.514806 0.056534 0.926214 -0.372736 0.534861 -0.343338 -0.772038
-3.572773 -74.559552 -210.919536 -1565.431846 -0.839097 -0.129540 -0.528333 0.153871 0.875048 -0.458928 0.521766 -0.466380 -0.714317
-3.851393 -84.132394 -568.748439 821.555259 -0.833982 -0.099229 -0.542796 0.183256 0.878055 -0.442082 0.520473 -0.468159 -0.714098
-4.588849 -112.135742 -317.436300 8882.143391 -0.313300 0.926806 -0.207058 -0.013270 0.213741 0.976800 -0.949561 -0.308779 0.054667
-4.762709 -99.059083 -371.696415 6761.446634 -0.326424 0.932064 -0.157177 0.234333 0.240893 0.941838 -0.915716 -0.270607 0.297046
-6.129315 -95.983051 -455.173772 5878.484282 -0.314045 0.932085 -0.180535 0.229025 0.258914 0.938356 -0.921371 -0.253339 0.294781
5.066368 -117.269774 2606.358740 -10100.813479 0.792622 0.036387 0.608627 0.605772 0.066321 -0.792869 0.069215 -0.997135 -0.030526
2.828392 -135.686016 -1132.234140 -27371.294174 0.833086 0.035888 0.551978 0.543457 0.132835 -0.828861 0.103068 -0.990488 -0.091159
-3.454582 -150.015930 -99.946497 -16725.998469 0.834597 0.047621 0.548799 0.501645 0.345917 -0.792902 0.227598 -0.937056 -0.264812
0.179066 -138.148959 -761.573892 -3253.937649 0.835064 -0.020544 0.549769 0.414536 -0.633503 -0.653325 -0.361702 -0.773467 0.520499
-2.045972 -133.653793 -723.849107 -3198.976995 0.837086 -0.024714 0.546512 0.412545 -0.627575 -0.660270 -0.359295 -0.778164 0.515139
-1.733106 -130.638706 -897.469295 -7402.122940 0.828489 -0.012135 0.559874 0.352548 -0.765481 -0.538284 -0.435105 -0.643344 0.629914
-7.292902 -27.256962 -7621.532659 1352.863121 -0.216264 0.971764 -0.094367 0.970311 0.203203 -0.131169 -0.108290 -0.119933 -0.986858
-12.444978 -25.842892 -14009.878934 3288.469963 -0.141665 0.983877 -0.109163 0.988444 0.134583 -0.069757 -0.053941 -0.117783 -0.991573
-2.997286 -25.563878 901.381682 283.059261 -0.117194 0.990772 -0.068087 0.991883 0.113368 -0.057585 -0.049334 -0.074283 -0.996016
-6.339964 -26.394936 5906.030001 -1546.577269 -0.144964 0.988374 -0.045843 -0.983490 -0.138865 0.116033 -0.108318 -0.061907 -0.992187
-9.328686 -25.424230 12396.877600 74.174390 -0.120681 0.992151 -0.032760 -0.990424 -0.118111 0.071480 -0.067050 -0.041073 -0.996904
-10.208103 -27.116500 10702.688098 -1818.412953 -0.076282 0.996347 -0.038390 0.996957 0.075597 -0.018998 -0.016026 -0.039722 -0.999082
-2.826661 -23.792648 -6247.067993 -2446.164461 -0.159468 0.984201 -0.076931 0.986516 0.155966 -0.049598 -0.036816 -0.083803 -0.995802
-1.518859 -27.049732 432.555822 -2396.208958 -0.127329 0.989296 -0.071276 0.991820 0.126349 -0.018118 -0.008919 -0.073000 -0.997292
60.165336 -96.457374 13573.433646 36141.105798 -0.688744 0.656113 -0.308460 0.184954 0.570389 0.800280 -0.701017 -0.494137 0.514203
77.026056 -125.686885 4981.153276 39218.315395 -0.770676 0.572261 -0.280313 0.114435 0.557033 0.822568 -0.626867 -0.601857 0.494779
1810.788916 -3276.531743 1137213.584003 -797070.659004 0.342477 0.234708 0.909737 -0.561839 0.827245 -0.001917 -0.753025 -0.510469 0.415180
68.835372 -677.868186 19705.430573 341039.560292 0.104005 -0.153361 0.982682 -0.623009 0.760128 0.184567 -0.775269 -0.631416 -0.016488
151.809906 41.636322 76473.017605 -3193.846024 0.544505 0.507289 -0.667961 0.828361 -0.200243 0.523183 0.131650 -0.838189 -0.529252
145.548245 32.701915 73898.945715 -15610.691060 0.563252 0.497829 -0.659479 0.823412 -0.271676 0.498182 0.068845 -0.823625 -0.562941
81.639641 10.510265 56075.193655 35036.615125 0.776712 0.480831 -0.406841 -0.612388 0.425434 -0.666323 0.147305 -0.766686 -0.624895
230.764261 -1203.494002 124374.922666 -186027.930780 0.955312 0.224662 0.192109 -0.162887 0.942412 -0.292107 0.246672 -0.247762 -0.936892
5183.371076 -31247.642774 -2105086.789131 -37619559.406013 -0.972531 -0.034802 0.230158 -0.031968 0.999360 0.016031 -0.230568 0.008233 -0.973021
-56.271573 -632.118373 34169.423847 -319633.419114 0.999501 -0.028618 -0.013375 0.009606 0.678703 -0.734350 -0.030093 -0.733855 -0.678640
441.654688 -10795.717550 -763116.590143 -3449709.541195 0.987543 -0.055294 0.147314 0.157349 0.348134 -0.924145 0.000185 -0.935813 -0.352498
-0.744950 -42.975871 1405.900762 1398.010170 -0.284724 0.951903 -0.113194 0.540729 0.256985 0.800981 -0.791545 -0.166852 0.587891
-16.903233 -41.118837 632.293703 -844.544969 0.535387 0.824306 0.184069 0.824377 -0.557415 0.098441 -0.183748 -0.099038 0.977971
-14.586310 -37.886116 374.960177 -1063.297759 0.426341 0.890258 0.160229 0.850233 -0.454861 0.264961 -0.308766 -0.023268 0.950854
-14.152952 -35.114766 -1448.345170 -814.055875 0.325548 0.939241 0.108834 0.883004 -0.343162 0.320224 -0.338115 0.008148 0.941070
-28.059908 -55.453043 1310.871722 459.431874 0.185447 0.966129 0.179454 -0.709555 0.257995 -0.655721 0.679810 0.005731 -0.733366
-5.698520 -52.963003 19312.819362 -516.870104 0.167090 0.954514 0.246949 -0.614797 0.296681 -0.730756 0.770782 0.029721 -0.636405
-26.202141 -50.135616 -5556.432253 -3508.009958 0.212845 0.959045 0.186897 -0.587153 0.278433 -0.760083 0.780992 -0.052042 -0.622369
-416.927776 -2190.599651 237838.010078 -702157.365015 0.724920 0.375935 0.577204 -0.465296 0.885120 0.007891 -0.507928 -0.274291 0.816562
-267.622784 -11477.087390 -175348.295227 7202460.493764 -0.600833 -0.476009 -0.642195 0.791823 -0.464568 -0.396475 -0.109618 -0.746720 0.656043
-85.457351 -1545.884010 65045.538933 1044130.819915 0.835127 0.269773 0.479360 0.490443 -0.759780 -0.426849 -0.249056 -0.591571 0.766821
6.782125 -156.491487 670.372884 -7737.771140 -0.774107 -0.404305 -0.487130 0.076669 0.703953 -0.706097 0.628395 -0.583942 -0.513937
12.920830 -40.654408 4812.801679 -2432.697881 0.158480 0.986338 0.044971 -0.797688 0.101061 0.594543 -0.581875 0.130096 -0.802805
13.797273 -37.967073 5136.828913 -1333.632942 0.213364 0.976678 0.023995 -0.845409 0.172266 0.505576 -0.489651 0.128158 -0.862448
-0.670689 -46.101214 1619.357229 -1454.406858 0.023445 0.993331 0.112892 -0.766360 -0.054657 0.640082 -0.641983 0.101523 -0.759968
3.746903 -47.022801 3141.348308 -2203.622100 0.065841 0.993014 0.097916 -0.706791 -0.022856 0.707053 -0.704352 0.115759 -0.700349
-10.226848 -62.043118 -13444.300935 -11616.137468 -0.063107 0.996345 -0.057565 -0.922554 -0.080240 -0.377432 0.380672 -0.029289 -0.924246
-18.545035 -40.996619 -6810.732076 -4194.707572 0.215202 0.974183 0.068227 -0.881848 0.223869 -0.415002 0.419562 -0.029143 -0.907259
-3.014626 -40.462276 -7183.601730 -4127.534581 0.145771 0.988270 0.045536 -0.877053 0.150389 -0.456247 0.457743 -0.026570 -0.888687
-16.178941 -34.391000 -6411.620327 -3399.985342 0.488773 0.850250 0.195385 -0.736166 0.522144 -0.430610 0.468145 -0.066635 -0.881135
6.216749 -61.869928 -4848.576093 -7184.398038 0.000527 0.999978 -0.006644 -0.933262 -0.001895 -0.359192 0.359197 -0.006390 -0.933240
-2.772008 -29.237751 -3921.605994 -2466.389364 0.421284 0.888031 0.184174 -0.745766 0.454764 -0.486849 0.516093 -0.067751 -0.853849
6.519203 -33.347472 1836.915144 -1593.257740 0.315412 0.931813 0.179555 -0.794468 0.362773 -0.487048 0.518976 -0.010970 -0.854719
