16152
32291
-65.804780 -101.369441 4845.703009 -21618.223230 0.430232 0.853143 -0.295038 0.434442 0.090812 0.896110 -0.791303 0.513712 0.331571
-78.689896 -118.594772 471.922124 -16100.373883 0.394995 0.882402 -0.255626 0.534521 0.005559 0.845137 -0.747172 0.470463 0.469467
-72.929258 -133.726736 6797.180142 -34851.864113 0.238830 0.793870 -0.559224 0.631987 0.310161 0.710207 -0.737261 0.523040 0.427639
-59.584547 -91.086087 7072.092737 -14274.744879 0.512396 0.855672 0.072635 0.245023 -0.226742 0.942630 -0.823052 0.465202 0.325841
-54.454091 -114.308143 17766.621668 -37522.997153 0.338148 0.748744 -0.570121 0.512949 0.361270 0.778696 -0.789012 0.555757 0.261905
-51.893062 -78.809608 12546.518130 -18409.438861 0.481766 0.841046 -0.246055 0.311195 0.098283 0.945250 -0.819182 0.531960 0.214380
130.085190 -187.643824 39075.934677 -24245.023269 0.249876 -0.475412 0.843532 -0.624434 0.586692 0.515631 -0.740030 -0.655573 -0.150263
139.829369 -174.727457 -23767.981445 -34035.479591 -0.089403 0.540018 -0.836892 -0.734131 0.532119 0.421784 -0.673097 -0.652096 -0.348871
159.804917 -194.966329 15620.208680 -13024.750415 0.085801 -0.553757 0.828246 -0.567222 0.656283 0.497545 -0.819083 -0.512489 -0.257794
144.761147 -194.421119 41255.123442 13310.208988 0.316336 -0.469766 0.824167 -0.384042 0.730990 0.564061 -0.867435 -0.494948 0.050828
-61.332277 -114.050900 6306.395181 12161.719468 0.544540 0.829687 -0.122868 -0.745818 0.546008 0.381615 -0.383708 0.116168 -0.916119
-59.362664 -121.436985 6603.027731 7217.679069 0.579829 0.808471 -0.100861 -0.773656 0.585171 0.242965 -0.255451 0.062846 -0.964777
-64.916956 -123.921105 5988.883943 7949.968742 0.560632 0.805974 -0.189991 -0.772644 0.591682 0.230072 -0.297846 -0.017809 -0.954448
-61.443082 -125.736955 4782.765865 3084.631106 0.589845 0.794568 -0.144030 -0.787400 0.605492 0.115676 -0.179121 -0.045178 -0.982789
-69.205216 -118.690040 9061.633968 12183.065872 0.521926 0.829163 -0.200204 -0.747201 0.557636 0.361569 -0.411441 0.039120 -0.910596
-66.876619 -129.912574 4464.728516 2383.006206 0.575885 0.784309 -0.230687 0.802399 -0.596296 -0.024237 -0.156568 -0.171145 -0.972726
18.266589 -86.972406 768.861085 14249.032862 0.494902 0.815298 0.300603 0.488090 -0.547032 0.680091 -0.718916 0.189857 0.668666
24.517137 -102.991432 1470.770691 13616.802767 0.506170 0.811337 0.292445 0.399117 -0.520964 0.754521 -0.764524 0.265197 0.587514
19.468894 -97.757136 2941.365519 15031.718875 0.552407 0.769314 0.320940 0.407657 -0.585160 0.701002 -0.727092 0.256405 0.636863
46.201667 -164.421197 2103.347872 -12188.156002 0.794741 -0.515814 0.319879 0.061004 -0.456475 -0.887643 -0.603875 -0.724960 0.331312
52.535523 -165.960746 4119.276274 21965.568952 0.758372 -0.504797 0.412372 -0.063458 0.572463 0.817471 -0.648725 -0.646116 0.402107
61.227253 -153.341021 9443.490741 -14551.525837 0.817665 -0.492471 0.298154 -0.033744 -0.558012 -0.829147 -0.574704 -0.667903 0.472885
56.484364 -144.500581 12382.365751 -9360.181279 0.830398 -0.489902 0.265397 -0.091627 -0.589917 -0.802248 -0.549585 -0.641868 0.534754
41.482412 -162.520897 6160.022324 -6813.118518 0.826344 -0.504095 0.251088 -0.018174 -0.469488 -0.882752 -0.562873 -0.724893 0.397120
4.762768 -83.221132 14230.630283 3404.257694 0.499053 0.763695 -0.409532 0.450401 0.175152 0.875477 -0.740328 0.621363 0.256559
15.772151 -76.017787 10070.882887 722.756628 0.451743 0.779621 -0.433727 0.556827 0.133453 0.819838 -0.697045 0.611867 0.373827
19.903695 -81.047332 5048.712611 1277.735046 0.460798 0.800541 -0.383144 0.505102 0.118419 0.854897 -0.729751 0.587462 0.349787
9.919603 -87.069631 -2778.233262 1796.977928 0.469894 0.818420 -0.330739 0.389623 0.143910 0.909661 -0.792081 0.556308 0.251253
2.755548 -87.073982 6787.100598 1610.014971 0.513178 0.794000 -0.325902 0.274195 0.208150 0.938877 -0.813305 0.571172 0.110893
-2.110537 -81.891274 14683.177932 645.575417 0.523784 0.769970 -0.364413 0.326123 0.213948 0.920799 -0.786953 0.601143 0.139043
-8.715185 -102.222559 -1600.874625 -11211.190381 0.645717 0.734998 -0.206950 -0.149362 -0.144211 -0.978210 0.748826 -0.662557 -0.016661
-2.670180 -103.188409 -8805.074928 -2438.159650 0.677925 0.716111 -0.166140 -0.242940 0.004936 -0.970029 0.693828 -0.697969 -0.177318
-9.424835 -104.294482 2778.781437 -7544.524550 0.618920 0.746599 -0.243983 -0.210553 -0.141554 -0.967280 0.756707 -0.650040 -0.069588
-12.417662 -95.632314 2442.954402 -8920.256324 0.625167 0.738123 -0.253656 -0.124899 -0.226194 -0.966042 0.770433 -0.635619 0.049218
-12.140482 -95.434249 1063.049071 -8297.226906 0.621051 0.734171 -0.274387 -0.117374 -0.259017 -0.958714 0.774931 -0.627617 0.074690
-9.014095 -103.504614 -577.646668 -6043.473234 0.624242 0.735750 -0.262668 -0.215394 -0.161102 -0.963147 0.750951 -0.657814 -0.057909
-6.049406 -105.012093 3627.464219 -519.225121 0.616714 0.750653 -0.237032 -0.330395 -0.026475 -0.943471 0.714495 -0.660166 -0.231684
-3.270096 -118.566347 -3385.920925 4323.843101 -0.736257 -0.665053 0.125024 -0.644266 0.745412 0.171120 -0.206998 0.045440 -0.977286
2.133537 -122.136930 -4951.523915 1979.534559 -0.747712 -0.653423 0.118176 -0.622057 0.751540 0.219621 -0.232320 0.090701 -0.968401
1.721531 -122.809422 -5420.857054 4976.682789 -0.724492 -0.679205 0.117440 -0.677280 0.733125 0.061810 -0.128080 -0.034759 -0.991155
23.307542 -182.642689 1135.896388 22195.468152 0.622169 0.667451 -0.409164 -0.296221 0.684483 0.666136 0.724678 -0.293246 0.623577
28.570747 -198.235677 3891.642414 -18544.428105 0.594209 0.676546 -0.434972 0.157248 -0.628083 -0.762092 0.788789 -0.384444 0.479599
30.204367 -193.461134 5210.178459 -3300.798428 0.624129 0.645655 -0.439991 0.113245 -0.631945 -0.766695 0.773071 -0.428690 0.467532
21.631122 -178.747978 827.315141 -41205.010431 0.590357 0.694579 -0.411143 0.380788 -0.688805 -0.616886 0.711673 -0.207625 0.671128
26.360522 -184.524343 1826.590835 1533.280587 0.660274 0.627317 -0.412929 -0.228380 0.691494 0.685331 0.715458 -0.358202 0.599842
19.585850 -169.803399 -41.601504 17102.544354 0.640408 0.656642 -0.398370 -0.396925 0.727014 0.560268 0.657516 -0.200678 0.726224
17.875429 -163.261941 -2618.367226 27314.275988 0.627744 0.668697 -0.398476 -0.434789 0.725812 0.533062 0.645675 -0.161373 0.746366
7.957794 -272.292250 -2055.125957 7837.930529 0.597016 0.765033 -0.241446 0.042100 -0.330432 -0.942890 0.801124 -0.552756 0.229481
9.678570 -281.223995 -1115.628893 -11829.067897 0.592656 0.760391 -0.265639 0.306842 -0.518074 -0.798403 0.744719 -0.391669 0.540360
7.104189 -263.496005 1236.031211 5233.868418 0.579737 0.769482 -0.267959 0.130728 -0.412443 -0.901555 0.804248 -0.487635 0.339701
9.282435 -258.702420 2506.893869 -15219.559882 0.581046 0.763301 -0.282414 0.387261 -0.564499 -0.728951 0.715832 -0.314186 0.623596
4.511871 -252.623858 1499.004507 16668.965713 0.575524 0.784824 -0.229834 -0.120007 -0.196950 -0.973041 0.808931 -0.587591 0.019165
3.774093 -244.841448 4042.500143 14415.150922 0.569353 0.782596 -0.251755 -0.005155 -0.302832 -0.953030 0.822077 -0.543908 0.168384
13.715290 -160.494163 13247.685529 18077.750120 -0.629756 -0.691056 0.354752 0.741669 -0.399140 0.539087 -0.230943 0.602602 0.763896
9.567299 -172.185345 12891.029890 17322.400298 -0.636000 -0.691584 0.342369 0.689762 -0.310530 0.654064 -0.346024 0.652138 0.674525
33.682997 -165.508433 23020.829080 12678.140784 -0.616204 -0.699825 0.361298 0.740498 -0.358561 0.568416 -0.268245 0.617801 0.739166
25.940296 -151.903901 14983.161916 8505.783685 -0.620622 -0.696397 0.360359 0.771804 -0.461447 0.437476 -0.138370 0.549634 0.823867
-15.666049 -81.737922 -3947.120483 -10045.775265 0.624547 0.778311 -0.064603 -0.662563 0.571821 0.483768 -0.413463 0.259333 -0.872809
-19.093789 -78.853906 942.223571 -9792.787174 0.595817 0.801536 -0.050421 -0.680323 0.537085 0.498699 -0.426806 0.262831 -0.865307
-18.977295 -75.393145 2363.882037 3979.423636 0.643831 0.763501 -0.050472 -0.576550 0.527434 0.624022 -0.503062 0.372666 -0.779775
-17.087606 -81.558987 -2252.102087 7585.193058 0.655175 0.753657 -0.052421 -0.573381 0.541237 0.615058 -0.491915 0.372914 -0.786737
-16.281565 -79.219248 4985.638193 16805.842796 0.677769 0.733471 -0.051479 -0.469246 0.485386 0.737705 -0.566073 0.475837 -0.673157
-18.892905 -74.363209 11075.311507 14567.500701 0.692917 0.715213 -0.091300 -0.435699 0.516240 0.737335 -0.574484 0.471133 -0.669330
89.061043 -22.430434 -3001.199702 4919.985632 -0.667192 -0.665719 0.334175 0.733989 -0.511105 0.447249 -0.126944 0.543682 0.829636
108.823453 -32.143921 6096.663291 1678.346631 0.741126 0.578521 -0.340654 0.659343 -0.531604 0.531662 -0.126485 0.618636 0.775430
83.841564 -25.534520 31949.724966 4584.946448 0.798824 0.446121 -0.403555 0.601562 -0.594425 0.533649 0.001811 0.669055 0.743210
72.106466 -13.474867 29816.855271 7279.924074 0.766715 0.505953 -0.395170 0.641829 -0.590442 0.489320 -0.014248 0.628801 0.777436
47.629749 -25.315391 17728.671144 1469.034721 0.935675 0.208825 -0.284438 0.344151 -0.718079 0.604915 0.077927 0.663893 0.743756
-15.299556 -31.139488 -15897.233403 6123.629617 0.442960 0.896513 0.007170 -0.213042 0.097487 0.972167 -0.870861 0.432159 -0.234177
-16.625727 -42.314602 -15477.905573 10675.670366 0.455957 0.889598 -0.026798 -0.228759 0.146241 0.962436 -0.860100 0.432699 -0.270183
5.794052 -37.170790 -20046.046327 7844.786040 0.414216 0.909377 0.038188 -0.248040 0.072413 0.966040 -0.875729 0.409622 -0.255556
-11.032788 -26.909720 -16789.693001 -1108.689187 0.392245 0.900002 0.190108 -0.264957 -0.087368 0.960294 -0.880876 0.427041 -0.204192
-24.337831 -32.494534 542.533029 -11925.664414 -0.203711 0.050283 0.977739 0.465672 0.883452 0.051588 -0.861192 0.465815 -0.203385
10.084030 -30.652949 -20245.360004 2225.079656 0.402663 0.910625 0.092873 -0.242902 0.008477 0.970014 -0.882531 0.413148 -0.224606
0.705658 -160.965525 2284.054643 12100.727303 -0.677220 -0.675571 0.291508 0.732455 -0.656621 0.179888 0.069883 0.335340 0.939502
1.408835 -180.580143 -6866.323718 29125.653811 0.717658 0.649805 -0.250439 0.692955 -0.630638 0.349441 -0.069133 0.424322 0.902868
2.242757 -190.189764 -5208.645218 29173.631072 0.731323 0.634515 -0.250114 0.669766 -0.598904 0.439007 -0.128762 0.488574 0.862969
3.818380 -205.522306 -3207.823464 28016.701591 0.745209 0.618966 -0.248084 0.629209 -0.529494 0.568975 -0.220817 0.580101 0.784042
4.132529 -219.893725 -4953.930531 28737.260358 0.753344 0.615351 -0.231983 0.589198 -0.474884 0.653706 -0.292094 0.629149 0.720314
111.412043 -62.990893 59351.984470 -5107.701430 -0.187146 -0.958546 0.214864 0.982127 -0.187045 0.020990 0.020069 0.214952 0.976418
138.844241 -70.105897 -85279.662495 -1683.738150 0.201329 0.961417 -0.187469 0.964735 -0.227755 -0.131959 0.169565 0.154290 0.973366
70.566306 -66.002933 67773.944487 -4812.137827 -0.306554 -0.939750 0.151306 0.949979 -0.312031 -0.013291 0.059703 0.139663 0.988398
37.693663 -64.621374 40723.693071 -3822.336633 -0.357819 -0.916938 0.176605 0.933733 -0.349241 0.078566 -0.010362 0.193015 0.981141
44.305478 -62.817802 31039.274694 -1047.592070 -0.288748 -0.932324 0.217709 0.954958 -0.264217 0.135074 -0.068410 0.246905 0.966622
92.724223 -60.105079 37292.835235 866.381937 -0.152873 -0.940689 0.302875 0.988182 -0.142021 0.057675 -0.011239 0.308113 0.951284
17.267240 -226.447430 16745.539427 76855.992475 0.886719 -0.305606 0.346892 0.300754 0.951188 0.069198 -0.351107 0.042969 0.935349
1.035322 -250.177701 15327.298698 87068.802302 0.877918 -0.333595 0.343474 0.316122 0.942609 0.107492 -0.359620 0.014211 0.932990
11.481155 -423.288385 15516.673575 205595.965071 0.876408 -0.348800 0.332035 0.251587 0.919542 0.301904 -0.410624 -0.181056 0.893648
25.410190 -344.143831 6524.114174 139195.388963 0.858005 -0.334766 0.389562 0.278340 0.940453 0.195128 -0.431687 -0.058990 0.900093
6.215614 -392.150866 72.694964 -15476.261672 0.772129 -0.437524 0.460857 0.081682 0.787544 0.610821 -0.630194 -0.433989 0.643824
4.349278 -503.045064 -5150.886668 4999.943267 0.757416 -0.441674 0.480879 0.056573 0.778114 0.625571 -0.650477 -0.446613 0.614343
5.042992 -394.036198 -3598.706967 -13405.065184 0.760905 -0.466449 0.451053 -0.080753 0.621664 0.779110 -0.643819 -0.629253 0.435360
48.127218 -55.074870 11348.816164 -2113.401811 -0.924047 -0.234956 0.301550 -0.227958 0.971898 0.058728 -0.306874 -0.014473 -0.951640
30.201534 -50.644578 17068.751255 3142.071688 -0.900925 -0.250675 0.354256 -0.259789 0.965404 0.022448 -0.347627 -0.071808 -0.934879
43.170921 -55.582693 3086.870328 2734.479016 -0.967519 -0.125290 0.219566 -0.137482 0.989651 -0.041095 -0.212145 -0.069947 -0.974732
60.702947 -59.020328 -2605.150397 -2099.309999 -0.967504 -0.161996 0.194147 -0.158052 0.986784 0.035745 -0.197372 0.003898 -0.980321
5.139637 -499.001027 -3979.187466 88733.421298 0.800753 -0.454324 0.390364 0.400058 -0.079397 -0.913044 -0.445812 -0.887291 -0.118179
2.870540 -578.701797 -3267.665846 136432.552678 0.782583 -0.465645 0.413206 0.295911 -0.305733 -0.904966 -0.547723 -0.830483 0.101472
0.962601 -714.825387 -7522.539396 246916.809516 0.783312 -0.438156 0.440956 0.258164 -0.415992 -0.871953 -0.565486 -0.796850 0.212735
2.432866 -495.086572 -4872.310600 111557.148726 0.799314 -0.469573 0.374965 0.458255 0.072681 -0.885844 -0.388716 -0.879897 -0.273279
-1.480058 -517.008888 6831.382592 8217.795637 0.818647 -0.435665 0.374183 0.347614 -0.142738 -0.926709 -0.457145 -0.888719 -0.034592
3.460242 -475.164806 1932.685461 -18530.800940 0.820498 -0.437446 0.368000 0.488873 0.203298 -0.848335 -0.296287 -0.875963 -0.380661
5.928206 -438.364784 -3233.566982 11556.952740 0.819080 -0.444919 0.362153 0.503875 0.256148 -0.824923 -0.274259 -0.858158 -0.433989
57.959931 -501.464094 -31970.834608 77281.808845 0.899969 -0.315960 0.300376 -0.254598 0.178387 0.950452 0.353888 0.931852 -0.080100
85.569009 -650.355333 -48182.991546 187770.992751 0.911925 -0.313298 0.265024 -0.053161 0.550198 0.833340 0.406899 0.774033 -0.485084
91.671969 -934.050207 -33308.729762 428129.874446 0.861738 -0.375958 0.340681 -0.216228 0.335303 0.916961 0.458970 0.863844 -0.207651
-3.147096 -86.399123 6708.055523 607.013998 0.548062 0.791942 -0.269176 -0.115353 0.390300 0.913433 -0.828446 0.469567 -0.305261
-1.477353 -87.868721 4346.601741 462.289632 0.538355 0.800434 -0.263592 -0.212780 0.431762 0.876531 -0.815413 0.415797 -0.402758
0.232119 -85.851982 -8272.392269 1410.115832 0.524647 0.802544 -0.284024 -0.091225 0.384705 0.918521 -0.846418 0.455989 -0.275047
-0.576061 -83.935566 -8289.408928 1422.837359 0.523712 0.799818 -0.293287 0.010189 0.338370 0.940958 -0.851834 0.495780 -0.169059
-28.269292 -53.329186 -3718.122648 1756.034815 0.371446 0.918293 -0.136984 -0.774097 0.387767 0.500410 -0.512641 0.079837 -0.854883
-31.986203 -58.014465 -725.417424 2928.786925 0.233326 0.972162 -0.021427 -0.870766 0.218697 0.440384 -0.432810 0.084096 -0.897554
-25.208373 -52.563105 -5410.896596 575.225869 0.344506 0.924661 -0.162230 -0.811059 0.380181 0.444574 -0.472756 0.021581 -0.880929
-21.068280 -51.136944 -6889.836437 1382.585297 0.406177 0.887153 -0.219045 -0.743817 0.460226 0.484693 -0.530807 0.033942 -0.846813
-21.501588 -50.564268 -6100.761969 1783.337755 0.437469 0.869968 -0.227543 -0.692741 0.487383 0.531571 -0.573351 0.074918 -0.815878
4.652708 -104.035170 7993.460028 4055.993600 -0.765393 -0.609035 0.207965 -0.432926 0.726358 0.533834 -0.476181 0.318560 -0.819617
1.883414 -110.181352 3323.034302 367.112674 -0.766531 -0.617312 0.177079 -0.511313 0.753474 0.413323 -0.388574 0.226282 -0.893200
6.438777 -106.631359 6601.295239 3345.801764 -0.777068 -0.596024 0.202289 -0.464355 0.759832 0.455005 -0.424900 0.259636 -0.867208
8.221147 -100.663637 5266.004437 6533.832565 -0.782515 -0.585507 0.211784 -0.359421 0.702528 0.614224 -0.508416 0.404520 -0.760182
-3.140086 -222.323332 1561.475240 526.539673 0.769765 0.596619 -0.226952 0.299729 -0.023919 0.953725 -0.563582 0.802168 0.197236
-2.115271 -214.375189 -8751.908665 -30613.637880 0.750144 0.624438 -0.217626 0.155520 0.153277 0.975869 -0.642726 0.765887 -0.017867
-3.892661 -225.856541 -3980.876221 -15573.781254 0.757450 0.611842 -0.227859 0.322777 -0.047556 0.945280 -0.567525 0.789549 0.233509
1.799873 -229.251706 2483.035105 -1556.878659 0.773944 0.582676 -0.247993 0.410933 -0.164152 0.896766 -0.481815 0.795954 0.366484
-11.140876 -48.320648 -4202.423553 1553.224177 0.225890 -0.513903 0.827573 0.891073 0.452296 0.037643 -0.393653 0.728925 0.560094
-3.511463 -45.083035 -3143.767475 417.181127 0.130336 -0.555100 0.821509 0.914216 0.387942 0.117091 -0.383695 0.735775 0.558044
-8.415313 -48.062617 -2562.076206 535.724172 0.209863 -0.518703 0.828797 0.875993 0.476259 0.076253 -0.434274 0.710017 0.554329
-223.948018 -668.137844 -70946.386956 -438545.123881 0.284512 0.080444 0.955292 -0.090719 0.994261 -0.056707 -0.954371 -0.070530 0.290176
-289.296839 -412.987783 -3619.751631 -227297.510829 0.507019 -0.277786 0.815946 0.025985 0.951140 0.307665 -0.861543 -0.134790 0.489464
-13.492377 -360.223053 104430.103170 -217394.044337 0.796974 0.111241 0.593682 -0.120736 0.992398 -0.023871 -0.591824 -0.052654 0.804346
41.905248 -380.956858 -26337.489050 -185390.481361 0.921601 0.178781 -0.344512 -0.145651 -0.663439 -0.733917 0.359773 -0.726557 0.585387
51.493563 -149.076151 -3618.556638 -71631.215836 0.885358 0.258280 -0.386566 -0.113259 -0.686610 -0.718150 0.450904 -0.679601 0.578643
94.204495 -1250.120003 -13590.658547 -920819.865975 0.892419 0.285370 -0.349502 -0.106304 -0.619812 -0.777517 0.438506 -0.731025 0.522796
-5.155113 -104.984419 1169.630311 4996.300162 0.704265 0.579709 -0.409816 0.699096 -0.666791 0.258175 0.123595 0.468324 0.874870
-2.718785 -94.635096 -2050.170006 -4798.745579 -0.681693 -0.591773 0.430231 0.706032 -0.686290 0.174717 0.191871 0.422860 0.885649
-4.022887 -107.370026 34.586831 6017.664152 0.715827 0.565378 -0.409805 0.680415 -0.696654 0.227394 0.156929 0.441612 0.883376
-2.603212 -89.849063 -2260.339657 -11056.415879 -0.670409 -0.610961 0.421043 0.727268 -0.653548 0.209658 0.147079 0.446768 0.882477
-7.308454 -102.762019 308.223110 20008.672190 0.714711 0.579135 -0.392162 0.696560 -0.640033 0.324287 0.063191 0.504936 0.860841
-6.843087 -98.861390 -2246.331021 3022.959675 -0.685130 -0.599202 0.414191 0.719940 -0.643542 0.259882 0.110828 0.476246 0.872300
0.756024 -233.464839 25400.028303 48390.087593 -0.444525 -0.670972 0.593460 0.865554 -0.492354 0.091674 0.230682 0.554423 0.799625
-3.475252 -237.718151 -20170.491123 -126686.714085 0.489991 0.654642 -0.575633 -0.741682 0.660054 0.119315 0.458058 0.368474 0.808956
-72.333765 -224.706967 -45911.049399 98300.723313 0.412570 0.718561 -0.559872 0.800338 -0.579454 -0.153923 0.435023 0.384582 0.814157
-19.986944 -41.523740 -32081.073337 12371.173716 -0.381628 -0.517229 -0.766051 0.023462 0.823089 -0.567428 0.924018 -0.234520 -0.301979
-49.978149 -73.927535 17809.929605 -16118.139272 0.240902 0.967635 -0.075160 -0.379206 0.022556 -0.925037 0.893403 -0.251344 -0.372367
-21.887552 -67.159385 26480.225155 -19114.830796 0.181542 0.981713 -0.057286 -0.394990 0.019447 -0.918479 0.900569 -0.189370 -0.391298
15.196604 -64.194478 29416.764799 -13665.083326 0.163310 0.982512 -0.089442 -0.411389 -0.014584 -0.911343 0.896710 -0.185627 -0.401813
-12.527087 -21.553552 22655.562723 -19563.174381 0.045400 0.899039 -0.435508 -0.370666 -0.389675 -0.843066 0.927656 -0.199703 -0.315552
-63.490248 -104.696483 -10339.332003 -3309.211418 0.320237 0.853250 -0.411598 -0.671982 -0.101655 -0.733557 0.667748 -0.511499 -0.540815
-62.494452 -98.848810 -4927.688477 -9545.906756 0.269971 0.872790 -0.406636 -0.574062 -0.193153 -0.795704 0.773026 -0.448251 -0.448890
-60.617506 -99.843837 -7040.681660 -5113.346062 0.337354 0.823027 -0.456968 -0.624475 -0.167589 -0.762853 0.704432 -0.542716 -0.457422
-60.970980 -85.047825 -6502.573569 -9487.180566 0.279034 0.842686 -0.460458 -0.523560 -0.268462 -0.808587 0.805000 -0.466700 -0.366287
-59.574918 -103.757234 -2890.645173 -1312.103376 0.397729 0.838206 -0.373124 -0.712452 0.025903 -0.701242 0.578121 -0.544738 -0.607485
22.175080 -83.441718 -4172.773034 -13740.715488 -0.209658 0.975728 0.063230 0.975466 0.213167 -0.055015 0.067158 -0.050145 0.996481
37.418634 -112.756122 -7440.972262 -20285.373654 -0.200934 0.977729 0.060591 0.957127 0.209122 -0.200440 0.208647 -0.017718 0.977830
27.618765 -98.698953 -851.297310 -15561.542591 -0.119853 0.990394 0.068960 0.977424 0.129887 -0.166647 0.174003 -0.047430 0.983602
-19.371072 -274.552129 928.456785 50804.842240 0.832126 0.022358 0.554135 -0.540573 0.255894 0.801436 0.123881 0.966446 -0.225023
-19.661295 -271.895878 -4858.314818 45131.160292 0.840186 0.029315 0.541505 -0.529357 0.261168 0.807200 0.117761 0.964848 -0.234948
-18.517568 -293.216908 -2717.058021 2770.020975 0.841525 0.021685 0.539783 -0.454779 0.567723 0.686197 0.291567 0.822934 -0.487615
-14.672249 -292.537561 461.679218 20835.677784 0.833106 0.041426 0.551560 -0.503596 0.469213 0.725417 0.228748 0.882113 -0.411766
-13.216091 -296.373990 2083.613659 -39605.530664 0.833458 0.036103 0.551402 -0.388778 0.747425 0.538710 0.392682 0.663365 -0.636983
-15.808338 -273.701316 -2219.037797 -26749.926813 0.846433 -0.006070 0.532461 -0.351890 0.744109 0.567870 0.399656 0.668031 -0.627702
-11.683101 -289.930581 -5762.457930 -45787.169455 0.853464 0.020913 0.520732 -0.303664 0.832004 0.464283 0.423542 0.554376 -0.716435
-7.949115 -86.885670 -1469.271909 -16756.368727 0.503613 0.856832 -0.110510 0.848917 -0.514539 -0.120784 0.160354 0.032986 0.986508
-4.635719 -83.235643 377.679537 -12978.256736 0.462842 0.881450 -0.093930 0.871932 -0.471797 -0.130930 0.159724 0.021301 0.986932
-4.982142 -78.149928 -789.470191 6597.307322 0.460949 0.881671 -0.100907 0.832362 -0.468973 -0.295360 0.307733 -0.052155 0.950042
-7.339893 -80.364499 -968.860503 2114.239647 0.493504 0.861484 -0.119582 0.822968 -0.507010 -0.256251 0.281385 -0.028048 0.959185
-5.122914 -84.419041 -4380.244969 24160.940995 0.476693 0.872396 -0.108116 0.760359 -0.470911 -0.447321 0.441154 -0.131028 0.887814
-2.951209 -80.215502 -751.514555 22737.446725 0.425048 0.900039 -0.096247 0.787839 -0.420210 -0.450259 0.445695 -0.115555 0.887695
-12.259170 -85.561446 2137.501674 -18284.381257 0.420329 0.906237 0.045363 -0.032465 0.064982 -0.997358 0.906791 -0.417746 -0.056734
-12.620949 -82.380059 7515.142928 -17799.477421 0.386390 0.919565 0.071433 -0.037663 0.093114 -0.994943 0.921566 -0.381746 -0.070612
-15.804953 -83.355690 -1533.151713 2868.668858 0.429224 0.902881 -0.023905 -0.032003 -0.011247 -0.999424 0.902631 -0.429742 -0.024067
-18.496735 -83.137886 -10061.666999 3082.563354 0.473762 0.880206 -0.028054 -0.019254 -0.021496 -0.999584 0.880442 -0.474105 -0.006763
-15.157438 -85.424373 -1030.749554 -18710.828451 0.452484 0.890087 0.054801 0.001741 0.060570 -0.998162 0.891771 -0.451748 -0.025857
20.181013 -102.849788 -11667.381121 -31319.266430 0.673450 0.725023 -0.144246 0.735297 -0.636880 0.231781 0.076179 -0.262157 -0.962014
20.562255 -111.661633 -3928.568285 -42613.076531 0.695784 0.701664 -0.153465 0.716831 -0.664946 0.209760 0.045135 -0.255957 -0.965634
20.412186 -138.037626 -14134.360037 -38864.516070 0.641209 0.746097 -0.179418 0.750096 -0.560080 0.351661 0.161885 -0.360069 -0.918773
26.886682 -125.981632 -8785.991444 -35808.162202 0.615810 0.777424 -0.128022 0.758575 -0.541102 0.363005 0.212936 -0.320656 -0.922951
25.082935 -149.298341 -12998.983664 -17732.531136 0.608064 0.774861 -0.172768 0.722220 -0.449555 0.525641 0.329630 -0.444400 -0.832978
17.997113 -160.074171 -8861.448671 -13524.912979 0.628437 0.757638 -0.176214 0.709732 -0.465776 0.528521 0.318351 -0.457207 -0.830430
23.010114 -163.213159 4641.872350 13902.981587 0.570588 0.748052 -0.338891 -0.319687 -0.177788 -0.930694 0.756459 -0.639382 -0.137698
22.565498 -156.332632 2770.130544 6934.920208 0.588395 0.744390 -0.315714 -0.417723 -0.054471 -0.906940 0.692314 -0.665520 -0.278898
20.017504 -171.839519 -1606.610817 5360.198564 0.609812 0.717731 -0.336143 -0.365134 -0.122012 -0.922925 0.703425 -0.685547 -0.187663
0.845142 -249.057406 -2050.244007 52477.072059 0.414349 0.907266 -0.071989 0.223520 -0.178119 -0.958286 0.882244 -0.380974 0.276595
1.607699 -219.134384 -1734.851756 35637.059918 0.412183 0.908982 -0.062106 0.163843 -0.141005 -0.976357 0.896248 -0.392262 0.207050
0.733154 -207.588370 -1067.080708 22637.897784 0.396765 0.917554 -0.025936 0.035907 -0.043747 -0.998397 0.917217 -0.395198 0.050304
-4.277371 -118.306965 -230.894685 -3120.613527 -0.578160 -0.758151 0.301560 0.742305 -0.335331 0.580117 -0.338694 0.559250 0.756654
-5.397636 -119.551496 382.787084 -6014.541877 -0.569551 -0.763676 0.303991 0.759018 -0.346716 0.551072 -0.315442 0.544598 0.777116
-2.384741 -121.395176 -5933.467305 -2428.402771 -0.560311 -0.756386 0.337537 0.806889 -0.406437 0.428649 -0.187036 0.512531 0.838051
-2.507367 -124.375508 -4511.330380 -2837.372769 -0.564287 -0.760707 0.320789 0.790734 -0.386305 0.474877 -0.237320 0.521625 0.819504
3.318097 -124.915492 -4537.258380 646.687371 -0.551834 -0.765832 0.330123 0.829080 -0.461061 0.316304 -0.090029 0.448246 0.889365
-3.639126 -119.374413 -4437.447054 8446.693254 -0.539289 -0.769528 0.342045 0.841715 -0.479958 0.247296 -0.026134 0.421268 0.906559
242.585299 -73.214804 -11518.249198 -9591.834227 0.956746 0.282820 -0.068185 0.240227 -0.635822 0.733500 -0.164095 0.718153 0.676261
228.408022 -68.507745 -64061.186588 1627.934293 0.905207 0.419998 0.064826 0.284166 -0.711625 0.642526 -0.315991 0.563198 0.763517
337.453395 -77.099065 -165231.699419 -1081.262503 0.814015 0.540491 0.212719 0.229368 -0.635573 0.737182 -0.533639 0.551286 0.641337
283.427059 -74.411462 -4314.153935 -3907.680379 0.962193 0.266088 -0.058153 0.210896 -0.592738 0.777293 -0.172358 0.760170 0.626446
326.861804 -69.574435 203664.756547 619.166469 0.947364 -0.045073 -0.316971 0.218698 -0.631953 0.743509 0.233824 0.773695 0.588832
1.684198 -56.684639 -8693.417201 4785.030749 0.867748 0.404180 -0.289228 -0.269341 0.871505 0.409799 0.417696 -0.277701 0.865108
8.789648 -53.567426 -8529.279728 5234.606487 0.848818 0.454651 -0.269817 -0.329038 0.853767 0.403506 0.413815 -0.253723 0.874289
13.767957 -60.146819 -10656.423641 3989.089977 0.851090 0.453015 -0.265375 -0.291925 0.828443 0.477976 0.436378 -0.329331 0.837326
2.898242 -64.539748 -12950.326381 3762.668482 0.873443 0.400693 -0.276665 -0.221127 0.832624 0.507779 0.433821 -0.382338 0.815854
-7.609161 -62.888679 -7911.648333 4339.160492 0.870303 0.393271 -0.296496 -0.223770 0.852017 0.473280 0.438747 -0.345550 0.829516
-7.456373 -55.996344 -5882.890468 4718.359579 0.872034 0.385502 -0.301571 -0.259772 0.886742 0.382370 0.414820 -0.255100 0.873412
-3.647591 -49.044469 -4636.671439 4721.516372 0.878499 0.366873 -0.306014 -0.270291 0.909844 0.314844 0.393933 -0.193878 0.898459
-18.272097 -59.910575 6277.657867 13057.501378 0.495534 0.856399 -0.145007 0.605651 -0.460344 -0.649054 0.622602 -0.233804 0.746794
-16.349965 -61.917024 4443.914567 1619.832508 0.513057 0.844094 -0.155813 0.671198 -0.507675 -0.540147 0.535037 -0.172545 0.827021
-21.279991 -64.293599 -666.441674 17129.748372 0.601194 0.778515 -0.180223 0.535052 -0.559682 -0.632831 0.593536 -0.284026 0.753024
-28.624243 -241.688558 311.437923 -60531.892949 0.957869 -0.016087 0.286756 0.082187 0.972031 -0.220002 -0.275196 0.234300 0.932400
-21.397333 -208.445937 -3034.581844 -69029.206779 0.954260 0.018047 0.298434 -0.020114 0.999790 0.003854 -0.298301 -0.009680 0.954423
-16.293513 -197.656860 7390.141067 -73135.500056 0.968771 -0.052573 0.242320 0.037912 0.997179 0.064775 -0.245042 -0.053565 0.968032
51.560635 -64.216145 41965.937516 1980.451912 0.218948 0.456062 -0.862594 -0.449310 0.831863 0.325768 0.866131 0.316246 0.387048
72.013542 -57.866784 24760.441102 5418.641474 0.296407 0.605160 -0.738867 -0.455463 0.769560 0.447584 0.839462 0.203859 0.503731
93.993010 -61.475952 32875.687963 5397.471825 0.272129 0.587945 -0.761752 -0.517371 0.756867 0.399348 0.811340 0.285434 0.510151
0.705577 -147.246962 -6350.141532 18494.334891 0.870662 -0.062490 0.487897 0.490175 0.027638 -0.871186 -0.040956 -0.997663 -0.054695
-13.021184 -166.137047 -8927.409897 13368.285461 0.892039 -0.083679 0.444144 0.424654 -0.181210 -0.887036 -0.154710 -0.979878 0.126112
0.525137 -158.410682 -4642.470347 11351.734913 0.858517 -0.049711 0.510370 0.497325 -0.161835 -0.852336 -0.124966 -0.985565 0.114215
9.069466 -141.088579 -682.551366 17577.155055 0.843902 -0.034797 0.535367 0.536248 0.024316 -0.843710 -0.016341 -0.999099 -0.039180
51.072922 -2028.443945 -84070.435828 -1773902.107138 0.719146 0.302970 0.625330 -0.490847 -0.415492 0.765791 -0.491831 0.857657 0.150088
56.317568 -736.594470 -62585.344458 -305527.974747 0.777819 0.341237 0.527783 -0.474872 -0.231004 0.849196 -0.411697 0.911150 0.017636
82.321805 -2254.648322 -104485.766881 -1768190.075798 0.738420 0.310593 0.598554 -0.260037 -0.687814 0.677711 -0.622187 0.656082 0.427130
-22.447810 -1876.391044 -44309.562087 -885006.622281 0.748360 0.194207 0.634225 0.188112 0.854776 -0.483707 -0.636060 0.481292 0.603147
-105.650885 -1585.511714 -16223.668062 -39983.048189 0.776456 0.157134 0.610267 -0.402716 -0.621137 0.672316 -0.484703 0.767788 0.419005
-46.177182 -1714.755962 -20595.955511 -1047654.612348 0.836625 0.215704 0.503518 -0.499110 -0.078588 0.862968 -0.225716 0.973291 -0.041911
25.320191 -47.438089 2074.390857 22119.929779 0.672454 -0.533267 0.513256 0.737131 0.544990 -0.399530 -0.066664 0.647002 0.759568
35.060472 -73.931884 -5371.463494 -11867.349377 0.780324 -0.429744 0.454328 -0.605875 -0.699507 0.378954 -0.154952 0.570973 0.806213
20.602631 -85.485739 -9661.780709 -6851.882821 0.743790 -0.421634 0.518653 -0.641842 -0.667137 0.378110 -0.186589 0.614128 0.766833
36.538643 -64.085348 1880.513559 -11242.293012 0.799571 -0.446896 0.401210 -0.590642 -0.706113 0.390572 -0.108754 0.549262 0.828543
47.783582 -33.574065 -17533.205368 3480.717143 0.231455 -0.690542 0.685260 0.972638 0.149719 -0.177648 0.020077 0.707627 0.706301
33.814957 -16.634537 -4954.628420 243.882569 0.204716 -0.739527 0.641242 0.978799 0.150250 -0.139202 0.006597 0.656144 0.754607
17.798865 -4.416907 3899.882475 13584.757386 0.429875 -0.690395 0.581862 0.902885 0.330566 -0.274818 -0.002611 0.643491 0.765449
17.318184 -52.024248 -10995.305618 5742.481024 -0.171247 0.566229 -0.806263 0.744654 0.610228 0.270395 0.645109 -0.554082 -0.526144
33.345944 -49.495721 -4760.231883 3156.424698 -0.263453 0.544337 -0.796423 0.691167 0.682450 0.237804 0.672964 -0.487811 -0.556021
23.609407 -54.654120 -3481.503303 1985.637346 -0.342045 0.485249 -0.804698 0.709727 0.694657 0.117215 0.615867 -0.531023 -0.581999
12.504701 -58.602861 -5751.552189 2523.008987 -0.420532 0.409474 -0.809620 0.714347 0.699579 -0.017227 0.559339 -0.585594 -0.586702
10.048884 -56.951902 -8780.643667 5508.577974 -0.253179 0.517551 -0.817338 0.766656 0.622624 0.156776 0.590034 -0.586924 -0.554419
22.248321 -62.112575 4718.995056 358.961225 -0.505606 0.394715 -0.767178 0.659423 0.750199 -0.048611 0.556349 -0.530473 -0.639589
-8.503174 -106.957343 -2082.420966 14260.611476 -0.558111 -0.789632 0.254939 0.827641 -0.551732 0.102966 0.059353 0.268465 0.961459
-5.808865 -110.537959 -740.721851 16331.270905 -0.555127 -0.790859 0.257637 0.830607 -0.543437 0.121529 0.043897 0.281459 0.958569
-5.978647 -97.219736 -2495.995353 2989.861533 -0.568771 -0.784010 0.248653 0.819319 -0.513514 0.254990 -0.072228 0.348757 0.934426
-8.372486 -95.313081 -2656.415265 6591.020709 -0.585537 -0.774941 0.237935 0.809389 -0.542542 0.224804 -0.045120 0.324213 0.944907
-8.725440 -106.193208 -3029.610731 -21258.507773 -0.582754 -0.781025 0.224492 0.785695 -0.470944 0.401118 -0.207560 0.410135 0.888092
-5.936847 -106.190446 -950.103962 -16289.899101 -0.579774 -0.782588 0.226757 0.783662 -0.459427 0.418091 -0.223014 0.420099 0.879648
-19.301477 -159.137109 609.985757 706.712000 0.501588 0.862491 -0.067225 -0.557654 0.262941 -0.787327 0.661386 -0.432402 -0.612860
-23.932938 -151.670080 2495.432031 -2875.326994 0.509358 0.854359 -0.103072 -0.453927 0.164987 -0.875631 0.731098 -0.492797 -0.471855
-23.630912 -154.208313 1749.516132 2897.446022 0.518053 0.851573 -0.080278 -0.582594 0.282580 -0.762058 0.626263 -0.441556 -0.642513
-19.293157 -160.178385 -3323.873251 1893.435299 0.518829 0.852423 -0.064745 -0.676204 0.362876 -0.641147 0.523034 -0.376426 -0.764682
-25.289234 -157.215931 6874.143181 -3700.522308 0.511556 0.857568 -0.053741 -0.661759 0.353314 -0.661245 0.548075 -0.373827 -0.748243
-2.572975 -49.580214 981.714836 -8413.124034 0.933665 -0.074836 -0.350241 0.049066 0.995432 -0.081894 0.354770 0.059277 0.933073
-3.737000 -40.702521 3781.849265 -3052.248886 0.929705 0.009612 -0.368181 -0.020857 0.999429 -0.026575 0.367715 0.032386 0.929374
-4.162810 -45.700497 -1829.577435 -4530.865401 0.934029 0.071701 -0.349927 -0.069455 0.997405 0.018980 0.350380 0.006576 0.936585
-4.069855 -53.899202 -5026.319190 -8581.731466 0.943489 0.011791 -0.331193 -0.026935 0.998789 -0.041172 0.330306 0.047766 0.942664
-2.129105 -56.128095 -339.918461 -7963.667259 0.932206 -0.112165 -0.344108 0.064276 0.986959 -0.147583 0.356174 0.115460 0.927259
-569.235761 -915.368243 364489.824768 485008.608964 0.119028 -0.589615 -0.798866 -0.583796 0.609252 -0.536651 0.803128 0.530251 -0.271697
-130.221019 -337.148552 -99440.379411 -196495.749688 -0.203889 0.512377 0.834206 0.818088 -0.378870 0.432655 0.537737 0.770667 -0.341922
1587.738578 -19596.784755 1290160.241081 12374530.385963 -0.050357 0.724103 0.687851 0.252175 0.675628 -0.692773 0.966371 -0.138573 0.216623
-464.936366 -1237.135778 152600.519577 -568636.028866 -0.523346 0.837418 0.157608 0.794754 0.546408 -0.264206 0.307369 0.013012 0.951501
-224.484350 -828.471921 -43137.076603 -412399.832092 -0.349156 0.456212 0.818512 0.790453 -0.325725 0.518736 0.503263 0.828115 -0.246885
-130.786209 -450.610261 -20896.615128 -227701.231615 -0.419892 0.601040 0.680031 0.769381 -0.161706 0.617984 0.481398 0.782689 -0.394530
-23.097837 -73.485716 -10845.325075 7938.840034 0.656515 0.746871 0.105697 -0.031718 0.167334 -0.985390 0.753646 -0.643571 -0.133546
-24.726245 -70.770229 -20069.612937 5503.723057 0.660022 0.748641 0.062508 -0.089113 0.160639 -0.982982 0.745942 -0.643220 -0.172739
-24.938839 -77.265569 -14162.589051 1462.899568 0.628574 0.769600 0.112296 0.042123 0.110487 -0.992985 0.776608 -0.628895 -0.037032
-23.234764 -78.356727 -1931.533914 9499.441982 0.623038 0.780620 0.049557 0.020907 0.046714 -0.998689 0.781912 -0.623258 -0.012784
-26.167922 -83.696397 -3130.969100 4677.112660 0.576126 0.815298 0.058032 0.099277 0.000674 -0.995060 0.811310 -0.579041 0.080552
-31.335542 -84.601139 -2234.851970 -3527.285839 0.556826 0.829906 0.034662 0.065758 -0.002445 -0.997833 0.828022 -0.557898 0.055934
-96.631550 -140.822315 -2068.353845 -16734.955908 0.171447 0.840382 -0.514164 0.753862 0.224089 0.617638 -0.634270 0.493501 0.595112
-84.147226 -132.123310 4177.436795 -11031.868541 0.381031 0.896339 -0.226700 0.645110 -0.082101 0.759666 -0.662305 0.435702 0.609520
-72.417882 -113.957237 3576.228717 -13769.093296 0.453134 0.891283 0.016830 0.421870 -0.231036 0.876726 -0.785299 0.390174 0.480696
-47.870427 -116.808288 6079.865994 6932.186277 0.578305 0.814175 -0.051788 -0.763208 0.562347 0.318244 -0.288229 0.144517 -0.946593
-50.875923 -124.348803 7327.058856 1980.431597 0.601839 0.796793 -0.053945 -0.789517 0.603790 0.109999 -0.120218 0.023611 -0.992467
30.423990 -164.907036 4567.035933 5674.469456 0.779368 -0.488664 0.392164 0.237991 -0.348111 -0.906741 -0.579609 -0.800016 0.155009
32.753213 -168.580133 -3389.150318 4433.036969 0.702896 -0.513221 0.492484 0.292511 -0.422558 -0.857836 -0.648363 -0.747026 0.146892
22.288860 -68.857823 7328.439025 6016.448056 0.434668 0.781346 -0.447841 0.641661 0.080239 0.762779 -0.631929 0.618919 0.466482
9.181590 -63.676421 -13389.471081 5828.749655 -0.409536 -0.744416 0.527376 0.685979 0.129820 0.715947 -0.601426 0.654974 0.457488
25.310661 -72.303143 4181.886698 6084.709228 0.466721 0.796223 -0.384969 0.598461 0.036158 0.800336 -0.651165 0.603922 0.459633
24.959266 -62.051213 -7591.002555 11271.685024 -0.410254 -0.772987 0.483924 0.729146 0.040695 0.683147 -0.547757 0.633115 0.546925
6.833928 -98.264852 -13281.516811 -2868.284209 0.663704 0.736424 -0.131059 -0.177098 -0.015522 -0.984071 0.726728 -0.676342 -0.120118
20.478135 -100.814580 -25504.223652 5601.600734 0.716743 0.688277 -0.112044 -0.279782 0.136656 -0.950288 0.638750 -0.712460 -0.290515
4.306159 -99.338234 -10612.899083 13025.214934 0.678139 0.714041 -0.173990 -0.378199 0.136061 -0.915671 0.630154 -0.686755 -0.362318
-4.457629 -101.812029 948.791655 5279.507908 0.668712 0.721556 -0.179390 -0.606880 0.390303 -0.692359 0.429559 -0.571857 -0.698898
-5.884451 -102.892287 1054.968146 947.105553 0.675680 0.717490 -0.169307 -0.638553 0.454860 -0.620767 0.368383 -0.527551 -0.765496
-1.591428 -109.236404 2860.569583 2952.123307 0.686689 0.712645 -0.143509 -0.577992 0.415507 -0.702338 0.440889 -0.565236 -0.697227
-5.831471 -103.776570 -1977.097663 -2297.942396 0.655788 0.721408 -0.222516 0.658885 -0.403038 0.635162 0.368529 -0.563144 -0.739632
-3.033402 -106.817338 1932.694417 5021.886196 0.663316 0.725891 -0.181921 -0.563480 0.324504 -0.759728 0.492446 -0.606449 -0.624274
-3.414353 -106.984725 -2395.514810 4666.441721 0.651577 0.723882 -0.226807 -0.604271 0.314541 -0.732066 0.458589 -0.614051 -0.642369
5.337367 -281.876096 308.714117 -28410.070977 0.590640 0.771359 -0.236959 0.184304 -0.414846 -0.891030 0.785605 -0.482606 0.387189
11.050075 -275.091952 197.383490 -27532.366460 0.587673 0.768385 -0.253428 0.404297 -0.550192 -0.730639 0.700846 -0.326916 0.633988
6.127225 -276.029420 -2028.562306 7986.463397 0.607460 0.763350 -0.219749 -0.083555 -0.213703 -0.973319 0.789944 -0.609613 0.066034
12.299075 -279.075350 -1102.809294 -30000.414343 0.588638 0.775839 -0.227113 0.401577 -0.524460 -0.750785 0.701599 -0.350737 0.620276
9.368005 -309.017043 2487.013679 -37522.190049 0.591752 0.777260 -0.213766 0.189503 -0.391876 -0.900290 0.783529 -0.492240 0.379186
4.023661 -308.938519 2744.903552 -13748.566759 0.590698 0.782218 -0.198017 -0.052096 -0.207924 -0.976757 0.805210 -0.587284 0.082070
-1.152562 -171.523684 2237.335649 25447.036044 -0.651765 -0.674362 0.347043 0.715891 -0.395948 0.575088 -0.250406 0.623267 0.740834
-12.889680 -82.157877 -2469.368096 -515.540549 0.536451 0.843772 -0.016389 -0.752641 0.487116 0.443001 -0.381775 0.225314 -0.896371
-13.939156 -76.477118 -3.233550 -891.320673 0.449900 0.892296 0.037394 -0.804374 0.386666 0.451079 -0.388037 0.233019 -0.891700
15.380110 -47.061760 -19608.901374 8701.707731 0.422613 0.906009 0.023370 -0.280071 0.106030 0.954106 -0.861950 0.409762 -0.298557
0.876933 -158.849855 4503.068675 10570.543777 -0.671897 -0.687633 0.275164 0.736949 -0.657758 0.155756 0.073889 0.307434 0.948696
2.500202 -175.906118 1589.187330 33706.613305 0.713593 0.642976 -0.278150 0.700397 -0.646197 0.303107 -0.015151 0.411110 0.911460
2.872505 -201.385952 1718.388839 29649.864677 0.735125 0.623721 -0.265638 0.659431 -0.566967 0.493658 -0.157297 0.538071 0.828093
47.198086 -67.169160 49629.667978 -619.732717 -0.368767 -0.916141 0.157152 0.923788 -0.379967 -0.047346 0.103088 0.127715 0.986439
78.337279 -75.254844 -67873.616256 -2340.838139 0.359429 0.926668 -0.109988 0.914331 -0.373282 -0.157035 0.186576 0.044122 0.981449
-11.073840 -222.893961 8840.870175 75144.345563 0.857364 -0.358479 0.369351 0.377900 0.925605 0.021151 -0.349455 0.121444 0.929049
-22.548724 -334.298648 8698.046138 119512.201510 0.847574 -0.394927 0.354473 0.302084 0.908235 0.289578 -0.436307 -0.138358 0.889097
12.969095 -157.112774 14129.726346 23800.795482 0.897856 -0.253648 0.359884 0.302769 0.949139 -0.086405 -0.319664 0.186541 0.928987
26.050966 -54.568603 13551.122462 1244.875434 -0.927888 -0.189255 0.321257 -0.229411 0.968994 -0.091764 -0.293929 -0.158847 -0.942536
9.669989 -53.109290 19269.938383 3240.639003 -0.854683 -0.348982 0.384355 -0.375239 0.926900 0.007182 -0.358765 -0.138086 -0.923157
