10869
21720
-36.506215 -53.538439 -206.105794 -2805.393165 -0.397033 -0.310880 -0.863550 0.917182 -0.099753 -0.385780 0.033790 -0.945200 0.324738
-28.859600 -53.750359 -2173.293016 -5308.322835 -0.187885 -0.418959 -0.888354 0.981268 -0.119271 -0.151286 -0.042572 -0.900138 0.433520
-30.479597 -42.762105 -64.270517 -3189.086797 -0.589819 -0.257234 -0.765470 0.795712 -0.346743 -0.496599 -0.137679 -0.901998 0.409200
-23.819786 -41.353081 -2669.700671 -4474.300200 -0.329607 -0.445816 -0.832230 0.928166 -0.314367 -0.199201 -0.172819 -0.838106 0.517409
-32.231244 -48.702699 372.264376 -2745.805714 -0.694200 -0.143963 -0.705238 0.715337 -0.246705 -0.653781 -0.079866 -0.958338 0.274245
-24.937648 -32.761127 -141.939786 -1950.176366 0.827704 0.077759 0.555752 0.508213 -0.523827 -0.683611 -0.237961 -0.848268 0.473092
-27.294879 -39.436000 -551.952997 -2113.444057 0.863567 -0.015283 0.504002 0.454496 -0.409280 -0.791153 -0.218369 -0.912281 0.346495
-7.328100 -26.621104 -2905.457887 -31.600294 0.878338 0.010071 0.477934 0.253319 -0.857670 -0.447473 -0.405403 -0.514102 0.755875
-15.365840 -30.519121 -1099.868719 -2724.889908 0.788305 0.255862 0.559563 0.504593 -0.789239 -0.349982 -0.352081 -0.558244 0.751267
-14.962833 -28.411145 -2176.096471 -670.809588 0.782407 0.283210 0.554645 0.494714 -0.823624 -0.277311 -0.378282 -0.491361 0.784517
-7.553345 -24.723258 -1863.747723 652.482944 0.774035 0.322991 0.544561 0.491593 -0.848617 -0.195414 -0.399006 -0.418959 0.815639
-0.373640 -28.663624 3037.620719 -57.687705 0.575100 0.591100 0.565563 -0.670356 0.736759 -0.088366 -0.468917 -0.328309 0.819957
3.473305 -28.144239 -3327.094080 611.676497 -0.493207 -0.667206 -0.558196 0.789770 -0.612447 0.034232 -0.364706 -0.423963 0.829003
7.597370 -31.787118 1152.769510 -156.453114 0.528207 0.583595 0.616777 -0.705283 0.706027 -0.064040 -0.472835 -0.401176 0.784529
5.346764 -31.031239 1529.484401 778.018770 0.581691 0.539600 0.608660 -0.584176 0.797830 -0.149014 -0.566015 -0.268885 0.779313
-5.329235 -117.226098 151.459570 -9529.570066 0.490822 0.495132 -0.716894 -0.620433 0.776309 0.111388 0.611683 0.390113 0.688226
-5.255509 -124.806675 -314.965484 -177.172111 -0.494847 -0.487172 0.719577 0.803520 -0.571828 0.165432 0.330880 0.660058 0.674420
-6.318791 -122.591232 -6.981656 3607.673800 -0.509207 -0.504159 0.697519 0.747486 -0.660780 0.068080 0.426583 0.556052 0.713325
-5.547530 -124.066184 -141.998453 -5170.614975 -0.500559 -0.502864 0.704676 0.856431 -0.406459 0.318304 0.126358 0.762836 0.634125
-5.292593 -113.785148 -8.210160 -9488.797315 0.493775 0.512454 -0.702550 -0.547398 0.810925 0.206776 0.675678 0.282474 0.680931
-6.210071 -118.101406 132.649227 4931.007827 -0.503623 -0.524308 0.686633 0.720585 -0.693366 -0.000923 0.476572 0.494313 0.727003
-6.373600 -121.174162 314.655310 -1456.405997 -0.507613 -0.528097 0.680766 0.838483 -0.484537 0.249340 0.198181 0.697379 0.688757
4.740299 -33.702839 -866.776064 810.396686 0.496295 0.674326 0.546786 0.554429 0.238475 -0.797332 -0.668057 0.698866 -0.255512
5.886329 -30.894723 -1256.927875 187.453441 0.474426 0.663454 0.578575 0.649389 0.179961 -0.738855 -0.594318 0.726252 -0.345462
11.777091 -31.518460 -2011.753186 836.869801 0.512191 0.660282 0.549261 0.584139 0.201020 -0.786367 -0.629636 0.723615 -0.282736
1.108676 -34.139839 -667.175336 340.765865 0.452224 0.668746 0.590145 0.636969 0.220994 -0.738533 -0.624310 0.709887 -0.326032
12.169844 -33.835530 -1607.061430 -545.522949 0.527400 0.660204 0.534771 -0.479847 -0.287969 0.828747 -0.701139 0.693689 -0.164922
2.141806 -36.016490 -674.704444 -291.564974 0.458407 0.676995 0.575796 -0.540069 -0.302339 0.785440 -0.705825 0.671021 -0.227030
5.886518 -35.032215 -799.839342 -393.681468 0.508784 0.677121 0.531645 -0.455411 -0.312376 0.833680 -0.730575 0.666280 -0.149436
1.353417 -38.588667 325.901239 -1890.227099 -0.297050 -0.806537 -0.511135 0.946162 -0.320716 -0.043802 -0.128602 -0.496628 0.858384
0.767767 -47.095676 -113.324069 -2613.212773 -0.264828 -0.822670 -0.503071 0.963958 -0.212047 -0.160689 0.025520 -0.527494 0.849175
0.557093 -44.687464 207.640267 -2866.202033 -0.269620 -0.816189 -0.511020 0.961751 -0.254892 -0.100323 -0.048372 -0.518523 0.853694
1.260951 -37.228737 418.745042 -1544.209252 -0.298766 -0.802380 -0.516648 0.940021 -0.340816 -0.014290 -0.164616 -0.489930 0.856079
1.272908 -71.769549 -1413.220087 -8881.324745 -0.193381 -0.645441 -0.738924 -0.490529 0.715858 -0.496919 0.849697 0.266369 -0.455041
0.318945 -45.934244 1165.594343 -6211.346447 0.149241 0.709836 0.688375 -0.338365 0.690804 -0.638983 0.929105 0.137560 -0.343280
-2.495553 -58.121409 -831.100643 -7369.793041 -0.168049 -0.686952 -0.707005 -0.431751 0.696047 -0.573681 0.886200 0.208844 -0.413562
-1.658636 -36.570593 514.674188 -3540.685337 0.117174 0.757382 0.642373 -0.320154 0.641104 -0.697486 0.940091 0.123932 -0.317599
-5.995323 -62.926814 3541.195370 3763.123030 0.556544 0.541121 -0.630434 0.830198 -0.391534 0.396828 -0.032105 -0.744237 -0.667144
-5.553031 -49.580512 4547.598284 4294.819593 0.616219 0.536191 -0.576865 0.768335 -0.248371 0.589892 0.173018 -0.806728 -0.565026
-13.524736 -56.863804 2191.642793 4042.300776 0.612099 0.463404 -0.640774 0.786653 -0.274138 0.553195 0.080692 -0.842677 -0.532338
-12.938870 -68.851782 1099.400845 2512.551474 0.567858 0.445873 -0.691906 0.807964 -0.462529 0.365048 -0.157262 -0.766331 -0.622901
-7.662721 -73.288289 2705.759773 1386.337450 0.527619 0.522572 -0.669729 0.794095 -0.583429 0.170362 -0.301713 -0.621715 -0.722800
0.944813 -38.878538 315.935042 330.623799 0.437476 0.634119 0.637580 -0.548328 -0.373843 0.748049 -0.712706 0.676857 -0.184158
0.528783 -40.816697 -53.286515 325.998367 0.420306 0.644754 0.638463 -0.500829 -0.421900 0.755758 -0.756645 0.637411 -0.145584
-0.583717 -41.716024 44.045268 -182.722868 0.402912 0.623020 0.670453 0.663730 0.305486 -0.682745 -0.630178 0.720086 -0.290433
-1.358358 -43.077674 -194.109171 -95.211170 0.398566 0.623418 0.672678 0.659470 0.314912 -0.682591 -0.637374 0.715668 -0.285612
-0.715272 -44.612071 -323.621555 -493.546205 0.380247 0.624841 0.681898 0.770725 0.193489 -0.607079 -0.511268 0.756396 -0.408007
0.269876 -28.859439 1008.459139 1293.060592 -0.386543 -0.424270 -0.818889 0.878067 0.102294 -0.467476 0.282103 -0.899739 0.332997
2.715958 -27.571902 656.775518 1750.140718 -0.295907 -0.421380 -0.857250 0.905596 0.161734 -0.392095 0.303867 -0.892346 0.333741
5.170390 -23.664350 1254.440661 955.625195 -0.282717 -0.396443 -0.873444 0.886333 0.240166 -0.395897 0.366722 -0.886089 0.283482
1.927177 -25.569617 1253.817104 888.619480 -0.387720 -0.415690 -0.822724 0.850213 0.183539 -0.493409 0.356107 -0.890795 0.282264
6.434799 -20.645867 1317.257135 677.416815 -0.265162 -0.381734 -0.885420 0.859023 0.323533 -0.396744 0.437913 -0.865797 0.242130
8.538641 -18.633050 368.431910 380.655672 -0.126827 -0.394265 -0.910203 0.890100 0.359733 -0.279848 0.437764 -0.845664 0.305311
-5.451470 -71.159447 -862.279235 -5253.090811 0.622382 0.297814 -0.723842 0.710920 0.171815 0.681962 0.327465 -0.939035 -0.104788
-0.302864 -65.556670 -1503.425411 1728.790352 0.680558 0.300314 -0.668320 0.690823 0.040930 0.721865 0.244140 -0.952962 -0.179608
-2.752561 -73.950728 -290.578521 899.768161 0.616131 0.314861 -0.721973 0.749180 0.048673 0.660576 0.243130 -0.947889 -0.205898
-10.207722 -91.647831 169.982582 -9589.989571 0.574674 0.304371 -0.759677 0.660339 0.375880 0.650128 0.483427 -0.875256 0.015021
-7.478335 -84.236149 -1634.663218 9454.076116 0.651834 0.270501 -0.708479 -0.645403 -0.292675 -0.705547 0.398205 -0.917153 0.016193
-6.490389 -82.795561 541.423283 -4812.692155 0.551308 0.326773 -0.767645 0.736141 0.242479 0.631902 0.392626 -0.913468 -0.106871
-9.707856 -32.408983 -2299.801453 -172.567350 0.068721 0.271048 0.960110 -0.688659 0.709205 -0.150924 -0.721822 -0.650816 0.235397
-7.617725 -31.526448 2291.529467 199.071853 -0.067824 -0.265493 -0.961724 0.785483 -0.608553 0.112602 -0.615155 -0.747781 0.249815
-16.064643 -32.031625 1865.954612 90.092236 -0.109441 -0.288053 -0.951340 0.730428 -0.672440 0.119579 -0.674164 -0.681799 0.283995
-1225.063028 -3998.038843 16024197.023456 -1134637.464762 0.148061 0.944384 0.293628 0.223223 -0.321150 0.920344 -0.963457 0.070723 0.258358
955.392198 -7144.029326 1672708.999271 -7454965.129051 0.862367 -0.113758 0.493339 0.249390 -0.752562 -0.609471 -0.440600 -0.648621 0.620614
-35.163007 -4497.082828 652842.012576 -1964100.244127 -0.295550 -0.924157 -0.242040 0.955122 -0.291097 -0.054814 -0.019800 -0.247378 0.968717
-17.203398 -20.786012 -415.136264 175.211334 0.107455 -0.238731 -0.965122 0.786169 0.614636 -0.064505 0.608598 -0.751818 0.253729
-17.489397 -21.232583 523.109123 -158.106479 -0.167141 -0.326691 -0.930235 0.805799 0.498402 -0.319818 0.568113 -0.803037 0.179944
-18.079570 -21.627139 -85.003506 -51.798928 -0.213105 -0.394780 -0.893720 0.723842 0.550595 -0.415810 0.656231 -0.735523 0.168424
-18.608777 -21.965276 -21.227076 -75.446824 -0.174244 -0.293127 -0.940061 0.676056 0.658501 -0.330642 0.715952 -0.693147 0.083431
-16.942391 -22.086239 -700.214957 -199.682119 -0.222600 -0.485052 -0.845680 0.643875 0.578196 -0.501113 0.732034 -0.656060 0.183606
-16.338026 -20.840216 -788.871909 -7.476315 -0.123468 -0.456806 -0.880956 0.725977 0.563654 -0.394020 0.676545 -0.688203 0.262038
-14.571037 -35.082081 -1074.654108 -401.202858 0.204465 -0.245108 0.947690 0.713640 0.699990 0.027075 -0.670009 0.670773 0.318043
-13.458194 -33.443768 -102.645172 -136.335018 0.224673 -0.196390 0.954439 0.693229 0.720563 -0.014918 -0.684803 0.664996 0.298034
-13.799970 -32.799222 -542.172183 -259.396865 0.288814 -0.150624 0.945462 0.581102 0.812409 -0.048085 -0.760859 0.563298 0.322163
-13.609489 -35.052171 -595.623484 -335.297330 0.306231 -0.192558 0.932279 0.631417 0.773984 -0.047543 -0.712415 0.603216 0.358603
-39.127879 -57.692253 -280.955316 627.088275 0.769188 -0.058095 0.636376 0.558795 0.544250 -0.625732 0.309996 -0.836909 -0.451094
-40.681002 -54.829227 -407.001871 139.426211 0.714827 0.055830 0.697069 0.512516 0.636342 -0.576539 0.475762 -0.769384 -0.426260
-40.350779 -56.948848 -314.409287 725.673390 0.708132 0.042640 0.704792 0.601282 0.486856 -0.633586 0.370148 -0.872441 -0.319120
-38.719192 -54.238937 -412.791424 905.019583 0.763319 -0.082150 0.640777 0.490422 0.719327 -0.491990 0.420512 -0.689797 -0.589364
-17.848440 -256.392246 -1928.956903 45898.490098 -0.418020 0.874552 -0.245802 0.755468 0.184397 -0.628701 0.504507 0.448505 0.737778
-18.878043 -238.203499 -1169.791355 44819.501759 -0.387287 0.863669 -0.322622 0.773585 0.114041 -0.623347 0.501573 0.490990 0.712288
-30.270259 -395.895967 125.013621 71219.454954 0.342231 -0.876161 0.339442 0.875843 0.166638 -0.452914 0.340261 0.452299 0.824408
-2.276985 -27.075091 710.109984 930.751412 -0.466484 -0.443051 -0.765571 0.770877 0.220793 -0.597494 0.433753 -0.868882 0.238542
-0.131797 -24.939409 1167.636889 622.118446 -0.385059 -0.402223 -0.830630 0.776093 0.345912 -0.527281 0.499409 -0.847680 0.178965
-4.962928 -29.667955 660.461408 807.441999 -0.495652 -0.468163 -0.731541 0.726599 0.237908 -0.644557 0.475797 -0.851013 0.222247
-5.434646 -31.412042 382.687511 453.805786 -0.564306 -0.481237 -0.670798 0.740896 0.063230 -0.668637 0.364187 -0.874307 0.320866
-4.680272 -30.452736 402.133918 533.585240 -0.547281 -0.463069 -0.697173 0.765907 0.058752 -0.640261 0.337446 -0.884373 0.322514
-21.959512 -52.127298 1008.656096 3579.708000 -0.349920 -0.224368 -0.909514 -0.447118 0.893169 -0.048316 0.823190 0.389753 -0.412857
-23.089817 -56.205133 839.118548 1901.589507 -0.272641 -0.178250 -0.945460 -0.319996 0.943543 -0.085612 0.907342 0.279202 -0.314288
-21.575776 -59.464409 21.966144 3058.852733 -0.308578 -0.241308 -0.920082 -0.301222 0.942294 -0.146109 0.902244 0.232063 -0.363458
-26.224372 -48.858933 1550.184070 2484.144520 -0.307704 -0.151567 -0.939333 -0.453751 0.891115 0.004852 0.836318 0.427716 -0.342973
-17.238234 -57.806980 762.143999 4711.082817 -0.383082 -0.262209 -0.885717 -0.401082 0.910975 -0.096214 0.832095 0.318387 -0.454145
-17.526951 -41.676269 1166.241644 3644.136599 -0.449743 -0.158703 -0.878945 -0.489566 0.866887 0.093978 0.747031 0.472568 -0.467572
-21.420871 -37.192400 1918.631597 3022.574813 -0.380185 -0.186581 -0.905896 -0.537330 0.841759 0.052134 0.752819 0.506585 -0.420280
56.071594 -55.246784 4042.004683 5974.683362 -0.195344 0.446600 -0.873149 -0.021381 0.888150 0.459056 0.980502 0.108342 -0.163946
55.447458 -61.153462 2250.465288 5443.370441 0.086047 0.559719 -0.824203 0.035788 0.825001 0.563997 0.995648 -0.078027 0.050957
80.382052 -50.399026 5786.412219 7350.377322 0.001315 0.533992 -0.845489 -0.170526 0.833225 0.525981 0.985352 0.143487 0.092155
-10.690169 -16.970946 -1666.017424 -424.946588 0.584566 0.764347 -0.272134 0.060192 0.293631 0.954022 -0.809111 0.574069 -0.125640
-11.543367 -14.901690 -1326.341674 -268.139429 0.573626 0.815907 -0.072452 -0.118706 0.170321 0.978213 -0.810471 0.552527 -0.194553
-5.358308 -15.626707 -1395.995649 -395.598155 0.555965 0.742252 -0.374120 0.102799 0.385238 0.917074 -0.824825 0.548320 -0.137876
-0.373875 -13.825316 -912.697899 -338.568248 0.535667 0.681403 -0.498749 0.170505 0.491191 0.854201 -0.827036 0.542607 -0.146933
0.958370 -16.708241 -1543.289063 -615.401037 0.524698 0.693828 -0.493249 0.210494 0.455680 0.864898 -0.824854 0.557636 -0.093048
-3.439009 -18.598413 -1753.007820 -814.624568 0.542981 0.715220 -0.440036 0.196905 0.400963 0.894683 -0.816333 0.572441 -0.076885
-4.431242 -33.094762 -505.328821 1053.623768 0.767801 0.449605 0.456440 0.551892 -0.825983 -0.114752 -0.325418 -0.340012 0.882323
-3.683151 -37.574985 -821.835469 -1026.627161 0.792219 0.397435 0.463071 -0.446601 0.894725 -0.003864 -0.415856 -0.203747 0.886313
2.902622 -32.274847 -1971.787545 -752.385942 0.774704 0.408023 0.483064 -0.497725 0.864676 0.067864 -0.390004 -0.293008 0.872951
153.431803 -31.928582 -35098.511480 901.532487 0.672940 0.548989 0.495744 -0.618163 0.785450 -0.030695 -0.406234 -0.285795 0.867926
9.900387 -28.543845 -3492.475615 -0.339718 0.752217 0.431709 0.497793 0.553996 -0.823371 -0.123081 -0.356733 -0.368359 0.858518
5.776182 -47.394055 369.937038 -2311.005697 -0.609811 -0.555911 -0.564884 -0.662517 0.748734 -0.021632 0.434974 0.361054 -0.824886
7.095834 -52.633165 -77.273744 4290.993252 0.633395 0.521012 0.572152 0.686602 -0.719413 -0.104985 0.356915 0.459338 -0.813400
5.866219 -52.481100 -238.955877 2066.124586 0.606408 0.575160 0.549054 0.696707 -0.717123 -0.018264 0.383235 0.393605 -0.835587
6.401854 -54.389569 -210.594819 1764.810630 -0.569482 -0.627469 -0.531012 -0.675224 0.725497 -0.133139 0.468788 0.282732 -0.836840
1.362822 -74.049308 314.575987 -4450.529612 -0.720212 -0.524502 -0.454084 -0.079668 0.712731 -0.696898 0.689165 -0.465738 -0.555104
1.773871 -63.281575 390.554000 -3543.902113 -0.725481 -0.504878 -0.467734 0.080171 0.612987 -0.786015 0.683557 -0.607737 -0.404234
4.544135 -63.126036 742.844282 -2767.219467 -0.717905 -0.523985 -0.458314 0.054955 0.613652 -0.787662 0.693968 -0.590653 -0.411748
12.651405 -69.127983 1786.660403 -2134.373401 -0.698161 -0.548720 -0.459867 0.024986 0.623259 -0.781616 0.715505 -0.557184 -0.421425
5.881850 -74.318694 1092.685435 -4402.694402 -0.719000 -0.531706 -0.447579 -0.083162 0.705181 -0.704133 0.690017 -0.469050 -0.551243
-1.924072 -28.670780 -748.648368 1476.500250 0.501544 0.826489 -0.255672 -0.262165 0.426831 0.865497 -0.824453 0.367057 -0.430751
2.128671 -21.457586 -962.581594 1506.094110 0.533963 0.729515 -0.427424 -0.052980 0.533399 0.844203 -0.843847 0.428128 -0.323465
-0.496321 -22.823086 -1059.511589 2003.504474 0.508796 0.811292 -0.287978 -0.122837 0.399507 0.908463 -0.852078 0.426848 -0.302924
-4.274918 -29.336997 -400.058412 1566.031659 0.526117 0.830269 -0.183993 -0.284939 0.375957 0.881740 -0.801255 0.411472 -0.434374
35.716343 -18.248119 6618.892472 -2133.923872 -0.533662 -0.020650 -0.845446 -0.376250 0.901111 0.215488 0.757391 0.433096 -0.488658
69.766379 -33.832139 13502.028794 -3920.103116 -0.362665 -0.048918 -0.930635 -0.470447 0.871648 0.137514 0.804459 0.487685 -0.339129
30.316238 -24.247363 6307.241085 -2301.767782 -0.483021 -0.102746 -0.869560 -0.480006 0.861643 0.164822 0.732315 0.497006 -0.465510
12.153022 -17.362186 4901.468859 -1378.924055 -0.583254 -0.052268 -0.810606 -0.407406 0.882158 0.236259 0.702734 0.468045 -0.535816
14.332089 -26.116204 4519.642442 -1931.960281 -0.481791 -0.173307 -0.858977 -0.560776 0.814220 0.150256 0.673356 0.554086 -0.489470
4.876793 -245.460701 745.775668 14475.093878 0.649100 0.737895 -0.184878 -0.699466 0.674487 0.236252 -0.299027 0.024035 -0.953942
2.547382 -186.970517 858.138281 6598.991833 0.611187 0.769825 -0.183904 -0.776389 0.628286 0.049760 -0.153851 -0.112368 -0.981684
1.711512 -171.755167 550.538973 -4809.000144 0.646502 0.736966 -0.197271 -0.668290 0.671785 0.319521 -0.368000 0.074737 -0.926817
1.576070 -181.322574 698.965096 7216.051176 0.598649 0.776976 -0.194753 -0.781578 0.619828 0.070349 -0.175373 -0.110101 -0.978326
1.447468 -217.787330 255.255324 11117.663491 0.515843 0.725653 -0.455339 0.373754 -0.668892 -0.642566 0.770853 -0.161278 0.616259
207.591370 -9031.042694 12084.623997 2930369.834422 0.526642 0.722491 -0.447946 0.481120 -0.687748 -0.543623 0.700836 -0.070779 0.709802
0.071275 -271.275552 446.568083 -32455.703144 0.534427 0.695785 -0.479866 -0.597273 0.712600 0.368057 0.598041 0.089912 0.796406
2.560106 -429.690362 215.671891 -67964.031802 0.549616 0.736921 -0.393535 0.221679 -0.582824 -0.781776 0.805469 -0.342438 0.483689
0.181441 -274.389556 58.698468 32374.462089 0.536074 0.706786 -0.461603 0.617966 -0.701085 -0.355807 0.575102 0.094516 0.812603
1.151901 -198.912897 308.691109 19895.613951 0.520254 0.722276 -0.455690 0.410339 -0.679372 -0.608338 0.748971 -0.129503 0.649824
3.259996 -167.105186 246.950897 -1459.068792 0.504526 0.750426 -0.426983 0.214875 -0.588112 -0.779714 0.836231 -0.301638 0.457965
2.630258 -213.317200 458.574078 -14558.544955 0.526326 0.766536 -0.367972 0.113576 -0.492265 -0.863004 0.842663 -0.412429 0.346152
-7.801317 -27.035758 1087.901681 -281.934669 0.426339 0.595043 0.681292 0.904021 -0.306377 -0.298127 0.031334 0.743006 -0.668551
-6.921542 -28.517345 1115.769150 -458.918125 0.472550 0.581086 0.662598 0.871574 -0.419546 -0.253654 0.130595 0.697367 -0.704715
-10.822076 -27.993738 623.134654 -279.815897 0.415273 0.631768 0.654536 0.908094 -0.330591 -0.257053 0.053985 0.701127 -0.710990
-7.926650 -63.433043 -64.422323 -224.136316 0.761561 0.451186 0.465248 -0.644999 0.457590 0.612036 -0.063249 0.766187 -0.639497
-7.023764 -62.235602 -59.329699 112.973262 0.757681 0.447810 0.474749 -0.648925 0.594306 0.475076 0.069403 0.668032 -0.740889
-6.315859 -63.556923 -74.344278 379.596103 0.749426 0.464164 0.472136 -0.653478 0.633190 0.414775 0.106428 0.619373 -0.777850
9.136633 -246.478258 -701.600998 -22325.131389 0.869489 0.301425 0.391320 0.119694 0.640039 -0.758962 0.479230 -0.706748 -0.520428
11.742116 -660.579318 -1075.206788 -136840.133799 0.788777 0.301050 0.535910 0.327699 0.531666 -0.780989 0.520042 -0.791644 -0.320712
6.993452 -256.629266 -455.686624 1796.111330 -0.834191 -0.346384 -0.429119 -0.104969 0.863634 -0.493070 0.541393 -0.366270 -0.756796
9.525404 -264.056363 313.662735 13775.096311 -0.861987 -0.324784 -0.389221 -0.150807 0.897332 -0.414791 0.483979 -0.298848 -0.822469
-199.936795 -375.087426 -41511.620178 -50373.719161 0.442307 0.424055 0.790280 -0.448137 0.867771 -0.214820 -0.776877 -0.259137 0.573855
-342.567288 -544.263399 71578.420940 116897.250827 -0.430034 -0.380077 -0.818909 0.789747 -0.597887 -0.137225 -0.437459 -0.705742 0.557277
-190.361541 -266.935313 -22524.176380 -21230.616461 0.800883 0.287524 0.525278 -0.355246 0.934284 0.030235 -0.482065 -0.210817 0.850394
-84.013721 -446.267306 -22493.919030 -88443.721583 0.340463 0.320550 0.883930 -0.692270 0.721622 0.004951 -0.636276 -0.613604 0.467592
-55.787993 -330.177793 -19177.404588 -33.965130 0.310739 0.396463 0.863862 -0.219674 0.914204 -0.340549 -0.924762 -0.083947 0.371171
-35.377786 -58.661561 -419.851209 -2099.057380 -0.180520 -0.347477 -0.920148 0.968078 0.102623 -0.228677 0.173888 -0.932056 0.317860
-21.108054 -60.050121 -3298.439015 -3482.982733 -0.131522 -0.461778 -0.877191 0.981910 0.060908 -0.179287 0.136219 -0.884902 0.445413
-14.142178 -58.295611 -3972.299049 -7148.411243 -0.211461 -0.533252 -0.819101 0.974805 -0.175934 -0.137122 -0.070987 -0.827460 0.557020
-5.376996 -24.835773 -2936.374533 651.676975 -0.477847 -0.660080 -0.579617 0.781895 -0.620336 0.061842 -0.400378 -0.423648 0.812539
-1.612199 -24.459830 -3150.061669 805.860877 -0.353289 -0.751922 -0.556597 0.886337 -0.459392 0.058021 -0.299323 -0.472835 0.828754
6.997451 -26.555567 -2521.089133 674.897531 -0.376664 -0.727066 -0.574020 0.889972 -0.455970 -0.006444 -0.257051 -0.513289 0.818816
-4.503195 -122.543483 -452.328098 6286.219826 -0.476901 -0.472602 0.741089 0.711978 -0.702125 0.010414 0.515415 0.532605 0.671326
-4.668914 -127.800753 -715.623851 -5007.280383 -0.482226 -0.465867 0.741907 0.851608 -0.447923 0.272265 0.205478 0.763107 0.612737
-5.187391 -125.329050 -294.492449 -7331.999364 -0.486354 -0.479680 0.730320 0.873653 -0.280171 0.397788 0.013804 0.831512 0.555336
-0.273247 -33.417697 -526.884253 -538.137386 0.399520 0.655481 0.640881 0.743952 0.176661 -0.644458 -0.535649 0.734259 -0.417067
0.249318 -53.877107 -286.800066 -1838.913585 -0.241869 -0.829003 -0.504236 0.940667 -0.072867 -0.331415 0.238002 -0.554477 0.797440
0.671022 -46.788290 -238.413996 -2277.169109 -0.265701 -0.821725 -0.504154 0.961125 -0.185039 -0.204938 0.075115 -0.539007 0.838945
0.688014 -39.221627 -23.979415 -1970.962546 -0.301810 -0.812951 -0.498017 0.949806 -0.301511 -0.083424 -0.082338 -0.498198 0.863145
-0.354949 -44.590114 -222.758895 -1659.582468 -0.287275 -0.817939 -0.498446 0.953641 -0.195516 -0.228784 0.089677 -0.541062 0.836188
-0.407398 -52.759801 -277.281645 -1804.384993 -0.258110 -0.823699 -0.504876 0.933743 -0.078544 -0.349219 0.247996 -0.561561 0.789396
4.616245 -54.467098 -1152.493615 -7320.645186 -0.177295 -0.690430 -0.701336 -0.325788 0.713621 -0.620167 0.928671 0.118534 -0.351455
2.897058 -36.372278 788.168168 -1432.890476 0.114474 0.796087 0.594256 -0.269049 0.600677 -0.752861 0.956299 0.073701 -0.282948
-7.972354 -42.388690 3045.256882 -3400.371395 0.718746 0.459786 -0.521537 -0.646365 0.165512 -0.744861 0.256156 -0.872469 -0.416150
3.882001 -37.772092 3631.646571 2986.075874 0.682140 0.494076 -0.539049 0.697641 -0.218907 0.682186 0.219050 -0.841409 -0.494013
-1.823212 -34.897566 -370.814915 854.159425 0.231776 0.681394 0.694249 -0.642406 0.643137 -0.416760 0.730475 0.349395 -0.586795
3.342447 -36.127441 1269.611323 980.688241 -0.291622 -0.621509 -0.727106 -0.575171 0.721308 -0.385867 0.764287 0.305683 -0.567823
23.665419 -29.820885 7532.968374 310.311155 -0.381242 -0.549943 -0.743114 -0.646159 0.733386 -0.211243 0.661161 0.399635 -0.634948
1.992637 -38.895529 -147.151378 462.964915 0.446106 0.663783 0.600317 -0.409851 -0.444776 0.796365 -0.795620 0.601304 -0.073635
1.663962 -40.829313 -295.821299 -120.609414 0.434072 0.665762 0.606912 -0.368993 -0.483194 0.793957 -0.821843 0.568581 -0.035920
-0.207298 -42.265721 -409.344851 -218.371573 0.416254 0.648652 0.637168 -0.441650 -0.468304 0.765269 -0.794782 0.599951 -0.091544
-1.752199 -32.773698 549.822223 1349.949463 -0.367825 -0.443013 -0.817584 0.912393 -0.002156 -0.409310 0.179567 -0.896513 0.404995
4.187469 -80.235006 -1092.403414 -7570.539079 0.714050 0.324771 -0.620206 -0.658321 0.010050 -0.752670 0.238212 -0.945739 -0.220980
3.473699 -85.961628 -1026.738709 9168.235245 0.671986 0.321764 -0.667011 0.724468 -0.098857 0.682183 0.153563 -0.941645 -0.299538
-13.747077 -29.799651 -645.355165 455.340101 -0.347749 -0.351226 -0.869317 0.892713 -0.407445 -0.192490 -0.286591 -0.842988 0.455232
-16.161930 -31.064722 -610.412444 398.196750 -0.336087 -0.329488 -0.882317 0.849846 -0.509893 -0.133306 -0.405964 -0.794636 0.451382
-15.438682 -29.536200 -232.925211 381.059661 -0.253798 -0.340260 -0.905433 0.914101 -0.390418 -0.109509 -0.316236 -0.855451 0.410120
-13.706861 -31.507392 -942.918987 423.262565 -0.403607 -0.346991 -0.846580 0.832503 -0.523103 -0.182489 -0.379527 -0.778434 0.500000
-13.415085 -28.002025 -191.360184 443.321415 -0.205033 -0.356773 -0.911414 0.958302 -0.262547 -0.112807 -0.199042 -0.896539 0.395727
-11.691412 -28.474290 -423.395450 489.220373 -0.319521 -0.367285 -0.873503 0.930667 -0.295019 -0.216384 -0.178226 -0.882080 0.436085
-10.712875 -30.883586 -658.167594 414.293156 -0.410847 -0.363049 -0.836301 0.867037 -0.439187 -0.235290 -0.281871 -0.821772 0.495216
-16.023230 -20.798459 -455.643117 -302.764855 0.223739 -0.162674 -0.960978 0.821974 0.561316 0.096356 0.523737 -0.811457 0.259302
-15.029413 -20.259121 785.500544 -422.327540 -0.148968 -0.296899 -0.943218 0.865950 0.421371 -0.269401 0.477430 -0.856912 0.194328
0.706570 -33.622539 3704.913491 376.308387 0.384717 -0.242280 0.890670 0.867752 0.423858 -0.259520 -0.314641 0.872722 0.373305
-7.712632 -34.815932 1068.681449 -176.318555 0.123730 -0.297088 0.946800 0.945402 0.325195 -0.021507 -0.301505 0.897768 0.321104
-9.222663 -35.231167 724.416252 -481.021379 0.159617 -0.271794 0.949026 0.888787 0.457954 -0.018331 -0.429628 0.846408 0.314665
-7.744493 -61.521530 212.792179 -90.123485 0.414025 0.710217 0.569364 0.811750 -0.571099 0.122100 -0.411880 -0.411628 0.812968
-7.068259 -62.241764 -273.894764 -1143.425873 -0.403869 -0.712558 -0.573717 0.877671 -0.478697 -0.023294 -0.258038 -0.512943 0.818722
-5.941491 -68.036948 -67.600577 -2165.371355 -0.419983 -0.714866 -0.559089 0.878823 -0.474083 -0.053989 -0.226459 -0.514015 0.827348
-39.772313 -51.546877 -527.325438 396.645925 0.729746 0.078570 0.679189 0.379291 0.779987 -0.497754 0.568867 -0.620844 -0.539392
-43.348399 -53.272234 -915.061925 -99.430266 0.658233 0.214679 0.721556 0.428094 0.681678 -0.593339 0.619246 -0.699449 -0.356800
-7.588921 -167.525829 -1234.046882 29169.385283 0.231858 -0.832603 0.503006 0.834392 -0.095581 -0.542820 0.500031 0.545561 0.672556
-8.165245 -1137.828168 -17096.740773 267804.034423 0.018447 -0.840985 0.540744 0.937161 -0.173920 -0.302457 0.348408 0.512344 0.784930
-12.397504 -265.267999 -1947.549299 48188.745840 -0.393660 0.857491 -0.331273 0.762067 0.102884 -0.639272 0.514087 0.504108 0.693967
-4.260325 -90.088573 1373.792217 11983.172212 -0.302699 0.841966 -0.446616 0.784002 -0.046492 -0.619014 0.541953 0.537523 0.646030
-20.973826 -57.450315 -586.165736 502.275468 -0.242285 -0.176266 -0.954059 -0.161493 0.976966 -0.139487 0.956670 0.120278 -0.265170
-27.156267 -54.221157 1269.480036 1278.148609 -0.228452 -0.061487 -0.971612 -0.312041 0.949976 0.013252 0.922193 0.306210 -0.236210
-24.416461 -58.887348 89.397131 -1881.999296 -0.187736 -0.053555 -0.980758 -0.082294 0.995859 -0.038627 0.978766 0.073459 -0.191366
58.660602 -83.886776 -4567.526073 8173.114179 0.060506 0.818789 0.570897 -0.121317 0.573738 -0.810005 0.990768 0.020249 -0.134048
62.258634 -106.934740 -1416.082129 9860.415202 -0.130814 0.813126 0.567198 0.170399 0.582041 -0.795105 0.976653 0.007361 0.214695
49.137072 -84.345219 4342.235543 10036.163440 -0.272030 0.805447 0.526550 -0.104225 0.519305 -0.848210 0.956628 0.285618 0.057318
51.774127 -57.229316 -1599.859709 2691.110660 -0.120187 0.818873 0.561250 -0.239963 0.524621 -0.816817 0.963313 0.232850 -0.133447
13.299789 -37.875584 33.347181 -571.748664 0.450773 0.709536 0.541630 0.852720 -0.521708 -0.026240 0.263955 0.473687 -0.840207
11.842874 -36.848482 -1323.662419 -476.235857 0.457631 0.748828 0.479407 0.847589 -0.530304 0.019241 0.268640 0.397535 -0.877382
11.860721 -37.480776 51.968157 -235.569554 0.462312 0.700058 0.544230 -0.791562 0.602430 -0.102506 0.399620 0.383402 -0.832650
13.620356 -36.616969 -1051.565688 -745.406385 0.441533 0.750623 0.491542 0.883908 -0.457997 -0.094583 0.154129 0.476239 -0.865702
14.166340 -36.660405 920.939895 -524.071852 0.445464 0.676381 0.586576 0.876769 -0.462182 -0.132903 0.181212 0.573495 -0.798915
-11.823413 -15.446929 -685.487165 1131.623934 0.287781 0.715493 0.636594 -0.536645 -0.430078 0.725979 -0.793218 0.550548 -0.260197
-9.579179 -14.833996 -889.501626 1124.037582 0.215440 0.710375 0.670040 -0.574111 -0.462903 0.675364 -0.789926 0.530178 -0.308106
-10.288207 -13.179033 -1214.222995 -37.605740 0.504308 0.852249 0.139086 -0.279653 0.008800 0.960061 -0.816987 0.523062 -0.242772
-5.761144 -39.962472 -419.596537 -731.509829 0.792538 0.415483 0.446383 -0.446193 0.894045 -0.039956 -0.415687 -0.167506 0.893950
-4.196152 -41.737048 -188.121920 -558.702902 0.813452 0.386058 0.435034 -0.358768 0.921757 -0.147141 -0.457800 -0.036385 0.888310
-6.582073 -36.221943 -573.081611 -930.569345 0.777959 0.435168 0.453219 -0.515408 0.854536 0.064206 -0.359352 -0.283542 0.889084
7.070450 -59.885201 149.855583 3385.824403 0.632859 0.532667 0.561921 0.730952 -0.650365 -0.206723 0.255339 0.541564 -0.800944
-4.972157 -67.525711 221.076747 -345.102686 0.816856 0.306217 0.488853 -0.575061 0.365767 0.731792 -0.045281 0.878889 -0.474872
-6.038814 -69.312406 139.364438 -920.500691 0.831527 0.316942 0.456191 -0.514340 0.129124 0.847809 -0.209801 0.939614 -0.270386
-5.199313 -70.681493 259.156740 -709.872884 0.836254 0.287064 0.467197 -0.529461 0.201061 0.824163 -0.142653 0.936573 -0.320128
-3.942167 -67.545301 201.557099 175.021191 0.820919 0.287051 0.493653 -0.571013 0.403539 0.714913 -0.006008 0.868768 -0.495183
-3.919915 -64.693792 352.294554 -294.652932 0.804871 0.298740 0.512773 -0.587285 0.525181 0.615859 0.085317 0.796831 -0.598149
1.715759 -51.459755 -243.271007 1133.683832 0.719024 0.478350 0.504169 0.302498 0.437709 -0.846703 0.625699 -0.761310 -0.170023
2.375404 -54.918571 242.004851 1122.491588 0.696538 0.499005 0.515586 0.362994 0.374764 -0.853104 0.618926 -0.781374 -0.079902
2.477232 -54.528554 -65.075750 -1311.368609 0.713527 0.502610 0.488121 0.228244 0.491936 -0.840181 0.662408 -0.710902 -0.236292
1.944707 -54.443484 -421.262740 1937.392582 0.705975 0.463309 0.535672 0.448987 0.292162 -0.844424 0.547732 -0.836652 0.001761
1.562537 -53.343522 -236.286434 -1613.114760 0.726393 0.494668 0.477134 0.180688 0.532363 -0.827008 0.663102 -0.686945 -0.297324
1.195618 -48.853869 48.510964 -348.253827 0.716316 0.485839 0.500851 0.265765 0.473720 -0.839618 0.645183 -0.734540 -0.210214
1.755058 -50.843545 -527.086770 1767.922304 0.716796 0.456474 0.527100 0.369027 0.393048 -0.842219 0.591626 -0.798213 -0.113285
60.229937 -19.461465 7624.715197 -2346.481042 -0.410609 0.096330 -0.906709 -0.336282 0.908306 0.248787 0.847534 0.407065 -0.340565
1.650934 -46.886186 174.020359 527.956951 0.808377 0.450110 0.379378 -0.259505 0.850955 -0.456655 -0.528378 0.270698 0.804698
2.676124 -47.999702 81.041234 -194.766589 0.800286 0.460313 0.384258 -0.373505 0.884014 -0.281094 -0.469081 0.081433 0.879393
2.053666 -48.047040 -158.043679 326.164182 0.800527 0.437817 0.409234 -0.257139 0.867736 -0.425339 -0.541328 0.235266 0.807226
0.793944 -45.590812 -4.117094 849.134487 0.809083 0.429800 0.400820 -0.151820 0.811728 -0.563958 -0.567746 0.395436 0.722008
-2.485945 -143.435808 -264.694765 10553.870262 0.493470 0.790124 -0.363581 0.287960 -0.542866 -0.788908 0.820711 -0.284606 0.495412
-2.269386 -160.997616 -433.954700 17292.674786 0.493526 0.784539 -0.375407 0.116252 -0.487268 -0.865480 0.861927 -0.383495 0.331683
-2.119054 -117.475975 12.563099 5478.821968 0.492425 0.785592 -0.374650 0.032216 -0.446613 -0.894147 0.869758 -0.428231 0.245232
-2.219887 -170.067137 -427.171798 7673.233456 0.495436 0.787426 -0.366748 0.504156 -0.604481 -0.616790 0.707368 -0.120681 0.696467
-2.005962 -151.509636 1412.404199 10893.136759 0.453095 0.795327 -0.402691 0.115244 -0.500186 -0.858215 0.883982 -0.342445 0.318289
-1.505020 -153.780640 238.026227 9038.402185 0.479938 0.788001 -0.385635 0.545965 -0.612351 -0.571794 0.686718 -0.063882 0.724111
11.781538 -300.445709 1481.880141 48259.251334 0.537358 0.715773 -0.445999 0.539612 -0.698228 -0.470422 0.648124 -0.012119 0.761438
4.932936 -306.319598 1690.414848 -40007.249420 0.564506 0.664886 -0.489142 -0.684841 0.708073 0.172120 0.460788 0.237821 0.855053
17.924491 -1551.769042 4529.019316 -51881.180179 0.552436 0.822762 0.133703 -0.491151 0.191695 0.849720 -0.673487 0.535085 -0.509999
7.810532 -375.141908 10388.277593 50833.431446 0.678672 0.661369 0.319367 -0.617636 0.278659 0.735442 -0.397404 0.696377 -0.597603
20.265896 -1160.924119 1766.693090 276349.576043 0.788713 0.572706 -0.223474 0.530294 -0.449905 0.718591 -0.310999 0.685269 0.658548
1.557412 -50.106353 -452.299009 2966.120049 -0.822788 -0.434411 0.366478 -0.192562 0.819750 0.539379 -0.534733 0.373225 -0.758132
0.926174 -40.586980 -1272.170010 1598.028582 -0.843392 -0.371238 0.388423 -0.047811 0.771904 0.633939 -0.535167 0.516088 -0.668767
3.136194 -44.403358 -294.125499 1808.867548 -0.824300 -0.401386 0.399272 -0.060065 0.763259 0.643295 -0.562958 0.506286 -0.653264
-0.031266 -55.262008 453.594066 3413.135743 -0.798555 -0.471221 0.374514 -0.198164 0.793325 0.575644 -0.568367 0.385468 -0.726892
-0.807219 -62.417773 614.649197 3516.106154 -0.796131 -0.474196 0.375917 -0.312846 0.854300 0.415090 -0.517980 0.212862 -0.828485
-11.064792 -29.811095 731.162246 -378.738146 0.452444 0.624572 0.636557 0.881692 -0.420409 -0.214184 0.133841 0.658153 -0.740892
-5.957015 -66.633256 -1.886807 2021.974535 0.742541 0.461444 0.485492 -0.635099 0.715333 0.291458 0.212797 0.524755 -0.824226
15.026948 -474.073618 918.424903 -99095.176818 0.833863 0.283390 0.473669 0.477696 0.059438 -0.876512 0.276548 -0.957161 0.085811
10.857300 -246.519516 241.174177 -36408.835408 0.837381 0.350251 0.419664 0.472063 -0.076296 -0.878257 0.275591 -0.933543 0.229229
9.686554 -358.149714 634.377878 -55185.665355 0.850420 0.284497 0.442545 0.347155 0.328594 -0.878356 0.395308 -0.900604 -0.180679
21.553363 -581.939676 1126.751093 -138002.073443 0.852287 0.252350 0.458177 0.328449 0.423533 -0.844240 0.407097 -0.870023 -0.278088
10.917653 -358.059987 -748.631362 -65017.450433 0.886054 0.271127 0.376030 0.377983 0.047098 -0.924614 0.268398 -0.961391 0.060750
-185.065139 -314.109514 10931.089533 52791.029696 0.977021 -0.039897 0.209374 0.068679 -0.871003 -0.486454 -0.201773 -0.489656 0.848248
-422.163326 -513.001094 53769.202313 95576.978737 0.997049 -0.011109 0.075960 0.054928 -0.588030 -0.806972 -0.053631 -0.808763 0.585684
-85.708153 -251.633298 20337.317738 44201.370747 -0.525883 -0.184587 -0.830286 0.798103 -0.444588 -0.406660 -0.294071 -0.876510 0.381121
-281.523410 -375.821122 58214.602381 75396.129778 -0.690723 -0.153029 -0.706741 0.701843 -0.377208 -0.604260 -0.174119 -0.913398 0.367949
-42.206346 -57.532168 541.401247 -637.755790 -0.346970 -0.284471 -0.893694 0.905719 0.145750 -0.398033 0.243485 -0.947541 0.207079
-37.656019 -55.316249 228.803333 -1662.274436 -0.543863 -0.210414 -0.812366 0.833659 -0.024672 -0.551728 0.096049 -0.977301 0.188832
-3.137710 -29.219286 1400.635657 -1887.303564 0.754339 0.462379 0.466024 -0.545629 0.836323 0.053412 -0.365050 -0.294567 0.883158
-1.420492 -30.253724 -1555.307422 3011.454968 0.869271 0.116936 0.480306 0.335631 -0.852955 -0.399773 -0.362932 -0.508717 0.780697
10.496376 -31.759763 425.566858 486.207151 0.577338 0.497307 0.647586 -0.507065 0.840016 -0.193022 -0.639974 -0.216929 0.737140
5.690416 -30.359504 2950.241234 188.535333 0.648211 0.494719 0.578857 -0.484771 0.854348 -0.187314 -0.587213 -0.159194 0.793623
-2.179994 -28.549105 2332.351341 147.245304 0.642919 0.489492 0.589112 -0.527120 0.840791 -0.123347 -0.555697 -0.231230 0.798582
-4.604538 -98.714579 -50.294749 -10894.494868 0.497404 0.487401 -0.717656 -0.391750 0.864297 0.315473 0.774029 0.124225 0.620844
-3.759529 -108.199059 630.201686 -13443.619743 0.476351 0.473168 -0.741081 -0.462444 0.851684 0.246536 0.747820 0.225271 0.624514
24.097711 -30.903677 -3888.015932 883.684379 0.515259 0.626060 0.585283 0.596159 0.228801 -0.769574 -0.615713 0.745452 -0.255340
-0.006331 -52.544348 85.601738 -2712.785056 -0.243317 -0.821007 -0.516473 0.959445 -0.125583 -0.252376 0.142342 -0.556935 0.818268
-0.577087 -83.279373 -927.950046 -2052.242625 0.219773 0.766406 0.603591 0.148580 -0.637796 0.755738 -0.964170 0.076410 0.254043
-1.608695 -79.268990 -1336.911743 -1944.776034 0.211308 0.780023 0.588993 -0.103364 -0.581388 0.807034 -0.971939 0.231413 0.042226
2.769593 -79.882163 -543.151410 -692.196527 0.239232 0.764426 0.598683 -0.056227 -0.604645 0.794508 -0.969333 0.223734 0.101670
-4.471431 -78.814715 -1439.593308 -2059.622958 0.213308 0.775375 0.594385 0.064236 -0.618201 0.783391 -0.974871 0.128923 0.181674
2.024488 -80.033142 -660.858986 -911.678510 0.218944 0.762817 0.608419 0.151185 -0.642538 0.751191 -0.963954 0.072485 0.256006
0.992633 -78.902464 -620.679286 -1513.277577 0.215695 0.768682 0.602166 0.346289 -0.636817 0.688875 -0.912995 -0.059936 0.403544
-0.643040 -78.076029 -656.807844 1609.686206 0.234939 0.761929 0.603546 0.467003 -0.633046 0.617382 -0.852474 -0.136810 0.504550
-3.581565 -77.562152 -940.725142 146.440440 0.234214 0.752494 0.615546 0.319449 -0.657569 0.682317 -0.918203 -0.036827 0.394395
5.309845 -83.192775 -1526.554338 -6219.155676 -0.209340 -0.622176 -0.754370 -0.639635 0.670651 -0.375626 0.739624 0.403888 -0.538359
6.927583 -77.896655 -1354.230586 -9486.546299 -0.200321 -0.643984 -0.738347 -0.475805 0.722729 -0.501270 0.856435 0.250894 -0.451189
0.204903 -89.283729 -1766.671700 -5019.088476 -0.224891 -0.608277 -0.761199 -0.731390 0.621555 -0.280603 0.643811 0.493629 -0.584670
-9.021009 -29.232079 -1868.349861 750.529459 0.418512 0.719953 -0.553638 0.023850 0.600669 0.799142 -0.907898 0.347655 -0.234217
-8.114803 -32.862854 1308.890768 991.521082 -0.433288 -0.587993 0.683027 -0.032321 0.767512 0.640219 -0.900676 0.255323 -0.351558
-2.251048 -33.435207 1781.092365 954.254768 -0.405596 -0.665823 0.626237 0.011832 0.681239 0.731965 -0.913976 0.304292 -0.268430
-13.216174 -27.368853 1257.021991 636.994144 -0.463364 -0.642679 0.610130 0.009779 0.684753 0.728709 -0.886114 0.343624 -0.311005
-1.838400 -30.525230 -1729.854215 616.818931 0.413739 0.747138 -0.520197 0.086751 0.536441 0.839467 -0.906253 0.392448 -0.157132
-14.466869 -24.869087 -1194.210671 128.718910 0.474211 0.810682 -0.343393 -0.041011 0.409954 0.911184 -0.879455 0.418011 -0.227651
2.190242 -37.396887 -312.035538 423.853995 0.450282 0.671368 0.588651 -0.461840 -0.389103 0.797059 -0.764166 0.630764 -0.134858
-4.528510 -32.803899 558.735969 1028.422299 -0.444125 -0.450205 -0.774641 0.876796 -0.040504 -0.479154 0.184342 -0.892006 0.412726
-6.529903 -35.118511 565.783490 457.627956 -0.421092 -0.456183 -0.783951 0.905599 -0.163124 -0.391511 0.050720 -0.874807 0.481809
-3.101382 -36.272515 512.614336 575.281417 -0.372571 -0.449759 -0.811731 0.927148 -0.142841 -0.346401 0.039849 -0.881654 0.470211
7.405034 -128.881477 -569.373824 17796.929281 0.667955 0.364397 -0.648885 0.737801 -0.210142 0.641474 0.097393 -0.907224 -0.409218
-17.210972 -30.582146 171.451499 355.070892 -0.222037 -0.324908 -0.919312 0.877974 -0.476721 -0.043568 -0.424099 -0.816806 0.391111
-15.488512 -32.196895 -1024.924963 230.873967 -0.405014 -0.331113 -0.852249 0.772658 -0.622312 -0.125411 -0.488840 -0.709290 0.507882
-0.088640 -357.559136 264.183972 -44065.124369 -0.652723 -0.496991 0.571797 0.713745 -0.150354 0.684077 -0.254009 0.854631 0.452864
6.814288 -335.918551 1455.599369 15370.479211 -0.627180 -0.538505 0.562723 0.775852 -0.495531 0.390516 0.068552 0.681514 0.728587
1.664801 -331.073523 607.646632 31905.564149 -0.645848 -0.515004 0.563606 0.751994 -0.556609 0.353116 0.131852 0.651888 0.746764
-1.531906 -482.720240 1587.241884 74131.056309 -0.621260 -0.533611 0.573843 0.752344 -0.610960 0.246385 0.219122 0.584796 0.781024
-1.010722 -531.477051 -498.089767 -100423.315591 -0.631917 -0.507675 0.585617 0.734204 -0.150102 0.662128 -0.248243 0.848372 0.467589
3.927037 -438.260410 -618.043630 -88254.891521 0.665659 0.509789 -0.544989 -0.608974 0.793188 -0.001854 0.431333 0.333118 0.838441
