17652
35295
-49.846713 -80.231149 -341.681577 13563.106712 -0.231932 0.972620 -0.014779 -0.863442 -0.212847 -0.457345 0.447969 0.093313 -0.889166
-58.909854 -96.717330 -1393.363205 12403.403734 -0.162791 0.985557 0.046662 -0.810063 -0.106504 -0.576589 0.563292 0.131663 -0.815700
-65.605505 -103.595342 3231.570855 17439.162160 0.115924 0.979628 0.163982 -0.829634 0.186275 -0.526317 0.546141 0.075032 -0.834326
-51.465267 -80.863870 -1181.364868 11346.697443 -0.428918 0.902676 -0.034710 -0.775556 -0.387673 -0.498220 0.463187 0.186776 -0.866356
-53.533017 -83.933819 77.578204 20046.905635 0.078319 0.993519 0.082383 -0.903392 0.105675 -0.415590 0.421602 0.041876 -0.905813
-42.827289 -61.229494 179.559259 10331.796698 -0.342899 0.934498 -0.095569 -0.873110 -0.354590 -0.334582 0.346554 0.031285 -0.937508
-42.613678 -68.184588 -195.155452 7010.216250 -0.550814 0.824032 -0.132571 -0.737491 -0.554899 -0.384960 0.390783 0.114272 -0.913362
38.999167 -151.020127 -5993.059724 27427.518592 0.704632 0.662469 0.254220 0.015009 0.344277 -0.938748 0.709414 -0.665288 -0.232646
63.707491 -116.028699 -10862.012861 13928.531624 0.661005 0.644779 0.383838 -0.003845 0.514428 -0.857525 0.750371 -0.565353 -0.342519
53.779308 -137.848151 2621.981983 24376.301361 0.716255 0.643757 0.269364 -0.084673 0.463317 -0.882138 0.692683 -0.609028 -0.386362
55.722036 -125.436722 -14146.895522 17350.842186 0.653782 0.664210 0.362483 0.080647 0.415149 -0.906172 0.752373 -0.621672 -0.217851
38.447721 -184.195445 4149.822211 41844.512033 0.748141 0.647066 0.146940 -0.044974 0.270389 -0.961700 0.662014 -0.712879 -0.231390
24.988440 -170.291279 -2123.850713 13910.440551 0.735975 0.661420 0.144445 0.130430 0.070835 -0.988924 0.664326 -0.746663 0.034136
44.170698 -138.771170 -14012.575059 13557.436137 0.672349 0.684431 0.281957 0.168810 0.229096 -0.958654 0.720728 -0.692148 -0.038493
-67.219414 -100.164626 -2224.549382 -2670.402199 0.726551 0.557233 0.402013 -0.261663 -0.316608 0.911752 -0.635339 0.767626 0.084225
-67.822413 -101.678626 4155.976622 -4415.331953 0.687953 0.609582 0.393867 -0.307299 -0.246985 0.919003 -0.657486 0.753265 -0.017410
-70.889616 -105.260059 2507.357631 1122.786936 0.622624 0.556648 0.549984 -0.273861 -0.503384 0.819515 -0.733035 0.660868 0.160974
-63.164817 -94.401088 566.690500 -5658.180555 0.785708 0.582687 0.207701 -0.218369 -0.052887 0.974432 -0.578773 0.810974 -0.085687
-69.099586 -100.963782 -2650.625455 1815.593397 0.692224 0.503944 0.516591 -0.245892 -0.508288 0.825336 -0.678500 0.698343 0.227934
-70.181739 -96.808934 -4212.778393 357.115959 0.793987 0.499295 0.346827 -0.165621 -0.371268 0.913635 -0.584939 0.782856 0.212089
-65.902276 -95.351962 -2808.873656 -2845.179087 0.823596 0.540627 0.171497 -0.124757 -0.122285 0.984623 -0.553285 0.832327 0.033267
-2.962589 -156.038881 -1753.226370 -17304.199561 0.627798 0.101011 -0.771794 0.200838 0.936949 0.285992 0.752020 -0.334551 0.567928
-3.877146 -170.183251 -2829.242011 -11363.030263 0.631423 0.113787 -0.767045 0.016899 0.986921 0.160316 0.775255 -0.114189 0.621242
1.803182 -162.852516 -3038.082107 -9259.751714 0.632086 0.109240 -0.767159 0.108857 0.967678 0.227484 0.767214 -0.227300 0.599765
1.413827 -145.904721 -3104.116924 -15928.167769 0.632889 0.099376 -0.767839 0.292327 0.887654 0.355832 0.716936 -0.449662 0.532736
-2.073398 -139.108856 -2019.787611 -13482.571942 0.631474 0.097876 -0.769195 0.332315 0.862119 0.382515 0.700576 -0.497163 0.511880
-4.540633 -143.632635 96.894129 -8226.618205 0.622695 0.098366 -0.776257 0.299502 0.886552 0.352595 0.722876 -0.452050 0.522591
26.761487 -135.945002 11205.532158 23650.957118 -0.790859 -0.564430 0.236560 -0.584967 0.810782 -0.021126 -0.179874 -0.155087 -0.971387
24.033530 -159.187710 -432.655108 40094.133231 -0.777782 -0.580770 0.240334 -0.597689 0.801722 0.003097 -0.194480 -0.141237 -0.970685
17.982496 -162.788882 -15513.355807 14197.186673 0.739338 0.610889 -0.283183 -0.668589 0.715885 -0.201237 -0.079793 -0.338116 -0.937716
29.986049 -117.564450 2614.113672 33655.128848 -0.824184 -0.517434 0.230179 -0.496543 0.855703 0.145658 -0.272333 0.005755 -0.962186
30.163421 -137.579342 -14998.628637 4107.467181 0.750859 0.613581 -0.244396 -0.659673 0.714817 -0.232097 -0.032288 -0.335493 -0.941489
35.509450 -105.851168 6499.232473 25803.710545 -0.848346 -0.496782 0.183075 -0.477911 0.867342 0.138993 -0.227838 0.030421 -0.973224
-6.005345 -47.002918 -165.532734 1724.156082 -0.369569 0.908874 -0.193307 -0.851348 -0.247838 0.462368 -0.372325 -0.335448 -0.865360
-5.389860 -52.332152 -1652.389745 4444.277940 -0.386833 0.901987 -0.191778 0.881962 0.301160 -0.362556 -0.269265 -0.309389 -0.912017
-4.199810 -51.708240 -816.834010 3128.535797 -0.390641 0.901440 -0.186560 0.877435 0.303330 -0.371615 -0.278400 -0.308863 -0.909449
-4.741927 -46.101032 -215.954182 2997.548687 -0.380403 0.904933 -0.190761 -0.842424 -0.253951 0.475216 -0.381595 -0.341476 -0.858941
-6.243774 -49.766643 293.412601 3530.847436 -0.365919 0.909983 -0.195021 -0.813637 -0.211084 0.541699 -0.451771 -0.356894 -0.817636
-5.202954 -47.195588 1511.296168 8462.019515 -0.333551 0.919407 -0.208408 -0.830673 -0.182095 0.526141 -0.445788 -0.348614 -0.824464
17358.006414 -829.194587 -10020010.926601 221139.503553 0.432479 0.553808 0.711519 0.501106 0.508403 -0.700299 0.749569 -0.659411 0.057643
477.699419 -42.498848 -134559.010448 -8234.551498 -0.120343 0.733257 0.669217 0.606974 0.587782 -0.534879 0.785557 -0.341829 0.515803
513.065994 -45.526279 -201020.691538 9161.862316 0.011435 0.738421 0.674243 0.456477 0.596072 -0.660551 0.889662 -0.315330 0.330256
1579.724748 -60.270315 -866168.979326 32632.229256 0.421375 0.617997 0.663719 0.426718 0.510676 -0.746406 0.800222 -0.597738 0.048525
476.863647 -45.539149 -187871.277408 2893.131665 0.089600 0.777643 0.622289 0.456027 0.523430 -0.719764 0.885444 -0.348272 0.307727
-4.721179 -75.239861 -795.409522 4087.811745 -0.555954 0.827752 0.075776 0.333348 0.138519 0.932572 -0.761442 -0.543727 0.352940
-4.392551 -85.866612 195.831542 2080.911458 -0.559617 0.827277 0.049414 0.202591 0.078741 0.976093 -0.803608 -0.556249 0.211664
-3.266000 -75.942078 -570.304471 5995.341053 -0.563242 0.824212 0.058586 0.333872 0.162155 0.928566 -0.755836 -0.542568 0.366514
-2.604079 -70.051097 -660.733769 6333.561350 -0.553628 0.829040 0.078674 0.428983 0.202941 0.880221 -0.713772 -0.521065 0.467998
-1.372007 -71.306889 -1096.649133 7840.512567 -0.571669 0.818714 0.053875 0.397469 0.218893 0.891125 -0.717784 -0.530842 0.450548
2.167151 -91.750592 -330.486067 3841.003332 -0.376562 0.916980 0.131718 0.722179 0.201517 0.661702 -0.580224 -0.344295 0.738106
5.306694 -98.936703 -1897.609052 4600.779731 -0.412208 0.905840 0.097665 0.616034 0.198131 0.762395 -0.671257 -0.374430 0.639700
5.429291 -98.503628 -2908.216971 4476.310225 -0.367743 0.918227 0.147052 0.720221 0.181197 0.669664 -0.588258 -0.352174 0.727960
2.953089 -91.347479 -2308.679025 4112.555869 -0.331819 0.926743 0.176192 0.805041 0.180829 0.564986 -0.491737 -0.329315 0.806069
-4.237338 -62.553920 -5862.218303 -6413.835276 0.142363 -0.969833 -0.197883 0.988298 0.128211 0.082643 -0.054780 -0.207333 0.976736
-1.095259 -68.081994 -4019.620035 -7184.216660 0.213347 -0.956448 -0.199225 0.974166 0.192808 0.117580 -0.074047 -0.219164 0.972874
-0.274345 -65.250290 -5203.649418 -487.106282 0.106660 -0.974876 -0.195551 0.986754 0.079606 0.141352 -0.122233 -0.208037 0.970453
-3.773145 -60.626177 -2642.682648 -3637.447747 0.018052 -0.977276 -0.211202 0.998121 0.005245 0.061042 -0.058547 -0.211908 0.975534
-39.416511 -54.746497 326.824290 -10932.891301 0.549042 0.701544 -0.454301 -0.071173 -0.502337 -0.861738 0.832759 -0.505464 0.225873
-36.816295 -66.886813 682.149232 -3739.443618 0.545597 0.582276 -0.602726 -0.272095 -0.557161 -0.784561 0.792646 -0.592053 0.145551
-34.528103 -63.199056 2448.685527 5748.166154 0.437580 0.510274 -0.740368 0.364675 0.651915 0.664845 0.821910 -0.560917 0.099181
28.776521 -104.134695 11018.133629 31524.131455 0.515021 0.753748 -0.408188 0.700217 -0.095277 0.707544 0.494419 -0.650220 -0.576857
28.145633 -86.089551 -7347.114384 25930.411338 0.491231 0.758149 -0.428839 0.724942 -0.082931 0.683800 0.482858 -0.646787 -0.590352
23.551950 -135.774929 1141.595158 40427.571817 0.589822 0.728128 -0.349199 0.701633 -0.248003 0.667987 0.399777 -0.639003 -0.657156
37.300166 -164.536088 21579.792786 50497.852606 0.598170 0.727319 -0.336451 0.685221 -0.246512 0.685349 0.415529 -0.640498 -0.645831
26.687267 -180.226849 10755.799299 40994.527836 0.653951 0.698010 -0.291771 0.707699 -0.428087 0.562053 0.267415 -0.574041 -0.773929
-6.558755 -79.451325 727.912969 -5836.134532 0.348609 -0.918948 -0.184407 0.937254 0.340691 0.074065 -0.005237 -0.198655 0.980055
-5.405125 -78.378455 801.871730 -8493.175142 0.361536 -0.913041 -0.188807 0.932339 0.352755 0.079417 -0.005908 -0.204744 0.978798
-5.664589 -86.141312 1328.141002 -12624.161210 0.354979 -0.915096 -0.191283 0.933161 0.359214 0.013261 0.056577 -0.183205 0.981445
-9.840235 -75.245022 -10205.152096 -1343.234334 0.176413 0.793861 0.581947 -0.441922 0.592162 -0.673831 0.879536 0.138303 -0.455290
-7.522656 -72.086079 -10996.356292 548.665065 0.190527 0.759626 0.621827 -0.341216 0.645179 -0.683605 0.920474 0.081932 -0.382120
3.610756 -77.527677 -11148.905632 -591.383609 0.154714 0.820443 0.550396 -0.414799 0.559566 -0.717515 0.896663 0.117295 -0.426892
-5.815814 -140.718920 -359.740798 -4081.497684 -0.012447 0.999279 -0.035860 -0.818558 0.010415 0.574329 -0.574289 -0.036502 -0.817839
-5.545986 -141.759211 -162.006548 3604.771155 0.026965 0.997958 -0.057903 -0.918496 0.047595 0.392555 -0.394509 -0.042598 -0.917904
-3.806233 -150.153095 1190.486088 -2358.927368 0.014638 0.998426 -0.054138 -0.898342 0.036906 0.437744 -0.439053 -0.042227 -0.897468
-3.810560 -144.854091 -482.309767 2225.474768 0.045145 0.995704 -0.080844 -0.969587 0.063159 0.236455 -0.240545 -0.067711 -0.968273
-5.372954 -150.678174 -629.585935 -1220.440920 -0.015828 0.999008 -0.041632 -0.767446 0.014551 0.640948 -0.640918 -0.042095 -0.766454
-3.976624 -159.161139 1145.899344 -3249.479626 0.017889 0.997856 -0.062961 -0.901189 0.043366 0.431250 -0.433056 -0.049025 -0.900033
-4.265510 -149.274606 -17.029366 -31.060762 0.038758 0.995813 -0.082793 -0.959670 0.060182 0.274610 -0.278443 -0.068811 -0.957985
10.238274 -158.991019 -1163.160490 4410.876730 -0.313429 0.943516 0.107421 0.448325 0.047304 0.892618 -0.837118 -0.327931 0.437828
16.461360 -163.050327 -839.999510 -753.428877 -0.327585 0.941468 0.079541 0.277160 0.015272 0.960702 -0.903256 -0.336757 0.265940
32.923429 -156.027502 -15328.039037 -2191.532480 -0.321124 0.932447 0.165597 0.301202 -0.065220 0.951327 -0.897862 -0.355372 0.259911
58.705020 -150.298081 -23118.531577 -5320.290067 -0.260137 0.929806 0.260365 0.350928 -0.160167 0.922603 -0.899543 -0.331373 0.284629
27.580341 -157.206123 -12266.843690 3603.996462 -0.300224 0.935474 0.186423 0.493877 -0.014756 0.869407 -0.816059 -0.353086 0.457579
66.363039 -143.049236 -31814.443154 -17030.921193 -0.326817 0.917070 0.228413 0.117472 -0.200392 0.972648 -0.937758 -0.344710 0.042239
36.542610 -319.211025 5333.233369 78858.349522 -0.565976 -0.345918 0.748340 0.793719 -0.474044 0.381171 0.222892 0.809706 0.542859
32.817411 -300.732231 12409.057249 91508.833351 -0.571930 -0.387152 0.723193 0.717786 -0.662965 0.212744 0.397087 0.640773 0.657063
25.511022 -405.539255 12976.097933 120162.134447 -0.592624 -0.400368 0.698929 0.793868 -0.437125 0.422725 0.136274 0.805374 0.576890
20.288986 -393.976484 14303.848656 32082.491004 -0.572111 -0.411771 0.709319 0.794562 -0.063812 0.603821 -0.203373 0.909051 0.363685
31.687780 -380.765070 9850.811449 55571.599956 -0.580161 -0.373562 0.723785 0.807822 -0.150334 0.569932 -0.104096 0.915342 0.388990
4.464776 -286.865840 -2245.680676 43161.065654 0.482126 0.410129 -0.774176 0.588883 0.502560 0.632970 0.648669 -0.761070 0.000780
1.629973 -295.389708 1115.260547 28311.500015 0.481306 0.429356 -0.764198 0.724812 0.295338 0.622433 0.492942 -0.853481 -0.169054
1.593181 -274.944667 1803.425541 42434.566540 0.491625 0.435873 -0.753870 0.523547 0.543831 0.655855 0.695848 -0.717121 0.039161
-6.250055 -77.933168 1473.616438 -8126.666302 -0.187883 0.184074 0.964788 0.968460 0.198396 0.150746 -0.163662 0.962682 -0.215544
-3.882216 -88.683049 1118.215123 -11642.373869 -0.122383 0.179029 0.976202 0.985690 0.136811 0.098482 -0.115924 0.974285 -0.193211
-0.379745 -98.022552 709.815184 -15570.555109 -0.194872 0.188261 0.962592 0.980145 0.074026 0.183947 -0.036627 0.979325 -0.198949
-6.944043 -83.230397 1627.883903 -10603.576380 -0.281296 0.180694 0.942456 0.953646 0.162063 0.253564 -0.106920 0.970095 -0.217906
-10.249362 -70.886158 2219.630034 -6757.368815 -0.236624 0.183449 0.954125 0.950026 0.249484 0.187639 -0.203617 0.950844 -0.233316
8.720363 -135.569813 1080.134340 27642.125088 0.488246 0.485418 -0.725249 -0.247488 0.873932 0.418322 0.836879 -0.024753 0.546829
-0.481634 -173.037953 3359.759099 29421.866148 0.483895 0.450219 -0.750432 -0.058937 0.872332 0.485349 0.873139 -0.190630 0.448651
4.179265 -161.216000 979.989911 25470.016792 0.492076 0.478637 -0.727164 -0.095280 0.859884 0.501519 0.865323 -0.177501 0.468733
-43.673695 -3968.283241 -74374.548045 2240587.040170 0.504781 0.185230 -0.843140 -0.556831 0.816215 -0.154056 0.659648 0.547251 0.515152
65.887079 -5309.776565 -25553.207210 -746920.230910 0.633259 0.092622 -0.768378 -0.086595 0.995058 0.048580 0.769080 0.035774 0.638150
-40.403039 -3299.277150 14731.290970 -1562267.841788 -0.649292 -0.117772 0.751366 0.707985 -0.454468 0.540569 0.277808 0.882943 0.378463
30.260229 -2883.798612 -54771.077820 -1662266.184934 0.564966 0.175004 -0.806342 0.222955 0.908518 0.353394 0.794421 -0.379433 0.474263
50.650589 -2139.481883 6091.367477 -1202389.133325 -0.640974 0.125508 0.757232 0.755369 -0.072006 0.651331 0.136272 0.989476 -0.048651
-55.632123 -931.787473 5424.659511 -398313.660491 -0.624384 0.109281 0.773435 0.675047 -0.422698 0.604681 0.393009 0.899658 0.190156
14.964872 -13.464900 -3563.512589 -223.988472 -0.155176 0.858961 0.487961 0.477650 0.497606 -0.724043 0.864737 -0.120721 0.487500
9.748546 -14.612019 -4098.608577 -1168.708892 -0.111318 0.881239 0.459376 0.478448 0.452675 -0.752445 0.871032 -0.136026 0.472018
8.016984 -7.573044 -2507.529908 -2028.737729 -0.039386 0.938754 0.342331 0.518787 0.312014 -0.795931 0.853996 -0.146248 0.499302
-2.169394 -70.707898 -720.066096 1981.523908 0.655802 0.754212 -0.032993 -0.754091 0.656508 0.018549 -0.035650 -0.012715 -0.999283
-3.894151 -73.857305 -2125.731265 3853.115836 -0.768929 -0.638689 0.028705 -0.636448 0.768947 0.060449 -0.060681 0.028212 -0.997758
10.389464 -77.194903 4693.998039 -389.196384 0.714764 0.698996 -0.022735 -0.698283 0.711472 -0.078795 0.038902 -0.072195 -0.996632
9.057995 -68.861452 -786.153250 3215.788133 0.596993 0.801529 -0.033916 0.799389 -0.590770 0.109399 0.067650 -0.092423 -0.993419
-193.728308 -239.009932 94729.706898 -33799.177837 0.349055 0.926463 -0.140804 0.000380 -0.150395 -0.988626 0.937102 -0.345032 0.052848
-168.958644 -205.729429 91516.022306 -53243.350760 0.263242 0.958015 0.113627 0.360118 0.011687 -0.932834 0.894996 -0.286480 0.341922
-215.495195 -228.912144 1111.291793 69403.356362 0.513011 0.438899 -0.737690 0.274274 0.730531 0.625378 0.813384 -0.523156 0.254392
-80.609255 -216.895958 41812.214532 -56984.795076 0.303711 0.952748 0.005622 0.175013 -0.049987 -0.983296 0.936552 -0.299622 0.181925
-30.052189 -68.959786 -3277.079787 -3130.703249 -0.790951 0.559528 0.247638 0.285127 0.695128 -0.659924 -0.541387 -0.451359 -0.709348
-29.253258 -70.549953 -4648.520791 -6313.529055 -0.783430 0.597154 0.172174 0.372327 0.672798 -0.639308 -0.497604 -0.436749 -0.749427
-19.257779 -64.337977 -7875.053548 1273.631442 -0.760224 0.638944 0.117516 -0.387740 -0.591381 0.707055 -0.521265 -0.491954 -0.697326
-18.190581 -56.670936 2977.798134 9632.344127 -0.378992 0.888357 0.259206 -0.797506 -0.171457 -0.578434 0.469413 0.425940 -0.773451
-21.046826 -52.034646 2155.484751 4398.863110 -0.459032 0.868911 0.185156 -0.777341 -0.291913 -0.557251 0.430152 0.399725 -0.809438
-16.392576 -48.263145 2697.339321 3917.601061 -0.423421 0.874119 0.237973 -0.793054 -0.230666 -0.563789 0.437926 0.427445 -0.790893
-54.928706 -94.317056 -2588.000929 3188.510858 0.995227 -0.003688 -0.097515 0.096974 -0.074295 0.992510 0.010905 0.997229 0.073583
-55.964188 -96.917325 -3256.565116 1347.389337 0.993754 0.032876 -0.106636 0.104082 0.071514 0.991994 -0.040239 0.996898 -0.067646
-54.537029 -95.284824 -383.719282 3217.616854 0.989379 0.067801 -0.128582 0.130403 -0.023136 0.991191 -0.064229 0.997431 0.031732
-53.360074 -90.092012 -1918.868502 4090.627208 0.987902 0.068490 -0.139136 0.149306 -0.177529 0.972723 -0.041921 0.981729 0.185607
-54.158868 -88.494432 -1585.391313 2397.029532 0.990281 -0.026538 -0.136524 0.127328 -0.221925 0.966715 0.055953 0.974703 0.216389
-57.037340 -94.461967 23.015805 3427.885733 0.987228 -0.105132 -0.119703 0.104569 -0.139252 0.984720 0.120195 0.984660 0.126480
21.678327 -242.473851 -3806.759508 -27113.591317 0.098358 0.994184 0.043863 0.660481 -0.032247 -0.750150 0.744373 -0.102754 0.659811
26.300434 -282.612675 -4115.318598 -29527.595612 0.064411 0.997916 -0.003786 0.593189 -0.041338 -0.804001 0.802482 -0.049540 0.594616
23.353153 -280.240817 -5376.090438 -31433.752028 0.128566 0.991693 -0.003907 0.386632 -0.053751 -0.920666 0.913229 -0.116855 0.390331
23.111964 -225.323923 -2242.559997 -17424.532391 0.031097 0.996935 0.071787 0.831885 0.013999 -0.554771 0.554076 -0.076970 0.828900
17.157611 -227.568007 -3968.311542 -30872.821124 0.141264 0.989269 0.037295 0.485838 -0.036453 -0.873288 0.862558 -0.141484 0.485774
19.895879 -194.034033 -2392.413664 -834.781282 0.064112 0.991182 0.115963 0.824169 0.012932 -0.566196 0.562703 -0.131873 0.816073
-41.161796 -60.308423 -2105.393110 1018.485778 -0.631785 0.473151 0.613983 0.534051 0.839796 -0.097633 -0.561816 0.266215 -0.783258
-40.001634 -61.149964 -3241.327544 3258.027330 -0.628679 0.541691 0.557973 0.594063 0.797546 -0.104930 -0.501848 0.265504 -0.823199
-38.672448 -63.423262 217.319276 1539.968091 -0.638089 0.472062 0.608276 0.483633 0.860444 -0.160424 -0.599118 0.191818 -0.777344
-40.449658 -63.624482 1597.385236 854.830858 -0.614686 0.422969 0.665776 0.454840 0.879671 -0.138920 -0.644424 0.217429 -0.733105
-57.498817 -84.444968 7066.687143 -2879.644201 0.981989 0.130868 -0.136278 0.188611 -0.721445 0.666291 0.011121 0.679994 0.733134
-60.764488 -85.397517 7051.288873 2790.064887 0.997482 0.050216 -0.050072 0.069690 -0.824783 0.561139 0.013120 0.563216 0.826206
-53.276202 -81.470985 3886.492228 2651.216574 0.984978 0.067565 -0.158911 0.145650 -0.819417 0.554385 0.092757 0.569203 0.816948
-51.041379 -82.092003 2386.331161 -450.046301 0.966017 0.128479 -0.224286 0.246108 -0.722411 0.646184 0.079006 0.679423 0.729481
-52.545983 -82.468784 3175.991310 -4295.038458 0.962651 0.167793 -0.212481 0.270278 -0.641639 0.717808 0.015894 0.748428 0.663026
-56.890270 -82.732085 7112.557179 -4080.152857 0.973176 0.179045 -0.144470 0.224691 -0.604783 0.764037 -0.049424 0.776003 0.628790
-64.237400 -85.561696 6633.450735 -6230.748617 0.985887 0.167321 -0.005434 0.115948 -0.659056 0.743102 -0.120755 0.733245 0.669156
18.906630 -150.797588 -929.787925 -8774.134262 0.640756 0.755615 0.135934 0.758298 -0.650563 0.041870 -0.120071 -0.076250 0.989833
12.576892 -145.459578 1207.554817 -1309.659792 0.709576 0.698520 0.092582 0.704581 -0.704906 -0.081684 -0.008203 -0.123193 0.992349
8.691744 -146.045383 1608.380454 7782.718954 -0.651239 -0.747259 -0.132258 0.755565 -0.622221 -0.204849 0.070781 -0.233335 0.969817
360.359447 -58.863329 -135149.339526 -25429.954632 0.820844 0.288923 -0.492686 -0.343497 0.938903 -0.021691 0.456317 0.187041 0.869937
286.605945 -72.013870 20250.022640 -21901.837977 0.575427 0.171826 -0.799600 -0.382164 0.920869 -0.077136 0.723073 0.349965 0.595559
278.386970 -41.534073 49220.103751 -15580.053640 0.514719 0.155315 -0.843174 -0.337721 0.940671 -0.032889 0.788041 0.301686 0.536634
402.366232 -56.766547 201388.479726 -25127.750704 0.133102 -0.015756 -0.990977 -0.300704 0.952100 -0.055527 0.944384 0.305382 0.121989
287.793353 -34.135533 -79760.794863 -9002.465645 0.758149 0.272937 -0.592212 -0.353060 0.935367 -0.020898 0.548232 0.224930 0.805511
225.295366 -21.482761 15301.032087 4647.535281 0.559113 0.206384 -0.802993 -0.397590 0.916636 -0.041244 0.727540 0.342322 0.594560
237.749163 -29.253769 89452.345212 -6227.147679 0.308743 0.026787 -0.950768 -0.320675 0.944010 -0.077536 0.895458 0.328827 0.300046
34.488718 -74.468943 -11942.788885 4497.096929 0.540063 0.654183 0.529506 -0.289975 0.735258 -0.612625 -0.790093 0.177312 0.586783
26.688970 -75.018627 -11207.867282 2461.294369 0.524557 0.646004 0.554545 -0.366714 0.759272 -0.537613 -0.768350 0.078649 0.635179
20.310827 -73.013097 -9142.627274 3725.421882 0.503712 0.662035 0.554963 -0.302656 0.736940 -0.604415 -0.809119 0.136488 0.571575
1.010347 -77.622644 -18567.145503 -2211.705624 0.248899 0.963728 -0.096324 -0.675553 0.244014 0.695762 -0.694030 0.108103 -0.711784
12.456870 -74.240176 -20612.335807 -1059.215821 0.222188 0.972588 -0.068596 -0.625721 0.196194 0.754971 -0.747733 0.124823 -0.652161
-11.198666 -76.403346 -12873.772539 1744.916053 0.311050 0.941901 -0.126770 -0.532970 0.283313 0.797293 -0.786887 0.180434 -0.590129
-24.696376 -80.496426 -7677.953654 1757.387355 0.373603 0.913121 -0.163190 -0.559541 0.362167 0.745486 -0.739821 0.187204 -0.646235
-21.586049 -78.849838 -5177.269437 -438.658781 0.414389 0.891633 -0.182405 -0.616551 0.422458 0.664375 -0.669437 0.162848 -0.724799
-0.456274 -89.631011 -1296.618488 1058.705221 -0.007348 0.761410 0.648229 -0.283252 -0.623281 0.728896 -0.959017 0.178257 -0.220251
1.920222 -92.284067 -769.815311 6023.363676 -0.006552 0.768246 0.640121 -0.375827 -0.595096 0.710362 -0.926667 0.235921 -0.292626
2.410197 -92.115421 -673.760050 970.332987 -0.004327 0.737012 0.675866 -0.311984 -0.643132 0.699319 -0.950077 0.207833 -0.232719
0.786158 -90.669021 627.625488 8268.425839 0.015755 0.787261 0.616419 -0.357968 -0.571191 0.738647 -0.933601 0.232295 -0.272815
-4.539585 -83.278566 579.499384 -2386.231603 0.009364 0.764861 0.644127 -0.201190 -0.629542 0.750466 -0.979508 0.136619 -0.147987
-2.970236 -89.442563 -347.987743 2175.972805 0.014753 0.779762 0.625903 -0.278285 -0.598037 0.751605 -0.960385 0.185267 -0.208173
5.656211 -82.302993 -50.595676 846.673359 -0.348566 -0.598351 -0.721442 -0.298670 0.800498 -0.519615 0.888425 0.034353 -0.457735
4.677852 -84.955698 2100.598287 616.081212 -0.358294 -0.590126 -0.723448 -0.314596 0.805890 -0.501569 0.879008 0.047885 -0.474397
6.700511 -83.410543 248.724666 -943.601726 -0.342015 -0.615756 -0.709839 -0.413548 0.776938 -0.474706 0.843803 0.131196 -0.520369
8.419391 -83.653826 1725.413301 -2552.429290 -0.328290 -0.648733 -0.686565 -0.539686 0.725351 -0.427323 0.775219 0.230243 -0.588238
7.447101 -81.927262 -397.062630 -835.398092 -0.335636 -0.632881 -0.697718 -0.465852 0.755287 -0.461003 0.818737 0.170304 -0.548330
7.114126 -85.812080 2000.893091 -1352.398976 -0.334574 -0.631754 -0.699248 -0.507986 0.745881 -0.430826 0.793732 0.211065 -0.570474
12.633802 -70.469391 -2118.503949 -9010.465248 0.269807 0.481107 0.834110 -0.751123 0.647171 -0.130319 -0.602510 -0.591359 0.535983
13.129784 -69.379471 9.159033 3457.208520 -0.290926 -0.495675 -0.818333 0.761544 -0.637730 0.115544 -0.579148 -0.589582 0.563011
14.723748 -64.912287 901.286890 -8071.110565 -0.271195 -0.498152 -0.823588 0.791797 -0.601972 0.103380 -0.547276 -0.624078 0.557687
10.113151 -76.396084 3624.289585 -424.451598 -0.262567 -0.459441 -0.848512 0.782957 -0.615393 0.090934 -0.563947 -0.640472 0.521305
8.312392 -89.996062 -3222.861079 -14917.536102 0.265343 0.461404 0.846581 -0.721602 0.677376 -0.143013 -0.639440 -0.572947 0.512687
11.665219 -130.421149 652.386409 -6273.282870 0.365199 0.528632 0.766275 -0.369043 0.837899 -0.402161 -0.854656 -0.135920 0.501087
10.175552 -121.192399 1249.254624 -4323.472747 0.370580 0.562178 0.739342 -0.421437 0.811133 -0.405530 -0.827684 -0.161305 0.537512
13.536061 -124.749051 1158.271322 -1328.147401 0.375345 0.544083 0.750393 -0.517838 0.794548 -0.317077 -0.768739 -0.269568 0.579977
5.866598 -166.520239 -571.479433 19921.524816 0.115486 0.785756 0.607660 0.874124 0.210160 -0.437882 -0.471774 0.581739 -0.662578
3.784840 -169.296714 8781.611452 16269.778500 0.130948 0.751281 0.646862 0.890429 0.197744 -0.409919 -0.435878 0.629662 -0.643068
2.556948 -179.185643 7853.979641 -11237.451784 0.111461 0.743240 0.659675 -0.763692 -0.360693 0.535420 -0.635886 0.563467 -0.527403
8.834660 -161.102997 4806.942819 10848.420021 0.169283 0.774269 0.609795 0.952186 0.031179 -0.303922 -0.254331 0.632088 -0.731971
2.014020 -179.006294 -3584.039562 -6251.570518 0.059882 0.780809 0.621893 -0.669096 -0.430934 0.605481 -0.740760 0.452363 -0.496631
4.496989 -161.818420 -7134.197609 -16253.791917 0.074947 0.810256 0.581265 -0.811258 -0.289416 0.508034 -0.579865 0.509631 -0.635635
6.162966 -147.153722 -6455.219196 12358.859863 0.127058 0.816059 0.563830 0.909407 0.131114 -0.394700 -0.396024 0.562901 -0.725470
9.082173 -151.396045 -4283.478689 8670.423247 0.164395 0.807807 0.566059 0.943668 0.038268 -0.328673 -0.287166 0.588204 -0.756011
14.305946 -109.885938 -818.843564 -7057.816127 -0.361097 -0.596755 -0.716584 0.656641 0.382911 -0.649771 0.662142 -0.705168 0.253585
13.645461 -103.584542 -2272.945130 -396.803110 -0.382114 -0.619432 -0.685779 0.718640 0.267369 -0.641927 0.580986 -0.738118 0.342983
10.227665 -104.936762 -1929.496685 -4525.411991 -0.337134 -0.617798 -0.710399 0.656673 0.386399 -0.647669 0.674626 -0.684852 0.275423
21.796898 -105.296138 -4722.323739 -2300.427671 -0.371566 -0.594438 -0.713149 0.717214 0.303975 -0.627059 0.589528 -0.744474 0.313392
16.582289 -113.579445 -1200.778242 -6927.488279 0.363653 0.578008 0.730523 0.546343 0.502836 -0.669825 0.754497 -0.642700 0.132933
18.842480 -110.247195 -1808.897237 -12120.434497 -0.365354 -0.582436 -0.726144 0.652932 0.395649 -0.645865 0.663473 -0.710092 0.235739
-17.988672 -65.713338 -3699.381338 -191.125365 0.306793 0.850250 0.427730 -0.164524 -0.395262 0.903714 -0.937449 0.347625 -0.018623
-20.649596 -63.316119 -2936.147589 -2705.878497 0.323736 0.846955 0.421737 -0.236753 -0.359046 0.902792 -0.916047 0.392114 -0.084283
-13.821274 -63.100705 -4447.738168 -2644.929760 0.284271 0.857545 0.428726 -0.241705 -0.368628 0.897603 -0.927776 0.358788 -0.102483
-24.278311 -65.355958 -2679.310132 -1506.885202 0.348689 0.836622 0.422467 -0.169021 -0.387235 0.906356 -0.921872 0.387443 -0.006382
-11.498554 -66.569649 -4543.473357 -559.091260 0.268713 0.859126 0.435542 -0.151517 -0.408842 0.899939 -0.951228 0.307818 -0.020311
-15.999249 -67.315879 -3497.261929 246.260343 0.297524 0.853944 0.426919 -0.091713 -0.419537 0.903093 -0.950299 0.307846 0.046505
-21.844368 -67.090238 -3165.275289 -339.157453 0.325907 0.842153 0.429607 -0.095445 -0.422787 0.901189 -0.940572 0.334708 0.057410
-2.203903 -22.490308 13382.503320 8231.472827 0.343149 0.882982 0.320299 0.644320 0.026843 -0.764285 0.683447 -0.468639 0.559712
-15.671191 -29.411823 7933.527238 10825.089610 0.302790 0.867422 0.394838 0.693383 0.083733 -0.715688 0.653864 -0.490477 0.576102
-19.124679 -23.461764 1088.425230 7799.621726 0.020123 0.734351 0.678472 0.745476 0.441180 -0.499626 0.666228 -0.515838 0.538563
-0.968710 -138.821532 3749.066027 5762.226549 0.404846 0.422118 0.811121 0.193011 0.827630 -0.527045 -0.893782 0.369927 0.253589
0.307402 -144.592957 3269.386159 8421.503160 0.409718 0.433095 0.802845 0.186160 0.821889 -0.538371 -0.893015 0.370038 0.256118
-0.353052 -139.427466 4573.850987 -5569.011346 0.412400 0.404158 0.816445 0.333745 0.766872 -0.548198 -0.847668 0.498562 0.181372
-2.600771 -145.900491 2371.917823 13722.405586 0.401477 0.445649 0.800133 0.011271 0.871162 -0.490865 -0.915800 0.206089 0.344729
-0.619841 -129.709477 2123.012547 -1615.474674 0.396582 0.398124 0.827176 0.290265 0.800452 -0.524426 -0.870901 0.448078 0.201883
6.367330 -93.124286 2309.964299 -2800.445747 0.088193 0.617872 0.781317 -0.027600 0.785588 -0.618134 -0.995721 0.032951 0.086337
4.134819 -95.888679 3321.387854 2154.339221 0.095280 0.623768 0.775781 0.165112 0.758628 -0.630255 -0.981662 0.188141 -0.030709
1.942769 -94.019376 3547.562330 -241.505039 0.106409 0.636403 0.763982 0.051190 0.763819 -0.643397 -0.993004 0.107571 0.048700
4.196642 -92.676735 3104.569304 -6411.081676 0.100746 0.625457 0.773727 -0.127819 0.779376 -0.613380 -0.986667 -0.037102 0.158464
-1.314595 -75.081335 -10304.215101 -1203.104940 0.286338 0.792272 0.538810 0.473066 -0.605934 0.639573 -0.833199 -0.071759 0.548298
-8.381568 -76.508250 -9360.983776 1612.625950 0.288478 0.799923 0.526216 0.581105 -0.583061 0.567765 -0.760984 -0.141999 0.633040
-14.876742 -75.413718 -7356.703135 -683.095438 0.295883 0.813376 0.500872 0.500433 -0.578626 0.644018 -0.813646 -0.060099 0.578245
-19.473650 -76.259257 -6175.996972 2384.285517 0.299652 0.816363 0.493720 0.609432 -0.561946 0.559294 -0.734031 -0.133295 0.665906
-8.927349 -73.272146 -9711.618032 -2687.216430 0.285129 0.808584 0.514678 0.390224 -0.588380 0.708191 -0.875458 0.001087 0.483293
-18.170385 -73.519430 -2707.542779 -2324.669067 0.322183 0.821443 0.470562 0.425670 -0.569688 0.703037 -0.845578 0.026202 0.533208
-20.468748 -75.457215 -693.635423 -522.542471 0.327843 0.822386 0.464973 0.531882 -0.567433 0.628586 -0.780782 -0.041234 0.623441
8.937833 -141.236567 -2683.844224 -9666.734400 0.351714 0.333826 0.874561 0.601675 0.635100 -0.484392 -0.717136 0.696569 0.022519
5.786334 -131.176268 -2318.298516 -3128.839554 0.362059 0.345384 0.865808 0.456151 0.744368 -0.487691 -0.812920 0.571512 0.111958
2.426515 -141.729696 -3903.371779 -10318.561715 0.351410 0.369289 0.860312 0.522222 0.685364 -0.507504 -0.777042 0.627616 0.047993
8.351700 -157.933091 -2181.387733 -10639.519397 0.343205 0.338856 0.876006 0.710402 0.516472 -0.478106 -0.614442 0.786405 -0.063468
13.365779 -149.657242 -3882.094111 -10040.999253 0.326327 0.325606 0.887407 0.718759 0.524252 -0.456668 -0.613919 0.786855 -0.062955
-16.604789 -186.255703 883.464364 354.925071 -0.226629 -0.276004 -0.934056 0.117460 0.944264 -0.307520 0.966873 -0.179407 -0.181578
-16.501582 -182.526215 1618.159147 114.974642 -0.257353 -0.297451 -0.919398 0.133890 0.931291 -0.338777 0.956997 -0.210283 -0.199845
-19.656375 -184.417001 2747.763459 2636.238484 -0.247607 -0.264229 -0.932134 -0.071599 0.964453 -0.254371 0.966211 0.003756 -0.257724
-15.899716 -190.400883 -1778.167010 13752.392961 -0.184088 -0.249871 -0.950619 -0.019878 0.967896 -0.250563 0.982709 -0.027229 -0.183145
-18.926736 -177.111988 -547.927802 13298.104479 -0.198325 -0.246013 -0.948760 -0.217176 0.954956 -0.202222 0.955773 0.165942 -0.242820
6.298419 -293.619757 965.674682 1178.876151 0.278932 0.438083 0.854564 0.840987 0.318178 -0.437611 -0.463614 0.840741 -0.279672
3.857106 -268.967990 2027.699255 7716.722317 0.281023 0.423245 0.861330 0.799138 0.393774 -0.454226 -0.531418 0.815969 -0.227571
6.672770 -278.112518 2138.190649 7115.421960 0.278033 0.440147 0.853796 0.647380 0.570793 -0.505069 -0.709645 0.693157 -0.126243
9.900418 -287.153559 4367.876127 10726.912485 0.278915 0.437228 0.855007 0.785534 0.408269 -0.465030 -0.552398 0.801341 -0.229585
3.070212 -271.175128 3341.622539 -10095.679829 0.298907 0.446895 0.843172 0.363676 0.763542 -0.533614 -0.882267 0.466142 0.065703
7.771452 -283.523955 3317.687450 -15441.988961 0.292430 0.459282 0.838776 0.360295 0.759566 -0.541523 -0.885817 0.460564 0.056643
11.790923 -318.566308 6526.825068 22145.987141 0.294519 0.439670 0.848498 0.629690 0.578594 -0.518381 -0.718852 0.686964 -0.106449
-41.882738 -130.524875 1611.882037 -3687.622215 0.204110 0.216813 0.954637 0.896842 0.349516 -0.271134 -0.392446 0.911499 -0.123107
-100.464760 -325.702418 -6835.556985 37380.305520 0.498151 0.319645 0.806023 0.645589 0.483828 -0.590869 -0.578844 0.814701 0.034660
2813.778238 -249.427804 1829983.674658 -145569.409760 0.978631 0.188661 0.081785 -0.106625 0.125510 0.986346 -0.175820 0.973989 -0.142944
-2.133859 -66.964531 -11914.327194 -400.308272 0.276783 0.800577 0.531477 -0.021441 -0.547802 0.836333 -0.960693 0.242879 0.134457
-10.661458 -70.529357 -1929.994652 304.652040 0.322145 0.813298 0.484529 -0.017117 -0.506726 0.861937 -0.946536 0.285962 0.149318
0.094962 -67.777367 -10753.194449 419.319983 0.277733 0.791690 0.544142 -0.104237 -0.538247 0.836316 -0.954986 0.288992 0.066965
14.046883 -65.810139 -14484.426424 -218.104728 0.266005 0.753157 0.601661 -0.189416 -0.571143 0.798697 -0.945179 0.326422 0.009267
17.265073 -65.574060 -13589.755440 -416.784946 0.281046 0.759675 0.586436 -0.073242 -0.592304 0.802378 -0.956895 0.268457 0.110825
-10.676524 -75.138870 -1253.208451 -9319.357947 -0.451827 -0.117552 0.884327 0.861609 0.199472 0.466735 -0.231264 0.972827 0.011158
9.510686 -94.761940 -4541.588581 -11469.235647 -0.393070 -0.093800 0.914712 0.916760 0.036886 0.397732 -0.071047 0.994908 0.071493
2.851716 -80.905061 -1453.358066 -5494.032478 -0.597987 -0.146928 0.787923 0.787657 0.074226 0.611627 -0.148350 0.986358 0.071343
10.511474 -57.240166 6643.075454 7414.621115 0.188613 0.930069 0.315272 0.843064 -0.317994 0.433732 -0.503655 -0.183987 0.844086
17.775003 -69.206805 555.534177 5860.861778 0.246283 0.868554 0.430067 0.799586 -0.432855 0.416292 -0.547729 -0.241350 0.801089
9.333452 -65.598985 4892.654957 1500.859289 0.248948 0.896152 0.367337 0.757882 -0.416400 0.502221 -0.603025 -0.153372 0.782839
10.786398 -72.766040 -480.556707 600.571145 0.299131 0.836675 0.458797 0.701918 -0.518647 0.488177 -0.646400 -0.176009 0.742421
4.633705 -68.564434 3002.193799 -219.313922 0.290086 0.866434 0.406377 0.672050 -0.486747 0.558056 -0.681321 -0.111222 0.723485
18.212453 -54.120234 10521.466096 5401.095490 0.455510 0.060314 -0.888185 0.197839 0.965895 0.167054 0.867969 -0.251812 0.428043
21.207085 -65.635422 13981.499755 5396.868845 0.426517 0.064978 -0.902142 0.295931 0.932494 0.207075 0.854698 -0.355293 0.378496
33.055567 -58.337086 6917.443382 4136.609480 0.481657 -0.003159 -0.876354 0.280490 0.947946 0.150745 0.830260 -0.318416 0.457470
29.563280 -49.712613 4467.393530 2576.505206 0.506192 -0.039758 -0.861504 0.222126 0.971245 0.085692 0.833325 -0.234739 0.500468
-0.980060 -93.384637 850.463309 13241.680491 -0.253732 -0.607391 -0.752793 0.756399 0.360490 -0.545809 0.602893 -0.707901 0.367962
-1.201077 -107.735133 3184.946310 14013.172481 -0.255329 -0.595938 -0.761358 0.835328 0.260558 -0.484082 0.486861 -0.759584 0.431276
-1.175773 -120.412335 1052.609462 16882.093107 -0.232612 -0.604461 -0.761918 0.862991 0.232973 -0.448297 0.448484 -0.761807 0.467452
-0.665508 -101.391396 -811.395037 16329.472428 -0.238322 -0.610375 -0.755410 0.800540 0.316914 -0.508627 0.549854 -0.725953 0.413102
-3.773356 -378.008789 -1758.099844 -16376.231805 0.229413 0.764386 0.602564 0.942845 -0.328247 0.057432 0.241690 0.554948 -0.796002
2.229749 -342.789819 895.479406 -58054.052935 0.274825 0.752986 0.597899 -0.722056 0.572253 -0.388794 0.634906 0.324866 -0.700968
-2.551599 -390.793230 2398.625142 14456.556603 0.230757 0.761970 0.605106 0.902198 -0.400459 0.160219 0.364403 0.508954 -0.779856
-16.454728 -69.708481 -331.359470 -6846.432389 -0.432390 -0.653390 0.621386 0.899225 -0.261580 0.350671 -0.066583 0.710393 0.700649
-11.844842 -49.194123 -360.684130 3946.275898 -0.619315 -0.586887 0.521548 0.783774 -0.422922 0.454791 -0.046337 0.690435 0.721909
-17.147132 -70.984479 1716.070397 -23508.099861 -0.288684 -0.709432 0.642937 0.957126 -0.197088 0.212286 -0.023887 0.676656 0.735912
-306.707540 -607.419863 -92163.697148 -252730.925322 -0.213776 0.588904 -0.779417 0.967145 0.015216 -0.253769 -0.137586 -0.808059 -0.572809
-363.501344 -477.870236 -115899.560151 84406.146661 0.445547 0.546648 -0.708987 0.835176 -0.539023 0.109247 -0.322441 -0.640804 -0.696708
-324.671657 -478.150768 -64340.629953 -113826.425003 -0.009451 0.836742 -0.547516 0.999924 0.003601 -0.011757 -0.007865 -0.547586 -0.836712
-256.306758 -423.563799 -68442.544939 -80872.630773 -0.126025 0.664341 -0.736728 0.950529 0.293415 0.101987 0.283921 -0.687429 -0.668453
-13.450959 -23.941064 251.548863 -4516.213903 -0.368172 -0.749373 -0.550354 0.928895 -0.321961 -0.183018 -0.040044 -0.578603 0.814626
-15.877033 -31.519548 -1075.042154 -7025.272084 -0.118163 -0.813827 -0.568966 0.992988 -0.098861 -0.064817 -0.003499 -0.572635 0.819803
-12.973169 -24.564300 -1603.677083 -4983.541890 -0.085349 -0.824121 -0.559947 0.995570 -0.092793 -0.015178 -0.039451 -0.558761 0.828390
-9.358676 -85.465060 1913.442516 4037.949319 0.177808 0.720093 0.670709 0.837974 0.246541 -0.486844 -0.515930 0.648602 -0.559582
-11.022687 -89.060805 -1889.499333 6479.387166 0.142341 0.734253 0.663786 0.829644 0.277247 -0.484587 -0.539842 0.619682 -0.569706
-10.932240 -91.596868 1085.240969 5803.288884 0.145218 0.712755 0.686216 0.779010 0.345215 -0.523422 -0.609964 0.610579 -0.505112
-8.332604 -89.693966 3916.294772 4336.050215 0.167589 0.699829 0.694372 0.788485 0.327642 -0.520520 -0.591781 0.634736 -0.496896
-75.097187 -114.551957 3678.921570 6524.265425 0.081017 0.972908 0.216533 -0.703275 0.209744 -0.679273 0.706286 0.097249 -0.701215
-64.146613 -107.778985 -1172.458377 9513.355175 -0.171343 0.981322 0.087453 -0.735797 -0.068431 -0.673736 0.655168 0.179787 -0.733779
-58.449933 -98.233310 -1717.778156 12514.725672 -0.343952 0.938183 0.038849 -0.743599 -0.246884 -0.621376 0.573374 0.242611 -0.782549
71.734329 -106.226750 -5165.419751 -918.770518 0.672986 0.622239 0.399886 -0.090430 0.605801 -0.790460 0.734106 -0.495807 -0.463965
100.363116 -98.351018 23609.767728 -2032.825554 -0.612704 -0.609212 -0.503443 -0.035056 0.657341 -0.752778 0.789535 -0.443581 -0.424112
100.207471 -101.878528 -29336.141561 8171.641405 0.594158 0.643733 0.482270 0.089106 0.543210 -0.834855 0.799398 -0.539009 -0.265392
-75.317161 -111.255363 8519.164747 174.122241 0.594688 0.641178 0.485013 -0.305313 -0.377973 0.874025 -0.743727 0.667853 0.029016
-5.001538 -179.547031 -3333.427109 -4169.141891 0.634452 0.121253 -0.763392 -0.186123 0.982526 0.001374 0.750219 0.141213 0.645934
0.157276 -174.766147 -4051.592173 -6207.355631 0.637652 0.118577 -0.761144 -0.063560 0.992811 0.101420 0.767698 -0.016293 0.640605
18.074253 -184.861397 5713.768092 25032.205724 0.734242 0.630628 -0.251390 -0.676062 0.712957 -0.186096 -0.061873 -0.306595 -0.949827
37.217431 -195.061304 24008.706504 46551.087606 0.751254 0.621048 -0.223421 -0.645165 0.762398 -0.050112 -0.139214 -0.181790 -0.973433
-3.977653 -54.980431 -837.693776 -958.380956 -0.400071 0.898619 -0.180074 0.888099 0.331602 -0.318308 -0.226325 -0.287269 -0.930727
464.665616 -37.466878 -108483.971501 -6121.763034 -0.191224 0.722547 0.664348 0.617643 0.614616 -0.490677 0.762857 -0.316501 0.563806
714.760277 -47.437506 327619.746441 -9827.149655 -0.558900 0.786204 0.263655 0.616532 0.606602 -0.501919 0.554545 0.117970 0.823749
889.111001 -46.440920 528919.385232 -15074.617155 -0.174095 -0.476139 -0.861964 0.626474 0.621793 -0.470004 0.759751 -0.621824 0.190038
-0.853317 -87.886300 -1116.527862 2442.745657 -0.581423 0.813499 0.012862 0.162022 0.100279 0.981679 -0.797305 -0.572855 0.190109
-4.282463 -95.578620 -1210.841268 5972.456315 -0.576231 0.817017 0.020992 0.101043 0.045729 0.993831 -0.811017 -0.574797 0.108904
-1.445010 -96.520327 -4111.911774 6957.191125 -0.597048 0.802204 0.001618 0.072151 0.051690 0.996053 -0.798954 -0.594808 0.088742
3.425136 -91.171054 -3216.979932 4150.619852 -0.596406 0.802666 -0.005227 0.131245 0.103940 0.985886 -0.791881 -0.587302 0.167337
1.625454 -81.247343 -2842.486987 5114.573826 -0.593197 0.805000 0.009644 0.244423 0.168673 0.954886 -0.767056 -0.568792 0.296816
1.013222 -79.033141 579.363757 1090.924389 -0.397414 0.908818 0.126938 0.739879 0.235522 0.630165 -0.542809 -0.344355 0.766015
