10004
19993
-43.501528 -66.047248 -2286.722776 6734.478427 -0.174703 0.979928 -0.096016 0.957391 0.146287 -0.249005 0.229961 0.135427 0.963731
-50.986292 -78.347126 1255.774139 4841.255798 0.183198 -0.972449 0.144156 0.982658 0.176863 -0.055704 0.028674 0.151861 0.987986
-29.673044 -80.844740 -4590.100868 8941.773086 -0.296518 0.954814 0.020199 0.939967 0.295518 -0.170677 0.168934 0.031623 0.985120
-49.579508 -67.534562 207.084442 5373.949966 -0.187231 -0.939532 0.286749 0.969972 -0.222958 -0.097182 0.155239 0.259943 0.953064
-32.478226 -61.379805 -3945.625001 8549.293373 -0.224400 0.974048 0.029577 0.910537 0.220390 -0.349786 0.347227 0.051561 0.936363
-38.566896 -49.148302 -872.749175 3867.322468 0.307628 0.909257 -0.280386 0.883967 -0.382142 -0.269387 0.352090 0.164981 0.921311
-44.218902 -57.064426 549.413365 4398.880609 0.388521 0.851275 -0.352679 0.877633 -0.458483 -0.139835 0.280736 0.255193 0.925237
36.919849 -79.708268 24484.245591 9136.787247 0.325547 -0.473016 -0.818703 0.808441 0.588288 -0.018424 0.490348 -0.655876 0.573921
44.767471 -75.119366 11106.684332 4713.093003 0.338526 -0.655415 -0.675152 0.827024 0.549482 -0.118743 0.448810 -0.518170 0.728059
8.487791 -61.035349 16420.835292 3963.734261 0.222835 -0.550399 -0.804615 0.785244 0.590454 -0.186432 0.577700 -0.590276 0.563771
-25.822839 -55.528461 7411.461822 2557.680799 0.080917 -0.731557 -0.676961 0.846280 0.409234 -0.341082 0.526557 -0.545300 0.652217
-4.941050 -62.313803 20370.988582 3307.527530 0.251671 -0.508118 -0.823698 0.825044 0.557552 -0.091856 0.505928 -0.656470 0.559539
14.479210 -29.448165 729.405319 -3567.629450 0.089555 -0.991397 0.095457 0.991391 0.079540 -0.104010 0.095523 0.103950 0.989985
14.096712 -33.364894 -295.193038 -2332.266318 0.137934 -0.980283 0.141489 0.977710 0.111932 -0.177637 0.158298 0.162837 0.973872
14.593253 -38.322182 -1513.541881 -2776.176346 -0.067880 0.995520 -0.065825 0.976919 0.052928 -0.206950 0.202539 0.078353 0.976135
14.821502 -44.611111 -2118.414334 -1044.902939 -0.053311 0.997734 -0.041037 0.932201 0.034992 -0.360246 0.357993 0.057460 0.931954
11.606433 -41.545746 -1038.942318 -2579.686813 -0.025672 0.998767 -0.042487 0.966161 0.013877 -0.257568 0.256661 0.047662 0.965326
13.429426 -33.098200 -1398.199258 -3965.329646 -0.057641 0.997020 -0.051272 0.989804 0.050372 -0.133232 0.130253 0.058429 0.989758
-1.093154 -46.760752 6209.753740 -191.225772 -0.453996 0.876355 -0.160902 0.572329 0.148422 -0.806480 0.682882 0.458228 0.568946
10.138044 -47.557759 6889.309832 230.240583 -0.465640 0.872927 -0.145523 0.452477 0.093517 -0.886859 0.760555 0.478803 0.438525
19.433301 -48.538094 6131.569756 -488.541212 -0.429526 0.887987 -0.164275 0.554022 0.115462 -0.824456 0.713139 0.445137 0.541559
7.679178 -46.532859 6704.128337 -925.091897 -0.440533 0.876845 -0.192545 0.664330 0.174152 -0.726867 0.603818 0.448122 0.659235
1.444583 -33.749960 -5326.761344 -1321.927198 0.074026 0.938601 0.336970 0.731222 0.178676 -0.658323 0.678111 -0.295133 0.673099
7.108872 -32.668023 -5708.836457 -752.886313 -0.071713 0.878189 0.472908 0.803398 0.331843 -0.494401 0.591109 -0.344478 0.729332
20.276281 -37.043658 -7223.231881 -1556.531688 0.090432 0.944396 0.316130 0.782454 0.129000 -0.609200 0.616107 -0.302448 0.727281
-3.334213 -85.756568 1261.769452 7294.682626 0.133757 0.971543 -0.195482 0.966783 -0.084569 0.241204 0.217808 -0.221251 -0.950583
-5.272052 -94.949634 1799.121997 652.825944 0.115319 0.975757 -0.186009 0.993290 -0.111617 0.030291 0.008794 -0.188254 -0.982081
-1.026106 -87.974827 1661.608874 2699.733710 0.145056 0.975457 -0.165658 0.980039 -0.118647 0.159518 0.135948 -0.185490 -0.973197
0.948091 -75.575536 1134.638952 -7848.789222 0.148120 0.972751 -0.178368 -0.934829 0.078859 -0.346232 0.322732 -0.218028 -0.921036
2.026591 -82.338146 587.852469 3484.570004 0.150333 0.970204 -0.190012 0.973843 -0.112201 0.197585 0.170378 -0.214745 -0.961694
1.751855 -173.206152 -317.365326 10918.998958 0.278313 0.935987 -0.215570 0.624224 -0.346839 -0.700034 0.729991 -0.060265 0.680795
2.342553 -159.757864 -496.215259 7529.785670 0.310061 0.919638 -0.241097 0.385656 -0.353458 -0.852254 0.868983 -0.171270 0.464258
0.545045 -160.360087 -154.802452 11619.878567 0.276293 0.935458 -0.220412 0.633731 -0.349747 -0.689972 0.722528 -0.050953 0.689461
-7.641999 -154.122931 406.327596 -5326.575512 0.828141 -0.043132 0.558858 0.556190 -0.060467 -0.828853 -0.069543 -0.997238 0.026085
-7.828880 -155.954357 -745.153904 3602.219162 0.831265 -0.065395 0.552016 0.543715 0.302234 -0.782961 0.115637 -0.950988 -0.286793
-5.487779 -149.439617 601.046784 -2875.977922 0.828072 -0.036330 0.559443 0.559926 0.003930 -0.828533 -0.027902 -0.999332 -0.023597
-7.913325 -165.424549 -370.769619 -234.212145 0.834591 -0.071783 0.546174 0.549734 0.172197 -0.817399 0.035374 -0.982444 -0.183175
-6.129548 -145.082671 402.304886 -4418.824055 0.826890 -0.041419 0.560837 0.521630 -0.316154 -0.792432 -0.210132 -0.947803 0.239819
-5.973594 -144.766037 717.398759 -10143.969777 0.828676 -0.055680 0.556952 0.493430 -0.397076 -0.773859 -0.264241 -0.916095 0.301574
-6.401518 -157.481398 -71.426168 -10656.353399 0.834712 -0.079747 0.544882 0.519679 -0.213264 -0.827316 -0.182180 -0.973734 0.136571
-5.581339 -53.828924 -840.955082 -1425.580765 -0.095983 0.990400 -0.099475 0.490099 0.134006 0.861304 -0.866366 -0.033918 0.498257
-5.062001 -50.168656 -1334.892253 -1206.343988 -0.132144 0.980826 -0.143240 0.312077 0.178325 0.933171 -0.940822 -0.078611 0.329658
-2.863209 -52.239979 -977.170853 -1590.448150 -0.122181 0.985042 -0.121512 0.310844 0.154248 0.937861 -0.942575 -0.076817 0.325041
-4.493435 -60.970784 -681.851280 -1131.547851 -0.066809 0.996870 -0.042280 0.654896 0.075781 0.751910 -0.752760 -0.022545 0.657909
-6.594547 -59.235814 -587.465181 -1246.641470 -0.060007 0.996114 -0.064467 0.672621 0.088070 0.734728 -0.737550 -0.000727 0.675292
-3.222531 -56.151403 -577.160339 -1725.551304 -0.092033 0.992152 -0.084638 0.470722 0.118251 0.874321 -0.877468 -0.040625 0.477911
-15.432331 -81.655377 184.423265 -165.880286 0.096591 0.981848 -0.163233 -0.941498 0.036929 -0.334989 0.322880 -0.186041 -0.927975
-14.229701 -80.349801 517.280192 128.718628 0.067106 0.991728 -0.109419 -0.943133 0.027265 -0.331297 0.325573 -0.125429 -0.937161
-15.461623 -84.204175 127.285466 1639.240038 0.099064 0.982487 -0.157814 -0.870394 0.008688 -0.492280 0.482288 -0.186128 -0.856011
-15.189004 -84.757741 -287.676967 1255.572424 0.129925 0.966739 -0.220308 -0.866044 0.002458 -0.499961 0.482790 -0.255754 -0.837558
-14.944160 -87.572491 -507.730532 2960.364637 0.135310 0.965756 -0.221373 -0.767144 -0.039282 -0.640271 0.627041 -0.256460 -0.735559
-15.373879 -87.597913 113.251152 3089.281593 0.095127 0.983600 -0.153236 -0.769292 -0.025057 -0.638406 0.631776 -0.178613 -0.754292
82.667674 -37.001485 -4555.499805 -5534.296835 0.695293 0.004925 0.718709 0.650110 0.422089 -0.631821 0.306471 -0.906541 -0.290274
61.965194 -46.857748 -2823.454743 -3651.783196 0.694365 -0.007715 0.719581 0.601728 0.554661 -0.574695 0.394690 -0.832041 -0.389780
142.693119 -39.208856 -32293.769054 -6005.192167 0.752472 -0.416146 0.510499 0.658566 0.465115 -0.591573 -0.008740 -0.781339 -0.624045
137.392905 -39.351324 -33621.194300 -2269.542906 -0.476635 -0.338837 -0.811177 0.628829 0.513404 -0.583944 0.614323 -0.788420 -0.031636
116.937769 -21.901841 -195.635299 -8179.375849 0.676525 0.096234 0.730105 0.672207 0.324197 -0.665608 0.300752 -0.941082 -0.154638
192.215726 -26.186306 -43618.501613 -7300.845576 -0.499415 -0.406799 -0.764918 0.667036 0.382864 -0.639123 0.552854 -0.829415 0.080141
14.358207 -59.652946 -330.521422 125.293509 -0.767963 -0.050256 -0.638519 -0.262270 0.934180 0.241912 0.584335 0.353244 -0.730597
11.305498 -61.183211 -3588.106503 -2096.685381 -0.727212 0.033755 -0.685582 -0.327829 0.860437 0.390099 0.603068 0.508438 -0.614654
11.445310 -65.035735 434.443780 -2065.239881 -0.799559 0.022301 -0.600174 -0.290655 0.860124 0.419174 0.525572 0.509598 -0.681238
43.731731 -39.064847 7171.939283 -576.272964 -0.076595 0.983977 0.161005 0.934921 0.126994 -0.331355 0.346492 -0.125147 0.929667
50.380489 -37.113109 9671.439863 -970.327095 -0.055136 0.989667 0.132358 0.962774 0.087827 -0.255642 0.264625 -0.113336 0.957668
31.093178 -40.374175 7974.349029 -1782.643787 -0.043762 0.997589 0.053854 0.938106 0.059571 -0.341186 0.343572 -0.035590 0.938452
25.557381 -42.603482 6490.785192 -768.692026 -0.031675 0.998000 0.054703 0.893311 0.052816 -0.446325 0.448322 -0.034730 0.893197
56.768994 -89.850927 2092.027493 1376.553779 -0.167516 0.947907 0.270946 -0.854458 -0.002506 -0.519514 0.491772 0.318539 -0.810366
38.163737 -62.991786 6318.092095 -222.126498 -0.268650 0.869153 0.415211 0.838476 -0.001159 0.544937 0.474115 0.494542 -0.728453
47.973288 -73.597808 3642.304722 1948.582055 -0.087036 0.898573 0.430105 0.949435 -0.055915 0.308945 0.301659 0.435246 -0.848270
61.654231 -92.059300 1839.237648 3704.180410 -0.063742 0.965032 0.254264 -0.955692 0.014342 -0.294018 0.287384 0.261739 -0.921359
-1.487585 -640.702945 -6848.213621 168524.997737 0.017363 0.153024 -0.988070 0.126472 0.979945 0.153988 0.991818 -0.127637 -0.002338
3.747445 -499.492874 897.004207 104545.575202 -0.088088 0.304323 -0.948487 0.439946 0.866172 0.237053 0.893693 -0.396402 -0.210185
-2.326363 -312.535911 -4727.757882 4215.602141 0.026892 0.234382 -0.971773 0.762873 0.623397 0.171468 0.645989 -0.745950 -0.162039
-17.490885 -534.916876 -12802.998286 134552.623622 0.041131 0.119875 -0.991937 0.335734 0.933394 0.126722 0.941058 -0.338239 -0.001855
-13.817257 -1646.147876 -4269.624747 472399.130267 0.057583 0.199123 -0.978281 -0.040915 0.979555 0.196974 0.997502 0.028684 0.064553
-16.424391 -132.506096 36777.987842 18952.225099 0.686347 -0.324606 -0.650814 -0.542621 0.367270 -0.755430 -0.484242 -0.871633 -0.075936
-80.624483 -151.608012 23443.547398 19515.330287 0.698116 -0.476466 -0.534428 -0.535728 0.147585 -0.831393 -0.475004 -0.866717 0.152224
-70.768991 -127.338313 24155.955427 21447.967663 0.616609 -0.492819 -0.613940 -0.477110 0.386391 -0.789347 -0.626226 -0.779635 -0.003123
-41.331750 -68.952055 597.333202 659.927660 0.101565 0.994003 0.040541 -0.888268 0.108960 -0.446214 0.447955 -0.009309 -0.894008
-39.418533 -66.129188 1586.330261 -391.168111 0.007398 0.999965 0.003937 -0.968755 0.008143 -0.247886 0.247909 0.001980 -0.968781
-40.592538 -65.968611 -609.628172 20.944801 0.017133 0.996615 0.080406 -0.950292 0.041235 -0.308616 0.310887 0.071121 -0.947782
66.340168 -85.095414 17179.199062 13652.992496 0.990868 -0.120980 0.059535 0.128362 0.711203 -0.691168 -0.041276 -0.692498 -0.720238
140.566987 -97.065593 21355.610696 9027.179170 0.953914 -0.280014 0.107891 0.231581 0.458288 -0.858104 -0.190836 -0.843543 -0.502013
91.072713 -138.988258 24539.586041 22723.642567 0.988955 0.145071 0.030369 -0.063508 0.599896 -0.797554 0.133920 -0.786816 -0.602483
30.391851 -112.914280 8030.619316 11537.417856 0.971195 0.209972 -0.112661 -0.234239 0.754480 -0.613100 0.043733 -0.621829 -0.781931
78.830220 -198.501779 17131.264447 34045.499101 0.916754 0.374976 -0.137674 -0.307740 0.443260 -0.841913 0.254672 -0.814195 -0.521756
30.298629 -146.420797 8259.551877 24659.156843 0.923664 0.337308 -0.181845 -0.368013 0.648530 -0.666314 0.106821 -0.682372 -0.723158
-2.979233 -44.514342 -671.411908 117.680908 -0.073370 0.974586 -0.211659 -0.527637 0.142162 0.837490 -0.846296 -0.173126 -0.503797
-1.540938 -47.656896 -985.606581 1161.215748 -0.090806 0.971582 -0.218593 -0.649836 0.108520 0.752287 -0.754630 -0.210362 -0.621515
-2.269829 -45.172915 -309.846620 -298.775662 -0.085658 0.978240 -0.188969 -0.522214 0.117443 0.844689 -0.848502 -0.171037 -0.500791
-1.458586 -60.943877 69.564946 -3816.642906 -0.200903 0.979564 0.009632 -0.489360 -0.108873 0.865259 -0.848625 -0.169119 -0.501232
-0.933602 -64.907997 -366.585772 -3946.903295 -0.218649 0.975542 0.022596 -0.463495 -0.124205 0.877351 -0.858699 -0.181359 -0.479316
-2.300341 -69.912381 -174.069856 -3513.265452 -0.218559 0.974701 0.046792 -0.277370 -0.108025 0.954671 -0.935574 -0.195673 -0.293963
-2.339116 -66.762470 253.806107 -3802.847646 -0.199682 0.979339 0.031960 -0.310571 -0.094192 0.945872 -0.929340 -0.178948 -0.322963
-0.923456 -57.132970 376.748896 -3364.396511 -0.182113 0.983208 -0.011698 -0.508685 -0.084026 0.856843 -0.841471 -0.161993 -0.515446
4.240551 -87.976159 456.712130 -2792.597554 -0.165858 0.971153 0.171327 -0.780328 -0.235473 0.579345 -0.602976 0.037602 -0.796873
0.090378 -87.460909 801.460168 189.078299 -0.141042 0.975574 0.168413 -0.881189 -0.201246 0.427792 -0.451235 0.088067 -0.888049
3.181272 -90.562450 1080.406935 -4614.111533 -0.122468 0.978433 0.166347 -0.769226 -0.199487 0.607039 -0.627131 0.053616 -0.777066
8.673142 -56.420469 1738.372737 2150.387875 0.114585 0.993017 -0.028071 -0.047796 -0.022714 -0.998599 0.992263 -0.115766 -0.044859
0.684379 -60.314866 -179.736623 1359.918973 0.119671 0.990828 0.062753 0.131627 0.046815 -0.990193 0.984049 -0.126757 0.124817
3.263725 -56.580412 316.523296 1893.551718 0.107741 0.993308 0.041603 -0.071856 0.049517 -0.996185 0.991579 -0.104341 -0.076710
-52.779904 -71.562487 -1072.093247 -7674.095491 0.023366 0.240279 0.970423 -0.362188 0.906780 -0.215800 -0.931812 -0.346433 0.108214
-53.632539 -74.923269 -821.569609 680.519383 0.104558 -0.023874 0.994232 -0.116984 0.992476 0.036134 -0.987614 -0.120088 0.100979
-48.599962 -71.897465 -2034.563068 -137.859761 -0.053003 0.121356 0.991193 -0.239658 0.962033 -0.130601 -0.969410 -0.244469 -0.021907
-40.956461 -62.988894 -4056.062996 -5850.604612 -0.242367 0.483373 0.841195 -0.390952 0.744874 -0.540666 -0.887927 -0.459906 0.008443
33.481917 -36.742010 -17234.790850 851.016290 0.158544 0.445840 0.880960 -0.700532 0.679559 -0.217841 -0.695787 -0.582603 0.420065
12.882631 -36.318979 -10841.231158 1554.018176 0.207089 0.442232 0.872665 -0.654768 0.725421 -0.212234 -0.726907 -0.527442 0.439786
41.261418 -33.972610 -14639.546400 1025.031496 0.120292 0.525628 0.842167 -0.662324 0.674417 -0.326325 -0.739497 -0.518533 0.429263
70.152296 -36.578189 -28462.862516 98.895090 0.086920 0.521548 0.848783 -0.744498 0.600129 -0.292518 -0.661942 -0.606492 0.440455
7.042727 -177.607743 387.808715 13678.457894 0.823130 0.539013 -0.178666 0.348859 -0.231748 0.908069 -0.448056 0.809789 0.378799
9.340772 -197.778781 463.707013 10731.726032 0.824727 0.532031 -0.191748 0.202804 0.038272 0.978471 -0.527916 0.845859 0.076335
5.779385 -247.122864 -30.045813 42578.893002 0.819141 0.542026 -0.187658 0.404279 -0.313489 0.859234 -0.406899 0.779700 0.475921
6.538261 -204.397669 -994.154843 6295.736478 0.794598 0.562495 -0.228502 0.279280 -0.004458 0.960199 -0.539089 0.826789 0.160636
3.856791 -166.386177 499.330824 11145.169622 0.809349 0.569430 -0.143887 0.462617 -0.467131 0.753508 -0.361856 0.676416 0.641500
4.768135 -200.181235 -163.333667 16149.420592 0.788715 0.586909 -0.182936 0.474692 -0.392339 0.787869 -0.390635 0.708243 0.588045
-0.948311 -27.059901 -834.366849 -649.735669 0.080575 0.700262 0.709325 -0.184208 0.709842 -0.679847 -0.979579 -0.075884 0.186189
4.666731 -25.912381 -2471.644573 1530.405956 0.043181 0.804361 0.592569 0.229079 -0.585292 0.777789 -0.972450 -0.102159 0.209536
0.984662 -25.587346 -1474.930594 -1046.266719 0.074684 0.671951 0.736820 -0.243116 0.728857 -0.640048 -0.967118 -0.131332 0.217796
-2.956334 -26.702417 -780.970790 269.559276 0.106427 0.582606 0.805757 -0.181061 0.808166 -0.560432 -0.977696 -0.086246 0.191498
2.024963 -23.865909 -2206.742255 -1238.519433 0.061910 0.652389 0.755351 -0.303106 0.733349 -0.608544 -0.950944 -0.191277 0.243145
-2.936112 -26.601360 -1425.181472 -96.641677 0.103942 0.560413 0.821665 -0.236316 0.816397 -0.526925 -0.966101 -0.139403 0.217293
-17.396362 -2386.054158 20007.862969 847114.790778 -0.641753 -0.731976 -0.228832 0.744095 -0.522057 -0.416867 0.185673 -0.437798 0.879692
58552.938470 -20213.602049 19801159.010622 3535819.053021 0.869233 -0.308143 0.386629 0.078496 0.858108 0.507433 -0.488132 -0.410729 0.770084
-49.114110 -174.373897 329.257475 37388.377258 0.552890 0.831904 0.047422 0.697954 -0.493451 0.519005 -0.455162 0.253854 0.853455
-103.369519 -1993.349272 13781.145842 482475.633475 -0.612740 -0.790233 0.009002 0.788741 -0.610792 0.069430 -0.049368 0.049643 0.997546
91.651322 -5925.734262 61013.621332 2908804.149123 0.689309 0.723810 -0.030873 0.517274 -0.521559 -0.678531 0.507229 -0.451747 0.733923
-39.059438 -258.337697 30284.933047 69259.595261 0.709632 0.656084 0.256859 0.300653 0.047730 -0.952539 0.637206 -0.753177 0.163382
1.382474 -33.465263 -1712.995397 609.493164 -0.859464 0.509737 0.038602 0.501640 0.855522 -0.128214 -0.098380 -0.090831 -0.990995
9.406999 -42.383543 3401.533809 1089.358619 0.890385 -0.455165 0.006224 0.441294 0.859735 -0.257131 -0.111686 -0.231692 -0.966357
-2.736237 -40.996517 -1499.966012 911.731804 -0.972481 0.225370 0.059063 0.220677 0.972328 -0.076682 -0.074710 -0.061538 -0.995305
-5.678879 -34.084536 -148.760365 -163.690935 -0.903673 0.421451 0.075863 0.422829 0.906206 0.002347 -0.067758 0.034198 -0.997116
-6.349438 -33.511795 250.842839 -620.007004 -0.786087 0.613017 0.079233 0.611298 0.789989 -0.047248 -0.091558 0.011294 -0.995736
-4.032913 -35.527574 -1180.153810 524.040513 -0.961973 0.266537 0.059712 0.266963 0.963706 -0.000881 -0.057779 0.015093 -0.998215
-11.778453 -35.006387 -41.518729 166.268249 -0.449139 0.884404 0.126902 -0.841836 -0.371315 -0.391710 0.299309 0.282763 -0.911295
-11.662761 -33.048842 -69.197533 -945.488943 -0.387861 0.912615 0.129220 0.901333 0.346216 0.260255 0.192775 0.217413 -0.956854
-11.403107 -34.516089 117.639877 -656.834537 -0.429221 0.889783 0.155096 0.878846 0.371837 0.298942 0.208323 0.264618 -0.941583
-1.115892 -35.582379 -5180.858154 1339.234155 -0.576992 -0.258068 -0.774907 -0.059085 0.959472 -0.275540 0.814610 -0.113198 -0.568856
-2.114592 -33.054486 -4506.108149 754.147147 -0.586867 -0.235347 -0.774725 -0.103878 0.970802 -0.216223 0.802993 -0.046417 -0.594179
12.057940 -33.419234 -4688.200401 263.865347 -0.590325 -0.109194 -0.799745 0.017344 0.988863 -0.147817 0.806979 -0.101131 -0.581857
15.892039 -35.230250 -5937.831795 445.429678 -0.568551 -0.132820 -0.811855 0.074933 0.974416 -0.211892 0.819228 -0.181306 -0.544053
1.055670 -37.353240 -5847.608900 1817.559372 -0.570735 -0.265010 -0.777194 0.002481 0.945928 -0.324367 0.821130 -0.187056 -0.539217
-39.303206 -75.418894 -2827.395267 267.422423 -0.176402 0.983956 -0.026699 0.979430 0.178161 0.094742 -0.097979 0.009437 0.995144
-54.234396 -80.539572 728.789896 948.289386 -0.071236 0.987336 -0.141752 0.973346 0.099868 0.206458 -0.218000 0.123266 0.968133
-52.740974 -78.188783 -400.964344 3495.348520 -0.130517 -0.947289 0.292590 0.990655 -0.112816 0.076653 -0.039603 0.299860 0.953161
-54.271169 -81.364076 -698.361262 1579.082320 -0.021264 -0.975744 0.217878 0.985934 0.015669 0.166397 -0.165774 0.218352 0.961687
47.287990 -101.539371 15206.821606 12214.033396 0.382913 -0.585348 -0.714665 0.866940 0.494890 0.059160 0.319051 -0.642224 0.696961
19.503007 -40.440343 815.912369 -1407.799709 -0.204164 0.968292 -0.143971 0.926633 0.143725 -0.347411 0.315703 0.204337 0.926595
19.240295 -37.998387 41.703831 -1954.174952 -0.163215 0.975983 -0.144283 0.956880 0.120978 -0.264094 0.240297 0.181165 0.953644
14.978698 -35.633554 -2208.345394 -1521.506635 0.214519 -0.958456 0.188001 0.952617 0.162816 -0.256928 0.215644 0.234209 0.947968
10.864730 -37.441981 -3932.089278 -1611.834666 0.303700 -0.930392 0.205274 0.919686 0.229990 -0.318250 0.248886 0.285440 0.925516
15.769683 -41.025337 4270.688099 -365.827710 -0.311154 0.928655 -0.201951 0.870964 0.193619 -0.451590 0.380270 0.316405 0.869070
26.109450 -43.926543 1570.065751 -159.673622 -0.228533 0.965037 -0.128364 0.862835 0.139713 -0.485794 0.450875 0.221776 0.864596
-13.274791 -46.393804 6305.157239 210.659443 -0.467648 0.875490 -0.121748 0.461081 0.124104 -0.878637 0.754128 0.467029 0.461708
0.192876 -46.234605 6741.642009 349.215628 -0.485990 0.866950 -0.110508 0.346093 0.074802 -0.935213 0.802517 0.492750 0.336398
18.642562 -46.946230 7313.413017 781.716027 -0.467882 0.875870 -0.118058 0.336227 0.052868 -0.940296 0.817336 0.479642 0.319227
23.320066 -46.638422 5392.291276 -1438.428430 0.047691 0.996215 0.072676 0.750414 0.012287 -0.660853 0.659245 -0.086054 0.746988
22.776326 -42.619150 -2042.643018 -1384.994536 0.080017 0.978962 0.187699 0.761703 0.061411 -0.645010 0.642967 -0.194583 0.740764
29.253906 -42.939415 5659.867644 465.906933 -0.000097 0.992731 0.120356 0.806882 0.071174 -0.586409 0.590713 -0.097056 0.801024
21.240272 -48.107818 6807.988307 -684.452027 0.038908 0.999107 0.016501 0.762956 -0.019039 -0.646169 0.645278 -0.037731 0.763016
21.963906 -45.324457 6743.587623 259.935151 -0.006422 0.999363 0.035114 0.824869 0.025144 -0.564765 0.565288 -0.025338 0.824504
29.469572 -38.750392 3096.124945 391.745246 -0.068721 0.978363 0.195149 0.883288 0.150602 -0.443983 0.463767 -0.141862 0.874526
-11.533762 -102.579374 1766.982830 -326.067619 0.064082 0.976820 -0.204244 0.989108 -0.089346 -0.116970 -0.132507 -0.194524 -0.971906
-6.981419 -99.444816 2376.306468 2167.082911 0.082237 0.981644 -0.172079 -0.975032 0.114986 0.189978 -0.206278 -0.152159 -0.966590
-5.040550 -146.244366 1588.085388 1177.697034 0.824072 -0.011908 0.566359 0.549036 0.263016 -0.793336 0.139514 -0.964718 -0.223282
-5.873163 -148.674515 1800.145465 3900.011158 0.821041 -0.018777 0.570561 0.508143 0.479516 -0.715441 0.260159 -0.877332 -0.403243
-6.968901 -145.501491 162.574296 10264.651021 0.834436 -0.058522 0.547988 0.473808 0.584020 -0.659110 0.281464 -0.809627 -0.515056
-7.675498 -158.634917 -1383.238525 9545.299030 0.838102 -0.097587 0.536714 0.505426 0.509105 -0.696676 0.205257 -0.855154 -0.476005
-2.776221 -49.296957 -1392.899426 -345.149786 -0.147157 0.976932 -0.154751 0.178482 0.180113 0.967318 -0.972877 -0.114727 0.200870
-11.615941 -79.249203 717.096469 -683.222742 0.034837 0.997325 -0.064258 -0.986984 0.024232 -0.158980 0.156998 -0.068960 -0.985188
-11.779762 -79.122905 881.702960 114.142025 0.037377 0.997612 -0.058071 -0.941117 0.015602 -0.337721 0.336008 -0.067275 -0.939453
80.512336 -42.491220 -20815.843463 -1604.646099 -0.470726 -0.292117 -0.832517 0.571925 0.617463 -0.540038 0.671803 -0.730348 -0.123587
17.469758 -55.569731 -1104.182002 429.126777 -0.735922 -0.122437 -0.665904 -0.217055 0.974268 0.060743 0.641332 0.189241 -0.743560
21.602015 -54.464869 -1054.585292 -1481.667612 -0.736686 -0.181788 -0.651343 -0.131410 0.983312 -0.125811 0.663344 -0.007090 -0.748281
16.353456 -47.908922 -2836.429347 -11.680275 -0.683387 -0.206344 -0.700288 -0.213051 0.973839 -0.079038 0.698277 0.095183 -0.709471
-33.577114 -71.049263 -4715.086200 -801.862289 -0.671435 -0.647442 0.360547 0.701840 -0.711747 0.028915 0.237898 0.272461 0.932293
-47.527339 -75.218129 6351.423141 -1290.699975 0.795374 0.536732 -0.281600 0.577994 -0.811522 0.085763 0.182492 0.230977 0.955692
-48.114165 -75.138713 3455.930302 563.935668 0.859116 0.433650 -0.271787 -0.435999 0.898263 0.055034 0.268001 0.071218 0.960783
20.200086 -680.228037 -6151.691757 -146584.891595 0.099067 0.436170 -0.894395 0.720145 0.588855 0.366934 0.686714 -0.680445 -0.255769
17.052641 -843.557743 1082.826728 -211479.302357 0.026724 0.336317 -0.941370 0.934703 0.325476 0.142815 0.354424 -0.883717 -0.305658
-14.402696 -74.886344 1048.500178 16895.845544 0.140292 0.882861 -0.448190 -0.502876 0.453471 0.735853 -0.852897 -0.122150 -0.507588
-2.728950 -39.653989 3983.104096 3125.220773 0.264043 0.760758 -0.592898 -0.530670 0.627894 0.569332 -0.805401 -0.164305 -0.569503
-8.163783 -29.553665 215.390771 -724.268073 0.227457 0.801276 -0.553371 -0.531015 0.578402 0.619253 -0.816264 -0.152994 -0.557051
-16.609869 -50.486366 -2213.452687 11777.207508 -0.166449 0.977122 -0.132389 -0.486467 0.035411 0.872981 -0.857697 -0.209709 -0.469444
-30.451745 -90.378516 -3369.756156 19981.211110 -0.059288 0.944692 -0.322556 -0.501302 0.251248 0.827992 -0.863239 -0.210788 -0.458680
77.002219 -94.765678 1620.905393 14723.242337 0.919029 -0.390874 -0.051029 0.253370 0.684913 -0.683153 -0.301977 -0.614908 -0.728490
149.939685 -103.526030 -25670.566188 13870.669130 0.784628 -0.605696 -0.132256 0.319212 0.577572 -0.751342 -0.531472 -0.547306 -0.646524
275.132583 -139.101736 68385.043534 -6654.007359 -0.713807 0.697891 0.058556 -0.251223 -0.333202 0.908770 -0.653733 -0.633976 -0.413168
-6.244713 -56.363072 364.076054 -1657.886953 -0.088249 0.995924 -0.018623 0.023294 0.020755 0.999513 -0.995826 -0.087772 0.025031
-6.783828 -58.460854 202.490711 -387.016918 -0.081516 0.996463 0.020427 0.248659 0.000486 0.968591 -0.965155 -0.084035 0.247819
-6.266272 -54.101880 386.431087 -1298.463839 -0.063032 0.997376 -0.035609 0.057124 0.039227 0.997596 -0.996375 -0.060846 0.059447
-6.315794 -59.873307 -214.813526 -1326.015077 -0.126667 0.991941 0.003022 0.069096 0.005784 0.997593 -0.989536 -0.126571 0.069272
-5.459202 -51.452726 437.713848 -1647.192309 -0.077558 0.994129 -0.075442 -0.174323 0.060982 0.982798 -0.981629 -0.089375 -0.168570
-5.379405 -54.117065 97.005884 -2056.951988 -0.112657 0.991619 -0.063242 -0.172191 0.043201 0.984116 -0.978600 -0.121757 -0.165881
0.340671 -68.344482 -423.119655 -3751.389063 -0.224020 0.974121 0.030052 -0.437842 -0.128144 0.889873 -0.870695 -0.186192 -0.455218
0.681531 -61.302298 -458.936357 -2179.705693 -0.193103 0.981083 -0.013721 -0.603383 -0.107711 0.790144 -0.773718 -0.160858 -0.612768
1.558594 -65.556256 -165.284755 -2102.539597 -0.198410 0.980110 0.004334 -0.585348 -0.122040 0.801545 -0.786130 -0.156498 -0.597919
1.374362 -59.960316 -590.906315 993.514583 -0.136709 0.987838 -0.074074 -0.732310 -0.050423 0.679102 -0.667108 -0.147084 -0.730297
2.639540 -64.661319 -488.427653 912.054622 -0.145366 0.987918 -0.053729 -0.723662 -0.069137 0.686683 -0.674672 -0.138702 -0.724969
10.897167 -220.688151 1670.587470 -4942.973572 0.837393 0.501709 -0.216936 0.014024 0.377031 0.926094 -0.546422 0.778547 -0.308688
7.974953 -256.862772 963.654349 24375.543183 0.847225 0.481538 -0.224347 0.208223 0.087506 0.974159 -0.488726 0.872046 0.026130
9.149601 -218.090425 607.329483 -11445.779547 0.808324 0.539478 -0.235745 0.028555 0.364029 0.930950 -0.588045 0.759241 -0.278849
-0.828055 -29.309086 -1103.980168 739.866509 0.059579 0.824442 0.562802 0.120699 -0.565617 0.815788 -0.990900 -0.019326 0.133208
9.013730 -29.707007 -3470.538119 2182.541323 0.021737 0.899542 0.436294 0.181268 -0.432710 0.883122 -0.983193 -0.059890 0.172464
-100.942316 -138.524101 8632.398752 396.415064 0.367226 0.921210 -0.128519 0.751206 -0.212261 0.625007 -0.548483 0.326064 0.769967
-325.663801 -1590.041575 -86251.054660 -398972.308901 0.266013 -0.656878 0.705512 0.197649 0.753500 0.627035 -0.943489 -0.027356 0.330273
-47.544041 -495.527859 -636.845912 -159756.727938 0.034189 0.943801 -0.328742 0.888393 0.121977 0.442584 -0.457810 0.307184 0.834295
-35.280262 -1401.555241 -22062.394672 -431605.921019 0.366196 0.215102 -0.905335 0.925909 0.012697 0.377534 0.092704 -0.976509 -0.194516
11.172617 -48.296976 1210.001956 1559.102915 0.081595 0.995064 0.056483 -0.286382 -0.030874 0.957618 -0.954635 0.094313 -0.282449
12.395027 -48.916964 589.821525 820.050244 0.069768 0.997132 0.029319 -0.321836 -0.005320 0.946780 -0.944221 0.075490 -0.320542
14.142667 -51.562434 2492.698376 876.213258 0.101439 0.992157 0.073044 -0.418950 -0.023992 0.907692 -0.902325 0.122678 -0.413230
10.461683 -43.107612 -1605.701472 2355.709090 0.043744 0.998911 0.016205 -0.180293 -0.008061 0.983580 -0.982640 0.045947 -0.179745
10.628189 -49.017005 2229.418316 1370.682098 0.108726 0.990391 0.085467 -0.311392 -0.047717 0.949083 -0.944041 0.129804 -0.303211
9.324713 -43.936331 1212.282276 2405.399322 0.088178 0.993660 0.069752 -0.175126 -0.053470 0.983093 -0.980589 0.098902 -0.169301
1.288115 -48.320828 2503.196692 296.147643 0.967201 -0.245620 -0.064746 0.223786 0.944558 -0.240269 -0.120171 -0.217899 -0.968545
-13.425128 -36.002425 -591.936913 376.023519 -0.435184 0.873549 0.218008 0.860624 0.332481 0.385724 0.264465 0.355484 -0.896487
-12.124848 -33.637070 152.439792 655.583668 -0.441017 0.871268 0.215398 0.820016 0.293616 0.491288 0.364799 0.393296 -0.843943
-12.368511 -35.473735 369.352061 -85.590149 -0.453371 0.870232 0.192745 0.860135 0.370454 0.350616 0.233715 0.324746 -0.916470
-12.364648 -72.102598 10077.630607 -3427.499014 0.204745 -0.967641 -0.147478 0.977011 0.192890 0.090795 -0.059409 -0.162678 0.984889
-10.233484 -82.846506 -7258.816677 8794.433709 -0.205039 0.966075 0.157032 0.957964 0.230976 -0.170162 0.200659 -0.115542 0.972824
-19.649735 -75.078944 -5628.657802 11627.922807 -0.231379 0.967852 0.098620 0.911925 0.251082 -0.324578 0.338905 -0.014834 0.940704
10.200649 -24.605897 -1518.761638 -2328.276191 0.179069 -0.967988 0.175879 0.981728 0.164111 -0.096318 0.064371 0.189913 0.979688
8.031179 -29.788433 -2017.460297 -1738.935160 0.248542 -0.949150 0.193237 0.960750 0.216186 -0.173845 0.123230 0.228861 0.965628
14.012220 -26.799036 -595.160993 -2786.928831 0.108290 -0.983898 0.142193 0.990571 0.094719 -0.098986 0.083923 0.151572 0.984877
15.806358 -46.435443 6765.284863 -916.855344 -0.411791 0.887962 -0.204820 0.740448 0.195019 -0.643198 0.531192 0.416522 0.737797
-0.185903 -45.279954 7321.653825 -767.349193 -0.447109 0.872552 -0.196838 0.732874 0.231185 -0.639883 0.512825 0.430355 0.742836
-9.152379 -46.039069 6419.821389 -406.308582 -0.463233 0.872075 -0.157797 0.661728 0.221917 -0.716148 0.589517 0.436163 0.679876
-0.601178 -67.763959 700.029849 -12097.052895 0.106608 0.969866 -0.219075 -0.911435 0.007262 -0.411381 0.397394 -0.243529 -0.884744
2.934867 -59.356125 187.171148 -9390.397416 0.135547 0.967636 -0.212857 -0.868961 0.012899 -0.494712 0.475955 -0.252021 -0.842587
2.742813 -68.861523 339.388318 -6994.541788 0.163958 0.966601 -0.196978 -0.900199 0.064944 -0.430609 0.403435 -0.247921 -0.880781
-2.969882 -156.649817 2017.740745 -2112.637822 0.822906 0.002086 0.568174 0.567115 0.058120 -0.821585 0.034737 -0.998307 -0.046644
-2.761713 -154.900436 899.870876 -3350.193363 0.818898 -0.034968 0.572874 0.547055 -0.254359 -0.797517 -0.173603 -0.966478 0.189164
-0.799129 -54.231717 -148.017895 -1877.033448 -0.102224 0.988400 -0.112318 0.279958 0.136931 0.950197 -0.954554 -0.065688 0.290708
0.237141 -56.623054 322.940181 -2139.235082 -0.091512 0.991057 -0.097116 0.248969 0.117198 0.961394 -0.964178 -0.063800 0.257468
-1.476927 -58.428186 -12.165177 -1650.356386 -0.084137 0.993562 -0.075859 0.449740 0.105798 0.886871 -0.889188 -0.040501 0.455746
-15.491612 -82.291713 -193.346850 -394.593338 0.118225 0.966237 -0.228929 -0.939332 0.034066 -0.341313 0.321991 -0.255392 -0.911645
-13.591105 -86.035905 -504.249805 1147.642152 0.145058 0.948305 -0.282269 -0.863890 -0.017686 -0.503369 0.482340 -0.316867 -0.816666
-13.244099 -88.826556 -604.649796 2196.728877 0.158750 0.948386 -0.274522 -0.759558 -0.060324 -0.647636 0.630769 -0.311328 -0.710778
1.449405 -75.311162 2034.843389 -2942.340849 -0.842835 0.083568 -0.531645 0.059653 0.996290 0.062035 0.534856 0.020571 -0.844693
8.132836 -72.783763 3153.864445 -1415.044167 -0.855208 0.044897 -0.516336 0.145437 0.977002 -0.155935 0.497460 -0.208451 -0.842070
13.506955 -66.998871 3646.696583 -2675.400956 -0.840364 -0.032621 -0.541040 0.052535 0.988585 -0.141205 0.539470 -0.147087 -0.829058
24.000161 -64.113030 4584.688144 -572.247486 -0.854174 -0.112183 -0.507742 0.072271 0.941361 -0.329571 0.514941 -0.318205 -0.795978
22.138581 -62.113985 4403.676289 -2607.535278 -0.839929 -0.124179 -0.528298 -0.014236 0.978176 -0.207291 0.542509 -0.166589 -0.823366
-2.938011 -12.205927 490.717482 -282.482052 -0.756181 -0.472569 -0.452624 -0.247666 0.846936 -0.470490 0.605683 -0.243676 -0.757476
-1.427505 -14.625497 241.414327 -11.181959 -0.771384 -0.423194 -0.475262 -0.215879 0.876567 -0.430146 0.598634 -0.229208 -0.767529
-2.901306 -14.153111 -111.384731 -24.407551 -0.702017 -0.601907 -0.380631 -0.378619 0.768126 -0.516362 0.603174 -0.218381 -0.767131
-0.401259 -18.700268 -94.985306 -1003.743664 -0.774067 -0.399134 -0.491439 -0.214886 0.895793 -0.389073 0.595520 -0.195566 -0.779173
-48.038408 -63.712422 -3436.971324 1371.190103 -0.084766 0.984582 0.153015 -0.892178 -0.006622 -0.451636 0.443659 0.174800 -0.878983
-53.801365 -68.837984 -2359.512294 3020.201846 -0.442621 0.889771 0.111329 -0.784487 -0.324093 -0.528719 0.434357 0.321359 -0.841464
-52.823221 -72.329261 -2508.899937 4505.927755 -0.271828 0.959148 0.078389 -0.794420 -0.177676 -0.580799 0.543144 0.220151 -0.810264
-95.510071 -1078.008399 -27717.733818 289605.341254 -0.103481 0.087477 -0.990777 -0.036836 0.995105 0.091706 0.993949 0.045986 -0.099752
-107.503871 -383.726063 -30095.442309 93871.364728 -0.066009 0.190569 -0.979452 0.389922 0.908469 0.150480 0.918479 -0.371977 -0.134274
-305.863826 -1125.357816 -69417.557017 256881.815616 -0.187392 0.427105 -0.884571 0.210961 0.897009 0.388420 0.959364 -0.113823 -0.258194
-232.265245 -360.522347 -30832.734765 -61200.963038 0.199805 0.608296 -0.768150 -0.694085 -0.465483 -0.549154 0.691609 -0.642885 -0.329203
-207.091524 -219.966927 39523.456081 -46436.910246 -0.154680 0.984217 -0.085973 -0.234921 -0.121165 -0.964433 0.959628 0.128981 -0.249955
-326.749763 -724.232024 76905.853749 -168358.836141 0.195459 0.891155 0.409437 -0.611196 0.437187 -0.659778 0.766965 0.121287 -0.630123
-294.811444 -1163.133769 57554.606718 -363086.628213 0.458803 0.867094 0.194030 -0.359193 0.380727 -0.852072 0.812700 -0.321239 -0.486133
14.109869 -45.111301 2245.103532 -2273.033737 0.035187 0.998875 0.031796 0.899376 -0.017777 -0.436815 0.435758 -0.043967 0.898989
8.098706 -40.428136 -177.677123 -3031.452012 0.026798 0.999196 0.029812 0.941722 -0.015230 -0.336046 0.335322 -0.037080 0.941374
8.278308 -46.681701 -302.011762 -2424.354226 0.047100 0.998881 0.004303 0.901395 -0.040646 -0.431085 0.430428 -0.024183 0.902301
4.077421 -67.298413 -19355.732358 10171.858407 -0.285749 0.944768 0.160504 0.474314 -0.006099 0.880335 -0.832691 -0.327684 0.446373
1.285750 -63.489699 -9860.099033 16280.834658 -0.227686 0.964505 0.133747 0.410945 -0.029344 0.911188 -0.882770 -0.262428 0.389678
24.653504 -55.091972 -13015.122807 8386.682503 -0.269381 0.960984 -0.062801 0.490279 0.192978 0.849933 -0.828891 -0.198166 0.523135
15.799799 -72.679333 -21596.777661 -5860.740294 -0.331654 0.937390 0.106328 0.486157 0.073230 0.870798 -0.808491 -0.340496 0.480006
27.516753 -47.924025 1615.149946 -2137.226448 0.099006 0.982692 0.156573 -0.913520 0.027369 0.405872 -0.394562 0.183216 -0.900418
25.230236 -49.337425 -1930.488671 -1338.376946 0.055994 0.976055 0.210194 -0.903260 -0.040181 0.427207 -0.425424 0.213781 -0.879382
23.626246 -51.419327 1330.929025 -904.488132 0.088601 0.982666 0.162843 -0.842864 -0.013153 0.537966 -0.530782 0.184919 -0.827088
25.775759 -47.217668 -1755.309845 -1500.764548 0.071684 0.982690 0.170824 -0.944155 0.011630 0.329297 -0.321611 0.184890 -0.928645
29.570589 -49.601992 3125.123144 -1907.778830 0.096658 0.992514 0.074655 -0.856999 0.044846 0.513363 -0.506172 0.113600 -0.854918
28.381044 -46.681896 3312.878301 -242.096622 0.098677 0.986481 0.130836 -0.938442 0.048510 0.342014 -0.331044 0.156531 -0.930542
26.360391 -47.005436 1114.431316 -172.526296 0.086203 0.982625 0.164371 -0.947685 0.029978 0.317795 -0.307346 0.183167 -0.933803
31.305249 -48.138386 3374.906832 -1155.072887 0.092461 0.990992 0.096876 -0.913153 0.045601 0.405059 -0.396993 0.125915 -0.909144
-7.077045 -55.636922 -5.370113 -360.638822 -0.068645 0.997604 0.008643 0.280530 0.010988 0.959782 -0.957387 -0.068309 0.280613
-7.739604 -58.393293 -1.835992 806.758244 -0.068380 0.995186 0.070210 0.477873 -0.029104 0.877947 -0.875764 -0.093585 0.473582
-6.842520 -62.376026 -144.787886 170.542646 -0.111914 0.992396 0.051248 0.312739 -0.013777 0.949739 -0.943223 -0.122317 0.308819
-1.109031 -72.474398 -568.574587 -2978.126294 -0.231621 0.971455 0.051250 -0.242968 -0.108783 0.963915 -0.941976 -0.210811 -0.261229
9.638989 -113.547576 2315.254983 -3858.828037 -0.100373 0.976900 0.188659 -0.307220 -0.210781 0.928002 -0.946330 -0.035187 -0.321280
12.201056 -106.147401 351.883314 -3605.049408 -0.179672 0.960320 0.213317 -0.333748 -0.263491 0.905088 -0.925381 -0.091425 -0.367847
6.061165 -102.877179 1378.772477 -5872.563225 -0.117822 0.976982 0.177833 -0.571246 -0.213165 0.792615 -0.812279 0.008199 -0.583212
1.279347 -108.486988 1523.448790 -6828.390758 -0.095431 0.983348 0.154658 -0.565792 -0.181413 0.804343 -0.819007 0.010745 -0.573683
-0.225834 -93.968139 1259.532668 -5391.116944 -0.098284 0.984222 0.147131 -0.763474 -0.169406 0.623225 -0.638317 0.051077 -0.768077
8.297626 -79.112540 -277.321774 1415.245051 -0.070253 0.995281 -0.066933 -0.934231 -0.042126 0.354172 -0.349681 -0.087412 -0.932782
6.577945 -75.569342 -916.595706 2409.121400 -0.052249 0.993129 -0.104716 -0.933888 -0.011450 0.357382 -0.353728 -0.116466 -0.928069
10.105285 -74.883491 -1020.418699 -3016.714156 -0.043070 0.994285 -0.097683 -0.992037 -0.030980 0.122074 -0.118350 -0.102163 -0.987702
59.542417 -52.711548 11119.458345 513.684709 0.147646 0.986316 -0.073362 0.130013 -0.092886 -0.987152 0.980458 -0.136211 0.141948
114.026234 -33.574214 16561.606312 -2517.132086 0.334384 0.932229 0.138336 0.249839 0.053849 -0.966789 0.908718 -0.357840 0.214901
280.584202 -23.188250 59865.495374 1424.251366 0.084199 0.964694 0.249551 0.355089 0.204951 -0.912089 0.931033 -0.165410 0.325296
-5.902984 -28.336410 -882.986764 834.297081 -0.432969 0.645634 0.629042 0.044091 0.712177 -0.700614 -0.900330 -0.275609 -0.336818
-12.157703 -26.996783 2072.267625 1982.300945 -0.406882 0.206140 0.889918 -0.043842 0.968676 -0.244428 -0.912428 -0.138469 -0.385099
-10.259933 -24.264455 -3532.898818 -251.909470 -0.373309 0.861282 0.344722 -0.240413 -0.448706 0.860735 -0.896015 -0.238444 -0.374570
-9.078089 -35.261590 616.821737 1956.557540 -0.400917 0.244995 0.882748 -0.045321 0.957094 -0.286212 -0.914993 -0.154754 -0.372611
8.154203 -29.750384 -8967.962842 1380.470932 -0.390854 0.909956 0.138610 -0.250740 -0.250151 0.935176 -0.885643 -0.330762 -0.325935
17.295288 -29.048041 -9403.714282 -34.085184 -0.445917 0.844824 0.295687 -0.116970 -0.382518 0.916514 -0.887398 -0.374103 -0.269390
1.388910 -33.397409 -3872.462890 -969.785269 -0.459490 0.643957 0.611710 -0.041227 0.672515 -0.738935 -0.887226 -0.364752 -0.282465
-6.635094 -41.115488 183.454442 331.482739 -0.412412 0.388824 0.823853 -0.089933 0.882547 -0.461544 -0.906548 -0.264438 -0.329005
95.322686 -45.176618 43635.243145 2887.544178 0.176415 0.982663 -0.057020 0.893813 -0.184189 -0.408867 0.412281 -0.021165 0.910811
1739.881000 -84.100304 675980.226704 23874.963421 0.352443 0.932355 -0.080607 0.810413 -0.347148 -0.471931 0.467990 -0.101004 0.877943
1095.865036 -75.640492 440197.981087 2878.994337 0.415250 0.903078 -0.109621 0.838453 -0.426687 -0.339022 0.352937 -0.048867 0.934370
311.448356 -55.629860 122873.291432 509.742858 0.398800 0.915411 -0.054589 0.878191 -0.398372 -0.264727 0.264081 -0.057633 0.962777
74.087760 -49.964295 39781.465617 643.644577 0.253415 0.964062 -0.079777 0.922251 -0.265665 -0.280847 0.291948 0.002403 0.956431
7.551173 -267.831961 1609.644897 -28989.200803 0.843492 0.484082 -0.232780 -0.042589 0.492277 0.869396 -0.535451 0.723415 -0.435848
12.138802 -211.075798 -1234.143644 -22874.371555 -0.808674 -0.521568 0.272054 -0.171404 0.651322 0.739189 -0.562732 0.551131 -0.616106
11.580422 -197.830315 1481.341087 -22324.453991 0.828600 0.485455 -0.278846 -0.143162 0.665256 0.732761 -0.541226 0.567246 -0.620731
3.852093 -34.010010 -2704.441809 1354.338504 0.030927 0.909788 0.413920 0.077650 -0.415053 0.906477 -0.996501 -0.004107 0.083481
9.884601 -35.085506 -3807.403827 2024.595303 0.022346 0.943952 0.329324 0.090777 -0.329961 0.939620 -0.995621 -0.008899 0.093062
15.137540 -30.487133 -3756.849573 2209.320122 0.028035 0.929505 0.367743 0.204361 -0.365447 0.908122 -0.978494 -0.049694 0.200200
