16155
32291
-43.698091 -65.936574 -286.257565 8211.560328 0.177928 0.973407 0.144294 -0.383231 -0.066513 0.921255 -0.906353 0.219215 -0.361205
-43.398787 -70.642640 -1412.754644 7277.620973 0.155285 0.953169 0.259528 -0.461952 -0.162157 0.871955 -0.873205 0.255291 -0.415138
-54.004272 -80.023298 -580.987332 4439.465231 0.253019 0.967062 0.027807 -0.533398 0.115463 0.837947 -0.807136 0.226848 -0.545043
-42.232713 -65.777387 1175.963309 6203.135483 0.135187 0.838749 0.527470 -0.486858 -0.407426 0.772640 -0.862956 0.361254 -0.353273
-48.437708 -91.724098 101.068842 12062.131069 0.352034 0.909123 -0.222635 -0.387960 0.358194 0.849225 -0.851797 0.212583 -0.478801
-33.259071 -89.034904 -3997.499413 17135.742166 0.240436 0.933990 -0.264298 -0.259545 0.324232 0.909676 -0.935322 0.150122 -0.320369
-36.352123 -54.639454 -2750.695308 8743.432378 0.159809 0.986265 0.041751 -0.239347 -0.002319 0.970931 -0.957692 0.165157 -0.235688
-35.855408 -51.476711 -147.976995 4311.770727 0.045940 0.795402 0.604339 -0.369142 -0.548638 0.750153 -0.928237 0.257549 -0.268412
-38.481671 -69.198937 -2026.024383 -3242.932697 0.144486 -0.911867 -0.384218 0.988698 0.148736 0.018806 0.039999 -0.382593 0.923051
-37.995326 -67.484134 -2378.600180 -1555.639465 0.158480 -0.924776 -0.345937 0.986547 0.134073 0.093543 -0.040125 -0.356108 0.933583
-30.037531 -67.593377 3008.673518 543.102301 0.020613 -0.881963 -0.470867 0.994892 -0.028457 0.096854 -0.098821 -0.470458 0.876871
-13.706715 -70.044162 8602.412201 3423.375878 -0.013220 -0.827733 -0.560967 0.988305 -0.096053 0.118439 -0.151918 -0.552840 0.819322
-17.884070 -67.383675 10089.879971 -1127.754492 -0.080818 -0.820107 -0.566474 0.995197 -0.097892 -0.000260 -0.055240 -0.563774 0.824080
-31.742736 -69.900356 6193.031652 -3977.231815 -0.062988 -0.860610 -0.505354 0.997835 -0.044717 -0.048218 0.018899 -0.507298 0.861564
9.889076 -37.586411 7047.484675 -2124.807515 -0.072681 0.959927 0.270662 -0.074867 -0.275865 0.958276 -0.994541 -0.049385 -0.091917
4.657726 -32.508470 8251.645620 -2740.753385 -0.064299 0.943273 0.325733 -0.127419 -0.331497 0.934812 -0.989763 -0.018603 -0.141506
-2.740421 -36.875398 7117.832733 -1573.289152 -0.064274 0.959229 0.275225 -0.042604 -0.278182 0.959583 -0.997022 -0.049950 -0.058747
17.119997 -15.583052 -3944.774217 2108.045643 0.320020 0.922002 0.217944 0.931503 -0.348186 0.105206 -0.172885 -0.169348 0.970274
18.461125 0.913225 1653.129201 6608.229328 -0.689664 -0.680342 -0.247988 0.717844 -0.687361 -0.110609 -0.095205 -0.254300 0.962428
7.278431 -12.232933 3392.847204 1069.317523 -0.505542 -0.819950 -0.268531 0.842139 -0.536634 0.053164 -0.187695 -0.199263 0.961803
7.170837 -18.001370 -5115.293130 -1106.982240 0.245418 0.939092 0.240573 0.940378 -0.290905 0.176250 -0.235499 -0.182975 0.954495
-0.023205 -12.466785 -2779.705725 -678.735866 0.227257 0.948524 0.220584 0.945060 -0.269466 0.185068 -0.234981 -0.166407 0.957650
-1.472953 -9.925730 -1785.373456 -1109.914799 0.656318 0.705154 0.268336 0.725796 -0.687223 0.030727 -0.206074 -0.174591 0.962835
-7.682492 -66.159650 -287.493369 -308.152096 -0.140095 0.974957 -0.172723 -0.946117 -0.080378 0.313690 -0.291951 -0.207362 -0.933684
-7.286968 -63.855903 -220.563542 1716.876068 -0.178357 0.972261 -0.151317 -0.837519 -0.069286 0.541998 -0.516479 -0.223400 -0.826645
-8.519858 -62.994366 -165.589935 18.140732 -0.135252 0.980740 -0.140912 -0.939676 -0.081870 0.332125 -0.314192 -0.177332 -0.932651
3.183637 -48.103201 274.087992 -435.246251 -0.251190 0.961483 -0.111599 -0.067823 0.097529 0.992919 -0.965559 -0.256980 -0.040712
2.420151 -49.208525 138.032444 -563.475292 -0.241934 0.963080 -0.118091 -0.084401 0.100357 0.991365 -0.966615 -0.249812 -0.057005
2.345486 -52.888082 532.429942 -1636.620208 -0.232520 0.968585 -0.088191 0.079354 0.109268 0.990840 -0.969349 -0.223392 0.102268
8.858042 -103.641917 1954.458533 6236.011902 -0.104960 0.886014 -0.451621 0.638049 0.408335 0.652806 -0.762809 0.219638 0.608179
13.066887 -94.232745 880.708091 5201.056834 -0.109117 0.917654 -0.382106 0.660098 0.354301 0.662376 -0.743212 0.179951 0.644401
8.701610 -103.479457 734.848335 8422.285942 -0.141559 0.902310 -0.407183 0.509288 0.419097 0.751654 -0.848873 0.100970 0.518863
12.068527 -96.256082 1684.861987 242.479219 -0.084855 0.902864 -0.421469 0.760054 0.332172 0.558551 -0.644296 0.272943 0.714412
5.670777 -104.315592 2670.741116 4784.324580 -0.091875 0.871160 -0.482326 0.757784 0.375405 0.533699 -0.646005 0.316466 0.694642
371.667497 -44.912261 284651.891998 -11573.262704 0.124709 0.987967 0.091484 -0.184536 0.113691 -0.976228 0.974882 -0.104863 -0.196494
596.837626 -39.128440 375101.452679 -26094.886713 0.372584 0.927686 0.024076 -0.113207 0.071186 -0.991018 0.921068 -0.366512 -0.131544
392.446859 -41.540579 369492.802514 -5954.796457 0.093710 0.995569 -0.007812 -0.153055 0.006652 -0.988195 0.983765 -0.093800 -0.153000
-7.855326 -41.592515 -695.996330 3511.841869 -0.120451 0.975087 0.186269 0.878445 0.017291 0.477530 -0.462413 -0.221146 0.858644
-10.997857 -44.716794 -678.143096 4533.183584 -0.069682 0.981784 0.176763 0.892631 -0.017744 0.450438 -0.445369 -0.189172 0.875134
-9.962026 -48.284835 -443.452494 2763.428115 -0.056448 0.976574 0.207647 0.844972 -0.064056 0.530961 -0.531824 -0.205428 0.821561
-8.199212 -46.622599 -660.490323 2489.616918 -0.103649 0.970874 0.216011 0.829710 -0.035365 0.557073 -0.548487 -0.236966 0.801878
-34.350031 -59.155277 -3907.404318 -11896.918374 0.468822 0.714360 -0.519516 0.883120 -0.367446 0.291690 0.017478 -0.595545 -0.803132
-28.800994 -52.694753 2613.925251 -9031.414011 0.472703 0.751523 -0.460178 0.881081 -0.393733 0.262052 0.015751 -0.529327 -0.848272
-45.137839 -67.568953 10889.465499 -9230.847867 0.365433 0.795358 -0.483596 0.924265 -0.248410 0.289873 0.110422 -0.552900 -0.825899
-12.936336 -48.605416 -13883.928147 -5822.896165 0.703987 0.550857 -0.448285 0.709585 -0.572089 0.411344 -0.029868 -0.607677 -0.793623
-41.165551 -69.659125 -7396.863779 -20352.811111 0.437657 0.699805 -0.564562 0.898714 -0.321097 0.298680 0.027738 -0.638099 -0.769454
-24.585499 -60.015389 -24887.736510 -8438.241003 0.596818 0.579663 -0.554796 0.802226 -0.444470 0.398597 -0.015539 -0.682962 -0.730289
-16.475437 -21.368599 4431.846746 -1699.853129 -0.172887 0.765555 0.619706 -0.177897 -0.643104 0.744829 -0.968743 -0.018527 -0.247375
-12.668031 -26.386913 6007.920573 -3045.845965 -0.099921 0.911833 0.398216 -0.175217 -0.410090 0.895056 -0.979446 -0.019660 -0.200746
-5.527659 -21.159351 7622.297021 -2019.619384 -0.100324 0.872304 0.478562 -0.219410 -0.488544 0.844502 -0.970461 0.020278 -0.240405
-8.355632 -18.452999 5958.846028 -559.633371 -0.152520 0.757495 0.634775 -0.223263 -0.652095 0.724518 -0.962752 0.031218 -0.268578
-15.802190 -22.020565 -922.823297 2386.294331 -0.277301 0.112349 0.954192 0.016763 0.993554 -0.112113 -0.960637 -0.015094 -0.277397
12.215305 -14.031460 -2694.385805 -333.599260 0.084169 0.975204 -0.204676 -0.843135 0.179174 0.506972 -0.531074 -0.129898 -0.837309
10.790408 -16.954637 -2742.560235 -3137.443051 0.100876 0.972113 -0.211706 -0.834525 0.198528 0.513959 -0.541656 -0.124828 -0.831280
6.697450 -14.933241 -1953.883910 -704.183028 0.116639 0.962426 -0.245216 -0.834280 0.228905 0.501578 -0.538863 -0.146075 -0.829632
7.261376 -16.584310 -2322.075615 2210.580657 0.066379 0.972265 -0.224265 -0.846438 0.173880 0.503297 -0.528334 -0.156418 -0.834504
12.358499 -16.790682 -2407.238356 2674.419820 0.073821 0.976582 -0.202083 -0.850097 0.167570 0.499254 -0.521426 -0.134935 -0.842560
2.920438 -179.897775 -2724.392557 10296.621918 0.645104 0.183600 0.741708 0.763947 -0.174017 -0.621371 0.014986 0.967476 -0.252520
5.413038 -214.805101 -2241.533354 21386.215846 0.649853 0.178049 0.738911 0.752986 -0.283147 -0.594003 0.103459 0.942405 -0.318072
4.124058 -200.512903 -4812.478557 9050.456178 0.628720 0.207869 0.749334 0.768734 -0.020783 -0.639231 -0.117303 0.977936 -0.172862
14.495350 -68.560937 -4068.133585 11951.614227 0.754405 0.178944 0.631548 -0.555380 0.686861 0.468803 0.349896 0.704416 -0.617553
8.216447 -88.961694 -2124.005764 20749.000701 0.732106 0.184146 0.655828 -0.540012 0.743748 0.393988 0.415220 0.642596 -0.643943
17.608240 -62.017940 -599.633630 12050.735920 0.775694 0.068650 0.627364 -0.487216 0.696990 0.526142 0.401146 0.713787 -0.574098
23.951104 -55.737801 -4342.081619 92.047062 0.799130 0.091946 0.594086 -0.495868 0.659512 0.564942 0.339862 0.746050 -0.572628
16.307728 -63.944445 652.330752 12298.176655 0.788745 -0.009124 0.614653 -0.414878 0.729921 0.543223 0.453604 0.683471 -0.571936
21.724328 -52.186557 2524.844235 796.614777 0.788619 -0.058911 0.612053 -0.413140 0.686466 0.598398 0.455406 0.724772 -0.517022
26.662668 -52.589631 2186.642710 -1114.255104 0.794788 -0.011458 0.606779 -0.447137 0.664964 0.598240 0.410341 0.746787 -0.523382
16.477067 -213.682003 -2150.915749 3977.478876 0.724029 0.082296 0.684843 -0.494657 -0.630009 0.598668 -0.480725 0.772215 0.415436
13.469320 -232.696395 -592.761762 5071.015154 0.730353 0.042708 0.681733 -0.488377 -0.665134 0.564875 -0.477569 0.745502 0.464925
10.661491 -210.957595 2114.074241 -22702.635839 0.718259 0.034256 0.694932 0.366532 0.830332 -0.419765 -0.591404 0.556215 0.583838
14.681507 -197.164038 -471.612175 -22293.312086 0.712513 0.052484 0.699693 0.368574 0.820544 -0.436876 -0.597058 0.569169 0.565304
-7.354171 -26.533135 116.057686 366.253068 -0.682307 -0.574101 0.452620 -0.584407 0.800299 0.134125 -0.439232 -0.173000 -0.881559
-7.216031 -28.216068 695.906601 476.824890 -0.709743 -0.538952 0.453646 -0.580972 0.812012 0.055759 -0.398418 -0.223981 -0.889436
-4.011471 -27.312922 1053.331353 -211.803012 -0.631435 -0.622723 0.462067 -0.648187 0.750941 0.126259 -0.425609 -0.219781 -0.877811
9.232066 -170.746446 935.402782 -30984.960508 -0.713489 -0.009510 -0.700602 -0.097006 0.991619 0.085330 0.693919 0.128845 -0.708432
9.466423 -138.627988 317.592582 -23886.409417 -0.716654 0.014474 -0.697278 -0.001952 0.999739 0.022759 0.697426 0.017671 -0.716439
9.271199 -148.908630 134.253886 -22100.504684 -0.709060 0.032924 -0.704379 0.050750 0.998702 -0.004406 0.703319 -0.038872 -0.709810
43.743109 -215.524600 -14159.529930 2499.393881 0.659594 -0.108452 0.743756 0.590310 0.687281 -0.423294 0.465262 -0.718250 -0.517348
72.430289 -286.907718 13526.734779 -1586.990485 -0.618171 0.014558 -0.785909 0.669074 0.534509 -0.516372 0.412558 -0.845037 -0.340158
70.745115 -314.052869 -16916.066488 -48661.712781 0.618450 0.018075 0.785616 0.487073 0.775716 -0.401279 0.616668 -0.630823 -0.470937
81.829401 -568.326765 15411.058965 -190253.681805 -0.520334 -0.133953 -0.843392 0.262529 0.914701 -0.307246 0.812608 -0.381285 -0.440784
59.877588 -389.201780 22438.882264 -109871.509076 -0.641490 -0.070109 -0.763921 0.239014 0.927981 -0.285874 0.728947 -0.365973 -0.578533
-312.483797 -16245.998104 -121416.397610 34270125.442254 -0.823052 -0.318200 -0.470462 -0.183946 0.933021 -0.309249 0.537354 -0.167988 -0.826457
-368.714444 -10087.035341 209744.063138 -35108318.826750 0.716966 0.112104 0.688035 0.572147 -0.658490 -0.488916 -0.398254 -0.744193 0.536255
-293.732862 -1800.304203 86043.006265 4879950.166092 0.908819 0.146870 0.390484 0.075859 0.862204 -0.500849 0.410237 -0.484803 -0.772446
29.604317 -5.504479 -2356.012887 7425.058580 0.234747 -0.837282 0.493815 0.968685 0.243774 -0.047160 -0.080893 0.489421 0.868287
27.171074 -18.051543 -2114.292070 4250.271228 0.162653 -0.868650 0.467965 0.980449 0.195521 0.022153 -0.110740 0.455213 0.883469
19.063178 -8.959190 -5615.902247 4772.646383 0.284264 -0.760975 0.583191 0.949621 0.307203 -0.062021 -0.131961 0.571440 0.809964
31.774806 -18.385306 1521.452596 5570.005442 0.137821 -0.924662 0.354972 0.987513 0.155897 0.022685 -0.076315 0.347413 0.934602
17.673530 0.219389 -7218.999986 6937.629028 0.291103 -0.723959 0.625413 0.948158 0.305441 -0.087758 -0.127494 0.618537 0.775343
35.006518 -0.284545 1848.299783 9909.747990 0.219684 -0.903279 0.368545 0.974877 0.217511 -0.048004 -0.036802 0.369832 0.928370
30.196869 8.934960 -3247.805751 8909.944304 0.233755 -0.812758 0.533650 0.968677 0.241979 -0.055772 -0.083803 0.529972 0.843864
0.049462 -43.107946 -2519.255207 1066.384222 0.642775 -0.476219 0.600047 0.279039 0.875031 0.395548 -0.713427 -0.086812 0.695332
1.326298 -46.147055 -3638.792462 1099.732945 0.610149 -0.571546 0.548683 0.264207 0.799670 0.539187 -0.746936 -0.184018 0.638924
0.552132 -43.398977 -435.159236 1329.453904 0.601936 -0.601014 0.525790 0.297699 0.779864 0.550624 -0.740978 -0.174913 0.648350
-0.923710 -39.330139 448.073982 1143.787086 0.644016 -0.493466 0.584581 0.306763 0.866599 0.393577 -0.700814 -0.074142 0.709480
62.545067 -135.514126 17159.399851 12735.814311 -0.121508 0.933966 -0.336071 0.992364 0.121533 -0.021043 0.021190 -0.336062 -0.941601
45.118533 -124.959956 10909.164773 21172.010375 -0.143082 0.927699 -0.344821 0.972265 0.196881 0.126246 0.185007 -0.317194 -0.930140
35.389605 -117.530266 4506.532551 2574.088719 -0.094266 0.936880 -0.336705 0.992689 0.062844 -0.103054 -0.075389 -0.343958 -0.935954
28.598645 -107.741321 4393.611209 15089.890451 -0.139328 0.944662 -0.296987 0.978247 0.177851 0.106782 0.153692 -0.275649 -0.948892
-772.860575 -2382.010029 322322.084757 -636198.583808 0.266933 0.520052 0.811352 0.299080 0.755629 -0.582732 -0.916132 0.398209 0.046166
-404.387257 -3127.246372 293010.527871 -1183142.631929 0.348922 0.228468 0.908876 -0.201355 0.965455 -0.165389 -0.915265 -0.125299 0.382871
-139.955906 -1625.698835 268548.327820 480487.136625 0.533513 0.233313 0.812976 0.355157 0.810554 -0.465689 -0.767612 0.537185 0.349578
22.784065 -128.489624 -803.398836 17355.220785 0.375070 0.861446 0.342394 -0.439610 -0.159892 0.883842 -0.816129 0.482022 -0.318730
36.082681 -206.909479 3750.562822 39303.622894 0.363248 0.858923 0.360974 -0.617872 -0.067905 0.783341 -0.697342 0.507583 -0.506037
24.423940 -190.690495 1072.848846 45134.519830 0.346364 0.833331 0.430804 -0.602115 -0.154670 0.783285 -0.719368 0.530695 -0.448188
-1.063553 -18.580617 -475.903036 -807.436479 0.987342 0.021325 0.157163 -0.034760 -0.937734 0.345611 -0.154747 0.346699 0.925123
-2.486336 -15.135318 -267.643020 -1456.311368 0.988457 0.031228 0.148251 -0.031000 -0.916137 0.399664 -0.148299 0.399646 0.904594
-0.314295 -18.935410 -2.482869 -881.309389 0.983503 0.154227 0.094531 0.109686 -0.923999 0.366325 -0.143843 0.349913 0.925673
81.930109 -104.002157 3757.295948 9319.038981 -0.452363 0.767506 -0.454204 0.329426 -0.329475 -0.884831 0.828762 0.549892 0.103794
74.883646 -99.179260 4772.085111 10174.586246 -0.508910 0.709911 -0.486864 0.217511 -0.441181 -0.870659 0.832886 0.548986 -0.070108
77.024631 -94.459073 -394.349525 4939.997912 -0.378427 0.809462 -0.448959 0.215967 -0.394430 -0.893187 0.900084 0.434966 0.025554
68.675986 -110.295583 8653.598006 10543.316118 -0.606124 0.631239 -0.483891 0.350667 -0.333978 -0.874924 0.713895 0.699997 0.018923
87.695495 -102.514470 -342.511786 2115.073948 -0.361332 0.844679 -0.394913 0.501362 -0.181096 -0.846074 0.786178 0.503708 0.358054
78.942939 -111.766007 -8119.274408 -280.428833 0.542835 -0.692303 0.475444 -0.510544 0.177475 0.841336 0.666839 0.699442 0.257111
99.619035 -42.622922 -19017.747613 -2198.054173 0.430167 0.813516 -0.391342 0.791060 -0.130824 0.597586 0.434949 -0.566636 -0.699816
96.492094 -42.549805 -24111.333156 -762.399076 0.461371 0.772620 -0.436113 0.740983 -0.065224 0.668348 0.487934 -0.631509 -0.602592
92.833356 -40.199032 11521.097071 463.957658 0.265288 0.951844 -0.153675 -0.759135 0.107940 -0.641921 0.594420 -0.286954 -0.751214
98.447588 -38.507137 16839.649135 1595.901825 0.246703 0.962888 -0.109474 -0.808576 0.142255 -0.570936 0.534174 -0.229369 -0.813663
92.112403 -38.095457 34591.956551 256.212650 0.110131 0.988932 0.099420 -0.784752 0.147904 -0.601904 0.609947 0.011732 -0.792355
90.287179 -38.402306 34897.729292 168.875611 0.100981 0.993085 0.059877 -0.743375 0.115315 -0.658859 0.661208 -0.022021 -0.749879
22.912645 -148.501975 -4677.395565 30301.056248 0.896689 -0.213310 -0.387876 -0.317187 0.301593 -0.899130 -0.308774 -0.929269 -0.202776
13.956413 -116.354543 -4394.762361 28722.220867 0.881177 -0.235932 -0.409710 -0.268671 0.463177 -0.844561 -0.389027 -0.854285 -0.344752
12.500446 -164.129493 -3815.788180 24831.446444 0.890527 -0.225934 -0.394861 -0.358341 0.186368 -0.914800 -0.280274 -0.956149 -0.085005
3.598238 -153.663909 -4802.429553 28172.466624 0.874773 -0.259930 -0.408911 -0.330447 0.297172 -0.895820 -0.354367 -0.918763 -0.174065
2.110374 -170.787336 -3677.215529 10858.517485 0.886537 -0.248211 -0.390439 -0.408612 -0.024249 -0.912386 -0.216996 -0.968403 0.122919
-6.076999 -44.537884 -2510.053737 -311.636005 0.232968 0.965601 0.115499 0.905247 -0.171932 -0.388544 0.355321 -0.195074 0.914163
-7.840630 -41.883324 -1705.623311 -1655.768305 0.203108 0.972300 0.115672 0.944065 -0.163115 -0.286590 0.259784 -0.167411 0.951045
0.746305 -43.605879 -3535.032344 -1590.349721 0.231340 0.964291 0.128936 0.929205 -0.179747 -0.322906 0.288200 -0.194510 0.937607
-3.302642 -60.778781 1031.310407 194.826261 0.321597 -0.605160 -0.728256 0.925823 0.039681 0.375869 -0.198563 -0.795114 0.573032
0.547203 -63.112016 1454.193571 2775.696601 0.294437 -0.593565 -0.748991 0.910793 -0.063061 0.408018 -0.289418 -0.802311 0.522048
-0.469555 -58.597361 1528.276661 45.668348 0.304914 -0.592370 -0.745738 0.936041 0.041978 0.349379 -0.175657 -0.804572 0.567282
-5.903452 -101.909162 852.873167 3751.283778 0.297809 0.940076 -0.166031 0.642771 -0.326055 -0.693205 0.705801 -0.099723 0.701356
-5.637738 -94.543520 740.671101 3893.877451 0.275054 0.950515 -0.144454 0.444246 -0.258899 -0.857681 0.852638 -0.171736 0.493473
-1.818033 -98.821266 888.177735 5401.008804 0.271188 0.949138 -0.159983 0.500574 -0.281039 -0.818806 0.822121 -0.141966 0.551328
1.498209 -104.795584 1212.471090 3045.836694 0.285294 0.944331 -0.163850 0.690968 -0.321122 -0.647645 0.664207 -0.071554 0.744116
1.690628 -109.086974 1862.314811 292.966606 0.288456 0.940103 -0.181655 0.814285 -0.340666 -0.469986 0.503719 0.012349 0.863779
-6.856399 -105.730202 1403.133182 2417.453023 0.308894 0.933288 -0.183188 0.783541 -0.358888 -0.507211 0.539118 -0.013140 0.842128
31.681613 -46.781856 6423.658483 2228.991134 0.087731 0.995395 -0.038616 0.548188 -0.080611 -0.832461 0.831741 -0.051864 0.552736
31.767800 -46.873749 8275.955946 54.587023 0.075309 0.995618 -0.055446 0.480814 -0.084969 -0.872696 0.873583 -0.039062 0.485106
38.058733 -45.929592 -5611.261352 266.926522 0.202923 0.978993 0.019868 0.547900 -0.096704 -0.830936 0.811559 -0.179501 0.556014
22.426224 -47.764757 15675.994489 1204.726065 0.000344 0.996307 -0.085864 0.495016 -0.074775 -0.865660 0.868884 0.042206 0.493213
19.240521 -47.400982 8539.161040 1944.387861 0.029086 0.998000 -0.056133 0.585811 -0.062521 -0.808033 0.809926 0.009380 0.586457
-9.397101 -39.368856 1378.657633 -2640.628729 -0.396472 0.884371 0.246370 0.515002 0.436413 -0.737778 0.759988 0.165627 0.628478
-9.360910 -44.966273 1944.023580 -2914.362254 -0.385831 0.894332 0.226503 0.442555 0.394839 -0.805138 0.809493 0.210407 0.548133
-4.636000 -40.521683 975.704704 -2529.548037 -0.350722 0.924689 0.148135 0.492616 0.316696 -0.810576 0.796444 0.211314 0.566589
-16.432717 -41.410889 2818.372754 -1712.576487 -0.480478 0.799398 0.360698 0.465658 0.581060 -0.667482 0.743171 0.152749 0.651433
-4.719603 -34.399752 304.914238 -1951.347532 -0.357103 0.918421 0.170233 0.554573 0.355120 -0.752555 0.751615 0.174333 0.636147
-8.696499 -31.822731 566.502596 -1328.186293 -0.408279 0.872070 0.269818 0.558971 0.472514 -0.681382 0.721706 0.127373 0.680380
-13.596409 -33.770896 1761.613875 -438.368347 -0.508074 0.768879 0.388184 0.498375 0.630012 -0.595573 0.702484 0.109134 0.703283
27.078965 -43.064568 5066.263341 5829.330756 0.604637 0.669961 -0.430775 -0.353570 0.710387 0.608554 0.713724 -0.215645 0.666404
28.978547 -37.574194 -1212.030635 4387.065226 0.665035 0.624878 -0.408969 -0.371904 0.751994 0.544236 0.647623 -0.209839 0.732497
29.617351 -34.422371 7303.394938 5508.020279 0.615358 0.640800 -0.459031 -0.371463 0.749370 0.548142 0.695233 -0.166791 0.699165
26.486690 -31.973135 9264.054716 3798.198028 0.597473 0.647500 -0.473043 -0.394440 0.750918 0.529660 0.698171 -0.129870 0.704053
20.496979 -41.221265 8489.869556 -4694.964798 0.549115 0.701863 -0.453719 0.367916 -0.690464 -0.622814 0.750407 -0.175066 0.637371
3.433453 -128.351828 1310.619519 6610.140475 0.999046 -0.036047 -0.024662 0.016710 0.837159 -0.546704 -0.040353 -0.545770 -0.836963
2.549662 -120.616240 1135.630315 4389.325503 0.998976 -0.043963 -0.010654 0.032719 0.864869 -0.500929 -0.031237 -0.500068 -0.865423
3.444690 -126.368661 1270.969152 -4157.344898 0.998406 -0.054920 -0.012998 0.044544 0.908250 -0.416050 -0.034655 -0.414808 -0.909249
4.602646 -131.327417 87.625947 -5817.898299 0.997647 -0.056087 -0.039436 0.031857 0.888503 -0.457763 -0.060713 -0.455430 -0.888199
-8.972703 -112.271644 665.079294 -8679.536548 0.968301 -0.212495 -0.131295 0.205339 0.976464 -0.065989 0.142227 0.036938 0.989145
-8.672083 -120.259110 -508.553699 -15449.850941 0.965637 -0.222644 -0.134068 0.211289 0.972907 -0.093856 0.151332 0.062303 0.986518
-9.116119 -126.969032 37.509755 12594.457340 0.965301 -0.233167 -0.117589 -0.200643 -0.950436 0.237517 0.167142 0.205682 0.964240
-8.805419 -120.141393 1125.203438 9053.203006 0.967045 -0.227998 -0.113315 -0.202918 -0.959000 0.197847 0.153777 0.168333 0.973661
-8.761078 -108.138409 536.756894 -8733.022837 0.970930 -0.211178 -0.112690 0.211544 0.977329 -0.008832 0.112000 -0.015264 0.993591
12.581974 -288.372033 7614.083369 -52888.806742 0.952855 -0.303392 0.004503 -0.084684 -0.251655 0.964105 0.291368 0.919034 0.265483
-0.496746 -245.260212 4849.081956 -23118.677973 0.951349 -0.307380 0.021260 0.007683 0.092645 0.995670 0.308018 0.947066 -0.090500
-3.295556 -303.419918 1857.018407 -86442.535947 0.964233 -0.259394 -0.054500 0.027147 -0.107888 0.993792 0.263664 0.959726 0.096987
15.720263 -35.156948 8770.781067 -1239.288293 0.791101 0.421123 -0.443638 -0.245685 0.882955 0.400036 0.560177 -0.207474 0.801970
13.994627 -38.627967 6428.467217 -3703.961017 0.824314 0.325450 -0.463237 -0.186532 0.928691 0.320530 0.534520 -0.177809 0.826240
12.475368 -34.793515 899.615244 -1729.780179 0.804143 0.419994 -0.420665 -0.281075 0.892213 0.353487 0.523785 -0.166015 0.835517
24.928651 -38.341173 10815.293503 -3790.168105 0.823402 0.325212 -0.465023 -0.153481 0.916574 0.369237 0.546308 -0.232658 0.804623
-26.630711 -32.661398 -613.397786 -733.694155 0.076782 -0.989753 0.120391 0.996015 0.070646 -0.054435 0.045372 0.124091 0.991233
-27.416343 -33.968116 88.569190 129.378666 -0.391691 0.919863 -0.020728 0.918955 0.389984 -0.058600 0.045820 0.042001 0.998066
-24.595588 -33.927639 699.108582 179.032301 -0.017733 0.992768 -0.118731 0.987074 -0.001535 -0.160261 0.159284 0.120039 0.979908
-15.188563 -37.016878 -4370.054264 1220.538360 0.956189 -0.243427 0.162620 0.211916 0.958801 0.189186 -0.201974 -0.146436 0.968382
-15.667000 -34.029400 -4329.901857 905.838740 0.961997 -0.204443 0.181012 0.189729 0.977194 0.095366 -0.196381 -0.057398 0.978846
4.330333 -36.744810 -7177.334746 1684.590727 0.961280 -0.077382 0.264486 0.033519 0.985472 0.166500 -0.273528 -0.151188 0.949908
6.642286 -40.097035 -7905.423186 2025.255997 0.957718 -0.109069 0.266232 0.037045 0.964402 0.261832 -0.285313 -0.240898 0.927666
-14.372296 -40.081368 -3753.368444 -1231.264246 0.950147 -0.285437 0.125483 -0.239694 -0.926043 -0.291533 -0.199417 -0.246922 0.948294
31.074877 -73.930960 -3900.130545 -27373.753958 0.140153 0.982907 0.119376 -0.330685 -0.067176 0.941347 -0.933276 0.171409 -0.315617
26.623050 -80.215323 -5643.154493 -13201.943608 0.040684 0.981079 0.189287 -0.407003 -0.156743 0.899878 -0.912520 0.113652 -0.392925
35.097409 -59.699248 -2587.432028 -1800.172239 0.134529 0.956054 0.260503 -0.342241 -0.201886 0.917667 -0.929932 0.212607 -0.300041
4.893380 -236.427738 -10110.748532 118248.904042 -0.120888 -0.301479 -0.945778 -0.656962 0.738555 -0.151452 0.744169 0.603032 -0.287342
-31.818638 -43.149675 -13593.836297 19296.079683 -0.235508 -0.056432 -0.970233 -0.514975 0.853888 0.075336 0.824219 0.517388 -0.230159
1433.864168 -755.631993 -495629.496062 295744.748461 -0.254352 0.613610 -0.747521 -0.210402 0.719318 0.662051 0.943947 0.325674 -0.053855
60.737395 -13.733639 -89.136920 -15914.160317 -0.616317 0.574236 -0.538893 0.137218 0.752150 0.644547 0.775451 0.323299 -0.542359
-245.050227 -16977.417210 -70686.897935 11097795.715686 0.110122 -0.390838 -0.913848 0.156245 0.914816 -0.372424 0.981560 -0.101773 0.161808
-158.098115 -412.868026 38638.924773 49371.871314 0.185502 -0.470192 -0.862849 0.703843 -0.549169 0.450576 -0.685707 -0.690893 0.229070
-57.684689 -227.154288 15303.808445 -35068.484920 0.416453 -0.554870 -0.720198 0.663059 -0.356615 0.658163 -0.622029 -0.751628 0.219398
-104.813621 -465.864537 23602.662502 -120767.569085 0.462968 -0.581273 -0.669165 0.733175 -0.173120 0.657635 -0.498112 -0.795079 0.346026
-216.819982 -390.688821 52160.411933 -93263.339559 0.504522 -0.714652 -0.484490 0.643344 -0.063070 0.762975 -0.575818 -0.696631 0.427947
-46.172805 -74.395469 -693.165191 6181.812719 0.223553 0.941286 0.252990 -0.535234 -0.098370 0.838956 -0.814585 0.322960 -0.481818
7.588393 -33.320208 -10429.984899 -13848.934800 0.606650 -0.365397 0.706018 -0.100690 0.845637 0.524176 -0.788567 -0.389080 0.476213
7.884474 -28.265534 -1043.297133 8657.154527 -0.519256 0.841342 -0.150056 0.372139 0.380657 0.846530 -0.769341 -0.383724 0.510754
10.559502 -3.256493 2215.282433 -1398.476618 -0.545979 0.818261 -0.179879 0.321684 0.402993 0.856806 -0.773581 -0.409934 0.483247
-41.405230 -68.811267 -3398.550806 -1774.895038 0.222525 -0.938129 -0.265323 0.970287 0.239628 -0.033503 0.095009 -0.249984 0.963577
-11.363119 -39.513025 6335.799982 -367.108738 -0.077478 0.957483 0.277891 0.058836 -0.273852 0.959971 -0.995257 -0.090727 0.035117
-19.111745 -41.249149 5343.047672 -528.787404 -0.085460 0.944551 0.317049 0.159330 -0.301162 0.940168 -0.983519 -0.130862 0.124758
-7.426083 -40.892495 6861.636199 54.464773 -0.070046 0.970927 0.228897 0.132688 -0.218353 0.966807 -0.988680 -0.098093 0.113536
30.973217 6.220515 -2346.012703 7328.135711 -0.632663 -0.755882 -0.168462 0.773605 -0.626877 -0.092524 -0.035668 -0.188859 0.981356
24.864856 20.323499 670.531976 7916.225652 0.927244 0.340293 0.156270 0.368384 -0.903837 -0.217650 -0.067178 -0.259381 0.963436
11.176342 7.699175 3359.297214 8781.009753 0.990341 0.006260 0.138514 0.049586 -0.948904 -0.311644 -0.129486 -0.315502 0.940049
-8.942634 -59.221649 -174.149531 1417.325700 -0.084453 0.988956 -0.121796 0.990024 0.069447 -0.122593 -0.112781 -0.130934 -0.984955
-9.230096 -52.823766 -229.810655 1972.066909 -0.022577 0.995684 -0.090017 0.997555 0.028392 0.063852 0.066132 -0.088355 -0.993891
-8.202937 -54.918450 -103.581231 2001.309965 -0.034334 0.992099 -0.120670 0.995295 0.044889 0.085863 0.090601 -0.117154 -0.988972
1.443426 -52.854123 -58.683290 1699.917222 -0.223295 0.959613 -0.171118 -0.253558 0.112324 0.960777 -0.941195 -0.257925 -0.218236
0.759547 -61.751772 -21.326085 3932.139685 -0.203267 0.954879 -0.216536 -0.416349 0.115869 0.901792 -0.886192 -0.273459 -0.374010
1.543366 -56.086684 136.707133 2221.575473 -0.205926 0.961735 -0.180721 -0.267537 0.122312 0.955753 -0.941285 -0.245164 -0.232113
0.829549 -58.194061 -152.106140 3334.404393 -0.221130 0.953877 -0.203026 -0.399000 0.101471 0.911319 -0.889888 -0.282528 -0.358159
1.880325 -53.506807 -46.896843 -513.850626 -0.220347 0.967925 -0.120698 -0.110588 0.098151 0.989008 -0.969132 -0.231273 -0.085414
1.746164 -51.031382 -51.142886 -665.342060 -0.233576 0.964930 -0.119804 -0.100468 0.098602 0.990042 -0.967134 -0.243286 -0.073913
1.883465 -50.306543 -149.176717 1230.748480 -0.240505 0.957517 -0.159119 -0.239160 0.100419 0.965773 -0.940723 -0.270329 -0.204849
4.235517 -88.023347 -129.019247 5954.107425 -0.083734 0.896749 -0.434546 -0.324826 0.387696 0.862658 -0.942060 -0.213386 -0.258824
2.660626 -82.306073 382.029660 3106.119260 -0.097882 0.909294 -0.404480 -0.084433 0.397378 0.913762 -0.991610 -0.123592 -0.037878
2.804565 -79.221148 -627.155127 4266.232044 -0.102751 0.890800 -0.442625 -0.258597 0.405758 0.876634 -0.960505 -0.204537 -0.188666
2.113689 -86.426458 1252.563042 5701.759185 -0.074962 0.922280 -0.379185 -0.105769 0.370756 0.922688 -0.991561 -0.109272 -0.069756
3.300449 -88.020043 -1822.104716 5201.756973 -0.091280 0.867420 -0.489132 -0.499369 0.385090 0.776104 -0.861568 -0.315100 -0.398011
8.019457 -101.449789 -201.170959 3542.458101 -0.065548 0.883254 -0.464290 -0.591766 0.340230 0.730792 -0.803441 -0.322653 -0.500378
4.690815 -98.714766 1473.457151 6603.918483 -0.056685 0.916574 -0.395827 -0.366326 0.349719 0.862266 -0.928759 -0.193879 -0.315941
-2.840796 -67.723946 -81.182609 -521.763914 -0.187876 0.934783 -0.301469 -0.404978 0.205903 0.890840 -0.894816 -0.289455 -0.339883
-2.822182 -69.492084 -535.340942 2394.719591 -0.215105 0.936243 -0.277810 -0.548814 0.119412 0.827372 -0.807795 -0.330438 -0.488137
-1.846884 -65.313282 -1385.599044 -2316.199910 -0.213111 0.924122 -0.317147 -0.444343 0.197419 0.873833 -0.870140 -0.327145 -0.368555
-2.850363 -71.809829 479.256015 2502.147122 -0.186790 0.944955 -0.268643 -0.535280 0.131401 0.834391 -0.823763 -0.299655 -0.481271
-1.537749 -75.887538 -146.881314 -5040.290981 -0.175103 0.932958 -0.314528 -0.286117 0.257457 0.922959 -0.942059 -0.251605 -0.221853
-1.277595 -73.623894 788.964775 -2198.100438 -0.164516 0.947376 -0.274615 -0.222737 0.235536 0.945997 -0.960897 -0.216799 -0.172266
-1.986379 -68.229140 602.715655 1142.449313 -0.176495 0.945376 -0.274068 -0.365442 0.195602 0.910051 -0.913949 -0.260775 -0.310957
-12.716122 -50.121729 -1091.782481 2765.362290 -0.047894 0.982385 0.180629 0.843828 -0.056969 0.533581 -0.534472 -0.177975 0.826235
-14.043094 -47.896564 -1062.779668 4902.043409 -0.040480 0.987195 0.154299 0.888705 -0.035010 0.457142 -0.456690 -0.155631 0.875907
-14.055866 -41.452695 -5436.666899 -7148.239289 0.672863 0.602589 -0.429118 0.736597 -0.599390 0.313299 -0.068418 -0.526894 -0.847172
-0.428595 -26.352462 8016.621580 -2956.984340 -0.079101 0.912272 0.401873 -0.185977 -0.409563 0.893124 -0.979365 0.004092 -0.202058
8.787150 -24.009397 -2520.646994 -4005.841792 0.114430 0.968710 -0.220244 -0.803146 0.220693 0.553399 -0.584690 -0.113563 -0.803269
15.096584 -21.937080 -3624.785561 -3825.215083 0.094250 0.977762 -0.187345 -0.812831 0.184232 0.552597 -0.574824 -0.100198 -0.812120
5.317420 -18.618516 -1270.268962 -3147.709557 0.146898 0.957020 -0.250066 -0.819598 0.259302 0.510903 -0.553787 -0.129903 -0.822463
13.281006 -30.619275 -4020.645356 -3617.924535 0.106356 0.972795 -0.205810 -0.766250 0.212095 0.606529 -0.633679 -0.093194 -0.767962
6.762459 -32.674473 -2334.215083 -3654.737988 0.117611 0.967229 -0.225023 -0.754938 0.234297 0.612513 -0.645163 -0.097840 -0.757754
3.756282 -25.814838 -775.224931 -3895.073129 0.147416 0.958265 -0.244944 -0.787947 0.263470 0.556528 -0.597837 -0.110962 -0.793901
-1.046668 -115.372829 258.649988 5676.815574 -0.769121 -0.005419 -0.639080 0.021062 0.999206 -0.033821 0.638756 -0.039473 -0.768396
-1.444893 -129.995100 64.096954 13381.290922 -0.771279 -0.006838 -0.636461 0.124849 0.978892 -0.161812 0.624133 -0.204264 -0.754145
0.550225 -112.941865 691.313247 11729.630004 -0.774661 0.008954 -0.632314 0.064496 0.995804 -0.064914 0.629080 -0.091068 -0.771988
-1.839336 -127.198399 -81.332665 11585.899458 -0.767921 -0.012338 -0.640426 0.091209 0.987520 -0.128392 0.634018 -0.157007 -0.757212
1.341175 -104.922494 673.215251 1021.915455 -0.771320 0.005884 -0.636421 -0.022871 0.999055 0.036956 0.636037 0.043061 -0.770456
-2.091318 -112.440078 909.642035 3623.125547 -0.773928 -0.003518 -0.633264 -0.021829 0.999539 0.021124 0.632898 0.030172 -0.773647
-0.841242 -112.582718 686.077503 -3246.887390 -0.767740 -0.016993 -0.640536 -0.107111 0.988986 0.102145 0.631745 0.147029 -0.761105
5.494785 -93.186567 -2898.209286 17125.382890 0.688975 0.263568 0.675163 -0.593938 0.739201 0.317521 0.415393 0.619769 -0.665834
0.500676 -110.613199 2072.658144 15453.154048 -0.689543 -0.253249 -0.678524 -0.516838 0.828371 0.216054 0.507354 0.499665 -0.702087
17.552451 -227.277178 -366.797303 -22024.352613 0.742899 0.067696 0.665972 -0.608630 -0.345892 0.714093 -0.278695 0.935829 0.215761
11.529727 -246.808570 3321.533280 -19495.893835 0.734098 0.012763 0.678924 -0.553535 -0.567874 0.609195 -0.393319 0.823016 0.409810
-2.852002 -29.263025 -2199.204044 -890.039866 0.400853 0.831033 -0.385618 -0.754440 0.538229 0.375673 -0.519748 -0.140336 -0.842715
-6.967527 -27.695790 -1543.277377 -428.529275 0.486502 0.759872 -0.431173 -0.695788 0.635445 0.334797 -0.528390 -0.137126 -0.837855
-1.896335 -27.181822 -2897.243098 -143.276638 0.501779 0.736571 -0.453522 -0.718521 0.646846 0.255575 -0.481608 -0.197622 -0.853815
-25.683305 -78.985250 461.975064 -5269.642140 0.744842 0.230149 0.626291 0.180432 0.834185 -0.521132 -0.642381 0.501165 0.579810
-21.902735 -84.616939 1542.356292 7837.995182 0.786074 0.212380 0.580502 -0.235933 -0.764937 0.599339 -0.571335 0.608084 0.551189
-24.620633 -88.750622 -542.270152 -5068.972249 0.725556 0.263044 0.635906 0.265745 0.745285 -0.611498 -0.634782 0.612665 0.470843
5.748218 -151.937238 757.967845 30844.416559 -0.746401 0.076587 -0.661075 0.324048 0.909465 -0.260510 0.581273 -0.408665 -0.703644
7.033757 -126.345694 1270.181426 17781.277944 -0.746870 0.076798 -0.660521 0.236057 0.959235 -0.155386 0.621661 -0.271974 -0.734552
4.175712 -148.169210 1224.177416 27855.944592 -0.759026 0.060231 -0.648269 0.285939 0.925382 -0.248813 0.584910 -0.374221 -0.719611
1.657158 -180.105857 -37.566155 29951.407570 0.748153 -0.049913 0.661647 0.404645 0.824600 -0.395345 0.525861 -0.563510 -0.637123
-0.122035 -176.452097 -1785.239100 28190.696183 0.767268 -0.052929 0.639139 0.377483 0.842940 -0.383352 0.518465 -0.535397 -0.666741
1.969931 -146.859505 1410.794120 30596.844467 -0.765786 0.051004 -0.641070 0.247688 0.943339 -0.220822 0.593484 -0.327888 -0.735028
49.762452 -260.890582 16121.216669 36251.676173 -0.669391 0.127278 -0.731926 0.697003 0.448556 -0.559450 0.257104 -0.884646 -0.388973
65.922325 -372.174506 13331.801411 82529.182292 -0.648596 0.016163 -0.760961 0.744222 0.223043 -0.629591 0.159551 -0.974675 -0.156694
13629.274492 -357.029446 -69183177.080760 605732.768705 0.652058 0.125566 -0.747699 0.741433 -0.311674 0.594253 -0.158420 -0.941856 -0.296329
-60.663112 -72.619549 350.362490 9238.003710 0.965663 -0.147235 -0.214050 0.187698 0.965033 0.182978 -0.179625 0.216871 -0.959532
-55.212792 -60.091732 6516.728803 6645.978064 -0.561805 0.733104 0.383319 0.807984 0.585717 0.064013 -0.177589 0.345678 -0.921395
-54.592712 -60.140301 6748.625933 6590.403437 0.915720 0.391018 0.092532 -0.399806 0.863630 0.307080 -0.040160 0.318194 -0.947175
28.482015 -27.278438 1145.277796 1738.571900 0.069825 -0.934769 0.348326 0.984745 0.120378 0.125646 -0.159381 0.334239 0.928914
5.472095 -47.717085 -3563.112736 342.601606 0.653518 -0.435813 0.618855 0.223869 0.892318 0.391984 -0.723047 -0.117626 0.680711
8.642301 -47.633414 -7308.672854 -574.610944 0.609324 -0.551481 0.569731 0.196965 0.801271 0.564951 -0.768068 -0.232021 0.596857
14.738204 0.367343 -4887.858762 1658.724129 0.171777 0.918357 0.356530 0.978270 -0.201671 0.048135 0.116107 0.340514 -0.933043
4.655296 -4.200348 -1462.840374 646.583924 0.125248 0.915498 0.382331 0.985693 -0.158635 0.056951 0.112790 0.369729 -0.922269
8.436192 -2.704963 -3044.678705 -1593.031750 -0.265048 0.909623 0.319900 0.956493 0.206072 0.206531 0.121943 0.360723 -0.924667
14.322398 -0.622241 -5602.378887 -2556.290798 -0.274701 0.909748 0.311286 0.955554 0.222255 0.193698 0.107031 0.350659 -0.930367
20.237364 5.619841 -4956.911500 -2195.078249 -0.077403 0.919942 0.384339 0.994584 0.044427 0.093962 0.069364 0.389530 -0.918398
23.921719 6.023967 -5475.868864 2410.172653 0.188234 0.892075 0.410817 0.972504 -0.227703 0.048854 0.137125 0.390325 -0.910408
-3.747124 -8.848502 -500.508739 -578.628175 0.898319 0.435220 -0.060058 0.406336 -0.771046 0.490284 -0.167074 0.464835 0.869491
-3.101749 -10.076623 -306.982074 -657.109701 0.859146 0.504030 -0.088445 0.476673 -0.725372 0.496606 -0.186149 0.468817 0.863458
-2.970037 -11.400716 -466.486824 -1192.412340 0.958953 0.281410 0.034883 0.232676 -0.851199 0.470449 -0.162081 0.443023 0.881737
-2.608572 -8.559698 -527.916338 -353.622371 0.781871 0.601872 -0.162566 0.591782 -0.634457 0.497251 -0.196140 0.484989 0.852241
-4.811069 -8.419394 -93.030576 -1087.319818 0.989260 0.104044 0.102659 0.044287 -0.882704 0.467838 -0.139293 0.458267 0.877832
-5.679552 -7.101397 -274.128638 89.549183 0.892225 0.441520 -0.094838 0.428785 -0.762379 0.484687 -0.141696 0.473115 0.869531
-4.371434 -8.252869 -485.308195 5.509880 0.815896 0.559127 -0.147277 0.551370 -0.675686 0.489325 -0.174082 0.480443 0.859576
-756.959280 -4683.286491 257822.640026 5053024.346306 0.108663 0.085716 0.990376 -0.425730 0.904300 -0.031555 -0.898302 -0.418204 0.134756
-570.942565 -1637.986620 -332454.149186 759115.593279 -0.379662 -0.324847 -0.866216 0.753977 -0.651214 -0.086250 -0.536074 -0.685853 0.492169
37.792347 -253.267212 4259.138892 -45715.103119 0.339384 0.837788 0.427702 0.814099 -0.033823 -0.579740 -0.471233 0.544947 -0.693522
47.189692 -269.731078 8000.810815 -27047.638334 0.329275 0.868604 0.370278 0.823564 -0.072376 -0.562587 -0.461866 0.490194 -0.739182
49.191864 -246.764781 6625.468160 44755.317910 0.356710 0.889359 0.286004 -0.494962 -0.079727 0.865249 -0.792320 0.450204 -0.411760
71.693994 -88.917274 99.651464 2143.650007 -0.469382 0.743645 -0.476101 0.121504 -0.479664 -0.868999 0.874596 0.465741 -0.134789
69.412899 -88.657049 3777.416897 2747.750062 -0.574901 0.653699 -0.492103 0.157640 -0.501672 -0.850573 0.802894 0.566571 -0.185363
65.809998 -98.109456 6950.420471 10737.887089 -0.608537 0.618636 -0.496962 0.228788 -0.462893 -0.856380 0.759828 0.634838 -0.140151
19.112952 -24.604280 -9474.891230 9603.166672 -0.372645 -0.262965 -0.889935 0.066485 0.948979 -0.308252 0.925589 -0.174036 -0.336149
5.664551 -90.706399 -3842.970359 27754.137432 -0.414073 -0.508940 -0.754668 -0.033324 0.837003 -0.546182 0.909634 -0.201011 -0.363540
1.455793 -29.039255 -6249.128413 -90.560031 -0.364362 -0.553420 -0.748977 -0.037937 0.812418 -0.581840 0.930484 -0.183586 -0.317010
-5.888522 -35.393191 -3955.181326 3481.521444 -0.378915 -0.557605 -0.738580 -0.010387 0.800604 -0.599103 0.925373 -0.219338 -0.309152
57.012922 -47.048193 -39008.872378 -852.134038 0.529893 0.619491 -0.579175 0.779932 -0.087781 0.619677 0.333044 -0.780080 -0.529676
47.978896 -46.383430 -33474.722614 -294.367813 0.507611 0.638033 -0.579004 0.735478 0.029157 0.676921 0.448780 -0.769457 -0.454458
-1.391997 -124.694945 -1753.782780 1017.003408 0.921207 -0.271801 -0.278391 0.384061 0.749725 0.538896 -0.062244 0.603354 -0.795040
2.847414 -125.060887 -1737.853024 1631.176756 0.917411 -0.281103 -0.281671 0.393834 0.742794 0.541435 -0.057025 0.607650 -0.792155
0.778623 -124.643215 -1744.365674 1359.606926 0.918921 -0.277015 -0.280797 0.393930 0.608282 0.689066 0.020078 0.743812 -0.668088
-3.253484 -123.424214 -1460.473222 1523.671858 0.924898 -0.272561 -0.265091 0.379499 0.619025 0.687596 0.023314 0.736558 -0.675972
-5.099120 -121.746763 -1407.057252 -1439.597149 0.923927 -0.276183 -0.264729 0.377992 0.765722 0.520376 -0.058990 0.580855 -0.811867
13.319246 -46.654058 -5562.944760 -835.640127 0.233995 0.962881 0.134562 0.906862 -0.166264 -0.387244 0.350497 -0.212642 0.912105
25.090517 -48.727638 -3834.803664 60.686276 0.200396 0.976958 0.073448 0.875793 -0.145033 -0.460383 0.439122 -0.156584 0.884677
19.155466 -48.088606 -6566.957962 410.913609 0.248416 0.961431 0.118071 0.853744 -0.159730 -0.495588 0.457614 -0.223915 0.860495
1.190847 -65.497153 140.053346 -2728.212359 -0.381905 0.672123 0.634349 0.326251 -0.544142 0.772962 -0.864702 -0.502155 0.011471
