17450
34879
-22.170976 -34.451104 469.656327 -1732.375058 0.904358 -0.292392 -0.310876 0.414058 0.424628 0.805138 0.103409 0.856854 -0.505082
-24.505277 -40.003755 557.508203 -1877.549966 0.821559 -0.355179 -0.445970 0.549101 0.282482 0.786570 0.153394 0.891096 -0.427104
-23.500556 -39.460825 -351.253154 -3098.313758 -0.633619 0.481910 0.605218 0.760280 0.243088 0.602397 0.143180 0.841826 -0.520412
-23.613689 -37.929603 185.453900 -1549.616839 0.933456 -0.177271 -0.311825 0.355168 0.335242 0.872622 0.050153 0.925304 -0.375894
-19.603737 -28.431791 979.165166 -2399.885557 0.911942 -0.306925 -0.272322 0.399677 0.514273 0.758803 0.092848 0.800825 -0.591658
-18.593973 -29.571552 577.131863 -1319.070621 0.993562 -0.090306 -0.068408 0.105575 0.519027 0.848213 0.041093 0.849974 -0.525220
37.660351 -47.786059 -2663.135851 1953.243487 -0.492373 0.648161 0.580910 0.517319 0.754666 -0.403559 -0.699964 0.101814 -0.706883
32.986435 -45.992594 -1554.353436 3327.538111 -0.603452 0.598442 0.526985 0.435957 0.800967 -0.410359 -0.667673 -0.017889 -0.744239
29.319560 -40.984907 -2023.297717 393.136105 -0.559681 0.668784 0.489372 0.572727 0.738957 -0.354860 -0.598950 0.081669 -0.796611
-20.924485 -27.556155 -278.261494 -156.431824 -0.816718 0.416433 0.399443 0.349104 0.907762 -0.232581 -0.459453 -0.050506 -0.886765
-21.439586 -28.968865 -162.632385 499.265538 -0.803764 0.393158 0.446531 0.285471 0.913354 -0.290330 -0.521986 -0.105886 -0.846356
-21.221542 -26.673702 967.313100 -406.150012 -0.674216 0.594104 0.438718 0.513019 0.804073 -0.300462 -0.531267 0.022494 -0.846906
-20.345035 -29.934702 -407.094229 630.886960 -0.866597 0.321145 0.381937 0.216370 0.931522 -0.292320 -0.449660 -0.170683 -0.876740
-20.798529 -27.718975 477.569766 -819.280883 -0.640545 0.667011 0.380523 0.618782 0.741771 -0.258622 -0.454764 0.069802 -0.887872
-21.467806 -28.275821 -950.220560 -401.518811 -0.734684 0.602658 0.311518 0.557463 0.797982 -0.229043 -0.386620 0.005385 -0.922223
-20.983938 -28.754535 -920.688683 -53.628556 -0.848542 0.428502 0.310424 0.358318 0.897022 -0.258768 -0.389339 -0.108345 -0.914700
7.167558 -16.148380 -1813.435255 835.486091 0.696985 -0.554306 -0.454926 0.672316 0.284479 0.683420 0.249407 0.782187 -0.570946
6.450980 -14.253050 -1742.774790 401.410902 0.746113 -0.536048 -0.394928 0.601211 0.287519 0.745572 0.286113 0.793716 -0.536800
0.677745 -15.587482 -84.585932 916.582196 0.701133 -0.557136 -0.444985 0.665495 0.287266 0.688908 0.255987 0.779152 -0.572183
1.029101 -19.203584 14.164338 1081.683701 -0.688207 0.561943 0.458902 0.693707 0.324444 0.643045 0.212467 0.760891 -0.613109
0.793655 -19.327770 -444.393975 1013.197326 -0.684486 0.566092 0.459367 0.696858 0.322946 0.640387 0.214167 0.758450 -0.615537
0.285166 -15.401548 -303.649244 954.588316 -0.671152 0.569745 0.474285 0.694502 0.259479 0.671072 0.259273 0.779783 -0.569839
23.442940 -1.067909 -3563.568339 632.946077 -0.518054 0.284397 -0.806684 0.532231 -0.631109 -0.564297 -0.669590 -0.721678 0.175584
25.501337 0.032966 -3718.299455 1521.792416 -0.514776 0.288779 -0.807225 0.539609 -0.622526 -0.566818 -0.666204 -0.727371 0.164634
28.954382 -1.730125 2676.791535 -761.858166 0.454618 -0.331708 0.826615 -0.540859 0.634555 0.552097 -0.707668 -0.698075 0.109073
28.085189 -1.779099 2509.763600 -151.097154 0.457996 -0.338229 0.822095 -0.528337 0.640164 0.557719 -0.714912 -0.689777 0.114494
22.584149 -1.648021 -3381.854760 -332.514723 -0.498201 0.267568 -0.824744 0.533065 -0.655676 -0.534725 -0.683840 -0.706043 0.184027
-4.480685 -25.440835 944.537755 160.600551 -0.471764 0.445025 0.761177 0.807070 0.565594 0.169532 -0.355071 0.694303 -0.625994
-4.157960 -26.016290 847.705159 142.030191 -0.468232 0.453434 0.758391 0.755588 0.650433 0.077615 -0.458089 0.609373 -0.647163
-0.226434 -25.615807 1422.021946 236.014384 -0.479391 0.426203 0.767161 0.793780 0.583403 0.171911 -0.374295 0.691370 -0.617990
2.011210 -33.201760 241.328778 446.836506 0.782668 -0.622397 -0.007260 0.606048 0.764665 -0.219074 -0.141902 -0.167062 -0.975681
2.512231 -35.051091 155.526766 242.555131 0.790442 -0.612270 -0.018115 0.551713 0.724488 -0.413194 -0.266110 -0.316611 -0.910463
0.671910 -33.551083 146.325436 346.041980 0.796414 -0.604524 -0.016588 0.584036 0.775961 -0.238299 -0.156929 -0.180097 -0.971050
-2.266628 -52.417359 -553.017556 -200.370243 0.698784 -0.663658 -0.266942 0.712209 0.610641 0.346230 -0.066772 -0.432059 0.899370
-4.915740 -57.248947 -699.416443 769.716405 0.707000 -0.652400 -0.272993 -0.701008 -0.595453 -0.392458 -0.093485 -0.468838 0.878323
-4.788727 -56.135532 -779.434907 966.513647 0.678460 -0.678180 -0.282427 0.730983 0.661501 0.167569 0.073184 -0.320138 0.944540
59.812158 -22.560498 -7178.013344 -908.801034 0.887663 -0.371027 -0.272750 -0.460170 -0.736874 -0.495238 0.017236 -0.565116 0.824831
16.412534 -20.855958 -1692.231238 -291.526766 0.878144 -0.404107 -0.256046 -0.476910 -0.781619 -0.402030 0.037667 -0.475151 0.879097
35.921379 -32.055349 -3265.281173 2325.799503 0.954166 -0.154205 -0.256490 -0.275248 -0.788637 -0.549809 0.117494 -0.595208 0.794935
21.305482 -22.141877 -3261.972336 -1395.818249 0.829159 -0.516983 -0.212659 -0.557523 -0.737017 -0.382065 -0.040788 -0.435355 0.899334
322.546756 -19.307118 -54610.518002 237.665966 0.766447 -0.365426 -0.528227 -0.624896 -0.614419 -0.481658 0.148542 -0.699252 0.699272
299.161505 -28.774377 -40997.950244 -1340.882242 0.809620 -0.414749 -0.415330 -0.586125 -0.608888 -0.534521 0.031198 -0.676194 0.736063
54.175334 -25.151530 -6899.083503 -1843.399355 0.862014 -0.469512 -0.191024 -0.495714 -0.702187 -0.511078 -0.105823 -0.535250 0.838039
-17.567377 -45.396985 -250.386473 -1937.894985 0.735070 0.676582 0.043682 0.675372 -0.725052 -0.134800 0.059532 -0.128589 0.989910
-16.589230 -37.171132 -1306.990824 2510.861563 0.811762 0.583028 -0.033467 -0.577607 0.810022 0.101167 0.086092 -0.062793 0.994306
-16.295944 -30.066139 -261.488365 -21672.214530 0.793649 0.608276 0.011046 0.608121 -0.792660 -0.043345 0.017610 -0.041118 0.998999
-20.357292 -127.704907 417.974907 38938.986393 -0.567789 -0.818360 -0.088899 0.822245 -0.558699 -0.108489 0.039115 -0.134696 0.990115
51.441215 -40.524105 -4125.971779 449.160494 -0.553477 0.428744 0.714031 0.672841 -0.275102 0.686735 0.490865 0.860522 -0.136214
57.152617 -39.335225 -1136.664165 -5409.386435 -0.611065 0.281006 0.740024 0.727853 -0.168043 0.664825 0.311176 0.944879 -0.101846
59.038331 -43.063590 -8014.027452 -6518.971400 -0.521508 0.453659 0.722650 0.766191 -0.123711 0.630592 0.375473 0.882547 -0.283073
44.570798 -40.693202 -5762.304991 -3388.789511 -0.462641 0.540206 0.702952 0.742646 -0.196904 0.640082 0.484190 0.818172 -0.310087
-1.916460 -70.474466 34.322855 -421.308620 -0.200255 0.426925 -0.881835 0.970900 -0.034191 -0.237033 -0.131346 -0.903640 -0.407655
-2.349905 -68.790912 66.725988 -1356.424285 -0.210826 0.420005 -0.882694 0.966918 -0.043051 -0.251427 -0.143601 -0.906500 -0.397034
-2.346897 -67.920553 -14.359859 -1075.337091 -0.178774 0.419720 -0.889873 0.938976 -0.197366 -0.281729 -0.293879 -0.885935 -0.358823
-1.411268 -71.279506 70.879927 -518.768037 -0.217487 0.427333 -0.877545 0.975702 0.119635 -0.183556 0.026546 -0.896144 -0.442969
-1.668587 -72.669525 171.420270 -565.507886 -0.178436 0.439566 -0.880308 0.968176 -0.081129 -0.236757 -0.175489 -0.894539 -0.411101
-1.165880 -73.135146 79.112280 -112.976116 -0.201452 0.437037 -0.876593 0.979494 0.092588 -0.178939 0.002959 -0.894665 -0.446727
-8.470545 -46.312523 -131.359116 -78.558751 0.709326 -0.677572 -0.194300 -0.265312 -0.001265 -0.964162 -0.653043 -0.735455 0.180665
-7.064955 -45.561238 -204.888615 199.923616 0.672130 -0.714534 -0.194119 -0.385089 -0.113415 -0.915884 -0.632414 -0.690346 0.351389
-7.080279 -45.816758 275.062480 -81.824887 -0.667247 0.720010 0.190701 0.263304 -0.011486 0.964644 -0.696744 -0.693869 0.181918
-7.362595 -52.528523 -65.067090 581.097015 0.783490 -0.574217 -0.237524 -0.602551 -0.608590 -0.516284 -0.151904 -0.547624 0.822820
-6.777382 -52.434370 -58.368046 423.646162 0.755580 -0.616758 -0.220701 -0.631154 -0.595261 -0.497302 -0.175340 -0.515048 0.839036
-7.897745 -50.223651 -3.400369 48.770274 0.785492 -0.572027 -0.236194 -0.568011 -0.514850 -0.642100 -0.245694 -0.638526 0.729328
-5.947824 -54.554272 -181.677422 1089.969932 0.753194 -0.622083 -0.213802 -0.653413 -0.670085 -0.352190 -0.075826 -0.404968 0.911181
-7.338232 -51.039964 107.262851 241.296314 0.807748 -0.526386 -0.265445 -0.551736 -0.516378 -0.654936 -0.207679 -0.675478 0.707530
-7.055330 -53.095640 73.237731 842.676447 0.802586 -0.531268 -0.271312 -0.585006 -0.611966 -0.532227 -0.116722 -0.585877 0.801950
-6.919379 -54.923022 -174.647953 1614.212465 0.779545 -0.581445 -0.232876 -0.623214 -0.682907 -0.381106 -0.062560 -0.442221 0.894722
-1.634559 -62.744889 170.132705 2311.964868 -0.353753 0.314879 -0.880744 0.831499 -0.325346 -0.450289 -0.428333 -0.891629 -0.146729
-0.887344 -63.421636 178.104728 773.970194 -0.360693 0.308078 -0.880334 0.887808 -0.175848 -0.425294 -0.285828 -0.934968 -0.210087
-2.365032 -65.018164 548.469516 3054.367491 -0.370253 0.324354 -0.870464 0.850125 -0.259397 -0.458258 -0.374433 -0.909675 -0.179699
-3.317528 -63.498869 714.172710 -371.443478 -0.361141 0.320678 -0.875639 0.735991 -0.478593 -0.478817 -0.572621 -0.817382 -0.063176
-24.506058 -62.889262 485.671992 -171.512762 0.245120 -0.408696 0.879138 0.778695 0.623189 0.072595 -0.577539 0.666786 0.471005
-29.493004 -58.272554 -1508.977071 1893.753770 0.279065 -0.355422 0.892075 0.896887 0.428391 -0.109890 -0.343099 0.830757 0.438322
-22.594276 -63.691738 -1813.561047 136.844001 0.262508 -0.299881 0.917148 0.775394 0.631287 -0.015522 -0.574329 0.715226 0.398244
-17.751118 -62.497620 -280.868730 -1671.050409 0.245485 -0.341654 0.907199 0.596517 0.790917 0.136447 -0.764136 0.507664 0.397961
-16.782575 -61.241604 976.222535 -1508.231196 0.210978 -0.459453 0.862781 0.612028 0.750314 0.249901 -0.762174 0.475322 0.439498
-9.516577 -111.656365 -18.236949 8784.041352 0.241809 -0.318937 0.916410 0.939605 0.312724 -0.139092 -0.242222 0.894697 0.375294
-9.275389 -121.306977 98.318526 6314.651925 0.251450 -0.319211 0.913716 0.845535 0.531857 -0.046880 -0.471002 0.784367 0.403639
-9.078438 -129.091134 765.487612 15159.761863 0.265037 -0.364509 0.892686 0.936637 0.317246 -0.148546 -0.229055 0.875493 0.425495
-8.604549 -115.892660 -707.475461 5985.945529 0.226008 -0.262437 0.938109 0.872471 0.482859 -0.075114 -0.433261 0.835449 0.338098
-8.552476 -98.046973 282.061260 10748.157197 0.251717 -0.336473 0.907427 0.967697 0.101248 -0.230893 -0.014186 0.936234 0.351089
-8.579940 -102.899829 -605.243475 7621.201227 0.227938 -0.267758 0.936136 0.954349 0.252047 -0.160281 -0.193034 0.929934 0.312985
-10.171745 -44.923914 799.432670 1041.396320 0.172376 -0.013579 0.984938 0.311773 0.949251 -0.041477 -0.934390 0.314226 0.167862
-12.375556 -47.713160 1369.628811 -5220.392896 0.132288 -0.154762 0.979055 0.400194 0.911992 0.090088 -0.906832 0.379894 0.182580
-13.365088 -40.870165 83.916882 -583.506694 0.151497 0.020917 0.988236 0.291956 0.954224 -0.064954 -0.944357 0.298362 0.138455
-9.739063 -77.904143 -482.949272 12293.225793 0.163488 0.065865 0.984344 0.216520 0.971046 -0.100937 -0.962492 0.229633 0.144494
-15.563295 -39.952736 -137.841082 -1313.565897 0.090085 -0.099232 0.990978 0.320328 0.945039 0.065512 -0.943014 0.311536 0.116921
-15.877433 -66.353227 469.087973 9574.886396 0.146693 0.113972 0.982594 0.223236 0.963900 -0.145131 -0.963663 0.240640 0.115955
-33.515855 -85.242764 -3549.557988 15096.535154 -0.330257 0.460931 -0.823695 0.752888 0.654966 0.064645 0.569289 -0.598801 -0.563337
9443.058926 -518.854059 -4106880.395963 -40616.105056 0.944464 0.276294 -0.177904 -0.322691 0.677434 -0.661025 0.062119 -0.681722 -0.728969
-47.471492 -1095.779805 -6083.731774 131286.875017 -0.305018 0.439190 -0.845030 0.952339 0.144262 -0.268774 0.003863 -0.886736 -0.462260
-4.882776 -326.582664 -537.929178 131858.426142 -0.408193 0.449863 -0.794356 0.631522 0.767496 0.110134 0.659210 -0.456697 -0.597385
27.929535 -25.430191 1669.763692 -8342.587555 0.685523 0.716155 0.131074 -0.162824 0.326281 -0.931144 0.709611 -0.616978 -0.340280
28.013878 -27.820051 2066.859933 -10172.037620 0.549563 0.831847 -0.077529 -0.324542 0.127052 -0.937299 0.769840 -0.540266 -0.339792
13.772013 -63.784591 -4385.960222 -22403.973927 0.559991 0.819750 -0.120079 -0.400362 0.140862 -0.905466 0.725341 -0.555128 -0.407079
8.203632 -85.379966 8118.770930 -13659.230371 0.686421 0.718566 0.111755 -0.253949 0.380862 -0.889075 0.681422 -0.581900 -0.443911
-19.016009 -88.376890 4435.425988 -9367.736427 -0.507510 0.678532 0.531063 -0.027897 0.603073 -0.797198 0.861194 0.419401 0.287137
-45.050570 -90.534673 12132.791117 -5647.596657 -0.501716 0.673421 0.542941 -0.105572 0.575294 -0.811105 0.858566 0.464264 0.217540
-20.434365 -96.306139 5977.332063 -838.570404 -0.496183 0.681960 0.537338 -0.216407 0.502221 -0.837223 0.840815 0.531700 0.101612
-33.181904 -401.439544 -17217.026506 -18215.680248 0.769793 0.559073 -0.307988 -0.020245 0.503660 0.863665 -0.637973 0.658608 -0.399032
-159.249534 -870.484959 -54971.668404 86100.406687 0.800476 0.537073 -0.266066 0.069989 0.357117 0.931434 -0.595264 0.764212 -0.248274
-414.823413 -3821.946868 -851.109827 -1488530.092648 -0.753709 -0.518682 0.403599 -0.190217 0.759992 0.621474 -0.629079 0.391639 -0.671475
221.163741 -852.587046 136472.244398 182703.090041 -0.626724 -0.677481 0.385014 -0.445772 0.716962 0.535960 -0.639143 0.164271 -0.751339
48.932405 -744.444300 -42218.204411 -725068.672099 0.763551 0.644272 -0.043622 -0.519030 0.652505 0.552128 -0.384184 0.398937 -0.832617
43.597265 -1521.973092 -6230.220328 -455346.314571 0.826404 0.070706 -0.558621 0.379456 0.663045 0.645278 -0.416016 0.745233 -0.521113
4.681980 -944.931574 -24.328486 243021.931934 0.853127 0.512895 -0.095464 -0.330227 0.672554 0.662285 -0.403888 0.533488 -0.743146
33.435802 -897.610210 8517.272799 202737.496908 0.811968 0.582357 0.039601 -0.329340 0.401065 0.854799 -0.481916 0.707112 -0.517445
132.495445 -2519.779017 44672.502846 1355079.154697 -0.912627 -0.314457 0.261206 -0.243544 0.931433 0.270405 -0.328327 0.183164 -0.926635
12.999543 -148.312696 -329.444924 -13138.198565 0.959496 0.117063 -0.256247 0.280206 -0.302374 0.911073 -0.029171 0.945974 0.322929
13.754886 -172.662668 321.370247 3815.835486 0.944941 0.105587 -0.309737 0.290699 -0.705480 0.646368 0.150265 0.700820 0.697332
7.971807 -183.349476 -2095.905046 -12373.930098 0.943488 0.219482 -0.248311 0.330681 -0.573889 0.749201 -0.021933 0.788974 0.614035
13.723098 -59.953850 207.273137 6175.865674 0.784767 0.493597 -0.374838 -0.110708 -0.483419 -0.868360 0.609823 -0.722958 0.324726
9.072904 -69.072381 615.733918 4906.315529 0.730785 0.512020 -0.451430 -0.206754 -0.464235 -0.861243 0.650543 -0.722718 0.233393
11.381293 -45.095851 116.631070 5422.470723 0.771141 0.475089 -0.423830 -0.231015 -0.411534 -0.881630 0.593273 -0.777772 0.207598
81.139393 -87.655595 -23166.343897 -68568.367292 0.932296 -0.077969 -0.353191 -0.037106 0.950719 -0.307825 0.359787 0.300090 0.883459
82.390801 -67.280464 -14797.993125 -57020.830761 0.861224 -0.157726 -0.483131 -0.008913 0.945790 -0.324656 0.508147 0.283907 0.813131
75.738685 6.598205 -4551.608185 -2011.056321 0.727793 -0.042200 -0.684497 -0.322397 0.859884 -0.395802 0.605291 0.508742 0.612212
68.173935 12.045908 -4236.303458 -7161.004239 0.654444 0.393488 -0.645655 0.607086 -0.782478 0.138477 0.450722 0.482593 0.750968
74.755340 33.340287 -11146.340137 -13441.364310 -0.517181 -0.203888 0.831236 0.639020 -0.738078 0.216550 0.569365 0.643172 0.512008
68.592920 18.508016 11967.131236 12838.979046 0.469982 -0.178665 -0.864405 -0.458999 0.787012 -0.412229 0.753947 0.590501 0.287874
-32.569666 -41.031055 -37.976025 -799.210420 0.925461 -0.308199 -0.220309 0.008297 -0.564901 0.825117 0.378753 0.765441 0.520237
-31.719952 -41.556258 -128.787823 -483.984052 0.964651 -0.122533 -0.233313 0.106855 -0.627421 0.771314 0.240897 0.768979 0.592149
-31.636758 -42.170539 -55.287432 -867.163355 0.923922 -0.304652 -0.231423 -0.032511 -0.665228 0.745932 0.381198 0.681659 0.624523
-30.492991 -49.116247 -276.967257 608.148001 0.230038 0.879487 -0.416636 0.494555 -0.474362 -0.728283 0.838152 0.038517 0.544076
-31.115422 -49.901696 204.153487 959.990396 0.183118 0.861053 -0.474399 0.460011 -0.501519 -0.732713 0.868825 0.084056 0.487931
-32.547319 -51.636113 104.988888 -127.605344 0.192760 0.799223 -0.569285 0.563850 -0.565035 -0.602336 0.803067 0.204885 0.559558
-31.218942 -48.403498 8.098608 -764.017859 0.299771 0.808459 -0.506490 0.601297 -0.572291 -0.557607 0.740661 0.137397 0.657680
-31.680838 -48.474132 224.504695 -988.435286 0.283567 0.728862 -0.623177 0.655153 -0.621793 -0.429125 0.700260 0.286591 0.653836
-32.722343 -50.839863 -569.140196 -1211.363649 0.190261 0.713804 -0.674006 0.678780 -0.591651 -0.434978 0.709266 0.374743 0.597084
-6.449004 -82.285824 -475.942021 3939.627772 -0.653020 0.153907 -0.741537 0.212371 0.977062 0.015770 0.726955 -0.147183 -0.670727
-6.764710 -68.430070 -589.819320 4714.708255 -0.656423 0.143251 -0.740668 0.032161 0.986227 0.162241 0.753708 0.082678 -0.651989
-5.388936 -69.913398 -447.664045 4634.569774 -0.643476 0.145036 -0.751600 0.050982 0.987826 0.146973 0.763767 0.056256 -0.643037
-6.150601 -86.360046 270.362898 4589.811868 -0.699099 0.162365 -0.696346 0.245808 0.969095 -0.020820 0.671445 -0.185722 -0.717404
-6.650555 -76.416537 70.355161 6107.666913 -0.687652 0.151886 -0.709976 0.110092 0.988379 0.104815 0.717645 -0.006086 -0.696382
-5.175206 -75.522613 -372.380034 4232.970675 -0.640967 0.152103 -0.752347 0.168195 0.984180 0.055678 0.748914 -0.090853 -0.656409
-5.176534 -82.423704 -357.382914 2912.881355 -0.637432 0.164105 -0.752828 0.309691 0.949228 -0.055303 0.705530 -0.268396 -0.655890
8.449612 -28.883604 -737.006202 -416.980169 0.939882 -0.206441 -0.272037 -0.084450 0.631349 -0.770887 -0.330893 -0.747516 -0.575960
15.141040 -31.272010 -1150.445831 -624.582711 0.958824 -0.158705 -0.235519 -0.067289 0.678724 -0.731304 -0.275914 -0.717040 -0.640098
10.755556 -33.674479 -1070.648625 -740.423351 0.940446 -0.202774 -0.272845 -0.025147 0.758923 -0.650694 -0.339012 -0.618804 -0.708627
4.688510 -32.091186 -480.389956 -599.281806 0.932749 -0.253551 -0.256303 0.003859 0.717893 -0.696143 -0.360506 -0.648337 -0.670593
3.248377 -35.011711 -427.226221 -711.562268 0.933794 -0.251620 -0.254394 0.070689 0.826689 -0.558201 -0.350760 -0.503262 -0.789744
9.050737 -36.289568 -1118.655516 -533.916461 0.936667 -0.195392 -0.290647 0.037232 0.880752 -0.472112 -0.348235 -0.431390 -0.832247
0.916797 -38.822668 168.058608 -527.572983 0.920806 -0.282722 -0.268672 0.028340 0.735547 -0.676881 -0.388990 -0.615662 -0.685308
0.573914 -38.333195 3.078993 -487.546676 0.918004 -0.311228 -0.245775 0.074489 0.744044 -0.663966 -0.389512 -0.591216 -0.706218
1.973890 -39.923514 171.777772 -249.851257 0.920055 -0.297644 -0.254770 0.116692 0.828941 -0.547027 -0.374008 -0.473566 -0.797404
-5.332894 -67.780403 255.474231 1460.390660 0.866236 -0.434891 -0.245977 0.499342 0.736676 0.456033 0.017119 0.517859 -0.855295
-5.925711 -66.091971 294.047745 -452.881042 0.877067 -0.416976 -0.238506 0.469999 0.847493 0.246690 -0.099268 0.328461 -0.939286
-5.872608 -64.043292 72.714533 1553.268450 0.849805 -0.435089 -0.297539 0.526890 0.717040 0.456333 -0.014802 0.544565 -0.838588
-4.784336 -61.223553 23.792379 1264.682316 0.837004 -0.451707 -0.308844 0.538280 0.578207 0.613133 0.098381 0.679439 -0.727106
1.605633 -44.473734 -28.449442 -1157.170360 0.776351 -0.510188 -0.370118 0.299552 -0.218003 0.928840 0.554569 0.831975 0.016420
1.782727 -43.169352 -59.785738 794.704423 0.765245 -0.510596 -0.392035 0.401155 -0.098048 0.910748 0.503462 0.854212 -0.129798
2.690081 -46.218743 -110.591712 -836.007858 0.772204 -0.524008 -0.359328 0.289812 -0.212793 0.933128 0.565429 0.824703 0.012456
1.863073 -53.793725 -76.444038 -3096.869697 0.782199 -0.518619 -0.345252 0.178519 -0.344350 0.921713 0.596905 0.782597 0.176767
38.236974 -27.792196 -2741.638030 921.126494 0.955928 -0.293506 -0.007528 0.275409 0.905282 -0.323442 -0.101747 -0.307113 -0.946218
196.647615 -46.303390 -20233.141187 4278.546364 0.863372 -0.488309 0.127054 0.501087 0.859315 -0.102423 0.059165 -0.152094 -0.986594
58.373163 -25.677627 6448.537116 846.258325 -0.914587 0.366731 0.170406 0.329898 0.920345 -0.210079 -0.233874 -0.135919 -0.962720
435.958209 1.481581 51710.605577 -694.243365 -0.516078 0.807294 -0.286251 0.842166 0.539213 0.002375 0.156267 -0.239845 -0.958152
26.459757 -27.334093 -970.526045 274.439463 0.969717 -0.218323 0.109475 0.244144 0.854440 -0.458613 -0.006586 -0.471452 -0.881867
-1.050562 -13.331533 158.198639 595.588530 -0.607623 0.794184 -0.008129 0.633977 0.478834 -0.607281 0.478400 0.374152 0.794445
0.240010 -13.572837 -46.512776 625.976538 -0.644493 0.763684 0.037609 0.598594 0.534550 -0.596608 0.475724 0.361998 0.801651
-0.279484 -16.103012 420.493175 672.990492 -0.614894 0.788586 -0.006213 0.659917 0.510220 -0.551530 0.431758 0.343232 0.834132
-0.904982 -11.153769 -190.872131 542.004304 -0.642956 0.764981 0.037579 0.570878 0.511369 -0.642339 0.510594 0.391543 0.765498
-1.600894 -15.758253 574.719513 579.456586 -0.598000 0.800980 -0.028777 0.671170 0.480815 -0.564223 0.438094 0.356719 0.825121
-1.893345 -10.938427 73.902868 487.165591 -0.597559 0.801630 -0.017687 0.615520 0.444467 -0.650833 0.513866 0.399798 0.759015
-1.658549 -13.047341 397.647932 437.065935 -0.584520 0.810422 -0.039388 0.652229 0.440439 -0.616936 0.482631 0.386302 0.786027
3.805534 -61.037813 824.212489 -874.142233 0.792694 -0.279621 0.541709 0.041547 0.911315 0.409608 -0.608203 -0.302188 0.734011
5.511375 -65.626258 624.425740 -276.379290 0.784366 -0.288729 0.549003 0.164673 0.950231 0.264470 -0.598040 -0.117036 0.792875
2.393513 -64.060346 1020.510217 -386.747502 0.796346 -0.302050 0.524022 0.201525 0.949378 0.240974 -0.570281 -0.086296 0.816904
2.211077 -75.217040 112.778165 4976.702362 -0.355594 0.434433 -0.827539 -0.408970 0.723822 0.555720 0.840414 0.536050 -0.079716
1.796389 -73.735813 -403.181080 4635.155349 -0.339341 0.462269 -0.819240 -0.432326 0.696843 0.572280 0.835429 0.548377 -0.036617
2.722443 -71.235761 -89.909223 1700.586453 -0.357593 0.449922 -0.818350 -0.520475 0.631563 0.574660 0.775392 0.631425 0.008330
0.600087 -86.939464 -104.908409 5212.129853 -0.346319 0.451587 -0.822273 -0.218200 0.813699 0.538778 0.912388 0.366009 -0.183263
2.996271 -73.056404 94.110037 1126.540390 -0.360433 0.429548 -0.827995 -0.487194 0.670271 0.559803 0.795443 0.605166 -0.032315
2.665685 -74.443562 -33.033223 3907.344090 -0.347272 0.420360 -0.838272 -0.383731 0.751941 0.536037 0.855659 0.507821 -0.099823
1.450075 -80.027988 242.424572 6657.541997 -0.356496 0.424771 -0.832154 -0.295773 0.793556 0.531778 0.886244 0.435705 -0.157264
-5.626291 -71.051943 34.537724 3965.163783 -0.543429 0.413380 -0.730617 0.699351 -0.258465 -0.666412 -0.464320 -0.873105 -0.148640
-5.251673 -75.272487 -159.812780 5212.049581 -0.558156 0.393977 -0.730236 0.673971 -0.298062 -0.675960 -0.483968 -0.869449 -0.099164
-5.529081 -77.619753 88.409887 4077.958329 -0.550811 0.425798 -0.717846 0.590320 -0.409265 -0.695719 -0.590025 -0.806969 -0.025930
-5.684214 -73.622467 129.819522 2726.756829 -0.535264 0.441539 -0.720094 0.615768 -0.379586 -0.690467 -0.578205 -0.812993 -0.068707
-5.376933 -67.607381 -1.967286 2616.113570 -0.526145 0.426504 -0.735708 0.723626 -0.229896 -0.650779 -0.446696 -0.874781 -0.187671
-1.668054 -128.669257 -112.582462 -2276.640077 -0.373737 0.364024 -0.853116 0.708630 0.705518 -0.009395 0.598469 -0.608055 -0.521636
-1.551808 -152.621711 54.733745 -1279.207052 -0.374070 0.349132 -0.859173 0.653633 0.756467 0.022816 0.657902 -0.553050 -0.511176
-2.125404 -134.816824 2.820141 -10560.084349 -0.386009 0.346798 -0.854826 0.817885 0.557265 -0.143249 0.426686 -0.754445 -0.498751
-0.786191 -132.651131 -376.511775 1572.448314 -0.358074 0.361228 -0.860986 0.539747 0.832523 0.124812 0.761876 -0.420023 -0.493077
-2.977344 -123.352582 83.907406 -2362.017946 -0.399711 0.363798 -0.841357 0.789341 0.603249 -0.114158 0.466017 -0.709747 -0.528286
-1.657020 -125.216984 -145.976605 1260.648898 -0.373758 0.387269 -0.842809 0.616840 0.782381 0.085954 0.692686 -0.487752 -0.531304
-28.311884 -76.874972 -3521.711568 -24919.547147 -0.695227 -0.258319 -0.670769 0.315613 0.728713 -0.607754 0.645793 -0.634231 -0.425092
-24.811206 -72.078541 -1827.729173 -21012.332872 0.772514 0.245375 0.585673 0.269099 0.708904 -0.651952 0.575159 -0.661246 -0.481608
-32.593672 -139.570084 -2952.163315 -29315.766643 -0.682830 -0.134686 -0.718054 0.281652 0.858353 -0.428838 0.674103 -0.495065 -0.548175
-19.247840 -30.531447 -3896.485392 -16733.747653 0.825078 0.488497 0.283932 0.022366 0.473887 -0.880302 0.564576 -0.732668 -0.380068
-29.861437 -144.786011 -4833.392049 -36833.061609 -0.610551 -0.182135 -0.770749 0.336118 0.821612 -0.460411 0.717113 -0.540167 -0.440418
-23.594468 -48.833655 3258.413141 -23590.810326 0.708864 0.373334 0.598442 0.282417 0.627233 -0.725823 0.646337 -0.683521 -0.339187
-13.699424 -66.590448 -3054.407370 3054.911951 0.739103 -0.294293 0.605903 -0.617063 -0.656519 0.433838 -0.270111 0.694532 0.666833
-21.881834 -57.590050 -1757.037347 1609.468300 0.485314 -0.534831 0.691684 0.813190 0.566752 -0.132338 -0.321235 0.626696 0.709972
-27.468816 -70.136501 -5505.916264 6296.306105 0.820648 -0.239182 0.518969 -0.539335 -0.624300 0.565125 -0.188825 0.743667 0.641330
-12.203815 -104.364121 -2917.139546 12619.727236 0.841457 -0.193105 0.504638 -0.522777 -0.527037 0.670027 -0.136577 0.827613 0.544430
-4.010635 -79.161798 -2012.174955 7050.950284 0.787791 -0.232004 0.570578 -0.570453 -0.624204 0.533809 -0.232311 0.746018 0.624090
784.255324 -1752.738927 -195314.036435 -586166.862394 0.774549 0.037406 0.631407 0.446619 -0.739214 -0.504078 -0.447889 -0.672431 0.589263
57.584651 -710.849718 -20354.409505 53527.006527 0.830067 -0.000278 0.557664 0.049458 0.996096 -0.073120 -0.555466 0.088276 0.826840
314.625233 -2303.597143 -126388.188228 935944.506347 0.846178 0.164397 0.506909 -0.196071 0.980546 0.009296 -0.495520 -0.107257 0.861949
-22.432158 -779.090523 -58020.996143 6490.402624 0.792902 -0.083497 0.603601 0.296568 -0.812452 -0.501965 -0.532310 -0.577017 0.619433
366.939077 -1480.416058 -128974.732858 224476.086214 0.914567 0.028801 0.403408 0.396289 0.135368 -0.908092 0.080763 -0.990377 -0.112390
22.645327 -2861.075804 -35234.237990 543326.268966 0.782513 -0.115545 0.611820 0.620962 0.072854 -0.780447 -0.045603 -0.990627 -0.128759
-5.285539 -25.487080 -1583.843093 -877.810946 0.904214 0.057537 -0.423185 0.353440 -0.657052 0.665856 0.239743 0.751647 0.614452
-2.118730 -22.531870 -1054.796066 -888.769764 0.921556 0.028851 -0.387172 0.322581 -0.611829 0.722224 0.216046 0.790464 0.573141
-0.787694 -24.550859 -1200.449197 -813.080448 0.906134 0.066750 -0.417692 0.353601 -0.661460 0.661390 0.232139 0.747004 0.622974
0.615770 -28.338274 -1283.490893 -997.098898 0.894159 0.085888 -0.439435 0.355517 -0.732807 0.580174 0.272191 0.674994 0.685780
-5.029290 -27.490804 -1846.840408 -742.525277 0.886584 0.101624 -0.451267 0.382938 -0.708489 0.592792 0.259476 0.698367 0.667051
-2.633373 -56.154062 -265.659226 -1515.639495 -0.690700 0.214402 -0.690627 0.722997 0.185633 -0.665444 -0.014469 -0.958943 -0.283229
-4.013783 -50.237693 -273.088679 -1135.040693 -0.701570 0.214089 -0.679680 0.702679 0.049233 -0.709802 -0.118498 -0.975573 -0.184976
-3.219070 -51.048157 379.437970 -1133.543957 -0.687791 0.232198 -0.687770 0.720426 0.102116 -0.685972 -0.089050 -0.967293 -0.237516
-387.371491 -1146.351273 41654.633393 -11100.000953 -0.805196 0.032153 -0.592137 0.166610 0.970575 -0.173857 0.569123 -0.238645 -0.786860
-344.104590 -2452.127651 59704.718126 -810193.100813 -0.834634 0.023203 -0.550317 -0.135069 0.959985 0.245326 0.533988 0.279088 -0.798102
-752.595535 -2836.894554 169600.815602 -1043399.127553 -0.714682 0.311993 -0.626012 0.102720 0.932118 0.347282 0.691866 0.183892 -0.698216
-463.494992 -13547.216791 509456.368374 9853267.287919 0.815095 0.221812 0.535182 0.195905 0.763843 -0.614951 0.545199 -0.606089 -0.579150
-158.358319 -2284.690654 -19730.955869 828268.242864 0.837813 0.385598 0.386501 0.022343 0.683123 -0.729961 0.545499 -0.620207 -0.563714
-471.284141 -1069.258458 77266.797843 -120827.017651 -0.689268 0.256169 -0.677707 0.352133 0.935940 -0.004360 0.633176 -0.241648 -0.735319
-1376.847855 -6090.562835 -914312.324596 -4017003.001034 0.997753 -0.054336 -0.039188 0.038185 -0.019379 0.999083 0.055046 0.998335 0.017260
-2997.271256 -6069.091646 -2891035.426574 -6736999.776238 0.668030 -0.093395 -0.738250 0.543886 -0.615810 0.570058 0.507863 0.782339 0.360584
-2082.868968 -4168.695897 -977957.272176 -3490284.597352 0.810596 -0.418152 -0.409981 0.506133 0.148109 0.849643 0.294558 0.896222 -0.331696
-44.464056 -296.889597 4640.702281 -72040.603491 0.905262 0.001682 0.424851 0.334343 -0.619820 -0.709956 -0.262137 -0.784742 0.561662
-22.614027 -164.823885 2502.969775 -41563.769406 0.883783 0.125618 0.450719 0.415277 -0.654406 -0.631901 -0.215575 -0.745636 0.630519
-40.262245 -49.899399 5049.491450 -15400.214074 0.828107 0.116271 0.548380 0.472703 -0.670667 -0.571628 -0.301317 -0.732589 0.610345
-82.108364 -90.104453 -6397.665051 -15249.151983 0.787152 -0.591704 -0.174008 -0.449252 -0.356772 -0.819077 -0.422569 -0.722911 0.546658
-60.382546 -246.945691 7155.472312 -51875.480226 0.866213 -0.051967 0.496966 0.389088 -0.553868 -0.736098 -0.313507 -0.830981 0.459548
-31.035951 -47.475027 223.660594 -1748.921218 -0.630837 0.415313 0.655408 0.730068 0.031652 0.682641 0.262765 0.909128 -0.323173
-26.538099 -43.134344 493.413941 -1739.750563 0.809460 -0.313604 -0.496414 0.563225 0.175696 0.807409 0.165989 0.933158 -0.318848
19.522846 -36.164330 1268.827619 438.941001 -0.358731 0.638379 0.681017 0.781846 -0.193069 0.592825 0.509930 0.745115 -0.429854
26.994011 -37.003948 3627.348970 -2254.865318 -0.292826 0.665530 0.686529 0.796429 -0.227548 0.560289 0.529107 0.710839 -0.463416
21.672531 -42.157682 475.656476 -1897.671925 -0.377040 0.642259 0.667341 0.716515 -0.254301 0.649566 0.586896 0.723073 -0.364307
24.139741 -35.662930 3727.269796 2600.111434 -0.317616 0.649245 0.691087 0.820804 -0.176667 0.543203 0.474764 0.739777 -0.476791
22.555835 -36.294790 -1755.809450 -178.977102 -0.386617 0.629927 0.673586 0.775372 -0.173426 0.607224 0.499325 0.757044 -0.421379
20.172959 -37.221576 -369.210185 1836.768755 -0.362375 0.650653 0.667335 0.819758 -0.118192 0.560381 0.443487 0.750121 -0.490548
-21.576659 -33.804226 -767.870951 1409.097491 -0.836460 0.379079 0.395769 0.222493 0.894878 -0.386899 -0.500830 -0.235569 -0.832872
21.175454 -15.754337 -4657.178821 322.566556 0.695845 -0.548905 -0.463145 0.664093 0.246222 0.705943 0.273459 0.798798 -0.535856
21.217446 -16.170154 -4959.044828 -256.075700 0.757586 -0.516728 -0.398818 0.579676 0.251727 0.774990 0.300066 0.818307 -0.490240
29.025158 0.527671 2375.683399 -1323.919972 0.450875 -0.343833 0.823705 -0.538251 0.631429 0.558197 -0.712038 -0.695037 0.099627
23.523934 3.613255 3423.507382 1633.759277 0.539576 -0.313935 0.781219 0.511045 -0.615277 -0.600222 -0.669097 -0.723104 0.171554
12.892696 1.581925 2693.902583 -314.244270 0.711667 -0.475510 0.517128 0.275276 -0.488491 -0.828010 -0.646339 -0.731619 0.216746
23.128930 6.352663 3023.328259 726.597260 0.592706 -0.398112 0.700148 0.423871 -0.584994 -0.691459 -0.684860 -0.706604 0.177982
29.378489 5.327502 2255.244477 -1780.769664 0.451212 -0.362568 0.815446 -0.524685 0.631360 0.571043 -0.721882 -0.685514 0.094643
4.741066 -25.102361 1938.847628 190.913722 -0.507680 0.407604 0.759026 0.812143 0.520459 0.263716 -0.287550 0.750321 -0.595259
9.470816 -24.369078 1970.848881 153.881615 -0.551860 0.408127 0.727243 0.812278 0.460524 0.357943 -0.188827 0.788258 -0.585657
3.307527 -23.887698 1660.257456 183.980245 -0.519926 0.406371 0.751358 0.834026 0.431585 0.343708 -0.184602 0.805355 -0.563316
-4.578582 -70.474557 32.102192 1124.004138 -0.566839 0.774995 0.279421 -0.251438 0.160243 -0.954516 0.784521 0.611314 -0.104031
-4.078776 -74.697892 -547.463308 1841.789675 -0.512323 0.803097 0.304238 -0.292157 0.170147 -0.941113 0.807570 0.571039 -0.147460
-1.997446 -70.036875 -138.901548 4952.247200 -0.560911 0.787911 0.254117 -0.482692 -0.061873 -0.873602 0.672597 0.612673 -0.415023
-5.918966 -72.828325 -25.913807 -3249.467269 -0.559845 0.767560 0.312131 -0.002955 0.374846 -0.927082 0.828592 0.519945 0.207588
-3.325685 -66.351096 757.525492 2262.818419 -0.627654 0.733387 0.261138 -0.297127 0.084371 -0.951103 0.719560 0.674555 -0.164953
-5.300109 -67.764048 636.953265 -1746.232717 -0.617386 0.737792 0.272942 -0.033794 0.321768 -0.946215 0.785934 0.593404 0.173723
9.976658 -20.824538 -2049.380163 -390.347447 0.764912 -0.590901 -0.256410 -0.643598 -0.717360 -0.266789 0.026292 -0.369095 0.929020
-17.998756 -42.435162 -672.733556 6731.019259 0.780022 0.625480 -0.018450 0.610375 -0.767019 -0.197796 0.137869 -0.143024 0.980070
-20.991268 -42.541635 -952.784984 -8500.119014 0.708843 0.700886 -0.079380 -0.678989 0.708488 0.192402 0.191092 -0.082485 0.978100
-20.379267 -36.921265 -1295.938193 -2396.556308 0.678727 0.730226 -0.078098 0.723399 -0.683108 -0.100290 0.126583 -0.011573 0.991888
48.810770 -33.520294 -1776.669916 5651.715291 0.646467 -0.248489 -0.721342 0.590986 -0.434852 0.679440 0.482510 0.865538 0.134264
43.426030 -29.376005 9250.936037 -2203.817642 -0.693150 0.018936 0.720545 0.699204 -0.225167 0.678538 0.175091 0.974136 0.142834
57.684438 -36.227999 2793.056541 -7277.586253 -0.628238 0.158350 0.761736 0.756756 -0.102971 0.645536 0.180658 0.981999 -0.055142
-2.106759 -71.410375 233.013745 -1246.741909 -0.224375 0.426271 -0.876327 0.973742 0.133611 -0.184325 0.038514 -0.894674 -0.445057
-8.607261 -46.974945 76.729778 -83.531825 0.791552 -0.574897 -0.207217 -0.255456 -0.003246 -0.966815 -0.555147 -0.818219 0.149430
-8.935527 -46.751556 -32.494996 -78.754499 0.749056 -0.632300 -0.197768 -0.259925 -0.005901 -0.965611 -0.609388 -0.774701 0.168771
-8.564607 -48.820564 107.814528 -546.021966 0.791553 -0.578920 -0.195693 -0.143593 0.135064 -0.980377 -0.593991 -0.804120 -0.023782
-7.627360 -49.482786 193.952437 -616.650193 0.826398 -0.523436 -0.207561 -0.151783 0.147893 -0.977287 -0.542244 -0.839132 -0.042770
-8.481535 -50.753982 168.836269 -967.723003 0.793586 -0.578087 -0.189832 -0.030754 0.273481 -0.961386 -0.607680 -0.768781 -0.199252
-7.481451 -51.707654 217.091837 -824.529533 0.828057 -0.527111 -0.190986 -0.035310 0.290946 -0.956088 -0.559531 -0.798439 -0.222308
-7.487229 -49.906450 -66.170304 177.952413 0.755356 -0.619048 -0.214980 -0.590894 -0.501565 -0.631884 -0.283340 -0.604328 0.744651
-1.069410 -63.726406 -238.688573 110.171006 -0.344145 0.299283 -0.889940 0.877219 -0.235432 -0.418401 -0.334741 -0.924663 -0.181514
-0.620329 -67.631399 -227.973008 -3853.704567 -0.359463 0.290763 -0.886704 0.912297 -0.090303 -0.399450 -0.196217 -0.952524 -0.232802
-0.595652 -65.676358 493.815363 -3409.172866 -0.370734 0.305677 -0.876993 0.914885 -0.042292 -0.401493 -0.159817 -0.951195 -0.263981
-0.344729 -75.901284 292.189202 -1033.704200 -0.164800 0.436970 -0.884250 0.965473 -0.111912 -0.235241 -0.201751 -0.892487 -0.403440
-0.515338 -72.518838 371.843503 -2297.794803 -0.139867 0.436348 -0.888840 0.913509 -0.289464 -0.285852 -0.382018 -0.851945 -0.358122
0.966336 -78.794914 419.443995 -1551.312228 -0.149305 0.436064 -0.887444 0.962521 -0.141411 -0.231421 -0.226409 -0.888736 -0.398608
-1.948748 -69.353578 153.185917 -1260.569151 -0.151440 0.433338 -0.888417 0.922719 -0.260342 -0.284273 -0.354479 -0.862810 -0.360423
1.510124 -77.763532 455.808185 846.400376 -0.172166 0.437762 -0.882453 0.984439 0.044460 -0.170008 -0.035190 -0.897991 -0.438605
0.091057 -75.198080 211.136341 477.802798 -0.184423 0.435484 -0.881103 0.982741 0.068522 -0.171830 -0.014454 -0.897585 -0.440605
-31.797393 -49.867593 -3369.358641 3268.885078 0.390065 -0.302375 0.869723 0.914991 0.233102 -0.329326 -0.103155 0.924247 0.367595
-31.570590 -49.310283 374.119382 2838.168087 0.379320 -0.402883 0.832948 0.919587 0.263731 -0.291213 -0.102350 0.876431 0.470524
-27.601234 -39.729534 939.199574 -2267.500292 0.752546 -0.317538 0.576927 -0.651618 -0.232361 0.722082 0.095233 0.919336 0.381776
-21.571912 -38.679789 4851.209697 1222.517411 0.660066 -0.416562 0.625131 0.744650 0.253116 -0.617599 0.099037 0.873160 0.477266
-23.171774 -48.270005 5579.621467 2630.946405 0.369872 -0.496287 0.785426 0.924146 0.283560 -0.256024 -0.095654 0.820545 0.563522
-8.995646 -132.880102 616.387371 6189.057802 0.278173 -0.357405 0.891561 0.804332 0.594042 -0.012820 -0.525043 0.720677 0.452719
-10.036972 -50.353762 1901.554814 -4354.815586 0.148909 -0.171245 0.973910 0.430225 0.898009 0.092118 -0.890355 0.405283 0.207396
-40.125784 -125.135412 17731.365222 -27916.435626 0.031157 -0.128285 0.991248 0.753968 0.654077 0.060950 -0.656172 0.745470 0.117102
-38.089911 -64.070698 9923.631795 -5787.502338 -0.067018 -0.106996 0.991998 0.673602 0.728602 0.124093 -0.736049 0.676529 0.023243
-14.346262 -81.468764 3303.598404 -10786.834111 0.048156 -0.141447 0.988774 0.742693 0.667006 0.059246 -0.667898 0.731503 0.137172
-11.229615 -101.873637 4532.944088 -17983.990428 0.155784 -0.110882 0.981548 0.854450 0.513708 -0.077580 -0.495627 0.850770 0.174770
-12.414630 -93.821583 862.348446 -10717.138080 0.219916 -0.113559 0.968887 0.816421 0.565045 -0.119083 -0.533942 0.817207 0.216975
7.227553 -70.341849 279.420012 -532.940001 0.058200 -0.239874 0.969058 0.490774 0.852180 0.181468 -0.869341 0.465027 0.167321
6.901666 -71.231037 122.702219 -70.720116 0.060533 -0.229876 0.971336 0.676870 0.724655 0.129315 -0.733609 0.649640 0.199461
5.790549 -70.013751 248.422921 -368.365020 0.080758 -0.257291 0.962953 0.509973 0.840744 0.181869 -0.856391 0.476393 0.199108
6.518523 -70.417409 -58.879837 -248.520420 0.027884 -0.210407 0.977216 0.678008 0.722330 0.136180 -0.734526 0.658763 0.162799
5.736757 -67.307436 367.965620 -781.174146 0.082053 -0.269334 0.959545 0.308389 0.922401 0.232537 -0.947715 0.276833 0.158745
7.079854 -67.063917 392.125952 -1081.512516 0.058103 -0.249972 0.966508 0.273426 0.935108 0.225413 -0.960137 0.251171 0.122681
6.352056 -69.627198 -79.926172 -814.344987 0.019099 -0.217192 0.975942 0.487383 0.854311 0.180585 -0.872979 0.472209 0.122172
-5.549214 -11.343282 128.764369 -557.110633 -0.170974 0.397044 0.901734 0.932030 -0.231615 0.278701 0.319512 0.888094 -0.330457
-5.152270 -12.092925 158.241574 -591.324249 -0.057055 0.390334 0.918904 0.948479 -0.266130 0.171938 0.311661 0.881371 -0.355040
-4.579971 -10.735120 251.637851 -229.707956 -0.199951 0.411054 0.889412 0.937412 -0.183870 0.295720 0.285093 0.892875 -0.348562
20.933297 -302.181581 -6518.944205 -117001.772063 0.463666 -0.670971 -0.578629 0.222773 0.720379 -0.656831 0.857547 0.175648 0.483489
38.496288 -108.578999 14240.698286 -28341.014479 -0.556790 0.722468 0.409907 0.200029 0.595572 -0.777999 0.806209 0.351189 0.476123
17.960804 -150.051502 4503.251520 -21209.968100 -0.478630 0.703924 0.524790 -0.016482 0.590391 -0.806949 0.877862 0.394880 0.270977
6.143974 -26.394617 -19.432114 554.301464 -0.742783 0.463261 0.483387 -0.140473 0.598078 -0.789031 -0.654631 -0.653982 -0.379166
7.463208 -25.461887 0.666862 354.271600 -0.737832 0.486287 0.468112 -0.058243 0.645061 -0.761908 -0.672467 -0.589425 -0.447623
7.059060 -27.302419 46.099744 226.179779 -0.724162 0.462665 0.511401 -0.162661 0.606044 -0.778622 -0.670173 -0.647033 -0.363616
-852.371568 -1528.185575 -239143.308628 -158996.499725 0.871310 0.392666 -0.294335 0.109333 0.429380 0.896481 -0.478399 0.813293 -0.331192
-488.286525 -611.488184 -163502.968228 98781.671937 0.768031 0.453464 -0.452214 0.502101 0.011934 0.864726 -0.397520 0.891194 0.218519
-1473.964859 -3660.002002 -571460.892616 -1233641.044145 0.632148 0.716141 0.295855 0.697091 -0.358915 -0.620680 -0.338308 0.598600 -0.726103
