10674
21337
-28.397316 -41.535683 409.254802 -1659.290410 0.416435 0.904353 0.093418 0.402844 -0.091428 -0.910691 0.815045 -0.416877 0.402387
-24.004609 -42.908999 486.366555 -2394.053953 0.274214 0.935384 0.223300 0.495003 0.061788 -0.866692 0.824487 -0.348193 0.446075
-23.220312 -35.085658 633.330619 -2463.104402 0.384316 0.921698 0.052674 0.559458 -0.187129 -0.807459 0.734376 -0.339788 0.587568
-13.709618 -41.508812 1531.948534 -3651.023715 0.221756 0.970763 0.091888 0.580769 -0.055793 -0.812154 0.783283 -0.233466 0.576161
-27.634377 -36.593884 -248.004143 -1825.930811 0.651663 0.710884 -0.264537 0.257838 -0.535601 -0.804147 0.713341 -0.455824 0.532324
-15.632337 -30.879609 1061.369986 -2671.523985 0.329633 0.943363 -0.037537 0.628800 -0.249028 -0.736611 0.704238 -0.219208 0.675275
-17.200831 -25.195350 891.687880 -1213.074529 0.558432 0.782617 -0.275072 0.468226 -0.571087 -0.674258 0.684776 -0.247732 0.685355
-21.781081 -27.687485 50.673112 1122.665563 0.701549 0.579851 -0.414248 -0.229285 0.734059 0.639207 0.674728 -0.353454 0.647930
-25.458586 -34.910388 98.546614 600.312739 0.699136 -0.692774 -0.176843 -0.654748 -0.520970 -0.547627 -0.287252 -0.498653 0.817821
-26.901782 -35.748403 172.590421 569.058347 0.666288 -0.743221 -0.060691 -0.645995 -0.534635 -0.544845 -0.372493 -0.402230 0.836337
-25.015805 -33.496746 297.902700 -1105.667781 0.617195 -0.754169 -0.224278 0.667753 0.351311 0.656267 -0.416145 -0.554807 0.720426
-26.217258 -33.533969 496.138394 -345.933993 0.504769 -0.817476 -0.277381 0.677881 0.176407 0.713693 -0.534495 -0.548282 0.643196
-24.146974 -33.101716 132.882618 -243.445206 0.582934 -0.745450 -0.323252 0.678216 0.227328 0.698816 -0.447449 -0.626599 0.638094
-14.132394 -61.533600 -1003.214705 2056.097173 -0.625059 -0.627421 -0.464376 -0.143554 0.677164 -0.721694 0.767264 -0.384438 -0.513335
-8.733676 -55.661024 -1200.402682 2343.339085 -0.616908 -0.604725 -0.503719 -0.316761 0.776670 -0.544469 0.720477 -0.176328 -0.670687
-10.685959 -64.818474 773.816387 1634.662877 0.581501 0.690881 0.429581 -0.145952 0.608061 -0.780359 0.800347 -0.391081 -0.454423
-13.631938 -51.492126 -1054.015646 2487.503043 -0.675518 -0.524190 -0.518556 -0.234167 0.819383 -0.523237 0.699172 -0.232027 -0.676256
-17.662136 -56.133853 -700.911417 2251.208641 -0.705571 -0.524288 -0.476752 -0.107976 0.744455 -0.658883 0.700365 -0.413411 -0.581876
-17.869867 -62.964217 588.308025 639.022793 0.674295 0.596212 0.435725 0.042769 0.557524 -0.829058 0.737222 -0.577666 -0.350436
-6.269278 -28.382576 1141.596120 217.710445 0.406701 0.809571 0.423307 0.378245 0.272557 -0.884671 0.831580 -0.519910 0.195367
-3.269560 -28.929830 1059.673120 -43.930633 0.411792 0.830794 0.374445 0.453393 0.169648 -0.875017 0.790482 -0.530096 0.306816
-9.347412 -28.557823 846.893969 10.388362 0.415043 0.797650 0.437600 0.500320 0.201620 -0.842039 0.759881 -0.568423 0.315400
3.145887 -28.881975 1415.319194 222.538767 0.415890 0.851265 0.319975 0.320402 0.192131 -0.927593 0.851104 -0.488297 0.192842
-11.589182 -27.928105 1003.502063 146.401378 0.398480 0.764376 0.506896 0.415834 0.342037 -0.842670 0.817493 -0.546572 0.181559
-3.547137 -28.174400 1399.325714 244.695380 0.380324 0.810595 0.445297 0.284270 0.355713 -0.890314 0.880082 -0.465193 0.095141
-8.917928 -27.390265 1172.596547 127.649244 0.377284 0.760745 0.528132 0.311481 0.432816 -0.845961 0.872145 -0.483671 0.073663
-5.940346 -24.848986 -543.345680 -22.845540 -0.799313 -0.486725 0.352417 -0.391714 0.866770 0.308658 -0.455696 0.108667 -0.883477
-6.732091 -24.144128 -563.779364 6.515344 -0.816780 -0.446099 0.365877 -0.399490 0.894831 0.199212 -0.416266 0.016548 -0.909092
-11.867046 -25.820100 -1208.026626 -58.731582 -0.830216 -0.380479 0.407403 -0.307385 0.922157 0.234819 -0.465033 0.069721 -0.882544
28.334367 -41.337534 -1063.492723 -792.517530 -0.650998 -0.670004 0.356785 0.728209 -0.418561 0.542695 -0.214272 0.613108 0.760386
33.873511 -46.052269 -869.360357 -530.402334 -0.599393 -0.761712 0.246013 0.707642 -0.360597 0.607629 -0.374127 0.538298 0.755158
26.205243 -40.847580 2041.238226 1393.990115 0.703177 0.583242 -0.406658 0.676302 -0.372128 0.635717 -0.219448 0.722045 0.656120
21.970964 -37.983923 -2091.380173 -514.407277 -0.684316 -0.550567 0.478108 0.724359 -0.437956 0.532446 -0.083757 0.710683 0.698508
-4.814313 -49.994965 155.387062 397.116847 0.153909 0.976474 -0.151034 0.641010 -0.214998 -0.736805 0.751943 -0.016587 0.659020
-5.733876 -50.916037 405.998741 526.361680 0.162767 0.971529 -0.172155 0.792665 -0.232657 -0.563519 0.587528 0.044739 0.807966
-5.718935 -47.959488 301.419229 297.233221 0.154735 0.978253 -0.138126 0.726093 -0.207414 -0.655568 0.669960 -0.001147 0.742396
-4.841791 -47.277780 161.867724 156.349833 0.153278 0.982433 -0.106451 0.562637 -0.175322 -0.807900 0.812370 -0.063940 0.579626
0.826831 -52.043449 -593.470027 1801.228174 0.215301 0.976538 -0.004370 -0.667741 0.143951 -0.730342 0.712578 -0.160162 -0.683067
1.581311 -54.466948 -409.168816 1129.594932 0.205480 0.978477 0.018981 -0.699955 0.160490 -0.695921 0.683989 -0.129712 -0.717867
1.924909 -46.779049 -414.392440 710.204307 0.182973 0.983079 -0.008717 -0.804299 0.144588 -0.576366 0.565353 -0.112471 -0.817145
-5.227046 -111.573463 -129.279716 -6730.443675 0.587936 0.806716 0.059509 0.049928 -0.109617 0.992719 -0.807365 0.580684 0.104726
-4.619297 -115.265160 -197.445128 2109.442361 0.585048 0.808993 0.056996 0.347718 -0.313712 0.883559 -0.732674 0.497106 0.464839
-7.680454 -114.755052 438.524886 890.125518 0.628376 0.774521 0.072534 0.292572 -0.321700 0.900506 -0.720795 0.544634 0.428752
4.457816 -111.077431 -2010.099055 11828.266572 0.826638 0.536874 0.168629 -0.234037 0.600509 -0.764602 0.511758 -0.592583 -0.622052
8.632771 -103.752629 1661.931471 11816.694061 -0.792747 -0.571179 -0.212852 -0.242075 0.615487 -0.750050 0.559421 -0.543074 -0.626194
4.463571 -101.288050 1225.956073 12018.848365 -0.799504 -0.569866 -0.189861 -0.365372 0.712275 -0.599305 0.476757 -0.409777 -0.777680
-2.143229 -117.634254 596.110848 11026.592936 -0.772340 -0.608345 -0.182776 -0.321994 0.622982 -0.712891 0.547550 -0.491742 -0.677037
0.808246 -8.829359 731.022780 205.054568 0.487489 -0.784657 -0.382972 0.678016 0.063832 0.732270 -0.550135 -0.616635 0.563128
1.337883 -9.706280 724.230632 -93.575991 0.237569 -0.777326 -0.582517 0.818403 -0.162853 0.551086 -0.523238 -0.607654 0.597477
-1.519968 -7.125786 309.674004 366.852136 0.434821 -0.801050 -0.411399 0.731795 0.048087 0.679826 -0.524792 -0.596663 0.607114
-1.418664 -8.534745 332.755771 -469.009370 0.631594 -0.751374 -0.191118 -0.551293 -0.261925 -0.792131 -0.545128 -0.605667 0.579657
-2.145104 -6.649617 55.268879 -534.158810 0.618579 -0.763101 -0.187182 -0.575382 -0.277711 -0.769293 -0.535066 -0.583570 0.610860
-2.437915 -5.267737 -80.600607 254.475825 0.376393 -0.814164 -0.442115 0.769878 0.009400 0.638122 -0.515380 -0.580559 0.630345
7.423846 -359.827032 1691.221782 20743.362366 0.839169 0.518803 0.163214 0.084716 -0.421123 0.903039 -0.537232 0.743975 0.397344
16.559213 -339.596301 1512.484011 -19914.922456 0.823202 0.544017 0.162433 -0.163422 -0.046944 0.985439 -0.543720 0.837760 -0.050260
6.434916 -566.598372 3472.702536 -110325.401662 0.866909 0.483005 0.123192 -0.193835 0.098960 0.976030 -0.459236 0.870008 -0.179412
2.347802 -299.856167 748.602204 -41150.899951 0.846452 0.509562 0.154486 -0.196427 0.029155 0.980085 -0.494909 0.859940 -0.124770
3.863475 -280.614457 2037.159032 1540.804821 0.853364 0.485704 0.189370 0.013255 -0.383353 0.923507 -0.521147 0.785577 0.333577
-1339.962902 -13671.118444 -163730.488200 300340.663617 0.601477 0.780191 -0.171836 0.776808 -0.520940 0.353825 0.186534 -0.346301 -0.919391
-123.732595 -3197.248095 -16647.924732 -336405.237627 0.267191 0.854026 -0.446374 0.235934 -0.507093 -0.828971 0.934315 -0.116179 0.336984
-8689.628955 -12641.234909 -1165369.257370 -1028323.682386 0.589944 0.703878 -0.395628 0.035539 -0.512137 -0.858168 0.806661 -0.492211 0.327147
-315.228623 -6847.756816 69263.160762 4925431.464643 -0.605157 -0.704372 0.371006 0.795263 -0.556307 0.240997 0.036642 0.440888 0.896814
-7.042834 -23.935527 703.424532 -248.379396 -0.405934 -0.381054 -0.830672 0.256465 0.824907 -0.503740 0.877179 -0.417523 -0.237130
-1.188650 -22.544055 1792.871168 -52.205484 -0.490070 -0.462108 -0.739112 0.296430 0.709029 -0.639849 0.819732 -0.532666 -0.210491
1.368663 -21.279794 1971.115727 -39.562730 -0.492548 -0.426758 -0.758468 0.245383 0.768056 -0.591504 0.834975 -0.477459 -0.273585
8.018230 -18.878671 2433.722979 219.159145 -0.499818 -0.487161 -0.716140 0.185933 0.747201 -0.638060 0.845938 -0.452068 -0.282885
-1.541552 -21.090445 1401.031243 -283.703669 -0.462353 -0.354988 -0.812536 0.214456 0.844389 -0.490934 0.860371 -0.401238 -0.314276
-11.723144 -27.061079 561.384380 -6.118593 0.932633 0.190361 -0.306527 -0.239804 0.961758 -0.132347 0.269611 0.196938 0.942616
-12.719758 -26.719278 210.968595 -126.701812 0.959315 0.174908 -0.221637 -0.207799 0.968831 -0.134857 0.191141 0.175426 0.965759
-12.510613 -26.010044 311.372511 28.279401 0.950376 0.175368 -0.256964 -0.189696 0.981326 -0.031868 0.246577 0.079032 0.965895
-11.682954 -27.691349 364.505063 127.834451 0.947075 0.188959 -0.259507 0.257957 -0.929141 0.264869 0.191069 0.317792 0.928709
-3.297879 -37.388820 342.671348 394.824454 0.758756 0.502950 -0.413921 0.522971 -0.091545 0.847420 -0.388318 0.859454 0.332489
-3.552010 -35.790307 141.847234 164.107618 0.731008 0.531887 -0.427462 0.571359 -0.134618 0.809584 -0.373064 0.836046 0.402306
-3.079239 -35.372920 421.438480 399.058602 0.750430 0.500572 -0.431604 0.595504 -0.228755 0.770095 -0.286757 0.834925 0.469757
-7.016295 -17.308523 160.080964 -362.154954 -0.038697 -0.713783 -0.699297 0.963787 -0.211447 0.162495 -0.263850 -0.667686 0.696117
-6.800395 -17.348797 -9.888595 -400.936891 0.037296 -0.754370 -0.655389 0.958880 -0.157635 0.236008 -0.281350 -0.637242 0.717471
-5.886840 -15.603198 204.326934 -541.055946 -0.051615 -0.715190 -0.697022 0.937465 -0.275277 0.213032 -0.344232 -0.642438 0.684674
-6.047702 -118.471112 -88.036333 14979.680785 0.907450 -0.389470 -0.157631 0.198399 0.066490 0.977863 0.370367 0.918636 -0.137607
-1.079187 -49.196878 -398.610393 4475.585127 0.861092 -0.412563 -0.297174 0.332007 0.013573 0.943179 0.385088 0.910828 -0.148662
-10.174773 -187.302516 -1940.212391 -30821.611382 0.892928 -0.431596 -0.128082 0.164382 0.047706 0.985243 0.419116 0.900805 -0.113544
0.603412 -149.039423 -606.392560 21386.893084 0.916377 -0.361907 -0.171100 0.244824 0.168502 0.954813 0.316723 0.916859 -0.243015
343.917721 -21.348118 -51425.746171 -458.801781 0.931617 0.322176 -0.168203 -0.338101 0.598470 -0.726307 0.133334 -0.733509 -0.666473
156.253416 -23.880005 -32021.316325 -241.781444 0.870488 0.330698 -0.364541 -0.479196 0.400371 -0.781072 0.112347 -0.854601 -0.506987
130.362223 -22.284128 -22174.972025 -696.305404 0.869927 0.424090 -0.251744 -0.407748 0.331326 -0.850861 0.277433 -0.842835 -0.461151
46.006410 -27.439639 -7441.934429 -1092.811448 0.769898 0.494954 -0.402837 -0.544269 0.179672 -0.819445 0.333209 -0.850140 -0.407717
39.058539 -23.502218 -6128.852856 -522.169300 0.760204 0.586528 -0.279418 -0.441141 0.150270 -0.884767 0.476952 -0.795867 -0.372978
-15.274335 -38.000700 -290.265436 -2434.185751 0.512129 0.855172 0.080033 0.857036 -0.502638 -0.113331 -0.056690 0.126631 -0.990329
-17.741507 -42.814565 -509.340595 -1602.166095 0.492070 0.858134 0.146539 0.868413 -0.495657 -0.013508 0.061041 0.133903 -0.989113
-15.577697 -44.238411 -94.956852 2682.809019 0.475279 0.874514 0.096617 -0.876503 0.480164 -0.034431 0.076503 0.068321 -0.994726
-15.716374 -31.349879 -868.790082 -1473.633411 0.571141 0.816989 0.079547 0.812460 -0.548818 -0.196745 -0.117081 0.176998 -0.977222
-11.335455 -37.191404 -423.128406 3273.351989 0.514042 0.857631 0.015161 -0.853977 0.510033 0.102902 -0.080520 0.065843 -0.994576
-13.081358 -31.022271 -727.947521 1802.056309 0.637735 0.770253 0.002014 -0.755214 0.624765 0.198294 -0.151478 0.127980 -0.980141
3.667356 -71.000575 -3024.714015 -6005.663058 0.673996 -0.643674 -0.362508 0.632994 0.250221 0.732603 0.380851 0.723238 -0.576090
-26.116545 -74.856543 -6768.030204 -4116.785253 0.734953 -0.569755 -0.367727 0.546762 0.177128 0.818338 0.401118 0.802499 -0.441701
-28.643644 -58.384030 -6306.811947 -5036.083270 0.731828 -0.573916 -0.367488 0.638367 0.388540 0.664472 0.238568 0.720872 -0.650714
-3.316502 -51.955392 4592.176530 -4917.103926 -0.672571 0.605029 0.426133 0.717211 0.391015 0.576815 0.182366 0.693576 -0.696918
-31.088764 -42.191052 -648.125952 -964.204332 0.982375 0.185477 0.023166 -0.171721 0.846596 0.503772 -0.073826 0.498872 -0.863526
-29.334815 -41.463059 -763.374202 173.985611 0.985097 0.003247 -0.171968 0.115179 0.730088 0.673576 -0.127739 0.683345 -0.718834
-32.724727 -45.153628 -494.956693 -47.800485 0.999232 -0.003437 0.039040 -0.022680 0.761680 0.647556 0.031961 0.647944 -0.761017
-33.653615 -43.605695 -562.947341 -1521.723408 0.969133 0.145441 0.199068 -0.212902 0.900869 0.378296 0.124314 0.409001 -0.904027
12.031115 -18.874032 -602.951375 1093.660645 0.419562 -0.876630 0.235559 0.892876 0.351810 -0.281073 0.163525 0.328253 0.930328
28.631761 -13.507113 1923.778782 1340.731774 0.539414 -0.822214 0.181653 0.804623 0.439712 -0.399043 0.248223 0.361411 0.898759
40.730200 -11.886123 -6331.136450 1066.039978 0.075306 -0.932790 0.352466 0.959834 -0.027998 -0.279169 0.270274 0.359332 0.893215
25.804182 -18.102549 -5480.598469 721.042823 -0.011676 -0.947936 0.318246 0.988059 -0.059838 -0.141983 0.153634 0.312788 0.937315
51.158987 -17.163689 6475.398622 1187.876788 0.217457 0.957016 -0.191921 0.946204 -0.254956 -0.199239 0.239606 0.138270 0.960974
72.983964 -9.470504 9922.665875 846.974845 0.083089 0.949310 -0.303162 0.952932 -0.164696 -0.254550 0.291576 0.267743 0.918312
24.763313 -31.738400 -4023.276460 396.828949 0.221774 0.760893 0.609802 0.724573 0.289911 -0.625257 0.652541 -0.580512 0.487028
-2.498340 -32.537738 -249.479047 530.635644 0.137488 0.758162 0.637407 0.764414 0.328019 -0.555045 0.629896 -0.563555 0.534450
29.347904 -32.018935 5199.234245 -700.695644 -0.212283 -0.737896 -0.640660 0.824758 0.216344 -0.522464 0.524128 -0.639300 0.562660
281.216459 -41.111756 37796.656438 -3234.199429 -0.269290 -0.726337 -0.632390 0.795266 0.202640 -0.571392 0.543171 -0.656788 0.523063
-2.732587 -48.855053 -603.805342 -4234.772937 -0.077792 -0.570605 -0.817532 -0.387251 0.772922 -0.502621 0.918687 0.277491 -0.281094
-4.050021 -36.957590 -203.630166 -3541.296654 -0.081924 -0.622452 -0.778358 -0.310461 0.758063 -0.573545 0.947049 0.194663 -0.255351
-5.256944 -51.852220 -318.201026 -4448.840120 -0.088807 -0.588991 -0.803246 -0.496057 0.725461 -0.477110 0.863736 0.356085 -0.356599
-3.933770 -63.571470 -611.938311 -4325.542115 -0.068986 -0.579107 -0.812327 -0.623703 0.660548 -0.417937 0.778611 0.477820 -0.406759
-6.209813 -65.203316 -159.298090 -4014.970365 -0.096062 -0.610714 -0.786003 -0.680481 0.616597 -0.395922 0.726442 0.496827 -0.474811
-5.447804 -69.966543 437.910009 -2465.655730 0.191982 0.865010 0.463574 0.818610 0.119396 -0.561802 0.541313 -0.487343 0.685184
-5.086781 -61.846967 -495.323688 -1994.806846 -0.228092 -0.869934 -0.437252 0.933655 -0.068052 -0.351648 0.276155 -0.488451 0.827741
-7.119327 -58.194172 -684.698247 -1651.429419 -0.222784 -0.862455 -0.454466 0.895814 0.002784 -0.444421 0.384558 -0.506126 0.771979
-7.345809 -62.513827 445.786946 -2434.535137 0.213997 0.844939 0.490188 0.806762 0.130060 -0.576386 0.550764 -0.518809 0.653831
-1.432530 -41.672002 257.586249 -432.576796 0.209606 0.603163 0.769584 -0.754154 0.600685 -0.265385 0.622348 0.524758 -0.580785
-0.072096 -43.060738 389.960482 194.552905 0.207044 0.590292 0.780185 0.802842 -0.558241 0.209312 0.559086 0.583029 -0.589491
-0.952204 -41.057641 -495.717460 -630.729003 -0.190454 -0.598422 -0.778215 -0.681970 0.650868 -0.333597 0.706147 0.467184 -0.532067
-1.374453 -43.812284 225.819809 56.298398 0.231044 0.591557 0.772450 0.875293 -0.473043 0.100461 0.424831 0.652909 -0.627079
-1.739019 -40.047516 -203.099185 -593.603464 -0.192439 -0.617927 -0.762321 -0.618741 0.679366 -0.394490 0.761660 0.395764 -0.513073
-2.458671 -39.312420 -61.984554 -312.698741 -0.210943 -0.626379 -0.750435 -0.679915 0.645591 -0.347748 0.702296 0.436877 -0.562067
-2.646119 -41.171964 -71.645075 167.349737 0.232541 0.623744 0.746236 -0.790289 0.568401 -0.228831 0.566893 0.536529 -0.625115
-8.768364 -24.612834 657.148241 -384.371830 0.366683 0.758283 0.539027 -0.563091 -0.280322 0.777399 -0.740589 0.588580 -0.324193
-9.284777 -24.430531 418.979504 -543.535330 0.314401 0.782664 0.537204 -0.605340 -0.270621 0.748551 -0.731243 0.560536 -0.388694
-9.661026 -24.827219 509.953038 -55.493047 0.318872 0.784559 0.531779 -0.502330 -0.335891 0.796770 -0.803732 0.521195 -0.287001
8.856879 -130.375487 1846.446907 9541.838009 0.181785 0.725415 -0.663873 0.975413 -0.218565 0.028266 -0.124595 -0.652688 -0.747311
9.106244 -116.691885 1698.515315 12892.943657 0.110697 0.742988 -0.660088 0.960436 0.090811 0.263281 0.255557 -0.663116 -0.703539
3.873653 -102.605252 1003.699557 5299.829809 0.155913 0.729727 -0.665725 0.986882 -0.086493 0.136320 0.041895 -0.678246 -0.733640
5.818173 -109.011319 1013.643875 2762.465249 0.194448 0.715488 -0.671020 0.935443 -0.341119 -0.092652 -0.295189 -0.609685 -0.735628
1.268928 -102.961223 385.376031 1798.676934 0.210216 0.716675 -0.664971 0.958095 -0.286391 -0.005778 -0.194582 -0.635891 -0.746847
-1.563707 -95.692538 620.725953 2684.714052 0.160362 0.748972 -0.642904 0.969833 0.001593 0.243764 0.183596 -0.662600 -0.726122
-9.560797 -25.794317 -699.570147 -129.841973 -0.224365 0.895456 0.384473 -0.657622 -0.430280 0.618379 -0.719162 0.114095 -0.685411
-11.643599 -25.659134 112.107844 -283.248347 -0.095125 0.925537 0.366515 -0.669907 -0.331857 0.664151 -0.736326 0.182354 -0.651591
-8.825986 -23.977330 -354.924858 -447.651217 -0.166702 0.911154 0.376841 -0.751576 -0.364809 0.549589 -0.638235 0.191607 -0.745616
-5.060072 -22.685532 -1231.946907 -563.495258 -0.245765 0.901618 0.355928 -0.791891 -0.398515 0.462703 -0.559024 0.168140 -0.811924
-3.974076 -24.936612 -1442.997778 -266.308275 -0.273662 0.888965 0.367219 -0.700427 -0.445849 0.557334 -0.659175 0.104689 -0.744667
-8.392042 -22.318432 -367.400118 -682.863248 -0.179451 0.909316 0.375422 -0.809534 -0.353327 0.468845 -0.558975 0.219782 -0.799527
-8.982992 -22.700262 329.588121 -579.155859 -0.082472 0.921659 0.379134 -0.823610 -0.277232 0.494782 -0.561128 0.271453 -0.781952
4.606776 -692.348157 -625.462988 -166820.247909 -0.375435 -0.636923 0.673333 -0.389484 0.767635 0.508959 -0.841042 -0.071171 -0.536268
2.616996 -315.492004 1390.893863 -34959.288943 -0.288410 -0.639874 0.712307 -0.360355 0.761760 0.538392 -0.887110 -0.101406 -0.450281
2.353857 -310.627777 825.290729 -17371.741243 0.330801 0.647585 -0.686444 -0.754362 0.618509 0.219965 -0.567018 -0.445062 -0.693116
2.554795 -208.821911 -51.523228 -11200.433917 -0.320224 -0.610947 0.724017 0.077512 0.744802 0.662768 -0.944166 0.268354 -0.191148
0.069357 -233.762753 1898.522749 27210.748723 0.353524 0.694425 -0.626733 -0.065499 0.686730 0.723956 -0.933129 0.214886 -0.288260
-7.135518 -26.491043 -1375.784985 -148.546659 -0.285354 0.875661 0.389603 -0.597820 -0.480354 0.641772 -0.749122 0.049780 -0.660559
-0.423010 -26.267571 -1918.142587 -165.361765 -0.311141 0.872071 0.377735 -0.625759 -0.487135 0.609201 -0.715274 0.046824 -0.697274
-7.939715 -18.162169 -398.441848 -363.129811 0.120519 0.983034 0.138274 0.272011 -0.166660 0.947752 -0.954717 0.076610 0.287481
-8.853253 -19.413520 -97.726560 -345.284362 0.145798 0.988677 0.035519 0.291704 -0.077268 0.953383 -0.945332 0.128641 0.299666
-7.872608 -17.459598 -364.871520 -189.819668 0.156214 0.967132 0.200633 0.183621 -0.228021 0.956185 -0.970505 0.112529 0.213206
-9.093762 -18.858861 -199.725541 -340.244134 0.188675 0.974929 0.117963 0.210908 -0.157545 0.964727 -0.959124 0.157140 0.235345
-6.016054 -16.662913 -445.023078 -299.447214 0.120061 0.955768 0.268501 0.221376 -0.289422 0.931251 -0.967770 0.052367 0.246333
-8.504221 -18.782148 -71.770823 -139.206637 0.222718 0.939720 0.259466 0.099917 -0.286753 0.952780 -0.969749 0.186276 0.157759
-6.986302 -17.283822 -388.391089 91.586270 0.167561 0.939798 0.297832 0.082565 -0.314419 0.945687 -0.982398 0.133870 0.130279
-5.522062 -15.967937 -468.882768 -95.086674 0.135657 0.939460 0.314662 0.139830 -0.332574 0.932653 -0.980839 0.082521 0.176480
16.920046 -94.098101 1033.050357 4848.177985 0.393335 0.824508 0.406785 0.039770 -0.457293 0.888427 -0.918535 0.333271 0.212660
130.245447 -335.538612 23446.619081 81192.973671 0.446878 0.793214 0.413657 -0.311421 -0.295539 0.903146 -0.838640 0.532418 -0.114954
15.407114 -134.080186 1084.947259 15973.287480 0.458540 0.773306 0.437879 -0.074344 -0.457626 0.886031 -0.885559 0.438835 0.152349
12.439773 -180.287591 1368.841955 21636.416894 0.452589 0.729894 0.512268 -0.419461 -0.332686 0.844614 -0.786903 0.597139 -0.155592
7.737670 -87.417449 483.914101 3530.923212 0.435131 0.769148 0.468052 0.190047 -0.586594 0.787267 -0.880081 0.253613 0.401420
-126.796817 -256.352062 -9412.859974 -33104.771869 0.564952 -0.593998 0.572709 0.532476 0.792675 0.296878 -0.630317 0.137232 0.764113
-220.163725 -577.749416 -22027.394491 -95540.611476 -0.126736 0.978367 0.163514 0.767487 -0.007714 0.641018 -0.628412 -0.206735 0.749906
-162.023859 -325.923429 -9684.083822 -42787.760132 -0.214526 0.970774 -0.107594 0.937030 0.235639 0.257778 -0.275597 0.045519 0.960195
-163.334559 -509.164191 4261.823713 -86329.712218 -0.570097 -0.768030 0.291752 0.756120 -0.351579 0.551973 -0.321358 0.535278 0.781157
-130.310550 -262.203013 -15161.372705 -10335.741500 0.189319 0.970489 0.149366 0.946116 -0.139594 -0.292194 0.262720 -0.196636 0.944623
-145.498237 -260.068273 -14021.458677 -14164.547877 0.076584 0.988713 -0.128769 0.959400 -0.108235 -0.260457 0.271454 0.103594 0.956860
-108.088921 -1752.131010 -17941.548542 -367077.845986 -0.273643 -0.810448 0.517972 0.961697 -0.221525 0.161451 -0.016104 0.542311 0.840023
-19.353227 -42.129127 1626.196963 342.118563 0.320439 0.947080 0.018903 0.192662 -0.045622 -0.980204 0.927470 -0.317738 0.197085
-13.210526 -40.620934 2388.026544 -111.197095 0.230848 0.971413 0.055365 0.344418 -0.028365 -0.938388 0.909992 -0.235694 0.341120
-26.153211 -35.995498 -16.373262 -390.814319 0.724826 -0.683102 -0.089437 -0.662227 -0.655039 -0.363840 -0.189955 -0.322948 0.927158
-27.011638 -36.652131 -221.641223 299.950306 -0.645813 0.763262 -0.018866 0.698231 0.600425 0.389825 -0.308866 -0.238581 0.920696
-29.283580 -36.889000 -518.670305 -634.928073 -0.506456 0.861308 0.040632 0.693803 0.379075 0.612323 -0.511996 -0.338305 0.789563
-12.472640 -68.280253 670.917067 -11.467143 0.566141 0.717550 0.405718 0.070492 0.448245 -0.891127 0.821289 -0.533103 -0.203189
-8.822646 -70.711283 753.635071 613.056985 0.529537 0.753722 0.389223 -0.069733 0.495958 -0.865542 0.845416 -0.431195 -0.315187
-12.107625 -69.401512 887.996176 -1181.028889 0.526104 0.765687 0.370052 0.187142 0.320236 -0.928669 0.829574 -0.557829 -0.025185
-14.443042 -66.964811 556.630299 -774.714625 0.582146 0.715249 0.386685 0.277939 0.271878 -0.921321 0.764105 -0.643818 0.040523
-9.381385 -24.586021 -768.836414 -292.711270 -0.821188 -0.408260 0.398716 -0.397151 0.910592 0.114424 -0.409782 -0.064387 -0.909908
34.853493 -47.898555 -314.961177 -2129.694007 0.474148 0.874749 -0.099992 0.719498 -0.319509 0.616634 -0.507451 0.364320 0.780874
33.039945 -49.015945 213.407053 -1741.679098 -0.511991 -0.843339 0.163230 0.788643 -0.386182 0.478440 -0.340451 0.373687 0.862816
28.529447 -54.116157 -346.587340 -1644.301295 0.405970 0.909325 -0.091195 0.852963 -0.341190 0.395024 -0.328090 0.238154 0.914133
27.110206 -51.329963 -6.915113 -919.575592 -0.476371 -0.858992 0.187624 0.870556 -0.430877 0.237649 -0.123296 0.276546 0.953058
-4.228542 -52.365362 87.531144 674.775792 0.166237 0.970216 -0.176197 0.764241 -0.239680 -0.598739 0.623137 0.035124 0.781323
-4.913801 -52.878642 196.365360 276.239740 0.181406 0.965374 -0.187468 0.894466 -0.241195 -0.376504 0.408683 0.099383 0.907249
-0.631824 -59.773971 -219.571147 1733.189342 0.210724 0.977317 0.021132 -0.499804 0.126293 -0.856881 0.840114 -0.170004 -0.515080
1.633027 -58.575986 -184.879871 1933.696486 0.205449 0.976409 0.066458 -0.536391 0.169143 -0.826846 0.818581 -0.134227 -0.558487
3.744677 -53.392451 4.621976 850.347849 0.179686 0.981410 0.067430 -0.719426 0.177851 -0.671413 0.670924 -0.072133 -0.738009
28.950934 -23.203117 -1789.061791 416.250859 0.301260 0.811458 0.500777 -0.411109 0.584390 -0.699627 0.860367 -0.004896 -0.509651
21.437454 -16.028271 -2729.285708 783.440533 0.452135 0.798564 0.397328 -0.471594 0.592130 -0.653438 0.757082 -0.108064 -0.644321
25.640887 -18.030715 -2885.835325 -735.471552 0.505422 0.709885 0.490522 -0.273561 0.670976 -0.689170 0.818360 -0.214134 -0.533323
13.191446 -71.274946 -1135.101248 -941.863208 0.574395 0.756240 0.313324 -0.739696 0.643456 -0.197014 0.350600 0.118601 -0.928985
21.351742 -74.513412 -2769.186051 -587.488115 0.570800 0.783456 0.245734 0.819586 -0.561740 -0.112810 0.049657 0.265792 -0.962751
7.627699 -80.989739 -771.502593 -1090.492584 0.501482 0.826399 0.256087 -0.821342 0.547759 -0.159239 0.271869 0.130479 -0.953448
47.111080 -45.261683 -7834.281614 -47.264555 0.839637 0.447436 0.307914 -0.513860 0.838025 0.183472 0.175948 0.312274 -0.933556
8.579390 -67.290836 -509.732079 455.906355 0.563406 0.742236 0.362849 -0.633549 0.670033 -0.386873 0.530272 0.011916 -0.847744
13.264274 -55.770942 737.253669 -153.855412 -0.659714 -0.615051 -0.431845 -0.624926 0.768147 -0.139349 0.417427 0.177941 -0.891118
15.912158 -97.282355 990.900034 12956.062712 -0.748254 -0.605198 -0.271755 -0.257782 0.642679 -0.721465 0.611281 -0.469785 -0.636897
12.607383 -269.455656 -2017.022626 43527.881367 0.751222 0.616745 0.235140 -0.111411 0.469615 -0.875814 0.650579 -0.631733 -0.421497
12.904206 -76.575325 1079.524459 9166.999669 -0.765110 -0.590374 -0.257031 -0.349425 0.715976 -0.604384 0.540841 -0.372608 -0.754092
17.715904 -119.618093 -1528.892805 13120.279147 0.714620 0.629825 0.304365 -0.198551 0.599846 -0.775088 0.670742 -0.493462 -0.553715
17.327143 -64.513983 949.123879 5482.629493 -0.723417 -0.612958 -0.317726 -0.300549 0.693894 -0.654356 0.621561 -0.377880 -0.686198
4.958235 -10.369076 963.770878 -89.921094 0.358164 -0.787688 -0.501264 0.740437 -0.087413 0.666418 -0.568746 -0.609841 0.551925
6.728338 -13.508809 852.474443 -414.474911 0.177065 -0.776405 -0.604850 0.814694 -0.229183 0.532681 -0.552198 -0.587086 0.591952
3.422229 -13.052396 820.188047 -452.288364 0.083637 -0.741354 -0.665882 0.863777 -0.279263 0.419407 -0.496885 -0.610252 0.617008
0.371882 -11.118978 510.943662 -533.889710 -0.007072 -0.711296 -0.702857 0.881631 -0.336120 0.331285 -0.471886 -0.617318 0.629478
-541.859151 -9321.985860 -47071.585742 1094445.342968 0.675826 0.661647 -0.324779 -0.092189 0.513062 0.853386 -0.731273 0.546800 -0.407738
-128.708054 -3567.178573 -14003.580150 -796228.987554 0.900812 0.410749 0.140794 -0.416017 0.723562 0.550806 -0.124370 0.554746 -0.822672
-237.337473 -2742.816049 -32792.400356 918886.180743 0.793661 0.373939 -0.479866 0.594608 -0.310043 0.741832 -0.128621 0.874095 0.468417
-9.116483 -24.264323 336.015540 23.194025 -0.403408 -0.508677 -0.760598 0.289308 0.717687 -0.633424 0.868080 -0.475576 -0.142356
-13.463791 -25.641893 -177.823211 -111.366850 0.968381 0.179416 -0.173342 -0.181773 0.983338 0.002315 0.170869 0.029267 0.984859
-13.559006 -27.323655 -168.088113 168.858540 0.971040 0.165716 -0.172101 0.203875 -0.950308 0.235266 0.124562 0.263540 0.956573
-13.428767 -26.457995 -220.726434 190.727443 0.973200 0.190513 -0.128785 0.204504 -0.973128 0.105829 0.105163 0.129330 0.986009
-25.894304 -83.018724 -3298.192663 -184.406380 0.859309 -0.429668 -0.277442 0.286778 -0.044387 0.956968 0.423493 0.901895 -0.085077
-48.478561 -154.638054 -5064.651946 -18754.366956 0.820737 -0.449083 -0.353150 0.336166 -0.120187 0.934102 0.461933 0.885370 -0.052325
-31.242935 -126.645692 -351.740990 -18972.524424 -0.571025 0.324825 0.753936 0.690999 -0.305665 0.655050 0.443228 0.895018 -0.049911
81.915188 -25.451763 -12683.419006 268.858928 0.818452 0.426395 -0.385128 -0.553408 0.404743 -0.727958 0.154520 -0.808932 -0.567233
-16.808713 -45.384149 456.131767 1140.960352 0.464871 0.870018 0.164206 -0.857120 0.488709 -0.162813 0.221899 0.065057 -0.972897
-17.367183 -45.078021 91.013732 -85.582570 0.519637 0.822649 0.230707 -0.807378 0.561139 -0.182383 0.279496 0.091495 -0.955777
-18.420784 -36.732100 -1108.230063 -1938.317333 0.469146 0.864242 0.181623 0.882971 -0.455258 -0.114464 -0.016239 0.214068 -0.976684
-19.793193 -42.207105 -839.927549 -1310.736066 0.515167 0.821936 0.242950 0.846184 -0.532827 0.008329 0.136296 0.201289 -0.970003
572.203902 -59.467227 -84557.967935 2951.397238 0.613451 0.752759 0.238815 0.769333 -0.501336 -0.395966 -0.178340 0.426633 -0.886667
308.746946 -59.641446 -51701.970060 -6698.379268 0.550119 0.752640 0.361804 0.832253 -0.458464 -0.311714 -0.068734 0.472593 -0.878597
460.544969 -39.201292 -75460.495747 -2608.091853 0.569630 0.463654 0.678636 0.812037 -0.445028 -0.377553 0.126958 0.766143 -0.630005
452.615398 -49.680310 -85205.031175 -2577.544036 0.467105 0.864019 0.187841 0.871091 -0.413227 -0.265414 -0.151702 0.287603 -0.945659
627.383528 -67.438492 -111362.142467 4645.472037 0.532633 0.557570 0.636724 0.845803 -0.377627 -0.376848 0.030325 0.739265 -0.672731
176.599328 -26.640717 -28432.628502 -1565.736462 0.378234 0.885705 0.269195 0.874769 -0.246838 -0.416954 -0.302851 0.393189 -0.868150
200.510928 -29.030235 -31890.322661 2386.512214 0.393818 0.912877 0.107527 -0.879109 0.339895 0.334123 -0.268466 0.226112 -0.936376
16.178869 -23.122033 3189.472620 -1128.879101 0.715656 -0.693980 0.078917 -0.681858 -0.669694 0.294244 0.151349 0.264388 0.952466
30.472770 -23.349475 4848.509595 -1251.634099 0.798549 -0.597172 0.075527 -0.582640 -0.735341 0.346128 0.151160 0.320406 0.935142
-2.020997 -30.181098 -136.025255 849.537943 0.138807 0.762658 0.631732 0.649472 0.411461 -0.639441 0.747608 -0.499051 0.438212
-4.027628 -30.864801 384.543545 754.105676 0.111407 0.772733 0.624877 0.671492 0.404998 -0.620544 0.732589 -0.488733 0.473764
-4.117213 -32.263339 307.152556 368.423999 0.112527 0.778171 0.617890 0.774484 0.320885 -0.545167 0.622505 -0.539892 0.566573
-1.750597 -32.396792 -367.336267 -844.740360 -0.087916 -0.613752 -0.784588 -0.273736 0.772201 -0.573389 0.957778 0.164360 -0.235895
-1.985003 -26.632029 -198.697924 -473.305982 -0.084190 -0.615456 -0.783662 -0.263422 0.772222 -0.578171 0.961000 0.157757 -0.227138
-3.812939 -26.982865 -85.067935 -423.188051 -0.088679 -0.610462 -0.787065 -0.262795 0.776520 -0.572674 0.960768 0.156053 -0.229287
-2.449290 -61.590263 -297.503992 -2394.191230 -0.219971 -0.868908 -0.443410 0.911591 -0.021271 -0.410548 0.347297 -0.494517 0.796767
-3.312912 -53.376337 -252.447925 -879.340293 -0.259631 -0.865346 -0.428681 0.955693 -0.166474 -0.242769 0.138715 -0.472718 0.870227
-0.279495 -42.017584 -496.069375 -585.272021 -0.183617 -0.607629 -0.772704 -0.668257 0.653649 -0.355211 0.720914 0.451143 -0.526074
1.298491 -45.391184 181.166793 -218.495677 0.207612 0.618535 0.757833 -0.777288 0.574665 -0.256093 0.593903 0.535887 -0.600087
1.367933 -45.775438 285.075246 -125.617542 0.220542 0.594272 0.773435 0.882028 -0.460033 0.101960 0.416398 0.659705 -0.625621
0.238940 -43.910809 341.764005 49.903456 0.227805 0.580967 0.781398 0.894557 -0.441800 0.067681 0.384542 0.683587 -0.620352
-8.430363 -23.778623 455.990711 -137.947890 0.330033 0.776141 0.537293 -0.669376 -0.208911 0.712946 -0.665593 0.594947 -0.450582
-9.739113 -24.877639 -142.797885 -314.787275 0.261300 0.808518 0.527277 -0.624458 -0.274950 0.731064 -0.736053 0.520290 -0.433041
-6.205170 -24.374179 256.143247 -106.086459 0.121576 0.933677 0.336847 -0.698897 -0.160452 0.696992 -0.704814 0.320159 -0.633037
-7.741882 -24.877413 438.263547 -29.101730 0.091327 0.931638 0.351726 -0.641155 -0.215244 0.736608 -0.761958 0.292782 -0.577666
-5.330376 -24.571011 449.663232 22.221034 0.135982 0.920269 0.366897 -0.601559 -0.217554 0.768633 -0.787170 0.325230 -0.524013
-4.274228 -24.315065 414.105676 121.455153 0.146689 0.917439 0.369849 -0.658578 -0.188401 0.728547 -0.738077 0.350445 -0.576568
-6.794756 -25.593942 6.095721 -667.133433 0.272217 0.790123 0.549184 -0.862284 0.453602 -0.225194 0.427041 0.412251 -0.804789
-6.543427 -27.104843 88.122457 697.114277 0.262964 0.772476 0.578040 0.862998 -0.456203 0.217058 0.431376 0.441768 -0.786610
-6.757278 -25.176533 -44.334149 -272.016233 0.255248 0.794908 0.550426 -0.836372 0.467152 -0.286796 0.485109 0.387157 -0.784078
-6.662254 -25.012247 -273.672209 -313.378577 0.268615 0.812098 0.518018 -0.841016 0.459915 -0.284905 0.469615 0.359132 -0.806527
12.524295 -200.409190 1502.628056 32459.346168 0.196114 0.682731 -0.703859 0.976865 -0.073594 0.200796 0.085290 -0.726954 -0.681369
12.317388 -118.972570 928.389013 16617.112096 0.094615 0.693189 -0.714519 0.890438 0.262021 0.372109 0.445161 -0.671442 -0.592450
8.345462 -79.059162 1788.872669 6083.782455 0.042804 0.753156 -0.656448 0.850522 0.317269 0.419467 0.524195 -0.576278 -0.626995
4.327516 -221.694253 556.500576 1359.918950 -0.291241 -0.613872 0.733717 -0.624295 0.703100 0.340449 -0.724868 -0.358903 -0.588009
3.047629 -222.848541 -38.483134 2630.653638 -0.269002 -0.598584 0.754543 -0.244896 0.800181 0.547481 -0.931485 -0.037511 -0.361841
0.482596 -23.364906 -1728.979092 -517.511653 -0.284313 0.889046 0.358837 -0.771727 -0.434302 0.464563 -0.568862 0.144843 -0.809578
-9.315909 -20.395233 56.989478 -507.478657 0.111568 0.993562 -0.019687 0.364964 -0.022540 0.930749 -0.924313 0.111026 0.365129
-7.089514 -49.668496 160.477057 -627.582948 0.305844 0.773018 0.555790 0.376966 -0.634377 0.674880 -0.874274 -0.003106 0.485422
-6.608763 -52.491303 306.603909 -333.704849 0.337522 0.770591 0.540618 0.364625 -0.636512 0.679633 -0.867829 0.032268 0.495814
-7.078274 -49.093880 28.397736 -391.953954 0.291973 0.766738 0.571720 0.207754 -0.634338 0.744617 -0.933590 0.098631 0.344503
28.023439 -121.827824 2019.542865 7568.700156 0.335813 0.896861 0.287871 -0.076235 -0.278738 0.957337 -0.938838 0.343432 0.025232
21.166448 -162.477885 3645.019105 14128.997475 0.431841 0.743005 0.511329 -0.617928 -0.169250 0.767802 -0.657023 0.647533 -0.386034
45.433113 -170.310452 6297.295416 13320.033707 0.453423 0.780279 0.430781 -0.617534 -0.073489 0.783103 -0.642697 0.621099 -0.448527
120.710960 -336.448753 14751.873674 47370.371788 0.400748 0.897787 0.182702 -0.407392 -0.003999 0.913245 -0.820629 0.440412 -0.364149
-99.313753 -162.480272 -10330.119151 -23721.930733 0.569923 -0.464569 0.677763 0.181901 0.875699 0.447284 -0.801311 -0.131632 0.583587
-48.593854 -273.780551 -8288.618076 -41026.404880 0.153474 0.842055 0.517097 0.614406 -0.491162 0.617467 -0.773919 -0.222942 0.592744
-55.516285 -272.227195 -7623.021012 -36390.527108 0.189296 0.835084 0.516528 0.845612 -0.406025 0.346532 -0.499107 -0.371185 0.783016
-30.593048 -43.659137 211.207002 -206.359926 0.456716 0.887991 0.053694 0.199481 -0.043405 -0.978940 0.866959 -0.457809 0.196962
-29.892667 -41.812687 -116.140865 -1445.840528 0.605954 0.777021 -0.170466 0.190310 -0.349662 -0.917343 0.772400 -0.523427 0.359754
-27.408948 -40.064516 -150.858406 1667.520499 0.740545 0.564817 -0.364109 -0.039764 0.577704 0.815277 0.670829 -0.589271 0.450275
-29.268118 -42.963024 38.660949 -773.826648 0.731192 0.621558 -0.281111 -0.014436 -0.397892 -0.917319 0.682019 -0.674794 0.281963
-31.512680 -43.561748 -171.095974 -31.888536 0.608228 0.783575 -0.126765 0.041530 -0.190897 -0.980731 0.792675 -0.591244 0.148651
-25.231583 -35.515523 180.908880 -181.595817 0.736768 -0.641794 -0.212774 -0.663706 -0.626387 -0.408819 -0.129099 -0.442425 0.887465
-5.886871 -66.307204 756.798094 2195.523587 0.560739 0.713776 0.419637 -0.317583 0.653457 -0.687120 0.764665 -0.252025 -0.593102
-1.314116 -56.405489 -636.280221 2645.211267 -0.611026 -0.611444 -0.502776 -0.440225 0.790324 -0.426134 0.657913 -0.039044 -0.752081
-0.972023 -45.595818 -1010.427968 1741.040938 -0.678596 -0.457221 -0.574853 -0.366947 0.889000 -0.273915 0.636284 0.025063 -0.771048
-8.705487 -42.578721 -543.870705 1579.686104 -0.736478 -0.339479 -0.585110 -0.229848 0.939079 -0.255541 0.636215 -0.053714 -0.769640
-13.247747 -28.024090 911.439928 80.675667 0.420088 0.765414 0.487511 0.517267 0.239433 -0.821649 0.745628 -0.597338 0.295341
576.845682 -27.179853 96692.032855 -569.361281 0.316176 0.724908 0.611998 -0.499756 0.675594 -0.542048 0.806397 0.134467 -0.575884
252.655002 -16.455225 -34062.433226 -78.920516 0.834278 0.547032 0.068818 -0.441968 0.738165 -0.509683 0.329612 -0.394802 -0.857605
136.874302 -15.198925 -462.526557 -103.620381 -0.704305 -0.671779 -0.229492 -0.452959 0.674177 -0.583364 0.546610 -0.306916 -0.779115
913.192002 -50.561753 -154008.310775 2133.970563 0.839875 0.377157 -0.390337 -0.538584 0.668332 -0.513089 -0.067360 -0.641159 -0.764446
118.208551 -14.737487 -4955.644711 -524.416843 0.747772 0.651835 0.126282 -0.425305 0.616304 -0.662786 0.509855 -0.441905 -0.738084
517.663071 -42.372539 78382.526470 -4347.278958 0.118543 0.863620 0.490008 -0.437397 0.488446 -0.755052 0.891421 0.124822 -0.435647
504.268982 -18.307685 -95076.801326 -294.743001 -0.176365 -0.672419 -0.718852 -0.459564 0.702068 -0.543968 0.870457 0.234422 -0.432840
1124.114989 -93.195863 -167235.316307 -13856.727004 0.968330 0.231963 -0.092359 -0.229394 0.680529 -0.695887 0.098567 -0.695034 -0.712188
39.152922 -44.880718 876.087321 -742.183940 0.564138 0.811793 -0.150797 0.609960 -0.286646 0.738771 -0.556504 0.508749 0.656870
-3.603528 -57.163551 193.380118 459.719942 0.171650 0.962209 -0.211403 0.851677 -0.252791 -0.459067 0.495159 0.101248 0.862883
-4.675723 -54.547035 -225.553922 -123.653862 -0.207908 -0.955973 0.207098 0.962918 -0.237247 -0.128460 0.171938 0.172711 0.969850
-5.834784 -52.306606 190.173302 -122.314888 0.192583 0.964452 -0.180953 0.967248 -0.217648 -0.130615 0.165356 0.149872 0.974780
-3.870295 -56.346682 224.208817 211.818785 0.193081 0.954824 -0.225900 0.948647 -0.240461 -0.205540 0.250575 0.174614 0.952220
24.872326 -21.817992 -2277.723019 1553.386390 0.274907 0.884514 0.376910 -0.593493 0.464527 -0.657252 0.756433 0.043010 -0.652655
19.681137 -14.407622 -2746.399856 1409.878772 0.389239 0.871594 0.298020 -0.601757 0.485560 -0.634130 0.697411 -0.067493 -0.713487
9.317985 -76.836992 -1520.913101 -2011.265533 0.483282 0.842552 0.237792 0.874886 -0.454926 -0.166186 -0.031843 0.288355 -0.956994
66.237576 -66.344890 -11816.665537 -3140.018070 0.633320 0.761591 0.137424 0.724221 -0.520663 -0.452121 -0.272780 0.385863 -0.881306
90.827034 -62.227163 -17048.749242 1092.889373 0.768445 0.612476 0.185380 -0.627110 0.663110 0.408678 -0.127379 0.430300 -0.893653
1.573190 -8.321676 782.608721 167.249987 0.605112 -0.755078 -0.252382 -0.558388 -0.176555 -0.810574 -0.567488 -0.631415 0.528462
-1.077762 -7.619586 326.319704 -174.720101 0.699962 -0.710468 -0.072715 -0.445549 -0.354837 -0.821935 -0.558157 -0.607722 0.564920
4.326147 -327.502180 -3642.293301 -23687.520160 0.745207 0.662779 0.073418 0.325317 -0.265234 -0.907645 0.582095 -0.700268 0.413267
-3.393249 -249.763197 -538.727092 624.974356 0.734617 0.669062 0.112663 0.559948 -0.504091 -0.657533 0.383139 -0.546121 0.744954
1.472251 -362.269538 -93.452813 -54852.036460 0.713626 0.683235 0.154683 0.472989 -0.307061 -0.825830 0.516739 -0.662497 0.542289
-6.666176 -261.571993 -1186.928830 -26758.793834 0.685268 0.716046 0.132988 0.512354 -0.344207 -0.786775 0.517592 -0.607288 0.602743
-0.757204 -577.934662 -226.881582 -104892.013641 0.677147 0.719919 0.152279 0.284428 -0.065214 -0.956477 0.678655 -0.690988 0.248924
-13172.347933 -40147.151094 5383591.577069 -28367519.254274 0.097949 0.216168 0.971431 0.810195 -0.584167 0.048300 0.577919 0.782317 -0.232357
