14262
28513
-38.009553 -62.615454 -3019.383007 9268.538277 -0.221759 0.974736 -0.026705 0.953555 0.211053 -0.214916 0.203850 0.073124 0.976267
-46.056992 -67.303467 127.843222 6287.556998 -0.016736 -0.985511 0.168784 0.995427 -0.032300 -0.089895 0.094044 0.166508 0.981545
-46.198676 -81.403277 2210.907581 9727.489652 0.412508 -0.908882 0.061405 0.909957 0.407966 -0.074447 0.042612 0.086586 0.995333
-39.552109 -53.798652 112.816566 5274.007985 0.251687 0.946485 -0.202037 0.944601 -0.285681 -0.161601 0.210671 0.150171 0.965954
-26.259229 -87.531358 -7602.501455 15838.847625 -0.390579 0.917890 0.070186 0.907677 0.396703 -0.136926 0.153526 -0.010225 0.988092
-21.642433 -62.604327 -7573.859444 12618.295369 -0.259504 0.962378 0.080542 0.919654 0.271715 -0.283562 0.294779 -0.000486 0.955565
-32.859380 -43.849002 -1939.763464 5173.148010 0.166183 0.977894 -0.126914 0.935579 -0.197024 -0.293043 0.311570 0.070039 0.947638
-50.824941 -74.034021 -1457.381973 -1564.900618 -0.565668 -0.550081 0.614354 0.698993 0.075432 0.711139 -0.437526 0.831698 0.341833
-50.238481 -69.828998 926.658471 -862.727991 -0.516360 -0.508565 0.689009 0.667056 0.265694 0.696019 -0.537037 0.819004 0.202047
-51.210172 -69.982835 -1194.051256 -1222.960406 -0.501241 -0.600729 0.622802 0.632516 0.236795 0.737463 -0.590492 0.763579 0.261280
-1.528598 -45.412388 -3087.808220 133.698120 0.074379 0.997164 0.011492 0.752460 -0.048557 -0.656845 0.654424 -0.057503 0.753938
0.126685 -46.158272 -1005.250091 1352.090592 0.063514 0.997920 -0.010994 0.800398 -0.057516 -0.596703 0.596095 -0.029100 0.802387
0.949107 -44.958263 -140.328100 939.042010 0.046193 0.998898 -0.008350 0.734627 -0.039633 -0.677313 0.676897 -0.025153 0.735648
7.061250 -57.306859 40.528830 1377.166211 0.332579 0.905730 0.262762 -0.202326 0.340660 -0.918158 0.921116 -0.252196 -0.296549
5.795915 -53.679817 -666.578214 1682.727393 0.358427 0.906269 0.224067 -0.239907 0.321371 -0.916060 0.902205 -0.274586 -0.332608
5.414794 -57.336616 -359.116722 114.451122 0.352480 0.900258 0.255523 -0.096813 0.306662 -0.946882 0.930798 -0.309019 -0.195249
7.369161 -52.889316 -420.379775 2624.590879 0.343902 0.911796 0.224409 -0.361849 0.349212 -0.864359 0.866485 -0.216052 -0.450027
5.811058 -59.095675 27.580473 908.811913 0.334561 0.897667 0.286815 -0.037059 0.316651 -0.947818 0.941645 -0.306474 -0.139205
7.588702 -58.696889 -447.927485 394.949855 0.335308 0.900520 0.276824 -0.136271 0.337104 -0.931553 0.932201 -0.274634 -0.235749
7.628217 -56.491555 -105.890960 1231.337672 0.326499 0.903925 0.276258 -0.234345 0.360564 -0.902816 0.915686 -0.230029 -0.329554
8.217432 -54.513816 266.031000 2579.023268 0.315881 0.912880 0.258592 -0.358457 0.367170 -0.858309 0.878480 -0.178429 -0.443211
1.503721 -58.924153 -1025.236958 1084.306214 0.032620 0.991860 0.123082 -0.926206 -0.016280 0.376666 -0.375604 0.126286 -0.918136
2.250103 -61.085730 -801.789260 2120.776968 0.047776 0.992203 0.115109 -0.943606 0.007036 0.330996 -0.327606 0.124431 -0.936585
3.067391 -56.298951 -1543.470308 1603.467413 0.035365 0.992843 0.114074 -0.885787 -0.021712 0.463584 -0.462743 0.117440 -0.878679
4.715840 -53.358971 -349.144844 1686.972573 0.052098 0.989798 0.132613 -0.839416 -0.028533 0.542740 -0.540986 0.139594 -0.829366
2.646653 -51.465324 -1436.884809 1687.798133 0.029406 0.992545 0.118277 -0.804925 -0.046644 0.591541 -0.592648 0.112599 -0.797552
-5.598117 -86.553469 2339.918279 6906.018840 -0.002633 0.936039 0.351886 -0.495872 -0.306799 0.812395 -0.868392 0.172351 -0.464964
-2.439318 -86.255896 728.594417 2083.708156 0.001006 0.948805 0.315862 -0.640952 -0.241838 0.728488 -0.767580 0.203185 -0.607895
-8.004357 -96.093841 2258.287169 4489.661619 0.032892 0.951949 0.304484 -0.657796 -0.208746 0.723691 -0.752477 0.224093 -0.619322
-9.569852 -92.912555 2649.588847 8398.487504 -0.000261 0.948430 0.316987 -0.513779 -0.272077 0.813637 -0.857923 0.162649 -0.487354
-7.934683 -81.128430 2066.649971 7976.644259 -0.034697 0.937085 0.347372 -0.379495 -0.333901 0.862840 -0.924543 0.101888 -0.367205
-1.645602 -112.844396 -75.307490 3824.420112 0.328148 0.908867 0.257448 0.598154 0.011015 -0.801305 0.731116 -0.416940 0.540028
-3.318972 -102.158882 -735.865412 -2585.933289 0.357661 0.904844 0.230944 0.451348 0.049005 -0.891002 0.817535 -0.422913 0.390872
-1.447972 -110.118361 323.499956 3719.893421 0.307492 0.915468 0.259553 0.552987 0.050058 -0.831685 0.774373 -0.399266 0.490849
-1.568730 -120.115304 -661.865842 9836.779905 0.278735 0.913163 0.297389 0.728462 0.000755 -0.685086 0.625820 -0.407594 0.664994
0.135646 -83.244220 458.959109 -5739.460682 0.077980 0.963602 0.255717 0.686973 -0.237819 0.686666 -0.722487 -0.122124 0.680513
3.167652 -85.580286 1298.387502 -4669.382807 0.056533 0.968713 0.241659 0.723348 -0.206575 0.658858 -0.688166 -0.137556 0.712395
3.085136 -77.350757 493.270738 444.417954 0.063904 0.958768 0.276914 0.587776 -0.260405 0.765969 -0.806496 -0.113815 0.580182
47.703399 -47.792648 23617.327605 620.505082 0.166844 0.972123 -0.164740 0.238886 0.122249 0.963322 -0.956607 0.200079 0.211830
86.143895 -47.692167 51599.610270 625.509914 0.234977 0.952198 -0.195206 0.110994 0.173230 0.978607 -0.965643 0.251616 0.064983
15.295111 -50.344979 17163.484445 332.122301 0.209391 0.977352 -0.030631 0.129890 0.003247 0.991523 -0.969167 0.211595 0.126269
1.474105 -50.806147 6886.623059 1544.589617 0.157076 0.985339 0.066593 0.249673 -0.104860 0.962636 -0.955505 0.134581 0.262483
2.217366 -47.171140 6862.988233 638.265351 0.150490 0.988436 0.018612 0.353308 -0.071355 0.932782 -0.923323 0.133799 0.359961
37.521642 -44.471056 19011.277065 1065.087329 0.100577 0.977853 -0.183542 0.376918 0.133278 0.916608 -0.920770 0.161370 0.355166
12.019899 -19.854877 2051.210723 -3347.081782 0.122877 -0.991366 -0.045756 0.992394 0.122397 0.013165 -0.007451 -0.047026 0.998866
12.736291 -28.478849 -2534.472477 -3988.011481 -0.113493 0.992723 0.040246 0.991419 0.115803 -0.060653 0.064872 -0.033017 0.997347
8.222978 -25.476870 -896.662377 -3647.476533 -0.141285 0.989032 0.043056 0.989057 0.142888 -0.036741 0.042491 -0.037393 0.998397
7.773048 -18.017721 1332.290261 -2358.538005 0.178525 -0.981821 -0.064467 0.983926 0.177848 0.016144 -0.004385 -0.066313 0.997789
11.576936 -15.981751 1908.650507 -579.829008 0.136761 -0.988566 -0.063515 0.990177 0.134538 0.038072 -0.029091 -0.068098 0.997254
4.257476 -207.474446 1265.165936 -25297.545426 0.854100 -0.006503 0.520069 -0.098605 0.979763 0.174189 -0.510677 -0.200056 0.836174
3.889455 -166.174772 689.192910 -5406.911958 0.848756 0.058755 0.525511 -0.273062 0.899748 0.340427 -0.452826 -0.432436 0.779710
5.446155 -177.155828 717.611853 6944.273691 0.838132 0.074339 0.540378 0.308410 -0.881701 -0.357053 -0.449909 -0.465915 0.761909
6.662879 -238.870731 471.497477 -31570.652914 0.831302 0.015428 0.555607 -0.165123 0.961340 0.220364 -0.530727 -0.274932 0.801711
21.241216 -127.972792 -3785.036199 14665.172201 -0.709789 0.050782 -0.702581 0.011699 0.998110 0.060324 0.704317 0.034598 -0.709042
18.558714 -141.261756 -3526.501149 14857.947688 -0.714939 0.067095 -0.695960 0.213404 0.968828 -0.125823 0.665823 -0.238477 -0.706971
15.157779 -133.147803 -5589.568440 13713.596095 -0.675949 0.065659 -0.734017 0.066392 0.997398 0.028079 0.733952 -0.029753 -0.678550
9.682260 -138.878833 -1199.921417 11485.250119 -0.690150 0.085564 -0.718590 0.138171 0.990298 -0.014787 0.710353 -0.109494 -0.695277
10.239764 -122.720427 -1984.819745 2784.973259 -0.672918 0.080430 -0.735332 -0.028647 0.990492 0.134554 0.739163 0.111608 -0.664216
-11.284766 -32.432472 463.904572 1494.814199 -0.119782 0.925406 0.359549 0.809536 -0.118608 0.574964 -0.574721 -0.359938 0.734942
-11.220905 -34.219510 40.473101 179.820979 -0.130210 0.933884 0.333025 0.764288 -0.119422 0.633720 -0.631592 -0.337044 0.698207
-12.973990 -34.330286 1004.041123 -320.426174 -0.135668 0.926991 0.349689 0.735199 -0.142401 0.662725 -0.664136 -0.347001 0.662203
43.304346 -633.151072 11037.653163 -38205.996852 0.737751 0.004966 0.675055 0.497174 0.672450 -0.548296 0.456664 -0.740126 -0.493632
60.017720 -951.121949 9230.840040 245564.453304 -0.756450 0.115757 -0.643726 0.290102 0.941485 -0.171600 0.586194 -0.316553 -0.745768
50.031381 -528.476315 -345.859023 -107079.303722 0.804962 -0.078483 0.588113 0.469728 0.689858 -0.550865 0.362481 -0.719678 -0.592175
57.511892 -577.933441 8507.068981 -83726.594468 0.767435 -0.015149 0.640948 0.603168 0.355947 -0.713786 0.217330 -0.934384 -0.282303
47.542718 -760.677606 8135.986094 -193851.240520 0.769971 0.111888 0.628193 0.610220 0.158609 -0.776192 0.186484 -0.980981 -0.053847
-14.212114 -30.524190 -1740.519427 -4367.908946 0.216271 0.965484 0.145144 0.757864 -0.259735 0.598481 -0.615523 0.019435 0.787879
-13.549689 -23.471161 -544.348687 -3272.345250 0.172160 0.981055 0.088835 0.726721 -0.187372 0.660884 -0.665009 0.049219 0.745211
-12.826163 -26.238812 -648.487787 -3448.268894 0.204446 0.966385 0.155891 0.728792 -0.256590 0.634841 -0.653501 0.016179 0.756753
-4.555248 -42.229734 3289.209282 714.267225 -0.427849 0.899362 0.089962 -0.106632 0.048611 -0.993110 0.897538 0.434494 -0.075103
-11.662552 -43.526025 2680.972734 733.249133 -0.417386 0.904425 0.088343 -0.017267 0.089305 -0.995855 0.908565 0.417182 0.021658
-14.123476 -41.443634 2690.199329 862.747844 -0.395145 0.904119 0.162573 -0.133434 0.118608 -0.983935 0.908876 0.410490 -0.073773
1.010401 -176.468985 -1037.722487 20282.232572 0.342032 0.907331 0.244468 0.627538 -0.026905 -0.778121 0.699436 -0.419555 0.578587
1.742692 -178.280693 -1000.631213 18156.405704 0.345785 0.905265 0.246835 0.742189 -0.102925 -0.662240 0.574097 -0.412191 0.707468
3.832073 -190.593304 -2557.200704 21343.284061 0.370933 0.892598 0.256275 0.652336 -0.054031 -0.756002 0.660959 -0.447603 0.602315
7.684839 -517.200541 1566.858697 -154675.405935 -0.050437 0.470927 -0.880729 0.998473 0.003892 -0.055098 -0.022519 -0.882164 -0.470404
13.457689 -583.858618 -646.427149 -172967.385416 0.015766 0.512327 -0.858646 0.872479 0.412415 0.262095 0.488397 -0.753283 -0.440493
5.068785 -1055.430746 3960.843528 -341841.504199 0.007288 0.592185 -0.805769 0.794966 0.485382 0.363913 0.606610 -0.643211 -0.467230
15.018848 -960.387829 20957.540117 -277008.682769 -0.254914 0.478515 -0.840263 0.959814 0.230689 -0.159809 0.117368 -0.847234 -0.518091
-4.091926 -66.633751 231.259530 4125.153609 -0.157166 -0.904313 -0.396884 0.984972 -0.114395 -0.129394 0.071611 -0.411256 0.908702
-4.763576 -74.320840 175.293467 10272.969904 -0.117614 -0.904924 -0.408997 0.993058 -0.106638 -0.049630 0.001297 -0.411995 0.911185
-3.511005 -69.795257 52.420957 4324.004412 -0.125779 -0.903513 -0.409688 0.990396 -0.090466 -0.104553 0.057402 -0.418905 0.906214
-5.256636 -70.995778 339.257914 10449.708036 -0.138629 -0.907274 -0.397035 0.990175 -0.119556 -0.072530 0.018337 -0.403189 0.914933
-3.640259 -55.337037 329.496374 -4093.155697 -0.198544 -0.903120 -0.380730 0.971575 -0.130260 -0.197673 0.128928 -0.409155 0.903311
-5.072503 -63.171801 482.730077 3707.258963 -0.174015 -0.905724 -0.386500 0.981432 -0.127352 -0.143435 0.080690 -0.404283 0.911067
-42.170798 -61.179546 -71.187812 366.454544 -0.391989 -0.116088 0.912616 0.461737 0.833183 0.304310 -0.795703 0.540675 -0.272996
-40.681185 -61.755916 788.372142 433.553640 -0.406551 -0.012137 0.913548 0.403367 0.894797 0.191396 -0.819763 0.446307 -0.358885
-39.541929 -60.205142 676.636719 -250.272817 -0.393170 -0.128201 0.910484 0.304524 0.916189 0.260505 -0.867573 0.379687 -0.321178
-9.116002 -27.604552 -2296.073887 15155.196973 -0.350105 0.913151 0.208763 -0.434653 -0.355792 0.827338 -0.829761 -0.198915 -0.521468
-15.190005 -45.581773 1962.665734 12681.191287 -0.259773 0.947301 0.187454 -0.528868 -0.301981 0.793162 -0.807970 -0.106904 -0.579444
-13.246380 -76.054256 -1032.356736 32517.058218 -0.166378 0.985944 -0.015257 -0.482717 -0.067947 0.873137 -0.859827 -0.152635 -0.487237
-11.568813 -52.431316 -6144.317688 29458.503427 -0.366914 0.929002 0.048259 -0.456290 -0.224937 0.860931 -0.810662 -0.293868 -0.506427
-45.353319 -138.258360 -13868.091882 49062.587089 -0.273780 0.946319 -0.171827 -0.507149 0.009757 0.861803 -0.817217 -0.323086 -0.477254
-17.110814 -92.680797 11016.471308 28025.973370 0.003816 0.998489 0.054819 -0.621423 -0.040582 0.782424 -0.783466 0.037052 -0.620329
10.105847 -45.674252 -233.298179 4060.201779 -0.055455 0.711808 -0.700182 0.520607 0.619004 0.588050 -0.851994 0.331909 0.404899
16.378939 -58.395713 34.575099 5315.227164 -0.050761 0.714631 -0.697658 0.406700 0.652804 0.639095 -0.912150 0.251296 0.323778
11.819076 -54.829553 -563.447671 4781.155755 0.019992 0.765662 -0.642932 0.460906 0.563594 0.685512 -0.887223 0.310036 0.341631
30.942638 -45.664287 3250.224706 169.118578 0.020151 0.983976 0.177159 -0.979778 -0.015846 0.199457 -0.199068 0.177595 -0.963759
28.613746 -46.927974 1409.479027 -350.571891 0.040050 0.980016 0.194845 -0.957780 -0.017909 0.286943 -0.284699 0.198111 -0.937923
30.336143 -46.911274 3630.557477 -387.289574 0.024509 0.990168 0.137721 -0.951869 -0.018989 0.305916 -0.305524 0.138590 -0.942045
29.448318 -46.497214 1498.656868 -321.789796 0.001735 0.996789 0.080053 -0.976232 -0.015661 0.216160 -0.216719 0.078526 -0.973071
27.453269 -45.418008 3627.754467 -623.083967 0.003870 0.990736 0.135744 0.995177 0.009490 -0.097635 -0.098019 0.135467 -0.985921
15.190670 -47.420953 -12414.013471 1890.761811 -0.593242 -0.244213 -0.767088 0.247435 0.851434 -0.462424 0.766055 -0.464134 -0.444679
-11.204845 -47.361931 -4231.329790 2357.221824 -0.693320 -0.363487 -0.622242 0.067287 0.827044 -0.558096 0.717482 -0.428808 -0.548948
-7.029925 -44.727854 -5794.729047 2508.992175 -0.660465 -0.338319 -0.670318 0.049170 0.871333 -0.488222 0.749245 -0.355413 -0.558850
19.118564 -43.648409 -13878.193634 2398.230772 -0.576811 -0.153540 -0.802318 0.229099 0.912352 -0.339303 0.784093 -0.379524 -0.491079
48.207867 -52.051217 -24204.570597 807.786075 -0.527629 -0.238400 -0.815336 0.385717 0.787926 -0.479995 0.756855 -0.567749 -0.323778
9.672331 -50.365003 -11311.113470 1722.671106 -0.620877 -0.304519 -0.722344 0.274659 0.778549 -0.564291 0.734217 -0.548753 -0.399744
54.262601 -48.732920 -18357.856882 1201.275742 -0.571084 -0.110806 -0.813379 0.366224 0.852387 -0.373251 0.734672 -0.511037 -0.446204
5.843767 -57.650972 83.098166 -427.447992 0.256536 0.963884 0.071530 0.659359 -0.120414 -0.742123 0.706707 -0.237546 0.666436
5.540610 -55.503089 34.298310 -1099.204465 0.293998 0.952781 0.075983 0.673931 -0.150267 -0.723351 0.677777 -0.263871 0.686287
4.445033 -55.809821 25.695940 -772.561574 0.235235 0.966983 0.098022 0.762833 -0.121189 -0.635137 0.602287 -0.224181 0.766155
3.337526 -62.657405 -242.342852 -1402.926414 0.111822 0.983521 0.142068 0.842630 -0.018062 -0.538190 0.526755 -0.179892 0.830763
3.814133 -61.059452 -437.573416 10.980367 0.132012 0.981371 0.139587 0.833738 -0.033762 -0.551127 0.536147 -0.189134 0.822663
3.031201 -57.489154 -348.783162 -742.373252 0.106446 0.982072 0.155575 0.895298 -0.026598 -0.444672 0.432562 -0.186619 0.882079
1.700343 -55.777855 99.922078 -3172.409208 0.063365 0.983873 0.167267 0.936958 -0.000936 -0.349440 0.343648 -0.178864 0.921908
1.687433 -54.218264 190.496774 -2448.129218 0.101053 0.983586 0.149491 0.953272 -0.052726 -0.297478 0.284713 -0.172567 0.942952
-3.075699 -118.221310 1452.234203 -7783.593542 0.193562 0.980983 0.014355 -0.062478 -0.002277 0.998044 -0.979097 0.194080 -0.060849
-1.477697 -113.701101 167.417009 -5805.064679 0.182006 0.982814 0.030818 0.040043 -0.038724 0.998447 -0.982482 0.180490 0.046403
-2.672557 -112.226431 844.580535 -7082.873989 0.195717 0.980518 0.016715 -0.132562 0.009564 0.991129 -0.971659 0.196197 -0.131852
-1.825719 -114.410390 884.148941 3049.781486 0.204378 0.978555 0.025697 0.279119 -0.083417 0.956626 -0.938255 0.188341 0.290182
-3.460992 -114.700328 1753.500236 -3192.716286 0.201404 0.979377 0.016006 0.142479 -0.045459 0.988753 -0.969090 0.196859 0.148696
-5.682564 -117.525340 1874.714582 -8936.206845 0.199471 0.979895 0.004057 -0.081811 0.012528 0.996569 -0.976483 0.199118 -0.082665
9.549614 -69.609577 -789.919901 -3226.652332 0.220092 0.964800 -0.143943 0.969525 -0.200076 0.141387 0.107610 -0.170674 -0.979434
6.139362 -69.720339 -890.143699 -2650.714938 0.225973 0.961458 -0.156637 0.962101 -0.195083 0.190536 0.152635 -0.193756 -0.969103
8.748657 -73.222554 -609.810896 3436.313676 0.243721 0.961523 -0.126778 -0.934668 0.197979 -0.295297 0.258835 -0.190466 -0.946957
13.041531 -75.732375 -1017.434821 7032.314032 0.227380 0.967554 -0.110167 -0.956671 0.200816 -0.210840 0.181876 -0.153334 -0.971293
-17.754103 -40.701376 3948.501866 4875.182355 0.787609 0.494001 0.368288 -0.194139 0.766206 -0.612567 -0.584793 0.410964 0.699375
-28.757237 -58.022635 5470.730836 7259.591251 0.794602 0.361900 0.487479 -0.099910 0.869920 -0.482966 -0.598853 0.335062 0.727398
-15.702187 -53.858896 5758.732623 6196.366044 0.828296 0.329579 0.453104 -0.106271 0.886428 -0.450502 -0.550120 0.324997 0.769250
51.186633 -45.248112 -1708.554054 -6158.872449 0.705070 0.706915 -0.056103 0.069714 -0.147828 -0.986553 0.705702 -0.691678 0.153511
81.952389 -13.196496 15804.480058 -11176.582933 0.623673 0.724301 0.293971 0.404977 0.022273 -0.914055 0.668599 -0.689124 0.279434
70.728183 -30.180221 9466.569111 -6851.675070 0.599785 0.799383 0.035279 0.186790 -0.097007 -0.977599 0.778053 -0.592939 0.207500
3.862834 -41.349075 2253.556223 -211.761890 0.241527 0.949669 0.199482 -0.762057 0.058353 0.644875 -0.600777 0.307772 -0.737796
7.322235 -38.081950 3239.301571 -601.511663 0.213513 0.953175 0.214173 -0.841555 0.068105 0.535861 -0.496183 0.294652 -0.816690
3.960378 -39.678158 4603.291944 -1436.746586 0.233656 0.945683 0.226026 -0.834820 0.075942 0.545261 -0.498479 0.316094 -0.807219
-2.567981 -214.924765 682.895980 -6568.384752 0.718814 0.377150 0.584007 -0.691971 0.469045 0.548792 0.066948 0.798596 -0.598133
0.095859 -242.303470 -732.052073 -16214.646832 0.725695 0.383097 0.571491 -0.681237 0.283785 0.674820 -0.096341 0.879035 -0.466922
0.611241 -221.598964 -637.137210 -7477.072437 0.715217 0.391687 0.578832 -0.666835 0.134450 0.732976 -0.209273 0.910222 -0.357351
-2.926403 -213.213677 1233.342828 -8852.951584 0.734458 0.362363 0.573815 -0.659823 0.579072 0.478862 0.158758 0.730321 -0.664400
-1.977710 -227.397529 -1304.584406 254.492594 0.720474 0.395769 0.569460 -0.692710 0.371971 0.617892 -0.032720 0.839645 -0.542149
-4.806294 -195.329892 1272.297086 -1580.653351 0.727034 0.363246 0.582644 -0.621863 0.708084 0.334521 0.291047 0.605533 -0.740690
-5.016835 -202.421013 -1527.421223 -3894.354880 0.730961 0.379792 0.566970 -0.635318 0.682040 0.362205 0.249133 0.624964 -0.739833
3.537947 -316.286006 -3234.308801 -27884.701306 0.718618 0.346290 0.603051 -0.590887 -0.153172 0.792080 -0.366660 0.925538 -0.094547
4.791700 -307.027867 -647.449670 5858.202608 0.728259 0.320687 0.605639 -0.391223 -0.531046 0.751622 -0.562657 0.784315 0.261279
3.975354 -245.730991 -996.075332 10203.837236 0.728352 0.345044 0.591986 -0.411695 -0.470252 0.780621 -0.547732 0.812285 0.200456
4.298133 -247.995945 -2162.491123 -13066.784176 0.726666 0.379926 0.572374 -0.581822 -0.102669 0.806810 -0.365293 0.919302 -0.146443
14.567805 -27.970256 -1804.137303 -539.376262 0.615795 0.018595 0.787687 0.455755 0.807092 -0.375352 -0.642716 0.590132 0.488529
6.891257 -20.544885 -1003.859240 -848.157732 0.620949 0.036874 0.782983 0.408370 0.837406 -0.363297 -0.669071 0.545336 0.504928
15.619012 -22.117149 623.698453 -482.996934 0.694465 0.221348 0.684633 0.313421 0.763432 -0.564747 -0.647677 0.606776 0.460802
2.608218 -465.316149 -3497.116711 -95552.835265 0.717498 0.220486 0.660744 -0.376442 0.920864 0.101490 -0.586079 -0.321551 0.743718
5.757872 -240.829755 -914.529923 -20785.434159 0.727542 0.166878 0.665458 -0.349865 0.924609 0.150640 -0.590150 -0.342417 0.731077
3.676058 -295.401453 -1561.639738 -39510.599958 0.722569 0.210684 0.658412 -0.164873 0.977464 -0.131838 -0.671350 -0.013292 0.741021
4.447027 -714.615000 238.794582 -184623.127171 0.747655 0.262488 0.610009 -0.109431 0.954708 -0.276688 -0.655009 0.140113 0.742517
9.985783 -322.798270 2033.719724 -136401.058921 -0.809058 -0.509478 -0.293014 -0.533623 0.845717 0.002928 0.246315 0.158728 -0.956104
-15.446755 -940.170135 -24382.938567 308354.254251 0.868411 0.480636 0.121867 -0.447806 0.654684 0.608982 -0.212914 0.583420 -0.783766
-164.633205 -749.584070 -3981.034626 -185508.798232 0.585989 -0.036615 -0.809491 -0.540925 0.726133 -0.424419 -0.603338 -0.686579 -0.405700
87.347818 -112.515301 -31747.028150 -4549.349981 -0.265703 0.539294 0.799102 0.824593 0.556559 -0.101429 -0.499447 0.631984 -0.592578
12.124208 -3502.556942 6532.123541 -1498999.828388 0.876822 0.202803 0.435953 0.337242 0.386867 -0.858255 0.342713 -0.899558 -0.270820
-402.551165 -43474.387308 -743852.468410 -23873878.503015 0.287047 0.550901 0.783653 0.085132 0.800172 -0.593697 -0.954126 0.237133 0.182787
3709.936995 -76.672187 1103290.273026 41243.736357 0.622701 0.242405 -0.743965 0.721819 0.189048 0.665762 0.302029 -0.951578 -0.057252
-1.008443 -41.010732 2321.729701 2812.857214 0.208324 0.833968 -0.510977 0.599834 0.303712 0.740242 -0.772528 0.460712 0.436972
-9.155642 -47.223177 4418.134422 3015.573729 0.209141 0.829183 -0.518379 0.556072 0.335209 0.760538 -0.804391 0.447315 0.390979
-11.898747 -41.527665 4247.925116 2923.659893 0.241671 0.852964 -0.462653 0.615318 0.233962 0.752759 -0.750319 0.466599 0.468302
-1.377336 -51.121781 4143.442532 3291.171893 0.202554 0.820777 -0.534132 0.501018 0.381787 0.776672 -0.841399 0.424928 0.333892
22.099942 -14.858711 -6361.643710 10354.163168 -0.686318 0.284629 -0.669293 -0.078220 0.886018 0.457005 0.723083 0.366003 -0.585827
12.002232 -16.435083 -4644.378190 8597.519992 -0.670649 0.400179 -0.624569 0.022459 0.852561 0.522144 0.741435 0.336148 -0.580757
25.503531 -2.664888 -7120.374940 4791.326502 -0.672241 0.181168 -0.717823 -0.129011 0.926094 0.354550 0.729005 0.330950 -0.599186
28.672648 -11.007473 -5590.235309 9491.823412 -0.702708 0.077913 -0.707199 -0.223020 0.919769 0.322936 0.675621 0.384649 -0.628953
-14.027650 -34.961489 -1840.985690 -506.651747 0.040198 0.970612 0.237268 -0.961907 -0.026671 0.272073 -0.270406 0.239166 -0.932566
-15.878269 -37.134152 -1408.044519 -365.399740 0.055095 0.963967 0.260253 -0.948237 -0.031127 0.316036 -0.312749 0.264193 -0.912354
-17.766461 -35.476671 -788.623750 158.365750 -0.051986 0.956069 0.288496 0.978065 0.107094 -0.178660 -0.201707 0.272880 -0.940665
-14.029388 -33.928080 -2223.805406 840.156987 -0.018052 0.970407 0.240798 0.980073 0.064823 -0.187761 -0.197814 0.232610 -0.952241
-1.467060 -47.217689 -801.670220 -1141.024127 0.285804 0.946284 0.151202 0.939201 -0.307937 0.151907 -0.190308 -0.098594 0.976761
0.857466 -48.861064 40.046884 228.851629 0.255509 0.957481 0.133957 0.947744 -0.275434 0.160991 -0.191042 -0.085822 0.977823
0.804227 -46.731859 452.833565 -824.093966 -0.281995 -0.948454 -0.144613 0.955417 -0.291358 0.047832 -0.087501 -0.124677 0.988332
-12.711205 -35.946611 1966.104502 -325.571232 0.415024 0.907034 0.071024 -0.850738 0.359222 0.383671 -0.322489 0.219655 -0.920735
-9.816626 -35.293961 3177.531376 -398.692035 0.366361 0.921894 0.126061 -0.869501 0.290961 0.399136 -0.331282 0.255838 -0.908185
-11.220029 -32.249398 2420.955771 -1005.878332 0.437619 0.894089 0.095368 -0.866469 0.390990 0.310416 -0.240252 0.218478 -0.945805
13.866268 -176.989714 -3071.809732 -18869.117283 0.363305 0.917046 -0.164428 -0.526822 0.347772 0.775573 -0.768419 0.195145 -0.609467
8.987447 -237.986237 -1436.308261 -33329.771599 0.336528 0.920219 -0.199862 -0.461630 0.346205 0.816725 -0.820759 0.182589 -0.541309
10.954637 -153.773382 1018.611655 -2762.827909 0.340174 0.934298 -0.106624 -0.690599 0.325169 0.646017 -0.638243 0.146124 -0.755840
19.040651 -244.456857 -3471.510771 -38737.629934 0.401220 0.895246 -0.193798 -0.266883 0.316649 0.910224 -0.876240 0.313478 -0.365972
12.691998 -126.722607 -3659.841578 -3894.056684 0.343271 0.927268 -0.149465 -0.673797 0.353985 0.648608 -0.654341 0.121939 -0.746303
23.038138 -170.870404 -3055.876360 -21837.044882 0.443264 0.880533 -0.167864 -0.499592 0.398162 0.769334 -0.744261 0.257154 -0.616398
32.754618 -537.147156 9273.571044 149574.561887 0.869940 0.493145 0.003451 -0.443980 0.780126 0.440777 -0.214675 0.384982 -0.897610
18.054253 -829.160324 3383.913488 243254.687720 0.933719 0.351908 -0.065801 -0.355229 0.933543 -0.048070 -0.044512 -0.068258 -0.996674
2.244216 -706.456872 4103.280836 214494.332315 0.949608 0.313243 -0.011075 -0.306147 0.934516 0.181534 -0.067214 0.168996 -0.983322
8.299988 -41.986620 -48.849485 4553.004573 0.314895 0.924606 -0.214346 -0.740222 0.097890 -0.665198 0.594064 -0.368131 -0.715240
8.824404 -39.096700 57.681706 921.356315 0.319792 0.924405 -0.207867 -0.758215 0.118112 -0.641217 0.568192 -0.362664 -0.738669
8.425701 -38.663778 -151.145858 1035.215238 0.318668 0.918927 -0.232429 -0.761983 0.102508 -0.639433 0.563766 -0.380874 -0.732873
-54.604159 -78.401005 163.460626 4352.326425 0.187156 -0.968944 0.161618 0.980446 0.194438 0.030338 -0.060820 0.152779 0.986387
-48.545805 -74.152417 -1304.711098 6032.286861 -0.173007 -0.944805 0.278232 0.984915 -0.164984 0.052185 -0.003400 0.283063 0.959095
-42.281600 -61.658208 -729.708748 4566.573110 -0.410562 -0.855697 0.314994 0.901305 -0.433180 -0.001998 0.138159 0.283086 0.949091
-45.097192 -70.846909 -120.755876 -474.781840 0.745959 0.377399 -0.548740 0.665186 -0.462746 0.585999 0.032772 0.802145 0.596230
-47.565885 -74.145189 554.512737 1896.153472 -0.687908 -0.452546 0.567437 0.721833 -0.344963 0.599965 -0.075767 0.822315 0.563965
-46.940883 -73.955580 223.646073 949.082887 -0.680804 -0.525301 0.510456 0.732009 -0.463327 0.499491 -0.025875 0.713714 0.699960
-44.577094 -71.058696 -2141.893450 2766.928043 -0.692635 -0.292324 0.659396 0.719902 -0.336824 0.606870 0.044698 0.895040 0.443741
-43.647848 -67.807220 1714.844376 -1261.961271 0.772205 0.216980 -0.597176 0.618020 -0.474667 0.626692 0.147480 0.853001 0.500638
-37.321705 -73.469983 -223.638502 1827.971326 0.164181 0.985294 0.047333 -0.588030 0.136285 -0.797275 0.792001 -0.103064 -0.601758
-33.189034 -71.942292 -354.464960 992.735552 0.234779 0.972027 -0.006471 -0.580678 0.134909 -0.802877 0.779546 -0.192256 -0.596109
-35.272623 -69.435660 353.786953 2008.679621 0.202813 0.979175 0.009139 -0.696900 0.150891 -0.701115 0.687893 -0.135826 -0.712990
-38.213867 -69.088405 -445.290184 2607.575827 0.110128 0.992699 0.049197 -0.718215 0.113698 -0.686470 0.687051 -0.040266 -0.725492
-40.999515 -76.082055 -1931.437131 3501.249628 0.047547 0.997826 0.045642 -0.616129 0.065263 -0.784937 0.786209 -0.009200 -0.617893
-2.046697 -46.714789 -2202.012336 444.718133 0.053911 0.998539 -0.003715 0.826364 -0.046703 -0.561197 0.560550 -0.027185 0.827674
-0.704271 -47.945420 -1907.006549 50.818025 0.045961 0.998820 0.015709 0.882525 -0.033233 -0.469090 0.468014 -0.035423 0.883011
-5.452541 -46.297956 -2674.568490 -635.911434 0.062912 0.998014 -0.003173 0.774717 -0.050840 -0.630261 0.629170 -0.037192 0.776377
-8.334560 -45.891210 -1428.366748 17.040949 0.020886 0.999720 -0.011100 0.849857 -0.023601 -0.526485 0.526599 -0.001563 0.850112
-3.654946 -46.306065 -2453.834089 85.265057 0.023862 0.999634 0.012767 0.893809 -0.015612 -0.448176 0.447812 -0.022106 0.893854
6.705749 -51.987327 -248.932684 2930.656962 0.348993 0.918142 0.187667 -0.388166 0.323899 -0.862796 0.852955 -0.228263 -0.469430
1.111952 -62.738169 -567.213416 1586.622419 0.057300 0.991564 0.116264 -0.984922 0.037103 0.168973 -0.163234 0.124193 -0.978739
3.000030 -62.327230 24.767613 2928.669471 0.071486 0.988708 0.131707 -0.954684 0.029575 0.296149 -0.288910 0.146910 -0.946017
-4.185648 -91.317163 1645.279105 299.489792 0.050436 0.957426 0.284239 -0.773987 -0.142396 0.616983 -0.631190 0.251115 -0.733853
0.259777 -76.018399 126.306598 2194.951175 -0.011391 0.940587 0.339362 -0.566755 -0.285678 0.772772 -0.823808 0.183532 -0.536336
1.083374 -81.307083 757.653077 -385.937391 0.034881 0.949861 0.310720 -0.722883 -0.190706 0.664132 -0.690089 0.247780 -0.679986
-0.140555 -85.166299 981.075359 -596.443432 0.031658 0.952479 0.302956 -0.747620 -0.178608 0.639659 -0.663372 0.246746 -0.706438
-3.597551 -114.112785 -222.866811 -3272.846197 0.356275 0.909259 0.215211 0.410436 0.054624 -0.910252 0.839411 -0.412630 0.353732
8.400216 -90.814499 3484.138683 -6541.946804 0.045574 0.971523 0.232521 0.768694 -0.182761 0.612951 -0.637992 -0.150803 0.755133
2.047202 -97.903625 1712.622144 -7449.796352 0.059983 0.970675 0.232791 0.851504 -0.171457 0.495523 -0.520905 -0.168499 0.836819
8.483552 -103.933758 4708.879817 -6553.487294 0.054769 0.975320 0.213897 0.912500 -0.135863 0.385856 -0.405393 -0.174048 0.897421
19.370819 -94.810817 5269.185815 -5775.091371 0.029690 0.966363 0.255462 0.793410 -0.178233 0.582008 -0.607963 -0.185406 0.772014
13.769973 -86.051284 3945.333656 -2393.421014 0.049448 0.966707 0.251064 0.665022 -0.219415 0.713865 -0.745185 -0.131663 0.653731
-0.291996 -51.533626 556.678599 -1547.577843 -0.021354 0.963820 0.265697 0.246960 -0.252437 0.935567 -0.968790 -0.085594 0.232634
-0.374843 -50.271076 -252.415058 -1073.640707 -0.024620 0.961303 0.274389 0.284446 -0.256391 0.923772 -0.958376 -0.100792 0.267126
0.256546 -50.861537 637.858879 646.682464 -0.022801 0.968897 0.246410 0.205460 -0.236672 0.949617 -0.978400 -0.072279 0.193673
0.967642 -52.179931 295.432489 299.157377 -0.012253 0.962977 0.269306 0.221729 -0.260004 0.939805 -0.975031 -0.071228 0.210335
204.544873 -45.167946 78646.583983 991.112882 0.278028 0.914530 -0.293827 -0.100735 0.331960 0.937899 -0.955276 0.231164 -0.184420
62.998745 -48.105950 32462.002157 498.390812 0.218155 0.964873 -0.146385 0.013252 0.147055 0.989040 -0.975824 0.217704 -0.019295
3395.002883 -489.479817 -1106735.642262 122283.030681 -0.237740 -0.603775 0.760878 0.087545 0.766830 0.635852 -0.967376 0.217779 -0.129449
970.503016 -4.018821 303854.584646 12284.863983 0.213379 0.786431 -0.579652 -0.076173 0.604902 0.792648 -0.973995 0.124981 -0.188979
5.182059 -23.282183 722.424509 -3419.557299 0.189516 -0.979262 -0.071625 0.980842 0.192161 -0.031985 0.045085 -0.064191 0.996919
4.315769 -31.270381 -122.079476 -3699.184632 -0.140977 0.987935 0.064105 0.982697 0.147499 -0.112034 0.120138 -0.047202 0.991634
3.180105 -24.607791 -201.731906 -3448.010984 -0.170583 0.982832 0.070297 0.982010 0.175436 -0.069846 0.080979 -0.057118 0.995078
6.200750 -34.577262 -206.068542 -3327.409923 -0.130586 0.990518 0.042686 0.981361 0.135262 -0.136513 0.140992 -0.024064 0.989718
2.106204 -18.773758 736.988779 -2726.090606 0.197972 -0.976788 -0.081812 0.979746 0.199751 -0.014082 0.030097 -0.077367 0.996548
5.454046 -17.206248 885.407676 -1891.090852 0.211349 -0.974150 -0.079770 0.977387 0.211209 0.010281 0.006833 -0.080139 0.996760
-3.921929 -223.324078 -2378.436487 -5983.374632 0.850500 0.041860 0.524307 0.513535 0.149437 -0.844956 0.113720 -0.987885 -0.105600
-5.729962 -209.449205 -1107.678317 8483.753107 0.837549 0.065981 0.542363 0.462490 0.442889 -0.768084 0.290886 -0.894145 -0.340426
-6.187847 -241.229862 -551.438146 1161.794258 0.830402 0.078798 0.551564 0.508094 0.299126 -0.807691 0.228632 -0.950955 -0.208358
-3.938711 -230.713136 -2089.362555 19990.327710 0.854672 0.034301 0.518033 0.445124 0.465147 -0.765182 0.267208 -0.884569 -0.382280
-4.988056 -260.498421 -1356.491400 -26879.513861 0.841824 0.082414 0.533424 0.539126 -0.080770 -0.838343 0.026006 -0.993320 0.112425
-3.681508 -216.628776 -2667.169520 -17151.494730 0.850132 0.053510 0.523843 0.521712 -0.220402 -0.824160 -0.071355 -0.973940 0.215287
-2.562057 -245.526178 -691.057502 929.912776 0.845301 0.072380 0.529365 0.520070 0.115605 -0.846264 0.122450 -0.990655 -0.060078
16.179860 -144.705002 254.854756 7818.018659 -0.763401 0.062313 -0.642913 0.327223 0.895471 -0.301757 0.556906 -0.440737 -0.703993
11.879194 -145.640613 3024.479717 -1220.045486 0.700656 -0.046719 0.711968 0.441699 0.812059 -0.381394 0.560342 -0.581702 -0.589610
-12.686156 -33.008443 -639.781738 -884.281331 -0.150154 0.943278 0.296110 0.684432 -0.116955 0.719635 -0.713447 -0.310723 0.628048
23.025342 -576.199626 -6217.336511 64627.054191 -0.759260 0.039202 -0.649605 -0.014583 0.996909 0.077205 0.650624 0.068092 -0.756341
39.271002 -573.396007 -10794.412244 50506.463483 -0.797194 0.083923 -0.597862 -0.030079 0.983540 0.178169 0.602973 0.160018 -0.781548
32.006519 -959.013944 -9391.346427 -312591.403976 -0.815373 0.223027 -0.534253 0.326788 0.939052 -0.106729 0.477888 -0.261612 -0.838560
-7.297312 -10.276008 -1449.057828 567.369651 -0.112240 0.929219 -0.352071 -0.704610 -0.324255 -0.631176 0.700662 -0.177230 -0.691131
-2.791322 -15.843616 -487.121736 1419.854393 0.168434 0.981471 -0.091348 -0.666932 0.045233 -0.743744 0.725831 -0.186195 -0.662194
-1.180318 -13.991726 -2569.975473 117.834316 -0.156323 0.896828 -0.413840 -0.700781 -0.395970 -0.593391 0.696038 -0.197250 -0.690379
-4.931106 -14.307129 692.136622 1543.036916 0.355065 0.924813 0.136561 -0.605668 0.338848 -0.719964 0.712106 -0.172924 -0.680443
0.038302 -11.384827 -258.720555 895.585277 -0.504316 0.567352 -0.650982 0.541746 0.794932 0.273119 0.672441 -0.214928 -0.708258
-6.493109 -11.347763 -499.436188 -87.734214 -0.619192 -0.624634 -0.475851 -0.366382 0.765803 -0.528497 0.694525 -0.152898 -0.703034
-4.190991 -11.823171 1307.204506 483.081109 -0.718073 -0.006264 -0.695940 0.118728 0.984199 -0.131362 0.685766 -0.176955 -0.705983
-12.455582 -36.242680 1058.171053 -1222.578942 -0.384784 0.920724 -0.064873 0.901857 0.360078 -0.238740 0.196455 0.150370 0.968914
-10.498726 -39.483461 1575.289146 -932.486584 -0.372521 0.924690 -0.078598 0.877504 0.323413 -0.354105 0.302017 0.200881 0.931897
-9.174665 -36.942908 1940.088020 -1334.019515 -0.385997 0.917659 -0.094381 0.899277 0.351494 -0.260295 0.205688 0.185347 0.960905
-13.778550 -38.092789 383.590748 -949.794674 -0.351600 0.935180 -0.042604 0.895913 0.322940 -0.305040 0.271509 0.145422 0.951386
-10.348354 -32.486300 -1507.760832 -1413.564558 0.398108 -0.913247 0.086546 0.909600 0.380760 -0.166281 0.118902 0.144920 0.982273
-12.448867 -32.298938 469.256792 -1483.070700 -0.397269 0.916250 -0.051597 0.910628 0.386616 -0.145893 0.113727 0.104944 0.987954
-13.756761 -35.045671 68.379357 -1322.178577 -0.352259 0.935152 -0.037474 0.918431 0.337705 -0.206007 0.179992 0.106985 0.977833
-51.433361 -75.877606 3102.327717 870.856760 0.897494 0.412280 -0.156618 -0.413450 0.910139 0.026579 0.153502 0.040899 0.987302
-42.540453 -71.146706 4826.864312 -1195.446205 0.767348 0.594687 -0.239844 0.620390 -0.783105 0.043166 0.162152 0.181920 0.969851
-49.298110 -74.207312 3827.311342 -2460.465335 0.819186 0.556585 -0.138376 0.572491 -0.808053 0.138940 0.034483 0.193037 0.980585
52.327478 -1110.238827 11993.102729 -385515.885688 -0.151519 0.458100 -0.875892 0.987850 0.101149 -0.117984 0.034547 -0.883127 -0.467860
11.951695 -458.509872 548.794432 -98972.920144 -0.012040 0.516804 -0.856019 0.883645 0.406177 0.232792 0.468003 -0.753614 -0.461561
-3.547303 -74.692383 256.328242 10140.962660 -0.100180 -0.901055 -0.421975 0.994684 -0.100855 -0.020787 -0.023828 -0.421815 0.906369
-39.973420 -58.241938 561.700703 331.088678 -0.503468 0.025209 0.863646 0.653077 0.665553 0.361289 -0.565695 0.745924 -0.351548
-39.993110 -58.843494 -609.032732 704.103612 -0.510661 0.035680 0.859042 0.554043 0.777687 0.297052 -0.657466 0.627639 -0.416902
-42.217259 -60.284982 -890.905763 660.772530 -0.453740 -0.032788 0.890531 0.589059 0.738823 0.327337 -0.668678 0.673101 -0.315919
-42.303098 -59.643057 -2031.097990 -402.722771 -0.524309 -0.070310 0.848621 0.647005 0.615025 0.450699 -0.553611 0.785367 -0.276972
-18.784711 -30.870205 -3867.650943 10433.905556 -0.381484 0.872431 0.305506 -0.431093 -0.460270 0.776087 -0.817697 -0.164363 -0.551684
-16.945532 -43.275006 -6033.130087 7128.182109 -0.365055 0.888753 0.277223 -0.520413 -0.441711 0.730795 -0.771949 -0.122510 -0.623767
-16.510607 -52.888045 -3716.129990 1707.897617 -0.255798 0.952063 0.167759 -0.649483 -0.297782 0.699641 -0.716058 -0.070010 -0.694521
17.417089 -66.316531 2772.749181 -30.464952 0.134095 0.820737 -0.555346 0.103153 0.545803 0.831540 -0.985585 0.168791 0.011472
10.764179 -61.545047 2438.537326 2766.347588 0.153222 0.811252 -0.564263 0.292443 0.508204 0.810065 -0.943928 0.289135 0.159377
17.907020 -64.383953 416.405469 2105.951813 0.096385 0.804964 -0.585442 0.237358 0.552623 0.798917 -0.966629 0.215963 0.137800
36.347307 -44.917801 -6383.473253 202.675200 0.050883 0.970116 0.237246 0.981450 -0.004606 -0.191663 -0.184843 0.242598 -0.952355
36.056897 -45.155664 -4767.778903 112.405519 0.051118 0.966356 0.252079 0.996316 -0.031943 -0.079587 -0.068857 0.255218 -0.964429
38.823153 -44.292308 -1751.740405 114.193246 0.068673 0.933894 0.350892 0.984411 -0.006347 -0.175766 -0.161920 0.357492 -0.919772
35.643024 -47.560943 -5214.627874 -1026.410585 0.050928 0.961357 0.270555 -0.960203 -0.027359 0.277961 -0.274621 0.273944 -0.921704
31.557824 -47.139606 -4059.175806 -759.408913 0.044925 0.974519 0.219758 -0.961182 -0.017781 0.275340 -0.272232 0.223597 -0.935892
3.235714 -56.638189 -242.813321 -180.778361 0.190944 0.974091 0.121188 0.820097 -0.090462 -0.565029 0.539427 -0.207274 0.816123
2.612258 -56.580629 -283.238619 -321.504544 0.144770 0.980439 0.133349 0.880385 -0.066122 -0.469628 0.451624 -0.185387 0.872736
4.852610 -60.220726 -972.943563 -809.110575 0.175237 0.976074 0.128735 0.806672 -0.067385 -0.587145 0.564422 -0.206736 0.799180
5.346362 -65.621809 -543.375486 -2124.894280 0.185368 0.976114 0.113318 0.743175 -0.063810 -0.666048 0.642908 -0.207679 0.737251
-1.685131 -114.664397 1866.509364 -2878.012048 0.230184 0.972707 0.029261 0.101292 -0.053853 0.993398 -0.967861 0.225701 0.110923
-0.805682 -109.903324 57.196205 7550.755091 0.206466 0.976985 0.053597 0.431047 -0.139995 0.891403 -0.878390 0.160942 0.450031
-2.255221 -113.981810 -1990.862355 -1280.716969 0.176760 0.982508 0.058608 0.118767 -0.080401 0.989662 -0.977062 0.167972 0.130902
-2.262456 -130.967155 383.521418 9327.335618 0.895081 0.285116 0.342839 -0.014107 0.786585 -0.617321 0.445680 -0.547716 -0.708080
-4.488427 -156.840258 -658.205622 14958.609507 0.903232 0.271896 0.332032 0.103063 0.613619 -0.782847 0.416594 -0.741313 -0.526217
-4.114990 -154.643733 821.847438 16426.392797 0.898973 0.267376 0.346925 0.094369 0.655225 -0.749517 0.427717 -0.706534 -0.563797
-7.715870 -174.780369 -827.500813 12079.353587 0.913792 0.248036 0.321657 0.224630 0.351192 -0.908959 0.338418 -0.902852 -0.265200
-3.063006 -130.009748 1456.238331 12598.753409 0.894769 0.279823 0.347976 -0.016835 0.799877 -0.599928 0.446212 -0.530939 -0.720416
-5.956308 -167.176321 742.808153 14569.134981 0.895604 0.260284 0.360757 0.196380 0.496333 -0.845629 0.399159 -0.828194 -0.393403
-4.415152 -146.877832 -186.798875 15875.423001 0.907496 0.241055 0.344010 0.057138 0.740505 -0.669618 0.416156 -0.627332 -0.658232
0.155533 -241.659098 464.759484 -10914.392920 0.731745 0.365013 0.575600 -0.673604 0.258487 0.692417 -0.103956 0.894399 -0.435021
0.589124 -241.880621 -783.473848 -7581.293329 0.717368 0.382605 0.582233 -0.605178 -0.071834 0.792843 -0.345170 0.921115 -0.180013
6.894129 -320.051109 1550.097815 -22084.926020 0.756948 0.296650 0.582261 -0.552806 -0.184465 0.812637 -0.348475 0.937001 -0.024359
7.861871 -322.264397 1887.410324 5580.304710 0.750608 0.271805 0.602254 -0.393525 -0.548291 0.737913 -0.530779 0.790885 0.304590
5.588065 -313.174672 739.764269 -45975.447997 0.728369 0.268359 0.630446 0.117683 0.857441 -0.500945 -0.675004 0.439066 0.592951
3.400648 -20.976460 -3743.009759 1040.385357 0.452020 -0.238322 0.859582 0.532746 0.845032 -0.045862 -0.715444 0.478669 0.508936
-2.460389 -14.735279 44.737768 -727.989145 0.600926 -0.030302 0.798730 0.419045 0.862888 -0.282534 -0.680653 0.504486 0.531230
12.316711 -25.971594 -4694.335117 156.721061 0.515255 -0.128455 0.847356 0.501157 0.847206 -0.176308 -0.695237 0.515501 0.500903
