11068
22127
-49.905804 -73.902690 597.624029 6115.010723 -0.346918 0.928571 -0.131922 0.907718 0.297025 -0.296352 0.236000 0.222558 0.945924
-39.799755 -79.664958 -3764.392896 12270.247651 -0.550056 0.830764 0.085264 0.737934 0.531302 -0.416139 0.391014 0.165980 0.905295
-41.166716 -58.281118 487.906454 5988.478054 -0.087771 0.968426 -0.233340 0.903348 -0.021343 -0.428378 0.419832 0.248386 0.872952
-30.253145 -50.693266 -2393.663856 6502.339005 -0.192435 0.978428 -0.075152 0.819155 0.117997 -0.561304 0.540327 0.169576 0.824191
-43.918340 -70.023882 -305.876479 4816.295718 -0.009494 -0.941522 0.336817 0.974088 -0.084825 -0.209660 0.225970 0.326099 0.917931
-27.750625 -44.680387 -766.186481 3602.656711 0.212174 0.900809 -0.378848 0.815486 -0.376830 -0.439298 0.538485 0.215737 0.814550
-37.932573 -58.678526 1007.008574 4452.235557 0.192031 0.880708 -0.432987 0.911463 -0.323609 -0.253994 0.363813 0.345877 0.864875
-34.043718 -49.615851 1357.434516 2560.478616 0.384808 0.763408 -0.518778 0.796065 -0.558958 -0.232047 0.467122 0.323688 0.822814
-26.480300 -47.024311 2804.024608 3366.693880 0.082110 0.996230 -0.028003 0.606371 -0.072237 -0.791894 0.790931 -0.048043 0.610016
-15.963689 -38.553064 5375.889342 -515.294199 0.224958 0.922406 -0.313945 0.480290 -0.385314 -0.787943 0.847771 -0.026469 0.529702
-19.237463 -42.663450 2887.741780 4073.502738 0.145311 0.967334 -0.207723 0.572671 -0.253440 -0.779626 0.806804 0.005669 0.590792
-4.724082 -39.248837 6784.699712 -1028.316564 0.263255 0.851938 -0.452658 0.475987 -0.522823 -0.707172 0.839126 0.029292 0.543147
17.618503 -95.222609 789.375661 8856.043978 0.951448 -0.234435 0.199468 -0.264467 -0.291041 0.919430 0.157494 0.927542 0.338911
31.132249 -80.146362 444.654025 10697.033730 0.956283 -0.267037 0.119220 -0.246019 -0.514190 0.821634 0.158105 0.815045 0.557408
27.707800 -78.432912 -233.262636 10871.791215 0.944620 -0.205312 0.256007 -0.323942 -0.458638 0.827474 0.052476 0.864580 0.499748
29.230517 -70.316267 -2355.145017 8366.918002 0.926135 -0.153899 0.344369 -0.373561 -0.500636 0.780907 -0.052223 0.851868 0.521147
20.294754 -91.016220 -489.716647 8924.702365 0.923353 -0.177139 0.340647 -0.380958 -0.312114 0.870319 0.047847 0.933384 0.355674
14.048995 -81.509069 3372.488495 4401.152138 -0.854333 0.220102 -0.470818 0.292602 0.952385 -0.085717 0.429534 -0.210993 -0.878056
15.140938 -120.846336 3289.754511 17297.171133 -0.824785 0.342844 -0.449653 0.427632 0.898478 -0.099335 0.369947 -0.274216 -0.887663
46.456659 -118.866716 -10608.443034 16335.576114 0.912880 -0.118228 0.390732 0.263526 0.901668 -0.342856 0.311775 -0.415954 -0.854271
149.717622 -157.852735 -37645.741119 28356.960554 0.967383 0.009241 0.253150 0.165461 0.733656 -0.659069 0.191816 -0.679459 -0.708197
88.111700 -100.630396 -17369.237082 15234.095484 0.923666 0.184838 0.335673 0.040371 0.824164 -0.564911 0.381067 -0.535341 -0.753790
38.861902 -74.113304 7140.464549 6899.072648 -0.903648 -0.011047 -0.428133 0.143404 0.934157 -0.326781 0.403554 -0.356691 -0.842565
214.388639 -43.862931 47730.640136 1561.896050 -0.174469 0.787185 -0.591523 0.080637 0.610142 0.788178 -0.981355 -0.089814 0.169927
143.525091 -38.154548 -12604.147877 526.036428 -0.585336 0.676020 -0.447637 0.095238 0.605604 0.790047 -0.805178 -0.419810 0.418864
162.833452 -30.335770 15093.542838 1383.757478 0.666393 -0.542146 0.511857 -0.087940 0.624561 0.776009 -0.740396 -0.562140 0.368527
290.094334 -43.816370 78024.054323 2880.287770 -0.177685 0.719009 -0.671904 -0.134596 0.658596 0.740362 -0.974839 -0.221987 0.020247
158.373880 -51.437740 49944.874376 -300.524138 0.061473 0.820749 -0.567971 -0.030165 0.570315 0.820872 -0.997653 0.033329 -0.059817
164.602415 -51.782513 48586.955284 256.995347 0.072039 0.810060 -0.581904 0.139340 0.569525 0.810078 -0.987621 0.139440 0.071846
1.406744 -54.844380 -443.035538 3848.002554 0.255646 0.951772 -0.169632 0.777727 -0.306692 -0.548708 0.574270 -0.008348 0.818623
0.064662 -59.341259 -597.349378 4185.715735 0.229086 0.960956 -0.155186 0.851904 -0.275057 -0.445648 0.470934 0.030112 0.881655
1.462223 -60.540826 -1550.661633 4406.128895 0.229250 0.963355 -0.139256 0.825749 -0.268228 -0.496177 0.515347 0.001242 0.856981
1.864090 -53.074371 -1100.189547 2518.541855 0.259917 0.951939 -0.162037 0.744543 -0.304420 -0.594125 0.614897 -0.033780 0.787883
-28.741932 -126.402442 2510.159377 6758.633858 0.220428 -0.909519 -0.352402 0.961464 0.141741 0.235577 -0.164312 -0.390749 0.905713
-32.747840 -117.371829 981.572653 11207.612673 0.149968 -0.956026 -0.252038 0.988579 0.141161 0.052775 -0.014877 -0.257074 0.966277
-35.855529 -131.537579 2130.252054 4184.750814 0.156057 -0.947092 -0.280469 0.940153 0.055344 0.336228 -0.302917 -0.316154 0.899048
-36.212411 -129.226273 -1057.170131 -6865.050156 -0.155283 0.957570 0.242790 0.789168 -0.027591 0.613558 -0.594223 -0.286877 0.751399
-31.482883 -130.459729 -2530.695099 -3433.175959 -0.203402 0.915114 0.348129 0.856372 -0.006075 0.516324 -0.474611 -0.403149 0.782442
-1.004213 -158.899537 113.948436 -7854.464755 0.215026 0.943567 0.251881 -0.547161 0.330030 -0.769217 0.808937 -0.027582 -0.587249
-1.703850 -172.161999 46.388934 -2491.721223 0.182396 0.956552 0.227463 -0.765342 0.283356 -0.577894 0.617239 0.068681 -0.783772
-1.341873 -153.621917 610.476559 -6325.832614 0.187967 0.949427 0.251511 -0.538855 0.313781 -0.781778 0.821160 -0.011420 -0.570584
-0.510688 -176.474687 -789.607858 -12046.879290 0.215260 0.950252 0.225130 -0.565843 0.309259 -0.764317 0.795917 -0.037139 -0.604265
-0.796025 -155.632484 -658.657159 -8814.619834 0.243032 0.936734 0.251921 -0.291482 0.318228 -0.902091 0.925188 -0.145807 -0.350381
6.257423 -23.146108 -2544.854683 -3040.732004 0.997867 -0.053097 0.037978 0.036621 0.936902 0.347667 0.054042 0.345535 -0.936848
0.177456 -20.938786 -3466.318717 -2672.085351 0.983218 -0.178046 -0.039763 0.181156 0.927117 0.328079 0.021548 0.329777 -0.943813
12.002717 -15.069111 -3150.377540 -1953.952229 0.997249 0.034461 0.065631 -0.052686 0.952319 0.300520 0.052145 0.303151 -0.951515
-2.820380 -31.794904 -2220.382494 -3337.936610 0.976282 -0.213619 -0.035230 0.209404 0.890345 0.404271 0.054993 0.402060 -0.913960
16.342413 -16.407918 -1830.237328 -2307.452233 0.982827 0.113021 0.145868 -0.152385 0.942905 0.296159 0.104068 0.313301 -0.943935
10.093616 -23.857221 -1343.134115 -2808.321673 0.993117 0.031701 0.112755 -0.071049 0.928385 0.364765 0.093117 0.370266 -0.924247
2.648300 -31.891340 -1833.189156 -3623.353204 0.992605 -0.120630 0.013585 0.103481 0.899336 0.424838 0.063466 0.420290 -0.905168
-10.408180 -24.770318 -805.092454 238.399203 -0.037163 0.995306 0.089362 0.911810 -0.002820 0.410602 -0.408927 -0.096740 0.907425
-11.141644 -26.178012 -885.768973 -2750.505926 0.028238 0.993988 0.105785 0.926713 -0.065702 0.369982 -0.374708 -0.087585 0.922997
-13.665794 -24.400545 -353.712833 -620.019929 0.012569 0.997589 0.068249 0.914895 -0.039016 0.401803 -0.403497 -0.057390 0.913180
-13.188630 -26.859181 -512.077395 2963.321199 -0.059025 0.997585 0.036616 0.897157 0.036926 0.440166 -0.437751 -0.058831 0.897170
-14.259546 -24.415762 -97.443375 417.464129 -0.015973 0.999796 0.012359 0.913648 0.009573 0.406393 -0.406192 -0.017783 0.913615
-15.043334 -103.903536 593.551158 -3461.585138 0.764686 -0.521053 0.379156 -0.079805 0.507280 0.858078 0.639442 0.686419 -0.346327
-10.880632 -106.983622 1487.275189 -3814.998392 0.735706 -0.554215 0.389337 -0.134962 0.443350 0.886130 0.663719 0.704477 -0.251377
-10.774382 -98.314870 -2319.126597 -1678.777989 -0.719258 0.548840 -0.425960 -0.007775 0.606722 0.794876 0.694699 0.575033 -0.432123
-4.583667 -113.371400 -2954.317043 3057.694563 -0.707010 0.573357 -0.414002 0.083370 -0.513753 -0.853878 0.702272 0.638216 -0.315428
-5.261588 -100.998746 -2566.415838 -3727.203985 -0.709129 0.551830 -0.438885 0.109679 0.701218 0.704460 0.696496 0.451417 -0.557778
-3.160545 -56.159124 -934.267128 -707.359682 -0.283140 -0.883156 0.373988 0.910037 -0.124297 0.395453 -0.302761 0.452311 0.838898
-2.102242 -48.984283 -2831.446647 -1896.089217 -0.247319 -0.874880 0.416435 0.857261 0.002738 0.514876 -0.451595 0.484332 0.749323
-6.765905 -54.898451 -2888.858183 -263.149074 -0.278705 -0.875942 0.393763 0.904103 -0.101019 0.415201 -0.323915 0.471721 0.820097
5.981000 -49.947267 1601.849775 -3697.301458 0.189663 0.891468 -0.411476 0.868015 0.043628 0.494618 -0.458888 0.450978 0.765533
-4.200621 -60.044349 -2466.280963 -323.698755 -0.269600 -0.879091 0.393083 0.940892 -0.153561 0.301896 -0.205032 0.451240 0.868530
-3.919650 -63.248280 -233.910982 -2135.281051 -0.274630 -0.890848 0.361896 0.943268 -0.176555 0.281202 -0.186613 0.418592 0.888795
-2.464752 -60.993614 2154.756801 -1851.885737 -0.273790 -0.902147 0.333420 0.921493 -0.146759 0.359600 -0.275480 0.405700 0.871504
-4.738250 -228.191900 -160.764700 26201.475296 0.722792 -0.144714 0.675743 0.673739 0.365149 -0.642450 0.153775 -0.919633 -0.361426
-3.781101 -224.490382 -560.010285 14227.630615 0.717182 -0.156691 0.679042 0.690989 0.033395 -0.722094 -0.090469 -0.987083 -0.132222
-4.979998 -238.679588 463.681434 20158.309935 0.714656 -0.158605 0.681258 0.697818 0.228685 -0.678788 0.048134 -0.960494 -0.274108
-5.867871 -221.692971 -85.408713 23804.593788 0.706098 -0.163844 0.688898 0.617245 0.619197 -0.485390 0.347035 -0.767952 -0.538346
-7.766200 -229.681267 927.799871 30012.335420 0.741769 -0.172789 0.648015 0.670231 0.225364 -0.707107 0.023859 -0.958830 -0.282977
-9.135569 -191.147887 1841.103361 19099.451045 0.720107 -0.145393 0.678459 0.640502 0.515323 -0.569386 0.266841 -0.844573 -0.464212
15.851572 -585.104498 -3134.586632 -162323.434417 -0.650768 0.042013 -0.758113 0.703572 -0.342019 -0.622904 -0.285460 -0.938753 0.193016
19.087093 -580.706253 9061.627010 -170079.805732 0.628322 -0.001664 0.777952 0.600625 -0.634513 -0.486459 -0.494430 -0.772910 0.397679
11.720277 -599.355296 1043.320740 -136164.555120 0.658374 -0.068214 0.749594 0.605435 -0.543702 -0.581237 -0.447204 -0.836502 0.316660
10.071638 -729.182716 3318.396072 -147976.931243 -0.662140 0.100873 -0.742560 0.743148 -0.039146 -0.667982 -0.096450 -0.994129 -0.049044
8.387693 -495.763141 2411.328581 124537.823702 0.671931 -0.038684 0.739603 -0.388828 0.831509 0.396743 -0.630334 -0.554162 0.543675
2.478069 -510.820118 -3981.877917 -119404.818503 -0.641603 0.011677 -0.766948 0.649168 -0.524328 -0.551055 -0.408567 -0.851436 0.328830
1.199477 -470.412609 -3111.879155 -52352.141102 -0.637273 0.032569 -0.769949 0.765096 -0.092871 -0.637184 -0.092258 -0.995145 0.034266
-641.126715 -4591.513061 132554.229102 846080.799070 -0.362861 0.694177 -0.621651 0.050927 -0.651349 -0.757067 0.930450 0.306369 -0.200997
-110.475939 -2856.433514 -1502.898851 -701771.396178 -0.181624 0.651997 -0.736147 0.032717 0.752189 0.658134 0.982824 0.095448 -0.157947
49.146745 -239.445980 4286.903193 -142613.277415 0.506120 -0.581603 0.636852 0.818228 0.090354 -0.567749 0.272662 0.808439 0.521614
-19.067892 -63.489102 -5624.242983 -2204.574018 -0.278500 -0.809217 0.517306 0.904683 -0.401871 -0.141592 0.322469 0.428565 0.844006
-14.542573 -64.353529 5013.439408 -991.035132 0.258332 0.811045 -0.524853 0.854548 -0.445239 -0.267411 0.450568 0.379432 0.808097
-6.485103 -61.025924 -4644.481400 -2479.756557 -0.213421 -0.825134 0.523072 0.933395 -0.330317 -0.140228 0.288486 0.458306 0.840673
0.743712 -62.969707 -4032.149805 -1887.554251 -0.198384 -0.834138 0.514643 0.900083 -0.362875 -0.241188 0.387935 0.415373 0.822783
-0.822891 -43.241313 -732.094380 -317.847909 0.019416 0.904293 -0.426471 -0.240384 0.418261 0.875941 -0.970484 -0.085509 -0.225499
0.537746 -44.578940 419.154999 277.226535 0.039519 0.910693 -0.411188 -0.164196 0.411835 0.896344 -0.985636 -0.032093 -0.165807
-0.488282 -44.364120 -747.117327 -63.991535 0.015213 0.912516 -0.408757 -0.090769 0.408377 0.908289 -0.995756 -0.023285 -0.089041
-2.184751 -41.894829 -1348.787552 -587.665803 0.016587 0.891913 -0.451903 -0.366719 0.425896 0.827122 -0.930184 -0.152001 -0.334145
1.318557 -43.817657 -433.269289 -818.808172 0.038142 0.890272 -0.453829 -0.412209 0.427736 0.804442 -0.910291 -0.156389 -0.383293
-8.330215 -28.782015 103.649590 -109.815813 -0.031088 0.999344 0.018572 -0.211131 0.011596 -0.977389 0.976963 0.034306 -0.210632
-8.868881 -28.791247 1464.354523 62.142348 -0.044005 0.997872 -0.048111 -0.126087 -0.053320 -0.990585 0.991043 0.037525 -0.128165
-11.402515 -29.225351 1316.714250 -337.342147 -0.049366 0.995298 -0.083330 -0.215832 -0.092091 -0.972078 0.975182 0.030003 -0.219363
-14.823883 -29.571632 2713.184178 -369.914801 -0.056003 0.984339 -0.167155 -0.183182 -0.174706 -0.967431 0.981483 0.023560 -0.190097
-11.962879 -28.820314 458.833121 -265.619239 -0.046307 0.998393 -0.032650 -0.292603 -0.044809 -0.955184 0.955112 0.034678 -0.294208
-16.387187 -30.782647 1462.142542 -550.130915 -0.069988 0.972888 -0.220432 -0.285014 -0.231265 -0.930206 0.955965 0.002278 -0.293472
101.644886 -17924.662189 -540904.188439 5754453.789765 0.571322 0.241929 -0.784259 -0.537289 -0.612092 -0.580227 0.620413 -0.752870 0.219716
-99.385353 -474.735480 -5375.933647 -110610.359093 0.532223 -0.112021 -0.839160 0.836466 0.222516 0.500810 0.130625 -0.968472 0.212130
8.244026 -2855.500691 20464.790555 -898380.090327 -0.118013 -0.161442 -0.979801 0.988828 0.071373 -0.130861 0.091058 -0.984298 0.151215
-36.411859 -1854.367117 -7549.108941 -626294.420077 0.143900 -0.144010 -0.979058 0.819132 0.572462 0.036191 0.555261 -0.807186 0.200340
227.210791 -13764.996637 147057.089722 9658144.979077 0.206747 0.137262 -0.968718 0.033503 0.988536 0.147220 0.977821 -0.062892 0.199779
-181.077701 -435.739511 -33078.142131 60050.996925 0.258587 0.055478 -0.964393 0.958928 -0.135219 0.249343 -0.116571 -0.989261 -0.088165
-78.054923 -305.317921 -16668.305102 60715.073187 0.223407 -0.118113 -0.967543 0.898979 -0.358683 0.251362 -0.376730 -0.925957 0.026049
-132.518723 -326.518692 -23558.956233 52140.117235 0.351247 -0.002540 -0.936279 0.813384 -0.494444 0.306484 -0.463716 -0.869206 -0.171606
-34.083839 -53.004290 -1306.440537 -1148.832395 -0.257763 0.966065 -0.016625 -0.760432 -0.192221 0.620318 -0.596072 -0.172537 -0.784174
-39.610988 -52.033858 -3406.709641 -909.674900 -0.245593 0.964498 0.097100 -0.732081 -0.250200 0.633607 -0.635407 -0.084524 -0.767537
-38.882942 -49.967866 -1915.439481 826.631421 -0.254926 0.962318 0.094636 -0.813034 -0.266295 0.517748 -0.523440 -0.055045 -0.850283
-38.125266 -53.294678 -1235.055867 1769.653895 -0.428550 0.892326 0.141769 -0.803851 -0.448192 0.391084 -0.412515 -0.053638 -0.909370
-34.793799 -46.402585 -734.831089 1280.581358 -0.211461 0.976690 -0.036894 -0.840950 -0.162576 0.516113 -0.498084 -0.140163 -0.855726
-44.692614 -54.748267 -2500.492603 1638.642168 -0.478276 0.828342 0.291720 -0.762831 -0.556437 0.329343 -0.435132 0.065017 -0.898016
54.350411 -38.397154 7242.735030 -2715.154570 0.375647 0.925431 0.049661 0.630323 -0.294406 0.718344 -0.679398 0.238542 0.693914
61.260308 -37.503795 7562.460301 2196.091082 0.465998 0.872365 0.147735 0.545966 -0.414905 0.727856 -0.696252 0.258521 0.669626
48.969972 -28.763254 12661.397851 -260.594064 0.565997 0.824318 -0.012151 0.570049 -0.380677 0.728099 -0.595560 0.419029 0.685364
33.026084 -24.090235 7852.773411 -77.050425 0.685156 0.725581 0.063980 0.448931 -0.489819 0.747354 -0.573604 0.483332 0.661338
29.483768 -22.806019 6355.518579 -6.304219 0.616679 0.787161 -0.009208 0.564415 -0.433961 0.702221 -0.548765 0.438241 0.711900
41.681148 -28.024325 11366.196860 -1447.661994 0.469784 0.877746 -0.094150 0.672913 -0.287026 0.681766 -0.571394 0.383638 0.725487
-9.431643 -46.216935 -2789.396716 -52.316784 -0.296001 0.941561 -0.160771 -0.790619 -0.147058 0.594386 -0.536008 -0.303047 -0.787945
-7.328659 -45.926671 -3040.053275 66.027231 -0.310464 0.935387 -0.169306 -0.704955 -0.107077 0.701123 -0.637692 -0.337026 -0.692649
-13.622200 -45.751038 -1101.181680 -432.125816 -0.305442 0.944567 -0.120410 -0.726283 -0.149322 0.670981 -0.615806 -0.292398 -0.731632
-15.584833 -45.702563 -869.681871 -487.597786 -0.261762 0.957012 -0.124934 -0.814098 -0.149413 0.561177 -0.518387 -0.248603 -0.818213
-13.650406 -45.980827 -1461.019417 134.953105 -0.274094 0.951514 -0.139617 -0.860024 -0.177547 0.478368 -0.430385 -0.251192 -0.866990
6.816791 -41.236095 -7167.979247 882.708115 -0.752286 -0.198966 -0.628075 0.156289 0.872204 -0.463501 0.640031 -0.446847 -0.625051
3.344699 -38.277641 -6665.028438 995.127520 -0.756979 -0.183595 -0.627116 0.078733 0.927099 -0.366455 0.648678 -0.326774 -0.687340
22.894941 -39.604377 -7909.800764 917.827951 -0.737072 -0.092786 -0.669414 0.211738 0.908953 -0.359126 0.641788 -0.406443 -0.650317
34.154698 -42.216594 -10072.664606 -36.350434 -0.717072 -0.102442 -0.689429 0.316152 0.833727 -0.452711 0.621172 -0.542591 -0.565455
18.288934 -42.163222 -9461.985908 443.161705 -0.728581 -0.194724 -0.656698 0.260232 0.808161 -0.528352 0.633601 -0.555841 -0.538137
-3.306183 -62.521754 -647.140110 -1359.834207 0.524524 0.820372 0.227739 0.303369 0.069844 -0.950310 0.795513 -0.567549 0.212240
-0.467231 -64.626111 -1091.298782 -449.741922 0.538127 0.810925 0.229826 0.194417 0.145898 -0.970008 0.820135 -0.566670 0.079146
-3.422779 -63.281549 -1003.293814 254.506601 0.536750 0.818636 0.204292 0.164005 0.136280 -0.977001 0.827648 -0.557910 0.061112
-6.341191 -61.351427 -1003.358962 -1742.444750 0.529277 0.823953 0.202404 0.314154 0.031286 -0.948856 0.788145 -0.565794 0.242290
-5.437211 -57.244928 -821.195731 -3283.660330 0.523191 0.823835 0.218101 0.434633 -0.037806 -0.899814 0.733052 -0.565568 0.377846
13.505578 -103.125753 -1215.384092 4623.549981 0.398117 0.882155 0.251604 -0.793517 0.468787 -0.388033 0.460254 0.045169 -0.886637
13.860985 -96.210161 -2662.801106 -5441.796184 0.439353 0.862320 0.251742 -0.614796 0.492966 -0.615639 0.654977 -0.115713 -0.746736
15.196256 -98.613865 -1193.695810 -5401.175595 0.413751 0.859878 0.299030 -0.574510 0.501416 -0.646931 0.706221 -0.095873 -0.701470
11.977045 -104.042220 911.982405 -190.394040 0.353591 0.874535 0.331906 -0.723812 0.480564 -0.495130 0.592511 0.065165 -0.802922
14.018923 -97.411496 2591.568483 -4878.679797 0.339435 0.869708 0.358319 -0.508435 0.490131 -0.708001 0.791377 -0.058138 -0.608557
-1.196430 -135.157918 -249.810056 -9215.982534 0.465585 0.883678 0.048408 -0.664392 0.312868 0.678747 -0.584648 0.348176 -0.732775
-0.246795 -141.274057 -576.781894 -11758.211630 0.484034 0.874517 0.030528 -0.692992 0.361793 0.623593 -0.534298 0.322995 -0.781153
1.028728 -163.177387 -445.892611 -14468.161027 0.456746 0.886709 0.071619 -0.520924 0.201330 0.829520 -0.721124 0.416188 -0.553865
-6.979562 -41.977288 757.963055 1497.087115 0.374811 0.889015 0.263001 0.770219 -0.140698 -0.622067 0.516023 -0.435726 0.737471
-7.897193 -41.613026 837.459373 64.253355 0.397631 0.882544 0.251010 0.707260 -0.120532 -0.696603 0.584528 -0.454520 0.672115
-3.827995 -40.359730 1584.070115 -341.934720 0.412880 0.884968 0.215317 0.679695 -0.142025 -0.719613 0.606254 -0.443464 0.660148
-8.987165 -45.303685 499.749784 -2554.466096 0.433046 0.875291 0.215257 0.619516 -0.115558 -0.776431 0.654729 -0.469586 0.592299
1.204827 -38.704463 2601.318136 332.098646 0.426362 0.884307 0.190304 0.680487 -0.174961 -0.711566 0.595947 -0.432884 0.676357
-3.945195 -41.068457 1333.227160 1379.869787 0.405808 0.886843 0.220975 0.745018 -0.180935 -0.642036 0.529403 -0.425174 0.734139
1.391226 -51.984283 841.922456 625.917053 0.475063 0.872761 0.112266 -0.524702 0.383377 -0.760073 0.706402 -0.302176 -0.640067
0.486659 -53.620868 532.987665 484.855616 0.475398 0.872653 0.111686 -0.535977 0.387951 -0.749815 0.697656 -0.296600 -0.652153
1.704242 -50.551277 949.647400 310.445487 0.445510 0.891214 0.085199 -0.636968 0.382404 -0.669357 0.629121 -0.243936 -0.738040
38.206700 -38.175540 -610.634771 1941.339229 0.213065 0.956979 0.196964 0.196961 -0.239524 0.950702 -0.956979 0.163768 0.239522
42.229146 -38.645972 6015.791435 1312.848119 0.363094 0.918805 0.154790 0.275102 -0.264436 0.924334 -0.890214 0.293037 0.348780
40.076217 -34.485933 -2780.027138 568.230555 0.166755 0.951355 0.259068 0.268878 -0.296665 0.916349 -0.948629 0.083148 0.305268
3.693777 -116.605036 3947.757777 -14926.356432 0.509983 0.786251 -0.348893 0.846215 -0.531381 0.039428 -0.154395 -0.315346 -0.936333
5.342200 -128.104842 2837.160093 -16121.587150 0.491733 0.787046 -0.372500 0.866235 -0.485653 0.117383 -0.088520 -0.380394 -0.920578
2.828532 -127.064599 1945.945116 -9894.293632 0.483487 0.781818 -0.393702 0.871294 -0.386566 0.302347 0.084189 -0.489211 -0.868093
-0.210483 -117.665355 1128.144512 -8472.722622 0.488658 0.780366 -0.390182 0.867371 -0.482816 0.120649 -0.094236 -0.397389 -0.912799
-1.505785 -22.100340 -1969.319266 1314.863383 0.165610 0.705376 0.689215 0.374451 -0.691505 0.617744 -0.912338 -0.155772 0.378649
-5.527368 -23.074582 -1092.801693 -191.082659 0.261703 0.511242 0.818623 -0.294720 0.850002 -0.436620 -0.919049 -0.126999 0.373121
-8.747898 -24.160681 -86.213518 -324.374632 0.251000 0.585164 0.771092 -0.247863 0.808888 -0.533164 -0.935715 -0.057301 0.348071
-10.674078 -1040.069134 11190.997387 -341415.563800 0.154996 0.455282 -0.876752 0.392545 0.786028 0.477566 0.906579 -0.418185 -0.056887
-24.419143 -399.125728 10934.272022 -115599.228167 0.108664 0.548109 -0.829318 0.008409 0.833721 0.552121 0.994043 -0.066970 0.085987
-44.338332 -708.654260 1391.035871 -208898.317537 0.293956 0.496194 -0.816934 0.182237 0.809922 0.557509 0.938285 -0.312759 0.147656
-53.065647 -151.677586 11528.613203 -54649.307245 0.073578 0.137993 -0.987696 0.609767 0.777467 0.154046 0.789158 -0.613599 -0.026940
-15.447017 -38.490019 -334.428208 -517.765156 -0.760366 0.638383 -0.119623 0.589792 0.755795 0.284464 0.272008 0.145744 -0.951194
-18.041127 -38.810304 -565.392470 839.999885 -0.618913 0.779635 -0.095480 -0.761768 -0.625424 -0.168980 0.191458 0.031850 -0.980984
-18.568070 -43.939673 -174.234592 753.247074 -0.600376 0.799098 -0.031479 -0.781424 -0.594559 -0.189412 0.170075 0.089119 -0.981393
-16.178665 -43.031728 123.093330 -1554.438634 -0.660460 0.750755 -0.012650 -0.705677 -0.626383 -0.331157 0.256541 0.209789 -0.943491
-10.610940 -34.287145 -837.043355 4520.593836 -0.779013 0.617335 -0.109710 0.517693 0.731990 0.442927 0.353741 0.288250 -0.889820
-15.846546 -33.766153 441.392717 1853.974493 -0.408531 0.862205 0.299507 0.879802 0.284620 0.380710 0.243005 0.419038 -0.874846
-16.154202 -37.445400 -21.932514 1242.002753 -0.400368 0.857248 0.323776 0.905350 0.315451 0.284310 0.141589 0.406959 -0.902406
-15.224523 -32.677396 391.634139 1970.817779 -0.356947 0.861630 0.360809 0.904547 0.222393 0.363780 0.233202 0.456219 -0.858767
-14.988881 -26.906243 970.143678 2409.881032 -0.323500 0.877623 0.353731 0.886984 0.151060 0.436394 0.329555 0.454927 -0.827306
-0.276533 -114.080759 -517.729503 6099.451047 0.646634 0.720604 0.250190 0.336067 0.025314 -0.941498 0.684781 -0.692885 0.225802
-0.487356 -103.233926 -531.587291 2584.345607 0.659151 0.723085 0.206563 0.150299 0.142467 -0.978322 0.736838 -0.675908 0.014772
-1.233343 -109.989539 -182.657299 5253.099041 0.649128 0.721494 0.240998 0.262237 0.085145 -0.961240 0.714048 -0.687166 0.133933
-1.585429 -129.350314 -438.125792 9784.194135 0.628307 0.724663 0.283009 0.472243 -0.066175 -0.878981 0.618236 -0.685919 0.383795
-176.778366 -562.651141 33590.613893 158552.408257 0.632046 -0.019348 -0.774689 0.716482 -0.366292 0.593704 -0.295249 -0.930299 -0.217651
-360.656743 -1017.717456 102102.495618 -363565.722615 0.699054 -0.036376 -0.714143 -0.661801 0.345328 -0.665408 -0.270818 -0.937777 -0.217329
-241.095517 -1737.947329 104601.558567 -425978.328244 -0.100250 -0.011604 0.994895 -0.152370 0.988316 -0.003826 -0.983226 -0.151976 -0.100847
-133.715715 -657.440971 12075.033696 -191201.486443 0.713424 -0.051290 -0.698853 -0.640533 0.356690 -0.680066 -0.284155 -0.932814 -0.221618
-108.224012 -587.482601 21216.456517 -183342.621469 0.766777 -0.016837 -0.641693 -0.616327 0.260114 -0.743291 -0.179429 -0.965431 -0.189072
-70.566253 -263.720764 6272.427660 60434.440570 0.322938 0.081655 -0.942891 0.901260 -0.330609 0.280049 -0.288861 -0.940229 -0.180358
3.853510 -52.727943 584.375266 -785.076404 0.340879 0.940098 0.004109 -0.901266 0.328035 -0.283043 0.267436 -0.092780 -0.959099
4.950373 -52.729837 1061.088845 -1377.470453 0.335788 0.941933 0.003007 -0.889789 0.318244 -0.327103 0.309066 -0.107162 -0.944984
3.014925 -51.514499 1355.114858 -363.957752 0.352702 0.935408 0.024750 -0.861038 0.334789 -0.382793 0.366354 -0.113702 -0.923503
-52.611019 -85.198359 -298.504485 8782.164704 -0.642292 0.766398 0.009778 0.745743 0.627826 -0.222940 0.177000 0.135900 0.974783
-32.927061 -83.337325 -7305.496625 4706.810755 -0.550573 0.826259 0.119019 0.809567 0.563265 -0.165331 0.203646 -0.005327 0.979030
-18.985818 -88.832577 -8656.100569 14216.515447 -0.468001 0.863375 0.188570 0.778112 0.503736 -0.375222 0.418947 0.028876 0.907551
-26.574345 -69.836975 -5754.971554 13677.277789 -0.425239 0.895726 0.129798 0.733233 0.425012 -0.530786 0.530605 0.130538 0.837507
21.748233 -97.295652 -474.697519 8963.875221 0.963433 -0.262865 0.051940 -0.142437 -0.338246 0.930216 0.226953 0.903599 0.363319
40.859956 -88.515413 -4668.398385 11335.462425 0.959445 -0.281852 -0.005000 -0.145813 -0.511383 0.846892 0.241255 0.811817 0.531741
36.427662 -67.104043 94.672097 9299.357548 0.948685 -0.309566 0.064544 -0.249001 -0.605472 0.755911 0.194925 0.733193 0.651485
3.716256 -110.851765 598.084955 10273.484668 -0.766911 0.448828 -0.458694 0.455827 0.884093 0.102961 0.451741 -0.130123 -0.882609
10.828228 -159.596351 -4207.109702 25146.418966 0.788087 -0.436660 0.433874 0.540363 0.828340 -0.147854 0.294833 -0.350972 -0.888759
3.107632 -86.651235 324.966711 4272.037340 -0.783023 0.402742 -0.473997 0.392593 0.911098 0.125587 0.482437 -0.087751 -0.871524
199.695223 -29.246094 51049.283965 670.383384 0.886308 -0.387719 0.253243 -0.041049 -0.610470 -0.790975 -0.461273 -0.690652 0.556980
5.864127 -44.564671 -970.520185 -139.471984 0.338716 0.822359 -0.457161 -0.743341 -0.063983 -0.665846 0.576815 -0.565359 -0.589621
4.141985 -45.736135 -675.600373 693.089726 0.355506 0.829379 -0.430983 -0.654471 -0.108311 -0.748289 0.667295 -0.548087 -0.504299
4.985615 -45.449271 -45.549967 -434.447760 0.337495 0.838958 -0.426905 -0.726031 -0.056661 -0.685324 0.599146 -0.541239 -0.589986
6.153680 -44.687531 126.135208 679.100088 0.322116 0.837226 -0.441921 0.799614 0.009292 0.600443 0.506813 -0.546778 -0.666464
8.027438 -43.871869 285.504542 474.631004 0.310242 0.823818 -0.474420 0.820103 0.020473 0.571849 0.480812 -0.566484 -0.669264
-28.790297 -95.558213 876.329910 12549.452736 0.046203 0.995512 0.082588 0.975996 -0.027373 -0.216064 0.212833 -0.090588 0.972880
-31.007062 -104.232780 -131.127140 12920.365818 0.050520 -0.985247 -0.163510 0.990653 0.070206 -0.116953 0.126707 -0.156074 0.979585
-24.739496 -76.580623 -435.654694 10886.795123 -0.013139 0.986707 0.161975 0.937603 0.068447 -0.340905 0.347460 -0.147389 0.926039
-21.820647 -68.723653 393.082126 8549.458708 0.111073 0.992002 0.059962 0.912392 -0.077870 -0.401843 0.393959 -0.099343 0.913743
-23.642549 -84.531903 1122.006943 7724.594659 0.156446 0.987662 -0.007011 0.953602 -0.152892 -0.259357 0.257229 -0.033890 0.965756
-29.433639 -108.139328 2147.981890 10827.516148 0.085168 0.996344 -0.006676 0.993862 -0.085427 -0.070294 0.070608 0.000648 0.997504
-1.697632 -194.489978 -577.602066 -1839.048269 0.174477 0.962450 0.207960 -0.828275 0.257664 -0.497564 0.532464 0.085435 -0.842130
-2.052991 -186.388500 168.224863 1377.895601 0.137817 0.967459 0.212202 -0.942601 0.193904 -0.271855 0.304156 0.162556 -0.938651
12.105470 -11.119447 -4219.508686 -1552.366936 0.997140 0.055350 0.051460 -0.067359 0.959646 0.273023 0.034272 0.275708 -0.960630
-3.946867 -15.120411 -4099.872795 -2736.644506 0.955563 -0.282090 -0.085586 0.294774 0.917230 0.267952 -0.002916 0.281273 -0.959623
-9.307313 -30.433564 -2816.948935 -2791.939518 0.925863 -0.362928 -0.105170 0.373794 0.838991 0.395440 0.055280 0.405435 -0.912451
-5.031536 -27.292989 -1960.738159 -1703.896130 -0.054343 0.991272 0.120109 0.926998 0.005379 0.375028 -0.371109 -0.131721 0.919200
-6.544091 -31.833160 -1937.994137 -3299.806645 -0.011942 0.991349 0.130711 0.951525 -0.028912 0.306209 -0.307339 -0.128032 0.942948
-18.501503 -107.210168 1156.839311 -3668.714795 0.781694 -0.504905 0.366094 -0.138896 0.431323 0.891442 0.607998 0.747684 -0.267033
-13.179389 -110.728637 999.121125 -5015.714621 0.762689 -0.539459 0.356777 -0.222367 0.299286 0.927890 0.607337 0.787027 -0.108305
-17.050910 -112.043714 564.651388 -4115.869057 0.801062 -0.500243 0.328720 -0.259959 0.203933 0.943839 0.539186 0.841528 -0.033321
-20.284538 -105.811484 1617.248023 -3244.359455 0.806105 -0.488276 0.334337 -0.181650 0.333535 0.925072 0.563204 0.806437 -0.180169
-19.406101 -96.994271 986.379615 -3076.285643 0.800172 -0.460839 0.383864 -0.078115 0.554492 0.828515 0.594661 0.692940 -0.407691
-9.742525 -51.418584 2215.789320 -1448.373700 0.252296 0.884775 -0.391816 0.846922 -0.006050 0.531683 -0.468050 0.465979 0.750862
-1.346625 -46.166202 4982.674084 -490.266673 0.215848 0.858224 -0.465684 0.818588 0.100937 0.565442 -0.532281 0.503253 0.680745
11.587035 -42.530821 6349.238466 -2140.281340 0.151414 0.850357 -0.503951 0.817889 0.178526 0.546979 -0.555096 0.494996 0.668467
-4.511268 -260.193416 648.693655 10289.959382 0.716629 -0.125512 0.686069 0.692654 0.012853 -0.721156 -0.081695 -0.992009 -0.096147
-3.882071 -243.186040 1081.184912 -7707.610045 0.719029 -0.112332 0.685842 0.624562 -0.328404 -0.708571 -0.304828 -0.937834 0.165974
0.064627 -15.181174 736.775533 1200.640375 -0.180448 0.891931 0.414606 -0.820702 0.095793 -0.563269 0.542113 0.441909 -0.714724
-0.261666 -13.072677 767.449499 -503.673589 0.090902 0.816960 0.569485 -0.854996 0.357229 -0.375991 0.510607 0.452729 -0.730970
5.217283 -17.938054 2285.427583 463.047365 -0.077648 0.872401 0.482584 -0.847504 0.197173 -0.492808 0.525079 0.447258 -0.724053
-2.294605 -10.309008 15.247215 194.563251 -0.051330 0.870408 0.489648 -0.851287 0.218227 -0.477166 0.522183 0.441325 -0.729765
5.983354 -20.786706 2177.135456 1409.743617 -0.229427 0.896364 0.379336 -0.790071 0.056114 -0.610442 0.568464 0.439754 -0.695317
2.481516 -19.912944 1249.057675 1842.985998 -0.316405 0.894728 0.315200 -0.750419 -0.032812 -0.660147 0.580310 0.445405 -0.681803
-0.764529 -16.871679 407.002300 1890.837963 -0.305581 0.895476 0.323639 -0.766897 -0.030011 -0.641069 0.564349 0.444097 -0.695909
-1.027284 -12.110948 -6.862477 1422.948073 -0.257951 0.898269 0.355773 -0.801922 0.006324 -0.597395 0.538871 0.439401 -0.718710
53.042429 -1692.501984 -2305.685076 -652216.926698 -0.624181 0.005861 -0.781258 0.752294 -0.265341 -0.603031 -0.210834 -0.964137 0.161212
59.197232 -618.799785 14011.584450 -56826.650697 0.632542 -0.096372 0.768507 0.577083 -0.603152 -0.550621 -0.516591 -0.791783 0.325905
605.208116 83.611871 103738.215032 -15.906843 0.945929 0.244026 -0.213704 -0.261842 0.185573 -0.947102 0.191460 -0.951848 -0.239435
-10.738148 -64.271930 1685.380504 -5763.843048 0.860464 -0.127009 0.493428 -0.301198 0.654303 0.693663 0.410952 0.745491 -0.524749
-17.120421 -53.776250 985.930826 -3921.375852 0.901725 -0.130851 0.412032 -0.215766 0.689677 0.691224 0.374616 0.712196 -0.593666
-10.609077 -69.991770 1253.632214 -6043.043253 0.903937 -0.171434 0.391801 -0.241190 0.552189 0.798069 0.353164 0.815903 -0.457797
-4.692032 -82.061458 1291.763614 -6922.113519 0.868898 -0.147360 0.472548 -0.355526 0.478450 0.802924 0.344410 0.865662 -0.363334
-4.211120 -84.748981 1197.173223 -7352.511678 0.897131 -0.182473 0.402317 -0.305950 0.400304 0.863801 0.318669 0.898031 -0.303298
-31.935186 -67.500081 5072.436387 -1521.029718 0.398706 0.774782 -0.490659 0.825111 -0.536586 -0.176825 0.400281 0.334347 0.853221
-29.930092 -66.419148 4508.139343 307.695123 0.394713 0.754009 -0.525045 0.739916 -0.599640 -0.304887 0.544726 0.268147 0.794589
-3.468263 -62.052551 4815.039538 803.022124 0.192765 0.830166 -0.523132 0.822841 -0.427206 -0.374737 0.534579 0.358218 0.765445
0.847937 -45.233246 747.313953 -126.524859 0.040666 0.919366 -0.391296 -0.086533 0.393389 0.915291 -0.995419 0.003361 -0.095553
-138.688649 -978.869170 -20250.579274 313543.619910 0.125657 -0.189974 0.973715 0.937486 0.343824 -0.053901 -0.324546 0.919617 0.221301
-288.856198 -358.373006 -16119.575661 91037.573517 0.490427 -0.422030 0.762478 0.856924 0.074277 -0.510062 0.158627 0.903534 0.398075
-42.410325 -391.376804 2056.780754 91318.859754 -0.501025 -0.297664 0.812632 0.863330 -0.237321 0.445353 0.060288 0.924703 0.375886
-707.640170 -1322.363789 -116220.301987 96079.291223 -0.504136 -0.408950 0.760662 0.809641 0.082716 0.581068 -0.300546 0.908800 0.289403
2805.994796 -65396.940629 60736.876924 22739216.602374 0.242670 0.179329 0.953390 0.453714 0.847677 -0.274930 -0.857470 0.499284 0.124342
70.585714 -16753.926620 -96833.773180 9607608.305814 0.013277 -0.055595 0.998365 0.432129 0.900718 0.044410 -0.901714 0.430832 0.035983
-27.617352 -262.162176 -7986.329306 33450.480550 0.122249 -0.134308 -0.983370 0.940672 -0.300308 0.157957 -0.316529 -0.944339 0.089627
-10.009139 -181.167699 -6304.180121 13344.085200 0.087104 -0.168128 -0.981909 0.803709 -0.570523 0.168985 -0.588613 -0.803888 0.085431
-39.436225 -205.239919 -12377.817447 4856.534378 0.114222 -0.197541 -0.973617 0.699346 -0.680075 0.220028 -0.705598 -0.706028 0.060469
-34.645108 -54.189594 -2191.390345 -2259.122526 -0.267687 0.963391 0.014895 -0.681079 -0.200134 0.704328 -0.681524 -0.178395 -0.709718
-39.085617 -53.922256 -3941.476218 -825.406233 -0.295157 0.942053 0.159429 -0.595431 -0.311859 0.740409 -0.747224 -0.123608 -0.652976
-44.234971 -51.899739 -4178.855388 -659.493301 -0.323213 0.893213 0.312575 -0.609160 -0.449150 0.653597 -0.724194 -0.020843 -0.689281
-48.296171 -51.455557 -2625.663987 1266.595770 -0.485311 0.739333 0.466754 -0.580621 -0.671650 0.460180 -0.653722 0.047676 -0.755231
67.511703 -50.384601 -3370.027140 4941.371051 0.327712 0.888376 0.321548 0.493101 -0.451139 0.743858 -0.805889 0.085216 0.585903
61.703175 -40.308861 6873.296215 4650.599543 0.534873 0.807281 0.249418 0.410561 -0.506319 0.758341 -0.738479 0.303215 0.602254
64.991875 -47.259700 -2866.986633 -236.087229 0.270716 0.932680 0.238372 0.592132 -0.356566 0.722662 -0.759008 0.054489 0.648798
-6.650195 -44.232346 676.377983 108.649266 -0.359687 0.931357 -0.056567 -0.597511 -0.183345 0.780619 -0.716663 -0.314578 -0.622443
-5.004659 -45.001103 -1151.822129 462.293750 -0.314044 0.936994 -0.153031 -0.600776 -0.071315 0.796230 -0.735150 -0.341989 -0.585320
2.984310 -45.703805 -5393.365396 177.936780 -0.337018 0.924760 -0.176742 -0.665504 -0.101200 0.739502 -0.665976 -0.366848 -0.649538
-14.273372 -37.696231 -3141.279625 735.610288 -0.786890 -0.334890 -0.518318 -0.118313 0.906226 -0.405903 0.605645 -0.258077 -0.752722
-1.994932 -35.464335 -6193.779149 764.698130 -0.761639 -0.183880 -0.621364 -0.014591 0.963517 -0.267249 0.647837 -0.194482 -0.736535
17.717675 -37.094023 -7501.775617 760.914875 -0.744261 -0.093244 -0.661348 0.120971 0.955009 -0.270784 0.656842 -0.281538 -0.699496
2.128669 -64.140078 -858.845254 -1128.048655 0.533886 0.814190 0.228167 0.256593 0.101114 -0.961216 0.805684 -0.571725 0.154932
1.659293 -64.956107 -530.383117 402.902319 0.528213 0.821259 0.215698 0.069358 0.211448 -0.974925 0.846275 -0.529928 -0.054729
-0.659920 -62.970642 -853.513772 1415.563474 0.535346 0.815771 0.218912 0.058012 0.223055 -0.973078 0.842638 -0.533633 -0.072087
11.959821 -93.922323 -557.528619 -1931.801646 0.420730 0.870970 0.253765 -0.702567 0.489792 -0.516240 0.573922 -0.038911 -0.817985
2.419867 -190.083284 -1716.707761 -26205.718576 0.454167 0.890556 0.025355 -0.691411 0.334373 0.640425 -0.561856 0.308391 -0.767602
1.472563 -168.982019 -1628.448572 -16470.423504 0.452637 0.890402 0.047991 -0.553353 0.238279 0.798138 -0.699229 0.387823 -0.600560
-12.140361 -53.372218 1070.161823 694.580283 -0.441323 -0.869154 -0.223170 0.888940 -0.389486 -0.241011 0.122554 -0.304749 0.944515
-7.237052 -53.144851 -1182.799769 814.567021 -0.468993 -0.867361 -0.166525 0.869083 -0.419641 -0.261908 0.157288 -0.267557 0.950617
-10.336570 -53.089961 78.410867 -379.294215 -0.456867 -0.869147 -0.189359 0.889156 -0.439993 -0.125728 0.025960 -0.225811 0.973825
2.928008 -53.601140 -5488.473100 -198.173140 -0.498640 -0.859747 -0.110421 0.863268 -0.481054 -0.152826 0.078273 -0.171528 0.982065
-11.396899 -52.010933 1128.231361 -637.171200 -0.455783 -0.857742 -0.237783 0.890025 -0.435941 -0.133456 0.010811 -0.272460 0.962106
-10.207654 -50.375634 617.696406 -2114.448123 -0.475654 -0.853789 -0.211655 0.870475 -0.491503 0.026433 -0.126597 -0.171668 0.976987
-5.154891 -52.524498 -2636.996485 -2111.170277 -0.477788 -0.865953 -0.147798 0.875112 -0.483882 0.006101 -0.076800 -0.126425 0.988999
-8.477869 -42.979327 246.720846 1342.726558 0.393208 0.875833 0.279828 0.777331 -0.154116 -0.609922 0.491064 -0.457345 0.741412
-10.257397 -42.871562 148.371732 -1464.418842 0.440745 0.867419 0.230927 0.643276 -0.125796 -0.755229 0.626051 -0.481413 0.613434
-8.775003 -43.235045 -124.045730 -16.600022 0.444916 0.858463 0.255131 0.695813 -0.152001 -0.701955 0.563822 -0.489834 0.664957
5.762913 -46.394416 713.460748 844.436828 0.440387 0.896764 0.043294 -0.659564 0.355865 -0.662069 0.609126 -0.263011 -0.748191
4.631917 -47.553041 608.432241 321.868532 0.476629 0.875177 0.083004 -0.510304 0.352321 -0.784513 0.715832 -0.331564 -0.614533
3.784783 -49.616728 584.184019 754.759469 0.479055 0.872152 0.099285 -0.529497 0.377333 -0.759771 0.700099 -0.311402 -0.642565
46.621687 -35.527121 2025.490906 270.427317 0.313883 0.920095 0.234312 0.354839 -0.342580 0.869901 -0.880663 0.189904 0.434016
37.612850 -40.942026 7893.311277 517.162725 0.440354 0.888572 0.128561 0.342361 -0.298559 0.890871 -0.829986 0.348285 0.435684
27.087237 -44.026874 6817.109468 1316.354290 0.444215 0.893418 0.066912 0.268443 -0.203982 0.941451 -0.854758 0.400245 0.330444
-3.915393 -224.241425 -137.191197 -18304.897283 0.424998 0.835382 -0.348587 0.717196 -0.545715 -0.433388 0.552274 0.065817 0.831061
-7.129723 -214.972077 1184.588834 -6494.505498 0.387880 0.839321 -0.380906 0.538207 -0.541735 -0.645644 0.748253 -0.045426 0.661857
-5.346741 -188.735768 216.756152 -10419.474855 0.364612 0.867162 -0.339247 0.776248 -0.484287 -0.403615 0.514293 0.116177 0.849709
-6.274748 -236.751650 203.439122 2155.421098 0.433323 0.827981 -0.355919 0.434897 -0.538003 -0.722092 0.789364 -0.158111 0.593216
-0.711610 -185.468495 813.193819 -24786.248369 -0.397283 -0.862799 0.312641 0.894132 -0.440633 -0.079819 0.206628 0.247832 0.946512
6.461273 -16.850000 -5253.187900 1613.935004 0.117016 0.679812 0.723991 0.513138 -0.665536 0.541988 -0.850292 -0.308087 0.426716
12.421789 -14.438517 -5129.016805 1042.931578 0.092846 0.728236 0.679009 0.547967 -0.606762 0.575823 -0.831331 -0.318612 0.455385
-2.998335 -17.807439 -5129.071901 1217.003915 0.112878 0.679968 0.724501 0.544561 -0.652234 0.527299 -0.831090 -0.335015 0.443907
-6.345599 -21.530500 -2986.756201 -1890.228874 0.278582 0.449222 0.848877 -0.409011 0.855201 -0.318340 -0.868966 -0.258517 0.421980
2.359144 -20.004929 -4121.919505 -1409.556061 0.190760 0.581141 0.791129 -0.437910 0.771671 -0.461257 -0.878547 -0.258454 0.401691
13.673945 -18.667494 -5511.721213 634.122153 0.103148 0.741485 0.662993 0.482195 -0.620263 0.618677 -0.869970 -0.255877 0.421520
26.989920 -5228.282171 7202.892919 -1736460.331068 0.383157 0.307010 -0.871169 0.347554 0.825917 0.443923 0.855802 -0.472870 0.209753
1786.203127 -2955.114518 -830425.563365 662133.666968 -0.182580 -0.368848 -0.911381 0.781571 0.507937 -0.362143 0.596500 -0.778429 0.195542
-180.477256 -1220.288841 2836.148244 -304108.235945 0.300277 0.167669 -0.939000 0.296348 0.919314 0.258920 0.906649 -0.356018 0.226360
-317.166817 -6704.102568 54118.391925 2799578.612613 0.221403 0.720946 -0.656671 0.670572 -0.601466 -0.434248 0.708035 0.344201 0.616613
