19083
38157
-39.000253 -60.196379 364.282077 4808.888696 0.297174 0.885329 0.357604 -0.083449 -0.349009 0.933396 -0.951170 0.307223 0.029837
-43.367107 -67.745404 204.312076 3310.171975 0.323430 0.877301 0.354593 -0.190640 -0.306637 0.932540 -0.926849 0.369210 -0.068073
-50.911136 -77.406970 1484.231302 4890.354392 0.338817 0.940671 -0.018461 -0.129891 0.066201 0.989316 -0.931843 0.332799 -0.144614
-35.505538 -59.668044 80.299775 4201.733828 0.358724 0.746963 0.559789 -0.199420 -0.524530 0.827708 -0.911893 0.408552 0.039202
-43.977981 -77.740005 -612.679889 10348.788199 0.272105 0.952291 -0.138208 0.019529 0.138132 0.990221 -0.962069 0.272143 -0.018989
-35.096377 -59.407516 -2398.551989 10757.594987 0.223177 0.974179 0.034167 0.095031 -0.056628 0.993862 -0.970135 0.218560 0.105216
-30.549365 -49.235404 1656.215099 6283.706702 0.286781 0.761501 0.581268 -0.026841 -0.600129 0.799453 -0.957620 0.244870 0.151666
-29.564531 -49.558711 745.314503 -4227.921560 0.321820 0.650401 0.688048 0.126610 0.690619 -0.712050 -0.938297 0.316266 0.139908
2.446483 -78.679860 -16428.589373 15393.211346 0.040376 0.656306 0.753414 0.659368 -0.584039 0.473427 -0.750736 -0.477661 0.456328
-3.116478 -117.113894 19824.739553 58109.976709 -0.000007 -0.734257 -0.678871 0.879252 -0.323389 0.349764 -0.476356 -0.596897 0.645600
-21.610510 -124.231493 -39619.107947 41542.570312 -0.002813 0.581829 0.813307 0.753017 -0.533924 0.384566 -0.657995 -0.613515 0.436625
-3.925686 -253.094462 2782.638492 -114162.626024 0.054202 0.857315 0.511930 0.233050 -0.509386 0.828380 -0.970953 -0.074406 0.227407
3.970071 -83.214464 -2320.443685 25457.597752 0.174761 0.686846 0.705479 -0.379939 0.708055 -0.595235 -0.908353 -0.164016 0.384700
12.812379 -24.202315 -2988.283481 -83.573663 0.942351 0.334625 -0.000250 -0.184139 0.519185 0.834590 -0.279404 0.786431 -0.550872
14.815411 -22.215761 -1442.482611 -560.044776 0.965000 0.254710 -0.062436 -0.080632 0.514715 0.853561 -0.249548 0.818652 -0.517238
13.252005 -24.094479 -3448.834816 232.661015 0.942694 0.332241 -0.030721 -0.147755 0.498237 0.854358 -0.299159 0.800860 -0.518775
22.975708 -21.071191 924.478256 613.469661 0.922981 0.380521 0.057535 -0.226474 0.416178 0.880628 -0.311153 0.825832 -0.470303
19.131515 -22.273855 2484.636697 1140.764933 0.886891 0.437594 0.148106 -0.344945 0.414005 0.842385 -0.307306 0.798192 -0.518123
-46.998767 -65.108639 -8185.482169 -3059.620979 0.173662 0.728253 -0.662940 -0.758409 0.528319 0.381699 -0.628217 -0.436493 -0.644063
-19.656852 -56.751354 -15396.755773 457.884330 -0.129465 0.794762 -0.592952 -0.732767 0.326192 0.597203 -0.668051 -0.511812 -0.540145
-45.108181 -66.920300 7575.244764 -964.079777 -0.253349 -0.600749 0.758231 -0.619308 0.702851 0.349940 -0.743150 -0.380922 -0.550115
100.040420 -75.100494 2765.054905 -6395.332059 0.548912 0.805668 -0.222700 -0.116760 0.337717 0.933977 -0.827685 0.486669 -0.279447
90.437454 -61.275040 11286.369155 -5481.634162 0.742459 0.647057 -0.173413 -0.061495 0.323608 0.944191 -0.667063 0.690359 -0.280056
96.723750 -79.634601 13460.670565 -6025.846337 0.705143 0.661680 -0.254860 0.062321 0.300206 0.951836 -0.706321 0.687063 -0.170452
97.114272 -96.728214 13874.402676 -5965.362255 0.633560 0.697582 -0.334635 0.218912 0.253215 0.942316 -0.742078 0.670269 -0.007718
101.839179 -93.995036 76.234885 -5422.700180 0.463411 0.831558 -0.306205 0.095242 0.296807 0.950176 -0.881010 0.469486 -0.058344
-21.021332 -48.209566 -1854.710609 -2264.015342 0.820314 0.457674 0.342955 0.571548 -0.677457 -0.463017 -0.020427 -0.575835 0.817311
-21.889896 -44.282467 -523.107428 180.270864 0.769515 0.522618 0.367037 0.634865 -0.688319 -0.350946 -0.069228 -0.503077 0.861464
-19.820076 -46.676521 -40.657111 319.795728 0.784126 0.492576 0.377512 0.619573 -0.656346 -0.430512 -0.035719 -0.571472 0.819844
-24.652980 -43.558441 -1657.947439 -1000.230124 0.817315 0.482111 0.315538 0.574493 -0.723856 -0.382086 -0.044196 -0.493559 0.868588
-21.134844 -45.871202 -1573.857075 -3063.903999 0.866615 0.416273 0.275127 0.498924 -0.730961 -0.465588 -0.007295 -0.540753 0.841150
-8.852452 -37.913057 -8647.348222 -2825.262977 -0.257889 0.962913 0.079315 -0.118002 -0.112868 0.986578 -0.958942 -0.245068 -0.142733
0.129083 -36.609409 -8027.571253 -1809.915277 -0.243527 0.968571 -0.050643 -0.230697 -0.007129 0.973000 -0.942058 -0.248635 -0.225182
13.489764 -41.831525 -12087.595362 -2204.529711 -0.278570 0.955856 0.093478 -0.152809 -0.140203 0.978260 -0.948181 -0.258230 -0.185120
-2.302902 -66.364941 -1329.091249 -1130.249198 -0.264284 0.945987 0.187786 0.388721 -0.073712 0.918402 -0.882638 -0.315715 0.348244
-4.668511 -66.219672 -357.666468 -291.437387 -0.252526 0.952142 0.172212 0.406258 -0.057198 0.911967 -0.878171 -0.300258 0.372371
-3.201793 -64.785292 -389.694698 99.151797 -0.254897 0.952104 0.168895 0.286899 -0.092334 0.953500 -0.923427 -0.291500 0.249622
-3.890845 -70.463122 -841.993640 -2386.998900 -0.249023 0.947623 0.199994 0.507371 -0.048251 0.860376 -0.824962 -0.315724 0.468781
-0.812059 -65.968010 -1179.563184 1359.976986 -0.268699 0.945617 0.183329 0.277010 -0.106426 0.954955 -0.922532 -0.307380 0.233349
0.567900 -67.824850 -2066.804835 -151.240953 -0.273177 0.941853 0.195674 0.379946 -0.081232 0.921435 -0.883751 -0.326060 0.335662
-0.886448 -71.488101 -2000.027107 -3376.136645 -0.259349 0.942842 0.209253 0.491609 -0.057616 0.868908 -0.831299 -0.328221 0.448568
1.809381 -65.829642 -2562.576543 6664.467164 -0.043768 0.986235 -0.159451 -0.970577 -0.004148 0.240756 -0.236781 -0.165297 -0.957398
-4.662708 -89.564649 -2691.743688 -14468.930614 -0.063702 0.985663 -0.156237 0.987992 0.040206 -0.149180 -0.140760 -0.163864 -0.976389
-4.120590 -96.139520 -4036.233381 -13927.978215 0.015380 0.983438 -0.180593 0.991903 -0.037778 -0.121246 -0.126061 -0.177266 -0.976056
-2.798975 -77.394886 -1892.453320 9873.173002 -0.127729 0.982097 -0.138462 -0.976308 -0.099916 0.191937 -0.174666 -0.159697 -0.971591
4.308078 -67.317289 787.408655 7722.968504 0.065614 0.989322 -0.130141 -0.963893 0.096572 0.248162 -0.258080 -0.109160 -0.959937
7.643313 -49.883798 -2959.859383 5144.833133 -0.044969 0.984888 -0.167252 -0.928611 0.020516 0.370487 -0.368320 -0.171972 -0.913655
1.529927 -55.162483 -3759.798495 5881.277429 -0.133338 0.978376 -0.158115 -0.937589 -0.072827 0.340034 -0.321166 -0.193587 -0.927026
-5.297128 -112.152571 -632.380879 -361.733874 0.017831 0.998747 -0.046767 -0.986322 0.009905 -0.164531 0.163861 -0.049061 -0.985263
-5.013886 -115.774533 -110.082657 8138.406638 0.007015 0.999166 -0.040224 -0.994367 0.011224 0.105400 -0.105764 -0.039258 -0.993616
-4.579222 -110.541545 1224.178141 5617.848230 0.021736 0.999764 0.000208 -0.998353 0.021716 -0.053092 0.053084 -0.000946 -0.998590
-5.606042 -111.035071 652.341546 2842.772248 0.035071 0.999364 0.006390 -0.999359 0.035115 -0.006908 0.007128 0.006144 -0.999956
-3.688367 -106.490976 1416.310822 -5759.977520 0.027468 0.999544 0.012508 -0.949178 0.030005 -0.313306 0.313538 0.003267 -0.949570
8.475312 -95.886420 2042.760043 3863.445117 0.026706 0.991655 -0.126121 0.244998 -0.128812 -0.960929 0.969156 0.005237 0.246393
7.667920 -90.267964 1322.747018 3045.230085 0.022862 0.993629 -0.110356 0.072978 -0.111749 -0.991053 0.997071 -0.014604 0.075068
11.522943 -94.945074 1961.833724 4853.597810 0.039944 0.991483 -0.123963 0.156131 -0.128731 -0.979312 0.986928 -0.019764 0.159943
-14.967780 -39.409300 1836.255110 2616.091302 -0.121065 -0.428276 0.895501 -0.117963 0.901951 0.415413 -0.985610 -0.055344 -0.159716
-15.779676 -31.785725 589.236533 3320.027913 -0.121313 -0.412147 0.903005 -0.050389 0.911108 0.409075 -0.991335 0.004125 -0.131297
-21.383081 -36.691491 2399.347507 2090.946439 -0.143221 -0.111674 0.983370 0.024359 0.992915 0.116306 -0.989391 0.040612 -0.139486
18.739331 -50.908341 3945.172425 -1211.289284 -0.160014 0.911318 0.379335 0.367286 -0.301729 0.879807 -0.916241 -0.280106 0.286433
10.189480 -46.958630 3409.209951 -333.304138 -0.069995 0.871729 0.484963 0.376760 -0.427046 0.822000 -0.923663 -0.240250 0.298541
7.256720 -48.887489 647.820518 -348.499003 -0.118882 0.887662 0.444887 0.462860 -0.346857 0.815752 -0.878424 -0.302898 0.369628
9.114600 -51.046229 154.137565 -764.741945 -0.183891 0.914331 0.360809 0.454789 -0.246273 0.855872 -0.871407 -0.321480 0.370540
-19.631486 -74.292437 -1240.697785 -2914.830680 0.636443 0.435780 0.636424 -0.452257 0.879224 -0.149762 -0.624823 -0.192512 0.756661
-15.009862 -74.941729 -3179.661111 -3977.639318 0.573880 0.472088 0.669174 -0.511487 0.844768 -0.157316 -0.639564 -0.251994 0.726262
-15.023313 -70.926474 -1223.547789 -3119.239630 0.649548 0.407014 0.642205 -0.513720 0.857623 -0.023947 -0.560517 -0.314359 0.766159
-20.197163 -77.234626 -2464.074659 -3463.691465 0.600835 0.461591 0.652634 -0.409078 0.878975 -0.245066 -0.686769 -0.119734 0.716946
-20.670345 -73.233410 -587.072230 -2198.217011 0.694677 0.372170 0.615560 -0.416094 0.905955 -0.078171 -0.586762 -0.201827 0.784204
-24.183274 -76.842500 -820.161756 -397.969521 0.663359 0.435191 0.608739 -0.348807 0.899541 -0.262983 -0.662034 -0.037880 0.748516
-4.645547 -95.874425 69.534365 -9413.628477 -0.564772 -0.573369 -0.593531 -0.282352 0.810066 -0.513878 0.775442 -0.122639 -0.619395
-6.961394 -86.361795 401.254442 -12088.869546 -0.544461 -0.623894 -0.560641 -0.224312 0.752351 -0.619396 0.808237 -0.211479 -0.549573
-7.689288 -77.768406 804.512202 -10024.404333 -0.565953 -0.564416 -0.600942 -0.117990 0.776859 -0.618521 0.815951 -0.279149 -0.506261
-4.203877 -86.859164 736.322095 -9311.458245 -0.582905 -0.544907 -0.602742 -0.201908 0.815670 -0.542140 0.787054 -0.194318 -0.585479
-2.153705 -100.612272 118.351880 -7000.954512 -0.584537 -0.543659 -0.602288 -0.334063 0.837737 -0.431970 0.739404 -0.051300 -0.671305
2.784174 -62.265586 2003.081968 -2346.508990 0.257961 -0.937121 -0.235076 0.949597 0.201068 0.240494 -0.178106 -0.285265 0.941755
0.754694 -60.591187 1849.284157 646.622870 0.246710 -0.940443 -0.233883 0.924172 0.155695 0.348806 -0.291618 -0.302202 0.907542
4.347263 -58.962029 2333.107377 -1414.343519 0.266531 -0.934449 -0.236148 0.930131 0.185156 0.317132 -0.252620 -0.304175 0.918510
6.268065 -62.948515 1512.307145 -4218.865271 0.270682 -0.937477 -0.218786 0.947870 0.219848 0.230672 -0.168150 -0.269820 0.948115
4.895186 -66.752201 1576.363540 -3077.836733 0.245184 -0.941927 -0.229474 0.968423 0.226927 0.103250 -0.045180 -0.247544 0.967823
-3.762918 -45.089711 -4096.075940 -1545.133614 0.107987 0.972502 0.206347 -0.732124 0.218210 -0.645275 0.672558 0.081390 -0.735556
-4.791340 -44.760017 -688.300362 -983.057834 0.076988 0.972905 0.218010 -0.797684 0.191282 -0.571936 0.598141 0.129871 -0.790797
-12.095963 -45.246257 -3380.014910 340.721920 0.049633 0.978000 0.202615 -0.792042 0.162126 -0.588545 0.608446 0.131269 -0.782663
5.615935 -94.067726 2465.911066 -932.339289 0.568689 0.503247 0.650642 -0.200006 0.851864 -0.484071 -0.797866 0.145153 0.585098
1.966579 -93.561097 844.766558 -221.094592 0.557100 0.495556 0.666381 -0.153631 0.850088 -0.503734 -0.816111 0.178253 0.549717
1.528015 -92.394843 1466.596889 -767.613195 0.567271 0.486193 0.664696 -0.301612 0.873705 -0.381668 -0.766312 0.016029 0.642268
5.806941 -96.669136 1963.488779 -1873.975925 0.561044 0.507827 0.653714 -0.070977 0.816317 -0.573227 -0.824737 0.275207 0.494034
3.636640 -92.471364 1477.713410 -921.861909 0.561278 0.502475 0.657636 -0.358318 0.863806 -0.354185 -0.746039 -0.036846 0.664882
7.130397 -92.570645 839.405249 -2333.084312 0.538889 0.531221 0.653760 -0.263343 0.843430 -0.468269 -0.800155 0.080182 0.594409
8.086360 -99.561222 2473.539997 -2081.295726 0.559750 0.521121 0.644292 -0.056557 0.799722 -0.597701 -0.826729 0.298124 0.477117
44.365901 -89.453274 8944.975588 -8713.946004 0.677359 0.120150 0.725775 -0.595331 0.669095 0.444851 0.432164 0.733400 -0.524747
53.328716 -95.680136 8095.695676 -13086.246626 0.693108 0.181422 0.697629 -0.635587 0.610367 0.472739 0.340044 0.771063 -0.538360
52.786371 -82.254657 5480.990304 -805.856135 0.701057 0.233335 0.673851 -0.615861 0.674483 0.407172 0.359493 0.700449 -0.616552
41.618105 -81.990604 4837.450601 2754.656233 0.689548 0.182558 0.700854 -0.566585 0.738744 0.365019 0.451115 0.648791 -0.612834
-7.012485 -21.225865 2166.081436 2779.132687 0.214888 -0.847779 -0.484865 0.975772 0.165464 0.143143 -0.041125 -0.503878 0.862795
-12.423824 -21.836341 4069.653386 2641.449459 0.229126 -0.846576 -0.480427 0.973089 0.186806 0.134910 -0.024465 -0.498410 0.866596
-11.608947 -29.066767 3209.310422 4898.771690 0.018185 -0.859519 -0.510780 0.997381 -0.020176 0.069461 -0.070008 -0.510705 0.856901
9.862189 -203.853596 1721.861767 13599.330806 -0.549825 0.039529 -0.834344 0.218421 0.970928 -0.097938 0.806216 -0.236087 -0.542475
10.302097 -263.450086 4272.469835 41198.949558 -0.554402 0.075073 -0.828856 0.466520 0.852776 -0.234804 0.689201 -0.516853 -0.507803
23.715505 -252.350852 7479.100975 37330.268934 -0.542183 0.050376 -0.838749 0.329213 0.931131 -0.156885 0.773082 -0.361188 -0.521428
34.280891 -537.554308 13903.434027 177380.012401 -0.545038 0.071447 -0.835361 0.563678 0.768797 -0.302022 0.620645 -0.635489 -0.459297
51.913087 -276.226740 16163.602310 -3446.513865 -0.521124 -0.001185 -0.853480 0.390220 0.889027 -0.239497 0.759051 -0.457853 -0.462831
-7.961962 -845.220499 4239.904950 275673.967878 0.375914 0.376369 0.846779 -0.555361 0.823013 -0.119262 -0.741797 -0.425436 0.518403
-38.107218 -2715.667950 1017.475983 -844043.529222 -0.486594 -0.335948 -0.806452 0.848376 -0.402047 -0.344407 -0.208529 -0.851761 0.480644
-45.387582 -1734.765181 5256.044709 -414572.530420 -0.485249 -0.347962 -0.802157 0.846967 -0.414952 -0.332357 -0.217209 -0.840676 0.496068
-12.906499 -571.872294 370.992151 139605.826807 0.359959 0.358684 0.861264 -0.637758 0.768380 -0.053456 -0.680951 -0.530036 0.505339
-49.602114 -960.577632 16735.180303 -51599.363983 -0.460168 -0.340773 -0.819829 0.871463 -0.349868 -0.343723 -0.169701 -0.872620 0.457969
19.255994 -23.587698 -1769.031599 -8743.842664 0.944270 -0.328041 0.027275 0.329154 0.941852 -0.067626 0.003505 -0.072835 -0.997338
28.576437 -8.833189 -5708.280407 852.213831 -0.650234 0.756789 -0.066831 0.759535 0.645530 -0.079984 -0.017390 -0.102769 -0.994553
20.396105 -29.821185 3246.294468 -5745.214953 0.870142 -0.481639 0.104295 0.491162 0.864850 -0.103892 0.040161 -0.141627 -0.989105
-6.549672 -36.800816 2036.757213 -627.083710 0.498050 0.861526 -0.098588 -0.435685 0.346916 0.830559 -0.749749 0.370706 -0.548135
-2.036491 -35.829678 4156.814087 -1045.898416 0.521258 0.850707 -0.067739 -0.465593 0.350009 0.812845 -0.715202 0.392163 -0.578528
-6.739688 -35.249770 1560.207870 -1637.422169 0.518120 0.847825 -0.112891 -0.487618 0.401238 0.775395 -0.702695 0.346700 -0.621304
-11.753051 -39.272194 1090.240941 -992.743206 0.488676 0.864439 -0.118073 -0.382326 0.333820 0.861621 -0.784234 0.375911 -0.493627
-4.808532 -38.889734 3932.931655 -569.850228 0.514385 0.853580 -0.082519 -0.376594 0.311292 0.872510 -0.770445 0.417730 -0.481577
-9.721956 -34.877577 320.079506 -1353.927198 0.481406 0.869318 -0.111958 -0.500391 0.377454 0.779190 -0.719623 0.319084 -0.616707
-12.153678 -36.986059 343.885440 -662.023034 0.459332 0.882465 -0.101339 -0.450221 0.329640 0.829842 -0.765712 0.335548 -0.548719
-26.971239 -38.919743 -4203.115164 222.317540 0.133392 0.990188 -0.041640 0.264568 0.004913 0.964354 -0.955097 0.139654 0.261317
-33.799444 -40.651944 -3055.157164 -1019.090404 0.191788 0.975706 -0.105898 0.290809 0.046559 0.955648 -0.937362 0.214078 0.274815
-33.885180 -41.284483 -2911.431296 1558.241199 0.240347 0.961804 0.131017 0.185640 -0.178027 0.966356 -0.952770 0.207939 0.221337
-2.896050 -46.654591 -881.906464 -661.107477 0.048822 0.996383 0.069557 0.041334 0.067565 -0.996858 0.997952 -0.051544 0.037886
-4.737059 -44.497716 -669.160037 -1091.466590 0.035088 0.997648 0.058886 0.111361 0.054652 -0.992276 0.993160 -0.041375 0.109181
-2.785125 -43.689826 -1556.519524 171.266219 0.056867 0.994207 0.091207 0.117868 0.084031 -0.989468 0.991400 -0.067018 0.112407
-4.339172 -43.029797 -642.525806 -1623.725774 0.039397 0.995783 0.082852 0.192886 0.073778 -0.978444 0.980430 -0.054529 0.189166
-9.054926 -95.851404 167.097109 513.800042 -0.154078 0.987603 0.030009 0.021367 -0.027034 0.999406 -0.987828 -0.154627 0.016936
-10.328813 -91.584862 148.317085 397.363929 -0.135136 0.990722 0.014453 -0.098620 -0.027964 0.994732 -0.985907 -0.132999 -0.101484
-8.353364 -93.010027 -131.820765 -33.790840 -0.153402 0.988120 0.009342 -0.144031 -0.031712 0.989065 -0.977611 -0.150379 -0.147185
-7.208524 -97.391194 -1490.808143 809.170340 -0.190603 0.981163 0.031450 0.003313 -0.031395 0.999502 -0.981662 -0.190612 -0.002733
-28.267726 -38.037603 -1146.611740 -110.590644 0.510842 0.800000 0.314708 0.829006 -0.555330 0.066008 -0.227574 -0.227175 0.946890
-28.811636 -37.943369 45.809805 288.271116 -0.688807 -0.664246 -0.290383 0.713088 -0.692961 -0.106352 -0.130581 -0.280325 0.950982
-28.053434 -35.398338 -1480.092106 1109.173521 -0.687436 -0.691058 -0.223318 0.718330 -0.692273 -0.068984 -0.106925 -0.207839 0.972301
4.649583 -179.481395 -2350.436637 18045.169955 -0.256396 0.966311 -0.022457 -0.778876 -0.192793 0.596811 -0.572375 -0.170511 -0.802068
11.135138 -170.579640 -2489.615616 12926.563517 -0.246853 0.969053 -0.000144 -0.734377 -0.186975 0.652480 -0.632261 -0.161172 -0.757806
7.200903 -157.969829 -950.336732 13499.360334 -0.242242 0.970216 -0.000676 -0.629201 -0.156568 0.761310 -0.738529 -0.184847 -0.648388
2.288232 -152.192220 -2683.499515 18266.553387 -0.258527 0.965837 -0.017931 -0.581243 -0.140703 0.801473 -0.771570 -0.217625 -0.597762
48.600409 -268.917659 -6839.071056 -27684.112961 -0.212499 0.938975 0.270498 0.968937 0.166636 0.182742 0.126515 0.300928 -0.945218
40.353893 -276.288214 -7289.536127 6684.459806 -0.208298 0.931909 0.296914 -0.866884 -0.035334 -0.497256 0.452906 0.360968 -0.815217
63.922707 -288.434936 -10653.917042 -41265.871288 -0.195047 0.899652 0.390619 0.969580 0.116813 0.215102 0.147887 0.420692 -0.895069
48.664098 -274.782220 -6367.732341 -6500.892395 -0.188203 0.873894 0.448205 -0.822417 0.109226 -0.558300 0.536851 0.473686 -0.698149
63.546356 -250.855304 -11912.859316 -47017.988716 -0.209277 0.923516 0.321437 0.962163 0.253130 -0.100831 -0.174484 0.288174 -0.941547
75.174114 -273.049846 -6054.869072 -56836.704244 -0.185874 0.845555 0.500487 0.962433 0.259278 -0.080606 -0.197922 0.466703 -0.861983
69.228075 -313.720807 -6503.904020 -47463.968860 -0.180510 0.811771 0.555378 0.971286 0.058146 0.230701 0.154983 0.581074 -0.798957
16.310480 -16.792437 3686.742194 3107.386759 0.252131 0.958721 0.131472 -0.799526 0.129847 0.586428 -0.545149 0.252972 -0.799261
16.066326 -21.987660 2001.431863 4335.030633 0.216050 0.968871 0.120876 -0.820541 0.113073 0.560291 -0.529182 0.220235 -0.819428
10.016107 -20.826045 3909.485240 2729.034430 0.275581 0.952045 0.132912 -0.812849 0.156981 0.560922 -0.513158 0.262616 -0.817130
-2.544798 -47.376092 25357.378359 -1531.382474 -0.960228 0.175189 0.217419 0.197791 0.976394 0.086796 -0.197081 0.126348 -0.972212
3.405070 -46.691685 -3703.947685 11114.110391 0.994111 -0.086161 -0.065726 0.098665 0.970475 0.220099 -0.044821 0.225288 -0.973261
-2.491729 -33.968414 -20614.905932 16086.305429 0.959050 0.259735 -0.112963 -0.216316 0.929138 0.299850 -0.182839 0.263136 -0.947275
-30.905862 -89.145717 -7733.828612 -27236.351390 -0.618914 0.785455 0.002560 -0.785300 -0.618720 -0.022133 0.015801 0.015708 -0.999752
-31.678918 -55.271058 538.861474 19360.809688 -0.721856 -0.691966 0.010308 -0.680930 0.712844 0.167894 -0.123525 0.114176 -0.985751
-24.444745 -60.935379 15403.399008 -10899.153503 -0.542644 0.831398 0.119643 -0.825201 -0.554259 0.108817 -0.156783 0.039680 -0.986836
-33.847563 -45.468370 9313.987721 6233.482923 -0.908651 -0.382655 0.167122 -0.373805 0.923803 0.082809 -0.186075 0.012774 -0.982453
4.891432 -9.087465 15311.297129 -11321.315597 -0.142193 0.041912 -0.988951 0.545188 0.837215 -0.042906 0.826166 -0.545266 -0.141896
16.211085 -9.033777 -11812.292028 5817.428735 0.536988 0.842636 -0.040093 -0.115086 0.026094 -0.993013 0.835702 -0.537850 -0.110988
14.185386 -10.004075 13922.404975 1914.176105 0.184166 0.568534 -0.801781 0.525929 0.632132 0.569042 0.830351 -0.526477 -0.182591
17.896795 -28.982119 14983.094390 -9945.820173 -0.237704 -0.039719 -0.970525 0.487807 0.859146 -0.154636 0.839965 -0.510186 -0.184848
-0.206565 -24.718570 12797.384127 -6706.807328 -0.315453 -0.216187 -0.923988 0.476983 0.805635 -0.351339 0.820352 -0.551557 -0.151022
6.959428 -91.877607 -1858.055426 -7737.675283 -0.498889 0.332757 0.800239 0.816433 0.490234 0.305136 -0.290768 0.805571 -0.516246
19.593912 -75.735433 -332.097589 -6492.472169 -0.600091 0.237786 0.763772 0.676301 0.660729 0.325660 -0.427209 0.711965 -0.557313
5.659788 -72.435083 4109.726239 -7539.395101 0.666974 -0.236922 -0.706409 0.651793 0.644879 0.399121 -0.360988 0.726636 -0.584541
0.641174 -109.295005 633.963121 -4034.855050 -0.392529 0.358669 0.846923 0.915039 0.245273 0.320227 -0.092872 0.900665 -0.424472
10.988480 -101.857727 2734.436599 -6926.534766 -0.407063 0.318262 0.856159 0.849933 0.475281 0.227425 -0.334535 0.820254 -0.463971
21.735310 -84.923569 2568.405965 -5940.914677 -0.530256 0.254234 0.808823 0.709415 0.655452 0.259060 -0.464283 0.711159 -0.527915
11.410303 -58.365538 3962.500974 -4768.411672 0.335077 0.935822 -0.109363 -0.001175 -0.115658 -0.993288 0.942190 -0.332956 0.037655
8.364917 -51.941838 7644.375430 -3816.220695 0.301808 0.923389 -0.237200 0.087240 -0.274507 -0.957619 0.949369 -0.268324 0.163405
0.531185 -50.738705 4860.366973 -1519.792357 0.309293 0.938818 -0.151522 0.045042 -0.173618 -0.983783 0.949900 -0.297452 0.095985
-1.327790 -50.945767 799.326466 -876.529155 0.336709 0.941270 0.025245 0.029484 0.016258 -0.999433 0.941147 -0.337263 0.022279
-7.134965 -47.579108 517.781621 201.378189 0.328672 0.942585 -0.059233 0.081982 -0.090955 -0.992475 0.940879 -0.321342 0.107170
-8.233625 -54.382973 2945.353959 1417.836471 -0.191431 -0.310319 -0.931159 0.232332 0.907415 -0.350170 0.953612 -0.283372 -0.101610
-11.827081 -56.154305 3208.162898 6638.811832 -0.189925 -0.352155 -0.916469 0.205755 0.898454 -0.387873 0.959997 -0.262235 -0.098181
-10.686234 -56.115325 4247.732857 4297.536350 -0.217571 -0.354681 -0.909321 0.297711 0.863128 -0.407896 0.929533 -0.359461 -0.082199
-6.129648 -55.380885 2419.372782 4800.654164 -0.191194 -0.325057 -0.926165 0.312485 0.874321 -0.371370 0.930483 -0.360416 -0.065590
3.239590 -51.395799 1275.579029 887.973762 -0.176199 -0.301175 -0.937148 0.273536 0.899566 -0.340527 0.945585 -0.316344 -0.076121
2.060279 -51.196117 1168.895056 4552.286992 -0.176200 -0.285020 -0.942188 0.331768 0.883964 -0.329451 0.926760 -0.370637 -0.061194
2.995671 -51.757836 -471.189341 -801.478700 -0.155442 -0.301290 -0.940777 0.282385 0.899061 -0.334588 0.946624 -0.317670 -0.054672
4.071978 -46.461580 350.304824 -3700.080228 -0.165871 -0.295154 -0.940942 0.214119 0.920617 -0.326524 0.962621 -0.255634 -0.089506
2.532809 -47.701394 -1494.284769 -3616.485340 -0.145248 -0.308300 -0.940135 0.208991 0.919211 -0.333726 0.967071 -0.244953 -0.069081
1.661227 -50.886653 -1917.274362 -2125.743565 -0.139886 -0.294532 -0.945348 0.291028 0.900336 -0.323572 0.946433 -0.320386 -0.040227
-1.598445 -65.370630 1696.077681 -1235.678233 -0.169324 0.496417 0.851411 0.360185 0.835295 -0.415389 -0.917385 0.236331 -0.320237
-2.090273 -61.817211 861.395918 1191.294516 -0.151016 0.543681 0.825594 0.539776 0.745027 -0.391890 -0.828152 0.386454 -0.405977
-2.218273 -65.222187 230.882489 -241.573631 -0.157391 0.546440 0.822576 0.485532 0.768148 -0.417382 -0.859934 0.333695 -0.386214
-3.116827 -65.277764 198.431810 2519.744180 -0.131361 0.578137 0.805296 0.620588 0.681428 -0.387978 -0.773056 0.448792 -0.448298
-2.244107 -67.630210 -416.371498 -1087.341347 -0.183696 0.518991 0.834808 0.381192 0.820413 -0.426162 -0.906062 0.239938 -0.348542
-2.970022 -69.053821 -1179.797259 1087.874594 -0.160321 0.577553 0.800456 0.536938 0.731494 -0.420254 -0.828248 0.362420 -0.427384
-30.354398 -111.439748 -1115.405078 9484.551316 0.492262 0.581821 0.647427 0.333785 0.560755 -0.757721 0.803906 -0.589099 -0.081836
-30.809617 -122.936032 -1296.939977 12111.177586 -0.368666 -0.570653 -0.733785 0.376982 0.629775 -0.679168 0.849688 -0.527009 -0.017050
-20.850189 -126.771778 3434.923848 -170.528931 0.421219 0.586794 0.691554 0.567069 0.424683 -0.705746 0.707819 -0.689433 0.153869
-33.543620 -100.053691 -136.044499 14206.814879 -0.368613 -0.516564 -0.772843 0.182995 0.774795 -0.605149 0.911393 -0.364493 -0.191071
-35.832929 -94.418461 903.751963 9215.924291 -0.477659 -0.491006 -0.728529 0.209071 0.741893 -0.637091 0.853306 -0.456627 -0.251717
1.860191 -90.051609 -1296.078468 10273.916715 0.854010 0.448434 -0.263770 -0.519603 0.760593 -0.389243 -0.026072 -0.469473 -0.882562
1.370682 -89.987161 -835.913556 9789.469049 0.855912 0.448939 -0.256647 -0.517121 0.742733 -0.425362 0.000341 -0.496791 -0.867870
1.464906 -109.303586 -1755.639567 13154.503820 0.868512 0.426208 -0.253050 -0.491455 0.674026 -0.551508 0.064495 -0.603354 -0.794861
2.075604 -72.448126 -1193.612572 4713.587355 0.832100 0.480628 -0.276778 -0.547668 0.790833 -0.273209 -0.087574 -0.378920 -0.921277
2.612254 -114.778323 -458.142685 13525.404743 0.869357 0.435938 -0.232758 -0.485934 0.668378 -0.563152 0.089929 -0.602685 -0.792896
3.139182 -95.817879 126.745981 9714.937287 0.851807 0.464099 -0.242978 -0.523677 0.742225 -0.418168 0.013727 -0.483440 -0.875270
2.521005 -75.320500 24.050072 4516.253166 0.830649 0.491942 -0.260797 -0.550810 0.794507 -0.255670 -0.081430 -0.356022 -0.930923
2.386030 -71.181383 -611.592517 3847.494520 0.823903 0.496625 -0.273034 -0.556989 0.798517 -0.228329 -0.104628 -0.340198 -0.934515
0.599825 -127.352147 -569.346165 3343.167128 0.878671 0.476794 0.024585 0.376448 -0.660235 -0.649905 0.293639 -0.580308 0.759617
-0.491250 -132.077273 -1229.471928 15467.681925 0.869150 0.492401 0.046040 0.425200 -0.696485 -0.578025 0.252554 -0.521966 0.814719
0.183633 -147.760745 -438.805499 18959.759053 0.870418 0.490613 0.040887 0.440452 -0.738931 -0.509885 0.219943 -0.461822 0.859270
-23.763514 -76.706221 213.859514 -2535.190788 0.912434 0.259086 -0.316763 0.406035 -0.669623 0.621885 0.050990 0.696045 0.716185
-22.055813 -82.658347 761.484075 -5798.087556 0.898250 0.271761 -0.345389 0.420778 -0.758651 0.497388 0.126859 0.592110 0.795809
-21.495552 -80.661183 584.078691 -2544.283679 0.912239 0.221207 -0.344802 0.389514 -0.729059 0.562807 0.126884 0.647720 0.751239
-24.336845 -75.347471 -417.194609 -1246.965062 0.927485 0.200141 -0.315778 0.368748 -0.628935 0.684446 0.061618 0.751255 0.657129
-25.683341 -73.488933 -778.633556 335.888458 0.925493 0.229987 -0.300946 0.378739 -0.571206 0.728204 0.004424 0.787927 0.615752
-24.840414 -72.992299 449.017303 571.393144 0.914445 0.270077 -0.301411 0.404287 -0.575559 0.710834 -0.018501 0.771875 0.635505
167.211461 -33.019714 -87707.308945 1565.659972 -0.649098 0.407498 -0.642352 0.676989 0.694551 -0.243486 0.346926 -0.592912 -0.726704
3.159770 -32.862553 18543.201561 -1793.191800 0.788061 -0.333746 0.517276 0.532381 0.791383 -0.300473 0.309081 -0.512179 -0.801337
144.466720 -46.854690 -76518.571178 -6112.389927 -0.598318 0.489374 -0.634451 0.732436 0.655101 -0.185421 0.324889 -0.575635 -0.750394
146.910797 -51.635878 -72725.143906 -9187.335147 -0.508122 0.573395 -0.642674 0.792937 0.602747 -0.089153 0.336250 -0.554900 -0.760935
317.317920 -58.134222 -141248.306909 -9070.069280 -0.528693 0.537280 -0.657125 0.790832 0.593009 -0.151410 0.308332 -0.599725 -0.738418
388.597873 -46.947378 -154904.897084 -3898.681347 -0.615933 0.478394 -0.625912 0.731941 0.641346 -0.230081 0.291357 -0.599845 -0.745182
-4.753608 -105.926925 -714.140584 -9273.731090 -0.266764 0.287980 0.919731 -0.013343 0.953118 -0.302304 -0.963669 -0.092916 -0.250415
-6.128505 -95.240381 28.592534 -6143.479287 -0.265316 0.277476 0.923371 -0.100248 0.944564 -0.312649 -0.958936 -0.175517 -0.222791
-7.428786 -89.155234 -577.454553 -9171.640761 -0.254956 0.296934 0.920233 -0.181247 0.920140 -0.347119 -0.949814 -0.255289 -0.180777
-4.564733 -109.166424 -632.241280 -9583.093344 -0.258997 0.306717 0.915885 0.004968 0.948651 -0.316285 -0.965865 -0.077366 -0.247221
-1.919227 -121.407894 453.525512 -7908.867298 -0.257962 0.286358 0.922743 0.193117 0.951076 -0.241163 -0.946658 0.115987 -0.300642
-5.592382 -75.326583 1622.649862 -1432.694424 0.060249 0.657890 0.750700 0.897839 -0.364353 0.247250 0.436183 0.659111 -0.612631
-2.800886 -76.122145 972.596287 154.261322 0.065007 0.660376 0.748116 0.907109 -0.351527 0.231477 0.415845 0.663575 -0.621885
-4.167037 -72.770880 1484.588489 -749.115642 0.072424 0.656065 0.751221 0.811589 -0.476562 0.337952 0.579722 0.585207 -0.566970
-5.290157 -70.965363 -470.667191 -1699.768270 0.083537 0.671510 0.736272 0.823083 -0.462998 0.328886 0.561743 0.578539 -0.591386
-5.321677 -75.021471 182.214367 -1286.899877 0.082794 0.665354 0.741922 -0.720227 0.554498 -0.416899 0.688780 0.499836 -0.525115
-3.714641 -72.230460 1947.695349 -3174.842155 0.060562 0.653964 0.754098 -0.725850 0.547450 -0.416463 0.685182 0.522140 -0.507834
-4.018249 -77.813778 1490.418298 380.212363 0.074427 0.658142 0.749206 -0.689885 0.576477 -0.437873 0.720083 0.484276 -0.496948
10.259162 -37.684937 154.350440 2319.527858 -0.076447 0.984167 0.159911 -0.502572 0.100482 -0.858676 0.861149 0.146010 -0.486933
10.484883 -38.470762 -2268.312324 2428.486514 -0.008458 0.983388 0.181320 -0.484029 0.154642 -0.861279 0.875011 0.095049 -0.474680
13.003010 -41.072773 -212.606268 1276.957609 -0.055323 0.983993 0.169400 -0.413224 0.131884 -0.901029 0.908947 0.119848 -0.399313
7.855828 -40.708593 2986.363655 1492.501623 -0.124251 0.981750 0.143972 -0.449192 0.073724 -0.890388 0.884753 0.175302 -0.431834
22.060890 -38.395566 5935.400425 5523.303658 0.238436 -0.301678 -0.923114 0.893400 -0.304543 0.330287 -0.380768 -0.903462 0.196905
19.333835 -42.428507 3317.668656 8397.875783 0.223425 -0.339884 -0.913543 0.893162 -0.303912 0.331511 -0.390312 -0.890009 0.235670
20.151812 -34.772488 3546.727087 -2354.073109 0.201435 -0.337040 -0.919689 0.898178 -0.311028 0.310706 -0.390769 -0.888631 0.240070
-1.379333 -160.266615 485.818850 2375.167786 0.133363 -0.098289 -0.986181 0.977697 0.175948 0.114680 0.162245 -0.979480 0.119562
-8.767440 -150.994965 -2025.781799 -823.936700 0.116436 -0.116563 -0.986335 0.911547 0.406864 0.059525 0.394366 -0.906021 0.153626
-2.956670 -152.739601 436.090771 847.258975 0.155465 -0.093727 -0.983385 0.907841 0.406000 0.104826 0.389430 -0.909054 0.148208
-6.022307 -157.289909 -3820.833813 3299.083096 0.076070 -0.125827 -0.989131 0.984222 0.168410 0.054269 0.159751 -0.977653 0.136652
4.813594 -28.143642 7873.181272 94.151883 0.277663 0.933308 -0.227682 0.346999 -0.318436 -0.882151 0.895821 -0.165935 0.412275
8.857107 -30.565921 9265.120916 -1557.218367 0.296268 0.912446 -0.282254 0.287413 -0.366995 -0.884708 0.910834 -0.180987 0.370977
18.380132 -27.666012 5264.147776 -1449.796739 0.364539 0.873592 -0.322411 0.287513 -0.434912 -0.853339 0.885690 -0.218378 0.409712
-8.651815 -33.537678 7007.961708 968.719287 0.214354 0.974647 -0.064156 0.402507 -0.147988 -0.903376 0.889967 -0.167819 0.424024
9.185091 -26.430366 5131.695816 874.798348 0.318292 0.908899 -0.269432 0.350944 -0.376993 -0.857155 0.880641 -0.178270 0.438966
-2.806053 -30.552607 5835.756564 2204.210283 0.221827 0.970639 -0.093023 0.432218 -0.183394 -0.882924 0.874060 -0.155650 0.460209
8.205145 -382.858329 4687.345514 18381.080801 -0.807846 0.059818 -0.586350 0.258882 0.929746 -0.261825 0.529495 -0.363310 -0.766578
0.066323 -424.798665 -1730.848968 35980.038948 -0.783703 0.111055 -0.611127 0.139396 0.990236 0.001188 0.605292 -0.084257 -0.791532
21.455161 -394.697335 -6752.538064 9415.152942 0.809648 -0.170346 0.561651 0.404123 0.855774 -0.323011 0.425623 -0.488501 -0.761716
5.577539 -384.304017 7250.859947 17047.931534 -0.803263 0.183720 -0.566583 0.220882 0.975296 0.003098 0.553155 -0.122659 -0.823999
34.544858 -354.984947 -5080.818977 -21872.001963 0.818090 -0.092719 0.567567 0.471950 0.672191 -0.570457 0.328622 -0.734549 -0.593672
96.932297 -1639.228190 57024.652183 -306767.710236 0.969526 0.135649 -0.204006 0.149913 0.330118 0.931959 -0.193766 0.934142 -0.299722
-418.419008 -2007.873570 142362.138771 197422.953287 0.994125 0.087751 -0.063369 0.107854 -0.753720 0.648285 -0.009125 0.651311 0.758756
5.229863 -1260.990620 3973.758666 -452418.565655 0.973741 0.227647 0.002169 0.167071 -0.721036 0.672455 -0.154646 0.654434 0.740135
-62.459285 -1405.135788 36139.340807 -271835.534775 0.996908 0.071275 -0.033072 0.053031 -0.920912 -0.386146 0.057979 -0.383198 0.921845
-6.168324 -43.698160 4448.694181 -1099.980026 -0.332659 0.922881 -0.193981 0.565758 0.030735 -0.823998 0.754490 0.383857 0.532352
3.656087 -44.724134 3298.754560 -1286.114510 -0.320499 0.929218 -0.183941 0.527779 0.013923 -0.849268 0.786594 0.369269 0.494884
4.356227 -43.296495 2917.223438 -657.805652 -0.311434 0.930788 -0.191421 0.610670 0.041697 -0.790787 0.728073 0.363173 0.581390
-9.154080 -39.311749 -4853.106611 -368.254373 0.630468 0.257725 -0.732180 -0.025608 0.949662 0.312227 0.775792 -0.178100 0.605332
-3.536235 -34.839498 -4420.843075 190.309246 0.625633 0.438799 -0.645010 -0.106948 0.867249 0.486252 0.772752 -0.235233 0.589509
-10.571270 -40.738171 -4159.597572 504.960557 0.613526 0.389514 -0.686924 -0.054429 0.888673 0.455300 0.787796 -0.241950 0.566425
-15.345242 -44.581365 -2890.403278 -372.373229 0.601560 0.210363 -0.770632 -0.004738 0.965626 0.259893 0.798814 -0.152690 0.581878
-9.413297 -20.992540 -532.359525 162.773879 -0.062687 0.973018 0.222050 0.722551 0.197724 -0.662439 0.688470 -0.118916 0.715450
-10.373450 -21.584309 -671.601236 944.169702 -0.046595 0.973310 0.224715 0.756179 0.181360 -0.628730 0.652704 -0.140629 0.744447
-9.870782 -21.694682 294.415968 -520.169942 -0.109128 0.951391 0.288005 0.721809 0.275048 -0.635091 0.683435 -0.138578 0.716738
2.073604 -48.974275 -352.265289 4.339245 -0.218899 0.474454 0.852629 0.282652 0.867189 -0.409990 -0.933912 0.151251 -0.323932
2.351685 -50.228196 95.250438 -553.780711 -0.205616 0.490627 0.846763 0.386613 0.835593 -0.390275 -0.899029 0.247123 -0.361494
1.437714 -50.308547 653.365379 271.187567 -0.201837 0.467012 0.860908 0.291453 0.867817 -0.402429 -0.935049 0.169690 -0.311269
1.151687 -49.368717 220.140226 290.103717 -0.212875 0.437550 0.873633 0.167514 0.897232 -0.408552 -0.962613 0.059375 -0.264294
2.156413 -47.129058 -194.768495 -362.034541 -0.224639 0.457855 0.860178 0.183651 0.886812 -0.424071 -0.956979 0.062710 -0.283298
-14.100705 -83.497839 1090.727220 4102.734681 0.840730 0.484370 -0.241991 0.169830 -0.660271 -0.731573 0.514131 -0.573958 0.637370
-12.958674 -77.549743 921.138392 1473.045910 0.846904 0.486173 -0.215382 0.137388 -0.591356 -0.794621 0.513691 -0.643377 0.567616
-13.192437 -79.198896 457.230214 2170.954165 0.838840 0.480137 -0.256545 0.119478 -0.622152 -0.773726 0.531104 -0.618381 0.579252
-13.855840 -35.225610 -1104.743691 1758.579343 0.488028 -0.450373 -0.747658 0.495774 0.848030 -0.187223 0.718357 -0.279299 0.637146
-12.369811 -35.131320 -1827.920060 173.856427 0.442836 -0.520854 -0.729800 0.481129 0.824888 -0.296773 0.756578 -0.219706 0.615889
-12.243814 -32.395442 59.117842 724.643631 0.438594 -0.541912 -0.716915 0.513722 0.805732 -0.294763 0.737377 -0.239014 0.631781
-13.361489 -32.696007 337.410532 2275.389259 0.507187 -0.452317 -0.733601 0.506961 0.844944 -0.170472 0.696959 -0.285446 0.657851
-12.889586 -30.364431 1295.634947 692.813528 0.441547 -0.563938 -0.697862 0.542883 0.787178 -0.292624 0.714363 -0.249650 0.653728
-10.618160 -30.978550 1576.030555 -1140.025556 0.346827 -0.675087 -0.651129 0.558592 0.706346 -0.434800 0.753450 -0.212915 0.622078
-1.447868 -175.479173 -508.255825 7023.837556 0.831651 0.553534 0.044236 -0.546662 0.830110 -0.109904 -0.097557 0.067220 0.992957
-0.503615 -161.125515 1431.412568 -16897.491413 0.844873 0.534643 0.018638 0.527421 -0.838280 0.138254 -0.089540 0.106977 0.990221
-1.764773 -166.343326 1244.211273 -21741.202745 0.825085 0.564735 0.017579 0.522714 -0.774763 0.355686 -0.214488 0.284282 0.934440
10.879941 -268.652859 1998.464383 -29014.816834 -0.849524 -0.458364 -0.261172 -0.373445 0.872179 -0.315978 0.372622 -0.170898 -0.912111
7.460212 -258.687284 -2527.763412 -32830.560632 -0.841243 -0.470547 -0.266263 -0.310302 0.823500 -0.474931 0.442745 -0.316911 -0.838775
7.245746 -277.075200 -700.545737 -66171.582493 0.850079 0.461212 0.254263 -0.199404 0.728709 -0.655150 0.487446 -0.506229 -0.711427
-46.302623 -73.769219 197.736210 2001.660083 0.340993 0.881003 0.327960 -0.301436 -0.227976 0.925831 -0.890427 0.414561 -0.187828
-39.745996 -67.683683 -512.489933 3576.366452 0.359211 0.805215 0.471801 -0.276519 -0.391011 0.877865 -0.891350 0.445801 -0.082202
37.899725 -77.551554 4811.479777 -7333.896712 -0.107037 -0.901960 -0.418342 0.962816 -0.199003 0.182711 -0.248050 -0.383230 0.889723
38.089389 -67.802510 -4797.606185 -12219.922815 0.082993 0.916104 0.392257 0.903109 -0.235550 0.359041 -0.421315 -0.324453 0.846891
46.882712 -79.532322 -1637.530333 -10474.720854 0.093984 0.951044 0.294418 0.958807 -0.166089 0.230440 -0.268059 -0.260633 0.927478
47.572456 -89.141321 3831.077565 -1389.439334 -0.111118 -0.923640 -0.366799 0.989162 -0.138432 0.048930 -0.095971 -0.357387 0.929012
37.262106 -84.378902 6673.606804 303.875860 -0.142642 -0.879326 -0.454355 0.987253 -0.159147 -0.001940 -0.070603 -0.448840 0.890819
0.311897 -80.175006 -7073.902066 -15171.418176 0.207236 0.963211 0.171109 0.494376 -0.254041 0.831298 -0.844184 0.087682 0.528835
-55.087663 -123.096272 35444.649032 43887.345000 0.203619 0.947774 -0.245488 0.763490 0.003247 0.645812 -0.612881 0.318927 0.722954
0.255458 -67.135172 -11237.562509 5273.402913 0.265375 0.917997 0.294715 0.597201 -0.396484 0.697246 -0.756919 0.009027 0.653446
-8.294698 -72.039571 -3521.418604 15561.777527 0.401693 0.817367 0.412982 0.635093 -0.573539 0.517407 -0.659773 -0.054443 0.749490
-5.442755 -56.462571 -17129.335007 564.430506 0.082777 0.991417 0.101195 0.570473 -0.130400 0.810898 -0.817134 0.009395 0.576371
-17.195278 -49.632674 -14184.419888 1935.143708 0.239564 0.944326 0.225517 0.613113 -0.327252 0.719026 -0.752796 0.033986 0.657376
10.956571 -18.165907 2553.994233 -682.805741 0.981723 0.178243 -0.066703 -0.042632 0.547547 0.835688 -0.185478 0.817571 -0.545138
18.570200 -20.226100 1848.656918 -918.505589 0.983513 0.147830 -0.104154 0.013428 0.514662 0.857288 -0.180337 0.844553 -0.504191
28.978117 -70.976918 6174.622203 5574.355996 -0.102768 0.699610 0.707096 -0.404990 -0.678701 0.612656 -0.908527 0.223405 -0.353084
17.350351 -65.044836 2088.423828 6379.722819 -0.051178 0.720782 0.691270 -0.386588 -0.652513 0.651749 -0.920832 0.233881 -0.312040
24.108118 -58.742673 3652.492719 6418.155182 -0.066710 0.742618 0.666385 -0.310048 -0.650238 0.693585 -0.948378 0.160342 -0.273625
96.906354 -54.005163 8465.261714 -4101.320970 0.704150 0.701129 -0.112206 -0.177352 0.326684 0.928345 -0.687545 0.633794 -0.354381
80.829690 -44.329325 5999.430459 -5052.954683 0.802407 0.592821 -0.068605 -0.147251 0.308081 0.939895 -0.578326 0.744076 -0.334499
-19.997387 -44.508163 -1612.926097 -487.372933 0.726316 0.538643 0.427000 0.668645 -0.697649 -0.257293 -0.159307 -0.472388 0.866875
-22.950219 -42.497905 -1630.722579 -227.830198 0.731015 0.557517 0.393437 0.664012 -0.714020 -0.221953 -0.157179 -0.423498 0.892157
-19.769499 -45.910120 1664.546055 -885.225889 -0.651676 -0.597464 -0.467284 0.718778 -0.683187 -0.128896 -0.242232 -0.419872 0.874661
-18.210343 -48.465540 -1576.334464 -1749.588338 0.702613 0.525726 0.479528 0.683355 -0.686414 -0.248720 -0.198396 -0.502441 0.841541
-5.853963 -68.996186 -70.814888 -1707.334083 -0.239629 0.952439 0.188248 0.518177 -0.038501 0.854406 -0.821018 -0.302287 0.484306
