15495
30982
-27.119538 -41.739210 -207.957465 3859.372454 0.828702 0.545270 0.126230 0.091046 -0.353866 0.930854 -0.552235 0.759908 0.342894
-25.480897 -39.333330 382.088441 2259.296522 0.836716 0.321221 0.443536 -0.252377 -0.492602 0.832856 -0.486017 0.808802 0.331099
-30.743875 -48.737383 255.202862 2517.598736 0.860861 0.495672 0.115008 0.006545 -0.236786 0.971540 -0.508798 0.835608 0.207084
-22.025505 -31.741832 53.361956 2368.653321 0.806057 0.320293 0.497679 -0.214930 -0.625077 0.750389 -0.551432 0.711823 0.435007
-21.807762 -54.275988 -1860.318688 5757.564226 0.771368 0.631731 -0.076865 0.221569 -0.153372 0.963008 -0.596572 0.759864 0.258278
-19.881543 -39.218793 -2344.234481 4708.916829 0.765496 0.638504 0.079555 0.213375 -0.368546 0.904790 -0.607032 0.675638 0.418361
5.902783 -7.811986 3846.297356 -57.677468 0.015258 0.972267 0.233374 0.771020 -0.160047 0.616371 -0.636628 -0.170532 0.752080
6.781294 -15.000650 6299.669724 -3983.650771 -0.540867 0.785379 -0.301070 0.535134 0.597469 0.597212 -0.648918 -0.161899 0.743434
-16.298800 -26.103034 -3967.908147 -7749.056360 0.594305 0.475748 0.648433 -0.572823 0.816338 -0.073932 -0.564514 -0.327500 0.757673
-1.510052 -37.383298 -5105.801010 -8576.716151 0.500095 0.561286 0.659441 -0.628797 0.758953 -0.169130 -0.595415 -0.330074 0.732484
12.974342 -26.147650 -574.002212 -229.535694 0.737301 0.655485 0.163482 0.218805 -0.460653 0.860188 -0.639149 0.598447 0.483064
10.952839 -26.682465 -1275.655320 -417.329873 0.709221 0.666950 0.228436 0.149399 -0.458857 0.875860 -0.688974 0.587050 0.425073
10.965876 -24.565448 -660.381558 -427.032722 0.733414 0.648691 0.203232 0.116314 -0.414309 0.902673 -0.669757 0.638395 0.379312
10.743493 -23.837120 410.202678 -442.651211 0.771337 0.624025 0.125029 0.167252 -0.388304 0.906226 -0.614057 0.678094 0.403883
11.922181 -25.042057 840.707663 -367.409348 0.777782 0.624022 0.075178 0.254617 -0.422170 0.870025 -0.574653 0.657548 0.487243
14.932781 -26.337017 741.104946 -178.044321 0.762446 0.640717 0.090316 0.314452 -0.488895 0.813696 -0.565504 0.592000 0.574231
14.342810 -27.180063 -663.444948 80.148434 0.722843 0.671804 0.161794 0.312552 -0.526682 0.790517 -0.616287 0.520850 0.590682
13.791682 -31.071717 1547.555649 239.186792 -0.682456 -0.464890 -0.564031 0.698647 -0.641680 -0.316446 -0.214814 -0.610019 0.762713
14.113242 -31.042016 692.391755 -17.703266 0.705989 0.501701 0.499875 0.673805 -0.693170 -0.255934 -0.218095 -0.517505 0.827419
14.760903 -30.196747 -609.099127 219.164102 -0.692559 -0.512186 -0.507965 0.710224 -0.607406 -0.355865 -0.126272 -0.607226 0.784431
11.680863 -29.350647 1714.599637 534.061724 -0.681060 -0.455091 -0.573629 0.720278 -0.557336 -0.413008 -0.131748 -0.694456 0.707371
-7.427296 -33.218223 911.854940 2280.629309 0.737786 0.224888 0.636472 -0.511097 -0.429830 0.744329 -0.440966 0.874455 0.202183
-6.585612 -35.919725 1048.358271 -467.574598 0.743992 0.221056 0.630563 -0.586798 -0.235223 0.774815 -0.319601 0.946469 0.045289
-8.415111 -34.721938 -385.026543 1014.876154 0.717525 0.286716 0.634785 -0.540437 -0.345767 0.767054 -0.439414 0.893442 0.093145
-3.413682 -33.549529 1753.739686 1107.694512 0.754728 0.185287 0.629329 -0.549712 -0.344948 0.760807 -0.358053 0.920152 0.158488
-8.305161 -34.361172 -485.201260 2130.658692 0.696704 0.280693 0.660163 -0.481165 -0.499699 0.720265 -0.532056 0.819459 0.213082
-4.321510 -31.741486 1717.555858 2182.199428 0.741041 0.183000 0.646041 -0.494769 -0.501640 0.709620 -0.453941 0.845499 0.281193
-6.798781 -31.498222 562.208642 2000.232796 0.710081 0.221618 0.668334 -0.489993 -0.526118 0.695059 -0.505660 0.821027 0.264995
-33.551976 -46.913531 -1636.456012 3162.467999 -0.561608 0.069186 0.824505 0.768577 0.412650 0.488887 -0.306408 0.908259 -0.284922
-30.109664 -36.908973 2212.981011 2429.278086 0.751860 -0.007096 -0.659285 0.632605 0.289536 0.718317 -0.185789 0.957141 -0.222179
-26.847579 -42.365713 2101.546462 2819.288717 0.710710 -0.096201 -0.696876 0.669792 0.395433 0.628499 -0.215105 0.913443 -0.345473
26.912604 -54.990793 -4546.389507 -4812.786940 0.833634 0.387206 0.393859 0.378229 0.119440 -0.917974 0.402488 -0.914224 0.046883
37.594464 -42.520672 -5406.010182 -4066.893026 0.840101 0.411444 0.353475 0.402793 -0.036737 -0.914553 0.363302 -0.910694 0.196590
41.536979 -50.880186 -4587.160865 -3379.765928 0.793692 0.520829 0.314308 0.329321 0.066542 -0.941870 0.511468 -0.851064 0.118706
28.448476 -63.387179 -5823.140642 -3700.038400 0.837009 0.421290 0.349186 0.249354 0.274368 -0.928733 0.487072 -0.864428 -0.124598
11.806842 -64.944251 -2577.641322 -3147.517910 0.813123 0.382083 0.439139 0.311346 0.351950 -0.882720 0.491827 -0.854485 -0.167219
-1.684461 -80.021454 258.908611 -1543.937090 -0.426813 -0.655810 -0.622692 0.889961 -0.426892 -0.160412 -0.160623 -0.622637 0.765848
-2.346153 -72.445286 -95.853333 -1716.096028 -0.432281 -0.666107 -0.607811 0.862586 -0.501919 -0.063421 -0.262827 -0.551705 0.791545
-2.493508 -74.896925 234.253677 -2515.055502 -0.411295 -0.661627 -0.626966 0.822257 -0.566149 0.058040 -0.393357 -0.491655 0.776882
-2.466995 -75.509152 612.929465 -1971.044037 -0.396702 -0.655135 -0.642982 0.870122 -0.491518 -0.036034 -0.292430 -0.573767 0.765033
-10.189730 -49.674654 68.020863 349.666980 0.382210 0.836938 0.391726 0.681138 0.031310 -0.731486 0.624473 -0.546401 0.558103
-9.882218 -52.009007 470.493161 716.248944 0.354584 0.865905 0.352815 0.727105 -0.018118 -0.686287 0.587867 -0.499880 0.636028
-10.596826 -51.653807 -46.047901 1085.450661 -0.381039 -0.836793 -0.393176 0.779065 -0.061602 -0.623909 0.497862 -0.544043 0.675389
-8.987668 -49.874487 559.476115 25.441583 0.356613 0.869125 0.342708 0.595043 0.071497 -0.800507 0.720243 -0.489397 0.491670
-11.114148 -51.577436 180.388353 450.761217 -0.404672 -0.804968 -0.433898 0.737754 -0.007023 -0.675033 0.540333 -0.593277 0.596710
-10.726072 -50.474294 -327.903685 -375.587103 0.403832 0.808915 0.427290 0.607153 0.112393 -0.786596 0.684313 -0.577083 0.445747
-9.677164 -48.617665 353.555370 -605.563379 0.370238 0.847106 0.381229 0.581375 0.108782 -0.806331 0.724519 -0.520171 0.452211
-9.244523 -56.102790 -545.938322 -90.452372 0.913272 0.125394 -0.387570 -0.034671 0.971918 0.232753 0.405872 -0.199129 0.891973
-7.949444 -53.143795 -965.372883 826.288953 0.920389 0.078640 -0.383014 -0.100352 -0.899245 -0.425780 0.377906 -0.430319 0.819763
-9.850989 -53.078752 -367.208478 -178.573549 0.898047 0.102125 -0.427881 0.044771 0.946409 0.319852 0.437615 -0.306398 0.845348
-8.964009 -50.261850 -168.187220 615.877532 0.886574 0.056321 -0.459146 -0.177766 -0.874866 -0.450565 0.427068 -0.481080 0.765621
-11.360297 -55.528038 -316.729965 -466.227703 0.888693 0.137503 -0.437399 -0.061529 0.981108 0.183414 0.454356 -0.136085 0.880364
-11.217297 -51.953966 104.422119 -192.765146 0.872446 0.082468 -0.481703 0.097937 0.936162 0.337651 0.478798 -0.341759 0.808674
3.538084 -62.800992 636.893570 -62.373753 0.367813 0.865312 0.340512 -0.516840 0.494644 -0.698715 0.773039 -0.081006 -0.629165
0.518405 -60.968317 401.644917 -600.526147 0.375367 0.854670 0.358662 -0.478600 0.510105 -0.714658 0.793752 -0.096603 -0.600521
2.926078 -62.037194 202.067822 -1.767998 0.381014 0.853698 0.355005 -0.617205 0.520738 -0.589822 0.688395 -0.005619 -0.725315
11.245500 -84.561923 -1680.975381 7541.914238 0.837088 0.129373 -0.531550 0.357750 0.605633 0.710790 -0.413882 0.785157 -0.460685
4.483833 -101.209222 -1545.842128 7380.655619 0.834550 0.147889 -0.530712 0.236001 0.774477 0.586932 -0.497825 0.615073 -0.611438
5.001169 -107.357405 -614.321466 8740.500667 0.847061 0.100196 -0.521967 0.251839 0.789163 0.560177 -0.468044 0.605956 -0.643236
9.645605 -105.174338 -763.136703 11183.183203 0.836076 0.063312 -0.544948 0.341788 0.716882 0.607668 -0.429136 0.694313 -0.577729
32.648855 -22.182850 576.924475 -78.942099 0.461104 0.848213 0.260612 0.097236 -0.340229 0.935302 -0.882002 0.405930 0.239358
30.696401 -24.747207 -4607.128764 -152.358694 0.250259 0.938331 0.238547 0.087011 -0.267188 0.959708 -0.964261 0.219419 0.148511
37.638356 -24.781717 -2584.232948 -79.771982 0.327884 0.896879 0.296816 -0.003469 -0.313040 0.949734 -0.944712 0.312432 0.099529
36.966089 -20.878728 4695.589784 -41.523885 0.595222 0.741207 0.310359 -0.025755 -0.368434 0.929297 -0.803148 0.561132 0.200211
26.772279 -21.128664 4447.580972 -262.355792 0.646540 0.714391 0.267642 0.070346 -0.405165 0.911533 -0.759630 0.570515 0.312210
25.293213 -22.545900 2789.833232 -184.347723 0.605129 0.756093 0.249283 0.146887 -0.413777 0.898450 -0.782460 0.507062 0.361449
-14.127626 -76.684410 245.592237 3043.227803 0.991248 -0.084321 -0.101571 -0.020523 -0.858496 0.512409 0.130405 0.505840 0.852714
-11.495106 -62.835324 1218.578672 4592.686638 0.987716 -0.150946 -0.040401 -0.133782 -0.950485 0.280502 0.080741 0.271651 0.959003
-8.758803 -68.287495 1089.471513 2563.961376 0.977142 -0.207051 -0.048192 -0.174224 -0.909864 0.376555 0.121814 0.359552 0.925140
-16.414323 -118.463780 -6405.982090 14300.763872 0.928958 0.127574 -0.347508 0.331716 -0.703567 0.628456 0.164321 0.699084 0.695903
-2.876199 -179.678872 -2574.717992 32117.671200 0.943266 0.155387 -0.293434 0.308276 -0.738139 0.600097 0.123348 0.656510 0.744164
-16.098171 -76.258923 1570.857485 -572.852416 0.971769 -0.230815 -0.048877 -0.153951 -0.777324 0.609973 0.178784 0.585228 0.790913
22203.721479 -12180.239107 5609364.850686 2710425.658648 0.058717 -0.885260 -0.461376 0.998191 0.058057 0.015639 0.012942 -0.461460 0.887067
907.702799 -3894.759759 116837.908528 1926491.207752 0.997036 0.026528 -0.072214 -0.010867 -0.880694 -0.473561 0.076161 -0.472943 0.877795
233.500312 -13378.101646 45887.889461 2384189.116535 0.992391 0.007329 -0.122906 0.104482 -0.578237 0.809151 0.065139 0.815836 0.574604
6.038381 -1986.521760 -751.602402 1713172.806371 0.998895 0.046787 0.004502 0.041990 -0.931283 0.361869 -0.021123 0.361280 0.932218
-155.034180 -22454.592147 14527.946728 -1473630.414032 0.966588 -0.029960 -0.254578 0.115615 0.937345 0.328661 -0.228781 0.347113 -0.909490
10.953295 -10.664988 2627.757591 -651.657931 0.834238 0.258654 0.486975 -0.051577 0.915887 -0.398110 -0.548987 0.307001 0.777408
5.943750 -14.883059 2475.015227 -1450.380538 0.839576 0.196092 0.506617 0.028306 0.915521 -0.401273 -0.542505 0.351239 0.763098
-0.930108 -10.553712 2219.914770 -484.301332 0.840558 0.223352 0.493534 -0.015897 0.920825 -0.389652 -0.541488 0.319680 0.777558
-5.259676 -13.565399 1661.710253 -1129.584346 0.817567 0.060827 0.572611 0.151218 0.936825 -0.315424 -0.555623 0.344469 0.756719
2.129865 -10.407829 2634.371663 202.090948 0.844345 0.274238 0.460299 -0.085367 0.916968 -0.389721 -0.528956 0.289765 0.797648
-5.989402 -10.049515 1996.950142 361.629009 0.831245 0.298496 0.468968 -0.095557 0.907777 -0.408423 -0.547631 0.294686 0.783109
15.535641 -25.285320 78.139401 155.270495 0.358869 -0.594006 -0.719979 0.923353 0.338735 0.180772 0.136502 -0.729668 0.670039
22.693479 -23.984793 -61.404220 107.092456 0.272772 -0.626137 -0.730444 0.961731 0.197866 0.189531 0.025858 -0.754190 0.656147
17.434282 -21.701483 693.286523 322.056859 0.220307 -0.665575 -0.713074 0.971155 0.218034 0.096531 0.091226 -0.713772 0.694411
11.104748 -22.664855 446.874533 139.767066 0.339606 -0.624777 -0.703080 0.922128 0.368451 0.117995 0.185330 -0.688402 0.701252
-14.998013 -21.666872 -108.823460 -18.421447 -0.634784 -0.657873 -0.405281 0.760330 -0.438377 -0.479295 0.137649 -0.612396 0.778475
-14.130102 -22.038801 -243.193057 -80.496784 -0.462676 -0.767927 -0.442965 0.869231 -0.294742 -0.396943 0.174263 -0.568695 0.803877
-13.013492 -20.868634 -226.602029 -442.615005 -0.514072 -0.742656 -0.429176 0.853549 -0.393475 -0.341513 0.084757 -0.541885 0.836168
-13.442636 -20.722705 -39.822374 -459.508539 -0.684686 -0.622287 -0.379426 0.726388 -0.539977 -0.425187 0.059707 -0.566731 0.821737
-8.542648 -53.814754 -20.509664 -595.777358 0.447726 0.786379 0.425617 0.760851 -0.585095 0.280659 -0.469731 -0.198172 0.860279
-8.001493 -50.481480 43.707655 -1241.859501 0.450498 0.797238 0.401825 0.676121 -0.598586 0.429599 -0.583020 -0.078149 0.808691
-7.704373 -51.023682 -61.559899 -1186.780326 0.437549 0.786704 0.435484 0.646946 -0.611782 0.455174 -0.624509 -0.082574 0.776640
-8.206797 -54.448568 -2.149190 216.991050 0.447969 0.770926 0.452766 0.815902 -0.559575 0.145533 -0.365552 -0.304218 0.879672
-9.443623 -55.994780 -192.265742 -343.026820 -0.450734 -0.786826 -0.421597 0.844102 -0.529330 0.085451 -0.290399 -0.317355 0.902748
-9.321201 -55.475958 -109.538621 -243.807953 0.444589 0.799148 0.404602 0.824091 -0.541935 0.164867 -0.351021 -0.260131 0.899509
34.711558 -20.979401 799.927746 5132.272537 0.961051 -0.088763 0.261728 0.262623 0.588272 -0.764830 0.086079 -0.803777 -0.588671
23.955390 -21.819084 -1536.323562 721.152023 0.928089 -0.179641 0.326159 0.372170 0.419683 -0.827862 -0.011834 -0.889716 -0.456360
27.235281 -26.175712 -1076.157961 1020.390277 0.880423 -0.145274 0.451388 0.470331 0.388720 -0.792266 0.060368 -0.909831 -0.410565
41.270505 -83.669605 -3529.391800 -5752.915768 0.723633 0.377121 0.578044 -0.068496 0.872627 -0.483561 -0.686778 0.310327 0.657292
41.489178 -112.034630 -3557.491552 -11972.429127 0.632026 0.453431 0.628445 -0.032611 0.825796 -0.563025 -0.774261 0.335352 0.536712
61.994992 -139.401628 -5237.800150 -22159.894453 0.763118 0.297612 0.573653 0.108663 0.815925 -0.567854 -0.637058 0.495675 0.590308
46.925447 -76.680705 -1453.906642 -5704.801052 0.837189 0.215505 0.502665 0.029139 0.900213 -0.434474 -0.546137 0.378384 0.747369
26.761090 -67.988371 -1401.757762 2321.088744 0.749050 0.402728 0.526055 -0.203000 0.895355 -0.396398 -0.630646 0.190132 0.752419
5.315904 -142.903760 1049.152722 -21016.049480 0.769045 -0.639193 -0.001307 -0.636126 -0.765151 -0.099435 -0.062558 -0.077301 0.995043
13.391875 -77.483213 761.830576 -5867.168815 0.903118 -0.420701 0.085957 -0.426751 -0.901563 0.071185 -0.047548 0.100971 0.993752
3.727108 -212.098351 1098.059082 38668.550792 0.770555 -0.637350 -0.005449 0.636283 0.769709 -0.051885 0.037263 0.036513 0.998638
10.892637 -67.531721 -156.218925 4339.398463 0.896711 -0.418840 0.143120 0.414609 0.908041 0.059671 -0.154951 0.005831 0.987905
0.053221 -329.732827 571.786930 57658.215702 0.655202 -0.746967 -0.112922 0.750215 0.625775 0.213503 -0.088816 -0.224603 0.970394
42.359718 -826.774766 10200.128084 -168532.939201 0.771670 -0.632372 -0.068049 -0.595679 -0.681075 -0.425798 -0.222916 -0.369111 0.902256
6.013521 -143.716953 -355.010862 21536.182047 0.755220 -0.654168 0.041326 0.629992 0.741826 0.229792 -0.180979 -0.147508 0.972362
-7.880721 -19.908613 -1084.177293 -6.742994 0.829888 -0.020525 0.557552 -0.086390 0.982544 0.164757 -0.551201 -0.184897 0.813628
-7.520483 -21.190241 296.328821 -410.740582 0.833619 0.071343 0.547713 -0.147332 0.984416 0.096013 -0.532328 -0.160734 0.831139
-6.281941 -20.601965 183.668383 781.589462 0.850134 -0.061106 0.523009 -0.061635 0.974868 0.214086 -0.522947 -0.214238 0.825002
-7.305055 -20.022901 -1329.583687 604.860764 0.842715 -0.146603 0.518014 -0.005359 0.959877 0.280372 -0.538333 -0.239049 0.808117
14.339525 -27.736526 967.818877 723.902535 -0.494166 0.132086 0.859275 0.811381 0.425000 0.401293 -0.312186 0.895505 -0.317193
17.238005 -29.409564 -132.098117 859.913038 -0.548891 0.191488 0.813665 0.762086 0.514565 0.392999 -0.343429 0.835796 -0.428370
14.054134 -26.813896 -477.647440 1098.041236 -0.568786 0.211359 0.794865 0.788236 0.416058 0.453410 -0.234877 0.884434 -0.403248
59.403284 -71.276957 -3405.837834 -270.206926 0.365384 0.870870 0.328755 -0.461207 0.476146 -0.748714 0.808568 -0.121944 -0.575628
49.040665 -68.556566 -4732.567917 -2044.238265 0.548433 0.810619 0.205227 -0.425364 0.481753 -0.766146 0.719921 -0.332884 -0.609017
54.132056 -65.037995 -3821.956208 -2293.367949 0.482842 0.827794 0.285694 -0.267132 0.449925 -0.852178 0.833969 -0.335150 -0.438373
57.129761 -69.050780 -184.165808 -1776.094720 0.253341 0.873313 0.416104 -0.259945 0.475772 -0.840280 0.931798 -0.104713 -0.347546
53.993686 -60.895867 -2426.765466 -2228.071961 0.423349 0.836064 0.348959 -0.081445 0.418742 -0.904446 0.902298 -0.354476 -0.245368
10.004432 -33.617480 2207.746569 -2071.313135 -0.050025 0.829753 0.555885 0.328704 0.539253 -0.775345 0.943107 -0.143935 0.299719
2.248235 -33.725491 1246.769300 -1134.589345 -0.102636 0.750315 0.653064 0.321533 0.646311 -0.692025 0.941320 -0.138955 0.307586
12.022189 -42.900619 2161.341623 -3124.727950 -0.073907 0.795466 0.601474 0.224893 0.600882 -0.767049 0.971576 -0.078577 0.223305
23.226390 -40.440452 3668.610573 -3115.329391 0.008658 0.870607 0.491904 0.246280 0.474913 -0.844869 0.969160 -0.128461 0.210301
15.543084 -31.451121 2974.567473 -2257.788934 0.022204 0.888106 0.459102 0.371872 0.418928 -0.828378 0.928018 -0.189120 0.320960
-4.000645 -12.758911 -228.535216 -2387.029500 0.548250 0.805735 0.224083 0.630670 -0.222350 -0.743516 0.549252 -0.548955 0.630056
-6.090800 -20.366131 -52.724118 -2142.661852 0.609666 0.780780 0.136715 0.524760 -0.268298 -0.807863 0.594083 -0.564269 0.573294
-4.521035 -14.417482 219.717025 -2022.096344 0.466763 0.833274 0.296288 0.670993 -0.115433 -0.732423 0.576108 -0.540675 0.613001
-2.293246 -24.291061 196.290050 533.545641 -0.516152 -0.622415 -0.588377 -0.300000 0.774818 -0.556468 0.802239 -0.110709 -0.586648
-1.429388 -24.905310 509.004678 254.248043 -0.530595 -0.621628 -0.576236 -0.271853 0.768712 -0.578945 0.802848 -0.150534 -0.576866
-1.778001 -26.847876 730.064092 179.438075 -0.524868 -0.640072 -0.561089 -0.380105 0.766062 -0.518333 0.761599 -0.058784 -0.645376
-1.064987 -27.061284 -170.787477 264.137372 -0.520297 -0.602342 -0.605372 -0.178617 0.769956 -0.612587 0.835097 -0.210598 -0.508195
-3.095606 -26.094449 304.561974 -140.963985 -0.512750 -0.627284 -0.586175 -0.364030 0.777197 -0.513271 0.777541 -0.049795 -0.626858
-1.870845 -24.825192 -455.571701 387.035281 -0.514564 -0.594099 -0.618280 -0.249036 0.793532 -0.555237 0.820491 -0.131731 -0.556275
2.514975 -43.103012 -691.809241 -1962.257393 0.516089 0.537243 0.667100 0.508055 0.435026 -0.743392 0.689588 -0.722580 0.048437
0.728356 -44.082718 -670.669967 -1133.761463 0.522823 0.534905 0.663726 0.438519 0.498923 -0.747514 0.730997 -0.681874 -0.026283
0.825445 -42.805118 613.315156 -1201.439528 -0.517460 -0.529117 -0.672511 0.563235 0.381057 -0.733186 0.644206 -0.758176 0.100835
4.332890 -41.759217 621.152847 -917.186847 -0.508731 -0.546222 -0.665458 0.579140 0.354802 -0.733971 0.637017 -0.758787 0.135840
-8.964796 -67.453488 -184.405443 98.669685 0.239423 0.657770 0.714153 0.048275 0.726572 -0.685393 -0.969715 0.198575 0.142204
-7.308492 -64.096271 184.715093 -2024.811362 0.277287 0.667364 0.691185 -0.237829 -0.649330 0.722363 -0.930886 0.364685 0.021332
-8.691170 -66.072498 -388.464554 -1820.254962 0.225431 0.671858 0.705541 -0.270796 -0.652436 0.707811 -0.935869 0.350621 -0.034857
-7.375848 -65.556033 443.343212 -20.863130 0.299571 0.659181 0.689737 0.036488 0.714495 -0.698689 -0.953376 0.234474 0.189990
-9.539414 -69.099194 173.882070 201.076479 0.219669 0.653100 0.724710 0.066247 0.731154 -0.678988 -0.973323 0.197163 0.117346
-9.966371 -67.696848 -27.637948 -1537.722530 0.216961 0.642383 0.735032 -0.165854 0.766277 -0.620735 -0.961988 0.012767 0.272794
-9.097357 -65.778078 -12.154765 -1682.502925 0.255153 0.649554 0.716224 -0.159035 0.758847 -0.631553 -0.953732 0.047238 0.296924
-1.141785 -23.636340 -528.204187 -766.313067 0.194146 -0.642375 -0.741391 0.528379 0.705249 -0.472694 0.826513 -0.299964 0.476339
1.013044 -21.783978 680.497179 -1040.374534 -0.074197 0.791411 0.606765 0.502185 0.555316 -0.662898 0.861571 -0.255524 0.438638
-1.203094 -19.251322 -34.198332 -565.266423 0.226566 -0.597021 -0.769567 0.535652 0.736275 -0.413493 0.813477 -0.318537 0.486610
0.182893 -19.934987 -529.366248 -301.579888 0.334321 -0.439277 -0.833826 0.543437 0.812693 -0.210254 0.770004 -0.382839 0.510420
-1.525630 -23.523366 -484.597691 -1231.052443 0.229606 -0.582365 -0.779828 0.591206 0.719929 -0.363563 0.773147 -0.377563 0.509598
-2.758704 -28.089648 -646.029418 -448.175892 0.170647 -0.658763 -0.732742 0.488862 0.702273 -0.517520 0.855507 -0.269897 0.441886
10.123426 -27.329086 272.988302 -1886.697580 -0.103205 0.211602 0.971892 0.940791 -0.296431 0.164442 0.322895 0.931318 -0.168480
10.769954 -20.769448 -229.386769 -583.063715 -0.234104 0.275921 0.932235 0.935307 -0.197767 0.293410 0.265324 0.940615 -0.211772
14.262963 -19.716089 658.931983 -978.437311 -0.139011 0.255740 0.956699 0.937614 -0.276897 0.210257 0.318678 0.926243 -0.201293
0.058429 -82.581651 64.632187 4318.223485 0.419357 -0.020969 0.907579 -0.236576 0.962666 0.131554 -0.876454 -0.269879 0.398740
-0.429352 -91.409575 130.396512 4095.364086 0.412900 -0.007988 0.910741 -0.460934 0.860615 0.216521 -0.785527 -0.509193 0.351666
-2.202451 -88.795179 162.016013 4493.257935 0.423978 -0.001493 0.905671 -0.299129 0.943650 0.141589 -0.854848 -0.330943 0.399640
-0.856441 -39.793340 589.428235 -311.944781 -0.439065 -0.519704 -0.732891 0.869842 -0.041661 -0.491568 0.224937 -0.853330 0.470353
-3.020299 -38.281421 325.632765 -202.031751 -0.431189 -0.532258 -0.728545 0.864798 -0.013543 -0.501937 0.257293 -0.846474 0.466135
-2.313592 -38.557582 323.289943 99.792314 -0.415489 -0.529484 -0.739605 0.896276 -0.099662 -0.432154 0.155108 -0.842445 0.515972
-3.137362 -37.836835 36.261747 167.828899 -0.407534 -0.543223 -0.734046 0.896589 -0.085445 -0.434544 0.173334 -0.835229 0.521870
23.992598 -23.637367 -1914.558103 -16.785649 -0.404018 -0.395303 -0.824927 0.892462 -0.368202 -0.260652 -0.200703 -0.841524 0.501553
22.000684 -24.675072 -2574.408927 676.441387 -0.421677 -0.418623 -0.804328 0.904362 -0.258450 -0.339608 -0.065711 -0.870608 0.487569
25.742207 -23.326629 -686.129193 -48.617572 -0.381963 -0.316318 -0.868359 0.904066 -0.322841 -0.280068 -0.191751 -0.892029 0.409286
-2.644096 -116.463650 698.056701 -3123.075422 -0.517391 0.010183 -0.855688 0.447999 0.855178 -0.260706 0.729111 -0.518234 -0.447024
-1.289909 -130.497700 485.167833 -4978.904926 -0.512841 0.016945 -0.858316 0.437371 0.865478 -0.244241 0.738715 -0.500659 -0.451265
-0.211977 -135.519138 404.156146 -4184.649211 -0.524941 0.001619 -0.851137 0.170838 0.979848 -0.103501 0.833817 -0.199739 -0.514639
-3.735332 -111.775021 721.716009 -4898.036024 -0.502370 0.033307 -0.864011 0.672910 0.642556 -0.366487 0.542969 -0.765514 -0.345214
-2.370885 -114.565119 261.431784 -316.321716 -0.512441 -0.024335 -0.858378 0.313536 0.925285 -0.213409 0.799437 -0.378492 -0.466524
0.308818 -91.748923 254.353141 1133.333678 -0.393550 0.004022 -0.919295 0.912413 -0.120493 -0.391131 -0.112342 -0.992706 0.043750
-0.037343 -85.495043 415.823349 1552.760657 -0.390210 0.006262 -0.920705 0.920363 0.030727 -0.389856 0.025849 -0.999508 -0.017753
0.127966 -91.124428 204.380748 1178.405129 -0.394589 0.002414 -0.918854 0.893644 -0.231642 -0.384372 -0.213774 -0.972798 0.089246
-5.898994 -38.913940 -830.960682 -1486.925084 0.135637 -0.629517 -0.765056 0.213430 0.772627 -0.597909 0.967497 -0.082187 0.239155
-7.035322 -35.250419 -187.989482 -1416.837185 0.090073 -0.608342 -0.788547 0.257131 0.779127 -0.571703 0.962170 -0.151265 0.226602
-6.286373 -40.005988 -463.484559 -2334.615492 0.113749 -0.571113 -0.812952 0.135075 0.819555 -0.556852 0.984285 -0.046468 0.170366
-4.228750 -51.674253 -926.902929 -3636.663563 0.138779 -0.564070 -0.813981 0.038110 0.824368 -0.564770 0.989590 0.047358 0.135902
-2.971799 -47.138318 -1052.347079 -3476.618574 0.137107 -0.623041 -0.770079 0.115443 0.782173 -0.612273 0.983806 -0.004953 0.179167
-2.321008 -37.881560 -930.377408 -1424.573794 0.132834 -0.678206 -0.722767 0.244205 0.729143 -0.639308 0.960583 -0.091581 0.262476
0.006359 -208.260049 469.324540 11087.017615 -0.414618 -0.010278 -0.909937 0.766450 0.535098 -0.355281 0.490557 -0.844727 -0.213984
0.231503 -223.078781 621.764630 10769.338733 -0.473753 -0.038929 -0.879797 0.622949 0.691342 -0.366035 0.622490 -0.721479 -0.303274
-0.475582 -185.176002 -1613.746044 15746.853017 -0.415547 -0.035518 -0.908878 0.524515 0.807003 -0.271349 0.743105 -0.589478 -0.316718
-1.729542 -162.476069 -1923.278693 12703.377095 -0.426597 -0.023442 -0.904138 0.208876 0.970087 -0.123705 0.879992 -0.241625 -0.408940
-0.412660 -203.393413 -900.354904 10681.527274 -0.403947 0.015787 -0.914646 0.509774 0.834097 -0.210742 0.759577 -0.551392 -0.344979
41.347396 -516.453438 8095.563202 112167.458373 -0.598243 -0.114777 -0.793052 0.181403 0.944597 -0.273552 0.780512 -0.307512 -0.544277
-4.735399 -180.656530 2132.694425 12445.235357 -0.585967 -0.111813 -0.802584 -0.120181 0.991473 -0.050384 0.801373 0.066932 -0.594408
-6.040195 -169.759173 795.729231 14456.680489 -0.529800 -0.076516 -0.844664 -0.010856 0.996452 -0.083457 0.848053 -0.035046 -0.528751
-0.995804 -203.267621 1405.929743 21724.679758 -0.533192 -0.079116 -0.842287 0.293411 0.916526 -0.271827 0.793484 -0.392072 -0.465471
13.007859 -13.569274 2360.905976 73.370544 0.478845 0.877412 0.029246 0.572837 -0.287033 -0.767770 0.665256 -0.384395 0.640058
19.897579 -17.328769 1407.882130 307.325873 0.544867 0.832212 0.102679 0.572523 -0.279756 -0.770684 0.612648 -0.478706 0.628890
17.756706 -13.981976 1762.987660 -70.520566 0.568843 0.822361 0.011861 0.557961 -0.375276 -0.740167 0.604233 -0.427657 0.672318
17.445895 -16.081176 2002.232124 -635.136043 0.450519 0.881632 0.140560 0.596397 -0.180049 -0.782236 0.664337 -0.436241 0.606919
9.721321 -12.515385 2455.446875 570.309350 0.540462 0.838078 -0.074335 0.533373 -0.409607 -0.740092 0.650703 -0.360343 0.668385
11.687704 -13.494725 2281.459413 -713.410712 0.384084 0.913925 0.131226 0.612520 -0.145867 -0.776880 0.690868 -0.378766 0.615823
26.410652 15.119666 -7064.573764 -777.837968 0.628589 -0.479990 -0.611952 0.730129 0.635259 0.251707 0.267932 -0.605025 0.749772
17.190221 7.362895 -1683.954869 -5478.355652 0.758096 0.619297 0.204358 0.588680 -0.515015 -0.623069 0.280617 -0.592648 0.754998
13.320383 0.968465 -793.529984 -6042.975731 0.730546 0.619461 0.287352 0.640132 -0.474724 -0.604043 0.237768 -0.625225 0.743344
24.397936 14.764361 -7881.412337 152.129796 0.598444 -0.526885 -0.603537 0.770803 0.584072 0.254406 0.218467 -0.617456 0.755659
11.557265 -7.766635 -347.041640 -5569.331163 -0.669613 -0.646672 -0.365286 0.705428 -0.399890 -0.585201 0.232359 -0.649541 0.723951
-33.358704 -3649.275551 -2805.473444 -1323868.954117 -0.139732 0.304569 -0.942185 0.825004 0.562005 0.059319 0.547580 -0.769017 -0.329801
13.484232 -5229.336634 30183.034242 1482576.283817 0.112374 0.565391 -0.817132 0.254028 0.778669 0.573712 0.960647 -0.272045 -0.056123
-52.036347 -1247.738700 -10368.549135 -334816.001158 0.024542 0.208502 -0.977714 0.833761 0.535343 0.135093 0.551579 -0.818496 -0.160703
-67.643507 -780.812577 -3978.712165 183676.227747 0.070996 0.271705 -0.959758 0.147072 0.948819 0.279488 0.986575 -0.160996 0.027402
-277.233448 -764.890973 -33770.796833 -153987.162647 -0.076026 0.371090 -0.925479 0.996763 0.052639 -0.060776 0.026163 -0.927104 -0.373891
-99.584698 -6812.294461 -23486.568377 -1558821.175006 0.272472 0.327127 -0.904846 0.960367 -0.149907 0.234995 -0.058769 -0.933014 -0.355008
-68.814899 -697.867766 -4761.235273 -29716.873774 0.055359 0.195166 -0.979207 0.736367 0.654342 0.172047 0.674313 -0.730580 -0.107490
-28.351054 -58.127566 10459.118434 -5472.451646 0.679929 0.728305 -0.085262 0.162813 -0.036571 0.985979 -0.714975 0.684277 0.143443
8.943414 -89.606127 3229.841959 -17474.617745 0.644453 0.744272 0.175329 0.027984 -0.252098 0.967297 -0.764132 0.618471 0.183293
2.311908 -35.027959 3820.107004 -1980.555898 0.624136 0.779154 -0.058087 0.147430 -0.044435 0.988074 -0.767280 0.625256 0.142604
-16.939155 -57.474349 3897.930420 11930.665645 0.442537 0.570467 -0.691902 0.495503 0.487528 0.718884 -0.747420 0.660973 0.066919
-59.929167 -194.083392 -9145.366882 42950.526201 -0.184023 -0.323135 0.928288 0.644225 0.673635 0.362202 -0.742368 0.664680 0.084207
-29.400825 -45.979980 581.362991 1703.726896 0.868971 0.331524 0.367397 -0.256479 -0.333206 0.907300 -0.423211 0.882647 0.204517
-24.195823 -39.832681 450.110630 1990.892670 0.816835 0.171855 0.550679 -0.411637 -0.495134 0.765112 -0.404148 0.851650 0.333701
-20.448280 -32.767887 275.608541 1519.555955 0.737166 0.082487 0.670659 -0.478751 -0.636661 0.604533 -0.476849 0.766719 0.429834
-9.129501 -28.872549 1066.606550 -3006.138919 0.800510 -0.431389 0.416037 0.267271 0.878295 0.396440 -0.536423 -0.206159 0.818382
-3.228802 -15.174226 -6282.401033 -2789.621277 0.641986 -0.686691 0.341040 0.446270 0.696364 0.562068 -0.623456 -0.208644 0.753506
0.722933 -21.372630 6279.769294 -2008.362644 -0.617261 0.703521 -0.352203 0.499319 0.696254 0.515666 -0.608004 -0.142438 0.781052
12.934083 -30.558767 2318.412726 -449.244173 0.726721 0.520796 0.447937 0.634738 -0.758421 -0.148001 -0.262647 -0.391878 0.881730
13.957535 -30.458689 -1643.794027 -334.986933 0.682391 0.474548 0.556010 0.641961 -0.752836 -0.145343 -0.349612 -0.456117 0.818370
8.696011 -29.018041 -3001.830505 646.322660 0.668069 0.448307 0.593889 -0.591850 0.803890 0.058945 -0.450995 -0.390872 0.802385
12.223518 -29.432024 12.988966 538.845528 0.706699 0.500170 0.500407 -0.602756 0.795984 0.055634 -0.370490 -0.340940 0.864001
-8.378113 -37.183429 -286.315152 -978.991689 0.738572 0.294648 0.606378 -0.586978 -0.161373 0.793357 -0.331614 0.941882 -0.053766
-6.030461 -38.024101 1006.048395 -838.381381 0.758159 0.221720 0.613217 -0.609882 -0.091653 0.787174 -0.230736 0.970793 -0.065736
-3.457156 -36.369027 1444.562688 -817.334845 0.735079 0.184905 0.652280 -0.630185 -0.168492 0.757943 -0.250051 0.968205 0.007331
-6.439918 -29.182542 -32.506082 -5.945706 0.709752 0.110654 0.695707 -0.296075 0.942981 0.152070 -0.639211 -0.313913 0.702045
-5.752422 -27.755103 -286.475489 2403.000412 0.689162 0.128218 0.713173 -0.207266 0.977979 0.024461 -0.694331 -0.164675 0.700562
-6.009721 -29.184574 -609.424125 394.964873 0.686210 0.110516 0.718959 -0.293315 0.946513 0.134460 -0.665645 -0.303149 0.681922
-6.666311 -27.497371 151.402978 2472.872850 0.717421 0.130765 0.684257 -0.198679 0.979838 0.021056 -0.667708 -0.151054 0.728937
-5.512793 -30.227895 -270.128196 -1463.066942 0.709213 0.097090 0.698277 -0.387466 0.881146 0.271018 -0.588971 -0.462768 0.662540
-5.631372 -29.919028 295.780667 -1513.814121 0.745161 0.088276 0.661017 -0.349336 0.895995 0.274149 -0.568067 -0.435202 0.698498
-6.858872 -29.203555 418.267302 -75.549399 0.739042 0.120815 0.662737 -0.285841 0.947074 0.146102 -0.610010 -0.297413 0.734461
44.341675 -38.962607 -3981.498042 -1704.808014 0.799522 0.507024 0.322012 0.399072 -0.047746 -0.915675 0.448895 -0.860608 0.240514
35.390321 -36.817955 -3427.107730 -1134.285888 0.819763 0.422837 0.386261 0.465182 -0.098208 -0.879750 0.334057 -0.900869 0.277203
23.845538 -34.775825 -2857.545585 -2593.320544 0.827795 0.301127 0.473368 0.526396 -0.125017 -0.840998 0.194069 -0.945353 0.262000
31.462763 -32.518067 -1979.529368 941.812066 0.823072 0.378979 0.422998 0.509015 -0.161896 -0.845395 0.251905 -0.911134 0.326158
39.014653 -40.283384 -1095.480512 2722.649714 0.759474 0.508126 0.406212 0.533056 -0.128159 -0.836317 0.372895 -0.851695 0.368193
42.303435 -40.145968 -1847.192836 1741.735773 0.742280 0.572937 0.347511 0.468969 -0.073744 -0.880131 0.478633 -0.816275 0.323429
2.789945 -53.083455 209.349166 1283.661290 0.493782 0.819852 0.289866 0.216896 -0.438921 0.871955 -0.842102 0.367685 0.394554
1.819513 -51.339944 350.869015 2997.872582 0.509893 0.800582 0.314766 0.359497 -0.530732 0.767519 -0.781519 0.278196 0.558423
1.796334 -53.000272 -219.744006 1104.369906 0.477138 0.820391 0.315115 0.385202 -0.517514 0.764067 -0.789911 0.243182 0.562942
1.897235 -56.054305 985.809103 1972.422934 0.520423 0.800489 0.297282 0.176516 -0.441473 0.879741 -0.835465 0.405363 0.371052
2.007994 -51.194708 -612.277635 1236.116744 0.474715 0.826440 0.302724 0.247431 -0.455391 0.855217 -0.844644 0.331081 0.420668
3.789955 -56.364407 -847.735073 910.230567 0.458131 0.851928 0.253644 0.073622 -0.320737 0.944303 -0.885831 0.413940 0.209660
3.637352 -59.560632 662.927068 -236.235916 0.513043 0.812048 0.278146 0.015974 -0.333019 0.942785 -0.858214 0.479246 0.183825
-0.699961 -78.119285 -150.574089 -4082.682167 -0.403258 -0.667667 -0.625782 0.840258 -0.541006 0.035749 -0.362421 -0.511402 0.779179
-1.446516 -80.604004 327.366900 -2946.165951 -0.402204 -0.657326 -0.637303 0.866736 -0.497625 -0.033741 -0.294959 -0.565944 0.769875
-1.332383 -73.482731 -288.018674 -1623.500812 0.383989 0.668877 0.636518 0.769719 -0.612643 0.179444 -0.509985 -0.421036 0.750096
-0.267980 -76.781006 -485.284833 -2209.360755 0.387437 0.654570 0.649177 0.774539 -0.613022 0.155861 -0.499982 -0.442426 0.744498
-2.152521 -69.844291 -450.822746 666.072376 0.377243 0.672875 0.636338 0.681082 -0.667162 0.301700 -0.627547 -0.319584 0.709965
-0.661027 -76.749613 -442.116848 1144.316712 0.367357 0.680898 0.633583 0.660131 -0.670758 0.338099 -0.655191 -0.294045 0.695889
-10.123076 -54.825371 -512.478703 1395.773665 -0.356567 -0.868611 -0.344055 0.821106 -0.115674 -0.558932 0.445697 -0.481803 0.754467
-7.861540 -50.154477 475.966690 301.977928 0.357764 0.877948 0.318140 0.679689 -0.011208 -0.733415 0.640334 -0.478626 0.600741
-9.605763 -52.062035 652.897958 1011.424672 0.350257 0.878550 0.324762 0.777142 -0.079036 -0.624342 0.522848 -0.471066 0.710441
251.904677 -18.729553 44763.098599 -2782.713946 0.960972 0.127092 -0.245723 -0.268697 0.640165 -0.719715 -0.065833 -0.757652 -0.649330
167.437726 -10.986007 29743.815024 -2478.576032 0.947333 0.106096 -0.302166 -0.306068 0.577622 -0.756753 -0.094249 -0.809381 -0.579672
117.795020 -18.552023 19269.848502 -3864.031067 0.971550 0.231669 0.049201 -0.104270 0.604931 -0.789422 0.212647 -0.761832 -0.611876
-6.822926 -56.516162 -600.660397 -735.171083 0.923765 0.117636 -0.364445 -0.001392 0.952678 0.303978 0.382958 -0.280297 0.880214
-5.244895 -53.336076 -960.564233 1357.991484 0.929397 0.092690 -0.357253 -0.101071 -0.867033 -0.487892 0.354973 -0.489553 0.796450
11.179252 -62.833040 2282.135628 -1747.234220 0.353837 0.891201 0.283830 -0.271640 0.388300 -0.880588 0.894992 -0.234485 -0.379480
9.023423 -57.230580 1995.247047 -1362.159229 0.340924 0.904425 0.256490 -0.147766 0.320997 -0.935482 0.928405 -0.281028 -0.243078
4.030041 -59.987119 1346.729420 -1358.694511 0.346387 0.889564 0.297812 -0.231049 0.388587 -0.891973 0.909193 -0.240159 -0.340135
2.773094 -54.741844 1157.084582 -907.253271 0.343643 0.898277 0.273874 -0.051048 0.309071 -0.949668 0.937712 -0.312367 -0.152066
4.811935 -84.469851 -1632.990415 6105.455089 0.845994 0.197877 -0.495115 0.295091 0.599648 0.743871 -0.444089 0.775414 -0.448907
-14.057833 -55.437570 1405.551819 2423.502311 0.994475 -0.101691 -0.026036 -0.098829 -0.990628 0.094284 0.035380 0.091190 0.995205
-8.367161 -63.373486 1057.922088 1957.467374 0.992874 -0.102790 -0.060302 -0.094041 -0.986597 0.133353 0.073201 0.126732 0.989232
15.308396 -15.441521 2618.550400 -1662.630819 0.819579 0.251346 0.514895 -0.020597 0.910990 -0.411914 -0.572596 0.326990 0.751805
-15.483828 -22.399192 -137.233594 35.601753 0.799974 0.500919 0.330336 0.586957 -0.538964 -0.604152 0.124592 -0.677199 0.725175
-14.295972 -22.327664 -315.030528 -93.703726 0.898624 0.347530 0.267764 0.435858 -0.637603 -0.635209 0.050027 -0.687521 0.724439
-15.544946 -22.870304 -244.071188 -54.713677 0.891631 0.370249 0.260594 0.440423 -0.575810 -0.688818 0.104981 -0.728943 0.676477
-16.725713 -22.417120 -222.824437 -20.365823 0.802863 0.501543 0.322281 0.571225 -0.492463 -0.656645 0.170624 -0.711291 0.681874
-7.269552 -47.531135 29.195526 -775.624310 0.443622 0.799628 0.404715 0.591320 -0.600495 0.538281 -0.673454 -0.000522 0.739229
33.395364 -118.723850 -3152.195769 -8714.891789 0.513550 0.575175 0.636742 -0.000642 0.742329 -0.670035 -0.858059 0.343688 0.381592
50.454310 -164.248327 -4036.037824 -20689.993786 0.631787 0.471453 0.615286 0.206359 0.662829 -0.719774 -0.747169 0.581713 0.321478
11.630707 -72.758503 392.217031 -6780.659323 0.905934 -0.420839 0.046682 -0.420504 -0.881294 0.215632 0.049606 0.214979 0.975358
28.811576 -58.348124 2805.958821 2711.805541 0.964581 -0.232737 0.124167 -0.257716 -0.931860 0.255380 -0.056270 0.278334 0.958835
21.114543 -48.984275 983.249640 -781.997623 0.961405 -0.263514 0.079130 -0.275077 -0.926645 0.256245 -0.005801 0.268122 0.963367
28.666844 -48.109069 2333.370277 1457.696340 0.970802 -0.188331 0.148579 -0.208549 -0.968679 0.134791 -0.118540 0.161841 0.979671
23.537800 3.877533 -2146.312862 -1522.092850 0.463474 -0.306698 -0.831341 0.677778 0.727046 0.109641 0.570797 -0.614280 0.544840
14.804111 2.183765 -2826.290406 -838.672300 0.521750 -0.358008 -0.774343 0.667099 0.736988 0.108752 0.531748 -0.573305 0.623350
19.881214 1.024378 -2436.861914 -1060.734459 0.463800 -0.361288 -0.808926 0.694119 0.715581 0.078377 0.550535 -0.597842 0.582663
20.825586 5.452953 -2939.208662 -960.272825 0.530612 -0.304930 -0.790866 0.642254 0.753529 0.140371 0.553137 -0.582419 0.595674
53.185747 -70.572786 -5070.840533 -66.805984 0.451078 0.857103 0.248803 -0.585018 0.494488 -0.642833 0.674004 -0.144414 -0.724474
40.993878 -68.959113 -4186.686506 -1042.642771 0.580045 0.803515 0.133834 -0.570706 0.518095 -0.637081 0.581243 -0.293155 -0.759090
35.088754 -63.650762 -3182.464121 -3017.112265 0.656959 0.744614 0.118134 -0.416935 0.489372 -0.765950 0.628149 -0.453944 -0.631953
88.326142 -32.676170 -19264.967878 -1696.009918 -0.951588 0.016417 -0.306939 -0.027503 0.990020 0.138220 0.306144 0.139970 -0.941639
138.268728 -42.258361 31359.051696 -1593.581522 0.985838 -0.131312 0.104306 0.105156 0.968560 0.225463 0.130633 0.211301 -0.968652
294.956913 -38.871517 -58300.988215 -4300.598589 -0.992176 0.013882 -0.124076 0.008294 0.998933 0.045443 0.124575 0.044058 -0.991232
580.624175 -27.222430 -156249.300108 -1630.896688 -0.941462 0.121001 -0.314655 0.114062 0.992650 0.040448 0.317237 0.002190 -0.948344
2144.183387 -126.579224 -549823.370502 9706.670703 -0.971929 0.209051 -0.107941 0.215690 0.974974 -0.053887 0.093974 -0.075656 -0.992696
-0.626238 -28.047984 818.580552 -466.179057 -0.133721 0.721702 0.679165 0.435886 0.658302 -0.613711 0.890013 -0.213972 0.402608
-3.053590 -32.278038 -800.907258 -68.718310 0.144131 -0.683816 -0.715277 0.369283 0.707775 -0.602233 0.918072 -0.177339 0.354534
-5.951624 -19.354125 -289.729577 -2434.685177 0.700229 0.713819 0.011898 0.431079 -0.409470 -0.804055 0.569078 -0.568152 0.594435
-8.952624 -26.900712 -259.616477 -1422.517064 0.702398 0.711726 -0.009097 0.341385 -0.348071 -0.873100 0.624575 -0.610158 0.487457
-8.141449 -25.037508 105.178121 -1333.462515 0.615864 0.782446 0.092142 0.443119 -0.247307 -0.861676 0.651427 -0.571505 0.499024
-0.339109 -26.516081 540.119139 373.387782 -0.530253 -0.632241 -0.564892 -0.297559 0.762666 -0.574281 0.793908 -0.136426 -0.592535
-0.853197 -27.443859 466.803002 428.865558 -0.536422 -0.616563 -0.576283 -0.199193 0.756044 -0.623474 0.820106 -0.219653 -0.528373
4.996081 -43.622017 -470.687049 -2200.061241 0.507361 0.554274 0.659822 0.502463 0.431775 -0.749067 0.700083 -0.711583 0.059436
3.544818 -45.674607 -772.056168 -696.269245 0.517324 0.549616 0.655971 0.375729 0.542814 -0.751120 0.768898 -0.635039 -0.074304
6.038630 -46.088037 -780.872536 -1586.290304 0.510084 0.554108 0.657859 0.417378 0.509300 -0.752601 0.752070 -0.658466 -0.028514
0.136490 -44.763332 705.161858 1220.747605 -0.530914 -0.547606 -0.646728 0.258429 0.622192 -0.738980 0.807059 -0.559468 -0.188813
5.238310 -47.157163 563.898452 675.960485 -0.513065 -0.577728 -0.634818 0.232099 0.618652 -0.750600 0.826374 -0.532447 -0.183319
2.864928 -45.642271 697.176060 1492.883805 -0.524377 -0.562980 -0.638813 0.196468 0.649993 -0.734105 0.828510 -0.510454 -0.230234
-7.175171 -61.662432 -41.376828 -2125.980766 0.270679 0.678452 0.682961 -0.401919 -0.565009 0.720573 -0.874754 0.469539 -0.119747
-5.743799 -60.373284 700.067588 -2202.498310 0.308757 0.676332 0.668763 -0.395043 -0.548416 0.737008 -0.865222 0.491747 -0.097853
