19787
39563
-43.674984 -65.447055 -16.300883 4063.271014 -0.348268 0.937382 -0.005000 0.689791 0.252661 -0.678492 0.634743 0.239745 0.734591
-45.980036 -67.310403 -239.043112 9222.507418 -0.475136 0.841128 0.258359 0.530507 0.508089 -0.678533 0.702003 0.185334 0.687636
-37.694550 -55.590506 -369.901529 4955.446686 -0.221607 0.968273 -0.115489 0.654429 0.059876 -0.753749 0.722919 0.242616 0.646935
-34.660125 -50.444303 -476.042460 6464.415965 -0.201555 0.977032 -0.069160 0.576692 0.061302 -0.814658 0.791708 0.204082 0.575803
-36.598626 -55.122975 -10.151121 3362.806652 -0.120824 0.938546 -0.323314 0.726095 -0.138534 -0.673494 0.676895 0.316132 0.664736
-29.316953 -46.728290 -157.453184 4087.981561 -0.010291 0.911932 -0.410213 0.629536 -0.312821 -0.711216 0.776903 0.265563 0.570874
23.309930 -58.516842 3947.376772 -2542.276353 -0.057669 0.931690 0.358648 -0.253604 0.333790 -0.907893 0.965588 0.143312 -0.217031
18.641249 -65.973026 437.780328 5204.932122 -0.092402 0.961233 0.259794 -0.402575 0.202570 -0.892692 0.910711 0.187073 -0.368251
26.067370 -51.799297 2940.947526 2997.463068 -0.072545 0.972536 0.221158 -0.373420 0.179129 -0.910204 0.924822 0.148616 -0.350169
-28.574864 -1982.569983 -42942.068049 1100227.189663 0.048988 0.996117 0.073153 -0.851671 0.079922 -0.517947 0.521782 0.036929 -0.852279
-27.142724 -1044.574874 1444.658888 586588.315140 -0.028402 0.995774 -0.087330 -0.790725 -0.075828 -0.607456 0.611512 -0.051801 -0.789538
-34.675389 -52.913043 16865.107649 18987.664076 -0.331564 0.791947 -0.512723 -0.389510 -0.609895 -0.690152 0.859271 0.029119 -0.510691
-95.566278 -1132.710135 11222.242748 612646.358152 -0.123579 0.955044 0.269481 -0.824073 0.052522 -0.564043 0.552839 0.291776 -0.780536
-33.924943 -68.751186 -5897.255364 -6347.271762 0.990947 -0.101025 -0.088424 -0.091196 -0.989860 0.108909 0.098529 0.099859 0.990111
-24.551516 -71.758380 -6089.630840 5251.916528 0.998658 -0.009054 -0.050999 0.009527 0.999914 0.009040 0.050913 -0.009513 0.998658
-40.400349 -80.212216 -6283.898917 5897.448243 0.991145 0.048807 -0.123489 -0.042046 0.997501 0.056775 0.125952 -0.051080 0.990720
36.706931 -49.166244 6345.527479 683.710983 -0.316524 0.920257 0.230085 -0.215972 0.166272 -0.962138 0.923671 0.354232 -0.146121
33.993679 -48.036157 5279.944987 -1283.321236 -0.313972 0.917547 0.243984 -0.306579 0.145234 -0.940700 0.898572 0.370154 -0.235701
38.271511 -48.706250 218.841592 -398.432065 -0.243225 0.945504 0.216483 -0.240813 0.157335 -0.957734 0.939602 0.285076 -0.189422
4.382760 -41.271054 -8234.660493 -1421.583150 0.790911 -0.544429 0.279385 0.453822 0.215585 -0.864621 -0.410493 -0.810629 -0.417582
6.924582 -52.517566 -9967.376392 7165.292395 -0.507226 0.548514 -0.664721 0.786831 -0.019926 -0.616847 -0.351594 -0.835904 -0.421481
13.322912 -41.515681 -5258.889943 939.312486 0.727193 -0.572593 0.378586 0.523707 0.106250 -0.845246 -0.443757 -0.812926 -0.377136
57.638755 -43.740088 -39061.122922 -2185.877649 0.851263 -0.524460 0.017116 0.212435 0.314615 -0.925143 -0.479816 -0.791175 -0.379233
51.426686 -43.175759 -35147.028411 -3117.791303 0.873249 -0.484369 -0.053134 0.180059 0.422087 -0.888494 -0.452786 -0.766309 -0.455802
-5.901412 -45.556601 -2741.707728 1134.495854 0.136211 0.986084 0.095314 0.861758 -0.070476 -0.502401 0.488693 -0.150570 0.859365
-8.786764 -44.562292 -2395.156322 -1610.606825 0.157529 0.983987 0.083397 0.905118 -0.110098 -0.410657 0.394899 -0.140175 0.907968
-3.273917 -44.199423 -2917.024706 -1176.907720 0.105316 0.986806 0.122976 0.902806 -0.043027 -0.427890 0.416953 -0.156087 0.895426
-7.324371 -38.927464 -2158.388156 -3491.810098 0.132126 0.985658 0.104984 0.941359 -0.091600 -0.324735 0.310461 -0.141734 0.939960
1.496438 -43.739517 -2783.050724 1258.944794 0.071261 0.987792 0.138521 0.855476 0.010887 -0.517729 0.512917 -0.155395 0.844256
3.631298 -44.628122 -2740.727340 -966.185892 0.045885 0.987866 0.148378 0.899549 0.023731 -0.436176 0.434404 -0.153487 0.887544
-1.129782 -41.339727 -2697.241303 -2779.207524 0.068415 0.987835 0.139645 0.934965 -0.014649 -0.354437 0.348079 -0.154812 0.924594
0.695041 -62.705284 -416.503381 2824.142069 -0.149955 0.890740 -0.429063 -0.611465 0.257468 0.748212 -0.776932 -0.374555 -0.506048
-0.053902 -64.366173 -642.604847 1597.857704 -0.147198 0.888109 -0.435425 -0.721157 0.204927 0.661768 -0.676953 -0.411421 -0.610301
1.309220 -63.393328 -638.821482 3916.332635 -0.146899 0.890846 -0.429901 -0.647136 0.242141 0.722899 -0.748088 -0.384398 -0.540928
-1.193742 -63.884209 72.045807 2649.368351 -0.154784 0.893826 -0.420854 -0.683633 0.210628 0.698772 -0.713224 -0.395868 -0.578447
2.815567 -59.676742 -824.314014 1724.845918 -0.136798 0.888063 -0.438897 -0.580295 0.287240 0.762070 -0.802835 -0.358939 -0.476045
6.587257 -68.106290 -1383.308195 2020.983589 0.134312 0.891262 -0.433144 -0.554861 -0.294516 -0.778068 0.821030 -0.344838 -0.454969
6.126495 -69.365775 -1951.148991 2566.319489 0.145658 0.897746 -0.415735 -0.435746 -0.319048 -0.841626 0.888206 -0.303745 -0.344717
9.738157 -67.809819 -764.934817 4094.287490 0.125916 0.904586 -0.407270 -0.503119 -0.295594 -0.812094 0.854995 -0.307161 -0.417894
9.705898 -67.158080 -679.648473 276.251808 0.123508 0.901739 -0.414261 -0.599594 -0.264825 -0.755218 0.790717 -0.341664 -0.507970
1.430748 -132.203908 -1831.379223 100.048600 0.122356 0.984774 0.123485 0.967850 -0.090841 -0.234551 0.219762 -0.148214 0.964229
0.272905 -123.244228 1395.420807 -8310.992307 -0.092928 -0.987382 -0.128225 0.995480 -0.094669 0.007535 -0.019579 -0.126946 0.991716
2.144371 -122.263371 838.885026 -7907.175098 -0.098053 -0.988333 -0.116553 0.992970 -0.104965 0.054711 -0.066307 -0.110369 0.991676
-0.305823 -130.768407 -592.957583 1917.069768 0.103632 0.987783 0.116381 0.955354 -0.066306 -0.287928 0.276694 -0.141024 0.950554
1.956961 -134.932948 -221.627638 -1426.625643 0.116642 0.987984 0.101403 0.971708 -0.092412 -0.217355 0.205372 -0.123887 0.970811
1.293941 -132.929538 -2060.807009 898.900571 0.147014 0.982349 0.115664 0.888928 -0.079929 -0.451020 0.433814 -0.169123 0.884987
0.378585 -129.802284 -704.377442 1319.135385 0.120463 0.986642 0.109661 0.912919 -0.066709 -0.402653 0.389959 -0.148616 0.908760
-3.560013 -110.580491 -1078.226652 -3884.503598 0.260103 0.962059 -0.082391 -0.109257 -0.055457 -0.992465 0.959380 -0.267145 -0.090687
-3.029400 -117.374954 -1048.817340 -6459.027884 0.260294 0.961583 -0.087203 -0.317017 -0.000194 -0.948420 0.912002 -0.274513 -0.304788
-3.168972 -109.738079 -447.426301 -7509.090816 0.245430 0.965969 -0.081663 -0.220083 -0.026518 -0.975121 0.944102 -0.257296 -0.206085
6.958077 -74.260924 -700.701525 2018.168283 -0.057592 0.990855 0.122022 0.704903 -0.046193 0.707798 -0.706962 -0.126778 0.695796
5.490357 -72.379378 226.757420 2919.215469 -0.036069 0.993310 0.109702 0.720471 -0.050226 0.691664 -0.692546 -0.103985 0.713840
7.714699 -72.063526 433.017079 1532.445467 -0.068776 0.991757 0.108108 0.807495 -0.008296 0.589816 -0.585851 -0.127862 0.800269
7.980172 -78.943246 685.284938 3178.443661 -0.023045 0.991940 0.124593 0.589404 -0.087183 0.803120 -0.807510 -0.091944 0.582645
8.975827 -72.682521 991.742849 2348.763907 -0.049767 0.991129 0.123233 0.741214 -0.046048 0.669688 -0.669422 -0.124671 0.732347
9.963503 -79.298910 658.932433 2065.203111 -0.042552 0.989465 0.138381 0.615735 -0.083104 0.783559 -0.786804 -0.118548 0.605712
-18.370722 -92.766507 -6336.281027 5853.330890 0.991804 0.036935 0.122316 -0.086417 -0.511238 0.855084 -0.094115 0.858645 0.503856
-2.927719 -91.958041 -10757.877592 6631.889626 0.981696 0.094110 0.165578 -0.110491 -0.426702 0.897618 -0.155128 0.899483 0.408493
-0.060486 -83.544659 -10882.408280 7766.645955 0.984620 0.112211 0.133914 -0.047426 -0.566041 0.823012 -0.168152 0.816705 0.552013
-9.113705 -77.110519 -11613.698643 5526.960295 0.986333 0.140160 0.086615 0.022614 -0.635876 0.771460 -0.163204 0.758958 0.630355
-0.745741 -124.442716 -2784.310212 -2249.750124 0.939740 -0.220204 0.261533 -0.338697 -0.495302 0.799975 0.046620 0.840349 0.540037
-1.531994 -124.025278 -443.791037 -2399.197378 0.940473 -0.236594 0.243997 -0.314388 -0.332865 0.889023 0.129120 0.912811 0.387432
2.403570 -124.456323 -3105.478463 -1849.170280 0.934938 -0.226983 0.272708 -0.332755 -0.294161 0.895960 0.123148 0.928412 0.350552
-6.384361 -127.757947 168.809835 -3298.125832 0.947626 -0.233494 0.217914 -0.313249 -0.546392 0.776744 0.062299 0.804324 0.590917
15.299267 -70.261814 -299.644071 -2780.026651 -0.036990 0.971211 0.235332 0.700104 -0.142855 0.699604 -0.713082 -0.190635 0.674665
14.407380 -67.210533 2357.342196 -4408.112602 0.004836 0.964075 0.265588 0.651485 -0.204529 0.730572 -0.758646 -0.169494 0.629069
11.724149 -69.332383 647.034392 -1363.684681 -0.033612 0.976622 0.212321 0.610353 -0.148166 0.778149 -0.791416 -0.155746 0.591104
19.381328 -74.329375 1885.513549 -3758.345693 -0.003577 0.962097 0.272683 0.763398 -0.173507 0.622189 -0.645919 -0.210391 0.733842
11.014842 -78.988610 381.033750 358.484988 -0.052918 0.985193 0.163079 0.627964 -0.094146 0.772527 -0.776442 -0.143288 0.613683
16.716570 -79.005288 282.152785 -152.212927 -0.051557 0.975660 0.213143 0.791943 -0.090082 0.603913 -0.608414 -0.199933 0.768023
-1.072434 -34.394188 3739.013066 2139.217040 -0.129808 0.980347 -0.148559 -0.112618 -0.163434 -0.980105 0.985123 0.110495 -0.131619
4.501319 -35.928335 2945.445581 981.925085 -0.110424 0.987193 -0.115134 -0.059861 -0.122238 -0.990694 0.992080 0.102505 -0.072592
-1.061871 -37.656004 2408.791968 -334.958247 -0.116364 0.977581 -0.175484 0.006928 -0.175881 -0.984387 0.993182 0.115763 -0.013694
-9.523656 -112.607715 -2161.020035 -11582.985352 0.844758 -0.011494 0.535025 0.239887 0.901829 -0.359386 -0.478370 0.431940 0.764585
-2.073937 -91.668879 -2822.342426 -1103.449456 0.862098 0.080683 0.500277 0.076085 0.955442 -0.285204 -0.500997 0.283938 0.817546
-8.251693 -98.082103 -1238.927373 -5640.341560 0.865244 0.021187 0.500902 0.135249 0.952201 -0.273901 -0.482763 0.304738 0.821021
-11.092000 -116.109559 -494.644299 13996.256608 0.853368 -0.045118 0.519353 -0.269255 -0.891222 0.365000 -0.446390 0.451318 0.772689
-7.616760 -97.064723 -642.335570 -1064.213244 0.878749 0.037870 0.475779 0.045984 0.985492 -0.163372 -0.475064 0.165442 0.864259
-9.385335 -105.882873 -147.324118 -7317.233680 0.874057 -0.017617 0.485503 0.163198 0.951918 -0.259265 -0.457592 0.305846 0.834906
-2.629713 -176.862299 -1298.759316 6291.956977 0.943914 -0.153681 0.292249 0.180668 -0.500460 -0.846698 -0.276380 -0.852010 0.444626
-3.265307 -184.014128 967.997779 14968.667172 0.945685 -0.118035 0.302898 0.244646 -0.355171 -0.902221 -0.214074 -0.927319 0.307003
-2.360317 -188.283070 1212.041546 -3377.506817 0.955340 -0.120459 0.269841 0.136040 -0.631352 -0.763471 -0.262332 -0.766084 0.586769
-3.059277 -204.141406 3553.564421 10861.010614 0.957037 -0.075346 0.280004 0.213278 -0.471303 -0.855796 -0.196447 -0.878747 0.434984
1.160804 -212.142455 1180.543675 -11005.022195 0.955152 -0.087099 0.283018 0.126616 -0.743855 -0.656238 -0.267682 -0.662641 0.699466
3.676888 -58.450985 2844.817749 -1606.220963 -0.940148 -0.206595 -0.270998 -0.252526 0.956361 0.146987 0.228805 0.206623 -0.951291
3.962925 -55.998930 -695.860668 -446.648829 0.939481 0.181314 0.290691 -0.255720 0.935767 0.242789 0.227998 0.302431 -0.925501
-1.038524 -60.736230 -3577.827210 -266.995984 0.960371 0.128196 0.247495 -0.203870 0.928584 0.310109 0.190065 0.348277 -0.917921
6.495086 -52.589876 -996.984634 -695.074682 -0.908679 -0.267192 -0.320798 -0.312393 0.944898 0.097867 0.276972 0.189145 -0.942078
-2.261903 -62.409636 -4517.627534 -1777.849458 0.959617 0.128802 0.250091 -0.185004 0.958675 0.216136 0.211917 0.253676 -0.943790
2.851105 -58.820161 4329.397191 -2941.105296 -0.948299 -0.186845 -0.256550 -0.214288 0.973213 0.083295 0.234115 0.133964 -0.962935
7.981387 -53.022161 1257.105917 -2172.457471 -0.915491 -0.275088 -0.293602 -0.284524 0.958606 -0.010974 0.284468 0.073490 -0.955865
5.719025 -279.259462 1239.397608 -44695.054000 0.867264 -0.035786 0.496561 0.199718 0.938647 -0.281168 -0.456033 0.343019 0.821201
5.465260 -218.257366 501.763803 -34293.170498 0.869472 0.008613 0.493908 0.000328 0.999838 -0.018014 -0.493983 0.015825 0.869328
7.549428 -311.057651 2668.283962 -57490.175945 0.863522 -0.016822 0.504031 0.077914 0.991894 -0.100381 -0.498257 0.125952 0.857832
4.356125 -361.158881 2923.134658 40950.613614 0.845075 -0.072162 0.529756 -0.352765 -0.819817 0.451062 -0.401754 0.568060 0.718263
4.973544 -373.077495 1386.028869 75593.454526 0.844879 -0.067891 0.530632 -0.395150 -0.747833 0.533482 -0.360606 0.660406 0.658655
-14.259558 -584.035836 -16408.209329 214959.060578 -0.065111 0.383286 -0.921332 -0.609909 0.715473 0.340749 0.789792 0.584115 0.187184
621.514232 -5383.963139 366837.975403 2475459.543084 0.765112 -0.594762 -0.246700 0.371408 0.720625 -0.585453 0.525984 0.356311 0.772258
13.284264 -117.222042 25685.905345 -5481.009489 0.705008 -0.703821 0.087182 -0.171941 -0.050366 0.983819 0.688041 0.708590 0.156524
-8.462265 -160.192907 832.633591 -5449.972587 0.939049 -0.087608 0.332433 0.342642 0.159776 -0.925780 -0.027991 -0.983258 -0.180056
-8.429390 -144.686531 160.175664 -18168.173549 0.930475 -0.102518 0.351720 0.328058 -0.194196 -0.924481 -0.163079 -0.975591 0.147062
-10.746069 -154.051876 1995.581965 -15608.710302 0.932837 -0.095662 0.347367 0.340515 -0.080996 -0.936744 -0.117746 -0.992113 0.042982
-8.654086 -43.415200 4363.806890 5562.568202 -0.169536 0.850978 -0.497085 0.216214 -0.459982 -0.861202 0.961514 0.253482 0.106009
-17.292064 -46.219960 4597.458888 4906.939313 -0.121157 0.786654 -0.605390 0.229702 -0.571110 -0.788080 0.965690 0.234541 0.111502
-15.968378 -35.099663 3385.060638 4632.156220 -0.118613 0.733009 -0.669798 0.170094 -0.649589 -0.741014 0.978263 0.201823 0.047631
-9.864907 -54.158212 4687.299913 4254.526907 -0.156725 0.854788 -0.494746 0.327135 -0.427731 -0.842632 0.931890 0.293910 0.212596
-8.633528 -30.647558 3415.120843 4624.921328 -0.166730 0.840006 -0.516325 0.144190 -0.497253 -0.855540 0.975403 0.217094 0.038214
0.573550 -39.409932 4128.419445 5718.673747 -0.191491 0.893420 -0.406364 0.184549 -0.373866 -0.908937 0.963988 0.249047 0.093288
0.641642 -50.645688 4756.469558 5235.339201 -0.193796 0.886389 -0.420426 0.284365 -0.359399 -0.888802 0.938925 0.291800 0.182408
22.500545 -26.556019 4258.791431 -340.728121 0.190677 0.903194 0.384556 0.981057 -0.188980 -0.042593 0.034203 0.385393 -0.922118
20.930058 -24.207787 5257.150927 -438.531518 0.303847 0.858822 0.412433 0.952657 -0.268889 -0.141926 -0.010990 0.436031 -0.899864
28.528323 -28.914584 2865.413676 -414.628100 0.225998 0.912494 0.340999 0.973782 -0.202291 -0.104055 -0.025969 0.355575 -0.934287
29.900088 -32.178324 625.019293 388.084963 0.135374 0.946895 0.291658 0.990346 -0.138178 -0.011064 0.029824 0.290340 -0.956459
24.665323 -29.062901 3417.919790 51.989717 0.100090 0.928183 0.358410 0.990301 -0.127818 0.054458 0.096358 0.349483 -0.931975
16.127697 -24.545547 4666.200073 -495.320697 0.139791 0.901204 0.410232 0.986080 -0.164372 0.025076 0.090029 0.401016 -0.911636
42.664011 -4.451095 14649.100758 2658.885005 0.192114 -0.903868 -0.382249 0.951240 0.267287 -0.153945 0.241317 -0.334035 0.911146
52.580625 -9.577030 5179.427800 1463.787295 0.169314 -0.948815 -0.266614 0.962437 0.217434 -0.162597 0.212245 -0.229069 0.949989
46.369512 -3.486872 9614.439896 8.853413 0.041203 -0.955234 -0.292970 0.970080 0.108461 -0.217210 0.239262 -0.275254 0.931122
-3.795082 -10.352170 822.487097 1059.147036 0.969186 -0.244067 -0.033322 0.238053 0.893235 0.381394 0.063321 0.377574 -0.923812
-4.160700 -10.016334 362.802507 1058.380099 0.998506 -0.014255 0.052744 -0.006721 0.925988 0.377493 0.054221 0.377283 -0.924509
-5.262740 -7.356505 791.472125 1210.750879 0.965541 -0.256854 -0.041911 0.251892 0.881845 0.398623 0.065429 0.395444 -0.916157
-3.990226 -7.907467 810.070769 1050.314998 0.884118 -0.450173 -0.125218 0.461735 0.800603 0.381884 0.071664 0.395448 -0.915688
-4.095945 -5.897622 306.466601 419.327073 -0.478565 0.813825 0.329642 0.874723 0.409221 0.259610 0.076380 0.412586 -0.907711
-4.989761 -6.427771 1594.880342 647.002289 0.175548 0.891834 0.416912 0.982324 -0.186632 -0.014393 0.064973 0.412069 -0.908833
-753.277083 -3090.920281 -367737.133640 847749.410665 0.876092 0.261298 0.405198 -0.316061 0.945896 0.073393 -0.364098 -0.192367 0.911278
-615.519073 -2134.967816 -192623.249788 -140679.146349 0.039185 -0.787873 0.614590 0.968407 -0.121649 -0.217692 0.246278 0.603703 0.758215
-819.023498 -1630.628415 -379167.610559 -664397.317605 0.189991 -0.565586 0.802506 0.899534 0.427787 0.088531 -0.393373 0.705061 0.590039
-2006.344318 -3804.384008 -1085614.716963 18310.850310 0.547573 0.175029 0.818247 -0.070387 0.984047 -0.163392 -0.833792 0.031875 0.551157
335.595415 175.725225 -1103168.825342 -365922.174970 0.588079 -0.549904 -0.593101 0.687387 -0.046622 0.724793 -0.426218 -0.833925 0.350580
-520.526275 -4189.625543 185990.839478 1638321.422742 -0.067925 -0.413247 -0.908082 0.920099 0.325970 -0.217166 0.385751 -0.850277 0.358087
-59.777690 -250.025057 12819.541613 11279.649628 -0.141013 0.039190 0.989232 -0.549431 0.828116 -0.111127 -0.823554 -0.559185 -0.095243
-35.322526 -232.805862 12036.096965 1067.860692 -0.029935 0.103682 0.994160 -0.609263 0.786589 -0.100380 -0.792403 -0.608710 0.039624
-37.818262 -272.161506 10949.584039 72469.890460 -0.050199 0.058148 0.997045 -0.189454 0.979623 -0.066671 -0.980605 -0.192241 -0.038159
-45.171487 -312.913852 -7364.524503 91408.334967 0.143661 -0.070951 -0.987080 0.858288 -0.487600 0.159964 -0.492650 -0.870180 -0.009153
-69.506126 -356.924180 -8380.232326 109420.986564 0.203198 0.016213 -0.979003 0.864490 -0.472449 0.171606 -0.459747 -0.881209 -0.110017
1.882782 -55.290419 -5757.603568 -6579.308753 0.014467 -0.876332 0.481490 0.987684 -0.062503 -0.143433 0.155790 0.477635 0.864635
13.498987 -49.662131 -9982.155750 -9417.026024 0.079474 -0.871925 0.483147 0.983578 -0.010199 -0.180196 0.162045 0.489533 0.856796
28.687312 -43.839255 -15536.839393 -2490.056163 0.215871 -0.861876 0.458879 0.969291 0.132461 -0.207193 0.117792 0.489514 0.864003
39.131110 -38.449170 -18169.244603 2297.550370 0.295593 -0.846715 0.442377 0.952901 0.228434 -0.199495 0.067862 0.480511 0.874359
6.566977 -47.850149 -9763.477452 -1212.986561 0.094508 -0.867784 0.487872 0.990029 0.030506 -0.137521 0.104455 0.496004 0.862014
21.824668 -91.333701 -8109.051737 -3069.940020 -0.292705 0.880969 0.371775 0.719254 -0.053348 0.692696 -0.630078 -0.470156 0.618025
24.794580 -84.960430 14857.703262 6501.974662 -0.257157 0.955994 0.141228 0.756956 0.108419 0.644409 -0.600740 -0.272618 0.751526
36.626721 -65.923932 -4096.426588 16425.129845 -0.301149 0.897900 0.321068 0.843450 0.093741 0.528966 -0.444861 -0.430103 0.785564
11.389503 -94.444592 13705.327645 -1642.293058 -0.230526 0.959394 0.162548 0.661454 0.031983 0.749304 -0.713678 -0.280252 0.641967
0.528236 -92.125045 -22375.521017 -10946.563952 -0.267740 0.809402 0.522669 0.694715 -0.213701 0.686807 -0.667598 -0.546991 0.505088
7.106363 -82.173710 -11299.875679 -10847.702955 -0.295974 0.859806 0.416093 0.586953 -0.179956 0.789368 -0.753581 -0.477860 0.451404
15.516374 -13.270617 1737.176665 2497.987657 0.111444 0.992577 0.048686 0.817308 -0.119414 0.563692 -0.565322 0.023029 0.824549
14.635708 -19.043962 823.468279 3612.040320 0.071017 0.996897 0.033968 0.802400 -0.077325 0.591755 -0.592545 0.014769 0.805402
11.579487 -17.020119 2652.319731 3020.818107 0.082076 0.996612 -0.005266 0.808030 -0.063451 0.585714 -0.583396 0.052328 0.810500
15.420310 -16.083774 -402.437893 3613.466110 0.082424 0.992372 0.091672 0.809587 -0.120316 0.574537 -0.581184 -0.026861 0.813329
10.700698 -13.733170 3209.813335 2025.756189 0.117287 0.993086 0.004897 0.819382 -0.099556 0.564537 -0.561122 0.062200 0.825393
13.883700 -11.433761 3236.739518 799.758821 0.163567 0.985238 0.050516 0.816354 -0.163924 0.553801 -0.553907 0.049344 0.831115
16.464009 -10.846719 -208.928315 1683.790617 0.111482 0.987784 0.108877 0.816201 -0.153512 0.557001 -0.566911 -0.026770 0.823344
15.935868 -9.972034 1182.937929 -151.848531 0.158719 0.982605 0.096414 0.812759 -0.185475 0.552287 -0.560563 0.009297 0.828060
19.911328 -303.494976 8041.814023 90414.169840 -0.418034 0.695153 -0.584817 0.574281 0.701033 0.422793 0.703882 -0.159107 -0.692268
15.142997 -267.687077 5775.074190 21186.780775 -0.378605 0.700624 -0.604801 0.843221 0.530526 0.086725 0.381624 -0.477146 -0.791641
233.000701 -320.144230 106456.191213 -86369.277669 -0.245839 0.812436 -0.528688 -0.742275 -0.508558 -0.436345 0.623371 -0.285161 -0.728074
196.004569 -257.796297 89009.311902 -93810.259473 -0.370734 0.781875 -0.501226 -0.473308 -0.623401 -0.622375 0.799084 -0.006499 -0.601184
54.447630 -166.201430 20493.631346 -52705.950887 -0.431860 0.711336 -0.554525 -0.395147 -0.701887 -0.592632 0.810775 0.036815 -0.584200
-12.163845 -36.612528 -1981.010952 -168.444978 -0.384454 -0.812995 -0.437303 0.894987 -0.444359 0.039286 -0.226259 -0.376276 0.898456
-5.323193 -34.789290 -2906.018611 -2198.528858 -0.258580 -0.876637 -0.405764 0.922177 -0.349087 0.166514 -0.287620 -0.331129 0.898682
-7.109311 -32.752322 -3701.124681 -2800.793983 -0.411481 -0.802730 -0.431634 0.858557 -0.500331 0.112018 -0.305881 -0.324489 0.895066
-11.107987 -36.418202 -187.159622 -1090.726999 -0.656369 -0.590410 -0.469677 0.697252 -0.712485 -0.078770 -0.288131 -0.379185 0.879317
-15.426045 -37.564045 -1263.885628 225.149992 -0.577665 -0.674420 -0.459849 0.786094 -0.611400 -0.090810 -0.219908 -0.413942 0.883342
-5.819641 -31.318163 2067.806950 -4825.528798 0.573603 0.683549 0.451375 0.741462 -0.667482 0.068572 -0.348157 -0.295345 0.889696
0.019501 -25.117879 2756.024340 -5046.603511 0.371486 0.824598 0.426657 0.842976 -0.492151 0.217207 -0.389088 -0.278972 0.877944
-2.320479 -25.203958 3583.873038 -1402.794314 0.144955 0.989349 0.013279 0.890695 -0.136322 0.433681 -0.430872 0.051036 0.900969
5.787943 -28.698792 962.405408 -1367.189413 0.162796 0.985246 0.052808 0.904733 -0.170418 0.390405 -0.393644 0.015779 0.919127
5.079691 -24.176898 1760.924549 -2214.142802 0.218290 0.973204 0.072274 0.861927 -0.227000 0.453379 -0.457636 0.036673 0.888383
6.414060 -19.562065 2276.570322 -2224.829750 0.241438 0.967278 0.077983 0.831663 -0.247656 0.496994 -0.500045 0.055138 0.864243
0.225706 -20.822729 2056.702178 -1771.327071 0.183164 0.982156 0.042657 0.852407 -0.180284 0.490815 -0.489748 0.053538 0.870219
3.197793 -63.829207 279.448864 972.818909 0.443712 0.876091 -0.188641 -0.558958 0.106016 -0.822391 0.700490 -0.470347 -0.536738
3.457288 -63.431835 -722.842816 -982.243322 0.468471 0.865152 -0.179019 -0.478152 0.077896 -0.874816 0.742904 -0.495424 -0.450166
4.451317 -64.912353 -222.330381 -916.784140 0.460723 0.869692 -0.177117 -0.414680 0.034492 -0.909313 0.784713 -0.492388 -0.376535
2.572570 -62.581881 -163.342732 1941.757391 0.455553 0.869351 -0.191575 -0.605773 0.145041 -0.782306 0.652312 -0.472432 -0.592703
4.555930 -65.231960 846.263701 -1599.972327 0.430704 0.883412 -0.184600 -0.464466 0.041597 -0.884614 0.773799 -0.466747 -0.428231
2.287832 -62.927447 164.306410 1541.651184 0.434371 0.877525 -0.203154 -0.656090 0.153709 -0.738863 0.617145 -0.454228 -0.642502
2.498119 -63.861304 559.685727 2344.874130 0.419597 0.884660 -0.203262 -0.668067 0.149380 -0.728952 0.614512 -0.441659 -0.653692
3.105473 -64.481674 397.453172 1024.679747 0.418707 0.884573 -0.205465 -0.592934 0.094926 -0.799636 0.687833 -0.456640 -0.564239
4.945207 -64.476931 -2408.985427 -2669.454710 0.180389 0.934290 -0.307509 -0.802805 0.320487 0.502784 -0.568299 -0.156173 -0.807865
1.469182 -65.555683 -1659.218663 -4368.509404 0.183558 0.932937 -0.309734 -0.782942 0.329277 0.527805 -0.594397 -0.145620 -0.790877
3.029450 -61.548029 -1935.982443 -282.031885 0.185697 0.931683 -0.312223 -0.842281 0.314570 0.437732 -0.506043 -0.181694 -0.843153
7.539038 -64.127631 -2388.974822 1352.766645 0.184580 0.935333 -0.301797 -0.856630 0.303638 0.417121 -0.481784 -0.181536 -0.857280
4.921721 -61.828804 -2771.120486 2460.609629 0.197345 0.925933 -0.322030 -0.883837 0.310165 0.350186 -0.424131 -0.215514 -0.879583
0.992470 -61.222090 -1430.320646 1461.395316 0.205773 0.925843 -0.316974 -0.888035 0.312752 0.337017 -0.411159 -0.212135 -0.886537
0.682952 -120.880279 -1056.352332 9791.728426 0.293940 0.936834 -0.189582 0.727816 -0.090804 0.679734 -0.619583 0.337782 0.708534
-0.556549 -117.326410 -1436.798264 9976.752470 0.299525 0.937447 -0.177420 0.781727 -0.134524 0.608938 -0.546980 0.321086 0.773121
-0.481715 -110.230996 428.961612 10133.478134 0.320323 0.927763 -0.191439 0.815011 -0.166894 0.554891 -0.482857 0.333769 0.809597
-1.275547 -130.548134 865.833796 7262.561871 0.390700 0.811067 -0.435344 0.913835 -0.284860 0.289414 0.110723 -0.510906 -0.852476
-1.839052 -135.367152 759.213274 6943.353568 0.363621 0.822094 -0.438112 0.931065 -0.335855 0.142545 -0.029957 -0.459743 -0.887547
-1.439012 -131.414915 353.457626 102.476800 0.359164 0.822691 -0.440659 0.919225 -0.393461 0.014650 -0.161330 -0.410327 -0.897555
-19.124622 -42.261516 2397.987641 -1058.489993 -0.359554 -0.156604 0.919889 0.084973 0.976225 0.199408 -0.929247 0.149864 -0.337699
-18.197187 -44.986797 2974.616125 -1134.360423 -0.337584 -0.317883 0.885995 0.096258 0.924658 0.368431 -0.936361 0.209661 -0.281551
-23.819066 -43.410042 1758.596577 -188.852169 -0.380391 -0.217775 0.898819 0.163703 0.940678 0.297198 -0.910222 0.260191 -0.322175
-14.261327 -42.762309 3512.187437 -2238.225748 -0.326919 -0.287853 0.900147 0.012520 0.951081 0.308688 -0.944970 0.112186 -0.307322
-25.080375 -42.289964 1080.377709 427.269332 -0.371885 0.041916 0.927332 0.207732 0.977403 0.039127 -0.904737 0.207187 -0.372188
-14.228370 -40.058392 2703.479310 -1969.276989 -0.344143 -0.169602 0.923472 -0.014989 0.984417 0.175210 -0.938797 0.046456 -0.341323
-2.327051 -41.049158 2867.052740 4587.993748 0.353414 0.914625 -0.196365 0.045117 0.193002 0.980161 -0.934379 0.355261 -0.026944
-6.296840 -41.993437 1351.416946 2941.522231 0.327605 0.921021 -0.210702 0.019737 0.216289 0.976130 -0.944609 0.323944 -0.052679
-3.600401 -37.766261 2434.340561 5014.870283 0.346237 0.924372 -0.160173 0.108121 0.130278 0.985565 -0.931896 0.358557 0.054837
-1.836254 -43.053020 1926.830574 -1.138109 0.346543 0.921727 -0.174146 -0.069842 0.210488 0.975098 -0.935431 0.325751 -0.137318
3.455559 -37.112441 3988.363187 5420.505309 0.362027 0.920673 -0.145938 0.061000 0.132824 0.989261 -0.930170 0.367041 0.008075
0.540073 -69.003875 594.328217 -2094.812074 -0.444825 -0.882574 0.152295 0.895329 -0.433891 0.100619 -0.022725 0.181112 0.983200
0.524982 -80.159792 7.939864 -10048.865220 -0.487379 -0.859955 0.151458 0.869889 -0.493245 -0.001340 0.075859 0.131099 0.988463
-0.162172 -71.766028 683.183876 -9926.133298 -0.480014 -0.864662 0.148142 0.875705 -0.482335 0.022232 0.052231 0.140400 0.988716
-0.668317 -65.305067 541.942219 -1495.580649 -0.428829 -0.890441 0.152384 0.903085 -0.418192 0.097740 -0.023306 0.179529 0.983477
-0.293583 -69.984585 887.148502 7013.167677 -0.379785 -0.911274 0.159194 0.918471 -0.350923 0.182382 -0.110335 0.215481 0.970255
0.754150 -65.322892 976.734954 4998.947843 -0.394356 -0.905458 0.156935 0.914994 -0.371042 0.158475 -0.085263 0.206090 0.974811
5.863198 -52.465419 -740.089226 -2569.414194 0.458994 0.872539 -0.167331 -0.010193 -0.183158 -0.983031 0.888381 -0.452911 0.075174
3.817982 -51.474697 -1527.587361 -3550.197787 0.474092 0.863751 -0.170797 -0.021480 -0.182578 -0.982957 0.880213 -0.469681 0.068005
4.795771 -47.587571 -1689.452767 -889.856753 0.470881 0.868306 -0.155937 0.049530 -0.202502 -0.978029 0.880805 -0.452811 0.138362
160.867077 -28.163253 47028.006104 -5973.613608 0.877321 0.477985 0.042877 -0.018007 0.122071 -0.992358 0.479566 -0.869844 -0.115702
56.182826 -40.453702 8229.791507 -8178.727449 0.759376 0.590552 -0.273124 -0.337771 -0.000977 -0.941228 0.556111 -0.806999 -0.198729
84.944233 -37.886635 33466.571254 -1494.971790 0.877109 0.480010 0.016445 -0.113463 0.240355 -0.964031 0.466697 -0.843694 -0.265281
170.262193 -37.116441 46278.825907 -5015.307460 0.949748 0.293213 0.109564 0.033612 0.252470 -0.967021 0.311204 -0.922109 -0.229928
135.051311 -45.455192 48934.979486 -3298.173825 0.908454 0.391746 0.145763 0.008770 0.330788 -0.943664 0.417893 -0.858554 -0.297070
-10.490644 -139.207638 516.085229 -1911.570443 -0.255153 0.780123 -0.571232 -0.476725 0.412486 0.776266 -0.841208 -0.470387 -0.266657
-10.441919 -144.552497 48.884635 -459.654809 -0.276378 0.769957 -0.575136 -0.389238 0.457486 0.799500 -0.878697 -0.444830 -0.173257
-8.647165 -143.186125 926.803092 -1879.364112 -0.256849 0.793547 -0.551644 -0.257230 0.494072 0.830497 -0.931591 -0.355212 -0.077222
-10.899073 -138.934075 59.406657 -6488.726111 -0.267287 0.758114 -0.594828 -0.607413 0.346656 0.714758 -0.748069 -0.552352 -0.367831
-10.731287 -132.639028 224.844430 -6546.691955 -0.250425 0.767528 -0.590075 -0.663953 0.307426 0.681657 -0.704595 -0.562486 -0.432615
15.048730 -206.510336 -1475.669902 -34226.528256 -0.161453 0.766493 -0.621628 0.015280 0.631758 0.775015 -0.986762 -0.115630 0.113711
17.160175 -240.957408 1407.382722 -39644.518732 -0.082945 0.755989 -0.649308 -0.002438 0.651397 0.758733 -0.996551 -0.064516 0.052188
17.925568 -234.212697 -4756.320428 -7735.153486 -0.148872 0.797689 -0.584405 0.398657 0.589251 0.702749 -0.904936 0.128358 0.405727
-29.773957 -45.135166 -1696.939474 -190.290213 0.264805 0.919591 0.290225 -0.306334 -0.205158 0.929554 -0.914351 0.335056 -0.227375
-30.283404 -45.285967 -189.948262 -173.610897 0.300272 0.882139 0.362859 -0.350717 -0.251661 0.902033 -0.887037 0.398116 -0.233814
-30.675879 -43.631643 -2213.369665 -784.425219 0.227424 0.906807 0.354936 -0.438419 -0.230111 0.868814 -0.869521 0.353200 -0.345228
-29.544000 -46.660059 -298.927202 311.931645 0.318673 0.892199 0.320044 -0.231151 -0.254304 0.939095 -0.919248 0.373242 -0.125193
-26.192090 -43.300814 -2246.033491 -1221.513202 0.213827 0.941662 0.259903 -0.376499 -0.166061 0.911412 -0.901403 0.292738 -0.319027
-27.992122 -46.445372 -1845.357837 -191.091593 0.273436 0.933084 0.233638 -0.182014 -0.188315 0.965095 -0.944513 0.306417 -0.118342
-26.263977 -44.021736 -2400.228709 -50.336772 0.234386 0.950118 0.205766 -0.258792 -0.143043 0.955283 -0.937065 0.277156 -0.212355
-17.474450 -52.532487 81.151189 -1734.581933 -0.233337 -0.496930 0.835832 0.129122 0.836113 0.533143 -0.963785 0.232326 -0.130931
-15.801951 -50.964639 -1222.528392 -1895.945976 -0.284160 -0.483602 0.827878 0.093846 0.845298 0.525989 -0.954173 0.227158 -0.194816
-17.666147 -48.133455 -614.977732 -703.686937 -0.242530 -0.478546 0.843904 0.033370 0.865245 0.500238 -0.969570 0.149483 -0.193879
-18.143738 -51.211042 714.160350 -1074.059594 -0.191215 -0.479077 0.856692 0.081761 0.861990 0.500289 -0.978137 0.165707 -0.125655
188.593254 -1666.427135 59517.736929 844420.096769 -0.066749 0.945693 -0.318135 0.534168 -0.235434 -0.811933 0.842739 0.224134 0.489444
301.484978 -4315.188614 -60705.268436 -2268611.081468 -0.037747 -0.896923 0.440574 0.965553 -0.146325 -0.215165 0.257453 0.417275 0.871550
165.330546 -1377.371738 68838.770176 652598.778564 -0.142094 0.879076 -0.455011 0.581568 -0.297829 -0.757018 0.800992 0.372188 0.468923
237.855954 -848.862103 106589.060361 401268.878145 -0.116110 0.917238 -0.381043 0.033441 -0.379810 -0.924460 0.992673 0.120081 -0.013426
159.720310 -674.350266 43768.435240 302463.193849 0.007220 0.972175 -0.234143 -0.069865 -0.233086 -0.969943 0.997530 -0.023362 -0.066238
10.651828 -47.533965 2946.257536 -1039.393834 -0.141244 0.980230 0.138558 -0.733657 -0.197615 0.650150 -0.664678 0.009824 -0.747065
13.044835 -47.463972 -4082.153702 -415.095630 -0.166428 0.979531 0.113229 -0.689248 -0.197681 0.697036 -0.705152 -0.037963 -0.708039
12.630891 -48.947896 4467.361790 417.528824 -0.123184 0.981965 0.143423 -0.645196 -0.189057 0.740256 -0.754021 0.001348 -0.656849
11.434504 -45.246707 -3555.422766 -1711.325971 -0.175990 0.976439 0.124878 -0.769614 -0.215577 0.601016 -0.613777 -0.009665 -0.789421
15.418697 -49.284636 5769.820271 -31.236512 -0.148918 0.979392 0.136435 -0.684415 -0.201671 0.700646 -0.713722 -0.010960 -0.700343
13.802832 -46.070807 4523.421697 -2330.637278 -0.153570 0.979214 0.132499 -0.778022 -0.202488 0.594710 -0.609178 0.011757 -0.792946
12.753171 -24.896985 -4256.248125 -1945.342618 -0.399404 0.596224 0.696415 0.060256 0.775066 -0.629001 -0.914793 -0.209262 -0.345490
19.889417 -26.733997 -6948.355657 2187.199703 -0.426798 0.526663 0.735166 -0.005290 0.811457 -0.584388 -0.904332 -0.253305 -0.343542
7.664227 -25.824991 -2949.566616 517.501889 -0.422312 0.364699 0.829847 -0.040141 0.907069 -0.419064 -0.905561 -0.210287 -0.368427
2.816984 -27.049473 -2845.367029 -3173.681541 -0.407252 0.462919 0.787307 0.029619 0.868272 -0.495204 -0.912836 -0.178354 -0.367316
5.414647 -30.277229 -3757.678975 -4720.586522 -0.375420 0.669194 0.641279 0.142008 0.725248 -0.673683 -0.915911 -0.161848 -0.367303
11.221913 -28.280610 -1589.794834 3514.594069 -0.331620 0.765073 0.551988 -0.157998 -0.621873 0.767014 -0.930088 -0.167144 -0.327106
-4.117710 -15.915488 -1182.819769 998.746313 -0.703951 -0.697191 0.135564 -0.686148 0.716861 0.123736 -0.183448 -0.005912 -0.983012
-7.156536 -15.667813 264.286421 1117.294390 0.477812 0.871910 -0.107095 -0.852406 0.489653 0.183420 -0.212365 -0.003648 -0.977184
-6.729278 -15.861897 -1805.745652 -248.979072 -0.798632 -0.579597 0.162034 -0.564317 0.814769 0.133034 -0.209126 0.014807 -0.977777
-18.733106 -38.049604 194.831502 1035.116943 -0.202301 0.929911 0.307149 -0.918459 -0.288999 0.270024 -0.339864 0.227477 -0.912549
-16.471861 -37.929064 123.271412 -636.556381 -0.204259 0.927220 0.313913 -0.900912 -0.303496 0.310238 -0.382931 0.219439 -0.897335
-16.824271 -37.841466 1334.158989 -24.159137 -0.237326 0.902729 0.358828 -0.914284 -0.332391 0.231520 -0.328271 0.273124 -0.904235
-18.744681 -36.343522 673.485911 -189.665294 -0.231321 0.916324 0.326866 -0.936065 -0.301178 0.181864 -0.265091 0.263899 -0.927407
-17.060460 -35.522444 1610.811824 1095.971081 -0.256869 0.888907 0.379293 0.935724 0.326917 -0.132459 -0.241741 0.320890 -0.915746
-16.259945 -37.603386 1819.114576 442.561925 -0.273447 0.873229 0.403357 0.909981 0.370738 -0.185709 -0.311706 0.316266 -0.896000
-12.284502 -95.301425 1803.984403 -3216.439419 0.322913 0.944624 -0.058427 -0.944825 0.325343 0.038175 -0.055069 -0.042876 -0.997562
-11.826596 -96.278989 2544.408734 1633.551190 0.343477 0.936579 -0.069589 -0.904351 0.349824 0.244486 -0.253324 0.021042 -0.967153
-10.812356 -98.425403 763.048155 1756.201241 0.336744 0.939489 -0.062963 -0.901028 0.340930 0.268170 -0.273409 0.033573 -0.961312
-28.093209 -35.272254 0.199098 -4541.520586 0.827630 -0.534053 0.172672 0.434918 0.804674 0.404161 -0.354788 -0.259398 0.898242
-27.041474 -39.310559 -1239.436871 -3992.140734 0.894523 -0.295466 0.335452 0.195166 0.933254 0.301576 -0.402167 -0.204297 0.892482
-24.014860 -32.701152 -2299.990792 -6782.969529 0.905076 -0.167724 0.390776 0.035508 0.945531 0.323590 -0.423765 -0.278998 0.861733
-23.561804 -27.328969 -4536.591433 -4344.538740 -0.511926 0.854821 0.084928 0.764947 0.408639 0.497866 -0.390881 -0.319836 0.863086
-20.842862 -32.223493 -5603.786073 -2544.385251 -0.271996 0.931112 0.243000 0.904866 0.161541 0.393855 -0.327469 -0.327009 0.886470
-1975.599231 -3011.799601 -1111890.376675 -766507.986159 0.430251 -0.169149 0.886720 -0.089662 0.969423 0.228430 -0.898246 -0.177787 0.401928
-480.769412 -1353.945603 -170817.761150 -495629.894206 -0.412142 -0.554313 0.723102 0.594822 0.437479 0.674388 -0.690164 0.708060 0.149414
-4207.205787 -4866.816674 -2184187.619834 905466.386530 -0.243249 -0.224428 0.943643 -0.061086 0.974477 0.216015 -0.968039 -0.005098 -0.250750
-1270.856324 -2415.468554 354891.027598 1171206.198652 -0.445971 0.395336 -0.803006 0.593342 -0.541119 -0.595932 -0.670116 -0.742226 0.006753
-9.698786 -402.115382 9362.893095 -19443.479073 0.562184 0.395839 -0.726127 -0.095382 0.903188 0.418514 0.821493 -0.166022 0.545514
-17.984448 -471.195326 10785.931849 -37744.659987 0.555257 0.425234 -0.714749 -0.410595 0.887529 0.209055 0.723258 0.177394 0.667405
-33.740153 -453.292763 8876.610553 -48257.350793 0.617201 0.354566 -0.702385 -0.053590 0.909577 0.412066 0.784978 -0.216687 0.580393
-50.062541 -1049.905022 -5409.063790 -430393.517891 0.678704 0.310679 -0.665462 0.126290 0.843245 0.522483 0.723472 -0.438652 0.533078
-38.005494 -387.924454 2568.120285 -71222.857261 0.639478 0.279847 -0.716068 0.294742 0.770995 0.564530 0.710067 -0.572060 0.410551
-25.552007 -355.358944 9031.502105 -44440.311106 0.588351 0.338713 -0.734246 0.233676 0.798075 0.555402 0.774105 -0.498347 0.390399
-127.817694 -290.840472 -29520.246862 13522.739254 0.551542 0.124366 -0.824824 0.384373 0.839694 0.383630 0.740310 -0.528628 0.415324
-87.105216 -282.280646 -22907.250871 8948.026760 0.676015 0.060589 -0.734393 0.373421 0.831004 0.412297 0.635264 -0.552957 0.539146
-161.988103 -480.520385 -39854.925529 -132726.415418 0.546597 0.099584 -0.831453 0.699088 0.492327 0.518547 0.460986 -0.864695 0.199486
-53.760625 -79.326149 1110.309133 7414.541465 -0.587908 0.759001 0.279787 0.559593 0.631359 -0.536881 0.584140 0.159070 0.795913
-47.723508 -98.002508 544.519209 21083.764984 0.663533 -0.589565 -0.460584 0.389816 0.797907 -0.459769 0.638567 0.125529 0.759259
-35.967264 -68.544995 -4964.943286 14475.987071 -0.481049 0.786396 0.387521 0.413217 0.593229 -0.690892 0.773203 0.172222 0.610324
20.122703 -77.989952 674.499741 14545.201304 -0.127043 0.947309 0.294051 -0.500865 0.194615 -0.843362 0.856151 0.254423 -0.449749
26.965400 -65.690198 2517.392225 8376.934659 -0.150870 0.974934 0.163528 -0.546873 0.055491 -0.835374 0.823510 0.215462 -0.524793
15.479331 -84.132002 -281.743188 2808.511899 -0.096959 0.910219 0.402616 -0.278894 0.363469 -0.888880 0.955415 0.198472 -0.218614
-57.824685 -69.651982 1331.842473 -3130.734225 -0.455824 0.889886 -0.018070 0.881611 0.454191 0.128348 -0.122422 -0.042574 0.991565
-55.488377 -71.321692 263.743246 -2464.870151 -0.426813 0.896613 -0.117968 0.895949 0.436968 0.079589 -0.122909 0.071724 0.989823
-56.312420 -66.793444 352.100122 -275.279262 -0.356751 0.933013 -0.047069 0.905303 0.357711 0.229064 -0.230556 -0.039107 0.972273
-61.537532 -66.012661 1220.448583 -1597.796765 -0.511726 0.857918 0.045957 0.840093 0.488457 0.235909 -0.179942 -0.159329 0.970688
-65.176711 -71.095125 -3629.522385 -3493.071683 0.297801 -0.950726 -0.086230 0.953187 0.291174 0.081562 -0.052435 -0.106482 0.992931
-54.873716 -87.153804 -5366.985933 6574.014134 0.964996 0.113952 -0.236214 -0.093391 0.990941 0.096513 0.245072 -0.071075 0.966896
-62.029978 -89.711493 -3043.582096 5638.791158 0.911817 0.186789 -0.365650 -0.141530 0.978936 0.147149 0.385434 -0.082423 0.919047
-58.939315 -78.940791 -4393.303016 8611.956826 0.937304 0.133252 -0.322033 -0.155299 0.986903 -0.043645 0.311999 0.090920 0.945722
26.988977 -47.658688 8553.421351 -915.953676 -0.383740 0.888990 0.249881 -0.250847 0.160071 -0.954701 0.888718 0.429039 -0.161575
21.994197 -47.041549 7055.609562 432.076800 -0.379771 0.888332 0.258148 -0.356009 0.117217 -0.927102 0.853833 0.443990 -0.271739
28.935698 -47.574944 6287.342476 771.880341 -0.346081 0.901600 0.259511 -0.405285 0.105797 -0.908048 0.846151 0.419434 -0.328790
35.085479 -48.586575 1.023268 206.578915 -0.246066 0.941088 0.231957 -0.416879 0.113291 -0.901874 0.875022 0.318619 -0.364443
19.377770 -44.590698 -5734.736024 -2539.280664 -0.576487 0.586312 -0.569123 0.671928 -0.056165 -0.738484 -0.464947 -0.808136 -0.361581
22.659445 -51.661394 -9220.518943 10820.879311 -0.387593 0.578138 -0.718003 0.872114 -0.022362 -0.488791 -0.298645 -0.815633 -0.495535
32.741627 -46.955076 -5950.354327 62.375498 -0.400270 0.631766 -0.663819 0.794537 -0.121684 -0.594899 -0.456613 -0.765548 -0.453255
-12.263097 -40.592810 -1694.864684 -3421.253559 0.202962 0.977783 0.052417 0.925886 -0.174219 -0.335234 0.318654 -0.116572 0.940676
