10982
21956
-36.749269 -54.082678 353.586662 -2771.220892 0.829403 0.247007 -0.501076 -0.448408 -0.240612 -0.860835 0.333197 -0.938666 0.088804
-26.919605 -54.363910 1401.380857 -4679.685202 0.829857 0.384583 -0.404270 -0.302793 -0.298178 -0.905211 0.468673 -0.873605 0.130996
-30.760537 -46.672998 471.872316 -3931.774764 0.776630 0.258484 -0.574485 -0.441732 -0.426722 -0.789165 0.449131 -0.866657 0.217224
-23.778271 -42.714640 1486.500129 -4129.717490 0.773298 0.374794 -0.511410 -0.300221 -0.493992 -0.815990 0.558460 -0.784539 0.269482
-33.463956 -48.138776 279.786255 2790.188415 0.616552 0.040009 -0.786297 0.706487 0.412659 0.574969 0.347477 -0.910006 0.226160
-24.153030 -36.700008 549.959577 1911.610614 0.517577 -0.004828 -0.855623 0.700021 0.577415 0.420194 0.492021 -0.816437 0.302237
-32.730263 -42.810624 561.172770 1627.730807 0.088087 0.981284 0.171238 0.889234 0.000004 -0.457453 0.448892 -0.192566 0.872591
-32.514262 -43.218878 181.970955 1059.838295 0.113550 0.947244 0.299725 0.912850 0.019616 -0.407823 0.392187 -0.319913 0.862465
-32.300465 -39.655941 483.765157 1543.700969 0.045372 0.961345 0.271582 0.854323 0.103563 -0.509320 0.517758 -0.255128 0.816601
-31.971870 -45.177230 -17.492920 523.031508 -0.197740 -0.951173 -0.236999 0.955145 -0.132586 -0.264801 0.220449 -0.278730 0.934726
-32.279215 -45.863885 121.353888 1960.934864 0.084175 0.988845 0.122883 0.926611 -0.032322 -0.374629 0.366478 -0.145399 0.918996
27.185795 -31.594875 -77.481503 538.486746 0.976071 -0.067781 0.206620 0.216928 0.237506 -0.946854 -0.015105 -0.969018 -0.246526
26.410199 -33.672865 2411.601642 466.062316 0.972128 -0.034844 0.231847 0.234083 0.088850 -0.968148 -0.013135 -0.995435 -0.094530
20.645379 -32.764531 4363.040436 352.733693 0.964364 0.058542 0.258023 0.242852 0.191180 -0.951038 0.105004 -0.979808 -0.170150
29.086892 -32.896939 -3747.755455 532.068044 0.959278 -0.209975 0.188936 0.215090 0.109438 -0.970443 -0.183092 -0.971563 -0.150145
22.165761 -31.672172 3879.575703 566.505209 0.971257 0.047564 0.233231 0.208607 0.301815 -0.930264 0.114639 -0.952179 -0.283218
27.838946 -30.048759 2236.403488 192.658994 0.980110 -0.019368 0.197507 0.192586 0.333050 -0.923032 0.047903 -0.942710 -0.330156
27.861857 -28.497613 -2186.636313 473.326304 0.977139 -0.153298 0.147306 0.193474 0.353965 -0.915028 -0.088131 -0.922610 -0.375532
23.102368 -30.185706 -4005.372720 585.682288 0.957228 -0.246824 0.150973 0.213766 0.251667 -0.943911 -0.194985 -0.935811 -0.293666
20.835012 -33.025687 1807.759226 -532.585435 0.977366 -0.070653 0.199407 0.170815 -0.292535 -0.940875 -0.124809 -0.953641 0.273845
20.394444 -33.929889 -706.769510 -281.230779 0.963403 -0.157131 0.217175 0.193136 -0.154937 -0.968862 -0.185887 -0.975348 0.118919
21.026431 -33.440975 -1313.952355 -865.098423 0.959070 -0.199346 0.201110 0.135235 -0.301538 -0.943815 -0.248788 -0.932382 0.262238
19.983956 -34.528114 -431.933990 100.088921 0.965948 -0.174111 0.191389 0.113775 -0.378521 -0.918574 -0.232379 -0.909069 0.345822
20.836883 -34.075720 3113.633737 25.991674 0.983242 -0.051695 0.174824 0.141100 -0.391445 -0.909320 -0.115441 -0.918749 0.377591
0.003761 -25.471551 -3951.622341 371.744913 0.943672 0.310187 -0.115183 -0.328356 0.920831 -0.210362 -0.040813 -0.236334 -0.970814
-14.224449 -25.912195 -2594.488939 -183.836811 0.825582 0.542360 -0.155754 -0.564023 0.784779 -0.256904 0.017102 -0.299944 -0.953803
0.992415 -25.641637 -3427.777978 -176.261302 0.965063 0.244806 -0.093397 -0.261797 0.915505 -0.305472 -0.010724 -0.319251 -0.947610
-14.876939 -59.571046 -617.525654 8822.708733 -0.891803 -0.172316 0.418324 0.036403 0.894299 0.445986 -0.450957 0.412960 -0.791266
-19.920385 -83.791844 279.427448 10072.627330 -0.871831 -0.114486 0.476239 -0.013940 0.977706 0.209516 -0.489608 0.176024 -0.853990
-13.542824 -62.250783 870.076075 7618.514373 -0.827910 -0.034759 0.559783 0.164235 0.939302 0.301227 -0.536276 0.341325 -0.771949
-9.172168 -43.677231 -105.367607 3707.247172 -0.859117 -0.082430 0.505098 0.173860 0.881240 0.439532 -0.481343 0.465426 -0.742757
-9.793308 -57.267650 806.835819 5261.906179 -0.791148 0.034496 0.610651 0.225670 0.944426 0.239023 -0.568470 0.326908 -0.754965
-13.078923 -75.856975 1304.401711 6303.900451 -0.776924 0.004106 0.629581 0.070510 0.994255 0.080528 -0.625634 0.106956 -0.772750
-2.762885 -73.430250 25.538835 -712.784151 0.657485 0.432307 -0.617110 0.263202 0.635654 0.725720 0.706002 -0.639574 0.304149
-3.120758 -73.248057 77.122940 -766.656718 0.649980 0.423765 -0.630833 0.117427 0.764122 0.634294 0.750824 -0.486355 0.446902
-3.258870 -70.971051 225.993082 -1157.742615 0.663957 0.443659 -0.601936 0.266122 0.612076 0.744675 0.698813 -0.654621 0.288325
-2.705566 -71.163940 164.319730 -871.767850 0.677915 0.451133 -0.580439 -0.381091 -0.459529 -0.802248 0.628650 -0.765057 0.139599
-3.360678 -68.462996 245.370980 -225.713111 0.693509 0.449632 -0.562918 -0.375604 -0.441106 -0.815075 0.614790 -0.776696 0.137027
-3.912500 -68.711636 202.433068 -978.373729 0.688819 0.435566 -0.579491 0.255985 0.601734 0.756564 0.678233 -0.669476 0.302987
19.755814 -31.250147 94.480889 -5028.757045 0.328661 0.753809 -0.568993 -0.667640 -0.240686 -0.704505 0.668011 -0.611426 -0.424169
21.996841 -25.342826 1483.094935 -2717.671877 0.330570 0.741420 -0.583969 -0.656804 -0.263609 -0.706484 0.677741 -0.617095 -0.399826
20.556540 -19.236820 460.549281 -2130.403160 0.267377 0.744396 -0.611869 -0.678670 -0.305292 -0.667985 0.684044 -0.593861 -0.423571
21.866685 -25.950749 -2245.176393 -1434.794296 0.278386 0.774637 -0.567838 -0.686245 -0.253218 -0.681872 0.671989 -0.579499 -0.461098
18.056898 -44.225933 -1958.011800 5727.108961 0.322248 0.769150 -0.551873 0.727018 0.172296 0.664649 0.606301 -0.615404 -0.503664
-11.549354 -38.786690 264.242981 438.274254 0.566337 0.017571 -0.823986 0.814901 0.137608 0.563028 0.123280 -0.990331 0.063614
-10.245990 -37.722095 -438.040734 90.628992 0.642943 -0.041942 -0.764765 0.765909 0.031505 0.642177 -0.002840 -0.998623 0.052380
-9.596468 -38.404313 316.359053 -81.261470 0.530551 0.047354 -0.846329 0.846983 -0.069315 0.527082 -0.033704 -0.996470 -0.076883
-11.650269 -36.958192 -249.046724 930.374481 0.651206 -0.059618 -0.756556 0.745560 0.236362 0.623115 0.141672 -0.969834 0.198369
-12.699719 -36.778135 55.099519 490.571589 0.601684 -0.024783 -0.798350 0.759791 0.326050 0.562503 0.246361 -0.945028 0.215009
5.006001 -82.799741 302.860722 2654.603527 -0.444310 0.885284 -0.137331 -0.679478 -0.233101 0.695682 -0.583864 -0.402412 -0.705101
6.082459 -80.729081 145.372126 2421.920404 -0.442121 0.881830 -0.164025 -0.731506 -0.248663 0.634875 -0.519065 -0.400677 -0.755003
5.916736 -83.197617 1008.854742 2356.015494 -0.418020 0.898405 -0.134642 -0.814359 -0.304908 0.493812 -0.402590 -0.316070 -0.859082
5.894510 -89.674995 413.822846 1259.021475 -0.423667 0.897239 -0.124373 -0.720125 -0.250334 0.647111 -0.549478 -0.363724 -0.752183
5.871198 -85.525310 1126.978430 258.698381 -0.395308 0.910975 -0.117714 -0.857244 -0.319849 0.403522 -0.329947 -0.260424 -0.907366
-12.166490 -36.709623 317.951681 -224.364511 0.561626 0.020507 -0.827137 0.737124 0.441655 0.511457 0.375797 -0.896951 0.232929
-12.552182 -33.859426 -221.621306 -298.983937 0.574402 -0.106352 -0.811635 0.745799 0.476695 0.465345 0.337412 -0.872612 0.353132
-8.625807 -219.821317 -989.574476 -22104.469962 -0.202365 0.901038 -0.383638 -0.024413 -0.396263 -0.917813 0.979006 0.176368 -0.102187
-1.932180 -159.415432 -434.022169 -13135.614793 -0.183386 0.910753 -0.369998 0.325072 -0.299024 -0.897169 0.927738 0.284804 0.241224
-2.049266 -265.300122 -503.873012 -36287.413094 -0.162880 0.902051 -0.399718 0.072928 -0.393013 -0.916637 0.983947 0.178452 0.001770
-12.661107 -27.269458 908.381048 -361.019861 0.973791 0.154438 0.166973 0.224230 -0.528887 -0.818535 0.038103 -0.834522 0.549655
-16.642313 -28.828869 1452.609343 -479.774076 0.976722 0.113905 0.181766 0.214423 -0.542153 -0.812461 -0.006002 -0.832523 0.553957
-13.545015 -29.569938 1219.837972 -694.404310 0.993975 0.093025 0.057963 0.093544 -0.444392 -0.890935 0.057121 -0.890990 0.450416
-8.361440 -27.236536 702.516761 -491.679019 0.992502 0.119048 0.027703 0.078171 -0.443993 -0.892614 0.093964 -0.888086 0.449970
-8.706373 -25.198399 329.862557 -253.415820 0.978127 0.168750 0.121618 0.193453 -0.523128 -0.830008 0.076442 -0.835380 0.544331
56.540360 -758.082603 -6386.347088 -160326.415682 -0.285123 0.918901 -0.272627 -0.783090 -0.387338 -0.486559 0.552698 -0.074762 -0.830021
11.253028 -561.831024 5034.619719 -139697.675328 -0.144923 0.959800 -0.240376 -0.887596 -0.233465 -0.397073 0.437230 -0.155812 -0.885750
39.825598 -389.779005 -3112.423170 12544.346740 -0.102605 0.954743 -0.279174 -0.632831 -0.279188 -0.722205 0.767462 -0.102568 -0.632837
41.269087 -271.579311 4202.819575 -2559.385829 -0.315628 0.945973 -0.074252 -0.686089 -0.281571 -0.670820 0.655485 0.160787 -0.737894
61.185957 -1482.862124 -3229.004074 -335220.946137 -0.301273 0.953372 -0.017813 -0.919468 -0.295407 -0.259450 0.252615 0.061787 -0.965592
26.694149 -438.157407 4462.902711 -120981.041849 -0.128111 0.978447 -0.161951 -0.474540 -0.203866 -0.856300 0.870861 0.032849 -0.490430
-343.835006 -4278.444198 76480.050240 -10155887.149926 -0.522608 0.828925 -0.199408 0.427396 0.457096 0.779997 -0.737708 -0.322407 0.593162
94.445129 -6482.967245 14980.405526 2146548.908255 -0.456122 0.872549 -0.174963 -0.208305 -0.295825 -0.932253 0.865195 0.388775 -0.316688
256.872331 -6060.985261 100343.824286 -6320456.301182 -0.428331 0.897577 -0.104345 0.836921 0.350518 -0.420358 0.340728 0.267381 0.901339
-15.995383 -42.755533 -3057.764273 -1852.561922 0.501510 0.489632 -0.713266 0.832027 -0.498910 0.242528 -0.237106 -0.715087 -0.657595
-18.976027 -38.889406 -3021.947879 -2066.470732 0.541557 0.486387 -0.685670 0.778807 -0.597356 0.191378 -0.316506 -0.637647 -0.702304
-31.751323 -50.495678 -2988.540477 -2511.204488 0.268350 0.654273 -0.707047 0.953903 -0.282861 0.100293 -0.134377 -0.701368 -0.700019
-8.271757 -35.047907 -2240.080367 -1597.643922 0.590935 0.412721 -0.693151 0.733680 -0.632206 0.249055 -0.335424 -0.655726 -0.676398
-25.788378 -49.786588 -2552.301962 -2018.868614 0.324876 0.603931 -0.727821 0.943395 -0.261292 0.204287 -0.066798 -0.752990 -0.654633
-13.854278 -46.004563 -3115.057813 -1566.187417 0.490740 0.462538 -0.738399 0.860588 -0.389827 0.327756 -0.136248 -0.796300 -0.589358
-5.185391 -39.671121 -2212.524811 -1853.470225 0.566667 0.425186 -0.705766 0.782469 -0.546049 0.299288 -0.258130 -0.721836 -0.642122
44.431283 -354.983281 7515.431424 58285.285782 -0.503775 0.554808 0.662117 -0.090079 0.728567 -0.679025 -0.859126 -0.401719 -0.317057
113.476005 -551.317578 -15660.133493 121619.367476 -0.623442 0.278327 0.730653 -0.202060 0.845396 -0.494447 -0.755309 -0.455895 -0.470817
21.462095 -192.524917 779.420053 27211.130364 -0.589692 0.400525 0.701315 0.234217 0.915857 -0.326112 -0.772920 -0.028046 -0.633883
65.040607 -441.991527 -3338.222529 51030.500164 0.585392 -0.412099 -0.698206 0.604275 -0.352377 0.714620 -0.540526 -0.840241 0.042742
16.518335 -178.450189 4199.057111 25005.017587 -0.467897 0.597188 0.651489 0.303427 0.800901 -0.516226 -0.830063 -0.043862 -0.555942
50.427879 -290.964565 7085.771923 27964.109102 -0.387879 0.657504 0.645941 0.543045 -0.403238 0.736547 -0.744750 -0.636466 0.200647
29.315901 -366.230237 5879.093835 -73431.428578 -0.364933 0.713595 0.598001 -0.047860 -0.655827 0.753393 -0.929803 -0.246318 -0.273486
22.358376 -20.201786 -6268.144567 1009.645770 0.213844 0.867431 -0.449260 -0.761037 0.436268 0.480097 -0.612448 -0.239238 -0.753440
33.422944 -14.593555 -5362.494253 409.168657 0.096323 0.915933 -0.389600 -0.751567 0.323557 0.574855 -0.652587 -0.237438 -0.719551
21.983276 -16.397110 -541.296722 610.235655 -0.030639 0.958148 -0.284629 -0.779873 0.155198 0.606392 -0.625187 -0.240553 -0.742479
11.674110 -17.349474 -395.017687 309.464882 0.070643 0.944264 -0.321521 -0.821614 0.237862 0.518047 -0.565651 -0.227570 -0.792623
94.729012 -83.518089 17342.477193 -5153.134966 0.079720 0.995992 -0.040565 -0.184476 0.054733 0.981312 -0.979598 0.070747 -0.188100
156.508541 -73.434344 34573.362623 -6794.444741 0.234366 0.970699 0.053061 -0.357190 0.035219 0.933367 -0.904150 0.237702 -0.354978
66.891257 -91.041516 10830.481376 -7358.029644 0.278065 0.946440 0.164105 -0.178940 -0.116815 0.976901 -0.943748 0.301007 -0.136874
38.495386 -83.596896 5001.428335 438.156344 0.162208 0.975758 0.146916 0.154183 -0.172122 0.972935 -0.974636 0.135166 0.178365
-5.613050 -35.501033 -1112.197711 -960.211581 0.238805 0.969777 0.050041 0.835666 -0.178986 -0.519256 0.494606 -0.165819 0.853152
-11.611136 -36.015137 176.562722 -251.014538 0.367584 0.923404 -0.110481 0.822882 -0.378296 -0.423978 0.433297 -0.064934 0.898909
-7.174698 -32.019456 -1109.856195 -539.097801 0.267194 0.962245 0.051882 0.870490 -0.217921 -0.441313 0.413345 -0.163079 0.895852
5.064765 -32.233500 -2905.777874 -1111.227396 0.110044 0.973068 0.202556 0.884956 -0.003146 -0.465664 0.452486 -0.230497 0.861468
1.854814 -29.490026 -2761.632481 -812.768423 0.092174 0.974773 0.203276 0.926796 -0.009342 -0.375450 0.364079 -0.223002 0.904277
-9.054792 -29.217511 -1272.775304 -389.653452 0.281935 0.956943 0.069084 0.902261 -0.239961 -0.358252 0.326249 -0.163335 0.931066
-0.024862 -52.762963 497.740215 515.590159 0.994773 -0.101896 -0.006598 -0.072302 -0.748544 0.659132 0.072102 0.655209 0.751999
-1.312851 -52.527501 75.264053 166.206958 0.995096 -0.097980 0.013561 -0.082537 -0.746941 0.659748 0.054513 0.657632 0.751365
-0.536873 -54.890006 690.135434 -220.532490 0.995603 -0.091503 -0.020044 -0.067750 -0.851174 0.520492 0.064688 0.516846 0.853631
1.565624 -55.366736 881.730041 -314.217668 0.994936 -0.096256 -0.028918 -0.066227 -0.844305 0.531755 0.075600 0.527147 0.846404
-0.966706 -54.765372 730.614246 -428.169064 0.997198 -0.070310 -0.025534 -0.056397 -0.930913 0.360860 0.049142 0.358409 0.932270
1.155225 -56.319407 876.765967 -1082.968153 0.996630 -0.075034 -0.033135 -0.056558 -0.921207 0.384940 0.059408 0.381769 0.922347
6.709402 -77.768757 -1116.290627 1052.105632 0.956783 0.001510 0.290800 0.289229 0.098977 -0.952129 0.030220 -0.995089 -0.094263
10.073876 -79.632562 -351.722567 -686.423549 0.944573 0.064969 0.321809 0.319618 0.041966 -0.946617 0.075006 -0.997004 -0.018875
8.129891 -77.443304 -738.617358 2965.572469 0.959656 0.010414 0.280985 0.264106 0.309520 -0.913480 0.096484 -0.950836 -0.294282
9.594695 -77.365902 -998.394023 -2773.197574 0.942993 0.042545 0.330083 0.332511 -0.162724 -0.928955 -0.014190 -0.985754 0.167594
4.809227 -75.188069 -1066.546473 3213.163795 0.969661 -0.016164 0.243919 0.234821 0.338926 -0.911037 0.067945 -0.940674 -0.332439
2.326781 -75.703248 -931.723078 1374.993311 0.969889 -0.010789 0.243309 0.242630 0.129449 -0.961444 0.021123 -0.991527 -0.128169
4.217720 -75.324819 -1196.536977 -1506.942732 0.954549 -0.002615 0.298042 0.295877 -0.112315 -0.948600 -0.035955 -0.993669 0.106436
-0.883781 -57.333543 -489.985588 -709.349519 0.983330 0.049333 0.175009 0.178541 -0.079771 -0.980693 0.034420 -0.995592 0.087250
1.276625 -52.985385 -214.452765 -452.056097 0.981320 0.057197 0.183682 0.186181 -0.041902 -0.981622 0.048449 -0.997483 0.051769
-1.006828 -56.386406 -455.486629 498.003288 0.973312 0.049935 0.223987 0.216925 0.118279 -0.968996 0.074880 -0.991724 -0.104290
1.334474 -88.576939 -1029.216305 3905.141720 0.898428 -0.042712 0.437039 0.113445 0.984048 -0.137038 -0.424214 0.172698 0.888942
1.804781 -95.165714 -593.740251 1563.748623 0.897300 -0.072429 0.435439 0.043311 0.996133 0.076441 -0.439292 -0.049731 0.896967
0.931124 -85.940200 270.331248 3506.139251 0.910639 -0.050005 0.410165 0.112644 0.985096 -0.129993 -0.397552 0.164579 0.902699
0.249654 -78.996713 -171.573076 3486.262082 0.914371 -0.029604 0.403793 0.166276 0.936795 -0.307842 -0.369158 0.348623 0.861501
27.019736 -38.615131 -1834.863513 1890.236165 0.939940 -0.226368 -0.255479 0.316890 0.856861 0.406657 -0.126856 0.463192 -0.877132
29.401742 -38.069683 -238.174931 -234.608609 0.955749 -0.282538 -0.081957 0.293147 0.891293 0.345921 0.024688 0.354638 -0.934678
21.901870 -42.125312 -938.278617 -4567.050050 0.978818 -0.181650 -0.094437 0.204709 0.875181 0.438351 -0.003023 0.448398 -0.893829
26.660968 -29.603709 -1735.859825 3256.483081 0.896334 -0.246859 -0.368302 0.407964 0.784500 0.467038 -0.173640 0.568876 -0.803884
25.075822 -40.863008 -1778.383781 5089.451057 0.921356 -0.183894 -0.342470 0.325810 0.845858 0.422340 -0.212015 0.500706 -0.839251
-24.263454 -260.680025 3340.330760 -56978.194145 0.801341 -0.586695 -0.116799 0.553617 0.653366 0.516353 0.226629 0.478436 -0.848374
-78.312057 -2888.206437 20464.454513 -1029362.210321 0.918746 -0.336923 0.205884 -0.163697 0.149487 0.975119 0.359317 0.929589 -0.082187
-52.645567 -1609.451599 8463.662748 -533032.340886 0.908740 -0.381956 0.168231 -0.111015 0.167348 0.979628 0.402327 0.908903 -0.109673
10.013897 -36.487197 -551.649709 -233.900452 0.957932 0.256799 0.128144 0.218262 -0.941788 0.255729 -0.186355 0.217002 0.958218
10.242190 -35.214579 -1314.142947 -268.473624 0.944953 0.293960 0.143705 0.231776 -0.911353 0.340169 -0.230962 0.288137 0.929319
9.128689 -34.720119 -594.150158 -704.090532 0.960674 0.252930 0.114598 0.189043 -0.898017 0.397275 -0.203394 0.359988 0.910516
6.837673 -34.305309 938.580438 -849.478647 0.979531 0.192377 0.059248 0.158661 -0.919007 0.360904 -0.123879 0.344117 0.930719
6.679455 -38.414937 572.516412 -1239.109780 0.967379 0.241519 0.076466 0.212058 -0.937130 0.277163 -0.138599 0.251906 0.957775
8.185403 -32.663401 1765.555809 -244.890776 0.984505 0.169632 0.044433 0.128135 -0.868903 0.478110 -0.119710 0.465009 0.877175
15.775906 -26.318398 -358.585998 -369.166042 0.902700 0.299179 0.309231 -0.218462 0.937854 -0.269638 -0.370684 0.175847 0.911960
11.141136 -21.832710 -1658.194396 -985.600605 0.878465 0.286795 0.382162 -0.233285 0.955456 -0.180781 -0.416987 0.069657 0.906240
14.122977 -24.092733 -1639.426602 -767.177422 0.864146 0.345335 0.366054 -0.250350 0.925998 -0.282581 -0.436551 0.152550 0.886652
-7.659607 -23.184419 837.050696 148.417506 0.960653 0.155252 0.230309 -0.043461 -0.734958 0.676718 -0.274330 0.660101 0.699293
-7.498244 -24.356243 886.919530 72.089804 0.959704 0.212212 0.184215 -0.002725 -0.648478 0.761229 -0.281001 0.731056 0.621768
-9.671214 -24.700375 661.565190 109.692788 0.945743 0.139230 0.293572 -0.091283 -0.753289 0.651324 -0.311828 0.642784 0.699709
-4.630789 -22.928738 659.893637 174.401376 0.964936 0.226646 0.132402 0.046063 -0.642802 0.764646 -0.258412 0.731736 0.630703
-9.518521 -23.967559 602.652171 109.281894 0.939890 0.065848 0.335067 -0.138954 -0.822567 0.551431 -0.311926 0.564844 0.763972
-5.262164 -21.886575 621.630586 218.612237 0.967585 0.194326 0.161294 0.028999 -0.719947 0.693423 -0.250874 0.666268 0.702245
-7.989411 -22.678239 649.826353 48.314106 0.957982 0.100400 0.268684 -0.081759 -0.802294 0.591304 -0.274930 0.588426 0.760374
-1.105753 -215.587706 25.157045 543.761128 0.995296 0.093580 -0.025090 0.038189 -0.616932 -0.786089 0.089041 -0.781433 0.617604
-1.471467 -213.110076 169.702769 -32124.156221 0.994000 0.104781 -0.031372 0.073452 -0.851999 -0.518365 0.081044 -0.512951 0.854584
-3.442437 -172.208263 -203.627989 -8248.378481 0.994695 0.099334 -0.026719 0.053137 -0.718603 -0.693388 0.088077 -0.688290 0.720069
4.278952 -263.904968 1242.794207 -30590.015626 0.987562 0.146038 -0.058267 0.086084 -0.812291 -0.576865 0.131574 -0.564674 0.814758
-2.081879 -165.938860 -55.056337 -986.524517 0.991384 0.130495 -0.011347 0.055369 -0.495996 -0.866558 0.118709 -0.858463 0.498948
-0.732084 -210.355193 127.246659 33814.645141 0.990216 0.132291 -0.044393 -0.018627 -0.189972 -0.981613 0.138292 -0.972836 0.185649
2.979181 -247.897991 587.757296 27865.722182 0.991874 0.114755 -0.054925 0.012219 -0.515658 -0.856707 0.126634 -0.849075 0.512870
-295.927352 -474.918206 -45706.540521 77694.117058 0.883906 0.299326 -0.359325 -0.368905 -0.025969 -0.929104 0.287436 -0.953797 -0.087468
-172.221619 -298.387975 1524.794795 -49370.753680 0.404507 0.539782 -0.738248 0.626130 0.424920 0.653761 0.666585 -0.726690 -0.166091
-205.710648 -343.243017 -24421.761141 60801.985516 0.732072 0.596367 -0.329267 -0.100352 -0.383662 -0.918005 0.673795 -0.705088 0.221022
-246.946900 -826.394244 8869.222067 -193395.886622 0.280070 0.480162 -0.831267 0.929407 0.081167 0.360020 0.240339 -0.873416 -0.423534
-187.483488 -574.222785 -18157.162870 99742.808919 0.931143 0.125836 -0.342253 -0.345182 0.001576 -0.938534 0.117562 -0.992050 -0.044904
-295.277891 -464.870726 -58970.987769 46456.581124 0.950384 -0.074980 0.301907 0.304189 0.427121 -0.851491 0.065106 -0.901080 -0.428738
-32.252163 -56.515192 875.081485 -863.988161 0.846771 0.340453 -0.408743 -0.413447 -0.062288 -0.908395 0.334726 -0.938196 -0.088015
-13.094387 -51.732197 3711.164589 55.567071 0.759791 0.460547 -0.458928 -0.444366 -0.147430 -0.883631 0.474613 -0.875306 -0.092635
-17.917511 -56.157599 2083.812959 -6738.760262 0.802210 0.480753 -0.354028 -0.184926 -0.363732 -0.912963 0.567681 -0.797857 0.202886
26.977696 -33.983088 -521.998792 514.197834 0.964356 -0.140250 0.224380 0.227324 0.005121 -0.973806 -0.135427 -0.990103 -0.036820
15.607348 -34.010056 -3785.339082 -767.638531 0.936523 -0.286401 0.202236 0.124069 -0.268778 -0.955178 -0.327920 -0.919637 0.216184
12.464721 -33.953437 -3151.225537 -19.021754 0.940718 -0.282482 0.187762 0.162363 -0.111005 -0.980467 -0.297807 -0.952828 0.058560
-1.759305 -22.544680 -3182.427992 646.128507 0.937588 0.328441 -0.114258 -0.338783 0.936830 -0.087043 -0.078452 -0.120319 -0.989631
-1.394908 -23.935337 -3492.255777 742.207541 0.941073 0.315720 -0.121257 -0.330849 0.933769 -0.136432 -0.070152 -0.168510 -0.983201
5.928847 -21.770309 2714.921330 1195.282227 -0.960363 -0.256095 0.110085 -0.263647 0.962728 -0.060380 -0.090519 -0.087011 -0.992086
13.267588 -23.046781 -2139.163158 1021.367729 0.974792 0.213682 -0.064187 -0.220965 0.964424 -0.145124 -0.030893 -0.155649 -0.987329
13.339287 -19.406528 -196.497999 1059.866276 0.976129 0.216246 0.020262 -0.214958 0.975220 -0.052326 0.031075 -0.046722 -0.998424
12.891827 -17.610043 1895.606132 971.771632 -0.979812 -0.188092 0.067753 -0.187918 0.982144 0.008983 -0.068233 -0.003930 -0.997662
4.316469 -19.186899 3083.346189 759.184689 -0.966893 -0.228735 0.113129 -0.226952 0.973487 0.028569 -0.116664 0.001948 -0.993169
-20.827561 -86.883625 -181.011369 10203.104897 -0.901808 -0.220950 0.371380 -0.128785 0.957767 0.257093 -0.412500 0.184020 -0.892177
-22.541635 -99.779811 271.977067 7100.950873 -0.869197 -0.172294 0.463477 -0.205443 0.978432 -0.021558 -0.449767 -0.113956 -0.885847
-20.619429 -96.169939 880.089394 6452.056398 -0.822893 -0.114855 0.556467 -0.175123 0.982948 -0.056087 -0.540536 -0.143604 -0.828974
-2.986695 -76.240165 -69.174402 -581.681639 0.642947 0.417421 -0.642167 0.116828 0.775176 0.620849 0.756948 -0.474196 0.449631
-3.352464 -76.465141 4.208372 -63.049072 0.654614 0.401107 -0.640776 -0.038117 0.864063 0.501938 0.755002 -0.304152 0.580917
-3.520497 -73.375112 77.988696 489.621200 0.667448 0.410190 -0.621495 -0.015272 0.841972 0.539305 0.744499 -0.350467 0.568237
24.600941 -20.517128 -179.697765 610.856065 0.265578 0.766401 -0.584892 -0.679682 -0.281422 -0.677373 0.683741 -0.577436 -0.446169
26.529609 -23.013293 862.819655 1854.052249 0.434635 0.671590 -0.600050 0.625380 0.254382 0.737692 0.648068 -0.695886 -0.309435
24.980424 -20.090352 1923.696875 832.192499 0.316570 0.748931 -0.582138 -0.636542 -0.287276 -0.715742 0.703276 -0.597138 -0.385783
-6.857079 -35.915730 -767.655184 -898.250050 0.640783 -0.041421 -0.766604 0.752953 -0.161009 0.638073 -0.149860 -0.986083 -0.071984
-5.692101 -36.595177 -1662.877616 1093.282279 0.756978 -0.105024 -0.644946 -0.641433 0.068916 -0.764077 -0.124694 -0.992079 0.015198
-8.235535 -35.599010 -1006.945595 -233.936752 0.756120 -0.086479 -0.648694 -0.654348 -0.115910 -0.747258 0.010568 -0.989488 0.144229
4.296872 -81.185594 107.698357 -633.588391 -0.474388 0.871288 -0.125754 -0.571489 -0.196151 0.796821 -0.669594 -0.449870 -0.590983
4.162911 -101.332580 1005.441358 38.058266 -0.221928 0.939561 -0.260715 0.410426 -0.152528 -0.899047 0.884476 0.306528 0.351770
2.929313 -103.908238 -35.576769 -2394.457294 -0.170314 0.942727 -0.286810 0.601257 -0.131178 -0.788215 0.780694 0.306690 0.544479
-3.320895 -159.894051 -6.657908 -13905.311912 -0.190342 0.908481 -0.372066 0.373511 -0.283476 -0.883250 0.907887 0.307090 0.285370
-19.625569 -30.423867 814.920738 -672.870520 0.991595 -0.023017 0.127317 0.095247 -0.536119 -0.838752 -0.087563 -0.843828 0.529421
-17.948984 -28.974247 975.035848 -263.548486 0.963729 0.083590 0.253454 0.248863 -0.624505 -0.740311 -0.096401 -0.776535 0.622656
-19.620327 -31.018448 -315.976550 -504.731971 0.983874 -0.123485 0.129394 0.039658 -0.554816 -0.831027 -0.174409 -0.822758 0.540972
-16.146475 -28.197678 1006.980778 -149.487758 0.932787 0.169417 0.318129 0.342223 -0.693271 -0.634238 -0.113098 -0.700480 0.704653
-18.291387 -29.503250 -46.943854 -323.683815 0.970601 -0.032086 0.238547 0.158727 -0.659713 -0.734564 -0.180942 -0.750832 0.635225
20.290635 -464.583397 -2473.435661 -44200.514045 -0.084043 0.955896 -0.281423 -0.825239 -0.225060 -0.518005 0.558496 -0.188707 -0.807757
-259.262315 -6391.362194 74120.304921 -10429232.638621 -0.478418 0.848467 -0.226316 -0.844470 -0.515211 -0.146387 0.240805 -0.121083 -0.962991
60.250275 -6273.559626 55506.973786 -5728446.450666 -0.494128 0.821703 -0.283975 0.857477 0.514512 -0.003267 0.143424 -0.245117 -0.958826
-105.754185 -18258.770688 -69994.521597 26171513.777017 -0.409081 0.906893 -0.100987 -0.149780 -0.175905 -0.972946 0.900122 0.382888 -0.207794
-35.018870 -47.606587 -2559.111437 -3833.856849 0.149831 0.743704 -0.651502 0.960656 -0.265364 -0.081990 -0.233861 -0.613584 -0.754203
-22.928042 -34.479391 -3270.213849 -2254.466573 0.640385 0.430425 -0.636114 0.663916 -0.726632 0.176699 -0.386165 -0.535482 -0.751090
5.546826 -179.671455 -1041.383429 24631.826783 -0.660859 0.197727 0.723996 0.094932 0.978946 -0.180701 -0.744482 -0.050687 -0.665716
24.690998 -45.020305 -1172.755668 2289.370382 0.838174 0.470226 -0.276318 0.080400 0.394569 0.915342 -0.539444 0.789432 -0.292912
31.775966 -54.391386 -1782.959279 2622.484969 0.780359 0.531728 -0.329099 0.221749 0.256777 0.940688 -0.584694 0.807051 -0.082468
18.487953 -62.996760 -436.223051 5268.695841 0.790977 0.576424 -0.205160 0.008302 0.325171 0.945619 -0.611789 0.749666 -0.252418
17.014569 -53.040044 -1529.195008 -232.425353 0.787374 0.575935 -0.219865 -0.125089 0.498489 0.857824 -0.603651 0.647926 -0.464540
10.661528 -9.152607 621.257795 -2417.882753 -0.350846 0.925513 -0.142590 -0.796713 -0.215000 0.564822 -0.492093 -0.311769 -0.812800
8.576710 -10.911876 338.862598 -1067.788466 -0.630854 0.775899 -0.001680 -0.608255 -0.493203 0.621914 -0.481714 -0.393359 -0.783084
7.371393 -6.131245 -1257.121027 -2015.664111 -0.427419 0.888654 -0.166155 -0.776232 -0.266521 0.571340 -0.463440 -0.373176 -0.803718
6.716147 -4.618739 -208.021618 -1605.550235 -0.175108 0.943715 -0.280606 -0.865345 -0.011585 0.501043 -0.469591 -0.330557 -0.818668
6.885225 -7.715144 1906.418547 -1584.592757 -0.020760 0.964067 -0.264847 -0.884370 0.105850 0.454627 -0.466325 -0.243660 -0.850395
6.044511 -14.277883 2331.811221 -1906.934811 -0.048894 0.975152 -0.216076 -0.863865 0.067301 0.499206 -0.501344 -0.211069 -0.839109
82.753615 -79.243144 15402.565781 -7051.254496 0.335866 0.919256 0.205334 -0.365024 -0.073933 0.928058 -0.868304 0.386655 -0.310719
130.346661 -56.574936 29868.856697 -5277.570647 0.342325 0.919479 0.193321 -0.486901 -0.002370 0.873454 -0.803580 0.393133 -0.446884
-11.706572 -38.453322 -219.827729 -343.885753 0.364142 0.923964 -0.117011 0.780222 -0.371245 -0.503419 0.508580 -0.092022 0.856083
-13.981711 -38.244341 -290.052747 -393.508714 0.451286 0.873115 -0.184421 0.810546 -0.487505 -0.324584 0.373305 0.003002 0.927704
-12.176557 -34.870498 432.076033 -259.576065 0.512859 0.835751 -0.196204 0.804584 -0.547643 -0.229632 0.299365 0.040094 0.953296
10.079347 -79.841018 128.084258 1980.528341 0.948210 0.087070 0.305476 0.274494 0.259331 -0.925959 0.159843 -0.961856 -0.222000
12.930927 -81.545317 123.553568 -4682.778019 0.936397 0.135570 0.323700 0.345621 -0.196217 -0.917630 0.060888 -0.971143 0.230593
-4.541489 -44.123791 -348.778084 -3716.509976 0.947465 0.110644 0.300113 0.075989 0.833543 -0.547204 0.310702 -0.541262 -0.781345
-3.014833 -47.647587 -747.429970 -2942.135040 0.958206 0.092582 0.270682 0.059016 0.861860 -0.503701 0.279924 -0.498624 -0.820376
-5.277407 -59.603554 -893.094702 -4658.862998 0.956091 0.094392 0.277452 0.024623 0.917493 -0.396988 0.292033 -0.386389 -0.874883
-2.825636 -38.814795 -525.671954 -1316.151058 0.952798 0.069420 0.295562 0.130951 0.784331 -0.606364 0.273912 -0.616446 -0.738218
-7.025016 -58.823204 -279.323296 -6497.054453 0.943050 0.107618 0.314763 0.052746 0.885876 -0.460914 0.328444 -0.451267 -0.829749
-3.798741 -35.633763 -64.284660 -1121.766570 0.937546 0.069431 0.340862 0.166294 0.771204 -0.614484 0.305539 -0.632790 -0.711493
-5.674916 -40.656699 311.327727 -4042.032921 0.928922 0.108813 0.353925 0.122267 0.812089 -0.570580 0.349505 -0.573298 -0.741064
-0.318535 -32.075726 1420.315425 -196.188034 0.970309 0.217205 -0.106405 0.134957 -0.121128 0.983420 -0.200715 0.968581 0.146845
3.079745 -32.211633 1097.981804 144.199547 0.968992 0.221862 -0.108776 0.163008 -0.243133 0.956198 -0.185697 0.944279 0.271759
3.745665 -32.956109 1052.786278 -83.262741 0.972642 0.221399 -0.070361 0.103688 -0.142699 0.984320 -0.207887 0.964686 0.161752
0.673035 -33.094673 1494.803813 101.526043 0.977133 0.208411 -0.042141 0.051830 -0.041246 0.997804 -0.206216 0.977171 0.051105
5.597160 -35.242887 450.796969 -7.988160 0.964096 0.265198 -0.013716 0.033876 -0.071595 0.996858 -0.263383 0.961532 0.078008
1.652862 -105.537091 -1203.519049 2740.611277 0.898175 -0.065586 0.434717 0.079174 0.996773 -0.013200 -0.432449 0.046274 0.900470
-0.856994 -106.041091 -1023.027555 -1589.453222 0.902190 -0.108005 0.417599 -0.045049 0.939256 0.340247 -0.428981 -0.325780 0.842522
1.002633 -91.981119 29.777639 -800.501372 0.905607 -0.078785 0.416737 -0.033175 0.966425 0.254797 -0.422819 -0.244571 0.872588
31.371071 -34.272814 926.943298 3.486839 0.943884 -0.326471 0.050001 0.296757 0.904765 0.305508 0.144978 0.273526 -0.950876
24.906249 -53.833317 849.062249 -7047.685414 0.972967 -0.204172 0.107932 0.158854 0.930895 0.328937 0.167633 0.302899 -0.938164
22.377862 -64.572363 48.862524 -9092.632912 0.987685 -0.136766 0.075986 0.093596 0.905672 0.413520 0.125373 0.401315 -0.907319
-6.864189 -203.456227 1070.428729 21735.788285 0.978331 -0.159552 0.131953 -0.089455 0.249028 0.964356 0.186725 0.955263 -0.229359
-4.252159 -172.096312 -308.546534 18270.047812 0.984407 -0.153955 0.085090 -0.037137 0.290931 0.956023 0.171940 0.944276 -0.280678
-5.681552 -236.521641 629.272412 25102.726381 0.984114 -0.121296 0.129644 -0.022113 0.640795 0.767393 0.176157 0.758069 -0.627933
5.506395 -73.779024 -1223.715094 9399.800790 0.965520 0.155375 0.208879 -0.175418 -0.204556 0.963009 -0.192355 0.966445 0.170247
5.663827 -94.636691 -1646.768647 10232.463218 0.968295 0.179525 0.173709 -0.172958 -0.019951 0.984727 -0.180249 0.983551 -0.011731
8.113184 -103.994917 -1733.601860 13716.785119 0.970472 0.148965 0.189717 -0.187468 -0.029132 0.981839 -0.151786 0.988413 0.000345
9.048836 -97.238173 -1245.871011 14578.543519 0.969467 0.129243 0.208399 -0.187187 -0.158965 0.969377 -0.158414 0.978788 0.129919
-3.867405 -147.571072 3449.106624 -41754.671395 -0.605534 0.761815 0.230145 0.780121 0.511069 0.360860 0.157288 0.398053 -0.903777
-7.733515 -463.454214 2265.540282 -113498.546737 0.896962 -0.441782 -0.016977 0.247455 0.469851 0.847353 0.366368 0.764244 -0.530759
96.124630 -316.090299 -29572.125424 -25979.569404 0.466473 -0.681963 0.563320 0.833812 0.126457 -0.537370 0.295231 0.720372 0.627617
9.392383 -36.702517 -80.137522 212.121793 0.947842 0.298970 0.110514 0.266076 -0.933052 0.242112 -0.175500 0.200078 0.963934
14.491417 -25.587917 -653.747373 -540.897652 0.918561 0.229730 0.321666 -0.187615 0.969654 -0.156754 -0.347916 0.083639 0.933787
10.659494 -20.375747 -1784.754630 -1016.557061 0.899512 0.188731 0.394030 -0.172870 0.982029 -0.075730 -0.401241 0.000004 0.915972
16.179743 -30.436402 1094.598499 193.380297 0.938453 0.264808 0.221773 -0.205347 0.944004 -0.258244 -0.277740 0.196809 0.940280
14.151563 -23.726911 -967.084973 -1005.381246 0.930606 0.148880 0.334377 -0.141898 0.988841 -0.045362 -0.337399 -0.005234 0.941347
15.631256 -29.336190 783.482428 -387.062955 0.950048 0.208602 0.232149 -0.178944 0.973493 -0.142442 -0.255710 0.093785 0.962194
1.199398 -273.312161 1005.674645 -47049.588018 0.985465 0.149476 -0.080725 0.123983 -0.957680 -0.259764 0.116138 -0.245980 0.962292
-203.888323 -385.612261 8989.961386 44547.096411 0.315001 0.834529 -0.452034 -0.036800 -0.465183 -0.884449 0.948377 -0.295238 0.115822
-130.462586 -332.133961 12906.160436 -63729.181027 -0.028248 0.592413 -0.805139 0.833108 0.459058 0.308541 0.552389 -0.662052 -0.506511
-174.941677 -308.115702 24958.699864 33249.247227 -0.028299 0.692907 -0.720471 -0.401064 -0.668072 -0.626760 0.915613 -0.271218 -0.296806
-39.825384 -55.494074 -72.685432 58.209281 0.797390 0.193691 -0.571535 -0.573627 -0.050839 -0.817537 0.187406 -0.979744 -0.070568
-38.717271 -53.527188 -95.636218 1676.849636 0.677991 0.045721 -0.733647 0.712514 0.204473 0.671204 0.180700 -0.977804 0.106054
18.420104 -31.926548 4099.350018 302.089709 0.968575 0.089753 0.231964 0.197916 0.286723 -0.937347 0.150639 -0.953800 -0.259949
17.214105 -34.574828 -4018.680486 -15.919058 0.939091 -0.272350 0.209604 0.101436 -0.363073 -0.926223 -0.328359 -0.891068 0.313333
-8.134084 -39.273507 1270.221831 3243.426970 0.901547 0.230522 -0.366159 0.010737 0.834077 0.551544 -0.432548 0.501174 -0.749485
-5.571201 -36.215151 689.869053 -280.655424 0.877451 0.119702 -0.464490 0.161739 0.837815 0.521446 -0.451575 0.532670 -0.715782
-7.265657 -43.399132 245.657141 2479.594861 -0.818346 0.003024 0.574718 0.262976 0.891132 0.369766 -0.511032 0.453733 -0.730049
-2.366048 -76.066352 -17.456153 -1427.369008 0.673672 0.444030 -0.590765 -0.378341 -0.479468 -0.791814 0.634842 -0.756933 0.155009
-2.089558 -77.356652 85.452238 -3944.647034 0.702200 0.462963 -0.540906 -0.470342 -0.268707 -0.840580 0.534503 -0.844667 -0.029065
-2.738628 -73.381209 174.466110 -3159.982678 0.712060 0.460075 -0.530378 -0.466892 -0.253909 -0.847079 0.524388 -0.850800 -0.034007
-5.791377 -34.012981 216.296864 -1084.276422 0.523868 0.060219 -0.849668 0.826645 -0.276564 0.490072 -0.205476 -0.959107 -0.194663
4.985700 -82.655361 -114.256690 -374.351870 -0.471016 0.873691 -0.121688 -0.544114 -0.179176 0.819656 -0.694323 -0.452283 -0.559782
5.666453 -32.006181 -1059.369238 -619.951920 0.509541 -0.005310 -0.860430 -0.171707 0.979240 -0.107727 0.843140 0.202633 0.498051
8.533974 -33.356601 -1080.364618 -413.334077 0.516391 -0.026555 -0.855941 -0.327945 0.917190 -0.226305 0.791071 0.397564 0.464920
9.441918 -32.334611 -1063.954823 -426.421105 0.500389 -0.077035 -0.862367 -0.231908 0.947713 -0.219224 0.834164 0.309687 0.456360
0.791535 -130.749095 -140.856119 -6658.481933 -0.211853 0.970685 -0.113527 -0.203188 -0.157373 -0.966410 0.955946 0.181669 -0.230572
-1.258629 -148.162193 1054.743253 -6095.816990 -0.278158 0.951055 -0.134618 -0.500884 -0.263203 -0.824524 0.819599 0.161919 -0.549581
4.209392 -141.860841 1214.796556 2737.881011 -0.230121 0.967853 -0.101512 -0.231666 -0.155796 -0.960239 0.945185 0.197454 -0.260071
-6.732825 -162.410590 -276.930408 -8590.576698 -0.256015 0.947276 -0.192678 -0.397382 -0.284832 -0.872329 0.881217 0.146763 -0.449351
3.826876 -119.645334 394.444065 2124.367952 -0.212669 0.973693 -0.081812 -0.030669 -0.090338 -0.995439 0.976643 0.209190 -0.049075
3.030313 -122.137078 -956.646955 417.355456 -0.168137 0.981642 -0.090045 0.031427 -0.085961 -0.995803 0.985263 0.170261 0.016397
-3.218365 -148.000079 -608.362128 -4622.129368 -0.203800 0.962486 -0.179128 -0.081654 -0.199042 -0.976583 0.975601 0.184401 -0.119156
-18.072086 -31.129168 1523.020788 -816.036560 0.997604 0.035996 0.059082 0.068950 -0.447232 -0.891756 0.005676 -0.893693 0.448643
11.345180 -384.120232 -4099.792718 32214.776587 -0.036137 0.942489 -0.332277 -0.647394 -0.275371 -0.710670 0.761298 -0.189433 -0.620113
12.603805 -330.689345 -2724.486870 15045.531729 -0.099430 0.933364 -0.344883 -0.932298 -0.208518 -0.295534 0.347755 -0.292149 -0.890907
5.538774 -245.239431 -1523.485741 4889.193370 -0.039161 0.937509 -0.345750 -0.867991 -0.203337 -0.453041 0.495034 -0.282366 -0.821712
3.026499 -284.685044 -3625.523528 2793.149980 -0.129899 0.935535 -0.328483 0.981048 0.169307 0.094238 0.143777 -0.310016 -0.939797
34.456584 -1076.523975 2175.004946 279194.567987 -0.061456 0.910398 -0.409145 -0.566351 -0.369346 -0.736770 0.821870 -0.186441 -0.538303
4.616195 -603.264107 -837.870828 131446.299852 -0.069162 0.941670 -0.329353 -0.821632 -0.241015 -0.516559 0.565807 -0.234881 -0.790376
1.286288 -512.571547 -1752.749070 -99819.194209 -0.055691 0.952930 -0.298032 0.966258 0.126621 0.224303 0.251482 -0.275485 -0.927828
-41.314045 -58.433801 -1868.374918 -2943.241607 -0.069645 0.755084 -0.651918 0.997191 0.070742 -0.024594 0.027548 -0.651800 -0.757891
-36.890430 -57.730900 -1725.909031 -1735.121529 0.032340 0.681044 -0.731528 0.988573 0.086024 0.123790 0.147235 -0.727172 -0.670479
-3.878887 -142.150085 -2006.427280 20638.402055 -0.686830 0.246702 0.683669 0.313038 0.949325 -0.028080 -0.655952 0.194728 -0.729252
-4.238535 -126.950170 1922.875986 18594.617671 -0.490408 0.537437 0.686048 0.478499 0.823988 -0.303450 -0.728380 0.179459 -0.661254
-6.800377 -211.725233 403.367660 38786.767396 -0.598383 0.418282 0.683358 0.502032 0.860454 -0.087077 -0.624421 0.290963 -0.724872
33.406639 -80.385486 2101.989703 -869.317662 0.692305 -0.176674 -0.699643 -0.607187 -0.666529 -0.432508 0.389919 -0.724242 0.568715
46.025980 -81.598025 1585.721732 7721.600754 0.641808 -0.363884 -0.675034 0.725345 0.573769 0.380347 0.248911 -0.733743 0.632191
31.927031 -61.732803 11.979408 228.154905 0.625031 -0.422403 -0.656438 0.722185 0.632100 0.280890 0.296286 -0.649635 0.700135
13.360851 -55.730620 -214.144640 -413.687930 0.683834 -0.258313 -0.682382 -0.564804 -0.779480 -0.270937 0.461916 -0.570688 0.678931
38.767177 -45.664511 611.660805 -2446.509694 0.817328 0.246400 -0.520828 0.442942 0.309394 0.841474 -0.368480 0.918457 -0.143735
32.548514 -37.901976 3503.401214 -1071.142389 0.855179 0.129624 -0.501863 0.443903 0.316745 0.838226 -0.267617 0.939612 -0.213334
38.181684 -55.974361 3316.292242 -5356.427444 0.813260 0.107394 -0.571905 0.537049 0.239851 0.808734 -0.224025 0.964851 -0.137385
41.931537 -55.620715 -841.644283 -2931.783416 0.787273 0.425984 -0.445801 0.379728 0.234680 0.894836 -0.485806 0.873764 -0.022999
63.085507 -66.397604 692.274632 -5021.681129 0.778323 0.383984 -0.496759 0.526606 0.031609 0.849522 -0.341905 0.922799 0.177606
37.231557 -59.054014 7125.047789 -4335.212819 0.755518 -0.038235 -0.654011 0.654946 0.067584 0.752647 -0.015423 0.996981 -0.076103
58.300903 -68.867800 6212.119788 -4429.987046 0.771984 0.120451 -0.624125 0.630875 -0.025161 0.775477 -0.077703 0.992400 0.095414
4.445441 -7.489503 698.352845 -944.239052 -0.774153 0.612438 0.160023 0.428518 0.693117 -0.579621 -0.465896 -0.380143 -0.799019
6.803266 -16.055635 1133.379262 -1419.312297 -0.841645 0.487320 0.232710 0.304726 0.784323 -0.540352 -0.445843 -0.383871 -0.808620
10.281662 -18.457577 607.949607 -227.290159 -0.784087 0.611727 0.104874 0.428590 0.655880 -0.621395 -0.448909 -0.442280 -0.776447
-2.236476 -37.586547 -574.906669 2021.512933 -0.109587 0.986648 0.120482 0.789552 0.012773 0.613550 -0.603820 -0.162364 0.780410
-4.324969 -34.048456 -229.555538 2095.643752 -0.045399 0.984767 0.167850 0.827141 -0.057161 0.559080 -0.560157 -0.164218 0.811946
