18058
36098
-27.437504 -41.690130 306.663156 -2226.959372 0.039496 0.238471 -0.970346 0.915673 0.380087 0.130680 0.399979 -0.893681 -0.203349
-34.670927 -50.931323 773.034125 -1732.615447 0.262429 0.353368 -0.897921 0.805209 0.432602 0.405579 0.531761 -0.829450 -0.171007
-32.299868 -51.976734 -240.019986 -5204.834888 0.502787 0.373596 -0.779507 0.752618 0.254352 0.607348 0.425172 -0.892038 -0.153290
-27.002907 -43.004975 79.847177 -1774.046734 -0.132593 0.232419 -0.963535 0.876812 0.480810 -0.004681 0.462189 -0.845460 -0.267540
-24.029455 -36.003486 -746.435308 -3875.278701 0.106635 0.217996 -0.970107 0.954508 0.250806 0.161279 0.278466 -0.943173 -0.181334
-21.223981 -35.827374 260.146411 -1765.175981 -0.314136 0.154801 -0.936672 0.890430 0.390280 -0.234127 0.329321 -0.907589 -0.260441
23.034875 -75.626366 -3017.542921 -995.529464 0.616574 -0.073025 -0.783903 0.751861 -0.240744 0.613798 -0.233542 -0.967838 -0.093532
28.669409 -76.351431 -4817.518986 -3573.178219 0.604578 -0.047781 -0.795112 0.703011 -0.437320 0.560827 -0.374515 -0.898036 -0.230804
22.337607 -72.459223 -2685.232524 -4738.677249 0.574578 -0.068041 -0.815617 0.697098 -0.481484 0.531251 -0.428853 -0.873810 -0.229219
22.421141 -59.229220 -1625.806863 -6472.792782 0.533741 -0.040693 -0.844669 0.626757 -0.651519 0.427432 -0.567711 -0.757540 -0.322238
17.395902 -64.428811 -1927.421568 -4957.668176 0.554174 -0.106412 -0.825571 0.688383 -0.499024 0.526407 -0.467996 -0.860030 -0.203294
18.585140 -68.374602 -1392.427894 287.369806 0.614849 -0.100850 -0.782170 0.745719 -0.248399 0.618224 -0.256638 -0.963394 -0.077522
-32.229104 -38.920759 165.144999 -969.201639 -0.690896 0.637464 0.341031 0.241666 0.648223 -0.722084 -0.681367 -0.416469 -0.601908
-37.228189 -41.407166 -1004.747710 -2509.209298 -0.691736 0.488909 0.531478 0.116548 0.801900 -0.585981 -0.712683 -0.343401 -0.611685
-33.908940 -44.276541 -690.829850 -1636.450706 -0.718536 0.625742 0.303567 0.318362 0.683991 -0.656355 -0.618346 -0.374970 -0.690685
-46.856909 -61.103357 183.348417 -862.062223 0.499504 0.855308 0.137636 0.550914 -0.191004 -0.812411 0.668573 -0.481628 0.566608
-45.514383 -55.038692 54.582524 -2472.170858 0.636879 0.769107 0.053474 0.549388 -0.404086 -0.731360 0.540886 -0.495166 0.679892
-46.321104 -59.611838 -272.534155 -332.690611 0.611881 0.769042 0.184868 0.512032 -0.206994 -0.833653 0.602847 -0.604755 0.520430
-46.703236 -60.772725 -337.310102 365.891434 0.525442 0.817916 0.234359 0.474616 -0.053158 -0.878586 0.706151 -0.572877 0.416128
-9.168563 -36.481370 127.097153 -255.213453 0.106304 0.107671 0.988487 -0.687686 0.725990 -0.005124 -0.718184 -0.679224 0.151219
-5.719621 -35.719325 1086.074295 287.193911 0.067152 0.173684 0.982509 -0.595137 0.797344 -0.100275 -0.800814 -0.577994 0.156909
-7.981146 -37.047486 -1094.571095 -14.546430 0.057172 0.093868 0.993942 -0.641387 0.766397 -0.035486 -0.765085 -0.635472 0.104022
-6.710527 -35.956849 169.681105 679.470883 0.054958 0.142451 0.988275 -0.532057 0.841724 -0.091740 -0.844923 -0.520777 0.122051
-8.102663 -36.445279 1436.743004 750.938213 -0.082066 -0.065488 -0.994473 0.735783 -0.677025 -0.016134 -0.672227 -0.733040 0.103746
-5.104608 -36.392426 1624.580402 709.015918 -0.024094 -0.093590 -0.995319 0.739979 -0.671110 0.045191 -0.672198 -0.735426 0.085424
-6.795505 -37.245491 -1033.250111 -201.222224 0.032793 0.091314 0.995282 -0.643216 0.764121 -0.048913 -0.764982 -0.638577 0.083793
-7.829830 -36.729529 -664.809457 529.004465 0.043481 0.097834 0.994252 -0.546665 0.835320 -0.058288 -0.836222 -0.540989 0.089803
18.668133 -42.276844 506.895205 -13.039405 0.207780 0.158762 0.965206 -0.359913 0.929928 -0.075481 -0.909555 -0.331706 0.250361
26.564707 -42.340380 -272.436902 -1153.887615 0.181552 0.157506 0.970686 -0.279143 0.954741 -0.102709 -0.942931 -0.252313 0.217301
21.990246 -41.653011 3804.588468 -795.926972 0.299399 0.115817 0.947073 -0.261625 0.964526 -0.035243 -0.917558 -0.237227 0.319078
33.167105 -36.845443 414.690313 2025.506182 0.210135 0.116208 0.970741 -0.064672 0.992388 -0.104800 -0.975531 -0.040758 0.216051
1.746716 -38.416516 26.162362 766.934249 -0.223563 0.423013 0.878111 -0.079096 0.890069 -0.448911 -0.971475 -0.169815 -0.165528
4.940843 -37.433588 -58.839594 488.548810 -0.225401 0.469472 0.853692 -0.157306 0.847208 -0.507439 -0.961483 -0.248668 -0.117111
4.528790 -37.132900 -250.889139 50.182143 -0.231848 0.413781 0.880359 -0.210013 0.862383 -0.460640 -0.949811 -0.291685 -0.113043
6.759201 -38.244797 2.131786 -1002.994514 -0.223840 0.454956 0.861923 -0.303592 0.807816 -0.505239 -0.926136 -0.374765 -0.042700
1.611705 -39.047065 -545.305577 400.817882 -0.241744 0.351460 0.904453 -0.122219 0.913647 -0.387700 -0.962612 -0.204265 -0.177913
4.544638 -37.457059 -920.257076 -348.571557 -0.247026 0.358360 0.900309 -0.270326 0.866731 -0.419167 -0.930539 -0.346922 -0.117231
6.417452 -37.099331 -769.653199 -1027.303041 -0.248979 0.401768 0.881245 -0.359081 0.806757 -0.469259 -0.899483 -0.433274 -0.056598
0.039384 -31.644464 544.421080 -246.430391 -0.290356 0.108334 0.950767 0.905009 0.353885 0.236059 -0.310889 0.928994 -0.200796
-0.857525 -30.569002 540.806651 -674.682838 -0.267278 0.119263 0.956211 0.882191 0.429515 0.193017 -0.387687 0.895150 -0.220012
1.571362 -32.113027 667.521868 -601.000610 -0.266190 0.115675 0.956955 0.883067 0.427273 0.193989 -0.386441 0.896692 -0.215884
10.743588 -77.406882 -884.043796 -2994.393377 0.526189 -0.044090 -0.849224 0.745822 0.503665 0.435971 0.408502 -0.862773 0.297906
13.396908 -70.061966 -484.709731 -6444.179785 0.507882 -0.016807 -0.861263 0.837591 0.243204 0.489176 0.201241 -0.969829 0.137597
12.424687 -73.021045 -743.270561 -6848.339678 0.511475 -0.064762 -0.856854 0.818048 0.341938 0.462467 0.263041 -0.937488 0.227871
11.171876 -75.703766 564.110721 -2476.232614 0.513143 0.052768 -0.856679 0.739704 0.479064 0.472584 0.435342 -0.876192 0.206796
9.529112 -76.629638 -401.512759 -1648.145274 0.502975 -0.073669 -0.861156 0.739616 0.552211 0.384747 0.447196 -0.830443 0.332235
9.189776 -76.395649 -930.294307 2446.429982 0.523625 -0.053995 -0.850236 0.617457 0.711671 0.335070 0.586996 -0.700435 0.405988
9.916852 -76.837198 -385.961162 2565.348151 0.522424 -0.011374 -0.852610 0.613168 0.699854 0.366374 0.592535 -0.714196 0.372594
2.723269 -72.673238 249.353333 4359.343758 0.513550 0.136574 -0.847121 0.692968 0.516202 0.503320 0.506026 -0.845508 0.170454
0.647632 -75.772431 1402.918681 544.955444 0.506914 0.180457 -0.842896 0.799750 0.266384 0.537997 0.321619 -0.946824 -0.009286
4.460956 -76.351840 1106.723999 163.912429 0.512589 0.166998 -0.842238 0.780915 0.317126 0.538147 0.356965 -0.933565 0.032143
-0.315535 -71.654231 1173.489916 4744.069402 0.485487 0.162484 -0.859012 0.704863 0.508513 0.494553 0.517175 -0.845585 0.132348
5.480603 -73.143116 128.134229 3706.234953 0.528883 0.140935 -0.836911 0.672353 0.532184 0.514511 0.517903 -0.834816 0.186705
2.019000 -106.739658 168.695394 -949.169493 -0.332688 0.029619 0.942572 0.456616 0.879586 0.133527 -0.825118 0.474816 -0.306152
2.574047 -97.122373 10.583499 -1128.593058 -0.319057 0.053262 0.946238 0.227799 0.973459 0.022016 -0.919951 0.222577 -0.322722
1.994582 -103.059801 38.417568 -1214.382707 -0.328487 0.054628 0.942927 0.239310 0.970564 0.027139 -0.913689 0.234567 -0.331891
21.796766 -36.089932 3200.880215 -2756.531014 -0.242368 -0.111155 0.963796 -0.479335 0.877419 -0.019346 -0.843502 -0.466670 -0.265938
25.716295 -44.459294 3230.936162 -6466.638497 -0.259107 -0.161828 0.952195 -0.439093 0.897832 0.033105 -0.860268 -0.409524 -0.303692
16.964842 -45.500501 4241.142962 -6994.514254 -0.205781 -0.088921 0.974550 -0.440202 0.897831 -0.011029 -0.874000 -0.431268 -0.223900
-11.072307 -20.059505 1717.429414 -284.276568 0.146246 0.882945 -0.446116 -0.477852 0.457915 0.749648 -0.866181 -0.103545 -0.488885
-4.564960 -19.034894 1101.252337 -553.326630 0.091213 0.938302 -0.333571 -0.508688 0.331869 0.794418 -0.856106 -0.097222 -0.507573
-9.428946 -18.429390 1678.682972 -659.792502 0.147729 0.895017 -0.420856 -0.536849 0.429947 0.725905 -0.830644 -0.118699 -0.544005
-7.642682 -29.671648 -659.423844 2268.750354 0.359388 -0.147835 -0.921404 0.808761 0.541934 0.228502 0.465560 -0.827316 0.314328
-6.043714 -26.727957 -803.495437 50.266942 0.311380 -0.190234 -0.931050 0.812889 0.560779 0.157283 0.492192 -0.805815 0.329254
-6.949825 -27.421910 -549.142099 2801.882204 0.284182 -0.216868 -0.933921 0.838236 0.529036 0.132218 0.465404 -0.820420 0.332129
-7.385373 -29.159881 -727.564189 153.249687 0.337516 -0.139288 -0.930957 0.795666 0.570678 0.203082 0.502990 -0.809275 0.303440
-8.066138 -30.565411 -159.929192 1538.298067 0.390433 -0.075573 -0.917524 0.791462 0.536638 0.292589 0.470267 -0.840421 0.269335
0.859522 -78.038039 -475.712892 -3081.150351 -0.342001 0.694451 -0.633067 0.898639 0.044732 -0.436401 -0.274741 -0.718148 -0.639359
0.622016 -77.383724 -99.604219 -2348.593241 -0.330578 0.698610 -0.634557 0.910069 0.057869 -0.410398 -0.249987 -0.713158 -0.654913
1.089667 -82.488376 -13.811230 -2991.834353 -0.321292 0.703930 -0.633446 0.943300 0.178989 -0.279549 -0.083403 -0.687346 -0.721526
1.599113 -87.212772 129.992109 -1067.478101 -0.297656 0.712422 -0.635497 0.939168 0.338001 -0.060977 0.171357 -0.614988 -0.769692
2.110371 -87.102021 -308.777841 -921.014859 -0.309086 0.709146 -0.633702 0.947762 0.284903 -0.143446 0.078819 -0.644936 -0.760161
0.047327 -41.249090 -39.021443 295.633759 -0.214242 0.246700 0.945113 -0.284463 0.909882 -0.301987 -0.934442 -0.333548 -0.124758
0.266993 -39.695308 -322.695926 -1272.077140 -0.233831 0.271214 0.933684 -0.414892 0.840651 -0.348096 -0.879311 -0.468774 -0.084046
-0.017321 -41.199506 352.288621 -474.126474 -0.211762 0.267825 0.939908 -0.376892 0.864951 -0.331380 -0.901726 -0.424417 -0.082223
2.975472 -90.443491 -596.438170 -1937.606443 -0.322874 0.093407 0.941821 0.023073 0.995599 -0.090830 -0.946161 -0.007596 -0.323608
2.368011 -93.310208 -521.814692 -1107.167072 -0.330310 0.055013 0.942268 0.255944 0.966117 0.033315 -0.908509 0.252172 -0.333199
-17.277403 -72.881878 -259.086430 -1175.605685 -0.055678 0.845278 -0.531417 0.981343 0.144427 0.126909 0.184025 -0.514437 -0.837550
-18.174224 -75.495454 -456.556587 -851.530017 -0.053600 0.872598 -0.485489 0.952999 0.189889 0.236083 0.298194 -0.450016 -0.841763
-15.076346 -74.921006 -397.634797 -657.490007 -0.070618 0.830591 -0.552387 0.934270 0.249102 0.255122 0.349503 -0.498063 -0.793588
2.133240 -162.267385 570.481933 2652.753391 0.707859 -0.591971 0.385365 0.435681 -0.063519 -0.897857 -0.555983 -0.803453 -0.212948
2.538871 -175.294669 673.137164 8240.869035 0.714553 -0.599197 0.361078 0.227834 -0.288678 -0.929923 -0.661442 -0.746745 0.069758
0.820444 -173.836285 -222.266069 5372.829448 0.704406 -0.609632 0.363541 0.282522 -0.229045 -0.931515 -0.651148 -0.758872 -0.010893
-0.446091 -229.638273 1167.085275 29947.391927 0.733234 -0.610369 0.299696 0.061704 -0.379201 -0.923255 -0.677171 -0.695454 0.240380
1.002385 -170.849871 1030.761927 12500.605806 0.722325 -0.585818 0.367510 0.349708 -0.149052 -0.924926 -0.596617 -0.796618 -0.097201
2.522950 -156.187983 -491.254194 -986.718494 0.689144 -0.598118 0.409067 0.518176 0.012153 -0.855188 -0.506532 -0.801316 -0.318305
90.589763 -518.784719 31342.915673 -30547.549726 -0.567558 0.697215 -0.437915 -0.148989 0.436127 0.887466 -0.809741 -0.568933 0.143650
784.558404 -7215.324851 -173794.090120 3739952.263136 0.732637 -0.645853 0.214749 0.505985 0.727863 0.462812 -0.455216 -0.230413 0.860051
147.208397 -1097.107728 21327.213345 280694.272051 0.829405 -0.557267 0.039247 0.043943 -0.004956 -0.999022 -0.556916 -0.830319 -0.020377
-1.047165 -57.936290 -4445.736049 5917.928546 0.947731 -0.306165 0.089831 0.206745 0.374808 -0.903756 -0.243029 -0.875090 -0.418515
42.775843 -195.469457 -2521.982717 45512.743598 0.770488 -0.423699 0.476264 0.633284 0.423451 -0.647796 -0.072796 -0.800730 -0.594586
3.354166 -75.640926 645.014059 -1930.016049 -0.293332 0.698906 -0.652293 0.949880 0.135921 -0.281521 -0.108097 -0.702180 -0.703746
5.063816 -75.493405 637.804543 -1658.907765 -0.278988 0.694456 -0.663247 0.960279 0.197742 -0.196884 -0.005575 -0.691830 -0.722039
4.718990 -79.858986 401.507687 -1456.693819 -0.283143 0.692430 -0.663605 0.951532 0.289436 -0.103985 0.120069 -0.660884 -0.740821
4.499327 -21.607666 890.131079 489.084619 -0.397225 0.861523 0.316212 -0.063580 -0.369568 0.927026 -0.915516 -0.348133 -0.201577
7.829777 -20.398273 972.628144 -376.252977 -0.413507 0.786757 0.458286 0.046189 -0.484559 0.873538 -0.909329 -0.382382 -0.164029
4.654764 -19.472368 88.758666 280.321575 -0.434270 0.783022 0.445294 -0.006652 -0.497115 0.867659 -0.900758 -0.373836 -0.221090
5.361833 -23.026593 1952.657839 -305.436002 -0.381772 0.844583 0.375406 0.002646 -0.405170 0.914237 -0.924253 -0.350023 -0.152448
0.908620 -25.035720 1688.728407 162.558558 -0.371660 0.897404 0.237770 -0.103316 -0.294507 0.950048 -0.922602 -0.328529 -0.202172
3.654552 -35.497357 -154.855589 4898.086942 0.044514 0.946583 0.319374 -0.227870 -0.301643 0.925790 -0.972673 0.113987 -0.202271
5.993743 -37.136642 -187.668546 1357.511200 0.017218 0.926372 0.376216 -0.359228 -0.345416 0.866974 -0.933091 0.150075 -0.326831
2.282824 -32.737280 414.470726 4707.331707 0.035582 0.906301 0.421131 -0.185140 -0.408126 0.893955 -0.982068 0.109776 -0.153271
-10.648619 -26.114748 -241.252692 -460.466801 -0.040097 -0.337252 0.940560 -0.612987 0.751670 0.243390 -0.789075 -0.566792 -0.236871
-10.490822 -25.953993 -614.562573 -407.065654 -0.052354 -0.293684 0.954468 -0.664755 0.723497 0.186153 -0.745225 -0.624741 -0.233106
-11.723739 -28.302249 -485.449359 -488.841430 0.021674 -0.369561 0.928954 -0.583358 0.749921 0.311948 -0.811926 -0.548674 -0.199332
0.282914 -37.388880 499.491655 -303.951687 -0.408535 0.105323 0.906646 0.887539 -0.185975 0.421530 0.213010 0.976893 -0.017501
1.522522 -36.663190 12.670514 -981.425200 -0.385621 0.115475 0.915403 0.917251 -0.059264 0.393875 0.099733 0.991541 -0.083066
0.243699 -38.150202 425.245535 -54.084412 -0.425101 0.113746 0.897970 0.880720 -0.176935 0.439347 0.208857 0.977628 -0.024963
-0.843313 -40.806509 629.072895 -693.083827 -0.450937 0.120238 0.884420 0.834454 -0.294872 0.465550 0.316767 0.947942 0.032636
-4.376236 -67.617676 617.300702 -1796.964670 0.340899 -0.192557 -0.920168 0.718514 -0.577827 0.387109 -0.606239 -0.793119 -0.058625
-3.205859 -65.450646 109.865671 -1845.570069 0.324212 -0.200509 -0.924491 0.663968 -0.647878 0.373364 -0.673820 -0.734881 -0.076918
-3.758604 -63.238080 338.854758 1370.878184 -0.307398 0.183138 0.933792 -0.593592 0.730072 -0.338590 -0.743744 -0.658373 -0.115714
-5.505746 -65.076219 -726.999939 -1660.303200 0.323847 -0.207101 -0.923164 0.718235 -0.581319 0.382370 -0.615842 -0.786878 -0.039512
86.734312 -18792.638876 18727.848610 7926725.448132 0.680220 0.721624 0.128686 0.138521 0.045847 -0.989298 0.719800 -0.690766 0.068774
82.077345 -6663.250977 782059.157077 2692988.486072 0.045280 0.883257 -0.466698 -0.091759 -0.461525 -0.882369 0.994751 -0.082777 -0.060149
2227.993278 -9372.174808 1047567.039861 -3005654.658238 -0.010791 0.899286 0.437228 0.912873 0.187314 -0.362735 0.408101 -0.395219 0.822955
-216.138533 -1079.048509 7463.358857 -288721.520211 -0.302094 -0.878406 -0.370327 0.947666 -0.234637 -0.216505 0.103287 -0.416351 0.903318
-325.412992 -6875.375296 3413.533657 -2606739.018477 0.308023 0.945464 -0.105921 0.618588 -0.283620 -0.732741 0.722821 -0.160179 0.672214
-68.489758 -203.976291 12252.420109 27532.834900 0.877047 0.290777 0.382410 0.476827 -0.429942 -0.766672 0.058516 -0.854751 0.515730
-79.068762 -280.208067 12904.182668 69760.791395 0.860581 0.259202 0.438422 0.448812 0.020982 -0.893380 0.240765 -0.965595 0.098276
-42.640717 -277.032988 8591.903441 56666.205605 0.872840 0.371130 0.316880 0.407007 -0.195358 -0.892289 0.269250 -0.907798 0.321569
-99.886405 -237.556566 13082.639530 47955.096798 0.848485 0.100515 0.519587 0.527854 -0.231244 -0.817249 -0.038006 -0.967689 0.249264
-46.047383 -187.442773 9463.913660 -2572.495539 0.884809 0.354331 0.302593 0.465737 -0.652706 -0.597549 0.014226 -0.669645 0.742545
-97.504680 -197.167069 12994.584856 -5326.892170 0.835503 0.133512 0.533019 0.482983 -0.641017 -0.596510 -0.262033 -0.755825 0.600055
-73.731675 -240.723928 11453.105364 -37112.974762 0.893018 0.254899 0.370871 0.401452 -0.823640 -0.400567 -0.203360 -0.506601 0.837855
-75.859259 -175.946517 13811.919577 -15096.741691 0.753169 0.580972 0.308558 -0.527424 0.813641 -0.244567 -0.393141 0.021460 0.919228
-70.804869 -272.937034 9005.945261 57399.526071 0.642082 0.732386 0.226589 0.569962 -0.653701 0.497814 -0.512713 0.190491 0.837161
-122.414545 -247.508373 17550.130513 47505.344340 0.459134 0.846288 0.270171 0.669887 -0.529564 0.520397 -0.583479 0.057948 0.810058
-124.036877 -186.625980 22659.514919 14317.014845 0.835438 0.334757 0.435868 -0.334856 0.938927 -0.079293 -0.435792 -0.079709 0.896511
-7.827926 -22.883946 -301.233523 69.880345 0.565146 -0.125424 -0.815401 -0.543892 0.686521 -0.482566 -0.620315 -0.716211 -0.319767
-7.811881 -22.242325 -171.282664 -169.513021 0.464945 -0.038725 -0.884492 0.612031 -0.707822 0.352712 -0.639722 -0.705329 -0.305398
-8.991343 -22.595027 -55.555831 -493.358325 0.547389 -0.112979 -0.829217 -0.531078 0.718875 -0.448524 -0.646777 -0.685897 -0.333504
-8.707310 -23.946804 -7.880327 -287.009458 0.619650 -0.180155 -0.763923 -0.451691 0.714121 -0.534796 -0.641879 -0.676443 -0.361131
-42.607597 -47.214805 -4978.049183 289.066024 0.171189 0.922340 -0.346385 0.171117 -0.374066 -0.911479 0.970265 -0.096763 0.221864
-44.639416 -49.922764 -226.722306 -2606.033646 0.232668 -0.587701 -0.774902 0.125526 0.808250 -0.575304 0.964421 0.036585 0.261826
-39.077802 -46.645949 -4035.216009 -1000.399581 0.310829 0.660048 -0.683902 -0.134645 0.742865 0.655760 0.940880 -0.111745 0.319776
-41.609421 -64.569169 1029.986824 -836.378306 -0.491134 0.868107 -0.071954 0.521871 0.227098 -0.822239 0.697451 0.441381 0.564576
-38.630009 -62.521938 744.647988 -645.117716 -0.596154 0.799010 -0.078641 0.496387 0.289823 -0.818293 0.631032 0.526864 0.569397
-38.121245 -58.287393 840.582839 -3007.111349 -0.602545 0.797822 -0.020467 0.571587 0.413502 -0.708734 0.556980 0.438743 0.705179
-32.887677 -48.387010 -1558.401207 4060.246369 0.792508 -0.604095 -0.083666 -0.435907 -0.657046 0.615041 0.426515 0.450955 0.784043
-34.740986 -42.593825 -1877.515160 -5239.660152 0.767878 -0.622053 -0.153014 0.458183 0.700258 -0.547456 0.447696 0.350271 0.822726
19.835983 -33.766235 -434.489235 650.733765 -0.304677 -0.095305 0.947676 0.668781 0.687034 0.284106 -0.678162 0.720348 -0.145585
22.971032 -33.266755 -457.610656 728.985054 -0.316826 -0.089750 0.944228 0.742023 0.596621 0.305688 -0.590782 0.797489 -0.122429
21.640948 -32.437671 2687.504380 465.299598 -0.286053 -0.195251 0.938110 0.692238 0.634833 0.343210 -0.662555 0.747572 -0.046436
17.180606 -33.941836 -3698.502823 1013.449066 -0.342962 0.008612 0.939310 0.712762 0.653702 0.254251 -0.611839 0.756703 -0.230333
18.104890 -33.207141 2327.510583 555.952809 -0.280837 -0.180644 0.942602 0.633329 0.703056 0.323429 -0.721127 0.687808 -0.083037
13.779419 -34.922292 -2151.484463 526.442163 -0.331077 -0.005313 0.943589 0.630032 0.743185 0.225244 -0.702458 0.669065 -0.242705
15.514266 -33.828819 680.853896 -8.861691 -0.277307 -0.110577 0.954397 0.567489 0.782712 0.255573 -0.775279 0.612482 -0.154300
7.210420 -34.415241 568.763796 652.280398 -0.321454 0.241496 0.915613 0.830682 -0.392257 0.395096 0.454570 0.887589 -0.074514
11.416393 -34.309067 616.360310 574.811211 -0.274973 0.251390 0.928005 0.801228 -0.473598 0.365703 0.531435 0.844102 -0.071194
11.619143 -32.597497 1167.128993 -95.551976 -0.366460 0.263611 0.892309 0.757292 -0.472676 0.450651 0.540570 0.840884 -0.026414
7.032695 -31.626048 687.813995 704.419331 -0.397704 0.254442 0.881528 0.774636 -0.421773 0.471219 0.491702 0.870269 -0.029359
3.378167 -35.288791 879.166478 844.444953 -0.314160 0.219933 0.923544 0.882352 -0.291374 0.369536 0.350370 0.930984 -0.102520
5.853253 -37.388813 579.233393 786.065154 -0.240791 0.225354 0.944053 0.899599 -0.313304 0.304241 0.364338 0.922527 -0.127287
3.333529 -31.939481 706.434959 967.629087 -0.389882 0.242051 0.888484 0.817334 -0.353510 0.454967 0.424214 0.903572 -0.060009
79.977739 -24.709481 -11198.255516 1094.480687 0.665023 0.287855 -0.689118 -0.336406 0.939280 0.067708 0.666765 0.186796 0.721479
62.009005 -23.359672 -6068.140307 848.637111 0.599381 0.273406 -0.752324 -0.289851 0.950211 0.114396 0.746143 0.149495 0.648785
49.715714 -26.351845 -11806.875351 114.387414 0.718930 0.392679 -0.573535 -0.342176 0.918166 0.199716 0.605024 0.052668 0.794463
64.111115 -28.513947 -17941.216482 156.272220 0.777957 0.386222 -0.495596 -0.372462 0.918713 0.131293 0.506019 0.082451 0.858572
14.462054 -33.249770 -11236.199527 353.551703 0.722544 0.556376 -0.410336 -0.461079 0.830088 0.313625 0.515108 -0.037410 0.856308
7.056596 -35.432786 -206.198939 -595.229292 0.585498 -0.240585 0.774152 0.746786 0.531646 -0.399579 -0.315442 0.812078 0.490943
7.487026 -34.107829 -482.088091 -241.202349 0.601496 -0.245055 0.760362 0.723988 0.569556 -0.389161 -0.337703 0.784572 0.520003
7.396603 -33.366867 -264.024308 194.696975 0.594514 -0.239137 0.767702 0.705947 0.612320 -0.355955 -0.384957 0.753577 0.532851
6.212726 -34.684498 -197.909932 222.696378 0.592177 -0.225543 0.773600 0.715223 0.589349 -0.375665 -0.371191 0.775757 0.510312
-3.802293 -60.553816 -105.694365 -3286.002813 -0.334796 -0.804558 0.490508 0.915811 -0.155289 0.370373 -0.221816 0.573212 0.788813
-4.861613 -54.526009 23.377890 -1160.144518 -0.317540 -0.812121 0.489518 0.869760 -0.043801 0.491528 -0.377739 0.581843 0.720258
-3.529554 -56.194400 370.088884 -2523.639260 -0.291946 -0.825402 0.483197 0.897789 -0.062314 0.435996 -0.329762 0.561096 0.759229
-6.014091 -55.512529 -290.908646 -1901.513272 -0.354593 -0.797195 0.488614 0.877120 -0.102569 0.469191 -0.323920 0.594945 0.735606
1.506432 -74.061806 -640.507388 -3780.570830 0.409694 0.682861 -0.604857 -0.133461 -0.611055 -0.780256 0.902407 -0.400391 0.159210
1.137350 -85.408757 -308.824592 -5890.027861 0.390781 0.672308 -0.628722 -0.300677 -0.552334 -0.777509 0.869991 -0.492878 0.013694
1.358157 -82.881505 -576.184000 -3482.515562 0.401853 0.667764 -0.626583 -0.351865 -0.519126 -0.778909 0.845403 -0.533479 -0.026350
1.735305 -71.955737 -397.008288 -4216.553712 0.409502 0.682003 -0.605955 -0.174907 -0.593187 -0.785835 0.895386 -0.427787 0.123624
-10.108568 -32.292742 -3319.782191 474.875999 0.646656 0.016250 0.762608 0.760069 -0.097962 -0.642416 0.064267 0.995058 -0.075699
-12.751578 -41.381086 -1245.417105 3753.584159 0.635479 -0.041460 0.771005 0.770321 -0.034046 -0.636746 0.052649 0.998560 0.010302
-15.025685 -38.836088 163.145757 1396.661029 0.636107 -0.095975 0.765609 0.768173 -0.014656 -0.640074 0.072652 0.995276 0.064403
-16.893100 -36.949218 876.955985 -1268.253927 0.669138 -0.157783 0.726194 0.734026 -0.012230 -0.679012 0.116018 0.987398 0.107633
-14.598086 -33.629443 -974.551569 -310.694980 0.663916 -0.069660 0.744556 0.739929 -0.082953 -0.667551 0.108265 0.994116 -0.003530
-16.636331 -40.997016 1752.852100 1226.846643 0.654937 -0.174095 0.735356 0.751994 0.054110 -0.656945 0.074581 0.983241 0.166357
38.406249 -16.356436 161.719888 -131.365229 0.287073 0.863909 0.413824 -0.432916 0.502381 -0.748464 0.854502 -0.035713 -0.518220
41.939665 -14.768055 -258.806165 -205.090345 0.233344 0.826095 0.512949 -0.439912 0.560125 -0.701952 0.867195 0.061856 -0.494111
39.619982 -18.449053 -1281.351956 -565.999296 0.357059 0.838452 0.411713 -0.440118 0.539788 -0.717583 0.823896 -0.075017 -0.561754
34.796144 -20.687236 -1900.003580 -184.645280 0.389938 0.874498 0.288445 -0.437429 0.451553 -0.777660 0.810311 -0.177065 -0.558609
2.682844 -46.919729 25.978744 -2999.742284 0.404817 0.798951 -0.444747 0.248840 -0.564283 -0.787187 0.879887 -0.207996 0.427242
2.282975 -53.104279 -78.238342 -4434.034607 0.402824 0.813938 -0.418615 0.152760 -0.510736 -0.846058 0.902440 -0.276865 0.330073
1.961340 -53.322861 243.379257 -4897.620440 0.392283 0.818636 -0.419463 0.187141 -0.517506 -0.834965 0.900606 -0.249044 0.356209
2.161336 -46.006463 208.206719 -2600.540561 0.403964 0.799454 -0.444620 0.272614 -0.569168 -0.775713 0.873209 -0.192151 0.447865
2.570353 -41.259166 36.192131 70.162058 0.416974 0.771688 -0.480239 0.323658 -0.619793 -0.714914 0.849340 -0.142668 0.508201
2.726978 -40.680395 -55.055301 -350.058477 0.407611 0.782718 -0.470326 0.303256 -0.601854 -0.738788 0.861330 -0.158509 0.482687
-5.799271 -48.208176 -3599.350974 -2465.161369 0.980510 0.122340 0.153728 0.077817 0.476635 -0.875650 0.180399 -0.870547 -0.457826
-10.014449 -68.773537 266.476487 -4144.997178 0.945092 0.289084 -0.152419 -0.279364 0.472641 -0.835803 0.169578 -0.832491 -0.527449
22.136322 -34.513380 -10930.360527 6032.794648 0.957263 -0.074990 0.279328 0.254921 0.674966 -0.692414 0.136613 -0.734029 -0.665236
57.889215 -102.913627 15506.026576 3572.912074 0.793196 0.277044 0.542298 0.608912 -0.348884 -0.712395 0.008166 -0.895280 0.445429
14.404933 -90.947447 7419.019841 440.046973 0.719190 0.315200 0.619205 0.692401 -0.399334 -0.600928 -0.057857 -0.860919 0.505441
57.096002 -90.393090 20591.577653 2125.695057 0.723778 0.386739 0.571470 0.666739 -0.178594 -0.723577 0.177775 -0.904730 0.387116
21.845341 -97.868248 5645.012219 1172.116650 0.767593 0.235975 0.595917 0.605380 -0.572303 -0.553159 -0.210514 -0.785357 0.582150
113.229704 -95.688623 28372.439236 4380.232453 0.815113 0.236807 0.528691 0.565031 -0.123664 -0.815750 0.127795 -0.963654 0.234603
69.538327 -111.060295 9881.989448 8755.530496 0.838022 0.028898 0.544870 0.523561 -0.323759 -0.788076 -0.153633 -0.945698 0.286447
138.436331 -77.429148 -26580.715969 3780.501833 0.717330 -0.544735 0.434397 0.540964 0.042533 -0.839970 -0.439085 -0.837529 -0.325193
96.354425 -68.767076 -24905.233289 2407.528154 0.659994 -0.727945 0.185753 0.474791 0.212540 -0.854049 -0.582221 -0.651861 -0.485897
84.442670 -79.574411 -20367.563983 4730.603560 0.655101 -0.699044 0.286670 0.394075 -0.007588 -0.919047 -0.644630 -0.715038 -0.270505
5.782287 -19.095381 3136.826393 -188.511556 0.703289 0.203508 -0.681152 0.604922 0.331998 0.723773 -0.373435 0.921066 -0.110384
5.436489 -23.174113 5285.879262 -1300.837451 0.742084 0.183296 -0.644759 0.592024 0.271874 0.758678 -0.314355 0.944716 -0.093237
14.696609 -19.932804 2596.002111 -901.377967 0.741635 0.272650 -0.612894 0.553353 0.267804 0.788721 -0.379181 0.924090 -0.047741
10.292243 -16.733097 388.437934 -94.507304 0.730378 0.305055 -0.611138 0.529422 0.312500 0.788705 -0.431579 0.899603 -0.066740
7.140467 -17.606818 1920.911268 449.355828 0.666713 0.204891 -0.716599 0.622113 0.376504 0.686455 -0.410451 0.903473 -0.123555
-0.234812 -21.567583 -3361.792946 1006.108661 -0.570123 -0.113431 0.813691 0.709818 0.430679 0.557382 -0.413664 0.895349 -0.165024
4.031133 -183.202954 186.511197 1901.949241 -0.560111 0.797323 -0.224835 0.808376 0.466709 -0.358763 -0.181117 -0.382698 -0.905946
3.463537 -171.791348 524.076428 -1534.369922 -0.567919 0.793013 -0.220450 0.749228 0.387184 -0.537350 -0.340771 -0.470339 -0.814037
3.230782 -174.785631 -195.583341 6647.346256 -0.548925 0.797536 -0.250234 0.835360 0.512965 -0.197584 -0.029219 -0.317495 -0.947810
3.373717 -176.542833 338.823844 -4976.286316 -0.580300 0.789660 -0.199222 0.667315 0.320820 -0.672135 -0.466844 -0.522983 -0.713123
4.326207 -177.587685 -98.646381 7742.639626 -0.536105 0.808308 -0.243371 0.831932 0.554787 0.010010 0.143110 -0.197102 -0.969882
4.535190 -206.814798 -272.500345 9298.387276 -0.558085 0.799247 -0.223038 0.828653 0.522787 -0.200072 -0.043305 -0.296478 -0.954057
4.029120 -205.382386 -753.965639 -2962.351527 -0.580055 0.787034 -0.210031 0.721736 0.377022 -0.580475 -0.377668 -0.488295 -0.786724
-5.734389 -2617.840281 -32057.033215 -691198.184616 -0.178892 0.820278 -0.543269 -0.228989 -0.571725 -0.787841 0.956850 0.016536 -0.290112
289.750757 -1449.182480 77228.234356 54144.873712 -0.127387 0.921651 -0.366513 0.759106 -0.147240 -0.634097 0.638381 0.358998 0.680874
17.713197 -1404.797063 4841.081008 -368139.928640 -0.160132 0.932768 -0.322957 -0.246822 -0.354623 -0.901844 0.955739 0.064702 -0.287014
12.502814 -610.546978 6582.297120 -180475.415813 -0.081582 0.889621 -0.449354 -0.746340 -0.353338 -0.564030 0.660546 -0.289356 -0.692785
-355.429697 -772.705975 99260.850518 196095.077811 0.837993 0.462179 0.290101 0.166137 0.290300 -0.942403 0.519776 -0.837924 -0.166485
5.288605 -82.314444 395.174405 380.609278 -0.704242 -0.108630 -0.701600 -0.075263 0.994079 -0.078369 0.705959 -0.002386 -0.708248
6.310649 -78.698124 -77.852066 2134.887966 -0.679095 -0.108365 -0.726007 -0.151646 0.988418 -0.005685 0.718215 0.106236 -0.687663
6.125745 -81.641402 125.378840 542.608039 -0.689059 -0.108240 -0.716576 -0.242489 0.966225 0.087227 0.682932 0.233866 -0.692033
5.135628 -81.441044 1183.712386 -321.672692 -0.724843 -0.114846 -0.679274 -0.233532 0.968588 0.085438 0.648124 0.220562 -0.728895
-10.077845 -29.050333 -946.468947 -209.612870 0.365813 0.765675 -0.529076 -0.226015 0.624547 0.747568 -0.902828 0.153891 -0.401522
-6.199816 -24.188245 -877.634576 -3271.642039 0.361677 0.767288 -0.529584 -0.343275 0.637730 0.689538 -0.866806 0.067597 -0.494043
-7.758629 -27.475705 -460.732304 732.695480 0.325976 0.830499 -0.451675 -0.232860 0.533587 0.813056 -0.916251 0.159860 -0.367327
-3.922329 -27.582998 -643.003905 -3006.317129 0.297018 0.872048 -0.388990 -0.387266 0.482379 0.785707 -0.872815 0.082727 -0.480990
-10.864714 -22.495769 521.495947 987.701235 -0.598899 -0.193295 0.777147 0.360712 0.801305 0.477282 -0.714988 0.566169 -0.410176
-9.634657 -20.033281 273.090414 1155.994213 -0.557537 -0.152026 0.816113 0.440347 0.779227 0.445983 -0.703738 0.608025 -0.367504
-11.374493 -19.927615 654.645718 1012.330114 -0.578704 -0.132459 0.804709 0.450483 0.770608 0.450809 -0.679829 0.623392 -0.386283
-12.721514 -20.571523 781.470238 1002.284665 -0.607165 -0.129854 0.783893 0.436203 0.770128 0.465435 -0.664136 0.624533 -0.410952
-12.512250 -23.086144 615.997315 1108.170590 -0.625031 -0.179855 0.759598 0.360007 0.797010 0.484943 -0.692626 0.576565 -0.433407
3.511223 -32.358324 -799.705295 72.081019 0.547368 -0.195383 0.813765 0.836888 0.130919 -0.531488 -0.002694 0.971949 0.235175
2.998858 -33.949882 -346.074510 1620.102971 0.561621 -0.192171 0.804768 0.826341 0.179355 -0.533847 -0.041749 0.964833 0.259529
2.511008 -33.094025 -289.404405 328.930310 0.542767 -0.197596 0.816309 0.839854 0.135794 -0.525552 -0.007003 0.970833 0.239656
3.929216 -34.007863 -944.666021 1149.714099 0.557295 -0.191593 0.807907 0.829233 0.178082 -0.529774 -0.042373 0.965183 0.258120
471.726230 -2.807615 77122.644877 2417.705387 0.782861 -0.465449 -0.412898 -0.484458 -0.039584 -0.873918 -0.390421 -0.884189 0.256479
-53.373630 -1206.317426 -22077.928912 -393373.722197 0.618603 -0.541972 0.568855 0.024103 0.736757 0.675728 -0.785334 -0.404297 0.468823
-226.754160 -1393.034908 -44474.108088 406420.635742 0.898291 -0.411264 0.154712 0.168031 -0.003819 -0.985774 -0.406004 -0.911508 -0.065675
37.883451 -4100.993180 26986.195576 1275815.553145 0.724848 -0.504296 0.469342 0.486572 0.857055 0.169426 -0.487692 0.105560 0.866610
-10.644171 -122.986212 2545.397991 33106.812734 0.284588 -0.396298 0.872902 0.609806 0.777418 0.154136 -0.739693 0.488435 0.462909
-6.750033 -235.656849 2692.770796 59833.497060 0.310896 -0.400075 0.862139 0.438104 0.865300 0.243557 -0.843450 0.301986 0.444293
-3.913438 -138.119156 1513.754737 33325.097239 0.273959 -0.438135 0.856145 0.605010 0.770505 0.200711 -0.747602 0.462990 0.476163
-14.032921 -40.925585 2991.819242 5650.072472 0.128678 -0.569387 0.811936 0.676745 0.648888 0.347793 -0.724885 0.504721 0.468828
8.239928 -30.203359 -1809.227393 777.218684 -0.357340 0.203318 0.911575 0.831848 -0.374493 0.409614 0.424660 0.904664 -0.035308
7.036388 -27.840539 -1080.054188 835.526680 -0.360381 0.187830 0.913699 0.798161 -0.444852 0.406259 0.482768 0.875686 0.010398
10.296604 -29.436256 -892.167034 684.346406 -0.341873 0.171210 0.924018 0.836966 -0.391644 0.382233 0.427329 0.904047 -0.009404
-37.344562 -63.815824 273.149130 5844.628625 0.603338 0.507515 -0.615152 -0.548664 -0.295631 -0.782029 0.578750 -0.809339 -0.100090
-32.050011 -51.161803 -671.371508 -1909.221052 0.080391 0.306127 -0.948590 0.797965 0.550531 0.245292 0.597318 -0.776661 -0.200021
-39.923403 -57.881001 571.220924 -1896.060129 0.376385 0.443442 -0.813446 0.640859 0.509448 0.574249 0.669054 -0.737443 -0.092435
34.422255 -77.327529 -5363.618221 -1523.599220 0.648158 -0.005483 -0.761486 0.737398 -0.245098 0.629421 -0.190090 -0.969483 -0.154819
-33.221874 -46.800900 500.316903 1022.293559 -0.725407 0.659737 0.196296 -0.419454 -0.649809 0.633882 -0.545751 -0.377485 -0.748105
-32.967410 -46.747334 1677.368888 -428.716481 -0.760227 0.635909 0.132947 0.443276 0.657346 -0.609428 -0.474933 -0.404371 -0.781615
-33.331877 -44.584329 1423.715634 -1395.189231 -0.776878 0.603013 0.181207 0.331334 0.636233 -0.696725 -0.535424 -0.481230 -0.694074
29.737759 -56.474798 6314.634358 -249.839720 -0.382867 -0.323436 -0.865333 0.707162 0.500111 -0.499811 0.594420 -0.803292 0.037246
24.919330 -58.282222 4624.528366 1550.929034 -0.416577 -0.396791 -0.817937 0.568265 0.588630 -0.574970 0.709605 -0.704324 -0.019727
16.661809 -56.022909 2201.435420 -517.803626 -0.361445 -0.292402 -0.885358 0.659110 0.591504 -0.464432 0.659494 -0.751415 -0.021071
92.041584 -63.042416 21110.578592 1497.274545 -0.492191 -0.508765 -0.706333 0.640840 0.337378 -0.689565 0.589128 -0.792044 0.159982
19.185491 -55.517371 1782.206454 -1700.330458 -0.314491 -0.250349 -0.915653 0.769785 0.497166 -0.400321 0.555451 -0.830754 0.036361
37.420614 -52.984494 7079.061804 -1940.265922 -0.365860 -0.315270 -0.875644 0.802477 0.369659 -0.468383 0.471356 -0.874046 0.117754
-4.855346 -35.247338 2830.211375 -199.105395 0.072622 0.208688 0.975282 -0.680200 0.725526 -0.104596 -0.729420 -0.655791 0.194639
1.421044 -34.695666 3668.625560 249.141301 0.046298 0.250281 0.967066 -0.572989 0.799659 -0.179524 -0.818254 -0.545807 0.180431
-1.194595 -33.967162 2393.999592 769.608362 0.044477 0.224807 0.973388 -0.472954 0.862982 -0.177698 -0.879964 -0.452464 0.144706
-5.573265 -42.311666 4341.271449 -176.848945 0.404890 -0.045984 0.913208 -0.357055 0.911489 0.204206 -0.841769 -0.408747 0.352634
-12.130223 -39.541388 2948.676949 -545.606401 0.403498 -0.101999 0.909278 -0.455265 0.839638 0.296214 -0.793677 -0.533484 0.292356
-3.882844 -39.427551 3397.402878 -569.250994 0.385871 -0.016226 0.922410 -0.485032 0.846940 0.217801 -0.784760 -0.531441 0.318939
-15.181335 -41.281981 2576.435919 -102.704672 0.404498 -0.188056 0.894995 -0.338003 0.878597 0.337373 -0.849785 -0.438978 0.291828
-9.737319 -41.222742 3437.659758 -785.094708 0.413687 -0.159648 0.896312 -0.263181 0.921502 0.285604 -0.871550 -0.354043 0.339197
4.696191 -37.751952 -240.571915 503.296439 -0.210491 0.485441 0.848552 -0.063818 0.859324 -0.507434 -0.975510 -0.160963 -0.149900
8.061498 -38.149444 -501.104313 -470.903214 -0.217268 0.492609 0.842693 -0.205601 0.820852 -0.532851 -0.954213 -0.289030 -0.077064
14.712623 -63.016003 -561.913030 -6777.656408 0.495029 -0.073207 -0.865787 0.862301 0.163745 0.479191 0.106688 -0.983783 0.144185
14.130364 -71.195976 453.556066 -4803.821828 0.506892 0.060918 -0.859855 0.826169 0.250309 0.504767 0.245979 -0.966248 0.076551
14.959867 -63.503403 244.850992 -2601.527547 0.473608 0.038960 -0.879874 0.872807 0.112987 0.474807 0.117913 -0.992832 0.019507
6.369456 -67.123391 -42.421075 5702.492922 0.521186 0.118868 -0.845125 0.560765 0.698793 0.444108 0.643357 -0.705379 0.297544
8.237739 -73.312040 671.989402 3455.542845 0.526707 0.126274 -0.840616 0.654576 0.570658 0.495862 0.542318 -0.811421 0.217914
2.674449 -96.841217 441.363528 3635.642619 -0.329903 0.002813 0.944011 0.843091 0.450752 0.293292 -0.424690 0.892645 -0.151076
1.986365 -97.501654 219.700292 -1007.232882 -0.326474 -0.007348 0.945177 0.733606 0.628579 0.258282 -0.596017 0.777711 -0.199824
1.756279 -104.282110 478.509680 -912.633045 -0.327643 0.008316 0.944765 0.649169 0.728520 0.218718 -0.686462 0.684974 -0.244093
3.223144 -96.378409 427.716853 1623.887227 -0.332362 0.012959 0.943063 0.778768 0.567815 0.266657 -0.532030 0.823054 -0.198812
-6.039920 -25.989664 -743.465910 -1086.574414 0.255440 -0.209644 -0.943822 0.795082 0.600975 0.081695 0.550087 -0.771284 0.320197
0.060434 -71.495959 -284.182680 -1365.055774 -0.354684 0.696031 -0.624291 0.832629 -0.068627 -0.549562 -0.425356 -0.714724 -0.555195
-0.322024 -71.839887 -370.718127 -1068.739950 -0.345093 0.688829 -0.637515 0.845498 -0.066742 -0.529792 -0.407485 -0.721845 -0.559371
0.538621 -40.701050 -32.026893 -635.543852 -0.235629 0.294446 0.926164 -0.490535 0.786658 -0.374893 -0.838960 -0.542652 -0.040923
0.936359 -38.741967 -440.529323 -1116.619185 -0.246053 0.291308 0.924444 -0.470776 0.797789 -0.376700 -0.847247 -0.527894 -0.059158
-12.318689 -89.598673 -461.552449 -5906.859610 -0.535816 0.753949 -0.380081 -0.178851 0.338590 0.923780 -0.825175 -0.562954 0.046577
-15.547050 -94.254024 -1996.745966 3912.646188 -0.573171 0.738018 -0.356097 0.113035 0.501618 0.857673 -0.811602 -0.451341 0.370935
-16.415669 -99.021010 -916.794471 152.629646 -0.532819 0.756383 -0.379457 0.041711 0.471339 0.880965 -0.845201 -0.453568 0.282688
-11.949669 -100.560372 2659.783065 -4675.962472 -0.446936 0.786824 -0.425625 -0.020722 0.466556 0.884249 -0.894326 -0.404022 0.192216
-11.402563 -95.150481 1215.369525 -9596.738251 -0.484289 0.777223 -0.401731 -0.212589 0.340872 0.915758 -0.848687 -0.528895 -0.000148
-12.435998 -100.909215 1379.892898 6632.971438 -0.485670 0.753950 -0.442362 0.241996 0.602239 0.760754 -0.839978 -0.262425 0.474942
2.206289 -231.246673 1949.005541 16347.371982 0.712125 -0.614972 0.338654 0.251217 -0.227223 -0.940883 -0.655567 -0.755102 0.007319
-22.559688 -1355.908405 1074.659433 139159.123622 0.661382 -0.628175 0.409842 -0.450411 0.104297 0.886709 0.599754 0.771050 0.213957
-50.415600 -2346.926846 53181.617444 298839.826956 0.828287 -0.531376 0.177707 -0.556388 -0.742598 0.372801 0.066132 0.407660 0.910736
4.188537 -1911.515112 -1848.972778 510751.423577 0.777085 -0.548393 0.308875 -0.625547 -0.727121 0.282818 -0.069494 0.412989 0.908081
7.168946 -19.049034 -964.841175 -123.439162 -0.463104 0.681532 0.566612 0.096345 -0.596799 0.796586 -0.881052 -0.423492 -0.210718
7.189318 -33.026914 -280.017457 -1910.085175 0.044515 0.951959 0.302971 -0.425394 -0.256341 0.867945 -0.903913 0.167519 -0.393547
3.202920 -32.789191 -532.912057 3439.274190 0.062224 0.972613 0.223947 -0.274416 -0.199062 0.940782 -0.959596 0.119994 -0.254514
7.097656 -29.925144 -519.964107 -3404.163395 0.068556 0.980548 0.183919 -0.488805 -0.127696 0.862997 -0.869695 0.149064 -0.470542
11.898345 -28.812313 -242.843488 -7998.733085 0.037686 0.956263 0.290070 -0.606111 -0.208911 0.767454 -0.794486 0.204737 -0.571729
1.524562 -37.439040 256.821530 -429.738407 -0.405508 0.112046 0.907198 0.911044 -0.031426 0.411109 0.074573 0.993206 -0.089335
1.621941 -35.906693 -264.290507 -196.778196 -0.366557 0.121056 0.922487 0.929910 0.015638 0.367454 0.030056 0.992522 -0.118303
2.534870 -36.413323 81.586973 -125.499156 -0.377708 0.118722 0.918282 0.925610 0.022541 0.377807 0.024155 0.992672 -0.118404
-51.084614 -132.666483 8050.341639 40029.290354 0.896810 0.339217 0.284014 0.260338 0.114423 -0.958714 0.357709 -0.933723 -0.014305
-100.937780 -113.299539 -8519.677126 27902.715210 -0.629595 -0.081397 -0.772648 0.740954 0.236186 -0.628652 0.233659 -0.968293 -0.088390
-125.966030 -201.242197 -8782.708839 42642.652827 -0.671415 0.018495 -0.740851 0.741053 0.025593 -0.670959 0.006552 -0.999501 -0.030889
3.766818 -32.502121 225.988108 489.347175 0.317049 -0.069086 -0.945889 0.849218 0.464734 0.250703 0.422267 -0.882751 0.206013
4.418102 -32.762681 -179.440612 999.978151 0.288745 -0.103164 -0.951832 0.877026 0.427244 0.219746 0.383994 -0.898232 0.213842
