15636
31259
-39.571433 -62.641814 -1271.175863 10104.619039 0.271171 0.958278 0.090386 0.800862 -0.172536 -0.573456 0.533935 -0.227891 0.814235
-47.733568 -73.049629 -205.653016 6703.005805 0.230004 0.971768 0.052589 0.873077 -0.182169 -0.452273 0.429925 -0.149939 0.890328
-36.382325 -88.327936 -3159.895310 15094.608518 0.020532 0.965798 0.258481 0.898260 0.095697 -0.428918 0.438984 -0.240990 0.865573
-41.248505 -59.666337 -503.564850 6224.072656 0.528778 0.820581 -0.216888 0.658666 -0.557890 -0.504894 0.535306 -0.124120 0.835489
-28.153602 -72.440410 -4532.291738 15426.052984 0.150840 0.950789 0.270643 0.813004 0.036435 -0.581118 0.562381 -0.307690 0.767499
-29.862162 -46.391218 -4235.027175 6648.056145 0.391432 0.917719 0.067628 0.696031 -0.247199 -0.674117 0.601932 -0.310942 0.735522
-35.153434 -48.436381 -994.288225 4609.020566 0.607853 0.748387 -0.265390 0.533013 -0.632297 -0.562226 0.588568 -0.200294 0.783244
90.909814 -84.236943 -30890.553197 -7452.565738 0.665465 0.731011 -0.150929 -0.500838 0.287362 -0.816446 0.553459 -0.618908 -0.557347
88.548345 -70.512576 -30658.987005 -4280.702121 0.696063 0.711046 -0.099543 -0.374910 0.241716 -0.894995 0.612322 -0.660293 -0.434828
114.075439 -78.897822 -15541.933952 -4323.815261 0.538728 0.841215 0.046140 -0.379142 0.290988 -0.878395 0.752345 -0.455722 -0.475704
129.986625 -99.538898 -19071.796781 -8881.090356 0.501250 0.865265 0.008043 -0.544870 0.322838 -0.773882 0.672209 -0.383526 -0.633279
90.374024 -99.639560 -34071.699705 6734.970551 0.577609 0.782681 -0.231900 0.706029 -0.336398 0.623184 0.409744 -0.523685 -0.746903
38.889530 -97.535586 -47980.940894 -35546.430853 0.190920 0.915123 0.355106 0.659047 -0.387601 0.644533 -0.727466 -0.110978 0.677110
76.127987 -132.230569 -31575.323151 -60513.714642 0.189121 0.965712 0.177857 0.563238 -0.255051 0.785946 -0.804361 0.048463 0.592162
72.653933 -120.682645 -26932.222690 -40928.875083 0.361802 0.907179 0.214768 0.654254 -0.411195 0.634721 -0.664117 0.089131 0.742297
90.679958 -376.436569 21569.574967 -207821.802470 0.508361 0.861079 0.010620 0.472957 -0.289486 0.832171 -0.719639 0.418020 0.554417
29.991746 -81.239931 -38682.651183 -3432.707926 0.277592 0.906920 0.316920 0.801227 -0.400570 0.444499 -0.530074 -0.130535 0.837844
21.988504 -16.828401 -4317.665205 -2850.863862 -0.438642 0.889692 0.126654 0.753184 0.287084 0.591858 -0.490211 -0.355008 0.796029
22.065029 -15.624819 -3403.755447 720.733764 -0.443048 0.888263 0.121232 0.748142 0.291827 0.595919 -0.493955 -0.354720 0.793841
23.511893 -16.082456 -685.850831 -1968.215546 -0.423180 0.902777 0.076896 0.746551 0.299337 0.594187 -0.513401 -0.308855 0.800642
84.472817 -46.135851 6528.018253 -2647.615639 -0.231629 0.894115 0.383284 0.526451 0.446530 -0.723505 0.818045 -0.034196 0.574137
74.034641 -49.558544 -8034.211062 -671.563165 -0.029670 0.874815 0.483547 0.425139 0.448867 -0.785987 0.904641 -0.182254 0.385237
80.840133 -45.239532 -3059.487365 -3153.198078 -0.068594 0.882378 0.465514 0.566426 0.418558 -0.709909 0.821253 -0.214984 0.528513
88.372559 -44.491471 18131.098770 -943.925175 -0.211602 0.901060 0.378570 0.593575 0.426203 -0.682656 0.776462 -0.080258 0.625032
77.865727 -45.609767 -5101.732959 -647.438672 -0.039304 0.875924 0.480845 0.620773 0.398491 -0.675163 0.783005 -0.271959 0.559412
1.930359 -54.013289 -528.355178 -225.284253 0.637631 0.751858 -0.167742 0.440679 -0.534610 -0.721106 0.631846 -0.385879 0.672212
1.760175 -53.378056 -347.171391 771.048078 0.634260 0.754662 -0.167927 0.311191 -0.448037 -0.838107 0.707725 -0.479320 0.519016
1.610279 -55.020681 -102.548977 93.487660 0.633986 0.754181 -0.171094 0.427509 -0.526146 -0.735123 0.644436 -0.392914 0.655988
1.531913 -53.802657 -31.202362 -695.397198 0.640400 0.746688 -0.179848 0.539350 -0.603922 -0.586839 0.546800 -0.278811 0.789477
0.799316 -55.020424 -151.071995 -687.130433 0.643081 0.745011 -0.177215 0.542709 -0.606638 -0.580911 0.540290 -0.277396 0.794442
63.672453 -58.080246 -3650.098496 316.571337 0.346880 0.889941 -0.296107 -0.585163 -0.041377 -0.809859 0.732979 -0.454195 -0.506408
51.483951 -56.706641 -5544.454046 -93.060619 0.464905 0.804241 -0.370216 -0.560353 -0.056461 -0.826327 0.685469 -0.591616 -0.424409
60.430435 -66.856998 -1890.677599 8402.995344 0.355277 0.901883 -0.245735 -0.528765 -0.022884 -0.848460 0.770835 -0.431374 -0.468754
68.660460 -70.713960 -1092.396224 7847.150388 0.252628 0.954824 -0.156490 -0.547430 0.007691 -0.836816 0.797809 -0.297071 -0.524643
-8.821708 -92.068078 -472.197450 -1480.191216 0.196818 0.940923 0.275547 0.618471 0.098922 -0.779556 0.760760 -0.323849 0.562464
-9.780171 -92.403724 -534.582149 -6.454463 0.205943 0.942097 0.264652 0.420886 0.158879 -0.893091 0.883426 -0.295314 0.363796
-10.257407 -91.435472 -200.778055 -1225.064844 0.144014 0.952245 0.269237 0.580486 0.139054 -0.802309 0.801434 -0.271832 0.532739
-9.233875 -90.481952 -275.266087 -390.922908 0.133535 0.950211 0.281546 0.756187 0.085937 -0.648687 0.640585 -0.299524 0.707062
-10.688017 -88.826255 97.737287 -1455.639990 0.086971 0.956977 0.276824 0.614392 0.167213 -0.771078 0.784193 -0.237141 0.573416
-11.860202 -90.983197 210.770898 -1422.872046 0.084620 0.956634 0.278732 0.432343 0.216780 -0.875264 0.897730 -0.194572 0.395250
-7.234761 -101.687726 1507.125615 2280.320559 -0.050613 0.926832 0.372049 -0.234706 0.351055 -0.906462 0.970748 0.133201 -0.199765
3.697706 -103.481023 3064.403705 3511.660183 -0.080637 0.927112 0.366006 -0.260453 0.334845 -0.905562 0.962113 0.168350 -0.214468
-6.406179 -102.570423 1474.967163 1110.285944 -0.053434 0.933520 0.354520 -0.019799 0.353967 -0.935048 0.998375 0.056982 0.000431
-11.518747 -99.814833 879.898611 -53.918055 -0.010106 0.939310 0.342921 0.002562 0.342962 -0.939346 0.999946 0.008614 0.005873
-12.733690 -99.852931 1116.189499 213.184281 -0.012909 0.934928 0.354602 -0.203524 0.344751 -0.916365 0.978985 0.083999 -0.185830
855.092160 -47.714614 -324698.334464 754.660370 -0.239645 0.763122 -0.600178 -0.061678 0.604977 0.793851 -0.968899 -0.227261 0.097912
800.979167 -41.732448 -275475.818516 3617.207993 -0.307107 0.799659 -0.515976 0.130172 0.572378 0.809592 -0.942730 -0.181465 0.279874
2124.948414 -139.184014 -824674.984119 26766.791837 -0.592555 0.708899 -0.382544 0.107746 0.540382 0.834493 -0.798291 -0.453266 0.396587
-6.541088 -48.887162 -979.939251 -1121.131061 0.400462 0.806821 -0.434361 -0.048784 0.492132 0.869153 -0.915014 0.326873 -0.236439
-3.379409 -49.707997 -405.597461 -1351.345075 0.399492 0.821840 -0.406184 -0.090359 0.476218 0.874672 -0.912272 0.312722 -0.264506
-7.171826 -54.618366 -773.366002 -2102.439026 0.406442 0.835458 -0.369885 0.066802 0.376576 0.923974 -0.911231 0.400251 -0.097246
-11.404639 -53.346112 -1260.949260 -1799.747650 0.418261 0.813349 -0.404378 0.101932 0.400349 0.910676 -0.902589 0.422119 -0.084544
-9.499452 -62.237379 -988.056989 -2276.229836 0.412115 0.852868 -0.320591 0.233015 0.241503 0.942009 -0.880832 0.462918 0.099204
-5.829861 -63.474427 -635.061504 -2302.377044 0.398746 0.867395 -0.297704 0.205670 0.231775 0.950779 -0.893701 0.440348 0.085977
-0.521603 -104.945347 -893.798849 4542.972257 0.558891 0.153500 0.814910 -0.229658 0.972930 -0.025758 -0.796805 -0.172755 0.579014
0.502146 -116.794379 -767.956554 8754.861365 0.565483 0.133828 0.813830 -0.329864 0.941088 0.074449 -0.755922 -0.310553 0.576314
-0.583004 -106.751458 514.131529 3865.882816 0.579403 0.139552 0.803005 -0.259364 0.965586 0.019336 -0.772672 -0.219474 0.595658
-1.860545 -98.317829 500.707809 3748.774569 0.577374 0.143630 0.803748 -0.146610 0.986643 -0.070996 -0.803209 -0.076847 0.590719
-1.520092 -109.819675 1070.208969 2656.394356 0.589872 0.123288 0.798029 -0.215651 0.976433 0.008551 -0.778168 -0.177140 0.602558
6.307012 -229.415022 2211.895409 -20696.326986 0.514146 -0.041290 0.856708 0.681307 0.626431 -0.378689 -0.521033 0.778382 0.350208
5.592445 -208.696430 4761.633288 -13533.254749 0.563455 -0.039203 0.825216 0.500246 0.811126 -0.303033 -0.657474 0.583556 0.476644
9.141105 -284.743603 4533.289302 -35971.405697 0.531241 -0.054288 0.845480 0.583276 0.747222 -0.318511 -0.614470 0.662354 0.428620
8.442921 -269.297676 2790.283377 -16117.145009 0.500555 -0.057206 0.863812 0.765826 0.494539 -0.411024 -0.403676 0.867271 0.291354
5.506786 -234.925352 861.109176 -9853.060598 0.481121 -0.051925 0.875115 0.834945 0.331390 -0.439373 -0.267190 0.942064 0.202793
-0.573736 -137.257655 1656.099476 -28615.373149 -0.527021 -0.023750 -0.849520 -0.369891 0.906372 0.204131 0.765134 0.421811 -0.486462
8.673992 -143.014133 4218.924066 -37611.292479 -0.523328 -0.037061 -0.851325 -0.295861 0.944806 0.140742 0.799121 0.325528 -0.505409
4.569816 -188.329986 2274.721108 -41647.138855 -0.483387 -0.069877 -0.872613 -0.514589 0.829085 0.218667 0.708191 0.554738 -0.436727
62.593813 -67.874107 9578.374748 16231.540448 -0.334889 -0.212245 -0.918042 0.355931 0.873620 -0.331814 0.872446 -0.437881 -0.217021
63.224468 -90.149365 8352.557559 19980.437358 -0.341694 -0.224616 -0.912575 0.442964 0.817904 -0.367173 0.828872 -0.529698 -0.179976
61.434909 -69.106105 37.314162 11665.951232 -0.243221 -0.285886 -0.926883 0.371898 0.855066 -0.361324 0.895844 -0.432587 -0.101649
62.325067 -57.663857 2289.247797 12457.662456 -0.252813 -0.257770 -0.932545 0.325714 0.884920 -0.332907 0.911041 -0.387906 -0.139760
-13.177498 -2704.058626 -13311.496730 923877.317614 0.326705 -0.145309 0.933889 0.938115 -0.070279 -0.339118 0.114909 0.986887 0.113357
23.772012 -2848.203814 -16510.241491 62757.805266 0.288469 -0.079776 0.954160 0.190004 0.981475 0.024616 -0.938448 0.174193 0.298283
85.883468 -2763.472985 -48440.825802 2284795.656261 0.296682 -0.115521 0.947963 0.907278 0.343893 -0.242041 -0.298037 0.931876 0.206837
-194.755957 -6465.213434 -15504.437139 1989461.301546 -0.300371 0.227517 -0.926290 -0.638400 0.673584 0.372463 0.708676 0.703221 -0.057078
-10.378264 -48.296689 2840.852264 -5811.785136 -0.276965 -0.148381 -0.949354 -0.216612 0.972214 -0.088759 0.936146 0.181059 -0.301410
-4.242507 -53.641847 2603.929787 -6410.654251 -0.300217 -0.115064 -0.946906 -0.238112 0.970311 -0.042414 0.923673 0.212736 -0.318702
-5.121913 -51.283998 2741.142547 1669.683911 -0.276632 -0.179704 -0.944024 -0.357947 0.930937 -0.072322 0.891823 0.317904 -0.321852
-11.766103 -47.386606 2876.614782 -1936.027038 -0.239691 -0.236163 -0.941688 -0.320562 0.934815 -0.152846 0.916400 0.265234 -0.299771
-16.853558 -40.869577 1646.184438 -4581.006476 -0.206188 -0.261017 -0.943057 -0.215655 0.952190 -0.216395 0.954452 0.158757 -0.252620
-19.444571 -34.344407 1126.375104 767.299761 -0.444047 0.779057 0.442596 -0.048695 0.472254 -0.880116 0.894679 0.412366 0.171767
-19.097298 -35.158574 1155.873242 -107.001923 -0.450943 0.796333 0.403118 0.070239 0.481906 -0.873403 0.889785 0.365540 0.273246
-23.459410 -34.032200 1392.671012 442.983704 -0.389328 0.825530 0.408564 -0.004351 0.441908 -0.897050 0.921089 0.351025 0.168455
-21.270705 -30.740546 1397.619189 1585.070758 -0.419882 0.781245 0.461904 -0.136885 0.448605 -0.883185 0.897197 0.434061 0.081420
-26.915743 -33.660431 1150.016532 -43.556098 -0.307568 0.908553 0.282724 0.085622 0.322348 -0.942741 0.947666 0.265750 0.176936
-28.907029 -31.997664 1105.186026 983.769054 -0.299852 0.920618 0.250102 -0.010674 0.258911 -0.965842 0.953926 0.292279 0.067808
-25.324789 -30.685034 1628.317310 1449.696706 -0.363139 0.815433 0.450776 -0.120972 0.438444 -0.890580 0.923848 0.377935 0.060571
9.241832 -121.511971 -1444.987810 -1632.236015 0.350157 0.923855 0.154538 0.084903 0.133000 -0.987473 0.932835 -0.358892 0.031867
5.356638 -120.185243 -1072.745696 -8829.429473 0.365375 0.908409 0.203211 0.156354 0.155311 -0.975414 0.917635 -0.388165 0.085287
11.761700 -118.661129 -1373.339546 1639.348503 0.340054 0.922918 0.180514 0.261382 0.091631 -0.960876 0.903351 -0.373933 0.210074
8.622965 -103.524554 -2732.435327 17516.460975 0.000199 -0.391868 0.920021 0.803190 -0.548016 -0.233592 0.595723 0.738998 0.314635
3.563021 -171.765005 -4614.263759 43058.698556 -0.127810 -0.320520 0.938580 0.862105 -0.503776 -0.054641 0.490347 0.802170 0.340709
2.340362 -77.992812 -1650.349945 7109.590594 0.106912 -0.433287 0.894892 0.824508 -0.464368 -0.323340 0.555659 0.772415 0.307602
17.975455 -219.164431 -4560.489977 52982.506284 -0.147927 -0.350290 0.924886 0.877952 -0.477052 -0.040258 0.455321 0.806051 0.378107
8.385361 -80.331838 -1858.153608 -5705.779370 0.175102 -0.429184 0.886082 0.769782 -0.501419 -0.394988 0.613821 0.751252 0.242578
13.753577 -85.199018 -1675.709031 1358.855202 0.082361 -0.426473 0.900743 0.735682 -0.583689 -0.343626 0.672301 0.690961 0.265675
22.108152 -133.423819 -3505.808371 24145.947355 -0.071866 -0.408771 0.909803 0.798969 -0.569623 -0.192818 0.597063 0.713047 0.367531
-82.474136 -255.592083 -12386.648956 -15456.111472 0.251046 -0.135284 -0.958475 0.946735 -0.171975 0.272245 -0.201664 -0.975768 0.084904
-138.964440 -484.696543 -15003.384247 114187.401147 0.473804 -0.148881 -0.867954 0.801873 -0.334474 0.495104 -0.364019 -0.930571 -0.039091
-153.935898 -255.918754 -37548.075516 21053.723831 0.327885 -0.060821 -0.942758 0.927379 -0.169591 0.333477 -0.180165 -0.983636 0.000797
-43.338869 -51.641242 -3343.427114 -1238.410651 0.249319 0.878568 0.407380 -0.787519 -0.060886 0.613276 -0.563608 0.473720 -0.676709
-38.798523 -51.895595 -104.072201 -2313.467701 0.170250 0.911085 0.375418 -0.814489 -0.084327 0.574018 -0.554637 0.403501 -0.727712
-38.620562 -51.799437 -2544.331743 -1964.838677 0.159521 0.898673 0.408584 -0.752184 -0.157404 0.639878 -0.639354 0.409404 -0.650858
-41.763773 -51.777401 -4257.456737 -1747.698393 0.192131 0.869235 0.455540 -0.731761 -0.182411 0.656698 -0.653920 0.459518 -0.601025
-47.660817 -51.501783 -2864.124671 -2439.599938 0.086678 0.768796 0.633593 -0.760411 -0.359832 0.540644 -0.643632 0.528653 -0.553411
-50.717776 -51.939305 -164.476913 -2617.554665 -0.530552 0.297645 0.793676 0.635466 0.759325 0.140030 -0.560979 0.578648 -0.592005
-48.717103 -53.896564 -4427.157581 -2987.288922 0.105566 0.817547 0.566104 0.862237 0.208344 -0.461671 -0.495382 0.536852 -0.682925
-3.355465 -36.198391 4645.505311 3291.992440 0.130294 0.983333 0.126805 -0.889448 0.059418 0.453158 -0.438071 0.171831 -0.882365
-13.199825 -35.819437 2975.889598 2659.989563 0.103487 0.989107 0.104678 -0.906979 0.050644 0.418120 -0.408264 0.138211 -0.902340
-6.392704 -29.950998 5114.156392 3599.109192 0.217211 0.973071 0.077143 -0.841326 0.146556 0.520281 -0.494965 0.177914 -0.850503
4.583886 -30.444133 6242.886950 3949.510630 0.200499 0.974678 0.099009 -0.832011 0.116045 0.542487 -0.517261 0.191145 -0.834209
1.551278 -23.821441 6010.848126 2804.982980 0.322789 0.946325 0.016644 -0.768593 0.251822 0.588090 -0.552333 0.202621 -0.808624
-8.905422 -23.016778 5013.165634 2499.921484 0.406762 0.911537 -0.060376 -0.740558 0.367719 0.562455 -0.534901 0.184073 -0.824620
27.848017 -11.624359 7660.888789 -8504.690438 -0.195201 -0.703819 -0.683034 -0.114793 0.708040 -0.696779 0.974022 -0.057604 -0.219004
41.093008 -16.430689 -382.483457 -11258.264298 0.016658 0.751207 0.659856 -0.102846 0.657735 -0.746195 0.994558 0.055434 -0.088215
34.523847 -28.417899 -1943.182269 -3604.009181 -0.006090 0.820530 0.571571 -0.207044 0.558161 -0.803485 0.978313 0.123234 -0.166487
45.934284 7.767689 1773.959691 -15904.722220 -0.112072 -0.620580 -0.776093 -0.030604 0.782798 -0.621523 0.993229 -0.045904 -0.106722
168.229965 -45.200819 70272.306673 -576.947952 -0.081532 0.941952 0.325697 0.788324 -0.139002 0.599353 -0.609835 -0.305621 0.731230
160.288119 -36.948750 18758.505382 382.464893 -0.224351 0.813793 0.536104 0.793429 -0.166870 0.585342 -0.565807 -0.556682 0.608249
140.062589 -41.791476 51065.336200 464.685335 -0.135526 0.919855 0.368104 0.703495 -0.172274 0.689504 -0.697658 -0.352405 0.623766
76.335659 -46.461476 43231.389591 254.951736 -0.098976 0.973721 0.205111 0.692575 -0.080599 0.716829 -0.714523 -0.213004 0.666398
111.349408 -41.393362 34148.943391 -105.929381 -0.173670 0.886550 0.428798 0.600187 -0.249925 0.759811 -0.780778 -0.389315 0.488691
66.423961 -43.507471 31682.892083 -115.576075 -0.135232 0.955970 0.260450 0.580255 -0.136661 0.802887 -0.803129 -0.259704 0.536225
-0.692585 -73.072129 419.905816 4279.169445 0.657525 -0.746067 0.105097 0.623961 0.461026 -0.630974 -0.422296 -0.480457 -0.768652
0.847577 -67.697375 -179.487178 4879.387533 -0.643118 0.757368 -0.113108 0.708268 0.532149 -0.463869 -0.291129 -0.378434 -0.878653
0.643303 -75.419804 423.991491 3213.553408 0.662180 -0.742110 0.103879 0.599464 0.441439 -0.667664 -0.449624 -0.504385 -0.737180
-0.888691 -79.713904 765.982292 990.650306 0.670741 -0.735352 0.096761 0.478351 0.329194 -0.814133 -0.566821 -0.592358 -0.572560
-2.593193 -77.776061 480.572409 2109.713299 0.660654 -0.744625 0.095239 0.510081 0.352193 -0.784715 -0.550775 -0.567005 -0.612497
4.145245 -117.980704 2203.196516 -2039.472852 -0.560612 0.820005 0.115348 -0.526844 -0.460665 0.714299 -0.638866 -0.339674 -0.690270
10.877513 -114.004506 2799.807383 -1539.797023 -0.582077 0.799402 0.148803 -0.510104 -0.501500 0.698779 -0.633230 -0.330838 -0.699690
1.462472 -112.118562 1656.210630 -5986.855894 -0.569624 0.814792 0.107897 -0.694059 -0.547173 0.467849 -0.440239 -0.191611 -0.877197
-3.742183 -114.958027 748.846197 -6183.814125 -0.560913 0.824995 0.068988 -0.709079 -0.521764 0.474309 -0.427298 -0.217128 -0.877651
-0.293162 -99.817470 1369.759413 -6489.628768 -0.565672 0.818830 0.097639 -0.795114 -0.572983 0.198707 -0.218652 -0.034769 -0.975183
-4.898980 -102.076266 950.045442 -6389.960659 -0.553518 0.829551 0.073906 -0.804860 -0.555621 0.208531 -0.214051 -0.055941 -0.975219
10.076583 -76.340113 -718.170989 1258.859510 -0.464938 0.877669 -0.116314 -0.848443 -0.479232 -0.224679 0.252935 0.005776 -0.967466
8.107513 -73.429024 -1445.977697 2767.275383 -0.430986 0.890597 -0.145215 -0.863419 -0.453777 -0.220439 0.262218 -0.030375 -0.964531
11.680500 -72.907047 -1723.082189 -2296.857220 -0.427329 0.894174 -0.133576 -0.786142 -0.440466 -0.433556 0.446510 0.080261 -0.891172
-4.502106 -123.486166 -895.976947 9242.325610 -0.566695 0.821882 -0.058028 0.819205 0.554518 -0.146334 -0.088092 -0.130463 -0.987532
-1.778316 -108.843054 -1196.079142 -6771.422500 -0.580392 0.811751 -0.064848 -0.812954 -0.582205 -0.011919 0.047431 -0.045801 -0.997824
-2.452946 -131.705609 -967.176097 13359.687489 -0.589229 0.805498 -0.063110 0.800492 0.571396 -0.180884 -0.109641 -0.157101 -0.981477
-4.652001 -108.726211 -713.767411 -5886.205469 -0.558591 0.828035 -0.048325 -0.827044 -0.560457 -0.043430 0.063046 -0.015707 -0.997887
-5.283861 -144.350350 -609.997420 -14241.329400 -0.578651 0.814122 -0.048675 -0.776453 -0.531649 0.338333 -0.249566 -0.233570 -0.939767
-6.430145 -134.943216 -369.607973 -9703.443086 -0.559174 0.828121 -0.039238 -0.793914 -0.521243 0.313061 -0.238800 -0.206207 -0.948922
-5.846421 -119.835515 -370.525340 7296.155013 -0.548868 0.834871 -0.041638 0.832182 0.541044 -0.121428 -0.078849 -0.101298 -0.991727
36.143124 -24.048110 -6615.392007 1608.714591 -0.587823 0.791280 -0.168344 -0.010034 0.200944 0.979551 -0.808927 -0.577492 0.110180
47.277024 -21.231926 -3522.694598 2286.599928 -0.452448 0.891072 0.035798 0.071383 -0.003827 0.997442 -0.888929 -0.453846 0.061876
28.837327 -13.680220 -3310.374455 1857.563302 -0.520950 0.841653 -0.142237 0.040420 0.190772 0.980802 -0.852630 -0.505199 0.133402
20.204000 -28.435749 -1086.969747 -2146.534057 -0.560271 0.666627 -0.491634 -0.134432 0.512489 0.848106 -0.817327 -0.541261 0.197517
-0.726178 -52.931458 5724.583215 846.000149 -0.209719 0.938422 0.274558 0.973161 0.227542 -0.034383 -0.094739 0.259978 -0.960956
-2.039110 -53.172639 5170.438042 -180.975411 -0.216999 0.938744 0.267715 -0.949260 -0.266878 0.166376 -0.227631 0.218028 -0.949025
9.408836 -52.030818 4333.198173 1089.999508 -0.214259 0.945495 0.245218 0.970628 0.234216 -0.054988 -0.109425 0.226234 -0.967907
17.562354 -40.247284 3285.257518 -1712.894024 -0.242777 0.946747 0.211494 -0.519421 0.057265 -0.852597 0.819305 0.316846 -0.477858
11.997034 -41.796463 805.293568 -272.910880 -0.289755 0.942343 0.167424 -0.507551 -0.002982 -0.861617 0.811439 0.334634 -0.479151
12.696168 -43.432065 3295.525427 -2753.519212 -0.259384 0.946498 0.191995 -0.572698 0.009332 -0.819714 0.777648 0.322576 -0.539636
16.163101 -41.542294 2285.067214 992.218423 -0.270167 0.936783 0.222366 -0.462087 0.076460 -0.883532 0.844681 0.341454 -0.412218
18.408168 -44.077447 3840.866096 -3304.410030 -0.208833 0.952555 0.221423 -0.597019 0.055151 -0.800329 0.774569 0.299329 -0.557176
21.123659 -39.176183 2037.826675 -2641.362075 -0.182560 0.956714 0.226649 -0.536313 0.096306 -0.838506 0.824039 0.274633 -0.495517
21.436094 -38.006192 3143.848159 -735.835986 -0.215977 0.943137 0.252677 -0.470440 0.126251 -0.873354 0.855594 0.307494 -0.416422
-10.864699 -165.603824 2674.447485 9112.713617 -0.450939 0.826546 -0.336861 0.738576 0.557462 0.379133 -0.501159 0.077832 0.861848
-10.049578 -162.230217 2271.991455 7243.692700 -0.407274 0.856006 -0.318404 0.717791 0.515569 0.467937 -0.564716 0.037969 0.824411
-17.033717 -182.451929 411.441568 3802.571089 -0.458766 0.826634 -0.325898 0.575136 0.555827 0.600229 -0.677313 -0.087929 0.730422
-3.689182 -143.090425 2565.107143 11824.527394 -0.379544 0.874643 -0.301572 0.826240 0.467104 0.314867 -0.416261 0.129665 0.899952
-18.923873 -181.271976 1084.955426 514.738663 -0.490258 0.809843 -0.322184 0.557566 0.575534 0.598232 -0.669901 -0.113649 0.733701
3.449058 -127.700411 2293.333327 23579.561347 -0.378483 0.874662 -0.302849 0.888834 0.434751 0.144798 -0.258313 0.214379 0.941975
-16.400461 -181.082886 2418.773023 5084.432390 -0.511196 0.792933 -0.331567 0.620094 0.607398 0.496539 -0.595115 -0.048226 0.802192
-10.563855 -162.945753 2815.737520 14989.419464 -0.517366 0.781829 -0.347961 0.740059 0.612928 0.276823 -0.429704 0.114293 0.895707
0.189158 -135.756601 -1660.019224 32146.098907 0.468355 -0.819327 0.330677 0.854540 0.515162 0.066103 -0.224512 0.251617 0.941426
-7.900518 -118.196243 -864.913884 -2178.485799 -0.658408 0.726405 -0.197064 0.703127 0.687034 0.183294 -0.268535 0.017878 0.963104
-11.719836 -118.241247 -978.971385 -235.244251 -0.664638 0.713862 -0.220583 0.700960 0.697952 0.146691 -0.258674 0.057124 0.964274
-7.762637 -113.785291 -1544.770636 -921.889240 -0.662340 0.724640 -0.190269 0.644565 0.680603 0.348303 -0.381892 -0.108054 0.917868
-3.816240 -112.951733 -1832.854397 -4780.438115 -0.660970 0.732409 -0.163391 0.640579 0.664102 0.385521 -0.390867 -0.150152 0.908117
-4.484452 -120.394947 -1652.784591 -4268.952468 -0.648791 0.743263 -0.163190 0.711979 0.668603 0.214606 -0.268618 -0.023046 0.962971
-24.551420 -31.887451 2186.108871 -2431.230131 -0.643303 0.761274 -0.081380 -0.142163 -0.223222 -0.964345 0.752297 0.608797 -0.251824
-22.759938 -37.624677 -715.043428 -3419.274918 -0.668013 0.707592 -0.230373 -0.032958 -0.337407 -0.940782 0.743419 0.620862 -0.248713
-24.759065 -30.981513 2194.426944 105.499993 -0.619327 0.521142 -0.587235 -0.262258 0.567668 0.780368 0.740037 0.637310 -0.214899
-20.865770 -38.653987 331.288348 -6493.321747 -0.627536 0.778313 -0.020672 -0.213350 -0.197432 -0.956819 0.748786 0.596028 -0.289948
-27.056597 -29.475744 1114.575027 2400.587787 -0.244525 -0.047889 -0.968460 -0.614819 0.779992 0.116665 0.749804 0.623955 -0.220170
-24.793870 -31.071940 -845.632385 2084.210920 -0.456368 0.784116 0.420583 -0.431294 0.218501 -0.875353 0.778276 0.580878 -0.238468
18.102808 -62.972074 -1746.936992 6279.780470 -0.079391 0.933646 -0.349289 0.437641 0.347466 0.829300 -0.895638 0.087024 0.436187
17.927737 -60.513980 -446.007768 3916.343401 -0.046829 0.932064 -0.359253 0.460069 0.339356 0.820472 -0.886648 0.126860 0.444705
16.453602 -55.740992 -4669.144153 4049.457467 -0.144469 0.904499 -0.401261 0.567137 0.407989 0.715472 -0.810854 0.124207 0.571916
1405.337085 -6469.561609 544551.215423 -4280661.213595 -0.425416 0.874458 0.233120 -0.494892 -0.009120 -0.868907 0.757696 0.485016 -0.436642
11.512059 -147.850198 64004.297613 -38778.787391 -0.351145 0.894809 0.275708 -0.576761 0.025251 -0.816523 0.737593 0.445735 -0.507224
4.387699 -137.445273 18646.270542 -30503.231307 -0.376031 0.891598 0.252296 -0.617004 -0.037792 -0.786052 0.691308 0.451247 -0.564331
-36.258244 -96.850838 1310.143088 -6096.868017 -0.654859 0.736963 -0.167470 -0.194494 -0.378469 -0.904949 0.730296 0.560042 -0.391178
-37.373854 -96.487294 3543.496058 -1128.034242 -0.636215 0.764270 -0.105464 -0.204272 -0.298688 -0.932233 0.743978 0.571557 -0.346149
5.918550 -178.747879 -593.888008 15565.509242 -0.526620 0.827252 -0.195768 0.406418 0.042735 -0.912687 0.746657 0.560203 0.358715
6.139173 -169.581884 53.951790 18332.962024 -0.539290 0.822617 -0.180188 0.264977 -0.037341 -0.963531 0.799345 0.567369 0.197838
6.682214 -187.766333 -96.921132 17449.029143 -0.531239 0.824757 -0.193807 0.436571 0.070441 -0.896908 0.726079 0.561083 0.397486
22.551319 -34.922758 1499.141659 -832.978752 -0.583266 0.779533 0.228318 -0.367749 -0.002794 -0.929921 0.724266 0.626355 -0.288302
17.496887 -30.350228 -4270.804029 1693.859963 0.633024 -0.718030 -0.289333 0.395040 -0.021803 0.918405 0.665751 0.695670 -0.269849
23.661389 -37.382667 1254.171971 -511.125138 -0.558755 0.778429 0.286079 -0.467338 -0.010571 -0.884015 0.685119 0.627644 -0.369696
15.439084 -27.312390 -4540.388265 2224.191812 0.666486 -0.717188 -0.203563 0.282860 -0.009367 0.959115 0.689773 0.696817 -0.196621
22.690827 -41.401518 -2498.664199 483.594266 -0.488741 0.839322 0.238056 -0.458718 -0.015123 -0.888453 0.742098 0.543424 -0.392403
21.904336 -32.696771 1838.844171 -1857.294316 -0.609256 0.777933 0.153711 -0.251619 -0.005833 -0.967809 0.751994 0.628320 -0.199297
22.891089 -39.806711 -1992.569311 -101.140229 -0.508022 0.840343 0.189042 -0.354915 -0.004249 -0.934889 0.784825 0.542038 -0.300409
-19.302417 -33.376192 494.926917 -159.321455 -0.539652 0.838416 0.076387 -0.361511 -0.148832 -0.920412 0.760319 0.524317 -0.383414
-16.893623 -33.522211 324.622688 391.225472 -0.556844 0.829722 0.038551 -0.418590 -0.240232 -0.875826 0.717431 0.503836 -0.481085
-16.968626 -32.813032 862.554123 -697.781554 -0.619421 0.785052 -0.003450 -0.287103 -0.230615 -0.929725 0.730678 0.574901 -0.368238
-18.782134 -29.845938 821.787541 -1347.933057 -0.587455 0.804126 0.090991 -0.269475 -0.088356 -0.958945 0.763073 0.587857 -0.268597
-14.698724 -31.991695 1210.271984 -1266.900406 -0.668151 0.743396 -0.030592 -0.237039 -0.251660 -0.938339 0.705256 0.619701 -0.344361
-16.032073 -28.205942 1514.789590 -1740.699639 -0.646860 0.761749 0.036212 -0.216468 -0.137873 -0.966505 0.731242 0.633032 -0.254079
-8.857716 -44.378905 568.329378 907.953210 -0.369157 0.929363 -0.002557 -0.035479 -0.011343 0.999306 -0.928690 -0.368992 -0.037160
-5.285978 -43.232792 342.964777 -493.017161 -0.369845 0.928103 0.042882 0.094516 -0.008332 0.995489 -0.924273 -0.372230 0.084639
-7.019655 -43.020545 -504.696093 623.329977 -0.364974 0.930068 0.042038 -0.020687 -0.053243 0.998367 -0.930788 -0.363509 -0.038672
5.834349 -211.261815 836.692294 -91299.850100 0.417507 -0.906407 -0.064142 0.908663 0.416805 0.024602 0.004435 -0.068555 0.997637
12.829575 -510.585151 -3840.473986 -237099.126073 -0.372260 0.926992 0.045910 0.911949 0.374518 -0.167588 0.172547 0.020519 0.984788
2.710586 -247.097596 -414.270352 -128553.544005 -0.434436 0.896557 0.086319 0.896300 0.439786 -0.056871 0.088950 -0.052660 0.994643
99.453632 -1184.920906 -25771.657913 -458374.773622 -0.281844 0.958768 0.036450 0.955737 0.283891 -0.077287 0.084448 -0.013054 0.996342
2.978236 -139.536539 -21.094612 -61708.686788 0.447917 -0.889848 -0.086839 0.893493 0.442005 0.079383 -0.032255 -0.113147 0.993055
3.808365 -151.784137 205.145541 -43704.709901 0.385742 -0.921586 -0.043394 0.922513 0.384603 0.032423 -0.013192 -0.052538 0.998532
0.314758 -72.083901 -1470.527472 -14740.008634 0.372014 -0.926584 -0.055198 0.928177 0.370721 0.032444 -0.009599 -0.063303 0.997948
149.983665 -1722.958740 117437.805113 237660.545195 0.656990 0.239378 0.714886 -0.108137 0.968368 -0.224876 -0.746103 0.070436 0.662094
137.835964 -197.836076 -64137.913672 -1669.956900 0.696053 0.626946 -0.349927 -0.080768 0.552648 0.829492 -0.713433 0.549108 -0.435309
88.203981 -99.851509 39804.284915 2903.804448 0.169823 -0.168121 0.971028 0.592117 0.805055 0.035830 -0.787755 0.568878 0.236264
-3.732246 -1562.637546 -4445.126682 560091.342654 -0.671805 -0.065274 -0.737846 -0.442120 0.834550 0.328720 0.594313 0.547052 -0.589513
4.304664 -1158.482388 -1662.773312 467053.345563 -0.711032 0.000823 -0.703159 -0.102087 0.989283 0.104388 0.695709 0.146007 -0.703328
-3.551352 -2094.692202 -8522.475897 934716.339816 -0.658665 -0.040118 -0.751366 -0.160567 0.983070 0.088267 0.735105 0.178783 -0.653955
33.815546 -3595.963263 2441.227769 1635989.727765 -0.680767 0.017945 -0.732280 -0.141681 0.977595 0.155671 0.718667 0.209726 -0.662972
8.613295 -585.795626 1111.623976 219586.798258 -0.747914 -0.064722 -0.660633 -0.375448 0.861991 0.340603 0.547415 0.502775 -0.668995
-54.753067 -80.201802 -507.580221 1895.489571 0.242884 0.969903 0.017182 0.924687 -0.226135 -0.306297 0.293193 -0.090282 0.951781
-48.933542 -90.178394 -146.069274 5397.068678 -0.043454 0.983542 0.175375 0.961362 0.088929 -0.260529 0.271837 -0.157278 0.949404
-47.087395 -70.727423 -602.106179 5338.616941 0.490080 0.847596 -0.203478 0.744821 -0.528458 -0.407399 0.452839 -0.048103 0.890294
-43.662262 -70.721798 -684.775087 361.823360 -0.408673 -0.003801 0.912673 0.774132 -0.531122 0.344426 0.483431 0.847287 0.219997
-44.075586 -70.308805 -920.455767 -400.513242 -0.404913 -0.056703 0.912595 0.853597 -0.381196 0.355051 0.327746 0.922754 0.202753
-45.822869 -71.592287 -755.311877 399.107169 -0.480066 -0.132092 0.867231 0.771013 -0.535075 0.345303 0.418422 0.834414 0.358715
-41.882774 -69.568502 -851.377564 -911.631164 -0.325590 0.066370 0.943179 0.864188 -0.383845 0.325333 0.383627 0.921009 0.067620
-41.877271 -69.436828 -374.660443 665.323191 -0.319397 0.109295 0.941297 0.779237 -0.534952 0.326521 0.539236 0.837784 0.085695
0.968750 -11.695045 599.991843 -2603.419297 0.381770 0.921147 0.075769 0.480061 -0.267677 0.835398 -0.789806 0.282556 0.544397
6.162092 -10.852822 3337.275616 -340.291030 0.244754 0.957648 -0.151677 0.553375 -0.009515 0.832878 -0.796161 0.287784 0.532267
2.168585 -14.849301 1044.998508 -1842.550118 0.418803 0.899941 0.121285 0.455428 -0.323711 0.829335 -0.785614 0.292091 0.545430
10.479047 -12.028865 3381.918382 660.545518 0.190606 0.955223 -0.226313 0.560587 0.083337 0.823891 -0.805860 0.283907 0.519602
1.262967 -16.373090 -1067.205446 -2627.920182 0.519444 0.780667 0.347472 0.367005 -0.571041 0.734316 -0.771677 0.253912 0.583132
3.003121 -20.658754 -281.498764 -2041.556176 0.513067 0.796688 0.319455 0.395554 -0.549752 0.735738 -0.761774 0.251121 0.597192
4.535464 -14.903232 3648.926525 -295.294392 0.323081 0.943682 -0.071297 0.507814 -0.109297 0.854505 -0.798589 0.312280 0.514526
0.970316 -18.411948 1489.357750 -1250.447886 0.417417 0.901979 0.110438 0.455790 -0.312954 0.833256 -0.786142 0.297479 0.541745
1.852060 -20.127144 655.564562 -2089.074474 0.479725 0.842948 0.243521 0.416101 -0.462912 0.782670 -0.772479 0.274137 0.572822
83.820223 -48.521015 3653.878492 -627.437671 -0.264863 0.891819 0.366752 0.408960 0.448325 -0.794831 0.873269 0.060534 0.483463
80.370271 -49.320235 4167.906295 918.796151 -0.237085 0.887213 0.395783 0.297641 0.454142 -0.839741 0.924770 0.081288 0.371742
75.954358 -48.071129 -7345.503633 1026.547498 -0.012561 0.875269 0.483473 0.280797 0.467143 -0.838409 0.959685 -0.125226 0.251641
1.356295 -52.042154 360.999015 -852.638511 0.651540 0.733618 -0.193133 0.622311 -0.662462 -0.416982 0.433848 -0.151492 0.888159
0.221791 -48.808117 844.378891 -525.822400 0.660073 0.722118 -0.207002 0.679925 -0.691470 -0.244073 0.319385 -0.020360 0.947406
0.632013 -50.800561 174.781718 -690.289537 0.644466 0.741096 -0.188255 0.625118 -0.652440 -0.428426 0.440330 -0.158424 0.883749
50.022026 -58.351599 -6494.426399 -8223.518452 0.459094 0.790222 -0.405933 -0.605703 -0.055841 -0.793729 0.649890 -0.610271 -0.453004
36.826674 -60.417486 -6825.458291 8826.121638 0.571594 0.705124 -0.419619 0.573932 0.021908 0.818610 0.586414 -0.708745 -0.392171
40.572666 -54.606441 -7609.920452 -474.876291 0.582934 0.706245 -0.401754 -0.531828 -0.042171 -0.845802 0.614286 -0.706711 -0.351018
-7.814907 -95.455221 -456.159963 -137.276796 0.240360 0.933857 0.264835 0.424786 0.144127 -0.893747 0.872802 -0.327320 0.362047
-8.339771 -95.943687 -488.921971 1736.950148 0.245584 0.936858 0.248968 0.207988 0.199927 -0.957481 0.946800 -0.286925 0.145756
-10.633196 -93.036076 -653.763904 1096.116121 0.213956 0.944309 0.250005 0.207756 0.206087 -0.956225 0.954495 -0.256530 0.152092
3.046554 -106.265720 2762.848284 3050.159654 -0.077803 0.937710 0.338594 -0.049765 0.335547 -0.940708 0.995726 0.090040 -0.020558
1675.126467 -41.068611 1438679.046830 373.051616 0.473957 0.701607 -0.532083 -0.132595 0.654240 0.744573 -0.870507 0.282344 -0.403111
2427.222244 -46.399008 -1988377.971525 -14313.068237 -0.757471 -0.594023 0.270879 -0.232891 0.633459 0.737897 -0.609918 0.495850 -0.618169
2273.959514 -26.734255 -1593126.752459 -9096.151216 -0.768811 -0.510788 0.384741 -0.056280 0.653362 0.754951 -0.636995 0.558761 -0.531059
-0.376688 -47.148815 -499.773181 -654.415051 0.392243 0.809830 -0.436257 -0.241586 0.548309 0.800621 -0.887570 0.208644 -0.410714
-1.083110 -51.507098 -425.024454 -1494.675120 0.385575 0.837389 -0.387442 -0.122576 0.462678 0.878012 -0.914498 0.291048 -0.281041
5.746883 -117.982096 76.054370 -970.856486 0.453566 -0.189950 0.870745 0.001529 0.977187 0.212374 -0.891221 -0.094994 0.443510
5.200221 -119.171346 512.462397 2886.556661 0.456343 -0.195016 0.868170 0.190022 0.974538 0.119026 -0.869277 0.110655 0.481781
4.380562 -117.825128 653.912267 3393.188730 0.461650 -0.192476 0.865929 0.039810 0.979688 0.196538 -0.886169 -0.056259 0.459935
0.898333 -116.472843 -799.308741 6523.524236 0.565828 0.152293 0.810337 -0.301052 0.953101 0.031089 -0.767598 -0.261544 0.585139
1.263663 -131.054655 -591.351665 12412.032763 0.572575 0.133276 0.808947 -0.410184 0.900895 0.141904 -0.709864 -0.413068 0.570498
8.809672 -231.384176 6060.255850 -27034.977298 0.582498 -0.016309 0.812668 0.295009 0.935867 -0.192673 -0.757407 0.351976 0.549952
52.635969 -77.029777 9747.030165 12579.583800 -0.386569 -0.181804 -0.904164 0.393794 0.853976 -0.340076 0.833961 -0.487517 -0.258527
49.982619 -90.734801 7622.888159 9449.844585 -0.385042 -0.175819 -0.905997 0.464146 0.811612 -0.354761 0.797691 -0.557112 -0.230899
56.575430 -117.613932 8942.632918 23771.716681 -0.381522 -0.173151 -0.907998 0.532707 0.761587 -0.369064 0.755423 -0.624502 -0.198323
66.029703 -129.066961 4668.594055 42596.759959 -0.311365 -0.262397 -0.913345 0.531009 0.749029 -0.396214 0.788087 -0.608362 -0.093886
-28.483661 -183.363879 -17793.353609 75581.381114 0.857228 -0.207127 0.471443 0.443472 -0.168354 -0.880335 -0.261710 -0.963720 0.052463
170.271933 -1254.447833 -36598.718548 430853.010427 0.666887 -0.082789 0.740546 0.644383 -0.435006 -0.628920 -0.374209 -0.896614 0.236752
265.648030 -1691.418251 36626.637528 558804.975558 0.877062 -0.130068 0.462433 0.386746 -0.379807 -0.840342 -0.284936 -0.915876 0.282811
-560.173068 -13857.341057 263429.809887 1506736.525791 -0.562879 0.309726 -0.766314 0.513331 0.857651 -0.030414 0.647810 -0.410492 -0.641746
196.916071 -2259.629767 -45237.165766 -15685984.937084 0.584303 -0.586933 0.560446 0.743445 0.110231 -0.659651 0.325392 0.802097 0.500761
-676.635347 -9736.750604 232543.386659 6902159.007879 -0.663148 0.231976 -0.711633 0.685936 0.568842 -0.453773 0.299543 -0.789054 -0.536347
2.451108 -53.083185 1047.211145 1180.237967 -0.282396 -0.123794 -0.951277 -0.340453 0.940021 -0.021262 0.896853 0.317860 -0.307604
0.148118 -48.636885 1667.637633 -8984.232149 -0.315236 -0.083649 -0.945319 -0.161426 0.986318 -0.033446 0.935183 0.142055 -0.324426
3.108239 -54.257991 -387.435285 -12125.418877 -0.295156 -0.065138 -0.953226 -0.163322 0.986429 -0.016836 0.941387 0.150713 -0.301789
6.748944 -55.991867 -1027.844220 322.430870 -0.273673 -0.055345 -0.960229 -0.312951 0.949143 0.034487 0.909486 0.309943 -0.277075
5.638642 -45.090240 1601.614891 10364.918852 -0.259424 -0.209392 -0.942791 -0.517565 0.854334 -0.047330 0.815368 0.475677 -0.330009
12.345350 -49.620918 95.912470 14112.483620 -0.285874 -0.067591 -0.955880 -0.518210 0.849975 0.094878 0.806061 0.522470 -0.278012
-16.307925 -35.818003 879.067500 -113.948044 -0.493024 0.762034 0.419800 0.028871 0.496584 -0.867508 0.869537 0.415582 0.266829
-15.653346 -35.785294 781.449048 -218.744781 -0.498375 0.778610 0.381300 0.127767 0.500972 -0.855981 0.857495 0.377882 0.349152
-22.367848 -73.601970 -2652.032948 -1369.278080 0.770337 0.636232 0.042304 0.102272 -0.188770 0.976681 -0.629381 0.748047 0.210485
18.541194 -55.257260 17996.486939 -6660.039065 0.774529 0.541992 -0.326112 0.290157 0.153686 0.944558 -0.562062 0.826211 0.038229
-22.680319 -58.041432 -1626.520280 -4330.018434 0.753490 0.657255 0.016421 -0.010324 -0.013145 0.999860 -0.657379 0.753554 0.003119
8.672073 -75.997698 11760.157825 -9727.563335 0.806708 0.559361 -0.190624 0.289375 -0.092658 0.952721 -0.515252 0.823729 0.236613
-22.673709 -68.216153 -1961.248546 -993.134642 0.727258 0.685857 -0.026380 0.181302 -0.154892 0.971153 -0.661986 0.711062 0.236994
-18.136068 -74.209394 -2969.891550 2776.917519 0.730786 0.682547 -0.009073 0.324818 -0.336023 0.884071 -0.600371 0.649014 0.467264
-18.385070 -82.540744 -2607.034359 3422.110944 0.783172 0.619523 0.053215 0.234821 -0.373920 0.897242 -0.575760 0.690199 0.438321
19.860057 -124.456836 -1341.000539 7642.460615 0.308658 0.940653 0.141078 0.393999 0.008558 -0.919071 0.865734 -0.339263 0.367974
30.253831 -119.805834 -2727.678795 220.056028 0.311003 0.948601 0.058593 0.533607 -0.123264 -0.836702 0.786474 -0.291483 0.544515
20.508800 -131.188580 -554.747998 -7664.557074 0.271570 0.960845 0.055019 0.365599 -0.050112 -0.929422 0.890274 -0.272518 0.364893
-315.878334 -6773.426261 61375.120785 924681.878623 -0.206989 0.116660 0.971363 -0.129685 0.980832 -0.145432 -0.969710 -0.156074 -0.187893
-5.247143 -1362.534550 -10020.616529 -155753.485884 -0.230185 -0.149291 0.961627 -0.072510 0.988047 0.136036 -0.970442 -0.038415 -0.238258
216.597459 -4083.928911 116502.354371 1381815.341158 -0.005526 0.011842 0.999915 0.504334 0.863477 -0.007439 -0.863491 0.504250 -0.010744
-42.703440 -1400.482793 -13073.454234 551147.264044 0.149422 0.133560 -0.979712 0.732241 -0.680785 0.018870 -0.664452 -0.720204 -0.199522
248.152834 -14681.772792 -26263.651604 6465431.599322 -0.055215 -0.197183 0.978811 0.711482 0.680015 0.177125 -0.700532 0.706186 0.102745
246.877267 -14197.934499 26460.219107 -4926680.436738 -0.053921 -0.179355 0.982306 -0.698266 0.709991 0.091305 -0.713804 -0.680988 -0.163521
-6.859143 -617.402310 2123.898431 232431.732346 0.179426 0.067210 -0.981473 0.761578 -0.641023 0.095330 -0.622740 -0.764573 -0.166202
-40.404071 -1215.051681 11941.522297 -261349.365172 -0.052527 -0.258564 0.964565 -0.030224 0.965868 0.257267 -0.998162 -0.015640 -0.058549
15.298627 -275.610496 -4918.059462 64892.733563 -0.193841 -0.319914 0.927405 0.960585 -0.253897 0.113193 0.199253 0.912793 0.356520
-38.563744 -52.155298 2665.974096 -2694.522688 0.126452 0.932344 0.338740 -0.825389 -0.090518 0.557260 -0.550220 0.350060 -0.758100
-36.970698 -51.166250 1673.408459 -304.142676 0.196851 0.931832 0.304860 -0.856872 0.012403 0.515381 -0.476467 0.362679 -0.800902
-38.524571 -51.047940 4613.475500 -2066.594922 0.158396 0.951473 0.263837 -0.869368 0.007715 0.494105 -0.468092 0.307636 -0.828402
-38.162201 -52.826329 1887.790317 830.277926 0.167782 0.953926 0.248745 -0.904456 0.048573 0.423793 -0.392185 0.296083 -0.870934
-37.222631 -53.582741 -1327.392804 3302.891888 0.183848 0.935175 0.302734 -0.894181 0.031210 0.446617 -0.408217 0.352809 -0.841953
