19606
39188
-32.695863 -57.522369 -2898.276552 5214.473836 0.280007 0.941536 -0.187365 0.928905 -0.314998 -0.194711 0.242347 0.119523 0.962799
-36.707825 -67.448399 3477.913514 4906.313249 -0.171691 -0.970329 0.170249 0.975454 -0.191630 -0.108476 0.137882 0.147445 0.979412
-43.133163 -66.426260 1981.526577 9396.724359 -0.086877 0.993478 -0.073852 0.971903 0.068245 -0.225270 0.218761 0.091348 0.971493
-36.070530 -58.808043 1213.357381 4438.006260 -0.357311 -0.889482 0.284870 0.909213 -0.401041 -0.111792 0.213681 0.219063 0.952025
-30.794355 -48.149059 -1569.687020 6616.999887 0.364068 0.912759 -0.185272 0.875756 -0.403197 -0.265487 0.317027 0.065597 0.946145
-30.784157 -49.958036 -659.484406 3816.359114 0.521363 0.798398 -0.301234 0.798230 -0.581096 -0.158609 0.301679 0.157761 0.940267
18.326523 -39.185599 -39832.392990 138.118901 0.430732 0.743023 -0.512237 0.305740 -0.654165 -0.691803 0.849113 -0.141370 0.508942
30.580811 -51.375263 -49836.337252 3653.922991 0.370581 0.860747 -0.348975 0.437339 -0.493177 -0.752005 0.819393 -0.126058 0.559200
31.238720 -53.471696 -38226.853713 -3311.525899 0.485774 0.693444 -0.532127 -0.269172 0.697875 0.663715 0.831607 -0.179182 0.525665
9.314907 -43.456554 -8184.045336 -4177.575614 0.468377 0.425092 0.774545 -0.528735 0.837204 -0.139748 -0.707858 -0.344074 0.616888
-15.034798 -67.365947 -8956.424577 -7003.059091 0.580598 0.170151 0.796212 -0.322733 0.945908 0.033196 -0.747495 -0.276237 0.604106
2.280350 -57.766077 -5851.589553 -4689.571477 0.597336 0.129757 0.791425 -0.197303 0.980271 -0.011802 -0.777342 -0.149101 0.611153
17.076048 -30.007132 -3522.728734 -4571.824414 0.509603 0.441304 0.738617 -0.492309 0.853591 -0.170334 -0.705646 -0.276825 0.652251
46.705550 -22.518598 -14874.050985 -2440.675638 0.218297 0.764536 0.606491 0.728876 -0.540985 0.419613 -0.648912 -0.350456 0.675347
23.652372 -114.402204 -5106.281743 -4013.847214 0.829389 -0.533600 0.165484 -0.158353 0.059526 0.985587 0.535760 0.843640 0.035127
11.495827 -109.903842 -167.146632 -14177.410469 0.820787 -0.511295 0.254727 -0.151849 0.234587 0.960162 0.550682 0.826769 -0.114906
13.194339 -95.058316 -4223.002024 -22036.417947 0.827428 -0.539093 0.157293 0.012778 0.298095 0.954451 0.561426 0.787730 -0.253540
35.828146 -105.818925 -9150.044032 -15586.232308 0.803652 -0.592827 0.051959 0.036674 0.136483 0.989963 0.593968 0.793681 -0.131426
4.349394 -73.718621 -5048.218985 -16651.378986 0.837942 -0.515718 0.178571 0.061865 0.414847 0.907786 0.542241 0.749625 -0.379522
8.951069 -77.650710 -4349.545906 -18416.335625 0.825419 -0.544076 0.150547 0.091123 0.391596 0.915614 0.557117 0.742047 -0.372809
18.038416 -80.484407 -7402.428602 -22872.357278 0.812311 -0.577679 0.080244 0.125689 0.307747 0.943130 0.569521 0.756029 -0.322594
-7.682029 -64.242650 265.924669 1483.094200 0.108220 -0.988137 -0.108964 0.990038 0.097195 0.101869 -0.090070 -0.118902 0.988812
-7.638052 -65.505185 -260.127370 -594.294612 -0.143799 0.984084 0.104404 0.932411 0.099384 0.347466 -0.331560 -0.147313 0.931862
-6.207689 -67.293967 313.414402 1367.950004 0.121799 -0.982895 -0.138138 0.987470 0.105926 0.116970 -0.100337 -0.150654 0.983481
-5.529586 -62.022124 -303.828596 2571.169411 -0.077084 0.987410 0.138131 0.986465 0.095642 -0.133190 0.144724 -0.125995 0.981418
-7.001550 -59.051328 -282.185136 2444.388750 -0.060252 0.992059 0.110406 0.987024 0.075706 -0.141608 0.148842 -0.100441 0.983747
29.593024 -40.772994 -3473.838105 5029.691324 -0.435724 0.895711 -0.088584 -0.805045 -0.431842 -0.406712 0.402550 0.105900 -0.909251
19.369221 -37.480993 -3720.396216 216.411055 -0.377110 0.918367 -0.119956 -0.794458 -0.387329 -0.467773 0.476050 0.081102 -0.875670
22.236602 -46.094174 -1260.369524 9614.274551 -0.354503 0.933112 -0.060243 -0.793932 -0.334409 -0.507782 0.493964 0.132182 -0.859377
-7.662217 -94.208001 -552.922401 -2140.151517 -0.070993 0.982645 0.171373 0.249458 0.183837 -0.950776 0.965780 0.024748 0.258180
-6.838497 -92.138345 -572.038561 -2409.580289 -0.075755 0.979070 0.188898 0.454938 0.202513 -0.867191 0.887295 -0.020243 0.460758
-5.785212 -97.638631 -380.525731 -2540.129435 -0.041732 0.985330 0.165478 0.251937 0.170648 -0.952579 0.966843 -0.001937 0.255363
-6.241278 -100.923810 -408.221405 -242.875188 -0.040845 0.988254 0.147261 0.030502 0.148548 -0.988435 0.998700 0.035881 0.036211
-8.276417 -97.065937 -563.339050 -26.469359 -0.070255 0.985373 0.155256 0.024007 0.157265 -0.987265 0.997240 0.065632 0.034705
-14.158685 -83.174640 473.547424 2097.940146 -0.230126 0.934468 0.271683 -0.845817 -0.053992 -0.530734 0.481285 0.351930 -0.802814
-11.937099 -81.757770 755.807948 2115.465631 -0.265971 0.913595 0.307576 -0.842334 -0.065106 -0.535008 0.468756 0.401379 -0.786869
-14.213172 -86.975347 384.161999 4057.772713 -0.235853 0.933358 0.270587 -0.748789 0.002937 -0.662802 0.619426 0.358936 -0.698195
-11.968297 -79.663772 707.615887 102.401900 -0.253676 0.917302 0.306931 0.909853 0.118568 0.397629 0.328353 0.380131 -0.864688
-14.999727 -87.871958 26.701615 3273.014939 -0.193340 0.954423 0.227370 -0.740458 0.010099 -0.672027 0.643694 0.298288 -0.704757
-15.065469 -84.468269 160.715527 1718.233024 -0.193094 0.954889 0.225615 -0.843567 -0.044127 -0.535207 0.501108 0.293667 -0.814034
-14.034872 -80.478571 502.273081 -14.316843 -0.226113 0.936556 0.267837 -0.915462 -0.110352 -0.386977 0.332869 0.332695 -0.882333
-12.384614 -48.006814 -1936.989256 1809.582494 -0.235619 0.969202 -0.071629 0.269709 0.136020 0.953287 -0.933671 -0.205294 0.293451
-12.172387 -44.255623 -1760.398815 477.195711 -0.233805 0.968589 -0.084680 0.386829 0.172571 0.905860 -0.892019 -0.179038 0.415027
-15.998856 -47.509388 -2417.669914 1625.669169 -0.205995 0.976003 -0.070600 0.295426 0.130809 0.946368 -0.932893 -0.174090 0.315282
-17.283049 -47.182412 -1209.989258 1489.233802 -0.164658 0.983001 -0.081221 0.313445 0.130225 0.940635 -0.935222 -0.129425 0.329559
-17.406315 -50.957455 -1538.268549 1474.946316 -0.173548 0.980256 -0.094754 0.157197 0.122554 0.979933 -0.972198 -0.155171 0.175363
-17.864864 -83.187357 -702.437789 -558.702484 -0.804330 0.204720 -0.557802 -0.079629 0.893164 0.442625 0.588823 0.400434 -0.702097
-17.355308 -85.677930 -1957.647147 3301.189452 -0.804268 0.244716 -0.541541 -0.125631 0.820664 0.557429 0.580835 0.516357 -0.629290
-16.160997 -84.979057 -3935.443729 838.054187 -0.775270 0.235865 -0.585939 -0.072754 0.888141 0.453776 0.627426 0.394428 -0.671389
-18.202038 -82.156394 660.754019 262.849015 -0.828309 0.220926 -0.514874 -0.112040 0.835096 0.538574 0.548954 0.503792 -0.666965
-16.788554 -84.495988 -2845.618464 -3826.926404 -0.781221 0.216103 -0.585657 -0.016789 0.930557 0.365763 0.624029 0.295574 -0.723342
-17.049775 -81.627938 735.074716 -4627.147523 -0.803212 0.182851 -0.566936 -0.025737 0.940183 0.339695 0.595138 0.287438 -0.750460
-17.968646 -79.743754 2891.494634 -1921.207862 -0.827477 0.170341 -0.535038 -0.082176 0.905875 0.415497 0.555453 0.387781 -0.735593
-8.642486 -52.078739 396.982278 -1524.892974 -0.062466 0.997192 -0.041299 0.863384 0.074749 0.498980 -0.500666 0.004487 0.865629
-10.336789 -48.294433 338.248215 -1823.259597 -0.100531 0.992955 -0.062723 0.758539 0.117288 0.640986 -0.643827 -0.016861 0.764986
-9.635816 -53.847149 323.124705 -1367.903992 -0.105122 0.993929 -0.032472 0.861545 0.107331 0.496206 -0.496679 -0.024186 0.867597
-8.094551 -46.513819 411.502488 -1941.038567 -0.065299 0.995426 -0.069737 0.757799 0.094936 0.645545 -0.649213 0.010693 0.760532
-7.766699 -55.039058 804.776686 25.514797 -0.067847 0.997199 -0.031465 0.946639 0.074302 0.313614 -0.315074 0.008508 0.949029
-8.047864 -53.800400 180.230772 55.208237 -0.037360 0.998701 -0.034644 0.946047 0.046514 0.320674 -0.321869 0.020794 0.946556
-7.985445 -50.578271 -228.148038 -1765.574622 -0.042240 0.997770 -0.051672 0.858036 0.062723 0.509745 -0.511849 0.022805 0.858772
2.014237 -83.319721 -2663.213257 6809.648579 0.895308 0.131018 0.425743 -0.074303 0.986301 -0.147271 -0.439206 0.100219 0.892779
-1.096425 -75.075030 -2565.270759 4169.117432 0.894387 0.095989 0.436873 0.010342 0.972003 -0.234740 -0.447174 0.214467 0.868354
6.837194 -76.288720 -2730.108942 8258.056284 0.899685 0.148867 0.410372 -0.059912 0.973269 -0.221715 -0.432408 0.174888 0.884555
7.150653 -90.590801 -1762.700474 8896.401712 0.906824 0.133173 0.399919 -0.098739 0.989493 -0.105609 -0.409781 0.056281 0.910446
3.491425 -95.771147 -2278.600258 7855.018179 0.898158 0.128707 0.420413 -0.128565 0.991282 -0.028815 -0.420457 -0.028170 0.906875
-0.575722 -99.231001 71.111116 536.049400 0.807554 -0.246172 0.535962 0.320951 0.945819 -0.049166 -0.494819 0.211722 0.842809
0.066969 -98.815366 395.919275 1203.699120 0.813458 -0.227986 0.535078 0.215595 0.972630 0.086658 -0.540190 0.044868 0.840346
0.050273 -103.151136 -91.093465 3417.665740 0.809492 -0.231924 0.539383 0.228689 0.970671 0.074158 -0.540762 0.063321 0.838789
10.848467 -65.318326 1518.356725 -8492.131292 0.940843 0.106590 0.321642 -0.033238 -0.915625 0.400657 -0.337210 0.387645 0.857916
13.226578 -58.750722 -2765.300831 -611.291570 0.915591 0.172651 0.363159 -0.004727 0.907691 -0.419613 -0.402082 0.382477 0.831890
13.979114 -56.102056 -992.592086 -683.330487 0.929769 0.147346 0.337371 -0.029742 -0.883351 0.467768 -0.366940 0.444950 0.816930
21.788802 -47.741620 -6724.674101 3005.177175 -0.661620 -0.003723 -0.749830 -0.229683 0.952926 0.197932 0.713796 0.303179 -0.631331
25.561382 -46.311208 -11447.473980 495.642285 -0.664341 0.028993 -0.746867 -0.259801 0.927982 0.267118 0.700825 0.371494 -0.608964
31.581155 -47.959145 -5789.935752 3582.173568 -0.689828 -0.021332 -0.723659 -0.247743 0.946175 0.208270 0.680265 0.322952 -0.657983
8.488649 -167.703098 227.418639 -32403.349164 0.890919 0.032842 0.452973 -0.151641 0.961655 0.228528 -0.428099 -0.272289 0.861737
7.319168 -228.590219 -891.488535 -40928.988977 0.877196 -0.021278 0.479661 -0.027653 0.995120 0.094717 -0.479335 -0.096349 0.872327
7.711288 -199.389604 432.521589 -42330.009803 0.896466 -0.013187 0.442916 -0.025199 0.996422 0.080670 -0.442395 -0.083479 0.892926
69.148300 -117.882896 -16309.797480 96987.203627 0.996637 0.078710 0.022803 -0.004324 0.328387 -0.944533 0.081833 -0.941258 -0.327623
88.742450 -165.163693 8143.766574 106672.412830 0.984740 0.171687 0.028488 -0.023354 0.292571 -0.955959 0.172460 -0.940705 -0.292116
90.177515 -74.741369 3363.644684 61224.579626 0.983359 0.167803 -0.069625 -0.125162 0.347964 -0.929115 0.131682 -0.922368 -0.363176
100.081784 -22.402678 13096.162474 34905.726337 0.944547 0.206949 -0.254957 -0.312147 0.324785 -0.892792 0.101956 -0.922869 -0.371374
-3.262102 -917.513403 -15068.969902 435920.672152 -0.962992 0.147621 -0.225510 0.081755 0.957241 0.277500 0.256832 0.248793 -0.933884
-7.891953 -823.882343 -13619.747569 345438.564292 -0.956619 0.170574 -0.236186 0.199008 0.974661 -0.102135 0.212779 -0.144707 -0.966325
-17.417312 -639.023385 -11547.565064 246554.406718 -0.961373 0.206863 -0.181576 0.159570 0.956377 0.244704 0.224276 0.206278 -0.952444
-13.112936 -538.593227 17408.155379 204209.086627 0.951813 -0.229708 0.203190 0.086281 0.836362 0.541345 0.294291 0.497728 -0.815880
-24.064654 -521.998670 4175.477264 198064.390976 0.958781 -0.241378 0.149919 0.187180 0.933487 0.305886 0.213782 0.265215 -0.940190
-27.672439 -650.052889 -313.973170 200548.907771 0.980980 -0.167962 0.097299 0.178112 0.978151 -0.107218 0.077164 -0.122509 -0.989463
33.799107 -187.338613 -11776.061691 3692.822720 0.552545 -0.514068 0.656070 0.703891 0.709343 -0.037009 -0.446354 0.482251 0.753792
35.754027 -218.029537 -11893.155707 21138.456149 0.509050 -0.558498 0.654941 0.650095 0.748173 0.132718 -0.564132 0.358214 0.743934
18.274633 -173.985412 -10112.179398 8019.750197 0.530104 -0.521567 0.668549 0.733859 0.677185 -0.053585 -0.424783 0.519026 0.741735
45.738569 -226.832073 -7721.348652 33488.939200 0.558713 -0.548000 0.622524 0.630324 0.768399 0.110699 -0.539010 0.330543 0.774732
20.596522 -175.655161 -9543.901365 8469.223315 0.612575 -0.464372 0.639618 0.735317 0.631638 -0.245649 -0.289934 0.620800 0.728386
31.058523 -196.203948 -2795.519075 6685.474918 0.601147 -0.500334 0.623128 0.688099 0.720594 -0.085233 -0.406377 0.480011 0.777462
956.321107 -17165.535382 -421603.768121 -8769741.472457 0.916236 -0.390836 0.088082 0.387328 0.920322 0.054625 -0.102413 -0.015932 0.994614
38739.964197 999.048714 -26703358.771137 -137026.838603 0.383739 -0.705427 -0.595917 0.917537 0.364129 0.159800 0.104263 -0.608097 0.786986
75.076892 -1880.320559 -18046.086059 -2435568.116016 0.981393 -0.169435 0.090329 -0.029365 -0.597350 -0.801443 -0.189750 -0.783878 0.591211
-13.766329 -37.679369 -2579.432377 -1223.905533 0.606827 -0.786829 0.112522 0.777087 0.557555 -0.292008 0.167023 0.264638 0.949774
-14.616338 -40.640719 -3300.015068 -795.222840 0.595077 -0.796184 0.109427 0.759450 0.512556 -0.400652 0.262905 0.321523 0.909673
-8.062197 -37.664031 -5135.172143 -747.099999 0.569236 -0.805617 0.164169 0.804107 0.503887 -0.315453 0.171412 0.311576 0.934633
-19.773860 -40.404320 618.131122 -1312.984942 -0.600470 0.797724 -0.055417 0.754035 0.541787 -0.371346 0.266208 0.264769 0.926839
-8.453555 -33.970763 -4014.360576 -1159.358806 0.592745 -0.789337 0.160002 0.801236 0.557783 -0.216560 0.081692 0.256565 0.963068
-12.417544 -33.582430 -2042.150051 -1556.718381 0.622158 -0.773899 0.118325 0.779159 0.597335 -0.190007 0.076366 0.210408 0.974626
-17.310557 -36.902683 -91.702687 -1555.174333 0.595941 -0.800024 0.069401 0.784991 0.562160 -0.260317 0.169245 0.209613 0.963026
-13.183083 -43.748175 -287.618377 4901.628267 0.253581 0.931931 0.259234 -0.813959 0.350374 -0.463366 0.522654 0.093505 -0.847402
-13.294491 -45.978316 199.090998 3044.500523 0.348149 0.887164 0.302874 -0.751409 0.457275 -0.475693 0.560514 0.061970 -0.825823
-8.007862 -36.110928 -1378.568717 6758.829004 0.343142 0.892447 0.292904 -0.820054 0.436700 -0.369870 0.458000 0.113279 -0.881705
-9.146461 -31.513110 -782.275844 7237.927606 0.217451 0.945010 0.244277 -0.872971 0.300243 -0.384417 0.436621 0.129655 -0.890254
-0.265592 -27.406941 -4499.147369 8401.744941 0.488385 0.806569 0.333056 -0.773397 0.576848 -0.262875 0.404149 0.129201 -0.905522
-3.245891 -19.644966 -3431.264660 7480.935905 0.376353 0.879069 0.292569 -0.840076 0.456956 -0.292341 0.390679 0.135757 -0.910462
20.484742 -15.206070 15789.925498 -13803.982263 0.270976 0.850144 -0.451473 0.776300 0.084311 0.624700 -0.569149 0.519757 0.637120
22.703876 -28.482702 19487.035639 -11160.261200 0.124508 0.833269 -0.538666 0.836030 0.204277 0.509240 -0.534370 0.513745 0.671204
48.233607 -20.954248 31597.447610 -10979.396121 0.201927 0.836777 -0.508950 0.793170 0.165130 0.586186 -0.574550 0.522050 0.630362
2.948955 -23.945514 1343.136945 -6130.105875 0.277484 0.876376 -0.393660 0.803267 0.013146 0.595473 -0.527033 0.481449 0.700316
21.750601 -11.462704 16557.291058 -9658.515344 0.324507 0.849559 -0.415865 0.748485 0.038179 0.662051 -0.578329 0.526110 0.623493
3.704602 -13.399586 516.900192 -9342.128710 0.420378 0.859878 -0.289642 0.711677 -0.114455 0.693120 -0.562848 0.497504 0.660070
-2003.832935 -2566.725969 963882.435972 2221153.758872 0.279823 -0.653242 -0.703544 0.927735 0.372524 0.023102 0.246996 -0.659167 0.710276
-2296.500182 -7243.277987 -1051318.410831 8666516.038464 -0.240581 -0.930010 -0.277853 0.967138 -0.205427 -0.149813 0.082249 -0.304764 0.948870
-1852.732201 -2442.404640 509523.632311 -352196.304479 0.323805 -0.746350 -0.581474 0.867193 -0.011626 0.497836 -0.378320 -0.665452 0.643465
-1706.785757 -2600.853963 1535990.210281 138278.917642 0.545763 -0.385985 -0.743746 0.829701 0.124768 0.544085 -0.117213 -0.914029 0.388346
-2976.256118 -3519.466536 429284.114095 3550056.316460 0.913681 -0.338892 0.224365 0.202041 -0.100275 -0.974230 -0.352657 -0.935466 0.023150
-4181.481379 -7965.730429 -3614252.744955 6976149.025432 0.066863 0.208763 0.975678 -0.585531 0.799988 -0.131045 -0.807888 -0.562527 0.175727
27.038912 -2038.026517 74053.412228 -1504804.189417 0.188250 0.425360 -0.885229 -0.313979 0.880108 0.356129 0.930580 0.210902 0.299235
3047.345214 -11003.407234 1473009.504402 -6879446.216703 0.341658 0.428395 -0.836509 0.178012 0.844460 0.505172 0.922812 -0.321505 0.212258
1054.814908 -2475.996029 380492.269439 1353426.775603 0.864120 -0.250425 0.436560 0.163478 0.960046 0.227127 -0.475996 -0.124897 0.870534
204342.406934 2077.493941 163309018.121670 33861.641929 0.760291 -0.488389 -0.428293 -0.059434 0.604268 -0.794561 0.646858 0.629553 0.430392
100706.410243 -14092.971283 -76086062.920573 -5436800.087931 0.543687 0.825433 0.151870 0.393334 -0.410443 0.822694 -0.741413 0.387552 0.547823
238.785240 -15.801620 92584.172685 60761.200146 0.782071 -0.400628 0.477350 -0.610331 -0.647192 0.456770 -0.125942 0.648568 0.750665
541.442272 -1925.137876 -692292.903388 -888612.198576 0.434929 -0.296330 0.850309 0.038772 0.949587 0.311096 -0.899630 -0.102336 0.424492
491.671902 -2431.017576 -579464.438461 -212278.983512 0.304869 -0.302977 0.902918 -0.474786 0.773496 0.419859 -0.825611 -0.556695 0.091966
-36.759923 -645.256379 -10458.265293 259837.272129 0.080531 0.343822 -0.935575 0.735170 -0.654318 -0.177180 -0.673082 -0.673538 -0.305460
-29.588553 -714.661184 -14915.331728 285523.959454 0.078544 0.207079 -0.975166 0.948713 -0.316001 0.009310 -0.306226 -0.925884 -0.221279
-46.370427 -1480.715407 -20986.095630 748665.179818 -0.070946 0.372585 -0.925282 0.723016 -0.619842 -0.305030 -0.687179 -0.690634 -0.225410
-171.317912 -339.780323 -3034.748484 -41869.273145 0.758821 0.550294 -0.348377 -0.651281 0.637115 -0.412212 0.004882 -0.539686 -0.841852
-164.214859 -294.073897 -3461.939922 -84984.278907 0.873977 0.449406 -0.184929 -0.430611 0.539774 -0.723338 0.225252 -0.711814 -0.665269
-149.427131 -328.820758 8338.323207 -90171.624373 0.789559 0.489978 -0.369485 -0.604185 0.515184 -0.607903 0.107507 -0.703212 -0.702805
22.798284 -89.933948 -234.008697 -2509.992438 -0.366426 0.851470 0.375141 0.645852 -0.057473 0.761296 -0.669782 -0.521244 0.528864
15.953691 -103.475058 5224.470725 -7231.438124 0.453321 -0.802559 -0.387814 0.713749 0.066224 0.697264 -0.533913 -0.592886 0.602846
13.756849 -95.755759 6497.227248 -4091.640668 0.451337 -0.782164 -0.429551 0.666180 -0.024936 0.745374 -0.593716 -0.622574 0.509807
19.095032 -80.518318 -157.868139 -2852.259988 -0.346082 0.841219 0.415424 0.556128 -0.172675 0.812961 -0.755612 -0.512380 0.408065
54.795521 0.880662 35513.649266 -34845.794282 -0.162583 0.985914 -0.039248 0.154276 0.064689 0.985908 -0.974559 -0.154237 0.162621
18.999081 -38.351509 -14692.320850 -71697.200643 -0.182314 0.959340 0.215474 0.209291 -0.176261 0.961837 -0.960708 -0.220453 0.168646
84.251081 6.955613 56894.299206 -73079.865859 -0.146114 0.986146 -0.078526 0.110935 0.095210 0.989256 -0.983028 -0.135833 0.123310
-38.716356 -43.416171 -13026.071914 -24610.344355 0.270507 0.502152 0.821383 -0.496656 0.803681 -0.327766 -0.824718 -0.319282 0.466798
0.971042 -41.528080 -42889.345838 -20553.533250 -0.551528 0.811603 -0.192658 0.283008 0.399323 0.872037 -0.784680 -0.426429 0.449928
-44.545828 -62.987294 -15739.189035 -892.703837 -0.365857 0.882790 -0.294671 0.451822 0.445284 0.773032 -0.813637 -0.149681 0.561774
-50.889267 -73.585572 1604.409692 6104.837867 0.534362 -0.453491 0.713305 0.273323 0.891260 0.361871 -0.799845 0.001593 0.600205
-59.153226 -70.633459 -970.654109 3660.982142 0.519154 -0.074488 0.851429 0.045070 0.997195 0.059759 -0.853492 0.007349 0.521055
-55.702858 -74.917963 -4634.859262 -3994.300799 0.368467 0.523862 0.767985 -0.268448 0.850874 -0.451606 -0.890038 -0.039762 0.454149
-60.622806 -94.493437 -12.484142 -568.408672 0.462622 0.052524 0.884998 -0.131919 0.991209 0.010132 -0.876686 -0.121435 0.465484
-60.175851 -91.891645 -1343.480682 -2235.506162 0.480145 0.078858 0.873637 -0.283632 0.956408 0.069553 -0.830068 -0.281187 0.481581
-61.573049 -95.687090 -214.359462 -476.283964 0.546001 0.047382 0.836444 -0.106817 0.994188 0.013409 -0.830947 -0.096667 0.547889
-60.836495 -90.514552 -624.975973 2347.604097 0.464890 0.012052 0.885286 0.042321 0.998462 -0.035816 -0.884356 0.054117 0.463665
-58.037042 -94.681708 2082.195020 -171.635828 0.664491 0.061836 0.744733 -0.133701 0.990328 0.037067 -0.735238 -0.124202 0.666332
-59.849372 -94.048858 1550.387229 763.775172 0.634996 0.057691 0.770358 -0.039914 0.998326 -0.041862 -0.771484 -0.004166 0.636236
-60.621296 -89.678315 68.090627 2877.880063 0.555706 0.035317 0.830628 0.057360 0.995088 -0.080684 -0.829398 0.092481 0.550951
-18.710116 -37.036972 -1767.449659 -1817.770349 -0.688521 0.721585 -0.072486 -0.633276 -0.646930 -0.424786 0.353413 0.246571 -0.902387
-18.186874 -34.509219 -306.408662 215.821548 -0.861040 0.483801 -0.156671 0.413429 0.845353 0.338312 0.296118 0.226528 -0.927900
-23.078889 -33.876129 -2208.866469 2328.053269 -0.739322 0.669393 -0.072907 0.574924 0.683903 0.449154 0.350522 0.290153 -0.890475
-20.968079 -33.501585 -2136.639829 -2522.391288 -0.537007 0.842697 0.038534 -0.737186 -0.446583 -0.507071 0.410098 0.300707 -0.861043
-17.221538 -37.392299 -1179.256320 -2296.077305 -0.544032 0.839057 -0.003664 -0.730446 -0.475750 -0.490010 0.412889 0.263905 -0.871709
122.996206 -38.483071 -20605.972003 168.735136 -0.456609 0.889625 -0.008673 0.436875 0.232701 0.868902 -0.775015 -0.392960 0.494908
121.363764 -43.354454 -48519.599750 -169.827426 -0.646372 0.754219 0.115569 0.396954 0.203037 0.895100 -0.651637 -0.624443 0.430627
130.553857 -39.465690 -21594.376580 -856.062836 -0.469426 0.882804 0.017191 0.382232 0.185621 0.905231 -0.795951 -0.431510 0.424571
5.455457 -78.739085 226.744695 1049.240367 0.157580 0.986592 -0.042482 0.054213 -0.051597 -0.997195 0.986017 -0.154835 0.061617
4.681432 -71.744881 -630.518315 2373.004974 0.191390 0.980390 -0.046970 -0.072968 -0.033510 -0.996771 0.978798 -0.194200 -0.065124
5.888377 -75.667588 -316.630335 341.823378 0.184009 0.982762 -0.017861 0.111988 -0.039014 -0.992943 0.976524 -0.180710 0.117236
10.482436 -158.215081 -345.542437 19376.675933 0.180485 0.982791 0.039337 0.606673 -0.142714 0.782036 -0.774192 0.117281 0.621990
8.476979 -130.272831 -493.018039 15690.260738 0.149955 0.985443 0.080102 0.610125 -0.155985 0.776799 -0.777985 0.067612 0.624634
8.588698 -153.252286 -428.444729 12174.869241 0.125624 0.991820 0.022637 0.416621 -0.073450 0.906108 -0.900359 0.104398 0.422440
-18.261775 -25.104758 2935.527248 -1637.663326 0.011909 0.997139 0.074650 0.279129 -0.075003 0.957320 -0.960180 -0.009436 0.279223
-13.163971 -25.747669 1876.457811 -1601.516023 0.036444 0.998568 0.039151 0.284314 -0.047919 0.957533 -0.958038 0.023765 0.285653
-16.287421 -21.226331 2224.513135 -1660.132226 0.041451 0.982197 0.183223 0.216496 -0.187853 0.958040 -0.975403 0.000044 0.220428
-18.557171 -22.468098 -1214.322091 1978.107206 0.143690 0.616284 0.774304 -0.169040 0.786210 -0.594390 -0.975079 -0.045480 0.217147
-22.643133 -25.350218 13.788322 -1662.561394 0.126814 0.778710 0.614434 0.251762 -0.624419 0.739403 -0.959445 -0.060925 0.275235
3.295622 -38.548085 1966.301782 -820.337798 0.073874 0.676759 -0.732489 0.619340 0.544550 0.565582 -0.781640 0.495441 0.378916
3.225638 -43.203345 1323.826506 -60.342684 0.125506 0.715618 -0.687123 0.591896 0.501820 0.630743 -0.796183 0.485867 0.360590
0.584457 -38.754693 220.225516 1240.645113 0.120201 0.719818 -0.683676 0.655952 0.459337 0.598946 -0.745170 0.520453 0.416953
3.336033 -101.567601 -279.056912 -8985.481561 0.781926 0.586813 0.210339 -0.622497 0.717161 0.313333 -0.033021 0.375938 -0.926056
4.259586 -112.101270 -169.493370 -7913.612609 0.770536 0.598117 0.220296 -0.622748 0.632763 0.460212 -0.135866 0.491799 -0.860043
3.185029 -100.118025 154.290181 -7739.926007 0.771322 0.600389 0.211178 -0.635835 0.712399 0.296987 -0.027865 0.363347 -0.931237
2.224625 -91.022689 141.643210 -5052.127451 0.777610 0.592138 0.211415 -0.625408 0.763053 0.163143 0.064717 0.259082 -0.963685
5.067617 -98.356989 816.470916 -6585.533174 0.758795 0.617557 0.207011 -0.651059 0.709983 0.268414 -0.018787 0.338448 -0.940798
3.007724 -90.536198 188.152747 -4489.671793 0.767467 0.608098 0.203006 -0.636955 0.759181 0.133914 0.072685 0.232080 -0.969977
3.024766 -87.311213 -2.017678 -196.393275 -0.071802 0.989431 0.125980 0.485887 -0.075608 0.870745 -0.871067 -0.123734 0.475322
2.466732 -82.855322 -645.197559 -274.709133 -0.094451 0.987757 0.124156 0.455418 -0.068028 0.887675 -0.885253 -0.140385 0.443417
3.158530 -85.976417 -109.382998 -697.814170 -0.085898 0.992629 0.085499 0.255927 -0.060953 0.964773 -0.962872 -0.104753 0.248804
-0.700864 -92.798432 1506.888660 475.780227 0.105101 0.994459 0.002259 0.321025 -0.031778 -0.946538 0.941221 -0.100208 0.322586
3.167683 -88.455599 1204.059170 1262.373745 0.106636 0.994260 0.008682 0.359747 -0.030440 -0.932553 0.926936 -0.102567 0.360928
-0.613848 -94.871391 1139.172701 1999.528241 0.096373 0.994522 0.040468 0.482344 -0.011100 -0.875912 0.870664 -0.103934 0.480772
-6.289995 -101.357238 1849.387525 347.129889 0.095048 0.994508 0.043812 0.487335 -0.008109 -0.873178 0.868027 -0.104345 0.485429
-2.504677 -96.354189 1210.331071 348.081958 0.073319 0.994117 0.079728 0.638617 0.014605 -0.769386 0.766024 -0.107326 0.633789
-1.746692 -162.684378 747.499186 14101.995579 0.642695 0.445228 0.623470 0.393297 0.506642 -0.767223 0.657466 -0.738299 -0.150510
-2.188344 -163.717728 -598.604560 15007.998617 0.644840 0.439999 0.624966 0.430930 0.466028 -0.772734 0.631253 -0.767606 -0.110905
-1.355534 -175.675852 364.285602 7767.962197 0.641971 0.438172 0.629188 0.544065 0.317882 -0.776495 0.540246 -0.840807 0.034323
-2.427631 -174.259431 1050.416589 5108.359217 0.647673 0.439172 0.622614 0.510083 0.357094 -0.782495 0.565981 -0.824386 -0.007266
2.435555 -119.249140 1407.332273 11399.356515 0.724099 0.498037 0.477116 -0.183991 -0.527218 0.829571 -0.664701 0.688477 0.290123
-2.914606 -103.889336 -449.281122 -7538.194282 0.705795 0.539846 0.458715 0.040975 0.615329 -0.787205 -0.707230 0.574401 0.412176
5.663842 -121.461851 -3098.032850 7892.623889 0.704398 0.554711 0.442852 -0.173838 -0.470087 0.865332 -0.688188 0.686523 0.234698
-5.506325 -61.098836 -105.573987 4963.857105 -0.646035 -0.705626 -0.291086 0.760873 -0.564874 -0.319359 0.060921 -0.427796 0.901820
-7.467731 -52.537697 -1549.718111 996.776483 -0.637779 -0.721469 -0.269666 0.754451 -0.514701 -0.407292 0.155051 -0.463212 0.872579
-3.267584 -57.446011 -1510.501030 6747.794958 -0.582584 -0.756439 -0.297314 0.806954 -0.494640 -0.322733 0.097065 -0.427938 0.898581
-22.638992 -113.116459 -962.008565 1039.076399 0.656703 0.617570 0.432837 -0.500307 -0.072697 0.862791 -0.564299 0.783149 -0.261234
-23.190504 -111.636640 -1724.026013 -1736.791496 0.638720 0.651655 0.409124 -0.606166 0.098659 0.789195 -0.473920 0.752072 -0.458026
-20.437960 -110.988033 -1907.506669 1079.027684 0.644372 0.656392 0.392345 -0.464707 -0.071350 0.882585 -0.607315 0.751039 -0.259054
79.165856 -84.580071 22123.546817 52727.359984 -0.348764 -0.000392 -0.937210 0.736576 0.618209 -0.274360 0.579500 -0.786013 -0.215321
75.354597 -45.485835 18985.388765 32516.490490 -0.327512 0.022673 -0.944575 0.723669 0.648781 -0.235345 0.607486 -0.760637 -0.228891
49.350411 -65.004513 32130.551130 32513.931584 -0.342449 0.082738 -0.935886 0.746235 0.629172 -0.217431 0.570844 -0.772850 -0.277202
54.553297 -99.373922 32730.766053 44493.036543 -0.237627 0.130021 -0.962615 0.837793 0.528940 -0.135370 0.491565 -0.838640 -0.234621
4.555328 -212.949495 -87575.166264 -5720.532218 0.860047 0.492982 0.131483 0.110071 0.072357 -0.991286 0.498201 -0.867025 -0.007967
49.930335 -269.567903 -22533.412701 -313144.007525 0.832434 0.505495 -0.226997 -0.246795 -0.028565 -0.968647 0.496131 -0.862356 -0.100975
6.362639 -119.963609 10073.947422 -62677.712975 0.792511 0.541938 -0.279695 -0.249583 -0.130247 -0.959554 0.556448 -0.830264 -0.032036
-169.736620 -1357.757244 346309.124298 -1143969.763938 0.375740 0.752369 0.541073 -0.273220 -0.467968 0.840450 -0.885534 0.463623 -0.029728
-46.304961 -1064.931615 33166.666512 398533.896972 0.386719 0.798034 0.462158 -0.445447 -0.277162 0.851327 -0.807481 0.535091 -0.248299
-177.176852 -1150.593908 438735.777016 111169.398192 0.408133 0.757603 0.509377 -0.519682 -0.265934 0.811917 -0.750572 0.596084 -0.285176
-1178.046775 -1357.429998 807295.030424 1552732.905172 -0.001610 0.137085 0.990558 0.454126 0.882626 -0.121410 -0.890936 0.449643 -0.063675
350.172704 -1759.156181 231325.123393 -858446.851551 0.547954 0.836185 0.023248 -0.727909 0.490326 -0.479301 0.412184 -0.245712 -0.877343
502.115446 -3106.833613 402241.075364 -2713039.012834 0.572919 0.819610 -0.001611 -0.267218 0.184931 -0.945725 0.774828 -0.542254 -0.324965
152.448801 -1861.162552 118828.110218 -2986337.169508 0.603923 0.791998 0.089534 -0.182125 0.246484 -0.951880 0.775956 -0.558556 -0.293100
-383.470501 -6181.586855 166713.257550 -9888336.085530 0.594505 0.803308 -0.035505 -0.440740 0.288612 -0.849972 0.672542 -0.520961 -0.525631
21.436751 -5029.913209 135696.676393 7585650.616351 0.630499 0.770682 0.092309 -0.732556 0.630144 -0.257450 0.256580 -0.094700 -0.961872
18.767161 -36.031869 -150.933683 -1849.760188 0.082097 0.981980 -0.170221 -0.893717 -0.003048 -0.448621 0.441056 -0.188960 -0.877362
16.695272 -37.735059 4631.044810 -1700.577216 0.086160 0.991629 -0.096171 -0.883854 0.031534 -0.466699 0.459760 -0.125212 -0.879172
22.550091 -40.284416 3260.453516 -2012.478609 0.064308 0.987445 -0.144281 -0.927428 0.005759 -0.373958 0.368432 -0.157859 -0.916154
15.277868 -35.342142 1965.344575 -581.330518 0.134918 0.986604 -0.091700 -0.844769 0.066166 -0.531025 0.517845 -0.149111 -0.842379
22.069490 -40.406093 -3801.676591 -2197.751226 0.054867 0.970990 -0.232739 -0.935706 -0.031351 -0.351385 0.348488 -0.237054 -0.906841
15.506661 -35.321656 -4471.359841 -2054.000647 0.058752 0.965739 -0.252776 -0.903853 -0.056034 -0.424158 0.423790 -0.253392 -0.869594
14.408667 -32.033226 -2143.899285 -1301.265205 0.125655 0.977741 -0.168028 -0.856099 0.021282 -0.516373 0.501303 -0.208733 -0.839718
6.102989 -38.464315 -308.287851 1518.518574 -0.958807 0.133083 -0.250954 0.116671 0.990004 0.079248 0.258992 0.046704 -0.964750
12.406206 -42.265561 -3627.940543 1667.685857 -0.941914 0.178611 -0.284422 0.178102 0.983617 0.027873 0.284741 -0.024402 -0.958294
6.381790 -46.849454 -2988.335090 2156.868091 -0.952175 0.034962 -0.303545 0.020432 0.998494 0.050914 0.304868 0.042277 -0.951456
-10.987455 -46.112589 643.082823 134.272777 0.201647 0.977663 0.059282 -0.880509 0.154433 0.448169 -0.429003 0.142570 -0.891981
-10.905743 -43.027720 742.685279 95.837919 0.244579 0.967467 0.064718 -0.919068 0.210037 0.333464 -0.309023 0.141038 -0.940539
-13.396720 -47.523686 -115.165546 361.726313 0.232830 0.972359 -0.017554 -0.907619 0.223740 0.355200 -0.349310 0.066769 -0.934625
-12.889277 -48.011267 157.668982 337.714631 0.199886 0.979765 -0.010288 -0.845022 0.177692 0.504345 -0.495967 0.092118 -0.863441
-10.146791 -44.276891 773.100212 512.705120 0.160407 0.984458 0.071497 -0.811018 0.090166 0.578031 -0.562601 0.150706 -0.812876
18.066573 -98.392417 -1225.154104 9304.876334 0.370246 0.922204 0.111616 0.916003 -0.382425 0.121203 -0.154459 -0.057366 0.986332
13.005924 -92.877643 -1557.447854 4018.627076 0.341614 0.924349 0.169938 0.918624 -0.366601 0.147421 -0.198568 -0.105748 0.974366
14.797797 -103.947433 -1010.405962 7206.442019 0.327280 0.934058 0.142908 0.887071 -0.355814 0.294111 -0.325565 -0.030513 0.945027
18.184670 -274.805340 -476.082725 31962.282655 0.778250 0.627545 -0.022675 0.561547 -0.679334 0.472410 -0.281054 0.380386 0.881087
15.478598 -226.931892 -2565.417707 -31794.702084 0.735305 0.675461 0.055488 -0.593701 0.681457 -0.427942 -0.326871 0.281725 0.902101
22.739915 -264.627092 -232.814349 26990.633172 0.729710 0.683620 -0.013690 0.482883 -0.501058 0.718168 -0.484094 0.530665 0.695735
-88.841935 -358.772204 -18528.306369 148050.404078 0.955436 0.223410 -0.192953 -0.085273 -0.416896 -0.904945 0.282615 -0.881071 0.379267
-75.261353 -373.716740 -14952.488121 154408.244183 0.975619 0.206870 -0.073292 0.023075 -0.428785 -0.903112 0.218253 -0.879402 0.423105
-60.455649 -286.238872 -12445.134420 149343.648234 0.973522 0.214368 -0.079375 -0.030385 -0.222805 -0.974389 0.226563 -0.951002 0.210392
-51.632312 -79.354334 -1279.071800 4043.982767 0.130697 -0.982176 0.135087 0.991403 0.130321 -0.011663 -0.006149 0.135450 0.990765
-41.334610 -74.572119 3307.085534 4394.733899 -0.127000 -0.972055 0.197434 0.991394 -0.130771 -0.006128 0.031776 0.194957 0.980297
-40.677885 -69.262020 1172.851530 5524.677177 -0.284748 -0.912744 0.292945 0.951779 -0.305592 -0.027004 0.114169 0.271130 0.955748
41.026062 -40.992776 842.166551 3128.789087 0.209452 0.976762 0.045448 0.221453 -0.002113 -0.975169 0.952412 -0.214316 0.216749
46.168669 -46.722873 -4637.478011 -393.633470 0.300364 0.952502 -0.050212 0.136073 -0.094895 -0.986144 0.944069 -0.289370 0.158113
34.365594 -20.555948 -6390.112323 -7020.125633 0.329677 0.942904 0.047391 0.256549 -0.041166 -0.965654 0.908568 -0.330512 0.255473
48.535282 -4.234316 8263.385752 2491.706429 0.076900 0.883515 0.462048 0.441456 0.385348 -0.810323 0.893981 -0.266287 0.360400
46.633097 8.952320 -25666.544560 -367.844573 0.121824 -0.536392 -0.835130 0.494033 0.762535 -0.417698 0.860866 -0.361696 0.357891
14.570977 -3.910417 -10299.652216 -15995.896971 0.463525 0.877527 -0.122846 0.205787 -0.241459 -0.948340 0.861857 -0.414299 0.292506
-30.575014 -384.416495 -36117.429517 262543.666498 0.604531 0.794747 -0.054036 -0.238425 0.115800 -0.964232 0.760063 -0.595792 -0.259492
4.871751 -14.870476 -1283.586821 -7153.195473 0.050663 -0.447537 -0.892829 0.545530 0.761227 -0.350615 0.836559 -0.469301 0.282711
-35.220922 -740.234337 -18851.634001 296400.312012 0.442689 0.896471 -0.019129 -0.106460 0.031365 -0.993822 0.890333 -0.441990 -0.109324
27.738767 -60.419321 -14755.499521 -13602.202707 0.406432 0.134419 -0.903739 0.268563 0.927850 0.258784 0.873320 -0.347889 0.341008
-48.676841 -262.073817 5547.958208 166687.535908 0.131271 0.991265 0.012739 -0.001568 0.013057 -0.999914 0.991345 -0.131240 -0.003268
-49.833182 -330.173993 -17903.344370 134203.057949 0.412525 0.910613 -0.024632 0.127318 -0.084409 -0.988264 0.902005 -0.404548 0.150758
-7.752622 -3374.268376 -69679.393601 1641123.403789 0.572801 0.818303 -0.047736 -0.387997 0.219372 -0.895173 0.722051 -0.531277 -0.443156
-14.695656 -72.202515 -7799.722883 -1602.550018 0.611868 0.023147 0.790621 -0.063106 0.997814 0.019625 -0.788438 -0.061901 0.611991
18.916873 -115.237125 -3492.107810 7141.047508 0.826468 -0.496798 0.264844 -0.343392 -0.072054 0.936424 0.446130 0.864870 0.230147
8.307480 -104.350087 461.578378 -13872.469929 0.829131 -0.469733 0.303139 -0.162293 0.316645 0.934557 0.534980 0.824067 -0.186306
3.832204 -89.045098 841.140995 -14647.060122 0.823371 -0.500151 0.268159 -0.060199 0.392883 0.917616 0.564302 0.771681 -0.293380
-6.480508 -68.541928 -396.758209 -854.738605 -0.157542 0.978929 0.129920 0.924580 0.100005 0.367630 -0.346891 -0.178038 0.920852
-7.498547 -63.182681 -302.620932 -2080.451819 -0.179612 0.979703 0.089004 0.824499 0.100569 0.556854 -0.536601 -0.173401 0.825828
21.032142 -91.183101 892.715551 -8930.204407 -0.171456 0.983300 0.061026 -0.368987 -0.006658 -0.929411 0.913483 0.181871 -0.363967
20.239439 -84.400394 429.252468 -9786.455467 -0.159201 0.983932 0.080820 -0.187233 0.050287 -0.981027 0.969329 0.171313 -0.176219
21.726465 -96.403477 1815.295882 -12688.903658 -0.242452 0.964665 0.103147 -0.329415 0.018146 -0.944011 0.912526 0.262855 -0.313375
20.207553 -82.405876 -2123.241973 -7908.823206 -0.070480 0.996660 0.041261 -0.220901 0.024742 -0.974982 0.972746 0.077831 -0.218419
22.556925 -99.106981 2147.296713 -741.999929 -0.253199 0.963143 0.090807 -0.532203 -0.060292 -0.844467 0.807868 0.262146 -0.527853
20.907809 -90.715251 1058.284321 3281.824912 -0.188957 0.981160 0.040258 -0.563238 -0.074706 -0.822911 0.804399 0.178170 -0.566743
20.247698 -85.837717 -1795.483709 -5032.475637 -0.085030 0.996256 0.015623 -0.405648 -0.020292 -0.913804 0.910066 0.084038 -0.405854
-5.813930 -90.980069 -496.965716 1286.526645 -0.088994 0.973706 0.209705 0.615127 0.219321 -0.757309 0.783389 -0.061599 0.618471
-7.670980 -88.880833 -602.628453 925.689931 -0.121180 0.969763 0.211836 0.612046 0.241011 -0.753202 0.781482 -0.038381 0.622746
-5.190609 -94.846356 -377.743408 -2293.317468 -0.048925 0.981739 0.183833 0.453574 0.185818 -0.871632 0.889875 -0.040737 0.454383
-6.158009 -96.434327 -461.763723 6181.503642 -0.141753 0.962431 0.231589 0.752528 0.256765 -0.606443 0.643124 -0.088312 0.760653
-4.544322 -94.170808 -352.764144 2153.633112 -0.065646 0.976061 0.207356 0.612241 0.203490 -0.764037 0.787942 -0.076796 0.610942
-4.742678 -99.864779 -365.839917 7146.853488 -0.116870 0.964955 0.234953 0.755228 0.239983 -0.609950 0.644959 -0.106159 0.756808
-11.987643 -85.627312 690.791627 4452.415509 -0.276879 0.912154 0.302180 -0.749959 -0.008526 -0.661429 0.600749 0.409758 -0.686439
-8.269457 -81.658499 1063.895677 2250.641415 -0.299252 0.895982 0.328122 -0.823309 -0.068645 -0.563427 0.482296 0.438752 -0.758213
-8.575573 -80.143791 970.139606 252.651234 -0.274909 0.900835 0.336037 0.895301 0.112429 0.431041 0.350516 0.419351 -0.837427
-8.692515 -44.663428 -729.186102 663.049222 -0.247215 0.964953 -0.088037 0.357937 0.175375 0.917129 -0.900426 -0.195216 0.388747
-9.092869 -43.923837 -741.972055 -797.125968 -0.241431 0.966894 -0.082624 0.473626 0.191719 0.859606 -0.846988 -0.168403 0.504233
-11.669397 -43.550433 -1056.921536 -532.193933 -0.220571 0.970491 -0.097443 0.504776 0.199064 0.839985 -0.834595 -0.136089 0.533789
2.802352 -41.455181 1730.877233 -1786.112288 -0.240460 0.970578 -0.012525 -0.527779 -0.119906 0.840876 -0.814634 -0.208807 -0.541084
10.643315 -38.217672 3959.211224 -52.701052 -0.211840 0.976884 -0.028657 -0.621247 -0.111967 0.775575 -0.754438 -0.182101 -0.630605
0.221962 -40.865712 1845.117088 -980.342355 -0.255389 0.966763 0.012039 -0.535713 -0.151862 0.830632 -0.804853 -0.205685 -0.556692
-2.823879 -44.872716 516.286161 -2273.391624 -0.272449 0.962068 0.014057 -0.433322 -0.135731 0.890959 -0.859071 -0.236650 -0.453865
-3.898017 -41.505040 1014.582628 128.102803 -0.258237 0.966072 -0.004182 -0.553120 -0.144301 0.820509 -0.792068 -0.214199 -0.571618
-4.201659 -43.842590 419.062788 -1538.843319 -0.281745 0.959394 0.013548 -0.448746 -0.144237 0.881943 -0.848084 -0.242403 -0.471162
-15.435807 -86.706784 -2429.000033 3618.768370 -0.781060 0.253544 -0.570666 -0.135220 0.823509 0.550953 0.609639 0.507493 -0.608926
-14.758821 -86.440268 1920.130006 564.406734 0.804570 -0.254284 0.536662 -0.182259 0.754344 0.630672 0.565197 0.605232 -0.560577
-16.749458 -84.332645 801.040503 -1061.165315 0.824884 -0.248311 0.507847 -0.159026 0.760157 0.629978 0.542474 0.600420 -0.587553
-10.954285 -50.223227 -60.523740 -1802.817302 -0.150526 0.987107 -0.054423 0.748517 0.149758 0.645983 -0.645805 -0.056501 0.761409
-4.924317 -75.338600 -1908.160873 -1853.525861 0.887808 0.017888 0.459866 0.132007 0.947357 -0.291701 -0.440875 0.319680 0.838710
-6.805295 -84.562781 -716.541941 -1812.336171 0.895528 -0.016097 0.444714 0.139807 0.958923 -0.246822 -0.422473 0.283210 0.860993
-8.280505 -94.482893 -190.748058 9312.457313 0.878431 -0.100047 0.467278 -0.270910 -0.909781 0.314493 -0.393657 0.402851 0.826284
-7.493477 -102.458474 690.496259 8084.275402 0.892036 -0.107909 0.438894 -0.258420 -0.918462 0.299410 -0.370798 0.380503 0.847187
-7.268981 -94.293086 60.484438 -1962.576697 0.904841 -0.032316 0.424522 0.134143 0.967968 -0.212233 -0.404065 0.248984 0.880192
2.669014 -132.152736 1432.060751 430.777273 0.858625 -0.146425 0.491247 -0.512378 -0.216645 0.830984 0.015251 0.965207 0.261041
5.007080 -133.489391 1871.801141 3549.442385 0.878073 -0.127704 0.461173 -0.478415 -0.255205 0.840232 -0.010393 0.958416 0.285184
5.829626 -135.767128 1745.141241 1055.882243 0.853073 -0.147378 0.500546 -0.506610 -0.004221 0.862165 0.124951 0.989071 0.078264
