19607
39194
-33.427367 -57.561569 -1686.151732 7244.618370 0.570879 0.804602 -0.163440 0.632611 -0.557953 -0.537114 0.523355 -0.203233 0.827524
-37.645526 -69.529626 -2901.448100 4851.801013 0.498039 0.860944 -0.103593 0.749814 -0.487571 -0.447274 0.435587 -0.145085 0.888377
-37.868392 -65.809149 1664.879814 8931.875633 0.352461 0.935020 0.038834 0.796079 -0.277755 -0.537690 0.491964 -0.220430 0.842248
-35.566500 -59.063338 -1144.204853 6352.185212 0.598110 0.745360 -0.294454 0.594893 -0.659119 -0.460069 0.536997 -0.100003 0.837635
-27.307270 -47.582452 -1909.406652 7839.742671 0.627822 0.757194 -0.180268 0.539980 -0.590509 -0.599767 0.560590 -0.279206 0.779604
-28.965473 -48.659270 339.384182 -4851.357468 0.707374 0.589960 -0.389320 -0.394150 0.786431 0.475576 0.586744 -0.182959 0.788833
10.907630 -38.559845 -33497.098586 -1051.012252 0.528930 0.595429 -0.604729 -0.235583 -0.581545 -0.778656 0.815312 -0.554319 0.167324
-31.207823 -38.395368 -751.220805 -1976.400519 0.487442 0.863664 0.128393 0.142619 0.066318 -0.987553 0.861429 -0.499686 0.090848
-14.615557 -39.822305 -18036.552691 407.650423 0.539403 0.813196 -0.218534 0.041594 -0.284941 -0.957642 0.841020 -0.507465 0.187522
28.361831 -45.494236 -47302.558194 2009.531617 0.592698 0.745520 -0.304810 -0.000928 -0.377813 -0.925881 0.805425 -0.549050 0.223237
-2.322392 -44.384053 -32987.883143 1041.204125 0.535197 0.842646 -0.059267 0.192848 -0.190190 -0.962620 0.822420 -0.503762 0.264291
-36.473688 -45.941458 -5789.700924 -962.266745 0.365537 0.865565 0.342317 0.347370 0.214340 -0.912903 0.863549 -0.452610 0.222322
2.335413 -311.420761 -21809.565803 328687.829884 0.838398 0.471652 -0.273190 -0.420940 0.241872 -0.874247 0.346263 -0.847964 -0.401322
82.351793 -31.671151 14028.124516 4175.869336 0.559545 0.516375 0.648279 0.472528 0.443849 -0.761390 0.680901 -0.732363 -0.004352
9.069457 -934.636180 10179.074643 866334.499193 0.707506 0.646927 -0.284466 -0.574898 0.292761 -0.764057 0.411008 -0.704114 -0.579047
-32.340542 -566.302350 -6728.911316 416337.657138 0.757628 0.534626 -0.374399 -0.486762 0.080678 -0.869801 0.434813 -0.841229 -0.321360
-138.696446 -942.048415 -58759.224303 778027.243532 0.845380 0.530840 -0.059505 -0.450354 0.648398 -0.613808 0.287251 -0.545700 -0.787209
57.486839 -74.839341 -18348.392552 -10632.287280 -0.291730 0.866763 0.404494 0.536292 -0.201944 0.819518 -0.792013 -0.456004 0.405925
65.688963 -80.543452 -15421.987176 -2776.025064 -0.285017 0.893010 0.348279 0.657794 -0.082059 0.748715 -0.697189 -0.442492 0.564028
29.607237 -89.059523 -11718.969573 -947.168867 -0.284302 0.809664 0.513435 0.630112 -0.245826 0.736565 -0.722586 -0.532929 0.440290
87.035579 -75.466120 -17037.023781 -13838.109772 -0.226767 0.938518 0.260310 0.542693 -0.100176 0.833936 -0.808740 -0.330378 0.486610
23.497437 -87.015663 -11703.033447 928.663224 -0.251281 0.823804 0.508139 0.491594 -0.343611 0.800167 -0.833782 -0.450865 0.318634
48.321863 -74.773766 -18841.453513 5196.956634 -0.268541 0.849978 0.453236 0.495764 -0.281463 0.821582 -0.825896 -0.445327 0.345804
81.696826 -68.740406 -24899.542254 -3786.742327 -0.256418 0.891334 0.373863 0.490830 -0.213136 0.844783 -0.832668 -0.400120 0.382842
-16.617910 -53.139529 -3468.756112 194.725101 -0.340608 0.940160 -0.009249 0.927224 0.334259 -0.168898 0.155700 0.066104 0.985590
-5.719661 -51.815187 -4397.921846 1349.766687 -0.263910 0.964242 0.024261 0.935614 0.262027 -0.236576 0.234474 0.039736 0.971310
-20.120380 -50.207729 -3310.845304 895.832484 -0.345803 0.938271 -0.008185 0.884879 0.323199 -0.335456 0.312103 0.123244 0.942020
-25.981875 -51.273663 -3110.859256 -63.967408 -0.408969 0.911326 -0.047218 0.899817 0.394111 -0.187099 0.151899 0.119005 0.981206
-27.485193 -47.901121 -3202.297687 1277.542881 -0.389111 0.920155 -0.043682 0.817537 0.323086 -0.476707 0.424531 0.221204 0.877976
-29.312707 -50.103906 -3168.013822 260.698458 -0.377852 0.923452 -0.066813 0.881930 0.337017 -0.329575 0.281830 0.183455 0.941762
-19.822208 -46.317320 -3205.872882 1667.189283 -0.370935 0.928471 0.018646 0.805525 0.331678 -0.491039 0.462101 0.167124 0.870938
9.869965 -99.128320 -1243.064956 5577.505408 0.283509 0.934334 -0.215970 -0.782081 0.355602 0.511759 -0.554953 -0.023818 -0.831541
15.112300 -101.743158 -4677.248978 2598.834641 0.193463 0.965374 -0.174999 -0.808890 0.257887 0.528385 -0.555220 -0.039332 -0.830773
3.736359 -89.623566 -452.394506 5945.244451 0.237580 0.957895 -0.161225 -0.671735 0.281908 0.685055 -0.701661 0.054455 -0.710427
2.090977 -82.715709 1676.599445 6902.159587 0.295261 0.932554 -0.207760 -0.656272 0.355996 0.665262 -0.694355 0.060079 -0.717121
-2.259361 -69.731950 1753.495625 6272.946464 0.242172 0.959134 -0.146336 -0.543810 0.259091 0.798212 -0.803507 0.113725 -0.584332
-2.210009 -77.496351 521.071359 7396.746511 0.186573 0.978714 -0.085500 -0.532252 0.173845 0.828544 -0.825771 0.109077 -0.553357
-7.053435 -81.947378 -1182.934628 -204.929690 0.203822 0.975453 0.083350 -0.958867 0.216085 -0.184067 0.197560 0.042405 -0.979373
-10.698553 -80.530470 -877.386337 1587.520843 0.192401 0.972587 0.130597 -0.962524 0.212958 -0.167916 0.191125 0.093396 -0.977112
-7.316472 -85.349037 -1321.165707 3807.555534 0.216800 0.972468 0.085463 -0.917131 0.232891 -0.323470 0.334468 0.008252 -0.942371
-3.089863 -87.722559 -1089.139801 3437.855515 0.226644 0.970670 0.080197 -0.915180 0.240414 -0.323492 0.333285 0.000077 -0.942826
-3.438831 -93.735756 -1106.142067 5037.234276 0.238784 0.967179 0.086875 -0.846430 0.251150 -0.469552 0.475960 -0.038588 -0.878620
-7.677692 -91.384517 -1303.197148 4098.522908 0.221629 0.970707 0.092779 -0.844922 0.238663 -0.478693 0.486814 -0.027702 -0.873066
-32.859002 -59.501271 8588.688679 3289.885165 0.927391 -0.287164 -0.239755 -0.356410 -0.483524 -0.799485 -0.113656 -0.826887 0.550764
-9.848854 -49.639414 13662.815959 1959.774531 0.782929 -0.372742 -0.498081 -0.617830 -0.372112 -0.692689 -0.072853 -0.850056 0.521629
-31.500873 -58.762252 7583.707600 1581.876834 0.955192 -0.225055 -0.192246 -0.290388 -0.586806 -0.755866 -0.057300 -0.777823 0.625865
-5.904779 -49.986406 18421.011210 1572.637658 0.718652 -0.392305 -0.574140 -0.683467 -0.246383 -0.687145 -0.128112 -0.886224 0.445191
-43.395233 -66.155481 4453.044893 1539.945083 0.987225 -0.151430 0.049545 -0.059857 -0.640674 -0.765477 -0.147659 -0.752733 0.641553
-31.328929 -55.395220 12682.558676 2324.617078 0.827111 -0.390248 -0.404467 -0.534161 -0.321980 -0.781666 -0.174813 -0.862575 0.474768
-47.603674 -66.372326 3622.548464 4255.127112 0.974701 -0.204035 0.091257 -0.047301 -0.587335 -0.807960 -0.218451 -0.783203 0.582127
189.478877 -67.986188 -64754.191114 2242.636600 0.718662 -0.646301 0.256554 -0.694188 -0.645433 0.318621 0.040337 0.407077 0.912503
224.092092 -73.108706 -29069.994395 2095.308588 0.698677 -0.714485 0.036914 -0.686186 -0.654616 0.317217 0.202482 0.246962 0.947634
196.441586 -77.466093 -38557.520468 2790.001260 0.668599 -0.736586 0.102062 0.738895 0.642608 -0.202705 0.083723 0.210942 0.973907
12.782871 -28.581698 433.491631 -1462.184654 -0.594437 0.764407 -0.249652 0.639684 0.637629 0.429225 -0.487288 -0.095449 0.868009
6.024463 -25.598587 -1102.115483 -1361.279984 -0.642879 0.715397 -0.273703 0.555693 0.681533 0.476149 -0.527173 -0.154011 0.835685
2.777079 -31.728116 -3905.510992 -46.855678 0.672451 -0.646038 0.361172 0.523603 0.760122 0.384777 -0.523115 -0.069633 0.849412
7.712154 -33.773928 6627.643855 -369.991439 -0.608150 0.718768 -0.336937 0.632902 0.695224 0.340732 -0.479153 0.006032 0.877711
-4.087096 -36.025920 -6102.930877 3008.729580 0.735269 -0.505183 0.451851 0.391658 0.860780 0.325058 -0.553158 -0.062034 0.830763
-2.550484 -37.604729 -8715.036783 1540.728904 0.681027 -0.601013 0.418312 0.523207 0.799056 0.296250 -0.512305 0.017109 0.858633
-11.177659 -107.455942 3962.244345 3565.295421 0.364644 -0.337156 0.867963 0.704424 -0.509719 -0.493937 0.608951 0.791525 0.051635
-8.242982 -114.622890 3857.440050 4939.961129 0.373665 -0.343015 0.861810 0.799288 -0.352364 -0.486804 0.470652 0.870736 0.142501
-2.198965 -108.611047 3081.921972 2952.721151 0.347661 -0.326980 0.878758 0.720116 -0.507098 -0.473586 0.600470 0.797456 0.059166
-3.027300 -99.268062 -2896.819579 -3037.272091 -0.340976 0.313728 -0.886177 -0.571082 0.679662 0.460353 0.746727 0.663049 -0.052584
6.595916 -115.100909 2114.819023 4783.101844 0.343969 -0.317306 0.883743 0.789292 -0.412110 -0.455174 0.508629 0.854097 0.108694
5.026871 -105.317136 2310.549538 4227.373248 0.337944 -0.312600 0.887736 0.665339 -0.587780 -0.460258 0.665671 0.746187 0.009348
-6.191616 -191.150759 -875.646511 25959.572210 -0.474630 -0.168279 -0.863949 0.633424 0.616228 -0.468014 0.611147 -0.769380 -0.185889
-7.882989 -159.328527 7.106043 19332.088837 -0.478181 -0.128078 -0.868872 0.542458 0.734975 -0.406880 0.690712 -0.665888 -0.281974
-6.530289 -164.183673 -833.780446 19917.206631 -0.449045 -0.138771 -0.882667 0.517190 0.765185 -0.383414 0.728610 -0.628677 -0.271831
-3.018602 -135.899655 -2325.055185 1452.270280 0.392248 -0.153608 0.906943 -0.533979 0.764803 0.360476 -0.749005 -0.625685 0.217969
-1.970243 -144.056944 3146.156949 -941.982589 -0.367708 0.135178 -0.920064 0.676583 -0.639875 -0.364411 -0.637987 -0.756496 0.143828
-7.611165 -149.323928 -1855.211967 3175.695813 0.423141 -0.150698 0.893444 -0.498105 0.785007 0.368313 -0.756864 -0.600877 0.257105
-2.786452 -225.707893 -921.736420 -5861.443405 -0.513937 -0.194466 -0.835495 0.854052 -0.024712 -0.519600 0.080398 -0.980598 0.178784
-1.476017 -214.808371 -481.589604 -19706.835900 -0.528876 -0.184013 -0.828511 0.834863 -0.288353 -0.468888 -0.152622 -0.939676 0.306128
-3.809813 -215.338559 -373.169980 -8168.502276 -0.529435 -0.177956 -0.829476 0.847841 -0.077107 -0.524615 0.029400 -0.981013 0.191701
9.182235 -80.805969 -1083.370435 9923.593612 0.449186 -0.513199 0.731340 0.722527 -0.272835 -0.635229 0.525534 0.813749 0.248247
-2.028063 -62.501694 -4069.729670 5594.457952 0.490181 -0.519060 0.700214 0.622692 -0.353585 -0.698020 0.609900 0.778174 0.149893
5.267054 -67.466956 221.308196 7714.170612 0.517127 -0.554168 0.652286 0.613445 -0.291487 -0.733976 0.596879 0.779700 0.189216
6.574530 -91.929861 -3343.342528 9885.382536 0.473702 0.520557 0.710371 -0.490989 0.825726 -0.277679 -0.731120 -0.217248 0.646736
-3.959709 -75.362137 -2878.524132 12126.160710 0.499669 0.460169 0.733877 -0.300487 0.886694 -0.351400 -0.812427 -0.044936 0.581328
7.571817 -71.351583 -4417.935578 12366.526994 0.481548 0.478363 0.734357 -0.337673 0.874484 -0.348217 -0.808758 -0.080289 0.582636
-0.153286 -235.023078 -1058.326246 -24000.732629 -0.513363 -0.191941 -0.836431 0.853027 -0.220693 -0.472905 -0.093825 -0.956271 0.277026
0.838100 -229.448657 -754.527582 -48285.959557 -0.506548 -0.200468 -0.838583 0.817047 -0.422259 -0.392596 -0.275396 -0.884031 0.377686
1.471896 -211.461093 -763.248779 -40019.590412 -0.526235 -0.185210 -0.829924 0.788144 -0.472634 -0.394268 -0.319227 -0.861577 0.394689
36.971803 -268.515172 -18848.556340 1612.958431 -0.439502 0.405800 -0.801351 0.282006 0.909363 0.305830 0.852825 -0.091572 -0.514105
54.430089 -268.915892 -17381.622896 -14763.625002 -0.455095 0.392238 -0.799399 0.468313 0.868996 0.159778 0.757345 -0.301654 -0.579165
25.688940 -260.737197 -14103.853067 -14895.607231 -0.446136 0.342769 -0.826724 0.307178 0.926280 0.218279 0.840597 -0.156569 -0.518538
4.949682 -254.933355 -15281.041808 -252.448093 -0.428911 0.357240 -0.829708 0.099143 0.931549 0.349838 0.897890 0.067789 -0.434969
21.272303 -247.936501 -17112.185030 28332.910692 -0.432325 0.423180 -0.796250 0.036558 0.890536 0.453441 0.900977 0.166924 -0.400472
346.211463 -1062.509645 504222.350116 586352.511112 -0.479687 -0.224299 -0.848287 -0.199796 0.969300 -0.143316 0.854390 0.100738 -0.509775
138.361733 -1082.153551 105966.455434 340902.209006 -0.515490 0.078571 -0.853286 -0.160184 0.969398 0.186034 0.841790 0.232581 -0.487129
197.667112 -1767.028875 84382.713390 -231823.799967 -0.528943 0.073401 -0.845477 0.231934 0.970828 -0.060818 0.816349 -0.228264 -0.530538
-24.841775 -729.274398 244102.511119 611888.898417 -0.268267 -0.074455 -0.960463 -0.610728 0.784192 0.109792 0.745013 0.616035 -0.255845
-61.985226 -177.256285 -3981.535319 95848.541282 0.334845 -0.198807 -0.921062 0.941964 0.045592 0.332604 -0.024131 -0.978978 0.202535
-61.994411 -73.373556 -3329.865257 -25479.954602 0.792053 -0.036662 -0.609351 -0.600721 -0.224335 -0.767338 0.108566 -0.973822 0.199709
-59.497179 -154.368276 -34719.364087 -11793.031271 0.724883 -0.189681 -0.662243 -0.686511 -0.278442 -0.671694 0.056989 -0.941537 0.332056
-2.238718 -34.287411 2514.566875 -1447.566376 0.377620 0.924050 0.059457 0.519589 -0.264608 0.812410 -0.766440 0.275889 0.580047
-4.018287 -31.958381 2793.644528 -631.096785 0.325868 0.945001 -0.028000 0.513362 -0.151999 0.844604 -0.793895 0.289603 0.534659
-9.892931 -37.797035 4592.714610 -1510.027373 0.342449 0.939513 0.006582 0.531578 -0.199525 0.823174 -0.774696 0.278396 0.567751
-7.956382 -40.978986 4919.204287 -2621.566554 0.414902 0.903665 0.106049 0.530359 -0.334903 0.778819 -0.739307 0.266889 0.618219
-0.406995 -36.850379 2290.567838 -1859.608846 0.428457 0.893077 0.137250 0.525134 -0.369733 0.766506 -0.735295 0.256341 0.627400
55.171186 22.759023 21780.268960 1867.859514 -0.363467 -0.160613 -0.917657 -0.490380 0.870502 0.041871 0.792098 0.465220 -0.395160
46.327964 21.709695 16114.416498 -266.705280 -0.273221 -0.252393 -0.928250 -0.549443 0.833016 -0.064776 0.789597 0.492322 -0.366273
50.537435 23.665697 -1215.917113 -911.111607 -0.175574 0.039967 -0.983655 -0.479836 0.868980 0.120954 0.859611 0.493230 -0.133393
-12.682341 -28.934020 -722.327199 -318.508468 -0.256323 0.964757 0.059519 0.560784 0.198581 -0.803795 0.787286 0.172654 0.591921
-15.587008 -29.361772 -198.951502 -712.012974 -0.297150 0.946930 0.122577 0.478866 0.258857 -0.838856 0.826069 0.190568 0.530372
-14.915100 -31.090412 425.665458 -795.691350 -0.408454 0.883729 0.228449 0.422699 0.404956 -0.810762 0.809006 0.234594 0.538958
-14.319357 -28.567746 -1735.428134 -675.040761 -0.121339 0.990190 -0.069291 0.541310 0.007496 -0.840790 0.832022 0.139528 0.536909
-10.752444 -28.412317 -1173.121538 165.868201 -0.094824 0.989597 -0.108197 0.595433 -0.030721 -0.802817 0.797789 0.140551 0.586326
-12.893275 -29.895961 -1428.416862 -840.470333 0.032299 0.963774 -0.264759 0.530973 -0.240971 -0.812404 0.846773 0.114340 0.519521
-10.842921 -29.340727 13.317170 -156.069708 0.030014 0.965187 -0.259833 0.576951 -0.229003 -0.784019 0.816227 0.126379 0.563739
-13.310831 -32.519477 228.323839 -1432.083669 0.137185 0.904701 -0.403356 0.484353 -0.416471 -0.769385 0.864050 0.089818 0.495329
-15.428913 -33.477083 -1200.797181 -1588.145233 0.131020 0.896377 -0.423488 0.425271 -0.436689 -0.792747 0.895532 0.076232 0.438418
-16.849903 -30.397600 -1913.316904 -1187.951647 0.010047 0.965647 -0.259663 0.473834 -0.233268 -0.849157 0.880557 0.114506 0.459900
29.990715 -188.001464 -2676.547569 -19818.385557 0.296500 0.901963 -0.313927 0.616891 0.070055 0.783925 -0.729063 0.426092 0.535642
25.091657 -176.387117 -1316.934728 -7692.630699 0.305577 0.944248 -0.122552 0.558584 -0.073541 0.826182 -0.771108 0.320918 0.549914
9.264191 -156.257773 -882.768806 -9009.779881 0.304834 0.919563 -0.247952 0.398359 0.113371 0.910196 -0.865094 0.376232 0.331757
45.522395 -211.317337 -3916.955014 -17155.660883 0.294307 0.945173 -0.141534 0.744096 -0.133679 0.654561 -0.599753 0.297957 0.742642
18.434369 -157.580368 -2716.655073 -17303.161444 0.275494 0.858153 -0.433215 0.430739 0.292685 0.853698 -0.859399 0.421791 0.289007
53.820940 -226.953585 -4085.602271 -20065.964652 0.295048 0.891423 -0.343964 0.798899 -0.032686 0.600577 -0.524125 0.451991 0.721801
39.676853 -205.271378 -1680.814295 -25155.925298 0.287437 0.821181 -0.492992 0.655152 0.206899 0.726615 -0.698682 0.531840 0.478528
-90.517614 -252.145970 -13769.549014 178306.593378 0.654432 -0.137448 -0.743523 0.727323 -0.154368 0.668709 -0.206689 -0.978406 -0.001054
-67.626115 -224.644201 -14214.281623 138938.601590 0.506989 -0.136576 -0.851063 0.831490 -0.182681 0.524645 -0.227127 -0.973640 0.020945
-105.730497 -312.596465 -36267.706755 145131.909063 0.585549 -0.155514 -0.795580 0.711320 -0.372130 0.596275 -0.388788 -0.915060 -0.107280
99.598857 5.326594 71865.114564 28857.210342 0.683015 -0.005647 0.730382 0.201940 0.962452 -0.181403 -0.701933 0.271395 0.658509
159.024353 -0.637352 117253.264695 -21388.205194 0.718383 -0.107077 0.687357 0.169875 0.985172 -0.024073 -0.674587 0.134058 0.725920
86.667796 -6.512928 77799.642158 18589.758333 0.669818 -0.373439 0.641785 0.352092 0.920715 0.168271 -0.653740 0.113256 0.748196
33.218547 -43.285054 37912.117881 36530.581527 0.520876 -0.564752 0.640112 0.477710 0.814301 0.329708 -0.707447 0.134051 0.693938
9.189464 -57.309722 -40146.524697 13746.743381 -0.457411 0.739081 -0.494505 0.563651 0.671078 0.481615 -0.687803 0.058432 0.723542
-28.534812 -78.045138 -10658.042008 -28176.212704 0.389386 0.753242 0.530099 -0.098087 -0.538339 0.837000 -0.915837 0.377912 0.135738
-8.883430 -102.043693 -38383.939830 -24421.076331 0.261048 0.813444 0.519772 0.053197 -0.549747 0.833636 -0.963859 0.189969 0.186783
-34.375862 -105.101497 -13198.641322 -25624.956285 0.381112 0.741886 0.551687 0.032526 -0.607112 0.793950 -0.923957 0.284640 0.255508
-180.739269 -738.601180 -382570.792707 -698195.048885 -0.685639 -0.629292 -0.365912 -0.679477 0.733606 0.011544 0.261171 0.256544 -0.930578
-100.712855 -1233.777550 -23623.583258 -998404.496061 0.181010 0.976329 0.118393 -0.907941 0.119624 0.401663 -0.377992 0.180199 -0.908103
-136.841849 -1320.469771 -27715.065987 1027926.624664 0.179850 0.934494 0.307204 0.939930 -0.071139 -0.333872 -0.290147 0.348797 -0.891154
-545.549517 -3408.073793 -251413.911755 1998116.693516 0.218205 0.927632 -0.303125 -0.042726 0.319392 0.946659 -0.974967 0.193615 -0.109327
-377.533620 -1528.077713 12482.361288 878905.400847 0.060507 0.831603 0.552065 -0.243825 -0.524010 0.816066 -0.967930 0.183985 -0.171059
14.846327 -94.534704 2401.135591 20577.001996 -0.277809 0.954885 -0.104964 -0.576176 -0.078199 0.813576 -0.768664 -0.286497 -0.571906
11.780699 -90.857837 1176.041006 19029.195354 -0.270069 0.959827 -0.076120 -0.621274 -0.113319 0.775356 -0.735582 -0.256691 -0.626920
15.513738 -64.272750 -357.843164 16851.628460 -0.200547 0.963161 -0.179168 -0.567258 0.034945 0.822799 -0.798749 -0.266644 -0.539353
13.088968 -45.950710 4013.421218 -844.780738 -0.421621 0.855171 0.301526 0.788519 0.181579 0.587594 0.447743 0.485501 -0.750876
11.103469 -46.626392 -1885.741813 -1008.418180 -0.419483 0.861191 0.287025 0.787578 0.188045 0.586822 0.451392 0.472217 -0.757137
11.884075 -45.320176 3130.525114 -871.489828 -0.429407 0.854958 0.290958 0.827007 0.242809 0.507054 0.362862 0.458357 -0.811320
11.615920 -47.118417 -1582.027231 248.104609 -0.406228 0.866542 0.289972 -0.737819 -0.123842 -0.663541 0.539076 0.483495 -0.689659
18.793541 -44.365426 6632.001718 124.461357 -0.427307 0.856935 0.288219 0.820499 0.233668 0.521710 0.379724 0.459414 -0.802963
19.542478 -45.251270 7127.056573 -293.782878 -0.428263 0.854778 0.293165 0.780731 0.186634 0.596344 0.455027 0.484275 -0.747280
13.714958 -46.602503 3698.070917 859.910866 -0.413923 0.859049 0.301169 -0.742637 -0.127329 -0.657479 0.526459 0.495804 -0.690666
25.771275 -43.462926 7154.890377 -1580.630062 -0.436696 0.876601 -0.202155 0.274298 -0.084267 -0.957945 0.856771 0.473781 0.203651
6.478394 -42.977208 3171.548037 -361.101053 -0.463571 0.873175 -0.150558 0.327721 0.011096 -0.944709 0.823226 0.487281 0.291301
7.205304 -45.575109 2412.073474 -948.016836 -0.429582 0.879657 -0.204116 0.215170 -0.119814 -0.969199 0.877018 0.460270 0.137806
18.278698 -48.609827 3990.813315 -1396.509597 -0.389488 0.897116 -0.208523 0.113680 -0.177845 -0.977470 0.913989 0.404417 0.032715
42.069519 -47.024855 9215.110651 -2361.077436 -0.362966 0.924375 -0.117415 0.176310 -0.055602 -0.982763 0.914970 0.377411 0.142795
-9.149374 -94.214830 1817.388448 -1.227487 -0.490866 0.871062 0.017386 0.508658 0.302730 -0.805991 0.707331 0.386790 0.591672
-8.030711 -94.174181 -42.559506 3779.728757 -0.484291 0.871061 0.081939 0.439534 0.323206 -0.838062 0.756487 0.369851 0.539387
-6.558689 -85.636613 1549.460022 9990.804170 -0.488940 0.872135 0.017860 0.334602 0.206415 -0.919475 0.805593 0.443592 0.392742
-10.734687 -100.160409 523.791568 -5210.766530 -0.491576 0.867161 0.079909 0.601578 0.404498 -0.688829 0.629649 0.290540 0.720506
-3.339827 -86.723106 1735.972295 7012.857784 -0.479579 0.876911 -0.032096 0.402093 0.187098 -0.896279 0.779952 0.442743 0.442328
-10.393611 -95.108572 1834.954855 -5761.211111 -0.500014 0.865407 0.032491 0.645883 0.397645 -0.651701 0.576907 0.304874 0.757780
-5.031107 -90.783847 1752.439316 -961.301593 -0.485729 0.873982 -0.014935 0.557637 0.296667 -0.775261 0.673134 0.384895 0.631464
-7.374811 -111.217124 -523.923214 -5051.865825 -0.467157 0.878442 0.100518 0.839211 0.404733 0.363202 -0.278369 -0.254029 0.926272
-9.111167 -119.740161 619.822261 -6576.293406 0.453753 -0.885446 -0.100467 0.885557 0.435456 0.161761 -0.099481 -0.162369 0.981703
-7.708870 -107.191550 96.393673 -5278.547994 -0.488701 0.870986 0.050536 0.819988 0.438759 0.367572 -0.297977 -0.221072 0.928621
-6.120965 -124.819972 1105.456690 -7356.345120 0.438551 -0.886467 -0.147814 0.894958 0.415770 0.161816 -0.081988 -0.203252 0.975688
-5.478748 -93.155837 253.187933 -2422.525239 -0.504179 0.862609 0.041349 0.735177 0.403590 0.544637 -0.453121 -0.304993 0.837652
-5.483074 -96.648581 -229.130635 -2449.176585 -0.488836 0.867917 0.088088 0.754038 0.369586 0.542985 -0.438710 -0.331853 0.835109
-5.157790 -115.820792 878.570745 -4770.781875 0.458642 -0.877137 -0.142401 0.849659 0.385934 0.359353 -0.260244 -0.285807 0.922273
0.581660 -76.203599 137.937761 4400.593126 -0.552720 0.833187 0.017334 0.246965 0.143895 0.958281 -0.795933 -0.533942 0.285302
1.007465 -73.116828 159.171388 -1828.555252 -0.560607 0.828067 0.004990 0.350698 0.231958 0.907307 -0.750154 -0.510393 0.420439
2.425515 -77.713752 454.144392 3397.559205 -0.549013 0.835139 0.033586 0.254863 0.129004 0.958333 -0.796009 -0.534697 0.283671
-4.880343 -43.701064 -4462.401283 -806.369927 -0.093716 0.990734 0.098307 0.994457 0.088423 0.056893 0.047674 0.103094 -0.993529
3.811090 -44.530225 -5269.335691 -684.230458 -0.128892 0.987584 0.089798 0.988343 0.120535 0.093002 0.081023 0.100739 -0.991608
-2.754818 -43.495026 -4477.570897 -385.459548 -0.122267 0.988024 0.094128 0.991895 0.124946 -0.023094 -0.034578 0.090541 -0.995292
-9.404596 -43.070796 -1717.329369 -463.840763 -0.059891 0.990566 0.123255 0.995603 0.068188 -0.064229 -0.072028 0.118866 -0.990294
-9.853694 -43.639058 -1174.697207 -910.095732 -0.057316 0.988770 0.138018 0.998340 0.055968 0.013632 0.005754 0.138571 -0.990336
2.344834 -171.351773 -2083.891367 59624.482128 -0.539626 0.833258 -0.120349 0.825903 0.496195 -0.267722 -0.163365 -0.243867 -0.955950
5.122096 -119.746999 -2114.296169 32549.707516 -0.484524 0.865111 -0.129690 0.873674 0.471117 -0.121421 -0.043944 -0.172138 -0.984092
6.383978 -189.883646 -1087.989103 75255.365202 -0.527010 0.843907 -0.100409 0.837026 0.494962 -0.233238 -0.147133 -0.206964 -0.967222
84.001978 -52.153528 -47285.736239 7611.196186 0.289411 -0.945364 -0.150096 0.944430 0.256483 0.205593 -0.155863 -0.201256 0.967059
147.314265 -63.067907 -87590.961520 4758.688968 0.245935 -0.948130 -0.201408 0.949843 0.194331 0.245017 -0.193168 -0.251565 0.948368
63.036797 -59.460139 40755.158293 3180.171193 -0.222974 0.964971 0.138254 0.938453 0.174106 0.298318 -0.263797 -0.196262 0.944400
23.656455 -52.852951 14768.602563 5452.057021 -0.311725 0.942418 0.121142 0.922860 0.269945 0.274696 -0.226177 -0.197426 0.953869
7.110279 -58.946007 8121.424687 2639.138155 -0.273805 0.951843 0.137932 0.900608 0.203407 0.384097 -0.337544 -0.229391 0.912932
46.331319 -63.022327 33533.384187 -474.950662 -0.157074 0.976657 0.146520 0.913301 0.087199 0.397842 -0.375779 -0.196308 0.905678
-8.528686 -174.867695 2248.432901 -4700.034245 -0.496856 0.832811 -0.244051 0.400089 -0.029734 -0.915994 0.770106 0.552759 0.318425
-5.011782 -165.026952 1360.564668 5870.769950 -0.495178 0.828966 -0.260028 0.240179 -0.157017 -0.957946 0.834933 0.536807 0.121349
-4.552316 -165.724907 1365.677603 -3530.873830 -0.501079 0.831104 -0.241218 0.426284 -0.005531 -0.904572 0.753128 0.556089 0.351515
-8.274214 -168.795161 2051.875531 -11373.115807 -0.502936 0.834284 -0.225888 0.568726 0.122632 -0.813334 0.650851 0.537523 0.536155
-12.249939 -179.597285 2035.764564 -15436.662605 -0.485062 0.847076 -0.217205 0.554002 0.105488 -0.825805 0.676607 0.520899 0.520450
-6.027799 -125.231599 79.802638 555.056525 0.527434 -0.813680 0.244413 0.670577 0.222057 -0.707826 0.521670 0.537230 0.662756
-2.437477 -129.738838 492.612169 -3697.736424 -0.520529 0.816970 -0.248211 0.555860 0.103574 -0.824798 0.648127 0.567302 0.508034
-7.392541 -122.918318 -496.937546 -4778.804958 0.494139 -0.815362 0.301681 0.714933 0.183660 -0.674641 0.494670 0.549048 0.673683
-1.688771 -126.569379 -725.745994 -853.535101 -0.536852 0.818294 -0.205393 0.521280 0.130303 -0.843379 0.663369 0.559836 0.496513
-10.818291 -117.453698 -63.550609 -732.589904 0.521063 -0.804134 0.286114 0.780279 0.312932 -0.541515 0.345916 0.505412 0.790507
-3.945552 -125.955690 -1236.289576 2492.074477 -0.541514 0.816592 -0.199851 0.641494 0.247712 -0.726033 0.543367 0.521360 0.657979
-8.468923 -124.789832 670.040077 2645.618457 0.542781 -0.807375 0.231378 0.752478 0.345116 -0.560956 0.373049 0.478582 0.794854
27.220520 -61.796539 1001.918703 20787.845483 0.153925 -0.956886 0.246326 0.987022 0.137361 -0.083178 0.045757 0.255933 0.965611
35.248228 -60.508699 4957.519366 21557.925459 0.245560 -0.933725 0.260497 0.965824 0.212660 -0.148186 0.082968 0.287983 0.954035
43.088849 -40.324454 5251.101006 1530.421983 0.159978 -0.956375 0.244448 0.984305 0.135861 -0.112631 0.074506 0.258630 0.963099
28.984850 -48.152664 3419.975511 4296.856340 0.105749 -0.971208 0.213478 0.992511 0.089888 -0.082712 0.061142 0.220626 0.973440
16.745858 -71.919185 1639.014187 20873.212253 0.103549 -0.972517 0.208539 0.994608 0.102434 -0.016171 -0.005635 0.209089 0.977880
31.043913 -26.084582 -2645.232288 -2430.326902 0.306183 -0.400774 0.863500 0.501416 0.838937 0.211580 -0.809218 0.368190 0.457823
51.367711 -28.135184 -4147.856587 -648.406929 0.335682 -0.358476 0.871098 0.558134 0.820639 0.122631 -0.758817 0.445025 0.475552
30.691700 -29.193115 3467.551632 -1681.557214 0.303523 -0.527716 0.793341 0.547747 0.777927 0.307901 -0.779645 0.341095 0.525174
19.173727 -24.241893 -1869.595619 -1340.695878 0.227465 -0.588444 0.775882 0.511648 0.750145 0.418925 -0.828539 0.301688 0.471708
17.289958 -19.041570 -3362.175945 -2408.809797 0.268468 -0.457178 0.847888 0.470056 0.830467 0.298950 -0.840816 0.318296 0.437853
17.122854 -61.720573 -14208.495842 4219.181828 0.795660 -0.493110 0.351807 -0.135481 0.421204 0.896790 0.590399 0.761203 -0.268328
18.155286 -63.353901 -10173.114179 1976.627162 0.787307 -0.536969 0.303004 -0.011148 0.478964 0.877764 0.616460 0.694448 -0.371105
35.939276 -64.861396 -8319.360737 2175.766648 0.755002 -0.590502 0.285096 -0.030288 0.402912 0.914737 0.655023 0.699263 -0.286314
44.043346 -65.294980 -6798.972085 5913.434484 0.745326 -0.583135 0.323175 -0.152844 0.322375 0.934191 0.648943 0.745672 -0.151146
5.782379 -179.969504 -976.283777 -12493.153224 -0.333499 0.919555 -0.207837 0.875987 0.383743 0.292211 -0.348460 0.084611 0.933497
7.794441 -173.509890 -604.758320 -9389.415777 -0.341798 0.911706 -0.227963 0.893480 0.390450 0.221905 -0.291320 0.127834 0.948046
5.920597 -197.322315 -1095.618651 -11800.931855 -0.362296 0.907839 -0.211118 0.915990 0.388677 0.099457 -0.172348 0.157349 0.972388
4.275582 -205.371578 -1060.164758 -14939.526692 -0.357292 0.913236 -0.195810 0.903940 0.390865 0.173545 -0.235023 0.114994 0.965163
3.851910 -221.998417 1146.443858 -17789.277597 0.383728 -0.902641 0.194916 0.922479 0.384348 -0.036186 -0.042253 0.193692 0.980152
5.995953 -210.521584 1167.796113 -15009.506039 0.390601 -0.896836 0.207644 0.920401 0.376281 -0.106179 0.017093 0.232589 0.972425
-30.564873 -825.035913 -19495.522194 2872.668351 0.524494 -0.817045 0.239465 0.843196 0.459481 -0.279100 0.118008 0.348303 0.929924
-32.182257 -764.256048 -3382.319196 116545.703349 0.516588 -0.832355 0.200805 0.822613 0.417389 -0.386127 0.237581 0.364653 0.900324
-30.292253 -816.849516 -26465.638021 114936.008263 0.539986 -0.808607 0.233602 0.750933 0.337488 -0.567628 0.380150 0.481931 0.789449
-27.512763 -787.852391 -5269.883961 20158.115265 0.500965 -0.838476 0.214459 0.864449 0.496786 -0.077011 -0.041969 0.223968 0.973692
-18.697956 -876.238525 -20622.709868 58854.322246 0.524380 -0.811923 0.256529 0.840094 0.444214 -0.311312 0.138808 0.378754 0.915029
-26.786988 -811.907039 -14938.722563 -97367.091958 0.506550 -0.826573 0.245324 0.847692 0.529430 0.033482 -0.157557 0.190999 0.968863
-20.083691 -858.915716 -7548.232867 -63181.636153 0.515164 -0.819946 0.249589 0.847401 0.530930 -0.004872 -0.128520 0.214012 0.968340
38.434855 -67.514903 -14443.853589 -41383.659476 -0.086437 0.170990 0.981474 -0.275174 0.942739 -0.188476 -0.957501 -0.286368 -0.034435
29.154891 -45.030902 -21630.443351 -28046.710241 -0.054621 0.069653 0.996075 -0.309516 0.947246 -0.083211 -0.949324 -0.312846 -0.030181
17.619335 -64.716581 -45396.824382 -49617.709007 -0.101858 0.185706 0.977312 -0.261000 0.943017 -0.206391 -0.959950 -0.276101 -0.047585
10.498936 -206.413252 -14887.166430 30907.625502 -0.621727 0.744337 0.243756 0.581337 0.647108 -0.493253 0.524883 0.164964 0.835035
33.267015 -222.808538 -15880.249060 33870.047204 -0.644855 0.736371 0.204744 0.591154 0.650334 -0.477078 0.484458 0.186611 0.854679
12.373608 -157.278492 -15115.266003 29234.640777 -0.606326 0.768539 0.204245 0.477883 0.557438 -0.678890 0.635607 0.314024 0.705261
-7.171776 -150.710024 -15064.921995 29304.137283 -0.633255 0.723485 0.274878 0.440195 0.628816 -0.640951 0.636566 0.284886 0.716675
-5.032246 -204.642966 -8670.525458 32560.458624 -0.631629 0.729436 0.262617 0.560065 0.663548 -0.496015 0.536070 0.166215 0.827648
-12.600017 -382.421210 -19529.601141 72272.894791 -0.408854 0.648148 -0.642451 0.909947 0.235892 -0.341104 -0.069537 -0.724057 -0.686226
-28.683838 -377.732607 -5223.236808 7380.071268 -0.373440 0.668350 -0.643312 0.842677 -0.045547 -0.536490 -0.387865 -0.742451 -0.546194
-33.153367 -434.716218 680.990033 27259.379595 -0.331589 0.707500 -0.624094 0.872594 -0.021482 -0.487974 -0.358648 -0.706387 -0.610237
-94.964198 -1634.282357 -10026.142635 -128191.769993 -0.437291 0.885856 -0.155037 -0.815847 -0.318230 0.482829 -0.378380 -0.337623 -0.861881
-26.218370 -1189.875141 -20637.996281 342783.121165 -0.453700 0.871348 -0.186838 0.884529 0.414801 -0.213419 -0.108462 -0.262092 -0.958928
-33.632586 -1222.283129 -37140.580023 -511707.046263 -0.413127 0.886245 -0.209516 -0.818267 -0.260270 0.512542 -0.399707 -0.383184 -0.832709
-78.487469 -1324.070655 -25019.632540 419120.699889 -0.404563 0.894617 -0.189706 -0.578358 -0.089602 0.810847 -0.708400 -0.437757 -0.553659
10.898867 -59.161182 3091.677133 7372.665171 0.329812 0.943893 0.017030 -0.094535 0.015072 0.995407 -0.939302 0.329907 -0.094202
15.687116 -62.181256 1819.788503 10668.874300 0.297070 0.954842 -0.005081 -0.058665 0.023563 0.998000 -0.953052 0.296178 -0.063016
12.206409 -67.579514 3082.806759 7378.110883 0.319732 0.946412 0.045556 -0.173698 0.011280 0.984734 -0.931451 0.322764 -0.167996
4.318690 -64.923564 3925.808709 4192.549150 0.336732 0.940001 0.054858 -0.208862 0.017757 0.977784 -0.918144 0.340709 -0.202310
2.781998 -58.415586 3945.504184 5621.935562 0.350339 0.936444 0.018315 -0.118667 0.024981 0.992620 -0.929075 0.349927 -0.119877
-3.421616 -53.309710 1599.007436 5204.092017 0.503139 -0.338786 0.795032 0.621930 -0.496810 -0.605296 0.600046 0.799002 -0.039263
-10.831701 -51.702428 436.584898 -1787.889169 0.632928 -0.439380 0.637454 -0.448844 0.462628 0.764535 0.630825 0.770013 -0.095598
-0.138958 -58.433204 1656.189267 4877.412943 0.570930 -0.391918 0.721415 0.589682 -0.415636 -0.692475 0.571239 0.820760 -0.006192
-16.288870 -40.486308 1190.188335 1458.448705 -0.548551 0.815140 0.186113 0.789617 0.431850 0.435903 0.274950 0.386073 -0.880540
-8.376929 -38.021168 5013.845765 3457.546465 -0.587903 0.781192 0.210020 0.769626 0.460212 0.442583 0.249088 0.421833 -0.871787
-13.867408 -37.129103 1887.778073 -178.983380 -0.457794 0.852504 0.252314 0.833147 0.312311 0.456430 0.310308 0.419166 -0.853234
-18.335835 -41.328036 -812.728026 -238.633388 -0.430604 0.879723 0.201661 0.839123 0.307949 0.448375 0.332345 0.362291 -0.870800
-18.035316 -43.710892 -1236.757716 944.220296 -0.470544 0.866807 0.165029 0.835269 0.377271 0.399990 0.284453 0.326056 -0.901539
-13.858554 -33.830360 230.197590 687.010181 -0.637697 0.770140 -0.015035 -0.402454 -0.349759 -0.845990 0.656790 0.533434 -0.532987
-15.292156 -33.924650 664.485695 -4.361676 -0.636382 0.770858 -0.028207 -0.327102 -0.302795 -0.895164 0.698586 0.560440 -0.444843
-14.424907 -32.672073 21.369848 796.062275 -0.559610 0.827331 0.048586 -0.479262 -0.275233 -0.833399 0.676124 0.489664 -0.550531
-13.801790 -34.121319 512.220693 -543.034082 -0.677433 0.734190 -0.045270 -0.278145 -0.312644 -0.908234 0.680970 0.602676 -0.416007
-12.007377 -31.304378 -258.716623 941.470431 -0.550730 0.831515 0.072657 -0.555311 -0.300019 -0.775641 0.623159 0.467516 -0.626979
-13.461837 -34.818018 -29.259025 411.790423 -0.680614 0.731993 -0.030840 -0.351759 -0.363414 -0.862668 0.642674 0.576295 -0.504830
-12.635544 -32.965928 -119.911599 1035.614522 -0.632909 0.774135 0.011912 -0.479634 -0.379963 -0.790935 0.607764 0.506303 -0.611784
2.143115 -361.326490 -306.051047 -17026.058993 -0.414012 0.909774 0.030090 0.637942 0.313572 -0.703351 0.649326 0.272000 0.710206
3.102710 -326.926871 -387.340432 -119272.878441 -0.420092 0.905537 0.059374 0.838336 0.412302 -0.356650 0.347440 0.100051 0.932349
6.090528 -431.435400 -713.792834 -143792.366501 -0.408576 0.912100 0.033744 0.754862 0.358461 -0.549263 0.513079 0.198943 0.834968
5.523774 -413.491251 -743.564196 63182.017779 -0.417818 0.907961 0.032158 0.435165 0.231071 -0.870194 0.797533 0.349589 0.491659
3.207085 -335.409946 -678.724004 59831.447721 -0.395956 0.918174 0.013280 0.361011 0.168948 -0.917130 0.844328 0.358349 0.398367
15.090994 -63.408818 -3018.725391 -14967.050610 -0.434308 0.897323 -0.078663 -0.333236 -0.241191 -0.911472 0.836857 0.369646 -0.403772
10.985526 -78.066197 -3838.015698 -38145.267898 -0.367962 0.929838 -0.002413 -0.389024 -0.156303 -0.907871 0.844550 0.333123 -0.419243
8.276067 -75.682549 -763.789266 -29219.557509 -0.390405 0.920466 -0.018079 -0.341708 -0.163110 -0.925543 0.854880 0.355159 -0.378210
18.022415 -56.774781 -5509.635524 -17551.029292 -0.422779 0.903589 -0.069171 -0.411542 -0.259437 -0.873685 0.807398 0.340909 -0.481550
12.337046 -79.131600 -914.349290 15204.688360 -0.415357 0.907301 -0.065454 -0.340919 -0.221972 -0.913511 0.843358 0.357119 -0.401513
15.048404 -86.954820 -146.110264 28535.454632 -0.456134 0.888744 -0.045562 -0.358943 -0.230588 -0.904428 0.814310 0.396186 -0.424187
16.011207 -61.370888 204.204209 1889.205374 -0.477454 0.877323 -0.048395 -0.398157 -0.265125 -0.878168 0.783268 0.400016 -0.475897
-47.038775 -77.374013 12390.797404 62756.670918 0.762342 0.302442 -0.572157 -0.614965 0.063099 -0.786026 0.201625 -0.951077 -0.234094
-67.046789 -150.966346 -910.156942 119371.692722 0.977521 0.209157 -0.026559 -0.075240 0.228387 -0.970659 0.196954 -0.950838 -0.238990
-43.353497 -49.197026 -4273.149013 26062.908727 0.959497 0.232455 -0.159158 -0.205631 0.191709 -0.959668 0.192567 -0.953526 -0.231744
-46.475590 -79.711754 -145.397416 1841.541964 0.329859 0.944009 0.006270 0.898592 -0.311939 -0.308588 0.289354 -0.107425 0.951175
-39.703365 -77.333541 -4360.227391 2621.830533 0.461348 0.879829 -0.114276 0.814418 -0.471061 -0.338857 0.351967 -0.063262 0.933872
-40.798683 -71.868052 -1653.419445 6271.337889 0.526905 0.809193 -0.259958 0.712737 -0.587303 -0.383513 0.463010 -0.016793 0.886194
-23.766668 -36.315575 -14353.579234 2182.642724 0.439985 0.566359 -0.696886 0.342847 0.611310 0.713271 0.829981 -0.552754 0.074793
-35.230557 -44.809912 1228.018147 2465.020649 0.446724 0.723078 0.526874 0.268202 0.453585 -0.849899 0.853525 -0.520979 -0.008697
48.280631 -79.435091 -12699.786901 7146.792711 -0.312720 0.857484 0.408567 0.754498 -0.037050 0.655256 -0.577009 -0.513174 0.635384
75.651604 -72.668925 -15102.252970 12046.464863 -0.298389 0.901964 0.312130 0.760877 0.027360 0.648319 -0.576220 -0.430944 0.694448
91.988056 -68.260275 -15022.176034 6292.712695 -0.264778 0.934830 0.236613 0.718687 0.027703 0.694781 -0.642947 -0.354014 0.679185
13.859170 -12.267869 3425.846758 1205.770285 0.177330 0.954255 -0.240733 0.535128 0.111795 0.837341 -0.825949 0.277309 0.490824
18.655371 -12.028062 1098.769473 1150.299394 0.124177 0.963725 -0.236248 0.539119 0.134355 0.831444 -0.833025 0.230612 0.502879
15.345456 -15.332613 1506.444596 2051.670246 0.124486 0.947932 -0.293134 0.527100 0.187119 0.828947 -0.840636 0.257704 0.476361
-0.608321 -54.745732 -5212.725353 495.335689 -0.256467 0.966202 0.026047 0.963116 0.257733 -0.077336 0.081436 -0.005252 0.996665
-4.844081 -39.063308 5267.007221 2289.181999 -0.187704 0.938398 0.290133 0.346046 -0.213266 0.913657 -0.919249 -0.271896 0.284698
4.865127 -32.450140 10970.980514 -1132.016529 -0.193410 0.969240 0.152202 0.259830 -0.098991 0.960567 -0.946087 -0.225330 0.232692
-7.677596 -34.853057 3662.329655 574.420754 -0.203699 0.945021 0.255818 0.284111 -0.192994 0.939167 -0.936903 -0.263988 0.229178
24.325268 -106.704901 -6449.533161 1999.195389 0.222423 0.949238 -0.222431 -0.900196 0.287565 0.327038 -0.374400 -0.127490 -0.918461
27.390099 -104.026901 -6407.432375 -2604.402333 0.138179 0.978604 -0.152451 -0.923110 0.183027 0.338184 -0.358851 -0.093999 -0.928650
15.151684 -105.437542 -3223.886510 -4210.650716 0.119810 0.989386 -0.082221 -0.839622 0.145171 0.523413 -0.529794 -0.006325 -0.848103
-10.186907 -81.341992 -532.151882 2769.917748 0.180111 0.974335 0.135022 0.982209 -0.185563 0.028843 0.053157 0.127425 -0.990423
-12.797702 -80.600587 -433.591521 608.591887 0.166349 0.969221 0.181492 0.985521 -0.169543 0.002113 0.032819 0.178513 -0.983390
-13.611934 -80.753336 -647.657375 2956.848873 0.164901 0.969611 0.180724 -0.969515 0.193019 -0.150944 0.181240 0.150324 -0.971882
34.447089 -43.685360 24307.128896 -458.472804 0.582083 -0.436585 -0.685983 0.801959 0.168884 0.573009 -0.134316 -0.883669 0.448428
27.955199 -89.001796 6269.915631 -25856.302474 -0.346211 0.073403 -0.935281 0.794112 -0.507891 -0.333815 -0.499524 -0.858288 0.117547
26.759167 -126.258686 4878.228771 -30767.398153 -0.332992 0.058243 -0.941129 0.860045 -0.390426 -0.328465 -0.386573 -0.918790 0.079917
15.500835 -102.977589 2305.136111 -26823.740372 -0.339621 0.087726 -0.936463 0.804098 -0.489431 -0.337466 -0.487939 -0.867618 0.095681
45.879956 -122.053919 11810.978053 -43746.746714 -0.344576 0.032670 -0.938190 0.844415 -0.425866 -0.324964 -0.410159 -0.904196 0.119157
16.379785 -72.040632 2999.893317 -20642.048225 -0.367358 0.103223 -0.924334 0.731483 -0.581744 -0.355678 -0.574440 -0.806795 0.138202
48.919224 -78.673970 13792.880363 -23328.862135 -0.373615 0.051206 -0.926169 0.785992 -0.512743 -0.345416 -0.492574 -0.857014 0.151320
31.456599 -59.116471 7865.559867 -15251.146288 -0.395232 0.100236 -0.913096 0.726053 -0.574836 -0.377373 -0.562707 -0.812106 0.154417
-15.825579 -47.101255 -1581.514870 -593.192283 0.455436 0.723330 -0.519011 0.068682 0.552698 0.830547 -0.887615 0.413907 -0.202039
-14.310356 -46.127153 -1860.147788 7.210201 0.461372 0.678104 -0.572111 -0.038174 0.659420 0.750805 -0.886385 0.324561 -0.330124
-9.906994 -47.886852 -1649.141351 -753.710661 0.415660 0.767192 -0.488511 -0.019679 0.544569 0.838485 -0.909307 0.338911 -0.241453
