14740
29466
-39.566731 -56.362759 -752.953732 8023.886529 0.355596 0.933857 0.038242 0.752813 -0.261928 -0.603876 0.553917 -0.243525 0.796161
-44.887999 -68.306223 -122.850824 6598.809725 0.324125 0.946005 0.004120 0.824501 -0.280354 -0.491528 0.463833 -0.162714 0.870852
-37.046191 -80.367002 -3600.482919 14355.083175 0.080529 0.966443 0.243931 0.873701 0.049349 -0.483953 0.479751 -0.252095 0.840409
-36.067990 -54.357485 -207.491154 5598.903819 0.593772 0.758557 -0.268377 0.561458 -0.629515 -0.537100 0.576369 -0.168233 0.799686
-30.929606 -54.090937 -4496.393586 9149.984209 0.260155 0.944863 0.198881 0.766573 -0.076871 -0.637540 0.587100 -0.318316 0.744304
-30.526587 -43.795902 490.066913 -4237.082904 0.660705 0.682417 -0.312693 -0.425574 0.683683 0.592844 0.618349 -0.258621 0.742132
13.098779 -78.873832 32248.359402 9076.738065 -0.366040 -0.829302 -0.422223 0.879254 -0.456822 0.135003 -0.304839 -0.321825 0.896383
-16.034022 -76.191009 27343.363655 7304.089773 -0.328661 -0.815883 -0.475728 0.908829 -0.410243 0.075702 -0.256928 -0.407475 0.876329
-32.627246 -71.175169 -13944.278237 4630.836598 0.405349 0.868298 0.285922 0.856473 -0.470064 0.213294 -0.319604 -0.158425 0.934213
56.223894 -93.708424 45375.800793 45940.740425 -0.457881 -0.726497 -0.512393 0.880625 -0.449635 -0.149423 -0.121835 -0.519644 0.845651
-17.202322 -82.752010 -21115.182538 -3930.718453 0.335501 0.883452 0.327034 0.802514 -0.449847 0.391930 -0.493367 -0.130956 0.859907
49.537344 -124.052936 14267.617074 52331.682791 -0.377072 -0.902770 -0.206935 0.925258 -0.377162 -0.040583 -0.041411 -0.206771 0.977513
38.446915 -99.074322 -28511.454656 -17054.026561 0.317966 0.886808 0.335365 0.741475 -0.453033 0.494951 -0.590858 -0.091287 0.801594
-9.770738 -76.315864 -13250.611016 -461.458870 0.646200 0.736342 -0.200565 0.660286 -0.407651 0.630749 0.382686 -0.540020 -0.749620
41.939316 -86.606412 -22566.051656 2838.493712 0.607987 0.754713 -0.246495 0.678178 -0.332236 0.655510 0.412827 -0.565709 -0.713825
6.872645 -81.514719 -19314.243214 1770.947415 0.580752 0.763089 -0.283588 0.760000 -0.383362 0.524818 0.291766 -0.520316 -0.802586
-23.524818 -75.632183 -9267.524193 235.426286 0.598771 0.775873 -0.198732 0.749122 -0.454748 0.481685 0.283353 -0.437293 -0.853514
0.049412 -20.049808 2362.360656 172.440341 -0.626258 0.732438 -0.267089 0.539880 0.654589 0.529191 -0.562433 -0.187214 0.805370
8.698126 -19.841652 3467.730709 -584.858253 -0.532363 0.824643 -0.191191 0.656345 0.544737 0.521989 -0.534603 -0.152401 0.831248
8.182803 -18.720931 5734.801301 83.627080 -0.463259 0.875224 -0.139195 0.681969 0.452369 0.574701 -0.565959 -0.171308 0.806439
-3.901082 -20.458909 4514.470888 850.201378 -0.568783 0.792443 -0.220273 0.567922 0.572114 0.591735 -0.594937 -0.211471 0.775455
-25.451793 -50.645807 -2608.655134 -38.688964 -0.358086 0.931431 -0.064891 0.905265 0.329328 -0.268398 0.228624 0.154853 0.961120
-23.873455 -51.762994 -2942.752592 166.982248 -0.394339 0.917554 -0.050911 0.911195 0.383215 -0.151230 0.119251 0.106026 0.987187
-18.030089 -52.197140 -3089.444030 621.354140 -0.319612 0.947305 -0.021467 0.925376 0.307181 -0.222077 0.203781 0.090843 0.974793
-5.093108 -51.180309 441.312609 -445.545241 0.601672 0.742214 -0.295141 -0.591669 0.165918 -0.788923 0.536581 -0.649299 -0.538973
-4.052178 -49.980835 775.190299 -827.660786 0.591691 0.744919 -0.308215 0.649459 -0.213960 0.729674 0.477603 -0.631915 -0.610393
-3.301410 -50.487024 1013.912788 -843.670970 0.601249 0.751600 -0.271288 -0.550007 0.142984 -0.822829 0.579648 -0.643936 -0.499354
-6.665388 -54.443889 1597.922478 -1690.105604 0.556301 0.760654 -0.334566 0.711057 -0.227379 0.665355 0.430032 -0.608033 -0.667359
-3.177931 -51.375259 -546.048236 -2029.547381 0.621651 0.730351 -0.283084 -0.499022 0.090707 -0.861829 0.603760 -0.677022 -0.420849
-4.495020 -52.549769 -420.636792 -2919.306606 0.594545 0.734316 -0.327560 -0.559953 0.085773 -0.824073 0.577035 -0.673366 -0.462178
2.352789 -53.251790 49.521011 2322.013353 -0.465247 -0.873193 0.145187 0.885038 -0.455925 0.094023 -0.015906 0.172240 0.984927
1.029411 -57.355726 701.817990 2075.054218 -0.454721 -0.880076 0.136729 0.876467 -0.414911 0.244241 -0.158220 0.230900 0.960027
2.129698 -57.591614 -242.479961 2902.084105 -0.447742 -0.880848 0.153735 0.886250 -0.414350 0.207061 -0.118689 0.228957 0.966174
0.295041 -63.443508 -617.867396 1262.503820 -0.441106 -0.881973 0.165980 0.849347 -0.350519 0.394648 -0.289889 0.315056 0.903717
3.007309 -54.504607 67.092686 2181.589003 -0.452853 -0.878246 0.153651 0.891391 -0.442385 0.098577 -0.018602 0.181604 0.983196
1.972394 -60.249050 121.396946 2151.829534 -0.425422 -0.891003 0.158524 0.888253 -0.377559 0.261641 -0.173271 0.252118 0.952058
5.789127 -78.562263 149.104156 -2731.937254 0.576435 0.711337 -0.402147 0.815608 -0.531001 0.229829 -0.050055 -0.460476 -0.886260
5.983176 -77.513098 -145.333972 -381.683374 0.610481 0.680976 -0.404456 0.789614 -0.483417 0.377912 0.061828 -0.550072 -0.832825
6.807296 -81.563684 712.392489 -112.635395 0.607462 0.697405 -0.380284 0.784999 -0.453813 0.421699 0.121517 -0.554688 -0.823137
7.726271 -88.434102 180.095540 -1423.650963 0.599814 0.708128 -0.372530 0.791965 -0.459031 0.402595 0.114086 -0.536512 -0.836145
-8.055505 -93.240456 -985.899862 -845.424020 0.259503 0.930678 0.257869 0.430240 0.127643 -0.893645 0.864610 -0.342849 0.367291
-9.439578 -91.901506 -467.368778 -529.971172 0.223483 0.939818 0.258452 0.433301 0.141725 -0.890036 0.873101 -0.310895 0.375551
-8.310516 -88.959399 -56.357575 -2610.148499 0.223930 0.938393 0.263201 0.578496 0.089359 -0.810776 0.784345 -0.333817 0.522846
-9.467918 -92.267471 -92.106208 1516.673975 0.239776 0.939369 0.245142 0.255300 0.182609 -0.949461 0.936659 -0.290242 0.196035
-6.143429 -88.828223 -790.973455 -3434.098576 0.254536 0.926288 0.277852 0.616549 0.065914 -0.784552 0.745036 -0.371006 0.554325
-5.782572 -95.056278 -677.250583 -2113.777260 0.270849 0.925570 0.264503 0.481034 0.107870 -0.870040 0.833815 -0.362884 0.416014
-7.265051 -96.221921 -747.880883 985.492945 0.268828 0.931722 0.244182 0.233746 0.182828 -0.954954 0.934395 -0.313795 0.168637
4.917523 -107.087558 905.528766 -2469.203129 0.425264 -0.320418 0.846453 0.759256 0.635344 -0.140952 -0.492626 0.702617 0.513468
5.368784 -108.329351 397.145898 -4138.857427 0.447321 -0.298795 0.842986 0.679300 0.726608 -0.102918 -0.581769 0.618678 0.527999
7.812098 -107.911196 272.526618 -3216.111080 0.419828 -0.300102 0.856553 0.648808 0.759171 -0.052022 -0.634659 0.577579 0.513430
0.387410 -114.392014 912.670469 -4056.789081 0.445130 -0.318467 0.836922 0.816938 0.527163 -0.233904 -0.366703 0.787831 0.494824
6.038428 -116.350131 1824.050747 -3175.041900 0.404101 -0.341986 0.848379 0.808487 0.567353 -0.156397 -0.427845 0.749104 0.505759
3.198579 -113.025985 2014.566382 -3074.680187 0.415412 -0.345130 0.841616 0.845378 0.488046 -0.217131 -0.335809 0.801683 0.494506
9.765391 -84.038332 1935.182267 -442.540531 0.547261 -0.196104 0.813664 0.367059 0.929919 -0.022756 -0.752179 0.311116 0.580890
7.924611 -77.870403 2044.220655 -838.096447 0.565923 -0.133563 0.813567 0.271911 0.961815 -0.031243 -0.778328 0.238899 0.580631
16.593753 -93.441422 364.011740 5469.186674 0.551650 -0.138192 0.822548 0.215234 0.976364 0.019685 -0.805826 0.166181 0.568355
13.822031 -87.094967 1602.693964 5767.891445 0.582654 -0.057177 0.810707 0.124787 0.991988 -0.019722 -0.803084 0.112656 0.585120
21.758239 -98.482600 1345.823815 7382.516693 0.568170 -0.065330 0.820314 0.005884 0.997141 0.075337 -0.822890 -0.037977 0.566930
1.428720 -103.711545 -1332.707028 4966.780558 0.273905 0.959134 0.070984 -0.804178 0.268885 -0.530093 0.527517 -0.088111 -0.844963
-0.149628 -116.326938 -421.825538 5731.792445 0.299928 0.947466 0.111138 -0.654473 0.289127 -0.698620 0.694052 -0.136799 -0.706808
1.958173 -107.158021 158.041155 6955.371054 0.263910 0.959886 0.094711 -0.824733 0.275482 -0.493888 0.500167 -0.052231 -0.864352
3.341794 -100.514051 -766.732951 1705.545581 0.228475 0.971539 0.062535 -0.905047 0.235629 -0.354074 0.358732 -0.024300 -0.933124
-7.798220 -113.000952 -1489.632907 -4660.285140 0.087982 0.993795 0.068052 -0.867976 0.042965 0.494744 -0.488751 0.102596 -0.866370
-10.924480 -113.660169 -1183.989928 -3532.284597 0.101389 0.989013 0.107584 -0.869977 0.035689 0.491798 -0.482555 0.143459 -0.864037
-9.155930 -102.745140 -2055.239912 -5691.237284 0.119504 0.991121 0.058296 -0.953105 0.098081 0.286305 -0.278045 0.089777 -0.956364
15.027867 -133.180338 3211.022924 -5219.168892 -0.423012 0.033176 -0.905517 0.657501 0.698874 -0.281546 0.623501 -0.714475 -0.317445
20.158478 -131.594907 137.913341 10446.431642 -0.399328 0.016752 -0.916655 0.394586 0.905632 -0.155346 0.827550 -0.423733 -0.368255
14.074341 -126.726576 4644.769752 1716.258335 -0.491317 0.014117 -0.870866 0.468927 0.846872 -0.250827 0.733972 -0.531609 -0.422703
32.129490 -54.075627 -3255.086748 813.304330 -0.083241 0.005423 -0.996515 -0.199372 0.979677 0.021986 0.976382 0.200507 -0.080468
34.276559 -57.427142 45.555084 -1545.689137 -0.173268 -0.057143 -0.983216 -0.084525 0.995495 -0.042961 0.981241 0.075662 -0.177318
31.780290 -50.311508 -4399.553515 -1267.317024 -0.042329 -0.072458 -0.996473 -0.053897 0.996080 -0.070140 0.997649 0.050738 -0.046068
-323.379624 -3822.688105 4803.450334 -1670394.444646 0.606104 -0.454438 -0.652782 0.614510 0.788614 0.021571 0.504990 -0.414215 0.757239
18.406461 -95.258449 -14992.578577 -1194.318545 0.197027 -0.513671 -0.835059 0.972371 -0.006385 0.233352 -0.125198 -0.857964 0.498221
16.427175 -83.495494 -32837.113136 -12863.587921 0.102195 -0.439944 -0.892191 0.971836 -0.147297 0.183951 -0.212345 -0.885863 0.412501
-61.307562 -191.767070 -3640.607024 -114170.527207 0.868003 -0.131735 0.478765 0.403347 -0.375309 -0.834538 -0.289623 -0.917491 0.272634
-141.397264 -600.939565 -88349.976685 -33456.630191 0.052023 -0.148360 -0.987564 0.871772 0.489136 -0.027558 0.487142 -0.859497 0.154782
105.295292 -1027.760641 47086.978500 -336911.211654 -0.386441 0.095772 -0.917328 0.869562 0.369377 -0.327754 0.307450 -0.924331 -0.226022
41.727421 -737.492172 15017.846085 233506.340419 0.701670 -0.168575 0.692273 -0.229576 0.866299 0.443644 -0.674503 -0.470221 0.569156
-17.055339 -34.758399 984.694713 -98.095251 -0.462719 0.761696 0.453553 -0.010219 0.507002 -0.861884 0.886446 0.403445 0.226816
-14.615323 -35.293956 962.258198 -65.667391 -0.501397 0.753891 0.424558 0.018023 0.499689 -0.866018 0.865029 0.426567 0.264130
-16.379367 -35.177810 910.673755 -379.455624 -0.475844 0.769268 0.426380 0.064697 0.514083 -0.855297 0.877147 0.379402 0.294393
28.011098 -39.938090 -1887.425892 361.515903 -0.131091 0.082838 -0.987903 -0.043526 0.995061 0.089214 0.990414 0.054695 -0.126838
39.045571 -43.458131 9741.859973 372.104851 -0.262030 0.103898 -0.959451 0.067581 0.993723 0.089153 0.962690 -0.041480 -0.267407
44.981122 -43.451578 -7272.208467 154.461396 -0.061628 0.036348 -0.997437 0.072031 0.996893 0.031877 0.995497 -0.069882 -0.064054
45.087556 -46.708882 2155.269906 1562.075415 -0.116661 0.042269 -0.992272 0.144976 0.989117 0.025090 0.982534 -0.140928 -0.121519
25.910201 -41.285506 -8698.082779 -95.870155 0.040354 -0.025798 -0.998852 0.012427 0.999602 -0.025315 0.999108 -0.011391 0.040658
43.780318 -44.558497 -12188.721327 1171.681038 0.039540 -0.033057 -0.998671 0.102200 0.994345 -0.028867 0.993978 -0.100923 0.042695
-72.766738 -337.512237 -15078.276900 86863.815296 -0.108051 -0.040578 -0.993317 0.449958 0.888970 -0.085261 0.886489 -0.456164 -0.077795
-95.990833 -293.824285 -20827.909705 91466.169578 -0.145649 -0.047880 -0.988177 0.099081 0.993101 -0.062722 0.984362 -0.107045 -0.139900
-53.162181 -305.713603 -9859.901466 94128.408474 -0.031472 -0.024179 -0.999212 0.134660 0.990490 -0.028209 0.990392 -0.135442 -0.027917
-135.306703 -328.105240 -30625.896103 84177.281736 -0.226975 0.060017 -0.972050 0.411119 0.910714 -0.039767 0.882872 -0.408654 -0.231383
-33.693267 -329.537217 -9375.430623 84973.442319 -0.018221 -0.081586 -0.996500 0.491554 0.867166 -0.079985 0.870656 -0.491291 0.024303
-50.288713 -267.874187 -11252.924673 -23419.479610 -0.067834 -0.059154 -0.995941 0.840103 0.535076 -0.089001 0.538169 -0.842731 0.013399
-94.690766 -256.280494 -20202.346855 -11070.361876 -0.151632 0.009966 -0.988387 0.812903 0.570121 -0.118962 0.562314 -0.821501 -0.094550
40.159806 -56.167902 -9579.954804 -12880.069192 0.101322 0.991616 0.080199 0.664158 -0.127441 0.736650 -0.740694 0.021374 0.671502
43.297237 -56.572200 -41720.317317 5031.710919 0.007143 0.926337 0.376627 0.719363 -0.266378 0.641529 -0.694598 -0.266349 0.668276
31.994164 -37.298610 -9261.616763 19320.667772 0.153146 0.971251 0.182255 0.747962 -0.234460 0.620952 -0.645832 -0.041223 0.762366
30.949917 -33.382182 12198.916821 1715.400467 0.189036 0.970935 -0.146804 0.756414 -0.048646 0.652281 -0.626181 0.234349 0.743625
-35.773923 -63.640100 5965.521435 -1050.291802 0.324213 0.934034 -0.149886 -0.321952 0.257933 0.910943 -0.889513 0.247084 -0.384340
-27.599645 -58.716544 5692.886222 -3173.762114 0.342833 0.937077 -0.065967 -0.462968 0.229645 0.856109 -0.817390 0.262962 -0.512567
-42.985873 -61.000377 4747.787189 -2626.691884 0.321946 0.914497 -0.245043 -0.417244 0.369383 0.830340 -0.849858 0.165082 -0.500490
-46.934047 -64.283203 3402.445205 -1149.112014 0.290981 0.881672 -0.371463 -0.319056 0.455462 0.831118 -0.901961 0.123322 -0.413833
-51.729926 -62.798888 -1731.181585 -891.190130 -0.383659 -0.681896 0.622755 -0.343713 0.731352 0.589055 -0.857127 0.011947 -0.514966
0.973380 -48.528444 495.639657 324.570035 -0.146044 0.973498 0.175991 -0.967902 -0.177390 0.178038 -0.204539 0.144341 -0.968158
-2.357549 -46.876091 1851.703737 1.178713 -0.088615 0.980581 0.174952 -0.980612 -0.116704 0.157418 -0.174779 0.157611 -0.971911
1.582082 -45.660165 2541.208740 204.436335 -0.047966 0.983922 0.172038 -0.956604 -0.094812 0.275535 -0.287416 0.151356 -0.945771
5.306689 -48.028200 1210.797132 500.602156 -0.110713 0.979153 0.170301 -0.948374 -0.155327 0.276516 -0.297204 0.130895 -0.945799
6.502874 -44.151831 2524.870659 2110.759560 -0.029145 0.986985 0.158149 -0.912295 -0.090923 0.399312 -0.408495 0.132640 -0.903072
14.833468 -51.844417 2171.762545 808.473526 -0.291207 0.943199 -0.159918 -0.180196 -0.218250 -0.959112 0.939536 0.250484 -0.233517
9.061017 -58.722899 763.486529 -2205.830975 -0.293031 0.938459 -0.182831 -0.260094 -0.262258 -0.929286 0.920046 0.224756 -0.320937
13.754009 -55.637629 2608.660673 -1329.939124 -0.260484 0.961380 -0.088858 -0.265182 -0.159737 -0.950875 0.928346 0.224124 -0.296550
-15.113634 -42.360109 -527.522442 -396.872396 -0.286490 0.956998 0.045596 -0.131300 -0.086360 0.987574 -0.949044 -0.276943 -0.150395
-17.469230 -42.543837 -993.058565 75.641741 -0.252255 0.967622 0.008701 -0.103123 -0.035822 0.994023 -0.962150 -0.249850 -0.108820
-15.863459 -40.059927 -793.313432 -1805.668755 -0.257789 0.966185 0.005614 -0.227932 -0.066459 0.971406 -0.938931 -0.249139 -0.237357
-1.845813 -69.236845 1196.578583 3060.118897 -0.447672 0.882513 -0.144084 -0.834180 -0.470205 -0.288184 0.322076 0.008820 -0.946673
0.293502 -66.082264 477.289171 3155.191479 -0.468795 0.865267 -0.177608 -0.832013 -0.500075 -0.240165 0.296624 -0.035184 -0.954346
-2.238520 -70.829837 557.287236 1491.655853 -0.448957 0.878486 -0.163400 -0.772512 -0.473498 -0.423114 0.449069 0.063732 -0.891221
0.551913 -68.616737 738.695736 3244.338857 -0.468275 0.866221 -0.174300 -0.804254 -0.499550 -0.321908 0.365915 0.010560 -0.930589
-2.986750 -71.888729 404.053262 -603.611273 -0.422847 0.894218 -0.146882 -0.761616 -0.438515 -0.477122 0.491061 0.089882 -0.866476
-4.483838 -71.256823 493.126382 -1767.377327 -0.431689 0.888615 -0.154945 -0.694810 -0.437121 -0.571108 0.575225 0.138884 -0.806119
-3.778466 -72.765316 976.863474 -426.525575 -0.447173 0.880805 -0.155625 -0.671022 -0.445398 -0.592748 0.591411 0.160633 -0.790209
-0.457114 -70.038210 1051.756344 137.125097 -0.467053 0.867913 -0.169084 -0.727448 -0.485857 -0.484522 0.502673 0.103298 -0.858283
1.826084 -103.112642 2126.735467 6858.400146 0.775962 -0.616014 -0.135684 0.235148 0.482098 -0.843971 -0.585310 -0.622984 -0.518944
-1.518198 -96.037911 -141.748624 -11166.103963 -0.762959 0.634685 0.122755 -0.330518 -0.546186 0.769700 -0.555564 -0.546677 -0.626493
1.974899 -89.178378 -1208.976122 -11494.747517 -0.766603 0.630842 0.119828 -0.395812 -0.611187 0.685408 -0.505621 -0.478006 -0.718232
8.122933 -101.076619 5254.902289 6727.115411 0.791346 -0.602725 -0.102437 0.305362 0.534825 -0.787855 -0.529646 -0.592186 -0.607281
3.741810 -158.271652 519.874328 -11879.728041 0.473016 -0.868894 -0.145877 0.870727 0.435743 0.227953 -0.134502 -0.234844 0.962682
5.053849 -154.170531 1430.660947 -16596.957738 0.479845 -0.863319 -0.156300 0.843687 0.405174 0.352175 -0.240710 -0.300857 0.922791
6.362372 -171.913927 1844.808336 -13427.449679 0.468352 -0.869918 -0.154562 0.883524 0.462248 0.075584 0.005694 -0.171959 0.985088
3.961267 -135.882851 -867.091869 -9996.745625 -0.489544 0.859267 0.148347 0.784964 0.360185 0.504082 -0.379709 -0.363217 0.850820
1.403464 -133.626522 823.435943 -6502.587949 0.490587 -0.856688 -0.159406 0.809972 0.380851 0.445980 -0.321355 -0.347907 0.880734
-8.658776 -90.314921 1185.974291 -7545.932261 -0.552301 0.831047 0.065752 -0.789536 -0.546765 0.278712 -0.267574 -0.102020 -0.958121
-8.454479 -88.585636 1540.229130 -5733.109496 -0.549034 0.831113 0.088398 -0.805323 -0.554346 0.210131 -0.223646 -0.044181 -0.973669
-9.229358 -80.677334 1330.357618 -1605.697135 -0.546673 0.834333 0.070968 -0.821793 -0.550848 0.145683 -0.160641 -0.021320 -0.986783
-10.458485 -88.716104 -356.013798 -5217.715256 -0.550359 0.834363 0.030712 -0.809968 -0.542472 0.222881 -0.202624 -0.097789 -0.974362
-10.878255 -82.363719 -924.000572 -764.509781 -0.552874 0.833191 0.011072 -0.827782 -0.550710 0.107221 -0.095433 -0.050115 -0.994174
2.926894 -48.513087 -5629.998896 -110.324322 -0.266955 0.957958 0.105123 -0.894207 -0.205550 -0.397672 0.359345 0.200163 -0.911486
-0.537523 -49.537268 -1467.929888 173.970000 -0.248495 0.955951 0.156230 -0.868327 -0.148369 -0.473281 0.429254 0.253267 -0.866947
7.624163 -48.041894 -5967.390832 99.532180 -0.298743 0.950521 0.085217 -0.830182 -0.214799 -0.514451 0.470692 0.224434 -0.853275
-1.302415 -56.916916 382.884751 2853.037529 -0.605192 0.793229 0.067313 0.535418 0.343001 0.771802 -0.589127 -0.503129 0.632290
-3.592428 -59.207957 518.911491 2338.601092 -0.617385 0.785250 0.047091 0.415945 0.275046 0.866799 -0.667702 -0.554735 0.496430
-2.425036 -59.930512 202.741061 3291.563640 -0.626210 0.778524 0.041973 0.440372 0.308764 0.843052 -0.643377 -0.546411 0.536191
-4.276999 -64.739596 652.602189 417.488864 -0.629983 0.776525 0.011445 0.279872 0.213260 0.936051 -0.724426 -0.592899 0.351678
-1.941090 -59.777717 -912.709131 3476.103811 -0.639636 0.766186 0.061849 0.504058 0.357332 0.786282 -0.580337 -0.534109 0.614765
-3.036352 -63.562172 -460.138211 1843.193789 -0.652445 0.757306 0.028335 0.366639 0.282707 0.886370 -0.663243 -0.588697 0.462109
8.654963 -108.372676 -241.935056 5203.724368 -0.705229 0.703108 -0.091058 -0.253040 -0.369593 -0.894076 0.662286 0.607487 -0.438562
10.768716 -113.737263 -560.675118 2898.165982 -0.707802 0.696750 -0.116432 -0.067593 -0.230865 -0.970635 0.703170 0.679147 -0.210502
9.161419 -102.797683 -883.092427 5233.430894 -0.712965 0.691750 -0.114727 -0.227157 -0.382648 -0.895533 0.663385 0.612423 -0.429951
9.229353 -118.105979 -114.429712 3175.227132 -0.699106 0.707523 -0.103252 -0.083392 -0.224102 -0.970991 0.710138 0.670216 -0.215673
-3.960515 -111.638624 -1198.608177 1271.342886 -0.625962 0.779579 -0.020700 0.309051 0.272348 0.911216 -0.716002 -0.563989 0.411409
-2.413490 -107.609180 -1900.024517 4300.105606 -0.631297 0.775516 0.006338 0.299354 0.236130 0.924462 -0.715438 -0.585507 0.381222
-3.733122 -107.253584 -2377.993486 -297.530883 -0.654286 0.754020 -0.057996 0.403354 0.412814 0.816634 -0.639700 -0.510919 0.574235
-22.455549 -43.082400 -1896.401183 398.317461 -0.498944 0.775923 0.386002 0.861956 0.398090 0.313937 0.089927 0.489354 -0.867436
-22.476306 -43.549950 636.590632 506.976729 -0.491688 0.742175 0.455434 0.866135 0.362941 0.343634 0.089741 0.563428 -0.821277
-21.720090 -41.856893 -1922.981967 344.667664 -0.543363 0.753039 0.371065 0.820331 0.382363 0.425271 0.178364 0.535472 -0.825503
-5.028294 -123.257609 -1129.359005 -11685.798555 -0.612195 0.790449 -0.020179 -0.786364 -0.611306 -0.089087 0.082754 0.038671 -0.995819
-2.379402 -109.767757 -1108.134592 -6120.917557 -0.634085 0.772520 -0.033896 -0.757936 -0.629603 -0.170684 0.153198 0.082537 -0.984743
-4.892168 -132.162670 -1527.884431 12543.870953 -0.620314 0.783564 -0.035175 0.784335 0.619363 -0.034762 -0.005452 -0.049153 -0.998776
10.218600 -122.219389 -718.484690 -3922.252930 0.742160 -0.656239 0.136194 -0.120448 0.069306 0.990297 0.659310 0.751364 0.027607
6.882233 -125.805064 -2095.541317 -4722.236010 0.757383 -0.637595 0.140866 -0.240804 -0.072208 0.967884 0.606947 0.766980 0.208225
7.531805 -115.887017 -1971.676273 -3488.074810 0.757920 -0.639858 0.127037 -0.078648 0.103692 0.991495 0.647589 0.761466 -0.028267
-13.641845 -88.145392 680.691437 3061.600916 -0.444363 0.895815 -0.007551 0.628992 0.305984 -0.714663 0.637895 0.322319 0.699429
-13.526828 -97.213504 428.782764 6164.216347 -0.441688 0.897120 0.009310 0.722942 0.362040 -0.588457 0.531287 0.253184 0.808475
-14.340388 -93.145923 -267.653260 3677.458958 -0.418797 0.907767 0.023817 0.674198 0.328397 -0.661523 0.608330 0.260986 0.749547
-157.611285 -871.734010 47538.514548 318794.561905 0.899942 0.094242 -0.425702 0.243898 0.700499 0.670683 -0.361410 0.707404 -0.607423
-52.616960 -844.948654 59720.808120 343711.914635 0.302894 0.270459 0.913842 0.413509 0.826627 -0.381705 -0.858641 0.493498 0.138543
-137.570341 -911.677653 64031.066917 293100.555088 0.701137 0.305221 -0.644397 0.376777 0.608673 0.698253 -0.605348 0.732364 -0.311762
-54.537483 -9300.022670 28842.812973 -5628441.165881 0.938147 0.338472 -0.072911 -0.340504 0.863767 -0.371434 0.062743 -0.373287 -0.925592
18.170106 -3104.720838 24709.134985 1018256.701848 0.971589 0.229893 -0.056258 -0.232405 0.971665 -0.043076 -0.044761 -0.054927 -0.997487
-230.058872 -26483.932727 27871.202493 12295048.054216 -0.648158 -0.537610 0.539320 -0.226766 0.812362 0.537257 -0.726958 0.225929 -0.648451
-13.371503 -1951.392771 36396.660968 637191.235514 0.896429 0.279080 -0.344280 0.182230 0.476012 0.860352 -0.403988 0.833983 -0.375854
-7.167263 -413.652524 7743.455848 -28698.491725 -0.488618 0.872426 0.011228 0.525816 0.304713 -0.794146 0.696255 0.382130 0.607623
14.975460 -1915.938449 11965.489085 -614358.863159 -0.551235 0.834277 -0.011028 0.812501 0.533748 -0.234425 0.189689 0.138183 0.972072
-28.046537 -629.970140 10677.645159 -183673.819430 -0.471192 0.882031 0.000154 0.729976 0.390061 -0.561237 0.495088 0.264338 0.827655
-0.760121 -75.223569 -1417.385343 2089.398979 -0.687858 0.721799 -0.076535 -0.168724 -0.056448 0.984046 -0.705963 -0.689797 -0.160613
-2.299588 -74.681746 -1177.493413 2651.899332 -0.687035 0.723329 -0.069124 -0.180094 -0.077346 0.980604 -0.703953 -0.686158 -0.183407
-0.982496 -75.271209 1149.772543 -2403.201888 0.688558 -0.720359 0.083494 0.284495 0.162425 -0.944818 -0.667046 -0.674316 -0.316777
0.519903 -74.403983 2012.621535 -2126.646536 0.692435 -0.715421 0.093315 0.271721 0.138777 -0.952317 -0.668357 -0.684773 -0.290489
-0.327097 -77.900962 1070.000703 -175.668940 0.684943 -0.721677 0.100179 0.391631 0.248725 -0.885867 -0.614393 -0.646002 -0.452994
-51.381710 -81.760686 811.039982 6312.132570 0.122705 0.986878 0.104950 0.935220 -0.079592 -0.345006 0.332126 -0.140486 0.932714
-47.353491 -76.878941 -678.039017 3724.734046 0.377263 0.922960 -0.076275 0.861528 -0.379981 -0.336727 0.339768 -0.061321 0.938508
-41.380106 -66.433838 -384.433375 6272.150117 0.525272 0.818117 -0.234036 0.693658 -0.570979 -0.439114 0.492876 -0.068313 0.867413
-54.174738 -69.796761 -1710.080173 -1006.004457 0.313741 0.934237 0.169610 0.931844 -0.337248 0.133902 -0.182297 -0.116039 0.976372
-44.491789 -70.236696 7748.622382 -7878.357540 -0.131322 -0.948880 -0.287023 0.979509 -0.168795 0.109867 -0.152699 -0.266713 0.951602
57.758362 -96.691183 -24943.576670 4000.265311 0.492253 0.830069 -0.262055 0.824336 -0.347855 0.446617 0.279565 -0.435870 -0.855488
1.138668 -22.298333 -1456.627083 -24.835135 0.663657 -0.686655 0.296756 0.520865 0.708928 0.475521 -0.536898 -0.161013 0.828140
12.741053 -22.899957 3692.470332 -1215.812757 -0.529194 0.825596 -0.195820 0.685960 0.552106 0.473959 -0.499413 -0.116491 0.858497
-1.416468 -54.654434 -4844.933719 -842.590138 -0.260356 0.965510 -0.002179 0.965215 0.260331 0.024238 -0.023970 -0.004207 0.999704
14.889980 -55.447958 7591.906356 771.252367 0.164591 -0.986292 -0.011726 0.986360 0.164600 0.000129 0.001803 -0.011587 0.999931
-0.839595 -54.056584 -5277.841409 650.428152 -0.210373 0.977608 0.005045 0.974389 0.210094 -0.080170 0.079435 0.011949 0.996768
-4.788958 -55.412691 224.463555 90.134110 0.556702 0.753970 -0.348730 0.739676 -0.258829 0.621197 0.378102 -0.603769 -0.701784
0.907246 -52.951361 769.758409 3186.009263 -0.473697 -0.870651 0.132584 0.879984 -0.461904 0.110785 -0.035214 0.169150 0.984961
-0.197178 -57.317373 1826.351758 1978.988486 -0.453967 -0.882371 0.123837 0.866933 -0.405312 0.290084 -0.205769 0.239047 0.948955
-0.385954 -63.183383 -926.240280 728.746367 0.437502 0.888373 -0.139229 0.839442 -0.347985 0.417425 -0.322380 0.299499 0.897982
5.760589 -71.503456 -116.379984 -2271.536169 0.567845 0.703139 -0.427958 0.814774 -0.554055 0.170783 -0.117028 -0.445667 -0.887516
-10.580685 -91.722953 -529.016861 1296.293740 0.228576 0.943013 0.241826 0.190903 0.200162 -0.960985 0.954625 -0.265823 0.134272
791.935701 -39.141328 262626.149742 -1003.159636 0.497281 0.648059 -0.576829 0.211169 0.554458 0.804974 -0.841498 0.522107 -0.138871
1563.009943 -155.540992 -577255.567022 45298.661066 -0.596923 -0.452936 0.662217 0.251022 0.678522 0.690359 -0.762017 0.578323 -0.291329
492.985658 -55.722262 221529.192338 5450.513118 0.710304 0.477679 -0.517002 0.205343 0.561920 0.801299 -0.673277 0.675329 -0.301046
-12.216803 -25.076176 3444.583497 -2719.198923 -0.313099 -0.251471 -0.915823 -0.087183 0.967847 -0.235950 0.945710 0.005969 -0.324956
-6.482338 -33.830350 2603.654338 -5595.134599 -0.335710 -0.127794 -0.933256 -0.088811 0.990635 -0.103703 0.937769 0.048070 -0.343916
-15.213702 -33.721758 3041.452786 -4057.462561 -0.296455 -0.197145 -0.934478 -0.126277 0.977963 -0.166259 0.946662 0.068714 -0.314817
-20.249163 -27.827398 3305.892102 -1522.626254 -0.260700 -0.380592 -0.887235 -0.118509 0.924680 -0.361833 0.958119 0.010816 -0.286168
-16.379596 -24.078358 3738.196981 796.776254 -0.252487 -0.598102 -0.760607 -0.151234 0.800809 -0.579512 0.955708 -0.031289 -0.292648
8.733243 -105.539182 199.801334 -2397.635447 0.462464 -0.268751 0.844926 0.514515 0.857435 -0.008886 -0.722081 0.438836 0.534810
2.582471 -104.070479 940.139745 -5585.330881 0.471404 -0.306842 0.826817 0.716355 0.680063 -0.156046 -0.514406 0.665855 0.540392
6.243126 -97.143421 661.246309 -4564.174540 0.481645 -0.280695 0.830198 0.586834 0.806877 -0.067646 -0.650879 0.519770 0.553349
29.293390 -49.121646 -4309.240560 7627.318401 -0.454578 -0.838544 -0.300336 0.889387 -0.408977 -0.204274 0.048462 -0.359974 0.931703
34.037495 -36.995326 -4734.943109 6560.829652 -0.472473 -0.823495 -0.314047 0.874708 -0.394487 -0.281541 0.107960 -0.407720 0.906702
35.613206 -51.654859 -855.719222 8476.629161 -0.485138 -0.788993 -0.377003 0.874421 -0.435091 -0.214669 0.005342 -0.433804 0.900992
-1.332372 -111.360081 -401.890363 2841.057665 0.300960 0.946990 0.112398 -0.523743 0.262633 -0.810381 0.796942 -0.185024 -0.575022
-2.310539 -125.094064 -753.502798 3070.772980 0.329627 0.933867 0.138703 -0.433676 0.280268 -0.856373 0.838612 -0.222132 -0.497380
5.290010 -146.999334 1197.162367 -5259.128984 0.104964 0.988935 0.104837 -0.915029 0.054752 0.399655 -0.389493 0.137878 -0.910651
4.975666 -141.214581 827.508217 -3427.113315 0.091251 0.990762 0.100316 -0.882923 0.033903 0.468292 -0.460565 0.131303 -0.877860
4.381699 -132.180405 880.824740 -7086.539217 0.120014 0.987856 0.098672 -0.972283 0.096867 0.212795 -0.200653 0.121476 -0.972102
3.747075 -125.035515 -1242.659362 -3986.700419 0.096618 0.994238 0.046436 -0.958972 0.080495 0.271833 -0.266529 0.070795 -0.961223
16.803167 -140.097577 -1373.522172 -2813.718511 -0.357867 0.014678 -0.933657 0.651758 0.719952 -0.238498 0.668687 -0.693869 -0.267214
17.666849 -141.895855 -3366.808958 9210.581097 -0.318078 0.014635 -0.947951 0.506093 0.848120 -0.156722 0.801683 -0.529601 -0.277175
21.976500 -133.430422 -4406.360432 20615.051730 -0.314036 -0.002338 -0.949408 0.206589 0.975868 -0.070736 0.926662 -0.218351 -0.305974
5.207436 -47.057983 -4309.498181 1550.146510 0.551883 0.306298 0.775633 0.047499 0.917047 -0.395940 -0.832568 0.255354 0.491553
8.471486 -41.475199 -3921.749370 1735.313784 0.546357 0.243622 0.801338 0.190226 0.895664 -0.401996 -0.815664 0.372068 0.443009
12.919973 -40.849874 -561.531291 1540.592610 0.598240 0.255997 0.759325 0.096577 0.917655 -0.385465 -0.795476 0.303934 0.524254
18.154502 -33.528403 -845.808967 1577.307407 0.575473 0.075613 0.814318 0.315554 0.898082 -0.306391 -0.754491 0.433281 0.492962
10.778634 -51.684364 -2569.702562 2313.687160 0.567684 0.360519 0.740109 -0.075047 0.917931 -0.389576 -0.819819 0.165613 0.548151
12.604854 -43.028696 1487.984150 845.804823 0.616355 0.361784 0.699441 -0.077958 0.911886 -0.402973 -0.783600 0.193848 0.590249
15.544642 -32.039833 1140.997951 1254.387713 0.610579 0.130046 0.781205 0.218883 0.920291 -0.324276 -0.761107 0.368988 0.533446
11.099907 -34.653478 1968.391505 963.390702 0.634614 0.266131 0.725562 0.052429 0.921850 -0.383985 -0.771049 0.281722 0.571066
-19.069250 -93.204442 -9286.073930 16206.689301 -0.080043 -0.321412 -0.943550 0.983931 -0.177039 -0.023161 -0.159601 -0.930243 0.330418
-2.441193 -92.985868 -4532.513672 -3497.138868 -0.279396 0.336959 -0.899109 -0.416219 0.801346 0.429659 0.865274 0.494271 -0.083644
-8.587007 -97.093867 -1964.422335 -4001.618792 -0.316229 0.326448 -0.890747 -0.522074 0.724083 0.450712 0.792110 0.607565 -0.058546
-1.385856 -103.356975 -4766.408942 -4216.610458 -0.296984 0.346286 -0.889880 -0.594134 0.662550 0.456106 0.747533 0.664164 0.008974
3.895354 -97.122353 -4734.336027 -2693.118899 -0.270790 0.344750 -0.898788 -0.505947 0.743343 0.437559 0.818957 0.573226 -0.026865
-18.567722 -34.402740 884.338834 867.159749 -0.441894 0.777363 0.447702 -0.082696 0.461647 -0.883200 0.893248 0.427304 0.139714
-15.506644 -34.303142 807.107301 448.089969 -0.480957 0.755461 0.444926 -0.079743 0.467679 -0.880294 0.873110 0.458863 0.164691
-18.042821 -32.286509 761.324963 1228.145144 -0.451804 0.778266 0.436090 -0.144109 0.418737 -0.896600 0.880401 0.467932 0.077032
-13.608418 -34.359076 786.951441 443.805391 -0.522819 0.734378 0.432837 -0.059671 0.474987 -0.877968 0.850352 0.484846 0.204511
-13.763414 -32.900896 1131.004624 1407.934566 -0.512129 0.735446 0.443670 -0.127534 0.445712 -0.886045 0.849387 0.510353 0.134468
-15.483693 -32.075966 478.552194 1339.818596 -0.485035 0.759354 0.433732 -0.146528 0.418397 -0.896367 0.862131 0.498323 0.091671
2.325091 -42.204822 497.649918 282.733589 0.617976 0.754985 -0.219326 -0.110283 -0.192968 -0.974988 0.778424 -0.626706 0.035988
0.220847 -44.418975 1032.898174 -991.495390 0.602097 0.753702 -0.263465 -0.198800 -0.178069 -0.963727 0.773277 -0.632634 -0.042622
2.227188 -42.629025 978.323984 -1134.489187 0.609202 0.748164 -0.262915 -0.217011 -0.161602 -0.962700 0.762744 -0.643534 -0.063911
23.570587 -41.589251 8521.180178 987.859368 -0.302658 0.147058 -0.941686 -0.024138 0.986525 0.161819 0.952794 0.071706 -0.295030
46.425013 -46.239275 16649.974140 465.928493 -0.343550 0.153798 -0.926455 0.185637 0.978156 0.093543 0.920604 -0.139848 -0.364596
-61.661359 -86.227291 -8009.186024 27262.967992 -0.068406 -0.205254 -0.976315 0.008304 0.978457 -0.206286 0.997623 -0.022218 -0.065228
-68.007892 -106.891251 27816.090166 -21432.248392 0.046054 0.976180 0.212018 -0.165528 0.216767 -0.962088 0.985129 -0.009213 -0.171568
-197.062865 -234.462760 -49938.604457 74791.412910 -0.306096 0.018369 -0.951823 0.084859 0.996360 -0.008061 0.948211 -0.083238 -0.306540
37.287459 -87.459494 -39475.461383 -20451.365300 0.062468 0.915965 0.396367 0.645842 -0.339880 0.683644 -0.760911 -0.213284 0.612800
-39.150974 -57.088066 -2233.080719 19.662814 -0.094308 -0.039690 0.994752 0.904540 0.413943 0.102272 -0.415829 0.909437 -0.003137
-36.914089 -57.669945 -1035.028463 -280.303795 -0.165302 -0.002917 0.986239 0.928415 0.336929 0.156607 -0.332749 0.941526 -0.052987
-37.055816 -57.963651 -1098.617571 -56.213319 -0.142783 0.004089 0.989746 0.870590 0.476224 0.123626 -0.470835 0.879315 -0.071557
-32.894190 -49.384183 5014.123094 -3281.630364 0.449640 0.860036 -0.241168 -0.505323 0.467570 0.725277 -0.736527 0.204246 -0.644835
-20.545975 -49.288844 5821.944513 -4617.899074 0.386751 0.920577 -0.054426 -0.551247 0.278096 0.786632 -0.739291 0.274228 -0.615019
-21.845447 -40.447948 5314.477199 -3394.037292 0.490871 0.853098 -0.176831 -0.547744 0.460024 0.698824 -0.677511 0.246175 -0.693092
-30.084638 -43.517885 -4885.391812 1363.853270 -0.679884 -0.528507 0.508367 -0.304984 0.834230 0.459396 -0.666889 0.157292 -0.728366
-4.982281 -46.838149 1465.579738 -199.039952 -0.125029 0.974870 0.184381 0.990914 0.131984 -0.025890 -0.049575 0.179469 -0.982514
-6.553469 -45.339726 2664.792896 -283.191927 -0.069003 0.981835 0.176745 0.990462 0.088605 -0.105523 -0.119267 0.167778 -0.978584
-2.529366 -47.980575 -619.058716 -261.226562 -0.187435 0.967494 0.169773 0.978429 0.199175 -0.054827 -0.086860 0.155834 -0.983957
13.327752 -56.961796 1690.752853 -3736.461798 -0.082280 0.989744 0.116780 -0.391589 0.075647 -0.917026 0.916454 0.121183 -0.381348
27.219366 -51.071363 2385.825602 -2253.781797 -0.057862 0.985841 0.157381 -0.267202 0.136601 -0.953909 0.961902 0.097248 -0.255515
19.191834 -54.347009 2627.205186 -2796.053582 -0.174744 0.984130 0.030862 -0.293003 -0.022050 -0.955857 0.940007 0.176073 -0.292206
-18.054423 -41.096372 -876.052823 1314.791260 -0.255235 0.966249 0.034891 0.015797 -0.031914 0.999366 -0.966750 -0.255625 0.007118
-17.088410 -41.135979 467.515251 1296.476808 -0.209795 0.977707 0.008695 -0.011428 -0.011345 0.999870 -0.977679 -0.209668 -0.013553
-18.379702 -35.143283 22.420172 2782.070056 -0.219829 0.974634 0.041985 0.110791 -0.017817 0.993684 -0.969227 -0.223092 0.104065
-15.907867 -42.206129 690.249663 325.207376 -0.187721 0.981993 -0.021239 -0.108325 0.000793 0.994115 -0.976231 -0.188917 -0.106226
-6.683979 -39.562826 5173.334195 762.492695 -0.138608 0.989840 0.031685 -0.029838 -0.036153 0.998901 -0.989898 -0.137510 -0.034546
-15.905677 -37.547428 1578.191096 1749.755187 -0.171530 0.984103 0.046037 0.069333 -0.034555 0.996995 -0.982736 -0.174207 0.062304
0.405486 -60.357202 442.375343 2931.530565 -0.472400 0.864539 -0.171495 -0.858358 -0.495451 -0.133231 0.200151 -0.084266 -0.976135
2.206736 -58.393606 1390.232895 2737.862564 -0.490990 0.854699 -0.168580 -0.848788 -0.512913 -0.128368 0.196182 -0.080061 -0.977294
3.364969 -63.534378 1436.300321 3300.331349 -0.492898 0.853196 -0.170612 -0.828395 -0.520141 -0.207883 0.266108 -0.038869 -0.963159
3.360002 -68.865368 1284.693289 -10657.346860 -0.685839 0.727753 -0.000769 -0.545412 -0.513299 0.662609 -0.481821 -0.454862 -0.748965
5.536026 -60.645357 1183.869108 -8094.489938 -0.698134 0.715882 0.011043 -0.576432 -0.571155 0.584387 -0.424660 -0.401615 -0.811400
0.171117 -77.329334 685.886583 -12537.444676 -0.735939 0.673804 0.066196 -0.458922 -0.568333 0.682926 -0.497780 -0.472213 -0.727482
7.025588 -167.545630 1979.646375 -18787.824564 0.478461 -0.864959 -0.151400 0.839448 0.399949 0.367924 -0.257687 -0.303130 0.917448
6.063952 -130.038463 -2100.083052 -11047.512282 -0.492222 0.855116 0.162771 0.759659 0.330686 0.559969 -0.425012 -0.399280 0.812367
-8.540609 -99.330867 1739.108055 -5005.715961 -0.541343 0.835810 0.091486 -0.734202 -0.522928 0.433005 -0.409750 -0.167235 -0.896737
-5.507008 -99.415906 1272.175208 -7166.188716 -0.555086 0.826842 0.090615 -0.761869 -0.549118 0.343548 -0.333818 -0.121662 -0.934753
-8.791886 -50.845768 2655.743594 86.006050 -0.183368 0.954944 0.233362 0.971329 0.139463 0.192537 0.151317 0.261976 -0.953138
-5.434182 -50.070991 2316.218554 490.590446 -0.197845 0.953407 0.227755 -0.938930 -0.117587 -0.323394 0.281545 0.277828 -0.918447
-8.634329 -50.761106 -1757.635154 233.607926 -0.197692 0.962863 0.183885 0.960241 0.152495 0.233842 0.197116 0.222803 -0.954727
-11.731586 -51.980626 1102.884173 617.366541 -0.199858 0.958995 0.200959 0.977962 0.182598 0.101229 0.060383 0.216762 -0.974355
-3.428123 -56.626582 -266.889721 2579.709015 -0.616318 0.785304 0.058737 0.403299 0.250691 0.880059 -0.676389 -0.566085 0.471217
-4.351295 -62.579925 -347.254634 -184.891762 -0.635810 0.771615 0.018878 0.255921 0.187678 0.948304 -0.728183 -0.607773 0.316800
14.999882 -25.204237 -2292.056610 2140.276506 -0.444902 0.727123 0.522834 -0.007555 -0.586820 0.809682 -0.895548 -0.356279 -0.266570
14.888179 -26.615353 1625.996340 3012.588788 -0.363632 0.815777 0.449755 -0.022774 -0.490447 0.871173 -0.931264 -0.306544 -0.196921
21.105006 -23.033090 -3440.416874 3323.297846 -0.466046 0.691428 0.552023 0.063703 -0.596081 0.800394 -0.882464 -0.408185 -0.233755
-0.846819 -60.941254 -737.075287 1046.426134 0.684349 -0.724523 0.082050 0.646473 0.550848 -0.527863 -0.337252 -0.414286 -0.845357
0.252021 -56.845882 -121.578701 -981.392710 -0.681408 0.726520 -0.088612 0.686936 0.593054 -0.420008 -0.252593 -0.347068 -0.903184
0.481949 -58.426505 1043.528138 -981.378255 0.698653 -0.709400 0.092923 0.650312 0.575507 -0.495870 -0.298292 -0.406870 -0.863411
0.160486 -61.593405 269.680746 3056.128782 0.672877 -0.731733 0.108643 0.642793 0.505652 -0.575442 -0.366134 -0.457037 -0.810594
-0.097615 -90.865619 -657.196853 -1839.043211 -0.656050 0.753876 -0.035613 -0.643267 -0.583226 -0.496040 0.394723 0.302519 -0.867569
1.435283 -93.234914 -191.586297 1694.375707 -0.662783 0.747999 -0.034867 -0.570516 -0.534583 -0.623485 0.485005 0.393343 -0.781058
3.063939 -93.451419 -774.020995 940.670478 -0.678903 0.731897 -0.058466 -0.560921 -0.568390 -0.601914 0.473770 0.375846 -0.796418
0.853956 -94.087978 -508.694564 -1672.346020 -0.665855 0.744864 -0.042589 -0.670688 -0.622599 -0.403173 0.326825 0.239891 -0.914132
3.721611 -85.930745 -220.401916 -853.228907 -0.692480 0.719540 -0.052284 -0.583876 -0.601535 -0.545201 0.423744 0.347013 -0.836673
-5.641740 -141.512639 1568.095208 -2006.419457 0.658622 -0.739647 0.138343 0.749479 0.661205 -0.032994 -0.067069 0.125416 0.989835
-3.708972 -146.453889 1343.046795 1220.871329 0.642950 -0.752030 0.145143 0.748060 0.575917 -0.329734 0.164380 0.320578 0.932850
-9.278675 -140.507746 3087.141014 -2074.578670 0.640486 -0.757003 0.129321 0.759221 0.598802 -0.254991 0.115591 0.261502 0.958257
-23.373325 -45.101201 281.408770 973.476385 -0.453654 0.762196 0.461796 0.891161 0.384841 0.240268 0.005413 0.520533 -0.853824
-21.697589 -45.072837 2938.864340 840.501804 -0.457494 0.724318 0.515813 0.888728 0.353309 0.292121 0.029348 0.592061 -0.805359
-18.541672 -43.465880 3192.574941 663.829162 -0.474260 0.707522 0.523918 0.872936 0.300668 0.384162 0.114277 0.639540 -0.760217
5.590232 -64.814174 -2604.910337 -1107.218807 -0.604129 0.792442 -0.084045 -0.751876 -0.601771 -0.269358 0.264026 0.099536 -0.959366
1.465916 -67.082113 -1934.593979 -2365.776280 -0.625115 0.774772 -0.094655 -0.726615 -0.621928 -0.291951 0.285064 0.113725 -0.951738
3.226545 -64.475590 -2114.478990 1803.681181 -0.636115 0.766212 -0.090977 -0.685638 -0.615391 -0.388837 0.353918 0.184967 -0.916804
6.850007 -62.106926 -1401.343533 2621.981433 -0.629044 0.774060 -0.071652 -0.704353 -0.606533 -0.368788 0.328923 0.181515 -0.926748
