11900
23789
-31.569722 -52.467525 -410.939798 6268.432735 0.906789 -0.014392 0.421338 -0.419027 -0.140669 0.897011 -0.046360 0.989952 0.133588
-39.112950 -63.792167 -907.851668 5580.320968 0.977138 -0.047874 0.207144 -0.205984 0.028077 0.978153 0.052644 0.998459 -0.017574
-24.050054 -65.517758 -3438.550613 9431.572090 0.981935 0.082705 0.170186 -0.165172 -0.064142 0.984177 -0.092312 0.994508 0.049323
-38.117334 -56.801176 872.519849 3840.160029 0.771171 -0.143657 0.620208 -0.622712 0.032367 0.781782 0.132383 0.989098 0.064496
-19.875649 -51.163843 -2527.666418 7564.157230 0.936289 0.099686 0.336786 -0.306077 -0.238744 0.921584 -0.172275 0.965952 0.193022
-21.966124 -38.724740 -1249.734349 3184.870374 0.759343 -0.016502 0.650482 -0.631683 -0.258557 0.730839 -0.156126 0.965855 0.206758
-27.448922 -44.423095 4.075675 -3611.536031 0.642272 -0.122759 0.756582 0.766268 0.125887 -0.630068 -0.017898 0.984420 0.174920
-18.519994 -72.162104 1339.685589 4459.934433 0.828768 0.207588 0.519664 -0.492650 -0.169777 0.853506 -0.265404 0.963371 0.038438
-11.839046 -67.198754 3833.137418 3698.496309 0.876301 0.105322 0.470110 -0.449264 -0.173684 0.876354 -0.173950 0.979153 0.104882
-10.021088 -66.039170 6271.150733 -3026.039889 0.835627 0.120370 0.535946 -0.544969 0.059437 0.836347 -0.068816 0.990948 -0.115265
-17.661667 -62.332909 1122.777760 7102.115920 0.833827 0.182021 0.521153 -0.433241 -0.369285 0.822150 -0.342103 0.911316 0.229060
4.875076 -8.975920 1264.032335 206.922208 0.881673 -0.407546 0.237819 0.047132 0.577547 0.814996 0.469500 0.707351 -0.528416
-0.304398 -7.053501 957.481207 249.589298 0.866067 -0.300659 0.399415 -0.129209 0.637181 0.759806 0.482943 0.709651 -0.512994
3.175511 -8.382437 2365.526183 -655.872101 0.798490 -0.593981 -0.097981 0.369605 0.355228 0.858607 0.475191 0.721803 -0.503184
2.414317 -10.194360 865.448772 -25.844409 0.818156 -0.187129 0.543695 -0.281228 0.694520 0.662233 0.501530 0.694712 -0.515600
4.889880 -10.729403 -218.324638 -494.100511 0.879513 -0.471950 0.061000 0.203227 0.488414 0.848617 0.430298 0.733972 -0.525479
5.220776 -10.343620 384.096352 181.606823 0.877815 -0.309768 0.365356 -0.084338 0.650880 0.754482 0.471517 0.693108 -0.545226
5.216542 -11.594448 -886.075361 -281.860709 0.904437 -0.388300 0.176683 0.087630 0.574426 0.813853 0.417510 0.720596 -0.553558
2.373983 -31.836417 -170.997710 -3635.043052 0.172375 -0.833771 -0.524511 0.978900 0.085680 0.185508 -0.109731 -0.545421 0.830948
0.364776 -27.669886 394.728107 -4287.848794 0.064788 -0.835527 -0.545616 0.980401 -0.048646 0.190910 -0.186053 -0.547291 0.816000
-0.383860 -23.054302 -154.148984 -3742.873565 0.108383 -0.840540 -0.530797 0.970270 -0.026788 0.240538 -0.216401 -0.541087 0.812647
0.010853 -25.531980 -339.128508 -3469.191143 0.259256 -0.827348 -0.498278 0.949753 0.124716 0.287080 -0.175372 -0.547668 0.818110
-14.324645 -51.710398 -912.677893 433.509440 0.875201 -0.125540 0.467185 -0.369617 0.449516 0.813215 0.312099 0.884406 -0.347016
-13.459757 -48.793970 206.350782 2559.591518 0.848438 -0.158274 0.505076 -0.421075 0.376343 0.825265 0.320700 0.912861 -0.252659
-12.778707 -57.412650 560.431023 -2176.245165 0.833481 -0.186252 0.520212 -0.339834 0.569567 0.748403 0.435687 0.800565 -0.411428
-11.880871 -55.727228 703.703924 -558.428633 0.839041 -0.188254 0.510461 -0.296185 0.628973 0.718796 0.456382 0.754290 -0.471976
-13.714938 -57.916581 -617.080444 -1903.195993 0.875170 -0.143273 0.462115 -0.294398 0.600268 0.743645 0.383937 0.786862 -0.483157
-9.486396 -54.722811 2081.642492 -808.394218 0.785308 -0.213879 0.580988 -0.312289 0.673450 0.670030 0.534572 0.707617 -0.462073
-5.858950 -55.410233 2474.942984 -1857.144319 0.790210 -0.222575 0.570990 -0.363649 0.579656 0.729218 0.493283 0.783875 -0.377110
1.562042 -48.696272 -122.286621 1228.040465 0.906685 -0.192911 0.375110 0.400816 0.671084 -0.623693 0.131413 -0.715843 -0.685783
2.585572 -43.900237 218.540722 801.619162 0.895868 -0.206967 0.393174 0.421027 0.678176 -0.602340 0.141976 -0.705154 -0.694695
2.954049 -47.822383 115.594992 1113.025282 0.883934 -0.220912 0.412139 0.458115 0.585836 -0.668525 0.093761 -0.779739 -0.619044
2.580117 -54.906005 -32.612920 1882.333806 0.880612 -0.216306 0.421584 0.468351 0.532342 -0.705166 0.071895 -0.818428 -0.570094
3.800863 -51.460660 -87.277622 1128.071886 0.854307 -0.256234 0.452220 0.519602 0.443031 -0.730574 0.013149 -0.859109 -0.511624
19.069717 -59.197805 -2611.246057 -2462.886277 0.771740 -0.214337 0.598729 -0.040754 0.922886 0.382911 -0.634631 -0.319909 0.703493
20.096486 -63.110716 -2091.143856 2.835379 0.798351 -0.142880 0.584997 0.022230 0.977775 0.208474 -0.601782 -0.153431 0.783784
27.020837 -62.479066 -2426.090544 -2971.981629 0.822150 -0.138732 0.552108 -0.091016 0.925341 0.368049 -0.561948 -0.352842 0.748142
11.388328 -62.527597 -1849.882195 -447.368529 0.759170 -0.209392 0.616291 0.088512 0.971257 0.220963 -0.644846 -0.113199 0.755884
10.597939 -57.487896 -2004.834409 -2012.559497 0.744112 -0.251937 0.618728 -0.021814 0.916507 0.399423 -0.667699 -0.310712 0.676488
2.667297 -116.383447 43.719575 -1367.891478 0.907825 0.285593 0.307067 0.328267 -0.028322 -0.944160 0.260948 -0.957933 0.119462
2.675933 -103.291486 548.446930 2645.635987 0.891999 0.302693 0.335730 0.386502 -0.125547 -0.913704 0.234422 -0.944783 0.228979
2.836669 -115.374685 -26.040058 -3287.701216 0.905595 0.280661 0.318006 0.325731 0.020006 -0.945251 0.271657 -0.959598 0.073302
0.931639 -113.604741 137.448061 4082.029873 0.872344 0.308744 0.379068 0.464726 -0.282910 -0.839042 0.151807 -0.908097 0.390276
3.436432 -120.341236 -566.163132 -5699.919439 0.929775 0.269758 0.250497 0.198806 0.204754 -0.958411 0.309830 -0.940907 -0.136746
2.686326 -101.860670 -797.251300 -4327.480356 0.928832 0.253939 0.269790 0.249648 0.109095 -0.962172 0.273765 -0.961048 -0.037936
1.156982 -98.791533 -764.659366 734.628396 0.909440 0.245068 0.335946 0.363049 -0.074004 -0.928826 0.202764 -0.966677 0.156274
-20.250666 -28.672823 3116.879735 249.159587 0.826108 0.516159 0.226107 -0.502796 0.493985 0.709348 -0.254443 0.699684 -0.667608
-23.863205 -27.999093 688.071051 341.733909 0.439749 0.709691 0.550417 0.832254 -0.091634 -0.546769 -0.337600 0.698528 -0.630939
-19.817482 -24.514442 2988.531293 1123.289292 0.901905 0.422207 0.091151 -0.320641 0.513045 0.796225 -0.289407 0.747346 -0.598095
-13.468306 -52.748649 -662.549361 -2542.980691 0.905842 0.186150 0.380524 -0.309133 -0.323686 0.894240 -0.289633 0.927672 0.235664
-11.713794 -60.681432 -75.978520 -4254.658705 0.914780 0.166735 0.367937 -0.256019 -0.465237 0.847354 -0.312462 0.869341 0.382902
-11.482146 -54.859726 280.203160 -691.549459 0.904141 0.114779 0.411528 -0.345465 -0.370307 0.862280 -0.251363 0.921791 0.295158
-41.466481 -57.002814 1844.877426 -857.169980 -0.040733 0.165308 0.985401 0.894290 0.445885 -0.037833 -0.445629 0.879693 -0.165995
-38.752420 -52.976842 2016.715067 -507.082283 -0.258453 -0.031641 0.965505 0.784430 0.576443 0.228873 -0.563801 0.816524 -0.124163
-35.136074 -49.395729 2471.479861 -925.004928 -0.021389 -0.001330 0.999770 0.870693 0.491449 0.019282 -0.491362 0.870905 -0.009354
5.264922 -28.099505 773.589019 905.658011 0.755549 -0.153991 0.636736 -0.598557 0.232724 0.766530 0.266223 0.960274 -0.083662
4.332077 -30.417324 537.951140 -617.369004 0.816995 -0.133550 0.560967 -0.534725 0.188673 0.823694 0.215844 0.972917 -0.082732
7.115076 -33.785582 112.436672 3614.387276 0.779282 -0.108998 0.617121 -0.585686 0.223615 0.779082 0.222916 0.968564 -0.110421
7.845206 -32.708616 -166.656344 2127.475264 0.843490 -0.074767 0.531917 -0.512102 0.186911 0.838341 0.162101 0.979528 -0.119369
6.161293 -35.252668 316.147565 3992.428192 0.729869 -0.123204 0.672392 -0.625873 0.275129 0.729786 0.274907 0.953480 -0.123698
11.957215 -38.573748 862.749278 3579.597307 0.835739 -0.086596 0.542255 -0.505691 0.263549 0.821473 0.214047 0.960751 -0.176468
10.143145 -42.620658 1305.604540 5268.460801 0.771933 -0.135327 0.621133 -0.559951 0.317827 0.765141 0.300957 0.938442 -0.169564
-8.870292 -269.887336 780.903514 -41135.702666 0.332923 0.698826 0.633091 -0.316014 0.715253 -0.623337 -0.888424 0.007458 0.458962
-5.490111 -249.230892 903.285339 3806.734047 0.340171 0.687061 0.642053 -0.159155 -0.630855 0.759402 -0.926797 0.360512 0.105249
-7.138987 -200.683734 437.644727 -15206.847930 0.301635 0.689733 0.658244 -0.107166 0.710552 -0.695436 -0.947382 0.139226 0.288243
-8.563387 -181.095665 515.795387 16482.311678 0.295321 0.715214 0.633447 0.430554 -0.691506 0.580037 -0.852883 -0.101436 0.512154
-29.254841 -271.475061 -8950.008008 82021.429061 -0.116001 0.641675 0.758154 0.449286 0.714651 -0.536113 -0.885825 0.278438 -0.371196
-12.086669 -703.575841 713.102058 226770.377265 -0.106089 0.608787 0.786208 0.347957 0.763409 -0.544181 -0.931489 0.215835 -0.292821
-33.735641 -607.887724 -3964.744639 169834.242533 -0.069712 0.677001 0.732673 -0.018944 0.733429 -0.679502 -0.997387 -0.061249 -0.038304
-8.852495 -158.415765 -1458.322036 64090.692712 -0.108268 0.575553 0.810566 0.457483 0.752739 -0.473386 -0.882603 0.319568 -0.344803
-75.558476 -383.896008 -21511.529264 104873.149920 -0.107030 0.575063 0.811078 0.252889 0.804680 -0.537156 -0.961557 0.147621 -0.231552
2.509741 -14.386813 -762.619934 -764.617853 0.921551 0.361817 -0.140825 -0.008269 0.380919 0.924571 -0.388169 0.850875 -0.354028
3.876804 -17.239291 -587.469776 -2258.326133 0.924206 0.364476 -0.114020 -0.021826 0.348488 0.937059 -0.381270 0.863547 -0.330029
0.828379 -16.556847 -112.793032 -1653.184261 0.923522 0.361861 -0.127136 -0.008067 0.349727 0.936817 -0.383461 0.864145 -0.325900
-0.302972 -15.532823 -613.723669 -90.455891 0.917327 0.390703 -0.076568 -0.068110 0.343483 0.936686 -0.392266 0.854032 -0.341697
1.493431 -15.547572 -972.922904 1032.611093 0.913789 0.399815 -0.071682 -0.087551 0.366194 0.926411 -0.396642 0.840268 -0.369628
-17.034264 -31.988325 -165.684844 -737.634311 -0.683502 -0.623149 -0.380144 0.712586 -0.682529 -0.162405 -0.158256 -0.381889 0.910558
-18.587704 -31.342331 191.612382 -10.383518 0.765542 0.531434 0.362661 0.603563 -0.788426 -0.118723 -0.222838 -0.309776 0.924328
-17.780471 -28.953215 254.278161 -535.557350 -0.609572 -0.658934 -0.440713 0.764218 -0.636225 -0.105775 -0.210694 -0.401279 0.891394
-17.998588 -29.496286 -215.592274 821.590097 0.793466 0.467544 0.389633 0.550000 -0.824967 -0.130117 -0.260598 -0.317542 0.911732
-20.553328 -37.354783 -358.012576 -795.173492 0.855720 -0.516141 0.036630 -0.460546 -0.791992 -0.400807 -0.235884 -0.326109 0.915430
-22.142225 -34.651556 -778.539309 -804.974327 0.894844 -0.446175 0.013463 -0.420716 -0.853095 -0.308590 -0.149170 -0.270476 0.951100
-19.979303 -34.858266 -293.105966 -664.008487 0.890594 -0.449956 0.066190 -0.417419 -0.866475 -0.273828 -0.180562 -0.216241 0.959498
-4.864558 -29.797613 -478.853887 -788.440223 0.721020 -0.007734 -0.692871 0.606285 0.491171 0.625435 -0.335481 0.871029 -0.358833
-7.396917 -32.661343 -1214.899499 -846.820560 0.805268 0.087464 -0.586425 0.503172 0.422364 0.753941 -0.313627 0.902197 -0.296106
-7.544471 -33.141061 802.885349 -419.144599 0.736400 -0.028450 -0.675948 0.633812 0.378473 0.674567 -0.236637 0.925175 -0.296740
-2.526564 -29.049121 826.450765 -1062.622798 -0.644002 0.065904 0.762180 0.650723 0.571062 0.500448 -0.402270 0.818257 -0.410650
7.345855 -25.289753 -5144.096022 -1241.164091 0.807943 0.135884 -0.573379 0.411736 0.565919 0.714289 -0.421547 0.813186 -0.401282
77.980218 -428.876338 4030.892267 69817.537544 0.835826 -0.496225 0.234852 -0.301316 -0.057054 0.951816 0.458916 0.866317 0.197208
88.389898 -561.210482 -2937.735436 112153.772608 0.914732 -0.195501 0.353616 -0.386656 -0.169438 0.906525 0.117311 0.965955 0.230583
60.568011 -326.776179 3213.841413 -10457.769681 0.885174 -0.316553 0.340972 -0.233584 0.331446 0.914102 0.402375 0.888784 -0.219446
30.728176 -243.291046 -4009.416152 -39885.684043 0.872488 -0.412321 0.262212 0.128557 0.711414 0.690914 0.471420 0.569106 -0.673708
49.035299 -330.222520 3268.194001 -50252.507121 0.773174 -0.598683 0.209240 0.085024 0.424804 0.901284 0.628469 0.679059 -0.379349
530.902854 -3820.566064 63653.605015 -1316533.936549 -0.036343 0.983007 -0.179933 -0.175763 0.170958 0.969475 -0.983761 -0.066859 -0.166563
8.175609 -148.410427 1722.513391 -18593.935375 -0.066186 0.987514 0.142950 -0.331993 -0.156896 0.930142 -0.940957 -0.014104 -0.338232
1.006693 -182.207949 2577.910263 -27239.390624 -0.048164 0.987096 0.152716 -0.276824 -0.160096 0.947490 -0.959713 -0.003360 -0.280963
27.266267 -1002.938155 819.475819 -302274.314316 -0.100520 0.964376 0.244691 -0.077537 -0.252782 0.964411 -0.991909 -0.077970 -0.100184
18.203942 -16.766995 -3768.714648 789.790187 -0.466054 -0.489577 -0.736959 -0.701811 0.711772 -0.029019 0.538753 0.503681 -0.675315
12.632979 -12.717562 -371.560669 676.837420 0.310541 0.643311 0.699797 -0.785985 0.587813 -0.191578 0.534594 0.490537 -0.688173
9.118007 -14.410637 370.651208 -1017.461091 0.503619 0.474518 0.721943 0.722091 -0.689973 -0.050218 0.474291 0.546599 -0.690128
27.752560 -17.529866 -5030.521607 -531.551536 -0.364499 -0.556312 -0.746765 -0.699795 0.692710 -0.174470 0.614352 0.458988 -0.641796
21.199340 -20.771287 5554.097181 -2028.686904 0.611944 0.310603 0.727358 0.629392 -0.748165 -0.210034 0.478947 0.586323 -0.653326
34.841273 -23.926320 -8547.782726 -26.349528 -0.582468 -0.386235 -0.715229 -0.607767 0.791226 0.067678 0.539768 0.474113 -0.695605
-4.053450 -48.174000 -366.399898 1393.290423 0.933032 0.125900 -0.337047 -0.346902 0.066267 -0.935558 0.095452 -0.989827 -0.105504
-4.328000 -46.048481 -575.562948 3018.754655 0.932877 0.112976 -0.342020 -0.359601 0.237548 -0.902363 0.020700 -0.964784 -0.262229
-6.822676 -46.117257 -258.111094 1406.996651 0.934764 0.141790 -0.325747 -0.341525 0.106079 -0.933867 0.097858 -0.984197 -0.147583
-1.544862 -48.231804 -1492.223276 3811.961254 0.934906 0.069502 -0.348023 -0.354894 0.185272 -0.916365 -0.000790 -0.980226 -0.197877
-5.317274 -49.304407 -171.381929 -1477.528703 0.935484 0.145586 -0.321986 -0.310347 -0.097241 -0.945637 0.168981 -0.984555 0.045785
-3.348601 -52.736121 -523.357152 -1824.153804 0.932642 0.113299 -0.342552 -0.328470 -0.126205 -0.936045 0.149284 -0.985513 0.080489
-1.186959 -49.179962 -1830.025008 1799.657900 0.940112 0.054161 -0.336535 -0.338847 0.041189 -0.939940 0.037046 -0.997682 -0.057075
5.083710 -46.852162 3748.592997 -1763.838398 0.839071 0.412432 -0.354768 0.515275 -0.393319 0.761440 -0.174505 0.821705 0.542539
-6.036746 -49.864682 -31.112228 -268.248978 0.800517 0.465551 -0.377405 0.583655 -0.462613 0.667335 -0.136086 0.754487 0.642051
10.850113 -46.238086 5726.486576 -365.874843 0.874326 0.363619 -0.321458 0.479841 -0.548220 0.684987 -0.072845 0.753151 0.653803
179.714202 -44.677465 50979.264977 -309.389147 0.907985 0.304122 -0.288224 0.413792 -0.542696 0.730929 -0.065873 0.782937 0.618603
5.503347 -51.238949 330.419654 -1646.613999 0.748501 0.374631 -0.547172 -0.650964 0.572449 -0.498546 -0.126457 -0.729351 -0.672350
5.141114 -50.222128 -515.742782 973.091627 0.764570 0.324786 -0.556728 -0.627840 0.570636 -0.529331 -0.145770 -0.754247 -0.640205
6.208057 -59.196837 148.988177 4672.205402 0.760767 0.363773 -0.537498 -0.645760 0.507231 -0.570711 -0.065026 -0.781272 -0.620794
4.814723 -58.062250 501.226561 -75.242857 0.726089 0.415820 -0.547620 -0.683188 0.526359 -0.506162 -0.077772 -0.741646 -0.666267
45.115044 -34.930722 12982.631538 -136.774808 0.765050 0.639030 0.079617 -0.476535 0.478631 0.737446 -0.433143 0.602123 -0.670697
42.174583 -32.890023 10940.433876 -439.211800 0.725441 0.685834 0.058028 -0.553627 0.531346 0.641224 -0.408940 0.497296 -0.765156
22.317945 -33.287281 8386.665945 -538.335438 0.796216 0.603853 0.037440 -0.479672 0.592340 0.647340 -0.368721 0.533381 -0.761281
18.815661 -36.188040 8805.036167 -798.467908 0.836009 0.548613 0.010664 -0.377025 0.560196 0.737586 -0.398675 0.620649 -0.675169
48.544217 -34.900864 15674.039235 39.479587 0.805451 0.579402 0.124670 -0.413438 0.398587 0.818656 -0.424639 0.710931 -0.560588
-7.780683 -101.476572 60.425510 12518.701938 -0.936703 0.007099 0.350054 0.098112 0.965060 0.242966 -0.336098 0.261931 -0.904671
-7.305006 -137.230060 1633.509670 18568.281554 -0.922601 0.041343 0.383534 0.094442 0.988191 0.120659 -0.374016 0.147542 -0.915611
-5.861902 -93.303559 -480.910583 9984.236087 0.918187 -0.021416 -0.395568 0.165405 0.928058 0.333690 -0.359964 0.371818 -0.855673
-8.564787 -73.503900 -737.064359 1643.627079 0.916428 0.351791 -0.190795 -0.279209 0.903581 0.324935 0.286708 -0.244508 0.926291
-9.547469 -78.394458 -659.130957 -1605.070796 0.923611 0.320498 -0.210296 0.170350 -0.834621 -0.523820 0.343401 -0.447982 0.825462
-8.803422 -73.696605 -95.955077 2281.913817 0.909777 0.342763 -0.234135 -0.220319 0.876774 0.427465 0.351803 -0.337313 0.873186
-8.594970 -102.241505 -1706.050126 5254.535546 0.852566 0.482511 -0.200783 0.483699 -0.583034 0.652768 -0.197905 0.653647 0.730465
-9.420078 -85.856269 -1604.730168 3628.847724 0.862889 0.468410 -0.189776 0.498124 -0.724777 0.475995 -0.085416 0.505262 0.858728
-11.735976 -91.151738 -408.274612 4057.140671 0.861893 0.440911 -0.250474 0.498157 -0.643904 0.580713 -0.094762 0.625288 0.774619
-10.849594 -99.879241 -619.981349 3506.733496 0.854945 0.455725 -0.247758 0.465578 -0.463579 0.753878 -0.228705 0.759875 0.608510
-12.740338 -94.205734 267.814038 4441.805808 0.862313 0.419426 -0.283723 0.483174 -0.513856 0.708869 -0.151525 0.748354 0.645760
-12.891828 -85.778965 178.731033 3664.749575 0.869108 0.404927 -0.284052 0.493577 -0.672686 0.551249 -0.032138 0.619297 0.784499
-5.745932 -164.625769 380.215374 12091.087114 0.955451 -0.099192 -0.277981 -0.294512 -0.258593 -0.919996 -0.019372 -0.960880 0.276286
-6.913017 -151.370621 802.372095 8381.895605 0.945142 -0.118846 -0.304273 -0.326630 -0.331222 -0.885214 -0.004422 -0.936038 0.351871
-8.048468 -163.944153 294.900132 -2549.852069 0.966122 -0.124088 -0.226295 -0.234156 -0.052731 -0.970768 -0.108527 -0.990869 0.080001
-10.103445 -201.793771 538.211461 -29115.161716 0.975385 -0.155399 -0.156447 -0.122106 0.210140 -0.970016 -0.183616 -0.965242 -0.185992
-8.183048 -149.351870 41.777389 -6869.606415 0.974504 -0.120928 -0.188994 -0.169339 0.156197 -0.973102 -0.147195 -0.980295 -0.131737
-6.348220 -158.268052 758.201486 -3446.368110 0.972612 -0.078808 -0.218669 -0.219793 -0.005783 -0.975529 -0.075615 -0.996873 0.022946
14.397647 -89.563338 -4957.975599 -3493.407369 0.870255 -0.298821 -0.391616 0.310184 0.950010 -0.035607 0.382679 -0.090486 0.919440
17.761761 -96.496711 -4466.031485 -1295.029170 0.864372 -0.307095 -0.398188 0.193840 0.934146 -0.299661 0.463990 0.181833 0.866977
25.226559 -88.094847 -3513.147877 -3935.567758 0.818731 -0.343674 -0.459965 0.283542 0.938593 -0.196591 0.499283 0.030536 0.865901
4.557380 -93.147241 -3696.835847 -755.891310 0.878676 -0.258634 -0.401294 0.227275 0.965799 -0.124816 0.419851 0.018468 0.907405
20.767533 -79.271875 -4086.674011 -5051.893513 0.842518 -0.311234 -0.439655 0.372648 0.926127 0.058502 0.388969 -0.213125 0.896259
10.699989 -79.528109 -4980.013465 3492.888777 0.883147 -0.262987 -0.388445 -0.366810 -0.903325 -0.222384 0.292408 -0.338884 0.894235
1.005694 -84.760816 -2932.724205 -2747.426454 0.882518 -0.233968 -0.407948 0.315510 0.937828 0.144678 0.348735 -0.256393 0.901469
12.050547 -554.816236 -8952.597447 141952.716452 -0.488677 -0.112018 0.865244 0.652660 -0.705069 0.277332 0.578990 0.700236 0.417661
18.015913 -326.855875 48868.848122 95795.386749 0.581639 -0.716092 0.385886 -0.484174 0.076434 0.871627 0.653660 0.693809 0.302256
-278.149387 -6652.054397 15568.331636 -1067711.155108 -0.154326 0.450989 -0.879086 0.184617 0.887237 0.422761 0.970618 -0.097051 -0.220185
-3.494704 -1382.959480 -627.819142 -352093.830081 0.562029 0.192423 -0.804423 -0.439966 0.893106 -0.093757 0.700394 0.406613 0.586612
297.943499 -2542.850619 -122842.421960 1350823.386754 0.644239 0.349300 -0.680401 -0.521986 -0.449407 -0.724958 0.559005 -0.822206 0.107196
-12.166615 -2169.903477 7967.744981 -500982.711752 0.767075 0.419708 -0.485223 -0.640074 0.552070 -0.534345 -0.043608 -0.720461 -0.692123
27.031842 -22.678091 1740.584940 1413.390950 0.833950 0.452945 -0.315228 -0.282221 0.840941 0.461702 0.474214 -0.296072 0.829134
20.241037 -14.194355 3428.839498 2195.074825 0.791127 0.416341 -0.448082 -0.252202 0.889446 0.381156 0.557236 -0.188536 0.808667
19.454723 -20.313459 3466.589381 1233.455841 0.759909 0.500452 -0.414832 -0.283444 0.829418 0.481379 0.584976 -0.248222 0.772132
26.905784 -27.662295 2939.405316 684.898069 0.782117 0.540429 -0.310208 -0.297475 0.761250 0.576200 0.547541 -0.358377 0.756151
19.436938 -23.368860 3548.554029 1113.179079 0.728838 0.575335 -0.371194 -0.311691 0.761505 0.568295 0.609626 -0.298496 0.734340
10.654058 -17.689491 2180.191130 1104.211654 0.723056 0.565103 -0.397302 -0.321011 0.784140 0.531108 0.611671 -0.256483 0.748382
-121.270217 -329.348512 -22344.873259 15285.667326 0.435168 0.220028 0.873050 -0.351879 0.934119 -0.060026 -0.828740 -0.281087 0.483921
-51.700236 -221.046160 -7866.565577 -16563.499256 0.395012 0.133773 0.908884 -0.226753 0.972928 -0.044649 -0.890252 -0.188456 0.414651
-38.825363 -456.871200 -9432.366575 102843.685588 0.360738 0.243128 0.900420 -0.395017 0.914387 -0.088643 -0.844884 -0.323705 0.425894
20.745801 -37.204184 2731.721354 1098.874236 0.945981 0.216608 -0.241247 -0.148297 0.950758 0.272152 0.288318 -0.221674 0.931522
32.388815 -36.463519 5481.805931 1042.770696 0.938761 0.302415 -0.165143 -0.246234 0.924046 0.292416 0.241031 -0.233845 0.941924
35.077705 -36.368827 5596.618109 600.917293 0.937673 0.294402 -0.184652 -0.254082 0.943281 0.213691 0.237090 -0.153456 0.959291
21.226884 -37.135827 3553.241869 -115.423928 0.937479 0.204107 -0.281911 -0.159893 0.972026 0.172045 0.309141 -0.116213 0.943889
44.690104 -34.619452 7840.660996 -162.549313 0.928158 0.315554 -0.197353 -0.290186 0.945586 0.147169 0.233054 -0.079327 0.969223
-44.033165 -62.996172 1080.949517 2466.621466 0.893711 -0.128230 0.429928 -0.408451 0.163884 0.897947 0.185602 0.978110 -0.094090
-43.391261 -66.604022 -147.413245 752.153141 0.981203 -0.075478 0.177608 -0.155275 0.237708 0.958845 0.114590 0.968400 -0.221520
-27.499126 -67.676254 -3351.051868 1781.878215 0.988330 0.047730 0.144660 -0.151143 0.188884 0.970298 -0.018988 0.980839 -0.193894
-2.453547 -71.168278 6864.567390 -162.658374 0.894633 0.060929 0.442628 -0.445385 0.042776 0.894317 -0.035556 0.997225 -0.065406
-3.925220 -4.410859 -303.657798 -13.617298 0.820343 -0.172236 0.545318 -0.312379 0.663775 0.679575 0.479016 0.727830 -0.490720
-1.073885 -11.642803 -544.788191 2139.487247 0.528619 0.219382 0.820020 0.717356 -0.631925 -0.293378 0.453830 0.743332 -0.491423
0.588218 -14.309598 -304.334002 -1516.388729 0.643089 0.097643 0.759541 -0.609780 0.665291 0.430763 0.463255 0.740172 -0.487382
-1.787782 -11.036290 -441.598416 -1595.212957 -0.164743 -0.806244 -0.568182 0.955943 -0.272413 0.109378 -0.242966 -0.525130 0.815602
1.272341 -8.689018 -449.968389 655.821299 0.738051 0.444884 0.507305 0.623029 -0.737997 -0.259222 -0.259066 -0.507385 0.821855
-1.529716 -5.695666 -153.557722 270.675157 0.810612 0.356044 0.464910 0.531965 -0.779617 -0.330470 -0.244790 -0.515198 0.821370
-13.698498 -49.941941 -871.602522 5642.056065 0.869096 -0.110895 0.482053 -0.446777 0.242247 0.861224 0.212282 0.963856 -0.160991
-12.530347 -48.415118 52.159679 6822.892295 0.832167 -0.140622 0.536398 -0.500396 0.226411 0.835669 0.238960 0.963827 -0.118046
0.881032 -42.251815 -21.394174 79.282198 0.912691 -0.187194 0.363253 0.361735 0.783624 -0.505056 0.190111 -0.592362 -0.782921
2.297519 -41.393567 347.846583 -122.487552 0.898636 -0.211136 0.384544 0.408357 0.722895 -0.557375 0.160303 -0.657909 -0.735839
0.481368 -45.257714 180.603242 378.785318 0.918410 -0.163131 0.360432 0.347384 0.768497 -0.537343 0.189333 -0.618709 -0.762464
14.238491 -64.352060 -1391.551103 845.636491 0.789936 -0.155406 0.593169 0.128007 0.987831 0.088336 -0.599679 0.006150 0.800217
1.228919 -114.329657 -566.057126 2312.742828 0.880490 0.279979 0.382557 0.446120 -0.216386 -0.868421 0.160360 -0.935301 0.315430
211.509490 -24.823407 -49574.796497 3408.200330 0.794053 -0.107845 -0.598205 0.393695 0.841067 0.370959 -0.463124 0.530071 -0.710310
79.275712 -13.904100 -15908.188902 2286.493257 0.721260 -0.108722 -0.684078 0.450037 0.824307 0.343489 -0.526546 0.555605 -0.643469
183.102597 -26.120747 39765.608508 4101.700656 -0.710671 0.085031 0.698367 0.427089 0.840966 0.332220 -0.559055 0.534364 -0.633966
34.706702 -10.748745 -7719.954566 2362.110196 0.747423 0.047250 -0.662666 0.349832 0.819981 0.453044 -0.564780 0.570437 -0.596343
263.251793 -36.390255 -49612.782789 3638.834945 0.849639 -0.212085 -0.482839 0.387963 0.871528 0.299872 -0.357209 0.442107 -0.822765
471.379251 -46.860718 100883.542611 2211.942484 -0.713164 0.195437 0.673202 0.403376 0.899834 0.166090 -0.573311 0.390003 -0.720564
176.581926 -23.768355 46550.470593 2145.789932 -0.587489 0.185917 0.787586 0.497318 0.850720 0.170147 -0.638382 0.491640 -0.592249
-10.075663 -60.423662 1077.982503 -3122.241880 0.909414 0.086550 0.406786 -0.313416 -0.500319 0.807125 -0.273380 0.861504 0.427871
-33.564494 -48.446388 3666.922010 204.218248 -0.330767 -0.228689 0.915584 0.714930 0.572573 0.401292 -0.616010 0.787313 -0.025891
-34.073238 -49.988868 3924.110352 -343.529627 -0.511872 -0.320842 0.796898 0.518857 0.623861 0.584452 -0.684671 0.712641 -0.152867
5.643592 -33.493093 333.987660 -1315.845861 0.883718 -0.104021 0.456313 -0.441372 0.139064 0.886483 0.155670 0.984805 -0.076981
-6.867874 -142.560906 1135.706369 18583.221019 0.114021 0.684797 0.719758 0.970103 -0.232978 0.067981 0.214241 0.690488 -0.690888
-8.929624 -178.567843 614.349306 21468.801276 0.090687 0.708509 0.699851 0.994078 -0.022146 -0.106393 -0.059882 0.705354 -0.706321
-11.075615 -187.887810 1192.724895 20043.839628 0.132205 0.681309 0.719959 0.976400 0.035630 -0.213012 -0.170779 0.731129 -0.660519
-6.075510 -131.304240 -243.808721 13654.989581 0.081361 0.738578 0.669240 0.971111 -0.209874 0.113559 0.224328 0.640668 -0.734317
-6.303355 -141.922680 771.813494 14823.235850 0.175269 0.673565 0.718046 0.981341 -0.178091 -0.072478 0.079059 0.717352 -0.692211
-0.404468 -111.431276 407.514124 14415.803065 0.215328 0.672209 0.708357 0.894591 -0.426653 0.132940 0.391586 0.605064 -0.693223
0.298752 -104.052982 1370.379179 14617.557918 0.148716 0.675980 0.721758 0.860929 -0.447584 0.241804 0.486502 0.585423 -0.648534
-2.487882 -109.783516 1314.470050 14613.071198 0.103033 0.704610 0.702075 0.885102 -0.387001 0.258504 0.453848 0.594773 -0.663526
15.677416 -84.591245 -5844.330717 2342.118679 -0.078127 0.876410 0.475186 -0.087235 0.468805 -0.878983 0.993120 0.110125 -0.039827
1.040128 -74.977787 -2706.911468 3969.084603 -0.075683 0.841676 0.534653 -0.317907 0.487841 -0.812986 0.945096 0.231500 -0.230654
-2.982772 -83.133236 2208.931720 2658.053580 -0.159018 0.801830 0.576005 -0.231456 0.536891 -0.811281 0.959761 0.262328 -0.100213
10.447559 -89.354042 -639.284980 -2264.221358 -0.144163 0.844171 0.516327 0.087791 0.530630 -0.843045 0.985652 0.076207 0.150608
36.547603 -88.951349 -9781.447631 -1796.660319 -0.095396 0.881139 0.463134 0.199291 0.472742 -0.858369 0.975286 -0.010413 0.220701
-33.363631 -912.781521 17138.400737 -216480.399597 0.563316 0.782291 0.265886 -0.022420 -0.307210 0.951377 -0.825937 0.541887 0.155517
1.005118 -38.088643 -7590.753117 -6776.203665 0.369599 0.723583 -0.582944 0.069688 0.604015 0.793921 -0.926574 0.334057 -0.172819
-23.565406 -60.859073 215.307408 20251.163777 0.109728 0.470556 0.875521 0.398398 0.786167 -0.472462 -0.910625 0.400648 -0.101204
-21.925779 -98.452184 14747.499122 1751.747507 0.340943 0.220353 0.913894 0.347714 0.873639 -0.340368 -0.873414 0.433820 0.221241
-13.122342 -543.140911 76965.267044 155659.765001 0.733445 0.341498 0.587739 0.205013 0.713246 -0.670261 -0.648095 0.612094 0.453115
-31.206473 -277.008498 -1967.550037 72283.790926 0.060273 0.594615 0.801748 0.422697 0.712432 -0.560150 -0.904264 0.372659 -0.208402
-16.405098 -32.809709 362.698075 -457.898858 0.764741 0.556716 0.324407 0.609906 -0.787816 -0.085788 -0.207813 -0.263464 0.942019
-6.703268 -31.802922 -1471.368700 437.762020 0.932963 0.332126 -0.138827 0.338727 -0.679454 0.650850 -0.121838 0.654243 0.746405
-11.285214 -32.836525 -1092.406396 386.705043 0.917194 0.345151 -0.199064 0.390393 -0.678560 0.622213 -0.079681 0.648403 0.757116
-8.203357 -33.502576 -1503.131108 401.322291 0.947102 0.294767 -0.126925 0.294771 -0.642576 0.707252 -0.126916 0.707254 0.695474
-9.691460 -30.464430 -937.213324 371.081567 0.898956 0.388266 -0.202800 0.433418 -0.721332 0.540212 -0.063460 0.573524 0.816727
2.181082 -39.728940 1216.981627 856.006028 0.802591 -0.204535 0.560368 -0.135702 0.852150 0.505396 -0.580889 -0.481669 0.656173
3.439342 -38.152654 810.463507 868.669754 0.789347 -0.185281 0.585323 -0.173209 0.847442 0.501837 -0.589008 -0.497507 0.636833
3.936220 -36.047188 598.216331 -47.809742 0.778662 -0.155507 0.607868 -0.123028 0.912154 0.390946 -0.615264 -0.379199 0.691128
0.894889 -39.145865 711.983086 289.246327 0.794772 -0.168400 0.583077 -0.085003 0.920378 0.381680 -0.600926 -0.352912 0.717176
5.911773 -108.182085 2318.324672 9640.879525 -0.013408 0.997484 0.069615 -0.480583 -0.067482 0.874349 -0.876847 0.021733 -0.480278
-1.049023 -130.755017 2855.579721 12879.772440 0.039819 0.998640 0.033655 -0.441711 -0.012620 0.897069 -0.896273 0.050586 -0.440608
-34.121046 -49.600859 -800.266628 -574.443710 0.183685 0.861567 -0.473245 -0.569584 -0.299089 -0.765585 0.801145 -0.410180 -0.435797
-34.757627 -49.066978 -271.470436 -1.860343 0.020487 0.863537 -0.503870 -0.604046 -0.390904 -0.694494 0.796686 -0.318588 -0.513608
-34.676109 -49.448618 -838.748476 -225.610249 0.136813 0.874068 -0.466141 -0.468902 -0.357366 -0.807726 0.872590 -0.329081 -0.360960
-32.768304 -49.648799 -940.373034 -435.071627 0.249464 0.828146 -0.501938 -0.446776 -0.361438 -0.818385 0.859162 -0.428412 -0.279830
-33.530457 -49.485065 -1305.799520 325.313070 0.214571 0.838407 -0.501032 -0.335155 -0.418629 -0.844050 0.917404 -0.349032 -0.191171
-36.450122 -52.646519 605.269121 815.831398 0.900269 -0.008056 0.435260 0.392789 -0.416066 -0.820126 -0.187704 -0.909299 0.371407
-34.094787 -54.651286 -411.528650 2069.539161 0.884459 -0.121108 0.450627 0.395451 -0.318082 -0.861651 -0.247689 -0.940296 0.233438
-35.296820 -51.365986 310.450838 1844.467926 0.949906 -0.058294 0.307050 0.284917 -0.242271 -0.927430 -0.128453 -0.968456 0.213526
-34.831101 -50.280478 944.405956 445.039072 0.938725 0.038923 0.342462 0.333590 -0.352473 -0.874346 -0.086676 -0.935012 0.343860
16.236287 -13.970222 -594.151722 1117.706468 0.118077 0.742727 0.659101 -0.812377 0.453956 -0.366017 0.571053 0.492220 -0.656976
7.456428 -9.282480 -831.079994 733.436668 0.126255 0.725043 0.677033 -0.835256 0.445895 -0.321754 0.535171 0.524872 -0.661892
-6.200888 -43.002037 -300.145078 2639.918200 0.934492 0.134637 -0.329540 -0.354635 0.271620 -0.894682 0.030948 -0.952940 -0.301574
-3.866480 -34.676202 -626.715022 1474.977929 0.946237 0.090471 -0.310565 -0.321857 0.359194 -0.876007 -0.032300 -0.928867 -0.369001
-2.451284 -42.144633 -655.926764 2396.595213 0.936040 0.097256 -0.338187 -0.351889 0.254257 -0.900848 0.001626 -0.962234 -0.272218
-6.712474 -49.287129 -660.805244 -1972.312869 0.779036 0.500615 -0.377475 0.581614 -0.352176 0.733278 -0.234152 0.790795 0.565523
-5.782000 -50.946271 -872.802194 -414.564998 0.783528 0.511911 -0.352181 0.597526 -0.465294 0.653042 -0.170431 0.722114 0.670451
-5.984193 -48.085245 -1070.726174 -1898.947322 0.768626 0.518241 -0.375021 0.563494 -0.271012 0.780402 -0.302801 0.811159 0.500333
-7.031399 -45.499834 -238.381077 -2246.443329 0.778328 0.485324 -0.398329 0.554000 -0.232324 0.799443 -0.295447 0.842903 0.449694
2.976319 -55.023146 192.595764 -4835.647174 0.764176 0.342983 -0.546257 -0.615746 0.640107 -0.459477 -0.192070 -0.687478 -0.700345
1.510637 -54.406747 -887.565772 -2639.514161 0.769027 0.286803 -0.571263 -0.593223 0.653087 -0.470706 -0.238085 -0.700872 -0.672380
4.168538 -53.614689 -1660.775887 2240.397577 0.758518 0.290451 -0.583343 -0.629623 0.557445 -0.541138 -0.168008 -0.777749 -0.605706
-6.876986 -86.080705 -631.371702 -4256.344090 0.805570 0.412837 -0.424998 -0.591729 0.523958 -0.612638 0.030239 -0.745006 -0.666372
-5.330284 -85.973971 892.657604 -3044.433732 0.831258 0.396524 -0.389588 -0.555764 0.578115 -0.597419 0.011664 -0.713128 -0.700937
-4.849056 -93.570083 377.307101 -3499.892421 0.810804 0.424228 -0.403270 -0.573026 0.715773 -0.399138 -0.119324 -0.554707 -0.823445
-7.549864 -74.310768 -164.091751 -2135.887851 0.829717 0.385961 -0.403241 -0.536716 0.353230 -0.766266 0.153312 -0.852211 -0.500233
-3.904606 -92.728116 -667.406307 -3153.637467 0.797726 0.431393 -0.421347 -0.589061 0.706944 -0.391455 -0.128998 -0.560473 -0.818064
-5.044335 -79.611997 378.278988 -5718.190223 0.797404 0.445299 -0.407254 -0.600111 0.514322 -0.612650 0.063352 -0.732927 -0.677351
-7.002820 -71.536212 246.717480 -2969.845240 0.806046 0.432750 -0.403754 -0.567546 0.371664 -0.734682 0.167873 -0.821336 -0.545184
9.094918 -84.156242 -3926.552464 7905.027551 0.740255 0.607657 -0.287709 0.670840 -0.696013 0.256005 0.044686 0.382516 0.922868
17.795560 -69.966969 -4934.826924 8418.955638 0.727491 0.625781 -0.281345 0.672131 -0.732363 0.109014 0.137827 0.268408 0.953394
11.425735 -66.588953 -3773.755917 7769.924281 0.745958 0.605915 -0.276430 0.644366 -0.761543 0.069603 0.168340 0.230043 0.958510
0.663643 -78.296550 -2786.006934 4737.889425 0.774263 0.564112 -0.286869 0.629193 -0.734897 0.253066 0.068062 0.376436 0.923939
22.060647 -30.994670 6928.133715 -701.247431 0.737503 0.674811 0.026820 -0.580532 0.613173 0.535725 -0.345068 0.410669 -0.843966
-3.408244 -128.142804 -708.227566 9615.876692 -0.960877 -0.028440 0.275511 -0.021569 0.999377 0.027938 -0.276134 0.020902 -0.960892
-6.357745 -120.679856 -1142.047370 11244.071508 -0.960118 -0.008404 0.279468 -0.003229 0.999815 0.018970 -0.279575 0.017311 -0.959968
-4.954872 -103.679016 -1330.990403 10273.297054 -0.959972 -0.016021 0.279639 0.054368 0.968717 0.242140 -0.274770 0.247651 -0.929070
-6.294399 -121.220557 -774.837943 14582.129878 -0.950669 -0.009129 0.310073 0.024464 0.994247 0.104280 -0.309241 0.106721 -0.944976
-2.788669 -104.838956 508.922226 8478.223507 0.956647 0.011827 -0.291008 0.091051 0.936949 0.337395 -0.276650 0.349265 -0.895253
-13.165268 -77.049282 501.565638 689.305699 0.828955 0.377124 -0.413051 -0.009040 0.747431 0.664278 0.559242 -0.546922 0.622996
-12.716720 -73.633846 -294.016783 1133.465121 0.860471 0.346035 -0.373966 -0.077975 0.814777 0.574508 0.503498 -0.465187 0.728073
-11.623868 -75.573825 -5.152783 -130.336672 0.862897 0.359995 -0.354701 0.001536 -0.703714 -0.710481 0.505378 -0.612527 0.607786
-11.467479 -76.491178 -94.686848 1445.926854 0.858919 0.361831 -0.362403 -0.122073 -0.542606 -0.831070 0.497349 -0.758062 0.421885
-9.406787 -74.761157 -758.840471 730.709481 0.889017 0.329282 -0.318154 -0.069348 -0.590002 -0.804418 0.452592 -0.737205 0.501687
-9.352174 -74.096109 -1268.841516 270.372642 0.901525 0.316927 -0.294636 0.021310 -0.712571 -0.701276 0.432203 -0.625939 0.649154
-5.423874 -94.462936 -1344.811785 3950.855720 0.859451 0.480629 -0.174182 0.498660 -0.713118 0.492748 -0.112617 0.510350 0.852561
-3.996176 -167.060947 438.712845 7977.670262 0.946773 -0.114793 -0.300738 -0.310130 -0.575624 -0.756622 0.086257 -0.809617 0.580586
26.748600 -94.115592 -1799.524420 -1500.231034 0.790721 -0.370688 -0.487186 0.137896 0.883226 -0.448215 0.596443 0.287232 0.749502
18.784489 -98.244621 -3387.745160 1593.664918 0.856230 -0.308194 -0.414592 0.043845 0.843007 -0.536112 0.514730 0.440858 0.735321
8.908561 -97.446465 -4256.280837 836.631604 0.876506 -0.269825 -0.398662 0.125695 0.927699 -0.351534 0.464691 0.258012 0.847049
-7.137154 -160.250430 641.134872 -19889.791957 0.803338 -0.541401 -0.248058 0.246768 0.681722 -0.688739 0.541991 0.492078 0.681253
4.311347 -145.799651 -3100.238608 -2221.200376 0.835207 -0.490221 -0.249225 -0.062702 -0.535122 0.842444 0.546350 0.687988 0.477676
-19.868265 -124.438335 2776.900901 -12426.844527 0.814169 -0.513831 -0.270382 -0.002716 -0.469038 0.883174 0.580622 0.718318 0.383271
-26.142048 -111.497313 3683.008407 522.456775 0.813682 -0.551035 -0.185153 -0.253549 -0.623035 0.739960 0.523101 0.555147 0.646666
7.809697 -119.272972 147.087023 1333.463153 0.880027 -0.125511 -0.458039 -0.111658 0.882734 -0.456413 0.461612 0.452800 0.762815
8.742581 -112.451595 -181.956322 461.366600 0.874983 -0.123778 -0.468063 -0.028061 0.952177 -0.304256 0.483339 0.279353 0.829666
7.695998 -119.342784 -437.510171 -25.326985 0.890972 -0.113005 -0.439771 0.049796 0.987011 -0.152741 0.451319 0.114189 0.885027
29.206117 -12.850803 1486.461429 4018.375303 0.866417 0.376824 -0.327605 -0.271673 0.906245 0.323904 0.418945 -0.191635 0.887559
23.286534 -5.292657 3683.177854 3728.963104 0.801779 0.364222 -0.473807 -0.251205 0.924778 0.285800 0.542261 -0.110126 0.832962
-3.578721 -26.119739 -1203.356595 1769.145660 0.909738 0.415159 -0.004457 -0.387777 0.853472 0.348158 -0.148345 0.315004 -0.937425
0.231926 -24.179683 -2004.339283 1550.169690 0.903251 0.427923 -0.031939 -0.380550 0.833201 0.401195 -0.198292 0.350226 -0.915436
-3.635081 -22.360503 -1266.365698 1333.754983 0.913161 0.407587 -0.003235 -0.369294 0.830677 0.416652 -0.172509 0.379275 -0.909061
33.852957 -336.532158 -2034.463392 62266.966990 0.911400 0.345501 0.223561 -0.407640 0.683519 0.605501 -0.056393 0.642986 -0.763799
14.966093 -313.698282 -1887.074156 72319.403683 0.886006 0.340358 0.314880 -0.428811 0.343127 0.835694 -0.176391 0.875454 -0.449962
27.245667 -335.952247 -3345.111865 66117.981879 0.933725 0.326110 0.147680 -0.280872 0.411566 0.867021 -0.221964 0.851038 -0.475884
25.199809 -548.577058 9597.162445 164763.579753 0.817901 0.339382 0.464605 -0.572703 0.557717 0.600802 0.055217 0.757477 -0.650522
38.939832 -307.383369 -2736.273906 -6840.680781 0.944795 0.297301 0.137744 -0.317825 0.933749 0.164619 0.079677 0.199310 -0.976692
39.625161 -280.410270 -2560.316125 -9063.988682 -0.887703 -0.303890 -0.345883 -0.365931 0.921595 0.129450 0.279426 0.241483 -0.929305
-101.461064 -382.296519 -15957.008282 -71049.724002 0.469705 -0.030646 0.882291 -0.008780 0.999186 0.039381 -0.882780 -0.026244 0.469053
-49.877171 -273.266024 -7336.731321 -48048.581385 0.346666 -0.019546 0.937785 0.095021 0.995371 -0.014380 -0.933163 0.094094 0.346919
-47.329489 -64.825668 986.582185 -303.572691 0.908230 -0.143032 0.393268 -0.327608 0.341687 0.880865 0.260366 0.928866 -0.263473
-42.188979 -62.839793 449.782812 1173.528887 0.740291 -0.182930 0.646920 -0.587638 0.291367 0.754843 0.326575 0.938958 -0.108200
-0.155200 -58.515125 7788.667404 -9657.842130 0.863986 0.077883 0.497455 -0.498808 0.267172 0.824506 0.068691 0.960496 -0.269681
0.288544 -8.807020 -580.159264 -1078.257133 -0.448469 0.678849 0.581411 0.745853 -0.074214 0.661963 0.492522 0.730517 -0.473039
4.460290 -30.924387 511.041426 -22.368283 0.085582 -0.838286 -0.538472 0.996326 0.073735 0.043562 0.003187 -0.540222 0.841516
-0.020281 -32.622449 1284.741667 -3182.374235 -0.000901 -0.830401 -0.557165 0.993016 -0.066477 0.097472 -0.117979 -0.553186 0.824661
-10.909943 -49.476297 1551.652340 2122.508039 0.814672 -0.235918 0.529766 -0.252320 0.678317 0.690087 0.522154 0.695865 -0.493079
-13.566274 -52.967176 -813.246565 255.523489 0.873663 -0.140730 0.465734 -0.253074 0.686111 0.682060 0.415531 0.713756 -0.563814
1.486977 -40.590053 231.843344 -451.347773 0.904000 -0.205961 0.374651 0.372508 0.809499 -0.453815 0.209812 -0.549810 -0.808510
-0.063564 -127.450432 543.417122 2774.836618 0.880953 0.304990 0.361805 0.417417 -0.140698 -0.897757 0.222902 -0.941905 0.251257
-1.232440 -129.999023 484.199655 3336.995852 0.846466 0.325867 0.421078 0.529648 -0.434409 -0.728534 0.054484 -0.839702 0.540307
