12263
24518
-49.336947 -72.337115 -463.696109 6419.989984 -0.441553 0.857643 0.263588 0.295979 0.416565 -0.859575 0.847011 0.301532 0.437780
-37.664451 -74.563569 -3536.911666 12567.624257 -0.400195 0.757597 0.515646 0.101671 0.595898 -0.796598 0.910773 0.266369 0.315501
-38.998197 -54.438597 -356.904588 5607.056427 -0.352340 0.933388 0.068144 0.236916 0.159400 -0.958364 0.905388 0.321525 0.277298
-30.036475 -48.183369 -2860.851272 6063.609242 -0.303627 0.931799 0.198901 0.086424 0.234830 -0.968187 0.948863 0.276778 0.151831
-40.182364 -57.627465 331.747554 4805.232782 -0.368879 0.911307 -0.182885 0.390161 -0.026772 -0.920357 0.843625 0.410855 0.345681
-28.640312 -42.230161 -884.315797 4331.651111 -0.265149 0.906681 -0.328064 0.263836 -0.259033 -0.929136 0.927409 0.332914 0.170532
-33.106635 -48.001743 1272.265753 2753.557667 -0.273508 0.847776 -0.454388 0.385346 -0.336259 -0.859325 0.881307 0.410128 0.234718
-60.421824 -77.369886 1806.322674 -2903.903076 -0.416147 0.905641 0.081460 0.839122 0.416996 -0.349269 0.350281 0.076992 0.933475
-61.013882 -81.068723 3063.406028 -3516.148859 -0.499400 0.843486 0.197816 0.712810 0.529810 -0.459569 0.492445 0.088504 0.865832
-55.141558 -81.221897 989.663388 -2163.953808 -0.477965 0.877908 0.028755 0.742968 0.421529 -0.519915 0.468558 0.227137 0.853734
-54.191102 -80.569039 644.441286 -1471.695666 -0.451492 0.883412 -0.125454 0.825939 0.360575 -0.433371 0.337609 0.299281 0.892441
-57.158846 -78.956076 42.343845 -3227.021238 -0.457055 0.888983 -0.028479 0.838478 0.419964 -0.347254 0.296743 0.182593 0.937339
28.337590 -19.207817 -3623.283026 950.772899 0.567090 -0.465471 -0.679519 -0.088989 0.785549 -0.612368 0.818834 0.407737 0.404055
35.337295 -17.051500 1499.273307 -10.952167 0.534135 -0.186969 -0.824465 -0.309887 0.864056 -0.396709 0.786556 0.467387 0.403583
42.587322 -20.811857 -9931.567817 2162.432075 0.598572 -0.484125 -0.638227 -0.115872 0.736016 -0.666974 0.792644 0.473185 0.384462
42.406752 -29.008973 11036.021462 2808.880367 -0.549139 0.658325 0.514834 0.040116 0.636082 -0.770578 0.834768 0.402501 0.375707
22.394533 -21.451081 -4650.019869 763.643442 0.542547 -0.634297 -0.550736 0.087550 0.694745 -0.713908 0.835451 0.339112 0.432464
13.337727 -15.318938 1009.381204 -954.666431 0.548445 -0.400588 -0.733987 -0.071110 0.852256 -0.518270 0.833157 0.336436 0.438930
12.691563 -52.025752 145.824976 -1371.754916 0.235466 0.968506 0.080941 -0.897833 0.248655 -0.363409 0.372091 -0.012899 -0.928107
21.560945 -56.243197 29.107612 -2040.119989 0.225497 0.973252 0.043950 -0.847552 0.218219 -0.483772 0.480423 -0.071839 -0.874090
20.010400 -48.221041 23.839931 -2207.422961 0.116459 0.992008 0.048562 -0.867462 0.125406 -0.481439 0.483681 -0.013942 -0.875133
14.937350 -60.839819 1144.786994 2130.294899 0.358367 0.929318 0.089110 -0.878108 0.367946 -0.305847 0.317017 -0.031357 -0.947901
8.823268 -45.584822 735.098956 -968.509173 0.098096 0.992241 0.076383 -0.921659 0.119534 -0.369129 0.375396 0.034189 -0.926234
7.885199 -52.581991 888.539490 1562.677485 0.326207 0.938083 0.116574 -0.913548 0.344537 -0.216158 0.242938 0.035984 -0.969374
6.153073 -47.058557 -1195.114909 -47.276527 0.169715 0.982632 0.075038 -0.950308 0.183345 -0.251595 0.260983 0.028610 -0.964919
-9.961178 -45.104672 -4031.699629 -1386.445217 -0.118782 0.679875 0.723645 0.815402 0.482660 -0.319623 0.566578 -0.552096 0.611702
4.863879 -46.155981 -8648.086488 3201.865911 -0.069892 0.625407 0.777162 0.706892 0.580749 -0.403775 0.703860 -0.521149 0.482685
-15.655697 -43.197655 -641.169028 2185.074085 -0.027127 0.768719 0.639011 0.729059 0.452563 -0.513477 0.683913 -0.451948 0.572719
-24.130792 -41.468952 -167.073864 -2894.327856 -0.024501 0.784653 0.619451 0.838510 0.353522 -0.414637 0.544336 -0.509256 0.666601
-20.019919 -42.890319 2693.388177 -1706.498217 0.162520 0.883083 0.440171 0.777544 0.160023 -0.608127 0.607464 -0.441085 0.660629
-5.175829 -49.803599 -571.810417 -295.443717 -0.017699 0.954760 -0.296850 -0.903350 -0.142521 -0.404533 0.428539 -0.261000 -0.865005
-6.134365 -48.444962 -963.598118 -5027.813463 -0.066014 0.948061 -0.311163 -0.911185 -0.184372 -0.368441 0.406674 -0.259205 -0.876030
-7.524243 -46.837746 -736.448341 149.547295 -0.023037 0.961053 -0.275402 -0.891021 -0.144665 -0.430294 0.453376 -0.235476 -0.859651
-6.512556 -44.915210 -364.506459 5053.099404 -0.018243 0.960652 -0.277156 -0.872770 -0.150539 -0.464338 0.487790 -0.233422 -0.841175
4.577054 -64.730865 83.216819 -1055.870537 0.086304 0.989233 -0.118194 -0.599197 -0.043241 -0.799433 0.795936 -0.139816 -0.589014
7.616604 -69.412637 -864.857633 -2960.485045 0.044785 0.983957 -0.172694 -0.725963 -0.086698 -0.682247 0.686274 -0.155924 -0.710433
4.526083 -59.202613 -702.555586 -3108.897693 0.067475 0.981629 -0.178469 -0.653219 -0.091745 -0.751590 0.754156 -0.167293 -0.635029
9.526112 -76.164305 -715.287550 -3536.131142 0.077287 0.991206 -0.107414 -0.712426 -0.020464 -0.701449 0.697479 -0.130738 -0.704579
3.680102 -57.548344 -477.094590 -30.130406 0.090120 0.985287 -0.145215 -0.567325 -0.069051 -0.820594 0.818548 -0.156336 -0.552755
3.915101 -67.891234 18.988115 -3230.185787 0.122884 0.991512 -0.042457 -0.583686 0.037608 -0.811108 0.802627 -0.124453 -0.583354
-0.331008 -89.483918 41.716988 -7431.933305 0.267153 0.896997 0.352172 0.797933 -0.001003 -0.602746 0.540308 -0.442035 0.716011
0.166251 -87.175896 -305.884994 -8667.412891 0.295418 0.891775 0.342732 0.820786 -0.053319 -0.568742 0.488916 -0.449326 0.747708
-1.305499 -102.013543 -221.373977 -7161.724847 0.285854 0.894535 0.343648 0.689701 0.056912 -0.721854 0.665282 -0.443360 0.600693
-0.725058 -101.755781 -237.848978 -7228.448458 0.309599 0.892429 0.328205 0.710191 0.012492 -0.703898 0.632279 -0.451014 0.629928
3.948604 -79.206020 -757.865775 -1820.642897 -0.260338 -0.889643 -0.375178 0.910006 -0.096230 -0.403273 0.322666 -0.446402 0.834633
3.878478 -86.585507 -904.189453 -6728.017988 -0.242495 -0.891392 -0.382905 0.861509 -0.016374 -0.507479 0.446093 -0.452937 0.771913
8.223017 -80.152180 -1541.288621 -1496.920447 -0.262096 -0.886970 -0.380250 0.904849 -0.088887 -0.416351 0.335491 -0.453192 0.825871
9.633753 -88.056380 2233.285797 -4913.609965 0.239005 0.889486 0.389477 0.846639 0.005514 -0.532139 0.475477 -0.456930 0.751756
14.470348 -87.572660 -2519.830747 -2396.381021 -0.267617 -0.878999 -0.394641 0.893943 -0.073686 -0.442083 0.359511 -0.471095 0.805494
3.164741 -139.741583 1620.685792 -2246.280772 0.892033 0.439289 -0.106310 -0.071660 -0.094776 -0.992916 0.446253 -0.893332 0.053064
2.458600 -149.333270 1191.551177 5242.025287 0.898447 0.418679 -0.132289 -0.027002 -0.248029 -0.968376 0.438251 -0.873607 0.211536
2.323200 -139.692948 1929.071961 1891.051695 0.894993 0.422513 -0.143073 0.004301 -0.328892 -0.944358 0.446059 -0.844578 0.296174
0.441037 -136.356804 1570.316551 -1388.362599 0.890577 0.444651 -0.095698 -0.092258 -0.029429 -0.995300 0.445377 -0.895220 -0.014814
2.583727 -148.164192 1236.700506 -6831.842526 0.894005 0.439324 -0.088030 -0.185063 0.183130 -0.965513 0.408053 -0.879464 -0.245022
-0.416343 -135.634351 1337.650975 1565.660128 0.894399 0.426749 -0.133927 -0.016168 -0.268388 -0.963175 0.446978 -0.863628 0.233146
-15.990860 -40.443919 479.429094 -881.124285 -0.126429 0.940870 0.314293 -0.461515 0.224666 -0.858213 0.878077 0.253554 -0.405821
-19.011518 -42.728682 539.287610 -857.305484 -0.134248 0.944378 0.300212 -0.553838 0.179716 -0.812998 0.821730 0.275412 -0.498907
-13.786819 -41.511018 2440.525280 -772.297499 -0.130450 0.908924 0.396030 -0.530851 0.273330 -0.802177 0.837365 0.314877 -0.446847
-10.277660 -38.778505 1991.554494 -862.325396 -0.124965 0.907095 0.401948 -0.418257 0.319203 -0.850395 0.899692 0.274387 -0.339509
-12.856051 -38.015940 156.960172 -915.813997 -0.115954 0.943934 0.309099 -0.355677 0.251101 -0.900246 0.927388 0.214327 -0.306620
5.948400 -348.468888 -922.125655 53725.929188 0.912975 0.395462 -0.100430 0.408013 -0.884074 0.227901 -0.001338 0.249045 0.968491
1.744735 -411.410246 -978.505867 64876.018882 0.927248 0.369050 -0.063347 0.354145 -0.809388 0.468478 -0.121620 0.456830 0.881201
4.337413 -354.377510 -260.321789 19579.036871 0.924635 0.367648 -0.099422 0.339520 -0.677425 0.652551 -0.172558 0.637127 0.751194
1.876998 -440.769522 473.696186 -16885.877447 0.917876 0.382399 -0.106182 0.301071 -0.496612 0.814084 -0.258574 0.779197 0.570957
5.635748 -295.529408 1516.395323 16280.607680 0.912932 0.384508 -0.136784 0.407784 -0.845979 0.343559 -0.016385 0.369424 0.929116
3.794548 -388.375497 -523.701976 -65897.414551 0.935377 0.343459 -0.084303 0.185124 -0.272412 0.944204 -0.301330 0.898792 0.318390
-1137.080985 -64776.353380 -155056.149838 -42183418.065780 0.885370 0.449751 -0.117662 -0.458417 0.802542 -0.381813 0.077292 -0.391984 -0.916720
58.287332 -13154.863464 22900.980528 -3252939.205468 0.942373 0.308365 -0.129784 0.297074 -0.592825 0.748536 -0.153883 0.743956 0.650269
638.901059 -728.741145 21843613.479263 9100226.992098 0.161334 0.974899 -0.153441 -0.869490 0.066861 -0.489405 0.466861 -0.212373 -0.858451
-415.201295 -44841.919766 -73837.350467 77805.469196 0.737095 0.598683 -0.313481 -0.021229 -0.443132 -0.896205 0.675456 -0.667243 0.313921
-1.818991 -94.753914 805.088550 15965.544239 -0.926793 -0.314259 0.205658 -0.317597 0.948065 0.017462 -0.200465 -0.049132 -0.978468
0.811795 -66.579241 1620.476224 5153.566276 -0.903705 -0.371534 0.212792 -0.358798 0.928349 0.097118 -0.233628 0.011417 -0.972259
-4.070169 -69.879279 505.558270 4385.076533 -0.934838 -0.282662 0.214895 -0.253485 0.955075 0.153546 -0.248642 0.089068 -0.964492
-16.860299 -33.314708 1296.987398 -209.319996 0.385156 0.922742 0.014224 -0.846373 0.347052 0.403990 -0.367842 0.167638 -0.914653
-15.267941 -33.914387 842.676873 86.298399 0.438411 0.898656 0.014599 -0.798023 0.381742 0.466296 -0.413467 0.216080 -0.884508
-13.887633 -33.609522 349.859995 -251.434471 0.395065 0.917922 0.036649 -0.868884 0.360412 0.339329 -0.298269 0.165901 -0.939954
-15.204566 -32.362364 866.132112 -393.005003 0.322876 0.945836 0.033839 -0.899786 0.295676 0.320875 -0.293490 0.134051 -0.946517
-12.916055 -31.603963 422.683376 -300.689158 0.266242 0.962497 0.052108 -0.940047 0.247319 0.234830 -0.213136 0.111506 -0.970639
-12.461018 -33.345914 -91.754236 -337.920751 0.354588 0.933235 0.057781 -0.912068 0.331614 0.241171 -0.205908 0.138217 -0.968761
-12.883704 -35.088908 -271.821739 -324.820296 0.422804 0.903885 0.065024 -0.871873 0.386163 0.301191 -0.247132 0.184038 -0.951344
-20.540397 -39.814913 -3181.537170 -2946.743854 -0.092972 0.875087 0.474951 0.846974 0.320286 -0.424325 0.523442 -0.362821 0.770954
-14.013642 -40.430111 -2207.406289 -2569.731015 0.131746 0.916982 0.376546 0.831549 0.104540 -0.545525 0.539601 -0.384987 0.748743
-22.526254 -41.185833 -4023.585691 -690.235794 0.053669 0.905112 0.421772 0.786937 0.221673 -0.575840 0.614695 -0.362812 0.700369
-12.801227 -402.813177 -380.379468 107412.823550 -0.552783 0.816583 -0.166203 0.534195 0.194161 -0.822762 0.639583 0.543594 0.543544
28.385694 -3377.675278 6162.089708 1245068.213562 0.619977 -0.759006 0.198843 0.645988 0.349931 -0.678416 0.445340 0.549052 0.707258
-30.581458 -984.349822 -8761.977766 301835.287674 0.502259 -0.813210 0.293983 0.840949 0.380196 -0.385041 0.201348 0.440615 0.874825
46.189531 -717.401478 20291.163385 225379.138996 -0.377905 0.811635 -0.445462 0.630775 -0.126494 -0.765586 0.677725 0.570305 0.464156
-5.226440 -446.042782 -25378.556296 80021.988239 -0.408651 0.799081 -0.440992 0.563550 -0.159152 -0.810606 0.717925 0.579776 0.385284
-8.403867 -529.066661 -5083.257071 159876.581538 -0.519015 0.834535 -0.184866 0.370374 0.024650 -0.928555 0.770355 0.550404 0.321884
-5.605023 -48.655665 4038.383773 -6006.746425 -0.410826 0.899448 0.149047 0.507790 0.089959 0.856771 -0.757213 -0.427668 0.493688
-2.411999 -43.314074 1939.153365 -5078.324370 -0.377143 0.907282 0.186017 0.555327 0.060790 0.829408 -0.741199 -0.416105 0.526764
-2.041646 -31.428078 3556.053986 -5334.617740 -0.494565 0.868582 -0.031156 0.355845 0.235060 0.904501 -0.792957 -0.436247 0.425333
-8.214395 -43.756670 2837.135929 -8878.593653 -0.498778 0.864745 0.058623 0.375216 0.154461 0.913977 -0.781302 -0.477868 0.401508
-33.487151 -40.676441 -1330.283980 1910.184720 -0.342841 0.937422 -0.060831 -0.237289 -0.023763 0.971148 -0.908930 -0.347384 -0.230587
-34.024378 -45.199677 1463.173785 2476.145268 -0.315655 0.889468 0.330467 -0.108223 -0.379748 0.918738 -0.942682 -0.254241 -0.216130
-35.618521 -53.186875 623.390272 1771.962954 -0.417621 0.797098 0.436152 -0.163627 -0.538143 0.826818 -0.893767 -0.273930 -0.355166
-35.387479 -39.528574 -2200.145656 2910.141680 -0.400512 0.906406 -0.134234 -0.314883 0.001425 0.949129 -0.860487 -0.422406 -0.284841
-35.667579 -62.063275 118.746533 831.268964 -0.461631 0.812112 0.356890 -0.324155 -0.528935 0.784316 -0.825724 -0.246377 -0.507423
-30.388663 -55.500057 -2245.348173 3797.748645 -0.511631 0.823410 0.245416 -0.244053 -0.413138 0.877357 -0.823815 -0.388989 -0.412330
18.231816 -36.388531 -3030.288813 1708.822441 -0.397213 -0.909507 0.122552 0.908319 -0.370549 0.194035 -0.131065 0.188389 0.973310
13.603438 -31.437748 -2969.299484 1660.562373 -0.420848 -0.896565 0.138048 0.906181 -0.408548 0.109198 -0.041504 0.171052 0.984387
17.361831 -32.021846 -1222.950601 1569.751734 -0.346762 -0.934049 0.085485 0.935124 -0.337204 0.108798 -0.072797 0.117666 0.990381
21.283920 -37.480634 -315.265257 1910.594554 0.342762 0.938410 -0.043602 0.925248 -0.329194 0.188542 -0.162576 0.104967 0.981097
-7.840530 -52.407937 -599.064264 3783.801822 -0.596515 0.748446 -0.289826 0.491020 0.625959 0.605867 -0.634878 -0.219099 0.740895
-8.731033 -52.476447 -580.170487 6666.913709 -0.584672 0.748815 -0.312146 0.573081 0.653557 0.494411 -0.574227 -0.110183 0.811248
-9.537869 -51.412196 401.883693 -391.081070 -0.562785 0.759385 -0.326509 0.446699 0.611755 0.652852 -0.695509 -0.221564 0.683503
-12.337879 -50.741302 -1298.750568 2176.868778 -0.571041 0.749216 -0.335539 0.531436 0.648912 0.544508 -0.625689 -0.132619 0.768716
-6.977522 -56.721500 195.224771 -4798.600329 -0.587956 0.756374 -0.286718 0.337759 0.551643 0.762633 -0.735001 -0.351553 0.579814
-10.221843 -51.853165 920.017627 -1755.006927 -0.547081 0.764498 -0.340948 0.374320 0.587742 0.717248 -0.748724 -0.264769 0.607709
-8.926652 -55.195317 -96.990193 -5345.617722 -0.568954 0.770294 -0.287989 0.346695 0.542225 0.765372 -0.745717 -0.335617 0.575558
2.261269 -61.337141 2137.975833 -2481.266161 -0.545449 0.707286 -0.449703 0.827967 0.538058 -0.158000 0.130215 -0.458520 -0.879092
-1.815875 -57.192542 1181.493588 1638.527390 -0.509133 0.712699 -0.482540 0.793999 0.605310 0.056270 0.332190 -0.354487 -0.874065
0.247238 -60.279977 4356.561975 -282.177740 -0.519779 0.739677 -0.427443 0.839388 0.535263 -0.094455 0.158928 -0.407886 -0.899095
5.478860 -60.753438 5520.966378 -1779.246453 -0.530928 0.736512 -0.419125 0.847272 0.452225 -0.278607 -0.015659 -0.503033 -0.864125
5.413497 -59.663565 1311.369053 -2562.605414 -0.537137 0.705896 -0.461730 0.842721 0.472549 -0.257913 0.036130 -0.527644 -0.848697
7.163443 -60.001282 543.540943 -5438.231947 -0.528627 0.697382 -0.483954 0.838767 0.516767 -0.171527 0.130471 -0.496598 -0.858118
9.097576 -90.950580 772.602456 6273.912583 -0.412632 0.831704 -0.371488 -0.291531 0.265794 0.918892 -0.862985 -0.487465 -0.132793
6.388529 -93.644740 1683.984167 2734.884477 -0.371572 0.845337 -0.383848 -0.409144 0.222036 0.885043 -0.833388 -0.485906 -0.263363
8.078981 -93.602350 1740.025017 9989.570487 -0.381755 0.852421 -0.357270 -0.169780 0.315294 0.933683 -0.908536 -0.417096 -0.024359
8.585271 -83.590685 1423.389894 -5668.214947 -0.384566 0.834187 -0.395273 -0.522519 0.156281 0.838182 -0.760974 -0.528875 -0.375779
9.990433 -84.147605 546.024906 5949.345645 -0.430398 0.836017 -0.340344 -0.088867 0.335976 0.937669 -0.898254 -0.433816 0.070309
11.502043 -80.396903 -302.422480 8325.699797 -0.456134 0.818823 -0.348527 -0.170431 0.304015 0.937298 -0.873439 -0.486934 -0.000881
11.009328 -83.183498 102.378951 1726.438754 -0.433436 0.814773 -0.385070 -0.376443 0.224534 0.898819 -0.818794 -0.534538 -0.209394
-10.612578 -104.764415 350.579640 -5542.343162 -0.443108 0.756903 -0.480368 -0.172431 -0.597800 -0.782881 0.879729 0.264070 -0.395404
-14.761020 -116.110450 692.417721 -3519.718109 -0.460376 0.730687 -0.504133 -0.397152 -0.677421 -0.619169 0.793930 0.084833 -0.602062
-10.397669 -104.332990 654.359648 -6354.426862 -0.452328 0.771978 -0.446597 -0.254216 -0.591582 -0.765118 0.854853 0.232552 -0.463838
-8.361376 -94.676306 702.874852 -3037.863503 -0.447105 0.788481 -0.422369 -0.103109 -0.514477 -0.851282 0.888519 0.337063 -0.311325
-7.988228 -102.883257 1677.499341 -5338.757854 -0.488219 0.779359 -0.392737 -0.434116 -0.607263 -0.665413 0.757090 0.154374 -0.634809
-7.009591 -99.899366 1512.630366 -5821.336882 -0.472323 0.791392 -0.388085 -0.270130 -0.549073 -0.790916 0.839012 0.268734 -0.473119
-6.078510 -93.536848 1130.439259 -3586.427335 -0.461042 0.797317 -0.389519 -0.140379 -0.498960 -0.855180 0.876204 0.339594 -0.341968
9.084684 -72.250365 -898.632549 -344.037772 -0.493508 0.826722 -0.270149 0.339391 0.469036 0.815364 -0.800789 -0.310702 0.512055
8.252955 -71.348438 104.743484 458.913626 -0.495142 0.818637 -0.290978 0.334507 0.488725 0.805763 -0.801835 -0.301633 0.515828
9.024681 -72.100256 -143.500423 -2083.536989 -0.502626 0.813770 -0.291798 0.203548 0.439441 0.874906 -0.840200 -0.380355 0.386516
10.078840 -70.221785 -959.956976 -4482.973534 -0.504988 0.813762 -0.287712 0.123627 0.398094 0.908976 -0.854227 -0.423453 0.301635
5.496445 -141.547512 -195.903340 -2625.522153 -0.398187 0.743435 -0.537356 0.344250 -0.421873 -0.838758 0.850258 0.518967 0.087943
5.144846 -142.668536 -231.013672 9990.903495 -0.443785 0.762401 -0.470956 0.512396 -0.215275 -0.831328 0.735190 0.610247 0.295115
5.371825 -141.383830 -433.597604 12560.201962 -0.429782 0.744128 -0.511431 0.412918 -0.341739 -0.844223 0.802986 0.574011 0.160390
-15.899043 -87.425952 -67.060454 2803.815632 -0.502359 0.749720 -0.430762 0.607819 -0.048132 -0.792616 -0.614973 -0.660003 -0.431514
-16.085089 -85.746372 845.506876 1638.941597 -0.479184 0.779557 -0.403328 0.675795 0.034464 -0.736283 -0.560074 -0.625382 -0.543336
-16.281579 -84.183349 -133.518617 2157.085685 -0.499735 0.737121 -0.454882 0.723644 0.066681 -0.686944 -0.476029 -0.672463 -0.566736
-17.090354 -81.958511 562.163327 51.517347 -0.492192 0.752704 -0.437246 0.806800 0.205863 -0.553799 -0.326834 -0.625345 -0.708606
-17.188038 -82.000599 -204.763769 -500.577437 -0.505471 0.722553 -0.471609 0.796501 0.180566 -0.577046 -0.331790 -0.667317 -0.666785
-16.047421 -89.153377 -1291.132554 2847.147349 -0.531835 0.705079 -0.469057 0.607513 -0.068224 -0.791374 -0.589983 -0.705839 -0.392061
-15.051248 -89.397326 -1126.053799 3010.947688 -0.528417 0.687289 -0.498406 0.650020 -0.050111 -0.758263 -0.546121 -0.724653 -0.420273
-15.422669 -83.481046 -493.832731 2583.142254 -0.515565 0.698939 -0.495657 0.737420 0.067349 -0.672068 -0.436353 -0.712003 -0.550135
-8.494573 -100.278209 1015.708104 3265.811954 -0.456077 0.823817 -0.336628 -0.851980 -0.513479 -0.102321 0.257145 -0.240134 -0.936062
-4.112805 -104.647915 1229.258411 929.888674 -0.461316 0.823517 -0.330163 -0.751257 -0.560535 -0.348445 0.472018 -0.087294 -0.877256
-7.466885 -99.912241 824.533996 2708.245517 -0.479989 0.802608 -0.354164 -0.788699 -0.571574 -0.226402 0.384142 -0.170658 -0.907365
-9.044379 -100.969581 -356.424027 1535.037999 -0.478596 0.781682 -0.399900 -0.799249 -0.576407 -0.170166 0.363520 -0.238179 -0.900624
6.194727 -153.879197 1661.873997 2139.778245 0.813886 -0.288167 0.504529 -0.464371 -0.844514 0.266751 -0.349213 0.451393 0.821154
1.069207 -164.798168 1239.857364 -4843.322997 0.781930 -0.324928 0.531985 -0.589801 -0.661893 0.462637 -0.201793 0.675515 0.709196
1.542197 -153.155641 1258.236961 -2788.607551 0.807609 -0.300145 0.507623 -0.543649 -0.712469 0.443659 -0.228504 0.634272 0.738570
4.962415 -145.431532 718.651393 -4762.263603 0.829093 -0.261881 0.493987 0.396515 0.898305 -0.189273 -0.394184 0.352798 0.848618
-2.586745 -144.120937 684.877020 -1646.890810 0.809086 -0.307025 0.501114 -0.583417 -0.522251 0.621996 -0.070739 0.795606 0.601670
1.415349 -139.563506 -129.981303 -3963.347731 0.825324 -0.277385 0.491832 -0.535341 -0.661402 0.525316 -0.179584 0.696854 0.694366
2.595646 -140.437005 -183.241342 -2101.829967 0.829689 -0.262242 0.492793 -0.460964 -0.819761 0.339859 -0.314847 0.509137 0.801031
15.136212 -10.839709 5772.087703 -2051.722018 -0.641181 -0.763327 -0.078860 0.695896 -0.535053 -0.479006 0.323444 -0.362008 0.874262
-5.581889 -18.578706 1537.007043 -4046.841937 -0.192647 -0.913485 -0.358376 0.920186 -0.041334 -0.389293 0.340800 -0.404768 0.848539
-4.866692 -12.969530 7461.818734 -3258.779134 -0.240207 -0.894023 -0.378184 0.920168 -0.085621 -0.382047 0.309178 -0.439763 0.843218
4.223921 -48.045831 1067.085547 541.232613 -0.303110 0.868267 -0.392730 -0.316950 -0.480509 -0.817712 0.898703 0.123381 -0.420844
5.041647 -47.585134 496.769640 498.976999 -0.289909 0.863791 -0.412089 -0.310251 -0.492151 -0.813346 0.905371 0.107945 -0.410671
3.635224 -49.844158 580.816452 1584.602938 -0.281705 0.879903 -0.382641 -0.224922 -0.448237 -0.865155 0.932766 0.157654 -0.324180
1.391411 -50.389391 443.240942 1261.712467 -0.277122 0.893477 -0.353415 -0.248814 -0.422006 -0.871781 0.928060 0.153655 -0.339257
113.526918 -560.907728 153433.569243 -193649.352669 0.924609 -0.204277 -0.321512 0.174136 -0.524010 0.833720 0.338785 0.826852 0.448932
-574.494172 -5760.425279 -303436.651846 4149086.587385 0.877760 0.288749 0.382311 -0.246580 0.956444 -0.156244 -0.410775 0.042874 0.910728
104.008704 -1905.103730 302269.630252 214953.230532 0.757318 0.301340 -0.579365 -0.287570 0.950409 0.118430 0.586321 0.076919 0.806418
175.483130 -595.052151 53358.440808 206980.583025 0.719062 0.559655 0.411990 0.621280 -0.252061 -0.741941 0.311384 -0.789463 0.528950
-46.161387 -2468.573704 26522.140959 633921.833077 0.112820 -0.085060 -0.989968 0.008541 0.996375 -0.084638 0.993579 0.001093 0.113138
-30.650751 -240.158534 25294.823882 -63941.151279 -0.493557 0.830936 0.256802 -0.687502 -0.191911 -0.700365 0.532676 0.522221 -0.665989
12.639268 -751.174162 20500.859168 -258264.601231 -0.371663 0.903385 0.213921 -0.768833 -0.170358 -0.616340 0.520349 0.393540 -0.757868
5.487361 -94.440566 4276.436988 -20958.868729 -0.347230 0.911688 0.219674 -0.728072 -0.114441 -0.675881 0.591053 0.394624 -0.703511
-48.150803 -86.960499 11646.669881 2887.762161 0.021083 0.788873 0.614194 -0.774289 0.401522 -0.489138 0.632480 0.465252 -0.619281
-4.926819 -45.545790 2038.903376 -5715.050972 -0.596613 0.745278 -0.297680 0.729363 0.658277 0.186281 -0.334787 0.105979 0.936315
-1.989699 -42.278690 1379.965625 -4576.256904 -0.624276 0.718941 -0.305620 0.715253 0.683342 0.146481 -0.314154 0.127151 0.940819
-2.382779 -43.923507 1369.750822 -1478.377700 -0.642669 0.705680 -0.298317 0.679776 0.704818 0.202820 -0.353385 0.072443 0.932669
-53.609734 -87.544733 577.472853 8725.395765 0.505013 -0.659599 -0.556679 0.244800 0.727943 -0.640446 0.827668 0.187158 0.529091
-30.353648 -89.398769 -5620.777540 9313.370834 -0.386658 0.707846 0.591143 0.253758 0.697915 -0.669717 0.886624 0.108945 0.449476
-16.311115 -84.699132 -7727.554644 15957.194189 -0.278325 0.774454 0.568116 0.106800 0.612773 -0.783009 0.954531 0.157257 0.253262
-21.711316 -64.061292 -5282.584730 14081.451678 -0.303644 0.797863 0.520783 -0.003439 0.545668 -0.837994 0.952780 0.256242 0.162945
-54.637533 -77.168759 -3667.917306 -2712.988149 -0.376385 0.892474 0.248647 0.842346 0.441397 -0.309227 0.385729 -0.093059 0.917907
35.863430 -17.121129 4040.928975 -1451.237800 0.507874 0.101235 -0.855462 -0.428170 0.891378 -0.148712 0.747486 0.441810 0.496054
56.173624 -16.473153 2463.336362 506.672330 0.552127 -0.019864 -0.833523 -0.438820 0.843125 -0.310768 0.708937 0.537351 0.456796
55.925590 -15.870784 -7512.363181 1560.949572 0.587573 -0.345590 -0.731659 -0.254585 0.779336 -0.572558 0.768078 0.522689 0.369935
27.520166 -48.680302 645.732276 -2778.535853 0.091409 0.995807 0.003636 -0.817348 0.077113 -0.570961 0.568847 -0.049219 -0.820969
27.920804 -57.149786 -154.801409 -2921.456286 0.169908 0.985002 -0.030050 -0.787991 0.117486 -0.604374 0.591779 -0.126367 -0.796134
20.978622 -70.213524 -1175.881866 -1731.245716 0.331115 0.943590 0.000474 -0.822653 0.288922 -0.489660 0.462175 -0.161744 -0.871913
2.352203 -41.834057 -3389.442069 -698.885967 -0.090111 0.990174 0.106940 -0.189383 0.088382 -0.977918 0.977760 0.108374 -0.179558
5.936025 -46.005161 -1284.235854 -647.597484 -0.138993 0.988363 0.061800 -0.204159 0.032466 -0.978399 0.969020 0.148608 -0.197271
2.871196 -46.350798 -1975.197449 -664.887440 -0.135759 0.990727 0.005370 -0.299213 -0.035833 -0.953513 0.944479 0.131054 -0.301303
5.852972 -50.078605 2729.582706 246.351135 -0.220294 0.973448 0.062208 -0.252590 0.004670 -0.967562 0.942162 0.228861 -0.244854
-1.864232 -42.747848 -3228.464271 -558.309834 -0.106565 0.993240 0.046014 -0.292536 0.012911 -0.956167 0.950298 0.115355 -0.289183
-2.031630 -45.529808 -4224.192455 -313.681832 -0.121377 0.992074 -0.032515 -0.393260 -0.078139 -0.916101 0.911380 0.098407 -0.399628
3.640345 -49.517009 691.585389 648.913535 -0.196991 0.979926 -0.030666 -0.397141 -0.108355 -0.911339 0.896367 0.167346 -0.410514
1.941833 -46.449046 -1842.868500 -522.582194 -0.154529 0.986817 -0.048090 -0.411644 -0.108557 -0.904856 0.898148 0.120030 -0.422992
-3.440197 -51.298374 -682.692619 -5337.065064 -0.042061 0.947979 -0.315541 -0.923301 -0.157557 -0.350274 0.381768 -0.276606 -0.881897
6.712819 -65.913201 -1205.586214 -3712.916793 0.027774 0.974203 -0.223958 -0.768355 -0.122508 -0.628190 0.639421 -0.189527 -0.745131
10.499939 -73.461358 -1482.432239 -4103.970226 0.011484 0.978780 -0.204590 -0.817130 -0.108743 -0.566104 0.576339 -0.173678 -0.798542
12.355059 -76.583169 -1531.610699 -3762.680356 0.034174 0.987160 -0.156037 -0.801484 -0.066199 -0.594341 0.597039 -0.145372 -0.788931
1.076683 -76.344241 -70.823998 -6592.722898 -0.284018 -0.893911 -0.346781 0.883294 -0.103237 -0.457311 0.372995 -0.436195 0.818907
0.649441 -73.164112 40.164471 -7246.159288 -0.299796 -0.891209 -0.340395 0.893965 -0.137859 -0.426405 0.333090 -0.432136 0.838040
0.689527 -82.561712 -487.139794 -6689.656138 -0.259889 -0.898139 -0.354690 0.869612 -0.058000 -0.490317 0.419800 -0.435871 0.796106
2.143685 -71.651036 -202.211636 -2285.371172 -0.289859 -0.891062 -0.349271 0.920268 -0.159265 -0.357409 0.262847 -0.425021 0.866180
1.158277 -65.155734 -91.716855 -1886.321550 -0.313316 -0.887736 -0.337279 0.923025 -0.201170 -0.327957 0.223289 -0.414071 0.882433
2.027293 -76.849739 -417.624035 -2230.270482 -0.267728 -0.892887 -0.362041 0.915226 -0.118236 -0.385204 0.301138 -0.434480 0.848848
2.978808 -71.888623 -390.091160 2657.606516 -0.300359 -0.888227 -0.347617 0.940216 -0.214365 -0.264654 0.160555 -0.406326 0.899511
2.304699 -70.537908 -100.485867 4010.933768 -0.310812 -0.887439 -0.340366 0.940428 -0.235213 -0.245499 0.137807 -0.396393 0.907679
2.979066 -76.084445 -555.863366 5089.148068 -0.330179 -0.884455 -0.329730 0.943858 -0.305390 -0.125975 0.010723 -0.352812 0.935633
4.636965 -77.619443 -485.309255 4098.043744 -0.320574 -0.880091 -0.350246 0.947202 -0.295368 -0.124763 0.006352 -0.371750 0.928311
0.612716 -96.490303 1312.043625 3253.224760 0.341980 0.887549 0.308718 0.869828 -0.423298 0.253413 -0.355596 -0.181869 0.916774
-1.796391 -97.196003 1066.492778 2439.322179 0.330413 0.891924 0.308707 0.874453 -0.412373 0.255501 -0.355189 -0.185529 0.916198
1.041168 -88.982390 -1108.364335 4861.499023 -0.341218 -0.887352 -0.310124 0.920740 -0.381935 0.079767 -0.189229 -0.258326 0.947344
-0.137952 -173.047020 -1637.197162 3919.392223 0.924412 0.342833 -0.167114 0.006586 -0.452448 -0.891766 0.381338 -0.823259 0.420507
-0.377647 -148.953678 838.286868 3920.624334 0.901919 0.388802 -0.188086 0.052896 -0.531635 -0.845320 0.428655 -0.752461 0.500058
-19.664369 -43.817529 1318.096005 -936.130320 -0.141272 0.929629 0.340342 -0.621214 0.184433 -0.761629 0.770802 0.319022 -0.551443
4.030787 -355.404199 -925.045350 49608.533595 0.913267 0.396934 -0.091579 0.403750 -0.911869 0.074038 0.054119 0.104591 0.993042
2.221760 -465.200714 -199.182745 53931.905772 0.913568 0.401644 -0.063832 0.384282 -0.801168 0.458756 -0.133117 0.443635 0.886266
-1572.844483 -6069.081057 -1094767.911465 37089576.765765 0.206347 0.821365 0.531771 -0.443951 0.562898 -0.697175 0.871968 0.092220 -0.480798
-15.189593 -32.157469 771.589268 810.856132 0.453089 0.891244 0.019850 -0.733334 0.359965 0.576755 -0.506885 0.275878 -0.816676
-13.296985 -33.795185 57.374025 585.674535 0.472261 0.881072 0.026107 -0.761442 0.392860 0.515623 -0.444045 0.263387 -0.856418
-18.566441 -33.803527 1521.750252 -13.660576 0.396341 0.918099 -0.002833 -0.802088 0.347757 0.485510 -0.446732 0.190155 -0.874227
-18.007903 -33.278114 1554.885860 595.450701 0.399388 0.916496 0.022875 -0.763554 0.318722 0.561606 -0.507419 0.241765 -0.827089
-3.499060 -80.260570 -1601.352023 7868.352573 -0.293780 -0.907205 -0.301120 0.955539 -0.270397 -0.117604 0.025269 -0.322281 0.946307
-3.046721 -73.225052 -1086.702497 7474.474054 -0.280433 -0.904478 -0.321367 0.957052 -0.237818 -0.165816 0.073550 -0.354065 0.932324
-1.402943 -70.642843 -1343.490675 2695.038714 -0.305677 -0.901404 -0.306646 0.942224 -0.240029 -0.233666 0.137023 -0.360355 0.922696
-15.597559 -822.731115 -6766.130618 244321.868675 0.564919 -0.754797 0.333388 0.822781 0.484702 -0.296808 0.062436 0.441978 0.894850
19.821578 -748.375411 -7822.995549 206959.987200 0.448339 -0.816089 0.364679 0.846808 0.257155 -0.465604 0.286196 0.517561 0.806364
-5.418269 -54.058139 -2916.383311 -7496.118751 -0.315130 0.895852 0.313276 0.671156 -0.023020 0.740959 -0.671001 -0.443755 0.594002
-5.394815 -38.870012 -2677.700972 -4717.026488 -0.412291 0.891116 0.189549 0.558649 0.082930 0.825248 -0.719672 -0.446133 0.532012
-4.987347 -31.016240 -525.324795 -3396.580435 -0.522361 0.852325 -0.026092 0.383918 0.262391 0.885301 -0.761410 -0.452430 0.464286
-23.248345 -46.138977 889.296854 -431.847682 0.470765 0.114199 0.874837 0.030823 0.988853 -0.145669 -0.881720 0.095541 0.461997
-25.342898 -45.606876 -390.001226 932.466594 0.416087 0.306298 0.856185 0.026734 0.937034 -0.348214 -0.908932 0.167777 0.381699
-18.572442 -44.469410 -1333.856747 -1424.268364 0.377731 0.403452 0.833394 -0.157447 0.914955 -0.371574 -0.912431 0.009140 0.409129
-27.584867 -45.893713 728.966171 1481.395259 0.452596 0.068046 0.889116 0.178838 0.969899 -0.165264 -0.873599 0.233805 0.426803
-16.531007 -43.281568 -340.470327 -2139.409337 0.451320 0.206270 0.868195 -0.160944 0.975779 -0.148166 -0.877729 -0.072861 0.473586
-20.833073 -47.497408 669.179050 -854.124508 0.500569 -0.040012 0.864771 0.065135 0.997841 0.008466 -0.863243 0.052089 0.502095
-25.417061 -49.030189 1402.318130 207.702579 0.468872 -0.166717 0.867389 0.287172 0.957446 0.028794 -0.835279 0.235589 0.496797
-6.864859 -52.619984 -839.668872 8601.947548 -0.606339 0.745835 -0.275833 0.576283 0.651147 0.493868 -0.547951 -0.140494 0.824628
-7.729469 -49.990112 -405.277627 2303.903770 -0.588073 0.754437 -0.291538 0.607386 0.649958 0.456768 -0.534091 -0.091537 0.840457
-10.037335 -49.335739 -563.360772 2007.548162 -0.565769 0.759636 -0.320715 0.616596 0.648001 0.447107 -0.547462 -0.055207 0.835007
-1.210283 -41.615926 2358.362697 -3167.537644 -0.458801 0.762690 -0.455857 -0.676686 -0.632413 -0.377029 0.575846 -0.135491 -0.806253
-4.160127 -50.556080 2720.862943 -3040.138772 -0.467879 0.762794 -0.446356 -0.759132 -0.605478 -0.238988 0.452557 -0.227026 -0.862352
132.164549 -44.785284 37624.171748 2660.107971 -0.164910 0.943390 -0.287786 -0.852033 -0.283239 -0.440245 0.496835 -0.172602 -0.850508
-8.979240 -44.047042 1749.113509 -4049.771885 -0.461635 0.756305 -0.463568 -0.664826 -0.640951 -0.383650 0.587281 -0.131086 -0.798697
216.942283 -29.627895 71860.634824 1634.962320 -0.220911 0.936686 -0.271694 -0.793576 -0.334575 -0.508228 0.566952 -0.103337 -0.817243
139.344606 -41.334934 55068.828232 -3892.457485 -0.335122 0.870514 -0.360415 -0.696533 -0.486504 -0.527405 0.634457 -0.074296 -0.769380
-2.935269 -36.822725 2673.643714 -1447.495129 -0.445352 0.768767 -0.458976 -0.623781 -0.634144 -0.456902 0.642308 -0.082818 -0.761959
-13.291285 -127.329358 -887.416435 -3590.809680 -0.418780 0.716404 -0.558022 -0.473003 -0.696647 -0.539399 0.775172 -0.038056 -0.630603
-15.855807 -118.688648 -383.359387 1347.772621 -0.447066 0.712193 -0.541215 -0.598509 -0.687820 -0.410719 0.664770 -0.140304 -0.733755
-11.929426 -119.365696 -531.234646 -8188.976814 -0.422601 0.731165 -0.535542 -0.253364 -0.662649 -0.704771 0.870181 0.162150 -0.465287
7.325381 -70.489738 -928.008848 2312.000631 -0.502763 0.826647 -0.252753 0.464705 0.505017 0.727328 -0.728888 -0.248218 0.638051
5.778761 -68.669569 -549.234459 919.822102 -0.508259 0.815700 -0.276236 0.385775 0.502419 0.773791 -0.769967 -0.286722 0.570036
9.337522 -44.752652 5587.804652 -548.391037 0.530214 0.843381 -0.087070 0.350108 -0.124254 0.928432 -0.772203 0.522752 0.361156
-2.605914 -43.947035 5032.760233 -428.272419 0.530672 0.842754 -0.090290 0.298559 -0.086167 0.950493 -0.793252 0.531357 0.297338
-3.708388 -45.759355 5094.445405 -633.124702 0.523801 0.846072 -0.098968 0.400620 -0.142145 0.905151 -0.751755 0.513768 0.413409
1.974673 -120.141504 -1235.447009 -1384.529455 -0.390842 0.776513 -0.494237 0.432686 -0.318929 -0.843248 0.812420 0.543426 0.211335
2.750011 -130.987947 -1064.835009 8538.339811 -0.444646 0.789729 -0.422632 0.571425 -0.113247 -0.812803 0.689756 0.602912 0.400916
-15.683146 -89.948956 2988.061777 -785.812953 -0.452547 0.803427 -0.386920 -0.516905 0.117218 0.847980 -0.726643 -0.583751 -0.362248
-15.756734 -86.111488 913.663992 -2120.691336 -0.464740 0.797914 -0.383862 -0.595606 0.039077 0.802325 -0.655187 -0.601503 -0.457082
-0.432030 -101.971525 1250.117993 1377.042809 -0.412107 0.853927 -0.317769 -0.800631 -0.505867 -0.321073 0.434922 -0.122099 -0.892152
7.773943 -168.279109 2470.350077 6276.712448 0.798526 -0.300773 0.521432 -0.462011 -0.861508 0.210593 -0.385878 0.409071 0.826897
-12.201142 -28.304313 98.852889 -4485.351461 0.160998 0.922503 0.350810 0.900101 0.008562 -0.435598 0.404844 -0.385895 0.828967
-17.646112 -31.345300 -2913.468567 -4181.360918 -0.152708 0.855611 0.494580 0.890619 0.336053 -0.306374 0.428343 -0.393697 0.813342
-12.821768 -25.064454 3615.637479 -6067.487437 0.315485 -0.777487 -0.544044 0.876457 0.458496 -0.146983 0.363719 -0.430460 0.826083
-10.474207 -102.393078 1588.465105 -5682.939315 0.816753 -0.422876 0.392545 0.437870 0.897318 0.055593 -0.375746 0.126478 0.918051
-9.075338 -90.088612 2539.851148 -6917.187881 0.837541 -0.404988 0.366756 0.339555 0.911700 0.231314 -0.428051 -0.069201 0.901101
-1.750341 -105.094808 3223.120554 -7164.632192 0.844490 -0.417486 0.335472 0.405116 0.907655 0.109747 -0.350310 0.043225 0.935636
-1975.666097 -3430.247686 713267.441380 186205.230874 -0.055298 0.819664 -0.570170 0.713388 -0.367099 -0.596922 0.698584 0.439761 0.564438
-61.182791 -1916.883498 112596.017105 -174080.767734 0.451897 0.818290 0.355232 0.649849 -0.029165 -0.759503 0.611134 -0.574065 0.544945
1639.922526 -10808.206527 -699553.546351 -8008771.590657 0.062610 -0.132356 -0.989223 -0.030474 0.990452 -0.134449 0.997573 0.038563 0.057979
-814.669886 -1408.555605 -243851.374290 469590.065866 0.668225 0.657200 -0.348660 -0.300155 -0.190659 -0.934642 0.680722 -0.729203 -0.069859
-511.477682 -833.980982 -136159.694049 -202642.476110 0.597760 -0.297970 0.744242 0.692635 -0.275487 -0.666606 0.403658 0.913959 0.041709
-12.651648 -7472.742185 -44805.879167 -977558.641625 -0.358489 -0.097847 -0.928392 -0.211543 0.977136 -0.021299 0.909250 0.188760 -0.370992
16.486574 -107.799924 -1335.960281 -22085.504209 -0.401492 0.915677 -0.018447 -0.684679 -0.313464 -0.657993 0.608291 0.251549 -0.752798
85.069919 -603.147801 9904.397851 -180695.311752 -0.370898 0.928107 0.032441 -0.770312 -0.287951 -0.568950 0.518705 0.236012 -0.821732
-0.239011 -42.726203 467.452662 187.133682 0.666300 -0.691231 0.279722 0.677196 0.717955 0.161078 -0.312170 0.082100 0.946472
-57.094931 -83.284562 533.590506 4563.086655 -0.482384 0.810222 0.332934 0.424487 0.548689 -0.720244 0.766235 0.206108 0.608608
-48.069881 -78.321896 593.542810 4788.395028 -0.434558 0.899998 0.034108 0.504493 0.274614 -0.818580 0.746087 0.338514 0.573379
-43.393903 -69.568366 689.613148 5459.474372 -0.400826 0.910471 -0.101886 0.458949 0.103298 -0.882437 0.792909 0.400464 0.459264
47.561152 -23.574510 1700.905385 148.663778 0.546404 0.272286 -0.792025 -0.540173 0.837269 -0.084815 0.640044 0.474173 0.604569
36.393851 -23.818003 1296.427866 -1771.752209 0.504489 0.365502 -0.782239 -0.540961 0.839918 0.043571 0.672943 0.401180 0.621452
25.549077 -16.021045 2777.134050 -1787.171079 0.467105 0.299506 -0.831931 -0.496139 0.867586 0.033774 0.731887 0.396978 0.553850
25.458204 -42.667495 3609.647040 -2351.688770 -0.042290 0.998927 0.018855 -0.817169 -0.023724 -0.575910 0.574845 0.039763 -0.817295
15.785944 -42.324112 3212.801333 -1614.858997 -0.035984 0.997027 0.068135 -0.874822 0.001532 -0.484442 0.483106 0.077039 -0.872166
9.485054 -44.170886 -450.578829 -816.497666 -0.149667 0.981406 0.120174 -0.114929 0.103451 -0.987972 0.982034 0.161678 -0.097309
-4.769998 -46.553346 -114.938543 4609.775247 0.000293 0.956387 -0.292103 -0.888373 -0.133862 -0.439174 0.459121 -0.259625 -0.849589
-3.840631 -49.926363 -149.912186 152.249237 -0.007039 0.951478 -0.307637 -0.911275 -0.132776 -0.389805 0.411738 -0.277599 -0.867993
-4.167017 -46.260125 142.306751 5105.305251 0.011421 0.953417 -0.301440 -0.900650 -0.121153 -0.417315 0.434395 -0.276258 -0.857311
3.592190 -55.521135 -459.023999 -1134.061982 0.069382 0.981398 -0.179009 -0.603294 -0.101632 -0.791016 0.794495 -0.162877 -0.585020
3.870596 -58.587854 -384.920944 -2801.304988 0.036513 0.976889 -0.210608 -0.708509 -0.123319 -0.694844 0.704757 -0.174588 -0.687631
0.130100 -86.229933 50.896544 -8676.265485 -0.307623 -0.893145 -0.328116 0.849629 -0.102592 -0.517305 0.428366 -0.437912 0.790402
30.141335 -118.871626 4525.623879 13340.932259 0.547634 0.835539 -0.044398 -0.764326 0.477958 -0.432853 0.340445 -0.270980 -0.900371
43.617665 -137.414690 3084.918094 2579.763531 0.633190 0.761036 -0.141051 0.648580 -0.422253 0.633282 0.422391 -0.492470 -0.760959
38.169671 -118.800568 6104.278830 -9377.888515 0.510468 0.854939 -0.092205 -0.637541 0.304332 -0.707760 0.577031 -0.420073 -0.700410
43.973895 -99.952241 5447.678943 -18266.108300 0.410704 0.900431 -0.143340 -0.542325 0.114874 -0.832278 0.732943 -0.419558 -0.535506
30.972710 -102.426613 3228.335860 -7650.675486 0.437556 0.896615 -0.068015 -0.679639 0.280245 -0.677904 0.588758 -0.342847 -0.731997
-1.215344 -80.577068 742.611614 6564.177812 -0.228344 -0.906683 -0.354662 0.966726 -0.168006 -0.192911 0.115324 -0.386912 0.914877
-2.599119 -85.461351 1043.506973 9244.403056 -0.231631 -0.904216 -0.358804 0.972625 -0.208200 -0.103211 0.018622 -0.372888 0.927689
-3.494281 -104.587140 1691.044831 10211.562393 -0.178875 -0.917035 -0.356441 0.973951 -0.216360 0.067878 -0.139366 -0.335014 0.931849
-3.523648 -115.085142 -202.762179 8679.309487 0.157656 0.932544 0.324816 0.942462 -0.240292 0.232433 -0.294805 -0.269482 0.916771
-1.494225 -98.255495 -483.478007 9954.058614 -0.183903 -0.923455 -0.336764 0.982708 -0.180249 -0.042377 -0.021568 -0.338733 0.940635
-6.343309 -120.595595 -608.457213 6690.947126 0.156360 0.931924 0.327214 0.891850 -0.275579 0.358692 -0.424447 -0.235741 0.874226
-1.545126 -104.863246 3242.830273 2934.838427 -0.019046 0.997748 -0.064307 0.199793 0.066820 0.977557 -0.979653 -0.005770 0.200616
-7.285568 -104.840040 2595.076935 1095.879074 -0.010054 0.999536 0.028754 0.319022 -0.024046 0.947442 -0.947694 -0.018699 0.318632
-5.623010 -95.543834 2558.261961 2064.036786 -0.005886 0.999982 0.000617 0.452165 0.002111 0.891932 -0.891915 -0.005529 0.452170
