19764
39511
-35.779786 -58.136391 738.753126 -4663.925076 -0.310985 0.862098 0.400093 0.881581 0.104368 0.460350 0.355110 0.495877 -0.792466
-41.745566 -67.638812 835.403425 -2915.395246 -0.136276 0.853843 0.502376 0.873945 -0.135193 0.466843 0.466528 0.502669 -0.727788
-46.180920 -70.810855 3518.249778 -7235.429576 0.088136 0.833829 0.544941 0.902268 -0.298632 0.311017 0.422072 0.464271 -0.778657
-35.515693 -61.294187 -683.373208 -3819.379686 -0.428348 0.808789 0.402962 0.811003 0.147445 0.566157 0.398487 0.569316 -0.719088
-36.736786 -64.383879 -2200.665190 -11911.799660 0.191276 0.840667 0.506648 0.934557 -0.313765 0.167796 0.300029 0.441396 -0.845667
-31.529147 -48.559102 1517.199776 -5361.965663 -0.513447 0.804044 0.299809 0.820066 0.356865 0.447370 0.252714 0.475563 -0.842600
-29.816964 -51.376621 159.245559 -3458.023912 -0.589204 0.750833 0.298476 0.751508 0.373574 0.543763 0.296772 0.544694 -0.784369
10.419197 -44.881697 -28808.198166 1510.618469 -0.816909 0.246448 0.521463 0.303484 0.952501 0.025269 -0.490467 0.178898 -0.852900
-10.929399 -38.039761 -18415.412293 -756.438538 -0.694241 0.426868 0.579494 0.484954 0.872366 -0.061624 -0.531836 0.238246 -0.812643
7.328483 -50.897331 -25662.837033 -580.523749 -0.717630 0.484080 0.500674 0.536793 0.842504 -0.045180 -0.443690 0.236336 -0.864456
-4.874444 -61.035200 -2985.752583 -3929.538599 -0.662079 0.476581 0.578378 0.515144 0.849932 -0.110646 -0.544314 0.224692 -0.808230
2.408855 -73.718415 -6702.417891 13852.779086 -0.426969 0.720098 0.546952 -0.744890 -0.623008 0.238745 -0.512675 0.305482 -0.802399
-58.600967 -69.815361 144.597972 3662.869914 -0.187497 0.887658 0.420605 -0.070351 0.414964 -0.907114 0.979743 0.199671 0.015357
-63.144844 -68.907438 1596.675129 -1210.299200 -0.035787 0.808736 0.587082 -0.142090 0.577372 -0.804022 0.989207 0.112192 -0.094251
-56.174073 -70.290428 -230.634564 -1996.277267 -0.132872 0.743567 0.655327 -0.227660 0.620614 -0.750339 0.964632 0.248891 -0.086818
-53.329273 -71.530525 532.015739 -1483.250987 -0.233517 0.742480 0.627848 -0.331088 0.546400 -0.769304 0.914249 0.387518 -0.118233
-55.359520 -71.288825 -65.531526 2314.963057 -0.289628 0.802094 0.522265 -0.183889 0.488856 -0.852763 0.939308 0.343023 -0.005910
-110.656857 -1870.000555 -17872.923371 925108.283166 -0.306935 0.925087 0.223618 0.910475 0.216983 0.352070 0.277174 0.311661 -0.908869
-130.823801 -1015.301996 51885.054315 394765.664350 -0.158963 0.946204 0.281831 0.977463 0.110667 0.179777 0.138916 0.304057 -0.942471
-412.552990 -13017.871888 -96295.821079 -7048791.760615 -0.210957 0.969026 0.128400 -0.946379 -0.169594 -0.274963 0.244671 0.179520 -0.952842
-38.144399 -74.006948 -6485.317433 4663.544366 -0.307233 -0.005132 -0.951620 -0.068982 0.997475 0.016891 0.949131 0.070835 -0.306812
-27.901495 -76.577108 -6562.848064 2592.380805 -0.265875 0.084112 -0.960331 0.107814 0.992531 0.057083 0.957960 -0.088360 -0.272958
-45.581584 -82.290438 -6318.085970 2889.075293 -0.358025 0.063741 -0.931534 0.110356 0.993563 0.025571 0.927168 -0.093645 -0.362754
-51.605728 -76.263330 -5237.580740 4529.444451 -0.417080 0.006798 -0.908844 -0.065552 0.997143 0.037541 0.906503 0.075234 -0.415443
-58.769027 -83.113337 -4738.742290 3626.403627 -0.485282 0.074248 -0.871199 0.069178 0.996525 0.046394 0.871617 -0.037754 -0.488732
48.153491 -46.636661 2440.971216 3012.570422 0.345006 0.898533 0.271311 -0.503391 -0.066835 0.861470 -0.792192 0.433787 -0.429255
47.138699 -46.812474 4341.396962 966.070105 0.370832 0.875055 0.311067 -0.597180 -0.031837 0.801475 -0.711238 0.482976 -0.510760
41.498359 -44.735342 9695.467902 2143.029765 0.442853 0.823534 0.354505 -0.538237 -0.072033 0.839710 -0.717065 0.562676 -0.411356
45.123444 -42.867482 10888.918606 1859.722067 0.446761 0.838691 0.311452 -0.449275 -0.090727 0.888775 -0.773664 0.536997 -0.336270
47.971327 -44.483682 650.705232 2339.478003 0.331091 0.912138 0.241626 -0.416423 -0.088541 0.904849 -0.846741 0.400206 -0.350520
-8.923610 -37.393737 -833.844640 4615.013299 -0.115917 0.974853 -0.190329 -0.833103 -0.199763 -0.515785 0.540835 -0.098775 -0.835309
-9.307092 -41.616329 -1760.266310 6949.373373 -0.103122 0.974677 -0.198421 -0.806540 -0.198683 -0.556793 0.582116 -0.102617 -0.806604
-6.706837 -37.929573 919.461454 1379.882183 -0.132621 0.971272 -0.197594 -0.833975 -0.217080 -0.507309 0.535628 -0.097508 -0.838805
-0.194668 -43.885514 1901.415247 -2052.648162 -0.067553 0.981533 0.178970 -0.977439 -0.029126 -0.209201 0.200125 0.189064 -0.961356
1.537217 -45.203606 55.511934 -573.632299 -0.109882 0.980114 0.165236 -0.973502 -0.072582 -0.216853 0.200547 0.184686 -0.962119
-1.181123 -49.044658 1858.900117 1538.798939 -0.111669 0.978888 0.171194 -0.962013 -0.063301 -0.265562 0.249118 0.194346 -0.948773
0.587624 -50.802265 162.116774 2981.023174 -0.112119 0.980281 0.162721 -0.958789 -0.063700 -0.276887 0.261062 0.187060 -0.947024
-4.812161 -46.898986 2496.059514 310.964178 -0.089279 0.980547 0.174803 -0.970191 -0.045915 -0.237954 0.225299 0.190836 -0.955417
-4.882319 -49.005757 2654.126027 2717.477879 -0.112570 0.979716 0.165783 -0.949047 -0.056587 -0.310014 0.294344 0.192234 -0.936166
3.007815 -46.224930 455.051554 773.172606 0.001087 0.971693 -0.236243 -0.963997 -0.061802 -0.258631 0.265910 -0.228019 -0.936642
4.293063 -46.122341 236.623362 -1422.936392 0.005917 0.972597 -0.232421 -0.973073 -0.047956 -0.225452 0.230420 -0.227497 -0.946125
3.255808 -45.524355 624.593855 2696.507891 -0.010690 0.969886 -0.243326 -0.967690 -0.071339 -0.241842 0.251918 -0.232879 -0.939311
-4.602109 -75.142867 1867.829205 2630.468861 0.075251 0.975910 -0.204787 -0.321014 -0.170727 -0.931559 0.944080 -0.135840 -0.300434
-6.096257 -71.272953 -1.870086 2336.152492 0.115086 0.974025 -0.195017 -0.374312 -0.139328 -0.916776 0.920134 -0.178505 -0.348554
-4.775430 -70.154651 2138.816395 29.420570 0.077513 0.979152 -0.187758 -0.397345 -0.142383 -0.906556 0.914390 -0.144874 -0.378024
-5.875723 -82.004638 932.729451 10081.121627 0.102777 0.977424 -0.184605 -0.298009 -0.146806 -0.943207 0.949014 -0.151954 -0.276193
-4.357706 -86.071297 3086.109003 7548.368341 0.071539 0.987551 -0.140088 -0.236276 -0.119672 -0.964289 0.969049 -0.102084 -0.224773
-12.203643 -87.887275 467.689348 5112.848040 0.146573 0.980630 0.129931 0.988515 -0.150089 0.017640 0.036799 0.125853 -0.991366
-10.734603 -80.405046 396.806423 -5237.496013 0.134414 0.980729 0.141789 -0.964387 0.162361 -0.208796 0.227794 0.108675 -0.967626
-11.229108 -80.927873 1642.741846 -4623.247115 0.126268 0.982913 0.133933 -0.971883 0.149625 -0.181815 0.198748 0.107210 -0.974169
61.145663 -2260.825760 32228.240840 -902598.074179 0.949644 0.212792 0.229993 -0.181611 0.971956 -0.149393 -0.255333 0.100101 0.961657
925.380866 -9030.609718 121948.511974 -3781230.301689 0.949625 0.042507 0.310491 -0.028507 0.998368 -0.049492 -0.312088 0.038147 0.949287
142.808039 -1730.633591 63967.802806 -752344.486618 0.932320 0.211328 0.293461 -0.185748 0.976102 -0.112797 -0.310285 0.050654 0.949293
346.997183 -406.312824 -170873.346641 86776.399131 0.806799 -0.469529 0.358632 -0.541544 -0.830381 0.131135 -0.236230 0.300015 0.924222
-27.180000 -589.131183 3811.433969 189854.505183 0.931648 0.345357 0.112963 0.267809 -0.862740 0.428904 -0.245583 0.369335 0.896259
-8.339821 -81.460599 728.336038 6463.257321 0.145232 0.979747 0.137854 -0.718294 0.200228 -0.666305 0.680413 0.002251 -0.732826
-9.831156 -75.934958 359.500183 3083.971381 0.149923 0.982150 0.113597 -0.771015 0.188063 -0.608414 0.618918 -0.003630 -0.785447
-9.191036 -72.375444 1127.250323 2174.599094 0.138829 0.980442 0.139499 -0.800924 0.194007 -0.566464 0.582449 0.033086 -0.812193
14.534525 -44.566864 -237.144668 172.606603 -0.029028 0.997675 0.061658 0.224167 -0.053615 0.973075 -0.974118 -0.042068 0.222089
14.590243 -45.343185 369.858482 -546.532853 -0.002347 0.999165 0.040797 0.119914 -0.040221 0.991969 -0.992782 -0.007220 0.119720
15.071344 -43.492654 -215.259561 371.191487 0.008018 0.999760 0.020375 0.232794 -0.021682 0.972284 -0.972493 0.003053 0.232913
17.124113 -33.469070 -421.215629 5021.592600 -0.005007 0.999519 -0.030592 0.353822 0.030384 0.934819 -0.935299 0.006144 0.353804
15.210611 -36.712342 192.816172 4905.287030 -0.020084 0.999531 0.023114 0.342677 -0.014837 0.939336 -0.939239 -0.026786 0.342218
-8.264785 -39.098088 1915.951058 -3485.014534 -0.181733 0.982541 -0.039833 -0.952675 -0.185958 -0.240480 0.243689 0.005755 -0.969836
-8.481543 -39.181120 -739.670598 -9068.415359 -0.174208 0.983655 -0.045554 -0.951738 -0.180066 -0.248538 0.252678 -0.000059 -0.967550
-7.660560 -34.219325 1196.522696 1454.706093 -0.171959 0.984754 -0.026276 -0.951427 -0.172936 -0.254714 0.255375 0.018801 -0.966659
-6.904954 -36.510932 -2450.684060 -2193.425038 -0.122170 0.992001 -0.031763 -0.953301 -0.126190 -0.274395 0.276209 0.003243 -0.961092
-7.855437 -33.960327 4272.136982 4012.077574 -0.227183 0.973389 -0.030044 -0.942448 -0.227523 -0.245000 0.245316 0.027345 -0.969057
-5.357093 -34.336952 -417.150814 5886.760871 -0.154305 0.987741 -0.023603 -0.945908 -0.154585 -0.285240 0.285392 0.021688 -0.958165
-6.612499 -35.385986 2638.119756 8082.384620 -0.167338 0.985756 -0.016832 -0.948098 -0.165581 -0.271464 0.270385 0.029468 -0.962301
-3.295741 -93.866120 -359.025912 11329.691852 0.051695 0.987945 0.145917 0.920150 0.009668 -0.391446 0.388138 -0.154502 0.908558
-2.502170 -86.487621 -314.087208 13494.019090 0.060626 0.987583 0.144931 0.868728 0.019300 -0.494913 0.491565 -0.155910 0.856771
-2.395591 -75.205403 -419.752034 10261.070750 0.086296 0.987630 0.130920 0.831272 0.001052 -0.555866 0.549127 -0.156799 0.820898
-11.621110 -37.299344 -375.981380 566.433113 -0.061765 0.997671 0.028948 0.972850 0.053697 0.225119 -0.223041 -0.042066 0.973901
-12.586004 -39.116450 133.495262 2291.822339 -0.086473 0.996159 -0.013795 0.962852 0.087121 0.255588 -0.255808 -0.008819 0.966687
-11.864120 -40.458238 -488.729565 2861.926453 -0.111156 0.993673 0.016084 0.956849 0.102636 0.271855 -0.268485 -0.045609 0.962204
-11.184514 -40.794203 -931.868125 1615.970394 -0.099612 0.993711 0.051155 0.962280 0.083125 0.259052 -0.253170 -0.075030 0.964508
-11.086944 -43.898604 -463.394333 2899.939089 -0.117542 0.992724 0.026133 0.936788 0.102109 0.334666 -0.329562 -0.063818 0.941974
-3.791922 -100.509258 -608.784215 11982.501809 0.144472 0.986799 -0.073179 -0.735575 0.057636 -0.674987 0.661859 -0.151346 -0.734191
-2.489073 -107.212479 -1612.852053 13012.844914 0.162518 0.983330 -0.081551 -0.702018 0.057153 -0.709862 0.693368 -0.172615 -0.699604
-3.988059 -95.496364 -1511.473571 6177.980030 0.127036 0.986382 -0.104460 -0.794014 0.038010 -0.606709 0.594477 -0.160017 -0.788030
-2.263536 -108.759788 -898.128250 7929.065684 0.139305 0.985248 -0.099402 -0.751612 0.039845 -0.658402 0.644728 -0.166431 -0.746074
8.318610 -52.978383 18412.075644 1261.212810 -0.273030 0.951407 -0.142407 0.618079 0.060051 -0.783819 0.737179 0.302025 0.604440
34.888575 -50.479182 29434.512514 1269.659724 -0.369151 0.929368 0.001593 0.485401 0.194265 -0.852436 0.792536 0.313905 0.522829
214.563712 -56.872086 119306.928927 187.349853 -0.497818 0.867200 0.011930 0.551380 0.327079 -0.767463 0.669445 0.375478 0.640983
2.701232 -131.139225 -409.695901 14235.617885 0.109866 0.305385 -0.945870 0.236698 0.916214 0.323304 0.965352 -0.259405 0.028377
2.469505 -111.869794 -1454.492445 7919.663282 0.120511 0.314944 -0.941428 0.067689 0.943526 0.324310 0.990402 -0.102807 0.092387
4.197624 -124.413765 -1635.361482 11259.505177 0.114337 0.308082 -0.944464 0.108953 0.941075 0.320167 0.987449 -0.139509 0.074034
4.334005 -150.800279 -957.444684 16922.790242 0.101518 0.283584 -0.953559 0.333777 0.893243 0.301181 0.937170 -0.348851 -0.003973
4.452573 -137.461769 -1646.002910 17960.197977 -0.091502 -0.129080 0.987403 -0.325907 0.940837 0.092791 -0.940963 -0.313311 -0.128157
4.861386 -115.561018 -1252.740148 13982.092135 -0.094887 -0.133927 0.986438 -0.134576 0.983538 0.120588 -0.986350 -0.121308 -0.111348
5.674405 -123.023194 -4709.487732 16638.981223 -0.110659 -0.141242 0.983771 -0.163512 0.978949 0.122158 -0.980315 -0.147341 -0.131424
2.092438 -129.046125 500.203707 14973.838343 -0.086676 -0.116153 0.989442 -0.219291 0.971045 0.094783 -0.971802 -0.208761 -0.109637
4.237210 -144.299711 -2198.465874 17843.408577 -0.091127 -0.136546 0.986434 -0.387548 0.917329 0.091179 -0.917335 -0.373981 -0.136511
-6.101261 -9.223404 -514.387036 -935.909186 0.440199 0.549536 0.710095 0.203393 0.709256 -0.674972 -0.874560 0.441551 0.200442
-5.839034 -7.370371 -1568.587711 -712.767960 0.461385 0.684514 0.564415 -0.131816 -0.576225 0.806591 -0.877353 0.446547 0.175632
-5.230837 -8.335703 194.763854 -228.038782 0.477782 0.703101 0.526662 -0.094552 -0.554876 0.826543 -0.873375 0.444704 0.198630
-6.331077 -9.505578 -609.409787 -2895.184065 0.192048 -0.020880 0.981163 0.449523 0.890597 -0.069035 -0.872380 0.454313 0.180423
-4.929585 -8.644270 134.723312 661.254938 0.490662 0.785699 0.376734 0.013084 -0.438951 0.898416 -0.871252 0.435889 0.225656
-5.886544 -11.381229 325.159073 -1872.928202 0.312396 0.173638 0.933948 0.395668 0.870030 -0.294101 -0.863629 0.461409 0.203090
-6.524500 -10.282373 -227.219519 -1674.375615 0.440625 0.504731 0.742358 0.213712 0.744208 -0.632837 -0.871881 0.437495 0.220050
-12.634318 -105.534731 -1290.730711 -2309.952961 0.087350 0.138861 0.986452 0.966427 0.228386 -0.117726 -0.241639 0.963617 -0.114249
-14.979964 -104.512057 -738.321371 -2922.370689 0.120513 0.107034 0.986925 0.946285 0.288090 -0.146795 -0.300036 0.951603 -0.066566
-11.925981 -108.892355 194.400611 -335.560999 0.136075 0.099528 0.985686 0.985593 0.087275 -0.144875 -0.100445 0.991200 -0.086218
-10.546737 -109.501468 -494.392914 -816.755394 0.104668 0.133420 0.985517 0.993190 0.036961 -0.110487 -0.051167 0.990370 -0.128642
-1.275671 -409.732690 269.191839 82866.589959 -0.247378 -0.349739 0.903596 -0.678129 0.728599 0.096354 -0.692058 -0.588919 -0.417408
-0.946193 -378.494992 -801.930225 -25886.942655 0.229343 0.346495 -0.909584 0.922699 -0.374909 0.089833 -0.309885 -0.859875 -0.405693
-1.761365 -377.212667 426.008937 -65635.670734 0.244360 0.357135 -0.901523 0.868571 -0.493968 0.039744 -0.431129 -0.792749 -0.430903
-1.442284 -353.301749 -760.915304 26782.599036 0.226553 0.345153 -0.910793 0.972178 -0.022984 0.233112 0.059526 -0.938265 -0.340757
-1.992939 -362.844549 -596.955322 80450.588232 -0.269257 -0.343562 0.899703 -0.619444 0.777102 0.111363 -0.737421 -0.527331 -0.422058
-18.916861 -221.129006 969.078842 -67813.016964 0.258177 -0.137637 0.956243 0.907779 -0.304127 -0.288867 0.330578 0.942636 0.046425
-33.112311 -114.272820 -6165.103254 1760.848406 -0.136332 -0.038553 0.989913 0.973538 -0.190206 0.126669 0.183404 0.980987 0.063464
-60.364548 -207.299925 -15147.767682 -78098.307226 0.502775 -0.235293 0.831778 0.808325 -0.213005 -0.548853 0.306314 0.948296 0.083099
-44.218888 -145.032991 -14453.085064 -32404.001422 0.543774 -0.280335 0.791026 0.671890 -0.419358 -0.610494 0.502866 0.863453 -0.039682
12.939914 -119.513478 567.878466 -3428.454194 -0.026693 0.137444 0.990150 0.957421 0.288345 -0.014215 -0.287459 0.947611 -0.139289
9.407834 -115.750190 -1554.488869 -3050.709565 -0.044822 0.174973 0.983552 0.889932 0.454312 -0.040266 -0.453885 0.873490 -0.176078
11.783124 -123.393287 -1675.134792 -2164.400325 -0.034988 0.176717 0.983640 0.982902 0.184118 0.001884 -0.180773 0.966888 -0.180137
13.272039 -123.075447 -1008.709273 -1342.693444 -0.029909 0.163544 0.986083 0.998497 0.050223 0.021956 -0.045933 0.985257 -0.164800
-21.968941 -39.718496 1486.709193 -452.185863 -0.039745 0.984789 0.169148 0.036318 -0.167746 0.985161 -0.998550 -0.045299 0.029098
-23.821233 -40.065375 127.966123 364.284024 -0.085628 0.946100 0.312352 0.071470 -0.306863 0.949067 -0.993761 -0.103590 0.041342
-25.366044 -40.352728 178.406698 396.723536 -0.072854 0.983581 0.165106 0.132931 -0.154493 0.979010 -0.988444 -0.093272 0.119493
-25.365573 -43.697130 1381.360626 -1387.080241 -0.055603 0.997673 -0.039468 0.180135 0.048904 0.982425 -0.982069 -0.047516 0.182435
-21.244850 -41.685152 2139.825288 -1688.389083 -0.016447 0.999712 0.017474 0.085547 -0.016005 0.996206 -0.996198 -0.017880 0.085259
-27.599507 -39.999234 -63.491110 -744.387106 -0.127880 0.988023 -0.086356 0.199373 0.110903 0.973628 -0.971544 -0.107290 0.211168
-26.475351 -36.523762 -882.946217 507.790677 -0.157935 0.987441 -0.004072 0.199250 0.035907 0.979291 -0.967138 -0.153853 0.202418
-14.516496 -28.068927 3319.560464 -1488.632193 0.122714 0.987820 0.095674 -0.805690 0.042868 0.590784 -0.579487 0.149581 -0.801137
-20.557611 -28.229012 2550.880803 -1713.735510 0.030353 0.993957 0.105494 -0.823640 -0.034925 0.566037 -0.566300 0.104070 -0.817602
-17.582441 -29.906800 3294.858231 -1144.384160 0.092750 0.990095 0.105397 -0.777718 0.005941 0.628585 -0.621733 0.140271 -0.770566
-9.832983 -29.490365 2931.466128 -423.869245 0.149513 0.983439 0.102435 -0.768247 0.050326 0.638172 -0.622448 0.174111 -0.763049
-14.106685 -32.056089 3402.714590 -851.427197 0.099054 0.986350 0.131538 -0.739086 -0.015586 0.673430 -0.666288 0.163924 -0.727454
2.210081 -158.796433 544.413580 1302.919439 -0.008153 0.994690 0.102588 0.657160 -0.071997 0.750305 -0.753707 -0.073535 0.653084
1.240808 -164.110800 -251.412118 -2123.903462 -0.029368 0.997493 0.064389 0.428109 -0.045657 0.902573 -0.903250 -0.054072 0.425694
1.804775 -174.884798 637.461987 -1522.180393 -0.018027 0.997771 0.064256 0.417652 -0.050876 0.907181 -0.908428 -0.043190 0.415804
1.446181 -168.483289 690.145887 9869.017760 -0.006609 0.995331 0.096289 0.642807 -0.069532 0.762866 -0.766000 -0.066937 0.639346
26.390718 -233.296673 -3534.197664 7675.807074 -0.016728 0.992072 -0.124554 0.151506 -0.120618 -0.981070 0.988315 0.035282 0.148287
26.283714 -213.070089 -2951.091660 15929.678902 -0.008519 0.989577 -0.143750 -0.148855 -0.143408 -0.978405 0.988822 -0.013063 -0.148526
21.265743 -241.684863 -2654.221970 15241.851411 0.013136 0.991758 -0.127447 0.017106 -0.127663 -0.991670 0.999767 -0.010846 0.018642
20.978000 -226.983012 -2783.355739 30687.549626 0.028396 0.991034 -0.130557 -0.357998 -0.111863 -0.926997 0.933290 -0.073062 -0.351612
-41.993175 -356.086164 20404.273356 -110550.508473 0.210690 0.936330 0.280883 -0.787698 -0.007549 0.616015 -0.578914 0.351040 -0.735955
14.241417 -1254.771042 8072.589798 -487277.313990 0.261033 0.947124 0.186594 -0.690908 0.048308 0.721327 -0.674172 0.317210 -0.666986
2.128595 -326.710448 11079.179643 -102910.171141 0.258900 0.932475 0.251914 -0.876947 0.117596 0.465977 -0.404888 0.341556 -0.848178
-37.008524 -422.852916 19168.609480 -119821.509918 0.257404 0.947272 0.190837 -0.500011 -0.038426 0.865166 -0.826881 0.318118 -0.463756
-23.679150 -170.539385 18668.760294 43254.038074 0.157401 0.927502 0.339064 0.917200 -0.010047 -0.398299 -0.366017 0.373682 -0.852287
-9.332827 -52.305420 -347.886912 2936.096966 -0.281872 0.940420 -0.190152 -0.547250 -0.320373 -0.773226 0.788077 0.113891 -0.604949
-9.232016 -48.131169 -863.556058 -1275.087410 -0.266587 0.951076 -0.156159 -0.597089 -0.290157 -0.747859 0.756582 0.106129 -0.645229
-11.177181 -57.270247 720.799078 2909.896253 -0.334702 0.920827 -0.200128 -0.507085 -0.355008 -0.785388 0.794254 0.161389 -0.585760
-7.390814 -46.280671 -1515.876976 -1846.474944 -0.240471 0.954440 -0.176686 -0.591959 -0.288462 -0.752579 0.769258 0.076383 -0.634356
-8.279521 -49.354668 -1224.246089 2276.222391 -0.226127 0.960442 -0.162536 -0.583934 -0.267207 -0.766564 0.779671 0.078430 -0.621258
-11.269531 -54.009580 135.954500 6797.852361 -0.272504 0.943662 -0.187732 -0.524959 -0.309338 -0.792924 0.806325 0.117523 -0.579680
-34.569809 -46.194402 -3568.321537 2081.597510 -0.363596 -0.804432 -0.469773 0.893400 -0.443968 0.068769 -0.263884 -0.394691 0.880105
-37.351970 -49.765828 -3464.011427 -546.831343 -0.350753 -0.789827 -0.503135 0.862515 -0.481729 0.154935 -0.364747 -0.379618 0.850206
-37.662489 -40.980996 -2574.352399 5568.109847 -0.189175 -0.823393 -0.535011 0.951125 -0.289082 0.108594 -0.244077 -0.488319 0.837837
42.810373 -52.992685 -71.989438 -13559.522478 0.626760 -0.549206 0.552760 -0.446168 0.328639 0.832424 0.638831 0.768355 0.039061
38.247353 -65.293289 2486.245356 -15375.195582 0.533071 -0.588885 0.607495 -0.512942 0.346072 0.785573 0.672849 0.730376 0.117583
31.570590 -82.236605 -368.014601 -17565.455870 0.635513 -0.543359 0.548529 -0.515279 0.230599 0.825416 0.574987 0.807208 0.133433
39.314886 -61.625652 -3865.289134 -12272.965938 0.740738 -0.463393 0.486389 -0.410810 0.260415 0.873739 0.531547 0.847025 -0.002532
23.786507 -92.944119 -3518.765533 -15160.066603 0.737853 -0.471079 0.483381 -0.496012 0.107263 0.861665 0.457761 0.875545 0.154517
14.817932 -104.830260 -2047.532298 -11482.600234 0.647769 -0.519484 0.557254 -0.639540 0.026683 0.768295 0.413986 0.854064 0.314947
2.624257 -51.185412 4473.692916 223.107658 -0.142437 -0.977292 0.156881 0.989795 -0.139953 0.026827 -0.004262 0.159101 0.987253
1.516671 -50.273158 -759.455924 4.776345 -0.122225 -0.976432 0.177882 0.992248 -0.124270 -0.000353 0.022450 0.176460 0.984052
1.032464 -50.093621 2091.270260 -68.211671 -0.121078 -0.979164 0.163028 0.988034 -0.103071 0.114742 -0.095548 0.174969 0.979927
5.805577 -50.814326 5958.332023 -223.264183 -0.131366 -0.979265 0.154216 0.986420 -0.113653 0.118569 -0.098583 0.167698 0.980897
9.163991 -48.228888 -4732.879935 -1767.428866 0.131337 0.979530 -0.152552 0.967442 -0.093060 0.235365 -0.216351 0.178497 0.959860
5.800975 -48.264150 343.667816 -1782.996260 0.111757 0.979240 -0.169112 0.972750 -0.073013 0.220059 -0.203143 0.189097 0.960716
-2.120992 -51.802231 -1597.458022 -2345.867981 -0.215544 0.975742 0.038322 0.948020 0.218506 -0.231328 0.234090 0.013531 0.972121
2.096032 -52.973069 -3633.584724 -3922.805373 -0.261495 0.961992 0.078682 0.939556 0.272367 -0.207485 0.221029 -0.019670 0.975069
1.641888 -57.591888 -1652.025964 -3040.433727 -0.217815 0.974893 0.046266 0.926006 0.221403 -0.305767 0.308333 0.023758 0.950982
-0.334493 -56.444457 -628.354783 -2245.191460 -0.193170 0.980997 0.018172 0.923569 0.188051 -0.334150 0.331217 0.047765 0.942345
-5.125585 -52.739415 -654.752014 -1820.562983 -0.151868 0.988343 0.010724 0.944758 0.148342 -0.292279 0.290462 0.034256 0.956273
-28.687609 -38.959146 -1256.275775 687.771755 0.362843 -0.558476 0.745955 -0.290963 0.692587 0.660049 -0.885260 -0.456539 0.088804
-26.055554 -41.205619 -665.231613 1657.134565 0.276951 -0.480510 0.832111 -0.387774 0.736444 0.554329 -0.879164 -0.476193 0.017629
-27.673685 -42.019793 -1715.316915 3260.511726 0.350837 -0.519290 0.779263 -0.353215 0.697308 0.623700 -0.867267 -0.494064 0.061220
-27.862811 -38.035904 -283.513530 552.754115 0.283536 -0.478863 0.830841 -0.316448 0.771143 0.552448 -0.905245 -0.419557 0.067112
-28.978473 -35.841290 -912.172356 -430.534730 0.346243 -0.552460 0.758224 -0.226885 0.734913 0.639082 -0.910296 -0.393308 0.129114
7.461073 -38.947763 2017.819339 1191.428360 0.190580 0.933851 -0.302658 0.757286 -0.336039 -0.559996 0.624657 0.122474 0.771235
12.163425 -42.218270 1743.359820 1677.627577 0.176448 0.946287 -0.270936 0.811201 -0.295703 -0.504492 0.557511 0.130768 0.819806
8.165234 -41.945795 2501.490759 1304.092935 0.188564 0.930984 -0.312590 0.807751 -0.328064 -0.489808 0.558553 0.160135 0.813864
15.985266 -83.506010 1349.609299 8859.686729 -0.637403 0.605918 0.476005 0.754821 0.615122 0.227751 -0.154803 0.504468 -0.849440
18.972894 -99.678552 -746.218462 9577.999356 -0.679821 0.573759 0.456776 0.686734 0.716611 0.121928 -0.257373 0.396572 -0.881186
14.551462 -80.210595 -1940.888919 7242.297328 -0.663320 0.624666 0.412067 0.736096 0.643828 0.208922 -0.134794 0.441903 -0.886878
15.265526 -66.553840 -233.223364 7257.923736 -0.595019 0.658524 0.460759 0.803296 0.505714 0.314594 -0.025845 0.557315 -0.829899
11.033473 -63.734888 -4046.611314 4411.950588 -0.619519 0.685885 0.381783 0.784859 0.532622 0.316718 0.013886 0.495859 -0.868292
10.223956 -66.447021 -2766.200208 2278.910264 -0.655755 0.653072 0.378791 0.747629 0.631540 0.205445 -0.105051 0.417917 -0.902391
12.741858 -79.296233 2469.437331 5561.930109 0.701578 -0.598084 -0.387405 0.684553 0.716673 0.133289 -0.197925 0.358713 -0.912223
-3.198598 -113.688109 -1181.521352 -12325.653425 -0.121982 -0.414710 -0.901741 0.575442 0.710698 -0.404692 0.808695 -0.568264 0.151949
-1.552781 -113.157419 -983.027306 -11448.017281 -0.134254 -0.417977 -0.898483 0.589041 0.695458 -0.411545 0.796873 -0.584494 0.152837
-5.189040 -104.112135 -1191.368018 -7558.958838 -0.116016 -0.406087 -0.906440 0.663720 0.647237 -0.374913 0.738929 -0.645118 0.194438
-4.045536 -105.961256 -787.487509 -7266.791357 -0.114545 -0.394060 -0.911919 0.675880 0.641841 -0.362250 0.728056 -0.657842 0.192818
-2.289094 -116.488693 1279.648207 -9068.856111 -0.143378 -0.374490 -0.916078 0.607843 0.697157 -0.380131 0.781006 -0.611334 0.127674
-2.686992 -113.946533 773.049970 -3595.668141 -0.150580 -0.393622 -0.906856 0.426276 0.801804 -0.418806 0.891972 -0.449635 0.047056
15.339869 -63.501956 -2565.093387 8520.721889 -0.163383 0.688671 0.706426 0.953015 -0.074969 0.293500 0.255085 0.721188 -0.644065
24.140231 -83.622262 -4049.488225 7394.208311 -0.239757 0.687883 0.685080 0.967443 0.110369 0.227755 0.081057 0.717381 -0.691949
14.266345 -68.786077 -1647.677488 6969.191201 -0.294342 0.696389 0.654526 0.945952 0.114720 0.303340 0.136155 0.708436 -0.692517
24.989765 -80.016950 -2168.430219 8182.948178 -0.083776 0.653343 0.752412 0.980743 -0.079621 0.178336 0.176423 0.752863 -0.634091
8.780439 -53.060474 -1902.382269 3582.144263 -0.226859 0.716924 0.659208 0.943483 -0.006137 0.331363 0.241607 0.697125 -0.675013
3.661442 -49.433073 -2846.168090 4652.181790 -0.141107 0.720007 0.679470 0.914380 -0.168291 0.368223 0.379472 0.673252 -0.634612
12.016317 -50.102432 -2308.657280 10237.167734 -0.071242 0.679509 0.730200 0.923804 -0.231139 0.305224 0.376180 0.696306 -0.611266
13.144620 -62.007939 -1851.207818 9002.709744 -0.014016 0.648935 0.760715 0.934889 -0.261345 0.240168 0.354662 0.714550 -0.603020
97.696813 -28.117243 14626.589708 -780.526164 0.137922 0.954098 0.265848 -0.119386 0.282471 -0.951818 0.983221 -0.099539 -0.152865
69.269706 -24.504468 20912.577920 4583.961910 -0.044637 0.970406 0.237318 -0.271668 0.216811 -0.937651 0.961355 0.106326 -0.253950
80.637744 -22.371515 1385.918912 1655.698514 0.245386 0.941700 0.230187 -0.201932 0.281890 -0.937956 0.948161 -0.183680 -0.259331
68.910390 -20.464364 6842.312272 2495.227233 0.103615 0.974611 0.198486 -0.271297 0.219687 -0.937089 0.956902 -0.043247 -0.287172
69.579301 -16.479661 -7635.684440 2047.749537 0.302453 0.928866 0.213847 -0.245353 0.292664 -0.924202 0.921045 -0.227059 -0.316417
74.249038 -21.594185 -10667.160476 2691.812539 0.451165 0.845448 0.285775 -0.177892 0.398988 -0.899535 0.874531 -0.355002 -0.330408
-15.588792 -48.368693 3811.213886 890.076317 -0.111416 -0.921975 -0.370875 0.968943 -0.017878 -0.246638 0.220763 -0.386836 0.895333
-17.274130 -50.843843 5100.049449 -151.163981 -0.213966 -0.919330 -0.330227 0.941040 -0.103306 -0.322137 0.262036 -0.379684 0.887230
-23.685508 -47.586708 5008.085128 310.000287 -0.259334 -0.913121 -0.314571 0.955077 -0.194098 -0.223951 0.143437 -0.358518 0.922437
-1.754092 -125.497395 264.640870 2061.413047 0.810917 -0.414928 -0.412613 0.582886 0.634896 0.507100 -0.051557 0.651722 -0.756703
-0.163449 -122.139156 899.361311 -1055.681611 0.822343 -0.405950 -0.398694 0.568000 0.544326 0.617321 0.033581 0.734108 -0.678202
-4.426753 -128.650915 1094.659484 2552.290429 0.819741 -0.405740 -0.404228 0.562138 0.705121 0.432210 -0.109664 0.581531 -0.806099
-0.347871 -121.164037 1919.377057 -575.646841 0.801723 -0.438683 -0.405953 0.587245 0.451688 0.671655 0.111280 0.776875 -0.619743
-18.067229 -58.022193 863.191707 -3260.816654 0.694040 -0.316718 -0.646527 0.446250 -0.515452 0.731553 0.564950 0.796240 0.216409
-20.648072 -61.162794 397.573732 -2335.370914 0.634926 -0.231534 -0.737063 0.579522 -0.488172 0.652566 0.510904 0.841475 0.175774
-16.272246 -58.527572 -56.406634 4796.544150 0.690613 -0.267277 -0.672024 0.391067 -0.643639 0.657872 0.608375 0.717141 0.339982
-13.588558 -57.264653 1151.045022 3650.454346 0.715716 -0.380402 -0.585700 0.304322 -0.584964 0.751802 0.628600 0.716318 0.302903
-10.891887 -59.363916 471.079945 -5007.895737 0.721273 -0.350468 -0.597443 -0.230407 0.692026 -0.684114 0.653206 0.631088 0.418389
-15.545854 -63.334248 -1065.581066 9225.973757 0.674030 -0.173932 -0.717936 0.426752 -0.701615 0.570631 0.602965 0.691002 0.398684
-11.004464 -58.141065 593.747959 -3929.871882 0.698519 -0.265641 -0.664459 -0.302106 0.732267 -0.610342 0.648694 0.627072 0.431251
-6.798346 -113.603226 517.741916 -1670.223476 0.926815 -0.241015 -0.287970 0.044052 0.831343 -0.554010 -0.372927 -0.500779 -0.781118
-9.968277 -109.216142 -44.934283 -1946.234293 -0.920703 0.267629 0.284042 0.131931 0.898416 -0.418858 -0.367287 -0.348171 -0.862483
-3.025246 -122.162400 3699.654156 -1302.309263 0.925985 -0.296648 -0.233564 0.174510 0.884843 -0.431972 -0.334811 -0.359240 -0.871119
-1.353974 -125.838424 2171.602899 -248.549814 0.930893 -0.239269 -0.276024 0.027545 0.799450 -0.600101 -0.364252 -0.551027 -0.750792
9.487952 -131.528121 6568.327294 941.124895 0.931629 -0.268198 -0.245228 0.116674 0.859813 -0.497101 -0.344171 -0.434502 -0.832318
-17.486731 -182.593584 -540.386782 20848.773806 -0.450315 -0.254112 0.855946 0.700468 -0.695011 0.162184 0.553679 0.672597 0.490972
-16.675245 -221.188345 750.180297 40447.221443 -0.508529 -0.263084 0.819869 0.655241 -0.735985 0.170251 0.558621 0.623789 0.546653
-19.129999 -167.498706 70.132170 -35161.089733 0.467224 0.246702 -0.849023 -0.508904 0.860298 -0.030076 0.722993 0.446124 0.527499
-17.452049 -175.963704 1219.672925 -26313.291641 0.408365 0.232976 -0.882587 -0.648664 0.754342 -0.101007 0.642241 0.613750 0.459171
-14.094825 -201.552732 1060.930194 14511.901153 -0.419544 -0.249846 0.872674 0.821857 -0.512727 0.248319 0.385402 0.821394 0.420449
156.564843 -92.803912 -54208.313006 5835.634173 0.986675 -0.086101 -0.138052 0.130877 0.924096 0.359051 -0.096658 0.372334 -0.923052
258.506096 -69.606875 -64240.166428 2875.193587 0.980433 0.068593 0.184517 -0.101967 0.978740 0.177963 0.168387 0.193295 -0.966583
104.821124 -72.660533 -13163.427244 -1836.908867 0.978479 -0.158831 0.131726 0.085035 0.892022 0.443921 0.188011 0.423166 -0.886331
135.347494 -51.894593 -11854.610421 -5075.422340 -0.842868 0.135257 -0.520845 -0.025680 0.956684 0.289995 0.537508 0.257802 -0.802884
80.702158 -98.149720 -23494.173347 -2848.000658 0.954124 -0.207354 -0.215989 0.288086 0.832299 0.473587 -0.081567 0.514085 -0.853852
69.747168 -60.277054 -7670.463719 -584.455256 -0.868849 0.208233 -0.449156 -0.061576 0.854746 0.515381 0.491233 0.475445 -0.729823
1.610196 -243.933074 -257.153043 7029.887048 0.286116 0.313780 -0.905362 -0.036897 0.947769 0.316817 0.957484 -0.057241 0.282749
-1.918099 -296.340866 -13.474772 30046.165940 0.295494 0.320072 -0.900132 -0.053118 0.946253 0.319035 0.953867 -0.046460 0.296613
0.768783 -236.515007 -1364.732714 9706.106439 0.303981 0.285277 -0.908963 -0.328181 0.927071 0.181208 0.894368 0.243220 0.375434
4.669700 -220.321075 -842.311672 -2812.192656 0.285387 0.272338 -0.918905 -0.312780 0.932749 0.179300 0.905938 0.236246 0.351376
89.126375 -5271.644681 21674.618015 -2881336.961920 0.761804 0.223786 -0.607926 -0.485690 0.818297 -0.307401 -0.428672 -0.529443 -0.732073
-89.056070 -9256.329282 70182.191133 12741148.425311 -0.745793 -0.114418 0.656278 -0.394595 0.869598 -0.296807 -0.536738 -0.480321 -0.693689
-80.026265 -6156.000628 26130.184925 6118160.207209 -0.659338 0.150686 0.736591 0.663848 -0.343249 0.664444 0.352957 0.927078 0.126284
2607.719862 -468.052250 -7087978.160841 -231526.981464 0.560124 0.713497 0.420930 0.430916 0.183018 -0.883638 0.707511 -0.676333 0.204944
-194.179816 -3864.588345 -17549.053215 -7119500.659252 0.544824 0.568176 -0.616719 0.779962 -0.073282 0.621522 0.307940 -0.819637 -0.483082
-113.503869 -2976.517910 320037.351320 3001325.118936 0.590862 0.763667 -0.260183 0.764841 -0.427606 0.481842 0.256711 -0.483700 -0.836740
-3.022430 -41.763243 2445.617901 3664.633641 -0.458489 0.788355 0.410224 -0.299227 0.297705 -0.906551 0.836810 0.538394 -0.099403
-11.687790 -42.551300 3589.785191 2417.013653 -0.471587 0.811392 0.345324 -0.279789 0.233692 -0.931185 0.836256 0.535753 -0.116813
-7.718846 -36.068726 1904.156154 2470.569889 -0.480517 0.808408 0.339971 -0.326126 0.195141 -0.924966 0.814092 0.555335 -0.169874
-14.818005 -34.399994 736.156133 -1304.047942 0.425263 0.901149 -0.084156 0.586683 -0.203667 0.783787 -0.689169 0.382689 0.615301
-11.810173 -34.023425 3299.085422 -1208.355578 0.393487 0.897125 -0.200837 0.616758 -0.095602 0.781326 -0.681746 0.431309 0.590927
-12.635628 -33.152615 821.329124 -1035.683096 0.431213 0.899804 -0.066389 0.536130 -0.196356 0.820981 -0.725686 0.389611 0.567083
-16.120810 -34.529387 -1534.528997 -815.993780 0.455801 0.889558 0.030536 0.544595 -0.305853 0.780942 -0.704032 0.339325 0.623857
-18.058680 -35.915611 -1124.821788 -449.053434 0.436591 0.899078 -0.032356 0.623532 -0.276469 0.731282 -0.648534 0.339446 0.681308
-13.676520 -26.587602 -1252.376193 -1735.723039 0.035193 0.995955 0.082676 0.901838 -0.067297 0.426801 -0.430638 -0.059540 0.900559
-13.020417 -29.312809 -1103.288199 -1411.782006 -0.055483 0.996591 0.061050 0.931112 0.029568 0.363534 -0.360489 -0.077015 0.929579
-13.935716 -30.269918 -1134.617728 -1640.809642 -0.028015 0.998789 0.040449 0.930996 0.011338 0.364852 -0.363952 -0.047879 0.930186
-16.192540 -31.869750 -520.683179 -1349.518033 -0.016446 0.999864 -0.000940 0.937386 0.015746 0.347936 -0.347904 -0.004841 0.937518
-15.499391 -28.392559 -327.296437 -1940.168435 0.050139 0.998060 0.036916 0.907479 -0.060963 0.415651 -0.417095 -0.012660 0.908775
-203.329772 -2507.698724 -42592.896982 1742347.998388 0.775280 0.284386 -0.563972 -0.597222 0.620694 -0.508000 -0.205586 -0.730659 -0.651054
-133.851567 -4654.109356 -396197.003753 3303251.360036 -0.093131 0.053448 -0.994218 0.606764 0.794757 -0.014112 0.789407 -0.604570 -0.106447
-338.254182 -2882.594671 -156215.502578 -1550453.502193 0.734133 0.065961 -0.675795 -0.669152 -0.098665 -0.736547 0.115260 -0.992932 0.028295
-90.134428 -453.062691 -9088.179063 -137599.539362 0.520583 0.365776 -0.771493 0.660364 -0.745257 0.092258 -0.541215 -0.557494 -0.629514
-166.082732 -2702.497221 -66434.947724 -1175472.437978 0.565924 0.081769 -0.820393 0.815933 -0.198268 0.543086 -0.118250 -0.976731 -0.178923
14.978003 -2031.258713 -2999.112599 888341.688117 -0.545945 0.386728 0.743227 -0.214448 0.793041 -0.570173 -0.809912 -0.470666 -0.350024
4.511550 -355.260418 3238.727699 128230.337383 -0.546721 0.405089 0.732802 0.150381 0.908455 -0.389994 -0.823700 -0.103018 -0.557589
-7.065011 -512.234306 8415.635478 198176.138943 -0.533713 0.444225 0.719593 0.010909 0.854465 -0.519394 -0.845595 -0.269358 -0.460886
-55.668075 -88.357632 2930.132141 9489.400384 0.283110 0.685461 0.670814 -0.782984 0.569114 -0.251090 0.553882 0.454150 -0.697827
-46.456999 -75.014878 746.622619 2931.885458 -0.119250 0.845608 0.520314 -0.813744 0.217014 -0.539189 0.568858 0.487701 -0.662230
-38.193935 -68.573969 -1799.996670 -3910.203009 -0.300394 0.834812 0.461360 0.812134 -0.029802 0.582710 0.500203 0.549728 -0.669026
-20.242527 -35.310632 -13623.642715 -1.812539 -0.742469 0.245548 0.623254 0.305754 0.952049 -0.010847 -0.596032 0.182509 -0.781944
-31.524170 -41.685224 744.962602 -1146.456658 -0.048320 0.935086 0.351111 -0.771931 -0.258038 0.580981 -0.633868 0.242960 -0.734290
-61.535142 -76.184912 -3268.094449 -5668.559497 -0.028508 0.953149 0.301154 -0.201502 0.289612 -0.935693 0.979073 0.087358 -0.183805
-55.123838 -69.076301 -2703.583070 -2605.419059 0.083091 0.821204 0.564552 -0.107670 0.570593 -0.814144 0.990708 -0.006863 -0.135830
-29.857950 -89.981820 -17961.820983 -7823.662883 0.134670 0.937399 0.321166 -0.193289 0.342744 -0.919329 0.971856 -0.061728 -0.227347
-50.542472 -76.473477 -829.135726 52284.748555 -0.289821 0.907509 0.304025 -0.568323 -0.418775 0.708263 -0.770073 -0.032485 -0.637128
45.732083 -11423.584190 -12242.156382 6517946.826448 -0.163038 0.973888 0.157992 -0.245143 -0.195100 0.949653 -0.955680 -0.116099 -0.270551
25.328161 -2615.513651 12452.145354 1299466.468558 -0.322097 0.908113 0.267552 -0.287551 -0.363107 0.886266 -0.901980 -0.208529 -0.378085
-23.652166 -69.783060 -6108.213993 4998.060409 -0.245130 0.005917 -0.969472 -0.078029 0.996617 0.025812 0.966345 0.081974 -0.243839
-12.485064 -71.250825 -7275.929386 2514.150229 -0.206272 0.093843 -0.973984 0.091068 0.992911 0.076380 0.974248 -0.072944 -0.213356
-15.148878 -70.849472 -6995.352459 -1724.699698 -0.195750 0.168725 -0.966030 0.273755 0.955328 0.111383 0.941669 -0.242652 -0.233195
56.724862 -48.746649 -7587.207300 145.054848 0.262237 0.942984 0.204972 -0.763175 0.072665 0.642093 -0.590589 0.324810 -0.738717
54.919736 -48.486209 925.774689 1307.784951 0.323729 0.889488 0.322507 -0.785686 0.062812 0.615428 -0.527159 0.452621 -0.719193
53.709774 -49.346699 -442.098259 -1628.494289 0.313890 0.902918 0.293618 -0.734926 0.035262 0.677230 -0.601130 0.428363 -0.674646
47.495235 -48.035205 10468.229487 487.296784 0.400957 0.818876 0.410702 0.750268 -0.036276 -0.660138 -0.525672 0.572824 -0.628921
46.352232 -47.600357 7979.257019 -1493.630341 0.398494 0.842455 0.362592 -0.680368 0.006409 0.732843 -0.615063 0.538729 -0.575733
0.928788 -51.206103 397.188770 3979.395853 -0.110362 0.979109 0.170781 -0.932580 -0.042596 -0.358442 0.343679 0.198825 -0.917798
0.526103 -49.156170 -1107.276405 2772.215392 -0.099787 0.981547 0.163118 -0.951775 -0.046361 -0.303273 0.290114 0.185514 -0.938839
3.753027 -46.925670 -79.356482 2201.151171 0.011686 0.972695 -0.231793 0.983342 0.030871 0.179126 0.181390 -0.230025 -0.956131
4.865439 -44.157316 123.283704 4297.747495 0.019588 0.972621 -0.231571 0.985037 0.020893 0.171074 0.171228 -0.231457 -0.957658
-4.449612 -59.863737 -591.309534 3172.017557 0.136297 0.976028 -0.169683 -0.501605 -0.079711 -0.861417 0.854293 -0.202522 -0.478716
-3.652123 -62.491703 -3754.079571 5263.919686 0.167325 0.971226 -0.169479 -0.460449 -0.075020 -0.884510 0.871773 -0.226037 -0.434648
-1.590521 -54.185680 -3204.026178 4856.076493 0.189178 0.973788 -0.126285 -0.572003 0.004751 -0.820238 0.798138 -0.227406 -0.557909
-3.939307 -60.016689 -1045.443035 4898.032191 0.170075 0.977946 -0.121225 -0.602065 0.005733 -0.798427 0.780124 -0.208778 -0.589762
-7.819044 -77.572589 102.505912 -6154.089529 0.133380 0.978348 0.158258 -0.954600 0.169741 -0.244801 0.266363 0.118421 -0.956570
-9.120735 -70.587122 377.484183 -2304.544031 0.128185 0.979401 0.156023 -0.929517 0.173497 -0.325418 0.345784 0.103312 -0.932609
-11.352548 -82.568552 -1096.066867 -6486.595482 0.146386 0.979830 0.136031 -0.980075 0.162316 -0.114481 0.134252 0.116563 -0.984068
62.486138 -710.777694 19643.244025 -333773.760094 0.934318 0.014113 0.356162 0.000744 0.999136 -0.041542 -0.356440 0.039078 0.933500
515.310872 -77.662019 195241.754536 10707.021787 -0.273173 0.956980 -0.097808 0.891673 0.290052 0.347548 -0.360965 -0.007727 0.932547
872.891185 -68.179294 -329528.423799 10773.565062 0.297882 -0.938161 -0.176410 0.922930 0.235830 0.304276 -0.243857 -0.253452 0.936107
596.013899 -170.322798 242781.888217 -51353.762079 -0.486173 0.803358 -0.343876 0.745631 0.176151 -0.642654 -0.455707 -0.568846 -0.684649
-8.720295 -93.019361 -1540.147804 6227.659241 0.150689 0.981108 0.121322 -0.564090 0.186118 -0.804464 0.811847 -0.052787 -0.581479
-8.099867 -85.153933 -1019.046928 7835.613640 0.148157 0.979598 0.135786 -0.702671 0.200887 -0.682567 0.695919 -0.005714 -0.718098
-8.634324 -91.233980 -929.253222 7435.613155 0.128552 0.981742 0.140203 -0.599379 0.189548 -0.777699 0.790075 -0.015940 -0.612802
-7.257013 -104.476406 -702.099376 1854.849079 0.118918 0.983562 0.135880 -0.373594 0.171118 -0.911672 0.919938 -0.057650 -0.387802
14.702940 -43.426994 28.564916 -2169.416942 -0.047659 0.997975 0.042131 0.127727 -0.035744 0.991165 -0.990664 -0.052619 0.125765
