13276
26542
-24.783010 -39.548799 -163.119663 3350.050574 0.736587 -0.227871 0.636801 -0.636791 0.083600 0.766491 0.227897 0.970096 0.083527
-32.977619 -49.701359 662.227849 2844.422741 0.817952 -0.284458 0.500038 -0.451316 0.221718 0.864382 0.356747 0.932698 -0.052974
-25.855500 -51.197754 -822.052042 6128.744740 0.933364 -0.231122 0.274615 -0.274986 0.031264 0.960940 0.230680 0.972422 0.034375
-25.339442 -39.844186 299.625486 -2652.973824 0.568293 -0.257113 0.781624 0.767262 -0.177569 -0.616262 0.297241 0.949927 0.096362
-18.649445 -34.418932 -1238.931063 3498.855327 0.814596 -0.181158 0.551013 -0.567362 -0.051417 0.821861 0.120555 0.982109 0.144666
-19.892823 -31.653288 34.224812 -1782.194563 0.379813 -0.228654 0.896359 0.901387 -0.126345 -0.414173 0.207952 0.965274 0.158118
-27.795098 -44.083086 285.317020 823.215585 0.620712 0.481803 -0.618532 -0.309809 0.875426 0.371009 0.720233 -0.038663 0.692654
-27.809487 -44.294333 137.373029 1089.556058 0.567820 0.454575 -0.686252 -0.358319 0.887054 0.291105 0.741072 0.080602 0.666570
-27.910526 -41.631264 274.629434 1328.770125 0.658242 0.417750 -0.626260 -0.359048 0.905401 0.226568 0.661666 0.075721 0.745966
-27.271051 -42.615642 -279.275688 1212.407676 0.724942 0.422641 -0.543906 -0.303516 0.904841 0.298565 0.618334 -0.051358 0.784235
87.510513 -65.784670 3821.561380 192.187221 0.994923 0.088155 0.048558 0.100643 -0.870319 -0.482095 0.000238 -0.484534 0.874772
64.218910 -45.214757 6587.715078 136.795814 0.961540 0.173888 -0.212610 0.073042 -0.908087 -0.412363 0.264774 -0.380974 0.885863
72.058809 -55.376125 5029.904672 -3479.865019 0.956425 0.273713 -0.101646 0.175295 -0.816699 -0.549794 0.233500 -0.508019 0.829092
91.346317 -73.206637 2790.499508 -3179.191691 0.979182 0.190240 0.070784 0.190989 -0.745400 -0.638672 0.068739 -0.638896 0.766216
92.232819 -78.074544 -1397.756816 247.790769 0.962019 -0.010732 0.272770 0.160457 -0.786153 -0.596839 -0.220844 -0.617939 0.754573
-8.711410 -30.166329 412.289249 -946.598778 0.927729 0.373255 0.000442 0.373250 -0.927708 -0.006447 0.001996 -0.006146 0.999979
-9.784349 -29.670098 11.226433 -157.364490 0.907604 0.419147 -0.023910 0.414929 -0.904232 -0.100985 0.063948 -0.081734 0.994601
-7.242760 -28.764257 675.420957 -1005.341122 0.883111 0.468392 -0.026910 0.468848 -0.883168 0.013986 0.017215 0.024968 0.999540
-5.156609 -27.197600 1043.252266 -1027.149802 0.872118 0.488683 -0.024491 0.488239 -0.865854 0.109174 -0.032146 0.107170 0.993721
1.294402 -12.646305 4.715188 344.856551 0.023120 0.956014 0.292410 0.925637 0.090034 -0.367545 0.377705 -0.279163 0.882840
0.062642 -11.194870 68.122167 177.999388 0.058527 0.959750 0.274689 0.909981 0.061856 -0.410009 0.410498 -0.273958 0.869735
-1.563388 -12.086802 -548.480062 423.272546 -0.035495 0.945611 0.323358 0.918424 0.158430 -0.362489 0.394003 -0.284112 0.874095
2.285435 -14.838247 -398.996844 672.149786 -0.020865 0.948683 0.315541 0.938383 0.127481 -0.321225 0.344966 -0.289396 0.892888
-4.723786 -26.897189 -335.729928 -804.374782 0.983809 0.114685 -0.137722 -0.016065 0.821789 0.569566 -0.178499 0.558132 -0.810325
-3.031006 -28.755722 -406.507853 457.691007 0.985020 0.095501 -0.143580 0.029430 0.727316 0.685671 -0.169910 0.679626 -0.713610
-5.892750 -29.044514 -329.940146 -371.043454 0.986568 0.134877 -0.092152 -0.052903 0.797542 0.600940 -0.154548 0.587993 -0.793964
-1.770822 -27.401793 -749.934432 -547.717068 0.978661 0.062155 -0.195857 0.068077 0.801252 0.594441 -0.193878 0.595090 -0.779923
-5.874707 -22.845309 -409.734330 -1525.547364 0.981419 0.130537 -0.140626 -0.049529 0.880421 0.471598 -0.185372 0.455871 -0.870528
-3.734795 -24.789076 -822.755264 -1261.540324 0.978691 0.075700 -0.190876 0.032131 0.861657 0.506473 -0.202810 0.501814 -0.840863
-6.639714 -25.136228 -125.397056 -1586.609457 0.983436 0.159687 -0.085748 -0.095429 0.858373 0.504073 -0.154098 0.487541 -0.859394
-2.639105 -42.171211 21.444424 6.927059 0.465113 -0.551576 0.692411 0.739145 0.672408 0.039136 -0.487170 0.493590 0.720441
-2.155465 -46.209535 -372.214580 -476.467639 0.463024 -0.536406 0.705604 0.769879 0.637867 -0.020290 -0.439198 0.552624 0.708316
-3.070775 -44.140713 -272.886922 -30.710084 0.425064 -0.576685 0.697678 0.717741 0.684370 0.128398 -0.551515 0.446175 0.704812
-3.237619 -41.500694 387.446474 118.339355 0.441664 -0.590942 0.675071 0.686131 0.707279 0.170238 -0.578064 0.387999 0.717843
2.495294 -31.110546 396.030199 251.319552 -0.562823 0.696328 -0.445374 0.826427 0.484346 -0.287103 0.015797 -0.529657 -0.848065
2.441694 -31.666714 -245.188852 -766.200611 -0.574599 0.671719 -0.467579 0.815296 0.519780 -0.255190 0.071622 -0.527847 -0.846314
2.063275 -31.688201 122.083132 -828.942998 -0.581926 0.677357 -0.450055 0.806603 0.551305 -0.213201 0.103704 -0.487083 -0.867177
1.847487 -30.520998 666.718085 114.661386 -0.568436 0.701270 -0.430234 0.821025 0.517141 -0.241834 0.052900 -0.490700 -0.869721
1.466925 -30.811011 342.460875 -729.304550 -0.583107 0.683707 -0.438783 0.803413 0.565408 -0.186659 0.120471 -0.461366 -0.878993
-9.796000 -35.372970 556.449179 -1235.214051 -0.434139 0.721429 -0.539503 0.893222 0.266981 -0.361766 -0.116951 -0.638953 -0.760303
14.447078 -35.916633 -6303.567567 -1591.444104 -0.509901 0.644607 -0.569633 0.852808 0.291978 -0.432975 -0.112778 -0.706562 -0.698606
-6.828774 -32.905673 96.346796 -1612.132653 -0.505477 0.678666 -0.532829 0.836923 0.235425 -0.494099 -0.209887 -0.695692 -0.686993
-7.630778 -16.707784 29.830698 -1641.072854 0.975647 0.211746 -0.057238 -0.175013 0.908787 0.378783 -0.132223 0.359541 -0.923714
-7.774658 -15.338736 364.025642 -26.179105 0.988807 0.110514 -0.100238 -0.067376 0.930172 0.360887 -0.133121 0.350094 -0.927207
-6.606685 -18.431127 -169.092643 -993.129347 0.983975 0.115519 -0.135828 -0.052670 0.916069 0.397547 -0.170352 0.384023 -0.907473
3.242482 -69.918266 191.363503 -4766.630478 0.424710 0.846080 0.322133 0.883969 -0.464387 0.054257 0.195500 0.261712 -0.945138
2.168772 -56.991837 -189.461659 -4603.772465 0.424490 0.851772 0.307070 0.905430 -0.398442 -0.146430 -0.002375 0.340189 -0.940354
2.762978 -68.462710 -308.674808 -4315.721486 0.451310 0.841262 0.297653 0.877877 -0.478421 0.021108 0.160161 0.251776 -0.954441
4.619976 -80.094582 -53.366535 3530.812067 0.439778 0.844572 0.305440 -0.814219 0.518454 -0.261251 0.379002 0.133803 -0.915671
4.320142 -80.969034 502.145011 2117.367324 0.414213 0.851331 0.321969 -0.800930 0.508966 -0.315380 0.432364 0.127240 -0.892677
-2.032447 -81.809111 369.324910 -790.119355 0.950576 0.135530 0.279351 0.198189 -0.957428 -0.209889 -0.239012 -0.254880 0.936968
-2.163701 -78.028452 -108.028104 -907.327006 0.953735 0.122422 0.274595 0.204653 -0.933431 -0.294658 -0.220243 -0.337222 0.915300
-1.349312 -78.628588 -117.641584 813.047760 0.943113 0.153422 0.294956 -0.171817 0.984421 0.037334 -0.284633 -0.085888 0.954781
-2.311282 -78.549332 209.320327 1012.793708 0.938840 0.174365 0.296945 -0.160957 0.984531 -0.069221 -0.304421 0.017192 0.952382
-1.255028 -91.422998 142.941956 4609.923209 0.605555 0.758590 0.240509 0.683313 -0.340734 -0.645743 -0.407904 0.555376 -0.724688
-0.029085 -90.002368 600.807998 -3813.870385 0.636071 0.733460 0.239686 -0.575141 0.243568 0.780953 -0.514418 0.634595 -0.576770
0.350017 -91.747159 808.350179 2459.236192 0.620751 0.739691 0.259855 0.664118 -0.319954 -0.675705 -0.416671 0.592019 -0.689854
-1.148576 -84.649821 187.222313 1728.939538 0.578905 0.773145 0.259069 0.771384 -0.416310 -0.481303 -0.264264 0.478470 -0.837395
-1.737231 -75.625385 375.699832 1602.939250 0.583404 0.767678 0.265160 0.774904 -0.428351 -0.464800 -0.243235 0.476640 -0.844779
-1.997626 -88.962559 289.774355 4798.261952 0.613326 0.752374 0.240340 0.692558 -0.365993 -0.621620 -0.379729 0.547706 -0.745536
0.935159 -22.913537 403.307450 -1552.214815 -0.393357 0.392821 0.831241 0.900287 0.347905 0.261620 -0.186423 0.851266 -0.490502
25.117415 -14.251146 -7517.857791 -367.289198 0.713187 -0.148784 -0.685002 0.632105 0.558908 0.536717 -0.302998 0.815773 -0.492653
29.596779 -14.476216 -10940.017986 -619.353884 0.771026 -0.106517 -0.627831 0.574590 0.541395 0.613790 -0.274526 0.833994 -0.478633
1771.203703 1.413105 -418046.688535 5099.515473 0.935758 0.108742 -0.335457 0.221003 0.560443 0.798161 -0.274799 0.821023 -0.500407
8.515550 -20.331750 4392.982963 -1189.732532 -0.662895 0.246977 0.706804 0.729983 0.423031 0.536815 -0.166419 0.871807 -0.460714
9.729303 -269.109551 1004.184279 -41664.015526 0.618248 0.695160 0.366773 0.772135 -0.624383 -0.118126 0.146891 0.356230 -0.922780
16.798648 -600.524666 -1857.087129 134295.795446 0.634099 0.703918 0.320028 -0.696693 0.699644 -0.158485 0.335466 0.122467 -0.934058
8.687454 -329.733428 527.611954 56154.176322 0.587863 0.725175 0.358523 -0.671340 0.684601 -0.283943 0.451353 0.073772 -0.889291
3.974522 -233.366102 666.680381 -29251.807695 0.623636 0.679450 0.386556 0.746892 -0.663852 -0.038118 0.230717 0.312487 -0.921478
3.939459 -276.526429 945.878158 35580.166002 0.570706 0.734308 0.367541 -0.645735 0.677823 -0.351542 0.507268 0.036707 -0.861006
-5.671653 -22.934226 86.498899 1566.952934 0.881165 0.462833 0.096612 0.462603 -0.801726 -0.378462 0.097709 -0.378180 0.920561
-6.857736 -23.825287 -844.565212 1758.791576 0.942520 0.332072 0.037215 0.320686 -0.867617 -0.380002 0.093900 -0.370094 0.924237
-7.165664 -27.488692 -549.770184 1556.338244 0.924091 0.375830 0.069341 0.377351 -0.868556 -0.321274 0.060518 -0.323052 0.944444
-8.706769 -27.949048 359.803519 926.831240 0.899648 0.426884 0.091666 0.435602 -0.863260 -0.255016 0.029731 -0.269354 0.962582
-9.242928 -30.581080 -225.798090 834.465603 0.931264 0.360328 0.053953 0.363246 -0.906725 -0.214247 0.028279 -0.219119 0.975288
-17.536500 -33.987299 -24.917997 787.823545 0.348668 -0.868336 0.352737 0.905860 0.408795 0.110924 -0.240517 0.280855 0.929124
-17.736225 -34.592456 -303.449825 446.875821 -0.382611 0.875593 -0.294866 0.879468 0.442952 0.174153 -0.283099 0.192693 0.939534
-15.930055 -31.876368 448.390917 963.932193 0.452281 -0.847012 0.279305 0.875079 0.481932 0.044469 -0.172272 0.224302 0.959172
-13.833094 -30.629155 733.856040 929.382500 0.554042 -0.806502 0.206381 0.822224 0.568939 0.016007 -0.130327 0.160823 0.978341
-13.795892 -28.571380 590.043956 1053.066751 0.560942 -0.793596 0.235688 0.824997 0.559510 -0.079555 -0.068735 0.239067 0.968567
-15.246558 -29.168215 438.363874 1047.998770 0.487682 -0.819722 0.300371 0.868797 0.489500 -0.074718 -0.085783 0.297400 0.950891
17.486782 -28.007777 4380.392183 528.793681 0.007209 -0.923119 -0.384446 0.996561 -0.025106 0.078970 -0.082551 -0.383694 0.919763
6.478340 -28.213305 4401.741269 753.731889 0.082937 -0.912452 -0.400691 0.994726 0.051448 0.088737 -0.060353 -0.405937 0.911906
16.465413 -31.012832 4367.802237 761.126132 0.022693 -0.920503 -0.390076 0.983888 -0.048648 0.172038 -0.177338 -0.387696 0.904568
24.730619 -33.098538 172.252999 1069.744419 -0.115907 -0.961931 -0.247496 0.971303 -0.161872 0.174262 -0.207691 -0.220196 0.953089
21.810012 -29.518620 1788.243844 999.402337 -0.072610 -0.948598 -0.308040 0.990535 -0.104660 0.088810 -0.116484 -0.298676 0.947219
23.758599 -34.243406 3155.972609 653.031211 -0.017931 -0.937067 -0.348689 0.956205 -0.117973 0.267870 -0.292148 -0.328615 0.898144
14.239958 -33.459955 5677.807013 284.899221 0.098046 -0.902118 -0.420202 0.951668 -0.038500 0.304707 -0.291059 -0.429768 0.854742
245.694817 -5684.458368 37665.751449 3149140.734815 -0.128492 -0.907479 0.399965 0.986793 -0.076881 0.142582 -0.098640 0.413003 0.905372
-3.588690 -1533.069739 -10252.370301 -394215.435723 -0.293662 -0.246458 0.923591 0.863107 0.346920 0.367005 -0.410864 0.904934 0.110843
13.316402 -521.033503 -11626.267832 -103621.345295 0.455912 0.552456 -0.697809 -0.559683 0.787570 0.257852 0.692025 0.272994 0.668263
-103.889096 -510.524067 12199.485790 -102036.444514 -0.261547 -0.333871 0.905607 0.286087 0.869287 0.403105 -0.921818 0.364513 -0.131843
42.825946 -173.264795 14564.704339 -35661.842049 -0.638646 0.652081 0.408562 0.028510 0.550630 -0.834262 0.768973 0.521150 0.370249
4.665554 -17.686350 1959.914882 352.828289 0.991515 -0.091552 -0.092286 0.114409 0.951633 0.285140 -0.061718 0.293278 -0.954033
3.793635 -19.504467 1315.128770 1022.887761 0.990988 -0.072125 -0.112874 0.096565 0.968663 0.228839 -0.092832 0.237677 -0.966898
-3.332289 -18.408804 1751.177685 652.238130 0.993182 -0.057956 -0.101150 0.081284 0.966236 0.244503 -0.083564 0.251057 -0.964358
7.824319 -18.975209 774.118787 957.980688 0.988998 -0.060817 -0.134847 0.097826 0.952678 0.287811 -0.110962 0.297836 -0.948146
64.946347 -63.257554 -1932.303892 3226.229815 0.987691 0.127457 0.090672 0.109803 -0.152126 -0.982243 0.111401 -0.980108 0.164248
48.101762 -51.087672 -1136.064873 1141.176853 0.985474 -0.028914 0.167346 0.165313 -0.062322 -0.984270 -0.038889 -0.997637 0.056637
57.794018 -53.136985 -2194.093600 4785.906819 0.953242 -0.103400 0.283969 0.260989 -0.192076 -0.946040 -0.152364 -0.975918 0.156109
11.340579 -33.844309 144.583170 -448.310556 0.969335 0.117030 -0.216088 -0.213709 -0.032657 -0.976351 0.121319 -0.992591 0.006646
9.616405 -35.377045 5.785306 -434.587663 0.966992 0.125626 -0.221684 -0.233427 0.087929 -0.968391 0.102163 -0.988173 -0.114351
9.659889 -35.068516 1837.495619 -206.783632 0.973929 0.118395 -0.193509 -0.202404 0.068283 -0.976919 0.102449 -0.990616 -0.090466
12.649298 -33.763351 1613.535732 -270.564656 0.977518 0.095848 -0.187809 -0.185045 -0.037030 -0.982032 0.101081 -0.994707 0.018461
12.374388 -32.473699 829.128783 -574.676624 0.971168 0.111546 -0.210688 -0.192798 -0.152316 -0.969345 0.140217 -0.982017 0.126418
13.662413 -32.886625 -1564.018671 -610.056733 0.966158 0.110399 -0.233131 -0.216546 -0.143964 -0.965599 0.140163 -0.983406 0.115186
5.155327 -43.250506 828.103337 -973.868430 0.958159 -0.177292 -0.224720 -0.278998 -0.753907 -0.594797 0.063966 -0.632607 0.771827
13.066621 -42.169119 1973.701700 -2557.723694 0.951884 -0.169140 -0.255557 -0.270381 -0.856059 -0.440519 0.144263 -0.488420 0.860601
5.680066 -44.950341 777.883458 -1153.427224 0.914337 -0.250870 -0.317886 -0.387927 -0.767853 -0.509818 0.116192 -0.589462 0.799396
16.685706 -40.687991 1889.703764 -2371.483996 0.988976 -0.065589 -0.132758 -0.121268 -0.873240 -0.471960 0.084975 -0.482857 0.871567
1.998640 -46.250541 236.162911 749.573302 0.923861 -0.248645 -0.290958 -0.382570 -0.621795 -0.683382 0.010997 -0.742662 0.669576
0.045540 -44.082729 -343.481468 1264.503809 0.950693 -0.220502 -0.218087 -0.307794 -0.584617 -0.750657 -0.038024 -0.780770 0.623661
5.901176 -41.223691 141.303472 -731.900048 0.983258 -0.132111 -0.125501 -0.182049 -0.742033 -0.645171 0.007892 -0.657217 0.753660
30.723854 -25.048591 -7478.512888 545.640702 -0.978908 0.175494 -0.104597 0.178082 0.983888 -0.015866 0.100127 -0.034158 -0.994388
27.377743 -22.643905 -6737.022808 1103.491867 -0.978901 0.178099 -0.100163 0.169186 0.981334 0.091431 0.114578 0.072556 -0.990761
38.580279 -24.212670 -3975.749575 1282.058195 -0.977251 0.195815 0.081465 0.198958 0.979474 0.032358 -0.073456 0.047830 -0.996151
-0.440160 -45.079961 150.741349 -346.835286 0.867424 -0.082291 -0.490718 0.184454 -0.862777 0.470736 0.462118 0.498842 0.733215
0.702741 -45.071150 390.011447 -910.157571 0.858547 -0.062735 -0.508882 0.265622 -0.794503 0.546085 0.438567 0.604010 0.665455
1.282028 -46.330138 -1.745841 -821.979867 0.866836 -0.077855 -0.492477 0.252650 -0.782945 0.568477 0.429841 0.617201 0.659015
2.582163 -47.856524 -323.562791 -816.356928 0.870609 -0.087980 -0.484044 0.275549 -0.727877 0.627907 0.407568 0.680040 0.609454
1.397878 -47.932025 -577.529885 -468.516633 0.879221 -0.099401 -0.465928 0.188053 -0.826167 0.531116 0.437728 0.554588 0.707691
-0.026645 -45.833120 -135.256979 -281.494063 0.876910 -0.102603 -0.469575 -0.134671 0.885373 -0.444948 0.461402 0.453418 0.762575
0.157260 -35.609471 117.201130 -123.023813 0.802701 0.053881 -0.593943 0.447327 0.604261 0.659369 -0.394424 0.794963 -0.460938
0.607369 -34.953436 246.339127 444.447771 0.805361 0.045958 -0.591000 0.420496 0.658437 0.624215 -0.417824 0.751232 -0.510954
-0.861161 -37.466910 565.982117 1310.321840 0.794282 0.015389 -0.607354 0.431769 0.688998 0.582114 -0.427424 0.724600 -0.540615
-0.862494 -37.463111 384.467126 744.869521 0.791106 0.012082 -0.611559 0.472358 0.623149 0.623348 -0.388624 0.782009 -0.487270
-11.672623 -31.298936 -893.160257 938.411421 0.887530 -0.152405 -0.434814 -0.359293 0.361859 -0.860213 -0.288442 -0.919691 -0.266403
-11.001576 -32.468706 -402.819807 191.185259 0.894317 -0.150783 -0.421262 -0.379174 0.244433 -0.892457 -0.237537 -0.957871 -0.161428
-9.497646 -31.706129 -272.040801 1462.856732 0.884215 -0.173768 -0.433554 -0.345232 0.382080 -0.857222 -0.314610 -0.907645 -0.277850
-9.797295 -29.454924 -395.564609 743.442179 0.889747 -0.176430 -0.420979 -0.306556 0.452360 -0.837493 -0.338193 -0.874210 -0.348400
15.172805 -49.643274 -1523.747355 -3352.260821 -0.753579 0.581061 -0.307386 0.603633 0.796825 0.026412 0.260279 -0.165645 -0.951218
18.666762 -44.967599 1711.492472 -3595.079581 0.760803 -0.595002 0.259135 0.625447 0.778782 -0.048103 0.173188 -0.198673 -0.964642
16.279103 -42.887356 1509.738562 -4369.781238 0.730851 -0.597286 0.330313 0.664550 0.733081 -0.144796 0.155661 -0.325333 -0.932699
19.219806 -33.406959 649.584874 -2240.100259 0.717319 -0.660164 0.222794 0.694451 0.703347 -0.151791 0.056495 -0.263602 -0.962976
17.100338 -31.950757 -934.157073 -2481.610183 -0.689133 0.653268 -0.313586 0.722711 0.651121 -0.231796 0.052758 -0.386370 -0.920834
15.061615 -39.757831 1573.444318 -4566.844559 0.711068 -0.600086 0.366441 0.692348 0.688458 -0.216056 0.122628 -0.407335 -0.905009
0.473515 -69.452030 303.853384 4908.426053 -0.850103 0.086354 0.519488 0.190713 0.969986 0.150848 -0.490870 0.227310 -0.841057
1.110264 -76.340833 350.010470 4465.932354 -0.855557 0.095304 0.508861 0.172407 0.979255 0.106467 -0.488158 0.178820 -0.854240
0.026968 -63.549053 292.557678 2492.862402 -0.862818 0.046838 0.503339 0.240050 0.914237 0.326416 -0.444883 0.402464 -0.800064
0.591490 -80.816201 -85.376876 4283.485724 -0.856171 0.116842 0.503308 0.097528 0.993131 -0.064649 -0.507404 -0.006264 -0.861685
-0.269497 -57.852110 196.129001 3077.950256 -0.856503 0.068648 0.511556 0.247431 0.924418 0.290224 -0.452968 0.375153 -0.808752
0.887509 -108.347183 -173.265102 861.256710 0.974417 -0.193822 -0.113771 0.067717 0.735895 -0.673701 -0.214302 -0.648761 -0.730194
2.329164 -100.458904 593.536889 344.369493 0.977518 -0.190828 -0.089688 0.100607 0.795932 -0.596968 -0.185303 -0.574523 -0.797236
2.409222 -102.376514 489.421568 396.589513 0.977117 -0.190951 -0.093702 0.047254 0.624399 -0.779675 -0.207387 -0.757406 -0.619134
0.691047 -105.894263 -7.968173 2542.678513 0.975413 -0.190863 -0.110181 0.129590 0.901122 -0.413745 -0.178255 -0.389294 -0.903701
1.733080 -106.776041 -383.644753 -1869.390506 0.970777 -0.213679 -0.109241 0.006002 0.476679 -0.879057 -0.239908 -0.852713 -0.464031
0.226611 -113.495777 -372.920840 -3420.877220 0.972731 -0.201097 -0.115564 0.011441 0.539250 -0.842068 -0.231655 -0.817783 -0.526846
0.241945 -105.695697 -136.874524 4051.920940 0.977860 -0.174842 -0.114976 0.112154 0.901762 -0.417429 -0.176665 -0.395292 -0.901407
-0.781965 -115.124238 141.762366 1641.308530 0.976669 -0.183729 -0.111181 0.084662 0.805210 -0.586915 -0.197358 -0.563809 -0.801978
-4.296015 -84.861668 -610.289386 -551.158350 0.909562 -0.412516 0.050278 -0.102250 -0.339419 -0.935061 -0.402794 -0.845355 0.350903
-6.428353 -98.091251 -366.953317 1397.666048 0.913665 -0.406291 0.011988 -0.232008 -0.545502 -0.805357 -0.333749 -0.733045 0.592669
-2.190789 -88.924647 -1428.968494 -320.408336 0.897419 -0.437919 0.053541 -0.196306 -0.505044 -0.840473 -0.395100 -0.743745 0.539202
-1.782485 -37.541172 2762.296067 -418.100156 0.999670 0.017947 0.018378 0.015543 0.147031 -0.989010 0.020452 -0.988969 -0.146704
-6.217310 -38.487447 905.187123 34.913483 0.999594 -0.026475 0.010487 0.016339 0.231595 -0.972675 -0.023322 -0.972452 -0.231934
-0.029796 -37.859858 2591.554904 218.722157 0.999834 0.016196 0.008352 0.003090 0.301001 -0.953619 0.017959 -0.953486 -0.300901
-12.668807 -23.054447 193.075335 -717.942045 0.993751 -0.106414 0.033676 -0.072146 -0.842618 -0.533657 -0.085165 -0.527893 0.845030
-11.613234 -26.341190 423.344884 -629.203276 0.997876 -0.049098 0.042801 -0.014243 -0.805691 -0.592165 -0.063559 -0.590298 0.804679
-11.755472 -26.504861 678.253654 240.340208 0.976670 -0.197989 -0.083163 -0.211969 -0.826746 -0.521114 -0.034420 -0.526584 0.849426
-13.147486 -37.754384 440.842451 1573.528984 0.807913 0.486743 0.332202 0.588668 -0.692737 -0.416636 -0.027334 -0.532162 0.846201
-10.141890 -37.534775 -1400.414529 1350.670654 0.850912 0.379065 0.363674 0.518955 -0.713945 -0.470073 -0.081455 -0.588721 0.804222
-13.430763 -34.146349 518.642118 1407.153475 0.847090 0.430223 0.312004 0.530412 -0.647756 -0.546878 0.033177 -0.628746 0.776903
-12.945641 -33.544361 1669.596451 1265.159297 0.843015 0.469432 0.262602 0.534211 -0.673689 -0.510649 0.062803 -0.570769 0.818705
-13.310073 -36.152092 1100.482227 1531.645131 0.807735 0.525700 0.266840 0.588871 -0.697783 -0.407835 0.028203 -0.486557 0.873193
-11.112377 -64.430335 511.448893 1868.260478 0.921550 -0.073085 -0.381318 0.181074 -0.787871 0.588619 0.343449 0.611489 0.712829
-10.729806 -58.828257 409.633777 1359.384113 0.924611 -0.088575 -0.370471 0.087347 -0.897369 0.432549 0.370763 0.432299 0.821981
-10.295418 -63.313141 235.104362 2461.592275 0.914225 -0.091936 -0.394639 0.148056 -0.830791 0.536531 0.377189 0.548939 0.745919
-10.492095 -73.241076 214.101924 3398.853272 0.914378 -0.070969 -0.398593 0.246923 -0.682456 0.687955 0.320845 0.727473 0.606499
-10.202885 -74.484313 182.423285 3153.098380 0.926850 -0.053229 -0.371639 0.255051 -0.637125 0.727338 0.275496 0.768920 0.576943
-0.314594 -86.605030 -593.602315 -2432.651567 0.899808 -0.301701 -0.315155 -0.397000 -0.266634 -0.878235 -0.180933 -0.915360 0.359694
2.868211 -94.820785 -541.354975 -2149.334121 0.905694 -0.292016 -0.307320 -0.392276 -0.302406 -0.868718 -0.160744 -0.907346 0.388438
0.332210 -111.570051 -726.613061 -10020.772653 0.886890 -0.299867 -0.351433 -0.393628 -0.092292 -0.914625 -0.241831 -0.949506 0.199888
-1.482734 -104.992795 -943.982204 -9103.346214 0.880918 -0.308415 -0.358976 -0.388768 -0.039010 -0.920510 -0.269895 -0.950452 0.154267
68.732235 -172.635667 1547.028610 -24256.225332 0.891229 0.247554 0.380036 0.209829 0.517802 -0.829369 0.402097 -0.818900 -0.409536
49.330236 -94.498728 3703.199075 -10010.006035 0.780709 0.435294 0.448345 0.330751 0.320888 -0.887488 0.530187 -0.841160 -0.106547
72.360250 -180.851302 11007.845114 -31718.040824 0.709715 0.405959 0.575762 0.304997 0.559657 -0.770559 0.635044 -0.722483 -0.273381
-31.086622 -61.447135 -501.418334 4671.327813 0.945023 -0.301882 0.125690 -0.071439 0.184490 0.980235 0.319104 0.935324 -0.152781
-38.734114 -58.833248 827.162260 1624.459189 0.904127 -0.363055 0.225265 -0.104611 0.323082 0.940571 0.414259 0.873961 -0.254128
-34.236801 -54.356129 -72.992592 567.245684 0.801441 -0.307528 0.512951 -0.371150 0.416801 0.829774 0.468977 0.855397 -0.219902
-28.618893 -45.598514 243.659669 -2744.660031 0.570566 -0.290703 0.768080 0.711849 -0.291333 -0.639059 0.409544 0.911382 0.040712
-31.648101 -51.746376 -71.227530 1497.259822 0.668655 -0.317339 0.672455 -0.544162 0.407480 0.733381 0.506743 0.856303 -0.099780
-26.894928 -42.284842 -494.905413 757.971596 0.576497 0.395822 -0.714826 -0.438300 0.888125 0.138300 0.689597 0.233579 0.685490
-27.369503 -44.665759 -435.893837 930.702302 0.485113 0.472988 -0.735491 -0.383701 0.870930 0.307008 0.785773 0.133275 0.603986
-27.838294 -43.479318 -314.009476 740.746647 0.446153 0.435541 -0.781826 -0.470999 0.857092 0.208693 0.760991 0.275130 0.587534
116.621320 -33.849141 -21970.899947 3013.124189 0.009671 0.982552 0.185739 -0.429219 0.171844 -0.886702 0.903149 0.071147 -0.423391
70.994603 -41.358041 -21807.376812 3823.554639 0.272998 0.950506 0.148357 -0.440654 0.260637 -0.859007 0.855159 -0.169133 -0.489997
119.285659 -48.420454 -29401.572972 3598.895689 0.184773 0.970657 0.153894 -0.339373 0.209976 -0.916917 0.922326 -0.117195 -0.368213
68.389636 -27.367669 -14572.291125 3836.739882 0.146841 0.972187 0.182459 -0.538500 0.233297 -0.809685 0.829732 -0.020641 -0.557780
84.437012 -20.074252 -9773.850208 2319.919438 -0.219930 0.945475 0.240224 -0.496039 0.103652 -0.862092 0.839986 0.308760 -0.446196
6.361694 -32.501779 3536.184360 6.760746 0.745584 -0.383590 -0.544943 0.009816 0.823960 -0.566562 0.666339 0.417071 0.618097
7.858352 -32.238441 2294.030909 -388.769359 0.767171 -0.333797 -0.547748 0.066176 0.890562 -0.450022 0.638020 0.308996 0.705303
14.464563 -33.269391 2322.420255 436.642274 0.776875 -0.334919 -0.533193 -0.016377 0.835768 -0.548838 0.629442 0.435111 0.643802
15.335344 -32.854062 2826.895101 239.592324 0.768096 -0.355301 -0.532719 -0.063154 0.785849 -0.615185 0.637212 0.506165 0.581169
-5.095261 -29.789085 -378.733932 606.357949 0.987416 0.131496 -0.087857 -0.035265 0.724637 0.688228 -0.154163 0.676469 -0.720155
-0.516038 -26.148653 -442.351717 1232.286794 0.983778 0.071679 -0.164450 0.082498 0.633248 0.769539 -0.159298 0.770622 -0.617062
-3.313072 -26.962309 -527.033834 1177.607318 0.986660 0.118184 -0.111960 0.012520 0.630612 0.775997 -0.162313 0.767047 -0.620720
0.734915 -27.988920 -689.605504 612.633486 0.977525 0.039428 -0.207099 0.120010 0.703585 0.700404 -0.173328 0.709517 -0.683040
-1.120458 -43.103244 130.646119 -850.652270 0.545332 -0.491721 0.678840 0.778098 0.598145 -0.191800 -0.311733 0.632798 0.708794
-1.381775 -41.446142 448.102162 -342.074098 0.536483 -0.505154 0.676022 0.758943 0.639101 -0.124723 -0.369042 0.579973 0.726250
0.083438 -40.548633 350.815315 -153.939002 0.576554 -0.476848 0.663477 0.776058 0.573603 -0.262131 -0.255575 0.666029 0.700775
4.047484 -69.075948 191.599415 -2564.441721 0.983340 0.178056 0.036599 0.091764 -0.660039 0.745606 -0.156916 0.729825 0.665381
1.413301 -61.098246 -198.262716 -6.900842 0.982729 0.180442 0.041030 0.059242 -0.516838 0.854031 -0.175309 0.836851 0.518601
2.668842 -60.801479 517.600252 -38.649580 0.982746 0.183595 0.022407 0.095553 -0.607699 0.788398 -0.158363 0.772655 0.614757
0.438095 -64.803442 -802.498659 -2604.516268 0.982048 0.168365 0.085059 0.019441 -0.538863 0.842169 -0.187627 0.825397 0.532463
-7.919881 -31.343252 -387.194597 250.035900 0.619441 -0.437427 0.651883 0.776780 0.221353 -0.589590 0.113606 0.871585 0.476899
-10.723150 -31.860908 -1057.491173 -598.715679 0.603629 -0.433124 0.669355 0.789552 0.208251 -0.577269 0.110635 0.876946 0.467681
-6.823156 -32.401913 -1382.280371 992.757346 0.619553 -0.392355 0.679862 0.758965 0.078401 -0.646394 0.200314 0.916467 0.346357
-9.808561 -33.609798 34.634036 -681.193362 0.595620 -0.464578 0.655290 0.803199 0.333897 -0.493339 0.010395 0.820171 0.572024
-2.879061 -20.940539 -1013.275307 -935.053945 0.976855 0.064026 -0.204096 0.030034 0.903644 0.427230 -0.211784 0.423471 -0.880806
0.876642 -49.483869 -142.130752 -2624.700335 0.416112 0.853666 0.313219 0.900963 -0.340483 -0.268956 -0.122953 0.394114 -0.910800
0.628521 -48.411318 -201.624403 -2163.793980 0.447857 0.845545 0.290649 0.887042 -0.379407 -0.263073 -0.112166 0.375637 -0.919954
1.356646 -57.169305 -348.517928 -2874.228327 0.463767 0.837623 0.288631 0.885413 -0.426778 -0.184131 -0.031051 0.340951 -0.939568
-3.376407 -74.731739 -772.324126 433.182449 0.958309 0.074052 0.275973 0.223225 -0.796939 -0.561301 -0.178368 -0.599503 0.780244
-5.619937 -68.193701 -1040.971085 -1072.405846 0.957706 0.095504 0.271438 0.212443 -0.870923 -0.443126 -0.194081 -0.482050 0.854377
-3.896349 -72.472581 -948.134628 -1605.491576 0.951958 0.109950 0.285811 0.195200 -0.937002 -0.289697 -0.235953 -0.331570 0.913448
85.183481 -14.649048 -25191.032100 314.627828 0.755558 -0.048018 -0.653320 0.537320 0.615918 0.576136 -0.374726 0.786346 -0.491163
129.423235 -15.281446 -28820.628429 1311.351055 0.830704 0.008288 -0.556652 0.434896 0.614571 0.658155 -0.347557 0.788818 -0.506922
33.008194 -364.441791 1985.444715 -42321.454153 0.577288 0.774561 0.258444 0.816541 -0.547797 -0.182152 0.000487 0.316185 -0.948697
15.819065 -410.996044 1459.635627 40071.147164 0.564129 0.781425 0.266708 -0.754926 0.618967 -0.216720 0.334434 0.079087 -0.939095
22.800623 -369.581592 3753.115919 -52143.139130 0.610633 0.704277 0.362106 0.790535 -0.569084 -0.226270 0.046712 0.424426 -0.904257
-12.093973 -414.439889 -1108.463280 -71459.241908 0.432292 0.897474 0.087547 -0.000894 0.097515 -0.995234 0.901733 -0.430153 -0.042957
-8.764340 -280.527185 -2128.470708 -30841.499486 0.390905 0.919831 0.033235 -0.068521 0.065090 -0.995524 0.917877 -0.386878 -0.088472
-15.372177 -262.114799 550.514926 -25116.979165 0.409790 0.901858 0.136836 0.361125 -0.022643 -0.932243 0.837652 -0.431439 0.334962
-17.677202 -287.884368 265.401535 -33439.986798 0.462859 0.856489 0.228448 0.417533 0.016683 -0.908509 0.781938 -0.515896 0.349890
1.906412 -31.913665 2641.236205 2603.593455 0.764683 -0.044975 0.642835 -0.643359 0.003574 0.765557 0.036729 0.998982 0.026203
9.784640 -24.699169 3087.671042 2567.598933 0.756176 -0.044988 0.652820 -0.654228 -0.072599 0.752805 -0.013527 0.996346 0.084330
12.674333 -33.826506 2666.151404 2986.113032 0.771525 -0.019308 0.635906 -0.635307 0.029527 0.771695 0.033677 0.999377 -0.010514
-18.759616 -36.070918 -205.822018 362.239085 -0.345684 0.882556 -0.318744 0.861321 0.433223 0.265412 -0.372328 0.182793 0.909922
-18.644817 -36.816871 -554.261362 247.372106 -0.356239 0.895560 -0.266583 0.814710 0.437400 0.380696 -0.457539 0.081570 0.885440
-17.485242 -35.372306 -683.031421 298.710014 -0.403069 0.880418 -0.249799 0.844783 0.462914 0.268426 -0.351963 0.102831 0.930348
-82.822465 -251.474660 -8524.742174 -43177.566830 0.233226 0.234430 -0.943742 -0.402758 0.906637 0.125680 0.885094 0.350788 0.305870
-15.153599 -815.936838 3717.468849 -170891.909200 -0.347754 -0.424312 0.836078 0.168181 0.849041 0.500843 -0.922379 0.314782 -0.223896
19.867828 -328.354357 -2170.426440 -62377.937723 -0.307607 -0.368290 0.877349 0.199005 0.876763 0.437817 -0.930470 0.309272 -0.196406
-529.304955 -1161.606153 -145680.843315 -309447.181120 0.960864 0.214074 -0.175817 -0.049161 0.756376 0.652288 -0.272622 0.618117 -0.737298
-90.111632 -262.742177 44084.048659 -35313.822056 0.020322 -0.505409 -0.862640 -0.617183 0.672454 -0.408521 0.786557 0.540709 -0.298265
-115.564202 -415.264980 2447.071286 -72337.110455 -0.230970 -0.522796 0.820571 0.259403 0.779761 0.569810 -0.937743 0.344468 -0.044486
111.146019 -5729.222254 -24093.064019 -2253318.509670 0.090080 0.980949 -0.172121 0.991143 -0.105230 -0.081007 -0.097576 -0.163300 -0.981739
-8.845894 -574.258794 -1457.192283 -41490.095197 0.023412 0.963349 -0.267227 -0.954322 -0.058104 -0.293076 0.297862 -0.261882 -0.917985
13.023386 -715.502659 -1511.731350 -44746.755141 -0.016336 0.982092 -0.187691 -0.898042 -0.096944 -0.429094 0.439606 -0.161545 -0.883544
8.025544 -283.024774 1397.604038 3195.247515 0.005732 0.990787 -0.135311 -0.986396 -0.016628 -0.163544 0.164287 -0.134408 -0.977213
9.146022 -303.764336 1600.898820 -2290.603327 -0.081412 0.987959 -0.131567 -0.830813 -0.140189 -0.538606 0.550565 -0.065459 -0.832222
23.026967 16.906323 -876.212342 4220.362574 0.850864 -0.371554 -0.371455 0.414105 0.909397 0.038920 0.323339 -0.186937 0.927635
21.268578 19.376537 1335.201767 -497.497008 0.309187 -0.834943 -0.455273 0.905865 0.404305 -0.126275 0.289502 -0.373373 0.881352
23.152687 16.078467 -1036.112528 403.100303 0.929981 0.055920 -0.363329 -0.085080 -0.928785 -0.360720 0.357626 -0.366375 0.858995
24.897033 16.049333 -483.553574 3872.676338 0.899186 0.315592 -0.303094 0.117022 -0.840893 -0.528398 0.421628 -0.439659 0.793051
23.423454 13.664690 261.281823 1845.630627 0.863477 -0.006211 -0.504350 0.150034 0.957825 0.245072 0.481557 -0.287284 0.827992
24.958711 9.117821 -676.447099 4260.426512 0.873411 -0.240260 -0.423591 0.292372 0.954321 0.061560 0.389451 -0.177613 0.903760
16.437226 -58.454454 301.105380 -3007.455981 0.954982 0.291731 -0.053879 -0.295581 0.951177 -0.088848 -0.025329 -0.100773 -0.994587
17.654194 -71.634023 -792.065989 -7035.628158 -0.960230 -0.263246 0.093062 -0.259256 0.964361 0.052855 -0.103659 0.026626 -0.994256
19.463685 -63.177446 2709.343053 -5142.023251 0.942018 0.315698 -0.113741 -0.327835 0.938166 -0.111212 -0.071599 -0.142052 -0.987266
21.835826 -59.827658 2156.553667 -3831.597809 -0.962578 -0.264887 0.057252 -0.263353 0.964135 0.033008 -0.063942 0.016695 -0.997814
13.447058 -53.828061 1552.924976 1440.228998 0.947957 0.311676 -0.065086 -0.318358 0.924532 -0.209496 0.005120 -0.219314 -0.975641
28.057272 -53.222077 -3995.563743 -2048.046626 0.959304 0.276449 -0.057553 -0.280688 0.955805 -0.087469 -0.030829 -0.100064 -0.994503
17.280730 -53.073105 -1985.633475 707.499319 0.951323 0.299529 -0.072580 -0.308196 0.925053 -0.222019 -0.000639 -0.233580 -0.972337
7.433849 -36.486270 1545.992589 -208.132176 0.976777 0.109670 -0.184063 -0.202749 0.195336 -0.959550 0.069280 -0.974585 -0.213035
13.594339 -40.856760 2576.678586 -1579.633923 0.928549 -0.206058 -0.308765 -0.318095 -0.870434 -0.375712 0.191341 -0.447084 0.873787
24.259205 -37.080317 3294.694819 -1142.255196 0.976485 -0.084897 -0.198165 -0.156218 -0.912103 -0.379029 0.148568 -0.401073 0.903918
4.601171 -6.044462 -671.498601 649.591045 -0.710645 -0.225423 -0.666459 -0.398995 0.909346 0.117872 0.579470 0.349679 -0.736165
2.883833 -3.847527 -883.617851 1152.998399 -0.712705 -0.190370 -0.675138 -0.393036 0.905574 0.159560 0.581012 0.379072 -0.720229
4.869964 -2.220991 -77.919567 1187.581529 -0.696423 -0.325962 -0.639331 -0.480617 0.873435 0.078216 0.532919 0.361745 -0.764943
5.708025 -5.597670 -196.130901 356.059106 -0.685170 -0.341542 -0.643343 -0.467251 0.883665 0.028504 0.558765 0.320133 -0.765047
0.044713 -43.537266 347.166459 104.863139 0.860049 -0.058298 -0.506870 0.196723 -0.878745 0.434865 0.470761 0.473718 0.744295
1.204370 -43.722146 -58.453378 -625.870220 0.857856 -0.021682 -0.513433 0.313626 -0.769377 0.556504 0.407090 0.638426 0.653215
2.964717 -64.164055 1024.626577 -1972.121309 0.866749 0.030362 -0.497820 -0.447283 0.488900 -0.748943 -0.220645 -0.871812 -0.437333
1.985207 -69.614926 1825.037585 -380.620264 0.879939 0.035304 -0.473773 -0.367340 0.682961 -0.631368 -0.301279 -0.729601 -0.613932
6.869978 -68.929214 1170.991697 145.095222 0.854863 0.042419 -0.517117 -0.392142 0.705449 -0.590396 -0.339755 -0.707491 -0.619696
-1.807700 -65.667766 822.804747 -2934.489556 0.876022 0.009776 -0.482172 -0.422073 0.499241 -0.756712 -0.233322 -0.866408 -0.441472
-1.204893 -61.369991 850.666032 -2851.463037 0.873233 0.017691 -0.486982 -0.467394 0.313142 -0.826732 -0.137869 -0.949541 -0.281715
1.892689 -61.206755 705.468455 -2157.317465 0.859879 0.022383 -0.510007 -0.494592 0.283966 -0.821427 -0.126439 -0.958573 -0.255247
16.369368 -19.709675 2892.366211 -1311.589261 -0.694494 -0.618624 0.367400 -0.507715 0.783176 0.358971 -0.509807 0.062769 -0.857996
18.293548 -20.641355 -576.590413 -1292.333173 -0.783404 -0.573994 0.238347 -0.476792 0.801037 0.361953 -0.398683 0.169913 -0.901211
22.386745 -23.393120 442.894280 -1321.757226 -0.755907 -0.594987 0.273122 -0.461239 0.780065 0.422797 -0.464612 0.193620 -0.864087
17.136123 -24.467817 3833.822943 -1793.318639 -0.652229 -0.655842 0.380091 -0.496929 0.748586 0.438955 -0.572415 0.097421 -0.814156
-12.290110 -32.297024 -399.916383 -306.896187 0.903890 -0.106172 -0.414379 -0.387306 0.208104 -0.898157 -0.181593 -0.972327 -0.146983
-11.533888 -33.070374 -526.763585 -1033.411667 0.901825 -0.134983 -0.410476 -0.398558 0.107121 -0.910866 -0.166922 -0.985041 -0.042806
-9.943440 -33.671959 -336.772641 -807.318141 0.897841 -0.164721 -0.408348 -0.399706 0.084124 -0.912775 -0.184705 -0.982746 -0.009690
19.994716 -38.607718 411.159532 710.262347 0.779724 -0.614629 0.119420 0.624690 0.776556 -0.081998 0.042338 -0.138536 -0.989452
1.223178 -66.103258 346.718449 3175.185536 -0.869968 0.039548 0.491520 0.222134 0.921343 0.319035 -0.440241 0.386733 -0.810324
1.272365 -89.979037 468.108453 4262.899621 -0.848723 0.133145 0.511802 0.070206 0.987589 -0.140496 -0.524156 -0.083311 -0.847537
3.297437 -106.959458 1174.990739 -379.641622 0.978255 -0.193535 -0.074571 0.074193 0.662293 -0.745563 -0.193681 -0.723818 -0.662250
-9.300957 -26.038093 239.229601 -271.283018 0.854386 0.079557 -0.513512 -0.429875 -0.446988 -0.784480 0.291944 -0.890995 0.347701
-9.863186 -26.294972 195.133993 303.776691 0.878835 0.115119 -0.463030 -0.406796 -0.326345 -0.853239 0.249332 -0.938215 0.239973
-10.551371 -27.274131 93.621535 177.188436 0.862436 0.140514 -0.486272 -0.403644 -0.388745 -0.828221 0.305412 -0.910568 0.278550
-9.717808 -25.510198 -127.183621 315.833997 0.881058 0.061874 -0.468944 -0.419920 -0.354025 -0.835663 0.217724 -0.933187 0.285935
-9.712318 -26.817792 63.293822 -630.999276 0.849253 0.112926 -0.515769 -0.402698 -0.493244 -0.771067 0.341474 -0.862530 0.373414
-8.563057 -25.258251 216.773026 -868.689709 0.826191 0.068027 -0.559268 -0.427038 -0.571890 -0.700414 0.367486 -0.817505 0.443440
-8.636411 -24.435132 418.072151 -583.455979 0.818954 0.022407 -0.573422 -0.469479 -0.548465 -0.691936 0.330006 -0.835873 0.438648
-8.867130 -24.320144 -389.439677 -306.580322 0.865735 0.015682 -0.500257 -0.440839 -0.449377 -0.776995 0.236989 -0.893204 0.382128
-6.920369 -111.820513 -135.674300 4817.705049 0.909593 -0.414490 -0.028969 -0.328202 -0.673979 -0.661843 -0.254803 -0.611515 0.749083
-8.004398 -129.182925 121.924987 7542.456047 0.916196 -0.400298 -0.018617 -0.330819 -0.729320 -0.598875 -0.226151 -0.554846 0.800626
-5.592535 -114.307324 -811.727862 7020.209356 0.917513 -0.395889 0.037981 -0.256590 -0.662215 -0.704012 -0.303862 -0.636194 0.709172
43.637326 -851.913973 -14161.138861 -77671.645193 0.979562 -0.034151 -0.198224 -0.183043 -0.559922 -0.808073 0.083393 -0.827841 0.554729
-69.280774 -103.959006 -26806.831148 781.128091 -0.505346 0.795552 0.334249 0.764941 0.592265 -0.253155 0.399362 -0.127750 0.907849
-33.176246 -6985.373551 66013.230262 2559853.564050 0.374622 0.908153 -0.186857 -0.315267 -0.064757 -0.946791 0.871932 -0.413599 -0.262052
-5.213504 -37.801060 -27.087891 -350.202217 0.999194 -0.040046 -0.002733 0.001041 0.093915 -0.995580 -0.040125 -0.994775 -0.093881
-10.392215 -28.163841 445.338043 -250.688539 0.999037 -0.042845 -0.009411 -0.039503 -0.785435 -0.617682 -0.019073 -0.617459 0.786372
-9.130387 -30.230526 175.835333 -50.220609 0.999676 -0.020421 -0.015195 -0.025285 -0.728030 -0.685079 -0.002927 -0.685241 0.728310
-9.054704 -30.849936 79.537233 148.597088 0.993592 -0.087134 -0.071993 -0.112833 -0.802038 -0.586519 0.006635 -0.590883 0.806730
-9.894962 -28.953791 451.562185 380.737617 0.985593 -0.142976 -0.090354 -0.169125 -0.828076 -0.534497 -0.001600 -0.542077 0.840327
-9.754243 -34.380230 -1570.677033 1459.527629 0.878503 0.329523 0.345901 0.476454 -0.657350 -0.583852 -0.034985 -0.677721 0.734486
-10.585936 -57.718282 354.848357 -1219.757565 0.916155 -0.099510 -0.388275 -0.061581 0.922248 -0.381663 0.396065 0.373573 0.838794
-10.617434 -55.286165 259.416439 -503.893268 0.924784 -0.097683 -0.367739 -0.010699 0.959426 -0.281759 0.380341 0.264501 0.886217
-14.616411 -62.877968 -4021.074776 7064.231122 0.976894 -0.140177 0.161331 -0.146565 0.110005 0.983065 0.155551 0.983997 -0.086919
-14.744043 -51.902978 -3204.010139 8127.461671 0.964185 -0.136664 0.227310 -0.236965 -0.058891 0.969732 0.119141 0.988865 0.089166
-28.706368 -45.826935 90.783516 640.735658 0.370807 0.475046 -0.798018 -0.390799 0.859310 0.329943 0.842483 0.189520 0.504286
-27.792040 -46.618066 -337.212603 495.180230 0.496470 0.498770 -0.710454 -0.258356 0.866257 0.427610 0.828715 -0.028746 0.558931
-28.675015 -46.738115 -158.519520 470.018122 0.392807 0.496748 -0.773915 -0.265751 0.866969 0.421593 0.880386 0.040064 0.472563
29.918557 -99.897984 3376.752533 660.405580 -0.778558 -0.369328 0.507390 -0.102329 0.872384 0.477990 -0.619174 0.320223 -0.716994
