10322
20635
-36.761313 -64.477117 -3252.270303 7854.138701 -0.172892 0.984494 -0.029658 0.944190 0.157092 -0.289529 0.280380 0.078060 0.956710
-50.999729 -75.305190 592.977895 5863.321033 0.166058 -0.974752 0.149279 0.981948 0.149547 -0.115817 0.090568 0.165817 0.981989
-35.248144 -83.188665 -2924.620953 10381.960965 -0.318736 0.947720 0.015294 0.934184 0.316831 -0.164069 0.160337 0.038008 0.986330
-42.755066 -56.945278 -357.171657 4847.278072 0.219158 0.939101 -0.264687 0.937297 -0.277990 -0.210227 0.271005 0.202017 0.941140
-18.484476 -73.278278 -5395.878670 11607.401343 -0.172026 0.981070 0.088929 0.922401 0.192110 -0.335067 0.345809 -0.024388 0.937988
-28.609873 -50.802319 -4711.611160 6248.078000 -0.076991 0.996962 0.011770 0.918776 0.075528 -0.387488 0.387200 0.019019 0.921800
-35.680136 -48.207058 -1506.460213 4376.354183 0.213529 0.957000 -0.196355 0.909460 -0.268125 -0.317790 0.356773 0.110720 0.927607
-47.800416 -94.501454 23997.841097 12738.835302 0.402334 -0.472294 -0.784261 0.864469 0.477988 0.155630 0.301364 -0.740584 0.600595
-75.608557 -146.916404 30631.351983 21516.909732 0.388104 -0.405532 -0.827599 0.911673 0.300483 0.280290 0.135013 -0.863281 0.486331
21.798081 -124.282442 24119.020999 18180.356070 0.478932 -0.423066 -0.769181 0.855797 0.420186 0.301753 0.195537 -0.802782 0.563299
2.874575 -72.555343 24115.468711 7617.645487 0.349203 -0.447456 -0.823311 0.842136 0.535171 0.066331 0.410931 -0.716503 0.563702
10.647185 -56.635644 1154.733133 -5378.530615 0.714428 0.645219 -0.270712 0.699699 -0.656759 0.281229 -0.003662 0.390334 0.920666
3.976021 -43.179307 624.014418 -4158.130725 -0.632294 -0.714092 0.300461 0.766109 -0.518632 0.379602 -0.115242 0.470206 0.875001
9.051484 -60.580637 945.215001 -5168.906258 -0.643290 -0.706326 0.295434 0.765402 -0.602556 0.226022 0.018370 0.371523 0.928242
15.935611 -69.390362 -1825.547179 -5975.910573 -0.697599 -0.660473 0.277724 0.709036 -0.692134 0.134979 0.103072 0.291078 0.951131
3.450929 -53.230417 -205.086595 -586.352762 -0.039091 0.988410 -0.146687 0.889141 -0.032579 -0.456472 0.455960 0.148269 0.877563
3.918824 -53.775907 -187.760407 1829.103140 0.002599 0.987385 -0.158317 0.854965 -0.084310 -0.511788 0.518680 0.134025 0.844398
0.716201 -50.378752 -382.639393 384.216242 -0.046634 0.989259 -0.138537 0.818902 -0.041560 -0.572427 0.572036 0.140142 0.808168
6.827978 -55.036582 912.485280 -802.625401 -0.014505 0.985364 -0.169848 0.930831 -0.048728 -0.362187 0.365162 0.163353 0.916500
0.303607 -50.688325 -1748.392735 -79.335221 -0.082042 0.990822 -0.107426 0.884502 0.022716 -0.465983 0.459266 0.133249 0.878248
6.863757 -52.183688 -286.566869 -1761.494274 -0.070671 0.989458 -0.126408 0.943242 0.025063 -0.331160 0.324501 0.142637 0.935069
3.080474 -55.981876 1923.466674 2866.889959 0.086896 0.957871 -0.273739 -0.877105 0.203853 0.434893 -0.472373 -0.202307 -0.857867
9.973431 -61.810235 2811.353313 -103.039931 0.126844 0.953538 -0.273269 -0.960721 0.186655 0.205368 -0.246833 -0.236485 -0.939760
-2.251082 -60.132971 398.666759 1708.730877 0.046304 0.956839 -0.286907 -0.912945 0.157111 0.376626 -0.405447 -0.244491 -0.880816
-5.708941 -54.010720 -97.506766 3286.901462 0.007369 0.960936 -0.276673 -0.812544 0.167023 0.558458 -0.582853 -0.220694 -0.782033
-4.664890 -57.000331 -626.023152 2817.471387 -0.035146 0.957869 -0.285046 -0.840931 0.125770 0.526325 -0.540001 -0.258202 -0.801081
-2.550281 -62.076694 -306.269810 1348.234939 -0.016174 0.957929 -0.286550 -0.933812 0.087967 0.346781 -0.357399 -0.273192 -0.893103
-0.516878 -147.744083 -698.796562 1334.277659 0.255167 0.908537 -0.330833 -0.740187 -0.036599 -0.671405 0.622104 -0.416198 -0.663148
-0.238311 -136.949010 -310.400702 1656.166739 0.223630 0.914542 -0.337049 -0.859674 0.022121 -0.510364 0.459294 -0.403885 -0.791155
-2.664332 -126.424465 221.456669 4782.261902 0.235230 0.918130 -0.318912 -0.758194 -0.031956 -0.651245 0.608119 -0.394989 -0.688603
-3.525237 -130.612222 197.909664 4727.227195 0.251948 0.919621 -0.301363 -0.617451 -0.087029 -0.781780 0.745168 -0.383045 -0.545894
15.483321 -8.760624 6042.638236 -1153.479334 -0.941537 0.093777 -0.323594 0.022731 0.975975 0.216695 0.336141 0.196671 -0.921048
1.555223 -8.019772 6461.366526 -1453.659746 -0.945744 0.164492 -0.280198 0.101277 0.968657 0.226818 0.308725 0.186134 -0.932761
19.449179 -5.184093 7117.083865 -1089.716145 -0.941341 0.017277 -0.337013 -0.045551 0.983043 0.177628 0.334367 0.182560 -0.924592
10.525631 -24.857643 411.775527 3884.975952 -0.128762 0.986957 -0.096620 0.987709 0.136343 0.076428 -0.088605 0.085591 0.992383
10.052708 -32.049611 323.919873 2493.856339 -0.067806 0.994265 -0.082701 0.980578 0.081704 0.178300 -0.184035 0.069005 0.980495
7.400235 -26.707542 2150.768734 2981.871193 -0.144947 0.979440 -0.140310 0.980181 0.161494 0.114743 -0.135043 0.120897 0.983436
10.345262 -30.922934 -1620.034475 3641.997398 -0.056961 0.998171 -0.020240 0.991367 0.058947 0.117115 -0.118094 0.013395 0.992912
9.043820 -20.732944 -2301.685630 2840.282371 0.179099 -0.971900 0.152757 0.981270 0.187662 0.043497 -0.070942 0.142106 0.987306
13.218349 -18.513321 -1263.908989 3167.823610 0.162713 -0.980914 0.106449 0.985753 0.166272 0.025399 -0.042613 0.100800 0.993994
13.856920 -21.997253 856.745230 4533.869145 0.129877 -0.989862 0.057486 0.990416 0.132260 0.039794 -0.046994 0.051766 0.997553
1.287456 -57.710951 491.457258 -1279.545439 0.012820 0.968883 -0.247188 -0.882728 -0.105159 -0.457966 0.469709 -0.224071 -0.853912
1.256320 -61.875946 122.600079 -1764.788149 -0.013601 0.963239 -0.268301 -0.951523 -0.094927 -0.292564 0.307278 -0.251316 -0.917835
3.174840 -55.628140 658.709360 -1672.899264 0.027682 0.969645 -0.242944 -0.883213 -0.090097 -0.460236 0.468155 -0.227312 -0.853909
3.876363 -52.335147 1024.526234 -879.798805 0.057037 0.974709 -0.216075 -0.794581 -0.086720 -0.600934 0.604474 -0.205964 -0.769539
5.973925 -49.874166 883.542023 -1039.062262 0.084478 0.972496 -0.217059 -0.798887 -0.064088 -0.598058 0.595520 -0.223928 -0.771500
4.766736 -53.432494 652.304544 -1734.871642 0.057200 0.968917 -0.240683 -0.886983 -0.061334 -0.457711 0.458246 -0.239662 -0.855905
33.470996 -42.186461 -1169.171492 -1072.490281 -0.653998 -0.422212 -0.627713 -0.071742 0.860639 -0.504137 0.753087 -0.284672 -0.593146
42.568653 -49.590228 -2060.712703 1394.809864 -0.697239 -0.423227 -0.578565 -0.014383 0.815202 -0.578998 0.716695 -0.395378 -0.574478
42.264206 -43.513017 -2055.351231 1818.767742 -0.619638 -0.538030 -0.571466 -0.076486 0.766012 -0.638260 0.781152 -0.351780 -0.515802
34.666616 -36.056843 997.020441 -222.320684 -0.607641 -0.543646 -0.578983 -0.131049 0.787642 -0.602035 0.783326 -0.289946 -0.549847
-30.507191 -2235.952539 -8387.903675 767024.133847 0.536167 -0.609742 0.583729 0.560785 0.774167 0.293575 -0.630909 0.169942 0.757017
-26.322241 -517.395856 -2808.444950 92962.723250 0.538663 -0.636636 0.551849 0.647452 0.731914 0.212386 -0.539119 0.242891 0.806446
-88.182883 -561.914996 -23548.074989 127202.045913 0.447086 -0.696150 0.561684 0.852881 0.521057 -0.033075 -0.269643 0.493837 0.826691
14.352606 -595.160840 -10889.480610 128763.812597 0.513117 -0.608181 0.605663 0.663520 0.728686 0.169583 -0.544475 0.314854 0.777441
-10.078632 -32.488569 -466.452735 -3858.273448 0.257845 0.965586 0.034056 0.797403 -0.232574 0.556829 -0.545587 0.116419 0.829929
-12.412147 -38.151792 -1457.341369 -2778.150929 0.289219 0.956025 0.048660 0.840585 -0.277960 0.464924 -0.458005 0.093562 0.884012
-10.628272 -32.253632 34.272187 -3368.724358 0.273176 0.961955 0.004090 0.802579 -0.230256 0.550318 -0.530323 0.147051 0.834945
-2.481857 -26.753333 2799.537909 -2472.486693 0.174855 0.980156 -0.093377 0.782105 -0.080658 0.617904 -0.598111 0.181074 0.780689
-1.176188 -30.370703 4947.448434 -3419.330475 0.202946 0.974028 -0.100408 0.820916 -0.113348 0.559687 -0.533770 0.196012 0.822599
-13.433510 -44.901643 1808.841725 426.579863 0.235727 0.929464 0.283777 -0.768156 0.357074 -0.531445 0.595289 0.092709 -0.798146
-16.118700 -44.397474 1463.642517 -1573.229864 0.271114 0.924439 0.268161 -0.673295 0.381229 -0.633513 0.687875 0.008798 -0.725776
-16.968528 -43.309096 332.219709 -254.083344 0.322916 0.910331 0.258887 -0.731910 0.413622 -0.541502 0.600028 0.014623 -0.799846
-13.612056 -39.724513 270.036173 2903.721477 0.261330 0.924910 0.276131 -0.840953 0.358589 -0.405230 0.473818 0.126315 -0.871516
-12.591397 -42.028063 813.174689 1364.364155 0.203538 0.936453 0.285705 -0.801592 0.326942 -0.500558 0.562158 0.127136 -0.817199
-11.184304 -36.899995 -135.639399 -26.150040 -0.123508 0.889123 0.440688 -0.298326 0.390278 -0.871025 0.946439 0.239047 -0.217046
-11.494036 -35.275963 505.441644 -425.493650 -0.108464 0.912459 0.394531 -0.253470 0.358370 -0.898512 0.961243 0.197458 -0.192410
-11.972957 -36.812287 290.037611 -46.881200 -0.112229 0.881022 0.459570 -0.384057 0.388093 -0.837785 0.916463 0.270525 -0.294808
-17.875246 -32.641128 -4.439270 -746.518995 -0.061332 0.996464 0.057428 -0.266415 0.039105 -0.963065 0.961905 0.074366 -0.263075
-14.537836 -32.335031 552.067401 -818.264530 -0.077765 0.977185 0.197640 -0.210644 0.177661 -0.961283 0.974465 0.116386 -0.192022
-14.045928 -30.849103 -552.469989 -746.520159 -0.071249 0.997157 -0.024536 -0.172059 -0.036516 -0.984410 0.982507 0.065917 -0.174172
1073.177956 -29091.873741 -560129.795461 18251755.808119 0.969533 -0.203332 -0.136612 0.208424 0.977746 0.023916 0.128709 -0.051661 0.990336
626.828510 -1519.164511 -283328.015582 382200.111227 0.945941 0.154664 -0.285087 -0.252183 -0.202014 -0.946358 0.203959 -0.967093 0.152089
-292.396114 -686.820572 36792.436054 170812.426307 0.719599 0.164380 -0.674653 -0.438356 -0.645972 -0.624951 0.538536 -0.745453 0.392783
-8.776676 -145.931673 2808.186062 14761.460764 0.262942 0.254247 -0.930709 0.957272 -0.189110 0.218787 -0.120381 -0.948470 -0.293109
-4.008685 -138.838414 2152.764474 10721.279468 0.143860 0.281481 -0.948722 0.978866 -0.181285 0.094645 -0.145348 -0.942287 -0.301611
-16.116402 -106.293570 2270.084203 -13399.081548 0.118437 0.257381 -0.959024 0.987761 -0.129255 0.087297 -0.101490 -0.957626 -0.269540
-41.671866 -53.807083 -1610.282660 1333.991997 -0.229865 0.955329 0.185765 -0.946397 -0.263926 0.186216 -0.226926 0.133003 -0.964787
-51.199032 -56.836872 -2332.603189 1253.712783 -0.585985 0.723964 0.364002 -0.767873 -0.639593 0.035935 -0.258829 0.258450 -0.930705
-44.987191 -56.526795 -2222.042281 -517.886669 -0.160963 0.957245 0.240359 0.983546 0.175817 -0.041543 -0.082026 0.229717 -0.969795
-38.600649 -57.387815 -992.406711 1743.834966 -0.181722 0.975655 0.122781 -0.976568 -0.193696 0.093793 -0.115291 0.102860 -0.987992
-38.466165 -57.312793 -1112.900273 -810.073757 -0.065375 0.989263 0.130710 0.997731 0.062687 0.024577 0.016119 0.132020 -0.991116
-49.197826 -56.154708 -2290.226601 -365.550686 -0.284675 0.916935 0.279626 0.956623 0.252891 0.144629 0.061900 0.308669 -0.949153
-41.292209 -57.506519 -1906.238557 -81.042741 -0.016956 0.980776 0.194398 0.992395 -0.007200 0.122883 0.121920 0.195003 -0.973195
2.908943 -14.275344 -1245.072380 2001.421367 -0.421266 -0.812182 0.403603 0.781963 -0.099838 0.615277 -0.459423 0.574798 0.677155
3.185105 -16.948465 -546.875865 2102.435643 -0.331762 -0.820261 0.465946 0.804030 0.012483 0.594458 -0.493427 0.571853 0.655373
-0.020190 -24.234602 -714.488165 2256.877884 -0.263917 -0.824758 0.500122 0.801215 0.101235 0.589752 -0.537032 0.556350 0.634091
-7.071350 -28.451814 -2423.445952 2251.553469 -0.304226 -0.820704 0.483623 0.784614 0.072022 0.615787 -0.540211 0.566796 0.622025
-1.194227 -17.158015 -1663.103089 1973.186770 -0.391004 -0.819060 0.419828 0.790294 -0.064975 0.609273 -0.471753 0.570016 0.672704
-5.475448 -70.466493 3578.570332 -1208.844582 0.646145 0.704344 -0.293932 0.360694 -0.621213 -0.695697 0.672604 -0.343502 0.655446
-10.076335 -78.066476 2207.684723 13703.622600 0.684865 0.618563 -0.385149 -0.225465 0.682515 0.695225 0.692911 -0.389298 0.606895
-0.139115 -113.591218 7217.969764 -14122.208942 0.653383 0.652609 -0.383656 0.217739 -0.647385 -0.730399 0.725038 -0.393693 0.565089
118.551527 -82.221230 43728.360899 -6862.899065 0.651729 0.687434 -0.320444 0.264937 -0.602222 -0.753085 0.710675 -0.405910 0.574612
24.759474 -79.395206 13030.230514 5957.186124 0.627360 0.727446 -0.277924 0.392905 -0.603825 -0.693557 0.672342 -0.325912 0.664633
12.494928 -168.835096 8801.066887 -32216.151788 0.665806 0.653808 -0.359498 0.129866 -0.576012 -0.807059 0.734737 -0.490658 0.468419
-7.361583 -192.717489 3306.298262 -32712.736506 0.691085 0.626522 -0.360378 0.036708 -0.528385 -0.848211 0.721841 -0.572957 0.388157
2.731331 -60.788412 -333.635815 1422.677726 -0.000278 0.978548 -0.206018 0.985635 0.035063 0.165210 0.168890 -0.203012 -0.964501
0.313131 -63.073731 -583.075102 450.273097 -0.017862 0.977585 -0.209780 0.998772 0.007750 -0.048929 -0.046207 -0.210396 -0.976524
0.459950 -59.631365 -452.969418 1291.049656 0.059572 0.976536 -0.206950 0.987426 -0.027237 0.155715 0.146424 -0.213624 -0.965880
11.530422 -42.043283 -1310.182206 -4171.253679 0.097720 0.978359 0.182385 -0.461849 0.206914 -0.862486 0.881559 -0.000048 -0.472074
17.859490 -44.258804 -544.135117 -8475.038087 0.073005 0.958274 0.276373 -0.407069 0.281610 -0.868902 0.910475 0.049069 -0.410643
14.192852 -55.248712 396.019520 -13290.592251 0.046508 0.988112 0.146534 -0.503346 0.149890 -0.850985 0.862833 0.034180 -0.504333
15.193207 -38.651353 -4104.739541 1886.368351 0.136002 0.945495 0.295875 -0.383251 0.325609 -0.864348 0.913577 -0.004159 -0.406645
11.957991 -52.466575 -357.673139 -10307.516383 0.056071 0.996573 0.060821 -0.532440 0.081378 -0.842547 0.844608 -0.014858 -0.535178
5.846735 -42.126679 -2006.039311 7175.075116 0.108364 0.985030 0.134066 -0.449132 0.168823 -0.877371 0.886870 -0.034862 -0.460702
8.277567 -45.513335 -1184.281433 -674.339957 0.079668 0.995839 0.044254 -0.498867 0.078267 -0.863137 0.863009 -0.046688 -0.503027
-8.277977 -89.113896 -642.037721 -1301.814323 -0.076313 0.995883 -0.048916 -0.883723 -0.044836 0.465857 -0.461746 -0.078780 -0.883507
-9.746671 -88.267489 -427.542584 -1264.386417 -0.082515 0.996590 -0.000596 -0.883939 -0.072912 0.461882 -0.460264 -0.038639 -0.886941
-9.579368 -88.747008 -597.370268 641.048696 -0.058119 0.996966 -0.051779 -0.962206 -0.042119 0.269045 -0.266048 -0.065459 -0.961735
-7.595480 -90.539969 -636.313856 856.785176 -0.045618 0.994654 -0.092643 -0.962265 -0.018849 0.271462 -0.268264 -0.101531 -0.957980
-14.072711 -80.617002 427.062948 -1538.081367 -0.156151 0.985885 0.060390 -0.389328 -0.005243 -0.921084 0.907767 0.167339 -0.384652
-14.165159 -84.396669 474.222951 -3135.383025 -0.160777 0.984615 0.068438 -0.541547 -0.030033 -0.840134 0.825153 0.172137 -0.538044
-12.280987 -80.472100 893.050576 -665.749094 -0.209639 0.973375 0.092696 -0.402515 0.000485 -0.915413 0.891085 0.229218 -0.391697
-15.062182 -84.897949 14.178523 -3269.837292 -0.103806 0.994055 0.032833 -0.541227 -0.028762 -0.840384 0.834444 0.105007 -0.540996
-12.116618 -77.398472 726.311662 865.982192 -0.201087 0.976062 0.082867 -0.250878 0.030458 -0.967539 0.946902 0.215349 -0.238748
-14.113352 -78.237636 240.996703 -166.576509 -0.145145 0.987650 0.058997 -0.229141 0.024452 -0.973086 0.962511 0.154757 -0.222762
-15.171412 -81.380198 -28.284139 -2169.124771 -0.096934 0.994789 0.031592 -0.381890 -0.007863 -0.924174 0.919110 0.101648 -0.380662
4.632393 -152.727080 -174.401438 -5585.467136 0.741453 0.619277 -0.258348 0.078865 0.301921 0.950065 -0.666354 0.724803 -0.175021
3.485678 -140.263715 488.775236 -5455.220130 0.740105 0.622713 -0.253916 0.092846 0.279341 0.955693 -0.666051 0.730888 -0.148925
3.635097 -133.862838 197.986967 -3344.745456 0.739166 0.618230 -0.267254 -0.059551 0.455236 0.888377 -0.670885 0.640743 -0.373311
5.020914 -141.865818 -1413.002076 -6926.759744 0.721797 0.629137 -0.288437 -0.080384 0.490139 0.867930 -0.687421 0.603283 -0.404354
4.744033 -164.654931 -1716.067094 -5320.671810 0.740479 0.622908 -0.252339 -0.028286 0.404013 0.914316 -0.671483 0.669895 -0.316783
3.334251 -168.856540 -1543.638090 -690.380644 0.741643 0.632958 -0.222103 0.182382 0.128359 0.974813 -0.645525 0.763471 0.020243
-19.520874 -106.262989 -1506.360907 -4902.822902 0.673175 0.726767 -0.136548 -0.271950 0.415020 0.868217 -0.687662 0.547328 -0.477026
-16.454115 -98.216709 -2085.533807 -4448.456918 0.647308 0.737263 -0.193483 -0.360909 0.520037 0.774148 -0.671369 0.431283 -0.602709
-12.982269 -112.624948 -2834.205938 -5088.546349 0.621132 0.759017 -0.195163 -0.184416 0.383589 0.904904 -0.761700 0.526073 -0.378234
-15.399181 -115.486048 -909.096668 -2391.543482 0.676472 0.723144 -0.139457 -0.083645 0.263575 0.961006 -0.731703 0.638428 -0.238789
-22.254235 -115.008677 -1780.434078 -3390.791864 0.682924 0.723978 -0.097312 -0.145925 0.265738 0.952937 -0.715765 0.636584 -0.287126
-25.059260 -101.811728 -1653.536526 -6562.904007 0.693667 0.715499 -0.082995 -0.358019 0.442469 0.822219 -0.625019 0.540632 -0.563088
31.332522 -123.456350 9369.835315 18027.171162 0.680974 0.699499 -0.216736 0.498692 -0.659692 -0.562239 0.536265 -0.274786 0.798068
624.165814 -98.564543 230938.685720 475.000905 0.847696 0.389691 -0.359933 -0.270414 0.901160 0.338802 0.456386 -0.189870 0.869288
18.233240 -135.848658 4779.150747 -13681.572347 0.687487 0.696130 -0.206796 -0.638872 0.715163 0.283521 0.345260 -0.062801 0.936403
19.662731 -128.527857 -502.245689 17181.400113 0.817571 0.526292 -0.233653 -0.555472 0.827759 -0.079156 -0.151750 -0.194503 -0.969093
17.929407 -129.871576 -4862.822069 9025.405989 -0.849895 -0.518630 0.093280 -0.513729 0.854890 0.072426 -0.117307 0.013634 -0.993002
22.472782 -122.313266 612.785477 4034.708761 -0.838202 -0.498345 0.221516 -0.490429 0.866450 0.093504 -0.238530 -0.030263 -0.970664
19.221878 -124.136591 3819.721764 6034.900793 -0.823161 -0.472738 0.314522 -0.478656 0.875704 0.063484 -0.305439 -0.098290 -0.947125
15.892097 -132.385038 -2680.473494 16344.290344 0.813249 0.492492 -0.309963 -0.549162 0.825719 -0.128874 -0.192473 -0.275027 -0.941973
18.747871 -134.525173 -2199.490419 10737.875011 0.802863 0.518209 -0.294740 -0.595094 0.726237 -0.344156 -0.035706 -0.451708 -0.891451
312.777971 -1744.177722 -161268.991908 -1056706.188273 0.254694 -0.502927 0.825951 -0.675091 0.519065 0.524236 -0.692375 -0.691112 -0.207318
255.054556 -1581.240048 -27533.734592 -87078.435343 -0.285242 0.798664 -0.529879 0.647901 0.568075 0.507460 -0.706301 0.198560 0.679494
7662.889630 -36778.970498 -558239.434186 17776580.771536 0.698071 -0.142877 0.701629 -0.128692 0.938897 0.319233 -0.704368 -0.313142 0.637030
-4.502665 -479.616582 -11646.946436 -133858.912266 0.018665 0.943154 -0.331832 0.897750 0.130284 0.420799 -0.440111 0.305756 0.844284
-200.118457 -1585.271886 38719.910011 -610938.091237 0.167096 0.979226 -0.114873 0.798413 -0.066034 0.598479 -0.578460 0.191719 0.792860
-17.288683 -39.995404 572.811845 1174.517435 0.488793 0.849475 0.198679 -0.765303 0.526848 -0.369786 0.418798 -0.028700 -0.907626
-19.127371 -43.291109 1779.396099 1346.172090 0.583201 0.782642 0.217594 -0.680505 0.616987 -0.395271 0.443608 -0.082448 -0.892420
-15.753381 -38.188971 1731.538508 1605.573907 0.494298 0.850501 0.179770 -0.804188 0.525917 -0.276935 0.330078 0.007680 -0.943922
-14.305265 -35.134560 -2.242362 1268.957428 0.381014 0.911114 0.157162 -0.873293 0.410467 -0.262443 0.303626 0.037254 -0.952063
-16.549718 -37.306770 -1288.160035 1045.846140 0.382609 0.907454 0.173600 -0.836632 0.420014 -0.351618 0.391992 0.010707 -0.919906
66.202914 -45.844434 35697.666411 2677.912505 0.157917 0.985561 -0.061084 0.896535 -0.169030 -0.409457 0.413870 -0.009896 0.910282
21.997584 -45.810159 12587.388250 3296.105378 0.137850 0.990252 -0.019947 0.897024 -0.133361 -0.421382 0.419935 -0.040195 0.906664
98.762768 -43.504980 43677.723864 -435.002693 0.216284 0.972378 -0.087766 0.847697 -0.231627 -0.477241 0.484388 -0.028821 0.874379
67.308744 -51.699023 32855.658401 2329.106127 0.175681 0.983335 -0.046786 0.931703 -0.181427 -0.314664 0.317908 -0.011690 0.948049
-292.945993 -4422.422812 2784.305892 -1054457.753019 0.801749 0.597449 -0.015904 -0.027952 0.064065 0.997554 -0.597007 0.799343 -0.068064
-152.105889 -13334.852653 127653.057831 -3303142.509554 0.749085 0.654235 0.104158 -0.130213 -0.008754 0.991447 -0.649551 0.756241 -0.078632
-145.310082 -949.946272 28262.554543 -216997.614849 0.774745 0.572922 -0.267452 0.284431 0.061976 0.956691 -0.564685 0.817263 0.114941
-77.128062 -4357.728679 -5930.976053 -1055989.945212 0.849364 0.512013 0.128153 0.038195 -0.301791 0.952609 -0.526423 0.804217 0.275887
0.466646 -136.618461 3879.451097 18319.663365 0.926241 0.370851 -0.067434 0.006979 -0.195746 -0.980630 0.376867 -0.907829 0.183897
5.083527 -132.787684 4204.314649 -684.142248 0.932736 0.359476 0.027945 0.092138 -0.162706 -0.982363 0.348589 -0.918860 0.184884
9.549747 -289.283769 2510.110284 65665.721486 0.904784 0.425298 0.022065 0.173974 -0.321831 -0.930676 0.388714 -0.845900 0.365178
-43.886801 -78.143322 -1426.903338 1769.463124 -0.316169 0.946818 -0.059766 0.945236 0.319769 0.065395 -0.081029 0.035817 0.996068
-53.775793 -75.989844 -1515.121593 1479.236226 0.134013 -0.980510 0.143672 0.983312 0.149571 0.103566 -0.123037 0.127395 0.984191
-54.820984 -79.590842 -1396.219046 1783.402754 -0.008358 -0.973202 0.229799 0.986132 0.030070 0.163215 -0.165752 0.227976 0.959455
-48.995528 -66.571786 167.330638 5532.960223 -0.293796 -0.901373 0.318135 0.940945 -0.331303 -0.069725 0.168248 0.278862 0.945478
-52.171608 -76.325256 397.720175 2818.425708 -0.178572 -0.944313 0.276380 0.982615 -0.156654 0.099636 -0.050791 0.289367 0.955870
-6.750354 -144.950597 33714.873006 7779.666435 0.551952 -0.324207 -0.768270 0.829682 0.121236 0.544912 -0.083522 -0.938185 0.335905
-97.000385 -154.241444 31496.472975 4414.099902 0.584640 -0.396849 -0.707606 0.783949 0.051811 0.618659 -0.208853 -0.916420 0.341400
10.466045 -54.181934 24586.875871 -83.847147 -0.118833 -0.715060 -0.688889 0.919282 -0.341429 0.195824 -0.375233 -0.610012 0.697915
-11.207767 -60.019896 21991.612479 1378.572594 -0.126566 -0.723650 -0.678463 0.960894 -0.259266 0.097281 -0.246300 -0.639619 0.728165
-39.590228 -64.085643 11361.573825 5119.374208 -0.531464 -0.530292 -0.660558 0.735877 -0.675269 -0.049961 -0.419560 -0.512642 0.749111
51.781107 -53.060471 22847.334856 1066.961415 -0.085202 -0.758436 -0.646155 0.963067 -0.228941 0.141734 -0.255428 -0.610214 0.749930
0.963236 -51.814929 19261.864627 -2214.120224 -0.229083 -0.673395 -0.702894 0.831005 -0.511327 0.219032 -0.506904 -0.533932 0.676731
64.196523 -46.284270 17659.845686 -2628.887546 -0.134331 -0.811145 -0.569209 0.903630 -0.336024 0.265594 -0.406704 -0.478677 0.778113
4.022747 -54.668832 612.357904 2075.842392 0.032622 0.979979 -0.196412 0.900590 -0.114046 -0.419441 0.433443 0.163204 0.886280
27.290123 -54.228294 5779.819765 2097.005003 0.107975 0.957637 -0.266968 -0.929639 0.192421 0.314238 -0.352297 -0.214254 -0.911034
33.926716 -57.591178 5580.361347 535.539999 0.128611 0.943660 -0.304902 0.983635 -0.160506 -0.081851 -0.126179 -0.289386 -0.948860
17.792079 -62.122746 3731.629209 1504.819538 0.134062 0.955608 -0.262374 0.990746 -0.134909 0.014872 -0.021185 -0.261940 -0.964852
3.672746 -90.427727 759.597238 -5386.948507 -0.028481 0.999541 0.010289 0.655389 0.026444 -0.754828 0.754754 0.014755 0.655842
5.947678 -91.598805 851.405085 -2084.290549 -0.005156 0.999635 -0.026507 0.458036 -0.021202 -0.888681 0.888919 0.016723 0.457759
4.275609 -84.739538 957.486084 -3848.152640 0.004106 0.999926 -0.011425 0.625420 -0.011483 -0.780204 0.780277 0.003942 0.625421
2.397970 -75.292219 595.694760 -2367.413729 -0.027254 0.998575 0.045885 0.773713 0.050137 -0.631549 0.632950 -0.018290 0.773977
5.488429 -77.877523 271.185450 -3045.895462 0.048476 0.998407 -0.028876 0.604095 -0.052329 -0.795192 0.795436 -0.021104 0.605670
3.144154 -71.846857 397.077269 -768.336416 0.003183 0.999279 0.037825 0.748879 0.022685 -0.662318 0.662699 -0.030435 0.748267
-0.540328 -181.241288 -1383.489559 48.455922 0.229830 0.899544 -0.371483 -0.854318 0.003639 -0.519739 0.466176 -0.436816 -0.769332
0.478402 -151.003609 -500.471267 -412.913326 0.184895 0.912467 -0.364989 0.942638 -0.059629 0.328448 0.277934 -0.404781 -0.871151
0.007432 -121.137186 5.882311 1661.361589 0.168699 0.917814 -0.359385 0.941051 -0.041518 0.335708 0.293196 -0.394834 -0.870714
-2.294470 -12.041338 4813.996343 -1699.021648 -0.905970 0.351945 -0.235274 0.275420 0.912062 0.303788 0.321501 0.210423 -0.923233
10.286609 -37.227478 -2218.040904 1808.283837 -0.041553 0.999016 -0.015507 0.969251 0.044073 0.242094 -0.242539 0.004970 0.970129
0.577910 -63.294940 -81.064648 -1503.788310 -0.009170 0.962747 -0.270247 -0.949911 -0.092815 -0.298419 0.312385 -0.253974 -0.915376
1.327009 -66.140345 -238.436964 1361.571951 -0.029339 0.960568 -0.276493 0.990906 0.064290 0.118206 0.131321 -0.270510 -0.953718
1.077072 -64.954101 -39.431167 1127.055689 -0.035318 0.961085 -0.273985 0.992767 0.065217 0.100799 0.114745 -0.268443 -0.956437
-10.645589 -104.940753 -92.809761 2562.019625 0.004742 0.971359 -0.237569 0.997073 -0.022723 -0.073003 -0.076310 -0.236528 -0.968623
-12.474880 -112.550630 -222.965942 -1154.080481 -0.027249 0.970024 -0.241477 -0.958162 0.043509 0.282900 -0.284926 -0.239083 -0.928255
-11.058198 -104.674940 1780.586643 508.948358 0.039227 0.980972 -0.190147 0.988323 -0.066130 -0.137274 -0.147236 -0.182542 -0.972111
6.786840 -76.167197 1078.517470 -5852.595089 0.979235 0.150689 0.135612 0.105612 -0.950192 0.293226 -0.173044 0.272815 0.946376
-8.278284 -61.835944 1554.049901 -3155.114970 0.977263 0.177200 0.116438 0.106244 -0.884476 0.454328 -0.183493 0.431627 0.883192
2.208319 -75.614744 3962.863713 -6846.276094 0.953077 0.302043 0.020351 0.281400 -0.908712 0.308312 -0.111617 0.288118 0.951068
21.544228 -83.379086 2966.506095 4524.326796 0.945898 0.317580 0.066489 -0.313582 0.947399 -0.064048 -0.083332 0.039733 0.995729
21.195478 -84.503271 2958.498152 5865.260964 0.982263 0.118069 0.145669 -0.100825 0.987570 -0.120582 -0.158095 0.103756 0.981958
11.521196 -83.879847 1078.539355 -5338.870170 0.979057 -0.018935 0.202705 -0.068642 -0.968067 0.241111 -0.191666 0.249975 0.949092
73.249666 -3862.339617 20612.519921 1160147.533670 0.438404 -0.811548 0.386254 0.895306 0.356591 -0.266964 0.078919 0.462853 0.882915
-55.502333 -520.002398 728.114025 141967.029214 0.316396 -0.796477 0.515285 0.948094 0.283718 -0.143606 -0.031817 0.533975 0.844902
18.909927 -1226.845471 4485.546358 399000.227171 0.545027 -0.611910 0.573159 0.536933 0.779786 0.321928 -0.643932 0.132288 0.753559
-19.175441 -42.783063 1051.942462 -1526.902908 0.282483 0.935168 0.213691 -0.664493 0.351422 -0.659509 0.691847 -0.044304 -0.720684
-378.530400 -593.233279 10430.841526 -133542.485972 0.702177 0.052586 -0.710058 0.706364 0.073811 0.703990 0.089430 -0.995885 0.014683
-265.168942 -949.004797 30776.400225 -257719.895140 0.556883 0.162791 -0.814482 0.683069 0.468130 0.560598 0.472544 -0.868535 0.149497
-106.827492 -664.873504 -11655.495955 170341.785750 0.955722 0.041223 -0.291370 -0.289222 -0.051068 -0.955899 0.054285 -0.997844 0.036884
-34.542886 -1994.622758 -18461.783254 739167.261057 0.988760 0.027896 -0.146887 -0.147489 0.020868 -0.988844 0.024520 -0.999393 -0.024748
-11.117362 -314.153325 7061.197094 -80300.809862 -0.179705 0.288649 -0.940419 0.980911 -0.019613 -0.193463 -0.074288 -0.957234 -0.279615
1.589695 -164.119837 5570.165269 -21900.324928 -0.036008 0.286206 -0.957491 0.986698 -0.141801 -0.079492 -0.158525 -0.947617 -0.277293
6.841191 -182.173282 2171.933979 31620.828658 0.106395 0.329797 -0.938037 0.951733 -0.306926 0.000039 -0.287896 -0.892766 -0.346534
-50.706432 -56.356019 -2216.424509 -974.708784 -0.584470 0.661424 0.470013 0.704199 0.701249 -0.111145 -0.403110 0.266022 -0.875634
-52.672134 -60.222262 -297.987645 -1454.467404 0.835654 -0.268402 -0.479211 0.439801 0.849622 0.291064 -0.329026 0.453986 -0.828033
-52.014644 -58.131820 845.699214 -1963.891671 0.854869 -0.368577 -0.365170 0.473131 0.842643 0.257101 -0.212946 0.392561 -0.894734
6.069314 -11.728734 -1195.820666 639.813685 -0.484798 -0.807774 0.335367 0.735670 -0.169227 0.655860 -0.473033 0.564679 0.676296
3.650365 -15.006935 -351.489824 2174.452320 -0.259827 -0.820296 0.509514 0.816606 0.094972 0.569329 -0.515408 0.563999 0.645182
5.611654 -12.795147 -1988.032383 1355.162266 -0.468859 -0.801918 0.370268 0.759230 -0.151672 0.632902 -0.451377 0.577860 0.679953
-11.303463 -86.508880 908.334451 8739.932910 0.702642 0.638333 -0.314365 -0.288979 0.659733 0.693717 0.650220 -0.396590 0.648021
3.461649 -64.390530 -681.384910 780.622308 -0.052184 0.976397 -0.209584 0.998604 0.052738 -0.002949 0.008173 -0.209446 -0.977786
2.318110 -63.464541 -898.558139 -709.500671 -0.065447 0.975236 -0.211260 0.974438 0.016864 -0.224023 -0.214913 -0.220522 -0.951411
-1.017357 -61.327459 -798.944414 808.580931 -0.041242 0.975807 -0.214709 -0.962654 0.018742 0.270085 -0.267575 -0.217830 -0.938591
25.179991 -39.858843 -3091.641735 -2980.824319 0.112258 0.926959 0.357974 -0.302096 0.375036 -0.876405 0.946645 0.009759 -0.322132
-8.150477 -96.254100 -510.730304 -4574.464942 -0.097888 0.995186 0.004814 -0.757336 -0.077629 0.648395 -0.645647 -0.059824 -0.761289
-8.847519 -96.276527 -251.753345 -4640.103794 -0.095531 0.994222 0.048957 -0.756885 -0.104494 0.645140 -0.646528 -0.024576 -0.762494
-9.985236 -87.698531 -17.557146 -1661.463126 -0.081396 0.995504 0.048446 -0.885158 -0.094545 0.455585 -0.458116 0.005799 -0.888873
-12.223746 -84.284797 714.810322 -3549.633247 -0.204757 0.973852 0.098426 -0.537626 -0.027866 -0.842723 0.817944 0.225470 -0.529273
-14.006436 -89.429212 364.652013 -3593.632076 -0.154460 0.985311 0.072836 -0.690851 -0.055009 -0.720902 0.706305 0.161669 -0.689199
-14.807767 -89.244576 118.968363 -2307.815803 -0.104623 0.993747 0.039008 -0.703021 -0.046158 -0.709669 0.703431 0.101671 -0.703454
3.296053 -135.336947 1275.750266 -2408.927895 0.727149 0.629961 -0.272771 -0.014004 0.410877 0.911583 -0.686337 0.659037 -0.307591
-8.077880 -112.829015 -2182.097245 -7229.151821 0.635566 0.733292 -0.241532 -0.296694 0.520809 0.800457 -0.712761 0.437082 -0.548572
691.051564 -163.844814 208864.641463 6436.324354 0.870426 0.372154 -0.322274 -0.196132 0.862580 0.466357 0.451543 -0.342721 0.823803
344.835845 -169.822255 93522.973793 25057.250664 0.938339 0.251191 -0.237535 -0.222776 0.964740 0.140168 0.264368 -0.078608 0.961213
786.650971 -162.135750 232800.129020 -7949.397211 0.776613 0.532232 -0.337047 -0.267194 0.762789 0.588863 0.570508 -0.367262 0.734602
13.413031 -116.969671 -6283.023692 11726.685116 -0.827472 -0.559523 0.047168 -0.556132 0.828249 0.068701 -0.077507 0.030617 -0.996522
9.451005 -132.476015 -4424.539531 -8816.255123 -0.857397 -0.510115 0.068208 -0.486161 0.846270 0.217886 -0.168869 0.153655 -0.973588
-21.423135 -45.846374 -876.005431 -2685.560913 0.958164 0.243197 0.150921 -0.286027 0.832978 0.473641 0.010526 0.496994 -0.867690
-24.455185 -42.752865 433.634478 -2992.218822 0.885135 0.349303 0.307448 -0.455398 0.786047 0.418022 0.095652 0.510017 -0.854829
-25.831208 -38.295837 -712.368402 -997.738805 0.992071 0.064530 0.107851 -0.103962 0.903546 0.415687 0.070624 0.423603 -0.903090
-17.634976 -58.451536 -184.696507 -4943.703501 0.922761 0.324891 0.207263 -0.384223 0.734101 0.559882 -0.029748 0.596272 -0.802231
-98.250632 -4995.929954 58525.074971 -1901557.322877 0.207206 0.800052 -0.563011 0.422521 0.445873 0.789097 -0.882350 0.401390 0.245651
-121.065280 -3184.344303 4046.225723 -1096888.401054 0.367592 0.869311 -0.330416 0.878098 -0.441455 -0.184555 0.306300 0.222297 0.925616
-153.897041 -9422.805821 18171.302829 -3354483.397872 0.415666 0.794299 -0.443070 0.733460 -0.580808 -0.353128 0.537828 0.178191 0.824008
-16.736451 -39.175934 -312.248497 -495.252300 -0.329583 0.914381 -0.235122 -0.813470 -0.401429 -0.420858 0.479209 -0.052557 -0.876126
-12.899643 -35.800406 -495.947502 -1519.834224 -0.492949 0.809562 -0.318764 -0.649888 -0.586200 -0.483752 0.578486 0.031304 -0.815091
-13.564232 -34.421419 -158.810130 415.901262 -0.431152 0.841056 -0.326701 -0.738036 -0.537032 -0.408533 0.519048 -0.064978 -0.852272
-18.999712 -41.805169 1756.949345 1839.662563 0.594306 0.784235 0.178256 -0.724459 0.618281 -0.304775 0.349228 -0.051990 -0.935595
58.442117 -43.508853 29157.881148 1479.599864 0.249230 0.963486 -0.097874 0.825259 -0.264180 -0.499156 0.506786 -0.043633 0.860967
-0.967745 -44.793308 2696.039436 2707.133477 0.159602 0.986905 -0.023364 0.875049 -0.152388 -0.459420 0.456965 -0.052880 0.887912
-101.228375 -1236.254309 871.251539 554546.316321 0.719674 0.424931 -0.549093 0.378750 0.422544 0.823410 -0.581909 0.800556 -0.143151
-213.446427 -1094.714882 65068.877432 -368313.487520 0.826114 0.562802 0.028090 -0.057016 0.033891 0.997798 -0.560610 0.825897 -0.060087
-15.251908 -68.908210 10042.775242 -4694.074592 0.194439 -0.970193 -0.144633 0.977870 0.180108 0.106450 -0.077228 -0.162130 0.983743
-10.886979 -79.853660 -8303.451964 7767.372298 -0.165954 0.975743 0.142777 0.972516 0.185916 -0.140172 0.163316 -0.115591 0.979779
52.437566 -76.902982 1509.826499 1623.485151 0.391889 -0.745644 -0.538922 0.865391 0.497592 -0.059172 0.312285 -0.443190 0.840275
67.643722 -101.360034 -1445.472262 13687.981285 0.423603 -0.756843 -0.497745 0.885300 0.462267 0.050533 0.191845 -0.462059 0.865850
64.936767 -85.729231 -4259.753203 405.313298 0.403320 -0.836244 -0.371522 0.894482 0.445911 -0.032644 0.192964 -0.319154 0.927850
-49.170547 -66.433188 9564.981644 5273.469982 -0.522199 -0.633990 -0.570407 0.817676 -0.562241 -0.123656 -0.242310 -0.530981 0.812001
-34.179570 -60.605112 18385.275704 628.306129 -0.094801 -0.770762 -0.630030 0.992054 -0.125733 0.004544 -0.082718 -0.624593 0.776557
31.000516 -55.198249 20721.651257 687.924475 -0.060039 -0.750342 -0.658318 0.987519 -0.140853 0.070479 -0.145609 -0.645870 0.749433
-4.240229 -48.716664 -1835.842334 87.793369 -0.064533 0.992115 -0.107437 0.819485 -0.008750 -0.573033 0.569455 0.125023 0.812459
-1.748248 -49.166471 1477.405892 3896.289261 0.025185 0.970717 -0.238904 -0.775402 0.169804 0.608209 -0.630965 -0.169929 -0.756972
-7.132049 -46.441513 -355.770797 2813.323224 -0.040095 0.968394 -0.246182 -0.708526 0.146171 0.690380 -0.704545 -0.202107 -0.680272
-5.674676 -50.346173 -873.389493 2875.255977 -0.063204 0.959935 -0.273002 -0.736468 0.139746 0.661881 -0.673514 -0.242891 -0.698128
-1.072512 -140.121507 -1109.861580 -849.901217 0.293777 0.903382 -0.312405 -0.563101 -0.100538 -0.820250 0.772407 -0.416886 -0.479159
-3.777726 -128.655281 -65.461100 189.027487 0.272779 0.918354 -0.286736 -0.437395 -0.147077 -0.887161 0.856900 -0.367415 -0.361564
-4.881564 -123.230445 368.976134 2705.603151 0.243315 0.926430 -0.287271 -0.457903 -0.151377 -0.876019 0.855057 -0.344691 -0.387383
10.073457 -18.307055 3521.038322 -2646.346969 -0.919650 0.246887 -0.305435 0.140739 0.933225 0.330581 0.366656 0.261033 -0.892987
7.359650 -14.889751 4484.386196 -2232.417052 -0.915182 0.309175 -0.258559 0.216822 0.918455 0.330800 0.339750 0.246681 -0.907590
16.799339 -11.743871 5347.465068 -1378.951663 -0.933118 0.153443 -0.325187 0.065517 0.961791 0.265830 0.353552 0.226746 -0.907517
0.714478 -18.804236 3520.732372 -2839.109028 -0.874209 0.438995 -0.207467 0.341927 0.859964 0.378876 0.344739 0.260278 -0.901893
23.271950 -11.009107 4291.665501 -1113.928931 -0.917535 0.079998 -0.389525 -0.017773 0.970327 0.241144 0.397257 0.228181 -0.888887
17.207172 -16.488790 2937.549916 -2955.207902 -0.912800 0.103332 -0.395118 -0.005153 0.964472 0.264135 0.408374 0.243138 -0.879838
9.562728 -24.354279 2323.990721 -3698.872808 -0.909424 0.252631 -0.330342 0.125072 0.923712 0.362094 0.396618 0.287981 -0.871643
-0.428990 -30.973521 1408.535533 -3478.693688 -0.883482 0.384940 -0.266985 0.236034 0.858060 0.456093 0.404658 0.339932 -0.848939
-4.092156 -25.775421 2904.368518 -2974.003727 -0.855181 0.483103 -0.187822 0.364307 0.817974 0.445195 0.368709 0.312297 -0.875514
2.914993 -21.494597 -2603.524080 1927.633103 0.232536 -0.957165 0.172518 0.966399 0.247371 0.069864 -0.109547 0.150475 0.982526
1.074702 -55.151962 782.841501 -475.182200 0.045346 0.975126 -0.216961 -0.793409 -0.096811 -0.600940 0.606997 -0.199389 -0.769285
3.974280 -51.293480 1090.768594 -70.668672 0.093071 0.979202 -0.180282 -0.687589 -0.067747 -0.722933 0.720111 -0.191244 -0.666983
6.582260 -48.302697 1093.858265 -160.171548 0.111460 0.975944 -0.187377 -0.696172 -0.057872 -0.715539 0.709169 -0.210200 -0.672974
-3.758280 -108.383829 -2897.591477 5912.416096 -0.075486 0.954215 -0.289441 0.989481 0.035758 -0.140170 -0.123403 -0.296977 -0.946877
-7.422404 -123.158235 -2781.509003 -927.903422 -0.086865 0.954007 -0.286922 -0.913774 0.038424 0.404401 -0.396826 -0.297310 -0.868410
-12.612452 -113.245908 -187.889814 -1117.738395 -0.058839 0.970039 -0.235718 -0.869693 0.066109 0.489146 -0.490074 -0.233783 -0.839746
-12.811883 -240.829176 -1137.217676 19346.955749 0.884496 -0.170579 0.434247 0.303181 -0.497298 -0.812881 -0.354610 -0.850645 0.388142
-15.359637 -196.878794 -1280.599945 -6634.335748 0.874641 -0.153340 0.459881 0.200300 -0.749578 -0.630882 -0.441456 -0.643909 0.624898
-7.807206 -194.089698 -3316.235697 6984.565074 0.841848 -0.170676 0.512016 0.338169 -0.572561 -0.746870 -0.420634 -0.801900 0.424292
-12.277845 -237.326149 1238.136326 28817.138423 0.920312 -0.117580 0.373097 0.324027 -0.305219 -0.895460 -0.219164 -0.944995 0.242798
-12.922774 -218.705839 529.517582 3388.635763 0.916959 -0.120999 0.380192 0.215521 -0.651703 -0.727210 -0.335764 -0.748761 0.571507
-8.518026 -263.868021 -992.902288 49057.933783 0.884833 -0.140540 0.444207 0.436642 -0.082453 -0.895849 -0.162528 -0.986636 0.011592
-3.802037 -62.865014 488.231379 -5550.385627 0.921204 0.388235 0.025624 0.350006 -0.855658 0.381242 -0.169936 0.342234 0.924120
-7.344341 -58.665774 -1641.065310 -4814.133565 0.909021 0.413111 0.054954 0.337254 -0.806665 0.485336 -0.244828 0.422647 0.872599
-12.637858 -52.074936 -1716.239234 514.058739 0.956123 0.236277 0.173211 0.101712 -0.822172 0.560078 -0.274743 0.517886 0.810130
-14.436866 -64.243765 2364.379370 3923.881634 0.961658 -0.070657 0.264992 -0.205113 -0.826695 0.523931 -0.182048 0.558196 0.809491
0.653052 -538.367936 -7271.104839 116017.778201 0.636740 -0.561842 0.528105 0.757702 0.582926 -0.293402 -0.143001 0.586968 0.796881
42.759708 -1523.175163 2026.054639 279924.979522 0.672511 -0.529443 0.517125 0.629273 0.776843 -0.023009 -0.389543 0.340887 0.855600
-8.642871 -26.573160 1094.056902 -2297.297523 0.217404 0.976069 -0.004983 0.769619 -0.168276 0.615930 -0.600352 0.137741 0.787785
-14.457392 -42.002162 -306.337269 1326.894531 0.425253 0.849341 0.312698 -0.743949 0.524789 -0.413685 0.515461 0.056711 -0.855035
-26.140200 -36.682687 -1020.876114 -413.018219 -0.202598 0.900762 -0.384163 -0.524289 -0.431111 -0.734346 0.827088 -0.052635 -0.559602
-23.451104 -36.830312 -1188.250909 -577.015524 -0.132053 0.928123 -0.348066 -0.445804 -0.369233 -0.815430 0.885336 -0.047490 -0.462519
-24.991222 -39.206273 -1391.100834 -653.695351 -0.221055 0.829155 -0.513455 -0.532339 -0.543716 -0.648836 0.817159 -0.129904 -0.561583
-24.571743 -37.939939 114.480025 612.543866 -0.399019 0.700523 -0.591652 0.540682 0.700886 0.465212 0.740572 -0.134267 -0.658427
-24.337131 -41.059839 -700.034553 818.334540 -0.369845 0.678541 -0.634663 0.582193 0.701610 0.410847 0.724062 -0.217546 -0.654529
-23.585422 -42.027392 -935.677226 -860.413853 -0.238821 0.761085 -0.603087 -0.552980 -0.617114 -0.559806 0.798234 -0.199802 -0.568245
-19.738543 -245.965987 1200.311956 -67035.718664 0.081807 0.244799 -0.966116 0.995284 -0.070774 0.066344 -0.052135 -0.966987 -0.249434
-37.642575 -55.796591 -37.701996 1623.903558 -0.157721 0.986926 0.033176 -0.973522 -0.161033 0.162242 -0.165463 0.006708 -0.986193
-37.169553 -60.751751 -611.247182 -957.298862 -0.091879 0.995743 0.007328 0.995751 0.091829 0.006874 0.006172 0.007928 -0.999950
