19411
38813
-34.652074 -59.107001 65.324173 7214.179907 -0.449257 -0.888020 0.097927 0.891035 -0.437390 0.121436 -0.065005 0.141812 0.987757
-40.631228 -70.296749 551.568376 6046.550070 -0.416944 -0.899376 0.131455 0.889851 -0.374422 0.260715 -0.185262 0.225679 0.956424
-42.714064 -75.574277 -1219.829969 10382.971625 -0.071175 -0.985284 0.155400 0.984277 -0.044128 0.171029 -0.161655 0.165130 0.972934
-34.080063 -60.824917 952.897415 5959.406605 -0.597121 -0.789567 0.141527 0.797380 -0.565044 0.211920 -0.087356 0.239393 0.966985
-32.214633 -57.609828 146.779112 10418.930302 -0.190022 -0.978785 0.076630 0.981586 -0.187854 0.034643 -0.019512 0.081802 0.996458
-28.114541 -42.152391 636.142692 5738.298932 -0.530038 -0.845398 0.066043 0.847138 -0.531364 -0.002998 0.037627 0.054358 0.997812
-28.779518 -49.363382 -988.002104 4724.767361 0.709682 0.697081 -0.102126 0.704514 -0.701477 0.107658 -0.003407 0.148352 0.988929
60.923769 -73.053265 -14769.702390 -4307.906809 0.573059 0.818857 0.032821 0.171804 -0.080881 -0.981805 0.801303 -0.568271 0.187032
58.866400 -63.773225 -12435.337696 -5838.001567 0.541955 0.838611 0.054925 0.325742 -0.149367 -0.933585 0.774711 -0.523852 0.354121
77.105512 -74.751356 -5444.569806 -6585.186939 0.401019 0.915412 0.034701 0.233855 -0.065674 -0.970051 0.885718 -0.397124 0.240410
79.617186 -85.779063 -11942.584412 -5316.489698 0.473725 0.880648 -0.006528 0.034801 -0.026126 -0.999053 0.879985 -0.473049 0.043024
57.305030 -81.931215 -19806.542814 -4759.814086 0.626426 0.779225 -0.019974 0.016503 -0.038877 -0.999108 0.779306 -0.625537 0.037214
34.007631 -72.934341 -16709.025494 -3326.286144 0.651231 0.758760 0.013493 0.130758 -0.094678 -0.986883 0.747530 -0.644453 0.160871
-64.343413 -157.763478 48681.528163 48826.247764 -0.244203 0.967385 -0.067313 0.718900 0.134016 -0.682072 0.650805 0.214955 0.728181
-30.671066 -111.472490 21081.268789 -28900.419291 0.148950 0.970621 -0.188966 0.911225 -0.208945 -0.354981 0.384036 0.119315 0.915576
-32.160793 -217.623872 29281.208112 -75486.518948 0.201548 0.957551 -0.206092 0.938977 -0.248769 -0.237563 0.278748 0.145635 0.949258
-70.230021 -221.004059 37954.994410 80141.925374 -0.208472 0.977996 -0.007978 0.722426 0.148485 -0.675317 0.659273 0.146549 0.737484
-77.916090 -566.861259 13696.251790 320864.298705 -0.088615 0.981321 0.170751 0.332513 0.190735 -0.923610 0.938926 0.025069 0.343204
-16.060068 -79.599584 2126.082945 15547.669694 0.362633 0.913695 -0.183465 0.649644 -0.388991 -0.653183 0.668176 -0.117679 0.734637
-0.083000 -8.774420 -1298.220722 -1670.560989 0.479782 -0.292223 0.827294 0.561172 0.827029 -0.033317 -0.674460 0.480239 0.560780
6.715969 -13.644915 -3221.767411 -1673.152267 0.446995 -0.331395 0.830887 0.601969 0.798501 -0.005366 -0.661686 0.502567 0.556416
6.376354 -11.759663 -4777.328940 -1462.493711 0.249360 -0.557625 0.791754 0.683553 0.680492 0.263981 -0.685984 0.475380 0.550854
1.490082 -20.017507 -959.986370 -495.989934 -0.564092 0.814407 -0.136169 0.692532 0.556439 0.459104 -0.449667 -0.164675 0.877885
3.436841 -22.919622 377.977841 -1310.889666 -0.554327 0.820734 -0.138264 0.710264 0.553075 0.435469 -0.433875 -0.143188 0.889522
5.861680 -20.646749 2325.675515 -991.654566 -0.431797 0.898925 -0.074064 0.787402 0.415728 0.455157 -0.439942 -0.138217 0.887326
-0.961120 -22.409102 1634.354816 -513.344459 0.698917 -0.677916 0.227914 0.548006 0.712378 0.438414 -0.459569 -0.181517 0.869395
30.540541 -80.504634 -10817.460269 -16286.094910 0.700600 -0.699956 0.138642 -0.128684 0.067171 0.989408 0.701855 0.711020 0.043013
36.823849 -104.604805 -11765.899021 -15688.617859 0.698182 -0.691624 0.184930 -0.281139 -0.027308 0.959279 0.658410 0.721742 0.213508
18.012584 -93.471494 -5844.125861 -17027.161171 0.687084 -0.686749 0.237259 -0.274860 0.056604 0.959817 0.672583 0.724688 0.149868
8.393826 -51.856042 6366.613242 9936.456340 -0.701629 0.688334 -0.184155 0.079235 -0.181475 -0.980198 0.708124 0.702327 -0.072788
32.293549 -57.066088 12504.934111 11110.226642 -0.682711 0.729389 -0.043570 -0.024294 -0.082255 -0.996315 0.730285 0.679137 -0.073876
38.091152 -43.586376 -5777.969985 1553.059881 -0.385433 0.906551 0.172066 -0.040281 0.169765 -0.984661 0.921856 0.386452 0.028916
37.664470 -46.700383 -6249.490613 918.937759 -0.402043 0.904747 0.140691 0.069191 0.183238 -0.980631 0.913003 0.384521 0.136270
38.871593 -40.877375 1204.532706 1453.186126 -0.500502 0.851943 0.153920 -0.014607 0.169455 -0.985430 0.865612 0.495458 0.072368
38.983222 -37.944384 -337.344426 2360.140146 -0.462696 0.861803 0.207866 -0.120231 0.171306 -0.977854 0.878326 0.477441 -0.024353
38.360840 -41.105567 -4937.916452 2280.463598 -0.357648 0.914140 0.190882 -0.131491 0.153070 -0.979428 0.924553 0.375390 -0.065456
-1.372619 -66.674372 -567.994827 -1404.750353 0.504627 0.824059 -0.257445 -0.589805 0.111299 -0.799839 0.630461 -0.555463 -0.542199
-2.748196 -68.009820 121.186683 69.389212 0.481801 0.832592 -0.273238 -0.621566 0.104920 -0.776304 0.617676 -0.543859 -0.568061
-4.179910 -64.210010 -421.331418 560.900420 0.490366 0.826011 -0.277935 -0.524431 0.024959 -0.851087 0.696070 -0.563102 -0.445425
-1.318321 -69.649691 88.529736 -2435.491636 0.486074 0.831826 -0.267950 -0.667201 0.155200 -0.728530 0.564424 -0.532896 -0.630434
-2.666543 -62.541036 -721.293684 -316.745359 0.500664 0.822276 -0.270550 -0.491497 0.012750 -0.870786 0.712577 -0.568946 -0.410530
-0.278599 -64.513582 -1821.096007 -3331.741511 0.519523 0.814208 -0.259155 -0.545236 0.082373 -0.834226 0.657886 -0.574700 -0.486729
1.068358 -71.710500 -153.192457 -2497.845976 0.492292 0.830348 -0.261096 -0.676700 0.176433 -0.714807 0.547473 -0.528578 -0.648752
3.068663 -69.511872 -1705.756694 -5409.468435 0.524952 0.814972 -0.245451 -0.610776 0.159860 -0.775498 0.592771 -0.557015 -0.581684
-15.112264 -67.785911 404.190519 7482.341315 0.148571 -0.963210 -0.223951 0.988112 0.153646 -0.005307 0.039521 -0.220500 0.974586
-15.692338 -75.647560 -3450.340203 10659.059022 0.240534 -0.949595 -0.201029 0.970623 0.234069 0.055701 -0.005839 -0.208521 0.978000
-11.293632 -60.298644 -2734.261489 928.984884 0.077941 -0.973632 -0.214396 0.988452 0.103499 -0.110679 0.129950 -0.203293 0.970456
-9.516486 -62.371416 676.103521 -3168.296520 -0.002881 -0.975618 -0.219455 0.992511 0.024010 -0.119769 0.122118 -0.218157 0.968243
-1.393616 -59.169486 1395.188597 -8724.086739 0.275742 0.958761 -0.068880 0.906136 -0.283181 -0.314209 0.320756 -0.024226 0.946852
-6.266893 -64.207890 1893.477049 -9134.742125 0.213939 0.976193 -0.035751 0.925169 -0.214231 -0.313317 0.313516 -0.033955 0.948976
-1.619258 -68.052629 1205.693362 -6252.465238 0.279326 0.958472 -0.057519 0.846094 -0.274014 -0.457211 0.453985 -0.079044 0.887496
55.101487 -44.161789 19545.736220 2237.838981 0.187051 0.915047 -0.357353 0.711318 0.124730 0.691714 -0.677524 0.383578 0.627559
30.880884 -39.779976 13916.090324 -3423.854622 0.210698 0.906675 -0.365441 0.653515 0.147373 0.742428 -0.726996 0.395250 0.561475
24.035702 -36.765120 10790.051472 4422.804817 0.132208 0.890660 -0.435023 0.740243 0.203159 0.640911 -0.659213 0.406756 0.632446
-1.379724 -67.891747 591.870072 -4405.924820 0.129437 0.968071 -0.214674 -0.199994 0.237533 0.950569 -0.971210 0.080105 -0.224354
-1.422725 -77.535951 -632.631838 -3800.022301 0.122658 0.973150 -0.194766 -0.048290 0.201867 0.978222 -0.991274 0.110581 -0.071754
-0.780130 -75.616646 761.996863 -3575.648247 0.132092 0.973567 -0.186332 -0.040202 0.193087 0.980358 -0.990422 0.122006 -0.064645
-12.522310 -109.704281 88.674094 7931.708462 0.431837 0.192531 0.881163 0.733825 -0.643027 -0.219130 0.524422 0.741248 -0.418966
-10.404964 -115.906700 -959.102800 9241.023048 0.459254 0.187133 0.868370 0.800123 -0.511776 -0.312873 0.385862 0.838491 -0.384765
-11.113202 -122.545473 276.819104 7539.532681 0.423267 0.170035 0.889906 0.786189 -0.557096 -0.267491 0.450280 0.812854 -0.369480
-9.583742 -111.864456 -713.650788 6998.988705 0.461198 0.201253 0.864172 0.761274 -0.590062 -0.268866 0.455805 0.781872 -0.425344
-12.779134 -108.350813 331.015898 6328.197324 0.411315 0.190748 0.891311 0.654041 -0.742849 -0.142846 0.634862 0.641709 -0.430302
-12.008164 -101.954415 284.062124 5883.037600 0.428315 0.206228 0.879782 0.653363 -0.743250 -0.143861 0.624230 0.636435 -0.453087
-7.698861 -94.367957 3938.588366 7126.717280 -0.033543 -0.916371 -0.398922 0.980889 0.046357 -0.188964 0.191654 -0.397636 0.897304
-5.808258 -85.903601 -1180.512407 16706.889598 0.067936 0.927996 0.366343 0.917966 0.085689 -0.387294 0.390799 -0.362602 0.846047
-7.399854 -90.263376 -3503.315434 13568.385988 -0.013623 -0.945866 -0.324271 0.968315 0.068397 -0.240185 0.249362 -0.317268 0.914964
-5.722214 -107.129788 -442.072070 2260.811677 -0.024390 -0.939494 -0.341696 0.999303 -0.013252 -0.034894 0.028254 -0.342309 0.939163
-6.258949 -107.172029 3698.545480 2228.109452 -0.018199 -0.913188 -0.407132 0.999536 -0.006663 -0.029734 0.024440 -0.407484 0.912885
-5.221308 -105.964351 -2865.599869 -4719.957428 -0.364513 -0.159340 -0.917465 -0.642698 0.756011 0.124047 0.673847 0.634869 -0.377983
-5.007202 -118.666592 3764.864168 4688.701551 0.376335 0.132318 0.916986 0.779256 -0.580556 -0.236038 0.501130 0.803397 -0.321594
0.991623 -114.339828 2850.289853 4430.849150 0.367518 0.155700 0.916890 0.698797 -0.696787 -0.161776 0.613689 0.700176 -0.364884
0.849081 -100.704150 -4177.899805 -5987.727329 -0.345617 -0.152631 -0.925879 -0.511507 0.857851 0.049521 0.786708 0.490710 -0.374559
5.730762 -122.968080 3688.540023 5580.575007 0.371044 0.145193 0.917194 0.787006 -0.573427 -0.227603 0.492898 0.806288 -0.327034
7.125870 -109.678276 2405.944527 1907.588931 0.364737 0.162440 0.916832 0.707309 -0.688707 -0.159362 0.605541 0.706609 -0.366093
5.575792 -101.476705 -2059.959629 -7143.315395 -0.365381 -0.169199 -0.915352 -0.566282 0.820855 0.074311 0.738797 0.545499 -0.395739
-3.724124 -88.182678 -3164.256945 -259.469079 0.472492 0.506985 0.720914 0.147193 0.761098 -0.631716 -0.868956 0.404594 0.284988
1.869434 -90.072451 -2388.784533 7426.705767 0.489966 0.535689 0.687729 -0.001868 0.789557 -0.613675 -0.871740 0.299395 0.387857
-6.006557 -93.426215 -1671.180672 111.870384 0.476362 0.462021 0.748075 0.127402 0.805562 -0.578653 -0.869970 0.370955 0.324877
-8.476818 -108.898887 473.855846 -10269.232504 0.477704 0.364726 0.799233 0.306183 0.783588 -0.540593 -0.823438 0.502956 0.262651
-9.453004 -102.774642 -917.137313 -11187.162968 0.448632 0.409095 0.794588 0.299109 0.769082 -0.564843 -0.842177 0.491075 0.222671
-7.417758 -105.292663 -95.982290 -5459.456397 0.497739 0.402899 0.768068 0.182906 0.816883 -0.547036 -0.847822 0.412765 0.332901
-5.723515 -98.734382 -873.592029 379.769455 0.497167 0.465288 0.732347 0.011119 0.840568 -0.541593 -0.867584 0.277404 0.412729
9.199429 -346.548064 460.918176 -114128.257591 0.518050 -0.091372 0.850456 0.614640 -0.651696 -0.444421 0.594847 0.752956 -0.281450
-2.756555 -174.920764 -423.273072 -7142.173650 0.429498 -0.037344 0.902295 0.793766 -0.460865 -0.396912 0.430659 0.886684 -0.168298
-1.949457 -146.687142 -966.874426 -17362.128140 0.500977 -0.079104 0.861838 0.717411 -0.519045 -0.464665 0.484089 0.851079 -0.203279
1.776418 -305.428782 -3767.283752 97312.688185 0.569691 -0.125074 0.812286 -0.550316 0.676019 0.490052 0.610414 0.726192 -0.316292
8.779061 -112.812157 -130.502100 3712.157845 0.375714 0.232166 0.897183 0.707832 -0.696772 -0.116114 0.598174 0.678681 -0.426121
5.850188 -110.167098 13.788264 -3391.640658 -0.367202 -0.268333 -0.890595 -0.629598 0.776498 0.025635 0.684667 0.570130 -0.454073
6.269052 -100.239099 508.185262 -3737.655192 -0.370557 -0.245175 -0.895867 -0.555944 0.831216 0.002473 0.744052 0.498968 -0.444316
8.748424 -120.884460 126.531588 3896.347765 0.369909 0.260589 0.891774 0.777905 -0.611675 -0.143936 0.507968 0.746958 -0.428978
9.288215 -111.449979 -775.093223 3267.395856 0.388865 0.212382 0.896481 0.705345 -0.694619 -0.141396 0.592683 0.687312 -0.419916
10.804876 -124.680812 -1879.808757 6187.656154 0.386680 0.232237 0.892493 0.805635 -0.556048 -0.204358 0.448810 0.798045 -0.402111
10.621054 -121.949578 -921.567266 5863.926446 0.378788 0.246046 0.892178 0.814073 -0.547141 -0.194736 0.440233 0.800061 -0.407550
-1.690713 -88.983843 -5006.056652 -5880.978644 -0.314048 -0.175126 -0.933116 -0.372897 0.926610 -0.048403 0.873110 0.332755 -0.356304
1.484739 -80.591245 -3506.904400 -4117.871242 -0.324622 -0.186884 -0.927197 -0.241365 0.964199 -0.109838 0.914529 0.188137 -0.358108
-2.639397 -80.731555 -2287.656601 -4841.327305 -0.341119 -0.204281 -0.917555 -0.233952 0.963837 -0.127608 0.910442 0.171134 -0.376576
-5.271442 -87.409546 -2263.078857 -4783.391165 -0.343550 -0.203648 -0.916789 -0.385235 0.920853 -0.060191 0.856486 0.332501 -0.394811
15.829909 4.739926 -3406.417473 -8725.147236 -0.194093 0.660079 -0.725689 0.453511 0.716335 0.530274 0.869859 -0.226185 -0.438389
30.629668 18.777752 -260.922333 -12243.026791 -0.259684 0.636406 -0.726327 0.458066 0.743308 0.487512 0.850141 -0.206107 -0.484542
23.877055 9.731355 7185.633944 -12301.072393 -0.421973 -0.343416 -0.839050 0.110722 0.899033 -0.423651 0.899822 -0.271671 -0.341344
14.339188 -1.169876 5780.323878 -7908.905562 -0.422299 -0.245868 -0.872475 0.131277 0.935775 -0.327248 0.896900 -0.252733 -0.362900
24.669266 -2.643680 5042.638954 -10553.619939 -0.381591 -0.486824 -0.785742 0.055239 0.836536 -0.545120 0.922679 -0.251416 -0.292323
34.758911 4.696240 1308.211467 -13419.113044 -0.278658 -0.596462 -0.752717 0.018652 0.780252 -0.625187 0.960209 -0.188253 -0.206298
-24.444785 -47.504754 1564.279618 -713.492928 0.165184 0.738936 -0.653214 -0.034587 -0.657565 -0.752604 0.985656 -0.146911 0.083062
-24.809164 -48.050470 -198.298713 -3337.696673 0.161612 0.746825 -0.645084 -0.065465 -0.644124 -0.762115 0.984681 -0.165397 0.055207
-22.184715 -45.423741 1264.976181 -1825.848562 0.118422 0.793379 -0.597098 0.031883 -0.604058 -0.796303 0.992451 -0.075262 0.096829
-21.857740 -43.232149 2190.405181 28.260006 0.153112 0.738243 -0.656928 0.047419 -0.669489 -0.741307 0.987070 -0.082352 0.137514
-20.258530 -42.432128 2353.694912 -909.434054 0.096058 0.812672 -0.574750 0.110955 -0.582563 -0.805176 0.989172 -0.013572 0.146130
-19.709571 -42.414236 -129.175199 -1982.156184 0.076073 0.838330 -0.539830 0.098043 -0.545064 -0.832642 0.992270 -0.010415 0.123657
-19.391561 -33.225331 375.403402 -1005.421962 -0.344313 0.869965 0.353001 0.155011 0.423508 -0.892531 0.925970 0.252591 0.280674
-16.219372 -31.854823 623.021954 -1294.793442 -0.383015 0.848456 0.365271 0.221919 0.468360 -0.855214 0.896689 0.246499 0.367677
-17.131064 -29.914970 537.203313 -624.007686 -0.294746 0.936851 0.188243 0.298604 0.277428 -0.913164 0.907723 0.212941 0.361518
7.442650 -385.951135 -5239.932652 26725.849898 -0.293447 -0.191646 0.936569 -0.033604 0.981162 0.190242 -0.955385 0.024354 -0.294359
-8.883252 -409.470422 -5962.286170 -1103.198136 -0.295470 -0.177437 0.938730 -0.202379 0.971926 0.120012 -0.933670 -0.154520 -0.323084
-15.333392 -471.110461 -6125.313000 24131.583450 -0.302177 -0.222033 0.927033 0.153923 0.948369 0.277316 -0.940743 0.226490 -0.252399
-4.248795 -23.595140 928.628236 3193.988559 -0.167563 -0.125430 -0.977850 -0.659186 0.751798 0.016523 0.733073 0.647354 -0.208655
2.459291 -18.692613 7007.976752 -4520.748728 -0.333380 0.577225 0.745432 -0.630020 0.451807 -0.631621 0.701379 0.680207 -0.213040
-7.632254 -14.919029 2240.198759 6331.401390 -0.347548 0.066041 -0.935334 -0.598189 0.752543 0.275407 0.722067 0.655223 -0.222040
-21.343713 -36.217217 -1246.909685 515.873047 -0.369365 0.718340 0.589540 0.394415 -0.453243 0.799379 -0.841431 -0.527786 0.115913
-16.312563 -36.902513 -2286.978348 -277.690297 -0.422899 0.748842 0.510287 0.413244 -0.341787 0.844044 -0.806465 -0.567818 0.164913
-19.341070 -38.187551 -522.101511 -410.661966 -0.256201 0.664992 0.701532 0.503800 -0.527523 0.684036 -0.824953 -0.528682 0.199871
-23.562743 -36.885449 137.436460 -167.963337 -0.260604 0.647741 0.715903 0.423781 -0.589521 0.687658 -0.867465 -0.482593 0.120869
-23.554737 -37.415489 484.478795 292.290280 -0.137017 0.544678 0.827377 -0.457717 0.705924 -0.540524 -0.878477 -0.452766 0.152585
-10.810348 -40.056076 -3460.741211 -964.165648 0.284942 0.941432 -0.180316 -0.572487 0.318021 0.755725 -0.768808 0.112109 -0.629575
-9.249261 -35.968465 -5530.423849 -1307.466588 0.356202 0.892108 -0.277964 -0.569786 0.443143 0.692076 -0.740584 0.088139 -0.666159
-0.708435 -39.304297 -1838.270285 -1289.886322 0.279162 0.947910 -0.153414 -0.617814 0.299610 0.727007 -0.735101 0.108171 -0.669272
101.267090 -87.344509 -11608.799281 -9018.716369 0.010453 0.435899 0.899935 0.889456 0.407174 -0.207553 -0.456902 0.802622 -0.383457
99.479629 -97.368370 -22492.931857 -10783.187490 0.195867 0.335861 0.921322 0.905448 0.298838 -0.301431 -0.376565 0.893249 -0.245573
140.376067 -76.368145 -26328.806272 -9120.495188 0.195864 0.330933 0.923104 0.837017 0.434030 -0.333198 -0.510921 0.837915 -0.191986
159.065763 -67.612854 -39537.717990 -6698.304746 0.083107 0.437223 0.895505 0.805409 0.499726 -0.318732 -0.586864 0.747737 -0.310613
31.754266 -47.835553 -8815.022295 2219.733261 -0.299001 0.871291 0.389165 0.953649 0.258328 0.154338 0.033941 0.417274 -0.908147
22.219647 -50.359442 -7049.225489 1421.981213 -0.287749 0.884897 0.366276 0.956354 0.285812 0.060816 -0.050870 0.367789 -0.928517
19.495952 -46.533464 -5701.123225 1556.904430 -0.262357 0.898523 0.351889 0.963712 0.225354 0.143087 0.049268 0.376659 -0.925041
31.411562 -51.402108 -5170.746823 1823.096914 -0.316453 0.848796 0.423559 0.945570 0.317956 0.069292 -0.075858 0.422432 -0.903215
29.499931 -44.285927 -8573.579802 695.641936 -0.286535 0.882754 0.372349 0.950006 0.211468 0.229717 0.124043 0.419556 -0.899214
39.726569 -43.568404 -7184.688083 871.381910 -0.317990 0.847321 0.425358 0.941799 0.230689 0.244536 0.109075 0.478362 -0.871363
38.386492 -47.259504 -3892.347030 3306.112643 -0.323493 0.830273 0.453871 0.945495 0.264725 0.189630 0.037294 0.490477 -0.870656
97.922908 -9.168594 -10320.416867 -457.439213 -0.197505 -0.418746 -0.886366 0.633731 0.635295 -0.441344 0.747915 -0.648885 0.139899
68.242433 -16.401644 -23695.005537 -226.853205 0.453731 0.637657 0.622513 0.425314 0.458908 -0.780071 0.783094 -0.618706 0.062984
43.245520 -24.822843 -21958.857427 -2933.565982 -0.055633 -0.258416 -0.964431 0.586433 0.773304 -0.241032 0.808085 -0.578983 0.108522
141.611902 -19.433218 -44199.788156 -2132.161609 0.434145 0.710710 0.553543 0.424149 0.380832 -0.821623 0.794743 -0.591488 0.136111
110.865046 -37.501979 -35022.413074 -2424.914864 0.002379 -0.098166 -0.995167 0.602993 0.794033 -0.076884 0.797743 -0.599896 0.061083
153.393674 -23.423900 -34088.618889 -1588.859555 -0.096859 -0.189835 -0.977027 0.687480 0.697080 -0.203596 0.719715 -0.691406 0.062990
173.659924 -3.851260 931.147119 -1127.973907 -0.247123 -0.476285 -0.843850 0.665707 0.549354 -0.505020 0.704105 -0.686559 0.181308
12.455758 -38.122850 2518.016168 -2989.778377 -0.471488 0.880582 -0.047683 0.178969 0.042599 -0.982932 0.863521 0.471974 0.177682
3.313410 -39.238044 1031.983162 -3723.008482 -0.496558 0.867435 -0.031429 0.167134 0.060019 -0.984106 0.851761 0.493918 0.174780
7.999142 -37.836835 2116.121460 -1347.821329 -0.494702 0.866663 -0.064533 0.100350 -0.016794 -0.994810 0.863250 0.498611 0.078662
1.032421 -41.727034 1724.283515 -4720.863029 -0.514611 0.857340 0.011983 0.120984 0.086441 -0.988884 0.848846 0.507440 0.148208
19.345005 -37.343343 5080.385196 274.714867 -0.479455 0.876424 -0.044771 0.087252 -0.003157 -0.996181 0.873218 0.481530 0.074956
17.490127 -41.582462 4680.910365 2392.400777 -0.488197 0.871792 -0.040534 0.004366 -0.044005 -0.999022 0.872723 0.487896 -0.017676
3.569733 -39.606271 1994.231928 582.933589 -0.520305 0.853822 -0.016445 0.025367 -0.003796 -0.999671 0.853603 0.520551 0.019684
10.136353 -39.828698 1382.532188 3565.757134 -0.489525 0.871137 -0.038545 -0.044012 -0.068831 -0.996657 0.870878 0.486192 -0.072035
1.324720 -50.782259 2897.893704 4.348254 0.597041 -0.720946 -0.351821 0.786906 0.441068 0.431553 -0.155949 -0.534505 0.830653
2.697875 -49.757310 2382.838341 -515.608452 0.597007 -0.728177 -0.336661 0.783873 0.440217 0.437896 -0.170662 -0.525326 0.833611
2.032951 -51.384087 2309.794873 336.932257 0.602011 -0.720987 -0.343163 0.793972 0.494864 0.353154 -0.084800 -0.485064 0.870357
16.677787 -84.597562 1312.629993 -6099.954831 -0.629314 0.749246 0.206385 0.673688 0.393549 0.625511 0.387439 0.532682 -0.752424
17.954574 -69.476562 1406.808455 255.037697 -0.625631 0.761048 0.171442 0.673143 0.415568 0.611705 0.394291 0.498106 -0.772286
19.552925 -80.408436 3166.299184 -13147.237362 -0.626445 0.752516 0.203188 0.659447 0.372687 0.652866 0.415567 0.542976 -0.729713
-1.643754 -95.151626 -151.999463 825.428434 0.745505 -0.618553 -0.248223 0.347486 0.042908 0.936703 0.568750 0.784570 -0.246927
3.920872 -95.490345 -1391.498528 -1090.733368 0.743286 -0.624402 -0.240102 0.316328 0.011800 0.948576 0.589459 0.781014 -0.206286
0.446097 -89.885548 605.332852 1361.904638 0.731355 -0.644537 -0.222919 0.175265 -0.138259 0.974765 0.659092 0.751969 -0.011848
3.084536 -97.616539 -2984.075820 1173.070933 0.746780 -0.604942 -0.276341 0.445460 0.146434 0.883246 0.493847 0.782689 -0.378831
-4.132668 -86.797325 -1137.955710 1282.502780 0.757241 -0.614810 -0.220442 0.184659 -0.122212 0.975174 0.626488 0.779149 -0.020986
-0.859989 -97.576606 -1104.059092 1043.300678 0.740136 -0.611602 -0.279539 0.480821 0.190704 0.855829 0.470117 0.767838 -0.435218
-4.658140 -99.984530 -1560.335910 3220.597827 0.746886 -0.612544 -0.258748 0.447041 0.174487 0.877330 0.492255 0.770937 -0.404154
-3.951935 -92.488203 -2186.021400 2355.693299 0.752340 -0.609362 -0.250327 0.317709 0.002739 0.948184 0.577101 0.792888 -0.195661
-0.353686 -159.253909 2363.485941 -740.625320 -0.563896 0.820713 0.091928 -0.511693 -0.434591 0.741148 -0.648221 -0.370892 -0.665018
-2.476578 -152.036744 4556.689974 -10189.457729 -0.535036 0.841059 0.079731 -0.707125 -0.497470 0.502491 -0.462288 -0.212470 -0.860898
-2.697821 -154.416317 4001.556883 4684.003235 -0.544066 0.835849 0.073128 -0.564308 -0.429025 0.705332 -0.620925 -0.342481 -0.705095
0.640190 -154.514215 2602.133857 3865.562444 -0.574768 0.814624 0.077645 -0.449252 -0.393428 0.802114 -0.683969 -0.426148 -0.592101
2.347525 -59.944403 -1879.505158 -4536.522711 -0.443259 0.889193 0.113392 -0.188320 0.031300 -0.981609 0.876389 0.456461 -0.153579
1.021066 -56.507312 -1444.410905 -2722.111004 -0.444892 0.887618 0.119185 -0.121533 0.072013 -0.989972 0.887300 0.454916 -0.075837
4.033576 -55.657213 -1656.652542 -3588.309614 -0.443692 0.889058 0.112751 -0.100591 0.075612 -0.992051 0.890516 0.451506 -0.055882
2.590222 -53.633995 -1684.578281 -158.660113 -0.440926 0.891675 0.102468 -0.020715 0.104025 -0.994359 0.897304 0.440561 0.027396
-6.737051 -160.488390 1540.754571 -1868.632487 -0.477047 0.849037 -0.227075 -0.606099 -0.130714 0.784575 -0.636451 -0.511909 -0.576957
-4.739480 -158.667088 -90.011236 4003.017309 -0.488132 0.839061 -0.240215 -0.531897 -0.067781 0.844092 -0.691962 -0.539798 -0.479381
-5.203433 -160.105770 1477.999229 10194.799268 -0.470418 0.850707 -0.234531 0.752219 0.247617 -0.610616 -0.461381 -0.463664 -0.756402
-7.515050 -154.851458 1631.299524 12518.830753 -0.485773 0.844009 -0.227317 -0.368360 0.038170 0.928900 -0.792676 -0.534969 -0.292357
-6.696527 -157.515866 1377.230648 7860.725898 -0.475324 0.845903 -0.241898 0.749651 0.245478 -0.614626 -0.460533 -0.473485 -0.750813
-7.852557 -158.989850 -294.215194 6103.001092 -0.507650 0.819889 -0.264712 0.676365 0.188930 -0.711924 -0.533687 -0.540450 -0.650455
-7.783430 -158.009566 39.229240 1333.290688 -0.513701 0.821704 -0.246808 -0.510557 -0.061582 0.857636 -0.689523 -0.566578 -0.451162
3.658982 -71.657471 -294.778721 3781.112775 0.660823 -0.734549 -0.154111 -0.538447 -0.320934 -0.779151 -0.522865 -0.597862 0.607596
2.830799 -66.480863 418.173651 2016.782965 0.655215 -0.735372 -0.172978 -0.452033 -0.198185 -0.869706 -0.605276 -0.648037 0.462266
2.510778 -66.643811 -790.800321 3668.499014 0.652847 -0.741068 -0.156874 -0.513264 -0.280460 -0.811112 -0.557092 -0.610050 0.563461
1.552302 -70.178466 109.274701 5508.147495 0.655566 -0.735890 -0.169406 -0.566440 -0.330860 -0.754769 -0.499377 -0.590760 0.633739
-7.692696 -97.143240 579.015590 -3049.496079 -0.448751 0.884042 0.130736 -0.520903 -0.139887 -0.842076 0.726142 0.445983 -0.523275
-8.249161 -97.936195 -584.526556 -318.520619 -0.452253 0.886333 0.099404 -0.620674 -0.232729 -0.748733 0.640492 0.400314 -0.655376
-10.881790 -95.199748 -621.358969 -2596.876080 -0.453571 0.881515 0.131171 -0.561635 -0.168443 -0.810057 0.691982 0.441088 -0.571491
-10.649864 -94.345956 -1640.162466 1129.883599 -0.465185 0.880071 0.095279 -0.685601 -0.290108 -0.667674 0.559959 0.375915 -0.738332
-11.721648 -93.789657 -262.757120 -826.477130 -0.489939 0.863592 0.119036 -0.664319 -0.281442 -0.692438 0.564482 0.418330 -0.711590
-5.004169 -43.878914 2700.088553 -314.196757 -0.307820 0.903373 0.298603 -0.444410 -0.414017 0.794412 -0.841277 -0.111834 -0.528911
0.533517 -44.233136 1647.529039 6137.779922 -0.332531 0.865878 0.373736 -0.302091 -0.473202 0.827539 -0.893400 -0.162280 -0.418929
0.807902 -43.772483 375.886918 -1225.193061 -0.328553 0.882185 0.337346 -0.437405 -0.458684 0.773489 -0.837096 -0.106575 -0.536574
-3.896695 -45.567401 1144.874769 -2979.519826 -0.291169 0.915293 0.278316 -0.544586 -0.397764 0.738383 -0.786541 -0.063427 -0.614272
0.875104 -46.888095 -49.423229 -3795.453546 -0.322386 0.885474 0.334668 -0.509404 -0.460271 0.727089 -0.797857 -0.063922 -0.599449
-4.005329 -118.116432 -2655.526691 8513.951286 -0.282837 0.867338 -0.409546 0.712332 0.475878 0.515871 -0.642329 0.145825 0.752429
-0.106828 -116.292402 -2243.629869 8728.181027 -0.254923 0.877899 -0.405348 0.750647 0.443918 0.489353 -0.609544 0.179526 0.772157
-6.525449 -104.121646 -2320.094213 5780.008548 -0.288604 0.866343 -0.407625 0.832752 0.437222 0.339648 -0.472474 0.241427 0.847633
14.109721 -149.901463 -237.988788 20716.278116 -0.458904 0.826915 -0.324990 -0.388037 -0.515583 -0.763938 0.799272 0.224466 -0.557476
16.102790 -134.866776 -790.007585 20200.620850 -0.421047 0.856870 -0.297478 -0.564888 -0.504316 -0.653121 0.709663 0.106953 -0.696376
15.383459 -167.214277 -1242.993813 25495.452592 -0.423980 0.837032 -0.345859 -0.370035 -0.508652 -0.777398 0.826629 0.201621 -0.525389
14.008979 -194.057539 -755.643147 16124.853055 -0.438685 0.808544 -0.392188 -0.089939 -0.473736 -0.876062 0.894129 0.349043 -0.280541
12.773878 -166.747769 395.272029 13079.796861 -0.480732 0.803464 -0.351202 -0.170050 -0.478339 -0.861554 0.860221 0.354454 -0.366582
-20.359955 -46.841111 1595.847936 450.725023 -0.411174 0.718375 0.561136 0.877180 0.479273 0.029184 -0.247972 0.504217 -0.827209
-21.046197 -46.173636 -647.962524 856.899060 -0.358680 0.784610 0.505703 0.902970 0.428970 -0.025107 -0.236631 0.447630 -0.862342
-19.914663 -46.351063 -281.179260 2059.343236 -0.379149 0.760845 0.526651 0.880004 0.472433 -0.048980 -0.286074 0.444884 -0.848669
-16.772486 -47.138122 2638.842815 1035.896767 -0.413519 0.692386 0.591272 0.857874 0.513858 -0.001760 -0.305049 0.506509 -0.806470
11.078283 -56.308929 7682.520994 1815.368768 -0.766637 0.464726 -0.443054 0.036453 0.720419 0.692581 0.641045 0.514808 -0.569240
23.105684 -59.724659 5005.905686 1842.280729 -0.714185 0.560401 -0.419392 0.106241 0.679014 0.726397 0.691847 0.474225 -0.544479
22.084701 -57.143779 7583.463540 1205.956373 -0.753477 0.478267 -0.451146 -0.029916 0.660531 0.750202 0.656793 0.578757 -0.483387
9.247463 -55.683356 7714.664830 475.687628 -0.776469 0.412511 -0.476373 -0.078156 0.687082 0.722364 0.625290 0.598124 -0.501258
33.728578 -69.048028 -10404.853884 -36013.145209 -0.336135 -0.451851 0.826344 -0.662011 0.737429 0.133943 -0.669892 -0.502026 -0.547006
265.417249 -622.554008 48833.535869 -269628.378995 -0.225576 -0.491172 0.841348 -0.523052 0.789643 0.320750 -0.821908 -0.367715 -0.435033
31.257540 -280.531935 -20782.993322 -130729.664937 -0.042568 0.634285 -0.771926 -0.687614 0.541930 0.483218 -0.724828 -0.551357 -0.413075
44.283082 -29.532305 3724.714129 -34690.731406 -0.237818 -0.416740 0.877365 -0.690695 0.707649 0.148907 -0.682922 -0.570579 -0.456132
46.342369 -13.226328 -8289.539534 -7115.581254 -0.453451 -0.148508 0.878822 -0.546288 0.825406 -0.142390 -0.704238 -0.544656 -0.455409
-25.092014 -302.927507 -3133.073245 30478.851085 -0.510152 0.738588 -0.440718 0.468417 -0.191162 -0.862579 0.721339 0.646487 0.248446
-28.319710 -212.602598 -1848.549049 -9172.052933 -0.518444 0.691666 -0.502807 0.487653 -0.243868 -0.838286 0.702432 0.679799 0.210861
-29.490854 -266.125437 4372.195604 41333.974029 0.536615 -0.725564 0.430814 0.611316 -0.017661 -0.791189 0.581668 0.687928 0.434072
1.524640 -49.436246 -4117.433699 91.022658 -0.056766 0.992982 0.103751 -0.879328 -0.000512 -0.476216 0.472821 0.118264 -0.873186
7.399760 -48.074048 -8808.899136 -1094.242277 -0.091481 0.994715 0.046622 -0.822641 -0.049107 -0.566436 0.561153 0.090171 -0.822786
11.300135 -47.440822 -10146.473145 -544.963706 -0.085525 0.994573 0.059247 -0.886363 -0.048793 -0.460412 0.455023 0.091891 -0.885726
0.271499 -49.419936 -4263.612647 -120.723557 -0.031407 0.992734 0.116155 -0.921768 0.016166 -0.387404 0.386467 0.119235 -0.914563
2.061243 -51.427307 5482.335550 953.028463 -0.026884 0.982572 0.183928 -0.919602 0.047830 -0.389930 0.391931 0.179623 -0.902289
5.614395 -52.270079 6374.524391 137.392556 -0.052846 0.982180 0.180360 -0.872973 0.042263 -0.485934 0.484897 0.183129 -0.855183
-19.756852 -32.176702 -567.575456 832.181567 -0.178323 0.953641 -0.242426 -0.479236 -0.299352 -0.825058 0.859380 0.030948 -0.510400
-19.799383 -35.616672 323.112808 -77.393022 -0.103147 0.993693 -0.043976 -0.560037 -0.094557 -0.823054 0.822021 0.060268 -0.566258
-19.236461 -39.724068 -877.614566 4058.722685 -0.270961 0.886982 -0.373956 -0.404723 -0.457460 -0.791789 0.873373 0.063195 -0.482935
-17.432984 -33.994349 834.155524 -234.518879 -0.460818 0.862999 0.207073 -0.587158 -0.121498 -0.800302 0.665501 0.490378 -0.562705
-16.038038 -33.398755 -47.998630 -1237.037447 -0.594233 0.802355 0.055793 -0.470070 -0.290175 -0.833566 0.652626 0.521560 -0.549595
-17.367548 -36.496436 619.219609 1099.481220 -0.570462 0.816278 0.090905 -0.481652 -0.242831 -0.842048 0.665270 0.524141 -0.531688
-18.579531 -34.621457 923.259614 2840.792150 -0.564914 0.822348 0.067938 -0.452126 -0.239609 -0.859168 0.690257 0.516072 -0.507163
-19.903122 -34.468720 1086.300436 1558.634964 -0.461989 0.864360 0.198615 -0.557030 -0.108529 -0.823370 0.690133 0.491023 -0.531614
3.804840 -49.459334 1569.437269 -592.149666 0.600138 -0.722736 -0.342762 0.742373 0.343691 0.575116 -0.297853 -0.599607 0.742802
2.807024 -50.827226 1071.172686 -915.527369 0.595279 -0.729751 -0.336312 0.760416 0.376386 0.529246 -0.259635 -0.570786 0.778969
3.796938 -49.336980 1324.244855 -248.421521 0.599751 -0.727382 -0.333488 0.730740 0.328044 0.598670 -0.326063 -0.602746 0.728272
5.059836 -45.067363 880.177858 -1340.128389 0.579197 -0.736207 -0.350044 0.722161 0.264183 0.639290 -0.378173 -0.623063 0.684673
4.548747 -43.520647 2171.140309 -2293.529806 0.582513 -0.724614 -0.368257 0.698220 0.214131 0.683108 -0.416134 -0.655044 0.630674
0.787328 -49.479082 1349.208134 -96.899741 0.600556 -0.725977 -0.335096 0.721182 0.310826 0.619098 -0.345295 -0.613469 0.710231
-24.646450 -33.084250 -1092.722321 -21.521114 -0.331427 0.578511 0.745306 -0.266429 0.700415 -0.662144 -0.905081 -0.418023 -0.078005
-22.531337 -32.202807 -1368.771301 563.294979 -0.388313 0.599343 0.700000 -0.267159 0.653770 -0.707962 -0.881952 -0.461923 -0.093748
-25.311365 -34.484553 -309.543010 1256.719146 -0.309749 0.623830 0.717559 -0.302203 0.650950 -0.696374 -0.901515 -0.432550 -0.013107
-22.078599 -31.567122 -2066.254480 -260.364920 -0.348150 0.465927 0.813452 -0.257371 0.786888 -0.560864 -0.901417 -0.404623 -0.154039
0.527309 -273.727136 -2627.765823 -99235.789274 0.339281 0.932293 0.125368 -0.284294 -0.025418 0.958400 -0.896697 0.360809 -0.256422
-0.329205 -116.865610 -61.900334 -33957.872986 0.363373 0.927417 0.088645 -0.311397 0.031228 0.949767 -0.878061 0.372724 -0.300142
-1.201166 -69.126744 -1109.877666 -18290.586760 0.326402 0.918974 0.221243 -0.412575 -0.072078 0.908067 -0.850437 0.387674 -0.355620
0.923208 -159.583810 307.118258 -46409.780383 0.386881 0.921684 0.028666 -0.160913 0.036869 0.986280 -0.907981 0.386186 -0.162575
-4.033763 -62.433420 371.909772 338.764013 -0.652936 0.731637 0.195914 0.276768 -0.010303 0.960882 -0.705035 -0.681617 0.195767
-5.293136 -60.385074 409.082824 7272.781763 -0.645807 0.738330 0.194426 0.239559 -0.045840 0.969799 -0.724945 -0.672879 0.147269
-4.143937 -64.533276 148.452504 6790.379942 -0.662842 0.728606 0.172548 0.244489 -0.007205 0.969625 -0.707718 -0.684895 0.173360
0.199247 -25.875212 2403.727510 3101.624611 -0.107482 0.973594 0.201400 -0.461572 -0.228284 0.857227 -0.880567 0.000824 -0.473920
15.032624 -26.412625 9295.656839 2148.644088 -0.101902 0.966859 0.234094 -0.465414 -0.254313 0.847771 -0.879208 0.022561 -0.475904
2.022850 -33.094973 3131.658420 2963.727823 -0.098983 0.973544 0.205949 -0.527799 -0.226818 0.818525 -0.843582 0.027680 -0.536286
-2.389568 -30.821681 -1373.651722 3463.470371 -0.126323 0.974368 0.186145 -0.507685 -0.224712 0.831721 -0.852231 -0.010562 -0.523058
-2.295088 -24.142748 -1690.662954 3167.243503 -0.123510 0.976254 0.177971 -0.452647 -0.215025 0.865375 -0.883094 -0.026325 -0.468457
-47.666744 -79.224309 156.315052 1412.529794 0.217307 0.962647 -0.161521 0.914968 -0.143246 0.377246 -0.340018 0.229765 0.911919
-40.810679 -75.247697 1814.742191 3541.107487 -0.386719 -0.905143 0.176533 0.880384 -0.305369 0.362869 -0.274541 0.295746 0.914965
-41.480617 -72.019904 580.010362 4035.767216 -0.537890 -0.820977 0.191496 0.813349 -0.445666 0.373959 -0.221669 0.356902 0.907460
64.817390 -61.255724 -6469.359643 -5719.363559 0.420868 0.904516 0.068712 0.401102 -0.117620 -0.908451 0.813626 -0.409898 0.412305
50.673942 -51.108776 -8925.920554 -4683.922742 0.515399 0.853641 0.075240 0.418713 -0.174251 -0.891244 0.747692 -0.490851 0.447239
-14.072284 -59.825615 -856.488955 -13966.650371 -0.183750 0.970982 0.153067 0.940383 0.218985 -0.260242 0.286210 -0.096123 0.953333
-10.708078 -64.047028 -7172.771321 -3760.067537 0.010404 0.993996 0.108919 0.909296 0.035912 -0.414597 0.416019 -0.103353 0.903463
-15.148190 -47.540505 -10768.420957 -4602.606257 -0.246685 0.942365 0.226041 0.909503 0.305661 -0.281736 0.334590 -0.136086 0.932486
-16.103779 -50.451825 -13806.461192 -1283.217577 0.006217 0.994996 0.099718 0.901718 0.037530 -0.430693 0.432280 -0.092595 0.896973
-3.814358 -55.767782 -19339.487871 1003.116017 0.262948 0.964780 0.007556 0.829873 -0.222171 -0.511811 0.492106 -0.140851 0.859065
0.378440 -12.751613 791.176822 -757.093953 0.631331 -0.026168 0.775072 0.391067 0.873797 -0.289041 -0.669692 0.485586 0.561889
6.569894 -17.952324 -664.206201 -1167.454985 0.617679 -0.016822 0.786251 0.417377 0.854363 -0.309612 -0.666535 0.519404 0.534743
12.040521 -24.331583 2613.617631 -1963.692871 -0.396751 0.916319 -0.054299 0.824091 0.381623 0.418613 -0.404305 -0.121338 0.906540
9.130505 -26.497228 1531.315542 -1521.697921 -0.515288 0.846592 -0.133265 0.756708 0.522442 0.392997 -0.402331 -0.101664 0.909832
1.922126 -27.586672 1842.515721 -1418.263034 -0.652054 0.721140 -0.234058 0.610976 0.682587 0.400979 -0.448927 -0.118456 0.885682
-1.127496 -26.823656 -1268.539406 -959.780726 0.713990 -0.644496 0.273574 0.514652 0.748020 0.419046 -0.474712 -0.158400 0.865770
35.072223 -48.643000 -5036.718076 1043.003005 -0.404254 0.908502 0.105839 0.175593 0.190650 -0.965826 0.897633 0.371855 0.236598
29.747487 -50.665945 -6097.925564 855.377594 -0.331149 0.935956 0.119694 0.163687 0.181910 -0.969596 0.929272 0.301488 0.213443
29.978405 -51.341341 -5819.898378 690.491160 -0.342919 0.934378 0.096670 0.269613 0.196481 -0.942711 0.899842 0.297210 0.319297
21.510205 -51.697059 -3461.347785 1208.370349 -0.298886 0.950124 0.089060 0.141475 0.136412 -0.980498 0.943744 0.280457 0.175190
25.716450 -51.587538 -90.250644 -345.412980 -0.317161 0.940993 0.118073 0.271069 0.209255 -0.939539 0.908807 0.265980 0.321442
2.016672 -47.780634 546.941438 4475.590782 0.480243 0.873628 -0.078367 0.654403 -0.416352 -0.631195 0.584058 -0.251843 0.771655
1.370833 -51.437113 1087.752865 270.417827 0.474753 0.876762 -0.076792 0.625210 -0.397374 -0.671719 0.619453 -0.270890 0.736815
1.379991 -48.977008 1163.298898 4718.072425 0.495200 0.863901 -0.091928 0.644163 -0.436109 -0.628381 0.582950 -0.251958 0.772455
2.076841 -51.311396 464.237558 75.750022 0.468231 0.881089 -0.066648 0.634854 -0.387920 -0.668191 0.614590 -0.270556 0.740999
1.704342 -47.874362 -676.119060 4515.431969 0.457647 0.888010 -0.044686 0.677820 -0.380967 -0.628828 0.575429 -0.257492 0.776260
-0.568118 -71.143450 -195.631213 3158.307225 0.467522 0.833290 -0.295042 0.714261 -0.159451 0.681474 0.520821 -0.529342 -0.669734
-16.700971 -78.280438 -687.901431 8289.343005 0.298691 -0.916768 -0.265181 0.953777 0.296386 0.049654 0.033075 -0.267755 0.962919
-13.852287 -69.251832 -6294.010381 9430.492121 0.247299 -0.946020 -0.209498 0.966849 0.255121 -0.010736 0.063604 -0.199898 0.977750
-14.436396 -90.082168 -1418.827399 12474.443755 0.347101 -0.906725 -0.239523 0.932201 0.305640 0.193871 -0.102580 -0.290576 0.951337
-13.184614 -66.322191 -3175.300819 2715.989799 0.182337 -0.951807 -0.246610 0.969296 0.216092 -0.117347 0.164982 -0.217642 0.961984
-9.633623 -93.002858 5444.562171 5989.626343 0.335414 -0.891639 -0.304101 0.936942 0.282094 0.206305 -0.098164 -0.354122 0.930033
-7.659444 -78.874329 3110.546938 4976.024206 0.242053 -0.923874 -0.296423 0.965819 0.258632 -0.017423 0.092762 -0.282074 0.954898
-2.297942 -111.490220 -1408.432995 2944.271212 0.198083 0.914564 0.352613 0.792129 0.062521 -0.607143 0.577317 -0.399580 0.712068
-3.698918 -107.337287 -506.619691 -1248.197243 0.231528 0.920872 0.313672 0.646251 0.095418 -0.757136 0.727156 -0.378009 0.573022
-2.589288 -100.758033 447.996841 1816.822690 0.195431 0.928443 0.315911 0.741895 0.070713 -0.666777 0.641403 -0.364682 0.674988
-3.996687 -123.731017 1229.809054 2752.150274 0.203305 0.927770 0.312905 0.765058 0.048909 -0.642101 0.611026 -0.369933 0.699855
-2.431380 -99.220413 336.587984 5948.786399 0.162337 0.925317 0.342689 0.826365 0.062299 -0.559678 0.539229 -0.374043 0.754536
-0.927901 -115.989736 -158.153563 13212.190558 0.130431 0.921903 0.364804 0.881244 0.060803 -0.468734 0.454309 -0.382619 0.804491
-0.838302 -126.979046 -2029.013780 10635.989317 0.154512 0.910965 0.382451 0.890137 0.039610 -0.453968 0.428698 -0.410578 0.804764
2.909596 -74.398747 1580.109012 1935.547292 0.323991 0.942108 -0.086381 0.759497 -0.313455 -0.570009 0.564087 -0.119071 0.817085
4.275561 -81.322982 131.507982 -1884.313162 0.351672 0.931727 -0.090621 0.712797 -0.329270 -0.619274 0.606833 -0.153187 0.779928
3.956639 -71.134491 706.349989 281.687140 0.354136 0.929754 -0.100729 0.751709 -0.347074 -0.560780 0.556347 -0.122873 0.821815
54.845768 -44.264788 20176.910219 -11868.987147 0.232497 0.929414 -0.286592 0.558477 0.113670 0.821695 -0.796272 0.351097 0.492628
26.191717 -33.333547 13225.343410 -9393.101194 0.267829 0.914752 -0.302482 0.548286 0.113449 0.828560 -0.792244 0.387759 0.471161
0.198150 -50.503791 -2319.835822 -2113.850150 0.078452 0.979711 -0.184420 -0.475268 0.199371 0.856955 -0.876337 -0.020419 -0.481266
4.089829 -48.804655 -1230.408502 1053.690344 0.062211 0.989915 -0.127275 -0.522164 0.140959 0.841116 -0.850573 -0.014131 -0.525667
1.920113 -52.938018 -1471.285560 -4272.756353 0.093059 0.976495 -0.194415 -0.430280 0.215529 0.876588 -0.897886 -0.002079 -0.440223
3.096437 -50.955159 -3191.719084 1743.713909 0.055073 0.986798 -0.152307 -0.567143 0.156459 0.808622 -0.821776 -0.041847 -0.568272
-0.868179 -59.873471 -1905.110981 -5922.834323 0.106002 0.969085 -0.222795 -0.345150 0.245985 0.905739 -0.932542 0.019112 -0.360554
