10977
21940
-51.347356 -77.940552 130.836604 6091.557808 -0.515283 0.779266 0.356690 0.371920 0.578294 -0.726121 0.772113 0.241498 0.587810
-40.555395 -78.053677 -2683.904482 11955.078455 -0.475053 0.709790 0.520118 0.209320 0.665257 -0.716672 0.854698 0.231586 0.464606
-42.523174 -61.636426 538.831779 5968.805398 -0.397279 0.907791 0.134484 0.367621 0.291701 -0.883043 0.840848 0.301375 0.449609
-34.142814 -52.322225 -3527.906126 8073.255994 -0.376038 0.866012 0.329574 0.186232 0.419056 -0.888656 0.907697 0.272791 0.318861
-45.411388 -66.335530 1353.738392 4696.754978 -0.375554 0.923235 -0.081222 0.522808 0.138672 -0.841095 0.765265 0.358340 0.534754
-36.497593 -52.016216 839.303754 4337.611365 -0.268753 0.922490 -0.277100 0.448499 -0.134746 -0.883568 0.852421 0.361741 0.377522
-17.091818 -40.752315 2708.644544 3210.576902 -0.184536 0.970390 -0.155850 -0.084185 -0.173597 -0.981212 0.979214 0.167948 -0.113728
-19.632390 -42.029288 4185.853110 69.628228 -0.154837 0.981612 -0.111640 -0.141558 -0.133880 -0.980835 0.977746 0.136066 -0.159685
-9.338757 -40.250206 4997.550772 -3900.562527 -0.208127 0.924725 -0.318696 -0.104162 -0.344933 -0.932830 0.972540 0.160951 -0.168111
-11.364686 -34.997828 5385.728880 1394.127463 -0.179243 0.941670 -0.284833 -0.209642 -0.319432 -0.924129 0.961209 0.105931 -0.254670
-3.461698 -40.158261 5859.173445 -2506.249719 -0.235053 0.888837 -0.393343 -0.050649 -0.415332 -0.908259 0.970662 0.193567 -0.142644
-1.443699 -46.253203 1730.156368 -5776.404518 -0.145894 0.955552 -0.256192 -0.135910 -0.275867 -0.951539 0.979920 0.104005 -0.170116
70.374422 -65.257853 -12126.529966 7184.674298 0.868463 0.168831 -0.466120 0.443556 -0.684568 0.578468 0.221427 0.709129 0.669408
74.113759 -72.049835 -1923.343404 7117.566888 0.748083 -0.009623 -0.663535 0.507734 -0.635527 0.581646 0.427292 0.772019 0.470541
87.056818 -53.099860 -6754.736558 5385.863758 0.803886 0.051179 -0.592577 0.444895 -0.712983 0.541963 0.394760 0.699311 0.595927
77.370294 -48.647637 -12768.317298 4541.547175 0.863785 0.158214 -0.478376 0.420660 -0.749045 0.511837 0.277345 0.643351 0.713568
129.529117 -67.103195 -3337.122075 9669.063846 0.768249 0.534646 -0.352062 -0.123720 -0.415592 -0.901097 0.628082 -0.735824 0.253132
115.071284 -80.640354 -18634.684160 11380.535558 0.918492 0.315163 -0.238841 -0.070440 -0.463932 -0.883066 0.389116 -0.827913 0.403917
112.839412 -95.162769 6703.227006 15654.228183 0.698242 0.596773 -0.395372 -0.050090 -0.510220 -0.858584 0.714107 -0.619304 0.326365
142.092909 -73.507868 25034.691413 12120.271694 0.465415 0.764829 -0.445450 -0.175495 -0.413546 -0.893410 0.867520 -0.493981 0.058247
132.672770 -59.475600 5889.023638 -1219.391635 0.658218 0.653551 -0.373658 -0.149336 -0.373126 -0.915683 0.737867 -0.658520 0.148000
3.304049 -41.636163 7931.565571 1618.856742 -0.732981 0.238195 0.637183 -0.099917 0.888832 -0.447206 -0.672871 -0.391459 -0.627697
18.083838 -45.801448 9019.137332 1794.585915 -0.721730 0.205744 0.660890 -0.206483 0.847332 -0.489278 -0.660659 -0.489589 -0.569062
18.376692 -41.316479 4584.356378 1705.150524 -0.761582 0.123491 0.636194 -0.169960 0.909258 -0.379952 -0.625385 -0.397493 -0.671486
7.572888 -37.669986 8197.164466 929.993124 -0.724296 0.195402 0.661221 -0.066307 0.934817 -0.348886 -0.686293 -0.296540 -0.664128
-0.453159 -56.746253 -570.555999 2087.929896 -0.256568 0.942971 -0.212082 0.061889 0.235006 0.970022 -0.964543 -0.235751 0.118654
-1.666167 -61.293340 -336.696668 831.181811 -0.252040 0.945561 -0.205888 -0.118488 0.181003 0.976319 -0.960435 -0.270467 -0.066417
1.059417 -60.723432 -830.068757 1628.477412 -0.259170 0.939883 -0.222375 -0.055318 0.215419 0.974954 -0.964246 -0.264980 0.003837
2.983262 -56.073411 -1229.635571 2250.948063 -0.270770 0.938399 -0.214687 0.105948 0.250713 0.962246 -0.956796 -0.237802 0.167308
1.305639 -52.497363 -1045.468178 2596.173146 -0.268233 0.940590 -0.208187 0.190652 0.263663 0.945586 -0.944300 -0.213946 0.250049
-0.984127 -51.712865 -640.036881 2665.886388 -0.260740 0.942460 -0.209247 0.203789 0.265592 0.942301 -0.943655 -0.203054 0.261314
-6.267195 -102.109535 -1860.479236 13150.674155 0.025319 0.904037 0.426704 0.523568 0.351625 -0.776039 0.851608 -0.243057 0.464422
-1.414841 -86.585497 -1172.340521 14065.634155 0.013848 0.904477 0.426297 0.343695 0.396055 -0.851478 0.938979 -0.158307 0.305380
-7.454069 -82.167226 -508.550616 16678.248371 0.025485 0.925706 0.377385 0.319684 0.350138 -0.880458 0.947182 -0.143082 0.287010
-3.607195 -64.852659 -263.193169 8024.988172 0.059616 0.957416 0.282491 0.247423 0.259991 -0.933374 0.967072 -0.125538 0.221387
-10.539087 -86.230209 -561.026044 16715.794236 0.055037 0.962233 0.266607 0.342007 0.232693 -0.910431 0.938084 -0.141289 0.316284
-10.393933 -44.471803 -789.779048 -558.232811 -0.019240 0.951724 -0.306352 -0.416712 -0.286160 -0.862823 0.908835 -0.111060 -0.402101
-8.739509 -43.737049 -652.904928 -787.154395 -0.002793 0.945571 -0.325404 -0.415839 -0.297034 -0.859563 0.909434 -0.132915 -0.394034
-9.766185 -40.132770 -82.300986 1247.922195 -0.031476 0.946807 -0.320258 -0.554931 -0.283049 -0.782262 0.831301 -0.153098 -0.534322
-10.068763 -39.630033 -612.937820 2460.463786 -0.038111 0.952515 -0.302098 -0.569323 -0.269150 -0.776807 0.821230 -0.142387 -0.552546
-10.068144 -39.907456 157.694809 2456.205569 -0.056802 0.948194 -0.312573 -0.659431 -0.270700 -0.701336 0.749616 -0.166283 -0.640645
-9.383491 -41.590736 710.987110 1690.131388 -0.045962 0.946572 -0.319201 -0.658160 -0.269074 -0.703153 0.751474 -0.177767 -0.635363
8.344456 -33.508512 -1480.751745 -1501.373416 0.621093 0.769078 0.150871 0.780727 -0.623991 -0.033181 0.068623 0.138397 -0.987997
13.261145 -44.756468 -1473.381424 5939.238837 0.582766 0.799043 0.148034 -0.802186 0.594769 -0.052414 0.129927 0.088206 -0.987592
10.897683 -34.782264 1232.707621 -2340.316281 0.550054 0.807381 0.213487 0.824851 -0.565215 0.012328 0.130619 0.169314 -0.976868
7.910277 -37.664208 3623.258699 -3354.875208 0.479570 0.840433 0.252359 0.858655 -0.508730 0.062486 0.180898 0.186723 -0.965614
6.467603 -32.308297 3731.439905 -523.397211 0.481213 0.839195 0.253349 0.866731 -0.498743 0.005768 0.131197 0.216810 -0.967358
5.152702 -30.637879 1647.016048 231.933188 0.537441 0.813798 0.221113 0.840062 -0.539604 -0.055876 0.073842 0.215779 -0.973646
10.587410 -214.008034 3807.012454 -9819.705978 0.986569 0.134939 -0.092044 0.053818 0.263512 0.963154 -0.154222 0.955172 -0.252710
8.227014 -184.207102 3601.382812 8067.675196 0.987915 0.115204 -0.103689 0.107552 -0.027817 0.993810 -0.111606 0.992952 0.039871
15.850631 -239.944653 5506.171312 29726.005620 0.988531 0.112865 -0.100335 0.122389 -0.209542 0.970110 -0.088467 0.971264 0.220953
19.551958 -341.787004 1142.097358 60887.361025 0.973697 0.227333 -0.015295 0.074437 -0.253940 0.964352 -0.215345 0.940125 0.264182
13.872380 -238.932003 3416.039371 -6121.032948 0.980584 0.188395 -0.054421 0.011726 0.220689 0.975274 -0.195747 0.956976 -0.214195
-22.303034 -45.918144 1039.849602 -90.827003 -0.239051 0.947983 0.210195 -0.604204 0.024237 -0.796461 0.760126 0.317396 -0.566982
-24.356795 -45.552497 749.448787 409.480991 -0.224534 0.947620 0.227160 -0.721639 -0.005045 -0.692251 0.654845 0.319361 -0.684972
-20.376305 -46.212904 2117.944619 -109.773110 -0.237551 0.923578 0.300954 -0.683399 0.061275 -0.727469 0.690316 0.378482 -0.616616
-16.765482 -46.058378 2939.900305 -286.361458 -0.252909 0.915598 0.312597 -0.596114 0.107014 -0.795736 0.762027 0.387592 -0.518736
-12.004287 -46.856700 3841.477675 -563.360514 -0.250204 0.894699 0.370015 -0.646930 0.129843 -0.751413 0.720333 0.427381 -0.546321
-14.680831 -46.346659 3464.657779 214.617421 -0.231897 0.899773 0.369638 -0.734507 0.087165 -0.672980 0.637748 0.427563 -0.640677
7.685328 -297.802334 -12.228557 23861.995872 0.956892 0.259936 0.129583 0.285430 -0.924143 -0.253949 -0.053742 -0.279989 0.958498
9.028701 -371.329773 -2589.512668 -41314.771156 0.961022 0.234680 0.146158 -0.200301 0.955397 -0.217015 -0.190568 0.179281 0.965164
12.547297 -393.202869 -2102.765514 76786.007896 0.969220 0.218307 0.113818 0.230451 -0.967139 -0.107401 -0.086631 -0.130324 0.987679
8.517544 -261.020281 -764.211569 13876.357822 0.941873 0.313786 0.120055 0.334661 -0.844761 -0.417590 0.029616 -0.433495 0.900669
5.975943 -263.854947 1247.479576 2768.256554 0.945032 0.316467 0.082235 0.321544 -0.853805 -0.409421 0.059356 -0.413358 0.908632
4.531039 -321.098756 2408.433732 -43714.526956 0.974960 0.209647 0.074175 -0.213049 0.976168 0.041307 -0.063748 -0.056075 0.996389
-10.003606 -40.610332 146.735407 -263.574268 0.168416 0.968249 0.184741 0.981422 -0.182185 0.060160 0.091907 0.171177 -0.980944
-5.567651 -41.737101 138.103495 1523.516115 0.234564 0.954119 0.186107 -0.953592 0.263023 -0.146563 0.188789 0.143092 -0.971537
-8.367493 -41.772448 -1092.134099 -460.610543 0.080769 0.986481 0.142591 0.989613 -0.096437 0.106616 0.118926 0.132499 -0.984023
-18.493331 -121.209272 -6247.424552 -13957.379987 0.197802 -0.814655 -0.545170 0.965393 0.258335 -0.035764 0.169972 -0.519230 0.837562
-24.579099 -141.109393 6172.056786 -28554.063346 0.232508 -0.791098 -0.565778 0.971457 0.217021 0.095774 0.047019 -0.571897 0.818977
-24.331477 -111.622077 -3505.466872 -22107.995919 0.203625 -0.817196 -0.539191 0.972636 0.105919 0.206784 -0.111873 -0.566543 0.816403
-48.102660 -130.545025 -12452.953425 -19781.132154 0.302976 -0.780237 -0.547207 0.951633 0.216972 0.217527 -0.050994 -0.586646 0.808237
-229.591660 -838.327549 -48783.628291 -179544.266151 -0.641968 0.423041 -0.639463 0.742049 0.132889 -0.657042 -0.192978 -0.896313 -0.399227
-347.245792 -543.020952 -75462.406846 34826.035466 -0.361396 0.567617 -0.739732 0.799907 -0.218912 -0.558772 -0.479105 -0.793655 -0.374927
-353.178470 -604.896327 -59774.952181 108128.553970 -0.099737 0.690902 -0.716035 0.973044 -0.082660 -0.215295 -0.207935 -0.718207 -0.664035
76.469013 -95.265945 -14205.486475 -6632.439822 -0.224839 -0.883897 -0.410089 0.971275 -0.169645 -0.166871 0.077928 -0.435828 0.896650
79.411292 -79.404024 -5463.393987 2113.988023 -0.389368 -0.866354 -0.312768 0.920380 -0.379212 -0.095388 -0.035966 -0.325006 0.945028
62.346541 -75.028083 4058.881096 -1670.746808 -0.347242 -0.879577 -0.325219 0.928064 -0.272540 -0.253810 0.134610 -0.389958 0.910941
16.418977 -49.177983 6312.740282 3305.247000 -0.568398 0.822493 0.020725 0.741632 0.523099 -0.419939 0.356238 0.223322 0.907316
20.977797 -43.386962 5509.464679 4581.586049 -0.618793 0.780033 0.092971 0.647774 0.573627 -0.501338 0.444391 0.250000 0.860242
142.475944 -64.406398 -40439.270768 10457.398713 0.805107 -0.557140 -0.203464 0.484577 0.815662 -0.316038 0.342035 0.155851 0.926673
257.833982 -67.975141 -82848.325550 9755.507300 0.793109 -0.602142 -0.091674 0.568968 0.786154 -0.241321 0.217379 0.139235 0.966106
3.030893 -55.350965 7516.856670 2482.357525 -0.498868 0.865879 -0.037199 0.824736 0.461098 -0.327414 0.266348 0.194016 0.944148
-8.769027 -47.822778 4909.117417 2968.895841 -0.441411 0.895396 -0.058509 0.803634 0.365484 -0.469673 0.399159 0.254339 0.880899
0.039886 -37.577329 -1216.233523 -1506.357550 0.081707 0.983472 -0.161575 0.201840 0.142430 0.969007 -0.976004 0.111787 0.186867
2.364224 -41.132659 -688.568743 -1388.561854 0.086315 0.981575 -0.170472 0.299970 0.137564 0.943978 -0.950036 0.132616 0.282569
0.056779 -40.703983 -2310.859675 -1433.229170 0.079493 0.986646 -0.142165 0.289592 0.113608 0.950384 -0.953843 0.116719 0.276694
1.020408 -37.462047 1059.912086 -1157.197927 0.110761 0.973764 -0.198784 0.205036 0.173323 0.963286 -0.972467 0.147452 0.180459
-2.870679 -37.273628 -2079.144154 -1413.766864 0.089621 0.988299 -0.123425 0.184057 0.105355 0.977253 -0.978821 0.110300 0.172462
-1.251488 -34.468679 -1802.394281 -1094.900132 0.085152 0.987809 -0.130316 0.119606 0.119711 0.985578 -0.989163 0.099511 0.107954
0.066593 -33.462484 154.838889 -852.405817 0.102209 0.980540 -0.167615 0.115915 0.155610 0.980994 -0.987986 0.119695 0.097754
-7.738146 -60.601005 881.061569 -731.238365 0.085621 -0.955582 0.282015 0.959310 0.002629 -0.282343 0.269060 0.294715 0.916924
-8.762559 -57.999470 -1.277290 621.514682 -0.057974 0.945244 -0.321175 0.907168 -0.084423 -0.412212 0.416756 0.315257 0.852601
-8.876004 -59.135698 -54.993955 -557.138525 0.092314 -0.942755 0.320455 0.964314 0.004442 -0.264723 0.248146 0.333457 0.909522
-1.130462 -61.298459 1358.333753 -674.733004 -0.170663 0.868675 -0.465056 0.903822 -0.049952 -0.424983 -0.392402 -0.492857 -0.776603
-1.010921 -63.713461 687.553436 -916.261459 -0.159039 0.860505 -0.483981 0.955398 0.010583 -0.295133 -0.248842 -0.509332 -0.823808
-1.945665 -63.253116 234.162600 439.462582 -0.184676 0.852727 -0.488623 0.912237 -0.036257 -0.408056 -0.365676 -0.521098 -0.771193
-1.784774 -61.223646 752.358849 -223.061115 -0.195242 0.861062 -0.469525 0.852709 -0.087479 -0.515009 -0.484528 -0.500919 -0.717156
-1.070291 -117.352178 332.719314 11220.239243 0.166985 -0.910752 0.377687 0.937162 0.027594 -0.347802 0.306340 0.412031 0.858130
-0.033280 -109.372223 -609.688548 11202.589811 -0.177213 0.906894 -0.382281 0.878232 -0.029591 -0.477319 0.444190 0.420318 0.791219
-0.516771 -94.581690 -680.036639 8836.824751 -0.147299 0.914952 -0.375722 0.830641 -0.091797 -0.549189 0.536972 0.392985 0.746475
-0.444926 -102.672177 270.174486 9566.886845 0.159531 -0.910114 0.382417 0.914787 -0.009334 -0.403829 0.371100 0.414253 0.831071
-1.394495 -120.221608 -429.214545 10621.226056 0.168658 -0.904652 0.391357 0.972503 0.088035 -0.215609 0.160598 0.416960 0.894624
1.179960 -121.639456 -1435.291453 -8810.428900 -0.021120 0.857043 -0.514812 0.426813 -0.457917 -0.779835 0.904093 0.236199 0.356126
0.231783 -113.572734 -89.072224 -9915.798337 -0.027236 0.842404 -0.538157 0.380493 -0.489096 -0.784863 0.924383 0.226142 0.307208
1.021596 -102.505031 -379.270621 -6855.612879 -0.045806 0.860739 -0.506982 0.570500 -0.394069 -0.720583 0.820019 0.322240 0.473000
2.441726 -111.102075 -927.661631 1088.759917 -0.077102 0.870179 -0.486667 0.633794 -0.334026 -0.697662 0.769650 0.362237 0.525760
5.345352 -121.430929 -480.344093 -5240.056263 0.702599 -0.477812 0.527305 0.396377 0.878212 0.267637 -0.590966 0.020970 0.806424
3.493830 -131.738452 323.886468 -3983.533137 0.710889 -0.462881 0.529507 0.434370 0.881095 0.187067 -0.553136 0.097018 0.827423
6.599013 -128.715703 -523.970560 -2770.803807 0.699640 -0.483507 0.526047 0.539023 0.840455 0.055591 -0.468997 0.244657 0.848637
10.037482 -141.879181 -1635.175435 3213.880121 0.679186 -0.496259 0.540771 -0.663290 -0.730455 0.162736 -0.314250 0.469216 0.825278
8.845708 -131.546102 -1206.826324 -4013.859070 0.684613 -0.505393 0.525245 0.558390 0.826808 0.067744 -0.468514 0.246913 0.848250
1.118620 -229.121243 1610.538573 12598.323639 0.519540 -0.588363 0.619603 0.673839 -0.163744 -0.720506 0.525375 0.791844 0.311391
4.322586 -248.087707 879.964865 19468.879658 0.534585 -0.567418 0.626303 0.629861 -0.226601 -0.742918 0.563466 0.791637 0.236257
1.517639 -228.837302 -1469.977230 21248.349464 -0.481806 0.572380 -0.663509 0.426612 -0.508180 -0.748168 0.765418 0.643533 -0.000660
2.473567 -270.430322 1839.089470 20175.806621 0.566942 -0.577629 0.587300 0.759222 0.089773 -0.644611 0.319623 0.811348 0.489444
1.093905 -198.690724 -3367.966511 13534.355827 -0.467815 0.590831 -0.657318 0.458560 -0.473531 -0.751992 0.755561 0.653213 0.049406
-1.265242 -202.503628 2867.320970 18013.438221 0.501721 -0.605005 0.618260 0.635557 -0.227029 -0.737919 0.586808 0.763169 0.270609
12.776778 -163.633219 3616.696348 -32004.134865 -0.523898 0.315742 -0.791099 0.553785 -0.579417 -0.597995 -0.647189 -0.751387 0.128702
51.984828 -244.547897 10655.214553 -53208.224296 -0.463240 0.331494 -0.821900 0.748923 -0.349426 -0.563041 -0.473838 -0.876364 -0.086396
14.627812 -204.268199 -2963.368918 -43604.275963 0.593573 -0.398218 0.699352 0.519327 -0.474318 -0.710860 -0.614793 -0.785140 0.074737
-0.832293 -101.210520 -2108.499818 11748.249392 0.584800 -0.389703 0.711436 -0.388263 0.635577 0.667303 -0.712222 -0.666463 0.220378
4.762533 -1058.635932 43.979173 -358349.174427 0.601859 -0.656857 0.454207 0.745984 0.665451 -0.026135 -0.285085 0.354561 0.890513
146.545117 -593.065703 -122130.187225 -172298.523624 0.090035 -0.646010 0.758001 0.985918 -0.049881 -0.159618 0.140925 0.761698 0.632422
83.806473 -392.942487 -53189.269485 -118682.850586 0.295734 -0.769787 0.565659 0.929512 0.368468 0.015475 -0.220340 0.521210 0.824494
17.953021 -9.108999 -1972.930266 -7647.816171 0.019387 0.937956 0.346211 -0.908180 -0.128295 0.398433 -0.418130 0.322146 -0.849346
16.987742 0.832658 -2060.159020 -10594.914470 0.015196 0.952218 0.305040 -0.927937 -0.100201 0.359016 -0.372427 0.288513 -0.882076
20.033904 11.436103 -1622.818996 -8549.427885 -0.050162 0.907087 0.417943 -0.917780 -0.206912 0.338921 -0.393908 0.366579 -0.842886
-4.224591 -71.932779 427.820716 -1648.755261 0.121623 -0.977882 0.170161 0.991260 0.128490 0.029902 -0.051104 0.165037 0.984962
-3.362557 -72.366286 -922.017189 -572.932372 -0.138589 0.977245 -0.160578 0.974843 0.163195 0.151816 -0.174567 0.135498 0.975278
-3.422006 -74.441813 957.282531 -447.047613 0.110980 -0.981244 0.157617 0.993821 0.109886 -0.015671 -0.001943 0.158382 0.987376
14.484970 -312.023807 247.964537 5719.210485 0.193966 -0.716814 0.669742 0.963584 0.011113 -0.267173 0.184071 0.697176 0.692866
19.807535 -428.477580 -800.068979 -76037.914592 0.232194 -0.716502 0.657808 0.944124 0.328662 0.024730 -0.233916 0.615310 0.752779
20.227861 -319.659908 -1832.654022 -37130.296254 0.154477 -0.687480 0.709583 0.963022 0.265235 0.047322 -0.220739 0.676034 0.703031
12.650280 -341.527193 -887.955425 -12734.700815 0.150470 -0.668070 0.728726 0.967713 -0.051240 -0.246791 0.202214 0.742332 0.638790
11.499227 -301.225666 -228.152940 42243.165447 0.187631 -0.681396 0.707456 0.793385 -0.319487 -0.518139 0.579081 0.658504 0.480664
-39.125712 -84.466083 -3771.857034 5064.371334 -0.492302 0.711729 0.501080 0.396452 0.695841 -0.598858 0.774896 0.096165 0.624730
-26.619291 -82.879785 -7537.154120 7494.018112 -0.397177 0.710524 0.580867 0.317678 0.700242 -0.639329 0.861006 0.069398 0.503838
-24.067209 -80.063420 -6557.196823 15880.774733 -0.355431 0.745597 0.563697 0.146948 0.640150 -0.754065 0.923079 0.185184 0.337093
58.607173 -91.419728 -2477.703068 10225.385206 -0.616992 0.104944 0.779941 0.636510 -0.516269 0.572993 0.462791 0.849972 0.251736
75.841117 -84.160064 -4515.783058 10237.670800 -0.537436 0.170750 0.825837 0.583832 -0.631312 0.510475 0.608524 0.756498 0.239601
54.950522 -84.674610 -1214.500941 9657.309241 0.777186 0.004276 -0.629257 0.543638 -0.508184 0.667987 0.316922 0.861238 0.397278
58.033247 -80.250966 -8364.493892 6771.609370 0.873857 0.116891 -0.471922 0.452547 -0.550331 0.701667 0.177695 0.826724 0.533809
84.359604 -86.585509 -19667.049693 13366.347819 0.981814 0.127411 -0.140737 -0.045798 -0.560476 -0.826903 0.184237 -0.818311 0.544448
106.335415 -64.469081 -26114.007912 3125.914728 0.982824 0.093363 -0.159186 -0.096637 -0.474497 -0.874937 0.157220 -0.875292 0.457324
48.196231 -72.339940 -15384.671377 4650.269009 0.995573 0.012240 -0.093187 -0.073681 -0.513908 -0.854675 0.058351 -0.857758 0.510731
102.618751 -79.152282 -26460.193719 -12466.461500 0.986246 0.076779 -0.146365 -0.102840 -0.408186 -0.907088 0.129390 -0.909664 0.394676
43.162180 -87.290437 -12961.093588 -11316.675251 0.997995 0.025241 -0.058033 -0.042168 -0.418548 -0.907215 0.047189 -0.907844 0.416644
16.158569 -41.711247 1147.886809 -1597.091381 0.012550 0.924842 0.380144 0.995710 0.023294 -0.089545 -0.091670 0.379637 -0.920583
18.323549 -46.895604 -1055.183052 -790.915211 -0.015715 0.942210 0.334653 0.998748 -0.001109 0.050021 0.047502 0.335020 -0.941013
16.253338 -43.737845 2484.807254 -1120.492049 -0.036912 0.904360 0.425171 0.999154 0.025683 0.032115 0.018124 0.425997 -0.904543
14.550349 -45.555844 -2385.685792 -1512.606189 0.015398 0.959633 0.280833 0.996096 0.009694 -0.087741 -0.086921 0.281088 -0.955738
11.260909 -37.974297 2737.427168 -1690.453344 -0.007403 0.896742 0.442493 0.993841 0.055525 -0.095898 -0.110565 0.439058 -0.891630
16.982007 -39.303945 358.575306 -1988.464416 0.069008 0.938697 0.337767 0.976665 0.005455 -0.214699 -0.203380 0.344701 -0.916416
13.882491 -35.543272 2903.139625 -1824.750008 0.059460 0.909142 0.412220 0.978011 0.029637 -0.206436 -0.199897 0.415431 -0.887389
-2.500478 -64.118692 -230.225747 28.799810 -0.250500 0.944384 -0.213045 -0.287178 0.137670 0.947932 -0.924542 -0.298639 -0.236720
-3.031405 -63.843129 -75.793730 159.251245 -0.244854 0.946382 -0.210731 -0.233040 0.153530 0.960271 -0.941137 -0.284235 -0.182952
-2.949844 -64.782952 310.421799 -476.087678 -0.235060 0.947330 -0.217513 -0.404764 0.108053 0.908015 -0.883693 -0.301479 -0.358046
-3.453407 -63.181249 -76.319416 -513.224043 -0.232581 0.948343 -0.215756 -0.351250 0.124962 0.927905 -0.906934 -0.291598 -0.304041
-4.114387 -62.482377 -554.770976 55.531042 -0.240548 0.947513 -0.210607 -0.184920 0.168268 0.968241 -0.952860 -0.271854 -0.134737
0.357353 -67.900655 564.355603 4744.763440 0.007247 0.928537 0.371169 0.221601 0.360458 -0.906070 0.975111 -0.088818 0.203152
4.041446 -81.456732 -1496.373146 6790.635737 0.017289 0.915808 0.401244 0.287472 0.379806 -0.879265 0.957633 -0.130548 0.256703
3.317603 -69.259912 -209.970480 -1652.885982 0.022798 0.939165 0.342709 0.152513 0.335519 -0.929606 0.988038 -0.073461 0.135586
2.643474 -63.280683 466.447830 -6086.174832 0.041827 0.955858 0.290836 0.155118 0.281349 -0.946985 0.987010 -0.084724 0.136503
0.848471 -194.886389 -820.918888 15645.656411 0.221085 0.974484 0.038769 0.268174 -0.022525 -0.963107 0.937659 -0.223325 0.266311
3.080776 -185.267436 436.646176 1394.320720 0.191305 0.979594 0.061635 0.521982 -0.048358 -0.851585 0.831226 -0.195085 0.520581
4.778509 -225.624634 -1374.292650 9796.950836 0.205728 0.976775 0.059891 0.564743 -0.068519 -0.822418 0.799213 -0.203017 0.565723
3.703110 -221.130986 -938.159174 22990.518720 0.219605 0.975588 -0.001438 0.180641 -0.042111 -0.982647 0.958719 -0.215534 0.185479
-9.464609 -45.006172 -380.716094 -300.258500 -0.018186 0.949273 -0.313926 -0.363444 -0.298775 -0.882407 0.931439 -0.098047 -0.350441
-8.173700 -44.755776 -309.753146 1563.372903 -0.021316 0.938749 -0.343943 -0.323658 -0.331974 -0.886024 0.945934 -0.092433 -0.310910
18.488201 -9.494623 -4328.206855 438.086716 0.711267 0.695556 -0.101497 0.377457 -0.499743 -0.779604 0.592981 -0.516196 0.617993
45.726090 -13.273599 -6863.444971 -3491.772952 0.449053 0.881149 0.148082 0.599113 -0.173980 -0.781533 0.662884 -0.439668 0.606034
35.380653 -18.062916 -10935.931850 -2788.742753 0.646870 0.757932 0.084253 0.493535 -0.331850 -0.803927 0.581362 -0.561618 0.588730
-5.583748 -37.044507 883.034559 -844.394375 -0.147224 0.978646 -0.143449 0.512669 0.199529 0.835080 -0.845870 -0.049402 0.531097
-6.280710 -37.960318 -381.948852 -587.453941 -0.172864 0.975721 -0.134489 0.542576 0.208293 0.813773 -0.822028 -0.067701 0.565409
-4.945331 -39.152024 510.922092 -1533.790063 -0.141499 0.982416 -0.121804 0.606998 0.183301 0.773275 -0.782004 -0.035482 0.622262
10.336551 -39.357962 -2515.856479 1802.631208 0.676093 0.728993 0.107085 -0.732801 0.680422 -0.005429 0.076821 0.074802 -0.994235
1.135040 -174.145223 56.153732 3964.335301 0.988155 0.139563 -0.063807 0.057617 0.047957 0.997186 -0.142230 0.989051 -0.039348
-0.957536 -168.143237 324.958930 11021.176699 0.983650 0.133476 -0.120899 0.149476 -0.230685 0.961479 -0.100445 0.963830 0.246865
4.019455 -177.917857 859.180501 -4945.789221 0.985879 0.150154 -0.074131 0.027156 0.293466 0.955584 -0.165240 0.944103 -0.285245
-24.993035 -44.455794 786.670329 585.266714 -0.181386 0.942857 0.279498 -0.820993 0.011273 -0.570826 0.541359 0.333006 -0.772035
-25.447323 -43.684801 -519.858184 853.650416 -0.178021 0.967736 0.178313 -0.770620 -0.024419 -0.636827 0.611926 0.250780 -0.750104
6.112425 -435.078698 2888.846775 -64661.760186 0.966740 0.226527 0.118740 -0.220278 0.973367 -0.063521 -0.129967 0.035252 0.990891
6.321987 -488.688933 2053.048291 65345.644120 0.973296 0.175795 0.147621 0.080896 -0.864483 0.496110 -0.214829 0.470920 0.855618
87.169242 -128.227500 -18517.513101 -15394.422895 -0.077982 -0.837996 -0.540075 0.969600 0.062280 -0.236637 0.231936 -0.542110 0.807665
45.972424 -110.751415 5148.017184 -4849.822545 0.070731 0.836406 0.543528 0.861556 0.223385 -0.455872 0.502710 -0.500524 0.704811
81.589789 -130.864750 -19803.732536 -5797.288509 -0.005501 -0.793382 -0.608699 0.876107 0.289629 -0.385422 0.482084 -0.535406 0.693495
86.170415 -154.216606 -8237.005129 -17864.096664 -0.105827 -0.666760 -0.737721 0.960315 0.124005 -0.249835 0.258061 -0.734884 0.627177
6.965341 -55.765164 -131.961332 1011.611296 -0.212223 0.950061 -0.228791 0.170002 0.266448 0.948739 -0.962321 -0.162449 0.218058
4.939019 -55.786167 -1122.369439 1387.547170 -0.250911 0.942848 -0.219274 0.151572 0.261993 0.953093 -0.956070 -0.205906 0.208646
6.022667 -61.522419 -527.738841 2299.365698 -0.229078 0.941557 -0.246970 0.008264 0.255589 0.966750 -0.973373 -0.219421 0.066331
187.904008 -19.544428 -75162.596663 4312.284500 0.905212 0.424943 0.003893 0.298246 -0.628742 -0.718145 0.302723 -0.651235 0.695882
403.223937 8.158073 -125201.490101 13090.561371 0.920633 0.380629 -0.086931 0.182172 -0.615710 -0.766625 0.345324 -0.689944 0.636183
61.568280 14.423670 -10170.425711 5946.051435 0.899355 -0.016674 -0.436901 -0.311996 -0.724526 -0.614590 0.306299 -0.689046 0.656808
126.542370 -143.002821 -29094.045223 -20815.799739 -0.134121 -0.813293 -0.566186 0.990964 -0.109183 -0.077910 0.001545 -0.571519 0.820588
104.332089 -149.901495 4408.078970 -22900.353015 -0.152524 -0.558601 -0.815292 0.987015 -0.128145 -0.096850 -0.050375 -0.819478 0.570893
72.346381 -40.081784 -19568.856413 4873.495932 0.783914 -0.543647 -0.299879 0.408660 0.815420 -0.409984 0.467414 0.198844 0.861386
1.353452 -43.841990 -1330.246783 -1613.430129 0.079835 0.984682 -0.155008 0.374981 0.114415 0.919945 -0.923589 0.131569 0.360103
2.723322 -44.245864 489.693231 -1386.085745 0.100146 0.975935 -0.193703 0.406073 0.137640 0.903416 -0.908337 0.169131 0.382517
2.049445 -41.748832 1753.136293 -1521.805242 0.121886 0.971061 -0.205390 0.301555 0.160921 0.939771 -0.945626 0.176481 0.273215
-6.279062 -60.002435 -849.687824 583.673668 -0.049741 0.955558 -0.290577 0.893264 -0.087582 -0.440919 0.446773 0.281493 0.849209
-7.690387 -58.064479 -380.226574 1254.291310 -0.033270 0.946772 -0.320180 0.823157 -0.155733 -0.546040 0.566839 0.281725 0.774161
-4.948671 -62.673167 -1448.314330 -237.042984 -0.078849 0.965312 -0.248910 0.944418 -0.007604 -0.328660 0.319152 0.260989 0.911058
-4.808822 -59.557967 -1020.451154 1385.228622 -0.034298 0.953675 -0.298877 0.798589 -0.153655 -0.581933 0.600898 0.258639 0.756325
-2.851322 -61.576890 -2245.395750 994.666688 -0.037852 0.964202 -0.262454 0.862044 -0.101332 -0.496601 0.505418 0.245044 0.827349
3.328406 -142.182269 283.390024 7430.921675 0.222946 -0.894097 0.388441 0.974787 0.208269 -0.080094 -0.009288 0.396504 0.917986
3.535122 -129.936047 1073.237071 12986.023147 0.198247 -0.903473 0.380045 0.932757 0.054788 -0.356318 0.301102 0.425129 0.853583
1.663316 -132.759106 1033.788119 11341.911879 0.199774 -0.906770 0.371293 0.964707 0.115677 -0.236556 0.171552 0.405447 0.897877
4.116574 -132.680786 -214.796979 13111.473010 0.189228 -0.898756 0.395514 0.932918 0.038884 -0.357982 0.306360 0.436722 0.845823
0.935096 -140.568350 1819.197035 -1138.276124 0.229901 -0.905919 0.355606 0.946894 0.292620 0.133287 -0.224805 0.306079 0.925083
1.122963 -143.650235 -540.744315 -5643.111426 -0.250686 0.886574 -0.388771 0.877679 0.377590 0.295134 -0.408455 0.267230 0.872785
3.343200 -146.845512 -202.280328 13857.933794 0.213214 -0.892096 0.398379 0.966588 0.133221 -0.218997 0.142294 0.431761 0.890694
3.427956 -152.164102 -559.236565 43.076375 0.240607 -0.878294 0.413168 0.938599 0.318976 0.131474 -0.247264 0.356166 0.901114
1.778386 -125.181018 -152.730996 -8801.326141 0.703835 -0.436793 0.560204 0.274472 0.894589 0.352670 -0.655196 -0.094461 0.749530
3.288623 -134.085904 -693.456459 -4000.202529 0.687119 -0.451434 0.569275 0.493657 0.864979 0.090080 -0.533076 0.219131 0.817197
2.279603 -122.876981 291.672461 -6808.975080 0.717240 -0.442321 0.538442 0.207625 0.873262 0.440801 -0.665176 -0.204366 0.718175
-1.042799 -99.299059 -184.508725 1212.044320 -0.156808 0.743708 -0.649854 0.984236 0.172170 -0.040458 0.081797 -0.645953 -0.758982
-1.531830 -119.153321 210.535095 -1075.663826 -0.166433 0.752054 -0.637742 0.983740 0.170907 -0.055188 0.067490 -0.636557 -0.768271
-2.862253 -106.524046 -506.304397 2653.272470 -0.200533 0.734239 -0.648599 0.968726 0.049856 -0.243071 -0.146136 -0.677058 -0.721274
0.014887 -108.669554 -85.878371 -1910.295125 -0.125517 0.754127 -0.644622 0.951459 0.275553 0.137101 0.281019 -0.596123 -0.752107
6.050311 -254.129337 216.847141 -33873.254022 0.561630 -0.541355 0.625705 -0.521697 0.355262 0.775642 0.642187 0.762053 0.082898
2.929378 -235.552715 520.941517 -26150.844575 -0.521392 0.542937 -0.658308 -0.355770 0.562907 0.746032 0.775615 0.623181 -0.100335
7.079399 -277.645984 -14.833930 23950.883024 0.573638 -0.547742 0.609030 0.726352 -0.003526 -0.687314 0.378618 0.836640 0.395830
6.413404 -278.820596 224.659756 -3211.095775 0.568812 -0.554212 0.607702 0.796071 0.185297 -0.576139 0.206698 0.811489 0.546591
13.807027 -13.077638 -357.707621 -10108.177652 0.130239 0.965480 0.225579 -0.906608 0.023863 0.421299 -0.401373 0.259381 -0.878420
16.036595 12.931330 2158.903672 -8028.308474 0.448183 0.889984 0.084024 -0.814790 0.368023 0.447969 -0.367762 0.269234 -0.890092
22.329183 17.687829 -7933.316078 -534.570300 -0.837737 0.267050 0.476321 0.371563 0.917969 0.138832 -0.400173 0.293288 -0.868242
-2.993369 -60.047926 -429.184976 -1069.891439 -0.073620 0.845165 -0.529412 -0.869236 -0.314612 -0.381377 0.488886 -0.432106 -0.757809
-0.618416 -60.720373 -284.248225 -541.191258 -0.078056 0.845580 -0.528111 0.953160 0.218569 0.209080 0.292222 -0.487054 -0.823034
-4.485151 -61.136271 -1388.068099 -9.475735 -0.115640 0.819470 -0.561335 0.907790 0.316571 0.275136 0.403168 -0.477757 -0.780515
-0.736629 -59.377856 -704.076277 -1714.407511 -0.121334 0.828738 -0.546326 0.973742 0.206185 0.096509 0.192625 -0.520271 -0.831994
-5.900206 -57.801879 -1808.570894 -1553.841034 -0.093740 0.825022 -0.557271 -0.806408 -0.391184 -0.443488 0.583883 -0.407815 -0.701974
16.642477 -399.447950 -1623.556549 -82405.778827 -0.198459 0.760046 -0.618824 0.796533 0.492971 0.350022 -0.571095 0.423449 0.703236
26.395090 -454.531069 3769.316003 -113623.022396 -0.183263 0.660796 -0.727849 0.762172 0.563128 0.319345 -0.620894 0.496222 0.606840
-58.744809 -82.529755 -442.336478 2108.770754 0.579215 -0.700388 -0.417094 0.482332 0.706941 -0.517292 0.657165 0.098446 0.747290
-54.747663 -78.816353 991.924706 4366.278032 -0.484976 0.863866 0.136135 0.556294 0.424849 -0.714171 0.674785 0.270625 0.686606
85.101629 -73.691563 5316.335068 -9575.928597 0.438112 -0.259175 -0.860747 -0.506680 0.719736 -0.474611 0.742518 0.644057 0.184006
86.028356 -57.046288 7374.524276 -7579.236284 0.378784 -0.389079 -0.839726 -0.342343 0.784073 -0.517717 0.859839 0.483577 0.163796
91.668043 -47.790968 6232.119765 -5525.043561 0.558217 -0.219446 -0.800148 -0.405546 0.769168 -0.493876 0.723827 0.600187 0.340367
84.925649 -37.339405 4118.098048 -5203.716674 0.547245 -0.298495 -0.781936 -0.299956 0.802242 -0.516173 0.781377 0.517019 0.349487
83.808032 -30.388525 -478.571758 -3522.494476 0.703202 -0.098265 -0.704167 -0.365744 0.799317 -0.476785 0.609704 0.592821 0.526141
96.800416 -99.617667 -12491.142306 11981.585924 0.913367 0.335257 -0.231008 0.036886 -0.633200 -0.773109 0.405464 -0.697611 0.590710
-0.882530 -64.457316 -420.819515 1203.004624 -0.251431 0.942840 -0.218713 -0.216951 0.165321 0.962082 -0.943247 -0.289347 -0.162984
2.333983 -102.288542 -3669.627912 10348.591852 0.042406 0.881942 0.469447 0.575865 0.362393 -0.732838 0.816444 -0.301415 0.492512
7.176304 -93.933696 -3123.179348 10227.878497 0.040745 0.894875 0.444453 0.451896 0.380225 -0.806982 0.891140 -0.233727 0.388898
-11.080080 -40.942870 -460.409665 733.870200 -0.063047 0.953355 -0.295193 -0.492730 -0.286953 -0.821508 0.867895 -0.093657 -0.487838
-11.140371 -44.974907 -525.880663 -1087.651027 -0.054331 0.953420 -0.296712 -0.352249 -0.296348 -0.887749 0.934328 -0.056284 -0.351942
-11.101564 -41.103447 -218.669387 2694.582068 -0.076242 0.950037 -0.302682 -0.640361 -0.279341 -0.715476 0.764281 -0.139277 -0.629664
-12.119244 -43.582464 -43.738796 -710.989168 -0.103957 0.951796 -0.288578 -0.416957 -0.305128 -0.856180 0.902962 -0.031319 -0.428578
-11.666209 -40.246571 -152.714827 2738.053277 -0.108815 0.950572 -0.290812 -0.569572 -0.299385 -0.765478 0.814707 -0.082343 -0.573997
33.629302 -2.214209 -8894.319662 -2672.565686 0.333642 0.911672 0.239869 0.678837 -0.055793 -0.732166 0.654113 -0.407113 0.637491
-4.615633 -41.014399 1312.148485 856.888496 -0.177782 0.975911 -0.126454 -0.394989 -0.188462 -0.899147 0.901320 0.109905 -0.418979
-4.801754 -38.293509 1552.202741 840.948608 -0.186011 0.974320 -0.126889 -0.511090 -0.206243 -0.834416 0.839158 0.090359 -0.536329
-0.476637 -40.726722 1421.116912 1345.902366 -0.181929 0.975463 -0.123990 -0.448365 -0.194516 -0.872429 0.875140 0.103128 -0.472752
-1.749707 -44.399620 1213.682844 1273.307171 -0.183829 0.971735 -0.148114 -0.324153 -0.202183 -0.924146 0.927972 0.121873 -0.352158
-2.530538 -130.235002 3096.990551 -2752.674022 0.994473 -0.073622 -0.074850 0.073715 -0.018026 0.997116 0.074759 0.997123 0.012499
3.702165 -137.179637 2395.483187 -2977.464688 0.996161 -0.071104 -0.051067 0.057344 0.089226 0.994359 0.066146 0.993470 -0.092961
-3.232786 -121.185519 3307.908382 -3654.850386 0.996094 -0.076867 -0.043459 0.062643 0.268266 0.961306 0.062234 0.960273 -0.272033
3.536310 -126.291238 1910.057374 -5287.812894 0.998330 -0.047021 -0.033554 0.049872 0.408492 0.911399 0.029148 0.911550 -0.410155
-2.342417 -110.553517 3049.230701 -4359.746839 0.997422 -0.071011 -0.010287 0.047106 0.539907 0.840406 0.054124 0.838724 -0.541860
-0.661743 -139.601191 -1813.690104 -7823.475515 0.969366 0.242859 0.036741 -0.174937 0.787635 -0.590787 0.172417 -0.566261 -0.805991
-3.921627 -146.483674 -1960.194377 3989.550225 0.972894 0.230130 0.022752 -0.136817 0.652128 -0.745661 0.186436 -0.722336 -0.665937
0.393506 -145.062324 -1783.448137 -5542.551966 0.973945 0.223627 0.037705 -0.118658 0.644180 -0.755614 0.193264 -0.731453 -0.653931
0.710686 -131.754794 -2300.936975 4655.011732 0.970385 0.241305 0.011162 -0.225110 0.920088 -0.320568 0.087625 -0.308562 -0.947160
-3.791651 -131.732470 -937.575272 -435.884406 0.964897 0.257276 0.052746 -0.223084 0.908898 -0.352332 0.138587 -0.328197 -0.934388
2.843904 -139.980578 -1944.869460 -7359.803390 0.973020 0.228285 0.033435 -0.167850 0.799830 -0.576279 0.158298 -0.555119 -0.816569
-24.139843 -45.456122 -423.347745 306.940344 -0.211000 0.970011 0.120654 -0.657287 -0.049436 -0.752018 0.723501 0.237980 -0.648006
37.599001 -1138.636592 16123.494287 363457.125196 0.993340 0.086543 0.076064 0.105194 -0.950533 -0.292268 -0.047008 -0.298323 0.953307
5.443698 -378.720526 -346.261651 3019.262111 0.927109 0.347443 0.140544 0.362121 -0.733713 -0.574921 0.096634 -0.583908 0.806048
2.870823 -517.563099 4568.786072 68310.832495 0.959967 0.262594 0.097504 0.273298 -0.801730 -0.531543 0.061408 -0.536911 0.841401
-3.655763 -3658.425070 -9840.976557 1331199.088557 0.995523 -0.008344 -0.094156 0.019158 0.993234 0.114540 -0.092563 0.115831 -0.988947
297510.562627 4226.892163 4871010029.428710 -64850589.412204 -0.145180 0.783912 -0.603660 0.974023 0.220406 0.051967 0.173787 -0.580434 -0.795546
53.798266 -7119.299690 11871.533204 -2272892.187675 0.954700 0.073784 -0.288277 -0.227430 -0.443809 -0.866781 0.191895 -0.893079 0.406923
-10.007984 -47.526075 914.918192 943.403557 -0.105577 0.993258 0.047883 -0.992194 -0.108433 0.061586 -0.066363 0.041007 -0.996953
-9.961551 -47.999412 958.852748 680.564723 -0.120094 0.989465 0.080848 -0.989438 -0.125953 0.071750 -0.081177 0.071377 -0.994141
-9.408851 -47.896326 1123.869624 22.597978 -0.112370 0.990189 0.083064 0.992330 0.107492 0.061043 0.051515 0.089287 -0.994673
-9.275636 -44.912399 95.951263 1482.925560 -0.087119 0.994952 0.049807 -0.977280 -0.095055 0.189440 -0.193218 0.032172 -0.980628
25.519734 -22.513306 7592.166152 701.933222 -0.350487 0.936326 0.021293 0.681784 0.270662 -0.679641 0.642129 0.223688 0.733236
26.174119 -23.749156 8322.624283 -1167.300368 -0.437910 0.891945 0.112560 0.624094 0.391723 -0.676062 0.647102 0.225806 0.728197
40.495508 -33.265718 6699.335993 -554.236438 -0.290827 0.944438 0.153153 0.663388 0.314394 -0.679024 0.689446 0.095879 0.717963
46.100802 -39.028665 4336.328474 395.304387 -0.074836 0.991775 0.103835 0.777041 0.123258 -0.617264 0.624985 -0.034491 0.779874
38.272943 -27.536940 9457.403482 2041.225055 -0.237394 0.971064 -0.026067 0.721467 0.158280 -0.674116 0.650484 0.178837 0.738165
47.325467 -56.208176 -2940.020458 -117.643986 -0.064426 0.928648 0.365324 0.675124 0.310150 -0.669339 0.734886 -0.203516 0.646935
3.558383 -68.413721 -575.719991 1488.344546 -0.227413 0.932963 -0.279039 -0.323529 0.197885 0.925295 -0.918484 -0.300701 -0.256840
3.890732 -65.368376 -786.487410 2415.342287 -0.241083 0.936265 -0.255514 -0.169234 0.218690 0.961007 -0.955635 -0.274924 -0.105726
1.646204 -67.358573 -829.143408 408.182763 -0.241010 0.934040 -0.263596 -0.363819 0.164845 0.916767 -0.899750 -0.316851 -0.300092
1.910695 -68.776595 -513.253253 -1217.346415 -0.223213 0.931841 -0.286093 -0.499290 0.142776 0.854591 -0.837189 -0.333599 -0.433389
24.799979 -396.978805 -1548.523582 -70070.614712 -0.058236 0.971369 -0.230328 0.971971 0.107811 0.208922 -0.227772 0.211706 0.950421
34.311428 -385.587640 -4683.064719 22653.807332 -0.016263 0.983962 -0.177636 0.964866 -0.031151 -0.260888 0.262238 0.175637 0.948885
22.036397 -391.482434 -1520.625801 -76860.259281 0.045390 0.985479 -0.163621 0.973736 -0.007064 0.227572 -0.223111 0.169653 0.959916
42.898006 -560.574641 -300.205740 71579.594651 -0.049467 0.955376 -0.291222 0.925959 -0.065425 -0.371913 0.374370 0.288057 0.881402
26.532494 -431.669424 -1901.723062 -122241.695029 -0.101914 0.954605 -0.279896 0.864970 0.224009 0.449052 -0.491367 0.196337 0.848534
40.657972 -712.087892 3412.567292 -201561.950105 0.181615 -0.931493 0.315177 0.976837 0.207774 0.051184 -0.113163 0.298580 0.947652
21.899622 -805.587257 315.611555 -253510.301750 -0.072459 0.968478 -0.238329 0.740433 0.212330 0.637711 -0.668214 0.130258 0.732478
88.798439 -115.421011 21914.420480 -3672.622604 0.769373 0.628521 -0.114135 0.419020 -0.361688 0.832829 -0.482169 0.688581 0.541636
117.864767 -128.282859 15536.675021 957.877536 0.620274 0.782578 0.053218 0.527806 -0.466604 0.709719 -0.580242 0.412132 0.702472
112.462790 -116.684713 19578.419321 -4251.162436 0.651815 0.750908 0.106181 0.295766 -0.380626 0.876154 -0.698327 0.539685 0.470191
82.564476 -91.213120 14085.350655 -7317.414370 0.594099 0.774835 0.216050 -0.015482 -0.257524 0.966148 -0.804243 0.577332 0.140999
59.301130 -93.518485 16741.468899 -8556.620201 0.752325 0.658763 0.006198 0.171501 -0.204925 0.963635 -0.636078 0.723904 0.267149
394.546173 -75.582230 -109192.544888 4296.392464 0.835579 -0.377347 -0.399270 0.322715 0.925311 -0.199136 0.444592 0.037544 0.894946
143.413275 -34.836242 -39954.526964 2702.979738 0.806575 -0.294962 -0.512284 0.163064 0.944010 -0.286800 0.568196 0.147791 0.809513
48.361627 -25.278493 -13848.035078 5292.947368 0.791597 -0.483648 -0.373442 0.295175 0.837786 -0.459332 0.535020 0.253375 0.805950
-1.601856 -44.189162 -2169.181363 -1408.556731 0.086390 0.985711 -0.144602 0.389126 0.100230 0.915716 -0.917125 0.135377 0.374907
-5.048897 -41.188571 -2405.668262 -1338.000099 0.097576 0.987628 -0.122762 0.282280 0.090821 0.955023 -0.954357 0.127841 0.269926
-9.697904 -56.651864 290.963296 1203.301804 -0.049799 0.937517 -0.344357 0.841387 -0.146391 -0.520228 0.538134 0.315644 0.781525
