15644
31281
-25.525025 -38.782663 95.803073 3107.704236 0.887373 -0.024567 -0.460398 -0.146401 0.931884 -0.331901 0.437191 0.361923 0.823332
-31.711971 -47.905561 -560.099738 2592.795972 0.879200 0.073293 -0.470782 -0.153573 0.978955 -0.134394 0.451024 0.190459 0.871953
-30.809152 -49.923969 19.229539 3779.421043 0.772025 0.320208 -0.549040 -0.402335 0.914928 -0.032138 0.492041 0.245709 0.835178
-27.045073 -42.679716 191.284365 2877.696450 0.922475 -0.190776 -0.335625 0.074596 0.941067 -0.329892 0.378781 0.279281 0.882342
-24.085560 -46.667006 1495.733597 5738.126672 0.699715 0.361795 -0.616039 -0.512490 0.854960 -0.079989 0.497748 0.371683 0.783644
-19.157822 -32.044324 1389.210918 -3067.546586 0.840706 0.012696 -0.541342 0.265835 -0.880636 0.392189 0.471746 0.473624 0.743731
-20.475387 -29.588638 557.027856 -1344.750567 0.885436 -0.396206 -0.242950 -0.202699 -0.799611 0.565275 0.418230 0.451269 0.788314
-24.238904 -34.369156 207.917545 -2045.085784 0.903602 -0.375039 -0.207001 -0.238115 -0.841435 0.485066 0.356096 0.389016 0.849625
-25.806763 -44.409160 84.513425 -729.981638 0.355297 -0.447069 0.820910 0.207957 0.894006 0.396871 -0.911327 0.029707 0.410609
-26.381977 -43.805164 174.017349 205.432527 0.334614 -0.460763 0.822028 0.384021 0.863268 0.327560 -0.860559 0.206070 0.465805
-27.033984 -44.188429 616.450105 -22.522605 0.255804 -0.442016 0.859759 0.303016 0.881192 0.362879 -0.918012 0.167694 0.359351
-26.963523 -43.982754 820.815934 -1010.672407 0.274247 -0.449159 0.850320 0.153813 0.893326 0.422268 -0.949279 0.014985 0.314079
-24.958656 -41.868977 361.668303 -1062.310503 0.336827 -0.473094 0.814082 0.063590 0.874060 0.481639 -0.939417 -0.110462 0.324490
-24.898639 -42.205617 -397.382122 -889.659859 0.418768 -0.473517 0.774865 0.078821 0.869020 0.488457 -0.904666 -0.143474 0.401241
23.232565 -30.809407 473.229713 297.331946 0.708887 0.703015 -0.057007 0.676617 -0.700635 -0.226494 0.199170 -0.121987 0.972343
27.187404 -29.418818 264.128364 445.839073 0.713234 0.699473 -0.045104 0.642315 -0.677998 -0.357421 0.280586 -0.225954 0.932854
23.042501 -30.555088 -2917.956850 322.318551 0.746370 0.660608 0.080804 0.654027 -0.705564 -0.272815 0.123211 -0.256469 0.958667
20.070248 -31.563323 -3148.836122 -76.698233 0.743875 0.662200 0.090226 0.668021 -0.732714 -0.129911 0.019918 -0.156911 0.987412
22.806543 -31.395740 179.378751 48.025990 0.717040 0.696135 -0.035363 -0.691320 0.716729 0.091522 0.089057 -0.041178 0.995175
23.022040 -31.503648 2493.566276 50.649239 0.684319 0.712852 -0.153455 0.706679 -0.700227 -0.101428 0.179756 0.039034 0.982936
6.795918 -31.562487 -4125.428755 -1361.006826 0.306437 0.895188 0.323627 0.566090 -0.444712 0.694099 -0.765270 0.029496 0.643034
-1.180330 -26.651358 -2038.039096 728.874288 0.382977 0.832175 0.401016 0.446519 -0.546797 0.708261 -0.808671 0.092187 0.580993
16.103792 -23.341248 -6679.435222 -1101.326431 0.167608 0.979928 0.107933 0.565437 -0.185238 0.803721 -0.807582 0.073680 0.585135
-0.525902 -20.998497 -2285.870504 228.436641 0.347663 0.845242 0.405829 0.371747 -0.521616 0.767932 -0.860776 0.116116 0.495563
32.055948 -33.692081 -9721.440810 -2509.567676 0.175396 0.978521 0.108315 0.638579 -0.196814 0.743963 -0.749302 0.061320 0.659383
14.745516 -16.419321 -6808.924875 -2162.865050 0.132670 0.991097 -0.011221 0.521786 -0.060213 0.850948 -0.842697 0.118750 0.525129
3.646915 -32.951930 -25.499221 -1228.103613 0.701555 0.680652 -0.211030 0.540099 -0.314681 0.780557 -0.464880 0.661581 0.588385
0.114547 -35.241450 320.121313 -564.569219 0.741799 0.652179 -0.156194 0.540999 -0.444325 0.714070 -0.396300 0.614197 0.682428
4.693154 -32.974926 1586.581400 -807.257107 0.720558 0.662595 -0.204364 0.567873 -0.394781 0.722266 -0.397890 0.636487 0.660733
4.598463 -34.299669 -461.364294 8.302774 0.706647 0.685429 -0.175606 0.626974 -0.491536 0.604397 -0.327955 0.537196 0.777088
1.441717 -38.830423 -62.121927 -140.769233 -0.885911 0.378736 0.267806 0.330490 0.920491 -0.208503 -0.325480 -0.096208 -0.940642
1.316735 -36.233523 126.611741 -150.849196 -0.891836 0.360524 0.273224 0.269919 0.908807 -0.318140 -0.363006 -0.209980 -0.907819
2.635529 -37.312927 360.234216 -154.382158 -0.874214 0.404222 0.268989 0.362253 0.911879 -0.193001 -0.323301 -0.071282 -0.943608
0.286181 -38.348652 153.647573 -81.021313 -0.898561 0.322669 0.297445 0.223494 0.919769 -0.322606 -0.377676 -0.223404 -0.898583
2.511429 -37.801419 345.585078 -40.205145 -0.871437 0.408747 0.271153 0.385086 0.912511 -0.137957 -0.303820 -0.015804 -0.952598
1.369822 -41.483396 -211.231229 -417.159915 -0.895238 0.345509 0.281378 0.291585 0.931746 -0.216394 -0.336939 -0.111679 -0.934880
2.236178 -39.863386 -174.316210 -322.417687 -0.872904 0.415072 0.256425 0.403003 0.909656 -0.100574 -0.275004 0.015548 -0.961317
2.216540 -42.503478 42.121508 -273.365522 -0.873371 0.396489 0.282876 0.389650 0.917250 -0.082619 -0.292226 0.038065 -0.955592
0.071322 -39.387480 -218.476276 2085.042591 0.812128 -0.319411 -0.488288 0.340994 0.938889 -0.047024 0.473468 -0.128313 0.871415
-0.987358 -41.306880 -281.339458 1111.409328 0.820958 -0.294491 -0.489185 0.393298 0.912738 0.110568 0.413937 -0.283167 0.865143
-1.553535 -41.642069 -295.367742 2030.799134 0.817347 -0.292227 -0.496536 0.327145 0.944811 -0.017537 0.474257 -0.148106 0.867839
-0.070133 -42.848539 -477.007756 212.965968 0.813950 -0.323319 -0.482649 0.310908 0.944258 -0.108222 0.490736 -0.061972 0.869102
-2.853825 -43.301994 -684.737381 -189.786097 0.826239 -0.270939 -0.493884 0.282626 0.957786 -0.052613 0.487290 -0.096114 0.867935
-4.678135 -40.229679 -590.350177 1593.057893 0.830991 -0.231587 -0.505788 0.290946 0.955889 0.040337 0.474135 -0.180676 0.861715
-10.961437 -56.816122 -146.793782 -283.262633 0.686741 0.134290 -0.714390 0.517638 0.599632 0.610322 -0.510331 0.788928 -0.342278
-10.140305 -55.955647 379.503135 -398.162216 0.722015 0.109440 -0.683167 0.377345 0.765341 0.521406 -0.579919 0.634252 -0.511291
-11.461724 -55.125959 237.017110 269.161473 0.684948 0.147078 -0.713593 0.438377 0.699103 0.564871 -0.581955 0.699730 -0.414374
-11.327730 -55.222278 -184.911146 496.924360 -0.690720 -0.154952 0.706326 0.316580 0.813393 0.488025 -0.650141 0.560697 -0.512772
-11.934791 -55.611396 196.039438 -642.709535 0.680264 0.137370 -0.719980 0.548701 0.555830 0.624484 -0.485972 0.819867 -0.302736
-3.610732 -63.581537 -465.881067 2818.986544 0.678102 0.171640 -0.714645 0.714293 -0.382911 0.585802 -0.173098 -0.907700 -0.382253
-3.646030 -70.164878 139.749108 -1461.239495 0.686692 0.176995 -0.705072 -0.649404 0.585238 -0.485562 -0.326693 -0.791309 -0.516820
-5.566283 -72.300690 -783.421907 -1402.231767 0.692757 0.149608 -0.705483 -0.624678 0.613313 -0.483348 -0.360369 -0.775541 -0.518333
-5.560039 -67.132494 -1018.767073 -1867.707605 0.700783 0.163784 -0.694319 -0.670157 0.484764 -0.562044 -0.244527 -0.859173 -0.449475
-2.946649 -57.327351 -505.958733 3736.933758 0.696278 0.179444 -0.694980 0.716414 -0.233289 0.657516 -0.044143 -0.955707 -0.290990
-1.947786 -55.528667 -1016.140412 4027.040690 0.674592 0.162959 -0.719980 0.737553 -0.189328 0.648205 -0.030682 -0.968297 -0.247910
-1.943584 -54.166937 -512.759235 3630.815317 0.669650 0.167174 -0.723617 0.742676 -0.149321 0.652790 0.001079 -0.974554 -0.224149
-0.217966 -26.476322 -193.425746 -2494.306839 0.813775 -0.527168 -0.244671 0.237435 -0.082692 0.967877 0.530466 0.845728 -0.057876
1.099283 -23.246691 -660.151602 -2558.895078 0.798385 -0.497268 -0.339568 0.326956 -0.115552 0.937949 0.505650 0.859867 -0.070329
1.599913 -24.431839 -543.414116 -825.444382 0.779021 -0.489562 -0.391734 0.393908 -0.103949 0.913253 0.487815 0.865750 -0.111865
4.773509 -24.276523 -857.127437 1850.163949 0.769060 -0.486584 -0.414466 0.422900 -0.098858 0.900768 0.479273 0.868022 -0.129749
5.166964 -23.051351 304.948330 1507.814309 0.763192 -0.530617 -0.368758 0.380037 -0.092954 0.920289 0.522599 0.842499 -0.130712
1.287708 -26.265470 690.670566 -357.778746 0.782539 -0.563759 -0.264213 0.270242 -0.074747 0.959887 0.560894 0.822550 -0.093858
1.635296 -23.419779 -1139.590260 1518.081792 0.759550 -0.460321 -0.459553 0.461144 -0.117179 0.879554 0.458727 0.879985 -0.123271
-1.306299 -25.509681 -921.532217 176.952610 0.761808 -0.470010 -0.445802 0.437562 -0.134119 0.889129 0.477691 0.872412 -0.103486
12.464077 -29.938480 -1361.709999 56.808041 0.663938 0.703780 -0.252746 0.537599 -0.684163 -0.492858 0.519783 -0.191351 0.832593
13.519979 -28.765926 -1917.468527 291.977974 0.672954 0.695616 -0.251499 0.471080 -0.665186 -0.579319 0.570277 -0.271379 0.775330
13.135435 -28.497622 216.478771 137.945646 0.663390 0.714001 -0.223868 0.485744 -0.638489 -0.596980 0.569181 -0.287288 0.770389
13.249855 -26.575952 -1666.679232 303.171998 0.671570 0.696254 -0.253426 0.414814 -0.636708 -0.650025 0.613941 -0.331412 0.716410
12.611614 -26.073817 538.085121 759.274587 0.665014 0.709049 -0.234531 0.390904 -0.598053 -0.699661 0.636357 -0.373605 0.674885
-2.671398 -60.866695 -397.036143 399.563374 0.984944 0.165330 0.050501 -0.098014 0.774718 -0.624664 0.142400 -0.610309 -0.779259
-3.173990 -66.566229 370.967702 -220.586924 0.981843 0.166085 0.091647 -0.082328 0.808355 -0.582911 0.170896 -0.564782 -0.807351
-2.858133 -67.104833 -127.256865 432.560956 0.978868 0.198744 0.048148 -0.098422 0.664268 -0.740986 0.179250 -0.720589 -0.669792
-2.085282 -72.542656 308.308101 -1006.723143 0.976876 0.200505 0.074241 -0.096241 0.722426 -0.684718 0.190923 -0.661739 -0.725017
-2.662631 -72.273013 472.822461 53.651453 0.970981 0.234857 0.045145 -0.096417 0.557164 -0.824786 0.218860 -0.796499 -0.563639
-3.736369 -72.727339 -349.602242 2135.716650 0.977384 0.208233 0.036863 -0.071902 0.491167 -0.868093 0.198872 -0.845810 -0.495032
-9.819875 -55.907876 -70.256216 -146.847138 0.706352 0.100957 -0.700624 0.574716 0.496029 0.650890 -0.413242 0.862417 -0.292349
-11.007653 -57.688887 -632.970895 -161.774451 0.682077 0.137077 -0.718318 0.623079 0.405264 0.668980 -0.382810 0.903865 -0.191011
-9.703957 -55.497142 42.608047 161.286610 0.716824 0.097945 -0.690341 0.492363 0.629942 0.600626 -0.493703 0.770442 -0.403332
-9.771707 -55.522198 -102.785156 -365.244533 0.699820 0.089744 -0.708659 0.646061 0.343694 0.681527 -0.304725 0.934784 -0.182544
-10.401851 -58.600882 883.113713 213.427965 0.734187 0.036973 -0.677940 0.557634 0.536783 0.633173 -0.387317 0.842910 -0.373482
-11.320139 -57.493760 1073.592663 69.299544 0.729670 0.032162 -0.683043 0.617701 0.397455 0.678583 -0.293303 0.917058 -0.270145
10091.437443 -229.514739 5688200.578073 -45720.961627 -0.428411 0.302562 -0.851422 -0.163015 0.900931 0.402180 0.888758 0.311093 -0.336647
1274.625007 -56.862499 -370575.298696 27216.943125 0.772117 0.382618 0.507384 -0.521794 0.837446 0.162528 0.362720 0.390241 -0.846254
316.376060 -4.227750 -73028.694773 -970.033480 0.952084 0.282361 0.117507 -0.305671 0.891142 0.335308 0.010037 0.355160 -0.934752
1880.905386 -132.862915 -374734.649303 37690.949600 0.826950 0.481006 -0.291180 -0.370539 0.855700 0.361218 0.422911 -0.190816 0.885853
526.847570 -24.961760 -145957.279458 4962.930316 0.931051 0.364385 -0.019181 -0.342670 0.891210 0.297189 -0.125386 0.270125 -0.954626
713.425416 -27.608598 -164193.665371 -5578.862524 0.652471 0.284810 -0.702257 -0.157673 0.957429 0.241804 0.741229 -0.047043 0.669602
1852.451576 -148.543020 -660481.013333 -46291.809975 0.380077 0.088144 -0.920745 -0.095910 0.993839 0.055550 0.919969 0.067195 0.386189
-5.073755 -178.677004 -1328.449679 20325.592935 0.953926 0.042037 0.297084 0.211111 -0.797619 -0.565010 -0.213208 -0.601695 0.769743
1.243846 -200.324567 -2928.660895 27245.443622 0.934959 0.061846 0.349324 0.227632 -0.859834 -0.457023 -0.272096 -0.506815 0.817987
4.519257 -164.427078 -3116.061156 26379.747184 0.939713 0.027989 0.340818 0.286722 -0.607633 -0.740657 -0.186362 -0.793724 0.579026
-6.654906 -176.748702 -1104.831897 500.314835 0.951522 0.075469 0.298177 -0.125294 0.980457 0.151675 -0.280903 -0.181682 0.942383
-5.096971 -144.772847 -1143.295656 18568.509142 0.958076 0.047493 0.282551 0.263017 -0.536908 -0.801594 -0.113633 -0.842303 0.526890
-10.645102 -177.375139 -946.862661 4246.569426 0.958773 0.082775 0.271852 0.149146 -0.960865 -0.233441 -0.241890 -0.264362 0.933596
-10.844160 -187.091194 -974.389020 24223.542798 0.961069 0.065461 0.268442 0.222291 -0.760215 -0.610459 -0.164112 -0.646365 0.745171
0.726778 -61.636658 265.874446 494.009486 0.910190 0.107742 0.399932 0.265213 -0.893274 -0.362938 -0.318145 -0.436410 0.841624
1.121774 -63.384733 -986.022444 452.083360 0.912501 0.045565 0.406529 0.244042 -0.858201 -0.451591 -0.328307 -0.511287 0.794229
-1.770819 -62.754168 -848.763361 431.799543 0.915176 0.016102 0.402732 -0.142510 0.947586 0.285957 -0.377019 -0.319094 0.869503
6.915317 -142.668372 1671.329290 11761.493286 0.943521 0.184631 0.275099 0.220389 0.270220 -0.937235 0.247380 -0.944930 -0.214268
5.719952 -116.004076 882.136182 245.107755 0.928509 0.130094 0.347773 0.224471 0.549416 -0.804832 0.295776 -0.825359 -0.480936
7.993244 -160.092354 -1028.048566 24459.336277 0.941742 0.132249 0.309246 0.228750 0.422203 -0.877165 0.246569 -0.896803 -0.367354
9.210483 -268.204619 -1297.270080 51052.699420 0.966662 0.117657 0.227425 0.227955 0.009115 -0.973629 0.116627 -0.993012 0.018010
-407.303075 -4658.999680 -112346.576588 13087317.450839 0.898323 0.346460 -0.270149 -0.261009 -0.073750 -0.962515 0.353396 -0.935161 -0.024178
-988.003132 -35473.681931 -96123.976413 18974787.505181 0.930450 -0.075566 -0.358542 0.103362 -0.884637 0.454680 0.351538 0.460116 0.815300
-336.925521 -14949.059652 -38497.088035 -1737636.929737 0.980694 0.072990 -0.181413 -0.145989 -0.343933 -0.927576 0.130098 -0.936153 0.326638
-236.248700 -13122.993074 -81862.520662 19247897.143163 0.994890 0.038312 -0.093418 -0.069349 0.931738 -0.356447 -0.073385 -0.361104 -0.929634
-9.581821 -20.760970 -1202.104480 488.876025 0.934040 0.226089 -0.276503 -0.212490 -0.270497 -0.938978 0.287085 -0.935797 0.204613
-5.454060 -15.096037 -766.587071 615.789905 0.944784 0.215676 -0.246712 -0.199878 -0.217324 -0.955416 0.259676 -0.951974 0.162215
-8.005743 -17.918825 -596.135372 -440.446663 0.963118 0.269031 0.005123 0.042702 -0.134017 -0.990059 0.265669 -0.953762 0.140562
-10.086405 -22.104432 -1220.207899 -964.214075 0.949160 0.293363 0.114160 0.147208 -0.093087 -0.984716 0.278252 -0.951458 0.131540
-7.270067 -21.705856 -1046.302834 -1845.140935 0.877554 0.283994 0.386324 0.390498 0.044219 -0.919541 0.278227 -0.957806 0.072095
18.241601 5.295002 -1884.826560 929.736293 0.405025 0.293135 0.866041 0.409005 0.789063 -0.458361 -0.817722 0.539863 0.199696
19.133257 7.345800 -666.962311 803.034684 0.424628 0.210337 0.880596 0.420623 0.815466 -0.397607 -0.801727 0.539235 0.257797
19.886716 6.225297 -55.697270 1401.098544 0.483578 0.237937 0.842341 0.411893 0.787277 -0.458846 -0.772332 0.568842 0.282705
18.476536 4.279404 -1493.045337 1088.585528 0.427415 0.293244 0.855175 0.406907 0.782301 -0.471626 -0.807306 0.549557 0.215044
-6.894607 -27.794887 1153.505597 -1159.994268 0.850784 -0.522338 0.057707 0.074593 0.228730 0.970628 0.520195 0.821490 -0.233563
-7.535349 -29.537309 1877.892811 -304.017297 0.851218 -0.520203 0.069406 0.088572 0.272749 0.957999 0.517284 0.809319 -0.278245
-12.126268 -31.729623 916.468478 -764.652023 0.866068 -0.453952 0.209414 -0.094914 0.261966 0.960399 0.490834 0.851647 -0.183794
2.020943 -89.230213 -868.019447 12735.035085 0.818917 -0.116192 -0.562026 -0.243587 0.816340 -0.523693 -0.519654 -0.565764 -0.640212
2.064556 -98.420242 -2504.369234 13388.850906 0.813613 -0.219433 -0.538407 -0.268795 0.679170 -0.682991 -0.515541 -0.700412 -0.493600
12.666850 -159.660523 -1810.371428 25687.658885 0.794619 -0.140044 -0.590735 -0.415247 0.584460 -0.697120 -0.442888 -0.799246 -0.406270
9.681119 -130.878635 -1857.836410 14272.450605 0.809719 -0.195231 -0.553390 -0.436953 0.428881 -0.790654 -0.391699 -0.882013 -0.261966
-61.121765 -1357.341682 6761.738014 168161.623298 0.703198 -0.384796 0.597867 0.692880 0.182277 -0.697634 -0.159469 -0.904825 -0.394794
-35.721617 -752.714834 -2285.120294 -5557.433225 -0.660924 0.487480 -0.570563 0.691219 0.099381 -0.715779 -0.292225 -0.867460 -0.402639
-10.249075 -534.158406 -155.951127 108642.808705 -0.566547 0.452749 -0.688508 0.791627 0.531039 -0.302199 0.228805 -0.716251 -0.659266
-28.680093 -451.013219 1214.707540 83605.410756 -0.590309 0.399156 -0.701577 0.664837 0.733334 -0.142172 0.457741 -0.550360 -0.698267
9.470557 -291.399413 -173.640817 -51434.694392 -0.464981 0.344604 -0.815500 0.217014 0.937398 0.272377 0.858311 -0.050324 -0.510657
25.237489 -1036.937803 3281.756625 -226065.684526 -0.532593 0.335948 -0.776842 -0.169378 0.856977 0.486725 0.829250 0.390806 -0.399518
0.783669 -300.664042 712.378949 -54309.125010 -0.509348 0.332835 -0.793590 -0.022895 0.916611 0.399125 0.860256 0.221463 -0.459253
3.200583 -314.750823 1514.427577 -59974.092017 -0.506934 0.322302 -0.799462 0.237348 0.943806 0.229993 0.828664 -0.073159 -0.554945
-5.252932 -40.186834 5000.524849 1855.482018 0.986014 0.140198 0.090119 -0.044312 0.741787 -0.669170 0.160665 -0.655817 -0.737625
-0.791119 -24.824348 -1247.385875 2821.586028 0.999054 -0.041993 -0.011336 0.022604 0.723918 -0.689516 -0.037161 -0.688607 -0.724182
7.490708 -36.588024 715.059475 -5502.291849 0.985708 -0.084804 0.145561 0.168269 0.537118 -0.826553 0.008088 -0.839233 -0.543711
-15.886275 -63.295960 14243.259923 5444.313034 0.958740 0.176714 0.222687 -0.018600 0.820641 -0.571141 0.283675 -0.543434 -0.790068
-1.343925 -52.413397 7024.667025 4505.387541 0.964213 0.253824 -0.076589 -0.262475 0.873114 -0.410826 0.037406 -0.416227 -0.908491
2.939309 -76.283486 2095.893788 -19715.696924 0.992992 0.108198 -0.047535 -0.090225 0.434302 -0.896237 0.076326 -0.894246 -0.441021
10.436212 -31.865914 2469.473130 -508.101746 0.515027 0.751298 -0.412673 -0.764804 0.620166 0.174556 -0.387069 -0.225713 -0.893997
5.240050 -32.481942 1117.866634 -336.791859 0.517053 0.746935 -0.418025 -0.754677 0.628250 0.189113 -0.403879 -0.217692 -0.888533
9.886929 -33.116729 2072.515310 -465.369031 0.506127 0.749226 -0.427196 -0.705500 0.644572 0.294612 -0.496089 -0.152276 -0.854814
14.464099 -32.232380 2222.250706 -864.516455 0.490773 0.747343 -0.447907 -0.742653 0.627645 0.233514 -0.455641 -0.218037 -0.863048
18.052916 -32.903080 1917.661163 -382.236851 0.467469 0.740694 -0.482541 -0.675995 0.651263 0.344799 -0.569652 -0.165012 -0.805151
2.919279 -106.097383 380.001730 -12054.925636 -0.174846 0.797850 0.576944 0.918903 0.342683 -0.195414 -0.353620 0.495988 -0.793063
1.509675 -60.535016 -92.737041 4368.194485 -0.146372 0.816168 0.558968 -0.853817 -0.389592 0.345275 -0.499572 0.426717 -0.753883
4.996608 -67.237906 788.152047 -5145.294748 -0.098301 0.824794 0.556823 0.915721 0.294028 -0.273868 -0.389606 0.482973 -0.784184
2.141515 -50.368159 402.074669 2431.077611 -0.118114 0.822844 0.555857 -0.827255 -0.391173 0.403277 -0.549271 0.412203 -0.726905
9.916243 -122.369197 1019.974893 -15660.545506 -0.133290 0.819018 0.558071 0.969947 0.223458 -0.096281 -0.203561 0.528466 -0.824188
11.881865 -112.558059 1839.342587 -17453.951567 -0.052503 0.840975 0.538521 0.953739 0.202079 -0.222591 -0.296017 0.501922 -0.812680
5.941088 -56.677794 1235.543964 4316.225407 -0.054666 0.844589 0.532618 -0.883220 -0.289717 0.368763 -0.465762 0.450260 -0.761795
-6.440585 -23.169123 -139.476306 -533.923350 0.877433 0.460854 -0.133136 -0.478335 0.861485 -0.170411 -0.036160 -0.213208 -0.976337
-6.036661 -24.412596 -112.595262 980.073232 -0.879116 -0.462497 0.115119 -0.468838 0.882615 -0.034368 -0.085710 -0.084186 -0.992757
-6.458766 -24.377478 65.632670 -349.649940 0.859116 0.500831 -0.105296 -0.511478 0.847309 -0.143030 -0.017584 -0.176736 -0.984101
-5.922903 -23.828244 120.188472 483.343693 0.908634 0.396201 -0.131941 -0.407320 0.910531 -0.070877 -0.092055 -0.118143 -0.988720
-6.901547 -23.795453 -98.679596 -1392.743188 0.831856 0.536792 -0.140959 -0.553795 0.786183 -0.274276 0.036410 -0.306221 -0.951264
-6.121137 -22.575601 -222.845543 -1117.156065 0.841119 0.512918 -0.171563 -0.540676 0.789376 -0.290784 0.013721 -0.337344 -0.941282
-5.183352 -22.115979 -492.367336 -698.835124 0.883385 0.435076 -0.174182 -0.464931 0.860317 -0.209033 -0.058907 -0.265640 -0.962271
-5.880058 -24.372527 -623.626078 -275.046051 0.912651 0.372647 -0.167935 -0.395175 0.909416 -0.129610 -0.104424 -0.184652 -0.977241
19.607055 -19.659872 1530.467434 613.550143 0.346912 0.880267 -0.323700 0.937888 -0.324048 0.123929 0.004196 -0.346587 -0.938008
15.186438 -21.624609 3048.955947 -9.521072 0.416103 0.861422 -0.291221 0.903465 -0.427926 0.025100 -0.102999 -0.273553 -0.956326
20.938377 -23.526643 -271.162124 -40.127264 0.450023 0.797255 -0.402323 0.883143 -0.464134 0.068107 -0.132433 -0.385958 -0.912961
7.541966 -19.386676 2946.660633 -181.518291 0.169706 0.957376 -0.233731 0.985280 -0.169777 0.019972 -0.020562 -0.233680 -0.972096
19.544691 -21.992433 -1397.623864 836.881495 0.430486 0.799441 -0.419019 0.901749 -0.401047 0.161273 -0.039118 -0.447276 -0.893540
25.583425 -19.823959 -1996.891469 1341.272010 0.390347 0.824237 -0.410199 0.919345 -0.325087 0.221636 0.049330 -0.463630 -0.884655
24.433363 -18.297917 1093.653888 1254.196926 0.286535 0.907283 -0.307791 0.951264 -0.231194 0.204075 0.113995 -0.351265 -0.929311
15.727814 -19.404848 2987.987522 772.475793 0.172297 0.956826 -0.234091 0.981454 -0.146477 0.123664 0.084036 -0.251056 -0.964318
7.814161 -45.907642 -1354.683539 5634.372425 0.664954 0.699917 -0.260677 0.537910 -0.206651 0.817281 -0.518160 0.683675 0.513906
7.431749 -41.888539 495.572376 4391.323315 0.737857 0.620422 -0.265787 0.495317 -0.230224 0.837651 -0.458507 0.749715 0.477178
5.817462 -34.183660 -107.619066 1075.622606 0.676846 0.664829 -0.316041 0.587519 -0.229218 0.776068 -0.443510 0.710958 0.545745
4.828799 -33.779635 696.411155 551.032717 0.749388 0.602583 -0.274429 0.517284 -0.274080 0.810739 -0.413322 0.749516 0.517099
5.793016 -39.883124 800.437183 2928.929754 -0.618729 -0.712625 0.330666 0.643167 -0.217793 0.734099 -0.451121 0.666882 0.593092
1.933056 -33.883461 177.830475 -2965.883794 0.709915 0.634248 -0.306188 0.582764 -0.284873 0.761074 -0.395485 0.718733 0.571852
6.702214 -67.667998 -1480.548257 371.463153 0.588079 0.755465 -0.288853 0.808049 -0.564207 0.169493 -0.034927 -0.333083 -0.942251
13.675487 -65.585013 232.647856 -1702.682526 0.540768 0.808716 -0.231408 0.839475 -0.501386 0.209509 0.053409 -0.307557 -0.950030
10.383433 -63.252732 188.694585 613.025532 0.567236 0.791735 -0.226714 0.822421 -0.559013 0.105493 -0.043214 -0.246294 -0.968231
11.103477 -60.090762 1022.512378 -913.516228 0.517174 0.837320 -0.177274 0.855664 -0.501172 0.129097 0.019250 -0.218452 -0.975658
7.395599 -55.614904 76.954800 98.594362 0.572765 0.795851 -0.196371 0.809656 -0.586683 -0.016140 -0.128053 -0.149748 -0.980397
18.364591 -25.393108 6816.279648 606.110902 0.110524 0.990809 -0.077984 -0.958982 0.085707 -0.270199 0.261032 -0.104649 -0.959641
-4.155545 -31.854191 4912.953728 -177.463491 -0.125200 0.981836 -0.142557 -0.973300 -0.149411 -0.174249 0.192384 -0.116935 -0.974328
7.597932 -26.606900 5511.820702 68.952703 -0.030149 0.992560 -0.117964 -0.984303 -0.050014 -0.169254 0.173895 -0.111009 -0.978487
25.024261 -21.330166 5419.517012 719.510525 0.158027 0.979594 -0.124188 -0.966641 0.127796 -0.221978 0.201577 -0.155124 -0.967111
2.739093 -40.863590 -215.798525 -3179.143939 0.826518 0.540411 -0.157556 0.455597 -0.477827 0.751074 -0.330605 0.692558 0.641142
3.457290 -41.018820 -102.415183 -2390.068636 0.833864 0.526921 -0.164393 0.456302 -0.490475 0.742444 -0.310578 0.694111 0.649424
3.033559 -47.311587 -436.244553 -2678.177347 0.819364 0.550445 -0.160169 0.505272 -0.561422 0.655367 -0.270821 0.617913 0.738133
3.062764 -31.260937 343.511840 893.084476 0.533830 0.839093 -0.104636 0.144910 -0.212693 -0.966314 0.833083 -0.500685 0.235134
3.793198 -41.128927 208.001263 2488.991592 0.559520 0.810155 -0.174888 0.137607 -0.298885 -0.944315 0.817313 -0.504298 0.278716
0.397075 -34.971296 717.762548 3161.937643 0.522675 0.833245 -0.180317 0.124316 -0.283739 -0.950809 0.843420 -0.474547 0.251889
-6.904542 -28.341688 385.776700 929.174668 -0.637928 -0.663240 0.391358 -0.556372 0.748299 0.361246 -0.532446 0.012708 -0.846369
-7.921446 -28.501656 135.869868 664.554969 -0.650108 -0.664017 0.369380 -0.533816 0.745077 0.399876 -0.540741 0.062781 -0.838843
-8.646922 -27.831512 -235.564716 -40.208000 -0.645708 -0.679744 0.347865 -0.613838 0.733046 0.292998 -0.454164 -0.024342 -0.890586
-1.583745 -130.762676 -663.965538 -3532.291389 -0.137676 0.694298 0.706397 0.616050 -0.498429 0.609960 -0.775582 -0.519152 0.359100
-1.415010 -131.119157 -543.042023 -4981.214470 -0.143248 0.713094 0.686277 0.461364 -0.565357 0.683750 -0.875570 -0.414570 0.248010
-0.490551 -139.031080 -985.289173 -1043.303516 -0.134208 0.694437 0.706927 0.761022 -0.384683 0.522365 -0.634692 -0.608092 0.476854
-1.962991 -133.411656 765.179559 -1369.984938 0.115258 -0.693387 -0.711288 0.842367 -0.311261 0.439926 -0.526435 -0.649870 0.548211
-2.285489 -125.713061 147.693635 -231.383434 -0.105549 0.708609 0.697662 0.709917 -0.437583 0.551851 -0.696332 -0.553529 0.456867
-2.005092 -127.317707 774.808129 -3531.773098 -0.109799 0.723170 0.681887 0.471377 -0.566095 0.676269 -0.875070 -0.395679 0.278729
2.378234 -93.453104 137.104226 -1307.395865 -0.175766 0.780952 0.599350 0.260139 -0.550340 0.793381 -0.949439 -0.295364 0.106425
4.069712 -89.117483 -379.923141 -5174.667492 -0.189870 0.798151 0.571755 -0.069743 -0.591842 0.803031 -0.979329 -0.112596 -0.168039
3.707877 -94.941216 -184.075884 -4381.766653 -0.169144 0.784719 0.596327 0.100266 -0.588205 0.802472 -0.980478 -0.195525 -0.020811
-15.804148 -26.023558 1119.203199 232.656504 0.397257 0.855664 -0.331702 -0.214706 0.438073 0.872922 -0.892238 0.275556 -0.357744
-14.632989 -25.523431 1015.119594 -108.302111 0.412005 0.878840 -0.240609 -0.185231 0.339331 0.922249 -0.892156 0.335403 -0.302594
-13.706163 -25.478136 611.218386 370.558751 0.430487 0.861675 -0.268697 -0.241574 0.396826 0.885534 -0.869668 0.316301 -0.378987
-1.296820 -60.748187 135.519669 1070.971643 -0.206127 0.801303 0.561627 -0.595593 -0.558130 0.577720 -0.776389 0.215417 -0.592296
-0.666652 -62.294075 249.670715 1127.684074 -0.213508 0.793784 0.569492 -0.662157 -0.546189 0.513055 -0.718305 0.267552 -0.642225
-2.739718 -66.080623 476.912107 2317.727071 -0.180510 0.808568 0.560030 -0.743377 -0.484993 0.460623 -0.644055 0.333166 -0.688617
-3.304223 -64.738322 -27.988107 2113.480094 -0.180765 0.825827 0.534166 -0.721650 -0.480377 0.498458 -0.668241 0.295377 -0.682793
-22.698713 -249.945711 2717.179715 66665.184200 -0.368798 0.878537 0.303579 -0.640579 -0.003564 -0.767884 0.673533 0.477661 -0.564087
-34.292395 -246.126032 1613.685912 59239.476306 -0.302892 0.928500 0.214813 -0.594614 -0.007970 -0.803972 0.744776 0.371247 -0.554513
-27.895001 -95.924474 4729.045006 32265.860999 -0.354849 0.922974 0.149003 -0.706260 -0.160205 -0.689588 0.612600 0.349935 -0.708708
-10.149179 -72.563176 1730.125972 19732.325555 -0.534231 0.845329 -0.004034 -0.493741 -0.315900 -0.810202 0.686161 0.430843 -0.586137
-12.138706 -264.202451 3718.055188 60064.766310 -0.463263 0.820951 0.333807 -0.490156 0.076454 -0.868275 0.738332 0.565857 -0.366976
-0.755947 -38.987717 -509.572832 -708.054627 0.624404 0.769237 -0.135629 0.035542 -0.201438 -0.978856 0.780293 -0.606381 0.153119
-2.314113 -40.447192 24.829052 -615.669430 0.614912 0.776148 -0.139562 -0.052339 -0.136417 -0.989268 0.786857 -0.615618 0.043261
-3.086029 -42.851380 32.407793 -646.611218 0.624895 0.774545 -0.097911 -0.109001 -0.037628 -0.993329 0.773062 -0.631399 -0.060913
0.909357 -52.448307 -480.503982 -1262.602810 0.628235 0.737218 -0.248657 -0.512943 0.632770 0.580079 -0.584987 0.236879 -0.775679
-0.101295 -56.949447 -151.187558 -2047.750360 0.614995 0.760522 -0.208295 -0.429497 0.544610 0.720370 -0.661297 0.353562 -0.661574
0.362613 -53.302635 -478.569121 -1682.118894 0.622760 0.744913 -0.239322 -0.416239 0.574426 0.704826 -0.662507 0.339322 -0.667791
0.435683 -56.023425 -1086.588932 1198.757536 0.629592 0.722996 -0.284412 -0.580650 0.681099 0.446038 -0.516197 0.115678 -0.848622
2.336754 -56.081338 -629.172840 1350.686057 0.633664 0.727572 -0.262886 -0.594385 0.675392 0.436523 -0.495153 0.120353 -0.860429
-127.381044 -1720.767178 -49724.075371 -593895.390485 -0.505801 0.845306 -0.172111 0.814035 0.401669 -0.419533 -0.285502 -0.352305 -0.891274
-73.553869 -675.633090 -600.417393 154013.916960 -0.312382 0.781109 0.540634 -0.427117 -0.623834 0.654525 -0.848521 0.026452 -0.528500
-80.639250 -6749.425499 6743.701043 3291146.052594 -0.291641 0.868910 0.399926 0.929555 0.356046 -0.095705 -0.225551 0.343841 -0.911537
-179.497953 -584.421885 5957.314625 -150014.896958 0.731264 -0.149318 -0.665550 0.289162 0.951590 0.104220 0.617769 -0.268664 0.739041
-68.267142 -246.654445 -13698.714812 -53708.975565 0.780646 0.564058 -0.269129 -0.327503 0.735971 0.592528 0.532291 -0.374414 0.759263
-106.894506 -113.828681 -5081.637938 -23070.112097 0.659067 -0.171116 -0.732359 0.446304 0.872766 0.197717 0.605346 -0.457164 0.651581
-196.782308 -745.621557 -11487.399085 -178160.619670 0.582110 -0.161557 -0.796898 0.351568 0.933725 0.067513 0.733176 -0.319464 0.600329
-2.090122 -39.212436 221.967183 -971.294828 0.640423 0.747325 -0.177099 -0.353548 0.082158 -0.931801 0.681809 -0.659360 -0.316831
-2.224390 -33.810245 646.938348 719.343386 0.594932 0.766628 -0.241531 -0.368475 -0.006929 -0.929612 0.714340 -0.642054 -0.278361
-3.578675 -37.827188 325.879209 -900.668146 0.635360 0.744693 -0.204329 -0.395349 0.086396 -0.914459 0.663337 -0.661792 -0.349306
-2.816601 -40.381923 211.039364 -2044.725105 0.653047 0.740594 -0.158274 -0.388629 0.148345 -0.909374 0.649998 -0.655374 -0.384692
-35.415574 -54.993773 -342.905439 1897.914399 0.766290 0.397386 -0.504861 -0.371884 0.915104 0.155842 0.523930 0.068330 0.849016
-35.010077 -51.334468 -574.267073 537.147595 0.880056 0.127983 -0.457297 -0.111016 0.991761 0.063915 0.461710 -0.005481 0.887014
-30.815442 -49.118100 181.847159 1689.159884 0.928615 -0.085764 -0.360998 0.046156 0.992063 -0.116961 0.368164 0.091950 0.925203
-9.648113 -50.106632 12011.333644 2224.222641 0.624324 0.139424 -0.768623 0.246567 0.898471 0.363255 0.741232 -0.416306 0.526559
-17.664046 -47.214488 10814.751706 662.189552 0.589267 0.099208 -0.801824 0.177541 0.952274 0.248299 0.788190 -0.288671 0.543531
-31.284087 -45.150204 3122.113174 278.281004 0.732954 0.076371 -0.675978 0.242028 0.899387 0.364039 0.635768 -0.430430 0.640726
22.193997 -60.089546 17252.713002 9973.935390 0.540849 0.094481 -0.835797 0.132451 0.971707 0.195554 0.830626 -0.216467 0.513032
-21.542899 -52.201892 5324.453498 972.658626 0.726857 0.018324 -0.686544 -0.394788 -0.806832 -0.439504 0.561979 -0.590497 0.579218
15.596916 -57.385118 9901.913470 -515.043339 0.679910 0.127216 -0.722177 0.338541 0.819145 0.463024 0.650472 -0.559301 0.513877
25.836105 -28.689622 -3578.480920 897.718728 0.756846 0.648846 0.078628 0.619468 -0.673756 -0.402880 0.208431 -0.353626 0.911869
-4.669949 -31.439169 -505.861102 830.222886 0.469558 0.753982 0.459375 0.421544 -0.648623 0.633710 -0.775768 0.103917 0.622403
-7.010761 -33.377592 83.944047 -812.452803 0.519269 0.669305 0.531404 -0.264611 0.717169 -0.644709 -0.812613 0.194162 0.549510
-5.893372 -29.448446 -836.455276 -1044.504601 0.465434 0.693296 0.550193 -0.262469 0.701782 -0.662278 -0.845270 0.163837 0.508602
10.723749 -26.603987 1811.389834 -744.570228 0.634687 0.720100 -0.280408 0.584824 -0.210400 0.783398 -0.505127 0.661202 0.554670
12.507281 -23.377789 144.285815 -522.560077 -0.561941 -0.772442 0.295897 0.602391 -0.137004 0.786356 -0.566875 0.620132 0.542300
9.553520 -24.927004 1038.278310 -642.850411 0.601328 0.735599 -0.311926 0.572535 -0.124389 0.810389 -0.557322 0.665898 0.495956
0.205069 -35.337937 25.995611 -273.104872 -0.905028 0.314364 0.286529 0.163242 0.878749 -0.448501 -0.392779 -0.359132 -0.846610
1.482889 -34.146451 157.351140 257.877235 -0.896795 0.350574 0.269918 0.237040 0.895814 -0.375937 -0.373591 -0.273157 -0.886462
-0.306235 -43.589469 -496.187427 700.693122 0.830213 -0.291878 -0.474924 -0.436205 -0.870625 -0.227461 0.347090 -0.396005 0.850123
-0.841828 -46.574658 -550.432827 -350.058539 0.828398 -0.284723 -0.482378 -0.451044 -0.849708 -0.273049 0.332137 -0.443767 0.832319
-10.141818 -55.476009 -584.816935 -199.718286 -0.718672 -0.126501 0.683746 0.256373 0.865833 0.429657 -0.646362 0.484076 -0.589819
-9.971802 -57.892848 -28.896118 -53.226910 0.736156 0.058927 -0.674242 0.452073 0.698573 0.554640 -0.503691 0.713108 -0.487620
-8.081931 -55.567552 -1116.042863 -507.654816 -0.744147 -0.089689 0.661967 0.249964 0.881571 0.400438 -0.619486 0.463453 -0.633600
-8.335214 -56.195898 -274.102601 -771.861119 -0.738555 -0.063158 0.671228 0.294123 0.865681 0.405079 -0.606653 0.496597 -0.620777
-1.756674 -65.149555 -219.841546 954.879841 0.651239 0.179733 -0.737282 0.689623 -0.545639 0.476128 -0.316714 -0.818520 -0.479289
-3.643579 -67.925301 187.016112 85.777735 0.683920 0.168897 -0.709738 -0.581238 0.714099 -0.390160 -0.440926 -0.679365 -0.586556
-3.092976 -61.123237 -63.127689 -202.171664 0.987673 0.129817 0.087461 -0.068913 0.862299 -0.501688 0.140545 -0.489477 -0.860616
-2.218791 -74.351151 459.452041 -508.945249 0.983592 0.142290 0.110906 -0.073726 0.878111 -0.472742 0.164654 -0.456809 -0.874194
-3.457191 -67.227861 659.125289 -642.792405 0.985304 0.106692 0.133390 -0.046881 0.919852 -0.389454 0.164251 -0.377477 -0.911336
4746.650806 -175.935740 -949957.379076 -6514.527049 0.810560 0.519441 -0.270506 -0.426012 0.839896 0.336288 0.401878 -0.157343 0.902074
11.036816 -224.157373 -3388.783905 34277.274668 0.929907 0.076471 0.359758 0.294876 -0.739625 -0.604982 -0.219822 -0.668661 0.710332
7.747103 -226.275644 -3178.321724 22428.973225 0.932798 0.091256 0.348655 0.190120 -0.946452 -0.260928 -0.306174 -0.309679 0.900198
-2.806475 -186.827590 -1606.909039 4615.131676 0.942609 0.077236 0.324842 -0.085426 0.996284 0.011004 -0.322785 -0.038122 0.945704
-8.463963 -129.174986 952.845677 10648.755940 0.983118 0.118366 0.139531 0.181730 -0.542894 -0.819903 0.021298 -0.831418 0.555239
-9.191047 -99.470721 1254.527490 5903.457793 0.978380 0.134983 0.156691 0.191406 -0.304019 -0.933240 0.078334 -0.943055 0.323283
-6.746155 -102.354513 148.649648 5638.961871 0.977032 0.122019 0.174701 0.204179 -0.301392 -0.931383 0.060992 -0.945661 0.319384
-5.367865 -113.823999 627.107904 7235.693731 0.981815 0.132476 0.135975 0.184794 -0.502903 -0.844358 0.043475 -0.854130 0.518239
-2.286604 -64.773825 -1836.977368 -215.589956 0.914140 0.001084 0.405397 0.181586 -0.895166 -0.407068 -0.362456 -0.445732 0.818504
-475.634589 -16175.490930 -154999.631398 -15474879.736960 0.957576 -0.187820 -0.218570 0.282425 0.460769 0.841384 0.057318 0.867419 -0.494266
-325.042562 -1587.598618 -2237.430905 2176810.623994 0.959957 0.147403 0.238231 -0.220358 0.922398 0.317213 0.172986 0.357007 -0.917944
-1.442414 -12.536493 -921.527967 890.114188 0.924778 0.179543 -0.335485 -0.289630 -0.239672 -0.926645 0.246779 -0.954108 0.169643
-2.230906 -10.552739 -827.456129 187.922412 0.971197 0.237340 0.021123 0.051694 -0.123330 -0.991018 0.232603 -0.963566 0.132047
-9.885391 -21.084275 -1163.315483 1931.244727 0.110088 -0.114430 0.987313 0.849376 0.526713 -0.033661 -0.516179 0.842306 0.155179
-6.169664 -27.240953 -1182.680016 3094.716555 0.200215 -0.024883 0.979436 0.799994 0.581273 -0.148766 -0.565618 0.813328 0.136286
-9.833489 -27.748816 -803.010031 2304.402200 0.143443 -0.129071 0.981206 0.804638 0.592437 -0.039700 -0.576178 0.795210 0.188837
-13.865855 -23.270743 -603.061938 1008.360174 -0.046997 -0.279706 0.958935 0.853990 0.486733 0.183826 -0.518163 0.827560 0.215991
19.085630 5.391571 1384.779269 163.500160 0.541866 0.230372 0.808276 0.371419 0.797061 -0.476174 -0.753942 0.558231 0.346336
-9.552983 -30.405581 1520.171481 -4.693789 0.864693 -0.490968 0.106100 0.058639 0.308450 0.949431 0.498867 0.814745 -0.295505
-14.026344 -31.993395 520.448094 -159.026863 0.885669 -0.383462 0.261815 -0.154408 0.288538 0.944936 0.437890 0.877327 -0.196339
-11.885886 -23.465241 167.560396 901.245911 0.867026 -0.498252 0.003263 -0.409769 -0.709297 0.573574 0.283470 0.498641 0.819147
-12.358632 -22.104908 -24.122792 1044.330180 0.923845 -0.382528 -0.013482 -0.308969 -0.766056 0.563646 0.225938 0.516556 0.825906
-11.594840 -20.519598 -450.379574 773.345362 0.939342 -0.337102 -0.063230 -0.264165 -0.828665 0.493489 0.218753 0.446852 0.867450
-12.349979 -25.800064 329.967417 731.325251 0.856204 -0.515566 0.033274 -0.410699 -0.640148 0.649258 0.313435 0.569563 0.759840
-10.294565 -26.076958 770.914300 685.872762 0.836546 -0.547232 -0.026973 -0.417186 -0.668114 0.616101 0.355172 0.504144 0.787205
12.653180 -116.436565 987.909096 8026.181782 0.784613 -0.029177 -0.619299 -0.587333 0.284915 -0.757538 -0.198550 -0.958109 -0.206411
12.549653 -137.782976 2899.427878 8640.343403 0.750037 0.012565 -0.661277 -0.661067 -0.017305 -0.750127 0.020869 -0.999771 0.004673
11.346109 -117.254774 594.139294 6582.313889 0.742367 -0.006233 -0.669964 -0.669981 -0.000915 -0.742377 -0.004014 -0.999980 0.004855
-6.419385 -568.123634 735.908086 123018.373861 -0.618189 0.525722 -0.584344 0.771466 0.263367 -0.579204 -0.150604 -0.808860 -0.568387
22.572424 -481.762997 1797.721606 -100802.506388 -0.443968 0.261960 -0.856895 0.014395 0.958272 0.285494 0.895927 0.114415 -0.429213
-23.974582 -38.483727 168.510651 21.580753 0.434766 -0.429921 0.791294 -0.469345 0.641736 0.606539 -0.768566 -0.635092 0.077224
-24.801938 -38.413749 -486.393867 570.601802 -0.437636 0.463229 -0.770645 0.569009 -0.520950 -0.636270 -0.696206 -0.716959 -0.035595
-24.582633 -38.032635 257.171071 334.742550 -0.486226 0.379923 -0.786920 0.520973 -0.596954 -0.610109 -0.701549 -0.706615 0.092325
-24.506738 -38.566797 -215.498549 8.199464 0.469811 -0.400195 0.786843 -0.394224 0.702405 0.592634 -0.789851 -0.588618 0.172231
-24.509290 -38.452262 302.249418 625.404752 0.378488 -0.470291 0.797229 -0.349898 0.724697 0.593620 -0.856924 -0.503627 0.109735
-47.002414 -201.362054 8010.291896 71561.367162 -0.591265 -0.289869 0.752583 -0.412293 0.910656 0.026836 -0.693124 -0.294418 -0.657950
-31.653244 -63.655621 -8076.359693 7870.287315 0.615228 0.049740 -0.786778 -0.597437 0.680566 -0.424145 -0.514358 -0.730996 -0.448420
-17.522529 -57.421242 -1115.385412 8853.808301 0.860479 -0.073830 -0.504108 -0.258656 0.789148 -0.557084 -0.438946 -0.609750 -0.659949
-15.522291 -40.723413 1729.812628 668.293944 0.836182 0.019828 -0.548094 -0.412175 0.681992 -0.604151 -0.361816 -0.731091 -0.578442
-5.176895 -45.916552 2886.136274 3381.905399 0.915795 -0.340681 -0.212734 0.126868 0.747904 -0.651571 -0.381082 -0.569716 -0.728148
6.792509 -30.708910 2080.892575 -127.701907 0.526881 0.747797 -0.403975 -0.792034 0.604414 0.085826 -0.308349 -0.274742 -0.910735
1.742612 -31.189293 14.298924 -129.760207 0.533054 0.725519 -0.435287 -0.784863 0.616161 0.065848 -0.315981 -0.306540 -0.897880
2.335658 -32.469755 -328.840712 -213.323450 0.534434 0.726885 -0.431298 -0.738546 0.649756 0.179908 -0.411012 -0.222384 -0.884090
-0.712780 -60.515568 373.887922 4178.451077 -0.181034 0.789556 0.586369 -0.797514 -0.466744 0.382257 -0.575497 0.398436 -0.714179
-0.602415 -48.607157 104.700066 1838.489173 -0.176542 0.795750 0.579323 -0.755701 -0.486696 0.438228 -0.630674 0.360429 -0.687271
-5.945373 -25.196683 87.217881 1365.631326 -0.864670 -0.490704 0.107497 -0.494458 0.869147 -0.009760 -0.088642 -0.061592 -0.994157
-5.082962 -25.659799 -149.293031 687.740596 -0.905387 -0.409208 0.113238 -0.409676 0.912008 0.020186 -0.111534 -0.028115 -0.993363
-5.031868 -24.852331 -203.939372 1357.677702 -0.911401 -0.393174 0.121500 -0.395673 0.918384 0.003857 -0.113100 -0.044559 -0.992584
17.071541 -25.818593 -337.979509 314.938919 0.493814 0.773861 -0.396594 0.843106 -0.537748 0.000493 -0.212886 -0.334613 -0.917994
