10194
20370
-24.271155 -35.646847 576.954800 -2699.676121 0.961915 0.147273 -0.230283 -0.269049 0.361268 -0.892803 0.048292 -0.920758 -0.387133
-28.975522 -40.680398 35.168322 -1642.521212 0.939524 0.109743 -0.324424 -0.331974 0.524669 -0.783910 -0.084186 -0.844203 -0.529371
-20.922826 -43.597014 1282.719566 -2752.555131 0.995958 0.085904 -0.026231 -0.066813 0.513367 -0.855565 0.060030 -0.853859 -0.517031
-24.439264 -34.235507 -128.413190 1826.507948 0.678963 0.224482 -0.699011 0.730454 -0.302257 0.612436 -0.073800 -0.926417 -0.369195
-15.008662 -38.594792 1627.589625 -3871.422824 0.981971 0.182983 -0.047444 -0.107957 0.336822 -0.935359 0.155174 -0.923617 -0.350504
-17.253733 -25.991632 692.936917 -1620.695766 0.847147 0.278289 -0.452655 -0.508519 0.177537 -0.842549 0.154108 -0.943947 -0.291915
-19.588916 -27.838988 -116.200775 1405.864660 0.646636 0.272267 -0.712554 0.761187 -0.169623 0.625957 0.049562 -0.947153 -0.316930
7.623416 -38.002391 14.800614 -1601.346237 0.684314 0.664051 -0.301248 0.729120 -0.617506 0.295077 0.009924 -0.421571 -0.906741
9.303016 -40.562804 -85.021568 712.516035 0.728199 0.612053 -0.308410 -0.678225 0.578741 -0.452847 0.098677 -0.538934 -0.836548
9.960756 -40.488364 259.909943 307.772244 0.690288 0.665103 -0.284852 0.690650 -0.488360 0.533392 0.215650 -0.564927 -0.796463
8.873874 -41.823078 121.984876 -916.781295 0.660502 0.703808 -0.261517 0.738792 -0.547115 0.393511 0.133876 -0.453122 -0.881339
10.692752 -40.078615 611.118616 1182.435756 0.647046 0.720586 -0.249174 0.690357 -0.414976 0.592624 0.323635 -0.555474 -0.765970
13.026678 -35.265423 476.055135 -2395.628373 0.684674 0.672372 -0.281315 -0.601850 0.303861 -0.738543 0.411095 -0.674970 -0.612712
7.603013 -22.179979 -2506.681498 2457.016851 0.671207 -0.264954 0.692301 -0.053573 0.914158 0.401803 -0.739332 -0.306782 0.599394
7.732751 -32.244862 -1516.094777 2860.208875 0.685537 -0.407580 0.603256 0.008542 0.833051 0.553130 -0.727987 -0.374038 0.574569
-1.407762 -18.867537 -252.711494 1229.018630 0.668444 -0.563799 0.485091 0.222001 0.773724 0.593351 -0.709857 -0.288932 0.642356
-0.387947 -10.805210 -2056.400373 1510.534972 0.683309 -0.162947 0.711714 -0.079322 0.952441 0.294218 -0.725808 -0.257496 0.637886
-2.206241 -12.478629 81.409136 -529.296635 -0.494799 0.847849 -0.190593 0.559365 0.478585 0.676807 -0.665045 -0.228272 0.711061
-1.711251 -19.879614 -65.601735 548.709245 -0.586028 0.766320 -0.263296 0.491579 0.594545 0.636291 -0.644144 -0.243454 0.725127
-2.404477 -40.240465 126.563231 96.727513 -0.890704 0.040491 0.452777 -0.095484 0.957141 -0.273431 -0.444442 -0.286779 -0.848663
-3.301110 -38.479081 260.896014 -377.053524 0.892424 -0.019382 -0.450782 -0.194329 0.885154 -0.422776 -0.407205 -0.464895 -0.786166
-3.600544 -39.581712 -283.570281 178.327589 -0.894651 0.052286 0.443696 -0.058255 0.970997 -0.231888 -0.442952 -0.233306 -0.865657
-2.414311 -39.183417 -50.200557 177.530198 -0.893023 0.059380 0.446076 0.010678 0.993773 -0.110911 -0.449885 -0.094283 -0.888096
0.498130 -38.765133 124.501781 -609.245642 0.668851 -0.240382 -0.703460 0.450384 -0.621810 0.640708 0.591433 0.745365 0.307634
1.141790 -39.773500 -261.725756 -581.969874 0.677515 -0.199968 -0.707804 0.465511 -0.628478 0.623148 0.569449 0.751683 0.332716
1.854453 -36.565253 -2.432904 -586.033908 0.690286 -0.233053 -0.684975 0.537691 -0.468239 0.701171 0.484142 0.852314 0.197908
0.705074 -34.685866 404.316851 -573.252011 0.676724 -0.282859 -0.679732 0.521075 -0.468227 0.713614 0.520121 0.837111 0.169470
-0.246392 -37.982188 559.200958 -698.850288 0.659722 -0.275886 -0.699038 0.428494 -0.626070 0.651482 0.617382 0.729330 0.294817
-8.619863 -47.967700 131.865806 204.736733 0.846224 0.466552 0.257361 -0.119674 -0.304246 0.945046 -0.519214 0.830520 0.201626
-8.051351 -49.018546 154.888970 662.738659 0.858289 0.449038 0.248406 -0.195725 -0.161025 0.967348 -0.474375 0.878883 0.050318
-7.751533 -50.490310 -60.644326 731.353235 0.822167 0.493395 0.283905 -0.245887 -0.141996 0.958841 -0.513401 0.858137 -0.004575
2.533776 -58.099300 -768.831511 1594.137243 0.870200 0.349575 0.347201 -0.060857 0.775559 -0.628335 0.488925 -0.525647 -0.696166
2.938552 -53.297315 550.730063 1200.240581 -0.856653 -0.380577 -0.348291 -0.220291 0.880330 -0.420108 0.466494 -0.283161 -0.837975
-0.366042 -54.835821 446.650227 1768.795141 -0.869081 -0.367365 -0.331271 -0.116754 0.803096 -0.584299 0.480693 -0.469127 -0.740847
5.042971 -15.943557 -266.297351 623.948995 -0.189658 0.958144 0.214454 0.837918 0.044098 0.544011 -0.511784 -0.282871 0.811210
1.837586 -14.393834 277.033609 -83.995603 -0.259825 0.960762 0.097095 0.764391 0.143188 0.628652 -0.590083 -0.237558 0.771601
6.131231 -14.145568 264.172399 696.336736 -0.292957 0.953973 0.064128 0.820945 0.216589 0.528336 -0.490129 -0.207426 0.846610
8.668054 -12.759263 -435.674197 906.892355 -0.244935 0.950795 0.189727 0.875587 0.132887 0.464424 -0.416359 -0.279876 0.865052
9.095381 -10.549527 609.970566 730.404035 -0.321619 0.946862 0.003566 0.836273 0.282285 0.470066 -0.444081 -0.154164 0.882624
4.478104 -67.598499 498.719154 432.506320 0.129950 0.972732 0.192109 -0.890922 0.029517 0.453196 -0.435167 0.230047 -0.870464
4.502367 -63.655510 499.387250 651.403702 0.143614 0.970162 0.195349 -0.947940 0.078165 0.308707 -0.284227 0.229514 -0.930881
3.683261 -67.881757 156.661105 139.759669 0.130734 0.970035 0.204794 -0.859419 0.007899 0.511210 -0.494274 0.242836 -0.834700
3.496993 -69.911195 68.722207 -410.123410 0.089481 0.974502 0.205766 -0.731258 -0.075983 0.677856 -0.676206 0.211123 -0.705813
24.203289 -24.860609 -1462.461434 -42.848426 0.862418 0.131453 0.488831 0.402224 -0.764263 -0.504102 -0.307329 -0.631366 0.711987
26.836608 -25.730976 -1329.507906 -98.084130 0.859896 0.136935 0.491760 0.447618 -0.665369 -0.597429 -0.245393 -0.733847 0.633443
18.603923 -26.898950 -1713.373136 255.944700 0.832698 -0.012106 0.553595 0.375012 -0.723248 -0.579895 -0.407407 -0.690482 0.597707
31.327135 -24.823193 -1045.008758 -242.462346 0.870392 0.242670 0.428402 0.463764 -0.696287 -0.547821 -0.165351 -0.675497 0.718584
15.879845 -27.268440 -1450.649036 31.397440 0.842023 -0.018361 0.539129 0.292822 -0.823802 -0.485393 -0.453048 -0.566581 0.688283
18.784072 -25.735204 -1254.829043 178.942042 0.866103 0.067166 0.495332 0.316463 -0.840730 -0.439345 -0.386932 -0.537273 0.749414
9.692306 -125.172168 -63.363257 13462.370665 0.343854 0.927851 0.144421 0.880208 -0.372058 0.294630 -0.327106 -0.025811 0.944635
8.908844 -94.075638 225.216502 8370.935542 -0.348839 -0.920314 -0.177015 0.936228 -0.350733 -0.021514 -0.042285 -0.173231 0.983973
9.317635 -114.806787 -539.927736 11342.772974 0.297045 0.933742 0.199728 0.904829 -0.342074 0.253516 -0.305040 -0.105414 0.946487
7.195693 -143.339473 226.165686 17700.941188 0.345143 0.931702 0.113169 0.934393 -0.352443 0.051896 -0.088237 -0.087832 0.992220
9.696205 -134.854466 -170.929539 8667.720985 0.315531 0.938396 0.140898 0.704142 -0.331079 0.628149 -0.636101 0.098988 0.765230
9.074569 -138.156766 712.386734 7818.221445 0.372091 0.921597 0.110487 0.646395 -0.342707 0.681707 -0.666124 0.182238 0.723234
9.266654 -237.175796 53.365792 35767.099881 0.376324 0.918933 0.118079 0.832485 -0.391321 0.392221 -0.406632 0.049304 0.912261
-10.738931 -22.616724 605.737627 -289.585870 0.816361 -0.027803 0.576873 0.512447 -0.425808 -0.745711 -0.266370 -0.904386 0.333365
-13.532667 -23.958460 731.057658 -301.829361 0.829681 -0.088088 0.551244 0.473417 -0.412237 -0.778419 -0.295812 -0.906808 0.300323
-10.770686 -24.071671 605.617336 -399.340845 0.873295 -0.057195 0.483823 0.445251 -0.309404 -0.840250 -0.197755 -0.949209 0.244734
-8.706562 -21.840354 519.146886 -338.132898 0.848113 -0.007500 0.529762 0.485071 -0.391180 -0.782103 -0.213098 -0.920284 0.328127
5.736598 -254.931791 -1490.872078 17749.313711 0.554890 0.818203 0.150466 -0.091123 0.239554 -0.966597 0.826918 -0.522644 -0.207483
5.938329 -456.032595 -271.265474 -67058.089891 0.538086 0.829911 0.147348 0.248751 0.010674 -0.968509 0.805349 -0.557794 0.200697
5.013315 -399.139601 -2265.531859 -11596.477544 0.538701 0.817930 0.201967 0.403399 -0.039958 -0.914151 0.739642 -0.573928 0.351478
4.336431 -68.934364 -74.644558 3004.372723 0.121813 0.943229 0.309000 0.884479 -0.244425 0.397434 -0.450399 -0.224891 0.864040
2.176067 -59.583577 360.828010 777.614326 -0.120461 -0.939731 -0.319993 0.955097 -0.197608 0.220775 -0.270702 -0.279030 0.921337
3.350325 -68.603686 -618.779762 2186.803290 0.090423 0.944471 0.315908 0.840288 -0.242613 0.484825 -0.534547 -0.221614 0.815565
9.695562 -13.213629 -2338.616466 82.014563 0.822670 0.439425 -0.360721 -0.430826 0.067867 -0.899879 0.370948 -0.895712 -0.245148
8.009814 -15.797559 -1961.589362 810.788524 0.843611 0.457299 -0.281421 -0.343422 0.056614 -0.937473 0.412774 -0.887509 -0.204807
15.818228 -15.069991 -1507.211282 881.600840 0.810749 0.514558 -0.279135 -0.375644 0.091588 -0.922227 0.448974 -0.852550 -0.267545
0.464180 -13.263268 -2292.463369 98.860970 0.810272 0.423356 -0.405252 -0.458157 0.026394 -0.888479 0.365447 -0.905579 -0.215349
-10.954962 -18.195444 -341.595235 242.109879 0.837245 0.168214 0.520312 0.466061 -0.717203 -0.518080 -0.286021 -0.676257 0.678873
-11.852751 -19.325268 -394.596630 251.624029 0.789071 0.237583 0.566499 0.514337 -0.759753 -0.397784 -0.335892 -0.605252 0.721697
-9.671367 -19.432468 -341.556164 191.396188 0.749194 0.224678 0.623079 0.556758 -0.723194 -0.408670 -0.358788 -0.653077 0.666904
-13.387849 -18.521573 -242.487505 205.989412 0.893636 0.132854 0.428678 0.361073 -0.780111 -0.510934 -0.266537 -0.611373 0.745105
-8.954598 -17.861623 -233.108572 190.043180 0.822726 0.144941 0.549650 0.493862 -0.661046 -0.564905 -0.281466 -0.736213 0.615441
-12.037133 -17.392319 -24.604984 220.215350 0.951144 0.009768 0.308594 0.214353 -0.740252 -0.637244 -0.222213 -0.672259 0.706180
-10.125085 -16.368984 -17.858872 227.914965 0.942590 0.017450 0.333497 0.255260 -0.681557 -0.685800 -0.215330 -0.731557 0.646883
-236.357237 -587.019702 -31229.944892 -9550.029298 -0.063323 -0.549382 -0.833168 0.240650 0.801804 -0.546991 0.968544 -0.235139 0.081436
-441.208679 -2952.010076 -79817.711987 786961.066582 -0.065460 0.300263 -0.951608 0.860895 0.499198 0.098293 0.504555 -0.812800 -0.291172
53.380052 -1588.914182 -43432.246773 -232065.037711 0.129886 -0.487386 -0.863473 0.977285 0.210007 0.028468 0.167460 -0.847557 0.503592
158.839533 -1842.239011 -437.364953 -393626.931919 0.179698 -0.426032 -0.886682 0.973847 0.204438 0.099135 0.139037 -0.881307 0.451627
19.183203 -69.677141 2135.227928 -657.987031 0.934741 -0.241381 0.260758 0.355295 0.624568 -0.695471 -0.005013 -0.742731 -0.669571
22.619984 -63.243570 1144.800892 -31.442027 0.925960 -0.332770 0.178501 0.361799 0.646384 -0.671781 -0.108169 -0.686624 -0.718921
22.943688 -66.226279 2375.418172 862.365664 0.924728 -0.290630 0.245790 0.355538 0.428959 -0.830414 -0.135909 -0.855295 -0.500000
14.110513 -70.193305 2253.413872 970.249208 0.928262 -0.230566 0.291838 0.364749 0.410912 -0.835530 -0.072725 -0.882038 -0.465532
19.273815 -70.985197 3379.717186 1043.328682 0.936067 -0.231855 0.264618 0.309592 0.185538 -0.932592 -0.167129 -0.954892 -0.245456
-6.091535 -21.770046 307.346865 162.241711 0.824518 0.151615 0.545145 -0.416636 -0.489217 0.766212 -0.382864 0.858883 0.340200
-5.565273 -22.585020 319.697916 155.477061 0.843717 0.163682 0.511224 -0.423497 -0.382224 0.821313 -0.329836 0.909458 0.253170
-7.419889 -23.075116 240.440383 157.350410 0.830136 0.189514 0.524365 -0.421538 -0.402232 0.812721 -0.364938 0.895709 0.254020
-7.929828 -22.332862 199.776806 183.545537 0.804044 0.182575 0.565843 -0.417604 -0.504014 0.756027 -0.423225 0.844178 0.329005
-7.384944 -21.439070 232.099400 52.077520 0.787842 0.141057 0.599506 -0.417973 -0.592467 0.688681 -0.452331 0.793150 0.407812
-4.710732 -20.735577 393.137180 175.327342 0.826007 0.117176 0.551346 -0.398857 -0.569649 0.718619 -0.398278 0.813492 0.423798
4.760220 -17.426626 307.269181 -457.420830 -0.906935 -0.118844 -0.404160 -0.238680 0.935502 0.260513 0.347132 0.332733 -0.876806
3.243425 -17.926063 -316.810664 15.259039 0.900655 0.147662 0.408677 -0.308529 0.879583 0.362137 0.305992 0.452249 -0.837759
1.528886 -16.688132 -795.753818 -305.727670 0.921958 0.122991 0.367243 -0.232841 0.933753 0.271828 0.309482 0.336123 -0.889518
4.631502 -16.197657 451.755955 -520.547116 -0.915753 -0.098107 -0.389579 -0.180917 0.966537 0.181866 0.358700 0.237026 -0.902858
4.891353 -37.251527 1013.280959 -1554.068775 0.713459 0.023265 0.700310 -0.386767 0.846476 0.365909 -0.584283 -0.531918 0.612924
6.243555 -47.325208 742.338788 -4327.671568 0.717999 -0.028084 0.695478 -0.284709 0.899924 0.330269 -0.635153 -0.435141 0.638148
3.832940 -41.737601 18.861561 -3842.791254 0.711296 -0.041306 0.701678 -0.271427 0.904698 0.328405 -0.648371 -0.424047 0.632297
1.263214 -33.260371 210.200051 -863.321785 0.708386 0.026476 0.705328 -0.370359 0.864620 0.339509 -0.600852 -0.501729 0.622290
1.369796 -37.382069 -148.368653 -2073.963080 0.732109 -0.064000 0.678174 -0.246476 0.903231 0.351316 -0.635032 -0.424355 0.645490
-7.501129 -55.642579 -134.002206 -1509.786541 0.823110 -0.094866 0.559902 0.479954 -0.410780 -0.775180 -0.303535 -0.906786 0.292586
-7.547249 -49.312900 -38.454982 -744.241613 0.826888 -0.103970 0.552672 0.393590 -0.594951 -0.700799 -0.401675 -0.797009 0.451037
-7.126939 -56.549072 -2.957184 -1421.054650 0.802410 -0.120578 0.584465 0.485744 -0.436989 -0.757029 -0.346686 -0.891348 0.292075
-6.986995 -63.800818 -257.254100 -2050.815640 0.801838 -0.117352 0.585905 0.558391 -0.201926 -0.804628 -0.212734 -0.972345 0.096383
-5.626434 -62.470040 -40.725478 -1696.485470 0.781304 -0.137716 0.608768 0.583172 -0.186514 -0.790647 -0.222428 -0.972752 0.065412
1.301239 -39.612423 142.976367 -561.324765 -0.747264 0.115860 -0.654349 0.064119 0.992660 0.102537 0.661427 0.034666 -0.749208
2.261406 -40.419496 249.246220 498.808919 -0.745637 0.133221 -0.652899 0.166811 0.985931 0.010669 0.645135 -0.100956 -0.757369
2.918152 -42.653998 406.608656 -421.161317 -0.748267 0.090675 -0.657172 0.016835 0.992891 0.117827 0.663185 0.077103 -0.744474
1.694688 -47.710470 421.430247 -1520.318598 -0.748489 0.074109 -0.658993 -0.117773 0.963083 0.242074 0.652605 0.258802 -0.712129
0.762770 -45.645376 326.097597 -1774.442657 -0.754038 0.086319 -0.651135 -0.060642 0.977944 0.199869 0.654026 0.190195 -0.732172
2.148867 -16.271875 247.209428 -1105.198312 -0.846680 0.443983 0.293279 0.411914 0.895800 -0.166940 -0.336838 -0.020539 -0.941339
6.046861 -10.549060 -412.542536 -124.606022 -0.562566 0.806968 0.179785 -0.724083 -0.585869 0.363954 -0.399029 -0.074569 -0.913901
6.568624 -19.424656 99.654296 -792.762149 -0.803448 0.539834 0.251098 0.469623 0.833863 -0.290046 -0.365958 -0.115115 -0.923484
-10.834087 -24.199540 524.265520 270.824621 0.779835 0.230526 0.581993 -0.427450 -0.483122 0.764120 -0.457323 0.844660 0.278217
-11.572251 -25.127947 212.227841 204.040204 0.746737 0.284927 0.601000 -0.441929 -0.462752 0.768478 -0.497074 0.839450 0.219637
-11.682790 -23.880452 476.303657 220.815596 0.741768 0.221619 0.632981 -0.421841 -0.579556 0.697255 -0.521373 0.784219 0.336408
-10.737000 -25.005022 499.345054 112.675773 0.800195 0.261374 0.539788 -0.445822 -0.342792 0.826883 -0.401161 0.902318 0.157774
-9.751540 -22.896182 345.283621 204.848288 0.769919 0.184285 0.610953 -0.420847 -0.573056 0.703203 -0.479700 0.798527 0.363651
-9.137422 -23.721573 368.528234 202.746017 0.805057 0.214819 0.552934 -0.426043 -0.439204 0.790941 -0.412760 0.872326 0.262062
4.418262 -192.824883 -37.835981 -17987.135752 0.981024 -0.036363 0.190447 0.013287 -0.967338 -0.253140 -0.193431 -0.250867 0.948499
6.230096 -221.467757 743.222225 -22553.291021 0.982283 -0.037347 0.183644 0.081958 -0.795649 -0.600188 -0.168531 -0.604606 0.778491
3.299679 -177.891445 443.891091 -11248.788118 0.981933 -0.052184 0.181893 0.002758 -0.957174 -0.289500 -0.189210 -0.284771 0.939737
0.138950 -311.005449 513.173400 -30713.068828 0.980721 -0.106401 0.163904 -0.012609 -0.871470 -0.490287 -0.195004 -0.478768 0.856011
2.373522 -26.885500 215.978682 -407.603123 0.848745 -0.275879 0.451135 -0.446168 -0.831527 0.330903 -0.283841 0.482135 0.828843
2.017409 -25.437564 412.712204 -337.662186 0.842024 -0.286289 0.457202 -0.437359 -0.858443 0.267943 -0.315773 0.425575 0.848041
4.042309 -22.494396 703.016952 -465.449739 0.884765 -0.207356 0.417367 -0.387419 -0.825024 0.411390 -0.259034 0.525679 0.810286
6.101247 -20.955877 768.199941 -320.116989 0.909226 -0.144582 0.390390 -0.345665 -0.784791 0.514411 -0.232000 0.602660 0.763529
3.711770 -24.435863 503.119577 -312.403056 0.900345 -0.184634 0.394068 -0.375627 -0.786954 0.489498 -0.219735 0.588739 0.777883
4.001384 -311.064592 -271.698840 -39917.883230 0.813147 -0.059872 0.578971 0.311344 -0.795691 -0.519557 -0.491789 -0.602736 0.628373
1200.998048 -9808.450743 104894.935689 1667808.783725 0.748686 0.297593 0.592375 -0.347858 0.937031 -0.031091 -0.564327 -0.182785 0.805062
61.162756 -1056.002139 6661.939163 187508.290014 0.821434 0.146162 0.551256 -0.196860 0.979858 0.033541 -0.535250 -0.136071 0.833662
7.620024 -368.402470 -231.771232 57790.863739 0.841835 -0.083514 0.533235 0.505612 -0.223689 -0.833259 -0.188867 -0.971076 0.146084
7.210119 -328.769409 372.489656 55383.253409 0.827675 -0.040847 0.559719 0.527934 -0.281640 -0.801227 -0.190367 -0.958650 0.211542
-25.855025 -45.579597 951.779100 -956.885792 0.995915 0.021887 -0.087601 -0.079783 0.667592 -0.740240 -0.042280 -0.744205 -0.666611
-31.255728 -43.663206 -265.983928 -305.904113 0.943221 0.068148 -0.325101 -0.274217 0.712091 -0.646321 -0.187456 -0.698772 -0.690347
-26.731049 -38.764329 -39.196138 -1587.032810 0.738728 0.201228 -0.643264 -0.650676 0.461835 -0.602767 -0.175788 -0.863837 -0.472105
-28.075399 -42.352847 53.408728 -401.048855 0.810143 0.169125 -0.561307 -0.524639 0.636393 -0.565471 -0.261576 -0.752596 -0.604299
7.129516 -35.984922 96.210482 1945.766593 0.717432 0.624316 -0.309065 -0.695711 0.664880 -0.271883 -0.035750 -0.410078 -0.911350
8.262195 -36.993343 267.905289 1657.979792 0.748148 0.592735 -0.298229 -0.663530 0.667153 -0.338577 0.001722 -0.451190 -0.892427
21.186313 -48.070230 -3084.651924 4096.113987 0.684499 -0.385485 0.618758 -0.131328 0.769673 0.624786 -0.717087 -0.508926 0.476216
8.492959 -44.876513 -599.718306 3108.110393 0.695261 -0.516493 0.499847 0.023095 0.711126 0.702685 -0.718386 -0.477006 0.506347
-5.399334 -35.444796 -616.513740 634.797841 -0.887799 0.095622 0.450189 0.084986 0.995418 -0.043832 -0.452317 -0.000654 -0.891857
-7.038860 -32.812663 -408.965259 811.548128 -0.858074 0.144687 0.492721 0.199457 0.978059 0.060148 -0.473208 0.149888 -0.868106
-4.596808 -33.563562 -439.139373 851.154318 -0.879532 0.125777 0.458916 0.188554 0.977608 0.093436 -0.436888 0.168711 -0.883553
1.022078 -43.066458 381.582325 284.068237 0.620827 -0.158250 -0.767809 -0.417243 0.762468 -0.494520 0.663688 0.627374 0.407332
1.235774 -41.178465 -37.748549 -574.427104 0.651798 -0.182672 -0.736064 0.443883 -0.695060 0.565562 0.614920 0.695358 0.371954
0.225993 -40.877572 135.045911 -48.321404 0.631318 -0.155753 -0.759723 -0.330953 0.831836 -0.445554 0.701361 0.532719 0.473606
0.945201 -42.424261 393.600439 -565.669921 0.608891 -0.130596 -0.782430 -0.287610 0.882894 -0.371185 0.739278 0.451046 0.500025
-0.969278 -39.530325 222.932223 -791.228554 0.619382 -0.139115 -0.772666 -0.195131 0.926014 -0.323145 0.760454 0.350921 0.546410
-1.389848 -39.791048 -130.673908 -414.804640 0.653799 -0.160170 -0.739522 -0.230274 0.888865 -0.396097 0.720778 0.429260 0.544256
-8.807455 -47.273405 311.117918 -507.930448 0.882534 0.424565 0.202183 0.031391 -0.482180 0.875510 -0.469199 0.766321 0.438868
-9.051895 -48.377565 200.838592 -536.574267 0.894070 0.410092 0.180174 0.112761 -0.595348 0.795516 -0.433501 0.690931 0.578525
-8.810995 -49.282884 203.923443 -30.815092 0.899295 0.394254 0.189295 0.006934 -0.445629 0.895191 -0.437288 0.803728 0.403486
1.636183 -16.025831 130.813851 65.865712 -0.062491 0.950191 0.305339 0.776405 -0.145955 0.613101 -0.627129 -0.275380 0.728612
-2.677561 -9.395708 691.529677 -854.420448 -0.064194 0.954209 0.292171 0.726775 -0.155931 0.668942 -0.683869 -0.255285 0.683486
14.656958 -24.205855 -1095.815935 -2179.958479 0.794582 0.506063 -0.335470 -0.482110 0.190023 -0.855255 0.369066 -0.841303 -0.394967
7.889356 -28.336004 -1524.371140 -1997.581286 0.827551 0.444628 -0.342732 -0.485680 0.260848 -0.834310 0.281557 -0.856892 -0.431812
10.826892 -20.656852 -1913.498432 -1670.814999 0.824958 0.443787 -0.349996 -0.461424 0.171215 -0.870502 0.326392 -0.879624 -0.346019
16.501870 -15.654907 -1405.737977 -952.384705 0.787123 0.507726 -0.350217 -0.470028 0.126093 -0.873599 0.399389 -0.852241 -0.337896
8.738183 -83.924519 645.056621 5541.919666 -0.343835 -0.906926 -0.243439 0.938586 -0.339895 -0.059395 -0.028876 -0.248911 0.968096
8.155569 -70.728847 78.938521 145.909174 -0.369871 -0.909178 -0.191289 0.921997 -0.333804 -0.196207 0.114534 -0.248939 0.961723
6.238559 -74.114124 -765.196365 1284.225970 -0.367164 -0.925435 -0.093594 0.925179 -0.352951 -0.139532 0.096094 -0.137822 0.985784
-15.589803 -24.461388 510.196527 -297.448262 0.834720 -0.185509 0.518488 0.410705 -0.417488 -0.810571 -0.366831 -0.889545 0.272296
-13.908249 -23.503444 579.422551 -181.802182 0.782939 -0.103718 0.613392 0.472455 -0.542322 -0.694747 -0.404714 -0.833744 0.375602
-15.123145 -24.442234 -59.967997 -355.009405 0.814952 -0.262643 0.516596 0.365353 -0.459107 -0.809776 -0.449855 -0.848669 0.278193
-13.586126 -23.855407 -135.749129 -253.059628 0.789602 -0.253648 0.558742 0.353170 -0.556774 -0.751847 -0.501797 -0.790990 0.350049
-12.994705 -22.797865 311.557351 -95.415475 0.741782 -0.091511 0.664368 0.455014 -0.659078 -0.598815 -0.492668 -0.746487 0.447253
-11.985709 -22.478856 620.893362 57.237427 0.728211 0.009831 0.685283 0.542148 -0.619954 -0.567216 -0.419267 -0.784577 0.456787
-2.587905 -358.925371 -606.178682 -3996.328923 0.324144 0.923060 0.207099 0.372202 -0.325702 0.869128 -0.869710 0.204640 0.449139
-5.569509 -294.395883 893.447784 20490.375975 0.375393 0.895168 0.240322 0.682369 -0.442388 0.581950 -0.627259 0.054471 0.776904
-2.382783 -256.579660 386.402171 5391.398606 0.358704 0.908411 0.214756 0.603322 -0.401177 0.689245 -0.712274 0.117668 0.691969
-3.822996 -397.939861 1821.832633 54545.973342 0.308520 0.932895 0.185802 0.470553 -0.319437 0.822520 -0.826677 0.166335 0.537530
0.003778 -509.804088 2443.879088 78119.408894 0.316590 0.899856 0.300048 -0.070025 -0.293285 0.953457 -0.945974 0.322866 0.029839
-10.208343 -19.733368 -513.972206 82.304011 0.729880 0.253188 0.634958 0.541426 -0.781160 -0.310880 -0.417293 -0.570688 0.707236
-12.520596 -19.531497 -422.739545 4.992612 0.768561 0.277810 0.576312 0.510311 -0.809503 -0.290323 -0.385872 -0.517229 0.763922
-14.433237 -19.184310 -294.498619 118.155842 0.846131 0.224530 0.483371 0.433494 -0.817554 -0.379063 -0.310071 -0.530276 0.789090
-182.043056 -2289.104455 6932.522538 -537107.294166 -0.063796 0.905433 -0.419668 0.989179 0.001701 -0.146702 -0.132115 -0.424486 -0.895744
-88.019765 -317.886555 10167.633976 44031.119440 -0.094988 -0.262898 0.960136 -0.639183 0.755522 0.143637 -0.763166 -0.600060 -0.239806
-183.333995 -278.942989 23726.514043 31373.087245 -0.556370 0.583971 0.591126 0.263920 -0.550370 0.792110 -0.787908 -0.596716 -0.152088
-96.602884 -491.756447 6000.793729 63666.906420 -0.024695 0.431089 -0.901971 0.175440 0.890113 0.420618 0.984180 -0.147854 -0.097612
-4.959973 -304.312049 289.524499 40187.154545 -0.109248 0.170593 -0.979267 0.072215 0.983922 0.163347 0.991388 -0.052872 -0.119811
-132.676117 -322.456911 -9339.618849 -12399.742746 -0.101997 -0.471957 -0.875701 -0.035318 0.881455 -0.470945 0.994158 -0.017107 -0.106574
-15.484137 -90.184064 -1201.679074 6368.346548 -0.540910 0.714252 0.444141 0.835456 0.517240 0.185677 -0.097107 0.471495 -0.876506
-2.223194 -138.969600 -901.297240 4413.763459 -0.528803 0.721215 0.447454 0.789025 0.611988 -0.053941 -0.312740 0.324528 -0.892679
-0.616583 -94.094437 296.454525 7953.039762 0.796335 -0.505047 -0.332833 0.560501 0.823004 0.092213 -0.227351 0.259986 -0.938466
26.084253 -73.498106 3037.894481 1068.050705 0.922294 -0.309221 0.231855 0.231064 -0.039724 -0.972127 -0.309812 -0.950160 -0.034812
29.358802 -70.220494 1732.227694 391.106316 0.866505 -0.439844 0.236023 0.108498 -0.295571 -0.949140 -0.487235 -0.848042 0.208391
18.375613 -73.827642 3215.647427 786.786866 0.935518 -0.271407 0.226152 0.140242 -0.302241 -0.942859 -0.324251 -0.913777 0.244690
12.527817 -75.323734 2445.671979 1126.597422 0.937877 -0.223811 0.265134 0.252658 -0.083195 -0.963972 -0.237806 -0.971075 0.021479
-5.042330 -23.218326 364.570314 197.444724 0.860373 0.165980 0.481881 -0.428151 -0.277536 0.860035 -0.276488 0.946269 0.167720
-7.146675 -23.702780 211.846837 253.333194 0.847626 0.194889 0.493507 -0.429098 -0.295311 0.853620 -0.312099 0.935313 0.166686
4.148331 -18.875427 30.322858 166.821495 0.879521 0.167127 0.445545 -0.360987 0.844380 0.395868 0.310049 0.509010 -0.802981
3.313963 -17.223087 -257.223651 307.116589 0.881304 0.189098 0.433065 -0.390091 0.808368 0.440874 0.266708 0.557479 -0.786183
1.268721 -16.542042 -510.491556 283.866178 0.898549 0.178977 0.400720 -0.359784 0.823283 0.439046 0.251327 0.538677 -0.804153
4.449396 -19.044262 31.583236 -320.568869 0.889559 0.140622 0.434638 -0.294610 0.903742 0.310573 0.349128 0.404321 -0.845360
8.057306 -40.252464 1365.556976 -2072.127615 0.706643 0.007587 0.707530 -0.395968 0.832945 0.386540 -0.586400 -0.553305 0.591598
8.837158 -52.386260 565.515367 -3652.033992 0.690789 -0.053024 0.721110 -0.295203 0.889721 0.348212 -0.660050 -0.453415 0.598957
6.566520 -55.893002 588.891237 -2055.124937 0.723482 -0.083845 0.685232 -0.060001 0.981204 0.183410 -0.687730 -0.173809 0.704853
-8.000096 -50.530580 -121.867217 -739.381569 0.837246 -0.070394 0.542277 0.407172 -0.581693 -0.704162 -0.365008 -0.810356 0.458358
-7.568931 -47.911346 -72.124741 -351.522764 0.838599 -0.087396 0.537693 0.298889 -0.751390 -0.588285 -0.455431 -0.654045 0.603993
-7.740677 -47.192637 18.223694 -65.086670 0.824053 -0.111624 0.555407 0.307935 -0.734655 -0.604531 -0.475513 -0.669195 0.571022
1.072612 -39.961593 28.632547 383.594588 -0.740283 0.154394 -0.654326 0.181086 0.983094 0.027095 0.647448 -0.098431 -0.755727
2.001131 -42.263544 211.708612 936.997914 -0.741281 0.167894 -0.649857 0.279960 0.957306 -0.072022 0.610020 -0.235323 -0.756637
2.909921 -43.537451 236.558962 870.012863 -0.737445 0.154782 -0.657433 0.298005 0.948081 -0.111063 0.606109 -0.277821 -0.745283
-2.453140 -12.879818 -1406.756501 -606.472013 0.913270 0.172174 -0.369181 0.334565 0.199991 0.920907 -0.232389 0.964552 -0.125042
2.881245 -11.782461 -1292.701302 -70.601072 0.884828 0.162753 -0.436567 0.387671 0.262568 0.883611 -0.258439 0.951089 -0.169233
4.698675 -14.855510 -985.062690 -827.287332 0.953031 0.161093 -0.256479 0.222663 0.201389 0.953868 -0.205313 0.966174 -0.156061
1.353164 -17.955718 -1184.082716 -1053.684512 0.968409 0.192222 -0.158852 0.141100 0.102846 0.984639 -0.205607 0.975947 -0.072474
-4.171209 -11.758223 -987.855167 -57.961141 0.720671 0.084871 -0.688062 0.645541 0.279756 0.710643 -0.252803 0.956312 -0.146825
12.886436 -22.034184 -415.371079 -455.043218 0.949423 0.193077 0.247622 -0.171339 0.979414 -0.106731 -0.263131 0.058906 0.962960
12.062813 -24.944582 -521.645790 -298.001929 0.934183 0.161241 0.318282 -0.125438 0.983536 -0.130085 -0.334017 0.081598 0.939028
11.912039 -24.904624 -482.682721 -715.979711 0.957323 0.141575 0.251971 -0.087771 0.973046 -0.213254 -0.275371 0.182037 0.943946
12.560101 -22.706699 -589.501162 27.716507 0.928037 0.207780 0.309152 -0.198825 0.978162 -0.060570 -0.314986 -0.005256 0.949082
11.441405 -21.902551 301.209746 -914.869614 0.977556 0.148040 0.149896 -0.124544 0.979940 -0.155581 -0.169921 0.133420 0.976384
9.485760 -82.177227 95.724377 -5874.756839 0.993167 -0.040645 0.109391 -0.097173 -0.807113 0.582346 -0.064622 0.588997 0.805548
10.941143 -153.849640 993.747029 -20576.246639 0.996157 -0.060707 0.063131 -0.080354 -0.920243 0.383010 -0.034844 0.386611 0.921584
14.348165 -164.676025 -438.262402 -21229.105882 0.979460 -0.101020 0.174509 -0.166834 -0.892066 0.419983 -0.113247 0.440470 0.890596
6.605247 -83.370717 1251.790655 -5612.782230 0.997528 -0.066519 0.022670 -0.067727 -0.823879 0.562704 0.018753 0.562849 0.826347
11.363509 -86.459400 -839.456584 -2947.751886 0.979790 -0.032364 0.197393 -0.148987 -0.776538 0.612202 -0.133470 0.629239 0.765666
5.701462 -71.259538 1047.832312 2444.774893 0.992960 -0.104842 0.055127 -0.113814 -0.715514 0.689265 0.032820 0.690687 0.722409
8.914120 -72.017796 -51.833911 2465.453673 0.988886 -0.056635 0.137467 -0.135952 -0.718710 0.681889 -0.060180 0.693000 0.718422
-11.463023 -25.697298 174.377553 66.635757 0.757728 0.313886 0.572122 -0.470448 -0.344840 0.812259 -0.452247 0.884625 0.113628
-0.197424 -161.855466 -478.397522 -596.969524 0.984706 0.090431 0.148918 -0.047162 -0.684478 0.727506 -0.167720 0.723403 0.669745
0.854738 -130.060052 -124.693164 1144.387192 0.984163 0.036019 0.173567 -0.039819 -0.909194 0.414464 -0.172735 0.414811 0.893361
0.556423 -154.956800 -746.776964 -9476.020709 0.979049 0.029829 0.201426 -0.053312 -0.917156 0.394947 -0.196520 0.397411 0.896351
-0.533924 -123.621601 -459.012051 -3241.483308 0.980446 0.047263 0.191028 -0.088641 -0.760605 0.643136 -0.175694 0.647493 0.741542
-0.318139 -156.936615 -531.911306 -10817.117469 0.974789 -0.029993 0.221105 -0.120033 -0.905812 0.406321 -0.188093 0.422617 0.886575
0.251086 -27.494196 149.320074 325.084843 0.795190 -0.364465 0.484601 0.468995 0.876254 -0.110557 -0.384339 0.315189 0.867721
0.670549 -24.853976 154.843490 432.217164 0.849159 -0.234928 0.473010 0.374819 0.899038 -0.226363 -0.372075 0.369512 0.851482
2.388355 -29.628671 -179.867815 414.634418 0.796219 -0.365070 0.482451 0.486156 0.860722 -0.151027 -0.360121 0.354797 0.862805
-5.762358 -16.629043 -40.191231 114.596661 0.855757 0.182925 0.483961 0.049285 0.902335 -0.428208 -0.515025 0.390294 0.763164
-7.618013 -17.678997 114.529131 276.999737 0.861403 0.273170 0.428210 -0.089455 0.911475 -0.401510 -0.499983 0.307556 0.809584
-7.106665 -17.948815 -157.948250 314.602726 0.857183 0.365406 0.362926 -0.163353 0.861212 -0.481279 -0.488418 0.353260 0.797907
-8.562204 -793.871083 -1277.925981 128904.555298 0.774161 -0.025266 0.632485 -0.112538 0.977791 0.176806 -0.622905 -0.208055 0.754124
7.348962 -324.204766 117.345432 57693.709952 0.819412 0.009653 0.573123 0.038380 0.996690 -0.071661 -0.571918 0.080716 0.816330
-13.357813 -42.851330 2619.855329 924.998551 0.974675 0.223563 -0.005296 -0.166151 0.708117 -0.686269 0.149674 -0.669769 -0.727329
-23.361109 -42.000981 1566.311179 1438.654452 0.980776 0.168988 -0.097579 -0.194026 0.791223 -0.579932 0.020795 -0.587716 -0.808800
-32.079265 -44.934528 -210.064820 364.720152 0.990453 -0.028691 -0.134835 -0.061690 0.782451 -0.619649 -0.123280 -0.622051 -0.773211
-24.821620 -35.958673 59.900359 -671.000694 -0.541790 -0.454675 -0.706919 0.729964 -0.671474 -0.127574 -0.416673 -0.585144 0.695694
-23.110550 -34.735568 69.789522 -1003.157567 -0.518982 -0.337960 -0.785137 0.710846 -0.680752 -0.176847 -0.474716 -0.649892 0.593536
-23.340705 -35.676129 -596.309846 -1084.013041 -0.438905 -0.510047 -0.739739 0.830468 -0.544588 -0.117246 -0.343051 -0.665790 0.662601
-24.175288 -35.046350 -173.911987 30.052084 0.600069 0.266161 0.754371 0.585745 -0.788449 -0.187751 -0.544811 -0.554533 0.629026
-24.976673 -37.058918 -87.121893 -370.045515 -0.455133 -0.580756 -0.674964 0.859832 -0.483636 -0.163659 -0.231391 -0.654843 0.719472
-28.204509 -38.002761 -776.961066 644.189909 0.719632 0.252468 0.646831 0.501646 -0.833125 -0.232925 -0.480085 -0.492100 0.726193
-29.054852 -38.932614 1088.865678 63.770277 -0.617096 -0.475540 -0.626940 0.716402 -0.669113 -0.197625 -0.325514 -0.571095 0.753585
5.473784 -30.119568 93.017730 -2150.187211 0.684495 0.657889 -0.314084 0.716842 -0.685805 0.125735 -0.132681 -0.311213 -0.941033
4.888255 -29.918540 122.049024 -2116.261584 0.651105 0.700388 -0.292438 0.747421 -0.658687 0.086559 -0.132000 -0.274934 -0.952359
6.793216 -36.070874 -254.234382 -1836.147486 0.643161 0.711209 -0.283771 0.764977 -0.613218 0.196911 -0.033969 -0.343724 -0.938456
2.049750 -38.651522 -10.595122 -544.721514 0.668891 -0.205530 -0.714382 0.518879 -0.559074 0.646684 0.532305 0.803240 0.267315
1.732096 -42.363645 100.514760 -594.626642 0.654553 -0.184989 -0.733035 0.510211 -0.607419 0.608874 0.557894 0.772542 0.303204
-5.356791 -50.886235 95.596596 460.219786 0.850120 0.473915 0.229567 0.475423 -0.503290 -0.721576 0.226427 -0.722567 0.653167
-5.854823 -53.739755 161.777090 321.264944 0.851613 0.482487 0.204845 0.505081 -0.650834 -0.566840 0.140173 -0.586192 0.797954
-6.442101 -53.867474 110.031465 443.617150 0.850192 0.467146 0.242793 0.513704 -0.635140 -0.576806 0.115245 -0.615120 0.779966
-7.068549 -55.665919 214.506419 190.045626 0.847901 0.481475 0.221912 0.530113 -0.775174 -0.343634 -0.006569 -0.409006 0.912508
-6.187730 -51.627530 15.133125 637.241639 0.849208 0.454860 0.268231 0.481478 -0.458369 -0.747046 0.216852 -0.763545 0.608255
-7.715624 -53.689495 76.795472 513.131389 0.837710 0.472402 0.274004 0.546114 -0.725980 -0.417987 -0.001464 -0.499789 0.866146
-7.398621 -53.843215 100.965508 695.727739 0.832007 0.468110 0.297720 0.546457 -0.599006 -0.585300 0.095649 -0.649665 0.754179
-2.845496 -58.720759 -180.143968 2226.645973 0.861242 0.392915 0.322303 -0.077427 0.728259 -0.680914 0.502262 -0.561477 -0.657630
-2.645868 -59.479233 -126.241931 460.816187 0.860414 0.386296 0.332360 0.031258 0.610968 -0.791038 0.508636 -0.691009 -0.513610
-1.266187 -51.143392 145.383352 2351.048984 -0.862747 -0.382624 -0.330554 -0.178617 0.842216 -0.508693 0.473036 -0.379831 -0.794962
45.334283 -10.365134 3693.087884 -317.090086 -0.522016 0.844622 0.118802 -0.650952 -0.484517 0.584385 -0.551145 -0.227724 -0.802733
62.017437 -21.511025 6488.479068 -1707.833064 -0.458347 0.878805 0.132738 -0.654878 -0.434909 0.618053 -0.600877 -0.196356 -0.774849
58.454836 -18.255830 -1135.427000 1464.679670 0.694129 -0.713310 0.096815 0.619913 0.523967 -0.584095 -0.365913 -0.465454 -0.805891
38.596536 -15.955299 5338.635554 -876.369027 -0.246474 0.947467 0.203856 -0.746857 -0.319740 0.583071 -0.617621 0.008539 -0.786429
22.509518 -10.104818 1896.932087 284.454166 -0.239700 0.967205 0.084014 -0.790577 -0.244687 0.561352 -0.563500 -0.068137 -0.823302
15.552272 -25.131758 692.322745 1723.140710 0.724328 0.682719 -0.096140 -0.255533 0.136322 -0.957141 0.640353 -0.717852 -0.273199
15.009749 -19.658038 -644.573206 1063.537390 0.806449 0.563339 -0.179690 -0.266964 0.075727 -0.960727 0.527608 -0.822748 -0.211461
14.870586 -26.510027 271.873933 804.970545 0.770650 0.635855 -0.042274 -0.107335 0.064127 -0.992153 0.628154 -0.769140 -0.117669
19.046803 -17.577336 -9.091590 1131.498330 0.759014 0.611679 -0.223039 -0.368665 0.121419 -0.921598 0.536642 -0.781733 -0.317663
19.271716 -19.120342 1042.305900 1268.340240 0.686409 0.696508 -0.209092 -0.405263 0.127632 -0.905247 0.603825 -0.706106 -0.369877
13.948960 -23.685762 1462.267437 1953.737758 0.630974 0.762211 -0.144589 -0.389062 0.149644 -0.908976 0.671194 -0.629794 -0.390969
7.863859 -82.041842 342.210285 5878.119608 -0.325603 -0.914398 -0.240539 0.932632 -0.352442 0.077344 -0.155499 -0.199151 0.967553
7.304911 -100.237965 -75.648817 7014.751676 0.286664 0.934027 0.213115 0.869604 -0.347030 0.351226 -0.402012 -0.084641 0.911714
8.218532 -109.318522 -527.323008 4289.228036 0.270652 0.943107 0.193126 0.716413 -0.331325 0.613984 -0.643040 0.027818 0.765327
-13.929513 -25.826276 663.164222 -355.564175 0.874012 -0.125999 0.469283 0.428981 -0.253498 -0.867015 -0.228205 -0.959095 0.167509
-15.829214 -25.703562 423.237400 -262.870828 0.862269 -0.205230 0.463004 0.398768 -0.288462 -0.870502 -0.312212 -0.935238 0.166893
2.613584 -374.660025 984.876584 13564.504199 0.419477 0.874462 0.243630 0.819064 -0.480313 0.313740 -0.391372 -0.067942 0.917721
-8.459290 -19.934251 -300.313780 14.101375 0.704569 0.241457 0.667294 0.559078 -0.768006 -0.312408 -0.437053 -0.593182 0.676106
-8.117636 -19.636481 -140.029371 135.252563 0.728408 0.205320 0.653656 0.577782 -0.696822 -0.424978 -0.368226 -0.687228 0.626201
19.658443 -308.464666 375.507484 37829.412883 -0.694271 0.607912 0.385268 0.489264 0.791242 -0.366819 -0.527834 -0.066174 -0.846766
5.946765 -39.170015 463.688520 -1190.009516 0.960497 0.062029 -0.271290 0.087319 0.858438 0.505429 -0.264237 0.509152 -0.819111
7.676937 -38.363175 454.692102 1172.986016 0.960342 0.044645 -0.275228 0.169281 0.691000 0.702754 -0.221558 0.721475 -0.656039
7.359388 -37.578927 98.388046 706.994893 0.948565 0.122430 -0.291952 0.122747 0.707827 0.695639 -0.291819 0.695695 -0.656392
9.492451 -33.665013 229.828208 2386.611376 0.951987 0.087132 -0.293477 0.201979 0.541632 0.815990 -0.230055 0.836088 -0.498028
5.737593 -37.145531 -159.976415 -1063.667256 0.937487 0.140418 -0.318435 0.056598 0.841294 0.537607 -0.343388 0.522023 -0.780754
5.291712 -36.533557 -608.043655 415.045132 0.927406 0.185082 -0.325058 0.101758 0.711402 0.695379 -0.359949 0.677976 -0.640925
7.722798 -33.855371 -380.367748 1974.680960 0.937280 0.168015 -0.305412 0.164380 0.559584 0.812308 -0.307384 0.811564 -0.496869
-6.128485 -23.953399 308.449568 174.083566 0.865233 0.184507 0.466185 -0.437713 -0.175452 0.881830 -0.244497 0.967044 0.071046
-4.729676 -23.458406 461.782261 65.310759 0.872344 0.148235 0.465877 -0.444214 -0.157646 0.881942 -0.204179 0.976306 0.071673
-0.732178 -14.636925 -444.767431 290.875960 0.882475 0.206095 0.422804 -0.410499 0.776298 0.478385 0.229629 0.595723 -0.769665
1.791334 -14.964493 -419.827690 338.241563 0.875847 0.223415 0.427760 -0.430589 0.762027 0.483640 0.217912 0.607783 -0.763619
-0.874084 -12.771606 -382.666934 270.433057 0.850386 0.256766 0.459254 -0.485674 0.718812 0.497424 0.202396 0.646050 -0.735972
-4.159520 -13.385079 -525.074159 310.880054 0.855306 0.241949 0.458161 -0.465916 0.745991 0.475835 0.226657 0.620450 -0.750779
-2.299820 -15.476154 -662.584637 331.293201 0.900255 0.174000 0.399081 -0.359703 0.813679 0.456662 0.245264 0.554663 -0.795107
3.521120 -45.033065 4.186927 -3196.727048 0.760629 -0.136423 0.634691 -0.076879 0.951862 0.296731 -0.644619 -0.274496 0.713526
2.065365 -35.152216 39.543832 -1930.916111 0.772703 -0.125343 0.622270 -0.163740 0.907776 0.386176 -0.613286 -0.400290 0.680918
4.313434 -41.238589 260.750315 -3277.085229 0.783080 -0.158018 0.601512 -0.069763 0.938760 0.337434 -0.617996 -0.306201 0.724100
5.016111 -48.593426 -304.372564 -1095.825992 0.738472 -0.149825 0.657428 0.096359 0.988443 0.117025 -0.667364 -0.023070 0.744374
5.452567 -45.509678 310.694829 -1581.678612 0.790448 -0.181221 0.585107 0.087038 0.978770 0.185564 -0.606314 -0.095752 0.789440
-6.214477 -48.968451 22.605380 -65.117500 0.796993 -0.131530 0.589493 -0.501056 -0.688971 0.523700 -0.337261 0.712754 0.615009
-5.910823 -50.638096 65.168763 -77.199515 0.814113 -0.151820 0.560510 -0.493296 -0.690083 0.529571 -0.306399 0.707627 0.636698
-6.015209 -49.020663 69.479373 128.437324 0.787380 -0.144151 0.599378 -0.572123 -0.532964 0.623398 -0.229583 0.833768 0.502117
-6.462457 -50.138153 -55.184185 -125.921018 0.804364 -0.121507 0.581580 -0.405352 -0.827894 0.387661 -0.434383 0.547565 0.715181
-6.226825 -49.423422 31.539218 67.259999 0.775631 -0.129901 0.617675 -0.570516 -0.562917 0.598027 -0.270016 0.816241 0.510727
-6.660325 -50.478907 -80.894589 -285.953365 0.781296 -0.121159 0.612288 -0.487242 -0.731491 0.476987 -0.390092 0.671001 0.630544
10.509100 -25.613054 -281.756535 -333.561697 0.940992 0.115768 0.318012 -0.049731 0.976773 -0.208428 -0.334754 0.180314 0.924893
10.255927 -26.598947 -109.977179 172.385901 0.923366 0.122575 0.363826 -0.069936 0.985510 -0.154531 -0.377496 0.117244 0.918559
11.909546 -24.933416 -425.920594 66.996821 0.918412 0.187530 0.348357 -0.183328 0.982007 -0.045316 -0.350587 -0.022245 0.936266
