19130
38241
-22.947262 -33.836038 -256.689002 -1726.458564 0.699221 0.273381 0.660570 0.605908 -0.717016 -0.344620 -0.379427 -0.641210 0.666997
-21.049814 -34.518283 376.439550 -1119.909011 0.741103 0.170525 0.649375 0.559254 -0.691955 -0.456545 -0.371486 -0.701513 0.608176
-27.382806 -42.415442 68.214034 -1979.910284 -0.452135 -0.428992 -0.782010 0.852159 -0.466704 -0.236670 -0.263437 -0.773404 0.576583
-19.344460 -29.883479 -217.516706 -775.670355 0.833860 -0.091917 0.544269 0.301004 -0.750801 -0.587957 -0.462681 -0.654101 0.598396
-30.657171 -57.209076 1228.877474 -5097.027754 -0.271454 -0.578230 -0.769391 0.919801 -0.391197 -0.030520 -0.283335 -0.715971 0.638049
-27.064260 -54.719836 293.822608 -6560.675034 -0.321201 -0.634762 -0.702785 0.880221 -0.473867 0.025704 -0.349342 -0.610350 0.710938
-20.525456 -26.554624 73.775218 -2629.172929 0.706732 0.330283 0.625655 0.573695 -0.785047 -0.233613 -0.414010 -0.524037 0.744299
-17.287338 -25.922364 -498.989752 -780.820133 0.879460 -0.227053 0.418327 0.086871 -0.787557 -0.610089 -0.467978 -0.572889 0.672900
-1.546853 -15.695153 6656.933642 -574.480459 0.747998 -0.357568 0.559146 0.404703 0.913448 0.042748 -0.526036 0.194312 0.827967
-0.121433 -16.595509 7660.094939 153.190798 0.797783 -0.234679 0.555399 0.292524 0.956121 -0.016185 -0.527231 0.175379 0.831427
47.593346 -26.767154 24291.134765 -1267.797509 0.733247 -0.466108 0.495069 0.473765 0.872473 0.119741 -0.487746 0.146746 0.860563
24.615382 -19.342584 15940.209559 -1317.224958 0.553405 -0.658326 0.510245 0.653497 0.723007 0.224060 -0.516415 0.209448 0.830330
-14.873818 -18.286866 900.525274 -1002.224668 0.833974 0.181116 0.521233 0.005502 0.941823 -0.336065 -0.551776 0.283137 0.784459
54.091787 -21.583628 24641.703091 -622.179627 0.659388 -0.578320 0.480368 0.566409 0.802300 0.188402 -0.494356 0.147854 0.856593
0.629204 -94.487697 8113.141203 -21170.053738 0.996804 -0.036405 0.071114 -0.072450 -0.787055 0.612613 -0.033668 0.615807 0.787177
17.625729 -17.526174 -1426.453039 2762.914063 0.814892 0.564797 0.130211 -0.423745 0.733803 -0.531012 -0.395463 0.377541 0.837300
3.483984 -43.995092 3339.356912 -9829.992544 0.914630 0.400557 0.054834 0.263464 -0.693401 0.670657 -0.306658 0.598956 0.739738
-42.358331 -734.132474 4371.832742 -196300.596758 0.954554 0.040772 0.295237 -0.251062 -0.423817 0.870257 -0.160609 0.904830 0.394320
22.274002 -65.364709 -16203.123217 16255.149907 0.518407 0.023719 0.854805 0.289715 0.935627 -0.201663 -0.804562 0.352193 0.478164
58.453643 -42.587757 24090.541689 707.308974 0.721081 -0.410290 0.558304 0.430964 0.896557 0.102254 -0.542506 0.166875 0.823310
27.186310 -56.006113 3534.906806 12856.743236 0.741925 0.045428 0.668942 0.156934 0.958222 -0.239129 -0.651858 0.282396 0.703800
18.747961 -53.898085 -10261.143507 7399.456204 0.496417 -0.254721 0.829872 0.514748 0.856153 -0.045127 -0.699003 0.449576 0.556126
-7.977236 -35.078012 2229.426088 1868.677178 0.602841 0.082951 -0.793537 0.609043 0.594648 0.524844 0.515411 -0.799696 0.307958
3.889549 -22.327645 2189.711299 -1282.231746 0.739887 0.248688 -0.625077 -0.377571 -0.615508 -0.691802 0.556783 -0.747866 0.361510
-0.471147 -26.107543 3547.864033 -1053.689008 0.760426 0.340473 -0.553019 -0.222057 -0.663910 -0.714083 0.610281 -0.665809 0.429250
31.708510 -19.370403 6589.009085 395.158757 0.796628 0.570964 -0.198456 0.188011 -0.546072 -0.816368 0.574488 -0.613030 0.542364
2.140239 -26.444091 5738.115023 51.971080 0.760154 0.508238 -0.404795 -0.027278 0.647423 0.761643 0.649170 -0.567924 0.506005
17.170636 -57.403843 -3722.979119 -1795.951453 -0.135697 0.739507 0.659330 -0.213751 -0.671665 0.709350 -0.967418 0.044676 -0.249214
28.575037 -51.788991 -4091.424595 -5324.788896 -0.037067 0.780711 0.623792 -0.393861 -0.585106 0.708890 -0.918422 0.219411 -0.329179
27.129613 -59.772852 -4050.314850 -905.491061 -0.076479 0.767143 0.636900 -0.154282 -0.640183 0.752571 -0.985062 0.040706 -0.167317
-4.035634 -32.896275 109.286405 454.074853 0.921694 -0.092403 0.376752 0.373734 -0.048712 -0.926256 -0.103941 -0.994529 0.010363
-4.600377 -29.270756 116.992811 562.149550 0.898964 -0.122430 0.420565 0.434978 0.136497 -0.890035 -0.051561 -0.983046 -0.175960
-3.759204 -30.145375 80.423926 477.287183 0.904319 -0.097645 0.415539 0.426325 0.158000 -0.890665 -0.021314 -0.982599 -0.184511
18.088561 -41.085580 -385.449011 1627.933552 0.888715 0.190799 0.416871 -0.150772 -0.737074 0.658780 -0.432960 0.648319 0.626281
20.800188 -45.490916 -294.214677 2791.600424 0.895349 0.161047 0.415227 -0.235034 -0.621069 0.747684 -0.378297 0.767031 0.518222
19.008927 -40.925160 -474.719435 2124.764827 0.908553 0.091254 0.407682 -0.218486 -0.727973 0.649861 -0.356084 0.679506 0.641465
15.655955 -38.202285 -327.113680 -862.647772 0.913989 0.110244 0.390475 -0.164743 -0.778645 0.605451 -0.370789 0.617704 0.693511
-2.642116 -57.933455 28.307784 -1160.950643 0.874426 0.391401 0.286678 0.475512 -0.574168 -0.666498 0.096266 -0.719122 0.688184
-3.328189 -53.425891 59.728316 -1630.835368 0.881216 0.383263 0.276709 0.471404 -0.756022 -0.454101 -0.035158 -0.530603 0.846891
-2.756553 -57.856917 -27.396034 -860.197509 0.862311 0.391853 0.320736 0.500616 -0.564395 -0.656386 0.076185 -0.726574 0.682852
-1.917756 -57.507344 -49.916692 981.246570 0.861563 0.390128 0.324821 0.453021 -0.302112 -0.838749 0.229087 -0.869786 0.437025
-0.895201 -56.953746 -188.039011 1074.819149 0.852377 0.385700 0.353113 0.475895 -0.292268 -0.829520 0.216742 -0.875108 0.432676
-1.655303 -57.017014 -129.570946 -716.696340 0.850322 0.395208 0.347509 0.522416 -0.554210 -0.648022 0.063510 -0.732572 0.677720
-7.495546 -45.213699 -87.046088 -698.530099 0.860880 0.431796 0.269142 -0.118405 -0.344429 0.931316 -0.494838 0.833619 0.245385
-6.538936 -45.168544 -194.276266 -894.426538 0.830252 0.477272 0.287913 -0.131136 -0.334784 0.933125 -0.541743 0.812484 0.215368
-7.432447 -47.120827 -47.989404 -280.324668 0.861858 0.425897 0.275341 -0.018948 -0.515497 0.856682 -0.506796 0.743555 0.436215
-7.533968 -46.877562 31.448720 -80.578253 0.891081 0.371688 0.260428 -0.021642 -0.538373 0.842429 -0.453328 0.756309 0.471690
-7.689682 -45.445722 46.360129 -638.346792 0.893189 0.370543 0.254779 -0.115580 -0.358370 0.926397 -0.434575 0.856895 0.277264
-10.206929 -22.892547 1066.154997 -308.732897 0.764691 -0.275710 0.582436 0.619884 0.561656 -0.547984 0.176044 -0.780081 -0.600401
-10.441546 -21.983935 897.210799 0.422117 0.792731 -0.256079 0.553173 0.602606 0.466013 -0.647841 0.091888 -0.846909 -0.523738
-14.289249 -22.494842 1246.710145 -324.614907 0.731603 -0.345578 0.587651 0.672050 0.510343 -0.536562 0.114480 -0.787481 -0.605614
-14.016497 -21.922034 362.507568 -289.521443 0.733177 -0.394579 0.553858 0.678135 0.485105 -0.552092 0.050835 -0.780372 -0.623246
-14.078166 -24.130139 -415.828479 -534.093622 -0.624746 0.492682 -0.605769 0.768724 0.524157 -0.366501 0.136950 -0.694640 -0.706202
11.365609 -18.096043 1752.412677 30.133869 -0.852102 0.167641 -0.495801 0.150427 0.985788 0.074788 0.501292 -0.010855 -0.865210
18.743917 -19.284989 2571.289222 -463.428794 -0.849741 0.166852 -0.500100 0.093054 0.981171 0.169244 0.518922 0.097278 -0.849268
5.768516 -18.856210 1106.697407 -187.673855 -0.852143 0.175363 -0.493052 0.142495 0.984335 0.103823 0.503535 0.018215 -0.863783
2.587105 -18.872006 685.146488 191.393359 -0.850668 0.160007 -0.500761 0.187112 0.982331 -0.003975 0.491277 -0.097080 -0.865576
-0.724544 -19.295908 158.160271 28.848209 -0.833906 0.191521 -0.517610 0.198621 0.979163 0.042307 0.514927 -0.067528 -0.854570
0.322380 -20.517137 351.768837 -529.435428 -0.834440 0.228625 -0.501438 0.172821 0.972548 0.155832 0.523300 0.043373 -0.851044
-7.528548 -45.093405 465.301514 -608.819056 -0.012011 -0.084911 0.996316 0.536746 0.840124 0.078070 -0.843658 0.535707 0.035485
-8.691833 -44.748118 872.696005 -1298.993893 -0.015426 -0.084182 0.996331 0.613479 0.786054 0.075914 -0.789561 0.612399 0.039518
-8.354524 -43.476695 353.728310 -449.494516 -0.024788 -0.039563 0.998910 0.530025 0.846696 0.046687 -0.847619 0.530605 -0.000019
-7.177645 -44.132997 188.811873 519.199742 -0.019461 -0.036669 0.999138 0.423739 0.904835 0.041462 -0.905575 0.424181 -0.002071
-8.309211 -43.279918 372.403845 523.150097 -0.022170 0.018955 0.999575 0.429950 0.902821 -0.007584 -0.902581 0.429599 -0.028165
-9.813655 -42.957280 214.749221 -43.400733 -0.037537 0.011816 0.999225 0.546188 0.837595 0.010613 -0.836821 0.546163 -0.037894
3.380726 -36.819954 1157.105729 -191.567412 0.405927 0.407466 -0.818044 0.913309 -0.148526 0.379219 0.033018 -0.901062 -0.432433
-2.507026 -42.705118 719.909195 1887.549609 0.303090 0.424454 -0.853215 0.952499 -0.162824 0.257358 -0.029688 -0.890689 -0.453642
1.320127 -39.622188 1150.867235 1988.878079 0.357338 0.423350 -0.832517 0.931694 -0.223843 0.286080 -0.065241 -0.877878 -0.474420
9.377291 -34.315258 1627.320905 -224.469083 0.438860 0.384351 -0.812205 0.898114 -0.215969 0.383079 -0.028174 -0.897570 -0.439971
10.882760 -37.687119 1401.018276 -1740.800675 0.437931 0.368317 -0.820097 0.897561 -0.127381 0.422088 0.050998 -0.920932 -0.386371
5.586736 -87.774024 173.803354 3513.049239 -0.160235 -0.033196 0.986520 0.273406 0.958838 0.076672 -0.948459 0.282006 -0.144564
4.292783 -80.220315 196.252508 2979.228864 -0.133644 -0.039082 0.990259 0.287929 0.954589 0.076533 -0.948281 0.295353 -0.116322
5.579188 -89.111592 410.864857 1358.415416 -0.146084 0.015631 0.989149 0.056066 0.998399 -0.007497 -0.987682 0.054363 -0.146727
4.313628 -73.744660 113.103161 3800.638098 -0.151016 -0.085002 0.984870 0.467050 0.871948 0.146871 -0.871239 0.482164 -0.091978
11.041079 -95.446472 1046.227841 1064.910348 -0.164811 -0.008956 0.986285 0.011474 0.999874 0.010997 -0.986258 0.013129 -0.164687
5.622234 -79.638104 70.355086 5239.610176 -0.177601 -0.071902 0.981472 0.464612 0.873053 0.148033 -0.867522 0.482294 -0.121649
9.911253 -93.384656 211.082906 3401.381494 -0.207391 -0.051146 0.976920 0.240977 0.965189 0.101689 -0.948113 0.256505 -0.187847
-5.552640 -68.717792 -317.530855 5037.345366 -0.231029 -0.190956 0.954024 0.799568 -0.595957 0.074340 0.554361 0.779982 0.290365
-3.729384 -59.617264 1207.571123 6791.256188 -0.245029 -0.243771 0.938369 0.717215 -0.696824 0.006259 0.652352 0.674546 0.345578
-4.265510 -59.174127 -98.755879 -6031.791151 0.226123 0.221578 -0.948563 -0.698782 0.715334 0.000519 0.678655 0.662721 0.316589
7.291768 -10.097889 444.222972 166.216058 0.562250 -0.386276 -0.731209 0.663633 -0.316819 0.677655 -0.493423 -0.866266 0.078214
6.748787 -9.390288 255.447131 241.084611 0.472458 -0.368388 -0.800671 0.728060 -0.348845 0.590115 -0.496701 -0.861741 0.103394
4.040238 -8.832544 477.535458 202.708897 0.590580 -0.399978 -0.700880 0.666478 -0.247941 0.703087 -0.454996 -0.882351 0.120147
4.277808 -10.072237 -135.712099 -50.347994 0.675299 -0.429194 -0.599803 -0.580532 0.192300 -0.791204 -0.454922 -0.882504 0.119301
8.879084 -11.212982 -717.136104 -92.526134 0.628314 -0.412558 -0.659558 -0.602302 0.278637 -0.748060 -0.492395 -0.867270 0.073413
-2.689085 -29.250953 -218.305899 886.405962 -0.167980 -0.107584 0.979902 0.971326 0.151593 0.183153 -0.168250 0.982571 0.079035
-1.940781 -29.362883 155.095678 157.877911 -0.044699 -0.094707 0.994501 0.984430 0.165227 0.059981 -0.169999 0.981698 0.085846
0.992252 -28.605907 -991.222886 -160.631485 -0.154059 -0.080541 0.984774 0.985695 0.056411 0.158817 -0.068343 0.995154 0.070698
2.860237 -27.305657 -825.119002 78.334708 -0.263886 -0.101282 0.959222 0.963105 0.026817 0.267786 -0.052845 0.994496 0.090469
2.269164 -75.206789 -282.816760 -6673.004838 0.381231 0.395315 -0.835697 0.472001 0.694037 0.543624 0.794908 -0.601696 0.078000
2.826802 -64.048488 -201.749038 -4003.367863 0.378707 0.394348 -0.837299 0.588345 0.595787 0.546707 0.714445 -0.699663 -0.006384
1.426658 -71.750644 -1.528480 -5630.341515 0.365999 0.390391 -0.844772 0.513549 0.672298 0.533182 0.776088 -0.628976 0.045575
0.342136 -86.157912 52.144194 -5738.573785 0.365160 0.395050 -0.842967 0.352862 0.779196 0.518018 0.861479 -0.486610 0.145133
0.381312 -79.134983 -178.955601 -5340.529019 0.365564 0.366616 -0.855544 0.461455 0.726866 0.508649 0.808345 -0.580739 0.096539
13.988642 -180.060966 14813.253437 48373.803966 -0.082768 0.419925 -0.903777 0.303644 0.874394 0.378465 0.949184 -0.243102 -0.199880
31.679299 -163.455889 12409.055231 43340.028536 -0.064022 0.323687 -0.943996 0.169881 0.935665 0.309309 0.983383 -0.140564 -0.114892
2.076071 -105.741613 16420.728748 34417.465079 -0.092379 0.413805 -0.905666 0.116632 0.907791 0.402880 0.988870 -0.068412 -0.132124
-5.393808 -146.745091 8414.821389 44654.964511 -0.026892 0.547969 -0.836067 0.218901 0.819298 0.529937 0.975376 -0.168765 -0.141984
-20.951340 -67.398544 14492.162912 25325.569822 -0.066533 0.564002 -0.823089 0.094080 0.824788 0.557561 0.993339 -0.040340 -0.107937
-2.175360 -34.454621 18507.124897 16355.201803 -0.109188 0.213000 -0.970932 0.019296 0.977042 0.212171 0.993834 0.004432 -0.110791
-27.583593 -532.287860 -133.226083 -62912.682386 -0.241853 0.588795 -0.771251 0.967202 0.082693 -0.240170 -0.077634 -0.804041 -0.589483
-54.700689 -912.851036 -20081.774384 -83696.954855 -0.144725 0.567977 -0.810220 0.965590 0.259887 0.009707 0.216079 -0.780936 -0.586046
-88.386607 -1139.086127 -34323.648312 200339.825610 -0.348687 0.522902 -0.777812 0.922410 0.044414 -0.383651 -0.166066 -0.851235 -0.497816
-3.632927 -138.422122 -668.666656 -337.552246 -0.061606 0.558552 -0.827178 0.877435 -0.364700 -0.311613 -0.475724 -0.744992 -0.467625
2.262506 -143.731783 -790.659189 4377.297825 -0.051773 0.556125 -0.829485 0.973058 -0.158771 -0.167181 -0.224672 -0.815792 -0.532922
9.723470 -141.359719 -2927.305392 3194.496286 -0.155395 0.580512 -0.799286 0.960176 -0.101422 -0.260336 -0.232194 -0.807911 -0.541633
7.991547 -30.659927 -138.544380 1323.283328 0.838910 -0.306599 0.449696 0.141919 -0.674430 -0.724571 -0.525441 -0.671670 0.522274
7.535831 -27.129472 -319.715792 936.496962 0.834385 -0.333662 0.438716 0.155177 -0.621555 -0.767847 -0.528888 -0.708759 0.466839
6.565782 -29.310364 -718.645813 490.281705 0.814744 -0.335796 0.472688 0.126862 -0.692240 -0.710430 -0.565773 -0.638784 0.521398
6.660750 -32.273582 -467.879204 940.836306 0.817832 -0.304371 0.488374 0.116938 -0.743063 -0.658926 -0.563451 -0.596000 0.572108
3.904654 -30.578050 -972.857577 -395.352142 0.799240 -0.340818 0.495034 -0.089305 0.747178 0.658597 -0.594340 -0.570586 0.566737
3.484208 -28.874441 -946.081207 373.117733 0.799812 -0.356247 0.483103 0.114761 -0.699235 -0.705620 -0.589177 -0.619805 0.518374
-0.874845 -33.672477 241.179159 1597.617259 -0.357237 -0.102221 0.928403 0.489178 0.826287 0.279206 -0.795668 0.553897 -0.245176
1.311070 -29.243077 -129.465098 1026.126999 -0.356075 -0.080341 0.930997 0.575026 0.766490 0.286073 -0.736584 0.637211 -0.226730
0.154694 -29.202390 838.439382 973.590538 -0.362986 -0.124475 0.923443 0.560554 0.762478 0.323120 -0.744325 0.634928 -0.206994
-1.735814 -33.686683 1083.408955 1621.959874 -0.362774 -0.137237 0.921716 0.475420 0.823437 0.309722 -0.801480 0.550561 -0.233477
-3.107514 -38.939279 454.648621 1730.535374 -0.362361 -0.121535 0.924080 0.357050 0.897725 0.258079 -0.860935 0.423461 -0.281906
23.511545 6.153987 -3880.917905 1422.018179 -0.466284 0.258018 0.846171 0.867053 -0.056460 0.495007 0.175496 0.964489 -0.197389
20.880399 4.090462 128.594039 2094.374316 0.712532 -0.058108 -0.699229 0.698299 -0.038404 0.714776 0.068388 0.997571 -0.013213
16.074875 0.394485 -2408.310896 1443.628305 -0.541087 0.207261 0.815026 0.824538 -0.059883 0.562629 0.165417 0.976451 -0.138493
-10.008619 -19.668382 -113.020972 -170.156070 0.539179 -0.239163 0.807519 0.835498 0.272541 -0.477142 -0.105968 0.931945 0.346769
-10.584098 -19.694921 45.630679 -119.359371 0.528708 -0.201398 0.824564 0.847071 0.187230 -0.497409 -0.054206 0.961449 0.269588
-9.496199 -18.351671 -30.015698 -180.863540 0.632825 -0.154533 0.758718 0.753539 0.348276 -0.557569 -0.178080 0.924567 0.336844
-8.788422 -18.032050 -116.268632 -245.213279 0.648097 -0.180571 0.739841 0.727717 0.433219 -0.531742 -0.224496 0.883015 0.412172
-8.286232 -16.728744 -60.236417 200.882113 0.737416 -0.072022 0.671588 -0.613730 -0.486649 0.621698 -0.282052 0.870624 0.403065
-9.624655 -17.223468 122.627317 189.879955 0.729369 -0.057242 0.681722 -0.640791 -0.406165 0.651473 -0.239600 0.912005 0.332925
20.346819 -26.471068 -9477.367328 31.399821 0.719525 -0.426897 0.547761 0.575291 0.808217 -0.125804 0.389004 -0.405641 -0.827122
5.945816 -26.325640 -3746.000838 309.983172 0.705879 -0.475200 0.525281 0.606915 0.788116 -0.102604 0.365225 -0.391226 -0.844721
10.718449 -27.816955 -11042.911895 -651.633242 0.696173 -0.527427 0.486994 0.677745 0.706526 -0.203672 0.236652 -0.471849 -0.849326
-115.089070 -737.750768 29520.644901 102528.338504 -0.220413 0.954075 -0.202879 0.866048 0.287112 0.409300 -0.448752 0.085487 0.889558
-129.091044 -3796.964923 -27336.210602 2028424.799933 0.213341 -0.960617 0.178047 0.975718 0.218751 0.011094 -0.049605 0.171357 0.983959
-52.279866 -604.812473 9877.122414 35559.313090 -0.173464 0.952908 -0.248750 0.858187 0.270165 0.436492 -0.483141 0.137758 0.864637
-69.890897 -716.431686 21197.129165 -185440.991184 -0.083300 0.982244 -0.168101 0.488049 0.187284 0.852486 -0.868832 0.011029 0.494984
-23.858732 -583.247145 3773.486632 -130717.208734 -0.077987 0.985482 -0.150810 0.469799 0.169750 0.866299 -0.879322 0.003290 0.476216
-16.686157 -482.482145 928.870582 -47854.555815 -0.089015 0.977072 -0.193410 0.831016 0.179900 0.526353 -0.549079 0.113874 0.827976
11.906682 -101.610899 516.733567 2854.506128 0.954204 0.212663 0.210401 0.199227 0.072924 -0.977236 0.223165 -0.974401 -0.027216
7.923223 -91.753956 149.484198 3393.810438 0.946039 0.245260 0.211799 0.190051 0.109460 -0.975653 0.262472 -0.963258 -0.056941
9.940757 -89.240110 300.751387 4057.439957 0.946767 0.209635 0.244308 0.171083 0.315211 -0.933474 0.272697 -0.925578 -0.262566
10.174482 -103.320890 389.959934 1371.107005 0.957731 0.222667 0.182128 0.220661 -0.162473 -0.961723 0.184553 -0.961261 0.204740
12.823929 -99.539765 768.059718 3808.563329 0.954775 0.168067 0.245272 0.193784 0.273904 -0.942032 0.225505 -0.946958 -0.228948
15.637395 -108.532077 1111.433091 1459.692962 0.966795 0.178033 0.183334 0.216508 -0.189503 -0.957712 0.135762 -0.965605 0.221756
16.741892 -109.962529 1222.500879 3002.124610 0.962108 0.162639 0.218853 0.216946 0.029614 -0.975734 0.165174 -0.986241 0.006792
-29.995787 -147.883363 -3915.101121 -20954.549172 0.951061 0.244976 0.188337 -0.303879 0.852035 0.426255 0.056047 0.462626 -0.884780
-7.751261 -178.891564 -1793.735305 -29202.540478 0.903523 0.354821 0.240310 -0.423855 0.822610 0.379024 0.063196 0.444313 -0.893640
-29.148622 -193.938649 -3942.234904 -24324.226518 0.904261 0.337907 0.261020 -0.421326 0.606986 0.673834 -0.069258 0.719296 -0.691243
-15.733069 -84.618093 -3121.144980 -13058.243807 0.938536 0.286111 0.193106 -0.318100 0.934107 0.162037 0.134021 0.213505 -0.967705
-43.134146 -93.883490 -4153.614928 -12194.985319 0.983578 -0.017219 0.179663 -0.034342 0.959398 0.279958 0.177189 0.281531 -0.943051
-30.096772 -48.180046 -751.244835 3460.252267 0.795992 0.593495 -0.119001 -0.318442 0.243394 -0.916163 0.514774 -0.767153 -0.382733
-23.458045 -38.144788 -51.788387 1073.109292 0.855733 0.391307 0.338526 0.062927 0.570698 -0.818745 0.513577 -0.721929 -0.463742
-30.634935 -45.107206 -2193.576333 3166.985699 0.825653 0.538489 0.168305 -0.141552 0.486499 -0.862138 0.546132 -0.688003 -0.477903
-27.883204 -39.515385 854.755993 774.349359 0.857534 0.514020 -0.020459 -0.180016 0.262586 -0.947968 0.481902 -0.816597 -0.317709
-31.259886 -57.726270 -1754.887202 6323.852435 0.773987 0.633179 -0.005315 -0.251367 0.299541 -0.920375 0.581170 -0.713695 -0.391001
-28.856941 -55.744409 -1478.969908 2934.157749 0.788851 0.603716 -0.115073 -0.253396 0.148913 -0.955832 0.559915 -0.783168 -0.270449
-28.112211 -44.255232 -213.319864 480.619174 0.774440 0.565343 -0.283955 -0.337657 -0.010200 -0.941214 0.535005 -0.824793 -0.182993
-12.114959 -21.651056 -808.319399 -838.259626 -0.715612 -0.278116 -0.640743 -0.445849 0.888010 0.112502 0.537697 0.366182 -0.759468
-14.577782 -24.867765 -843.716622 -628.102530 -0.609713 -0.500065 -0.614968 -0.589999 0.804435 -0.069174 0.529293 0.320654 -0.785512
-15.194664 -26.635245 -299.494999 487.596862 -0.486912 -0.633806 -0.601005 -0.750629 0.655475 -0.083117 0.446624 0.410661 -0.794912
25.221930 -45.998038 -130.526997 -2582.770287 0.738347 0.238568 0.630816 -0.630671 0.575638 0.520476 0.238953 0.782129 -0.575478
26.076512 -43.885726 30.135553 -3045.607611 0.756891 0.301417 0.579882 -0.608108 0.649864 0.455940 0.239417 0.697728 -0.675170
25.602885 -36.749931 115.606423 -3247.299807 0.729984 0.257359 0.633159 -0.576881 0.728797 0.368868 0.366513 0.634525 -0.680475
-14.201705 -115.431482 11121.523499 -24772.092214 -0.834650 -0.408029 -0.369962 -0.313619 0.904257 -0.289762 0.452772 -0.125823 -0.882704
-22.708644 -219.023520 -2646.069764 -79202.235710 0.554671 0.738347 0.383647 0.810412 -0.583895 -0.047948 0.188607 0.337507 -0.922234
-89.532566 -316.253194 -3623.849149 -69177.985894 -0.492778 -0.541892 -0.680825 -0.207946 0.833084 -0.512571 0.844943 -0.111009 -0.523210
14.030311 -23.927697 7531.768472 385.175051 0.038197 0.803264 0.594397 0.750269 0.369839 -0.548011 0.660028 -0.466890 0.588537
43.253756 -18.385520 7160.102290 223.983529 0.279477 0.780320 0.559458 0.695154 0.237484 -0.678501 0.662310 -0.578534 0.476071
8.407296 -25.103407 -4136.904647 762.395051 0.024401 -0.715425 -0.698264 0.826788 0.407089 -0.388201 0.561984 -0.567844 0.601438
-4.924958 -23.222634 -756.662487 180.974057 -0.938432 -0.260753 -0.226612 -0.274147 0.961244 0.029216 0.210211 0.089542 -0.973547
-5.864733 -21.727498 680.970238 292.524316 0.931679 0.283673 0.226943 -0.323041 0.932703 0.160339 0.166187 0.222697 -0.960619
-0.609531 -22.605425 -777.005717 251.324135 -0.944300 -0.223229 -0.241800 -0.245528 0.967140 0.066001 0.219121 0.121694 -0.968079
25.580163 -12.327141 1321.230078 -70.871657 0.896781 0.400699 -0.187679 -0.270630 0.161143 -0.949101 0.350061 -0.901927 -0.252951
31.430653 -15.759755 2635.124571 -89.997164 0.911119 0.335029 -0.240038 -0.295656 0.125540 -0.947010 0.287141 -0.933807 -0.213435
26.073762 -13.264320 2257.448634 188.208783 0.823645 0.471393 -0.315274 -0.360043 0.005137 -0.932922 0.438154 -0.881908 -0.173952
16.584419 -8.882732 469.526343 211.931067 0.851738 0.480573 -0.208787 -0.302449 0.125543 -0.944862 0.427863 -0.867922 -0.252278
17.223927 -12.896533 2158.993308 589.537672 0.726355 0.553600 -0.407351 -0.425353 -0.103483 -0.899092 0.539891 -0.826328 -0.160310
11.578727 -8.864121 619.317858 542.751841 0.791699 0.525355 -0.311794 -0.382547 0.028401 -0.923499 0.476310 -0.850409 -0.223458
37.006939 -16.468301 4249.198007 375.132536 0.771978 0.493535 -0.400591 -0.379986 -0.146900 -0.913253 0.509569 -0.857230 -0.074133
5.642500 -38.920752 -144.751428 -1812.479515 -0.986265 -0.123388 -0.109801 -0.114432 0.989834 -0.084459 0.119106 -0.070734 -0.990359
4.876613 -40.714502 -501.706950 -1846.478049 -0.978894 -0.123569 -0.162777 -0.112376 0.990732 -0.076298 0.170697 -0.056395 -0.983708
6.094483 -44.309847 255.229203 -1982.957152 0.984951 0.120074 0.124315 -0.137873 0.979602 0.146191 0.104225 0.161131 -0.981414
-0.680552 -70.301154 91.159018 1779.521775 0.969204 -0.020120 -0.245434 -0.152804 -0.830717 -0.535313 0.193116 -0.556331 0.808209
-0.575792 -68.486453 85.095583 -615.556623 0.966479 -0.040556 -0.253521 -0.121745 -0.941764 -0.313463 0.226044 -0.333820 0.915133
-1.747050 -66.492730 168.029790 1325.380417 0.969266 -0.027889 -0.244427 -0.155967 -0.838027 -0.522862 0.190255 -0.544915 0.816621
-1.537533 -62.960002 132.623639 1236.516376 0.973439 -0.006716 -0.228846 -0.167264 -0.703389 -0.690845 0.156328 -0.710773 0.685830
-2.821117 -59.969689 213.528603 1202.274554 0.976017 -0.010069 -0.217461 -0.162184 -0.699972 -0.695511 0.145213 -0.714100 0.684817
-3.262124 -62.680130 257.323799 1192.231384 0.971773 -0.032962 -0.233603 -0.155384 -0.834503 -0.528640 0.177518 -0.550017 0.816069
17.431494 -21.853238 -3778.877111 -114.512644 0.910267 0.379211 0.166170 -0.413839 0.845263 0.338035 0.012271 0.376470 -0.926347
22.223617 -21.966248 -1741.569863 -120.510521 0.883455 0.367704 0.290348 -0.453698 0.826057 0.334347 0.116903 0.427111 -0.896610
16.423415 -22.691325 -3064.232789 -421.444006 0.899979 0.386965 0.200737 -0.435933 0.798331 0.415487 -0.000524 0.461438 -0.887173
2.991869 -61.981620 508.802315 495.206342 0.722074 -0.249556 0.645238 0.681803 0.414812 -0.602558 0.117281 -0.875016 -0.469673
4.486768 -61.457217 215.656915 -48.433006 0.718162 -0.282108 0.636128 0.648388 0.603180 -0.464507 0.252659 -0.746049 -0.616096
4.940567 -62.299608 127.052297 501.242711 0.724495 -0.286225 0.627042 0.682682 0.423539 -0.595450 0.095144 -0.859471 -0.502253
-4.475239 -82.486457 463.302723 -2981.005405 0.715139 -0.375849 0.589333 0.690667 0.250294 -0.678478 -0.107499 -0.892239 -0.438581
-6.511945 -86.583010 439.587129 -3570.792387 0.713559 -0.403477 0.572747 0.691295 0.272729 -0.669126 -0.113773 -0.873399 -0.473530
-4.538705 -88.446224 510.671111 -2206.138098 0.723622 -0.371529 0.581668 0.687692 0.459838 -0.561808 0.058745 -0.806545 -0.588246
-2.668624 -84.837720 325.905335 -2054.252979 0.723554 -0.363854 0.586583 0.689053 0.431118 -0.582532 0.040930 -0.825680 -0.562652
17.360301 -32.140435 -1654.353778 -5151.415019 0.826551 -0.501305 0.255945 0.235101 -0.105672 -0.966210 -0.511412 -0.858794 -0.030514
12.755079 -52.315013 -2278.300011 -7709.905287 0.796081 -0.535366 0.282203 0.296381 -0.061674 -0.953076 -0.527650 -0.842365 -0.109574
8.494247 -31.865298 -1247.220389 -4357.634474 0.802777 -0.543360 0.245578 0.210594 -0.126946 -0.969296 -0.557852 -0.829846 -0.012519
15.148500 -22.867421 -1232.511440 -1597.161779 0.833225 -0.498568 0.239095 0.188071 -0.151088 -0.970465 -0.519967 -0.853582 0.032124
9.086696 -24.197036 -1031.595855 -688.211705 0.810712 -0.541624 0.222238 0.160308 -0.159721 -0.974059 -0.563069 -0.825308 0.042661
2.734711 -32.197009 -1078.743109 -3627.862072 0.767590 -0.563240 0.305887 0.241930 -0.187333 -0.952038 -0.593529 -0.804778 0.007530
7.358967 -4.363499 -916.632411 340.063852 0.798228 0.058712 -0.599488 0.455685 0.592017 0.664731 -0.393934 0.803784 -0.445810
12.275135 -3.025109 -1280.685276 165.246915 0.729949 -0.055329 -0.681258 0.579376 0.578888 0.573770 -0.362626 0.813528 -0.454615
7.922087 -3.829156 -1092.784765 -90.736569 0.798440 0.074366 -0.597464 0.448335 0.588906 0.672448 -0.401857 0.804773 -0.436865
10.590059 -3.873651 -918.110719 716.854828 0.728900 -0.076613 -0.680320 0.588750 0.577293 0.565780 -0.349398 0.812935 -0.465894
3.080863 -6.013721 -631.117901 369.139352 0.878648 0.222180 -0.422627 0.237275 0.564930 0.790288 -0.414341 0.794664 -0.443657
3.212381 -6.636921 -547.092191 439.710523 0.880251 0.211590 -0.424722 0.239152 0.575255 0.782233 -0.409836 0.790134 -0.455767
7.192860 -5.128823 -769.778806 695.695070 0.809152 0.054346 -0.585081 0.444050 0.595553 0.669430 -0.384827 0.801476 -0.457760
8.174016 -13.588677 -1081.589920 71.283253 0.430333 0.740140 0.516726 -0.787673 0.587495 -0.185529 0.440892 0.327172 -0.835807
5.616574 -15.297932 -2310.337409 -184.086544 0.536532 0.693330 0.481068 -0.717890 0.674656 -0.171677 0.443585 0.253243 -0.859710
11.461369 -14.274795 -564.857476 405.860259 0.291564 0.804578 0.517343 -0.818269 0.489895 -0.300730 0.495405 0.335644 -0.801197
2.678028 -16.387690 1842.077439 -413.390659 -0.647672 -0.583367 -0.490105 -0.649452 0.759056 -0.045248 0.398413 0.288994 -0.870488
10.574730 -12.999052 184.632043 566.661201 0.210835 0.821891 0.529191 -0.852124 0.419798 -0.312497 0.478992 0.385051 -0.788861
6.682996 -11.001962 346.975189 -366.338582 0.279137 0.795016 0.538547 -0.845877 0.469033 -0.253968 0.454505 0.384653 -0.803410
4.779372 -14.723274 161.203365 -740.438610 -0.528911 -0.654297 -0.540508 -0.743966 0.663918 -0.075684 0.408372 0.362089 -0.837928
3.573456 -16.323124 1367.488955 -498.057279 -0.631454 -0.588829 -0.504526 -0.676710 0.736148 -0.012197 0.378587 0.333716 -0.863311
11.556647 -82.310512 -2592.262138 4697.731543 0.766571 -0.465615 0.442236 -0.404386 0.184953 0.895692 0.498840 0.865445 0.046509
11.325009 -73.087259 -2880.560892 10837.278756 0.758224 -0.464416 0.457618 -0.508955 0.017086 0.860623 0.407507 0.885452 0.223412
10.747259 -84.328202 -5187.102972 4964.133616 0.792793 -0.428863 0.433078 -0.386546 0.195584 0.901293 0.471234 0.881943 0.010718
-0.912993 -120.851350 -72.803643 -6859.757706 0.736704 -0.559104 0.380356 -0.538305 -0.144464 0.830276 0.409263 0.816415 0.407396
0.217895 -125.836020 390.271998 -2009.489437 0.744029 -0.565492 0.355866 -0.601640 -0.335376 0.724950 0.290604 0.753486 0.589752
-0.034502 -119.981754 168.012212 -6529.311047 0.741893 -0.557585 0.372416 -0.492988 -0.077127 0.866611 0.454485 0.826529 0.332102
-4.584237 -475.515576 1033.049053 142480.482173 0.873783 -0.121847 0.470804 -0.347757 -0.833292 0.429756 -0.339953 0.539239 0.770489
-9.186844 -403.051778 1279.718884 72002.346720 0.853001 -0.113048 0.509519 -0.501731 -0.446451 0.740910 -0.143717 0.887638 0.437543
-9.643956 -351.413340 178.924961 74206.474405 0.870268 -0.089576 0.484366 -0.434410 -0.603128 0.668973 -0.232211 0.792599 0.563796
-7.330089 -289.162830 89.392863 76531.480571 0.894834 -0.059055 0.442476 -0.266051 -0.866485 0.422398 -0.358454 0.495697 0.791072
10.303154 -18.553600 -236.037694 -20759.341388 0.899834 0.071308 0.430366 -0.050183 0.996921 -0.060256 -0.433337 0.032623 0.900641
31.608108 11.027192 -19273.435789 3795.600437 0.494609 0.843330 0.210137 0.751997 -0.536478 0.383004 -0.435733 0.031415 0.899528
14.062458 1.224519 661.726764 -15712.630695 0.865364 -0.216584 0.451925 0.207406 0.975714 0.070459 -0.456210 0.032760 0.889269
32.172882 3.060806 -20002.245243 6902.012451 0.530174 0.818301 0.222035 0.741900 -0.574490 0.345754 -0.410488 0.018582 0.911677
10.630575 -27.987619 576.834197 -17116.066381 0.871325 -0.183557 0.455081 0.188216 0.981485 0.035512 -0.453174 0.054711 0.889741
4.812128 -71.945583 917.872359 -28496.684866 0.899793 -0.046657 0.433816 0.082928 0.994430 -0.065052 -0.428364 0.094509 0.898650
4.352287 -73.131299 586.284595 -34379.134316 0.909350 0.075774 0.409073 -0.039345 0.994530 -0.096758 -0.414167 0.071892 0.907357
12.740118 -18.787446 -5426.477690 -20264.243435 0.831403 0.424463 0.358607 -0.380769 0.905217 -0.188670 -0.404701 0.020314 0.914223
-84.408013 -3908.045243 4486.885997 -2024341.438895 -0.642031 0.179302 -0.745418 0.663481 0.617132 -0.423014 0.384174 -0.766159 -0.515181
-240.849441 -6983.774188 15985.329141 32772.242292 -0.731078 0.324142 -0.600381 -0.204031 0.735819 0.645710 0.651073 0.594561 -0.471806
-567.449583 -2012.192838 87460.524915 1283041.459799 -0.578006 0.351501 -0.736448 0.816032 0.247859 -0.522166 -0.001007 -0.902781 -0.430100
-161.889594 -2328.095158 -24026.380297 -276678.970621 0.677949 -0.330150 0.656800 -0.190451 0.784083 0.590714 -0.710010 -0.525562 0.468691
-11.669091 -15.762450 252.367239 -955.073609 -0.055156 0.338998 -0.939169 0.941197 0.331657 0.064438 0.333327 -0.880389 -0.337356
-11.404537 -18.724315 364.297469 -556.591999 0.161949 0.413161 -0.896142 0.900008 0.310567 0.305832 0.404670 -0.856065 -0.321552
-13.048306 -17.135592 238.997714 -1134.337862 -0.111946 0.255302 -0.960359 0.941966 0.335069 -0.020728 0.316495 -0.906945 -0.277995
0.781395 -30.287609 615.695934 -294.303246 -0.609779 0.787557 -0.089014 -0.409372 -0.409134 -0.815490 0.678663 0.460829 -0.571885
4.831825 -28.262940 953.279253 -909.389931 -0.612525 0.786626 -0.077669 -0.339584 -0.350602 -0.872789 0.713789 0.508231 -0.481878
-0.087885 -30.282841 429.105662 -324.848059 -0.675392 0.696733 -0.241679 -0.238043 -0.516145 -0.822758 0.697984 0.498154 -0.514452
-3.348508 -14.876785 -834.443286 692.899058 0.815082 0.579018 -0.019474 -0.245357 0.375449 0.893777 -0.524824 0.723724 -0.448088
-4.495606 -12.597178 -459.550574 623.030449 0.810582 0.582632 0.059136 -0.272178 0.285394 0.918950 -0.518533 0.760980 -0.389914
-6.261124 -15.167277 -246.126331 569.428262 0.787296 0.599578 0.143774 -0.379342 0.287197 0.879555 -0.486070 0.747010 -0.453554
-121.100306 -915.637459 -87356.319779 -161229.951799 0.511120 -0.559312 -0.652631 0.839965 0.486044 0.241290 0.182251 -0.671515 0.718229
-202.506718 -2957.100762 -118783.215910 979379.233624 0.644366 -0.500232 -0.578413 0.694241 0.065499 0.716756 -0.320659 -0.863411 0.389486
-530.897354 -1697.984192 -138015.987690 -119779.233133 0.399864 -0.387045 -0.830846 0.878282 -0.097476 0.468102 -0.262164 -0.916894 0.300957
11.164289 -42.320964 384.656603 4471.661606 0.397350 -0.579107 -0.711862 0.300111 0.815080 -0.495559 0.867206 -0.016727 0.497669
14.217862 -53.897554 561.312438 4045.235778 0.377986 -0.631870 -0.676659 0.443060 0.765211 -0.467065 0.812911 -0.123256 0.569196
11.637237 -34.981192 143.762150 3667.700692 0.425980 -0.649762 -0.629564 0.325764 0.759338 -0.563279 0.844049 0.034857 0.535132
-4.176420 -25.501736 -996.082037 -481.172277 0.740658 -0.190243 0.644386 0.671071 0.162357 -0.723397 -0.033001 -0.968219 -0.247917
-0.923513 -24.130624 -756.630581 -500.975174 0.715971 -0.194348 0.670533 0.693239 0.084433 -0.715745 -0.082489 -0.977292 -0.195181
-0.760749 -26.096448 -917.290329 -400.128846 0.735819 -0.192609 0.649209 0.676245 0.158690 -0.719382 -0.035537 -0.968359 -0.247018
-4.099169 -27.997102 -1176.287360 -795.228548 0.738255 -0.195346 0.645616 0.674479 0.224593 -0.703304 0.007614 -0.954672 -0.297564
-8.320235 -27.475510 -1240.474812 -959.821772 0.726242 -0.175880 0.664559 0.687125 0.214956 -0.694013 0.020787 -0.960656 -0.276962
-22.661609 -37.644205 396.078466 -1353.422249 0.677329 0.198112 0.708503 0.652231 -0.607216 -0.453744 -0.340322 -0.769442 0.540500
-20.239678 -33.730743 64.544617 -1148.410282 0.785495 -0.032562 0.618011 0.435490 -0.680442 -0.589361 -0.439711 -0.732078 0.520304
17.737483 -19.961646 12888.946406 819.600452 0.832433 -0.173301 0.526328 0.213282 0.976865 -0.015678 -0.511434 0.125307 0.850137
20.882535 -27.338787 -1506.249584 2023.570231 0.837379 0.515040 0.183116 -0.397605 0.803786 -0.442537 -0.375110 0.297763 0.877855
21.567321 -20.113584 -1957.849549 786.618366 0.793691 0.539359 0.281331 -0.376101 0.798568 -0.469933 -0.478125 0.267173 0.836669
-111.967862 -227.441236 -1820.703874 -181491.377431 0.819943 0.236342 0.521379 -0.482958 -0.203356 0.851703 -0.307319 0.950152 0.052598
-27.478282 -283.031959 7071.758963 -122938.549742 0.879001 0.361436 0.311001 -0.079385 -0.532206 0.842885 -0.470165 0.765585 0.439117
-78.531354 -1103.002730 -29145.461591 432824.032116 0.560893 0.357007 0.746957 0.580961 0.473060 -0.662343 -0.589816 0.805457 0.057929
0.856937 -30.511575 1698.134623 1304.300549 0.575473 0.059783 -0.815633 0.692695 0.494537 0.524982 0.434745 -0.867098 0.243182
8.901668 -15.359221 1085.023960 -1452.159516 0.764888 0.203558 -0.611154 -0.406247 -0.583857 -0.702904 0.499909 -0.785923 0.363890
24.962038 -10.626158 4336.621440 793.643057 0.848046 0.485282 -0.212884 0.055277 -0.480544 -0.875227 0.527032 -0.730465 0.434348
-0.186102 -17.169104 -15.981622 198.121360 0.882331 0.117692 0.455676 0.040754 0.945483 -0.323112 -0.468861 0.303663 0.829432
-0.801926 -18.385182 438.634601 303.419345 0.896727 0.135181 0.421434 0.006319 0.948205 -0.317595 -0.442539 0.287459 0.849427
0.590374 -18.644140 21.432704 296.614474 0.883006 0.078270 0.462789 0.022671 0.977734 -0.208618 -0.468814 0.194703 0.861571
-1.382261 -17.032070 387.669425 168.532355 0.895878 0.183049 0.404841 0.009492 0.903094 -0.429339 -0.444200 0.388478 0.807324
-0.335989 -17.753550 -400.254704 192.484527 0.864973 0.052608 0.499054 0.061915 0.975703 -0.210167 -0.497985 0.212688 0.840699
-1.181277 -16.543072 -435.435331 80.079136 0.864657 0.082953 0.495467 0.091729 0.943621 -0.318065 -0.493917 0.320465 0.808299
-0.959199 -16.196940 -37.530972 101.700036 0.882424 0.152239 0.445141 0.058164 0.903631 -0.424345 -0.466845 0.400343 0.788531
-2.635665 -23.234599 -23.723934 22.257636 0.827507 -0.184505 0.530273 0.527786 0.577769 -0.622595 0.191503 -0.795073 -0.575487
-2.328577 -22.898697 47.944866 84.933476 0.819781 -0.181692 0.543090 0.498192 0.693948 -0.519847 0.282424 -0.696724 -0.659403
-2.170842 -23.396932 128.931282 224.818137 0.834413 -0.149729 0.530411 0.496398 0.622321 -0.605231 0.239465 -0.768308 -0.593598
-2.989083 -23.141834 9.765093 -137.637185 0.811915 -0.213014 0.543525 0.532703 0.651183 -0.540544 0.238791 -0.728413 -0.642179
-2.679761 -24.652753 114.496547 282.900715 0.858379 -0.125866 0.497336 0.488831 0.494818 -0.718470 0.155659 -0.859833 -0.486268
-3.156691 -24.021595 -53.394535 113.892875 0.850168 -0.169534 0.498470 0.516924 0.448614 -0.729065 0.100020 -0.877499 -0.469033
-3.531510 -22.890660 -51.768528 -144.396202 0.817749 -0.217763 0.532791 0.557011 0.532608 -0.637234 0.145003 -0.817868 -0.556836
17.116045 -43.927248 -299.104604 1585.672409 0.869934 0.255820 0.421629 -0.194420 -0.607803 0.769920 -0.453228 0.751752 0.479012
19.033180 -49.224872 -25.670138 1134.558862 0.882242 0.217374 0.417609 -0.288313 -0.451786 0.844254 -0.372188 0.865239 0.335913
23.233704 -49.092339 -76.406428 1445.181584 0.897058 0.124973 0.423874 -0.326922 -0.457701 0.826820 -0.297338 0.880279 0.369728
-2.995247 -54.246927 76.501054 -1869.250572 0.892032 0.377702 0.248235 0.451645 -0.765819 -0.457752 -0.017209 -0.520443 0.853723
-3.809879 -47.187238 106.006435 -1236.837158 0.901062 0.362169 0.238582 0.415614 -0.878270 -0.236445 -0.123906 -0.312210 0.941898
-4.210667 -47.044261 41.848785 -1292.553284 0.885633 0.372999 0.276634 0.436416 -0.872119 -0.221248 -0.158732 -0.316671 0.935160
-6.614363 -47.573012 -169.049636 -437.396439 0.829240 0.475460 0.293767 -0.020232 -0.499741 0.865939 -0.558526 0.724014 0.404786
-6.291907 -22.396438 379.596343 -87.914562 0.803005 -0.233296 0.548413 0.582912 0.499042 -0.641226 0.124086 -0.834584 -0.536724
-6.986273 -22.933138 416.241579 328.447772 0.827478 -0.212291 0.519820 0.559273 0.393959 -0.729390 0.049945 -0.894275 -0.444721
-9.922224 -22.594337 660.205769 350.368989 0.828488 -0.239207 0.506347 0.559970 0.364155 -0.744194 0.006372 -0.900095 -0.435647
-7.283650 -44.656679 656.632174 -375.260071 -0.004540 -0.109121 0.994018 0.667135 0.740152 0.084299 -0.744923 0.663527 0.069438
-2.528488 -26.824023 -336.635624 -427.885328 0.899374 -0.300040 0.317967 0.062405 -0.631757 -0.772651 -0.432704 -0.714744 0.549462
-2.531494 -24.244110 -224.545464 -23.501120 0.901284 -0.312638 0.299910 -0.016572 -0.716638 -0.697248 -0.432913 -0.623448 0.651075
-2.226903 -26.406525 -64.913397 -599.404079 0.907376 -0.292464 0.301882 0.057798 -0.624578 -0.778820 -0.416326 -0.724132 0.549824
-2.627731 -28.671604 73.491705 -506.093999 0.916288 -0.278435 0.287906 0.133500 -0.465406 -0.874972 -0.377615 -0.840162 0.389275
-2.700936 -28.779447 461.065823 -639.849506 0.923036 -0.264994 0.278897 0.134308 -0.457370 -0.879076 -0.360509 -0.848876 0.386578
-1.960791 -26.534259 124.380100 -795.902866 0.911110 -0.288704 0.294157 0.056864 -0.618817 -0.783474 -0.408222 -0.730558 0.547394
-3.032420 -51.418677 852.180691 4502.288971 0.273263 0.445190 -0.852721 0.949697 -0.265836 0.165552 -0.152982 -0.855065 -0.495439
-5.322564 -54.024406 372.298920 3927.239163 0.226822 0.432407 -0.872683 0.964034 -0.227128 0.138025 -0.138528 -0.872604 -0.468373
3.827947 -67.894177 229.413897 2853.236350 -0.123059 -0.097797 0.987569 0.462058 0.875043 0.144230 -0.878270 0.474063 -0.062494
-4.561622 -68.393458 1122.735074 4958.270500 -0.254050 -0.221478 0.941492 0.822904 -0.560995 0.090081 0.508221 0.797642 0.324775
-3.927000 -60.294286 568.102420 6727.804184 -0.238084 -0.260155 0.935754 0.747934 -0.663748 0.005765 0.619605 0.701255 0.352607
-5.611563 -75.478366 486.641086 727.620215 -0.248215 -0.193130 0.949258 0.902001 -0.403418 0.153781 0.353247 0.894402 0.274338
-4.617246 -77.946960 1721.674304 276.566863 -0.262389 -0.210460 0.941732 0.910694 -0.376678 0.169560 0.319044 0.902120 0.290501
