17216
34420
-39.800373 -57.162137 1557.137487 6130.834213 -0.387075 0.910086 0.148045 0.133136 0.214043 -0.967709 0.912386 0.354866 0.204016
-39.382163 -64.275113 535.739018 5397.330348 -0.403365 0.912515 0.067917 0.256714 0.184094 -0.948793 0.878291 0.365274 0.308513
-50.088084 -76.451348 2532.865201 8724.957184 -0.440389 0.786713 0.432597 0.144868 0.537790 -0.830539 0.886042 0.303091 0.350806
-33.313983 -54.322373 -356.455945 4133.715821 -0.358865 0.901910 -0.240363 0.293770 -0.135291 -0.946253 0.885955 0.410188 0.216403
-42.568782 -78.559331 -908.612124 14543.697911 -0.387115 0.711409 0.586548 -0.008763 0.633280 -0.773873 0.921990 0.304718 0.238918
-34.929933 -51.548615 -1285.193768 8373.263286 -0.344532 0.892370 0.291501 -0.006103 0.308376 -0.951245 0.938755 0.329513 0.100799
-26.548077 -43.281667 -405.186463 3610.537836 -0.314140 0.879513 -0.357454 0.203233 -0.305487 -0.930255 0.927368 0.364877 0.082781
75.140611 -109.109518 -4317.141505 -88.709046 0.101516 0.784433 0.611849 0.990129 -0.019921 -0.138739 -0.096643 0.619894 -0.778712
62.755778 -100.655259 -5847.871535 2921.100478 0.064392 0.857906 0.509757 0.997834 -0.048477 -0.044460 -0.013431 0.511515 -0.859169
63.313796 -102.645963 -3088.285077 1124.951374 0.152586 0.759622 0.632212 0.977579 -0.209936 0.016303 0.145108 0.615549 -0.774624
74.407964 -119.249225 1932.973978 -1641.260775 0.169170 0.631818 0.756431 0.985547 -0.101508 -0.135624 -0.008905 0.768442 -0.639858
48.299800 -30.609237 16202.934770 -666.791503 0.211893 0.966840 0.142555 -0.322475 0.206868 -0.923697 0.922557 -0.149754 -0.355616
41.121401 -29.692841 17394.201588 411.029465 0.162834 0.984866 0.059368 -0.290376 0.105342 -0.951097 0.942956 -0.137632 -0.303135
19.484518 -26.083047 7337.046778 -765.730175 0.189342 0.977149 0.096590 -0.344674 0.158251 -0.925287 0.919429 -0.141903 -0.366761
36.954754 -30.865635 13369.485082 -1020.233967 0.228698 0.957894 0.173601 -0.375751 0.251366 -0.891979 0.898058 -0.138763 -0.417416
16.814517 -28.885769 6911.314453 -1720.468715 0.201512 0.968788 0.144370 -0.389037 0.214432 -0.895918 0.898912 -0.124373 -0.420105
-11.621801 -43.739419 447.317206 -980.904174 0.336738 0.941072 0.031476 -0.692293 0.224784 0.685713 -0.638230 0.252696 -0.727191
-12.826339 -46.951666 338.190906 -1032.489784 0.337619 0.941136 0.016662 -0.605534 0.203606 0.769333 -0.720654 0.269830 -0.638631
-13.557549 -45.808281 -543.537426 -1028.145127 0.364400 0.930996 0.021422 -0.616681 0.224009 0.754668 -0.697795 0.288212 -0.655757
-12.885654 -47.663389 -471.442227 -310.759048 0.345616 0.938199 0.018228 -0.521846 0.176022 0.834682 -0.779889 0.297992 -0.550431
-11.519528 -43.300747 -683.925192 -1271.164224 0.379193 0.925291 0.007054 -0.686551 0.276228 0.672567 -0.620371 0.259876 -0.740003
28.519720 -48.393197 6509.156108 -440.443352 0.108345 0.834033 0.540971 0.993211 -0.114001 -0.023160 0.042355 0.539808 -0.840722
34.652946 -49.077386 4080.282894 77.981735 0.117845 0.867849 0.482650 0.985662 -0.161332 0.049428 0.120763 0.469904 -0.874418
21.575405 -47.838537 6758.223628 125.911094 0.074837 0.818381 0.569782 0.981438 -0.161622 0.103234 0.176574 0.551480 -0.815286
-6.070546 -70.104694 -951.450905 -4584.850001 0.216307 0.975658 0.036107 0.292303 -0.029430 -0.955873 0.931542 -0.217316 0.291554
-6.534951 -68.418693 -688.017796 -3752.215017 0.212644 0.977090 0.008861 0.170236 -0.028116 -0.985002 0.962186 -0.210963 0.172315
-7.343622 -66.539214 -632.470242 -2730.027065 0.202332 0.978919 0.027903 0.288941 -0.032449 -0.956797 0.935722 -0.201653 0.289415
-6.881396 -60.219077 -1493.477593 -577.039611 0.212139 0.975399 0.059951 0.389472 -0.028122 -0.920609 0.896275 -0.218646 0.385856
8.174119 -76.650833 -202.657929 -2631.109277 0.001882 0.991765 -0.128056 -0.134006 0.127151 0.982789 -0.990979 -0.015311 -0.133142
7.335978 -81.721480 1935.902795 473.037228 0.036559 0.995116 -0.091698 0.036510 0.090368 0.995239 -0.998664 0.039733 0.033028
7.575739 -78.008062 -1121.911040 1050.718620 -0.022248 0.995436 -0.092803 0.079036 0.094287 0.992403 -0.996623 -0.014744 0.080773
6.508373 -73.456631 -1561.498874 -2068.602807 -0.035434 0.991872 -0.122205 -0.109573 0.117689 0.986987 -0.993347 -0.048363 -0.104512
-13.168335 -81.247307 101.480884 -4102.753038 0.184334 0.953763 0.237397 -0.905672 0.258657 -0.335938 0.381809 0.153079 -0.911476
-9.772061 -78.987496 2107.158652 -7460.325281 0.166355 0.946431 0.276758 -0.840268 0.282937 -0.462490 0.516020 0.155613 -0.842323
-12.209185 -77.502524 -61.360403 -5735.999334 0.182230 0.957814 0.222225 -0.840346 0.269057 -0.470560 0.510500 0.100996 -0.853926
-10.768739 -86.477853 2633.557015 -5951.238465 0.180551 0.937363 0.297914 -0.910908 0.273612 -0.308843 0.371011 0.215610 -0.903252
-14.490333 -82.593954 -927.722534 -3403.153756 0.188516 0.964900 0.182840 -0.911887 0.241101 -0.332163 0.364587 0.104111 -0.925331
-13.530727 -89.856503 1081.709360 -2425.847901 0.204509 0.943187 0.261869 -0.951665 0.254206 -0.172374 0.229150 0.213959 -0.949585
-14.590900 -86.386282 -1113.518141 -775.656764 0.189434 0.960411 0.204269 -0.953325 0.229716 -0.195965 0.235131 0.157613 -0.959099
-3.096290 -53.110255 1071.075302 3460.830251 0.189247 0.972283 0.137298 0.973044 -0.204460 0.106684 -0.131799 -0.113408 0.984768
-2.554435 -49.477727 -321.559233 961.190712 -0.173185 -0.972939 -0.152958 0.984414 -0.175825 0.003806 -0.030597 -0.149915 0.988225
-2.355605 -50.495230 83.358850 1362.452107 -0.190664 -0.969988 -0.150899 0.980200 -0.196485 0.024515 -0.053429 -0.143237 0.988245
-21.181750 -42.462935 3522.628853 2285.643312 -0.798510 -0.007117 -0.601940 0.034365 0.997761 -0.057384 0.601000 -0.066508 -0.796477
-25.338890 -38.757197 2732.292173 219.403683 -0.742552 0.356773 -0.566859 0.257153 0.933322 0.250565 0.618457 0.040288 -0.784785
-29.973470 -46.070052 3170.036162 817.280211 -0.730607 0.248486 -0.635978 0.213106 0.967886 0.133353 0.648691 -0.038102 -0.760098
-18.849955 -36.019037 3152.226667 2292.760434 -0.812940 0.062423 -0.578993 0.044718 0.997994 0.044811 0.580629 0.010537 -0.814100
-12.208029 -49.776334 -2360.681315 3477.875652 0.015305 0.995711 0.091243 0.955052 0.012460 -0.296176 0.296043 -0.091675 0.950765
-13.168370 -45.626199 -3675.183081 2430.728093 0.010891 0.996235 0.086005 0.923225 0.023021 -0.383570 0.384106 -0.083579 0.919498
-16.170488 -49.050858 -2708.046780 3111.030930 0.028338 0.997910 0.058071 0.941728 -0.007173 -0.336298 0.335179 -0.064217 0.939964
1060.296496 -31.467372 359078.844343 11710.271117 0.534120 0.540406 -0.650136 0.823481 -0.158552 0.544739 0.191300 -0.826331 -0.529700
726.516337 -3.130443 231743.758260 -1894.442055 0.751282 -0.153619 -0.641854 -0.609907 0.209985 -0.764146 -0.252167 -0.965561 -0.064064
1211.118361 27.602642 416617.917629 -6022.128132 0.697451 -0.162947 -0.697862 -0.684701 0.135929 -0.716036 -0.211536 -0.977226 0.016766
3283.603142 18.460938 1494696.673413 18339.260366 0.663980 -0.076906 -0.743785 0.737298 -0.098400 0.668363 -0.124590 -0.992171 -0.008632
1134.606700 -63.637967 405334.745129 12368.501211 0.439762 0.587486 -0.679315 0.867696 -0.082734 0.490162 0.231761 -0.804994 -0.546143
8.417411 -116.047529 108.801529 3190.629140 0.819892 0.322739 -0.472881 0.509018 -0.789002 0.344058 0.262063 0.522795 0.811177
9.233351 -113.523291 -415.739232 3086.187935 0.806604 0.327966 -0.491761 0.482201 -0.846266 0.226530 0.341867 0.419847 0.840747
8.977737 -111.608899 -777.036302 -678.200960 0.809956 0.348619 -0.471630 -0.459819 0.876637 -0.141680 0.364056 0.331619 0.870340
7.328679 -111.925710 -907.583340 -364.529122 0.810165 0.364990 -0.458711 -0.441304 0.894821 -0.067425 0.385855 0.257056 0.886024
9.213249 -117.215399 535.461261 2071.509582 0.812475 0.344894 -0.470035 0.505354 -0.818645 0.272833 0.290694 0.459204 0.839422
1.015419 -113.703895 -1068.987951 9731.970569 0.662160 0.667983 -0.339621 -0.567681 0.742992 0.354543 0.489164 -0.041968 0.871181
3.703501 -123.374696 -1774.244606 15119.326827 0.663830 0.668943 -0.334432 -0.552743 0.740059 0.383128 0.503790 -0.069477 0.861028
3.405602 -145.974411 -1034.753706 17853.116824 0.668428 0.655496 -0.351467 -0.433208 0.727228 0.532418 0.604595 -0.203625 0.770066
-8.298882 -136.692096 -2158.776142 710.433450 0.771609 0.444892 -0.454632 0.635974 -0.553612 0.537634 0.012501 0.703978 0.710112
-10.691783 -130.422277 -1244.474290 2884.331039 0.771191 0.429617 -0.469780 0.611368 -0.705528 0.358412 0.177463 0.563613 0.806751
-11.653735 -131.520096 -1624.027521 -1787.096811 0.764013 0.427201 -0.483512 0.638365 -0.609311 0.470351 0.093675 0.668011 0.738231
-7.478604 -133.363063 -2216.964580 3246.840688 0.781522 0.446984 -0.435234 0.605977 -0.709778 0.359175 0.148374 0.544445 0.825570
-7.747373 -137.035306 -1115.693426 -3254.235221 0.754584 0.440416 -0.486453 0.650380 -0.403409 0.643636 -0.087228 0.802057 0.590844
-5.882897 -138.608240 -1013.359752 299.573860 0.782411 0.438860 -0.441854 0.622315 -0.524071 0.581441 -0.023609 0.729898 0.683148
-1.746790 -27.466859 399.229037 1180.760808 -0.107305 -0.595602 -0.796080 -0.072331 0.803258 -0.591223 0.991592 -0.005859 -0.129274
0.697052 -28.340308 504.972004 444.345906 -0.109192 -0.559624 -0.821522 0.005121 0.826136 -0.563447 0.994008 -0.065731 -0.087342
0.671510 -28.879074 555.350441 388.207416 -0.104883 -0.633526 -0.766580 -0.030161 0.772503 -0.634294 0.994027 -0.043406 -0.100131
4.819082 -29.995001 2058.131208 -501.195495 -0.106185 -0.697290 -0.708881 -0.000059 0.712916 -0.701250 0.994346 -0.074421 -0.075742
2.043654 -30.263483 -1224.189341 -61.712092 0.089508 0.750053 0.655293 -0.080527 0.661230 -0.745849 0.992725 -0.013990 -0.119585
-2.168664 -28.728356 242.350119 493.647727 -0.093856 -0.696980 -0.710922 -0.115456 0.716876 -0.687575 0.988869 0.017547 -0.147753
-1.532581 -40.880979 -1417.006807 9012.797753 0.381157 0.776184 -0.502252 0.012132 0.539017 0.842208 -0.924431 0.327107 -0.196033
2.495327 -41.252458 -1277.528861 7712.980078 0.391464 0.668223 -0.632640 0.062974 0.666442 0.742893 -0.918036 0.330656 -0.218807
5.847110 -24.049195 -1911.832878 9510.545309 0.371241 0.798032 -0.474684 0.063089 0.488358 0.870360 -0.926391 0.353061 -0.130952
11.280897 -21.977685 -1570.977739 12611.902425 0.393721 0.694592 -0.602101 0.153422 0.596164 0.788067 -0.906336 0.402654 -0.128157
0.692068 -26.894454 -1252.228109 6944.893844 0.357047 0.874491 -0.328303 -0.028030 0.361342 0.932012 -0.933666 0.323569 -0.153528
0.623895 -13.039530 2026.724826 503.844832 -0.408733 -0.447147 0.795611 -0.236076 0.893886 0.381098 -0.881593 -0.032058 -0.470921
-0.609195 -13.859782 -581.298908 1006.779388 0.328082 0.725533 -0.604949 -0.322589 0.687948 0.650126 -0.887862 0.018145 -0.459753
-4.010997 -10.723423 248.084759 1489.605238 -0.390168 -0.581787 0.713648 -0.258427 0.813118 0.521589 -0.883733 0.019081 -0.467602
-2.150902 -11.720762 568.997139 592.785235 0.323648 0.761327 -0.561813 -0.326596 0.647166 0.688848 -0.888024 0.039458 -0.458100
-6.711312 -38.924737 -2217.962832 143.020945 0.009339 0.989368 0.145133 0.832705 -0.088053 0.546672 -0.553639 -0.115748 0.824674
-4.387598 -39.484346 -1976.505997 -1087.406001 0.024269 0.986413 0.162483 0.873753 -0.099905 0.475999 -0.485765 -0.130418 0.864305
-6.840173 -38.464409 -1358.027780 -692.730117 0.059841 0.985494 0.158809 0.878636 -0.127504 0.460153 -0.473727 -0.111999 0.873521
-8.489323 -42.356648 736.801977 944.239709 -0.062353 0.990327 0.123950 -0.692551 0.046495 -0.719869 0.718669 0.130728 -0.682953
-10.261592 -47.747051 1562.568074 5126.517913 -0.114012 0.990154 0.081212 -0.642486 -0.011135 -0.766216 0.757768 0.139535 -0.637430
-9.436294 -42.241274 3.056179 5274.752449 -0.034830 0.991371 0.126378 -0.684424 0.068485 -0.725860 0.728252 0.111778 -0.676133
-9.168524 -39.646175 -343.240082 925.555243 0.007272 0.988185 0.153091 -0.705572 0.113556 -0.699481 0.708601 0.102930 -0.698061
-11.223904 -41.957841 -975.443022 3856.083165 0.004277 0.994390 0.105692 -0.672956 0.081041 -0.735230 0.739670 0.067982 -0.669527
-50.970935 -64.730792 -3217.237735 -5319.310340 -0.404418 0.589616 0.699142 0.654769 0.720376 -0.228772 -0.638533 0.365256 -0.677395
-47.449343 -66.345109 -3024.403663 6297.219743 -0.357320 0.733286 0.578458 -0.725458 -0.607985 0.322592 -0.588246 0.304379 -0.749213
-45.084522 -55.882388 -4277.638376 690.944600 -0.209144 0.843156 0.495325 -0.718568 -0.476068 0.506971 -0.663264 0.249895 -0.705432
-49.571868 -56.091359 -3828.997353 1690.110191 -0.209929 0.765015 0.608836 -0.667531 -0.567136 0.482451 -0.714376 0.305136 -0.629730
-53.902849 -63.233417 -1358.193787 -4861.400431 -0.396026 0.434751 0.808799 0.579753 0.801437 -0.146919 -0.712074 0.410720 -0.569438
13.178075 -178.877231 1124.965830 -18901.222547 0.155506 0.985897 0.061842 0.769814 -0.081716 -0.633016 0.619036 -0.146044 0.771664
14.131818 -232.128082 -653.933690 -19813.480480 0.157999 0.986563 0.041592 0.635378 -0.069333 -0.769082 0.755864 -0.147940 0.637795
12.425145 -202.319180 -448.910287 -15437.748122 0.198827 0.978847 0.048244 0.547034 -0.070002 -0.834178 0.813155 -0.192248 0.549381
-4.114511 -411.618590 -9728.156073 37729.155716 0.725510 -0.527402 0.442134 0.461000 0.849435 0.256786 -0.510994 0.017523 0.859406
3.724745 -346.864749 -8617.486717 -25887.965617 0.737633 -0.516695 0.434653 0.223137 0.794113 0.565327 -0.637265 -0.320016 0.701058
-25.487878 -432.382347 -8843.348912 -26948.249704 0.750343 -0.502590 0.429404 0.282053 0.830894 0.479646 -0.597855 -0.238784 0.765213
-16.109460 -35.321695 -1372.933678 346.400190 -0.113766 0.992556 -0.043469 -0.926484 -0.121787 -0.356083 0.358727 0.000237 -0.933443
-15.279302 -39.030975 30.024051 3892.720355 -0.090127 0.995339 -0.034320 -0.918240 -0.096390 -0.384115 0.385632 0.003105 -0.922647
-15.134941 -35.197875 -1452.213963 1235.282845 -0.113802 0.990787 -0.073413 -0.939281 -0.131375 -0.317003 0.323727 -0.032880 -0.945579
121.593940 -139.176108 45886.438027 -25384.199607 -0.388643 -0.221553 -0.894355 0.920686 -0.055493 -0.386338 0.035964 -0.973568 0.225547
126.307078 -161.655889 9639.456099 -30586.626729 -0.359060 -0.515445 -0.778070 0.904782 0.012319 -0.425696 0.229008 -0.856834 0.461942
86.488417 -152.972010 33204.909830 -15433.520510 -0.434570 -0.266978 -0.860158 0.846622 0.204679 -0.491261 0.307212 -0.941716 0.137082
5.709454 -141.214783 -948.930778 3778.358966 0.913342 -0.176095 0.367147 -0.314214 0.268692 0.910535 0.258990 0.946993 -0.190076
2.340024 -141.936591 -1091.614471 5148.123120 0.912079 -0.171585 0.372384 -0.308765 0.310129 0.899157 0.269769 0.935082 -0.229883
2.698892 -138.481068 -970.764947 260.518458 0.911901 -0.173037 0.372148 -0.252837 0.477402 0.841523 0.323279 0.861478 -0.391593
-14.495960 -49.047003 -5216.022116 -769.079086 -0.083943 0.899596 0.428579 0.709074 -0.248260 0.659985 -0.700120 -0.359296 0.617041
-22.207957 -48.764037 -4387.985169 -2340.452835 -0.034621 0.906018 0.421821 0.636086 -0.305572 0.708534 -0.770841 -0.292844 0.565726
-13.437168 -46.845652 -4271.833936 -654.631069 -0.055411 0.897570 0.437376 0.622721 -0.311348 0.717831 -0.780480 -0.312139 0.541683
-21.254029 -45.707483 -2906.329927 -1000.909084 -0.013771 0.907964 0.418822 0.553209 -0.341997 0.759604 -0.832929 -0.242156 0.497584
0.690542 -46.440692 -5906.895222 -476.885924 -0.076949 0.897027 0.435225 0.690203 -0.267090 0.672519 -0.719513 -0.352143 0.598579
-12.455503 -44.693658 -3383.294825 -231.167955 -0.022345 0.887548 0.460173 0.533811 -0.378590 0.756119 -0.845308 -0.262541 0.465323
-4.616939 -33.046175 2369.154755 29.828497 0.763053 -0.569889 0.304919 0.224012 -0.209340 -0.951838 -0.606274 -0.794609 0.032076
-5.508976 -31.977457 643.748285 -268.295436 0.730143 -0.574544 0.369852 0.257439 -0.270084 -0.927782 -0.632943 -0.772628 0.049290
-3.787393 -30.084917 1722.146594 -2622.874120 0.744805 -0.557021 0.367413 0.277977 -0.241557 -0.929720 -0.606625 -0.794593 0.025074
367.691234 -31.745426 -110185.055767 -738.149798 0.122325 0.988927 -0.084026 0.692431 -0.145689 -0.706622 0.711039 -0.028255 0.702585
276.736425 -29.668412 46905.770111 3578.746852 -0.196648 0.866371 -0.459055 0.662681 -0.227625 -0.713471 0.722622 0.444510 0.529366
327.074606 -30.885181 -59393.569661 -5820.753945 0.018728 0.961250 -0.275040 0.720818 -0.203615 -0.662542 0.692871 0.185845 0.696700
598.779666 -46.437188 -181706.841434 -6839.757472 0.295979 0.952106 0.076753 0.720107 -0.169620 -0.672812 0.627569 -0.254408 0.735822
242.132913 -14.026094 -77318.311877 762.850746 0.387459 0.919200 0.070328 0.707003 -0.247322 -0.662555 0.591627 -0.306435 0.745704
-1.877015 -62.653742 -517.538955 2167.049961 -0.632942 0.653627 -0.414917 0.766576 0.604131 -0.217686 0.108379 -0.455848 -0.883435
-3.026914 -62.734283 -1036.394224 2982.476775 -0.643429 0.645507 -0.411485 0.758603 0.609699 -0.229758 0.102571 -0.459986 -0.881982
-4.990311 -60.804107 -724.528694 734.591278 -0.649214 0.643149 -0.406055 0.740392 0.656628 -0.143733 0.174185 -0.393953 -0.902475
4.997830 -59.033588 -1471.011637 -1082.900634 -0.503997 0.827094 -0.248803 -0.668435 -0.555945 -0.494085 0.546975 0.082709 -0.833053
3.444529 -55.200552 -583.359953 87.901302 -0.520705 0.814714 -0.255161 -0.643297 -0.570914 -0.510123 0.561279 0.101479 -0.821381
2.035232 -56.689232 -1263.974554 1172.054605 -0.489026 0.838733 -0.239542 -0.616983 -0.526728 -0.584713 0.616592 0.138147 -0.775068
4.592835 -59.729382 -477.114273 -68.776386 -0.481661 0.852477 -0.203189 -0.654504 -0.504108 -0.563472 0.582776 0.138415 -0.800758
-7.894228 -80.473854 1674.069598 3652.387151 -0.650828 0.719091 -0.243580 0.373785 0.582732 0.721601 -0.660838 -0.378592 0.648044
-8.509541 -77.994427 1366.391182 857.857887 -0.668312 0.701049 -0.248776 0.418867 0.631020 0.652966 -0.614744 -0.332181 0.715364
-7.067705 -74.734861 1616.544134 872.410376 -0.646333 0.719210 -0.254933 0.469269 0.638092 0.610430 -0.601698 -0.274909 0.749923
-5.293628 -77.687237 -8.647992 1040.852721 -0.638415 0.729787 -0.244617 0.507025 0.637857 0.579711 -0.579096 -0.246069 0.777237
-6.266214 -81.521896 1264.815450 3396.932623 -0.639198 0.730023 -0.241852 0.418443 0.594005 0.687069 -0.645238 -0.337972 0.685159
-2.083122 -52.471858 -33.653942 -700.783635 -0.490806 0.842101 -0.223549 -0.380467 -0.437974 -0.814508 0.783807 0.314713 -0.535352
-2.461415 -52.148418 365.399896 955.528421 -0.497225 0.839119 -0.220561 -0.318127 -0.412834 -0.853442 0.807195 0.354186 -0.472217
-2.230221 -51.952249 -272.025753 545.344839 -0.489698 0.841119 -0.229598 -0.284199 -0.402938 -0.869984 0.824274 0.360777 -0.436363
-2.697011 -54.206574 19.842534 1441.357348 -0.490194 0.845092 -0.213375 -0.208025 -0.351163 -0.912913 0.846425 0.403117 -0.347939
-1.933841 -52.061846 -177.126121 -622.941208 -0.483827 0.846378 -0.222611 -0.371097 -0.428775 -0.823674 0.792590 0.315906 -0.521541
-1.775448 -51.148575 -370.471140 -243.434361 -0.480815 0.844823 -0.234715 -0.286729 -0.404464 -0.868444 0.828615 0.350261 -0.436708
-0.409464 -54.391160 -1049.507221 1463.055147 -0.482502 0.843835 -0.234809 -0.196875 -0.365702 -0.909672 0.853483 0.392690 -0.342581
-1.703733 -54.000664 -481.833813 1385.739197 -0.483788 0.847276 -0.219254 -0.192729 -0.347513 -0.917655 0.853700 0.401694 -0.331417
776.694027 -54.486298 -290181.566720 -4154.453435 0.276009 -0.860359 -0.428487 0.940135 0.334385 -0.065826 0.199914 -0.384667 0.901147
691.890105 -49.212123 -260659.654101 -6455.191508 0.487358 -0.827739 -0.278084 0.861514 0.507731 -0.001450 0.142392 -0.238867 0.960556
457.356453 -51.289992 -44563.805266 -1298.443701 0.065439 -0.527026 -0.847326 0.908965 0.381831 -0.167295 0.411704 -0.759242 0.504035
586.280449 -28.692967 -225918.805063 -2159.988681 0.541450 -0.832704 -0.115917 0.840242 0.540676 0.040770 0.028725 -0.119473 0.992422
944.826669 -108.154476 -435279.970393 -15717.088941 0.213089 -0.952575 -0.217243 0.971264 0.230654 -0.058691 0.106016 -0.198494 0.974351
270.172625 -31.749529 -50713.572756 12223.157229 0.099569 -0.840433 -0.532690 0.935190 0.261895 -0.238392 0.339862 -0.474429 0.812041
0.361090 -41.081247 -1040.928497 -9306.305667 -0.444108 0.869902 -0.214566 -0.217168 -0.336848 -0.916172 0.869256 0.360282 -0.338511
-1.138227 -36.418245 296.651283 -7326.751165 -0.406519 0.909464 -0.087284 -0.287706 -0.218101 -0.932554 0.867161 0.353989 -0.350320
2.448444 -30.293653 -977.044555 -2978.221198 -0.403438 0.908634 -0.107805 -0.234065 -0.216382 -0.947836 0.884563 0.357159 -0.299976
4.849408 -35.811038 -1232.086127 -3511.898286 -0.437887 0.883944 -0.164007 -0.196535 -0.272134 -0.941975 0.877285 0.380246 -0.292889
136.621619 -49.959044 -73016.963754 2688.458616 0.876509 -0.358281 0.321506 -0.084961 0.542256 0.835907 0.473828 0.759996 -0.444852
255.917221 -57.011534 -118545.769382 -1333.409044 0.891118 -0.389287 0.233160 0.053335 0.600122 0.798128 0.450626 0.698791 -0.555543
412.306907 -59.703863 -160146.301571 1822.245795 0.902590 -0.299661 0.309085 -0.108861 0.535761 0.837322 0.416509 0.789407 -0.450952
343.978833 -59.732245 -157180.467329 6784.521877 0.901079 -0.243633 0.358747 -0.187987 0.526043 0.829422 0.390790 0.814814 -0.428206
423.478885 -46.880335 -164838.890259 2013.285803 0.780057 -0.446753 0.438091 -0.163467 0.530330 0.831883 0.603979 0.720529 -0.340657
453.158572 -20.108142 169586.284100 1540.671215 0.710647 0.466975 -0.526227 -0.695749 0.355397 -0.624200 0.104466 -0.809708 -0.577459
113.311776 -39.639665 64060.630198 2524.925377 0.487083 0.597359 -0.637113 0.872011 -0.292169 0.392727 0.048454 -0.746860 -0.663214
227.105688 -32.557014 89060.175605 -1032.238161 0.655417 0.409352 -0.634712 0.752588 -0.424704 0.503228 -0.063568 -0.807500 -0.586432
6.812921 -98.057824 2973.131332 -5908.518842 -0.587651 0.801805 -0.108518 0.806451 0.591298 0.001783 0.065596 -0.086467 -0.994093
7.567951 -104.185005 1710.161407 1850.779524 -0.605162 0.786397 -0.123927 -0.758194 -0.616784 -0.211469 0.242735 0.034013 -0.969496
-0.624996 -101.104906 1118.226310 3510.383730 -0.639161 0.758891 -0.124733 -0.761959 -0.646873 -0.031196 0.104361 -0.075102 -0.991700
14.367815 -105.966155 3122.655209 5330.938727 -0.574795 0.808412 -0.126807 -0.792009 -0.588572 -0.162186 0.205748 -0.007209 -0.978578
-0.587713 -90.965879 1487.258841 -4298.225118 -0.611546 0.782624 -0.116237 0.790374 0.597524 -0.135181 -0.036342 -0.174540 -0.983979
13.933000 -98.794686 3700.415310 -6879.438382 -0.540111 0.831492 -0.130005 0.840336 0.541274 -0.029307 0.045999 -0.125077 -0.991080
8.884440 -144.577204 5842.295994 -15160.986364 0.796223 -0.274561 0.539116 -0.591808 -0.168361 0.788301 0.125671 0.946716 0.296540
4.774505 -162.584167 3834.593253 -16144.545245 0.833933 -0.232985 0.500274 -0.549474 -0.434849 0.713431 -0.051325 0.869842 0.490654
17.123366 -175.627045 6436.317614 -19425.482523 0.820714 -0.239918 0.518524 -0.571229 -0.362361 0.736473 -0.011200 0.900630 0.434443
24.449482 -163.278670 11678.733044 -28368.663858 0.789093 -0.294534 0.539056 -0.580654 -0.071314 0.811021 0.200431 0.952976 0.227296
12.021891 -120.119990 9004.258353 -16424.657730 0.771642 -0.321121 0.549045 -0.556577 0.076936 0.827226 0.307880 0.943908 0.119362
-4.184342 -123.294658 2366.100366 -4895.760175 0.813804 -0.256891 0.521277 -0.546080 -0.031199 0.837152 0.198793 0.965937 0.165673
11.260665 -145.224787 250.345984 27450.570644 0.830665 -0.076339 0.551514 -0.353781 0.692510 0.628704 0.429923 0.717358 -0.548237
18.828952 -110.993824 -2276.779762 22770.543834 0.837800 -0.080526 0.540006 -0.415295 0.548077 0.726045 0.354431 0.832542 -0.425737
17.411424 -90.485120 -2648.322692 12975.930704 0.822143 0.013163 0.569129 -0.483580 0.543665 0.685987 0.300386 0.839199 -0.453335
10.490627 -133.101460 -2064.583852 24319.801351 0.837671 -0.005835 0.546143 -0.386778 0.699676 0.600713 0.385628 0.714436 -0.583842
19.414356 -77.048018 -5468.732821 -1915.697094 0.816721 0.070928 0.572657 -0.538554 0.450030 0.712343 0.207188 0.890192 -0.405748
8.590630 -77.900855 -3559.967473 -91.302059 0.850034 0.069103 0.522175 -0.482858 0.498321 0.720087 0.210450 0.864235 -0.456956
11.331610 -86.857056 -3177.033100 11503.449376 0.826931 0.073459 0.557484 -0.487162 0.588718 0.645046 0.280816 0.804994 -0.522616
13.908271 -100.132399 -1259.350279 1843.182675 0.500131 -0.397553 0.769299 0.861969 0.143473 -0.486235 0.082930 0.906293 0.414434
10.295388 -102.521610 -1529.094545 214.194307 0.576408 -0.344480 0.741004 0.816427 0.281221 -0.504343 -0.034650 0.895683 0.443341
13.200854 -102.732951 -4029.723689 201.046692 0.573224 -0.318772 0.754850 0.814596 0.122096 -0.567033 0.088590 0.939934 0.329659
3.664634 -203.998084 2023.006161 -2992.523091 0.951995 -0.050313 0.301949 -0.143424 -0.944743 0.294771 -0.270434 0.323928 0.906607
5.494610 -250.304350 3168.372548 5232.016295 0.948502 -0.068058 0.309374 -0.189854 -0.903936 0.383217 -0.253573 0.422218 0.870306
4.310883 -217.639867 215.421483 6888.348576 0.940907 -0.065346 0.332302 -0.240746 -0.819167 0.520583 -0.238193 0.569820 0.786492
-22.517634 -1003.964653 -14891.590901 434691.226676 0.995632 0.085195 0.038193 -0.046328 0.095662 0.994335 -0.081059 0.991761 -0.099191
12.649107 -379.347651 -9641.500676 111903.593376 0.998341 0.052236 0.024230 -0.029591 0.104437 0.994091 -0.049397 0.993159 -0.105810
-10.989889 -196.341215 -9454.638340 51557.258056 0.992913 0.080848 0.087107 -0.074754 -0.144924 0.986615 -0.092390 0.986134 0.137853
-8.162341 -76.501745 -4227.761891 -5980.467346 0.724731 -0.171792 0.667272 0.390551 0.900250 -0.192408 -0.567657 0.400047 0.719533
-14.866052 -85.615765 -4803.656601 -7449.288806 0.724399 -0.209630 0.656735 0.448985 0.866361 -0.218702 -0.523123 0.453292 0.721712
-8.235079 -89.675926 -4863.710064 7176.278895 0.691523 -0.219986 0.688042 -0.534062 -0.797055 0.281923 -0.486388 0.562414 0.668668
-26.759913 -46.368475 383.812499 1212.632954 -0.011209 -0.525543 0.850693 -0.614453 0.674794 0.408779 -0.788874 -0.518129 -0.330485
-25.998278 -47.065376 1205.730698 487.701923 0.019492 -0.496383 0.867885 -0.668064 0.639354 0.380680 -0.743849 -0.587222 -0.319153
-26.108226 -46.026919 -86.952432 295.374877 0.029975 -0.507875 0.860909 -0.593164 0.684206 0.424285 -0.804523 -0.523379 -0.280744
-26.467180 -44.873440 75.099568 -34.720732 0.006980 -0.553983 0.832498 -0.540928 0.698107 0.469088 -0.841040 -0.453596 -0.294793
4.822046 -47.309194 142.651848 -13.531001 -0.557553 0.759715 -0.334616 -0.536913 -0.637442 -0.552623 0.633134 0.128456 -0.763308
5.644647 -45.221660 -383.986157 -1198.337793 -0.561335 0.747600 -0.354961 -0.574567 -0.660743 -0.483003 0.595631 0.067178 -0.800444
5.287663 -46.115002 -494.590119 374.865871 -0.551419 0.752975 -0.359117 -0.524596 -0.647693 -0.552533 0.648642 0.116286 -0.752158
4.533641 -46.100430 119.709624 1655.500487 -0.555266 0.756541 -0.345435 -0.495547 -0.634531 -0.593130 0.667916 0.158166 -0.727236
-10.846988 -90.698121 -24.550189 -3014.972164 0.787811 -0.584082 0.195454 -0.139132 -0.477900 -0.867326 -0.599997 -0.656095 0.457760
-11.641589 -87.637198 97.790535 -2018.100900 0.767519 -0.609660 0.198064 -0.163605 -0.485050 -0.859046 -0.619797 -0.626930 0.472028
-11.504012 -90.382517 -280.254858 -61.697396 0.770468 -0.598274 0.220109 -0.033282 -0.382561 -0.923331 -0.636609 -0.704071 0.314662
-729.326921 -11536.873484 -419809.533389 4967119.385597 0.976422 0.173453 0.128508 0.206729 -0.922738 -0.325296 -0.062155 -0.344193 0.936839
164.964382 -3464.180959 -350697.628415 1134006.556754 0.786885 0.262076 0.558684 -0.425230 0.886365 0.183130 -0.447204 -0.381671 0.808910
-2442.848047 -6027.520478 828781.732745 -1304476.372853 -0.477191 -0.457140 -0.750541 0.877321 -0.198288 -0.437024 0.050958 -0.867009 0.495680
-4129.572711 -13168.612165 -636230.600365 -5484502.589461 0.442354 -0.065243 -0.894464 0.669828 0.687237 0.281133 0.596367 -0.723498 0.347703
-21.846359 -629.154600 -2891.080615 -111663.170440 0.632119 -0.148987 0.760414 0.500650 -0.670478 -0.547548 -0.591418 -0.726817 0.349231
-4.846250 -464.464528 5246.362987 -0.378627 -0.594352 0.191712 -0.781020 0.643436 -0.469224 -0.604829 -0.482426 -0.862018 0.155530
-9.926494 -755.301258 5959.956551 249918.601322 -0.602665 0.156086 -0.782580 0.772968 -0.129494 -0.621090 -0.198283 -0.979218 -0.042608
-11.394784 -903.567651 7389.912987 338202.809421 -0.583623 0.121989 -0.802810 0.796809 -0.104458 -0.595133 -0.156460 -0.987019 -0.036238
-45.839586 -75.773815 650.903888 6119.916397 -0.444598 0.873062 0.200236 0.303666 0.357218 -0.883279 0.842686 0.331900 0.423937
-38.280464 -67.714099 126.723330 5275.519617 -0.415016 0.906424 -0.078470 0.362822 0.085793 -0.927901 0.834339 0.413564 0.364476
46.465577 -92.405589 -4521.993812 3174.612704 0.018826 0.912299 0.409091 0.995820 -0.053686 0.073896 0.089378 0.405990 -0.909497
60.852036 -105.004709 -6838.198432 7111.501060 -0.020150 0.917187 0.397947 0.992464 0.066467 -0.102939 -0.120865 0.392874 -0.911615
49.537248 -97.488513 -4543.142929 9674.641147 -0.076164 0.951765 0.297224 0.996024 0.086437 -0.021556 -0.046207 0.294400 -0.954564
72.907154 -112.443096 -7172.989642 4799.563371 -0.026712 0.909421 0.415017 0.935116 0.169477 -0.311185 -0.353334 0.379777 -0.854941
59.702490 -113.397452 -5069.730388 8506.096163 -0.097482 0.948063 0.302777 0.959182 0.170642 -0.225500 -0.265455 0.268436 -0.926000
69.902001 -35.318268 19984.844164 22.628478 0.252401 0.962383 0.100562 -0.274716 0.170921 -0.946212 0.927807 -0.211199 -0.307522
68.839988 -34.557144 26021.177051 1425.791248 0.168169 0.985020 0.038149 -0.244615 0.079189 -0.966381 0.954926 -0.153184 -0.254267
38.119647 -32.071896 17723.127839 2732.603717 0.107221 0.993724 -0.031876 -0.252131 -0.003836 -0.967686 0.961735 -0.111793 -0.250137
-16.249912 -41.156439 3684.537197 -338.361680 -0.222838 0.974504 -0.026163 -0.957432 -0.223828 -0.182275 0.183484 0.015568 -0.982899
-14.542193 -41.450946 3357.140240 -1008.756991 -0.178262 0.983923 -0.010852 -0.978588 -0.178427 -0.102608 0.102895 0.007671 -0.994663
-4.296237 -41.528488 5748.778392 -58.355586 -0.169628 0.985238 0.023069 -0.972093 -0.163424 -0.168311 0.162056 0.050976 -0.985464
-20.611444 -40.858429 1137.203516 -674.281850 -0.189030 0.979609 -0.068072 -0.968013 -0.197542 -0.154686 0.164979 -0.036655 -0.985616
-6.983061 -44.385807 138.395036 -2968.030710 0.119246 0.981620 0.149004 0.930750 -0.162769 0.327431 -0.345666 -0.099640 0.933053
-5.619325 -44.072655 -469.675989 -2223.673541 0.099952 0.981735 0.161883 0.935084 -0.148285 0.321916 -0.340041 -0.119197 0.932826
-5.078368 -47.211178 -783.826043 -559.940349 0.101282 0.980900 0.166062 0.966202 -0.136759 0.218519 -0.237056 -0.138318 0.961599
-7.130290 -41.872193 -279.046132 -2559.381437 0.110201 0.981236 0.158212 0.903690 -0.165187 0.395041 -0.413763 -0.099440 0.904937
-6.154283 -45.069815 272.335247 -3649.259556 0.130158 0.982276 0.134881 0.924170 -0.169466 0.342333 -0.359123 -0.080096 0.929847
-5.906137 -41.063427 786.076848 -3048.220871 0.146609 0.978849 0.142688 0.903040 -0.191318 0.384598 -0.403762 -0.072467 0.911989
-7.473649 -40.529897 438.048280 -2172.059313 0.138782 0.977934 0.156155 0.899861 -0.190367 0.392441 -0.413508 -0.086055 0.906424
7.065980 -79.046932 1440.565392 -4773.017341 0.036807 0.992271 -0.118508 -0.186879 0.123331 0.974611 -0.981693 0.013726 -0.189974
4.873229 -85.044144 2438.402682 -129.813412 0.051535 0.995387 -0.080923 0.014221 0.080291 0.996670 -0.998570 0.052515 0.010017
5.548472 -83.268790 2877.555980 2865.769354 0.052355 0.996662 -0.062637 0.184898 0.051964 0.981383 -0.981362 0.062962 0.181560
-9.358874 -90.957580 2418.579749 -7214.113244 0.200062 0.929105 0.311030 -0.880486 0.309738 -0.358897 0.429791 0.202056 -0.880030
-9.419573 -77.053804 2488.103714 -4475.300056 0.173970 0.939439 0.295276 -0.790651 0.311999 -0.526809 0.587030 0.141811 -0.797048
-3.373992 -48.995931 -289.596350 2888.393268 -0.168717 -0.972145 -0.162690 0.981528 -0.180810 0.062533 -0.090207 -0.149134 0.984694
-4.044975 -46.871613 -636.067282 -394.357411 -0.138482 -0.976931 -0.162571 0.990365 -0.136480 -0.023479 0.000750 -0.164256 0.986418
-1.879731 -52.079002 464.107814 -2187.191243 -0.168827 -0.972795 -0.158643 0.983195 -0.154870 -0.096653 0.069454 -0.172295 0.982594
-30.168356 -46.958625 2526.179401 -2301.592860 -0.584724 0.649468 -0.486096 0.439383 0.757254 0.483228 0.681939 0.068972 -0.728150
-19.017738 -30.466903 2468.932010 1076.774050 -0.791807 0.303807 -0.529852 0.204564 0.949322 0.238625 0.575496 0.080557 -0.813827
-20.593372 -34.542199 2683.598179 -2836.983154 -0.613318 0.700022 -0.365799 0.500168 0.702662 0.506062 0.611288 0.127416 -0.781084
-25.317005 -42.857134 2832.055507 3263.831963 -0.552022 0.747717 -0.369041 -0.509207 -0.652769 -0.560893 0.660288 0.121707 -0.741085
-9.180003 -45.232558 -1395.169226 2415.982149 -0.007762 0.995594 0.093442 0.924854 0.042680 -0.377919 0.380242 -0.083487 0.921111
-10.807195 -42.704335 -3006.752614 387.368391 0.003268 0.995797 0.091532 0.891927 0.038486 -0.450539 0.452168 -0.083112 0.888052
861.730520 -10.558193 293381.822160 5205.975385 0.643479 0.513843 -0.567362 0.744020 -0.245646 0.621363 0.179912 -0.821963 -0.540378
569.811113 -11.929888 181625.062691 -994.847518 0.821106 0.030946 -0.569936 -0.566798 0.161884 -0.807796 -0.067265 -0.986324 -0.150464
5.845168 -118.319333 1264.199626 5224.092940 0.809192 0.299625 -0.505405 0.541426 -0.714335 0.443378 0.228181 0.632417 0.740258
19.888364 -20.826569 -1533.832509 -3630.522889 0.098119 0.987709 0.121671 0.481649 0.059856 -0.874318 0.870854 -0.144390 0.469856
15.789464 -22.986760 5431.526366 -1929.129953 -0.028664 0.996946 0.072647 0.493870 0.077311 -0.866092 0.869063 -0.011053 0.494577
16.121286 -26.276875 4522.196891 -3403.976840 -0.000913 0.997962 0.063801 0.430923 0.057966 -0.900525 0.902388 -0.026671 0.430098
-1.830300 -26.886772 382.125284 1308.888545 -0.104827 -0.528486 -0.842445 -0.042240 0.848714 -0.527163 0.993593 -0.019676 -0.111291
-0.483570 -28.508584 767.614879 457.096922 -0.110046 -0.515252 -0.849944 0.018834 0.853903 -0.520091 0.993748 -0.073242 -0.084265
-9.531297 -111.910284 -743.294045 15958.178120 0.766353 0.567152 -0.301732 0.638485 -0.724324 0.260175 0.070993 0.392037 0.917206
-15.276449 -160.297450 1344.169941 30821.966287 0.793610 0.531992 -0.295242 0.605886 -0.646706 0.463329 -0.055553 0.546585 0.835559
-11.530845 -126.990960 -1514.458478 22070.857039 0.750631 0.595525 -0.286188 0.660682 -0.671812 0.334913 -0.007185 0.440475 0.897736
-14.425313 -173.379319 -2698.153564 41173.201499 0.745668 0.607973 -0.272668 0.653169 -0.586056 0.479488 -0.131717 0.535637 0.834112
-5.373704 -118.364362 -3743.298277 22978.102694 0.710107 0.644129 -0.284335 0.704079 -0.646981 0.292726 -0.004594 0.408061 0.912943
-4.606663 -1341.875576 7013.651319 321453.256365 0.813982 0.563037 0.142907 0.456247 -0.467404 -0.757213 0.359544 -0.681559 0.637343
-31.432495 -1425.547004 -27506.837612 650955.885338 -0.656096 -0.559069 -0.506933 0.038489 0.646058 -0.762317 0.753696 -0.519664 -0.402358
13.826130 -1475.287316 -7751.316341 423739.564652 0.872789 0.407150 0.269199 0.105972 0.380305 -0.918770 0.476455 -0.830420 -0.288780
45.845989 -4368.953817 3329.155450 2014015.709134 0.916385 0.398720 0.035519 -0.394808 0.914897 -0.084204 -0.066070 0.063140 0.995815
-159.731983 -2497.781782 49738.358984 111436.178289 0.860977 0.498353 0.101797 0.462524 -0.683798 -0.564351 0.211638 -0.532977 0.819234
-1.501541 -957.223371 10066.447930 -265087.704002 0.929532 0.356464 0.094361 0.306955 -0.889812 0.337659 -0.204327 0.284900 0.936527
119.123946 -2566.649636 -105704.587745 2706149.956733 0.895383 0.363511 0.257193 0.445259 -0.723412 -0.527654 0.005752 -0.586971 0.809588
10.239502 -127.187516 379.839311 -1025.411919 0.826571 0.376384 -0.418467 0.473293 -0.062461 0.878688 -0.304587 0.924356 0.229769
13.612876 -128.624903 -875.550041 -2425.801028 0.827007 0.372273 -0.421274 0.493262 -0.120970 0.861428 -0.269724 0.920206 0.283671
11.337100 -128.366117 -741.184635 -2602.549215 0.822102 0.384071 -0.420283 0.529690 -0.245299 0.811946 -0.208750 0.890122 0.405099
7.814748 -18.969939 7520.221767 916.170915 -0.475970 0.869061 -0.134856 -0.701122 -0.467534 -0.538369 0.530925 0.161696 -0.831849
2.229377 -19.484659 7491.195405 -1707.294144 -0.413137 0.906022 -0.091883 -0.752725 -0.396530 -0.525518 0.512565 0.147948 -0.845807
18.935015 -21.687455 8581.122809 -1855.514625 -0.362211 0.928323 -0.083783 -0.766583 -0.347821 -0.539788 0.530239 0.131290 -0.837621
-7.457027 -17.621937 3731.690250 626.091499 -0.608496 0.746455 -0.269328 -0.587278 -0.651850 -0.479787 0.533701 0.133778 -0.835025
26.347702 -21.238667 8685.738744 813.062547 -0.400298 0.907824 -0.124967 -0.729384 -0.398191 -0.556276 0.554761 0.131527 -0.821548
2.590272 -52.927274 -632.002228 -11245.750882 -0.406095 -0.451215 0.794665 -0.100741 0.886401 0.451823 -0.908261 0.103428 -0.405419
6.141045 -50.414826 -692.494876 3750.802680 -0.420665 -0.442363 0.792058 0.124126 0.836789 0.533269 -0.898684 0.322643 -0.297100
4.373991 -49.962653 -477.514636 -4226.464738 -0.405730 -0.528962 0.745375 -0.060021 0.829174 0.555759 -0.912020 0.180750 -0.368169
3.663747 -50.571897 -807.841638 -2586.510695 -0.406228 -0.347105 0.845279 0.089748 0.905415 0.414932 -0.909354 0.244419 -0.336653
-16.265581 -38.210722 -1805.393851 -238.381423 0.466271 0.871528 0.151756 0.845000 -0.387997 -0.368013 -0.261853 0.299828 -0.917353
-13.131568 -36.918229 -1078.583764 -420.588576 0.461319 0.879086 0.119967 -0.843501 0.392624 0.366542 -0.275120 0.270285 -0.922635
-14.591523 -38.116953 -1027.024873 -99.276887 0.504430 0.854565 0.123570 -0.796084 0.404867 0.449814 -0.334366 0.325272 -0.884532
-18.364170 -39.064124 -1576.945771 -251.387758 0.497669 0.850290 0.171266 0.817050 -0.393294 -0.421603 -0.291127 0.349752 -0.890460
-6.067261 -50.425195 2122.160410 4753.165933 -0.141999 0.987392 0.069958 -0.622385 -0.034103 -0.781968 0.769723 0.154579 -0.619380
-9.775886 -50.599592 862.533143 2371.742873 -0.136899 0.990041 0.032838 -0.525149 -0.044427 -0.849850 0.839927 0.133589 -0.526000
-9.347808 -46.334686 1254.903594 4300.818739 -0.106886 0.989752 0.094690 -0.669193 -0.001176 -0.743088 0.735361 0.142791 -0.662461
-40.074443 -60.650717 -1798.274631 3172.064873 -0.220989 0.876254 0.428185 -0.757973 -0.430586 0.489972 -0.613711 0.216274 -0.759332
16.486892 -236.122345 -1772.569782 -13404.416128 0.132863 0.991027 0.014612 0.635860 -0.073920 -0.768257 0.760283 -0.111363 0.639975
16.102400 -228.442338 -2419.008666 -24611.972346 0.111360 0.992100 0.057757 0.849518 -0.064876 -0.523556 0.515673 -0.107368 0.850032
18.547875 -264.496010 -2906.824124 -23916.519810 0.116759 0.993037 0.015675 0.805608 -0.085468 -0.586252 0.580830 -0.081077 0.809977
22.239101 -272.575808 -2200.646441 14968.650802 0.114714 0.993163 -0.021621 0.447067 -0.071049 -0.891674 0.887114 -0.092622 0.452161
-15.017639 -329.362448 -10483.653522 -49878.522456 0.737009 -0.491483 0.463963 0.018595 0.700941 0.712977 -0.675627 -0.516843 0.525739
13.927162 -288.358760 1025.485548 279.909327 0.796284 -0.520065 0.308973 0.342140 0.808414 0.478965 -0.498871 -0.275680 0.821662
12.339378 -273.609347 -3507.298644 49452.484204 0.796324 -0.479232 0.369060 -0.022797 -0.633492 -0.773414 -0.604441 -0.607475 0.515389
-0.163913 -499.234972 -11857.066719 167914.263739 0.746767 -0.490755 0.448886 0.167455 -0.514449 -0.841012 -0.643660 -0.703208 0.301994
42.407156 -27.860375 4203.455947 -497.477036 -0.098944 0.909014 0.404850 0.179912 0.416483 -0.891164 0.978694 0.015338 0.204751
33.288775 -29.210686 4689.427286 -1842.478186 -0.118596 0.917299 0.380130 0.129834 0.393870 -0.909950 0.984418 0.058562 0.165808
39.174887 -27.213730 -2376.353361 -610.994851 0.011876 0.879816 0.475166 0.138221 0.469194 -0.872211 0.990330 -0.076036 0.116037
45.660013 -24.819103 -4778.399444 -321.780140 0.036273 0.860505 0.508150 0.195049 0.492609 -0.848111 0.980122 -0.129878 0.149972
36.097418 -25.392175 -9316.276065 -453.687883 0.128964 0.818589 0.559715 0.168707 0.538088 -0.825832 0.977193 -0.200930 0.068708
31.862064 -27.177690 -7679.875985 -1058.453837 0.107395 0.838115 0.534818 0.122433 0.522686 -0.843688 0.986649 -0.156087 0.046479
-13.129006 -38.161916 -857.598824 4927.654305 -0.087562 0.993584 -0.071582 -0.938510 -0.106372 -0.328456 0.333963 -0.038420 -0.941803
-13.070548 -40.869502 -473.385957 6445.801668 -0.065443 0.996083 -0.059462 -0.918463 -0.083422 -0.386608 0.390054 -0.029313 -0.920325
