12800
25588
-37.155132 -57.762482 -612.868361 7393.374522 0.308165 0.948975 -0.066932 0.716223 -0.277738 -0.640223 0.626146 -0.149357 0.765267
-47.785390 -70.740535 1050.542941 5464.548517 0.245468 0.966751 -0.071681 0.824651 -0.247113 -0.508808 0.509604 -0.065784 0.857891
-37.330414 -74.396517 -2293.895243 12633.092030 0.042931 0.982471 0.181406 0.811688 0.071568 -0.579691 0.582512 -0.172132 0.794387
-38.360665 -56.656923 -89.165062 5577.462205 0.473056 0.824277 -0.311104 0.612008 -0.561451 -0.556974 0.633770 -0.073082 0.770061
-27.103977 -55.184338 -4980.006707 9188.846906 0.194031 0.970447 0.143471 0.707645 -0.037172 -0.705590 0.679405 -0.238433 0.693944
-31.642663 -44.999449 -426.135070 4488.120526 0.521761 0.789431 -0.323364 0.504707 -0.591245 -0.629047 0.687776 -0.165008 0.706920
-58.414027 -82.447305 -2737.848930 2067.768789 0.158667 0.950084 0.268636 -0.775712 0.288280 -0.561397 0.610816 0.119309 -0.782732
-60.823213 -80.863818 -2148.387576 5007.487669 -0.028300 0.953733 0.299320 -0.881283 0.117509 -0.457746 0.471740 0.276740 -0.837183
-61.561205 -80.578389 -403.945352 -2751.514745 -0.011578 0.935088 0.354228 -0.710819 0.241458 -0.660632 0.703280 0.259441 -0.661883
-60.220827 -75.042788 464.457019 -4179.748572 0.121065 0.810959 0.572441 -0.524281 0.541924 -0.656846 0.842895 0.220599 -0.490779
-60.454425 -80.951535 -1757.137976 -5510.000486 0.135440 0.931984 0.336248 -0.591242 0.348352 -0.727382 0.795040 0.100288 -0.598208
106.102860 -28.333095 17537.472501 -1074.268602 -0.406145 0.847673 -0.341317 0.739642 0.524288 0.421961 -0.536634 0.081075 0.839911
124.492484 -41.043366 7100.192249 -6780.531120 -0.564139 0.800160 -0.203695 0.711128 0.596217 0.372589 -0.419577 -0.065339 0.905365
110.487642 -44.163078 -2913.111971 -1241.405128 -0.530731 0.846969 0.031120 0.765903 0.463563 0.445536 -0.362929 -0.260295 0.894723
102.432340 -23.517478 15869.086242 -2172.686795 -0.473193 0.718934 -0.509139 0.685256 0.663581 0.300141 -0.553637 0.206866 0.806655
90.429050 -38.546812 11031.837331 2958.420567 -0.365687 0.925236 -0.101047 0.773798 0.362559 0.519411 -0.517213 -0.111752 0.848529
74.480849 -17.158186 13366.918966 1332.148676 -0.390887 0.730668 -0.559761 0.688680 0.635649 0.348813 -0.610678 0.249149 0.751663
77.455989 -23.898756 20084.528298 1529.554406 -0.303836 0.853933 -0.422471 0.731078 0.493315 0.471345 -0.610908 0.165648 0.774178
-10.312404 -17.532507 -1650.710193 2713.805504 -0.511068 0.778379 0.364603 -0.521698 0.056213 -0.851276 0.683111 0.625272 -0.377350
-12.420848 -28.010562 -1945.838425 2832.714877 -0.340389 0.721792 0.602621 -0.595048 0.330876 -0.732420 0.728047 0.607896 -0.316874
-7.713576 -24.563968 -1298.124818 3274.091415 -0.306406 0.721098 0.621396 -0.643068 0.324501 -0.693659 0.701840 0.612141 -0.364285
-4.285525 -13.198002 -1813.242860 3999.553570 -0.383880 0.760353 0.523927 -0.642375 0.187690 -0.743053 0.663318 0.621800 -0.416381
-2.725812 -7.381794 3299.842081 -2729.616296 -0.743079 0.441787 -0.502650 -0.123848 0.647356 0.752059 0.657643 0.621092 -0.426322
-6.091992 -14.436070 2483.490858 2726.772518 -0.755777 0.546454 -0.360817 0.019992 -0.531497 -0.846824 0.654524 0.647224 -0.390769
-21.294086 -40.250914 1138.954391 -3168.686255 0.048958 0.762512 0.645119 0.561210 -0.555294 0.613752 -0.826225 -0.331999 0.455115
-20.399280 -43.149447 -334.049581 -3512.725761 0.061330 0.666936 0.742587 0.546847 -0.644841 0.533984 -0.834984 -0.373332 0.404259
-20.989402 -46.375034 -2060.244823 73.213698 0.105087 0.592391 0.798768 -0.672281 0.634191 -0.381890 -0.732799 -0.496865 0.464899
-24.704997 -44.718091 -612.426997 3272.754244 0.212481 0.593221 0.776493 -0.617568 0.697344 -0.363760 -0.757273 -0.402244 0.514527
-22.517136 -36.233010 4020.903270 -1175.341586 0.021630 0.858704 0.512015 0.620596 -0.413054 0.666518 -0.783832 -0.303338 0.541843
-7.946736 -55.097310 -1938.645832 -1540.843598 0.627780 0.764228 -0.147813 0.568181 -0.579701 -0.584052 0.532036 -0.282671 0.798144
-8.114475 -52.932833 -2247.418580 450.179799 0.646541 0.745937 -0.159884 0.439376 -0.535431 -0.721293 0.623645 -0.396096 0.673924
-10.921687 -53.291180 -1229.829474 -3427.352667 0.621774 0.758423 -0.195425 0.529472 -0.590913 -0.608672 0.577110 -0.274984 0.768978
-10.769944 -53.278434 -388.615451 -1896.245394 0.593149 0.783178 -0.186565 0.602511 -0.585517 -0.542357 0.533999 -0.209290 0.819172
-14.192982 -53.220212 -555.903007 -2426.063368 0.580515 0.785264 -0.215321 0.611211 -0.594966 -0.521955 0.537981 -0.171396 0.825349
-13.791636 -51.820875 -391.141360 -673.784521 0.599592 0.760661 -0.248767 0.434620 -0.570497 -0.696877 0.672008 -0.309723 0.672664
-12.407213 -52.154890 -116.639789 -4471.297152 0.599749 0.765830 -0.231960 0.547845 -0.604272 -0.578551 0.583238 -0.219907 0.781968
-10.638356 -114.946644 -2188.485393 -2884.930295 0.121515 0.991904 0.036899 -0.784815 0.073252 0.615385 -0.607700 0.103738 -0.787362
-12.323468 -114.412474 -455.224674 -728.105342 0.133104 0.986013 0.100310 -0.690740 0.019708 0.722835 -0.710748 0.165500 -0.683701
-13.700094 -109.822438 -166.279326 -1053.354735 0.165004 0.982393 0.087622 -0.832759 0.091165 0.546079 -0.528476 0.163073 -0.833139
-14.123932 -105.949002 672.030141 -2173.777159 0.185312 0.973778 0.131969 -0.851083 0.091908 0.516924 -0.491240 0.208109 -0.845798
-14.190727 -103.137116 216.871517 -3482.879224 0.197324 0.976216 0.089813 -0.939152 0.161963 0.302921 -0.281170 0.144122 -0.948774
-11.696552 -106.407940 -1707.916570 -3142.216628 0.157238 0.987023 0.032574 -0.905331 0.130891 0.404033 -0.394526 0.093019 -0.914164
1343.586375 38.877197 -348096.501894 34917.451246 -0.178440 0.092658 -0.979578 0.978250 -0.090308 -0.186740 -0.105766 -0.991594 -0.074528
2828.946801 -227.467071 -1001572.860771 108255.406737 -0.199450 -0.078461 -0.976762 0.969674 -0.159487 -0.185191 -0.141250 -0.984077 0.107891
1359.850627 42.209983 -338120.929105 34425.154127 -0.172391 0.096091 -0.980330 0.980059 -0.083109 -0.180490 -0.098818 -0.991897 -0.079847
2829.770018 -981.010531 936975.473673 -493011.957347 0.431166 -0.030327 -0.901763 0.847424 -0.329536 0.416267 -0.309787 -0.943656 -0.116385
-13.504001 -42.544830 -1869.575530 1694.954091 0.070359 0.868278 0.491062 -0.013374 0.493059 -0.869893 0.997432 -0.054638 -0.046303
-8.567713 -38.383450 -2714.696069 2041.558436 0.104074 0.842833 0.528017 -0.089959 0.536701 -0.838963 0.990493 -0.039814 -0.131677
-16.073093 -37.670633 -1347.221535 1889.046784 0.050712 0.856885 0.513007 -0.122816 0.515119 -0.848274 0.991133 0.019988 -0.131362
0.229740 -44.154796 -4532.458838 2029.989009 0.116922 0.857045 0.501800 0.038173 0.501014 -0.864597 0.992407 -0.120246 -0.025863
-18.832107 -41.956988 -1214.134624 1127.860750 0.016216 0.859794 0.510384 -0.012602 0.510586 -0.859734 0.999789 -0.007510 -0.019115
-11.912140 -45.767277 -1729.248821 1359.831947 0.080974 0.863555 0.497710 0.100687 0.489708 -0.866053 0.991618 -0.120241 0.047295
-15.976582 -45.414502 -712.233621 1222.164147 0.035622 0.865015 0.500480 0.080491 0.496688 -0.864189 0.996119 -0.071068 0.051932
302.496155 -37.759254 94321.275085 699.058216 -0.174495 0.688917 -0.703524 0.975658 0.217353 -0.029152 0.132830 -0.691485 -0.710074
2534.886200 -60.783120 1128180.726019 5181.905288 -0.172761 -0.260337 -0.949936 0.875806 0.400691 -0.269091 0.450686 -0.878448 0.158781
496.590432 -65.420056 150047.174768 -15389.098255 -0.254329 0.608561 -0.751645 0.955519 0.278123 -0.098133 0.149330 -0.743170 -0.652226
6106.407068 -300.812918 2749454.540673 34420.631939 -0.284810 -0.075728 -0.955588 0.925898 0.236367 -0.294692 0.248186 -0.968708 0.002797
373.516539 -38.831093 113127.375145 -3718.952121 -0.101201 0.786220 -0.609604 0.994228 0.101869 -0.033671 0.035627 -0.609493 -0.791991
162.723020 -56.676081 74660.209012 750.889427 0.684638 0.672777 -0.280433 -0.340546 0.635419 0.693016 -0.644438 0.378964 -0.664143
12691.087398 -1279.116521 4126173.823841 -120598.526563 0.569956 0.770787 -0.284670 -0.313927 0.524439 0.791463 -0.759341 0.361734 -0.540878
362.402757 -60.940407 136877.710655 1531.805487 0.664149 0.692518 -0.281647 -0.353082 0.622629 0.698331 -0.658969 0.364351 -0.658034
158.882336 -58.072852 60875.899174 1164.202563 0.591805 0.761817 -0.263441 -0.501706 0.603913 0.619338 -0.630918 0.234357 -0.739607
-24.735100 -49.164346 -3051.941110 -2615.253867 0.484874 0.786850 -0.381791 0.202183 0.323869 0.924246 -0.850893 0.525335 0.002052
-23.193755 -45.034693 -2776.473291 -2593.539598 0.476992 0.757896 -0.445053 0.118993 0.446021 0.887077 -0.870815 0.476087 -0.122564
-17.267617 -49.456835 -2041.263108 -2172.440828 0.450048 0.803073 -0.390552 0.174051 0.350076 0.920409 -0.875879 0.482204 -0.017776
-18.622609 -55.395079 -1924.130713 -2001.302058 0.449702 0.818945 -0.356506 0.309439 0.231575 0.922291 -0.837864 0.525073 0.149273
-21.966345 -54.004273 -1170.518105 -1919.760659 0.523581 0.786998 -0.326339 0.291975 0.194094 0.936525 -0.800383 0.585629 0.128159
0.366912 -343.317695 805.435403 69692.977709 0.347451 -0.014413 0.937587 0.790852 -0.532723 -0.301263 0.503817 0.846167 -0.173697
2.271578 -272.502102 1448.399785 24867.976335 0.366201 -0.037498 0.929780 0.862086 -0.362465 -0.354157 0.350293 0.931243 -0.100408
6.925527 -423.586242 -1378.317785 90004.991920 0.358663 -0.011442 0.933397 0.923127 -0.144073 -0.356482 0.138556 0.989501 -0.041112
7.884338 -365.894458 5253.456957 67061.342588 0.404656 -0.044885 0.913367 0.858543 -0.325284 -0.396352 0.314894 0.944551 -0.093092
2.553606 -262.752839 1669.114918 40978.311398 0.342284 -0.014911 0.939478 0.708883 -0.652171 -0.268621 0.616706 0.757925 -0.212658
60.051107 -52.723407 6137.050973 -7804.593508 -0.446117 -0.077827 -0.891585 0.813483 -0.450599 -0.367704 -0.373129 -0.889328 0.264331
61.697898 -88.720953 2905.129786 -23495.531127 -0.399129 -0.165928 -0.901756 0.872922 -0.369684 -0.318343 -0.280543 -0.914222 0.292393
53.140901 -104.904434 8782.655798 -26481.772156 -0.359166 0.010064 -0.933219 0.857330 -0.391547 -0.334181 -0.368762 -0.920103 0.132002
61.586283 -171.745934 7908.741307 -40911.870485 -0.340792 -0.076106 -0.937053 0.930399 -0.170400 -0.324532 -0.134975 -0.982432 0.128880
-65.042372 -529.569288 -65393.151729 -86421.879340 0.391597 -0.371609 -0.841759 0.891214 -0.074383 0.447442 -0.228886 -0.925405 0.302055
115.189886 -592.396789 38174.029391 186174.525416 -0.555684 0.013336 -0.831287 0.588872 -0.699513 -0.404860 -0.586895 -0.714496 0.380855
14.927503 -168.225033 -44601.090030 59109.037146 0.754027 -0.082839 0.651599 0.609039 -0.283352 -0.740799 -0.245999 -0.955432 0.163203
-56.130054 -101.141753 37029.131739 34194.419348 -0.672421 0.121094 -0.730196 0.685844 -0.269031 -0.676195 -0.278329 -0.955489 0.097851
-2.611624 -323.748717 -15438.855584 -56748.859465 -0.224710 -0.186368 -0.956437 0.951159 -0.255160 -0.173750 -0.211663 -0.948768 0.234602
13.436332 -36.634560 -2884.145761 2736.976099 -0.473604 0.865319 0.164080 0.694516 0.252363 0.673765 -0.541614 -0.433054 0.720498
5.997959 -41.629413 -3228.071728 949.008003 -0.452445 0.865034 0.216816 0.646325 0.150555 0.748062 -0.614456 -0.478591 0.627211
14.491287 -40.892440 -3472.208994 757.010119 -0.463578 0.869614 0.169901 0.620894 0.182022 0.762469 -0.632128 -0.458954 0.624320
18.423352 -37.770953 -2336.619456 1888.926390 -0.464571 0.874995 0.136224 0.659047 0.238888 0.713154 -0.591464 -0.421089 0.687644
-6.077156 -38.739913 -3063.243076 1671.412716 0.793159 -0.440822 0.420208 0.349827 0.894571 0.278143 -0.498517 -0.073612 0.863749
-6.349322 -42.136681 -772.929024 883.835462 0.842354 -0.335052 0.422113 0.202099 0.922480 0.328916 -0.499595 -0.191755 0.844769
-10.975572 -44.238291 -753.826232 370.436763 0.830230 -0.413518 0.373792 0.319118 0.902408 0.289523 -0.457036 -0.121087 0.881168
-6.224455 -38.443131 -3754.848598 990.444113 0.758152 -0.523076 0.389355 0.457448 0.852162 0.254089 -0.464701 -0.014528 0.885348
-13.260555 -48.358492 -1669.679853 99.595111 0.535222 0.543031 -0.647036 -0.053858 0.786363 0.615412 0.842993 -0.294534 0.450125
-14.952605 -46.219586 -1773.527908 838.652125 0.528147 0.569900 -0.629504 -0.182530 0.800195 0.571288 0.829303 -0.186821 0.526645
-11.052896 -48.580682 -236.863925 300.568060 0.538439 0.574433 -0.616531 -0.104664 0.771569 0.627477 0.836139 -0.273329 0.475565
-10.632073 -61.833140 -1717.272048 -2269.898607 0.484016 0.758308 -0.436689 0.874998 -0.425291 0.231314 -0.010313 -0.494062 -0.869366
-9.331828 -62.424580 -1775.438844 -2240.283563 0.480290 0.756391 -0.444066 0.876956 -0.404633 0.259269 0.016425 -0.513950 -0.857663
-9.405953 -55.868076 -1561.704522 -1873.416294 0.486739 0.748514 -0.450346 0.862786 -0.492605 0.113757 -0.136694 -0.443923 -0.885578
53.650416 -52.920330 26134.011054 -3152.368158 0.607189 0.641859 -0.468336 0.507565 0.140159 0.850137 -0.611310 0.753905 0.240682
1.417734 -55.618242 3060.462048 -2725.948201 0.653220 0.710883 -0.260671 0.363609 0.007461 0.931522 -0.664147 0.703271 0.253610
5.807792 -62.689918 2216.152921 -744.255185 0.636743 0.736970 -0.226791 0.474886 -0.143085 0.868337 -0.607488 0.660607 0.441085
88.602762 -45.464590 37953.845463 -3555.153705 0.620160 0.578395 -0.529963 0.444252 0.297856 0.844939 -0.646561 0.759434 0.072235
89.017643 -56.393051 36005.787031 -2734.895026 0.599278 0.647570 -0.470658 0.583172 0.049634 0.810831 -0.548431 0.760388 0.347900
-26.080690 -588.214434 13499.223015 -151828.559826 0.153133 0.953548 0.259417 -0.798262 0.274105 -0.536325 0.582519 0.124954 -0.803155
-55.272437 -469.928043 21669.050475 -103187.725316 0.161929 0.955659 0.245955 0.986600 -0.151736 -0.059978 -0.019998 0.252372 -0.967424
-1.087051 -442.411286 8598.427601 -68380.295994 0.173491 0.950545 0.257615 0.974474 -0.203534 0.094736 0.142484 0.234603 -0.961592
4.578860 -1161.914725 8893.035859 -343620.305885 0.230730 0.928918 0.289611 -0.611789 0.369946 -0.699181 0.756622 0.015859 -0.653660
-55.269762 -61.758632 -1938.143794 -7390.537758 -0.223108 -0.140152 0.964666 -0.638871 0.768466 -0.036111 -0.736252 -0.624353 -0.260990
-53.147312 -59.704883 -5833.888161 -5481.167147 -0.520897 0.639101 -0.565877 -0.476556 0.332266 0.813937 -0.708210 -0.693649 -0.131491
-58.473038 -72.469977 -172.295739 -4894.366337 0.046889 -0.348046 0.936304 -0.576933 0.755750 0.309822 -0.815444 -0.554712 -0.165363
-35.343034 -52.339029 13084.408563 -98.333740 0.777088 -0.589156 -0.221426 0.005896 0.358608 -0.933470 -0.629364 -0.724082 -0.282144
-58.004507 -72.522850 -1261.508280 -3343.064761 -0.140429 -0.323602 0.935714 -0.540955 0.816623 0.201232 -0.829245 -0.477921 -0.289732
-50.576906 -59.111250 -4518.881716 -3322.928118 -0.541305 0.133833 0.830107 -0.423916 0.809159 -0.406886 -0.726144 -0.572145 -0.381268
-6.260896 -48.404403 -794.565310 -293.354262 -0.317450 0.920537 0.227677 -0.591415 -0.379873 0.711284 -0.741251 -0.091146 -0.665010
-6.975713 -46.342779 -661.198405 -441.305124 -0.318390 0.908789 0.269684 -0.568731 -0.410727 0.712634 -0.758401 -0.073518 -0.647629
-7.178147 -47.306712 -664.548935 -1054.765737 -0.288710 0.929161 0.230880 -0.673206 -0.368482 0.641104 -0.680764 -0.029664 -0.731902
-6.063230 -47.690872 -1052.582598 -1462.626947 -0.308238 0.926883 0.214190 -0.700013 -0.373453 0.608699 -0.644183 -0.037688 -0.763943
-6.793894 -45.798608 -1123.055829 -1760.539866 -0.282339 0.935218 0.213664 -0.738369 -0.354047 0.573988 -0.612451 -0.004296 -0.790497
-7.974171 -45.020928 -550.024027 -846.142901 -0.273741 0.932761 0.234570 -0.741228 -0.360006 0.566549 -0.612901 0.018783 -0.789936
-5.651319 -59.041034 -1624.325638 1127.342089 -0.306304 0.926857 -0.217057 -0.835410 -0.371042 -0.405484 0.456363 -0.057131 -0.887958
-7.096090 -59.819865 -1359.407706 -516.775102 -0.352926 0.908265 -0.224719 -0.880170 -0.403756 -0.249564 0.317402 -0.109713 -0.941923
-9.148455 -55.162630 -911.562767 1942.116372 -0.298878 0.936680 -0.182489 -0.884021 -0.343783 -0.316734 0.359415 -0.066660 -0.930794
-7.025699 -57.593786 -1027.994130 1096.204487 -0.262147 0.950346 -0.167695 -0.819238 -0.310998 -0.481797 0.510027 -0.011080 -0.860087
-8.114940 -55.956828 -682.483395 1001.830329 -0.232103 0.963636 -0.132416 -0.836928 -0.267219 -0.477646 0.495661 0.000040 -0.868516
-9.113097 -117.747173 514.278958 -6877.954958 -0.473786 0.880071 0.031643 0.850590 0.448018 0.275274 -0.228084 -0.157336 0.960845
-11.338151 -120.960593 479.855551 -1865.347163 -0.464906 0.885040 0.023811 0.883109 0.465473 -0.058762 0.063090 0.006291 0.997988
-8.542013 -110.816172 190.219527 -5307.369389 -0.491726 0.870556 0.018399 0.862133 0.483786 0.150594 -0.122199 -0.089914 0.988424
-6.646057 -103.487597 169.960319 -5849.887406 -0.513935 0.857673 0.016357 0.794480 0.468704 0.386157 -0.323530 -0.211455 0.922288
-4.482549 -101.876627 916.924638 -5075.672231 -0.522007 0.852689 -0.020732 0.787670 0.491243 0.371828 -0.327238 -0.177767 0.928070
-4.767425 -103.844683 1412.142480 -5372.928405 -0.522122 0.852085 -0.036602 0.834853 0.519396 0.182340 -0.174380 -0.064646 0.982554
6.416282 -134.232815 -1042.553601 -2575.061931 -0.480266 0.871859 0.095952 0.630443 0.267069 0.728845 -0.609825 -0.410532 0.677922
8.278932 -168.107378 -1888.849506 -10197.093933 -0.454951 0.881900 0.123578 0.789810 0.335494 0.513462 -0.411362 -0.331204 0.849167
5.212527 -155.395649 -1263.171574 -11321.984446 -0.465988 0.873240 0.142502 0.796993 0.344322 0.496230 -0.384261 -0.344810 0.856417
14.088409 -37.029558 -1422.213850 -4670.125577 -0.442277 0.879033 0.178025 -0.267921 0.059940 -0.961575 0.855926 0.472978 -0.209001
19.681944 -27.320706 -2130.696689 -5407.035131 -0.492845 0.862576 0.114307 -0.189393 0.021876 -0.981658 0.849255 0.505454 -0.152585
15.833895 -42.605339 -1853.016940 -2184.644447 -0.468284 0.862759 0.190676 -0.354661 0.014116 -0.934889 0.809275 0.505418 -0.299376
17.408954 -18.556184 -1507.376627 -9298.204761 -0.455498 0.879233 0.139541 -0.141778 0.083101 -0.986404 0.878875 0.469089 -0.086803
-6.750014 -45.901513 1306.548678 -1166.653021 -0.590019 0.803332 0.080839 0.792194 0.595340 -0.134160 0.155902 0.015116 0.987657
90.813870 -45.547492 42597.224689 -3833.280572 -0.270776 0.962638 -0.002999 0.952690 0.267528 -0.144257 0.138065 0.041918 0.989536
-5.090270 -44.264278 1623.929060 774.583038 -0.569799 0.819144 0.065816 0.818446 0.572873 -0.044304 0.073996 -0.028623 0.996848
-8.940179 -45.504709 -739.639120 775.856865 -0.622469 0.776337 0.099165 0.777752 0.627738 -0.032367 0.087378 -0.056978 0.994544
-8.944374 -46.286045 -550.964912 -943.085375 -0.612905 0.782656 0.108616 0.773679 0.622353 -0.118734 0.160526 -0.011261 0.986967
-7.651841 -49.969245 302.828085 -3117.627992 -0.591468 0.799590 0.104026 0.770587 0.598512 -0.219043 0.237405 0.049395 0.970154
2.505983 -27.664610 3652.674405 1783.310329 -0.309582 0.775974 0.549566 -0.377038 -0.630759 0.678223 -0.872927 -0.002758 -0.487843
0.618816 -22.806328 3032.088792 1615.186549 -0.329295 0.748904 0.575072 -0.294161 -0.660097 0.691189 -0.897237 -0.058441 -0.437665
7.977880 -23.204172 2423.402558 1494.854078 -0.312441 0.819433 0.480531 -0.352367 -0.569741 0.742451 -0.882167 -0.062649 -0.466751
2.909257 -19.811088 2191.130284 1115.696984 -0.324833 0.784223 0.528656 -0.282151 -0.613869 0.737263 -0.902704 -0.090327 -0.420674
-10.364372 -51.134821 -2542.718223 1197.493036 -0.317301 0.933694 0.165937 -0.845933 -0.357761 0.395480 -0.428623 0.014885 -0.903361
-9.527222 -49.573883 -3015.062105 1249.751302 -0.326655 0.931767 0.158448 -0.790696 -0.361250 0.494266 -0.517780 -0.036170 -0.854749
-11.851831 -50.578692 286.100919 1114.542766 -0.309175 0.929889 0.199291 -0.806417 -0.367426 0.463346 -0.504085 0.017457 -0.863478
-10.173398 -52.788096 -616.897047 1202.057231 -0.309967 0.930824 0.193616 -0.877208 -0.358531 0.319312 -0.366641 0.070866 -0.927660
-12.750601 -242.278318 -1313.373288 44669.840604 -0.662901 0.739247 -0.118644 -0.253608 -0.370803 -0.893414 0.704447 0.562155 -0.433285
-10.334989 -241.943876 -2136.224092 41096.458033 -0.623356 0.773667 -0.113429 -0.420316 -0.453851 -0.785719 0.659365 0.442107 -0.608095
-9.546490 -178.895784 -1606.788611 25511.697391 -0.655320 0.729372 -0.196399 -0.410143 -0.561931 -0.718342 0.634301 0.390192 -0.667392
-14.516772 -267.355389 -1066.906305 43116.945828 -0.659763 0.746502 -0.086298 -0.166708 -0.257372 -0.951824 0.732749 0.613592 -0.294252
-9.846290 -170.670603 -1155.550940 19225.913994 -0.673399 0.717211 -0.179285 -0.383325 -0.546107 -0.744868 0.632136 0.432869 -0.642673
-11.418127 -181.733687 -439.047814 21688.489246 -0.696845 0.695327 -0.175860 -0.213338 -0.435048 -0.874769 0.684758 0.572061 -0.451500
11.037230 -73.699322 759.355272 4904.335183 0.720379 -0.692880 -0.031172 0.688960 0.709678 0.147279 0.079924 0.127573 -0.988604
12.862613 -118.702035 -1837.963244 19114.277313 -0.715903 0.698189 0.003870 0.698164 0.715912 -0.006107 -0.007035 -0.001670 -0.999974
8.506975 -96.492758 -1963.186337 11926.596979 -0.735927 0.676864 -0.016319 0.671045 0.732382 0.115393 0.090057 0.073970 -0.993186
8.461611 -66.897881 1714.091417 788.972718 0.751642 -0.659553 0.004897 0.633624 0.724116 0.272355 0.183178 0.201610 -0.962184
9.501150 -59.850453 -320.185673 -534.052709 0.759078 -0.649974 -0.036537 0.628258 0.716701 0.302708 0.170566 0.252734 -0.952383
-5.501639 -677.227196 -12889.628510 -149307.080083 -0.692488 0.519930 -0.500133 0.721340 0.488144 -0.491308 -0.011309 -0.700991 -0.713080
38.117215 -881.398236 15052.528988 -285741.508733 0.774760 -0.518757 0.361440 0.570364 0.326775 -0.753593 -0.272823 -0.790006 -0.549052
-1.900432 -359.191043 14107.206825 -95146.324653 0.707783 -0.529284 0.467870 0.542949 -0.016131 -0.839610 -0.451939 -0.848291 -0.275957
57.235021 -1942.427058 -14682.422826 -798520.388197 -0.621031 0.598703 -0.505840 0.668838 0.068342 -0.740260 -0.408626 -0.798050 -0.442878
11.644728 -122.847049 917.237248 -4612.945008 0.842691 -0.534102 0.067879 0.028344 0.169910 0.985052 0.537651 0.828170 -0.158320
8.526808 -114.517367 1151.963055 -6187.680427 0.831196 -0.553657 0.050776 0.158042 0.322846 0.933163 0.533045 0.767616 -0.355849
9.113054 -127.719494 1159.143096 -4351.346100 0.826481 -0.559316 0.063991 -0.002532 0.109973 0.993931 0.562959 0.821627 -0.089474
-4.052711 -69.071648 223.374174 1492.130172 0.649139 -0.753154 0.106665 0.545882 0.363584 -0.754864 -0.529747 -0.548238 -0.647150
-3.171132 -72.790800 188.342451 978.026147 0.663238 -0.742641 0.092735 0.513605 0.361522 -0.778147 -0.544358 -0.563725 -0.621199
-4.288037 -74.315727 648.461627 1213.485110 0.671737 -0.735608 0.087467 0.437119 0.298275 -0.848504 -0.598077 -0.608205 -0.521911
-5.468236 -72.423420 662.280335 2569.761046 0.656619 -0.747299 0.101960 0.475856 0.305589 -0.824728 -0.585161 -0.590051 -0.556262
-17.018243 -42.591018 423.931848 504.839977 -0.385309 0.918535 0.088491 0.922541 0.385648 0.013929 -0.021332 0.087003 -0.995980
-17.299031 -44.058680 -276.188757 -830.245723 -0.409903 0.911303 0.038811 -0.909370 -0.411600 0.060266 -0.070895 0.010590 -0.997428
-15.883412 -43.379384 816.759935 -860.383154 -0.430684 0.895142 0.115032 -0.893779 -0.440722 0.083213 -0.125184 0.066974 -0.989870
-18.212467 -43.166510 -906.325104 756.692868 -0.353260 0.934880 0.034745 0.934817 0.351304 0.051988 0.036397 0.050846 -0.998043
-15.595107 -41.514950 1424.460896 206.655975 -0.386371 0.912186 0.136509 0.920081 0.391539 -0.012185 -0.064563 0.120891 -0.990564
-131077.204560 -1030197.363550 -41162788.500730 536114533.161855 -0.130263 0.609701 0.781855 0.693321 0.619726 -0.367758 -0.708758 0.494171 -0.503445
797.964217 -3358.039441 -210992.314588 248715.029529 0.762874 0.643151 0.066181 0.148298 -0.273692 0.950316 -0.629310 0.715157 0.304171
-598.571475 -1145.824949 194098.795149 -755479.116336 0.741062 0.553658 0.379855 -0.625793 0.364505 0.689579 -0.243332 0.748732 -0.616596
-418.178018 -841.533325 -306635.313140 539170.318315 -0.844572 -0.517735 0.136561 -0.523124 0.852246 -0.004226 -0.114195 -0.075008 -0.990623
-45.768233 -104.032083 -15424.074617 1673.062191 0.779026 -0.617335 0.109617 0.581969 0.777003 0.239955 -0.233306 -0.123137 0.964575
-145.794312 -343.173721 -28442.186518 94046.379861 0.943865 0.218994 0.247306 -0.245611 0.965887 0.082085 -0.220894 -0.138218 0.965454
-80.582134 -333.402877 27950.206157 -92423.097170 -0.395946 0.918161 -0.014375 0.908317 0.393904 0.140711 -0.134858 -0.042657 0.989946
20.943446 -2645.578100 19403.435998 -1124802.835065 -0.488341 0.872651 0.001846 0.868206 0.485638 0.101852 -0.087985 -0.051342 0.994798
-13.350793 -83.028824 6511.337360 -12112.911932 -0.579265 0.815137 -0.001941 0.799861 0.568865 0.191349 -0.157080 -0.109289 0.981520
-4.442491 -72.143835 -383.390077 -928.017908 -0.682118 0.729432 -0.051420 -0.045603 0.027748 0.998574 -0.729818 -0.683491 -0.014337
-5.656430 -71.452009 -144.020929 -591.917300 -0.671190 0.739303 -0.054177 -0.068035 0.011340 0.997619 -0.738157 -0.673277 -0.042687
-4.574870 -72.778486 -130.334067 1734.280567 -0.673823 0.735879 -0.066663 -0.147992 -0.046016 0.987917 -0.723920 -0.675547 -0.139911
-45.919969 -80.905371 -1135.440427 6335.828502 -0.048724 0.987031 0.152957 0.904014 0.108697 -0.413454 0.424717 -0.118130 0.897586
-55.317330 -79.280692 2003.258820 1448.349595 0.139453 0.989546 -0.036753 0.942637 -0.144027 -0.301149 0.303295 -0.007351 0.952868
-47.852396 -76.742901 -772.540179 2588.028097 0.346158 0.915157 -0.206550 0.854506 -0.398435 -0.333269 0.387290 0.061134 0.919929
-43.369857 -67.039525 -45.517475 5659.354995 0.427790 0.848444 -0.311671 0.715940 -0.528544 -0.456149 0.551748 0.028002 0.833540
-57.449561 -73.624262 -1431.707033 -6394.635331 -0.137560 0.941121 0.308817 0.953896 0.041905 0.297199 0.266759 0.335462 -0.903496
-57.877142 -76.890563 1337.863367 -4216.344814 -0.283991 0.883271 0.373071 0.874734 0.079323 0.478068 0.392671 0.462104 -0.795154
-56.122995 -79.804753 -3483.918679 7728.460219 0.199938 0.950738 0.236899 -0.913668 0.268236 -0.305385 0.353886 0.155389 -0.922290
132.464395 -38.351312 -11023.768999 -4804.191852 0.596128 -0.701617 0.390340 0.670408 0.702496 0.238855 -0.441797 0.119299 0.889147
147.913760 -56.794605 -9733.798581 -8210.729868 -0.669812 0.742196 -0.022290 0.710408 0.649281 0.271579 -0.216037 -0.166072 0.962158
131.347566 -54.592517 13799.273461 -7260.704966 0.613717 -0.778971 -0.128669 0.751813 0.526823 0.396529 -0.241099 -0.340092 0.908960
-12.978011 -36.008862 -1616.387013 2788.094894 -0.276694 0.678573 0.680425 -0.560396 0.461261 -0.687891 0.780638 0.571643 -0.252642
-9.519186 -34.157590 -879.063768 3054.764292 -0.251378 0.681866 0.686927 -0.607178 0.441605 -0.660545 0.753753 0.583133 -0.303004
-17.931212 -35.619084 1852.683705 -4622.942253 -0.044097 0.781444 0.622415 0.422843 -0.549864 0.720314 -0.905129 -0.294948 0.306181
-20.568162 -44.700059 -675.969649 3393.243984 0.014110 0.624159 0.781170 -0.533768 0.665322 -0.521955 -0.845513 -0.409599 0.342544
-19.957468 -38.993272 761.745453 -3968.704739 -0.074058 0.711704 0.698565 0.438499 -0.605898 0.663782 -0.895675 -0.355478 0.267210
-10.893464 -29.396577 4933.268741 -1745.935229 -0.172548 0.929390 0.326283 0.298913 -0.266225 0.916393 -0.938551 -0.255652 0.231870
-4.295652 -28.652934 6141.776535 -2107.755477 -0.179408 0.951162 0.251203 0.329509 -0.182497 0.926347 -0.926950 -0.248967 0.280675
-4.220467 -54.050155 -1285.722340 -1053.877650 0.636590 0.755010 -0.157203 0.495345 -0.556533 -0.667012 0.591090 -0.346743 0.728274
-4.549713 -53.541657 -1139.383413 1953.282838 0.635454 0.752283 -0.173978 0.351410 -0.482399 -0.802373 0.687539 -0.448733 0.570902
-8.159514 -53.858006 -1870.310547 2432.080354 0.647965 0.736972 -0.192390 0.300003 -0.479113 -0.824893 0.700100 -0.476784 0.531542
-12.543381 -80.184438 40.863798 -8484.819718 0.277171 0.960812 0.004087 0.901817 -0.258680 -0.346136 0.331514 -0.099625 0.938176
-5.746088 -90.199254 531.551460 -2416.858078 0.299551 0.953812 -0.022628 0.772383 -0.256358 -0.581124 0.560084 -0.156599 0.813500
-8.665787 -82.486197 1994.080284 -4570.713605 0.322750 0.943654 -0.073133 0.834991 -0.320263 -0.447462 0.445671 -0.083353 0.891308
-15.442357 -66.171367 -418.010572 -9681.959581 0.285472 0.958324 0.010965 0.944344 -0.279319 -0.173768 0.163464 -0.059960 0.984725
-12.914890 -69.196052 -1261.363833 -10748.843073 0.261193 0.963801 0.053540 0.948277 -0.245829 -0.200846 0.180413 -0.103230 0.978159
-13.124989 -70.094101 1340.150891 -7492.760456 0.306050 0.950677 -0.050456 0.920328 -0.309008 -0.239814 0.243577 -0.026959 0.969507
-9.887794 -120.134109 -2254.399139 -1421.655635 0.093588 0.993768 0.060559 -0.596170 0.007221 0.802825 -0.797385 0.111238 -0.593131
307.041480 -10.076131 32025.391446 2246.865244 0.116795 0.512207 -0.850884 0.820560 -0.532421 -0.207869 -0.559500 -0.673923 -0.482481
590.875065 17.884169 -137932.340251 5555.588700 -0.173009 -0.043298 -0.983968 0.913019 -0.381755 -0.143736 -0.369411 -0.923249 0.105579
1202.542335 -43.285041 394850.710860 -1992.150586 0.246039 0.872243 -0.422678 -0.841136 0.408830 0.354045 -0.481617 -0.268421 -0.834264
1651.219834 -6.283917 -532333.699261 9839.408064 -0.316263 -0.266565 -0.910451 0.875199 -0.452309 -0.171589 -0.366065 -0.851093 0.376346
734.781902 -62.609954 222889.049289 3740.271361 0.097791 0.885859 -0.453531 0.917498 -0.256788 -0.303739 -0.385531 -0.386411 -0.837886
1082.878486 -21.634532 335598.019122 2994.024923 -0.200147 -0.418038 -0.886107 0.796913 0.456676 -0.395446 0.569975 -0.785297 0.241738
937.310088 -38.817277 290728.457614 -9878.791484 -0.177704 0.969975 0.166042 0.890036 0.230399 -0.393385 0.419829 -0.077877 0.904256
629.504521 -54.908271 193775.862608 -4198.021565 -0.251791 0.963002 0.096061 0.935276 0.267641 -0.231576 0.248718 -0.031535 0.968062
110.759039 -50.818518 54863.124919 2126.870923 0.682573 0.634873 -0.361982 -0.189988 0.632431 0.750956 -0.705691 0.443810 -0.552298
324.735583 -61.399156 -121412.495340 871.613724 -0.729451 -0.588553 0.348579 -0.104067 0.599148 0.793846 -0.676071 0.542796 -0.498298
-21.892142 -43.140915 -3070.423498 -464.676107 0.467899 0.741747 -0.480502 0.066146 0.512772 0.855973 -0.881303 0.432292 -0.190862
-15.451455 -45.500742 -1648.427376 -1866.029188 0.442913 0.788986 -0.425828 0.060469 0.447586 0.892194 -0.894523 0.420913 -0.150533
1.393467 -343.242804 486.014662 -72432.694501 -0.475637 -0.160940 -0.864794 0.693112 -0.673918 -0.255794 -0.541633 -0.721064 0.432089
-1.551669 -197.932342 -1914.876983 34170.964587 0.471840 0.137472 0.870901 -0.426566 0.900064 0.089032 -0.771627 -0.413506 0.483327
0.559267 -190.921681 -600.111005 30795.955355 0.471063 0.184874 0.862509 -0.489216 0.868388 0.081054 -0.734007 -0.460135 0.499509
-2.970213 -193.684336 2071.957615 -20384.554844 -0.455820 -0.156090 -0.876279 0.651744 -0.729028 -0.209161 -0.606184 -0.666449 0.434036
0.904222 -222.043247 -251.341005 -32102.619924 -0.481025 -0.173302 -0.859407 0.664232 -0.711830 -0.228240 -0.572198 -0.680635 0.457521
-3.166523 -236.868997 3305.460762 -22273.923871 -0.466807 -0.134766 -0.874030 0.809859 -0.462182 -0.361271 -0.355274 -0.876485 0.324891
-1.397403 -285.232562 1659.616807 -15172.505457 -0.471352 -0.137212 -0.871206 0.866973 -0.253333 -0.429162 -0.161819 -0.957599 0.238368
1.764697 -250.673690 -1137.654386 -23129.650518 -0.495797 -0.175598 -0.850500 0.821007 -0.414004 -0.393126 -0.283078 -0.893178 0.349429
63.448295 -44.750476 242.382646 -7370.080948 -0.495443 -0.226567 -0.838572 0.820632 -0.438581 -0.366347 -0.284780 -0.869663 0.403220
78.095527 -790.318747 16352.748872 248895.379908 -0.409840 -0.113335 -0.905089 0.673318 -0.706987 -0.216361 -0.615365 -0.698086 0.366062
89.825330 -2189.907534 -95889.070443 423179.475667 0.458193 -0.006488 0.888829 0.067603 0.997331 -0.027569 -0.886278 0.072719 0.457409
14.932329 -34.194214 381.921463 1738.236727 -0.568525 0.802171 0.182486 -0.161663 0.108559 -0.980857 0.806625 0.587143 -0.067963
13.750427 -36.501332 627.835379 2800.016860 -0.593748 0.797300 0.108518 -0.062356 0.088866 -0.994090 0.802231 0.597006 0.003048
11.536142 -29.590066 3141.090825 1975.992004 -0.627348 0.758552 0.176162 -0.135302 0.116600 -0.983920 0.766895 0.641095 -0.029485
13.947080 -42.044177 -2133.708932 2633.493831 -0.529986 0.843903 0.083323 -0.047388 0.068631 -0.996516 0.846681 0.532088 -0.003617
12.915704 -26.274711 3079.757146 1025.330323 -0.592417 0.742837 0.311827 -0.282621 0.170835 -0.943897 0.754432 0.647309 -0.108736
17.125370 -32.236834 -113.854497 1443.332645 -0.528637 0.810668 0.251715 -0.269997 0.120554 -0.955284 0.804764 0.572961 -0.155148
15.190546 -39.473580 -2002.918465 2167.760199 -0.517338 0.841888 0.153577 -0.166874 0.076772 -0.982985 0.839354 0.534163 -0.100772
-7.226000 -57.991931 -658.535763 -2001.500392 0.474470 0.757329 -0.448700 0.876753 -0.452105 0.164031 -0.078634 -0.471226 -0.878500
-5.478016 -62.794968 -437.188876 -2373.033509 0.475230 0.755872 -0.450349 0.878832 -0.383034 0.284498 0.042545 -0.530983 -0.846314
0.960768 -51.700873 6329.346162 -3709.611228 0.678192 0.683076 -0.271039 0.258286 0.123731 0.958112 -0.688000 0.719790 0.092516
94.343982 -41.863335 38515.074247 -1893.188211 0.645638 0.558256 -0.521058 0.376732 0.360670 0.853223 -0.664247 0.747173 -0.022550
-217.738469 -1415.076628 -32477.951951 -415134.410272 0.996534 0.058057 0.059578 -0.002990 -0.690729 0.723107 -0.083134 0.720779 0.688161
-155.272073 -1127.346785 -69907.418809 379411.825329 0.904074 -0.343685 0.254030 -0.113436 -0.766046 -0.632698 -0.412047 -0.543189 0.731548
-135.698292 -2105.823847 20442.794893 727971.084101 0.979578 -0.165458 -0.114236 -0.190373 -0.946044 -0.262218 0.064686 -0.278610 0.958223
-87.821781 -1454.289681 -7457.646863 600403.461036 0.906795 -0.421452 0.010061 -0.299706 -0.661264 -0.687682 -0.296478 -0.620571 0.725943
-410.554473 -12396.435500 -184761.035724 6691415.450874 0.747413 -0.320870 -0.581735 0.294708 0.944897 -0.142539 0.595416 -0.064907 0.800791
-186.163541 -917.214591 60260.196804 -355499.863420 0.616214 -0.266576 -0.741092 0.780447 0.333034 0.529142 0.105752 -0.904448 0.413269
-139.706711 -409.526856 41653.882978 106654.361547 0.243417 0.952330 0.183891 -0.828564 0.105610 0.549844 -0.504212 0.286207 -0.814774
-26.958104 -654.245848 12863.706940 203019.832288 0.249883 0.940517 0.230187 -0.865260 0.110193 0.489062 -0.434607 0.321380 -0.841328
-71.334863 -287.767233 24121.833073 84021.489138 0.227883 0.939368 0.256238 -0.670030 -0.039659 0.741274 -0.706491 0.340611 -0.620366
-369.762954 -3339.320794 87016.654559 1198582.836863 0.226440 0.970666 0.080823 -0.683977 0.099385 0.722702 -0.693469 0.218929 -0.686418
11.957458 -60.044769 4815.594869 391.088691 0.647934 0.719492 -0.250025 0.552722 -0.218263 0.804275 -0.524098 0.659313 0.539099
-2.654363 -67.050656 -4166.358009 2792.978588 0.665849 0.737283 -0.114275 0.500808 -0.328144 0.800945 -0.553024 0.590538 0.587732
8.651183 -60.172887 2303.947136 7047.988559 0.663695 0.719098 -0.205932 0.628915 -0.387423 0.674069 -0.404939 0.576890 0.709382
-22.645801 -40.171990 -585.574130 -1727.334485 -0.207389 0.675820 0.707289 0.452902 -0.574526 0.681762 -0.867104 -0.461722 0.186930
-19.700428 -42.763087 -171.987581 -1050.765145 -0.176393 0.691658 0.700353 0.543953 -0.524501 0.654991 -0.820366 -0.496495 0.283711
-22.324970 -38.252216 1180.589147 -3263.258973 -0.106588 0.680803 0.724670 0.425311 -0.627563 0.652131 -0.898749 -0.377720 0.222661
-21.854047 -33.967668 1419.443168 -2326.521630 -0.202744 0.778457 0.594053 0.317530 -0.521610 0.791895 -0.926320 -0.349182 0.141430
-26.887906 -73.393657 659.309041 9089.846372 0.010605 0.998655 -0.050750 0.500783 0.038626 0.864711 -0.865508 0.034585 0.499700
-16.851156 -55.957357 7105.222694 19590.552840 0.041873 0.988733 -0.143715 0.686019 0.076123 0.723591 -0.726378 0.128890 0.675102
-18.378044 -78.970361 7545.793155 5450.063065 0.163920 0.985686 -0.039401 0.474640 -0.043792 0.879090 -0.864782 0.162802 0.475025
-26.247966 -86.228639 1160.093025 -4610.358111 0.067852 0.997695 0.000406 0.275240 -0.019110 0.961186 -0.958978 0.065106 0.275902
-29.519851 -82.069076 -2690.069567 -1858.540502 -0.012354 0.999687 0.021765 0.309921 -0.016867 0.950613 -0.950682 -0.018489 0.309615
-58.826226 -76.814234 75.598077 -4459.972005 0.201676 -0.398386 0.894771 -0.503490 0.741431 0.443597 -0.840134 -0.539971 -0.051055
-54.473446 -72.011847 2666.551682 -6134.726475 0.394931 -0.440397 0.806276 -0.517791 0.618250 0.591320 -0.758896 -0.651013 0.016133
-39.615924 -60.324247 9668.120163 4276.847364 0.687076 -0.594057 0.418358 0.307682 -0.283731 -0.908201 -0.658224 -0.752724 0.012164
-19.937693 -52.014804 15805.116861 1517.153663 0.794174 -0.607690 0.000880 0.087998 0.113569 -0.989625 -0.601285 -0.786012 -0.143670
-3.237435 -54.847014 364.172800 5006.469290 0.155906 -0.004968 0.987759 0.886581 -0.440191 -0.142150 0.435509 0.897891 -0.064224
-3.703103 -43.450392 928.621043 2110.654508 0.150113 -0.016212 0.988536 0.825664 -0.547928 -0.134366 0.543825 0.836368 -0.068866
-6.201782 -45.291144 1421.731531 2642.720987 0.224352 -0.036207 0.973835 0.825720 -0.523654 -0.209698 0.517545 0.851161 -0.087586
-2.836942 -47.961876 216.347828 4181.311751 0.060572 0.020125 0.997961 0.881374 -0.470365 -0.044011 0.468520 0.882243 -0.046229
-2.360613 -53.968814 773.842699 4362.262223 0.334502 -0.055527 0.940758 0.864924 -0.378280 -0.329865 0.374186 0.924024 -0.078509
1.439267 -64.081028 -368.942884 9826.210956 0.059075 0.033425 0.997694 0.930339 -0.364185 -0.042885 0.361912 0.930727 -0.052611
6.089063 -70.690257 -1776.913771 8720.557067 0.250745 -0.005421 0.968038 0.931251 -0.271752 -0.242738 0.264382 0.962352 -0.063092
-5.378664 -43.127841 67.924033 1143.499939 -0.338482 0.882242 0.327230 -0.459907 -0.458500 0.760437 -0.820924 -0.106899 -0.560943
-7.428152 -43.560886 864.093181 33.548387 -0.328675 0.875333 0.354633 -0.519241 -0.481130 0.706331 -0.788899 -0.048013 -0.612644
-5.018465 -45.218894 -848.194305 1374.470884 -0.340666 0.899998 0.271937 -0.474176 -0.414227 0.776900 -0.811852 -0.135717 -0.567871
-4.575833 -59.719183 -1457.140447 -525.462120 -0.360836 0.897355 -0.254068 -0.880206 -0.417721 -0.225271 0.308278 -0.142346 -0.940586
-6.202482 -57.498498 -1424.330589 -847.268795 -0.372876 0.896534 -0.239147 -0.900802 -0.411576 -0.138427 0.222531 -0.163808 -0.961066
-3.084761 -61.427856 -1843.603092 866.280712 -0.335276 0.908318 -0.250097 -0.838131 -0.408803 -0.361131 0.430263 -0.088535 -0.898352
-5.338501 -117.163983 -3319.578870 -1731.139300 -0.525752 0.823547 0.212968 0.814460 0.559598 -0.153313 0.245437 -0.092849 0.964956
-12.246798 -105.933430 2170.963389 -5787.222526 0.561607 -0.806026 -0.186869 0.823897 0.565549 0.036703 0.076101 -0.174574 0.981699
-6.234285 -104.893491 2121.860429 -10000.280504 0.553451 -0.806889 -0.206452 0.832541 0.528870 0.164840 -0.023821 -0.263110 0.964472
-10.565013 -88.618513 1381.037791 -10637.523035 0.595790 -0.784015 -0.174229 0.789965 0.532928 0.303219 -0.144877 -0.318290 0.936858
-0.598064 -113.724083 2944.664833 -7348.781384 0.545787 -0.807943 -0.222136 0.833900 0.549682 0.049606 0.082025 -0.212314 0.973753
0.483000 -99.534396 2849.771198 -12002.825101 0.575867 -0.785313 -0.227290 0.810879 0.513229 0.281197 -0.104176 -0.346237 0.932345
-5.071599 -82.660959 2131.541644 -12369.028277 0.598515 -0.774666 -0.204140 0.770982 0.487763 0.409480 -0.217638 -0.402468 0.889187
-10.176427 -121.173225 -393.870791 -5226.245420 0.451493 -0.890874 -0.049978 0.891874 0.448904 0.055189 -0.026731 -0.069491 0.997224
-11.745893 -122.335860 112.069549 2174.792826 -0.433383 0.899866 0.049198 0.863057 0.430133 -0.264797 0.259444 0.072298 0.963048
-12.999147 -119.362591 -181.669107 4733.033496 -0.444194 0.895263 0.034568 0.821366 0.422333 -0.383397 0.357840 0.141910 0.922937
11.558468 -157.301838 -2387.441471 12496.792759 -0.478362 0.876192 0.058802 0.656457 0.312314 0.686676 -0.583295 -0.367081 0.724582
8.921607 -167.260773 -775.009488 -7526.921715 -0.454162 0.886201 0.091570 0.788670 0.352100 0.504009 -0.414412 -0.301120 0.858830
7.545431 -219.496168 605.334831 -34980.898844 0.416504 -0.901597 -0.116818 0.888961 0.376969 0.260081 -0.190452 -0.212171 0.958494
11.450266 -42.399684 257.510212 -1993.970953 -0.339659 0.898791 0.277141 -0.393214 0.131976 -0.909926 0.854409 0.418040 -0.308590
13.070737 -35.467205 59.692528 -6606.620324 -0.361160 0.893952 0.265354 -0.265764 0.174084 -0.948190 0.893831 0.412970 -0.174708
