14604
29190
-22.092855 -32.130568 -237.569377 2153.310636 -0.181695 0.971049 0.155082 -0.182400 -0.188250 0.965035 -0.966291 -0.147055 -0.211323
-26.004562 -38.834000 432.425784 1407.501205 -0.142769 0.970521 0.194179 -0.328906 -0.231560 0.915533 -0.933509 -0.066843 -0.352269
-25.118963 -43.732367 -895.318648 4298.240404 -0.056557 0.934258 -0.352085 -0.327527 0.315772 0.890513 -0.943148 -0.165682 -0.288136
-20.998788 -32.201910 38.892715 1310.384131 -0.149814 0.832552 0.533303 -0.176353 -0.553242 0.814139 -0.972859 -0.027919 -0.229707
-15.822045 -29.853233 -1555.651205 2900.533818 -0.220396 0.974464 -0.042952 -0.119142 0.016811 0.992735 -0.968107 -0.223912 -0.112395
-17.603987 -26.744112 -109.518442 1642.924574 -0.192723 0.816570 0.544125 -0.024288 -0.558320 0.829270 -0.980953 -0.146604 -0.127434
-29.577867 -42.955092 240.675339 -32.284158 0.041362 0.534006 0.844469 0.728590 0.562232 -0.391218 -0.683700 0.631453 -0.365816
-29.488482 -41.550185 -587.026763 64.251940 0.051411 0.434059 0.899416 0.698019 0.628476 -0.343202 -0.714231 0.645454 -0.270671
-27.795138 -41.121021 196.817293 156.798647 0.159735 0.458402 0.874272 0.793854 0.466764 -0.389778 -0.586754 0.756306 -0.289346
-29.901198 -42.648221 429.663538 -130.524862 0.125540 0.569516 0.812337 0.842502 0.371165 -0.390419 -0.523861 0.733409 -0.433222
-25.003862 -39.500630 1030.591817 12.169846 0.214783 0.280128 0.935626 0.764904 0.547419 -0.339490 -0.607281 0.788581 -0.096695
-25.959810 -40.981071 593.921007 -172.071546 0.228804 0.345913 0.909941 0.843625 0.395956 -0.362652 -0.485743 0.850625 -0.201225
-28.494603 -41.823183 125.621977 -420.913776 0.187436 0.480888 0.856513 0.876846 0.311098 -0.366551 -0.442730 0.819735 -0.363353
-30.483520 -44.263802 -228.982514 -173.348598 -0.079101 0.816016 0.572591 -0.745889 -0.429519 0.509080 -0.661356 0.386821 -0.642633
-30.502108 -44.220439 -153.282203 212.431967 -0.056203 0.771684 0.633518 -0.824431 -0.393775 0.406515 -0.563165 0.499444 -0.658332
-30.988572 -44.644772 -244.009396 -113.903291 -0.098994 0.828614 0.550998 -0.817822 -0.383196 0.429334 -0.566892 0.408117 -0.715593
-20.501446 -43.625451 -2694.006082 -2325.290492 -0.877967 -0.085523 0.471020 -0.242718 0.927597 -0.283994 -0.412628 -0.363662 -0.835157
-29.400926 -48.410394 -1703.794814 -1712.021383 -0.779562 -0.111385 0.616341 -0.326259 0.912222 -0.247803 -0.534639 -0.394264 -0.747474
-27.524107 -49.760664 -1669.947485 -173.383976 -0.777689 -0.204429 0.594482 -0.279471 0.959492 -0.035650 -0.563113 -0.193865 -0.803318
-19.362778 -38.675731 3815.594970 -2052.356747 0.921872 -0.128727 -0.365489 -0.092518 0.842811 -0.530199 -0.376289 -0.522589 -0.765054
-19.371724 -46.072100 -2331.108076 -598.528816 -0.841740 -0.218141 0.493850 -0.278565 0.959053 -0.051171 -0.462466 -0.180642 -0.868040
-11.609224 -40.085045 -2620.017781 -2278.048316 -0.898700 -0.135403 0.417139 -0.240525 0.947513 -0.210633 -0.366724 -0.289628 -0.884098
-4.392073 -30.910744 4439.553997 -865.984302 0.941368 -0.256756 -0.218866 0.097437 0.827979 -0.552229 -0.323004 -0.498526 -0.804451
-1.339438 -34.246861 -743.306786 417.546213 -0.218669 0.973906 -0.060757 -0.046740 -0.072646 -0.996262 0.974679 0.215012 -0.061406
-0.973146 -30.863877 -398.430370 270.203200 -0.227359 0.972826 -0.043798 -0.172054 -0.084398 -0.981465 0.958491 0.215609 -0.186567
-2.630440 -33.790463 284.130926 399.009155 -0.251251 0.965533 -0.067961 -0.075518 -0.089554 -0.993115 0.964971 0.244389 -0.095416
-2.141270 -35.582402 -50.299914 751.377430 -0.245432 0.966396 -0.076435 0.032225 -0.070669 -0.996979 0.968878 0.247154 0.013798
-2.774120 -34.568555 84.692471 517.510574 -0.252151 0.964645 -0.076681 -0.054467 -0.093263 -0.994151 0.966154 0.246499 -0.076058
12.188932 -47.294427 754.172533 -1412.275664 0.386375 -0.918766 -0.081139 0.922310 0.385600 0.025646 0.007725 -0.084744 0.996373
11.953111 -50.556522 1058.165506 1878.498143 -0.359291 0.931103 -0.062899 0.924411 0.345847 -0.160793 0.127962 0.115916 0.984982
11.195285 -45.961245 -1103.347517 2377.863801 -0.352314 0.930341 0.101689 0.903650 0.366436 -0.221679 0.243499 -0.013790 0.969803
0.563428 -82.362533 -305.685357 31.106158 -0.220812 0.975310 -0.003619 -0.495306 -0.115333 -0.861029 0.840187 0.188333 -0.508543
0.269749 -78.614405 -233.798915 -899.332141 -0.226293 0.974048 0.004738 -0.395528 -0.087443 -0.914282 0.890140 0.208770 -0.405051
0.834762 -77.388837 -20.890271 -2000.192538 -0.228487 0.973327 0.020709 -0.211855 -0.028948 -0.976872 0.950216 0.227590 -0.212819
0.640314 -80.968170 -79.823724 -926.598103 -0.228709 0.973117 0.027114 -0.270876 -0.036861 -0.961908 0.935050 0.227342 -0.272025
0.830275 -72.705292 -69.852818 -2057.521464 -0.223476 0.973442 0.049683 -0.025738 0.045061 -0.998653 0.974369 0.224454 -0.014984
0.730704 -71.136743 219.368592 -1717.696070 -0.241661 0.968135 0.065681 0.054537 0.081131 -0.995210 0.968827 0.236921 0.072406
2.988046 -37.263869 -94.088624 -971.978765 -0.400567 0.898535 0.179389 0.700564 0.426527 -0.572088 0.590556 0.103486 0.800334
3.134740 -35.617463 -310.916969 1077.756125 -0.388762 0.903384 0.181000 0.765255 0.426011 -0.482597 0.513078 0.049104 0.856936
3.248110 -35.992620 -215.042683 -1082.636331 -0.387825 0.906246 0.168255 0.729777 0.413405 -0.544538 0.563043 0.088397 0.821686
2.747545 -40.249727 35.992699 -2233.886515 -0.395443 0.906261 0.149385 0.652119 0.391556 -0.649173 0.646813 0.159294 0.745828
2.752729 -38.538498 90.015925 -1633.016675 -0.406752 0.896842 0.173860 0.620842 0.410988 -0.667566 0.670156 0.163594 0.723967
-3.561363 -17.706737 -454.167363 1390.711512 -0.286915 0.852621 0.436712 0.819598 0.454487 -0.348858 0.495923 -0.257836 0.829205
-5.618852 -21.916619 -216.143144 1972.998964 -0.209308 0.897927 0.387192 0.861195 0.356827 -0.361963 0.463177 -0.257686 0.847977
-4.227874 -22.591832 -478.497212 1474.440196 -0.204180 0.887647 0.412787 0.886220 0.346727 -0.307237 0.415842 -0.303089 0.857445
17.304112 -104.766203 2948.853597 -11230.552101 0.835432 0.549590 -0.002135 0.280871 -0.430285 -0.857885 0.472404 -0.716104 0.513838
33.736648 -88.079964 5924.086842 -9995.470941 0.905509 0.391063 -0.164690 0.096017 -0.566891 -0.818178 0.413320 -0.725055 0.550874
10.057786 -74.035150 1808.242603 -7552.014518 0.861682 0.507124 -0.018147 0.342827 -0.608137 -0.715988 0.374131 -0.610733 0.697876
4.351297 -83.701115 862.795981 -7911.791890 0.813634 0.575136 0.084967 0.457580 -0.543348 -0.703842 0.358638 -0.611549 0.705256
-4.496030 -22.334936 -186.789268 46.895066 -0.362209 0.926259 0.104156 0.047268 -0.093346 0.994511 -0.930898 -0.365144 0.009972
-4.050952 -21.582746 102.054640 827.482622 -0.367388 0.919408 0.140412 0.024801 -0.141231 0.989666 -0.929737 -0.367074 -0.029084
-5.220853 -23.684542 203.738735 -629.902920 -0.365923 0.916939 0.159133 0.072661 -0.142321 0.987150 -0.927804 -0.372784 0.014547
-5.610841 -22.632147 772.697841 547.113880 -0.365999 0.911943 0.185484 0.043582 -0.182299 0.982277 -0.929594 -0.367596 -0.026977
-6.003712 -23.776395 383.938904 -106.413597 -0.387666 0.901999 0.190035 0.115709 -0.156910 0.980811 -0.914509 -0.402215 0.043541
-5.674101 -23.710648 90.801845 -1180.187569 -0.383372 0.903477 0.191716 0.144606 -0.146299 0.978614 -0.912203 -0.402896 0.074561
74.976742 -14.844259 14181.127629 2050.526961 0.533737 0.622537 -0.572340 -0.353592 -0.450510 -0.819764 0.768178 -0.639913 0.020330
80.888905 -8.939461 7835.361105 215.609675 0.631915 0.642354 -0.433665 -0.272827 -0.339363 -0.900221 0.725431 -0.687178 0.039197
62.341481 -19.533013 2087.172211 -61.700456 0.758681 0.384788 -0.525681 -0.336032 -0.460150 -0.821793 0.558109 -0.800125 0.219806
101.996309 -11.323597 -14144.094596 -1679.100343 0.926395 0.296457 -0.232175 -0.116847 -0.359822 -0.925675 0.357965 -0.884670 0.298698
50.855354 -22.962034 3198.071104 2195.326752 0.722496 0.359345 -0.590653 -0.385216 -0.500190 -0.775512 0.574115 -0.787833 0.222960
75.027716 -25.066319 -13595.908518 -462.873206 0.919663 -0.004245 -0.392685 -0.340546 -0.506598 -0.792078 0.195571 -0.862172 0.467345
-1.170021 -78.833908 190.994715 1027.811429 0.765719 0.640320 0.060532 -0.228618 0.183000 0.956162 -0.601172 0.745990 -0.286515
-0.815679 -81.491037 -880.599637 -16.596534 0.745496 0.665381 0.038781 -0.156893 0.118638 0.980464 -0.647782 0.737016 -0.192838
0.385258 -77.507638 -180.414012 679.252437 0.756924 0.650372 0.063887 -0.079576 -0.005305 0.996815 -0.648640 0.759597 -0.047738
-21.558787 -80.246151 -1309.310409 548.717767 0.837320 0.526764 0.146337 -0.171296 -0.001412 0.985219 -0.519185 0.850010 -0.089050
-27.572692 -75.453690 205.322032 -4369.458833 0.803914 0.471030 0.363116 -0.297520 -0.210154 0.931299 -0.514980 0.856718 0.028805
-18.305234 -63.432502 -12090.944847 5530.517648 -0.499418 -0.085893 0.862093 0.722324 0.508148 0.469077 -0.478361 0.856976 -0.191736
0.136846 -11.733520 -294.772807 -709.731640 -0.276197 0.936554 -0.215828 -0.266260 0.141211 0.953501 -0.923483 -0.320821 -0.210365
-0.402752 -10.610408 -619.861468 114.239612 -0.283148 0.929753 -0.235342 -0.291926 0.150191 0.944575 -0.913568 -0.336157 -0.228893
1.543750 -11.063319 -294.535107 -676.549858 -0.269852 0.932531 -0.239929 -0.292410 0.158043 0.943143 -0.917429 -0.324667 -0.230033
-4.811771 -25.997195 512.126804 969.947556 0.161868 -0.896537 -0.412335 0.934444 0.273566 -0.227981 0.317194 -0.348401 0.882046
-6.278195 -29.196607 82.837474 435.483955 0.116060 -0.918421 -0.378196 0.963218 0.196987 -0.182778 0.242367 -0.343072 0.907502
-4.986754 -29.019904 552.669447 616.754745 0.140321 -0.901145 -0.410180 0.966525 0.214548 -0.140706 0.214800 -0.376705 0.901085
-7.856054 -22.397392 -133.851789 -40.143801 -0.631151 0.762033 -0.144755 0.748776 0.647279 0.142703 -0.202442 0.018322 0.979123
-6.286832 -20.573765 -260.248099 -143.435002 -0.582853 0.807666 -0.089209 0.785894 0.588209 0.190735 -0.206524 -0.041062 0.977580
-7.103667 -21.910292 109.601705 -376.864205 -0.637056 0.760150 -0.127797 0.749745 0.649566 0.126277 -0.179002 0.015370 0.983729
-8.302021 -23.158534 3.465184 -87.081457 -0.666003 0.728023 -0.162551 0.732627 0.679389 0.041090 -0.140350 0.091723 0.985844
-15.246049 -22.478549 -355.893342 68.369747 0.084196 0.996289 0.017850 0.904835 -0.068940 -0.420144 0.417354 -0.051525 0.907282
-12.917806 -22.906908 -636.919957 -150.089462 0.167908 0.984783 0.044832 0.923667 -0.141272 -0.356205 0.344451 -0.101219 0.933332
-13.745463 -23.754717 -715.307087 76.081327 0.284897 0.958526 0.007824 0.857134 -0.251090 -0.449750 0.429133 -0.134838 0.893120
-13.988194 -23.802153 -1073.585552 -58.783256 0.387617 0.921156 -0.034979 0.775245 -0.346279 -0.528286 0.498747 -0.177655 0.848346
-15.481131 -22.580020 -620.001269 -54.128377 0.328651 0.940817 -0.082778 0.791150 -0.322115 -0.519927 0.515820 -0.105385 0.850190
-12.408423 -24.896452 -398.892294 -25.485867 0.393437 0.919127 -0.020316 0.795406 -0.351392 -0.493815 0.461017 -0.178126 0.869330
28.416575 -130.928044 -562.453125 -20163.391356 -0.510666 0.856054 -0.079945 0.819032 0.512642 0.257652 -0.261547 -0.066097 0.962925
56.080252 -883.420071 -947.465508 -198140.632508 -0.476872 0.873756 -0.095621 0.867985 0.485263 0.105461 -0.138549 0.032706 0.989815
28.383009 -196.594218 -951.524796 -31021.905456 -0.476295 0.879097 0.018242 0.868805 0.467322 0.163669 -0.135356 -0.093803 0.986347
121.175172 -976.148498 -9454.710114 -212464.038610 -0.420585 0.877447 -0.230639 0.868120 0.463079 0.178676 -0.263583 0.125074 0.956494
19.424829 -101.439618 -567.051916 -7891.291141 -0.477819 0.875317 0.074228 0.844540 0.434473 0.313026 -0.241747 -0.212258 0.946839
16.728441 -67.996731 281.017361 2325.467757 -0.490344 0.869350 -0.061590 0.808605 0.480169 0.339992 -0.325146 -0.116911 0.938409
23.319323 -119.177280 -88.835718 -17401.553496 -0.557292 0.804793 -0.204291 0.747434 0.593396 0.298701 -0.361618 -0.013770 0.932225
6.058103 -277.207426 -818.535088 -48895.218971 0.115044 0.778550 0.616948 0.968431 0.050363 -0.244140 -0.221147 0.625559 -0.748178
8.002644 -221.324298 409.376491 -957.416410 0.021838 0.785653 0.618282 0.986315 -0.118018 0.115130 0.163421 0.607306 -0.777478
134.273210 -9533.714891 -20661.352871 -2751568.819155 0.137634 0.700912 0.699843 0.979492 -0.201285 0.008961 0.147149 0.684257 -0.714241
52.739547 -64.077393 470.717177 -126.127678 0.783731 -0.616396 0.076300 0.109651 0.258231 0.959840 0.611345 0.743890 -0.269972
55.498238 -60.374184 -3966.502581 -704.257075 -0.622233 0.762426 -0.177571 -0.141763 -0.332825 -0.932272 0.769889 0.554918 -0.315178
50.314332 -57.533040 -2056.364799 -180.478364 -0.654484 0.742833 -0.140892 -0.032610 -0.213907 -0.976309 0.755373 0.634384 -0.164223
44.900493 -57.340676 -21.374274 1453.431159 0.756367 -0.649195 0.080339 -0.059013 0.054596 0.996763 0.651480 0.758660 -0.002984
44.836570 -53.053127 -931.727869 -468.979044 -0.604081 0.786452 -0.128763 0.076863 -0.103324 -0.991673 0.793208 0.608948 -0.001967
1.170495 -29.926259 -6835.520711 819.433227 0.106621 0.697170 -0.708933 0.932948 -0.316724 -0.171156 -0.343861 -0.643148 -0.684193
29.132377 -22.275244 -7459.609968 -398.766339 -0.095741 0.794241 -0.600012 0.939716 -0.126675 -0.317627 -0.328279 -0.594251 -0.734233
2.206041 -29.188516 -5310.805394 1271.360411 0.205494 0.656112 -0.726146 0.873437 -0.457648 -0.166333 -0.441452 -0.600063 -0.667117
6.009101 -27.361005 429.957088 -598.496810 -0.314462 0.820605 0.477202 -0.583930 0.229125 -0.778799 0.748425 0.523555 -0.407124
3.611669 -25.832595 2260.144940 -537.479177 -0.357910 0.760388 0.541951 -0.500622 0.333671 -0.798775 0.788212 0.557202 -0.261243
0.051312 -27.700344 2062.766096 -231.268944 -0.382362 0.779003 0.496945 -0.582835 0.213997 -0.783906 0.717009 0.589373 -0.372206
-4.552891 -31.679245 507.255690 1588.581735 -0.373744 -0.593943 -0.712424 0.315343 0.640966 -0.699801 0.872281 -0.486204 -0.052262
-2.283040 -29.714152 -1191.059745 -99.338655 0.411960 0.570793 0.710270 0.431142 0.564609 -0.703799 0.802749 -0.596165 0.013496
-3.448816 -32.985092 489.078140 -143.947270 -0.378922 -0.589731 -0.713187 0.301499 0.649941 -0.697622 0.874938 -0.479369 -0.068474
-5.563084 -33.817415 183.907528 341.634275 -0.320097 -0.591671 -0.739907 0.263036 0.694790 -0.669387 0.910137 -0.408891 -0.066769
-6.085011 -33.893150 188.240800 2313.836016 -0.314836 -0.592722 -0.741322 0.296819 0.680384 -0.670057 0.901541 -0.430997 -0.038278
-1.820170 -34.183997 65.172969 -286.803082 0.037407 -0.487411 -0.872371 0.883607 -0.391601 0.256684 -0.466732 -0.780435 0.416031
-1.717053 -35.730735 -315.978402 -25.511477 0.018800 -0.498726 -0.866556 0.952537 -0.254453 0.167110 -0.303840 -0.828569 0.470271
-0.957262 -34.855003 360.534571 84.156350 0.039272 -0.482121 -0.875224 0.954589 -0.240775 0.175465 -0.295327 -0.842370 0.450772
-1.103030 -35.410612 167.032401 400.704295 0.011663 -0.488699 -0.872374 0.988799 -0.124185 0.082788 -0.148794 -0.863569 0.481777
-0.576684 -34.463339 346.987197 846.377819 0.028113 -0.489842 -0.871358 0.992026 -0.093464 0.084547 -0.122855 -0.866787 0.483308
2210.915120 -773.485647 -414358.050367 -67575.921665 -0.053828 -0.014120 0.998450 0.997716 -0.041625 0.053200 0.040809 0.999034 0.016329
815.728552 -518.000128 -323284.391300 -80284.030193 -0.398588 0.686182 0.608508 0.910975 0.372957 0.176146 -0.106079 0.624545 -0.773751
944.719001 -532.732711 -292044.625369 -74518.745083 -0.406867 0.623506 0.667608 0.891513 0.430364 0.141390 -0.199156 0.652708 -0.730964
74.008225 -4675.937436 -33917.596218 859968.497774 0.949268 0.156144 -0.272964 0.222737 0.278892 0.934135 -0.221987 0.947543 -0.229964
-21.279455 -246.169595 -3851.205177 36517.690697 0.919695 0.031185 -0.391393 0.389494 0.053345 0.919483 -0.049553 0.998089 -0.036915
-2.043663 -70.943555 442.029673 -3165.599647 -0.148340 -0.751068 0.643344 0.988631 -0.096448 0.115356 -0.024591 0.653142 0.756836
-0.957962 -75.355133 305.946585 -2759.140683 -0.138323 -0.750419 0.646326 0.990359 -0.109725 0.084554 0.007467 0.651791 0.758362
-1.714960 -79.424728 86.171781 -3677.051793 -0.180536 -0.733354 0.655438 0.961974 -0.270524 -0.037714 0.204969 0.623705 0.754307
-1.114884 -64.796296 272.320307 -382.470840 -0.079597 -0.748261 0.658613 0.968877 0.097286 0.227623 -0.234395 0.656233 0.717229
-2.010331 -76.054543 104.969988 -3046.479214 -0.179067 -0.736771 0.652000 0.953194 -0.294032 -0.070473 0.243632 0.608863 0.754937
-2.149659 -58.558290 110.463504 -1033.271634 -0.113714 -0.747511 0.654444 0.982081 0.015071 0.187858 -0.150289 0.664078 0.732402
-1.867088 -61.262097 632.050042 -604.889455 -0.068056 -0.756374 0.650590 0.959480 0.129102 0.250462 -0.273436 0.641273 0.716939
-2.137828 -67.248798 66.238065 -3117.597624 -0.162661 -0.740703 0.651844 0.985661 -0.152033 0.073204 0.044880 0.654404 0.754812
0.449832 -21.493554 -1467.846486 -566.394343 -0.639359 0.501542 -0.582816 0.512622 0.842986 0.163076 0.573095 -0.194500 -0.796072
-3.050187 -26.065895 -2048.225704 -693.260943 -0.677280 0.425158 -0.600444 0.482828 0.872644 0.073281 0.555130 -0.240279 -0.796302
-5.836963 -27.417280 -1002.029901 -371.716877 -0.768970 0.206424 -0.605041 0.218766 0.974262 0.054355 0.600689 -0.090564 -0.794337
-3.646151 -23.727999 -302.717425 -339.782769 -0.756678 0.246054 -0.605719 0.234712 0.966950 0.099586 0.610204 -0.066815 -0.789422
-0.281271 -18.093429 -804.064191 -172.063148 -0.629138 0.532321 -0.566410 0.490476 0.837179 0.241999 0.603008 -0.125559 -0.787792
7.537017 -17.033924 -2885.350531 59.882982 -0.459561 0.730784 -0.504735 -0.688165 -0.652254 -0.317796 0.561455 -0.201295 -0.802651
16.824320 -17.557694 -3940.213216 264.984378 -0.386340 0.787869 -0.479586 -0.767475 -0.562991 -0.306631 0.511588 -0.249607 -0.822176
1.861012 -70.928267 -609.636032 2698.051476 -0.018296 0.401534 0.915661 0.768114 -0.580623 0.269961 0.640052 0.708271 -0.297801
1.008717 -65.474713 197.170207 -2497.018271 0.026859 -0.380696 -0.924310 -0.712152 0.641594 -0.284948 0.701511 0.665903 -0.253881
0.562265 -66.804453 637.175576 -596.290060 -0.001416 -0.387421 -0.921902 -0.630567 0.715866 -0.299868 0.776134 0.580896 -0.245309
1.369618 -75.303860 205.991659 -1437.914741 0.016729 -0.373988 -0.927283 -0.697440 0.660171 -0.278840 0.716448 0.651388 -0.249790
2.321344 -82.389048 -358.794102 1013.402269 -0.053774 0.400344 0.914786 0.890116 -0.395970 0.225615 0.452551 0.826397 -0.335060
-11.913069 -27.946977 -658.370923 1599.384345 0.124677 0.707002 0.696135 -0.202172 0.704992 -0.679789 0.971382 0.055985 -0.230832
-10.788213 -27.525110 727.639336 1206.484077 -0.183672 -0.637580 -0.748169 -0.174149 0.770183 -0.613588 0.967438 0.017594 -0.252495
-9.990043 -30.650939 544.784127 -1243.570813 -0.158299 -0.629640 -0.760589 -0.223083 0.773190 -0.593642 0.961860 0.075702 -0.262858
-11.703747 -30.575671 655.271185 -646.748743 -0.106548 -0.655802 -0.747376 -0.237963 0.746630 -0.621222 0.965413 0.111658 -0.235608
-12.997174 -27.426248 -109.496947 972.386305 -0.035531 -0.696714 -0.716469 -0.173047 0.710381 -0.682212 0.984273 0.099743 -0.145805
-5.198361 -103.641225 372.099106 2782.907887 0.600490 0.423651 0.678183 0.761834 -0.560778 -0.324249 0.242941 0.711371 -0.659493
-4.691500 -88.567862 152.600304 806.097572 0.597314 0.427538 0.678548 0.702138 -0.687638 -0.184813 0.387581 0.586826 -0.710926
-6.082207 -97.115265 -626.153526 -4472.509370 -0.608834 -0.418264 -0.674075 -0.610799 0.789364 0.061880 0.506208 0.449399 -0.736067
-7.007611 -92.517784 788.657169 2425.870016 0.629036 0.403062 0.664722 0.655588 -0.734565 -0.174981 0.417753 0.545853 -0.726310
-5.552006 -86.172625 150.299101 -3032.953815 -0.651809 -0.409785 -0.638139 -0.513086 0.857918 -0.026839 0.558469 0.309926 -0.769453
-6.383509 -85.958583 -720.416455 -4821.666072 -0.626265 -0.403911 -0.666819 -0.439931 0.889226 -0.125454 0.643625 0.214787 -0.734584
-5.368906 -89.424987 -482.525780 -3340.274324 -0.631427 -0.401265 -0.663541 -0.433762 0.892075 -0.126698 0.642768 0.207818 -0.737334
131.546061 -2191.763301 35455.224442 552764.526333 0.227873 0.139327 -0.963671 0.826500 -0.550899 0.115789 -0.514753 -0.822860 -0.240689
127.844513 -448.305195 15695.742805 102566.933448 -0.058505 0.013809 -0.998192 0.997854 0.030245 -0.058067 0.029389 -0.999447 -0.015549
23.864136 -211.442667 -14836.915130 24429.305439 0.762203 0.282396 -0.582493 -0.609550 0.010157 -0.792683 0.217934 -0.959244 -0.179876
5.837124 -661.615858 -928.202983 129884.501148 0.880727 0.438812 -0.178223 -0.333393 0.307118 -0.891363 0.336405 -0.844466 -0.416785
78.044000 -1770.987001 -39119.032747 355607.964578 0.867983 0.388831 0.308894 0.340043 -0.012057 -0.940333 0.361906 -0.921230 0.142684
-27.139996 -8534.057568 112.600369 -16834567.477368 -0.617255 -0.523118 -0.587660 0.095585 0.691540 -0.715986 0.780936 -0.498117 -0.376854
-1511.700329 -6731.643712 -260864.087450 3426208.001730 -0.488372 -0.529051 -0.693972 0.872495 -0.310310 -0.377439 -0.015662 -0.789818 0.613141
-325.713736 -3262.011864 39397.682607 1364025.639092 0.865799 0.094801 0.491330 0.461088 0.230312 -0.856945 0.194398 -0.968488 -0.155693
-6.904426 -15.308114 -508.027953 -334.302473 -0.364100 0.920058 0.144654 0.070232 0.181996 -0.980788 0.928708 0.346946 0.130883
-8.550511 -16.498769 -497.174779 -35.876659 -0.374091 0.926083 0.049265 0.118830 0.100550 -0.987810 0.919748 0.363676 0.147662
-6.901738 -15.289731 -367.297217 84.567941 -0.346587 0.934288 0.083573 0.134039 0.137509 -0.981389 0.928392 0.328934 0.172889
-5.603210 -15.953475 -399.755417 -560.221184 -0.354065 0.914681 0.194930 0.032836 0.220462 -0.974843 0.934644 0.338757 0.108092
-1.353771 -74.520890 -274.252704 2497.435506 0.210331 0.512782 -0.832355 0.613280 0.593837 0.520812 0.761346 -0.620010 -0.189577
-1.329692 -71.189495 -102.309427 3114.640236 0.216900 0.540012 -0.813229 0.400274 0.710611 0.578629 0.890357 -0.451019 -0.062021
-0.847109 -78.945264 -449.418989 2088.999439 0.212546 0.511195 -0.832769 0.644162 0.567538 0.512792 0.734765 -0.645430 -0.208664
0.700195 -101.972748 842.015949 4422.943246 0.182589 0.704025 -0.686301 0.761742 -0.542628 -0.353982 0.621619 0.458152 0.635364
0.164048 -106.017706 -544.957745 6545.656027 0.235584 0.730432 -0.641068 0.723780 -0.572074 -0.385841 0.648570 0.373094 0.663444
0.585695 -101.507439 252.830078 5593.876910 0.236925 0.701967 -0.671647 0.497310 -0.681518 -0.536857 0.834595 0.206822 0.510564
2.264597 -154.145299 2105.524447 -35271.498973 0.183084 0.948996 -0.256685 -0.853981 0.024173 -0.519743 0.487029 -0.314361 -0.814850
8.466953 -203.082156 -808.640022 -35956.653728 0.188727 0.924877 -0.330129 -0.867391 -0.000629 -0.497627 0.460451 -0.380267 -0.802111
2.748266 -41.271167 2311.658614 -3379.450722 0.177800 0.936575 -0.302019 -0.816067 -0.031181 -0.577115 0.549929 -0.349079 -0.758764
15.211578 -39.530839 254.775621 -5055.625160 0.179175 0.885400 -0.428910 -0.792777 -0.128224 -0.595872 0.582581 -0.446795 -0.678950
13.913440 -29.827231 620.898961 855.225019 0.104538 0.912530 -0.395426 -0.793981 -0.162854 -0.585723 0.598887 -0.375191 -0.707507
-7.143118 -116.272364 814.638499 18862.499626 0.415358 0.909440 -0.019889 -0.689760 0.300621 -0.658679 0.593050 -0.287306 -0.752161
34.052682 -1427.502619 236.394957 -321270.934190 -0.107093 0.933177 -0.343092 0.938523 0.208786 0.274925 -0.328187 0.292557 0.898167
10.772607 -159.298835 1031.699859 -23430.090328 -0.066551 0.962248 -0.263912 0.899022 0.172562 0.402471 -0.432818 0.210478 0.876566
5.343522 -77.397233 1455.162166 -9973.590769 0.065437 0.960573 -0.270219 0.868567 0.078481 0.489317 -0.491232 0.266723 0.829187
-32.588825 -46.510414 354.507559 2599.791779 0.021793 0.963009 -0.268588 -0.453822 0.248907 0.855623 -0.890826 -0.103245 -0.442459
-32.791223 -45.589974 480.488626 1269.511072 -0.013971 0.999622 -0.023687 -0.533333 0.012588 0.845812 -0.845790 -0.024450 -0.532956
-25.909048 -42.423222 150.308594 816.252654 -0.118143 0.945220 0.304305 -0.449207 -0.324175 0.832541 -0.885582 0.038337 -0.462898
-22.838657 -38.258359 102.713520 1226.233090 -0.135931 0.880320 0.454488 -0.327836 -0.472870 0.817874 -0.934904 0.037823 -0.352878
-28.288236 -41.783061 -364.231414 -47.856329 -0.002429 0.441701 0.897159 0.611789 0.710329 -0.348062 -0.791018 0.548026 -0.271953
-21.088837 -104.319942 -4391.780098 14951.232336 -0.259878 0.893953 -0.365118 0.965194 0.251978 -0.070049 0.029381 -0.370614 -0.928322
-19.334298 -137.932169 -4501.559373 -34014.498470 -0.364920 0.871516 -0.327557 -0.860523 -0.450029 -0.238692 0.355434 -0.194767 -0.914184
-4.159169 -83.928469 797.549124 -17064.812719 -0.398783 0.891253 -0.215963 -0.902272 -0.423425 -0.081345 0.163943 -0.162418 -0.973007
-94.647865 -309.602991 -20590.066509 70993.699314 -0.054652 0.863762 -0.500928 0.933767 0.221912 0.280773 0.353683 -0.452405 -0.818680
-1.502279 -75.003806 1803.714924 6243.434869 -0.335011 0.911000 -0.240514 0.938679 0.300604 -0.168877 -0.081547 -0.282341 -0.955842
-34.323265 -53.379450 -914.156542 899.095878 -0.661796 -0.240769 0.709969 -0.301756 0.952472 0.041726 -0.686272 -0.186623 -0.702996
0.105703 -25.937084 952.955986 262.754657 -0.153150 0.984078 0.090202 0.356866 -0.030044 0.933672 -0.921516 -0.175182 0.346582
1.183349 -24.225042 873.829243 563.966670 -0.146976 0.985612 0.083473 0.456503 -0.007275 0.889692 -0.877498 -0.168870 0.448865
2.237076 -26.769960 743.629879 364.130391 -0.160042 0.980064 0.117731 0.344301 -0.056354 0.937166 -0.925118 -0.190521 0.328418
-2.053649 -24.167389 548.449198 27.729681 -0.186225 0.981013 0.054158 0.405736 0.026584 0.913604 -0.894818 -0.192110 0.402983
0.743704 -28.246154 1159.747324 527.412109 -0.152580 0.983795 0.094163 0.260299 -0.051910 0.964131 -0.953396 -0.171618 0.248161
-4.122242 -26.927957 200.911534 101.519633 -0.208006 0.975904 0.065910 0.311066 0.002115 0.950386 -0.927346 -0.218189 0.304011
-2.150665 -27.626437 699.899591 576.519101 -0.172736 0.981818 0.078707 0.277522 -0.028157 0.960307 -0.945063 -0.187722 0.267613
1.272768 -33.197765 122.340155 1655.128682 0.436888 -0.867952 -0.236195 0.887866 0.373975 0.268023 -0.144300 -0.326805 0.934011
-0.211199 -31.599444 289.427901 1718.679609 0.389443 -0.883223 -0.261251 0.907174 0.318770 0.274630 -0.159280 -0.343953 0.925379
0.019167 -30.923789 232.811811 -349.687164 0.439133 -0.864747 -0.243668 0.849962 0.312003 0.424521 -0.291078 -0.393530 0.872014
-1.972951 -30.406496 428.655895 55.213103 0.371942 -0.885157 -0.279566 0.879354 0.239523 0.411541 -0.297316 -0.398907 0.867454
1.638737 -31.738333 204.769884 -161.102371 0.482270 -0.848254 -0.218817 0.836149 0.371227 0.403788 -0.261284 -0.377698 0.888299
0.613644 -31.801156 197.259973 -1707.329423 0.485853 -0.846391 -0.218101 0.771954 0.298503 0.561234 -0.409920 -0.441042 0.798404
-1.440098 -31.619093 373.661882 -2215.534525 0.450200 -0.858727 -0.244762 0.784957 0.249943 0.566896 -0.425632 -0.447344 0.786588
-0.290274 -32.265908 -1241.203071 564.982863 -0.202875 0.977701 -0.054239 -0.166889 -0.089104 -0.981941 0.964878 0.190159 -0.181245
-0.020878 -29.386966 -427.359558 855.115414 -0.225947 0.973185 -0.043110 -0.291197 -0.109707 -0.950352 0.929598 0.202175 -0.308177
0.506804 -78.747885 -147.520233 1224.683811 -0.236187 0.971636 -0.011782 -0.646652 -0.166216 -0.744455 0.725298 0.168211 -0.667569
-0.508126 -76.916204 30.479801 152.904923 -0.241698 0.970300 0.010017 -0.560313 -0.131129 -0.817836 0.792232 0.203282 -0.575365
3.599369 -39.274400 -355.579945 1740.073872 -0.379042 0.908234 0.177309 0.845877 0.417758 -0.331617 0.375258 -0.024285 0.926602
2.680590 -37.227685 -485.643115 1684.055393 -0.375444 0.906348 0.193845 0.802146 0.422523 -0.421944 0.464332 0.002925 0.885656
2.196336 -39.505157 -493.131232 1612.435670 -0.367301 0.910652 0.189218 0.863002 0.409545 -0.295805 0.346869 -0.054646 0.936320
1.915807 -36.393483 -387.524002 867.777900 -0.370104 0.907646 0.197996 0.781325 0.419418 -0.462191 0.502549 0.016360 0.864394
0.779458 -39.534112 -400.584088 1395.387124 -0.363046 0.912476 0.188640 0.852345 0.407014 -0.328401 0.376437 -0.041561 0.925509
-6.493826 -25.345977 -5.986670 1628.356476 -0.168290 0.919554 0.355103 0.903514 0.287933 -0.317422 0.394132 -0.267422 0.879287
-7.101713 -23.175690 -209.417989 1597.344783 -0.161416 0.930345 0.329245 0.882299 0.285511 -0.374209 0.442147 -0.230089 0.866929
-7.173380 -27.603111 -68.699812 1019.829464 -0.119869 0.937801 0.325824 0.940462 0.212404 -0.265360 0.318061 -0.274617 0.907426
-7.324174 -16.282227 -670.287085 1186.915123 -0.252847 0.893573 0.370940 0.812688 0.404194 -0.419722 0.524983 -0.195333 0.828395
-9.395603 -20.930652 -871.872666 1602.002761 -0.155484 0.936628 0.313932 0.861803 0.283944 -0.420322 0.482825 -0.205194 0.851338
-9.759030 -25.726636 -661.043164 1462.017331 -0.125377 0.950456 0.284454 0.910432 0.224147 -0.347665 0.394200 -0.215387 0.893429
-8.568674 -27.878278 -483.839600 1063.612415 -0.124130 0.944282 0.304833 0.939280 0.210866 -0.270720 0.319915 -0.252719 0.913120
-9.503538 -28.447465 481.792864 -206.207962 0.151153 -0.946473 -0.285205 0.968557 0.199481 -0.148677 0.197611 -0.253764 0.946865
-9.851502 -27.827048 409.497694 -1001.154668 0.188602 -0.944842 -0.267772 0.977189 0.207662 -0.044470 0.097624 -0.253277 0.962455
-8.496945 -28.861379 524.792235 -839.563763 0.169106 -0.936432 -0.307406 0.981197 0.189395 -0.037182 0.093040 -0.295338 0.950852
-11.045700 -27.798137 295.472411 -658.965288 0.187366 -0.954495 -0.232020 0.969323 0.217913 -0.113693 0.159080 -0.203600 0.966044
-7.865033 -28.859753 350.504093 -74.925982 0.127602 -0.938570 -0.320631 0.970243 0.185196 -0.155986 0.205783 -0.291186 0.934272
-10.563867 -27.721882 -430.979465 465.536505 -0.137636 0.958264 0.250574 0.948305 0.200526 -0.245981 0.285961 -0.203765 0.936326
-5.317275 -22.613078 -221.978533 -1231.807662 -0.339619 0.938634 0.060203 0.055814 -0.043783 0.997481 -0.938906 -0.342123 0.037520
-5.272119 -23.446605 -298.979144 373.002978 -0.346972 0.932474 0.100516 0.042825 -0.091310 0.994901 -0.936897 -0.349507 0.008251
-4.912242 -22.999206 -201.994092 -1259.869452 -0.357065 0.929272 0.094645 0.072351 -0.073505 0.994667 -0.931273 -0.362008 0.040988
-6.243964 -22.754653 -118.215174 -785.402627 -0.304132 0.944134 0.126941 0.067307 -0.111624 0.991469 -0.950249 -0.310081 0.029598
-2.315620 -78.244682 -425.458242 645.342547 0.754144 0.655985 0.030827 -0.300562 0.303039 0.904339 -0.583891 0.691268 -0.425700
-16.319415 -25.565281 846.650746 -67.196289 -0.091197 0.959789 -0.265497 0.524195 0.272950 0.806671 -0.846701 0.065606 0.528009
-18.746327 -25.541732 715.821188 -128.284756 -0.071323 0.983678 -0.165198 0.613012 0.173879 0.770703 -0.786848 0.046300 0.615408
-15.223157 -25.556010 1187.741961 -112.084244 -0.085451 0.950248 -0.299544 0.601011 0.288947 0.745181 -0.794660 0.116353 0.595800
-12.205109 -25.385167 1227.838916 18.601233 -0.072557 0.941045 -0.330409 0.530090 0.317003 0.786457 -0.844832 0.118083 0.521839
-12.706704 -25.553572 1438.980257 -13.264209 -0.076276 0.938254 -0.337433 0.675341 0.297587 0.674801 -0.733551 0.176411 0.656340
-9.945142 -25.487969 1575.678440 -124.551591 -0.048853 0.936879 -0.346223 0.590979 0.306561 0.746166 -0.805206 0.168158 0.568653
-4.045612 -86.434970 274.319290 -7481.882466 0.868469 0.377531 0.321299 -0.480538 0.481797 0.732772 -0.121843 0.790786 -0.599843
-6.617070 -112.473562 239.514765 -10859.873664 0.859417 0.394145 0.325657 -0.446544 0.268441 0.853544 -0.249001 0.878970 -0.406706
-3.778232 -115.398567 211.316508 -11603.767004 0.869745 0.385066 0.308656 -0.428355 0.278471 0.859631 -0.245063 0.879874 -0.407144
-0.369900 -84.837618 1031.514261 -8783.848198 0.884337 0.350402 0.308492 -0.453289 0.486363 0.746981 -0.111704 0.800418 -0.588942
-2.586451 -10.851060 -622.279110 103.474750 -0.304427 0.940990 -0.147855 -0.244741 0.072741 0.966856 -0.920557 -0.330524 -0.208155
-4.301925 -12.063658 -777.394840 898.513058 -0.345302 0.937974 -0.031166 -0.234084 -0.053920 0.970720 -0.908830 -0.342487 -0.238183
-1.712297 -11.714728 -674.747337 727.913188 -0.321497 0.937248 -0.134931 -0.288589 0.038735 0.956669 -0.901863 -0.346506 -0.258027
-2.092954 -17.216190 -227.702474 317.074931 0.815420 0.113317 -0.567671 0.398197 -0.821578 0.407981 0.420155 0.558721 0.715053
-2.935995 -15.911672 710.776035 -296.069914 -0.605427 -0.408058 0.683335 0.685452 -0.703668 0.187103 0.404492 0.581670 0.705724
0.954686 -16.518103 -328.348980 -11.868330 0.675265 0.323967 -0.662618 0.583241 -0.784461 0.210834 0.451495 0.528834 0.718670
-6.857460 -21.180668 -358.011225 283.336528 -0.568853 0.815612 -0.105754 0.790035 0.577642 0.205364 -0.228585 -0.033273 0.972955
38.521663 -470.181728 -1665.022221 -86536.853306 -0.381219 0.924121 -0.025919 0.904826 0.367215 -0.215506 0.189635 0.105607 0.976159
42.626191 -379.829660 1186.820274 -70876.549734 0.499162 -0.850474 0.165926 0.844180 0.434110 -0.314496 0.195441 0.297056 0.934645
13.350106 -89.946721 -390.895565 11718.802757 0.001905 0.860716 0.509082 -0.451538 -0.453490 0.768414 -0.892250 0.231333 -0.387782
12.072712 -70.055334 -577.243910 8379.517871 -0.012535 0.893496 0.448896 -0.346501 -0.424996 0.836251 -0.937966 0.145060 -0.314924
13.354213 -153.097308 -529.607325 26874.904649 -0.056661 0.856141 0.513626 -0.509685 -0.467169 0.722478 -0.858494 0.220851 -0.462832
14.496847 -54.492374 -712.205760 1993.811833 0.075442 0.922638 0.378217 -0.280240 -0.344392 0.896024 -0.956961 0.173589 -0.232578
-6.771885 -19.189394 -6.046352 -16.308550 0.022788 0.959551 0.280610 0.898826 -0.142555 0.414476 -0.437713 -0.242775 0.865718
-7.153301 -19.191106 -332.917761 -257.615401 0.130984 0.937551 0.322244 0.919585 -0.236347 0.313852 -0.370414 -0.255221 0.893116
-7.185386 -18.084971 -54.362922 -136.237105 0.070056 0.960418 0.269610 0.908049 -0.173286 0.381338 -0.412963 -0.218104 0.884247
55.657669 -58.814308 -4275.662582 -567.544595 -0.594763 0.770359 -0.229792 -0.263788 -0.457039 -0.849430 0.759389 0.444593 -0.475041
46.366999 -56.954745 -3392.032257 -1169.375083 -0.482997 0.838430 -0.252485 -0.174124 -0.374558 -0.910707 0.858135 0.395905 -0.326901
56.075301 -64.933834 1158.615662 -300.000107 0.773366 -0.628600 0.082262 0.274742 0.449264 0.850105 0.571334 0.634841 -0.520148
-1.609091 -39.494996 2148.874438 -840.294358 -0.578093 -0.327765 0.747247 -0.395048 0.913718 0.095164 -0.713965 -0.240185 -0.657697
-4.633159 -35.220792 2701.873478 -2514.032793 -0.483767 -0.466193 0.740698 -0.651404 0.757014 0.051016 -0.584502 -0.457814 -0.669898
5.014661 -30.977668 1130.108188 -1743.558320 -0.566982 -0.424426 0.705971 -0.525742 0.846233 0.086515 -0.634135 -0.322106 -0.702937
6.463333 -35.597596 1532.987060 -188.711770 -0.605910 -0.333919 0.722060 -0.339328 0.929415 0.145066 -0.719534 -0.157118 -0.676450
9.535368 -18.313595 150.291726 -2981.680525 -0.564798 -0.500018 0.656495 -0.601515 0.794076 0.087310 -0.564963 -0.345579 -0.749261
12.295991 -29.431029 760.201663 -1635.815987 -0.621169 -0.390536 0.679434 -0.442112 0.890477 0.107645 -0.647060 -0.233520 -0.725798
10.533721 -18.200766 817.020938 -2285.903116 -0.394152 -0.638020 0.661494 -0.750596 0.638810 0.168897 -0.530329 -0.429944 -0.730684
11.844851 -32.974485 1233.521368 -592.399122 -0.620203 -0.365753 0.693955 -0.384735 0.912768 0.137233 -0.683613 -0.181876 -0.706820
4.176664 -28.839841 -1146.665601 -608.365994 -0.320066 0.887051 0.332713 -0.710029 0.007910 -0.704128 0.627229 0.461603 -0.627301
0.726557 -28.483836 -1202.590444 -368.284666 -0.332475 0.891539 0.307601 -0.653340 0.017489 -0.756862 0.680152 0.452606 -0.576664
4.359338 -28.798008 -1327.881453 -583.502895 -0.287201 0.887850 0.359496 -0.654160 0.092355 -0.750697 0.699708 0.450769 -0.554271
-1.527862 -29.688162 -272.924445 -423.120349 0.379843 0.607770 0.697377 0.425256 0.554771 -0.715113 0.821509 -0.568194 0.047732
-1.272685 -26.003915 -545.972887 -822.848796 0.387782 0.595536 0.703535 0.561487 0.452686 -0.692681 0.730997 -0.663636 0.158842
-1.999704 -26.804994 -842.752112 -1376.306613 0.383632 0.575212 0.722466 0.580559 0.458179 -0.673070 0.718177 -0.677645 0.158173
-1.833040 -35.412452 -238.859744 -643.817951 0.011698 -0.490834 -0.871174 0.898267 -0.377597 0.224807 -0.439295 -0.785177 0.436483
-4.168695 -36.882145 -1180.373199 -124.591648 0.003142 -0.510928 -0.859618 0.959787 -0.239765 0.146017 -0.280711 -0.825509 0.489629
-2.259299 -36.615914 -419.837734 250.984847 0.005700 -0.496329 -0.868116 0.988734 -0.127058 0.079135 -0.149578 -0.858786 0.490013
-0.242964 -75.927893 600.644207 -697.482980 -0.097555 -0.759352 0.643326 0.978710 0.044092 0.200457 -0.180583 0.649185 0.738884
0.081337 -81.531486 921.866504 -2921.449382 -0.155636 -0.763586 0.626669 0.983797 -0.176974 0.028690 0.088998 0.620980 0.778757
-0.512801 -81.897609 375.563794 -3706.679467 -0.183230 -0.742650 0.644125 0.955498 -0.288628 -0.060973 0.231194 0.604288 0.762486
-10.289743 -32.208716 -1524.720507 -222.626115 -0.795208 0.163832 -0.583784 0.206527 0.978418 -0.006742 0.570080 -0.125928 -0.811881
38.816927 -15.492857 -2765.212807 -598.416533 0.662330 -0.352426 -0.661147 0.647872 0.712605 0.269177 -0.376272 0.606622 -0.700306
25.629385 -11.810909 -1085.420406 72.527701 0.645657 -0.265916 -0.715832 0.617503 0.733288 0.284567 -0.449240 0.625762 -0.637657
39.975538 -11.991900 4791.891901 -257.787719 -0.561254 0.398831 0.725209 0.696899 0.700406 0.154153 -0.446460 0.591916 -0.671051
31.075452 -14.957142 -1072.463159 -273.394638 0.673645 -0.261937 -0.691080 0.624671 0.701516 0.343019 -0.394954 0.662771 -0.636197
38.390597 -18.713378 -1642.402852 -773.560893 0.740961 -0.321889 -0.589377 0.601290 0.708819 0.368816 -0.299044 0.627664 -0.718756
0.404100 -64.445156 87.743853 -2031.165510 0.030832 -0.379756 -0.924573 -0.659460 0.687385 -0.304325 0.751107 0.619102 -0.229240
-9.871121 -31.654136 82.678577 -1340.260918 -0.186612 -0.626740 -0.756554 -0.203402 0.778043 -0.594370 0.961147 0.042968 -0.272672
-8.943779 -27.957154 220.671199 1493.475715 -0.205451 -0.590930 -0.780123 -0.154942 0.806714 -0.570268 0.966325 0.003712 -0.257300
-4.173361 -98.186206 -435.351637 3086.886336 0.582813 0.457911 0.671302 0.796309 -0.486455 -0.359519 0.161930 0.744097 -0.648150
-4.326793 -86.654542 -237.577711 206.800159 0.578470 0.422818 0.697565 0.726015 -0.656724 -0.204000 0.371853 0.624450 -0.686868
-3.902584 -82.056721 -96.822624 -366.659431 -0.598517 -0.391775 -0.698778 -0.570309 0.820946 0.028211 0.562606 0.415404 -0.714782
-5.589450 -69.142037 -442.810555 -1148.374724 -0.287446 0.427833 0.856933 0.904383 0.415841 0.095749 -0.315384 0.802518 -0.506456
-9.610045 -68.990282 -626.964499 721.014800 -0.287747 0.437633 0.851868 0.957610 0.118863 0.262401 0.013580 0.891263 -0.453284
-5.793137 -66.556969 403.393435 -163.110656 -0.232680 0.439611 0.867526 0.957209 0.261342 0.124301 -0.172077 0.859327 -0.481609
207.944946 -4812.670352 -17662.393399 1189302.288128 -0.333679 -0.253524 -0.907956 0.912449 -0.328848 -0.243507 -0.236845 -0.909717 0.341057
-9.872957 -17.868359 -540.379931 388.026253 -0.371409 0.924193 -0.089007 0.201722 -0.013253 -0.979353 0.906291 0.381695 0.181507
-8.913147 -17.491537 -481.999218 571.088616 -0.337808 0.936160 -0.097419 0.230237 -0.018170 -0.972965 0.912621 0.351105 0.209401
-0.102190 -36.516462 -499.107848 -602.402714 -0.085921 -0.433293 -0.897148 0.865725 -0.478135 0.148012 -0.493090 -0.763966 0.416195
0.749991 -34.826534 -553.527520 -637.890970 -0.067673 -0.450602 -0.890156 0.819998 -0.533369 0.207656 -0.568352 -0.715873 0.405587
0.230887 -34.678792 131.958029 -635.155479 -0.063287 -0.430236 -0.900495 0.776975 -0.587527 0.226102 -0.626343 -0.685353 0.371465
1.960837 -113.446853 -794.084149 8583.175800 0.231798 0.727965 -0.645242 0.608351 -0.626073 -0.487793 0.759064 0.279464 0.587981
0.391125 -93.929800 -231.093981 7243.569615 0.241388 0.706018 -0.665786 0.508081 -0.676473 -0.533140 0.826792 0.209580 0.522007
11.115128 -68.860080 615.033475 -970.351051 0.070752 0.977372 -0.199343 0.818319 0.057404 0.571891 -0.570393 0.203589 0.795741
11.301493 -83.603473 -323.288176 -5467.545012 -0.032039 0.984800 -0.170714 0.862221 0.113620 0.493624 -0.505518 0.131378 0.852755
45.210992 -661.009506 -1189.318734 -145008.290709 0.094721 0.984569 -0.147149 0.945745 -0.042850 0.322073 -0.310797 0.169672 0.935209
-28.735617 -49.037968 -372.428131 2418.914069 0.047979 0.908759 -0.414555 -0.542845 0.372113 0.752895 -0.838461 -0.188916 -0.511168
