11300
22591
-30.769487 -53.763796 2141.892272 -6524.274738 0.700378 0.699012 0.144403 0.311876 -0.481671 0.818979 -0.642031 0.528559 0.555357
-41.931737 -64.768214 -511.009985 -5117.285376 0.632066 0.762608 0.137555 0.472218 -0.519795 0.711915 -0.614413 0.385021 0.688662
-34.856016 -70.859051 1461.801152 -7205.258888 0.579496 0.814240 -0.034610 0.573875 -0.377537 0.726728 -0.578664 0.440998 0.686053
-39.390364 -59.068762 866.444367 4342.775899 0.726540 0.495490 0.476057 -0.141714 0.785982 -0.601789 -0.672352 0.369760 0.641265
-18.097357 -73.034595 4601.390664 -10498.139577 0.664182 0.743102 -0.081626 0.504564 -0.365033 0.782411 -0.551614 0.560848 0.617390
-16.739169 -55.064944 3240.543728 -9208.938238 0.748981 0.661493 0.038135 0.301179 -0.391147 0.869652 -0.590185 0.639867 0.492190
-19.649714 -37.973066 2616.452561 -4084.363010 0.791515 0.531016 0.302533 0.056092 -0.556054 0.829251 -0.608570 0.639395 0.469911
-26.924715 -38.379422 657.666564 2739.438396 0.727651 0.325569 0.603762 0.198741 0.742371 -0.639834 -0.656526 0.585568 0.475483
-33.653859 -45.357931 499.726518 3705.477409 0.691641 0.336901 0.638851 0.139184 0.805785 -0.575620 -0.708703 0.487040 0.510423
-3.194861 -25.474277 -4913.553214 -864.875153 0.708151 0.289035 0.644190 -0.526675 -0.391418 0.754589 -0.470251 0.873642 0.124955
4.708475 -42.941114 -2546.980969 8317.934228 0.807717 0.269797 0.524216 -0.400527 -0.401361 0.823703 -0.432633 0.875282 0.216126
11.846262 -37.531361 -6865.442988 -5271.790197 0.554781 0.201785 0.807156 0.649446 0.501355 -0.571719 -0.520036 0.841383 0.147094
-5.666718 -28.469728 -4784.353259 -1827.191014 0.646662 0.258704 0.717565 -0.566746 -0.466659 0.678990 -0.510516 0.845755 0.155151
-2.611549 -101.865004 1288.289069 5209.747019 0.450513 -0.407139 -0.794529 0.596202 0.799627 -0.071694 0.664516 -0.441401 0.602979
-2.641434 -112.176956 1509.651486 3612.578339 0.447677 -0.402262 -0.798605 0.711346 0.701369 0.045478 0.541823 -0.588444 0.600134
1.413634 -104.337189 1636.830247 7589.520909 0.438206 -0.405123 -0.802403 0.536236 0.834252 -0.128356 0.721406 -0.374031 0.582816
-1.978742 -95.513651 403.035908 6602.760455 0.455993 -0.430927 -0.778699 0.456501 0.864341 -0.211001 0.763988 -0.259262 0.590852
-5.410833 -128.226436 1225.768411 181.924296 0.460399 -0.414667 -0.784910 0.873379 0.369836 0.316908 0.158877 -0.831428 0.532434
-3.899266 -126.234973 1345.588335 2939.493301 0.452794 -0.422319 -0.785254 0.889629 0.155236 0.429491 -0.059483 -0.893056 0.445997
-1.674599 -125.621284 1800.687926 780.244726 0.448174 -0.393887 -0.802492 0.882132 0.340325 0.325610 0.144854 -0.853834 0.499985
-5.742344 -126.642723 1146.399455 3475.865342 0.463298 -0.418672 -0.781069 0.885116 0.174988 0.431217 -0.043861 -0.891119 0.451645
-6.147206 -125.612851 467.340144 1766.605548 0.462135 -0.434656 -0.772985 0.871189 0.385401 0.304133 0.165715 -0.813966 0.556775
-3.983592 -39.729696 -7.530458 261.585649 -0.631305 -0.397172 -0.666114 0.322249 0.646910 -0.691131 0.705414 -0.650969 -0.280409
-5.070661 -41.342171 402.836757 567.633922 0.626650 0.410482 0.662431 0.421230 0.536743 -0.731076 0.655648 -0.737165 -0.163443
-5.963939 -40.892806 -303.417503 352.673577 -0.620075 -0.365162 -0.694380 0.373688 0.640757 -0.670662 0.689829 -0.675342 -0.260861
-4.808035 -40.579282 -203.822572 257.266138 -0.631186 -0.397046 -0.666303 0.224949 0.728417 -0.647153 0.742295 -0.558358 -0.370451
-11.254858 -42.792151 -1652.416346 335.284269 -0.611135 -0.331614 -0.718711 0.320739 0.726369 -0.607878 0.723630 -0.602014 -0.337548
-11.563580 -41.602011 1233.007805 -148.325284 0.602314 0.308546 0.736218 0.450253 0.630253 -0.632497 0.659158 -0.712447 -0.240687
-8.653298 -74.367731 -440.082466 -5079.947523 0.756688 0.602352 0.254155 -0.412496 0.741478 -0.529205 -0.507218 0.295605 0.809536
-3.660187 -79.296766 -913.105631 -1338.342637 0.757943 0.586351 0.285858 -0.247217 0.663724 -0.705942 -0.603661 0.464395 0.648021
-6.612252 -72.839495 -1531.895948 -3223.642596 0.761008 0.550621 0.343051 -0.327478 0.782523 -0.529543 -0.560022 0.290645 0.775822
-10.741071 -64.318192 -743.650180 -3544.523477 0.772837 0.553552 0.310329 -0.452493 0.823536 -0.342108 -0.444942 0.123972 0.886937
-11.664212 -63.017673 411.226278 -5075.479318 0.774193 0.587859 0.234621 -0.505545 0.797349 -0.329635 -0.380854 0.136590 0.914491
0.288969 -110.537715 431.153797 4969.818014 0.655476 0.740017 0.150750 -0.270800 0.416645 -0.867799 0.704995 -0.527998 -0.473497
-2.512339 -104.835960 805.896443 3402.452004 0.656384 0.737799 0.157522 -0.264841 0.420852 -0.867607 0.706413 -0.527765 -0.471640
0.534281 -107.429237 654.843985 2237.423039 0.661992 0.727284 0.181179 -0.380376 0.534284 -0.754887 0.645818 -0.430813 -0.630333
2.145675 -114.003645 59.021562 3626.596988 0.672338 0.724964 0.149633 -0.390562 0.519125 -0.760244 0.628827 -0.452699 -0.632171
2.451437 -111.603647 270.478634 -466.541639 0.680858 0.710447 0.178040 -0.474524 0.613056 -0.631657 0.557907 -0.345584 -0.754528
0.695764 -101.342195 676.683857 1722.969976 0.673559 0.713023 0.194722 -0.481032 0.622890 -0.616941 0.561184 -0.321878 -0.762540
24.349885 -39.244830 -8589.755837 1801.986287 -0.038042 0.996389 -0.075912 0.408198 0.084835 0.908943 -0.912100 -0.003591 0.409952
31.096553 -39.017518 -10715.611720 16.824762 -0.010269 0.994995 -0.099391 0.445661 0.093533 0.890302 -0.895143 0.035153 0.444391
22.296463 -38.932462 -8153.583239 -123.417636 -0.022625 0.998766 -0.044213 0.475370 0.049653 0.878383 -0.879495 0.001144 0.475907
17.436905 -21.676929 5965.644183 3968.681454 -0.431910 -0.858635 -0.276042 0.793757 -0.216547 -0.568381 0.428256 -0.464600 0.775077
24.000577 -22.459148 12238.648938 4831.516781 -0.601201 -0.784823 -0.150365 0.650949 -0.371853 -0.661809 0.463489 -0.495760 0.734438
14.508270 -16.564793 4923.484722 2450.000897 -0.535607 -0.818983 -0.205891 0.702129 -0.296427 -0.647415 0.469191 -0.491322 0.733800
2.488100 -109.518903 -1973.820216 1516.524099 0.371784 -0.559412 -0.740834 0.841026 -0.134876 0.523911 -0.393003 -0.817843 0.420335
6.452479 -116.815694 -3828.877744 1587.499098 0.362648 -0.579902 -0.729520 0.904783 0.031538 0.424703 -0.223279 -0.814075 0.536123
4.752827 -112.773225 -3660.635248 -328.967224 0.340022 -0.583723 -0.737328 0.832296 -0.178214 0.524904 -0.437800 -0.792154 0.425233
2.830352 -107.036736 -2071.711365 1277.563368 0.354812 -0.568659 -0.742115 0.731243 -0.325813 0.599274 -0.582574 -0.755296 0.300225
4.560966 -123.232025 -3975.758262 -6428.028669 0.308821 -0.585587 -0.749478 0.721658 -0.369025 0.585688 -0.619548 -0.721739 0.308631
19.437837 -20.312449 3058.616899 1027.618361 -0.307082 -0.926936 0.215614 0.938969 -0.332011 -0.090034 0.155043 0.174807 0.972319
10.627305 -19.119201 -326.437429 1521.561079 0.171137 0.973543 -0.151412 0.972060 -0.191901 -0.135181 0.160661 0.124047 0.979184
14.826908 -22.958794 1876.911257 1838.126003 -0.189567 -0.969734 0.153885 0.976693 -0.202306 -0.071709 0.100670 0.136705 0.985483
14.316076 -75.853468 1326.763122 -1423.583194 0.828574 0.036771 -0.558671 -0.046220 0.998927 -0.002800 0.557969 0.028142 0.829384
0.373757 -68.270516 1147.071123 -8194.655672 0.831599 0.038458 -0.554043 0.132494 0.955057 0.265163 0.539341 -0.293916 0.789129
14.970274 -75.177256 2912.927019 -6440.539258 0.848948 0.151058 -0.506427 -0.054262 0.978129 0.200796 0.525683 -0.142986 0.838578
76.525230 -937.114435 -17384.715175 -290133.170710 0.223448 -0.335422 -0.915185 0.939304 -0.176685 0.294093 -0.260345 -0.925351 0.275583
-0.513319 -284.221203 2124.396041 -37260.414429 0.171597 -0.295800 -0.939711 0.866595 -0.408367 0.286791 -0.468580 -0.863562 0.186264
-4.467255 -268.309452 -978.060300 -16238.105401 0.315214 -0.357345 -0.879173 0.656177 -0.587210 0.473937 -0.685618 -0.726285 0.049384
-1.480766 -312.310055 -857.288543 -5220.713087 0.342998 -0.331247 -0.878992 0.739113 -0.482330 0.470180 -0.579710 -0.810946 0.079391
-9.854042 -248.450931 -1373.194043 -16564.366082 -0.399325 0.457146 0.794705 -0.259992 0.774766 -0.576318 -0.879172 -0.436755 -0.190529
7.113875 -1112.131262 -929.088626 191262.195767 -0.319838 0.310612 0.895111 -0.410939 0.805775 -0.426446 -0.853717 -0.504230 -0.130075
-0.170936 -76.524967 872.380804 914.252371 -0.355952 0.431546 0.828895 0.532143 0.822736 -0.199822 -0.768194 0.369964 -0.522499
-1.827520 -68.056285 624.107964 -764.554214 -0.362836 0.420827 0.831417 0.611468 0.780789 -0.128352 -0.703176 0.461815 -0.540621
-1.095816 -68.498856 1214.365742 2505.208566 -0.329311 0.445980 0.832260 0.492822 0.833025 -0.251388 -0.805407 0.327371 -0.494113
-14.154205 -29.656954 -713.983633 -503.684706 0.219335 0.880566 -0.420114 -0.122738 0.452082 0.883492 -0.967899 0.142216 -0.207236
-14.050841 -30.798509 -686.148491 114.899763 0.209095 0.892346 -0.399997 -0.036333 0.415845 0.908710 -0.977220 0.175473 -0.119372
-16.831745 -29.675225 -859.807679 -544.722954 0.263861 0.877086 -0.401369 -0.111406 0.441043 0.890545 -0.958105 0.190265 -0.214086
-12.304539 -30.888159 -424.924756 -260.839355 0.170001 0.897159 -0.407683 -0.076605 0.424484 0.902189 -0.982462 0.122143 -0.140890
-15.222695 -26.758345 -726.011869 -1221.696578 0.244983 0.871684 -0.424442 -0.201275 0.473971 0.857228 -0.948405 0.124577 -0.291563
-12.558026 -28.803621 -599.415653 -1036.792565 0.181696 0.888593 -0.421176 -0.169970 0.450238 0.876582 -0.968554 0.087684 -0.232841
-17.854586 -85.215064 1572.168868 -22413.482794 -0.604647 0.404151 -0.686341 0.494562 0.865967 0.074228 0.624347 -0.294557 -0.723482
-18.844852 -93.689141 -479.135912 23810.153269 -0.553917 0.443772 -0.704445 0.469496 0.865237 0.175892 0.687568 -0.233304 -0.687619
-11.623276 -80.907579 2882.458327 -30453.907012 -0.583555 0.374073 -0.720787 0.538767 0.842454 0.001026 0.607613 -0.387738 -0.693156
-6.427459 -77.319606 4149.857694 -27310.540065 -0.576961 0.328966 -0.747594 0.584518 0.805608 -0.096612 0.570486 -0.492724 -0.657091
75.582597 -36.353827 -200109.915054 2539.274199 0.853816 0.159273 0.495611 0.156136 0.829864 -0.535674 0.496608 -0.534750 -0.683684
25.895057 -339.892072 3634.459802 59112.759966 0.767767 0.596295 0.234448 -0.298467 0.009059 0.954377 -0.566966 0.802714 -0.184929
17.055770 -130.249404 1322.709303 -4040.790724 0.807703 0.551046 0.209679 -0.226425 -0.038453 0.973269 -0.544379 0.833589 -0.093712
22.165947 -116.209576 646.604455 3145.012965 0.762633 0.579233 0.287890 -0.152265 -0.271807 0.950230 -0.628654 0.768512 0.119092
21.640968 -124.980506 -781.797250 -3816.974136 0.684550 0.591620 0.425883 -0.202292 -0.407108 0.890697 -0.700335 0.695879 0.159006
8.154146 -185.897602 -3145.302434 10526.677949 0.720893 0.662326 0.204053 -0.344305 0.086739 0.934842 -0.601471 0.744178 -0.290572
16.535173 -200.399343 -3813.745198 33787.657182 0.044694 0.160212 0.986070 -0.274224 0.951109 -0.142102 -0.960627 -0.264053 0.086443
23.422769 -103.429278 -2563.867595 10495.279275 0.001733 0.319982 0.947422 -0.080787 0.944371 -0.318804 -0.996730 -0.075987 0.027487
38.176064 -232.342957 -7718.459230 51849.968922 0.047278 0.228797 0.972326 -0.219475 0.952006 -0.213344 -0.974472 -0.203315 0.095224
38.636582 -309.091136 -5666.707865 57626.310353 0.073549 0.179645 0.980978 -0.583197 0.805670 -0.103816 -0.808994 -0.564468 0.164025
78.523671 -809.359906 -19351.839376 188939.236615 0.161492 0.146410 0.975953 -0.298519 0.949852 -0.093098 -0.940642 -0.276306 0.197099
-9.721366 -57.101174 -1658.694672 6746.238536 0.693126 0.677821 0.245227 0.372010 -0.044983 -0.927138 0.617402 -0.733850 0.283335
-5.336937 -63.681197 -3445.129811 4859.218396 0.771989 0.614484 0.162613 0.377441 -0.237310 -0.895110 0.511441 -0.752392 0.415132
-6.590085 -43.071624 -2495.528584 5248.733022 0.731232 0.629503 0.262727 0.350923 -0.016882 -0.936252 0.584938 -0.776815 0.233252
-8.939787 -64.909232 -3143.407287 655.190913 0.723622 0.665266 0.183825 0.462136 -0.269195 -0.844964 0.512641 -0.696387 0.502239
-10.094654 -41.305926 -1434.672551 6770.006184 0.647363 0.667146 0.368561 0.368671 0.149139 -0.917518 0.667085 -0.729845 0.149410
-16.819771 -51.250430 -616.379618 6711.659804 0.598253 0.710346 0.370813 0.361611 0.173629 -0.916019 0.715074 -0.682101 0.152994
-15.822746 -63.111438 -1043.413087 7396.636745 0.647030 0.732590 0.211339 0.355920 -0.045074 -0.933429 0.674294 -0.679176 0.289908
-44.607137 -54.113693 -1662.588467 736.109784 0.001781 0.410313 -0.911943 0.995101 0.089414 0.042174 0.098845 -0.907551 -0.408144
-45.745449 -55.308320 -1881.996642 -1587.176858 -0.020827 0.452846 -0.891346 0.994037 -0.086066 -0.066951 -0.107033 -0.887425 -0.448353
-47.684614 -56.252807 -473.125858 -707.711615 -0.148158 0.534517 -0.832070 0.987108 0.131443 -0.091326 0.060555 -0.834874 -0.547101
-46.956646 -52.869805 -1237.313328 3003.137016 -0.077521 0.503991 -0.860223 0.970651 0.235170 0.050310 0.227655 -0.831076 -0.507430
-47.787187 -52.529226 1432.812622 2193.600880 0.016071 0.662245 -0.749115 0.980553 0.136121 0.141373 0.195594 -0.736819 -0.647179
-47.965239 -54.422499 1451.369197 708.957639 -0.112713 0.702512 -0.702690 0.991301 0.127873 -0.031167 0.067960 -0.700090 -0.710813
14.564264 -38.282520 4109.133622 -582.586930 0.189811 0.949127 -0.251256 -0.606777 -0.087787 -0.790009 0.771876 -0.302409 -0.559246
20.677916 -37.221964 1174.000208 -366.465232 0.240541 0.923468 -0.298908 -0.616049 -0.092727 -0.782231 0.750083 -0.372300 -0.546597
15.528004 -35.696246 3299.659433 -897.245113 0.214729 0.945850 -0.243432 -0.511476 -0.103432 -0.853050 0.832036 -0.307684 -0.461569
8.818168 -36.838079 4082.733596 -1032.375105 0.197488 0.955218 -0.220355 -0.502008 -0.094527 -0.859682 0.842013 -0.280397 -0.460859
-4.769970 -34.595480 467.300197 502.340476 0.314310 0.939395 -0.136916 -0.904582 0.252612 -0.343393 0.287995 -0.231783 -0.929158
-5.091773 -35.826235 470.588112 -30.797568 0.335075 0.933679 -0.126365 -0.842725 0.237015 -0.483362 0.421355 -0.268454 -0.866252
-6.452300 -35.465482 693.257854 397.530906 0.329476 0.931180 -0.156045 -0.892823 0.253518 -0.372285 0.307104 -0.261979 -0.914907
-7.018989 -33.914326 796.325233 -532.399291 0.297296 0.940832 -0.162638 0.936383 -0.254022 0.242200 0.186556 -0.224296 -0.956498
-9.659313 -35.121752 576.260059 -338.909954 0.292964 0.934611 -0.201677 0.936014 -0.237315 0.259922 0.195065 -0.264920 -0.944334
-9.225845 -36.547210 712.000457 588.535284 0.330171 0.926047 -0.182820 -0.891973 0.242726 -0.381404 0.308823 -0.288999 -0.906150
-6.082905 -45.720119 458.879861 -3955.216888 -0.157221 0.976359 -0.148341 0.930273 0.096003 -0.354083 0.331471 0.193667 0.923374
-7.100619 -70.311035 604.081550 -11799.656505 -0.190229 0.969300 -0.155790 0.901821 0.109816 -0.417922 0.387984 0.219996 0.895025
-3.620876 -47.771570 891.404566 -3469.220359 -0.187896 0.970029 -0.154075 0.923771 0.121240 -0.363246 0.333679 0.210582 0.918865
-5.381946 -41.694988 153.590384 3626.106072 -0.138145 0.978885 -0.150664 0.940008 0.081677 -0.331229 0.311930 0.187383 0.931444
-6.067708 -40.606788 -202.457959 2698.908346 -0.128661 0.982960 -0.131285 0.943896 0.080780 -0.320212 0.304151 0.165119 0.938205
-2.707356 -100.843463 284.863803 7661.396928 0.129662 0.966584 0.221140 -0.923230 0.199043 -0.328677 0.361710 0.161546 -0.918188
-3.588530 -96.249735 239.101816 4788.854915 0.117772 0.972144 0.202648 -0.914216 0.185821 -0.360110 0.387735 0.142853 -0.910634
-3.270628 -91.113232 355.720909 -3417.744751 0.150175 0.959030 0.240228 0.974538 -0.184516 0.127399 0.166505 0.214979 -0.962320
-2.804315 -110.187525 152.975429 7156.521013 0.088710 0.980123 0.177455 -0.797998 0.176553 -0.576219 0.596095 0.090492 -0.797798
-1.963404 -93.485988 393.988447 -5455.525064 0.162592 0.953716 0.252961 0.977496 -0.190616 0.090373 0.134409 0.232574 -0.963246
-1.745022 -110.177995 279.603479 10934.948236 0.132871 0.963242 0.233474 -0.935165 0.199879 -0.292431 0.328348 0.179481 -0.927348
-2.162621 -119.093802 107.227860 10076.491825 0.100492 0.976211 0.192128 -0.813964 0.191715 -0.548368 0.572157 0.101278 -0.813867
36.268469 -24.604918 -12960.894715 -1882.370837 0.471320 0.881672 -0.022611 0.417351 -0.245544 -0.874943 0.776966 -0.402942 0.483697
9.970693 -26.947356 -7100.915672 -1964.711170 0.468771 0.882378 -0.040766 0.412313 -0.259393 -0.873334 0.781186 -0.392586 0.485412
24.607281 -20.008219 -9216.964819 -2085.395868 0.483223 0.872770 -0.069056 0.456628 -0.318545 -0.830674 0.746985 -0.369868 0.552459
38.123057 -16.728390 -6356.410525 -1222.025433 0.354819 0.929797 -0.097881 0.455439 -0.263326 -0.850432 0.816504 -0.257171 0.516899
30.123571 -14.157929 -2648.552423 -822.468999 0.388749 0.905680 -0.169171 0.467761 -0.352200 -0.810651 0.793772 -0.236008 0.560559
18.931395 -17.336378 -7433.812606 -1950.808723 0.509785 0.849872 -0.133557 0.468869 -0.404629 -0.785135 0.721305 -0.337630 0.604752
2.444233 -59.512054 1996.819528 1833.087157 0.403313 0.638179 -0.655795 0.151652 0.660141 0.735674 0.902408 -0.396159 0.169462
14.352198 -61.397686 5741.421346 1911.594191 0.370758 0.620385 -0.691130 0.263977 0.643079 0.718864 0.890424 -0.448967 0.074659
20.609805 -61.262379 8089.016361 2952.548864 0.373405 0.686221 -0.624236 -0.092582 -0.641982 -0.761110 0.923037 -0.341995 0.176187
1.615663 -56.985614 1320.521268 -251.333961 0.430181 0.667506 -0.607767 -0.031857 -0.661600 -0.749180 0.902180 -0.341644 0.263343
9.953034 -62.508668 4139.041156 3932.768604 0.411481 0.695500 -0.589036 0.038131 -0.658856 -0.751302 0.910620 -0.286685 0.297627
-0.105660 -80.784825 72.333016 10387.940059 -0.429813 0.902662 0.021479 0.737528 0.364707 -0.568367 0.520877 0.228450 0.822495
0.736340 -71.870806 739.735732 8995.306942 -0.444710 0.895514 0.016992 0.639815 0.330892 -0.693648 0.626793 0.297600 0.720114
3.079573 -92.894964 1794.500628 11292.723858 -0.460253 0.887786 0.001771 0.752679 0.391266 -0.529514 0.470788 0.242378 0.848299
0.581087 -101.926474 1092.899061 9478.822221 -0.431994 0.901825 -0.009648 0.844667 0.400818 -0.354799 0.316100 0.161420 0.934893
3.170073 -117.368334 1773.948347 7243.600760 -0.450577 0.892708 -0.007220 0.877405 0.441332 -0.188113 0.164744 0.091094 0.982121
4.477102 -103.650382 1248.406474 2312.632499 -0.450351 0.892844 -0.003776 0.863791 0.434618 -0.254896 0.225941 0.118054 0.966961
-2.665069 -25.839321 -764.428359 -2708.818069 0.245125 0.940167 -0.236644 -0.305236 -0.156836 -0.939273 0.920187 -0.302472 -0.248528
-1.594931 -24.491572 -298.439502 -2988.667670 0.265725 0.947601 -0.177318 -0.283197 -0.099088 -0.953929 0.921515 -0.303699 -0.242028
-1.081002 -31.853339 -788.031536 -2282.074303 0.257643 0.946198 -0.195781 -0.380885 -0.086761 -0.920543 0.888002 -0.311741 -0.338039
-2.894838 -32.974553 -741.868004 -2014.943640 0.237861 0.944051 -0.228450 -0.396319 -0.120399 -0.910184 0.886766 -0.307036 -0.345508
-3.291057 -27.265781 -182.195639 -2478.580671 0.222889 0.938574 -0.263438 -0.313182 -0.186969 -0.931107 0.923167 -0.290037 -0.252271
-4.453098 -159.860459 -849.999063 -4529.787734 -0.156238 0.978916 0.131582 0.907199 0.194906 -0.372829 0.390614 -0.061121 0.918523
-5.894858 -120.967253 -1015.399119 -1976.329078 -0.149403 0.981348 0.120973 0.977495 0.165018 -0.131428 0.148939 -0.098615 0.983917
-5.577646 -155.522071 2474.087740 3168.548981 0.212656 -0.965211 -0.152134 0.976887 0.213466 0.011185 0.021679 -0.150996 0.988297
-3.087050 -157.914511 146.032241 3119.220185 0.219735 -0.968424 -0.117779 0.973228 0.225948 -0.042127 0.067409 -0.105369 0.992146
21.205223 -511.400759 -3229.039778 -12728.769321 -0.360683 0.926525 0.107050 -0.911386 -0.374507 0.170650 -0.198202 0.036014 -0.979499
30.508636 -786.145400 7600.683977 122193.005232 -0.385574 0.912694 0.135359 -0.643895 -0.371237 0.669016 -0.660858 -0.170798 -0.730818
8.570999 -654.707684 3285.095814 -17271.692304 -0.301677 0.953317 0.013348 -0.714840 -0.235431 0.658465 -0.630869 -0.189102 -0.752493
6.831936 -46.425939 854.432020 -1356.658080 0.251573 0.956925 -0.144931 -0.710868 0.284316 0.643297 -0.656793 0.058809 -0.751774
9.040015 -45.366849 -208.898330 -850.613667 0.239444 0.954031 -0.180254 -0.721136 0.299063 0.624919 -0.650100 0.019646 -0.759595
9.534953 -43.225811 960.040943 -619.511772 0.238299 0.962391 -0.130448 -0.803272 0.270805 0.530489 -0.545864 0.021630 -0.837594
5.387200 -41.245688 1746.584235 -790.092438 0.245222 0.963612 -0.106383 -0.769445 0.260207 0.583306 -0.589763 0.061184 -0.805255
4.923370 -40.195693 2469.646430 72.121284 0.227248 0.970397 -0.081775 -0.824962 0.236450 0.513351 -0.517490 0.049196 -0.854274
8.120439 -40.751087 3052.899884 -124.202713 0.229874 0.970621 -0.071086 -0.867832 0.237493 0.436423 -0.440484 0.038632 -0.896929
15.974401 -127.706254 1372.289243 -21465.679948 0.261861 0.964948 0.017413 0.896994 -0.236683 -0.373339 0.356132 -0.113382 0.927531
13.699425 -96.233747 1309.862911 -16402.855660 0.324631 0.945551 -0.023398 0.928557 -0.323309 -0.182353 0.179989 -0.037471 0.982955
11.332117 -106.046631 1139.405800 -15021.652226 0.223320 0.973596 -0.047318 0.903249 -0.224944 -0.365433 0.366428 -0.038869 0.929634
12.565352 -132.957997 1865.156337 -16381.619586 0.138928 0.990293 0.004293 0.775232 -0.106058 -0.622710 0.616210 -0.089840 0.782441
20.076018 -164.760264 1810.152514 -17983.942121 0.223347 0.971354 0.081169 0.740558 -0.114953 -0.662087 0.633790 -0.207986 0.745019
20.264351 -1154.041352 -985.903031 -310607.989808 -0.816062 0.453265 0.358599 0.506262 0.859913 0.065177 -0.278821 0.234733 -0.931214
86.694024 -901.393833 21801.341238 -197402.889488 -0.899799 0.250335 0.357344 0.168651 0.954922 -0.244298 -0.402392 -0.159552 -0.901456
12.396512 -898.292283 2481.847924 -239828.119381 -0.828035 0.424214 0.366607 0.451821 0.892032 -0.011699 -0.331988 0.155953 -0.930303
2.582967 -326.008846 1353.896174 -32842.237390 0.809766 -0.445876 -0.381409 0.583117 0.683781 0.438654 -0.065215 0.577613 -0.813701
10.176067 -483.190460 1631.856133 87748.597961 0.835263 -0.445572 -0.322182 0.526709 0.480167 0.701440 0.157841 0.755583 -0.635752
-40.267628 -72.248361 827.112128 -2105.235561 0.562850 0.826220 0.023685 0.674890 -0.475925 0.563932 -0.477204 0.301424 0.825481
-46.797736 -68.640116 -1024.663993 -2668.700320 0.641425 0.724037 0.253663 0.506190 -0.647867 0.569245 -0.576494 0.236726 0.782058
-6.318094 -119.420865 826.288451 1074.430208 0.461645 -0.423717 -0.779325 0.808412 0.562626 0.172977 0.365175 -0.709870 0.602272
-1.950243 -118.059546 1355.104013 359.599242 0.449613 -0.405549 -0.795850 0.819037 0.542697 0.186165 0.356407 -0.735533 0.576164
-6.217143 -119.748648 371.366349 2096.437512 0.449599 -0.432154 -0.781731 0.813014 0.560466 0.157755 0.369959 -0.706485 0.603332
-0.146025 -123.354429 2474.204339 4305.375973 0.435710 -0.372023 -0.819607 0.899201 0.139502 0.414702 -0.039941 -0.917681 0.395306
-1.576755 -115.903512 1629.243524 1839.008443 0.438832 -0.399179 -0.805036 0.870440 -0.033566 0.491128 -0.223070 -0.916259 0.332731
-4.759145 -125.929232 1851.468291 551.857394 0.443451 -0.408886 -0.797598 0.835040 -0.134862 0.533404 -0.325667 -0.902565 0.281632
-3.001843 -41.079701 -652.380049 591.486053 -0.621954 -0.440159 -0.647636 0.360712 0.573044 -0.735872 0.695025 -0.691289 -0.197637
-3.996788 -44.439444 879.743026 1075.218911 0.637691 0.466275 0.613138 0.436809 0.436732 -0.786424 0.634467 -0.769320 -0.074827
-6.139153 -43.592971 538.706659 767.251808 0.651069 0.435986 0.621309 0.489964 0.383763 -0.782727 0.579693 -0.814028 -0.036239
-0.465501 -75.663474 -1421.608033 -1225.836542 0.772249 0.514611 0.372568 -0.155432 0.721641 -0.674593 -0.616013 0.463045 0.637273
-1.953197 -107.803256 591.558808 1827.658550 0.655557 0.744001 0.129259 -0.117417 0.269516 -0.955811 0.745961 -0.611412 -0.264041
-4.830177 -102.677598 815.392691 776.567600 0.659367 0.742269 0.119465 -0.118689 0.259679 -0.958374 0.742393 -0.617741 -0.259323
-5.863785 -99.829544 914.452715 2586.511969 0.663562 0.733986 0.144739 -0.270344 0.415653 -0.868416 0.697567 -0.537119 -0.474240
-2.108419 -36.497389 -6649.649862 1008.650648 0.201872 -0.664185 0.719796 0.977946 0.096499 -0.185229 0.053567 0.741314 0.669018
-14.010591 -41.754672 -4588.074059 1271.421851 0.389520 -0.661425 0.640930 0.917676 0.219492 -0.331200 0.078384 0.717175 0.692470
7.618992 -36.612408 -11807.933917 183.839141 0.070541 -0.653558 0.753582 0.986134 -0.068074 -0.151348 0.150214 0.753809 0.639694
-17.794024 -43.437954 -2802.055707 800.938314 0.532934 -0.610971 0.585401 0.846019 0.397217 -0.355627 -0.015253 0.684787 0.728584
25.547928 -32.732238 -11376.331089 -217.040291 -0.083574 -0.659278 0.747241 0.990060 -0.140056 -0.012837 0.113119 0.738740 0.664430
-9.670966 -35.231203 -3992.218975 390.657287 0.291168 -0.670629 0.682260 0.956240 0.225445 -0.186493 -0.028744 0.706705 0.706924
9.729632 -30.166848 -7504.200307 -155.003618 -0.046725 -0.684723 0.727304 0.998894 -0.028240 0.037587 -0.005198 0.728256 0.685286
-7.920444 -38.967215 740.408338 -348.228941 -0.476445 0.810216 0.341395 -0.197195 -0.476884 0.856561 -0.856804 -0.340783 -0.386980
-6.779205 -36.488612 387.774093 -2129.997921 -0.490386 0.790938 0.365977 -0.267624 -0.536314 0.800465 -0.829397 -0.294592 -0.474675
-6.275377 -36.491952 -704.264507 -1015.101727 -0.536914 0.738048 0.408666 -0.195724 -0.580167 0.790631 -0.820619 -0.344515 -0.455954
11.056025 -154.521780 1082.936632 3536.621209 0.402541 -0.439519 -0.802985 0.911996 0.268160 0.310410 0.078897 -0.857271 0.508784
8.620886 -139.746034 -3825.707122 5647.194619 0.399859 -0.554479 -0.729840 0.915174 0.285550 0.284459 0.050679 -0.781674 0.621624
8.201799 -138.736762 1298.847854 3724.047873 0.414571 -0.430275 -0.801870 0.819222 0.560135 0.122979 0.396241 -0.707893 0.584706
9.396648 -127.226567 2386.940166 2862.371702 0.437397 -0.411691 -0.799496 0.843449 0.496164 0.205949 0.311894 -0.764416 0.564261
9.991842 -121.774344 1544.766876 -1617.268993 0.420427 -0.437035 -0.795136 0.905742 0.253920 0.339346 0.053594 -0.862859 0.502596
23.259334 -32.196553 2271.121706 1420.503252 -0.193806 -0.968926 0.153693 0.979473 -0.182255 0.086116 -0.055429 0.167228 0.984359
18.949044 -27.464451 2977.912095 1026.054032 -0.189163 -0.970931 0.146663 0.981820 -0.189411 0.012405 0.015735 0.146343 0.989109
15.559338 -32.948474 4706.346682 694.374649 -0.149044 -0.985521 0.080834 0.986221 -0.142218 0.084512 -0.071793 0.092316 0.993138
25.112559 -28.104666 1262.013379 1445.021696 -0.228297 -0.950201 0.212129 0.973307 -0.228018 0.026116 0.023553 0.212429 0.976893
20.377312 -36.549518 -3721.685161 1303.309214 0.164292 0.980923 -0.103915 0.974584 -0.145154 0.170634 -0.152295 0.129308 0.979840
32.819095 -30.681900 2563.879819 1984.875151 -0.246982 -0.942369 0.225701 0.968683 -0.233966 0.083141 -0.025543 0.239167 0.970642
29.463802 -34.500898 1815.606604 2274.313834 -0.223810 -0.958415 0.177060 0.968268 -0.197921 0.152592 -0.111202 0.205593 0.972299
-12.070998 -175.646621 -2418.771041 20778.100638 0.519084 -0.324177 -0.790861 0.848537 0.084328 0.522374 -0.102650 -0.942230 0.318849
-7.075268 -520.434982 -1711.217072 134917.331302 0.533231 -0.420477 -0.734073 0.828417 0.083692 0.553823 -0.171434 -0.903435 0.392958
-13.342445 -240.466379 -4376.734312 24837.282938 0.522680 -0.376430 -0.764922 0.767697 -0.182358 0.614318 -0.370738 -0.908320 0.193669
-17.406970 -233.510980 203.026843 29998.621322 0.535677 -0.290880 -0.792741 0.775907 -0.200881 0.598010 -0.333196 -0.935433 0.118089
1.799398 -364.367752 -2049.761597 72629.201405 -0.635107 0.194835 0.747448 -0.217289 0.883524 -0.414936 -0.741232 -0.425941 -0.518796
-6.566878 -400.907314 182.719014 102114.005493 -0.596949 0.255389 0.760545 -0.109234 0.913279 -0.392415 -0.794808 -0.317329 -0.517284
-9.378474 -237.675745 -3142.042569 41992.879936 -0.613624 0.211457 0.760757 0.077608 0.974960 -0.208398 -0.785775 -0.068837 -0.614670
-3.754911 -335.790565 -289.971762 53808.375566 -0.580403 0.246675 0.776070 -0.404975 0.739377 -0.537882 -0.706490 -0.626477 -0.329239
-10.200422 -63.221644 -243.422333 -4888.642407 0.828377 -0.058810 -0.557075 0.296856 0.889437 0.347533 0.475044 -0.453259 0.754247
-7.814296 -59.006910 1647.446598 -4666.322085 0.833922 -0.003621 -0.551870 0.252303 0.891862 0.375400 0.490833 -0.452293 0.744657
246.227007 -4425.260941 -64026.466069 -1848413.134200 0.221756 -0.265651 -0.938219 0.975092 0.055934 0.214633 -0.004539 -0.962445 0.271438
-175.318994 -9652.910942 -132917.520737 -3117420.964714 -0.015290 -0.197693 -0.980145 0.958557 -0.281805 0.041886 -0.284490 -0.938884 0.193809
-19.445643 -245.136006 4908.757426 -34226.064480 0.186557 -0.260628 -0.947243 0.760250 -0.572395 0.307220 -0.622267 -0.777456 0.091358
-1.846227 -61.927362 -211.157084 422.529997 -0.381977 0.433268 0.816316 0.598132 0.789248 -0.139019 -0.704508 0.435163 -0.560626
-12.064862 -31.448867 -289.173822 59.763910 0.162697 0.909022 -0.383679 0.010157 0.387296 0.921899 -0.986624 0.153888 -0.053779
-18.395678 -78.892833 -909.292253 28803.718851 -0.586579 0.369084 -0.720903 0.345214 0.919154 0.189692 0.732633 -0.137597 -0.666570
-19.524396 -78.833946 -1717.229223 20794.839015 -0.509615 0.398391 -0.762612 0.452767 0.877869 0.156040 0.731638 -0.265765 -0.627754
10.138123 -114.571453 1129.861162 -4439.122084 0.850402 0.502107 0.157177 -0.213589 0.056449 0.975291 -0.480828 0.862961 -0.155248
10.848872 -123.011015 1579.704742 -2249.217363 0.845290 0.503511 0.178777 -0.281838 0.135915 0.949786 -0.453930 0.853231 -0.256796
4.529381 -123.139125 702.793424 9259.116781 0.870665 0.475718 0.125039 -0.241701 0.192378 0.951089 -0.428396 0.858302 -0.282478
6.493307 -131.696186 1214.193919 10985.677709 0.858559 0.489904 0.151230 -0.301885 0.244615 0.921428 -0.414418 0.836754 -0.357911
33.699453 -28.148092 4139.944101 1407.974681 -0.265469 -0.929802 0.254939 0.963187 -0.267396 0.027735 0.042382 0.252917 0.966559
43.780546 -32.039630 4779.607244 1198.180486 -0.265291 -0.919615 0.289706 0.963830 -0.244981 0.104961 -0.025551 0.307073 0.951343
44.603894 -29.789748 6064.564887 942.764280 -0.290445 -0.907647 0.303015 0.953943 -0.299491 0.017279 0.075067 0.294078 0.952829
-6.350095 -56.411679 329.123424 5409.833729 0.770386 0.623998 0.130888 0.344912 -0.235224 -0.908683 0.536229 -0.745182 0.396437
-1.955336 -62.408138 -938.129890 -460.627364 0.768899 0.632459 0.093756 0.445124 -0.424249 -0.788592 0.458976 -0.648080 0.607728
21.758001 -39.621170 3810.774081 -1157.579175 0.211909 0.932319 -0.293046 -0.678002 -0.075710 -0.731151 0.703852 -0.353623 -0.616070
22.761046 -38.779667 464.170423 -791.929157 0.267745 0.890512 -0.367833 -0.697578 -0.084174 -0.711548 0.664604 -0.447106 -0.598664
21.602612 -35.393154 -1859.134725 -507.493043 0.319642 0.868257 -0.379420 -0.617047 -0.113145 -0.778750 0.719084 -0.483041 -0.499589
-4.486601 -35.512199 -403.718475 221.761759 0.313068 0.938500 -0.145622 -0.866708 0.219626 -0.447864 0.388338 -0.266424 -0.882163
-4.101997 -36.769362 1.815823 13.758225 0.343911 0.929860 -0.130710 -0.789057 0.210719 -0.577049 0.509032 -0.301591 -0.806182
-6.115512 -37.152076 1244.364116 -44.030452 0.360204 0.927329 -0.101556 -0.762550 0.229978 -0.604672 0.537374 -0.295247 -0.789974
12.958114 -25.710036 -1261.912045 1261.105465 0.346614 0.910569 -0.225217 0.017205 -0.246232 -0.969058 0.937850 -0.332014 0.101013
13.481004 -22.615065 -1560.185411 1598.998791 0.342293 0.904794 -0.253342 -0.060508 -0.247844 -0.966909 0.937643 -0.346295 0.030088
10.595488 -21.608114 -1567.738245 1154.821130 0.368128 0.898457 -0.239283 -0.052280 -0.236946 -0.970115 0.928304 -0.369636 0.040255
-1.798693 -70.172294 1872.793737 -11185.070611 -0.235472 0.958371 -0.161488 0.884903 0.142711 -0.443373 0.401870 0.247303 0.881670
-4.645805 -88.790407 1021.965115 -12655.836160 -0.206800 0.963797 -0.168313 0.790990 0.063450 -0.608530 0.575820 0.258977 0.775476
-3.530310 -102.937951 192.352854 5465.814239 0.077881 0.984207 0.158971 -0.790921 0.158069 -0.591149 0.606941 0.079694 -0.790741
21.294030 -30.875473 -9980.517518 -1435.266130 0.460046 0.887890 0.003063 0.357165 -0.181899 -0.916158 0.812891 -0.422569 0.400805
-4.308084 -33.235625 -3402.738523 -1330.291798 0.385270 0.922326 0.029694 0.363657 -0.122173 -0.923487 0.848128 -0.366590 0.382480
-8.595277 -28.660129 -1920.843269 -2281.083408 0.391693 0.920042 -0.009965 0.430240 -0.192720 -0.881903 0.813308 -0.341148 0.471326
-1.442470 -76.383368 -1210.146481 8269.918569 -0.395079 0.918575 0.011499 0.718574 0.316808 -0.619099 0.572332 0.236330 0.785229
-4.702171 -63.817117 325.716765 2777.212674 -0.410304 0.911212 -0.036667 0.626092 0.252229 -0.737827 0.663068 0.325690 0.673993
-1.230568 -64.058259 1859.431667 1375.113730 -0.446319 0.893664 -0.046514 0.587426 0.253372 -0.768592 0.675077 0.370361 0.638047
-2.290583 -23.423724 922.105750 -3113.134899 0.269228 0.954452 -0.128595 -0.262012 -0.055899 -0.963444 0.926750 -0.293080 -0.235028
-3.149431 -17.681716 139.301186 -2127.206261 0.278191 0.954025 -0.111564 -0.219075 -0.050068 -0.974423 0.935209 -0.295516 -0.195075
-4.524810 -17.502873 1351.186543 -2041.614548 0.287917 0.957386 -0.022717 -0.183897 0.031992 -0.982425 0.939833 -0.287034 -0.185272
-4.959006 -15.538075 342.789658 -14.104116 0.313969 0.943958 0.101818 -0.124857 0.147361 -0.981171 0.941188 -0.295344 -0.164126
-5.328810 -14.545511 -296.511786 -435.557741 0.281602 0.953171 -0.110299 -0.197965 -0.054764 -0.978678 0.938888 -0.297433 -0.173273
-2.929468 -138.909172 -952.559416 -11614.432301 -0.103619 0.987886 0.115513 0.906726 0.141557 -0.397253 0.408793 -0.063576 0.910410
-3.907786 -134.337662 760.931668 -8656.629206 -0.124851 0.989370 0.074564 0.965250 0.138509 -0.221604 0.229576 -0.044305 0.972282
-8.107451 -123.905147 -521.788588 301.120846 0.167666 -0.983625 -0.066099 0.983407 0.162164 0.081319 -0.069269 -0.078637 0.994494
2.015444 -124.018153 -59.588631 -14503.538067 -0.120126 0.984669 0.126481 0.970289 0.089498 0.224787 -0.210021 -0.149726 0.966164
6.871287 -97.143735 2423.646990 -7847.455607 -0.137122 0.987340 0.079731 0.903397 0.091636 0.418899 -0.406289 -0.129469 0.904526
3.741515 -96.272745 2420.799037 -1542.482080 -0.061072 0.996785 0.051863 0.930924 0.038139 0.363215 -0.360070 -0.070463 0.930261
2.917332 -174.816549 1339.571184 -28088.039914 0.105983 -0.983168 -0.148823 0.992091 0.114672 -0.051052 0.067258 -0.142235 0.987545
-0.488640 -185.382220 1316.637804 -29646.869164 0.155296 -0.976119 -0.151904 0.987846 0.152415 0.030504 -0.006623 -0.154795 0.987924
4.177205 -120.300958 822.085191 -11848.327812 -0.066196 0.993571 0.091844 0.987991 0.052388 0.145356 -0.139610 -0.100363 0.985107
-11.912863 -30.184426 1032.608749 19.492061 0.037619 0.988659 -0.145390 -0.967858 0.072253 0.240895 -0.248668 -0.131654 -0.959600
-9.106725 -29.437655 1308.784859 148.330772 0.173663 0.974141 -0.144535 -0.975611 0.190186 0.109600 -0.134255 -0.121976 -0.983411
-12.003851 -31.419728 1020.836331 -5.136052 0.125205 0.976231 -0.176909 0.981659 -0.147738 -0.120500 -0.143772 -0.158577 -0.976823
9.325172 -87.354199 1168.758296 -8118.886960 0.266001 0.961122 -0.074084 0.939425 -0.275694 -0.203653 0.216160 0.015425 0.976236
12.873427 -417.857019 -741.030673 -130590.364710 -0.878401 0.349007 0.326505 0.294645 0.933360 -0.204997 -0.376292 -0.083866 -0.922697
45.043204 -693.530310 6325.677742 -224745.244985 -0.900246 0.258905 0.350035 0.177694 0.952459 -0.247482 -0.397468 -0.160596 -0.903453
-0.154282 -81.401111 -3822.387952 -12003.662117 -0.943119 0.073804 0.324161 -0.004181 0.972337 -0.233544 -0.332430 -0.221614 -0.916721
13.526667 -149.602009 -839.941479 -13352.713477 -0.911033 0.169609 0.375833 0.041509 0.944576 -0.325657 -0.410238 -0.281084 -0.867581
-19.601717 -73.027167 5927.052773 -3029.848794 0.648316 0.755442 -0.094832 0.640057 -0.473319 0.605224 -0.412326 0.453074 0.790387
3.456412 -118.713113 1504.052110 5502.586927 0.447306 -0.409317 -0.795221 0.708600 0.704699 0.035859 0.545713 -0.579534 0.605258
4.481422 -138.071675 1984.886628 1409.426145 0.422362 -0.401588 -0.812612 0.906307 0.201721 0.371372 0.014783 -0.893329 0.449161
-3.143741 -38.346181 369.572941 107.644986 -0.645024 -0.410827 -0.644334 0.191836 0.729132 -0.656936 0.739691 -0.547346 -0.391496
-3.728791 -38.491046 -100.459058 5.431266 -0.637149 -0.433602 -0.637206 0.083232 0.783201 -0.616172 0.766234 -0.445629 -0.462926
-8.676014 -41.885150 -1458.982402 565.198945 -0.632286 -0.364060 -0.683867 0.177681 0.791039 -0.585394 0.754084 -0.491647 -0.435477
-3.473959 -39.339931 -122.463689 195.526347 -0.636580 -0.444183 -0.630450 0.073855 0.778612 -0.623144 0.767666 -0.443243 -0.462844
-13.969268 -55.248838 366.584335 -317.470965 0.802815 0.545691 0.240229 -0.510523 0.837274 -0.195800 -0.307984 0.034549 0.950764
-11.401914 -59.494685 768.504159 -5353.069693 0.765771 0.618640 0.175726 -0.546461 0.769988 -0.329391 -0.339081 0.156211 0.927697
-12.283825 -57.470901 126.408543 -846.289455 0.810635 0.508283 0.290723 -0.478277 0.861190 -0.172053 -0.337820 0.000426 0.941211
1.849215 -119.695157 21.069836 5036.644810 0.667342 0.732522 0.134410 -0.272334 0.407998 -0.871419 0.693173 -0.544930 -0.471766
2.308379 -127.296616 -158.348891 -740.210215 0.681270 0.719262 0.136139 -0.376304 0.503620 -0.777665 0.627907 -0.478570 -0.613762
2.761067 -117.536786 -144.742857 822.259593 0.688837 0.709077 0.150709 -0.475596 0.598953 -0.644255 0.547093 -0.372110 -0.749815
-9.252798 -40.558927 -11347.742489 190.229960 0.164637 -0.661376 0.731763 0.966237 -0.040928 -0.254382 0.198192 0.748937 0.632307
-25.863279 -47.436567 -3424.742105 2376.248550 0.643957 -0.584198 0.493997 0.764149 0.459596 -0.452601 0.037369 0.668943 0.742374
-3.248852 -32.276992 -1341.837790 -3058.711693 -0.547529 0.709096 0.444293 -0.249537 -0.645155 0.722154 -0.798714 -0.284532 -0.530187
-4.995354 -31.955657 278.292522 -3132.910703 -0.472262 0.812174 0.342552 -0.349677 -0.529354 0.772988 -0.809132 -0.245270 -0.533992
6.473862 -103.110503 -2161.818838 1728.094943 0.395950 -0.559489 -0.728146 0.918203 0.231466 0.321446 -0.011305 -0.795862 0.605373
8.752393 -110.996473 -2333.095834 1682.343840 0.420426 -0.549062 -0.722338 0.890736 0.401313 0.213395 0.172717 -0.733130 0.657792
4.387037 -102.729339 -1647.467815 2857.034478 0.389707 -0.556904 -0.733476 0.899235 0.058217 0.433574 -0.198758 -0.828534 0.523475
4.029841 -96.333748 -721.813101 2231.173717 0.403647 -0.551914 -0.729698 0.914915 0.243468 0.321954 -0.000033 -0.797567 0.603230
4.850716 -94.749384 -164.784570 696.681814 0.409485 -0.536499 -0.737896 0.894146 0.396627 0.207819 0.181175 -0.744886 0.642122
-8.901271 -314.201986 922.675432 47549.768954 0.551923 -0.340014 -0.761428 0.810941 0.006085 0.585096 -0.194307 -0.940401 0.279090
-10.335921 -281.248609 -6683.601529 63047.082948 0.511189 -0.390112 -0.765832 0.838870 0.420379 0.345801 0.187038 -0.819203 0.542146
-0.387790 -252.380469 930.515703 18161.662369 0.531204 -0.294959 -0.794243 0.814364 -0.080865 0.574693 -0.233737 -0.952082 0.197248
-2.930016 -281.046893 1197.211194 -8680.791507 0.540162 -0.289923 -0.790044 0.643999 -0.461930 0.609824 -0.541747 -0.838192 -0.062807
-3.855361 -254.023218 2172.427243 32273.969991 0.559955 -0.288966 -0.776498 0.814943 0.361087 0.453304 0.149394 -0.886631 0.437684
-16.494397 -374.733083 2194.907666 91293.351345 0.563006 -0.334023 -0.755945 0.794790 0.469587 0.384444 0.226569 -0.817262 0.529859
17.311795 -6.428792 -5303.795297 1413.469145 -0.631363 0.536128 0.560310 0.285556 0.832486 -0.474790 -0.720998 -0.139765 -0.678695
26.943099 -3.537766 -5189.076533 1492.111588 -0.618785 0.485857 0.617290 0.252246 0.867073 -0.429600 -0.743960 -0.110121 -0.659088
25.044053 -7.021401 -2511.569953 1373.930153 -0.574152 0.494629 0.652451 0.241478 0.863741 -0.442312 -0.782329 -0.096402 -0.615360
12.386893 -463.150356 -3939.831529 16124.144598 0.343162 -0.331389 -0.878875 0.933548 0.017156 0.358041 -0.103572 -0.943338 0.315255
-2.756108 -61.681188 287.046754 2390.986551 -0.362962 0.449597 0.816163 0.518656 0.825148 -0.223891 -0.774116 0.342044 -0.532683
-3.916256 -67.968309 1282.670289 3805.294481 -0.326187 0.462780 0.824280 0.417612 0.852814 -0.313541 -0.848058 0.241956 -0.471439
-1.645725 -74.629179 2309.790030 3282.345292 -0.294086 0.474787 0.829512 0.325001 0.865851 -0.380364 -0.898826 0.157733 -0.408941
-18.463300 -26.692537 -1065.382776 -1150.996156 0.290266 0.865471 -0.408295 -0.191659 0.470598 0.861281 -0.937557 0.171747 -0.302474
