19100
38189
-24.076687 -37.600202 16.755969 -2987.267776 0.254387 0.963165 -0.087181 -0.618793 0.092826 -0.780050 0.743224 -0.252382 -0.619614
-26.701969 -44.117331 161.546936 -2738.688344 0.304918 0.949214 -0.077575 -0.698514 0.167527 -0.695711 0.647382 -0.266322 -0.714121
-29.762832 -52.148323 -167.859256 -4979.724155 0.518212 0.818639 0.247561 -0.530365 0.534682 -0.657897 0.670946 -0.209632 -0.711256
-22.057042 -35.949338 427.342684 -2290.407217 0.160303 0.943097 -0.291325 -0.685434 -0.106018 -0.720375 0.710270 -0.315163 -0.629436
-23.765627 -43.053247 388.077138 -5965.417633 0.424841 0.869902 0.250561 -0.468408 0.448086 -0.761455 0.774663 -0.206133 -0.597834
-19.646445 -30.296576 35.114296 -2601.603163 0.172112 0.972309 -0.158090 -0.565437 -0.033901 -0.824095 0.806634 -0.231227 -0.543944
-18.556125 -28.899946 415.592659 -1231.762475 0.011320 0.894989 -0.445945 -0.622209 -0.342812 -0.703801 0.782769 -0.285438 -0.552990
37.165451 -55.627188 -738.591451 3760.471400 0.187852 0.981868 -0.025447 0.654674 -0.144482 -0.741975 0.732198 -0.122722 0.669944
33.832043 -54.759855 2144.463547 2276.761133 0.100026 0.983396 -0.151415 0.705749 -0.177393 -0.685894 0.701365 0.038254 0.711775
33.210768 -48.113737 1131.993377 3463.231081 0.095944 0.990248 -0.101016 0.601782 -0.138543 -0.786552 0.792877 -0.014675 0.609205
-4.444228 -47.631563 1423.458120 10811.572118 0.236910 0.949308 0.206609 -0.216239 0.258853 -0.941401 0.947161 -0.178350 -0.266603
-10.658051 -32.726304 4371.169771 742.074887 0.250420 0.837301 0.486021 -0.054452 0.513403 -0.856418 0.966605 -0.187999 -0.174159
-6.879333 -29.570764 5076.862113 5002.711392 0.248450 0.830689 0.498225 -0.137815 0.539435 -0.830673 0.958791 -0.137718 -0.248504
-6.349789 -19.642819 2039.760304 7071.560732 0.236477 0.836043 0.495086 -0.208179 0.541301 -0.814650 0.949073 -0.089579 -0.302052
-0.469770 -15.202855 -1483.171604 8051.553428 -0.331569 -0.554595 -0.763208 -0.139458 0.828896 -0.541741 0.933067 -0.073189 -0.352178
0.134113 -17.495296 -124.578185 336.940368 0.042546 0.968602 -0.244950 -0.817164 0.174797 0.549263 -0.574833 -0.176795 -0.798943
1.662093 -18.096208 -75.970068 509.816335 -0.019016 0.978639 -0.204706 -0.847757 0.092760 0.522210 -0.530044 -0.183471 -0.827884
1.267064 -16.161179 84.749941 71.724339 0.006511 0.977454 -0.211049 -0.820804 0.125775 0.557191 -0.571173 -0.169602 -0.803117
-0.400768 -16.349833 43.807819 -125.953537 0.058332 0.967274 -0.246938 -0.791022 0.195683 0.579648 -0.609000 -0.161522 -0.776550
0.908266 -15.287469 -85.372727 -87.819766 0.043151 0.968920 -0.243582 -0.788654 0.182708 0.587062 -0.613321 -0.166770 -0.772027
-9.679768 -24.996373 -104.506131 699.990629 0.044323 -0.581192 -0.812558 0.715942 0.585744 -0.379909 0.696752 -0.564906 0.442062
-6.031371 -24.312082 -42.969311 1066.218411 0.039306 0.660831 0.749505 0.664321 0.543024 -0.513617 0.746413 -0.518100 0.417660
-9.197906 -26.151546 601.172268 667.694499 0.117676 0.731018 0.672134 0.722130 0.401619 -0.563233 0.681675 -0.551648 0.480629
-12.051696 -25.804292 722.514197 211.767954 0.077235 0.691138 0.718584 0.772334 0.414314 -0.481502 0.630504 -0.592175 0.501790
-13.703217 -25.099069 -36.603634 -34.821537 0.045853 -0.586298 -0.808797 0.793946 0.512761 -0.326690 0.606257 -0.627161 0.489000
-12.588097 -25.695359 452.864034 268.848129 0.186129 -0.437337 -0.879825 0.762528 0.629004 -0.151346 0.619603 -0.642721 0.450557
-9.482069 -25.411520 648.715130 749.569760 0.181015 -0.416310 -0.891022 0.704488 0.687059 -0.177893 0.686243 -0.595513 0.417653
10.560652 -30.765098 -2604.365583 -366.101219 0.688165 0.725408 0.014562 -0.476764 0.467233 -0.744573 0.546924 -0.505446 -0.667382
10.334064 -31.282428 -2829.168757 -274.107299 0.689256 0.724453 0.009702 -0.526075 0.509633 -0.680822 0.498168 -0.464156 -0.732385
4.373066 -30.884388 -2007.714856 -112.310805 0.699531 0.714541 0.009331 -0.498313 0.497120 -0.710321 0.512192 -0.492242 -0.703816
6.684527 -30.061136 -2117.512868 -634.907949 0.696486 0.717203 0.022959 -0.417314 0.430873 -0.800124 0.583743 -0.547694 -0.599395
12.752262 -30.077971 -2109.162615 -379.616884 0.680067 0.732064 0.039883 -0.409073 0.424038 -0.807992 0.608414 -0.533174 -0.587842
10.707120 -28.514705 3257.750970 -1012.967660 0.046768 0.978990 0.198471 0.292885 0.176517 -0.939713 0.955003 -0.102078 0.278477
17.030685 -25.119612 1104.582401 -897.976685 0.116094 0.961019 0.250928 0.358769 0.195005 -0.912830 0.926179 -0.195999 0.322145
10.310607 -24.505317 2573.570842 -1212.147949 0.037217 0.973085 0.227420 0.409147 0.192790 -0.891869 0.911709 -0.126240 0.390960
15.844122 -21.597104 933.082408 -1050.702136 0.095089 0.959552 0.264989 0.448763 0.196291 -0.871827 0.888577 -0.201818 0.411946
-1.679277 -38.267181 218.422719 -82.592548 0.168366 0.985254 0.030455 -0.643807 0.086516 0.760282 -0.746436 0.147613 -0.648879
-1.881185 -42.201251 -283.975401 -2720.542501 0.155694 0.987117 0.036861 -0.765399 0.096966 0.636209 -0.624439 0.127267 -0.770635
-2.287105 -37.860423 48.490806 1131.956148 0.158234 0.987055 0.026149 -0.623074 0.079270 0.778135 -0.765990 0.139421 -0.627552
-2.228370 -37.576550 -183.706356 -19.637409 0.145204 0.989240 0.017903 -0.658096 0.083054 0.748339 -0.738800 0.120444 -0.663075
-3.378212 -42.658523 275.031077 2563.917511 0.162745 0.986574 0.013614 -0.506269 0.071655 0.859394 -0.846880 0.146755 -0.511133
-2.807532 -41.038808 80.705364 2853.586678 0.145435 0.989169 0.019829 -0.518073 0.059066 0.853295 -0.842882 0.134372 -0.521052
0.500256 -47.650000 566.759114 265.653961 0.042905 -0.967756 0.248210 0.976737 -0.011617 -0.214128 0.210107 0.251623 0.944744
-0.163404 -46.859684 -643.899467 1578.137625 -0.035440 0.967332 -0.251025 0.926601 -0.062289 -0.370850 0.374371 0.245743 0.894123
-0.388050 -47.974624 307.528201 1844.943014 -0.080230 0.962707 -0.258378 0.939753 -0.013362 -0.341594 0.332307 0.270218 0.903634
69.125107 -37.208639 4271.762413 -1042.502135 -0.637627 -0.706413 -0.307265 0.733630 -0.435172 -0.521931 0.234986 -0.558216 0.795724
68.303690 -39.142458 10692.023800 355.326278 -0.686752 -0.550766 -0.474371 0.726029 -0.487962 -0.484535 0.035390 -0.677163 0.734981
70.765655 -39.447645 2612.514034 2683.046753 -0.646955 -0.718088 -0.256513 0.728944 -0.483681 -0.484452 0.223809 -0.500402 0.836366
68.979045 -36.875384 7348.899244 1716.637699 0.502209 0.864681 0.010638 0.738754 -0.422611 -0.525017 0.449476 -0.271527 0.851025
69.679230 -34.849271 3595.167065 -1527.171577 0.499837 0.861391 0.090381 0.723741 -0.358068 -0.589903 0.475775 -0.360268 0.802400
68.340482 -41.930069 6733.508613 -3087.095209 -0.637438 -0.669676 -0.381059 0.728165 -0.361904 -0.582067 0.251890 -0.648505 0.718326
4.957163 -108.319380 792.097030 -3542.429872 0.384143 0.687010 0.616807 0.915716 -0.198199 -0.349545 -0.117890 0.699096 -0.705243
4.139564 -101.792740 862.163018 -2910.096596 0.390357 0.675872 0.625155 0.916197 -0.218374 -0.335999 -0.090575 0.703925 -0.704476
5.084813 -93.703112 377.036108 -4444.448345 0.421991 0.688237 0.590130 0.838616 -0.049017 -0.542513 -0.344451 0.723828 -0.597852
2.882045 -111.370979 400.585810 -856.143568 0.351097 0.710549 0.609796 0.923618 -0.369800 -0.100884 0.153820 0.598639 -0.786111
6.196161 -103.984295 1343.624381 -6541.216604 0.419862 0.676163 0.605409 0.831054 -0.018321 -0.555889 -0.364780 0.736524 -0.569620
5.662359 -124.920239 559.027555 -3558.703536 0.372696 0.707261 0.600733 0.911423 -0.157351 -0.380196 -0.174372 0.689219 -0.703258
3.714246 -116.803137 888.213422 119.731872 0.347845 0.703760 0.619456 0.931721 -0.333057 -0.144808 0.104404 0.627531 -0.771560
0.089451 -45.080659 162.743197 -899.958167 0.235306 0.971256 -0.035967 0.692610 -0.141607 0.707276 -0.681852 0.191337 0.706022
-1.340012 -44.406482 413.347084 -1316.906062 0.272731 0.962054 -0.008376 0.613211 -0.167117 0.772039 -0.741344 0.215695 0.635519
-0.938769 -41.562341 -481.246709 -661.596963 0.249058 0.968454 0.008190 0.586417 -0.157529 0.794544 -0.770769 0.193085 0.607152
-3.029678 -11.226369 1330.317703 -103.472240 -0.171785 0.867270 0.467260 0.679225 0.447819 -0.581474 0.713543 -0.217486 0.666000
-2.587305 -12.753496 724.700045 -629.169502 -0.062809 0.921294 0.383760 0.669206 0.324146 -0.668650 0.740418 -0.214817 0.636895
0.692278 -10.566171 712.215911 -492.201385 -0.180702 0.853143 0.489381 0.669043 0.471339 -0.574649 0.720922 -0.223577 0.655961
1.290930 -8.902216 573.788604 -190.412411 -0.234382 0.814946 0.530027 0.674725 0.528880 -0.514813 0.699865 -0.236960 0.673824
2.525186 -8.890083 24.107494 -532.087319 -0.208714 0.819343 0.533962 0.671082 0.517148 -0.531232 0.711398 -0.247457 0.657782
1.516643 -10.727634 232.460244 -545.973824 -0.173977 0.850415 0.496514 0.654634 0.476541 -0.586825 0.735654 -0.222941 0.639617
-1.845088 -83.594732 1085.266065 -338.857914 0.679703 0.161293 -0.715533 -0.506581 0.808719 -0.298916 -0.530452 -0.565649 -0.631397
-2.312975 -81.961287 376.475864 1686.704508 0.672595 0.169363 -0.720369 -0.608752 0.680122 -0.408479 -0.420758 -0.713267 -0.560547
-0.646244 -80.339983 1.315679 452.754909 0.665186 0.151330 -0.731182 -0.617249 0.662468 -0.424429 -0.420156 -0.733645 -0.534073
5.082362 -50.607240 -568.428117 -350.238558 0.567366 0.619896 0.542056 -0.476521 -0.289693 0.830064 -0.671583 0.729251 -0.131032
6.569702 -50.216166 -963.368445 -383.136482 0.557784 0.618544 0.553426 -0.520139 -0.259107 0.813830 -0.646786 0.741800 -0.177204
5.139962 -51.896893 -95.890079 -552.140940 0.565772 0.617028 0.546972 -0.362712 -0.409489 0.837114 -0.740501 0.672009 0.007874
5.032332 -51.137567 -893.762514 -55.135116 0.573658 0.625320 0.529047 -0.567629 -0.162156 0.807157 -0.590519 0.763335 -0.261928
22.223232 -15.962769 4258.045373 1543.807954 0.775950 0.619820 0.117155 -0.533412 0.545604 0.646365 -0.336710 0.564039 -0.753981
15.011139 -17.824464 3549.478547 -635.518918 0.791289 0.602296 0.105361 -0.541641 0.610519 0.577833 -0.283702 0.514301 -0.809325
7.239204 -18.067593 1768.895374 -147.786587 0.858096 0.512522 0.031508 -0.428494 0.680897 0.593946 -0.282957 0.523164 -0.803887
9.592004 -16.667682 2683.025422 1116.079868 0.861052 0.505007 0.059640 -0.417880 0.635866 0.648885 -0.289768 0.583646 -0.758546
2.633026 -40.800135 391.481154 -1334.151913 0.003809 0.967068 -0.254489 0.961381 0.066494 0.267069 -0.275196 0.245678 0.929467
3.778307 -36.782225 104.885594 -585.821936 0.046122 0.970978 -0.234680 0.915847 0.052704 0.398053 -0.398869 0.233290 0.886837
4.713650 -37.191930 -471.898338 -722.427898 0.036386 0.970665 -0.237669 0.940152 0.047381 0.337444 -0.338806 0.235723 0.910849
-4.093865 -107.984109 278.071942 -3673.907633 0.621620 0.146032 -0.769586 -0.456845 -0.730488 -0.507622 0.636303 -0.667129 0.387372
-5.090947 -101.100104 -78.864496 668.539777 0.630360 0.130370 -0.765278 0.356990 0.826700 0.434886 0.689351 -0.547331 0.474578
-4.271098 -107.125928 -344.877379 -2174.922939 0.651745 0.140653 -0.745282 -0.509755 -0.646370 -0.567764 0.561586 -0.749948 0.349570
-4.014493 -105.036630 -139.482764 -3378.304285 0.638216 0.147927 -0.755512 -0.576233 -0.558995 -0.596221 0.510525 -0.815869 0.271519
-3.029939 -116.049657 -100.357234 -5276.166185 0.661574 0.153925 -0.733912 -0.639136 -0.396144 -0.659224 0.392205 -0.905195 0.163700
4.207906 -61.232893 495.107006 -3970.561439 0.540960 -0.003803 -0.841040 0.118290 0.990394 0.071607 0.832688 -0.138223 0.536213
1.954445 -62.322791 659.243314 -3317.262068 0.527363 0.019935 -0.849406 0.123836 0.987245 0.100055 0.840567 -0.157952 0.518168
4.568488 -57.401574 304.747454 1418.323347 0.535570 -0.034613 -0.843781 0.253890 0.959535 0.121790 0.805422 -0.279454 0.522686
-16.251580 -27.238166 1140.982965 -302.201446 0.494997 0.844008 0.206466 -0.517280 0.477169 -0.710444 0.698140 -0.244867 -0.672786
-17.480867 -27.518489 439.770633 -165.845447 0.577318 0.793548 0.192317 -0.427969 0.494669 -0.756403 0.695375 -0.354380 -0.625195
-17.295569 -26.436877 628.387523 -1391.460936 0.539555 0.827435 0.155663 -0.491162 0.459495 -0.740016 0.683842 -0.322824 -0.654328
-17.558714 -27.591752 1277.342441 171.074410 0.515336 0.837418 0.182101 -0.567154 0.492560 -0.660092 0.642469 -0.236890 -0.728778
-30.718554 -53.932028 -4124.304219 -5283.071242 0.675566 0.292199 -0.676927 -0.585470 -0.345451 -0.733408 0.448146 -0.891787 0.062301
-22.522121 -66.745809 -2057.322956 5661.976471 0.781962 0.367757 -0.503280 -0.376960 -0.364027 -0.851696 0.496424 -0.855710 0.146026
-15.879217 -69.375589 -1251.700580 4299.319343 0.766456 0.282502 -0.576834 -0.477729 -0.349559 -0.805968 0.429325 -0.893309 0.132962
-46.455841 -84.689511 2524.153218 -8825.722788 0.271142 0.025483 -0.962202 0.803579 0.544287 0.240858 0.529852 -0.838512 0.127101
434.413440 -277.753963 120566.319231 -43438.985246 0.867129 0.455354 0.201841 0.184221 0.083296 -0.979349 0.462763 -0.886405 0.011657
-1189.460548 -1989.673447 -260232.346474 234312.210171 0.420067 0.429278 -0.799540 0.814070 0.211101 0.541043 0.401041 -0.878155 -0.260785
-1275.059605 -1805.407161 268134.548118 -419059.955150 -0.671857 -0.149131 0.725512 -0.446445 0.863126 -0.236010 -0.591012 -0.482466 -0.646476
-386.468102 -4555.462937 396213.400315 -3424036.443795 0.934717 0.216326 -0.281971 -0.308282 0.888289 -0.340447 -0.176825 -0.405148 -0.896988
-266.318462 -5834.208797 -48746.875219 -3310230.162219 0.140850 0.331234 -0.932976 0.110273 0.931258 0.347272 0.983870 -0.151795 0.094642
3.677482 -33.461397 -1118.405314 638.365740 0.564199 0.820352 0.093284 0.042858 0.083732 -0.995566 0.824526 -0.565695 -0.012082
4.360518 -33.726789 -756.135859 234.079406 0.553233 0.827775 0.093393 0.130094 0.024883 -0.991189 0.822805 -0.560508 0.093923
6.904224 -31.713316 -1815.845045 968.073290 0.554984 0.818549 0.148222 0.058164 0.139562 -0.988504 0.829825 -0.557225 -0.029845
2.542107 -33.878256 377.681356 -202.250918 0.542224 0.836149 0.082752 0.109207 0.027520 -0.993638 0.833107 -0.547811 0.076392
2.099627 -33.335365 -613.436975 279.330345 0.560577 0.824165 0.080654 0.001621 0.096304 -0.995351 0.828101 -0.558101 -0.052649
-26.505324 -45.972295 -1704.832620 486.566997 -0.525935 0.850452 -0.011135 -0.850452 -0.526016 -0.006168 0.011103 -0.006226 -0.999919
-32.364368 -49.568555 -1268.455762 -235.525414 -0.695820 0.716325 0.052090 0.715532 0.685129 0.136427 0.062038 0.132201 -0.989280
-28.624744 -47.028000 -1229.313463 -5.266894 -0.620534 0.783756 -0.025782 -0.770561 -0.615528 -0.165413 0.145513 0.082777 -0.985887
-19.022301 -42.873736 -2090.807227 -435.000213 -0.381697 0.917738 -0.109833 0.923430 0.383758 -0.002560 0.039800 -0.102400 -0.993947
-20.288177 -42.908473 -2078.441938 -834.481591 -0.396691 0.914806 -0.075937 0.916209 0.389486 -0.094138 -0.056542 -0.106918 -0.992659
-23.330193 -44.606342 -1701.381553 89.985583 -0.483380 0.872021 -0.076963 -0.867480 -0.488953 -0.091672 0.117571 -0.022451 -0.992811
-1.022452 -31.891398 -329.094008 481.038624 0.187154 0.979064 -0.080041 0.176969 0.046544 0.983115 -0.966258 0.198159 0.164553
-0.806646 -31.928786 -772.082780 787.902900 0.168712 0.982403 -0.080135 0.194910 0.046444 0.979721 -0.966202 0.180909 0.183644
-1.051702 -31.652778 -449.446756 328.393967 0.177640 0.979487 -0.095126 0.310465 0.035947 0.949905 -0.933839 0.198275 0.297711
-1.800041 -33.821235 -1057.490824 711.127596 0.174360 0.983135 -0.055181 0.073725 0.042848 0.996358 -0.981918 0.177793 0.065011
-1.577733 -34.731552 -49.954826 539.273555 0.196786 0.978629 -0.059671 0.056022 0.049538 0.997200 -0.978845 0.199577 0.045077
-14.073708 -21.660870 1196.683094 1281.010984 -0.153656 0.612006 0.775783 0.888599 0.428971 -0.162409 -0.432183 0.664405 -0.609741
-8.470999 -14.882653 2976.093269 1001.522162 0.292506 0.714577 0.635468 0.889806 0.040021 -0.454581 -0.350265 0.698411 -0.624128
-13.195084 -19.174145 1058.858138 1528.806850 -0.291520 0.578340 0.761931 0.878482 0.477068 -0.026003 -0.378532 0.661762 -0.647136
1.415254 -174.948303 -4.259631 -35266.438727 0.473117 0.800090 0.368803 0.587355 -0.598466 0.544842 -0.656639 0.041156 0.753081
0.641335 -67.989004 -833.923554 -4892.091465 0.447496 0.819710 0.357523 0.564080 -0.568949 0.598424 -0.693946 0.066121 0.716984
2.033647 -76.685579 -941.273261 -444.575362 0.399296 0.854585 0.332036 0.510866 -0.508115 0.693422 -0.761301 0.107255 0.639467
-6.118290 -576.573840 446.801561 -120514.711454 0.051797 -0.503520 0.862430 -0.668826 0.623819 0.404378 -0.741612 -0.597761 -0.304455
-8.066966 -290.887664 981.015556 -39217.713241 0.093697 -0.491732 0.865691 -0.509432 0.723386 0.466037 -0.855394 -0.484677 -0.182725
-25.880951 -604.999853 -2353.039655 -115362.823308 0.040348 -0.319164 0.946840 -0.212910 0.923103 0.320236 -0.976238 -0.214512 -0.030708
-17.585667 -497.310503 -1780.883909 -56703.410955 -0.000247 -0.368429 0.929656 -0.118646 0.923100 0.365799 -0.992937 -0.110210 -0.043940
8.802844 -791.802761 2944.776433 -212486.728727 0.116296 -0.474681 0.872441 -0.684004 0.598624 0.416879 -0.720148 -0.645235 -0.255066
-10.408570 -77.782335 -1224.646137 1067.832331 -0.083881 -0.651518 0.753981 0.411082 0.666637 0.621777 -0.907731 0.362104 0.211909
2.798496 -116.095818 -93.659239 8627.872949 0.130340 0.716222 -0.685593 0.208136 0.656318 0.725208 -0.969377 0.237220 0.063527
5.067865 -108.465731 -778.061757 12145.440780 0.199507 0.797925 -0.568781 0.181269 0.540379 0.821664 -0.962984 0.267030 0.036830
-0.499549 -113.826687 -2515.773297 -2672.912975 -0.092883 -0.556604 0.825570 0.409192 0.734559 0.541281 -0.907708 0.388093 0.159530
-9.940339 -65.907251 51.505716 1417.997944 0.231917 0.972519 0.020516 -0.608499 0.128590 0.783067 -0.758909 0.194091 -0.621599
-9.074731 -63.677301 -779.188389 1520.416984 0.239140 0.970978 -0.003734 -0.495640 0.125375 0.859431 -0.834957 0.203674 -0.511238
-13.398605 -68.754881 -138.077415 909.787441 0.261126 0.964130 0.047600 -0.614280 0.127930 0.778649 -0.744630 0.232565 -0.625652
-17.149131 -72.727399 -1317.257078 2075.598120 0.292956 0.953880 0.065491 -0.563981 0.117086 0.817445 -0.772076 0.276412 -0.572271
-19.196774 -73.402868 -3212.902104 -1386.807615 0.228811 0.971542 0.061246 -0.774936 0.143708 0.615486 -0.589169 0.188292 -0.785765
-15.611061 -50.944288 3.561312 -1186.746916 0.606917 0.788261 0.101471 -0.448562 0.234342 0.862483 -0.656082 0.568972 -0.495810
-12.342161 -44.666493 2113.141114 -4006.060786 0.681793 0.726824 0.082975 -0.525798 0.408016 0.746364 -0.508620 0.552494 -0.660345
-15.726883 -50.607002 1551.608038 -1172.153897 0.582538 0.803503 0.122607 -0.514645 0.247871 0.820792 -0.629118 0.541242 -0.557914
-16.655553 -54.258596 569.134229 2063.354965 0.527819 0.835745 0.151449 -0.421352 0.102824 0.901049 -0.737475 0.539405 -0.406416
-19.017495 -51.423418 -1324.604183 1413.412877 0.551104 0.825585 0.121222 -0.348878 0.096005 0.932238 -0.758003 0.556051 -0.340937
-21.274258 -52.745386 -732.305125 -690.875076 0.662218 0.749212 0.012187 -0.303837 0.253619 0.918347 -0.684946 0.611849 -0.395589
-13.331247 -26.386070 -7079.603969 2075.304248 0.311950 -0.477362 0.821470 0.644531 0.741566 0.186171 -0.698045 0.471387 0.539006
-6.053709 -21.375238 -5637.827895 2406.532715 0.286581 -0.490755 0.822819 0.689437 0.701991 0.178564 -0.665242 0.516109 0.539522
-0.510654 -30.380101 -7548.276639 1482.783223 0.196926 -0.509871 0.837408 0.633282 0.718193 0.288362 -0.748448 0.473529 0.464323
-14.509305 -25.909398 -7851.887715 554.215953 0.347879 -0.422363 0.837012 0.562713 0.808149 0.173924 -0.749890 0.410493 0.518807
-24.644734 -27.668733 342.300876 -2216.550963 0.612818 0.764492 0.200014 0.396378 -0.516348 0.759124 -0.683621 0.385924 0.619455
-1.277089 -22.020079 -3831.294031 -1362.571307 0.336075 0.926976 -0.166642 0.644621 -0.097393 0.758274 -0.686671 0.362258 0.630279
-1.824424 -25.256684 -3691.381036 -702.381425 0.392394 0.914684 -0.096855 0.675842 -0.215291 0.704903 -0.623911 0.342058 0.702660
-10.056594 -22.355387 -3064.654700 -1419.505884 0.393818 0.909709 -0.131668 0.649625 -0.174114 0.740048 -0.650303 0.376980 0.659540
-8.239243 -17.461761 -2709.386433 -1098.505746 0.247042 0.922162 -0.297636 0.665404 0.061848 0.743917 -0.704420 0.381827 0.598331
1.742485 -23.931634 -527.448900 -124.183103 -0.131448 0.981213 -0.141218 0.802424 0.021667 -0.596361 0.582097 0.191707 0.790197
0.880426 -26.181743 -192.771419 -1441.963308 -0.165309 0.979156 -0.118010 0.863531 0.085897 -0.496927 0.476432 0.184052 0.859731
0.379841 -26.992523 124.818953 -1398.028221 -0.177589 0.977105 -0.117170 0.864635 0.098060 -0.492738 0.469966 0.188814 0.862253
2.457141 -23.395849 776.736813 -638.222303 -0.117723 0.979388 -0.164138 0.815797 0.001134 -0.578338 0.566231 0.201987 0.799115
1.429944 -24.131646 276.935101 80.169908 -0.171887 0.976509 -0.129940 0.793501 0.059076 -0.605695 0.583791 0.207218 0.785015
3.777323 -25.548170 -1146.567218 1921.633568 -0.128166 0.982264 -0.136858 0.710561 -0.005320 -0.703616 0.691865 0.187426 0.697277
3.363758 -25.778186 -19.130898 1550.947704 -0.101872 0.981496 -0.162135 0.733626 -0.035954 -0.678601 0.671874 0.188077 0.716389
-3.750137 -27.244086 338.115644 -571.471548 -0.067451 0.948117 0.310684 0.950846 -0.033241 0.307876 0.302230 0.316179 -0.899271
-4.837762 -25.439442 -160.660724 -387.683234 -0.045876 0.959058 0.279469 -0.911470 0.074300 -0.404601 0.408800 0.273289 -0.870744
-5.013188 -26.752480 205.338992 41.631848 -0.032601 0.957018 0.288190 -0.940118 0.068520 -0.333890 0.339285 0.281818 -0.897476
-5.703678 -25.265611 -60.670160 -725.398988 -0.004319 0.958590 0.284756 -0.888550 0.126959 -0.440864 0.458760 0.254924 -0.851207
-5.604519 -26.423938 95.016601 -607.927664 -0.011453 0.962672 0.270427 -0.908296 0.103084 -0.405429 0.418172 0.250271 -0.873211
7.281434 -52.609281 919.736129 -611.432938 -0.161893 0.986808 0.001253 0.192203 0.032778 -0.980808 0.967909 0.158545 0.194974
5.343223 -49.263346 1250.072785 -2017.411930 -0.187171 0.981964 -0.026729 0.319181 0.035060 -0.947045 0.929027 0.185791 0.319986
6.348850 -51.552834 1228.216308 -127.119823 -0.185292 0.982682 -0.001904 0.113195 0.019419 -0.993383 0.976142 0.184282 0.114833
1.031981 -33.418954 -452.755069 1102.597390 0.036834 0.968034 0.248099 0.996203 -0.055169 0.067355 0.078889 0.244676 -0.966390
0.471351 -32.057488 17.021530 978.098653 0.007782 0.965559 0.260068 0.976872 -0.062916 0.204359 0.213683 0.252463 -0.943717
1.477111 -32.301843 -862.744089 1281.025217 0.008726 0.970879 0.239412 0.981284 -0.054373 0.184733 0.192371 0.233319 -0.953182
-0.993940 -35.078418 193.880448 1006.409784 0.059664 0.961837 0.267038 0.996854 -0.071395 0.034432 0.052184 0.264143 -0.963071
1.270586 -32.591970 -996.323031 763.948105 0.006564 0.976182 0.216855 0.992513 -0.032809 0.117651 0.121963 0.214460 -0.969088
-0.568310 -37.588598 -662.688885 749.060926 0.077314 0.967729 0.239841 0.993448 -0.054469 -0.100465 -0.084159 0.246037 -0.965600
0.616042 -35.601677 -582.459715 531.931029 0.041039 0.970936 0.235794 0.998074 -0.028851 -0.054908 -0.046509 0.237593 -0.970251
15.151302 -31.235674 4201.938831 145.601891 0.491034 0.860535 0.135514 0.817139 -0.508906 0.270736 -0.301942 0.022207 0.953068
5.181911 -30.333690 4091.585379 251.393339 0.472083 0.876453 0.094699 0.848088 -0.480851 0.222552 -0.240593 0.024750 0.970311
15.991951 -30.036714 3527.413105 245.720569 0.482083 0.863674 0.147184 0.852423 -0.501187 0.148953 -0.202414 -0.053655 0.977829
16.166218 -28.744250 -2742.314353 149.617920 -0.472416 -0.868366 -0.150877 0.876346 -0.481048 0.024692 -0.094021 -0.120555 0.988244
21.892609 -29.611355 849.514613 492.216653 0.470865 0.842445 0.261862 0.858056 -0.506310 0.085961 -0.205001 -0.184217 0.961269
22.777409 -30.919022 683.108608 177.807063 0.470723 0.846191 0.249761 0.825307 -0.522392 0.214418 -0.311912 -0.105198 0.944269
-0.993614 -53.469717 123.512288 4720.434933 -0.671035 0.594395 0.443178 0.727828 0.414143 0.546582 0.141347 0.689333 -0.710522
1.408964 -61.059348 -710.872574 6920.092411 -0.653528 0.614781 0.441526 0.742925 0.409428 0.529558 0.144789 0.674101 -0.724309
0.360633 -64.803179 131.642025 5030.357360 -0.677495 0.589803 0.439469 0.735027 0.520864 0.434092 0.027125 0.617117 -0.786404
0.281525 -63.672277 460.983188 4563.734317 -0.700016 0.566134 0.435281 0.714127 0.554931 0.426701 0.000019 0.609543 -0.792753
-1.685967 -91.624053 -651.056682 -5017.684306 0.756959 -0.231046 -0.611253 0.646222 0.403526 0.647737 -0.096999 0.885316 -0.454760
-0.801537 -93.761132 -602.366905 -3718.093302 0.750637 -0.242499 -0.614604 0.640270 0.496587 0.586050 -0.163088 0.833424 -0.528022
-1.897005 -107.805320 -321.432610 -5948.252162 0.764691 -0.233325 -0.600672 0.643823 0.237313 0.727444 0.027183 0.942996 -0.331691
-1.787336 -104.290815 -195.428429 -6679.047720 0.760018 -0.244712 -0.602071 0.644405 0.163517 0.746997 0.084350 0.955708 -0.281969
-1.811246 -95.332837 199.247032 -5341.944627 0.758835 -0.266095 -0.594444 0.650878 0.342024 0.677774 -0.022962 0.901229 -0.432735
-2.015608 -85.839859 111.947058 -3957.138810 0.750562 -0.267425 -0.604269 0.638849 0.527402 0.560107 -0.168906 0.806431 -0.566692
7.340356 -84.337397 -1102.244735 -4357.085825 0.821501 -0.494722 -0.283525 -0.516024 -0.433468 -0.738800 -0.242602 -0.753230 0.611383
9.450264 -88.740823 -1461.980689 -5502.607019 0.831506 -0.479746 -0.280074 -0.514352 -0.474424 -0.714398 -0.209856 -0.738083 0.641245
9.273495 -92.222314 -1309.097302 -4230.826744 0.808730 -0.495727 -0.316560 -0.489927 -0.269939 -0.828918 -0.325465 -0.825462 0.461178
75.862568 -23.030453 -3533.288924 -3322.079202 0.811736 0.265054 -0.520413 0.483159 0.195809 0.853356 -0.328087 0.944142 -0.030882
77.023616 -17.630350 -1152.962332 -2522.704119 0.820488 0.135726 -0.555318 0.517720 0.235506 0.822498 -0.242414 0.962349 -0.122962
73.096992 -32.286606 331.372245 -4575.404681 0.876244 0.009306 -0.481778 0.473363 0.170394 0.864230 -0.090134 0.985332 -0.144901
75.368223 -15.551996 -2543.758717 -50.064248 0.736790 0.386249 -0.554934 0.511202 0.218930 0.831109 -0.442507 0.896036 0.036146
72.845918 -20.323248 -1557.970560 -3283.061150 0.764154 0.401173 -0.505103 0.475052 0.179699 0.861414 -0.436342 0.898203 0.053260
-17.481448 -67.494386 22.137642 665.039167 -0.748391 0.447636 0.489422 -0.092323 0.660415 -0.745203 -0.656801 -0.602888 -0.452922
-18.290235 -65.082091 -634.089375 1079.013050 -0.786105 0.435236 0.438872 -0.029175 0.683122 -0.729721 -0.617404 -0.586441 -0.524308
-15.029474 -68.141658 1329.544513 -846.208615 0.788926 -0.441445 -0.427460 -0.179241 0.500065 -0.847235 -0.587766 -0.745024 -0.315390
-4.293621 -65.506810 2181.156310 -1217.110132 0.820389 -0.475798 -0.317139 -0.160086 0.341331 -0.926211 -0.548939 -0.810623 -0.203855
-8.459784 -65.163719 1113.818407 -1362.191799 0.790679 -0.475308 -0.385889 -0.284443 0.272949 -0.919016 -0.542143 -0.836410 -0.080617
-12.067208 -68.780397 304.001855 -836.221051 0.741816 -0.467376 -0.480904 -0.314530 0.390861 -0.865042 -0.592267 -0.792961 -0.142943
-14.735409 -68.117706 -563.931131 189.709911 0.721683 -0.469922 -0.508278 -0.203474 0.557823 -0.804632 -0.661643 -0.684111 -0.306954
3.620921 -140.245189 -678.833170 4184.006424 0.779242 -0.271918 -0.564661 0.615759 0.499968 0.608994 -0.116716 0.822249 -0.557032
2.354796 -137.858181 -555.693347 3950.920176 0.797159 -0.277431 -0.536256 0.603655 0.383523 0.698935 -0.011760 0.880876 -0.473202
2.283817 -145.852254 -173.880922 -9345.358566 0.810545 -0.255923 -0.526801 0.583187 0.269842 0.766210 0.053938 0.928272 -0.367971
85.403837 -1224.959171 14100.298735 358433.481352 0.671821 -0.694969 -0.256272 0.537508 0.695459 -0.476888 0.509649 0.182635 0.840775
106.746374 -589.658863 -24532.154705 -165632.779630 0.843189 -0.137334 -0.519780 0.504767 -0.130550 0.853327 0.185048 0.981884 0.040757
419.849917 -7011.507120 73820.294788 3206712.782453 0.576733 -0.473373 -0.665805 0.428852 0.869111 -0.246439 0.695316 -0.143402 0.704252
23.520410 -619.198369 10540.292999 -32510.062852 0.565753 -0.504909 -0.651912 0.807503 0.499297 0.314073 0.166919 -0.704109 0.690195
6.372462 -72.579021 309.659236 -195.288091 0.723881 -0.592200 -0.353970 -0.389972 0.072024 -0.918006 -0.569138 -0.802565 0.178805
5.100696 -73.113280 -215.127063 1306.607923 0.726642 -0.598251 -0.337769 -0.437174 -0.023385 -0.899073 -0.529972 -0.800968 0.278532
5.667849 -75.610574 -949.759186 270.672778 0.703222 -0.609993 -0.365224 -0.338020 0.165075 -0.926549 -0.625477 -0.775022 0.090105
11.919399 -17.732896 2578.884653 1328.062775 -0.569219 -0.629211 -0.529229 0.717689 -0.066202 -0.693210 0.401139 -0.774410 0.489261
4.341779 -16.593983 1717.334317 1331.122513 -0.520321 -0.620951 -0.586248 0.764113 -0.032001 -0.644289 0.381311 -0.783196 0.491127
9.133345 -19.824126 2448.746348 1056.367501 -0.516839 -0.618718 -0.591664 0.784477 -0.065589 -0.616679 0.342744 -0.782871 0.519269
4.033501 -13.065900 1780.759862 1423.154527 -0.567995 -0.618840 -0.542604 0.707870 -0.030979 -0.705663 0.419883 -0.784906 0.455654
14.846109 -21.620657 2854.130895 986.268762 -0.531593 -0.631143 -0.564861 0.774947 -0.093254 -0.625109 0.341857 -0.770041 0.538675
12.867046 -15.110419 -2944.425648 1133.384338 0.641321 0.626424 0.443059 0.622154 -0.086621 -0.778088 0.449034 -0.774655 0.445284
8.086017 -13.196005 2844.769738 1200.652720 -0.628384 -0.610612 -0.481960 0.650138 -0.072034 -0.756393 0.427145 -0.788647 0.442248
18.024460 -19.447526 1472.469883 1599.818008 -0.574227 -0.688152 -0.443519 0.663839 -0.074314 -0.744174 0.479145 -0.721751 0.499495
-14.868407 -30.510967 -239.699353 -87.974936 0.578186 -0.470605 -0.666507 0.122188 0.857623 -0.499552 0.806704 0.207395 0.553368
-15.875906 -31.196635 297.608121 225.846845 0.549237 -0.462436 -0.696054 0.023083 0.841011 -0.540526 0.835348 0.280810 0.472588
-13.578916 -29.543792 -369.107424 159.497975 0.616465 -0.472285 -0.630014 0.083867 0.834971 -0.543866 0.782903 0.282436 0.554340
-13.540060 -29.433341 -554.463796 112.818682 0.656108 -0.504898 -0.560892 0.131637 0.808405 -0.573718 0.743097 0.302587 0.596865
-14.387500 -31.478292 -803.930373 -719.359509 0.650192 -0.445574 -0.615397 0.142695 0.867180 -0.477113 0.746249 0.222401 0.627415
-1.335371 -39.308411 795.249447 567.312163 -0.253200 0.937609 0.238283 -0.242014 0.177087 -0.953976 0.936653 0.299214 -0.182076
-1.081422 -36.844661 1000.703911 -1107.865748 -0.254271 0.939534 0.229394 -0.084750 0.214631 -0.973011 0.963412 0.266850 -0.025051
-2.496126 -36.364036 459.170533 -887.126521 -0.214877 0.955394 0.202606 -0.112125 0.181948 -0.976895 0.970183 0.232629 -0.068027
-1.866714 -36.930440 191.699527 -1914.516325 -0.212545 0.954364 0.209793 0.031367 0.221252 -0.974712 0.976648 0.200590 0.076962
-4.343490 -36.686682 255.309223 -1407.797359 -0.202657 0.965954 0.160820 0.012365 0.166739 -0.985924 0.979172 0.197816 0.045735
5.869954 -21.329161 4431.456115 -488.479269 0.386891 -0.126226 -0.913445 0.199606 0.978565 -0.050681 0.900263 -0.162721 0.403793
3.079150 -20.161278 2115.419178 -172.251844 0.388063 -0.215079 -0.896185 0.307941 0.946763 -0.093874 0.868665 -0.239543 0.433635
12.880226 -19.213091 4400.249939 10.803237 0.416221 -0.070548 -0.906522 0.224023 0.974209 0.027042 0.881234 -0.214337 0.421291
21.711054 -19.170778 3476.596697 513.891446 0.472787 -0.000472 -0.881177 0.164674 0.982430 0.087828 0.865653 -0.186631 0.464558
21.455874 -21.202067 6281.487212 -213.014624 0.406140 -0.047188 -0.912592 0.135357 0.990756 0.009009 0.903731 -0.127185 0.408773
5.866793 -58.272089 -1438.069597 3519.866243 0.230507 0.893786 0.384725 -0.307301 0.442003 -0.842734 0.923273 -0.076030 -0.376546
9.320252 -69.134503 -1932.012333 -2479.631654 0.227485 0.925377 0.303197 -0.453156 0.376192 -0.808164 0.861917 -0.046450 -0.504918
3.384581 -48.649718 -2454.399808 -4535.303684 0.237324 0.933311 0.269458 -0.326045 0.337821 -0.882934 0.915080 -0.121686 -0.384474
1.042858 -58.659632 -1023.272580 6708.291185 0.257114 0.859583 0.441600 -0.241482 0.499614 -0.831909 0.935724 -0.107257 -0.336031
-1.926504 -43.583400 -1767.738756 -4564.040267 0.255832 0.911638 0.321662 -0.288118 0.389517 -0.874794 0.922788 -0.131124 -0.362310
4.454362 -30.078665 683.017325 -66.766921 -0.421296 -0.628935 -0.653414 -0.235666 0.771643 -0.590786 0.875769 -0.094908 -0.473309
6.970307 -27.913133 1209.207682 824.127010 0.341233 0.716720 0.608172 -0.257215 0.693508 -0.672969 0.904102 -0.073208 -0.420999
4.835994 -24.496716 2337.208662 -804.004976 0.301758 0.740892 0.600018 -0.295351 0.671040 -0.680053 0.906482 -0.027995 -0.421315
4.993802 -33.874950 2590.429269 1195.372182 0.269418 0.773514 0.573664 -0.244865 0.631136 -0.736009 0.931373 -0.057824 -0.359446
-1.802021 -33.491657 2483.500580 -3225.106726 0.171149 0.884040 0.434949 -0.367386 0.466887 -0.804390 0.914186 0.022124 -0.404692
-4.336428 -27.493927 1011.121804 -542.414336 0.187998 0.879535 0.437120 -0.450948 0.472670 -0.757119 0.872527 0.054782 -0.485486
-33.572732 -53.428098 -128.367132 -1391.336071 0.509641 0.852280 0.117835 -0.685398 0.484951 -0.543187 0.520092 -0.196066 -0.831302
-28.710964 -48.263548 373.415597 -2136.121863 0.302760 0.938992 -0.163185 -0.788693 0.150717 -0.596027 0.535070 -0.309156 -0.786207
-24.725477 -40.535542 -33.346134 -2772.430354 0.189822 0.927918 -0.320836 -0.747311 -0.075389 -0.660184 0.636784 -0.365082 -0.679133
28.962858 -41.436859 1068.171179 -651.396209 0.173844 0.969829 0.170911 0.376585 0.094892 -0.921509 0.909924 -0.224561 0.348726
34.079557 -46.869257 -175.326665 3244.342678 0.237249 0.965561 0.106795 0.451820 -0.012356 -0.892024 0.859984 -0.259884 0.439191
30.296047 -37.732822 295.564064 2365.139090 0.136223 0.990127 0.033054 0.415923 -0.026877 -0.909002 0.899139 -0.137575 0.415478
0.191386 -20.098291 -527.828082 846.285449 0.020140 0.969638 -0.243714 -0.845955 0.146449 0.512751 -0.532874 -0.195844 -0.823219
1.266867 -21.949611 -449.885438 934.152613 -0.041595 0.978348 -0.202742 -0.877097 0.061427 0.476369 -0.478508 -0.197639 -0.855552
2.790615 -19.495755 -170.125738 752.053708 -0.071933 0.981801 -0.175763 -0.873677 0.022986 0.485964 -0.481160 -0.188517 -0.856123
-5.273896 -26.060069 5.754422 1041.510534 0.152443 0.757653 0.634605 0.664005 0.397082 -0.633580 0.732024 -0.517966 0.442553
-2.139038 -22.232087 -47.585188 750.211967 0.036337 0.662631 0.748064 0.604219 0.581670 -0.544591 0.795989 -0.471783 0.379239
-1.853268 -24.642746 -325.915194 1104.440940 0.150790 0.755313 0.637781 0.596164 0.445161 -0.668147 0.788575 -0.480972 0.383164
1.094919 -20.780426 -288.775511 303.441416 0.124215 -0.510246 -0.851011 0.553481 0.747460 -0.367372 0.823547 -0.425386 0.375257
1.998182 -20.495197 298.103092 317.541360 0.016963 -0.608046 -0.793720 0.551212 0.667993 -0.499950 0.834193 -0.429028 0.346494
1.019294 -21.446695 -687.863198 489.456838 0.086828 0.702784 0.706085 0.544349 0.560130 -0.624451 0.834353 -0.438576 0.333925
8.305818 -31.145920 -1800.699653 210.137216 0.677145 0.735502 0.022628 -0.574129 0.547311 -0.608956 0.460273 -0.399360 -0.792881
20.873581 -25.819288 -524.278007 -583.196738 0.209142 0.939080 0.272743 0.315937 0.199065 -0.927662 0.925442 -0.280183 0.255058
19.020371 -23.077106 -275.241389 -1056.446486 0.204976 0.940820 0.269894 0.417204 0.165459 -0.893624 0.885396 -0.295772 0.358599
18.448200 -27.980020 1089.299621 -697.481406 0.129654 0.960826 0.244957 0.263480 0.204777 -0.942680 0.955912 -0.186763 0.226608
-1.235796 -41.080743 18.798786 -2095.483543 0.153427 0.986659 0.054449 -0.759460 0.082486 0.645304 -0.632203 0.140359 -0.761983
-1.448719 -46.304210 -71.379058 702.792768 0.144381 0.988591 0.042926 -0.801105 0.091315 0.591517 -0.580848 0.119792 -0.805149
-2.246970 -41.290948 53.897709 -3303.523357 0.152901 0.987723 0.032006 -0.780605 0.100851 0.616834 -0.606033 0.119299 -0.786442
12.506501 -62.713342 177.875579 3896.756348 0.147481 0.987052 -0.063074 0.935444 -0.159914 -0.315234 0.321239 0.012511 0.946915
13.876863 -55.113750 1064.838591 5574.194513 0.058454 0.991099 -0.119610 0.873333 -0.108811 -0.474815 0.483603 0.076704 0.871920
27.707752 -47.376917 3274.639885 6265.206589 0.199351 0.971932 -0.124931 0.813153 -0.235219 -0.532404 0.546847 -0.004547 0.837220
8.915678 -64.477377 576.351809 382.972447 0.034526 0.991691 -0.123923 0.980123 -0.057838 -0.189773 0.195364 0.114907 0.973976
29.884048 -55.916697 3850.976305 7003.195821 0.292714 0.950888 -0.100647 0.850068 -0.306976 -0.427961 0.437840 -0.039714 0.898176
14.870014 -69.208723 1909.531167 3227.006287 0.273958 0.960299 -0.052667 0.946346 -0.278927 -0.163185 0.171396 0.005135 0.985189
9.487825 -69.289049 -1275.763251 817.293027 0.133301 0.990829 -0.022128 0.979580 -0.135113 -0.148889 0.150513 0.001829 0.988606
7.034070 -68.714338 -959.514506 -369.683083 0.094984 0.994527 -0.043529 0.992993 -0.097744 -0.066413 0.070304 0.036915 0.996842
2.121791 -104.563700 1186.546519 -913.266716 0.357690 0.674745 0.645583 0.916798 -0.385202 -0.105357 0.177591 0.629554 -0.756388
-1.343962 -39.483678 69.863102 -1347.437954 0.274303 0.961610 0.007974 0.512666 -0.153245 0.844801 -0.813592 0.227644 0.535021
-1.114137 -41.665704 736.842794 -2277.188826 0.295900 0.955207 -0.004733 0.507990 -0.153163 0.847636 -0.808943 0.253219 0.530557
-6.695153 -15.394567 1178.631087 -1044.408704 0.060131 0.968243 0.242673 0.662500 0.143137 -0.735259 0.746645 -0.204983 0.632854
-4.762050 -16.992985 629.014828 -1343.207243 0.041175 0.965742 0.256218 0.634782 0.172748 -0.753133 0.771593 -0.193653 0.605923
74.952052 -68.594246 -11855.275485 865.732869 0.965164 0.235281 0.114463 0.042715 0.289912 -0.956099 0.258136 -0.927682 -0.269763
77.664005 -71.002712 -14944.202058 3022.930347 0.990585 0.136736 0.006651 -0.056310 0.451256 -0.890616 0.124780 -0.881857 -0.454707
50.467793 -69.650214 -12485.982352 256.580795 0.994203 0.103663 -0.028551 -0.054944 0.261544 -0.963626 0.092425 -0.959609 -0.265723
7.991414 -51.545932 -751.612784 -475.474640 0.580701 0.599224 0.551104 0.604293 0.136355 -0.785008 -0.545542 0.788884 -0.282925
9.708549 -51.358900 -388.250192 -502.259152 0.578001 0.578947 0.575096 0.607023 0.165960 -0.777162 -0.545378 0.798297 -0.255509
-4.078717 -24.618031 125.733531 -648.771637 0.151822 0.939511 -0.307032 -0.066567 0.319647 0.945196 -0.986164 0.123063 -0.111070
-3.767378 -25.889453 32.630252 -380.312601 0.139575 0.933084 -0.331470 0.021796 0.331771 0.943108 -0.989972 0.138859 -0.025969
-1.978237 -26.706115 -478.455387 -251.844132 0.147485 0.945878 -0.289072 0.040451 0.286256 0.957299 -0.988237 0.152881 -0.003956
-3.772992 -25.093158 -255.349793 -1436.753154 0.157552 0.948856 -0.273586 -0.149771 0.296801 0.943121 -0.976087 0.107615 -0.188873
-4.988324 -25.136339 439.926154 132.098977 0.148694 0.962453 -0.227102 -0.189879 0.253170 0.948605 -0.970482 0.097930 -0.220394
-2.285305 -63.849291 -599.486674 221.832273 0.375345 0.799688 0.468632 0.506471 0.246492 -0.826274 0.776275 -0.547487 0.312499
-2.173876 -61.214115 -249.662928 -889.136751 0.380622 0.815320 0.436326 0.643535 0.105298 -0.758139 0.664070 -0.569355 0.484609
-5.068326 -61.861569 -48.012971 5.579792 0.389428 0.809323 0.439707 0.629954 0.114237 -0.768185 0.671940 -0.576148 0.465349
3.351169 -39.625694 114.036130 -1058.720132 0.011775 0.973261 -0.229399 0.927440 0.075128 0.366349 -0.373788 0.217068 0.901756
3.964090 -35.484531 -35.741382 -403.871310 0.077434 0.976194 -0.202606 0.854595 0.039674 0.517778 -0.513490 0.213240 0.831178
2.489932 -44.568722 -36.338594 -1630.278650 -0.038402 0.971366 -0.234464 0.973093 0.089700 0.212237 -0.227191 0.220005 0.948674
5.223875 -43.685345 127.739454 -1780.465264 -0.008369 0.978570 -0.205745 0.948006 0.073226 0.309714 -0.318142 0.192456 0.928303
3.440652 -39.566291 -362.855661 -1157.526480 0.024330 0.979083 -0.202004 0.897855 0.067457 0.435094 -0.439620 0.191956 0.877432
-4.967453 -97.500541 -358.862542 1787.617784 0.624786 0.111941 -0.772730 0.275847 0.894204 0.352572 0.730446 -0.433437 0.527808
-6.188019 -90.275583 -370.808218 1125.456538 0.627827 0.097495 -0.772223 0.138129 0.962421 0.233809 0.765999 -0.253458 0.590767
-3.829899 -97.396493 736.353861 2240.992837 0.581376 0.124206 -0.804099 0.333201 0.865263 0.374563 0.742280 -0.485688 0.461657
-6.017934 -85.381102 -287.341121 3250.827034 0.611807 0.101572 -0.784459 0.106403 0.972140 0.208858 0.783818 -0.211249 0.583955
-4.873705 -87.877315 843.822126 2961.853546 0.577310 0.107917 -0.809362 0.173857 0.952252 0.250980 0.797801 -0.285606 0.530982
