14259
28504
-64.016455 -108.511974 -6041.713940 -20839.705051 0.159764 -0.701875 -0.694152 0.049556 0.708000 -0.704472 0.985910 0.078150 0.147896
-81.453537 -118.672060 -2667.510129 -12220.427003 -0.095817 0.735083 0.671172 -0.061158 0.668653 -0.741055 0.993518 0.112053 0.019112
-67.222105 -145.948846 -7545.452354 -27354.095360 0.149011 -0.505005 -0.850156 -0.144590 0.839387 -0.523950 0.978207 0.200998 0.052059
-72.397768 -103.765507 -824.880969 -9362.587904 -0.026498 0.965667 0.258429 0.024296 0.259065 -0.965554 0.999354 0.019306 0.030326
-31.845000 -137.558005 -19287.505282 -31688.442494 0.289539 -0.563192 -0.773940 -0.028115 0.803221 -0.595018 0.956753 0.194040 0.216729
-53.446833 -99.912101 -13386.286388 -28272.288005 0.250412 -0.639413 -0.726942 0.137528 0.766744 -0.627048 0.958321 0.057045 0.279939
-60.781423 -83.981622 -2876.676537 -9676.730305 -0.031079 0.989826 0.138846 0.194517 0.142246 -0.970530 0.980407 0.003155 0.196959
-96.846728 -113.687959 2193.685605 6558.265371 -0.298698 0.816374 0.494280 -0.628082 0.221788 -0.745871 0.718535 0.533238 -0.446502
-107.963404 -137.952593 -889.673229 -13847.272199 -0.201912 -0.309114 -0.929344 -0.491313 0.852826 -0.176918 0.847256 0.420877 -0.324067
-101.656332 -126.316542 -7537.760708 3830.729492 0.072839 0.697603 0.712773 -0.577384 0.612226 -0.540192 0.813217 0.372196 -0.447378
-100.849349 -119.533307 -7193.344248 9489.457275 0.037403 0.761691 0.646860 -0.736821 0.458297 -0.497050 0.675053 0.458029 -0.578371
-86.373230 -114.861750 14801.557028 11284.210780 -0.239530 0.776085 0.583367 -0.766852 0.217278 -0.603927 0.595452 0.592015 -0.543098
88.499562 -115.596690 11404.561913 -18653.315878 0.536945 -0.134371 -0.832847 0.767639 -0.331628 0.548409 -0.349885 -0.933792 -0.074918
111.407096 -129.189250 7884.212209 -15158.079886 0.549294 -0.291199 -0.783249 0.736353 -0.274440 0.618439 -0.395043 -0.916453 0.063677
115.409912 -136.973041 16956.483151 -22892.252843 0.533088 -0.177370 -0.827259 0.798418 -0.218016 0.561247 -0.279904 -0.959692 0.025394
78.319715 -94.840197 10525.268132 -11936.663296 0.581977 -0.218691 -0.783248 0.673305 -0.410539 0.614913 -0.456030 -0.885230 -0.091679
90.724722 -158.348115 37185.981422 -38468.016987 0.543876 0.028799 -0.838671 0.823504 -0.210497 0.526812 -0.161366 -0.977170 -0.138200
61.145202 -116.235795 29688.459564 -23363.429400 0.508500 0.051438 -0.859524 0.812698 -0.358506 0.459343 -0.284517 -0.932109 -0.224104
53.996533 -83.789273 11277.349864 -7458.970224 0.520551 -0.040740 -0.852858 0.754635 -0.445337 0.481873 -0.399440 -0.894436 -0.201077
13.331158 -30.633403 8871.129766 -1666.700913 0.230551 -0.687893 -0.688222 0.403651 0.711161 -0.575600 0.885388 -0.145097 0.441628
20.671140 -36.869095 -9114.585105 -4359.876451 -0.241475 0.707028 0.664682 0.376408 0.699568 -0.607389 0.894431 -0.103522 0.435058
11.235874 -36.871296 9104.705107 -3940.526723 0.226034 -0.691468 -0.686134 0.361727 0.713581 -0.599964 0.904468 -0.112581 0.411416
21.276733 -83.134331 19072.566469 5807.867656 0.401644 0.142331 -0.904668 0.837386 -0.457014 0.299872 -0.370765 -0.877998 -0.302743
32.132826 -76.945964 16011.114036 -318.744425 0.445554 0.091991 -0.890516 0.794286 -0.499529 0.345805 -0.413028 -0.861399 -0.295634
36.971965 -90.279006 21151.701165 -5278.683755 0.451810 0.109040 -0.885425 0.832925 -0.407051 0.374893 -0.319535 -0.906874 -0.274732
19.001811 -52.210090 -6867.718110 -5263.914542 -0.225486 0.770044 0.596815 0.275638 0.637987 -0.719025 0.934441 -0.002375 0.356111
19.325535 -56.512299 -6686.201593 -3102.139745 -0.209976 0.813207 0.542775 0.210955 0.579757 -0.787007 0.954677 0.050752 0.293285
10.339807 -48.727951 -9488.090001 -3877.754521 -0.192589 0.782636 0.591938 0.266627 0.622272 -0.735994 0.944362 -0.016083 0.328514
9.930702 -43.115985 -10418.798029 -4681.950893 -0.207911 0.732452 0.648295 0.318596 0.677346 -0.663098 0.924808 -0.068679 0.374184
-12.457321 -124.037591 2754.916755 29056.032754 -0.477421 0.731156 0.487319 0.827799 0.188288 0.528485 0.294648 0.655712 -0.695143
-13.247901 -112.452306 -3113.678674 23673.272880 -0.517705 0.746649 0.417728 0.805239 0.260252 0.532784 0.289088 0.612196 -0.735965
-16.300928 -149.990344 1940.125805 26476.624688 -0.446948 0.750924 0.486160 0.881611 0.277618 0.381694 0.151656 0.599201 -0.786103
-4.834138 -146.307207 2649.417364 3124.335452 -0.154242 0.874366 0.460102 -0.495775 -0.471298 0.729442 -0.854644 0.115597 -0.506183
-1.909564 -152.603606 1494.442346 -2017.886725 -0.140878 0.894467 0.424361 -0.362898 -0.445456 0.818458 -0.921118 0.038698 -0.387355
-0.175109 -156.023946 1287.500844 1783.680152 -0.153978 0.881230 0.446906 -0.505560 -0.458876 0.730645 -0.848940 0.113434 -0.516171
2.273567 -135.993034 730.385670 288.276874 -0.362176 0.833062 0.418134 -0.404899 0.263447 -0.875587 0.839574 0.486419 -0.241892
0.868084 -124.985397 366.991761 -3614.985780 -0.371023 0.833026 0.410377 -0.403782 0.253237 -0.879108 0.836242 0.491873 -0.242404
0.106083 -154.646795 965.686900 -23329.771151 -0.344581 0.818300 0.460054 -0.534968 0.231537 -0.812527 0.771410 0.526095 -0.357981
1.938696 -131.761014 218.577601 18973.063644 -0.388740 0.849324 0.357114 -0.269181 0.265993 -0.925629 0.881149 0.455957 -0.125220
3.102852 -158.513381 1227.482079 -20620.564976 -0.327654 0.818507 0.471900 -0.556772 0.236251 -0.796360 0.763313 0.523671 -0.378313
5.840583 -158.462495 1296.616697 21139.298142 -0.369023 0.851865 0.371683 -0.277973 0.280445 -0.918739 0.886878 0.442354 -0.133305
3.733525 -147.636740 918.921354 22700.744032 -0.386070 0.851361 0.355155 -0.240687 0.278702 -0.929728 0.890517 0.444421 -0.097313
5.527244 -146.683926 1201.265160 1468.918151 -0.337769 0.834086 0.436134 -0.434878 0.272647 -0.858222 0.834742 0.479545 -0.270634
-8.799659 -353.032382 -12625.821529 27120.277450 0.810960 -0.156185 0.563870 0.578173 0.361779 -0.731322 0.089775 -0.919088 -0.383691
-11.489594 -353.603497 -8432.203297 -36152.162429 0.802449 -0.144178 0.579041 0.590603 0.053309 -0.805199 -0.085224 -0.988115 -0.127929
12.214250 -354.868383 -24339.595938 30110.265907 0.790969 -0.187668 0.582365 0.609497 0.325164 -0.723036 0.053674 -0.926849 -0.371578
29.010823 -353.146294 -29155.603272 29036.264970 0.758847 -0.197282 0.620670 0.649909 0.290949 -0.702116 0.042068 -0.936178 -0.349001
42.215009 -327.223247 -37056.803817 54176.141404 0.764263 -0.207207 0.610710 0.608580 0.545058 -0.576665 0.213384 -0.812389 -0.542670
-6.931836 -210.706286 -427.406013 -6076.611975 -0.581942 -0.065062 -0.810623 0.486780 0.770629 -0.411309 0.651451 -0.633954 -0.416791
-12.802204 -207.696506 1399.507260 1068.370790 -0.570024 -0.053882 -0.819859 0.322781 0.902935 -0.283762 0.755569 -0.426386 -0.497303
-9.214399 -208.395995 727.994563 -4247.497654 -0.560619 -0.038576 -0.827175 0.499654 0.780819 -0.375056 0.660342 -0.623565 -0.418468
-48.849533 -104.383818 2389.488597 15960.306074 -0.167002 0.609880 -0.774698 0.514153 0.724308 0.459374 0.841283 -0.321597 -0.434532
-18.351368 -86.327596 10669.942256 1572.412871 -0.090877 0.739377 -0.667130 -0.432803 -0.632653 -0.642209 0.896896 -0.230374 -0.377498
-48.806100 -107.171861 -12713.019248 18356.030134 -0.223140 0.465582 -0.856412 0.478092 0.817909 0.320082 0.849492 -0.338021 -0.405099
388.244323 -2486.106272 455427.006989 254804.258796 -0.375506 -0.327988 -0.866845 -0.614908 0.787959 -0.031770 0.693458 0.521100 -0.497565
99.787040 -6528.080280 -45878.345419 10490833.895122 0.698649 0.172682 0.694313 0.458117 0.637440 -0.619515 0.549562 -0.750901 -0.366238
81.277986 -49.302904 -765.522329 212550.902934 0.008490 0.024491 -0.999664 0.907276 0.420150 0.017998 0.420449 -0.907124 -0.018653
18.890945 -1706.992287 -37000.259355 1024315.979403 0.753307 0.114358 0.647650 0.598060 -0.528781 -0.602258 -0.273592 -0.841019 0.466728
-40.572497 -854.896092 14034.064874 -56657.715595 0.745875 0.228665 0.625605 0.564465 -0.715625 -0.411413 -0.353623 -0.659995 0.662840
-17.142793 -34.234480 2857.670088 -337.830586 0.421917 -0.339542 -0.840653 0.303932 0.926541 -0.221691 0.854173 -0.161966 0.494121
-16.774596 -37.614026 2901.681104 3380.268779 0.388899 -0.447939 -0.805052 0.395885 0.870301 -0.293002 0.831885 -0.204760 0.515792
-14.209599 -32.887699 4763.266587 1681.895909 0.361318 -0.450507 -0.816390 0.367995 0.873365 -0.319080 0.856755 -0.185138 0.481347
-18.612480 -38.773838 -618.560083 1648.242032 0.436047 -0.399478 -0.806400 0.357081 0.899320 -0.252423 0.826049 -0.177881 0.534791
-15.767442 -31.715709 4122.341946 -1206.755922 0.380348 -0.385851 -0.840508 0.302255 0.910767 -0.281328 0.874058 -0.147046 0.463034
-18.606175 -37.694375 -114.270080 -3006.100092 0.480276 -0.210536 -0.851475 0.219772 0.968683 -0.115554 0.849138 -0.131633 0.511505
-18.701462 -34.769147 1479.535526 -4016.902874 0.450216 -0.191816 -0.872074 0.195761 0.974097 -0.113193 0.871197 -0.119756 0.476104
-8.603553 -76.582533 16448.937943 3574.078907 0.376311 0.515437 0.769880 0.121244 0.796418 -0.592467 -0.918526 0.316295 0.237207
-28.648824 -81.756632 986.311275 -375.565047 0.298207 0.325247 0.897378 0.136434 0.915976 -0.377325 -0.944700 0.234954 0.228775
-32.080001 -82.472226 -3158.369172 927.960007 0.330614 0.429112 0.840570 -0.007019 0.891748 -0.452478 -0.943740 0.143695 0.297836
-27.173064 -56.071589 3403.066113 2354.863944 -0.083002 0.776790 0.624266 0.597915 -0.462331 0.654788 -0.797251 -0.427607 0.426079
-27.818028 -54.097465 774.546131 1879.057512 -0.256700 0.836611 0.483929 0.589439 -0.261292 0.764387 -0.765941 -0.481465 0.426058
-21.149043 -54.124707 2930.610066 1944.793592 -0.087363 0.791600 0.604762 0.668619 -0.403430 0.624654 -0.738455 -0.458927 0.494034
-23.891231 -59.134161 3085.597239 3256.365602 0.050799 0.699504 0.712821 0.594614 -0.594634 0.541151 -0.802405 -0.396363 0.446142
-30.019450 -61.775309 4503.560841 2738.834306 0.053655 0.674024 0.736759 0.509189 -0.653156 0.560458 -0.858980 -0.345078 0.378251
60.004450 -262.561890 24134.485656 201100.891371 -0.433948 0.793285 0.427069 0.877695 0.479217 0.001681 -0.203325 0.375566 -0.904217
49.334319 -281.680040 17084.267683 242679.481422 -0.373400 0.813160 0.446478 0.886010 0.455221 -0.088093 -0.274880 0.362689 -0.890448
74.698014 -494.874813 27398.236400 -282693.763274 -0.413015 0.796097 0.442322 -0.832044 -0.527318 0.172159 -0.370299 0.296927 -0.880177
33.618754 -145.524122 10200.419598 100169.037957 -0.351842 0.822871 0.446197 0.923052 0.384188 0.019345 -0.155505 0.418669 -0.894726
96.408070 -546.532197 26948.022696 281714.844372 -0.539540 0.778592 0.320456 0.812486 0.581289 -0.044370 -0.220823 0.236427 -0.946224
41.279223 -164.717276 16643.395838 146157.538747 -0.442627 0.804524 0.396008 0.886166 0.459970 0.056018 -0.137084 0.375724 -0.916537
12.536887 -387.833735 -917.046474 30567.891525 -0.169140 0.934546 0.313073 -0.019040 0.314492 -0.949069 0.985408 0.166486 0.035400
15.891511 -357.187727 464.574134 42575.074731 -0.213943 0.925698 0.311947 -0.078659 0.301979 -0.950064 0.973674 0.227797 -0.008208
11.794241 -352.042453 -1030.868496 96916.171880 -0.175854 0.929545 0.324070 -0.381777 0.239037 -0.892809 0.907371 0.280726 -0.312843
14.530267 -254.708767 18405.013150 11936.289408 0.791542 0.387233 0.472771 -0.564767 0.167990 0.807972 -0.233453 0.906548 -0.351667
12.942231 -237.372872 11815.743140 -27566.704359 0.784059 0.406946 0.468665 -0.612407 0.384283 0.690858 -0.101042 0.828687 -0.550517
4.976012 -268.351997 7312.521140 -59373.156760 0.807957 0.411422 0.421826 -0.583056 0.454765 0.673226 -0.085149 0.789886 -0.607313
-13.270741 -221.767156 -3289.072225 -92234.010351 0.844885 0.416664 0.335500 -0.532642 0.713399 0.455361 0.049613 0.563429 -0.824674
-18.989510 -319.091655 18846.213561 -93272.630684 0.798935 0.392933 0.455309 -0.600926 0.490970 0.630742 -0.024296 0.777529 -0.628377
-4.453375 -288.196184 14866.538429 24437.914807 0.800362 0.400118 0.446460 -0.533975 0.137193 0.834295 -0.272565 0.906137 -0.323457
-60.173448 -75.840440 3280.404097 8380.557222 -0.737648 0.067351 0.671818 0.185354 0.976984 0.105572 -0.649245 0.202399 -0.733154
-60.668499 -88.918354 -914.046762 3439.656802 -0.767112 -0.361536 0.529935 -0.243774 0.928385 0.280493 -0.593392 0.085985 -0.800308
-69.265062 -87.552275 -6973.068957 5403.223726 -0.748969 -0.277835 0.601542 -0.167009 0.957690 0.234389 -0.641212 0.075087 -0.763681
-72.038793 -82.944145 287.859931 8453.002631 -0.683194 0.052534 0.728345 0.098582 0.994913 0.020710 -0.723552 0.085951 -0.684897
-55.985929 -78.241599 15958.544135 5940.759180 -0.547028 0.467013 0.694736 0.439116 0.866655 -0.236825 -0.712697 0.175520 -0.679158
11.304155 -76.593146 25291.822694 3883.481995 -0.426305 0.838780 0.338693 0.897879 0.346878 0.271088 0.109897 0.419671 -0.900999
29.817677 -75.109124 22479.185275 4759.948668 -0.437917 0.848109 0.298228 0.885309 0.349117 0.307157 0.156386 0.398533 -0.903723
13.319804 -76.250765 30434.326438 1855.421456 -0.430209 0.833629 0.346386 0.878648 0.298644 0.372545 0.207118 0.464623 -0.860946
43.870476 -75.298182 3120.641163 -5805.263388 -0.120777 0.771654 0.624470 -0.767137 -0.471800 0.434632 -0.630011 0.426561 -0.648947
47.222987 -74.264313 -20575.872205 -4878.152951 -0.224632 0.819784 0.526777 -0.799568 -0.464063 0.381229 -0.556983 0.335558 -0.759717
48.859409 -73.854202 3277.020883 -3867.567713 -0.136685 0.770420 0.622712 -0.817177 -0.443014 0.368728 -0.559946 0.458466 -0.690123
-0.215063 -83.666027 -1229.243594 1060.463353 0.672462 0.699135 0.242909 0.734861 -0.591594 -0.331655 -0.088168 0.401529 -0.911592
0.601056 -83.890249 -1295.441856 -1759.978090 0.710032 0.666553 0.227073 -0.699374 0.629952 0.337693 -0.082045 0.398582 -0.913456
4.405517 -85.690996 -741.905551 1669.430413 0.688507 0.684180 0.240533 0.690785 -0.517688 -0.504792 -0.220847 0.513710 -0.829053
-4.539948 -81.796439 -1567.247932 -226.414353 0.682015 0.695427 0.226354 0.729676 -0.667909 -0.146529 0.049283 0.265100 -0.962961
4.396559 -85.263186 744.665552 1293.456682 0.652819 0.706905 0.272236 0.726466 -0.482399 -0.489427 -0.214652 0.517277 -0.828462
0.193074 -83.697629 1285.682867 371.365543 0.629392 0.722799 0.285355 0.773502 -0.547486 -0.319301 -0.074563 0.421689 -0.903670
-5.198901 -83.872629 -578.295469 -1192.920574 0.639025 0.725873 0.254470 0.767257 -0.624944 -0.144091 0.054438 0.287322 -0.956286
4.355943 -393.870519 -14554.825621 -158427.874911 0.609821 -0.245393 0.753592 0.761046 0.446696 -0.470395 -0.221195 0.860375 0.459160
18.869909 -1721.798112 -18715.284376 -896755.386122 0.487114 -0.284317 0.825762 0.868642 0.255655 -0.424384 -0.090451 0.924015 0.371503
31.110880 -451.998074 -5476.582583 -199005.646332 0.459256 -0.336777 0.821989 0.888016 0.197637 -0.415172 -0.022634 0.920609 0.389829
-15.887503 -145.664496 818.307475 3255.240968 -0.525546 -0.145065 0.838307 0.313267 0.883128 0.349212 -0.790990 0.446141 -0.418680
-12.262725 -142.418440 1466.798624 132.656235 -0.471838 -0.119309 0.873576 0.355333 0.881043 0.312253 -0.806912 0.457743 -0.373315
-12.254022 -151.687301 773.701771 -8760.345690 -0.522539 -0.146445 0.839945 0.483039 0.760942 0.433175 -0.702585 0.632077 -0.326884
-13.467793 -149.788760 578.518456 -7122.607689 -0.552865 -0.155973 0.818543 0.468165 0.754482 0.459976 -0.689320 0.637518 -0.344105
-16.313424 -143.425063 167.436781 3271.375714 -0.572682 -0.179333 0.799922 0.293583 0.866194 0.404373 -0.765405 0.466420 -0.443404
-20.059897 -154.850894 -278.544876 10071.198097 -0.573978 -0.194801 0.795363 0.121040 0.940440 0.317682 -0.809876 0.278613 -0.516213
-42.129456 -124.169105 -185.129206 8064.570190 0.485397 0.337150 -0.806672 0.869138 -0.286134 0.403394 -0.094813 -0.896915 -0.431918
-40.265612 -137.076646 344.350732 12738.880080 0.491370 0.350384 -0.797362 0.839519 -0.434277 0.326515 -0.231870 -0.829840 -0.507544
-42.223116 -122.800748 1318.821992 8495.442408 0.448698 0.439199 -0.778315 0.893075 -0.252492 0.372377 -0.032971 -0.862178 -0.505531
-38.358380 -136.994617 -1161.890405 11245.048432 0.499093 0.250017 -0.829697 0.814393 -0.462492 0.350522 -0.296092 -0.850642 -0.434439
-44.775145 -114.586231 -140.497036 2230.844531 0.464884 0.413941 -0.782646 0.880857 -0.127086 0.456005 0.089296 -0.901389 -0.423703
-43.938579 -118.833341 -1027.750281 2211.348733 0.502503 0.316869 -0.804415 0.863812 -0.144909 0.482526 0.036331 -0.937334 -0.346532
-39.939387 -127.342403 -1475.971041 7080.020558 0.502441 0.234919 -0.832085 0.850323 -0.308495 0.426358 -0.156535 -0.921761 -0.354758
1.952038 -145.827860 787.139420 -9245.347022 0.617369 0.169688 -0.768155 0.580694 -0.757041 0.299472 0.530708 0.630948 0.565910
0.994292 -142.646187 -720.202102 -1060.086879 -0.643993 -0.138159 0.752453 0.645544 -0.625949 0.437562 0.410544 0.767528 0.492295
1.159991 -136.933913 -1584.599762 578.773902 -0.641908 -0.142649 0.753396 0.646469 -0.629059 0.431697 0.412350 0.764157 0.496016
-10.525548 -133.943672 -818.602901 -961.984934 0.339591 0.899820 0.273865 -0.591350 0.430677 -0.681778 0.731425 -0.069575 -0.678363
-15.793807 -133.307760 -2026.773307 -327.189403 0.329461 0.896580 0.295973 -0.571028 0.438859 -0.693779 0.751919 -0.059564 -0.656559
-10.289045 -131.686329 -481.897181 899.179854 0.338935 0.900487 0.272480 -0.410078 0.402065 -0.818645 0.846735 -0.165730 -0.505544
-15.876548 -130.937341 -2491.022761 -1790.156948 0.329436 0.898295 0.290755 -0.727231 0.437808 -0.528639 0.602168 0.037293 -0.797498
-8.895079 -129.906960 52.265404 -1403.038914 0.352378 0.896729 0.267781 -0.426452 0.408558 -0.806982 0.833048 -0.170167 -0.526379
-8.174867 -132.169439 -187.573243 -2343.336212 0.357997 0.893366 0.271543 -0.605879 0.443538 -0.660442 0.710457 -0.071914 -0.700057
-9.621075 -131.337417 -1194.451467 -738.415909 0.345753 0.896955 0.275547 -0.745737 0.440904 -0.499480 0.569501 0.032788 -0.821336
417.375552 -1176.531361 390280.765578 -378617.656568 0.694450 0.711853 -0.104903 0.579904 -0.467394 0.667274 -0.425970 0.524222 0.737388
537.541999 -1700.636428 701031.209805 -327815.018417 0.909907 0.391475 -0.137173 0.260218 -0.281159 0.923708 -0.323041 0.876183 0.357697
50.048230 -892.717939 40052.282188 -5566.659466 0.822561 0.565422 0.060762 0.439262 -0.699590 0.563580 -0.361169 0.436888 0.823824
3236.611915 -8803.639253 7449636.153620 -520762.575559 0.988781 -0.104160 -0.107063 0.113555 0.058514 0.991807 0.097042 0.992838 -0.069686
52.311645 -2532.160058 -57367.406422 -1703600.151759 0.892277 0.438915 0.105803 -0.415666 0.890088 -0.186988 -0.176246 0.122867 0.976648
166.269564 -1107.498721 30721.818667 375695.430840 0.630959 0.769251 0.100711 0.733162 -0.633674 0.246842 -0.253701 0.081910 0.963808
1261.167685 -3379.178549 1037117.187524 3258027.603624 0.476000 0.823768 0.307946 0.820662 -0.541932 0.181171 -0.316129 -0.166483 0.933995
-58.805962 -257.310949 9331.626095 67027.061105 -0.775256 -0.608373 0.169882 -0.586334 0.793155 0.164674 -0.234926 0.028057 -0.971608
-71.965008 -222.336493 11897.922435 75385.642017 0.828876 0.552977 -0.084736 -0.478811 0.779574 0.403738 -0.289316 0.294076 -0.910942
-64.514554 -261.082029 -9796.516918 78497.258457 -0.832695 -0.547502 0.082831 -0.525322 0.828383 0.194469 -0.175088 0.118420 -0.977405
-55.859366 -286.469832 -4060.945775 20732.829850 0.817376 0.561152 -0.130404 -0.572899 0.815576 -0.081382 -0.060687 -0.141228 -0.988115
-45.052981 -279.561701 -18809.067363 25039.286519 0.770263 0.602438 -0.209198 -0.626377 0.776303 -0.070749 -0.119779 -0.185532 -0.975311
-8.981921 -204.760453 -2266.696922 -21457.719840 0.616513 0.750733 -0.237300 -0.265474 0.481951 0.835013 -0.741239 0.451800 -0.496429
-6.016802 -196.540680 -560.799138 -13481.894701 0.614668 0.752713 -0.235812 -0.240491 0.463555 0.852807 -0.751231 0.467483 -0.465953
-9.436558 -214.533038 -2006.761562 -15097.113406 0.617173 0.747421 -0.245885 -0.110502 0.391740 0.913416 -0.779029 0.536565 -0.324363
-7.502375 -226.151649 2170.844151 -26960.759122 0.646009 0.728779 -0.227054 -0.130981 0.398873 0.907604 -0.752008 0.556581 -0.353132
-30.243044 -56.139601 1527.016104 -1043.292388 -0.475845 0.773685 0.418308 -0.540046 -0.632408 0.555347 -0.694206 -0.038354 -0.718754
-30.812817 -58.286360 1939.533945 2451.265346 -0.390868 0.863013 0.320048 -0.673301 -0.505162 0.539886 -0.627604 0.004464 -0.778520
-35.154035 -59.972374 1520.798607 -563.473005 -0.534628 0.753452 0.382731 -0.515789 -0.649674 0.558467 -0.669428 -0.101164 -0.735956
-25.724353 -54.753625 3459.138638 3027.834992 -0.315740 0.883232 0.346712 -0.687482 -0.464795 0.557974 -0.653970 0.062183 -0.753960
-33.259861 -60.530714 790.513378 2316.021259 -0.573423 0.687051 0.446258 0.396090 0.709312 -0.583086 -0.717146 -0.157597 -0.678870
-25.557825 -50.945630 3323.453854 -267.232408 -0.368917 0.829410 0.419499 -0.599009 -0.557267 0.575014 -0.710695 0.039151 -0.702410
-27.626508 -53.823897 2479.667719 -3729.105733 -0.461481 0.727108 0.508280 -0.469572 -0.686296 0.555428 -0.752687 -0.017646 -0.658142
-29.864430 -58.829232 485.278302 3324.983955 -0.543400 0.672604 0.502315 0.391747 0.732396 -0.556894 -0.742462 -0.105835 -0.661474
16.541363 -39.386345 -7078.724964 -3582.491682 -0.115892 0.319206 -0.940573 0.390326 0.885406 0.252390 0.913353 -0.337881 -0.227206
21.410466 -56.322440 6291.587247 -10031.063948 -0.238392 0.062680 -0.969144 0.243963 0.969781 0.002710 0.940027 -0.235790 -0.246480
8.822142 -33.167344 1000.480254 -7613.500311 -0.210187 0.194676 -0.958083 0.317764 0.940370 0.121365 0.924580 -0.278935 -0.259514
88.604525 -619.472939 -29055.927719 189029.520675 0.847055 0.391878 0.359067 -0.335378 -0.130017 0.933069 -0.412334 0.910784 -0.021296
-186.262209 -665.595557 -13227.643640 416571.562893 0.953949 0.299804 0.009962 0.075632 -0.272527 0.959171 -0.290278 0.914247 0.282651
-13.280867 -196.691696 47498.160698 95173.305249 0.990061 0.134439 -0.041299 0.122935 -0.684644 0.718435 -0.068311 0.716372 0.694367
-565.621789 -5833.387616 116646.074449 4276681.897217 0.959334 0.114455 0.258026 -0.212005 -0.311360 0.926342 -0.186364 0.943374 0.274433
-65.140527 -1898.561387 -161163.441131 1056801.587810 -0.348367 0.763124 -0.544318 0.157504 -0.524782 -0.836539 0.924031 0.377155 -0.062622
649.429541 -17525.594511 -167873.763501 -23548244.085382 0.612471 0.789147 -0.046102 0.747974 -0.597411 -0.289198 0.255761 -0.142642 0.956159
-163.167928 -2331.562617 65896.655804 1225113.912541 0.944841 0.241972 0.220737 -0.001782 -0.670138 0.742234 -0.327524 0.701687 0.632743
-17.494692 -56.353953 -12172.084205 907.401856 -0.360708 0.672588 0.646154 0.619591 0.690633 -0.373006 -0.697135 0.265805 -0.665846
-21.849479 -62.228547 -5596.271964 -414.436947 -0.246190 0.774306 0.582959 -0.599230 -0.594340 0.536361 -0.761783 0.217280 -0.610308
-23.459911 -62.365309 -5463.341171 1599.892270 -0.221975 0.779708 0.585477 -0.628534 -0.573475 0.525424 -0.745434 0.251361 -0.617370
-24.930047 -63.355652 -4243.595364 -2043.189056 -0.244599 0.738252 0.628614 -0.665306 -0.599401 0.445068 -0.705364 0.309357 -0.637777
-5.078383 -209.581922 581.451234 -16294.074303 -0.508529 -0.178288 0.842385 0.774252 0.333373 0.537956 -0.376739 0.925784 -0.031489
-5.309955 -204.739010 848.154202 -29716.369683 -0.474334 -0.165633 0.864623 0.652668 0.592941 0.471642 -0.590790 0.788027 -0.173149
-3.882358 -222.328116 931.245798 -14240.314973 -0.494129 -0.184029 0.849688 0.785009 0.325575 0.527031 -0.373626 0.927434 -0.016412
-9.404419 -45.746817 -7536.064879 5162.272276 -0.595447 0.788783 0.152525 -0.224903 -0.345918 0.910911 -0.771272 -0.508097 -0.383376
-14.467966 -39.663604 -3287.687698 6033.166746 -0.579882 0.781386 0.230593 -0.130629 -0.368555 0.920382 -0.804160 -0.503591 -0.315790
-18.213416 -46.718319 -2294.681491 4608.208077 -0.580252 0.769228 0.267573 -0.166702 -0.433757 0.885474 -0.797194 -0.469194 -0.379920
-61.403801 -184.982558 14642.791900 95612.146019 0.068480 -0.522611 -0.849816 0.962664 -0.188997 0.193800 -0.261895 -0.831359 0.490157
-58.293228 -144.111651 5915.860707 27829.532743 -0.141926 -0.489525 -0.860362 0.956873 -0.290414 0.007391 -0.253479 -0.822208 0.509630
-60.031020 -1189.990188 12549.851083 644339.890676 0.060358 -0.618578 -0.783402 0.930052 -0.250120 0.269152 -0.362436 -0.744850 0.560213
-41.319268 -110.831857 12604.677950 9870.310532 -0.033188 -0.442376 -0.896216 0.977205 -0.202494 0.063765 -0.209687 -0.873670 0.439012
-42.836694 -1003.483780 -545.989365 720169.800454 0.036899 -0.504000 -0.862915 0.927136 -0.304958 0.217761 -0.372905 -0.808075 0.456023
-45.997483 -302.079825 18940.309611 154615.855233 0.248387 -0.481431 -0.840552 0.935396 -0.106241 0.337264 -0.251670 -0.870022 0.423939
-82.800964 -122.933242 -624.037812 -12905.687118 -0.072946 0.878160 0.472773 -0.152606 0.458625 -0.875428 0.985591 0.136007 -0.100558
-94.583678 -142.429770 2101.279020 -18562.969947 0.033277 -0.519473 -0.853839 -0.243757 0.824295 -0.510999 0.969265 0.225133 -0.099194
-88.802218 -136.275082 -5591.865700 -4348.426204 0.027387 -0.477497 -0.878206 -0.442776 0.781857 -0.438918 0.896214 0.400869 -0.190012
-100.900979 -134.309208 1001.040789 -8579.128058 -0.016594 -0.612149 -0.790568 -0.382568 0.734398 -0.560626 0.923778 0.293143 -0.246376
130.085960 -156.855180 5750.654196 -27101.396505 0.528361 -0.269765 -0.805023 0.802072 -0.152338 0.577472 -0.278417 -0.950800 0.135882
94.106288 -114.156115 8802.064603 -7533.555664 0.596106 -0.391360 -0.701067 0.596448 -0.368690 0.712964 -0.537502 -0.843152 0.013648
812.686496 -85.372670 -652973.729034 35675.636213 0.024333 0.973936 -0.225513 0.823370 -0.147462 -0.548012 0.566983 0.172345 0.805498
482.416025 -159.796039 185387.465396 64278.429880 0.258089 -0.866982 0.426301 0.856681 0.001378 -0.515845 0.446640 0.498338 0.743083
594.150537 -100.392107 -18227.527111 87560.147052 0.261634 -0.700394 0.664076 0.780277 -0.251480 -0.572648 0.568081 0.667987 0.480706
737.565612 -293.923615 -349342.900510 152668.136927 0.469215 -0.351778 0.809994 0.834721 -0.122702 -0.536828 0.288233 0.928007 0.236063
701.419357 -58.026972 -319404.332139 36274.133343 -0.096418 0.867581 -0.487859 0.818987 -0.209397 -0.534241 0.565654 0.451060 0.690348
930.414500 -70.640499 -499079.285586 26224.350241 0.357955 -0.433392 0.827067 0.825537 -0.266988 -0.497197 0.436298 0.860749 0.262211
940.990963 -117.896218 -557616.777377 97481.688384 0.458598 -0.310839 0.832506 0.796951 -0.270592 -0.540045 0.393136 0.911131 0.123631
-21.861070 -64.142946 -6486.190957 -3070.514136 0.256584 -0.822524 -0.507561 0.962531 0.169783 0.211443 -0.087742 -0.542796 0.835269
-36.866179 -68.295685 -8055.843514 -2451.654079 0.249515 -0.799436 -0.546484 0.967379 0.180238 0.178024 -0.043821 -0.573076 0.818330
-19.863874 -68.170007 -7007.658881 -2436.692788 0.191303 -0.839429 -0.508686 0.980414 0.188143 0.058234 0.046822 -0.509863 0.858980
-36.131092 -64.055447 -8130.971018 -2133.549462 0.371655 -0.779275 -0.504582 0.909214 0.195686 0.367475 -0.187624 -0.595347 0.781255
-21.912275 -60.044312 -5519.814608 -1971.694423 0.349861 -0.804442 -0.480073 0.913965 0.180645 0.363366 -0.205584 -0.565898 0.798433
25.916217 -61.105034 -2312.193285 -3579.734608 -0.255919 0.795601 0.549113 0.216799 0.600796 -0.769443 0.942074 0.077868 0.326241
26.882243 -61.293538 -2272.843691 676.958127 -0.240465 0.828431 0.505845 0.136749 0.544852 -0.827307 0.960977 0.129764 0.244305
20.661654 -56.437859 -6866.239975 -207.365144 -0.192913 0.853607 0.483880 0.141523 0.512193 -0.847130 0.970956 0.094943 0.219613
-19.436140 -182.357746 -270.539215 37016.316464 -0.555151 0.719540 0.417217 -0.449294 0.162708 -0.878442 0.699959 0.675121 -0.232958
-16.487685 -133.019890 871.826848 -33781.408247 -0.568596 0.707088 0.420388 0.595433 0.001158 0.803404 0.567590 0.707125 -0.421682
-18.724382 -180.816589 2292.958716 -42220.292325 0.577100 -0.704426 -0.413206 0.464527 -0.133001 0.875514 0.671692 0.697205 -0.250470
-15.819540 -136.958359 -788.438034 -29368.573579 -0.527595 0.724200 0.444047 0.588130 -0.065791 0.806086 0.612982 0.686444 -0.391212
-18.150439 -207.048296 652.751322 23804.627919 -0.589784 0.692453 0.415528 -0.249154 0.333418 -0.909261 0.768165 0.639798 0.024117
-19.313780 -208.615484 1428.756060 27806.879811 -0.569145 0.719935 0.397200 -0.232523 0.322429 -0.917591 0.788674 0.614601 0.016107
-17.275194 -179.180595 -2398.544176 29677.818745 -0.523614 0.745571 0.412251 -0.414294 0.199990 -0.887899 0.744438 0.635710 -0.204168
-7.946097 -164.278584 464.602367 11083.858522 -0.212728 0.944429 0.250601 0.909384 0.097539 0.404359 -0.357445 -0.313911 0.879598
-6.963521 -154.333569 -593.788417 4093.079273 0.234985 -0.941480 -0.241654 0.956978 0.180551 0.227142 -0.170219 -0.284633 0.943403
-6.989287 -170.531838 158.818478 11975.085243 -0.194961 0.950616 0.241493 0.907028 0.081054 0.413196 -0.373217 -0.299598 0.878038
-8.553591 -148.684648 -1077.325443 5478.411530 0.255122 -0.933861 -0.250633 0.954528 0.201898 0.219349 -0.154239 -0.295197 0.942904
-7.578775 -184.270700 -27.473554 10800.358895 -0.183385 0.950123 0.252260 0.816591 0.004364 0.577200 -0.547310 -0.311843 0.776663
-9.906034 -157.756756 1111.213929 10016.170280 -0.232377 0.937259 0.259897 0.908604 0.113844 0.401843 -0.347044 -0.329522 0.878052
-8.743267 -175.689422 525.229286 8003.517763 -0.196641 0.944367 0.263636 0.818781 0.010245 0.574015 -0.539380 -0.328734 0.775244
-54.154017 -96.952614 -12798.862127 3754.061652 0.879567 0.339293 -0.333530 -0.259837 0.929810 0.260649 0.398556 -0.142595 0.905991
-55.312112 -98.193534 -14149.511983 405.102467 0.895721 0.236783 -0.376322 -0.193086 0.969574 0.150477 0.400502 -0.062123 0.914187
-38.592325 -89.351272 -17023.434183 898.920998 0.938605 0.115472 -0.325094 -0.085107 0.990699 0.106174 0.334330 -0.071988 0.939703
11.785062 -90.232198 -7584.204989 17286.697973 0.299893 0.952127 -0.059315 0.054050 -0.079035 -0.995405 0.952440 -0.295309 0.075165
16.455665 -88.314612 -11234.658518 13021.294703 0.270565 0.948145 -0.166781 -0.015643 -0.168889 -0.985511 0.962575 -0.269253 0.030863
8.384541 -64.628284 -1777.467515 21673.544105 0.247102 0.943991 -0.218682 -0.136559 -0.189503 -0.972337 0.959318 -0.270130 -0.082084
4.823954 -64.741321 357.300352 22344.067729 0.269863 0.958082 -0.096190 -0.064942 -0.081559 -0.994550 0.960706 -0.274639 -0.040210
8.301716 -90.301593 2977.193094 26450.560199 0.257246 0.965884 0.029877 0.075125 0.010835 -0.997115 0.963421 -0.258749 0.069775
10.311271 -104.386070 -1970.204875 15671.084820 0.277216 0.959741 0.045265 0.167487 -0.001881 -0.985872 0.946097 -0.280881 0.161266
18.734323 -113.294361 -10069.348402 9039.334648 0.314658 0.948530 0.035787 0.246847 -0.045365 -0.967992 0.916546 -0.313420 0.248416
1.503207 -125.399975 -14.234962 17284.195357 -0.397558 0.846431 0.354262 -0.271769 0.260142 -0.926535 0.876407 0.464629 -0.126612
-16.147478 -170.852795 -168.965279 4570.470692 -0.298614 0.839786 0.453419 -0.562221 -0.538699 0.627465 -0.771192 0.067552 -0.633008
-19.508071 -179.736635 -161.107698 -3929.508390 -0.312516 0.828245 0.465127 -0.716865 -0.526904 0.456594 -0.623249 0.190740 -0.758406
-17.980006 -167.012395 -4140.848943 -1794.866029 -0.302466 0.865399 0.399499 -0.633428 -0.495689 0.594189 -0.712238 0.073332 -0.698097
-25.216710 -356.046760 2178.527293 -38193.623041 0.809210 -0.084689 0.581384 0.587516 0.120018 -0.800263 0.002003 -0.989153 -0.146875
-23.376666 -334.384820 932.418456 -86179.915326 0.805790 -0.085523 0.585993 0.566221 -0.178609 -0.804669 -0.173481 -0.980196 0.095496
-14.698072 -326.728202 -2818.485764 -77211.428644 0.799737 -0.119986 0.588239 0.550977 -0.242438 -0.798529 -0.238423 -0.962719 0.127777
-9.014342 -209.376529 1200.680245 -344.089036 -0.592016 -0.068580 -0.803003 0.330896 0.887834 -0.319779 0.734863 -0.455025 -0.502919
-11.383258 -206.714175 1642.416336 7309.996033 -0.591108 -0.060916 -0.804289 0.162597 0.967675 -0.192791 0.790034 -0.244735 -0.562096
-14.203931 -202.324734 1316.110326 10066.041727 -0.570202 -0.065427 -0.818895 0.125936 0.978079 -0.165836 0.811794 -0.197688 -0.549463
-18.662254 -196.111071 3231.258026 10414.526550 -0.553788 -0.071974 -0.829541 0.153916 0.970240 -0.186933 0.818308 -0.231201 -0.526230
-29.992482 -97.470431 -15651.684268 17028.259867 -0.233064 0.369597 -0.899488 0.417471 0.873418 0.250715 0.878293 -0.317077 -0.357858
9.389987 -87.151339 12152.932397 4374.666684 0.018291 0.858262 -0.512885 -0.386433 -0.467040 -0.795326 0.922136 -0.212743 -0.323119
21.588285 -90.817715 4167.336002 11580.097844 -0.043087 0.785845 -0.616920 -0.305245 -0.598322 -0.740835 0.951298 -0.156391 -0.265656
-11.035651 -83.441919 -7317.157615 -2973.992600 -0.130562 0.611365 -0.780504 0.372048 0.759923 0.533008 0.918985 -0.220794 -0.326674
-4.314522 -278.599019 8360.928550 -5362.285132 0.903961 -0.017153 0.427270 0.158121 -0.914966 -0.371261 -0.397306 -0.403166 0.824382
-3.428814 -259.816795 5302.270766 -4894.268017 0.889758 0.014252 0.456211 0.280980 -0.804778 -0.522859 -0.359697 -0.593404 0.720062
-2.977711 -341.574929 9320.511856 -3986.117166 0.903784 0.016206 0.427682 0.238700 -0.848517 -0.472273 -0.355242 -0.528920 0.770744
-9.973482 -247.873523 4137.410001 -11196.899747 0.883774 0.004957 0.467888 0.262410 -0.833150 -0.486828 -0.387408 -0.553024 0.737617
-11.108583 -236.864682 2453.840470 29510.873809 0.884535 -0.018656 0.466100 -0.144026 0.939459 0.310925 -0.443682 -0.342154 0.828297
13.167216 -100.712002 -9277.733832 -9631.987615 0.332751 0.880495 0.337647 0.692390 0.014962 -0.721368 0.640213 -0.473820 0.604667
7.858255 -105.590000 -8567.498895 -1415.809640 0.353246 0.878291 0.322213 0.578679 0.065489 -0.812922 0.735084 -0.473619 0.485115
-7.010232 -95.951211 -11410.749285 -9877.013136 0.379018 0.869306 0.317256 0.708627 -0.052162 -0.703653 0.595141 -0.491514 0.635784
8.704958 -83.939270 -10451.004058 -14241.107390 0.327393 0.875969 0.354249 0.791038 -0.049043 -0.609798 0.516791 -0.479868 0.708981
-13.247184 -103.425017 -11207.258787 -3028.245512 0.397409 0.872242 0.285061 0.615922 -0.023271 -0.787463 0.680225 -0.488520 0.546482
-13.964597 -37.717995 6017.310092 3672.455092 0.347296 -0.480240 -0.805453 0.428240 0.845345 -0.319376 0.834264 -0.234010 0.499243
-17.279879 -43.825013 3347.697701 4355.398977 0.373355 -0.492134 -0.786390 0.477035 0.828875 -0.292239 0.795640 -0.266027 0.544230
-19.570352 -43.490539 -1865.229254 3709.883574 0.400639 -0.503445 -0.765527 0.465920 0.831365 -0.302904 0.788928 -0.235320 0.567642
-22.251701 -52.636722 1293.466961 787.313048 -0.237718 0.833483 0.498794 0.662325 -0.236532 0.710900 -0.710504 -0.499357 0.495809
46.718387 -433.613619 11960.069252 -280199.420053 -0.351352 0.839253 0.414977 -0.804907 -0.497162 0.323967 -0.478201 0.220191 -0.850200
122.557821 -55.821281 -5976.570505 -2422.177791 -0.507048 0.819193 0.268003 0.571069 0.552192 -0.607424 0.645587 0.154945 0.747803
108.485595 -51.325237 -50556.523541 -2004.144663 -0.302689 0.858911 0.413101 0.583949 0.509681 -0.631846 0.753249 -0.049977 0.655834
103.574723 -49.475696 -42841.765806 3290.681253 -0.362919 0.824050 0.435007 0.600468 0.563801 -0.567068 0.712550 -0.055408 0.699430
-56.971598 -83.073674 -831.046589 11079.349924 -0.807685 -0.260198 0.529096 -0.102981 0.945819 0.307929 -0.580552 0.194223 -0.790719
-93.213027 -118.107152 3576.826127 -1221.555256 0.383431 0.070246 -0.920894 0.871464 -0.357698 0.335564 -0.305829 -0.931192 -0.198370
-94.129030 -119.778426 -3193.834863 -5673.720788 0.190837 -0.040470 -0.980787 0.872775 -0.450299 0.188401 -0.449272 -0.891960 -0.050613
-93.963998 -112.021156 2969.680899 -7394.915284 0.174158 0.187346 -0.966732 0.863166 -0.501543 0.058304 -0.473935 -0.844604 -0.249058
-1.655273 -72.712018 17528.829608 1894.576688 -0.405251 0.852274 0.330756 0.856827 0.227930 0.462489 0.318778 0.470825 -0.822620
-3.016684 -66.888317 7837.889002 4863.375013 -0.392985 0.871823 0.292383 0.808080 0.175685 0.562265 0.438828 0.457231 -0.773544
-7.296674 -73.230700 701.459013 763.178319 -0.368709 0.884788 0.284964 0.866279 0.215906 0.450494 0.337066 0.412959 -0.846080
20.063303 -76.344522 -8188.880672 -1770.736637 -0.339074 0.890068 0.304644 -0.540666 -0.449376 0.711155 -0.769876 -0.076424 -0.633601
20.102852 -76.149643 9165.134397 -738.435921 -0.316264 0.896784 0.309444 -0.542570 -0.438560 0.716438 -0.778199 -0.058688 -0.625269
18.556079 -75.110876 -8831.397158 -2651.818791 -0.337052 0.896025 0.289024 -0.617903 -0.442148 0.650155 -0.710346 -0.040547 -0.702683
26.203467 -75.581707 4636.286133 1035.233250 -0.324489 0.883874 0.336859 -0.443065 -0.456673 0.771455 -0.835703 -0.101078 -0.539799
26.814620 -76.142794 -13258.635831 -2529.386271 -0.352894 0.882541 0.310785 -0.609267 -0.468830 0.639525 -0.710112 -0.036334 -0.703150
27.165617 -76.190052 -15997.706582 -3798.750733 -0.352805 0.872765 0.337358 -0.537196 -0.484130 0.690680 -0.766126 -0.062448 -0.639649
23.535848 -76.535513 -8645.053606 -1396.743861 -0.346890 0.873694 0.341066 -0.434327 -0.471946 0.767220 -0.831281 -0.118007 -0.543182
326.015987 -156.976371 -199430.065949 113171.830788 0.092318 0.746310 0.659165 -0.208753 -0.632774 0.745667 -0.973601 0.206442 -0.097378
45034.726950 -16215.455131 45200490.443583 9384852.341810 0.354103 0.183652 0.916997 0.381011 0.867134 -0.320795 -0.854074 0.462980 0.237081
739.874922 -42.610306 -401429.329555 99186.383455 0.113711 0.803015 0.585010 -0.032242 -0.585536 0.810005 -0.992991 0.110968 0.040691
116.669060 -294.928453 83040.897421 183452.989027 0.372007 0.676727 0.635335 -0.324817 -0.546278 0.772058 -0.869543 0.493579 -0.016593
1222.102312 -129.866338 -1048775.257438 68822.578725 -0.350977 0.746722 0.564997 -0.272376 -0.658705 0.701369 -0.895894 -0.092273 -0.434580
75.927905 -243.744425 -52863.479974 -118150.179496 0.059972 0.639763 0.766229 0.415856 0.681812 -0.601827 -0.907451 0.354734 -0.225160
162.400997 -228.347089 -156980.403249 -60998.446974 -0.280949 0.457446 0.843688 0.342045 0.869095 -0.357321 -0.896701 0.188191 -0.400639
-9.223880 -143.939507 1414.288282 -3347.007558 -0.440149 -0.104802 0.891788 0.360867 0.888784 0.282558 -0.822219 0.446184 -0.353378
-11.540274 -151.130402 1861.764633 8563.387479 -0.432221 -0.090900 0.897174 0.205848 0.958693 0.196302 -0.877959 0.269528 -0.395656
-9.767132 -153.227799 1042.995377 -14725.102016 -0.486485 -0.136631 0.862939 0.496956 0.769081 0.401931 -0.718587 0.624376 -0.306247
-8.220266 -153.591499 1420.041992 6696.151245 -0.409628 -0.070748 0.909505 0.205761 0.964132 0.167668 -0.888745 0.255822 -0.380378
-6.939394 -148.403643 1056.554205 -7661.083604 -0.422209 -0.095188 0.901487 0.354302 0.898039 0.260760 -0.834392 0.429494 -0.345435
-7.671119 -159.665756 926.589698 -19208.413806 -0.463302 -0.134179 0.875984 0.499424 0.777021 0.383162 -0.732070 0.615007 -0.292984
-40.096204 -139.100159 997.712223 15908.948292 0.469958 0.442108 -0.763989 0.867626 -0.390582 0.307686 -0.162370 -0.807457 -0.567142
-38.064812 -153.090732 377.300265 13941.573593 0.513948 0.347035 -0.784490 0.768140 -0.593281 0.240787 -0.381861 -0.726350 -0.571487
-36.596398 -149.257742 -572.025667 9450.831335 0.509621 0.257689 -0.820904 0.733260 -0.629225 0.257691 -0.450129 -0.733261 -0.509620
-6.516256 -98.363908 -2331.496460 -4963.641943 0.612898 0.787393 0.066097 0.681438 -0.569058 0.460234 -0.399998 0.237035 0.885334
-12.240034 -97.791746 1483.816020 -1829.168764 0.603215 0.797315 -0.020500 0.758150 -0.565224 0.325162 -0.247670 0.211685 0.945436
-7.655007 -96.595032 305.357395 -3720.675194 0.607219 0.794525 -0.003842 0.683259 -0.519704 0.512899 -0.405514 0.314067 0.858440
-14.416448 -132.306216 -1826.256555 2018.348145 0.330908 0.896321 0.295141 -0.390804 0.414846 -0.821690 0.858936 -0.156561 -0.487562
-73.131876 -222.443403 27535.869344 71821.564926 0.865713 0.500532 0.002983 -0.462240 0.797169 0.388401 -0.192029 0.337623 -0.921485
-54.618662 -148.457225 11766.834670 18376.186595 0.804547 0.593639 -0.017219 -0.507515 0.702305 0.499195 -0.308435 0.392887 -0.866318
-3.920490 -179.038456 361.749455 -14858.248411 0.608873 0.762624 -0.218352 -0.355523 0.508406 0.784300 -0.709138 0.399910 -0.580685
-5.319391 -190.642678 -560.705454 -8343.810958 0.605109 0.760277 -0.236268 -0.212710 0.440366 0.872257 -0.767201 0.477554 -0.428188
-35.932051 -60.992798 2229.923860 2619.895350 -0.456009 0.839510 0.295431 -0.651278 -0.541017 0.532107 -0.606542 -0.050238 -0.793463
-29.732305 -63.600772 2465.947398 3995.901816 -0.324950 0.907078 0.267613 -0.770645 -0.417991 0.481030 -0.548192 0.049924 -0.834861
