11868
23728
-52.133957 -75.046480 538.937161 4514.319775 0.251862 0.966409 -0.051174 0.883641 -0.251210 -0.395060 0.394645 -0.054281 0.917229
-42.367611 -76.119892 -1575.420958 8341.084184 0.103454 0.984900 0.138816 0.882630 -0.026564 -0.469318 0.458543 -0.171076 0.872050
-40.781775 -64.735142 -339.951982 7443.913073 0.324331 0.944969 -0.042933 0.763007 -0.288166 -0.578603 0.559133 -0.154900 0.814479
-31.295431 -72.830488 -4114.781056 11840.715435 0.096097 0.965686 0.241279 0.815854 0.062447 -0.574876 0.570217 -0.252093 0.781858
-45.642927 -68.688362 220.989734 5780.453638 0.496021 0.819625 -0.286667 0.695738 -0.572687 -0.433563 0.519530 -0.015611 0.854310
-31.020692 -49.804333 -3133.413352 6172.553053 0.370384 0.928863 0.005502 0.669449 -0.262827 -0.694809 0.643936 -0.261030 0.719173
-35.054209 -55.088636 -951.591681 5650.661532 0.540811 0.792803 -0.281045 0.574054 -0.592090 -0.565589 0.614805 -0.144542 0.775321
-42.617845 -68.229654 3217.084573 1776.062787 0.882061 0.418561 0.216277 0.470978 -0.795234 -0.381815 -0.012178 -0.438646 0.898577
-46.554610 -77.170896 2652.213157 -937.652921 0.828177 0.447541 0.337386 0.535157 -0.810304 -0.238778 -0.166522 -0.378305 0.910580
-47.095268 -71.535990 2124.809728 2377.259320 0.944838 0.234930 0.228232 0.321455 -0.798783 -0.508539 -0.062837 -0.553853 0.830240
-41.095003 -58.234514 4007.035139 2786.401478 0.982220 0.184251 0.035986 0.171580 -0.803277 -0.570356 0.076182 -0.566390 0.820609
3.404728 -154.493750 -2387.681332 -249.723810 0.410371 -0.105947 0.905743 0.771888 0.569227 -0.283141 -0.485576 0.815325 0.315374
-0.389969 -140.448476 -1689.997037 -1130.222646 0.424792 -0.099569 0.899799 0.646555 0.729067 -0.224560 -0.633655 0.677161 0.374078
-0.496428 -145.389122 -1992.054485 -1425.005158 0.428699 -0.089319 0.899021 0.789385 0.521028 -0.324654 -0.439418 0.848853 0.293871
-3.786215 -140.707936 -572.153766 541.745185 0.451046 -0.116531 0.884860 0.704684 0.654917 -0.272954 -0.547702 0.746662 0.377516
4.537584 -148.026819 -2717.398862 -352.911124 0.414172 -0.104656 0.904162 0.880889 0.296145 -0.369233 -0.229121 0.949392 0.214846
-3.083103 -147.278836 -339.171998 -237.407002 0.451076 -0.117608 0.884703 0.810476 0.469057 -0.350876 -0.373710 0.875302 0.306899
0.489924 -143.050833 -1701.513159 23.476807 0.428224 -0.087738 0.899403 0.881771 0.258363 -0.394625 -0.197749 0.962055 0.188002
39.061729 -41.395680 -12851.272100 2512.792462 0.206417 0.863832 0.459549 0.023356 0.465180 -0.884908 0.978185 -0.193394 -0.075846
52.703164 -39.165456 -8864.278055 2539.138802 0.071509 0.885301 0.459487 0.013664 0.459753 -0.887941 0.997346 -0.069774 -0.020780
39.067968 -33.698116 -8636.608304 1626.172338 0.132829 0.882618 0.450934 -0.067590 0.461973 -0.884315 0.988832 -0.086984 -0.121019
56.303287 -35.799661 -5638.410133 1610.192822 -0.023285 0.900382 0.434477 -0.029818 0.433776 -0.900527 0.999284 0.033924 -0.016747
44.749876 -31.860219 -3474.193967 1463.976556 -0.054730 0.921944 0.383436 -0.125495 0.374616 -0.918648 0.990583 0.098397 -0.095197
35.325625 -28.009610 -7762.689988 1668.908919 0.107589 0.892379 0.438275 -0.152889 0.450441 -0.879618 0.982369 -0.027630 -0.184897
-0.585489 -67.023864 -964.466432 -2566.036007 0.510198 0.733907 -0.448418 0.856761 -0.388090 0.339629 0.075230 -0.557465 -0.826785
-2.289435 -65.449444 -481.493707 -2251.327136 0.486139 0.756156 -0.438060 0.870638 -0.375938 0.317270 0.075222 -0.535629 -0.841096
-2.265696 -69.127276 -716.464166 -717.100868 0.510582 0.738959 -0.439597 0.830732 -0.292080 0.473891 0.221788 -0.607148 -0.763008
-0.765527 -70.279521 -440.370350 -179.781629 0.530551 0.730511 -0.429964 0.806061 -0.277859 0.522551 0.262261 -0.623817 -0.736255
-3.743988 -68.951640 -29.927902 876.980045 0.503823 0.750063 -0.428448 0.782337 -0.185941 0.594453 0.366212 -0.634690 -0.680484
-3.113225 -70.173510 -801.684676 932.626143 0.523064 0.733051 -0.434788 0.763107 -0.175617 0.621954 0.379568 -0.657111 -0.651255
4.583557 -103.818500 561.612955 -2204.633637 0.138221 0.982592 0.124128 0.689421 -0.005476 -0.724341 0.711052 -0.185696 0.678176
7.868183 -104.118265 978.778968 1569.737741 0.097048 0.984833 0.143827 0.545466 0.068245 -0.835350 0.832496 -0.159521 0.530570
9.657890 -105.757180 1102.292358 1235.314423 0.146586 0.985322 0.087485 0.469020 0.008637 -0.883145 0.870938 -0.170489 0.460870
-2.753894 -153.505522 -248.786588 15218.250292 0.354078 0.899393 0.256361 0.797396 -0.147104 -0.585252 0.488660 -0.411646 0.769259
-0.998079 -171.924241 161.502265 8695.189496 -0.337945 -0.904777 -0.259175 0.920341 -0.260083 -0.292110 0.196888 -0.337247 0.920598
-2.963917 -176.581445 -146.708280 19899.039627 0.352001 0.903883 0.243084 0.771878 -0.133422 -0.621614 0.529433 -0.406440 0.744652
-37.032280 -52.092872 7343.403217 -4319.194748 0.394883 0.890222 0.227096 0.588706 -0.434951 0.681354 -0.705332 0.135362 0.695834
-36.466532 -45.641451 7982.348399 546.971609 -0.025291 0.957760 -0.286455 0.605024 0.242773 0.758292 -0.795806 0.154134 0.585607
-54.204543 -60.635985 -1053.378788 10059.308258 0.635626 0.039883 0.770966 0.010579 0.998121 -0.060356 -0.771924 0.046520 0.634010
-52.713047 -68.135303 4473.206817 7051.928953 0.649981 0.500623 0.571753 -0.379466 0.865652 -0.326575 -0.658430 -0.004694 0.752627
-60.326331 -81.770632 97.047061 8721.408417 0.680456 0.108354 0.724734 -0.181560 0.983099 0.023486 -0.709941 -0.147564 0.688628
-8.551109 -45.554979 2088.433132 3168.391231 0.172945 0.933049 -0.315452 0.862489 -0.298124 -0.408944 0.475608 0.201349 0.856303
-3.521045 -42.603991 3265.776197 3867.540766 0.053355 0.950964 -0.304664 0.855772 -0.200771 -0.476808 0.514595 0.235283 0.824520
-1.174637 -46.580040 3400.202123 439.366799 0.059433 0.949974 -0.306622 0.922256 -0.169795 -0.347295 0.381984 0.262143 0.886211
0.914106 -51.235997 -4305.953488 -2378.923880 -0.069655 -0.945617 0.317736 0.974771 -0.132226 -0.179827 0.212060 0.297194 0.930971
-6.027772 -48.820077 2368.295871 -505.054251 0.162238 0.938364 -0.305208 0.932474 -0.246966 -0.263627 0.322754 0.241829 0.915067
-2.721722 -50.575447 -2957.568760 3248.967308 -0.652932 -0.717377 0.243002 0.713600 -0.475100 0.514835 -0.253881 0.509558 0.822128
-4.671019 -44.434164 -1287.081060 -1654.577284 -0.679235 -0.713589 0.171554 0.695392 -0.551005 0.461329 -0.234672 0.432648 0.870485
-0.637494 -41.926673 780.466922 -2651.493956 0.706905 0.687520 -0.166136 0.654710 -0.547146 0.521523 -0.267657 0.477438 0.836907
-0.253789 -47.074006 -811.515686 3166.402108 -0.666827 -0.716568 0.204625 0.682251 -0.476560 0.554458 -0.299791 0.509333 0.806663
2.078518 -38.446544 326.750966 -1772.725772 0.716114 0.681710 -0.149838 0.631331 -0.541082 0.555564 -0.297659 0.492445 0.817862
2.369620 -36.843729 108.969624 -5105.561753 0.749172 0.649753 -0.128696 0.615113 -0.610383 0.499067 -0.245716 0.453049 0.856954
-2.380625 -274.335801 1545.941131 5598.138055 -0.570307 -0.148855 -0.807831 0.819857 -0.164000 -0.548578 -0.050826 -0.975165 0.215570
-2.616805 -285.076327 850.216429 47307.840325 -0.582950 -0.147621 -0.798985 0.752089 0.274074 -0.599371 0.307461 -0.950311 -0.048747
-5.561815 -283.663556 2500.542036 46550.409398 -0.569251 -0.121610 -0.813120 0.763119 0.289874 -0.577600 0.305944 -0.949307 -0.072209
-2.313163 -294.707869 1534.321540 -45862.015564 -0.585552 -0.161493 -0.794386 0.688909 -0.615613 -0.382654 -0.427239 -0.771324 0.471728
-1.781935 -251.261453 772.795434 -32874.402006 -0.582308 -0.151502 -0.798727 0.742597 -0.498970 -0.446742 -0.330859 -0.853274 0.403059
-3.905239 -237.686677 1145.705993 -16457.428389 -0.568503 -0.171350 -0.804639 0.791399 -0.381053 -0.478002 -0.224705 -0.908536 0.352236
-8.085867 -154.762926 136.786300 -11071.190160 -0.546255 -0.040009 -0.836663 -0.339286 0.923815 0.177342 0.765827 0.380742 -0.518213
-7.386311 -250.463008 281.243430 -55831.156620 -0.541335 -0.080496 -0.836945 -0.453195 0.866371 0.209800 0.708216 0.492871 -0.505478
-10.694217 -232.120649 -199.642151 -34659.405365 -0.527354 -0.041206 -0.848646 -0.557711 0.770309 0.309163 0.640981 0.636337 -0.429207
-8.905366 -199.376312 194.503995 -28782.599231 -0.540533 -0.033084 -0.840672 -0.469072 0.841358 0.268492 0.698423 0.539464 -0.470301
-11.752158 -27.659906 -418.382395 -83.071778 -0.264806 0.964006 0.023886 0.537598 0.168148 -0.826265 0.800541 0.205959 0.562774
-13.936032 -29.311697 299.346489 -674.556513 -0.407312 0.889985 0.204996 0.386778 0.371431 -0.844063 0.827345 0.264509 0.495515
-12.307768 -29.448463 -244.380861 -305.608934 -0.389242 0.908389 0.152708 0.467219 0.337574 -0.817160 0.793849 0.246725 0.555815
-1.328832 -104.217475 541.178192 -2389.403604 0.038415 0.972767 0.228578 0.421661 0.191604 -0.886279 0.905940 -0.130429 0.402817
1.312372 -107.640971 317.491829 -1914.628512 0.035330 0.973481 0.226024 0.427949 0.189643 -0.883683 0.903112 -0.127948 0.409900
-0.223823 -99.993396 622.035033 -6186.702129 0.041821 0.979039 0.199334 0.628490 0.129314 -0.766993 0.776693 -0.157356 0.609908
-2.027499 -189.086821 -665.808660 -11715.819769 0.403051 0.909194 0.104481 -0.471065 0.303984 -0.828065 0.784632 -0.284535 -0.550810
0.020499 -173.055904 -568.168436 -6155.435862 0.422717 0.897536 0.125460 -0.390883 0.305466 -0.868275 0.817632 -0.317994 -0.479957
0.757626 -175.256850 -1208.003911 -15444.881994 0.435518 0.890240 0.133407 -0.175726 0.229429 -0.957331 0.882861 -0.393492 -0.256358
8.040363 -579.626939 -10024.227473 157466.099535 -0.234150 -0.254506 0.938296 0.832607 -0.550778 0.058381 0.501935 0.794902 0.340869
20.450572 -137.932360 5754.215501 -16606.727060 0.035930 0.364174 -0.930638 -0.722116 0.653212 0.227733 0.690839 0.663846 0.286446
29.289177 -629.675538 -11624.127381 170278.635615 -0.174099 -0.320869 0.930985 0.850786 -0.525057 -0.021862 0.495835 0.788263 0.364403
23.374910 -347.219641 -8239.789793 75882.625070 -0.239517 -0.268607 0.932996 0.963941 -0.180573 0.195474 0.115968 0.946173 0.302172
2.831879 -77.951174 -1070.450920 2281.350802 0.325990 0.936086 -0.132188 0.692443 -0.141231 0.707514 -0.643625 0.322175 0.694226
2.622397 -82.316143 -834.041420 1234.146861 0.342258 0.928966 -0.141004 0.758138 -0.184380 0.625484 -0.555055 0.320977 0.767390
2.772725 -77.627753 -1357.708945 -225.281577 0.341978 0.931940 -0.120581 0.782389 -0.211299 0.585850 -0.520498 0.294689 0.801399
2.356842 -77.936876 148.728891 1736.667337 0.350298 0.925892 -0.141476 0.744934 -0.183844 0.641307 -0.567771 0.330039 0.754129
-22.519838 -123.186179 -6794.526987 -32551.466971 0.161238 0.932126 -0.324259 -0.798164 0.316405 0.512662 -0.580463 -0.176152 -0.795005
-24.998168 -80.604407 -5899.786997 -19417.200527 0.200162 0.940077 -0.276027 -0.756345 0.327343 0.566382 -0.622798 -0.095403 -0.776544
-3.045077 -58.652351 -6814.911696 -6893.636271 0.059393 0.984115 -0.167305 -0.742870 0.155527 0.651118 -0.666796 -0.085614 -0.740307
-6.817549 -66.889893 -6614.427790 -11417.428338 0.042724 0.922596 -0.383394 -0.668089 0.311709 0.675644 -0.742854 -0.227275 -0.629694
22.618031 -77.799555 388.304114 3333.408574 -0.101405 0.968143 -0.228946 0.076307 0.237023 0.968503 -0.991914 -0.080741 0.097912
17.643853 -73.952669 1716.892210 6560.924225 -0.054141 0.966235 -0.251909 0.237513 0.257500 0.936633 -0.969874 0.009121 0.243435
21.016926 -79.690995 524.176145 6813.423187 -0.127767 0.959356 -0.251619 0.249490 0.276629 0.928025 -0.959912 -0.055795 0.274693
19.058549 -67.018812 1175.448517 4090.936756 -0.143947 0.934308 -0.326109 0.355126 0.356363 0.864229 -0.923669 -0.008593 0.383094
25.233238 -82.856950 1288.380127 4607.169219 -0.138332 0.956220 -0.257893 0.168514 0.279324 0.945294 -0.975944 -0.087306 0.199776
4.457897 -61.361767 2836.610892 5278.295941 -0.585078 0.776262 0.234735 0.806766 0.586583 0.071056 -0.082534 0.230949 -0.969459
9.077613 -75.734517 717.660012 8263.538714 -0.551837 0.812598 0.187510 0.828467 0.559916 0.011691 -0.095490 0.161798 -0.982193
7.039528 -55.171081 2888.554791 7386.840042 -0.606354 0.758097 0.240050 0.794912 0.569808 0.208409 0.021212 0.317188 -0.948125
-0.604562 -51.022413 3088.936625 4237.222675 -0.608466 0.753616 0.248660 0.793578 0.578594 0.188315 -0.001956 0.311915 -0.950108
531.289783 -32.324357 146527.433804 -6948.845685 0.243828 0.851772 0.463715 0.853290 -0.415662 0.314834 -0.460916 -0.318918 0.828159
117.429359 -26.307222 33404.394077 -2642.642640 0.038158 0.924196 0.380007 0.796185 -0.257921 0.547327 -0.603849 -0.281671 0.745672
100.293099 -33.714463 37111.576728 -3152.634292 0.101511 0.948113 0.301292 0.804452 -0.256406 0.535829 -0.585280 -0.187983 0.788740
225.953099 -48.934129 96869.436393 -11497.990069 0.217396 0.934018 0.283460 0.858039 -0.321307 0.400663 -0.465305 -0.156117 0.871274
530.571381 -53.443804 149479.836650 -6199.993085 0.153174 0.954585 0.255548 0.932123 -0.225441 0.283413 -0.328153 -0.194790 0.924323
327.335975 -44.484833 -66429.435608 -4620.233442 -0.054164 -0.617885 -0.784401 0.924098 -0.328629 0.195056 -0.378299 -0.714298 0.588786
2.640474 -31.609880 -919.051088 -2528.458381 -0.454089 0.849643 -0.268160 0.860580 0.340348 -0.378899 -0.230661 -0.402827 -0.885734
3.472528 -32.387815 -605.061447 -1494.688108 -0.484792 0.838614 -0.248401 0.845397 0.376481 -0.378900 -0.224232 -0.393685 -0.891477
1.568023 -38.986393 -280.815487 3693.463979 -0.474670 0.844749 -0.247161 0.841798 0.353708 -0.407758 -0.257031 -0.401610 -0.879002
-0.069708 -38.332881 -691.656852 2816.457520 -0.446985 0.851895 -0.272910 0.855590 0.318092 -0.408391 -0.261096 -0.416044 -0.871055
-0.359044 -32.391535 -1238.468797 -2461.180596 -0.420337 0.858222 -0.294571 0.877373 0.301645 -0.373132 -0.231375 -0.415290 -0.879773
-6.387094 -121.302219 549.048210 9624.999085 0.720253 -0.690271 -0.068999 0.141087 0.243144 -0.959675 -0.679212 -0.681474 -0.272514
-10.013823 -124.923910 2360.510787 1374.372235 0.752014 -0.656377 -0.060364 -0.067093 0.014880 -0.997636 -0.655724 -0.754286 0.032848
-6.297148 -119.031844 1206.306485 12374.763297 0.714243 -0.699860 -0.007230 0.226900 0.241310 -0.943550 -0.662098 -0.672284 -0.331152
-1.274445 -95.848114 553.369591 -12080.897987 -0.675477 0.737227 -0.015045 -0.387197 -0.337254 0.858102 -0.627542 -0.585454 -0.513259
-1.726773 -98.145062 -261.958740 -12479.942347 -0.706807 0.706992 0.024186 -0.368650 -0.397303 0.840385 -0.603755 -0.585074 -0.541449
-3.297581 -99.017693 941.518934 -10568.510315 -0.666248 0.744942 -0.034290 -0.372726 -0.292821 0.880529 -0.645902 -0.599431 -0.472751
-6.371083 -111.147894 1079.030079 -7631.066285 -0.667795 0.744254 -0.011683 -0.163478 -0.131334 0.977766 -0.726171 -0.654857 -0.209373
4.020913 -150.158097 715.083572 5235.141994 -0.343849 0.938749 0.022771 0.359636 0.154053 -0.920288 0.867427 0.308251 0.390579
5.579647 -151.472152 -1116.057429 15379.432981 -0.334575 0.935434 0.114120 0.524539 0.285465 -0.802103 0.782892 0.208503 0.586180
5.404267 -167.930822 791.354482 13715.985064 -0.365826 0.927248 0.079896 0.599919 0.300572 -0.741454 0.711526 0.223312 0.666230
5.520275 -176.983511 825.680352 17055.615478 -0.364322 0.928559 0.071046 0.571060 0.283016 -0.770579 0.735635 0.240168 0.633372
3.014300 -176.079597 -21.082517 10387.159732 -0.342857 0.938721 0.035375 0.441064 0.194113 -0.876232 0.829404 0.284820 0.480590
1.124594 -157.368293 -362.162018 -181.198262 -0.311436 0.949283 -0.043225 0.191053 0.017992 -0.981415 0.930863 0.313907 0.186967
3.515193 -136.779741 1057.916467 -1319.615245 -0.330475 0.942306 -0.053348 0.164514 0.001853 -0.986373 0.929366 0.334748 0.155635
3.052383 -132.909994 1032.044069 -2595.320846 -0.331032 0.942884 -0.037261 0.136962 0.008941 -0.990536 0.933627 0.333002 0.132099
43.572093 -22.682561 -2228.624035 2331.056538 -0.548089 0.836250 0.016842 0.134144 0.068009 0.988625 -0.825593 -0.544114 0.149453
46.619441 -27.137143 9007.314215 3072.939462 -0.300229 0.951631 0.065272 0.174280 -0.012551 0.984616 -0.937811 -0.306986 0.162082
41.375189 -17.560202 3399.176413 2757.532504 -0.357040 0.927028 0.114633 0.242572 -0.026494 0.969772 -0.902043 -0.374055 0.215411
30.667301 -15.897321 6793.672823 1629.881826 -0.239859 0.957088 0.162638 0.328049 -0.077768 0.941454 -0.913702 -0.279169 0.295318
32.378001 -11.485151 -894.673204 966.729236 -0.374901 0.909454 0.179843 0.290711 -0.068878 0.954328 -0.880305 -0.410061 0.238566
37.974712 -13.130424 -4979.551658 2293.812285 -0.477042 0.872049 0.109374 0.228161 0.002699 0.973620 -0.848749 -0.489412 0.200255
-11.723775 -38.298685 -665.563860 601.203140 -0.403289 0.914183 -0.040334 -0.798119 -0.329842 0.504193 -0.447621 -0.235527 -0.862648
-12.468431 -38.857092 116.492643 1285.042158 -0.386636 0.922090 0.016172 -0.763192 -0.329756 0.555697 -0.517736 -0.202510 -0.831228
-14.389926 -41.915159 255.401550 638.040205 -0.428103 0.903216 0.030474 -0.813616 -0.399874 0.422055 -0.393392 -0.155889 -0.906058
-14.375759 -42.125056 606.385442 204.392601 -0.458001 0.884978 0.083959 -0.782531 -0.446180 0.434245 -0.421758 -0.133184 -0.896873
-15.941717 -43.994817 1634.414325 419.521500 -0.455151 0.884750 0.100279 -0.823247 -0.461051 0.331205 -0.339268 -0.068194 -0.938215
-19.393553 -23.830419 869.755488 1766.153779 -0.759302 0.362990 0.540091 0.273563 0.931121 -0.241200 -0.590443 -0.035394 -0.806303
-13.172222 -27.654027 1496.190170 1540.189322 -0.798301 0.007590 0.602210 -0.034723 0.997677 -0.058604 -0.601256 -0.067694 -0.796184
-13.942294 -24.578989 1835.684811 2349.605497 -0.733356 -0.370190 0.570218 -0.273595 0.928533 0.250941 -0.622362 0.028020 -0.782228
-9.297558 -28.260622 -933.559931 487.685634 -0.761413 0.441971 0.474249 0.275297 0.882770 -0.380694 -0.586909 -0.159306 -0.793826
-16.266516 -22.560614 3582.812907 1759.445746 0.236031 0.963973 -0.122660 -0.763119 0.262022 0.590758 -0.601614 0.045833 -0.797471
-12.262666 -29.856049 -3303.874576 1668.434664 -0.595084 0.742999 0.306312 -0.572461 -0.659400 0.487319 -0.564060 -0.114644 -0.817737
-7.859563 -32.884200 1198.577285 312.898207 -0.275632 0.958446 -0.073545 -0.708421 -0.150822 0.689488 -0.649744 -0.242146 -0.720554
-7.520993 -31.262954 181.551802 -229.581845 -0.274527 0.952965 -0.128425 -0.740854 -0.124474 0.660032 -0.613001 -0.276341 -0.740179
-8.465852 -31.545394 246.953918 -545.264118 -0.278219 0.954693 -0.105623 -0.685899 -0.120489 0.717652 -0.672411 -0.272111 -0.688345
-8.182123 -36.503959 -775.543425 -1714.389265 -0.305007 0.945334 -0.115390 -0.628093 -0.108599 0.770523 -0.715870 -0.307491 -0.626881
-8.007623 -35.991925 692.591271 -1326.160936 -0.271809 0.958454 -0.086518 -0.638306 -0.112275 0.761551 -0.720198 -0.262221 -0.642304
-14.889690 -244.453251 -560.043445 23118.582549 0.635142 -0.755279 0.161703 -0.483080 -0.225082 0.846151 0.602684 0.615542 0.507819
-17.542048 -250.522603 156.836173 9178.600957 -0.636724 0.753655 -0.163053 0.168555 -0.070307 -0.983182 0.752444 0.653499 0.082266
-13.916953 -241.216112 -2438.754677 -6844.928340 0.682744 -0.708191 0.179792 -0.312835 -0.060959 0.947849 0.660299 0.703384 0.263166
-10.829466 -234.771212 -2199.202215 20636.296707 0.688364 -0.701605 0.184133 -0.539932 -0.326092 0.775975 0.484384 0.633573 0.603289
-12.966968 -242.676933 -1138.402544 -24475.725057 -0.598763 0.763270 -0.242697 -0.177153 0.169305 0.969512 -0.781089 -0.623502 -0.033842
-13.438473 -259.536150 1218.893966 3055.899118 -0.596856 0.767012 -0.235489 0.118349 0.374451 0.919663 -0.793572 -0.521036 0.314268
-14.243734 -252.558260 543.350664 5253.506417 -0.557742 0.790804 -0.252098 0.149805 0.394648 0.906538 -0.816384 -0.467849 0.338578
16.491376 -225.493731 4530.975983 -47036.348235 0.715387 -0.692029 0.096531 0.287683 0.165818 -0.943262 -0.636758 -0.702567 -0.317708
12.813669 -196.734010 1921.861169 11273.933369 0.685496 -0.725716 0.058577 0.579087 0.494687 -0.648030 -0.441309 -0.478143 -0.759359
18.442032 -201.427663 -820.745481 38043.603570 -0.644670 0.761738 -0.064464 -0.356740 -0.225187 0.906657 -0.676119 -0.607492 -0.416913
-12.103299 -793.680036 -10514.903046 268501.857482 -0.714467 0.688394 0.125104 0.456707 0.594308 -0.661980 0.530053 0.415826 0.739008
-137.010215 -3109.314688 -23124.104391 1006674.529016 0.740391 -0.657104 -0.141549 0.493830 0.674612 -0.548662 0.456019 0.336323 0.823974
-49.731080 -661.562291 -13895.647653 157625.660593 -0.650488 0.724457 0.228095 0.685010 0.689314 -0.235811 0.328064 -0.002855 0.944651
24.905905 -575.631229 17856.354619 110565.833773 0.779855 -0.587645 -0.215638 0.552459 0.808121 -0.204280 0.294306 0.040178 0.954866
1.957920 -40.961063 -1433.225268 2345.077707 -0.448208 0.862813 0.233802 -0.515843 -0.463242 0.720634 -0.730079 -0.202389 -0.652704
-1.158918 -40.264328 520.110384 2342.253883 -0.427566 0.871571 0.239898 -0.521761 -0.454646 0.721847 -0.738209 -0.183468 -0.649143
1.432936 -45.851566 -347.231555 1261.692771 -0.441164 0.865015 0.239004 -0.600969 -0.482548 0.637168 -0.666491 -0.137462 -0.732730
-2.971040 -117.092391 769.784098 3896.748702 -0.520455 0.852784 -0.043435 -0.321459 -0.148554 0.935198 -0.791069 -0.500691 -0.351451
-3.745083 -122.533379 793.264175 -4998.621280 -0.504840 0.862192 -0.041978 -0.541298 -0.278317 0.793433 -0.672408 -0.423279 -0.607208
-4.741719 -124.457992 -385.552756 -5354.612687 -0.529838 0.844611 -0.076840 -0.548149 -0.271904 0.790950 -0.647151 -0.461195 -0.607037
-46.236551 -80.535496 -1805.304198 267.775953 0.103710 0.988029 0.114203 0.962631 -0.070831 -0.261389 0.250171 -0.137044 0.958454
-29.317888 -78.583293 -5339.532969 4178.028098 0.078112 0.968393 0.236882 0.938038 0.009074 -0.346413 0.337613 -0.249264 0.907681
-43.199911 -68.112125 -1112.660209 2065.889326 -0.443736 -0.042995 0.895126 0.636563 -0.718185 0.281064 0.630782 0.694522 0.346054
-46.124637 -70.970473 -1433.049682 56.562151 -0.472904 -0.187245 0.860988 0.707206 -0.663518 0.244138 0.525567 0.724351 0.446201
-44.515438 -68.973047 2225.176530 -49.269235 0.513761 0.060195 -0.855819 -0.543308 0.794847 -0.270249 0.663978 0.603817 0.441066
48.470501 -35.998282 -4940.580598 -2147.930942 0.372841 -0.844843 -0.383706 0.910400 0.253145 0.327246 -0.179339 -0.471336 0.863528
32.567390 -29.010559 -7409.810514 -1064.520814 0.283338 -0.903083 -0.322739 0.917524 0.157345 0.365230 -0.279051 -0.399604 0.873182
30.924316 -31.468984 -5950.567842 -2245.936271 0.364886 -0.889689 -0.274430 0.904491 0.268826 0.331104 -0.220806 -0.369034 0.902806
15.940222 -26.524022 -3667.302893 -1793.342889 0.389522 -0.890926 -0.233504 0.874660 0.278410 0.396809 -0.288518 -0.358802 0.887704
38.248920 -39.634666 -5860.544822 -1875.216840 0.385608 -0.886393 -0.256151 0.916076 0.334694 0.220872 -0.110047 -0.319824 0.941064
22.051172 -33.735155 -4607.000911 -2871.348020 0.424770 -0.887251 -0.179877 0.877023 0.354024 0.324803 -0.224501 -0.295723 0.928519
2.228815 -148.858211 -1994.845085 -620.440994 0.418128 -0.104854 0.902316 0.585343 0.790698 -0.179361 -0.694653 0.603160 0.391989
-4.386441 -137.199682 -589.898249 -2377.765910 0.450277 -0.122072 0.884505 0.533108 0.831419 -0.156645 -0.716273 0.542071 0.439446
62.659407 -42.254669 -898.611902 2370.353825 -0.128769 0.904742 0.406031 0.055725 0.415394 -0.907933 0.990108 0.094288 0.103907
-3.310561 -58.212813 -901.523817 -2588.259933 0.455824 0.765400 -0.454299 0.884431 -0.446858 0.134538 -0.100031 -0.463121 -0.880632
-3.697263 -63.958416 -696.848024 -2161.796124 0.471845 0.758970 -0.448695 0.878565 -0.361986 0.311593 0.074069 -0.541231 -0.837605
-0.939424 -59.917961 -839.875418 -3135.301906 0.476054 0.755238 -0.450542 0.875687 -0.454230 0.163853 -0.080902 -0.472537 -0.877590
-23.241303 -96.697146 -97.827372 14565.542547 -0.050125 0.996769 0.062766 0.981779 0.037642 0.186261 -0.183296 -0.070959 0.980493
-22.929275 -116.078528 -1667.714536 12004.915835 -0.102288 0.989899 0.098174 0.895371 0.048619 0.442659 -0.433414 -0.133180 0.891300
-18.345123 -101.193193 -1954.954941 14027.075299 -0.142011 0.983589 0.111294 0.950863 0.104301 0.291516 -0.275124 -0.147223 0.950070
-16.769177 -86.632184 -961.602184 11951.070140 -0.112777 0.988166 0.103966 0.985611 0.097995 0.137727 -0.125909 -0.118002 0.984999
0.154869 -215.706341 1425.252682 21249.282408 -0.326468 -0.907460 -0.264452 0.917089 -0.236370 -0.321056 0.228837 -0.347340 0.909389
-0.481688 -177.097779 -658.181847 4217.112020 -0.287451 -0.927987 -0.237089 0.956605 -0.290496 -0.022781 -0.047733 -0.233348 0.971221
0.293567 -185.052046 465.697025 -3367.949540 -0.294932 -0.917840 -0.265679 0.946268 -0.319154 0.052123 -0.132633 -0.236031 0.962651
0.211848 -201.509210 506.628108 -3201.865843 -0.316512 -0.914370 -0.252484 0.942150 -0.333982 0.028441 -0.110330 -0.228876 0.967183
-14.059141 -52.877298 -1291.945972 669.011293 0.570771 0.801211 -0.179671 0.805528 -0.588796 -0.066663 0.159201 0.106681 0.981465
-15.396393 -52.424553 -850.551656 -952.982334 0.541527 0.813962 -0.210274 0.811083 -0.571640 -0.123981 0.221117 0.103410 0.969749
-14.716308 -53.853814 -97.970286 21.033697 -0.505781 -0.827521 0.243709 0.846550 -0.530461 -0.044310 0.165946 0.183901 0.968836
-23.919397 -42.117078 6365.174154 -2381.069147 0.230904 0.972446 -0.032116 0.613811 -0.119978 0.780283 -0.754930 0.199884 0.624601
-20.691707 -38.039655 5571.941036 53.718874 0.047758 0.956876 -0.286544 0.593367 0.203591 0.778760 -0.803514 0.207218 0.558056
-8.335313 -33.445702 2283.854444 1704.367340 0.075922 0.948884 -0.306357 0.771285 -0.250610 -0.585076 0.631945 0.191869 0.750887
-1.989962 -38.093787 2328.838737 2755.310976 -0.013760 0.966152 -0.257606 0.830493 -0.132434 -0.541057 0.556859 0.221385 0.800560
-8.858582 -39.145568 2018.982447 3544.242535 0.138103 0.935307 -0.325774 0.799895 -0.299293 -0.520185 0.584034 0.188746 0.789480
-3.947542 -32.584888 942.838462 1470.732201 -0.032497 0.974576 -0.221688 0.779424 -0.114135 -0.616012 0.625653 0.192807 0.755899
-11.918903 -34.384898 1502.491331 1393.326496 0.206525 0.906307 -0.368720 0.744487 -0.390084 -0.541824 0.634891 0.162607 0.755296
-12.025907 -31.381360 1161.881860 -259.132751 0.211319 0.892938 -0.397500 0.705969 -0.420702 -0.569752 0.675982 0.160223 0.719289
-8.326929 -29.098431 1666.529507 353.055426 0.027037 0.962081 -0.271422 0.722831 -0.206368 -0.659491 0.690496 0.178361 0.701001
-9.493098 -52.876822 -1016.961991 2240.372178 -0.600374 -0.774346 0.199847 0.749404 -0.457510 0.478622 -0.279187 0.437118 0.854975
-9.566119 -46.387500 -720.812018 -3057.554310 -0.605623 -0.776354 0.174626 0.756470 -0.493596 0.429088 -0.246929 0.391965 0.886222
-4.685379 -214.420323 1494.866846 37531.220038 -0.578269 -0.133790 -0.804801 0.612640 0.580235 -0.536655 0.538773 -0.803385 -0.253567
-2.733109 -219.229119 604.774644 30201.545962 0.586373 0.169795 0.792046 0.574862 0.601656 -0.554566 0.570702 -0.780500 -0.255186
35.043375 -30.502188 -4685.785475 -3365.122764 -0.353125 -0.865254 -0.355862 0.883862 -0.183823 -0.430112 0.306741 -0.466417 0.829678
26.698818 -23.705425 -6993.747830 -1050.486721 -0.383719 -0.890320 -0.245133 0.871413 -0.261254 -0.415194 0.305613 -0.372930 0.876084
19.842834 -27.837832 7618.093392 -2609.306374 0.330460 0.909800 0.251120 0.867946 -0.188420 -0.459530 0.370764 -0.369814 0.851922
-1312.960373 -4283.088060 455020.917957 5670638.980496 -0.288027 0.081915 -0.954112 0.776033 0.603730 -0.182435 0.561081 -0.792969 -0.237460
-1011.392035 -8735.057334 364797.263450 3611152.029424 -0.430150 -0.021800 -0.902494 0.724851 -0.604240 -0.330886 -0.538109 -0.796504 0.275716
-170.438705 -3325.726449 84042.021546 -5949736.507953 -0.186600 0.119898 -0.975092 -0.072663 0.988122 0.135406 0.979745 0.096119 -0.175672
-614.066825 -3995.158351 -211959.846996 6318909.509751 0.305262 -0.179334 0.935230 0.823545 -0.443374 -0.353826 0.478109 0.878213 0.012344
-14.567406 -27.732805 -86.357865 -569.855655 -0.297267 0.950958 0.085505 0.455730 0.220011 -0.862500 0.839013 0.217426 0.498782
-16.134772 -29.015346 473.513713 -616.498020 -0.369442 0.906951 0.202369 0.342534 0.335353 -0.877615 0.863819 0.254910 0.434555
-14.102501 -27.439833 -410.337014 -204.468229 -0.118221 0.981263 -0.152143 0.529063 -0.067415 -0.845901 0.840308 0.180496 0.511179
-16.832777 -27.945867 -604.874886 -406.131147 -0.194593 0.979771 -0.046721 0.447772 0.046352 -0.892945 0.872716 0.194681 0.447734
2.324212 -135.608690 -1537.722686 -50.266063 0.438783 0.878272 0.190023 0.352448 0.026314 -0.935461 0.826589 -0.477438 0.297999
8.701111 -166.433937 -2637.197610 2058.304213 0.431377 0.882726 0.186301 0.319937 0.043399 -0.946444 0.843537 -0.467879 0.263695
1.993882 -150.841505 -2050.786925 -7944.231330 0.452402 0.873750 0.178587 0.137619 0.129455 -0.981989 0.881132 -0.468831 0.061679
0.194566 -138.733111 -1228.974892 -13670.368741 0.450186 0.876678 0.169611 0.219238 0.075614 -0.972737 0.865602 -0.475098 0.158161
8.087937 -112.152600 2410.313226 12081.064511 -0.039448 0.329056 -0.943486 -0.665640 0.695556 0.270418 0.745230 0.638689 0.191594
12.593092 -86.753321 2169.956319 -4558.464098 -0.082463 0.395408 -0.914796 -0.711036 0.619836 0.332011 0.698303 0.677832 0.230036
-1.778496 -119.710346 -2180.001071 -13261.950579 0.042695 -0.310011 0.949774 0.737359 -0.631682 -0.239330 0.674150 0.710543 0.201620
31.300324 -3168.806017 261.677380 922095.524040 0.059742 0.076968 -0.995242 -0.586957 0.809157 0.027344 0.807411 0.582530 0.093518
9.142594 -299.343160 2735.478787 74163.998662 0.035560 0.255654 -0.966114 -0.589171 0.786223 0.186365 0.807226 0.562579 0.178582
0.411057 -84.219142 -1423.125618 751.248949 0.293772 0.937288 -0.187587 0.436109 0.043207 0.898856 -0.850592 0.345867 0.396067
1.689873 -78.880279 -879.062291 477.707912 0.313244 0.935784 -0.161820 0.553187 -0.041295 0.832033 -0.771921 0.350146 0.530599
0.773068 -79.342891 344.680296 667.572406 0.329678 0.927228 -0.177652 0.478762 -0.002016 0.877943 -0.813695 0.374491 0.444586
67.875569 -125.106622 1918.767782 862.798555 -0.119640 0.326415 0.937624 0.977593 0.203484 0.053901 -0.173197 0.923064 -0.343446
78.035203 -130.269890 -3979.127722 -10893.647696 -0.124247 0.375504 0.918455 0.880105 0.469171 -0.072758 -0.458233 0.799297 -0.388777
72.737175 -126.235352 7104.996312 -3804.750754 -0.126366 0.437073 0.890505 0.974525 0.222378 0.029142 -0.185291 0.871502 -0.454039
54.080574 -128.026779 189.743008 -11974.912600 -0.170154 0.410784 0.895714 0.859576 0.506339 -0.068923 -0.481848 0.758207 -0.439256
77.195693 -125.941048 11901.133948 16391.494526 -0.137584 0.363148 0.921517 0.969330 -0.141916 0.200648 0.203643 0.920860 -0.332485
20.339874 -75.959934 1229.929349 1969.457978 -0.018473 0.977711 -0.209139 0.004453 0.209253 0.977851 -0.999819 -0.017133 0.008220
16.269129 -71.653879 1335.566506 6617.283157 0.013249 0.978133 -0.207557 0.174911 0.202107 0.963618 -0.984495 0.049071 0.168409
15.817471 -55.607861 1479.810364 4336.367257 -0.080942 0.935106 -0.345000 0.386180 0.348522 0.854048 -0.918865 0.064103 0.389330
14.056972 -59.901141 1194.781365 5619.974377 -0.019290 0.960958 -0.276022 0.311514 0.268108 0.911635 -0.950046 0.068399 0.304523
-6.307744 -46.618709 644.521430 61.106113 -0.221699 0.962903 0.153840 0.974234 0.225428 -0.007015 -0.041434 0.148321 -0.988071
-5.458156 -46.936784 1668.882851 -29.774136 -0.207801 0.963300 0.169918 -0.965214 -0.230111 0.124140 -0.158685 0.138211 -0.977608
-8.173661 -47.625383 144.861681 82.532879 -0.286311 0.944111 0.163342 0.957691 0.287185 0.018755 -0.029202 0.161801 -0.986391
-5.680664 -45.171855 759.132285 360.929816 -0.189802 0.972427 0.135503 -0.973062 -0.204704 0.106052 -0.130866 0.111724 -0.985085
-9.003760 -46.726778 562.448926 -286.997200 -0.264882 0.949152 0.170141 0.962661 0.250065 0.103688 0.055870 0.191253 -0.979949
71.784652 -45.825743 28647.924122 806.360629 -0.112776 0.960658 0.253805 0.722736 -0.095980 0.684427 -0.681860 -0.260621 0.683479
34.064883 -46.875673 17239.852037 -585.771527 -0.159749 0.969525 0.185745 0.695402 -0.023023 0.718252 -0.700640 -0.243907 0.670531
2.368486 -42.223957 -35.703815 2844.553033 -0.516226 0.827796 -0.219693 0.820185 0.403968 -0.405100 -0.246591 -0.389312 -0.887485
3.509043 -36.133524 -54.277345 -1142.876434 -0.510688 0.829901 -0.224638 0.840544 0.426988 -0.333418 -0.180786 -0.359091 -0.915626
-6.511954 -124.405754 1487.793110 1855.575889 0.751129 -0.654734 -0.084429 -0.086357 0.029344 -0.995832 -0.654482 -0.755290 0.034500
-7.293884 -112.937577 758.762608 -9422.126521 0.734669 -0.673817 -0.078951 -0.287728 -0.204074 -0.935717 -0.614390 -0.710158 0.343803
-11.957811 -117.293523 1652.669636 -11273.690499 0.737308 -0.669799 -0.088007 -0.303943 -0.212555 -0.928676 -0.603320 -0.711470 0.360299
-13.487088 -122.144802 1846.552845 -5804.308908 0.721621 -0.688491 -0.072413 -0.191436 -0.097932 -0.976607 -0.665294 -0.718602 0.202472
7.506230 -181.878738 534.895381 14174.099069 -0.376892 0.918552 0.119228 0.743168 0.376707 -0.552985 0.552860 0.119810 0.824616
1.088505 -134.738192 -1893.693932 11327.881922 -0.331452 0.933115 0.139409 0.569377 0.315654 -0.759060 0.752296 0.172216 0.635919
5.431945 -157.906227 -1556.202228 13557.199644 -0.351892 0.924886 0.144077 0.697746 0.361786 -0.618273 0.623957 0.117036 0.772645
1.278701 -117.487799 -2079.935792 7974.566656 -0.288801 0.953226 0.089182 0.333294 0.187427 -0.924006 0.897502 0.237130 0.371833
27.306019 -31.946090 11644.909616 3130.152408 -0.157485 0.982265 0.101756 0.187432 -0.071437 0.979676 -0.969571 -0.173357 0.172858
24.173414 -36.527913 11707.702885 1324.033421 -0.162985 0.982876 0.085964 0.086045 -0.072637 0.993640 -0.982869 -0.169345 0.072732
-0.046147 -35.695338 5575.861780 2053.606723 -0.205817 0.975088 0.082718 0.132070 -0.056076 0.989653 -0.969637 -0.214612 0.117239
47.022298 -35.302242 13096.019161 3382.826988 -0.225620 0.971028 0.078742 0.123213 -0.051735 0.991031 -0.966392 -0.233299 0.107971
-9.872120 -35.452901 -929.504229 833.909924 -0.336918 0.933852 -0.120030 -0.792813 -0.212619 0.571175 -0.507872 -0.287600 -0.812005
-11.747026 -38.369050 -760.769239 915.429593 -0.380265 0.920802 -0.086732 -0.832735 -0.300068 0.465308 -0.402431 -0.249165 -0.880889
-9.675852 -34.905115 -460.677880 1123.993983 -0.296213 0.942196 -0.156601 -0.834283 -0.175411 0.522688 -0.465005 -0.285477 -0.838018
-10.268069 -34.177387 321.229850 2545.866205 -0.767595 -0.130314 0.627548 -0.133331 0.990159 0.042526 -0.626914 -0.051028 -0.777416
-9.163309 -33.030579 1119.788921 436.403762 -0.795706 0.077036 0.600764 -0.022810 0.987364 -0.156821 -0.605253 -0.138487 -0.783894
-8.166756 -33.728796 -48.595031 1139.914334 -0.306689 0.946735 -0.098158 -0.748012 -0.175966 0.639933 -0.588574 -0.269684 -0.762136
-7.541169 -252.105792 -313.927374 -6242.817342 0.685486 -0.705734 0.179021 -0.271859 -0.019999 0.962129 0.675427 0.708195 0.205569
-5.623264 -237.678136 -1240.520553 17748.904175 -0.677040 0.717363 -0.164338 -0.006313 -0.228954 -0.973417 0.735919 0.658005 -0.159540
-4.304803 -211.802593 609.874813 1062.920405 0.678637 -0.710001 0.188019 -0.299644 -0.033920 0.953448 0.670571 0.703384 0.235767
-7.529597 -215.787782 -241.420702 2644.082748 0.674346 -0.715338 0.183164 -0.479322 -0.235364 0.845490 0.561701 0.657947 0.501594
-14.086085 -223.592710 -751.949854 -9587.310710 -0.656401 0.730103 -0.189966 0.001769 0.253296 0.967387 -0.754410 -0.634658 0.167555
-16.170041 -222.097672 1229.772869 12029.080844 -0.628838 0.739137 -0.241327 0.249023 0.485478 0.838032 -0.736580 -0.466890 0.489350
-31.428238 -374.620305 5114.108981 -103650.656600 0.803285 -0.567373 -0.181163 -0.234255 -0.580630 0.779739 0.547592 0.583914 0.599322
-169.573292 -561.566283 -682.904407 -123035.767637 0.890431 -0.276825 -0.361250 0.064309 -0.709254 0.702013 0.450553 0.648326 0.613740
-13.082956 -934.546789 -5484.981892 268091.298528 0.794220 -0.598648 -0.104090 0.527512 0.764328 -0.370856 0.301571 0.239633 0.922839
-0.588675 -45.293726 1236.866603 1412.856044 -0.414376 0.879641 0.233503 -0.610553 -0.458949 0.645439 -0.674920 -0.124889 -0.727245
-6.030865 -30.794282 1744.778098 1378.359104 -0.373728 0.740675 0.558327 -0.367403 -0.670921 0.644112 -0.851671 -0.035592 -0.522867
-1.840146 -28.166693 3187.257256 1908.037941 -0.346876 0.752564 0.559754 -0.346786 -0.657425 0.668978 -0.871445 -0.037938 -0.489023
-3.073843 -32.316851 3919.163572 1616.087770 -0.344275 0.761379 0.549342 -0.422260 -0.648160 0.633707 -0.838553 0.013795 -0.544645
-7.007362 -34.839502 2045.166821 1087.057833 -0.366005 0.772540 0.518867 -0.459564 -0.634869 0.621082 -0.809223 0.011134 -0.587397
0.107458 -35.677770 3963.699430 1483.033566 -0.331121 0.778633 0.533000 -0.498439 -0.623958 0.601859 -0.801197 0.066380 -0.594707
-23.793192 -48.761682 666.506568 2189.874850 0.208128 0.818060 0.536154 -0.567798 0.547390 -0.614792 0.796422 0.176472 -0.578420
-22.440096 -42.847067 117.553545 2292.721620 0.185037 0.863074 0.469963 -0.689648 0.454730 -0.563565 0.700104 0.219829 -0.679359
-21.439671 -44.619785 1590.027075 1952.711414 0.131388 0.843407 0.520963 -0.625638 0.478189 -0.616371 0.768970 0.244950 -0.590496
-10.216104 -35.528700 -824.017740 697.221617 -0.424392 0.767889 0.479832 -0.395874 -0.633942 0.664381 -0.814356 -0.092005 -0.573026
-10.346968 -35.971555 -311.985975 814.646341 -0.402147 0.775820 0.486190 -0.455561 -0.630174 0.628764 -0.794192 -0.031367 -0.606856
-12.333298 -37.871261 -1308.071578 614.443856 -0.395415 0.811068 0.431063 -0.528663 -0.584749 0.615292 -0.751107 -0.015408 -0.660000
-9.697742 -109.598902 581.498210 -18773.711071 0.684985 0.435764 0.583871 -0.658481 0.027355 0.752100 -0.311766 0.899645 -0.305680
-3.255135 -271.177483 -1376.004770 -72606.242148 0.737675 0.455653 0.498213 -0.506466 -0.114511 0.854623 -0.446462 0.882761 -0.146301
3.415263 -257.893269 1656.344209 -80148.979620 0.740342 0.425773 0.520202 -0.577134 0.005788 0.816629 -0.344688 0.904811 -0.250014
-4.391730 -96.206023 1964.711602 10783.469125 0.618901 0.409572 0.670233 0.756218 -0.080006 -0.649410 -0.212357 0.908763 -0.359241
-55.293415 -78.312974 1258.395276 -236.946070 0.211011 0.977441 0.009132 0.957649 -0.204848 -0.202352 0.195916 -0.051443 0.979270
-50.744927 -77.449021 -324.204736 2852.784036 0.426238 0.869537 -0.249452 0.839665 -0.482896 -0.248543 0.336577 0.103518 0.935949
-53.599808 -79.852343 767.510462 559.401035 0.322554 0.937824 -0.128238 0.919009 -0.342725 -0.194839 0.226675 0.055006 0.972416
-44.403872 -69.529268 -969.382146 604.759849 -0.430661 -0.153906 0.889294 0.763568 -0.587435 0.268111 0.481138 0.794502 0.370503
-47.866367 -72.377016 -960.117865 96.189624 -0.450852 -0.264878 0.852392 0.818762 -0.503030 0.276749 0.355474 0.822679 0.443664
53.374904 -33.173557 -9808.855046 -919.006852 0.295875 -0.875030 -0.383119 0.912100 0.139645 0.385452 -0.283781 -0.463488 0.839433
46.149923 -32.471493 -12986.861020 1342.853855 0.195984 -0.908046 -0.370193 0.919080 0.038477 0.392189 -0.341882 -0.417100 0.842107
18.527281 -26.041031 -6077.905219 463.739332 0.233267 -0.915204 -0.328616 0.914848 0.092000 0.393179 -0.329606 -0.392349 0.858733
7.548213 -149.833394 -778.594731 -2393.322661 0.423802 -0.149534 0.893326 0.738387 0.628246 -0.245135 -0.524573 0.763509 0.376665
9.666929 -151.605307 -2389.300130 -1254.105932 0.411086 -0.128884 0.902439 0.871445 0.346125 -0.347535 -0.267565 0.929293 0.254603
-3.325615 -60.190206 -561.208275 -2339.234012 0.457671 0.764845 -0.453375 0.889061 -0.387722 0.243396 0.010377 -0.514474 -0.857443
-15.348893 -114.686478 -4164.192534 5529.752243 -0.159801 0.973687 0.162471 0.840812 0.048023 0.539193 -0.517203 -0.222771 0.826362
-18.644051 -128.250217 -3815.103132 3398.617544 -0.117471 0.979158 0.165683 0.719300 -0.031136 0.694002 -0.684696 -0.200701 0.700650
-28.006642 -132.884328 -1765.959074 9211.406993 -0.070506 0.992076 0.103995 0.774056 -0.011345 0.633015 -0.629179 -0.125130 0.767122
1.932858 -178.365729 -1710.020800 23572.066968 0.378394 0.891882 0.247720 0.765637 -0.151168 -0.625258 0.520209 -0.426257 0.740059
-1.894710 -148.177948 -463.715379 14463.372132 0.407167 0.886351 0.220449 0.623714 -0.093505 -0.776040 0.667230 -0.453475 0.590901
-2.747539 -150.659471 147.874510 10466.145143 0.406355 0.887643 0.216716 0.560712 -0.054978 -0.826184 0.721441 -0.457239 0.520052
-17.478623 -50.920149 -244.818498 1809.976789 0.488548 0.834269 -0.255569 0.799907 -0.545235 -0.250733 0.348524 0.081937 0.933712
-12.784369 -35.521557 4077.223648 -1716.659719 0.229481 0.969409 -0.087085 0.605513 -0.072141 0.792559 -0.762032 0.234608 0.603545
