13315
26622
-21.573229 -33.645955 -488.869596 -2181.471747 0.412804 0.750115 0.516644 0.865252 -0.500128 0.034790 0.284485 0.432666 -0.855493
-28.118083 -40.815953 -138.678023 1659.259592 0.480315 0.653311 0.585219 -0.754504 0.647983 -0.104122 0.447236 0.391539 -0.804162
-19.194799 -44.585040 1091.210205 3524.730026 -0.649610 -0.570454 -0.502582 -0.667775 0.744133 0.018503 0.363433 0.347631 -0.864331
-23.770637 -35.384572 199.789099 -956.684821 -0.035687 0.847872 0.528998 0.907009 -0.194769 0.373362 0.419596 0.493130 -0.762077
-13.108912 -37.373221 -1271.620055 -3721.031441 0.574363 0.700338 0.423833 0.804999 -0.577211 -0.137127 0.148606 0.419946 -0.895300
-17.045936 -25.773691 -728.669574 -1856.150391 0.201298 0.862256 0.464752 0.966991 -0.250604 0.046113 0.156230 0.440128 -0.884239
-18.565366 -28.009589 163.354073 -1218.404783 -0.194494 0.869689 0.453665 0.948724 0.049293 0.312237 0.249187 0.491132 -0.834683
-24.743644 -38.532060 -260.737984 28.718802 0.826176 -0.435615 -0.357314 0.377092 -0.043670 0.925146 0.418611 0.899073 -0.128188
-25.699355 -39.495692 -305.670394 -109.009468 0.782225 -0.455906 -0.424587 0.365216 -0.216563 0.905382 0.504720 0.863279 0.002897
-25.931946 -39.563311 -187.431034 19.212131 0.720530 -0.570936 -0.393533 0.449868 -0.046996 0.891857 0.527688 0.819649 -0.222984
-24.005714 -38.054122 -273.566173 -329.918169 0.858777 -0.309118 -0.408593 0.350730 -0.226656 0.908634 0.373485 0.923620 0.086230
-23.148749 -36.738028 -203.711758 -44.887875 0.895741 -0.292892 -0.334458 0.330633 -0.064046 0.941584 0.297204 0.953998 -0.039471
-15.090177 -99.288562 3.051180 19192.527465 -0.092661 0.904817 0.415596 0.990352 0.126946 -0.055571 -0.103040 0.406436 -0.907850
-36.741068 -103.382383 -4110.986971 22283.360986 0.276179 0.949015 0.151971 0.956437 -0.255812 -0.140673 -0.094625 0.184202 -0.978323
-2.928234 -21.303351 -2063.068436 2024.903562 -0.562259 0.746980 0.354803 0.810238 0.583456 0.055619 -0.165466 0.318747 -0.933285
3.405533 -48.775921 740.390952 10084.445142 -0.265501 0.877938 0.398414 0.952933 0.301712 -0.029816 -0.146383 0.371745 -0.916721
39.375400 -19.499764 7604.317801 -1401.110032 0.446923 0.317484 0.836340 0.798386 -0.563286 -0.212812 0.403535 0.762832 -0.505220
50.713188 -25.084575 2318.660652 -2319.084692 0.498240 0.565848 0.656942 0.825858 -0.540452 -0.160839 0.264036 0.622678 -0.736585
44.205455 -29.949721 6683.465152 -4301.115501 0.384371 0.455931 0.802736 0.851318 -0.511397 -0.117174 0.357094 0.728423 -0.584709
17.971190 -18.021397 5936.181869 -1530.901135 0.432980 0.238230 0.869353 0.785046 -0.573620 -0.233801 0.442979 0.783713 -0.435388
24.050921 -12.749989 6145.647621 -517.074980 0.476748 0.187634 0.858781 0.773582 -0.553527 -0.308511 0.417471 0.811419 -0.409043
24.331124 -22.249828 6430.956090 -2131.414567 0.345641 0.341408 0.874055 0.822701 -0.558261 -0.107275 0.451327 0.756164 -0.473835
-8.830009 -12.452731 769.073139 289.488084 0.847086 0.169312 0.503765 -0.135491 0.985374 -0.103348 -0.513895 0.019290 0.857636
-7.678526 -10.775995 706.999135 142.024650 0.843487 0.252292 0.474213 -0.183101 0.965005 -0.187721 -0.504978 0.071512 0.860165
-10.911468 -13.653915 337.083213 632.818369 0.414565 0.882461 0.222257 0.706917 -0.466089 0.532005 -0.573065 0.063434 0.817051
-12.433255 -14.913937 361.567809 368.221503 0.512470 0.775955 0.367788 0.623468 -0.630744 0.462006 -0.590476 0.007460 0.807021
-9.783866 -14.317116 833.075177 317.415956 0.844224 0.117261 0.523006 -0.123244 0.992098 -0.023498 -0.521628 -0.044620 0.852005
-31.343356 -39.791021 517.758790 2642.105776 0.865929 -0.446145 0.226101 0.194892 0.717290 0.668963 0.460635 0.535209 -0.708073
-30.645180 -44.758311 -924.154101 2482.772626 -0.836350 0.388837 -0.386426 0.128157 0.824055 0.551824 0.533006 0.411995 -0.739030
-33.084578 -46.583076 -446.146330 2248.477402 -0.870985 0.431072 -0.235714 0.246611 0.798537 0.549109 0.424932 0.420137 -0.801822
-33.305758 -45.114517 -119.251797 1926.910625 0.885436 -0.464014 0.026345 0.365552 0.730313 0.577074 0.287011 0.501332 -0.816267
-0.089456 -38.430085 114.095327 -3185.194086 0.155693 0.913706 0.375367 0.915196 -0.276426 0.293267 -0.371721 -0.297875 0.879258
-1.487389 -46.752731 -282.013807 -1848.716492 -0.160630 -0.917097 -0.364871 0.968805 -0.217180 0.119375 -0.188721 -0.334313 0.923374
0.613858 -41.191588 -135.031805 -2269.624384 -0.123916 -0.923504 -0.363022 0.945458 -0.220950 0.239355 -0.301255 -0.313562 0.900513
1.421350 -33.715695 2.601392 -2707.422325 0.122514 0.920044 0.372169 0.882088 -0.272813 0.384049 -0.454874 -0.281234 0.844983
1.184068 -42.282590 -153.650874 -1307.738654 -0.117126 -0.924979 -0.361519 0.967891 -0.187844 0.167037 -0.222415 -0.330347 0.917280
1.477023 -36.516416 75.274328 -2101.561868 0.104323 0.924688 0.366153 0.913127 -0.234944 0.333167 -0.394102 -0.299588 0.868868
25.760566 -16.901761 -839.738247 -677.836359 0.783398 -0.442344 0.436599 -0.297423 0.350002 0.888278 0.545735 0.825730 -0.142627
17.225663 -16.501269 -681.504167 -235.735687 0.798845 -0.526474 0.290985 -0.123236 0.330239 0.935818 0.588778 0.783433 -0.198929
22.573003 -19.873369 -233.854858 -843.660536 0.761114 -0.493134 0.421336 -0.286833 0.326724 0.900543 0.581749 0.806269 -0.107227
32.669147 -23.466235 1325.994639 -1518.112711 0.735941 -0.415396 0.534638 -0.434758 0.315401 0.843509 0.519015 0.853211 -0.051520
3.660435 -64.771807 -672.857642 1028.862650 0.305404 -0.065246 0.949985 0.709049 -0.650332 -0.272612 0.635593 0.756843 -0.152351
5.410829 -65.334283 -248.917169 755.178637 0.294516 -0.103218 0.950056 0.710978 -0.640632 -0.290003 0.638569 0.760879 -0.115291
5.153276 -66.245607 -368.522617 633.892388 0.290682 -0.070995 0.954182 0.838208 -0.462023 -0.289728 0.461424 0.884022 -0.074793
3.936108 -66.205894 -223.196726 663.147411 0.289133 -0.051904 0.955881 0.818384 -0.504632 -0.274944 0.496639 0.861773 -0.103429
1.067213 -23.516789 623.292917 -114.899432 0.329966 0.886558 0.324250 0.375752 0.191753 -0.906665 0.865987 -0.421006 0.269853
0.681935 -21.537537 -128.053791 328.329098 0.303419 0.861680 0.406749 0.460336 0.241194 -0.854351 0.834283 -0.446468 0.323479
1.261940 -23.055501 21.692677 -106.843215 0.293041 0.852724 0.432421 0.517509 0.238831 -0.821672 0.803935 -0.464565 0.371305
645.910905 -17.848262 171948.444949 -339.809552 -0.539601 0.646868 0.538881 0.693088 0.704673 -0.151870 -0.477975 0.291543 -0.828579
420.390484 -15.082873 94747.690843 -718.500912 -0.610584 0.766530 0.199043 -0.751968 -0.639998 0.157947 -0.248458 0.053234 -0.967179
1003.993737 -24.194354 256233.524944 -3813.279858 -0.647826 0.690686 0.321363 0.660525 0.719444 -0.214726 -0.379511 0.073163 -0.922290
520.939554 -9.955133 89493.285970 -2981.207836 -0.542830 0.750303 0.377334 -0.781240 -0.616005 0.101000 -0.308220 0.239963 -0.920553
441.859728 -19.452026 103171.129458 -2826.945204 -0.518350 0.596791 0.612498 0.670503 0.728178 -0.142066 -0.530791 0.337042 -0.777601
1078.454921 -38.241348 244664.820299 2351.153656 -0.389931 0.696711 0.602119 -0.763450 -0.610202 0.211654 -0.514876 0.377157 -0.769841
1.149555 -63.314828 169.617905 1345.060159 -0.141461 0.357444 -0.923159 0.985896 0.135110 -0.098760 0.089427 -0.924110 -0.371516
0.868738 -65.441060 212.918473 1983.488660 -0.149811 0.365434 -0.918703 0.985876 -0.015147 -0.166790 -0.074866 -0.930714 -0.358003
1.227200 -63.851600 17.970546 -215.444317 -0.133612 0.351540 -0.926589 0.990395 0.080939 -0.112105 0.035587 -0.932667 -0.358978
1.464218 -65.560267 -48.108288 -38.065549 -0.146578 0.340658 -0.928691 0.967109 0.246649 -0.062167 0.207883 -0.907258 -0.365607
3.638499 -28.165980 1217.071852 378.830944 0.334610 -0.587846 0.736528 -0.086062 0.759251 0.645082 -0.938419 -0.279238 0.203462
12.086624 -32.311443 1995.960050 1937.766467 0.364781 -0.635666 0.680341 -0.171909 0.672148 0.720184 -0.915086 -0.379666 0.135910
8.596566 -29.379840 -740.318563 813.899653 -0.299390 0.769626 -0.563952 -0.062623 0.573938 0.816500 -0.952074 -0.279769 0.123635
3.266454 -26.573458 320.634447 -509.754458 -0.260080 0.767800 -0.585526 0.040952 0.614619 0.787760 -0.964718 -0.180902 0.191293
2.101895 -28.038569 839.339884 -607.196726 0.326313 -0.659451 0.677233 -0.014171 0.712956 0.701065 -0.945156 -0.238364 0.223301
2.168653 -347.223364 -408.745177 -17770.312426 -0.124923 -0.308652 0.942936 0.986022 0.066982 0.152556 -0.110246 0.948814 0.295971
13.291387 -1100.238472 -3547.793770 -216664.805828 -0.101190 -0.359467 0.927655 0.972302 -0.233199 0.015696 0.210686 0.903549 0.373108
2.591619 -282.993782 -36.049663 -1366.606006 -0.164037 -0.315978 0.934478 0.902557 -0.430377 0.012908 0.398099 0.845537 0.355786
-1.659341 -173.579910 -529.360982 -10156.265367 -0.173632 -0.234145 0.956571 0.976782 -0.164723 0.136980 0.125496 0.958145 0.257309
13.121569 -230.715225 -3690.668501 -21799.670349 -0.166066 -0.186612 0.968297 0.818441 -0.573819 0.029778 0.550070 0.797439 0.248022
9.446047 -328.200748 40.085098 12195.757584 0.149094 0.253775 -0.955704 -0.630672 0.768809 0.105759 0.761593 0.586968 0.274674
2.280541 -18.284378 -939.662349 -48.345119 -0.231978 0.884601 -0.404558 0.348799 0.463893 0.814336 -0.908034 -0.047798 0.416161
5.671705 -16.684156 -815.552017 85.093808 -0.147649 0.951130 -0.271205 0.345628 0.306542 0.886890 -0.926683 -0.037212 0.373997
2.497844 -17.289832 -853.084448 -162.188632 -0.185692 0.921084 -0.342231 0.403368 0.389044 0.828214 -0.895998 -0.015748 0.443778
5.632180 -8.480004 -857.884157 251.873866 0.433036 0.847087 0.308097 0.899557 -0.384429 -0.207390 -0.057236 0.366958 -0.928475
2.031981 -9.521551 -751.727632 -426.947825 0.420299 0.860384 0.288251 0.904981 -0.374359 -0.202151 -0.066018 0.345825 -0.935974
5.770902 -8.830609 -1008.095675 -452.967612 0.386567 0.870344 0.305070 0.921047 -0.347355 -0.176118 -0.047316 0.349065 -0.935903
281.433941 -6941.634234 -165705.459775 -3594870.170336 -0.204937 0.175632 -0.962888 0.542866 0.838982 0.037490 0.814430 -0.515037 -0.267283
-253.983488 -662.794834 -50256.049441 -77651.171618 -0.139905 -0.127310 -0.981946 -0.360996 0.930001 -0.069141 0.922013 0.344806 -0.176070
1021.859140 -53.674607 -204214.468556 -10860.311446 -0.384561 0.889078 0.248302 -0.413428 0.074616 -0.907474 0.825342 0.451634 -0.338875
-5.236168 -41.895148 2117.817891 1706.117060 -0.382230 0.370475 0.846551 0.862803 -0.184934 0.470501 0.330865 0.910246 -0.248959
-7.340487 -179.073503 1432.115654 -33973.503212 -0.211851 0.413631 0.885454 0.955906 -0.100845 0.275816 0.203380 0.904842 -0.374029
-21.952142 -312.696543 -2578.259032 63708.707454 -0.023159 0.156147 0.987462 0.281797 0.948696 -0.143408 -0.959194 0.274943 -0.065973
-37.528135 -173.500678 -6398.955060 23749.506564 -0.048485 0.099646 0.993841 0.027902 0.994758 -0.098377 -0.998434 0.022961 -0.051012
-76.071795 -181.054228 -7792.973341 34421.103753 0.185240 0.231519 0.955031 0.427165 0.856260 -0.290429 -0.884995 0.461755 0.059717
-27.987004 -75.878230 -3121.787244 20372.504818 0.005756 0.135611 0.990745 0.456067 0.881364 -0.123289 -0.889927 0.452556 -0.056774
-25.600561 -46.728670 8957.831634 -4626.837234 0.466556 0.834607 -0.292843 0.174236 0.237875 0.955540 -0.867161 0.496836 0.034436
-27.236403 -120.024800 9986.192802 -14926.697360 0.491111 0.825249 -0.278880 0.306029 0.136288 0.942216 -0.815571 0.548078 0.185618
-154.104810 -269.925853 -12472.723608 44400.525344 0.439157 0.351841 0.826649 0.085062 0.899707 -0.428126 -0.894374 0.258331 0.365185
-140.051654 -154.190200 13697.321945 -16459.088831 0.588773 0.742081 0.320408 0.071424 -0.442611 0.893865 -0.805136 0.503399 0.313600
4.250799 -20.495730 1566.289152 519.573833 0.373089 0.707302 0.600440 0.837785 -0.534901 0.109534 0.398649 0.462174 -0.792133
1.989517 -22.017583 1453.364742 369.350312 0.293081 0.749928 0.593053 0.921495 -0.386911 0.033864 0.254854 0.536571 -0.804451
11.283887 -17.964418 1848.416556 272.546296 0.453684 0.675541 0.581219 0.813509 -0.580218 0.039375 0.363832 0.454963 -0.812794
-4.415593 -29.249508 -974.742222 -1923.185837 0.361746 0.807460 0.465992 0.700833 0.094092 -0.707092 0.614795 -0.582370 0.531857
-7.286626 -21.226698 1368.838232 -1093.706284 -0.261330 -0.786848 -0.559085 0.773266 0.176014 -0.609163 0.577726 -0.591514 0.562445
-4.333513 -19.643475 537.542667 -856.989357 -0.193567 -0.774873 -0.601751 0.819878 0.209099 -0.532989 0.538824 -0.596531 0.594827
2.222683 -39.659743 -959.647255 -2203.299889 0.435732 0.804993 0.402646 0.563454 0.104893 -0.819461 0.701895 -0.583938 0.407871
-4.137817 -37.361111 -2240.619726 -3237.317899 0.498265 0.797384 0.340457 0.562799 0.001250 -0.826593 0.659538 -0.603471 0.448144
-0.673506 -7.530264 374.340619 322.015051 0.673113 -0.227772 -0.703590 -0.620708 -0.691218 -0.370054 0.402046 -0.685812 0.606647
0.768196 -9.700971 -216.848586 -867.804749 0.276771 -0.588991 -0.759268 0.861394 0.502274 -0.075633 0.425908 -0.633096 0.646368
-7.297718 -9.170996 419.085911 752.756703 0.736807 -0.120977 -0.665191 -0.514923 -0.737993 -0.436143 0.438143 -0.663876 0.606053
-3.944334 -13.053387 1281.403782 -706.276625 0.201357 -0.596322 -0.777082 0.861697 0.485068 -0.148952 0.465761 -0.639617 0.611521
-12.098464 -12.734307 -44.646125 1900.197683 0.815359 0.049344 -0.576848 -0.340533 -0.764909 -0.546765 0.468216 -0.642246 0.606872
43.206117 -22.174894 -3755.302759 -340.921730 0.734036 0.649395 0.198689 -0.290580 0.564775 -0.772394 0.613803 -0.509230 -0.603266
42.475635 -23.773389 -3749.343187 1320.173614 0.723003 0.653389 0.224386 -0.285399 0.578278 -0.764292 0.629137 -0.488546 -0.604573
46.929299 -21.182747 2013.030278 325.125182 0.538419 0.749392 0.385379 -0.268522 0.586064 -0.764477 0.798750 -0.308126 -0.516776
48.322874 -20.350806 4995.169185 -384.629678 0.396924 0.777194 0.488284 -0.306907 0.613747 -0.727408 0.865020 -0.138868 -0.482138
50.026603 -21.133953 7465.027010 722.811564 0.299983 0.790486 0.533988 -0.268818 0.607132 -0.747748 0.915285 -0.080766 -0.394626
14.084785 -23.842642 1472.364704 37.967628 -0.181878 -0.953634 -0.239795 0.978751 -0.152083 -0.137541 0.094696 -0.259716 0.961031
15.986654 -23.437250 -523.760886 -68.056375 -0.186624 -0.974940 -0.121093 0.973619 -0.167067 -0.155419 0.131293 -0.146904 0.980399
14.097253 -24.285544 1640.173629 -0.510197 -0.182402 -0.956254 -0.228708 0.962812 -0.126566 -0.238691 0.199303 -0.263741 0.943779
14.938740 -22.903301 -10.479532 -210.868465 -0.200704 -0.970631 -0.132643 0.979335 -0.195350 -0.052349 0.024900 -0.140408 0.989781
14.920948 -23.914621 1174.355578 -52.913580 -0.188824 -0.948956 -0.252643 0.981925 -0.185859 -0.035779 -0.013003 -0.254832 0.966898
-3.084682 -25.552071 -360.620678 -86.119817 -0.523569 0.579195 0.624827 0.840960 0.233739 0.488008 0.136606 0.780961 -0.609458
-3.620152 -25.298969 -446.246017 102.709289 -0.528611 0.578741 0.620991 0.848802 0.351525 0.394924 0.010265 0.735860 -0.677056
-5.234810 -25.420798 -520.351344 -46.102987 -0.541242 0.562779 0.624769 0.830713 0.242753 0.500986 0.130280 0.790159 -0.598896
-5.092219 -26.352967 -454.603840 -258.585069 -0.524957 0.567813 0.634041 0.809778 0.103827 0.577477 0.262069 0.816583 -0.514307
-3.208109 -27.081030 -236.344356 -350.812458 -0.496865 0.579342 0.646133 0.826156 0.087824 0.556554 0.265689 0.810340 -0.522264
-28.260884 -69.818803 1652.011517 2381.916234 -0.509783 -0.426669 -0.747044 0.752109 0.200552 -0.627783 0.417677 -0.881891 0.218663
-24.586030 -80.508898 912.606458 4389.457607 -0.293563 -0.466954 -0.834131 0.791504 0.370566 -0.486007 0.536044 -0.802891 0.260812
-23.834143 -83.770931 1217.796103 -640.488524 -0.474159 -0.447176 -0.758424 0.852104 -0.016294 -0.523119 0.221569 -0.894298 0.388766
-26.780452 -69.351528 955.224987 4235.176313 -0.301875 -0.417237 -0.857196 0.651645 0.565996 -0.504983 0.695867 -0.711029 0.101030
-18.516785 -76.208251 -437.325974 2138.816007 0.716793 0.390048 0.577988 0.679303 -0.203582 -0.705054 0.157337 -0.898007 0.410887
-28.420693 -57.808496 866.602188 1369.053583 -0.442774 -0.359832 -0.821263 0.703382 0.428642 -0.567027 0.556062 -0.828726 0.063307
-26.069671 -60.863348 -1240.351878 2292.058111 0.706298 0.372438 0.602025 0.640322 0.026541 -0.767648 0.301880 -0.927677 0.219734
0.717619 -45.620017 69.377192 2967.150315 0.988841 0.147595 0.020212 -0.104778 0.785503 -0.609923 0.105898 -0.601000 -0.792203
-0.424260 -60.017273 47.920529 3879.997635 0.990549 0.126867 0.052122 -0.043106 0.648723 -0.759803 0.130207 -0.750376 -0.648061
0.251386 -46.638196 87.804078 3213.054584 0.989634 0.138573 0.037712 -0.087325 0.789108 -0.608016 0.114013 -0.598420 -0.793029
0.635446 -36.789192 88.966091 1148.217574 0.988484 0.149838 0.021181 -0.121371 0.868600 -0.480419 0.090383 -0.472316 -0.876783
0.985354 -37.435415 43.606202 918.812610 0.989261 0.145835 0.009714 -0.122994 0.866538 -0.483719 0.078961 -0.477330 -0.875169
-2.979410 -42.099231 58.694102 -482.849216 -0.222895 0.654849 0.722143 0.846504 -0.237374 0.476534 0.483476 0.717514 -0.501423
-2.046857 -40.226477 -64.104920 -616.166041 -0.240026 0.665319 0.706922 0.921088 -0.073885 0.382280 0.306569 0.742894 -0.595083
-2.374514 -40.418121 -38.970025 -510.411203 -0.248926 0.649551 0.718414 0.856923 -0.197969 0.475911 0.451352 0.734092 -0.507336
14.829452 -31.163439 -1809.807857 746.814458 -0.406574 -0.123341 -0.905254 -0.353460 0.934924 0.031365 0.842475 0.332723 -0.423712
7.715075 -26.840702 -243.122043 1076.697516 -0.389801 -0.188291 -0.901445 -0.476521 0.878876 0.022480 0.788025 0.438320 -0.432311
14.215916 -27.619326 -2226.150750 158.213840 -0.467655 -0.017499 -0.883738 -0.359004 0.917386 0.171812 0.807722 0.397614 -0.435302
-2.330411 -70.586089 506.929609 1185.251105 0.782543 -0.341416 -0.520635 -0.224596 0.625122 -0.747515 -0.580674 -0.701896 -0.412504
-3.398608 -69.201052 0.111268 2587.554504 0.748986 -0.372535 -0.547940 -0.206045 0.655015 -0.726980 -0.629735 -0.657398 -0.413838
-3.020034 -65.186034 -541.970099 2109.292587 -0.774820 0.345144 0.529650 -0.131688 0.731316 -0.669205 -0.618313 -0.588263 -0.521187
228.044752 -13.480684 -37710.081713 3424.892007 -0.227483 -0.456294 -0.860260 0.385449 0.769075 -0.509855 0.894249 -0.447570 0.000926
231.212617 -6.873380 -57714.664595 1144.743261 -0.255790 -0.404828 -0.877887 0.405464 0.779439 -0.477570 0.877594 -0.478109 -0.035230
450.218215 -7.609538 -100495.190755 4677.064567 -0.505205 -0.288284 -0.813425 0.349318 0.793579 -0.498206 0.789142 -0.535840 -0.300217
337.739330 -32.437629 -69589.687294 2490.994060 -0.606223 -0.387519 -0.694494 0.304980 0.693216 -0.653023 0.734494 -0.607684 -0.302058
437.592008 -15.943138 -116365.226409 5259.219361 -0.717793 -0.096977 -0.689469 0.351282 0.804537 -0.478874 0.601143 -0.585931 -0.543425
281.330002 -24.286572 35992.198563 4398.519963 0.812182 0.067594 0.579476 0.318162 0.781243 -0.537059 0.489013 -0.620557 -0.613005
21.892358 -20.420116 -3920.002025 -793.566400 0.746129 0.664827 0.036009 -0.175972 0.249075 -0.952363 0.642126 -0.704249 -0.302833
28.374325 -18.319857 -5764.114934 -19.933001 0.745277 0.665110 0.046816 -0.131138 0.215064 -0.967755 0.653732 -0.715106 -0.247503
33.094181 -15.223373 -1192.742382 -1681.979039 0.604772 0.781829 0.151640 -0.066067 0.239003 -0.968769 0.793654 -0.575866 -0.196195
29.347834 -16.570937 967.050527 -1753.977659 0.505928 0.822132 0.261028 -0.079820 0.345939 -0.934856 0.858874 -0.452135 -0.240643
36.239807 -15.208993 3712.085441 -650.477660 0.396241 0.873759 0.282025 -0.053864 0.328761 -0.942876 0.916565 -0.358415 -0.177333
-9.533671 -61.806536 -402.806060 -36.367430 -0.629819 0.643515 0.434989 0.108562 0.627450 -0.771052 0.769117 0.438400 0.465042
-7.718654 -60.701736 368.113817 -229.960753 0.604523 -0.632276 -0.484541 0.056650 0.640854 -0.765570 0.794571 0.435355 0.423229
-6.621011 -61.979480 -386.995806 397.053408 -0.621836 0.644817 0.444444 -0.079075 0.512913 -0.854791 0.779145 0.566684 0.267959
-8.502468 -63.482535 -344.062513 171.175420 -0.650384 0.647538 0.397108 -0.007992 0.516920 -0.855997 0.759563 0.559901 0.331021
23.519247 -599.178512 -2912.035548 113545.122369 -0.120499 -0.009390 0.992669 0.549405 0.832222 0.074564 -0.826822 0.554363 -0.095123
17.815028 -267.248996 758.029611 20141.184103 0.051289 -0.014246 0.998582 0.701545 0.712155 -0.025873 -0.710777 0.701877 0.046520
94.599617 -1498.180782 14987.345702 -302214.869741 0.092568 -0.142907 0.985398 0.101150 0.985877 0.133475 -0.990555 0.087317 0.105715
32.934210 -326.322835 -4005.786416 -35523.472461 -0.243455 0.044394 0.968896 -0.081677 0.994465 -0.066088 -0.966467 -0.095226 -0.238481
34.288050 -228.811046 1541.505067 -12048.706726 -0.150204 0.043311 0.987706 -0.494971 0.861524 -0.113050 -0.855829 -0.505866 -0.107967
-234.893877 -1481.129840 -38999.205190 155717.692935 -0.420508 0.282906 -0.862054 0.237651 0.951314 0.196274 0.875611 -0.122334 -0.467268
-2686.299086 -39806.612269 926928.787206 -6652217.258407 0.808094 0.370942 -0.457587 -0.550775 0.200347 -0.810252 0.208880 -0.906787 -0.366204
-526.928782 -1496.802278 -105964.596688 -213478.105864 -0.103109 0.749394 -0.654047 0.974591 -0.055340 -0.217049 -0.198850 -0.659808 -0.724646
-640.425871 -1530.065768 89757.249557 286929.884992 0.929696 0.076572 0.360281 -0.227308 0.888942 0.397633 0.289821 0.451573 -0.843852
-8.237708 -22.313908 -29.667804 -315.555346 0.540048 0.817625 0.199593 0.800231 -0.572299 0.179176 -0.260726 -0.062957 0.963358
-5.757270 -22.325445 374.477494 -446.773967 0.474210 0.857874 0.197932 0.809209 -0.513271 0.285892 -0.346852 -0.024595 0.937597
-6.724029 -24.937264 -12.866641 -120.518845 0.564914 0.780211 0.268595 0.777150 -0.612478 0.144600 -0.277327 -0.127052 0.952338
-7.481717 -20.901499 403.373372 -300.522838 0.440892 0.884802 0.150799 0.834477 -0.465952 0.294172 -0.330549 0.003860 0.943781
-6.836965 -20.183976 146.609971 92.807680 0.748137 -0.485306 -0.452515 -0.663540 -0.549810 -0.507370 0.002568 -0.679843 0.733353
-6.439043 -19.947500 57.930910 408.988567 0.695428 -0.535906 -0.478732 0.715584 0.577381 0.393155 0.065717 -0.615984 0.785013
-5.959119 -19.814806 -531.484828 70.018219 0.744182 -0.514574 -0.425919 -0.667596 -0.551419 -0.500252 -0.022557 -0.656621 0.753884
-6.614551 -21.044271 -163.430438 355.369413 0.755232 -0.493875 -0.430944 -0.651425 -0.492736 -0.576937 -0.072593 -0.716449 0.693853
8.325896 -76.693383 -393.011167 1300.269014 0.963077 0.163438 0.213941 0.255693 -0.804038 -0.536790 -0.084284 -0.571673 0.816141
10.896281 -69.236576 -600.938889 -2653.489223 0.981272 0.094306 0.167962 0.146901 -0.930395 -0.335836 -0.124600 -0.354221 0.926824
6.583331 -75.226835 -76.230608 1232.624533 0.981152 0.121974 0.149878 0.186131 -0.804944 -0.563400 -0.051924 -0.580678 0.812476
3.718106 -82.473290 -1273.814054 4662.830801 0.418208 0.633763 0.650728 0.851137 -0.023179 -0.524431 -0.317282 0.773180 -0.549113
-1.498024 -96.632532 -1970.822719 9451.075755 0.363403 0.678897 0.637994 0.904279 -0.092321 -0.416840 -0.224091 0.728406 -0.647462
-1.788186 -64.828944 -434.729230 10157.126382 0.327787 0.617402 0.715102 0.942068 -0.270619 -0.198177 0.071165 0.738634 -0.670340
-8.766406 -101.772217 -1748.739778 17321.739808 0.317452 0.631614 0.707310 0.943352 -0.286250 -0.167776 0.096498 0.720503 -0.686705
-6.287899 -46.661188 -191.500936 10554.691833 0.125239 0.631464 0.765224 0.949235 -0.300599 0.092700 0.288562 0.714768 -0.637055
-6.976916 -27.503491 1035.597939 7672.021244 0.207104 0.592284 0.778658 0.944323 -0.329018 -0.000901 0.255659 0.735491 -0.627448
-7.754039 -34.085790 -522.485418 5207.349231 0.471108 0.520007 0.712495 0.859839 -0.450956 -0.239408 0.196811 0.725418 -0.659571
14.656599 -13.364072 2990.374012 665.201996 0.236812 0.912211 0.334351 -0.067041 0.358662 -0.931057 0.969240 -0.198070 -0.146091
12.275294 -15.764835 3277.052771 816.770380 0.228759 0.911626 0.341479 -0.000578 0.350907 -0.936410 0.973483 -0.214015 -0.080800
5.592903 -14.272154 632.214825 968.988811 0.256327 0.901307 0.349201 -0.046139 0.372269 -0.926977 0.965488 -0.221497 -0.137008
5.665726 -17.590449 -520.175535 713.052286 0.285027 0.876611 0.387701 0.038934 0.393557 -0.918475 0.957728 -0.276885 -0.078044
4.310591 -14.470399 -777.085732 757.882410 0.264934 0.902147 0.340500 -0.036977 0.362363 -0.931303 0.963557 -0.234143 -0.129361
-26.920098 -40.236570 288.015694 1240.688226 0.169057 0.800412 0.575118 -0.824126 0.434847 -0.362939 0.540589 0.412612 -0.733154
-30.980393 -43.502025 -149.826510 1029.055527 -0.452176 -0.647086 -0.613854 -0.656495 0.707348 -0.262056 0.603781 0.284497 -0.744654
-25.457584 -43.257736 609.919174 757.894304 -0.596500 -0.566823 -0.568242 -0.586342 0.791213 -0.173738 0.548079 0.229549 -0.804311
-27.124815 -40.361115 -266.184281 -77.164077 0.670985 -0.583359 -0.457681 0.410629 -0.221606 0.884463 0.617384 0.781398 -0.090850
-26.117964 -39.399883 -279.529434 -61.481839 0.741191 -0.461863 -0.487154 0.324097 -0.389312 0.862205 0.587875 0.796944 0.138866
-24.264166 -38.327270 -315.788889 -259.065335 0.831071 -0.326326 -0.450369 0.317122 -0.387197 0.865743 0.456896 0.862316 0.218303
-85.404712 -325.541656 -6030.762764 70043.181976 0.278821 0.952504 0.122457 0.957415 -0.285651 0.041946 0.074934 0.105547 -0.991587
-37.210434 -181.294545 -3377.421034 38124.950408 0.283429 0.930545 0.231851 0.958609 -0.281753 -0.041032 0.027143 0.233884 -0.971886
-32.770008 -202.468490 -1659.131649 50836.482127 0.038856 0.951876 0.304010 0.999235 -0.038395 -0.007498 0.004536 0.304069 -0.952639
52.354377 -23.500350 -4141.864608 -241.051639 0.575125 0.673698 0.464071 0.807364 -0.558893 -0.189216 0.131892 0.483497 -0.865353
52.305818 -29.684060 -4963.429936 -3647.806208 0.546040 0.715804 0.435277 0.831448 -0.526694 -0.176886 0.102642 0.458496 -0.882749
46.216671 -30.138999 584.619518 -3742.606880 0.464091 0.615435 0.637071 0.843797 -0.525974 -0.106574 0.269494 0.587018 -0.763402
-6.388482 -9.228252 567.125009 -53.782812 0.812476 0.406580 0.417823 -0.303448 0.906873 -0.292404 -0.497798 0.110783 0.860189
-4.166073 -9.279043 442.062983 194.342215 0.873105 0.086678 0.479765 -0.035537 0.992766 -0.114687 -0.486235 0.083085 0.869869
-3.033592 -7.745968 366.475748 174.265117 0.873170 0.146954 0.464736 -0.075364 0.982706 -0.169143 -0.481555 0.112666 0.869144
-1.967030 -8.985905 105.321323 405.022400 0.865672 -0.076220 0.494775 0.102311 0.994417 -0.025817 -0.490045 0.072970 0.868638
-25.947982 -36.378693 -1474.013682 2320.958375 -0.792283 0.268821 -0.547744 -0.112666 0.817822 0.564334 0.599662 0.508824 -0.617660
3.969993 -99.540851 -174.602359 -929.547100 0.053350 0.951963 0.301531 0.982591 0.003768 -0.185744 -0.177957 0.306191 -0.935189
3.345790 -92.826441 -251.593815 1833.238136 0.035039 0.955656 0.292394 -0.886935 -0.105096 0.449779 -0.460564 0.275095 -0.843922
2.630633 -95.849752 -126.780424 63.983819 0.064648 0.957861 0.279864 0.985547 -0.017279 -0.168521 -0.156583 0.286713 -0.945133
35.570506 -19.475887 15568.347222 680.596799 0.321810 0.843065 0.430907 0.441014 0.269258 -0.856158 0.837822 -0.465556 0.285153
41.049774 -18.916047 21124.644645 -1282.674463 0.229988 0.817761 0.527610 0.448022 0.392310 -0.803349 0.863934 -0.421142 0.276148
70.013695 -22.455648 30641.947273 289.281231 0.348503 0.817865 0.457868 0.416638 0.302409 -0.857299 0.839618 -0.489537 0.235363
44.269679 -24.779267 7712.581527 3189.844669 0.478268 0.800654 0.360851 0.395951 0.170172 -0.902366 0.783889 -0.574452 0.235632
251.383319 -18.103077 102457.568270 2208.149870 0.394960 0.704846 0.589236 0.448403 0.411894 -0.793270 0.801836 -0.577525 0.153373
184.557416 -24.494397 73158.134119 -2223.674798 0.364609 0.742878 0.561420 0.436524 0.396202 -0.807757 0.822500 -0.539588 0.179826
13.294898 -15.043338 -523.631480 206.449821 0.811481 -0.552545 0.190244 -0.000071 0.325456 0.945557 0.584379 0.767315 -0.264062
11.137640 -18.445276 1079.231746 422.267045 0.763045 -0.631098 0.139560 0.059441 0.283524 0.957121 0.643606 0.722031 -0.253855
20.477681 -13.808200 -885.692711 -164.255283 0.816401 -0.466873 0.339881 -0.170235 0.367833 0.914177 0.551824 0.804194 -0.220821
3.019016 -65.212380 571.903913 262.003309 -0.310509 0.101618 -0.945123 -0.556906 0.786317 0.267508 0.770350 0.609409 -0.187567
4.650539 -69.971725 82.670339 280.258889 -0.299329 0.136032 -0.944403 -0.562594 0.774261 0.289839 0.770642 0.618073 -0.155228
5.109267 -68.371506 130.843888 761.609162 0.285193 -0.134790 0.948945 0.724792 -0.617514 -0.305539 0.627170 0.774925 -0.078416
364.933967 -8.433034 42754.200540 5853.453271 -0.467507 0.579390 -0.667640 0.823589 0.011096 -0.567079 -0.321152 -0.814975 -0.482367
380.741931 -10.170683 48350.628644 -424.235970 -0.299745 0.505113 -0.809329 0.874392 -0.193840 -0.444820 -0.381565 -0.841004 -0.383564
219.774285 3.034158 8978.561109 802.769391 -0.605872 0.022818 -0.795235 0.793769 0.084426 -0.602332 0.053394 -0.996168 -0.069264
148.855090 -21.375524 16033.068070 -2259.525389 -0.478956 0.855597 -0.196353 -0.566737 -0.130565 0.813487 -0.670381 -0.500905 -0.547434
226.883483 -28.737403 23786.223957 -4434.648601 -0.509197 0.857943 -0.068214 -0.568236 -0.275607 0.775337 -0.646395 -0.433561 -0.627852
228.602909 -16.050872 2454.832828 -2591.427323 -0.667910 0.697089 -0.260697 0.744242 0.625443 -0.234359 -0.000318 -0.350552 -0.936543
218.330098 -15.046460 -2952.977677 3048.417539 -0.669182 0.675770 -0.309080 0.731569 0.672094 -0.114441 0.130396 -0.302695 -0.944125
-0.328904 -64.655028 155.233227 2621.675679 -0.153129 0.356941 -0.921490 0.988171 0.047419 -0.145842 -0.008361 -0.932922 -0.359980
-0.661168 -67.924866 246.348911 1993.334476 -0.168285 0.364801 -0.915751 0.969153 -0.108467 -0.221308 -0.180062 -0.924746 -0.335295
0.319386 -69.607657 262.799380 2557.458156 -0.156424 0.369763 -0.915864 0.953110 -0.186707 -0.238164 -0.259062 -0.910174 -0.323219
-4.662313 -65.309859 -590.902934 3371.510064 0.067594 -0.448211 0.891368 -0.680752 0.632420 0.369625 -0.729389 -0.631785 -0.262373
-4.059570 -78.204620 825.335349 -6519.678608 -0.092829 0.459754 -0.883181 0.822965 -0.463859 -0.327969 -0.560457 -0.757272 -0.335302
-8.276749 -65.625048 935.012582 -3792.284775 -0.088506 0.435922 -0.895622 0.728281 -0.585095 -0.356750 -0.679539 -0.683839 -0.265689
9.712631 -42.457968 1682.804472 2606.261003 0.357090 -0.477907 0.802553 -0.280188 0.764830 0.580112 -0.891056 -0.432018 0.139210
21.859859 -51.831946 -3338.619160 4613.560417 -0.397268 0.608045 -0.687356 -0.331162 0.603544 0.725304 -0.855868 -0.515767 0.038407
2.928239 -33.166699 797.995616 963.456542 0.320456 -0.431787 0.843130 -0.166930 0.850398 0.498956 -0.932439 -0.300637 0.200437
-0.440066 -395.389757 878.609151 -32880.283662 -0.044646 -0.375337 0.925813 0.970051 0.205205 0.129972 -0.238764 0.903888 0.354934
-405.102036 -17852.194038 -57725.312839 10194520.400360 0.030520 0.382934 -0.923272 0.796453 -0.567428 -0.209017 -0.603929 -0.728963 -0.322307
-121.120741 -2230.235412 -20973.270662 3258002.470182 -0.106620 0.233167 -0.966574 0.801365 0.595615 0.055285 0.588597 -0.768684 -0.250356
22.225273 -29414.237894 -46520.284640 41096749.345172 -0.082278 0.183753 -0.979523 0.709450 -0.679478 -0.187058 -0.699937 -0.710313 -0.074458
8.574300 -2760.776367 5037.101435 893563.856385 0.080789 -0.159868 0.983827 0.738788 0.672186 0.048560 -0.669078 0.722916 0.172414
-2.317716 -70.276493 365.928569 2493.404478 0.058153 -0.447374 0.892454 -0.561198 0.724693 0.399846 -0.825636 -0.524096 -0.208922
-0.868900 -70.041768 -73.224981 1865.419305 0.058799 -0.444970 0.893613 -0.604721 0.696350 0.386535 -0.794264 -0.563115 -0.228138
-1.461211 -65.651151 -103.663643 -412.988113 0.045132 -0.447106 0.893341 -0.440248 0.793829 0.419543 -0.896741 -0.412227 -0.161011
-1.550616 -30.725972 -134.841904 -558.482452 0.373274 0.895018 0.244150 -0.517762 0.419354 -0.745698 0.769798 -0.151938 -0.619940
-1.499730 -34.670087 -52.624077 -383.166228 0.342275 0.918600 0.197539 -0.679610 0.387210 -0.623056 0.648829 -0.079007 -0.756822
-2.314926 -33.658551 -168.843669 -438.749814 0.345293 0.915059 0.208423 -0.690929 0.398155 -0.603399 0.635130 -0.064344 -0.769721
-450.682669 -2115.477541 -89703.576968 -730151.259560 -0.298808 -0.228935 -0.926446 -0.666580 0.744790 0.030947 0.682923 0.626798 -0.375153
-552.587966 -1941.972958 90538.165031 512264.688707 0.851760 -0.373663 0.367261 -0.268003 0.291591 0.918232 0.450199 0.880540 -0.148223
-547.125854 -2080.108156 -143053.266680 677182.980749 -0.506270 0.187878 -0.841661 0.051401 0.980819 0.188023 0.860842 0.051928 -0.506216
-399.632843 -2036.319888 -323976.682720 -85470.102330 -0.450628 -0.010973 -0.892645 0.536552 0.795832 -0.280647 0.713475 -0.605418 -0.352736
-15.981775 -138.984376 -3221.675308 6341.482451 -0.053738 0.085551 0.994884 -0.274212 0.956756 -0.097083 -0.960167 -0.278026 -0.027955
-34.650326 -151.744533 -5723.871608 -9755.007426 -0.019958 0.022078 0.999557 -0.500921 0.865004 -0.029107 -0.865263 -0.501280 -0.006205
-50.627625 -137.462739 -6997.769454 459.908967 0.104775 0.083412 0.990992 -0.329496 0.943106 -0.044545 -0.938325 -0.321861 0.126298
-20.251947 -32.244211 31.463353 70.316976 0.786615 0.052591 -0.615200 0.084421 0.977848 0.191535 0.611645 -0.202600 0.764751
-19.875669 -30.699718 76.283529 -344.218578 0.818333 0.093578 -0.567075 0.108983 0.943491 0.312965 0.564317 -0.317911 0.761892
-19.846491 -30.209848 176.959715 -862.055834 0.737204 0.001654 -0.675669 0.224522 0.942573 0.247278 0.637276 -0.333996 0.694497
-21.026597 -32.078679 38.032494 654.920400 0.857184 0.089099 -0.507245 0.050101 0.965823 0.254314 0.512568 -0.243407 0.823424
-21.060224 -32.686398 -253.103284 -47.407898 0.713363 0.008388 -0.700745 0.098751 0.988748 0.112364 0.693802 -0.149356 0.704508
-20.918015 -32.905455 -170.227047 133.068069 0.773251 0.066777 -0.630574 -0.005319 0.995087 0.098857 0.634078 -0.073087 0.769807
-20.856350 -32.427378 83.626752 335.152899 0.842207 0.033707 -0.538099 0.049367 0.989030 0.139220 0.536889 -0.143817 0.831304
2.313852 -13.779871 -312.974720 532.282617 0.466835 -0.488550 -0.737146 0.817113 0.557086 0.148265 0.338219 -0.671546 0.659268
0.142348 -13.955290 -1061.068462 -1674.695208 0.088023 -0.710596 -0.698073 0.913810 0.336543 -0.227354 0.396489 -0.617894 0.678973
0.137588 -15.822269 -845.230607 -789.067700 -0.015553 -0.753246 -0.657555 0.874202 0.308954 -0.374592 0.485314 -0.580662 0.653683
-1.924786 -14.622272 346.837933 -776.884101 0.064158 -0.683977 -0.726677 0.874199 0.389723 -0.289640 0.481310 -0.616678 0.622936
24.753416 -25.711173 -8192.573297 176.391572 0.831341 0.555089 0.027356 -0.304124 0.495573 -0.813582 0.465168 -0.668045 -0.580806
31.907849 -23.391705 -2719.250394 809.732391 0.718019 0.674727 0.170856 -0.262965 0.490255 -0.830963 0.644436 -0.551718 -0.529443
16.341617 -23.934728 573.682256 -13.094544 0.173629 0.978467 0.111604 0.955822 -0.140139 -0.258390 0.237186 -0.151538 0.959572
15.617208 -23.059795 1619.176821 -180.436918 0.169717 0.985402 0.013380 0.972338 -0.165225 -0.165103 0.160482 -0.041030 0.986186
14.738143 -22.432368 1717.108574 -262.312122 0.191187 0.981357 0.019657 0.979861 -0.189643 -0.062508 0.057615 -0.031211 0.997851
-4.569745 -25.577140 -455.748901 185.320739 -0.505244 0.584808 0.634609 0.856403 0.430370 0.285228 -0.106313 0.687591 -0.718273
-2.552050 -25.550109 -358.630796 148.262447 -0.513505 0.587046 0.625851 0.845367 0.471215 0.251617 -0.147200 0.658280 -0.738241
-4.337993 -25.124696 -208.622201 6.095125 -0.470934 0.587456 0.658116 0.843060 0.519366 0.139672 -0.259752 0.620608 -0.739848
-0.515251 -25.593756 -241.372271 70.501748 -0.526679 0.580551 0.620943 0.833030 0.497986 0.240979 -0.169320 0.644182 -0.745895
-1.329736 -25.622985 -358.065413 23.626035 -0.532189 0.581420 0.615407 0.796549 0.590149 0.131280 -0.286853 0.560067 -0.777200
-3.357602 -25.196761 -409.516256 -13.330473 -0.502365 0.594061 0.628268 0.813266 0.571401 0.110000 -0.293646 0.566209 -0.770182
-17.355101 -91.280350 274.228497 -691.159708 -0.176446 -0.477533 -0.860714 0.936516 0.187725 -0.296137 0.302993 -0.858325 0.414094
-21.261020 -93.115181 -807.876869 7292.411432 -0.035848 -0.479211 -0.876967 0.778944 0.536349 -0.324924 0.626068 -0.694756 0.354052
-25.740325 -80.033353 32.259662 6434.839086 -0.115945 -0.441064 -0.889955 0.596476 0.685525 -0.417458 0.794212 -0.579239 0.183601
-0.713664 -61.670455 27.656751 4091.404659 0.991412 0.112747 0.066252 -0.023596 0.652540 -0.757387 0.128625 -0.749320 -0.649596
-1.256168 -65.863280 -18.415753 1435.798698 0.991499 0.100429 0.082730 0.038022 0.384436 -0.922368 0.124437 -0.917672 -0.377349
8.476875 -25.647995 -267.543995 -9.335917 -0.227554 -0.902320 -0.366112 0.973761 -0.209687 -0.088440 0.003032 -0.376630 0.926359
9.592253 -25.439098 -111.597880 518.027905 -0.223244 -0.903614 -0.365572 0.964901 -0.151645 -0.214404 0.138302 -0.400605 0.905753
8.306225 -26.020810 671.920762 41.001028 -0.255445 -0.843612 -0.472300 0.964908 -0.191717 -0.179433 0.060824 -0.501561 0.862981
7.973447 -25.457865 563.828524 34.195668 -0.264640 -0.849271 -0.456841 0.962874 -0.258880 -0.076517 -0.053283 -0.460130 0.886251
7.737164 -25.270343 -118.943690 0.657250 -0.242787 -0.889061 -0.388105 0.965297 -0.261090 -0.005764 -0.096206 -0.376036 0.921597
7.276886 -25.711350 -650.638649 28.085659 -0.207752 -0.928335 -0.308275 0.976281 -0.216416 -0.006222 -0.060940 -0.302255 0.951277
13.857788 -31.003551 -970.874520 967.988845 -0.333845 -0.221006 -0.916354 -0.382323 0.920323 -0.082676 0.861613 0.322742 -0.391740
3.743347 -22.354841 254.829282 1510.658374 -0.344077 -0.246004 -0.906142 -0.589004 0.808119 0.004262 0.731222 0.535188 -0.422953
2.738971 -22.119493 202.370685 1921.935514 -0.428603 -0.164365 -0.888416 -0.575015 0.808083 0.127904 0.696891 0.565673 -0.440859
7.723252 -27.287168 249.948119 1352.266624 -0.293259 -0.300609 -0.907543 -0.517880 0.847890 -0.113504 0.803616 0.436712 -0.404330
-2.536402 -52.630686 -101.011856 -2119.235911 0.978268 0.102411 0.180286 0.207228 -0.454068 -0.866532 0.006880 -0.885061 0.465423
-2.390724 -60.666122 -36.832811 -2911.148243 0.986529 0.108877 0.122094 0.144593 -0.231276 -0.962083 0.076512 -0.966777 0.243904
-3.226923 -50.494993 -114.307419 -1623.280977 0.981581 0.111078 0.155435 0.189069 -0.448073 -0.873776 0.027411 -0.887070 0.460821
85.558335 -5.606823 -17963.891791 886.378224 -0.081783 -0.464300 -0.881894 0.411162 0.790333 -0.454224 0.907886 -0.399749 0.126266
-11.298526 -61.372899 -346.925023 -1513.588536 0.597265 -0.199839 -0.776749 0.711194 -0.315754 0.628094 -0.370779 -0.927558 -0.046464
-8.752511 -69.625129 -1042.558059 3338.900171 0.602807 -0.229480 -0.764175 0.647121 -0.419657 0.636493 -0.466754 -0.878195 -0.104470
-15.112571 -62.261441 -893.549290 44.183518 0.524048 -0.156236 -0.837236 0.792267 -0.271323 0.546532 -0.312549 -0.949723 -0.018406
-19.388461 -68.468214 136.507691 -3566.185663 0.569912 -0.113594 -0.813816 0.807425 -0.106427 0.580291 -0.152530 -0.987811 0.031065
-16.412446 -70.360069 -499.266314 -4984.633002 0.617922 -0.188082 -0.763411 0.747013 -0.162417 0.644664 -0.245241 -0.968631 0.040139
-16.716081 -64.631127 -244.253574 -1285.536075 0.512726 -0.092528 -0.853551 0.843619 -0.130319 0.520887 -0.159431 -0.987145 0.011240
16.649024 -16.671021 -4763.076842 523.485084 0.723197 0.690502 -0.013883 -0.133743 0.120298 -0.983688 0.677568 -0.713257 -0.179349
27.758665 -15.267855 -1800.918126 647.791314 0.589160 0.792941 0.155352 -0.072672 0.243484 -0.967178 0.804741 -0.558534 -0.201076
-5.465015 -60.824915 -291.510209 98.389497 -0.603073 0.628599 0.491086 -0.130395 0.529672 -0.838120 0.786956 0.569483 0.237465
-15.125761 -289.173197 3088.117065 44220.828567 0.293731 0.033036 0.955317 0.761154 0.596484 -0.254659 -0.578244 0.801945 0.150060
-45.811047 -562.839415 2838.222531 110590.358971 0.155804 -0.178395 0.971545 0.533678 0.842854 0.069180 -0.831212 0.507714 0.226525
-28.092086 -544.599395 3006.379674 58175.352705 0.195523 -0.237961 0.951391 0.456470 0.880704 0.126471 -0.867989 0.409554 0.280820
4.709739 -586.821817 4550.715095 96991.838143 0.195881 -0.068645 0.978222 0.767743 0.631344 -0.109431 -0.610083 0.772459 0.176370
-6.783349 -23.450898 -103.473080 -694.076913 0.508849 0.810374 0.290461 0.763571 -0.580688 0.282419 -0.397532 -0.078079 0.914260
-4.755018 -20.015890 318.336263 -1046.511731 0.406063 0.893058 0.193805 0.796958 -0.449847 0.403107 -0.447180 0.009232 0.894396
