10982
21948
-30.073778 -41.224112 -71.888957 1850.816014 0.250121 0.190020 0.949385 0.460126 0.839421 -0.289234 -0.851894 0.509180 0.122524
-23.293882 -40.152749 1249.128844 3214.737923 0.422821 0.261528 0.867655 0.509673 0.723041 -0.466310 -0.749303 0.639386 0.172423
-23.918718 -33.520166 69.067663 1720.774101 0.046267 -0.091850 0.994697 0.652348 0.756887 0.039548 -0.756506 0.647059 0.094937
-18.802154 -27.912193 1076.423966 1690.213796 0.151355 -0.088634 0.984498 0.748960 0.660271 -0.055700 -0.645098 0.745779 0.166319
-26.264385 -38.413062 -238.352749 1447.022881 -0.067093 -0.146818 0.986886 0.529148 0.833319 0.159945 -0.845873 0.532940 0.021778
-19.442254 -28.362634 133.808101 1307.905831 -0.259082 -0.335699 0.905640 0.669385 0.613539 0.418919 -0.696276 0.714756 0.065755
-22.721835 -33.798311 -303.452120 1283.403772 -0.332266 -0.337491 0.880738 0.555253 0.684840 0.471899 -0.762426 0.645828 -0.040156
-11.264507 -36.069320 -1721.956710 684.397151 -0.482322 -0.123246 0.867281 0.787419 0.372826 0.490889 -0.383845 0.919680 -0.082776
-16.788233 -32.914515 -1302.164223 985.891301 -0.607240 -0.197720 0.769524 0.743886 0.198738 0.638072 -0.279093 0.959901 0.026399
-6.729280 -31.869933 -1548.290393 1429.864838 -0.445870 -0.076032 0.891863 0.847599 0.284400 0.447986 -0.287707 0.955686 -0.062360
-18.453268 -38.405777 -1784.344686 348.852383 -0.546519 -0.224908 0.806681 0.714672 0.376860 0.589255 -0.436533 0.898551 -0.045226
-3.952976 -36.882396 -1577.985701 509.230584 -0.417442 -0.071447 0.905890 0.788238 0.467546 0.400102 -0.452132 0.881076 -0.138856
-10.971091 -38.486152 -1978.911487 42.446730 -0.461918 -0.124238 0.878178 0.725772 0.516170 0.454778 -0.509790 0.847427 -0.148260
8.202735 -44.250707 3139.615685 -2450.280077 0.438593 -0.684189 -0.582685 0.857234 0.123862 0.499809 -0.269791 -0.718710 0.640835
4.265013 -74.609426 2405.667879 -9113.213408 0.464053 -0.687881 -0.558100 0.869875 0.234923 0.433738 -0.167250 -0.686754 0.707387
-3.211295 -48.008083 843.085459 -2320.906942 0.424720 -0.701172 -0.572687 0.856128 0.105379 0.505905 -0.294378 -0.705161 0.645050
2.484708 -42.822728 1499.144728 2291.677088 0.343712 -0.703524 -0.622026 0.858404 -0.033219 0.511898 -0.380796 -0.709895 0.592490
-3.219520 -43.906056 326.400760 1677.945723 0.335258 -0.727361 -0.598789 0.844753 -0.049319 0.532879 -0.417127 -0.684481 0.597905
-5.252109 -50.652351 41.531790 -2435.257138 0.411502 -0.730881 -0.544500 0.851205 0.094663 0.516226 -0.325756 -0.675909 0.661083
13.172326 -27.551176 -618.625567 -500.804349 -0.400461 -0.022813 -0.916030 -0.363384 0.921673 0.135906 0.841180 0.387296 -0.377384
13.369768 -28.157230 -1070.799966 -250.568327 -0.403949 -0.030992 -0.914256 -0.446351 0.879058 0.167414 0.798496 0.475706 -0.368928
14.942984 -25.803500 -659.740210 -548.165398 -0.461185 -0.044829 -0.886171 -0.352503 0.925785 0.136618 0.814279 0.375383 -0.442761
13.505421 -28.569550 -181.328755 -93.349658 -0.403362 -0.024851 -0.914703 -0.469269 0.863786 0.183468 0.785548 0.503245 -0.360080
13.206112 -28.482194 280.700547 -87.683632 -0.394321 -0.002022 -0.918971 -0.412745 0.893850 0.175138 0.821068 0.448361 -0.353298
12.446701 -26.952554 -278.538494 -639.981433 -0.378854 0.000503 -0.925456 -0.279788 0.953143 0.115055 0.882150 0.302520 -0.360961
1.502844 -36.945073 -234.380690 -646.821974 -0.320795 -0.019458 -0.946949 0.823342 0.488478 -0.288959 0.468187 -0.872359 -0.140681
1.899882 -34.671765 -340.230749 -704.566085 -0.328171 -0.033166 -0.944036 0.885785 0.336381 -0.319739 0.328160 -0.941142 -0.081013
0.204245 -36.340571 -338.606396 -565.627725 -0.333212 -0.044266 -0.941812 0.821873 0.475884 -0.313145 0.462055 -0.878393 -0.122189
-0.035769 -37.452200 -291.693512 -91.865530 -0.326829 -0.032522 -0.944524 0.727857 0.628823 -0.273509 0.602833 -0.776868 -0.181846
4.777162 -53.136373 132.832783 -2219.148942 0.529992 -0.142273 0.835983 0.847968 0.080006 -0.523975 0.007664 0.986589 0.163045
5.160714 -57.290642 71.766150 -996.388390 0.540794 -0.131286 0.830846 0.815882 -0.158437 -0.556089 0.204644 0.978602 0.021432
5.496892 -58.903274 186.218070 -1385.610694 0.526417 -0.142463 0.838206 0.835877 -0.093643 -0.540870 0.155546 0.985361 0.069786
3.921000 -56.527289 -162.273836 -2058.623226 0.537298 -0.107084 0.836567 0.835660 -0.066412 -0.545217 0.113942 0.992030 0.053803
5.090705 -52.153239 -33.472246 -3096.082868 0.528467 -0.140685 0.837216 0.845953 0.170111 -0.505397 -0.071318 0.975331 0.208911
0.182844 -31.808368 318.868271 846.975603 -0.338842 -0.071824 -0.938098 0.747268 -0.626358 -0.221958 -0.571643 -0.776219 0.265909
2.865558 -29.870471 807.749640 906.322282 -0.372810 -0.008535 -0.927868 0.795771 -0.517242 -0.314976 -0.477244 -0.855797 0.199625
-2.509186 -32.678169 -800.747018 323.390181 -0.461262 0.019825 -0.887042 0.674666 -0.641468 -0.365163 -0.576249 -0.766893 0.282510
158.485952 -45.105122 38579.351067 4939.021508 0.018837 -0.188529 -0.981887 0.899496 -0.425573 0.098969 -0.436523 -0.885068 0.161565
107.521880 -31.923113 21873.805733 1344.988014 0.131724 -0.250352 -0.959152 0.839176 -0.486887 0.242331 -0.527667 -0.836818 0.145955
1.754894 -31.616278 1619.253221 880.804567 -0.208256 -0.130155 -0.969376 0.739921 -0.669134 -0.069118 -0.639646 -0.731656 0.235656
7.125174 -20.615635 -283.013830 123.844445 0.265767 -0.011038 0.963974 0.408588 0.906972 -0.102261 -0.873169 0.421046 0.245553
7.967572 -19.397089 -237.068425 636.049184 0.294677 0.025035 0.955269 0.493143 0.852276 -0.174459 -0.818520 0.522493 0.238800
7.451712 -21.493193 333.516729 177.009096 0.320780 -0.027982 0.946740 0.431290 0.894238 -0.119702 -0.843261 0.446717 0.298922
9.267232 -13.503156 1588.520995 -341.849363 0.648938 0.370022 0.664804 0.132413 0.805515 -0.577592 -0.749231 0.462850 0.473733
11.616498 -13.131788 1780.949645 -316.775248 0.654942 0.379853 0.653271 0.071198 0.829618 -0.553773 -0.752318 0.409200 0.516307
16.148462 -13.785657 1774.124667 -263.103361 0.603331 0.339952 0.721405 0.146629 0.841884 -0.519356 -0.783895 0.419122 0.458088
12.572176 -14.483188 1708.640780 -174.193512 0.603504 0.308097 0.735432 0.230690 0.815422 -0.530914 -0.763260 0.490065 0.421035
-4.575857 -26.410044 -323.161025 281.563208 0.262943 -0.212943 0.941019 0.760365 0.646107 -0.066256 -0.593890 0.732940 0.331804
-4.147025 -27.344776 -250.044094 503.800547 0.269408 -0.198826 0.942278 0.701821 0.710545 -0.050729 -0.659445 0.674977 0.330967
-4.598913 -26.956282 60.665058 427.208705 0.288612 -0.233740 0.928477 0.758661 0.647400 -0.072845 -0.584069 0.725423 0.364177
11.878345 -127.021862 -1042.906168 10988.754271 -0.534329 0.788428 0.304752 -0.674759 -0.615002 0.408011 -0.509111 -0.012378 -0.860612
7.926498 -141.200112 -594.327459 8088.850828 -0.521928 0.794253 0.311052 -0.814542 -0.572330 0.094654 -0.253203 0.203963 -0.945668
13.552458 -134.806176 -227.014614 11012.553115 -0.455898 0.821214 0.343168 -0.765171 -0.558576 0.320166 -0.454610 0.116619 -0.883023
17.292376 -102.390487 502.718042 9054.589497 -0.392391 0.840526 0.373556 -0.596223 -0.541682 0.592535 -0.700391 -0.009783 -0.713693
1.026132 -8.338516 554.879157 -572.028647 -0.650551 0.031818 -0.758796 -0.020597 0.998015 0.059507 0.759183 0.054341 -0.648605
-1.998143 -5.255357 -31.648075 -317.653800 -0.641789 -0.024434 -0.766492 -0.036361 0.999338 -0.001411 0.766019 0.026965 -0.642252
0.806776 -6.054288 975.661627 -147.755335 -0.632264 0.315704 -0.707512 0.190139 0.948511 0.253325 0.751059 0.025643 -0.659737
-0.898879 -6.665659 -43.528916 -517.187354 -0.619598 -0.203762 -0.758010 -0.160460 0.978204 -0.131793 0.768343 0.039972 -0.638789
4.740735 -8.906300 1178.862755 -552.498193 -0.645402 0.195838 -0.738311 0.103142 0.980066 0.169801 0.756847 0.033439 -0.652736
6.635969 -11.508214 1069.750858 -586.920745 -0.646350 0.084427 -0.758356 -0.001947 0.993674 0.112284 0.763039 0.074051 -0.642097
-0.371086 -10.129164 294.322397 -683.553827 -0.639068 -0.130605 -0.757980 -0.146227 0.988135 -0.046975 0.755122 0.080817 -0.650583
3.612751 -11.853497 642.920697 -609.035066 -0.646319 -0.062801 -0.760479 -0.127015 0.991558 0.026064 0.752422 0.113438 -0.648839
13.423109 -321.493917 -3292.984407 -22249.890441 0.764505 -0.621272 -0.171911 0.558934 0.771734 -0.303347 0.321130 0.135824 0.937245
3.131922 -385.536219 -2109.758946 20861.015321 0.752824 -0.638413 -0.160263 0.441534 0.670370 -0.596366 0.488164 0.378197 0.786551
22.733345 -854.198047 -1073.453141 207511.139441 -0.715118 0.679493 0.164000 0.345045 0.547189 -0.762580 0.607907 0.488747 0.625760
4.346366 -237.996824 -2036.840544 -11869.552250 0.744837 -0.657001 -0.116482 0.656477 0.752800 -0.048264 0.119398 -0.040519 0.992019
14.619545 -922.712244 -10402.311418 -154939.028515 0.807099 -0.541823 -0.234562 0.381362 0.781702 -0.493462 0.450727 0.308820 0.837541
38.072684 -923.685853 -5675.491196 -127592.439775 0.789900 -0.592880 -0.156687 0.596300 0.802224 -0.029391 0.143123 -0.070216 0.987211
81.422129 -1145.115108 -2980.977267 -265744.252883 0.578294 -0.695711 -0.426102 0.546125 0.718127 -0.431324 0.606072 0.016728 0.795234
33.932005 -1500.969987 -8762.733056 28910.076830 -0.398992 0.705315 0.585949 0.596807 -0.285391 0.749915 -0.696151 -0.648909 0.307068
29.520320 -196.331480 -5638.889653 33370.985327 0.759554 -0.625725 -0.177611 -0.648648 -0.708395 -0.278267 -0.048299 -0.326566 0.943939
76.928906 -195.928441 3754.585869 25870.815874 -0.524469 0.515096 0.677944 0.648357 -0.274487 0.710134 0.551874 0.811993 -0.190006
85.507774 -1733.892536 -9631.171536 -150691.290345 -0.416691 0.581187 0.698992 0.867175 0.484818 0.113840 -0.272721 0.653585 -0.706010
796.458556 -1319.780085 20059.844750 -2056661.638453 0.558576 -0.642661 -0.524385 0.157462 0.702869 -0.693672 0.814370 0.304898 0.493800
-8.478099 -39.004395 -222.179626 -1461.730658 -0.267015 0.938967 0.216896 -0.689640 -0.028972 -0.723573 0.673127 0.342785 -0.655285
-9.957184 -46.384928 -147.632116 -2218.200209 -0.247989 0.940710 0.231443 -0.808385 -0.069285 -0.584563 0.533868 0.332061 -0.777638
-11.470739 -45.165890 -512.861374 -2207.128989 -0.222915 0.934374 0.277946 -0.782478 -0.001450 -0.622677 0.581410 0.356291 -0.731450
-9.811945 -38.132302 -716.762295 -1225.712598 -0.259257 0.933446 0.247919 -0.655704 0.018354 -0.754795 0.709111 0.358247 -0.607306
36.871533 -58.304063 -707.914766 -1809.534094 -0.466610 0.087974 -0.880077 0.568918 0.791725 -0.222494 0.677205 -0.604510 -0.419477
37.006483 -57.070407 697.433469 -443.036264 -0.583051 0.242396 -0.775433 0.580671 0.791880 -0.189072 0.568219 -0.560510 -0.602458
42.532461 -57.406503 -1236.431829 46.793277 -0.531533 0.141979 -0.835054 0.688823 0.646184 -0.328586 0.492946 -0.749858 -0.441267
35.279680 -60.284015 359.587345 -685.280432 -0.518865 0.121578 -0.846166 0.368013 0.925185 -0.092732 0.771586 -0.359516 -0.524789
36.574446 -48.264860 -926.460641 -1312.083811 -0.416398 0.003111 -0.909177 0.655367 0.694134 -0.297780 0.630164 -0.719839 -0.291075
34.310636 -54.376909 -128.243877 -3432.605674 -0.355641 0.022365 -0.934355 0.561915 0.803970 -0.194636 0.746841 -0.594249 -0.298492
35.003336 -62.066198 -152.117833 -3198.782019 -0.401648 0.052829 -0.914269 0.438440 0.887580 -0.141325 0.804021 -0.457615 -0.379657
15.283301 -56.226926 36.712113 4107.592721 0.110934 0.883798 -0.454526 -0.766180 0.367345 0.527281 -0.632979 -0.289755 -0.717900
28.000382 -42.230647 895.836178 3462.759386 0.048195 0.879904 -0.472701 -0.627785 0.394778 0.670848 -0.776893 -0.264423 -0.571417
18.796396 -56.304921 691.868853 4555.364565 -0.020299 0.896733 -0.442106 -0.748873 0.279336 0.600967 -0.662403 -0.343280 -0.665869
10.397062 -60.780506 311.933850 2898.844633 -0.016226 0.893631 -0.448509 -0.893091 0.188742 0.408369 -0.449584 -0.407185 -0.795031
5.683171 -58.996412 115.372231 -1435.887267 0.151203 0.889490 -0.431214 0.927702 -0.278319 -0.248812 -0.341331 -0.362417 -0.867264
-6.542683 -86.404848 -307.049637 -5761.453989 0.718404 0.392296 -0.574456 0.584360 -0.788350 0.192425 0.377385 0.473928 0.795596
-6.850703 -89.951025 -476.964515 -6770.527053 0.720502 0.372547 -0.584881 0.570175 -0.798315 0.193889 0.394687 0.473182 0.787605
-7.035432 -72.161280 -229.078386 -6260.306990 0.720287 0.355284 -0.595785 0.653444 -0.635765 0.410870 0.232804 0.685256 0.690091
-5.286689 -80.308897 -80.929558 -4954.267457 0.720806 0.402567 -0.564251 0.607116 -0.759463 0.233723 0.334438 0.511035 0.791830
-5.462862 -92.915748 7.360082 3499.813793 0.718520 0.402624 -0.567118 -0.463362 0.885202 0.041384 0.518677 0.233046 0.822596
-6.226762 -69.255590 -254.703298 -5319.285301 0.712094 0.393161 -0.581675 0.673169 -0.617662 0.406617 0.199412 0.681115 0.704498
-1.228730 -30.339429 80.583150 -379.240881 0.683220 0.135012 -0.717622 -0.368421 0.912237 -0.179133 0.630457 0.386775 0.673000
-0.331271 -28.646642 -33.779938 -297.085622 0.697530 0.102297 -0.709216 -0.262690 0.957355 -0.120273 0.666668 0.270198 0.694656
-0.332237 -30.764708 202.365447 -265.535921 0.691675 0.088530 -0.716763 -0.366338 0.898309 -0.242563 0.622401 0.430352 0.653770
-0.386936 -28.256391 -58.944734 -452.779548 0.691793 0.122176 -0.711685 -0.236533 0.969547 -0.063479 0.682257 0.212252 0.699625
-1.575895 -31.420651 446.883118 -409.590158 0.671635 0.109106 -0.732804 -0.428808 0.863839 -0.264398 0.604177 0.491811 0.626970
-1.069183 -30.249537 184.746790 -499.104978 0.665343 0.164282 -0.728238 -0.331178 0.939199 -0.090703 0.669059 0.301525 0.679296
-2.877480 -33.520812 336.421606 -867.663014 0.660216 0.150579 -0.735827 -0.482966 0.835404 -0.262382 0.575203 0.528608 0.624271
-2.538159 -33.115603 -19.350411 -540.062730 0.655068 0.209231 -0.726022 -0.477123 0.859624 -0.182760 0.585866 0.466122 0.662941
2.893968 -27.540547 6.438699 -99.010168 0.528132 -0.019153 -0.848946 0.846616 -0.065483 0.528160 -0.065707 -0.997670 -0.018369
2.635180 -27.118797 -112.700024 0.791471 0.546911 -0.039010 -0.836282 0.834080 -0.060650 0.548300 -0.072110 -0.997397 -0.000633
3.421085 -28.550962 20.833541 -504.076206 0.537815 -0.028987 -0.842564 0.843039 0.025983 0.537224 0.006320 -0.999242 0.038412
2.840001 -29.482061 -29.526532 -487.170141 0.528816 -0.016663 -0.848573 0.848507 0.033622 0.528114 0.019731 -0.999296 0.031918
14.445366 -72.672681 -2186.925887 -3505.954636 0.688913 0.707304 0.158494 -0.204817 -0.019796 0.978600 -0.695305 0.706632 -0.131230
37.709502 -61.614927 -6545.878106 -1958.037928 0.681480 0.561256 0.469657 -0.317130 -0.351891 0.880682 -0.659556 0.749109 0.061815
5.829038 -83.386273 -836.132873 3083.698471 0.731985 0.671918 0.112802 0.108037 -0.277937 0.954504 -0.672701 0.686496 0.276038
3.131164 -76.836411 -1211.870444 359.818633 0.705673 0.704618 0.074429 -0.030257 -0.074982 0.996726 -0.707891 0.705614 0.031593
61059.044981 -6292.068739 10953247.699265 -144410.810380 0.679253 0.563291 -0.470445 0.633734 -0.126901 0.763071 -0.370131 0.816455 0.443175
485.116703 -41.048328 -72212.761557 668.933759 -0.350809 -0.186987 0.917589 0.899712 0.204455 0.385638 -0.259715 0.960851 0.096510
218.561273 -45.851567 -36576.179716 -1719.314052 -0.548235 -0.203208 0.811262 0.824826 0.028923 0.564646 -0.138204 0.978708 0.151755
485.946389 -39.556659 -78920.248082 988.407730 -0.301713 -0.410304 0.860593 0.943635 0.000340 0.330989 -0.136099 0.911949 0.387074
10.746213 -28.442009 648.784700 78.253977 -0.239943 0.041032 -0.969919 0.894954 0.396465 -0.204626 0.376143 -0.917132 -0.131851
10.479400 -28.971822 -374.557551 245.285675 -0.249188 0.028785 -0.968027 0.936064 0.263509 -0.233125 0.248374 -0.964227 -0.092608
12.118290 -29.190155 1620.836899 241.281655 -0.238641 0.064966 -0.968932 0.940114 0.265517 -0.213741 0.243383 -0.961915 -0.124439
12.157540 -28.385746 1636.931425 -217.656829 -0.240372 0.027795 -0.970283 0.911282 0.350763 -0.215707 0.334344 -0.936052 -0.109642
10.725713 -27.744266 1318.631366 -282.739665 -0.244422 0.025440 -0.969335 0.861645 0.464230 -0.205083 0.444777 -0.885349 -0.135388
-2.705310 -68.221201 -493.543262 -1800.280948 0.730605 0.423940 -0.535249 0.642990 -0.690930 0.330424 0.229739 0.585569 0.777386
-3.788690 -73.473272 -111.197295 -3837.312869 0.731370 0.406464 -0.547618 0.610781 -0.747608 0.260823 0.303389 0.525234 0.795038
-4.497528 -64.046175 -137.064959 -2938.072093 0.710665 0.407583 -0.573438 0.680876 -0.603637 0.414766 0.177096 0.685200 0.706497
-3.728767 -63.399581 279.247962 -166.579597 -0.695753 -0.442809 0.565551 0.713484 -0.516904 0.473024 0.082876 0.732619 0.675575
2.968171 -69.379322 666.116751 3396.562298 0.734100 0.642651 0.219307 -0.590177 0.763571 -0.262011 -0.335838 0.062912 0.939816
2.811717 -60.408196 334.700734 -208.663634 0.773093 0.579290 0.258361 -0.442940 0.784607 -0.433816 -0.454017 0.220941 0.863165
1.880259 -57.681857 235.945374 2505.686243 0.745348 0.620740 0.243185 -0.534290 0.774350 -0.338993 -0.398737 0.122737 0.908815
1.506212 -71.032628 435.766363 5324.459329 0.720918 0.657047 0.220379 -0.638663 0.753340 -0.156808 -0.269050 -0.027702 0.962728
-3.689283 -138.674602 -190.544730 -4036.145576 0.904024 -0.206779 -0.374143 0.228195 0.973524 0.013334 0.361481 -0.097432 0.927275
-4.307095 -159.029104 -485.324993 -1090.490890 0.906921 -0.233626 -0.350590 0.242634 0.969938 -0.018693 0.344418 -0.068112 0.936342
-4.485182 -150.467783 -69.484111 11498.676273 0.900170 -0.209624 -0.381775 -0.356254 -0.858642 -0.368533 0.250555 -0.467751 0.847603
-4.033882 -153.280847 -523.224486 5506.998660 0.911200 -0.207096 -0.356126 0.062980 0.924325 -0.376372 0.407121 0.320521 0.855288
-3.591641 -155.802089 119.901216 14828.485939 0.885445 -0.224974 -0.406662 -0.383099 -0.848697 -0.364622 0.263103 -0.478644 0.837661
-5.995202 -29.157217 108.659199 100.951969 0.678103 0.639561 -0.362129 -0.576368 0.157018 -0.801964 0.456044 -0.752534 -0.475097
-7.178223 -30.668308 65.585970 41.409708 0.670638 0.617542 -0.410959 -0.626464 0.174842 -0.759587 0.397224 -0.766859 -0.504123
-6.231742 -31.828700 -20.521951 806.057150 0.654198 0.641498 -0.400632 0.659450 -0.224430 0.717466 0.370339 -0.733561 -0.569857
-6.219799 -30.077150 -71.788114 -423.466799 0.660767 0.657203 -0.362591 -0.613207 0.194077 -0.765709 0.432856 -0.728299 -0.531241
-39.378046 -126.084816 -6248.548687 -10547.342816 -0.394246 0.644728 0.654901 0.804501 0.586596 -0.093180 -0.444239 0.490133 -0.749948
-27.925491 -104.056329 241.433726 -6968.625125 -0.770715 0.107159 0.628105 0.239602 0.962148 0.129855 -0.590415 0.250576 -0.767217
-23.072576 -91.438930 1711.139858 -1654.305436 -0.774147 0.132883 0.618901 0.393886 0.866500 0.306645 -0.495530 0.481164 -0.723140
-34.483568 -85.009736 -2362.350116 -4412.847588 -0.388866 0.473867 0.790084 0.836313 0.541312 0.086957 -0.386477 0.694572 -0.606799
-0.071617 -36.386168 -246.002595 -669.727615 -0.674617 -0.272987 0.685835 0.712203 -0.484963 0.507521 0.194058 0.830836 0.521586
-1.113192 -38.137853 288.850323 -494.156245 0.693501 0.255229 -0.673732 0.649580 -0.625983 0.431499 0.311613 0.736888 0.599911
-0.851351 -37.217288 -90.437674 -602.058335 -0.670676 -0.286681 0.684111 0.688339 -0.584193 0.430011 0.276377 0.759298 0.589137
-1.326058 -268.639383 -2521.186916 -21103.058317 0.269481 0.588466 0.762291 -0.293202 0.804130 -0.517114 -0.917285 -0.084153 0.389237
-34.410655 -525.072300 -1009.345583 -36552.303497 0.197380 0.438368 0.876855 0.164079 0.867062 -0.470406 -0.966499 0.236722 0.099214
-9.548462 -935.264533 2578.585871 -1409.902073 0.184289 0.528038 0.828983 0.389468 0.735154 -0.554854 -0.902415 0.425116 -0.070173
6.979097 -453.956773 -936.351575 -57931.602132 0.351698 0.641035 0.682190 -0.147447 0.757585 -0.635866 -0.924428 0.123045 0.360960
9.923726 -1021.403866 32.196959 -182369.269491 0.387540 0.629694 0.673274 -0.637910 0.710428 -0.297259 -0.665495 -0.314289 0.677007
-26.805661 -45.921264 781.626783 2016.937905 0.390546 0.323005 0.862057 0.307847 0.836690 -0.452968 -0.867585 0.442287 0.227330
-14.251538 -45.439817 2609.251339 2979.027586 0.499281 0.260587 0.826325 0.392105 0.782499 -0.483683 -0.772640 0.565500 0.288510
-13.988042 -39.006763 2007.829308 3992.612244 0.477422 0.174980 0.861075 0.593867 0.658004 -0.462983 -0.647603 0.732402 0.210231
-13.349818 -36.845591 -257.392371 3211.885589 0.293657 -0.210506 0.932444 0.873935 0.454341 -0.172660 -0.387302 0.865599 0.317389
-9.383535 -23.273243 -1060.778903 1215.601835 -0.073483 -0.301732 0.950557 0.952347 0.261693 0.156690 -0.296033 0.916774 0.268123
-10.495064 -32.454722 36.443356 3834.662485 0.211889 -0.215080 0.953333 0.906052 0.408849 -0.109141 -0.366296 0.886895 0.281504
-12.208568 -25.938308 -1335.632849 1216.547755 0.083964 -0.275011 0.957768 0.952593 0.304224 0.003843 -0.292433 0.912040 0.287517
-9.541215 -45.645529 -702.720196 3711.273803 0.334612 -0.117134 0.935048 0.781513 0.588936 -0.205892 -0.526566 0.799646 0.288606
-23.292765 -37.824311 1349.673344 419.983948 0.662650 0.311175 -0.681223 0.654242 0.202181 0.728759 -0.364502 0.928597 0.069609
-22.760003 -33.737719 1208.175587 461.416272 0.836019 0.296882 -0.461446 0.495645 -0.047828 0.867207 -0.235388 0.953716 0.187133
-17.384347 -27.710082 956.677911 310.079669 0.868499 0.211354 -0.448373 0.469574 -0.061072 0.880778 -0.158773 0.975500 0.152287
-12.338662 -25.958274 -1217.566655 1318.976378 -0.600530 -0.126505 0.789532 0.780863 0.119730 0.613121 -0.172093 0.984714 0.026882
60.690875 -64.770181 13222.634731 -7746.960512 0.387894 -0.696932 -0.603178 0.901399 0.150233 0.406091 -0.192400 -0.701225 0.686488
18.764140 -107.600884 4392.084797 -13974.554579 0.420877 -0.710941 -0.563406 0.906964 0.318377 0.275775 -0.016684 -0.627056 0.778795
-2.141447 -107.283091 1330.337502 -11572.860312 0.451571 -0.711782 -0.538006 0.888768 0.411947 0.200975 0.078579 -0.568917 0.818632
3.382236 -35.845423 -109.346080 -692.700202 -0.323078 0.008464 -0.946335 0.885236 0.356282 -0.299032 0.334631 -0.934340 -0.122599
3.073755 -33.248083 -258.869027 -502.571995 -0.338738 -0.018557 -0.940698 0.921298 0.196381 -0.335626 0.190963 -0.980352 -0.049425
1.819894 -31.321832 -372.450219 -634.122988 -0.335117 -0.043236 -0.941184 0.923321 0.183779 -0.337199 0.187549 -0.982016 -0.021666
5.429438 -62.184086 0.797107 644.512621 0.539400 -0.125758 0.832606 0.753113 -0.370240 -0.543823 0.376655 0.920384 -0.104998
4.492530 -59.632818 -367.096251 -659.204117 0.556619 -0.086027 0.826302 0.758788 -0.352325 -0.547821 0.338255 0.931915 -0.130835
-1.546356 -30.108806 361.467796 443.369022 -0.458389 0.078860 -0.885246 0.750412 -0.499346 -0.433054 -0.476195 -0.862806 0.169717
2.573322 -27.350169 987.877775 679.709911 -0.402761 0.047791 -0.914057 0.831809 -0.397600 -0.387308 -0.381939 -0.916313 0.120385
41.712490 -22.725923 12239.016782 289.945941 -0.068208 -0.115483 -0.990965 0.918018 -0.396174 -0.017018 -0.390629 -0.910884 0.133037
8.238945 -20.339874 363.354469 874.701251 0.340201 -0.017995 0.940181 0.521058 0.835899 -0.172543 -0.782791 0.548588 0.293750
8.972686 -16.466629 -238.044510 967.606035 0.320123 0.044930 0.946310 0.565246 0.792545 -0.228844 -0.760275 0.608156 0.228315
2.771642 -13.462505 1049.657737 -364.443690 0.670385 0.437841 0.599065 0.052951 0.777063 -0.627191 -0.740121 0.452181 0.497748
-4.249426 -25.825707 -197.307469 243.029086 0.268551 -0.192847 0.943764 0.771692 0.629457 -0.090966 -0.576516 0.752724 0.317860
-4.316078 -27.913673 48.152094 571.685504 0.259314 -0.204669 0.943857 0.708180 0.704798 -0.041734 -0.656687 0.679243 0.327706
-4.652987 -28.438596 57.125887 143.201780 0.267326 -0.208796 0.940713 0.599044 0.800681 0.007483 -0.754773 0.561528 0.339121
1.972793 -141.749179 -1125.458091 4365.610707 -0.541163 0.780345 0.313375 0.839441 0.479228 0.256279 0.049808 0.401749 -0.914394
-2.288858 -145.951359 -1053.308868 5697.142812 -0.580397 0.756936 0.300311 0.813611 0.523479 0.252996 0.034295 0.391174 -0.919677
-3.019108 -141.437468 -415.475835 14803.560661 -0.573567 0.751391 0.326240 0.730359 0.288738 0.619037 0.370941 0.593331 -0.714395
3.745742 -129.307903 -906.448638 457.145872 -0.501879 0.808366 0.307671 0.862560 0.441408 0.247282 0.064086 0.389490 -0.918798
2.161774 -122.804839 -581.513356 9266.380999 -0.513752 0.793571 0.326043 0.782924 0.278249 0.556424 0.350841 0.541131 -0.764257
-3.171164 -4.437544 367.682396 -436.651541 -0.449385 0.730792 -0.513806 -0.466129 -0.682467 -0.562994 0.762087 0.013501 -0.647334
-3.127713 -4.854340 442.991323 110.362942 0.436839 0.711850 0.549947 -0.452252 0.702279 -0.549792 0.777586 0.008544 -0.628719
-1.996851 -5.329198 -302.439868 -86.646020 -0.539433 -0.495114 -0.681083 -0.323163 0.868651 -0.375514 0.777546 0.017536 -0.628582
-0.889960 -284.791776 -857.674669 -28336.126961 0.738391 -0.655239 -0.159500 -0.108978 -0.349346 0.930635 0.665509 0.669791 0.329360
6.235175 -479.073164 40.535249 93620.641170 -0.752710 0.637899 0.162828 0.286595 0.540152 -0.791264 0.592698 0.548927 0.589396
0.162667 -244.153625 -1089.507584 2382.196990 0.748151 -0.652112 -0.122557 0.575098 0.729413 -0.370430 0.330956 0.206655 0.920740
65.797347 -329.421712 -19737.848275 -23215.629718 -0.181422 0.802638 0.568206 -0.618482 -0.542345 0.568632 -0.764570 0.248263 -0.594810
-7.520980 -38.884545 43.169365 -2000.137924 -0.268219 0.945766 0.183262 -0.713282 -0.067101 -0.697658 0.647524 0.317842 -0.692596
-3.852179 -35.778265 -235.716169 197.909698 -0.383515 -0.030609 -0.923027 0.763486 0.551826 -0.335525 0.519620 -0.833398 -0.188263
-3.138545 -33.885225 -11.846756 1040.415883 -0.370930 0.001708 -0.928659 0.681848 0.679403 -0.271098 0.630471 -0.733763 -0.253175
-3.108136 -35.118679 -159.145707 706.228910 -0.360367 -0.007486 -0.932781 0.661215 0.703294 -0.261096 0.657974 -0.710859 -0.248494
-5.910830 -15.145396 369.143257 -201.419328 0.655951 0.599574 0.458518 -0.113824 -0.521945 0.845350 -0.746172 0.606699 0.274125
-7.781464 -15.598820 581.441222 -238.662581 0.640378 0.626510 0.444299 -0.060878 -0.535246 0.842500 -0.765643 0.566566 0.304619
-5.087246 -16.004008 582.468451 24.959698 0.667913 0.599898 0.440471 -0.035323 -0.565621 0.823908 -0.743400 0.565858 0.356596
-4.071920 -15.624544 328.102267 -41.017706 0.670099 0.567784 0.478110 -0.118210 -0.554266 0.823902 -0.732799 0.608613 0.304296
-5.073997 -14.788425 204.960657 -229.075054 0.657450 0.556169 0.508366 -0.209739 -0.512932 0.832412 -0.723719 0.653893 0.220577
-22.428186 -164.267351 -3472.287574 -1980.842893 0.651500 -0.250932 -0.715948 0.361208 0.932483 0.001868 0.667140 -0.259823 0.698152
-8.694780 -306.369113 -1779.691692 -46682.552779 0.606723 -0.319777 -0.727757 0.279185 0.942916 -0.181564 0.744273 -0.093019 0.661366
-1.931278 -164.276582 -1122.465542 -10981.673678 0.644341 -0.278695 -0.712147 0.415724 0.909264 0.020306 0.641870 -0.309141 0.701737
28.349585 -47.525878 1777.223512 1962.081165 -0.625137 0.411179 -0.663427 0.616878 0.781034 -0.097204 0.478191 -0.470020 -0.741900
42.553737 -59.616926 495.707260 1078.723665 -0.602211 0.360003 -0.712559 0.714840 0.640559 -0.280513 0.355450 -0.678294 -0.643096
28.861446 -46.410472 1335.186711 1196.526850 -0.627974 0.261062 -0.733141 0.431518 0.900780 -0.048862 0.647642 -0.347047 -0.678320
43.026652 -39.532800 3013.064517 2433.244229 -0.117111 0.861894 -0.493380 -0.591749 0.338417 0.731646 -0.797570 -0.377641 -0.470393
30.081390 -51.849476 2525.235586 3778.066338 -0.085977 0.901196 -0.424798 -0.689748 0.253831 0.678098 -0.718926 -0.351305 -0.599775
38.529364 -28.554455 1867.727796 1703.702053 0.026706 0.858347 -0.512374 -0.523938 0.448533 0.724090 -0.851338 -0.249115 -0.461699
-4.990808 -93.548468 479.739219 -7918.842659 0.704757 0.333697 -0.626070 0.566323 -0.796144 0.213153 0.427313 0.504779 0.750068
-5.094873 -74.973177 391.423981 -7624.928524 0.720401 0.304011 -0.623378 0.644896 -0.624359 0.440778 0.255210 0.719551 0.645844
0.151796 -29.224757 151.685541 -115.001773 0.691536 0.091127 -0.716571 -0.263235 0.955588 -0.132514 0.672671 0.280265 0.684811
-0.447625 -27.055822 -251.827198 -180.460334 0.704633 0.110287 -0.700949 -0.205148 0.977324 -0.052455 0.679269 0.180760 0.711280
-0.274936 -26.257706 -508.816395 -457.332403 0.710909 0.104475 -0.695481 -0.163913 0.986284 -0.019390 0.683916 0.127783 0.718283
4.533045 -89.557858 -471.279150 5634.757802 0.747355 0.644706 0.160670 0.194624 -0.443630 0.874822 -0.635281 0.622532 0.457024
2.528815 -80.687835 1597.633190 2711.312885 0.796364 0.562177 0.223075 0.046224 -0.424323 0.904330 -0.603049 0.709864 0.363901
-24.323936 -66.066088 636.291496 -4576.590797 0.347144 -0.239569 -0.906696 0.838872 -0.352912 0.414423 -0.419267 -0.904467 0.078456
-20.976551 -50.507500 1034.291656 -1066.609435 0.370732 -0.145845 -0.917217 0.779660 -0.487774 0.392693 -0.504666 -0.860701 -0.067124
-20.260187 -66.788078 1167.557787 -4073.046396 0.396253 -0.116139 -0.910766 0.839160 -0.356695 0.410584 -0.372551 -0.926974 -0.043882
-16.480816 -49.383451 1494.341976 -876.927653 0.351595 -0.030137 -0.935667 0.787484 -0.530935 0.313013 -0.506212 -0.846876 -0.162942
-21.161776 -84.826858 851.296076 -6764.803764 0.307627 -0.187927 -0.932764 0.928576 -0.154625 0.337399 -0.207635 -0.969935 0.126938
-13.925001 -61.130345 1190.519528 -2798.323981 0.415412 -0.017243 -0.909470 0.847641 -0.355442 0.393910 -0.330056 -0.934539 -0.133038
-17.475993 -76.348068 1602.843315 -5738.771159 0.445918 -0.060463 -0.893029 0.875697 -0.177008 0.449248 -0.185236 -0.982350 -0.025984
12.074670 -28.381715 -1188.408261 342.598517 -0.256496 0.069947 -0.964011 0.893486 0.397554 -0.208885 0.368636 -0.914909 -0.164468
12.016432 -28.278387 1053.868072 256.161656 -0.309962 0.211713 -0.926877 0.900364 0.378517 -0.214636 0.305398 -0.901056 -0.307944
11.433847 -29.126918 194.138115 180.366502 -0.290441 0.165102 -0.942542 0.936487 0.251378 -0.244542 0.196559 -0.953704 -0.227626
12.815367 -27.917753 334.018429 163.475280 -0.292170 0.149706 -0.944576 0.851341 0.490700 -0.185560 0.435724 -0.858371 -0.270819
11.245533 -29.207399 -1253.375942 247.588622 -0.259248 0.047542 -0.964640 0.942455 0.230776 -0.241912 0.211115 -0.971845 -0.104635
-2.513619 -79.171933 -543.304867 -3647.331425 0.743594 0.415313 -0.524007 0.555262 -0.820161 0.137911 0.372494 0.393511 0.840475
-3.866494 -87.532045 -33.604641 5262.375459 0.731291 0.405707 -0.548283 -0.514532 0.855832 -0.052993 0.447739 0.320862 0.834612
4.152420 -75.017109 447.085304 2971.510071 0.740549 0.624757 0.247520 -0.578649 0.780126 -0.237842 -0.341690 0.032906 0.939236
3.303729 -61.408213 326.816143 -1380.818732 0.796480 0.524628 0.300641 -0.298450 0.773507 -0.559119 -0.525877 0.355601 0.772658
1.676831 -66.680560 160.817317 -3210.126828 0.802361 0.518322 0.295903 -0.262147 0.751456 -0.605469 -0.536186 0.408235 0.738816
-5.322746 -170.539869 -506.566736 11437.801845 0.894201 -0.270196 -0.356931 -0.399603 -0.841175 -0.364338 0.201799 -0.468422 0.860150
-3.433368 -175.822138 -202.351403 12782.873382 0.907644 -0.223642 -0.355201 0.044972 0.893179 -0.447446 0.417326 0.390148 0.820746
-3.004834 -168.353934 -70.465649 -1086.127800 0.899384 -0.248876 -0.359402 0.257755 0.965916 -0.023853 0.353088 -0.071185 0.932878
-2.821282 -113.144111 -20.063541 7165.381919 0.885494 -0.206398 -0.416294 -0.448862 -0.611543 -0.651566 0.120100 -0.763816 0.634162
-2.420021 -151.186195 49.363651 15354.841752 0.894620 -0.182259 -0.407966 -0.355861 -0.842774 -0.403851 0.270217 -0.506472 0.818822
-4.151311 -110.647421 306.674426 8006.948686 0.883690 -0.215486 -0.415520 -0.441067 -0.680524 -0.585104 0.156690 -0.700323 0.696416
-7.210793 -33.240004 217.132734 1065.945648 0.651408 0.629402 -0.423699 0.682337 -0.241767 0.689902 0.331789 -0.738513 -0.586953
-19.865876 -34.052744 -2675.899365 1004.190928 -0.314847 0.346337 0.883698 -0.144725 0.902644 -0.405326 -0.938044 -0.255509 -0.234071
-32.330505 -40.443190 -996.125293 -2549.990121 -0.261315 0.843389 0.469477 0.038803 -0.476805 0.878152 -0.964473 -0.247692 -0.091870
-26.965840 -31.775490 -2812.119734 1350.931485 -0.244915 0.437110 0.865420 -0.020492 0.890071 -0.455360 -0.969328 -0.129259 -0.209034
-27.611917 -39.032649 -2103.740120 1222.146763 -0.344015 0.582037 0.736809 -0.213091 0.715835 -0.664961 -0.914465 -0.385763 -0.122231
-13.641126 -29.066977 -2460.508115 1004.986094 -0.314485 0.194437 0.929136 -0.066907 0.971823 -0.226016 -0.946902 -0.133244 -0.292615
-6.125562 -31.199290 -1819.263328 1032.734660 -0.326263 0.220788 0.919133 -0.143023 0.949616 -0.278879 -0.934396 -0.222445 -0.278247
-13.825646 -35.670177 -2491.386500 731.092044 -0.342905 0.288944 0.893827 -0.278434 0.877496 -0.390482 -0.897157 -0.382770 -0.220446
-21.350110 -435.772888 -2042.807525 -62186.161528 0.268240 0.460009 0.846427 -0.349600 0.865212 -0.359427 -0.897679 -0.199498 0.392904
-48.087781 -920.628676 2317.951798 49049.827806 0.267374 0.428017 0.863315 0.326427 0.802726 -0.499075 -0.906618 0.415249 0.074912
3.251800 -1100.492495 4907.570577 249588.193834 0.352710 0.526824 0.773338 0.691481 0.410066 -0.594727 -0.630436 0.744515 -0.219654
-24.684178 -350.964976 -830.386449 25214.424445 0.151241 0.529476 0.834734 0.674242 0.562263 -0.478809 -0.722858 0.635228 -0.271958
-34.130731 -45.395949 -413.059308 857.551707 0.247531 0.250389 0.935967 0.260659 0.913204 -0.313234 -0.933159 0.321503 0.160780
-31.379477 -43.387313 -634.611467 1076.921788 0.049172 0.020460 0.998581 0.371621 0.927635 -0.037306 -0.927082 0.372928 0.038011
-4.036804 -24.296886 -1978.377363 -1642.832641 -0.175665 -0.311772 0.933777 0.953663 0.181466 0.239995 -0.244272 0.932667 0.265448
-0.168864 -23.633288 -2135.179105 -1602.733359 -0.341998 -0.323562 0.882239 0.900660 0.154938 0.405962 -0.268046 0.933436 0.238431
-27.901009 -40.661010 1101.395812 140.661179 0.780389 0.423035 -0.460471 0.502560 0.013837 0.864432 -0.372056 0.906008 0.201803
-27.425835 -42.733363 1507.416697 -161.678584 0.631154 0.408814 -0.659178 0.588681 0.300908 0.750273 -0.505074 0.861583 0.050742
76.183205 -36.885712 17618.177174 -1810.147727 0.430660 -0.686629 -0.585725 0.862087 0.120903 0.492127 -0.267092 -0.716885 0.644001
35.250181 -37.622120 8110.362404 2519.805937 0.379845 -0.697986 -0.607070 0.862395 0.029783 0.505359 -0.334653 -0.715492 0.613253
13.325881 -21.714053 681.435577 -634.078664 -0.585077 -0.084629 -0.806550 -0.286191 0.952100 0.107703 0.758801 0.293842 -0.581272
14.975021 -22.392355 -144.478429 -705.114038 -0.507278 -0.008533 -0.861740 -0.205736 0.972237 0.111483 0.836864 0.233843 -0.494950
0.768785 -37.990264 -211.914120 -223.921752 -0.317396 -0.014497 -0.948182 0.734448 0.628748 -0.255463 0.599872 -0.777474 -0.188915
-0.248564 -37.298949 -178.498383 325.239595 -0.317799 -0.012536 -0.948075 0.607789 0.764763 -0.213845 0.727734 -0.644190 -0.235422
2.472326 -38.063795 -158.274413 -451.648920 -0.300601 0.014444 -0.953641 0.799596 0.548855 -0.243731 0.519890 -0.835793 -0.176535
0.585525 -38.371497 -233.798916 228.908945 -0.295504 0.003703 -0.955334 0.670322 0.713313 -0.204580 0.680695 -0.700836 -0.213269
2.831129 -131.190579 999.782627 2771.912647 0.304559 -0.303124 0.902973 0.675248 0.737326 0.019766 -0.671777 0.603711 0.429243
2.916334 -127.025638 1090.316807 4361.541512 0.254036 -0.336488 0.906775 0.899027 0.427886 -0.093084 -0.356675 0.838862 0.411210
1.289583 -116.296389 726.057946 1917.648809 0.282176 -0.310377 0.907768 0.839820 0.537328 -0.077336 -0.463766 0.784185 0.412282
-1.639463 -31.391453 329.970659 -39.051544 -0.450713 0.063769 -0.890388 0.668522 -0.636875 -0.384017 -0.591554 -0.768325 0.244417
-0.865197 -31.402415 258.483251 368.914359 0.441460 -0.010221 0.897223 -0.574379 0.764995 0.291326 -0.689349 -0.643955 0.331844
6.123499 -21.970614 669.605071 301.389813 0.343348 -0.059538 0.937319 0.465330 0.877673 -0.114705 -0.815831 0.475547 0.329052
6.467717 -14.242643 1410.802314 -74.726767 0.644138 0.376518 0.665823 0.200044 0.757243 -0.621744 -0.738287 0.533683 0.412449
1.918923 -14.251746 744.965383 -170.787995 0.659070 0.464733 0.591312 0.102856 0.723149 -0.682991 -0.745015 0.510959 0.428805
-4.764410 -26.503740 161.627638 512.457506 0.255794 -0.188646 0.948147 0.761403 0.643648 -0.077351 -0.595681 0.741707 0.308276
-4.204810 -24.135783 -228.132595 340.608141 0.268184 -0.170172 0.948219 0.805126 0.580080 -0.123609 -0.529008 0.796585 0.292578
-4.200832 -24.146855 -341.626794 191.830692 0.262902 -0.188909 0.946148 0.836686 0.532975 -0.126071 -0.480457 0.824773 0.298178
-4.634499 -24.446692 -136.826662 192.059714 0.257191 -0.220378 0.940897 0.851976 0.511209 -0.113148 -0.456060 0.830722 0.319235
-4.968254 -146.766169 -717.044550 5036.206877 -0.620424 0.725491 0.297887 -0.745738 -0.663320 0.062303 -0.242795 0.183491 -0.952566
-5.718040 -155.295089 -166.710116 12449.624619 -0.611573 0.722301 0.322892 0.780390 0.483511 0.396495 0.130267 0.494468 -0.859379
-6.997083 -148.181542 -553.417598 16405.934810 -0.608477 0.732141 0.306146 0.690741 0.298707 0.658522 0.390683 0.612163 -0.687476
-0.168459 -4.869224 1016.821754 -51.596925 -0.569609 0.543459 -0.616602 0.361089 0.839390 0.406250 0.738350 0.008756 -0.674361
-3.042145 -4.885718 138.798036 -140.314272 -0.060390 0.995356 -0.074961 -0.651520 -0.096200 -0.752508 0.756224 -0.003395 -0.654304
-3.416935 -5.856869 173.448921 -131.545046 0.228859 0.934121 0.273937 -0.584554 0.356895 -0.728644 0.778409 -0.006626 -0.627723
14.430104 -727.409278 -6619.386826 -106553.201538 0.767650 -0.567890 -0.297010 0.127972 0.589947 -0.797236 0.627962 0.573990 0.525547
12.748156 -360.495879 -3954.083917 -56013.576685 0.730959 -0.663643 -0.158988 -0.024575 -0.258424 0.965719 0.681979 0.701994 0.205206
-817.471487 -190676.266550 -111694.087743 30491900.099372 -0.531556 0.585347 0.612223 0.714547 0.698009 -0.046970 -0.454831 0.412495 -0.789289
-6.299511 -33.600874 55.572860 -900.115949 -0.292931 0.941699 0.165515 -0.604167 -0.048134 -0.795403 0.741062 0.332997 -0.583043
-10.253762 -16.140521 669.995263 -365.193052 0.610623 0.643088 0.462144 -0.032458 -0.562759 0.825984 -0.791256 0.519365 0.322760
-7.116477 -16.367190 827.865298 33.978483 0.657549 0.619102 0.429351 0.024706 -0.587288 0.809001 -0.753007 0.521351 0.401466
-37.023897 -269.319326 -5726.210362 -32853.433492 0.606084 -0.342346 -0.717956 0.241138 0.939240 -0.244298 0.757967 -0.025061 0.651811
33.649620 -55.817033 2513.706080 2465.229634 -0.603655 0.553168 -0.574113 0.755952 0.625905 -0.191781 0.253253 -0.549771 -0.795999
15.173422 -41.212665 2203.144201 2889.308019 -0.600137 0.594414 -0.535263 0.679458 0.731939 0.051016 0.422105 -0.333072 -0.843143
15.681797 -36.052284 2303.331000 1721.150095 -0.681727 0.380832 -0.624672 0.472786 0.880925 0.021089 0.558320 -0.280959 -0.780602
-21.646530 -35.895451 1934.751896 -167.183976 0.482168 -0.440631 -0.757204 0.544231 -0.526660 0.653026 -0.686532 -0.726962 -0.014134
-20.469552 -32.852041 1570.753186 219.718104 0.587590 -0.454346 -0.669558 -0.560116 0.368790 -0.741798 -0.583959 -0.810903 0.037789
-26.971934 -40.049286 887.005283 1164.295936 0.640973 -0.640981 -0.422252 -0.399537 0.191097 -0.896578 -0.655380 -0.743388 0.133608
-10.119738 -32.632583 2440.596240 707.267108 0.380299 -0.237534 -0.893840 0.652518 -0.615999 0.441323 -0.655433 -0.751082 -0.079269
-28.532696 -41.656898 -1139.488398 -1062.180694 -0.511302 0.657414 0.553514 0.390855 -0.395719 0.831047 -0.765378 -0.641259 0.054622
-17.373839 -36.303965 -2432.252309 -125.434184 -0.390016 0.337220 0.856837 -0.515144 0.691375 -0.506584 -0.763226 -0.638971 -0.095931
-2.159403 -96.143974 1399.919759 -11130.994723 0.692082 0.291837 -0.660192 0.615795 -0.715893 0.329080 0.376590 0.634293 0.675168
-3.003178 -105.090511 857.582310 5779.017335 0.679908 0.335335 -0.652132 -0.459472 0.887908 -0.022468 0.571499 0.314913 0.757772
0.929740 -30.894996 137.904416 -56.097829 0.704544 0.095538 -0.703200 -0.431316 0.844525 -0.317401 0.563547 0.526924 0.636212
-1.276283 -32.962297 584.513436 -621.559364 0.667460 0.090043 -0.739182 -0.473298 0.817652 -0.327773 0.574879 0.568628 0.588367
2.355249 -28.213730 80.567805 -114.387075 0.513521 0.002647 -0.858073 0.854429 -0.093699 0.511050 -0.079047 -0.995597 -0.050378
0.814501 -76.327481 -427.905676 2197.768984 0.706096 0.701175 0.098906 0.178217 -0.311145 0.933503 -0.685323 0.641516 0.344660
1.429186 -73.671033 -241.298997 3667.739771 0.718044 0.686734 0.113178 0.300014 -0.452127 0.839984 -0.628016 0.569191 0.530677
2.648979 -77.413684 -577.034522 4058.969536 0.725209 0.675278 0.134429 0.263555 -0.452625 0.851862 -0.636090 0.582349 0.506221
