15230
30448
-28.306607 -39.622535 484.062949 -3622.857274 0.167970 0.810858 -0.560621 -0.765586 0.465564 0.443992 -0.621019 -0.354626 -0.698982
-33.508728 -49.376604 -932.389718 -2701.795091 0.156755 0.790745 -0.591735 -0.651163 0.533223 0.540056 -0.742573 -0.300660 -0.598489
-30.558649 -58.095938 -1538.988534 -7351.745958 -0.515048 -0.461575 0.722270 -0.510792 0.841950 0.173814 -0.688343 -0.279407 -0.669414
-26.441807 -43.111377 -211.813531 -2203.590987 -0.113297 0.892369 -0.436853 -0.710061 0.234823 0.663831 -0.694965 -0.385403 -0.607032
-20.560922 -47.982978 -3405.675707 -7593.528850 -0.496327 -0.603710 0.623854 -0.660070 0.729194 0.180510 -0.563886 -0.322195 -0.760410
-20.896082 -32.931676 2037.508270 -3969.809357 0.230728 0.814964 -0.531601 -0.821587 0.455882 0.342295 -0.521305 -0.357779 -0.774748
-19.656774 -30.736278 454.748119 -2928.775603 -0.255974 0.920237 -0.296041 -0.808080 -0.035618 0.587994 -0.530550 -0.389736 -0.752743
-23.318971 -35.875231 -347.469591 -1835.568913 -0.318508 0.901187 -0.293965 -0.726772 -0.033066 0.686083 -0.608568 -0.432168 -0.665489
33.973540 -60.334318 -24.803375 -5290.197905 0.503436 0.683958 -0.527972 0.796944 -0.131492 0.589568 0.333816 -0.717574 -0.611274
34.130329 -58.568931 267.555380 -5949.210498 0.423671 0.774226 -0.470188 0.803454 -0.081502 0.589762 0.418288 -0.627639 -0.656585
30.595778 -50.892581 265.647460 -1488.619614 0.496705 0.727348 -0.473548 0.818963 -0.212123 0.533200 0.287372 -0.652662 -0.701034
29.168543 -47.601042 743.584696 -2373.750385 0.417891 0.804467 -0.422137 0.843126 -0.170344 0.510022 0.338387 -0.569048 -0.749452
24.466622 -45.023833 1515.066553 2909.577724 0.528567 0.759645 -0.378888 0.803054 -0.302774 0.513257 0.275176 -0.575558 -0.770072
32.109223 -38.252415 16806.184725 -329.946336 0.935713 0.303856 -0.179199 0.076742 0.320483 0.944141 -0.344313 0.897197 -0.276561
57.709142 -33.134834 9317.727380 -857.510776 0.845456 0.498016 -0.192830 0.036643 0.306128 0.951285 -0.532786 0.811336 -0.240569
41.843570 -35.539261 13844.265818 9.888317 0.912499 0.352072 -0.208305 0.049204 0.411048 0.910285 -0.406109 0.840884 -0.357757
-5.329157 -41.404286 12873.573091 170.631565 0.917647 0.269711 -0.291855 0.149484 0.446208 0.882357 -0.368209 0.853320 -0.369144
29.230046 -34.269088 11861.951560 -493.661377 0.907806 0.315117 -0.276748 0.066673 0.543052 0.837048 -0.414057 0.778329 -0.471976
-0.869391 -39.653406 11424.679697 -298.669836 0.907253 0.247922 -0.339745 0.150262 0.563411 0.812397 -0.392828 0.788101 -0.473903
47.036805 -28.491314 4753.348080 -127.354778 0.793269 0.533656 -0.293148 -0.001076 0.482689 0.875791 -0.608871 0.694422 -0.383476
31.310632 -34.460124 2007.328439 211.259706 0.410967 0.631802 -0.657215 0.897490 -0.406956 0.169995 -0.160054 -0.659707 -0.734282
31.021154 -35.001820 2390.710461 563.478261 0.396458 0.644185 -0.654100 0.887651 -0.450814 0.094035 -0.234302 -0.617894 -0.750540
29.932125 -33.790814 -1872.762694 257.308608 0.373217 0.544056 -0.751473 0.888861 -0.441735 0.121641 -0.265773 -0.713354 -0.648453
29.800989 -31.955764 -1308.881750 441.543803 0.418266 0.545311 -0.726423 0.899748 -0.358378 0.249037 -0.124532 -0.757761 -0.640539
27.907941 -34.551880 2553.351057 268.286589 0.433049 0.669183 -0.603873 0.900240 -0.354633 0.252593 -0.045122 -0.653016 -0.755999
137.631193 -3.122599 -37244.098045 14060.829747 0.118173 -0.257143 0.959121 0.974810 -0.153950 -0.161381 0.189155 0.954032 0.232473
176.449267 26.586247 1962.873105 7107.945841 0.336053 -0.540218 0.771513 0.897582 -0.064470 -0.436108 0.285333 0.839052 0.463225
120.641389 -19.277623 -18565.289416 7842.927410 -0.009715 -0.470820 0.882176 0.997471 -0.066675 -0.024600 0.070401 0.879706 0.470278
91.467723 -42.416476 -25904.672149 173.865168 -0.097492 -0.175841 0.979579 0.995143 -0.003762 0.098365 -0.013611 0.984411 0.175353
93.498403 -43.887835 -12785.840247 -2412.484886 -0.124404 -0.483641 0.866380 0.983401 0.056134 0.172542 -0.132082 0.873464 0.468630
94.627953 -46.536962 15153.510612 -626.366841 -0.114430 -0.822764 0.556744 0.992314 -0.068092 0.103326 -0.047103 0.564289 0.824232
-1.101781 -53.552194 -77.999310 1852.927063 0.662311 0.626706 -0.410590 0.609102 -0.131275 0.782152 -0.436279 0.768119 0.468672
-1.963961 -55.336268 -192.836402 1652.008378 0.662127 0.623489 -0.415751 0.588150 -0.088553 0.803890 -0.464400 0.776801 0.425338
-1.002647 -53.766647 -224.381501 2374.952205 0.661331 0.630300 -0.406649 0.550842 -0.040120 0.833645 -0.509131 0.775315 0.373728
-1.660757 -51.642667 102.543785 571.738790 -0.651519 -0.624860 0.430201 0.671608 -0.211361 0.710119 -0.352797 0.751583 0.557367
6.955796 -44.111394 155.517728 4961.871197 0.619739 0.588643 -0.519060 0.212521 0.510800 0.833018 -0.755486 0.626565 -0.191464
6.541787 -52.462896 536.523278 7986.628517 0.632531 0.575604 -0.518251 0.166905 0.552096 0.816904 -0.756338 0.603216 -0.253147
6.220181 -39.915135 276.913283 4409.457627 0.634900 0.569344 -0.522255 0.237374 0.499529 0.833142 -0.735225 0.652931 -0.182003
5.088362 -45.799867 -436.322492 2688.157204 0.573183 0.583024 -0.575799 0.241765 0.551080 0.798662 -0.782950 0.596987 -0.174915
7.240080 -58.406550 -335.997310 7421.976735 -0.614044 -0.585515 0.529265 0.131169 0.585545 0.799958 -0.778296 0.560633 -0.282749
-0.261540 -80.726441 -171.334947 6665.423930 -0.642958 -0.603342 0.471788 0.736948 -0.319577 0.595632 -0.208598 0.730649 0.650107
-0.972844 -74.789682 -208.349610 6673.775773 -0.638932 -0.606525 0.473173 0.750700 -0.357297 0.555688 -0.167976 0.710258 0.683607
-0.390884 -65.797958 -381.787979 6137.934699 -0.633159 -0.604839 0.482991 0.770707 -0.434957 0.465643 -0.071559 0.667070 0.741550
-0.529308 -71.001655 124.855224 6770.841587 -0.632867 -0.616245 0.468744 0.767616 -0.420243 0.483902 -0.101216 0.666061 0.738998
-0.538211 -55.611555 -30.374681 5079.780564 -0.608395 -0.625432 0.488560 0.792946 -0.504673 0.341382 0.033052 0.595096 0.802974
-0.252615 -51.159282 -273.585733 4069.822037 -0.606454 -0.620872 0.496721 0.793382 -0.513777 0.326462 0.052513 0.592074 0.804171
-1.739757 -39.944448 -154.012398 -0.617009 0.548209 0.683151 -0.482464 -0.682720 0.698748 0.213646 0.483073 0.212265 0.849461
-1.553850 -41.562371 13.132016 -1112.668059 0.558000 0.671152 -0.488048 -0.722851 0.681970 0.111371 0.407581 0.290641 0.865682
-0.697153 -41.231765 -481.213092 425.472589 0.547284 0.688866 -0.475336 0.709688 -0.683014 -0.172727 0.443647 0.242810 0.862683
-0.869948 -43.775489 419.141249 1147.062083 -0.571786 -0.667648 0.476766 0.749627 -0.661308 -0.027046 0.333346 0.341932 0.878614
0.209103 -39.773389 -553.421825 415.030774 0.544868 0.693496 -0.471361 -0.652165 0.703820 0.281637 0.527067 0.153950 0.835763
23.206555 -17.452229 -7182.534964 1569.883181 0.283288 0.927132 -0.245306 0.536060 0.059017 0.842115 -0.795228 0.370060 0.480279
41.026532 -15.337362 -5406.323494 1234.148704 0.437201 0.882894 -0.171329 0.414681 -0.028853 0.909509 -0.798057 0.468685 0.378734
31.108776 -12.476143 -3474.564210 807.743899 0.391160 0.873270 -0.290507 0.522902 0.048874 0.850991 -0.757342 0.484780 0.437517
34.148294 -7.633310 2612.810015 725.064814 0.586376 0.763785 -0.269807 0.444204 -0.024660 0.895586 -0.677382 0.644999 0.353737
22.871032 -14.059472 -4379.452961 694.604249 0.274065 0.893329 -0.356162 0.603520 0.128581 0.786912 -0.748767 0.430616 0.503903
27.143046 -7.856869 378.259862 290.823077 0.434847 0.816837 -0.379059 0.567604 0.078167 0.819583 -0.699095 0.571548 0.429649
1.948852 -56.010881 499.673667 -2868.650538 -0.623834 -0.608872 0.490006 0.720411 -0.691080 0.058443 0.303049 0.389464 0.869758
2.186202 -50.868334 336.490428 -2670.073000 -0.621317 -0.604720 0.498276 0.740308 -0.661392 0.120435 0.256726 0.443706 0.858613
2.582300 -49.913887 49.286188 -725.998837 -0.612147 -0.608102 0.505458 0.765268 -0.616537 0.185057 0.199100 0.500093 0.842773
2.354425 -50.736898 -74.566680 -1776.283225 -0.602898 -0.606629 0.518185 0.758779 -0.636672 0.137486 0.246511 0.476078 0.844146
1.990737 -48.002841 -281.966107 903.629966 -0.587967 -0.620620 0.518773 0.795085 -0.561383 0.229539 0.148774 0.547430 0.823521
1.324221 -52.856823 -297.864977 2690.182773 -0.595840 -0.616157 0.515097 0.799468 -0.516026 0.307519 0.076324 0.595036 0.800067
19.257325 -30.482605 1075.870774 450.040334 0.455761 0.853814 -0.251561 0.817769 -0.290055 0.497114 0.351476 -0.432284 -0.830419
17.198720 -29.249197 175.683057 371.396066 0.432631 0.865079 -0.253907 0.791356 -0.229441 0.566668 0.431956 -0.446088 -0.783849
18.081167 -30.643646 18.229459 1011.322293 0.433808 0.877109 -0.206134 0.815037 -0.284481 0.504762 0.384090 -0.386976 -0.838287
18.869303 -32.035298 1361.663702 1020.833934 0.445065 0.870489 -0.210156 0.840012 -0.324505 0.434828 0.310316 -0.370061 -0.875648
17.968573 -33.465937 -954.246993 940.986269 0.417835 0.884504 -0.207525 0.860859 -0.312433 0.401632 0.290407 -0.346465 -0.891978
19.800230 -32.092403 -940.343507 -1081.819781 0.404541 0.899872 -0.163023 -0.830813 0.287122 -0.476771 0.382225 -0.328315 -0.863778
2.960989 -135.268258 -342.263644 -11609.302975 0.610564 -0.679977 0.406009 0.790278 0.489650 -0.368379 0.051687 0.545779 0.836334
12.693210 -108.919394 -135.525502 -11680.881513 0.626973 -0.667208 0.402167 0.753895 0.649739 -0.097375 -0.196334 0.364243 0.910373
11.460092 -112.921570 -1672.081890 -12000.939192 0.571917 -0.690524 0.442818 0.794869 0.599898 -0.091133 -0.202716 0.404102 0.891968
20.862262 -86.410652 -97.767879 -8721.381259 0.626189 -0.665682 0.405900 0.690210 0.715427 0.108513 -0.362627 0.212207 0.907452
1.423999 -132.121863 -1554.025068 -10010.243765 0.541725 -0.700241 0.464970 0.839773 0.427004 -0.335335 0.036271 0.572128 0.819362
6.946799 -112.046730 -1638.110422 -10555.999221 0.494051 -0.724048 0.481319 0.846659 0.526537 -0.076985 -0.197692 0.445548 0.873158
16.834487 -91.681429 2092.792894 -9880.074934 -0.531519 0.700946 -0.475565 0.742106 0.656026 0.137512 -0.408371 0.279830 0.868866
0.541662 -91.087479 211.811277 -7465.998493 -0.602245 0.726774 -0.330302 0.779419 0.624782 -0.046401 0.172643 -0.285389 -0.942734
1.638496 -80.358299 -129.068498 697.191574 -0.602747 0.723921 -0.335610 0.797779 0.554965 -0.235715 0.015613 -0.409820 -0.912033
-1.438111 -75.549591 159.347868 -2233.806242 -0.613941 0.721267 -0.320704 0.783754 0.605310 -0.139033 0.093845 -0.336711 -0.936920
-1.537224 -92.813467 134.003592 -10142.076314 -0.601472 0.728406 -0.328111 0.770978 0.636861 0.000523 0.209343 -0.252652 -0.944639
10.735971 -414.868901 -265.200104 57258.726325 0.716351 -0.687838 0.117136 0.607122 0.697204 0.381195 -0.343868 -0.201953 0.917044
10.371563 -439.099448 1790.293143 94581.956246 -0.686078 0.725909 -0.048499 0.657300 0.647048 0.386376 -0.311856 -0.233206 0.921065
6.399331 -337.762058 -1320.691886 -9733.920028 -0.710925 0.700304 -0.064498 0.416959 0.493577 0.763234 -0.566331 -0.515709 0.642895
-29.831979 -574.911725 23793.699594 -125695.760364 0.127490 0.880312 -0.456944 0.222735 0.423525 0.878075 -0.966507 0.213724 0.142081
-53.646085 -1714.104414 -12233.020658 -553074.926414 0.893770 -0.385733 0.228877 -0.357279 -0.303778 0.883216 0.271158 0.871165 0.409322
15.120595 -375.241827 900.091340 -90519.970015 0.485262 -0.810933 0.326970 0.872465 0.424414 -0.242233 0.057664 0.402817 0.913462
5.960820 -154.922978 5568.379828 42571.142578 -0.502808 0.811250 0.298424 -0.084406 -0.389668 0.917079 -0.860267 -0.435926 -0.264403
-17.832755 -60.826845 1457.559808 705.107281 -0.250535 0.964451 -0.084064 -0.381333 -0.018498 0.924253 -0.889841 -0.263614 -0.372412
164.019179 -2001.361604 -794.089871 1590933.063009 -0.473227 0.869750 -0.139965 0.553493 0.417157 0.720851 -0.685348 -0.263657 0.678810
0.802674 -16.084005 -279.717802 1000.673399 -0.421243 -0.608104 0.672878 0.162126 0.679475 0.715562 -0.892340 0.410516 -0.187634
0.279136 -14.435250 -833.072059 367.159202 -0.427896 -0.567353 0.703573 0.217924 0.690708 0.689515 -0.877162 0.448366 -0.171912
2.711130 -16.062256 -306.917730 1282.500574 -0.416632 -0.598468 0.684291 0.199604 0.674141 0.711120 -0.886891 0.432863 -0.161412
5.521548 -14.989533 590.028067 1283.315561 0.419817 0.633962 -0.649497 0.206922 0.629913 0.748594 -0.883707 0.448668 -0.133267
3.992932 -19.751699 634.513589 1938.768966 0.423053 0.681064 -0.597644 0.128580 0.607777 0.783629 -0.896936 0.408361 -0.169550
-7.263035 -40.295216 -303.403918 867.143634 0.162016 0.969173 -0.185621 -0.961918 0.113148 -0.248818 0.220145 -0.218864 -0.950597
-7.958151 -38.646799 557.592316 679.360641 0.196736 0.961129 -0.193716 -0.950272 0.138272 -0.279043 0.241411 -0.238980 -0.940537
-6.286011 -38.671335 472.115779 -214.495921 0.227454 0.958216 -0.173455 0.963987 -0.196353 0.179375 0.137821 -0.208008 -0.968369
-15.385010 -31.027730 860.050090 -277.994079 -0.196111 0.780616 -0.593447 0.875787 0.411652 0.252070 0.441063 -0.470299 -0.764383
-13.748138 -29.176280 589.114055 -539.818497 -0.101947 0.809493 -0.578210 0.938148 0.271564 0.214780 0.330884 -0.520551 -0.787110
-13.066766 -31.765550 147.453049 -365.151847 -0.221194 0.787787 -0.574861 0.890950 0.402949 0.209382 0.396588 -0.465858 -0.791009
-17.030921 -28.945850 1003.674934 -339.502371 -0.031025 0.806936 -0.589823 0.923714 0.248574 0.291486 0.381825 -0.535784 -0.753090
-17.719003 -30.008278 1354.643096 -352.243424 -0.166676 0.769564 -0.616433 0.867078 0.412058 0.279972 0.469463 -0.487831 -0.735953
-16.906342 -31.521923 1162.789251 367.295920 -0.273312 0.731982 -0.624102 -0.803909 -0.530099 -0.269675 0.528233 -0.428015 -0.733330
0.053068 -39.690462 -105.502721 -311.896106 0.505829 0.820728 -0.265598 -0.619648 0.131493 -0.773787 0.600144 -0.555981 -0.575076
-1.815157 -40.201354 -206.248697 145.346596 0.500464 0.816910 -0.286695 -0.564757 0.057057 -0.823282 0.656189 -0.573936 -0.489911
1.316961 -38.899003 -585.442424 -331.452905 0.548804 0.806518 -0.219868 -0.566569 0.165466 -0.807230 0.614665 -0.567582 -0.547757
2.809002 -38.064087 -589.512949 -200.711450 0.542779 0.808320 -0.228057 0.653220 -0.235611 0.719577 0.527916 -0.539543 -0.655895
3.230785 -37.122268 -1410.515747 395.076408 0.313166 0.806811 -0.500982 0.153407 0.477614 0.865073 -0.937226 0.347766 -0.025802
-1.193533 -39.243845 -1324.056242 -339.555329 0.338018 0.848376 -0.407433 0.094339 0.400191 0.911563 -0.936400 0.346561 -0.055237
-1.325151 -38.659293 -1356.604413 -47.425278 0.337383 0.830543 -0.443137 0.019190 0.464572 0.885328 -0.941172 0.307198 -0.140801
1.499282 -38.266122 -861.773790 313.441001 0.335383 0.818466 -0.466510 0.029410 0.485853 0.873545 -0.941623 0.306693 -0.138876
7.747367 -157.228250 577.296248 999.078248 0.667753 0.675792 -0.312107 0.535933 -0.145478 0.831632 -0.516605 0.722594 0.459323
6.027390 -146.287821 287.849833 -6592.372547 0.684999 0.666492 -0.294217 0.313543 0.094836 0.944826 -0.657622 0.739455 0.144011
5.061521 -145.636712 -286.194112 -533.646673 0.673610 0.666412 -0.319600 0.479342 -0.064772 0.875235 -0.562566 0.742765 0.363071
7.030700 -142.955946 -579.519907 5314.101431 0.651408 0.688468 -0.318872 0.646891 -0.284340 0.707590 -0.396485 0.667205 0.630585
-24.579017 -738.721008 -3304.358679 132873.332850 -0.592935 0.725969 0.348421 -0.634003 -0.687638 0.353828 -0.496456 0.011103 -0.867991
-26.487626 -697.108319 -2032.425318 176121.532320 -0.604216 0.676171 0.421563 -0.128981 -0.605075 0.785652 -0.786312 -0.420330 -0.452810
-23.590048 -518.968489 -2644.783972 111816.668875 -0.587197 0.692471 0.419146 -0.298544 -0.666589 0.683030 -0.752377 -0.275940 -0.598152
336.064069 -14142.603473 -55924.583025 -4850522.102319 -0.638595 0.637453 0.431103 0.463822 0.765847 -0.445362 -0.614057 -0.084451 -0.784731
-23.989732 -738.524673 -690.540217 -145680.208934 -0.541769 0.725018 0.425248 -0.726623 -0.658298 0.196629 -0.422499 0.202467 -0.883460
-13.374215 -983.648071 -3647.021400 259641.275959 -0.613890 0.681277 0.398749 0.789157 0.517347 0.331032 0.019233 0.517893 -0.855229
-9.424773 -651.784326 -3761.379488 176743.756487 -0.579118 0.733428 0.355958 0.814823 0.534763 0.223813 -0.026202 0.419656 -0.907305
5.473060 -84.113738 -1963.836649 12445.154597 -0.529242 0.742525 0.410560 0.583700 -0.032559 0.811316 0.615790 0.669027 -0.416180
9.829545 -202.984264 895.650202 44079.646947 -0.552131 0.722200 0.416628 0.634742 0.040094 0.771683 0.540605 0.690521 -0.480548
4.244775 -207.782206 -1455.613297 44748.209677 -0.555267 0.743776 0.372124 0.616007 0.067197 0.784869 0.558761 0.665043 -0.495483
1.646936 -17.853261 -317.371047 -1066.675764 -0.581953 0.080665 -0.809212 0.672651 0.606968 -0.423238 0.457025 -0.790622 -0.407486
2.953348 -19.194773 -567.465323 83.189526 -0.595088 0.058381 -0.801537 0.617394 0.671695 -0.409450 0.514484 -0.738524 -0.435762
3.773307 -17.559074 -26.706888 -52.320137 0.674442 -0.007855 0.738286 0.551819 0.669710 -0.496975 0.490534 -0.742581 -0.456015
1.484053 -16.117045 -204.725165 -812.499127 0.656009 -0.036944 0.753849 0.615614 0.604043 -0.506113 0.436659 -0.796095 -0.419001
1.256369 -15.880422 136.515666 -1176.932835 -0.573653 0.103385 -0.812548 0.706038 0.565317 -0.426530 0.415250 -0.818370 -0.397289
0.875977 -16.081856 -523.306223 -1300.748165 -0.521881 0.125121 -0.843792 0.746143 0.546364 -0.380468 0.413414 -0.828149 -0.378495
42.462765 -40.376250 6454.469671 992.106843 0.890747 0.125110 -0.436941 0.441723 -0.464649 0.767452 0.107008 0.876612 0.469148
26.817571 -35.081872 8683.869687 741.834099 0.852887 0.054882 -0.519203 0.459150 -0.552223 0.695868 0.248525 0.831888 0.496182
37.730815 -43.895028 1363.086994 -2056.332983 0.838414 0.328130 -0.435192 0.545003 -0.496194 0.675843 -0.005825 0.803817 0.594848
49.887822 -46.949672 -1961.829570 1444.312357 0.876998 0.329125 -0.350075 0.469221 -0.429722 0.771473 -0.103476 0.840842 0.531297
42.747513 -51.271069 -4832.715690 -3555.901638 0.805434 0.481822 -0.345143 0.559521 -0.426069 0.710916 -0.195480 0.765711 0.612760
2.859073 -14.258771 4551.559990 1053.626098 0.489108 -0.696890 0.524517 0.867445 0.325785 -0.376037 0.091176 0.638912 0.763857
-1.582467 -21.532640 2743.387426 3242.983371 0.086770 -0.775729 0.625072 0.996025 0.054866 -0.070174 0.020141 0.628676 0.777406
1.044500 -11.103309 581.044547 1552.630354 0.407374 -0.699226 0.587477 0.911826 0.275363 -0.304545 0.051176 0.659741 0.749749
3.787241 -12.577419 1712.350195 1018.523318 0.808259 -0.462968 0.363839 -0.585451 -0.565777 0.580641 0.062967 0.682318 0.728339
-1.268231 -31.952457 1639.538926 -42.126883 0.590018 0.722038 -0.361304 0.757128 -0.650221 -0.063008 0.280422 0.236377 0.930317
-4.346998 -31.267712 -45.826776 -514.042322 -0.607683 -0.725530 0.322997 0.767340 -0.641232 0.003301 0.204721 0.249855 0.946394
-3.445819 -32.747064 -303.216610 -192.930661 0.597935 0.735423 -0.318791 0.748718 -0.654450 -0.105439 0.286174 0.175639 0.941942
13.761788 -34.913482 -1357.938071 -1254.902450 0.586659 0.731113 -0.348289 -0.044368 -0.400412 -0.915260 0.808618 -0.552398 0.202467
13.069870 -35.193993 -25.034955 -332.693979 0.606871 0.719800 -0.337040 -0.061539 -0.380229 -0.922843 0.792415 -0.580787 0.186454
12.645615 -34.206045 -1457.114435 -875.837862 0.617012 0.720847 -0.315717 0.044803 -0.432714 -0.900417 0.785678 -0.541423 0.299285
14.722574 -35.820633 567.786475 -167.798929 0.583988 0.730470 -0.354079 -0.169435 -0.316893 -0.933205 0.793883 -0.604973 0.061295
16.610198 -34.176330 -2895.538462 -1073.933708 0.597514 0.729258 -0.333406 0.048567 -0.447942 -0.892743 0.800386 -0.517234 0.303069
16.581166 -34.767942 -531.532265 -1101.620387 0.527746 0.761648 -0.375999 0.007037 -0.446569 -0.894721 0.849373 -0.469540 0.241035
13.852513 -35.428342 -598.280022 -523.293268 0.524605 0.763227 -0.377194 -0.113274 -0.376542 -0.919449 0.843777 -0.525073 0.111082
13.344689 -35.845106 -988.041023 -309.693688 0.571540 0.741904 -0.350601 -0.148936 -0.326376 -0.933433 0.806945 -0.585711 0.076041
-1.132352 -31.593716 -352.926149 1010.028053 -0.450285 0.879070 0.156460 0.816284 0.476296 -0.326836 0.361833 0.019454 0.932040
-0.228236 -31.852279 -177.481701 715.983530 -0.471102 0.866599 0.164525 0.793781 0.497846 -0.349373 0.384675 0.033993 0.922426
-1.039389 -34.543375 271.922774 2232.351853 -0.480896 0.863350 0.152860 0.751219 0.495620 -0.435924 0.452116 0.094803 0.886907
-1.600877 -33.447589 -826.310564 2174.728260 -0.444763 0.880910 0.161815 0.773292 0.468838 -0.426862 0.451892 0.064722 0.889722
-3.029793 -30.833599 -459.996209 -622.668172 -0.426764 0.893711 0.138397 0.846334 0.448611 -0.287170 0.318733 0.005424 0.947829
-2.109080 -29.154440 -356.682814 -3672.840463 -0.434491 0.888299 0.148805 0.873988 0.455743 -0.168650 0.217628 -0.056777 0.974379
-45.966781 -66.672195 -652.747863 2292.480356 0.767093 0.052305 0.639400 -0.340973 -0.811001 0.475410 -0.543420 0.582702 0.604279
-44.982962 -67.481742 -777.842223 68.203756 0.728703 0.089699 0.678930 -0.429113 -0.712823 0.554748 -0.533717 0.695584 0.480945
-42.564580 -65.447568 -1869.883205 -2382.799476 0.686779 0.146987 0.711849 0.322465 0.816079 -0.479617 -0.651422 0.558937 0.513068
-2.136122 -51.427220 4.016859 -385.421935 -0.253398 0.873721 0.415213 0.926907 0.342126 -0.154249 -0.276825 0.345777 -0.896552
-1.324688 -49.677166 262.609569 1277.741747 -0.224028 0.879760 0.419325 -0.875900 -0.370412 0.309183 -0.427330 0.298021 -0.853564
-2.376855 -53.780175 77.430891 -244.383814 -0.279221 0.856119 0.434852 0.926214 0.359593 -0.113226 -0.253305 0.371151 -0.893355
-1.284925 -52.495636 -173.155431 1330.721624 -0.248345 0.873071 0.419609 -0.876158 -0.387203 0.287091 -0.413124 0.296346 -0.861108
-3.984497 -55.715273 -162.212306 656.704650 -0.332537 0.834840 0.438705 0.934720 0.353595 0.035638 -0.125372 0.421917 -0.897924
-3.584089 -52.930454 169.233308 319.194180 -0.312842 0.841193 0.441049 0.944251 0.325592 0.048784 -0.102566 0.431722 -0.896156
-2.726855 -57.220181 -276.121123 -845.733804 -0.289234 0.853480 0.433492 0.902329 0.394274 -0.174215 -0.319604 0.340763 -0.884157
1.882676 -63.258223 869.167349 3244.278403 0.020010 0.989083 0.145994 -0.199254 -0.139149 0.970018 -0.979744 0.048500 -0.194294
-0.346284 -53.433575 674.243713 1564.043070 0.032409 0.994241 0.102150 -0.051762 -0.100397 0.993600 -0.998133 0.037489 -0.048210
0.510621 -55.233681 599.652946 1594.354744 0.026341 0.997590 0.064182 0.004441 -0.064321 0.997919 -0.999643 0.026001 0.006125
2.292130 -61.050172 834.384253 3527.582390 0.023739 0.997067 0.072760 -0.078951 -0.070684 0.994369 -0.996596 0.029350 -0.077041
7.716699 -77.565454 1469.242992 7235.332005 -0.015176 0.992200 0.123727 -0.264118 -0.123324 0.956573 -0.964371 0.018162 -0.263929
5.941116 -78.369428 1667.219844 4732.587446 -0.035230 0.975398 0.217616 -0.432016 -0.211219 0.876783 -0.901177 0.063125 -0.428829
-18.007920 -35.440446 2492.344119 470.096277 -0.091110 0.964082 0.249490 0.029135 -0.247844 0.968362 -0.995415 -0.095496 0.005507
-22.984150 -36.881180 2191.745450 -241.753278 -0.149633 0.943711 0.294992 -0.085964 -0.309638 0.946961 -0.984998 -0.116338 -0.127457
-24.446264 -35.721656 3114.113571 639.394070 -0.128547 0.940494 0.314559 0.078941 -0.306480 0.948598 -0.988557 -0.146771 0.034847
-27.511602 -34.073537 2700.946092 1146.395813 -0.154358 0.910539 0.383527 0.179697 -0.355832 0.917111 -0.971536 -0.210482 0.108695
-21.251050 -33.382075 2809.696723 832.252273 -0.096612 0.948764 0.300853 0.191063 -0.278968 0.941101 -0.976812 -0.148403 0.154322
22.136480 -23.898349 -635.417056 -222.271119 0.420561 0.272602 0.865342 -0.351471 0.928267 -0.121608 -0.836419 -0.252999 0.486205
22.912213 -29.351466 -2565.641515 1735.404851 0.308863 0.433706 0.846465 -0.500669 0.830829 -0.243008 -0.808662 -0.348743 0.473756
15.544709 -30.492400 -3220.133639 202.860112 0.320505 0.242410 0.915704 -0.355751 0.926739 -0.120815 -0.877905 -0.287041 0.383262
18.807989 -28.772596 -651.971762 -779.981340 0.413177 0.118640 0.902889 -0.204819 0.978181 -0.034805 -0.887318 -0.170548 0.428462
9.473927 -35.991679 -4134.088408 654.695842 0.297854 0.191380 0.935231 -0.238635 0.963521 -0.121168 -0.924303 -0.187088 0.332659
5.076616 -40.429112 -5237.310937 2295.010220 0.199017 0.343278 0.917907 -0.420674 0.875883 -0.236353 -0.885113 -0.339102 0.318724
-2.169562 -78.831251 23.017695 -2526.412762 -0.286647 0.843349 0.454528 0.382858 0.535745 -0.752594 0.878210 0.041710 0.476452
-2.174065 -80.733440 343.567248 -1813.446799 -0.305799 0.844360 0.439935 0.437658 0.535020 -0.722640 0.845543 0.028441 0.533149
-2.012177 -76.680369 216.647498 -1950.647148 -0.281434 0.859239 0.427204 0.583009 0.506717 -0.635089 0.762165 -0.070328 0.643552
-2.510877 -73.240033 253.394061 -1159.216082 -0.278533 0.858895 0.429789 0.541186 0.510048 -0.668557 0.793433 -0.046381 0.606887
-2.822878 -76.929261 3.256431 -1630.009782 -0.285208 0.840592 0.460502 0.344990 0.538287 -0.768914 0.894225 0.060432 0.443519
-9.170289 -46.084194 198.588404 2402.254200 -0.231172 0.839773 0.491264 -0.778750 0.142959 -0.610828 0.583188 0.523778 -0.620926
-8.043450 -43.232466 622.654092 -2960.983838 -0.247002 0.818252 0.519089 0.810218 -0.119452 0.573827 0.531541 0.562312 -0.633458
-7.327971 -49.435540 831.078174 2893.083521 -0.239284 0.818162 0.522833 -0.735531 0.198770 -0.647676 0.633828 0.539539 -0.554221
-6.830266 -32.516881 929.172244 1110.271119 0.118875 0.832681 0.540843 -0.820634 0.389034 -0.418583 0.558953 0.394075 -0.729573
-9.237535 -34.067687 -407.967293 665.488763 0.225806 0.799348 0.556825 -0.733208 0.515800 -0.443121 0.641418 0.308209 -0.702559
-10.048518 -34.946225 506.051537 -240.287298 0.241285 0.789403 0.564468 -0.745403 0.523207 -0.413074 0.621415 0.321088 -0.714665
-5.052547 -94.818614 -555.712565 -840.694802 0.920343 -0.339871 0.193536 -0.318907 -0.365647 0.874414 0.226422 0.866481 0.444908
-4.146774 -97.050249 106.552455 345.053668 0.917167 -0.341584 0.205242 -0.337482 -0.391897 0.855875 0.211919 0.854247 0.474714
-5.622674 -94.967298 -416.954730 -3643.040604 0.913304 -0.345370 0.215860 -0.384494 -0.556360 0.736633 0.134315 0.755767 0.640919
-3.769687 -109.123235 -32.425299 8308.466128 0.925693 -0.334653 0.176352 -0.254881 -0.207318 0.944487 0.279514 0.919253 0.277210
-7.679297 -93.435683 -866.481891 -3255.125459 0.921009 -0.339012 0.191868 -0.360098 -0.553106 0.751268 0.148565 0.761016 0.631493
-9.703624 -94.015876 -1247.691295 -3299.060625 0.924974 -0.338323 0.173089 -0.313206 -0.420717 0.851410 0.215231 0.841745 0.495117
-6.166890 -96.957393 -707.722412 2232.632245 0.920857 -0.350120 0.171576 -0.260326 -0.224505 0.939057 0.290263 0.909403 0.297883
-3.906848 -100.992890 -395.153722 5857.257315 0.920152 -0.347971 0.179545 -0.255242 -0.185306 0.948954 0.296937 0.919009 0.259327
-13.583383 -2033.363961 -13784.890715 758237.691508 -0.518989 -0.061719 -0.852550 0.090832 0.987761 -0.126801 0.849941 -0.143247 -0.507031
-42.506175 -915.915735 -116.587799 197229.192187 -0.595390 -0.048614 -0.801965 0.125609 0.980261 -0.152676 0.793557 -0.191636 -0.577532
-23.089806 -354.710600 2006.600789 81515.708241 -0.576731 -0.188077 -0.794990 -0.434763 0.894546 0.103772 0.691638 0.405480 -0.597681
-52.069778 -1021.331336 332.709424 -263389.802108 -0.560746 -0.104311 -0.821391 0.486433 0.761283 -0.428755 0.670035 -0.639975 -0.376146
-14.192153 -267.248253 -3122.732857 57311.211311 -0.520215 -0.101345 -0.848001 -0.342115 0.934514 0.098190 0.782517 0.341194 -0.520820
-7.052661 -692.511798 -9929.989182 193473.111345 -0.439642 -0.001623 -0.898171 0.185312 0.978319 -0.092475 0.878848 -0.207098 -0.429810
-15.734113 -486.709043 -12285.769186 -29291.402693 -0.444817 -0.030788 -0.895092 0.606661 0.724857 -0.326413 0.658863 -0.688211 -0.303751
9.902642 -44.944105 -3179.489878 868.865966 -0.160797 0.961568 -0.222556 0.966458 0.199149 0.162167 -0.200256 0.189015 0.961338
5.842768 -41.139488 3575.776549 1295.237359 0.130247 -0.970576 0.202529 0.989213 0.141019 0.039636 -0.067030 0.195182 0.978474
-2.204756 -43.596086 -3464.853146 827.295893 -0.170804 0.965323 -0.197425 0.970377 0.199551 0.136188 -0.170862 0.168315 0.970812
-14.312018 -27.937492 603.299897 196.633713 0.196388 0.714529 -0.671476 -0.455175 -0.540119 -0.707875 0.868474 -0.444657 -0.219163
-12.365950 -28.076689 665.675830 997.143296 0.256886 0.814910 -0.519549 -0.344026 -0.425269 -0.837133 0.903136 -0.393787 -0.171104
-14.351335 -30.079629 782.850667 804.447300 0.273859 0.779450 -0.563435 -0.358704 -0.460784 -0.811794 0.892375 -0.424424 -0.153402
-15.307101 -31.084937 289.222821 -154.477067 0.240819 0.686825 -0.685768 -0.459340 -0.541771 -0.703911 0.854993 -0.484516 -0.185017
-8.612153 -27.316329 180.284073 -65.533145 0.037621 0.910596 0.411583 0.056721 0.409264 -0.910651 0.997681 -0.057605 0.036252
-7.432711 -28.666905 87.524141 -355.963693 0.053278 0.900831 0.430889 -0.045839 0.433253 -0.900106 0.997527 -0.028204 -0.064376
-9.438905 -28.696685 -756.070193 -567.794130 0.032248 0.933699 0.356605 -0.027216 0.357478 -0.933525 0.999109 -0.020399 -0.036939
-8.440057 -27.589621 95.761398 162.443173 0.075345 0.881351 0.466416 0.032193 0.465352 -0.884540 0.996638 -0.081662 -0.006689
-11.584092 -26.965225 -864.567892 -757.975029 0.029072 0.949715 0.311764 0.099575 0.307592 -0.946294 0.994605 -0.058555 0.085626
-11.076194 -28.887295 868.735035 758.699121 0.004975 0.924494 0.381165 0.147378 0.376329 -0.914689 0.989068 -0.060726 0.134378
-9.297974 -27.155316 180.765118 520.778202 0.061877 0.877298 0.475940 0.116554 0.467240 -0.876415 0.991255 -0.109703 0.073341
17.614378 -33.069023 2257.685929 522.249067 0.533638 0.746095 -0.398211 -0.517741 -0.084102 -0.851394 0.668711 -0.660507 -0.341404
11.133887 -35.278195 847.863783 234.875665 0.529375 0.768685 -0.359005 -0.496278 -0.062634 -0.865901 0.688092 -0.636553 -0.348325
15.974941 -32.848842 2084.329699 -528.412068 0.508173 0.757996 -0.408903 0.590389 0.039085 0.806172 0.627057 -0.651087 -0.427651
-20.041265 -182.452281 3379.722325 35044.773012 -0.711399 0.689492 0.136060 -0.586479 -0.689106 0.425647 -0.387240 -0.223008 -0.894602
-80.218270 -227.215170 -8044.051351 -42405.179125 -0.748825 0.659594 0.064784 0.570353 0.691111 -0.443918 -0.337579 -0.295467 -0.893723
-43.131929 -95.975362 -2773.190157 -12786.742275 -0.158862 0.947258 -0.278327 -0.895243 -0.019341 0.445158 -0.416296 -0.319889 -0.851098
4.997044 -203.275401 772.081944 -23957.037932 0.392200 -0.446377 0.804318 0.619252 0.774693 0.127977 -0.680225 0.447883 0.580254
6.402394 -210.835108 1017.898069 -16257.670169 0.377633 -0.446938 0.810950 0.808348 0.586287 -0.053302 -0.451627 0.675658 0.582683
7.973308 -246.921941 -2219.930211 -19619.491862 0.365311 -0.440255 0.820197 0.739497 0.672420 0.031565 -0.565414 0.595002 0.571209
4.592245 -271.544277 2498.941160 -50172.381226 0.350103 -0.458368 0.816901 0.606504 0.775532 0.175224 -0.713849 0.434107 0.549518
6.698511 -226.693156 -2173.492552 -26857.974184 0.338244 -0.467611 0.816658 0.522963 0.814872 0.249987 -0.782368 0.342526 0.520169
6.734639 -161.849772 -593.283887 -19189.948338 0.333695 -0.513228 0.790724 0.397776 0.837130 0.375483 -0.854647 0.189234 0.483496
85.249283 -24.426629 -10888.531444 453.145332 0.134379 0.973479 0.185153 0.874692 -0.204334 0.439502 -0.465679 -0.102892 0.878952
57.369021 -25.619039 -6749.331304 -701.444710 0.072863 0.989928 0.121386 0.922365 -0.113182 0.369367 -0.379385 -0.085049 0.921322
53.290612 -28.974524 -9033.605633 368.924829 -0.108185 0.969067 0.221823 0.920416 0.013317 0.390714 -0.375674 -0.246439 0.893385
-39.614660 -62.145910 200.779761 -4945.400509 -0.449922 -0.433625 0.780730 -0.400975 0.879226 0.257256 -0.797991 -0.197308 -0.569456
-37.657377 -54.803593 -822.921522 -1710.402660 0.167517 0.752654 -0.636750 -0.520326 0.616092 0.591347 -0.837376 -0.232257 -0.494831
-29.697073 -49.310511 -366.707699 -2380.310559 -0.088934 0.867493 -0.489436 -0.620371 0.336191 0.708601 -0.779250 -0.366650 -0.508269
7.672080 -59.784232 5918.067439 -151.648084 -0.006986 0.921244 -0.388922 -0.551622 -0.327952 -0.766916 0.834065 -0.209180 -0.510469
18.455996 -58.355011 5586.476459 -188.594443 0.068948 0.933693 -0.351373 -0.633033 -0.231273 -0.738771 0.771048 -0.273367 -0.575113
22.708967 -64.941839 4651.519698 -240.352107 0.068861 0.907689 -0.413954 -0.499074 -0.327942 -0.802109 0.863819 -0.261828 -0.430422
12.692067 -64.030031 6131.300943 1265.269461 -0.036330 0.880550 -0.472560 -0.375046 -0.450322 -0.810278 0.926294 -0.147794 -0.346607
-3.274491 -56.487397 5300.173955 -188.808250 -0.044800 0.897118 -0.439514 -0.481057 -0.404961 -0.777555 0.875544 -0.176596 -0.449707
-10.035167 -53.285258 4167.284568 -125.532139 0.033083 0.920413 -0.389546 -0.629750 -0.283458 -0.723234 0.776093 -0.269243 -0.570252
18.049235 -66.887984 15484.667342 1963.665471 0.567649 0.654320 -0.499641 0.167255 0.502584 0.848195 -0.806102 0.565044 -0.175853
8.855099 -73.052785 17568.171163 11770.269968 0.592716 0.557968 -0.580826 0.411996 0.409616 0.813925 -0.692060 0.721725 -0.012905
40.756116 -113.260935 10984.500950 31844.413017 0.463639 0.678530 -0.569768 0.493935 0.335929 0.801985 -0.735572 0.653260 0.179400
-17.296551 -63.162123 10242.018699 -2832.642002 0.514805 0.670390 -0.534371 0.106745 0.568339 0.815841 -0.850636 0.477040 -0.221023
-11.890245 -64.713642 12180.250442 6113.719279 0.523361 0.677438 -0.516886 0.236369 0.467373 0.851876 -0.818671 0.568014 -0.084480
54.753160 -36.307925 14566.266550 -220.552111 0.899735 0.402892 -0.167795 0.089841 0.205256 0.974576 -0.427090 0.891935 -0.148480
59.138457 -32.152757 1183.614988 -258.806389 0.706343 0.680486 -0.194982 0.068974 0.207976 0.975699 -0.704501 0.702627 -0.099966
30.718775 -35.059196 1283.470875 284.409470 0.378589 0.613633 -0.692910 0.861963 -0.506474 0.022428 -0.337179 -0.605754 -0.720675
350.149335 56.598161 44434.682389 -8533.972329 0.700709 -0.249560 0.668376 -0.688871 0.007107 0.724849 0.185643 0.968333 0.166934
546.259624 17.664408 117086.011119 6050.860307 0.526969 -0.636192 0.563528 0.753089 0.042223 -0.656563 0.393906 0.770375 0.501359
181.098931 43.930224 40257.292610 -6331.891418 0.691385 -0.380649 0.614079 -0.657236 0.021618 0.753375 0.300046 0.924467 0.235230
-2.080539 -55.328066 -452.693070 -367.286961 0.667069 0.626849 -0.402591 0.473853 0.059994 0.878558 -0.574876 0.776828 0.257014
-1.000350 -54.202694 533.846957 -538.549566 0.684776 0.608117 -0.401591 0.449127 0.081809 0.889715 -0.573905 0.789620 0.217101
-1.204957 -54.186222 -31.184312 -1913.595520 0.683205 0.625834 -0.376249 0.315596 0.211581 0.925004 -0.658506 0.750710 0.052958
-2.807401 -54.743643 -767.000726 1961.567711 0.659214 0.629876 -0.410724 0.589075 -0.093097 0.802697 -0.467362 0.771096 0.432415
-2.388971 -55.698022 -203.537741 -2123.350057 0.677589 0.617957 -0.398751 0.369872 0.182294 0.911023 -0.635663 0.764786 0.105044
-3.177122 -56.397947 -405.912809 -99.159730 0.672224 0.615429 -0.411537 0.487476 0.050428 0.871679 -0.557209 0.786578 0.266108
4.585041 -41.466301 861.104455 2918.237133 0.663339 0.534114 -0.524122 0.245028 0.506759 0.826533 -0.707066 0.676696 -0.205280
6.141288 -34.912100 233.681814 143.101328 0.639860 0.564948 -0.520974 0.275353 0.464366 0.841751 -0.717468 0.682054 -0.141569
4.671097 -38.339602 945.689832 -1303.527434 0.659515 0.549552 -0.512867 0.297057 0.436203 0.849402 -0.690505 0.712544 -0.124434
3.502662 -41.949804 -492.864121 -4381.788861 0.604989 0.551866 -0.573962 0.339052 0.473675 0.812820 -0.720439 0.686350 -0.099457
-1.684856 -40.779772 308.445594 -278.881407 0.556827 0.662147 -0.501502 -0.675850 0.712161 0.189877 0.482877 0.233212 0.844063
-1.430292 -43.820534 370.898455 -1600.753834 0.554359 0.664644 -0.500934 -0.730613 0.676891 0.089572 0.398611 0.316334 0.860838
-1.578180 -45.312593 -33.588006 1930.107244 -0.570656 -0.659187 0.489719 0.758349 -0.651818 0.006302 0.315053 0.374974 0.871858
26.358332 -21.474453 -9349.736434 1293.754352 0.294798 0.938784 -0.178265 0.447973 0.029007 0.893576 -0.844046 0.343283 0.411999
44.055933 -13.048991 1229.374532 1148.330425 0.637311 0.743394 -0.202976 0.368809 -0.062971 0.927370 -0.676619 0.665883 0.314303
3.107435 -34.370843 865.583237 3729.893142 0.092662 0.963252 0.252108 0.321889 -0.268582 0.907883 -0.942232 0.002976 0.334947
-1.355745 -22.094284 682.669399 2708.839200 0.096523 0.949218 0.299447 0.393398 -0.312738 0.864542 -0.914287 -0.034354 0.403607
1.449103 -23.660422 733.657210 2176.344673 0.051552 0.978660 0.198916 0.380439 -0.203407 0.902159 -0.923368 -0.029168 0.382807
4.379516 -36.499597 688.997347 3471.665491 0.059462 0.979962 0.190103 0.297995 -0.199183 0.933555 -0.952714 -0.001138 0.303867
0.861869 -56.997613 -517.487019 4148.551806 0.613759 0.621127 -0.487340 -0.708096 0.706070 0.008123 0.349141 0.340098 0.873175
-0.798690 -44.165395 436.145777 -301.651362 0.452334 0.838381 -0.304157 -0.654063 0.079998 -0.752198 0.606296 -0.539183 -0.584540
-0.429362 -42.976825 599.354299 364.967523 0.443529 0.839496 -0.313893 -0.614383 0.029791 -0.788445 0.652545 -0.542549 -0.528985
-0.393024 -42.292801 146.306422 -210.984570 0.465354 0.830204 -0.306931 -0.664409 0.098526 -0.740846 0.584813 -0.548684 -0.597445
-0.056943 -42.661847 67.448520 -177.095628 0.480102 0.826281 -0.294553 0.726236 -0.186057 0.661789 0.492020 -0.531641 -0.689401
16.648222 -30.596873 -246.739227 -312.751424 0.435211 0.837338 -0.330841 0.816521 -0.212266 0.536877 0.379321 -0.503793 -0.776085
15.447065 -29.982110 -413.762549 -680.493314 0.410828 0.851705 -0.325299 0.780230 -0.143856 0.608725 0.471658 -0.503889 -0.723626
6.777408 -120.155557 -162.980995 -10751.904794 0.684134 -0.640942 0.348070 0.727424 0.634324 -0.261701 -0.053054 0.432233 0.900200
17.893174 -87.520100 1639.823968 -7926.612839 0.711266 -0.624039 0.323536 0.651433 0.758108 0.030125 -0.264074 0.189335 0.945736
3.459713 -84.752076 -561.180366 1554.285342 -0.582951 0.730857 -0.354988 0.810207 0.490035 -0.321605 -0.061091 -0.475093 -0.877812
3.103248 -81.581939 -1347.261361 5042.054068 -0.607831 0.708067 -0.359421 0.789741 0.491868 -0.366572 -0.082770 -0.506663 -0.858162
0.690810 -88.953235 -79.258845 -3872.314164 -0.590171 0.735370 -0.333060 0.798655 0.591999 -0.108104 0.117675 -0.329800 -0.936688
-3.580652 -24.601997 -361.513085 -99.325059 -0.299104 -0.556049 0.775465 0.216088 0.752087 0.622633 -0.929431 0.353801 -0.104796
-4.167263 -26.123311 -283.457465 288.731867 -0.322953 -0.636742 0.700186 0.152699 0.695080 0.702529 -0.934015 0.333802 -0.127249
-5.710797 -24.448261 103.877868 316.526432 -0.295709 -0.596040 0.746521 0.151368 0.742361 0.652678 -0.943209 0.306002 -0.129301
-1.031063 -25.640620 -851.189699 32.336108 -0.303893 -0.562480 0.768938 0.278499 0.719406 0.636313 -0.911091 0.407519 -0.061972
-4.332223 -23.108237 183.298217 168.232805 -0.260321 -0.509463 0.820171 0.246532 0.786228 0.566627 -0.933517 0.349704 -0.079073
-2.739180 -23.863303 -255.608061 -81.494402 -0.270952 -0.497269 0.824202 0.296494 0.771489 0.562936 -0.915793 0.396900 -0.061599
19.404059 -576.033127 4921.379461 107789.271076 -0.690965 0.721319 -0.047605 0.660508 0.656730 0.363916 -0.293763 -0.220010 0.930214
17.697626 -525.593994 136.120328 -80999.897347 0.687073 -0.726422 -0.015527 -0.676517 -0.631784 -0.378384 -0.265057 -0.270481 0.925519
4.326720 -402.897563 -880.561326 8697.196624 -0.678125 0.734943 -0.002232 0.478514 0.443821 0.757659 -0.557827 -0.512720 0.652647
14.954118 -379.327863 2268.297076 -43399.472662 -0.602500 0.792925 0.090902 0.526841 0.309569 0.791584 -0.599527 -0.524820 0.604261
6.212169 -397.020037 785.150934 -68484.725023 -0.659842 0.750686 0.032853 0.178148 0.113816 0.977399 -0.729980 -0.650782 0.208834
4.062783 -467.892027 -1517.233488 -74700.385760 -0.689357 0.722274 -0.055741 0.092832 0.164388 0.982018 -0.718449 -0.671786 0.180372
-3.796518 -167.687899 1528.128679 -12604.762081 -0.536024 0.813874 0.224251 0.022726 -0.251629 0.967557 -0.843897 -0.523730 -0.116383
10.177396 -628.605414 -4369.204900 -174239.704963 -0.420160 0.761703 0.493228 0.357077 -0.360907 0.861535 -0.834243 -0.538103 0.120348
-3.984391 -142.366539 1142.014907 -11397.796031 -0.508956 0.824008 0.248947 -0.060690 -0.322837 0.944507 -0.858650 -0.465604 -0.214319
-6.646957 -163.484362 -2371.996657 -20706.106203 -0.513492 0.754402 0.408905 0.158023 -0.385242 0.909185 -0.843419 -0.531475 -0.078606
-7.461598 -141.190454 1297.779652 -7702.679183 -0.529341 0.837522 0.135483 -0.307564 -0.338261 0.889373 -0.790697 -0.429112 -0.436647
