18758
37490
-24.184709 -50.553653 2603.627506 2379.297451 0.779785 0.147250 0.608484 -0.340356 0.915473 0.214634 -0.525445 -0.374470 0.763989
-27.472821 -55.540250 2635.320146 -69.176438 0.745739 0.218031 0.629552 0.467051 -0.844951 -0.260618 -0.475118 -0.488386 0.731944
-32.387258 -55.298091 291.634348 5438.900313 0.574548 0.528036 0.625358 -0.640864 0.765493 -0.057569 -0.509106 -0.367694 0.778211
-27.077602 -51.291749 1161.531086 1095.139697 0.772900 -0.007186 0.634488 -0.283003 0.891069 0.354831 -0.567922 -0.453811 0.686673
-21.457863 -42.489668 2444.681224 5403.477216 0.799999 0.128752 0.586025 -0.251652 0.958647 0.132917 -0.544677 -0.253808 0.799317
-22.277292 -45.323669 1413.965331 3318.973178 0.793102 -0.083419 0.603349 -0.136723 0.940916 0.309813 -0.593545 -0.328205 0.734838
32.637663 -20.436874 1405.901413 -7219.997122 0.822548 0.471860 0.317433 0.040140 -0.604957 0.795246 -0.567278 0.641386 0.516547
32.497285 -24.902687 2651.340297 854.345682 0.837562 0.358148 0.412577 -0.105122 -0.635408 0.764988 -0.536133 0.684096 0.494544
28.640648 1.158545 -3362.292436 -5281.392776 0.781554 0.623813 -0.005445 0.362953 -0.447597 0.817265 -0.507384 0.640714 0.576236
45.282191 -12.390222 -13208.031982 -6653.696207 0.698228 0.715875 0.000503 0.450335 -0.439780 0.777041 -0.556485 0.542326 0.629450
49.486480 -14.676144 18996.048727 2367.121159 -0.474531 -0.791624 0.384904 0.753595 -0.139392 0.642389 -0.454878 0.594896 0.662710
12.509239 6.308859 -1553.221180 970.996928 0.786417 0.610244 -0.095661 0.455478 -0.468284 0.757133 -0.417239 0.638993 0.646219
-0.601274 -25.966741 -4784.495911 788.228158 -0.163075 -0.029563 -0.986171 0.982859 -0.091988 -0.159770 -0.085992 -0.995321 0.044057
-4.902689 -22.293512 -5179.503702 1055.094695 -0.341009 -0.023162 -0.939775 0.939458 -0.044177 -0.339805 -0.033645 -0.998755 0.036825
5.376141 -18.495564 -4764.296535 1286.223486 -0.270708 -0.018934 -0.962475 0.961869 -0.045888 -0.269634 -0.039061 -0.998767 0.030634
-2.121611 -27.375513 -359.529716 229.045958 -0.391731 0.010013 -0.920025 0.915810 -0.091980 -0.390938 -0.088538 -0.995710 0.026862
8.624369 -19.860312 -3171.044469 1326.526156 -0.122198 -0.005829 -0.992489 0.988923 -0.085600 -0.121256 -0.084250 -0.996313 0.016225
4.627205 -24.714177 -3261.157445 1505.137826 0.018154 -0.034336 -0.999245 0.990624 -0.134729 0.022627 -0.135404 -0.990287 0.031568
3.015036 -27.985643 -531.405751 -448.189948 -0.222863 -0.000861 -0.974849 0.963739 -0.150739 -0.220191 -0.146759 -0.988573 0.034424
-8.508497 -36.721571 1446.316514 -506.771000 0.785265 0.407125 0.466485 0.534678 -0.825808 -0.179334 -0.312216 -0.390244 0.866159
-12.756155 -37.333639 2032.075596 297.136931 0.800227 0.379710 0.464173 0.555048 -0.762022 -0.333533 -0.227064 -0.524540 0.820548
-7.043944 -37.707174 1487.935502 81.903564 0.790598 0.409044 0.455673 0.570369 -0.762676 -0.304966 -0.222787 -0.501007 0.836276
-3.298761 -25.907151 -2913.761370 276.983207 0.843447 0.447342 0.297459 0.302853 0.061386 -0.951058 0.443708 -0.892254 0.083703
-9.191799 -25.170157 -2098.712307 13.088884 0.816756 0.459315 0.349197 0.380894 0.025375 -0.924270 0.433392 -0.887911 0.154226
-2.261475 -26.678877 -2775.433396 4.189391 0.816070 0.439565 0.375249 0.401688 0.035447 -0.915090 0.415543 -0.897511 0.147641
-13.060929 -89.805106 -229.259308 1519.818029 0.533995 0.581823 0.613459 0.838929 -0.454817 -0.298897 0.105106 0.674258 -0.730978
-12.806171 -92.750607 -293.683096 -2574.195834 0.570767 0.569139 0.591866 0.815651 -0.309992 -0.488486 -0.094542 0.761568 -0.641152
-10.842958 -97.452519 932.612584 801.219141 0.551406 0.524669 0.648594 0.830800 -0.415868 -0.369900 0.075654 0.742817 -0.665206
-10.802276 -88.921391 990.672888 6482.628215 0.521635 0.537716 0.662388 0.811090 -0.553364 -0.189527 0.264630 0.636121 -0.724791
-6.257302 -96.443032 2029.150327 8030.026339 0.536079 0.489854 0.687505 0.797123 -0.561822 -0.221249 0.277876 0.666633 -0.691655
-5.445729 -104.570142 2036.839345 -79.534887 0.561051 0.479640 0.674660 0.826745 -0.365437 -0.427723 0.041393 0.797747 -0.601569
-5.513391 -69.510258 891.255311 1099.603906 0.736202 0.518201 0.435286 -0.205967 -0.441117 0.873495 -0.644658 0.732724 0.218019
-8.958496 -67.837860 705.597415 731.632547 0.707696 0.549106 0.444578 -0.212671 -0.434505 0.875201 -0.673749 0.713925 0.190719
-6.446692 -67.974766 914.221390 -426.709097 0.735536 0.529088 0.423146 0.084633 0.547933 -0.832230 -0.672178 0.647948 0.358246
-2.949508 -70.884900 728.283146 355.707591 0.743650 0.527976 0.410155 0.082510 0.536315 -0.839975 -0.663459 0.658489 0.355268
-5.833623 -71.133558 765.930837 1240.946921 0.735074 0.546481 0.401278 -0.044217 0.629249 -0.775945 -0.676543 0.552634 0.486709
-8.797241 -67.940141 644.503648 -56.410582 0.707223 0.562936 0.427713 -0.019473 0.620258 -0.784156 -0.706722 0.546245 0.449623
-23.607604 -50.319901 7266.601501 1985.211650 -0.037900 0.954672 0.295236 0.920566 0.148292 -0.361342 0.388744 -0.258089 0.884459
-4.107476 -42.559594 8807.577003 662.364850 0.156670 0.971177 0.179639 0.899412 -0.065145 -0.432219 0.408059 -0.229286 0.883695
-22.389136 -48.684333 5638.258199 763.890260 -0.151449 0.934523 0.322071 0.946565 0.230974 -0.225090 0.284742 -0.270772 0.919568
-35.347415 -55.825960 -4459.625026 1529.280860 0.327011 -0.837235 -0.438294 0.900704 0.416489 -0.123568 0.286000 -0.354366 0.890297
-38.438106 -57.620426 5084.602895 1686.063676 -0.235156 0.855582 0.461173 0.897208 0.373554 -0.235534 0.373791 -0.358381 0.855478
-27.246440 -51.172876 9014.694589 2425.722282 0.018940 0.958136 0.285686 0.879884 0.119722 -0.459860 0.474811 -0.260080 0.840781
-0.514620 -51.308266 312.622455 1562.768476 -0.577110 -0.664777 -0.474358 -0.384393 0.733598 -0.560425 0.720546 -0.141087 -0.678902
0.029185 -48.439210 223.219388 800.136570 -0.585850 -0.635696 -0.502663 -0.485055 0.771934 -0.410902 0.649231 0.003093 -0.760585
-0.944695 -53.153297 288.746806 1616.169958 -0.567727 -0.675479 -0.470547 -0.412609 0.728101 -0.547379 0.712348 -0.116610 -0.692071
107.367781 -45.600053 -72449.872982 940.060521 0.942764 0.184148 0.278002 -0.059652 0.913375 -0.402726 0.328081 -0.363092 -0.872082
73.587773 -44.675627 66024.368063 1185.856101 -0.942754 -0.264088 -0.203648 -0.197744 0.934401 -0.296296 0.268537 -0.239064 -0.933133
-7.638675 -49.700104 23750.857342 1999.020949 -0.863086 -0.460509 -0.207398 -0.313713 0.810635 -0.494424 0.395811 -0.361667 -0.844115
9.862428 -45.354968 -25470.211820 -166.081172 0.895892 0.311949 0.316330 -0.074924 0.807909 -0.584526 0.437908 -0.499971 -0.747172
119.395473 -44.437068 -62256.411716 -128.298749 0.906852 0.112054 0.406280 0.115475 0.861051 -0.495234 0.405321 -0.496019 -0.767906
-3.552865 -120.629072 698.250738 -5166.296177 -0.567089 0.199242 -0.799195 0.533866 0.827799 -0.172444 0.627214 -0.524454 -0.575804
-3.962364 -109.879375 211.077812 8708.049207 -0.571218 0.176186 -0.801666 0.338806 0.940213 -0.034777 0.747610 -0.291474 -0.596760
-4.836207 -114.815131 -931.121261 -2600.942109 -0.550297 0.189789 -0.813114 0.537921 0.825387 -0.171399 0.638603 -0.531712 -0.556299
-2.439921 -108.009305 -1851.680104 885.112043 -0.521689 0.199669 -0.829442 0.550078 0.821870 -0.148133 0.652116 -0.533537 -0.538594
-1.209600 -111.355273 -1083.890793 -3234.678776 -0.524450 0.225444 -0.821052 0.678424 0.693329 -0.242972 0.514483 -0.684448 -0.516564
-1.906959 -119.938742 699.264525 -2149.240126 0.543905 -0.665464 0.511199 0.441011 0.744961 0.500542 -0.713916 -0.046802 0.698665
-0.554445 -126.569136 179.971160 1225.275350 0.547085 -0.647434 0.530592 0.237761 0.727943 0.643093 -0.802601 -0.225673 0.552181
0.788128 -120.739926 -46.407498 -2631.878231 0.532759 -0.668387 0.519063 0.354464 0.733205 0.580316 -0.768455 -0.125179 0.627540
0.097767 -119.408046 -199.624641 -423.750873 0.523190 -0.679455 0.514406 0.501271 0.733504 0.459021 -0.689203 0.017701 0.724352
-0.740388 -118.402114 110.593598 3615.945671 0.524951 -0.684161 0.506310 0.615689 0.715970 0.329112 -0.587668 0.138962 0.797079
-3.100791 -115.617048 1263.544977 3390.635110 0.541047 -0.681017 0.493441 0.631277 0.716542 0.296745 -0.555660 0.150945 0.817593
-4.611138 -114.083637 1422.170156 -1845.665080 0.549534 -0.663071 0.508281 0.526354 0.747228 0.405713 -0.648818 0.044583 0.759637
-5.601675 -118.284309 652.585015 -11201.275388 0.436691 -0.738278 0.514050 0.899136 0.376767 -0.222713 -0.029252 0.559458 0.828343
-4.284042 -142.958087 440.355435 -16537.122220 0.399384 -0.754001 0.521513 0.911645 0.266483 -0.312875 0.096934 0.600392 0.793810
-5.892304 -135.555731 789.986167 -14989.280012 0.401589 -0.749439 0.526373 0.907120 0.246473 -0.341151 0.125935 0.614485 0.778812
4.280503 -27.951618 2018.215851 1499.366941 -0.362806 -0.656378 0.661468 0.704101 0.271889 0.655987 -0.610421 0.703736 0.363513
1.344829 -31.013373 585.191331 1149.173256 -0.304550 -0.622155 0.721230 0.709412 0.357117 0.607620 -0.635597 0.696700 0.332604
3.756852 -28.214541 -1549.125484 1331.057623 -0.375465 -0.634191 0.675890 0.726044 0.252023 0.639801 -0.576096 0.730949 0.365825
-2.102151 -30.686748 -2655.340136 833.674519 0.338679 0.657034 -0.673501 0.658144 0.346121 0.668615 -0.672416 0.669706 0.315199
7.602289 -23.586905 454.212702 1860.257025 -0.454332 -0.676997 0.579015 0.687205 0.147243 0.711385 -0.566861 0.721107 0.398339
1.741280 -25.481155 1691.423881 2188.941669 -0.458167 -0.691111 0.558971 0.649040 0.169546 0.741620 -0.607313 0.702581 0.370879
-7.508600 -155.771342 3223.403189 13330.173713 -0.507900 0.681424 -0.526972 -0.152388 0.531027 0.833540 -0.847830 -0.503659 0.165868
-0.165682 -178.965967 1220.388717 21036.464862 -0.514822 0.676371 -0.526764 -0.301695 0.432205 0.849811 -0.802458 -0.596424 0.018451
-6.137060 -185.266638 2416.751684 22701.716491 -0.511151 0.682608 -0.522276 -0.325928 0.408329 0.852666 -0.795296 -0.606065 -0.013764
24.928434 -19.494255 27655.600050 22451.635761 -0.412297 0.191424 -0.890712 -0.421746 0.826508 0.372846 0.807553 0.529377 -0.260034
9.833058 -18.782308 -4091.574088 14748.072995 -0.207634 -0.171807 -0.963001 -0.554537 0.831660 -0.028810 0.805839 0.528037 -0.267954
-4.962453 -79.503850 45562.716133 64292.896530 -0.554735 0.537385 -0.635206 -0.171838 0.672987 0.719417 0.814089 0.508238 -0.280986
-2.507491 -907.600802 32520.832042 -259739.559251 -0.616609 0.671769 -0.410512 0.765420 0.633539 -0.112964 0.184190 -0.383868 -0.904831
-31.206725 -777.357235 23796.463340 -333631.486183 -0.618597 0.668568 -0.412741 0.762026 0.638508 -0.107818 0.191454 -0.381215 -0.904445
-20.956834 -629.901718 21902.684428 -112909.835346 -0.624188 0.663411 -0.412645 0.781272 0.528778 -0.331673 -0.001838 -0.529415 -0.848361
-18.313201 -858.648741 27277.725662 -234191.391969 -0.617590 0.668162 -0.414900 0.657098 0.728238 0.194657 0.432208 -0.152412 -0.888801
-1.906640 -888.008991 8058.079208 -209984.806807 -0.583210 0.683314 -0.439258 0.677284 0.707592 0.201496 0.448500 -0.179988 -0.875472
56.859408 -2157.206034 35760.975697 -712089.921589 -0.588953 0.687039 -0.425573 -0.733955 -0.675133 -0.074202 0.338298 -0.268650 -0.901877
28.807255 -1216.379698 -3555.654147 916441.365473 0.634325 -0.051519 0.771348 0.549821 -0.671340 -0.496990 -0.543441 -0.739357 0.397521
24.837112 -1909.387198 -7008.534024 -630758.212916 0.647080 -0.250140 0.720220 0.347654 0.937529 0.013265 -0.678546 0.241804 0.693618
-184.746037 -6059.453328 -30830.267150 -2973355.035574 0.684776 -0.237738 0.688886 -0.169913 0.867155 0.468158 -0.708669 -0.437634 0.553412
24.973692 21.397586 537.807772 -16474.337421 0.837308 0.354133 0.416539 -0.420536 -0.069692 0.904595 -0.349377 0.932594 -0.090572
20.281796 -13.465026 -159.327697 -9599.777417 0.823775 0.372950 0.426970 -0.414062 -0.118623 0.902486 -0.387230 0.920238 -0.056706
23.823060 17.420238 5349.069678 -9201.316709 0.889854 0.388205 -0.239700 0.165610 0.214708 0.962535 -0.425127 0.896213 -0.126768
54.368012 25.697444 -17858.788721 -3109.060385 -0.494934 -0.160587 0.853963 0.742518 0.432311 0.511639 -0.451340 0.887310 -0.094727
47.231430 21.238628 -14218.265534 -3293.472630 -0.519340 -0.229818 0.823086 0.673252 0.483174 0.559709 -0.526325 0.844824 -0.096206
24.142064 14.137190 4425.829715 -8821.159013 0.854769 0.441906 -0.272193 0.172123 0.253406 0.951924 -0.489636 0.860526 -0.140542
13.471834 -12.237023 -663.572652 945.431754 -0.481532 -0.100295 0.870671 0.612852 0.671638 0.416311 -0.626529 0.734060 -0.261949
14.261120 -12.389217 894.052946 620.030335 -0.488096 -0.175586 0.854945 0.578799 0.668057 0.467645 -0.653264 0.723097 -0.224447
13.406672 -15.289951 564.439586 815.104401 -0.467680 -0.135949 0.873381 0.584275 0.693891 0.420878 -0.663249 0.707131 -0.245087
11.941214 -17.203771 -1573.794006 1733.759013 -0.468106 -0.066146 0.881193 0.613097 0.693831 0.377770 -0.636388 0.717093 -0.284233
5.220191 -23.973422 -940.867560 1450.100102 0.689284 0.704690 -0.168223 0.402027 -0.178871 0.897986 -0.602712 0.686598 0.406598
1.730551 -23.736143 1117.672226 2140.034919 0.650892 0.705049 -0.281505 0.474091 -0.087882 0.876079 -0.592939 0.703692 0.391459
8.671308 -21.091988 -103.832651 183.806831 0.613997 0.712765 -0.339079 0.539465 -0.065357 0.839468 -0.576181 0.698352 0.424641
13.355891 -21.911848 -2537.708538 -237.839136 0.644776 0.723382 -0.246946 0.493275 -0.146989 0.857364 -0.583904 0.674620 0.451602
6.973376 -25.235121 -3530.776306 524.675208 0.700565 0.708667 -0.083665 0.367172 -0.257450 0.893815 -0.611877 0.656895 0.440563
0.564941 -28.415339 -1061.248878 2055.032888 0.732951 0.680207 -0.010040 0.260474 -0.266976 0.927835 -0.628439 0.682673 0.372856
-14.113996 -26.670647 -1351.538863 -641.296773 0.778416 0.282030 0.560828 -0.150185 0.951119 -0.269846 -0.609519 0.125824 0.782723
-18.427606 -29.799250 166.871511 -1667.191669 0.819272 0.049119 0.571298 0.071484 0.979803 -0.186753 -0.568933 0.193840 0.799213
-15.196112 -28.093134 -2375.101281 -1234.146662 0.752124 0.291656 0.590971 -0.101006 0.937160 -0.333958 -0.651236 0.191487 0.734319
-16.277328 -29.069214 770.689180 -856.204452 0.851603 0.060844 0.520644 0.023620 0.987778 -0.154068 -0.523654 0.143503 0.839758
-9.195298 -26.346336 -2586.643296 -586.125306 0.708512 0.409107 0.575015 -0.212366 0.900650 -0.379117 -0.672987 0.146496 0.725002
-8.425366 -25.203753 -2078.014269 70.877732 0.719986 0.415538 0.555831 -0.277462 0.906484 -0.318280 -0.636109 0.074935 0.767952
-13.181455 -26.382251 -618.983583 60.743300 0.799069 0.292514 0.525285 -0.208613 0.954283 -0.214065 -0.563888 0.061471 0.823560
68.317755 -17.490984 -20826.416430 -8679.334531 0.860383 0.082636 0.502904 0.503785 0.011337 -0.863755 0.077078 -0.996515 0.031876
72.184088 -22.128815 -21501.150539 2598.704612 0.804366 0.054016 0.591673 0.586866 0.083051 -0.805413 0.092644 -0.995080 -0.035104
86.564118 -36.965404 -122.376593 -5462.107600 0.788968 0.345798 0.507891 0.538276 0.009616 -0.842714 0.296292 -0.938260 0.178548
54.828301 -12.325247 -22774.728966 354.956373 0.826455 -0.080941 0.557153 0.562804 0.092536 -0.821394 -0.014928 -0.992414 -0.122031
67.796822 -34.660779 -9487.844687 -10366.772349 0.901682 0.231009 0.365519 0.367573 0.035699 -0.929309 0.227728 -0.972296 0.052724
46.691636 -13.000629 -23335.473645 -7403.679112 0.890260 -0.021136 0.454962 0.455408 0.027310 -0.889864 -0.006383 -0.999404 -0.033938
-967.510564 -6248.404835 744447.956154 8129267.100629 -0.706163 0.572189 -0.417053 0.381340 0.803639 0.456885 0.596585 0.163596 -0.785699
-378.522085 -1382.661291 242313.492665 31329.707614 -0.683487 0.725961 -0.076333 -0.519653 -0.557339 -0.647560 0.512647 0.402932 -0.758181
-492.823279 -1927.750472 217943.299179 -1376815.146155 -0.664528 0.735507 -0.132032 -0.153333 -0.307139 -0.939231 0.731363 0.603900 -0.316880
-1411.704969 -4134.829133 732706.069670 -3816728.286893 -0.615629 0.692426 -0.376227 -0.125788 -0.557648 -0.820491 0.777932 0.457794 -0.430403
-0.556345 -302.786638 4076.258419 83424.623922 0.797526 -0.415849 -0.437061 -0.552349 -0.794678 -0.251788 0.242617 -0.442218 0.863470
-12.351843 -298.480961 3355.090751 75063.493049 0.789219 -0.457755 -0.409382 -0.572746 -0.789174 -0.221735 0.221573 -0.409470 0.885009
-4.323198 -242.860489 4013.200840 77116.302372 0.817285 -0.387936 -0.426087 -0.569126 -0.659213 -0.491462 0.090226 -0.644162 0.759549
8.226585 -84.616288 -2948.407321 21841.293895 0.795881 -0.166625 -0.582073 0.426181 -0.528688 0.734070 0.430050 0.832301 0.349760
15.689649 -81.869847 -1762.133879 16825.910110 0.783687 -0.248876 -0.569118 0.410438 -0.480233 0.775188 0.466235 0.841093 0.274204
7.372930 -51.172915 -2159.057342 14413.266802 0.781518 -0.185736 -0.595593 0.385914 -0.606183 0.695422 0.490203 0.773333 0.402065
15.977148 -109.789749 -2226.365916 19938.077845 0.791645 -0.230437 -0.565860 0.469981 -0.362122 0.804976 0.390406 0.903198 0.178371
7.484371 -121.831199 -2980.088842 27276.513184 0.812279 -0.170530 -0.557783 0.462858 -0.393448 0.794331 0.354915 0.903393 0.240658
-5.144157 -32.895612 1373.030562 12709.213248 -0.276039 -0.598946 -0.751709 0.159853 0.742595 -0.650384 0.947760 -0.299695 -0.109242
-13.635885 -50.651731 -1274.512616 21899.700443 0.333560 0.771057 0.542410 0.107958 0.540335 -0.834496 0.936527 -0.336911 -0.096992
-8.248257 -34.134801 1310.257143 9865.055993 0.307039 0.659246 0.686383 0.205990 0.658088 -0.724215 0.929137 -0.363751 -0.066261
2.740628 -23.988473 -1473.537008 2611.686731 -0.184028 -0.385913 -0.903994 0.247893 0.871750 -0.422612 0.951148 -0.301866 -0.064761
-11.853477 -45.592632 61.033360 8891.172557 0.383227 0.732445 0.562727 0.238958 0.509878 -0.826392 0.892209 -0.451163 -0.020375
-14.557038 -35.821385 2952.551553 6847.016574 0.351748 0.720567 0.597543 0.222642 0.555620 -0.801072 0.909233 -0.414814 -0.035010
-8.900690 -22.438848 -7157.590156 2541.420785 -0.208937 -0.469563 -0.857820 0.271091 0.814993 -0.512149 0.939604 -0.339554 -0.042988
-39.073314 -48.689420 -2652.303374 -2518.988596 -0.028921 0.947181 -0.319392 0.992845 -0.009814 -0.119007 -0.115856 -0.320549 -0.940120
-33.061260 -48.032809 -1544.866895 -1283.320972 0.070858 0.901454 -0.427037 0.994338 -0.097822 -0.041506 -0.079189 -0.421678 -0.903281
-37.531539 -47.650133 -2070.292429 -1280.229036 0.021781 0.944983 -0.326395 0.974517 -0.092971 -0.204139 -0.223253 -0.313631 -0.922927
-43.075356 -48.280402 -1268.079159 1777.007073 -0.341813 0.934325 -0.100997 -0.912978 -0.304668 0.271384 -0.222790 -0.184970 -0.957158
-35.597276 -47.938984 -1497.949767 -508.986351 0.058554 0.935185 -0.349284 -0.943028 0.166608 0.287993 -0.327521 -0.312522 -0.891662
-42.023151 -48.232621 -2064.652656 -426.876998 -0.144349 0.977512 -0.153734 -0.934237 -0.083423 0.346759 -0.326135 -0.193678 -0.925270
24.381980 -86.747710 1172.021412 1401.418829 0.547123 0.790944 0.273976 -0.402041 0.535396 -0.742775 0.734179 -0.296240 -0.610920
29.233742 -89.240472 4072.265848 7796.480413 0.539239 0.801266 0.259217 -0.549878 0.568130 -0.612260 0.637852 -0.187616 -0.746957
30.694404 -83.374363 3623.204595 6197.880724 0.565402 0.810479 0.153114 -0.514650 0.491720 -0.702386 0.644559 -0.318331 -0.695133
46.688714 -70.805188 4429.005346 2932.002108 0.590128 0.806964 -0.023644 -0.578305 0.402113 -0.709838 0.563306 -0.432568 -0.703968
35.325629 -71.823955 4845.582203 -2525.166659 0.592563 0.802949 0.064366 -0.418739 0.375311 -0.826921 0.688133 -0.463050 -0.558621
45.639552 -75.872642 3154.432368 7272.381692 0.558501 0.828842 0.033111 -0.653521 0.464246 -0.597818 0.510869 -0.312243 -0.800948
-32.270222 -211.060055 53289.445798 -16170.769914 -0.863630 -0.461907 -0.201952 -0.319470 0.811350 -0.489541 0.389976 -0.358265 -0.848272
-41.023850 -263.961541 -22676.580776 154114.461890 0.632120 0.739963 0.229954 -0.705550 0.672330 -0.223990 0.320350 0.020656 -0.947074
-98.706782 -514.514311 -42241.803063 -179610.865417 -0.489830 -0.354788 -0.796361 0.039143 0.903578 -0.426631 0.870939 -0.240149 -0.428713
-33.243371 -72.028305 -4555.203817 -1358.575309 0.491037 0.111267 -0.864003 0.733844 0.481611 0.479086 0.469420 -0.869293 0.154837
-21.086367 -66.102137 -4963.396099 -2110.916916 0.531867 0.047921 -0.845471 0.764437 0.402399 0.503698 0.364355 -0.914209 0.177390
-30.123964 -67.277238 -3686.059778 -4008.949485 0.561606 0.130808 -0.816999 0.758825 0.312183 0.571600 0.329823 -0.940973 0.076064
0.618427 -94.236426 -1377.832213 7594.220455 -0.643612 -0.521577 0.560108 -0.490357 0.842913 0.221466 -0.587634 -0.132115 -0.798268
11.346384 -97.560607 -356.074763 5094.026628 0.615664 0.544679 -0.569459 0.686255 -0.725794 0.047725 -0.387315 -0.420176 -0.820633
10.727330 -96.262219 3446.706371 3190.284181 -0.561595 -0.604942 0.564497 -0.623514 0.757897 0.191890 -0.543913 -0.244207 -0.802821
2.639762 -87.249992 2193.374223 10288.975893 -0.573328 -0.598173 0.559896 -0.463291 0.800308 0.380616 -0.675764 -0.041177 -0.735967
18.428774 -89.240535 8255.861880 8084.814820 -0.509649 -0.655227 0.557616 -0.575415 0.741407 0.345274 -0.639653 -0.144892 -0.754884
27.193456 -98.549788 9084.621937 783.417569 -0.505753 -0.658192 0.557671 -0.704877 0.687977 0.172730 -0.497355 -0.305731 -0.811891
-8.023300 -53.156219 -196.106933 888.206088 0.944593 -0.294094 0.145780 0.325629 0.783646 -0.529022 -0.041343 -0.547181 -0.835993
-7.183688 -48.988439 -318.756912 1358.696764 0.917794 -0.355827 0.176187 0.393859 0.872069 -0.290466 0.050291 -0.335981 -0.940525
-6.559053 -51.276356 122.881116 1580.699324 0.928739 -0.308371 0.205792 0.358994 0.886632 -0.291560 0.092554 -0.344661 -0.934153
64.384670 -64.152551 18828.055178 -10011.190981 0.744177 -0.448303 -0.495202 -0.035834 0.713480 -0.699759 0.667021 0.538489 0.514891
218.391137 -85.271220 80287.841616 18333.163836 0.773282 -0.609722 -0.173995 -0.215224 -0.510525 0.832492 0.596418 0.606303 0.526006
82.614627 -70.972826 -23477.562182 -15651.652201 -0.766734 0.579836 0.275516 0.097688 0.529561 -0.842628 0.634489 0.619156 0.462676
28.717509 -69.825731 7379.682615 -11706.944996 0.753265 -0.508814 -0.416774 -0.058231 0.579587 -0.812827 0.655135 0.636543 0.406954
46.228664 -97.909772 10915.030805 20260.426826 0.789566 -0.579645 -0.201489 -0.046923 -0.384401 0.921973 0.611869 0.718504 0.330708
-5.376202 -88.071709 243.089331 -3947.160914 -0.260504 0.478316 0.838661 0.736213 -0.463553 0.493061 0.624602 0.745877 -0.231385
-4.876297 -91.032630 101.401889 -4953.496381 -0.245914 0.461349 0.852457 0.752286 -0.463736 0.467990 0.611222 0.756377 -0.233028
-4.043290 -94.436175 -109.527319 3535.132495 0.262818 -0.496111 -0.827527 -0.537199 0.637203 -0.552621 0.801464 0.589785 -0.099043
-4.558433 -91.720132 -108.768009 3028.729729 0.262909 -0.521409 -0.811795 -0.562644 0.600658 -0.568016 0.783780 0.606088 -0.135449
-3.989070 -64.410913 24.834477 -609.435824 0.968998 -0.139392 0.203993 0.239438 0.326179 -0.914482 -0.060933 -0.934974 -0.349443
-4.053472 -65.293245 24.569744 -390.996120 0.969132 -0.120428 0.215126 0.242628 0.311044 -0.918903 -0.043748 -0.942735 -0.330662
-3.781326 -60.851881 30.474906 -1403.953417 0.972421 -0.138259 0.187837 0.202400 0.100039 -0.974180 -0.115898 -0.985331 -0.125264
-4.181575 -67.630050 -47.155377 -180.934101 0.965945 -0.125139 0.226476 0.258228 0.521732 -0.813089 0.016411 -0.843882 -0.536278
-3.416866 -59.362505 -48.446420 -1306.014083 0.971970 -0.155407 0.176416 0.195317 0.116088 -0.973845 -0.130862 -0.981006 -0.143187
-3.895228 -63.511287 77.137747 -784.566636 0.967767 -0.149563 0.202626 0.242826 0.340739 -0.908258 -0.066799 -0.928185 -0.366074
-3.961487 -66.888410 2.873509 -269.611336 0.964496 -0.144298 0.221190 0.264070 0.538690 -0.800050 0.003707 -0.830055 -0.557669
229.722903 -34.324192 71395.035921 2935.695800 0.481538 0.861673 -0.160127 -0.163583 -0.091129 -0.982312 0.861024 -0.499215 -0.097073
1746.788076 -64.468813 935341.619052 4925.535185 0.727116 0.626752 -0.280151 -0.155847 -0.246728 -0.956471 0.668592 -0.739126 0.081722
166.960637 -40.412857 70108.433525 4533.770022 0.184538 0.971109 -0.151304 -0.164506 -0.121257 -0.978895 0.968960 -0.205533 -0.137377
53.493734 -19.999266 17955.066244 -94.061729 0.215080 0.952444 -0.215849 -0.231113 -0.165103 -0.958816 0.948856 -0.256108 -0.184612
62.340061 -23.728420 36411.982341 2849.782188 0.112961 0.993585 0.005450 -0.222711 0.030665 -0.974402 0.968318 -0.108855 -0.224746
-1.757040 -51.763604 -143.344861 -1190.931683 0.976787 -0.182761 0.111742 0.105964 -0.041115 -0.993520 -0.186171 -0.982297 0.020795
-2.767826 -54.819743 123.885401 -1224.252192 0.972524 -0.186154 0.139798 0.172830 0.175007 -0.969279 -0.155970 -0.966809 -0.202372
-2.388072 -56.469077 -240.298370 -1274.828811 0.969177 -0.192351 0.153940 0.185589 0.159077 -0.969666 -0.162028 -0.968347 -0.189872
24.664725 -74.762092 -3936.171767 -2132.094143 0.858565 -0.263031 -0.440091 -0.458115 -0.008152 -0.888856 -0.230209 -0.964753 0.127497
24.018816 -78.244068 -2731.080853 -2399.180505 0.877435 -0.284846 -0.385968 -0.419981 -0.067383 -0.905028 -0.231785 -0.956202 0.178754
52.411701 -65.380763 -5735.930130 -510.430395 0.777358 -0.283087 -0.561762 -0.617216 -0.170770 -0.768038 -0.121489 -0.943769 0.307475
26.286833 -68.354488 -623.586991 -2500.056950 0.830792 -0.224387 -0.509348 -0.521913 0.003870 -0.852990 -0.193371 -0.974492 0.113895
-3.009723 -102.865958 500.548262 -6160.636326 0.354857 -0.855970 0.376020 0.915553 0.399600 0.045623 -0.189310 0.328077 0.925488
-2.383842 -97.246081 -634.900903 -7171.295469 0.336025 -0.852885 0.399594 0.911697 0.401039 0.089308 -0.236422 0.334299 0.912332
-3.678779 -91.102895 -655.217569 -3524.862651 -0.354078 0.855974 -0.376745 0.880807 0.440623 0.173293 -0.314337 0.270480 0.909963
-3.516311 -96.803423 -863.978240 -2142.549645 -0.371098 0.851991 -0.369321 0.866157 0.460967 0.193084 -0.334750 0.248237 0.909022
-3.309678 -108.125581 92.526666 -7206.961803 0.354087 -0.855588 0.377613 0.921821 0.387386 0.013342 -0.157697 0.343367 0.925868
-4.212916 -108.346789 -913.612683 5957.359122 -0.472375 0.721478 -0.506292 0.158456 0.634575 0.756443 -0.867037 -0.277100 0.414080
-2.465588 -112.908613 -1066.877246 946.071086 -0.475910 0.735037 -0.482939 0.190423 0.622202 0.759344 -0.858632 -0.269417 0.436080
-5.274257 -97.808009 -835.183768 1804.348540 -0.460687 0.744584 -0.483075 0.319625 0.646930 0.692330 -0.828014 -0.164545 0.536020
-6.566151 -93.060702 -326.526705 5865.591866 -0.445742 0.733022 -0.513802 0.301093 0.663306 0.685105 -0.843005 -0.150678 0.516371
-6.456179 -107.962270 -1032.510857 11444.771372 -0.463727 0.715307 -0.522774 0.153302 0.645935 0.747841 -0.872614 -0.266652 0.409196
-25.736104 -93.913695 -1924.177126 3284.637649 -0.877296 0.162029 0.451772 -0.035443 0.916849 -0.397657 -0.478639 -0.364875 -0.798606
-21.898911 -95.289530 -1490.579155 2553.383882 -0.898358 0.156950 0.410268 -0.040883 0.900060 -0.433845 -0.437357 -0.406521 -0.802159
-21.944805 -99.371014 2587.215890 500.236447 0.882351 -0.148999 -0.446380 -0.162036 0.794354 -0.585445 -0.441815 -0.588898 -0.676756
-24.293089 -98.667928 2123.404332 981.658679 0.857703 -0.170158 -0.485171 -0.155209 0.813932 -0.559844 -0.490158 -0.555483 -0.671702
-25.985133 -92.421845 -959.775380 4346.897642 -0.852701 0.199308 0.482885 0.002802 0.926091 -0.377290 -0.522392 -0.320363 -0.790237
121.753935 37.526187 -12379.773435 5311.330599 0.841032 -0.159175 -0.517039 0.239149 -0.747888 0.619251 0.485256 0.644459 0.590931
121.683976 44.006298 -22725.616192 2484.520322 0.836506 -0.076221 -0.542631 0.326556 -0.725871 0.605370 0.440022 0.683595 0.582305
107.136162 41.892030 -44903.478812 3709.029777 0.858889 0.007322 -0.512109 0.347494 -0.742870 0.572182 0.376241 0.669396 0.640587
110.724965 33.314399 -51211.501607 6617.241866 0.890657 -0.063538 -0.450215 0.246298 -0.764903 0.595199 0.382188 0.641005 0.665616
111.754600 21.526451 -24832.226547 12093.275674 0.854888 -0.175585 -0.488197 0.180227 -0.781881 0.596808 0.486503 0.598190 0.636776
-38.930068 -1358.775249 -38592.380443 184217.274571 0.038134 -0.376978 0.925437 0.998710 -0.016690 -0.047952 0.033523 0.926072 0.375855
-417.147406 -2223.684013 -75847.455374 322620.639939 -0.130937 -0.519374 0.844456 0.724551 0.531253 0.439086 -0.676670 0.669344 0.306752
9.639131 -6282.604312 -63204.009245 -2634645.417428 0.053887 -0.406068 0.912253 0.976056 -0.171386 -0.133945 0.210738 0.897628 0.387109
-57.767544 -1207.786603 34693.913860 255017.031676 0.013401 0.374236 -0.927237 -0.377154 0.860717 0.341938 0.926054 0.345128 0.152679
56.685430 -1593.186318 38100.539257 458514.850263 0.059157 0.300254 -0.952023 -0.595996 0.775686 0.207606 0.800805 0.555121 0.224838
5.175717 -18.574082 1388.318138 -1088.182394 0.923026 0.356927 0.143616 -0.122609 -0.080930 0.989150 -0.364678 0.930620 0.030938
1.029257 -15.623704 1034.530888 -790.369909 0.935056 0.353688 0.023975 -0.004704 -0.055244 0.998462 -0.354468 0.933731 0.049993
5.120127 -19.644651 1222.181383 -1257.730751 0.930571 0.365945 -0.011018 0.039483 -0.070394 0.996738 -0.363975 0.927970 0.079955
0.394774 -28.810688 -2016.536011 1927.798167 0.385339 0.662841 0.641993 0.918808 -0.211164 -0.333469 -0.085471 0.718367 -0.690393
6.507421 -23.209865 -2238.097232 830.876732 0.209913 0.686070 0.696595 0.977132 -0.122510 -0.173792 -0.033893 0.717147 -0.696098
0.579902 -28.203923 -1239.619344 2030.508619 0.276491 0.678043 0.681037 0.955155 -0.115739 -0.272548 -0.105977 0.725853 -0.679637
-3.409319 -33.584681 -1119.741485 2464.008526 0.419966 0.648936 0.634437 0.893933 -0.175194 -0.412542 -0.156564 0.740398 -0.653680
-6.474579 -34.830106 -1248.276654 2315.165312 0.534014 0.613774 0.581473 0.831117 -0.254873 -0.494252 -0.155157 0.747209 -0.646223
-22.858164 -23.069652 -1610.470783 -576.154179 0.596548 0.397523 -0.697214 0.564878 0.409147 0.716597 -0.570126 0.821325 -0.019524
-22.251471 -25.147423 1419.610795 -566.327298 -0.608036 -0.381264 0.696369 0.612936 0.332039 0.716979 -0.504580 0.862779 0.031799
-22.234897 -26.438371 -504.928490 502.609257 0.658264 0.464237 0.592598 -0.562031 -0.220627 0.797148 -0.500809 0.857792 -0.115685
-20.332251 -25.891271 -880.645795 -920.054895 0.536182 0.494680 0.683960 0.616819 0.323526 -0.717541 -0.576231 0.806612 -0.131660
-0.077233 -28.990499 4324.572413 -683.643672 -0.355818 -0.436539 0.826334 0.835611 0.247347 0.490482 -0.418506 0.865016 0.276767
-1.327845 -27.217094 3873.248686 -547.874458 -0.345114 -0.424508 0.837072 0.804475 0.325598 0.496796 -0.483443 0.844855 0.229138
9.794795 -29.288229 3267.535060 -545.775423 -0.308748 -0.409204 0.858619 0.862540 0.260007 0.434074 -0.400872 0.874613 0.272679
11.557484 -31.368590 3787.637886 -1108.329993 -0.316261 -0.426476 0.847406 0.887468 0.182645 0.423133 -0.335231 0.885866 0.320720
1.034317 -31.039037 4581.340655 -1085.384072 -0.385068 -0.448070 0.806818 0.855223 0.155332 0.494435 -0.346866 0.880401 0.323387
-846.036367 -4560.820054 -400976.764227 2835297.842950 0.330726 0.920192 0.209443 0.681417 -0.079304 -0.727586 0.652909 -0.383350 0.653263
-642.270436 -1699.379528 -20871.365780 198431.645076 0.423258 0.867391 0.261696 0.192725 0.196037 -0.961471 0.885274 -0.457386 0.084193
-950.598199 -1364.770851 -296278.755178 221494.262350 0.254665 0.939001 0.231133 0.247723 0.167691 -0.954208 0.934762 -0.300260 0.189907
22.778539 -61.970186 783.572710 14554.244291 -0.261850 -0.202285 -0.943671 -0.317139 0.941524 -0.113825 0.911514 0.269469 -0.310691
16.850028 -84.721526 -141.252317 23102.406658 -0.294316 -0.222057 -0.929553 -0.264598 0.953545 -0.144011 0.918350 0.203573 -0.339400
20.850048 -159.366788 1789.016082 43046.951174 -0.275328 -0.136036 -0.951677 -0.203952 0.975669 -0.080460 0.939467 0.171943 -0.296374
-8.151535 -57.099634 -34.445201 -4102.391578 -0.232292 -0.224679 -0.946340 0.966545 -0.162131 -0.198758 -0.108774 -0.960850 0.254824
2.804083 -77.609492 3642.379187 -13443.402773 -0.004035 -0.239846 -0.970803 0.999972 -0.007115 -0.002398 -0.006332 -0.970785 0.239868
-3.017385 -85.260031 778.961796 -10095.388746 -0.180820 -0.237115 -0.954505 0.982339 -0.091011 -0.163484 -0.048106 -0.967209 0.249384
-40.504313 -62.905458 688.506267 -1504.457144 -0.540594 -0.493907 -0.681038 0.744776 -0.657436 -0.114398 -0.391237 -0.569064 0.723256
-32.336343 -58.593512 1739.796553 137.860634 0.719272 0.225311 0.657177 0.536730 -0.780824 -0.319741 -0.441099 -0.582708 0.682556
-30.448584 -56.695105 1229.032458 -688.982749 0.747436 0.053644 0.662164 0.401976 -0.830084 -0.386493 -0.528919 -0.555053 0.641998
31.285463 -45.159782 -743.192236 -3675.654955 0.769227 0.461733 0.441692 -0.078078 -0.618150 0.782173 -0.634187 0.636155 0.439446
39.305226 -45.449938 1477.558189 3510.384607 0.800368 0.364407 0.476044 -0.165225 -0.629226 0.759457 -0.576291 0.686500 0.443403
31.257482 -34.937819 4419.047209 4330.479898 0.848205 0.236568 0.473903 -0.202729 -0.681588 0.703092 -0.489336 0.692440 0.530167
96.888830 -18.168631 16703.448616 3466.281033 -0.372092 -0.102060 -0.922568 0.904248 -0.264177 -0.335478 -0.209482 -0.959059 0.190586
81.580024 -19.312503 17826.103238 2205.243190 -0.314382 -0.029005 -0.948853 0.899099 -0.329824 -0.287815 -0.304607 -0.943597 0.129769
96.611136 -28.406647 3374.913311 4199.661468 -0.306178 -0.270789 -0.912649 0.926146 -0.306531 -0.219756 -0.220248 -0.912531 0.344643
74.143707 -14.637842 25330.759334 473.790213 -0.282951 0.108781 -0.952946 0.889267 -0.342506 -0.303141 -0.359365 -0.933197 0.000177
107.960947 -30.633256 -7032.192982 4918.421362 -0.391276 -0.446841 -0.804510 0.916223 -0.271077 -0.295047 -0.086245 -0.852555 0.515472
120.605113 -22.703620 -9766.678021 2974.212792 -0.479046 -0.406216 -0.778141 0.877247 -0.252740 -0.408119 -0.030882 -0.878129 0.477426
116.345475 -17.111989 9102.715340 887.845070 -0.478459 -0.184661 -0.858473 0.863968 -0.273747 -0.422637 -0.156960 -0.943908 0.290518
100.100216 -17.556140 29984.813004 -743.604086 -0.425015 0.014547 -0.905069 0.864917 -0.288385 -0.410795 -0.266984 -0.957404 0.109986
73.963230 -13.315941 28699.015991 1057.977438 -0.300884 0.135839 -0.943937 0.896754 -0.296498 -0.328513 -0.324500 -0.945324 -0.032603
2.065525 -14.395080 -5487.396334 2132.920878 -0.441444 -0.029577 -0.896801 0.897132 0.004162 -0.441744 0.016798 -0.999554 0.024697
-5.131559 -15.088863 -4340.950123 4070.457304 -0.486940 -0.009154 -0.873387 0.872811 0.032693 -0.486962 0.033011 -0.999424 -0.007930
-2.461707 -20.845943 1169.365085 3534.292428 -0.545511 0.032390 -0.837478 0.838020 0.006945 -0.545595 -0.011855 -0.999451 -0.030933
42.403641 -92.353782 -6788.962219 -9384.693701 -0.107874 0.493941 0.862778 -0.508919 0.718076 -0.474730 -0.854028 -0.490295 0.173915
56.714497 -81.524254 -13081.618471 -7286.576799 -0.122460 0.495225 0.860090 -0.637546 0.624907 -0.450585 -0.760617 -0.603526 0.239203
31.319902 -93.847793 -7668.824571 -9123.093632 -0.135079 0.404722 0.904408 -0.520291 0.747833 -0.412364 -0.843239 -0.526257 0.109557
71.568579 -81.269286 -10928.623900 -8239.725359 -0.073066 0.588657 0.805074 -0.624125 0.602641 -0.497285 -0.777901 -0.538801 0.323363
54.539308 -90.717493 -8538.486123 -8793.784576 -0.077715 0.582172 0.809343 -0.487908 0.685733 -0.540107 -0.869429 -0.436859 0.230755
-8.043539 -25.077068 -2257.947080 -282.755164 0.784869 0.450396 0.425587 0.477605 -0.002106 -0.878572 0.394809 -0.892826 0.216764
-7.352179 -24.175464 -2550.585682 -677.931905 0.727265 0.443408 0.523903 0.592799 -0.021065 -0.805075 0.345941 -0.896072 0.278171
-1.942421 -27.128180 -2973.583846 -554.461520 0.777500 0.431806 0.457206 0.505058 0.004445 -0.863074 0.374713 -0.901956 0.214631
-12.330085 -22.630595 -1636.723830 -406.479883 0.709836 0.473556 0.521419 0.596211 -0.009785 -0.802768 0.375053 -0.880709 0.289285
-13.562342 -23.800430 -1654.255232 -270.615652 0.777093 0.478604 0.408735 0.468566 -0.006354 -0.883406 0.420204 -0.878008 0.229195
-11.493651 -86.073539 -877.732980 -2660.503875 0.558220 0.611000 0.561310 0.827190 -0.357333 -0.433671 -0.064399 0.706394 -0.704883
-10.775769 -85.564456 -1098.749181 -2995.901374 0.595791 0.601140 0.532601 0.766465 -0.227473 -0.600656 -0.239926 0.766085 -0.596279
-11.823768 -91.400620 -570.414768 -822.191861 0.610233 0.566132 0.554175 0.746479 -0.176645 -0.641533 -0.265300 0.805165 -0.530401
-8.595658 -70.096982 610.302554 1255.072952 0.701934 0.547646 0.455381 -0.327927 -0.319070 0.889190 -0.632260 0.773485 0.044379
-10.983762 -68.926642 377.761920 637.412985 0.666120 0.582980 0.465207 -0.343625 -0.313710 0.885160 -0.661971 0.749480 0.008641
-11.362115 -66.973914 348.948638 330.057237 0.665936 0.590396 0.456028 -0.221985 -0.426776 0.876690 -0.712216 0.685050 0.153147
-1.827244 -54.497846 -77.085389 2791.361243 -0.558784 -0.642703 -0.524112 -0.513310 0.764413 -0.390110 0.651363 0.051044 -0.757047
-0.857394 -62.829613 -241.838669 3005.941641 -0.545033 -0.664376 -0.511413 -0.396284 0.741678 -0.541177 0.738849 -0.092295 -0.667521
-0.969338 -55.405021 -180.216491 2389.825427 -0.552583 -0.662119 -0.506212 -0.492012 0.749387 -0.443106 0.672738 0.004209 -0.739869
-19.895755 -49.993399 23269.769484 3722.955632 -0.832492 -0.523074 -0.182618 -0.439653 0.824276 -0.356756 0.337138 -0.216708 -0.916175
50.338260 -43.787257 60453.768923 357.398818 -0.940368 -0.280207 -0.192850 -0.244912 0.951180 -0.187814 0.236062 -0.129383 -0.963086
15.687819 -113.932443 7338.133702 9046.504894 -0.578210 0.228320 -0.783290 0.352908 0.935579 0.012201 0.735615 -0.269374 -0.621537
16.570791 -99.273197 7687.504577 19902.233926 -0.596758 0.195401 -0.778266 0.143387 0.980254 0.136168 0.789506 -0.030333 -0.612993
-3.277598 -94.543510 766.731047 15985.603870 -0.586131 0.140677 -0.797910 0.144869 0.987138 0.067620 0.797159 -0.075958 -0.598972
0.830496 -144.123949 459.169580 10305.076554 0.557318 -0.629417 0.541507 0.072548 0.686604 0.723403 -0.827123 -0.363881 0.428320
-1.013948 -136.102901 853.863912 10988.473490 0.560484 -0.624941 0.543421 0.099828 0.702372 0.704775 -0.822127 -0.340766 0.456055
0.276932 -150.740483 849.044365 18411.089504 0.561568 -0.610173 0.558865 -0.074391 0.635455 0.768546 -0.824079 -0.473165 0.311460
-1.434744 -146.969366 799.878374 20100.464683 0.557677 -0.599505 0.574100 -0.052970 0.664525 0.745386 -0.828366 -0.446094 0.338834
-3.037264 -129.998871 1026.447406 11812.510890 0.556324 -0.616066 0.557644 0.118869 0.723179 0.680355 -0.822420 -0.312211 0.475553
-3.821686 -123.968687 372.222597 -12329.350292 0.437806 -0.742539 0.506914 0.896854 0.400251 -0.188288 -0.063081 0.537062 0.841181
-3.561874 -150.921513 -122.696329 -21234.534960 0.403222 -0.756669 0.514650 0.913027 0.294802 -0.281910 0.061593 0.583562 0.809729
-5.172794 -105.625461 687.600129 -3663.113998 0.476115 -0.720885 0.503626 0.863386 0.491943 -0.112061 -0.166972 0.488177 0.856623
-3.132339 -110.005900 451.821578 -3743.020902 0.475877 -0.725482 0.497209 0.856276 0.511252 -0.073566 -0.200829 0.460757 0.864506
-3.186572 -129.942356 35.938549 -15147.887796 0.439374 -0.745524 0.501143 0.892662 0.424788 -0.150700 -0.100529 0.513565 0.852141
3.843864 -103.092783 -2476.654943 -7187.015047 -0.499836 0.211081 -0.840005 0.630123 0.754019 -0.185474 0.594230 -0.622013 -0.509893
5.940110 -89.564046 -4390.802054 -9058.552585 -0.504999 0.186764 -0.842672 0.718220 0.632384 -0.290259 0.478682 -0.751804 -0.453491
-0.284768 -101.462692 -599.309479 -4972.275989 -0.527012 0.200672 -0.825826 0.599778 0.776260 -0.194129 0.602100 -0.597621 -0.529457
0.009521 -31.998634 -2496.401888 1066.824909 -0.285294 -0.588539 0.756458 0.719778 0.389596 0.574573 -0.632872 0.708404 0.312468
-1.484683 -32.666403 161.393213 390.756191 0.272959 0.595799 -0.755325 0.675361 0.440468 0.591502 -0.685113 0.671573 0.282150
27.866148 -23.706469 -13502.817011 26581.517174 0.023868 -0.524615 -0.851005 -0.592158 0.678430 -0.434836 0.805469 0.514308 -0.294462
7.579567 -55.886054 -17259.744660 30026.003873 0.112685 -0.589844 -0.799616 -0.531690 0.644044 -0.550013 0.839410 0.487126 -0.241040
-32.664418 -592.179957 19455.146606 -118908.323439 -0.625167 0.655519 -0.423628 0.780421 0.517720 -0.350585 -0.010494 -0.549782 -0.835242
-7.711354 -968.268441 -5676.233163 -444664.881921 -0.607360 0.645933 -0.462475 0.669480 0.729564 0.139757 0.427679 -0.224735 -0.875548
301.364433 -3160.772537 110858.658743 856985.960876 -0.337852 -0.317439 -0.886052 0.776203 0.438466 -0.453053 0.532320 -0.840821 0.098260
134.774231 -1481.742880 -2521.004535 -291275.549681 -0.262138 0.002957 -0.965026 0.198792 0.978714 -0.051001 0.944333 -0.205209 -0.257146
