13862
27705
-39.899413 -58.819955 -1628.994573 6895.289457 0.064826 0.988243 -0.138469 0.969703 -0.095136 -0.225000 0.235528 0.119687 0.964469
-45.313200 -67.128222 49.023213 5801.653458 -0.099575 -0.974716 0.200035 0.985333 -0.124590 -0.116605 0.138579 0.185490 0.972825
-45.559251 -75.520869 -2006.215450 8855.513741 -0.250203 0.965465 -0.072629 0.961451 0.238923 -0.136116 0.114062 0.103886 0.988027
-38.179755 -57.108271 -123.161591 4996.690537 0.390989 0.868217 -0.305495 0.889574 -0.441648 -0.116639 0.236189 0.226156 0.945023
-32.955834 -63.619640 -5052.643609 10692.630287 -0.229136 0.973179 0.020462 0.925066 0.224253 -0.306535 0.302902 0.051310 0.951639
-34.811972 -47.163549 -66.816310 4821.168843 0.359581 0.902823 -0.235824 0.873186 -0.414674 -0.256108 0.329010 0.113827 0.937441
-31.762876 -70.765651 -2494.302728 1416.939024 0.263843 0.950928 -0.161626 -0.817705 0.131632 -0.560386 0.511611 -0.280016 -0.812308
-33.934347 -70.618644 -712.866436 1594.006875 0.299935 0.952814 -0.046741 -0.725770 0.196117 -0.659391 0.619110 -0.231698 -0.750346
-27.955393 -76.078385 -4461.450083 1195.873003 0.334541 0.930773 -0.147457 -0.671671 0.125749 -0.730100 0.661015 -0.343291 -0.667241
-16.037073 -77.896212 -7326.068783 331.032969 0.307737 0.911887 -0.271586 -0.770382 0.071283 -0.633585 0.558398 -0.404203 -0.724438
-5.781048 -60.290838 -7077.681471 -3895.696928 0.607949 0.109541 0.786383 -0.157245 0.987430 -0.015981 -0.778249 -0.113939 0.617532
-7.631521 -63.140762 -6123.767185 1602.787332 0.630491 -0.027991 0.775692 0.094616 0.994669 -0.041012 -0.770408 0.099251 0.629778
7.542632 -54.969022 -5307.347903 -80.881485 0.633835 0.018636 0.773244 0.015699 0.999194 -0.036950 -0.773309 0.035559 0.633031
10.092194 -45.241986 -4347.699153 -4880.801078 0.628907 0.158266 0.761202 -0.210099 0.977232 -0.029597 -0.748555 -0.141314 0.647839
3.312638 -47.164923 -11921.146226 257.292340 0.038500 0.694109 -0.718840 -0.756740 -0.449545 -0.474609 0.652581 -0.562248 -0.507953
6.626029 -48.345979 -11990.226146 410.021516 0.088340 0.729747 -0.677986 -0.686998 -0.448221 -0.571955 0.721270 -0.516302 -0.461739
22.157132 -47.235445 -10062.013731 -865.769856 0.102267 0.771870 -0.627501 -0.750578 -0.354100 -0.557894 0.652820 -0.528043 -0.543136
14.887239 -46.182604 -11579.497196 -636.962384 0.051270 0.725791 -0.686002 0.828439 0.352702 0.435075 0.557728 -0.590617 -0.583190
40.038870 -46.330114 -2412.638294 -767.283704 0.098861 0.866576 -0.489155 -0.758788 -0.252374 -0.600456 0.643791 -0.430527 -0.632598
37.893323 -44.464741 -8245.738523 117.770662 0.115335 0.819077 -0.561971 -0.821007 -0.239856 -0.518089 0.559147 -0.521136 -0.644804
-6.326766 -64.869523 40.426234 974.855340 0.124832 -0.983200 -0.133172 0.983635 0.105061 0.146372 -0.129922 -0.149265 0.980225
-6.503418 -66.676084 -152.274767 -1270.231173 -0.152773 0.979866 0.128544 0.927260 0.097135 0.361599 -0.341833 -0.174436 0.923430
-5.287659 -69.473091 89.061440 -2766.937066 -0.148759 0.979468 0.136065 0.948052 0.102136 0.301273 -0.281190 -0.173814 0.943780
-4.905863 -66.939255 127.088255 1249.668070 0.135980 -0.978648 -0.154133 0.984041 0.115397 0.135451 -0.114773 -0.170092 0.978722
-5.253661 -63.992093 627.895406 4024.288702 0.103320 -0.980921 -0.164676 0.991302 0.115120 -0.063774 0.081514 -0.156654 0.984284
-5.789471 -60.483700 63.743329 4627.603645 0.098401 -0.985398 -0.138951 0.992445 0.107455 -0.059218 0.073285 -0.132074 0.988527
5.035819 -55.184242 1104.915873 1371.108365 0.000081 0.999342 0.036266 -0.359604 0.033869 -0.932490 0.933105 0.012966 -0.359370
7.054248 -55.736553 1229.616799 69.350438 0.013430 0.998354 0.055754 -0.231604 0.057349 -0.971118 0.972717 -0.000130 -0.231993
4.269288 -57.657195 1042.227813 318.230061 -0.004812 0.998782 0.049115 -0.214274 0.046944 -0.975645 0.976762 0.015219 -0.213787
3.006534 -56.707853 1097.405390 1391.845630 -0.014574 0.999414 0.030965 -0.350141 0.023906 -0.936392 0.936584 0.024489 -0.349588
-10.182487 -93.192539 341.633266 11185.285518 0.247059 -0.930990 -0.268736 0.965894 0.258796 -0.008573 0.077530 -0.257453 0.963176
-11.507536 -96.995297 92.427875 10209.167076 0.352196 -0.895452 -0.272258 0.935260 0.347699 0.066288 0.035306 -0.277978 0.959938
-5.865865 -75.916021 91.362048 10453.653388 -0.315763 0.906643 0.279807 0.920768 0.363994 -0.140339 0.229086 -0.213324 0.949744
-3.655741 -67.160589 -945.931027 9445.989121 -0.196726 0.940239 0.277938 0.945455 0.256990 -0.200176 0.259640 -0.223398 0.939511
-7.262758 -76.501952 749.540361 7390.110356 0.148115 -0.955153 -0.256408 0.975231 0.184129 -0.122559 0.164275 -0.231904 0.958767
-11.529759 -98.389271 -755.678934 10256.197718 0.188082 -0.953873 -0.233992 0.982033 0.178922 0.059977 -0.015344 -0.241069 0.970387
0.640385 -139.055384 1328.294125 3414.448015 0.140940 -0.940869 -0.308061 0.976479 0.183397 -0.113378 0.163171 -0.284835 0.944587
1.104491 -135.725104 992.196103 3412.354489 0.158528 -0.939504 -0.303647 0.986514 0.163403 0.009460 0.040729 -0.301051 0.952738
1.689374 -140.690909 764.992772 -4222.224864 0.162397 -0.940377 -0.298862 0.979174 0.116185 0.166491 -0.121841 -0.319676 0.939661
1.244470 -144.554550 -112.709126 4187.377438 0.122821 -0.954700 -0.271041 0.970418 0.172732 -0.168679 0.207855 -0.242306 0.947673
-5.934593 -88.710062 1631.286658 7132.619022 -0.315609 0.927749 0.199179 0.761407 0.372873 -0.530308 0.566261 0.015714 0.824076
-8.501715 -80.039491 823.849255 4314.357258 -0.306184 0.931267 0.197465 0.655857 0.356702 -0.665293 0.690002 0.074193 0.719995
-3.475391 -80.836526 1186.440883 4146.523050 -0.313507 0.928358 0.199662 0.659988 0.364199 -0.657095 0.682736 0.074229 0.726884
-0.016011 -88.549764 2711.484326 9125.314006 -0.342816 0.921642 0.181806 0.740285 0.384189 -0.551703 0.578320 0.054545 0.813984
1.000528 -78.409933 2986.552155 4468.728296 -0.341367 0.922956 0.177823 0.665697 0.370965 -0.647482 0.663563 0.102653 0.741044
-1.330427 -75.747955 2736.646347 -1683.319585 -0.347996 0.918138 0.189530 0.592753 0.372112 -0.714267 0.726322 0.136218 0.673722
19.438832 -48.808102 6799.114195 -518.444621 0.132502 0.988896 -0.067288 0.251709 -0.099232 -0.962702 0.958690 -0.110623 0.262062
20.962203 -48.299830 3649.013736 -894.882920 0.216508 0.974320 -0.061848 0.146079 -0.094968 -0.984704 0.965290 -0.204162 0.162889
20.066114 -45.874053 245.770009 -487.535682 0.256186 0.965948 -0.036238 0.260581 -0.105115 -0.959713 0.930842 -0.236422 0.278637
21.399348 -42.827515 -4942.600120 -1292.991179 0.290142 0.956802 0.018645 0.352596 -0.088769 -0.931556 0.889659 -0.276858 0.363121
21.878201 -46.593903 4739.443465 -111.049650 0.172888 0.984821 -0.015419 0.375289 -0.080340 -0.923420 0.910642 -0.153862 0.383482
-3.500328 -54.800624 -188.714602 -2757.301060 -0.274964 0.957479 0.087338 0.095882 -0.063079 0.993392 -0.956661 -0.281522 0.074461
-3.094063 -60.251052 -584.155212 -4221.426341 -0.283145 0.954612 0.092440 0.175210 -0.043277 0.983580 -0.942937 -0.294692 0.155004
-2.968200 -60.370716 155.261807 -3178.438311 -0.262978 0.959065 0.105060 0.188436 -0.055739 0.980502 -0.946221 -0.277648 0.166064
-3.130510 -54.390516 -984.600739 -2788.473654 -0.299498 0.949933 0.089042 0.064109 -0.073079 0.995264 -0.951941 -0.303788 0.039013
5.708895 -42.261995 823.589700 1600.142833 -0.129778 0.985404 -0.110164 0.787201 0.034841 -0.615711 0.602886 0.166627 0.780233
2.783215 -40.607560 1301.977892 810.213498 -0.176993 0.979984 -0.091134 0.775650 0.081890 -0.625828 0.605838 0.181456 0.774619
6.753126 -38.701440 1441.054536 -215.988307 -0.162790 0.981679 -0.099021 0.730231 0.052382 -0.681189 0.663523 0.183199 0.725380
14.090147 -39.623624 459.913460 589.882698 0.180500 0.982822 -0.038473 -0.486950 0.055308 -0.871677 0.854576 -0.176072 -0.488568
15.847015 -41.708554 1180.137566 1947.292004 0.203058 0.979086 -0.012590 -0.396228 0.070404 -0.915449 0.895417 -0.190878 -0.402237
15.920062 -41.624582 -1868.084189 880.286332 0.179717 0.983279 -0.029392 -0.431843 0.052014 -0.900448 0.883863 -0.174518 -0.433970
12.856501 -41.873511 -975.174991 -1048.525571 0.130711 0.989181 -0.066603 -0.517924 0.010847 -0.855358 0.845381 -0.146300 -0.513738
12.656685 -40.524693 708.565173 -1213.777395 0.134424 0.987561 -0.081568 -0.571402 0.009999 -0.820609 0.809586 -0.156917 -0.565639
-2.845516 -101.622393 -1656.183097 6026.205367 0.900343 0.070711 0.429397 -0.049920 0.996979 -0.059507 -0.432308 0.032141 0.901153
-4.778234 -90.482767 -1580.436389 2563.502098 0.896505 0.043069 0.440935 0.043171 0.982035 -0.183695 -0.440925 0.183719 0.878540
-0.038196 -98.609232 -2368.370637 7539.896309 0.895494 0.097321 0.434303 -0.065346 0.993975 -0.087998 -0.440250 0.050422 0.896458
-7.240134 -116.766423 228.109598 -976.575695 0.910752 -0.020539 0.412443 0.077427 0.989543 -0.121695 -0.405630 0.142768 0.902819
-0.539774 -118.347992 -2012.531965 12309.554931 0.900746 0.083459 0.426254 -0.129542 0.988323 0.080233 -0.414580 -0.127487 0.901039
-4.297073 -121.348977 -606.927685 7537.117988 0.912126 0.045489 0.407379 -0.072011 0.996150 0.050001 -0.403536 -0.074942 0.911890
5.943975 -133.959994 660.497710 -8830.720619 0.768357 -0.063935 0.636820 -0.339554 0.802701 0.490279 0.542522 0.592944 -0.595052
5.313416 -126.149689 -1065.296656 -10225.023971 -0.760301 0.035441 -0.648603 -0.223915 0.923010 0.312912 0.609758 0.383140 -0.693830
2.022070 -115.529833 -920.702274 -6348.460783 -0.754025 0.055986 -0.654455 -0.191592 0.934287 0.300665 0.628283 0.352097 -0.693750
2.423965 -115.146712 -787.491177 -5982.450439 -0.761292 0.082597 -0.643127 -0.277501 0.854926 0.438286 0.586027 0.512132 -0.627927
-1.201289 -109.507013 -1084.564050 -264.949695 -0.743020 0.052722 -0.667189 -0.056242 0.988447 0.140744 0.666902 0.142100 -0.731471
-0.025854 -106.419604 -532.995303 -3162.544405 -0.755091 0.067650 -0.652120 -0.138169 0.955903 0.259151 0.640895 0.285786 -0.712447
3.053249 -283.451403 556.976013 -63476.799488 0.892258 0.113086 0.437136 0.412987 -0.595766 -0.688843 -0.182532 -0.795157 0.578280
4.360115 -192.687616 1529.472867 -17817.024292 0.897943 0.102427 0.428027 0.334977 -0.789861 -0.513723 -0.285463 -0.604673 0.743560
3.457591 -306.169542 562.158355 -73585.495762 0.890305 0.125811 0.437639 0.407688 -0.648347 -0.642990 -0.202847 -0.750878 0.628518
0.259892 -251.166085 361.981328 -32432.676054 0.889553 0.120847 0.440558 0.443696 -0.458144 -0.770219 -0.108760 -0.880625 0.461163
-0.358181 -358.581031 747.126427 -75366.374333 0.873354 0.132284 0.468778 0.486037 -0.299804 -0.820905 -0.031949 -0.944785 0.326130
1.136868 -199.909947 497.566371 -21151.907876 0.904694 0.097390 0.414781 0.345037 -0.738602 -0.579152 -0.249955 -0.667070 0.701812
11.955510 -66.152585 -2516.565039 -581.205596 -0.543561 -0.743485 0.389579 0.805773 -0.592196 -0.005908 0.235100 0.310701 0.920974
8.172940 -64.356288 4683.142935 2302.302469 0.515894 0.746406 -0.420395 0.770815 -0.618574 -0.152353 0.373762 0.245448 0.894459
15.780519 -65.201044 3340.590356 2992.420670 0.535526 0.752433 -0.383481 0.757152 -0.628905 -0.176631 0.374076 0.195763 0.906501
3.469456 -64.957594 -3622.554718 -1140.094163 -0.537761 -0.731410 0.419347 0.809620 -0.586768 0.014817 0.235222 0.347480 0.907705
2.295850 -37.465973 4339.880026 2614.424410 0.273045 0.890969 0.362797 -0.012225 0.380310 -0.924778 0.961924 -0.248071 -0.114733
16.662628 -39.911375 8486.423252 4709.198764 0.264477 0.847681 0.459880 0.022952 0.471193 -0.881732 0.964119 -0.243753 -0.105164
12.607527 -43.323716 5422.543888 3025.650750 0.278601 0.887195 0.367787 0.068873 0.363507 -0.929042 0.957934 -0.284162 -0.040170
3.748913 -32.347943 -3085.420271 670.972998 -0.111864 0.993677 0.009584 0.400064 0.053862 -0.914903 0.909635 0.098510 0.403559
-2.803385 -32.716099 -2384.955116 -641.178963 -0.147820 0.986678 0.067944 0.366608 0.118469 -0.922802 0.918557 0.111500 0.379236
-2.074099 -33.843831 -2906.218176 950.838680 -0.125318 0.991952 0.018099 0.420748 0.069659 -0.904499 0.898480 0.105735 0.426091
-9.477559 -34.801183 -2334.102982 -167.515981 -0.165619 0.982789 0.081828 0.370667 0.138925 -0.918317 0.913880 0.121759 0.387296
-11.117014 -36.281276 -2995.929351 1206.834688 -0.148005 0.988529 0.030081 0.421204 0.090525 -0.902437 0.894808 0.120894 0.429771
2.398213 -52.680330 -4134.542437 -1576.470041 0.072446 -0.979707 0.186882 0.991055 0.049657 -0.123869 0.112076 0.194185 0.974542
11.061471 -48.974445 -5094.867697 -439.936294 0.136012 -0.973906 0.181683 0.990369 0.128871 -0.050608 0.025874 0.186816 0.982054
0.860381 -50.208074 -4097.348327 -904.916672 0.041742 -0.980003 0.194556 0.998974 0.037517 -0.025354 0.017548 0.195415 0.980564
24.817833 -511.152753 -2976.681427 -143261.227898 -0.118840 0.983742 0.134640 -0.748690 0.000286 -0.662920 0.652181 0.179585 -0.736484
39.384317 -537.119978 -6842.331917 -141127.607956 -0.163565 0.974322 0.154736 -0.858632 -0.063361 -0.508662 0.485797 0.216061 -0.846947
20.432104 -332.598744 -2734.657589 -6899.270667 -0.155225 0.977333 0.143961 0.973754 0.126818 0.188997 0.166456 0.169520 -0.971368
-16.941181 -31.728134 -16199.770992 5214.594145 -0.692336 0.632360 0.347551 0.264573 0.670576 -0.693058 -0.671321 -0.387876 -0.631569
13.001852 -38.431418 -20804.360059 3690.110164 -0.725330 0.612933 0.313383 0.249857 0.658589 -0.709811 -0.641458 -0.436546 -0.630840
-10.702845 -43.281632 -19988.973209 2860.370491 -0.738631 0.559746 0.375643 0.136364 0.669791 -0.729922 -0.660173 -0.487919 -0.571057
27.905873 -47.495931 -23252.405917 1613.112266 -0.749307 0.533446 0.392395 0.076587 0.658374 -0.748785 -0.657779 -0.531017 -0.534179
-34.029324 -47.413885 1364.678060 -6482.813273 -0.384440 0.920287 -0.072648 -0.503514 -0.143075 0.852058 -0.773744 -0.364145 -0.518381
54.282112 -76.351453 -2443.934882 -10123.662253 0.002800 0.992248 -0.124244 0.996610 -0.012984 -0.081235 -0.082218 -0.123596 -0.988921
58.016484 -82.847687 15.683543 7602.162130 -0.021683 0.999542 0.021086 -0.996144 -0.023394 0.084562 -0.085017 0.019171 -0.996195
51.491214 -67.241592 -66.822337 3573.753959 -0.046947 0.997074 -0.060329 -0.979109 -0.033971 0.200478 -0.197842 -0.068480 -0.977839
60.463870 -95.447947 897.470890 8875.575869 0.009497 0.999724 -0.021490 -0.992198 0.006749 -0.124486 0.124306 -0.022505 -0.991989
22.101218 -65.240712 416.615383 1821.417359 0.158925 0.744717 -0.648182 0.221781 0.612818 0.758464 -0.962058 0.264293 0.067772
32.396657 -70.110392 3170.441306 -112.696332 0.118525 0.719393 -0.684416 0.086778 0.679133 0.728868 -0.989152 0.145781 -0.018066
23.301553 -64.686771 2253.105904 -868.291379 0.210893 0.765279 -0.608171 0.040286 0.614831 0.787630 -0.976679 0.190606 -0.098834
17.245048 -64.131435 699.276532 581.508200 0.224764 0.768470 -0.599111 0.199144 0.565639 0.800247 -0.953846 0.299176 0.025901
13.249815 -60.330133 473.428432 1844.970043 0.202673 0.747335 -0.632783 0.344074 0.550644 0.760529 -0.916808 0.371863 0.145538
17.019270 -58.715085 1020.978484 3418.211291 0.124120 0.705634 -0.697621 0.396947 0.609040 0.686661 -0.909411 0.362147 0.204505
-13.462303 -142.225080 206.691628 -21373.465391 0.791771 0.572320 0.213423 0.484599 -0.375867 -0.789866 0.371837 -0.728817 0.574946
-13.447759 -152.311530 -2788.914018 -15289.447860 0.829889 0.503218 0.240947 0.412441 -0.262493 -0.872347 0.375734 -0.823328 0.425388
-14.374506 -153.867603 -839.493855 -11461.314617 0.810787 0.544939 0.213697 0.358261 -0.173281 -0.917400 0.462897 -0.820375 0.335724
-11.687824 -163.662619 2347.033399 -15461.617751 0.778995 0.597790 0.189249 0.356173 -0.173461 -0.918179 0.516051 -0.782661 0.348041
-12.631319 -162.302785 -170.340306 2618.344084 0.804174 0.556054 0.210020 0.209146 0.066032 -0.975653 0.556384 -0.828519 0.063195
154.351809 -26.505087 14365.841682 928.492169 -0.483176 -0.602805 -0.634954 0.835104 -0.535124 -0.127453 -0.262950 -0.591835 0.761964
208.347809 9.448338 45565.377182 516.299459 -0.527213 -0.243762 -0.814019 0.769532 -0.543239 -0.335725 -0.360370 -0.803412 0.473985
170.500237 -16.849802 52724.568538 3497.094600 -0.324331 -0.343144 -0.881511 0.847867 -0.518662 -0.110054 -0.419442 -0.783098 0.459158
3.873985 -50.342321 -912.027949 54.994427 0.175092 0.959581 0.220332 0.879810 -0.052052 -0.472467 0.441902 -0.276575 0.853363
3.130641 -49.611270 -472.393886 632.710856 0.166237 0.959391 0.227891 0.907000 -0.058081 -0.417106 0.386932 -0.276036 0.879823
4.513595 -50.426048 -581.736722 426.821390 0.158888 0.961855 0.222689 0.925050 -0.066213 -0.374031 0.345018 -0.265427 0.900284
3.042050 -49.030575 -871.609362 284.874037 0.191986 0.956285 0.220592 0.844226 -0.046312 -0.533984 0.500424 -0.288747 0.816211
5.326652 -51.979924 -393.599704 -14.260273 0.162157 0.965697 0.202818 0.884933 -0.051382 -0.462874 0.436575 -0.254539 0.862909
4.722315 -51.320766 -897.710253 -478.095840 0.194185 0.960377 0.199920 0.811317 -0.042674 -0.583046 0.551413 -0.275417 0.787457
-9.697361 -82.104461 493.306389 13569.041122 -0.108615 0.962057 0.250297 0.889769 -0.018195 0.456047 -0.443298 -0.272240 0.854033
-9.378048 -79.570269 -421.474172 12835.705860 -0.061748 0.959374 0.275296 0.907995 -0.060527 0.414587 -0.414407 -0.275567 0.867369
-11.742400 -107.502306 -66.991924 12259.407634 -0.086006 0.963417 0.253831 0.774305 -0.095686 0.625536 -0.626940 -0.250343 0.737750
-11.230889 -105.689328 -221.138752 12155.380986 -0.134392 0.956833 0.257700 0.773249 -0.061372 0.631126 -0.619698 -0.284085 0.731622
-10.367876 -115.916726 754.660250 -6175.876947 -0.215300 -0.964249 -0.154499 0.969191 -0.191604 -0.154780 0.119644 -0.183063 0.975794
-11.341202 -108.030104 -11.725411 -6091.151950 -0.170080 -0.977738 -0.122887 0.984671 -0.163730 -0.060124 0.038665 -0.131229 0.990598
-9.119540 -105.067804 116.283361 -4857.398014 -0.184861 -0.971597 -0.147738 0.977507 -0.197313 0.074490 -0.101525 -0.130644 0.986217
-8.223203 -120.574618 2151.742316 -5016.309927 -0.256520 -0.945437 -0.200863 0.945310 -0.202093 -0.256021 0.201458 -0.255553 0.945572
-11.207249 -117.751775 -1333.351187 -528.565564 0.255962 0.952586 0.164507 0.889700 -0.165590 -0.425458 0.378045 -0.255263 0.889900
-8.461518 -113.781455 1647.539289 -6283.619851 -0.217551 -0.958304 -0.185269 0.975871 -0.217180 -0.022546 -0.018631 -0.185703 0.982429
10.092185 -131.130372 57.975579 2455.681861 0.249800 0.958639 0.136425 0.851843 -0.284555 0.439764 -0.460395 -0.006359 0.887691
8.986613 -125.458131 9.875532 -6058.699385 0.273758 0.947591 0.164705 0.928530 -0.305034 0.211625 -0.250775 -0.095000 0.963373
7.542954 -135.913016 -895.289616 -4518.898507 0.238518 0.953477 0.184366 0.896912 -0.289075 0.334641 -0.372367 -0.085542 0.924135
12.168999 -137.438031 -525.697871 7034.329133 0.273303 0.952304 0.135730 0.896610 -0.303305 0.322639 -0.348418 -0.033519 0.936740
8.221470 -147.473777 -869.414460 5410.287234 0.192969 0.972986 0.126733 0.789514 -0.230661 0.568738 -0.582606 0.009691 0.812697
11.321176 -170.086840 -571.420454 19407.887823 0.218572 0.972671 0.078339 0.785291 -0.222983 0.577578 -0.579262 0.064723 0.812568
9.202637 -155.885759 -573.763447 14648.240943 0.197045 0.977118 0.080087 0.737921 -0.201599 0.644073 -0.645481 0.067813 0.760760
-7.515478 -24.379645 -1174.393176 -2827.587204 -0.059606 0.948260 -0.311849 -0.830477 -0.220443 -0.511579 0.553855 -0.228490 -0.800648
-11.437960 -25.647208 -880.553736 -2192.587299 -0.131371 0.936414 -0.325378 -0.814544 -0.289040 -0.502965 0.565031 -0.198960 -0.800721
-9.507230 -19.151026 -835.237657 -1522.684084 -0.236842 0.875213 -0.421792 -0.765485 -0.435451 -0.473725 0.598280 -0.210678 -0.773095
-9.283516 -30.500857 -997.982678 -3085.019761 0.001875 0.966214 -0.257733 -0.858933 -0.130425 -0.495200 0.512085 -0.222304 -0.829669
-5.591692 -21.056851 -1368.039233 -2524.279609 -0.052891 0.944403 -0.324509 -0.822021 -0.225687 -0.522825 0.566995 -0.239100 -0.788256
-4.385291 -28.290248 -1581.517666 -2818.211233 0.009563 0.957149 -0.289438 -0.858512 -0.140551 -0.493156 0.512704 -0.253202 -0.820380
44.102852 -21.209763 -11257.581741 1506.161930 -0.590745 0.798277 -0.117361 0.538416 0.498345 0.679530 -0.600939 -0.338240 0.724200
59.951139 -19.008672 -7166.729438 2198.010790 -0.381803 0.919825 -0.090274 0.620294 0.327425 0.712761 -0.685173 -0.216138 0.695574
45.431748 -12.807047 -10104.572362 1981.916835 -0.481101 0.869884 -0.108832 0.601501 0.417853 0.680878 -0.637760 -0.262108 0.724266
21.848156 -18.805706 1887.939095 -2550.665841 0.713960 -0.615871 0.333112 0.379632 0.740237 0.554914 -0.588337 -0.269727 0.762303
8.373103 -139.439342 -287.579211 4652.823838 0.642370 0.673759 0.365252 -0.561849 0.738136 -0.373471 -0.521235 0.034690 0.852708
5.864829 -137.107225 53.505715 7307.778283 0.657089 0.676582 0.332371 -0.464989 0.710838 -0.527726 -0.593312 0.192214 0.781687
7.474105 -133.032696 1221.660125 -1668.697426 0.653275 0.680489 0.331914 -0.629317 0.731776 -0.261657 -0.420941 -0.037945 0.906294
14.094475 -128.189813 2331.892441 -13773.203771 0.651874 0.673373 0.348754 -0.713199 0.700682 -0.019799 -0.257698 -0.235825 0.937005
15.371891 -132.740165 1749.395293 -1800.292964 0.658692 0.645082 0.387291 -0.630402 0.754154 -0.183970 -0.410753 -0.122969 0.903416
-8.232424 -47.892948 -463.770110 1240.615426 0.128946 0.975099 0.180427 0.721437 -0.217076 0.657576 -0.680368 -0.045376 0.731464
-8.875983 -43.438454 -173.713396 1087.045373 0.180749 0.969046 0.168165 0.787735 -0.245012 0.565192 -0.588900 -0.030311 0.807637
-8.854637 -44.647118 -465.755449 120.019217 0.144958 0.977668 0.152160 0.704324 -0.209969 0.678115 -0.694920 -0.008872 0.719032
-8.535016 -50.037348 -1195.126582 907.321188 0.105236 0.984223 0.142234 0.645811 -0.176402 0.742839 -0.756210 -0.013683 0.654186
-8.972757 -49.003357 -310.587463 1470.490610 0.120404 0.986547 0.110577 0.640570 -0.162304 0.750552 -0.758402 0.019537 0.651494
-3.314680 -34.313813 -2381.801580 377.692220 -0.030579 0.898035 0.438861 -0.028728 -0.439674 0.897698 -0.999119 -0.014843 -0.039244
3.583457 -30.488869 -3146.982198 534.682786 -0.031163 0.888696 0.457438 0.077075 -0.454161 0.887580 -0.996538 -0.062917 0.054344
-4.045962 -30.906735 -593.796161 155.974384 -0.002196 0.845360 0.534193 0.036698 -0.533766 0.844835 -0.999324 -0.021459 0.029851
33.129206 -466.105192 7668.059917 67015.578888 -0.578763 -0.652669 -0.488934 0.813916 -0.425007 -0.396118 0.050734 -0.627210 0.777196
16.167824 -1007.191176 5387.673310 270929.782249 -0.652331 -0.545072 -0.526650 0.749388 -0.567888 -0.340472 -0.113496 -0.616765 0.778922
1.848758 -1449.434460 3461.796066 -497539.870608 0.666430 0.581418 0.466716 -0.659295 0.751870 0.004763 -0.348140 -0.310878 0.884394
32.218806 -1138.492994 -4810.745040 303361.773776 -0.650798 -0.664090 -0.368030 0.734531 -0.673378 -0.083820 -0.192160 -0.324879 0.926028
10.666520 -595.709230 -27.689275 60379.473852 0.599374 0.676588 0.427762 -0.467910 0.729721 -0.498566 -0.649470 0.098673 0.753957
-10.942910 -129.578241 4225.913413 -964.756665 0.513557 0.656203 0.552863 -0.505538 -0.289225 0.812884 -0.693318 0.696955 -0.183202
-14.217851 -157.395291 4977.041596 -4636.934569 0.551554 0.718524 0.423688 -0.215910 -0.367646 0.904555 -0.805711 0.590389 0.047640
-4.639265 -163.736924 1652.154612 -5782.442936 0.462376 0.668843 0.582115 0.567229 0.281477 -0.773965 -0.681513 0.688055 -0.249239
84.105519 -40.981733 22277.873540 -683.259896 -0.022835 0.972352 -0.232400 0.348011 0.225653 0.909928 -0.937212 0.060099 0.343542
33.168404 -35.835785 14266.987811 -2304.558581 0.050584 0.962975 -0.264802 0.289728 0.239590 0.926636 -0.955771 0.123594 0.266882
50.947809 -39.993160 21654.894035 -773.158247 0.039026 0.952708 -0.301372 0.401558 0.261224 0.877789 -0.915002 0.155275 0.372373
23.495961 -39.947500 13305.753549 280.144398 0.056412 0.951388 -0.302785 0.476167 0.240918 0.845709 -0.877543 0.191885 0.439429
67.175104 -38.565816 24118.814702 2553.126940 0.032347 0.949768 -0.311278 0.528093 0.248176 0.812112 -0.848570 0.190653 0.493539
-12.168350 -42.723411 2369.953827 2912.509763 -0.414135 0.906405 -0.083201 -0.871006 -0.421175 -0.252903 0.264275 0.032268 -0.963907
-9.096080 -37.690536 3180.442089 2994.310965 -0.423144 0.902056 -0.085115 -0.888481 -0.431514 -0.156193 0.177624 -0.009531 -0.984052
-3.252759 -35.004765 3426.444222 2704.741911 -0.615059 0.781147 -0.107291 -0.769208 -0.624346 -0.136053 0.173264 0.001152 -0.984875
-9.759911 -41.519187 1876.204410 2578.567481 -0.515373 0.852313 -0.089184 -0.813756 -0.519358 -0.260898 0.268685 0.061885 -0.961238
-16.183640 -48.155467 1109.647374 1859.448568 -0.369795 0.927525 -0.054304 -0.848722 -0.361003 -0.386455 0.378051 0.096821 -0.920708
-5.017882 -27.498283 -767.778897 -7.029139 -0.024269 0.989172 0.144739 0.999694 0.023307 0.008345 0.004881 0.144898 -0.989435
-1.513315 -27.774777 -627.798593 390.871801 0.037024 0.989092 0.142568 0.997307 -0.027533 -0.067981 -0.063314 0.144701 -0.987448
-4.404886 -29.030410 -1697.739348 377.275932 -0.045018 0.988871 0.141802 0.997200 0.052967 -0.052792 -0.059715 0.139029 -0.988486
-7.986076 -29.495522 -1361.403915 -5.186741 -0.155945 0.976345 0.149773 0.987761 0.153693 0.026566 0.002919 0.152083 -0.988363
-51.800601 -465.913623 33436.966763 120626.360936 0.662885 -0.120988 -0.738881 0.739902 -0.045173 0.671197 -0.114584 -0.991626 0.059575
-43.515653 -1870.843279 -192888.579289 853510.700096 -0.192522 -0.501014 0.843754 0.222599 0.815126 0.534807 -0.955712 0.290781 -0.045404
3.292011 -2122.567141 75373.613368 528510.676077 0.819410 0.315440 0.478607 -0.385527 0.921178 0.052922 -0.424188 -0.227880 0.876433
2.798416 -469.049587 2580.221046 13131.777104 0.855572 0.509969 -0.089039 0.516072 -0.826640 0.224356 -0.040811 0.237903 0.970431
7.788315 -399.279567 3696.741468 -36069.482000 0.829115 0.553997 -0.075196 0.468075 -0.614298 0.635251 -0.305735 0.561894 0.768636
-21.091909 -710.572841 3175.652563 -55415.438628 0.866983 0.491176 -0.084184 0.488099 -0.802898 0.342219 -0.100499 0.337788 0.935841
20.352802 -446.340701 1620.336245 -45896.208925 0.802533 0.596200 -0.022078 0.506306 -0.661020 0.553810 -0.315587 0.455629 0.832350
-31.597860 -748.585462 -35.129374 -174144.356217 0.815406 0.573556 -0.078402 -0.566504 0.818474 0.095780 0.119105 -0.033685 0.992310
1.025651 -382.442440 4125.831275 -25166.205894 0.869421 0.489039 -0.070335 -0.467803 0.860613 0.201262 0.158956 -0.142078 0.977009
12.186475 -420.403891 -925.491790 -7591.715255 0.847056 0.531487 -0.004104 0.527372 -0.839487 0.130924 -0.066139 0.113065 0.991384
1.873527 -25.309700 -500.977818 -3819.873892 0.057042 0.997403 0.043977 0.174345 -0.053324 0.983240 -0.983031 0.048419 0.176934
0.008002 -23.090041 -1354.812841 -3573.320366 0.018886 0.998893 -0.043092 0.163058 0.039446 0.985828 -0.986436 0.025645 0.162132
3.888611 -16.232298 -910.787504 -2092.881993 0.055816 0.993492 0.099288 0.123709 -0.105559 0.986688 -0.990748 0.042790 0.128796
5.488659 -17.061562 -426.447977 -3134.710522 0.083450 0.987876 0.130907 0.127654 -0.140880 0.981762 -0.988302 0.065217 0.137863
3.858579 -25.492449 -490.406432 -4254.998089 0.082459 0.988424 0.127354 0.175932 -0.140219 0.974365 -0.980943 0.057939 0.185458
-51.442067 -76.961419 -49.474800 3911.966474 -0.006136 -0.983062 0.183168 0.999963 -0.004920 0.007095 -0.006074 0.183205 0.983056
-44.474367 -69.813196 -64.051303 5151.007028 -0.279650 -0.913913 0.294209 0.956231 -0.292612 -0.000043 0.086128 0.281319 0.955741
-15.933243 -39.544696 2537.024267 5981.364478 0.436667 0.873272 -0.216141 0.626168 -0.467539 -0.623956 0.645938 -0.137120 0.750974
-7.470840 -35.694463 4192.302288 8691.156724 0.364729 0.904484 -0.221090 0.681882 -0.421153 -0.598053 0.634042 -0.067370 0.770358
-15.422695 -52.732045 2712.278104 10208.018340 0.246154 0.965000 -0.090461 0.774329 -0.251931 -0.580470 0.582944 -0.072839 0.809241
-21.976476 -57.999476 -519.562009 10904.229971 0.235447 0.971887 0.000415 0.789680 -0.191057 -0.583012 0.566543 -0.137596 0.812463
-35.939848 -66.482277 853.262790 2783.427654 0.247910 0.968777 -0.003441 -0.795249 0.201473 -0.571829 0.553281 -0.144498 -0.820366
-36.819193 -72.618435 1248.412689 2658.826843 0.222392 0.974060 0.041823 -0.713339 0.191808 -0.674060 0.664597 -0.120072 -0.737491
-10.733496 -48.441480 -6749.283793 572.851945 -0.054719 0.672871 -0.737733 -0.700618 -0.552299 -0.451775 0.711436 -0.492149 -0.501646
-3.764666 -48.608713 -8231.816233 1514.731896 0.045444 0.718618 -0.693919 -0.616276 -0.526533 -0.585634 0.786218 -0.454260 -0.418939
-5.549032 -63.500546 -1135.971712 -694.857162 -0.188516 0.971903 0.140952 0.874149 0.100651 0.475113 -0.447577 -0.212779 0.868562
-6.591716 -61.928520 136.536856 -1403.724501 -0.176575 0.978596 0.105697 0.852676 0.098437 0.513082 -0.491695 -0.180722 0.851807
-5.863177 -57.742514 -330.771280 -2203.873735 -0.204326 0.973314 0.104452 0.784632 0.099039 0.611999 -0.585323 -0.207004 0.783930
-6.603638 -57.073725 22.673946 -2584.306370 -0.203997 0.975947 0.076893 0.726592 0.098300 0.680001 -0.656086 -0.194588 0.729168
-5.195116 -59.318722 -1185.995691 -1473.842560 -0.207577 0.968382 0.138377 0.805554 0.088965 0.585805 -0.554972 -0.233070 0.798551
-4.740513 -57.406922 -634.200229 -1944.613352 -0.227516 0.969108 0.095221 0.693438 0.092589 0.714543 -0.683653 -0.228599 0.693081
7.252978 -54.198169 1000.944535 1296.479184 0.022518 0.998895 0.041247 -0.373626 0.046676 -0.926404 0.927306 -0.005450 -0.374264
8.328322 -56.182299 662.599195 327.537357 0.040126 0.997641 0.055706 -0.200813 0.062665 -0.977623 0.978807 -0.028041 -0.202854
-10.074601 -99.715524 -1131.930736 11345.613476 0.412117 -0.868933 -0.274070 0.909372 0.410955 0.064489 0.056594 -0.275809 0.959545
-8.784815 -82.896904 679.158435 5461.271442 -0.291403 0.933758 0.207797 0.686084 0.355381 -0.634818 0.666613 0.042421 0.744196
15.615217 -49.700135 9210.290176 -701.855171 0.132718 0.988452 -0.073136 0.118218 -0.089049 -0.988987 0.984079 -0.122610 0.128671
19.904644 -50.310043 4883.309589 -1621.459352 0.193875 0.979163 -0.060432 0.031641 -0.067809 -0.997196 0.980516 -0.191419 0.044128
-2.186835 -59.777108 -287.146252 -4229.017632 -0.292350 0.953637 0.071466 0.144887 -0.029699 0.989002 -0.945272 -0.299489 0.129487
-1.329848 -67.376158 -1140.591598 -3523.352857 -0.287342 0.952355 0.102251 0.309370 -0.008753 0.950901 -0.906490 -0.304867 0.292115
-1.756591 -39.017072 2548.636634 -773.400773 -0.215131 0.972864 -0.085173 0.765519 0.113839 -0.633263 0.606382 0.201437 0.769236
-2.057169 -41.648745 1203.447348 2556.768217 -0.195279 0.977648 -0.077913 0.812642 0.116820 -0.570935 0.549072 0.174806 0.817290
-6.187709 -40.914187 2038.894598 1395.933558 -0.224862 0.972278 -0.064131 0.805760 0.148535 -0.573314 0.547895 0.180591 0.816822
-6.309607 -40.568606 3095.158219 -1836.493941 -0.197912 0.974998 -0.101041 0.776876 0.093162 -0.622724 0.597742 0.201741 0.775890
-4.222533 -39.822541 3288.372651 -1962.781804 -0.192397 0.974208 -0.117911 0.720806 0.058762 -0.690641 0.665899 0.217868 0.713520
17.033640 -43.337827 -2144.640715 1773.802482 0.199289 0.979734 -0.020133 -0.353939 0.052807 -0.933776 0.913789 -0.193217 -0.357290
16.791112 -44.951907 1418.301162 1844.888041 0.200999 0.979502 -0.013236 -0.285930 0.045740 -0.957158 0.936933 -0.196173 -0.289263
18.094152 -43.921415 2330.222366 2190.727273 0.237041 0.971262 -0.021505 -0.338674 0.061867 -0.938868 0.910556 -0.229833 -0.343606
-0.946488 -87.483396 -2315.015815 2743.252209 0.893517 0.075224 0.442684 0.034318 0.971544 -0.234360 -0.447716 0.224596 0.865510
-9.299667 -109.957306 -150.970790 -6357.227666 0.893506 -0.065797 0.444204 0.200215 0.943813 -0.262927 -0.401946 0.323864 0.856476
-8.353814 -97.058009 -1257.024144 -6029.728201 0.882321 -0.038352 0.469083 0.186839 0.943316 -0.274311 -0.431973 0.329674 0.839473
10.226854 -127.024214 -2410.045698 -12727.778723 -0.754391 0.003969 -0.656413 -0.228439 0.935888 0.268196 0.615393 0.352276 -0.705119
6.021404 -104.339183 -2013.263795 -4067.234600 -0.743996 0.003612 -0.668175 -0.145570 0.975090 0.167360 0.652135 0.221781 -0.724937
9.538080 -149.603862 1766.066739 -15991.710830 0.771638 -0.051653 0.633961 -0.329379 0.820202 0.467737 0.544136 0.569737 -0.615886
-13.978722 -40.174092 -1472.489960 -2190.781500 -0.727206 0.118311 -0.676147 -0.231865 0.884797 0.404194 0.646073 0.450707 -0.615997
-15.806958 -38.561771 1669.063741 -2530.133264 -0.800550 0.289050 -0.524948 -0.054715 0.837070 0.544353 0.596763 0.464504 -0.654301
-9.693327 -48.144405 -328.184563 -3657.699956 -0.769526 0.232673 -0.594720 -0.190366 0.805353 0.561398 0.609582 0.545225 -0.575447
5.370663 -279.092286 932.450184 -36847.976337 0.879934 0.113520 0.461335 0.402015 -0.695378 -0.595678 -0.253181 -0.709621 0.657524
6.687575 -227.750741 948.004619 6550.211539 0.888388 0.068063 0.454021 0.265042 -0.883535 -0.386158 -0.374860 -0.463393 0.802962
6.723727 -183.312482 2017.062478 13929.317873 0.913809 0.042234 0.403941 0.193064 -0.920193 -0.340545 -0.357322 -0.389180 0.849035
10.913713 -57.493723 5558.203850 4554.807422 0.501178 0.758560 -0.416423 0.712208 -0.634916 -0.299403 0.491508 0.146525 0.858458
1.292293 -58.862249 5118.685203 4022.227276 0.514075 0.743776 -0.427229 0.718319 -0.645519 -0.259467 0.468769 0.173501 0.866114
-3.675354 -63.294075 4097.542450 1923.695559 0.541761 0.726863 -0.422096 0.751203 -0.643992 -0.144805 0.377079 0.238630 0.894912
11.344903 -33.920956 9507.231070 2295.537486 0.255202 0.833509 0.490036 -0.022326 0.511763 -0.858837 0.966630 -0.208236 -0.149212
26.532690 -40.342317 8856.190165 4170.575963 0.295392 0.806720 0.511806 -0.005581 0.537160 -0.843462 0.955360 -0.246296 -0.163175
1.281891 -31.324507 -3600.209441 49.405254 -0.116416 0.991920 0.050413 0.329497 0.086455 -0.940190 0.936952 0.092842 0.336899
-3.960946 -31.818196 -2526.195604 -486.707520 -0.153959 0.982578 0.104106 0.292984 0.146021 -0.944901 0.943640 0.114974 0.310361
-11.428043 -34.578740 -1830.009254 -643.609454 -0.199712 0.968706 0.147392 0.278549 0.200344 -0.939294 0.939428 0.146533 0.309843
9.896105 -51.740513 -4845.957282 -2227.148019 0.121743 -0.975962 0.180767 0.985773 0.097624 -0.136823 0.115886 0.194853 0.973962
14.483123 -48.097875 -2231.621350 -189.843593 0.187037 -0.974040 0.127527 0.979246 0.174551 -0.103004 0.078070 0.144146 0.986472
31.968989 -531.526112 -7511.496984 -168531.679517 -0.099221 0.990689 0.093224 -0.553315 0.022937 -0.832656 0.827042 0.134199 -0.545887
54.039863 -687.949033 -10324.876763 -217697.210896 -0.128145 0.964567 0.230627 -0.521051 0.132384 -0.843196 0.843851 0.228220 -0.485625
48.128378 -636.592110 -6343.943010 -166521.400537 -0.171763 0.960080 0.220782 -0.873139 -0.044579 -0.485428 0.456207 0.276152 -0.845940
24.326080 -94.998221 994.175360 518.832059 0.219907 -0.777241 0.589523 0.815731 -0.184911 -0.548080 0.534999 0.601419 0.593356
27.053146 -136.163469 -3598.929869 24949.162566 0.153338 -0.772994 0.615604 0.872985 -0.185932 -0.450917 0.463017 0.606556 0.646301
20.873324 -107.849427 1748.335962 7842.513272 0.162402 -0.769003 0.618271 0.898351 -0.143955 -0.415020 0.408155 0.622825 0.667457
3.669233 -27.281844 -15940.049485 -4245.057203 -0.621188 0.768184 0.154980 -0.477935 -0.528092 0.701923 -0.621050 -0.361956 -0.695187
22.373842 -40.816707 -10344.989877 1567.866618 -0.542631 0.815997 0.199248 -0.448667 -0.482105 0.752510 -0.710105 -0.318940 -0.627717
38.700570 -50.485918 -7161.260381 -517.641227 -0.570465 0.733465 0.369593 -0.235620 -0.577231 0.781849 -0.786799 -0.358934 -0.502109
63.535500 -96.907695 -860.673461 -8337.442859 -0.017568 0.994061 0.107401 0.995861 0.007816 0.090557 0.089180 0.108548 -0.990083
63.469711 -85.238317 -2736.383377 -5472.528886 -0.041288 0.986951 0.155638 0.991788 0.059354 -0.113283 -0.121043 0.149682 -0.981297
35.185270 -63.767477 3961.353558 -4682.072566 0.163330 0.767344 -0.620086 -0.108228 0.638669 0.761833 -0.980617 0.057319 -0.187362
50.345882 -70.312164 7191.236336 -3656.047177 0.075318 0.707292 -0.702897 -0.064736 0.706881 0.704364 -0.995056 0.007548 -0.099028
-12.449785 -124.882690 -2668.888453 -17346.751120 0.818156 0.524480 0.235673 0.512956 -0.480563 -0.711292 0.259803 -0.702837 0.662210
-9.247774 -153.915336 -2307.175801 -17002.241800 0.828378 0.501468 0.249638 0.456644 -0.346405 -0.819438 0.324446 -0.792801 0.515947
-9.373528 -164.221881 -1566.281579 -7870.976188 0.829952 0.500059 0.247225 0.319634 -0.063083 -0.945439 0.457180 -0.863691 0.212192
202.715945 -44.429529 -58746.562210 -648.482778 -0.523914 -0.829421 -0.193840 0.851573 -0.514959 -0.098191 -0.018378 -0.216512 0.976107
122.589709 -50.116467 55375.350538 -514.301188 0.476141 0.879359 0.004124 0.879305 -0.476158 0.009775 -0.010560 0.001028 0.999944
133.504977 -50.710568 49466.411678 -714.336156 0.458966 0.888107 -0.024814 0.881178 -0.458596 -0.114958 0.113474 -0.030897 0.993060
361.743498 -40.230115 -113162.456190 -3708.729642 -0.633457 -0.769031 -0.085578 0.761805 -0.600449 -0.243133 0.135592 -0.219208 0.966211
1.905426 -47.666286 -274.805652 516.698245 0.167792 0.959269 0.227263 0.888679 -0.047395 -0.456074 0.426727 -0.278489 0.860435
-10.336777 -95.608764 443.762141 9765.427729 -0.032146 0.966530 0.254533 0.815105 -0.122028 0.566316 -0.578421 -0.225676 0.783900
-7.985798 -71.399454 53.041117 9662.007301 -0.014316 0.961481 0.274500 0.920047 -0.094835 0.380158 -0.391547 -0.257995 0.883250
-8.660669 -83.853880 1137.728734 5745.481673 0.029492 0.968025 0.249112 0.806968 -0.170127 0.565562 -0.589859 -0.184346 0.786183
-10.749777 -102.587057 1471.653644 6158.253320 0.003389 0.973145 0.230167 0.703194 -0.165968 0.691356 -0.710990 -0.159509 0.684872
-12.323333 -116.012018 1178.600486 9270.325404 -0.039030 0.975191 0.217897 0.673736 -0.135358 0.726469 -0.737940 -0.175159 0.651739
-9.906813 -100.866218 -231.002970 -5988.544896 -0.114413 -0.988218 -0.101664 0.992240 -0.118691 0.037054 -0.048684 -0.096635 0.994129
-8.600395 -94.783653 -23.388215 -3895.445465 0.131919 0.983540 0.123478 0.975566 -0.150897 0.159689 -0.175693 -0.099395 0.979414
10.720593 -136.327127 -1075.776216 -7181.096122 0.299216 0.939440 0.167101 0.943922 -0.317040 0.092183 -0.139578 -0.130147 0.981621
7.097060 -145.555646 383.258799 -14240.185378 -0.280425 -0.943327 -0.177469 0.959585 -0.280061 -0.027628 -0.023640 -0.178044 0.983739
-10.443067 -24.007260 -1140.712812 1707.280433 -0.454979 0.716894 -0.528258 -0.650894 -0.672564 -0.352128 0.607726 -0.183629 -0.772625
-13.868705 -29.840110 -1273.798368 732.825330 -0.359125 0.822447 -0.441147 -0.727077 -0.542901 -0.420258 0.585139 -0.169823 -0.792952
-13.825000 -34.394395 -1126.460546 -2597.913106 -0.017685 0.972191 -0.233521 -0.865424 -0.131852 -0.483381 0.500729 -0.193546 -0.843689
53.427791 -12.736331 -5422.997507 1966.080997 -0.258226 0.962339 -0.084988 0.680029 0.243547 0.691553 -0.686207 -0.120782 0.717308
6.006060 -134.646277 216.528583 3247.827166 0.665716 0.672183 0.324025 -0.530723 0.731755 -0.427630 -0.524552 0.112713 0.843884
7.859026 -139.130765 -892.891238 2404.796537 0.663651 0.671830 0.328956 -0.372210 0.678027 -0.633829 -0.648866 0.298201 0.700035
-9.864342 -35.489499 5.483661 1018.363977 0.105333 0.994435 0.002053 -0.451764 0.046012 0.890950 -0.885898 0.094774 -0.454096
-8.514760 -36.960378 205.404660 -1310.116455 0.094296 0.995131 0.028665 -0.398285 0.011320 0.917192 -0.912402 0.097904 -0.397414
-8.472753 -35.529641 1339.293060 -29.615957 0.101844 0.990571 0.091635 -0.426027 -0.039810 0.903834 -0.898960 0.131089 -0.417955
-8.722318 -37.381325 -1069.023092 -50.519750 0.095621 0.993329 -0.064453 -0.425684 0.099336 0.899403 -0.899805 0.058565 -0.432343
-7.833618 -44.609017 -38.050896 1238.694096 0.181586 0.963957 0.194455 0.799885 -0.259812 0.541000 -0.572023 -0.057304 0.818233
-8.740160 -44.609046 169.054163 223.043301 0.192919 0.962604 0.190201 0.829690 -0.263517 0.492112 -0.523830 -0.062870 0.849500
-9.932424 -44.401857 -406.620728 -654.435972 0.201968 0.962453 0.181366 0.834771 -0.266017 0.482070 -0.512216 -0.054037 0.857155
-0.869878 -112.567889 -1068.954908 136.325666 0.799638 0.532663 0.277219 0.598540 -0.669916 -0.439275 0.048272 -0.517187 0.854510
-1.954315 -102.152261 -231.004147 -752.836517 0.785760 0.551904 0.279254 0.618506 -0.705202 -0.346613 -0.005634 -0.445075 0.895476
-2.638260 -111.629431 24.075929 1561.643298 0.763971 0.574769 0.293240 0.636775 -0.745000 -0.198727 -0.104241 -0.338550 0.935156
19.313357 -24.906218 -5438.971208 2062.684802 -0.039404 0.883008 0.467701 0.273787 -0.440611 0.854928 -0.960983 -0.161738 0.224395
