11220
22423
-63.961269 -89.936314 3010.032874 -14333.162226 0.358220 0.714084 -0.601467 0.346753 0.496383 0.795843 -0.866857 0.493647 0.069796
-74.705079 -112.212814 2730.033843 -15997.183974 0.260668 0.626238 -0.734764 0.541460 0.535276 0.648306 -0.799295 0.566838 0.199554
-56.149982 -116.593678 -10001.675550 -25236.362134 -0.262710 -0.461850 0.847159 0.503064 0.683656 0.528716 -0.823353 0.565074 0.052737
-70.363813 -102.771055 -1345.810120 -12393.619825 0.363751 0.839897 -0.402813 0.396720 0.251570 0.882794 -0.842792 0.480921 0.241695
-49.477141 -77.498772 10864.749845 -13821.954583 0.409531 0.617437 -0.671607 0.285580 0.612410 0.737156 -0.866446 0.493686 -0.074473
-52.016730 -67.299850 766.727741 -7797.608329 0.433409 0.898656 -0.067633 0.013731 0.068455 0.997560 -0.901093 0.433280 -0.017329
-59.301040 -84.367988 -2519.835338 -9427.851791 0.400166 0.910785 -0.101677 0.155697 0.041769 0.986921 -0.903120 0.410763 0.125092
-95.691947 -115.847297 2870.578092 4415.729652 -0.246107 -0.746160 0.618609 0.939082 -0.025589 0.342739 -0.239909 0.665275 0.707003
-93.080417 -120.219700 2930.579557 5590.958471 -0.229210 -0.703783 0.672423 0.889675 0.128785 0.438057 -0.394895 0.698645 0.596619
-91.053976 -119.237147 2688.009320 6308.160250 -0.267642 -0.820380 0.505316 0.866227 0.024783 0.499036 -0.421922 0.571281 0.704002
-91.755936 -115.746318 3041.669194 2221.361836 -0.350364 -0.830926 0.432211 0.898062 -0.167005 0.406932 -0.265949 0.530727 0.804736
-86.317702 -119.652458 1465.178327 2253.749896 -0.308848 -0.899989 0.307624 0.864524 -0.130807 0.485272 -0.396500 0.415824 0.818461
-65.766689 -95.734857 -6512.274822 -2756.147499 0.400117 0.749703 0.527116 -0.466278 -0.328627 0.821334 -0.788981 0.574412 -0.218081
-51.625373 -81.945991 -6695.240133 -6077.835224 0.371130 0.857607 0.356052 -0.375315 -0.212183 0.902284 -0.849354 0.468496 -0.243125
-58.451622 -97.920147 -8356.914728 -2610.489897 0.480789 0.843067 0.241000 -0.183334 -0.172122 0.967865 -0.857456 0.509522 -0.071808
-45.766552 -99.118372 -10273.575085 -591.434035 0.453512 0.890243 0.042359 0.042308 -0.068978 0.996721 -0.890245 0.450233 0.068947
-64.516563 -106.236937 -9520.392556 1807.034772 0.545571 0.814166 0.198708 -0.026199 -0.220419 0.975053 -0.837655 0.537167 0.098924
-74.193527 -108.896338 -6789.509095 473.854797 0.531103 0.726206 0.436525 -0.314760 -0.309227 0.897388 -0.786674 0.614006 -0.064350
153.888845 -81.681082 42325.855889 -13286.494898 0.864094 -0.007833 0.503269 -0.492055 0.197306 0.847911 0.105940 0.980311 -0.166637
116.383693 -123.219470 32277.718548 -32648.171791 0.829242 -0.030656 0.558049 -0.555021 0.072114 0.828704 0.065648 0.996925 -0.042785
144.080922 -93.001019 15424.182305 -29276.115291 0.867594 0.193812 0.457948 -0.489446 0.170074 0.855288 -0.087880 0.966184 -0.242415
165.018776 -58.394156 4706.147409 -2789.252669 0.885092 0.269340 0.379563 -0.439441 0.214984 0.872166 -0.153309 0.938742 -0.308640
183.616035 -85.774952 40163.724165 20165.867435 0.908246 0.069791 0.412576 -0.415898 0.259028 0.871741 0.046029 0.963345 -0.264287
19.312687 -79.162667 -965.496978 -1313.972032 0.720166 0.449588 -0.528423 -0.693750 0.475947 -0.540542 -0.008480 -0.755874 -0.654662
17.196092 -75.778478 -2538.989051 -2228.658048 0.725106 0.421852 -0.544300 -0.685475 0.366485 -0.629137 0.065925 -0.829295 -0.554909
28.721216 -75.593708 -6226.380555 3660.232019 0.696112 0.463015 -0.548675 0.707925 -0.315525 0.631891 0.119455 -0.828288 -0.547421
8.506109 -185.458938 -10413.277897 1097.983109 -0.550909 0.007798 0.834529 0.814716 -0.211764 0.539809 0.180932 0.977290 0.110310
21.280328 -170.057934 -13817.837647 17106.483889 -0.570102 0.023716 0.821232 0.729762 -0.444554 0.519441 0.377401 0.895438 0.236134
26.004984 -184.668219 -14982.550695 8064.627638 -0.556054 0.000321 0.831146 0.822339 -0.144979 0.550218 0.120676 0.989435 0.080352
12.455942 -184.393723 -9755.676861 -2621.929784 -0.534268 -0.012392 0.845224 0.844113 0.045485 0.534233 -0.045065 0.998888 -0.013841
-1.951433 -188.973253 -4209.926515 -9153.468420 -0.536396 -0.043728 0.842833 0.843072 0.018195 0.537492 -0.038839 0.998878 0.027107
-5.331059 -196.982224 -5348.528509 17351.728763 -0.776723 -0.478778 0.409234 -0.454488 0.875878 0.162106 -0.436052 -0.060081 -0.897914
-2.934253 -203.713046 -590.374883 12286.029497 -0.764018 -0.472689 0.439137 -0.478626 0.871654 0.105531 -0.432659 -0.129555 -0.892200
-2.412081 -207.543532 2606.517661 11450.833567 0.738367 0.510725 -0.440425 -0.616536 0.775854 -0.133920 -0.273309 -0.370420 -0.887745
-4.707633 -201.210835 -2871.573634 -732.273468 -0.785392 -0.441004 0.434367 -0.310826 0.887816 0.339366 -0.535300 0.131523 -0.834360
-4.967383 -183.039146 -2228.185613 8830.447065 -0.751428 -0.494001 0.437400 -0.549863 0.835254 -0.001295 -0.364701 -0.241483 -0.899266
20.155412 -48.348113 -295.902344 2718.820785 0.524735 0.660620 -0.536875 0.851250 -0.411096 0.326150 -0.005246 -0.628158 -0.778069
20.274350 -53.334634 -1276.796145 -1311.838760 0.476461 0.656100 -0.585251 0.879150 -0.362304 0.309565 -0.008934 -0.662019 -0.749434
16.434139 -45.181309 952.063602 -1366.738441 0.451547 0.693337 -0.561595 0.890850 -0.315125 0.327235 0.049911 -0.648059 -0.759953
16.778915 -42.845366 3415.061483 3165.124642 0.544346 0.680186 -0.490952 0.838024 -0.414801 0.354480 0.037465 -0.604390 -0.795808
-14.917671 -42.811164 -289.218442 -4139.057603 -0.498622 -0.581843 0.642522 0.860736 -0.244685 0.446388 -0.102512 0.775621 0.622819
-15.624581 -39.992408 -581.849619 3758.217601 -0.587758 -0.557048 0.586718 0.797266 -0.275549 0.537065 -0.137501 0.783435 0.606072
-17.416776 -40.058267 -64.453679 -2941.280609 -0.508725 -0.596902 0.620408 0.851992 -0.245484 0.462436 -0.123729 0.763836 0.633440
-19.236012 -39.130036 -1250.732507 4431.497070 -0.599350 -0.571534 0.560471 0.786411 -0.289673 0.545571 -0.149459 0.767748 0.623077
-16.048350 -45.773039 -679.803678 -7287.169193 -0.445456 -0.609507 0.655797 0.892722 -0.246799 0.377012 -0.067941 0.753387 0.654058
-18.133111 -38.529742 -619.227962 -3414.087454 -0.480451 -0.618488 0.621804 0.866871 -0.227342 0.443678 -0.133047 0.752189 0.645376
-12.111685 -57.272886 -2623.649550 -3568.428847 0.640193 0.517195 -0.568034 0.671634 -0.735752 0.087051 -0.372910 -0.437240 -0.818388
2.140769 -54.815021 8005.589180 -2959.624175 -0.746472 -0.371846 0.551825 -0.514514 0.848426 -0.124290 -0.421966 -0.376700 -0.824646
-11.172167 -64.288916 -1413.624138 -1271.290118 0.600397 0.580590 -0.549944 0.702012 -0.712013 0.014725 -0.383018 -0.394908 -0.835072
1.261311 -52.584596 -10736.255608 -220.257737 0.762508 0.327326 -0.558067 -0.507614 0.837484 -0.202359 -0.401134 -0.437583 -0.804744
18.701021 -62.559063 583.566023 1300.485629 0.518749 0.617079 -0.591703 0.844130 -0.479345 0.240150 -0.135438 -0.624052 -0.769555
21.526928 -66.354735 503.626228 4020.047121 0.548535 0.603038 -0.579185 0.806745 -0.563735 0.177102 -0.219708 -0.564401 -0.795726
19.337888 -66.960135 3185.590942 892.729023 0.518569 0.606713 -0.602483 0.834830 -0.511547 0.203417 -0.184783 -0.608457 -0.771774
18.986089 -66.989119 470.560766 -2629.977427 0.467917 0.612305 -0.637288 0.877885 -0.405123 0.255329 -0.101840 -0.678939 -0.727098
19.300859 -61.033028 -379.794843 -1873.956624 0.469540 0.636304 -0.612086 0.881753 -0.373446 0.288184 -0.045208 -0.675023 -0.736411
-9.322603 -325.072247 -3383.648351 62161.524244 0.751980 -0.084190 0.653788 0.265058 0.946716 -0.182957 -0.603548 0.310872 0.734226
-8.740681 -367.698351 -2843.188572 43062.558115 0.742077 -0.105147 0.662017 0.038963 0.992717 0.113997 -0.669181 -0.058801 0.740769
-12.047283 -375.635544 -576.956141 86885.393906 0.774598 -0.104478 0.623765 0.168586 0.984686 -0.044420 -0.609572 0.139566 0.780349
-12.861388 -406.565501 -1417.832212 137525.439280 0.785056 -0.079469 0.614306 0.345351 0.879448 -0.327573 -0.514218 0.469314 0.717860
-13.999862 -522.352290 -2386.349670 169923.827062 0.777328 -0.092904 0.622197 0.160798 0.985523 -0.053734 -0.608198 0.141818 0.781014
3.046845 -29.078918 -5135.737314 -5392.146326 0.754732 0.584302 0.298281 -0.297125 0.709817 -0.638652 -0.584891 0.393384 0.709332
12.299281 -43.906608 -4926.831799 -5748.551611 0.734086 0.634629 0.241588 -0.318995 0.636354 -0.702350 -0.599467 0.438520 0.669582
12.181547 -37.109863 -3983.914550 -2939.075710 0.794597 0.496794 0.349015 -0.223146 0.773587 -0.593101 -0.564643 0.393395 0.725547
-0.128110 -43.198124 -1501.731049 2637.170419 0.977543 -0.144563 0.153333 0.173377 0.138099 -0.975125 -0.119792 -0.979811 -0.160062
-7.857623 -36.376521 3809.125357 6340.267099 0.978304 -0.112916 -0.173700 -0.166962 0.066686 -0.983706 -0.122659 -0.991364 -0.046386
-6.558842 -34.283121 -4164.271533 -5471.708775 0.858303 -0.150583 0.490552 0.500765 0.037083 -0.864789 -0.112031 -0.987902 -0.107235
-9.260549 -26.942476 -10166.898078 5217.472252 0.198017 0.014153 -0.980096 0.968925 -0.154040 0.193536 -0.148235 -0.987963 -0.044216
10.051099 -36.723064 -4145.171480 5931.383621 0.308211 0.270697 -0.911992 0.918060 -0.335902 0.210560 -0.249342 -0.902160 -0.352045
5.980961 -27.386632 -2040.030757 4843.864756 0.363057 0.258623 -0.895156 0.909323 -0.307931 0.279838 -0.203274 -0.915583 -0.346969
14.456458 -33.843916 -6424.794612 4547.084970 0.396427 0.250969 -0.883097 0.892440 -0.331030 0.306546 -0.215398 -0.909634 -0.355204
-24.794845 -67.743720 -732.712311 -3956.434550 -0.558684 -0.447372 0.698377 -0.141595 0.881133 0.451172 -0.817204 0.153176 -0.555621
-24.300319 -64.403457 -565.860582 -2801.162477 -0.534234 -0.478676 0.696752 -0.238982 0.876129 0.418671 -0.810852 0.057157 -0.582453
-23.913733 -65.966722 480.887699 -3773.958241 -0.514711 -0.442506 0.734344 -0.124785 0.886058 0.446464 -0.848234 0.138164 -0.511282
-136.301272 -2907.636957 -44275.732222 -356901.778059 -0.596864 0.793329 0.119927 0.493973 0.481124 -0.724231 0.632254 0.373027 0.679048
-258.693701 -981.862321 -145201.687556 -565249.983467 -0.433825 0.900913 -0.012325 0.891295 0.431115 0.140475 -0.131869 -0.049957 0.990008
-469.310816 -7695.495324 -209096.062399 5166867.140943 -0.565821 0.824181 -0.023921 0.619109 0.405515 -0.672504 0.544565 0.395327 0.739707
-165.633412 -958.635632 -65366.777969 408491.939130 -0.600511 0.754096 0.265944 -0.252800 0.136487 -0.957843 0.758603 0.642426 -0.108674
-33.996065 -293.788089 10770.272325 -100830.517752 -0.619497 0.661139 0.423225 0.133714 0.620135 -0.773016 0.773527 0.422289 0.472575
-18.292652 -243.801465 8375.358775 -36242.581631 -0.654967 0.662190 0.364037 -0.011004 0.473339 -0.880811 0.755577 0.580909 0.302735
-26.733392 -216.216918 2132.088178 -77684.428673 0.609789 -0.648331 -0.455877 0.210733 0.687118 -0.695313 0.764035 0.327926 0.555621
-37.236790 -204.530633 -3339.500700 -85291.398012 0.594214 -0.589849 -0.546798 0.250189 0.781663 -0.571321 0.764405 0.202684 0.612049
-44.593679 -117.673160 13652.777799 -45803.169069 0.613096 -0.525478 -0.589903 0.252184 0.837817 -0.484217 0.748677 0.148107 0.646179
-49.049426 -138.903317 -397.115645 -42433.788558 -0.570839 0.749005 0.336354 0.395465 0.609824 -0.686820 0.719548 0.259048 0.644317
-7.351114 -52.771734 -3422.217412 10465.233886 0.304918 0.782094 -0.543464 0.414864 -0.622729 -0.663398 0.857271 0.023182 0.514344
-9.294397 -80.762567 1112.257486 -14067.681266 0.391173 0.658266 -0.643172 -0.471162 0.743568 0.474460 0.790563 0.117442 0.601014
-11.411858 -58.138793 1582.266512 6672.610992 0.302193 0.773961 -0.556475 0.467619 -0.629062 -0.620978 0.830670 0.072563 0.552017
-12.628995 -40.085960 5022.953225 7031.313988 0.215442 0.857172 -0.467804 0.429108 -0.513425 -0.743143 0.877183 0.040634 0.478433
-7.772147 -35.675180 -1694.167142 10861.288306 0.199542 0.898321 -0.391411 0.365779 -0.438857 -0.820738 0.909059 -0.020602 0.416157
-8.471292 -54.771599 -6359.235921 16553.268946 0.238929 0.848446 -0.472285 0.358878 -0.529091 -0.768941 0.902286 -0.014230 0.430903
-54.310500 -98.279102 -89.123947 3672.842909 0.459154 0.723163 -0.515958 0.743658 0.004822 0.668543 0.485953 -0.690661 -0.535572
-47.566569 -97.851516 4187.070992 2121.675393 0.334712 0.757186 -0.560925 0.707287 0.191465 0.680504 0.622666 -0.624508 -0.471462
-54.506550 -92.965067 -188.692511 764.878664 0.387176 0.695437 -0.605362 0.710979 0.192836 0.676256 0.587029 -0.692230 -0.419780
-55.977856 -90.106974 -247.943215 198.359364 0.470932 0.647908 -0.598697 0.726875 0.099572 0.679513 0.499875 -0.755183 -0.424057
-55.859661 -87.315910 1266.892206 -496.270946 0.349013 0.612506 -0.709243 0.699589 0.333262 0.632069 0.623510 -0.716779 -0.312190
44.127855 -72.929008 -7941.024349 15546.975876 0.967974 0.102612 0.229124 -0.096221 0.994599 -0.038926 -0.231881 0.015633 0.972619
40.052948 -112.022155 -5691.085544 22854.282363 0.961220 0.122868 0.246900 -0.152940 0.982481 0.106492 -0.229490 -0.140123 0.963172
31.346952 -83.219683 -7979.415574 16613.589647 0.953320 0.059203 0.296100 -0.052502 0.998154 -0.030540 -0.297362 0.013568 0.954668
32.123415 -55.247859 -7004.272898 6708.512305 0.964957 0.001240 0.262406 0.021438 0.996274 -0.083543 -0.261532 0.086241 0.961334
-0.222234 -71.049457 1234.209115 1711.828260 0.788900 0.507752 -0.346156 0.274467 0.212856 0.937742 -0.549822 0.834793 -0.028561
1.778815 -71.347531 1151.472241 1998.377587 0.790220 0.510143 -0.339568 0.273550 0.202203 0.940364 -0.548382 0.835983 -0.020235
-0.139073 -71.610962 711.534370 -148.621437 0.788055 0.514638 -0.337812 0.196368 0.309934 0.930258 -0.583446 0.799430 -0.143186
0.749156 -70.147685 1141.365983 1495.217304 0.791207 0.509753 -0.337852 0.335772 0.099629 0.936659 -0.511125 0.854532 0.092334
-2.242306 -72.013268 885.855241 -637.158842 0.785138 0.510038 -0.351312 0.204576 0.321827 0.924433 -0.584557 0.797677 -0.148337
-1.409733 -71.545787 1449.942375 1911.567892 0.786510 0.509123 -0.349564 0.331481 0.129562 0.934523 -0.521078 0.850886 0.066863
-3.450457 -71.942284 834.754695 556.020574 0.777243 0.514901 -0.361621 0.259661 0.261019 0.929755 -0.573122 0.816545 -0.069175
9.850430 -106.407868 -1038.203853 6461.851773 -0.718867 -0.586136 0.373732 -0.136287 0.646031 0.751046 -0.681657 0.488967 -0.544293
10.255538 -95.597652 -61.193600 3584.202733 -0.727343 -0.577091 0.371400 -0.095896 0.621340 0.777651 -0.679541 0.530003 -0.507268
8.169536 -101.144696 -1390.536832 5356.648128 -0.726944 -0.550514 0.410472 0.008165 0.590778 0.806793 -0.686649 0.589845 -0.424967
8.348419 -118.325302 1557.682845 6989.451401 -0.686039 -0.605141 0.403925 -0.133792 0.650635 0.747512 -0.715157 0.458780 -0.527324
-9.756053 -154.296652 -4728.985663 -8159.955037 -0.797178 -0.597582 0.086040 -0.502928 0.736128 0.452967 -0.334021 0.317823 -0.887366
-2.646122 -175.847976 -3829.184300 -8653.208870 -0.797219 -0.598164 0.081498 -0.523466 0.752193 0.400237 -0.300709 0.276415 -0.912781
-6.226169 -145.074720 -5258.537438 -4018.174123 -0.775518 -0.628425 0.060448 -0.595794 0.760177 0.259152 -0.208809 0.164963 -0.963943
-3.564219 -158.160303 -3006.637113 -488.331908 -0.755098 -0.652380 0.065021 -0.643614 0.756511 0.115981 -0.124853 0.045729 -0.991121
-13.834826 -151.771582 -2086.954514 9633.597790 0.698400 0.544595 -0.464386 -0.698065 0.375146 -0.609894 0.157933 -0.750121 -0.642165
-8.727436 -153.064557 -2499.373361 -12585.381518 0.699708 0.521556 -0.488250 0.709188 -0.424434 0.562946 0.086378 -0.740159 -0.666861
-12.228352 -141.979383 -2119.259498 -9879.188575 0.686844 0.544002 -0.481983 0.726232 -0.540009 0.425413 -0.028850 -0.642224 -0.765974
-16.420587 -142.050584 -3046.392998 -10743.039850 0.684217 0.558561 -0.468888 0.729186 -0.513755 0.452044 0.011600 -0.651203 -0.758815
-18.259368 -145.406739 -2083.520459 7101.347075 0.693706 0.570104 -0.440175 -0.692098 0.358405 -0.626535 0.199429 -0.739275 -0.643195
-16.865313 -150.678416 -1015.967272 -710.392837 0.703277 0.569443 -0.425601 -0.628617 0.218509 -0.746388 0.332028 -0.792457 -0.511634
11.225497 -55.433678 -664.306017 4215.090169 0.909933 -0.282416 0.303750 0.333641 0.933474 -0.131566 -0.246387 0.221059 0.943624
19.253175 -65.094825 -5645.612603 8962.426340 0.945566 -0.099397 0.309879 0.131520 0.987705 -0.084505 -0.297670 0.120660 0.947013
2.741064 -84.585134 -10615.679388 12632.259197 0.920727 -0.106161 0.375490 0.159090 0.980798 -0.112804 -0.356304 0.163598 0.919936
22.280855 -46.340509 -887.428254 1521.484425 0.949297 -0.168851 0.265188 0.200451 0.974909 -0.096811 -0.242187 0.145059 0.959324
2.495819 -69.701998 -9243.387383 -8668.463747 0.873657 -0.299834 0.383175 -0.387684 -0.904856 0.175888 -0.293981 0.302216 0.906775
14.600109 -37.468839 1319.157709 917.576434 0.934870 -0.247324 0.254654 0.288496 0.947331 -0.139044 -0.206853 0.203455 0.956984
12.612026 -41.423069 8914.706365 -1539.011699 0.848579 -0.456344 0.267702 -0.505580 -0.848530 0.156158 -0.155891 0.267857 0.950763
11.516316 -52.865606 -55.437763 -2632.989098 0.826776 -0.448698 0.339281 -0.520316 -0.839217 0.158068 -0.213805 0.307221 0.927309
-9.090979 -36.751063 7638.300697 -2394.866509 0.339508 0.012837 -0.940516 -0.143470 0.988913 -0.038293 0.929597 0.147937 0.337585
-5.034553 -40.699871 14981.258242 3663.909543 0.255775 0.383739 -0.887312 -0.211740 0.917794 0.335886 0.943263 0.101969 0.316002
15.417454 -45.954035 19399.273240 1859.623735 0.241370 0.271475 -0.931688 -0.257793 0.943516 0.208135 0.935566 0.189945 0.297720
13.652313 -44.624374 14877.664618 -1212.763166 0.283408 0.081406 -0.955538 -0.261300 0.965246 0.004733 0.922715 0.248341 0.294830
-8.608828 -43.027948 4268.871844 -2857.253419 0.367891 -0.257192 -0.893593 -0.071707 0.950280 -0.303029 0.927100 0.175559 0.331157
15.964840 -27.175563 1520.213224 4936.713228 0.580290 0.476149 -0.660716 -0.648945 0.760521 -0.021877 0.492072 0.441463 0.750317
17.224875 -31.876376 863.760915 6883.695000 0.591505 0.500401 -0.632235 -0.648673 0.761054 -0.004526 0.478900 0.412791 0.774763
19.122200 -23.509264 780.662802 2654.423761 0.603533 0.491690 -0.627686 -0.657876 0.751863 -0.043599 0.450496 0.439253 0.777245
18.991880 -21.218206 -1079.178617 2070.305119 0.651238 0.474046 -0.592596 0.631657 -0.771407 0.077078 0.420594 0.424514 0.801803
17.845438 -23.821272 2745.468841 -3570.283970 0.604028 0.467967 -0.645103 -0.650364 0.757280 -0.059612 0.460626 0.455559 0.761767
16.662639 -21.065186 2987.398855 989.890477 0.598105 0.452072 -0.661741 -0.642242 0.764277 -0.058360 0.479371 0.459903 0.747457
4.336995 -529.244373 -655.839589 148295.187515 0.974184 -0.170243 0.148266 -0.103437 0.247164 0.963437 0.200665 0.953901 -0.223173
0.966574 -372.810085 5677.172093 64170.719951 0.970444 -0.220050 0.099076 -0.123593 -0.100568 0.987224 0.207275 0.970291 0.124792
6.593943 -361.769034 -1955.609751 67077.020729 0.979756 -0.172150 0.102192 -0.123523 -0.118119 0.985287 0.157546 0.977963 0.136992
4.150932 -362.866082 575.559235 41610.573425 0.972561 -0.175686 0.152513 -0.149332 0.031268 0.988293 0.178398 0.983949 -0.004175
7.121453 -335.430527 1601.607343 -21415.198661 0.983087 -0.156980 0.094329 -0.140336 -0.314767 0.938737 0.117671 0.936098 0.331473
-13.107324 -360.817128 -2760.912713 100650.804374 0.998327 -0.057712 -0.003432 0.002532 0.102946 -0.994684 -0.057758 -0.993011 -0.102920
-9.055287 -226.565842 -5407.459512 27573.699979 0.995383 -0.087209 -0.040084 -0.007609 0.344613 -0.938714 -0.095678 -0.934685 -0.342359
-12.774252 -284.240227 -121.424334 52307.918950 0.998079 -0.035101 -0.051042 -0.045391 0.146305 -0.988198 -0.042154 -0.988617 -0.144431
-9.372500 -264.119645 1949.065242 27003.052253 0.999200 -0.011248 -0.038366 -0.035694 0.181312 -0.982778 -0.018010 -0.983361 -0.180766
-10.951201 -340.002694 4844.009832 57826.888814 0.998751 0.011996 -0.048504 -0.046679 -0.122234 -0.991403 0.017822 -0.992429 0.121521
-49.599039 -479.356134 -10948.466990 185838.866570 0.843161 0.475994 -0.250019 0.524979 -0.829249 0.191683 0.116089 0.292874 0.949077
-37.409553 -411.952469 -20763.639820 122031.294715 0.870137 0.461750 -0.172185 0.489653 -0.849554 0.196207 0.055682 0.255038 0.965326
-83.017673 -403.104051 -35100.025044 -159534.874819 0.872495 0.437580 -0.217430 -0.443650 0.895911 0.022769 0.204761 0.076597 0.975810
-40.973596 -776.433911 -8976.878047 -327962.205298 0.643572 0.315525 0.697323 0.646762 -0.711380 -0.275023 0.409285 0.627999 -0.661894
-42.722157 -246.138755 -5123.779988 -101240.037414 0.576722 0.466986 0.670310 0.762598 -0.601999 -0.236730 0.292976 0.647705 -0.703309
-34.129036 -193.067544 -2650.594724 -45690.762766 0.456796 0.521417 0.720737 0.835194 -0.530308 -0.145686 0.306250 0.668504 -0.677727
-24.899155 -109.417093 -7352.333737 2288.602182 0.534514 0.520109 0.666169 0.805686 -0.551651 -0.215758 0.255275 0.652049 -0.713910
-75.116309 -122.859850 2304.119347 -12188.810271 0.181236 0.528230 -0.829534 0.695352 0.527656 0.487920 -0.695442 0.665246 0.271675
-86.542928 -118.036999 -1415.168332 -6683.993230 0.253015 0.726255 -0.639169 0.652945 0.359321 0.666747 -0.713895 0.586039 0.383291
-38.149116 -79.079631 -8941.433860 -8537.045454 0.375887 0.921220 0.100309 -0.209533 -0.020949 0.977577 -0.902665 0.388477 -0.185152
-39.967715 -63.210657 -5449.403632 -5104.276329 0.265915 0.885244 0.381618 -0.433597 -0.243730 0.867519 -0.860978 0.396155 -0.319027
-26.278566 -71.101518 -9143.496415 -10515.179238 0.360466 0.932527 -0.021383 -0.183595 0.093406 0.978554 -0.914526 0.348809 -0.204877
98.544444 -132.266990 7017.679816 -27173.438671 0.840493 0.190214 0.507336 -0.506416 -0.057143 0.860394 -0.192650 0.980078 -0.048299
69.970128 -136.842123 26954.462253 -33648.629673 0.778034 -0.167161 0.605574 -0.609775 0.030935 0.791971 0.151120 0.985444 0.077862
73.128809 -149.041823 17840.406213 -17555.140283 0.819581 -0.038152 0.571692 -0.563957 -0.229937 0.793147 -0.101193 0.972457 0.209969
-11.016096 -61.738677 -10184.962751 -2750.557631 -0.640674 0.369805 -0.672889 0.670665 0.696207 -0.255937 0.373824 -0.615256 -0.694058
15.691304 -67.443948 20708.443174 -4230.055169 0.685485 -0.262218 0.679229 0.546768 0.801425 -0.242412 0.480786 -0.537550 -0.692737
18.254502 -59.805648 19350.630104 -1395.116702 0.704824 -0.236805 0.668690 0.567217 0.754224 -0.330773 0.426013 -0.612430 -0.665915
-26.041183 -57.938251 -6349.633337 -2023.456955 -0.552278 0.459552 -0.695558 0.789052 0.557418 -0.258229 0.269047 -0.691446 -0.670460
-28.026275 -63.357471 -2368.475601 -2415.484602 -0.488091 0.550478 -0.677304 0.811530 0.571844 -0.120054 0.321226 -0.608250 -0.725842
-1.187662 -57.041239 13194.950148 -2142.477042 0.686540 -0.294961 0.664575 0.649640 0.659335 -0.378477 0.326542 -0.691574 -0.644279
15.537434 -86.929341 -78.972732 -2380.669193 0.731611 0.390270 -0.558958 -0.655903 0.626482 -0.421085 -0.185840 -0.674692 -0.714321
14.008885 -81.785093 -1127.701340 -1752.796685 0.723998 0.393505 -0.566551 -0.687038 0.484808 -0.541240 -0.061688 -0.781099 -0.621353
16.331844 -82.873933 871.822465 -2181.390437 0.732944 0.419613 -0.535460 -0.672559 0.565272 -0.477631 -0.102260 -0.710206 -0.696527
15.602992 -145.317803 -10865.181480 29832.518646 -0.578608 0.018913 0.815386 0.609693 -0.654015 0.447816 0.541745 0.756245 0.366887
1.164238 -139.809028 5526.973468 33561.440439 0.585605 0.013978 -0.810476 0.560329 -0.729484 0.392281 0.585746 0.683855 0.435022
14.376318 -116.328995 7068.436691 -36236.778212 0.603752 -0.008645 -0.797125 -0.463588 0.809662 -0.359908 0.648513 0.586833 0.484828
26.222181 -134.675825 9961.981483 25361.368816 0.600181 0.009776 -0.799805 0.583998 -0.688623 0.429820 0.546562 0.725054 0.419007
-1.381513 -196.653506 -190.115508 11522.564205 -0.772934 -0.469846 0.426402 -0.448485 0.879956 0.156647 -0.448815 -0.070157 -0.890867
0.521084 -216.095056 -416.550719 26177.836907 -0.762909 -0.492012 0.419396 -0.569574 0.818422 -0.075965 -0.305868 -0.296831 -0.904619
-2.192537 -215.031651 1463.902009 -10703.388712 -0.772668 -0.437124 0.460333 -0.322603 0.894915 0.308308 -0.546728 0.089715 -0.832490
-2.086867 -213.388368 79.437401 10469.326581 0.747483 0.492879 -0.445354 -0.611798 0.771980 -0.172483 -0.258792 -0.401395 -0.878584
46.893836 -8.775680 12870.673460 2765.360165 0.863850 0.023117 0.503218 0.459274 0.374254 -0.805606 0.206955 -0.927038 -0.312682
37.769004 -5.992208 17677.800940 3004.638466 0.845972 0.081495 0.526963 0.463045 0.377793 -0.801786 0.264425 -0.922296 -0.281867
53.704764 -2.009424 10509.346962 2593.648788 0.899532 0.011840 0.436694 0.401144 0.373458 -0.836428 0.172990 -0.927571 -0.331189
52.337124 -5.493316 -886.536128 2393.377541 0.920638 -0.111739 0.374086 0.387688 0.374767 -0.842169 0.046092 -0.920361 -0.388344
55.981358 0.693372 -4970.743705 2750.252771 0.924528 -0.148096 0.351164 0.381012 0.380622 -0.842590 0.008876 -0.912795 -0.408322
-8.797115 -44.610958 -2978.753151 -229.415435 -0.537936 -0.543673 0.644239 0.835917 -0.245267 0.491005 -0.108936 0.802660 0.586404
-17.328429 -126.387303 -74.762882 5800.627957 0.749349 -0.284450 0.597967 0.646280 0.117496 -0.754001 -0.144217 -0.951463 -0.271880
-20.606476 -138.562103 -904.520983 5191.018299 0.715264 -0.287263 0.637085 0.629492 -0.131125 -0.765863 -0.303542 -0.948834 -0.087041
-15.473486 -139.299871 -3223.833133 6863.132622 0.705050 -0.338394 0.623212 0.657042 -0.018958 -0.753616 -0.266834 -0.940814 -0.208973
-17.207296 -122.521022 1783.033083 3510.432096 0.775800 -0.246099 0.581007 0.605893 0.033501 -0.794840 -0.176145 -0.968665 -0.175100
-13.365938 -127.138057 -2742.977975 8285.808318 0.729353 -0.337947 0.594841 0.673330 0.200657 -0.711592 -0.121121 -0.919526 -0.373900
-11.595116 -116.717679 2257.117035 3851.080095 0.810353 -0.243656 0.532879 0.584751 0.278350 -0.761963 -0.037330 -0.929060 -0.368040
22.288817 -69.297229 4506.010796 2494.632340 0.532435 0.607897 -0.589046 0.805465 -0.577814 0.131748 -0.260270 -0.544603 -0.797288
23.527879 -69.752250 -494.788240 3455.469640 0.550542 0.602078 -0.578279 0.772673 -0.629750 0.079945 -0.316038 -0.490833 -0.811913
23.550327 -67.706494 -4724.443016 4785.958366 0.554197 0.604544 -0.572182 0.790407 -0.597745 0.134009 -0.261004 -0.526524 -0.809104
-6.193252 -377.801759 -3254.626353 45712.544998 0.746102 -0.092917 0.659317 0.166850 0.984712 -0.050037 -0.644588 0.147339 0.750198
-5.927945 -396.706279 -2085.484479 -21582.240837 0.739700 -0.115290 0.662988 -0.124317 0.944845 0.303005 -0.661354 -0.306554 0.684569
6362.992379 -7471.325457 -83657008.189487 -2889989.701570 0.202750 0.909105 0.363896 -0.817682 0.361644 -0.447895 0.538784 0.206741 -0.816682
-325.330688 -11936.796819 152708.355324 -6198204.172117 0.655877 -0.055311 0.752839 -0.565634 -0.696443 0.441615 -0.499883 0.715477 0.488067
-250.574646 -7040.702796 219319.089985 14363654.332828 0.790309 -0.118122 0.601214 -0.592840 0.100433 0.799033 0.154766 0.987907 -0.009346
-19.851059 -63.380858 2391.718369 -1309.124806 -0.440382 -0.451045 0.776287 -0.041413 0.873930 0.484285 -0.896855 0.181121 -0.403542
-22.457002 -64.843306 1703.153133 -2343.011792 -0.475974 -0.440916 0.760948 -0.078526 0.883096 0.462574 -0.875947 0.160419 -0.454954
-20.087201 -62.058667 2457.355416 -2317.185227 -0.445994 -0.476534 0.757631 -0.156099 0.874921 0.458416 -0.881319 0.086185 -0.464596
-115.134157 -2179.073885 402.986679 -1129178.063397 -0.584264 0.644213 0.493584 0.689916 0.073989 0.720098 0.427377 0.761259 -0.487682
-629.720044 -1075.712492 226902.047356 -901288.339012 0.715103 -0.623966 -0.315110 0.684581 0.533990 0.496190 0.141341 0.570545 -0.809013
225.114218 -3762.601072 -119490.684158 -2831861.733693 -0.149298 0.849269 0.506411 -0.704082 -0.450898 0.548597 -0.694246 0.274651 -0.665273
-35.993133 -290.161114 17896.558768 -5262.035135 -0.667600 0.633799 0.390653 -0.179999 0.371740 -0.910719 0.722434 0.678313 0.134090
-5.551826 -260.651359 -10840.733158 -39037.004181 0.667884 -0.653434 -0.356307 0.343290 -0.154306 0.926467 0.660366 0.741089 -0.121259
-20.833740 -75.410106 10496.861607 -12460.118543 0.373217 0.643011 -0.668764 -0.482037 0.750312 0.452408 0.792685 0.153522 0.589984
-9.968037 -106.446286 11567.364548 -17550.529491 0.418513 0.522591 -0.742796 -0.538644 0.801322 0.260279 0.731238 0.291172 0.616854
-44.319538 -104.766184 5499.362402 2839.312647 0.375493 0.794126 -0.477880 0.762673 0.028223 0.646169 0.526626 -0.607098 -0.595060
28.016781 -112.964050 -7539.848621 19120.981089 0.941677 0.119105 0.314737 -0.158614 0.981957 0.102968 -0.296794 -0.146885 0.943577
31.434960 -142.198084 2097.380398 -15889.202074 0.967168 0.151818 0.203806 0.219223 -0.904069 -0.366879 -0.128556 -0.399513 0.907669
34.267430 -133.418684 -3611.727788 -18071.493169 0.946827 0.159649 0.279339 0.234411 -0.936994 -0.259025 -0.220386 -0.310732 0.924595
-28.542111 -45.786194 5103.631093 -2909.705567 -0.116655 -0.708334 0.696172 0.992981 -0.096931 0.067767 0.019479 0.699191 0.714670
-34.747051 -48.613768 39.096843 -2108.251979 0.086660 -0.691614 0.717049 0.988369 -0.030597 -0.148962 0.124964 0.721619 0.680919
-33.683874 -48.030398 5.537471 -2083.061827 0.107411 -0.646370 0.755426 0.992380 0.023565 -0.120939 0.060370 0.762660 0.643976
2.040956 -72.528038 1039.908238 535.726033 0.788079 0.518479 -0.331830 0.187950 0.310650 0.931757 -0.586179 0.796666 -0.147369
2.989135 -72.335248 1148.729915 2246.860884 0.788774 0.514322 -0.336612 0.255664 0.223495 0.940577 -0.558991 0.827963 -0.044793
2.349523 -70.050687 -83.291885 359.507045 0.784029 0.519603 -0.339575 0.332192 0.110896 0.936670 -0.524354 0.847181 0.085662
5.502562 -99.235532 -640.171727 6081.300461 0.691263 0.531725 -0.489309 0.206001 0.504037 0.838755 -0.692617 0.680599 -0.238887
3.624983 -97.381235 -960.176240 7843.271400 0.681776 0.517434 -0.517148 0.309154 0.436902 0.844713 -0.663027 0.735784 -0.137903
3.504569 -116.469937 -2897.817571 12181.712628 0.675664 0.562532 -0.476482 0.144916 0.532374 0.834013 -0.722826 0.632562 -0.278186
-5.135244 -175.801208 4263.099017 -11469.318589 0.810813 0.576230 -0.102672 -0.413791 0.688391 0.595730 -0.413956 0.440541 -0.796595
-1.544138 -200.618812 1609.871349 -17548.090535 0.814258 0.567393 -0.122678 -0.370253 0.670379 0.643043 -0.447099 0.478181 -0.755940
2.203755 -176.537253 -101.770834 -11607.803005 -0.786374 -0.608436 0.106877 -0.498410 0.727105 0.472129 -0.364971 0.318001 -0.875027
-0.031249 -155.707122 -322.566847 -2820.997614 -0.765054 -0.637978 0.087618 -0.605016 0.758697 0.241525 -0.220564 0.131769 -0.966431
-4.779981 -141.676937 -2852.492503 -7935.484040 0.690081 0.531398 -0.491330 0.721443 -0.559048 0.408638 -0.057527 -0.636460 -0.769162
15.548240 -42.199008 502.687224 8200.084047 0.589113 0.504353 -0.631327 -0.620943 0.782522 0.045716 0.517084 0.365086 0.774168
16.486384 -39.157610 -204.053685 7650.411347 0.591151 0.483263 -0.645753 -0.615031 0.788050 0.026726 0.521802 0.381359 0.763078
14.884043 -52.671483 -826.043850 7743.888241 0.589469 0.505890 -0.629764 -0.581797 0.806725 0.103472 0.560392 0.305401 0.769864
14.509180 -52.522879 1480.959574 7203.627623 0.579714 0.525916 -0.622370 -0.595618 0.794735 0.116773 0.556032 0.303000 0.773964
-6.174641 -484.325540 6648.687926 112167.735724 0.961671 -0.223803 0.158433 -0.089375 0.290401 0.952722 0.259231 0.930365 -0.259267
-6.153236 -283.238023 -8626.795047 66231.266309 0.994507 -0.104653 0.002098 0.033930 0.303341 -0.952278 -0.099023 -0.947118 -0.305225
2.748039 -197.176764 -11599.770922 10047.251931 0.989886 -0.141770 -0.005178 0.061912 0.464550 -0.883380 -0.127642 -0.874125 -0.468629
-9.584754 -65.964748 1558.992080 -2138.117246 0.771880 0.533728 -0.345448 0.014380 0.528561 0.848773 -0.635605 0.660119 -0.400311
-7.679388 -66.331701 1976.378108 -470.774873 0.779823 0.543103 -0.311313 -0.046732 0.546423 0.836205 -0.624254 0.637543 -0.451493
-10.565078 -67.863232 -1935.440680 1356.175097 -0.772326 -0.558147 0.303289 -0.107302 0.585220 0.803744 -0.626098 0.588209 -0.511871
-11.936981 -61.865937 -357.775200 -3258.375660 -0.749373 -0.540609 0.382337 0.019820 0.558848 0.829033 -0.661851 0.628833 -0.408071
-11.247297 -67.229329 1333.949941 -4053.834946 0.760211 0.526833 -0.380165 0.096968 0.486595 0.868230 -0.642399 0.696902 -0.318829
-15.610300 -48.322774 -660.321036 -3064.000009 0.440981 0.229603 -0.867651 0.883667 0.058100 0.464496 0.157060 -0.971549 -0.177272
-15.627479 -51.489008 -714.915210 -1775.035470 0.526603 0.213335 -0.822908 0.825245 0.104126 0.555093 0.204107 -0.971414 -0.121220
-11.984066 -46.067438 -1678.445853 -4122.437619 0.545346 0.204115 -0.812979 0.829838 0.005279 0.557980 0.118184 -0.978933 -0.166504
-55.981197 -608.697333 -3930.241909 -262290.657514 0.642182 0.399662 0.654120 0.645378 -0.742345 -0.180033 0.413630 0.537768 -0.734653
-33.180624 -253.451159 -9405.297470 101873.983491 0.692760 0.399870 0.600156 -0.672681 0.658286 0.337875 0.259968 0.637780 -0.725019
-38.553842 -122.577799 -16092.059721 -14000.493559 -0.297502 -0.439729 0.847426 0.658191 0.548501 0.515685 -0.691576 0.711185 0.126245
-23.075913 -121.538234 -20337.908722 -20272.884788 -0.383280 -0.390394 0.837072 0.569732 0.613396 0.546946 -0.726981 0.686540 -0.012683
-26.625110 -105.523967 -14425.271330 -25168.192659 -0.389574 -0.469164 0.792539 0.378649 0.702844 0.602192 -0.839558 0.534692 -0.096162
-44.039708 -71.186347 -9614.390013 1607.885035 0.055451 0.680808 0.730360 -0.618655 -0.550724 0.560329 -0.783704 0.482912 -0.390647
-55.603228 -84.525210 -9341.864195 -1031.338303 0.194215 0.704183 0.682940 -0.610068 -0.458478 0.646231 -0.768178 0.542148 -0.340557
150.971630 -64.473798 -19259.605515 -22697.917812 0.836134 0.434323 0.335028 -0.456832 0.213303 0.863601 -0.303619 0.875137 -0.376763
176.864812 -80.473926 -24631.832915 25433.323774 0.886005 0.402226 0.230671 -0.360705 0.285304 0.887971 -0.291354 0.869951 -0.397866
155.016834 -49.841587 -39049.466952 -330.877914 0.795705 0.575327 0.189349 -0.386780 0.242078 0.889831 -0.466107 0.781279 -0.415148
40.507953 -67.214793 21983.562940 -4679.251881 0.736822 -0.187578 0.649544 0.478775 0.823104 -0.305407 0.477355 -0.536017 -0.696289
50.544419 -73.751304 -23434.161049 -7167.777859 -0.734877 0.187002 -0.651909 0.432441 0.869683 -0.238006 0.522447 -0.456817 -0.719978
-7.858938 -81.652160 671.529029 -727.460295 0.511518 0.302709 -0.804187 -0.393290 0.914586 0.094106 0.763985 0.268142 0.586879
-7.125346 -80.350534 1002.587759 122.481897 0.502694 0.289222 -0.814646 -0.407345 0.910442 0.071872 0.762475 0.295713 0.575487
-7.903809 -81.393446 907.434277 1223.410677 0.498717 0.313501 -0.808083 -0.504698 0.862981 0.023319 0.704671 0.396209 0.588607
-10.632931 -81.386673 1657.143114 1863.740919 0.489757 0.345823 -0.800340 -0.608191 0.793246 -0.029416 0.624693 0.501166 0.598825
-10.413902 -83.327904 1077.593342 1056.767571 0.509447 0.329164 -0.795056 -0.502218 0.863996 0.035900 0.698742 0.381002 0.605472
6.174294 -98.514358 5648.035075 -26449.628343 0.594620 0.011700 -0.803922 -0.423058 0.854832 -0.300473 0.683702 0.518773 0.513250
-4.913317 -186.744416 2041.708388 4000.423687 0.728728 0.515571 -0.450712 -0.655932 0.714602 -0.243099 -0.196745 -0.472789 -0.858931
-7.191070 -180.830891 -699.975391 2999.750124 0.731246 0.490087 -0.474440 -0.598019 0.795180 -0.100311 -0.328104 -0.357076 -0.874554
22.286164 -12.965946 14886.441701 3770.022677 0.773049 0.045128 0.632739 0.573790 0.375566 -0.727815 0.270480 -0.925696 -0.264437
2.982067 -43.195283 -6932.207639 888.077226 -0.514114 -0.518695 0.683112 0.851442 -0.212431 0.479499 -0.103600 0.828148 0.550852
-3.458630 -47.627173 -4903.501759 4206.741267 -0.535845 -0.526789 0.659821 0.827559 -0.172767 0.534132 -0.167380 0.832253 0.528525
-10.138105 -49.406650 -2364.005128 -4948.102707 -0.490350 -0.565045 0.663537 0.870663 -0.283739 0.401793 -0.038759 0.774736 0.631095
0.000191 -45.903936 -5630.753924 -3916.715093 -0.512024 -0.524244 0.680441 0.857946 -0.273425 0.434935 -0.041962 0.806478 0.589773
-17.386430 -153.466693 -1672.420117 8642.150346 0.688048 -0.314649 0.653900 0.598488 -0.263527 -0.756548 -0.410368 -0.911893 -0.006995
-21.485487 -155.083534 -1303.243872 9216.541226 0.692243 -0.283275 0.663743 0.564049 -0.361342 -0.742483 -0.450165 -0.888362 0.090355
-21.425030 -136.420828 166.565090 6038.803467 0.723141 -0.254667 0.642037 0.604862 -0.215306 -0.766672 -0.333481 -0.942755 0.001658
20.787229 -70.325901 909.180282 -1408.134843 0.467615 0.591982 -0.656425 0.855348 -0.490367 0.167094 -0.222973 -0.639607 -0.735653
19.501543 -71.351323 272.242292 -2628.732281 0.442012 0.597583 -0.668970 0.890490 -0.382075 0.247075 -0.107949 -0.704921 -0.701023
18.379647 -60.736636 -813.693258 631.399038 0.432226 0.635341 -0.639939 0.901235 -0.280011 0.330711 0.030924 -0.719677 -0.693620
-8.000181 -343.257829 -2219.710184 -63682.165520 0.762477 -0.065236 0.643718 -0.384534 -0.845821 0.369758 -0.520349 0.529464 0.670004
-11.607421 -263.353874 -3300.434622 -47754.289045 0.772694 -0.049737 0.632828 -0.421324 -0.785855 0.452679 -0.474796 0.616408 0.628180
15.037338 -49.980259 -604.414754 -4050.454204 0.788844 0.554032 0.266035 -0.264564 0.696815 -0.666674 -0.554736 0.455518 0.696255
-20.423557 -587.925918 -6402.550270 65976.900193 0.665456 -0.200254 0.719074 0.000017 0.963345 0.268264 -0.746437 -0.178506 0.641067
7.652791 -2150.780355 16199.763334 -760331.732451 0.699738 -0.214185 0.681536 0.400594 0.907539 -0.126082 -0.591516 0.361244 0.720841
-9.845579 -640.533358 5316.010177 -6093.201888 0.666305 -0.295039 0.684828 0.403076 0.915164 0.002099 -0.627349 0.274640 0.728702
-23.459472 -495.641815 4350.982142 -32028.641468 0.658355 -0.230505 0.716545 -0.042196 0.939157 0.340886 -0.751524 -0.254659 0.608573
40.287842 -48.008229 -1129.359114 3679.110771 0.512135 0.364456 -0.777746 0.853423 -0.318063 0.412922 -0.096881 -0.875219 -0.473927
35.835585 -63.161425 5603.841626 4090.466653 0.445669 0.491197 -0.748401 0.888482 -0.344919 0.302706 -0.109450 -0.799847 -0.590140
40.630465 -59.789191 2318.050670 3080.004922 0.446006 0.421560 -0.789535 0.877404 -0.380135 0.292676 -0.176750 -0.823277 -0.539421
-22.119311 -64.580429 1251.665770 1466.678241 -0.470251 -0.413006 0.779930 0.069839 0.863554 0.499397 -0.879765 0.289312 -0.377243
-81.290983 -385.560054 -25602.247985 -161601.563583 0.557839 -0.685459 -0.467934 0.345370 0.704397 -0.620117 0.754676 0.184315 0.629677
-44.366346 -134.448783 -3780.813701 -44870.750365 0.621858 -0.408313 -0.668262 0.232683 0.911120 -0.340175 0.747764 0.056048 0.661594
-24.278297 -54.213095 9798.792928 5517.612438 0.264669 0.779905 -0.567185 0.476631 -0.617092 -0.626115 0.838316 0.104625 0.535052
-46.736301 -108.080592 4695.878716 4035.013849 0.483915 0.769993 -0.415856 0.790481 -0.180730 0.585215 0.375454 -0.611921 -0.696123
-54.384418 -98.056799 333.414927 5364.310348 0.546888 0.686688 -0.478929 0.754801 -0.156925 0.636906 0.362200 -0.709812 -0.604134
-56.526961 -92.998646 -224.961829 3855.813386 0.543448 0.635068 -0.548957 0.740624 -0.054906 0.669673 0.395147 -0.770503 -0.500185
14.470027 -96.159046 -10961.680844 17489.118614 0.933021 0.020703 0.359225 -0.013501 0.999655 -0.022546 -0.359568 0.016187 0.932979
-5.908956 -33.245483 430.604862 5645.970044 0.786279 0.081259 -0.612505 0.517749 -0.627650 0.581371 0.337197 0.774243 0.535580
-13.754312 -38.537055 -2726.388804 4752.957997 0.790600 0.084106 -0.606530 0.533084 -0.581904 0.614173 0.301286 0.808897 0.504889
-11.264322 -40.103028 3318.732690 4185.141969 -0.625023 -0.241608 0.742274 0.727622 -0.524678 0.441904 0.282687 0.816296 0.503736
0.120867 -38.502811 8562.387535 5775.474523 0.901240 -0.121104 -0.416052 0.268476 -0.597597 0.755512 0.340127 0.792598 0.506065
-9.490033 -35.236639 -1123.414597 4350.016725 -0.548392 -0.282212 0.787161 0.765593 -0.548074 0.336871 0.336354 0.787382 0.516619
0.081770 -26.745791 2919.856180 4166.737003 0.741851 0.109540 -0.661557 0.554007 -0.655958 0.512635 0.377799 0.746806 0.547310
18.554586 -30.841956 10011.109128 6536.191893 0.882137 -0.067425 -0.466142 0.310340 -0.661269 0.682944 0.354292 0.747112 0.562406
0.350593 -72.838528 944.137840 -369.757256 0.786517 0.518879 -0.334897 0.138163 0.380697 0.914320 -0.601915 0.765398 -0.227735
-2.549344 -72.114318 1026.860076 -857.250878 0.785254 0.517827 -0.339457 0.121864 0.408264 0.904693 -0.607062 0.751782 -0.257486
5.569584 -113.181966 -99.173188 -5134.187539 0.568476 0.636023 -0.521833 -0.568690 0.762145 0.309399 0.594497 0.120875 0.794961
2.373276 -117.247035 -3297.097855 -7371.267201 0.579043 0.650170 -0.491923 -0.578769 0.752762 0.313649 0.574226 0.103094 0.812180
