17653
35292
-36.615858 -56.163679 297.116902 6912.189114 0.425905 0.888411 -0.171260 0.795558 -0.457879 -0.396781 0.430921 -0.032744 0.901796
-41.396905 -67.430270 -1208.031433 6184.924691 0.267512 0.959761 -0.085418 0.904037 -0.280673 -0.322396 0.333397 -0.009024 0.942743
-40.457771 -65.799267 -926.709709 9176.036000 0.078010 0.994591 0.068581 0.916474 -0.044465 -0.397616 0.392415 -0.093871 0.914985
-41.482522 -64.158269 136.173537 7375.050342 0.443902 0.852114 -0.277225 0.806647 -0.514722 -0.290485 0.390220 0.094676 0.915841
-31.191392 -47.066775 -1767.239464 6291.822785 0.415736 0.901682 -0.118883 0.771539 -0.418863 -0.478833 0.481551 -0.107346 0.869819
-31.521784 -49.406300 1948.958550 -2880.257325 0.663417 0.651414 -0.368154 -0.569312 0.758722 0.316582 0.485552 -0.000431 0.874208
226.614189 -110.717715 20987.124827 -9906.429221 0.808065 -0.551376 -0.207399 0.423350 0.788351 -0.446405 0.409640 0.272922 0.870464
227.833233 -118.758196 38615.510596 -8838.361472 0.649295 -0.659804 -0.378253 0.380110 0.712308 -0.590029 0.658736 0.239325 0.713296
238.215174 -108.986832 68989.652997 -2179.840464 0.523391 -0.641261 -0.561111 0.443662 0.767294 -0.463059 0.727479 -0.006583 0.686098
227.911141 -98.758718 53643.112604 -2045.255631 0.743510 -0.570348 -0.349138 0.462078 0.815580 -0.348301 0.483402 0.097636 0.869936
207.842721 -100.596777 64183.324942 4137.324427 0.594037 -0.598125 -0.537929 0.488182 0.799530 -0.349899 0.639374 -0.054754 0.766944
146.548146 -107.553738 54517.658031 2914.737665 0.421101 -0.651217 -0.631340 0.548090 0.737304 -0.394943 0.722683 -0.179720 0.667405
105.258489 -105.801670 -31849.170847 4225.511352 -0.328893 0.701422 0.632326 0.556330 0.684965 -0.470447 0.763103 -0.197055 0.615502
4.030614 -41.037660 -33480.473000 940.633787 0.430033 0.516488 -0.740480 0.189676 0.750200 0.633422 0.882663 -0.412844 0.224645
33.836163 -48.421414 -53198.114909 58.679230 0.505245 0.584114 -0.635247 0.093652 0.694652 0.713223 0.857879 -0.419845 0.296266
65.406041 -66.050261 -52636.171553 607.782700 0.484674 0.491066 -0.723841 0.186818 0.750324 0.634124 0.854512 -0.442570 0.271922
0.379522 -44.355665 -25439.916398 1866.927549 0.353327 0.367702 -0.860206 0.344466 0.803774 0.485068 0.869772 -0.467700 0.157334
-29.195043 -51.107980 3069.292977 4583.445731 0.739099 0.673039 -0.027402 -0.605501 0.681656 0.410747 0.295127 -0.286991 0.911337
-29.246728 -51.459089 -3877.434998 -886.611670 -0.546770 -0.832376 -0.090519 0.806471 -0.494503 -0.324147 0.225050 -0.250235 0.941666
-35.943236 -59.044871 -1412.509959 -2929.534379 -0.680528 -0.723209 -0.117689 0.708291 -0.608165 -0.358411 0.187632 -0.327267 0.926116
-38.596840 -68.951705 729.991247 -5373.030070 0.824678 0.561667 0.066605 0.527942 -0.722160 -0.446948 0.202936 -0.403752 0.892077
-32.949491 -61.684256 1819.401062 -5190.620498 0.849899 0.523620 -0.059105 0.438823 -0.765398 -0.470744 0.291730 -0.374148 0.880288
-14.619136 -44.826369 2143.559794 -1924.369265 0.374431 -0.364883 -0.852445 -0.405726 0.762175 -0.504456 0.833779 0.534743 0.137340
-10.968657 -46.165349 -902.347564 -2153.970356 0.401936 -0.428646 -0.809141 -0.370317 0.732079 -0.571774 0.837444 0.529456 0.135514
-14.051344 -48.249535 431.197053 -237.843612 0.417706 -0.447008 -0.791016 -0.455105 0.650578 -0.607970 0.786385 0.613948 0.068315
-18.866429 -47.058654 4464.964722 210.174705 0.388193 -0.389125 -0.835397 -0.488853 0.681495 -0.544599 0.781236 0.619796 0.074327
-17.039230 -46.226362 2553.766381 1498.930751 0.445396 -0.476005 -0.758315 -0.526271 0.546016 -0.651847 0.724335 0.689410 -0.007314
-13.409475 -48.557469 -572.945991 1421.102920 0.451329 -0.501111 -0.738369 -0.514519 0.529913 -0.674138 0.729090 0.684164 -0.018666
-1.824170 -41.041734 -396.093738 -247.702390 0.648578 0.730256 -0.214645 -0.132136 -0.169696 -0.976598 0.749591 -0.661762 0.013568
-2.543577 -42.939935 -456.499598 1226.048295 0.647587 0.738346 -0.188352 -0.011695 -0.237525 -0.971311 0.761902 -0.631211 0.145183
-0.935372 -41.673903 -392.195260 220.016858 0.652667 0.726724 -0.214239 -0.132498 -0.168932 -0.976681 0.745970 -0.665834 0.013967
-1.292020 -43.243473 -410.771854 -1181.132174 0.646474 0.718065 -0.257787 -0.257686 -0.112523 -0.959654 0.718102 -0.686819 -0.112292
-0.749387 -42.987530 92.247709 -1265.982564 0.634845 0.728465 -0.257507 -0.265635 -0.107184 -0.958097 0.725541 -0.676646 -0.125460
1.751115 -45.767042 -995.160836 608.203816 0.424697 0.782788 -0.454835 -0.481468 0.620745 0.618760 -0.766695 0.043797 -0.640516
2.089488 -46.612882 -472.718579 -195.764510 0.422623 0.799315 -0.427184 -0.383184 0.584736 0.715020 -0.821316 0.138493 -0.553407
0.038129 -45.228888 -1218.751103 141.125642 0.408341 0.801203 -0.437415 -0.356800 0.581156 0.731404 -0.840209 0.142593 -0.523179
71.188883 -84.174132 9167.106420 8728.327187 0.010545 0.994314 0.105969 -0.611073 0.090292 -0.786408 0.791504 0.056463 -0.608550
83.715105 -69.514437 3127.247554 11553.029164 0.122762 0.988968 -0.082895 -0.708756 0.028897 -0.704861 0.694690 -0.145282 -0.704485
74.551548 -77.967918 3624.820121 7824.524982 0.145416 0.988295 -0.046119 -0.586072 0.048491 -0.808807 0.797103 -0.144643 -0.586264
-9.268497 -59.930969 1005.088726 3028.540140 0.219651 0.972853 -0.072870 -0.452654 0.167797 0.875756 -0.864209 0.159375 -0.477223
-6.625704 -57.989239 2120.416748 136.703878 0.292437 0.944624 -0.148882 -0.461544 0.275776 0.843164 -0.837531 0.177857 -0.516633
-4.337260 -70.129487 1629.511713 4516.573979 0.285398 0.948270 -0.139042 -0.547406 0.280368 0.788505 -0.786698 0.148925 -0.599105
-11.128435 -57.135524 1557.319001 -1204.383626 0.266849 0.949127 -0.167182 -0.339068 0.254843 0.905587 -0.902122 0.184969 -0.389823
-4.488770 -77.674996 164.366167 5160.722823 0.212760 0.974762 -0.067621 -0.551528 0.176932 0.815176 -0.806567 0.136142 -0.575252
-8.287244 -65.444135 -479.099817 6067.366033 0.149618 0.988743 -0.001314 -0.424831 0.065486 0.902901 -0.892823 0.134533 -0.429846
-13.806331 -57.679993 -221.262543 1607.942991 0.172078 0.983792 -0.050430 -0.326159 0.105206 0.939442 -0.929521 0.145209 -0.338976
19.796462 -45.902739 -7224.354562 -234.951997 0.402778 -0.329552 0.853912 0.292543 0.930349 0.221064 -0.867288 0.160766 0.471133
17.206085 -53.418008 -8857.238684 -5295.389568 0.303052 -0.511504 0.804067 0.459088 0.817745 0.347176 -0.835104 0.263925 0.482645
29.092774 -38.338996 4635.449526 -2645.072829 0.445244 -0.396072 0.803047 0.320349 0.907949 0.270196 -0.836143 0.136952 0.531140
3.451820 -60.716335 -20965.274405 -4626.821699 0.256921 -0.487811 0.834285 0.446108 0.825651 0.345382 -0.857309 0.283446 0.429743
25.720090 -36.969004 3102.772585 1623.553424 0.508486 -0.206062 0.836050 0.165474 0.976231 0.139970 -0.845021 0.067172 0.530498
22.384460 -45.592844 -4394.054771 6524.350620 0.473149 -0.126541 0.871847 0.125745 0.989198 0.075332 -0.871963 0.073987 0.483950
10.320971 -53.841832 -18086.383070 3565.203947 0.365641 -0.263113 0.892792 0.262128 0.949496 0.172470 -0.893082 0.170964 0.416144
0.797761 -120.996412 -2873.545061 -552.518564 -0.140230 0.987460 0.072510 0.783657 0.065931 0.617684 -0.605158 -0.143441 0.783076
-4.924191 -122.845725 -3975.671569 -1905.031100 -0.153466 0.985271 0.075431 0.891172 0.105020 0.441343 -0.426921 -0.134953 0.894162
-2.485097 -121.453693 -2791.670900 -2571.696903 -0.183118 0.982408 0.036645 0.762610 0.118428 0.635925 -0.620398 -0.144396 0.770880
-4.136208 -121.520599 -275.948605 -3049.249663 -0.215554 0.976170 -0.025077 0.752194 0.182363 0.633204 -0.622688 -0.117627 0.773578
5.126978 -117.440417 -487.507182 -3642.947700 -0.213096 0.976772 -0.022495 0.590433 0.147086 0.793571 -0.778447 -0.155825 0.608062
16.085590 -68.888894 -4294.480642 -6814.084360 -0.262355 0.685536 -0.679125 0.753998 0.584840 0.299081 -0.602210 0.433594 0.670328
12.932082 -65.077077 -2205.037224 -6857.949972 -0.314368 0.673148 -0.669361 0.730528 0.621825 0.282248 -0.606220 0.400257 0.687235
18.570680 -49.369939 3541.440823 -4911.555065 0.353938 -0.604078 0.714015 0.608032 0.728703 0.315102 -0.710651 0.322617 0.625215
-2.982868 -130.375752 -2063.864396 -8785.909570 -0.314035 0.942303 -0.115964 0.837761 0.332498 0.433130 -0.446697 -0.038867 0.893840
8.885322 -131.834455 -5203.972118 -14179.606792 -0.334008 0.934744 -0.121214 0.807962 0.350160 0.473904 -0.485423 -0.060351 0.872194
1.983846 -148.896902 -1023.606090 -13139.912093 -0.284262 0.951065 -0.121122 0.917120 0.306563 0.254776 -0.279440 0.038660 0.959385
2.384976 -114.348945 -6692.026513 -7817.517967 -0.346266 0.933019 -0.097851 0.713557 0.329652 0.618196 -0.609046 -0.144237 0.779910
-1.544906 -139.319913 -525.272699 -7894.352139 -0.243385 0.964222 -0.105071 0.940628 0.261069 0.216938 -0.236607 0.046034 0.970514
-6.783712 -128.392283 -660.367198 -3730.703853 -0.256448 0.961445 -0.099288 0.874146 0.274535 0.400624 -0.412436 -0.015947 0.910847
-9.469038 -119.304920 -1912.729837 -2637.003800 -0.305746 0.947322 -0.095398 0.750161 0.301385 0.588579 -0.586325 -0.108392 0.802791
-3.474509 -197.408629 -598.561445 17821.965797 -0.091595 0.916511 -0.389381 -0.913730 0.078091 0.398748 -0.395864 -0.392312 -0.830291
-1.770654 -180.430800 -1398.116854 16803.998713 -0.103004 0.907636 -0.406925 -0.825733 0.150066 0.543733 -0.554577 -0.392018 -0.734007
-2.892822 -172.105431 -548.641312 14796.800444 -0.100239 0.917145 -0.385741 -0.793045 0.160480 0.587644 -0.600858 -0.364815 -0.711252
-4.405101 -12.951250 81.915426 -1662.313122 0.151692 -0.403470 -0.902331 -0.693693 0.606854 -0.387967 0.704116 0.684792 -0.187829
-4.403087 -11.046835 442.700230 -1508.710159 0.276410 -0.500079 -0.820682 -0.636346 0.544695 -0.546233 0.720181 0.673222 -0.167664
-3.441461 -10.255172 364.072913 -740.880376 0.251888 -0.487756 -0.835851 -0.652754 0.552016 -0.518836 0.714468 0.676294 -0.179339
-3.831525 -11.586320 790.749646 -473.342363 0.160961 -0.440561 -0.883175 -0.701641 0.578248 -0.416328 0.694112 0.686684 -0.216041
-2.052360 -10.555332 328.753169 178.879658 0.233959 -0.488392 -0.840676 -0.676604 0.539152 -0.501519 0.698190 0.686140 -0.204308
-2.917129 -8.683724 -7.663782 -252.305182 0.233959 -0.466509 -0.853014 -0.652287 0.575286 -0.493526 0.720961 0.671875 -0.169705
58.783601 -135.221011 27446.202856 -8414.491893 -0.110393 0.991024 0.075392 -0.565605 -0.125017 0.815145 -0.817254 -0.047344 -0.574329
57.466435 -145.813003 19815.091554 5872.594861 -0.134164 0.990650 0.024771 -0.355851 -0.071493 0.931804 -0.924862 -0.116199 -0.362116
203.482070 -130.642995 107653.652903 -11173.916577 -0.041777 0.996813 -0.067965 -0.610604 0.028370 0.791428 -0.790834 -0.074563 -0.607472
81.124589 -117.814108 40982.066122 -27183.253646 -0.092318 0.992007 0.086020 -0.771710 -0.125873 0.623394 -0.629239 0.008832 -0.777162
1303.345337 -168.457802 877562.797385 13976.697839 0.125774 0.985382 -0.114908 -0.786242 0.169645 0.594175 -0.604983 -0.015614 -0.796086
15.835392 -4426.676380 -97410.364427 2262775.329940 0.259341 0.927553 -0.269049 0.573451 0.076264 0.815683 -0.777108 0.365826 0.512128
-117.066640 -1257.541019 10367.667099 539446.468511 0.373036 0.916838 -0.142309 0.569460 -0.105154 0.815266 -0.732502 0.385163 0.561329
-139.790222 -1400.604581 -8853.311703 578626.955350 0.438081 0.865942 -0.241308 0.186436 0.175078 0.966741 -0.879390 0.468499 0.084745
-73.637177 -1293.190875 -13786.354255 523527.286125 0.407660 0.902300 -0.140244 0.122313 0.098244 0.987617 -0.904905 0.419766 0.070313
1.272545 -140.111643 -207.419187 -8609.654992 -0.051076 0.981133 0.186464 0.651886 0.174200 -0.738037 0.756595 -0.083858 0.648485
-1.680056 -133.745687 1325.708528 -12795.549136 -0.058189 0.981167 0.184188 0.644630 0.177809 -0.743530 0.762277 -0.075468 0.642836
-2.725648 -160.587743 732.593373 -32503.417327 -0.108403 0.955654 0.273813 0.490551 0.290989 -0.821392 0.864644 -0.045277 0.500341
-10.448080 -281.586169 -1390.564197 -69357.416650 -0.114729 0.972917 0.200676 0.301991 0.226607 -0.925986 0.946382 0.045635 0.319810
-10.766330 -254.737862 -1466.552535 -58743.389533 -0.130812 0.959654 0.248902 0.234061 0.273856 -0.932855 0.963381 0.063771 0.260441
-0.094056 -175.477549 1254.872415 -32705.203900 -0.130905 0.945639 0.297709 0.349079 0.325028 -0.878920 0.927905 0.011131 0.372650
7.578539 -146.711926 3510.149203 -20121.814244 -0.103098 0.966694 0.234250 0.520444 0.253122 -0.815516 0.847649 -0.037836 0.529207
-135.951698 -18129.181765 -93095.418061 48518113.038531 0.362926 0.891216 0.272066 0.314123 0.157869 -0.936165 0.877275 -0.425220 0.222656
-12.948241 -2510.612935 -472.014522 302823.319044 -0.208273 -0.912286 -0.352641 0.977557 -0.182482 -0.105272 0.031688 -0.366653 0.929818
-708.147517 -16347.282723 -141984.733135 6467731.292136 -0.051381 -0.932199 -0.358280 0.960625 -0.144223 0.237485 -0.273056 -0.331971 0.902904
-441.789084 -3845.395784 139798.605539 4834344.827255 0.216780 0.930354 0.295715 0.403055 0.190597 -0.895109 0.889131 -0.313230 0.333666
-643.611752 -16145.254883 109261.823973 12156613.008929 0.146658 0.981603 0.122262 -0.965974 0.168737 -0.196016 0.213040 0.089354 -0.972949
10.928369 -46.708848 4544.115374 -629.759715 -0.534473 0.821663 0.198013 -0.139844 0.145081 -0.979487 0.833536 0.551200 -0.037363
15.006556 -46.609259 5814.721555 -1809.454109 -0.552735 0.809637 0.197412 -0.048044 0.205534 -0.977470 0.831971 0.549767 0.074708
6.844794 -48.937526 5206.265650 966.952306 -0.566886 0.815656 0.115522 -0.102599 0.069235 -0.992310 0.817382 0.574379 -0.044438
15.112016 -43.840561 2939.691902 -1313.566464 -0.496528 0.819706 0.285554 -0.104604 0.270069 -0.957142 0.861695 0.505118 0.048352
5.892302 -48.581283 3225.192934 920.867243 -0.544562 0.827256 0.138203 -0.202161 0.030456 -0.978879 0.813992 0.560999 -0.150654
7.644434 -47.728568 1961.096772 -982.454894 -0.513937 0.836980 0.187972 -0.220489 0.082876 -0.971862 0.829007 0.540922 -0.141952
11.460271 -44.292177 548.564200 -1296.407188 -0.484088 0.834075 0.264534 -0.176200 0.203207 -0.963151 0.857095 0.512861 -0.048594
43.983630 -49.669435 3009.326143 -2459.851623 -0.273975 0.073754 -0.958905 0.544893 0.833490 -0.091577 0.792483 -0.547590 -0.268543
35.284597 -52.300767 1482.577168 -2032.777249 -0.258745 0.053700 -0.964452 0.424333 0.903273 -0.063547 0.867751 -0.425692 -0.256504
43.242465 -50.573930 13798.250449 -732.320246 -0.481571 0.243802 -0.841813 0.459664 0.888074 -0.005757 0.746189 -0.389724 -0.539738
48.028908 -51.397076 -10808.774680 -1789.374076 -0.019822 -0.117051 -0.992928 0.464085 0.878575 -0.112835 0.885569 -0.463040 0.036907
63.395079 -45.399180 -12410.616804 -1983.792432 -0.031545 -0.149129 -0.988314 0.569707 0.809771 -0.140372 0.821242 -0.567478 0.059415
-18.594406 -36.554084 -166.622515 -1559.601937 0.453070 0.712117 -0.536300 0.482214 -0.701747 -0.524425 0.749799 0.021010 0.661332
-16.713856 -34.219833 817.972930 415.788711 0.310356 0.841147 -0.442889 0.629685 -0.530931 -0.567106 0.712163 0.102876 0.694435
-18.760697 -40.990477 -7.905668 32.761904 0.457372 0.760498 -0.460926 0.540073 -0.649327 -0.535439 0.706492 0.004039 0.707709
-18.020419 -31.223917 857.639025 -1094.311646 0.302488 0.816540 -0.491694 0.575821 -0.567633 -0.588407 0.759560 0.105142 0.641883
-18.630590 -41.656733 -501.491208 1425.493791 0.519322 0.648286 -0.556803 -0.367397 0.757637 0.539450 0.771572 -0.075580 0.631636
-18.899317 -35.915083 -253.967939 2138.597382 0.436379 0.676005 -0.593794 -0.423297 0.736593 0.527494 0.793973 0.021164 0.607584
6.172474 -170.558781 -1389.624193 -38001.155439 0.346306 0.918617 0.190302 -0.503604 0.353187 -0.788443 0.791489 -0.177206 -0.584930
3.365714 -156.196059 -738.862275 -15498.165786 0.353285 0.912613 0.205738 -0.512455 0.372774 -0.773582 0.782674 -0.167863 -0.599369
7.324599 -136.264874 -1414.178866 -30514.648894 0.361257 0.912797 0.190513 -0.322063 0.313880 -0.893171 0.875082 -0.261307 -0.407369
10.331794 -137.764313 -2053.986040 -42116.402680 0.347738 0.919707 0.182258 -0.335478 0.303570 -0.891796 0.875519 -0.248968 -0.414104
7.861805 -125.114340 -1172.542376 -16734.031508 0.353035 0.922451 0.156367 -0.171813 0.228204 -0.958333 0.919699 -0.311459 -0.239053
10.543537 -105.670415 -1632.741698 -9159.627055 0.335576 0.929904 0.150555 -0.227560 0.235112 -0.944954 0.914114 -0.282843 -0.290507
-598.756444 -5779.229259 303829.681851 -5925319.853896 0.528159 0.051140 -0.847604 0.815095 -0.310364 0.489177 -0.238050 -0.949241 -0.205605
-107.167071 -5195.248255 107661.117736 -3082643.786507 0.350805 0.024184 -0.936136 0.909471 -0.247018 0.334431 -0.223155 -0.968709 -0.108650
-224.862895 -2803.480864 72609.552783 -1923257.672080 0.511115 0.189741 -0.838307 0.816216 0.198505 0.542575 0.269357 -0.961558 -0.053411
-2374.721163 -14935.382131 2592499.835714 12518965.272645 0.887042 0.195283 -0.418356 -0.397975 -0.135917 -0.907272 0.234036 -0.971283 0.042847
-625.730934 -6929.442551 84223.444069 6151787.045227 0.351966 -0.017799 -0.935843 0.716489 0.648480 0.257134 0.602299 -0.761024 0.240996
-150.102178 -2151.228749 62817.933016 -876221.851974 0.397940 0.258884 -0.880127 0.605677 0.646426 0.463993 0.689057 -0.717713 0.100439
-26.171795 -451.983511 11167.438265 -118270.492846 0.137854 0.955909 0.259294 0.976867 -0.088009 -0.194900 -0.163486 0.280163 -0.945928
-77.670841 -384.532199 18778.645968 -95111.578953 0.197465 0.958961 0.203472 0.957155 -0.143757 -0.251371 -0.211804 0.244391 -0.946262
-32.078073 -352.549246 11076.701139 101210.725433 0.207200 0.945881 0.249754 -0.830146 0.034920 0.556451 -0.517615 0.322629 -0.792455
2.567871 -533.841400 7213.645840 214144.138072 0.120694 0.944175 0.306540 -0.892173 -0.032229 0.450543 -0.435271 0.327865 -0.838477
-47.537714 -180.580007 15386.280254 41193.109023 0.266571 0.943478 0.196951 -0.642211 0.021501 0.766226 -0.718683 0.330738 -0.611643
-7.035894 -153.073958 4902.364663 50923.447607 0.209992 0.943592 0.256002 -0.670734 -0.051473 0.739910 -0.711351 0.327084 -0.622090
0.929216 -195.045115 5888.630244 76900.457062 0.186731 0.939961 0.285664 -0.742717 -0.055258 0.667321 -0.643042 0.336777 -0.687807
80.470122 -122.882521 1026.668952 21195.093188 0.240148 0.776434 -0.582648 0.663795 -0.569299 -0.485052 0.708312 0.270274 0.652109
74.309986 -99.048845 -8503.795959 12194.474304 0.359572 0.874392 -0.325801 0.642687 -0.485205 -0.592899 0.676507 -0.003801 0.736427
94.054785 -137.344659 -6418.066412 22155.329968 0.342411 0.848495 -0.403498 0.764460 -0.501272 -0.405372 0.546219 0.169655 0.820282
-38.353698 -59.435890 537.947972 2707.441718 -0.361165 0.179537 0.915055 0.578238 0.812969 0.068718 -0.731574 0.553939 -0.397431
-37.735833 -57.859490 525.814960 201.441254 -0.389706 0.126704 0.912182 0.631373 0.757837 0.164473 -0.670446 0.640023 -0.375331
-42.803009 -57.935920 2662.369012 1515.292706 -0.459292 0.133016 0.878270 0.547304 0.821136 0.161850 -0.699650 0.555016 -0.449941
-42.786595 -58.034542 3243.544267 1031.591893 -0.361441 0.289235 0.886399 0.529892 0.845942 -0.059963 -0.767186 0.448023 -0.459021
47.524323 -103.519100 -2379.568632 -16637.381844 -0.158974 0.855594 0.492632 -0.872057 -0.355625 0.336226 -0.462865 0.376152 -0.802662
25.227055 -115.918999 -3377.773630 -12073.958836 -0.198432 0.860490 0.469236 -0.731280 -0.448747 0.513669 -0.652575 0.241214 -0.718305
38.194251 -107.496249 -2220.847165 -16781.088835 -0.105054 0.924333 0.366841 -0.870680 -0.263725 0.415170 -0.480500 0.275786 -0.832503
28.335884 -101.014635 1425.244768 -10158.587362 -0.067387 0.948465 0.309635 -0.772729 -0.245931 0.585157 -0.631149 0.199831 -0.749478
45.901280 -95.173550 801.659604 -15861.666438 -0.017375 0.969703 0.243667 -0.901505 -0.120593 0.415628 -0.432420 0.212446 -0.876287
-0.050114 -18.753290 -5551.311603 -2364.743008 0.343260 0.477954 0.808537 -0.341446 0.865444 -0.366635 -0.874978 -0.150221 0.460268
3.808373 -9.808357 -8418.360416 -3300.317042 0.345040 0.433947 0.832248 -0.352139 0.881782 -0.313782 -0.870026 -0.184800 0.457060
-5.839466 -16.253375 -4122.867771 -404.933631 0.162524 0.790217 0.590883 0.487707 -0.584913 0.648088 -0.857746 -0.182849 0.480457
12.230299 -15.132491 -8018.747669 -5069.174474 0.408452 0.277449 0.869591 -0.278272 0.945183 -0.170861 -0.869328 -0.172194 0.463269
3.231605 -18.687956 5365.172347 88.355850 0.207938 0.801480 0.560706 0.467681 -0.584931 0.662669 -0.859091 -0.124437 0.496466
8.844513 -24.278475 5156.258829 1652.934421 0.292683 0.682267 0.669961 -0.383965 0.725532 -0.571117 -0.875733 -0.090085 0.474317
9.060063 -21.172334 -5390.009204 -3851.428403 0.405718 0.334692 0.850514 -0.264659 0.933697 -0.241177 -0.874842 -0.127246 0.467397
45.300456 -119.053145 9477.237575 -17969.170511 0.186907 0.188902 0.964045 0.411902 0.875840 -0.251477 -0.891854 0.444095 0.085891
40.789248 -128.663458 9141.101822 -6518.065318 0.103508 0.186431 0.977000 0.638216 0.740944 -0.209002 -0.762867 0.645171 -0.042289
29.334669 -127.385980 5514.386140 -4612.451062 0.187598 0.198202 0.962041 0.628169 0.728749 -0.272631 -0.755123 0.655469 0.012207
13.578628 -19.613681 3181.564186 -856.001732 -0.322856 0.865013 0.384080 -0.083621 -0.430295 0.898807 -0.942747 -0.258068 -0.211256
15.541547 -22.915136 2873.726438 -1566.699512 -0.327327 0.861003 0.389270 -0.033020 -0.422136 0.905931 -0.944334 -0.283682 -0.166608
18.169470 -19.207018 2703.091346 -1162.618685 -0.352551 0.840446 0.411531 -0.071593 -0.462702 0.883618 -0.933050 -0.282058 -0.223296
17.451389 -16.742299 2792.840449 -291.438394 -0.346394 0.861672 0.370855 -0.133854 -0.436685 0.889601 -0.928490 -0.258512 -0.266603
12.137928 -18.500921 3187.720375 -58.856803 -0.315430 0.885125 0.342137 -0.147651 -0.401930 0.903688 -0.937392 -0.234533 -0.257470
-9.889073 -97.208399 2341.227119 -1057.943594 -0.597073 0.801129 0.041181 0.771611 0.587596 -0.243614 0.219364 0.113679 0.968998
-8.814823 -91.886909 2219.083780 -4644.505061 -0.631699 0.773435 0.052479 0.773401 0.633403 -0.025535 0.052990 -0.024457 0.998295
-13.084217 -101.197579 1220.919871 -3968.879371 -0.594043 0.797222 0.107467 0.792504 0.602910 -0.091857 0.138023 -0.030601 0.989956
-7.571464 -91.179990 -944.569547 3560.783044 -0.367859 0.923463 0.109067 0.524981 0.303059 -0.795330 0.767512 0.235311 0.596284
-10.127816 -94.765756 -287.733695 5497.221940 -0.413076 0.906712 0.085101 0.643541 0.356741 -0.677194 0.644378 0.224967 0.730867
-7.611727 -99.325540 -990.082161 5613.081948 -0.382385 0.914720 0.130645 0.640289 0.364252 -0.676277 0.666192 0.174948 0.724970
-15.318258 -57.660049 -3989.035481 4814.852986 -0.581864 -0.498944 0.642253 -0.507598 0.839804 0.192544 -0.635436 -0.213971 -0.741915
-8.363295 -55.134734 -1612.364402 2870.903189 -0.620072 -0.442465 0.647870 -0.495980 0.860915 0.113265 -0.607877 -0.251098 -0.753283
-15.603214 -61.486966 -4244.035674 3541.182642 -0.617269 -0.442453 0.650549 -0.525654 0.847169 0.077414 -0.585377 -0.294179 -0.755508
180.145124 -43.048706 126002.980539 11686.822316 -0.494287 0.830897 0.255518 -0.471810 -0.503298 0.723938 -0.730120 -0.237278 -0.640799
293.046595 -31.682725 223240.671351 10640.379743 -0.425326 0.890313 0.162604 -0.478232 -0.373623 0.794796 -0.768370 -0.260285 -0.584688
1476.697545 -164.495984 1801845.179773 2572.517951 -0.656696 0.709914 0.254505 -0.358099 -0.590528 0.723216 -0.663714 -0.383795 -0.642017
284.239841 -75.502560 150925.467859 -13346.298405 -0.682066 0.648957 0.337106 0.368379 0.703115 -0.608215 -0.631730 -0.290661 -0.718633
15.012254 -84.030401 1378.795826 -483.099597 -0.626949 0.775344 0.076009 0.428073 0.261332 0.865135 -0.650914 -0.574933 0.495745
23.232048 -91.114320 2519.256847 1711.833251 -0.652728 0.752109 0.090981 0.292089 0.139031 0.946232 -0.699021 -0.644206 0.310432
16.454706 -87.732450 2505.892659 1151.915441 -0.600323 0.793077 0.103160 0.306335 0.108872 0.945678 -0.738764 -0.599313 0.308305
-1.078176 -55.866081 -321.075411 29.985701 -0.451250 0.892315 -0.012137 0.059688 0.016610 -0.998079 0.890399 0.451107 0.060756
-1.857941 -52.919559 -548.433726 62.443795 -0.456953 0.888958 -0.030791 0.076378 0.004726 -0.997068 0.886205 0.457965 0.070057
-1.553690 -57.142050 -767.166241 377.661269 -0.452408 0.890804 0.042379 0.184538 0.140000 -0.972803 0.872510 0.432283 0.227724
-0.952894 -59.907460 -72.581120 563.649883 -0.454406 0.890370 0.027507 0.178983 0.121508 -0.976320 0.872628 0.438722 0.214575
-0.124443 -60.835453 -209.683128 505.135657 -0.466839 0.881877 0.065984 0.309024 0.232587 -0.922176 0.828593 0.410117 0.381102
-1.549940 -57.894781 -945.143240 577.094581 -0.465266 0.880103 0.094583 0.308589 0.261422 -0.914566 0.829639 0.396330 0.393221
-3.642632 -39.781969 355.151183 674.735625 -0.331991 0.933010 0.138833 -0.329850 -0.252716 0.909579 -0.883731 -0.256178 -0.391653
-9.560625 -42.587582 -742.360384 41.914050 -0.347206 0.936433 0.050413 -0.495505 -0.228831 0.837921 -0.796193 -0.265951 -0.543458
-6.731860 -41.452138 290.981209 -761.696313 -0.308119 0.951127 0.020507 -0.420213 -0.155404 0.894020 -0.853513 -0.266847 -0.447558
-7.138823 -109.019162 1018.169161 -6028.129158 0.589541 0.801625 0.099195 -0.763057 0.592992 -0.257108 0.264925 -0.075884 -0.961278
-5.140971 -108.716571 2052.201834 -6027.801869 0.595988 0.792419 0.129889 -0.735063 0.603498 -0.308987 0.323235 -0.088676 -0.942155
-6.271039 -109.202546 2102.768338 1234.045245 0.597063 0.794154 0.113297 -0.702301 0.585727 -0.404595 0.387672 -0.162000 -0.907451
-8.791704 -106.528923 641.560743 -2092.625981 0.600053 0.794791 0.090792 -0.725515 0.588506 -0.356776 0.336994 -0.148214 -0.929768
-8.292331 -111.882652 1217.766802 5941.486344 0.618441 0.777828 0.111871 -0.647515 0.585059 -0.488294 0.445259 -0.229543 -0.865479
-6.375227 -121.574673 3024.326190 8705.681830 0.619745 0.771999 0.141187 -0.609761 0.586918 -0.532653 0.494073 -0.244019 -0.834474
-2.518379 -96.511953 854.503388 -15181.918668 0.614949 0.768076 0.178597 0.787508 -0.586432 -0.189548 -0.040852 0.257209 -0.965492
6.011957 -94.940711 5381.520934 -20085.145071 0.631266 0.746019 0.212037 0.775188 -0.615458 -0.142459 0.024223 0.254298 -0.966822
-3.321966 -112.084798 24.525411 9126.293401 0.657568 0.735673 0.162450 -0.742512 0.669342 -0.025633 0.127592 0.103765 -0.986384
-5.781964 -111.067857 -2197.292911 -7226.919011 0.635717 0.759666 0.137008 0.769099 -0.638501 -0.028335 0.065954 0.123386 -0.990165
-3.491055 -100.522220 1934.103428 -7419.597428 0.583061 0.785660 0.206831 0.804452 -0.522726 -0.282161 -0.113566 0.330903 -0.936806
95.138006 -16.523620 47171.497831 3480.932392 0.066503 0.997711 0.012279 -0.564970 0.027509 0.824653 -0.822427 0.061779 -0.565506
83.442260 -20.813222 36702.207907 4636.525814 -0.057346 0.997553 0.040001 -0.575277 -0.065764 0.815310 -0.815946 -0.023743 -0.577641
44.988694 -21.804785 19086.818129 3644.022949 0.180734 0.977220 -0.111249 -0.567933 0.196042 0.799387 -0.802986 0.081294 -0.590427
179.945888 -19.366838 105917.095988 5650.868247 -0.169805 0.979333 0.109875 -0.533521 -0.185098 0.825285 -0.828566 -0.081517 -0.553925
36.091562 -20.635814 21122.419884 2537.062605 0.266463 0.953401 -0.141510 -0.539597 0.269213 0.797721 -0.798644 0.136205 -0.586188
87.055380 -13.620204 49526.240433 2043.130326 0.156232 0.987708 0.004916 -0.557297 0.084040 0.826049 -0.815482 0.131795 -0.563577
230.310236 -12.929798 135568.591214 3641.816176 -0.043294 0.994360 0.096818 -0.543291 -0.104759 0.832983 -0.838427 0.016537 -0.544762
17.640722 -95.841441 1798.613650 1374.042193 0.761894 0.546753 0.347243 -0.089976 -0.441574 0.892702 -0.641421 0.711388 0.287238
26.436810 -85.840757 -1476.274156 -6754.247217 0.744117 0.536518 0.398043 -0.034620 0.625998 -0.779056 -0.667152 0.565928 0.484390
19.062061 -96.224400 -6992.218767 3048.039557 0.702793 0.566576 0.430202 -0.127600 -0.494527 0.859745 -0.699858 0.659116 0.275255
177.745338 -297.599204 37930.426687 163096.434916 -0.063877 -0.239641 -0.968758 0.977588 0.180104 -0.109011 0.200601 -0.954010 0.222766
83.249398 -213.370342 -12411.450874 159470.584793 -0.091809 -0.269162 -0.958709 0.886702 0.416018 -0.201713 0.453134 -0.868608 0.200472
146.298393 -501.229396 -88289.815289 328251.923164 0.335187 0.020740 -0.941923 0.859881 0.401847 0.314840 0.385039 -0.915472 0.116860
182.540007 -1056.692768 147702.313205 551521.528939 0.322517 0.249505 -0.913088 0.939548 0.032849 0.340839 0.115036 -0.967816 -0.223828
-35.776947 -298.057762 -44387.417312 81526.573756 0.690486 0.277923 -0.667823 -0.539466 -0.417186 -0.731390 0.481877 -0.865283 0.138131
34.160225 -537.637677 -77346.591292 150088.142301 0.683253 0.409987 -0.604216 -0.526636 -0.296495 -0.796709 0.505787 -0.862555 -0.013333
55.772204 -391.884785 -9729.905945 137006.714398 0.436733 0.892755 -0.110694 0.862604 -0.450515 -0.230111 0.255302 -0.005012 0.966848
49.698424 -467.972281 -18442.882197 208935.260984 0.485967 0.871507 -0.065654 0.781062 -0.466782 -0.414797 0.392144 -0.150298 0.907542
18.300467 -501.786319 -8212.135292 205332.848464 0.497180 0.867602 -0.008911 0.866962 -0.497169 -0.034650 0.034493 -0.009501 0.999360
43.857010 -380.591482 10706.782146 53219.611983 -0.441452 -0.894254 0.073690 0.889887 -0.425809 0.163670 -0.114985 0.137828 0.983759
-388.851162 -5571.060922 192448.181399 -5562252.559579 0.250321 0.962550 -0.104100 -0.957331 0.230047 -0.174916 0.144417 -0.143444 -0.979065
-685.062353 -2158.888213 324263.832489 -500661.012814 0.266071 0.963934 -0.006185 -0.750315 0.211126 0.626461 -0.605173 0.162042 -0.779428
-1317.750681 -5617.181178 491844.659899 2295375.042814 0.255345 0.961105 0.105239 0.964875 -0.260264 0.035774 0.061773 0.092407 -0.993803
20.663944 -22.812791 1269.681815 -12161.116044 -0.251998 0.774333 0.580436 -0.376193 0.474233 -0.795978 0.891614 0.418941 -0.171793
17.781396 -34.930414 1100.545807 -5095.170968 -0.221579 0.775174 0.591615 -0.452306 0.455784 -0.766603 0.863899 0.437454 -0.249623
25.716793 -12.250106 -3306.724900 -14594.525391 0.109806 -0.634418 -0.765151 -0.391335 0.680037 -0.620006 0.913674 0.367511 -0.173598
-0.998682 -29.496445 7980.990128 3979.007586 0.100463 0.990627 -0.092546 -0.691113 0.136395 0.709760 -0.715731 0.007345 -0.698338
7.676136 -31.390980 6000.563155 2920.519127 0.003030 0.999419 -0.033938 -0.694486 0.026522 0.719018 -0.719500 -0.021391 -0.694163
-0.667887 -36.226919 4634.439080 4493.849142 -0.116507 0.991006 0.065821 -0.723658 -0.130094 0.677787 -0.680254 -0.031335 -0.732306
-11.320371 -30.462052 6280.147379 3890.565603 0.138424 0.981265 -0.134004 -0.712898 0.192649 0.674287 -0.687470 -0.002194 -0.726209
-8.009458 -30.312470 2048.072464 3975.803595 0.382858 0.840796 -0.382729 -0.592010 0.541348 0.597048 -0.709185 0.002005 -0.705019
-4.373144 -162.384751 -680.939505 23322.201494 0.564394 0.824283 0.044909 -0.005211 0.057958 -0.998305 0.825489 -0.563204 -0.037006
-11.974810 -175.258884 3231.226377 8633.410054 0.526026 0.848527 0.057427 0.196497 -0.055561 -0.978929 0.827457 -0.526227 0.195960
-10.370761 -182.657055 -1769.048964 14361.525971 0.572718 0.811876 0.113365 0.194963 -0.000578 -0.980810 0.796231 -0.583829 0.158617
-1.751609 -161.021697 -514.795017 33879.689170 0.569587 0.816402 0.095175 -0.085331 0.173904 -0.981059 0.817490 -0.550677 -0.168718
-15.233552 -38.180375 164.111200 490.046969 -0.668385 0.742445 0.045141 -0.503675 -0.407105 -0.761956 0.547333 0.532016 -0.646054
-16.681786 -37.396227 671.855282 -307.693703 -0.669993 0.741707 0.031311 -0.431275 -0.354553 -0.829634 0.604244 0.569353 -0.557428
-15.994783 -36.907586 407.571516 750.721365 -0.588932 0.803369 0.088075 -0.579454 -0.343772 -0.738954 0.563375 0.486229 -0.667974
-15.590572 -37.471069 -235.191732 913.149998 0.713543 -0.700294 -0.021089 0.380928 0.362522 0.850571 0.588005 0.614953 -0.525437
-13.400735 -35.035469 -54.350289 1128.675766 -0.574843 0.810963 0.109067 -0.651228 -0.372712 -0.661051 0.495437 0.451028 -0.742372
-15.119771 -39.083868 208.314068 14.143990 0.715023 -0.698210 -0.035282 0.448823 0.419767 0.788894 0.536003 0.579913 -0.613516
-13.919437 -36.894264 316.121487 -1144.337004 0.663951 -0.745085 -0.063376 0.570286 0.449717 0.687407 0.483675 0.492547 -0.723502
4.163950 -324.465991 -596.729148 -111236.150664 -0.446875 0.889190 0.098207 0.800267 0.446405 -0.400369 0.399844 0.100323 0.911076
7.172720 -278.320122 -1596.642967 -193709.976986 -0.436898 0.890668 0.125824 0.891843 0.447140 -0.068425 0.117205 -0.082320 0.989690
63.524471 -1213.451254 -11720.986313 -854005.688628 -0.339350 0.934079 0.111079 0.903591 0.356520 -0.237523 0.261467 -0.019767 0.965010
8.421509 -440.424386 -2471.148913 -155907.912270 -0.408477 0.906691 0.105156 0.721844 0.391395 -0.570747 0.558648 0.157231 0.814365
14.521896 -556.387068 -2003.989405 -182234.053377 -0.430244 0.900094 0.068699 0.676309 0.371810 -0.635896 0.597910 0.227129 0.768711
7.998169 -375.969581 -1154.444013 -156191.774314 -0.477301 0.871978 0.108806 0.857879 0.489204 -0.157235 0.190333 -0.018294 0.981549
4.545103 -657.554696 1327.096200 230700.454497 0.825683 0.210202 0.523510 0.564111 -0.316177 -0.762765 -0.005187 -0.925120 0.379639
13.258161 -953.379471 6446.101683 399440.623739 0.898655 0.199923 0.390448 0.426497 -0.190103 -0.884286 0.102564 -0.961193 0.256103
-15.961871 -321.799039 12034.517468 133906.517176 0.890828 0.192579 0.411509 0.403750 0.079813 -0.911381 0.208357 -0.978030 0.006654
54.573258 -1028.255573 16717.146728 402165.371220 0.881493 0.220413 0.417599 0.458760 -0.609235 -0.646817 -0.111849 -0.761742 0.638153
-3.481906 -300.391953 -7325.574142 113654.418714 0.874569 0.067473 0.480183 0.471775 0.110449 -0.874774 0.112059 -0.991589 -0.064763
74.055243 -1410.985800 -53400.051092 676546.572913 0.760151 0.071222 0.645832 0.649307 -0.119828 -0.751027 -0.023899 -0.990237 0.137332
4.347691 -908.005850 -22828.345089 473043.399417 0.819099 0.104753 0.564007 0.520091 -0.550439 -0.653087 -0.242039 -0.828277 0.505345
9.691378 -79.753850 -511.543519 -28216.503291 -0.421048 0.906677 0.025599 -0.405200 -0.162769 -0.899622 0.811500 0.389157 -0.435919
9.920363 -87.767973 -749.681753 3736.761665 -0.379494 0.925173 -0.006316 -0.421976 -0.179156 -0.888729 0.823360 0.334602 -0.458389
13.254421 -87.202879 -738.780896 18359.343610 -0.442957 0.896457 -0.012419 -0.406363 -0.213101 -0.888514 0.799161 0.388527 -0.458682
14.908178 -173.435571 3702.132625 41469.459608 0.907331 0.225891 0.354576 0.405417 -0.246839 -0.880175 0.111300 -0.942361 0.315545
9.021481 -144.604812 2805.572998 41941.110422 0.921492 0.210794 0.326218 0.344815 -0.057437 -0.936912 0.178758 -0.975842 0.125613
18.430319 -131.492293 4196.168229 36508.662706 0.921810 0.205935 0.328417 0.352931 -0.095442 -0.930769 0.160333 -0.973900 0.160660
-52.686220 -79.111041 802.911409 3426.580383 0.046900 0.998890 0.004362 0.982789 -0.045362 -0.179076 0.178679 -0.012686 0.983826
-46.134135 -74.107321 -1045.442618 6364.027968 0.253033 0.958708 -0.129822 0.933042 -0.277298 -0.229212 0.255746 0.063132 0.964680
186.240543 -82.186449 -58580.877760 7823.268437 -0.227442 0.811976 0.537555 0.142712 0.573856 -0.806426 0.963277 0.106699 0.246398
223.435298 -109.874467 -43520.650443 6490.264930 -0.528492 0.733305 0.427739 0.218811 0.604491 -0.765972 0.820255 0.311215 0.479924
206.030447 -97.831702 -39316.571004 6510.466267 -0.419477 0.801957 0.425328 0.100312 0.506625 -0.856311 0.902207 0.316537 0.292963
154.021203 -73.673092 -26603.427292 -2231.302579 -0.148673 0.888022 0.435101 0.091098 0.450419 -0.888158 0.984681 0.092408 0.147862
111.427824 -73.881147 -23069.510522 4661.136758 0.012109 0.899345 0.437072 0.116788 0.432840 -0.893874 0.993083 -0.061869 0.099791
98.459734 -84.306366 -27815.277418 11877.272550 -0.037144 0.848353 0.528127 0.220546 0.522419 -0.823673 0.974669 -0.085881 0.206506
40.499740 -58.989135 -44073.138584 3974.416312 0.509784 0.762049 -0.399251 0.100697 -0.513747 -0.852012 0.854389 -0.394138 0.338636
-25.696175 -44.041702 4690.045377 -735.949989 0.542840 0.839460 0.025144 0.788719 -0.499285 -0.358660 0.288527 -0.214527 0.933129
-22.253006 -49.221392 -4900.301377 2519.129351 -0.278861 -0.949629 -0.142971 0.943105 -0.242735 -0.227229 0.181079 -0.198202 0.963289
-3.292223 -47.879815 -680.851404 1764.242863 0.651777 0.739277 -0.169282 0.125425 -0.325204 -0.937289 0.747967 -0.589671 0.304685
-5.930954 -47.845848 -906.724145 1852.152082 0.652905 0.732391 -0.193179 0.112474 -0.345960 -0.931483 0.749042 -0.586443 0.308254
-0.839569 -43.815976 -293.058550 1428.981863 0.652677 0.736103 -0.179347 -0.004589 -0.232873 -0.972496 0.757623 -0.635549 0.148613
-6.539796 -52.484756 -1088.929109 1574.697773 0.653339 0.737952 -0.169043 0.266808 -0.433400 -0.860801 0.708492 -0.517293 0.480049
-3.391633 -52.843278 -793.098128 1460.769709 0.653779 0.742474 -0.145961 0.275698 -0.413367 -0.867824 0.704672 -0.527124 0.474950
-1.072505 -48.244875 -336.674484 1633.555833 0.652034 0.742751 -0.152227 0.138593 -0.314155 -0.939201 0.745415 -0.591293 0.307780
4.344305 -53.864132 -111.802665 789.046953 0.491845 0.747793 -0.445977 -0.684988 0.648524 0.331976 -0.537476 -0.142208 -0.831202
3.671745 -57.148710 440.052708 803.367167 0.498563 0.756763 -0.422781 -0.702125 0.638570 0.315039 -0.508386 -0.139778 -0.849710
3.527669 -51.712001 469.706110 186.514612 0.474336 0.771384 -0.424232 -0.626303 0.634344 0.453159 -0.618668 -0.050748 -0.784012
4.619657 -60.504935 40.412102 1805.302263 0.527325 0.727983 -0.438144 -0.741292 0.646185 0.181469 -0.415228 -0.229100 -0.880397
3.926975 -49.573926 -165.594668 452.370936 0.465183 0.764425 -0.446386 -0.606339 0.642553 0.468486 -0.644948 -0.052729 -0.762405
3.988117 -50.986864 -560.440013 594.337494 0.479583 0.744469 -0.464506 -0.671471 0.652135 0.351918 -0.564913 -0.143128 -0.812642
4.669174 -56.105951 -386.955277 1247.491502 0.517701 0.721730 -0.459446 -0.729614 0.652887 0.203476 -0.446821 -0.229879 -0.864585
84.874525 -72.921875 12259.991728 12894.155744 -0.032033 0.994528 0.099439 -0.738125 0.043542 -0.673257 0.673903 0.094965 -0.732691
90.036945 -64.355284 459.858101 10420.313760 0.122380 0.986142 -0.112010 -0.793605 0.029459 -0.607719 0.595998 -0.163265 -0.786213
54.991176 -88.217859 11204.755114 5004.012355 -0.094051 0.956030 0.277777 -0.598483 0.168677 -0.783177 0.795595 0.239904 -0.556304
68.368230 -75.863044 14855.030214 7600.110310 -0.136478 0.946135 0.293603 -0.729695 0.104440 -0.675749 0.670014 0.306466 -0.676136
96.536444 -65.826627 14369.100854 11222.171818 -0.049898 0.993927 0.098078 -0.826292 0.014080 -0.563066 0.561028 0.109136 -0.820571
-0.947058 -64.575790 1811.181839 3964.995881 0.332800 0.920843 -0.203206 -0.529776 0.360843 0.767548 -0.780116 0.147786 -0.607929
-1.275211 -57.220019 1512.609298 -883.498925 0.330598 0.915530 -0.229148 -0.439808 0.364277 0.820897 -0.835029 0.170606 -0.523087
-6.019125 -60.587601 2399.392253 -4132.806950 0.332316 0.915658 -0.226135 -0.341031 0.340193 0.876337 -0.879354 0.214101 -0.425319
1.580654 -40.525261 -117.172250 402.813716 0.608835 0.687260 -0.396225 -0.329830 -0.234948 -0.914337 0.721479 -0.687367 -0.083634
-2.361424 -41.562853 124.984630 589.315190 0.608333 0.693430 -0.386116 -0.213451 -0.325625 -0.921090 0.764441 -0.642746 0.050075
1.367018 -41.444146 1194.821976 -401.107868 0.605442 0.730788 -0.315260 -0.293857 -0.162866 -0.941872 0.739654 -0.662890 -0.116141
6.097722 -42.988455 1532.780785 -943.307467 0.593744 0.724808 -0.349458 -0.394836 -0.115982 -0.911401 0.701122 -0.679118 -0.217317
5.718566 -44.189674 1719.949903 -1347.304653 0.593773 0.745879 -0.301825 -0.392303 -0.059146 -0.917932 0.702518 -0.663450 -0.257492
0.390877 -42.709291 902.351194 -1002.304116 0.615002 0.738788 -0.275617 -0.276830 -0.124995 -0.952755 0.738334 -0.662245 -0.127646
1.016175 -121.894499 -2707.633123 -697.607022 -0.113199 0.989889 0.085477 0.904388 0.067032 0.421413 -0.411422 -0.125008 0.902832
-3.211113 -120.654663 -4211.910402 -1508.756941 -0.120969 0.988485 0.090912 0.969552 0.098012 0.224417 -0.212922 -0.115291 0.970243
-9.705415 -121.897512 -2735.336730 152.732883 -0.158429 0.985720 0.057063 0.964908 0.142308 0.220684 -0.209412 -0.090023 0.973675
-4.276085 -104.684217 -694.678726 1745.169470 0.290374 0.947786 0.131848 -0.567137 0.281433 -0.774048 0.770739 -0.149988 -0.619246
-4.417914 -108.706451 -435.848806 1080.322935 0.305346 0.938310 0.162290 -0.394211 0.279698 -0.875424 0.866811 -0.203330 -0.455297
-1.696773 -111.254189 -369.010940 1450.947122 0.304878 0.942184 0.139065 -0.560848 0.295627 -0.773340 0.769739 -0.157780 -0.618552
