13450
26888
-39.600851 -60.867291 129.703708 5777.714501 0.278340 0.957003 -0.081681 0.891582 -0.225809 0.392545 -0.357223 0.182086 0.916099
-45.382636 -69.241856 1267.364700 3363.081082 0.352666 0.930882 -0.095319 0.804747 -0.249736 0.538530 -0.477503 0.266629 0.837198
-51.139969 -78.871534 1055.791236 7753.926330 -0.031334 0.958379 -0.283773 0.855500 0.172529 0.488215 -0.516854 0.227470 0.825299
-33.694264 -57.156734 -414.095769 4221.753104 0.589025 0.808111 -0.002305 0.738080 -0.536815 0.408739 -0.329070 0.242459 0.912648
-37.411187 -77.961049 -2560.289627 13653.515573 -0.106660 0.971879 -0.209939 0.920152 0.176487 0.349532 -0.376754 0.155895 0.913101
-29.082159 -52.646168 -2887.040862 8122.425289 0.182069 0.981667 -0.056398 0.953495 -0.162251 0.254013 -0.240205 0.100023 0.965555
-27.449725 -47.903229 -2725.308762 5330.625699 0.589283 0.807195 0.034379 0.771798 -0.575004 0.271475 -0.238901 0.133442 0.961831
-39.639422 -66.867070 215.130363 352.188110 0.936065 -0.261414 -0.235467 0.201766 -0.149414 0.967970 0.288223 0.953592 0.087117
-39.599798 -64.377575 -290.636677 1943.746945 0.942817 -0.269334 -0.196356 0.109575 -0.305907 0.945735 0.314786 0.913170 0.258902
-38.660904 -64.284064 -248.048307 1982.459613 0.910357 -0.344157 -0.229797 0.143037 -0.259385 0.955123 0.388318 0.902372 0.186906
-38.473388 -61.971535 751.464509 3099.953150 0.850262 -0.456712 -0.261664 0.114774 -0.324287 0.938970 0.513693 0.828403 0.223310
-37.966088 -64.769579 362.770621 1151.269097 0.871613 -0.409715 -0.269119 0.207771 -0.188468 0.959850 0.443985 0.892532 0.079144
-38.788869 -66.583851 -258.980721 -306.308207 0.904352 -0.326598 -0.274739 0.257179 -0.096710 0.961512 0.340599 0.940202 0.003466
-11.374123 -51.297219 1489.993909 -34743.294219 0.092506 -0.985898 -0.139459 0.987598 0.073004 0.138996 -0.126855 -0.150587 0.980424
-4.370851 -34.794631 -7444.470393 -8286.006413 0.869539 0.491806 0.045031 0.493137 -0.859700 -0.133161 0.026776 -0.137995 0.990071
-40.286880 -120.324902 7853.157162 -53172.083727 -0.212664 -0.945525 -0.246489 0.972972 -0.228146 0.035706 -0.089996 -0.232233 0.968488
-41.502869 -143.640863 9156.768826 -55342.144122 -0.110315 -0.969315 -0.219681 0.986583 -0.133561 0.093896 -0.120355 -0.206375 0.971043
-51.068477 -69.118107 5889.891300 -2782.011560 0.430388 -0.601081 0.673400 -0.148531 0.688701 0.709669 -0.890340 -0.405453 0.207129
-27.590785 -56.426988 -12117.914525 -161.840996 -0.555708 0.796826 -0.237186 0.063433 0.325099 0.943550 -0.828954 -0.509293 0.231205
-43.482726 -65.575046 5812.480291 -1294.781743 0.505612 -0.542649 0.670737 -0.045718 0.759487 0.648914 -0.861549 -0.358764 0.359197
-14.465738 -21.734425 1571.563777 2337.417798 -0.155558 0.978617 -0.134575 0.713539 0.017105 -0.700406 0.683128 0.204978 0.700943
-11.809946 -16.717316 2175.723827 563.654673 0.182685 0.861338 -0.474050 0.675866 -0.460192 -0.575698 0.714025 0.215223 0.666219
-10.953353 -20.031695 1006.269074 2450.080438 -0.194970 0.971711 -0.133287 0.717163 0.048535 -0.695213 0.669077 0.231134 0.706338
-13.690164 -28.438840 1278.815191 2169.692898 -0.314676 0.949004 0.019231 0.711991 0.249388 -0.656411 0.627733 0.192865 0.754158
-17.163825 -26.862210 1550.659462 2240.565940 -0.228622 0.973440 -0.012097 0.713641 0.159128 -0.682198 0.662154 0.164598 0.731067
-14.093565 -43.408673 -2281.358589 864.169621 0.026181 0.927965 0.371746 -0.252257 -0.353706 0.900699 -0.967306 0.117357 -0.224826
-9.145156 -39.059478 -2376.003457 2348.567061 0.032020 0.954801 0.295516 -0.141346 -0.288371 0.947029 -0.989442 0.072093 -0.125723
-15.522647 -41.836256 -2216.966668 1738.464580 0.047361 0.920994 0.386686 -0.173520 -0.373649 0.911195 -0.983691 0.110253 -0.142115
-12.723721 -36.381538 -2175.391473 3437.104625 0.047244 0.936007 0.348795 -0.057943 -0.346029 0.936433 -0.997201 0.064451 -0.037887
-17.421306 -44.792928 -2015.553766 566.984372 0.043525 0.901551 0.430478 -0.278572 -0.402845 0.871845 -0.959429 0.157866 -0.233613
-18.373734 -44.249704 -971.714300 220.409850 0.083579 0.877940 0.471419 -0.251287 -0.439217 0.862521 -0.964297 0.190550 -0.183906
-16.401654 -40.774914 -1240.007459 2323.957850 0.076603 0.890999 0.447497 -0.125646 -0.436611 0.890833 -0.989113 0.124466 -0.078505
2.297332 -53.866665 -785.876880 -3218.588419 -0.109411 0.969165 0.220791 0.528382 -0.131435 0.838771 -0.841928 -0.208432 0.497709
3.989615 -56.964494 -956.814939 -1830.956100 -0.130955 0.975005 0.179486 0.466898 -0.099056 0.878746 -0.874561 -0.198878 0.442256
4.649800 -62.652268 -1501.288952 -3399.094248 -0.088792 0.963394 0.252958 0.613530 -0.147165 0.775837 -0.784664 -0.224085 0.578004
34.886165 -61.642652 1612.297050 2755.590625 0.028918 0.979779 -0.197984 0.672750 -0.165570 -0.721106 0.739304 0.112341 0.663934
37.348098 -69.925064 5020.710220 -5828.929679 -0.011165 0.961626 -0.274135 0.598580 -0.213178 -0.772177 0.800985 0.172713 0.573230
39.631677 -67.921374 -3680.092921 -7796.597238 0.125560 0.975210 -0.182211 0.624728 -0.220398 -0.749092 0.770681 0.019777 0.636914
32.781741 -60.258763 -6037.063274 -6136.640912 0.189641 0.976217 -0.105058 0.667879 -0.206689 -0.714995 0.719704 -0.065426 0.691191
30.419188 -57.541684 -3402.232220 4964.107344 0.133921 0.986899 -0.089975 0.720373 -0.159297 -0.675046 0.680535 -0.025587 0.732268
-2.162360 -150.548544 198.810864 16124.133149 -0.232915 0.961829 0.143651 0.224996 -0.090409 0.970156 -0.946112 -0.258285 0.195350
-2.593761 -125.119067 -275.067897 10022.822397 -0.230876 0.955411 0.184081 0.493642 -0.048015 0.868338 -0.838459 -0.291348 0.460546
-2.769922 -120.582740 78.790311 7068.916666 -0.227821 0.959876 0.163509 0.383252 -0.065973 0.921285 -0.895106 -0.272553 0.352845
-2.561820 -133.094800 -155.699059 8099.660944 -0.233286 0.965454 0.116089 0.225572 -0.062398 0.972226 -0.945883 -0.252993 0.203223
-1.551254 -135.715767 -32.480347 12261.650306 -0.236950 0.963535 0.124318 0.154072 -0.089074 0.984036 -0.959227 -0.252321 0.127347
-33.704015 -56.658456 3126.609987 288.410698 0.611917 -0.252283 0.749607 0.024024 0.953255 0.301210 -0.790557 -0.166307 0.589374
-28.699215 -55.409370 5404.223348 -669.421843 0.611949 -0.506074 0.607789 0.077504 0.803154 0.590709 -0.787091 -0.314378 0.530712
-22.623602 -50.860918 4282.080480 -500.166840 0.637480 -0.525501 0.563443 0.145989 0.800439 0.581365 -0.756510 -0.288352 0.586981
-16.379050 -44.279646 2689.288722 1099.950438 0.651840 -0.560103 0.511264 0.230399 0.788571 0.570151 -0.722510 -0.253852 0.643069
-24.876222 -47.540366 3131.251973 1221.107143 0.669212 -0.349238 0.655887 0.118924 0.921630 0.369397 -0.733493 -0.169204 0.658299
30.728874 -23.906502 -957.845968 -1354.192621 -0.510051 -0.274128 0.815292 0.710628 0.399740 0.578978 -0.484619 0.874678 -0.009085
44.199906 -25.524187 -3139.226205 -1511.861562 -0.572739 -0.404983 0.712712 0.657590 0.292122 0.694435 -0.489434 0.866402 0.099003
34.762183 -20.069161 -2458.630152 -31.126524 -0.565145 -0.409817 0.716003 0.631307 0.343884 0.695122 -0.531095 0.844863 0.064376
0.080610 -107.027465 -430.082019 3381.890113 0.851410 0.523777 -0.027550 0.522054 -0.841198 0.140874 -0.050612 0.134324 0.989644
0.026474 -106.320800 1020.935309 2222.553359 0.845445 0.531496 -0.052299 0.527328 -0.815268 0.239295 -0.084547 0.229890 0.969537
0.442514 -115.485484 -190.985155 4419.983199 0.839279 0.542484 -0.036355 0.515733 -0.773154 0.369124 -0.172136 0.328548 0.928669
2.616557 -123.773558 -1718.013078 5306.650431 0.831648 0.554230 -0.034510 0.495393 -0.712411 0.497047 -0.250893 0.430464 0.867037
2.149267 -116.952146 -1789.366834 7407.236394 0.845154 0.534162 -0.019616 0.522798 -0.818416 0.238490 -0.111339 0.211816 0.970947
0.009964 -73.018772 1888.770246 776.463983 -0.041248 -0.940817 -0.336396 0.974994 0.035682 -0.219348 0.218369 -0.337032 0.915819
4.310455 -71.330065 -1108.122826 3235.614022 0.033178 0.945847 0.322912 0.942721 0.077686 -0.324411 0.331928 -0.315179 0.889093
2.265270 -68.419017 -1793.726300 3473.393101 0.049881 0.942558 0.330297 0.911448 0.092264 -0.400937 0.408381 -0.321047 0.854490
142.722857 -135.665029 -52126.989755 -12922.618156 -0.868349 -0.494215 0.041495 -0.489565 0.867543 0.087726 -0.079354 0.055862 -0.995280
363.887908 -119.048608 -112583.001796 7332.128160 -0.937476 -0.205056 0.281230 -0.134347 0.958592 0.251101 -0.321075 0.197619 -0.926206
551.945696 -207.648254 174801.861615 -45958.196927 0.882128 0.415704 -0.221451 -0.442602 0.892403 -0.087859 -0.161101 -0.175518 -0.971205
458.140016 -189.539362 146667.068632 -49977.676481 0.838104 0.545396 0.011223 -0.531381 0.820875 -0.209281 0.123353 -0.169435 -0.977791
67.117923 -115.458514 25941.306652 -17820.653692 0.794714 0.606756 -0.016651 -0.606503 0.792693 -0.061572 0.024160 -0.059031 -0.997964
-7.800140 -129.933526 -1137.026791 564.992514 0.988836 0.148430 -0.013138 0.118501 -0.836765 -0.534585 0.090342 -0.527060 0.845013
-9.154049 -138.632570 -2597.573517 720.916710 0.993158 0.114203 -0.024407 0.060216 -0.679863 -0.730863 0.100061 -0.724392 0.682088
-10.843531 -126.965209 -2097.453105 -5453.435904 0.989355 0.141195 -0.035221 0.108356 -0.876336 -0.469356 0.097136 -0.460543 0.882306
-5.222966 -137.462238 -237.692605 27.742171 0.987410 0.157931 -0.008886 0.101426 -0.675241 -0.730590 0.121383 -0.720491 0.682758
-9.422156 -120.560977 -892.270741 -6273.011974 0.985168 0.169721 -0.025264 0.156141 -0.947751 -0.278187 0.071158 -0.270116 0.960195
-7.776210 -129.914139 -510.279952 -752.993570 0.984009 0.177864 0.009481 0.172436 -0.937938 -0.300896 0.044626 -0.297719 0.953610
20.272560 -3.493109 -3786.496594 -1323.854375 0.505707 -0.147413 -0.850018 0.107233 0.988393 -0.107613 0.856015 -0.036729 0.515645
20.045426 -5.737040 -2240.765381 -797.877193 0.475718 -0.093693 -0.874594 0.071465 0.995141 -0.067735 0.876690 -0.030280 0.480102
24.174820 -2.816757 -2116.946003 -1056.664508 0.457276 -0.062337 -0.887137 0.064534 0.997236 -0.036809 0.886980 -0.040419 0.460035
22.465610 1.737802 -2982.024493 -2330.479714 0.493785 -0.104750 -0.863252 0.092212 0.993428 -0.067800 0.864681 -0.046123 0.500199
24.562520 0.154349 108.290078 -1296.111104 0.397155 -0.010502 -0.917691 0.042747 0.999061 0.007067 0.916755 -0.042035 0.397231
-15.312601 -51.985160 1462.585923 2161.379889 0.848292 0.153528 -0.506785 -0.137704 0.988079 0.068835 0.511311 0.011394 0.859320
-14.812667 -52.094353 1353.717824 1904.619292 0.853975 0.061305 -0.516689 0.001702 0.992700 0.120598 0.520311 -0.103867 0.847637
-12.694828 -48.043139 671.088181 868.125313 0.843406 0.074367 -0.532105 -0.034605 0.995837 0.084328 0.536161 -0.052710 0.842468
-10.957362 -48.227324 1271.865889 312.820508 0.827349 -0.072047 -0.557048 0.175104 0.975400 0.133915 0.533696 -0.208335 0.819612
-12.960080 -48.108832 -488.376833 -154.578901 0.842022 0.111145 -0.527870 -0.112704 0.993195 0.029343 0.527539 0.034785 0.848818
-14.897151 -50.161357 231.072123 100.077319 0.840041 0.169853 -0.515249 -0.188103 0.982001 0.017045 0.508871 0.082601 0.856871
-9.877417 -44.650178 1488.762630 65.075682 0.823103 -0.035099 -0.566807 0.111562 0.988633 0.100787 0.556826 -0.146192 0.817663
-31.585866 -562.067605 1130.917114 207691.078148 0.937713 0.345438 -0.036971 -0.303396 0.762416 -0.571552 0.169249 -0.547169 -0.819732
-14.204417 -244.702121 -3592.596860 114222.036535 0.885404 0.422083 -0.194692 -0.459219 0.729468 -0.506947 0.071952 -0.538259 -0.839702
-4.870102 -1599.204822 -3510.921550 592334.441093 0.953704 0.298333 0.038020 -0.194085 0.707102 -0.679954 0.229737 -0.641096 -0.732269
25.270532 -44.287339 2972.531585 599.177333 -0.103429 -0.938516 -0.329379 0.949201 0.005811 -0.314616 0.297186 -0.345187 0.890239
23.922803 -45.515475 5404.695860 1058.433091 -0.081998 -0.939078 -0.333780 0.976692 -0.009058 -0.214453 0.198364 -0.343585 0.917933
27.950067 -44.639606 1287.934434 -722.342837 -0.065321 -0.964113 -0.257332 0.969235 0.000029 -0.246136 0.237310 -0.265493 0.934450
25.575122 -44.545543 -70.116785 -283.665431 0.086245 0.968723 0.232676 0.933994 0.002661 -0.357279 0.346724 -0.248132 0.904551
-5.758957 -31.690232 -145.448273 -252.877758 0.090059 0.994864 0.046206 0.986896 -0.082908 -0.138427 0.133885 -0.058067 0.989294
-7.683687 -32.155686 -917.208714 -347.044131 -0.038067 0.997001 0.067372 0.989405 0.047058 -0.137347 0.140106 -0.061430 0.988229
-3.394951 -31.469967 -131.871204 -327.327448 0.055826 0.997392 0.045754 0.997070 -0.053290 -0.054885 0.052304 -0.048684 0.997444
-10.938622 -32.083347 -260.084233 -159.616166 0.049794 0.997348 0.053088 0.970265 -0.035699 -0.239397 0.236866 -0.063430 0.969469
-4.177401 -31.844214 548.717816 -373.192038 0.157467 0.986461 0.045817 0.983999 -0.152819 -0.091610 0.083368 -0.059509 0.994740
-7.767989 -32.352223 -80.524922 3.336253 0.193116 0.980239 0.042869 0.964619 -0.181683 -0.191051 0.179487 -0.078247 0.980643
-296.422577 -467.236214 60302.520169 61181.317320 -0.620885 -0.284624 -0.730405 0.782412 -0.167595 -0.599786 0.048302 -0.943876 0.326750
-233.626147 -424.931027 6063.076657 -54842.487428 -0.445183 -0.655273 -0.610269 0.894601 -0.295989 -0.334783 0.038742 -0.694988 0.717977
-185.251781 -327.192594 -40101.422882 42808.172311 0.776782 0.153841 0.610690 0.565301 -0.597723 -0.568474 -0.277569 -0.786804 0.551267
-175.182416 -441.445709 -48400.984542 117457.674047 0.770816 -0.008264 0.637004 0.609400 -0.281863 -0.741070 -0.185671 -0.959419 0.212228
-12.746318 -24.212883 513.457098 3429.095846 0.213758 0.949244 0.230745 -0.616698 -0.052063 0.785476 -0.757622 0.310202 -0.574268
-15.891087 -21.091201 -100.998850 397.020446 0.190881 0.951222 0.242365 -0.599343 -0.082601 0.796219 -0.777401 0.297243 -0.554341
-12.939712 -20.368449 1114.949721 833.477920 0.286795 0.942892 0.169421 -0.565316 0.023796 0.824531 -0.773412 0.332248 -0.539856
-10.183802 -20.387168 2315.470863 -2295.769197 0.324393 0.933313 0.153935 -0.544183 0.051024 0.837414 -0.773715 0.355420 -0.524445
-2.491655 -18.316560 4809.320761 953.270275 0.338600 0.927647 0.157545 -0.540221 0.054568 0.839752 -0.770397 0.369449 -0.519612
-1.054967 -22.227932 4134.801290 4193.772674 0.284466 0.932932 0.220719 -0.578875 -0.016369 0.815252 -0.764188 0.359680 -0.535395
-50.451050 -71.056364 1144.467052 -2965.195812 0.818883 0.463685 -0.338271 0.092934 0.474469 0.875353 -0.566387 0.748248 -0.345442
-50.512795 -71.071621 1358.992027 -1793.627213 0.873660 0.376979 -0.307580 0.169287 0.357148 0.918579 -0.456136 0.854595 -0.248209
-48.012700 -67.268534 676.407409 -2111.734579 0.857435 0.272789 -0.436339 0.239103 0.539643 0.807226 -0.455670 0.796474 -0.397484
-49.334671 -68.829030 460.077129 -4047.572274 0.750023 0.561727 -0.349184 -0.022954 0.549725 0.835031 -0.661014 0.618277 -0.425200
-52.883455 -74.644805 835.229614 -3175.707378 0.740967 0.622027 -0.253083 0.021298 0.354913 0.934657 -0.671204 0.697940 -0.249730
8.310029 -11.127541 2638.869774 -2522.592804 -0.292954 0.093732 0.951521 0.727363 0.667778 0.158159 -0.620581 0.738435 -0.263805
2.205286 -9.991808 712.697627 1547.502798 0.619062 0.272289 -0.736628 0.465903 0.627751 0.623589 -0.632215 0.729238 -0.261757
5.379975 -5.760619 4445.429579 -1755.446737 -0.078606 0.282234 0.956120 0.770244 0.626072 -0.121484 -0.632886 0.726896 -0.266603
8.245727 -16.032070 -866.236761 455.771878 -0.541632 -0.181100 0.820876 0.569200 0.639579 0.516673 -0.618585 0.747089 -0.243334
10.594865 -47.649012 4996.608490 2285.535465 0.288901 0.956038 -0.050271 -0.881560 0.245183 -0.403406 0.373346 -0.160861 -0.913639
7.943733 -50.980516 2341.853174 -89.480375 0.215954 0.966297 -0.140118 -0.845425 0.113255 -0.521948 0.488488 -0.231176 -0.841390
-0.579061 -46.222322 4002.985832 610.487060 0.303028 0.952857 -0.015397 -0.822409 0.253312 -0.509388 0.481474 -0.167021 -0.860399
-0.217131 -48.385731 1089.240895 541.499156 0.253043 0.962610 -0.096706 -0.796617 0.150595 -0.585425 0.548972 -0.225175 -0.804938
-13.854078 -50.405933 -573.637053 1777.147389 0.737043 0.326505 0.591745 0.334804 0.584186 -0.739346 0.587089 -0.743049 -0.321255
-14.295298 -50.915253 -1110.902348 1966.616909 0.710641 0.337557 0.617288 0.347929 0.593974 -0.725355 0.611502 -0.730240 -0.304657
-12.596258 -48.093431 -583.957480 -1170.830154 0.715914 0.328089 0.616299 0.439693 0.473815 -0.763000 0.542344 -0.817225 -0.194952
8.969806 -46.866318 4625.010342 3813.808518 0.622117 0.434725 0.651141 -0.491277 0.864323 -0.107673 -0.609604 -0.252905 0.751280
-3.107614 -54.198250 2927.471320 3225.677067 0.642090 0.369627 0.671637 -0.508502 0.860973 0.012306 -0.573712 -0.349430 0.740778
6.182113 -56.619040 2140.279434 5905.032138 0.615316 0.394471 0.682479 -0.526920 0.849762 -0.016095 -0.586294 -0.349709 0.730728
-2.876053 -59.594427 768.352793 4152.507395 0.631217 0.342637 0.695819 -0.549913 0.830362 0.089968 -0.546955 -0.439430 0.712560
40.455197 -47.405374 12436.555023 2566.219325 0.518833 0.546541 0.657347 -0.589318 0.785695 -0.188116 -0.619287 -0.289785 0.729731
-13.502295 -61.707030 3.373242 -2820.584151 -0.566084 -0.159164 -0.808836 0.798697 0.136960 -0.585939 0.204038 -0.977706 0.049593
-12.802155 -60.025781 121.968208 -1912.384778 -0.552203 -0.179302 -0.814201 0.808880 0.121341 -0.575316 0.201952 -0.976282 0.078029
-13.357389 -57.462863 193.716972 -1929.886348 -0.562511 -0.155357 -0.812062 0.822900 -0.010042 -0.568097 0.080103 -0.987807 0.133492
-6.863900 -82.039102 1244.012539 -1731.570323 0.027329 0.534994 -0.844413 0.645760 0.635364 0.423447 0.763051 -0.556861 -0.328114
-8.092818 -83.421914 709.308278 1443.261097 0.045016 0.536999 -0.842381 0.707529 0.578157 0.406371 0.705249 -0.614302 -0.353916
-5.525428 -87.655558 1134.023930 2248.844328 0.028712 0.547519 -0.836300 0.742114 0.548822 0.384788 0.669659 -0.631678 -0.390564
2.342144 -116.194550 -125.932325 -8689.053430 -0.018674 -0.646007 0.763103 -0.059587 0.762598 0.644122 -0.998048 -0.033443 -0.052734
2.227660 -105.499571 546.121865 -8756.558600 -0.003027 -0.629603 0.776911 -0.234092 0.755774 0.611561 -0.972210 -0.180017 -0.149673
2.756599 -103.806588 456.224855 -7825.447232 -0.012386 -0.636252 0.771382 -0.255612 0.747824 0.612717 -0.966700 -0.189585 -0.171897
2.680891 -125.359077 280.853437 -10860.854582 -0.012750 -0.655249 0.755305 -0.033535 0.755222 0.654611 -0.999356 -0.016983 -0.031603
-3.491082 -22.336909 -2547.919338 431.948076 0.643007 -0.183883 -0.743457 0.115584 0.982929 -0.143145 0.757088 0.006111 0.653284
1.513496 -21.631625 -1866.327121 288.287407 0.650144 -0.105560 -0.752443 0.059274 0.994331 -0.088278 0.757495 0.012793 0.652715
2.343409 -23.389677 -2905.883638 368.752729 0.657891 -0.099407 -0.746524 0.093526 0.994361 -0.049987 0.747283 -0.036934 0.663478
-4.881795 -25.106166 -1718.116519 -110.452373 -0.631142 0.746245 0.211608 0.772116 0.630497 0.079435 -0.074140 0.213521 -0.974121
-6.778697 -23.140001 -1760.504333 -1100.078179 -0.485657 0.843993 0.227625 0.872718 0.483032 0.071018 -0.050011 0.233143 -0.971156
-3.776040 -27.955711 -722.729840 -1084.335408 -0.501749 0.834131 0.229072 0.864721 0.490553 0.107772 -0.022476 0.252158 -0.967425
-9.578381 -21.199392 -2076.843980 -3.118886 -0.695766 0.684500 0.217647 0.711118 0.699105 0.074589 -0.101102 0.206670 -0.973173
-2.179828 -28.921514 -114.668178 -460.619224 -0.584188 0.781050 0.220649 0.809527 0.580240 0.089373 -0.058224 0.230832 -0.971250
-5.846579 -24.414312 1482.547018 616.929882 0.755873 -0.621889 -0.204718 0.644045 0.762496 0.061686 -0.117734 0.178474 -0.976875
-1.041384 -27.117087 -849.295335 -407.427202 -0.655934 0.726593 0.204483 0.747040 0.663691 0.038026 -0.108084 0.177700 -0.978131
7.043319 -30.523951 533.883460 -2338.964274 0.025558 0.967381 0.252031 0.999629 -0.022362 -0.015536 -0.009393 0.252335 -0.967594
1.552367 -31.577142 2760.192769 -2307.267549 -0.034880 0.953599 0.299053 0.999279 0.037759 -0.003852 -0.014965 0.298703 -0.954229
4.296445 -24.173168 1443.233519 -2893.768380 -0.034378 0.960694 0.275471 0.995887 0.056050 -0.071188 -0.083830 0.271891 -0.958670
7.050463 -21.100609 -438.941207 -3166.550260 0.012708 0.969876 0.243266 0.994576 0.012856 -0.103212 -0.103230 0.243258 -0.964453
3.380095 -17.500378 904.969927 -2835.570643 -0.075676 0.959223 0.272332 0.985350 0.113801 -0.127025 -0.152837 0.258729 -0.953782
-16.961469 -201.062234 -1454.885009 -27313.171848 0.997083 -0.074577 -0.016255 0.051096 0.493968 0.867977 0.056702 0.866276 -0.496338
-16.127731 -252.550788 -2442.426937 -34890.146180 0.997891 -0.031052 -0.057001 0.063743 0.303001 0.950856 0.012254 0.952484 -0.304342
-15.685471 -229.246637 -1840.346648 -23623.050014 0.997983 -0.056270 -0.029397 0.038622 0.170623 0.984579 0.050387 0.983728 -0.172452
-13.604406 -226.684349 1222.957372 -19107.549429 0.991991 -0.124814 0.019382 0.014432 0.264447 0.964292 0.125482 0.956289 -0.264130
-8.045468 -235.638354 3060.215286 7559.306627 0.991472 -0.130322 -0.000413 -0.016986 -0.132370 0.991055 0.129211 0.982596 0.133455
-9.293465 -235.727217 -1190.282046 20942.374538 0.976732 -0.204453 -0.064761 0.056645 0.537176 -0.841566 -0.206849 -0.818316 -0.536258
-10.280876 -220.925483 -1563.837820 26813.632069 0.977127 -0.187297 -0.100708 0.097035 0.814095 -0.572568 -0.189226 -0.549700 -0.813648
-10.358075 -187.002495 418.570222 21598.286778 0.982872 -0.171308 -0.067946 0.089057 0.764288 -0.638696 -0.161344 -0.621705 -0.766453
-206.105103 -1302.135095 14854.856187 189242.107532 0.778878 0.248150 -0.575996 -0.130674 0.962449 0.237940 0.613411 -0.110058 0.782057
-65.574140 -1154.330545 8117.140700 385930.668462 0.733902 0.197195 -0.650001 -0.452363 0.855743 -0.251140 0.506710 0.478349 0.717235
915.344970 -6007.207891 592402.445471 -629826.721245 -0.501198 -0.604075 0.619592 0.816323 -0.567610 0.106942 0.287085 0.559386 0.777605
181.544235 -10145.819834 44376.581410 -6101156.709742 0.780960 0.263153 -0.566438 0.051665 0.876583 0.478470 0.622441 -0.402931 0.670980
-42.584294 -1542.221088 128.236788 557393.078345 0.764893 0.014324 -0.643998 -0.539318 -0.532451 -0.652405 0.352243 -0.846340 0.399542
-0.220145 -36.528178 -1300.663819 -4298.426521 0.478953 0.070280 -0.875023 0.183625 0.966718 0.178154 0.858420 -0.246003 0.450108
0.328947 -34.288556 -1452.147820 2470.713993 0.504099 0.276460 -0.818202 -0.074474 0.957767 0.277734 0.860429 -0.079070 0.503398
6.396982 -31.417272 -2257.166628 5762.834447 0.492398 0.071661 -0.867415 -0.023522 0.997336 0.069041 0.870052 -0.013592 0.492772
4.455392 -27.125462 -4291.937404 1700.552948 0.665514 -0.116666 -0.737211 0.174582 0.984641 0.001781 0.725681 -0.129889 0.675660
10.513383 -26.471368 -4054.438426 1209.164197 0.671647 -0.036758 -0.739959 0.121189 0.990767 0.060784 0.730892 -0.130501 0.669900
6.943810 -29.010540 -4532.489864 1163.816167 0.677928 -0.074264 -0.731368 0.191276 0.978436 0.077949 0.709808 -0.192737 0.677514
-9.428991 -79.059273 -159.206035 267.815693 0.100702 0.520095 -0.848151 0.705033 0.564187 0.429675 0.701988 -0.641244 -0.309869
-10.130484 -79.832881 -113.791657 341.075743 0.134151 0.516720 -0.845579 0.670247 0.581198 0.461496 0.729913 -0.628657 -0.268361
-8.167789 -81.537561 -48.057303 3675.347034 0.118825 0.526207 -0.842013 0.784902 0.469598 0.404236 0.608120 -0.708931 -0.357221
-15.043568 -32.053265 -80.792090 -1496.098791 -0.159965 0.975083 -0.153700 0.403355 -0.077546 -0.911752 0.900953 0.207844 0.380900
-12.684298 -31.636210 688.382349 -1637.521674 -0.254424 0.966965 -0.015688 0.374663 0.083598 -0.923385 0.891570 0.240809 0.383555
-11.417069 -27.969133 1004.116772 -1727.705810 -0.230000 0.971098 -0.063793 0.446283 0.046994 -0.893657 0.864831 0.234011 0.444193
17.550232 -109.456405 2028.538561 29051.149631 0.519856 0.702573 -0.485943 0.849174 -0.363064 0.383520 0.093022 -0.612026 -0.785348
12.334209 -263.992127 1649.493010 83453.676956 0.518584 0.709649 -0.476938 0.854912 -0.421228 0.302807 0.013987 -0.564771 -0.825129
5.542962 -1249.566156 4114.568840 454745.255740 0.573882 0.646875 -0.502208 0.817579 -0.487870 0.305855 -0.047163 -0.586119 -0.808851
18.517038 -90.114634 -788.951857 26739.995981 0.477510 0.701474 -0.529073 0.872808 -0.309525 0.377359 0.100946 -0.641972 -0.760054
14.660901 -117.238947 -1825.046017 29724.484519 0.484257 0.658594 -0.575976 0.872407 -0.313552 0.374956 0.066345 -0.684060 -0.726402
14.792676 -238.946463 -2742.338792 63584.183583 0.521695 0.608038 -0.598435 0.844407 -0.468079 0.260535 -0.121700 -0.641243 -0.757626
21.104839 -387.569014 -2216.312350 117382.137265 0.540665 0.623909 -0.564285 0.782784 -0.618802 0.065831 -0.308108 -0.477306 -0.822951
18.955426 -126.857216 1924.917647 2915.774651 -0.451187 -0.876900 0.165761 0.879161 -0.404836 0.251363 -0.153314 0.259143 0.953593
20.193449 -107.993647 -1456.764901 16145.160614 -0.542877 -0.805478 0.237678 0.812910 -0.432944 0.389534 -0.210859 0.404680 0.889816
16.884406 -99.755104 -2149.262474 2681.147846 -0.460776 -0.847615 0.263124 0.884613 -0.414663 0.213339 -0.071722 0.331065 0.940878
-58.274448 -78.154037 1991.072990 2590.744508 0.127688 0.958122 -0.256317 0.754021 0.074111 0.652656 -0.644319 0.276605 0.712981
-39.318237 -64.635204 -103.732854 3436.153754 0.584345 0.810640 -0.037473 0.694985 -0.476067 0.538846 -0.418971 0.340915 0.841570
-49.502133 -73.207857 1019.916658 2598.025648 0.406213 0.903246 -0.138337 0.721363 -0.224050 0.655315 -0.560916 0.365988 0.742580
-40.549835 -63.413678 490.753739 1069.823573 0.964670 -0.167723 -0.203175 0.136467 -0.341558 0.929900 0.225362 0.924774 0.306603
-38.950884 -61.771602 393.412436 633.597343 0.967799 -0.202387 -0.149685 0.039836 -0.464004 0.884937 0.248554 0.862403 0.441000
-39.169208 -61.409891 194.210665 1273.582282 0.939404 -0.301299 -0.163521 0.015100 -0.440169 0.897788 0.342479 0.845855 0.408947
-15.557985 -129.903825 1645.937517 -47231.373221 -0.631194 -0.772928 -0.064616 0.775387 -0.630869 -0.027907 -0.019194 -0.067718 0.997520
25.804213 -68.315446 4744.064706 -5444.198874 0.495776 0.677429 0.543411 -0.304113 0.721529 -0.622022 -0.813463 0.143125 0.563732
12.830247 -61.827251 1639.105893 5778.287635 0.522894 0.701990 0.483520 0.349871 -0.694015 0.629232 -0.777285 0.159852 0.608502
23.149494 -50.843531 5279.987636 6031.255240 0.503604 0.713445 0.487215 0.446154 -0.697699 0.560502 -0.739817 0.064898 0.669671
-5.718162 -14.134738 1593.273546 689.651430 0.412331 0.630222 -0.657878 -0.556280 0.746042 0.366025 0.721482 0.215041 0.658196
-8.255471 -14.188494 1664.997421 730.917290 0.156270 0.870844 -0.466058 0.693415 -0.432752 -0.576108 0.703388 0.233143 0.671483
-9.850169 -42.596943 -1755.550400 676.638292 0.025160 0.947688 0.318205 -0.273297 -0.299659 0.914064 -0.961600 0.109963 -0.251461
-2.450257 -40.177701 -2463.078820 1981.305235 0.030039 0.972714 0.230053 -0.183019 -0.220913 0.957967 -0.982650 0.070880 -0.171389
-0.612582 -33.985231 -2688.757518 3068.029280 0.030705 0.980605 0.193574 -0.076921 -0.190772 0.978616 -0.996564 0.044938 -0.069572
-5.921903 -30.989331 -2355.367804 3111.358524 0.039965 0.978153 0.204007 -0.022834 -0.203222 0.978866 -0.998940 0.043779 -0.014213
0.805186 -65.101024 -1367.047754 -3034.457801 -0.053234 0.949457 0.309350 0.772051 -0.157343 0.615776 -0.633327 -0.271614 0.724654
-0.180388 -68.365322 -847.826491 -1924.235810 -0.037958 0.948917 0.313234 0.854816 -0.131511 0.501990 -0.517540 -0.286812 0.806158
-0.067888 -63.861093 152.868050 -3516.443480 -0.049588 0.957122 0.285408 0.781301 -0.140840 0.608057 -0.622182 -0.253142 0.740816
2.166704 -70.690204 -1436.320760 -748.549600 -0.033398 0.946206 0.321836 0.873555 -0.128814 0.469370 -0.485578 -0.296817 0.822261
4.073257 -68.107481 -1207.295519 -2736.322703 -0.045028 0.956172 0.289323 0.760828 -0.154862 0.630205 -0.647389 -0.248502 0.720509
36.545409 -85.243294 -1764.724420 -11066.257772 0.087980 0.974882 -0.204607 0.484741 -0.221343 -0.846188 0.870222 0.024734 0.492039
36.220375 -79.888432 4294.716976 -10497.698519 -0.015319 0.958431 -0.284912 0.486942 -0.241720 -0.839320 0.873300 0.151593 0.462998
-1.685926 -133.475112 -50.611545 11519.572773 -0.228701 0.955808 0.184735 0.399088 -0.081032 0.913325 -0.887933 -0.282604 0.362919
-1.291037 -119.409833 -837.132054 5872.525835 -0.231757 0.947689 0.219486 0.600977 -0.037933 0.798365 -0.764928 -0.316933 0.560749
-40.088765 -63.808079 4204.166892 -829.598314 0.545141 -0.371761 0.751409 -0.007951 0.893968 0.448061 -0.838307 -0.250231 0.484382
46.691190 -19.248758 12080.446983 1276.345370 0.671844 0.528477 -0.518977 0.441095 0.277410 0.853510 -0.595030 0.802344 0.046732
37.515645 -19.598137 6137.475689 549.491892 0.605348 0.480625 -0.634471 0.544117 0.331906 0.770568 -0.580939 0.811688 0.060598
79.158373 -21.836968 20799.524979 -128.145423 0.649858 0.557362 -0.516751 0.464045 0.247505 0.850531 -0.601953 0.792520 0.097799
-0.879271 -100.801641 669.020719 426.817359 0.853111 0.519907 -0.043561 0.521416 -0.852515 0.036662 0.018076 0.053990 0.998378
1.499425 -102.082446 514.364851 1402.591485 0.846392 0.532003 -0.024348 0.532519 -0.846006 0.026386 0.006561 0.035299 0.999355
3.294386 -108.358853 1095.680597 1478.585918 0.837300 0.545552 -0.036091 0.530614 -0.794909 0.294225 -0.131826 0.265505 0.955055
26.359027 -76.659220 -5378.754770 -3830.201187 -0.738708 -0.492865 0.459776 0.060913 0.630528 0.773773 -0.671267 0.599599 -0.435754
8.695647 -87.564739 -663.491197 -7436.834412 0.721666 0.589468 -0.362940 0.098561 0.431461 0.896732 -0.685189 0.682912 -0.253272
8.559422 -68.183787 2160.030562 -6165.655427 -0.663625 -0.527476 0.530444 0.166828 0.586874 0.792305 -0.729225 0.614287 -0.301467
30.582755 -61.691830 -1162.176664 20.019863 -0.607654 -0.397361 0.687648 0.193135 0.765911 0.613253 -0.770360 0.505455 -0.388665
13.731195 -50.750603 4203.086071 -1054.275170 -0.496545 -0.310424 0.810605 0.355807 0.779011 0.516278 -0.791735 0.544774 -0.276363
-8.013166 -61.062231 5292.479965 -6654.249153 -0.608225 -0.485834 0.627716 0.312451 0.580428 0.751983 -0.729682 0.653505 -0.201232
-4.690946 -157.065375 -600.992577 -9297.271606 0.989054 0.143379 -0.034848 0.035737 -0.461907 -0.886208 0.143160 -0.875262 0.461975
17.324050 -10.090194 -1040.830988 -1419.921221 0.437683 -0.075215 -0.895978 0.036681 0.997159 -0.065791 0.898381 -0.004070 0.439199
18.625951 -8.178759 1089.017456 -1254.856542 0.372093 0.013734 -0.928094 0.015648 0.999656 0.021066 0.928063 -0.022361 0.371750
20.499829 -7.247967 -1008.714821 -978.837624 0.434046 -0.048161 -0.899603 0.041731 0.998573 -0.033325 0.899924 -0.023077 0.435436
16.774790 -8.342087 -2630.194882 -959.934731 0.487152 -0.141414 -0.861792 0.075771 0.989926 -0.119609 0.870024 -0.007031 0.492959
-13.873145 -53.885324 330.789678 -123.171290 0.864334 -0.016519 -0.502647 0.129002 0.973303 0.189840 0.486092 -0.228928 0.843390
-87.844311 -580.917186 -6268.542093 185458.027521 0.785478 0.471368 -0.401046 -0.559589 0.264127 -0.785555 0.264358 -0.841457 -0.471238
-113.648530 -905.614257 38336.447772 332355.845614 0.883413 0.425947 -0.195324 -0.376427 0.396816 -0.837162 0.279079 -0.813084 -0.510890
-69.100975 -1930.261385 15604.809973 704858.841444 0.929833 0.343889 0.130960 0.208558 -0.199282 -0.957491 0.303173 -0.917620 0.257020
988.018767 -30364.507914 136725.375460 15329527.942122 0.839248 0.361391 0.406275 0.436033 -0.000887 -0.899930 0.324866 -0.932414 0.158323
-535.613940 -17937.024264 -37751.403177 -404886.959099 0.861763 0.454249 0.225880 0.392870 -0.315865 -0.863645 0.320962 -0.832999 0.450662
27.843858 -45.138013 3020.475054 990.877323 -0.058899 -0.962317 -0.265474 0.986054 -0.014618 -0.165782 0.155654 -0.271536 0.949758
-7.498957 -49.592989 1269.358408 2969.023860 -0.380957 -0.803685 -0.457124 0.822950 -0.069373 -0.563862 0.421455 -0.590998 0.687821
-9.731873 -53.881752 -786.902882 997.552681 -0.410404 -0.814264 -0.410539 0.860762 -0.197261 -0.469230 0.301093 -0.545950 0.781845
-8.899000 -52.557424 2145.367904 2377.145925 -0.392762 -0.796436 -0.459813 0.858671 -0.138571 -0.493439 0.329276 -0.588632 0.738302
33.324869 29.545713 -2030.771183 -1263.737203 0.565172 -0.411853 -0.714813 0.349264 0.904438 -0.244961 0.747393 -0.111213 0.655008
38.248532 24.727172 4661.366935 670.466323 0.489255 -0.293145 -0.821398 0.280700 0.944633 -0.169930 0.825734 -0.147428 0.544453
34.174952 21.187135 -4029.948847 9158.066724 -0.200941 0.832252 0.516701 0.465738 0.545197 -0.697029 0.861807 -0.100586 0.497163
37.511246 27.465798 -3393.370547 6295.525391 -0.151138 0.961178 0.230856 0.576970 0.275406 -0.768933 0.802660 -0.016982 0.596195
-12.062035 -33.579160 -329.753237 -363.822138 -0.179074 0.979960 0.087246 0.951244 0.195095 -0.238898 0.251131 -0.040212 0.967117
-10.077778 -34.074613 -817.084057 -527.234239 -0.201393 0.976638 0.074956 0.962509 0.211513 -0.169816 0.181703 -0.037946 0.982621
-235.026488 -390.312967 5414.499655 19945.039827 -0.525088 -0.672548 -0.521499 0.717613 -0.020479 -0.696141 0.457509 -0.739770 0.493382
-1.098489 -29.743081 -488.812790 353.563469 0.126311 0.849577 -0.512117 0.065829 0.507935 0.858876 -0.989804 0.142198 -0.008231
2.152382 -31.443964 -1179.756794 -328.562235 0.125208 0.906602 -0.402984 0.020338 0.403750 0.914643 -0.991922 0.122716 -0.032114
-1.798706 -31.009280 -136.930019 137.615125 0.137285 0.895866 -0.422583 0.091966 0.413251 0.905961 -0.986253 0.163238 0.025656
-47.473603 -68.658321 469.274182 -1177.050384 0.902168 0.247754 -0.353144 0.249423 0.368338 0.895609 -0.351967 0.896072 -0.270508
-50.051292 -71.771701 769.852815 -115.651403 0.916060 0.329298 -0.228905 0.183190 0.164165 0.969274 -0.356758 0.929846 -0.090061
-50.926681 -72.439124 1626.187991 -199.642701 0.882545 0.412122 -0.226429 0.156526 0.196595 0.967910 -0.443412 0.889666 -0.108996
-0.715289 -5.260322 -144.518936 6096.439690 0.766358 0.543645 -0.342266 0.106123 0.418326 0.902076 -0.633588 0.727635 -0.262894
4.593825 -22.765666 342.866324 5481.212513 0.763537 0.549165 -0.339748 0.069087 0.453630 0.888508 -0.642058 0.701881 -0.308424
4.377278 -3.999003 3967.787961 523.871236 0.220147 0.500176 0.837472 0.739912 0.473839 -0.477500 -0.635661 0.724776 -0.265772
1.274013 -7.021070 101.334578 2910.485147 0.698612 0.677250 0.230810 -0.343094 0.034008 0.938685 -0.627875 0.734967 -0.256119
3.152577 -16.802175 -310.999270 5269.957056 0.775449 0.610467 -0.161272 -0.064682 0.330875 0.941455 -0.628088 0.719619 -0.296063
20.815782 -55.014186 4202.124876 1940.662405 0.169070 0.964647 -0.202165 -0.902450 0.069053 -0.425224 0.396232 -0.254337 -0.882221
27.729655 -51.816883 8292.634879 5120.647838 0.250198 0.963730 -0.092873 -0.933315 0.214556 -0.287905 0.257536 -0.158713 -0.953145
38.397323 -60.893552 6613.087335 -6568.678901 0.129503 0.951997 -0.277365 0.955242 -0.044748 0.292422 0.265973 -0.302820 -0.915182
70.360721 -53.456690 17368.854559 -7707.639086 0.253814 0.948884 -0.187608 0.958094 -0.220006 0.183450 0.132798 -0.226308 -0.964961
32.378614 -62.098806 5767.414030 -2351.523264 0.036596 0.942003 -0.333604 -0.868409 -0.135210 -0.477058 0.494497 -0.307163 -0.813095
51.745672 -78.629478 6036.049584 4740.651898 -0.012091 0.891059 -0.453726 0.918055 0.189716 0.348113 0.396268 -0.412336 -0.820335
69.935135 -69.770511 10949.277233 -7002.850367 0.120268 0.918683 -0.376242 0.981359 -0.052794 0.184787 0.149897 -0.391452 -0.907907
-2.753846 -31.483406 -1335.363551 401.904664 0.699917 0.281624 0.656357 0.661360 0.091421 -0.744477 0.269667 -0.955160 0.122267
-2.911454 -33.437862 -1967.659818 -1316.400773 0.763309 0.282363 0.581060 0.570320 0.127981 -0.811392 0.303471 -0.950732 0.063348
-5.702563 -34.386388 -1350.237729 -1302.367492 0.739677 0.295125 0.604797 0.579678 0.177088 -0.795370 0.341836 -0.938904 0.040089
-4.895902 -41.287222 -1778.532113 -4046.614088 0.788494 0.299181 0.537371 0.499631 0.197940 -0.843320 0.358673 -0.933440 -0.006594
-2.416505 -60.262272 -2210.477090 3809.211220 -0.677697 -0.334935 -0.654633 0.685897 -0.608855 -0.398549 -0.265088 -0.719106 0.642351
3.389164 -60.991303 2309.639578 5998.765069 0.669830 0.332730 0.663791 0.664167 -0.668185 -0.335276 -0.331979 -0.665446 0.668559
-4.599163 -60.537736 2048.959470 1484.131175 0.674497 0.323976 0.663396 0.622961 -0.731976 -0.275918 -0.396199 -0.599376 0.695540
-8.178620 -61.015479 2503.176296 3597.632475 0.655024 0.348093 0.670652 -0.558533 0.820833 0.119475 -0.508905 -0.452840 0.732087
-8.271554 -60.237613 2252.201739 -661.668382 0.665048 0.330241 0.669815 0.622360 -0.740825 -0.252679 -0.412771 -0.584910 0.698213
-5.915937 -61.359441 -2958.165447 3711.972910 -0.668630 -0.359526 -0.650903 0.695110 -0.613111 -0.375390 -0.264114 -0.703446 0.659854
-11.588353 -50.341729 512.617959 970.582348 -0.657968 -0.074644 -0.749338 0.750141 -0.152297 -0.643502 -0.066088 -0.985512 0.156200
-11.833427 -51.509262 321.666442 -2139.548667 -0.594274 -0.073499 -0.800897 0.804241 -0.047008 -0.592441 0.005895 -0.996187 0.087046
-12.204391 -52.284240 287.635349 -259.337346 -0.599712 -0.115727 -0.791803 0.800164 -0.098006 -0.591720 -0.009123 -0.988434 0.151376
-9.208806 -114.327156 -1803.865816 -2361.668056 -0.121527 -0.485236 0.865897 0.236722 0.833022 0.500037 -0.963947 0.265745 0.013632
-10.774977 -112.747224 -791.482923 -2482.150081 -0.091792 -0.525558 0.845791 0.183448 0.825914 0.533116 -0.978734 0.204094 0.020601
-13.783494 -112.895475 -361.514230 -421.987132 -0.092079 -0.534889 0.839890 0.441610 0.734050 0.515898 -0.892470 0.418407 0.168622
-7.593867 -107.960801 -2127.564068 -3726.900298 -0.125303 -0.497959 0.858100 0.004961 0.864592 0.502450 -0.992106 0.067216 -0.105866
-11.858467 -112.068352 -858.682440 947.377505 -0.122569 -0.485120 0.865815 0.488986 0.729636 0.478042 -0.863637 0.481964 0.147787
-8.365406 -118.366505 -1694.282875 -1525.931916 -0.133621 -0.439482 0.888257 0.319257 0.829424 0.458400 -0.938201 0.344834 0.029480
-6.119447 -113.883170 -2840.515401 -4984.981628 -0.141158 -0.459766 0.876750 0.069060 0.878887 0.472005 -0.987575 0.127175 -0.092310
1.363231 -89.294499 886.920096 -8402.901271 -0.006608 -0.608433 0.793578 -0.414770 0.723777 0.551464 -0.909902 -0.325508 -0.257142
1.320364 -104.434899 905.894103 -7702.586872 0.004798 -0.627334 0.778735 -0.205549 0.761497 0.614714 -0.978635 -0.163017 -0.125294
-1.424508 -111.008472 484.538420 -6102.089830 -0.011056 -0.626557 0.779297 -0.066927 0.778061 0.624614 -0.997697 -0.045251 -0.050536
-0.915071 -94.655967 1142.154023 -9919.498718 -0.003336 -0.612219 0.790681 -0.322871 0.748998 0.578581 -0.946437 -0.253358 -0.200167
14.891758 -47.220769 -1957.561476 -656.058354 0.045395 0.979360 0.196958 0.571026 0.136336 -0.809532 0.819676 -0.149217 0.553052
9.162744 -49.119805 -1227.312668 400.098620 0.059729 0.969774 0.236582 0.523465 0.171374 -0.834635 0.849951 -0.173694 0.497406
13.159431 -42.396183 -1624.550762 -3147.442038 0.073885 0.976143 0.204172 0.667912 0.103597 -0.736995 0.740564 -0.190822 0.644323
10.551019 -49.659726 -680.435706 642.138657 0.020794 0.971240 0.237195 0.449947 0.202771 -0.869731 0.892813 -0.124810 0.432790
20.295046 -42.739863 -3252.511418 -2342.638257 0.075272 0.985275 0.153517 0.656194 0.066979 -0.751614 0.750829 -0.157313 0.641490
24.606758 -42.557616 -3631.657509 -1194.982301 0.041072 0.989427 0.139093 0.586604 0.088814 -0.804989 0.808832 -0.114655 0.576754
16.711159 -47.189800 -2472.948229 -246.326306 0.022433 0.978829 0.203449 0.484074 0.167419 -0.858861 0.874739 -0.117751 0.470070
-15.682315 -40.711017 -559.182407 -1314.849604 0.570570 0.447836 0.688399 -0.214116 0.890363 -0.401756 -0.792846 0.081833 0.603903
-12.092474 -42.774955 1253.871767 -1790.647863 0.618541 0.307386 0.723133 -0.110969 0.945255 -0.306886 -0.777877 0.109576 0.618790
-19.823936 -45.075293 -2038.845889 -1698.373000 0.576161 0.408107 0.708158 -0.099513 0.895002 -0.434820 -0.811256 0.180056 0.556277
-15.614572 -46.533956 2096.543507 -2782.947759 0.627324 0.201528 0.752231 0.029013 0.959217 -0.281177 -0.778218 0.198214 0.595893
-2.103027 -27.424836 -373.764783 -1778.536310 -0.319583 0.916151 0.241939 0.947317 0.303153 0.103386 0.021373 0.262233 -0.964768
5.074677 -37.664409 2991.871644 -1822.216481 -0.001957 0.955570 0.294759 0.996845 -0.021524 0.076396 0.079346 0.293979 -0.952513
-1.201234 -38.331098 3737.522453 -1456.941718 -0.054567 0.948682 0.311490 0.996395 0.031440 0.078795 0.064958 0.314666 -0.946977
-1.588013 -31.480779 2692.953586 -2438.788745 -0.067241 0.950689 0.302769 0.997087 0.074981 -0.013999 -0.036011 0.300945 -0.952961
