13885
27758
-23.800751 -35.979001 -365.550046 2782.018868 0.962308 0.268697 0.042008 -0.033831 0.271535 -0.961834 0.269849 -0.924159 -0.270391
-27.001775 -39.758180 656.881503 1782.644415 0.913720 0.375300 -0.155774 -0.200129 0.082001 -0.976332 0.353644 -0.923269 -0.150035
-30.337856 -47.062101 171.657545 3687.102303 0.910495 0.259738 0.321768 0.282701 0.176906 -0.942754 0.301792 -0.949337 -0.087644
-22.348618 -34.710847 176.109709 1540.085965 0.779044 0.439112 -0.447516 -0.509440 0.027281 -0.860074 0.365460 -0.898018 -0.244955
-22.883930 -50.510438 -1217.462355 5291.374608 0.915137 0.152116 0.373342 0.328364 0.256009 -0.909196 0.233882 -0.954631 -0.184334
-14.805350 -45.106155 -2536.446419 5885.930164 0.962099 0.087064 0.258427 0.211871 0.357970 -0.909378 0.171683 -0.929665 -0.325956
-16.620365 -28.237167 -1359.962039 2562.510632 0.974176 0.219387 -0.053398 -0.135276 0.377739 -0.915977 0.180783 -0.899546 -0.397662
-18.956536 -28.050955 -360.909198 1653.776704 0.775572 0.412091 -0.478194 -0.576719 0.154535 -0.802194 0.256679 -0.897942 -0.357513
-26.487430 -42.075436 283.148555 -216.551443 0.121916 0.677668 -0.725191 0.271622 0.679970 0.681075 0.954651 -0.280012 -0.101171
-27.451332 -42.850919 26.995198 -47.658104 0.195180 0.614289 -0.764561 0.390628 0.666364 0.635113 0.899619 -0.422620 -0.109898
-25.791771 -41.238620 687.029729 239.757623 0.021865 0.645211 -0.763691 0.394938 0.696172 0.599474 0.918448 -0.314718 -0.239596
-26.264156 -40.948624 421.598559 304.654459 0.002448 0.709396 -0.704806 -0.262963 -0.679547 -0.684885 0.964803 -0.187015 -0.184881
-24.251363 -39.194092 808.381023 197.754842 -0.089597 0.586259 -0.805154 0.524333 0.715076 0.462322 0.846787 -0.380746 -0.371463
-24.892076 -39.616815 331.318911 194.271550 -0.086238 0.629463 -0.772230 0.405192 0.730275 0.550016 0.910155 -0.265469 -0.318031
22.349197 -54.459321 -2790.545723 -603.261889 0.956381 -0.227116 0.183721 0.291656 0.777864 -0.556655 0.016485 -0.585958 -0.810174
14.341933 -54.811566 -1877.878117 -848.350528 0.969150 -0.210180 0.128733 0.242042 0.713027 -0.658034 -0.046516 -0.668892 -0.741902
20.618832 -49.440052 -2747.219338 -719.667830 0.967791 -0.196645 0.157198 0.248032 0.637763 -0.729204 -0.043139 -0.744707 -0.665996
22.274404 -45.964118 -2602.307803 -449.334089 0.981449 -0.141724 0.129124 0.181835 0.474541 -0.861247 -0.060785 -0.868749 -0.491508
34.252676 -43.922639 -4875.561226 189.359991 0.978387 -0.124498 0.165103 0.206539 0.549707 -0.809422 -0.010013 -0.826028 -0.563540
32.640669 -45.664444 -3133.864645 -1182.029109 0.952365 -0.146525 0.267454 0.292149 0.689894 -0.662341 0.087465 -0.708927 -0.699838
28.598560 -24.879577 -5519.480460 2.607947 0.863929 -0.332734 -0.378042 -0.136989 0.567092 -0.812183 -0.484625 -0.753456 -0.444346
7.614342 -27.980580 -5545.325065 204.095102 0.839456 -0.472836 -0.267841 0.075522 0.589600 -0.804157 -0.538154 -0.654827 -0.530653
5.269909 -29.939850 -7292.379932 20.100266 0.815925 -0.461625 -0.348094 -0.064625 0.525482 -0.848347 -0.574535 -0.714683 -0.398921
26.354656 -22.751144 -4572.675508 333.095553 0.887020 -0.316377 -0.336306 -0.053872 0.652470 -0.755897 -0.458578 -0.688613 -0.561710
31.582180 -20.618258 210.617032 245.917237 0.952452 -0.093144 -0.290104 -0.171753 0.622309 -0.763696 -0.251668 -0.777210 -0.576721
38.164866 -60.280511 233.111052 -1721.205850 -0.853406 0.228004 -0.468735 0.310523 0.944654 -0.105854 0.418657 -0.235890 -0.876973
37.811771 -50.566627 -629.400495 -1476.753858 0.872383 -0.182539 0.453461 0.357079 0.871493 -0.336145 0.333829 -0.455169 -0.825457
38.549193 -46.988958 -617.114650 -1668.757787 -0.799872 0.149757 -0.581186 0.345435 0.906767 -0.241763 0.490794 -0.394141 -0.777029
35.638438 -58.492335 -1740.384579 -2496.987028 -0.760247 0.222339 -0.610402 0.319119 0.946243 -0.052788 0.565852 -0.234922 -0.790331
2.286876 -34.121820 57.371568 -297.422064 -0.894108 -0.154277 0.420439 0.055942 0.892967 0.446633 -0.444343 0.422858 -0.789778
3.394137 -33.991782 -39.442103 474.978690 0.896768 0.158389 -0.413183 0.125987 0.803707 0.581534 -0.424187 0.573557 -0.700784
3.132255 -33.447663 -10.513554 473.170182 0.896154 0.193690 -0.399240 0.085524 0.807449 0.583705 -0.435424 0.557234 -0.707034
2.854110 -34.638992 -82.830897 -324.893661 0.898653 0.125768 -0.420244 0.082549 0.892415 0.443599 -0.430823 0.433333 -0.791590
1.771279 -33.987967 129.284007 -591.303005 -0.894747 -0.130396 0.427113 0.016803 0.945914 0.323983 -0.446258 0.297060 -0.844162
0.519296 -33.528661 128.124387 -436.949403 -0.892461 -0.155144 0.423608 -0.015052 0.948722 0.315752 -0.450874 0.275420 -0.849033
0.913838 -36.624074 -455.735158 560.905809 0.985430 0.164663 -0.042582 0.158152 -0.795036 0.585581 -0.062570 0.583784 0.809495
2.016047 -35.544934 -169.359412 623.378036 0.984340 0.164697 -0.062843 0.173276 -0.838462 0.516679 -0.032404 0.519477 0.853870
1.198382 -34.244513 -587.189348 610.261677 0.984121 0.174337 -0.033357 0.170542 -0.876600 0.449987 -0.049208 0.448530 0.892412
1.334099 -37.347599 -217.062783 670.106179 0.983377 0.170195 -0.063275 0.171745 -0.758725 0.628363 -0.058936 0.628785 0.775343
-0.109847 -37.808855 -286.212989 167.276065 0.983989 0.168456 -0.058206 0.157057 -0.665176 0.729982 -0.084252 0.727436 0.680983
4.781981 -34.407465 -385.104051 -1108.908969 0.957666 0.210305 -0.196590 0.197159 0.018473 0.980198 -0.209772 0.977461 0.023772
1.771710 -42.802240 -98.169285 -2555.154099 0.946765 0.208799 -0.245029 0.274347 -0.125078 0.953462 -0.168434 0.969927 0.175703
2.848357 -38.592593 -279.701717 -2304.919012 0.936185 0.223030 -0.271691 0.287050 -0.038966 0.957123 -0.202880 0.974032 0.100500
-7.970901 -55.475410 -23.305025 -986.449770 0.954976 0.243946 -0.168853 0.285125 -0.597323 0.749606 -0.082003 0.764000 0.639984
-8.554767 -51.632104 191.388450 -663.578693 0.950451 0.234563 -0.204017 0.290015 -0.432677 0.853629 -0.111957 0.870500 0.479265
-6.567982 -52.366470 -424.623711 -686.166553 0.947496 0.274707 -0.163668 0.273963 -0.433419 0.858541 -0.164910 0.858303 0.485922
-5.053906 -53.059734 -800.459656 -562.511721 0.945324 0.291457 -0.146338 0.265408 -0.426757 0.864545 -0.189527 0.856114 0.480778
-4.872555 -55.443339 -625.101712 -1060.180269 0.952879 0.272364 -0.133563 0.276561 -0.599090 0.751402 -0.124638 0.752933 0.646186
-2.996484 -31.410043 -333.132374 717.131932 0.882167 0.361608 -0.301696 -0.127210 0.799787 0.586650 -0.453430 0.479145 -0.751546
-1.360601 -32.481166 -424.643941 505.160167 0.884732 0.332864 -0.326268 -0.060339 0.775900 0.627964 -0.462178 0.535893 -0.706548
-1.278517 -31.991466 -283.615113 -139.673744 0.879157 0.389885 -0.273992 -0.122536 0.740600 0.660679 -0.460508 0.547267 -0.698879
3.491695 -16.152680 1194.928369 -690.960188 0.962479 0.177103 0.205592 0.028250 0.688136 -0.725031 0.269881 -0.703635 -0.657314
2.431954 -18.025823 1415.130492 -634.524332 0.958635 0.148547 0.242802 0.057967 0.733258 -0.677475 0.278673 -0.663526 -0.694316
9.221913 -19.312997 1398.532398 -663.008333 0.965789 0.188104 0.178517 -0.019614 0.739391 -0.672990 0.258586 -0.646465 -0.717786
0.320337 -55.860841 259.551414 -482.016577 0.203896 0.775856 0.597055 0.964821 -0.055859 -0.256904 -0.165970 0.628433 -0.759952
-0.485118 -57.189913 327.202440 -679.755383 0.196063 0.773278 0.602993 0.978132 -0.110698 -0.176080 -0.069409 0.624329 -0.778072
-1.364668 -55.676149 421.161720 294.883220 0.180976 0.769299 0.612721 0.946721 0.032485 -0.320413 -0.266397 0.638063 -0.722432
-0.366048 -55.140278 204.728332 60.152503 0.183012 0.775035 0.604837 0.901155 0.113670 -0.418329 -0.392971 0.621611 -0.677624
1.552008 -53.205493 114.231878 -595.656661 0.220607 0.781385 0.583756 0.939934 -0.010470 -0.341196 -0.260493 0.623962 -0.736760
-5.767858 -90.085733 -199.654313 -1558.166259 -0.131466 0.850716 0.508920 -0.693471 -0.445775 0.566023 -0.708389 0.278509 -0.648551
-5.601417 -86.808985 -251.046761 1597.992693 -0.095213 0.871604 0.480876 -0.865882 -0.310836 0.391957 -0.491104 0.379062 -0.784301
-5.289771 -100.698981 -178.326527 -542.038388 -0.133947 0.864718 0.484068 -0.826701 -0.366862 0.426589 -0.546465 0.343039 -0.764003
-5.569999 -89.582746 -86.290466 57.444595 -0.103518 0.850372 0.515898 -0.754680 -0.405011 0.516163 -0.647875 0.335906 -0.683685
-6.232196 -128.620381 -497.767988 -7812.770386 -0.186014 0.827189 0.530242 -0.597418 -0.523663 0.607345 -0.780058 0.203802 -0.591587
-6.359085 -114.269427 -310.227852 -7499.397726 -0.167318 0.816880 0.552006 -0.462395 -0.559520 0.687843 -0.870744 0.140156 -0.471339
-5.813675 -103.806424 -48.930488 -5973.467419 -0.135552 0.824541 0.549325 -0.546637 -0.524658 0.652627 -0.826326 0.211817 -0.521843
5.433433 -14.845539 -1632.847153 265.584340 0.926822 -0.142923 0.347238 0.375309 0.382213 -0.844427 0.012031 -0.912955 -0.407883
5.904189 -16.051869 -1715.443841 -230.087223 0.952141 -0.106519 0.286499 0.303796 0.433147 -0.848582 0.033706 -0.895007 -0.444777
0.219609 -15.783319 -745.144328 -216.438097 0.878815 -0.181084 0.441466 0.475789 0.402682 -0.781967 0.036169 -0.897249 -0.440041
12.009323 -15.954236 -1970.272218 -12.757744 0.970373 -0.063029 0.233245 0.238616 0.401521 -0.884219 0.037921 -0.913679 -0.404665
0.038070 -15.497566 -625.951987 159.858973 0.849137 -0.199333 0.489115 0.527747 0.357415 -0.770544 0.021222 -0.912426 -0.408692
10.847488 -255.284050 -2967.538656 -5453.769517 -0.274728 0.830225 0.485027 -0.325058 -0.554931 0.765760 -0.904910 -0.052713 -0.422326
5.577845 -266.169867 -379.024532 -28583.403951 -0.225281 0.834844 0.502279 -0.535681 -0.536751 0.651878 -0.813815 0.122205 -0.568130
13.857628 -382.689502 -3510.544435 -46319.033145 -0.244138 0.824450 0.510568 -0.661381 -0.526607 0.534098 -0.709205 0.207286 -0.673840
5.585491 -795.804283 -6711.831466 161711.460379 -0.178315 0.908183 0.378692 -0.159963 -0.406496 0.899540 -0.970884 -0.099824 -0.217760
12.088757 -270.697120 -4509.022773 30350.061858 -0.320278 0.805798 0.498109 0.153594 -0.474679 0.866654 -0.934789 -0.354077 -0.028263
9.052570 -29.040952 2875.832022 -84.411537 0.937424 0.293309 -0.187636 -0.186269 0.877734 0.441461 -0.294178 0.378885 -0.877442
7.084233 -29.107936 1801.173839 59.361640 0.935050 0.292133 -0.200850 -0.205376 0.908159 0.364784 -0.288969 0.299841 -0.909171
6.244134 -28.903882 1497.567231 -161.257812 0.932932 0.298726 -0.200999 -0.178517 0.868571 0.462294 -0.312681 0.395407 -0.863646
-7.103623 -24.924603 616.279382 -566.183037 0.952730 0.144582 -0.267210 0.128149 0.606203 0.784918 -0.275469 0.782057 -0.559020
-6.730064 -26.117279 574.426929 -609.372687 0.948327 0.085762 -0.305484 0.211073 0.548334 0.809183 -0.236904 0.831850 -0.501898
-3.936835 -23.147399 1054.123327 -818.262976 0.932069 0.021303 -0.361655 0.270324 0.623706 0.733428 -0.241190 0.781369 -0.575578
-4.018244 -21.728048 1324.085150 -735.999063 0.936494 0.053632 -0.346557 0.207752 0.711302 0.671482 -0.282520 0.700837 -0.654988
-8.286650 -25.127798 519.741245 -584.816662 0.949869 0.214969 -0.227020 0.041908 0.632020 0.773818 -0.309827 0.744540 -0.591327
-2.556947 -21.190911 1268.514765 -756.051560 0.920808 -0.004145 -0.389994 0.288866 0.679099 0.674819 -0.262048 0.734035 -0.626517
10.587718 -22.512913 -500.581034 482.607763 -0.120505 -0.149990 -0.981316 0.813977 0.550931 -0.184163 0.568260 -0.820962 0.055699
8.793773 -15.599865 -858.770463 883.857699 -0.104055 -0.145976 -0.983800 0.751881 0.635954 -0.173888 0.651036 -0.757795 0.043582
10.905208 -20.191897 280.454562 838.663166 -0.111446 -0.059012 -0.992017 0.794563 0.594257 -0.124613 0.596866 -0.802108 -0.019339
13.019365 -27.344890 681.948029 883.880060 -0.131811 -0.046255 -0.990195 0.859181 0.492881 -0.137394 0.494403 -0.868867 -0.025225
0.504309 -29.043632 -138.257343 117.001933 0.997870 0.046003 -0.046252 0.018128 -0.876633 -0.480818 0.062665 -0.478955 0.875600
1.047594 -27.719625 -133.317577 118.951206 0.997710 0.052512 -0.042622 0.016885 -0.803647 -0.594867 0.065491 -0.592785 0.802693
-0.684501 -28.435865 -337.203120 90.791133 0.998173 0.048034 -0.036640 0.018941 -0.824730 -0.565210 0.057367 -0.563484 0.824133
-4.053939 -58.962174 108.267074 1296.534053 0.924006 0.280510 -0.259859 0.188794 0.256298 0.947981 -0.332520 0.925000 -0.183862
-3.403741 -56.695269 -49.482846 876.289341 0.927097 0.299005 -0.226024 0.222733 0.045521 0.973816 -0.301465 0.953165 0.024396
-4.379587 -55.750793 -116.763535 712.390333 0.930594 0.284562 -0.230257 0.205681 0.113854 0.971974 -0.302802 0.951873 -0.047423
7.333302 -111.408665 -365.624104 -7462.954585 0.958416 0.245895 -0.144828 -0.242877 0.969295 0.038444 0.149834 -0.001669 0.988710
5.885192 -90.813768 -517.943273 -2973.578957 0.958532 0.261156 -0.114083 -0.240191 0.955760 0.169799 0.153380 -0.135356 0.978853
5.246170 -107.553211 -1131.416713 6229.213363 0.957798 0.268878 -0.101619 0.280888 -0.950578 0.132300 0.061024 0.155261 0.985987
11.291388 -286.973785 -751.650716 45351.796472 0.952752 0.267103 -0.144635 0.300357 -0.899418 0.317543 0.045270 0.345982 0.937148
3.598804 -106.065874 -485.076514 6539.151150 0.954290 0.262185 -0.143493 0.294530 -0.906565 0.302313 0.050824 0.330757 0.942346
5.210204 -151.260728 -1294.177046 13888.658866 0.942707 0.298200 -0.149601 0.333050 -0.814948 0.474275 -0.019512 0.496927 0.867573
-27.646957 -446.663310 -3757.966605 67785.220485 0.445875 0.842305 0.302849 0.602168 -0.031936 -0.797730 0.662261 -0.538054 0.521448
-58.053379 -1229.028867 -453.708991 234542.559061 0.237808 0.941666 0.238144 0.856081 -0.087368 -0.509404 0.458882 -0.325011 0.826919
-93.833747 -1599.845885 12898.662624 148017.546306 -0.430179 -0.854865 -0.290090 0.874230 -0.314371 -0.369992 0.225097 -0.412768 0.882584
-16.866928 -533.351746 -1974.889822 97320.511110 0.586219 0.780559 0.216968 0.414955 -0.059274 -0.907909 0.695816 -0.622265 0.358644
8.666208 -171.882647 2663.499804 34078.829685 0.479549 0.818235 0.317056 0.190578 -0.449800 0.872559 -0.856570 0.358011 0.371639
-0.098202 -74.113533 1304.589461 9773.431871 0.464491 0.868669 0.172229 0.290911 -0.333361 0.896795 -0.836432 0.366450 0.407548
5.840375 -57.492655 1340.686678 3129.001898 0.444805 0.881429 0.158846 0.345841 -0.332637 0.877352 -0.826161 0.335315 0.452793
9.534403 -71.810811 676.871828 2359.208068 0.410396 0.891519 0.191753 0.348824 -0.347760 0.870279 -0.842554 0.290271 0.453702
35.729640 -755.659925 -1578.480990 159552.954499 0.398395 0.907212 0.135087 0.254341 -0.250774 0.934036 -0.881245 0.337757 0.330648
-6.469086 -25.265098 30.660394 433.166091 0.968490 0.216228 -0.123582 -0.247110 0.896143 -0.368597 -0.031046 -0.387521 -0.921338
-6.754999 -24.857028 211.157233 275.810420 0.978511 0.171643 -0.114260 -0.200837 0.918886 -0.339579 -0.046705 -0.355229 -0.933612
-6.055893 -25.552561 49.716260 -284.201726 0.978520 0.179036 -0.102204 -0.201722 0.933781 -0.295571 -0.042518 -0.309838 -0.949838
-15.849164 -42.832288 -2817.606153 -3996.534533 0.993142 -0.116734 0.006541 -0.116768 -0.987506 0.105816 0.005893 0.105854 0.994364
-16.055189 -32.058107 -2059.494876 -2943.942181 0.992890 0.116993 -0.021960 0.118831 -0.963335 0.240552 -0.006988 0.241451 0.970388
-8.542569 -40.510246 -3989.604633 -4566.526410 0.997032 0.006445 0.076724 -0.008946 -0.980041 0.198592 -0.076472 0.198689 0.977075
-3.671416 -47.882452 -5001.939810 3055.504760 0.991794 -0.047656 0.118629 0.049770 0.998649 -0.014925 -0.117758 0.020706 0.992826
-26.943871 -32.848573 -1041.732847 659.446604 0.990444 -0.034182 0.133610 -0.118671 0.282365 0.951939 0.070266 0.958698 -0.275610
-31.327980 -33.658233 -899.175686 1173.966288 0.875053 -0.058310 0.480502 -0.450288 0.266075 0.852317 0.177549 0.962187 -0.206573
-31.424961 -37.167764 -853.728873 1608.938637 0.900353 0.001478 0.435157 -0.399649 0.398469 0.825532 0.172177 0.917180 -0.359354
-28.418565 -36.736990 -1102.243339 1139.738932 0.986240 0.011379 0.164928 -0.154484 0.418666 0.894904 0.058866 0.908069 -0.414663
-35.539826 -54.118406 -332.349249 -2043.724044 0.104306 -0.523913 -0.845361 0.990480 -0.022052 0.135879 -0.089831 -0.851486 0.516625
-34.095159 -42.204151 382.234634 -4794.381657 -0.027860 -0.400620 -0.915821 0.962944 -0.256625 0.082965 -0.268260 -0.879572 0.392924
-35.877823 -55.202289 123.385005 -2227.947711 0.005678 -0.387275 -0.921947 0.996914 -0.069998 0.035544 -0.078300 -0.919303 0.385682
-35.938572 -57.507737 382.089054 396.031631 -0.002884 -0.347074 -0.937833 0.988640 0.139942 -0.054830 0.150272 -0.927338 0.342728
-36.989485 -57.017037 -252.220682 314.786217 0.029877 -0.481145 -0.876132 0.991588 0.124705 -0.034670 0.125939 -0.867726 0.480823
11.233412 -30.482009 1761.773259 63.420141 0.971277 0.163368 0.173008 -0.133006 0.975622 -0.174559 -0.197308 0.146534 0.969328
21.600765 -35.139125 3801.833959 -1391.620783 0.961175 -0.057075 0.269972 -0.122800 -0.964627 0.233270 -0.247108 0.257366 0.934184
7.971137 -29.169137 2049.176689 -404.407881 0.979443 0.049058 0.195666 -0.006468 -0.961840 0.273534 -0.201619 0.269177 0.941750
1.619371 -28.318645 685.110075 9.498388 0.965468 0.208743 0.155875 0.156181 -0.942646 0.295001 -0.208514 0.260469 0.942697
2.479555 -28.145088 1005.557266 80.257190 0.954631 0.267851 0.130133 0.233766 -0.944763 0.229729 -0.184478 0.188886 0.964515
6.074928 -27.992052 1638.203409 -115.968900 0.942837 0.318611 0.097700 -0.304963 0.943095 -0.132554 -0.134373 0.095182 0.986349
-2.806293 -19.282671 1494.610790 218.012661 0.943376 0.321838 -0.080382 0.028797 -0.320856 -0.946690 0.330472 -0.890770 0.311956
-10.623981 -20.517298 1332.975734 837.229260 0.870985 0.408212 0.273399 0.356578 -0.142405 -0.923349 0.337989 -0.901711 0.269593
-0.301016 -17.462973 1461.326240 663.207870 0.941874 0.327557 -0.074704 -0.001181 -0.219125 -0.975696 0.335965 -0.919071 0.206001
4.784172 -19.309019 1011.684388 762.614411 0.944560 0.284375 -0.164128 -0.078836 -0.288822 -0.954131 0.318735 -0.914173 0.250391
2.373685 -20.270978 931.287505 131.122149 0.945035 0.273144 -0.179727 -0.061492 -0.391397 -0.918165 0.321136 -0.878750 0.353087
-2.796420 -40.836440 -157.545619 -46.874075 0.138158 0.894716 -0.424729 -0.526426 0.429587 0.733710 -0.838921 -0.122220 -0.530353
-3.951412 -39.520748 65.427439 541.665525 0.160860 0.890540 -0.425514 -0.417606 0.452047 0.788199 -0.894276 -0.050908 -0.444611
-2.464893 -40.477823 24.885822 -188.299183 0.183768 0.873653 -0.450510 -0.571944 0.467780 0.673841 -0.799443 -0.133837 -0.585643
-3.920678 -39.249780 6.854214 450.319129 0.185162 0.873228 -0.450763 -0.411951 0.485419 0.771145 -0.892195 -0.042906 -0.449608
-1.674542 -41.127516 -134.203133 -327.888721 0.152419 0.883784 -0.442374 -0.639747 0.429403 0.637445 -0.753320 -0.185849 -0.630847
-1.068358 -39.193329 84.083842 -502.690684 0.201048 0.863404 -0.462723 -0.709879 0.453920 0.538543 -0.675019 -0.220204 -0.704173
-1.667178 -38.881142 53.202608 -509.005818 0.220345 0.851153 -0.476431 -0.661437 0.489365 0.568351 -0.716902 -0.189896 -0.670813
-2.975011 -39.808071 -35.732302 -158.674162 0.207322 0.856732 -0.472259 -0.523022 0.505032 0.686579 -0.826720 -0.104659 -0.552794
-6.679859 -63.401014 171.285270 -3574.888248 0.483731 -0.521255 0.703063 0.855644 0.450590 -0.254643 -0.184059 0.724750 0.663973
-6.903994 -74.732688 755.187796 -3947.869264 0.430440 -0.576673 0.694385 0.901640 0.310529 -0.301027 -0.042032 0.755659 0.653615
-7.832736 -70.853404 151.012322 -3179.475596 0.430962 -0.537644 0.724714 0.902370 0.256902 -0.346020 -0.000144 0.803082 0.595869
-4.857148 -67.160332 739.707081 -4162.065442 0.491915 -0.554545 0.671192 0.836846 0.513866 -0.188762 -0.240226 0.654539 0.716847
-5.346440 -54.316608 309.452262 -2073.885602 0.536940 -0.501233 0.678573 0.784194 0.593095 -0.182423 -0.311022 0.630083 0.711520
1.182378 -74.703989 348.914809 -3606.011485 -0.698383 0.448373 -0.557874 0.700312 0.267201 -0.661942 -0.147733 -0.852974 -0.500609
0.760882 -61.352754 -433.218750 -3601.583603 0.673974 -0.459129 0.578757 0.671290 0.053538 -0.739258 -0.308430 -0.886755 -0.344292
1.528441 -62.050766 -144.435853 -3283.945163 0.676448 -0.448643 0.584070 0.662520 0.024288 -0.748650 -0.321691 -0.893381 -0.313665
0.956846 -76.410943 354.104331 -4556.655822 0.701888 -0.420871 0.574648 0.694990 0.227944 -0.681931 -0.156017 -0.878014 -0.452493
-8.918585 -31.098788 986.240895 -1167.708527 0.019887 -0.550369 0.834685 0.942096 -0.269208 -0.199955 0.334753 0.790330 0.513146
-11.237569 -27.985934 814.579273 -811.687732 0.048154 -0.507457 0.860331 0.953693 -0.232668 -0.190616 0.296901 0.829671 0.472754
-8.442369 -27.083097 917.284603 -524.773181 0.076768 -0.560150 0.824827 0.972754 -0.139430 -0.185225 0.218759 0.816573 0.534184
-6.168586 -27.580495 234.761400 -418.127559 0.067301 -0.567924 0.820325 0.984566 -0.095326 -0.146772 0.161554 0.817542 0.552744
-6.812215 -31.265377 471.825779 -943.575514 0.017794 -0.565083 0.824842 0.956326 -0.231114 -0.178962 0.291761 0.792002 0.536291
-7.430336 -24.728200 661.993900 -331.049927 0.176653 -0.564187 0.806527 0.979360 0.018982 -0.201230 0.098222 0.825429 0.555896
-3.107328 -69.992556 -1009.156954 -749.682519 0.423109 0.722453 -0.546846 0.478585 -0.690664 -0.542161 0.769373 0.032319 0.637982
-5.954881 -64.820341 -489.175621 -860.785662 0.395425 0.711547 -0.580809 0.532659 -0.692802 -0.486106 0.748273 0.117155 0.652964
-4.810559 -63.396443 -985.266775 -1537.815586 0.408843 0.728894 -0.549146 0.663942 -0.650406 -0.368989 0.626122 0.213742 0.749857
-1.227628 -67.113650 -1182.352743 -1168.380395 0.411142 0.739857 -0.532516 0.652352 -0.646834 -0.395023 0.636710 0.184977 0.748588
-3.090119 -60.209594 -1109.303481 -2159.388757 0.393294 0.748560 -0.533833 0.805150 -0.560749 -0.193118 0.443907 0.353864 0.823242
3.019183 -111.739494 -784.979313 4367.954802 0.029715 0.993618 -0.108813 -0.965334 0.000284 -0.261018 0.259322 -0.112797 -0.959182
4.105313 -139.316198 -629.378292 -9403.482743 -0.021547 0.992006 -0.124340 0.998440 0.027758 0.048439 0.051503 -0.123103 -0.991057
0.920823 -102.235971 -631.553895 -2009.420873 -0.045528 0.991508 -0.121818 0.998781 0.042852 -0.024493 -0.019065 -0.122785 -0.992250
-0.003883 -108.968472 -970.302197 4337.815710 0.035591 0.992845 -0.113982 -0.945637 -0.003436 -0.325207 0.323271 -0.119360 -0.938749
-12.692990 -68.473546 457.951670 21.976145 0.009311 -0.982585 0.185578 0.986250 -0.021599 -0.163843 0.164998 0.184552 0.968874
-15.708655 -66.344044 350.615607 3712.753845 -0.001577 -0.969281 0.245951 0.997949 -0.017266 -0.061645 0.063998 0.245349 0.967320
-13.122084 -71.027239 951.343860 3142.202861 0.024855 -0.987767 0.153941 0.999040 0.030100 0.031832 -0.036077 0.153002 0.987567
-9.735320 -80.501559 367.693606 1239.796115 0.022588 -0.990565 0.135170 0.991311 0.004667 -0.131458 0.129587 0.136965 0.982063
-2.094015 -191.617786 828.166804 18787.641477 0.032720 0.997462 0.063238 0.381984 0.045989 -0.923024 0.923590 -0.054357 0.379509
-1.248354 -174.395117 -18.204324 -8148.140505 0.035868 0.999184 0.018594 0.201946 0.010976 -0.979335 0.978740 -0.038882 0.201387
-1.694607 -177.586637 -210.321775 2636.404822 0.022284 0.997011 0.073973 0.540452 0.050235 -0.839874 0.841079 -0.058695 0.537718
-3.243649 -160.008228 708.922710 -4498.758006 0.045800 0.998528 0.029070 0.077056 0.025482 -0.996701 0.995974 -0.047889 0.075775
-6.310909 -175.239241 1207.818398 306.393140 0.061682 0.996527 0.055935 0.160692 0.045395 -0.985960 0.985075 -0.069805 0.157334
-4.987135 -187.489954 1152.515425 10144.528064 0.030587 0.998561 0.044040 0.535934 0.020807 -0.844003 0.843705 -0.049418 0.534527
-18.003004 -94.228719 -7826.283061 -3605.140881 0.735653 0.281569 -0.616062 -0.539313 -0.306803 -0.784228 0.409824 -0.909170 0.073847
28.373360 -105.742579 -12367.689212 15759.241399 0.641895 0.552498 -0.531712 -0.031580 0.711883 0.701588 0.766142 -0.433554 0.474402
7.699340 -50.684726 -1877.185790 -9889.188104 0.497039 0.824075 -0.271757 0.383970 -0.489727 -0.782773 0.778151 -0.284723 0.559834
50.551926 -505.331640 -876.363140 -93828.728671 -0.048481 0.865894 0.497872 0.735581 -0.306253 0.604260 -0.675700 -0.395520 0.622088
-86.234255 -656.051630 -6862.569278 -12425.496735 0.551543 0.825672 0.118598 0.559068 -0.260385 -0.787174 0.619067 -0.500464 0.605221
-106.547981 -7204.198871 -6311.291862 2052463.311797 0.512896 0.827185 -0.229568 -0.587824 0.143524 -0.796156 0.625620 -0.543291 -0.559852
61.758959 -210.494545 4270.424891 11266.625803 0.332942 0.696490 -0.635650 -0.601989 0.675858 0.425236 -0.725782 -0.241075 -0.644301
15.606146 -12.762853 -4816.772789 597.250687 -0.685326 -0.727260 -0.037695 0.721164 -0.670565 -0.173969 0.101244 -0.146410 0.984029
-0.206509 -12.253614 -2065.561362 261.366619 -0.296889 -0.950875 -0.087711 0.948669 -0.283215 -0.140770 0.109014 -0.125001 0.986149
36.904981 -11.363627 -9493.449288 -295.237353 -0.651146 -0.758752 -0.017459 0.744987 -0.634602 -0.205610 0.144927 -0.146888 0.978478
-4.875232 -14.830015 -19.972937 -177.208345 0.846207 0.385193 -0.368184 0.530868 -0.549843 0.644866 -0.045955 0.741147 0.669768
-4.873574 -16.003256 130.659637 -274.341339 0.751615 0.478309 -0.454198 0.657225 -0.484658 0.577202 -0.055950 0.732343 0.678633
-3.778992 -16.140868 5.763694 -650.223068 0.837932 0.395294 -0.376315 0.545296 -0.577473 0.607599 -0.022868 0.714330 0.699435
-0.640066 -27.962772 -299.641636 -238.050934 0.466752 0.744907 -0.476713 0.685705 0.035602 0.727009 0.558526 -0.666217 -0.494169
0.339090 -26.266872 -141.667243 -197.514549 0.439898 0.747904 -0.497120 0.775626 -0.037396 0.630084 0.452652 -0.662752 -0.596544
-0.835410 -25.572308 -444.366240 -95.606382 0.440007 0.736294 -0.514067 0.753084 0.009265 0.657860 0.489141 -0.676598 -0.550415
-1.641569 -27.552315 -410.261386 -245.499230 0.462462 0.741003 -0.486871 0.663796 0.074678 0.744176 0.587795 -0.667337 -0.457339
-806.948994 -1679.059469 145402.421602 -512569.206440 -0.093816 0.785152 0.612155 -0.027095 -0.616653 0.786769 -0.995221 -0.057225 -0.079126
-135.110243 -409.193630 14338.868985 -103036.538908 0.742115 -0.230708 0.629316 -0.170507 0.843030 0.510125 -0.648222 -0.485874 0.586288
205.290068 -1626.484563 -7149.274777 609126.885489 0.717791 0.676084 0.166394 0.147324 -0.381052 0.912740 -0.680494 0.630643 0.373119
-13.982427 -2723.046062 42365.363151 499844.686661 0.875152 -0.294443 -0.383944 -0.123443 0.631389 -0.765578 -0.467837 -0.717392 -0.516215
303.341473 197.863961 -89711.698365 39355.017284 -0.060854 0.934210 0.351496 -0.866327 -0.224338 0.446263 -0.495757 0.277353 -0.822982
-0.445210 -56.216422 101.721490 -3333.351764 0.051685 -0.501361 0.863693 0.998215 0.051861 -0.029630 -0.029937 0.863683 0.503146
-27.207296 -50.671308 5862.760418 -6375.484116 -0.250870 -0.596558 0.762354 0.959679 -0.050106 0.276595 -0.126807 0.801005 0.585074
-16.324087 -33.371555 2164.336905 931.240028 0.305354 -0.434429 0.847367 0.925515 0.344737 -0.156775 -0.224011 0.832122 0.507338
-3.789223 -51.258220 -83.419238 1914.292196 0.319200 -0.413602 0.852669 0.927053 0.323008 -0.190365 -0.196684 0.851234 0.486535
-3.043774 -44.372331 -41.413274 -709.626793 0.627634 0.722532 -0.289868 -0.023593 -0.354514 -0.934753 0.778151 -0.593522 0.205459
-2.989824 -44.139405 -48.082798 -351.823215 0.618575 0.730848 -0.288489 -0.011596 -0.358631 -0.933407 0.785640 -0.580728 0.213365
-2.788518 -43.881981 -15.126386 251.400009 0.623569 0.725466 -0.291308 0.073976 -0.425712 -0.901830 0.778260 -0.540803 0.319128
-33.178587 -45.915000 447.983184 1574.301964 0.927821 0.358300 0.103775 0.096933 0.037061 -0.994601 0.360211 -0.932871 0.000345
-27.326541 -41.757912 379.740145 1571.700388 0.838431 0.456384 -0.297906 -0.305400 -0.059304 -0.950376 0.451403 -0.887804 -0.089657
-28.032250 -43.580012 -6.379935 -36.076961 0.243888 0.675848 -0.695520 -0.183578 -0.672037 -0.717402 0.952270 -0.302648 0.039831
-29.921302 -44.820414 498.619000 -76.303281 0.322469 0.631116 -0.705483 0.259921 0.657612 0.707098 0.910195 -0.411387 0.048019
-29.146937 -43.690298 415.788185 -52.261354 0.296924 0.596190 -0.745918 0.436155 0.610228 0.661355 0.849473 -0.521708 -0.078840
-14.473942 -33.001084 -4443.263830 -113.977558 0.830141 -0.550558 -0.088041 0.236719 0.490997 -0.838383 -0.504806 -0.675135 -0.537925
-11.351585 -31.704699 -3770.620060 -22.310899 0.796576 -0.604068 -0.023826 0.368872 0.516896 -0.772497 -0.478956 -0.606564 -0.634571
15.336390 -24.050535 -4997.500980 250.199125 0.860767 -0.434954 -0.264376 0.099574 0.653263 -0.750555 -0.499164 -0.619728 -0.605618
-2.177491 -28.423183 -3552.164973 100.701366 0.809413 -0.579712 -0.093726 0.331418 0.582706 -0.742035 -0.484781 -0.569550 -0.663777
41.299910 -29.860664 1797.140230 -1954.171177 -0.662264 -0.048195 -0.747719 0.298941 0.898067 -0.322661 0.687052 -0.437211 -0.580350
35.720980 -41.033475 1842.558896 -3055.910611 -0.686202 0.059744 -0.724954 0.312444 0.924210 -0.219577 0.656891 -0.377182 -0.652861
39.797358 -36.057535 443.190633 -1917.175214 -0.743345 0.036940 -0.667888 0.338579 0.881898 -0.328055 0.576891 -0.469990 -0.668061
42.850068 -27.016056 -348.166195 -1708.434065 0.771066 0.081685 0.631494 0.322225 0.805327 -0.497613 0.549207 -0.587176 -0.594639
39.299374 -23.817425 552.722688 -1137.558260 -0.677715 -0.111461 -0.726828 0.315884 0.848462 -0.424653 0.664018 -0.517387 -0.539806
4.349091 -31.978633 5.113815 658.904174 0.898370 0.192313 -0.394901 0.140507 0.725994 0.673194 -0.416160 0.660264 -0.625190
4.131302 -33.066372 -35.091309 614.593085 0.899256 0.161270 -0.406610 0.164916 0.735966 0.656626 -0.405145 0.657531 -0.635225
3.716480 -34.465752 -122.973483 530.980762 0.900030 0.134829 -0.414448 0.157875 0.785499 0.598386 -0.406228 0.603997 -0.685687
2.853881 -32.478649 -143.626667 608.113633 0.984025 0.161948 -0.073949 0.177806 -0.914946 0.362296 0.008986 0.369656 0.929125
2.606704 -37.401815 40.639361 727.792495 0.980380 0.175877 -0.089011 0.193334 -0.769872 0.608210 -0.038443 0.613486 0.788769
3.356768 -35.128122 198.055252 586.429347 0.981917 0.164035 -0.094503 0.189310 -0.849489 0.492473 -0.000504 0.501458 0.865182
-0.928565 -55.016542 505.187718 -391.428268 0.950005 0.175389 -0.258319 0.312180 -0.548990 0.775341 0.005828 0.817220 0.576297
0.597502 -51.697924 200.109761 -783.937507 0.940446 0.200868 -0.274249 0.336413 -0.433983 0.835754 -0.048857 0.878243 0.475712
-0.013430 -50.183166 306.555586 -1866.817905 0.944986 0.193717 -0.263581 0.316326 -0.335983 0.887160 -0.083300 0.921732 0.378777
0.615204 -53.456831 262.090515 353.763750 0.952926 0.175484 -0.247258 0.300953 -0.646558 0.700992 0.036854 0.742407 0.668935
-2.163025 -54.293575 463.250787 -1526.703742 0.952862 0.186890 -0.239009 0.298906 -0.443109 0.845169 -0.052047 0.876771 0.478084
-4.185007 -59.108328 560.151914 -321.797440 0.962400 0.164797 -0.215937 0.271018 -0.636186 0.722369 0.018332 0.753730 0.656928
-1.508691 -56.688096 514.032730 373.226165 0.960914 0.148353 -0.233745 0.266705 -0.722501 0.637856 0.074253 0.675265 0.733828
-8.733272 -53.962726 99.221149 -725.563495 0.956129 0.209115 -0.205154 0.291574 -0.611604 0.735477 -0.028327 0.763028 0.645744
-9.204152 -50.502891 -174.482228 -525.291244 0.951601 0.217818 -0.216821 0.293813 -0.437776 0.849721 -0.090166 0.872300 0.480586
-8.816297 -49.575963 -128.851660 -582.779070 0.949825 0.221647 -0.220691 0.273733 -0.247670 0.929370 -0.151333 0.943150 0.295916
1.392544 -31.171517 -555.418773 -296.968767 0.876438 0.347216 -0.333614 -0.025200 0.724967 0.688322 -0.480856 0.594864 -0.644138
5.112148 -20.533452 1652.470383 -568.484741 0.958143 0.152939 0.242015 0.031638 0.783609 -0.620449 0.284536 -0.602136 -0.745971
-1.582554 -18.639469 1511.527739 -587.724709 0.950223 0.099203 0.295356 0.121779 0.754298 -0.645139 0.286786 -0.648995 -0.704670
-5.219011 -96.677038 -454.921129 -1356.040123 -0.081551 0.885040 0.458317 0.962483 0.189337 -0.194363 -0.258795 0.425272 -0.867277
-5.320316 -89.840039 -398.096249 -2101.085295 -0.062770 0.878953 0.472760 0.969143 0.166821 -0.181476 -0.238375 0.446780 -0.862302
-5.397191 -89.241599 -121.185235 -2735.116939 -0.065620 0.863622 0.499852 0.915260 0.251634 -0.314609 -0.397483 0.436850 -0.806951
0.290318 -16.148844 -848.803785 -389.805750 0.918719 -0.141482 0.368698 0.390469 0.465081 -0.794502 0.059067 -0.873889 -0.482523
3.621748 -17.475164 -1338.724007 -652.152514 0.968093 -0.065527 0.241873 0.242479 0.488562 -0.838159 0.063247 -0.870065 -0.488863
9.100468 -17.895683 -2205.120956 -597.450315 0.979699 -0.044931 0.195373 0.194216 0.454292 -0.869425 0.049692 -0.889719 -0.453796
3.417116 -261.522006 -2146.433943 -30431.951129 -0.261039 0.817322 0.513657 -0.804944 -0.478009 0.351529 -0.532845 0.321702 -0.782677
-0.269892 -235.968846 -836.999722 -26424.193030 -0.251667 0.813043 0.525000 -0.673251 -0.536771 0.508538 -0.695268 0.225474 -0.682469
12.173886 -875.302718 -789.108828 -225163.181000 -0.264811 0.768719 0.582191 -0.259083 -0.638263 0.724911 -0.928844 -0.041128 -0.368181
7.379507 -29.557990 -2546.838592 70.471884 -0.938036 -0.287680 0.193207 -0.237135 0.939429 0.247469 -0.252696 0.186318 -0.949437
3.576652 -30.086267 -895.665786 260.618701 -0.932038 -0.292149 0.214369 -0.229452 0.933703 0.274866 -0.280459 0.206998 -0.937280
-8.515553 -28.729948 429.557754 -556.541477 0.954790 0.107683 -0.277093 0.201027 0.452804 0.868652 -0.219008 0.885084 -0.410685
-6.620612 -27.346719 342.428928 -848.413235 0.936500 0.028576 -0.349500 0.292096 0.487903 0.822576 -0.194028 0.872430 -0.448574
-4.033773 -23.916819 687.443047 -932.237201 0.911068 -0.028389 -0.411276 0.349558 0.582068 0.734170 -0.218549 0.812644 -0.540227
9.265502 -10.770482 271.048510 -4200.692272 -0.079490 -0.113950 -0.990301 0.996620 0.011566 -0.081328 0.020721 -0.993419 0.112645
13.656746 -24.288638 137.936200 -2211.021742 -0.142180 -0.098227 -0.984955 0.979191 0.131618 -0.154473 0.144811 -0.986422 0.077469
9.784506 -14.333222 -79.112257 -3237.290214 -0.298526 -0.057396 -0.952674 0.954187 0.003226 -0.299194 0.020246 -0.998346 0.053804
6.668775 1.449988 -435.801186 168.709025 0.817287 0.056445 0.573460 0.576220 -0.086306 -0.812725 -0.003619 -0.994668 0.103062
9.279510 1.692966 -2679.299224 -863.260291 0.869808 -0.044314 -0.491397 -0.493284 -0.098780 -0.864241 0.010242 -0.994122 0.107779
-0.081361 -24.544936 208.379216 -466.394399 -0.889222 -0.144512 0.434051 -0.276201 0.925947 -0.257557 -0.364688 -0.348911 -0.863287
-1.136443 -25.196031 -57.197987 -398.375928 0.891337 0.155088 -0.425988 -0.317991 0.883614 -0.343669 -0.323110 -0.441785 -0.836915
0.060772 -24.741462 -408.222857 -606.386110 0.890399 0.125923 -0.437417 -0.297789 0.887937 -0.350557 -0.344255 -0.442393 -0.828116
0.845600 -24.756179 303.899232 -287.208659 -0.896460 -0.116810 0.427451 -0.243827 0.935499 -0.255715 -0.370010 -0.333462 -0.867119
0.619043 -26.298717 290.431447 54.562880 -0.891397 -0.129453 0.434343 -0.203179 0.970785 -0.127647 -0.405129 -0.202034 -0.891657
7.755499 -88.733930 -382.664543 213.067783 0.948349 0.281311 -0.146620 0.227298 -0.924985 -0.304529 0.221289 -0.255473 0.941151
6.806792 -85.917694 -189.802502 707.654031 0.954199 0.267499 -0.133973 0.185021 -0.879544 -0.438372 0.235099 -0.393506 0.888753
5.072006 -94.092350 -65.993797 -3470.884753 0.963289 0.238466 -0.123319 -0.213264 0.958727 0.188043 0.163071 -0.154840 0.974388
-21.392905 -389.255861 2232.257825 18230.878383 0.467520 0.883470 -0.030099 0.716698 -0.398759 -0.572132 0.517463 -0.245911 0.819609
-54.514323 -574.476256 2420.402317 47405.961558 0.428596 0.901644 0.057830 0.799725 -0.348808 -0.488644 0.420411 -0.255678 0.870565
-18.968806 -321.038812 3168.032110 42995.297214 0.490095 0.870301 0.048824 0.412282 -0.182091 -0.892674 0.768004 -0.457624 0.448051
1.046909 -270.578853 1043.155865 42549.239352 0.574283 0.817919 0.034746 0.103561 -0.030480 -0.994156 0.812080 -0.574525 0.102209
-19.770672 -1489.689521 1357.858963 388396.859423 0.579421 0.815012 -0.005206 0.390097 -0.282931 -0.876227 0.715608 -0.505674 0.481870
4.388777 -49.248586 1140.818329 -3086.385502 0.413686 0.910395 0.006714 0.434869 -0.204074 0.877065 -0.799845 0.359909 0.480325
9.942787 -58.493020 809.032337 -5897.608138 0.398150 0.916211 0.045103 0.492006 -0.254788 0.832474 -0.774213 0.309259 0.552225
8.264351 -76.011927 1071.936132 -9004.920305 0.426022 0.904389 -0.024206 0.566053 -0.245583 0.786939 -0.705754 0.348956 0.616556
-7.157347 -23.645402 189.225865 477.302249 0.967831 0.207082 -0.142899 -0.247174 0.888641 -0.386294 -0.046992 -0.409188 -0.911239
-19.458015 -27.455694 -128.883020 -1479.707016 0.811822 0.549876 -0.196424 0.581100 -0.793771 0.179581 0.057168 0.259930 0.963934
-13.657452 -24.755023 -1487.671124 -1465.433667 0.916336 0.387217 -0.101940 0.399474 -0.866664 0.298855 -0.027374 0.314574 0.948838
-7.211065 -30.888460 -1961.911379 -2579.633232 0.976458 0.215567 0.007806 0.203625 -0.933097 0.296424 -0.071183 0.287856 0.955025
-31.844499 -32.969019 -259.350719 -1080.727122 -0.141920 0.112681 0.983444 0.958584 -0.232191 0.164936 0.246932 0.966121 -0.075062
-32.490422 -35.613336 681.301355 -1743.671308 0.204584 0.080657 0.975520 0.933916 -0.314567 -0.169850 0.293166 0.945802 -0.139682
-27.872657 -31.963941 -961.557807 -259.608731 0.986810 -0.093868 0.131886 -0.116600 0.152988 0.981325 0.112292 0.983760 -0.140025
-33.193569 -42.575551 -660.209186 -4136.971150 0.288121 -0.591636 -0.752963 0.917800 -0.053706 0.393395 -0.273185 -0.804415 0.527529
-29.324510 -31.937026 -6395.169844 131.589009 0.913580 -0.330829 0.236482 0.056313 -0.473002 -0.879260 -0.402741 -0.816591 0.413495
-13.928365 -32.095861 -7868.570825 -454.789709 0.824219 -0.250095 0.508051 0.359075 -0.462921 -0.810413 -0.437868 -0.850386 0.291745
2.536292 -62.775956 23.578729 1056.783589 0.341021 0.057786 -0.938278 -0.380264 0.921283 -0.081469 0.859711 0.384576 0.336151
11.057190 -62.297961 143.468222 -2837.368404 0.364776 0.018082 -0.930920 -0.097645 0.995041 -0.018934 0.925961 0.097806 0.364732
3.289366 -64.703404 157.760549 1277.514111 0.381741 -0.030410 -0.923769 -0.356333 0.917354 -0.177451 0.852819 0.396910 0.339355
13.111028 -64.093837 1737.015740 -1912.732507 0.387502 -0.112600 -0.914966 -0.105606 0.980556 -0.165398 0.915800 0.160718 0.368077
-2.278339 -57.519892 24.708290 3530.988648 0.343624 0.042079 -0.938164 -0.603675 0.775147 -0.186342 0.719375 0.630377 0.291761
8.634835 -64.604109 1624.344826 1075.002193 0.421386 -0.169618 -0.890878 -0.292325 0.904514 -0.310484 0.858475 0.391260 0.331566
-1.000905 -60.332686 312.650690 3638.103717 0.407572 -0.071937 -0.910335 -0.557245 0.770170 -0.310348 0.723439 0.633769 0.273814
-14.293923 -27.976929 -5.002910 579.878344 -0.490151 -0.475857 -0.730282 0.862778 -0.145719 -0.484127 0.123959 -0.867367 0.481984
-14.342445 -26.268694 -274.347911 1887.060192 -0.656898 -0.463598 -0.594611 0.699186 -0.079407 -0.710517 0.282178 -0.882480 0.376303
-15.382556 -25.079881 -297.693165 2045.033210 -0.572266 -0.529478 -0.626230 0.771897 -0.089915 -0.629357 0.276923 -0.843545 0.460158
-12.772208 -18.598207 1397.189557 9.473150 0.877397 0.451669 0.161770 0.348587 -0.368490 -0.861802 0.329639 -0.812533 0.480758
-14.483345 -22.479184 -398.723810 1650.922590 -0.329304 -0.597779 -0.730903 0.914876 -0.010505 -0.403599 0.233585 -0.801592 0.550353
-14.201234 -26.647312 -414.813621 546.782771 -0.369964 -0.551170 -0.747889 0.918768 -0.097647 -0.382531 0.137810 -0.828660 0.542523
-7.720155 -30.334433 10.539296 -551.104967 0.294494 0.858811 -0.419186 -0.830368 0.447075 0.332586 -0.473036 -0.250134 -0.844790
-7.488076 -33.870941 260.756298 -355.463226 0.308108 0.861498 -0.403598 -0.758038 0.478655 0.443022 -0.574846 -0.169444 -0.800525
-6.603766 -29.566087 619.544476 -824.438911 0.331601 0.864458 -0.377827 -0.840424 0.452633 0.298012 -0.428635 -0.218714 -0.876605
-6.494765 -33.844310 -487.869535 -116.392178 0.293008 0.831592 -0.471806 -0.733885 0.511906 0.446503 -0.612829 -0.215422 -0.760286
-8.274399 -27.221354 573.192882 -984.797865 0.345160 0.846404 -0.405542 -0.880938 0.441220 0.171095 -0.323749 -0.298202 -0.897921
-8.130023 -28.877705 -382.012623 -1015.007805 0.305443 0.831780 -0.463515 -0.873350 0.438681 0.211703 -0.379425 -0.340148 -0.860428
-6.618895 -31.007054 -618.310993 -538.797920 0.294553 0.819252 -0.492001 -0.812087 0.485971 0.323027 -0.503739 -0.304399 -0.808448
-3.710293 -39.717773 -156.456508 808.298948 0.113260 0.908440 -0.402380 -0.401173 0.412318 0.817957 -0.908973 -0.068782 -0.411140
