19952
39889
-29.551645 -48.066961 742.069972 1477.352709 0.932372 0.333795 -0.138792 -0.116284 -0.086596 -0.989434 0.342287 -0.938660 0.041925
-30.827328 -47.566227 1851.686748 3040.655929 0.956628 0.285317 0.058801 0.048209 0.044012 -0.997867 0.287297 -0.957422 -0.028348
-24.346062 -40.465257 435.679078 2259.049419 0.898245 0.321096 -0.300089 -0.315801 -0.003312 -0.948820 0.305656 -0.947041 -0.098428
-26.177294 -42.765298 -589.968800 5572.602702 0.971401 0.208413 0.113774 0.075399 0.183617 -0.980102 0.225157 -0.960650 -0.162651
-24.065583 -41.274296 -366.577765 2083.660337 0.835812 0.374596 -0.401367 -0.394681 -0.098214 -0.913554 0.381634 -0.921972 -0.065758
-22.765767 -35.816754 601.601770 2852.176170 0.831270 0.321838 -0.453221 -0.491895 0.046152 -0.869430 0.258899 -0.945669 -0.196676
-20.433593 -35.491325 254.481635 1510.188728 0.730435 0.370147 -0.573982 -0.596592 -0.063320 -0.800042 0.332478 -0.926813 -0.174576
-31.702363 -33.490214 -2187.744537 459.298492 0.936678 -0.034445 0.348492 0.269351 0.706825 -0.654101 0.223793 -0.706550 -0.671345
-30.459205 -35.650579 -1032.412093 284.308181 0.819094 -0.175203 0.546251 0.525809 0.610026 -0.592784 0.229370 -0.772769 -0.591792
-18.888185 -37.308747 -6657.123081 823.106043 0.987694 0.148805 0.048145 -0.062499 0.657712 -0.750672 0.143369 -0.738425 -0.658918
-20.361208 -34.112805 -6094.143498 852.399962 0.939745 0.323947 -0.109264 -0.310931 0.676982 -0.667097 0.142134 -0.660874 -0.736915
-31.726839 -33.144622 279.757427 -1880.976951 0.304118 0.769731 -0.561272 0.924274 -0.095722 0.369533 0.230715 -0.631151 -0.740553
-151.042923 -314.072647 60364.875984 -57917.308553 0.801914 0.535285 -0.265336 -0.178674 0.638671 0.748448 0.570095 -0.552783 0.607801
18.816756 -423.524740 34733.253313 134136.397735 0.819796 0.489857 -0.296605 -0.023912 -0.488213 -0.872397 0.572156 -0.722280 0.388522
6.439945 -368.368554 42555.806766 100760.987425 0.849572 0.287630 -0.442150 -0.152198 0.936262 0.316622 0.505038 -0.201699 0.839198
-148.184144 -987.417576 63787.187168 310846.420154 0.868557 0.310968 -0.385885 -0.313998 0.947713 0.056968 0.383424 0.071687 0.920786
23.554103 -59.636780 4370.100712 234.639543 -0.874347 -0.320071 0.364791 -0.070566 0.827539 0.556955 -0.480144 0.461230 -0.746142
19.316786 -59.412179 -5969.407987 -1921.900698 0.841996 0.406372 -0.354830 -0.066494 0.730879 0.679260 -0.535370 0.548340 -0.642419
8.146297 -53.171816 6345.275801 -655.643294 -0.825697 -0.388190 0.409308 -0.083492 0.801682 0.591891 -0.557901 0.454549 -0.694357
-3.563688 -14.915970 967.341596 538.520863 0.922323 0.130364 0.363766 0.385596 -0.249057 -0.888418 0.025219 -0.959675 0.279979
-1.686679 -13.460401 901.379668 73.823071 0.910692 0.137378 0.389573 0.410959 -0.205730 -0.888137 0.041864 -0.968918 0.243813
1.559295 -13.540064 2312.677919 645.808348 0.971069 0.105374 0.214294 0.233832 -0.237493 -0.942825 0.048456 -0.965657 0.255262
-4.665572 -15.472433 -245.944216 530.771653 0.782700 0.173184 0.597819 0.622337 -0.204220 -0.755640 0.008778 -0.963484 0.267622
0.039244 -16.349643 2337.730610 1004.800942 0.984624 0.084263 0.153023 0.171225 -0.291953 -0.940981 0.034615 -0.952713 0.301892
-5.438323 -16.813757 1312.991182 928.709250 0.950570 0.109736 0.290472 0.310202 -0.293994 -0.904070 0.013812 -0.949487 0.313503
-7.555110 -16.800167 -153.574885 787.882657 0.830087 0.164773 0.532733 0.557589 -0.257276 -0.789242 -0.007014 -0.952186 0.305437
38.019174 -34.230705 -3129.643514 476.953053 0.987354 -0.095753 0.126349 0.125332 0.959513 -0.252244 0.097080 -0.264890 -0.959379
31.613855 -33.833342 -6703.830192 283.166639 0.990869 -0.133880 0.015947 0.134252 0.968822 -0.208233 -0.012428 -0.208472 -0.977949
33.439177 -34.151415 -5253.240197 170.799453 0.988475 -0.146602 0.037756 0.151030 0.937905 -0.312288 -0.010370 -0.314391 -0.949237
27.808765 -33.171255 -1506.800825 -81.235007 0.980738 -0.195137 0.008622 0.184912 0.913318 -0.362847 -0.062930 -0.357452 -0.931809
35.430091 -33.620086 -5336.344492 -92.838473 0.986446 -0.155707 0.051762 0.163117 0.896355 -0.412239 -0.017792 -0.415095 -0.909604
40.767474 -34.537924 -4436.086354 -79.348687 0.986502 -0.107828 0.123235 0.147851 0.910017 -0.387311 0.070383 -0.400304 -0.913676
59.280017 -17.174937 -8988.310599 2179.315769 0.702541 0.606351 -0.372525 0.256092 0.272991 0.927304 -0.663967 0.746870 -0.036505
60.872424 -37.651512 -7972.209176 -4385.455711 0.708120 0.451836 -0.542596 0.293523 0.510539 0.808205 -0.642192 0.731570 -0.228898
80.073736 -21.660195 -3242.976444 6431.672010 0.820282 0.357438 -0.446514 0.367899 0.268011 0.890405 -0.437935 0.894655 -0.088343
-11.373670 -28.303826 503.764642 -1385.948771 0.899477 -0.178591 -0.398805 -0.427546 -0.548191 -0.718812 0.090248 -0.817063 0.569442
-11.961222 -25.779826 -420.900052 -2004.538647 0.887435 -0.235845 -0.396025 -0.455439 -0.580913 -0.674622 0.070950 -0.779049 0.622936
-12.550832 -30.967164 -804.152073 -1178.190373 0.870853 -0.262791 -0.415399 -0.491310 -0.491450 -0.719091 0.015177 -0.830312 0.557092
-11.403117 -28.560368 -501.509846 -1648.758532 0.865068 -0.289878 -0.409424 -0.501122 -0.536926 -0.678666 0.023100 -0.792263 0.609742
4.153073 -39.928699 -406.743472 902.720732 0.848924 -0.381583 -0.365681 0.052159 0.749013 -0.660499 -0.525935 -0.541639 -0.655758
4.740213 -41.395864 154.066926 953.408289 0.862489 -0.357278 -0.358420 0.062146 0.777646 -0.625624 -0.502245 -0.517319 -0.692914
4.090806 -42.372042 307.475478 1697.704268 -0.850795 0.367926 0.375204 0.094706 0.809662 -0.579205 -0.516893 -0.457251 -0.723701
3.570546 -39.996339 881.148903 1340.122500 -0.837480 0.388133 0.384682 0.074996 0.778915 -0.622630 -0.541297 -0.492590 -0.681434
2.766485 -38.293724 -488.617669 -1633.471816 0.845743 -0.373712 -0.380866 -0.025399 0.684774 -0.728313 -0.532986 -0.625639 -0.569650
8.862220 -71.189771 -306.025807 1877.163491 0.994427 -0.097131 0.040990 -0.075602 -0.386025 0.919385 0.073477 0.917360 0.391217
10.229040 -76.937639 243.094354 1195.572985 0.994390 -0.096932 0.042333 -0.064403 -0.237372 0.969282 0.083906 0.966571 0.242283
10.715014 -73.894143 -230.723806 860.189489 0.990853 -0.116543 0.068025 -0.094049 -0.234916 0.967455 0.096770 0.965004 0.243728
8.695601 -69.808265 -1197.109709 2871.369585 0.991061 -0.110575 0.074641 -0.113875 -0.409672 0.905097 0.069502 0.905506 0.418602
-0.076008 -106.537488 1314.752070 4961.495149 0.942146 -0.304315 -0.140546 -0.276632 -0.469088 -0.838708 -0.189303 -0.829065 0.526133
-0.881278 -94.787264 572.000020 5733.332935 0.924217 -0.340438 -0.172988 -0.256712 -0.218532 -0.941458 -0.282705 -0.914519 0.289365
0.659389 -99.150565 -421.648990 4946.203317 0.929873 -0.345720 -0.125753 -0.261597 -0.381054 -0.886772 -0.258656 -0.857482 0.444771
1.351992 -105.959962 -140.519817 393.588186 0.944250 -0.316855 -0.089414 -0.287286 -0.660333 -0.693850 -0.160807 -0.680855 0.714547
20.589891 -66.196515 2297.686027 -1955.050194 0.996955 -0.061909 0.047409 -0.057344 -0.994084 -0.092243 -0.052839 -0.089243 0.994607
16.318108 -59.794130 3102.002508 -2223.725671 0.998403 -0.049265 -0.027636 -0.050059 -0.998331 -0.028807 0.026171 -0.030145 0.999203
16.443927 -71.806708 3656.400037 -4908.054635 0.999077 -0.029730 -0.030998 -0.034335 -0.986432 -0.160542 0.025804 -0.161458 0.986542
10.321294 -69.241661 2916.440093 -4233.468645 0.998222 -0.039993 -0.044196 -0.044900 -0.992202 -0.116274 0.039202 -0.118052 0.992233
-0.735497 -18.749765 806.100904 714.429396 0.384171 0.715833 0.583092 0.910023 -0.400155 -0.108320 0.155788 0.572241 -0.805153
-1.799989 -17.081265 658.533162 977.242484 0.421578 0.697163 0.579858 0.882113 -0.463469 -0.084099 0.210116 0.546955 -0.810365
-4.779187 -18.419696 989.547756 870.639476 0.442627 0.692153 0.570093 0.880561 -0.455604 -0.130526 0.169393 0.559776 -0.811145
22.627362 -79.881503 3773.200896 7291.480392 0.961113 -0.217654 0.169967 0.084508 -0.354140 -0.931366 -0.262907 -0.909512 0.321975
16.853502 -74.184292 41.816365 2999.477243 0.962430 -0.247248 0.112237 -0.015778 -0.463575 -0.885917 -0.271072 -0.850862 0.450059
18.396134 -66.316539 -597.176258 4302.844340 0.967905 -0.189710 0.164835 0.100197 -0.310207 -0.945374 -0.230480 -0.931548 0.281242
13.412702 -55.643442 595.683917 805.395461 0.991769 -0.110892 0.064006 -0.123967 -0.956697 0.263369 -0.032029 0.269136 0.962569
14.859268 -56.150189 734.181755 1524.622024 0.979014 -0.169734 0.112794 -0.196885 -0.930644 0.308444 -0.052618 0.324179 0.944531
9.340924 -54.745628 244.141318 1365.395815 0.990549 -0.125203 0.056001 -0.137156 -0.903850 0.405269 0.000125 0.409119 0.912481
10.299166 -54.150648 1617.200845 391.226228 0.995880 -0.090670 -0.001321 -0.087145 -0.960987 0.262507 0.025071 0.261310 0.964929
1.084965 -73.505877 282.224498 2261.034156 -0.931235 0.205776 0.300762 0.228843 0.972505 0.043185 -0.283606 0.109043 -0.952721
-0.790441 -72.766272 1107.950826 2098.053413 -0.924777 0.206450 0.319635 0.202616 0.978196 -0.045595 -0.322079 0.022598 -0.946443
-0.577387 -78.970812 582.122988 1451.444234 -0.919333 0.246295 0.306865 0.185543 0.959072 -0.213903 -0.346989 -0.139712 -0.927405
5.655029 -22.808043 3078.853942 -1620.662959 0.964241 -0.110321 -0.240973 -0.250616 -0.675292 -0.693666 0.086201 -0.729253 0.678792
6.263882 -25.462617 2186.860090 -1145.059819 0.973566 -0.099822 -0.205440 -0.221698 -0.629391 -0.744794 0.054955 -0.770651 0.634883
9.598353 -22.327333 1786.136413 -1684.893006 0.971924 -0.112101 -0.206873 -0.226632 -0.682365 -0.694994 0.063253 -0.722365 0.688613
6.863185 -18.169114 2368.688591 -1881.353894 0.969029 -0.098670 -0.226380 -0.225872 -0.724705 -0.650988 0.099825 -0.681959 0.724546
-2.187911 -96.220227 -432.311834 -4214.501087 0.074412 0.948423 0.308149 0.870252 0.089130 -0.484476 0.486953 -0.304219 0.818735
-1.060085 -90.912455 445.051113 -4879.655203 -0.032607 -0.943603 -0.329468 0.955026 0.067790 -0.288670 0.294725 -0.324063 0.898955
-0.005463 -107.303933 -943.249661 -6178.989139 0.082417 0.946192 0.312934 0.850351 0.096985 -0.517201 0.519721 -0.308730 0.796603
-1.137417 -112.561173 -485.339243 -5384.449416 0.106894 0.952436 0.285375 0.716813 0.125081 -0.685955 0.689023 -0.277885 0.669348
-3.009766 -100.244006 -410.065668 -5892.409115 0.100385 0.953851 0.283003 0.766488 0.107215 -0.633247 0.634366 -0.280487 0.720352
-4.081692 -120.482012 -909.311566 -7447.942127 -0.077566 0.982919 0.166896 -0.795727 -0.161890 0.583619 -0.600669 0.087534 -0.794692
-4.372756 -153.749604 -1283.724543 -14631.980964 -0.121215 0.970907 0.206508 -0.604370 -0.237224 0.760567 -0.787429 0.032615 -0.615542
-5.017687 -120.616834 -354.275346 -10590.638804 -0.066850 0.977915 0.198024 -0.681854 -0.189669 0.706470 -0.728427 0.087796 -0.679475
-5.212024 -109.625870 -86.619194 -5773.505334 -0.025738 0.984957 0.170870 -0.799484 -0.122894 0.587982 -0.600136 0.121475 -0.790621
-6.448511 -129.926634 467.048644 -11214.681805 -0.043982 0.972249 0.229779 -0.640699 -0.203925 0.740216 -0.766531 0.114663 -0.631888
45.553730 -61.261320 657.456351 -1040.215382 0.822823 -0.012114 0.568169 0.466807 0.584613 -0.663565 0.324120 -0.811222 -0.486688
44.615811 -65.295285 2537.288593 -2745.953279 0.769416 -0.001274 0.638747 0.447910 0.714008 -0.538116 0.455385 -0.700136 -0.549940
44.825563 -66.370851 -716.363739 -1782.231926 0.848128 -0.107292 0.518814 0.450205 0.662178 -0.599029 0.279276 -0.741626 -0.609915
-15.092207 -73.263674 2367.708334 -1186.868171 0.158157 0.825382 0.541970 -0.013578 0.550644 -0.834629 0.987321 -0.124644 -0.098295
-16.742890 -68.172896 1641.779998 -3189.497206 0.178528 0.808872 0.560226 0.229966 0.519302 -0.823068 0.956683 -0.275774 0.093303
-19.203627 -72.245297 -903.258350 -2308.277421 0.239414 0.798090 0.552932 0.082808 0.550635 -0.830629 0.967380 -0.244651 -0.065742
-15.843318 -74.456002 -1204.337578 1168.674662 0.261780 0.794832 0.547461 -0.131610 0.591342 -0.795609 0.956112 -0.136223 -0.259410
-12.505979 -74.135389 1196.065167 1510.193726 0.185768 0.827164 0.530368 -0.258021 0.561886 -0.785945 0.948111 -0.009157 -0.317806
2.510013 -145.213045 610.574746 17791.771592 -0.116114 0.953841 0.276957 0.858780 -0.043680 0.510479 -0.499013 -0.297119 0.814068
1.244153 -185.496895 617.063880 26131.018095 -0.123870 0.956390 0.264526 0.687216 -0.109621 0.718135 -0.715815 -0.270742 0.643668
0.373102 -175.796479 63.944551 25940.945678 -0.141034 0.960408 0.240262 0.685077 -0.080520 0.724007 -0.714688 -0.266707 0.646597
2.397281 -137.291599 524.834641 15073.697718 -0.129752 0.958977 0.252047 0.860381 -0.017460 0.509352 -0.492857 -0.282946 0.822820
3.001170 -121.198209 201.596325 4526.602538 -0.105445 0.958454 0.265042 0.940588 0.009620 0.339415 -0.322764 -0.285085 0.902524
3.239477 -82.327276 -407.119583 -1538.649620 -0.310729 -0.865408 -0.393085 0.939919 -0.218232 -0.262539 0.141420 -0.451047 0.881225
3.938161 -83.402978 -690.443822 -381.871335 -0.305035 -0.871486 -0.384012 0.887796 -0.114299 -0.445818 0.344632 -0.476914 0.808568
4.010371 -84.253128 18.078463 -476.167154 -0.328743 -0.852920 -0.405531 0.927351 -0.210259 -0.309534 0.178741 -0.477827 0.860078
4.634066 -84.679436 338.963436 1757.840185 -0.346679 -0.839594 -0.418205 0.911625 -0.196639 -0.360934 0.220803 -0.506375 0.833565
3.350393 -82.989753 294.640355 -1312.665385 -0.351663 -0.835367 -0.422487 0.936111 -0.311239 -0.163785 0.005327 -0.453092 0.891448
13.673377 -30.569391 -2813.655446 2178.580867 -0.267510 -0.750614 -0.604166 0.917399 -0.006673 -0.397912 0.294647 -0.660707 0.690398
19.552219 -34.224983 -1505.099678 2408.826707 -0.243058 -0.713286 -0.657378 0.946100 -0.024779 -0.322924 0.214049 -0.700435 0.680863
12.783582 -36.191323 -2907.706057 2053.131686 -0.246210 -0.759018 -0.602721 0.947373 -0.057186 -0.314984 0.204611 -0.648554 0.733152
-22.713558 -26.238237 121.660617 162.431227 -0.047878 -0.770429 -0.635725 0.977701 -0.166435 0.128067 -0.204473 -0.615417 0.761217
-21.609604 -27.384808 -72.812896 -464.126976 0.119665 -0.742394 -0.659190 0.963431 -0.073504 0.257677 -0.239751 -0.665919 0.706450
-21.411521 -25.922985 -246.989463 1056.148969 0.048378 -0.752223 -0.657130 0.988266 -0.059378 0.140727 -0.144877 -0.656228 0.740524
-21.169269 -25.423881 -703.938295 1279.785047 -0.210046 -0.768338 -0.604597 0.971831 -0.231687 -0.043194 -0.106890 -0.596638 0.795360
-1.260749 -21.406368 -807.115605 171.492948 0.972212 -0.234096 0.001893 0.212459 0.878897 -0.427085 -0.098315 -0.415620 -0.904209
-2.465513 -22.719857 -1070.692742 134.459068 0.977608 -0.210030 -0.013069 0.175581 0.848342 -0.499488 -0.115995 -0.486008 -0.866222
-0.687910 -21.797785 -501.841901 80.231841 0.983520 -0.179731 -0.019611 0.144435 0.846317 -0.512725 -0.108749 -0.501443 -0.858329
30.567652 -23.135038 -556.700361 0.601779 0.943940 -0.329770 -0.015123 0.289583 0.805174 0.517529 0.158489 0.492896 -0.855532
31.539091 -22.663540 945.888958 35.814729 0.941496 -0.331954 0.058243 0.268868 0.843997 0.464089 0.203213 0.421278 -0.883872
28.003384 -20.679277 2157.495058 269.877833 0.916860 -0.388660 0.091168 0.289661 0.804831 0.518019 0.274708 0.448543 -0.850497
-11.432788 -22.776945 492.368908 911.170539 0.931094 0.105293 -0.349254 -0.311425 0.727996 -0.610767 -0.189946 -0.677448 -0.710623
-10.523223 -21.178673 -1128.881638 1453.315945 0.903565 0.102223 -0.416077 -0.340578 0.760577 -0.552747 -0.259955 -0.641150 -0.722046
-12.405847 -19.609570 610.806785 162.405421 0.911372 0.161079 -0.378754 -0.365645 0.739348 -0.565392 -0.188958 -0.653772 -0.732719
-51.489405 -535.489847 -18269.023047 146229.737571 0.093357 -0.039363 0.994854 -0.311093 0.948036 0.066704 -0.945783 -0.315720 0.076260
-4.319772 -391.907169 -4006.400709 102462.840610 0.188502 0.162237 0.968579 -0.124728 0.982229 -0.140250 -0.974120 -0.094372 0.205388
-38.787990 -283.374083 -6327.078784 56812.346265 0.121135 -0.023781 0.992351 -0.400388 0.913609 0.070768 -0.908304 -0.405898 0.101148
-5.435341 -416.114930 -1523.567972 98675.949051 0.026441 -0.503311 0.863701 0.127175 0.858676 0.496489 -0.991528 0.096713 0.086713
10.103239 -945.959159 -15010.656076 338582.206723 0.022307 -0.584918 0.810785 0.176629 0.800536 0.572664 -0.984025 0.130434 0.121171
-4.616705 -53.155375 -1352.404899 10117.298043 0.035657 -0.394019 0.918410 0.207735 0.901843 0.378846 -0.977535 0.177278 0.114008
9.333771 -34.737943 -22805.716623 55.287569 0.528347 -0.181691 0.829360 0.494540 0.859874 -0.126673 -0.690130 0.477079 0.544165
19.680637 -33.551629 -20451.585220 819.799760 0.539407 -0.169520 0.824805 0.538178 0.822755 -0.182860 -0.647614 0.542528 0.535032
64.425924 -38.338814 -22079.452669 805.302484 0.601878 -0.205907 0.771586 0.490656 0.857662 -0.153860 -0.630079 0.471188 0.617237
22.604033 -32.874474 -24392.724844 -156.184731 0.503378 -0.199584 0.840700 0.465001 0.882626 -0.068887 -0.728275 0.425603 0.537101
-26.049216 -34.951681 -3474.210405 4968.443163 0.757323 0.320824 0.568800 0.021795 0.858101 -0.513018 -0.652677 0.400917 0.642867
20.890061 -34.604598 992.268871 -115.131715 0.997824 -0.064194 -0.015059 0.016893 0.028116 0.999462 0.063736 0.997541 -0.029140
21.686838 -33.347288 1730.662102 972.716288 0.992706 -0.114234 -0.038537 0.028807 -0.085630 0.995910 0.117067 0.989757 0.081715
22.378918 -32.472591 -2258.627136 178.739318 0.999253 0.023044 0.031030 -0.029785 -0.052541 0.998175 -0.024632 0.998353 0.051815
15.807662 -34.844213 3245.391153 594.840679 0.985855 -0.152963 -0.068504 0.069053 -0.001728 0.997612 0.152716 0.988230 -0.008859
18.821606 -33.128721 -2021.917887 158.739002 0.999369 0.032995 0.013128 -0.015075 0.059485 0.998115 -0.032152 0.997684 -0.059945
19.829121 -33.894847 -532.418195 -81.587335 0.998888 -0.034339 -0.032304 0.036702 0.136288 0.989989 0.029592 0.990074 -0.137397
18.675426 -35.295895 2390.565310 54.740974 0.992031 -0.115952 -0.049283 0.058916 0.081173 0.994957 0.111366 0.989932 -0.087358
-11.002422 -22.043680 1303.089604 1671.982251 0.099650 0.994219 -0.039977 0.993053 -0.101899 -0.058834 0.062567 0.033836 0.997467
-13.258453 -20.107783 941.640538 1885.883282 0.286401 0.957693 -0.028254 0.951565 -0.287762 -0.108249 0.111800 -0.004117 0.993722
-10.002689 -18.982902 1058.063565 1227.003169 0.094944 0.993741 -0.058857 0.989778 -0.100555 -0.101134 0.106419 0.048653 0.993130
-13.497158 -23.748555 876.646166 1785.923527 0.146766 0.989154 0.005763 0.988325 -0.146397 -0.042208 0.040907 -0.011890 0.999092
-7.148373 -20.917828 -1698.868059 1252.224314 0.090574 -0.993999 0.061333 0.995396 0.088418 -0.036998 0.031353 0.064402 0.997431
-8.893050 -23.919063 -1609.281802 1109.451148 0.083463 -0.995697 0.040263 0.996376 0.084048 0.013067 -0.016395 0.039026 0.999104
-7.923066 -33.398420 -466.921974 -747.300327 0.569371 0.549422 -0.611516 0.725327 0.014376 0.688255 0.386933 -0.835421 -0.390325
-11.032206 -34.581513 -506.136463 -587.963771 0.567461 0.573482 -0.590852 0.710695 0.021245 0.703180 0.415813 -0.818943 -0.395515
-8.912675 -32.510942 -943.318742 662.379005 0.540615 0.541782 -0.643590 0.690041 0.152038 0.707621 0.481227 -0.826654 -0.291658
1.344868 -44.232152 749.686442 1870.713225 0.555567 0.720844 -0.414403 0.732401 -0.660199 -0.166510 0.393616 0.211002 0.894731
0.713678 -42.362373 -270.923594 1972.358730 0.560716 0.726847 -0.396599 0.728370 -0.660781 -0.181236 0.393796 0.187248 0.899924
1.579508 -39.750773 7.839756 592.822457 -0.540788 -0.742396 0.395469 0.795836 -0.603819 -0.045248 0.272383 0.290259 0.917364
14.458712 -70.393098 216.909290 4617.519354 0.621799 0.597508 -0.506310 0.765292 -0.326183 0.554917 0.166418 -0.732522 -0.660089
12.746083 -57.298802 909.935147 3778.570826 0.657322 0.582866 -0.477698 0.699917 -0.237193 0.673688 0.279363 -0.777179 -0.563870
17.456724 -62.092422 -789.335812 3607.307628 0.677104 0.585896 -0.445259 0.687257 -0.287163 0.667244 0.263074 -0.757802 -0.597101
11.530452 -50.578669 1043.645071 -4019.530415 0.687906 0.579565 -0.436909 -0.628563 0.174733 -0.757877 0.362897 -0.795973 -0.484493
-0.022629 -97.720126 238.856277 5858.977822 0.529004 0.832475 0.164740 0.731319 -0.348731 -0.586139 -0.430497 0.430548 -0.793285
-0.542124 -95.544454 -103.995225 3993.068410 0.535213 0.830012 0.156931 0.736797 -0.367847 -0.567290 -0.413131 0.419248 -0.808427
-0.325143 -86.929005 134.229863 1996.858125 0.570968 0.809910 0.134316 0.770086 -0.471658 -0.429542 -0.284539 0.348689 -0.893002
-0.747614 -77.884455 -111.300369 -561.424579 0.608117 0.785344 0.115880 0.782166 -0.567803 -0.256546 -0.135680 0.246647 -0.959560
-0.661594 -82.324168 769.055560 -702.691758 0.616961 0.776574 0.127641 0.775610 -0.572500 -0.265844 -0.133373 0.263015 -0.955528
0.386017 -53.859531 -203.576720 2247.391056 0.718556 0.576270 0.389346 0.685826 -0.494240 -0.534200 0.115413 -0.650877 0.750360
1.421327 -48.267147 -266.133948 2896.338673 0.704102 0.586084 0.400932 0.689863 -0.430744 -0.581849 0.168313 -0.686269 0.707605
1.417710 -50.313552 184.613455 89.549790 0.693800 0.592480 0.409400 0.689484 -0.382302 -0.615188 0.207972 -0.709093 0.673747
0.331198 -59.249586 -643.097936 4618.209827 0.723518 0.573689 0.383929 0.687650 -0.550245 -0.473675 0.060487 -0.606721 0.792610
1.995618 -57.836179 722.010402 1765.519640 0.712607 0.576365 0.399992 0.691103 -0.478621 -0.541570 0.120697 -0.662363 0.739397
0.662578 -66.455104 -142.147603 4992.305242 0.729332 0.564891 0.385971 0.683835 -0.584497 -0.436730 0.021105 -0.582462 0.812584
-16.231823 -17.175424 -1889.264166 500.858137 -0.263891 0.794393 0.547085 0.956951 0.144554 0.251694 0.120860 0.589953 -0.798341
-16.361338 -20.039418 252.002517 -898.432088 0.989457 -0.089123 0.114158 -0.008817 0.749708 0.661710 0.144559 0.655740 -0.741018
-14.174700 -16.103705 -1507.764261 -108.232133 -0.382437 0.783179 0.490278 0.910535 0.229249 0.344050 0.157057 0.577993 -0.800786
-11.966863 -16.391963 -1808.732932 267.063932 -0.187234 0.823116 0.536118 0.972751 0.079388 0.217837 0.136744 0.562296 -0.815551
-4.839041 -33.684301 -2609.951807 3635.375199 0.756323 0.427909 -0.494843 0.641652 -0.632654 0.433627 0.127511 0.645479 0.753059
-2.236776 -34.346648 -1484.258400 1763.868118 0.737235 0.446962 -0.506665 0.660515 -0.634564 0.401308 0.142141 0.630519 0.763048
-5.895910 -28.010044 -2707.219903 -684.133877 0.782732 0.406671 -0.471115 0.608725 -0.657838 0.443511 0.129554 0.633930 0.762462
-9.592630 -31.614404 -1397.952679 416.583511 0.761039 0.395367 -0.514300 0.633958 -0.621375 0.460424 0.137536 0.676446 0.723537
6.551614 -92.093311 -345.772492 3473.182246 0.702218 0.678053 0.217104 0.499684 -0.252155 -0.828694 0.507155 -0.690407 0.515880
7.313912 -102.964397 104.948885 5689.036361 0.683930 0.705651 0.185193 0.439923 -0.196403 -0.876295 0.581986 -0.680795 0.444758
6.613882 -88.059472 -233.357854 1133.110562 0.726504 0.668446 0.159283 0.313663 -0.116348 -0.942379 0.611398 -0.734604 0.294194
7.871135 -90.947654 -460.108102 2764.779832 0.729165 0.673698 0.120206 0.227434 -0.072896 -0.971061 0.645439 -0.735403 0.206375
-2.708173 -31.538912 -567.417703 658.732384 0.471512 0.538303 -0.698503 0.869349 -0.416683 0.265720 -0.148016 -0.732533 -0.664444
-1.721969 -33.457694 -739.074195 1211.453258 0.482166 0.522925 -0.702897 0.850673 -0.471275 0.232928 -0.209454 -0.710246 -0.672071
-2.815697 -34.443329 -682.869862 1524.718560 0.471520 0.533784 -0.701957 0.851973 -0.481197 0.206376 -0.227619 -0.695359 -0.681664
-5.386383 -32.812149 -845.662603 1458.735932 0.448028 0.556368 -0.699804 0.878836 -0.417733 0.230536 -0.164068 -0.718299 -0.676113
-4.431568 -34.105577 -433.381887 1952.468987 0.448274 0.560876 -0.696038 0.864077 -0.471329 0.176695 -0.228959 -0.680638 -0.695924
-4.358983 -90.316864 41.531686 -1580.688388 -0.045011 0.997286 0.058261 0.996887 0.041061 0.067303 -0.064728 -0.061109 0.996030
-3.760025 -88.061942 124.191190 -3267.730599 -0.036392 0.996287 0.078028 0.994373 0.028327 0.102081 -0.099492 -0.081304 0.991711
-4.765403 -92.661480 -35.046193 906.263850 -0.027477 0.997507 0.065004 0.985417 0.037953 -0.165872 0.167925 -0.059499 0.984003
-6.333263 -89.896202 -498.898938 1961.778337 -0.038028 0.997955 0.051384 0.979362 0.047436 -0.196469 0.198505 -0.042852 0.979163
-7.040136 -88.930486 932.303531 -567.256457 0.068318 -0.996108 -0.055690 0.996381 0.065294 0.054426 -0.050578 -0.059207 0.996964
-4.312964 -87.380624 -584.910573 -4113.898071 -0.065244 0.995966 0.061596 0.943922 0.041578 0.327541 -0.323659 -0.079512 0.942827
-5.315182 -30.734026 -1365.676709 381.057550 0.886342 -0.453522 -0.093364 -0.346615 -0.783561 0.515645 0.307012 0.424676 0.851700
-5.179677 -31.966537 -1281.822125 469.959662 0.908471 -0.400296 -0.120182 -0.270484 -0.782319 0.561084 0.318620 0.477221 0.818988
-1.498450 -30.772283 -1258.465112 403.828372 0.916068 -0.378893 -0.131380 -0.270737 -0.826003 0.494390 0.295841 0.417325 0.859254
-2.169333 -29.119047 -1429.069908 587.918334 0.896124 -0.432424 -0.099861 -0.352590 -0.830338 0.431531 0.269523 0.351495 0.896554
96.980894 -232.162713 29394.297457 60822.245166 -0.346570 0.593758 -0.726182 0.386209 0.795821 0.466381 0.854829 -0.118824 -0.505123
1572.339515 -509.809616 539232.804622 135032.332517 -0.598843 0.462225 -0.654015 0.480296 0.860757 0.168561 0.640861 -0.213179 -0.737463
-72.078186 -1432.624579 39625.589388 -491172.815161 -0.659225 -0.216531 -0.720095 0.233758 0.851180 -0.469947 0.714688 -0.478129 -0.510503
517.052260 -2416.525569 -97812.247896 -456284.304513 -0.147279 0.047175 -0.987969 0.983397 -0.100077 -0.151376 -0.106014 -0.993861 -0.031652
5.320451 -783.266490 5128.828930 -168685.538509 -0.255525 -0.308986 -0.916098 0.398990 0.829398 -0.391033 0.880632 -0.465433 -0.088650
-42.236050 -1356.789483 6031.114132 -337020.985725 -0.366762 -0.574761 -0.731530 -0.258829 0.818321 -0.513185 0.893585 0.001125 -0.448894
-91.753075 -1570.521057 8703.903373 -500113.775823 0.332325 0.721749 0.607155 -0.284276 0.690456 -0.665175 0.899304 -0.048455 -0.434632
-7.361187 -144.271390 2918.167393 -45984.617699 0.060840 0.504991 0.860977 0.070988 0.858202 -0.508380 -0.995620 0.092049 0.016365
5.578461 -193.077320 5316.689015 -56435.401537 0.173614 0.636258 0.751688 0.314280 0.687574 -0.654577 -0.933320 0.349884 -0.080591
-2.524713 -308.393314 5200.134136 -90231.980696 0.153370 0.606241 0.780352 0.369677 0.697153 -0.614261 -0.916415 0.382687 -0.117191
5.437630 -31.530499 1260.175567 886.710808 0.948996 -0.256869 -0.182826 0.301474 0.569517 0.764698 0.092305 0.780813 -0.617909
9.158880 -27.735712 1625.340790 541.626350 0.956669 -0.230555 -0.177847 0.279248 0.553400 0.784709 0.082498 0.800370 -0.593803
8.304088 -32.473972 1474.041992 1187.730964 0.931986 -0.282417 -0.227250 0.357758 0.615604 0.702169 0.058408 0.735712 -0.674771
11.532771 -33.392846 1797.668216 1692.450610 0.909052 -0.307426 -0.281273 0.416332 0.642392 0.643429 0.017119 0.702013 -0.711958
9.440183 -37.020721 1836.181627 1712.421493 0.907452 -0.328033 -0.262537 0.419309 0.667394 0.615440 0.026669 0.668566 -0.743175
1.235373 -14.608686 -8.164467 -1284.511393 -0.221461 0.640729 0.735133 0.934232 -0.076727 0.348314 0.279580 0.763923 -0.581598
3.612070 -14.206287 -834.014716 -945.923959 -0.057558 0.620065 0.782436 0.957277 -0.188190 0.219557 0.283386 0.761646 -0.582742
4.631608 -10.901175 -217.633567 -1349.707106 -0.157313 0.629295 0.761078 0.958636 -0.087809 0.270752 0.237212 0.772190 -0.589451
7.323221 -37.274489 -2747.901045 1221.514664 0.649185 -0.200179 0.733817 0.703480 0.524905 -0.479156 -0.289267 0.827286 0.481583
-0.977054 -32.328138 -2438.094386 964.839192 0.620233 -0.209015 0.756058 0.757276 0.410895 -0.507640 -0.204556 0.887400 0.413132
15.749187 -33.809543 -5959.006496 -2001.226867 0.761976 -0.108946 0.638375 -0.600787 -0.486910 0.634014 -0.241758 0.866631 0.436467
-4.868167 -38.234424 -477.183433 400.717897 0.454413 -0.322598 0.830325 0.860541 0.399825 -0.315609 -0.230169 0.857946 0.459295
5.208198 -45.460618 -1669.951937 2099.077723 0.498326 -0.294483 0.815446 0.794067 0.532590 -0.292926 -0.348036 0.793491 0.499242
22.278419 -25.464540 -2559.392421 -250.725546 0.989627 -0.141928 0.022261 0.108705 0.841083 0.529871 0.093927 0.521955 -0.847786
14.713681 -26.747828 -1995.709002 -1155.536547 0.989478 -0.138404 -0.042163 0.140427 0.848510 0.510207 0.034839 0.510759 -0.859018
22.125418 -19.570305 -2397.375402 -2861.421100 0.994451 -0.099912 0.032952 0.073738 0.885341 0.459057 0.075039 0.454080 -0.887796
17.983859 -27.826182 -2498.137311 -280.840905 0.984314 -0.173986 -0.029236 0.158606 0.800084 0.578541 0.077266 0.574103 -0.815129
28.454581 -18.569440 -2162.566816 -1585.557748 0.985040 -0.142811 0.096443 0.074720 0.858266 0.507736 0.155285 0.492934 -0.856097
25.473735 -24.607361 -3053.769183 -186.185158 0.983218 -0.179821 0.030756 0.128832 0.803766 0.580830 0.129166 0.567120 -0.813444
-1.713694 -7.224671 40.829059 -510.823749 0.879486 -0.456122 0.135858 0.265961 0.707760 0.654478 0.394677 0.539471 -0.743775
-1.923813 -6.984227 276.208275 -457.328624 0.867930 -0.485102 0.106651 0.303878 0.688470 0.658535 0.392882 0.539153 -0.744955
-2.178416 -8.806149 304.432282 -692.635631 0.887844 -0.433385 0.154629 0.231585 0.711239 0.663707 0.397619 0.553459 -0.731835
-3.242129 -11.508601 493.842586 -950.044219 0.905550 -0.364122 0.217704 0.135058 0.733895 0.665700 0.402168 0.573422 -0.713756
-2.128656 -11.876654 379.155642 -994.376115 0.884831 -0.441909 0.147614 0.228449 0.687634 0.689181 0.406059 0.576087 -0.709394
-2.939357 -34.486506 61.945922 -258.452083 -0.385658 -0.822790 0.417475 0.921155 -0.369047 0.123607 0.052365 0.432229 0.900242
-1.348811 -32.695580 -1143.631453 368.820315 -0.303160 -0.834945 0.459304 0.948649 -0.310112 0.062411 0.090325 0.454639 0.886084
-1.974184 -33.309121 -16.438392 3603.403936 -0.350489 -0.835035 0.424115 0.935730 -0.331348 0.120902 0.039572 0.439232 0.897502
0.252496 -53.017743 -90.352699 3878.187562 -0.648110 -0.648423 -0.399376 0.743555 -0.425476 -0.515845 0.164561 -0.631283 0.757893
-0.165763 -69.732728 -102.161945 6980.760394 -0.650961 -0.646395 -0.398024 0.757030 -0.513981 -0.403398 0.056177 -0.563912 0.823922
-0.532888 -70.871624 -236.468209 7002.991022 -0.633643 -0.660720 -0.402424 0.771062 -0.497065 -0.397982 0.062924 -0.562472 0.824418
0.383385 -53.886335 -36.866303 4016.540092 -0.639831 -0.655391 -0.401347 0.751039 -0.422501 -0.507379 0.162962 -0.626064 0.762553
-9.831704 -22.195128 -702.453555 -522.908432 -0.339047 -0.185318 0.922336 0.913898 0.167772 0.369654 -0.223246 0.968251 0.112480
-9.553610 -22.225487 -209.184836 -293.309231 -0.376201 -0.168893 0.911015 0.910124 0.116899 0.397504 -0.173632 0.978678 0.109736
-9.811326 -21.344104 -418.455283 -156.603257 -0.319698 -0.162780 0.933432 0.915445 0.201084 0.348605 -0.244444 0.965954 0.084730
-10.180457 -24.088154 -544.074730 133.267403 -0.258043 -0.176450 0.949884 0.921151 0.251576 0.296970 -0.291368 0.951617 0.097620
-14.304427 -25.016798 -1217.020669 -1279.888333 -0.340399 -0.241753 0.908672 0.899957 0.196205 0.389335 -0.272409 0.950294 0.150779
-0.800671 -113.223884 354.657815 8151.399845 0.532501 0.829433 0.168772 0.741480 -0.360943 -0.565621 -0.408228 0.426335 -0.807210
-0.136636 -102.183875 -363.798484 4764.664727 0.569149 0.811949 0.129643 0.787794 -0.493333 -0.368788 -0.235480 0.312027 -0.920428
0.268169 -119.422163 -194.402571 9510.412821 0.530199 0.832532 0.160558 0.777636 -0.402014 -0.483391 -0.337892 0.381149 -0.860555
109.825498 -629.708111 22865.352296 -173962.205365 0.418610 0.270078 0.867078 0.903137 -0.224141 -0.366203 0.095444 0.936386 -0.337745
51.332341 -313.845635 20838.737195 22025.660590 0.353498 0.184084 0.917144 0.739319 -0.655658 -0.153359 0.573102 0.732274 -0.367870
26.533602 -457.902340 20269.901856 -120745.068046 0.320447 0.148513 0.935552 0.939742 -0.174080 -0.294248 0.119161 0.973468 -0.195348
-4.881461 -37.140020 636.942808 516.290938 0.304667 0.858748 -0.411982 0.675788 -0.499708 -0.541851 0.671184 0.113328 0.732577
1.725037 -32.262932 1415.927733 -15.404156 0.229837 0.899750 -0.370980 0.647916 -0.425893 -0.631522 0.726209 0.095217 0.680848
0.225034 -37.329201 1387.474291 1212.345251 0.368554 0.812949 -0.450869 0.611712 -0.577294 -0.540870 0.699983 0.076462 0.710054
12.003332 -24.473357 540.326125 -216.662955 0.974172 -0.159838 -0.159501 0.220329 0.518201 0.826391 0.049435 0.840190 -0.540034
11.416684 -24.295206 437.505109 593.888534 0.960990 -0.187608 -0.203227 0.274461 0.556021 0.784545 0.034189 0.809718 -0.585822
-36.670766 -59.843189 1536.132724 4521.264024 0.877334 0.325747 0.352382 0.368898 0.011835 -0.929395 0.306918 -0.945383 0.109784
-25.261766 -64.401624 -1724.726607 10011.557928 0.897984 0.212386 0.385380 0.368555 0.115457 -0.922408 0.240401 -0.970341 -0.025403
-15.151971 -37.489866 -6845.455851 -59.356731 0.984978 0.048341 0.165778 0.105805 0.589757 -0.800620 0.136471 -0.806132 -0.575783
-27.809958 -35.179396 -266.915033 -356.911531 0.698636 -0.235280 0.675686 0.679872 0.512516 -0.524501 0.222895 -0.825815 -0.518022
-169.770058 -694.906595 -10607.689684 -208445.425289 0.967875 0.169031 0.186134 0.212038 -0.946574 -0.242975 -0.135119 -0.274637 0.952007
-217.358002 -625.846828 18827.514817 -179081.720821 0.985941 0.155569 -0.060980 0.164828 -0.965388 0.202131 0.027424 0.209340 0.977458
-299.909688 -1466.067223 -61052.122165 408662.865658 0.814920 0.259161 0.518402 -0.231932 0.965536 -0.118100 -0.531142 -0.023992 0.846943
28.781683 -67.274937 -4850.433918 -3320.423133 0.871773 0.409589 -0.268790 -0.051618 0.622391 0.781002 -0.487183 0.666983 -0.563726
11.155360 -60.385121 -6507.820333 -1652.386183 0.819924 0.487128 -0.300717 -0.048431 0.582437 0.811432 -0.570420 0.650748 -0.501146
4.081102 -12.078461 2450.721574 102.588978 0.974676 0.110239 0.194561 0.213624 -0.201777 -0.955851 0.066114 -0.973208 0.220217
1.007374 -13.365811 965.873865 -299.730140 0.932396 0.127157 0.338333 0.356727 -0.173102 -0.918031 0.058168 -0.976661 0.206760
-2.692156 -14.419539 -262.128578 58.998174 0.823198 0.156330 0.545808 0.567079 -0.179501 -0.803866 0.027696 -0.971257 0.236417
35.021210 -33.875483 -4942.975384 611.584841 0.991243 -0.115455 0.064083 0.121907 0.986637 -0.108106 0.050745 -0.114972 -0.992072
69.275733 -24.596318 23718.272184 3791.364771 0.572861 0.613849 0.543157 -0.297086 -0.462106 0.835582 -0.763917 0.640037 0.082357
26.520581 -27.152807 10786.651424 4380.075280 0.595826 0.680427 0.426626 -0.282363 -0.319819 0.904427 -0.751840 0.659344 -0.001571
41.287601 -12.741269 1062.764956 3123.411377 0.659390 0.751167 0.030862 0.031491 -0.068611 0.997146 -0.751141 0.656537 0.068897
106.435273 -10.015805 26838.588546 2967.389915 0.583010 0.661346 0.471934 -0.208079 -0.439952 0.873582 -0.785368 0.607506 0.118884
3.996927 -41.327869 -593.603843 184.376037 -0.869674 0.347650 0.350437 0.103579 0.822640 -0.559048 -0.482637 -0.449892 -0.751438
-2.670328 -47.822401 -272.091027 1316.648005 0.978446 -0.174315 -0.110715 0.054342 -0.299900 0.952422 0.199224 0.937910 0.283963
-1.272680 -45.193099 420.613798 755.568266 0.972291 -0.194677 -0.129426 0.075854 -0.260958 0.962365 0.221125 0.945517 0.238960
-2.322776 -48.437728 -30.615086 867.201285 0.971675 -0.175444 -0.158327 0.126477 -0.179872 0.975525 0.199628 0.967918 0.152588
-0.623276 -46.176228 676.190655 281.538350 0.962744 -0.188436 -0.193947 0.168697 -0.142012 0.975384 0.211340 0.971764 0.104933
-3.095425 -51.720644 336.774008 1429.531537 0.969543 -0.182366 -0.163493 0.129808 -0.183461 0.974419 0.207695 0.965963 0.154200
-1.360540 -50.077756 320.787994 554.244660 0.959595 -0.175157 -0.220222 0.215790 -0.044204 0.975439 0.180590 0.983548 0.004621
7.972429 -72.098260 147.543179 2400.987151 0.997553 -0.069039 0.011073 -0.038598 -0.411680 0.910511 0.058302 0.908710 0.413337
-0.984438 -101.008988 1514.014851 6702.834503 0.928523 -0.322202 -0.184476 -0.259674 -0.208458 -0.942929 -0.265358 -0.923434 0.277226
-6.088283 -28.615624 85.235530 -809.853876 0.936504 -0.178190 -0.302007 -0.302548 0.024794 -0.952812 -0.177270 -0.983684 0.030692
-6.239313 -27.224950 1182.689627 3196.394853 0.925954 -0.157130 -0.343394 -0.317816 0.166890 -0.933349 -0.203966 -0.973375 -0.104594
-5.736566 -27.425926 892.590175 20.652136 0.933711 -0.148672 -0.325700 -0.323572 0.038972 -0.945401 -0.153248 -0.988118 0.011717
-6.336996 -29.062690 229.195244 -3143.404059 0.936004 -0.168577 -0.308997 -0.327076 -0.092149 -0.940495 -0.130072 -0.981372 0.141389
-5.398047 -28.283517 -441.907924 -3618.454814 0.933119 -0.195203 -0.301968 -0.324898 -0.097940 -0.940664 -0.154046 -0.975860 0.154811
4.679671 -20.423076 1861.993854 -552.001466 0.931826 0.150992 0.330002 0.337568 -0.026815 -0.940919 0.133223 -0.988171 0.075957
2.358545 -17.263085 603.796992 -633.903401 0.924802 0.130018 0.357542 0.370619 -0.095644 -0.923847 0.085920 -0.986888 0.136639
-0.166360 -20.087696 1068.973313 -642.421307 0.870081 0.160431 0.466070 0.481367 -0.073135 -0.873463 0.106045 -0.984334 0.140860
-1.125396 -22.225562 1141.670528 -247.557112 0.869555 0.152692 0.469638 0.478391 -0.024471 -0.877806 0.122542 -0.987971 0.094325
-1.660194 -20.276392 962.464450 -681.418090 0.815854 0.166929 0.553640 0.572796 -0.102009 -0.813326 0.079292 -0.980678 0.178841
-2.550890 -21.244799 777.868571 -449.349889 0.823132 0.155657 0.546099 0.561829 -0.083573 -0.823021 0.082470 -0.984270 0.156244
-2.305764 -75.771355 549.366166 1015.105274 -0.925610 0.233751 0.297670 0.152309 0.950043 -0.272434 -0.346481 -0.206830 -0.914971
0.848210 -25.610459 2087.810700 -154.271933 0.979548 -0.082330 -0.183597 -0.197807 -0.561169 -0.803717 0.036859 -0.823596 0.565978
7.179512 -27.241632 1301.578852 -299.489548 0.985285 -0.087839 -0.146621 -0.170621 -0.556155 -0.813376 0.010098 -0.826423 0.562959
-0.146166 -93.672866 955.872747 -2455.188220 -0.017951 -0.936435 -0.350382 0.991915 0.027354 -0.123924 0.125631 -0.349774 0.928372
-1.723797 -85.301805 326.323512 -360.403585 0.004961 -0.939629 -0.342158 0.995057 0.038575 -0.091509 0.099183 -0.340013 0.935176
-3.843988 -129.083592 -747.298945 -8810.243228 -0.072428 0.984850 0.157560 -0.800271 -0.151667 0.580142 -0.595249 0.084072 -0.799131
-9.138438 -59.474818 5167.606763 -2871.315860 0.089862 0.803209 0.588881 0.300713 0.541796 -0.784875 0.949472 -0.247615 0.192848
-5.549440 -48.383833 5916.186697 -3611.107725 0.024136 0.740026 0.672145 0.482410 0.580260 -0.656185 0.875613 -0.340086 0.342991
-14.314036 -55.884242 1823.603485 -3548.063964 0.144585 0.757201 0.636979 0.428795 0.532212 -0.729990 0.891757 -0.378679 0.247734
-0.113955 -210.815396 343.301549 15779.490668 -0.124697 0.960522 0.248694 0.373375 -0.186798 0.908679 -0.919261 -0.206166 0.335342
1.912825 -182.726025 -167.153820 20873.101881 -0.127567 0.947555 0.293028 0.710019 -0.119044 0.694047 -0.692531 -0.296593 0.657596
26291.963334 -51708.044323 -7424156.361270 -27134653.195051 -0.567702 0.161316 -0.807274 0.793663 -0.153219 -0.588747 -0.218664 -0.974937 -0.041048
30.014701 -36.417609 -55858.333568 2692.119292 0.337471 0.657724 -0.673433 -0.412429 -0.539772 -0.733858 0.846177 -0.525399 -0.089107
2.801477 -381.218350 -10509.890517 147056.517221 0.372690 0.894648 -0.246389 -0.664904 0.072241 -0.743427 0.647306 -0.440893 -0.621778
2.724413 -81.273713 -711.719184 -1867.304658 -0.300495 -0.872027 -0.386357 0.937194 -0.194735 -0.289389 0.177117 -0.449051 0.875775
0.559607 -6.650347 -522.202194 -341.370539 0.888475 0.342849 -0.305068 -0.078018 -0.542231 -0.836600 0.452245 -0.767099 0.455010
-1.233794 -9.112219 -1909.567759 -1004.218359 0.903294 0.386762 -0.185674 0.027380 -0.483873 -0.874710 0.428147 -0.785037 0.447669
1.323724 -9.753444 -119.334792 -1744.280308 0.894782 0.355259 -0.270475 -0.038806 -0.541594 -0.839744 0.444814 -0.761884 0.470822
6.202280 -7.752968 1451.546856 -885.934840 0.872172 0.311444 -0.377252 -0.131400 -0.593679 -0.793901 0.471222 -0.741989 0.476866
0.634916 -6.696263 226.731083 592.466169 0.847965 0.245563 -0.469738 -0.239963 -0.612347 -0.753292 0.472624 -0.751485 0.460323
-20.743644 -27.630255 105.829251 -773.671743 0.059794 -0.683071 -0.727900 0.963562 -0.150959 0.220815 -0.260716 -0.714580 0.649155
-20.601097 -25.948855 103.472774 -1531.945714 0.161808 -0.728543 -0.665615 0.929605 -0.113804 0.350547 -0.331139 -0.675480 0.658843
-19.032974 -25.970687 529.913027 -1076.645322 -0.099933 -0.605066 -0.789879 0.942856 -0.311191 0.119092 -0.317861 -0.732841 0.601588
-20.274549 -26.602648 382.668469 302.737847 -0.098187 -0.600248 -0.793764 0.972007 -0.228923 0.052877 -0.213450 -0.766353 0.605923
