16958
33908
-36.487674 -56.496654 226.158111 6579.473492 0.356092 0.923249 -0.144258 0.657283 -0.357201 -0.663617 0.664212 -0.141490 0.734032
-47.082656 -71.283133 495.262170 6438.386290 0.160562 0.987019 0.003647 0.820366 -0.131395 -0.556539 0.548835 -0.092351 0.830814
-43.509112 -76.958631 568.539726 11493.522158 -0.011926 0.981333 0.191949 0.810609 0.121884 -0.572763 0.585466 -0.148765 0.796931
-38.166809 -57.737710 52.802371 6198.402001 0.414156 0.860268 -0.297345 0.632648 -0.506936 -0.585468 0.654394 -0.054360 0.754197
-36.200564 -61.517523 -1674.791171 11493.624601 0.110661 0.977782 0.178033 0.726351 0.042699 -0.685996 0.678357 -0.205228 0.705488
-27.671910 -42.457709 -991.920829 5187.668482 0.453194 0.864700 -0.216588 0.519353 -0.453601 -0.724237 0.724492 -0.215734 0.654653
-30.638286 -47.361347 323.600016 -3039.693126 0.560993 0.686745 -0.462242 -0.426217 0.718300 0.549894 0.709666 -0.111471 0.695664
179.368468 -95.990337 17569.045510 -1731.488664 -0.483012 0.753053 0.446778 -0.163081 0.423950 -0.890882 0.860293 0.503167 0.081964
190.324719 -89.901778 16569.729656 -2590.718205 -0.305385 0.840321 0.447885 -0.297017 0.362827 -0.883254 0.904722 0.402762 -0.138788
195.351376 -94.096513 -4843.720799 -7862.791463 -0.210121 0.870306 0.445439 -0.121373 0.428866 -0.895178 0.970112 0.242160 -0.015517
24.012519 -72.844700 505.466972 -1469.333881 0.372121 0.847279 0.379004 0.870857 -0.459984 0.173272 -0.321146 -0.265580 0.909029
27.671220 -76.524181 191.756809 748.144414 -0.399239 -0.794091 -0.458288 0.874556 -0.479895 0.069658 -0.275245 -0.372989 0.886070
20.846386 -70.436732 -432.185939 -4792.415350 0.406250 0.801524 0.438772 0.788991 -0.549909 0.274031 -0.460927 -0.234862 0.855796
18.961797 -65.007647 275.243975 -5683.107990 0.384085 0.843235 0.376076 0.784175 -0.512939 0.349232 -0.487389 -0.160774 0.858256
15.687743 -60.079657 -1123.948011 -6929.396172 0.408659 0.800396 0.438593 0.691417 -0.585181 0.423681 -0.595769 -0.130110 0.792547
16.341661 -64.086677 -607.109489 -6564.621991 0.437230 0.765549 0.471980 0.694746 -0.620767 0.363286 -0.571102 -0.169067 0.803280
37.626901 -58.412494 9318.743828 11223.178878 -0.465784 0.239310 -0.851925 0.685146 -0.511748 -0.518352 -0.560018 -0.825133 0.074401
50.862901 -73.117463 6270.813319 14251.569772 -0.507609 0.108771 -0.854694 0.683932 -0.552437 -0.476498 -0.523994 -0.826427 0.206030
51.864751 -45.912967 9858.575003 5695.411226 -0.474788 0.181351 -0.861213 0.728132 -0.468723 -0.500123 -0.494368 -0.864529 0.090497
30.797961 -47.052572 7844.662179 3812.050975 -0.449193 0.275501 -0.849897 0.701894 -0.479749 -0.526484 -0.552784 -0.833031 0.022127
37.533652 -48.311862 8757.341035 -3583.459878 -0.416099 0.241471 -0.876672 0.752208 -0.450300 -0.481054 -0.510926 -0.859605 0.005733
55.145243 -46.557571 11150.077774 -4452.093969 -0.425840 0.161620 -0.890247 0.781369 -0.430408 -0.451898 -0.456205 -0.888047 0.057000
-2.607157 -21.629204 4988.054110 -7166.532504 0.807740 -0.551294 0.208881 -0.216684 -0.607135 -0.764483 -0.548274 -0.572243 0.609864
-14.564868 -29.961201 -5072.565723 -6651.693076 0.685644 -0.726347 -0.048093 -0.416837 -0.337598 -0.843963 -0.596774 -0.598705 0.534240
92.485981 -33.468877 51883.212268 -5628.922028 0.871667 -0.269565 0.409305 0.109369 -0.707099 -0.698605 -0.477739 -0.653717 0.586873
109.480873 -23.979564 49298.052785 -6995.192904 0.863392 -0.364510 0.348837 -0.024050 -0.720353 -0.693191 -0.503961 -0.590106 0.630713
3.134142 -49.985059 -140.200108 -2130.685086 0.530238 0.834708 -0.148695 0.774583 -0.548227 -0.315387 0.344774 -0.052054 0.937241
3.361823 -49.302745 381.970137 26.110297 0.504702 0.850696 -0.146943 0.818711 -0.525645 -0.231104 0.273839 0.003665 0.961769
2.265281 -52.274373 959.626290 -2057.083677 0.538585 0.825066 -0.170856 0.762719 -0.563579 -0.317234 0.358030 -0.040542 0.932829
3.838781 -48.407984 -97.581850 -1055.047970 0.519289 0.844003 -0.134156 0.800103 -0.535308 -0.270705 0.300291 -0.033235 0.953269
3.339541 -50.524893 -159.601935 -1724.966409 0.543989 0.825449 -0.150700 0.733675 -0.555065 -0.391948 0.407181 -0.102650 0.907561
-37.618110 -141.353127 -5104.995595 2980.286285 -0.066780 0.992421 0.103152 0.617999 -0.040024 0.785159 -0.783337 -0.116181 0.610643
-34.980305 -136.902370 -2472.801901 -9524.968103 -0.048033 0.995269 0.084449 0.359545 -0.061651 0.931089 -0.931891 -0.075086 0.354883
-33.768029 -137.278268 -4496.533590 -183.736162 -0.107814 0.984811 0.136100 0.577158 -0.049465 0.815133 -0.809484 -0.166434 0.563058
-35.204762 -135.614127 -3817.830052 8114.318822 -0.083085 0.990966 0.105280 0.775393 -0.002077 0.631476 -0.625990 -0.134100 0.768215
-4.480358 -87.758040 -1817.712196 -1294.306358 0.267226 0.963622 0.004814 -0.932321 0.259802 -0.251556 0.243655 -0.062734 -0.967831
-9.665993 -87.633029 -1901.543168 -3740.500546 0.240753 0.970488 0.013845 -0.963370 0.240675 -0.118292 0.118133 -0.015142 -0.992882
-9.014434 -82.377756 -2142.845744 -1182.914413 0.271036 0.962386 0.018758 -0.927387 0.266301 -0.262749 0.257862 -0.053819 -0.964682
5.583302 -75.703047 -454.153347 -4400.573324 0.547385 0.814554 -0.192019 0.641158 -0.555641 -0.529320 0.537853 -0.166628 0.826407
6.406723 -77.172713 -831.447530 -3901.497300 0.574588 0.790200 -0.213150 0.565277 -0.571495 -0.594858 0.591871 -0.221309 0.775056
3.556274 -70.334758 -681.717309 -3453.686980 0.564524 0.802573 -0.192844 0.652941 -0.577132 -0.490497 0.504956 -0.150982 0.849838
-4.869526 -145.997807 -335.492845 -179.978831 -0.266303 0.106352 -0.958004 0.926585 0.302076 -0.224034 0.265563 -0.947333 -0.178988
-3.365631 -136.748791 -632.483297 -6102.577716 -0.252313 0.109259 -0.961458 0.967303 0.002026 -0.253617 -0.025762 -0.994011 -0.106197
-5.261898 -139.065837 -651.336245 -5469.848920 -0.257350 0.111957 -0.959811 0.965294 0.075515 -0.250012 0.044489 -0.990840 -0.127505
-1.584415 -138.760553 -488.100095 -1154.940344 -0.257256 0.108883 -0.960189 0.938548 0.264754 -0.221435 0.230103 -0.958149 -0.170302
-13.689198 -63.999550 999.204033 -5227.504545 0.313857 0.947684 -0.058208 0.931140 -0.319207 -0.176311 0.185667 -0.001137 0.982612
-11.111452 -68.440251 2382.464154 -4111.446425 0.340507 0.933995 -0.108204 0.900327 -0.357060 -0.248834 0.271045 0.012689 0.962483
-11.661531 -59.850825 1836.384871 -1482.953101 0.374218 0.920991 -0.108331 0.911538 -0.386797 -0.139596 0.170469 0.046509 0.984265
-3.862651 -124.879908 -707.480601 -8229.403506 -0.251956 0.111227 -0.961325 0.924985 -0.264320 -0.273014 -0.284464 -0.958000 -0.036286
-4.580897 -127.686957 -315.456116 -10284.209876 -0.248334 0.116524 -0.961641 0.950042 -0.164475 -0.265269 -0.189076 -0.979474 -0.069858
-0.717964 -40.731734 -1124.734025 3850.983741 -0.681061 -0.691169 0.241748 0.687902 -0.490830 0.534675 -0.250893 0.530445 0.809741
-0.493598 -51.530114 700.586470 10180.112402 -0.650744 -0.721971 0.235138 0.698496 -0.447785 0.558204 -0.297716 0.527491 0.795687
-2.164618 -47.535181 -2333.793576 8115.922057 -0.634374 -0.717397 0.287943 0.721386 -0.415534 0.554016 -0.277799 0.559171 0.781124
-7.982149 -246.829496 1080.536345 38060.715609 -0.385833 -0.059213 -0.920667 0.745542 0.567798 -0.348960 0.543416 -0.821035 -0.174929
-6.124759 -252.494858 1502.402618 8464.890688 -0.406790 -0.054973 -0.911866 0.887292 0.213701 -0.408711 0.217335 -0.975351 -0.038154
-9.328046 -234.191369 -16.886340 33416.078245 -0.388507 -0.072830 -0.918563 0.734580 0.577342 -0.356467 0.556287 -0.813248 -0.170802
-11.330791 -183.997334 -477.463717 35472.220136 -0.385639 -0.049021 -0.921347 0.485376 0.838463 -0.247770 0.784661 -0.542750 -0.299550
-10.400883 -201.973680 842.184400 34283.108197 -0.374915 -0.048148 -0.925808 0.534675 0.804592 -0.258366 0.757338 -0.591872 -0.275910
-8.108656 -183.211972 316.598384 23855.108148 -0.408886 -0.054261 -0.910971 0.621281 0.714630 -0.321426 0.668448 -0.697395 -0.258491
-14.004027 -183.901494 -115.626152 -7085.783473 -0.415410 0.180396 -0.891567 0.624225 -0.656396 -0.423659 -0.661648 -0.732530 0.160066
-10.638441 -164.390544 -3017.152524 3849.550496 0.390912 -0.238592 0.888967 -0.512784 0.745597 0.425603 -0.764356 -0.622222 0.169117
-9.431745 -169.106799 3989.883371 -2807.545560 -0.352112 0.224954 -0.908523 0.708270 -0.570521 -0.415764 -0.611859 -0.789874 0.041559
-3.710933 -14.235414 -753.837428 -2883.141440 0.059000 -0.273093 -0.960177 -0.689333 0.684561 -0.237059 0.722038 0.675868 -0.147863
-4.937609 -11.774419 -18.668532 -2372.776331 0.005121 -0.253172 -0.967408 -0.688296 0.700895 -0.187069 0.725412 0.666821 -0.170667
-3.069219 -17.037663 1153.968486 1470.201260 0.040305 0.179700 0.982896 0.721040 -0.686226 0.095893 0.691720 0.704842 -0.157229
-0.622185 -17.721547 1553.592911 915.272523 -0.073397 0.266871 0.960933 0.723804 -0.648604 0.235416 0.686091 0.712806 -0.145557
2.602956 -14.719833 2149.083387 -1938.501638 -0.028161 0.225456 0.973846 0.762968 -0.624583 0.166660 0.645822 0.747707 -0.154427
-1.600819 -16.073747 752.733357 -1416.747324 0.155444 0.081348 0.984490 0.741558 -0.668028 -0.061888 0.652632 0.739677 -0.164165
-23.548086 -117.447495 18169.254220 13038.823814 -0.157237 0.291372 -0.943599 0.961331 -0.173593 -0.213795 -0.226096 -0.940727 -0.252810
5.141825 -284.429755 20368.910380 -102542.999804 -0.469562 0.365066 -0.803889 0.870508 0.039420 -0.490573 -0.147402 -0.930147 -0.336303
-19.208493 -331.464568 3106.514799 -155121.960154 -0.612666 0.259780 -0.746428 0.770914 -0.011687 -0.636832 -0.174160 -0.965597 -0.193108
25.097204 -192.692026 23554.670327 -1482.955378 -0.199696 0.336209 -0.920372 0.921658 -0.254445 -0.292923 -0.332667 -0.906764 -0.259058
-40.667575 -61.702858 -23927.513300 30682.043123 0.388334 0.049984 -0.920162 0.917573 -0.113272 0.381089 -0.085180 -0.992306 -0.089852
-7.872465 -187.306910 1724.961124 75124.586334 0.251036 0.243777 -0.936778 0.957536 -0.204305 0.203432 -0.141796 -0.948068 -0.284713
25.971273 -348.883676 17498.651532 135130.912731 0.033259 0.360329 -0.932232 0.922962 -0.368935 -0.109673 -0.383452 -0.856767 -0.344840
-305.396925 -3764.439169 -33924.619573 197860.611617 0.836637 -0.023552 0.547251 -0.080789 0.982843 0.165809 -0.541767 -0.182934 0.820380
207.203075 -104788.094362 -404082.555282 244131544.539311 0.481170 -0.330003 0.812141 0.597400 0.801444 -0.028285 -0.641552 0.498783 0.582775
-243.959858 -8505.351115 73658.690438 -1239583.117790 -0.512024 0.083220 -0.854930 0.679540 -0.569552 -0.462423 -0.525410 -0.817731 0.235073
-433.481420 -3193.029666 96462.182885 555071.402625 -0.419531 -0.380896 -0.823961 0.873061 0.079191 -0.481138 0.248514 -0.921220 0.299322
362.877901 -6115.887748 -1544591.708115 -5988634.157811 -0.601365 -0.758378 -0.251443 0.775480 -0.478268 -0.412177 0.192329 -0.442858 0.875720
-20.794138 -35.937271 2206.424938 -320.410690 -0.160152 0.746753 0.645532 -0.295236 0.587798 -0.753213 0.941906 0.311213 -0.126331
-16.865909 -38.512829 1255.966095 -693.850535 -0.184594 0.727820 0.660457 -0.278806 0.605619 -0.745314 0.942440 0.321720 -0.091127
-17.695430 -37.492629 2156.793700 1310.738264 -0.199586 0.783961 0.587853 -0.209841 0.551810 -0.807138 0.957148 0.284449 -0.054373
-18.568751 -39.115240 -2048.091473 -2569.036690 0.119765 -0.636115 -0.762243 -0.382616 0.678888 -0.626670 0.916112 0.366700 -0.162081
-22.066184 -36.096450 1901.206776 1149.276091 -0.166557 0.817162 0.551820 -0.234025 0.510886 -0.827181 0.957857 0.266913 -0.106145
-23.632221 -33.171757 1464.420543 -302.829142 -0.079133 0.713379 0.696296 -0.336363 0.638415 -0.692305 0.938402 0.288993 -0.189434
-21.951394 -35.302591 -1756.189872 -2360.405428 0.065028 -0.619192 -0.782542 -0.376966 0.710851 -0.593791 0.923941 0.333605 -0.187189
-18.174156 -61.196261 7314.479040 -3125.358017 0.441573 0.860670 0.253497 0.760316 -0.508956 0.403588 -0.476375 -0.014525 0.879122
-8.965532 -63.886630 5667.733720 -2546.528411 0.427105 0.873321 0.234288 0.820967 -0.483134 0.304293 -0.378938 -0.062378 0.923317
-4.329262 -55.609551 4688.943398 -2918.074825 0.387419 0.894212 0.224257 0.763622 -0.447552 0.465379 -0.516514 0.009049 0.856231
-13.089665 -32.366177 516.777378 1151.219302 -0.497269 0.739536 0.453664 -0.199081 0.411682 -0.889317 0.844447 0.532545 0.057489
-14.788269 -32.813750 1137.559814 1210.656836 -0.478959 0.751038 0.454467 -0.191305 0.415968 -0.889029 0.856739 0.512750 0.055554
-14.139123 -29.612195 756.765691 1497.740351 -0.487198 0.752509 0.443135 -0.244038 0.369900 -0.896448 0.838501 0.544890 -0.003426
-3.706912 -40.872223 -1366.981442 580.119952 0.440674 0.765749 -0.468439 -0.746052 0.602629 0.283275 -0.499212 -0.224648 -0.836852
-7.906205 -40.365951 -2173.529076 -273.294450 0.415138 0.788753 -0.453352 -0.755767 0.576400 0.310773 -0.506435 -0.213615 -0.835399
-6.454090 -41.679918 -1582.612433 687.496265 0.451047 0.761731 -0.465105 -0.781478 0.588790 0.206441 -0.431102 -0.270355 -0.860848
9.079136 -43.272057 -7921.681036 -514.636545 -0.168341 -0.911891 0.374320 0.980678 -0.193327 -0.029934 0.099662 0.362048 0.926816
17.566935 -45.937913 -6505.394911 1711.213539 -0.106614 -0.932200 0.345885 0.992063 -0.123055 -0.025858 0.066668 0.340383 0.937921
3.883284 -44.944692 -7022.086559 495.643665 -0.227776 -0.895511 0.382332 0.972194 -0.231086 0.037932 0.054383 0.380341 0.923246
-1.759816 -50.533973 -5868.576820 -3813.276298 -0.284648 -0.882465 0.374474 0.948982 -0.314681 -0.020214 0.135678 0.349615 0.927017
5.900854 -171.916611 -328.591817 22953.067365 0.178464 0.982912 0.045103 -0.748972 0.105975 0.654073 -0.638116 0.150509 -0.755086
8.174380 -152.750390 -507.328434 10440.058587 0.194767 0.980207 0.035493 -0.587592 0.087627 0.804399 -0.785367 0.177525 -0.593029
5.322675 -175.088507 -1058.478774 20371.501366 0.183020 0.981687 0.052863 -0.766278 0.108761 0.633237 -0.615891 0.156403 -0.772151
3.115276 -185.555823 -1934.562590 25806.070985 0.188146 0.981384 0.038560 -0.741535 0.116201 0.660775 -0.643993 0.152916 -0.749593
2.888579 -207.373622 -646.313422 32765.679106 0.224766 0.973391 0.044619 -0.894016 0.187792 0.406779 -0.387575 0.131320 -0.912436
2.249973 -191.533550 1276.055051 19620.450520 0.204613 0.975006 0.086581 -0.884556 0.146302 0.442895 -0.419159 0.167208 -0.892383
-0.155981 -130.179731 -1612.015502 -3192.982378 0.428758 0.875463 0.223006 0.347167 0.068228 -0.935318 0.834051 -0.478446 0.274679
1.359146 -129.337024 -955.988645 4506.907269 0.406638 0.883969 0.230747 0.408065 0.050237 -0.911570 0.817391 -0.464839 0.340288
0.978005 -142.085460 -1487.402430 -11421.501815 0.427309 0.881200 0.202223 0.231110 0.109778 -0.966714 0.874068 -0.459821 0.156745
-10.694052 -129.800808 1555.831207 12834.911151 -0.154841 0.175381 0.972248 -0.154841 0.967646 -0.199211 -0.975730 -0.181390 -0.122675
2.098269 -151.208023 2850.718588 -5116.246688 -0.133728 0.178605 0.974791 -0.435501 0.872968 -0.219694 -0.890200 -0.453902 -0.038958
-0.375458 -163.090911 4558.699702 -2202.395520 -0.130270 0.011049 0.991417 -0.265803 0.962946 -0.045657 -0.955185 -0.269469 -0.122506
9.774532 -157.582109 715.734263 -12361.879139 -0.139561 0.094341 0.985709 -0.538597 0.828088 -0.155512 -0.830925 -0.552603 -0.064757
11.077631 -175.355304 3534.328330 -21131.767534 -0.132190 0.032726 0.990684 -0.527388 0.843925 -0.098250 -0.839278 -0.535463 -0.094299
-10.214799 -43.405226 -1420.408183 -2353.312060 0.396797 0.843501 -0.362019 -0.715780 0.531245 0.453253 -0.574640 -0.079277 -0.814557
-6.869551 -39.605421 782.784005 -1902.261632 0.376372 0.861321 -0.341279 -0.770450 0.495563 0.401029 -0.514539 -0.112003 -0.850120
-7.537676 -42.311735 578.801398 -1830.025239 0.373642 0.856969 -0.354959 -0.719853 0.509234 0.471691 -0.584982 -0.079275 -0.807163
-6.448055 -51.469988 4018.019740 -5592.398447 0.256967 0.966368 -0.010053 0.083722 -0.011897 0.996418 -0.962787 0.256889 0.083964
-2.257139 -70.516716 2906.448927 -6518.617498 0.276033 0.950729 0.141142 0.211181 -0.203250 0.956081 -0.937661 0.234103 0.256880
-4.574807 -51.709933 -870.962590 -5274.894748 0.239286 0.967510 0.081649 0.129494 -0.115141 0.984873 -0.962275 0.225093 0.152838
-2.560211 -36.420580 4249.097116 -4036.958201 0.238830 0.940888 -0.240186 0.027516 0.240687 0.970213 -0.970672 0.238325 -0.031594
-9.648761 -41.395183 3411.782726 -6854.171859 0.208484 0.957334 -0.200117 -0.015905 0.207905 0.978020 -0.977897 0.200718 -0.058571
-1.814282 -38.207946 2344.224896 -3033.024897 0.241005 0.961802 -0.129823 0.076319 0.114570 0.990479 -0.967519 0.248618 0.045792
60.566520 -55.942039 4121.524973 -8374.240250 0.033310 0.972362 0.231090 -0.862803 -0.088724 0.497693 -0.504441 0.215964 -0.836002
59.490381 -68.064547 2819.160563 -7119.877551 -0.041598 0.896792 0.440493 -0.863786 -0.253851 0.435240 -0.502139 0.362387 -0.785196
45.666239 -71.774998 1413.940637 -14103.899892 -0.051918 0.933801 0.354006 -0.824145 -0.240261 0.512894 -0.563995 0.265124 -0.782061
30.834045 -90.481656 562.555596 -12215.511967 -0.127457 0.855790 0.501377 -0.731090 -0.422669 0.535591 -0.670270 0.298287 -0.679531
29.319443 -84.212297 -100.678857 -10973.414245 -0.100614 0.921044 0.376237 -0.711062 -0.331067 0.620311 -0.695894 0.205116 -0.688229
-50.502749 -64.318996 -2056.495938 1293.389841 -0.462469 -0.325985 0.824534 -0.360448 0.918767 0.161071 -0.810062 -0.222711 -0.542402
-46.594135 -66.099433 -3334.899140 699.719721 -0.561592 -0.116223 0.819211 -0.361254 0.925175 -0.116393 -0.744386 -0.361309 -0.561557
-54.842306 -67.995725 -620.085203 678.161939 -0.325643 -0.403262 0.855182 -0.409359 0.875447 0.256938 -0.852280 -0.266407 -0.450162
-51.454155 -61.921099 -2049.719590 174.155741 -0.271858 -0.697840 0.662656 -0.409440 0.707032 0.576597 -0.870891 -0.114565 -0.477936
-55.012233 -68.848519 972.360143 -848.981948 0.169559 0.699870 -0.693852 -0.363747 0.698780 0.615950 -0.915935 -0.147947 -0.373060
8.405855 -46.191416 2553.928330 -615.576162 -0.437235 0.839811 0.321780 0.840948 0.254950 0.477291 0.318797 0.479289 -0.817711
8.925678 -46.557907 -788.957266 -444.547502 -0.437460 0.841240 0.317716 0.828453 0.239629 0.506205 0.349707 0.484657 -0.801756
9.960267 -45.585173 -1382.738946 -1113.670696 -0.430279 0.843957 0.320307 0.862853 0.280268 0.420636 0.265227 0.457369 -0.848804
8.380380 -47.956157 -856.431730 -385.869701 -0.426739 0.845989 0.319682 0.797550 0.185377 0.574064 0.426390 0.499938 -0.753826
7.354975 -45.574788 2293.861246 -471.233826 -0.438533 0.837992 0.324743 0.870077 0.305384 0.386919 0.225064 0.452228 -0.863039
11.428752 -44.810853 3933.882353 -393.997329 -0.452837 0.836464 0.308654 0.864107 0.326444 0.383085 0.219679 0.440184 -0.870620
6.767345 -47.915533 1799.877969 -1069.279716 -0.421284 0.848707 0.319714 0.798754 0.180250 0.574023 0.429549 0.497199 -0.753844
15.810181 -44.690186 4277.667515 -125.448959 -0.464926 0.837388 0.287447 0.836096 0.308495 0.453624 0.291183 0.451235 -0.843564
10.187986 -45.955671 4501.564881 -532.724643 -0.444259 0.839290 0.313411 0.820413 0.240574 0.518697 0.359939 0.487562 -0.795442
-5.993537 -32.815724 488.104195 -1313.393688 -0.369230 0.899115 -0.235076 0.884657 0.262559 -0.385286 -0.284695 -0.350221 -0.892353
-6.899312 -36.651241 344.317644 1049.807360 -0.384527 0.893812 -0.230736 0.861128 0.257271 -0.438486 -0.332562 -0.367302 -0.868615
-5.882426 -32.527901 106.809382 -1187.622955 -0.344066 0.908231 -0.238191 0.887216 0.231437 -0.399105 -0.307353 -0.348646 -0.885427
-1.351457 -74.633001 -1903.776610 1337.869002 -0.387129 0.908537 -0.157133 -0.522004 -0.356445 -0.774893 0.760028 0.217960 -0.612251
1.359341 -74.733100 -2058.296519 -1147.595001 -0.381553 0.913310 -0.142418 -0.370245 -0.292180 -0.881788 0.846957 0.283719 -0.449630
3.426589 -74.350992 -2016.020462 3414.348076 -0.389074 0.907086 -0.160674 -0.498755 -0.354064 -0.791127 0.774509 0.227670 -0.590171
2.266849 -72.529123 -2257.253920 2294.752126 -0.389998 0.904665 -0.171708 -0.599854 -0.391081 -0.698020 0.698625 0.169227 -0.695187
12.256523 -102.092897 457.787056 1869.123993 -0.661824 0.749470 0.016851 0.740910 0.650511 0.166998 0.114198 0.123008 -0.985813
14.358661 -93.985191 369.767416 -7545.429272 -0.652282 0.757379 0.030108 -0.697199 -0.583921 -0.415873 0.297392 0.292257 -0.908924
12.100316 -99.477911 611.391638 4741.882227 -0.674148 0.737387 0.042248 0.698266 0.617650 0.361846 0.240726 0.273438 -0.931280
-0.628254 -128.493998 603.504213 6662.513689 -0.454380 0.877753 -0.151948 0.874987 0.407766 -0.261008 -0.167141 -0.251549 -0.953303
-4.042540 -117.696487 -1432.418976 3125.030960 -0.432403 0.882128 -0.186758 0.900202 0.434190 -0.033404 0.051621 -0.182564 -0.981838
-2.316995 -124.879574 1237.267731 5203.515984 -0.424728 0.891343 -0.158472 0.903803 0.427602 -0.017233 0.052402 -0.150547 -0.987213
-2.344579 -110.028913 -68.631716 -5262.113383 -0.386721 0.903462 -0.184944 -0.894915 -0.416076 -0.161272 0.222654 -0.103142 -0.969426
-2.594660 -125.510780 -46.979388 10455.693831 -0.410197 0.893477 -0.182857 0.910996 0.410817 -0.036273 0.042711 -0.181461 -0.982470
-0.735560 -141.330043 1210.021209 9161.107358 -0.448816 0.880383 -0.153263 0.877066 0.401111 -0.264320 -0.171227 -0.253052 -0.952179
-0.875555 -70.885469 -597.360589 -3352.161609 0.648868 -0.760003 -0.036961 0.757819 0.641108 0.121211 -0.068425 -0.106660 0.991938
-0.381945 -61.309926 -688.443507 -4326.131853 0.672238 -0.739382 -0.037549 0.715510 0.635836 0.289410 -0.190109 -0.221419 0.956468
-0.926339 -62.609380 -474.318653 -4955.348136 0.676066 -0.735872 -0.037766 0.713470 0.640956 0.283083 -0.184106 -0.218328 0.958352
-1.745898 -79.296190 840.785494 -3476.158078 -0.607645 0.793383 0.036197 0.793286 0.608505 -0.020462 0.038261 -0.016281 0.999135
-0.504868 -75.842493 269.566381 -2354.631507 -0.611315 0.790229 0.042806 0.788812 0.612794 -0.047523 0.063786 -0.004714 0.997952
-8.647856 -55.351536 -3381.721880 -392.085696 0.929139 -0.214763 0.300962 -0.188748 0.424423 0.885573 0.317924 0.879626 -0.353812
-14.537680 -54.515524 -1774.405126 -483.365110 0.905743 -0.221280 0.361475 -0.261258 0.380069 0.887294 0.333726 0.898099 -0.286434
-13.203153 -52.280335 -1757.129239 -562.653898 0.925262 -0.253348 0.282321 -0.129192 0.489300 0.862493 0.356651 0.834506 -0.420000
-6.258964 -54.546856 -3669.649395 -355.307713 0.938626 -0.218454 0.266945 -0.127597 0.499106 0.857095 0.320470 0.838553 -0.440599
-12.367476 -50.466208 -1613.095428 -1488.830016 0.930682 -0.316711 0.183099 0.030401 0.565731 0.824030 0.364564 0.761343 -0.536143
-7.995359 -53.432383 -1310.438059 -1439.715121 0.935227 -0.266493 0.233092 -0.039227 0.576313 0.816287 0.351869 0.772557 -0.528530
0.442121 -45.755847 -1744.711101 1242.256330 -0.449939 0.851958 0.267811 -0.561597 -0.503086 0.656896 -0.694380 -0.145162 -0.704815
-1.903696 -45.534657 124.076624 583.969658 -0.438322 0.858783 0.265265 -0.569442 -0.493669 0.657287 -0.695420 -0.137050 -0.705413
0.018381 -47.257566 -628.032253 530.331189 -0.450663 0.847171 0.281432 -0.620332 -0.523903 0.583707 -0.641943 -0.088474 -0.761631
1.408998 -97.809646 -798.107300 -3349.198322 0.844931 -0.533545 -0.037703 0.419737 0.617709 0.665024 0.331531 0.577724 -0.745870
-0.155951 -91.068142 -345.493530 -2123.512213 0.849525 -0.527061 -0.022694 0.419564 0.648930 0.634710 0.319804 0.548724 -0.772417
-0.697863 -98.587341 -261.708182 2732.407865 0.838416 -0.543903 -0.035047 0.477688 0.702339 0.527763 0.262436 0.459226 -0.848669
0.983377 -100.970465 -328.639772 1910.531166 0.831829 -0.553341 -0.043295 0.481514 0.680651 0.552140 0.276053 0.480133 -0.832627
5.437319 -86.863612 788.266485 17.828553 -0.639222 0.768620 -0.024846 0.084216 0.102079 0.991205 -0.764397 -0.631508 0.129982
5.335118 -85.981161 1190.924800 1658.414186 -0.631189 0.772430 -0.070374 -0.044937 0.054162 0.997521 -0.774326 -0.632786 -0.000524
3.088807 -91.080773 1320.411736 977.060481 -0.634186 0.771674 -0.048243 0.011314 0.071651 0.997366 -0.773098 -0.631969 0.054171
3.785829 -89.566350 1991.328409 -1496.630087 -0.621636 0.783287 -0.005513 0.148569 0.124813 0.980994 -0.769088 -0.609002 0.193961
9.854804 -46.300562 -1449.493628 981.621932 -0.425816 0.889872 0.163731 -0.601955 -0.143511 -0.785528 0.675523 0.433049 -0.596772
10.973676 -45.455850 -2653.683454 -215.111755 -0.441001 0.887659 0.132588 -0.653294 -0.216186 -0.725583 0.615406 0.406602 -0.675241
7.870753 -42.853523 -2818.199435 -462.583451 -0.442394 0.889850 0.111601 -0.611317 -0.208163 -0.763518 0.656185 0.405999 -0.636071
1.877885 -200.029994 -1799.324541 14971.048392 0.765516 -0.611007 0.201633 -0.637902 -0.761666 0.113780 -0.084057 0.215722 0.972830
6.132924 -254.022375 -2648.143355 28550.274432 0.771073 -0.608574 0.187307 -0.634882 -0.757292 0.153081 -0.048685 0.236955 0.970300
4.572716 -186.654787 -2788.861797 -20480.735349 0.743962 -0.633936 0.211295 0.625046 0.772005 0.115437 -0.236301 0.046188 0.970582
3.720263 -226.861067 -2942.925213 7350.944891 0.793080 -0.577105 0.194867 -0.595549 -0.667516 0.446927 0.127847 0.470502 0.873088
0.746108 -169.525160 -1395.960474 -10559.594063 0.732136 -0.647132 0.212597 0.610985 0.761881 0.215022 -0.301121 -0.027531 0.953188
-0.614033 -171.896860 -1523.617146 12452.136318 0.755243 -0.618519 0.216891 -0.640984 -0.766097 0.047274 -0.136920 0.174727 0.975050
0.146035 -196.793950 -1948.263941 11944.418435 0.789119 -0.580420 0.201008 -0.610406 -0.704506 0.362043 0.068526 0.408391 0.910231
3.364608 -13.728919 -3787.734491 120.660526 0.740783 -0.533510 0.408176 -0.215851 0.386361 0.896735 0.636121 0.752391 -0.171051
-4.139965 -13.978612 -766.197440 -1663.138156 0.622078 -0.382148 0.683361 -0.424465 0.568800 0.704483 0.657913 0.728306 -0.191629
2.178553 -14.426096 -4198.269052 -181.840194 0.762868 -0.605179 0.227576 -0.051272 0.294249 0.954352 0.644518 0.739713 -0.193445
0.218295 -11.441641 -842.191007 1425.289211 0.575816 -0.324886 0.750257 -0.509028 0.575640 0.639945 0.639786 0.750392 -0.166087
14.438104 -12.713380 -6693.080107 2594.322355 0.770761 -0.621675 0.139452 -0.010209 0.206798 0.978330 0.637042 0.755483 -0.153046
11.102788 -8.159937 -6114.255266 4044.105040 0.768719 -0.544331 0.335819 -0.188541 0.308867 0.932230 0.611166 0.779939 -0.134803
-14.918217 -104.950855 5169.759963 -1746.118214 0.785934 -0.594401 0.170280 -0.177217 0.047292 0.983035 0.592370 0.802777 0.068170
-25.432717 -115.748808 4840.241660 -13097.219879 0.805536 -0.566570 0.173524 -0.116071 0.136296 0.983845 0.581067 0.812664 -0.044029
-25.323649 -120.904697 4593.273155 -6649.454688 0.786875 -0.579839 0.211221 -0.270867 -0.016980 0.962467 0.554489 0.814554 0.170420
-12.886751 -230.489310 -3318.366979 -59577.810484 0.670582 -0.574035 0.469897 -0.554879 0.032290 0.831304 0.492370 0.818194 0.296867
-26.002474 -182.520999 -6008.357679 43630.823264 0.561956 -0.620445 0.547041 0.670534 -0.045551 -0.740479 0.484345 0.782926 0.390431
-17.768872 -111.482875 3924.987444 -832.314966 0.756665 -0.605520 0.246585 -0.356189 -0.065514 0.932114 0.548259 0.793129 0.265252
159.690523 -7037.482675 80923.174923 -4296894.168759 0.814870 -0.561825 0.142618 0.212106 0.060034 -0.975401 -0.539442 -0.825075 -0.168087
144.507035 -1693.769666 58384.013928 -466724.671967 0.819872 -0.473552 0.321804 0.254552 0.804940 0.535980 -0.512847 -0.357519 0.780492
293.398052 -4957.679651 179415.661021 9454816.712681 0.799859 -0.528266 0.284887 0.552091 0.833774 -0.004001 -0.235418 0.160484 0.958553
128.174572 -1271.465165 -1236.958134 1306753.812104 0.806738 -0.590329 0.026178 0.164032 0.181164 -0.969677 -0.567686 -0.786569 -0.242985
-118.833661 -3184.701600 43787.619351 4828092.817232 0.829026 -0.504812 0.240584 -0.189239 -0.658094 -0.728767 -0.526217 -0.558639 0.641107
269.867478 -2717.564819 104475.949523 749324.253543 0.789106 -0.604795 0.107398 0.613863 0.770198 -0.173110 -0.021979 -0.202530 -0.979029
4032.637417 -357702.345537 -2825744.356480 -853803045.472547 -0.882305 0.448965 -0.141310 0.437052 0.892917 0.108099 0.174711 0.033616 -0.984046
61915.230272 -67927.940879 45070161.521660 25268376.510700 0.497347 0.633467 -0.592761 0.849201 -0.495258 0.183241 -0.177492 -0.594508 -0.784256
5.160073 -52.466795 4712.016817 -2358.007443 -0.280321 0.913118 0.296032 0.907274 0.151321 0.392372 0.313486 0.378572 -0.870867
1.121594 -53.306980 3962.162769 10.327250 -0.284052 0.914510 0.288074 -0.856264 -0.106762 -0.505385 0.431424 0.390223 -0.813388
-4.381870 -52.231785 4316.697847 -897.045148 -0.281692 0.917076 0.282173 0.884849 0.134557 0.446024 0.371070 0.375322 -0.849377
7.412227 -52.447449 1036.950985 -90.177165 -0.264236 0.928205 0.261946 -0.851847 -0.097251 -0.514683 0.452257 0.359135 -0.816386
-2.992479 -50.812192 5760.613437 -2227.240211 -0.265649 0.915327 0.302667 0.926968 0.156254 0.341051 0.264880 0.371163 -0.889987
6.925224 -49.963347 7066.022050 -1266.166865 -0.278323 0.908381 0.312058 0.938719 0.188480 0.288586 0.203329 0.373255 -0.905173
11.044929 -51.729734 496.647402 -2614.611629 -0.273134 0.931725 0.239347 0.908482 0.168020 0.382662 0.316321 0.321960 -0.892347
11.493663 -50.102866 3843.750759 -1951.159809 -0.289244 0.917700 0.272332 0.930632 0.202951 0.304525 0.224193 0.341523 -0.912743
1.756098 -56.153994 -1649.301714 619.954374 -0.450847 0.850568 -0.270685 -0.869623 -0.486923 -0.081623 0.201228 -0.198595 -0.959201
4.321048 -53.775668 -1731.852135 -2107.492472 -0.465924 0.842682 -0.269818 0.872503 0.488266 0.018281 0.147148 -0.226900 -0.962738
1.191643 -50.815097 -1790.021614 -4654.905654 -0.455819 0.846135 -0.276197 0.888216 0.452446 -0.079779 0.057460 -0.281687 -0.957784
5.376461 -60.510522 -1581.090713 341.175332 -0.457049 0.848474 -0.266830 -0.843493 -0.508649 -0.172613 0.282180 -0.146176 -0.948160
0.858346 -59.213107 -995.558065 61.534193 -0.429693 0.860583 -0.273426 -0.861991 -0.481124 -0.159662 0.268954 -0.167085 -0.948549
3.096792 -62.826706 -1728.244311 776.683733 -0.433192 0.860448 -0.268279 -0.840168 -0.493263 -0.225410 0.326286 -0.127753 -0.936598
-183.783881 -523.561867 68915.246664 191572.548005 -0.097368 0.262095 0.960117 0.818127 0.570418 -0.072746 -0.566734 0.778415 -0.269968
208.191689 -966.129082 117699.746183 385566.805295 -0.518357 -0.141680 0.843346 0.685519 0.520725 0.508830 -0.511243 0.841886 -0.172797
-37.952211 -86.589266 10062.125740 21829.701359 0.843539 0.367471 -0.391673 0.256325 0.365399 0.894863 -0.471953 0.855248 -0.214036
5.848652 -109.199170 -5245.858495 39927.130994 0.827762 0.320231 -0.460719 0.329693 0.386810 0.861209 -0.453997 0.864772 -0.214609
-21.034784 -41.276899 2594.929616 -4508.330631 0.669317 0.506555 0.543522 -0.580702 -0.099669 0.807992 -0.463465 0.856428 -0.227447
-67.264015 -76.698725 -18828.512442 14476.550108 0.051307 0.271800 0.960985 0.868245 0.463335 -0.177403 -0.493476 0.843472 -0.212216
-7.003952 -993.547420 9526.717488 378521.862355 -0.488568 0.868361 0.085154 -0.400817 -0.136676 -0.905906 0.775014 0.476728 -0.414830
-3.241212 -133.495098 5186.604243 27448.955027 -0.459296 0.884842 0.078110 -0.532048 -0.203619 -0.821866 0.711317 0.419038 -0.564300
7.221767 -263.286083 5155.527223 88418.743287 -0.486986 0.872941 0.028616 -0.430528 -0.211414 -0.877468 0.759928 0.439635 -0.478781
70.618191 -1577.189455 21336.419570 629233.845255 -0.522898 0.844750 -0.113905 -0.153151 -0.224562 -0.962350 0.838524 0.485766 -0.246797
-8.348674 -947.867359 14415.781777 342114.076995 -0.488359 0.871988 -0.033792 -0.017665 -0.048594 -0.998662 0.872464 0.487109 -0.039135
17.870203 -15.220914 -1010.509300 -1474.543779 -0.408333 0.863447 0.296181 -0.235376 -0.413085 0.879749 -0.881965 -0.289517 -0.371911
15.733564 -19.824251 -2378.870528 -3091.025341 -0.442897 0.842456 0.306774 -0.196319 -0.424985 0.883655 -0.874815 -0.331143 -0.353615
13.909286 -14.068152 -2914.108129 -1458.606489 -0.450337 0.844144 0.290892 -0.232228 -0.425325 0.874739 -0.862129 -0.326374 -0.387574
-0.792237 -24.907884 -1579.269731 1095.313898 -0.015226 -0.208153 -0.977978 -0.524825 0.834188 -0.169378 0.851074 0.510688 -0.121945
3.865867 -24.099122 -1232.379120 784.967680 -0.083306 -0.098835 -0.991611 -0.488116 0.871573 -0.045864 0.868794 0.480201 -0.120851
2.357041 -27.121034 -2437.118748 1657.898027 -0.038698 -0.147548 -0.988297 -0.465747 0.877699 -0.112800 0.884071 0.455932 -0.102686
-51.896687 -88.856249 1788.725001 7279.426891 -0.174440 0.962686 0.206896 0.887089 0.244840 -0.391312 0.427368 -0.115275 0.896699
-45.748760 -77.097990 -1515.416774 3947.053266 0.252065 0.959449 -0.126178 0.850133 -0.281841 -0.444792 0.462318 -0.004849 0.886701
-53.379374 -79.854629 18.691088 2464.758298 0.007891 0.996693 0.080879 0.924192 0.023617 -0.381196 0.381846 -0.077756 0.920949
-42.035175 -68.131458 -784.854269 6934.324424 0.331296 0.914740 -0.231285 0.747363 -0.404037 -0.527449 0.575926 -0.001888 0.817499
176.457734 -86.880182 -17452.679864 -6424.684790 0.083784 0.939441 0.332312 -0.275372 0.342326 -0.898322 0.957680 0.016245 -0.287377
164.016826 -80.083108 26149.409056 8889.814244 -0.438470 0.741320 0.508123 -0.485669 0.280273 -0.827993 0.756221 0.609830 -0.237145
193.262872 -84.980871 11571.780823 2206.332061 -0.138575 0.898145 0.417291 -0.493929 0.302533 -0.815174 0.858389 0.319075 -0.401696
-0.955637 -28.025469 7367.109887 11227.466044 0.473109 0.782884 -0.404055 0.091901 -0.499983 -0.861145 0.876198 -0.370282 0.308495
20.678109 -10.050495 13359.364170 -5205.277025 0.450104 0.460152 -0.765288 0.169747 0.797293 0.579232 0.876694 -0.390620 0.280755
13.794234 -20.222365 9456.672193 9541.393429 0.476816 0.705385 -0.524480 0.027481 -0.608347 -0.793196 0.878574 -0.363795 0.309454
1.918974 -35.024444 5836.105940 7433.901486 0.443567 0.843872 -0.301873 0.231999 -0.433453 -0.870801 0.865693 -0.316225 0.388043
28.906054 -73.384074 -1113.666644 4550.375650 -0.353433 -0.855808 -0.377728 0.927319 -0.373681 -0.021035 -0.123148 -0.357708 0.925678
35.661717 -72.564396 231.571302 5275.571615 -0.357511 -0.830860 -0.426447 0.930432 -0.356245 -0.085943 -0.080513 -0.427506 0.900420
34.867655 -71.582379 1997.905387 6442.996981 -0.392045 -0.777279 -0.492075 0.916271 -0.377685 -0.133421 -0.082144 -0.503181 0.860268
30.008518 -78.946764 2190.098635 4339.833883 -0.415907 -0.722828 -0.551853 0.882103 -0.468233 -0.051501 -0.221170 -0.508211 0.832349
25.200386 -80.447865 -181.296700 -3839.969321 0.438242 0.717192 0.541829 0.796400 -0.589306 0.135891 -0.416763 -0.371960 0.829430
50.086482 -78.464118 -4918.338387 15155.670195 -0.550829 -0.286589 -0.783871 0.775498 -0.522932 -0.353758 -0.308528 -0.802751 0.510295
65.168333 -53.125823 -794.796302 13285.333743 -0.557081 -0.169980 -0.812876 0.775760 -0.455879 -0.436316 -0.296408 -0.873660 0.385825
56.003770 -76.354544 168.261824 14790.917822 -0.549899 -0.093287 -0.830005 0.718075 -0.560352 -0.412763 -0.426589 -0.822984 0.375125
53.702984 -90.963089 2161.212424 14200.399608 -0.545321 0.012027 -0.838141 0.628540 -0.655679 -0.418357 -0.554584 -0.754944 0.349996
38.577491 -92.672146 -5223.458491 9089.114833 -0.563820 -0.222925 -0.795243 0.660284 -0.700072 -0.271889 -0.496117 -0.678383 0.541909
49.306153 -94.724187 -3995.082712 10864.818651 -0.567729 -0.083793 -0.818940 0.612048 -0.708244 -0.351834 -0.550529 -0.700977 0.453376
-23.444683 -46.787155 7532.308827 1729.213489 -0.514694 0.784831 0.345154 0.546331 -0.010036 0.837509 -0.660766 -0.619629 0.423612
-10.558271 -44.086745 7404.014282 2754.127116 -0.494953 0.808654 0.317963 0.557187 0.014580 0.830259 -0.666756 -0.588104 0.457788
-16.310423 -49.374330 4605.391753 -1519.346467 -0.524145 0.784002 0.332586 0.457061 -0.070555 0.886633 -0.718587 -0.616736 0.321355
0.201694 -42.066590 3314.547730 3052.418979 -0.466781 0.801201 0.374423 0.608011 -0.016714 0.793752 -0.642213 -0.598162 0.479338
-6.652795 -46.159914 2589.414085 -398.028976 -0.507342 0.799052 0.322676 0.482369 -0.046958 0.874709 -0.714090 -0.599426 0.361614
36.742977 -53.379676 -7090.356588 -5805.016172 -0.107318 0.991893 -0.068048 0.954752 0.121910 0.271269 -0.277366 0.035857 0.960095
18.500702 -53.466456 -9332.481907 -1410.542567 -0.240722 0.970519 -0.012106 0.959254 0.239792 0.149440 -0.147938 -0.024361 0.988697
34.158053 -49.515186 -16297.362502 -2714.410806 -0.263308 0.963547 0.047382 0.923557 0.237579 0.300996 -0.278767 -0.123015 0.952448
3.584380 -47.047485 211.574262 639.929129 0.494242 0.859227 -0.132110 0.838804 -0.511265 -0.187127 0.228328 0.018329 0.973412
3.465329 -47.218074 684.904201 1100.757601 0.482437 0.863866 -0.144881 0.857232 -0.499629 -0.124593 0.180019 0.064088 0.981573
-26.440460 -127.418618 -2807.419693 -5786.398400 -0.077200 0.980835 0.178893 0.371737 -0.138174 0.917998 -0.925123 -0.137371 0.353945
-33.479933 -124.395126 -688.805053 -14139.694048 0.028151 0.998484 0.047291 0.179627 -0.051593 0.982381 -0.983332 0.019160 0.180807
-26.260104 -112.592859 -1959.747920 -13166.183811 -0.039162 0.985548 0.164810 0.137508 -0.158052 0.977809 -0.989726 -0.060956 0.129331
-38.208475 -141.806175 844.001122 -11925.004570 0.072117 0.997286 -0.014807 0.351757 -0.011540 0.936020 -0.933309 0.072711 0.351635
-12.283099 -83.586251 -745.080926 -3489.553930 0.240282 0.968840 0.060105 -0.966179 0.244674 -0.081441 0.093610 0.038503 -0.994864
-12.239438 -91.808550 -2401.783672 -5233.267059 0.211456 0.977170 0.020636 -0.975522 0.209702 0.066191 -0.060352 0.034127 -0.997594
-13.332530 -86.338261 331.381592 3728.927355 0.222449 0.970473 0.093262 0.974188 -0.217490 -0.060466 -0.038398 0.104305 -0.993804
-13.209469 -82.909641 1119.437631 2275.281362 0.232048 0.962653 0.139475 0.970127 -0.239473 0.038812 0.070763 0.126302 -0.989465
3.772269 -72.698777 -706.123938 -2448.744287 0.587214 0.781071 -0.212386 0.576996 -0.587944 -0.566920 0.567675 -0.210358 0.795924
-5.345157 -141.609055 -428.128390 2510.240409 -0.288859 0.107321 -0.951337 0.642481 0.758435 -0.109519 0.709774 -0.642851 -0.288033
-4.152793 -137.819880 -1218.892004 700.441360 -0.270303 0.096327 -0.957944 0.572355 0.816150 -0.079433 0.774175 -0.569755 -0.275741
-3.473137 -139.976145 -648.427735 -1420.231798 -0.279576 0.101018 -0.954795 0.733928 0.663638 -0.144690 0.619022 -0.741202 -0.259677
-0.902476 -145.118672 -861.204776 -2719.104614 -0.262476 0.105649 -0.959137 0.727670 0.674471 -0.124840 0.633721 -0.730703 -0.253910
-6.026737 -65.311010 1571.173562 -3315.397474 0.405189 0.904151 -0.135400 0.867885 -0.426963 -0.253926 0.287398 0.014624 0.957700
-2.355683 -127.035890 -1187.169734 -5955.082866 -0.254606 0.103374 -0.961504 0.949254 -0.163126 -0.268901 -0.184644 -0.981175 -0.056595
-1.927522 -119.848044 -1297.264201 -3957.730509 -0.269356 0.113443 -0.956336 0.888052 -0.354920 -0.292225 -0.372574 -0.927988 -0.005143
-4.519670 -110.885760 -532.888175 -7501.392294 -0.271279 0.126646 -0.954132 0.824231 -0.481351 -0.298237 -0.497043 -0.867330 0.026195
-23.011224 -90.640088 5064.404366 -13491.615272 0.244864 0.921707 -0.300828 -0.006285 0.311776 0.950135 -0.969537 0.230764 -0.082136
-17.206949 -92.399098 2332.539607 -9026.394439 0.262243 0.899347 -0.349863 0.106747 0.333291 0.936761 -0.959080 0.283006 0.008600
-16.723679 -75.558230 1111.056220 -10920.471125 0.237400 0.908764 -0.343205 -0.083941 0.371174 0.924761 -0.967779 0.190729 -0.164399
2.546764 -32.838694 1125.858225 -1473.693257 0.738627 0.647271 -0.188335 0.628353 -0.559892 0.540087 -0.244136 0.517263 0.820266
1.456588 -41.074208 1095.442536 4690.731283 0.701681 0.680362 -0.211544 0.662825 -0.514422 0.544090 -0.261355 0.521994 0.811921
0.382306 -40.994952 433.247204 -3956.245695 0.765375 0.623066 -0.161216 0.597356 -0.594525 0.538242 -0.239513 0.508261 0.827227
-7.575946 -165.934602 -368.502312 22864.013266 0.469740 -0.139904 0.871649 -0.149721 0.960434 0.234840 -0.870016 -0.240818 0.430207
-12.455385 -183.718692 1560.089900 17729.098286 0.481695 -0.087719 0.871938 -0.352829 0.891358 0.284591 -0.802173 -0.444731 0.398413
-3.730760 -148.512360 1123.465841 20945.352835 0.485376 -0.064091 0.871953 -0.089790 0.988382 0.122631 -0.869683 -0.137815 0.473982
-13.540432 -209.630950 -240.851646 26204.063973 0.447056 -0.159010 0.880259 -0.389008 0.851584 0.351395 -0.805490 -0.499521 0.318850
-1.327465 -129.876332 284.027439 21684.470650 0.464808 -0.130912 0.875680 0.104851 0.990188 0.092376 -0.879181 0.048879 0.473974
-9.396548 -164.318219 188.924105 20834.248198 0.448796 -0.186134 0.874035 -0.135903 0.952475 0.272621 -0.883240 -0.241135 0.402170
-4.030318 -8.509561 1484.482922 -513.585518 0.244475 -0.505475 -0.827482 -0.640828 0.556226 -0.529105 0.727717 0.659627 -0.187939
