11407
22797
-54.284082 -77.576021 -23.258079 3219.107120 0.094974 -0.979744 0.176300 0.992557 0.106761 0.058598 -0.076233 0.169423 0.982591
-42.476142 -78.930846 -3408.785423 8941.880127 -0.388884 0.920493 -0.038233 0.917011 0.382752 -0.112213 0.088657 0.078698 0.992948
-45.240831 -63.771766 823.760853 6263.869350 -0.010390 -0.989897 0.141405 0.991903 -0.028102 -0.123850 0.126573 0.138974 0.982174
-38.197436 -56.156896 -3788.281406 7528.889981 -0.134683 0.989734 -0.047835 0.958648 0.117934 -0.259009 0.250708 0.080741 0.964690
-47.038553 -65.404664 -760.800986 4787.521021 -0.241784 -0.934020 0.262959 0.967653 -0.252210 -0.006109 0.072027 0.252976 0.964788
-39.124812 -53.887580 -191.774325 4817.756125 0.428098 0.859166 -0.280295 0.875660 -0.471047 -0.106458 0.223498 0.199868 0.953992
-12.412346 -34.618152 4547.363233 837.946685 0.565989 0.774475 -0.282568 0.549505 -0.609913 -0.571008 0.614573 -0.167912 0.770782
-0.630139 -41.150782 5361.039002 -5319.991543 0.607246 0.721989 -0.331639 0.492260 -0.669532 -0.556244 0.623645 -0.174525 0.761977
-1.170572 -29.473229 6734.620724 -611.721090 0.624707 0.665614 -0.408288 -0.459985 0.736207 0.496399 0.630995 -0.122298 0.766087
11.863641 -26.117715 3016.707711 -1879.090665 -0.007833 0.995399 0.095493 0.990009 0.021164 -0.139404 0.140784 -0.093447 0.985620
13.853164 -29.672897 4342.984583 -2409.633741 -0.056686 0.993887 0.094740 0.978400 0.074195 -0.192948 0.198797 -0.081756 0.976625
29.972028 -29.438120 8157.250927 -973.020297 -0.048132 0.994178 0.096400 0.985709 0.062876 -0.156283 0.161434 -0.087501 0.982997
3.538306 -28.920390 -188.474453 -2831.940636 -0.071254 0.991949 0.104694 0.979285 0.089514 -0.181629 0.189538 -0.089584 0.977778
2.228961 -22.826488 -100.953382 -2036.197251 -0.071698 0.992432 0.099690 0.989859 0.083086 -0.115223 0.122634 -0.090417 0.988325
20.701383 -97.451594 -476.765421 380.368704 0.735345 -0.116314 0.667637 -0.671210 0.010937 0.741186 0.093512 0.993152 0.070029
21.878852 -96.019392 -1950.495633 1010.381865 0.784968 -0.122662 0.607271 -0.608442 0.032029 0.792952 0.116715 0.991932 0.049491
29.150345 -95.911910 -3051.349234 4613.083056 0.786979 -0.106838 0.607659 -0.616569 -0.172093 0.768262 -0.022495 0.979270 0.201307
24.496680 -96.512230 -2330.672956 1787.431401 0.836344 -0.174333 0.519746 -0.531039 -0.022237 0.847056 0.136112 0.984436 0.111176
20.312977 -95.824645 -5515.226004 2851.646532 0.728240 -0.012607 0.685206 -0.674101 -0.193366 0.712880 -0.123508 0.981046 0.149315
6.165541 -62.538025 199.646454 499.183120 0.259046 0.927337 0.270076 -0.007110 0.281444 -0.959551 0.965839 -0.246647 -0.079500
6.426633 -60.839938 439.646113 -1110.699208 0.246852 0.926513 0.283969 0.192850 0.240207 -0.951372 0.949670 -0.289611 0.119382
5.368198 -64.179865 842.208621 538.324193 0.233385 0.936992 0.259955 0.016508 0.263481 -0.964523 0.972244 -0.229396 -0.046025
4.793622 -63.746433 761.665552 652.381744 0.234421 0.940739 0.245064 -0.157296 0.285472 -0.945391 0.959325 -0.183071 -0.214895
1.991631 -66.618292 1105.931096 522.819986 0.222395 0.948276 0.226523 -0.144468 0.261829 -0.954240 0.964194 -0.179493 -0.195225
3.137587 -65.645697 890.463389 -545.456676 0.231513 0.940524 0.248628 0.050200 0.243681 -0.968555 0.971536 -0.236714 -0.009201
11.674786 -124.626898 -1561.216549 7989.636884 -0.092388 0.984552 0.148734 -0.459091 -0.174667 0.871049 -0.883572 -0.012192 -0.468136
14.657921 -116.470076 -541.079264 4694.952192 -0.056834 0.975491 0.212573 -0.457829 -0.214676 0.862732 -0.887222 0.048290 -0.458809
11.843353 -106.382908 -126.043920 8545.004976 -0.047935 0.977109 0.207268 -0.204033 -0.212709 0.955576 -0.977790 -0.003516 -0.209559
8.534050 -101.357917 -1175.660732 12888.819111 -0.091666 0.983306 0.157182 -0.211213 -0.173454 0.961927 -0.973132 -0.054977 -0.223587
3.773435 -97.378169 -8083.904965 5275.978320 0.703504 0.063611 0.707839 -0.657717 -0.319050 0.682360 -0.269241 0.945601 0.182615
4.154531 -83.154023 -9340.447031 8913.794507 0.721925 0.087326 0.686439 -0.539214 -0.550719 0.637148 -0.433674 0.830110 0.350490
-14.124725 -95.814437 -7970.894944 6682.459861 0.725224 0.059647 0.685924 -0.588219 -0.464096 0.662279 -0.357838 0.883774 0.301488
-12.403964 -106.231842 -5851.945107 -406.688010 0.733334 0.016444 0.679670 -0.667312 -0.173842 0.724206 -0.130064 0.984636 0.116511
1.530486 -105.048466 -7455.171581 2012.169871 0.694576 0.046603 0.717908 0.717597 0.026109 -0.695969 -0.051178 0.998572 -0.015308
314.550074 -21.228682 78352.686157 2634.990578 -0.297813 0.934744 -0.193807 -0.882676 -0.192311 0.428834 -0.363579 -0.298782 -0.882349
1136.308496 33.801663 -290754.264417 -8781.186844 0.746591 -0.573562 0.337087 0.612738 0.395462 -0.684224 -0.259140 -0.717382 -0.646692
3966.518878 -489.958606 -1104240.240639 60107.571932 0.888583 -0.458154 0.022687 0.338998 0.622555 -0.705341 -0.309031 -0.634445 -0.708505
261.564967 -6.679323 72546.845877 4680.076887 -0.406898 0.886217 -0.221481 0.900582 0.348595 -0.259680 -0.152926 -0.305125 -0.939953
2.032604 -55.226935 1027.194215 -284.245093 0.137665 0.983061 0.120996 -0.822166 0.181538 -0.539525 0.552351 0.025205 -0.833231
0.030977 -56.434927 834.458633 -134.871076 0.151380 0.978650 0.139026 -0.765787 0.205044 -0.609530 0.625023 0.014194 -0.780477
-1.269585 -59.010928 836.729908 446.928630 0.121184 0.985792 0.116314 -0.858828 0.162882 -0.485679 0.497724 0.041037 -0.866364
-1.873021 -62.785149 78.713298 400.591793 0.128568 0.987474 0.091459 -0.897805 0.155070 -0.412188 0.421207 0.029118 -0.906497
-0.785959 -61.030107 246.923593 -706.404915 0.098284 0.991105 0.089725 -0.929112 0.123687 -0.348500 0.356498 0.049113 -0.933004
-2.340569 -61.777096 413.798808 900.097343 0.140463 0.983446 0.114476 -0.819711 0.180358 -0.543641 0.555288 0.017476 -0.831475
7.939496 -198.903263 2852.662067 26893.675113 0.821662 -0.136621 0.553359 -0.551337 -0.436749 0.710829 -0.144565 0.889149 0.434184
9.475469 -223.273276 4104.869478 25929.650266 0.802150 -0.122936 0.584330 -0.596942 -0.141014 0.789795 0.014695 0.982345 0.186500
7.149897 -197.039153 1544.442055 14404.514708 0.811119 -0.122121 0.571989 -0.582867 -0.249856 0.773200 -0.048491 0.960551 0.273843
3.213275 -164.974265 454.387834 10198.401214 0.831674 -0.134150 0.538816 -0.512962 -0.557119 0.653061 -0.212577 0.819525 0.532155
5.640370 -150.628743 1843.992031 13230.376333 0.857365 -0.122594 0.499897 -0.443929 -0.667643 0.597645 -0.260485 0.734318 0.626837
-20.181753 -38.548771 -1790.482218 32.029885 -0.173140 0.969411 0.173967 0.224368 0.210813 -0.951429 0.959000 0.125698 0.254005
-22.688751 -39.407806 -1400.927106 -139.657386 -0.225068 0.942897 0.245540 0.136303 0.279997 -0.950275 0.964762 0.180409 0.191538
-23.705459 -40.595772 -1151.443378 554.629728 -0.229063 0.967131 0.110396 0.270001 0.172088 -0.947357 0.935216 0.187197 0.300546
-17.447677 -36.976912 -2613.828919 139.172492 -0.117886 0.985458 0.122374 0.289100 0.151954 -0.945162 0.950013 0.076043 0.302809
-15.510386 -36.307169 -2189.699403 76.455703 -0.111227 0.979499 0.167962 0.220825 0.189145 -0.956797 0.968950 0.069332 0.237336
-18.529879 -39.040998 -2251.940066 866.286211 -0.115664 0.992316 0.043947 0.360250 0.083140 -0.929144 0.925658 0.091636 0.367098
4.363059 -438.817435 3571.150031 47274.885237 0.852041 0.009693 0.523385 0.369492 -0.719381 -0.588189 -0.370812 -0.694548 0.616524
12.478469 -377.356565 4925.153087 45863.575440 0.853012 -0.010763 0.521780 0.311431 -0.791770 -0.525463 -0.418785 -0.610724 0.672038
1299.605533 -124783.811894 -1125408.617936 -55415582.699150 0.862686 -0.134699 0.487472 -0.081853 0.913983 0.397410 -0.499072 -0.382741 0.777455
6.938429 -500.893945 -3264.940991 -130068.696341 0.849873 -0.008410 0.526920 -0.057144 0.992506 0.108008 -0.523880 -0.121903 0.843024
4.166769 -442.079777 708.586635 91199.396829 0.851360 0.011289 0.524460 0.270810 -0.865704 -0.420974 -0.449275 -0.500430 0.740083
-313.637792 -1824.189983 -55243.009536 6286355.300766 0.789825 0.017498 0.613083 0.413256 0.723442 -0.553039 0.453207 -0.690164 -0.564161
-260.029504 -6668.689926 -86567.054283 2157410.081218 0.832419 -0.234602 0.502037 0.416769 -0.332040 -0.846199 -0.365216 -0.913625 0.178621
-535.762478 -1688.177540 131669.717961 -682896.281961 -0.872535 0.070835 -0.483389 0.199114 0.955089 -0.219452 0.446134 -0.287729 -0.847453
5.445805 -1855.987947 -10885.122814 -4012657.161116 0.809918 -0.349600 0.470970 -0.396981 0.264377 0.878926 0.431786 0.898824 -0.075339
-143.835084 -13687.940209 -27563.821681 -16014303.484326 0.770004 -0.340594 0.539528 -0.308558 0.541365 0.782123 0.558468 0.768713 -0.311760
33.019642 6.830357 2816.689682 -3309.055185 -0.261137 0.920908 0.289371 -0.705280 0.022656 -0.708567 0.659081 0.389120 -0.643582
34.290198 4.015050 4905.852723 3741.290155 -0.134785 0.892631 0.430166 -0.831286 0.134397 -0.539353 0.539256 0.430288 -0.723917
26.808442 3.076328 7054.162238 -2184.079321 -0.361495 0.855248 0.371312 -0.715382 0.000983 -0.698733 0.597955 0.518218 -0.611474
39.152730 9.956267 -325.252422 3836.947377 -0.085303 0.939050 0.333031 -0.818294 0.124665 -0.561118 0.568435 0.320382 -0.757784
30.192337 -3.581223 4039.166833 -6361.338736 -0.413109 0.895629 0.164892 -0.611726 -0.138775 -0.778802 0.674635 0.422598 -0.605209
33.802384 -2.965948 -1059.576783 -7551.171741 -0.245831 0.966903 0.068303 -0.615867 -0.101390 -0.781298 0.748515 0.234133 -0.620409
37.948760 15.627468 -1622.932939 -3898.322860 -0.141359 0.963772 0.226190 -0.707730 0.061375 -0.703812 0.692196 0.259572 -0.673414
-2.337531 -66.168244 -230.701351 -1598.510169 -0.015289 0.938025 0.346229 0.522722 -0.287685 0.802496 -0.852366 -0.193251 0.485928
-2.230890 -69.957507 76.627082 -606.578403 0.015742 0.933798 0.357455 0.689404 -0.269072 0.672549 -0.724206 -0.235843 0.648000
-1.703980 -64.846560 627.822253 -1107.941138 0.005997 0.945921 0.324342 0.556471 -0.272645 0.784860 -0.830846 -0.175780 0.528012
-1.704185 -62.407262 45.169738 -1546.720363 -0.017157 0.948486 0.316353 0.437907 -0.277311 0.855182 -0.898857 -0.153205 0.410591
-15.020869 -39.004040 278.205745 330.617470 0.125867 0.986535 -0.104436 0.315094 -0.139578 -0.938741 0.940677 -0.085249 0.328419
-13.689293 -37.638278 52.286062 1227.216755 0.070209 0.995875 -0.057477 0.347780 -0.078441 -0.934289 0.934944 -0.045606 0.351853
-14.490828 -41.992642 207.806171 1426.058405 0.089537 0.995898 -0.013068 0.442175 -0.051504 -0.895449 0.892448 -0.074397 0.444973
-11.536384 -41.151616 743.554648 696.853276 0.018734 0.999765 0.010953 0.526156 -0.000542 -0.850388 0.850182 -0.021694 0.526042
-14.111909 -43.221993 1172.524566 1042.656908 0.039747 0.998961 0.022311 0.561275 -0.003848 -0.827620 0.826674 -0.045418 0.560845
-17.434818 -45.411554 930.877962 2775.370295 0.090698 0.995389 0.031230 0.517407 -0.020304 -0.855499 0.850919 -0.093751 0.516863
-17.147904 -41.225338 686.712913 1169.776436 0.124913 0.992079 0.013292 0.412554 -0.039751 -0.910065 0.902328 -0.119163 0.414252
11.711920 -189.030877 -391.026083 6075.696529 0.246841 0.958887 0.140017 0.650865 -0.057004 -0.757050 0.717944 -0.278003 0.638177
12.220498 -180.060024 -86.728641 7131.526215 0.213086 0.970108 0.116122 0.641671 -0.049327 -0.765392 0.736785 -0.237606 0.633002
13.350450 -157.459059 2999.334575 -5751.867218 0.172619 0.973849 0.147718 0.414741 0.064165 -0.907674 0.893416 -0.217947 0.392819
20.781446 -307.542411 -1684.846550 20398.588416 0.291680 0.882319 -0.369372 0.816185 -0.028221 0.577101 -0.498764 0.469804 0.728367
15.975705 -297.356582 1811.955237 -20683.882797 0.313578 0.880198 -0.356259 0.760086 -0.007792 0.649776 -0.569155 0.474543 0.671469
10.395592 -331.193165 -1148.885722 -25776.076117 0.285996 0.873616 -0.393702 0.565170 0.178004 0.805542 -0.773815 0.452890 0.442833
17.143274 -328.419244 -3661.804078 -24108.052237 0.286314 0.873220 -0.394348 0.546433 0.189268 0.815836 -0.787042 0.449070 0.422966
2.852752 -299.913573 -4341.704660 -18533.869226 0.269849 0.848606 -0.455028 0.233230 0.400884 0.885943 -0.934230 0.345197 0.089743
32.723531 -372.977344 22332.052981 -174924.117495 0.191255 0.979964 -0.055598 0.069847 0.042912 0.996634 -0.979052 0.194495 0.060240
9.967512 -1858.527645 14783.657037 -720253.860927 0.158586 0.982536 -0.097334 0.007863 0.097321 0.995222 -0.987314 0.158594 -0.007709
-95.008189 -493.022581 46636.311404 -163317.063554 0.360307 0.930824 0.061203 0.161003 -0.126679 0.978790 -0.918835 0.342811 0.195509
-158.129064 -956.343916 17875.760156 -335977.315868 -0.019320 0.991659 -0.127436 -0.051234 0.126310 0.990667 -0.998500 -0.025668 -0.048367
-49.498158 -145.519695 43482.641456 17356.249139 0.751619 -0.242634 -0.613350 -0.556474 0.265984 -0.787140 -0.354128 -0.932942 -0.064899
24.486829 -109.999416 33523.470229 14382.545987 0.759295 -0.326859 -0.562704 -0.405854 0.438069 -0.802109 -0.508679 -0.837412 -0.199967
53.797400 -146.920368 26851.268826 17060.040659 0.679437 -0.398285 -0.616226 -0.571049 0.240321 -0.784951 -0.460726 -0.885220 0.064157
75.615396 -39.187005 7965.790525 -7945.892727 -0.155374 0.741965 -0.652187 -0.352303 0.575173 0.738281 -0.922898 -0.344477 -0.172030
72.490989 -62.019300 7395.474573 -11688.753903 -0.211651 0.695214 -0.686936 -0.264699 0.635815 0.725033 -0.940818 -0.335286 -0.049451
96.585451 -50.838781 -8904.278507 -9875.105097 0.351524 -0.615077 0.705770 -0.343410 0.616613 0.708420 -0.870920 -0.491395 0.005531
56.484980 -58.839467 4208.253190 -10088.768997 -0.113065 0.766151 -0.632637 -0.233575 0.598381 0.766409 -0.965743 -0.234422 -0.111298
89.678262 -33.374021 5372.551335 -3480.883921 -0.319099 0.679441 -0.660709 -0.379038 0.547474 0.746058 -0.868623 -0.488500 -0.082835
74.603267 -25.433900 9073.349381 -1634.374255 -0.131094 0.789081 -0.600138 -0.385402 0.517180 0.764192 -0.913389 -0.331476 -0.236314
57.885674 -25.713352 10081.970303 -3993.511894 0.015378 0.816750 -0.576787 -0.367193 0.541162 0.756514 -0.930018 -0.200159 -0.308227
53.942148 -40.195905 7209.400598 -7458.339272 0.001077 0.814624 -0.579988 -0.298599 0.553791 0.777274 -0.954378 -0.172347 -0.243842
1.435763 -43.754147 -1237.131673 -573.588627 0.804288 0.562268 0.192291 -0.034988 0.367838 -0.929231 0.593209 -0.740641 -0.315520
15.212641 -46.514023 -7860.910775 1751.280870 0.743130 0.652309 -0.149170 -0.281123 0.102050 -0.954230 0.607230 -0.751052 -0.259215
2.760221 -46.095246 -6721.746944 971.982122 0.740944 0.655581 -0.145658 -0.341344 0.180856 -0.922375 0.578348 -0.733147 -0.357782
20.253989 -47.405758 -6706.073929 3718.533445 0.675653 0.692312 -0.253371 -0.404019 0.060245 -0.912765 0.616654 -0.719079 -0.320412
-14.707656 -47.996694 -2532.750308 -2044.606531 0.785384 0.610225 0.103912 -0.196719 0.405217 -0.892805 0.586919 -0.680753 -0.438294
-10.461269 -32.867069 382.732346 3227.554920 -0.027196 0.993172 -0.113442 0.695475 0.100314 0.711514 -0.718035 0.059546 0.693455
-8.968689 -37.902429 466.180290 1335.299587 -0.054373 0.987187 -0.150017 0.581825 0.153422 0.798712 -0.811494 0.043856 0.582712
-12.328098 -37.572182 -952.470827 2330.512727 -0.049098 0.995412 -0.082121 0.629144 0.094681 0.771501 -0.775737 0.013787 0.630906
-10.487091 -37.251578 -660.228118 2195.494381 -0.040204 0.998573 -0.035148 0.635244 0.052697 0.770511 -0.771264 -0.008650 0.636456
-13.079371 -30.292237 -699.779140 3109.255923 -0.005256 0.998883 -0.046959 0.731458 0.035861 0.680942 -0.681866 0.030769 0.730830
17.201688 -89.299189 2465.596517 4517.593537 0.041360 0.998746 -0.028202 -0.997631 0.042833 0.053822 -0.054963 -0.025910 -0.998152
15.670009 -92.695206 560.467906 8871.895405 0.010924 0.999836 0.014439 -0.997138 0.009812 0.074970 -0.074816 0.015217 -0.997081
14.068686 -84.425641 861.309694 -1019.503208 -0.015074 0.999701 -0.019272 -0.982330 -0.011211 0.186822 -0.186550 -0.021747 -0.982205
16.330084 -85.084881 796.494865 -3439.915978 0.007878 0.996986 -0.077177 -0.983818 0.021543 0.177870 -0.178997 -0.074527 -0.981023
11.683404 -91.210933 117.187735 -8735.313708 -0.071270 0.997181 0.023477 -0.940658 -0.075022 0.330960 -0.331788 -0.001504 -0.943353
12.409614 -87.978988 378.006745 -7348.393910 -0.044395 0.998353 -0.036347 -0.942883 -0.029849 0.331784 -0.330152 -0.049000 -0.942655
-1.766625 -77.594471 1877.083505 3698.841822 0.057109 0.996698 0.057716 0.971821 -0.068740 0.225473 -0.228696 -0.043213 0.972538
-6.465154 -82.327013 1581.255665 5559.794662 0.052756 0.994924 0.085689 0.977580 -0.068971 0.198950 -0.203850 -0.073272 0.976256
-3.188870 -70.595914 1612.512463 3985.766730 0.064693 0.995841 0.064155 0.994438 -0.069690 0.078977 -0.083119 -0.058689 0.994810
-0.103662 -75.018722 924.216150 3314.454040 0.040028 0.997620 0.056145 0.982031 -0.049650 0.182073 -0.184427 -0.047848 0.981681
-0.658167 -66.467739 -471.745494 3818.583557 -0.036110 -0.996653 -0.073344 0.999256 -0.037006 0.010893 -0.013570 -0.072896 0.997247
-3.083117 -60.973794 1392.581327 4276.531169 0.048090 0.996550 0.067642 0.995118 -0.041958 -0.089323 0.086177 -0.071607 0.993703
1.423110 -59.826219 2104.504780 2725.320482 0.205863 0.944827 -0.254800 -0.213829 -0.210653 -0.953888 0.954933 -0.250854 -0.158665
0.061908 -56.911756 -365.632136 2758.510338 0.234485 0.949244 -0.209649 -0.284025 -0.139354 -0.948636 0.929703 -0.281986 -0.236932
5.118726 -52.676078 533.565691 1852.936385 0.226522 0.937768 -0.263208 -0.334331 -0.178952 -0.925310 0.914828 -0.297602 -0.272988
9.868024 -57.591758 5101.573516 2189.367528 0.185334 0.937839 -0.293442 -0.260290 -0.241098 -0.934944 0.947576 -0.249657 -0.199426
-2.243122 -164.849715 -1051.700223 9908.579893 0.964297 0.159681 0.211266 0.020090 0.751355 -0.659593 0.264060 -0.640288 -0.721321
-2.313067 -152.570749 996.735851 5983.862651 0.953889 0.189947 0.232415 0.029489 0.711252 -0.702318 0.298709 -0.676787 -0.672854
-3.244441 -140.404360 571.678017 8039.772360 0.955851 0.182037 0.230674 -0.052327 0.877903 -0.475971 0.289154 -0.442887 -0.848670
-0.908684 -164.047056 -1349.610394 176.633711 0.965754 0.143798 0.215965 0.120661 0.487968 -0.864482 0.229694 -0.860935 -0.453906
-4.413506 -124.190654 -1687.151938 -2620.890863 0.057957 0.956093 -0.287275 0.996937 -0.040291 0.067036 0.052518 -0.290280 -0.955500
-5.719618 -121.478948 -599.165505 1642.120504 0.070047 0.966751 -0.245938 0.979255 -0.019647 0.201679 0.190142 -0.254963 -0.948072
-3.583449 -127.786546 -1059.800070 -3636.239708 0.089833 0.961953 -0.258023 -0.936521 -0.006569 -0.350549 0.338906 -0.273135 -0.900300
-3.383632 -132.754035 -1270.819135 -649.299854 0.062020 0.954394 -0.292039 0.993599 -0.031359 0.108525 0.094417 -0.296900 -0.950229
-0.461814 -239.123877 -152.770260 -19076.498626 0.778280 0.089941 0.621443 0.507708 -0.672486 -0.538513 -0.369478 -0.734625 0.569045
-5.754190 -266.622109 703.159080 -25984.817295 0.794442 0.111770 0.596966 0.575918 -0.450702 -0.682046 -0.192822 -0.885650 0.422427
1.421449 -281.143238 292.322029 -48041.650020 0.784228 0.117105 0.609322 0.438859 -0.798900 -0.411294 -0.438622 -0.589954 0.677912
1.041528 -228.544004 -1933.115777 18624.231328 0.781742 0.062224 0.620490 -0.350496 0.866816 0.354658 -0.515782 -0.494730 0.699436
47.496513 -863.449065 -7418.813143 220249.247882 0.803815 0.333514 0.492596 0.542955 -0.749660 -0.378430 -0.243068 -0.571645 0.783671
60.710818 -1966.971922 2267.999418 -705321.501900 0.855511 0.387928 0.342947 -0.400154 0.915678 -0.037561 -0.328600 -0.105098 0.938604
40.845438 -460.979487 6745.499666 79562.850950 0.886982 0.371594 0.274191 0.461616 -0.730359 -0.503473 -0.013170 -0.573143 0.819350
-7.483265 -12.314259 -205.129721 1268.048291 -0.669962 -0.620459 -0.407653 -0.427789 0.771421 -0.471069 0.606751 -0.141208 -0.782249
-4.222290 -16.126690 -1770.581047 -28.249795 0.281901 0.959295 0.016892 -0.763790 0.235035 -0.601151 0.580651 -0.156564 -0.798957
-8.126337 -13.058865 -735.870227 -1080.095412 0.092212 0.990613 -0.100913 -0.811285 0.015984 -0.584432 0.577333 -0.135761 -0.805143
-6.724992 -16.992833 -397.983028 -1694.919655 -0.155667 0.953605 -0.257691 -0.817703 -0.270756 -0.507990 0.554193 -0.131637 -0.821914
-9.591133 -12.605780 917.068033 -312.645117 -0.592714 0.616715 -0.518028 0.554815 0.778878 0.292454 0.583841 -0.114068 -0.803814
2.315616 -93.760103 -2214.099006 -2333.680260 0.906716 0.388787 0.163433 -0.406130 0.909386 0.089861 0.113687 0.147854 -0.982453
-1.923266 -88.329561 545.906290 81.529608 -0.910285 -0.368493 -0.188663 -0.364246 0.929494 -0.058009 0.196737 0.015915 -0.980327
-0.401854 -96.823411 1527.444388 3076.077189 -0.924675 -0.338716 -0.173916 -0.326294 0.940327 -0.096527 0.196234 -0.032509 -0.980018
-5.978858 -24.838873 1397.305449 2096.672727 -0.115590 0.861978 0.493592 0.895251 -0.124866 0.427708 0.430307 0.491328 -0.757253
-1.184040 -22.349002 1725.840863 1787.957883 -0.068454 0.848578 0.524623 0.894149 -0.181058 0.409531 0.442506 0.497125 -0.746361
-3.703434 -18.623897 961.139953 -1754.777291 -0.062610 0.855337 0.514275 -0.871727 0.204042 -0.445488 0.485976 0.476199 -0.732845
-2.919971 -27.669870 2792.573123 1668.432877 -0.059025 0.836958 0.544075 0.925478 -0.158412 0.344089 0.374175 0.523839 -0.765236
-6.516652 -19.635967 909.041147 -1983.078268 -0.109128 0.868428 0.483657 -0.866102 0.155707 -0.474998 0.487810 0.470732 -0.735155
-10.383808 -28.826262 245.569271 1753.242400 -0.227709 0.882708 0.411067 0.896746 0.025586 0.441806 0.379468 0.469225 -0.797391
-8.078239 -28.989911 1574.559889 1847.737728 -0.117304 0.860247 0.496200 0.925725 -0.086177 0.368249 0.359546 0.502542 -0.786243
-8.314599 -24.092818 963.388915 2252.883458 -0.181053 0.876690 0.445684 0.876811 -0.061366 0.476904 0.445447 0.477125 -0.757581
-552.331657 -1243.273079 -222783.671061 -378002.501685 0.230815 0.683940 0.692062 -0.184019 -0.667747 0.721284 -0.955438 0.293836 0.028268
-61.127824 -746.244939 10981.112236 -148537.620834 0.380432 0.727775 -0.570626 0.631486 0.246357 0.735210 -0.675646 0.640040 0.365858
-155.842845 -403.539934 -14341.193059 -3068.051473 0.079365 -0.525858 0.846862 0.622790 0.689493 0.369774 -0.778353 0.498070 0.382220
-42.154971 -280.703149 -11348.923119 62922.510804 0.741440 0.442981 -0.504019 -0.269483 0.884462 0.380927 0.614529 -0.146610 0.775152
-32.411514 -222.492720 -8408.050841 57032.660707 0.733801 0.352679 -0.580650 -0.386498 0.919620 0.070125 0.558709 0.172962 0.811128
-16.254395 -214.180314 -6929.700477 45908.858561 0.753281 0.415586 -0.509761 -0.234889 0.893944 0.381696 0.614325 -0.167787 0.771007
-85.001277 -388.540090 -16362.537980 110172.688821 0.623595 0.515210 -0.587952 -0.460283 0.849893 0.256557 0.631877 0.110637 0.767132
-34.102788 -236.509216 -12169.718388 -5373.159024 0.783563 0.356876 -0.508595 0.085522 0.748838 0.657212 0.615399 -0.558463 0.556241
-68.348434 -249.720455 -14939.916568 19230.939003 0.663338 0.460718 -0.589679 -0.045148 0.811208 0.583012 0.746957 -0.360111 0.558905
-50.274463 -78.016834 -13.676385 620.463428 -0.240264 0.962785 -0.123770 0.947667 0.260262 0.184909 -0.210240 0.072865 0.974931
-32.803475 -85.721795 -5172.476613 5898.300066 -0.353642 0.935305 -0.011935 0.932683 0.353561 0.071392 -0.070993 -0.014115 0.997377
-14.283954 -83.945182 -8375.268074 10245.824330 -0.293946 0.950126 0.104191 0.950504 0.302051 -0.072850 0.100688 -0.077620 0.991886
-25.821814 -71.033747 -6072.902056 11775.854630 -0.289229 0.954961 0.066303 0.921297 0.296502 -0.251593 0.259920 0.011684 0.965559
-7.963199 -38.889836 2155.680723 -2210.661514 0.455064 0.887269 -0.075310 0.600548 -0.368252 -0.709742 0.657465 -0.277750 0.700425
-6.266123 -47.333840 -4535.727936 425.959337 0.472048 0.876645 0.093076 0.547585 -0.208829 -0.810272 0.690885 -0.433455 0.578615
-2.237904 -60.087821 -625.456151 -16269.041181 0.543209 0.831010 -0.119773 0.629817 -0.497651 -0.596385 0.555207 -0.248527 0.793713
23.481208 -33.842197 5995.713560 -1695.646135 -0.080372 0.992826 0.088523 0.963192 0.100213 -0.249436 0.256518 -0.065217 0.964337
8.303363 -35.006512 979.635949 -2759.565245 -0.066995 0.992623 0.101053 0.960294 0.091639 -0.263510 0.270827 -0.079386 0.959349
14.042869 -92.595924 1040.198586 -3781.530365 0.752741 -0.130866 0.645179 -0.617342 0.200035 0.760838 0.228626 0.971010 -0.069785
9.660662 -91.603594 -868.293748 -5219.630710 0.828912 -0.160329 0.535910 -0.486284 0.266962 0.832021 0.276465 0.950277 -0.143322
-5.300363 -36.312538 -1656.900886 3442.501579 0.231902 0.970437 -0.066884 -0.581044 0.083050 -0.809624 0.780134 -0.226616 -0.583126
-1.750055 -39.264641 -2772.045973 2491.103974 0.247443 0.966263 -0.071476 -0.507898 0.066533 -0.858844 0.825113 -0.248817 -0.507226
-0.648148 -32.475129 -2324.446178 2656.050466 0.253943 0.965912 -0.050263 -0.585651 0.112197 -0.802760 0.769757 -0.233292 -0.594180
-8.212786 -42.200179 -1579.713539 2560.460964 0.202596 0.973082 -0.109844 -0.505036 0.007724 -0.863064 0.838984 -0.230329 -0.493006
-3.071391 -27.116404 -1395.068717 2774.665576 0.268095 0.963284 -0.014465 -0.630332 0.164035 -0.758798 0.728565 -0.212547 -0.651165
-7.343851 -31.527235 -848.089107 3468.079608 0.220892 0.974493 -0.039627 -0.632660 0.112248 -0.766252 0.742259 -0.194329 -0.641317
-9.224312 -39.113202 -404.773086 3372.926188 0.172965 0.981958 -0.076431 -0.569482 0.036392 -0.821198 0.803600 -0.185565 -0.565502
5.684660 -60.599539 -1069.922365 -275.920421 0.307141 0.909584 0.279859 0.089813 0.265056 -0.960041 0.947416 -0.320003 0.000283
4.536940 -57.682061 -1285.040339 -2601.401782 0.311660 0.903230 0.295032 0.280155 0.209346 -0.936850 0.907954 -0.374633 0.187800
5.878212 -53.441170 -221.948100 -2293.488510 0.269954 0.916405 0.295511 0.372360 0.183670 -0.909733 0.887960 -0.355622 0.291651
6.573787 -58.622936 442.914517 -3199.587732 0.242610 0.927737 0.283628 0.303386 0.205142 -0.930523 0.921465 -0.311803 0.231693
13.065183 -105.321925 -180.744446 4006.372562 -0.028027 0.974133 0.224229 -0.278045 -0.223062 0.934310 -0.960159 0.036160 -0.277105
14.531348 -113.764040 -283.756713 2722.550575 -0.032242 0.967180 0.252040 -0.447307 -0.239471 0.861725 -0.893799 0.084955 -0.440347
-2.034473 -54.590240 220.892448 3918.402705 -0.085475 0.929396 0.359051 -0.147843 -0.368211 0.917912 -0.985310 -0.025375 -0.168877
-1.922831 -53.069181 199.125033 105.674098 -0.083002 0.942373 0.324104 -0.046908 -0.328560 0.943318 -0.995445 -0.063094 -0.071476
-1.333638 -56.787467 97.876039 3616.132099 -0.073762 0.941301 0.329410 -0.174445 -0.337395 0.925059 -0.981900 -0.010771 -0.189093
-1.096790 -64.155048 4.544468 4518.847261 -0.071284 0.944836 0.319692 -0.309014 -0.325658 0.893564 -0.948382 0.035093 -0.315182
-11.392492 -78.533927 -8711.575341 9279.680777 0.752035 0.118814 0.648326 -0.421414 -0.669643 0.611546 -0.506807 0.733118 0.453525
5.482080 -64.530233 -9239.530771 7164.651144 0.769538 0.145866 0.621718 -0.378764 -0.679578 0.628260 -0.514148 0.718955 0.467713
26.251924 -63.737007 -8800.196847 7468.952050 0.764579 0.063702 0.641375 -0.472394 -0.621591 0.624875 -0.438479 0.780747 0.445163
0.820471 -54.771997 -8154.845522 5530.467715 0.811941 0.232918 0.535258 -0.200650 -0.749715 0.630608 -0.548171 0.619416 0.561990
21.847823 -45.134203 -7021.011147 4606.915411 0.822160 0.132987 0.553504 -0.298931 -0.726615 0.618604 -0.484451 0.674051 0.557640
1.802234 -54.884549 1508.215388 316.701615 0.169963 0.971568 0.164829 -0.718191 0.236653 -0.654368 0.674770 0.007160 -0.737993
0.887583 -56.926050 596.113567 375.181082 0.186612 0.969058 0.161563 -0.679145 0.246075 -0.691527 0.709886 -0.019322 -0.704051
19.069619 -111.869545 -3040.073259 -1884.522832 0.842782 -0.170951 0.510387 0.041615 0.966080 0.254866 -0.536644 -0.193557 0.821309
19.795318 -100.443215 -4228.410460 -9042.561570 0.830640 -0.176415 0.528124 -0.123622 0.866381 0.483840 -0.542913 -0.467185 0.697842
11.402077 -114.706934 -885.987311 -3575.424166 0.837034 -0.198679 0.509804 0.055246 0.957671 0.282513 -0.544354 -0.208309 0.812580
12.387648 -220.348069 1935.490113 -15150.585445 0.804762 -0.092821 0.586296 -0.536016 0.310732 0.784941 0.255040 0.945955 -0.200311
10.538016 -255.118077 1984.583472 30126.464156 0.814400 -0.063004 0.576874 -0.578810 -0.159489 0.799714 -0.041620 0.985187 0.166355
17.820378 -273.189989 -723.239104 59659.323101 0.831988 -0.026256 0.554171 -0.473109 -0.555284 0.683979 -0.289764 0.831246 0.474412
14.713057 -297.803736 -2771.146843 47636.405270 0.820283 0.020392 0.571595 -0.551075 -0.239406 0.799376 -0.153144 0.970705 0.185143
14.605208 -252.956593 -655.306827 -11916.914063 0.826611 -0.005324 0.562749 -0.544424 0.245701 0.802018 0.142538 0.969331 -0.200201
-24.724884 -41.502199 -447.001305 -140.750690 -0.301273 0.925351 0.230131 0.101824 0.271185 -0.957126 0.948086 0.264923 0.175923
40.197260 -553.297470 3551.920686 66338.469412 0.796678 -0.131408 0.589946 0.303052 -0.757665 -0.578016 -0.522938 -0.639277 0.563792
31.610300 -697.683596 6039.591019 194606.580034 0.841091 0.019222 0.540551 0.403293 -0.688253 -0.603045 -0.360444 -0.725216 0.586636
53.848481 -509.386178 15984.315903 41958.192930 0.869091 -0.010902 0.494532 0.450147 -0.397017 -0.799841 -0.205057 -0.917747 0.340136
59.529548 -361.971612 539.839277 36884.055732 0.768317 -0.117280 0.629233 0.574329 -0.307646 -0.758618 -0.282552 -0.944245 0.169012
38.054990 -574.961691 -5513.631543 117022.656965 0.694529 -0.291800 0.657634 0.431763 -0.562123 -0.705406 -0.575509 -0.773867 0.264422
59.654453 -1328.349817 14310.462703 -306573.374943 0.718235 -0.236354 0.654428 -0.045838 0.922423 0.383451 -0.694289 -0.305405 0.651683
-380.230121 -1595.947979 1451718.633363 1867307.707774 0.820202 0.412555 0.396317 -0.472416 0.879156 0.062517 -0.322633 -0.238503 0.915983
-28.817785 -12232.945965 8955.027691 1012743.449842 0.835269 -0.326848 0.442150 0.388942 0.919622 -0.054947 -0.388652 0.217866 0.895256
-13.667608 -34.411810 150.860294 836.611291 0.040261 0.996582 -0.072128 0.287297 -0.080684 -0.954437 0.956995 -0.017704 0.289563
-12.105263 -35.994630 596.280817 1166.805621 0.016845 0.998371 -0.054504 0.321663 -0.057025 -0.945135 0.946704 0.001611 0.322100
-14.171569 -34.684945 -70.845801 457.838831 0.078391 0.991230 -0.106386 0.256847 -0.123193 -0.958568 0.963268 -0.047818 0.264252
13.389682 -130.304131 1950.871516 2883.746141 0.142462 0.967972 0.206723 0.232399 0.170303 -0.957595 0.962130 -0.184463 0.200694
13.424168 -129.009582 -780.751303 3.668949 0.194837 0.962611 0.188201 0.421440 0.091102 -0.902269 0.885679 -0.255111 0.387933
14.553787 -119.966799 53.426625 7542.490650 0.148635 0.949501 0.276324 0.091360 0.265048 -0.959897 0.984663 -0.167919 0.047351
19.452882 -339.431673 -4055.860775 48752.010273 -0.291713 -0.894895 0.337737 0.932193 -0.186882 0.309986 -0.214288 0.405263 0.888731
0.532430 -955.770782 -7359.081202 -324874.666092 0.227636 0.916467 -0.329045 0.692848 0.084998 0.716056 -0.684210 0.390978 0.615624
17.275729 -46.082805 13896.270050 -14225.588412 -0.000301 0.939269 -0.343183 0.279145 0.329620 0.901903 -0.960249 0.095526 0.262291
-28.730580 -2148.237290 -4777.822054 -869636.420440 -0.111600 0.979715 0.166446 -0.032984 -0.171052 0.984710 -0.993206 -0.104404 -0.051405
79.809505 -96.943374 5514.349891 -7853.317730 -0.387900 0.764490 0.514868 0.241047 -0.455023 0.857234 -0.889623 -0.456629 0.007774
87.091295 -136.551188 7917.382492 -18474.747129 -0.395663 0.778649 0.486987 0.418125 -0.319389 0.850389 -0.817693 -0.540089 0.199203
75.491042 -117.179645 11731.374583 15060.496115 0.590103 -0.585791 -0.555542 -0.392312 0.393349 -0.831485 -0.705599 -0.708608 -0.002304
64.135231 -79.490028 -15461.357307 -6628.523206 -0.656065 0.562389 0.503286 0.188083 -0.523987 0.830700 -0.730892 -0.639653 -0.237993
61.504468 -71.941757 5645.933977 -8983.395421 -0.184948 0.706112 -0.683521 -0.140881 0.669286 0.729526 -0.972598 -0.231219 0.024305
80.994990 -73.114363 -8383.525289 -9722.514309 0.327007 -0.603600 0.727141 -0.176045 0.717066 0.674407 -0.928480 -0.348545 0.128225
22.079372 -35.885627 1710.938033 -1925.767178 0.780102 0.596719 0.188062 0.053588 0.235755 -0.970334 0.623353 -0.767037 -0.151936
34.589972 -45.765933 -5931.868433 2409.266460 0.653093 0.721545 -0.229874 -0.339115 0.007243 -0.940717 0.677105 -0.692329 -0.249417
41.677372 -31.569562 -1895.579199 -3652.166651 0.713810 0.700308 -0.006621 -0.071756 0.063729 -0.995384 0.696654 -0.710990 -0.095742
1.044219 -37.393201 5259.930930 987.456212 -0.043504 0.977678 -0.205553 0.554959 0.194734 0.808764 -0.830739 0.078889 0.551044
-7.689414 -38.357591 326.251416 -1259.238550 -0.072186 0.981724 -0.176087 0.449069 0.189631 0.873142 -0.890576 0.016047 0.454551
1.375886 -32.855672 4870.198756 2649.475593 -0.022250 0.984889 -0.171749 0.667238 0.142561 0.731074 -0.744512 0.098331 0.660328
18.491503 -90.877921 1746.784835 5625.977151 0.054591 0.998293 0.020754 -0.988805 0.056939 -0.137926 0.138872 0.012992 -0.990225
17.907436 -96.997419 -1546.374311 8375.391008 0.024759 0.999692 0.001674 -0.991503 0.024770 -0.127704 0.127707 -0.001502 -0.991811
-11.759896 -86.727217 -856.987270 1568.766720 -0.039541 0.994879 -0.093016 -0.880124 0.009398 0.474651 -0.473095 -0.100634 -0.875245
-10.847002 -94.009983 -794.415744 1770.570678 -0.019714 0.990982 -0.132538 -0.926555 0.031698 0.374821 -0.375642 -0.130193 -0.917575
-10.235572 -88.495564 -1414.471135 2987.841056 -0.044121 0.991955 -0.118653 -0.804195 0.035201 0.593323 -0.592726 -0.121598 -0.796172
-12.704610 -89.818855 -635.580893 607.637261 -0.022476 0.994115 -0.105972 -0.965070 0.006102 0.261923 -0.261028 -0.108157 -0.959253
-11.006583 -83.264524 -465.806982 1668.843533 -0.041818 0.997086 -0.063796 -0.768494 0.008705 0.639797 -0.638489 -0.075782 -0.765891
-12.442971 -86.772480 642.246690 2605.093620 -0.031071 0.999427 -0.013411 -0.840353 -0.018856 0.541711 -0.541148 -0.028101 -0.840458
-13.262563 -87.269918 745.984096 1387.956568 -0.026110 0.999017 -0.035815 -0.925925 -0.010665 0.377557 -0.376804 -0.043020 -0.925293
-5.593388 -94.156274 1549.740224 2014.212093 0.017041 0.997282 0.071684 0.881561 -0.048814 0.469539 -0.471762 -0.055192 0.879997
-11.120936 -99.891122 2256.582468 4074.888460 0.037875 0.996957 0.068139 0.915211 -0.061984 0.398179 -0.401191 -0.047281 0.914773
-2.506908 -84.744729 1138.278340 2914.391831 0.038501 0.996409 0.075406 0.932694 -0.062915 0.355139 -0.358608 -0.056658 0.931767
-1.705452 -60.448779 -615.516943 2573.076399 0.238282 0.957026 -0.165296 -0.204730 -0.116877 -0.971816 0.949372 -0.265407 -0.168083
1.536321 -54.682292 -259.775463 2112.974332 0.230541 0.955194 -0.185623 -0.347926 -0.097233 -0.932466 0.908734 -0.279555 -0.309921
-8.926278 -103.206187 480.582888 -2619.524900 0.078396 0.982790 -0.167268 -0.944721 0.019656 -0.327287 0.318366 -0.183679 -0.930003
-7.911194 -100.689078 -264.800899 -3592.055412 0.105158 0.977081 -0.185078 -0.886801 0.007914 -0.462085 0.450029 -0.212719 -0.867308
-8.183087 -106.761461 170.871429 -3019.855633 0.073330 0.977371 -0.198417 -0.970279 0.023912 -0.240803 0.230610 -0.210178 -0.950076
-9.288359 -96.110605 -566.765196 -4515.497451 0.115100 0.979703 -0.164117 -0.806688 -0.004223 -0.590963 0.579661 -0.200411 -0.789828
-7.782997 -106.682491 566.639401 -211.022706 0.044832 0.983254 -0.176641 0.998640 -0.039400 0.034144 0.026613 -0.177931 -0.983683
-9.345595 -104.165211 -542.838498 517.108196 0.037194 0.984849 -0.169377 0.997664 -0.026876 0.062807 0.057304 -0.171317 -0.983548
1.218988 -215.406953 -2358.429509 -12214.346274 0.764690 0.227491 0.602907 -0.045027 0.952189 -0.302175 -0.642823 0.203923 0.738373
1.288191 -191.793962 -1764.946138 -15033.002133 0.772439 0.239485 0.588205 0.085807 0.878330 -0.470291 -0.629266 0.413743 0.657907
3.301187 -249.375090 -2535.564416 -24881.470806 0.768258 0.281097 0.575121 0.123404 0.816542 -0.563941 -0.628133 0.504225 0.592627
-0.145796 -228.017989 -1394.514561 17669.061977 0.778212 0.283525 0.560357 -0.226957 -0.705006 0.671905 -0.585557 0.650062 0.484296
4.095635 -283.433594 -2115.240453 -43335.201179 0.788824 0.248758 0.562028 0.059813 0.879023 -0.473012 -0.611701 0.406740 0.678516
4.740449 -234.082141 -1553.616781 -18020.926063 0.784465 0.193810 0.589112 -0.030570 0.960844 -0.275397 -0.619420 0.198030 0.759673
5.732408 -276.133698 -598.511738 11277.358737 0.814449 0.255654 0.520877 -0.319658 -0.551494 0.770502 -0.484243 0.794037 0.367442
-12.383997 -67.332943 -393.696781 -5995.092601 0.807642 0.134436 0.574144 0.203668 0.850147 -0.485560 -0.553383 0.509094 0.659234
-2.322234 -51.959774 3008.233950 -1196.384894 0.753451 -0.114581 0.647443 0.358944 0.896697 -0.259023 -0.550881 0.427557 0.716746
-6.204428 -57.832321 3610.586694 5194.971358 0.807964 -0.032850 0.588316 -0.334610 -0.847414 0.412220 -0.485006 0.529915 0.695672
-2.384273 -16.221117 -1419.980217 747.943634 0.509047 0.831011 0.224258 -0.605024 0.530774 -0.593485 0.612223 -0.166431 -0.772971
-3.856867 -87.453085 -82.544155 -2081.190893 -0.894416 -0.393515 -0.212522 -0.416123 0.906373 0.073009 0.163894 0.153736 -0.974425
-4.309152 -86.856602 -233.665342 1184.522174 -0.908622 -0.358963 -0.213429 -0.340754 0.932713 -0.118039 0.241440 -0.034526 -0.969801
-0.392742 -16.660235 943.668964 -1802.834474 -0.071779 0.853120 0.516754 -0.865111 0.204603 -0.457952 0.496417 0.479921 -0.723357
3.585192 -26.352184 2469.539941 1642.902517 -0.043058 0.843075 0.536069 0.921676 -0.173553 0.346977 0.385564 0.509022 -0.769569
5.667078 -21.216394 2083.515099 1802.032479 -0.107280 0.863979 0.491967 0.883479 -0.144119 0.445751 0.456021 0.482463 -0.747846
34.891029 -41.123018 14779.805446 289.794536 0.479085 0.875644 -0.061040 0.775614 -0.389745 0.496510 -0.410976 0.285213 0.865882
89.212123 -39.746107 28583.263696 -767.376232 0.549716 0.834498 -0.037758 0.777571 -0.494652 0.388204 -0.305279 0.242762 0.920800
75.729881 -38.323218 15612.803084 -1354.124257 0.559692 0.817618 0.135077 0.696705 -0.552510 0.457532 -0.448718 0.161967 0.878874
34.740896 -41.432775 13921.684268 -697.106929 0.495471 0.868410 -0.019315 0.704814 -0.388936 0.593267 -0.507687 0.307560 0.804774
-19.323619 -157.680546 -553.981696 40911.661524 0.716409 0.331663 -0.613806 -0.355443 0.930550 0.087954 0.600349 0.155163 0.784542
-24.926080 -65.160622 3381.050308 19328.360256 0.763621 0.034589 -0.644738 -0.215905 0.954760 -0.204494 0.608497 0.295359 0.736543
-49.856076 -150.990198 -9085.635721 53723.525249 0.710148 0.281372 -0.645384 -0.443088 0.890984 -0.099103 0.547141 0.356340 0.757402
-61.940896 -80.797640 1860.448567 236.641491 -0.183771 0.956704 -0.225711 0.922583 0.247114 0.296270 -0.339219 0.153791 0.928051
-50.436847 -74.747418 -328.362206 3776.442491 -0.191836 -0.942589 0.273359 0.978424 -0.161907 0.128346 -0.076718 0.292082 0.953311
-55.222717 -80.647296 350.068866 498.850715 0.097408 0.964421 -0.245770 0.955405 -0.021443 0.294519 -0.278770 0.263498 0.923502
47.578988 -34.825607 -6599.841159 -462.538266 0.074129 -0.968531 -0.237598 0.986739 0.105734 -0.123150 0.144397 -0.225318 0.963525
47.783114 -31.317091 -14000.205037 67.075276 0.003551 -0.994811 -0.101679 0.996098 0.012486 -0.087370 0.088187 -0.100971 0.990973
34.323766 -34.920274 6717.340869 -524.760988 -0.111648 0.981120 0.157921 0.962448 0.146327 -0.228653 0.247444 -0.126462 0.960614
10.804836 -93.897919 981.633332 -3722.209215 0.700109 -0.085327 0.708920 -0.673775 0.249729 0.695459 0.236379 0.964549 -0.117347
5.959702 -82.579503 881.529589 -6469.689528 0.753878 -0.126936 0.644636 -0.554845 0.402474 0.728122 0.351874 0.906588 -0.232987
4.595148 -35.503637 -3433.793081 2543.601260 0.262966 0.963403 -0.052000 -0.546121 0.104202 -0.831200 0.795362 -0.246976 -0.553536
0.829740 -43.478862 -3459.298766 1804.558701 0.252567 0.965197 -0.067860 -0.419648 0.046077 -0.906517 0.871840 -0.257433 -0.416681
8.278374 -40.126861 -3061.351770 2511.793056 0.254085 0.965784 -0.051988 -0.479506 0.079107 -0.873966 0.839949 -0.246990 -0.483199
-7.356804 -45.111064 -2088.565212 1146.971077 0.224900 0.969023 -0.102053 -0.395518 -0.004931 -0.918445 0.890497 -0.246922 -0.382157
5.309275 -61.319608 152.774089 790.517907 0.262122 0.930023 0.257584 -0.181361 0.309635 -0.933400 0.947840 -0.197949 -0.249832
3.539228 -60.552177 408.687249 336.282168 0.240223 0.941959 0.234532 -0.322836 0.305379 -0.895835 0.915461 -0.139485 -0.377458
1.205223 -65.090837 762.097414 262.482379 0.223110 0.952235 0.208494 -0.329444 0.274958 -0.903252 0.917436 -0.132838 -0.375054
7.909085 -77.678701 2427.211030 -2964.448398 -0.048790 0.937758 0.343846 0.954291 -0.057866 0.293222 0.294868 0.342436 -0.892071
