10267
20517
-43.414650 -64.407259 -2350.925769 8124.420453 0.282705 0.954951 0.090263 0.791527 -0.179095 -0.584304 0.541815 -0.236631 0.806500
-49.560386 -76.010499 -994.354279 5961.302559 0.220687 0.972493 0.074529 0.889728 -0.169420 -0.423888 0.399601 -0.159857 0.902643
-30.817190 -80.630986 -4844.400826 9506.142517 0.168052 0.952648 0.253419 0.886465 -0.033591 -0.461575 0.431206 -0.302215 0.850134
-47.452230 -67.449102 510.011663 5867.388887 0.481736 0.859850 -0.169080 0.715194 -0.497269 -0.491142 0.506387 -0.115676 0.854512
-28.387836 -62.726267 -5643.872550 11070.708133 0.273441 0.934768 0.226803 0.769759 -0.071261 -0.634344 0.576802 -0.348039 0.739032
-35.259686 -46.737847 -1630.106199 4749.855812 0.553927 0.821283 -0.136601 0.555378 -0.486733 -0.674274 0.620258 -0.297633 0.725737
-41.607773 -54.901735 1163.651646 -4339.707596 0.654569 0.653500 -0.380102 -0.441180 0.738483 0.509906 0.613922 -0.166075 0.771699
-44.746430 -65.911911 515.356882 -1852.168803 0.219360 -0.506856 -0.833653 -0.672521 0.540477 -0.505568 0.706821 0.671551 -0.222313
-42.658991 -63.190153 79.309335 -743.074493 0.160455 -0.468481 -0.868781 -0.559614 0.681870 -0.471047 0.813072 0.561763 -0.152759
-46.092087 -65.543718 915.538676 -2021.934777 -0.190708 0.587399 0.786507 -0.652827 0.522465 -0.548495 0.733108 0.618055 -0.283832
-48.621985 -68.472328 140.883390 1316.577470 -0.276344 0.610212 0.742479 0.768087 -0.324122 0.552256 0.577647 0.722901 -0.379127
-45.198377 -66.325371 967.489141 526.437467 -0.194617 0.425601 0.883735 0.815964 -0.429762 0.386662 0.544360 0.796347 -0.263636
-42.456136 -65.487726 -78.604130 1347.216833 -0.203684 0.355201 0.912329 0.724189 -0.572429 0.384547 0.658835 0.739025 -0.140638
-4.423588 -123.039859 452.578751 -3312.099279 0.542664 -0.189536 0.818286 0.808378 0.382440 -0.447510 -0.228126 0.904331 0.360753
-3.016853 -123.138148 292.978565 3536.395854 0.527806 -0.202270 0.824929 0.847529 0.061600 -0.527162 0.055814 0.977391 0.203943
-6.728541 -119.573297 1681.915516 425.013749 0.513099 -0.210252 0.832180 0.849640 0.262023 -0.457664 -0.121825 0.941880 0.313082
-3.151665 -126.548999 -1176.769414 2695.478262 0.531106 -0.185631 0.826721 0.846933 0.087380 -0.524471 0.025119 0.978727 0.203625
-3.031371 -125.200244 95.572917 -2390.861564 0.538336 -0.215502 0.814711 0.825624 0.328669 -0.458609 -0.168939 0.919530 0.354858
-0.914589 -120.533500 58.994197 -5546.421199 0.550289 -0.205655 0.809252 0.736550 0.576070 -0.354455 -0.393290 0.791107 0.468480
4.644400 -34.439928 -1819.888462 -1935.741210 0.790269 -0.526243 0.313916 -0.191053 0.275151 0.942227 0.582214 0.804587 -0.116902
17.307539 -25.345125 -8692.270905 -5900.107408 0.821591 -0.565070 -0.075397 0.122107 0.045245 0.991485 0.556847 0.823801 -0.106172
31.694289 -45.000321 -10191.412168 -6317.986099 0.832258 -0.553360 -0.033753 0.019947 -0.030954 0.999322 0.554029 0.832367 0.014724
0.847437 -24.229981 -426.285269 1796.228594 0.735472 -0.455448 0.501646 -0.305991 0.437308 0.845654 0.604525 0.775454 -0.182265
7.275299 -54.972841 -3357.921093 -5590.711126 0.804843 -0.520859 0.284489 -0.233199 0.163250 0.958628 0.545753 0.837888 -0.009926
0.843000 -33.772279 -1159.539094 -1298.727076 0.687825 -0.420425 0.591726 -0.320556 0.555459 0.767273 0.651260 0.717432 -0.247289
-7.185628 -43.464900 -161.101947 -311.703034 0.403767 0.813619 -0.418326 -0.238761 0.535124 0.810331 -0.883156 0.227305 -0.410326
-6.024781 -42.994597 -312.391719 -1122.339659 0.396196 0.816315 -0.420307 -0.319763 0.551785 0.770250 -0.860686 0.170772 -0.479642
-4.350389 -43.643003 -1107.369341 -612.218297 0.363221 0.835698 -0.411920 -0.271930 0.517953 0.811036 -0.891137 0.182572 -0.415383
-6.840641 -44.428329 -873.068806 33.521152 0.379915 0.830229 -0.407904 -0.148032 0.489851 0.859146 -0.913100 0.266019 -0.309002
28.066711 -88.007468 -4776.626299 10107.435393 0.420606 0.847098 -0.324831 0.751047 -0.124256 0.648452 0.508940 -0.516706 -0.688473
22.200059 -85.731567 -2200.540506 8562.818753 0.482304 0.818569 -0.311972 0.694632 -0.140387 0.705534 0.533732 -0.556988 -0.636313
32.209950 -75.767970 -4297.019579 -6440.770572 0.437157 0.837887 -0.326863 -0.649981 0.043138 -0.758725 0.621625 -0.544137 -0.563469
26.037774 -72.905611 -3221.967454 -4524.907585 0.511707 0.791806 -0.333466 -0.574468 0.026715 -0.818091 0.638861 -0.610189 -0.468537
45.114952 -79.287502 -5503.174101 -6850.266664 0.325196 0.900715 -0.288029 -0.699450 0.024121 -0.714275 0.636410 -0.433741 -0.637848
36.907516 -71.805539 -2843.147209 -236.027522 0.396746 0.872284 -0.285855 -0.578325 -0.004300 -0.815795 0.712835 -0.488980 -0.502757
-15.278179 -88.828896 -242.948991 158.677204 0.233977 0.962283 0.138803 -0.941598 0.259842 -0.214186 0.242175 0.080582 -0.966881
-14.090247 -92.024079 -235.667864 1443.766200 0.208378 0.966067 0.152620 0.977651 -0.210189 -0.004349 0.027877 0.150115 -0.988275
-14.891286 -88.529124 -822.082582 -214.666591 0.206293 0.963253 0.172011 -0.948028 0.240281 -0.208587 0.242253 0.120041 -0.962758
-13.604997 -90.864970 -695.887796 1195.101453 0.177128 0.966594 0.185263 0.981972 -0.186196 0.032606 0.066012 0.176148 -0.982148
9.257973 -88.135870 1128.862768 2293.267120 0.087074 0.972456 0.216210 0.185606 -0.229071 0.955551 -0.978759 0.043074 0.200440
6.866890 -88.917842 1276.487450 2735.825240 0.124967 0.963626 0.236236 0.014420 -0.239841 0.970705 -0.992056 0.117900 0.043868
4.484281 -80.835557 844.330183 3123.630254 0.118682 0.970026 0.212046 0.248109 -0.235753 0.939608 -0.961435 0.058904 0.268652
8.760535 -99.565274 193.304256 3089.241096 0.086168 0.970004 0.227306 -0.115316 -0.216911 0.969356 -0.989584 0.109739 -0.093166
6.594167 -83.211421 1523.478954 1512.545940 0.103285 0.977335 0.184795 0.399265 -0.210902 0.892249 -0.910999 0.018374 0.411998
11.752466 -92.114899 2323.637198 -543.538934 0.078334 0.981090 0.176990 0.406152 -0.193541 0.893075 -0.910442 -0.001927 0.413632
12.912482 -89.898496 1660.724040 1657.014185 0.070974 0.968227 0.239788 0.146924 -0.247920 0.957575 -0.986598 0.032732 0.159851
10.195698 -98.930119 112.453949 4713.444501 0.064368 0.971954 0.226190 -0.047079 -0.223450 0.973578 -0.996815 0.073316 -0.031376
14.963895 -94.629395 1974.347332 -440.637501 0.070045 0.976354 0.204517 0.345734 -0.216074 0.913116 -0.935715 -0.006749 0.352693
-10.464566 -460.049456 -2755.493478 98553.873599 0.513409 0.141219 0.846445 0.622199 -0.740563 -0.253840 0.590999 0.656981 -0.468078
8.580659 -397.876430 -2885.363854 93837.840560 0.523762 0.118835 0.843535 0.647071 -0.699537 -0.303226 0.554050 0.704646 -0.443286
-2.046867 -311.626100 -3212.885447 21102.727124 0.529749 0.127994 0.838441 0.820891 -0.325998 -0.468895 0.213315 0.936666 -0.277766
-4.025529 -7.757148 -642.496311 58.176776 -0.577477 0.685780 0.442974 -0.378137 0.256204 -0.889591 0.723556 0.681223 -0.111367
-2.547679 -8.576598 -240.296682 -1402.909839 0.333807 -0.491902 -0.804118 -0.617141 0.530772 -0.580877 0.712538 0.690155 -0.126398
-2.628994 -9.972457 154.810183 -847.799872 -0.494711 0.614659 0.614374 -0.495854 0.380940 -0.780393 0.713715 0.690709 -0.116325
-1.254599 -422.794449 306.856317 -64068.495453 -0.523473 -0.236071 -0.818686 0.850890 -0.194789 -0.487897 -0.044292 -0.952012 0.302838
27.638444 -1477.345480 2201.246971 -488175.004250 -0.493790 -0.271308 -0.826174 0.754023 -0.606840 -0.251386 -0.433152 -0.747086 0.504223
-1.630518 -410.132378 -2849.331003 -68438.124110 -0.522946 -0.261486 -0.811266 0.780949 -0.528355 -0.333105 -0.341534 -0.807753 0.480509
5.967923 -9.961634 -1565.488502 -817.305544 -0.020186 0.974112 -0.225164 0.586998 0.193855 0.786037 -0.809337 0.116304 0.575715
6.016341 -14.301573 100.684739 -1652.448060 0.010581 0.985421 -0.169804 0.576062 0.132796 0.806547 -0.817337 0.106351 0.566259
3.451800 -9.630422 630.413960 75.547462 0.214729 0.970305 0.111351 0.521924 -0.210367 0.826645 -0.825522 0.119388 0.551597
5.267868 -5.071280 -1049.143477 -866.941076 0.097130 0.993150 -0.064950 0.554811 0.000149 0.831977 -0.826287 0.116845 0.550996
32.183878 -55.349131 488.883537 -1845.402769 -0.211006 -0.164463 -0.963550 0.054275 0.982252 -0.179541 0.975977 -0.090181 -0.198335
28.301372 -52.672119 -735.040634 -2480.963591 -0.154440 -0.094305 -0.983491 -0.082440 0.993193 -0.082290 0.984557 0.068370 -0.161163
26.634421 -59.892821 3121.302628 -3053.736035 -0.291473 -0.078195 -0.953378 -0.059170 0.996219 -0.063619 0.954747 0.037868 -0.294998
29.748025 -62.714255 4923.715837 -1159.402897 -0.341978 -0.134166 -0.930081 0.085696 0.981179 -0.173046 0.935792 -0.138882 -0.324044
-47.517335 -2568.273672 50069.382673 970455.080271 0.522306 -0.199612 -0.829067 0.851893 0.078338 0.517824 -0.038417 -0.976739 0.210964
-1766.355108 -4928.851321 477037.808773 2136484.801970 0.875176 -0.466138 0.129543 0.454587 0.883938 0.109564 -0.165580 -0.036999 0.985502
702.236767 -4237.283918 -133587.834047 2010521.392322 0.705231 -0.057985 -0.706602 0.130866 0.990171 0.049357 0.696795 -0.127278 0.705888
-24.578871 -1012.718451 -10208.497885 -280904.333027 0.059922 -0.123629 -0.990518 0.998193 0.002991 0.060013 -0.004457 -0.992324 0.123584
-62.433103 -788.885512 -12952.423343 -185461.151406 0.025899 -0.154592 -0.987639 0.988598 -0.142639 0.048250 -0.148335 -0.977628 0.149135
-56.495493 -328.680669 -13188.113780 15040.123745 -0.023294 -0.103532 -0.994353 0.902758 0.425145 -0.065414 0.429517 -0.899185 0.083561
-200.215538 -462.683226 -45842.933364 -82745.439002 -0.057334 -0.079654 -0.995172 0.990047 0.123793 -0.066947 0.128528 -0.989106 0.071764
27.474974 -116.730985 -1389.314981 4341.095498 -0.132681 0.613532 0.778444 -0.730483 -0.591369 0.341582 -0.669918 0.523319 -0.526638
47.408606 -125.388182 759.619988 -4244.390224 -0.104815 0.540639 0.834699 0.883411 0.436080 -0.171520 -0.456726 0.719405 -0.523314
49.582697 -114.450627 -5188.270818 -7438.188679 -0.118153 0.484688 0.866670 0.718255 0.644382 -0.262453 -0.685675 0.591480 -0.424265
19.240169 -96.922852 -2936.991892 -5219.769795 -0.132403 0.592443 0.794657 0.504518 0.730372 -0.460455 -0.853189 0.339953 -0.395602
8.160221 -103.875783 -1393.695812 2619.818973 -0.121931 0.702057 0.701605 -0.530467 -0.643547 0.551772 -0.838891 0.304900 -0.450886
4.301645 -147.352362 -481.519064 1862.714360 0.729347 -0.675936 0.105661 -0.682746 -0.728992 0.049277 -0.043718 0.108080 0.993181
2.183122 -137.058929 -1412.809063 -4040.522206 0.732763 -0.669447 0.122064 0.649980 0.741667 0.165697 -0.201456 -0.042078 0.978593
4.399660 -147.536328 -913.209130 2333.808014 0.740231 -0.663467 0.108948 -0.672158 -0.726342 0.143634 0.016162 0.179553 0.983616
6.202071 -153.952992 -689.092710 257.981415 0.743632 -0.660433 0.104111 -0.645294 -0.668222 0.370236 0.174947 0.342502 0.923085
5.875743 -162.992908 1028.906577 330.686079 0.724577 -0.685456 0.071674 -0.666966 -0.671208 0.323475 0.173620 0.282187 0.943518
20.171061 -47.474151 -3743.157682 -288.498586 -0.463886 0.834115 0.298432 0.865513 0.354879 0.353480 0.188936 0.422271 -0.886561
16.219220 -47.254223 -1921.217417 -80.963915 -0.463727 0.842938 0.272786 0.858858 0.352098 0.372008 0.217532 0.406795 -0.887242
20.047538 -47.267209 -3277.759883 -589.977431 -0.460941 0.835015 0.300472 0.834921 0.293313 0.465697 0.300732 0.465529 -0.832372
25.030248 -45.916990 -1677.659353 -579.243798 -0.477780 0.798860 0.365442 0.853743 0.324220 0.407436 0.207001 0.506659 -0.836927
23.639701 -46.251332 -2260.300545 44.155244 -0.477487 0.810685 0.338817 0.811390 0.258882 0.524048 0.337124 0.525139 -0.781394
20.517752 -47.648497 -2921.041227 -220.938158 -0.464662 0.837324 0.288057 0.771800 0.223508 0.595289 0.434067 0.498931 -0.750103
-1.784462 -37.976476 -522.543071 -1124.524538 -0.435009 0.858201 -0.272505 0.888693 0.360510 -0.283296 -0.144884 -0.365410 -0.919502
-4.228421 -38.111514 -286.665210 -809.830692 -0.412623 0.871782 -0.264081 0.894499 0.333022 -0.298276 -0.172087 -0.359296 -0.917220
-2.794601 -42.045868 -215.352204 -1599.964171 -0.418905 0.868407 -0.265306 0.905694 0.378650 -0.190640 -0.065095 -0.320146 -0.945129
-3.580053 -37.198589 -686.766209 -432.454834 -0.440157 0.857608 -0.266027 0.860890 0.318852 -0.396487 -0.255207 -0.403537 -0.878651
-0.439337 -42.314922 -642.628070 -1641.718997 -0.446772 0.851955 -0.273071 0.893496 0.409425 -0.184487 -0.045372 -0.326411 -0.944138
-0.522562 -36.047056 -1011.691516 -1190.923981 -0.453873 0.847239 -0.276017 0.863854 0.342403 -0.369480 -0.218529 -0.406136 -0.887299
0.590001 -37.317235 -1182.385140 -1188.679352 -0.458959 0.843339 -0.279528 0.881676 0.393529 -0.260349 -0.109560 -0.365943 -0.924166
-1.804535 -75.901307 -2316.073371 915.182408 -0.379429 0.910786 -0.162794 -0.494229 -0.348264 -0.796523 0.782158 0.221766 -0.582279
-4.567931 -74.436108 -1110.290497 761.463311 -0.403139 0.902191 -0.153397 -0.507834 -0.359992 -0.782631 0.761304 0.237609 -0.603290
-3.572980 -72.468643 -2060.993425 -811.764759 -0.375457 0.915879 -0.142119 -0.360659 -0.285624 -0.887887 0.853790 0.282107 -0.437559
0.409299 -74.109933 -1590.698441 -2285.750479 -0.384322 0.911423 -0.146983 -0.295389 -0.272241 -0.915767 0.874667 0.308533 -0.373853
-2.404187 -68.467729 -1997.067837 -3841.606739 -0.368210 0.920888 -0.128013 -0.176099 -0.204271 -0.962945 0.912913 0.332023 -0.237383
-7.893985 -84.653869 676.793525 106.806477 -0.643062 0.765772 -0.008024 0.280690 0.225936 -0.932827 0.712520 0.602118 0.360235
-3.232955 -82.760676 2104.282357 352.955763 -0.680989 0.732132 0.015360 0.259410 0.260798 -0.929888 0.684807 0.629259 0.367523
-2.158473 -89.063166 1749.518675 3239.984901 -0.666866 0.745064 0.013016 0.387505 0.361648 -0.847968 0.636498 0.560437 0.529887
-7.047285 -84.536780 1040.521674 -1429.521927 -0.657947 0.753063 0.001554 0.132646 0.117923 -0.984124 0.741290 0.647295 0.177478
-6.541642 -90.178787 1422.059262 3725.095800 -0.645957 0.763322 -0.008936 0.412290 0.338999 -0.845634 0.642462 0.549927 0.533688
-10.953879 -85.657978 501.283940 745.001859 -0.619547 0.784754 -0.017962 0.291825 0.209027 -0.933352 0.728697 0.583497 0.358513
-10.875723 -84.770331 402.590732 -1147.505724 -0.626299 0.779443 -0.014780 0.148603 0.100751 -0.983751 0.765289 0.618319 0.178928
41.626383 -84.278398 2279.861519 -6787.456537 -0.403946 0.859279 -0.313794 0.237021 0.429624 0.871346 -0.883543 -0.277601 0.377212
41.046720 -73.378586 2015.001529 -8318.674457 -0.352267 0.879200 -0.320803 0.030388 0.353339 0.935002 -0.935406 -0.319622 0.151187
36.915156 -81.296016 2113.271745 -3036.706070 -0.312199 0.885209 -0.344872 0.248900 0.426551 0.869542 -0.916832 -0.185631 0.353498
34.913772 -85.987001 2365.767655 2700.746817 -0.367499 0.864052 -0.344031 0.485264 0.493720 0.721637 -0.793387 -0.098255 0.600735
38.280819 -91.660882 1059.213302 -403.345398 -0.478697 0.827102 -0.294537 0.467036 0.523954 0.712285 -0.743456 -0.203409 0.637101
41.245364 -88.174464 -159.302191 -10622.521205 -0.517646 0.812410 -0.268390 0.229776 0.434165 0.871036 -0.824163 -0.389219 0.411416
-3.460192 -228.777983 -112.156912 2415.970463 -0.658428 0.744812 -0.108292 -0.208349 -0.318630 -0.924698 0.723231 0.586284 -0.364976
-1.114309 -264.975031 2358.017500 26506.839358 -0.675463 0.730052 -0.103796 -0.157676 -0.280501 -0.946814 0.720338 0.623172 -0.304580
-1.008332 -261.214675 -106.503851 23191.151020 -0.655525 0.743416 -0.132736 0.059834 -0.124086 -0.990466 0.752799 0.657218 -0.036859
2.489342 -381.380215 -2599.224538 -47623.992071 0.637969 -0.742644 0.203653 -0.497128 -0.195218 0.845431 0.588098 0.640601 0.493732
6.343105 -413.475614 -2420.006518 -18962.986038 0.625901 -0.760498 0.172888 -0.569159 -0.293849 0.767927 0.533204 0.579047 0.616764
5.536784 -361.320536 -701.427622 -23119.213221 0.613144 -0.769986 0.176566 0.730479 0.467530 -0.497812 0.300758 0.434208 0.849122
4.812141 -372.145212 2120.523147 43889.866326 -0.656387 0.739626 -0.148696 0.223585 0.002470 -0.974681 0.720532 0.673014 0.166990
8.285938 -25422.540469 -126312.331603 1012268.435033 0.391767 -0.138729 0.909545 0.732902 0.644680 -0.217352 -0.556213 0.751759 0.354239
-46.218533 -29137.209154 -152320.746236 -12955056.732257 0.704901 -0.610636 0.360885 0.678202 0.431221 -0.595054 -0.207740 -0.664208 -0.718103
61.567065 -2049.347072 -9771.436651 605926.263840 -0.325197 0.678388 -0.658815 -0.553916 0.428003 0.714136 -0.766436 -0.597163 -0.236585
56.747033 -2656.597467 16458.422326 776101.311206 -0.807301 0.338997 -0.483059 -0.079316 0.748795 0.658039 0.584785 0.569550 -0.577615
-59.542009 -3373.584165 -4525.898463 990621.877560 -0.686558 0.443571 -0.576093 -0.155505 0.684425 0.712306 0.710251 0.578625 -0.400920
21.947503 -25.895073 1052.156080 -3164.149476 -0.634141 0.767622 0.092856 -0.211745 -0.056903 -0.975667 0.743659 0.638372 -0.198625
15.761421 -15.670484 -3241.231465 3831.563132 0.731335 -0.679385 -0.059879 0.154273 0.079268 0.984843 0.664341 0.729488 -0.162782
18.408152 -26.587008 -3166.265124 2092.123914 0.690132 -0.706689 -0.155910 0.294371 0.077321 0.952558 0.661108 0.703286 -0.261390
22.952057 -36.015465 487.032438 -1696.683776 -0.603977 0.772784 0.194977 -0.384952 -0.068647 -0.920380 0.697871 0.630946 -0.338946
12.561279 -26.075503 -3383.333108 1723.828244 0.694540 -0.678434 -0.239461 0.373182 0.055159 0.926117 0.615101 0.732588 -0.291490
19.098527 -32.978925 -3312.225907 1857.884116 0.657692 -0.707609 -0.258322 0.423669 0.063926 0.903558 0.622852 0.703707 -0.341836
-19.049321 -36.722888 1298.626998 1449.697346 0.005796 0.924150 0.381986 -0.798426 0.234265 -0.554649 0.602065 0.301772 -0.739223
-15.643787 -33.665775 1669.385585 1082.431161 -0.126696 0.929668 0.345928 -0.802727 0.108780 -0.586341 0.582732 0.351973 -0.732488
-18.339724 -37.409589 1565.591127 1731.401313 -0.011346 0.904043 0.427291 -0.747126 0.276344 -0.604514 0.664586 0.326099 -0.672298
-10.572609 -91.249711 -1306.320253 430.600936 -0.310244 0.950650 -0.003483 0.057041 0.014958 -0.998260 0.948944 0.309903 0.058866
-7.575445 -98.381393 -1162.483209 -837.343527 -0.301348 0.953448 -0.011266 -0.015500 -0.016712 -0.999740 0.953388 0.301095 -0.019815
-9.459882 -96.058864 -1035.699094 -1879.375804 -0.313023 0.948833 -0.041612 -0.161521 -0.096359 -0.982154 0.935910 0.300716 -0.183420
-49.589811 -453.856738 9673.646417 -116850.205617 0.723241 0.516703 0.458193 -0.444456 -0.159546 0.881478 -0.528566 0.841167 -0.114262
-255.149715 -691.988301 37866.787645 85484.169720 0.780750 0.454433 -0.428859 0.223920 0.437276 0.871005 -0.583343 0.776067 -0.239647
-125.010794 -568.102138 18186.145007 -137766.852306 0.639461 0.309921 0.703590 -0.414192 -0.632120 0.654880 -0.647714 0.710192 0.275850
4.779402 -214.267168 1761.584960 62780.588445 0.877232 0.154435 0.454547 0.447971 0.077056 -0.890721 0.172584 -0.984993 0.001586
-5.036317 -124.482490 2887.946630 -19884.009952 0.795826 0.121163 0.593280 0.580745 0.124702 -0.804478 0.171457 -0.984768 -0.028876
6.608840 -111.460550 3046.401662 1125.832663 0.825321 0.114150 0.553005 0.546915 0.082015 -0.833161 0.140460 -0.990072 -0.005259
-41.667916 -80.158817 -3874.276499 1821.192919 0.129940 0.972137 0.195102 0.964907 -0.078695 -0.250524 0.228191 -0.220808 0.948247
-57.587258 -79.536940 614.548564 912.317880 0.181599 0.982444 0.042723 0.960299 -0.167814 -0.222856 0.211774 -0.081497 0.973915
-52.994583 -75.914766 434.233433 3407.211323 0.450777 0.876795 -0.167427 0.816755 -0.480814 -0.318950 0.360155 -0.007028 0.932866
-46.028339 -64.852894 -1694.913109 -280.756895 0.083988 -0.526041 -0.846302 -0.553647 0.681512 -0.478557 0.828505 0.508746 -0.234002
19.634956 -76.039525 518.869260 -4532.626954 0.547700 0.700546 0.457450 0.686881 -0.688665 0.232238 -0.477723 -0.187017 0.858374
15.380762 -67.078675 61.246949 -6015.405708 0.539912 0.734838 0.410498 0.648139 -0.674106 0.354254 -0.537039 -0.074794 0.840235
22.249154 -76.165396 64.432455 -1715.442929 0.518387 0.749040 0.412570 0.772328 -0.617218 0.150171 -0.367130 -0.240793 0.898462
15.844098 -66.859956 1638.157950 6706.813457 0.575417 0.676087 0.460218 -0.573011 0.734778 -0.362988 -0.583570 -0.054841 0.810209
24.997884 -77.713096 110.863945 2285.535944 -0.532377 -0.700238 -0.475648 0.784292 -0.619453 0.034112 -0.318528 -0.354887 0.878974
-1.888403 -11.347617 -464.384531 561.330067 0.806584 -0.529323 0.263134 -0.142431 0.258000 0.955589 0.573704 0.808241 -0.132706
28.916345 -23.679773 -13549.844222 -6368.414833 0.718023 -0.568379 -0.401731 0.391807 -0.146976 0.908232 0.575265 0.809533 -0.117163
-5.314769 -43.362552 -171.088081 -111.511717 0.400657 0.815262 -0.418117 -0.379635 0.563046 0.734068 -0.833877 0.135378 -0.535090
-4.013217 -42.765852 -910.897305 -776.190908 0.368796 0.831704 -0.415040 -0.355725 0.538810 0.763638 -0.858749 0.133986 -0.494569
19.480615 -95.921234 -1034.570448 7016.088736 0.453567 0.840717 -0.295755 0.806550 -0.246035 0.537535 0.379149 -0.482349 -0.789674
14.537432 -96.601438 -791.070089 4528.402684 0.504901 0.809393 -0.299931 0.789400 -0.292413 0.539761 0.349175 -0.509292 -0.786574
17.376476 -84.546420 -2817.584612 6661.299050 0.548312 0.768000 -0.330954 0.672321 -0.169474 0.720599 0.497332 -0.617620 -0.609267
-12.939618 -87.250995 855.161926 827.569072 0.135658 0.955056 0.263562 0.985672 -0.157013 0.061622 0.100235 0.251426 -0.962672
-12.836361 -88.998489 -155.344654 906.440324 0.158639 0.961391 0.224857 0.983969 -0.135148 -0.116365 -0.081484 0.239712 -0.967419
-9.326974 -91.284175 1273.097681 216.676279 0.125425 0.952263 0.278323 0.981738 -0.078684 -0.173204 -0.143036 0.294965 -0.944741
-7.999998 -89.011568 2007.498985 1138.637520 0.080584 0.950153 0.301191 0.990694 -0.109604 0.080699 0.109688 0.291885 -0.950143
3.696089 -81.160199 595.784414 3122.663286 0.128204 0.961802 0.241870 0.101873 -0.255364 0.961463 -0.986502 0.098624 0.130721
74.044640 -25.775487 -11415.811976 -2236.820566 0.421297 -0.619118 0.662723 0.726137 0.668070 0.162503 -0.543354 0.412766 0.731021
48.653394 -23.701915 -6535.342122 -875.447943 0.471332 -0.363824 0.803417 0.614771 0.788698 -0.003502 -0.632379 0.495567 0.595407
86.846665 -30.025685 -11317.990899 -3467.442197 0.464567 -0.503356 0.728567 0.698877 0.713668 0.047427 -0.543828 0.487146 0.683330
8.706025 -117.805367 -1391.421383 2543.440840 0.492712 -0.168493 0.853725 0.275962 0.960690 0.030337 -0.825276 0.220648 0.519840
11.823124 -111.823143 -1233.551752 2834.602306 0.529660 -0.137073 0.837061 0.171991 0.983711 0.052259 -0.830590 0.116287 0.544608
10.199558 -113.777825 -1624.653958 -39.231143 0.507957 -0.152920 0.847700 0.016595 0.985670 0.167866 -0.861222 -0.071201 0.503216
7.975587 -117.429543 -412.258609 1088.611812 0.491866 -0.162777 0.855320 0.131461 0.984990 0.111857 -0.860689 0.057423 0.505882
7.779160 -121.941059 104.326156 275.769728 0.484116 -0.188233 0.854517 0.357570 0.933881 0.003139 -0.798608 0.304030 0.519413
8.005607 -121.661112 -280.160140 -1999.685446 0.481477 -0.205763 0.851963 0.501719 0.861737 -0.075417 -0.718650 0.463758 0.518142
50.142826 -36.840655 3888.239740 368.181646 -0.247425 0.911068 0.329751 -0.112672 0.310970 -0.943718 0.962334 0.270653 -0.025710
58.823859 -40.192971 5431.301664 1005.855708 -0.289772 0.893830 0.342198 -0.018968 0.352104 -0.935769 0.956908 0.277651 0.085075
45.844138 -43.000061 6012.981018 -510.824543 -0.401338 0.881162 0.249965 -0.056725 0.248472 -0.966977 0.914172 0.402263 0.049737
53.407961 -36.028670 -3563.100455 1569.610763 -0.048810 0.912071 0.407116 -0.061738 0.404067 -0.912643 0.996898 0.069681 -0.036587
41.731271 -40.599279 5480.664001 -1584.296859 -0.365760 0.900922 0.233579 -0.132221 0.198124 -0.971218 0.921269 0.386117 -0.046655
40.498710 -35.249126 2939.059661 -540.364763 -0.252003 0.930565 0.265599 -0.186650 0.222565 -0.956884 0.949556 0.290712 -0.117603
41.054985 -30.738748 -3499.936284 1397.991680 -0.016395 0.932918 0.359715 -0.166337 0.352205 -0.921023 0.985933 0.074934 -0.149404
25.356542 -275.440969 1433.912144 -57486.261370 -0.513873 -0.073084 -0.854747 -0.443127 0.875760 0.191526 0.734556 0.477182 -0.482415
26.745571 -229.895881 -1783.119126 -47754.219583 -0.458360 -0.049622 -0.887380 -0.234343 0.969855 0.066812 0.857315 0.238575 -0.456172
33.070749 -2946.691524 -912.459829 -1030031.078527 -0.481228 0.095420 -0.871386 -0.382233 0.871737 0.306549 0.788871 0.480593 -0.383032
26.923222 -238.045417 5678.741710 -46201.366954 -0.519883 -0.139137 -0.842830 -0.252744 0.967526 -0.003823 0.815992 0.211033 -0.538166
24.328284 -353.673370 1334.607377 53915.919083 0.568092 0.027784 0.822496 0.717216 -0.506827 -0.478255 0.403575 0.861600 -0.307851
20.471657 -309.630957 -2785.902051 56980.296824 0.555315 0.096747 0.825994 0.674015 -0.634168 -0.378861 0.487165 0.767119 -0.417372
15.872302 -289.346785 3275.986693 -56895.954840 -0.540992 -0.114018 -0.833263 -0.414821 0.898042 0.146439 0.731609 0.424878 -0.533130
3.041321 -22.529374 1643.556018 2475.727550 -0.686613 0.722858 0.077711 -0.077601 0.033411 -0.996424 0.722870 0.690188 -0.033154
-1.388649 -18.854465 170.876324 2260.389637 -0.684787 0.727269 0.046329 -0.067864 -0.000344 -0.997695 0.725576 0.686353 -0.049591
1.676061 -16.914903 1758.293432 1540.453872 -0.659671 0.708968 0.249396 -0.230638 0.124859 -0.964995 0.715291 0.694100 -0.081149
7.311543 -23.298086 3319.928889 2195.317514 -0.679704 0.711141 0.179670 -0.166856 0.088620 -0.981991 0.714256 0.697442 -0.058423
82.493977 -1755.756445 15293.576347 -620380.390560 -0.620293 -0.208749 -0.756083 0.766071 -0.368233 -0.526820 -0.168442 -0.905996 0.388329
6.395107 -494.480105 -2490.256309 -102038.620829 -0.529537 -0.257579 -0.808235 0.682160 -0.695648 -0.225237 -0.504231 -0.670617 0.544081
7.662877 -144.225599 -707.860367 -4975.042724 0.437065 -0.148397 0.887103 0.250921 0.967254 0.038179 -0.863720 0.205906 0.459989
9.295858 -157.303818 -1179.427589 834.310087 0.438665 -0.143862 0.887061 0.550346 0.823348 -0.138625 -0.710417 0.549001 0.440348
8.507847 -134.070397 200.563348 781.426892 0.460802 -0.168066 0.871445 0.402819 0.914547 -0.036624 -0.790822 0.367911 0.489125
7.050461 -124.918284 605.249272 -4448.801119 0.480928 -0.154770 0.862992 0.104297 0.987406 0.118960 -0.870535 0.032796 0.491013
8.115314 -130.120901 381.451984 -1859.227257 0.480654 -0.172584 0.859760 0.269367 0.962098 0.042536 -0.834514 0.211145 0.508924
30.936209 -47.860407 -3119.647261 -2380.113292 -0.107346 -0.180904 -0.977625 0.031718 0.982183 -0.185230 0.993716 -0.050893 -0.099696
24.632272 -43.465077 -2734.897060 -1774.544045 -0.057253 -0.140056 -0.988487 -0.057126 0.988948 -0.136813 0.996724 0.048636 -0.064621
-18.479104 -31.311059 1105.637327 -674.705761 -0.422288 0.859479 0.288044 0.202657 0.399241 -0.894168 0.883517 0.319222 0.342774
-20.496305 -33.366815 1323.377794 -720.756896 -0.435200 0.816160 0.380109 0.065591 0.449806 -0.890714 0.897942 0.362707 0.249288
-16.840888 -33.718600 1182.793825 -463.580590 -0.491770 0.781487 0.383980 0.081649 0.480434 -0.873222 0.866888 0.398073 0.300071
-22.422936 -31.684543 848.394591 -715.936297 -0.362404 0.898078 0.249236 0.176017 0.328552 -0.927940 0.915249 0.292419 0.277145
-15.586010 -31.636327 594.371193 -529.523808 -0.463221 0.831248 0.307332 0.228701 0.447155 -0.864724 0.856226 0.330271 0.397239
-16.758630 -28.872446 277.570182 -466.273301 -0.326772 0.940666 0.091475 0.386216 0.221246 -0.895482 0.862587 0.257289 0.435598
-20.715797 -30.131537 186.951597 -579.233792 -0.279846 0.959237 0.039388 0.322754 0.132640 -0.937143 0.904166 0.249543 0.346717
556.309890 -5910.835331 207767.798935 2813671.208156 0.536332 -0.278803 0.796628 0.389050 0.919274 0.059797 -0.748991 0.277858 0.601504
-28.356168 -979.685912 -23701.755340 -271618.558188 0.985571 0.120463 0.118903 -0.052241 -0.451696 0.890641 -0.160998 0.884002 0.438885
-454.053071 -539.778861 136234.133510 -136810.418314 0.987254 -0.059725 -0.147524 0.097218 -0.507591 0.856096 0.126012 0.859526 0.495314
-109.990713 -392.815705 -42487.389351 104293.977302 0.757644 -0.586448 0.286450 0.089375 -0.341533 -0.935611 -0.646519 -0.734461 0.206347
-42.696461 -1202.660218 41293.407924 337360.613314 0.941257 -0.212077 0.262791 0.220877 -0.202005 -0.954153 -0.255439 -0.956147 0.143296
-327.982855 -490.877213 -66228.634142 21063.588717 0.293507 0.109831 -0.949627 0.952983 -0.111916 0.281601 -0.075350 -0.987630 -0.137515
-283.200713 -463.360905 -20413.962205 72979.228771 0.492048 0.528210 -0.692013 0.847373 -0.108323 0.519832 0.199620 -0.842176 -0.500891
-257.654602 -326.206623 -52951.416528 -15216.571339 0.110436 0.234814 -0.965746 0.934024 0.307604 0.181600 0.339710 -0.922086 -0.185352
67.499326 -131.340058 7226.863778 3074.251318 -0.092076 0.465458 0.880267 0.991245 0.126859 0.036605 -0.094632 0.875931 -0.473064
59.909937 -132.491401 257.173517 -6354.428856 -0.088727 0.402919 0.910925 0.887408 0.447317 -0.111420 -0.452366 0.798476 -0.397243
1.712142 -163.624147 2147.200090 -2017.766143 0.718313 -0.693919 0.050023 -0.670114 -0.670758 0.317855 0.187012 0.261841 0.946819
0.542465 -166.012622 1911.443293 -1374.200313 0.721386 -0.690387 0.054478 -0.582923 -0.562855 0.585999 0.373903 0.454488 0.808478
-4.060681 -154.767768 1869.042134 -1259.572151 0.716493 -0.694259 0.068142 -0.673459 -0.662923 0.327087 0.181910 0.280247 0.942534
5.665423 -161.502409 1653.627523 -1742.506566 0.722381 -0.688728 0.061810 -0.588254 -0.565081 0.578481 0.363488 0.454244 0.813351
19.730643 -48.882310 -2609.081731 1097.502885 -0.473015 0.835098 0.280836 0.876195 0.412440 0.249350 0.092403 0.364013 -0.926799
17.239698 -46.937122 545.374784 560.607606 -0.464721 0.844907 0.264889 0.875307 0.393191 0.281492 0.133682 0.362675 -0.922278
-5.149778 -37.156920 -336.953807 122.156738 -0.414676 0.872763 -0.257545 0.868389 0.294971 -0.398613 -0.271926 -0.388944 -0.880215
-4.902924 -38.552352 -56.864251 -961.881490 -0.392765 0.883281 -0.256030 0.901061 0.313940 -0.299216 -0.183914 -0.348220 -0.919194
0.270407 -84.209902 3143.466700 -1508.853947 -0.697104 0.716349 0.029847 0.172995 0.208455 -0.962611 0.695787 0.665876 0.269239
4.679638 -86.711782 4294.262641 482.610406 -0.705615 0.707728 0.035049 0.310195 0.352983 -0.882713 0.637093 0.611984 0.468603
6.113101 -62.021906 -98.846501 1566.973586 -0.413713 0.905385 -0.095497 0.082347 -0.067250 -0.994332 0.906676 0.419232 0.046734
3.884365 -63.794369 -550.386313 -870.202888 -0.394761 0.912281 -0.109121 0.077648 -0.085216 -0.993332 0.915497 0.400602 0.037197
4.838681 -66.129774 -329.884760 4077.573416 -0.405327 0.909834 -0.088954 0.169802 -0.020683 -0.985261 0.898264 0.414457 0.146109
3.131711 -66.626511 -927.121981 3627.549562 -0.390514 0.916803 -0.083496 0.196792 -0.005467 -0.980430 0.899317 0.399303 0.178284
4.900355 -70.966371 544.954996 5717.243880 -0.435711 0.896345 -0.081986 0.223069 0.019289 -0.974612 0.872007 0.442937 0.208351
778.223758 -51.498545 217019.074201 3141.960788 -0.499420 0.857284 0.125078 0.488430 0.397850 -0.776628 0.715553 0.326772 0.617418
240.437206 -28.401552 51601.602277 3860.178161 -0.352970 0.898788 0.259986 0.504975 0.416926 -0.755760 0.787663 0.135474 0.601028
586.979937 -44.446744 159130.313257 2624.242288 -0.296523 0.872581 0.388172 0.572905 0.487720 -0.658718 0.764104 -0.027060 0.644526
36.777996 -73.710931 2663.280764 -6126.941809 -0.237484 0.906299 -0.349604 0.025634 0.365622 0.930410 -0.971053 -0.211996 0.110062
38.998110 -66.445495 1605.392686 -5687.293040 -0.322359 0.885945 -0.333445 -0.137673 0.304626 0.942470 -0.936553 -0.349720 -0.023772
-0.429016 -365.132923 2202.647263 63547.241607 -0.678009 0.717896 -0.157889 0.150197 -0.074961 -0.985810 0.719545 0.692103 0.057002
2.457509 -311.680880 2276.882485 29213.654674 -0.675511 0.729233 -0.109111 -0.102967 -0.239820 -0.965341 0.730125 0.640864 -0.237088
17.590288 -22.765551 4251.026896 1503.496491 0.222049 0.969697 -0.101895 -0.666717 0.227257 0.709819 -0.711465 0.089679 -0.696976
21.590290 -20.534540 4926.706302 117.805759 0.285595 0.948572 -0.136555 -0.615771 0.290816 0.732292 -0.734344 0.125052 -0.667159
28.912231 -23.386509 2664.913730 1248.970521 0.155944 0.978922 -0.131883 -0.622064 0.201043 0.756716 -0.767280 0.035966 -0.640303
28.860682 -23.165577 4193.449764 -2136.569633 0.236249 0.960781 -0.145212 -0.604033 0.262270 0.752568 -0.761138 0.090081 -0.642304
6.711565 -415.227997 -2509.502532 -30771.166836 0.604664 -0.775682 0.180828 0.764756 0.501981 -0.403934 0.222552 0.382534 0.896738
6.931334 -850.335086 -1657.217183 -41345.638523 0.610689 -0.773650 0.168891 0.694576 0.420904 -0.583441 0.380293 0.473609 0.794400
11.637952 -521.702677 4111.259346 66781.632325 -0.603348 0.773739 -0.193133 0.346107 0.035876 -0.937509 0.718458 0.632488 0.289442
301.859878 -7597.574458 93902.218977 461613.945076 -0.493181 0.675071 -0.548682 0.850136 0.507775 -0.139402 0.184501 -0.535205 -0.824327
-167.874087 -10253.152842 3081.539116 4114929.610803 -0.491740 0.725234 -0.481901 0.863858 0.475784 -0.165466 0.109279 -0.497660 -0.860461
22.713897 -10.302695 2526.454181 -5381.765290 -0.698778 0.715333 -0.002918 -0.074442 -0.076775 -0.994266 0.711455 0.694553 -0.106900
14.687639 -0.840670 -4078.321568 4098.039806 0.770531 -0.637397 0.002581 0.070793 0.089602 0.993459 0.633459 0.765308 -0.114164
-19.094593 -45.040139 -1188.692695 1280.074168 0.035773 0.814690 0.578793 -0.470636 0.524653 -0.709395 0.881602 0.247023 -0.402191
-18.676135 -47.033104 1493.936689 1598.714716 0.061383 0.800292 0.596460 -0.485992 0.545928 -0.682477 0.871805 0.247983 -0.422446
-17.570456 -41.222768 -574.193780 1240.475269 -0.021834 0.866750 0.498264 -0.595809 0.388931 -0.702669 0.802829 0.312213 -0.507926
-19.910316 -41.553470 -2394.977041 953.361685 -0.036433 0.864683 0.500996 -0.522305 0.410930 -0.747218 0.851980 0.288896 -0.436657
-20.650322 -44.413551 -1809.001491 1274.395014 0.043849 0.766528 0.640712 -0.398303 0.601568 -0.692439 0.916205 0.224835 -0.331689
-7.261517 -104.608600 -1036.439377 -3680.568363 -0.301711 0.952073 -0.050269 -0.219948 -0.120811 -0.968002 0.927682 0.281000 -0.245856
-173.372538 -441.050613 33841.009001 109287.968182 0.781103 0.291740 -0.552056 0.403102 0.439599 0.802659 -0.476851 0.849494 -0.225771
-26.931646 -306.082651 -1824.435470 -72993.813555 0.848468 0.141381 0.510013 0.487544 0.166140 -0.857145 0.205918 -0.975914 -0.072035
-9.087853 -269.031364 -6045.540431 -64868.019674 -0.670644 -0.098851 -0.735164 0.709686 0.202862 -0.674679 0.215830 -0.974205 -0.065895
3.200473 -217.722158 -3631.126767 -48386.862196 -0.685295 -0.076938 -0.724191 0.706889 0.168891 -0.686865 0.175156 -0.982627 -0.061353
-15.366387 -72.891532 11434.330955 -5156.579489 -0.269270 -0.901499 -0.338812 0.955757 -0.206886 -0.209110 0.118417 -0.380129 0.917322
-5.925509 -77.558394 10564.098250 3983.321458 -0.308002 -0.885033 -0.349072 0.899802 -0.151812 -0.409035 0.309016 -0.440080 0.843113
-14.054866 -77.985435 -6450.941779 13160.539956 0.315757 0.905273 0.284214 0.802478 -0.094960 -0.589077 0.506287 -0.414080 0.756446
-49.570806 -68.129669 2302.140165 -2997.156650 -0.213869 0.731681 0.647227 -0.628278 0.404314 -0.664678 0.748016 0.548793 -0.373228
-49.141238 -68.614924 832.522654 -2190.642059 -0.292135 0.710739 0.639927 -0.708888 0.288230 -0.643740 0.641978 0.641695 -0.419632
18.535895 -71.784383 371.829456 -3871.648215 0.504886 0.790545 0.346596 0.758986 -0.597827 0.257960 -0.411133 -0.132821 0.901847
14.410702 -60.576029 -936.032726 -5805.804081 0.514677 0.780943 0.353887 0.654883 -0.624473 0.425630 -0.553386 -0.012693 0.832828
10.744395 -52.448175 -668.902441 -6092.279921 0.540186 0.742144 0.396763 0.559883 -0.668924 0.488950 -0.628276 0.041983 0.776857
11.132216 -51.624372 240.030624 6031.672803 0.571115 0.686664 0.449799 -0.503738 0.725820 -0.468437 -0.648132 0.040950 0.760426
-4.681581 -43.081415 -14.409246 -91.446559 0.402072 0.819218 -0.408926 -0.479378 0.568860 0.668277 -0.780086 0.072666 -0.621438
-9.280959 -44.544332 -1447.297286 -206.144369 0.421284 0.797245 -0.432342 -0.411471 0.592843 0.692263 -0.808215 0.113743 -0.577799
-7.048200 -44.210867 -743.993899 -386.824751 0.400514 0.823340 -0.402119 -0.536571 0.566484 0.625449 -0.742752 0.034736 -0.668665
-14.997021 -46.396415 -3179.990906 -315.046323 0.436320 0.778087 -0.451891 -0.449529 0.623549 0.639617 -0.779454 0.075939 -0.621839
-18.779886 -45.650705 -3721.896007 271.600451 0.455472 0.743000 -0.490405 -0.292147 0.645102 0.706041 -0.840949 0.178311 -0.510891
38.578679 -100.503006 -6046.119190 -10040.515043 0.315270 0.902771 -0.292592 -0.839123 0.121179 -0.530272 0.443258 -0.412699 -0.795740
52.813592 -81.337795 -4773.073023 -4536.950779 0.227585 0.956230 -0.183928 -0.761840 0.057211 -0.645234 0.606469 -0.286969 -0.741514
52.412325 -73.870113 -3256.236475 1204.832231 0.227395 0.957409 -0.177931 -0.692581 0.030557 -0.720693 0.684561 -0.287114 -0.670032
48.118353 -75.827020 -2191.898091 2275.430175 0.277381 0.938507 -0.205581 -0.636792 0.019364 -0.770793 0.719414 -0.344716 -0.603005
-15.303244 -89.728220 210.018090 162.400933 0.242439 0.963722 0.111636 -0.959186 0.255367 -0.121452 0.145554 0.077635 -0.986300
-12.238832 -95.518432 -700.189394 2730.991214 0.180103 0.967640 0.176737 0.969565 -0.144341 -0.197760 -0.165850 0.206975 -0.964186
-12.238527 -100.043875 712.333155 -4112.311068 0.197881 0.964790 0.173274 -0.954310 0.149237 0.258882 -0.223908 0.216585 -0.950240
-14.197495 -93.029852 740.815321 2035.148489 0.226602 0.964264 0.137279 0.971725 -0.214217 -0.099310 -0.066353 0.155901 -0.985541
2.229502 -80.213288 497.176448 -791.654067 0.112451 0.974916 0.192077 0.408688 -0.221575 0.885369 -0.905720 0.021061 0.423353
2.414251 -78.428779 -29.867109 1375.432546 0.112395 0.967539 0.226354 0.279496 -0.249384 0.927194 -0.953546 0.040947 0.298453
16.210269 -103.642108 -433.370400 3634.015411 0.572388 -0.066507 0.817281 0.049162 0.997696 0.046758 -0.818508 0.013415 0.574339
17.664932 -107.833504 -2167.575447 -1509.065310 0.537285 -0.109036 0.836323 -0.088985 0.978745 0.184771 -0.838693 -0.173695 0.516162
46.302246 -45.099520 8175.415701 79.834642 -0.449637 0.865731 0.219855 0.051824 0.271010 -0.961180 0.891706 0.420789 0.166722
65.516116 -43.822700 7436.263847 960.623152 -0.338732 0.882007 0.327603 0.092081 0.377592 -0.921382 0.936366 0.281936 0.209119
63.418136 -42.116145 -1611.110128 1889.132800 -0.109692 0.905065 0.410883 0.043627 0.417363 -0.907692 0.993008 0.081641 0.085266
28.830759 -244.532956 -4984.911910 -62539.790668 -0.401815 0.023930 -0.915408 -0.155080 0.983441 0.093780 0.902494 0.179643 -0.391450
22.695326 -124.500207 1140.213451 -902.450696 -0.476415 -0.068549 -0.876544 -0.086117 0.995800 -0.031069 0.874993 0.060684 -0.480317
-4.452446 -6.634564 181.165805 -619.793395 -0.379720 0.526331 0.760782 -0.583847 0.501562 -0.638403 0.717590 0.686594 -0.116844
-3.671287 -7.930194 -69.380948 -737.394510 0.185248 -0.368285 -0.911070 -0.676059 0.625085 -0.390144 0.713181 0.688211 -0.133187
-4.128604 -7.163562 -62.613297 462.565189 0.113406 -0.287042 -0.951181 -0.689668 0.666396 -0.283328 0.715190 0.688130 -0.122390
-3.960872 -7.310039 431.956121 742.182784 -0.663863 0.725551 0.181279 -0.201351 0.060040 -0.977677 0.720238 0.685545 -0.106232
-5.163409 -6.070591 -399.704235 194.750678 0.323694 -0.470739 -0.820748 -0.617316 0.552314 -0.560242 0.717038 0.688007 -0.111814
14.734548 -642.941009 5107.222235 -141856.665320 -0.540679 -0.226873 -0.810059 0.831289 -0.291684 -0.473158 -0.128934 -0.929220 0.346304
7.488222 -448.169025 5283.681505 59469.865227 0.486101 0.263690 0.833170 -0.512971 0.857957 0.027750 -0.707507 -0.440882 0.552320
11.363927 -493.535717 8742.521485 6409.363881 0.573314 0.204529 0.793397 -0.387709 0.920788 0.042793 -0.721798 -0.332141 0.607198
-18.829048 -34.541651 1509.949184 -334.298327 -0.478708 0.764201 0.432245 -0.026968 0.479290 -0.877242 0.877560 0.431600 0.208831
-22.568584 -33.852797 1413.078941 -119.355468 -0.416527 0.812295 0.408268 -0.046886 0.429287 -0.901950 0.907914 0.394828 0.140725
-25.012801 -32.821490 1045.210749 -670.888795 -0.355875 0.892265 0.277880 0.083895 0.326648 -0.941415 0.930760 0.311713 0.191102
-276.085646 -474.864119 -31745.849541 -2963.312063 0.347800 0.448824 -0.823160 0.906610 -0.384754 0.173273 -0.238945 -0.806549 -0.540725
-10.566619 -39.318262 -8458.223810 3593.715321 0.237574 0.936445 -0.258127 -0.740842 0.346549 0.575375 -0.628261 -0.054537 -0.776089
-11.369420 -51.187519 -6691.229711 -3781.151266 0.229567 0.949999 -0.211662 -0.714891 0.312159 0.625690 -0.660477 -0.007678 -0.750807
