11938
23863
-26.883341 -39.394583 -1434.582459 3168.835210 -0.015642 0.999092 -0.039621 0.556043 0.041625 0.830110 -0.831006 0.009046 0.556190
-35.095615 -49.262541 -906.483476 3347.208261 -0.033957 0.978119 -0.205256 0.422732 0.200155 0.883875 -0.905618 0.056754 0.420279
-27.628789 -55.333561 -2258.984954 6101.861065 -0.204856 0.912570 -0.353907 0.420465 0.408561 0.810116 -0.883880 -0.017152 0.467400
-29.504141 -39.005192 296.134347 2262.920886 0.279995 0.931743 0.231208 0.465300 -0.342376 0.816257 -0.839702 0.120967 0.529404
-21.672263 -47.390845 -3446.508470 5889.045516 -0.269161 0.919603 -0.286151 0.527684 0.389365 0.754947 -0.805668 -0.052205 0.590062
-19.841613 -31.146385 -2315.042675 1976.522446 -0.012555 0.998686 0.049690 0.656300 -0.029261 0.753932 -0.754395 -0.042077 0.655071
-22.516010 -31.490430 -299.323995 2144.846063 0.324172 0.883073 0.339256 0.529235 -0.466544 0.708694 -0.784106 0.050193 0.618594
-34.754431 -53.840450 444.415831 1887.331586 0.412821 0.881588 0.228870 0.102649 -0.294713 0.950057 -0.905009 0.368710 0.212158
-32.248786 -49.061491 405.671761 2210.157355 0.515561 0.766773 0.382435 0.147816 -0.519223 0.841759 -0.844007 0.377448 0.381033
-34.459167 -53.848390 112.821059 1714.348663 0.507719 0.799827 0.320153 0.018358 -0.381573 0.924156 -0.861327 0.463334 0.208415
-37.215666 -57.372659 -49.840564 627.514443 0.428392 0.872434 0.235243 -0.100503 -0.212722 0.971930 -0.897986 0.440010 0.003446
-44.386409 -65.503338 -871.841761 -251.017353 0.014734 0.130519 0.991336 -0.408392 0.905762 -0.113182 -0.912688 -0.403187 0.066649
-46.532557 -65.499642 93.440381 -583.961765 0.164916 0.176179 0.970445 -0.441368 0.893086 -0.087129 -0.882042 -0.413954 0.225044
-45.721377 -62.935384 -151.236561 2403.346146 0.119750 0.183960 0.975612 -0.207075 0.965698 -0.156674 -0.970969 -0.183263 0.153736
-42.875188 -63.112126 -1306.184540 2693.358008 -0.034043 0.075728 0.996547 -0.192509 0.977955 -0.080892 -0.980704 -0.194598 -0.018714
-37.473872 -63.625728 -2453.305789 806.033902 -0.161720 0.083130 0.983329 -0.341975 0.929981 -0.134862 -0.925689 -0.358084 -0.121968
2.435381 -27.643395 262.869676 -2231.146578 0.230435 -0.383742 -0.894227 -0.117170 0.901330 -0.416983 0.966008 0.200864 0.162735
-1.709812 -23.916435 720.504182 -2281.059141 0.222147 -0.508749 -0.831760 0.001746 0.853282 -0.521447 0.975012 0.114386 0.190442
-0.209467 -22.388863 295.964903 -3161.643470 0.222629 -0.383209 -0.896430 -0.020530 0.917460 -0.397298 0.974687 0.106854 0.196386
1.498492 -25.149762 119.833019 -3377.467014 0.214700 -0.275743 -0.936947 -0.078864 0.951291 -0.298036 0.973491 0.137880 0.182496
-5.514953 -30.236381 -180.505787 -351.568510 -0.249484 0.952319 0.175633 0.811201 0.106471 0.574992 -0.528876 -0.285925 0.799085
-4.700607 -30.545021 -129.624598 -376.739492 -0.258579 0.947200 0.189603 0.814779 0.108423 0.569543 -0.518914 -0.301756 0.799795
-5.028697 -31.277051 -126.582275 -1496.138702 -0.268595 0.946642 0.178115 0.830848 0.134118 0.540097 -0.487390 -0.293054 0.822539
-4.919882 -29.636265 -339.241699 -572.181572 -0.226806 0.956291 0.184572 0.859700 0.107517 0.499356 -0.457685 -0.271934 0.846508
-6.356017 -29.631600 -412.457271 -427.657819 -0.233810 0.958869 0.160942 0.823531 0.107314 0.557029 -0.516846 -0.262780 0.814749
0.953225 -35.880257 -534.575732 220.059474 -0.355367 0.918492 -0.173455 0.932571 0.360985 0.000904 0.063445 -0.161438 -0.984841
1.672577 -36.539931 -249.103541 48.348764 -0.379242 0.911044 -0.161783 0.921732 0.356626 -0.152409 -0.081156 -0.206921 -0.974986
0.374457 -35.648141 -359.784983 233.650429 -0.378037 0.909662 -0.172058 0.924512 0.361171 -0.121794 -0.048649 -0.205112 -0.977529
-0.082944 -34.593631 -291.777843 395.976597 -0.358631 0.918743 -0.165214 0.931001 0.364921 0.008368 0.067978 -0.150813 -0.986222
-0.227222 -55.600797 -86.993612 901.385805 -0.453605 0.887324 -0.083059 -0.880723 -0.460570 -0.110460 0.136269 -0.023047 -0.990404
0.017532 -50.765417 44.548450 -1262.965089 -0.492753 0.866251 -0.082482 0.870144 0.491243 -0.039111 0.006639 -0.091043 -0.995825
0.273693 -52.981500 314.186260 394.095126 -0.448524 0.891075 -0.069359 -0.883696 -0.453750 -0.114861 0.133822 -0.009774 -0.990957
1.179993 -52.980439 355.373904 370.516344 -0.405482 0.912011 -0.061802 -0.877766 -0.407346 -0.252182 0.255168 0.048007 -0.965704
0.187649 -57.254091 210.422525 158.591128 -0.406977 0.911373 -0.061386 -0.868258 -0.406847 -0.283910 0.283723 0.062246 -0.956884
0.136223 -94.548526 -417.797496 3753.072716 -0.231682 0.955723 -0.181429 -0.896128 -0.137109 0.422086 -0.378521 -0.260373 -0.888216
-0.235880 -99.247490 -114.820156 -1139.627923 -0.220775 0.960820 -0.167579 0.960988 0.184943 -0.205665 -0.166614 -0.206447 -0.964168
-0.173970 -105.899831 -557.558910 -859.358072 -0.212510 0.959185 -0.186559 0.971824 0.187538 -0.142786 -0.101972 -0.211646 -0.972012
1.498938 -114.782385 -291.278540 -706.093322 -0.197532 0.967054 -0.160586 0.978833 0.185625 -0.086194 -0.053546 -0.174213 -0.983251
0.948991 -102.609642 -413.505310 4632.096698 -0.218208 0.959912 -0.175937 -0.906250 -0.132427 0.401464 -0.362072 -0.247045 -0.898817
1.025633 -84.429663 -126.433077 2592.977508 -0.286212 -0.130866 0.949187 0.800540 -0.577014 0.161836 0.526516 0.806182 0.269912
2.553545 -86.453024 -444.281451 2219.086523 -0.255621 -0.144547 0.955910 0.866415 -0.472936 0.160174 0.428932 0.869159 0.246130
2.661607 -94.910268 -285.692485 2923.957510 -0.261884 -0.138195 0.955154 0.925795 -0.315539 0.208181 0.272619 0.938796 0.210575
2.495519 -97.216601 39.130692 3144.777668 -0.270970 -0.131340 0.953586 0.941656 -0.241636 0.234299 0.199648 0.961437 0.189153
1.055395 -89.140064 -15.863839 2627.128404 -0.285836 -0.128726 0.949593 0.859732 -0.472145 0.194783 0.423272 0.872071 0.245625
3.564397 -99.929693 -880.811110 1603.157135 -0.250565 -0.122882 0.960269 0.967833 -0.008520 0.251449 -0.022717 0.992385 0.121064
4.255999 -98.364582 -558.487026 2312.098418 -0.245352 -0.145076 0.958517 0.969424 -0.041241 0.241902 0.004436 0.988561 0.150759
-8.830637 -64.114061 -431.711042 355.029697 -0.144923 0.989418 -0.007009 -0.114361 -0.023786 -0.993155 0.982812 0.143129 -0.116598
-11.132829 -63.968635 -494.474604 -282.721516 -0.176003 0.984355 -0.008247 -0.203516 -0.044583 -0.978056 0.963122 0.170463 -0.208178
-9.856363 -65.430515 -151.867155 -57.034124 -0.178644 0.983856 0.010620 0.024438 0.015227 -0.999585 0.983610 0.178310 0.026764
-10.828035 -70.530644 -124.027024 -1146.926093 -0.212328 0.976354 -0.040619 -0.788894 -0.195795 -0.582504 0.576683 0.091637 -0.811813
-10.601298 -69.558176 -136.907868 -737.678381 -0.189582 0.980655 -0.048728 -0.639082 -0.160920 -0.752116 0.745408 0.111447 -0.657227
-9.315546 -74.319083 -466.993474 -1310.462785 -0.179571 0.979657 -0.089592 -0.779487 -0.197253 -0.594551 0.600128 0.036929 -0.799051
-9.929668 -74.218343 -297.526982 -1823.065775 -0.200848 0.976960 -0.072173 -0.872722 -0.211910 -0.439829 0.444989 0.025352 -0.895177
5.311544 -122.875000 707.520576 8542.295522 -0.275587 -0.077811 0.958122 0.852594 -0.480155 0.206239 0.443999 0.873726 0.198666
3.430859 -112.469196 401.766556 4125.214852 -0.258192 -0.097175 0.961194 0.931571 -0.288636 0.221054 0.255954 0.952495 0.165049
5.186468 -131.918417 589.629848 5482.653125 -0.233872 -0.083555 0.968670 0.961210 -0.169697 0.217434 0.146213 0.981948 0.120002
7.599243 -150.170813 476.208740 10773.061062 -0.234626 -0.050663 0.970765 0.945284 -0.244775 0.215693 0.226691 0.968255 0.105322
-7.685884 -14.992515 -738.132393 616.362826 -0.584652 0.741260 -0.329720 -0.092232 0.343052 0.934777 -0.806024 -0.576930 0.132198
-2.938591 -13.028717 -1490.289418 -319.271584 -0.550536 0.588768 -0.591829 -0.228288 0.575737 0.785119 -0.802991 -0.567343 0.182555
-8.066814 -14.779159 -1162.832212 -304.237090 -0.548325 0.632398 -0.547186 -0.195222 0.539444 0.819078 -0.813159 -0.555943 0.172333
-12.599224 -17.254203 -1063.798336 162.249174 -0.543405 0.750218 -0.376675 -0.108230 0.382350 0.917657 -0.832465 -0.539427 0.126575
-10.424593 -16.781926 1200.178695 -712.711666 0.493188 -0.539837 0.682160 -0.255269 0.659834 0.706723 -0.831627 -0.522681 0.187619
107.595445 -422.452179 14426.580363 -251908.725843 0.636064 -0.187299 0.748560 0.715069 0.507656 -0.480585 -0.289998 0.840955 0.456833
95.504630 -2886.581755 9345.989696 -1469520.248558 0.373402 -0.213740 0.902710 0.809452 0.550425 -0.204499 -0.453165 0.807061 0.378542
-96.822889 -1099.251956 27294.481996 317495.806084 -0.202859 0.053950 -0.977721 -0.366780 0.921605 0.126953 0.907921 0.384362 -0.167169
22.802275 -8607.045831 -7981.844379 -2219372.379253 0.151633 -0.260832 0.953401 0.805285 -0.526722 -0.272177 0.573169 0.809031 0.130176
30898.753990 2005.677803 24316677.938448 -465761.375894 0.087631 0.976290 0.197936 0.866093 -0.172837 0.469053 -0.492143 -0.130328 0.860703
41.311153 -1111.180854 7247.233647 385243.180033 -0.264504 0.145116 -0.953404 -0.261292 0.940852 0.215696 0.928312 0.306169 -0.210941
-2.224636 -78.816745 -35.099384 3423.074835 0.283469 0.096313 -0.954133 0.051345 0.991993 0.115389 0.957606 -0.081699 0.276254
-1.621085 -68.395619 -118.357502 1817.374557 0.272916 0.128612 -0.953402 -0.143664 0.985360 0.091798 0.951251 0.111916 0.287397
-1.688617 -69.838506 5.978805 1216.924716 0.282127 0.119847 -0.951862 -0.159448 0.984225 0.076662 0.946034 0.130144 0.296786
-15.990914 -48.712162 2600.127158 -614.768556 0.410065 0.862744 0.295835 0.439211 -0.471069 0.764976 -0.799337 0.183756 0.572096
-24.264701 -49.396212 3083.154739 -1130.859436 0.395347 0.831159 0.390992 0.332892 -0.526383 0.782371 -0.856086 0.179150 0.484790
-28.739386 -51.959761 2658.302133 -243.270102 0.430824 0.769540 0.471379 0.453266 -0.636198 0.624341 -0.780346 0.055321 0.622896
-18.985280 -48.176651 2346.306473 427.369015 0.421125 0.847068 0.324237 0.560359 -0.524081 0.641355 -0.713198 0.088401 0.695366
-7.522689 -47.571756 2505.417129 -98.417563 0.401606 0.889473 0.218062 0.531437 -0.420263 0.735496 -0.745847 0.179493 0.641479
-0.955154 -31.296361 -509.152086 103.588950 -0.318744 0.920556 0.225783 0.867135 0.187025 0.461627 -0.382727 -0.342925 0.857859
-0.387992 -30.919403 727.287305 -92.798980 0.299744 -0.920430 -0.250923 0.919626 0.208779 0.332715 -0.253853 -0.330485 0.909032
-1.363826 -30.608051 -442.852628 -631.268769 -0.291198 0.925748 0.241233 0.876057 0.156736 0.456024 -0.384353 -0.344128 0.856650
-1.955569 -30.822783 16.392744 515.965303 -0.295422 0.930480 0.216640 0.840462 0.145300 0.522027 -0.454258 -0.336296 0.824957
-2.420445 -30.966326 153.785248 -715.330075 -0.270692 0.936832 0.221521 0.865354 0.135981 0.482361 -0.421769 -0.322265 0.847500
-3.283489 -37.460533 1608.811211 -558.916880 -0.047948 0.997619 -0.049572 0.580518 0.068219 0.811385 -0.812835 -0.010126 0.582407
-6.425782 -36.395545 915.550874 477.820305 -0.112534 0.992941 -0.037479 0.694752 0.105593 0.711456 -0.710391 -0.054024 0.701731
-4.032652 -39.587394 304.075167 -844.679266 -0.102379 0.993684 -0.045937 0.675266 0.103334 0.730300 -0.730434 -0.043748 0.681580
-1.210057 -40.540974 601.412555 -1757.585468 -0.100073 0.992380 -0.071890 0.567189 0.116261 0.815341 -0.817485 -0.040818 0.574501
2.161452 -34.391278 1749.215577 -930.045824 -0.083890 0.989281 -0.119519 0.447994 0.144580 0.882269 -0.890092 -0.020469 0.455321
3.897270 -202.136667 -1393.403589 20673.749547 0.439724 0.883563 -0.161120 0.886602 -0.398382 0.235008 0.143457 -0.246188 -0.958547
5.885365 -189.685845 113.210016 21294.148128 0.495344 0.861532 -0.111345 0.837333 -0.439390 0.325285 0.231319 -0.254361 -0.939038
2.698358 -241.746906 -424.172066 -3358.615646 0.448605 0.887784 -0.102923 -0.884189 0.457646 0.093648 -0.130241 -0.048992 -0.990271
8.578970 -180.375117 1230.725618 -31548.019380 0.531390 0.838887 -0.117871 -0.703259 0.359279 -0.613469 0.472283 -0.408885 -0.780872
-1.939117 -128.897293 -2031.769072 -1137.920700 0.479603 0.853664 -0.203074 0.866569 -0.497170 -0.043365 -0.137982 -0.155179 -0.978203
8.817240 -125.119236 -935.997469 5043.622387 0.574100 0.789689 -0.216333 0.798954 -0.482489 0.358995 0.179116 -0.378939 -0.907922
10.740132 -169.006192 -360.359031 23765.399275 0.552685 0.805220 -0.214848 0.705105 -0.314377 0.635605 0.444259 -0.502779 -0.741516
-11.559370 -36.213945 -601.355538 924.785170 -0.158856 0.982695 0.095269 0.547258 0.007329 0.836932 -0.821750 -0.185089 0.538952
-10.022611 -37.407823 -985.456662 883.453721 -0.180225 0.973507 0.140724 0.464815 -0.041795 0.884421 -0.866871 -0.224806 0.444968
-8.875756 -34.766228 -1179.664943 854.731508 -0.217275 0.967660 0.128159 0.537598 0.009042 0.843153 -0.814727 -0.252094 0.522177
-17.991219 -47.462002 845.509829 6251.871512 0.079796 0.947775 -0.308798 -0.916295 0.191714 0.351638 -0.392474 -0.254891 -0.883739
-20.681561 -53.121539 -1407.024230 -2262.975257 0.058602 0.917036 -0.394474 0.957633 -0.163253 -0.237252 -0.281968 -0.363858 -0.887751
-19.414290 -38.974611 -870.679873 8531.553352 0.109682 0.902470 -0.416554 -0.848079 0.303538 0.434312 -0.518394 -0.305634 -0.798658
7.421677 -29.438677 -515.109686 648.628160 -0.362333 0.925206 0.112736 -0.880992 -0.379453 0.282611 -0.304251 -0.003080 -0.952587
6.594550 -30.607519 -769.329623 709.816974 -0.314962 0.946144 0.074899 -0.895952 -0.322434 0.305461 -0.313160 -0.029102 -0.949254
8.114818 -33.061367 -936.530092 605.609277 -0.360325 0.929085 0.083465 -0.910894 -0.369730 0.183224 -0.201091 0.010007 -0.979522
8.240105 -30.773354 -72.900235 569.697685 -0.398843 0.903432 0.157273 -0.883371 -0.424548 0.198531 -0.246129 0.059748 -0.967394
5.111971 -26.342179 473.368294 754.750582 -0.385570 0.905169 0.178899 -0.840462 -0.424555 0.336715 -0.380736 0.020531 -0.924456
-10.116881 -27.143842 -813.197686 -313.231509 -0.382269 0.923726 0.024526 -0.741514 -0.290810 -0.604638 0.551387 0.249321 -0.796123
-5.683632 -26.176623 -978.557919 -501.674250 -0.332661 0.942841 0.019670 -0.759566 -0.255517 -0.598139 0.558925 0.213918 -0.801151
-8.525908 -28.461539 -755.686592 -333.381626 -0.336020 0.940747 0.045671 -0.816280 -0.266687 -0.512411 0.469869 0.209461 -0.857525
-12.619255 -28.838424 -690.572249 -262.521013 -0.398310 0.915149 0.062054 -0.771704 -0.297771 -0.561966 0.495805 0.271724 -0.824829
-1.022660 -34.027640 -980.242797 -845.611284 0.021601 0.921431 -0.387942 0.987491 0.040955 0.152261 0.156186 -0.386378 -0.909020
1.321423 -32.334047 -363.420166 -722.216470 0.029679 0.928092 -0.371167 0.988128 0.028757 0.150919 0.150740 -0.371240 -0.916220
0.504484 -29.183995 -216.385148 -592.117362 0.037548 0.927934 -0.370849 0.998606 -0.021062 0.048407 0.037108 -0.372149 -0.927431
1.478872 -29.851055 206.925353 -401.365577 0.010602 0.936554 -0.350364 0.996358 0.019751 0.082948 0.084606 -0.349967 -0.932933
-0.820951 -29.760950 -718.869107 -719.701718 0.059430 0.924258 -0.377114 0.998055 -0.047896 0.039898 0.018813 -0.378752 -0.925307
-0.613864 -29.650310 -126.990684 -471.015347 0.043212 0.930740 -0.363119 0.995852 -0.069255 -0.059005 -0.080066 -0.359063 -0.929873
-0.411158 -29.945139 324.746784 155.746975 0.000872 0.937818 -0.347127 0.998528 -0.019643 -0.050560 -0.054235 -0.346572 -0.936454
-0.871127 -41.640687 -358.516758 2121.255167 -0.272899 0.906835 -0.321212 0.955776 0.217516 -0.197936 -0.109627 -0.361023 -0.926091
-0.891379 -38.001557 -25.910874 1675.577973 -0.244956 0.915704 -0.318565 0.965936 0.202214 -0.161485 -0.083454 -0.347270 -0.934044
-0.705263 -35.285350 -231.092005 844.329391 -0.232890 0.917340 -0.322878 0.972384 0.224844 -0.062563 0.015206 -0.328532 -0.944371
-0.299457 -39.474597 -382.495060 1599.797185 -0.264032 0.910590 -0.317982 0.963119 0.231186 -0.137677 -0.051854 -0.342606 -0.938047
0.408616 -37.023554 -349.480927 625.003262 -0.227959 0.919512 -0.320207 0.971489 0.236800 -0.011616 0.065144 -0.313726 -0.947276
0.564008 -32.472860 231.573666 -162.172604 -0.186577 0.928335 -0.321533 0.977028 0.209637 0.038324 0.102983 -0.306997 -0.946122
0.375442 -35.266680 -186.709091 -569.378094 -0.179484 0.930630 -0.318925 0.972252 0.217247 0.086770 0.150037 -0.294501 -0.943800
13.769264 -94.904764 560.380900 914.384157 0.282917 -0.959118 0.007130 0.959130 0.282865 -0.007596 0.005269 0.008988 0.999946
19.321997 -91.056702 -102.523772 5267.514695 -0.320968 0.946539 -0.032314 0.916566 0.301850 -0.262285 0.238509 0.113803 0.964449
16.279936 -94.342193 -975.240696 5392.258740 -0.288341 0.957359 0.017987 0.918114 0.281757 -0.278712 0.271895 0.063850 0.960206
256.420127 -44.743449 63255.831113 -2576.452664 -0.156558 0.987502 -0.018165 0.987406 0.156065 -0.025940 0.022781 0.021998 0.999498
430.277996 -109.837408 106419.222176 -12760.502115 0.002262 0.999416 0.034099 0.996574 -0.005072 0.082550 -0.082675 -0.033796 0.996003
84.488773 -26.058430 -20980.097109 -494.977252 -0.008418 -0.992940 0.118322 0.999706 -0.005663 0.023595 -0.022758 0.118486 0.992695
56.440553 -29.420285 -16512.926657 -1948.696022 -0.021309 -0.985644 0.167485 0.999326 -0.026009 -0.025919 0.029903 0.166820 0.985534
-12.007888 -35.524231 -597.616941 121.093238 0.017469 0.980576 -0.195359 -0.953157 -0.042679 -0.299451 0.301973 -0.191439 -0.933897
-9.196708 -36.789211 -485.786478 -614.613173 -0.005200 0.974617 -0.223818 -0.932289 -0.085677 -0.351421 0.361677 -0.206836 -0.909070
-9.507258 -34.954229 -886.226847 -2449.892258 -0.018422 0.968314 -0.249056 0.980515 0.066223 0.184944 0.195577 -0.240797 -0.950667
-10.410845 -38.400381 17.716022 -1098.063365 -0.016014 0.980603 -0.195348 -0.873395 -0.108829 -0.474698 0.486749 -0.163014 -0.858197
-11.375304 -33.182744 -1048.353867 -2305.471377 0.013647 0.972746 -0.231473 0.992675 0.014611 0.119929 0.120042 -0.231414 -0.965421
-13.343219 -38.250743 -1028.686513 -2125.858661 0.021154 0.983070 -0.182007 -0.888246 -0.065077 -0.454735 0.458881 -0.171287 -0.871831
-30.454468 -35.803115 4498.267735 1810.537452 0.333604 0.930873 -0.148944 -0.362592 0.272542 0.891206 -0.870193 0.243303 -0.428448
-36.494958 -44.278506 1648.206672 4935.121179 -0.353976 0.111558 0.928577 0.172621 0.983595 -0.052364 -0.919186 0.141756 -0.367426
-28.009887 -32.936539 3280.479587 -1741.767966 0.001083 0.783810 0.621000 -0.405961 -0.567182 0.716590 -0.913890 0.252878 -0.317582
-17.467651 -32.099882 3394.869600 1429.869092 0.332366 0.942935 0.020152 -0.394455 0.119565 0.911103 -0.856702 0.310769 -0.411685
-15.569474 -25.916666 2361.304260 482.162833 0.221995 0.928891 0.296444 -0.372213 -0.200274 0.906282 -0.901208 0.311530 -0.301285
12.465010 -20.055451 -2087.507922 1322.035601 -0.561446 0.807862 0.179269 -0.424792 -0.467279 0.775372 -0.710163 -0.359177 -0.605525
15.384819 -16.741246 -596.675590 107.843533 -0.539971 0.804964 0.245894 -0.378106 -0.492994 0.783577 -0.751976 -0.330135 -0.570564
8.237709 -18.523397 -2525.734886 1201.958573 -0.674135 0.694268 0.252061 -0.308232 -0.574565 0.758201 -0.671220 -0.433436 -0.601330
9.612778 -16.012279 -2376.608679 1471.277615 -0.722559 0.628473 0.287975 -0.210407 -0.596731 0.774365 -0.658511 -0.498933 -0.563409
3.697198 -22.149770 -1149.123790 1748.666704 -0.628425 0.733299 0.259528 -0.377329 -0.579127 0.722658 -0.680224 -0.356209 -0.640633
3.953112 -19.910974 -1096.632863 -1647.706725 -0.698263 0.625465 0.348170 0.253254 0.670769 -0.697088 -0.669546 -0.398575 -0.626775
7.100423 -17.703982 -2155.659999 -978.391777 -0.724304 0.606970 0.327066 0.225598 0.656884 -0.719450 -0.651529 -0.447315 -0.612715
-8.831839 -33.288185 -210.758967 740.940813 -0.172026 0.980115 -0.098903 0.099391 0.117156 0.988127 -0.980066 -0.160153 0.117568
-10.531461 -33.582713 -201.097038 207.061932 -0.135994 0.978585 -0.154521 0.063429 0.164250 0.984377 -0.988677 -0.124068 0.084408
-8.689934 -33.470007 -95.914801 281.178279 -0.156379 0.979625 -0.126017 -0.024749 0.123660 0.992016 -0.987387 -0.158250 -0.004907
-7.553338 -34.013750 -271.519446 423.898682 -0.202363 0.974657 -0.095353 -0.003781 0.096589 0.995317 -0.979303 -0.201776 0.015861
-8.483716 -35.815477 72.948553 183.788502 -0.151180 0.977463 -0.147342 -0.145485 0.125431 0.981377 -0.977742 -0.169801 -0.123243
-7.610953 -36.462371 -236.856383 148.579775 -0.190302 0.973665 -0.125545 -0.132528 0.101232 0.985996 -0.972739 -0.204275 -0.109773
9.027158 -378.515082 -417.981545 63846.630539 0.039185 0.545456 0.837223 0.857323 0.412043 -0.308574 -0.513286 0.729862 -0.451486
-3.589748 -186.227604 -381.289685 -2353.140111 -0.091065 0.486019 0.869191 0.990767 0.132246 0.029855 -0.100437 0.863884 -0.493575
-9.332158 -171.078171 2440.400004 15074.020618 0.080217 0.508929 0.857063 0.933432 0.263278 -0.243701 -0.349672 0.819559 -0.453931
3.156687 -285.742548 2436.372812 38110.724091 0.144943 0.519640 0.842001 0.703386 0.544385 -0.457048 -0.695873 0.658498 -0.286603
-11.908092 -110.716794 2739.956923 1133.702631 -0.093270 0.445160 0.890580 0.986331 0.163347 0.021648 -0.135836 0.880426 -0.454311
-88.175489 -139.462225 1744.531041 29568.573313 0.912300 0.317789 -0.258299 0.062748 0.514812 0.855004 -0.404686 0.796228 -0.449723
-11.684026 -229.944558 4696.755608 42310.303769 0.232732 0.572656 0.786067 0.790623 0.359278 -0.495818 -0.566349 0.736875 -0.369139
7.399896 -47.091367 -1998.086715 -577.560417 -0.111229 -0.202347 -0.972977 0.024639 0.978190 -0.206247 0.993489 -0.046914 -0.103817
0.484698 -51.006345 -674.670943 394.684460 -0.127982 -0.322178 -0.937988 -0.097312 0.945282 -0.311405 0.986991 0.051424 -0.152331
1.872753 -47.695551 -1280.745257 -111.161808 -0.123977 -0.264563 -0.956366 -0.135347 0.959303 -0.247830 0.983011 0.098716 -0.154739
6.859073 -46.289098 -1524.413935 -525.158515 -0.141320 -0.147282 -0.978947 -0.090208 0.986673 -0.135422 0.985845 0.069171 -0.152722
-120.873734 -1514.834454 -12863.810137 279297.882872 0.944574 0.328136 0.010361 0.137792 -0.367609 -0.919716 0.297983 -0.870167 0.392449
-217.757306 -496.714197 59536.010367 271886.312699 0.903344 0.425392 -0.054880 -0.098797 0.081856 -0.991735 0.417384 -0.901300 -0.115972
-442.957823 -2865.307551 120921.507264 -874778.203527 0.808777 -0.352321 -0.470903 -0.404044 0.248954 -0.880210 -0.427350 -0.902160 -0.058995
-106.029879 -340.176204 13843.411343 94794.442579 0.843676 0.380197 0.379028 0.507236 -0.333263 -0.794763 0.175850 -0.862778 0.474015
-96.081838 -376.737891 8835.202454 60015.297882 0.919627 0.389446 0.051161 0.287302 -0.578100 -0.763713 0.267849 -0.717031 0.643525
-3.854521 -155.125917 -2467.006035 12643.264524 0.438366 0.897725 0.043879 0.709638 -0.375656 0.596067 -0.551588 0.230157 0.801735
5.916173 -139.451274 -1189.646671 -327.079115 0.567707 0.813522 0.126056 0.754467 -0.575417 0.315715 -0.329376 0.084129 0.940443
-2.662598 -106.270918 -2264.136921 -5330.271758 0.604617 0.769669 0.205054 0.689038 -0.634551 0.350103 -0.399581 0.070389 0.913992
-12.304133 -87.297077 -2443.062491 3200.944156 0.477964 0.876004 0.064558 0.685227 -0.417836 0.596555 -0.549559 0.240895 0.799972
0.347149 -176.461524 33.204701 26847.205718 0.349732 0.935274 -0.054313 0.595177 -0.177038 0.783851 -0.723500 0.306463 0.618570
-36.682972 -59.497611 -1159.577371 2969.380234 -0.129224 0.894341 -0.428316 0.220482 0.447039 0.866916 -0.966793 -0.017591 0.254954
-39.700163 -55.313554 466.022317 2338.719037 0.068392 0.987744 -0.140300 0.272992 0.116734 0.954908 -0.959582 0.103609 0.261663
-32.603189 -47.334131 345.178027 2564.440688 0.250225 0.957368 0.144339 0.360399 -0.230471 0.903878 -0.898610 0.174153 0.402704
-46.117780 -64.015554 379.156781 721.557054 0.260345 0.254641 0.931332 -0.348557 0.924334 -0.155291 -0.900405 -0.284193 0.329403
-45.960282 -58.069243 271.405306 -3567.627571 0.296112 0.172840 0.939385 -0.561986 0.826768 0.025029 -0.772328 -0.535332 0.341949
1.026040 -26.177941 637.462921 -517.665849 0.243878 -0.523068 -0.816654 -0.148129 0.812108 -0.564392 0.958426 0.258613 0.120574
-3.621094 -27.063522 871.121783 -2155.523413 0.242444 -0.592891 -0.767920 -0.018857 0.788506 -0.614738 0.969982 0.163520 0.179988
-6.153863 -22.023848 1018.931218 -1970.977460 0.229367 -0.634184 -0.738377 0.075993 0.767954 -0.635981 0.970369 0.089762 0.224336
-5.898304 -16.472575 734.280616 -1066.411040 0.210260 -0.680426 -0.702005 0.126040 0.730931 -0.670712 0.969487 0.052543 0.239447
-3.004049 -30.320009 -473.657156 -342.521525 -0.280433 0.935019 0.217018 0.823941 0.118501 0.554146 -0.492420 -0.334212 0.803632
-3.473820 -28.399298 -338.337832 717.415671 -0.247300 0.943629 0.220014 0.802703 0.072343 0.591975 -0.542689 -0.323001 0.775344
-3.315951 -29.890309 -331.542870 279.915300 -0.287370 0.934625 0.209508 0.747824 0.082260 0.658781 -0.598480 -0.345989 0.722574
-2.568622 -28.302059 100.325705 759.298259 -0.274750 0.937392 0.214031 0.816900 0.110164 0.566161 -0.507137 -0.330394 0.796023
-3.737434 -33.644216 101.760303 1009.216762 -0.313541 0.935572 0.162472 0.652426 0.087929 0.752734 -0.689951 -0.342014 0.637961
-3.298004 -29.974144 405.028108 684.252026 -0.286778 0.938832 0.190663 0.745556 0.093740 0.659818 -0.601585 -0.331372 0.726834
-3.292835 -31.729680 -625.850534 407.356475 -0.303433 0.934063 0.188295 0.650250 0.058541 0.757461 -0.696493 -0.352278 0.625138
2.329082 -36.708481 -362.033429 -330.824421 -0.393131 0.905846 -0.157766 0.899990 0.343949 -0.267800 -0.188322 -0.247268 -0.950470
1.628680 -36.360725 -314.928069 -269.580752 -0.394460 0.904122 -0.164209 0.894464 0.336837 -0.294066 -0.210560 -0.262876 -0.941573
2.065377 -36.573838 -474.260199 86.208562 -0.404547 0.900034 -0.162111 0.866958 0.321015 -0.381226 -0.291077 -0.294767 -0.910158
2.790645 -36.852110 -264.702288 -174.595163 -0.384769 0.910274 -0.152822 0.919994 0.364837 -0.143195 -0.074592 -0.195693 -0.977824
3.339536 -37.492430 -89.019852 -534.112148 -0.398389 0.906273 -0.141261 0.902211 0.359453 -0.238345 -0.165229 -0.222401 -0.960852
2.265952 -37.415439 -100.380154 211.460541 -0.404764 0.903590 -0.140323 -0.870076 -0.333365 0.363091 -0.281307 -0.269058 -0.921127
-1.215870 -55.214827 -139.090381 -2474.595131 -0.486055 0.868026 -0.101396 0.873926 0.483056 -0.053958 0.002142 -0.114839 -0.993382
-0.689079 -48.497604 -505.247133 -2449.647938 -0.516829 0.849637 -0.104902 0.849522 0.493853 -0.185529 -0.105826 -0.185003 -0.977023
-0.617209 -93.505612 164.261897 2876.200027 -0.224603 0.962722 -0.150734 -0.907039 -0.150015 0.393415 -0.356137 -0.225084 -0.906920
-4.918028 -60.831080 344.803823 4155.624190 -0.325740 0.942273 -0.077553 0.881065 0.332286 0.336616 -0.342954 -0.041320 0.938443
-5.210090 -53.842201 154.764348 1390.795741 -0.333920 0.940024 -0.069657 0.911195 0.340829 0.231429 -0.241290 -0.013808 0.970355
-1.960364 -58.132848 885.898518 3829.354958 -0.337112 0.936608 -0.095507 0.885187 0.349874 0.306648 -0.320624 -0.018834 0.947019
-2.409431 -66.454365 640.986242 4786.815220 -0.340605 0.936330 -0.085292 0.818764 0.339982 0.462642 -0.462183 -0.087744 0.882433
54.292367 -34.196467 10339.049898 -1503.873282 -0.226322 0.971445 -0.071223 -0.624980 -0.200910 -0.754344 0.747114 0.126212 -0.652604
42.531092 -41.167619 7166.390159 -436.724526 -0.106620 0.994291 0.004145 -0.550243 -0.055531 -0.833156 0.828170 0.091112 -0.553022
18.178260 -44.844582 4197.610091 -1668.287370 -0.180485 0.981549 0.063144 -0.560411 -0.049864 -0.826712 0.808310 0.184596 -0.559070
130.142375 -20.609854 24310.205331 -787.248671 -0.204087 0.939009 -0.276787 -0.607091 -0.343204 -0.716695 0.767977 -0.021766 -0.640107
385.908206 -48.426183 85420.914192 -3868.350620 -0.379019 0.904671 -0.194720 -0.679814 -0.414967 -0.604694 0.627852 0.096817 -0.772288
263.787575 -24.578111 55393.801576 -4487.384693 -0.303629 0.925924 -0.224666 -0.645050 -0.373305 -0.666749 0.701227 0.057524 -0.710613
1.877037 -79.470635 -448.097576 2879.292006 -0.260235 -0.150558 0.953735 0.728567 -0.678817 0.091637 0.633615 0.718707 0.286344
4.326570 -88.753586 -464.610094 2567.444444 -0.240652 -0.167144 0.956112 0.889075 -0.433157 0.148056 0.389399 0.885685 0.252843
1.664401 -99.127648 313.586030 4271.889084 -0.301820 -0.112738 0.946676 0.842455 -0.496375 0.209479 0.446290 0.860756 0.244793
1.774723 -105.618278 485.958438 2413.959122 -0.262844 -0.127308 0.956403 0.953312 -0.187028 0.237099 0.148689 0.974070 0.170524
3.708204 -97.757311 646.386538 6655.372396 -0.320442 -0.089309 0.943049 0.775899 -0.595853 0.207218 0.543412 0.798112 0.260231
-4.617147 -304.343903 -1753.672101 17843.189027 -0.132618 -0.058372 0.989447 0.891944 0.428326 0.144818 -0.432259 0.901737 -0.004739
-5.434375 -247.409988 -1616.243259 -10534.209691 -0.141991 -0.033610 0.989297 0.989463 0.023758 0.142822 -0.028304 0.999153 0.029883
8.383854 -658.569168 -4416.374961 107558.528281 -0.117788 -0.056975 0.991403 0.961173 0.244338 0.128238 -0.249543 0.968015 0.025982
6792.958698 -295.402921 877453.487354 81144.847034 -0.047251 0.976909 0.208364 -0.299159 0.185182 -0.936062 0.953033 0.106564 -0.283501
30104.429218 -90.311905 13992524.691625 -50211.123314 0.609311 0.791075 -0.054215 0.357310 -0.212887 0.909400 -0.707862 0.573480 0.412374
-228.752550 -6345.464544 57276.384837 37807.168707 -0.308342 0.148554 -0.939605 0.879506 -0.331857 -0.341088 -0.362485 -0.931559 -0.028329
-1.870258 -81.982634 -36.865398 4986.812307 0.271416 0.097130 -0.957548 0.079730 0.989206 0.122941 0.959154 -0.109714 0.260742
-1.165169 -65.570223 -43.650226 1906.202379 0.262903 0.123050 -0.956944 -0.116117 0.988660 0.095227 0.957809 0.086083 0.274209
-1.257849 -63.307340 -296.224942 308.571571 0.264221 0.180123 -0.947493 -0.343215 0.935656 0.082162 0.901327 0.303485 0.309041
-5.685031 -40.918241 2170.151647 -1700.927418 0.393985 0.898799 0.192190 0.227252 -0.297870 0.927162 -0.890580 0.321613 0.321610
1.684380 -33.856884 1151.110862 -1853.966743 0.371528 0.910606 0.181009 0.140104 -0.247721 0.958648 -0.917790 0.330805 0.219615
-3.616134 -33.449269 1734.784592 -1503.672601 0.378316 0.918219 0.117263 0.106805 -0.169130 0.979790 -0.919494 0.358146 0.162055
0.302057 -30.613777 269.654110 -181.836250 0.314591 -0.923617 -0.219009 0.910237 0.228082 0.345611 -0.269260 -0.308076 0.912463
0.930421 -32.171479 497.209276 -226.582187 0.318997 -0.919809 -0.228455 0.936181 0.268253 0.227169 -0.147668 -0.286341 0.946680
0.181661 -32.578461 469.736376 2.924041 0.304940 -0.921913 -0.238933 0.942809 0.256759 0.212570 -0.134623 -0.290089 0.947483
-9.873354 -33.799827 613.818113 890.779502 -0.143176 0.989572 -0.015773 0.709787 0.113776 0.695167 -0.689712 -0.088335 0.718675
-6.726138 -31.908225 726.972675 965.127025 -0.194923 0.976115 -0.095938 0.784579 0.213874 0.581973 -0.588592 -0.038169 0.807529
7.321470 -386.542387 150.375516 -86479.666363 0.497908 0.851086 -0.166554 -0.723075 0.301382 -0.621556 0.478802 -0.429909 -0.765459
-6.610236 -35.281798 -1002.356148 1354.088810 -0.222206 0.964412 0.143296 0.511532 -0.009805 0.859208 -0.830036 -0.264222 0.491149
-20.273224 -49.663205 -340.659662 -821.382473 -0.235733 0.923128 -0.303750 -0.839771 -0.036193 0.541733 -0.489096 -0.382785 -0.783748
-14.603844 -52.830344 41.518864 -10719.054992 -0.468730 0.883042 -0.023007 -0.691685 -0.350706 0.631329 -0.549421 -0.311837 -0.775174
-22.284139 -32.483372 -3104.704005 6943.012603 -0.097689 0.930810 -0.352207 -0.826770 0.121098 0.549352 -0.553993 -0.344860 -0.757736
-38.887551 -46.313603 -399.084433 -671.973095 0.614062 -0.404815 0.677535 -0.469170 0.503084 0.725800 0.634671 0.763565 -0.118997
-37.762378 -45.063562 20.242380 -134.550145 0.601787 -0.269809 0.751702 -0.448309 0.664819 0.597525 0.660963 0.696577 -0.279122
-36.812763 -42.949499 -442.130805 -221.003284 0.636273 -0.230065 0.736361 -0.524570 0.570856 0.631625 0.565671 0.788158 -0.242535
5.697966 -33.024823 -831.081827 876.161989 -0.307592 0.950418 0.045746 -0.910622 -0.307975 0.275535 -0.275962 -0.043096 -0.960202
-10.220127 -33.028385 -643.033270 -383.919319 -0.312813 0.945016 0.095353 -0.934314 -0.288090 -0.209911 0.170899 0.154752 -0.973060
-8.593092 -32.389224 -768.679469 -638.526438 -0.294055 0.953138 0.071133 -0.922214 -0.263386 -0.283108 0.251106 0.148849 -0.956447
-8.389480 -33.041191 -980.965955 -202.451731 -0.291195 0.954329 0.066795 -0.947487 -0.278050 -0.157975 0.132187 0.109289 -0.985181
-9.111442 -33.290668 -580.241850 -140.365973 -0.302224 0.948835 0.091503 0.952223 0.296082 0.074872 0.043949 0.109759 -0.992986
-11.043458 -32.961515 -210.918513 -156.027261 -0.340606 0.931124 0.130365 0.937309 0.325400 0.124770 0.073756 0.164689 -0.983584
-11.767855 -32.857646 -385.315421 470.274763 -0.344898 0.930149 0.125968 0.918995 0.307311 0.246997 0.191033 0.200953 -0.960794
0.911328 -36.351706 -675.825917 -1531.888469 0.013907 0.926228 -0.376707 0.973907 0.072802 0.214956 0.226523 -0.369867 -0.901047
2.541791 -34.523815 -316.845167 -1329.494892 0.001099 0.928936 -0.370238 0.979801 0.073036 0.186159 0.199970 -0.362965 -0.910093
-1.577337 -42.802373 8.938791 2541.029437 -0.275313 0.910540 -0.308416 0.942790 0.192983 -0.271854 -0.188015 -0.365616 -0.911578
-0.853835 -36.796864 528.121128 1807.612962 -0.224090 0.925126 -0.306471 0.970985 0.184999 -0.151535 -0.083493 -0.331536 -0.939741
4.294423 -53.780786 1818.710692 -725.796175 -0.381880 0.905919 -0.182970 0.596057 0.090114 -0.797869 0.706317 0.413751 0.574392
14.195012 -49.985405 3125.672861 -1202.530313 -0.421991 0.896523 -0.134795 0.589075 0.158128 -0.792456 0.689141 0.413814 0.594848
10.535089 -54.127440 2684.944479 1677.793567 -0.417040 0.897166 -0.145501 0.680237 0.201927 -0.704630 0.602790 0.392834 0.694497
7.693397 -53.818076 2682.333327 -2641.385657 -0.382151 0.905051 -0.186664 0.505659 0.035727 -0.861994 0.773479 0.423799 0.471300
2.887142 -59.356375 1389.371213 791.940866 -0.371117 0.907299 -0.197690 0.713594 0.142430 -0.685928 0.594185 0.395630 0.700301
-3.049147 -57.916588 393.071335 74.254938 -0.303330 0.927101 -0.220168 0.588765 0.000677 -0.808304 0.749230 0.374810 0.546051
-2.714647 -56.044794 81.807156 -385.031244 -0.304265 0.928589 -0.212475 0.499150 -0.034560 -0.865826 0.811340 0.369497 0.452990
0.087306 -57.575515 1899.270014 -1426.074200 -0.349059 0.911953 -0.215638 0.480591 -0.023336 -0.876634 0.804481 0.409631 0.430130
271.862684 -23.906349 -48157.583154 -7576.920586 0.120290 -0.910604 -0.395387 0.991557 0.090777 0.092598 -0.048428 -0.403188 0.913835
-7.776614 -36.226422 -128.553924 -1220.729428 -0.007547 0.970912 -0.239319 -0.895384 -0.113120 -0.430687 0.445231 -0.211032 -0.870192
-37.763150 -44.370253 -1904.717145 3808.468364 -0.507018 -0.500084 0.702031 -0.154558 0.854030 0.496734 -0.847965 0.143349 -0.510301
-41.065026 -57.020231 569.581203 4787.240960 -0.461824 -0.045534 0.885802 -0.030966 0.998900 0.035203 -0.886431 -0.011172 -0.462726
15.154883 -12.921666 -897.597386 772.382915 -0.617760 0.736139 0.276534 -0.254864 -0.520109 0.815188 -0.743920 -0.433112 -0.508917
18.420891 -19.887524 -202.956196 -624.325991 -0.450510 0.867710 0.210050 -0.489318 -0.436779 0.754845 -0.746732 -0.237284 -0.621359
-10.836131 -34.368176 -649.102543 -310.719307 -0.171784 0.976239 -0.132093 0.162065 0.160265 0.973679 -0.971712 -0.145855 0.185745
-5.755749 -98.191486 -441.376574 235.338210 0.201597 -0.267257 -0.942301 0.250326 0.944162 -0.214230 0.946940 -0.192695 0.257242
-4.335242 -96.563497 -335.643701 439.997080 0.219990 -0.244805 -0.944285 0.325275 0.931009 -0.165583 0.919674 -0.270726 0.284442
-4.727022 -111.493282 -728.727546 6433.595486 0.234196 -0.221996 -0.946504 0.471863 0.877170 -0.088980 0.849999 -0.425782 0.310181
-2.801042 -113.550942 -425.414196 7167.866477 0.240792 -0.209183 -0.947767 0.533461 0.844297 -0.050813 0.810826 -0.493361 0.314891
-6.244280 -102.401611 -352.990837 2995.759653 0.199451 -0.249320 -0.947660 0.387067 0.908491 -0.157550 0.900221 -0.335385 0.277703
-5.299401 -119.476318 -487.206650 8988.408207 0.234079 -0.211780 -0.948871 0.599133 0.800058 -0.030765 0.765668 -0.561298 0.314161
-3.270520 -146.116763 -378.958972 13932.129943 0.264372 -0.190076 -0.945504 0.708701 0.703219 0.056791 0.654102 -0.685094 0.320618
-7.136069 -90.447284 -201.730568 5388.006022 -0.068024 0.487783 0.870311 0.291271 0.844037 -0.450291 -0.954219 0.222866 -0.199492
-7.450602 -106.654421 865.250376 8362.046157 -0.031185 0.476423 0.878663 0.058094 0.878468 -0.474256 -0.997824 0.036256 -0.055072
-6.770290 -106.228985 -5.086638 4813.860011 -0.038094 0.476971 0.878093 0.008936 0.878859 -0.476999 -0.999234 -0.010324 -0.037741
-5.504436 -416.747449 261.278267 79784.254850 -0.047241 0.497026 0.866449 0.973175 0.218432 -0.072240 -0.225165 0.839793 -0.494012
-9.086394 -379.647524 1250.364510 31574.789300 -0.125119 0.455254 0.881526 0.970616 -0.127912 0.203822 0.205548 0.881125 -0.425873
-4.733059 -241.628835 734.005058 -2877.517154 -0.205717 0.476950 0.854517 0.938905 -0.150013 0.309762 0.275930 0.866034 -0.416951
25.188532 -28.609310 -420.343062 -550.864813 -0.414003 0.907939 -0.065185 0.009691 -0.067210 -0.997692 0.910224 0.413679 -0.019026
22.169192 -31.542147 -1786.203889 -419.911619 -0.291768 0.954826 -0.056391 0.015058 -0.054363 -0.998408 0.956371 0.292152 -0.001483
23.888068 -25.375984 -767.622284 -786.849535 -0.358560 0.924633 -0.128407 0.158654 -0.075192 -0.984467 0.919926 0.373362 0.119736
19.664686 -29.877203 -1777.299692 -830.560797 -0.231602 0.969197 -0.083766 0.146723 -0.050320 -0.987897 0.961682 0.241089 0.130549
-5.219733 -28.473746 -341.132742 -2642.349517 -0.184876 0.982525 -0.021571 -0.981799 -0.183679 0.048305 -0.043499 -0.030109 -0.998600
-4.111424 -25.301216 -724.787170 1394.819373 -0.233407 0.971598 -0.038968 0.971937 0.231906 -0.039464 -0.029307 -0.047086 -0.998461
-5.316644 -29.734246 -615.874605 -2170.493337 -0.136192 0.988464 -0.066258 -0.982167 -0.125969 0.139572 -0.129615 -0.084085 -0.987993
-344.679279 -15642.727354 -113721.577853 3477802.428578 0.903628 0.249927 0.347841 0.414081 -0.302103 -0.858644 0.109514 -0.919929 0.376479
-3436.354597 -19636.382964 -4059267.513997 5941727.825787 0.214859 0.706966 -0.673821 0.974836 -0.113261 0.192009 0.059427 -0.698119 -0.713511
-492.226134 -10764.831809 -494702.275771 3136192.749238 0.948623 0.308883 0.068604 -0.257704 0.880041 -0.398895 0.183586 -0.360721 -0.914427
9.119050 -116.395726 1519.211968 815.966947 -0.644131 -0.728992 -0.231659 0.752886 -0.657725 -0.023659 -0.135121 -0.189652 0.972509
11.014902 -158.503654 -101.556313 13444.295966 -0.577680 -0.807429 -0.119762 0.815719 -0.576405 -0.048585 -0.029802 -0.125759 0.991613
14.604482 -125.489264 170.587468 12106.813583 -0.629075 -0.751904 -0.197244 0.763690 -0.550449 -0.337317 0.145057 -0.362831 0.920496
11.095732 -212.964454 -1073.685519 31954.534909 -0.559793 -0.827654 -0.040264 0.825771 -0.553166 -0.110046 0.068807 -0.094852 0.993111
15.164708 -141.937536 -1641.531752 19877.012456 -0.614570 -0.783268 -0.093785 0.748510 -0.541461 -0.382821 0.249071 -0.305469 0.919050
-21.983044 -61.295072 -3264.887918 5048.720829 -0.266246 0.883657 -0.385050 0.275849 0.452612 0.847968 -0.923591 -0.119552 0.364262
-14.480019 -58.595393 -3271.461503 6729.611071 -0.317714 0.905050 -0.282740 0.438353 0.404610 0.802582 -0.840776 -0.131051 0.525282
-44.274742 -58.815036 1054.673216 2520.059270 0.262732 0.417840 0.869702 -0.182152 0.906639 -0.380559 -0.947519 -0.058433 0.314314
-43.542204 -54.164052 327.883055 3798.486936 0.151755 0.355779 0.922167 -0.025098 0.934059 -0.356236 -0.988099 0.030916 0.150677
-41.524403 -53.888312 -1220.177614 4247.509998 -0.010485 0.061266 0.998066 0.023435 0.997862 -0.061007 -0.999670 0.022750 -0.011898
-0.241088 -18.370938 -127.368687 -2135.592478 0.213960 -0.154344 -0.964572 -0.076212 0.981791 -0.174005 0.973865 0.110742 0.198301
3.487456 -24.707067 -155.934370 -2393.654875 0.204500 -0.119360 -0.971562 -0.162259 0.974673 -0.153895 0.965325 0.189116 0.179953
6.021867 -27.106674 77.794327 -980.369327 0.215349 -0.248144 -0.944484 -0.232274 0.926403 -0.296354 0.948511 0.283198 0.141863
-3.599883 -30.479840 -358.621338 -890.127681 -0.275405 0.939471 0.203827 0.824795 0.122002 0.552112 -0.493826 -0.320170 0.808472
1.212699 -36.703668 -249.574889 -20.643410 -0.395451 0.903398 -0.165806 -0.866927 -0.307487 0.392288 -0.303408 -0.298872 -0.904776
0.492042 -55.588627 84.945563 1490.100742 -0.508209 0.857035 0.084933 0.576672 0.265386 0.772670 -0.639666 -0.441657 0.629100
1.042868 -60.785804 277.308331 683.430359 -0.500430 0.862139 0.079291 0.415883 0.159050 0.895402 -0.759349 -0.481061 0.438142
0.827832 -59.777718 498.774168 1633.838210 -0.486908 0.870154 0.075852 0.516268 0.216658 0.828569 -0.704548 -0.442597 0.554725
