10301
20592
-42.705605 -73.853680 3006.114458 8504.844856 0.185963 -0.968357 0.166442 0.982407 0.186203 -0.014300 -0.017144 0.166174 0.985947
-49.664214 -78.525480 -631.463322 5022.272140 -0.070614 0.969169 -0.236061 0.972892 0.119161 0.198199 -0.220217 0.215666 0.951311
-28.852924 -76.148635 -4811.297015 2542.791628 -0.173788 0.979976 -0.097186 0.959868 0.190623 0.205707 -0.220114 0.057536 0.973776
-47.625311 -67.585338 629.048170 5589.172210 -0.307622 -0.923347 0.229781 0.948584 -0.278678 0.150092 -0.074552 0.264138 0.961599
-28.514636 -77.527026 4291.204435 13008.275561 0.221244 -0.972116 0.077727 0.974781 0.218055 -0.047480 0.029207 0.086271 0.995843
-29.139774 -57.509570 -3901.379837 8324.563190 -0.009994 0.995455 -0.094712 0.992370 -0.001767 -0.123284 0.122891 0.095222 0.987841
-41.783440 -54.036702 1911.516300 5570.136834 -0.269929 -0.936659 0.223179 0.957944 -0.284672 -0.036133 0.097377 0.204039 0.974108
-47.079863 -61.466609 -192.125197 2869.526395 0.699523 -0.633734 -0.330224 0.274516 -0.188338 0.942958 0.659779 0.750273 -0.042223
-46.833448 -61.932248 -1135.002244 485.321531 0.680209 -0.663527 -0.311524 0.205758 -0.235069 0.949951 0.703547 0.710264 0.023370
-54.287678 -71.007214 1008.783162 -4364.368824 -0.685746 0.717761 0.120713 -0.188292 -0.014740 -0.982002 0.703064 0.696133 -0.145257
-49.007319 -67.231498 -761.754870 3603.022204 0.676612 -0.584575 -0.447736 0.438791 -0.168204 0.882706 0.591319 0.793712 -0.142697
-19.295295 -57.721991 21522.999741 573.763036 0.542336 -0.695856 -0.470804 0.596875 -0.075260 0.798797 -0.591280 -0.714227 0.374523
-47.123875 -67.516554 -8461.115134 -8080.608959 -0.103873 0.519737 0.847988 -0.647277 0.612013 -0.454393 -0.755145 -0.596082 0.272842
-11.951758 -56.039249 22215.493558 552.977271 0.518488 -0.660995 -0.542454 0.535781 -0.243278 0.808551 -0.666415 -0.709860 0.228012
-11.145237 -52.896764 -17042.267738 725.193429 -0.424344 0.627203 0.653107 0.484444 -0.452112 0.748938 -0.765014 -0.634201 0.111994
35.152371 -53.755717 26149.923410 -332.344273 0.596453 -0.679324 -0.427509 -0.554915 0.035825 -0.831135 -0.579925 -0.732964 0.355599
27.444708 -53.775562 26047.131934 -1034.893249 0.566694 -0.668252 -0.481972 -0.502588 0.183170 -0.844899 -0.652888 -0.721032 0.232054
67.428825 -78.538000 -8046.975110 -9248.262146 0.445635 -0.412514 0.794507 0.825489 0.532747 -0.186406 -0.346376 0.738926 0.577937
88.284631 -90.655819 -19360.641917 -9135.441540 0.521582 -0.482079 0.703955 0.813748 0.529074 -0.240613 -0.256450 0.698341 0.668246
78.583612 -63.196553 -7513.617596 -4063.740603 0.426084 -0.560965 0.709768 0.817412 0.574907 -0.036326 -0.387673 0.595651 0.703498
63.526590 -53.335576 583.407081 -5295.077668 0.373729 -0.450585 0.810740 0.819037 0.570547 -0.060461 -0.435322 0.686622 0.582276
58.457698 -71.865623 6016.494437 -11784.042961 0.372365 -0.431484 0.821684 0.841466 0.530444 -0.102782 -0.391509 0.729692 0.560598
22.293759 -46.116243 -819.754602 -1704.193853 0.188441 0.979961 -0.064544 0.804817 -0.116430 0.581991 -0.562813 0.161617 0.810630
9.737485 -44.330807 -6300.828337 -499.469169 0.094973 0.995209 -0.023237 0.876735 -0.072565 0.475469 -0.471505 0.065529 0.879426
14.910125 -43.756655 -8159.233452 -717.629738 0.058668 0.998089 -0.019404 0.806731 -0.035953 0.589825 -0.588000 0.050258 0.807298
-32.579235 -104.524084 2497.380002 10742.257004 0.119594 0.992056 -0.039010 0.397825 -0.011884 0.917384 -0.909633 0.125233 0.396086
-28.626891 -82.739530 1896.606473 8043.354364 0.121513 0.992466 0.015652 0.585078 -0.084355 0.806578 -0.801822 0.088852 0.590920
-23.469687 -94.216462 2687.160703 7163.821594 0.237856 0.971296 -0.002961 0.382029 -0.090750 0.919684 -0.893016 0.219884 0.392649
-0.233943 -107.349438 -178.357794 4127.739725 -0.265780 0.961045 0.075850 0.057460 0.094333 -0.993881 0.962320 0.259796 0.080294
-1.641137 -117.540228 -81.595145 2550.747317 -0.276173 0.954155 0.115399 0.243843 0.185702 -0.951869 0.929660 0.234742 0.283950
-0.020931 -117.636267 59.269838 4191.767661 -0.277835 0.954743 0.106178 0.049227 0.124535 -0.990993 0.959367 0.270105 0.081600
-2.560131 -109.727913 -514.036203 3365.565405 -0.267188 0.959724 0.086832 0.242992 0.154296 -0.957678 0.932505 0.234780 0.274431
0.865349 -104.732935 -164.154350 4822.298483 -0.267193 0.962358 0.049742 -0.128508 0.015574 -0.991586 0.955036 0.271338 -0.119509
-0.333616 -95.574424 -653.760852 3935.431273 -0.259454 0.965432 0.025001 -0.116449 -0.005575 -0.993181 0.958709 0.260596 -0.113870
-1.715369 -99.964295 -706.578984 4001.055606 -0.257985 0.964977 0.047570 0.062680 0.065849 -0.995859 0.964113 0.253935 0.077472
27.482498 -4.922336 4108.246511 -1692.201915 -0.272489 -0.164156 -0.948052 -0.334324 0.940096 -0.066687 0.902207 0.298785 -0.311047
17.431644 -4.365661 5866.566629 -1159.133038 -0.340979 -0.153627 -0.927433 -0.324900 0.945021 -0.037088 0.882141 0.288677 -0.372145
29.378574 -2.306743 6153.199635 -761.491763 -0.292204 -0.179493 -0.939361 -0.340756 0.937306 -0.073103 0.893590 0.298732 -0.335048
34.220238 -2.341269 3523.543547 -764.070277 -0.222474 -0.172475 -0.959561 -0.343102 0.935117 -0.088533 0.912571 0.309531 -0.267216
27.469256 -5.542984 -9155.287512 -2819.556682 -0.335208 0.858499 0.388092 0.208031 -0.334312 0.919216 -0.918890 -0.388864 0.066530
9.227730 -23.593518 -3743.521056 -6050.175456 -0.222691 0.402495 0.887923 -0.374865 0.805415 -0.459111 -0.899936 -0.435091 -0.028477
12.851495 -11.767762 -979.850493 -7551.848136 -0.162390 0.395143 0.904152 -0.376633 0.822115 -0.426936 -0.912018 -0.409864 0.015321
11.124330 2.678204 -991.243896 -116.916397 -0.238544 0.699211 0.673945 0.307867 -0.603734 0.735338 -0.921040 -0.382896 0.071246
32.831252 -4.018579 -8421.418089 -333.767928 -0.293689 0.955252 0.035218 0.093970 -0.007813 0.995544 -0.951271 -0.295690 0.087471
-0.377460 -53.876517 168.762090 -726.388305 0.620250 0.784393 0.004173 0.384784 -0.299619 -0.873024 0.683544 -0.543098 0.487660
-1.514527 -56.135136 -20.357629 -1866.760726 0.633802 0.772993 -0.027851 0.252670 -0.240935 -0.937074 0.731062 -0.586883 0.348018
0.185019 -51.703806 77.019944 -694.834611 0.615612 0.787449 0.030737 0.385486 -0.266888 -0.883273 0.687330 -0.555602 0.467850
1.276480 -50.948918 -202.171617 299.121607 0.603730 0.794223 0.068703 0.509460 -0.318104 -0.799538 0.613157 -0.517706 0.596673
0.794385 -49.930272 452.801205 -200.475674 0.604962 0.794873 0.046883 0.373098 -0.230957 -0.898586 0.703434 -0.561102 0.436286
1.482753 -49.282257 -84.427381 634.588727 0.600252 0.795216 0.085605 0.495233 -0.285489 -0.820512 0.628046 -0.534909 0.565183
-9.051772 -262.422065 -1899.922147 11404.472774 -0.081215 -0.008789 -0.996658 0.440770 0.896550 -0.043824 0.893938 -0.442856 -0.068939
-7.618429 -281.850324 -2058.954600 28768.246738 -0.038847 -0.023429 -0.998970 0.360573 0.932040 -0.035881 0.931922 -0.361596 -0.027759
-12.277266 -306.010172 -3326.285024 45790.227994 -0.086222 -0.101107 -0.991132 0.637584 0.758835 -0.132876 0.765541 -0.643386 -0.000964
-18.256900 -378.087386 -5713.471133 -1164.731185 -0.061979 -0.085037 -0.994448 0.443930 0.890032 -0.103776 0.893915 -0.447898 -0.017413
-25.704433 -1714.374438 15.682316 543340.577933 -0.155356 -0.149096 -0.976542 0.804750 0.554221 -0.212643 0.572924 -0.818908 0.033883
-16.543544 -61.017941 1781.324201 1611.934051 0.442933 0.135281 0.886290 0.397161 0.856657 -0.329244 -0.803787 0.497833 0.325713
-7.538377 -59.390705 -2127.305011 5680.538329 0.491699 0.410153 0.768118 0.182972 0.813758 -0.551651 -0.851324 0.411791 0.325078
-5.335891 -65.951452 1340.074908 5970.432416 0.509545 0.308354 0.803294 0.153096 0.886195 -0.437288 -0.846714 0.345799 0.404349
6.686812 -72.871576 -3760.370365 9060.583627 0.467446 0.543442 0.697255 -0.065105 0.807752 -0.585917 -0.881621 0.228490 0.412961
-60.795340 -158.469951 7315.344922 65046.919143 0.419179 -0.056225 -0.906161 0.907645 0.002133 0.419733 -0.021667 -0.998416 0.051926
-4.619063 -1174.587944 -14285.224497 304036.748227 0.011046 0.143224 -0.989629 0.968327 -0.248416 -0.025143 -0.249441 -0.958006 -0.141432
-46.974828 -112.626713 -984.031887 8173.088170 -0.114656 -0.012961 -0.993321 0.978497 -0.174056 -0.110673 -0.171459 -0.984650 0.032639
-1.228355 -89.215910 -1894.798592 -3091.697593 -0.013875 0.232405 -0.972520 -0.098846 0.967531 0.232623 0.995006 0.099357 0.009548
-4.572400 -87.181923 -1685.213208 -4571.649299 -0.013691 0.229640 -0.973179 -0.020682 0.972997 0.229888 0.999692 0.023274 -0.008572
-2.929872 -98.656794 -3363.554510 -5446.632248 -0.006379 0.278235 -0.960492 -0.267026 0.925159 0.269773 0.963668 0.258197 0.068395
-28.386089 -32.884072 421.472582 -84.647253 0.098429 0.965914 -0.239422 0.350890 -0.258825 -0.899937 0.931229 -0.004569 0.364405
-26.063419 -31.827938 911.704529 550.306072 -0.084166 0.996451 -0.000851 0.389216 0.032089 -0.920587 0.917293 0.077813 0.390535
-26.405577 -33.598487 392.807501 -390.104648 0.037512 0.998024 -0.050417 0.476472 -0.062211 -0.876986 0.878389 -0.008875 0.477864
-28.777596 -34.813354 -575.825763 -455.565568 0.249161 0.899392 -0.359184 0.308989 -0.425323 -0.850662 0.917848 -0.100968 0.383877
-28.103790 -33.603100 1209.458283 504.642302 0.252935 0.656232 -0.710904 -0.105978 0.749168 0.653847 0.961661 -0.090040 0.259037
95.668591 -46.239721 -67602.366395 7141.397489 -0.449629 0.410712 -0.793189 0.562304 -0.559817 -0.608621 -0.694009 -0.719667 0.020765
94.064510 -52.033507 48750.623009 -2303.820391 0.413030 -0.443468 0.795451 -0.457518 0.654178 0.602270 -0.787453 -0.612689 0.067301
4.989084 -52.256721 23987.075534 -5630.525765 0.375074 -0.414239 0.829292 -0.523803 0.643388 0.558285 -0.764820 -0.643784 0.024338
5.564932 -46.197076 -27687.234656 18490.668120 -0.373549 0.388597 -0.842291 0.612075 -0.579035 -0.538592 -0.697012 -0.716736 -0.021553
-0.566060 -32.219200 -23158.478558 23282.008273 -0.354229 0.416199 -0.837437 0.661920 -0.520992 -0.538915 -0.660594 -0.745215 -0.090941
69.895495 -27.813526 -61875.092400 10064.954163 -0.415836 0.444994 -0.793133 0.606154 -0.514537 -0.606489 -0.677981 -0.732961 -0.055772
-241.422412 -576.099261 13840.743671 -129265.468665 0.977850 0.120665 0.171022 -0.123766 -0.325586 0.937377 -0.168791 0.937781 0.303440
-124.252530 -516.960817 16227.007558 -118641.077670 0.973292 0.153413 -0.170784 0.204708 -0.243244 0.948118 -0.103911 0.957756 0.268152
-98.942237 -218.241540 1242.524254 -70558.483113 0.906156 0.094749 0.412195 -0.380035 -0.245318 0.891848 -0.185620 0.964801 0.186288
10.371992 -188.047498 -146.415344 12711.650531 0.905571 -0.007567 -0.424126 -0.421973 0.086110 -0.902510 -0.043351 -0.996257 -0.074786
37.567514 -470.980360 -11431.871894 103365.942490 0.935493 0.004802 -0.353313 -0.351168 -0.098197 -0.931149 0.039166 -0.995155 0.090176
33.455726 -665.016202 -2813.842923 153404.096999 0.909144 0.023444 -0.415821 -0.413487 -0.068706 -0.907914 0.049855 -0.997361 0.052769
12.128985 -180.746813 368.870447 -16983.741419 0.918291 0.046476 -0.393168 -0.395373 0.159173 -0.904624 -0.020538 -0.986156 -0.164543
-57.223648 -60.249987 -879.140656 -12293.415701 -0.510869 0.199156 0.836272 -0.465111 0.754083 -0.463714 -0.722970 -0.625856 -0.292607
-55.176797 -74.775009 2063.164093 -8493.272011 -0.151813 -0.083353 0.984888 -0.526260 0.850275 -0.009159 -0.836662 -0.519697 -0.172948
-58.405699 -78.176733 -566.080367 -4346.609472 -0.449567 0.044382 0.892143 -0.385861 0.891122 -0.238773 -0.805606 -0.451588 -0.383494
-38.552742 -54.686133 -15036.784787 -1495.862258 -0.491509 0.585305 -0.644854 -0.513082 0.403691 0.757483 -0.703681 -0.703172 -0.101892
-56.500484 -75.559333 -1294.101774 -3012.573006 -0.643394 0.144407 0.751792 -0.290836 0.862307 -0.414537 -0.708137 -0.485359 -0.512805
-12.601808 -52.861480 21674.259792 807.509862 0.659906 -0.622240 0.421120 0.457297 -0.112093 -0.882222 -0.596158 -0.774760 -0.210577
-47.462061 -55.998371 9816.707843 -2141.939796 0.751680 -0.657368 -0.053338 0.209958 0.315176 -0.925517 -0.625216 -0.684493 -0.374932
7.171068 -74.817204 4099.565052 -4015.905240 0.701068 0.311465 0.641477 0.640114 -0.671308 -0.373630 -0.314256 -0.672559 0.670006
-3.791066 -95.112281 3701.794833 -10282.736492 0.730753 0.290456 0.617766 0.612425 -0.678711 -0.405325 -0.301555 -0.674528 0.673852
3.267594 -124.005476 3993.327138 -22274.641897 0.750337 0.260043 0.607760 0.625269 -0.577580 -0.524823 -0.214553 -0.773808 0.595977
18.045640 -90.592732 5832.105119 -11044.262892 0.723051 0.272063 0.634964 0.634195 -0.625822 -0.454030 -0.273850 -0.730978 0.625043
12.900327 -198.961952 5054.765246 -38406.455972 0.732311 0.248218 0.634120 0.664567 -0.463656 -0.585981 -0.148563 -0.850536 0.504498
0.143312 -183.062576 3287.954263 -28246.108514 0.751455 0.234674 0.616638 0.659386 -0.299552 -0.689549 -0.022896 -0.924769 0.379841
-6.642226 -70.039807 -422.442993 458.794009 0.247913 0.959330 0.135003 -0.439751 -0.012734 0.898030 -0.863226 0.282001 -0.418709
-7.358463 -65.085688 -63.780911 1545.942216 0.261892 0.946729 0.187394 -0.261411 -0.117325 0.958071 -0.929019 0.299898 -0.216759
-7.670241 -66.677887 -39.461502 291.345893 0.278117 0.948803 0.149742 -0.463155 -0.004111 0.886268 -0.841509 0.315840 -0.438300
49.474997 -80.528367 -6771.619048 -7428.732650 0.051611 0.992352 0.112132 -0.787321 0.109507 -0.606741 0.614380 0.056970 -0.786951
51.228810 -85.159573 -5460.316783 -8326.685200 -0.112399 0.982265 0.150070 -0.821868 -0.007017 -0.569635 0.558479 0.187364 -0.808081
34.054634 -90.490927 -4989.637514 -8118.261297 -0.008694 0.992640 0.120792 -0.897928 0.045410 -0.437793 0.440055 0.112269 -0.890925
31.057638 -85.040371 -4282.099150 -6169.813677 0.150573 0.983578 0.099509 -0.864224 0.179838 -0.469867 0.480046 0.015249 -0.877111
18.404942 -95.836615 -2861.381059 -3552.485936 -0.085956 0.986318 0.140674 -0.974312 -0.053717 -0.218702 0.208153 0.155860 -0.965598
18.314408 -90.391025 -1866.372514 -1641.550351 0.074252 0.988888 0.128794 -0.961748 0.105159 -0.252948 0.263680 0.105085 -0.958869
-0.518669 -87.541455 91.254669 10193.761101 -0.553634 0.819776 0.146480 0.250069 -0.004121 0.968219 -0.794327 -0.572669 0.202719
0.531657 -87.297371 213.228476 9397.439717 -0.546896 0.820713 0.165331 0.257895 -0.022727 0.965906 -0.796489 -0.570888 0.199229
-1.801241 -108.235468 27.476408 10963.289456 -0.551511 0.822276 0.140351 0.059286 -0.129189 0.989846 -0.832058 -0.554232 -0.022500
-2.232394 -109.969026 109.386524 11503.388338 -0.553672 0.824102 0.119600 0.049531 -0.110778 0.992610 -0.831261 -0.555504 -0.020516
28.338489 -43.944197 306.712471 609.127061 -0.219767 0.973178 -0.068016 -0.654856 -0.198842 -0.729127 0.723095 0.115697 -0.680990
29.863628 -43.593343 1030.998776 -600.145369 -0.235148 0.970934 -0.044630 -0.714147 -0.203740 -0.669689 0.659317 0.125603 -0.741299
21.608271 -44.353644 -4767.209230 -800.064420 -0.150460 0.976925 -0.151587 -0.703683 -0.213529 -0.677670 0.694401 -0.004707 -0.719573
21.654557 -44.827321 -2624.276778 1001.786779 -0.175865 0.974478 -0.139510 -0.637196 -0.220711 -0.738423 0.750369 0.040968 -0.659749
13.530217 -49.906712 1245.818339 84.329266 -0.224783 0.974395 -0.005149 -0.962969 -0.221333 0.153958 -0.148876 -0.039565 -0.988064
17.136805 -50.829902 1745.266232 -414.341412 -0.257003 0.966330 0.012459 -0.966276 -0.257160 0.013351 -0.016105 0.008607 -0.999833
15.417225 -49.211079 2665.175933 651.556108 -0.275966 0.960668 0.030983 -0.951197 -0.277593 0.134786 -0.138086 -0.007725 -0.990390
63.167760 -46.195037 32867.753104 60.424990 0.557019 0.775389 0.297493 0.390318 -0.560599 0.730329 -0.733063 0.290690 0.614912
229.916405 -45.265835 103913.418741 190.309531 0.543335 0.737636 0.400850 0.224580 -0.587785 0.777221 -0.808920 0.332268 0.485022
33.047784 -43.719212 30311.721221 -78.066040 0.504837 0.813463 0.288821 0.280488 -0.471016 0.836344 -0.816374 0.341207 0.465952
116.764700 -53.784382 65690.332635 -2408.801670 0.623138 0.730520 0.279358 0.462745 -0.632322 0.621318 -0.630529 0.257895 0.732068
294.488923 -52.753793 114157.160911 -2793.702872 0.613234 0.741175 0.273136 0.461809 -0.616939 0.637275 -0.640840 0.264662 0.720609
48.981579 -51.232229 29201.060956 -1502.856812 0.563167 0.763606 0.315830 0.470610 -0.610543 0.636996 -0.679242 0.210102 0.703198
-6.951574 -46.251184 9210.435161 -417.166666 0.445770 0.866616 0.224199 0.342822 -0.396644 0.851556 -0.826899 0.302738 0.473907
-9.335375 -48.404567 7075.178964 -615.192507 0.477398 0.830664 0.286512 0.435111 -0.506764 0.744224 -0.763393 0.230627 0.603359
43.737884 -43.870621 23426.306370 -164.182961 0.478862 0.813319 0.330458 0.158673 -0.450408 0.878610 -0.863431 0.368298 0.344736
-8.636231 -168.094249 -2720.768997 -302.378373 0.580471 0.276309 0.765968 0.297883 0.803408 -0.515559 -0.757839 0.527436 0.384047
-7.658186 -158.170903 -2085.033544 1013.848314 0.601106 0.278037 0.749244 0.284392 0.801737 -0.525679 -0.746855 0.529068 0.402858
-3.150336 -160.318040 -2737.598751 5857.138996 0.578706 0.272968 0.768497 -0.513540 -0.610062 0.603407 -0.633542 0.743850 0.212867
-4.567535 -180.809094 -2728.763494 14977.234928 0.563953 0.264856 0.782181 -0.554282 -0.580713 0.596275 -0.612150 0.769820 0.180690
-7.837888 -158.006145 784.640881 2199.433815 0.576600 0.259084 0.774860 0.330587 0.793304 -0.511253 -0.747157 0.550948 0.371770
-8.297507 -112.973487 658.479615 4972.796338 0.518592 0.294591 0.802670 0.854661 -0.151330 -0.496643 -0.024839 0.943565 -0.330254
-10.518540 -116.875394 -596.459222 3420.594078 0.526095 0.337466 0.780603 0.846313 -0.117592 -0.519545 -0.083536 0.933964 -0.347466
-8.148249 -116.756008 -309.822864 -395.619931 0.524216 0.306002 0.794708 0.811475 0.103535 -0.575142 -0.258275 0.946384 -0.194039
-3.027283 -109.500024 1416.689179 3945.018711 0.559059 0.251866 0.789947 0.828891 -0.146995 -0.539752 -0.019827 0.956533 -0.290948
-100.524346 -1028.762884 -55137.567297 -355451.448069 -0.048053 -0.052081 -0.997486 0.998833 -0.007343 -0.047734 -0.004838 -0.998616 0.052373
-14.512226 -88.540568 -30149.960284 9345.686393 0.157531 0.044317 -0.986519 0.980967 0.107818 0.161488 0.113521 -0.993182 -0.026488
-104.373142 -134.651210 7596.007387 -52158.279707 0.941223 0.068938 -0.330677 -0.328310 -0.043546 -0.943566 0.079448 -0.996670 0.018353
-43.019472 -134.757342 -954.925782 -46110.414572 0.821211 0.012854 0.570479 0.570405 0.009199 -0.821312 0.015805 -0.999875 -0.000223
132.785599 -2592.617860 17166.993940 1082027.289144 -0.256123 0.011078 -0.966581 0.965321 0.055230 -0.255156 0.050558 -0.998412 -0.024840
-43.312329 -122.932140 -27182.981361 37555.759839 -0.218143 0.033086 -0.975356 0.973799 0.073180 -0.215312 0.064253 -0.996770 -0.048183
4.129753 -40.916983 -463.224759 -1023.419876 -0.759371 0.224698 -0.610628 0.166015 0.974326 0.152076 0.629122 0.014108 -0.777178
7.839684 -35.785982 -1673.960144 -1579.352394 -0.711674 0.386054 -0.586927 0.349747 0.919277 0.180576 0.609260 -0.076765 -0.789246
9.415546 -41.980379 -67.900407 -1677.669995 -0.740678 0.300895 -0.600714 0.300149 0.948115 0.104823 0.601087 -0.102664 -0.792562
4.063898 -49.070049 1019.807534 -882.411601 -0.772194 0.118709 -0.624199 0.066125 0.992072 0.106867 0.631937 0.041247 -0.773922
9.682030 -50.728557 1316.421291 -2266.864834 -0.761377 0.186111 -0.621021 0.221081 0.975026 0.021154 0.609449 -0.121189 -0.783508
-16.291762 -30.757447 431.391489 871.325158 -0.247442 0.948064 -0.199866 -0.257018 -0.263117 -0.929899 0.934192 0.178727 -0.308776
-18.048741 -32.694480 736.432240 523.237445 -0.250059 0.936528 -0.245735 -0.155312 -0.289310 -0.944552 0.955693 0.198029 -0.217798
-17.668160 -30.375488 255.368397 1106.419946 -0.158960 0.984634 -0.072305 -0.283671 -0.115698 -0.951916 0.945655 0.130806 -0.297703
-14.842165 -28.373215 -274.596298 698.690698 -0.129829 0.991521 -0.005436 -0.376635 -0.054387 -0.924764 0.917219 0.118014 -0.380503
-14.663596 -29.253810 66.759514 696.042721 -0.233673 0.962420 -0.138365 -0.354207 -0.216786 -0.909693 0.905502 0.163561 -0.391553
-84.239086 -1012.720336 10547.146788 265560.925654 0.559158 -0.046901 -0.827733 0.789428 -0.274880 0.548857 -0.253269 -0.960334 -0.116677
-65.546730 -613.393837 15042.842443 -162283.566302 0.788758 -0.000498 -0.614704 -0.605448 0.172255 -0.777021 -0.106273 -0.985052 -0.135566
-73.959388 -121.693905 10926.437136 1260.791737 0.909272 -0.025949 -0.415393 -0.409996 0.115866 -0.904698 -0.071606 -0.992926 -0.094715
-59.685589 -169.881350 11189.012595 46803.777969 0.983346 -0.074503 -0.165770 -0.160968 0.066449 -0.984720 -0.084380 -0.995004 -0.053350
19.089382 -891.603597 -618.193489 -203753.741105 0.951334 -0.020118 0.307505 0.297863 0.315853 -0.900841 0.079003 -0.948595 -0.306474
26.572589 -914.237037 3489.234366 -256044.558998 0.931488 -0.060725 0.358666 0.360420 0.287576 -0.887354 0.049259 -0.955831 -0.289760
10.299315 -274.579805 -2572.530884 -51076.711065 0.935847 -0.080203 0.343160 0.349629 0.089279 -0.932625 -0.044163 -0.992772 -0.111593
16.586607 -298.708176 1888.412382 -39728.277851 0.938011 -0.051261 0.342795 0.343197 -0.001018 -0.939263 -0.048497 -0.998685 -0.016638
-42.574252 -80.137695 -2676.642299 -1477.044926 -0.111957 0.983894 -0.139353 0.910794 0.157681 0.381564 -0.397391 0.084203 0.913778
-54.648516 -79.553413 269.811528 31.459849 -0.005661 0.969142 -0.246439 0.908240 0.108100 0.404246 -0.418412 0.221537 0.880825
-54.494241 -77.260659 -523.074368 2173.470473 -0.232307 -0.926187 0.297005 0.919951 -0.110086 0.376259 -0.315790 0.360638 0.877620
-51.762242 -65.717193 2290.041149 -671.947794 -0.616750 0.740625 0.266636 -0.192077 0.186894 -0.963419 0.763365 0.645403 -0.026990
-42.749075 -71.882384 -5796.808761 -8358.477631 -0.016848 0.283523 0.958817 -0.459921 0.849282 -0.259215 -0.887800 -0.445347 0.116089
93.852164 -85.921966 -7143.319521 -4066.297207 0.511785 -0.632619 0.581266 0.840503 0.508760 -0.186328 -0.177850 0.583916 0.792093
101.111261 -118.829881 -12918.408471 -8768.225818 0.557408 -0.602686 0.571021 0.829861 0.425177 -0.361323 -0.025020 0.675273 0.737143
26.462964 -52.579898 5620.543056 -2154.543370 0.542120 0.814617 -0.206166 0.724139 -0.328431 0.606429 0.426296 -0.478050 -0.767945
8.001309 -58.246524 2041.853164 -1869.175182 0.592231 0.789922 -0.159017 0.661732 -0.364198 0.655340 0.459754 -0.493339 -0.738406
18.991824 -51.698162 4556.085394 -3792.260044 0.527085 0.825816 -0.200523 0.793035 -0.393177 0.465304 0.305414 -0.404277 -0.862138
27.604612 -54.256785 5079.804202 -950.468165 0.578624 0.796441 -0.175718 -0.570268 0.241047 -0.785297 0.583086 -0.554597 -0.593660
76.614828 -43.638550 18593.409796 -3477.595196 0.402659 0.872121 -0.277975 0.852862 -0.247172 0.459927 0.332404 -0.422268 -0.843325
69.225133 -41.435186 12346.430233 359.468460 0.471386 0.820183 -0.324183 0.746045 -0.174806 0.642542 0.470333 -0.544740 -0.694295
-16.622488 -99.870462 2701.805623 4660.184749 0.318158 0.947452 -0.033324 0.155507 -0.017481 0.987680 -0.935197 0.319420 0.152898
-9.018128 -96.863212 1468.267833 1483.462701 0.332457 0.941383 -0.057183 -0.066298 0.083810 0.994274 -0.940785 0.326763 -0.090276
-17.795225 -104.336254 2837.213916 -83.424780 0.317119 0.946200 -0.064351 -0.115215 0.105787 0.987692 -0.941361 0.305801 -0.142563
-1.283509 -127.638458 169.974224 2386.555943 -0.291537 0.945757 0.143350 0.238426 0.216976 -0.946612 0.926369 0.241794 0.288749
-3.248171 -125.333401 -71.050159 3577.284974 -0.290586 0.945232 0.148647 0.397115 0.260475 -0.880030 0.870551 0.196695 0.451056
-3.934113 -117.308322 -406.660212 3288.631030 -0.283047 0.951164 0.123173 0.402327 0.234329 -0.884999 0.870642 0.200940 0.449005
4.732980 -4.279294 5931.925554 -839.547940 -0.324082 -0.270743 -0.906460 -0.364506 0.919930 -0.144446 0.872987 0.283598 -0.396820
4.709559 -8.120652 5569.110776 -2052.225948 -0.410165 -0.021032 -0.911769 -0.274606 0.956187 0.101477 0.869687 0.292000 -0.397970
-8.040035 -8.445764 -3288.264728 4471.516410 -0.073480 0.882357 0.464809 -0.488274 0.374559 -0.788222 0.869591 0.284873 -0.403309
-2.065522 -57.939696 240.422785 -1444.406689 0.640852 0.766202 -0.047377 0.243449 -0.261375 -0.934032 0.728040 -0.587042 0.354034
51.227462 -68.095308 1493.559972 5607.349140 -0.041524 -0.450395 -0.891863 0.465865 0.780935 -0.416065 0.883881 -0.432765 0.177395
63.216577 -131.843380 11982.777263 23174.804010 -0.206830 -0.287773 -0.935098 0.585789 0.729092 -0.353944 0.783628 -0.620976 0.017777
74.839701 -125.238847 -3585.856120 19272.306284 -0.078157 -0.562299 -0.823232 0.642219 0.603197 -0.472978 0.762526 -0.565662 0.313975
-1.125001 -24.535224 -2568.246098 2438.676634 -0.038436 -0.179803 0.982951 0.363707 0.913689 0.181355 -0.930720 0.364477 0.030277
-10.734990 -23.274835 -660.184627 1114.091406 -0.188467 -0.566350 0.802327 0.379380 0.711562 0.591397 -0.905843 0.415845 0.080756
-2.324680 -15.328130 -2438.979363 2161.741843 -0.158020 -0.387371 0.908281 0.418981 0.806624 0.416909 -0.894139 0.446432 0.034838
-9.309070 -30.389612 -1986.161837 2615.901071 -0.093555 -0.348414 0.932660 0.359491 0.861750 0.357985 -0.928447 0.368774 0.044631
5.910828 -20.675126 -3909.488971 4202.054983 -0.012983 -0.072546 0.997281 0.399505 0.913924 0.071683 -0.916639 0.399350 0.017117
3.684253 -33.405460 -3351.518659 2126.128976 -0.035442 -0.127189 0.991245 0.296186 0.945969 0.131970 -0.954472 0.298270 0.004144
10.290876 -28.214101 -3048.734518 2441.735014 0.008784 -0.057996 0.998278 0.321097 0.945611 0.052111 -0.947005 0.320087 0.026929
-6.880459 -87.751545 -3018.913751 -3792.207498 0.000672 0.250667 -0.968073 -0.175138 0.953140 0.246679 0.984544 0.169381 0.044542
-23.700343 -33.233209 1032.987701 -86.180369 -0.168327 0.973911 0.152197 0.463938 0.214504 -0.859505 0.869728 0.074068 0.487941
-23.169797 -30.892349 1104.366066 1341.113050 -0.219690 0.964109 0.149099 0.349009 0.220388 -0.910836 0.911005 0.148065 0.384899
-116.549112 -423.236047 -1795.984694 71276.191984 0.936418 -0.091354 0.338786 0.286377 -0.358930 -0.888345 -0.202754 -0.928883 0.309947
-240.038431 -709.031775 28567.075196 -139838.645312 0.971872 -0.155259 -0.177087 -0.198399 -0.134591 -0.970836 -0.126897 -0.978662 0.161609
-88.989498 -245.896588 -8374.217682 57851.037778 0.909043 -0.052269 0.413411 0.393807 -0.216569 -0.893316 -0.136225 -0.974867 0.176287
-122.530741 -532.758939 5148.630064 115647.400857 0.990497 -0.104279 0.089676 0.060746 -0.253280 -0.965484 -0.123393 -0.961756 0.244539
0.842603 -296.594160 -4797.000828 33111.403743 0.921845 -0.052762 -0.383951 -0.369693 0.177614 -0.912020 -0.116315 -0.982685 -0.144227
12.113152 -304.461157 -9855.220859 39687.090051 0.927715 -0.056649 -0.368967 -0.373280 -0.133558 -0.918054 -0.002728 -0.989421 0.145050
-30.009053 -55.169840 -3951.791341 -1369.265697 0.053621 0.995948 -0.072195 -0.940306 0.074694 0.332033 -0.336080 -0.050082 -0.940501
-31.240691 -68.553252 2493.751085 -6844.204476 -0.032194 0.998789 -0.037198 -0.954820 -0.019733 0.296528 -0.295435 -0.045064 -0.954299
-28.645476 -57.274643 -1564.648345 526.425513 -0.062561 0.997179 0.041478 -0.863635 -0.074919 0.498519 -0.500221 0.004634 -0.865886
-33.767239 -52.144796 -5865.187632 -280.762392 -0.067659 0.996788 0.042849 -0.903599 -0.079429 0.420952 -0.423003 0.010237 -0.906070
-58.620507 -82.177127 -1443.875421 333.315046 -0.390799 -0.025626 0.920119 -0.249175 0.965235 -0.078949 -0.886109 -0.260124 -0.383598
-57.871240 -86.158802 -754.804492 -3070.325602 -0.277558 0.033146 0.960137 -0.311222 0.942408 -0.122503 -0.908902 -0.332818 -0.251257
-53.839026 -83.691585 2621.016784 -1086.561511 -0.092360 0.039349 0.994948 -0.272638 0.960034 -0.063277 -0.957673 -0.277105 -0.077941
-29.118385 -54.393267 13665.215076 -3148.610041 0.462732 -0.491149 0.738005 -0.474212 0.566235 0.674167 -0.749001 -0.661929 0.029106
-47.350668 -73.796350 4514.986800 -7706.862043 0.060811 -0.091810 0.993918 -0.479530 0.870634 0.109761 -0.875416 -0.483289 0.008919
2.958644 -86.426302 3075.451649 6138.241393 0.660004 0.339898 0.669973 0.639542 -0.722125 -0.263669 -0.394184 -0.602499 0.693984
-4.863685 -88.931357 3352.456030 2481.062958 0.678750 0.327231 0.657433 0.602674 -0.759750 -0.244056 -0.419622 -0.561871 0.712894
-8.471494 -76.014563 3218.977998 -4062.349562 0.700815 0.307458 0.643683 0.613979 -0.719370 -0.324864 -0.363164 -0.622878 0.692918
-9.612564 -96.155618 2503.947331 -17108.721046 0.747063 0.252071 0.615108 0.600237 -0.653444 -0.461222 -0.285678 -0.713772 0.639466
-6.357148 -68.469175 -417.068086 1444.935061 0.234430 0.955819 0.177348 -0.229115 -0.122969 0.965601 -0.944748 0.266999 -0.190165
-6.794201 -60.122380 -175.877829 1742.494332 0.253136 0.938368 0.235348 -0.065713 -0.226031 0.971901 -0.965196 0.261489 -0.004446
-5.221421 -73.313879 -603.288832 536.868748 0.224740 0.966747 0.122034 -0.419014 -0.017187 0.907817 -0.879727 0.255156 -0.401218
-5.520566 -63.099748 -577.366570 1762.382825 0.228708 0.947577 0.223138 -0.020016 -0.224587 0.974248 -0.973289 0.227284 0.032398
-4.711703 -71.209204 -527.404852 1506.012756 0.215546 0.962992 0.161823 -0.200659 -0.118503 0.972468 -0.955655 0.242082 -0.167690
0.392526 -72.182374 96.376620 4189.759990 -0.558938 0.815250 0.151515 0.381819 0.090838 0.919763 -0.736073 -0.571941 0.362050
1.594247 -73.971318 273.911831 3197.296754 -0.555220 0.816154 0.160075 0.381838 0.079154 0.920834 -0.738871 -0.572388 0.355586
1.264165 -87.979943 446.462767 8517.601134 -0.537130 0.822069 0.188927 0.266448 -0.047151 0.962695 -0.800310 -0.567432 0.193712
28.742454 -45.183210 -3216.542097 -1240.807233 -0.178655 0.976778 -0.118267 -0.782460 -0.213921 -0.584802 0.596522 0.011939 -0.802508
35.096276 -44.964412 3382.131952 -1453.108955 -0.253636 0.967218 -0.012532 -0.779083 -0.211945 -0.590007 0.573322 0.139884 -0.807301
1614.329561 -51.236236 779910.949191 -1573.595040 0.587863 0.771871 0.242141 0.531851 -0.594311 0.603265 -0.609550 0.225854 0.759894
6.596736 -56.309536 -106.784831 -9.712115 -0.364513 -0.875882 -0.316166 0.931114 -0.347405 -0.111074 -0.012549 -0.334874 0.942179
5.847596 -59.092122 -207.938557 -669.177852 -0.371612 -0.881387 -0.291651 0.927884 -0.342262 -0.147943 0.030574 -0.325596 0.945015
6.274191 -58.664148 -51.626130 -1159.308968 -0.391422 -0.864789 -0.314529 0.912739 -0.321391 -0.252219 0.117029 -0.385807 0.915127
5.362285 -57.422671 -347.633258 71.425767 -0.337450 -0.895453 -0.290330 0.936133 -0.351629 -0.003550 -0.098909 -0.272986 0.956920
6.014414 -56.178069 240.439544 -756.786067 -0.376620 -0.860368 -0.343401 0.923287 -0.318417 -0.214831 0.075489 -0.397967 0.914289
6.248826 -54.210695 216.306300 -243.764730 -0.357383 -0.868933 -0.342393 0.932402 -0.353100 -0.077118 -0.053889 -0.346808 0.936387
6.319675 -55.146169 -281.424350 -197.734602 -0.341793 -0.886479 -0.311981 0.928409 -0.369985 0.034169 -0.145718 -0.277968 0.949474
-10.857473 -136.516489 1965.851422 -4280.794863 0.651350 0.258903 0.713241 0.296082 0.778747 -0.553072 -0.698626 0.571421 0.430580
-9.805109 -147.082309 2049.263359 -4004.586532 0.656536 0.249650 0.711783 0.127567 0.893299 -0.430980 -0.743429 0.373754 0.554635
-4.275039 -158.780457 3813.638521 -11073.561854 0.696230 0.236285 0.677815 -0.022630 0.951026 -0.308281 -0.717462 0.199295 0.667480
-4.638763 -163.290628 3192.942888 -4055.250824 0.676570 0.232165 0.698822 0.276841 0.799187 -0.533534 -0.682357 0.554436 0.476433
-6.782238 -117.977993 -546.669982 -2734.017940 0.536376 0.346779 0.769445 0.776452 0.154574 -0.610925 -0.330792 0.925122 -0.186347
-9.588918 -116.382484 10.459309 2123.801265 0.564057 0.342150 0.751514 0.819200 -0.117590 -0.561323 -0.103687 0.932258 -0.346617
-11.936341 -109.930851 305.092400 6445.203219 0.553298 0.327171 0.766042 0.822394 -0.360726 -0.439936 0.132397 0.873405 -0.468652
-45.270871 -580.708751 -11594.163223 -193809.426836 -0.195620 -0.006518 -0.980658 0.980679 -0.000065 -0.195624 0.001211 -0.999979 0.006405
-20.207963 -33.449582 913.332020 -178.358636 -0.239035 0.944338 -0.226028 -0.061464 -0.247024 -0.967058 0.969064 0.217268 -0.117090
-18.304200 -32.891760 981.153179 -429.585755 -0.294946 0.908999 -0.294494 -0.018565 -0.313598 -0.949374 0.955333 0.274547 -0.109370
-20.046293 -29.937997 1052.177965 -1309.263295 -0.282573 0.931836 -0.227673 0.058283 -0.220229 -0.973705 0.957474 0.288412 -0.007920
-16.490417 -32.521111 579.685955 -652.096673 -0.338962 0.884760 -0.319852 0.022592 -0.332226 -0.942929 0.940529 0.326843 -0.092623
-17.772520 -28.619721 1061.724533 -1485.157019 -0.329673 0.901720 -0.279672 0.094958 -0.263060 -0.960095 0.939308 0.343074 -0.001098
-93.870902 -363.743177 -4557.985420 97725.232354 0.826751 0.260891 -0.498416 0.434579 0.266432 0.860323 -0.357244 0.927874 -0.106896
-89.371921 -934.272475 9712.324453 303525.409332 -0.571771 -0.259499 0.778292 0.665439 0.408184 0.624962 -0.479863 0.875241 -0.060707
-77.590430 -658.249092 -7527.150046 179660.674062 -0.594711 -0.191380 0.780828 0.669249 0.420299 0.612743 -0.445448 0.886974 -0.121876
-58.351173 -321.111686 11705.716264 -58522.868312 0.905497 0.399753 0.142378 -0.136631 -0.043003 0.989688 -0.401754 0.915613 -0.015679
4.618034 -342.923211 -1972.161365 -46238.272151 0.921838 -0.100664 0.374275 0.382843 0.086058 -0.919796 -0.060381 -0.991192 -0.117870
-4.570057 -649.167664 -8542.250733 -140850.510722 0.979942 0.035380 0.196119 0.155358 0.480730 -0.862996 0.124813 -0.876155 -0.465591
-19.679719 -73.494023 -13319.063295 -8086.697079 -0.102541 0.988904 0.107493 0.844891 0.029550 0.534122 -0.525019 -0.145589 0.838546
-11.158097 -77.357321 -9422.068972 -6382.935481 -0.150606 0.983847 0.096757 0.930762 0.108131 0.349271 -0.333167 -0.142660 0.932013
-15.880132 -85.870960 -7706.969584 11490.661838 -0.217976 0.975904 0.009850 0.974651 0.217152 0.053853 -0.050416 -0.021339 0.998500
-25.885246 -134.959280 -7421.501021 -26207.286944 -0.163200 0.980669 0.107950 0.262756 -0.062262 0.962851 -0.950960 -0.185502 0.247516
-19.658633 -115.447964 1457.562552 -5474.067882 -0.139830 0.980593 0.137424 0.470176 -0.056389 0.880770 -0.871425 -0.187772 0.453166
-60.704734 -127.174318 -22547.803415 12507.600370 -0.225055 0.932611 0.282113 0.643747 -0.075021 0.761552 -0.731396 -0.353000 0.583481
-145.313913 -363.810755 -34341.262628 -109221.386763 -0.531455 0.805975 -0.260689 0.070670 0.348862 0.934506 -0.844133 -0.478225 0.242363
-61.108559 -221.177970 -25273.911007 -52154.364957 -0.348275 0.937304 -0.012883 0.091192 0.047556 0.994697 -0.932946 -0.345253 0.102037
21.075255 -51.155522 20369.311811 -431.017105 0.592468 -0.705740 -0.388474 0.641368 0.121428 0.757563 -0.487471 -0.697987 0.524582
-29.452794 -57.152895 19941.103571 1011.696808 0.654709 -0.696494 -0.293689 -0.559238 -0.184930 -0.808117 -0.508537 -0.693323 0.510581
90.796576 -76.748460 -5976.770657 -3801.317238 0.461383 -0.694284 0.552354 0.833385 0.552692 -0.001420 -0.304295 0.460979 0.833608
81.854919 -59.009167 1540.310297 -3157.134753 -0.403025 0.717039 -0.568705 0.798194 0.579401 0.164867 -0.447724 0.387492 0.805849
65.392859 -42.684547 -4144.253021 -2183.257542 0.316106 -0.464772 0.827081 0.786417 0.616010 0.045598 -0.530683 0.636017 0.560230
2.476073 -55.304524 1368.557767 -3098.612044 0.575457 0.801579 -0.162234 0.744328 -0.431137 0.509996 0.338857 -0.414236 -0.844739
-0.611517 -61.390260 434.807915 -1339.796942 0.602020 0.785009 -0.146058 0.618618 -0.342886 0.706924 0.504860 -0.515936 -0.692045
8.379167 -59.723503 2110.032175 -1058.676871 0.600807 0.789874 -0.123005 -0.492389 0.244443 -0.835344 0.629749 -0.562447 -0.535789
-3.825639 -85.637494 1455.006617 -4099.064197 0.135684 0.989703 -0.045579 0.971720 -0.123962 0.200983 -0.193264 0.071560 0.978534
7.598349 -88.221375 517.566543 -630.772251 0.201797 0.979010 -0.028597 0.978533 -0.202775 -0.036831 0.041857 0.020551 0.998912
0.415602 -82.553846 1373.261191 -3041.825007 0.272548 0.961912 -0.021040 0.951106 -0.266055 0.156883 -0.145310 0.062770 0.987393
-7.936164 -75.495002 1643.104081 -2910.685773 0.211794 0.976955 -0.026493 0.909423 -0.187082 0.371416 -0.357900 0.102757 0.928089
-12.431667 -75.964034 1137.136123 -5506.714052 0.086296 0.995539 -0.038138 0.901410 -0.061719 0.428545 -0.424279 0.071359 0.902715
-1.071109 -140.203846 270.702630 4875.281378 -0.285717 0.949211 0.131774 0.070874 0.158060 -0.984883 0.955690 0.272059 0.112435
0.420020 -119.710598 222.879543 5117.778786 -0.281212 0.956627 0.076052 -0.133844 0.039378 -0.990220 0.950266 0.288641 -0.116966
16.237399 -8.586331 5186.637979 -1782.665829 -0.364615 -0.063807 -0.928969 -0.307448 0.949950 0.055423 0.878938 0.305817 -0.365984
-28.619318 -66.275866 -5494.582171 6751.145987 0.017596 -0.126022 0.991871 0.178810 0.976429 0.120887 -0.983726 0.175229 0.039716
-44.272198 -66.767831 -6400.945487 8228.255491 0.095638 -0.116100 0.988622 0.262760 0.960892 0.087425 -0.960110 0.251409 0.122404
-25.859377 -47.195819 -4118.881767 4203.707933 -0.046422 -0.381144 0.923349 0.341164 0.862716 0.373268 -0.938857 0.332342 0.089984
-1.376041 -56.422757 668.224877 -393.977924 0.624425 0.780900 -0.016984 0.378151 -0.321261 -0.868213 0.683444 -0.535711 0.495901
-3.615124 -59.479965 748.000041 -836.436274 0.647821 0.759672 -0.056803 0.238407 -0.272994 -0.932007 0.723526 -0.590231 0.357962
0.722305 -53.364980 422.763902 419.165581 0.597867 0.800642 0.039080 0.512095 -0.343983 -0.787041 0.616696 -0.490559 0.615661
-0.497480 -56.143967 965.327400 510.106012 0.602566 0.797882 0.017299 0.508362 -0.367028 -0.779012 0.615210 -0.478200 0.626771
-3.503705 -58.953854 1007.907180 -13.646378 0.634409 0.772452 -0.029041 0.371639 -0.337736 -0.864765 0.677798 -0.537822 0.501336
-7.985811 -85.297719 641.349461 -2948.477988 -0.555374 0.831562 0.008016 -0.692902 -0.457394 -0.557385 0.459834 0.315112 -0.830215
-5.191731 -92.001405 1131.887974 -5628.355376 -0.555303 0.831493 0.016058 -0.759662 -0.499285 -0.416688 0.338455 0.243586 -0.908908
-4.025674 -87.184738 2059.124438 -3265.243632 -0.604613 0.796259 0.020370 -0.672158 -0.496326 -0.549421 0.427372 0.345879 -0.835297
-9.032677 -91.174087 427.789589 -5780.839666 -0.510627 0.859789 0.004737 -0.780180 -0.461018 -0.422827 0.361358 0.219603 -0.906198
-6.098407 -85.047919 1710.712375 -2213.465598 -0.608448 0.793524 0.010541 -0.589655 -0.443158 -0.675217 0.531130 0.417050 -0.737544
-9.769187 -80.872888 524.285874 -186.114163 -0.553620 0.832749 0.005911 -0.615123 -0.404134 -0.676978 0.561364 0.378425 -0.735979
-11.035447 -84.603884 137.649449 -2899.975661 -0.502482 0.864575 0.004698 -0.716387 -0.413302 -0.562113 0.484047 0.285817 -0.827047
42.102044 -75.539421 7763.070696 6589.827398 -0.180831 -0.237718 -0.954353 0.457991 0.838368 -0.295607 0.870370 -0.490540 -0.042730
37.027219 -88.137749 9679.570523 12136.781893 -0.196836 -0.131955 -0.971516 0.513376 0.830329 -0.216792 0.835285 -0.541425 -0.095696
-6.090375 -19.711116 1562.098144 -900.037638 0.332360 0.762182 -0.555532 0.326198 0.459772 0.825957 -0.884947 0.455728 0.095812
-9.439248 -25.828240 1482.645636 -1013.633351 0.366275 0.833717 -0.413230 0.315241 0.306648 0.898103 -0.875480 0.459220 0.150505
-22.388064 -32.835518 1006.680087 -572.937385 -0.123784 0.988270 0.089445 0.564751 0.144278 -0.812552 0.815925 0.050067 0.575986
-23.299007 -32.265188 -226.321494 -491.943156 0.123319 0.983243 -0.134258 0.558973 -0.180610 -0.809277 0.819965 -0.024752 0.571879
-25.909809 -34.509304 -1105.438976 -598.150840 0.290720 0.898233 -0.329635 0.398556 -0.426889 -0.811738 0.869848 -0.104610 0.482101
42.650068 -9688.947646 -79883.522119 -3072930.609305 0.902988 -0.388392 -0.183751 -0.253377 -0.826732 0.502310 0.347006 0.407021 0.844938
-162.244866 -970.253189 24279.460488 -221653.826823 0.952996 -0.039647 -0.300378 0.190719 -0.691845 0.696403 0.235425 0.720957 0.651764
-92.024724 -5309.700134 49023.666481 -2302554.390840 0.921325 0.182888 -0.343092 -0.117778 0.972277 0.202004 0.370525 -0.145702 0.917323
-44.050075 -813.392971 5769.085590 205020.577765 0.930339 0.036261 -0.364903 -0.195875 -0.792104 -0.578104 0.310003 -0.609308 0.729823
-184.381915 -974.817905 37597.947816 248378.567970 0.954213 -0.086799 -0.286257 -0.291603 -0.483211 -0.825515 0.066669 -0.871190 0.486397
-30.737568 -62.424957 1335.160638 -9469.091475 0.150138 0.974088 -0.169147 -0.968400 0.179354 0.173300 -0.199147 -0.137783 -0.970235
-42.431012 -116.117368 11911.555984 -35351.384994 -0.113541 0.992371 0.048048 -0.985993 -0.118495 0.117373 -0.122171 0.034048 -0.991925
