10839
21664
-46.228014 -62.409418 -1397.553730 7351.072968 -0.074316 0.987225 -0.140941 0.985003 0.050600 -0.164951 0.155712 0.151086 0.976180
-51.211805 -72.304234 -115.294900 6236.955012 0.043767 -0.979765 0.195307 0.998677 0.037627 -0.035042 0.026984 0.196583 0.980116
-41.207910 -77.284978 4057.155872 9060.920134 0.301677 -0.951599 0.058743 0.951826 0.297053 -0.076072 0.054940 0.078863 0.995370
-46.096427 -66.340371 -532.026913 4746.130646 -0.346227 -0.890401 0.295487 0.935497 -0.351349 0.037406 0.070513 0.289379 0.954614
-35.047068 -59.162934 -4544.643015 8798.860225 -0.193058 0.980992 -0.019577 0.950397 0.182003 -0.252232 0.243874 0.067301 0.967469
-38.763145 -52.117108 780.091508 4219.744828 0.462799 0.840918 -0.280487 0.855114 -0.506898 -0.108786 0.233659 0.189503 0.953673
-49.799525 -61.939218 -1098.154905 -2195.760436 0.531361 -0.341361 -0.775325 -0.205256 0.836072 -0.508777 0.821904 0.429484 0.374189
-46.628918 -63.095874 -1322.467095 -989.652804 0.617652 -0.303870 -0.725376 -0.276157 0.779807 -0.561817 0.736372 0.547325 0.397733
-46.802179 -59.076281 -1190.405506 -2264.130347 0.608444 -0.258964 -0.750156 -0.148860 0.891240 -0.428407 0.779510 0.372330 0.503720
-11.253388 -101.306400 1895.671216 7177.137517 0.877219 -0.203820 0.434677 -0.450406 -0.662824 0.598163 -0.166196 0.720501 0.673244
-12.562420 -117.076786 1183.040420 4407.243411 0.861338 -0.226032 0.454980 -0.507759 -0.412365 0.756396 -0.016648 0.882533 0.469956
-16.806076 -104.542982 2643.164201 6703.297757 0.874539 -0.191858 0.445390 -0.469511 -0.564903 0.678560 -0.121415 0.802543 0.584109
-7.572982 -109.764464 603.860540 5646.585251 0.855691 -0.237364 0.459839 -0.505042 -0.576765 0.642087 -0.112811 0.781665 0.613411
-19.277772 -90.485214 3154.662121 7265.853751 0.892014 -0.142338 0.429011 -0.390744 -0.719945 0.573584 -0.227221 0.679279 0.697819
-5.217015 -99.460140 1779.139065 5775.596261 0.876663 -0.215811 0.429985 -0.427964 -0.758119 0.492039 -0.219792 0.615371 0.756974
1.715491 -34.544458 -2705.758740 1011.264181 -0.051147 0.997141 0.055628 0.333602 0.069560 -0.940144 0.941325 0.029528 0.336206
2.468212 -35.258944 -735.720629 1735.702845 -0.069512 0.996465 0.047167 0.375103 0.069920 -0.924343 0.924373 0.046560 0.378637
2.191955 -33.492390 -1114.590932 855.085019 -0.066791 0.995594 0.065815 0.306316 0.083237 -0.948284 0.949584 0.043176 0.310526
1.204470 -35.980084 1359.035694 1379.236445 -0.115957 0.991878 0.052270 0.383569 0.093260 -0.918791 0.916203 0.086491 0.391268
-2.790078 -32.970207 -2579.054141 66.911859 -0.052163 0.993903 0.097139 0.249460 0.107156 -0.962438 0.966979 0.025971 0.253528
1.524092 -32.819456 1957.776471 676.004466 -0.117787 0.992397 0.035697 0.289931 0.068749 -0.954575 0.949772 0.102087 0.295825
0.866054 -30.636843 -333.810772 -179.351012 -0.078733 0.994974 0.061877 0.220944 0.077942 -0.972167 0.972103 0.062870 0.225970
-7.315852 -65.534822 -24.212105 -1644.790121 0.047121 0.954679 0.293884 0.934624 -0.145964 0.324304 -0.352503 -0.259389 0.899144
-8.290457 -59.763489 -98.881637 -1337.536281 0.018112 0.962942 0.269098 0.864223 -0.150420 0.480096 -0.502783 -0.223865 0.834921
-5.705387 -61.690732 124.997619 753.409300 0.038100 0.952714 0.301469 0.910179 -0.157610 0.383057 -0.412459 -0.259796 0.873146
-5.503781 -67.535345 -498.167192 -1394.001228 0.039829 0.942054 0.333087 0.938719 -0.149500 0.310574 -0.342374 -0.300306 0.890279
-4.824569 -68.643513 -575.036445 -1083.547474 0.017508 0.939534 0.342007 0.910781 -0.156114 0.382238 -0.412518 -0.304802 0.858443
2.879692 -68.111377 -405.420624 544.889687 0.103240 0.991760 0.075859 0.994654 -0.103109 -0.005646 0.002222 0.076037 -0.997103
5.155944 -69.322767 -158.373880 1144.641545 0.088335 0.991799 0.092367 -0.973589 0.066369 0.218447 -0.210525 0.109224 -0.971468
3.929141 -67.463773 58.326297 1675.017414 0.079719 0.993299 0.083683 -0.983401 0.064641 0.169543 -0.162998 0.095810 -0.981963
2.926323 -67.002497 412.198836 197.991381 0.066188 0.994143 0.085432 0.997269 -0.063098 -0.038380 -0.032764 0.087739 -0.995604
4.461203 -67.167634 -240.251291 1224.040744 0.042836 0.996729 0.068537 -0.963291 0.023007 0.267473 -0.265021 0.077478 -0.961125
-8.241248 -92.947664 1100.717715 -5919.805459 -0.018657 0.978734 0.204284 0.264551 0.201870 -0.943006 0.964191 -0.036450 0.262692
-4.827237 -82.448285 1766.775385 -3651.316051 -0.024858 0.984334 0.174552 0.455539 0.166577 -0.874492 0.889868 -0.057777 0.452544
-9.005396 -81.462848 992.669170 -4577.047442 0.009427 0.985526 0.169261 0.395749 0.151771 -0.905731 0.918310 -0.075523 0.388591
-2.404138 -92.474883 1288.898395 -6535.346394 -0.041520 0.973689 0.224067 0.428039 0.219973 -0.876581 0.902806 -0.059513 0.425911
-10.480132 -89.940786 588.083150 -4853.959561 0.023728 0.983672 0.178398 0.197603 0.170313 -0.965374 0.979995 -0.058158 0.190336
-11.511448 -97.897114 544.971065 -3515.190965 0.016451 0.978170 0.207154 0.019881 0.206821 -0.978177 0.999667 -0.020210 0.016044
-5.602201 -105.625733 1061.787355 -5358.737251 -0.043839 0.965793 0.255583 0.143764 0.259265 -0.955046 0.988640 0.005125 0.150212
-9.697067 -101.359163 841.967918 -4251.676515 -0.017284 0.970390 0.240925 0.028966 0.241345 -0.970007 0.999431 0.009787 0.032280
-4.440710 -44.998906 -3134.555650 -1573.864259 0.267742 0.962117 -0.051432 0.101888 -0.081354 -0.991464 0.958088 -0.260216 0.119810
-4.490098 -42.428645 -1785.443947 -1701.601894 0.254779 0.965899 -0.046117 0.210482 -0.101940 -0.972268 0.943814 -0.238006 0.229277
1.322885 -44.007259 -5678.736360 -1548.997708 0.294517 0.955593 -0.010082 0.188875 -0.068547 -0.979606 0.936796 -0.286606 0.200676
-5.257374 -43.741366 1524.007419 -1708.597986 0.202568 0.976152 -0.078055 0.175311 -0.114568 -0.977824 0.963448 -0.184392 0.194338
-5.530984 -46.191853 939.878564 -1311.130068 0.206955 0.976129 -0.065893 0.057666 -0.079405 -0.995173 0.976649 -0.202157 0.072723
4.238679 -136.015949 -1970.450043 -10065.230179 0.771542 -0.164321 0.614591 -0.371116 0.668405 0.644599 0.516717 0.725419 -0.454720
2.333249 -119.932469 -586.063471 -5745.245165 0.748979 -0.165906 0.641487 -0.335605 0.739785 0.583170 0.571313 0.652069 -0.498405
1.561293 -119.555198 1001.664779 -6698.995188 -0.757663 0.154482 -0.634100 -0.225938 0.849420 0.476904 0.612291 0.504599 -0.608671
2.398657 -118.861573 107.260181 -4919.869709 -0.748656 0.193955 -0.633953 -0.230515 0.820423 0.523228 0.621593 0.537854 -0.569505
5.598843 -134.703558 43.431457 -5743.459314 0.755459 -0.225857 0.615037 -0.399067 0.585881 0.705329 0.519642 0.778288 -0.352476
-6.058784 -323.388686 1493.576924 -49014.951949 0.862796 -0.158557 0.480045 -0.474386 0.074323 0.877174 0.174761 0.984548 0.011091
-2.340872 -285.663394 -440.483006 -2155.914975 0.871339 -0.112571 0.477594 -0.484821 -0.347500 0.802616 -0.075613 0.930898 0.357367
-1.641554 -289.475278 -343.778725 -13741.791051 0.853154 -0.137048 0.503335 -0.499564 0.063200 0.863969 0.150216 0.988546 0.014544
-3.171649 -282.776658 3224.575386 15391.993056 0.875957 -0.192312 0.442398 -0.477951 -0.470123 0.741989 -0.065288 0.861394 0.503723
-0.481252 -313.223815 -2758.582927 -46360.775252 0.845536 -0.131055 0.517584 -0.417366 0.442334 0.793818 0.332979 0.887223 -0.319312
-4.173197 -262.060275 3052.388792 -27506.586426 0.871835 -0.196255 0.448762 -0.464944 -0.043448 0.884273 0.154045 0.979590 0.129127
-9.983244 -324.021682 3511.357449 -60647.930184 0.856606 -0.159755 0.490617 -0.374179 0.462373 0.803866 0.355269 0.872175 -0.336294
-8.969782 -254.611759 1077.545941 -37102.303054 0.866732 -0.142486 0.477990 -0.407703 0.349661 0.843514 0.287323 0.925978 -0.244970
1.688230 -143.816418 -688.633423 10428.510495 -0.729187 0.069678 -0.680758 0.174519 0.980843 -0.086541 0.661687 -0.181910 -0.727378
5.054753 -147.548130 -1664.586126 8290.590946 -0.722444 0.067654 -0.688111 0.320083 0.914866 -0.246105 0.612879 -0.398050 -0.682595
0.783758 -149.346291 192.276042 5335.625432 -0.735225 0.073852 -0.673788 0.344053 0.897133 -0.277091 0.584014 -0.435543 -0.685004
-1.002529 -146.790245 359.982444 10355.574097 -0.733457 0.064619 -0.676657 0.159980 0.983918 -0.079448 0.660641 -0.166524 -0.732000
18.727587 -53.773550 -215.182404 933.650240 -0.660577 -0.168716 -0.731555 -0.289752 0.956219 0.041109 0.692591 0.239125 -0.680542
16.141153 -55.373917 1530.155897 893.316208 -0.699262 -0.104829 -0.707137 -0.339238 0.919375 0.199168 0.629245 0.379158 -0.678446
17.121792 -59.333430 3922.889293 159.486333 -0.725966 -0.150394 -0.671085 -0.264872 0.961665 0.071019 0.634678 0.229309 -0.737971
18.804196 -54.787667 884.834751 -1244.429472 -0.678736 -0.194675 -0.708109 -0.188106 0.978143 -0.088611 0.709883 0.073056 -0.700521
1.415188 -16.794832 -1871.202017 3245.172378 0.662739 -0.233270 0.711592 0.488468 0.854919 -0.174679 -0.567606 0.463357 0.680533
2.080292 -24.835012 -1771.048857 3291.330487 0.684506 -0.218599 0.695461 0.434415 0.888417 -0.148322 -0.585436 0.403646 0.703089
-4.501047 -23.656312 -1294.632466 2254.583833 0.555298 -0.425201 0.714736 0.614949 0.788519 -0.008676 -0.559894 0.444344 0.699340
1.510202 -34.256372 -2553.038539 3125.335975 0.692900 -0.176238 0.699164 0.361951 0.923659 -0.125882 -0.623603 0.340286 0.703793
-2.206831 -93.365358 -2231.148878 -3557.622340 -0.724135 0.285622 -0.627733 -0.052402 0.884790 0.463034 0.687665 0.368193 -0.625740
-0.211405 -95.046857 -225.029199 -3313.885695 -0.746303 0.247000 -0.618079 -0.019992 0.919859 0.391739 0.665306 0.304713 -0.681556
-1.464857 -87.646842 -513.303824 -973.297017 -0.746856 0.232899 -0.622867 0.071892 0.959452 0.272549 0.661088 0.158776 -0.733317
-3.217126 -82.253371 -1196.198412 -3089.302026 -0.746118 0.249379 -0.617347 0.020449 0.935353 0.353124 0.665499 0.250848 -0.702984
14.102597 -484.817925 -508.821270 39396.349479 0.256549 0.966441 0.013200 0.853280 -0.232882 0.466561 -0.453978 0.108432 0.884391
15.236135 -564.683687 2263.906095 -110416.656664 0.201955 0.979281 0.014954 0.680394 -0.151266 0.717065 -0.704470 0.134640 0.696846
14.232296 -452.986459 2088.176558 -90953.160744 0.293206 0.955827 0.020626 0.438828 -0.153718 0.885325 -0.849388 0.250532 0.464514
28.386336 -1729.623676 10270.160966 -665311.591822 0.264716 0.963827 -0.031036 0.638870 -0.151177 0.754315 -0.722337 0.219507 0.655778
18.686851 -147.178040 -1943.890274 19971.367623 0.197501 0.587969 -0.784402 0.891674 -0.440220 -0.105467 -0.407321 -0.678601 -0.611221
35.436368 -313.337060 -8311.885885 88298.478635 0.150573 0.688123 -0.709799 0.902423 -0.388853 -0.185544 -0.403685 -0.612601 -0.679528
12.706992 -201.216244 -4605.092956 -29755.080435 0.188435 0.640982 -0.744066 -0.720799 0.604858 0.338518 -0.667039 -0.472533 -0.575996
8.155745 -163.694628 -4339.533540 16828.868931 0.199718 0.520304 -0.830299 0.807292 -0.567620 -0.161513 -0.555330 -0.638037 -0.533401
24.426389 -47.023554 -5770.452913 2489.964106 -0.457898 0.880326 0.123917 -0.565254 -0.395887 0.723714 -0.686161 -0.261342 -0.678884
24.790259 -52.348750 -10218.427244 -172.910721 -0.603597 0.754320 0.258208 -0.343045 -0.538056 0.769945 -0.719716 -0.376160 -0.583535
5.953489 -40.192870 -13252.014829 -2844.724001 -0.635779 0.762111 0.122357 -0.475636 -0.511668 0.715518 -0.607911 -0.396714 -0.687796
3.231273 -34.936611 -5620.623591 1938.973371 -0.367094 0.923111 -0.114486 -0.721081 -0.204659 0.661934 -0.587608 -0.325546 -0.740767
-13.564701 -34.296000 -6962.304158 -2884.225104 -0.425827 0.902025 -0.070868 -0.669148 -0.261232 0.695700 -0.609026 -0.343669 -0.714828
-34.720934 -71.925723 -1351.740220 530.260216 0.082256 0.969836 -0.229460 -0.942970 0.001220 -0.332875 0.322554 -0.243755 -0.914627
-35.367537 -72.326346 -1267.485625 785.759498 0.172637 0.972592 -0.155758 -0.854516 0.069236 -0.514790 0.489897 -0.221969 -0.843048
-24.987016 -76.837652 -6048.857971 229.746229 0.195031 0.935479 -0.294689 -0.880925 0.034984 -0.471960 0.431200 -0.351646 -0.830910
41.862751 -55.963001 -2327.913199 7106.153910 0.845179 -0.515558 0.140967 0.530392 0.776447 -0.340314 -0.065998 -0.362395 -0.929685
50.224337 -65.156991 -3220.677800 9377.081978 0.788004 -0.602989 0.124313 0.594281 0.692204 -0.409492 -0.160870 -0.396558 -0.903804
60.757866 -107.668244 -3472.958602 19462.774933 0.838045 -0.487222 0.245552 0.542517 0.696359 -0.469851 -0.057929 -0.526972 -0.847906
36.658278 -62.944258 416.330674 5798.854345 0.898298 -0.378111 0.223816 0.436921 0.822581 -0.363952 0.046493 -0.424727 -0.904127
29.532841 -45.586489 -537.832811 502.042297 0.898935 -0.411548 0.150147 0.437633 0.859122 -0.265303 0.019810 -0.304200 -0.952402
1.814506 -54.666547 249.985023 -85.270702 0.030014 0.998229 0.051359 0.799871 0.006827 -0.600133 0.599421 -0.059093 0.798250
3.259515 -51.535296 495.318960 971.619062 0.062582 0.997526 0.032032 0.763684 -0.027199 -0.645016 0.642549 -0.064829 0.763497
1.834655 -52.242134 542.398358 -374.515414 0.045463 0.998032 0.043194 0.851796 -0.016139 -0.523625 0.521897 -0.060598 0.850853
3.948796 -49.761946 400.430548 667.998377 0.085785 0.995899 0.028752 0.776669 -0.048769 -0.628019 0.624041 -0.076205 0.777667
0.415475 -53.717486 103.994523 -902.817686 0.006068 0.997442 0.071218 0.893958 0.026504 -0.447366 0.448109 -0.066381 0.891511
3.002081 -49.811515 449.800253 -801.816405 0.071553 0.996702 0.038291 0.865524 -0.042965 -0.499021 0.495730 -0.068848 0.865744
1.289780 -51.226622 526.133180 -605.110873 0.048069 0.997832 0.044952 0.922274 -0.027059 -0.385589 0.383537 -0.059993 0.921575
0.467155 -53.599290 718.706865 27.182358 0.007391 0.998570 0.052955 0.919765 0.013992 -0.392219 0.392399 -0.051605 0.918346
-4.081343 -95.615468 2039.223611 5372.864530 0.019058 0.992987 -0.116677 -0.308050 -0.105189 -0.945537 0.951179 -0.053962 -0.303885
-0.978707 -95.433467 1789.785775 1396.206895 0.015679 0.992442 -0.121710 -0.110353 -0.119264 -0.986711 0.993769 -0.028902 -0.107649
-7.647931 -107.139189 2070.214627 3212.690964 0.023340 0.997643 -0.064532 -0.041447 -0.063529 -0.997119 0.998868 -0.025947 -0.039866
-9.492127 -99.615877 1349.428680 6378.694413 0.061621 0.996933 -0.048251 -0.216029 -0.033876 -0.975799 0.974440 -0.070553 -0.213279
-2.828267 -158.337714 -1594.479186 -1322.595150 0.072398 0.944895 -0.319267 -0.924873 -0.056214 -0.376098 0.373321 -0.322510 -0.869838
-1.680920 -139.783344 895.844761 -7919.885929 0.059601 0.962716 -0.263865 -0.884202 -0.071765 -0.461559 0.463287 -0.260819 -0.846958
-2.513123 -142.935740 -505.933808 -4394.781048 0.094237 0.956283 -0.276843 -0.785147 -0.099584 -0.611251 0.612098 -0.274965 -0.741438
-3.616435 -169.104608 -639.916367 -3760.516030 0.099793 0.958108 -0.268459 -0.757587 -0.101751 -0.644755 0.645061 -0.267723 -0.715696
-2.452033 -146.751910 -760.387396 -1159.066821 0.147453 0.958739 -0.243060 -0.577897 -0.115923 -0.807835 0.802679 -0.259581 -0.536959
13.462764 -50.449123 9017.891281 619.142016 0.191336 0.965686 -0.175616 0.905722 -0.242657 -0.347542 0.378231 0.092562 0.921072
-13.635874 -52.699955 -974.009809 -725.909241 0.062223 0.997875 -0.019357 0.970593 -0.065018 -0.231780 0.232546 0.004365 0.972576
-12.250173 -52.584612 -582.017094 415.968158 0.050190 0.998693 -0.009663 0.930304 -0.050269 -0.363328 0.363339 -0.009246 0.931611
-12.099031 -51.043494 -436.698011 1571.720301 0.041440 0.998948 -0.019662 0.862500 -0.045699 -0.503990 0.504358 -0.003926 0.863486
9.070484 -47.981139 8552.478889 1575.425229 0.160919 0.970617 -0.178905 0.829770 -0.231196 -0.507967 0.534403 0.066708 0.842593
157.998652 -47.832901 50075.930919 2240.261253 0.233998 0.922612 -0.306646 0.817422 -0.357455 -0.451716 0.526371 0.144958 0.837807
447.472355 -55.155600 112320.652017 4152.162677 0.278435 0.905903 -0.319083 0.854574 -0.385305 -0.348201 0.438380 0.175729 0.881443
186.329589 -49.126347 60240.114277 -907.302304 0.369691 0.884769 -0.283746 0.881449 -0.430551 -0.194097 0.293898 0.178352 0.939050
-22.554880 -45.070716 -365.437464 0.169072 -0.208620 0.951799 0.224845 0.587646 0.305769 -0.749118 0.781761 0.024151 0.623111
-10.419795 -35.405724 -483.490415 1956.390712 0.005081 0.999952 -0.008434 0.618350 -0.009770 -0.785842 0.785886 0.001223 0.618370
-9.408974 -33.803844 289.442074 578.111224 0.033453 0.997374 -0.064229 0.567563 -0.071855 -0.820188 0.822650 0.009016 0.568477
5.582446 -48.066708 645.574210 164.927669 0.060641 0.974619 -0.215500 -0.872135 -0.053274 -0.486356 0.485492 -0.217438 -0.846769
5.959746 -47.621243 576.445581 615.724322 0.086109 0.974553 -0.206956 -0.822260 -0.047778 -0.567103 0.562560 -0.219004 -0.797222
3.640984 -50.743067 825.417481 387.416412 0.084176 0.979283 -0.184171 -0.805119 -0.042059 -0.591621 0.587110 -0.198079 -0.784899
2.941579 -51.785042 946.909302 15.882044 0.055259 0.979144 -0.195507 -0.870736 -0.048568 -0.489347 0.488637 -0.197275 -0.849892
13.762955 -41.136145 3712.238509 2359.976880 0.249185 0.966451 0.062284 0.288264 -0.135415 0.947927 -0.924560 0.218255 0.312337
3.946351 -48.675596 3855.471512 1559.092094 0.267613 0.962316 -0.048279 0.145980 0.009034 0.989246 -0.952404 0.271783 0.138061
4.019190 -46.940475 3822.581645 3970.475145 0.252845 0.963002 -0.093255 0.337546 0.002528 0.941306 -0.906715 0.269482 0.324418
15.546305 -38.493817 4247.086350 2046.662368 0.264109 0.964335 0.017457 0.435534 -0.135392 0.889932 -0.860556 0.227436 0.455759
5.762260 -88.690161 698.355840 -6437.694102 0.924621 0.245970 0.290817 -0.371099 0.409763 0.833295 -0.085800 0.878404 -0.470154
6.022466 -81.137222 -764.792120 -5585.973096 0.941380 0.232466 0.244465 -0.331578 0.504156 0.797423 -0.062125 0.831737 -0.551683
7.976382 -95.510612 1065.187796 -4735.936582 0.937485 0.220406 0.269340 -0.326564 0.289527 0.899739 -0.120326 0.931448 -0.343403
4.273529 -103.740591 3412.014540 -1407.404053 0.942586 0.172843 0.285755 -0.296082 0.036690 0.954458 -0.154487 0.984266 -0.085759
15.110442 -98.877060 2746.416779 -9.855237 0.932190 0.202744 0.299861 -0.309434 0.016529 0.950777 -0.187808 0.979092 -0.078144
52.761453 -909.860177 26616.705686 -224915.755547 0.638415 0.442361 0.629875 0.577477 0.265750 -0.771944 0.508867 -0.856559 0.085795
35.436427 -616.398800 -4489.730562 -69701.441699 -0.742474 -0.406386 -0.532525 0.135452 0.687462 -0.713476 0.656038 -0.601869 -0.455377
81.334143 -1157.884928 3438.166816 -326787.519497 0.836747 0.329011 0.437729 0.348939 0.295696 -0.889273 0.422015 -0.896836 -0.132618
34.193845 -720.995976 14216.608372 122805.755863 0.887865 0.305580 0.343972 0.412852 -0.199116 -0.888767 0.203099 -0.931114 0.302948
-22.281609 -34.186826 -1445.453697 363.595532 -0.590552 -0.638149 -0.493978 -0.532929 0.768048 -0.355091 0.606000 0.053556 -0.793660
-24.374398 -35.023861 -193.542175 -110.623011 0.320645 0.902424 0.287781 -0.812960 0.418111 -0.405314 0.486090 0.103993 -0.867699
-23.717539 -31.663833 685.153697 -21.980563 0.440721 0.783313 0.438390 -0.704597 0.604463 -0.371709 0.556155 0.145068 -0.818319
-24.381350 -36.921636 193.882703 191.532259 0.482787 0.808055 0.337586 -0.688670 0.588443 -0.423636 0.540971 0.027959 -0.840576
-18.048865 -29.613763 -2874.237997 765.728144 -0.653820 -0.426073 -0.625285 -0.422061 0.891244 -0.165977 0.628000 0.155389 -0.762542
-13.355841 -31.785439 -3658.413583 680.429860 -0.704228 -0.311732 -0.637877 -0.267682 0.948727 -0.168119 0.657579 0.052354 -0.751565
-11.548272 -34.466331 -3855.982709 824.020712 -0.708528 -0.312315 -0.632809 -0.213979 0.949598 -0.229079 0.672459 -0.026901 -0.739646
-19.058031 -38.235095 -2079.446137 1044.571346 -0.673411 -0.534045 -0.511189 -0.373470 0.842511 -0.388194 0.637996 -0.070501 -0.766806
-9.192363 -91.206131 -1991.355468 -3329.115658 0.121062 0.969886 -0.211342 -0.745477 -0.051750 -0.664520 0.655445 -0.237999 -0.716762
-5.684244 -101.767367 -812.986880 -3154.606400 0.115444 0.971196 -0.208450 -0.729016 -0.059698 -0.681888 0.674691 -0.230683 -0.701125
-7.715911 -103.362117 -2338.409885 -4682.008093 0.101868 0.965192 -0.240890 -0.864373 -0.033985 -0.501701 0.492424 -0.259326 -0.830824
-9.198643 -91.325230 -1981.677211 -3526.518427 0.088750 0.972150 -0.216903 -0.859464 -0.035321 -0.509974 0.503433 -0.231681 -0.832394
-30.442664 -707.452629 24641.295324 184597.782300 0.531479 -0.132234 0.836687 0.526637 0.825223 -0.204108 -0.663463 0.549109 0.508228
-138.961530 -408.914865 -21498.794772 14712.636823 0.185725 -0.338415 0.922487 0.511160 0.835064 0.203432 -0.839179 0.433756 0.328076
-129.340598 -315.069139 -18750.619911 76220.872488 0.394125 0.039491 0.918208 0.497411 0.830940 -0.249242 -0.772818 0.554959 0.307851
-114.404380 -818.981121 -5800.116489 210806.605821 0.382481 0.088804 0.919686 0.414100 0.873330 -0.256544 -0.825972 0.478965 0.297259
4.034267 -281.766225 -1646.725386 -10342.639894 0.636703 0.649124 -0.416230 0.765838 -0.469306 0.439596 0.090013 -0.598656 -0.795932
-6.412083 -271.343828 -4604.725802 -39274.958473 0.688555 0.568592 -0.450106 0.723535 -0.580487 0.373541 -0.048888 -0.582871 -0.811093
-1.674886 -351.046024 -3873.749878 -72532.351766 0.678125 0.586953 -0.442304 -0.645036 0.186883 -0.740947 0.352242 -0.787757 -0.505336
11.133226 -431.465385 -1736.505568 -107684.210124 0.659439 0.613789 -0.434054 -0.624560 0.125957 -0.770753 0.418407 -0.779358 -0.466409
3304.964669 -49625.174958 9867.813159 17521796.497129 0.433817 0.644227 -0.629900 0.796107 0.053306 0.602803 0.421920 -0.762974 -0.489749
9.831903 -41.229057 345.396125 1072.373304 0.123344 0.955264 -0.268806 -0.853272 -0.036208 -0.520207 0.506668 -0.293529 -0.810634
9.720468 -37.107943 373.671774 -1047.367614 0.122707 0.950486 -0.285515 -0.884422 -0.025795 -0.465975 0.450268 -0.309694 -0.837466
10.564306 -41.025175 -196.951900 1657.625615 0.151619 0.942935 -0.296456 -0.855893 -0.024782 -0.516559 0.494428 -0.332055 -0.803294
-55.958196 -80.394819 423.077022 5488.042607 0.244547 -0.954842 0.168740 0.964796 0.256982 0.055940 -0.096777 0.149120 0.984072
-55.490473 -77.004173 -1863.451261 3793.504745 -0.116915 -0.957405 0.264019 0.984592 -0.076931 0.157033 -0.130033 0.278310 0.951648
-18.515558 -113.170081 2420.616171 3648.069304 0.865215 -0.192935 0.462795 -0.501361 -0.344595 0.793657 -0.006353 0.918711 0.394879
-9.650374 -118.578801 -65.513632 1880.082038 0.845459 -0.247839 0.473049 -0.532685 -0.328280 0.780051 0.038034 0.911487 0.409567
-12.654808 -119.983821 -257.279630 -1313.014548 0.850435 -0.234646 0.470853 -0.505268 -0.115051 0.855259 0.146511 0.965248 0.216402
-14.505901 -117.269671 1826.157681 -699.296757 0.859488 -0.227928 0.457526 -0.495212 -0.149484 0.855815 0.126671 0.962135 0.241352
-0.347880 -37.634129 -1912.698890 1921.149667 -0.046994 0.998222 0.036676 0.425717 0.053230 -0.903289 0.903635 0.026836 0.427461
0.994162 -37.579008 80.932431 2242.463980 -0.091493 0.994478 0.051411 0.433275 0.086240 -0.897126 0.896606 0.059806 0.438772
-8.222231 -53.390787 -177.767408 -685.642081 -0.003988 0.967718 0.252002 0.774916 -0.156291 0.612437 -0.632052 -0.197723 0.749277
-7.194525 -55.373986 -121.217737 -1090.174018 -0.018026 0.966351 0.256595 0.750644 -0.156446 0.641917 -0.660460 -0.204183 0.722566
-9.056915 -52.897252 -372.122636 -1206.280350 0.000472 0.970973 0.239189 0.780310 -0.149944 0.607152 -0.625393 -0.186355 0.757731
4.249759 -72.424969 18.610219 1214.932386 0.120665 0.987098 0.105247 -0.975174 0.098037 0.198557 -0.185677 0.126593 -0.974422
4.452331 -71.859922 368.960874 1300.275115 0.088250 0.988608 0.121925 -0.934432 0.039766 0.353915 -0.345035 0.145163 -0.927296
3.648748 -70.741347 -13.646541 -952.006744 0.129656 0.986561 0.099432 0.989486 -0.122253 -0.077272 -0.064078 0.108405 -0.992039
-4.927721 -75.001562 1794.551839 -586.758794 -0.003915 0.988074 0.153927 0.536883 0.131939 -0.833276 0.843648 -0.079379 0.530997
0.699201 -88.253629 2209.582654 -655.877260 -0.036109 0.983574 0.176856 0.614499 0.161414 -0.772228 0.788091 -0.080793 0.610234
-4.024800 -40.628681 -2427.328877 -997.485092 0.266571 0.962994 -0.039767 0.297683 -0.121506 -0.946901 0.916692 -0.240579 0.319057
2.229187 -145.252845 815.314171 -6311.558361 0.750887 -0.159706 0.640829 -0.463900 0.563091 0.683904 0.470069 0.810816 -0.348730
0.973243 -139.610022 1040.070332 -9438.405058 0.742876 -0.181656 0.644310 -0.381475 0.676039 0.630435 0.550101 0.714124 -0.432916
2.867876 -155.307569 -180.446134 -5892.507608 0.766170 -0.175265 0.618277 -0.536053 0.356339 0.765290 0.354445 0.917772 -0.179065
3.250555 -154.025388 281.501883 -5565.330355 0.767247 -0.159035 0.621321 -0.569173 0.277651 0.773920 0.295591 0.947427 -0.122509
3.197677 -114.424117 -282.082578 -3971.273273 0.047067 0.992226 0.115207 0.559726 -0.121725 0.819689 -0.827340 -0.025904 0.561104
4.162958 -133.854811 -16.814423 -15074.032351 0.105060 0.977326 0.183835 0.711670 -0.203008 0.672543 -0.694614 -0.060173 0.716862
1.846251 -111.849211 -674.871876 -2695.136311 0.051747 0.987519 0.148754 0.585272 -0.150681 0.796713 -0.809184 -0.045834 0.585765
1.722221 -119.540322 9.664199 6747.543390 0.018529 0.997458 0.068810 0.405118 -0.070409 0.911549 -0.914077 -0.010987 0.405392
0.746139 -117.066240 -761.872088 7906.284573 -0.001706 0.996490 0.083698 0.384035 -0.076627 0.920133 -0.923317 -0.033712 0.382556
0.155963 -273.752986 -104.435402 -452.951973 0.874605 -0.133418 0.466118 -0.483794 -0.303152 0.821001 -0.031768 0.943556 0.329685
1.203890 -291.886750 1310.402218 10537.488874 0.888283 -0.123846 0.442284 -0.417330 -0.619770 0.664621 -0.191804 0.774950 0.602215
-1.988433 -298.845382 463.084044 30955.386594 0.879696 -0.124368 0.458986 -0.395443 -0.727406 0.560808 -0.264122 0.674843 0.689076
32.354651 -50.912819 -1625.191960 -1307.637768 -0.633496 -0.348052 -0.691044 -0.044438 0.908007 -0.416590 0.772469 -0.233199 -0.590686
36.962128 -62.800443 4322.098812 2809.584967 -0.754771 -0.263635 -0.600681 0.025301 0.903307 -0.428248 0.655500 -0.338426 -0.675120
41.688167 -58.009336 -3191.111945 4209.652551 -0.627829 -0.421371 -0.654428 -0.010524 0.845307 -0.534177 0.778280 -0.328485 -0.535143
6.813243 -26.104756 -1723.279831 3367.029629 0.739056 -0.092502 0.667262 0.320559 0.919482 -0.227583 -0.592484 0.382093 0.709202
-28.820078 -128.441792 -423.634090 33897.992550 -0.404229 -0.391334 0.826715 0.084717 0.883947 0.459848 -0.910726 0.255921 -0.324164
-11.294131 -151.802323 2698.493707 24662.452824 -0.278422 -0.442497 0.852454 -0.277060 0.886821 0.369846 -0.919630 -0.133207 -0.369509
-18.509973 -112.803219 -1961.663128 27966.334551 -0.355531 -0.432783 0.828430 -0.024533 0.890355 0.454605 -0.934342 0.141303 -0.327166
-32.315217 -80.718269 1889.436143 10758.431897 -0.372741 -0.641587 0.670395 0.007187 0.720441 0.693479 -0.927908 0.263306 -0.263927
-26.051712 -110.755806 -4486.694136 4646.887294 0.281806 0.721975 -0.631932 -0.030769 0.665087 0.746132 -0.958978 0.190820 -0.209640
45.503157 -72.017583 -2269.814513 4247.666899 -0.390963 0.874103 0.288255 -0.451170 -0.454979 0.767750 -0.802243 -0.170110 -0.572249
49.733833 -71.288293 -2710.014672 4190.279738 -0.450450 0.796217 0.403897 -0.183264 -0.525220 0.830999 -0.873790 -0.300303 -0.382503
27.308397 -56.996903 -16557.054247 -904.076658 -0.718907 0.611027 0.331388 -0.128877 -0.585646 0.800256 -0.683054 -0.532601 -0.499773
-39.171496 -69.048798 970.215797 1460.034223 0.157955 0.987146 -0.024343 -0.792629 0.112051 -0.599320 0.588889 -0.113960 -0.800139
-38.832571 -67.524224 1033.540186 713.736296 0.092905 0.993629 -0.063797 -0.883119 0.052640 -0.466186 0.459858 -0.099651 -0.882384
-39.903009 -68.224698 -71.323799 897.548389 0.046984 0.998695 0.020023 -0.843149 0.050399 -0.535313 0.535623 -0.008269 -0.844416
-38.342647 -65.781314 650.085300 608.744705 0.013445 0.999200 -0.037669 -0.936779 -0.000587 -0.349921 0.349663 -0.039992 -0.936022
57.933285 -85.951416 -5534.076186 13033.880121 0.742986 -0.650538 0.157392 0.619452 0.579301 -0.529801 -0.253478 -0.491131 -0.833390
48.045270 -71.017020 -3294.044086 10154.125339 0.687784 -0.715708 0.121304 0.665661 0.555169 -0.498681 -0.289566 -0.423733 -0.858255
40.945419 -52.930820 -2543.983054 6621.354180 0.722009 -0.686515 0.086027 0.660432 0.646776 -0.381458 -0.206237 -0.332232 -0.920374
1.506672 -45.938082 -1431.550755 2171.435272 0.132315 0.970266 0.202674 -0.090100 -0.191853 0.977279 -0.987104 0.147569 -0.062036
-1.658996 -40.848580 -1269.090929 1366.830812 0.130722 0.939738 0.315917 -0.040908 -0.313267 0.948784 -0.990575 0.136951 0.002508
-2.337322 -43.711860 -1341.552614 1632.215248 0.140231 0.965305 0.220278 -0.153658 -0.198564 0.967968 -0.978123 0.169586 -0.120482
-5.534372 -38.638892 -702.069032 1476.024051 0.143283 0.942200 0.302869 -0.091141 -0.292165 0.952015 -0.985476 0.164012 -0.044011
-0.487429 -48.212393 -1340.789941 774.734388 0.141606 0.977889 0.153888 -0.224213 -0.119732 0.967157 -0.964197 0.171459 -0.202301
-4.254681 -45.874114 -1557.959029 1159.762536 0.145653 0.972932 0.179411 -0.251112 -0.139050 0.957918 -0.956937 0.184576 -0.224062
-6.686578 -42.207215 -799.107765 1310.992055 0.153849 0.958621 0.239531 -0.212717 -0.204601 0.955453 -0.964926 0.197948 -0.172437
3.208812 -53.110251 242.048504 251.850274 0.074500 0.996951 0.023209 0.715046 -0.037183 -0.698087 0.695096 -0.068603 0.715636
4.270979 -51.584712 339.958306 243.244071 0.096703 0.995226 0.013201 0.695132 -0.058039 -0.716536 0.712349 -0.078467 0.697425
6.086551 -76.952714 891.262526 3541.104365 0.016062 0.981259 -0.192021 -0.460000 -0.163263 -0.872780 0.887773 -0.102348 -0.448757
3.799629 -76.431779 434.191016 6386.668665 0.038521 0.986908 -0.156613 -0.528152 -0.112940 -0.841606 0.848276 -0.115135 -0.516887
7.853909 -68.871444 452.229054 4606.502357 0.036275 0.980943 -0.190880 -0.616325 -0.128395 -0.776955 0.786656 -0.145828 -0.599922
7.042816 -76.626992 959.515259 2550.289735 0.020201 0.980532 -0.195315 -0.403656 -0.170727 -0.898841 0.914688 -0.096998 -0.392349
-2.520290 -142.212712 677.148634 5158.698640 0.030382 0.958949 -0.281948 0.971704 0.037768 0.233162 0.234239 -0.281054 -0.930667
-3.616047 -139.865725 1654.343764 6200.650798 0.026456 0.963558 -0.266190 0.977990 0.030183 0.206457 0.206967 -0.265793 -0.941551
-13.579934 -52.417889 -1710.926040 -1148.313800 0.053161 0.998372 0.020686 0.976488 -0.047640 -0.210243 0.208915 -0.031376 0.977430
-14.541080 -50.798849 -1648.491083 -1521.016089 0.062909 0.998019 0.001022 0.995498 -0.062677 -0.071099 0.070894 -0.005490 0.997469
-14.847244 -52.001716 -291.981273 -1799.788459 0.046285 0.997650 -0.050522 0.996599 -0.049570 -0.065824 0.068174 0.047303 0.996551
-0.878279 -41.585381 3493.657479 2632.519193 0.104072 0.986932 -0.123020 0.693491 -0.160672 -0.702321 0.712909 0.012221 0.701150
-10.434659 -38.947487 -200.323984 1943.212020 0.005659 0.999653 0.025718 0.666555 0.015400 -0.745297 0.745435 -0.021360 0.666236
-12.503762 -45.756776 -936.512355 2189.607035 0.027720 0.999527 0.013306 0.777031 -0.013171 -0.629325 0.628852 -0.027784 0.777029
-11.202479 -42.665461 -169.569486 1955.223058 0.025892 0.999210 0.030136 0.721017 0.002215 -0.692914 0.692433 -0.039669 0.720390
-10.922444 -37.945156 297.963335 1112.663465 0.030597 0.999463 0.011724 0.635873 -0.010414 -0.771724 0.771187 -0.031068 0.635850
8.057933 -44.470173 480.964065 351.657586 0.069060 0.967599 -0.242862 -0.875714 -0.057814 -0.479357 0.477866 -0.245782 -0.843347
7.426306 -47.286288 706.090579 830.962353 0.102604 0.971654 -0.212982 -0.791939 -0.049769 -0.608569 0.601918 -0.231110 -0.764384
-4.663816 -128.284310 318.926586 860.150572 0.913175 0.307922 0.267013 0.367184 -0.905880 -0.211088 -0.176883 -0.290803 0.940290
-5.838818 -148.768858 44.539643 669.067230 0.896448 0.333852 0.291417 -0.369568 0.926098 0.075901 -0.244541 -0.175740 0.953580
-3.534605 -142.910320 -513.843092 1322.662030 0.913066 0.291542 0.285156 0.383779 -0.850770 -0.359032 -0.137929 -0.437256 0.888697
-5.058978 -130.406437 634.488477 -53.870696 0.899465 0.343266 0.270429 -0.337383 0.938799 -0.069496 -0.277734 -0.028729 0.960228
-1.865759 -130.874201 -504.272559 -1492.164887 0.929787 0.257822 0.262725 0.358077 -0.798919 -0.483229 -0.085309 -0.543375 0.835144
-2.595204 -128.543424 -178.568840 -3133.218463 0.933050 0.258106 0.250599 0.341322 -0.855218 -0.390001 -0.113655 -0.449425 0.886058
-3.684133 -126.568476 417.633932 -2068.677090 0.916239 0.300519 0.264943 -0.341293 0.931833 0.123319 -0.209823 -0.203412 0.956346
3.228794 -66.383985 -1837.824301 -5385.392702 0.951011 0.219780 0.217426 -0.309153 0.672846 0.672088 -0.001417 0.706381 -0.707830
1.088207 -71.689518 -971.323336 -5103.463480 0.918322 0.266553 0.292632 -0.395298 0.579132 0.712983 -0.020575 0.770425 -0.637198
5.717291 -57.825064 -1923.438811 -4112.002704 0.964390 0.179108 0.194608 -0.259536 0.782525 0.565947 0.050920 0.596301 -0.801144
4.539043 -73.621868 -568.483736 -7160.262708 0.954679 0.193581 0.226085 -0.297235 0.659523 0.690421 0.015456 0.726330 -0.687172
5.105891 -2894.462384 7060.798131 -182544.077162 0.800778 0.385374 0.458521 -0.265088 0.914498 -0.305650 -0.537106 0.123210 0.834468
-24.028324 -3171.359291 892.511005 320657.829280 0.722878 0.513542 0.462300 0.009263 0.661792 -0.749630 -0.690913 0.546174 0.473638
-267.093774 -8427.702320 7503.697184 2239140.701940 0.824782 0.287020 0.487191 0.550928 -0.601921 -0.578074 -0.127332 -0.745192 0.654581
-225.487208 -3265.593980 55864.514792 -233023.047147 0.791786 0.329188 0.514500 -0.429973 0.898668 0.086716 -0.433819 -0.289882 0.853094
33.818536 -653.589882 3345.303722 191083.504391 0.908206 0.133960 0.396505 0.415126 -0.408791 -0.812748 -0.053212 -0.902743 0.426877
-20.727934 -5308.926784 31375.117461 338111.655257 0.930798 0.281175 0.233572 -0.013058 0.664157 -0.747479 0.365301 -0.692702 -0.621867
-141.441969 -19352.608537 41155.923873 5129460.555995 0.903530 0.300897 0.305115 0.011368 0.694929 -0.718988 0.428375 -0.653096 -0.624469
-23.725793 -33.208097 336.519799 -445.624681 0.099503 0.962545 0.252202 -0.883752 0.201962 -0.422130 0.457254 0.180881 -0.870747
-22.336977 -35.920280 -47.215219 294.679707 0.178524 0.963536 0.199317 -0.914141 0.237356 -0.328646 0.363971 0.123533 -0.923182
-23.638695 -37.648079 -722.499635 328.660571 0.374120 0.900116 0.223217 -0.818769 0.433622 -0.376284 0.435491 0.041987 -0.899213
-6.666213 -112.287305 68.632229 -5175.122425 0.069326 0.973398 -0.218379 -0.884834 -0.041100 -0.464091 0.460721 -0.225403 -0.858446
-21.138815 -255.395241 -6021.205828 -19298.016738 0.695877 0.589145 -0.410686 0.714034 -0.506369 0.483472 0.076877 -0.629681 -0.773041
-44.448850 -373.830675 -10025.903480 -49265.219719 0.717815 0.584259 -0.378660 -0.585146 0.211535 -0.782852 0.377289 -0.783514 -0.493719
-47.593727 -80.278710 -2857.203235 2069.787513 -0.318181 0.943003 -0.097504 0.926627 0.331079 0.178183 -0.200309 0.033656 0.979155
-21.902139 -72.107365 -9781.774512 -920.658571 -0.229386 0.971635 0.057510 0.965467 0.219636 0.140121 -0.123515 -0.087666 0.988463
-19.815885 -78.036404 -7224.176400 11526.193855 -0.261337 0.964474 0.038627 0.953806 0.264176 -0.143059 0.148181 0.000544 0.988960
-21.956066 -103.878065 2861.581631 6821.312961 0.870226 -0.150095 0.469231 -0.468235 -0.548123 0.693049 -0.153173 0.822820 0.547271
-4.302615 -35.808531 -2990.496862 1203.575532 -0.047649 0.997651 0.049219 0.326964 0.062138 -0.942992 0.943835 0.028840 0.329156
-5.871910 -66.907140 420.600219 -1291.343730 -0.061174 -0.942037 -0.329885 0.966033 -0.139017 0.217841 -0.251074 -0.305354 0.918543
3.733696 -78.587882 719.056742 1712.167664 0.123318 0.982370 0.140506 -0.957959 0.080883 0.275269 -0.259051 0.168545 -0.951044
3.139473 -76.078366 690.789407 1665.747997 0.074010 0.984912 0.156434 -0.884915 -0.007470 0.465692 -0.459834 0.172897 -0.871010
4.613892 -68.703081 116.495026 356.747252 0.048454 0.990192 0.131045 -0.864504 -0.024139 0.502045 -0.500284 0.137615 -0.854855
-11.299919 -86.972487 -150.908289 -5209.624709 0.062930 0.982707 0.174146 0.273380 0.150845 -0.950005 0.959845 -0.107392 0.259160
-12.458036 -95.111862 -233.657681 -4112.301759 0.076813 0.979312 0.187208 0.062134 0.182696 -0.981204 0.995108 -0.087002 0.046816
1.006635 -41.783523 -5697.653650 -231.813706 0.267843 0.962411 0.045007 0.316691 -0.043826 -0.947516 0.909927 -0.268039 0.316526
-0.082529 -123.472748 -459.771762 -6490.681764 -0.728948 0.154816 -0.666833 -0.222474 0.867644 0.444635 0.647410 0.472469 -0.598025
3.898097 -149.439393 -965.893142 -19446.306693 0.071799 0.985783 0.151913 0.630310 -0.162883 0.759064 -0.773016 -0.041252 0.633044
2.140301 -285.108522 1301.343149 -6694.493662 0.860098 -0.161926 0.483747 -0.509996 -0.251330 0.822641 0.011627 0.954261 0.298750
0.873825 -299.467655 1305.194979 -30812.387147 0.839938 -0.145471 0.522821 -0.497439 0.178726 0.848889 0.216931 0.973085 -0.077756
-1.696254 -268.675064 425.110182 -17336.870411 0.830439 -0.135969 0.540262 -0.424080 0.474606 0.771301 0.361285 0.869633 -0.336469
-0.428022 -150.396125 -272.388267 4167.778570 -0.726523 0.054763 -0.684957 0.374469 0.867345 -0.327849 0.576140 -0.494685 -0.650653
-1.888460 -149.185064 -310.991444 11816.775404 -0.722884 0.063312 -0.688063 0.178674 0.979053 -0.097629 0.667468 -0.193514 -0.719054
22.243251 -61.539049 6021.962188 -267.561104 -0.807095 -0.092656 -0.583106 0.087944 0.957727 -0.273908 0.583836 -0.272351 -0.764828
33.591990 -69.986245 7835.647778 5479.672356 -0.826401 -0.154801 -0.541385 0.100886 0.905204 -0.412828 0.553971 -0.395780 -0.732445
25.553103 -56.926454 3588.723110 -1889.463094 -0.743350 -0.200885 -0.638025 -0.014037 0.958313 -0.285375 0.668756 -0.203177 -0.715182
0.668222 -5.576422 -797.863019 730.887824 0.528908 -0.426496 0.733729 0.643791 0.764955 -0.019429 -0.552983 0.482644 0.679165
6.107298 -15.798468 -936.383634 4278.338854 0.780325 -0.032586 0.624525 0.316223 0.882124 -0.349084 -0.539534 0.469888 0.698648
-4.776652 -87.826232 -1532.984589 -4895.394393 -0.749395 0.271351 -0.603967 -0.076027 0.870870 0.485599 0.657744 0.409823 -0.631995
-17.211124 -31.976613 3788.773170 913.189217 -0.772909 0.400225 -0.492374 0.291545 0.913221 0.284655 0.563572 0.076463 -0.822521
-7.178408 -30.896048 4381.375125 995.404901 -0.822960 0.280650 -0.493936 0.169602 0.951176 0.257873 0.542192 0.128447 -0.830379
-16.393391 -30.580939 3908.892170 460.253866 -0.784099 0.399125 -0.475277 0.251393 0.904404 0.344753 0.567441 0.150839 -0.809480
72.710970 -440.074233 4155.842237 131095.761171 0.062668 0.843479 0.533494 -0.678850 -0.355817 0.642305 -0.731597 0.402415 -0.550298
12.327547 -77.477590 1510.937002 -1048.186827 0.148259 0.904167 0.400626 -0.607451 -0.236415 0.758361 -0.780399 0.355794 -0.514187
37.128798 -302.084702 -631.045393 81830.715171 0.096834 0.932458 0.348059 -0.659821 -0.201672 0.723854 -0.745158 0.299750 -0.595726
60.555390 -320.869543 1071.749774 82808.851855 0.078914 0.890119 0.448843 -0.779397 -0.225632 0.584491 -0.621540 0.395952 -0.675951
-32.761142 -258.691754 7334.499162 52496.934394 -0.269772 -0.462135 0.844781 -0.172973 0.886294 0.429608 -0.947261 -0.030228 -0.319034
-16.954317 -184.091826 6996.178646 11441.307470 -0.235386 -0.409126 0.881595 -0.518479 0.820088 0.242148 -0.822054 -0.400090 -0.405160
-3.005616 -159.861281 6017.018826 -3836.754831 -0.224738 -0.414428 0.881897 -0.656994 0.732834 0.176954 -0.719619 -0.539633 -0.436972
-9.081156 -40.267203 1449.919645 -483.976192 -0.068730 0.995881 0.059144 0.746042 0.090667 -0.659698 0.662342 0.001217 0.749200
-8.727492 -40.720757 563.644231 2571.662922 -0.035484 0.997535 0.060537 0.771763 0.065836 -0.632493 0.634919 -0.024277 0.772197
-12.075736 -40.997927 1774.897040 343.976355 -0.019854 0.998726 0.046384 0.798081 0.043775 -0.600958 0.602223 -0.025087 0.797934
25.184076 -46.116625 -2215.345991 3846.012395 -0.301730 0.952785 -0.034056 -0.760506 -0.218989 0.611289 -0.574969 -0.210345 -0.790674
41.069159 -62.178274 -868.843236 4601.544301 -0.348985 0.923193 0.161011 -0.629480 -0.358213 0.689521 -0.694237 -0.139279 -0.706142
-24.074080 -78.157623 -6316.324308 -821.877714 0.255101 0.930218 -0.263851 -0.769190 0.029885 -0.638321 0.585892 -0.365788 -0.723139
77.662816 -181.000777 16385.225561 11138.977003 0.912279 0.097619 0.397765 0.342138 0.352221 -0.871138 0.225140 -0.930812 -0.287924
73.331700 -161.644201 10788.600564 31374.333302 0.904618 -0.101083 0.414063 0.388810 0.593715 -0.704506 0.174622 -0.798301 -0.576387
97.252088 -159.203316 7499.226044 -4518.541835 0.895814 -0.212658 0.390248 0.425012 0.153202 -0.892129 -0.129931 -0.965042 -0.227623
