10404
20795
-25.332296 -44.158990 1132.913124 3267.405315 0.126203 -0.908728 0.397851 0.990794 0.095663 -0.095789 0.048987 0.406278 0.912436
-25.170735 -36.888527 -203.715281 2014.023263 -0.379909 -0.796543 0.470306 0.919000 -0.382942 0.093782 0.105399 0.467840 0.877506
-31.255408 -45.176235 -124.185263 1675.144133 -0.077010 -0.873392 0.480890 0.993572 -0.027092 0.109909 -0.082965 0.486263 0.869865
-20.552344 -31.957120 1036.473934 2526.464903 -0.204526 -0.890688 0.406009 0.955690 -0.271410 -0.113983 0.211718 0.364706 0.906733
-29.218261 -51.069924 837.417722 2018.537723 0.195275 -0.873888 0.445183 0.964408 0.253613 0.074812 -0.178282 0.414730 0.892309
-20.209477 -52.018388 1987.387401 3404.277062 0.245021 -0.910039 0.334356 0.968221 0.247512 -0.035856 -0.050126 0.332516 0.941765
-16.334595 -45.062278 2386.989001 4877.176190 0.154824 -0.944611 0.289378 0.973331 0.095654 -0.208512 0.169283 0.313943 0.934229
-29.770930 -38.984326 204.405539 -649.409289 0.465233 -0.564844 -0.681549 -0.195847 0.685186 -0.701545 0.863251 0.459861 0.208148
-29.876788 -35.797644 192.819095 -1625.808450 0.489848 -0.565960 -0.663127 -0.000156 0.760578 -0.649247 0.871808 0.318136 0.372479
-30.545389 -37.904480 189.850090 -1297.267674 0.379466 -0.602250 -0.702353 -0.117901 0.721467 -0.682338 0.917663 0.341732 0.202766
-31.526026 -40.464460 208.786689 -215.878467 -0.387827 0.648047 0.655459 -0.285353 0.591766 -0.753914 0.876450 0.479425 0.044581
-16.408766 -72.659848 1470.124716 -1857.931387 -0.442128 -0.483033 0.755779 0.840820 0.070201 0.536743 -0.312321 0.872784 0.375106
-10.955500 -63.045582 1585.337449 -3366.320398 -0.423733 -0.466050 0.776690 0.717646 0.350447 0.601806 -0.552660 0.812394 0.185963
-10.664030 -70.083658 693.961057 -1744.532539 -0.497967 -0.515435 0.697392 0.774911 0.096521 0.624657 -0.389283 0.851475 0.351352
-15.859729 -71.222662 789.198059 157.888202 -0.489515 -0.509717 0.707505 0.861003 -0.154113 0.484689 -0.138019 0.846426 0.514308
-20.271315 -73.364194 857.611344 485.851911 -0.459349 -0.432406 0.775902 0.888080 -0.206185 0.410855 -0.017677 0.877788 0.478722
-5.585204 -23.918640 -541.301799 -1295.187240 -0.234354 0.401145 -0.885529 -0.271684 0.847576 0.455853 0.933416 0.347415 -0.089648
-2.201924 -32.571686 85.642416 -1648.642955 -0.305914 0.568519 -0.763677 -0.373352 0.666245 0.645543 0.875800 0.482601 0.008444
-2.751849 -32.678402 -128.964893 -1456.055464 -0.235112 0.454606 -0.859102 -0.362191 0.779242 0.511468 0.901964 0.431412 -0.018555
-1.832194 -35.538563 -250.588866 -1333.633198 -0.198171 0.443452 -0.874116 -0.381837 0.786423 0.485530 0.902734 0.429988 0.013480
-3.063262 -27.256951 -268.114187 -1243.591151 -0.194210 0.374806 -0.906533 -0.259713 0.871506 0.415964 0.945955 0.316223 -0.071913
32.450799 -16.828079 423.640964 313.306585 0.103248 0.754322 -0.648335 -0.106512 0.656456 0.746807 -0.988936 0.008052 -0.148122
23.811966 -18.467339 1738.715002 140.680584 0.181974 0.802901 -0.567658 -0.020857 0.580319 0.814122 -0.983082 0.136309 -0.122349
28.576863 -15.064884 -749.696130 289.993619 -0.014511 0.744161 -0.667843 -0.067565 0.665657 0.743193 -0.997609 -0.055907 -0.040620
28.984850 -15.217074 2487.347367 523.279048 0.086472 -0.681127 0.727041 -0.133618 0.715252 0.685975 -0.987253 -0.156463 -0.029162
9.719768 -39.391273 -698.020812 1188.933825 0.122519 0.981931 -0.144222 0.419277 -0.182923 -0.889239 0.899553 -0.048480 0.434113
13.226964 -43.345642 -97.903102 2957.276433 0.081084 0.985856 -0.146676 0.517091 -0.167416 -0.839398 0.852081 0.007783 0.523352
12.715540 -42.820516 -552.902714 1837.159108 0.090052 0.970234 -0.224805 0.389639 -0.242052 -0.888590 0.916555 0.007574 0.399838
9.986330 -41.479706 -829.263174 1314.830990 0.133127 0.989516 -0.055991 0.475341 -0.113319 -0.872473 0.869671 -0.089535 0.485443
4.909080 -43.348520 -351.324307 -1900.111831 0.122219 0.990932 -0.055830 0.368842 -0.097571 -0.924357 0.921422 -0.092382 0.377422
-7.459146 -53.948143 11.687122 -1120.246776 -0.099695 0.991194 -0.087157 0.977615 0.113886 0.176916 -0.185284 0.067568 0.980359
-7.352272 -49.513372 20.167178 -1285.286315 -0.116822 0.987193 -0.108637 0.924965 0.147981 0.350060 -0.361653 0.059591 0.930406
-6.734438 -51.448098 -178.715832 -1497.689549 -0.107753 0.992273 -0.061516 0.934837 0.122185 0.333392 -0.338332 0.021584 0.940779
-7.943532 -53.714766 152.216406 -823.724888 -0.117322 0.984043 -0.133771 0.975480 0.139448 0.170273 -0.186210 0.110514 0.976275
-6.304582 -55.823141 -334.696102 -1269.538521 -0.088167 0.995704 -0.028298 0.976481 0.092006 0.194988 -0.196754 0.010441 0.980397
-6.952802 -58.317849 246.241044 -372.594125 0.077823 -0.996311 0.036157 0.996810 0.077115 -0.020577 0.017713 0.037643 0.999134
-8.055789 -57.268108 -22.922709 -559.034761 0.097100 -0.991250 0.089412 0.994538 0.093179 -0.047038 0.038296 0.093491 0.994883
-1.099515 -68.374420 845.653159 -3457.075048 -0.079799 0.976827 -0.198600 -0.329683 0.162159 0.930061 -0.940713 -0.139692 -0.309103
-1.688131 -72.182145 896.451437 -1049.121740 -0.073421 0.972735 -0.219993 -0.026136 0.218635 0.975457 -0.996959 -0.077368 -0.009371
2.993746 -67.903651 1015.502897 -2651.573933 -0.084115 0.966499 -0.242497 -0.276312 0.211192 0.937576 -0.957380 -0.145869 -0.249291
171.039383 -106.239366 -37925.768919 -8927.614231 -0.783928 -0.347932 0.514198 -0.365282 0.928174 0.071153 -0.502021 -0.132049 -0.854715
31.192999 -85.583612 -6163.946828 -644.122791 -0.705339 -0.457891 0.541141 -0.275440 0.880432 0.385969 -0.653169 0.123187 -0.747124
125.546591 -66.399789 -29386.635422 3463.564521 -0.722446 -0.127726 0.679527 0.014355 0.979807 0.199430 -0.691278 0.153832 -0.706024
1242.777983 -133.469081 -239111.736582 9000.892322 -0.720042 -0.049348 0.692174 -0.156996 0.983190 -0.093220 -0.675938 -0.175791 -0.715685
14.548952 -31.802878 582.322366 570.222384 -0.097051 -0.987234 0.126296 0.990941 -0.107682 -0.080252 0.092827 0.117363 0.988741
14.091598 -31.479800 763.854999 392.401138 -0.099871 -0.984693 0.142844 0.994836 -0.096212 0.032314 -0.018076 0.145334 0.989218
18.583194 -31.337619 361.336892 202.362628 -0.060421 -0.979505 0.192146 0.992668 -0.079153 -0.091348 0.104685 0.185218 0.977106
-8.265652 -102.753608 -999.042877 -1670.882697 0.860524 0.085265 -0.502224 -0.388727 -0.527261 -0.755571 0.329227 -0.845414 0.420576
-8.606939 -90.124491 -957.942350 1170.447087 0.868291 0.072748 -0.490692 -0.281762 -0.741797 -0.608561 0.408266 -0.666667 0.623598
-4.928474 -107.028420 -594.029324 -2775.745176 0.869788 0.082912 -0.486409 -0.362346 -0.561793 -0.743703 0.334924 -0.823112 0.458598
-5.674389 -140.469453 -627.917023 -13254.090594 0.855566 0.098850 -0.508169 -0.456750 -0.317933 -0.830842 0.243692 -0.942946 0.226863
-10.702058 -131.790238 -1057.500393 -11678.736770 0.838934 0.104580 -0.534091 -0.477113 -0.330799 -0.814208 0.261826 -0.937889 0.227622
-19.199912 -25.525559 533.031800 67.512423 0.150351 -0.913262 0.378612 0.970141 0.062568 -0.234331 0.190316 0.402539 0.895400
-18.669178 -26.171812 -496.794075 -34.097448 0.156229 -0.851798 0.500033 0.967696 0.030576 -0.250259 0.197881 0.522977 0.829058
-18.499628 -26.468214 -639.880833 107.746297 0.080312 -0.856442 0.509959 0.993052 0.024602 -0.115076 0.086010 0.515657 0.852467
-18.799249 -25.977796 338.909464 341.092750 -0.010961 -0.908524 0.417689 0.997980 -0.036077 -0.052283 0.062570 0.416272 0.907085
-15.644365 -24.565678 1236.732739 275.647999 -0.001152 -0.949858 0.312679 0.995382 -0.031101 -0.090812 0.095983 0.311131 0.945508
-15.476771 -31.780458 634.945842 302.634475 0.593384 0.479517 -0.646498 -0.037109 0.818626 0.573126 0.804064 -0.316093 0.503554
-13.940960 -30.437498 98.358201 144.704407 0.549744 0.457111 -0.699165 0.060973 0.812798 0.579346 0.833105 -0.361122 0.418959
-13.586299 -29.429927 221.488138 310.263575 0.553363 0.557197 -0.619130 -0.147172 0.797017 0.585751 0.819835 -0.233015 0.523043
-14.962040 -30.234866 714.266496 489.635694 0.587658 0.563190 -0.580926 -0.219422 0.802005 0.555555 0.778789 -0.199008 0.594882
-16.418212 -32.113959 435.759530 392.617038 0.652073 0.524038 -0.547892 -0.163804 0.802974 0.573062 0.740249 -0.283931 0.609437
-8.648663 -56.124984 -6.817434 -810.177094 -0.012991 0.993856 -0.109916 -0.214684 -0.110134 -0.970454 0.976597 -0.010990 -0.214796
-9.475226 -52.997809 56.559084 -668.315695 -0.020326 0.993982 -0.107637 -0.026624 -0.108159 -0.993777 0.999439 0.017334 -0.028662
-7.954076 -54.831092 -154.303834 -747.679586 0.023787 0.994425 -0.102731 -0.023067 -0.102187 -0.994498 0.999451 -0.026026 -0.020508
33.491406 -20.113877 4364.694687 437.902287 0.538297 0.842697 0.009886 -0.070149 0.033113 0.996987 -0.839831 0.537369 -0.076939
18.832697 -13.367532 3146.481388 257.902905 0.615933 0.781883 0.096364 -0.156846 0.001836 0.987621 -0.772027 0.623423 -0.123765
20.732372 -15.588413 3211.813388 167.334863 0.624205 0.766315 -0.152085 0.062585 0.144994 0.987451 -0.778750 0.625890 -0.042547
7.260266 -9.314290 1002.213324 499.446318 0.628317 0.777792 0.016042 -0.072244 0.037804 0.996670 -0.774596 0.627383 -0.079944
10.787768 -71.380948 305.476161 -3904.233508 0.873292 0.477889 -0.094777 0.434809 -0.676743 0.594104 -0.219776 0.560037 0.798785
26.085806 -70.385601 1874.328985 3955.857898 0.790185 0.584525 -0.184221 0.519044 -0.478432 0.708305 -0.325885 0.655311 0.681444
7.277958 -235.192450 -1704.157212 -32379.632768 0.961068 0.258911 0.096506 0.091121 -0.626703 0.773913 -0.260855 0.734989 0.625896
22.948451 -64.729652 1202.602469 4949.328963 0.674652 0.715652 -0.180796 0.641986 -0.448019 0.622200 -0.364278 0.535837 0.761695
9.359781 -763.041522 -2553.070037 -115203.200770 0.986091 -0.073107 0.149264 -0.130644 -0.896102 0.424185 -0.102745 0.437785 0.893190
2.146697 -49.753146 -95.656154 1132.841020 0.759664 0.639469 -0.118280 0.609696 -0.637061 0.471619 -0.226234 0.430386 0.873834
-42.664022 -555.997284 4787.729799 -103887.342440 0.157606 0.960870 -0.227792 -0.114761 0.246934 0.962213 -0.980811 0.125509 -0.149189
-7.580449 -35.253880 6096.402789 -225.323439 0.112887 0.850958 -0.512959 0.244040 0.476699 0.844513 -0.963172 0.220517 0.153855
-23.779981 -68.761717 -334.997237 -13519.755915 0.021321 0.992396 -0.121225 0.083583 0.119058 0.989363 -0.996273 0.031227 0.080409
-69.772373 -638.367886 -2806.214523 -132952.482868 -0.232654 0.858061 -0.457824 -0.080782 0.452066 0.888319 -0.969199 -0.243655 0.035859
-20.904679 -37.152830 -485.042179 -2276.831759 -0.025147 0.999053 -0.035500 0.226133 0.040275 0.973264 -0.973772 -0.016447 0.226931
-21.016133 -90.301394 -3642.683467 -17582.145714 -0.112146 0.989923 -0.086458 0.147818 0.102658 0.983672 -0.982636 -0.097535 0.157841
-24.875880 -48.349513 2097.167282 -541.057082 0.000293 0.050111 0.998744 0.027859 0.998356 -0.050100 -0.999612 0.027839 -0.001103
-24.658374 -47.146760 1990.542303 1234.007579 0.036665 0.170256 0.984718 0.238335 0.955456 -0.174071 -0.970491 0.241075 -0.005547
-31.863796 -50.323424 960.829804 1293.319413 -0.115780 0.165145 0.979450 0.195370 0.970605 -0.140559 -0.973871 0.175081 -0.144641
-5.307233 -29.865520 -480.700332 469.754960 0.946979 0.321071 0.012013 -0.317960 0.941868 -0.108566 0.046172 -0.098990 -0.994017
-9.585597 -34.518431 -254.829142 633.481684 0.923283 0.383583 0.020315 -0.367950 0.898362 -0.239915 0.110278 -0.214034 -0.970581
-5.424042 -33.636210 -503.612619 -65.027376 0.938878 0.344242 0.002149 -0.330842 0.904020 -0.270724 0.095137 -0.253466 -0.962655
62.493787 -30.235379 -10501.776351 -2589.727388 0.933620 0.134280 0.332149 0.358105 -0.322059 -0.876378 0.010708 -0.937148 0.348767
207.223753 -53.435937 -33407.392201 -3931.182703 0.966198 0.205708 0.155391 0.227290 -0.395265 -0.890002 0.121660 -0.895237 0.428660
67.664508 -44.328573 -11548.802749 -4675.382632 0.978314 0.132894 0.158876 0.191126 -0.283563 -0.939714 0.079831 -0.949701 0.302813
64.326694 -28.559671 -11469.555076 -1309.862604 0.898499 0.130379 0.419168 0.436215 -0.372112 -0.819298 -0.049158 -0.918985 0.391215
30.373621 -34.837307 -5653.307098 -2280.358354 0.937091 0.179841 0.299195 0.336340 -0.235667 -0.911776 0.093464 -0.955049 0.281329
32.103385 -27.799464 -6303.843266 -1080.813390 0.897895 0.173107 0.404745 0.440068 -0.329651 -0.835267 0.011166 -0.928097 0.372171
1.418273 -116.353302 -82.177715 3462.365534 0.009444 0.272389 -0.962141 0.950892 0.295246 0.092920 0.309378 -0.915770 -0.256224
1.803233 -114.473655 630.187643 2685.326408 -0.043177 0.309295 -0.949985 0.989776 0.142624 0.001450 0.135939 -0.940210 -0.312291
0.812467 -115.160792 526.181592 10244.323243 -0.016384 0.298843 -0.954162 0.883367 0.451372 0.126201 0.468396 -0.840807 -0.271383
1.459481 -132.493430 -471.066654 3835.677773 -0.045075 0.261971 -0.964023 0.998409 -0.020911 -0.052365 -0.033876 -0.964849 -0.260612
0.423515 -116.375941 181.193159 7542.427925 0.016692 0.287386 -0.957669 0.762298 0.616138 0.198183 0.647011 -0.733337 -0.208789
0.420322 -108.499562 -234.272673 8045.701857 0.037030 0.290246 -0.956235 0.818802 0.539748 0.195538 0.572880 -0.790208 -0.217667
2.864274 -137.485424 246.672422 2719.552256 -0.007722 0.292323 -0.956288 0.997972 -0.058168 -0.025840 -0.063179 -0.954549 -0.291281
1.899159 -123.647864 -263.116000 8318.821067 0.035872 0.286102 -0.957527 0.964800 0.239867 0.107815 0.260525 -0.927690 -0.267427
-11.952609 -61.027894 -263.350194 1430.164297 -0.126531 0.275289 -0.952998 -0.365289 0.880277 0.302782 0.922255 0.386431 -0.010823
-12.573538 -55.134877 -274.383425 1992.219489 -0.127617 0.286395 -0.949575 -0.578349 0.756295 0.305828 0.805746 0.588214 0.069120
-10.742153 -59.962290 -612.594793 1487.452707 -0.070759 0.326285 -0.942619 -0.465034 0.825219 0.320556 0.882460 0.461033 0.093342
-14.138973 -57.799259 113.760870 1793.442172 -0.186178 0.196343 -0.962698 -0.560970 0.783181 0.268218 0.806629 0.589981 -0.035669
-10.054348 -61.643784 -608.947905 438.253353 -0.071145 0.318236 -0.945338 -0.251368 0.911432 0.325740 0.965273 0.260802 0.015150
-12.234933 -62.752363 -61.744425 361.673292 -0.177644 0.247425 -0.952483 -0.162385 0.947240 0.276348 0.970605 0.203760 -0.128093
-12.925355 -59.405596 371.261421 1330.992300 -0.188615 0.217879 -0.957577 -0.384058 0.881056 0.276116 0.903838 0.419845 -0.082503
-10.511352 -65.409743 -375.135180 432.561700 -0.106484 0.281053 -0.953767 -0.091007 0.952439 0.290822 0.990141 0.117767 -0.075842
240.038805 -86.031628 36081.183936 -9274.450066 0.731316 0.219276 0.645829 0.482935 -0.835129 -0.263312 -0.481613 -0.504458 0.716639
391.021893 -48.529494 36787.211476 2731.269902 0.172328 -0.204620 0.963552 -0.613056 0.743373 0.267506 -0.771016 -0.636810 0.002660
416.039938 -47.286940 26012.566005 -464.530270 0.179465 -0.199446 0.963335 -0.529030 0.806023 0.265433 -0.829409 -0.557269 0.039140
-4.792404 -19.345075 108.183039 -270.607134 0.409916 0.891903 0.190993 -0.558071 0.410869 -0.720932 0.721475 -0.188934 -0.666167
-6.806737 -17.712736 181.482986 -221.475643 0.445532 0.857861 0.256077 -0.456088 0.463624 -0.759629 0.770380 -0.221645 -0.597819
-5.516633 -19.679644 102.195306 -267.234250 0.471419 0.850055 0.234884 -0.503008 0.477934 -0.720113 0.724394 -0.221326 -0.652892
-7.587435 -20.049886 -198.434634 -76.668820 0.556186 0.756030 0.345073 -0.356936 0.592288 -0.722352 0.750502 -0.278593 -0.599277
-27.602423 -42.450521 -267.884780 1561.285636 -0.446369 -0.739982 0.503171 0.894716 -0.359362 0.265221 -0.015439 0.568581 0.822482
-20.107841 -29.582472 167.222782 1445.438113 -0.680086 -0.565315 0.466799 0.695209 -0.699417 0.165832 0.232740 0.437303 0.868676
-23.914834 -36.181016 -88.902366 1623.165570 -0.645472 -0.581752 0.494904 0.749947 -0.605510 0.266341 0.144725 0.543068 0.827123
-5.699968 -50.855453 1270.787603 -3317.193141 -0.352253 -0.402911 0.844737 0.573868 0.620017 0.535028 -0.739320 0.673233 0.012815
-14.846409 -47.244921 2182.661461 -3576.745109 -0.297331 -0.375534 0.877820 0.687061 0.554260 0.469832 -0.662979 0.742812 0.093216
-4.531203 -34.062637 1366.406736 -1118.306563 -0.076928 -0.159261 0.984235 0.598879 0.781859 0.173323 -0.797136 0.602771 0.035232
-12.259836 -34.573504 -452.143598 -1478.169433 0.007273 0.021984 0.999732 0.702482 0.711399 -0.020755 -0.711665 0.702444 -0.010269
-19.024919 -46.024930 739.540762 -3839.549507 -0.242570 -0.193228 0.950696 0.756011 0.576463 0.310062 -0.607953 0.793948 0.006250
-20.091147 -54.657679 1807.650754 -3478.256067 -0.334636 -0.333887 0.881214 0.787439 0.414604 0.456117 -0.517647 0.846536 0.124174
6.431515 -47.329937 912.010482 3020.034830 -0.341414 0.602267 -0.721603 0.492341 -0.539386 -0.683127 0.800647 0.588504 0.112366
5.182852 -37.319008 1427.837539 2153.255850 -0.402733 0.693803 -0.597029 0.369001 -0.473846 -0.799567 0.837642 0.542316 0.065181
24.260583 -16.973888 128.123843 -116.692802 0.067580 0.822432 -0.564835 0.058677 0.561873 0.825140 -0.995987 0.088906 0.010286
24.679396 -14.928949 -992.591921 -237.267459 -0.042796 0.772339 -0.633768 -0.016739 0.633706 0.773393 -0.998944 -0.043707 0.014192
20.066773 -19.511939 2827.751472 -261.157248 0.233081 0.843487 -0.483945 0.054589 0.485518 0.872521 -0.970924 0.229786 -0.067119
13.144315 -21.677850 3533.678540 -346.540311 0.319573 0.862259 -0.392916 0.014154 0.410270 0.911854 -0.947456 0.296965 -0.118907
13.853406 -21.725696 3273.005782 -363.053719 0.328092 0.850296 -0.411524 -0.085704 0.460635 0.883442 -0.940750 0.254581 -0.224004
16.027943 -50.961539 722.447169 3220.062463 0.000785 0.972746 -0.231872 0.528939 -0.197185 -0.825435 0.848660 0.121998 0.514678
15.965692 -50.685023 984.407549 637.321183 0.003261 0.983753 -0.179499 0.745091 -0.122109 -0.655689 0.666954 0.131605 0.733384
13.557119 -45.812529 -659.102953 2059.975726 0.107006 0.992575 -0.057835 0.622513 -0.112241 -0.774519 0.775260 -0.046875 0.629901
-6.208334 -48.462298 -195.526241 -749.604056 -0.131732 0.988319 -0.076634 0.851532 0.152399 0.501664 -0.507483 -0.000829 0.861661
-6.731908 -48.067646 10.857587 -541.876099 -0.133012 0.982277 -0.132063 0.856668 0.180952 0.483090 -0.498425 0.048878 0.865554
-6.637560 -52.393449 276.120915 -775.649189 -0.127787 0.978155 -0.163959 0.918623 0.179052 0.352238 -0.373901 0.105605 0.921437
17.522785 -12.210928 2703.432363 -685.567597 0.561234 0.637959 -0.527281 0.341439 0.401876 0.849656 -0.753947 0.656890 -0.007722
20.395962 -13.454312 -3225.901092 -389.046996 -0.480334 -0.543707 0.688231 0.528709 0.446598 0.721815 -0.699819 0.710586 0.072946
35.413848 -17.782618 6041.727048 -688.111756 0.553531 0.644582 -0.527369 0.391188 0.357795 0.847912 -0.735239 0.675645 0.054102
34.513547 -19.800959 4934.710663 -1007.017305 0.573589 0.728038 -0.375442 0.218629 0.305645 0.926705 -0.789429 0.613630 -0.016144
13.208409 -11.037734 2289.365663 -369.743478 0.615422 0.710698 -0.340830 0.184152 0.290802 0.938894 -0.766384 0.640580 -0.048090
5.441841 -7.709581 232.393587 -445.119585 0.546720 0.637743 -0.542569 0.331366 0.430291 0.839670 -0.768956 0.638854 -0.023922
-0.493972 -29.000284 1429.410457 2213.749805 0.700923 0.712615 -0.029763 0.644630 -0.615092 0.453998 -0.305219 0.337404 0.890505
2.395657 -20.851714 -1504.361503 1651.536522 -0.663492 -0.746447 0.050946 0.708421 -0.604869 0.363693 -0.240662 0.277399 0.930125
6.359141 -28.754986 1067.275886 2273.393348 0.664439 0.747185 -0.015322 0.677894 -0.593937 0.433243 -0.314613 0.298250 0.901147
2.915963 -36.263401 1185.778430 2115.941099 0.704433 0.709598 -0.015648 0.596099 -0.579505 0.555733 -0.385279 0.400805 0.831213
-8.769984 -85.471411 -872.808890 2053.308667 0.869443 0.106936 -0.482321 0.093156 0.923293 0.372629 0.485170 -0.368911 0.792789
-6.469386 -86.294904 -522.499270 1654.324304 0.869138 0.097165 -0.484932 0.102478 0.923850 0.368780 0.483837 -0.370215 0.792996
-10.111885 -89.846418 -700.444318 680.480273 0.855556 0.122083 -0.503110 -0.245727 -0.759597 -0.602189 0.455677 -0.638834 0.619878
-4.416066 -108.572115 -783.789106 -1439.499966 0.871326 0.065528 -0.486309 -0.272398 -0.759732 -0.590429 0.408154 -0.646926 0.644125
-12.878115 -26.773075 -1708.311485 -12.069879 0.080881 -0.800245 0.594194 0.991403 0.003074 -0.130807 0.102851 0.599665 0.793614
-13.034722 -26.399753 -1728.825252 50.532371 0.117437 -0.795397 0.594602 0.970664 -0.034561 -0.237944 0.209810 0.605102 0.768005
-15.464771 -26.034987 -1185.086251 145.950311 0.166234 -0.822339 0.544174 0.938226 -0.037935 -0.343936 0.303476 0.567733 0.765233
-4.077876 -27.050812 -2883.569497 45.227661 0.097082 -0.759537 0.643178 0.981346 -0.034691 -0.189093 0.165935 0.649538 0.742001
-6.255348 -26.804346 -2698.636253 221.004473 0.132860 -0.764812 0.630405 0.948494 -0.086444 -0.304772 0.287588 0.638427 0.713935
-2.540159 -16.645984 221.810384 -34.489283 0.173915 -0.651138 0.738764 0.452803 0.719063 0.527178 -0.874484 0.242831 0.419893
-2.726826 -16.780392 -2.594125 -407.154719 -0.100312 0.736158 -0.669335 0.539958 0.605323 0.584833 -0.835693 0.302747 0.458215
-3.177541 -15.215318 74.872607 -97.486091 0.145203 -0.668560 0.729345 0.475610 0.693566 0.541075 -0.867589 0.268318 0.418682
-3.575972 -13.996299 189.859246 12.169030 0.129822 -0.672202 0.728897 0.463022 0.691143 0.554917 -0.876788 0.265454 0.400970
-2.747865 -15.926145 317.555814 220.867476 0.198975 -0.596414 0.777624 0.396108 0.774730 0.492840 -0.896386 0.209961 0.390397
-13.516205 -28.174835 -283.722569 127.007657 0.511090 0.551883 -0.658948 -0.074688 0.792256 0.605601 0.856276 -0.260301 0.446133
17.865061 15.281858 965.901570 132.326611 -0.035002 -0.649907 -0.759208 0.324683 0.711069 -0.623668 0.945175 -0.268332 0.186125
20.355683 13.885630 1390.283120 -2170.155570 -0.108584 0.699159 0.706673 0.454548 0.667128 -0.590192 0.884079 -0.257131 0.390240
18.034141 13.095576 3336.518257 -826.767869 -0.145796 -0.621376 -0.769828 0.389922 0.679062 -0.621961 0.909233 -0.390853 0.143284
23.665470 15.912458 -3544.502499 -1228.297272 0.275032 -0.611371 -0.742012 0.374322 0.778971 -0.503078 0.885574 -0.139388 0.443092
12.389575 -90.375913 11099.641343 -13828.339318 0.265744 0.886733 -0.378264 0.125985 0.357064 0.925545 -0.955776 0.293614 0.016828
6.840370 -37.892315 2667.384968 2160.559406 0.042001 0.885976 -0.461825 0.346446 0.420640 0.838473 -0.937129 0.195214 0.289276
-3.219876 -35.108653 3877.690022 6560.419961 0.096463 0.887793 -0.450020 0.222661 0.421422 0.879105 -0.970112 0.185003 0.157025
-9.658559 -33.473393 2376.403815 5733.889210 0.001394 0.774129 -0.633026 0.202393 0.619708 0.758287 -0.979303 0.129177 0.155814
44.405590 -73.256488 -1510.413726 2501.276194 0.130564 0.932476 -0.336812 -0.813574 -0.093384 -0.573914 0.566614 -0.348954 -0.746445
45.231225 -80.741720 -180.242794 747.097925 0.046122 0.974263 -0.220645 -0.664690 -0.134952 -0.734830 0.745694 -0.180553 -0.641359
48.451443 -77.695767 -1261.429298 3379.752993 0.014075 0.980891 -0.194047 -0.876953 -0.081123 -0.473679 0.480370 -0.176837 -0.859054
-28.201680 -44.049932 1497.026754 2620.264323 0.013848 0.306621 0.951731 0.424336 0.860059 -0.283261 -0.905399 0.407777 -0.118201
-18.492301 -40.546638 2501.420404 2184.963401 0.127475 0.225255 0.965925 0.413711 0.873030 -0.258190 -0.901440 0.432526 0.018099
-15.866135 -44.467047 3230.602992 1142.422062 0.132171 0.115229 0.984506 0.243703 0.958956 -0.144956 -0.960802 0.259086 0.098665
275.372139 -79.352056 -50279.454486 -6727.098161 0.864158 0.228346 0.448431 0.502341 -0.444128 -0.741892 -0.029753 -0.866377 0.498504
2.614178 -118.995138 129.027855 3209.331245 -0.057994 0.280812 -0.958009 0.997537 0.054230 -0.044491 0.039459 -0.958229 -0.283265
-10.274864 -34.513652 377.215492 -1212.731808 -0.646595 -0.186380 -0.739715 -0.277771 0.960647 0.000757 0.710464 0.205961 -0.672920
-12.510506 -32.298699 607.832999 -1043.559887 -0.597791 -0.201449 -0.775928 -0.316894 0.948459 -0.002100 0.736359 0.244632 -0.630818
-11.027545 -28.562705 666.128468 -664.356838 -0.646697 -0.068244 -0.759688 -0.112214 0.993664 0.006262 0.754447 0.089297 -0.650258
-14.360819 -26.773374 796.448175 -399.530647 -0.611750 -0.009769 -0.790991 -0.107211 0.991722 0.070668 0.783752 0.128034 -0.607734
-9.594513 -30.318688 318.078945 -713.198701 -0.677031 -0.098464 -0.729338 -0.115762 0.992921 -0.026589 0.726794 0.066428 -0.683636
-9.474495 -26.477480 253.428203 -687.810999 -0.662378 0.023424 -0.748804 0.051507 0.998570 -0.014325 0.747397 -0.048057 -0.662637
-2.123184 -50.339972 22.474989 804.506484 0.671100 0.739737 0.049132 0.009619 -0.074955 0.997141 -0.741304 0.668709 0.057417
-2.113137 -48.802255 -293.639521 912.814202 0.664837 0.744610 0.059563 -0.009404 -0.071388 0.997404 -0.746929 0.663672 0.040459
-2.233393 -51.574588 -111.658435 284.070623 0.674012 0.738330 0.024034 -0.152822 0.107531 0.982386 -0.722740 0.665813 -0.185310
-2.936701 -52.797453 226.090219 380.242197 0.682515 0.730727 0.014538 -0.119430 0.091882 0.988582 -0.721048 0.676458 -0.149982
-11.602212 -54.392269 -415.501804 1118.256904 -0.086992 0.343428 -0.935141 -0.660359 0.682956 0.312244 0.745894 0.644692 0.167375
-2.693349 -144.005991 -615.838919 -2962.457428 0.798440 -0.064866 -0.598570 0.546050 0.496810 0.674544 -0.253621 0.865432 -0.432093
-1.396565 -151.132636 -285.076005 -7201.795904 0.779813 -0.095166 -0.618737 0.553540 0.566443 0.610521 -0.292379 0.818588 -0.494397
-1.095676 -152.397973 -446.353248 -796.891728 0.800541 -0.084065 -0.593352 0.598458 0.163931 0.784203 -0.031345 0.982883 -0.181543
-3.872469 -135.832690 -475.774122 -2144.465503 0.776094 -0.109027 -0.621121 0.449317 0.786705 0.423331 -0.442485 0.607625 -0.659545
-2.725411 -147.466196 -716.826961 -2000.159038 0.812185 -0.068750 -0.579334 0.581108 0.183250 0.792926 -0.051650 0.980659 -0.188784
-4.399096 -145.262996 -162.606853 -6740.290379 0.814244 -0.102888 -0.571333 0.554312 0.430179 0.712519 -0.172466 0.896861 -0.407303
-3.949751 -126.493495 -5.788176 -3609.884625 0.800656 -0.100722 -0.590597 0.482272 0.693232 0.535577 -0.355476 0.713642 -0.603616
-2.783018 -67.559547 59.364855 1618.417180 0.899873 0.259028 0.350902 -0.011341 0.818167 -0.574869 0.436004 -0.513329 -0.739184
-1.390282 -67.938077 383.998560 1918.435985 0.886308 0.284122 0.365695 0.008566 0.779480 -0.626369 0.463017 -0.558288 -0.688425
-2.706438 -76.925253 -81.949481 3401.732157 0.896818 0.234266 0.375283 0.117495 0.691698 -0.712565 0.426512 -0.683135 -0.592802
36.079136 -381.598456 -381.827948 -49775.154576 0.726519 -0.209558 -0.654412 -0.667066 -0.443637 -0.598505 0.164900 -0.871362 0.462100
35.987949 -669.854411 -2191.830589 124599.216947 0.659477 -0.253879 -0.707556 0.730939 -0.003244 0.682435 -0.175551 -0.967231 0.183431
34.124600 -512.242507 -6803.071630 -58077.320782 0.738889 -0.359130 -0.570148 -0.673767 -0.382390 -0.632310 -0.009063 -0.851354 0.524514
-2.870632 -21.478571 -290.348563 -567.013487 0.324560 0.942955 0.074139 -0.671858 0.285001 -0.683653 0.665784 -0.172075 -0.726032
-4.591462 -20.323793 -301.044191 -702.060773 0.257641 0.965701 0.032299 -0.651496 0.198305 -0.732276 0.713564 -0.167621 -0.680242
-4.847941 -18.540098 36.446387 -490.732014 0.344263 0.929784 0.130327 -0.585745 0.321184 -0.744140 0.733748 -0.179841 -0.655188
-2.449061 -23.396548 -618.040643 -768.425543 0.289599 0.956138 0.043959 -0.712261 0.245958 -0.657411 0.639388 -0.159075 -0.752249
-1.367987 -33.013947 395.725915 818.604846 0.871599 0.454020 0.184879 0.429978 -0.526907 -0.733136 0.235444 -0.718495 0.654471
-2.615810 -35.250856 269.868346 541.320254 0.843370 0.486779 0.227536 0.502527 -0.564608 -0.654740 0.190245 -0.666531 0.720793
-0.868466 -31.793706 308.541958 918.592357 0.856097 0.472822 0.208654 0.430548 -0.429166 -0.794006 0.285877 -0.769582 0.570980
-3.576321 -36.703353 183.200379 800.214237 0.861835 0.461736 0.209857 0.487344 -0.639293 -0.594811 0.140486 -0.614901 0.775990
0.438655 -29.292090 353.102381 838.536452 0.880586 0.443462 0.167060 0.372424 -0.429624 -0.822632 0.293033 -0.786616 0.543477
2.973972 -76.614786 104.750739 3403.301760 0.035457 0.425428 -0.904298 0.960862 0.234254 0.147880 0.274748 -0.874149 -0.400471
0.256876 -91.385235 -331.198920 -936.045960 0.136987 0.489802 -0.861005 0.872317 0.352200 0.339144 0.469359 -0.797527 -0.379015
2.519586 -104.193868 96.312264 7492.434064 0.124373 0.429077 -0.894665 0.976523 0.106894 0.187019 0.175880 -0.896921 -0.405708
1.502379 -77.884815 30.705643 6313.002841 -0.005015 0.422327 -0.906430 0.891560 0.412398 0.187213 0.452874 -0.807198 -0.378598
3.444855 -123.045301 673.375060 13953.057941 0.135374 0.414785 -0.899793 0.989866 -0.017307 0.140947 0.042890 -0.909755 -0.412924
4.540481 -152.821432 583.292488 17097.114909 0.075771 0.449475 -0.890073 0.989412 0.076925 0.123073 0.123787 -0.889975 -0.438887
-4.333531 -29.477486 844.570638 -1466.867389 0.908601 0.417545 0.010025 -0.417120 0.908379 -0.029307 0.021343 -0.022446 -0.999520
-2.424632 -28.778384 -452.477777 -789.595058 -0.933520 -0.358497 0.004452 -0.358493 0.933531 0.001653 -0.004749 -0.000053 -0.999989
-1.893905 -29.245761 398.044533 237.773296 0.931030 0.364795 -0.010340 -0.364650 0.928781 -0.066307 0.014585 -0.065505 -0.997746
-35.651324 -49.550180 -378.602231 1014.622990 0.061834 -0.857744 0.510345 0.959399 0.192060 0.206557 -0.275190 0.476852 0.834795
-32.786239 -47.484740 -72.358102 860.243407 -0.241727 -0.817714 0.522409 0.942604 -0.070070 0.326478 -0.230360 0.571343 0.787719
-4.949227 -63.096159 718.859422 -3373.567476 -0.473864 -0.493840 0.729092 0.655790 0.354663 0.666448 -0.587701 0.793937 0.155793
-0.215695 -27.321383 1761.104864 1532.702473 -0.426042 0.742779 -0.516496 0.240730 -0.457244 -0.856140 0.872088 0.489088 -0.015996
-6.346638 -22.366448 -302.015602 -1580.608746 -0.332964 0.610097 -0.718969 -0.259139 0.673912 0.691874 0.906632 0.416682 -0.066289
20.950221 -13.656443 -2544.724082 36.556646 -0.173586 0.695864 -0.696880 -0.080781 0.695177 0.714285 -0.981500 -0.180284 0.064461
16.300682 -14.853057 2892.068717 732.739972 0.218440 -0.647962 0.729678 -0.138893 0.719479 0.680484 -0.965916 -0.249992 0.067165
27.886867 -18.297080 4156.104629 608.068164 0.186735 -0.629778 0.753996 -0.237680 0.715733 0.656684 -0.953225 -0.301836 -0.016034
16.246038 -50.772725 -531.909295 2928.669367 0.036056 0.956950 -0.288005 0.324104 -0.283813 -0.902445 0.945334 0.060805 0.320385
-5.553525 -52.563784 -258.021890 -1329.409471 -0.111183 0.992961 -0.040831 0.906716 0.118174 0.404848 -0.406823 -0.007990 0.913472
-3.069066 -49.888541 493.858698 1751.298603 -0.096769 0.968452 -0.229646 0.787494 0.215601 0.577382 -0.608679 0.124972 0.783513
-1.033129 -57.582435 787.942642 3998.379339 -0.093112 0.965514 -0.243132 0.701285 0.236939 0.672354 -0.706775 0.107900 0.699162
-3.454496 -58.084950 213.568482 3091.811297 -0.101265 0.973880 -0.203232 0.713074 0.213502 0.667789 -0.693737 0.077295 0.716069
-0.965779 -52.076540 791.116840 1373.654867 -0.117715 0.955435 -0.270716 0.794073 0.254264 0.552085 -0.596315 0.149980 0.788616
45.335201 -21.138871 -7475.186147 432.517101 -0.497367 -0.600546 0.626075 0.550725 0.339044 0.762726 -0.670320 0.724150 0.162106
-4.129238 -22.679725 1407.520240 1781.387877 0.711568 0.702423 -0.016510 0.652859 -0.652307 0.385059 -0.259704 0.284774 0.922744
-4.462790 -16.741596 -1471.408881 1061.751384 -0.683055 -0.729387 0.037819 0.698087 -0.636767 0.327416 -0.214731 0.250044 0.944123
2.166123 -15.005012 -1648.563836 1024.891226 -0.626693 -0.776382 0.066986 0.756000 -0.584884 0.293896 -0.188996 0.234824 0.953487
15.163402 -23.378000 300.347175 516.719243 0.289187 0.956822 0.029365 0.438058 -0.104997 -0.892794 0.851161 -0.271048 0.449508
16.067679 -25.792440 -146.835533 954.980803 0.292252 0.954379 0.061238 0.529893 -0.108294 -0.841122 0.796117 -0.278269 0.537367
15.084050 -25.290643 -1.051041 383.521299 0.258319 0.966052 -0.003739 0.468940 -0.128775 -0.873792 0.844610 -0.223964 0.486286
15.322109 -23.396774 32.765403 1131.498990 0.318868 0.943582 0.089314 0.463002 -0.072850 -0.883359 0.827014 -0.323027 0.460109
13.243641 -25.049802 157.264854 -199.683746 0.264749 0.962765 -0.054690 0.365255 -0.152606 -0.918314 0.892467 -0.223147 0.392057
14.196981 -22.277563 421.948275 -61.177429 0.297639 0.954571 -0.014336 0.356180 -0.124965 -0.926023 0.885746 -0.270515 0.377194
13.686366 -21.241246 114.328960 487.875562 0.324146 0.944337 0.056186 0.393483 -0.080576 -0.915794 0.860291 -0.318960 0.397699
-6.464469 -86.915627 -258.923232 2381.261538 0.851094 0.127278 -0.509352 -0.091061 0.991252 0.095540 0.517057 -0.034931 0.855238
-9.071178 -82.368459 184.252286 5059.812963 0.820301 0.160262 -0.549019 0.072649 0.922965 0.377966 0.567299 -0.349932 0.745466
-8.527647 -78.846721 -201.530069 4893.666260 0.835693 0.124015 -0.535011 -0.036180 0.984487 0.171688 0.548003 -0.124122 0.827216
8.556561 -400.160898 -1024.368382 78666.971548 0.940983 0.115440 -0.318159 0.238795 -0.892614 0.382383 0.239851 0.435790 0.867501
3.542893 -318.273034 -2308.654067 46871.926181 0.891865 0.232466 -0.387989 0.437270 -0.662457 0.608232 0.115632 0.712117 0.692473
0.276065 -235.626751 -462.207748 -19161.656489 0.947229 0.124259 -0.295493 0.254458 -0.852093 0.457371 0.194955 0.508426 0.838746
2.295388 -162.856953 140.535428 -3508.957820 0.941385 0.091572 -0.324668 -0.120155 0.990350 -0.069068 0.315210 0.104030 0.943303
-0.436079 -160.731401 -590.912144 -6267.616631 0.941534 0.101430 -0.321288 -0.116282 0.992840 -0.027324 0.316216 0.063087 0.946587
3.750460 -70.488764 58.009100 1824.276468 0.693738 0.534546 -0.482688 0.681553 -0.703897 0.200034 0.232836 0.467749 0.852642
4.359237 -79.363104 33.803646 2365.438150 -0.693118 -0.529180 0.489445 0.715758 -0.585628 0.380435 0.085314 0.614010 0.784674
3.219745 -74.192485 289.382580 1412.088848 0.704016 0.503982 -0.500364 0.659013 -0.726204 0.195781 0.264696 0.467579 0.843390
3.167935 -74.819346 369.410523 1981.930704 -0.687054 -0.554174 0.469944 0.719208 -0.610733 0.331279 0.103424 0.565594 0.818173
2.519116 -64.293513 200.278164 -1677.775415 0.697439 0.524539 -0.488301 -0.597784 0.801624 0.007301 0.395263 0.286807 0.872645
2.015990 -66.521649 -342.275378 2237.824805 0.691138 0.555495 -0.462336 0.660943 -0.744602 0.093395 0.292376 0.370127 0.881772
-2.331615 -18.149282 -27.719148 -184.105271 -0.128233 0.718712 -0.683381 0.494113 0.643756 0.584321 -0.859889 0.262738 0.437676
-3.146126 -19.080620 137.197257 -352.083442 -0.078459 0.767137 -0.636668 0.594052 0.548844 0.588109 -0.800591 0.332071 0.498781
-12.571650 -27.408261 4.322139 280.014124 0.511751 0.627961 -0.586324 -0.239154 0.759609 0.604814 0.825177 -0.169293 0.538909
-13.246279 -27.517322 436.814296 543.478028 0.528464 0.661983 -0.531511 -0.370692 0.743171 0.557032 0.763749 -0.097345 0.638131
16.272056 5.984253 -640.783518 -3093.614726 0.118780 0.823993 0.554009 0.491304 0.436094 -0.753951 0.862851 -0.361741 0.353032
20.471411 9.861627 2638.126600 -4290.289671 -0.121286 0.879456 0.460268 0.518374 0.451556 -0.726213 0.846509 -0.150511 0.510655
17.640246 1.796719 1218.386377 -4572.157225 0.048720 0.940460 0.336396 0.524521 0.262527 -0.809912 0.850002 -0.215906 0.480501
31.151844 -126.956951 1772.982423 12121.553655 0.825384 0.554647 -0.105397 0.371034 -0.392193 0.841735 -0.425530 0.733860 0.529503
45.033611 -175.163402 3540.277545 26251.015947 0.738200 0.665317 -0.111423 0.458029 -0.373076 0.806860 -0.495248 0.646659 0.580139
-46.454316 -266.580614 17566.387398 -45407.840276 0.446062 0.877616 -0.175555 0.046647 0.173087 0.983801 -0.893786 0.447025 -0.036269
-99.002703 -758.424487 6201.965485 -135891.415357 0.168022 0.949946 -0.263385 -0.057060 0.276108 0.959432 -0.984131 0.146177 -0.100596
-35.206351 -47.200637 716.694441 3083.587725 -0.194444 0.246283 0.949493 0.395418 0.905516 -0.153899 -0.897683 0.345522 -0.273457
-36.293118 -53.056678 1170.085492 789.320160 -0.235795 0.140703 0.961563 0.089873 0.988380 -0.122588 -0.967638 0.057512 -0.245700
-0.774268 -31.742658 -423.766049 93.889533 0.946245 0.321567 -0.034850 -0.318366 0.906918 -0.275939 0.057126 -0.272201 -0.960543
0.917820 -33.064031 147.591298 29.257714 0.932785 0.360152 -0.014251 -0.334212 0.849442 -0.408351 0.134963 -0.385666 -0.912714
0.699379 -30.764059 357.633312 182.622604 0.938892 0.344206 0.001929 -0.329583 0.900592 -0.283388 0.099281 -0.265435 -0.959003
0.682700 -28.872469 -35.593837 771.570548 0.951861 0.306002 -0.017992 -0.305890 0.944442 -0.120249 0.019804 -0.119964 -0.992581
-0.902436 -28.918094 -638.448552 831.351889 0.952203 0.302140 -0.044956 -0.304658 0.950042 -0.067851 -0.022210 -0.078304 -0.996682
0.031234 -32.447517 -316.652947 -502.700160 0.930530 0.364241 -0.037981 -0.260821 0.586349 -0.766920 0.257074 -0.723549 -0.640617
2.544402 -32.057752 -344.316969 -339.297450 0.929096 0.367566 -0.040928 -0.265862 0.586860 -0.764796 0.257094 -0.721451 -0.642971
1.624032 -30.696321 -248.331484 -1683.208799 0.934378 0.354915 -0.031191 -0.260146 0.619814 -0.740374 0.243437 -0.699904 -0.671471
0.069100 -31.172995 87.530655 -1078.455973 0.921646 0.387299 -0.023824 -0.288060 0.641769 -0.710742 0.259980 -0.661915 -0.703049
331.573528 -55.300072 -79255.887219 -1.088626 0.944492 0.147051 -0.293787 -0.261660 -0.204051 -0.943344 0.198667 -0.967853 0.154247
26.528332 -49.493297 -5864.150691 -3907.195155 0.936725 0.221929 0.270728 0.300227 -0.111593 -0.947318 0.180026 -0.968656 0.171161
-0.370492 -96.373350 43.811143 4424.901562 0.047929 0.303896 -0.951499 0.666095 0.700131 0.257165 0.744325 -0.646114 -0.168867
-9.999437 -42.764283 317.587000 -2241.610932 -0.606938 -0.248584 -0.754872 -0.451268 0.889650 0.069865 0.654204 0.383053 -0.652140
-15.785536 -28.507175 431.580711 -808.622702 -0.523199 -0.221408 -0.822947 -0.330232 0.942886 -0.043728 0.785627 0.248885 -0.566433
-12.862518 -35.957572 202.778024 -1790.134917 -0.482740 -0.338981 -0.807498 -0.501892 0.862697 -0.062111 0.717681 0.375294 -0.586591
-9.944127 -59.694060 -460.279005 1950.193432 -0.060690 0.360159 -0.930915 -0.532022 0.777441 0.335467 0.844553 0.515627 0.144429
-9.341932 -64.306348 -462.363803 1324.014935 -0.050959 0.341305 -0.938570 -0.298974 0.891479 0.340413 0.952900 0.297955 0.056612
0.668744 -155.282565 -432.158781 1917.976973 0.774292 -0.093579 -0.625872 0.612313 0.360571 0.703606 -0.159829 0.928025 -0.336487
-0.415379 -148.736665 -201.508606 -29.085879 0.753738 -0.123421 -0.645482 0.520850 0.711137 0.472229 -0.400743 0.692136 -0.600294
-2.847475 -136.684991 -393.159148 -6244.339958 0.748183 -0.124723 -0.651664 0.457035 0.808877 0.369915 -0.480979 0.574598 -0.662191
-8.517773 -140.071808 -586.532875 3272.129770 0.907516 -0.142522 -0.395098 -0.418916 -0.375222 -0.826872 0.030402 -0.915913 0.400225
1.160865 -147.597101 937.801799 -7093.877276 0.927599 -0.096712 -0.360841 -0.313332 -0.727388 -0.610515 0.203428 -0.679377 0.705028
-2.433711 -146.310441 -985.577014 -8486.022607 0.878448 -0.215971 -0.426247 -0.458922 -0.629824 -0.626668 0.133118 -0.746109 0.652381
-7.432162 -140.959585 -1343.691300 3810.599740 0.869706 -0.226553 -0.438503 -0.487830 -0.259469 -0.833485 -0.075051 -0.938802 0.336181
-1.690527 -60.701702 -314.181156 972.188695 -0.887008 -0.302715 -0.348683 -0.092258 0.856086 -0.508532 0.452443 -0.418903 -0.787284
-0.113241 -63.405750 -489.106741 68.098980 -0.881818 -0.336482 -0.330419 -0.156412 0.869671 -0.468197 0.444896 -0.361183 -0.819521
0.781599 -67.712668 540.962650 3227.303711 0.884214 0.319485 0.340728 -0.054017 0.794530 -0.604817 0.463948 -0.516383 -0.719792
-0.791582 -68.863899 555.437455 3215.999922 0.886234 0.289232 0.361850 0.060809 0.701734 -0.709839 0.459230 -0.651087 -0.604312
-8.803367 -41.094484 74.116923 -1545.176360 -0.693827 -0.215376 -0.687181 -0.352678 0.933589 0.063484 0.627871 0.286400 -0.723708
-9.156479 -41.292853 -85.821489 -1761.278164 -0.719902 -0.201529 -0.664174 -0.342657 0.935368 0.087591 0.603595 0.290641 -0.742429
-9.172702 -51.227948 -206.589276 -2818.773010 -0.701508 -0.233034 -0.673485 -0.466369 0.864689 0.186581 0.538875 0.444981 -0.715266
-6.822609 -16.708866 246.829523 -350.115573 0.351197 0.923611 0.153631 -0.505372 0.325119 -0.799310 0.788200 -0.203075 -0.580948
-8.039476 -18.423633 -9.902654 146.643967 0.552236 0.719695 0.420803 -0.274947 0.633732 -0.723041 0.787045 -0.283590 -0.547848
-8.724452 -17.541242 233.172708 151.926653 0.484217 0.799557 0.355308 -0.328481 0.542510 -0.773164 0.810947 -0.257667 -0.525332
-1.686873 -34.079283 -122.113436 581.522518 0.830130 0.491722 0.262856 0.516351 -0.500086 -0.695194 0.210392 -0.712828 0.669038
