13085
26163
-31.376109 -47.760722 1296.733050 -4692.870941 0.392743 0.834663 -0.386122 0.377240 -0.529125 -0.760077 0.838715 -0.152854 0.522679
-36.263351 -56.253726 138.690659 -4183.548699 0.456144 0.785345 -0.418527 0.217295 -0.554363 -0.803408 0.862969 -0.275526 0.423521
-34.020460 -61.830576 1516.974726 -5755.755304 0.257605 0.959420 -0.114689 0.364511 -0.206417 -0.908033 0.894858 -0.192108 0.402893
-31.406029 -46.869688 303.829276 4365.801328 0.555938 0.615173 -0.559013 -0.190985 0.749059 0.634378 0.808986 -0.245912 0.533919
-25.686972 -51.158173 2617.272071 -6353.944155 0.203309 0.960106 -0.191994 0.497757 -0.270210 -0.824151 0.843151 -0.071991 0.532836
-22.316660 -36.298910 2309.089541 -2716.436384 0.357485 0.823940 -0.439690 0.464937 -0.565323 -0.681354 0.809962 -0.039146 0.585175
-28.293977 -37.644149 357.295860 2212.264222 0.592858 0.468418 -0.655060 -0.160722 0.865888 0.473716 0.789106 -0.175563 0.588634
-44.127885 -72.580874 1464.698926 4542.689523 0.145766 0.940826 -0.305940 0.849988 0.039141 0.525346 -0.506233 0.336623 0.793985
-45.822347 -73.596763 1930.774689 -4837.459215 0.163640 0.951747 -0.259616 0.689332 0.077945 0.720240 -0.705722 0.296821 0.643315
-48.734561 -72.265877 368.494386 4157.695417 0.096139 0.985713 -0.138305 0.818745 0.000705 0.574157 -0.566051 0.168435 0.806980
47.760616 -66.515229 7993.420112 -3922.145497 -0.027803 0.903829 0.426989 -0.555215 0.341243 -0.758479 0.831242 0.258159 -0.492332
72.875606 -51.873884 9397.746351 -3237.552901 0.141045 0.888461 0.436742 -0.508128 0.443579 -0.738271 0.849654 0.117792 -0.514016
59.573645 -60.351662 8028.873731 -2061.186781 0.008634 0.875794 0.482609 -0.418969 0.441390 -0.793499 0.907960 0.195347 -0.370741
2.622640 -34.025852 395.988375 711.461876 0.000730 0.990608 -0.136731 0.685510 -0.100045 -0.721157 0.728063 0.093204 0.679144
-0.306380 -33.889146 -4580.558406 755.213348 0.082703 0.984107 -0.157140 0.614136 -0.174510 -0.769665 0.784855 0.032852 0.618808
-0.458774 -32.371461 1300.868942 762.857213 -0.003862 0.987556 -0.157220 0.621750 -0.120766 -0.773849 0.783206 0.100740 0.613546
4.027682 -36.505586 -280.780774 682.447078 -0.006676 0.994959 -0.100057 0.700030 -0.066802 -0.710982 0.714082 0.074789 0.696055
10.232018 -33.914821 7662.596838 648.661723 -0.107069 0.986297 -0.125516 0.690219 -0.017132 -0.723398 0.715635 0.164087 0.678927
18.700093 -12.026785 -7795.522953 -2344.481693 -0.530806 -0.500767 -0.683723 -0.509690 0.833181 -0.214536 0.677097 0.234610 -0.697494
-10.008559 -31.826488 -4998.902689 -3654.515829 0.082247 0.923375 0.374985 -0.814767 0.278978 -0.508258 0.573925 0.263722 -0.775281
2.388510 -18.011620 -8698.897017 -4536.505554 -0.674059 -0.223191 -0.704152 -0.321395 0.946915 0.007521 0.665094 0.231381 -0.710010
-1.867181 -27.645598 -1521.146433 -3696.142827 0.016332 0.927271 0.374035 -0.796596 0.238153 -0.555624 0.604292 0.288880 -0.742550
75.552955 -15.917477 -22703.851738 -4624.941254 -0.618455 -0.305631 -0.723950 -0.356165 0.930227 -0.088451 0.700471 0.203142 -0.684159
107.681356 -12.010747 -27328.693303 -1878.952035 -0.601180 -0.355538 -0.715664 -0.412122 0.905229 -0.103518 0.684645 0.232708 -0.690730
28.112819 -6.245371 -13822.299550 -216.958876 -0.393060 -0.568542 -0.722678 -0.593726 0.757061 -0.272669 0.702135 0.321898 -0.635129
1.920932 -20.585911 924.227365 -4010.501175 -0.094317 0.933400 0.346221 -0.746290 0.163885 -0.645130 0.658905 0.319228 -0.681129
33.381339 -32.419896 5086.728291 -534.199404 -0.162646 0.928004 0.335194 0.106445 0.354238 -0.929077 0.980926 0.115431 0.156397
20.753984 -29.223330 7893.848935 -354.751578 -0.297602 0.873452 0.385377 0.066684 0.421699 -0.904280 0.952358 0.243417 0.183744
33.369400 -30.656058 5024.267481 -865.838590 -0.186869 0.898311 0.397641 0.001261 0.404990 -0.914320 0.982384 0.170357 0.076813
41.612277 -34.651425 -459.319191 358.962645 0.043401 0.939959 0.338516 0.031676 0.337371 -0.940839 0.998555 -0.051556 0.015132
41.500583 -31.881013 1718.592404 529.877395 -0.066840 0.918507 0.389714 -0.084350 0.383988 -0.919477 0.994192 0.094331 -0.051810
32.349894 -29.616767 5524.067090 468.341692 -0.240032 0.845819 0.476419 -0.147445 0.453308 -0.879075 0.959502 0.281252 -0.015903
-7.854335 -63.902560 1237.845214 7915.410612 0.197794 0.905026 -0.376572 -0.063991 -0.371421 -0.926257 0.978153 -0.207305 0.015551
-4.994844 -75.049811 819.736334 4136.395361 0.203452 0.903642 -0.376880 0.165736 -0.411161 -0.896369 0.964955 -0.119905 0.233418
-8.941123 -69.406991 191.512593 5780.390917 0.252141 0.886175 -0.388741 0.029407 -0.408552 -0.912261 0.967244 -0.218587 0.129073
-4.098199 -68.483136 914.311084 6939.686122 0.176910 0.921756 -0.345064 0.060924 -0.360177 -0.930892 0.982340 -0.143662 0.119876
-10.133330 -58.431858 562.455038 8339.990052 0.247124 0.875175 -0.415930 -0.153662 -0.388416 -0.908582 0.956722 -0.288445 -0.038494
-9.923832 -48.829194 1042.031130 5861.599293 0.215432 0.877438 -0.428593 -0.241703 -0.377330 -0.893981 0.946134 -0.296184 -0.130790
-5.943076 -55.734987 1492.923556 6656.278834 0.187596 0.912494 -0.363541 -0.143563 -0.340665 -0.929159 0.971698 -0.226497 -0.067093
-12.663362 -68.644493 -577.499364 987.407672 0.053562 0.973059 -0.224250 0.489172 0.170212 0.855417 -0.870541 0.155514 0.466876
-12.491639 -67.592691 -1180.061865 1381.168287 0.026923 0.978924 -0.202444 0.576046 0.150318 0.803477 -0.816974 0.138249 0.559858
-13.681205 -67.724158 22.914799 131.603134 0.077731 0.963116 -0.257615 0.621730 0.155169 0.767707 -0.779365 0.219842 0.586737
-14.183981 -69.127915 40.725078 -122.077391 0.101703 0.953509 -0.283685 0.631523 0.158454 0.758994 -0.768658 0.256345 0.586047
-13.675291 -69.412233 465.865121 534.429613 0.105193 0.957325 -0.269191 0.474758 0.189508 0.859472 -0.873807 0.218211 0.434563
-13.629775 -68.167969 15.381238 -228.487040 0.079103 0.955439 -0.284393 0.777035 0.119616 0.617988 -0.624467 0.269868 0.732947
-10.277201 -50.511444 -509.562505 -2075.652156 0.255057 0.724986 -0.639798 -0.516135 -0.457449 -0.724117 0.817650 -0.514913 -0.257514
-11.563612 -58.610350 -1066.787116 -4498.804990 0.266192 0.716786 -0.644484 -0.609616 -0.392725 -0.688575 0.746666 -0.576181 -0.332424
-13.671461 -51.233772 -967.002316 -4076.676189 0.244314 0.748366 -0.616652 -0.491783 -0.452451 -0.743934 0.835739 -0.485012 -0.257494
-2.752930 -98.413819 -1267.821364 5936.859270 0.955712 0.288055 -0.060323 0.290527 -0.890693 0.349656 -0.046991 0.351696 0.934934
-1.069760 -83.494736 -1039.985608 3943.645917 0.955619 0.287618 -0.063783 0.293574 -0.947793 0.124515 0.024641 0.137714 0.990166
-1.877128 -89.751519 -89.106418 4789.386736 0.962842 0.254526 -0.090288 0.269804 -0.921254 0.280173 0.011866 0.294123 0.955694
-0.664432 -95.327334 345.871659 6157.602874 0.948407 0.300518 -0.101057 0.315061 -0.928981 0.194246 0.035505 0.216064 0.975734
0.476843 -45.032435 457.339684 2137.481629 -0.508266 -0.619396 0.598342 -0.598333 0.753686 0.271948 -0.619406 -0.219786 -0.753678
-0.458212 -42.993709 192.276437 1720.884012 -0.522428 -0.606801 0.599050 -0.590537 0.764268 0.259154 -0.615090 -0.218372 -0.757614
0.719259 -40.227389 373.925080 13.257337 -0.524317 -0.598320 0.605892 -0.551497 0.780747 0.293744 -0.648801 -0.180132 -0.739331
-0.137594 -43.236239 266.592259 376.960957 -0.508079 -0.628784 0.588631 -0.555906 0.761406 0.333511 -0.657893 -0.157774 -0.736399
-0.082741 -45.942999 448.524831 1455.694585 -0.506354 -0.625622 0.593467 -0.601476 0.749400 0.276816 -0.617926 -0.216790 -0.755758
-0.976029 -34.564869 -691.369337 -682.240074 -0.590433 -0.462899 0.661146 0.158586 0.736666 0.657399 -0.791353 0.492999 -0.361542
-2.798456 -35.128090 -781.495429 -892.238665 -0.589187 -0.468977 0.657965 0.181076 0.716967 0.673179 -0.787445 0.515771 -0.337507
-0.973229 -36.927667 -432.119895 -539.331922 -0.583470 -0.450940 0.675438 0.274513 0.673222 0.686596 -0.764333 0.586025 -0.269016
0.301591 -35.713994 -34.823545 -548.494680 -0.576763 -0.460264 0.674909 0.182798 0.732506 0.655759 -0.796197 0.501589 -0.338347
-5.744051 -48.468241 -701.411993 668.035484 0.293425 0.492098 -0.819599 0.930562 0.049365 0.362790 0.218988 -0.869139 -0.443443
-7.840009 -53.714700 1544.441373 -247.729327 0.213062 0.547502 -0.809225 0.974036 -0.054144 0.219823 0.076539 -0.835051 -0.544823
-7.314724 -51.349231 -1531.262708 -632.446245 0.274729 0.499065 -0.821863 0.959141 -0.082137 0.270742 0.067613 -0.862663 -0.501239
-6.624663 -52.588418 -2090.483544 -2924.001043 0.357186 0.496694 -0.791020 0.924389 -0.066593 0.375594 0.133879 -0.865367 -0.482925
-8.123372 -111.203597 306.181445 -1573.305030 0.982217 0.185385 -0.029716 0.187098 -0.953254 0.237278 -0.015661 0.238618 0.970987
-7.119694 -108.318450 -246.182919 -557.484083 0.984464 0.175275 0.010477 0.169440 -0.963955 0.205138 -0.046055 0.200176 0.978677
-7.392112 -109.081143 -220.810041 -2281.408555 0.978768 0.204972 -0.000605 0.204972 -0.978758 0.004325 -0.000295 0.004358 0.999990
-7.047025 -133.119389 1445.331757 7427.114985 0.977075 0.199553 -0.074180 -0.202543 0.978642 -0.035168 0.065578 0.049386 0.996625
-7.389928 -121.216583 274.807077 -962.916962 0.989083 0.142545 -0.037366 0.146456 -0.922827 0.356287 -0.016305 0.357869 0.933629
-11.861431 -82.623071 410.098346 -2597.790319 0.908320 0.415282 0.049951 0.247720 -0.437872 -0.864235 0.337029 -0.797376 0.500602
-11.622627 -90.362023 681.447915 -2921.020528 0.906385 0.412982 0.088946 0.193558 -0.218830 -0.956373 0.375501 -0.884058 0.278280
-10.998051 -90.898272 -708.789899 -3639.887611 0.909662 0.406883 0.083439 0.196014 -0.243429 -0.949906 0.366189 -0.880448 0.301192
-37.712563 -581.635085 -1719.311499 -139071.538038 0.835178 0.339898 -0.432373 -0.549693 0.541257 -0.636300 -0.017748 -0.769097 -0.638886
-29.003948 -182.257199 1453.540659 42493.323335 0.583980 0.578349 -0.569631 0.684923 0.025597 0.728165 0.435715 -0.815387 -0.381177
99.126951 -4018.479418 33541.095571 -1340389.250498 0.890324 0.387980 -0.238318 -0.361612 0.284433 -0.887882 0.276695 -0.876681 -0.393536
-40.727097 -2457.693546 -1026.944104 -631532.463911 0.777253 0.465985 -0.422772 -0.572056 0.243604 -0.783204 0.261972 -0.850597 -0.455912
-20.575773 -738.295468 -5276.842363 -186497.819535 0.755142 0.382053 -0.532725 -0.647896 0.311042 -0.695330 0.099953 -0.870223 -0.482412
-23.592393 -1250.306704 24911.613855 -125295.039096 0.758316 0.495121 -0.424042 -0.610768 0.766994 -0.196681 -0.227857 -0.408138 -0.884028
29.041737 -37.484063 -2920.015234 693.777322 0.268706 0.892493 0.362289 0.098006 0.348838 -0.932045 0.958223 -0.285953 -0.006266
37.831919 -38.875894 -3392.501152 682.474739 0.214825 0.912598 0.347873 0.182005 0.312541 -0.932305 0.959544 -0.263597 0.098956
37.604549 -36.831707 -2826.727630 306.717521 0.187169 0.917205 0.351714 0.061659 0.346366 -0.936071 0.980391 -0.196890 -0.008275
8.314368 -22.014598 2730.601594 -1033.091895 -0.192181 -0.826550 -0.529038 0.962649 -0.263545 0.062058 -0.190719 -0.497351 0.846326
9.863447 -27.129764 1439.692261 -1434.903211 -0.301703 -0.803679 -0.512909 0.946157 -0.318588 -0.057352 -0.117314 -0.502596 0.856525
6.457172 -22.718645 1861.526177 -1160.597197 -0.311172 -0.787336 -0.532236 0.941312 -0.332413 -0.058601 -0.130784 -0.519235 0.844566
2.952497 -18.093349 2134.099678 -1092.411257 -0.205817 -0.819025 -0.535571 0.959808 -0.275664 0.052712 -0.190810 -0.503196 0.842843
4.575588 -24.486700 1306.913660 -1157.701693 -0.432584 -0.736785 -0.519633 0.899110 -0.395284 -0.188020 -0.066873 -0.548542 0.833444
1.577366 -18.799164 712.127124 -1354.847160 -0.369304 -0.765963 -0.526227 0.917754 -0.389624 -0.076949 -0.146090 -0.511365 0.846855
10.003121 2.303586 1782.756284 1121.065855 0.570280 0.611643 0.548336 0.748570 -0.661830 -0.040287 0.338264 0.433443 -0.835287
13.372767 -13.245697 -1241.158767 4844.200505 0.867265 0.169034 0.468272 -0.334692 0.894282 0.297055 0.368555 0.414352 -0.832153
22.910914 -3.310339 4928.790886 1926.448033 0.356737 0.766153 0.534555 0.873545 -0.476396 0.099832 0.331146 0.431344 -0.839217
-0.129728 -53.411748 -307.415119 -1965.432835 0.353592 0.722778 -0.593771 -0.642931 -0.273273 -0.715515 0.679420 -0.634754 -0.368069
0.901644 -48.451831 588.480874 -2163.858692 0.318881 0.733455 -0.600299 -0.580495 -0.349534 -0.735426 0.749227 -0.582984 -0.314307
0.871673 -53.272250 -95.007715 1528.355174 0.336095 0.725779 -0.600238 0.692713 0.241304 0.679648 0.638114 -0.644219 -0.421655
-0.712758 -59.008731 -309.256872 1857.013385 0.362114 0.729220 -0.580613 0.765182 0.123171 0.631922 0.532325 -0.673102 -0.513384
13.266636 -132.895917 802.047670 -6092.323695 0.226335 0.894793 -0.384861 0.924896 -0.321355 -0.203218 -0.305515 -0.309961 -0.900325
16.999555 -164.741133 1776.779879 -10419.173488 0.182602 0.895682 -0.405476 0.982956 -0.175250 0.055544 -0.021310 -0.408708 -0.912417
12.638119 -141.998645 511.196092 -8938.277868 0.158987 0.907755 -0.388206 0.986567 -0.161021 0.027521 -0.037527 -0.387366 -0.921162
10.744220 -118.114728 476.762088 -36.806603 0.226656 0.907352 -0.354032 0.932802 -0.306796 -0.189097 -0.280193 -0.287382 -0.915917
9.570502 -121.221040 429.027529 -1866.647136 0.265582 0.892121 -0.365494 -0.821866 0.407685 0.397906 -0.503988 -0.194711 -0.841477
-5.841553 -48.464725 448.036077 -1249.570666 0.438945 0.667979 -0.600942 0.862261 -0.501222 0.072685 -0.252654 -0.550073 -0.795981
-7.755021 -49.116518 579.328282 -3690.413251 0.439492 0.654465 -0.615241 0.867757 -0.486286 0.102587 -0.232044 -0.578966 -0.781636
-7.474064 -45.932627 248.940203 -559.113255 0.444858 0.643742 -0.622654 0.844933 -0.532196 0.053445 -0.296969 -0.549876 -0.780670
-5.558619 -46.496162 331.581401 1286.262020 0.454328 0.649297 -0.609918 0.832559 -0.553044 0.031422 -0.316909 -0.522069 -0.791842
-32.674897 -48.167355 1025.958811 614.647166 0.824104 -0.471836 -0.313408 0.033917 0.593406 -0.804188 -0.565423 -0.652104 -0.505031
-30.614891 -47.415799 146.522939 247.828238 0.861862 -0.460044 -0.213431 0.048263 0.493344 -0.868494 -0.504841 -0.738221 -0.447398
-31.098790 -47.598674 1260.170122 -552.228866 0.824807 -0.496610 -0.270318 -0.027426 0.442386 -0.896405 -0.564749 -0.746775 -0.351263
-31.351661 -48.020775 -173.987526 42.958193 0.877074 -0.436773 -0.199925 0.104345 0.579502 -0.808263 -0.468885 -0.688046 -0.553841
-34.698845 -48.431737 -1115.165481 -762.254210 0.235397 0.967620 -0.091105 -0.126812 0.123517 0.984206 -0.963591 0.220126 -0.151782
-36.951276 -49.883087 -292.532226 105.605864 0.353539 0.933562 -0.058925 -0.056842 0.084317 0.994816 -0.933691 0.348356 -0.082875
-37.381170 -49.848808 -777.636245 -1352.161938 0.312178 0.949233 0.038761 -0.240594 0.039523 0.969821 -0.919054 0.312083 -0.240717
-34.551064 -47.710902 -1104.405189 1340.838184 0.248313 0.943443 -0.219671 0.081638 0.205585 0.975228 -0.965234 0.260095 0.025971
34.889671 -108.777130 -3248.075898 15833.570524 0.419237 0.617760 0.665291 0.830617 0.034825 -0.555755 -0.366492 0.785595 -0.498522
36.252439 -115.766918 -3992.072193 -4811.945656 0.378886 0.593777 0.709841 0.682583 0.338645 -0.647611 -0.624921 0.729896 -0.276994
27.979057 -98.697842 -1175.094676 6401.087259 0.371160 0.654539 0.658649 0.727748 0.235511 -0.644141 -0.576735 0.718410 -0.388927
34.821240 -78.956488 713.281835 16669.593866 0.476446 0.659048 0.581941 0.821619 -0.098145 -0.561525 -0.312957 0.745670 -0.588246
4.673983 -39.611730 -4105.455456 221.591986 -0.178283 0.919607 0.350054 -0.095397 -0.370232 0.924028 -0.979344 -0.131344 -0.153734
-9.397407 -39.006974 -3405.816506 -243.252409 -0.160273 0.923700 0.347980 -0.141237 -0.370371 0.918084 -0.976916 -0.097997 -0.189821
1.684536 -39.544910 -3854.582556 -416.416149 -0.167260 0.927604 0.334028 -0.220787 -0.365437 0.904272 -0.960873 -0.077500 -0.265926
-4.372368 -38.578855 -4045.871301 -92.534665 -0.179474 0.915533 0.359984 -0.028815 -0.370661 0.928321 -0.983341 -0.156237 -0.092905
-6.883109 -44.855888 657.987140 -270.418835 0.304239 0.865118 0.398761 -0.521336 0.501564 -0.690393 0.797275 -0.002156 -0.603612
-3.314542 -43.152617 659.691950 -363.763498 0.304529 0.854380 0.421066 -0.478216 0.519452 -0.708152 0.823755 -0.014292 -0.566766
-5.997794 -44.177190 610.875317 -244.931483 0.320747 0.845655 0.426601 -0.400100 0.529210 -0.748236 0.858511 -0.069311 -0.508089
-8.935044 -46.701001 949.134807 -599.013328 0.334644 0.848797 0.409338 -0.428993 0.523981 -0.735805 0.839034 -0.070629 -0.539475
-8.222738 -45.724305 775.815553 442.779084 0.317414 0.870544 0.376035 -0.561266 0.492091 -0.665452 0.764348 -0.000168 -0.644803
1.410781 -38.262764 256.297383 390.404563 0.573550 0.712173 0.404785 -0.316202 -0.263369 0.911402 -0.755683 0.650728 -0.074135
2.267168 -38.703922 207.403550 -1544.894648 0.587689 0.731944 0.344789 -0.231955 -0.255839 0.938479 -0.775124 0.631510 -0.019425
1.919130 -43.992694 -214.695335 954.561072 0.553770 0.725041 0.409455 -0.301265 -0.283964 0.910277 -0.776259 0.627439 -0.061179
11.368011 -68.430179 3333.807696 4388.937005 -0.354815 -0.731736 -0.581953 0.931977 -0.227332 -0.282381 0.074332 -0.642560 0.762622
1.327027 -69.979570 2064.490327 1532.961433 -0.395791 -0.728348 -0.559338 0.918071 -0.299062 -0.260206 0.022244 -0.616500 0.787041
4.351696 -73.232608 2881.447890 1522.137100 -0.381040 -0.730720 -0.566442 0.915751 -0.382648 -0.122395 -0.127312 -0.565358 0.814962
-2.000640 -73.032385 1406.749667 300.338484 -0.403280 -0.734038 -0.546400 0.905757 -0.405204 -0.124156 -0.130268 -0.544975 0.828271
1.596408 -182.919801 764.631312 7802.653172 0.574334 0.763830 0.294457 0.695753 -0.265922 -0.667243 -0.431357 0.588090 -0.684165
1.993173 -183.934913 1934.368785 7016.699674 0.607663 0.745526 0.273746 -0.474283 0.064179 0.878030 -0.637025 0.663380 -0.392589
5.046162 -181.566659 1605.261723 3034.063368 0.596101 0.741651 0.307600 0.680819 -0.263812 -0.683292 -0.425615 0.616731 -0.662189
4.718591 -192.911089 1999.221693 7428.962877 0.567142 0.756804 0.324957 0.795013 -0.399951 -0.456063 -0.215184 0.516998 -0.828498
3.311585 -22.248059 1693.923597 875.669730 0.122929 0.989700 0.073362 0.888008 -0.142700 0.437126 -0.443093 -0.011411 0.896403
7.368427 -26.188767 609.452336 366.111667 0.091224 0.990285 0.104945 0.895213 -0.127712 0.426947 -0.436202 -0.055001 0.898166
5.400341 -27.515431 1084.053801 1242.242951 0.181747 0.975207 0.126252 0.840243 -0.220711 0.495257 -0.510843 -0.016071 0.859524
0.503230 -24.362529 1627.411907 1601.706347 0.196139 0.974841 0.105900 0.846000 -0.222836 0.484384 -0.495795 0.005415 0.868423
-0.764718 -19.323762 1499.138392 987.878505 0.113171 0.991446 0.065018 0.891417 -0.130219 0.434072 -0.438826 -0.008833 0.898529
0.310563 -17.935973 1823.622991 344.157449 -0.010863 0.999908 0.008090 0.918619 0.006783 0.395085 -0.394994 -0.011724 0.918609
3.829345 -111.512406 -275.385264 -583.064463 -0.394741 0.037250 -0.918037 0.525235 0.828966 -0.192207 0.753862 -0.558057 -0.346792
4.675449 -104.167748 516.150407 243.251796 -0.419159 0.062197 -0.905780 0.547910 0.812832 -0.197737 0.723948 -0.579169 -0.374784
4.973129 -110.238419 909.916802 2770.415211 -0.403645 0.084468 -0.911008 0.709555 0.657502 -0.253423 0.577583 -0.748703 -0.325331
5.128585 -106.928624 56.854105 157.418121 -0.390517 0.058978 -0.918705 0.677494 0.694079 -0.243427 0.623297 -0.717479 -0.311006
0.404386 -82.168692 -1588.159913 2059.222678 -0.418836 -0.900971 -0.113259 0.895357 -0.388961 -0.216898 0.151365 -0.192252 0.969602
-2.741247 -83.114181 1215.337944 -339.928513 0.372129 0.918608 0.132964 0.879434 -0.303134 -0.367023 0.296844 -0.253513 0.920660
1.124649 -84.142174 2207.726387 -792.693013 0.385695 0.915120 0.117446 0.867041 -0.315994 -0.385211 0.315402 -0.250405 0.915324
0.938416 -91.820349 -2230.632006 1786.914446 -0.438868 -0.894134 -0.088985 0.890403 -0.419444 -0.176771 0.120733 -0.156812 0.980221
-0.543397 -91.139883 -1079.700861 4286.129028 -0.461586 -0.879752 -0.113912 0.885765 -0.464109 -0.004875 -0.048579 -0.103150 0.993479
-3.273929 -90.418730 -1563.973109 2594.385851 -0.360914 -0.055809 -0.930928 -0.258538 0.965071 0.042377 0.896046 0.255975 -0.362737
-3.991180 -90.035060 -878.892541 1273.836361 -0.360892 -0.093364 -0.927922 -0.397079 0.915667 0.062302 0.843852 0.390943 -0.367530
-2.014442 -87.718038 -1073.073116 1099.647116 -0.339453 -0.114479 -0.933631 -0.484939 0.871788 0.069420 0.805981 0.476319 -0.351447
10.504453 -19.302710 1321.300432 -274.963767 -0.179665 0.893129 0.412361 0.946358 0.271362 -0.175413 -0.268565 0.358725 -0.893974
6.983411 -18.691889 236.397495 -1791.776516 -0.268099 0.864546 0.425068 0.904647 0.377636 -0.197497 -0.331267 0.331587 -0.883353
7.252066 -20.308447 71.560353 1367.195800 -0.133882 0.920446 0.367227 -0.926982 -0.247343 0.282004 -0.350400 0.302658 -0.886351
8.598338 -22.138080 355.019389 817.356445 -0.020209 0.948609 0.315805 0.962922 0.103460 -0.249152 -0.269021 0.299060 -0.915528
14.496086 -20.021767 2051.654884 1653.753089 -0.089441 0.920057 0.381438 0.978365 0.152893 -0.139377 -0.186554 0.360720 -0.913827
3.724610 -284.208356 468.930969 11596.546892 -0.505188 -0.123038 -0.854193 0.655452 0.589165 -0.472512 0.561398 -0.798590 -0.216994
5.734625 -222.590834 21.968490 8883.776726 -0.494675 -0.096555 -0.863698 0.713286 0.522660 -0.466957 0.496508 -0.847056 -0.189676
3.554902 -297.466082 2260.624127 -27435.758148 -0.511819 -0.080665 -0.855298 0.842517 0.147501 -0.518082 0.167949 -0.985767 -0.007533
3.484825 -405.344294 77.677095 -69215.682694 -0.509265 -0.135280 -0.849911 0.850708 0.070248 -0.520924 0.130175 -0.988314 0.079309
4.946004 -320.402458 -507.012316 -39997.829463 -0.487199 -0.100913 -0.867441 0.852070 -0.272575 -0.446856 -0.191349 -0.956828 0.218783
5.044220 -261.817119 2420.390474 -18445.099541 -0.489830 -0.043791 -0.870717 0.861595 -0.176809 -0.475806 -0.133115 -0.983270 0.124337
0.900359 -24.972899 -4432.769724 1758.950560 0.440854 0.805715 -0.395564 -0.471003 0.582811 0.662184 -0.764071 0.105615 -0.636429
4.013790 -32.850471 -5050.800827 2911.855033 0.363187 0.878275 -0.311011 -0.596243 0.475591 0.646767 -0.715954 0.049460 -0.696394
19.799436 -25.034565 -6235.257332 2588.788580 0.384181 0.875703 -0.292489 -0.562556 0.473230 0.677926 -0.732077 0.095905 -0.674438
39.485637 -19.689345 -7936.032559 1356.317772 0.431493 0.867820 -0.246380 -0.539914 0.467227 0.700136 -0.722708 0.169080 -0.670154
18.810206 -19.520589 -6200.461066 1516.609290 0.418468 0.844562 -0.334065 -0.498535 0.521051 0.692797 -0.759175 0.123370 -0.639087
-18.019730 -41.203489 -1098.366388 -1204.630853 -0.267919 0.929725 -0.252646 0.920713 0.324306 0.217057 -0.283738 0.174460 0.942898
-18.749635 -43.022957 494.059045 -1283.155560 -0.238748 0.922573 -0.303080 0.928822 0.308021 0.205945 -0.283355 0.232338 0.930445
-17.220066 -39.367761 -12.021922 -1229.832670 -0.144527 0.952420 -0.268343 0.906665 0.236084 0.349605 -0.396322 0.192769 0.897646
-17.798272 -37.511229 -1872.332357 -1182.438465 -0.132022 0.974293 -0.182547 0.894752 0.196388 0.401063 -0.426603 0.110385 0.897678
-14.708854 -37.658691 -1789.294088 -1555.022639 -0.220360 0.957720 -0.184969 0.908549 0.270532 0.318356 -0.354936 0.097900 0.929750
-73.210286 -338.912262 -9281.993363 82749.510882 -0.103122 0.386097 -0.916676 0.736119 -0.590178 -0.331388 -0.668950 -0.708956 -0.223353
-153.534419 -1179.991903 7012.939662 -262553.359970 -0.117436 -0.157582 0.980498 -0.565590 0.822168 0.064395 -0.816282 -0.546998 -0.185679
-80.313845 -824.767371 2311.605946 -195959.820820 -0.212856 -0.175776 0.961143 -0.591041 0.806470 0.016596 -0.778050 -0.564542 -0.275553
-16.143543 -90.367093 1900.933134 -14210.828494 -0.257840 0.835076 -0.485970 -0.647612 -0.522637 -0.554482 0.717020 -0.171752 -0.675562
-15.619186 -102.404655 2919.422370 10479.192932 -0.447842 0.625433 -0.638961 0.523709 0.762703 0.379491 0.724683 -0.164678 -0.669116
-28.154888 -64.240884 3491.723433 -2690.667495 -0.511605 0.394821 -0.763136 0.295936 0.914799 0.274891 0.806649 -0.085204 -0.584857
-41.738299 -64.641308 21.810069 -1469.593352 0.384774 0.886481 -0.257099 0.140759 -0.331642 -0.932846 0.912215 -0.322746 0.252387
-39.189724 -62.124733 729.956555 -2523.894178 0.521467 0.720060 -0.457805 0.039204 -0.556181 -0.830136 0.852370 -0.414941 0.318259
-35.409772 -53.896784 122.528868 4418.013598 0.589350 0.590370 -0.551480 -0.088456 0.725680 0.682323 0.803021 -0.353345 0.479901
-26.115331 -55.121177 -2031.581631 2954.954548 -0.450479 -0.683572 0.574280 0.883846 -0.250653 0.394955 -0.126036 0.685494 0.717086
-4.560944 -59.448326 -9134.817225 2066.291260 -0.475398 -0.587869 0.654528 0.858952 -0.149255 0.489821 -0.190259 0.795068 0.575907
-20.415281 -62.454200 -3996.144982 1323.342199 -0.427510 -0.671190 0.605590 0.838206 -0.043398 0.543624 -0.338594 0.740014 0.581149
5.661979 -65.437075 -11560.394760 463.758978 -0.522975 -0.561750 0.641042 0.781563 -0.015967 0.623622 -0.340084 0.827153 0.447393
-33.565531 -61.671936 -502.916379 2768.271501 -0.397556 -0.745562 0.534871 0.873548 -0.129124 0.469298 -0.280826 0.653807 0.702618
-33.826367 -65.044004 -371.912019 427.641247 -0.314602 -0.760744 0.567709 0.830543 0.068965 0.552669 -0.459592 0.645377 0.610134
-32.800088 -62.929414 -83.301799 -1013.909732 -0.332481 -0.705024 0.626417 0.787967 0.157315 0.595282 -0.518233 0.691515 0.503231
-18.452531 -62.559706 -6074.798188 -890.772893 -0.471191 -0.624050 0.623331 0.741361 0.102675 0.663205 -0.477873 0.774610 0.414267
71.895274 -26.325109 11236.670723 1438.990033 -0.757918 -0.584736 -0.289214 -0.235574 0.658753 -0.714528 0.608331 -0.473422 -0.637029
70.015169 -24.530550 -10039.421548 1795.182318 0.828179 0.474369 0.298487 -0.137032 0.687789 -0.712859 0.543454 -0.549473 -0.634616
88.211752 -36.812577 9489.388091 2892.663535 -0.686390 -0.594640 -0.418655 -0.125206 0.663713 -0.737434 0.716374 -0.453749 -0.530018
50.965896 -18.810047 -8364.274228 -253.099857 0.848362 0.478054 0.227478 -0.185086 0.670379 -0.718564 0.496009 -0.567500 -0.657206
80.513987 -40.326709 -379.374807 3159.766991 0.464294 0.769862 0.437884 -0.324832 0.607969 -0.724471 0.823963 -0.194129 -0.532352
70.910246 -30.260599 -9647.726356 762.985571 0.653792 0.711623 0.257196 -0.367164 0.595559 -0.714493 0.661624 -0.372697 -0.650654
48.864593 -22.096379 -9554.250477 -458.410110 0.799332 0.578450 0.162676 -0.310640 0.629540 -0.712167 0.514364 -0.518724 -0.682902
7.960008 -34.913066 -3835.200534 575.258644 0.002522 0.995912 -0.090291 0.599348 -0.073782 -0.797081 0.800485 0.052106 0.597084
-18.580151 -34.290439 -2585.326195 -1437.763730 -0.197232 0.944799 0.261638 -0.794625 0.002238 -0.607096 0.574169 0.327643 -0.750320
-11.283925 -38.507161 -3253.153210 -580.973465 0.016911 0.920606 0.390126 -0.874985 0.202444 -0.439793 0.483855 0.333917 -0.808940
-7.179465 -36.764991 -2561.738636 -905.161343 0.103345 0.908673 0.404515 -0.885721 0.269120 -0.378249 0.452568 0.319198 -0.832643
-6.644299 -35.345448 -1164.237427 -1275.970318 0.022946 0.927226 0.373798 -0.869784 0.202857 -0.449806 0.492899 0.314802 -0.811141
3.557808 -26.668104 7250.491693 1264.006351 -0.294367 0.884289 0.362464 0.115032 0.409296 -0.905121 0.948744 0.224743 0.222205
-2.382111 -25.886736 3987.903230 -365.195725 -0.286354 0.757360 0.586862 0.009236 0.614665 -0.788734 0.958079 0.220437 0.183007
-5.190542 -76.744115 -169.624354 1992.498137 0.262831 0.868800 -0.419650 0.199193 -0.474432 -0.857459 0.944056 -0.141776 0.297755
-0.210057 -78.631784 361.058733 3480.607134 0.193549 0.921709 -0.336142 0.294984 -0.381439 -0.876064 0.935694 -0.070405 0.345717
-8.904013 -71.001149 -1354.988666 1756.726939 0.012926 0.982054 -0.188157 0.407479 0.166666 0.897877 -0.913123 0.088276 0.398012
-8.333678 -67.287503 -1242.751888 876.374343 0.011653 0.983739 -0.179226 0.575971 0.139913 0.805408 -0.817387 0.112614 0.564974
-2.937371 -112.314626 411.923643 11645.196489 0.939427 0.328541 -0.097663 0.338706 -0.846221 0.411325 -0.052493 0.419488 0.906242
-2.957125 -101.815330 1088.961539 7990.728500 0.943942 0.309135 -0.115795 0.330016 -0.875303 0.353460 -0.007911 0.371860 0.928255
-4.250222 -137.080368 721.324099 15384.794492 0.941654 0.315858 -0.116286 0.321931 -0.744372 0.585039 -0.098229 0.588340 0.802625
-4.114271 -159.900950 -98.420159 13338.984599 0.933254 0.336256 -0.126368 0.290335 -0.498934 0.816560 -0.211524 0.798747 0.563259
-0.794548 -153.093976 -466.124447 18242.185428 0.934119 0.340524 -0.107074 0.321200 -0.670967 0.668307 -0.155732 0.658671 0.736139
-1.054625 -44.468689 171.937883 2790.089103 -0.496409 -0.628118 0.599205 -0.655390 0.723811 0.215782 -0.569247 -0.285597 -0.770968
-2.251192 -42.630144 -492.893668 1949.194159 -0.543906 -0.593959 0.592772 -0.604803 0.767154 0.213746 -0.581704 -0.242253 -0.776488
1.208801 -47.843723 724.783287 -1897.093872 0.564971 0.406046 -0.718286 0.501388 0.522427 0.689696 -0.655300 0.749798 -0.091570
0.250892 -52.878253 -877.005633 -1716.843738 -0.552725 -0.393040 0.734857 0.626527 0.385462 0.677409 -0.549508 0.834829 0.033196
2.075133 -52.084969 -646.579916 -1937.253412 -0.541469 -0.394161 0.742596 0.591639 0.448899 0.669667 -0.597307 0.801952 -0.009864
2.341518 -47.237080 931.190748 -1848.498439 0.561936 0.400509 -0.723754 0.501307 0.531082 0.683113 -0.657966 0.746689 -0.097656
2.239813 -43.078896 -482.035645 -912.570663 -0.562545 -0.422872 0.710438 0.409271 0.604191 0.683703 -0.718359 0.675376 -0.166816
-3.462358 -43.985358 501.120110 3712.639627 0.253376 0.506943 -0.823899 0.875074 0.242944 0.418597 0.412366 -0.827035 -0.382057
-2.865691 -39.668238 721.652736 2449.979564 0.210522 0.489123 -0.846427 0.855157 0.327402 0.401889 0.473696 -0.808434 -0.349351
3.773685 -43.188985 -490.074446 5791.159856 0.239182 0.511874 -0.825092 0.861966 0.279259 0.423119 0.446998 -0.812403 -0.374424
-7.172344 -100.508100 -457.251438 -821.890200 0.983219 0.179146 0.034442 0.174772 -0.979138 0.103651 -0.052292 0.095892 0.994017
-7.714010 -110.882043 -328.595288 -1923.098446 0.980385 0.194151 0.033922 0.196274 -0.977411 -0.078384 -0.017937 -0.083505 0.996346
-9.276376 -97.154442 -149.306031 -2107.770946 0.908702 0.406518 0.094887 0.096456 0.016683 -0.995197 0.406148 -0.913491 0.024051
5.898070 -624.246961 -2626.442525 -144388.038043 0.823971 0.405551 -0.395727 -0.510763 0.229201 -0.828606 0.245341 -0.884870 -0.395995
19.479232 -364.035128 -2943.546475 -19184.352192 0.854653 0.376897 -0.357095 -0.517682 0.566047 -0.641558 0.039669 -0.733171 -0.678886
139.879525 -4187.433803 -31724.042504 -1461506.755480 0.871476 0.279631 -0.402910 -0.485393 0.609315 -0.627000 -0.070170 -0.741985 -0.666734
-1.007499 -1276.505949 -5720.360536 -403725.354091 0.694308 0.401750 -0.597105 -0.684879 0.113972 -0.719688 0.221081 -0.908629 -0.354282
41.756530 -40.495812 -2806.208721 570.659981 0.174604 0.925844 0.335151 0.309126 0.271627 -0.911405 0.934855 -0.262739 0.238776
44.940502 -39.008366 -2907.902080 802.082612 0.113131 0.940239 0.321174 0.232311 0.289258 -0.928634 0.966040 -0.179670 0.185704
43.701440 -37.203625 -3189.873362 205.393580 0.138794 0.931486 0.336259 0.134951 0.318588 -0.938238 0.981083 -0.175600 0.081486
12.437708 -26.664682 907.998556 -1304.771152 -0.219145 -0.848006 -0.482556 0.959286 -0.277579 0.052151 -0.178172 -0.451481 0.874311
1.168794 -48.627780 242.446251 -1433.512102 0.321261 0.721685 -0.613157 -0.512043 -0.412289 -0.753545 0.796620 -0.556048 -0.237081
2.086945 -46.124089 330.511088 -1384.047449 0.305949 0.710830 -0.633336 -0.491424 -0.451852 -0.744535 0.815413 -0.539027 -0.211075
6.459966 -143.513815 -2803.656006 16805.835569 0.298279 0.765875 -0.569618 -0.798585 0.527111 0.290545 -0.522773 -0.368225 -0.768843
22.367341 -224.308990 267.573463 -41539.235702 0.273639 0.803151 -0.529217 0.920176 -0.378770 -0.099040 -0.279996 -0.459872 -0.842686
11.094630 -146.610256 -938.646202 20969.749836 0.255075 0.803526 -0.537850 -0.802526 0.486204 0.345772 -0.539342 -0.343441 -0.768869
5.089647 -106.722080 -2874.515725 8365.206047 0.261179 0.794658 -0.548000 -0.642615 0.566759 0.515588 -0.720300 -0.217492 -0.658685
5.553080 -256.654224 -2933.365294 50776.699729 0.925878 -0.292136 -0.239596 -0.333993 -0.929313 -0.157563 0.176629 -0.225908 0.958002
4.463052 -181.175185 559.734923 38603.073262 0.916477 -0.245639 -0.315801 -0.353177 -0.867571 -0.350124 0.187976 -0.432415 0.881863
0.100636 -339.546941 1519.895954 69883.357292 0.882703 -0.384980 -0.269492 -0.447388 -0.863931 -0.231231 0.143803 -0.324676 0.934830
6.227187 -1052.947501 9277.482990 236511.938473 0.748286 -0.587088 -0.308861 -0.655771 -0.724938 -0.210781 0.100158 -0.360267 0.927457
7.657300 -2639.148115 706.612473 -760002.758371 0.854149 -0.474532 -0.212717 0.414795 0.868410 -0.271679 0.313646 0.143820 0.938585
22.675890 -2564.054091 -384.223514 -703363.011206 0.872377 -0.421134 -0.248203 0.382089 0.904144 -0.191133 0.304904 0.071904 0.949665
-30.034595 -47.583368 -15.344654 -163.607707 0.869706 -0.457734 -0.184638 0.009414 0.389401 -0.921020 -0.493481 -0.799278 -0.342973
-31.886786 -47.973710 -749.052967 174.884237 0.905993 -0.398383 -0.143067 0.073334 0.480598 -0.873869 -0.416893 -0.781227 -0.464633
-34.546530 -45.014686 505.544567 69.109655 0.119756 0.889801 -0.440356 0.339539 0.380094 0.860373 -0.932937 0.252553 0.256603
-34.663366 -43.314456 385.121658 1444.469878 0.097807 0.953295 -0.285768 0.187570 0.264341 0.946013 -0.977370 0.146128 0.152955
-37.762516 -42.435257 1633.280720 21.891640 0.138299 0.987884 -0.070412 0.254476 0.033263 0.966507 -0.957139 0.151585 0.246792
-21.548164 -56.866636 -4871.626350 1146.777302 -0.871233 0.043059 -0.488977 -0.125985 0.943162 0.307528 0.474427 0.329532 -0.816289
-34.833105 -61.199177 4346.545625 3244.868668 0.913508 -0.025413 0.406027 -0.167431 0.886119 0.432157 0.370771 0.462760 -0.805222
-20.137364 -51.208727 5821.359352 2987.322492 0.817481 0.125608 0.562092 -0.392426 0.835814 0.383950 0.421577 0.534451 -0.732553
-32.035544 -51.501299 5455.132757 3660.276747 0.834689 0.213896 0.507487 -0.475946 0.743783 0.469322 0.277074 0.633274 -0.722630
-7.590274 -48.277138 -5520.343718 3177.909884 -0.809409 -0.073122 -0.582675 -0.319372 0.887464 0.332278 0.492806 0.455039 -0.741675
0.586206 -37.902372 6399.540607 1088.041860 0.660842 0.324658 0.676673 -0.616945 0.748410 0.243435 0.427396 0.578342 -0.694877
-5.471563 -40.357783 8536.639196 -1226.892651 0.594965 0.395361 0.699791 0.729561 -0.631000 -0.263780 0.337280 0.667479 -0.663863
31.640424 -40.183930 -6212.229408 1050.349833 -0.139243 -0.930150 0.339755 0.973304 -0.191768 -0.126112 0.182457 0.313125 0.932021
25.367441 -39.807152 -1100.055000 644.649109 -0.229819 -0.950500 0.209125 0.973213 -0.225833 0.043080 0.006280 0.213424 0.976940
13.848350 -41.637314 -6768.843933 940.152110 -0.091137 -0.909082 0.406527 0.995326 -0.096251 0.007899 0.031948 0.405347 0.913605
39.632130 -39.280802 1035.537654 499.391236 -0.254454 -0.952615 0.166666 0.960468 -0.269057 -0.071479 0.112934 0.141889 0.983419
16.876144 -39.274657 -10080.454427 2582.652816 -0.016442 -0.895296 0.445168 0.979301 -0.104251 -0.173494 0.201738 0.433101 0.878479
22.418782 -36.480008 -10514.863332 1514.000881 0.016849 -0.893843 0.448062 0.953432 -0.120603 -0.276445 0.301136 0.431855 0.850187
42.597357 -39.983226 -334.887451 170.107163 0.218670 0.959217 -0.179128 0.952360 -0.249784 -0.174983 0.212590 0.132331 0.968140
42.363840 -35.132228 8129.045541 1049.216621 0.106830 0.932865 -0.344021 0.939793 -0.207703 -0.271382 0.324617 0.294317 0.898889
0.444238 -41.794269 703.672445 -304.901334 0.302835 0.850682 0.429686 -0.459233 0.525314 -0.716345 0.835102 -0.019608 -0.549745
-2.089949 -42.571064 371.974751 -230.520422 0.324027 0.836250 0.442371 -0.346526 0.540014 -0.767010 0.880299 -0.095239 -0.464762
0.122650 -41.043630 445.855442 -306.631966 0.311825 0.841574 0.441042 -0.349305 0.533219 -0.770496 0.883601 -0.086201 -0.460237
-4.521406 -43.059890 637.538792 -131.630440 0.323475 0.832415 0.449944 -0.340853 0.546093 -0.765247 0.882713 -0.094174 -0.460378
-3.994779 -41.318792 685.802504 -238.474498 0.322063 0.825265 0.463910 -0.208013 0.539730 -0.815734 0.923583 -0.166219 -0.345493
-1.900817 -41.067489 400.879096 -378.162095 0.320048 0.833294 0.450767 -0.240075 0.531597 -0.812262 0.916479 -0.151744 -0.370189
2.212131 -42.695022 393.779557 -3496.047927 0.600561 0.747679 0.283378 -0.134100 -0.255205 0.957543 -0.788254 0.613064 0.053003
3.187731 -45.437543 393.989124 -2679.278837 0.587116 0.745658 0.315101 -0.179165 -0.259903 0.948868 -0.789427 0.613551 0.018997
1.391783 -86.169800 -1286.236070 1038.492361 0.353250 0.763866 0.540114 0.473484 -0.643912 0.600991 -0.806863 -0.043436 0.589140
5.067124 -84.620170 -930.928185 2917.178745 0.364154 0.769642 0.524445 0.675272 -0.605999 0.420443 -0.641404 -0.201037 0.740395
-0.554086 -87.205646 -1778.557625 3554.189675 0.356547 0.748340 0.559339 0.678434 -0.618996 0.395691 -0.642340 -0.238392 0.728401
-3.203665 -83.645323 -1005.229590 3273.508027 0.368406 0.754952 0.542517 0.633134 -0.631059 0.448225 -0.680749 -0.178357 0.710472
-2.581086 -80.442667 -1540.824250 2699.680746 0.369924 0.748854 0.549885 0.753580 -0.588026 0.293840 -0.543390 -0.305684 0.781847
1163.178947 -116.700024 -300167.739930 -10395.484346 0.481314 0.847971 0.221997 0.180859 0.151740 -0.971733 0.857687 -0.507859 0.080329
545.401300 -25.289080 -136733.366268 2587.190020 0.446508 0.893015 0.056172 0.030873 0.047364 -0.998400 0.894247 -0.447528 0.006421
379.202392 -43.432342 -93821.409486 -87.013595 0.479696 0.874013 0.077418 0.013312 0.080973 -0.996627 0.877334 -0.479108 -0.027208
463.152514 -39.892355 -125247.751921 1163.618207 0.464953 0.884310 -0.042594 -0.085699 -0.002930 -0.996317 0.881178 -0.466891 -0.074422
202.380466 -49.242499 -58734.228359 -1842.337864 0.460452 0.872559 0.163168 0.094318 0.134682 -0.986390 0.882659 -0.469575 0.020284
87.912830 -33.863523 -26646.838660 -482.979544 0.436857 0.898003 0.052418 -0.032368 0.073928 -0.996738 0.898949 -0.433735 -0.061362
1171.851478 -194.479080 -314672.674268 -25861.576207 0.447584 0.893137 0.044444 -0.087520 0.093213 -0.991792 0.889949 -0.440021 -0.119888
9.813600 -30.966784 -623.352511 -330.174852 0.078891 0.983164 0.164816 0.908661 -0.138920 0.393747 -0.410014 -0.118699 0.904322
7.070205 -30.006768 -413.411947 588.849029 0.149459 0.972086 0.180864 0.855395 -0.218865 0.469466 -0.495945 -0.084545 0.864228
5.998688 -108.451588 -823.451061 -627.594429 -0.374625 0.025471 -0.926826 0.729430 0.625171 -0.277656 0.572352 -0.780072 -0.252784
7.508432 -110.454998 -312.345460 852.757412 -0.383583 0.031249 -0.922978 0.848025 0.407655 -0.338631 0.365675 -0.912601 -0.182870
6.223463 -115.983922 -112.149317 638.677777 -0.391500 0.002633 -0.920174 0.768819 0.550407 -0.325530 0.505613 -0.834892 -0.217508
4.635188 -115.032753 -150.416290 -1936.482194 -0.392017 0.007694 -0.919926 0.629882 0.731058 -0.262304 0.670501 -0.682272 -0.291434
3.899996 -110.457929 -376.338988 -2713.487002 -0.396174 0.017578 -0.918007 0.528680 0.821812 -0.212421 0.750695 -0.569488 -0.334873
-2.027952 -90.385438 1446.816499 -3590.221567 0.333989 0.928849 0.160283 0.800419 -0.189684 -0.568639 0.497776 -0.318213 0.806821
0.200767 -156.823163 -33.597238 -9087.997949 0.360421 0.894248 0.265363 0.582593 0.006365 -0.812739 0.728479 -0.447527 0.518688
0.716929 -154.480056 -775.484082 -3218.043504 0.355522 0.885774 0.298342 0.431008 0.127865 -0.893243 0.829359 -0.446155 0.336317
1.006772 -154.218753 370.758314 -117.514639 0.343803 0.894736 0.285038 0.331925 0.168155 -0.928197 0.878422 -0.413728 0.239173
-0.246323 -180.574628 1231.657030 387.901028 0.334691 0.912689 0.234480 0.400043 0.087679 -0.912293 0.853198 -0.399138 0.335770
-3.111078 -95.778111 -45.824669 -931.618899 -0.355865 -0.145120 -0.923201 -0.576300 0.811751 0.094544 0.735689 0.565686 -0.372506
2.733454 -18.173144 921.555260 402.306496 -0.313362 0.828271 0.464512 -0.880021 -0.437108 0.185740 -0.356885 0.350577 -0.865869
3.954981 -19.083127 520.287247 -1189.452409 -0.374696 0.806558 0.457239 0.875257 0.470391 -0.112507 -0.305824 0.358045 -0.882199
0.177769 -18.306550 1516.318377 36.962635 -0.412441 0.760379 0.501713 0.842990 0.527337 -0.106221 -0.345340 0.379129 -0.858488
-0.767864 -19.294614 1401.528968 -25.668414 -0.461897 0.732035 0.500775 0.837955 0.545207 -0.024086 -0.290658 0.408502 -0.865242
4.216387 -18.984943 473.990925 -322.936418 -0.399490 0.792372 0.461037 0.887858 0.459653 -0.020662 -0.228289 0.401081 -0.887140
