18477
36944
-39.707384 -60.444891 -2.965069 7551.646098 0.354822 0.933885 -0.044266 0.743387 -0.310525 -0.592410 0.566989 -0.177293 0.804419
-43.189998 -70.601392 -539.224317 6080.454896 0.307977 0.950671 -0.037087 0.823559 -0.285909 -0.489905 0.476342 -0.120336 0.870987
-47.508568 -79.678044 227.522057 10971.479546 -0.002516 0.980029 0.198840 0.885610 0.094530 -0.454708 0.464423 -0.174951 0.868161
-38.467200 -60.370133 -226.751308 6430.264856 0.492632 0.829211 -0.264050 0.651969 -0.552648 -0.519150 0.576412 -0.083597 0.812872
-33.894178 -69.579125 -4061.672684 14389.824701 0.137165 0.966787 0.215657 0.806878 0.017235 -0.590466 0.574572 -0.255000 0.777716
-34.915151 -48.880752 731.968063 6711.649767 0.510884 0.844219 -0.162147 0.590723 -0.481794 -0.647241 0.624535 -0.234881 0.744841
-32.856208 -49.248210 1306.380309 -3248.494137 0.642178 0.651657 -0.403671 -0.432090 0.742696 0.511567 0.633171 -0.154094 0.758518
166.940801 -99.997430 -38069.324521 7368.288794 -0.109193 0.824857 0.554697 0.307268 0.558713 -0.770342 0.945338 -0.086325 0.314460
167.820253 -96.573275 -30419.939032 8649.919443 -0.145591 0.879142 0.453775 0.141120 0.472426 -0.869999 0.979228 0.062627 0.192846
110.401122 -80.973818 -19744.575704 8884.849867 0.104649 0.848589 0.518600 0.194818 0.493868 -0.847432 0.975241 -0.189715 0.113638
93.655305 -87.812989 -17906.333252 8574.894481 0.060838 0.789705 0.610463 0.393855 0.542978 -0.741656 0.917157 -0.285554 0.277995
90.342103 -75.053703 2226.790998 -9127.339550 0.578298 -0.483761 0.656922 0.758131 0.616093 -0.213699 -0.301346 0.621615 0.723039
113.921626 -60.311725 638.844278 -4606.083646 0.632344 -0.546825 0.548747 0.713052 0.687722 -0.136367 -0.302816 0.477515 0.824792
98.874710 -55.944749 -3675.385875 -3406.140579 0.527449 -0.425693 0.735244 0.731490 0.667707 -0.138165 -0.432111 0.610699 0.663572
127.023548 -77.531161 -16107.932529 7928.674842 0.705760 -0.514671 0.486844 -0.685085 -0.670839 0.283960 -0.180448 0.533937 0.826045
84.721050 -66.192623 -10223.502193 -6746.200578 0.418296 -0.316023 0.851562 0.772187 0.617390 -0.150187 -0.478284 0.720388 0.502280
66.841485 -87.405234 183.681275 -9817.091131 0.435342 -0.391596 0.810635 0.846438 0.484729 -0.220410 -0.306627 0.782106 0.542485
60.638322 -95.245018 4681.086877 -13340.034021 0.557176 -0.500679 0.662477 0.815901 0.478484 -0.324591 -0.154469 0.721369 0.675104
74.077581 -86.990243 3490.843112 -12939.329855 0.658239 -0.521337 0.543074 0.741164 0.575192 -0.346166 -0.131903 0.630367 0.765009
14.556331 2.479448 6195.549795 3900.002742 -0.233355 -0.457475 -0.858057 -0.697117 0.693899 -0.180367 0.677919 0.556076 -0.480838
12.947015 6.746200 6553.806463 -1432.757260 -0.467694 -0.179924 -0.865384 -0.556100 0.820906 0.129866 0.687033 0.541978 -0.483989
7.718491 -5.093592 -3735.192007 5909.107301 -0.072389 0.709802 0.700672 -0.729658 0.441257 -0.522390 0.679970 0.549066 -0.485971
5.967544 -16.746833 -3127.373264 7719.589103 0.039158 0.611643 0.790164 -0.733720 0.554410 -0.392792 0.678323 0.564378 -0.470485
2.570352 -16.366996 -2116.722824 5975.521272 -0.175930 0.760564 0.624973 -0.702761 0.347535 -0.620762 0.689329 0.548418 -0.473353
-12.068662 -44.427307 -1479.344849 -934.838630 0.397673 0.642971 -0.654557 0.750874 0.181925 0.634895 0.527299 -0.743970 -0.410444
-14.788339 -48.575110 -2661.393682 537.405079 0.413829 0.633563 -0.653715 0.785038 0.115227 0.608637 0.460935 -0.765063 -0.449687
-19.364560 -48.492863 464.382850 1116.456337 0.301746 0.649402 -0.698016 0.779770 0.253147 0.572603 0.548551 -0.717073 -0.429998
-21.037880 -48.812917 1596.091419 -814.331370 0.254700 0.637294 -0.727313 0.760767 0.332244 0.557537 0.596961 -0.695320 -0.400210
2.133763 -45.568000 198.971392 1214.602383 0.595558 0.796463 -0.104676 0.182892 -0.261319 -0.947767 0.782216 -0.545306 0.301298
2.296114 -44.891669 -121.403347 3410.376539 0.607255 0.784746 -0.124154 0.132242 -0.253919 -0.958143 0.783424 -0.565419 0.257970
1.445530 -47.166844 15.668075 -2382.937714 0.601841 0.790679 -0.112315 0.259950 -0.326931 -0.908593 0.755125 -0.517632 0.402298
3.301094 -44.206440 298.253827 3219.493661 0.597620 0.791164 -0.130041 0.068229 -0.211784 -0.974932 0.798871 -0.573766 0.180546
1.157576 -49.604622 315.121385 -1590.360764 0.592989 0.798642 -0.102638 0.285042 -0.327417 -0.900860 0.753070 -0.504944 0.421802
1.767749 -49.068381 -235.820281 -628.778952 0.589537 0.802286 -0.093719 0.288127 -0.317265 -0.903508 0.754605 -0.505648 0.418200
3.068827 -45.941411 144.259381 3015.649907 0.590524 0.799735 -0.108193 0.104509 -0.208718 -0.972376 0.800225 -0.562904 0.206832
2.252650 -46.187707 -758.272863 1129.428651 0.597882 0.796709 -0.088277 0.196222 -0.252244 -0.947560 0.777196 -0.549207 0.307144
-9.837761 -45.321530 474.309492 3849.695731 -0.501539 -0.855146 0.131091 0.858619 -0.473451 0.196517 -0.105985 0.211118 0.971698
-9.355330 -52.945959 849.314002 -2271.845843 -0.455019 -0.880476 0.133117 0.844019 -0.378775 0.379686 -0.283882 0.285118 0.915488
-8.331582 -47.113399 806.303740 3187.107378 -0.471143 -0.874885 0.112255 0.871683 -0.442354 0.210933 -0.134886 0.197230 0.971034
-6.415632 -51.408445 1249.527348 1612.411519 -0.453373 -0.885526 0.101471 0.867422 -0.412162 0.278750 -0.205018 0.214396 0.954988
-8.763180 -46.473487 560.159578 7234.694659 -0.518895 -0.847243 0.113697 0.854544 -0.510619 0.094987 -0.022421 0.146448 0.988964
-5.623442 -46.424872 1174.913926 4792.478675 -0.486755 -0.868865 0.090240 0.871987 -0.477138 0.109446 -0.052037 0.131961 0.989888
-12.292310 -75.846435 -1329.815625 -9552.299321 0.238357 0.970033 0.047144 0.937130 -0.216989 -0.273318 0.254898 -0.109328 0.960768
-13.207388 -67.783944 409.119736 -9318.228681 0.240262 0.970687 -0.006474 0.952464 -0.237028 -0.191388 0.187312 -0.039817 0.981493
-13.369508 -61.119728 -1150.272298 -10516.096096 0.230839 0.972050 0.042803 0.966583 -0.224056 -0.124564 0.111492 -0.070127 0.991288
11.399806 -96.021370 -3841.204867 411.891202 -0.028820 -0.992658 -0.117469 0.995308 -0.039357 0.088389 -0.092364 -0.114370 0.989135
7.521329 -88.907019 -2388.289000 53.621451 -0.052033 -0.989544 -0.134517 0.997201 -0.044244 -0.060266 0.053684 -0.137276 0.989077
8.004742 -89.289035 -444.326786 -2656.096471 -0.022476 -0.990300 -0.137116 0.999436 -0.025679 0.021631 -0.024942 -0.136552 0.990319
11.876377 -95.725009 121.890508 6024.247556 0.032370 -0.987114 -0.156708 0.989431 0.009475 0.144698 -0.141349 -0.159736 0.976988
5.246747 -88.325292 5830.836528 1779.453329 0.031858 -0.976301 -0.214059 0.997778 0.018526 0.064003 -0.058520 -0.215622 0.974722
-2.749347 -120.437103 -445.822572 1243.378309 0.415758 0.897408 0.147659 -0.112926 0.212038 -0.970715 0.902437 -0.386908 -0.189498
-1.454196 -130.642327 -575.326958 466.627931 0.413546 0.900969 0.131283 -0.266900 0.257817 -0.928598 0.870485 -0.348979 -0.347087
-0.757631 -123.084152 -34.304873 1534.044778 0.397337 0.911107 0.109579 -0.336241 0.255651 -0.906413 0.853853 -0.323306 -0.407931
-0.478801 -120.602544 245.954794 2251.229382 0.383570 0.919683 0.084014 -0.431313 0.258839 -0.864275 0.816605 -0.295274 -0.495954
-1.726259 -119.336320 -116.866032 1754.823436 0.398769 0.908808 0.122686 -0.191911 0.213521 -0.957903 0.896746 -0.358437 -0.259556
0.317633 -70.670870 256.472860 -3803.664928 0.100691 0.981858 0.160676 0.456615 -0.189089 0.869338 -0.883948 0.014168 0.467371
2.005305 -72.972927 850.339763 -3101.717314 0.100660 0.982776 0.154982 0.441515 -0.183719 0.878244 -0.891590 0.019977 0.452403
1.866714 -68.266128 404.787294 1138.230091 0.113909 0.975603 0.187679 0.352757 -0.216316 0.910368 -0.928756 0.037494 0.368791
0.835534 -70.164371 167.834100 -1857.983026 0.118964 0.974748 0.188981 0.398795 -0.221214 0.889959 -0.909291 0.030508 0.415041
-14.126053 -36.140148 -747.185557 1636.414482 0.162421 0.866456 0.472094 -0.104463 0.490858 -0.864954 0.981176 -0.091171 -0.170238
-7.994954 -32.524757 -2687.982739 2146.154322 0.191235 0.812500 0.550702 -0.146080 0.578367 -0.802591 0.970613 -0.073037 -0.229294
-12.083325 -31.193120 -2033.694984 2518.680130 0.173885 0.830497 0.529186 -0.194331 0.555744 -0.808322 0.965401 -0.037718 -0.258027
16.396590 -43.716351 -3576.397151 -2007.979279 -0.460691 0.876386 0.140399 0.506618 0.129766 0.852349 -0.728768 -0.463798 0.503775
12.733952 -40.378669 -4258.825238 -3409.162506 -0.467311 0.870771 0.152900 0.453205 0.087450 0.887107 -0.759096 -0.483850 0.435504
20.782162 -39.247165 -3646.753286 -3020.493079 -0.440085 0.887699 0.135338 0.455501 0.090803 0.885592 -0.773850 -0.451382 0.444309
21.364369 -41.778450 -1731.096746 -433.794259 -0.428077 0.896955 0.110552 0.534464 0.152616 0.831298 -0.728765 -0.414946 0.544721
22.817206 -38.967809 666.484514 -2075.897558 -0.365109 0.924157 0.112378 0.461621 0.074890 0.883910 -0.808456 -0.374600 0.453954
-4.754595 -119.186992 -19.023332 7456.599254 -0.368237 -0.017045 -0.929576 0.378482 0.910488 -0.166625 0.849207 -0.413185 -0.328825
-6.286920 -136.336911 -400.848008 8633.476105 -0.357316 -0.037582 -0.933227 0.536986 0.809265 -0.238192 0.764180 -0.586240 -0.268982
-5.679977 -134.278536 -423.002352 9356.485591 -0.368213 -0.029084 -0.929286 0.555850 0.794326 -0.245106 0.745285 -0.606795 -0.276315
-3.325224 -115.405880 630.773212 8311.942581 -0.378890 -0.003748 -0.925434 0.378364 0.911968 -0.158603 0.844561 -0.410245 -0.344117
-2.801477 -104.092493 1131.980629 5936.363984 -0.375322 0.021478 -0.926645 0.221496 0.972846 -0.067164 0.900040 -0.230456 -0.369888
-0.668787 -65.777774 411.142018 2733.741310 0.590813 0.718187 -0.367624 0.641211 -0.141421 0.754220 0.489681 -0.681328 -0.544063
1.710642 -71.881128 564.032006 6054.236223 0.575482 0.723403 -0.381455 0.705729 -0.203593 0.678599 0.413239 -0.659726 -0.627691
0.127955 -68.658136 -256.798313 3850.041083 0.567393 0.719435 -0.400598 0.692437 -0.153571 0.704945 0.445642 -0.677370 -0.585298
-0.092955 -68.926051 -946.213101 3954.357868 0.550477 0.719090 -0.424129 0.720500 -0.152570 0.676463 0.421728 -0.677962 -0.602090
-1.322265 -64.005430 -877.237312 2332.161660 0.562221 0.716264 -0.413369 0.658541 -0.085411 0.747683 0.500232 -0.692583 -0.519709
42.854462 -50.337270 1730.180270 686.760710 -0.422544 0.879504 0.218926 0.840124 0.470707 -0.269494 0.340071 -0.070052 0.937787
52.279968 -50.838434 4199.312223 1643.902446 -0.391193 0.886687 0.246484 0.822921 0.456927 -0.337667 0.412030 -0.070744 0.908420
54.160211 -49.926582 6689.191188 1024.245662 -0.375169 0.890580 0.257130 0.855156 0.439571 -0.274747 0.357711 -0.116809 0.926498
48.269912 -49.657376 4364.900199 -1428.003004 -0.385684 0.888356 0.249140 0.890890 0.428801 -0.149818 0.239924 -0.164174 0.956809
159.112967 -22.945105 -25375.036773 -7439.796454 -0.180155 -0.136505 -0.974121 0.700425 0.677507 -0.224477 0.690615 -0.722739 -0.026445
199.187621 4.781941 -25825.032813 -3684.887832 -0.144447 -0.424328 -0.893913 0.707291 0.587500 -0.393170 0.692007 -0.689049 0.215261
139.422390 -16.931238 -42032.819807 -7574.571370 -0.016130 -0.343741 -0.938926 0.701535 0.665223 -0.255590 0.712452 -0.662813 0.230416
25.368902 -186.774859 3726.824848 -24720.652482 0.567056 0.002693 0.823675 0.787696 0.290566 -0.543236 -0.240795 0.956851 0.162646
21.762874 -148.213149 4983.046702 -21744.318882 0.594909 -0.016039 0.803633 0.682591 0.538026 -0.494568 -0.424443 0.842775 0.331025
29.581250 -222.810348 3721.311599 -43885.333967 0.540728 0.030567 0.840642 0.776894 0.365060 -0.512998 -0.322566 0.930482 0.173651
23.220606 -29.042344 1481.930332 -2043.901376 0.065630 -0.381571 -0.922007 0.088970 0.922556 -0.375465 0.993870 -0.057390 0.094495
25.120400 -30.604883 2424.312380 -607.088713 0.047016 -0.388874 -0.920091 0.134555 0.915180 -0.379922 0.989790 -0.105941 0.095353
21.122796 -28.999506 -2093.487165 -391.342126 0.130886 -0.433351 -0.891670 0.117221 0.899863 -0.420126 0.984443 -0.049534 0.168577
17.155540 -28.901553 -2038.659353 -1791.348970 0.127692 -0.421084 -0.897988 0.064679 0.907008 -0.416116 0.989703 -0.004946 0.143053
11.004718 -29.054035 -5799.493643 -1233.171178 0.189641 -0.497829 -0.846288 0.089422 0.867104 -0.490036 0.977773 0.017254 0.208955
16.129258 -421.178101 -3326.298786 -90480.460543 -0.456651 -0.267222 -0.848565 0.889483 -0.155385 -0.429739 -0.017018 -0.951025 0.308646
18.925200 -332.007429 -4235.952334 -71004.740348 -0.476575 -0.250326 -0.842742 0.818854 -0.475246 -0.321900 -0.319930 -0.843492 0.431470
11.250577 -343.860315 -3184.349851 -78117.493130 -0.447222 -0.270459 -0.852552 0.822810 -0.498125 -0.273597 -0.350681 -0.823847 0.445309
6.840363 -441.646212 -5355.728410 -101485.944034 -0.434238 -0.294541 -0.851283 0.900438 -0.168657 -0.400958 -0.025476 -0.940638 0.338453
9.978662 -120.065771 121.683998 -308.281739 0.438521 -0.178556 0.880805 0.608176 0.780528 -0.144562 -0.661680 0.599078 0.450871
7.953606 -125.943555 -199.073946 -303.439312 0.431685 -0.148135 0.889778 0.578324 0.802458 -0.146982 -0.692236 0.578029 0.432079
11.133151 -126.644722 20.080806 -2810.399313 0.421719 -0.170753 0.890504 0.743484 0.627292 -0.231811 -0.519023 0.759834 0.391493
41.803064 -43.751673 -4721.335326 -3434.000031 -0.133995 -0.235741 -0.962534 0.125053 0.959506 -0.252408 0.983060 -0.154189 -0.099089
37.655843 -47.208234 -4611.129096 -4022.147239 -0.107208 -0.195066 -0.974913 0.036500 0.979131 -0.199924 0.993566 -0.057018 -0.097851
40.730102 -49.122954 -558.307748 -4581.650972 -0.217679 -0.185565 -0.958218 0.093591 0.973267 -0.209741 0.971523 -0.135337 -0.194493
-24.371124 -40.106348 -1427.845202 -493.328635 0.046223 0.729296 -0.682636 0.031169 -0.684086 -0.728735 0.998445 -0.012407 0.054352
-22.902069 -41.530665 -1225.712707 -1450.595228 0.094672 0.740033 -0.665874 0.066950 -0.672097 -0.737430 0.993255 -0.025234 0.113174
-24.216574 -43.688838 -881.302304 967.196656 0.052663 0.703037 -0.709200 0.047341 0.707630 0.704996 0.997490 -0.070701 0.003984
-26.551653 -41.778072 -1238.379731 -588.081871 0.007883 0.727512 -0.686049 -0.016064 -0.685890 -0.727528 0.999840 -0.016756 -0.006279
-26.529225 -38.973677 -493.290681 -927.695883 -0.022526 0.795864 -0.605057 0.065219 -0.602751 -0.795259 0.997617 0.057375 0.038327
-0.858025 -56.553198 -771.309825 -323.000221 0.603083 0.769328 -0.210775 0.253665 -0.435485 -0.863717 0.756271 -0.467427 0.457785
-0.616050 -53.357222 -62.529008 1245.945805 0.588854 0.781469 -0.206294 0.212527 -0.395968 -0.893332 0.779797 -0.482199 0.399251
0.887525 -55.066735 154.633034 -3081.036538 0.577338 0.796037 -0.181673 0.335881 -0.434346 -0.835779 0.744221 -0.421507 0.518139
1.085014 -55.878411 357.408161 -1258.926177 0.579825 0.792241 -0.190152 0.378532 -0.468619 -0.798191 0.721469 -0.390833 0.571606
-75.259670 -1187.497674 7118.458368 729012.287660 0.263841 -0.368527 -0.891390 0.952737 -0.044718 0.300487 -0.150599 -0.928541 0.339311
278.695519 -555.529629 1167767.209681 240098.708064 0.968393 0.166656 0.185581 0.210721 -0.148531 -0.966196 0.133458 -0.974764 0.178955
-250.826166 -1288.423108 47780.534551 420287.468344 0.359330 -0.121946 -0.925209 0.896528 -0.230126 0.378523 -0.259074 -0.965490 0.026636
-192.257007 -2527.561089 -61463.713101 -1012792.423198 -0.075653 -0.140502 0.987186 -0.672997 0.737714 0.053421 -0.735766 -0.660331 -0.150367
-99.132028 -451.996019 31643.884485 163422.156317 0.196819 -0.022570 -0.980180 0.922374 -0.334677 0.192918 -0.332398 -0.942062 -0.045053
242.432959 -7338.099881 34255.869050 3670619.359825 0.024155 -0.082232 -0.996320 0.975516 -0.215983 0.041477 -0.218599 -0.972928 0.075002
14.089308 -86.199790 2964.138028 7528.944199 -0.174687 0.397136 -0.900981 -0.676667 0.616305 0.402852 0.715266 0.680037 0.161069
15.311442 -90.667275 2473.052404 -9540.106083 -0.056666 0.418416 -0.906486 -0.714910 0.616776 0.329381 0.696917 0.666721 0.264179
12.202306 -68.044983 -1568.802056 15.739538 0.198840 -0.453392 0.868849 0.746738 -0.504068 -0.433933 0.634701 0.735086 0.238336
8.344618 -72.697648 -3596.737091 -6832.411494 0.231770 -0.441467 0.866827 0.730166 -0.509840 -0.454887 0.642760 0.738356 0.204179
0.356512 -120.153573 5136.915217 28418.678045 -0.129783 0.275108 -0.952613 -0.694820 0.660167 0.285313 0.707376 0.698924 0.105472
0.604730 -227.867559 1688.086648 75049.728996 -0.020103 0.153260 -0.987981 -0.619772 0.773499 0.132599 0.784525 0.614989 0.079437
-0.045442 -62.601847 -412.263355 461.587242 0.395766 0.912072 -0.107214 0.847644 -0.317874 0.424802 -0.353369 0.259001 0.898915
-1.501643 -68.072237 -338.548902 2943.473013 0.399214 0.910578 -0.107124 0.813139 -0.297648 0.500211 -0.423596 0.286798 0.859252
-1.735595 -70.989813 -96.745597 4088.222517 0.379031 0.917852 -0.117830 0.812123 -0.268892 0.517835 -0.443612 0.291968 0.847327
-105.013414 -377.699223 57835.105090 -192856.722780 0.421950 0.886406 -0.190376 0.389554 0.012352 0.920921 -0.818661 0.462745 0.340090
50.574163 -629.970873 59666.260945 -253815.277199 0.463594 0.842840 -0.273316 0.520800 -0.009647 0.853624 -0.716832 0.538078 0.443423
33.649870 -58.709712 35498.786365 -26287.341942 0.183455 0.879849 -0.438418 0.695679 0.198898 0.690269 -0.694532 0.431631 0.575603
-389.712156 -1718.993821 59253.793583 -648964.636827 0.755740 0.645776 0.108766 0.304400 -0.493461 0.814762 -0.579826 0.582640 0.569502
-20.369934 -50.190370 -19755.919747 17802.296369 0.521684 -0.129180 0.843302 0.302972 0.952092 -0.041580 -0.797530 0.277188 0.535829
-158.234550 -644.688010 -21627.893989 -284075.625345 0.194989 0.953773 0.228684 0.251218 -0.273948 0.928354 -0.948087 0.123570 0.293022
-273.541802 -788.896006 72455.404969 -301296.988010 0.388190 0.912455 -0.129361 0.381774 -0.031462 0.923720 -0.838783 0.407965 0.360565
38.284133 -80.133194 2838.595570 -15148.434179 0.079022 0.953272 0.291595 -0.866405 -0.078999 0.493054 -0.493050 0.291601 -0.819677
53.742697 -59.507708 3950.764068 -6154.956018 0.155610 0.965921 0.206839 -0.896886 0.050401 0.439380 -0.413982 0.253883 -0.874164
49.260188 -75.651821 3527.428354 -5528.652861 0.082766 0.914908 0.395085 -0.913594 -0.088717 0.396832 -0.398116 0.393792 -0.828512
29.797041 -93.982354 243.324874 -13123.475492 -0.008243 0.905002 0.425328 -0.828618 -0.244277 0.503707 -0.559754 0.348282 -0.751914
-21.904832 -42.789670 -4438.558321 -10450.680672 -0.621335 -0.516759 0.588984 -0.424508 0.853823 0.301296 -0.658586 -0.062822 -0.749879
-1.688740 -46.449749 16548.377348 -4869.979988 -0.669378 -0.181117 0.720507 -0.114124 0.983385 0.141173 -0.734104 0.012271 -0.678926
-7.461149 -33.454847 10326.164017 -8162.722541 -0.678346 -0.242228 0.693666 -0.235170 0.966007 0.107353 -0.696090 -0.090306 -0.712252
-11.123246 -32.021119 -4097.420597 1505.040850 -0.624421 0.720950 0.300550 -0.549554 -0.678937 0.486862 -0.555058 -0.138838 -0.820143
-8.965031 -37.875380 -6202.999426 1787.334434 -0.489152 0.855924 0.167706 -0.727969 -0.506553 0.462023 -0.480409 -0.103915 -0.870867
2.646853 -38.892295 -7526.175582 2369.140409 -0.511132 0.844263 0.161132 -0.693474 -0.515840 0.502993 -0.507777 -0.145355 -0.849137
9.412652 -38.559370 -6932.228638 3167.383442 -0.524220 0.831553 0.183611 -0.635096 -0.525396 0.566226 -0.567315 -0.180216 -0.803539
1.210834 -33.566297 -7616.562752 1751.238073 -0.627214 0.736748 0.252596 -0.533392 -0.642656 0.549987 -0.567535 -0.210226 -0.796058
-6.708770 -46.628554 -982.155062 399.663173 -0.306268 0.939761 0.151817 0.951850 0.304576 0.034862 -0.013477 0.155184 -0.987794
-7.736751 -45.672444 1669.111289 -148.108419 -0.249569 0.953764 0.167478 0.968212 0.242778 0.060202 0.016758 0.177179 -0.984036
-4.884229 -45.909264 1444.201169 -26.278388 -0.243969 0.955388 0.166470 0.966420 0.253797 -0.040234 -0.080689 0.151064 -0.985225
-3.398149 -47.487952 -509.391356 -211.999628 -0.270363 0.950419 0.153647 -0.954048 -0.285903 0.089735 -0.129214 0.122325 -0.984043
-3.527276 -45.428147 2165.792109 -21.348220 -0.191265 0.968430 0.159879 -0.964472 -0.215672 0.152575 -0.182239 0.125017 -0.975274
-4.178894 -42.208268 648.941378 -3661.415746 -0.359898 0.901950 -0.238664 0.929953 0.326161 -0.169727 -0.075242 -0.283030 -0.956155
-5.200179 -36.236620 661.226175 603.080858 -0.379399 0.892438 -0.244153 0.918946 0.332753 -0.211693 -0.107680 -0.304679 -0.946349
-4.794921 -35.018419 1365.818712 533.673768 -0.330737 0.913470 -0.237034 0.935181 0.283520 -0.212256 -0.126686 -0.291871 -0.948031
-4.152807 -43.108544 291.677379 -2752.093248 -0.368219 0.892785 -0.259518 0.928560 0.339080 -0.151003 -0.046816 -0.296580 -0.953860
-2.962711 -48.262690 1.679906 -6885.562874 -0.358928 0.896101 -0.261103 0.933364 0.345020 -0.098955 0.001412 -0.279222 -0.960226
-6.414741 -54.612974 -1051.939070 -89.674368 -0.539414 0.828127 0.152443 0.717913 0.357689 0.597209 -0.440038 -0.431584 0.787466
-7.800991 -55.176183 -1161.203915 -596.508680 -0.528732 0.836212 0.145574 0.732057 0.362460 0.576815 -0.429574 -0.411549 0.803799
-8.021864 -55.145858 -1436.852558 -351.409123 -0.515778 0.840630 0.165271 0.699773 0.302082 0.647351 -0.494258 -0.449541 0.744058
-8.344434 -55.917792 -497.869928 -711.128119 -0.505243 0.850313 0.147299 0.695883 0.300492 0.652267 -0.510369 -0.432056 0.743540
-7.871693 -52.565364 130.189035 -860.064077 -0.490768 0.856151 0.161717 0.649485 0.235754 0.722904 -0.580789 -0.459811 0.671757
1.014126 -44.242816 161.666013 6141.327566 -0.529269 0.824524 -0.200085 0.807056 0.416482 -0.418572 -0.261791 -0.383017 -0.885869
0.020899 -48.139617 -146.258973 5692.093024 -0.571931 0.800671 -0.178388 0.766190 0.443743 -0.464807 -0.292999 -0.402516 -0.867256
-0.258157 -49.936606 -275.400295 7888.415203 -0.560064 0.804992 -0.195746 0.765914 0.413070 -0.492695 -0.315758 -0.425865 -0.847901
0.919078 -43.459710 342.808015 10077.446465 -0.537519 0.820131 -0.196107 0.796166 0.416965 -0.438475 -0.277837 -0.391822 -0.877087
-0.336305 -46.962759 869.629268 4398.392003 -0.552587 0.814976 -0.174530 0.748685 0.393365 -0.533605 -0.366222 -0.425532 -0.827529
-4.048447 -46.674342 1262.495066 -1109.312686 0.730963 -0.676614 -0.088808 -0.566297 -0.528807 -0.632196 -0.380790 -0.512404 0.769702
-5.302757 -38.985356 367.521858 -952.444038 0.708110 -0.698182 -0.105462 -0.591010 -0.504314 -0.629582 -0.386377 -0.508142 0.769743
-4.172035 -52.282927 1751.563633 -10307.724477 0.754718 -0.652591 -0.067272 -0.534218 -0.551804 -0.640409 -0.380805 -0.519266 0.765082
-6.805296 -46.719312 1732.379038 7709.818951 0.685876 -0.714244 -0.139390 -0.636099 -0.495383 -0.591585 -0.353485 -0.494420 0.794101
-0.987831 -65.285363 2769.919497 -11161.842586 0.780232 -0.623566 -0.049027 -0.485868 -0.554842 -0.675339 -0.393916 -0.550742 0.735876
0.154276 -51.021352 1923.875189 -722.975544 0.722031 -0.685574 -0.093056 -0.577184 -0.522718 -0.627395 -0.381484 -0.506709 0.773121
-2.675265 -55.406873 2196.668551 -9048.763797 0.650553 -0.739367 -0.173545 0.683948 0.471031 0.557086 -0.330146 -0.481110 0.812119
13.316395 -80.194912 1013.836710 -342.409646 -0.628033 0.767777 0.126854 -0.601306 -0.582266 0.547172 -0.493969 -0.267364 -0.827352
16.102656 -83.105913 -1629.774989 1927.907950 -0.658934 0.742257 0.121905 -0.521188 -0.567386 0.637523 -0.542373 -0.356550 -0.760725
15.866295 -85.852618 -563.662167 -3364.647625 -0.670861 0.726114 0.150677 -0.467560 -0.571858 0.674066 -0.575615 -0.381755 -0.723140
10.704119 -78.888096 21.827346 -2348.968849 -0.671221 0.730561 0.125474 -0.547218 -0.602547 0.580939 -0.500015 -0.321276 -0.804218
-4.378351 -126.107665 1083.805411 12027.218451 -0.341135 0.919825 -0.193773 -0.668383 -0.382297 -0.638054 0.660977 0.088148 -0.745211
-2.391404 -128.425894 2082.562558 3945.980009 -0.344730 0.922195 -0.175264 -0.482763 -0.334297 -0.809435 0.805047 0.194425 -0.560444
-4.501808 -135.393721 1897.243208 5159.734568 -0.343260 0.921478 -0.181798 -0.461005 -0.333934 -0.822169 0.818320 0.198408 -0.539432
26.052950 -84.550657 3784.451122 2750.105876 -0.595735 0.795390 0.111600 0.136034 -0.037020 0.990012 -0.791577 -0.604967 0.086145
30.791490 -94.566753 2761.906955 4027.387913 -0.621383 0.772731 0.129494 0.031820 -0.140250 0.989605 -0.782860 -0.619044 -0.062561
21.924106 -94.305459 6036.115866 5845.176215 -0.546804 0.825639 0.139013 0.031371 -0.145713 0.988829 -0.836673 -0.545057 -0.053775
29.636759 -94.259110 -1030.535514 4840.857323 -0.680847 0.724114 0.110032 0.118797 -0.039063 0.992150 -0.722728 -0.688573 0.059426
17.504299 -86.082644 5635.789857 5450.707854 -0.536364 0.835759 0.117557 0.123934 -0.059785 0.990488 -0.834837 -0.545832 0.071512
20.317889 -77.341780 4649.680700 2049.198080 -0.564067 0.821852 0.079923 0.250159 0.077843 0.965070 -0.786924 -0.564358 0.249503
26.983376 -83.852234 3199.746873 2539.763894 -0.632150 0.771969 0.066705 0.245733 0.118090 0.962117 -0.734848 -0.624595 0.264349
-4.921633 -186.684140 2345.719060 13356.066478 0.762929 -0.645950 -0.026211 0.457911 0.568568 -0.683410 -0.456352 -0.509391 -0.729564
-3.995038 -177.801286 2604.165928 19248.479995 0.741787 -0.670636 -0.000075 0.585188 0.647328 -0.488386 -0.327578 -0.362234 -0.872628
-3.160628 -173.014252 -159.140574 23618.765556 -0.756283 0.653394 0.033349 0.589348 0.702514 -0.398928 -0.284085 -0.282049 -0.916375
-1.570076 -133.171369 2083.786481 16702.683360 -0.741905 0.669535 0.036066 0.658878 0.737958 -0.145935 -0.124324 -0.084507 -0.988637
-1.423376 -176.005580 2115.317873 26430.352784 -0.751482 0.658028 0.047683 0.596890 0.708890 -0.375762 -0.281064 -0.253917 -0.925489
-2.985292 -196.645450 -1702.437526 17198.519191 0.753290 -0.654848 -0.061059 0.456665 0.587597 -0.667973 -0.473298 -0.475294 -0.741677
20.226314 -33.828415 -2501.806736 2819.610499 -0.421430 0.888046 0.183771 0.164633 -0.124358 0.978484 -0.891792 -0.442617 0.093794
17.928618 -39.224143 -2757.759231 -126.017823 -0.429608 0.876357 0.217796 0.083497 -0.201603 0.975902 -0.899147 -0.437441 -0.013437
20.565848 -36.868265 21.289978 552.570006 -0.389574 0.902263 0.184806 0.088857 -0.162902 0.982633 -0.916699 -0.399230 0.016710
21.814276 -31.160795 329.657862 3178.000640 -0.372078 0.918094 0.136610 0.166035 -0.078972 0.982953 -0.913231 -0.388417 0.123052
22.449887 -27.445435 -1445.860847 4997.144822 -0.414104 0.901427 0.126284 0.248364 -0.021575 0.968426 -0.875690 -0.432394 0.214948
0.004641 -92.617825 21.923370 228.569855 0.732549 -0.680380 -0.021319 0.582466 0.610304 0.536901 0.352285 0.405724 -0.843376
0.299703 -93.281881 -272.835154 -1886.737490 0.720984 -0.692096 -0.034416 0.583136 0.579147 0.569685 0.374345 0.430803 -0.821142
1.916301 -98.248551 78.183243 -4205.138422 0.735482 -0.677376 -0.015126 0.500661 0.528296 0.685742 0.456514 0.511923 -0.727688
2.695976 -97.496014 -320.693497 -4208.685948 0.750167 -0.661180 -0.009505 0.489465 0.545561 0.680284 0.444605 0.514979 -0.732887
1.371806 -87.845265 2.587204 -452.106460 0.750473 -0.660845 -0.008594 0.540158 0.605822 0.584131 0.380813 0.443017 -0.811614
-0.090691 -88.276832 59.747984 2809.971127 0.744082 -0.667922 -0.014877 0.599781 0.658032 0.455255 0.294285 0.347670 -0.890237
-2.397094 -96.064144 90.673313 3127.090240 0.721886 -0.691514 -0.026242 0.657914 0.674066 0.335833 0.214545 0.259698 -0.941556
0.980294 -61.256327 -1450.129513 4933.237282 -0.374236 0.922771 -0.091874 0.270205 0.013734 -0.962705 0.887094 0.385103 0.254477
1.368144 -68.122511 -1048.723210 4826.117634 -0.385792 0.919404 -0.076554 0.368038 0.077280 -0.926594 0.845998 0.385648 0.368190
3.942922 -68.779005 -1296.623130 4860.883914 -0.382497 0.919764 -0.087925 0.339944 0.051604 -0.939029 0.859147 0.389065 0.332406
2.814866 -58.709588 -1756.905704 3903.258806 -0.370759 0.922995 -0.103042 0.191934 -0.032405 -0.980873 0.908680 0.383444 0.165139
8.522934 -52.511436 -1965.410584 242.257561 -0.371372 0.917899 0.139799 -0.865412 -0.396746 0.306032 -0.336372 0.007332 -0.941701
4.373410 -51.588715 -2574.406762 661.783348 -0.360733 0.925089 0.118664 -0.831346 -0.376603 0.408698 -0.422771 -0.048781 -0.904923
0.942886 -52.999361 -3773.136120 410.299226 -0.343110 0.934102 0.098632 -0.874374 -0.355990 0.329760 -0.343141 -0.026903 -0.938898
7.963495 -53.110744 -4352.760612 211.251857 -0.364307 0.925139 0.106760 -0.901262 -0.379112 0.209764 -0.234535 0.019800 -0.971906
13.601389 -52.325813 -1351.549064 -93.392415 -0.399571 0.901765 0.164814 -0.884058 -0.426615 0.190897 -0.242457 0.069428 -0.967675
10.017307 -51.914593 395.815883 -61.154331 -0.406308 0.892843 0.194282 -0.844275 -0.448152 0.293868 -0.349446 0.044626 -0.935893
34.106400 -186.981293 -5147.117505 -41153.473005 0.584196 -0.772352 0.249374 0.672329 0.288418 -0.681754 0.454630 0.565940 0.687767
28.957167 -253.204671 1517.782008 -50069.140438 -0.583630 0.784890 -0.208144 0.497727 0.143252 -0.855422 0.641595 0.602849 0.474267
31.126616 -219.568564 -4926.727030 -42496.064681 -0.543838 0.822816 -0.164968 0.629251 0.269767 -0.728882 0.555232 0.500200 0.664468
38.537105 -92.692914 6143.335275 -4895.028148 0.767605 -0.560780 0.310336 -0.282089 0.139181 0.949239 0.575507 0.816183 0.051355
42.285629 -99.922249 2853.170532 -5013.017275 0.764515 -0.537162 0.356334 -0.417692 0.008220 0.908551 0.490968 0.843439 0.218084
38.556192 -88.948208 -2190.989532 -3222.183449 0.815818 -0.458334 0.352662 -0.359225 0.076274 0.930129 0.453209 0.885501 0.102419
37.721749 -81.052817 -2514.664318 -5595.102405 0.837809 -0.453740 0.303637 -0.217766 0.232268 0.947961 0.500653 0.860332 -0.095787
37.077503 -80.766730 5273.457505 -4112.899656 0.788641 -0.547928 0.278963 -0.153914 0.263331 0.952348 0.595278 0.793997 -0.123340
29.325154 -88.034922 9339.694422 -3216.365463 0.744034 -0.617933 0.254111 -0.128400 0.240995 0.961995 0.655688 0.748385 -0.099966
6.623058 -308.923074 -3636.060254 42736.989843 -0.639516 0.761195 -0.107709 0.500459 0.305853 -0.809935 0.583575 0.571871 0.576545
2.715141 -338.314406 2125.958359 32790.964774 0.633793 -0.764285 0.119058 0.646994 0.439462 -0.623115 0.423916 0.471956 0.773015
7.551788 -341.567396 5272.581303 5985.523022 0.609563 -0.785068 0.110006 0.687805 0.454764 -0.565786 0.394154 0.420545 0.817181
7.327761 -344.407192 1261.696391 -38891.424831 0.641221 -0.754586 0.139411 -0.462335 -0.234909 0.855023 0.612439 0.612713 0.499500
8.424401 -298.685923 3841.909929 -44137.950999 -0.708813 0.671831 -0.215004 -0.393121 -0.629305 -0.670396 0.585696 0.390663 -0.710171
30.671560 -382.035346 6245.086380 39774.412400 -0.685393 0.696763 -0.211559 0.628935 0.712872 0.310248 0.366984 0.079585 -0.926816
27.972637 -651.767049 6436.225427 225444.216800 -0.722546 0.632306 -0.279492 0.398574 0.711343 0.578904 0.564860 0.306887 -0.765999
5.536427 -305.349676 3068.278507 -57054.582809 -0.717499 0.649866 -0.250736 -0.163072 -0.506675 -0.846574 0.677202 0.566528 -0.469514
12.334298 -267.811370 2862.996714 -49539.739712 -0.718753 0.615193 -0.323930 -0.127306 -0.574482 -0.808556 0.683511 0.539914 -0.491229
-108.352517 -27690.585702 -14251.876659 21503552.291178 -0.630296 0.586830 -0.508288 0.756778 0.318314 -0.570932 -0.173245 -0.744518 -0.644732
3743.726802 -928159.124198 -7202870.373081 -4114408308.347021 0.574957 -0.581307 0.575766 0.103273 0.749646 0.653732 -0.811640 -0.316406 0.491047
-117.002499 -8323.682365 42463.683031 47675068.118219 -0.633579 0.609080 -0.477074 0.727674 0.259666 -0.634874 -0.262809 -0.749397 -0.607730
227.876464 -61499.764754 111235.733353 -48607556.110563 -0.704869 0.458462 -0.541269 0.098309 0.818839 0.565543 0.702492 0.345422 -0.622245
-16.068076 -26.444969 1256.646411 2531.145131 0.547520 0.397641 0.736277 -0.129964 0.909612 -0.394608 -0.826639 0.120366 0.549710
-10.652672 -17.450037 1821.618560 2431.942698 0.588847 0.257895 0.765996 -0.039966 0.955859 -0.291095 -0.807256 0.140796 0.573162
-12.537828 -22.642941 1733.200287 1630.680538 0.405040 0.835254 0.371878 0.387511 -0.525225 0.757611 -0.828117 0.162756 0.536407
-17.189899 -29.915632 2076.023828 798.767860 0.413220 0.781597 0.467286 0.319498 -0.604961 0.729344 -0.852743 0.152082 0.499700
-7.415403 -21.622371 1836.352679 2110.313110 0.310417 0.937587 0.156757 0.467653 -0.294188 0.833519 -0.827613 0.185431 0.529786
-9.819893 -26.401387 2161.711204 1904.735105 0.317674 0.928047 0.194452 0.423376 -0.322326 0.846675 -0.848432 0.186640 0.495307
13.675195 -47.923060 -5479.332316 -428.370807 -0.437919 0.857609 0.269691 0.786983 0.220671 0.576162 0.434608 0.464555 -0.771560
8.318575 -48.170311 154.470700 -1.976729 -0.433043 0.854082 0.288127 0.777654 0.192374 0.598537 0.455771 0.483255 -0.747487
15.223348 -48.520493 -5162.820450 -71.177248 -0.442854 0.854492 0.271521 -0.751082 -0.188176 -0.632824 0.489649 0.484183 -0.725128
23.622693 -47.721138 -8331.712637 -413.079228 -0.454335 0.848062 0.272709 0.767338 0.217058 0.603390 0.452518 0.483401 -0.749367
-13.416600 -36.943699 -273.424291 789.616788 -0.411969 0.871365 0.266466 0.910688 0.383958 0.152392 0.030478 0.305448 -0.951721
-14.648786 -37.808488 -354.410778 -555.013812 -0.459644 0.848865 0.261065 0.885337 0.414783 0.210082 0.070046 0.327693 -0.942184
-13.355881 -36.895064 -1356.907432 324.327639 -0.408318 0.880557 0.240614 0.909541 0.370067 0.189170 0.077532 0.296090 -0.952008
1.450856 -43.645842 50.956126 6466.005694 -0.478852 0.843211 -0.244326 0.814482 0.322856 -0.482062 -0.327598 -0.429835 -0.841381
0.021948 -43.060646 -53.813839 -1500.798527 -0.484471 0.841604 -0.238727 0.757914 0.267525 -0.594976 -0.436869 -0.469184 -0.767471
0.799022 -40.500500 -583.972598 6124.299742 -0.471790 0.843050 -0.258229 0.821275 0.313619 -0.476604 -0.320815 -0.436933 -0.840337
7.588316 -161.936697 -2033.628143 23955.202064 -0.282554 0.950008 -0.132844 -0.516482 -0.267367 -0.813487 0.808338 0.161242 -0.566207
13.506218 -148.258958 -1789.934603 11429.433766 -0.286507 0.954790 -0.079313 -0.597211 -0.242711 -0.764480 0.749168 0.171663 -0.639749
11.736753 -126.564891 -2011.583114 5209.414456 -0.280295 0.953427 -0.111406 -0.660429 -0.275766 -0.698418 0.696613 0.122187 -0.706966
10.066725 -122.330225 -2026.459502 6106.213412 -0.287341 0.945047 -0.155955 -0.701310 -0.318478 -0.637759 0.652380 0.073881 -0.754282
6.751229 -153.217237 -1753.702392 22533.863391 -0.281341 0.947241 -0.153563 -0.568618 -0.293467 -0.768473 0.772995 0.128884 -0.621183
-48.516877 -2770.923919 11375.203091 1273476.868220 -0.870038 0.073772 -0.487434 -0.078485 0.955402 0.284689 0.486698 0.285946 -0.825445
-48.933659 -1037.557447 -765.326352 -267424.811982 -0.815459 -0.179293 -0.550347 -0.027053 0.961582 -0.273180 0.578183 -0.207879 -0.788981
152.199896 -7072.174273 -42922.129441 -3559755.261086 -0.793409 0.084247 -0.602830 0.354231 0.869299 -0.344731 0.494997 -0.487054 -0.719553
2.119656 -165.568570 -5898.100382 -2112.359660 0.884477 -0.169175 0.434833 0.302775 -0.500976 -0.810772 -0.355004 -0.848765 0.391880
5.114148 -155.903282 -7822.796895 26471.114209 0.860647 -0.161490 0.482916 0.453295 -0.189060 -0.871080 -0.231970 -0.968596 0.089512
-6.196783 -184.034056 -5722.246172 35503.483943 0.873178 -0.147175 0.464650 0.438767 -0.177761 -0.880843 -0.212234 -0.973006 0.090641
-5.408555 -37.815829 447.371276 -4539.882869 -0.332641 0.935030 -0.122755 -0.639932 -0.128189 0.757664 -0.692703 -0.330585 -0.640997
-5.244622 -39.088205 2135.525504 -5110.420231 -0.348030 0.932008 -0.101172 -0.639234 -0.156982 0.752819 -0.685751 -0.326676 -0.650406
-5.279558 -42.245581 2070.475259 -8860.296218 -0.352632 0.931445 -0.089784 -0.609888 -0.156001 0.776982 -0.709709 -0.328747 -0.623088
-6.556743 -43.551245 370.174850 -8226.832647 -0.345055 0.933788 -0.094744 -0.596188 -0.140095 0.790528 -0.724912 -0.329261 -0.605053
-53.755676 -82.422620 1112.524170 3996.190080 0.029229 0.992698 0.117029 0.940543 0.012324 -0.339452 0.338416 -0.119992 0.933315
-46.455576 -76.805594 -658.314954 3121.226674 0.293578 0.954247 -0.056782 0.880239 -0.293019 -0.373255 0.372816 -0.059598 0.925989
-41.719790 -70.919850 -1160.942421 6110.584234 0.409238 0.889830 -0.201808 0.778835 -0.455891 -0.430790 0.475332 -0.019120 0.879599
158.413960 -105.077681 -10095.569216 12.523729 -0.390964 0.840110 0.375982 0.102690 0.445760 -0.889243 0.914659 0.309053 0.260547
145.936464 -89.548562 -15186.031892 -1920.120923 -0.156520 0.892833 0.422316 0.039608 0.432916 -0.900564 0.986880 0.124229 0.103124
128.367100 -79.722658 -19238.005619 2597.322952 0.044196 0.901092 0.431370 0.051579 0.429158 -0.901756 0.997690 -0.062104 0.027511
-41.398849 -62.024629 2151.309357 -3535.705523 -0.218863 0.678136 0.701591 -0.666721 0.421062 -0.614971 0.712448 0.602360 -0.359973
-43.899886 -60.935732 -3626.875170 -768.141108 0.042538 -0.572719 -0.818647 -0.607876 0.635439 -0.476134 0.792892 0.517889 -0.321112
-47.673043 -67.347498 4701.656934 -4403.715839 -0.229682 0.754921 0.614280 -0.663558 0.340259 -0.666269 0.711995 0.560641 -0.422782
-44.613538 -68.455076 2624.217659 3575.330020 -0.337296 0.744456 0.576209 0.706204 -0.204643 0.677788 0.622501 0.635536 -0.456712
-43.092206 -65.220929 -379.734105 2820.387564 -0.274086 0.661169 0.698378 0.743192 -0.315269 0.590145 0.610363 0.680780 -0.404965
115.726084 -45.086579 -9866.100375 -2366.188081 0.553470 -0.480360 0.680386 0.705899 0.704101 -0.077121 -0.442015 0.522968 0.728784
141.683413 -56.603298 -7115.133648 -3308.428116 0.635927 -0.632792 0.441781 0.718498 0.694400 -0.039614 -0.281706 0.342610 0.896248
140.356271 -69.300993 -17516.287203 1596.165755 0.701069 -0.599093 0.386768 -0.695276 -0.694759 0.184120 -0.158406 0.397992 0.903609
27.654122 10.492219 7557.192426 -2481.623648 -0.534994 -0.007857 -0.844819 -0.463724 0.838596 0.285861 0.706216 0.544697 -0.452287
27.365176 4.844687 8250.125495 -2490.291820 -0.589579 0.088504 -0.802847 -0.390885 0.838567 0.379492 0.706828 0.537561 -0.459807
-4.102113 -46.627349 -6484.368301 -866.499353 0.520403 0.626252 -0.580507 0.738924 0.010464 0.673707 0.427985 -0.779550 -0.457307
-5.978510 -41.819443 -4731.315851 -263.542369 0.379350 0.610482 -0.695273 0.843471 0.080711 0.531076 0.380329 -0.787907 -0.484307
-11.628279 -43.192668 -2900.324267 -597.339773 0.257373 0.612698 -0.747235 0.876214 0.178079 0.447814 0.407441 -0.769993 -0.491022
2.798678 -43.173938 -409.172010 4164.296258 0.610793 0.777874 -0.147801 0.047169 -0.222082 -0.973886 0.790384 -0.587871 0.172338
-8.299350 -59.557731 -743.413577 956.393750 0.431796 0.891337 -0.138098 0.822569 -0.326328 0.465715 -0.370043 0.314689 0.874093
-6.158511 -60.392472 -685.275346 38.262130 0.435159 0.892552 -0.118273 0.825592 -0.343158 0.447930 -0.359214 0.292566 0.886211
5.738877 -102.065135 -3990.108704 2640.230796 -0.061608 -0.992583 -0.104804 0.994213 -0.070288 0.081243 -0.088007 -0.099192 0.991169
1.762306 -89.796078 3212.365981 4581.122075 0.077768 0.991787 0.101538 0.985457 -0.061036 -0.158584 0.151084 -0.112394 0.982110
-3.743279 -129.888352 -222.089217 -2903.034040 0.427652 0.890651 0.154448 -0.029854 0.184683 -0.982345 0.903450 -0.415491 -0.105570
-1.528369 -134.989096 1511.783518 1212.548729 0.402619 0.904225 0.142389 -0.294729 0.275327 -0.915057 0.866621 -0.326453 -0.377353
4.920332 -74.361566 2230.461944 -3722.893167 0.090366 0.987617 0.128245 0.523997 -0.156656 0.837189 -0.846913 0.008454 0.531665
0.484949 -80.649795 337.786883 -6838.201530 0.095303 0.984726 0.145711 0.570602 -0.173983 0.802585 -0.815678 -0.006654 0.578468
3.021192 -86.498025 1794.402113 -6707.540674 0.087182 0.988586 0.122874 0.657578 -0.149762 0.738351 -0.748325 -0.016428 0.663129
9.579440 -85.316648 3129.440088 -4628.970986 0.079365 0.988034 0.132247 0.603807 -0.153207 0.782269 -0.793170 -0.017766 0.608741
8.589052 -77.812471 3043.692184 -1149.681527 0.089801 0.983921 0.154387 0.438313 -0.178237 0.880973 -0.894325 0.011442 0.447271
-6.948836 -35.096405 -3494.029989 1186.939327 0.204963 0.830321 0.518226 -0.077348 0.541551 -0.837102 0.975709 -0.131491 -0.175222
8.083064 -26.988724 -5414.775913 -2828.582555 -0.484420 0.862744 0.144947 0.345830 0.036659 0.937581 -0.803579 -0.504310 0.316121
6.017642 -34.292672 -4402.982489 -3871.288940 -0.476826 0.863549 0.164077 0.403920 0.049473 0.913456 -0.780696 -0.501833 0.372395
-2.073220 -27.452654 -3358.110739 -3611.754742 -0.462623 0.867106 0.184682 0.376319 0.003447 0.926484 -0.802723 -0.498112 0.327903
-3.711894 -21.409126 -3190.720181 -1582.634607 -0.466770 0.868487 0.166900 0.334095 -0.001571 0.942538 -0.818845 -0.495709 0.289424
4.404706 -21.928805 -5296.875237 -1053.351328 -0.492434 0.859218 0.138751 0.299411 0.017547 0.953963 -0.817228 -0.511308 0.265901
