15139
30262
-40.446593 -55.171494 -1089.499997 6907.942373 0.004166 0.976659 0.214757 -0.892741 -0.093128 0.440841 -0.450551 0.193559 -0.871515
-51.454608 -73.541963 -762.488851 8848.205686 0.229298 0.958849 0.167427 -0.925535 0.161530 0.342480 -0.301342 0.233489 -0.924487
-37.985849 -82.909498 -3771.326674 14821.795069 0.389019 0.921203 0.007076 -0.836453 0.349990 0.421727 -0.386020 0.169978 -0.906695
-41.668521 -58.082045 360.188141 4667.493961 -0.258755 0.875092 0.408973 -0.890557 -0.380101 0.249863 -0.374105 0.299561 -0.877673
-27.614670 -71.390744 -6368.229699 15915.874877 0.313564 0.947776 -0.058295 -0.806799 0.298292 0.509998 -0.500753 0.112884 -0.858198
-32.117555 -40.871749 -2700.237194 5047.910227 -0.127233 0.966035 0.224918 -0.823965 -0.229178 0.518226 -0.552171 0.119389 -0.825138
-30.787259 -43.141196 64.702363 -3842.150775 -0.601872 0.594773 0.532913 0.591391 0.780397 -0.203069 -0.536663 0.192938 -0.821442
-34.381166 -48.804900 -451.314840 2703.998316 -0.495882 0.726578 0.475590 -0.740758 -0.639734 0.204984 -0.453188 0.250649 -0.855451
84.291732 -119.373713 16262.757279 6105.927499 0.824432 0.563106 -0.056772 0.021390 0.069238 0.997371 -0.565556 0.823479 -0.045037
79.722525 -105.287002 14349.528813 13946.844749 0.801520 0.590949 -0.091351 0.141975 -0.039670 0.989075 -0.580869 0.805733 0.115696
99.003577 -119.498376 4113.029072 8257.022958 0.699460 0.708363 -0.094751 0.049709 0.084037 0.995222 -0.712941 0.700828 -0.023569
88.902112 -122.922449 17550.747726 -8604.909042 0.841156 0.539912 -0.030852 -0.118210 0.239235 0.963739 -0.527715 0.807008 -0.265057
-47.715093 -68.136263 425.083931 1210.603623 -0.426392 0.249273 0.869513 0.835877 -0.258787 0.484086 0.345688 0.933216 -0.098017
-49.167639 -71.980415 769.390995 1009.883277 -0.487451 0.311021 0.815878 0.838382 -0.094336 0.536857 0.243941 0.945710 -0.214771
-46.134613 -70.163170 994.193795 1216.323045 -0.520127 0.148996 0.840993 0.839623 -0.091264 0.535448 0.156532 0.984617 -0.077632
-44.989407 -66.083671 1019.671049 2215.153952 -0.459493 0.081575 0.884427 0.847065 -0.259219 0.463990 0.267110 0.962367 0.050010
14.948532 -17.489097 4154.619669 1326.642776 0.210702 0.977539 0.004729 -0.976898 0.210383 0.037539 -0.035701 0.012529 -0.999284
17.697877 -16.019330 3250.095721 -1259.954894 0.175528 0.984460 -0.005295 -0.983050 0.175561 0.052830 -0.052938 0.004068 -0.998590
19.638359 -15.394085 891.225451 836.955880 0.158227 0.985948 -0.053579 -0.986208 0.160471 0.040531 -0.048559 -0.046427 -0.997741
17.736136 -19.490580 1384.254244 -3676.944783 0.181080 0.982043 -0.052927 0.983091 -0.182239 -0.017923 -0.027247 -0.048786 -0.998438
12.739964 -21.955310 3292.006641 -3036.609365 0.226292 0.974025 -0.008251 0.974058 -0.226267 0.003795 0.001830 -0.008896 -0.999959
-10.170745 -140.255427 -2704.150973 27512.306311 0.006745 -0.211745 -0.977302 0.830783 0.545134 -0.112377 0.556556 -0.811167 0.179591
-13.076237 -114.399265 712.476151 22855.150710 -0.036548 -0.147103 -0.988446 0.748818 0.650965 -0.124566 0.661768 -0.744718 0.086363
-11.447573 -102.609666 -1747.651932 22183.934896 -0.003780 -0.199734 -0.979843 0.720284 0.679152 -0.141219 0.693669 -0.706299 0.141298
-7.741585 -121.654362 -4992.059867 24073.759048 0.031233 -0.243694 -0.969349 0.757101 0.638936 -0.136234 0.652551 -0.729640 0.204456
-6.338317 -170.312630 -5185.744764 26718.304123 0.010255 -0.260585 -0.965396 0.907871 0.407090 -0.100240 0.419124 -0.875428 0.240752
6.570647 -51.304956 2021.712441 -550.382811 -0.145604 0.981318 -0.125759 0.950218 0.174105 0.258405 -0.275472 0.081874 0.957816
8.547436 -54.195610 -2919.482935 -1371.504212 0.100541 -0.987168 0.124062 0.990752 0.110756 0.078380 -0.091115 0.115034 0.989174
24.466493 -49.405642 5761.975879 -510.829487 -0.167712 0.977875 -0.125033 0.959827 0.190910 0.205636 -0.224956 0.085523 0.970608
17.808080 -49.159421 3604.314357 298.275611 -0.207446 0.971910 -0.111166 0.893276 0.234524 0.383479 -0.398778 0.019751 0.916835
-4.633957 -96.644083 -769.028587 -4488.786985 0.085366 -0.988375 0.125807 0.995108 0.078275 -0.060277 0.049729 0.130337 0.990222
-0.611138 -82.208935 -114.990628 -11173.052703 -0.087167 0.990255 -0.108617 0.983792 0.102719 0.146977 -0.156702 0.094045 0.983158
-0.125197 -94.562359 1566.899540 -10295.715814 0.007136 -0.994385 0.105587 0.999684 0.009639 0.023208 -0.024095 0.105388 0.994139
-0.675058 -85.824457 -642.933440 -6553.822995 0.149137 -0.981565 0.119536 0.985095 0.157965 0.068083 -0.085711 0.107600 0.990493
-5.007208 -107.883823 -482.337562 -3172.120254 -0.005259 0.992041 -0.125802 0.980023 -0.019899 -0.197886 0.198814 0.124330 0.972119
-7.805167 -105.471384 1263.887248 -480.182109 -0.059721 0.987976 -0.142606 0.960879 0.018191 -0.276371 0.270454 0.153532 0.950412
-3.312814 -95.727039 -1287.362973 -528.482560 0.126295 -0.982982 0.133398 0.983883 0.106965 -0.143294 0.126587 0.149345 0.980649
-6.348955 -113.183975 -574.103950 627.808838 0.029295 0.971028 -0.237165 0.120579 -0.238967 -0.963512 0.992271 0.000371 0.124086
-7.181733 -108.211922 -162.024867 1541.064475 0.002713 0.962820 -0.270131 0.111965 -0.268726 -0.956687 0.993708 0.027650 0.108531
-7.631786 -111.334492 -725.984674 -2067.048971 0.024747 0.976323 -0.214896 0.347509 -0.209958 -0.913868 0.937350 0.052063 0.344478
-5.195568 -102.774517 53.645326 3784.315558 -0.000454 0.956768 -0.290852 -0.125590 -0.288604 -0.949176 0.992082 -0.036097 -0.120292
-4.892796 -116.332839 -915.860470 -3276.740793 0.053960 0.980026 -0.191409 0.357548 -0.197942 -0.912676 0.932334 0.019190 0.361087
-4.638316 -107.625053 -267.011364 3944.904529 0.026801 0.965587 -0.258697 -0.122176 -0.253686 -0.959540 0.992146 -0.057323 -0.111173
-4.122789 -118.897265 -689.509211 -440.250541 0.055889 0.974562 -0.217039 0.131371 -0.222667 -0.966003 0.989757 -0.025476 0.140473
1.379679 -78.623734 76.073409 -3940.657734 0.008406 0.931176 -0.364474 -0.743155 -0.238057 -0.625340 0.669067 -0.276117 -0.690007
0.877674 -73.107945 13.425746 1728.274689 -0.012215 0.924852 -0.380131 -0.641930 -0.298730 -0.706177 0.766666 -0.235391 -0.597339
0.777592 -76.939491 -83.664633 -4739.418343 -0.004935 0.928196 -0.372058 -0.744852 -0.251659 -0.617951 0.667211 -0.274079 -0.692611
-1.562999 -41.596266 -12706.758662 -959.315026 -0.340938 0.939975 -0.014414 -0.203591 -0.058858 0.977285 -0.917775 -0.336129 -0.211438
-7.231081 -44.437479 -9606.756129 -960.519629 -0.327389 0.944847 0.009006 -0.105436 -0.046002 0.993361 -0.938988 -0.324266 -0.114682
-16.676277 -42.177073 -4108.900310 -983.348132 -0.307666 0.945775 0.104169 -0.186994 -0.167446 0.967985 -0.932939 -0.278337 -0.228371
-12.037589 -41.108835 -8122.902667 -804.849052 -0.319961 0.947251 0.018454 -0.294603 -0.117985 0.948308 -0.900463 -0.297985 -0.316813
-21.646875 -43.003524 2667.526165 -1141.473640 -0.258578 0.944398 0.203098 -0.191962 -0.256292 0.947346 -0.946725 -0.205976 -0.247560
-19.268686 -41.097881 -385.626876 -886.771028 -0.297042 0.934058 0.198245 -0.263811 -0.279813 0.923097 -0.917698 -0.221900 -0.329531
-9.321785 -60.259185 -471.782823 -5188.011326 0.107800 0.310667 0.944386 -0.149803 0.944152 -0.293491 -0.982822 -0.109834 0.148318
-9.585378 -56.673425 -114.630761 -5487.002879 0.124074 0.287461 0.949722 -0.170882 0.949008 -0.264920 -0.977448 -0.129420 0.166870
-12.640774 -70.330010 -1139.797382 -10986.036193 0.109552 0.295291 0.949106 -0.085324 0.954122 -0.287003 -0.990312 -0.049540 0.129721
-11.648562 -72.473444 -2652.224584 -10779.166670 0.080985 0.324888 0.942279 -0.064443 0.945113 -0.320326 -0.994630 -0.034782 0.097477
-15.824154 -74.857353 -826.076549 -7730.076673 0.144700 0.275427 0.950369 0.006189 0.960207 -0.279220 -0.989456 0.046285 0.137237
-12.711836 -76.552693 -1670.781325 -7547.124299 0.101823 0.311104 0.944905 0.055493 0.946587 -0.317638 -0.993254 0.084778 0.079121
-17.313571 -88.345363 -1947.914249 677.478981 0.138896 0.341108 0.929706 0.465821 0.805958 -0.365297 -0.873910 0.483815 -0.046951
-18.201146 -90.328174 -1418.785845 -3143.240016 0.183345 0.343505 0.921080 0.556245 0.736291 -0.385313 -0.810540 0.582992 -0.056078
-15.501763 -93.886413 -1173.569204 -2465.667718 0.141375 0.349222 0.926314 0.556199 0.746042 -0.366147 -0.818936 0.566979 -0.088765
-8.847976 -48.598019 -949.953609 -1705.231615 -0.226499 0.966902 -0.117472 0.961924 0.203114 -0.182884 -0.152971 -0.154422 -0.976091
-8.949145 -50.125174 -807.432814 -674.240283 -0.234998 0.963847 -0.125600 0.971619 0.236535 -0.002746 0.027062 -0.122680 -0.992077
-8.036914 -47.976553 -190.246374 1441.895751 -0.215417 0.968308 -0.126396 -0.960970 -0.187194 0.203704 -0.173588 -0.165344 -0.970839
-2.452619 -114.131707 1147.575502 4232.902674 -0.280456 -0.028383 -0.959447 -0.222808 0.974186 0.036310 0.933649 0.223956 -0.279540
-3.168795 -112.810769 982.270223 -976.282726 -0.261294 -0.054439 -0.963723 -0.392587 0.918094 0.054580 0.881817 0.392607 -0.261264
-4.914459 -101.839240 426.290664 2871.434074 -0.256603 -0.013164 -0.966427 -0.319493 0.944852 0.071961 0.912184 0.327232 -0.246658
-3.698853 -110.963288 1341.766384 7426.708875 -0.284211 0.002667 -0.958758 -0.147420 0.987983 0.046449 0.947360 0.154542 -0.280402
-5.266890 -94.273620 225.588281 6745.966851 -0.264080 0.013717 -0.964403 -0.360630 0.925970 0.111921 0.894543 0.377349 -0.239583
-3.565899 -102.526535 -211.621081 5474.783952 -0.261897 0.016400 -0.964957 -0.206436 0.975762 0.072612 0.942759 0.218218 -0.252163
-7.386510 -93.279260 114.464161 2261.437793 -0.238477 -0.028570 -0.970728 -0.472650 0.876610 0.090315 0.848370 0.480352 -0.222554
2.016526 -115.016524 1578.722905 -5223.862522 -0.102285 -0.062343 -0.992800 0.748825 0.652160 -0.118102 0.654827 -0.755513 -0.020022
-1.578056 -108.430227 1214.304717 -4563.151795 -0.089636 -0.051169 -0.994659 0.727134 0.679105 -0.100463 0.680619 -0.732255 -0.023665
-0.457315 -109.915052 1162.122567 1204.949729 -0.071633 -0.031079 -0.996947 0.820388 0.566651 -0.076612 0.567302 -0.823371 -0.015094
-23.443011 -104.149661 -547.017159 -3719.791513 0.353741 0.308767 0.882910 0.747788 0.473662 -0.465250 -0.561855 0.824808 -0.063339
-26.189578 -96.484167 -88.888026 -5608.706836 0.377621 0.305569 0.874088 0.612437 0.625588 -0.483281 -0.694494 0.717821 0.049093
-24.344217 -102.864496 1319.861789 -3627.326336 0.418171 0.270354 0.867203 0.723099 0.478740 -0.497932 -0.549783 0.835294 0.004703
-19.512831 -111.613847 837.419393 -2970.033985 0.403699 0.286410 0.868906 0.830488 0.283716 -0.479369 -0.383818 0.915136 -0.123324
1.933278 -144.501931 616.848944 13096.948340 0.100555 0.060906 0.993065 -0.660067 0.750919 0.020782 -0.744446 -0.657579 0.115711
1.363923 -149.853461 -393.192418 1545.708179 -0.100698 -0.048690 -0.993725 0.813482 -0.579072 -0.054060 -0.572806 -0.813821 0.097920
2.898482 -145.058586 500.901344 -3394.555026 -0.104773 -0.049127 -0.993282 0.772836 -0.632614 -0.050231 -0.625897 -0.772907 0.104248
-2.832008 -580.815024 -980.728318 179555.052440 0.159654 0.480758 0.862196 0.288601 0.812511 -0.506494 -0.944045 0.329694 -0.009027
-20.047186 -1042.174590 3548.238159 358735.658283 0.175124 0.288744 0.941254 -0.299091 0.926449 -0.228555 -0.938017 -0.241495 0.248604
-28.055907 -592.050301 3174.492114 200667.947248 0.189810 0.266048 0.945088 0.171018 0.938913 -0.298657 -0.966812 0.218315 0.132716
-23.838889 -279.898937 4403.503671 86946.159969 0.227200 0.417022 0.880042 0.436639 0.764128 -0.474821 -0.870475 0.492140 -0.008478
-10.902687 -943.905036 9389.496537 341851.437292 0.273305 0.404076 0.872942 0.173310 0.871957 -0.457881 -0.946186 0.276430 0.168280
-9.415970 -56.002086 5861.050068 -4180.674622 0.299345 -0.022974 0.953868 -0.195793 0.976957 0.084974 -0.933840 -0.212197 0.287949
-2.546726 -55.677951 6655.631291 -3249.665665 0.327728 -0.140429 0.934277 -0.156693 0.967117 0.200330 -0.931688 -0.212048 0.294947
-13.451110 -61.855981 6252.790290 -2281.403626 0.309682 -0.060113 0.948938 -0.073363 0.993514 0.086879 -0.948006 -0.096522 0.303263
-1.626038 -50.846454 5595.661881 -2762.761494 0.296116 -0.034990 0.954511 -0.278113 0.952870 0.121208 -0.913766 -0.301353 0.272429
-14.577066 -36.093852 302.803553 -220.702307 0.002173 0.855074 -0.518501 0.455953 0.460621 0.761535 -0.890001 0.238067 0.388873
-15.814772 -34.733227 45.169725 -440.640048 -0.010659 0.897827 -0.440220 0.433577 0.400857 0.807047 -0.901054 0.182266 0.393550
-15.895024 -35.419127 531.004138 126.721304 -0.019158 0.847051 -0.531166 0.541867 0.455271 0.706477 -0.840246 0.274287 0.467711
-13.681419 -33.890690 -249.131094 -385.910456 0.014988 0.915505 -0.402027 0.343638 0.372864 0.861908 -0.938982 0.151070 0.309014
-14.277320 -35.553094 771.286675 615.514725 0.004607 0.820264 -0.571966 0.570499 0.467601 0.675188 -0.821285 0.329417 0.465806
-13.467561 -37.021205 694.555132 65.704271 0.026043 0.824282 -0.565580 0.487540 0.483450 0.727035 -0.872712 0.294677 0.389280
-13.225077 -35.776764 320.708343 -462.302887 0.029294 0.868625 -0.494603 0.365444 0.451253 0.814138 -0.930372 0.204599 0.304215
-3.392076 -49.914886 1640.801183 -1024.948369 -0.032765 0.999369 0.013723 -0.954092 -0.035365 0.297419 -0.297716 0.003348 -0.954649
-1.109049 -49.411715 3031.642295 -1392.286985 -0.046995 0.996781 0.064962 -0.987292 -0.056234 0.148634 -0.151809 0.057151 -0.986756
-8.830397 -49.900522 1604.853993 267.132984 -0.104574 0.994031 0.031090 -0.940682 -0.109011 0.321302 -0.322773 -0.004354 -0.946466
-10.658954 -49.911587 264.726581 497.324815 -0.183213 0.982844 -0.021255 -0.957878 -0.173612 0.228756 -0.221142 -0.062271 -0.973252
-10.973053 -46.505876 -3.469309 1504.596150 -0.130538 0.990607 -0.040719 -0.910976 -0.103634 0.399227 -0.391257 -0.089208 -0.915947
17.684915 -149.467274 -846.669431 4721.612409 -0.175076 0.957949 -0.227336 -0.069668 0.218270 0.973399 -0.982087 -0.186256 -0.028524
19.397686 -126.552492 -1254.881533 17509.939696 -0.175857 0.964254 -0.198215 0.187219 0.230438 0.954907 -0.966449 -0.130818 0.221051
14.479839 -139.169474 -1753.999484 12587.349750 -0.225410 0.952014 -0.207025 -0.048621 0.201236 0.978335 -0.973050 -0.230593 -0.000927
14.673433 -157.362994 -2065.952968 6615.212671 -0.238122 0.941864 -0.237043 -0.300668 0.160587 0.940112 -0.923524 -0.295133 -0.244949
-6.607287 -179.036085 -5696.979685 61162.696998 0.111780 0.698317 0.707007 0.107160 0.698846 -0.707199 -0.987938 0.154813 0.003285
-1.783198 -485.564140 -3981.408591 166278.746888 0.106105 0.586367 0.803066 -0.075812 0.810045 -0.581446 -0.991461 0.000812 0.130403
-16.708976 -109.347096 -7106.113725 45215.303267 0.127143 0.697752 0.704966 0.079366 0.701298 -0.708436 -0.988704 0.146023 0.033787
-5.302329 -51.768898 1880.522502 7183.076666 0.125195 0.979946 0.155024 -0.008931 -0.155134 0.987853 -0.992092 0.125059 0.010670
10.024683 -72.077150 -516.257352 1326.771460 0.120842 0.944869 0.304336 -0.124597 -0.289721 0.948966 -0.984821 0.152594 -0.082718
11.289471 -46.874074 2614.357207 9626.850296 0.849916 -0.069454 0.522321 0.204254 0.957195 -0.205081 -0.485720 0.280988 0.827721
12.220954 -48.036115 1927.554207 11370.368187 0.821608 -0.190832 0.537162 0.329061 0.928224 -0.173550 -0.465488 0.319349 0.825432
5.406835 -49.854280 382.492801 -3363.515955 0.833507 -0.102130 0.542988 0.143818 0.988994 -0.034747 -0.533463 0.107053 0.839022
8.166239 -38.643117 310.341105 3011.255040 0.850128 0.011269 0.526455 0.098236 0.978825 -0.179585 -0.517331 0.204387 0.831020
95.015025 -153.877052 16538.967620 -23923.970685 0.197093 0.860799 -0.469233 -0.694860 -0.214989 -0.686257 0.691610 -0.461308 -0.555762
91.985361 -110.077796 16085.265669 -23991.337273 0.169628 0.846116 -0.505287 -0.488112 -0.373280 -0.788929 0.856138 -0.380461 -0.349681
65.853092 -129.433718 22207.104199 -20654.396754 0.083262 0.913179 -0.398962 -0.623409 -0.264608 -0.735761 0.777450 -0.309977 -0.547252
61.300862 -56.387214 -9966.682292 773.446717 -0.149233 -0.860895 0.486404 0.907522 0.076062 0.413059 -0.392597 0.503065 0.769931
62.412979 -61.176410 -9988.735368 -3848.245406 -0.012381 -0.824903 0.565139 0.956492 0.154991 0.247187 -0.291497 0.543611 0.787094
72.994205 -78.822666 -974.564430 -2213.642233 -0.008788 -0.927778 0.373028 0.952415 0.105896 0.285817 -0.304677 0.357789 0.882700
1.671102 -19.611023 4873.435383 1644.649869 -0.159594 0.943033 -0.291921 -0.157264 -0.316222 -0.935559 0.974576 0.103401 -0.198772
-3.072346 -19.485674 1104.373236 1148.822892 -0.156186 0.891151 -0.425976 -0.134072 -0.446405 -0.884730 0.978586 0.081071 -0.189200
-1.356364 -16.740150 4795.535709 326.054694 -0.178352 0.921906 -0.343918 -0.189791 -0.375190 -0.907310 0.965490 0.096548 -0.241885
-1.842943 -16.851790 3828.550697 -251.066695 -0.176088 0.916638 -0.358843 -0.231688 -0.392891 -0.889920 0.956720 0.073565 -0.281557
4.099293 -16.344537 5330.313588 -916.636995 -0.174177 0.929005 -0.326516 -0.226043 -0.360451 -0.904975 0.958419 0.083820 -0.272777
35.583664 -109.742940 -9776.256083 6208.016689 0.480042 -0.459608 0.747208 0.770987 -0.185300 -0.609297 0.418496 0.868576 0.265400
34.064882 -105.462758 -10036.580832 10129.971822 0.526411 -0.428271 0.734489 0.653559 -0.348732 -0.671749 0.543831 0.833648 0.096324
45.588560 -102.993556 -14088.524001 10878.111819 0.464633 -0.462037 0.755406 0.669614 -0.374880 -0.641156 0.579425 0.803733 0.135205
59.454933 -109.036215 -13791.286149 7718.742301 0.382443 -0.523423 0.761423 0.790179 -0.241849 -0.563140 0.478910 0.817029 0.321105
38.949384 -108.125786 -12487.906638 -87.826542 0.431390 -0.471023 0.769441 0.852531 -0.066156 -0.518473 0.295116 0.879637 0.373023
574.205213 -41.958822 -174311.816406 -7002.281669 -0.022160 0.787552 -0.615850 -0.552080 -0.523201 -0.649206 0.833497 -0.325612 -0.446385
1500.698703 -26.856717 -480791.958230 -1315.361171 -0.040008 0.844484 -0.534084 -0.535412 -0.469417 -0.702127 0.843643 -0.257864 -0.470927
505.573994 -32.779454 -212727.516376 1169.012468 0.142183 0.620398 -0.771291 -0.575378 -0.582240 -0.574401 0.805434 -0.525454 -0.274179
116.870485 -6.056923 -15623.049468 -2449.702853 -0.197092 0.859682 -0.471276 -0.500757 -0.501544 -0.705475 0.842851 -0.096952 -0.529342
7937.974153 -852.877286 -2720746.474601 -164432.575354 0.097533 0.763455 -0.638454 -0.611164 -0.460359 -0.643855 0.785472 -0.452997 -0.421696
83.961646 -0.865826 -11171.400417 -7347.504981 -0.206990 0.786493 -0.581880 -0.468219 -0.601861 -0.646942 0.859026 -0.138537 -0.492830
430.358679 -34.353109 -139717.039726 -11227.165998 -0.046788 0.742752 -0.667930 -0.573299 -0.567538 -0.590956 0.818009 -0.355274 -0.452373
417.502263 -24.579300 -147654.493511 902.092174 -0.053053 0.609742 -0.790823 0.655369 0.618782 0.433128 0.753443 -0.495302 -0.432434
-12.123961 -100.305668 1042.348777 3402.233096 -0.131108 0.907792 0.398402 0.779723 0.342610 -0.524071 0.612244 -0.241934 0.752745
-18.255636 -94.519348 3400.788280 7384.658225 -0.261117 0.864905 0.428668 0.592084 0.494232 -0.636530 0.762400 -0.087599 0.641149
-6.296458 -103.757872 1985.854585 5626.943701 -0.289937 0.840537 0.457639 0.739706 0.500228 -0.450119 0.607265 -0.208012 0.766785
-2.545650 -142.736062 -398.154157 -4993.991345 0.380436 0.924793 -0.005151 -0.696543 0.290195 0.656212 -0.608355 0.246059 -0.754559
-1.754509 -137.118269 -164.089593 -5446.598747 0.402868 0.915002 -0.021652 -0.800615 0.363771 0.476116 -0.443523 0.174477 -0.879116
-1.991171 -154.724058 262.519402 -6420.953324 0.382165 0.924094 0.000540 -0.699500 0.288900 0.653633 -0.603863 0.250174 -0.756811
-1.887347 -151.242001 127.544383 1548.869912 0.366129 0.930323 0.021176 -0.554624 0.199887 0.807736 -0.747222 0.307480 -0.589164
-2.911995 -138.358350 -456.152202 3008.927891 0.367110 0.930064 0.014552 -0.543039 0.201591 0.815150 -0.755208 0.307152 -0.579067
7.754399 -41.217283 -9956.429986 -2231.873006 0.537813 0.581026 -0.610873 0.223796 0.600199 0.767904 0.812818 -0.549699 0.192764
26.888797 -32.563583 -13885.863192 2516.961109 0.538766 0.720267 -0.436974 -0.109356 -0.454511 -0.884003 0.835327 -0.524057 0.166110
44.599337 -33.784063 -17936.969676 1886.124378 0.566207 0.735396 -0.372294 -0.118900 -0.374075 -0.919745 0.815643 -0.565031 0.124366
20.452490 -39.500301 -17571.548671 -205.109707 0.591172 0.629473 -0.504261 -0.206538 -0.486213 -0.849081 0.779652 -0.606102 0.157425
-12.596713 -54.847735 -8026.221624 -3383.930466 0.463279 0.391085 -0.795252 0.338349 0.751328 0.566592 0.819080 -0.531563 0.215751
-14.995389 -56.656436 -5034.020159 -3344.706640 0.412185 0.311145 -0.856325 0.316349 0.832530 0.454771 0.854416 -0.458347 0.244727
-2.070264 -45.830972 -4083.926573 -4681.882271 0.468996 0.462259 -0.752568 0.255957 0.744387 0.616745 0.845298 -0.481876 0.230796
91.654769 -55.007467 -25601.764064 13029.227895 0.623671 0.659631 0.419430 0.256014 0.334609 -0.906914 0.738574 -0.672996 -0.039811
78.371108 -78.860160 -25678.814731 12661.894403 0.667158 0.664458 0.336742 0.292096 0.182502 -0.938815 0.685259 -0.724699 0.072328
95.648772 -48.767009 -537.336811 10242.323138 0.441957 0.787984 0.428666 0.311048 0.313601 -0.897164 0.841381 -0.529844 0.106503
106.794349 -31.924159 -11828.369348 8423.151461 0.463439 0.733070 0.497828 0.273646 0.415947 -0.867240 0.842818 -0.538141 0.007835
102.177719 -38.020473 -30890.565918 9190.114639 0.609531 0.634314 0.475519 0.254992 0.411080 -0.875210 0.750634 -0.654721 -0.088821
11.616498 -95.475435 -2267.622185 -698.177568 -0.644996 0.496112 0.581252 -0.181931 0.639057 -0.747333 -0.742214 -0.587775 -0.321931
11.350354 -100.851678 -1760.326425 3158.067001 -0.640130 0.548131 0.538318 0.015868 0.709975 -0.704048 -0.768103 -0.442140 -0.463174
21.381135 -102.212347 -3600.037610 -3636.821816 -0.628293 0.536059 0.563816 -0.206592 0.583740 -0.785218 -0.750045 -0.609827 -0.256014
2.599782 -183.241816 -6674.931167 -37183.026139 0.997751 -0.041826 0.052382 -0.014974 0.622637 0.782368 0.065338 0.781392 -0.620610
15.687641 -182.999444 -10459.265557 -27884.972182 0.995267 -0.000721 0.097175 -0.081603 0.536784 0.839764 0.052767 0.843719 -0.534185
-1.939276 -219.059296 -4982.332221 -16007.424920 0.996318 -0.062509 0.058679 -0.033789 0.342746 0.938820 0.078797 0.937346 -0.339372
-12.598444 -222.347291 -391.127383 -30160.260035 0.989142 -0.133632 0.061160 0.000707 0.420480 0.907301 0.146961 0.897407 -0.416009
-12.988187 -250.608064 349.623474 -6550.790348 0.987401 -0.142010 0.069802 -0.052788 0.120232 0.991341 0.149173 0.982536 -0.111220
-8.724228 -240.732600 -2285.011416 -6645.763526 0.996022 -0.075807 0.046824 -0.043480 0.045185 0.998032 0.077774 0.996098 -0.041709
49.583871 -28.355596 -6707.984974 2780.832354 0.396116 0.866107 -0.304879 -0.053789 -0.309581 -0.949351 0.916624 -0.392452 0.076043
17.244791 -505.538121 11349.587473 70324.855250 0.997361 -0.045613 -0.056491 -0.072089 -0.714862 -0.695539 0.008657 -0.697776 0.716264
32.128602 -477.798108 8382.232724 27024.357172 0.998463 -0.052755 -0.017004 -0.051113 -0.757682 -0.650619 -0.021439 -0.650488 0.759214
15.682952 -762.598354 9041.441832 -96480.552333 0.997045 -0.075322 0.015093 -0.070598 -0.975895 -0.206505 -0.030283 -0.204829 0.978329
8.953850 -667.379093 11372.046878 245688.005805 0.998737 0.017109 -0.047243 -0.035567 -0.423418 -0.905236 0.035492 -0.905773 0.422274
3.399867 -605.047194 3177.163103 -39499.353171 0.997980 -0.057753 -0.026451 -0.063464 -0.924369 -0.376183 0.002725 -0.377102 0.926168
8.840879 -452.574847 -2348.335492 -8186.794249 0.999143 -0.041062 0.005242 -0.021022 -0.612405 -0.790265 -0.035660 -0.789477 0.612743
15.853677 -440.316495 8287.255209 70244.624319 0.999740 0.006907 -0.021730 -0.018794 -0.290004 -0.956841 0.012911 -0.957000 0.289799
-1.930919 -185.614641 -1043.708963 -1534.020517 0.910446 -0.312812 0.270624 -0.189984 0.264919 0.945370 0.367416 0.912122 -0.181765
-4.945598 -232.860923 832.289438 9636.737908 0.918587 -0.335006 0.209689 -0.129073 0.247180 0.960334 0.373549 0.909215 -0.183816
9.434941 -250.487503 607.744784 -26285.051120 0.891666 -0.306928 0.332756 -0.342679 0.022682 0.939179 0.295808 0.951462 0.084953
1.752574 -40.949826 -2813.188721 1811.808798 -0.008517 0.960147 -0.279364 0.054145 -0.278522 -0.958902 0.998497 0.023293 0.049615
4.745389 -34.836219 -4268.754035 3487.349255 0.000492 0.964939 -0.262473 -0.060913 -0.261957 -0.963155 0.998143 -0.016462 -0.058648
0.560553 -35.399412 -623.538722 2982.426999 -0.012853 0.952416 -0.304531 -0.049147 -0.304790 -0.951151 0.998709 -0.002742 -0.050726
-3.729700 -84.909574 -4256.419732 -11362.595817 0.572336 -0.432204 0.696872 0.820010 0.305586 -0.483943 -0.003792 0.848420 0.529309
-11.582665 -65.655293 -7564.577969 -5063.981478 0.578370 -0.411644 0.704299 0.805273 0.426177 -0.412200 -0.130476 0.805557 0.577974
-7.671429 -79.738290 -6375.177754 -9690.098056 0.613924 -0.409615 0.674769 0.789068 0.341895 -0.510372 -0.021644 0.845768 0.533111
-2.659687 -97.695977 -3431.591767 -11894.467849 0.615772 -0.422557 0.665035 0.778514 0.196227 -0.596164 0.121416 0.884840 0.449797
-321.568502 -1721.444707 177521.828250 1365282.060923 -0.023898 0.827417 0.561080 -0.500015 0.476104 -0.723401 0.865687 0.297836 -0.402343
3361.254120 -711.034256 8723230.231722 643892.703630 -0.633357 0.328838 -0.700517 -0.123805 0.850509 0.511183 0.763892 0.410488 -0.497964
-978.796824 -3127.996075 341687.084849 -1548939.630948 -0.319329 0.916708 -0.240158 -0.669521 -0.397595 -0.627424 0.670650 0.039564 -0.740718
-3.793030 -1025.053787 16880.275210 444717.041796 -0.077374 -0.596716 -0.798714 -0.067510 0.802412 -0.592939 0.994714 0.008043 -0.102369
-14.337799 -58.413360 2928.822859 -8229.094635 -0.021866 0.362448 0.931747 -0.055333 0.930103 -0.363107 -0.998229 -0.059496 -0.000282
-1.457319 -106.872049 5356.486259 -32439.975942 0.005125 0.617888 0.786249 0.032969 0.785728 -0.617693 -0.999443 0.029087 -0.016344
-17.386828 -123.707003 6326.183977 -31962.870068 -0.000352 0.540536 0.841321 -0.042192 0.840564 -0.540067 -0.999109 -0.035687 0.022510
-44.156433 -99.365158 -1977.170730 14202.885140 0.490823 0.870270 0.041517 -0.844407 0.463416 0.268743 -0.214640 0.166962 -0.962317
-54.747330 -77.914159 -5.124768 -6150.070074 0.106541 0.956589 0.271267 0.975018 -0.047031 -0.217092 -0.194910 0.287620 -0.937702
-59.880292 -86.888896 -968.225200 -5252.135595 0.425374 0.893050 0.146691 0.901994 -0.405109 -0.149309 -0.073914 0.195826 -0.977849
-46.721380 -70.300555 808.379541 -6769.179039 -0.160758 0.894504 0.417156 0.944781 0.261746 -0.197173 -0.285561 0.362425 -0.887188
54.361387 -79.821043 -6554.208281 -397.776189 0.083649 0.989285 -0.119655 0.023768 0.118061 0.992722 -0.996212 0.085884 0.013637
48.995226 -76.951825 -1725.777156 -6547.834510 -0.005870 0.999902 -0.012672 0.064299 0.013024 0.997846 -0.997913 -0.005043 0.064369
40.032388 -72.037623 -3219.885221 6130.181041 -0.019066 0.995946 -0.087905 -0.007709 0.087772 0.996111 -0.999788 -0.019670 -0.006004
41.250461 -83.469723 -4757.607939 9327.662621 0.053087 0.980248 -0.190516 -0.079611 0.194333 0.977700 -0.995411 0.036736 -0.088355
-51.948373 -72.513229 1543.054244 800.510181 -0.448992 0.450159 0.771857 0.834375 -0.097870 0.542438 0.319725 0.887569 -0.331658
-51.122541 -75.357255 999.836196 902.263975 -0.501301 0.420610 0.756164 0.849831 0.074971 0.521696 0.162740 0.904139 -0.395030
-50.625473 -69.786753 884.559836 1416.168217 -0.394202 0.399324 0.827735 0.811576 -0.271348 0.517412 0.431219 0.875735 -0.217116
19.839187 -20.172036 -161.365011 -2980.915228 0.154066 0.986533 -0.054930 -0.982826 0.158728 0.094123 -0.101574 -0.039485 -0.994044
13.248223 -18.915308 3515.541857 -1837.986849 0.210774 0.977378 0.017503 -0.973587 0.208281 0.093522 -0.087761 0.036752 -0.995463
17.043846 -24.529728 2830.544051 -2376.595385 0.210096 0.977675 0.003373 -0.965862 0.207020 0.155736 -0.151561 0.035977 -0.987793
6.609454 -18.912617 4151.265776 -1113.833992 0.281734 0.958785 0.036852 -0.955959 0.277195 0.096466 -0.082275 0.062407 -0.994654
9.757555 -23.522411 4648.995644 -1906.910829 0.279497 0.959513 0.034871 -0.950401 0.271316 0.152072 -0.136454 0.075645 -0.987754
25.010969 -49.997925 -2922.903721 -1981.906358 -0.248525 0.967257 -0.051462 0.080478 0.073565 0.994038 -0.965276 -0.242902 0.096126
18.362159 -49.844052 -2563.405538 -449.637864 -0.233613 0.971481 -0.040611 0.212085 0.091672 0.972942 -0.948918 -0.218679 0.227453
12.478440 -50.117286 -7827.843338 -1555.363038 -0.322040 0.946420 -0.024060 0.098767 0.058861 0.993368 -0.941560 -0.317528 0.112430
19.582721 -47.273691 -8297.596503 -1121.855966 -0.311392 0.949257 -0.044113 -0.002489 0.045606 0.998956 -0.950278 -0.311177 0.011839
-0.233090 -56.735597 769.929045 -1069.364539 -0.065314 0.991967 -0.108331 0.990116 0.077926 0.116606 -0.124111 0.099645 0.987252
-1.550418 -59.151853 -428.447038 -1235.210511 0.016537 -0.994755 0.100944 0.997167 0.008999 -0.074678 0.073378 0.101893 0.992085
6.159970 -57.311465 -2355.321020 -1616.206872 0.067515 -0.991000 0.115590 0.992176 0.054494 -0.112322 0.105012 0.122269 0.986926
6.634715 -73.845783 -3059.413610 -14432.611504 0.029178 0.996058 -0.083763 0.977735 -0.011019 0.209553 -0.207804 0.088013 0.974203
4.784026 -60.881401 -1371.288786 -11887.142179 -0.046914 0.995300 -0.084723 0.951457 0.070353 0.299632 -0.304184 0.066553 0.950286
2.130542 -70.470591 -89.382580 -11034.693181 -0.149116 0.983159 -0.105655 0.952935 0.171406 0.250071 -0.263970 0.063393 0.962446
-4.285514 -100.842598 705.538819 3900.799743 -0.032140 0.943900 -0.328665 -0.079212 -0.330206 -0.940579 0.996340 0.004196 -0.085380
-5.663678 -51.516574 817.071668 3107.255023 0.123039 0.320429 0.939248 -0.220254 0.931652 -0.288985 -0.967652 -0.171316 0.185205
-7.694923 -53.442729 941.659692 2195.799933 0.147633 0.273941 0.950348 -0.232608 0.943542 -0.235844 -0.961300 -0.186241 0.203019
-16.031628 -97.345839 -744.809863 -5300.197873 0.178742 0.347221 0.920591 0.672979 0.639406 -0.371832 -0.717739 0.686001 -0.119384
-14.337887 -106.588184 -224.892500 -7198.167698 0.182329 0.355584 0.916688 0.790468 0.501441 -0.351734 -0.584736 0.788744 -0.189650
-13.983409 -98.815558 -276.421337 -5867.517672 0.152098 0.358219 0.921165 0.676164 0.642063 -0.361327 -0.720880 0.677816 -0.144558
-16.753438 -104.824480 -1284.229020 -6811.054112 0.214084 0.346753 0.913198 0.780701 0.501143 -0.373312 -0.587090 0.792855 -0.163424
-19.775429 -95.775500 -1601.968852 -5718.014831 0.219579 0.343598 0.913086 0.660569 0.636384 -0.398327 -0.717937 0.690620 -0.087234
-1.548316 -118.587827 958.248456 -6159.858665 -0.270177 -0.058456 -0.961034 -0.331712 0.942697 0.035914 0.903865 0.328489 -0.274086
-2.480316 -129.122855 594.570078 -6747.504743 -0.241302 -0.093216 -0.965963 -0.529663 0.846697 0.050606 0.813161 0.523846 -0.253683
-26.330671 -97.823360 -3072.051150 -3805.097055 0.316331 0.333579 0.888065 0.650714 0.604891 -0.458998 -0.690294 0.723071 -0.025719
-26.931711 -88.387409 -1814.853552 -4935.032831 0.297280 0.325200 0.897703 0.510293 0.740546 -0.437255 -0.806985 0.588079 0.054202
-26.495102 -85.077479 211.895026 -7335.402462 0.375531 0.297282 0.877838 0.479219 0.748437 -0.458466 -0.793300 0.592845 0.138598
3.248797 -151.783403 -2371.897078 6587.472063 -0.125895 -0.072458 -0.989394 0.843860 -0.532186 -0.068402 -0.521585 -0.843521 0.128144
1.360670 -143.481740 -1314.304218 11379.487669 -0.096801 -0.051295 -0.993981 0.942051 -0.327010 -0.074868 -0.321201 -0.943628 0.079978
13.078533 -1432.198455 -966.360504 496875.337755 0.247062 0.249117 0.936430 -0.297899 0.939114 -0.171236 -0.922072 -0.236656 0.306231
-510.955136 -16304.260167 73834.815492 5827310.913780 0.335650 -0.453618 -0.825572 0.845273 -0.241776 0.476506 -0.415755 -0.857773 0.302279
-72.570333 -1671.630013 3733.520117 -87414.427667 -0.274520 -0.225600 -0.934742 0.732323 -0.679031 -0.051188 -0.623171 -0.698585 0.351620
3.111029 -114.061099 -1702.577105 -5433.745181 -0.132947 -0.251960 -0.958562 -0.290497 0.934578 -0.205365 0.947595 0.251156 -0.197443
4.654108 -126.065153 -1328.615060 -3374.038870 -0.142892 -0.248187 -0.958115 -0.437561 0.884149 -0.163770 0.887763 0.395832 -0.234935
2.837161 -115.841218 -423.197103 -6154.784802 -0.148292 -0.281477 -0.948040 -0.201541 0.947123 -0.249679 0.968189 0.154044 -0.197180
2.009093 -103.229520 -1542.909449 -6755.521837 -0.129842 -0.268290 -0.954548 -0.107556 0.960828 -0.255425 0.985684 0.069502 -0.153612
10.939539 -48.383079 6281.833101 -2821.754465 0.327169 -0.204463 0.922581 -0.263698 0.917773 0.296911 -0.907427 -0.340423 0.246350
3.763799 -53.189842 954.000184 -3078.695989 0.305217 -0.265353 0.914566 -0.140236 0.937397 0.318778 -0.941900 -0.225552 0.248898
-17.793350 -34.934426 580.465537 -422.980356 -0.028633 0.886481 -0.461879 0.518505 0.408215 0.751340 -0.854595 0.217974 0.471334
-16.951538 -33.291533 296.258724 -572.824551 0.010856 0.951923 -0.306146 0.420098 0.273492 0.865286 -0.907414 0.138005 0.396931
-13.965713 -32.303014 -260.864873 -150.681096 0.029062 0.965418 -0.259083 0.335024 0.234793 0.912486 -0.941761 0.113317 0.316615
18.049835 -136.119220 1590.881989 23975.255518 -0.089336 0.966465 -0.240756 0.229483 0.255192 0.939263 -0.969204 -0.028661 0.244586
24.023191 -108.269298 913.704887 38396.396606 -0.111565 0.969520 -0.218137 0.435658 0.245006 0.866126 -0.893171 -0.001596 0.449714
23.348406 -100.194899 -1927.188141 21568.666481 -0.174006 0.972522 -0.154670 0.367044 0.209800 0.906235 -0.913784 -0.100919 0.393465
0.771199 -508.404620 -4625.513126 212830.143388 0.150111 0.576439 0.803234 -0.212447 0.812268 -0.543220 -0.965574 -0.089101 0.244393
-10.128275 -327.748694 -5046.109348 147998.929347 0.122066 0.632541 0.764847 0.027830 0.768126 -0.639694 -0.992132 0.099370 0.076159
-1.739942 -315.063039 -5052.178149 69414.438280 0.155217 0.559000 0.814510 -0.468653 0.767484 -0.437417 -0.869639 -0.313828 0.381103
6.149729 -355.733221 -3940.594387 75518.627053 0.150513 0.561159 0.813908 -0.488288 0.758054 -0.432353 -0.859605 -0.332347 0.388105
73.450486 -111.304339 922.889034 10491.078556 -0.032888 0.999018 -0.029702 0.995538 0.035374 0.087484 -0.088449 0.026692 0.995723
68.689910 -123.544195 1520.953586 6145.774712 -0.019632 0.999788 0.006150 0.936565 0.016237 0.350117 -0.349943 -0.012633 0.936686
76.847307 -106.298777 -3447.433638 3836.603825 -0.022536 0.994013 -0.106909 0.963776 0.050027 0.261978 -0.265758 0.097132 0.959134
1.502944 -23.499100 1133.659860 1660.724448 -0.143777 0.910295 -0.388189 -0.080674 -0.401740 -0.912193 0.986316 0.099836 -0.131199
-2.727346 -23.977912 -840.116880 1669.979283 -0.139916 0.830155 -0.539691 -0.065041 -0.551581 -0.831582 0.988025 0.081250 -0.131169
-6.548818 -19.922202 -1171.238472 2007.345113 -0.148496 0.798147 -0.583875 -0.123067 -0.600746 -0.789910 0.981225 0.045443 -0.187434
-0.828020 -34.983087 -1615.596831 -587.387318 -0.362699 0.931357 0.032006 0.795976 0.327473 -0.509101 0.484636 0.159174 0.860111
0.490171 -40.076143 -1423.048531 -851.787896 -0.360083 0.932166 0.037500 0.739151 0.309588 -0.598173 0.569206 0.187674 0.800489
-3.147521 -38.668080 -2027.228250 -987.441610 -0.321595 0.946876 0.001437 0.781486 0.266278 -0.564248 0.534655 0.180336 0.825604
-2.830332 -35.318403 -64.881545 -659.104868 -0.426300 0.903571 0.042753 0.778464 0.390527 -0.491408 0.460718 0.176205 0.869879
-6.778376 -35.353849 -1458.028659 -1429.764902 -0.283165 0.957960 -0.046155 0.857336 0.231264 -0.459882 0.429874 0.169793 0.886780
-4.387393 -32.455273 -1192.577199 -1136.001775 -0.313653 0.949473 -0.011069 0.863884 0.280502 -0.418357 0.394114 0.140782 0.908215
-3.711298 -31.603099 -618.215882 -840.628315 -0.419216 0.907154 0.036455 0.822917 0.396636 -0.406801 0.383491 0.140538 0.912789
2572.923050 -113.408322 -1106776.502788 -28110.427562 -0.126493 0.924031 -0.360786 -0.567217 -0.365757 -0.737894 0.813797 -0.111305 -0.570391
981.811127 -25.999535 -379428.161403 1073.338638 0.066804 0.859943 -0.505999 -0.517055 -0.403888 -0.754671 0.853341 -0.312044 -0.417656
114.456216 -12.936090 -18575.297334 1869.803012 -0.159011 0.874292 -0.458616 -0.552772 -0.463730 -0.692385 0.818021 -0.143413 -0.557023
-42.043233 -69.531132 -299.270152 -2125.341068 0.253476 0.956493 0.144471 0.269676 0.073556 -0.960138 0.928991 -0.282332 0.239298
-38.187663 -67.216064 1442.569484 623.602040 0.050868 0.911623 0.407867 0.312042 0.373442 -0.873597 0.948706 -0.171710 0.265468
-33.359218 -72.708744 -1093.179276 5741.490098 0.226919 0.946207 0.230654 0.402645 0.124498 -0.906850 0.886784 -0.298653 0.352734
-44.786877 -78.359991 2566.275493 -7399.870527 0.062415 0.932765 0.355040 0.201040 0.336692 -0.919903 0.977593 -0.128793 0.166509
-30.780323 -71.577019 -1939.699660 2407.010971 0.371286 0.925548 0.074211 0.352037 -0.066361 -0.933631 0.859195 -0.372769 0.350466
-44.154291 -90.385013 -2750.735578 -10296.819570 0.382855 0.917448 -0.108217 0.037394 -0.132437 -0.990486 0.923051 -0.375166 0.085011
-50.865822 -87.929917 -580.909373 -10629.631771 0.250944 0.963646 0.091726 0.132006 0.059806 -0.989443 0.958958 -0.260404 0.112199
-34.354598 -76.272574 -2366.669941 -5806.827402 0.406345 0.908892 -0.093804 0.153552 -0.169127 -0.973559 0.900725 -0.381197 0.208286
-0.896351 -125.270346 11.147825 -1256.718494 0.425704 0.904359 -0.030164 -0.858930 0.414356 0.300911 -0.284630 0.102191 -0.953175
-2.947976 -122.668871 -596.299385 -2461.466365 0.434688 0.899626 -0.041458 -0.855334 0.426819 0.293650 -0.281870 0.092185 -0.955014
-1.778311 -108.324216 -279.092261 -1216.404092 0.454207 0.890036 -0.039136 -0.884471 0.455762 0.099960 -0.106805 0.010788 -0.994222
-6.297706 -117.207209 -1292.549992 -3462.608359 0.449711 0.891652 -0.052130 -0.850283 0.445254 0.280657 -0.273459 0.081889 -0.958392
-4.249038 -104.985678 -813.828995 -2049.126594 0.474735 0.878827 -0.047841 -0.875101 0.477127 0.080921 -0.093942 -0.003449 -0.995572
-9.496671 -50.388826 -11541.407824 -3579.839700 0.503766 0.473495 -0.722511 0.361598 0.644006 0.674168 0.784517 -0.600882 0.153213
34.067967 -37.024408 -23323.982750 -619.983851 0.623516 0.663354 -0.413751 -0.205936 -0.371176 -0.905438 0.754200 -0.649762 0.094826
61.340283 -31.671169 -21375.772861 -700.447119 0.580793 0.743824 -0.330766 -0.128220 -0.317661 -0.939495 0.803890 -0.588063 0.089122
68.717221 -105.277096 -29128.186132 22532.607788 0.698068 0.669228 0.254627 0.290120 0.060756 -0.955060 0.654623 -0.740569 0.151744
68.321819 -110.714509 -9270.848576 25200.249679 0.701476 0.676293 0.224854 0.247748 0.064429 -0.966680 0.668245 -0.733810 0.122355
52.999373 -125.763470 -2667.240178 23820.277280 0.705364 0.694744 0.140687 0.284240 -0.095398 -0.953995 0.649361 -0.712902 0.264764
49.602477 -133.096191 23418.328661 24609.902543 0.705532 0.697553 0.125078 0.229646 -0.058066 -0.971541 0.670439 -0.714176 0.201158
0.641403 -70.932125 287.699918 -3501.204758 0.583931 0.811642 0.016159 -0.694316 0.509638 -0.508128 0.420653 -0.285493 -0.861130
-0.197900 -70.166343 141.555618 -3099.744865 0.560150 0.828356 0.007644 -0.710395 0.485088 -0.509931 0.426112 -0.280208 -0.860182
-2.042258 -80.687325 -46.319872 -7584.813557 0.555829 0.831280 0.005305 -0.766109 0.514709 -0.384906 0.322695 -0.209878 -0.922941
-0.731612 -79.987084 332.524854 -7259.081543 0.599553 0.799873 0.027198 -0.736387 0.564640 -0.372715 0.313481 -0.203435 -0.927547
1.781295 -73.815648 145.670684 -4200.971368 0.613070 0.789731 0.021670 -0.676008 0.538586 -0.502929 0.408850 -0.293682 -0.864056
2.591768 -72.189776 255.680670 3212.549345 0.585898 0.810359 0.006466 -0.638086 0.466232 -0.612759 0.499570 -0.354888 -0.790243
1.574916 -70.547762 361.609342 4021.912876 0.577138 0.816494 0.015778 -0.641123 0.464975 -0.610540 0.505839 -0.342250 -0.791828
20.224085 -153.194044 -12900.155919 -41606.801844 0.994801 0.010514 0.101290 -0.071987 0.776133 0.626447 0.072029 0.630482 -0.772855
31.816690 -150.043207 -11516.921860 -43419.517154 0.988153 0.004280 0.153415 -0.100968 0.770956 0.628833 0.115584 0.636874 -0.762255
30.718222 -148.948576 -4076.286697 -32397.712650 0.969389 -0.057189 0.238778 -0.137901 0.677809 0.722190 0.203147 0.733010 -0.649174
29.012265 -184.525225 -9645.081191 -12031.853650 0.983670 -0.032310 0.177060 -0.152998 0.368013 0.917147 0.094794 0.929259 -0.357060
12.323872 -215.627141 -14051.543417 -7063.817419 0.995391 0.009930 0.095380 -0.095133 0.227465 0.969128 0.012072 0.973736 -0.227361
17.103922 -107.057403 -2105.484346 22349.219060 0.999775 0.012923 -0.016798 0.018669 -0.912169 0.409389 0.010033 0.409611 0.912205
