13804
27598
-23.147688 -39.382537 -808.684211 3530.779270 -0.527510 0.838189 -0.138465 0.524100 0.449353 0.723465 -0.668620 -0.309066 0.676333
-24.487759 -35.703670 294.616256 2057.606973 -0.137377 0.973245 0.184181 0.689780 -0.039448 0.722943 -0.710866 -0.226360 0.665905
-29.563250 -43.779998 -164.366201 2262.725249 -0.435720 0.892564 -0.116091 0.466601 0.334283 0.818864 -0.769696 -0.302627 0.562125
-21.360311 -29.987472 219.220905 1669.388124 -0.098437 0.962319 0.253482 0.776240 -0.085137 0.624662 -0.622704 -0.258253 0.738610
-26.269821 -49.493095 -494.693262 2415.020051 -0.562109 0.769836 -0.302300 0.266836 0.514770 0.814746 -0.782836 -0.377311 0.494777
-14.185427 -52.389422 -2471.591446 4604.615822 -0.638596 0.743716 -0.197692 0.364416 0.518523 0.773521 -0.677788 -0.421925 0.602148
-12.734417 -42.648608 -2394.925671 5483.332756 -0.629697 0.766055 -0.129002 0.524607 0.541811 0.656680 -0.572947 -0.345835 0.743054
-17.972867 -28.259092 -1402.308255 2500.272497 -0.390018 0.916559 0.088347 0.733950 0.251498 0.630925 -0.556061 -0.310914 0.770797
-10.033921 -38.617167 992.660058 13832.376842 0.669338 -0.729395 -0.141311 -0.659981 -0.496384 -0.563939 -0.341190 -0.470729 0.813636
-25.290108 -80.814250 4569.485771 -17694.292685 0.361913 -0.851068 -0.380397 0.887720 0.190082 0.419311 -0.284555 -0.489440 0.824303
-34.153114 -145.884664 5074.814934 -33722.612117 0.517181 -0.798198 -0.308875 0.776960 0.286494 0.560584 -0.358967 -0.529907 0.768337
-9.489668 -12.010691 -375.291488 1343.194381 0.640160 -0.421259 0.642445 0.749260 0.527096 -0.400972 -0.169716 0.738045 0.653059
-7.999699 -9.574325 -1351.635970 -259.241081 -0.639743 -0.558379 0.528150 0.756482 -0.335963 0.561127 -0.135882 0.758513 0.637334
-8.188046 -11.380845 -394.364789 1134.031208 0.630772 -0.397685 0.666313 0.751467 0.527140 -0.396763 -0.193454 0.750979 0.631353
-8.979527 -15.440189 -363.929177 831.112264 0.662096 -0.390045 0.639917 0.713228 0.590102 -0.378266 -0.230076 0.706855 0.668895
-1.534865 -24.691114 162.376107 -401.043662 0.071421 0.983857 0.164084 -0.798538 0.154975 -0.581653 0.597692 0.089485 -0.796716
-2.581195 -25.028858 300.445320 203.621972 0.070766 0.981945 0.175431 -0.868218 0.147225 -0.473838 0.491110 0.118781 -0.862961
-1.843307 -24.890644 472.841146 -371.259453 0.060358 0.981533 0.181520 -0.821574 0.152130 -0.549429 0.566897 0.115970 -0.815585
-1.823319 -25.189673 225.299358 -443.315132 0.041582 0.987415 0.152589 -0.759043 0.130530 -0.637821 0.649711 0.089299 -0.754918
-1.609644 -25.377222 -157.833951 -119.319190 0.077669 0.986566 0.143721 -0.746488 0.153102 -0.647546 0.660850 0.056992 -0.748351
-1.760497 -24.967008 -543.574650 84.330135 0.080569 0.989053 0.123624 -0.824289 0.135847 -0.549630 0.560407 0.057618 -0.826211
1.361045 -31.362744 363.755095 -657.282093 -0.198703 0.944125 0.262955 0.425202 -0.158691 0.891078 -0.883018 -0.288869 0.369912
2.022515 -29.091822 193.986582 66.700018 -0.227620 0.945694 0.232061 0.353591 -0.141777 0.924593 -0.907283 -0.292511 0.302117
1.406046 -29.879111 270.593481 114.433547 -0.219757 0.949556 0.223718 0.314997 -0.147974 0.937486 -0.923300 -0.276489 0.266590
13.903354 -68.023141 -552.263449 -638.868935 -0.453964 0.871924 -0.183478 -0.492180 -0.417039 -0.764093 0.742748 0.256566 -0.618465
13.203545 -68.925147 -312.480353 -689.881508 -0.415581 0.900731 -0.126398 -0.504410 -0.343871 -0.792037 0.756877 0.265399 -0.597244
20.525204 -68.128888 198.946044 -2145.681813 -0.464083 0.871375 -0.159161 -0.300174 -0.323758 -0.897260 0.833380 0.368627 -0.411815
16.246309 -66.806956 763.341562 -987.131937 -0.559837 0.807020 -0.187884 -0.374090 -0.448491 -0.811734 0.739350 0.384153 -0.552980
24.418526 -64.465331 1472.795571 -2339.313861 -0.562368 0.803877 -0.193714 -0.143958 -0.325873 -0.934389 0.814260 0.497583 -0.298985
27.860677 -65.898466 1094.717472 -1880.418864 -0.466319 0.868864 -0.166197 -0.081077 -0.229062 -0.970029 0.880893 0.438868 -0.177261
-2.352882 -75.576234 207.676274 778.412448 0.570815 -0.799660 -0.186316 0.796016 0.483319 0.364364 -0.201318 -0.356295 0.912428
-2.251284 -70.195449 57.114450 359.988889 0.584360 -0.794216 -0.166563 0.720632 0.413509 0.556506 -0.373111 -0.445231 0.813976
-1.672940 -82.520388 24.947023 2621.963361 0.598488 -0.785787 -0.156047 0.674501 0.389136 0.627392 -0.432273 -0.480741 0.762908
-1.244845 -72.923583 109.454653 2383.254085 0.574704 -0.797042 -0.185580 0.776003 0.458749 0.432860 -0.259873 -0.392777 0.882152
-13.905336 -22.846986 -796.869916 -1101.597224 -0.100901 -0.484649 -0.868870 0.793274 -0.566266 0.223736 -0.600445 -0.666677 0.441596
-16.469342 -25.818238 -661.508751 848.388643 0.333740 -0.695714 -0.636082 0.681987 -0.287636 0.672428 -0.650777 -0.658216 0.378472
-17.731215 -28.303979 -1014.439079 -67.638112 0.010621 -0.485809 -0.874000 0.832246 -0.480223 0.277043 -0.554305 -0.730326 0.399212
33.366659 -20.730843 5410.146181 -190.880881 -0.282198 0.885118 -0.370041 -0.734107 0.049089 0.677257 -0.617617 -0.462770 -0.635919
41.664244 -29.673373 2047.914619 67.567786 -0.479715 0.741184 -0.469596 0.691555 -0.010009 -0.722254 -0.540024 -0.671227 -0.507768
41.033161 -25.663322 5761.565724 2109.594799 -0.412518 0.853060 -0.319559 0.762989 0.131910 -0.632810 -0.497671 -0.504865 -0.705290
23.131162 -17.849065 4185.431596 -1615.159753 -0.340140 0.898389 -0.277851 -0.789847 -0.112587 0.602881 -0.510339 -0.424524 -0.747886
-2.737011 -64.835871 33.967111 3613.986186 0.872287 0.334137 -0.357026 -0.437244 0.206073 -0.875415 0.218935 -0.919721 -0.325854
-2.780197 -67.808897 -180.674478 2941.935159 0.875963 0.319030 -0.361814 -0.429562 0.174644 -0.885989 0.219468 -0.931515 -0.290025
-2.212198 -57.144500 75.779648 1482.274461 0.855254 0.342652 -0.388754 -0.492249 0.302722 -0.816119 0.161960 -0.889353 -0.427575
3.441029 -32.826076 -28.987520 126.270262 0.081176 0.961930 0.260963 -0.264487 0.273230 -0.924874 0.960967 -0.006056 -0.276598
3.174919 -36.021552 -51.417102 395.229776 0.073669 0.956326 0.282868 -0.195179 0.291979 -0.936298 0.977997 -0.013767 -0.208164
3.130349 -33.158703 25.338696 353.416633 0.060876 0.968446 0.241674 -0.350904 0.247432 -0.903130 0.934431 0.029826 -0.354894
3.238343 -30.577522 -96.517139 337.181642 0.079764 0.970770 0.226372 -0.412470 0.238884 -0.879092 0.907472 0.023252 -0.419468
-6.479608 -113.324527 -546.667288 -9834.705757 0.854873 0.109090 -0.507239 -0.309505 -0.677421 -0.667314 0.416412 -0.727462 0.545345
-8.330086 -127.567976 -495.520985 -9687.678074 0.841758 0.112382 -0.528029 -0.433169 -0.443139 -0.784852 0.322193 -0.889381 0.324335
-7.494315 -111.376203 696.432373 -8931.754607 0.833006 0.182646 -0.522247 -0.286347 -0.665351 -0.689429 0.473399 -0.723843 0.501942
-2.414245 -89.495673 1059.107660 -2826.589197 0.850129 0.232640 -0.472398 -0.116437 -0.791858 -0.599503 0.513540 -0.564659 0.646093
-4.320358 -89.961033 469.794594 -5026.189357 0.848265 0.165163 -0.503157 -0.167457 -0.817713 -0.550730 0.502398 -0.551422 0.665980
-7.539973 -108.854211 1004.591547 -8357.366859 0.840193 0.242882 -0.484854 -0.246563 -0.625234 -0.740466 0.482993 -0.741681 0.465432
17.827817 -1.877864 -359.524703 522.131346 -0.699089 -0.390896 0.598727 0.714871 -0.400028 0.573531 0.015316 0.828962 0.559095
17.207711 1.245492 1021.892083 718.062520 0.711471 0.346216 -0.611509 0.701119 -0.408357 0.584532 0.047340 0.844618 0.533273
16.044581 0.347032 -1039.068328 577.146856 0.725323 0.460514 -0.511697 0.685442 -0.414182 0.598851 -0.063844 0.785099 0.616071
15.250413 -4.839536 -478.059873 479.758128 0.710742 0.430017 -0.556715 0.702242 -0.387323 0.597358 -0.041245 0.815516 0.577263
13.579433 -4.125913 -1437.386576 348.239324 -0.658429 -0.325150 0.678785 0.749374 -0.367177 0.551017 0.070071 0.871469 0.485419
15.684976 -2.579791 -1708.559598 590.997885 0.729741 0.485612 -0.481309 0.677734 -0.420786 0.603005 -0.090298 0.766237 0.636181
18.594829 -33.863640 -1401.760984 -24.933384 0.839107 0.484096 -0.248092 0.468415 -0.411160 0.782007 -0.276561 0.772398 0.571765
18.462675 -34.656444 -674.204024 -425.395256 0.869603 0.428623 -0.245099 0.456850 -0.510177 0.728702 -0.187295 0.745655 0.639468
14.593370 -32.148352 -2229.090606 43.837865 0.839252 0.510169 -0.188105 0.461194 -0.484640 0.743253 -0.288021 0.710529 0.642022
12.590766 -33.795990 -2532.010126 626.380003 0.797497 0.562118 -0.219140 0.470219 -0.351529 0.809519 -0.378012 0.748633 0.544662
13.761042 -313.254287 -217.673136 14374.543655 -0.798516 -0.517551 0.307430 -0.355519 0.817580 0.452956 -0.485777 0.252395 -0.836850
21.304120 -653.944608 2281.225952 -94330.707817 -0.843307 -0.462357 0.273968 -0.495204 0.866573 -0.061842 -0.208820 -0.187822 -0.959748
14.915242 -381.728441 -2652.271871 22458.953649 -0.806259 -0.561385 0.186527 -0.493096 0.811967 0.312355 -0.326806 0.159863 -0.931473
8.970408 -601.987205 -1939.009164 151908.628705 -0.784633 -0.610203 0.109563 -0.450769 0.682850 0.574912 -0.425628 0.401707 -0.810847
5.002027 -316.414091 -64.068520 32128.026680 -0.777929 -0.593467 0.206456 -0.279785 0.621354 0.731874 -0.562625 0.511582 -0.649412
3.945742 -68.500847 -1018.130515 2101.697229 0.717628 0.524361 -0.458318 0.557979 -0.039108 0.828933 -0.416737 0.850597 0.320647
3.179889 -62.028689 -523.071474 2020.323501 0.730481 0.512065 -0.451871 0.633531 -0.261017 0.728360 -0.255022 0.818327 0.515077
-0.523921 -63.024143 -1447.378429 1101.186176 0.701790 0.550381 -0.452295 0.622305 -0.164611 0.765271 -0.346738 0.818525 0.458027
-8.158236 -21.549749 -879.789698 358.413403 0.246182 -0.517178 0.819708 0.831180 0.547668 0.095913 -0.498532 0.657713 0.564694
-11.120903 -23.190119 -866.746740 301.511447 0.236446 -0.532013 0.813053 0.779945 0.602956 0.167721 -0.579465 0.594480 0.557507
-11.106776 -22.044585 -416.786121 352.448049 0.372653 -0.459374 0.806291 0.769952 0.638056 0.007667 -0.517981 0.617948 0.591469
-9.287587 -20.851302 -68.907103 455.833891 0.441603 -0.436066 0.784113 0.773530 0.627830 -0.086490 -0.454574 0.644729 0.614562
-10.156561 -40.636650 2308.798809 -674.940418 -0.577851 0.760543 0.296078 0.000693 -0.362321 0.932053 -0.816142 -0.538793 -0.208841
-4.273766 -36.813321 1810.997306 -1039.829200 -0.583579 0.778856 0.229824 -0.175507 -0.397296 0.900751 -0.792864 -0.485323 -0.368548
-14.131233 -39.093425 2513.498976 -1109.453316 -0.609479 0.730775 0.307413 -0.114097 -0.464570 0.878155 -0.784549 -0.500142 -0.366525
-18.642572 -42.284037 2195.757205 -1064.755545 -0.626709 0.666980 0.402956 0.065783 -0.469977 0.880224 -0.776472 -0.578152 -0.250663
-17.473834 -42.649200 2406.555159 -645.812033 -0.588150 0.686869 0.426954 0.175314 -0.407085 0.896408 -0.789522 -0.602073 -0.119010
-14.902749 -41.348989 2173.896419 3.949814 -0.566835 0.735224 0.371676 0.216823 -0.302112 0.928287 -0.794787 -0.606774 -0.011834
-6.141322 -39.904494 1530.329674 173.806673 -0.590563 0.773240 0.230947 0.098267 -0.215148 0.971625 -0.800986 -0.596500 -0.051074
-10.816256 -17.949623 -396.106130 -507.734134 0.695086 -0.404643 0.594238 -0.681880 -0.632976 0.366580 -0.227805 0.660004 0.715891
-10.709164 -20.154337 -343.608958 -417.508858 0.705032 -0.394301 0.589455 -0.654217 -0.682447 0.325986 -0.273735 0.615462 0.739105
-12.525026 -19.829846 -474.927510 -433.214615 0.707802 -0.429175 0.561093 -0.666333 -0.669359 0.328573 -0.234557 0.606439 0.759746
-9.364325 -54.602167 604.811160 -1440.419296 -0.515946 0.856403 -0.019320 -0.177139 -0.128731 -0.975730 0.838106 0.500002 -0.218121
-8.749683 -59.560352 727.668982 -1486.466391 -0.523193 0.851016 -0.045182 -0.347483 -0.261438 -0.900503 0.778155 0.455437 -0.432495
-8.349842 -57.276986 315.884774 -1158.681441 -0.533588 0.845136 -0.032069 -0.275305 -0.209421 -0.938270 0.799682 0.491821 -0.344414
16.464053 -501.933205 -1726.412762 -87023.665869 -0.501062 0.865411 0.001252 0.745475 0.432355 -0.507283 0.439549 0.253246 0.861779
9.306987 -128.094387 230.847318 -12808.113672 -0.498737 0.866563 0.018162 0.806737 0.471763 -0.355830 0.316917 0.162813 0.934374
9.263963 -127.393862 57.523582 -12070.765456 -0.523545 0.851980 0.005524 0.801178 0.494511 -0.337005 0.289853 0.172011 0.941487
13.838530 -440.290388 -945.284660 -71959.669536 -0.539073 0.841976 -0.021829 0.728026 0.452772 -0.514758 0.423530 0.293384 0.857058
7.087639 -103.452966 427.903370 -12358.734081 -0.555084 0.831113 -0.033663 0.787562 0.512114 -0.342760 0.267633 0.216773 0.938820
6.221261 -57.423066 65.556025 -945.032125 -0.433873 0.900750 -0.020084 0.882079 0.420127 -0.213144 0.183551 0.110193 0.976814
0.178236 -60.195468 -545.332567 5015.700035 -0.560081 0.825541 -0.069215 -0.579694 -0.450230 -0.679152 0.591831 0.340256 -0.730727
3.208711 -215.563489 -36.733481 43321.254230 -0.560334 0.827220 -0.041627 -0.619355 -0.451842 -0.642058 0.549932 0.333985 -0.765525
-2.680470 -47.810851 -1686.560740 1259.353087 -0.536058 0.835975 -0.117419 -0.632685 -0.489936 -0.599727 0.558885 0.247199 -0.791543
-6.713479 -48.696433 45.007102 -3571.327390 -0.477070 0.878811 -0.009767 -0.679636 -0.375947 -0.629888 0.557224 0.293863 -0.776625
-11.061768 -27.226019 905.329998 -792.674315 0.120365 0.954920 0.271368 0.720429 -0.272093 0.637925 -0.683004 -0.118717 0.720702
-11.312514 -26.693223 597.098267 386.133631 0.035584 0.970275 0.239373 0.657654 -0.203087 0.725429 -0.752479 -0.131611 0.645332
-12.014505 -27.203940 534.161804 -904.503872 0.028283 0.954920 0.295514 0.679682 -0.235145 0.694794 -0.732961 -0.181205 0.655692
-9.976285 -24.468023 194.885590 -191.878032 0.096122 0.964767 0.244920 0.706405 -0.239471 0.666068 -0.701251 -0.108989 0.704534
-9.594222 -26.017384 213.516716 -1081.093131 0.185518 0.936692 0.296969 0.750244 -0.330193 0.572806 -0.634600 -0.116534 0.764004
-16.867165 -49.781511 -207.783512 3977.864152 -0.346767 0.922632 -0.168824 0.935490 0.327179 -0.133461 -0.067900 -0.204213 -0.976569
-17.536284 -50.494719 -1032.131816 3265.390323 -0.428979 0.879573 -0.205741 0.899286 0.394353 -0.189132 -0.085220 -0.266153 -0.960156
-18.275426 -51.531483 -143.857768 1447.917029 -0.355602 0.913709 -0.196679 0.898455 0.276197 -0.341312 -0.257538 -0.298078 -0.919143
-14.293326 -51.394305 1595.675721 -1762.788196 -0.361557 0.928001 -0.089945 -0.892264 -0.316415 0.322097 -0.270447 -0.196711 -0.942424
-13.018083 -47.333651 1076.245588 4050.405351 -0.335404 0.938314 -0.084095 0.938228 0.324643 -0.119726 -0.085040 -0.119057 -0.989239
-13.823829 -37.856911 54.514403 3876.907146 -0.292104 0.948664 -0.121292 0.954199 0.297655 0.030090 0.064648 -0.106947 -0.992161
-28.203678 -33.945318 -291.901318 -164.202261 -0.709857 0.684922 -0.164268 -0.020056 -0.252782 -0.967315 0.704060 0.683361 -0.193176
-28.698860 -33.906499 275.996141 288.990490 0.771122 -0.540868 0.335906 -0.090805 0.428763 0.898842 0.630179 0.723618 -0.281516
-30.127934 -33.292004 -180.597714 -867.752505 0.714917 -0.454039 0.531734 -0.313821 0.471219 0.824299 0.624828 0.756175 -0.194396
-35.522789 -47.667837 62.109098 699.004963 0.666457 0.661292 -0.344278 0.712388 -0.428675 0.555645 0.219861 -0.615573 -0.756790
-32.845580 -46.079087 -779.989615 1193.660385 0.639814 0.588484 -0.494291 0.747851 -0.328549 0.576866 0.177078 -0.738744 -0.650309
-33.850624 -47.382047 -399.509239 -759.205310 0.693105 0.584927 -0.421267 0.719727 -0.529146 0.449440 0.039977 -0.614707 -0.787742
-34.975554 -46.122392 -34.785545 -1149.533928 0.631904 0.688951 -0.355026 0.772021 -0.519078 0.366801 0.068421 -0.505870 -0.859892
-7.886838 -27.313330 470.317349 -341.152151 0.539279 -0.410141 0.735501 0.810743 0.016645 -0.585165 0.227757 0.911870 0.341495
-7.194913 -27.250824 570.432174 -477.960086 0.603470 -0.430854 0.670961 0.775991 0.123716 -0.618492 0.183471 0.893901 0.408998
-5.427074 -27.677481 323.548924 27.060811 0.596139 -0.433622 0.675715 0.743922 -0.018238 -0.668017 0.301991 0.900910 0.311708
-5.284122 -27.097658 30.431888 354.552833 0.531664 -0.404188 0.744288 0.772333 -0.129306 -0.621918 0.347613 0.905490 0.243421
7.643533 -33.173094 -143.881882 -301.557838 0.174609 -0.822107 0.541896 0.967086 0.039738 -0.251328 0.185085 0.567944 0.801987
13.499731 -29.706220 -1077.245501 -391.841059 0.252981 -0.813565 0.523557 0.966510 0.188409 -0.174243 0.043116 0.550103 0.833983
10.063344 -30.042325 -534.634764 -401.713173 0.161357 -0.806914 0.568203 0.985851 0.105298 -0.130425 0.045411 0.581208 0.812487
18.179599 -28.998826 -1460.262423 -803.076864 0.231805 -0.803509 0.548306 0.966859 0.252313 -0.039006 -0.107003 0.539177 0.835367
6.699103 -33.237115 86.799648 -180.370071 0.128851 -0.811028 0.570642 0.972691 -0.008659 -0.231940 0.193051 0.584944 0.787764
12.161381 -29.551626 -1048.181819 -970.819328 0.124156 -0.796911 0.591200 0.985940 0.166233 0.017020 -0.111841 0.580775 0.806345
7.689782 -29.518072 -106.526203 -395.468799 0.086291 -0.798644 0.595586 0.995475 0.092995 -0.019529 -0.039790 0.594576 0.803054
7.430500 -31.006812 11.648266 40.392258 0.100379 -0.799052 0.592823 0.986716 0.003457 -0.162415 0.127729 0.601252 0.788785
-4.773126 -25.882554 265.878307 159.851111 -0.558450 0.607695 -0.564659 0.193469 0.757333 0.623712 0.806661 0.239068 -0.540503
-4.669370 -24.613416 295.570769 59.224374 -0.548016 0.621131 -0.560244 0.129482 0.724693 0.676797 0.826385 0.298354 -0.477569
-6.514454 -26.429872 87.472464 247.649938 -0.540137 0.594766 -0.595404 0.175834 0.771628 0.611288 0.823003 0.225487 -0.521365
0.420351 -40.664814 18.903348 -915.268783 0.358224 -0.674708 0.645325 0.544434 0.712471 0.442693 -0.758464 0.192754 0.622558
0.046573 -39.381641 -238.528995 -382.739147 0.356073 -0.669528 0.651878 0.609237 0.695284 0.381329 -0.708550 0.261367 0.655472
0.748907 -38.782795 -225.735701 -999.785619 0.369958 -0.652677 0.661169 0.483880 0.742883 0.462585 -0.793090 0.148790 0.590652
1.057521 -38.308052 -255.343602 -792.444172 0.378468 -0.644948 0.663931 0.514367 0.742882 0.428431 -0.769538 0.179357 0.612897
6.148190 -62.300168 -946.401847 -510.816131 0.361942 -0.451921 0.815332 0.857792 -0.180955 -0.481090 0.364953 0.873512 0.322159
5.029097 -61.360873 -878.345616 -1158.712492 0.348319 -0.446191 0.824371 0.757781 -0.383629 -0.527823 0.551762 0.808544 0.204490
7.184155 -58.164801 -358.771404 429.367150 0.366757 -0.489875 0.790893 0.811313 -0.247602 -0.529589 0.455259 0.835892 0.306632
2.772482 -62.747449 -832.362125 -1033.925559 0.345059 -0.436688 0.830806 0.828021 -0.275166 -0.488534 0.441946 0.856497 0.266638
-3.247053 -89.591519 429.571503 -2960.406019 -0.198102 0.716524 -0.668842 -0.192729 -0.697519 -0.690162 0.961047 0.007818 -0.276274
-2.462791 -102.438213 -366.957672 -2888.649590 -0.174279 0.707889 -0.684485 -0.334192 -0.696386 -0.635107 0.926252 -0.118063 -0.357937
-2.470031 -97.542186 468.193659 -114.891125 -0.214249 0.703741 -0.677382 -0.461136 -0.684212 -0.564985 0.861076 -0.191317 -0.471112
27.572254 -8.489621 -1288.490767 -661.775101 -0.479257 0.583614 -0.655521 0.876182 0.361676 -0.318582 0.051157 -0.727039 -0.684688
30.482997 -12.254344 -1550.941095 -714.261807 -0.387655 0.542094 -0.745558 0.912456 0.340554 -0.226818 0.130946 -0.768217 -0.626655
31.590636 -13.942079 2952.106507 -778.759974 -0.485269 0.687059 -0.540800 0.874274 0.390220 -0.288745 0.012646 -0.612926 -0.790039
10.844013 -41.891885 2981.743337 -315.020491 0.904524 -0.227192 0.360860 0.323555 0.916880 -0.233761 0.277756 -0.328201 -0.902849
16.488645 -41.187370 -4016.132011 -2166.989307 -0.940703 0.113369 -0.319728 0.168019 0.974487 -0.148812 0.294700 -0.193708 -0.935751
27.269077 -36.119707 5959.312889 -1237.560489 0.921208 -0.181257 0.344269 0.272060 0.932651 -0.236949 0.278135 -0.311941 -0.908479
27.971660 -37.478936 5477.436136 1825.863308 0.896373 -0.265353 0.355111 0.370985 0.887528 -0.273248 0.242664 -0.376673 -0.893998
-0.697381 -89.196231 424.032916 2675.552838 -0.338833 0.397047 -0.852963 -0.002445 0.906216 0.422807 0.940843 0.145346 -0.306086
0.217190 -80.807497 433.443243 1164.521079 -0.335398 0.402990 -0.851532 -0.206923 0.850302 0.483910 0.919071 0.338504 -0.201802
-1.757244 -83.129764 432.381491 1246.720757 -0.330074 0.396994 -0.856415 -0.145956 0.874888 0.461810 0.932603 0.277430 -0.230834
-7.763018 -49.411750 -308.272010 -42.443247 0.271709 -0.544212 0.793730 0.852020 0.519516 0.064538 -0.447478 0.658739 0.604837
-7.529898 -49.013485 -285.770574 493.125069 0.271873 -0.556574 0.785054 0.770214 0.614926 0.169226 -0.576937 0.558652 0.595863
-8.081411 -49.149957 -186.696275 -181.700368 0.289421 -0.576384 0.764210 0.833911 0.543780 0.094312 -0.469923 0.609988 0.638034
0.583819 -80.603189 -450.409240 1246.591180 -0.133800 0.578359 -0.804735 0.102639 0.815757 0.569215 0.985679 -0.006436 -0.168510
2.054755 -79.356304 -922.929321 -167.439656 -0.140884 0.536135 -0.832293 0.217421 0.836909 0.502306 0.965857 -0.110192 -0.234474
-2.888337 -103.361203 -509.343290 7482.912572 -0.107955 0.579755 -0.807607 0.358073 0.780508 0.512437 0.927432 -0.233862 -0.291855
-0.491734 -82.557357 -1551.141534 4066.726889 -0.109956 0.501285 -0.858268 0.395286 0.814333 0.424983 0.911953 -0.292532 -0.287692
-2.968554 -79.548448 -86.404575 3602.714412 -0.116709 0.598014 -0.792942 0.243225 0.791296 0.560974 0.962923 -0.127392 -0.237803
0.210256 -17.771179 -838.316214 75.483883 -0.585460 0.004801 -0.810687 0.042252 0.998804 -0.024598 0.809599 -0.048654 -0.584963
-4.473018 -17.734283 -800.797260 -28.946634 -0.587021 0.061944 -0.807198 0.022964 0.997941 0.059881 0.809246 0.016614 -0.587235
4.007824 -18.783247 -2057.453887 -145.658758 -0.551282 0.246693 -0.797014 0.179778 0.967969 0.175258 0.814720 -0.046669 -0.577974
0.536891 -20.032047 -2051.103016 -823.731402 -0.529283 0.397118 -0.749771 0.206436 0.917419 0.340185 0.822948 0.025274 -0.567554
7.116766 -18.082088 -1744.377899 -69.030522 -0.562507 0.169485 -0.809234 0.198468 0.977826 0.066838 0.802618 -0.123010 -0.583672
15.530838 -64.745526 -1195.764371 1368.002878 -0.246410 -0.305854 0.919639 0.482677 0.784115 0.390111 -0.840420 0.540016 -0.045585
18.008169 -60.807999 -390.288420 1087.998572 -0.265138 -0.251485 0.930837 0.579489 0.730025 0.362292 -0.770645 0.635467 -0.047825
18.182259 -62.786374 -766.184890 1578.138965 -0.205839 -0.310906 0.927883 0.661303 0.654724 0.366080 -0.721325 0.688965 0.070836
9.821018 -56.060937 5313.900494 -1359.776306 0.090398 0.778084 -0.621622 0.963746 0.088993 0.251543 0.251042 -0.621825 -0.741830
80.756923 -151.631293 31045.779406 -27589.832826 -0.373041 0.908348 -0.189062 0.926082 0.376979 -0.016069 0.056676 -0.181082 -0.981834
3.425166 -20.258004 684.063304 -2682.944944 -0.576820 0.519800 -0.630148 0.789019 0.554253 -0.265051 0.211488 -0.650086 -0.729836
5.393256 -105.468851 -993.700282 18457.250063 -0.183701 0.709873 -0.679952 0.961729 0.272858 0.025036 0.203303 -0.649330 -0.732829
-7.025302 -22.247216 -1513.573733 -240.558581 0.990423 0.137968 0.005111 0.117102 -0.859090 0.498248 -0.073133 0.492878 0.867019
-9.966279 -23.958333 -1249.774403 -244.205431 0.999169 0.034204 0.022173 0.022116 -0.911827 0.409979 -0.034240 0.409148 0.911825
-12.548904 -22.899019 -1197.312221 49.749800 0.997362 -0.027461 0.067191 -0.057602 -0.862693 0.502436 -0.044168 0.504981 0.862000
-0.988060 -22.593600 -1910.750885 -333.938845 0.970140 0.239338 -0.039324 0.233173 -0.875668 0.422890 -0.066779 0.419432 0.905327
-6.747226 -50.852344 -94.144283 560.506267 0.278609 -0.539221 0.794744 0.748575 0.640343 0.172038 -0.601675 0.546994 0.582052
-6.758825 -51.595078 -357.975522 877.860821 0.264348 -0.555248 0.788556 0.641287 0.711892 0.286288 -0.720327 0.430011 0.544260
-6.381761 -21.612355 -419.532894 -198.063858 -0.738829 0.437631 -0.512455 0.333853 0.898262 0.285776 0.585383 0.040055 -0.809767
-5.585654 -23.107446 -321.571485 31.114706 -0.713959 0.469141 -0.519778 0.361105 0.882711 0.300708 0.599888 0.026998 -0.799629
-6.037417 -20.898307 -402.133892 -202.143106 -0.760209 0.371736 -0.532818 0.334386 0.927035 0.169683 0.557018 -0.049172 -0.829043
-27.507730 -42.012728 19.738177 2093.606564 -0.124878 0.984349 0.124349 0.561208 -0.033276 0.827005 -0.818200 -0.173061 0.548269
-23.738825 -34.776962 139.398044 1621.810208 0.108528 0.942217 0.316938 0.677067 -0.303501 0.670423 -0.727875 -0.141828 0.670883
-20.143791 -29.030309 246.562711 889.494231 0.212182 0.888037 0.407883 0.731889 -0.420983 0.535828 -0.647547 -0.184832 0.739270
-24.143958 -36.995097 -132.512576 658.196427 0.944821 0.187401 0.268691 -0.129945 -0.538521 0.832532 -0.300713 0.821508 0.484454
-24.201156 -34.822805 193.382970 150.127780 0.968636 0.076889 0.236288 -0.151262 -0.571975 0.806204 -0.197139 0.816660 0.542405
-24.096566 -36.257282 373.700320 1129.601572 0.976844 0.093626 0.192382 -0.128243 -0.463529 0.876752 -0.171261 0.881121 0.440789
-23.353119 -37.218530 -164.236212 751.883286 0.901753 0.288217 0.322136 -0.112464 -0.563145 0.818669 -0.417364 0.774467 0.475404
-23.027006 -35.229589 -513.992410 275.165145 0.905338 0.201891 0.373636 -0.164637 -0.644141 0.746979 -0.391482 0.737782 0.549926
-23.944204 -38.542511 -59.891322 871.673508 0.964604 0.182171 0.190664 -0.110879 -0.375822 0.920034 -0.239259 0.908610 0.342321
-23.753727 -39.022547 -398.539165 865.016292 0.926330 0.286972 0.244047 -0.108582 -0.416945 0.902423 -0.360724 0.862441 0.355069
-71.084384 -318.741053 11489.094290 -76099.992240 0.525816 -0.762993 -0.375977 0.747433 0.203459 0.632415 -0.406032 -0.613551 0.677268
-15.990929 -129.040120 -210.561666 -28959.058221 -0.071209 0.937735 0.339974 0.921378 -0.068724 0.382544 -0.382090 -0.340485 0.859114
-62.572719 -238.744752 5357.135032 -47394.033883 0.272932 -0.878591 -0.391901 0.870314 0.051903 0.489754 -0.409952 -0.474747 0.778816
2.561362 -22.531334 989.768637 -2702.302858 -0.337475 -0.852620 -0.398935 0.915002 -0.396658 0.073717 -0.221093 -0.340149 0.914011
6.437612 -14.370740 1599.492577 -584.495100 -0.071062 0.634313 -0.769803 -0.661085 0.547963 0.512545 -0.746938 -0.545328 -0.380396
11.480685 -16.882730 1467.222447 -628.003709 -0.143618 0.674285 -0.724371 -0.595159 0.525952 0.607585 -0.790670 -0.518376 -0.325771
13.948051 -14.618978 1253.560062 -886.761979 -0.218907 0.686212 -0.693681 -0.631863 0.442035 0.636675 -0.743524 -0.577684 -0.336827
2.507215 -18.071061 -1593.713993 -236.650782 -0.040694 -0.570354 0.820390 -0.617700 0.659732 0.428020 -0.785360 -0.489337 -0.379155
0.364028 -14.410424 -867.944394 249.269575 -0.091682 -0.494845 0.864131 -0.697931 0.650903 0.298691 -0.710272 -0.575720 -0.405044
0.152179 -16.915029 -1116.949801 94.746408 -0.124642 -0.483713 0.866306 -0.666399 0.687686 0.288098 -0.735103 -0.541397 -0.408061
-0.614630 -11.290119 589.701301 -412.410178 0.773817 0.477857 -0.415765 0.625259 -0.471309 0.622029 -0.101287 0.741297 0.663491
-4.593768 -11.296391 1163.268166 -424.601699 0.728559 0.507573 -0.459970 0.677348 -0.433864 0.594105 -0.101987 0.744400 0.659899
-1.502402 -13.237205 992.326283 -662.914097 0.758381 0.484363 -0.436177 0.648221 -0.490314 0.582582 -0.068317 0.724558 0.685819
-7.119498 -13.238270 1406.533438 -561.153840 0.716148 0.521100 -0.464314 0.693986 -0.460868 0.553158 -0.074263 0.718370 0.691686
2.133046 -13.173826 479.226809 -528.020799 0.816544 0.444114 -0.368808 0.572932 -0.545153 0.612010 -0.070745 0.711035 0.699589
-2.989192 -15.087724 1240.338525 -727.872339 0.738582 0.500323 -0.451856 0.673044 -0.508611 0.536960 -0.038834 0.700708 0.712390
2.149948 -15.518920 931.878518 -661.090272 0.796836 0.449264 -0.403998 0.603871 -0.570269 0.556896 -0.019806 0.687717 0.725709
1.543956 -31.806350 162.541822 -638.973072 -0.198176 0.935996 0.290924 0.532853 -0.146239 0.833476 -0.822675 -0.320195 0.469767
1.985952 -29.899079 166.054774 -512.372192 -0.220760 0.940186 0.259452 0.423712 -0.147152 0.893764 -0.878484 -0.307240 0.365883
1.988703 -30.309968 240.288905 -665.544109 -0.211897 0.937843 0.274863 0.525468 -0.127803 0.841160 -0.824005 -0.322670 0.465725
0.827429 -33.524742 261.771347 -767.340642 -0.178152 0.937625 0.298532 0.549122 -0.157019 0.820859 -0.816533 -0.310168 0.486898
0.596307 -35.276509 100.814856 -650.350116 -0.164562 0.930826 0.326317 0.653125 -0.145082 0.743222 -0.739153 -0.335432 0.584071
1.451405 -32.286307 149.386289 -501.784164 -0.194769 0.934428 0.298177 0.614757 -0.120584 0.779444 -0.764290 -0.335118 0.550960
10.112495 -65.688566 -451.431403 1249.525378 -0.442632 0.881822 -0.162687 -0.638631 -0.437369 -0.633134 0.629466 0.176349 -0.756752
6.757372 -62.808087 -649.658779 3192.168083 -0.380814 0.914931 -0.133726 -0.727792 -0.385795 -0.566994 0.570351 0.118594 -0.812795
8.360081 -66.711314 -1857.512713 635.021446 -0.276858 0.953810 -0.116604 -0.561245 -0.259008 -0.786078 0.779970 0.152189 -0.607029
-1.904175 -70.982499 -114.339435 -1073.699451 -0.537346 0.826098 0.169770 0.830428 0.553394 -0.064383 0.147136 -0.106386 0.983378
-2.078284 -75.978324 -572.914891 -1641.848371 -0.531842 0.821252 0.206615 0.827934 0.555524 -0.076929 0.177958 -0.130149 0.975393
-1.289172 -73.966265 -78.977527 288.674212 -0.520475 0.837978 0.164011 0.791974 0.545555 -0.274130 0.319191 0.012785 0.947604
-2.065362 -72.232241 392.146327 -544.125693 -0.530077 0.838579 0.125710 0.834655 0.542150 -0.097082 0.149564 -0.053463 0.987306
-12.777615 -19.204546 1161.331833 808.028859 -0.380617 0.775392 0.503883 0.637547 -0.174658 0.750352 -0.669824 -0.606846 0.427871
-11.484279 -25.584657 1689.334481 1856.200825 -0.522521 0.793869 0.311037 0.471897 -0.034565 0.880976 -0.710131 -0.607106 0.356563
-3.640251 -23.352511 -78.341576 820.506627 -0.309529 -0.412606 0.856708 0.935995 0.026636 0.351004 -0.167645 0.910520 0.377952
-1.751451 -22.098256 -678.552332 787.381816 -0.426927 -0.387093 0.817247 0.894230 -0.046315 0.445205 -0.134485 0.920877 0.365923
-4.656500 -26.072657 198.807206 508.720021 -0.305320 -0.405580 0.861560 0.914146 0.128541 0.384466 -0.266677 0.904977 0.331513
-2.319315 -22.118460 -633.121565 231.511161 -0.444925 -0.380160 0.810876 0.871264 0.025763 0.490138 -0.207222 0.924562 0.319757
2.839253 -37.255139 175.979267 611.740939 0.040320 0.964110 0.262423 -0.263786 0.263590 -0.927867 0.963738 0.031812 -0.264947
3.342470 -42.305588 67.419097 1075.656726 0.054889 0.945624 0.320597 -0.063576 0.323739 -0.944008 0.996466 -0.031434 -0.077889
2.998343 -40.987099 471.938631 581.704913 0.023279 0.954557 0.297119 -0.149341 0.297185 -0.943069 0.988512 0.022418 -0.149473
2.388103 -39.676956 63.944955 673.710271 0.022941 0.971764 0.234838 -0.297704 0.230883 -0.926318 0.954383 0.048661 -0.294594
1.978231 -35.879465 104.627577 544.745845 0.024862 0.977361 0.210111 -0.394831 0.202689 -0.896117 0.918417 0.060679 -0.390932
2.470345 -33.901701 139.758991 520.653095 0.033919 0.975869 0.215707 -0.421708 0.209651 -0.882161 0.906097 0.061043 -0.418643
-6.050037 -139.872238 -1029.407465 -10488.431561 0.856223 0.053045 -0.513876 -0.414391 -0.523457 -0.744495 0.308484 -0.850399 0.426215
-7.573407 -139.018648 -1425.380041 863.249931 0.845348 0.050500 -0.531823 -0.523554 -0.119578 -0.843559 0.106194 -0.991540 0.074646
-10.958120 -129.575968 -532.019295 -3256.777076 0.832698 0.137606 -0.536357 -0.524088 -0.116804 -0.843616 0.178735 -0.983576 0.025145
17.046455 3.291980 978.428131 736.693960 -0.703072 -0.465354 0.537713 0.708881 -0.398711 0.581822 -0.056361 0.790237 0.610203
18.621537 5.275142 323.962083 911.343465 0.717918 0.382427 -0.581672 0.696111 -0.400069 0.596133 0.004732 0.832883 0.553429
18.671089 -36.726650 991.813841 125.436806 0.856529 0.405299 -0.319515 0.480830 -0.401748 0.779359 -0.187509 0.821176 0.538989
1.007595 -512.420620 -519.660014 -79155.232401 -0.874186 -0.309646 0.374056 -0.348854 0.936315 -0.040199 -0.337787 -0.165632 -0.926534
23.044301 -389.541564 -3598.937635 -60002.544609 0.832484 0.407906 -0.374943 -0.550204 0.688227 -0.472884 -0.065154 -0.599963 -0.797370
7.118424 -325.710053 2464.322359 1013.368558 -0.825385 -0.426128 0.370343 -0.269853 0.873963 0.404188 -0.495902 0.233672 -0.836348
-13.782832 -24.680094 -806.273354 386.210535 0.204384 -0.572792 0.793812 0.717321 0.639439 0.276711 -0.666092 0.512862 0.541566
-13.469672 -23.625362 -176.795675 215.128278 0.342005 -0.487598 0.803294 0.704251 0.698961 0.124431 -0.622144 0.523165 0.582440
-12.407925 -22.955039 -28.479071 201.295973 0.416892 -0.437676 0.796644 0.706260 0.707692 0.019213 -0.572188 0.554628 0.604144
-9.142279 -24.572019 1233.628493 533.138109 -0.125424 0.585685 -0.800776 0.767690 0.568567 0.295607 -0.628427 0.577671 0.520937
2.194191 -36.631043 1241.747196 -1186.660372 -0.584611 0.787608 0.194689 -0.193684 -0.368515 0.909221 -0.787856 -0.493832 -0.367985
0.812185 -32.142656 1153.197789 -1212.752886 -0.581605 0.789377 0.196520 -0.287439 -0.425420 0.858136 -0.760996 -0.442609 -0.474324
-9.014598 -18.817283 -332.388930 -522.080291 0.683315 -0.376790 0.625388 -0.676420 -0.649126 0.347982 -0.274840 0.660806 0.698426
6.705863 -210.638365 517.582042 41895.642248 -0.572093 0.820065 -0.014261 -0.553528 -0.398866 -0.731103 0.605241 0.410365 -0.682118
7.727055 -345.722147 -324.922166 63545.925797 -0.526513 0.848516 0.052950 -0.526677 -0.276650 -0.803788 0.667379 0.451093 -0.592554
-12.019024 -27.865025 418.619125 579.551788 -0.035241 0.969966 0.240675 0.616438 -0.168457 0.769173 -0.786615 -0.175467 0.591987
-16.392046 -50.396777 -741.691127 2037.743514 -0.471566 0.845388 -0.250886 0.873991 0.410207 -0.260519 -0.117325 -0.342124 -0.932301
-18.156422 -50.938749 -1391.792897 1255.830557 -0.424129 0.872890 -0.241200 0.876724 0.329050 -0.350829 -0.226868 -0.360262 -0.904844
-29.813494 -34.987554 628.693889 124.354846 0.794444 -0.360204 0.488991 -0.248799 0.541461 0.803069 0.554038 0.759653 -0.340542
-27.715799 -33.876539 679.166866 512.622427 0.780649 -0.582530 0.226375 0.079785 0.452147 0.888368 0.619856 0.675442 -0.399445
-30.574798 -35.014271 885.438004 39.288904 0.838164 -0.328504 0.435392 -0.165591 0.607326 0.777004 0.519673 0.723354 -0.454641
-32.094186 -37.345742 692.709888 -388.925875 0.733390 -0.121529 0.668857 -0.510350 0.551544 0.659805 0.449089 0.825246 -0.342474
-26.070702 -43.767359 -2320.702478 1239.583126 0.564711 0.488931 -0.664866 0.823204 -0.276484 0.495875 0.058624 -0.827347 -0.558624
-30.208166 -47.043224 -1499.758064 328.744933 0.679513 0.496092 -0.540514 0.733584 -0.470270 0.490612 -0.010799 -0.729890 -0.683480
-27.529754 -40.769383 -2338.145621 1708.486625 0.452658 0.545266 -0.705539 0.867533 -0.086396 0.489819 0.206126 -0.833799 -0.512144
-5.698926 -27.589644 214.861950 -123.280495 0.605960 -0.454180 0.653094 0.754753 0.068876 -0.652383 0.251317 0.888243 0.384530
-5.929152 -26.398896 165.778077 -477.432066 0.601907 -0.440708 0.665946 0.787631 0.190093 -0.586091 0.131704 0.877292 0.461533
-7.883690 -24.461453 903.944531 -668.317177 0.627755 -0.425396 0.651891 0.775364 0.267699 -0.571968 0.068802 0.864509 0.497886
9.851675 -32.273041 -857.410777 -66.982319 0.252292 -0.820936 0.512263 0.952349 0.116882 -0.281725 0.171404 0.558930 0.811306
23.027337 -28.721449 -2418.333274 -361.292346 0.351615 -0.801227 0.484152 0.934793 0.328287 -0.135607 -0.050289 0.500263 0.864412
-4.503492 -25.845607 -900.972421 234.705187 -0.554011 0.673115 -0.489886 0.314077 0.713953 0.625801 0.770991 0.192839 -0.606948
-4.107260 -25.686388 -958.638817 68.767226 -0.551448 0.668065 -0.499595 0.221615 0.694684 0.684325 0.804234 0.266652 -0.531135
-3.046199 -26.069232 -528.816996 419.551602 -0.556585 0.658618 -0.506394 0.263011 0.717870 0.644584 0.788060 0.225578 -0.572780
2.896263 -42.173497 364.428709 -742.262378 0.347564 -0.678586 0.647086 0.437213 0.727782 0.528373 -0.829484 0.099271 0.549637
1.504427 -41.204572 216.617714 -1147.160166 0.351851 -0.677244 0.646175 0.490710 0.721309 0.488792 -0.797123 0.145103 0.586123
2.398548 -38.784356 189.930457 -511.362852 0.364787 -0.655758 0.660993 0.355818 0.754211 0.551869 -0.860421 0.033879 0.508457
2.176579 -43.649239 -504.437178 -816.535003 -0.337727 0.698546 -0.630852 0.563097 0.687012 0.459278 -0.754230 0.200120 0.625372
3.432010 -41.203267 241.936665 -406.048263 0.355978 -0.656703 0.664847 0.297996 0.754080 0.585288 -0.885708 -0.010228 0.464131
3.001038 -45.242843 274.399578 -850.659253 0.335158 -0.687502 0.644213 0.456146 0.716688 0.527532 -0.824379 0.117048 0.553805
1.977095 -52.739332 434.904303 -902.273316 -0.382715 0.497848 -0.778252 -0.276751 0.741923 0.610704 0.881441 0.449107 -0.146165
2.765986 -56.455968 45.478561 -1776.119634 -0.335432 0.486514 -0.806715 -0.329580 0.741609 0.584289 0.882532 0.461866 -0.088414
0.368866 -57.592783 315.325992 -1935.542971 -0.350773 0.471414 -0.809152 -0.479069 0.652095 0.587592 0.804643 0.593751 -0.002898
3.914595 -54.073027 191.034656 314.881511 -0.367065 0.515730 -0.774135 -0.149467 0.788714 0.596314 0.918108 0.334594 -0.212424
-0.481623 -51.062194 331.209793 -706.425719 -0.381769 0.505663 -0.773665 -0.396018 0.666842 0.631261 0.835118 0.547382 -0.054329
1.116161 -49.856916 469.294221 545.298666 -0.407969 0.534789 -0.739974 -0.229113 0.724587 0.649985 0.883781 0.434712 -0.173082
3.088379 -52.275103 423.304433 811.976198 -0.397051 0.536342 -0.744774 -0.102292 0.780564 0.616649 0.912079 0.321025 -0.255060
-1.115872 -123.023697 -1326.542362 6428.158564 -0.134672 0.694746 -0.706535 0.348622 0.700663 0.622522 0.927538 -0.162477 -0.336563
-1.178487 -118.674270 -1243.868280 -11497.277123 -0.123663 0.730031 -0.672132 0.025878 -0.674728 -0.737612 0.991987 0.108609 -0.064548
1.440700 -147.094613 -572.895522 -7845.097987 -0.160952 0.721489 -0.673460 -0.284334 -0.687323 -0.668387 0.945118 -0.083909 -0.315770
-1.468410 -111.034466 -601.510049 2330.405687 -0.167750 0.687908 -0.706146 -0.612329 -0.634073 -0.472234 0.772602 -0.353176 -0.527592
-7.115762 -15.345157 1666.318270 467.880275 -0.623383 0.630759 -0.462100 0.729856 0.681429 -0.054453 0.280542 -0.371211 -0.885155
-2.144919 -16.704866 1361.713726 402.497029 -0.580033 0.671470 -0.461184 0.774911 0.629380 -0.058250 0.251147 -0.391163 -0.885391
-2.686541 -14.478585 1326.189074 437.221615 -0.614535 0.640120 -0.461077 0.725879 0.687705 -0.012718 0.308944 -0.342502 -0.887269
-8.979496 -13.895142 -1598.380041 454.271185 0.725219 -0.509563 0.463036 0.607844 0.789711 -0.082957 0.323393 -0.341615 -0.882449
-11.892372 -15.357076 -955.535238 458.647748 0.806616 -0.374317 0.457447 0.507311 0.835581 -0.210808 0.303325 -0.402109 -0.863888
-8.873755 -49.082121 117.152016 -32.155762 0.302996 -0.623189 0.720991 0.858520 0.506911 0.077357 -0.413686 0.595547 0.688613
-8.878122 -48.151346 -84.146705 289.177491 0.300956 -0.640120 0.706875 0.843843 0.524058 0.115297 -0.444247 0.561792 0.697879
-9.116320 -48.797336 43.135177 -829.369588 0.306528 -0.643216 0.701650 0.901897 0.431947 0.001964 -0.304339 0.632214 0.712519
0.807535 -87.467779 156.589992 1651.228014 -0.303383 0.382596 -0.872685 0.847594 0.526808 -0.063701 0.435365 -0.759009 -0.484111
-0.298394 -96.023128 188.172270 3472.306185 -0.262718 0.418548 -0.869366 0.860363 0.509470 -0.014717 0.436756 -0.751836 -0.493950
2.366229 -89.722275 557.319826 2055.237028 -0.316608 0.398410 -0.860830 0.722805 0.689013 0.053046 0.614257 -0.605418 -0.506120
-1.325502 -90.471508 55.201805 -153.789984 -0.260099 0.399624 -0.879005 0.943071 0.300558 -0.142413 0.207281 -0.866006 -0.455048
0.398362 -88.335392 150.323323 138.339514 -0.329924 0.376818 -0.865540 0.791363 0.610288 -0.035957 0.514679 -0.696820 -0.499548
-1.350898 -85.898222 -12.596851 -298.543241 -0.302370 0.377890 -0.875084 0.916004 0.369125 -0.157109 0.263645 -0.849086 -0.457761
-4.808400 -19.348201 360.428456 269.310048 -0.571360 -0.326215 -0.753081 -0.220164 0.944899 -0.242268 0.790617 0.027379 -0.611699
-7.723539 -17.257061 -1012.958728 -518.940979 -0.589373 0.284963 -0.755933 0.099985 0.954258 0.281771 0.801650 0.090486 -0.590906
-8.323064 -17.346901 739.338342 447.431065 -0.585127 -0.254971 -0.769815 -0.222958 0.963284 -0.149582 0.779689 0.084112 -0.620491
17.998469 -56.009536 -1164.532597 1987.290249 -0.275088 -0.218833 0.936183 0.745009 0.566966 0.351441 -0.607691 0.794142 0.007067
-21.473836 -312.783514 2072.529286 9010.115639 0.325447 -0.331844 0.885417 0.695595 -0.550264 -0.461907 0.640494 0.766218 0.051747
219.077379 -359.023514 -39751.677055 67401.312826 0.836854 -0.082491 0.541175 -0.543653 -0.009364 0.839258 0.064164 0.996548 0.052682
6.222505 -212.272442 -2303.914132 -57894.445693 -0.363368 -0.292787 0.884443 0.672531 0.574527 0.466498 -0.644721 0.764326 -0.011856
