10178
20342
-43.751328 -70.521213 -2340.791533 8350.133103 0.175270 0.974386 0.140900 0.859192 -0.081507 -0.505120 0.480697 -0.209593 0.851470
-52.822045 -74.797166 999.075038 5001.592870 0.320667 0.946167 -0.044046 0.867487 -0.312037 -0.387427 0.380315 -0.086026 0.920848
-45.965270 -77.777696 -2428.042593 3794.211558 0.100489 0.981760 0.161395 0.951210 -0.047237 -0.304906 0.291721 -0.184160 0.938608
-44.882624 -63.032781 921.983129 5746.077977 0.498608 0.845013 -0.193245 0.680818 -0.519747 -0.516090 0.536541 -0.125762 0.834450
-27.700333 -79.969477 -6707.394192 7979.155632 0.110607 0.948971 0.295331 0.922548 0.012501 -0.385680 0.369691 -0.315116 0.874088
-27.008116 -69.140957 -6592.044809 11479.041900 0.188186 0.946821 0.260989 0.813977 -0.001660 -0.580895 0.549570 -0.321755 0.771003
-38.025626 -52.502207 -1686.318599 5655.863121 0.435607 0.899042 -0.044372 0.679709 -0.360852 -0.638578 0.590120 -0.248009 0.768277
4.369700 -39.640004 7199.096420 -1028.713139 0.281234 0.912120 0.298236 0.783527 -0.038816 -0.620144 0.554069 -0.408081 0.725588
5.693653 -43.508414 4122.689431 -963.792959 0.224941 0.901441 0.369872 0.732794 0.093680 -0.673971 0.642195 -0.422644 0.639498
16.469042 -42.423012 5420.648180 -968.286669 0.248048 0.883851 0.396585 0.803567 0.040924 -0.593806 0.541066 -0.465975 0.700082
-10.729868 -52.935962 -4032.961038 -285.168193 -0.301045 0.952974 -0.034831 0.951271 0.297550 -0.080914 0.066745 0.057493 0.996112
-4.116618 -53.414779 -4539.796524 919.260041 -0.230811 0.972933 -0.011310 0.960911 0.226101 -0.159776 0.152894 0.047746 0.987088
-16.619998 -51.941532 -3098.023123 499.036942 -0.318749 0.946621 -0.048040 0.924041 0.299061 -0.238141 0.211062 0.120299 0.970042
9.369856 -53.854952 5364.641086 -176.898327 0.178256 -0.983934 0.009920 0.983978 0.178212 -0.005199 0.003348 0.010687 0.999937
-22.233711 -51.087175 2671.344899 -6.560301 0.393492 -0.915365 0.085270 0.911216 0.376044 -0.168154 0.121858 0.143866 0.982066
0.258910 -52.230754 -6046.918445 -762.041613 -0.302027 0.953299 0.000588 0.950042 0.300944 0.082786 -0.078742 -0.025562 0.996567
-17.307610 -51.265686 3939.192716 -476.533851 0.418084 -0.906353 0.061074 0.908264 0.418270 -0.010318 -0.016193 0.059785 0.998080
-5.848889 -43.791183 -843.052231 181.285078 0.422448 0.773738 -0.472088 -0.445098 0.630810 0.635584 -0.789573 0.058375 -0.610874
-8.146062 -44.193683 -1855.669565 177.559413 0.434023 0.744120 -0.507848 -0.320439 0.654357 0.684934 -0.841988 0.134542 -0.522451
-13.866800 -45.954313 -2818.148200 77.450830 0.447941 0.725614 -0.522335 -0.386029 0.683930 0.619049 -0.806431 0.075661 -0.586468
-16.499297 -45.362461 3391.650872 162.667519 -0.466802 -0.682279 0.562664 -0.223853 0.706677 0.671191 -0.855561 0.187359 -0.482609
-7.671141 -44.878472 -1438.759043 32.002600 0.409588 0.785567 -0.463813 -0.545907 0.618398 0.565305 -0.730906 -0.021657 -0.682135
-14.898812 -47.898790 1357.484554 303.688268 -0.515325 -0.634198 0.576396 -0.257578 0.756100 0.601637 -0.817370 0.161572 -0.552993
-12.105818 -49.432032 848.416616 -700.265866 -0.510359 -0.670042 0.539053 -0.389361 0.738945 0.549872 -0.766767 0.070746 -0.638015
-14.253969 -46.967253 -3291.613296 -252.163516 0.441714 0.742564 -0.503476 -0.484262 0.669758 0.562952 -0.755235 0.004849 -0.655436
53.837262 -80.960993 -1168.671416 5512.416228 0.342590 0.918845 -0.195849 -0.406147 -0.043128 -0.912790 0.847158 -0.392256 -0.358411
52.840616 -89.898274 -580.294387 3707.205556 0.253120 0.964542 -0.074763 -0.329416 0.013269 -0.944091 0.909624 -0.263596 -0.321095
61.221235 -81.481394 -1195.849921 4707.009336 0.275486 0.950293 -0.145086 -0.543640 0.029535 -0.838799 0.792820 -0.309952 -0.524753
47.781202 -87.981276 -745.007112 2773.998592 0.322645 0.937803 -0.128166 -0.210695 -0.060852 -0.975656 0.922772 -0.341794 -0.177957
54.217211 -71.829547 -3603.618426 2370.612483 0.401700 0.871518 -0.281234 -0.538187 -0.023806 -0.842489 0.740940 -0.489785 -0.459477
42.085918 -81.495092 -702.721103 3667.725512 0.416762 0.881833 -0.220634 -0.230993 -0.132012 -0.963958 0.879177 -0.452706 -0.148680
-10.444972 -98.066237 124.166434 392.381980 0.229899 0.944998 0.232648 0.085353 0.218552 -0.972085 0.969464 -0.243339 0.030413
-10.870147 -96.731331 -852.938232 -1203.490983 0.221292 0.943275 0.247512 0.207540 0.202438 -0.957051 0.952868 -0.263156 0.150970
-9.718964 -95.260710 -117.008112 -104.610164 0.227885 0.943670 0.239909 0.358225 0.147855 -0.921854 0.905397 -0.296018 0.304352
-9.680787 -96.918618 492.749766 -162.922497 0.247543 0.943010 0.222383 0.192194 0.177171 -0.965231 0.949623 -0.281677 0.137384
4.046880 -30.967443 -1184.975000 -288.533994 -0.226117 0.090793 -0.969860 -0.655366 0.722432 0.220425 0.720671 0.685455 -0.103851
0.591008 -22.348963 -883.378029 -543.751287 0.186250 -0.025757 0.982165 0.723455 -0.672785 -0.154834 0.664774 0.739390 -0.106673
6.103701 -26.762474 -865.321450 -158.659073 -0.349396 0.192536 -0.916980 -0.558977 0.742598 0.368908 0.751975 0.641466 -0.151838
4.765357 -31.534250 -1983.383906 -1907.155186 -0.247253 0.124417 -0.960930 -0.557250 0.793048 0.246064 0.792678 0.596319 -0.126752
10.894046 -25.265063 -932.107165 -2289.239555 -0.360073 0.214083 -0.908029 -0.447452 0.814429 0.369449 0.818617 0.539328 -0.197462
-43.558715 -71.021838 3216.945457 927.826238 0.850281 0.423836 0.312067 0.504779 -0.824593 -0.255429 -0.149069 -0.374711 0.915079
-33.582945 -69.504643 4677.477994 307.926972 0.706927 0.645741 0.288569 0.677459 -0.735429 -0.013923 -0.203232 -0.205336 0.957358
-46.316763 -77.516941 4010.562301 1674.926519 0.783353 0.476219 0.399467 -0.533947 0.844560 0.040238 -0.318211 -0.244815 0.915864
-13.229858 -262.767189 -278.496153 52928.146625 -0.552190 -0.049017 -0.832276 0.829479 0.068244 -0.554353 0.083971 -0.996464 0.002975
-8.778450 -217.140557 1827.699216 30884.876986 -0.519402 0.008564 -0.854487 0.820378 0.284868 -0.495813 0.239170 -0.958528 -0.154987
-9.382924 -194.004073 -610.008667 22960.381920 -0.545210 -0.084309 -0.834049 0.774842 0.329044 -0.539768 0.319946 -0.940544 -0.114072
-12.448024 -261.106942 -2803.075068 35148.533942 -0.557126 -0.127074 -0.820648 0.828902 -0.025220 -0.558825 0.050315 -0.991573 0.119383
-14.347615 -262.253456 -1836.031522 34647.395815 -0.554461 -0.058228 -0.830170 0.798405 -0.318647 -0.510895 -0.234783 -0.946083 0.223167
-25.435191 -46.817350 1099.985892 630.260714 -0.491352 0.847123 -0.202375 0.726039 0.270039 -0.632412 0.481082 0.457669 0.747729
-20.815630 -47.953408 -2819.876139 144.584313 0.501350 -0.821040 0.273023 0.794902 0.312436 -0.520110 0.341728 0.477784 0.809286
-26.590978 -48.493928 -943.127059 527.254244 0.460914 -0.863325 0.205495 0.805316 0.309602 -0.505582 0.372860 0.398518 0.837949
-25.498685 -43.634472 721.513003 745.453800 -0.546936 0.831619 -0.096283 0.586069 0.298219 -0.753385 0.597816 0.468482 0.650493
-20.592942 -45.753933 2457.274409 738.353137 -0.549717 0.806855 -0.216327 0.635213 0.235571 -0.735535 0.542509 0.541749 0.642022
-8.207878 -39.147633 -3805.989645 1228.305557 0.099208 -0.636538 -0.764838 0.247771 0.760223 -0.600558 0.963726 -0.129925 0.233136
-11.296647 -36.263326 -3793.783853 46.176464 0.091858 -0.682006 -0.725555 0.151573 0.729722 -0.666732 0.984169 -0.048729 0.170405
0.661031 -35.258320 -5437.147931 1045.741138 0.161078 -0.544885 -0.822894 0.201021 0.834417 -0.513166 0.966253 -0.082759 0.243940
-16.854925 -29.226056 144.037812 -511.823963 -0.275411 0.957565 0.084964 0.418595 0.199017 -0.886099 0.865406 0.208475 0.455643
-14.622195 -28.606340 -369.104308 -168.088245 -0.089551 0.983407 -0.157772 0.521214 -0.088714 -0.848802 0.848714 0.158244 0.504621
-18.222835 -29.906580 -818.160067 -705.810338 -0.076699 0.979008 -0.188842 0.443176 -0.136187 -0.886029 0.893147 0.151648 0.423427
-20.617079 -30.431151 16.909579 -705.203719 -0.230688 0.972116 0.042114 0.349147 0.123099 -0.928947 0.908229 0.199593 0.367809
-15.126084 -38.677442 -534.199610 -1629.408266 0.495583 0.712704 -0.496438 0.525649 -0.701115 -0.481800 0.691440 0.022181 0.722093
-13.842314 -39.360020 330.163797 501.843713 0.419896 0.787925 -0.450403 0.637199 -0.609329 -0.471907 0.646270 0.088845 0.757919
-16.415661 -43.190767 610.491075 -913.733356 0.512906 0.711000 -0.481047 0.527633 -0.703130 -0.476668 0.677150 0.009331 0.735786
-15.085400 -42.745777 -650.872049 2347.181396 0.534795 0.663053 -0.523789 -0.433434 0.747378 0.503548 0.725347 -0.042267 0.687084
-14.976229 -37.346810 -470.682912 2180.233097 0.467733 0.696437 -0.544243 -0.484822 0.717007 0.500848 0.739035 0.029598 0.673016
-144.017315 -804.686092 11195.008871 -216603.226864 -0.603327 -0.051934 0.795801 0.680242 -0.554358 0.479540 0.416254 0.830656 0.369787
-136.897021 -3747.548924 17454.985189 1445893.998650 0.334173 -0.332173 -0.882037 0.072584 0.942128 -0.327303 0.939713 0.045354 0.338944
-139.354423 -1041.747003 21721.021537 290569.826791 0.367912 0.039685 -0.929013 -0.490400 0.857130 -0.157596 0.790031 0.513570 0.334810
-113.573156 -598.938611 -5396.564194 -149765.426420 -0.403390 -0.071214 0.912253 0.787490 -0.534724 0.306478 0.465978 0.842021 0.271783
-94.042831 -1487.649828 6739.178823 403668.741849 0.200281 0.020682 -0.979520 -0.537269 0.838361 -0.092153 0.819286 0.544722 0.179020
14.622366 -151.019769 1552.569069 25409.410763 0.143763 -0.014473 -0.989506 0.878256 -0.458940 0.134312 -0.456068 -0.888349 -0.053267
7.553531 -126.363558 1028.430360 33101.946542 0.189091 -0.005421 -0.981945 0.927990 -0.325967 0.180501 -0.321060 -0.945366 -0.056607
57.813742 -2068.787345 7947.656869 733688.637799 0.210221 0.034569 -0.977043 0.836860 -0.523036 0.161554 -0.505444 -0.851609 -0.138883
11.415284 -44.108758 4507.033107 2672.144500 0.539024 -0.285532 0.792417 0.102316 0.956018 0.274884 -0.836053 -0.067092 0.544531
19.411444 -45.742639 1754.184183 903.174865 0.461042 -0.317525 0.828624 0.024750 0.938027 0.345677 -0.887033 -0.138863 0.440329
17.418319 -38.807423 1343.082516 2669.861180 0.458335 -0.323901 0.827658 0.166817 0.946030 0.277847 -0.872984 0.010720 0.487631
10.257169 -32.660817 3921.416414 3175.459272 0.516170 -0.288544 0.806419 0.205291 0.955777 0.210584 -0.831519 0.056854 0.552579
1.156319 -17.502373 595.575341 4713.228251 0.063588 0.924826 -0.375038 0.540083 0.284122 0.792203 -0.839206 0.252926 0.481416
2.250525 -23.037830 455.625688 4681.200067 0.185493 0.959359 -0.212657 0.485305 0.098738 0.868752 -0.854442 0.264351 0.447266
-0.561678 -10.495847 -45.762251 2736.823496 0.294694 0.955031 -0.032720 0.482369 -0.119112 0.867832 -0.824909 0.271527 0.495779
0.734404 -16.339271 350.084838 3286.922018 0.284130 0.957658 -0.046501 0.475819 -0.098734 0.873984 -0.832386 0.270451 0.483725
1.795655 -10.653398 885.772812 137.181644 0.449824 0.846066 0.286061 0.359072 -0.464590 0.809458 -0.817756 0.261397 0.512783
2.500931 -8.787080 918.600156 1209.265868 0.512384 0.654430 0.556043 -0.182488 0.715685 -0.674161 -0.839143 0.243958 0.486132
53.971423 -31.934318 -14987.367339 -2743.097097 0.295568 0.900535 0.318868 0.260967 0.244975 -0.933747 0.918986 -0.359200 0.162603
44.898358 -20.844825 -12242.344566 -3489.729456 0.320419 0.743547 0.586915 0.412202 0.448405 -0.793109 0.852890 -0.496055 0.162814
86.365660 -27.123959 -17235.163006 -3558.855783 0.268634 0.919053 0.288406 0.384330 0.172280 -0.906979 0.883248 -0.354488 0.306939
79.870607 -31.878348 4023.452551 -1871.515575 -0.121028 0.986830 0.107327 0.385842 0.146387 -0.910877 0.914592 0.068831 0.398477
66.866539 -34.482835 -4242.604079 -2671.268261 0.051204 0.986370 0.156369 0.283789 0.135749 -0.949229 0.957519 -0.092980 0.272970
106.828041 -25.927585 -15206.120779 -1065.410449 0.162054 0.951656 0.260941 0.424539 0.171474 -0.889024 0.890789 -0.254849 0.376227
-13.137724 -99.689266 -910.795596 -14072.769713 0.676895 -0.732701 -0.070444 -0.427949 -0.313867 -0.847554 -0.598893 -0.603851 0.526014
-13.147883 -97.940286 130.630795 -15526.655790 0.716455 -0.692999 -0.080278 -0.412191 -0.327662 -0.850139 -0.562841 -0.642176 0.520404
-12.097495 -76.517334 -184.883707 -15882.851552 0.686603 -0.719938 -0.101318 -0.539706 -0.411347 -0.734514 -0.487128 -0.559002 0.670987
-12.662557 -114.549660 574.105516 8075.858832 -0.690176 0.721180 0.059638 0.239430 0.149808 0.959287 -0.682884 -0.676356 0.276066
-9.515742 -79.441396 -909.638279 -12585.100756 0.663587 -0.743302 -0.084589 -0.534007 -0.391455 -0.749399 -0.523917 -0.542462 0.656693
-10.928333 -101.702921 1862.252911 9871.012128 -0.652299 0.756267 0.050654 0.352579 0.243591 0.903522 -0.670965 -0.607226 0.425538
3.018356 -156.008058 -2675.592164 -619.504464 -0.394558 0.899289 0.188687 0.864694 0.432850 -0.254843 0.310851 -0.062606 0.948395
2.411829 -155.514909 2365.125029 -7083.148857 0.441888 -0.877071 -0.188363 0.896780 0.437235 0.067901 0.022805 -0.198925 0.979749
4.358339 -183.953416 -2140.523423 -2833.016061 -0.424184 0.886768 0.183605 0.883629 0.449674 -0.130360 0.198162 -0.106942 0.974318
4.646989 -176.700731 -2753.920128 11872.647057 -0.384790 0.908101 0.165192 0.725845 0.408267 -0.553595 0.570163 0.093114 0.816238
2.335601 -143.134222 -2890.730908 6424.465806 -0.366145 0.914672 0.171213 0.749341 0.398900 -0.528551 0.551748 0.065229 0.831456
-2.498482 -68.148683 -863.794876 2452.611793 -0.688173 0.725465 0.010940 0.387785 0.355024 0.850636 -0.613222 -0.589626 0.525642
-0.850546 -65.458235 -685.987719 2717.263423 -0.682492 0.730552 0.022328 0.458395 0.404045 0.791595 -0.569279 -0.550492 0.610639
-1.687179 -62.551218 -97.551476 2542.642372 -0.667673 0.744118 0.022395 0.512718 0.437819 0.738535 -0.539753 -0.504582 0.673843
-3.515068 -63.602230 80.455340 3166.794603 -0.664172 0.747390 0.016845 0.465286 0.395633 0.791823 -0.585136 -0.533744 0.610519
-4.254288 -67.431345 -665.798190 1785.399011 -0.680978 0.732289 0.004562 0.345671 0.315945 0.883567 -0.645585 -0.603267 0.468283
7.443987 -50.889959 -1162.880429 399.276151 -0.436060 0.860311 0.264039 -0.793773 -0.505937 0.337567 -0.424000 0.062388 -0.903511
5.584663 -51.445457 1239.170923 -116.327092 -0.391960 0.884162 0.254215 -0.820411 -0.460963 0.338289 -0.416286 0.075965 -0.906055
9.456149 -52.201743 294.797711 442.307334 -0.420569 0.865559 0.271898 -0.848260 -0.481455 0.220582 -0.321833 0.137870 -0.936704
-11.823836 -44.059800 -560.902641 38.335023 -0.282110 0.915998 0.285238 -0.865460 -0.371282 0.336346 -0.413996 0.151976 -0.897502
-13.011243 -43.578734 -354.640613 606.586725 -0.283940 0.902365 0.324216 -0.795838 -0.410387 0.445223 -0.534808 0.131606 -0.834662
-15.412063 -44.852947 -766.592023 488.186738 -0.290474 0.897225 0.332585 -0.855480 -0.399217 0.329819 -0.428695 0.188716 -0.883520
-11.231392 -52.208556 106.075752 630.645419 -0.330842 0.937651 -0.106555 -0.899481 -0.347481 -0.264934 0.285442 -0.008193 -0.958361
-11.685913 -53.272069 312.372387 -584.653395 -0.400592 0.905669 -0.138886 -0.892138 -0.420090 -0.166176 0.208845 -0.057337 -0.976266
-12.543264 -50.920580 333.327321 -198.727598 -0.388402 0.914818 -0.110688 -0.903857 -0.401598 -0.147520 0.179406 -0.042749 -0.982846
-12.302415 -260.662506 3486.793009 39148.119840 -0.558726 0.796450 -0.231286 0.610918 0.583846 0.534698 -0.560896 -0.157453 0.812776
-16.103437 -210.650941 -799.273571 6710.389129 -0.639799 0.748235 -0.175505 0.519030 0.589084 0.619345 -0.566802 -0.305164 0.765251
-13.496077 -180.492645 1509.674782 18483.677356 -0.618945 0.752048 -0.226565 0.681062 0.657566 0.322121 -0.391232 -0.045071 0.919188
-8.613367 -199.197163 3349.151934 36221.465726 -0.575398 0.766983 -0.283997 0.764045 0.627973 0.147938 -0.291809 0.131863 0.947343
-10.872087 -25.802486 -2916.837065 -147.989417 -0.486713 0.386232 0.783540 -0.241659 0.802415 -0.545648 -0.839471 -0.454923 -0.297209
-4.360539 -23.263541 -2261.476044 38.194996 -0.504931 0.453252 0.734580 -0.245942 0.740210 -0.625781 -0.827380 -0.496640 -0.262281
-11.150662 -24.832909 -2424.967728 21.233660 -0.515234 0.509338 0.689282 -0.232824 0.690823 -0.684512 -0.824820 -0.513165 -0.237349
-15.809908 -27.377289 -2400.253807 280.938789 -0.494117 0.553434 0.670492 -0.204308 0.675701 -0.708298 -0.845048 -0.486969 -0.220804
-16.126960 -26.392861 -2113.034075 407.846853 -0.444143 0.445521 0.777334 -0.204690 0.794202 -0.572141 -0.872261 -0.413225 -0.261545
-12.414543 -24.850958 -2112.352841 150.725105 -0.445074 0.358154 0.820753 -0.189847 0.857964 -0.477342 -0.875138 -0.368270 -0.313863
-7.095984 -23.996262 -2393.740005 -402.393258 -0.484533 0.349832 0.801777 -0.208093 0.844149 -0.494075 -0.849662 -0.406239 -0.336220
-20.594464 -385.216624 -5613.682737 96405.011319 -0.673170 0.584269 -0.453289 0.247987 0.755846 0.605970 0.696666 0.295511 -0.653704
-26.451180 -481.770741 -4591.933649 146748.365634 -0.717668 0.565520 -0.406373 0.159996 0.701836 0.694138 0.677756 0.433143 -0.594167
-24.935048 -148.775671 -4737.880410 -12138.946338 -0.658444 0.667755 -0.347209 -0.151855 -0.569710 -0.807695 0.737151 0.479097 -0.476524
-1.621776 -1096.964473 -3996.027993 374901.218803 -0.651201 0.633333 -0.418122 0.155844 0.650812 0.743072 0.742731 0.418728 -0.522511
-14.125423 -155.166575 -4115.568901 -7131.892260 -0.630405 0.688797 -0.357978 -0.007559 -0.466579 -0.884447 0.776229 0.554854 -0.299340
1.597967 -42.342560 -417.343367 2305.280901 -0.401713 0.881219 0.249159 -0.574893 -0.454455 0.680418 -0.712828 -0.130093 -0.689167
-0.689469 -41.316207 589.646455 2683.297701 -0.359087 0.905326 0.226808 -0.585273 -0.407727 0.700866 -0.726988 -0.118927 -0.676273
-0.342709 -45.946434 695.103677 1788.157241 -0.377456 0.894539 0.239432 -0.641002 -0.438994 0.629604 -0.668314 -0.084171 -0.739101
4.917994 -56.071093 -127.320958 -891.912307 0.545920 -0.832023 -0.098539 0.835059 0.549903 -0.016808 0.068171 -0.073110 0.994991
5.313961 -56.401304 -5.944925 -524.226511 -0.525471 0.844284 0.105191 0.824385 0.535818 -0.182449 0.210402 0.009154 0.977572
4.413081 -54.580825 -272.026890 -720.704546 -0.538178 0.833965 0.121930 0.835725 0.546773 -0.051016 0.109214 -0.074445 0.991227
5.158366 -57.908413 8.971912 -296.198555 -0.541418 0.835650 0.092491 0.827967 0.549061 -0.114031 0.146073 -0.014841 0.989162
-18.006403 -509.919471 4049.682235 -103113.898162 0.819585 0.281781 0.498879 -0.119148 -0.767853 0.629448 -0.560432 0.575327 0.595748
-16.834119 -325.776907 2143.380134 -76092.076968 0.771095 0.416131 0.481921 -0.347326 -0.359452 0.866117 -0.533646 0.835242 0.132638
-14.016681 -1746.569410 -1195.973981 -597786.327603 0.737464 0.247771 0.628296 -0.293338 -0.720447 0.628418 -0.608358 0.647739 0.458623
-32.367612 -3685.611889 8715.679599 1264467.234161 0.843960 0.018449 0.536088 0.038043 0.994833 -0.094128 -0.535055 0.099835 0.838898
-58.153698 -78.407626 1150.563393 904.290563 0.204247 0.978650 0.022967 0.961092 -0.196015 -0.194627 0.185970 -0.061825 0.980608
-48.512955 -71.589854 581.249663 4895.798571 0.520539 0.807567 -0.277264 0.727302 -0.589480 -0.351490 0.447293 0.018691 0.894192
-54.246665 -78.896900 1178.649711 2070.623341 0.442602 0.877839 -0.183037 0.861901 -0.472786 -0.183302 0.247447 0.076630 0.965866
55.657780 -96.991870 3645.017156 6704.953817 0.100321 0.994273 0.036828 -0.484374 0.081139 -0.871090 0.869090 -0.069550 -0.489740
39.694042 -97.343822 -213.588161 1154.919511 0.258276 0.965873 -0.019543 -0.072535 -0.000784 -0.997366 0.963344 -0.259013 -0.069857
41.455677 -107.334332 1722.419182 3716.274071 0.135725 0.988305 0.069509 -0.178682 0.093425 -0.979461 0.974501 -0.120518 -0.189272
-6.959891 -93.609713 -546.974165 -2803.708765 0.268821 0.924707 0.269540 0.638690 0.038337 -0.768508 0.720979 -0.378744 0.580296
-7.912511 -93.230062 629.608184 -2036.760516 0.244467 0.936664 0.250794 0.592033 0.060654 -0.803628 0.767940 -0.344938 0.539708
-7.293736 -93.307784 -19.576619 -1603.693644 0.227773 0.932882 0.279018 0.750510 0.014366 -0.660703 0.620366 -0.359896 0.696865
-7.572895 -88.081885 -139.927390 -2304.290904 0.206676 0.940880 0.268385 0.759338 0.018736 -0.650427 0.617002 -0.338223 0.710573
-6.432460 -90.853513 -229.117034 1477.404162 0.201196 0.935112 0.291695 0.855610 -0.022783 -0.517120 0.476919 -0.353620 0.804675
-6.254858 -98.896885 -313.458093 2701.346451 0.209963 0.928609 0.305942 0.880349 -0.043435 -0.472334 0.425325 -0.368508 0.826620
-4.828646 -95.314568 -443.653364 -1372.198262 0.261716 0.924277 0.277878 0.763118 -0.021900 -0.645889 0.590894 -0.381094 0.711064
-7.264963 -97.843790 213.669615 7140.329123 0.046014 0.971476 0.232632 0.965066 0.016900 -0.261462 0.257936 -0.236536 0.936760
-8.891069 -87.965426 900.781427 3829.365084 0.039683 0.972372 0.230038 0.897501 0.066511 -0.435967 0.439223 -0.223760 0.870066
-7.751310 -86.793499 773.936276 5171.228521 0.026798 0.973452 0.227318 0.883198 0.083458 -0.461515 0.468234 -0.213135 0.857514
-4.531496 -91.342473 617.150575 5579.986125 0.032162 0.975714 0.216674 0.909619 0.061264 -0.410901 0.414197 -0.210307 0.885558
67.013857 -43.782490 14712.457548 608.963395 -0.089848 0.873706 0.478085 0.801841 -0.221267 0.555060 -0.590744 -0.433219 0.680693
44.824290 -41.317188 15323.660147 1065.375890 -0.004645 0.922939 0.384918 0.811851 -0.221257 0.540317 -0.583846 -0.315006 0.748262
57.065923 -40.415469 12594.186752 1564.263756 -0.122539 0.888971 0.441265 0.867754 -0.119807 0.482337 -0.481650 -0.442015 0.756727
25.630839 -36.135332 10724.891004 2596.002480 -0.059457 0.923204 0.379684 0.874903 -0.134942 0.465119 -0.480634 -0.359841 0.799690
-20.592205 -56.348687 239.533625 -2262.750567 0.549358 0.754043 -0.360034 0.344098 0.188495 0.919819 -0.761448 0.629197 0.155913
-19.769924 -55.104415 -1468.723433 -2846.849574 0.481672 0.783416 -0.392748 0.296384 0.276127 0.914281 -0.824711 0.556788 0.099189
-19.201566 -58.073907 -1300.876482 -3436.854594 0.479898 0.790676 -0.380170 0.376979 0.205443 0.903150 -0.792203 0.576736 0.199477
-1.834842 -160.057222 1566.187840 7697.044945 -0.493427 -0.027364 -0.869357 0.722386 0.543803 -0.427127 0.484446 -0.838767 -0.248560
-1.530183 -161.567606 3241.124748 8716.529412 -0.453491 0.022778 -0.890970 0.824136 0.391326 -0.409469 0.339333 -0.919970 -0.196235
-10.217421 -207.770839 3096.054462 24232.099816 -0.470141 0.034363 -0.881922 0.878571 0.113488 -0.463933 0.084145 -0.992945 -0.083545
-22.727349 -48.482097 -2406.249908 -2.934014 0.492099 -0.829942 0.262744 0.837208 0.368471 -0.404119 0.238582 0.418838 0.876158
-14.115981 -48.118635 -4455.646652 -225.008096 0.533704 -0.787759 0.307564 0.814372 0.380724 -0.438005 0.227945 0.484236 0.844723
-6.636208 -48.424458 -5185.324015 31.080885 0.558189 -0.769303 0.310803 0.769921 0.340624 -0.539627 0.309270 0.540508 0.782435
20.898013 -1100.204320 -5290.143689 337009.236334 0.365541 0.003797 0.930787 0.826295 -0.461683 -0.322622 0.428504 0.887037 -0.171902
2.182356 -1523.192435 11508.365631 -491021.105769 -0.437494 0.010329 -0.899162 -0.558777 0.780318 0.280842 0.704533 0.625298 -0.335613
2.775258 -329.659553 -2884.803185 -32358.532909 -0.360705 0.018368 -0.932499 -0.508482 0.834281 0.213122 0.781881 0.551034 -0.291590
3.085427 -545.258994 -2298.603212 -76334.060757 -0.380987 -0.006765 -0.924556 -0.215135 0.973175 0.081531 0.899203 0.229967 -0.372223
-5.998053 -350.164801 -4419.562324 -30871.735877 -0.353775 -0.020399 -0.935108 -0.192597 0.979926 0.051488 0.915287 0.198314 -0.350603
-18.942953 -49.332653 -1167.377638 -873.576971 0.343447 0.584393 -0.735207 0.641698 0.425583 0.638046 0.685761 -0.690916 -0.228839
-17.001516 -48.064220 -2733.195850 -1825.484040 0.453800 0.587578 -0.669939 0.575726 0.380505 0.723709 0.680151 -0.714121 -0.165611
-12.639385 -45.593492 -3507.846154 -685.581042 0.491755 0.597966 -0.632940 0.620249 0.269617 0.736613 0.611121 -0.754813 -0.238303
-9.708837 -39.353983 1510.326653 3315.555235 0.287786 0.867853 -0.404983 0.746449 -0.468193 -0.472873 0.599994 0.166213 0.782547
-10.960008 -34.799319 1281.329299 820.389288 0.290101 0.861277 -0.417185 0.708640 -0.486308 -0.511208 0.643173 0.147332 0.751413
8.404246 -128.006468 1762.836099 -10894.729095 0.086241 -0.024056 -0.995984 0.942496 -0.322042 0.089388 -0.322898 -0.946420 -0.005100
1.847103 -106.807410 2208.355070 -16868.902027 0.078247 0.000721 -0.996934 0.952947 -0.293818 0.074582 -0.292863 -0.955861 -0.023677
6.862127 -36.812045 481.551533 5292.896778 0.122796 0.957652 -0.260430 0.433605 0.184274 0.882060 -0.892697 0.221237 0.392614
8.253331 -35.226305 622.426873 -2690.448385 -0.148382 -0.547738 -0.823387 0.357125 0.746739 -0.561108 0.922196 -0.377310 0.084808
31.969012 -32.194273 -6651.929367 -4384.621462 -0.028902 -0.376622 -0.925916 0.488460 0.802852 -0.341812 0.872107 -0.462152 0.160761
17.403639 -37.479321 -9085.263371 -2280.221529 0.290453 0.777825 0.557337 0.269280 0.492467 -0.827626 0.918218 -0.390467 0.066414
-6.141474 -44.299229 -290.950351 -936.324796 -0.320204 0.920787 0.222757 -0.810217 -0.388028 0.439298 -0.490936 0.039817 -0.870285
-6.104975 -45.986489 771.013856 -1239.978887 -0.339014 0.911939 0.231165 -0.774279 -0.410031 0.482045 -0.534380 0.015566 -0.845101
-6.628136 -45.536342 -420.119147 -1931.467975 -0.321150 0.920530 0.222459 -0.768732 -0.390584 0.506454 -0.553095 0.008364 -0.833076
-6.669752 -44.327453 -790.413231 -859.919328 -0.311805 0.921035 0.233393 -0.792527 -0.387605 0.470811 -0.524098 0.038169 -0.850802
-11.028077 -75.220970 733.633819 -15346.805052 0.728315 -0.679045 -0.091945 -0.518596 -0.458505 -0.721686 -0.447900 -0.573297 0.686087
-13.224449 -112.052208 230.565848 -8832.078015 0.731089 -0.678419 -0.072504 -0.270786 -0.190974 -0.943506 -0.626246 -0.709420 0.323325
-10.191883 -99.703172 1402.526475 -13124.011632 0.759616 -0.645066 -0.082908 -0.376029 -0.331597 -0.865243 -0.530647 -0.688428 0.494450
-3.390878 -118.431471 -595.420913 -6245.796322 -0.482395 0.863341 0.148113 0.779481 0.345944 0.522238 -0.399630 -0.367376 0.839840
-1.563829 -140.908906 1402.357891 -7940.346669 0.471653 -0.865969 -0.166256 0.854570 0.402418 0.328282 -0.217377 -0.296913 0.929833
-4.707926 -136.391861 173.145853 -8664.213685 0.444554 -0.883673 -0.146609 0.864199 0.380052 0.329728 -0.235653 -0.273281 0.932623
-5.126772 -114.547939 335.495395 -6927.315451 -0.468340 0.874359 0.127102 0.753437 0.320077 0.574355 -0.461510 -0.364757 0.808679
-7.070073 -124.233916 26.681227 -7305.124567 -0.461113 0.878836 0.122567 0.835127 0.383135 0.394677 -0.299897 -0.284350 0.910608
-6.807743 -138.840969 -35.952653 -6418.029113 0.432890 -0.891722 -0.132056 0.900716 0.421974 0.103192 -0.036294 -0.163616 0.985856
0.463282 -64.394006 -561.852175 2196.208026 -0.676895 0.735383 0.032013 0.533246 0.459927 0.710011 -0.507406 -0.497674 0.703463
0.404087 -69.896778 -1078.951432 1994.214342 -0.690048 0.723516 0.018955 0.396006 0.355507 0.846637 -0.605816 -0.591726 0.531834
3.334353 -77.330018 -447.749238 1847.007715 -0.676747 0.736208 0.003241 0.276219 0.249823 0.928058 -0.682434 -0.628956 0.372422
2.184196 -69.789674 -163.953739 3203.631530 -0.666097 0.745420 0.025768 0.453002 0.376869 0.807935 -0.592540 -0.549836 0.588708
6.315810 -52.837897 721.500452 248.711412 -0.359970 0.907087 0.218208 -0.851192 -0.415065 0.321236 -0.381960 0.070102 -0.921516
8.295075 -52.142698 1465.146119 315.778493 -0.389097 0.887667 0.246273 -0.867974 -0.442827 0.224780 -0.308586 0.126298 -0.942774
3.778082 -50.480248 1027.859058 100.833074 -0.362083 0.901830 0.235795 -0.779667 -0.431648 0.453651 -0.510896 0.019582 -0.859420
-12.862746 -173.897401 -377.988251 11549.585718 -0.665062 0.720982 -0.194620 0.666071 0.690530 0.281989 -0.337700 -0.057909 0.939471
-15.208887 -214.288411 -1275.177629 1357.510564 -0.624889 0.770399 -0.126486 0.326894 0.405319 0.853731 -0.708981 -0.492140 0.505118
-15.116059 -202.017399 -3164.675799 6533.150737 -0.655507 0.748081 -0.103370 0.415649 0.471671 0.777665 -0.630513 -0.466799 0.620123
-8.706929 -24.203784 -1366.126756 -313.621560 -0.544964 0.593270 0.592490 0.221495 -0.579676 0.784166 -0.808675 -0.558576 -0.184496
-32.275608 -369.555001 -4665.037236 102499.852975 -0.742144 0.439942 -0.505641 0.210288 0.869164 0.447587 0.636397 0.225844 -0.737559
-6.818417 -405.191114 1361.846588 116482.646496 -0.801710 0.396339 -0.447410 0.041136 0.783349 0.620219 0.596295 0.478832 -0.644323
8.966807 -52.797505 -143.650154 430.234144 -0.366373 0.908469 0.201134 -0.899447 -0.401136 0.173451 -0.238257 0.117362 -0.964085
-1.610256 -49.670812 667.047791 -363.836372 0.563252 -0.813135 -0.146829 0.822437 0.568836 0.004754 0.079656 -0.123436 0.989150
-4.213619 -49.703902 770.903147 286.916089 0.585442 -0.798131 -0.142282 0.809515 0.585044 0.049069 0.044078 -0.143907 0.988609
-1.495949 -49.838124 648.149260 575.257683 0.575314 -0.804204 -0.149231 0.817295 0.558014 0.143699 -0.032291 -0.204638 0.978305
3.032774 -847.930779 3593.170370 -249601.626150 0.806147 0.371721 0.460380 -0.282591 -0.441721 0.851484 -0.519874 0.816521 0.251047
-9.611857 -342.581132 2817.215111 -96135.470461 0.803303 0.443513 0.397493 -0.384462 -0.123561 0.914834 -0.454856 0.887710 -0.071257
-15.688510 -280.129203 663.407165 -80067.611173 0.789348 0.474273 0.389864 -0.424164 -0.037815 0.904796 -0.443863 0.879565 -0.171320
-26.392025 -73.254774 9386.675746 -4846.722783 -0.197348 -0.926577 -0.320170 0.975827 -0.154388 -0.154684 0.093896 -0.342957 0.934646
-47.681707 -78.591110 2558.172612 -1896.902608 -0.138350 -0.975195 -0.172781 0.988786 -0.126106 -0.079993 0.056220 -0.181911 0.981706
-40.775575 -63.511323 341.013805 -1543.178481 0.246780 -0.345189 -0.905508 -0.589410 0.688237 -0.422996 0.769217 0.638103 -0.033615
-42.500333 -63.313516 467.820041 -2306.529122 0.236523 -0.463393 -0.854005 -0.631840 0.594365 -0.497502 0.738129 0.657265 -0.152209
-42.666153 -65.646128 -362.940540 1854.656270 -0.248544 0.395699 0.884109 0.710269 -0.546151 0.444113 0.658592 0.738337 -0.145310
-42.236059 -62.050253 -209.557020 -245.179956 0.198015 -0.428623 -0.881517 -0.543244 0.700583 -0.462676 0.815890 0.570496 -0.094121
2.525843 -32.626364 10016.389358 -889.996993 0.047446 -0.786128 -0.616240 0.909599 0.288943 -0.298567 0.412770 -0.546365 0.728770
-14.221441 -26.338357 2017.717025 -1577.040102 0.097016 -0.836615 -0.539132 0.932416 0.265864 -0.244777 0.348120 -0.478948 0.805867
3.678280 -31.921583 10183.984524 -1380.346765 0.184772 -0.737518 -0.649558 0.930872 0.343299 -0.124993 0.315178 -0.581560 0.749967
-25.269088 -50.232441 -1783.687516 331.909826 -0.387495 0.916639 -0.098083 0.880974 0.336863 -0.332277 0.271538 0.215164 0.938068
-3.615179 -43.357006 -222.547586 162.955415 0.407253 0.792004 -0.454834 -0.562698 0.609843 0.558089 -0.719386 -0.028651 -0.694019
-2.326728 -43.056892 -13.006345 -141.294761 0.415203 0.778692 -0.470368 -0.516948 0.627405 0.582347 -0.748580 -0.001364 -0.663044
46.432571 -69.698647 -5978.011695 -4700.070921 0.480957 0.793888 -0.372051 -0.598631 -0.012683 -0.800924 0.640563 -0.607931 -0.469146
41.298754 -67.187440 -4969.486404 1070.901514 0.530415 0.767161 -0.360725 -0.511011 -0.050177 -0.858109 0.676408 -0.639489 -0.365413
61.738800 -77.037337 -6668.956220 -1778.873798 0.368493 0.884914 -0.284850 -0.659494 0.032884 -0.750991 0.655195 -0.464592 -0.595713
-7.193478 -97.302645 -289.159995 -1824.358957 0.281179 0.928013 0.244399 0.442551 0.100585 -0.891084 0.851520 -0.358713 0.382411
59.310384 -43.487404 17272.562494 -1462.227542 -0.002475 0.903437 0.428713 0.713955 -0.298585 0.633337 -0.700188 -0.307649 0.644274
23.788894 -42.441473 12518.983589 39.250146 0.021533 0.917994 0.396009 0.754139 -0.274960 0.596381 -0.656361 -0.285804 0.698216
7.625111 -39.788695 5811.658347 1883.979987 -0.029187 0.915393 0.401502 0.820973 -0.207187 0.532050 -0.570221 -0.345151 0.745466
-17.355494 -57.532898 -2002.146059 -2805.620576 0.439216 0.816123 -0.375543 0.325169 0.245261 0.913298 -0.837469 0.523250 0.157655
-17.950370 -51.517657 -1840.892415 -1578.919458 0.452309 0.790779 -0.412414 0.230564 0.343022 0.910591 -0.861543 0.506956 0.027173
4.933123 -1309.570749 -3072.698557 407845.231476 -0.560802 -0.120011 -0.819206 0.778636 0.259929 -0.571107 0.281474 -0.958141 -0.052323
-4.714536 -229.934070 -570.305872 38617.211239 -0.546699 -0.114506 -0.829463 0.657018 0.555441 -0.509718 0.519083 -0.823634 -0.228427
-27.628825 -49.739425 -317.309814 92.604054 0.442531 -0.876776 0.188230 0.858459 0.353511 -0.371589 0.259259 0.326027 0.909115
-28.244342 -48.720370 -579.604941 831.989572 -0.403236 0.904119 -0.141316 0.834105 0.299620 -0.463138 0.376391 0.304626 0.874947
5.633717 -387.898535 -1305.926772 9340.660137 0.421725 0.032369 0.906146 0.831836 -0.411504 -0.372442 0.360827 0.910833 -0.200467
9.946272 -506.027291 2236.099805 -103179.729393 -0.409345 -0.059325 -0.910449 -0.621013 0.749173 0.230396 0.668415 0.659712 -0.343512
1.764435 -411.026636 574.108299 -41116.185141 -0.396404 -0.083545 -0.914267 -0.291720 0.955702 0.039151 0.870496 0.282230 -0.403216
-21.774482 -51.470084 -14.633885 792.370158 0.329643 0.588823 -0.737986 -0.534079 -0.528277 -0.660063 0.778521 -0.611728 -0.140335
-13.770485 -43.073137 1147.126709 2851.527135 0.377417 0.830808 -0.409040 0.722479 -0.540484 -0.431163 0.579294 0.132795 0.804229
-16.406120 -45.709626 255.952843 1501.457389 0.468084 0.777801 -0.419432 0.647566 -0.624878 -0.436103 0.601295 0.067477 0.796173
-158.678912 -530.741564 32500.412058 -131216.073262 0.182398 -0.121656 -0.975669 0.983212 0.017408 0.181637 -0.005112 -0.992420 0.122789
-72.716245 -901.874925 -15720.715346 232697.270246 0.674969 0.097497 -0.731376 -0.615306 -0.472666 -0.630860 0.407204 -0.875832 0.259045
-155.320316 -477.501531 19819.108994 -104910.138180 0.507082 -0.090136 -0.857172 0.827767 0.328026 0.455193 0.240145 -0.940359 0.240947
-146.486235 -382.831322 13969.624865 -81604.204848 0.508533 -0.142622 -0.849149 0.852455 -0.055541 0.519841 -0.121303 -0.988218 0.093335
-0.083660 -221.819202 3634.567387 -55369.681694 -0.069995 0.017700 -0.997390 0.964282 -0.254851 -0.072194 -0.255464 -0.966818 0.000771
-5.296088 -147.908408 2816.025581 -35247.448497 0.019637 0.020479 -0.999597 0.963751 -0.266463 0.013474 -0.266079 -0.963628 -0.024969
-5.073153 -16.015110 -771.884324 -687.811539 -0.344041 -0.184518 -0.920646 -0.164665 0.977162 -0.134311 0.924403 0.105390 -0.366568
-1.079228 -12.806358 1316.581066 -329.248261 -0.279726 -0.546156 -0.789600 -0.267757 0.834178 -0.482134 0.921987 0.076555 -0.379578
-5.974399 -14.502062 1059.875261 589.718795 -0.245239 -0.622596 -0.743123 -0.343499 0.772605 -0.533938 0.906569 0.124319 -0.403334
-9.695040 -17.173080 -838.333326 -2059.590607 -0.420033 0.105587 -0.901346 -0.089605 0.983530 0.156971 0.903075 0.146698 -0.403653
6.469018 -31.733285 735.660855 5387.000416 0.030635 0.923793 -0.381664 0.508514 0.314329 0.801630 -0.860509 0.218639 0.460132
6.926241 -20.480717 1546.382843 3311.056786 -0.136972 0.780515 -0.609946 0.557304 0.569775 0.603960 -0.818932 0.257200 0.513028
21.259537 -45.277499 -7951.006870 -689.520382 0.040867 -0.235017 -0.971132 0.342489 0.916356 -0.207349 0.938633 -0.324128 0.117939
57.243825 -39.693318 -12093.866218 -3171.651169 0.042523 -0.166936 -0.985050 0.475999 0.870238 -0.126931 0.878417 -0.463485 0.116466
-10.340099 -57.535715 -11.079125 -9427.699754 0.695316 -0.711547 -0.101177 -0.577631 -0.469502 -0.667765 -0.427643 -0.522751 0.737464
1.636030 -173.206285 1461.748638 -15120.661276 0.471019 -0.862548 -0.184801 0.868062 0.415970 0.270992 -0.156872 -0.288061 0.944676
-0.400599 -59.636017 -324.531929 2007.779550 -0.669650 0.741766 0.036776 0.564418 0.476111 0.674352 -0.482702 -0.472337 0.737494
1.038149 -48.293193 666.737720 666.392471 -0.382138 0.892387 0.240033 -0.707504 -0.449623 0.545231 -0.594481 -0.038529 -0.803186
0.521496 -46.905302 133.899273 1240.431048 -0.348772 0.915365 0.201159 -0.704778 -0.397644 0.587509 -0.617775 -0.063134 -0.783816
-5.233318 -40.449437 514.331695 353.687310 -0.379390 0.902334 0.204588 0.912327 0.401646 -0.079626 -0.154021 0.156442 -0.975604
-5.443898 -39.169740 956.994142 472.819679 -0.383016 0.900010 0.208037 0.921425 0.388180 0.017088 -0.065377 0.198236 -0.977972
-8.044556 -40.973103 748.552604 -499.263204 -0.410424 0.889975 0.198737 -0.897342 -0.432946 0.085647 -0.162266 0.143184 -0.976303
-6.947305 -41.508065 778.325790 -762.616406 -0.392904 0.895578 0.208724 -0.884633 -0.430086 0.180143 -0.251101 0.113865 -0.961240
-8.463483 -156.222669 -2212.718908 22918.528361 0.642755 -0.721732 0.256843 0.748071 0.663577 -0.007405 -0.165091 0.196896 0.966425
-14.376578 -27.310935 -1964.918391 -715.477088 -0.553555 0.670494 0.493978 0.159678 -0.496691 0.853113 -0.817361 -0.551122 -0.167883
-37.043962 -51.771284 -15596.574789 1487.628899 0.003300 -0.164431 0.986383 -0.386994 0.909320 0.152879 -0.922076 -0.382229 -0.060634
-15.605436 -128.231459 4682.151896 -37945.695060 0.281894 -0.550919 0.785509 -0.300259 0.726931 0.617589 -0.911252 -0.409951 0.039499
-29.467876 -200.302091 2332.560833 73222.793917 0.378482 -0.658199 0.650788 -0.116224 0.663733 0.738884 -0.918283 -0.355292 0.174713
-31.440486 -185.867682 8205.528836 66116.776536 -0.377299 0.750904 -0.542022 -0.133000 0.535277 0.834140 -0.916491 -0.386809 0.102089
-39.610526 -199.127323 2782.106163 -64386.337462 -0.492136 0.839794 0.229233 0.083318 -0.216679 0.972681 -0.866522 -0.497791 -0.036666
-30.524271 -347.566270 -5889.213495 -110389.469498 -0.491769 0.781700 0.383546 0.059634 -0.409219 0.910486 -0.868681 -0.470621 -0.154625
-15.017828 -43.000308 3084.045470 612.779802 -0.483724 0.703500 0.520671 0.862319 0.281314 0.421033 0.149725 0.652649 -0.742720
-13.629931 -40.881047 2900.192145 703.827931 -0.505914 0.699768 0.504356 0.821265 0.211964 0.529713 0.263771 0.682199 -0.681930
-18.307484 -41.490865 253.966364 651.771880 -0.527953 0.727806 0.437681 0.814711 0.288504 0.503002 0.239815 0.622145 -0.745268
-21.204582 -661.049635 5260.801237 -66968.212043 0.853978 0.296299 0.427701 -0.226754 0.951784 -0.206617 -0.468299 0.079463 0.879989
-28.323405 -623.557111 41.111633 109099.430604 0.802744 0.206690 0.559358 0.467688 -0.800159 -0.375518 -0.369960 -0.563050 0.738989
-14.980404 -1180.014798 456.869087 285236.570374 0.732427 0.429130 0.528581 0.610074 -0.758317 -0.229706 -0.302259 -0.490717 0.817213
-12.558742 -119.051660 224.803359 -2072.870415 0.732936 -0.675758 -0.078460 -0.119341 -0.014173 -0.992752 -0.669749 -0.736987 0.091034
-9.356345 -74.471983 10706.686869 -5277.791448 -0.234005 -0.883335 -0.406153 0.963754 -0.155694 -0.216652 0.128141 -0.442129 0.887751
-10.482967 -75.149413 -7998.364522 8712.792327 0.245351 0.907602 0.340679 0.866694 -0.047913 -0.496534 0.434332 -0.417089 0.798369
-45.742411 -66.739210 139.273602 1741.955571 -0.220886 0.499800 0.837502 0.738527 -0.475152 0.478340 0.637015 0.724176 -0.264161
-46.806443 -66.772622 -668.557453 -1455.558202 0.174316 -0.518467 -0.837142 -0.627900 0.596364 -0.500092 0.758522 0.612815 -0.221589
32.206030 -42.224252 -14229.622023 -205.636433 0.089875 0.823280 0.560475 0.755998 0.309964 -0.576533 0.648375 -0.475533 0.594540
7.468220 -39.541123 -8385.174060 -779.856954 0.189162 0.851086 0.489766 0.771829 0.179470 -0.609976 0.607041 -0.493400 0.622943
24.705918 -40.068972 -14063.750960 -379.011518 0.058680 0.810114 0.583328 0.821386 0.292911 -0.489417 0.567347 -0.507856 0.648228
161.383132 -119.885911 4430.721721 -4953.670469 -0.616241 0.786604 0.038744 0.715450 0.579706 -0.389964 0.329208 0.212592 0.920015
179.468330 -104.962791 -34791.143133 -8417.120961 0.685807 -0.633572 0.358127 0.727726 0.603135 -0.326563 -0.009098 0.484577 0.874701
164.573568 -119.393221 -40584.890717 4103.266445 0.763628 -0.591289 0.259326 -0.617034 -0.550062 0.562761 0.190109 0.589753 0.784888
540.839075 -48.115626 -155436.525249 2566.816746 -0.521856 0.852943 -0.012458 0.531771 0.336703 0.777078 -0.666998 -0.398898 0.629280
235.526235 -33.298094 21772.693221 -864.500197 -0.009758 0.893735 -0.448489 0.427301 0.409225 0.806194 -0.904057 0.183773 0.385887
220.190101 -32.812606 24702.290124 1851.350369 0.039276 0.908121 -0.416862 0.574944 0.320668 0.752736 -0.817250 0.269236 0.509524
3502.260892 -200.463056 1068247.886559 26821.206542 0.390566 0.554491 -0.734846 0.572021 0.479259 0.665659 -0.721284 0.680331 0.129999
175.534628 -34.159999 18871.038983 1576.913169 0.030084 0.932096 -0.360959 0.656433 0.253908 0.710371 -0.753784 0.258316 0.604220
325.061485 -33.579953 -84080.793643 790.079102 -0.373201 0.927165 -0.032949 0.615455 0.273995 0.739014 -0.694216 -0.255523 0.672884
