16367
32726
-19.411257 -30.535889 -266.156137 1950.562627 0.759277 -0.048971 -0.648922 -0.650606 -0.079338 -0.755260 0.014499 -0.995644 0.092100
-23.295747 -37.775087 -98.542976 1649.148439 0.831411 -0.022233 -0.555213 -0.543288 -0.242191 -0.803854 0.116596 -0.969974 0.213439
-25.120357 -41.263868 67.773673 2623.737673 0.971989 0.011544 -0.234743 -0.226304 -0.223613 -0.948042 0.063436 -0.974610 0.214737
-20.723102 -34.085043 -212.222432 -1714.416685 0.647321 0.018064 -0.762003 0.746683 0.185775 0.638711 0.153099 -0.982426 0.106768
-19.065869 -35.049963 -552.395567 3388.799094 0.966908 -0.074677 -0.243953 -0.249080 -0.069347 -0.965997 -0.055220 -0.994794 0.085653
-15.075050 -23.250409 -545.814650 1723.347935 0.749101 -0.092528 -0.655962 -0.654079 0.053664 -0.754520 -0.105016 -0.994263 0.020321
-15.897186 -24.198932 147.198547 -763.624693 0.363581 0.003688 -0.931555 0.931563 -0.002134 0.363575 -0.000647 -0.999991 -0.004212
-17.456445 -28.238508 119.580416 -1333.409991 0.514363 0.001543 -0.857571 0.855464 0.069152 0.513224 0.060095 -0.997605 0.034249
50.800198 -46.008350 9456.097984 -2006.104249 -0.635103 0.139978 0.759638 0.073228 0.989925 -0.121189 -0.768948 -0.021340 -0.638955
61.947178 -41.373438 7833.442740 -1196.148303 -0.738849 0.223847 0.635606 0.042639 0.956855 -0.287419 -0.672520 -0.185258 -0.716517
76.585878 -50.967370 8137.315846 -2267.506049 -0.802961 0.163945 0.573040 0.101160 0.984964 -0.140047 -0.587384 -0.054484 -0.807473
73.389111 -55.677743 10442.651662 -2219.100528 -0.751484 0.084410 0.654329 0.161042 0.985251 0.057853 -0.639795 0.148850 -0.753993
29.254439 -44.838930 9186.806700 -973.247526 -0.566657 0.065075 0.821380 0.139909 0.989999 0.018087 -0.811988 0.125168 -0.570095
6.730578 -27.784929 2166.249318 5457.385532 0.346314 0.066484 -0.935760 0.859173 -0.422996 0.287917 -0.376681 -0.903689 -0.203611
7.149188 -15.405362 3587.810021 958.585084 0.238922 0.200534 -0.950106 0.880633 -0.457014 0.124992 -0.409147 -0.866559 -0.285788
-1.066847 -18.432416 2458.991686 979.827286 0.288146 0.150561 -0.945676 0.861175 -0.472599 0.187156 -0.418747 -0.868321 -0.265837
-25.816313 -46.526238 1698.508939 -1165.787795 0.038362 0.947808 -0.316527 0.925497 0.085745 0.368921 -0.376807 0.307097 0.873904
-17.492511 -38.191143 2729.859467 -2090.589883 -0.121887 0.863184 -0.489956 0.846556 0.348113 0.402691 -0.518156 0.365693 0.773164
-27.044883 -42.083589 1487.750018 -2649.319424 -0.093879 0.948032 -0.304010 0.821725 0.246187 0.513965 -0.562098 0.201563 0.802133
-19.992956 -34.881941 3582.063692 -2065.080238 -0.295002 0.786419 -0.542695 0.699761 0.564562 0.437725 -0.650621 0.250627 0.716853
4.355319 -22.351804 -773.269160 808.238933 0.572528 -0.148763 -0.806276 0.683787 0.629238 0.369452 0.452379 -0.762843 0.461979
3.309720 -23.536330 -434.128632 -639.280796 0.557735 -0.151587 -0.816059 0.679322 0.648293 0.343858 0.476921 -0.746149 0.464552
5.139711 -20.592068 260.208201 1243.880805 0.571572 -0.106348 -0.813631 0.670617 0.631930 0.388507 0.472842 -0.767694 0.432512
-4.043471 -30.830470 -1005.339085 2228.166810 0.669907 -0.101644 -0.735455 0.734708 -0.051877 0.676397 -0.106905 -0.993467 0.039926
-4.188141 -29.000312 -680.407705 328.579936 0.658521 -0.080910 -0.748201 0.718987 -0.226010 0.657249 -0.222279 -0.970759 -0.090659
-5.249392 -30.875310 -687.241048 1845.484839 0.659546 -0.073296 -0.748082 0.747318 -0.042939 0.663078 -0.080723 -0.996385 0.026456
-5.420523 -30.035697 -1008.580821 172.183972 0.678348 -0.081544 -0.730202 0.732808 0.003049 0.680428 -0.053259 -0.996665 0.061824
50.377621 -49.256950 5262.900017 -4512.419934 -0.810865 -0.266666 0.520949 -0.099407 0.939979 0.326432 -0.576729 0.212906 -0.788704
38.198693 -49.588428 4740.369193 -4793.394906 -0.701366 -0.252552 0.666560 -0.074575 0.955995 0.283746 -0.708889 0.149301 -0.689337
50.001712 -41.956341 5503.793920 -3108.785266 -0.778428 -0.274188 0.564687 -0.152075 0.955138 0.254137 -0.609035 0.111953 -0.785203
51.321333 -41.057752 2329.247974 -1193.912488 -0.912079 -0.216386 0.348265 -0.115397 0.950538 0.288378 -0.393439 0.222835 -0.891936
51.489722 -34.380362 3781.636261 -37.505824 -0.826346 -0.263148 0.497901 -0.168496 0.959143 0.227274 -0.537365 0.103913 -0.836923
2.811169 -53.083876 238.548719 182.900035 0.997121 0.023053 0.072233 0.072198 -0.579707 -0.811620 -0.023164 -0.814499 0.579703
2.073452 -48.397799 119.171575 1308.775031 0.999610 0.006328 0.027199 0.027696 -0.349311 -0.936597 -0.003574 -0.936985 0.349350
2.353533 -47.643807 -873.386721 291.771320 0.997526 -0.019211 0.067623 0.050788 -0.468161 -0.882183 -0.048606 -0.883434 0.466027
1.976611 -51.549885 -1204.861576 1061.078022 0.989480 -0.012546 0.144127 0.108055 -0.598346 -0.793918 -0.096198 -0.801140 0.590696
-1.002022 -42.908068 -987.270931 980.951974 0.997557 -0.020324 0.066835 0.052760 -0.407883 -0.911509 -0.045786 -0.912808 0.405814
-2.862281 -60.808659 -404.933074 677.527219 0.930509 -0.265709 -0.252095 -0.095883 0.487564 -0.867806 -0.353496 -0.831673 -0.428206
-1.571370 -60.125199 10.060810 632.444543 0.941678 -0.241473 -0.234379 -0.124932 0.395851 -0.909777 -0.312466 -0.885998 -0.342596
-2.559072 -62.371388 -237.724759 1758.100235 0.937684 -0.259848 -0.230712 -0.145912 0.308137 -0.940086 -0.315370 -0.915167 -0.251020
-0.754025 -43.870046 279.415383 -24.522813 0.807815 0.185866 -0.559364 -0.330680 0.928480 -0.169041 0.487940 0.321525 0.811503
-1.334552 -42.114893 345.445116 187.387430 0.804716 0.181433 -0.565256 -0.384943 0.884326 -0.264170 0.451942 0.430173 0.781473
-1.641294 -42.116809 73.703426 -730.645412 0.796083 0.214652 -0.565841 0.471918 -0.805522 0.358367 0.378874 0.552321 0.742561
-0.819179 -43.366129 559.058874 -135.099906 0.804613 0.152762 -0.573814 -0.256180 0.961087 -0.103358 0.535696 0.230163 0.812438
0.260838 -44.153116 119.773379 -86.121536 0.817085 0.157120 -0.554694 -0.194449 0.980875 -0.008593 0.542735 0.114881 0.832010
-0.024740 -44.781969 -371.233524 -263.308755 0.818901 0.174982 -0.546611 -0.251111 0.965631 -0.067082 0.516086 0.192193 0.834696
-12.607219 -21.722098 761.543040 743.512039 -0.311873 -0.408739 0.857710 0.886564 -0.449823 0.108003 0.341673 0.794098 0.502661
-12.435624 -23.466747 586.152872 -209.851193 -0.308536 -0.379394 0.872276 0.917545 -0.360519 0.167742 0.250832 0.852107 0.459344
-8.516571 -22.592159 688.286372 192.751167 -0.457557 -0.373435 0.806962 0.850760 -0.447750 0.275187 0.258553 0.812445 0.522575
-8.995131 -21.759273 878.700150 864.447931 -0.472204 -0.381229 0.794788 0.813325 -0.536089 0.226077 0.339890 0.753175 0.563206
-11.904844 -21.389001 939.237218 1017.164010 -0.422660 -0.381422 0.822117 0.814627 -0.557424 0.160192 0.397167 0.737425 0.546317
-14.802687 -21.194985 1006.990119 645.763912 -0.233511 -0.449782 0.862072 0.875381 -0.483202 -0.014992 0.423298 0.751141 0.506563
-0.078412 -28.115203 -63.218754 31.390974 0.733827 0.243070 -0.634362 0.643270 -0.548846 0.533828 0.218409 0.799803 0.559117
0.137773 -27.427143 -148.891678 275.466533 0.725438 0.251175 -0.640821 0.651902 -0.549444 0.522623 0.220825 0.796883 0.562329
0.690235 -27.574005 -37.762617 1596.617211 0.715381 0.258016 -0.649352 0.671929 -0.508969 0.538018 0.191682 0.821206 0.537475
-0.210055 -28.727635 -140.367864 1836.097352 0.726067 0.249991 -0.640571 0.661264 -0.509307 0.550760 0.188562 0.823475 0.535101
-6.246342 -51.660934 423.249556 1512.983925 0.087036 0.987867 -0.128622 -0.663575 -0.038810 -0.747103 0.743030 -0.150375 -0.652146
-6.277607 -58.633189 451.550735 2115.749190 0.105126 0.988526 -0.108462 -0.486259 -0.044042 -0.872704 0.867468 -0.144484 -0.476050
-6.588228 -54.594506 431.076495 2103.608314 0.110652 0.984537 -0.135803 -0.590926 -0.044692 -0.805487 0.799101 -0.169378 -0.576844
-6.964016 -49.535419 515.208610 1153.123459 0.096927 0.984623 -0.145335 -0.710928 -0.033702 -0.702457 0.696553 -0.171410 -0.696730
15.162802 -31.777844 -6477.310519 -1050.769682 -0.530475 -0.158894 0.832676 0.824228 0.132874 0.550448 -0.198104 0.978313 0.060478
14.741712 -27.891022 -3511.117038 -857.632725 -0.596404 -0.208047 0.775254 0.747091 0.209307 0.630908 -0.293525 0.955462 0.030599
-6.115079 -28.787501 -858.869138 -1411.658392 -0.427037 -0.184456 0.885220 0.862396 0.211257 0.460047 -0.271867 0.959868 0.068860
160.624686 -30.574363 32225.609152 -154.784457 0.732180 0.154798 -0.663288 0.658344 0.088838 0.747456 -0.174630 0.983944 0.036865
49.195370 -30.821883 -14485.072463 203.076435 -0.604395 -0.067831 0.793792 0.796659 -0.043446 0.602865 -0.006406 0.996750 0.080297
15.698282 -56.711340 1310.709688 -3578.668910 -0.187976 0.981812 -0.026665 -0.970840 -0.181626 0.156465 -0.148777 -0.055299 -0.987323
14.152050 -66.639085 1362.318640 -4849.130815 -0.164697 0.985402 -0.043112 -0.910406 -0.135054 0.391052 -0.379521 -0.103654 -0.919358
16.516986 -66.807407 -762.878684 -4520.056301 -0.188556 0.972316 -0.138015 -0.954775 -0.148599 0.257534 -0.229895 -0.180332 -0.956362
11.352739 -65.998031 2327.807306 -3837.308531 -0.162654 0.986009 0.036468 -0.941703 -0.166165 0.292549 -0.294516 -0.013242 -0.955555
17.019269 -54.712787 -1255.141606 -564.107736 -0.192796 0.967572 -0.163199 0.978583 0.177367 -0.104483 -0.072149 -0.179847 -0.981045
14.151756 -58.534143 2470.781591 -1036.601149 -0.178715 0.982769 0.047181 -0.979778 -0.182147 0.082807 -0.089974 0.031428 -0.995448
15.710736 -53.290568 693.542751 -1883.025762 -0.184190 0.981201 -0.057609 0.981669 0.180723 -0.060550 -0.049000 -0.067706 -0.996501
24.991470 -11.083073 709.108577 -546.126203 0.822833 -0.495747 -0.277815 -0.457778 -0.288554 -0.840937 -0.336728 -0.819128 0.464374
25.011255 -15.529547 -229.458792 -1300.989583 0.809009 -0.549157 -0.209596 -0.413012 -0.277358 -0.867464 -0.418241 -0.788353 0.451193
24.553063 -12.142703 -922.120209 -798.124243 0.765015 -0.600384 -0.233003 -0.478199 -0.287229 -0.829955 -0.431366 -0.746350 0.506838
22.075927 -17.821790 -1785.767710 -1623.875027 0.734830 -0.659304 -0.159192 -0.437619 -0.281562 -0.853939 -0.518183 -0.697166 0.495425
-193.390624 -1181.447837 -112733.381356 -1971130.274241 -0.078150 0.958838 0.272989 0.710057 -0.138676 0.690354 -0.699794 -0.247788 0.669992
11725.846534 -23971.239624 -10857965.234713 17532508.992910 0.958215 0.135218 -0.252070 -0.224751 -0.189218 -0.955868 0.176947 -0.972580 0.150921
-27.944022 -5026.350654 -1619.127610 203514.976502 0.359439 0.933102 -0.011182 0.413279 -0.169919 -0.894610 0.836663 -0.316936 0.446707
-317.270752 -44977.687337 -60074.205767 -43258117.274842 0.004672 0.997830 -0.065683 0.957868 -0.023328 -0.286258 0.287169 0.061578 0.955898
-0.736118 -17.204865 344.016645 428.378006 0.887671 -0.205608 -0.412026 0.187672 0.978631 -0.084032 0.420499 -0.002733 0.907289
-3.677984 -17.796605 694.603773 443.810792 0.901550 -0.077241 -0.425725 0.047717 0.995684 -0.079601 0.430036 0.051450 0.901345
-3.444462 -20.557077 943.626221 648.809003 0.881089 -0.216750 -0.420358 0.211782 0.975528 -0.059108 0.422883 -0.036945 0.905431
0.280409 -19.396421 432.972587 678.223631 0.869587 -0.273688 -0.410990 0.274936 0.959748 -0.057398 0.410156 -0.063084 0.909831
1.479006 -17.711608 213.894583 497.771838 0.865296 -0.296106 -0.404456 0.290239 0.953822 -0.077363 0.408687 -0.050447 0.911279
-9.337044 -20.384191 -339.059517 270.468219 0.773233 0.240714 0.586658 0.233001 0.752583 -0.615898 0.589764 -0.612924 -0.525835
-8.479231 -20.994134 -448.757793 248.856422 0.785523 0.198098 0.586269 0.293540 0.714737 -0.634811 0.544783 -0.670752 -0.503293
-7.767016 -20.375163 -302.861546 135.911472 0.789718 0.171407 0.589037 0.276581 0.757571 -0.591260 0.547584 -0.629846 -0.550859
-7.637327 -18.857771 235.379775 422.275403 -0.777066 -0.211807 -0.592710 0.194478 0.814805 -0.546142 0.598620 -0.539657 -0.591966
-7.052170 -19.392569 -292.515643 230.157951 0.787568 0.134813 0.601300 0.260035 0.811938 -0.522626 0.558676 -0.567963 -0.604401
-1.954515 -36.112160 283.587626 -166.036536 -0.501252 -0.193248 0.843446 -0.140077 0.980008 0.141291 -0.853888 -0.047325 -0.518301
-1.498770 -36.438987 361.173199 -658.113361 -0.506902 -0.218956 0.833732 -0.102053 0.975644 0.194177 -0.855941 0.013344 -0.516901
-2.145304 -35.120764 177.159869 -44.941169 -0.520187 -0.200184 0.830260 -0.200414 0.973609 0.109181 -0.830205 -0.109601 -0.546578
-2.468992 -33.712679 -68.628837 138.682693 -0.541619 -0.177372 0.821698 -0.299936 0.953924 0.008213 -0.785295 -0.242009 -0.569863
-2.742000 -34.950282 2.909346 583.187925 -0.516113 -0.179269 0.837550 -0.251706 0.966419 0.051747 -0.818701 -0.184109 -0.543904
-1.098829 -87.194736 482.451454 -375.109195 -0.937796 0.192935 0.288644 0.173902 0.980600 -0.090450 -0.300495 -0.034628 -0.953155
0.192348 -93.289137 580.532055 -823.921823 -0.935985 0.181452 0.301675 0.183515 0.982776 -0.021744 -0.300425 0.035010 -0.953163
-1.158047 -93.819770 6.610034 782.563919 -0.949315 0.165594 0.267169 0.216825 0.960362 0.175192 -0.227568 0.224241 -0.947591
-2.512390 -88.595177 -262.117579 1162.654161 0.949246 -0.160569 -0.270463 0.216317 0.957507 0.190755 -0.228340 0.239580 -0.943643
22.216848 -173.716944 1419.410576 18153.787645 0.338311 0.688561 -0.641427 -0.464651 0.714962 0.522426 0.818318 0.121297 0.561821
32.912838 -160.333515 3626.045037 9873.604274 0.255964 0.700145 -0.666542 -0.033689 -0.682633 -0.729984 0.966099 -0.209305 0.151142
39.652207 -163.689891 3259.419971 927.504881 0.440908 0.608637 -0.659668 -0.125830 0.769619 0.625982 0.888689 -0.192994 0.415916
-54.949767 -81.318508 12544.956026 6329.077966 0.931315 -0.310313 -0.190677 0.331840 0.938734 0.093069 0.150114 -0.149951 0.977231
-61.791181 -72.139890 11669.842266 6884.069681 0.979670 -0.069648 -0.188140 0.043350 0.989139 -0.140444 0.195878 0.129433 0.972049
-73.404503 -88.328784 7416.276066 -10202.642328 0.825714 -0.561318 0.055840 -0.563156 -0.825991 0.024394 -0.032431 0.051589 0.998142
-27.900203 -40.148328 164.311376 -52.516266 0.667092 -0.005670 -0.744954 0.208232 0.961532 0.179150 0.715282 -0.274633 0.642611
-27.928859 -39.285363 -238.026453 707.511170 0.602019 0.122616 -0.789011 0.028050 0.984282 0.174364 0.797989 -0.127102 0.589117
-26.653271 -39.135945 260.368520 841.262399 0.678372 -0.020922 -0.734420 0.092859 0.994020 0.057455 0.728827 -0.107174 0.676259
-28.066998 -39.893708 327.885143 -180.054537 0.743808 -0.110659 -0.659169 0.231847 0.967684 0.099166 0.626894 -0.226587 0.745428
23.020927 -17.137532 -3092.774334 -521.932135 0.758069 0.571159 0.314816 -0.326733 0.750377 -0.574613 -0.564426 0.332735 0.755454
8.353857 -20.214031 -1632.309393 -297.710674 0.589593 0.790590 0.165372 0.605414 -0.568098 0.557440 -0.534653 0.228544 0.813581
7.252498 -22.676459 -3550.436255 149.269761 0.615053 0.737864 0.277968 0.488438 -0.633291 0.600309 -0.618981 0.233452 0.749908
17.712266 -14.028002 -1323.030084 -97.949781 0.734561 0.641756 0.220384 -0.444565 0.700547 -0.558208 -0.512623 0.312063 0.799896
19.623899 -21.611373 -4872.654524 -436.419984 0.702748 0.585905 0.403561 -0.256314 0.737661 -0.624628 -0.663663 0.335517 0.668565
31.971568 -19.175797 -2484.826380 -488.080251 0.830006 0.450836 0.328385 -0.175149 0.769660 -0.613959 -0.529540 0.452073 0.717786
32.261631 -14.939202 -2367.308701 -906.372321 0.847720 0.437573 0.299834 -0.221684 0.805775 -0.549166 -0.481899 0.399071 0.780074
27.135275 -12.086636 -3085.421829 -460.421997 0.815436 0.494229 0.301333 -0.284540 0.795580 -0.534874 -0.504084 0.350414 0.789372
97.544552 -28.843187 -18088.917947 -2313.613413 0.656038 -0.499987 0.565357 0.693813 0.104699 -0.712504 0.297050 0.859681 0.415583
35.238902 -37.145091 -5313.256658 1040.035543 0.709512 -0.460850 0.533113 -0.644925 -0.119745 0.754806 0.284015 0.879362 0.382174
102.596221 -31.596856 -19406.192130 -1166.990420 0.646511 -0.485726 0.588297 0.662205 -0.025618 -0.748884 0.378824 0.873736 0.305088
132.515534 -23.790139 -18726.091245 -2181.718968 0.455578 -0.702400 0.546884 0.703857 -0.091896 -0.704372 0.545008 0.705825 0.452523
203.239223 -33.801141 -39801.619693 -2589.727988 0.593163 -0.534412 0.602131 0.656998 -0.110950 -0.745684 0.465309 0.837910 0.285296
0.677543 -10.455707 -46.387319 -1284.530675 0.942731 0.186944 0.276243 -0.041221 0.887128 -0.459680 0.330997 -0.421967 -0.844029
-1.919622 -16.301458 359.442693 -1554.135573 0.918578 0.327216 0.221685 -0.194543 0.862559 -0.467060 0.344046 -0.385903 -0.855985
-0.881880 -16.316702 429.952939 -1321.334342 0.935346 0.211184 0.283778 -0.074841 0.902218 -0.424738 0.345728 -0.376038 -0.859691
0.941324 -7.746212 -182.949461 -1786.964765 0.899888 0.408660 0.152313 -0.269431 0.795559 -0.542671 0.342942 -0.447305 -0.826020
2.557444 -30.693430 89.369166 -151.950123 0.828025 0.384106 0.408458 0.551773 -0.428807 -0.715312 0.099606 -0.817672 0.567002
2.507141 -31.476539 -60.800636 -214.603312 0.830402 0.382106 0.405497 0.540832 -0.377870 -0.751475 0.133918 -0.843332 0.520439
2.844472 -30.991889 74.208293 -26.860867 0.839518 0.371251 0.396714 0.518237 -0.327802 -0.789922 0.163216 -0.868745 0.467592
2.948679 -30.027810 -114.692144 -96.467258 0.837400 0.349384 0.420348 0.540524 -0.415065 -0.731816 0.081213 -0.840031 0.536426
-3.409254 -24.363372 -115.872151 2601.282885 0.664541 0.474341 0.577396 0.641281 -0.758669 -0.114808 -0.383594 -0.446568 0.808352
-5.153961 -33.303886 65.468366 3762.022387 0.695266 0.456561 0.555119 0.607167 -0.786401 -0.113673 -0.384647 -0.416082 0.823967
-5.121701 -41.493305 -333.925068 -5966.030436 0.651475 0.486376 0.582253 -0.626955 0.777306 0.052183 -0.427208 -0.399042 0.811331
-4.054189 -35.030288 611.582481 4232.508879 -0.636965 -0.485371 -0.598907 0.650547 -0.755262 -0.079801 -0.413599 -0.440448 0.796832
-5.188732 -49.877804 -662.628945 -5528.165130 0.621031 0.490535 0.611307 -0.567446 0.819412 -0.081053 -0.540671 -0.296547 0.787232
-4.068890 -45.873154 209.228038 412.224810 0.740835 0.497252 0.451556 0.198254 0.480444 -0.854324 0.641762 -0.722436 -0.257347
-2.211565 -43.142453 295.872155 34.197574 0.728614 0.484551 0.484079 0.173022 0.553627 -0.814592 0.662710 -0.677280 -0.319542
-0.711975 -43.652017 388.163617 456.822074 0.719600 0.483262 0.498631 0.293665 0.438912 -0.849186 0.629235 -0.757505 -0.173924
-1.473999 -50.622949 491.301447 1119.106506 0.726646 0.499507 0.471676 0.347882 0.324507 -0.879587 0.592422 -0.803236 -0.062032
-4.047361 -50.559064 305.691557 1150.951472 0.745834 0.502895 0.436839 0.311433 0.316453 -0.896028 0.588848 -0.804334 -0.079403
-5.229350 -49.099254 349.647373 1350.600259 0.757103 0.498534 0.422208 0.244636 0.382905 -0.890807 0.605763 -0.777720 -0.167939
-5.979310 -45.226150 137.525473 149.839870 0.764818 0.487138 0.421603 0.134908 0.518804 -0.844181 0.629963 -0.702523 -0.331073
-0.218188 -30.764491 140.981290 -566.130636 0.756141 0.462261 0.463212 0.647110 -0.633585 -0.424049 -0.097463 -0.620390 0.778214
-0.222825 -30.089954 77.219918 -375.576995 0.748477 0.464546 0.473265 0.639243 -0.695334 -0.328450 -0.176497 -0.548368 0.817399
0.091865 -30.796509 -169.706850 -699.483779 0.738653 0.462907 0.490009 0.655263 -0.663666 -0.360802 -0.158184 -0.587592 0.793545
25.403686 -14.030070 2323.651034 681.022255 0.974299 0.196636 0.109887 0.120100 -0.866170 0.485103 -0.190570 0.459438 0.867525
16.706879 -14.730322 4165.660595 513.038217 0.996791 0.079892 0.004969 0.069097 -0.890123 0.450452 -0.040411 0.448663 0.892787
19.240997 -9.759361 838.366055 293.985188 0.978090 0.137206 0.156570 0.059049 -0.904038 0.423353 -0.199632 0.404832 0.892333
24.745492 -9.485160 -1360.070903 -77.822384 0.934707 0.270595 0.230435 0.130959 -0.864944 0.484481 -0.330411 0.422671 0.843906
17.109076 -8.106551 1390.006557 414.287026 0.986896 0.045624 0.154771 -0.011856 -0.936096 0.351545 -0.160919 0.348773 0.923289
17.113845 -4.901664 -1510.148956 425.194844 0.950904 0.135493 0.278251 0.028649 -0.933749 0.356779 -0.308158 0.331291 0.891788
17.905464 -5.840056 -1737.109779 535.340404 0.922252 0.292118 0.253216 0.165300 -0.890080 0.424775 -0.349467 0.349893 0.869165
13.336570 -43.580510 -197.149100 608.558863 0.688717 -0.453864 0.565400 -0.650676 -0.042915 0.758142 0.319829 0.890037 0.324875
12.192477 -50.047160 541.465423 -55.656467 0.716417 -0.419407 0.557534 -0.589332 0.063918 0.805359 0.373410 0.905545 0.201378
16.137853 -49.418995 844.110806 414.271366 0.643251 -0.469199 0.605046 -0.603575 0.175468 0.777759 0.471090 0.865484 0.170327
-4.423294 -25.531757 -70.480658 -197.787165 0.807629 0.364050 0.463900 0.572895 -0.297973 -0.763547 0.139739 -0.882429 0.449214
-5.026676 -28.054809 55.469251 -798.046186 0.790503 0.372021 0.486524 0.577060 -0.186264 -0.795178 0.205201 -0.909344 0.361921
-5.023780 -27.658385 101.736156 -942.671745 0.788283 0.380788 0.483333 0.583173 -0.211799 -0.784252 0.196265 -0.900079 0.389023
-4.436279 -19.665327 -268.066285 109.705589 0.936907 0.249396 0.244964 0.075495 -0.828553 0.554798 -0.341330 0.501300 0.795105
-4.984392 -19.218251 -392.305261 598.751389 0.928394 0.302767 0.215445 0.117747 -0.789594 0.602227 -0.352449 0.533735 0.768704
-4.250754 -20.751908 -310.290211 507.423911 0.915846 0.337883 0.216937 0.149681 -0.788622 0.596381 -0.372588 0.513722 0.772831
-3.454536 -20.172027 -398.857683 -147.632468 0.922428 0.288779 0.256386 0.112163 -0.835650 0.537688 -0.369522 0.467221 0.803217
19.036246 -11.276464 -699.740128 610.320029 0.805643 0.325190 -0.495168 0.563249 -0.161497 0.810351 -0.183550 0.931756 0.313272
14.795953 -18.681556 -1691.018586 2777.975758 0.879891 0.362697 -0.306991 0.400517 -0.218446 0.889869 -0.255692 0.905943 0.337475
18.260264 -12.586059 -640.154263 1603.085908 0.854930 0.289464 -0.430472 0.488019 -0.167451 0.856620 -0.175877 0.942428 0.284422
14.439437 -20.032515 -820.811569 2628.105554 0.923840 0.276046 -0.265175 0.319429 -0.174261 0.931449 -0.210913 0.945215 0.249166
18.601954 -10.541626 28.768942 1272.815593 0.868054 0.191384 -0.458098 0.486213 -0.141131 0.862368 -0.100392 0.971316 0.215563
-4.168263 -65.763621 219.262194 695.735193 0.824375 0.531816 0.193852 -0.535426 0.843737 -0.037766 -0.183645 -0.072660 0.980304
-2.944202 -59.413674 -106.568919 809.297263 0.819968 0.529029 0.218586 -0.539922 0.841635 -0.011576 -0.190094 -0.108527 0.975749
-4.612335 -65.782808 201.780626 -485.333934 0.786041 0.585665 0.197827 0.617135 -0.761997 -0.196227 -0.035820 -0.276329 0.960395
-3.566202 -62.528645 -379.396841 -710.199049 0.781249 0.575591 0.241546 0.624210 -0.718306 -0.307242 0.003341 -0.390808 0.920466
-5.568422 -67.789456 231.619464 193.435665 0.755151 0.621559 0.208352 0.640564 -0.632057 -0.436098 0.139370 -0.462783 0.875447
-6.077576 -73.548526 85.636072 -17.938543 0.751208 0.625160 0.211805 0.652487 -0.654828 -0.381393 0.099736 -0.424705 0.899821
-4.427471 -14.070945 -438.909000 928.205697 -0.263838 0.030572 0.964082 0.963936 -0.027796 0.264679 0.034889 0.999146 -0.022136
-4.766173 -12.470811 164.548491 765.832603 -0.227648 0.041945 0.972840 0.973737 0.006151 0.227593 0.003562 0.999101 -0.042244
-4.318275 -17.476390 -131.320358 936.637937 -0.034009 0.024780 0.999114 0.998557 0.042419 0.032938 -0.041565 0.998793 -0.026187
35.121107 -235.605836 -14076.891378 -28401.981014 0.447702 0.628857 -0.635690 0.182556 0.631662 0.753443 0.875349 -0.453367 0.167995
527.707076 -2116.974428 -63957.095043 570236.965257 0.548971 0.603125 -0.578680 -0.558180 0.779863 0.283284 0.622147 0.167493 0.764774
-154.769825 -2659.937247 6523.922109 583796.793958 0.275318 -0.473274 -0.836786 -0.108575 0.849549 -0.516215 0.955202 0.232978 0.182510
669.298423 -1500.593209 -177907.521417 1130232.069654 0.730772 0.657195 -0.184570 0.289464 -0.543210 -0.788120 0.618209 -0.522510 0.587198
-6.313058 -586.020696 40968.620029 -108450.616393 -0.002454 0.514697 -0.857368 0.487405 0.749251 0.448397 0.873173 -0.416785 -0.252705
130.019050 -960.134548 14191.422921 231289.911066 0.451697 0.681568 -0.575704 -0.565225 -0.280647 -0.775730 0.690283 -0.675797 -0.258472
5.377655 -297.130005 -2890.850336 39277.839156 0.648010 0.676128 -0.350620 -0.387465 -0.103677 -0.916036 0.655709 -0.729453 -0.194793
71.596761 -246.972698 42100.085635 61836.378936 0.354027 0.674842 -0.647498 -0.574179 -0.389662 -0.720057 0.738230 -0.626699 -0.249529
-6.582519 -382.720023 637.511512 17939.960647 0.854936 0.515554 -0.057337 0.513480 -0.825403 0.234623 -0.073635 0.230029 0.970394
26.716231 -128.527118 11757.161649 23416.744670 0.962093 0.098005 -0.254505 0.186037 -0.918213 0.349679 0.199419 0.383771 0.901638
76.074958 -928.962242 -11423.425523 -144872.204071 0.655013 0.747167 -0.112692 0.445014 -0.501981 -0.741605 0.610672 -0.435611 0.661304
-6.490132 -14.965699 354.388127 -875.615838 0.926723 0.348729 -0.139905 0.293907 -0.440778 0.848135 -0.234102 0.827105 0.510973
-3.169666 -14.919279 899.244659 -813.402587 0.940813 0.309375 -0.138409 0.274604 -0.456449 0.846314 -0.198652 0.834231 0.514389
-5.464766 -12.555490 466.660391 -893.907413 0.911245 0.361410 -0.197523 0.338095 -0.382512 0.859870 -0.235211 0.850334 0.470753
-6.128954 -10.483530 191.673356 -828.795793 0.942929 0.328019 -0.057335 0.195068 -0.404577 0.893457 -0.269875 0.853651 0.445474
-7.122547 -13.807490 84.476614 -954.992992 0.947399 0.319617 -0.016721 0.171066 -0.461532 0.870474 -0.270501 0.827547 0.491931
4.720309 -20.148003 -1335.801335 521.606249 0.824737 0.484826 0.291124 -0.563265 0.750132 0.346459 0.050409 0.449717 -0.891747
1.078272 -23.568465 -515.295212 443.680446 0.785728 0.528922 0.320739 -0.614364 0.727666 0.305058 0.072039 0.436743 -0.896697
1.905110 -23.358551 -848.856957 354.527133 0.749135 0.570758 0.336202 -0.649882 0.731531 0.206193 0.128256 0.372958 -0.918941
-9.696040 -17.728236 -37.432690 174.549651 -0.910979 -0.243702 -0.332757 -0.254550 0.966993 -0.011325 0.324534 0.074387 -0.942944
-8.371282 -17.131332 -35.923365 216.860932 -0.867798 -0.345995 -0.356670 -0.373429 0.927618 0.008719 0.327837 0.140758 -0.934190
-9.774104 -18.526529 -17.227876 340.868064 -0.819075 -0.445475 -0.361481 -0.433684 0.893283 -0.118168 0.375546 0.059981 -0.924861
-10.746408 -18.602773 97.613498 -149.964323 -0.818618 -0.447622 -0.359860 -0.391425 0.893333 -0.220776 0.420299 -0.039873 -0.906509
-11.209711 -18.864174 -188.046591 235.544689 -0.893778 -0.278858 -0.351282 -0.256503 0.960300 -0.109686 0.367923 -0.007930 -0.929822
-2.651653 -22.306371 571.067514 -222.859718 0.832983 0.525234 0.173980 -0.222738 0.606156 -0.763520 0.506486 -0.597247 -0.621907
-4.740896 -23.735431 157.354046 451.947361 0.858039 0.431348 0.278761 -0.077548 0.645365 -0.759928 0.507696 -0.630430 -0.587199
-3.212557 -24.363433 58.066671 -176.577868 0.854977 0.476748 0.204268 -0.183697 0.646642 -0.740344 0.485046 -0.595454 -0.640441
0.031065 -22.982741 622.774912 -441.603646 0.817675 0.563155 0.119430 -0.331276 0.629963 -0.702426 0.470812 -0.534792 -0.701665
-1.752843 -25.376170 -5.891549 -442.801096 0.858731 0.478419 0.183566 -0.223355 0.671869 -0.706190 0.461187 -0.565427 -0.683812
-7.461399 -21.507625 626.134454 -29.124871 0.919359 0.240255 0.311540 -0.392455 0.504609 0.768992 -0.027548 0.829245 -0.558206
-9.737830 -22.750324 564.848404 17.587911 0.916563 0.266772 0.297901 -0.395347 0.492521 0.775322 -0.060112 0.828405 -0.556894
-9.006138 -24.241925 513.862052 -711.267015 0.887868 0.293294 0.354498 -0.454406 0.438161 0.775584 -0.072147 0.849702 -0.522304
-7.359794 -23.856638 691.502128 -586.130242 0.876906 0.277181 0.392691 -0.476837 0.398802 0.783316 -0.060514 0.874144 -0.481882
-5.671470 -22.064157 398.018452 -196.284170 0.893350 0.254304 0.370479 -0.447900 0.437490 0.779736 -0.036210 0.862515 -0.504734
6.534113 -109.502655 510.979757 9626.949378 -0.923286 -0.365506 -0.118107 -0.360391 0.930680 -0.062872 0.132900 -0.015484 -0.991008
7.560394 -80.505321 -212.642477 1800.366050 0.913885 0.384309 0.130849 -0.402678 0.899078 0.171783 0.051626 0.209680 -0.976406
5.359729 -130.539406 965.909777 13838.289986 -0.922652 -0.375924 -0.085987 -0.369084 0.925445 -0.085605 0.111757 -0.047248 -0.992612
5.206382 -75.582888 -681.673751 4552.562672 0.909358 0.408764 0.077331 -0.415891 0.897768 0.145075 0.010124 0.164087 -0.986394
2.873373 -88.112797 157.490891 4961.433548 -0.900846 -0.423938 -0.093562 -0.423730 0.905495 -0.023071 0.094500 0.018861 -0.995346
3.622321 -264.781508 -861.590102 -7183.562708 -0.196086 0.960305 0.198405 -0.884016 -0.260677 0.388025 -0.424342 0.099307 -0.900040
4.524248 -247.883115 493.895514 -28764.203870 -0.128572 0.948434 0.289729 -0.936036 -0.212565 0.280452 -0.327577 0.235138 -0.915098
18.551717 -616.414642 -2508.736994 126810.201675 -0.138125 0.925647 0.352276 -0.524097 -0.370117 0.767030 -0.840383 0.078681 -0.536252
2.683852 -393.102340 -303.661923 69160.249789 -0.169304 0.955815 0.240319 -0.424333 -0.290774 0.857550 -0.889538 -0.043212 -0.454813
-30.608659 -44.523620 287.634592 913.572118 0.963552 0.071444 -0.257804 -0.208569 -0.402864 -0.891179 0.167529 -0.912467 0.373280
-24.982416 -40.697666 -129.090434 1256.612174 0.817918 0.036372 -0.574184 -0.529354 -0.343369 -0.775810 0.225375 -0.938496 0.261594
80.823789 -48.212001 1134.395767 -1095.051077 -0.938625 0.172641 0.298626 0.098994 0.964142 -0.246232 -0.330428 -0.201558 -0.922058
15.786266 -18.286698 4255.169145 2688.027714 0.233464 0.159870 -0.959133 0.889185 -0.434280 0.144052 -0.393502 -0.886478 -0.243543
13.224636 -23.164497 -2185.390665 -210.921061 0.828383 0.404485 0.387522 0.557058 -0.522128 -0.645808 0.058884 -0.750849 0.657844
9.111842 -22.653421 -1624.175667 -367.291649 0.847663 0.375471 0.374819 0.530499 -0.608115 -0.590565 -0.006193 -0.699441 0.714664
14.833429 -21.362096 -2059.782849 -315.444697 0.838978 0.408861 0.359094 0.543702 -0.602623 -0.584151 0.022438 -0.685330 0.727887
8.406299 -24.192003 -1054.098810 -112.216897 0.837257 0.385010 0.388289 0.542788 -0.499211 -0.675403 0.066199 -0.776244 0.626947
18.005472 -21.487243 -1706.615825 -196.154039 0.824677 0.454584 0.336544 0.556631 -0.546721 -0.625506 0.100350 -0.703171 0.703904
17.480081 -23.209256 -1910.970631 -271.770653 0.812999 0.453559 0.365126 0.564000 -0.457596 -0.687393 0.144693 -0.764781 0.627833
12.390974 -24.489634 -1912.279917 -191.357269 0.817507 0.410556 0.403889 0.560743 -0.407490 -0.720777 0.131339 -0.815718 0.563342
-3.360475 -75.046649 162.989722 5357.774584 -0.109149 0.959176 -0.260898 0.453499 0.281610 0.845597 -0.884548 0.026021 0.465723
-3.760546 -87.523301 -485.079762 4626.694083 -0.138133 0.959434 -0.245774 0.202356 0.270258 0.941282 -0.969521 -0.080289 0.231479
-3.676465 -85.469042 157.950123 2716.479471 -0.116543 0.960192 -0.253869 0.126519 0.267881 0.955109 -0.985094 -0.079192 0.152702
-3.214443 -91.395694 -329.301104 252.396991 -0.129129 0.959446 -0.250577 -0.138012 0.232845 0.962671 -0.981977 -0.158892 -0.102348
-2.896924 -77.226515 453.663008 3411.836455 -0.106669 0.956954 -0.269928 0.303885 0.289864 0.907542 -0.946718 -0.014780 0.321724
-3.666640 -89.110628 136.281726 -1310.191238 -0.126017 0.961309 -0.244959 -0.215267 0.214546 0.952696 -0.968390 -0.172787 -0.179901
-3.261439 -82.750479 260.434175 80.151660 -0.129250 0.960492 -0.246476 -0.013970 0.246773 0.968973 -0.991514 -0.128683 0.018478
2.743030 -23.224900 -702.643039 -1438.309710 0.516817 -0.223752 -0.826339 0.701078 0.664570 0.258526 0.491314 -0.712938 0.500329
1.549008 -27.007691 -342.362794 -766.126687 0.490477 -0.215855 -0.844298 0.678213 0.702930 0.214280 0.547229 -0.677713 0.491167
1.558365 -24.502225 34.550968 -249.839989 0.464623 -0.235411 -0.853643 0.651123 0.744168 0.149174 0.600137 -0.625137 0.499039
-1.331442 -28.695892 -480.491261 246.370683 0.670939 -0.082098 -0.736953 0.706312 -0.231818 0.668868 -0.225752 -0.969289 -0.097550
-1.567875 -30.202672 -375.441583 2014.271936 0.668448 -0.067029 -0.740732 -0.662241 0.399693 -0.633784 -0.338547 -0.914195 -0.222785
-4.824521 -29.944202 -376.846348 -2144.277319 0.659871 -0.062709 -0.748758 0.671717 -0.397314 0.625251 -0.336700 -0.915538 -0.220053
27.678635 -54.620620 3046.785049 -2581.134903 -0.750007 -0.239482 0.616553 0.103927 0.877906 0.467419 -0.653214 0.414644 -0.633547
17.940183 -53.032742 1521.156981 -2974.585441 -0.665441 -0.181444 0.724063 0.106281 0.937094 0.332504 -0.738846 0.298216 -0.604297
0.487016 -50.776266 832.652460 -518.796130 0.999816 0.011385 0.015438 0.019016 -0.482833 -0.875506 0.002514 -0.875638 0.482961
-0.386360 -47.811451 744.692902 1848.885595 0.999933 -0.009048 0.007252 0.004442 -0.278831 -0.960330 -0.010711 -0.960298 0.278772
0.371786 -46.744966 1017.964642 2034.172073 0.999985 0.002337 0.004993 0.005215 -0.107374 -0.994205 0.001787 -0.994216 0.107384
1.857317 -46.231134 -292.276381 1842.198991 0.999290 -0.032127 0.019682 0.014872 -0.143634 -0.989519 -0.034618 -0.989109 0.143055
-1.016672 -41.994073 49.367307 -962.525572 0.790847 0.223366 -0.569798 0.502298 -0.768798 0.395785 0.349655 0.599213 0.720198
-1.937260 -39.721875 83.735987 -852.337110 0.785310 0.236035 -0.572342 0.558164 -0.669890 0.489592 0.267845 0.703942 0.657818
-1.080752 -39.425975 -410.224494 -947.999367 0.785723 0.250265 -0.565691 0.568756 -0.651860 0.501593 0.243220 0.715854 0.654521
-0.947350 -42.052758 -567.001971 -1163.827912 0.793517 0.259640 -0.550379 0.538664 -0.720486 0.436739 0.283146 0.643030 0.711577
-9.114549 -24.319716 720.056642 -275.548589 -0.450655 -0.354154 0.819442 0.879198 -0.335119 0.338683 0.154665 0.873081 0.462395
-0.640901 -26.532404 -37.215362 -2019.011616 0.746440 0.226792 -0.625614 0.616862 -0.588470 0.522670 0.249617 0.776059 0.579157
-0.420249 -26.205123 -212.317759 -83.752896 0.717619 0.262025 -0.645264 0.659729 -0.552591 0.509314 0.223114 0.791193 0.569415
-4.496453 -56.018467 -8.047313 2225.057219 0.117003 0.987415 -0.106403 -0.520121 -0.030347 -0.853553 0.846040 -0.155211 -0.510025
-4.608584 -61.775593 111.501225 1600.518989 0.120114 0.988840 -0.088142 -0.315247 -0.046199 -0.947884 0.941378 -0.141641 -0.306180
70.085411 -26.559080 10703.934452 -829.014164 0.708997 0.225843 -0.668070 0.633699 0.211640 0.744066 -0.309433 0.950896 -0.006936
315.559773 -37.104998 48606.747088 -1775.597766 0.800530 0.290826 -0.523996 0.510310 0.127641 0.850465 -0.314221 0.948224 0.046232
78.369373 -27.589800 11968.891600 -1498.023107 0.768921 0.302823 -0.563080 0.491264 0.283801 0.823478 -0.409171 0.909810 -0.069455
14.390994 -72.978385 -171.199427 -4137.085202 -0.158277 0.977929 -0.136394 -0.856435 -0.067223 0.511859 -0.491393 -0.197828 -0.848172
12.298129 -69.913840 872.967551 -1033.352144 -0.160426 0.982724 -0.092293 -0.765736 -0.064910 0.639871 -0.622826 -0.173324 -0.762920
22.018875 -11.880275 1613.410100 -693.226570 0.852092 -0.435263 -0.290665 -0.434460 -0.278529 -0.856543 -0.291863 -0.856135 0.426437
23.719666 -15.775582 1338.462174 -1283.493243 0.862803 -0.445504 -0.238951 -0.382257 -0.265599 -0.885063 -0.330834 -0.854976 0.399457
26.882152 -80.416208 3408.995648 7708.767483 0.671663 -0.691262 0.266506 0.481105 0.133416 -0.866451 -0.563389 -0.710181 -0.422181
17.222717 -74.866006 3247.515341 3604.725796 0.719761 -0.651572 0.239578 0.320361 0.005581 -0.947279 -0.615883 -0.758566 -0.212755
15.324036 -63.654683 1743.649644 5669.105284 0.687807 -0.652116 0.318852 0.512209 0.124757 -0.849751 -0.514357 -0.747784 -0.419828
7.797060 -244.465711 670.986556 -28894.833233 -0.003501 0.994049 -0.108873 -0.960397 0.026992 0.277324 -0.278613 -0.105532 -0.954588
15.266966 -315.976916 -2337.964882 -30508.747550 -0.014322 0.995251 -0.096282 -0.772822 0.050082 0.632644 -0.634461 -0.083470 -0.768435
6.636551 -201.041282 -632.428866 -6251.450347 -0.064178 0.994629 -0.081210 -0.914390 -0.026014 0.403999 -0.399716 -0.100185 -0.911148
-7.389643 -21.133227 1298.272371 646.826105 0.900170 -0.121016 -0.418388 0.105061 0.992589 -0.061059 0.422677 0.011007 0.906214
-11.200990 -25.221628 1376.630136 -97.032633 0.702135 0.692306 0.166487 0.174991 0.058872 -0.982808 0.690206 -0.719198 0.079811
-10.385358 -25.272202 1319.400302 237.461036 0.700497 0.690162 0.181603 0.106818 0.150204 -0.982867 0.705616 -0.707894 -0.031496
-5.160475 -25.566860 1631.254994 22.375449 0.676329 0.708864 0.200228 0.218728 0.066298 -0.973531 0.703376 -0.702222 0.110209
-10.821623 -25.820475 1541.457798 -9.271784 0.697774 0.695045 0.173275 0.235483 0.005877 -0.971861 0.676505 -0.718942 0.159571
-0.872558 -37.011763 325.928051 -926.994260 -0.505288 -0.212133 0.836471 -0.042926 0.974293 0.221156 -0.861883 0.075841 -0.501405
-1.113475 -38.211094 246.968501 -608.546813 -0.515810 -0.232724 0.824488 0.030453 0.956807 0.289125 -0.856162 0.174242 -0.486443
-4.829562 -29.914003 828.190458 -431.417725 0.722903 0.253422 -0.642797 -0.487833 -0.471627 -0.734566 0.489316 -0.844597 0.217313
0.554571 -29.304912 1564.164874 -1327.873264 0.744549 0.320412 -0.585648 -0.339906 -0.573092 -0.745674 0.574553 -0.754255 0.317785
-3.301720 -29.749562 1377.965353 -1055.154783 0.706834 0.247379 -0.662714 -0.432542 -0.590156 -0.681633 0.559726 -0.768453 0.310141
3.037867 -81.127050 -285.527633 3790.682967 0.939864 -0.250772 -0.231880 -0.091582 0.469013 -0.878430 -0.329040 -0.846841 -0.417842
7.019516 -80.677548 -116.203646 3835.369922 0.949420 -0.212804 -0.230902 -0.137998 0.377753 -0.915565 -0.282059 -0.901120 -0.329280
5.898378 -70.250180 -71.961304 1197.535141 0.945988 -0.198613 -0.256241 -0.088208 0.602881 -0.792940 -0.311971 -0.772714 -0.552799
5.077687 -96.387119 -171.627775 4693.887197 0.947173 -0.235849 -0.217342 -0.182279 0.161716 -0.969857 -0.263888 -0.958240 -0.110183
2.844308 -76.054450 -32.604608 -651.942382 0.937638 -0.212816 -0.274853 -0.058318 0.683175 -0.727923 -0.342686 -0.698557 -0.628160
1.955933 -70.482829 -776.206738 -18.622277 0.924785 -0.256375 -0.281148 -0.048243 0.653940 -0.755006 -0.377419 -0.711782 -0.592386
3.367378 -92.750782 -893.802326 6279.166290 0.935066 -0.286107 -0.209272 -0.142509 0.237143 -0.960965 -0.324566 -0.928389 -0.180971
2.060123 -74.516068 -853.162733 4498.980053 0.929076 -0.278700 -0.243195 -0.074238 0.503604 -0.860739 -0.362363 -0.817746 -0.447196
-29.621124 -186.813267 -3996.993523 24426.754656 -0.277931 0.838199 -0.469231 -0.267428 0.401649 0.875877 -0.922625 -0.368919 -0.112527
-51.884920 -173.141924 -5999.775612 19357.470562 -0.186044 0.903715 -0.385599 -0.321301 0.314916 0.893081 -0.928522 -0.290046 -0.231776
-32.580161 -141.799799 -3985.190520 581.541844 -0.257983 0.860558 -0.439186 -0.598414 0.214555 0.771924 -0.758515 -0.461958 -0.459618
2.798959 -15.361316 -400.771578 1061.193571 0.909313 0.242751 0.337967 0.337986 -0.904644 -0.259586 -0.242726 -0.350273 0.904651
-0.085441 -19.842527 -383.866674 1026.232566 0.922917 0.188729 0.335568 0.268985 -0.939680 -0.211302 -0.275448 -0.285277 0.918012
1.586040 -20.047623 -213.406687 1193.648936 0.912371 0.238032 0.333046 0.313872 -0.929049 -0.195840 -0.262800 -0.283213 0.922348
4.240792 -18.217157 -490.361596 1152.202316 0.900578 0.273357 0.337988 0.355041 -0.911170 -0.209083 -0.250810 -0.308295 0.917632
-25.913028 -73.831101 5512.728770 8602.557517 0.960049 -0.207201 -0.188078 0.196581 0.977716 -0.073669 0.199151 0.033754 0.979387
-26.390156 -48.881139 4367.930028 -156.326699 0.947472 0.197582 -0.251510 -0.234120 0.964203 -0.124499 0.217908 0.176843 0.959814
-30.007468 -40.156311 -1096.819837 264.514930 0.556103 0.260419 -0.789260 0.047974 0.938000 0.343299 0.829728 -0.228774 0.509131
-28.138768 -38.576089 -347.489072 1235.274715 0.484245 0.377431 -0.789337 -0.131907 0.923351 0.360589 0.864932 -0.070494 0.496914
-2.539494 -28.032349 -2827.131321 -916.990047 0.407294 0.909038 0.088102 0.745972 -0.386777 0.542153 -0.526913 0.155093 0.835649
2.970016 -25.399680 -1314.085150 -1089.952227 0.367413 0.930033 0.006856 0.823294 -0.328657 0.462786 -0.432659 0.164389 0.886443
10.982055 -15.803740 -425.501051 -511.414799 0.604199 0.790305 0.101793 0.637184 -0.555895 0.533833 -0.478477 0.257680 0.839441
22.626246 -37.570604 -2693.463906 1726.652280 0.772709 -0.406606 0.487434 -0.617187 -0.301829 0.726622 0.148327 0.862306 0.484178
9.099913 -45.081049 -700.646913 831.463926 0.771648 -0.380006 0.510054 -0.607881 -0.204599 0.767216 0.187190 0.902073 0.388876
12.413065 -38.570139 -2394.985421 1591.680996 0.812668 -0.337586 0.474980 -0.580748 -0.402074 0.707862 0.047987 0.851101 0.522805
84.471503 -17.714231 15219.413916 1504.310731 0.900641 0.407274 0.151569 -0.053481 0.450015 -0.891418 0.431260 -0.794742 -0.427083
