13546
27076
-36.520436 -57.106401 304.751599 -5966.489304 0.878522 0.174268 0.444780 0.101408 0.841827 -0.530135 0.466813 -0.510840 -0.721892
-43.148157 -65.855560 925.543838 -3789.778397 -0.909018 -0.214779 -0.357149 -0.035073 0.893359 -0.447973 0.415278 -0.394690 -0.819613
-41.831147 -78.029079 -2106.838834 -10913.193905 -0.767597 0.227690 -0.599127 0.423309 0.881984 -0.207154 0.481253 -0.412627 -0.773391
-32.315856 -53.195737 -80.188747 -4599.999746 0.893546 0.414380 0.172813 -0.215335 0.733292 -0.644913 0.393962 -0.539047 -0.744461
-29.582564 -65.654442 5655.182198 -12323.116536 0.711198 -0.144536 0.687973 0.492086 0.801251 -0.340364 0.502045 -0.580608 -0.640972
-31.907447 -44.743168 237.782185 -5442.800276 0.889001 0.336892 0.310132 -0.024941 0.711903 -0.701835 0.457226 -0.616196 -0.641285
-37.546329 -62.878116 877.698237 -1478.349576 -0.385741 -0.447758 0.806670 -0.615578 0.776170 0.136466 -0.687217 -0.443928 -0.575031
-37.348534 -61.015629 567.379721 -396.850547 -0.362149 -0.525140 0.770115 -0.744325 0.660257 0.100207 -0.561097 -0.536925 -0.629985
-36.489093 -58.632159 275.772339 -1836.642348 -0.313338 -0.478624 0.820206 -0.702316 0.698144 0.139094 -0.639196 -0.532460 -0.554900
-36.776552 -60.840138 -156.294774 -2109.127886 -0.315969 -0.437044 0.842114 -0.605764 0.776054 0.175472 -0.730215 -0.454679 -0.509955
-37.956659 -64.439613 70.583365 -585.437636 -0.365115 -0.422597 0.829520 -0.496018 0.842335 0.210803 -0.787818 -0.334489 -0.517165
-37.214786 -64.500615 1216.065666 -779.921125 -0.425270 -0.442746 0.789380 -0.501007 0.841520 0.202079 -0.753749 -0.309546 -0.579693
-49.998799 -64.304577 -1778.746036 1247.758623 0.126628 -0.546069 0.828115 -0.174529 0.809546 0.560512 -0.976476 -0.215507 0.007207
-45.165739 -61.920047 -1771.176409 1794.946336 -0.034614 -0.478486 0.877413 -0.158008 0.869517 0.467946 -0.986831 -0.122441 -0.105702
-46.291250 -65.687398 -2109.400905 -525.033901 0.047873 -0.452653 0.890401 -0.338974 0.831159 0.440762 -0.939577 -0.322923 -0.113647
8.456021 -6.162056 1812.613164 327.149568 0.991428 -0.004987 0.130559 -0.029530 0.964859 0.261102 0.127274 0.262719 -0.956441
12.563521 -5.437326 863.031327 1124.896273 0.997441 -0.011948 0.070491 -0.008329 0.959807 0.280537 0.071010 0.280406 -0.957251
12.029447 -7.719753 2020.915524 -335.393689 0.993116 -0.050962 0.105472 0.024045 0.969917 0.242245 0.114644 0.238041 -0.964465
34.630336 -41.666106 5714.098970 -408.328707 -0.679090 0.188575 -0.709420 0.728362 0.052968 -0.683142 -0.091247 -0.980629 -0.173321
34.010319 -43.768001 6114.729541 -653.965813 -0.694915 0.197852 -0.691337 0.718677 0.158433 -0.677055 -0.024426 -0.967344 -0.252289
23.464604 -42.217051 8018.960998 -614.080131 -0.693222 0.258060 -0.672940 0.713846 0.117151 -0.690435 -0.099338 -0.959000 -0.265427
22.477700 -39.250531 7553.033590 -1011.358238 -0.670836 0.253521 -0.696926 0.718796 -0.009005 -0.695163 -0.182515 -0.967288 -0.176189
31.716150 -39.283162 5860.774653 -634.542364 -0.661185 0.197545 -0.723748 0.730092 -0.052553 -0.681325 -0.172628 -0.978884 -0.109478
-12.844490 -39.893539 -1713.433713 -1960.461747 -0.507304 -0.453304 -0.732910 -0.499039 0.847892 -0.178997 0.702569 0.274945 -0.656356
-11.931444 -41.589760 -2017.602853 -999.323527 -0.494897 -0.442441 -0.747879 -0.544712 0.828533 -0.129701 0.677027 0.343190 -0.651041
-6.101204 -36.712227 -2667.667573 -2198.881605 -0.524486 -0.365378 -0.769034 -0.427617 0.894099 -0.133160 0.736246 0.259011 -0.625184
-16.279861 -42.365779 -1146.171274 -222.849116 -0.493607 -0.505433 -0.707736 -0.604946 0.784196 -0.138120 0.624814 0.359965 -0.692844
-10.909511 -34.043315 -1907.690685 -3213.559211 -0.530747 -0.405797 -0.744067 -0.390814 0.896196 -0.209995 0.752045 0.179337 -0.634245
-16.298245 -40.668644 -1317.662038 -1997.810618 -0.489383 -0.526864 -0.694924 -0.535258 0.810581 -0.237608 0.688479 0.255683 -0.678692
-2.327347 -68.524460 -1207.928141 -394.310635 -0.429265 -0.577670 -0.694283 0.790611 0.131305 -0.598075 0.436653 -0.805640 0.400348
-5.415925 -68.126888 41.834634 -641.042178 -0.445114 -0.552629 -0.704610 0.801235 0.105581 -0.588961 0.399870 -0.826713 0.395790
-4.818193 -68.737569 11.455299 1242.497506 -0.433842 -0.554718 -0.709978 0.714663 0.267993 -0.646093 0.548669 -0.787697 0.280170
-3.358156 -66.554624 -955.217197 -2583.908503 -0.438516 -0.573292 -0.692127 0.843758 0.002573 -0.536718 0.309477 -0.819347 0.482592
-1.704241 -69.331353 -1332.354086 1377.548038 -0.419413 -0.580567 -0.697879 0.711985 0.266553 -0.649636 0.563178 -0.769345 0.301559
0.232235 -67.499738 -1898.174724 -2563.413192 -0.426779 -0.589587 -0.685746 0.848473 0.001378 -0.529238 0.312976 -0.807704 0.499660
0.745523 -70.175368 -2295.596164 -239.123037 -0.420157 -0.590448 -0.689086 0.774684 0.162076 -0.611225 0.472581 -0.790634 0.389313
-2.848361 -53.618180 -105.522471 -482.461691 0.552768 0.237072 0.798902 0.445713 0.725923 -0.523809 -0.704121 0.645626 0.295601
-3.053785 -56.994229 -7.649133 2544.089728 0.569981 0.257742 0.780186 -0.518505 -0.623762 0.584870 -0.637396 0.737896 0.221891
-2.820230 -54.103929 603.936292 1342.596145 0.558436 0.238286 0.794587 -0.491563 -0.676520 0.548350 -0.668218 0.696808 0.260660
-1.658166 -57.955786 352.406867 -1535.786569 0.559678 0.249939 0.790121 0.573105 0.571946 -0.586880 -0.598591 0.781286 0.176864
-13.040185 -53.980128 1677.868728 731.862505 0.494817 0.301469 0.815029 0.567706 0.597946 -0.565836 -0.657925 0.742683 0.124727
-11.845806 -52.041315 1908.015082 2033.473725 0.508236 0.317728 0.800465 0.655448 0.460207 -0.598830 -0.558645 0.829011 0.025639
-18.495504 -54.969025 3337.707054 201.979375 0.443118 0.289768 0.848340 0.633118 0.568813 -0.524989 -0.634671 0.769732 0.068594
9.138291 -46.535367 331.004545 206.905435 -0.640608 -0.294584 -0.709114 0.188912 0.834637 -0.517391 0.744268 -0.465405 -0.479024
13.055362 -46.587186 -514.048772 1.877886 -0.645349 -0.223816 -0.730363 0.248847 0.842362 -0.478018 0.722218 -0.490238 -0.487922
17.075328 -47.688320 -62.781227 -25.843041 -0.643446 -0.239210 -0.727155 0.325883 0.773941 -0.542969 0.692659 -0.586339 -0.420035
11.734485 -48.735037 -442.019318 185.342574 -0.622228 -0.317100 -0.715737 0.269385 0.771719 -0.576092 0.735027 -0.551269 -0.394763
20.390723 -49.182482 -396.420174 121.419322 0.630851 0.241380 0.737403 0.416178 0.696832 -0.584141 0.654846 -0.675397 -0.339140
-2.466018 -112.969593 73.471578 -4982.773259 -0.504750 -0.401415 -0.764260 0.751253 0.231868 -0.617945 0.425260 -0.886060 0.184529
0.308210 -109.093127 -59.969010 -2913.707967 -0.527179 -0.400010 -0.749717 0.818853 -0.003374 -0.573993 0.227073 -0.916505 0.329328
-1.037910 -104.660920 -409.947886 -4141.196228 -0.537136 -0.413650 -0.735105 0.820019 -0.051900 -0.569978 0.197619 -0.908956 0.367078
-2.127811 -113.778422 1114.381261 -3830.433928 0.670712 0.332158 0.663187 -0.473000 0.880265 0.037486 -0.571328 -0.338830 0.747515
-4.872169 -107.908393 1268.380702 -4362.921215 0.650551 0.342974 0.677608 -0.561602 0.817880 0.125203 -0.511261 -0.461996 0.724687
-1.899287 -104.742912 1604.988500 3380.866377 0.653639 0.369268 0.660604 0.639880 -0.735753 -0.221858 -0.404117 -0.567723 0.717204
3.646556 -147.296512 2081.927436 1067.448826 0.967898 -0.175360 -0.180061 0.065765 0.868134 -0.491954 -0.242586 -0.464320 -0.851798
8.403460 -160.997929 1171.770340 3246.043232 0.949395 -0.229497 -0.214428 0.102018 0.871020 -0.480538 -0.297053 -0.434345 -0.850355
6.046575 -153.155901 786.584739 -2763.770931 0.954494 -0.187753 -0.231710 -0.039786 0.689842 -0.722866 -0.295564 -0.699190 -0.650980
1.812931 -142.274721 3253.249503 -2175.634774 0.976049 -0.105422 -0.190299 -0.061258 0.706163 -0.705395 -0.208746 -0.700158 -0.682792
1.717030 -135.866979 360.031392 3854.112603 0.967211 -0.142137 -0.210477 0.029669 0.886290 -0.462180 -0.252236 -0.440781 -0.861446
-28.408878 -39.486307 2088.255421 -1127.263953 0.715301 0.087606 0.693304 0.570037 0.500740 -0.651396 0.404231 -0.861153 -0.308241
-32.265156 -41.239894 903.763602 -963.576594 0.805254 0.050805 0.590749 0.487085 0.511446 -0.707934 0.338103 -0.857812 -0.387098
-31.449106 -42.309414 805.763973 -318.703930 0.815101 0.089330 0.572390 0.405097 0.618425 -0.673385 0.414134 -0.780750 -0.467891
-29.066992 -42.097161 -1010.682811 683.947374 0.802261 -0.058232 0.594126 0.459830 0.694956 -0.552804 0.380700 -0.716691 -0.584313
-29.973944 -42.625888 128.955060 287.369873 0.808463 0.060719 0.585407 0.356162 0.741385 -0.568767 0.468548 -0.668327 -0.577756
-29.806821 -43.029550 1511.247956 261.670417 0.812732 0.190924 0.550468 0.301164 0.671119 -0.677421 0.498766 -0.716343 -0.487940
9.159958 -406.369797 -3074.100466 -9790.622650 -0.830243 -0.025430 0.556822 0.097202 0.977047 0.189553 -0.548862 0.211499 -0.808714
2.758420 -517.595568 -737.038415 -110524.210046 -0.825870 -0.019079 0.563538 -0.203053 0.942438 -0.265669 -0.526031 -0.333836 -0.782205
4.931711 -408.708185 -516.672549 -61097.054490 -0.831970 -0.020370 0.554446 -0.072064 0.994828 -0.071586 -0.550121 -0.099513 -0.829135
7.482957 -471.578241 996.099864 90701.184061 -0.817858 0.005787 0.575391 0.251998 0.902562 0.349111 -0.517306 0.430520 -0.739626
4.469385 -352.217005 1839.162888 -59974.823682 -0.826810 -0.025715 0.561894 -0.242367 0.917749 -0.314635 -0.507586 -0.396328 -0.765036
6.453894 -429.080512 1352.859509 3682.792390 -0.814129 -0.002413 0.580679 -0.027368 0.999040 -0.034220 -0.580039 -0.043752 -0.813413
303.584679 -664.231213 111252.659485 -186492.821589 0.402853 0.480776 -0.778822 0.914077 -0.254665 0.315608 -0.046602 -0.839047 -0.542059
331.344771 -219.431627 -159578.829404 -42995.945615 -0.152916 0.474379 -0.866938 0.931299 0.362650 0.034170 0.330605 -0.802153 -0.497243
-7.216480 -142.068748 5701.416048 -24219.621416 0.764569 0.386518 -0.515789 -0.642393 0.391666 -0.658733 0.052595 -0.834986 -0.547752
13.143895 -29.423919 1467.483897 -745.456624 -0.000721 -0.523997 -0.851720 0.999815 0.016007 -0.010694 0.019237 -0.851570 0.523888
16.480476 -32.588112 841.203222 -1485.770221 -0.030815 -0.532883 -0.845627 0.996228 0.052290 -0.069255 0.081122 -0.844572 0.529262
7.615917 -30.209628 5383.597796 -677.411400 -0.103645 -0.469636 -0.876755 0.994304 -0.026918 -0.103122 0.024830 -0.882450 0.469751
7.087474 -28.314698 2153.757464 -49.458057 -0.052386 -0.502578 -0.862943 0.997706 -0.063448 -0.023615 -0.042884 -0.862200 0.504749
13.873295 -1.419874 3126.828723 -1929.309973 0.012675 0.555229 0.831601 0.792318 -0.512916 0.330379 0.609977 0.654704 -0.446419
10.848603 -2.472265 -2161.843073 10039.847025 0.719196 -0.693923 0.035054 0.290470 0.346114 0.892094 0.631177 0.631408 -0.450488
22.710156 0.216882 10836.750530 -774.430332 0.477406 0.198929 0.855869 0.641487 -0.744550 -0.184768 0.600481 0.637238 -0.483063
5.954886 -181.158319 -652.802280 22190.776268 -0.405332 -0.371289 -0.835374 0.590397 0.591355 -0.549300 0.697952 -0.715852 -0.020487
7.437051 -218.234154 -1720.244506 37008.099901 -0.467305 -0.384445 -0.796133 0.597379 0.526531 -0.604899 0.651739 -0.758266 -0.016391
5.039523 -218.053238 784.151245 26569.806921 -0.491326 -0.357694 -0.794137 0.731297 0.325821 -0.599204 0.473078 -0.875155 0.101496
10.911543 -159.116700 -1467.271706 12284.905765 -0.418489 -0.356612 -0.835281 0.421124 0.738656 -0.526348 0.804687 -0.572028 -0.158942
0.923377 -205.501841 -1248.744390 17398.966145 -0.469709 -0.381448 -0.796160 0.773030 0.257849 -0.579602 0.426377 -0.887700 0.173757
2.777471 -141.115087 -1577.088112 12501.487300 -0.374294 -0.377753 -0.846880 0.444704 0.728276 -0.521394 0.813721 -0.571766 -0.104601
7.183484 -138.516929 -1468.831068 10964.793761 -0.391541 -0.353987 -0.849346 0.336230 0.804172 -0.490159 0.856531 -0.477493 -0.195845
-28.073096 -568.721740 -7158.982967 -126959.428802 0.217605 0.888508 -0.403983 0.956526 -0.111785 0.269375 0.194183 -0.445037 -0.874205
-17.285246 -766.739181 -4360.513658 -202259.901570 0.241103 0.901538 -0.359302 0.962734 -0.175437 0.205829 0.122528 -0.395539 -0.910240
-29.214315 -231.773852 -9220.973312 -46020.712132 0.177841 0.929214 -0.323934 0.965024 -0.229115 -0.127419 -0.192618 -0.289943 -0.937460
-86.960307 -5587.633197 152634.163055 -1323283.034129 -0.405238 0.779323 -0.477951 0.888233 0.459375 -0.004068 0.216388 -0.426181 -0.878377
-138.722442 -600.987267 684.233666 -143902.514316 -0.214700 0.946810 -0.239697 0.952133 0.148226 -0.267343 -0.217593 -0.285622 -0.933313
-51.073476 -214.323507 12180.387342 -32169.347726 0.155064 0.859751 -0.486604 0.719809 -0.435690 -0.540416 0.676631 0.266463 0.686416
-106.213895 -520.858986 22386.703562 -125394.983041 0.199064 0.856183 -0.476785 0.557815 -0.499010 -0.663198 0.805740 0.133939 0.576927
-33.910554 -450.243726 10405.864246 -131198.147887 0.120204 0.876687 -0.465802 0.576400 -0.443650 -0.686249 0.808278 0.185998 0.558651
-25.013713 -69.244008 7349.935920 -11243.721527 0.570741 0.127725 0.811135 0.821127 -0.091570 -0.563352 0.002321 0.987573 -0.157141
-28.994436 -48.442007 4773.362576 5927.280426 0.755688 0.146694 0.638292 -0.647827 0.024260 0.761401 -0.096208 0.988884 -0.113365
-15.406178 -58.667535 6474.973102 -8790.913205 0.706597 0.062145 0.704882 0.707093 -0.023713 -0.706723 -0.027204 0.997785 -0.060698
-6.894922 -77.111569 10422.986397 -9462.533228 0.630078 0.001592 0.776531 0.763001 -0.187136 -0.618716 0.144332 0.982333 -0.119125
-16.927132 -79.111833 9155.252794 -9103.003258 0.532652 0.105443 0.839740 0.832094 -0.246494 -0.496851 0.154602 0.963391 -0.219033
65.262829 -85.163250 -2039.367778 -5498.992996 0.295184 0.339914 0.892930 -0.220120 0.933628 -0.282640 -0.929739 -0.113121 0.350414
52.933553 -85.277471 -885.758741 -1935.922454 0.431390 0.237181 0.870429 -0.356395 0.931149 -0.077095 -0.828785 -0.276959 0.486219
40.581793 -61.808534 -6168.491418 -2764.996549 0.187679 0.274905 0.942976 -0.369361 0.909323 -0.191581 -0.910137 -0.312343 0.272200
56.302706 -74.396965 -5858.454610 -6912.248586 0.137719 0.379577 0.914852 -0.268176 0.903443 -0.334473 -0.953475 -0.199278 0.226215
66.836324 -88.656756 -5072.351586 -9125.601611 0.111620 0.429631 0.896079 -0.119082 0.901000 -0.417156 -0.986590 -0.060144 0.151731
-40.480984 -61.462357 -3914.104610 -1818.837652 0.956993 0.147615 -0.249748 0.164826 0.431779 0.886791 -0.238740 0.889818 -0.388879
-28.076213 -56.802562 -6245.374704 395.165142 0.940935 0.336182 -0.040278 -0.105729 0.404749 0.908295 -0.321655 0.850388 -0.416387
-36.478570 -59.329731 -4092.669808 -1836.035862 0.932113 0.207152 -0.297076 0.213202 0.349223 0.912463 -0.292764 0.913855 -0.281350
-46.798127 -70.603680 -2283.756883 -3738.716024 0.850396 -0.008338 -0.526078 0.502084 0.311761 0.806670 -0.157285 0.950124 -0.269307
-22.838765 -52.806137 -5832.172832 248.481554 0.927353 0.367763 -0.069047 -0.051338 0.307826 0.950057 -0.370650 0.877493 -0.304343
-5.683273 -45.807535 2433.007580 -20.511576 0.814793 0.031475 0.578898 -0.343015 -0.778829 0.525135 -0.467390 0.626446 0.623788
-10.825000 -46.666886 828.344472 67.825417 0.774170 -0.021865 0.632600 -0.439831 -0.737297 0.512778 -0.455202 0.675214 0.580411
-14.368048 -44.632204 2039.309425 -122.990342 0.786775 0.004843 0.617221 -0.352715 -0.817092 0.456018 -0.506535 0.576487 0.641160
-14.631729 -46.590846 803.268654 826.182019 0.703316 -0.105402 0.703020 -0.491554 -0.786523 0.373840 -0.513538 0.608500 0.604985
-17.281061 -42.709256 282.319977 -867.511954 0.740606 0.001824 0.671937 0.318814 0.879315 -0.353782 -0.591490 0.476236 0.650645
-0.666580 -45.513685 562.977885 -2253.208734 0.334028 0.942500 -0.010868 0.691103 -0.252739 -0.677126 0.640938 -0.218668 0.735787
-0.914915 -40.548641 2569.844680 -2508.530659 0.380405 0.920309 -0.091233 0.700637 -0.351177 -0.621114 0.603655 -0.172353 0.778392
-6.502938 -41.901308 2036.553682 -1723.815989 0.286740 0.957999 0.004297 0.793854 -0.235094 -0.560827 0.536262 -0.164223 0.827922
-16.880951 -51.039288 1299.426757 2153.322194 0.863256 0.447801 -0.232943 0.485753 -0.611527 0.624563 -0.137230 0.652311 0.745425
-18.957440 -51.394457 -14.269826 2519.176941 0.839398 0.511162 -0.184728 0.497994 -0.587148 0.638168 -0.217745 0.627671 0.747407
-18.377859 -42.863553 2680.623698 -2955.007838 0.823386 0.486493 -0.292166 0.557762 -0.598901 0.574647 -0.104583 0.636115 0.764474
-14.860891 -44.235432 1815.532833 -1855.430162 0.841981 0.452470 -0.293834 0.535203 -0.631861 0.560633 -0.068008 0.629303 0.774178
-22.682781 -89.940169 -2015.501135 -8682.574221 0.930858 0.352304 -0.096878 0.272326 -0.492185 0.826796 -0.243602 0.796012 0.554096
-18.482112 -96.739676 -534.812235 -2099.471220 0.965153 0.247719 -0.084349 0.240676 -0.713746 0.657755 -0.102734 0.655135 0.748494
-25.873236 -89.247415 40.008250 -7434.721053 0.966227 0.239779 -0.094403 0.210108 -0.520931 0.827337 -0.149200 0.819230 0.553717
-28.701076 -80.258675 458.417018 -7138.175577 0.970821 0.205399 -0.123769 0.192687 -0.360889 0.912486 -0.142756 0.909709 0.389936
-26.582772 -78.016681 -1275.095728 -8613.971949 0.927191 0.346523 -0.142262 0.261192 -0.325843 0.908628 -0.268506 0.879630 0.392628
-8.951783 -82.026380 1449.121502 -1313.015280 0.847279 -0.503550 0.168984 -0.528477 -0.767356 0.363148 0.053192 0.396992 0.916279
-8.728059 -83.611893 3173.957653 -1037.623094 0.850504 -0.510944 0.124815 -0.516829 -0.767809 0.378626 0.097622 0.386531 0.917095
-6.754320 -80.906715 1402.750789 1019.804473 0.847695 -0.504342 0.164476 -0.504847 -0.671752 0.542105 0.162920 0.542575 0.824057
-8.655474 -79.536830 175.471091 1077.382165 0.842542 -0.500059 0.200158 -0.523232 -0.671627 0.524544 0.127871 0.546679 0.827521
-12.173092 -78.363425 -1118.535893 -667.361477 0.832070 -0.507967 0.222775 -0.554383 -0.748676 0.363516 0.017868 0.425974 0.904559
-3.076782 -58.028442 1007.491710 -3978.588173 0.540689 0.701695 -0.463982 0.256450 -0.662794 -0.703518 0.801180 -0.261396 0.538315
9.953271 -57.032791 4641.080986 -4412.955337 0.498838 0.735524 -0.458437 0.285994 -0.639016 -0.714050 0.818149 -0.225085 0.529121
4.360109 -52.681297 3563.345782 -1281.659661 0.499518 0.748076 -0.436880 0.385262 -0.643518 -0.661406 0.775922 -0.162071 0.609654
-5.988983 -54.028570 774.320839 -2929.180843 0.533981 0.729082 -0.428139 0.358006 -0.653712 -0.666702 0.765961 -0.202730 0.610086
-18.361369 -44.851959 -385.742238 224.277654 0.757081 0.636299 -0.148163 0.637877 -0.670905 0.378152 -0.141214 0.380802 0.913810
-17.095816 -44.095984 -1053.518973 -136.186457 -0.700600 -0.695550 0.159279 0.704481 -0.638756 0.309350 -0.113428 0.328940 0.937514
-17.659850 -46.112561 -248.817337 288.450811 0.721498 0.668998 -0.178557 0.689000 -0.668070 0.280999 -0.068699 0.325766 0.942951
-19.919819 -47.121205 -1679.249019 1390.029763 0.782950 0.598360 -0.170160 0.615517 -0.705502 0.351292 -0.090150 0.379781 0.920673
-3.079213 -70.743011 87.891940 -2981.842512 -0.775921 -0.630530 -0.019430 -0.620572 0.768474 -0.156007 0.113298 -0.108991 -0.987565
-1.515979 -66.637781 1.649836 -2013.483816 0.760398 0.649257 0.016131 -0.613191 0.725899 -0.311555 0.213989 -0.227015 -0.950091
-2.400390 -66.918994 -439.741489 -2437.987731 0.761120 0.648597 0.004277 -0.618431 0.727677 -0.296699 0.195551 -0.223178 -0.954961
-5.777589 -59.469461 -861.407443 -1142.799916 0.631727 0.745172 -0.213635 0.398192 -0.548386 -0.735334 0.665105 -0.379462 0.643152
-4.495982 -56.870269 -1446.792453 -1784.242827 0.652284 0.725703 -0.218814 0.462792 -0.609933 -0.643277 0.600290 -0.318334 0.733700
-4.466018 -62.586527 -1512.510560 -1774.080612 0.642496 0.739263 -0.201716 0.357817 -0.522208 -0.774123 0.677618 -0.425194 0.600037
-5.504217 -55.820396 -542.011472 -1100.746847 0.637720 0.733483 -0.235194 0.489715 -0.621767 -0.611216 0.594552 -0.274606 0.755711
-5.788451 -63.917979 -663.055972 -1240.991646 0.625972 0.752813 -0.203549 0.293567 -0.469286 -0.832820 0.722480 -0.461566 0.514761
-7.148274 -58.834064 344.873023 -2066.782593 0.607483 0.757103 -0.240334 0.434815 -0.570153 -0.697038 0.664756 -0.318938 0.675557
-6.663699 -62.893546 104.431039 -1445.531285 0.604242 0.762457 -0.231408 0.321035 -0.498766 -0.805089 0.729265 -0.412179 0.546151
0.388130 -41.960228 3296.033146 386.416017 0.811245 0.383320 -0.441528 0.171479 0.565952 0.806408 -0.558996 0.729907 -0.393394
2.178180 -41.894515 1080.400579 923.118970 0.787923 0.419921 -0.450382 0.183489 0.538072 0.822685 -0.587800 0.730853 -0.346908
2.238589 -43.661461 455.881719 4626.925098 0.787034 0.414608 -0.456813 0.153508 0.585575 0.795951 -0.597506 0.696565 -0.397221
0.318431 -44.519365 986.389587 185.790947 0.806696 0.449063 -0.384166 0.070143 0.572712 0.816750 -0.586789 0.685816 -0.430506
5.428556 -43.509375 1365.887925 1081.253665 -0.777930 -0.469649 0.417439 0.017660 0.647737 0.761659 -0.628103 0.599889 -0.495600
-5.455185 -137.749004 851.125167 1247.246479 0.726742 -0.202804 -0.656290 0.666858 -0.020864 0.744893 0.164760 0.978997 -0.120078
-7.364306 -132.396819 1226.441068 4352.098632 0.708592 -0.183835 -0.681250 0.672301 -0.117273 0.730930 0.214263 0.975936 -0.040494
-5.241446 -147.762533 296.600754 -3974.879220 0.703179 -0.177364 -0.688536 0.612722 -0.340118 0.713366 0.360709 0.923505 0.130489
-5.995947 -157.949356 -42.180448 -2154.973186 0.712012 -0.189494 -0.676115 0.647051 -0.196888 0.736587 0.272698 0.961939 0.017575
-5.464823 -193.251858 -1127.637377 -22540.483128 0.698742 -0.158402 -0.697616 0.567727 -0.470539 0.675484 0.435254 0.868045 0.238857
-5.118165 -165.156226 1573.053912 -18196.021293 0.685419 -0.165967 -0.708982 0.532768 -0.549404 0.643672 0.496346 0.818908 0.288150
-4.451450 -182.850179 -368.762927 -17232.779482 0.690660 -0.142767 -0.708947 0.499329 -0.614989 0.610294 0.523124 0.775504 0.353461
-1.769345 -254.486474 1369.487106 -35114.916180 0.597769 -0.228471 -0.768423 0.293845 0.954261 -0.055138 0.745873 -0.192838 0.637563
-1.837669 -267.163005 337.255627 -19269.363539 0.619660 -0.241551 -0.746776 0.061744 0.963518 -0.260424 0.782438 0.115265 0.611968
-1.030399 -257.399956 -29.496461 -32599.933701 0.612603 -0.219564 -0.759282 0.345010 0.938573 0.006951 0.711116 -0.266218 0.650724
2.182614 -204.290978 -271.359021 17349.716143 0.619618 -0.194514 -0.760419 -0.557748 -0.790768 -0.252197 0.552259 -0.580388 0.598464
0.565144 -197.258952 -430.601614 -19313.787883 0.619030 -0.204235 -0.758347 0.473966 0.867083 0.153374 0.626225 -0.454374 0.633551
-1.004099 -225.458404 5.130254 -28233.976300 0.628081 -0.199800 -0.752060 0.389522 0.917397 0.081583 0.673637 -0.344184 0.654026
-16.908319 -46.237216 -263.024088 83.417297 0.008157 0.848028 -0.529889 0.725620 0.359593 0.586659 -0.688048 0.389283 0.612412
-19.350162 -48.703196 1052.377853 -682.529133 0.136624 0.877596 -0.459521 0.630466 0.280767 0.723659 -0.764098 0.388581 0.514935
-18.153365 -46.037507 -999.389520 190.295558 0.117691 0.907443 -0.403356 0.627386 0.246905 0.738528 -0.769763 0.339978 0.540259
-16.745590 -44.795030 -2083.941245 629.768617 0.142252 0.934817 -0.325395 0.565947 0.192889 0.801559 -0.812076 0.298179 0.501618
-14.525039 -42.515367 -2050.825592 416.191055 0.023120 0.896272 -0.442902 0.670152 0.314854 0.672133 -0.741864 0.312352 0.593359
-18.200466 -257.931306 7523.508126 -119488.137518 0.750300 -0.110053 -0.651873 0.226669 0.969101 0.097286 0.621024 -0.220753 0.752062
-18.304742 -305.931304 4253.285539 -107119.349102 0.795972 -0.123658 -0.592569 0.130177 0.990976 -0.031938 0.591171 -0.051717 0.804886
-34.317170 -89.785504 -421.074342 -7831.443276 0.661553 -0.459643 -0.592517 0.364899 0.887589 -0.281130 0.655131 -0.030227 0.754911
762.937295 -9797.501586 172172.273647 3224407.860927 0.686121 -0.662472 -0.300614 0.532544 0.738891 -0.412840 0.495616 0.123168 0.859764
-17.885258 -167.021102 1035.155769 57599.588098 -0.303918 0.935295 0.181268 0.611913 0.337471 -0.715315 0.730203 0.106477 0.674883
2.700286 -31.558894 1314.158382 -3880.560691 0.520662 0.322175 0.790642 0.852653 -0.149003 -0.500781 -0.043531 0.934880 -0.352284
2.898129 -38.394529 1253.868678 -2365.881898 0.525710 0.325652 0.785862 0.849656 -0.245975 -0.466456 0.041400 0.912933 -0.406003
-0.685344 -37.332277 1859.492044 -2561.712908 0.550399 0.306082 0.776772 0.834421 -0.233230 -0.499345 0.028326 0.922994 -0.383771
-1.969964 -29.734353 1498.784044 -4321.158657 0.574843 0.305395 0.759137 0.815684 -0.140257 -0.561238 -0.064925 0.941840 -0.329732
-17.556638 -32.004382 -896.680012 -1653.983835 0.706962 -0.193971 0.680133 -0.289501 0.798035 0.528516 -0.645286 -0.570540 0.508025
-18.863471 -28.305582 -1461.157636 1324.139791 0.702679 -0.156019 0.694190 0.356468 -0.767185 -0.533252 -0.615770 -0.622162 0.483469
-20.452104 -33.572265 -1600.178300 -1642.175746 0.733782 -0.172390 0.657150 -0.276356 0.807893 0.520516 -0.620638 -0.563552 0.545176
8.572546 -123.666405 1523.664785 2427.597907 -0.564689 0.802374 -0.193187 0.741326 0.596014 0.308549 -0.362714 -0.031019 0.931384
51.375522 -2140.810566 11271.373448 817707.633035 -0.519515 0.832932 -0.190599 0.703804 0.543622 0.457313 -0.484524 -0.103437 0.868641
1.514758 -109.315980 4535.239620 11786.989360 -0.419929 0.887555 -0.189488 0.841995 0.458923 0.283611 -0.338680 0.040451 0.940032
-43.712157 -72.901660 -348.820553 -2136.900694 -0.917266 -0.186683 -0.351812 -0.080712 0.952143 -0.294803 0.390010 -0.242017 -0.888437
-53.581208 -77.460558 1404.179294 -3507.159413 -0.861214 0.108245 -0.496582 0.214427 0.963227 -0.161912 0.460795 -0.245922 -0.852755
-40.656418 -69.954964 94.876732 -2665.112149 0.925624 0.320891 0.200622 -0.228962 0.896938 -0.378257 0.301325 -0.304188 -0.903699
-36.982885 -62.096558 -513.289934 -4045.377682 0.907789 0.400098 0.125858 -0.277315 0.797672 -0.535552 0.314667 -0.451266 -0.835071
-39.873006 -64.371100 677.095403 -1075.331752 -0.483271 -0.539083 0.689811 -0.705211 0.706609 0.058150 -0.518774 -0.458360 -0.721651
-37.289662 -62.270985 -1050.781267 -613.951462 0.366076 0.592057 -0.717953 0.831805 -0.554098 -0.032807 -0.417240 -0.585187 -0.695318
-90.711158 -394.095832 -36721.752128 131661.250681 -0.577825 -0.358971 -0.732979 0.281421 0.755372 -0.591789 0.766107 -0.548227 -0.335451
-51.924357 -329.769781 -13068.149144 117684.296975 -0.688390 -0.294534 -0.662849 0.263669 0.749716 -0.606963 0.675720 -0.592600 -0.438438
-24.979567 -48.909286 2979.483808 19266.182228 0.655588 0.250832 0.712241 0.410804 0.672951 -0.615124 0.633596 -0.695859 -0.338136
-43.978363 -230.650735 4440.122628 83118.327680 0.752783 0.377924 0.538973 0.213022 0.634857 -0.742684 0.622848 -0.673892 -0.397403
3.473633 -55.109290 878.377144 14607.704802 0.814764 0.572940 -0.088880 -0.267196 0.234996 -0.934550 0.514555 -0.785185 -0.344553
10.961161 -2.141569 718.568662 2814.328653 0.992845 -0.117275 0.022477 0.102771 0.935076 0.339221 0.060800 0.334484 -0.940438
8.370960 -7.960416 -1577.917684 2752.770198 0.995558 0.091397 0.022596 -0.093805 0.942439 0.320952 -0.008039 0.321646 -0.946826
10.911435 -1.709512 2475.948545 2247.406731 0.991342 -0.018030 0.130064 -0.022749 0.951966 0.305359 0.129322 0.305674 -0.943313
24.344423 -43.930911 -8029.777391 -759.813457 0.717106 -0.250138 0.650531 0.696955 0.252646 -0.671136 -0.003523 -0.934666 -0.355509
-7.148496 -40.714525 -2626.884959 -537.978547 -0.505119 -0.392247 -0.768764 -0.540995 0.837932 -0.072076 0.672443 0.379490 -0.635459
-13.456011 -41.351433 -1714.324935 838.314846 -0.484960 -0.461248 -0.743010 -0.628986 0.774250 -0.070104 0.607610 0.433345 -0.665599
-5.267147 -65.674404 -440.947011 -1604.035514 -0.447837 -0.557255 -0.699220 0.858430 -0.049245 -0.510561 0.250079 -0.828880 0.500418
-3.760579 -52.419617 -563.849797 -971.409213 0.565395 0.256321 0.783982 0.458357 0.692578 -0.556996 -0.685739 0.674266 0.274093
-4.340037 -53.595432 -761.143841 3225.695409 0.582384 0.270114 0.766725 -0.492544 -0.633090 0.597158 -0.646707 0.725421 0.235658
-1.498543 -65.544874 -25.082844 -3228.307573 0.558535 0.256358 0.788872 0.638689 0.473908 -0.606207 -0.529259 0.842432 0.100961
-3.306512 -62.947349 -793.330738 -4073.422955 0.577922 0.275886 0.768045 0.581504 0.521106 -0.624741 -0.572590 0.807673 0.140730
-15.146918 -51.819012 1775.310288 -683.171165 0.469980 0.310707 0.826184 0.470891 0.703422 -0.532409 -0.746580 0.639264 0.184285
-21.368426 -50.253522 2145.923895 -2484.663322 0.413632 0.293929 0.861693 0.412959 0.782924 -0.465290 -0.811402 0.548303 0.202461
-14.317985 -48.460168 1540.813755 -2273.356521 0.481116 0.290266 0.827208 0.377290 0.783177 -0.494252 -0.791315 0.549890 0.267284
-11.460364 -52.227335 1591.416965 -236.340168 0.513552 0.282574 0.810195 0.472388 0.695141 -0.541875 -0.716320 0.661008 0.223506
15.508722 -45.436599 -3081.867438 16.130852 -0.642190 -0.190594 -0.742473 0.198793 0.894048 -0.401447 0.740320 -0.405404 -0.536260
22.292554 -44.867594 -4816.526670 84.179996 -0.629886 -0.156445 -0.760768 0.293354 0.859029 -0.419538 0.719157 -0.487435 -0.495197
8.329370 -44.629624 -98.576977 839.296415 -0.647896 -0.254029 -0.718123 0.120913 0.896504 -0.426218 0.752071 -0.362975 -0.550126
-2.756814 -111.807827 -103.278832 -4982.340033 -0.498293 -0.406469 -0.765825 0.771764 0.194551 -0.605417 0.395076 -0.892711 0.216755
-0.229901 -110.219432 -1382.707946 -3563.215353 -0.503058 -0.418554 -0.756138 0.819965 0.045332 -0.570615 0.273110 -0.907060 0.320395
-4.807558 -116.848585 903.187418 -4020.736720 0.665636 0.313149 0.677397 -0.363004 0.928945 -0.072733 -0.652041 -0.197484 0.732013
-8.265212 -118.383761 2026.214319 -4345.760414 0.662683 0.331922 0.671326 -0.471736 0.881231 0.029959 -0.581649 -0.336542 0.740556
10.744322 -159.543443 -164.183671 -4823.643843 0.945161 -0.204522 -0.254641 -0.046510 0.687429 -0.724761 -0.323277 -0.696859 -0.640218
-1.765404 -402.662472 -3048.872713 -46906.824629 0.801780 0.054127 -0.595163 -0.423797 0.753664 -0.502381 -0.421361 -0.655028 -0.627211
2.897933 -410.246414 1440.895360 -55748.892255 0.833088 0.056759 -0.550220 -0.405706 0.738844 -0.538063 -0.375987 -0.671482 -0.638550
-4.870470 -524.247703 3431.391294 -148784.074629 -0.794481 -0.125879 0.594099 -0.366573 0.879360 -0.303892 -0.484173 -0.459217 -0.744779
8.762839 -979.916732 -4617.243809 -412907.716406 -0.810213 -0.019627 0.585807 0.006469 0.999079 0.042422 -0.586100 0.038160 -0.809340
1364.440583 -6768.010366 -5808963.826114 -21352599.737785 -0.354839 -0.360386 0.862677 0.843663 -0.521059 0.129344 0.402892 0.773705 0.488937
-212.637280 -6197.797820 -46947.262342 465909.460192 0.828215 0.000514 -0.560410 0.559087 -0.069434 0.826196 0.038487 0.997586 0.057794
-90.582678 -2605.515710 -55726.020602 -1735455.515708 0.717619 0.132942 -0.683630 -0.184218 0.982883 -0.002241 0.671630 0.127545 0.729826
14716.671102 -637.260845 100898741.773136 -200729.765468 -0.342165 -0.447379 -0.826302 0.770362 0.369956 -0.519303 0.538020 -0.814239 0.218058
8.856182 -19.784486 -1403.129152 -1516.396797 -0.582198 -0.603429 -0.544904 0.800790 -0.541516 -0.255921 -0.140644 -0.585350 0.798489
5.352872 -22.341097 -1705.032124 -2027.369233 -0.509064 -0.666852 -0.544209 0.853437 -0.473184 -0.218502 -0.111802 -0.575679 0.809996
10.829434 -25.146714 -2734.755694 -2075.969171 -0.546097 -0.638512 -0.542292 0.833342 -0.480168 -0.273824 -0.085551 -0.601449 0.794317
14.050569 -24.201165 -1574.772270 -1189.560150 -0.587195 -0.584323 -0.560151 0.800429 -0.522164 -0.294378 -0.120479 -0.621218 0.774321
15.219350 -253.473748 -3269.769125 54645.800925 -0.484980 -0.398133 -0.778643 0.461551 0.639732 -0.614584 0.742809 -0.657444 -0.126499
13.634811 -544.605876 -4058.295015 166962.388754 -0.578278 -0.412470 -0.703892 0.613917 0.348221 -0.708412 0.537309 -0.841790 0.051854
3.213512 -249.494068 -1054.353597 37816.900680 -0.519174 -0.363313 -0.773603 0.757696 0.223117 -0.613283 0.395417 -0.904557 0.159444
-82.805730 -2115.804618 15635.240671 671614.628477 0.041955 0.854027 -0.518534 -0.748227 -0.317077 -0.582768 0.662115 -0.412431 -0.625703
-37.247714 -1262.606275 -5261.827166 406698.299063 0.157790 0.894671 -0.417930 -0.717662 -0.186813 -0.670867 0.678280 -0.405789 -0.612594
-11.247852 -494.341421 -2266.024520 -137873.415315 0.212044 0.906511 -0.365069 0.932310 -0.075653 0.353660 0.292978 -0.415349 -0.861190
-33.910108 -2454.819849 -12564.406546 -874293.656445 0.244011 0.929006 -0.278220 0.968829 -0.220877 0.112176 0.042760 -0.296920 -0.953944
-11.967539 -35.865309 -1270.887722 2415.507320 -0.550140 -0.509950 -0.661284 0.266823 0.643034 -0.717853 0.791297 -0.571366 -0.217692
-15.195329 -37.276076 -2331.428756 283.135234 -0.560056 -0.518358 -0.646252 0.243449 0.642654 -0.726450 0.791877 -0.564182 -0.233728
-12.245132 -39.957117 -1530.966964 -2236.232669 -0.548403 -0.527019 -0.649234 0.223920 0.655491 -0.721243 0.805676 -0.540909 -0.241463
-35.748366 -46.766331 -2269.083153 2381.995472 0.965405 0.189388 0.179233 -0.213511 0.179570 0.960296 -0.149684 0.965343 -0.213794
-27.740575 -41.826152 -722.720190 2091.137945 0.986617 0.155110 -0.050274 0.034150 0.104923 0.993894 -0.159438 0.982309 -0.098222
-22.002796 -40.668530 4041.736306 3444.013748 0.857525 0.117542 0.500833 -0.502364 -0.018381 0.864461 -0.110816 0.992898 -0.043287
-52.425600 -71.327870 -1565.607870 4222.173443 0.913897 0.368678 0.169908 -0.377005 0.615623 0.692008 -0.150529 0.696481 -0.701609
-54.035093 -72.523194 -1416.185309 405.728579 0.902306 0.346605 0.256338 -0.430999 0.712623 0.553542 -0.009188 0.609945 -0.792390
-52.352119 -73.668875 -793.976128 753.872323 0.944676 0.323195 0.055961 -0.303409 0.796208 0.523446 -0.124618 0.511466 -0.850219
-49.472624 -69.999822 -722.013087 3196.113079 0.947817 0.314915 -0.049708 -0.201010 0.711305 0.673528 -0.247462 0.628389 -0.737488
16.479231 -20.907405 -5008.562150 2318.721674 0.624694 0.322073 0.711355 0.754194 -0.012780 -0.656528 -0.202358 0.946629 -0.250889
16.983644 -17.208145 -4950.133914 1111.270858 0.677269 0.315753 0.664535 0.716335 -0.076945 -0.693501 -0.167842 0.945716 -0.278298
43.010139 -21.774894 -10144.378984 1666.885192 0.605244 0.278767 0.745633 0.780054 -0.020916 -0.625363 -0.158735 0.960131 -0.230113
7.168534 -16.624329 -1812.198181 2623.048763 0.634530 0.324618 0.701424 0.751816 -0.048715 -0.657571 -0.179289 0.944590 -0.274964
33.095656 -26.066678 -7972.925610 1641.136311 0.589552 0.290177 0.753808 0.774922 0.060082 -0.629194 -0.227868 0.955085 -0.189443
14.693383 -26.555898 -3287.058924 1907.167113 0.603198 0.319463 0.730819 0.755453 0.065049 -0.651965 -0.255818 0.945363 -0.202102
8.048198 -21.014125 -1461.666091 2635.555759 0.586190 0.327188 0.741168 0.779737 0.020558 -0.625770 -0.219981 0.944736 -0.243069
-1.951307 -46.718529 1289.563237 -157.871382 0.810559 0.043001 0.584076 -0.390726 -0.703200 0.594006 -0.436265 0.709690 0.553183
-5.136712 -49.548056 279.605882 297.678240 0.721687 -0.094584 0.685728 -0.548844 -0.681854 0.483576 -0.421827 0.725348 0.543996
6.352005 -46.713496 745.379786 2019.257878 0.216763 0.971731 0.093550 0.574573 -0.049520 -0.816954 0.789227 -0.230837 0.569065
-3.696163 -49.467785 118.329788 -1392.261893 0.296098 0.953960 0.047827 0.674706 -0.173453 -0.717416 0.676090 -0.244695 0.695001
-3.276686 -52.935858 2459.154125 -1976.821091 0.177897 0.974711 0.135241 0.698853 -0.028384 -0.714702 0.692790 -0.221657 0.686229
16.711050 -42.699175 -4418.767820 3548.491604 -0.007581 0.934011 0.357164 0.600198 0.289932 -0.745454 0.799816 -0.208717 0.562789
31.819616 -43.326943 -5484.791199 3472.691923 0.107814 0.959626 0.259796 0.454150 0.184921 -0.871523 0.884378 -0.211949 0.415877
20.092330 -51.968240 -1488.551556 1518.250211 0.350845 0.936156 0.022814 0.417108 -0.134415 -0.898862 0.838408 -0.324877 0.437637
-18.631899 -54.924098 777.747870 6694.613170 0.850210 0.483375 -0.208547 0.483566 -0.560477 0.672332 -0.208103 0.672469 0.710266
-20.831647 -55.729140 -504.647936 7259.956253 0.840334 0.516200 -0.165459 0.473757 -0.551050 0.686948 -0.263426 0.655653 0.707619
-19.734614 -52.197521 -1418.515522 4392.059603 0.799957 0.577956 -0.161357 0.532858 -0.560558 0.633907 -0.275920 0.593079 0.756390
-20.069474 -45.620155 -2257.339475 -3945.665574 0.759479 0.613805 -0.215487 0.600922 -0.535079 0.593787 -0.249167 0.580460 0.775230
-21.367843 -59.164157 -450.507609 8114.523744 0.805124 0.563608 -0.184719 0.519322 -0.519462 0.678575 -0.286495 0.642266 0.710926
-17.160091 -97.086660 -2230.430976 -6196.556198 0.899899 0.411155 -0.145376 0.385112 -0.592816 0.707289 -0.204624 0.692475 0.691815
-6.514976 -87.423744 2102.509340 589.984689 0.846181 -0.515618 0.134596 -0.499828 -0.680354 0.535995 0.184796 0.520824 0.833423
0.031892 -49.751193 3519.469967 3696.657847 0.479367 0.784980 -0.392446 0.505924 -0.612567 -0.607292 0.717111 -0.092568 0.690784
31.921107 -53.668722 13411.545134 2670.293946 0.487517 0.769061 -0.413366 0.485336 -0.632256 -0.603905 0.725793 -0.093793 0.681489
2.113079 -57.989639 3908.202570 4107.872737 0.474309 0.786379 -0.395777 0.588119 -0.617564 -0.522236 0.655093 -0.014937 0.755400
-5.977620 -55.541494 1187.229409 3280.252504 0.502505 0.777026 -0.379103 0.557969 -0.626408 -0.544320 0.660424 -0.061996 0.748329
-7.598861 -53.096632 954.818657 788.459801 0.523790 0.752631 -0.398986 0.448100 -0.641778 -0.622356 0.724465 -0.147198 0.673411
-2.338685 -73.326533 -400.495196 -3186.336005 -0.779643 -0.625317 -0.033698 -0.614092 0.773972 -0.154462 0.122669 -0.099731 -0.987424
-1.253551 -72.505939 -170.563816 -4156.533009 -0.788569 -0.613638 -0.040087 -0.581734 0.765527 -0.274871 0.199359 -0.193435 -0.960645
-2.444578 -56.265028 -842.192228 -1868.790501 0.649068 0.727416 -0.222658 0.440272 -0.597887 -0.669844 0.620380 -0.336744 0.708330
-2.280966 -52.196344 -1092.940023 -1184.631206 0.672435 0.698140 -0.245829 0.507675 -0.676732 -0.533198 0.538607 -0.233740 0.809487
-4.153969 -54.002568 -935.397264 -1000.540158 0.668176 0.702540 -0.244907 0.530582 -0.680706 -0.505096 0.521560 -0.207550 0.827586
-0.144462 -36.113790 4191.605637 -2313.846131 0.815044 0.390552 -0.427986 0.190352 0.517177 0.834442 -0.547237 0.761575 -0.347180
4.236646 -36.283213 1248.160381 -2558.170973 0.787566 0.429788 -0.441614 0.209119 0.487711 0.847589 -0.579663 0.759882 -0.294228
-8.374555 -130.950390 1116.017394 1992.345388 0.729018 -0.176084 -0.661458 0.684351 0.207295 0.699066 -0.014023 0.962301 -0.271625
-12.276029 -130.403068 2475.471034 3287.767740 0.712453 -0.179142 -0.678468 0.698963 0.095551 0.708746 0.062138 0.979172 -0.193289
-8.904492 -127.226476 1947.977412 5911.043040 0.699353 -0.177886 -0.692287 0.651282 -0.240481 0.719723 0.294511 0.954214 0.052327
-1.996959 -260.744442 481.541166 -24002.701527 0.611020 -0.242357 -0.753603 0.004112 0.952941 -0.303129 0.791605 0.182118 0.583262
-3.163745 -271.566082 -410.090168 8978.653184 0.641655 -0.242430 -0.727672 -0.278737 0.810160 -0.515700 0.714552 0.533731 0.452270
-17.014627 -52.880507 925.038079 -936.294781 0.130935 0.847819 -0.513866 0.689531 0.294544 0.661658 -0.712323 0.440960 0.546031
7.889159 -1327.884714 2131.201397 399875.480824 -0.579987 0.779747 0.235818 0.651876 0.617848 -0.439684 0.488542 0.101287 0.866642
-48.274413 -290.260106 16844.210850 89381.764081 -0.191821 0.976653 0.096715 0.650630 0.200324 -0.732496 0.734769 0.077582 0.673866
4.599057 -34.166721 474.379005 -3120.366557 0.514224 0.337071 0.788642 0.857642 -0.196781 -0.475108 -0.004955 0.920685 -0.390276
0.029530 -16.375747 -774.268529 -54.606254 -0.129006 -0.803632 -0.580976 0.937543 -0.289712 0.192561 -0.323064 -0.519849 0.790814
5.841737 -17.025888 -1237.475025 519.489160 -0.196276 -0.776562 -0.598688 0.937344 -0.327837 0.117937 -0.287858 -0.538028 0.792252
3.212829 -19.233103 -1755.038754 -641.199808 -0.313712 -0.725734 -0.612286 0.887399 -0.453496 0.082852 -0.337798 -0.517351 0.786283
-16.254684 -28.367930 -826.052280 -1357.234724 0.681200 -0.187920 0.707568 -0.348060 0.767146 0.538833 -0.644065 -0.613329 0.457173
-17.395921 -100.362054 -422.460922 -3319.983714 0.870464 -0.432680 0.234694 0.456577 0.531565 -0.713426 -0.183930 -0.728167 -0.660260
-17.684121 -90.787745 -729.266532 -4125.744949 0.886656 -0.416333 0.201268 0.364505 0.361393 -0.858214 -0.284566 -0.834303 -0.472187
-17.233252 -94.308275 -810.605032 -3295.692923 0.863032 -0.467256 0.191957 0.433265 0.489315 -0.756870 -0.259725 -0.736372 -0.624740
-17.284747 -102.259857 -1056.951881 -2857.408642 0.848725 -0.478248 0.225710 0.510456 0.629323 -0.585992 -0.138205 -0.612561 -0.778247
-17.240918 -108.037178 -67.194538 -1661.099072 0.858946 -0.433120 0.273164 0.509096 0.664937 -0.546516 -0.055071 -0.608495 -0.791645
