14514
29018
-40.710604 -67.008985 1952.992312 9419.915944 0.212324 -0.957193 0.196724 0.972874 0.188136 -0.134616 0.091843 0.219970 0.971174
-46.914833 -74.138055 -266.058104 6862.719227 0.183610 -0.948228 0.259136 0.982913 0.180580 -0.035662 -0.012979 0.261256 0.965182
-39.371861 -89.303585 3370.094632 12249.966659 0.427408 -0.885173 0.183822 0.902259 0.430472 -0.024973 -0.057024 0.176528 0.982642
-44.286187 -65.193972 -844.321289 4727.217308 -0.238301 -0.913398 0.330025 0.971087 -0.229074 0.067193 0.014226 0.336495 0.941578
-25.519065 -85.973425 -5595.259550 16004.723286 -0.373795 0.925031 -0.067780 0.916709 0.357333 -0.178768 0.141146 0.128958 0.981554
-36.164340 -57.928664 -4050.058177 8659.099583 -0.227542 0.964578 -0.133470 0.953712 0.193077 -0.230555 0.196618 0.179753 0.963862
-36.005808 -52.332578 -70.835764 4409.152837 -0.350373 -0.885111 0.306296 0.923019 -0.381813 -0.047489 0.158981 0.266078 0.950751
11.991726 -78.095558 -13988.420851 495.032625 0.420517 0.873186 -0.246397 -0.282973 -0.131803 -0.950029 0.862028 -0.469227 -0.191662
19.593853 -77.350245 -15710.673778 -2150.400793 0.433979 0.878981 -0.197622 -0.116309 -0.162857 -0.979770 0.893384 -0.448185 -0.031557
41.868048 -87.208703 -14580.701808 -2958.397776 0.358574 0.898979 -0.251518 -0.273034 -0.156654 -0.949164 0.892680 -0.409018 -0.189280
-4.156940 -73.949192 -11878.005010 -653.929891 0.438370 0.878148 -0.191540 -0.124093 -0.151934 -0.980570 0.890187 -0.453621 -0.042369
30.469944 -85.467055 -14325.181615 -674.306365 0.343011 0.886921 -0.309378 -0.460806 -0.128123 -0.878204 0.818536 -0.443797 -0.364751
-13.542070 -73.134447 -8625.381603 856.251829 0.408485 0.892001 -0.193584 -0.206693 -0.116180 -0.971484 0.889054 -0.436849 -0.136913
-13.911977 -72.388153 -8469.539014 2562.350207 0.397333 0.890591 -0.221300 -0.337259 -0.082560 -0.937785 0.853453 -0.447249 -0.267556
2.987642 -76.220980 -12503.779827 939.172722 0.387373 0.875512 -0.288826 -0.454609 -0.091147 -0.886015 0.802043 -0.474521 -0.362708
49.975979 -51.085264 -8991.921602 -4260.266908 0.745154 -0.661223 -0.086768 0.332249 0.255273 0.907990 0.578235 0.705421 -0.409909
70.725401 -68.485537 8572.790723 4030.091492 -0.691458 0.721039 0.044594 -0.250263 -0.181175 -0.951075 0.677683 0.668789 -0.305724
55.130515 -56.515041 -10398.998549 -7538.388613 0.792321 -0.609247 -0.032330 0.228620 0.247354 0.941567 0.565650 0.753415 -0.335270
32.564853 -46.097657 -8655.663020 -5721.599543 0.849262 -0.527917 0.007619 0.189625 0.318455 0.928778 0.492744 0.787331 -0.370558
33.643406 -39.856379 -9731.953282 -2963.353732 0.747235 -0.646778 -0.152700 0.408551 0.265861 0.873157 0.524142 0.714840 -0.462903
50.260680 -51.152346 -9227.902236 -3198.978343 0.647616 -0.741872 -0.173835 0.471263 0.210705 0.856455 0.598752 0.636576 -0.486073
25.082888 -40.225423 -8257.629297 -2764.665771 0.838178 -0.545077 -0.018685 0.248587 0.351315 0.902653 0.485451 0.761228 -0.429963
34.541673 -90.614979 -3128.971441 -4871.727530 -0.679846 -0.733075 -0.020262 0.733101 -0.678624 -0.045081 0.019298 -0.045502 0.998778
32.505568 -81.952111 3678.495303 1932.145427 0.610682 0.789895 -0.055971 0.765932 -0.607142 -0.211487 0.201035 -0.086281 0.975777
37.901301 -77.900227 3512.965607 6714.867433 0.616635 0.787214 0.007465 0.745503 -0.580863 -0.326838 0.252956 -0.207104 0.945051
47.337642 -90.015666 -1702.699121 7866.950203 -0.682143 -0.720963 -0.122042 0.714393 -0.621500 -0.321528 0.155960 -0.306514 0.939003
54.438763 -121.338619 -15537.333712 16111.352820 0.911090 -0.369603 0.182506 -0.303074 -0.300543 0.904334 0.279393 0.879243 0.385839
43.815757 -116.510849 -13091.540988 -3684.735158 0.906527 -0.395041 0.148835 -0.181480 -0.046364 0.982301 0.381148 0.917493 0.113722
68.166748 -122.552401 -11133.989545 10097.802840 0.855838 -0.507342 0.100722 -0.245647 -0.227304 0.942332 0.455190 0.831226 0.319163
55.800021 -105.263001 -18006.164313 14313.433147 0.902576 -0.370341 0.219554 -0.375604 -0.428097 0.821982 0.210423 0.824367 0.525491
37.771175 -112.197506 -12383.475253 14444.929538 0.899929 -0.361152 0.244329 -0.381852 -0.382226 0.841482 0.210514 0.850572 0.481883
67.849560 -111.118022 -18180.705027 15768.821062 0.891227 -0.423735 0.161750 -0.349661 -0.414755 0.840068 0.288879 0.805250 0.517805
-2.441257 -45.503348 -518.893361 54.138509 0.028565 0.986158 -0.163331 -0.158089 0.165798 0.973406 -0.987012 0.001984 -0.160636
-0.351267 -46.058040 -765.037103 218.328278 0.019233 0.986545 -0.162354 -0.182274 0.163122 0.969622 -0.983060 -0.010944 -0.182959
-1.353256 -47.813635 -1154.640121 -380.884626 0.008394 0.989070 -0.147211 -0.027403 0.147388 0.988699 -0.999589 0.004265 -0.028341
2.737527 -89.453140 -7.641817 -2266.644798 0.068313 0.982976 0.170564 0.639384 0.088102 -0.763824 0.765847 -0.161235 0.622480
-2.018116 -85.340521 -120.858675 -6621.076209 0.042590 0.979170 0.198526 0.809295 0.082708 -0.581550 0.585856 -0.185434 0.788915
2.009243 -93.379874 -490.963769 -3718.271300 0.021169 0.972194 0.233218 0.671226 0.159060 -0.723986 0.740950 -0.171868 0.649195
-1.424376 -82.834120 818.740272 -4398.628490 0.085573 0.987180 0.134731 0.775643 0.018868 -0.630889 0.625343 -0.158491 0.764085
4.410910 -83.956242 790.237910 -1662.496931 0.123364 0.987871 0.094294 0.606697 0.000114 -0.794933 0.785302 -0.155274 0.599325
-0.458747 -91.438161 -4.820465 -11295.394494 -0.002215 0.951119 0.308816 0.690842 -0.221821 0.688137 -0.723002 -0.214867 0.656582
-1.938798 -112.731741 -145.534142 -11771.017021 0.006178 0.950023 0.312118 0.836150 -0.176100 0.519463 -0.548466 -0.257768 0.795450
-0.734600 -90.983732 -198.639340 -10272.630892 -0.020263 0.953140 0.301850 0.692098 -0.204508 0.692226 -0.721520 -0.222936 0.655522
-1.193588 -114.327207 -55.639736 -12475.146253 0.021513 0.946167 0.322963 0.832331 -0.195909 0.518503 -0.553862 -0.257657 0.791739
-0.086529 -73.844941 -40.047172 -5088.763444 -0.014854 0.951719 0.306610 0.557414 -0.246692 0.792737 -0.830102 -0.182684 0.526838
0.104768 -73.464074 152.079781 -6000.765381 -0.004883 0.953050 0.302773 0.555290 -0.249221 0.793437 -0.831643 -0.172001 0.528002
-0.007922 -91.838591 89.976297 -12181.216054 0.011898 0.948523 0.316486 0.686462 -0.237887 0.687153 -0.727068 -0.209080 0.653955
-1.211845 -70.667887 89.133859 -4500.990074 0.039088 0.999221 -0.005344 0.117545 0.000712 0.993067 -0.992298 0.039445 0.117425
-1.843514 -62.296771 228.176027 -3408.929119 0.033898 0.999297 -0.015989 -0.057416 0.017919 0.998189 -0.997775 0.032918 -0.057983
-1.697244 -61.947293 85.403591 -3909.004379 0.025232 0.999511 -0.018471 -0.089936 0.020672 0.995733 -0.995628 0.023463 -0.090414
70.433131 -80.338696 -8193.415954 -1484.626110 0.820413 -0.553167 0.144669 -0.494610 -0.559667 0.664931 0.286852 0.617072 0.732761
78.123999 -87.017083 3532.909616 -4003.421885 0.740745 -0.671704 0.010556 -0.494162 -0.534175 0.685901 0.455083 0.513294 0.727618
71.099218 -84.781598 1113.043374 -6339.847152 0.751686 -0.654402 0.082014 -0.572250 -0.585336 0.574379 0.327869 0.478685 0.814470
10.682200 -67.671412 621.972589 857.693905 -0.095784 0.919178 0.382016 0.069837 -0.376629 0.923728 -0.992949 -0.115158 0.028117
12.421418 -81.102876 827.048328 175.490029 -0.083546 0.928303 0.362318 0.138956 -0.349184 0.926694 -0.986768 -0.127768 0.099820
16.234700 -74.080787 1737.265363 -2269.620468 -0.090333 0.893128 0.440639 0.243613 -0.409190 0.879327 -0.965657 -0.186777 0.180614
17.397808 -85.034871 1072.626923 -3157.241442 -0.116043 0.898625 0.423092 0.406098 -0.345813 0.845871 -0.906432 -0.269974 0.324801
10.779769 -82.183200 -2726.781454 -7948.218318 -0.194739 0.865989 0.460587 0.295296 -0.396029 0.869461 -0.935349 -0.305327 0.178600
-1.459645 -63.690946 153.963204 26.712032 0.258319 0.941391 -0.216918 -0.758411 0.058532 -0.649143 0.598401 -0.332199 -0.729081
-0.364340 -67.042181 -181.627391 -1173.173970 0.242192 0.941020 -0.236273 -0.851930 0.089727 -0.515911 0.464283 -0.326237 -0.823414
-0.854236 -62.354001 -61.921718 -565.887655 0.246613 0.943202 -0.222602 -0.763445 0.047597 -0.644117 0.596937 -0.328793 -0.731821
103.952101 -40.780452 75663.901388 424.082046 0.350929 0.850918 -0.390880 0.142227 0.364149 0.920417 -0.925538 0.378595 -0.006766
108.777942 -37.811961 50506.463790 264.863260 0.255162 0.871419 -0.418953 0.271621 0.351246 0.896018 -0.927963 0.342426 0.147070
219.018192 -40.749300 105763.001341 589.330578 0.221276 0.867853 -0.444823 0.146780 0.421296 0.894967 -0.964102 0.263326 0.034160
5.908002 -185.325644 689.755477 26568.160842 0.762126 -0.117991 0.636586 -0.294470 0.812490 0.503137 -0.576586 -0.570909 0.584475
7.451278 -136.274296 223.235080 13828.100986 0.755322 -0.095994 0.648286 -0.157949 0.933389 0.322238 -0.636035 -0.345790 0.689847
3.536447 -196.345625 3173.818573 35011.869190 0.775820 -0.109342 0.621407 -0.241772 0.858179 0.452853 -0.582794 -0.501571 0.639357
-0.458867 -242.647967 5406.145707 -53858.906132 0.772905 -0.102136 0.626247 0.404242 -0.681484 -0.610055 -0.489086 -0.724670 0.485435
10.289404 -102.268190 -2797.241585 -11687.536728 -0.649690 0.176597 -0.739403 -0.268874 0.856394 0.440790 0.711062 0.485183 -0.508909
7.112949 -90.129194 -3444.794588 -7677.401805 -0.638097 0.176976 -0.749341 -0.178662 0.912629 0.367679 0.748941 0.368494 -0.550727
5.744212 -99.011261 -1609.273005 -7916.907285 -0.650926 0.212943 -0.728664 -0.234420 0.856561 0.459729 0.722041 0.470063 -0.507639
8.620687 -115.421573 -1471.557163 -9101.432012 -0.662400 0.229039 -0.713280 -0.331348 0.764352 0.553150 0.671889 0.602750 -0.430415
2.909604 -101.128916 -453.730788 -6070.449618 -0.663367 0.246266 -0.706610 -0.224998 0.834953 0.502225 0.713667 0.492145 -0.498471
0.660042 -91.795165 -278.975054 -3595.476909 -0.660529 0.232031 -0.714047 -0.137864 0.897393 0.419141 0.738034 0.375296 -0.560766
1.009098 -143.532865 -2561.705049 -1898.389539 0.696455 -0.287138 0.657650 0.462939 -0.520467 -0.717497 -0.548305 -0.804155 0.229555
4.544547 -134.464751 -800.170827 92.990591 0.675476 -0.241385 0.696753 0.595969 -0.377716 -0.708627 -0.434227 -0.893904 0.111280
2.385223 -144.851438 -2014.075318 1569.496425 0.676221 -0.262129 0.688486 0.595568 -0.355560 -0.720331 -0.433618 -0.897143 0.084321
-41.833119 -84.742849 5043.395381 9501.361758 0.823223 -0.116280 0.555682 -0.448948 -0.732444 0.511832 -0.347490 0.670824 0.655168
-41.101201 -100.582068 5417.821423 6004.076513 0.782045 -0.182305 0.595962 -0.589561 -0.526430 0.612609 -0.202050 0.830444 0.519171
-43.179385 -86.210681 3127.458030 9620.771991 0.800145 -0.069773 0.595734 -0.457372 -0.713532 0.530738 -0.388044 0.697140 0.602842
-35.329445 -101.479141 5764.510809 6413.353972 0.810567 -0.220880 0.542396 -0.560993 -0.558725 0.610830 -0.168130 0.799399 0.576796
-34.696381 -65.532764 -2913.363647 7384.486246 0.844719 0.133992 0.518165 -0.188622 -0.831507 0.522512 -0.500870 0.539113 0.677116
-34.987932 -83.241055 4610.263207 9156.686252 0.819246 -0.189460 0.541241 -0.479315 -0.744365 0.464950 -0.314791 0.640333 0.700628
-35.444487 -62.678639 2320.391783 7971.815384 0.863129 0.035385 0.503741 -0.230072 -0.860439 0.454656 -0.449527 0.508324 0.734529
-4.716496 -29.582065 2539.463196 -1127.140833 0.022489 0.827962 -0.560333 0.829923 0.297041 0.472223 -0.557425 0.475653 0.680464
-4.903365 -28.019503 1249.988828 -840.554631 -0.109566 0.773314 -0.624485 0.789026 0.449760 0.418514 -0.604511 0.446880 0.659443
-9.002927 -33.414869 3044.605580 -782.796786 -0.089082 0.791811 -0.604234 0.807123 0.412853 0.422025 -0.583624 0.450097 0.675866
-9.891761 -35.742796 3476.865699 -1289.482595 0.058178 0.850525 -0.522707 0.848645 0.233613 0.474580 -0.525754 0.471203 0.708203
-4.087990 -32.807193 3199.842526 -805.086599 0.097049 0.847634 -0.521630 0.857812 0.194542 0.475722 -0.504717 0.493629 0.708231
36.431161 -21.416267 2164.627783 3340.158010 -0.152390 0.837835 0.524223 -0.733237 0.259806 -0.628382 0.662677 0.480139 -0.574740
41.714094 -21.717979 -2276.737896 4622.353121 -0.080095 0.903471 0.421101 -0.743665 0.227143 -0.628783 0.663738 0.363520 -0.653686
37.267442 -30.217553 -1762.266238 521.672177 -0.127505 0.919709 0.371320 -0.671365 0.195541 -0.714865 0.730076 0.340440 -0.592528
-7.110729 -14.681932 1260.336817 2022.247064 -0.424127 0.827550 0.367800 -0.505258 0.120815 -0.854470 0.751552 0.548237 -0.366885
-6.532300 -9.329602 727.799579 775.906495 -0.557068 0.825011 0.095037 -0.373352 -0.146574 -0.916038 0.741811 0.545778 -0.389671
-3.672909 -13.245729 1349.097059 1685.759403 -0.476486 0.828891 0.293089 -0.465902 0.044649 -0.883709 0.745584 0.557626 -0.364907
-9.743640 -11.028000 1163.910239 77.607777 -0.640992 0.741897 -0.196767 -0.193793 -0.404484 -0.893777 0.742680 0.534772 -0.403046
-4.814441 -18.750243 1241.379851 2281.583037 -0.445666 0.826353 0.344272 -0.465607 0.114493 -0.877554 0.764586 0.551391 -0.333730
-7.733580 -20.552619 994.178408 2611.972494 -0.371214 0.808769 0.456172 -0.512829 0.230980 -0.826834 0.774084 0.540871 -0.329018
-9.600863 -16.551543 1284.675492 2588.766972 -0.363181 0.819359 0.443566 -0.543043 0.200701 -0.815367 0.757102 0.537001 -0.372056
8.024031 -93.705353 402.910222 -17101.942348 0.181234 0.981959 -0.053956 -0.440544 0.130116 0.888252 -0.879247 0.137211 -0.456177
7.814639 -96.103704 -1033.505125 -6421.712068 0.114042 0.993342 -0.016324 -0.412315 0.062273 0.908911 -0.903876 0.096923 -0.416671
6.449142 -71.777745 -869.065641 -14010.898076 0.146140 0.988500 -0.038860 -0.544251 0.113140 0.831258 -0.826095 0.100330 -0.554527
4.110121 -65.730062 1736.963079 -25093.887991 0.205510 0.976803 -0.060175 -0.582909 0.171566 0.794218 -0.786119 0.128143 -0.604646
5.579878 -52.689901 -115.274296 -12602.488694 0.163612 0.985802 -0.037748 -0.637693 0.134877 0.758390 -0.752714 0.100011 -0.650707
3.961378 -68.424102 -983.177377 -3614.117789 0.074376 0.996730 0.031589 -0.626090 0.022017 0.779440 -0.776195 0.077749 -0.625680
-18.746912 -1328.805140 -5634.874433 471410.563049 -0.014869 -0.030668 -0.999419 0.068422 0.997155 -0.031617 0.997546 -0.068853 -0.012728
-31.017139 -525.621299 -3832.032887 212465.597180 0.010200 0.030779 -0.999474 -0.137908 0.990018 0.029080 0.990392 0.137539 0.014342
-8.069468 -510.490284 -3772.399720 192175.465251 0.035069 0.106787 -0.993663 -0.137600 0.985321 0.101034 0.989867 0.133185 0.049248
3.515242 -753.298509 1475.063707 237591.041821 -0.037681 0.033621 -0.998724 0.130591 0.991029 0.028435 0.990720 -0.129353 -0.041733
-22.697024 -283.281989 -3811.951442 3417.468808 -0.076888 0.032923 -0.996496 0.677877 0.734641 -0.028032 0.731144 -0.677657 -0.078803
10.612833 -112.496625 2973.718917 14.605401 0.237111 -0.896759 -0.373632 0.931834 0.101187 0.348492 -0.274707 -0.430795 0.859623
9.754982 -111.270755 4126.486894 -206.791373 0.281217 -0.882838 -0.376182 0.889864 0.093150 0.446615 -0.359247 -0.460347 0.811802
15.391425 -107.961819 -1699.453111 -3821.158627 -0.218652 0.904316 0.366612 0.823533 -0.030519 0.566446 -0.523435 -0.425772 0.738061
5.209444 -106.105478 3734.576481 5250.922272 0.285651 -0.881492 -0.375999 0.951369 0.213620 0.221955 -0.115331 -0.421115 0.899645
17.961557 -10.917920 -1252.882226 17737.922918 0.155289 -0.679605 0.716954 0.300147 0.723907 0.621185 -0.941168 0.118728 0.316396
-15.866469 -42.779461 4600.369468 12181.903499 0.243063 -0.637860 0.730791 0.114772 0.767004 0.631294 -0.963197 -0.069570 0.259639
-8.053285 -33.067283 4093.565729 5607.474009 0.211091 -0.088901 0.973415 -0.000811 0.995839 0.091124 -0.977466 -0.020025 0.210140
-75.068609 -150.092650 2145.132488 -78086.429890 -0.023867 0.996755 0.076873 -0.129952 -0.079336 0.988341 -0.991233 -0.013599 -0.131424
0.962332 -42.668592 -30383.994656 -6745.654107 -0.070651 -0.646565 0.759580 0.186440 0.739504 0.646818 -0.979923 0.187314 0.068298
-25.126803 -54.271440 -2459.682357 12834.916098 -0.014185 0.633941 0.773251 -0.223314 0.751787 -0.620441 -0.974643 -0.181479 0.130904
-51.038051 -59.310088 -102.898877 -4404.625088 0.967403 -0.074607 0.242004 -0.030910 0.913687 0.405241 0.251350 0.399512 -0.881597
-49.589988 -51.815779 -398.312462 -4386.859909 -0.916428 0.337789 -0.214611 0.249066 0.901150 0.354818 0.313250 0.271713 -0.909971
-51.976835 -56.074505 1886.369494 -3376.980329 0.982188 -0.068747 0.174872 0.003395 0.937006 0.349296 0.187869 0.342481 -0.920550
-52.855451 -61.650320 1191.467474 -2800.183972 0.991223 0.024355 0.129936 -0.081390 0.886948 0.454641 0.104173 0.461226 -0.881146
-52.338284 -62.773379 200.319648 -2146.826386 0.984686 -0.087766 0.150634 -0.008482 0.838897 0.544225 0.174130 0.537168 -0.825305
-32.872530 -232.170771 5915.486068 88285.727584 0.000161 0.908320 -0.418276 -0.592220 0.337123 0.731863 -0.805776 -0.247594 -0.537979
-60.605024 -466.855663 3472.928279 211642.098443 0.043413 0.905802 -0.421471 -0.462679 0.392130 0.795086 -0.885462 -0.160489 -0.436119
-192.479565 -511.622513 2817.815581 207946.135653 -0.169268 0.927288 -0.333893 -0.470301 0.221726 0.854198 -0.866121 -0.301619 -0.398573
-1.591200 -37.703587 -8691.185050 -3430.379973 0.716944 0.600765 0.353656 -0.044315 0.545550 -0.836906 0.695721 -0.584342 -0.417752
24.764725 -38.362342 -10267.623820 -2174.044227 0.644383 0.742030 0.184830 -0.262528 0.441674 -0.857906 0.718226 -0.504297 -0.479411
4.656504 -41.291604 -10638.540140 -3217.186626 0.708667 0.660213 0.248816 -0.219749 0.541659 -0.811367 0.670449 -0.520312 -0.528937
40.859915 -31.063070 -11373.725818 289.738440 -0.547999 0.810143 0.208241 -0.209871 -0.374150 0.903308 -0.809723 -0.451309 -0.375059
39.954278 -35.802499 -11587.998041 691.808520 -0.466338 0.878228 0.106042 -0.368544 -0.301860 0.879236 -0.804179 -0.370940 -0.464435
46.686628 -34.799759 1700.316721 342.273486 -0.337471 0.928429 0.155345 -0.328751 -0.270877 0.904736 -0.882063 -0.254252 -0.396636
22.738658 -32.082680 -14833.299638 266.518511 -0.627266 0.739173 0.245278 -0.201647 -0.458348 0.865596 -0.752247 -0.493499 -0.436558
50.791108 -30.745889 3807.361847 2451.410801 -0.351269 0.909346 0.222937 -0.170348 -0.296209 0.939810 -0.920647 -0.292149 -0.258954
52.914348 -28.228695 -8196.843012 2821.048588 -0.532170 0.809835 0.246906 -0.090104 -0.344149 0.934581 -0.841829 -0.475109 -0.256115
12.023460 -34.831878 -8066.902197 -795.924219 -0.659928 0.589116 0.466301 -0.004918 0.617235 -0.786764 -0.751312 -0.521501 -0.404433
28.325915 -33.404374 -13869.646176 2193.291739 -0.672063 0.648945 0.356653 -0.009861 -0.489443 0.871979 -0.740428 -0.582508 -0.335336
14.871916 -49.857981 -989.261327 -10239.717958 0.040403 0.875500 0.481527 -0.379117 0.459315 -0.803305 0.924466 0.150099 -0.350474
11.855398 -48.657673 -1533.744128 -5756.741188 0.065069 0.911156 0.406891 -0.391228 0.398404 -0.829587 0.917991 0.105207 -0.382394
11.008570 -40.579186 -1338.289304 934.729829 0.054995 0.876340 0.478543 -0.353860 0.465267 -0.811363 0.933680 0.124716 -0.335689
5.809924 -49.846826 51.592163 11065.495502 0.016823 0.914483 0.404275 -0.312353 0.388903 -0.866712 0.949817 0.111696 -0.292184
8.095222 -39.190477 -2085.333866 8397.733250 0.056032 0.828488 0.557197 -0.322543 0.543171 -0.775197 0.944895 0.136284 -0.297658
0.883138 -106.338885 -637.539983 8875.100933 0.031804 0.939947 0.339835 0.999135 -0.020787 -0.036012 -0.026785 0.340687 -0.939795
3.899928 -109.732008 -1216.220030 -339.892163 0.072264 0.938440 0.337798 0.986946 -0.116156 0.111558 0.143928 0.325327 -0.934584
4.356946 -112.827792 -900.541665 10686.411704 0.043583 0.938083 0.343657 0.999035 -0.039063 -0.020069 -0.005402 0.344200 -0.938881
-2.517672 -17.296053 -649.227458 3672.103981 0.241486 0.533098 0.810858 0.850484 -0.518639 0.087691 0.467291 0.668446 -0.578636
1.640679 -26.233164 720.451291 -2279.063820 0.578077 0.259838 0.773506 0.644742 -0.726467 -0.237809 0.500135 0.636184 -0.587482
0.512469 -26.927249 -413.349397 1255.979670 0.328284 0.486721 0.809526 0.830724 -0.556680 -0.002182 0.449585 0.673209 -0.587080
4.616361 -27.185804 3899.868483 3938.149459 0.028402 0.633793 0.772981 0.912144 -0.332747 0.239315 0.408884 0.698273 -0.587562
10.633389 -125.576770 365.142832 -1706.908479 0.834011 0.471100 0.287212 -0.104726 -0.375923 0.920714 -0.541718 0.797964 0.264188
11.101491 -128.372254 222.655680 -1523.970669 0.831234 0.471306 0.294822 0.017872 -0.552712 0.833181 -0.555635 0.687300 0.467856
11.117054 -125.310588 -144.024937 -345.061514 0.821222 0.489238 0.293666 -0.069957 -0.424446 0.902746 -0.566304 0.761900 0.314339
-7.568570 -51.573300 -522.857518 -4574.910263 0.073612 0.956270 0.283071 -0.490630 -0.212392 0.845087 -0.868253 0.201091 -0.453540
-3.789874 -43.783694 -88.853793 -4125.051162 0.042033 0.930747 0.363239 -0.632830 -0.256533 0.730559 -0.773149 0.260576 -0.578222
-6.801507 -45.426504 -213.396483 -3192.433528 0.015462 0.931195 0.364194 -0.522928 -0.302923 0.796733 -0.852236 0.202767 -0.482264
1.420667 -167.064620 -915.555249 701.310031 0.762249 0.437224 0.477297 -0.217755 -0.521192 0.825192 -0.609557 0.732935 0.302070
0.174760 -163.321790 -306.315548 5645.386632 0.766844 0.437989 0.469165 -0.239297 -0.483168 0.842191 -0.595556 0.758099 0.265705
2.136160 -165.682479 -493.762765 475.750635 0.766080 0.444858 0.463921 -0.334612 -0.340226 0.878795 -0.548777 0.828461 0.111785
8.912199 -58.333742 -5280.836098 -6232.622800 0.751139 0.143774 0.644297 0.163636 0.904984 -0.392718 -0.639541 0.400417 0.656242
11.961538 -54.550601 -3710.688182 -5606.598809 0.767317 0.098241 0.633698 0.164186 0.925160 -0.342232 -0.619893 0.366645 0.693761
-0.177728 -65.872129 -6105.163201 7809.467805 0.748701 0.258060 0.610616 0.043001 0.900271 -0.433200 -0.661511 0.350594 0.662938
-2.102739 -16.369495 7236.861825 -2688.891066 0.734441 0.333474 0.591094 0.090921 0.814758 -0.572628 -0.672555 0.474304 0.568071
4.263243 -21.249660 4893.586690 -1368.536540 0.723139 0.293625 0.625184 0.176500 0.796535 -0.578256 -0.667771 0.528504 0.524181
-1.964108 -18.008175 1284.765588 -1418.428119 0.636294 0.028448 0.770922 0.349393 0.880325 -0.320862 -0.687790 0.473517 0.550206
-8.159618 -14.522960 878.654936 4584.496322 0.328121 -0.507664 0.796627 0.626034 0.748392 0.219070 -0.707403 0.426834 0.563377
3.624970 -22.491434 -7652.990175 -82.409167 0.534506 -0.105650 0.838535 0.442681 0.880168 -0.171282 -0.719956 0.462755 0.517224
-2.113767 -20.563001 -2114.710128 1805.647545 0.379398 -0.407151 0.830834 0.556641 0.817727 0.146540 -0.739059 0.406879 0.536881
24.407380 -149.642275 -710.190148 -5704.744977 0.882672 0.283911 0.374547 -0.012942 0.811305 -0.584480 0.469812 -0.511056 -0.719790
16.912927 -143.722811 -2178.864593 -4964.771977 0.908379 0.286220 0.304838 -0.013559 0.748797 -0.662661 0.417928 -0.597814 -0.684072
24.659281 -130.126767 -2536.367673 -15788.755498 0.896263 0.312201 0.315029 0.023281 0.676192 -0.736358 0.442912 -0.667304 -0.598777
-17.289729 -50.787460 -2.308304 747.770565 -0.455002 0.890464 0.006854 -0.733629 -0.370478 -0.569680 0.504740 0.264234 -0.821838
-17.543565 -51.479609 -72.390692 1160.871693 -0.454052 0.890002 -0.041637 -0.745001 -0.404878 -0.530140 0.488683 0.209692 -0.846887
-17.732726 -50.342572 306.763824 522.293271 -0.464695 0.885464 0.003518 -0.779521 -0.407205 -0.475954 0.420007 0.223916 -0.879463
-17.367042 -48.641416 38.901603 275.229754 -0.463595 0.884606 0.050521 -0.740658 -0.355599 -0.570066 0.486318 0.301699 -0.820044
14.678350 -95.744565 841.922437 8027.742216 0.218643 0.715487 0.663531 0.925969 0.062402 -0.372408 -0.307858 0.695833 -0.648875
17.928721 -107.055525 -1235.884091 17510.620068 0.156040 0.772592 0.615430 0.885942 0.166033 -0.433060 -0.436760 0.612809 -0.658563
25.180295 -82.253336 -1592.252432 15042.569178 0.158224 0.787026 0.596284 0.959467 0.020084 -0.281104 -0.233212 0.616593 -0.751948
12.914203 -101.072982 935.000067 -9016.470627 0.353262 0.723672 0.592878 0.917763 -0.145173 -0.369642 -0.181430 0.674702 -0.715444
21.565323 -70.426449 1081.766098 6195.210341 0.186059 0.777186 0.601136 0.972791 -0.059747 -0.223847 -0.138054 0.626429 -0.767156
25.817057 -87.239344 1122.207893 17609.857298 0.159479 0.796368 0.583407 0.962932 0.004746 -0.269703 -0.217551 0.604793 -0.766092
19.087758 -122.747841 -1426.955929 -10589.857516 0.120717 0.872076 0.474247 -0.842846 -0.162350 0.513081 -0.524440 0.461655 -0.715428
23.645205 -208.849348 1278.202971 -43218.819396 0.176191 0.838764 0.515201 -0.726795 -0.242136 0.642759 -0.663872 0.487694 -0.566947
18.711960 -205.126025 -3581.097736 -36186.722769 0.067105 0.883167 0.464234 -0.687493 -0.296271 0.663007 -0.723084 0.363648 -0.587289
12.596350 -133.436521 -4868.579518 -4697.678381 0.039445 0.909947 0.412844 -0.802948 -0.217054 0.555124 -0.594743 0.353389 -0.722078
8.829354 -109.328938 -4666.686885 348.409730 -0.006865 0.902114 0.431443 0.926640 0.167920 -0.336364 -0.375886 0.397483 -0.837088
-54.889817 -79.173909 -226.729971 3941.553952 0.193554 -0.938000 0.287562 0.969695 0.227445 0.089215 -0.149088 0.261580 0.953598
65.006898 -78.483404 -11966.556465 -14163.122525 0.790930 -0.611867 -0.006995 0.161876 0.198198 0.966703 0.590107 0.765726 -0.255807
79.544574 -95.218521 5110.089932 14385.769446 -0.673318 0.739268 -0.011200 -0.147965 -0.149576 -0.977616 0.724395 0.656590 -0.210098
29.504855 -84.551849 4583.140105 -5599.509445 0.651562 0.755373 -0.069853 0.755443 -0.654483 -0.030936 0.069086 0.032614 0.997077
28.503904 -79.667092 233.562851 -383.352046 0.605838 0.793037 -0.063666 0.784661 -0.608818 -0.116821 0.131405 -0.020818 0.991110
34.449916 -75.224649 -685.316089 7325.265977 0.569961 0.820088 -0.050990 0.777267 -0.558243 -0.290209 0.266461 -0.125775 0.955604
60.934646 -110.708178 -12399.588020 -11505.664557 0.863164 -0.498744 0.078758 -0.070755 0.034966 0.996881 0.499942 0.866044 0.005108
-3.764220 -45.983811 -123.325084 92.583936 0.040552 0.987457 -0.152588 -0.270579 0.157861 0.949667 -0.961843 -0.002776 -0.273587
-3.651963 -46.051076 -107.691198 -352.570419 0.047105 0.988102 -0.146411 -0.378332 0.153302 0.912887 -0.924471 -0.012390 -0.381052
-3.707959 -45.271059 -139.535974 -231.645970 0.035908 0.989240 -0.141826 -0.409100 0.144032 0.901050 -0.911783 -0.025666 -0.409870
-1.024798 -84.318833 -499.457259 -8429.893880 0.010397 0.970841 0.239499 0.835507 0.123156 -0.535500 0.549381 -0.205671 0.809864
-4.785769 -72.236086 -892.765279 -6378.532569 0.046431 0.974743 0.218449 0.919929 0.043507 -0.389665 0.389327 -0.219050 0.894674
-5.316488 -72.848474 -2.737456 -4215.676994 0.072831 0.981853 0.175104 0.896861 0.012325 -0.442141 0.436276 -0.189245 0.879687
-2.471461 -123.104063 203.554568 -3708.166252 -0.033216 -0.943477 -0.329768 0.961544 -0.120172 0.246964 -0.272634 -0.308884 0.911187
23.943024 -45.715324 -2459.541939 -1975.919223 -0.055638 0.980825 0.186778 0.093073 0.191348 -0.977100 0.994104 0.036980 0.101934
24.994893 -46.735233 3436.715184 -2431.381650 -0.166215 0.970585 0.174176 0.113757 0.194328 -0.974318 0.979506 0.142133 0.142711
18.935677 -47.573897 362.475081 -831.568862 -0.105818 0.984173 0.142149 -0.026235 0.140139 -0.989784 0.994039 0.108466 -0.010990
19.407417 -46.572431 -2358.254374 2058.736030 0.030989 0.990390 0.134787 -0.122292 0.137595 -0.982910 0.992010 -0.013976 -0.125381
13.829583 -46.850755 -4833.175980 -628.193661 0.046024 0.989220 0.139013 0.043548 0.137042 -0.989608 0.997991 -0.051599 0.036771
19.570941 -47.442288 -781.764181 1175.864912 -0.063628 0.989608 0.128944 -0.177182 0.115952 -0.977324 0.982119 0.085031 -0.167963
20.809620 -49.212111 3530.679411 -371.333758 -0.163686 0.978365 0.126524 -0.133429 0.105119 -0.985468 0.977447 0.178190 -0.113336
16.137097 -51.333871 3726.336370 -257.684666 -0.203395 0.973210 0.107208 -0.090409 0.090361 -0.991797 0.974914 0.211419 -0.069608
23.805862 -79.993170 -8450.739438 -14433.632364 0.689812 -0.338042 0.640224 0.471747 -0.460934 -0.751661 -0.549194 -0.820529 0.158487
20.484768 -119.316618 -9091.561157 -23401.972482 0.678239 -0.344070 0.649314 0.563076 -0.324414 -0.760066 -0.472162 -0.881119 0.026293
3.594907 -100.539463 -3762.957571 -16230.189260 0.672687 -0.345939 0.654078 0.519745 -0.408261 -0.750459 -0.526647 -0.844778 0.094832
9.563432 -90.981582 -16.680905 1979.838300 -0.073093 0.946441 0.314496 -0.041306 -0.317942 0.947210 -0.996469 -0.056244 -0.062333
10.397478 -85.777493 860.169494 813.977397 -0.062159 0.940279 0.334682 0.171860 -0.320238 0.931618 -0.983158 -0.115427 0.141690
0.038340 -57.738435 222.168217 -913.618961 0.264104 0.945835 -0.188798 -0.638357 0.024679 -0.769345 0.723015 -0.323707 -0.610298
2.058942 -53.813119 616.358318 -717.002001 0.292196 0.945781 -0.141842 -0.499188 0.024323 -0.866153 0.815741 -0.323892 -0.479229
0.444816 -56.659517 228.388308 -872.557957 0.285039 0.945919 -0.154884 -0.489544 0.004742 -0.871966 0.824075 -0.324367 -0.464420
32.309068 -39.725550 25994.760717 210.231825 0.320649 0.895550 -0.308503 0.244904 0.236240 0.940326 -0.914990 0.377068 0.143574
41.373045 -39.173793 20138.910039 -129.709424 0.274090 0.901670 -0.334464 0.375086 0.220012 0.900503 -0.885542 0.372272 0.277901
95.718534 -36.855279 32728.652092 33.825158 0.163779 0.883550 -0.438766 0.401730 0.346486 0.847679 -0.900993 0.315098 0.298201
4.940523 -135.915425 -2590.427665 11789.951053 0.719325 -0.111425 0.685679 -0.213830 0.903612 0.371163 -0.660945 -0.413606 0.626165
5.729083 -107.260821 -2792.094771 9587.029548 0.709419 -0.067479 0.701549 -0.055789 0.986906 0.151342 -0.702576 -0.146504 0.696365
10.066157 -110.869040 -717.292373 11789.712029 0.744831 -0.058891 0.664649 -0.052300 0.987880 0.146141 -0.665200 -0.143611 0.732724
9.517168 -87.777698 -2413.437560 -10717.211100 -0.651674 0.117967 -0.749270 -0.202314 0.925010 0.321598 0.731020 0.361165 -0.578938
5.164986 -79.325750 -2055.482398 -2586.276262 -0.648016 0.157024 -0.745264 -0.097585 0.953333 0.285715 0.755349 0.257874 -0.602452
3.205542 -84.760362 -2291.479334 -404.313474 -0.640241 0.197321 -0.742399 -0.073642 0.946229 0.315005 0.764636 0.256351 -0.591283
-30.294182 -109.845053 4899.775989 1234.025558 0.786765 -0.237057 0.569916 -0.617231 -0.309850 0.723200 -0.005149 0.920759 0.390099
-11.382279 -409.084889 -12709.392239 -43586.761328 -0.612987 -0.012920 -0.789987 0.748262 0.311534 -0.585705 0.253675 -0.950147 -0.181299
-44.937851 -924.106559 -16263.525590 -334351.963019 -0.633289 0.069514 -0.770787 0.759685 0.245946 -0.601987 0.147726 -0.966788 -0.208564
-3.338936 -572.081168 -12296.597221 -190128.792617 -0.608873 -0.042949 -0.792104 0.787488 -0.153040 -0.597027 -0.095582 -0.987286 0.127004
-7.289836 -32.747676 2354.694483 653.084775 -0.233875 0.696019 -0.678866 0.741277 0.579460 0.338725 -0.629134 0.424009 0.651465
12.089188 -7.826498 6731.630445 -4558.419842 -0.025236 0.552562 0.833090 0.787018 -0.502873 0.357380 0.616413 0.664676 -0.422186
27.018221 -1.422433 7976.755469 -8195.217493 -0.141873 0.644310 0.751490 0.805608 -0.365991 0.465883 0.575212 0.671502 -0.467136
27.642393 -12.072485 6283.775311 4728.574961 -0.146576 0.705941 0.692938 -0.771605 0.356741 -0.526651 0.618984 0.611869 -0.492418
-3.332653 -8.623410 1434.471306 851.957790 -0.504835 0.826706 0.248392 -0.457374 -0.012133 -0.889192 0.732086 0.562503 -0.384239
-5.137785 -7.108231 -230.618780 1323.270556 -0.655756 0.414924 -0.630731 -0.178477 0.726557 0.663521 0.733573 0.547679 -0.402390
-5.744955 -10.969319 374.057055 969.049709 -0.597454 0.241609 -0.764640 -0.298692 0.817866 0.491811 0.744199 0.522226 -0.416471
3.328335 -115.439146 -192.954605 -2802.414864 0.034171 0.995112 0.092655 -0.970826 0.011034 0.239533 -0.237340 0.098137 -0.966457
0.870043 -110.106747 -728.796858 -3151.532268 0.003991 0.996978 0.077577 -0.924484 -0.025894 0.380341 -0.381201 0.073237 -0.921587
0.812100 -106.667110 -767.706816 -2182.170939 0.031889 0.997197 0.067680 -0.972953 0.015471 0.230485 -0.228792 0.073200 -0.970719
11.270440 -111.198878 -315.422767 -8314.620937 0.133939 0.990711 -0.023495 -0.273142 0.059697 0.960120 -0.952604 0.122180 -0.278601
9.716809 -109.685714 -1053.543690 -765.056837 0.068745 0.997426 0.020405 -0.255641 -0.002158 0.966769 -0.964324 0.071677 -0.254835
21.698088 -1670.754787 -3177.935929 674940.573995 -0.028530 -0.370704 0.928313 0.998460 -0.054770 0.008815 0.047576 0.927135 0.371696
35.538589 -1386.751579 40075.665907 396351.196986 0.108919 -0.361081 0.926152 0.992864 -0.006000 -0.119104 0.048563 0.932515 0.357850
6.345953 -2973.063865 -16408.231701 1131332.596884 -0.156134 -0.308819 0.938218 0.930834 0.271738 0.244350 -0.330410 0.911476 0.245032
10.679822 -1839.692515 7831.500477 526500.240819 -0.042228 -0.286532 0.957140 0.941554 0.309039 0.134055 -0.334205 0.906859 0.256735
-10.566497 -1501.404049 -1975.877704 369361.583235 -0.127987 -0.162967 0.978295 0.521508 0.827968 0.206152 -0.843593 0.536574 -0.020980
-43.418078 -55.660829 4967.810891 -5978.810408 -0.103104 0.794225 -0.598812 0.073522 -0.594288 -0.800884 0.991950 0.126600 -0.002880
12.687054 -113.020198 -2322.500462 -5388.340643 -0.265656 0.896569 0.354389 0.790974 -0.007461 0.611804 -0.551168 -0.442842 0.707181
3.881632 -111.194599 4715.081477 2950.332479 0.305748 -0.874252 -0.377097 0.907705 0.148104 0.392602 -0.287384 -0.462330 0.838845
-21.504919 -72.872614 2273.454720 12877.117603 -0.196758 0.910077 -0.364754 -0.005164 0.371059 0.928595 -0.980438 -0.184592 0.068310
-27.881195 -57.806654 -2748.045082 15741.259129 -0.287659 0.821843 -0.491758 0.015752 0.517451 0.855568 -0.957603 -0.238366 0.161795
2.400503 -54.529884 10373.567332 25004.083760 -0.082909 0.931319 -0.354643 0.234185 0.364111 0.901433 -0.968650 0.008315 0.248289
-42.910267 -49.543124 -2441.587984 -332.990974 -0.338237 0.940242 0.039258 -0.869897 -0.296473 -0.394186 0.358991 0.167478 -0.918192
-48.116267 -52.670457 -3240.105512 3172.865716 -0.284744 0.955520 0.076826 -0.856323 -0.217524 -0.468396 0.430850 0.199161 -0.880172
-40.119661 -52.640885 -2262.853484 2252.594892 -0.095661 0.993813 0.056437 -0.886794 -0.059332 -0.458341 0.452157 0.093893 -0.886983
-51.999975 -61.679058 -779.110470 5411.680792 -0.588761 0.800820 -0.109757 -0.624252 -0.536746 -0.567638 0.513488 0.265687 -0.815929
-45.711345 -59.832985 -2930.114425 4445.329297 -0.128903 0.989730 0.061796 -0.833528 -0.074377 -0.547448 0.537230 0.122076 -0.834555
39.638244 -57.084026 10712.534590 -6087.383510 0.162690 0.878816 -0.448569 -0.291107 0.477141 0.829212 -0.942756 0.004323 -0.333456
66.739035 -57.747164 8497.648389 -8589.116047 0.018492 0.846611 -0.531891 -0.328101 0.507661 0.796637 -0.944462 -0.159782 -0.287161
50.632327 -47.726339 13455.901307 -7634.207107 0.133156 0.891207 -0.433612 -0.372941 0.450408 0.811202 -0.918251 -0.053695 -0.392342
22.822715 -45.050784 13041.726411 -6296.310133 0.213633 0.887417 -0.408474 -0.366551 0.460393 0.808504 -0.905539 0.022997 -0.423639
11.582521 -52.800942 10834.936234 -4981.827209 0.222851 0.881746 -0.415765 -0.287938 0.466998 0.836065 -0.931359 0.066604 -0.357959
21.768461 -62.590485 8912.901240 -2493.013119 0.201244 0.863077 -0.463249 -0.170380 0.496557 0.851118 -0.964610 0.092354 -0.246980
-8.610158 -22.349166 -1667.751084 482.782270 -0.416010 -0.195263 -0.888149 -0.480562 0.876361 0.032424 0.772008 0.440300 -0.458411
-15.327349 -22.605820 -2320.605957 297.686901 -0.305804 -0.394731 -0.866413 -0.588478 0.793729 -0.153911 0.748450 0.462798 -0.475016
-7.803371 -19.779953 -1464.671963 1090.407498 -0.396872 -0.220087 -0.891097 -0.541679 0.839905 0.033806 0.740997 0.496106 -0.452551
-16.588293 -25.356705 -2446.526551 334.991115 -0.340441 -0.371830 -0.863621 -0.532489 0.833247 -0.148844 0.774955 0.409196 -0.481667
-3.336694 -19.101731 -544.140535 1008.644550 -0.469913 -0.093298 -0.877769 -0.455945 0.877129 0.150860 0.755841 0.471105 -0.454713
-8.365843 -24.568623 -2063.854477 601.982694 -0.435991 -0.156673 -0.886209 -0.414149 0.909192 0.043014 0.798995 0.385776 -0.461285
-2.569056 -21.301979 -942.271998 425.706322 -0.484031 -0.055672 -0.873278 -0.387701 0.908319 0.156985 0.784476 0.414557 -0.461238
40.309752 -41.213221 3463.657722 1809.306339 -0.271215 0.954854 0.121225 -0.430137 -0.232907 0.872202 -0.861060 -0.184411 -0.473886
18.340353 -33.305219 -18788.171192 1813.922346 -0.557667 0.826444 0.077446 -0.368090 -0.329843 0.869318 -0.743988 -0.456282 -0.488148
9.189014 -57.545686 -1699.812495 -6436.140391 0.070326 0.931038 0.358083 -0.490487 0.344854 -0.800311 0.868606 0.119352 -0.480914
7.975507 -51.537567 -1292.196882 -2486.154480 0.073150 0.935027 0.346948 -0.388540 0.347113 -0.853551 0.918524 0.072366 -0.388687
9.540704 -122.330034 -1128.273731 14669.200423 0.785261 0.491561 0.376474 0.564657 -0.818000 -0.109719 -0.254022 -0.298736 0.919907
6.203403 -115.853816 1479.149190 12596.476602 0.800313 0.494919 0.338459 0.548516 -0.832310 -0.079945 -0.242137 -0.249631 0.937579
10.175220 -101.023203 2422.300835 21699.294992 0.776128 0.527814 0.345018 0.624721 -0.717999 -0.306923 -0.085724 -0.453752 0.886995
7.813211 -135.531385 -632.587800 1744.861149 0.791030 0.488614 0.368141 -0.437764 0.872434 -0.217307 -0.427358 0.010738 0.904019
17.690638 -109.384820 1451.968017 25954.678907 0.782018 0.498645 0.373899 0.617898 -0.698774 -0.360439 -0.081540 -0.512902 0.854566
11.098531 -122.950088 -1290.572551 17273.128115 0.786952 0.477412 0.390876 0.575639 -0.796144 -0.186532 -0.222141 -0.371795 0.901345
6.447168 -131.096480 -508.821972 5453.324952 0.793738 0.484033 0.368365 -0.494342 0.866197 -0.072999 -0.354411 -0.124157 0.926811
4.660766 -132.616321 -3349.678181 3535.818055 0.780511 0.490209 0.387941 -0.480298 0.867448 -0.129795 -0.400146 -0.085021 0.912499
-7.404246 -46.123891 -149.586337 -1592.741237 -0.009522 0.933141 0.359384 -0.374131 -0.336621 0.864125 -0.927327 0.126229 -0.352323
-6.636663 -47.595882 -241.400959 -594.335579 -0.030914 0.938132 0.344896 -0.215995 -0.343178 0.914098 -0.975905 0.046238 -0.213241
-8.909948 -49.403958 -645.076974 -57.312484 -0.001647 0.948706 0.316155 -0.179561 -0.311298 0.933194 -0.983745 0.055232 -0.170864
-0.911480 -167.253714 -669.394553 -3868.474535 0.767578 0.452806 0.453643 -0.414669 -0.188871 0.890156 -0.488748 0.871375 -0.042791
1.323171 -181.836507 -1697.346976 -2436.798471 0.792370 0.442377 0.420063 -0.452690 -0.035191 0.890974 -0.408929 0.896138 -0.172375
1.815867 -183.166017 347.077804 -5961.478837 0.785826 0.420787 0.453229 -0.347466 -0.305851 0.886410 -0.511610 0.854045 0.094136
-13.562058 -93.570542 -1348.863696 21149.101149 0.757997 0.428626 0.491650 -0.141751 0.844003 -0.517268 -0.636669 0.322396 0.700510
-18.757630 -121.345531 1830.201535 16362.723315 0.768755 0.488054 0.413303 -0.350800 0.862144 -0.365577 -0.534748 0.136052 0.833987
-15.435567 -105.218579 584.483056 16063.859709 0.770607 0.488407 0.409419 -0.248622 0.821900 -0.512512 -0.586815 0.293155 0.754790
3.882568 -197.894885 -1996.277678 11146.240275 0.807909 0.438068 0.394183 -0.498394 0.150987 0.853701 -0.314463 0.886171 -0.340314
6.612795 -314.654954 -6768.861298 -45736.841357 0.798029 0.465648 0.382521 -0.572863 0.389192 0.721358 -0.187025 0.794797 -0.577338
4.941948 -232.323707 -3527.395999 -795.726890 0.796699 0.450082 0.403357 -0.501085 0.118760 0.857210 -0.337912 0.885055 -0.320146
10.417131 -41.386379 2683.694510 1600.098229 0.802608 0.145078 0.578595 0.029456 0.959150 -0.281360 -0.595779 0.242865 0.765548
9.997195 -47.180520 4019.409677 2814.190157 0.815106 0.166011 0.555015 -0.025596 0.967445 -0.251784 -0.578745 0.191025 0.792820
16.937101 -42.870984 3349.973500 2920.753616 0.793317 0.070376 0.604727 0.038851 0.985419 -0.165647 -0.607568 0.154905 0.779016
-12.819715 -107.259655 621.906558 5268.377923 -0.099057 0.842902 0.528871 0.783559 0.393680 -0.480678 0.613370 -0.366787 0.699460
-10.286407 -105.686471 970.927133 4015.249866 -0.155905 0.844280 0.512723 0.788928 0.418775 -0.449689 0.594379 -0.334392 0.731365
-9.632200 -107.113606 -1215.780050 -862.118610 0.154095 -0.846370 -0.509816 0.900148 0.333013 -0.280778 0.407417 -0.415643 0.813174
11.667308 -123.839025 253.361600 -9544.326344 0.218219 0.777299 0.590073 -0.706255 -0.291491 0.645164 -0.673487 0.557529 -0.485362
18.425404 -138.968802 1364.178888 -17291.117222 0.219631 0.782023 0.583268 -0.747911 -0.248914 0.615363 -0.626411 0.571385 -0.530215
-51.259416 -80.925675 -661.636029 -219.785730 -0.390102 0.887810 -0.244160 0.876572 0.439251 0.196671 -0.281854 0.137302 0.949582
-59.748104 -77.823173 2089.280649 -753.865446 -0.207553 0.932651 -0.295100 0.900587 0.299958 0.314593 -0.381923 0.200469 0.902190
