16912
33812
-79.882331 -124.901932 505.405000 20272.134453 0.502226 0.863131 -0.052664 0.462520 -0.216668 0.859727 -0.730647 0.456135 0.508032
-86.772298 -144.441049 -3388.983737 13937.449794 0.482034 0.864402 -0.143010 0.393720 -0.067892 0.916720 -0.782705 0.498196 0.373059
-108.572245 -159.657002 9760.690699 30173.039031 0.270379 0.844072 -0.463074 0.528778 0.271751 0.804080 -0.804542 0.462270 0.372851
-72.468656 -123.231410 -4185.161537 15856.677434 0.636824 0.767461 0.073882 0.319228 -0.349682 0.880804 -0.701818 0.537333 0.467681
-84.723481 -138.653654 1137.925597 40086.640297 0.272142 0.902461 -0.333920 0.615597 0.103432 0.781244 -0.739580 0.418169 0.527404
-66.514706 -101.730771 -3419.023098 29181.972511 0.543804 0.837271 0.057050 0.500080 -0.377892 0.779178 -0.673942 0.395190 0.624201
-62.997187 -105.038073 -2244.992348 18110.897947 0.678573 0.709624 0.189662 0.324763 -0.521447 0.789064 -0.658837 0.473843 0.584300
104.945477 -185.006159 -9698.865781 -31140.959959 0.095071 0.973453 -0.208209 0.800315 -0.199125 -0.565549 0.591995 0.112866 0.798000
120.149677 -203.760557 -19983.688570 -14559.911481 -0.027805 0.964097 -0.264090 0.805113 -0.134988 -0.577556 0.592469 0.228681 0.772454
127.121967 -207.042505 -16968.113503 -22040.371916 0.070576 0.967603 -0.242412 0.701723 -0.220877 -0.677347 0.708946 0.122301 0.694577
117.813788 -192.242558 -4680.107354 -43315.463526 0.199845 0.964128 -0.174698 0.734394 -0.265416 -0.624676 0.648635 0.003459 0.761092
128.443221 -212.556686 -10341.972702 -4801.240489 0.169390 0.968254 -0.183826 0.505686 -0.245486 -0.827054 0.845925 -0.047137 0.531215
-7.000364 -219.351981 -7478.839418 -18007.105143 -0.557595 -0.078932 0.826352 0.322558 0.896642 0.303298 -0.764881 0.435664 -0.474503
-4.914565 -224.322096 -8509.652542 -22334.630251 -0.558162 -0.071822 0.826618 0.324838 0.897810 0.297350 -0.763502 0.434486 -0.477793
-7.254787 -207.367767 -5053.205359 -8450.575199 -0.548616 -0.067229 0.833367 0.182761 0.963013 0.198002 -0.815855 0.260934 -0.516037
2.987355 -75.339510 -544.054811 -31833.170288 -0.349243 -0.262817 -0.899420 0.442409 0.799892 -0.405521 0.826017 -0.539537 -0.163084
-0.467261 -62.211789 2910.362651 -27622.535962 -0.389547 -0.329838 -0.859919 0.434901 0.757148 -0.487430 0.811858 -0.563857 -0.151498
-0.578131 -38.113934 -1522.037478 -14322.532674 -0.399991 -0.373860 -0.836801 0.430513 0.729385 -0.531654 0.809114 -0.572911 -0.130796
18.931892 -95.967749 -3034.824847 24855.120522 0.557663 0.826068 0.081381 0.250842 -0.074254 -0.965176 0.791258 -0.558657 0.248622
25.139548 -91.742301 1224.156704 -2701.732678 0.537872 0.836798 0.102291 0.237487 -0.033980 -0.970796 0.808884 -0.546457 0.217006
28.099133 -95.878221 2230.896908 5975.015833 0.598335 0.801242 0.002428 0.174168 -0.127102 -0.976479 0.782087 -0.584685 0.215600
36.824248 -88.675974 6504.347241 -20046.502517 0.561667 0.826442 0.039028 0.166162 -0.066465 -0.983856 0.810506 -0.559084 0.174654
44.590303 -87.386791 9368.999017 -12378.575183 0.613293 0.787615 -0.059449 0.088417 -0.143250 -0.985729 0.784891 -0.599285 0.157493
45.545573 -87.002032 6055.527972 -6855.459090 0.663506 0.734701 -0.141331 0.041528 -0.224776 -0.973525 0.747017 -0.640071 0.179651
31.616919 -97.067009 8604.415375 7833.655465 0.645563 0.754580 -0.117717 0.114190 -0.247777 -0.962064 0.755122 -0.607631 0.246121
32.559529 -62.508729 12504.751904 -10343.641575 0.458207 0.888177 -0.034468 0.277405 -0.106056 0.954881 -0.844448 0.447095 0.294980
24.893595 -58.327497 18238.974349 -9061.614650 0.497925 0.867202 -0.005659 0.231874 -0.126842 0.964441 -0.835647 0.481531 0.264239
15.787082 -65.510088 15887.970768 -4109.287287 0.488024 0.872351 -0.028901 0.301742 -0.137550 0.943415 -0.819014 0.469130 0.330353
24.140666 -70.065121 10877.246696 -3115.845037 0.440828 0.894695 -0.072058 0.384752 -0.115820 0.915725 -0.810948 0.431401 0.395292
6.160234 -65.478268 13610.320955 720.998352 0.471809 0.879314 -0.064833 0.383446 -0.138418 0.913132 -0.793955 0.455684 0.402476
1.747655 -116.033650 8007.005853 3875.868098 0.345237 0.918831 0.191210 0.460716 0.011577 -0.887472 0.817650 -0.394482 0.419323
0.370486 -117.235274 6874.837269 2203.030851 0.353302 0.918026 0.180017 0.499537 -0.022431 -0.866002 0.790974 -0.395885 0.466513
-1.618305 -119.412862 4476.026839 4298.410751 0.369679 0.914112 0.166544 0.378857 0.015373 -0.925327 0.848413 -0.405171 0.340635
3.579660 -114.910077 5006.400806 -566.161988 0.366362 0.914900 0.169522 0.363100 0.027171 -0.931354 0.856701 -0.402766 0.322246
23.251106 -82.225232 -7149.600520 9274.042533 0.314269 0.933340 -0.173527 -0.279840 -0.083588 -0.956401 0.907152 -0.349127 -0.234916
9.785727 -93.252622 -4892.019863 -32837.473995 0.357343 0.929431 -0.091998 -0.293908 0.018406 -0.955656 0.886523 -0.368536 -0.279745
16.572523 -87.382115 -4092.249728 -9852.917927 0.390665 0.920468 -0.010953 -0.214120 0.079292 -0.973584 0.895284 -0.382691 -0.228067
8.202080 -110.091736 755.081359 -40554.305015 0.394480 0.918694 0.019641 -0.260376 0.132250 -0.956407 0.881243 -0.372170 -0.291376
7.936004 -112.646143 -791.830514 -42595.431990 0.410969 0.908769 0.072415 -0.223382 0.177393 -0.958453 0.883858 -0.377718 -0.275906
-29.069456 -75.493900 -12859.706793 132.518651 0.302287 0.929216 -0.212558 0.132810 0.179759 0.974704 -0.943919 0.322870 0.069071
-27.848293 -76.995975 -12246.821664 638.056819 0.302286 0.919709 -0.250515 0.066822 0.241717 0.968043 -0.950872 0.309366 -0.011611
-13.185201 -77.552814 -1549.814331 6130.994261 0.306452 0.924427 -0.226986 0.119284 0.199284 0.972655 -0.944382 0.325148 0.049199
-17.337583 -83.058734 -3441.403729 405.956602 0.309331 0.938453 -0.153687 0.174861 0.102726 0.979220 -0.934740 0.329777 0.132323
-28.674080 -79.617374 -13810.589619 -5450.416789 0.310330 0.939012 -0.148160 0.196257 0.089212 0.976486 -0.930150 0.332111 0.156602
-18.075098 -86.228981 3613.720683 -10989.502977 -0.423632 -0.893222 -0.150633 0.904138 -0.406779 -0.130632 0.055409 -0.191533 0.979921
-19.792892 -86.615348 6583.905239 -7041.221292 -0.426840 -0.893051 -0.142366 0.902974 -0.412276 -0.121108 0.049462 -0.180246 0.982377
-18.344126 -90.541886 6248.970713 3396.203954 -0.416420 -0.896230 -0.152859 0.909129 -0.408826 -0.079664 0.008905 -0.172142 0.985032
114.858873 -47.152734 -16931.610733 -2699.818284 0.029714 -0.242077 0.969802 0.982710 0.184462 0.015935 -0.182749 0.952561 0.243372
83.031987 -52.800763 -6994.297138 -4310.797658 0.158446 -0.111372 0.981066 0.957661 0.259232 -0.125237 -0.240376 0.959372 0.147731
119.737123 -58.072129 -25241.896530 -9836.312282 0.073450 -0.133538 0.988318 0.980278 0.191974 -0.046913 -0.183467 0.972272 0.145005
5.517121 -160.751014 3567.743013 14290.001328 0.227273 0.964598 0.133780 -0.604183 0.031928 0.796206 -0.763747 0.261784 -0.590050
4.929383 -141.052786 1281.069402 23287.650905 0.228456 0.966392 0.117876 -0.443277 -0.004545 0.896373 -0.866783 0.257034 -0.427341
5.539977 -139.874606 2152.835306 19790.241279 0.231569 0.965366 0.120185 -0.401829 -0.017592 0.915546 -0.885951 0.260306 -0.383839
6.352771 -147.416340 97.136678 17008.517655 0.213118 0.972286 0.096123 -0.431088 0.005288 0.902295 -0.876781 0.233733 -0.420268
-2.895259 -101.752679 -1990.061245 -11287.284785 0.297123 0.947679 -0.116718 0.954746 -0.293156 0.050201 0.013358 -0.126351 -0.991896
4.468077 -104.439170 -5753.611382 -11035.494735 0.317046 0.938291 -0.138171 0.946921 -0.305011 0.101533 0.053124 -0.163027 -0.985190
5.410434 -98.135694 -4256.052803 -7484.066721 0.305669 0.943518 -0.127831 0.950520 -0.310210 -0.016780 -0.055487 -0.116377 -0.991654
-7.204078 -94.911055 -5841.601922 -11007.832457 0.280131 0.950978 -0.131026 0.955700 -0.289124 -0.055174 -0.090352 -0.109766 -0.989842
-10.595340 -108.616150 -7961.918713 -9663.564098 0.269328 0.951916 -0.146007 0.960567 -0.254653 0.111637 0.069088 -0.170317 -0.982964
-13.108350 -275.434211 10961.045239 -36888.860324 0.543310 -0.125749 -0.830061 0.813685 0.322320 0.483762 0.206713 -0.938241 0.277440
-2.629995 -283.497718 1319.087638 -7025.972188 0.548819 -0.127968 -0.826089 0.786833 0.412800 0.458793 0.282299 -0.901787 0.327241
-8.203763 -274.731980 13628.373733 42865.872978 0.524806 -0.115470 -0.843354 0.691649 0.635367 0.343410 0.496185 -0.763528 0.413309
1.259746 -276.977238 3904.397619 69992.539777 0.532370 -0.126694 -0.836977 0.660662 0.680358 0.317236 0.529252 -0.721846 0.445904
-22.375648 -272.491727 17177.078228 -18515.406763 0.528178 -0.138235 -0.837806 0.789304 0.443729 0.424387 0.313094 -0.885435 0.343477
11.214695 -62.774186 -25380.703113 4442.941206 0.000522 0.977906 0.209044 0.972585 -0.049109 0.227304 -0.232547 -0.203194 0.951122
7.354074 -68.913305 33809.594755 -2351.696819 -0.158672 -0.957770 -0.239789 0.970233 -0.196259 0.141881 -0.182950 -0.210139 0.960401
-14.071352 -62.306294 -9371.769340 -208.700497 -0.153619 0.975707 0.156195 0.970700 0.119454 0.208498 -0.184775 -0.183648 0.965470
-8.554533 -69.821192 1101.350517 -1608.117442 -0.431940 0.899645 0.063771 0.876066 0.401714 0.266708 -0.214325 -0.171070 0.961665
12.810155 -67.280892 -7789.766802 -1518.260490 -0.248149 0.959907 0.130386 0.924599 0.194533 0.327526 -0.289030 -0.201830 0.935802
25.126936 -63.416425 -23249.272707 869.606583 -0.064957 0.979677 0.189770 0.952965 0.004483 0.303048 -0.296038 -0.200530 0.933889
21.922957 -92.005702 4635.616076 -2718.407692 0.119924 -0.477851 -0.870216 0.780601 0.586980 -0.214747 0.613417 -0.653538 0.443404
39.186954 -105.076162 16232.881945 10220.810951 0.142180 -0.410947 -0.900504 0.837255 0.535209 -0.112050 0.528004 -0.738021 0.420163
31.079642 -90.331151 -1038.105619 886.503472 0.028592 -0.598623 -0.800520 0.835041 0.454505 -0.310050 0.549444 -0.659603 0.512870
16.232032 -86.265634 8718.196327 -3794.504690 -0.029324 0.606951 0.794198 0.770262 0.520102 -0.369039 0.637053 -0.600919 0.482763
-0.362145 -764.301163 -16631.969159 44960.972049 0.545074 -0.445100 -0.710479 0.785519 -0.025040 0.618331 -0.293009 -0.895131 0.335985
-11.803121 -861.550509 -15066.922873 342506.954485 0.552765 -0.431993 -0.712624 0.825974 0.397444 0.399756 0.110537 -0.809580 0.576508
14.076931 -898.839205 -26225.269293 83500.890070 0.583761 -0.427908 -0.690013 0.782145 0.068318 0.619339 -0.217880 -0.901237 0.374567
36.580260 -99.380013 24024.255732 -1694.429951 0.523059 0.852139 0.016370 0.524938 -0.306966 -0.793859 0.671453 -0.423829 0.607881
27.042119 -99.158928 25193.177161 -5840.555464 0.516119 0.856455 -0.010333 0.588003 -0.363064 -0.722798 0.622796 -0.366974 0.690982
24.430758 -97.278638 22378.221417 -812.851010 0.498930 0.866584 0.010018 0.525438 -0.293285 -0.798686 0.689190 -0.403752 0.601665
-2.398644 -99.085215 -6669.955361 -6888.691504 0.138396 -0.470168 -0.871658 0.600491 0.739728 -0.303664 0.787564 -0.481398 0.384707
-2.621552 -87.386344 1886.949553 -2067.595054 0.061613 -0.526209 -0.848120 0.598016 0.699789 -0.390734 0.799113 -0.483115 0.357797
-7.929207 -95.374929 -2015.766916 -3470.877250 0.139339 -0.438366 -0.887930 0.520497 0.795240 -0.310927 0.842418 -0.418841 0.338977
-37.957033 -79.300981 -14263.083956 3018.599896 0.066275 0.943317 -0.325207 0.149809 0.312822 0.937923 -0.986491 0.110880 0.120585
-39.862553 -71.863718 -12033.485639 7955.711579 0.065664 0.980628 -0.184547 0.268392 0.160773 0.949799 -0.961069 0.111898 0.252635
-51.650483 -74.032517 -9561.277088 7669.285633 0.061583 0.906581 -0.417515 0.271610 0.387301 0.881037 -0.960435 0.167658 0.222385
-48.610534 -80.890082 -5086.913188 5344.899982 0.075495 0.829789 -0.552947 0.216598 0.527643 0.821388 -0.973338 0.181777 0.139896
-4469.823274 -76252.962183 4603700.133612 -101666541.082575 0.839805 0.473224 0.266058 0.187745 -0.712999 0.675562 -0.509392 0.517389 0.687625
-3646.982171 -6263.622280 2794094.584896 -3032590.899368 0.313496 0.926288 -0.209069 0.105307 0.184897 0.977100 -0.943732 0.328333 0.039580
-4491.220914 -14211.315585 3492988.203404 -20795164.219142 0.616991 -0.245630 0.747655 -0.083733 0.924159 0.372718 -0.782503 -0.292567 0.549630
-2340.898019 -12203.395987 2410558.227094 -7809478.713166 0.993928 0.018349 0.108488 0.039441 -0.979887 -0.195617 -0.102716 -0.198708 0.974661
-314.495973 -2802.662045 55001.380453 -952150.928641 0.877616 -0.374826 -0.298822 -0.387125 -0.186549 -0.902958 -0.282708 -0.908133 0.308823
52.378948 -144.878015 7461.689285 26671.044363 -0.647240 -0.670537 0.362576 0.721113 -0.384380 0.576409 -0.247136 0.634534 0.732319
39.505096 -240.262900 -3043.573528 109508.811303 0.727196 0.645971 -0.232177 0.604518 -0.442440 0.662423 -0.325182 0.622067 0.712242
44.556434 -209.268167 -6280.035465 71858.882872 0.740014 0.618825 -0.263505 0.592661 -0.414707 0.690486 -0.318013 0.667139 0.673642
-42.226986 -439.111246 -29750.979625 141500.638613 0.827014 0.177492 -0.533427 -0.556432 0.123082 -0.821727 0.080195 -0.976395 -0.200553
-31.026694 -687.827595 -46544.075061 396314.454113 0.873475 0.172991 -0.455099 -0.451247 -0.063315 -0.890150 0.182803 -0.982886 -0.022757
14.324243 -737.073552 -25155.346739 506141.926149 0.864790 0.147342 -0.480031 -0.485697 0.002853 -0.874122 0.127425 -0.989082 -0.074031
-120.896135 -835.004239 -58514.121245 461603.496180 0.828171 0.209636 -0.519793 -0.514126 -0.085141 -0.853479 0.223175 -0.974066 -0.037268
-175.555091 -518.707653 -76994.781969 172270.863739 0.767191 0.221178 -0.602078 -0.630143 0.084669 -0.771849 0.119739 -0.971551 -0.204331
-71.624588 -466.659324 -29780.486882 -205336.678534 0.910732 0.132384 -0.391204 -0.412857 0.267197 -0.870721 0.010741 -0.954505 -0.298001
3.765310 -162.467540 85.906335 -13123.970783 0.159814 0.970913 0.178291 0.644234 -0.239430 0.726386 -0.747946 0.001225 0.663759
3.935688 -159.274152 2718.850989 -8018.448961 0.190520 0.960546 0.202616 0.597151 -0.277216 0.752703 -0.779175 0.022413 0.626406
0.051528 -159.797781 4868.367848 -37479.943365 0.192369 0.963343 0.186987 0.657109 -0.267973 0.704555 -0.728836 0.012664 0.684571
-138.742102 -221.915498 -70774.122965 21593.267195 -0.523765 -0.625532 0.578256 -0.593483 0.754914 0.279075 -0.611104 -0.197015 -0.766640
-193.437641 -239.226107 84511.919104 -81255.044404 0.219773 0.771122 -0.597554 -0.798219 0.494284 0.344282 -0.560845 -0.401315 -0.724154
-205.721000 -290.596109 116134.841503 -78162.735842 0.220616 0.880117 -0.420383 -0.625181 0.458423 0.631663 -0.748651 -0.123460 -0.651368
-92.479336 -192.923450 48013.374663 -58948.272850 0.286115 0.871539 -0.398194 -0.685061 0.476613 0.550937 -0.669947 -0.115155 -0.733423
-89.140104 -270.389042 58240.324455 -115114.667529 0.168193 0.932612 -0.319291 -0.598133 0.354017 0.718963 -0.783548 -0.070054 -0.617369
112.725160 -175.339137 -4605.976464 -1809.389488 0.061758 0.992948 0.101198 -0.398278 0.117486 -0.909709 0.915183 -0.015877 -0.402725
114.066154 -187.282677 -11819.005187 18556.645479 0.150995 0.988349 0.019141 -0.395306 0.078117 -0.915222 0.906054 -0.130627 -0.402496
113.162246 -187.301463 -13631.690450 198.895913 0.107243 0.994229 0.002738 -0.207576 0.025083 -0.977897 0.972323 -0.104304 -0.209068
95.885677 -152.756879 16644.171018 -2583.801841 -0.064218 0.993496 0.094031 -0.270219 0.073394 -0.959997 0.960655 0.087058 -0.263748
23.889809 -14.054545 6667.190932 -5659.729148 0.789900 0.479416 0.382386 -0.273828 -0.282193 0.919449 -0.548705 0.830980 0.091627
25.005049 -18.431922 4767.844563 -2914.713173 0.811752 0.495373 0.309296 -0.195091 -0.269171 0.943126 -0.550453 0.825925 0.121858
27.406676 -18.867615 -4273.776421 -2276.621529 0.761462 0.516786 0.391290 -0.267453 -0.299388 0.915880 -0.590462 0.802059 0.089756
24.288809 -16.274929 -6906.624303 -3661.362138 0.728118 0.519509 0.447164 -0.330375 -0.305610 0.893003 -0.600581 0.797943 0.050888
-0.537002 -102.753800 14053.812410 13614.590519 0.654855 0.719048 0.232670 0.755393 -0.613233 -0.230925 -0.023365 0.326979 -0.944743
24.005754 -101.901811 22377.507746 7093.263003 0.689504 0.681618 0.244910 0.719818 -0.607405 -0.336038 -0.080290 0.407991 -0.909449
20.025466 -99.721483 29174.760918 25512.422579 0.666640 0.693403 0.273465 0.743323 -0.645680 -0.174840 0.055337 0.319828 -0.945858
-1.625598 -101.740416 15808.989685 2010.512517 0.700956 0.680082 0.214823 0.701666 -0.603628 -0.378546 -0.127770 0.416078 -0.900308
3.609177 -97.356355 16985.108970 7504.619552 0.658737 0.708649 0.252751 0.749197 -0.648671 -0.133903 0.069062 0.277567 -0.958221
-17.564662 -103.430902 -3378.371195 -16929.219517 0.710671 0.686333 0.154578 -0.696838 0.656493 0.288848 -0.096767 0.312991 -0.944814
-14.783040 -93.245642 -2088.550690 -7704.035257 0.641103 0.743710 0.189423 0.767058 -0.613011 -0.189317 -0.024679 0.266670 -0.963472
58.264382 -81.123822 3987.864999 -2799.390588 0.188126 0.974022 0.126055 -0.431881 0.197313 -0.880083 0.882093 -0.111125 -0.457781
56.011756 -76.911712 -729.351157 -3720.352612 0.203870 0.975535 0.082274 -0.359992 0.152852 -0.920349 0.910408 -0.158014 -0.382347
50.024383 -71.353673 15787.492144 -6714.187276 0.104694 0.983868 0.145061 -0.372359 0.174032 -0.911626 0.922165 -0.041427 -0.384572
58.611599 -81.231729 9827.170630 -2524.012302 0.168961 0.970728 0.170705 -0.478459 0.232200 -0.846853 0.861701 -0.061410 -0.503686
51.951141 -87.059775 -15558.849949 -1444.404707 0.288083 0.950463 0.116743 -0.498020 0.252833 -0.829489 0.817915 -0.180822 -0.546186
54.047927 -76.163907 17669.598541 -3770.791344 0.115535 0.976559 0.181614 -0.439292 0.214221 -0.872429 0.890884 -0.021014 -0.453745
-8.617095 -158.208152 3703.733841 31037.106198 0.901294 0.432520 -0.024422 -0.117324 0.297971 0.947337 -0.417019 0.850964 -0.319304
-8.450816 -145.812112 970.212362 4886.032323 0.887597 0.460194 -0.019805 -0.199251 0.422360 0.884257 -0.415295 0.780918 -0.466580
-11.931855 -159.384069 491.784279 29070.971748 0.892143 0.451118 -0.023947 -0.112716 0.273616 0.955212 -0.437465 0.849486 -0.294953
-154.331964 -170.663599 11361.987073 31330.746948 0.207061 -0.421816 0.882721 0.482020 0.829147 0.283147 -0.851342 0.366860 0.375008
-136.106755 -153.593816 25150.530674 18818.846335 0.386364 0.848515 -0.361586 0.456876 0.164492 0.874189 -0.801241 0.502955 0.324112
-151.120260 -167.818922 -12592.104641 33778.081928 -0.121357 -0.641614 0.757367 0.442130 0.648194 0.619972 -0.888703 0.410093 0.205014
-167.502074 -201.118578 9620.130622 33595.575962 0.157140 -0.370964 0.915256 0.296869 0.901649 0.314480 -0.941900 0.222294 0.251813
-159.735809 -190.779936 -23479.016121 29475.455271 -0.123449 -0.536761 0.834654 0.300832 0.781266 0.546922 -0.945654 0.318607 0.065029
-140.923120 -184.112992 21407.673554 21884.814220 0.372283 0.766013 -0.524051 0.242777 0.464606 0.851587 -0.895804 0.444259 0.013005
-45.720133 -157.835775 -2242.212291 11766.554611 0.563059 -0.471810 0.678499 0.743432 -0.069398 -0.665202 0.360935 0.878965 0.311683
-43.565965 -160.144622 4402.994105 7565.930063 0.555594 -0.487203 0.673757 0.794261 0.071347 -0.603373 0.245895 0.870369 0.426607
-54.813425 -161.320033 14253.401503 9422.083043 0.494128 -0.549741 0.673515 0.771036 -0.080820 -0.631642 0.401673 0.831416 0.383935
-43.940136 -172.111039 -16731.278194 18501.026078 0.603562 -0.397753 0.691017 0.781278 0.122086 -0.612127 0.159112 0.909333 0.384442
-49.047611 -154.914553 -11069.463697 9530.653862 0.608954 -0.414996 0.675983 0.729605 -0.041311 -0.682620 0.311210 0.908885 0.277626
2.353281 -180.658720 -7868.477781 -33798.668901 0.507753 -0.557891 0.656464 0.113899 0.798782 0.590741 -0.853940 -0.225180 0.469127
3.159948 -176.239200 937.575178 -37941.065312 0.527843 -0.537707 0.657459 0.107017 0.810017 0.576558 -0.842573 -0.233973 0.485106
6.420407 -197.738405 -12388.260246 -23080.509269 0.498735 -0.535424 0.681604 0.255388 0.842253 0.474749 -0.828275 -0.062701 0.556802
-30.551627 -107.609158 9443.674633 8078.970449 -0.983140 -0.126522 0.132017 -0.108130 0.984477 0.138250 -0.147459 0.121644 -0.981559
-26.051229 -92.422342 -962.691038 -10241.639676 0.992823 0.072116 -0.095403 -0.052138 0.978935 0.197402 -0.107629 0.191012 -0.975669
-29.454176 -104.594700 -4344.836135 24556.127072 0.984092 0.151976 -0.092017 -0.133535 0.974350 0.181137 -0.117185 0.165968 -0.979144
-22.510884 -86.395115 7051.520610 2831.920745 0.989420 0.144131 -0.016563 -0.136367 0.962888 0.232918 -0.049519 0.228195 -0.972355
-26.901217 -109.276403 7626.615474 49189.078804 0.981228 0.192755 -0.006052 -0.186913 0.958278 0.216254 -0.047484 0.211064 -0.976318
202.401548 -204.305216 74615.176027 -14097.030186 0.043072 0.664364 0.746167 0.991642 0.062486 -0.112878 -0.121618 0.744793 -0.656120
215.987732 -220.619712 5301.008950 -10099.984516 -0.017248 0.859140 0.511451 0.997326 0.051115 -0.052231 -0.071017 0.509182 -0.857724
190.775148 -229.603167 66911.314751 -26193.610965 -0.023800 0.733247 0.679546 0.997247 -0.030335 0.067659 0.070224 0.679285 -0.730507
146.555584 -227.534917 89327.497056 -29365.561330 0.036816 0.555584 0.830645 0.998767 -0.048147 -0.012064 0.033291 0.830065 -0.556672
114.432829 -215.898361 70879.850247 -5293.711186 -0.024872 0.605042 0.795805 0.946497 -0.241960 0.213541 0.321754 0.758538 -0.566652
-11.705752 -190.633248 2833.943410 -29169.924867 0.951339 0.017828 0.307629 0.182606 -0.836766 -0.516214 -0.248211 -0.547270 0.799304
-18.003846 -184.729927 -5015.348476 -27153.254586 0.945520 0.050513 0.321622 0.184823 -0.896549 -0.402543 -0.268017 -0.440056 0.857040
-12.568765 -171.689734 2360.508123 -10161.351232 0.943569 0.057676 0.326114 0.184082 -0.909923 -0.371690 -0.275302 -0.410747 0.869193
-12.834134 -177.367844 677.161531 2422.294168 0.933203 0.118555 0.339229 -0.203442 0.952458 0.226792 -0.296215 -0.280656 0.912956
-10.097208 -184.839141 -1343.504192 -3071.087839 0.937367 0.019996 0.347770 0.187637 -0.870122 -0.455719 -0.293490 -0.492430 0.819375
-11.789193 -182.366918 143.732604 11082.885222 0.929713 0.079883 0.359517 0.187751 -0.942619 -0.276080 -0.316833 -0.324174 0.891363
-0.596858 -110.809009 1956.263512 52.918988 0.988966 0.129626 0.071713 0.033348 0.276863 -0.960331 0.144339 -0.952126 -0.269485
-0.014890 -105.577845 -1205.058998 -604.496356 0.990106 0.134162 0.041116 0.007217 0.243934 -0.969765 0.140135 -0.960467 -0.240552
-8.143773 -109.619156 615.254453 1721.091508 0.984482 0.119831 0.128203 0.111264 0.138720 -0.984062 0.135705 -0.983055 -0.123234
13.041897 -102.162066 3530.498120 372.569725 0.985574 0.163118 -0.045120 -0.106760 0.392341 -0.913603 0.131323 -0.905241 -0.404095
-8.276672 -112.703571 4632.091336 1752.965761 0.981903 0.110559 0.153763 0.133484 0.171926 -0.976024 0.134344 -0.978886 -0.154057
-4.712790 -115.126414 6642.660920 1583.576406 0.985681 0.127347 0.110520 0.066940 0.306056 -0.949657 0.154762 -0.943458 -0.293149
4.872581 -110.371974 2109.161529 1052.487744 0.989236 0.143766 0.027253 -0.034894 0.412647 -0.910223 0.142104 -0.899474 -0.413222
21.296331 -102.764792 -26175.989930 3030.405447 0.400362 0.913212 -0.075857 -0.911101 0.405553 0.073636 -0.098010 -0.039632 -0.994396
40.011184 -101.640229 -17899.923296 3058.490955 0.382498 0.923712 -0.021258 -0.913329 0.381478 0.142496 -0.139735 0.035089 -0.989567
25.611293 -101.362893 -22051.867914 2952.728676 0.391490 0.917047 -0.075899 -0.891974 0.398462 0.213567 -0.226094 0.015909 -0.973976
17.392026 -103.145799 -4567.011146 2041.893300 0.416879 0.906227 -0.070462 -0.901470 0.422131 0.095695 -0.116466 -0.023626 -0.992914
15.120548 -102.522488 -6589.393585 -245.954881 0.433014 0.899483 -0.058565 0.901274 -0.431014 0.043960 0.014299 -0.071819 -0.997315
-0.130983 -300.676605 -7200.845612 -35131.805870 0.949205 -0.263564 -0.171882 -0.298956 -0.925800 -0.231342 0.098155 -0.270976 0.957569
6.012038 -308.776154 -8072.580691 -40035.178928 0.940881 -0.286958 -0.179992 -0.327743 -0.905468 -0.269652 0.085598 -0.312701 0.945987
-3.181123 -360.832424 -5245.958281 -87061.935347 0.938096 -0.294036 -0.183083 -0.346311 -0.806429 -0.479314 0.006708 -0.513046 0.858335
7.555354 -310.011198 -8714.805212 -25760.036156 0.953483 -0.241114 -0.180925 0.257176 0.963756 0.070959 0.157258 -0.114188 0.980934
2.774799 -294.804199 -6943.120647 -10806.300518 0.959370 -0.219580 -0.177183 0.223359 0.974735 0.001420 0.172394 -0.040938 0.984177
30.831460 -305.006524 -11572.106135 10455.421381 0.935707 0.034653 0.351071 0.277238 -0.687629 -0.671048 -0.218153 -0.725235 0.653026
14.227530 -298.643557 -8621.994119 -1892.045284 0.907988 0.092804 0.408588 0.314554 -0.795178 -0.518409 -0.276790 -0.599232 0.751204
37.294306 -313.263234 -19100.947468 -10824.394467 0.916931 0.079217 0.391103 0.260040 -0.862038 -0.435052 -0.302682 -0.500615 0.811029
-43.563034 -80.703240 2662.448152 -5055.259536 0.181940 0.937373 0.297033 -0.821832 0.310817 -0.477479 0.539899 0.157239 -0.826913
-40.947223 -78.981241 2249.449875 -1185.635384 0.125514 0.959162 0.253484 -0.785331 0.252184 -0.565383 0.606219 0.128105 -0.784913
-46.403941 -77.051660 -4178.997808 -2544.916301 0.149903 0.969264 0.195080 -0.812401 0.233207 -0.534434 0.563502 0.078370 -0.822389
-8.444000 -245.944603 1157.791492 30233.212787 0.931483 0.027112 0.362773 0.291368 0.541482 -0.788607 0.217816 -0.840275 -0.496482
-10.498679 -278.122304 -1998.593733 37729.623024 0.931919 0.011824 0.362473 0.337539 0.337265 -0.878817 0.132641 -0.941336 -0.310312
-10.977272 -276.638601 1009.705087 30701.777176 0.931643 0.017723 0.362942 0.334323 0.349525 -0.875249 0.142369 -0.936759 -0.319707
-69.376104 -945.177121 37603.157762 691597.867688 0.956940 0.215872 -0.194077 0.001725 0.664327 0.747440 -0.290282 0.715590 -0.635348
-96.974558 -1243.613766 70840.069801 1072105.306906 0.927373 0.314943 -0.201967 0.012673 0.513067 0.858255 -0.373924 0.798482 -0.471813
576.818649 -6142.347749 -166226.177689 5653179.809814 0.931005 0.117513 -0.345573 0.218100 0.580060 0.784833 -0.292681 0.806052 -0.514409
486.963292 -13054.144602 87604.678617 10211414.668218 0.918979 0.375796 -0.119395 -0.070825 0.455190 0.887573 -0.387894 0.807205 -0.444926
-32.766058 -2980.629334 26338.554264 2403050.057658 0.995133 0.035271 -0.092007 0.003372 0.921007 0.389532 -0.098479 0.387947 -0.916406
-495.214903 -31365.486457 -159160.958120 25154824.045054 0.991015 0.069464 0.114298 0.133464 -0.569588 -0.811022 -0.008766 -0.818990 0.573741
-189.081836 -10483.573209 -159957.780111 -6345616.357287 0.965577 0.143839 0.216727 0.250813 -0.735687 -0.629172 -0.068943 -0.661872 0.746439
166.429139 -21885.058490 554734.956240 -15672820.624432 0.936877 0.261487 0.232132 0.092103 -0.824991 0.557591 -0.337310 0.501014 0.796999
-42.071212 -7930.572977 32355.149163 -5307878.751118 0.983920 0.173901 0.040743 -0.061790 0.545436 -0.835871 0.167581 -0.819913 -0.547411
-207.058092 -15576.278913 184879.790243 -14097979.951031 0.903382 0.361108 0.231304 0.115582 -0.724445 0.679574 -0.412966 0.587180 0.696188
-144.230057 -14068.257590 20885.634320 -3432292.187561 0.989217 0.102129 -0.104972 -0.140336 0.866019 -0.479913 -0.041894 -0.489469 -0.871014
10957.803918 -1829.050588 -90863067.394951 1597164.122125 -0.008764 0.206943 -0.978314 0.999957 0.004702 -0.007963 0.002952 -0.978342 -0.206975
31.008781 -80.309959 7896.599778 -25122.589405 0.225193 -0.325430 0.918359 0.273335 0.925819 0.261049 -0.935188 0.192233 0.297439
26.416580 -85.044827 13916.859160 -22044.361107 0.248293 -0.424822 0.870561 0.224609 0.899460 0.374863 -0.942285 0.102460 0.318749
47.995525 -37.275592 7620.649944 -10406.885626 0.126579 -0.659444 0.741020 0.223616 0.746769 0.626363 -0.966423 0.086420 0.241987
34.494628 -34.491949 -4504.378248 -28989.392298 0.141191 -0.430416 0.891519 0.230304 0.890114 0.393264 -0.962821 0.149795 0.224803
-28.119514 -65.118660 961.467757 -6150.268287 -0.001573 0.971362 -0.237597 -0.435685 -0.214527 -0.874161 0.900098 -0.102143 -0.423546
-31.140270 -71.597760 -724.430742 -7311.067215 0.005811 0.979811 -0.199839 -0.494823 -0.170844 -0.852035 0.868975 -0.103836 -0.483840
-30.558288 -68.349231 223.347443 -7802.780470 0.003702 0.989193 -0.146572 -0.458472 -0.128581 -0.879358 0.888701 -0.070454 -0.453042
-27.273525 -61.249325 -112.154563 -6568.395733 0.015800 0.993457 -0.113104 -0.402805 -0.097209 -0.910109 0.915149 -0.059939 -0.398634
-26.288070 -56.021737 3780.595982 -7894.800498 0.001565 0.978398 -0.206723 -0.357750 -0.192494 -0.913762 0.933816 -0.075385 -0.349720
-3.934046 -234.670868 11408.466483 27256.852486 -0.425178 0.594038 -0.682892 0.883901 0.110141 -0.454519 -0.194787 -0.796861 -0.571901
-7.893663 -242.739667 4629.298998 28002.779886 -0.428627 0.581261 -0.691676 0.872959 0.069134 -0.482869 -0.232854 -0.810775 -0.537050
-4.620373 -255.914303 -1598.794522 21694.163401 -0.460203 0.556595 -0.691676 0.803068 -0.071207 -0.591618 -0.378544 -0.827727 -0.414214
-5.217228 -543.026256 4738.016038 -85069.118591 -0.196785 0.650371 -0.733685 -0.437566 0.611402 0.659335 -0.877389 -0.450783 -0.164266
-2.626391 -616.640356 -9741.327810 147681.473403 0.185469 -0.650365 0.736632 -0.057963 0.741092 0.668896 -0.980939 -0.166757 0.099752
-2.266573 -604.582414 4519.695031 -97041.509832 -0.219263 0.650887 -0.726822 -0.429732 0.604372 0.670869 -0.875930 -0.459436 -0.147190
-5.275646 -604.569486 1296.765856 272215.831717 -0.202933 0.634844 -0.745514 0.751833 -0.386765 -0.534004 -0.627348 -0.668869 -0.398809
16.513219 -470.838537 -1784.505173 -167601.282291 -0.130243 0.645167 -0.752859 -0.630092 0.532415 0.565260 -0.765520 -0.547991 -0.337171
20.527387 -442.789986 -6619.213758 -119528.720873 -0.112194 0.620047 -0.776501 -0.555856 0.608575 0.566269 -0.823672 -0.495155 -0.276379
18.787842 -545.863692 1464.303250 -137793.428861 0.128143 -0.628951 0.766812 -0.351697 0.694119 0.628099 -0.927302 -0.350172 -0.132253
18.031015 -604.418660 4333.714057 -219853.607613 -0.140958 0.639134 -0.756068 -0.579765 0.565753 0.586342 -0.802498 -0.520992 -0.290800
-114.436080 -166.010128 2966.166870 16822.513126 0.320589 0.817100 -0.479135 0.402940 0.340141 0.849672 -0.857241 0.465459 0.220197
-96.595544 -152.091869 -6351.572602 11263.562971 0.492432 0.847156 -0.199595 0.304365 0.047231 0.951384 -0.815397 0.529242 0.234586
-80.812837 -139.036303 -3581.405733 17848.977899 0.621326 0.783501 -0.008952 0.281761 -0.212751 0.935600 -0.731139 0.583835 0.352948
96.364377 -169.464788 -11113.921196 -3572.864275 0.021877 0.980953 -0.193008 0.879892 -0.110550 -0.462135 0.474670 0.159716 0.865551
-88.478232 -127.329147 2597.333979 -16648.569067 0.253339 0.955855 -0.148863 0.806678 -0.293673 -0.512861 0.533938 -0.009844 0.845467
-83.738767 -138.382115 -5341.168483 -19197.741289 0.312570 0.948659 -0.048439 0.757483 -0.279701 -0.589904 0.573166 -0.147695 0.806019
-88.920353 -145.511938 -2069.519340 -24169.794517 0.244955 0.962648 -0.115352 0.726613 -0.261047 -0.635522 0.641896 -0.071858 0.763417
-81.922740 -124.199213 -5540.533274 -14398.068132 0.351226 0.934326 -0.060630 0.819012 -0.337967 -0.463678 0.453717 -0.113199 0.883927
-2.603035 -240.220134 -6467.706824 -28095.918340 -0.551005 -0.066136 0.831877 0.490060 0.781217 0.386706 -0.675452 0.620747 -0.398044
0.382240 -220.484419 -3053.856938 -22265.870569 -0.543180 -0.080137 0.835783 0.324143 0.898247 0.296788 -0.774524 0.432122 -0.461934
-1.026064 -200.517973 -3220.890941 -12347.924480 -0.546698 -0.089277 0.832557 0.173269 0.960717 0.216797 -0.819207 0.262779 -0.509753
-5.754962 -47.107903 5994.386952 -19527.333836 -0.427190 -0.401116 -0.810318 0.417235 0.707627 -0.570244 0.802137 -0.581696 -0.134932
-2.141698 -84.561967 7211.757835 -35694.396703 -0.394354 -0.337270 -0.854830 0.408906 0.768651 -0.491907 0.822971 -0.543530 -0.165209
-11.319629 -37.177353 8292.241201 -8133.484250 -0.487601 -0.513742 -0.705914 0.367813 0.612414 -0.699759 0.791807 -0.600847 -0.109653
-4.732560 -28.880812 4699.575771 -5909.861280 -0.509235 -0.547659 -0.663889 0.343562 0.577909 -0.740261 0.789079 -0.605054 -0.106137
-10.805446 -62.634480 8909.091571 -23754.713272 -0.416416 -0.397649 -0.817602 0.409671 0.720745 -0.559192 0.811645 -0.567805 -0.137225
15.850507 -90.627319 -1636.479715 -1808.734837 0.533906 0.837841 0.113872 0.392170 -0.126063 -0.911214 0.749098 -0.531160 0.395881
21.483516 -90.828439 518.119718 25550.524499 0.505507 0.849417 0.151505 0.289863 -0.001798 -0.957067 0.812676 -0.527719 0.247124
17.913845 -89.055919 768.798134 13412.999005 0.475779 0.863034 0.169725 0.386686 -0.031920 -0.921659 0.790005 -0.504136 0.348910
9.033317 -101.750628 -8029.773439 -18529.651775 0.566115 0.817691 0.104380 0.464493 -0.211820 -0.859871 0.680999 -0.535270 0.499727
11.982354 -101.699017 -1849.764994 -22168.979393 0.516233 0.845932 0.133798 0.502839 -0.172907 -0.846910 0.693294 -0.504481 0.514628
14.899445 -100.182404 2989.893519 -19756.777047 0.476681 0.863299 0.165802 0.509888 -0.117885 -0.852125 0.716093 -0.490732 0.496380
34.949158 -51.225745 10369.059972 -12135.813440 0.455777 0.889891 -0.019012 0.197062 -0.080054 0.977117 -0.868006 0.449094 0.211850
-4.529224 -124.034077 1013.639654 4745.332987 0.392739 0.907357 0.149865 0.384887 -0.014169 -0.922855 0.835235 -0.420123 0.354794
-2.571781 -179.338697 5287.455078 -7158.054013 0.400785 0.910712 0.099877 -0.555047 0.328093 -0.764380 0.728899 -0.250916 -0.636983
-6.713342 -187.337501 6191.494177 11690.209386 0.380208 0.921395 0.080456 -0.706499 0.345467 -0.617666 0.596910 -0.178000 -0.782314
1.585871 -177.444967 827.232649 5260.854058 0.404993 0.910706 0.081211 -0.677291 0.358484 -0.642469 0.614213 -0.205192 -0.761997
-3.344873 -179.656087 5803.542714 7345.163627 0.363741 0.928816 0.070667 -0.801251 0.350669 -0.484798 0.475068 -0.119719 -0.871767
2.253217 -171.814255 242.633710 -4679.794216 0.423963 0.900068 0.100664 -0.531713 0.337338 -0.776843 0.733169 -0.275829 -0.621596
3.465087 -169.938130 636.405752 -4174.583144 0.422630 0.900574 0.101739 -0.560555 0.347957 -0.751468 0.712153 -0.260563 -0.651879
5.040560 -166.403499 2738.264866 11628.617273 0.372276 0.925659 0.067568 -0.790941 0.354501 -0.498739 0.485615 -0.132226 -0.864115
5.326896 -167.146037 2850.215179 -631.558244 0.401861 0.911368 0.088969 -0.653063 0.353351 -0.669814 0.641885 -0.211070 -0.737179
2.103611 -173.030646 -2360.244983 5015.215818 0.382770 0.922744 0.045062 -0.799433 0.355275 -0.484445 0.463028 -0.149407 -0.873661
-1.696399 -162.967687 -4269.060300 -34923.526876 0.222477 0.974178 0.038478 -0.020342 -0.034820 0.999187 -0.974726 0.223079 -0.012070
-4.293458 -205.283882 -1449.054364 -44452.207950 0.239834 0.968599 0.065546 0.151162 -0.103952 0.983028 -0.958973 0.225855 0.171346
-4.259146 -182.264315 -1972.491889 -38571.017741 0.230498 0.972503 0.033299 0.115612 -0.061348 0.991398 -0.966180 0.224665 0.126574
-0.867165 -161.326568 -2947.467530 -35139.592925 0.239313 0.969100 0.059791 -0.047100 -0.049920 0.997642 -0.969799 0.241565 -0.033698
-1.226122 -156.800737 2187.899032 -26181.262955 0.245792 0.969149 0.018333 -0.002934 -0.018169 0.999831 -0.969318 0.245804 0.001623
2.159620 -132.860963 -2005.919704 -12930.968714 0.228006 0.971654 0.062462 -0.151812 -0.027890 0.988016 -0.961752 0.234756 -0.141150
1.296485 -142.584794 389.046045 -13536.660496 0.233573 0.971141 0.048253 -0.165040 -0.009309 0.986243 -0.958230 0.238324 -0.158103
-33.859068 -83.113967 -16214.753589 6327.650977 0.294419 0.931099 -0.215340 -0.018674 0.230889 0.972801 -0.955494 0.282390 -0.085366
-13.060268 -78.918759 -2078.290480 2537.818286 0.312806 0.921043 -0.232018 0.029208 0.234833 0.971597 -0.949368 0.310699 -0.046555
-18.990255 -82.069184 6893.332234 -2050.047957 0.417938 0.907037 0.051095 0.894724 -0.401212 -0.196209 0.157469 -0.127719 0.979230
-18.438846 -86.679992 -249.608404 -14715.586163 -0.414218 -0.903481 -0.110208 0.909724 -0.407144 -0.081462 0.028728 -0.134002 0.990565
-18.345496 -83.496112 4657.184206 10391.868275 -0.442660 -0.890481 -0.105339 0.878201 -0.406799 -0.251550 0.181149 -0.203860 0.962095
-19.027742 -84.129260 -8809.466523 -18663.980032 -0.439040 -0.896939 -0.052383 0.898045 -0.436299 -0.056205 0.027558 -0.071719 0.997044
-17.153018 -83.413527 2085.273734 19561.919316 0.408386 0.910993 0.057554 0.861170 -0.363610 -0.355209 0.302666 -0.194626 0.933013
-21.409321 -82.064468 4095.545463 4120.986080 0.430110 0.902555 0.020022 0.878457 -0.413307 -0.239772 0.208132 -0.120716 0.970623
5.378893 -130.771816 -871.187730 7780.197759 0.229064 0.970064 0.080663 -0.267189 -0.017024 0.963494 -0.936024 0.242254 -0.255290
2.859261 -134.491148 -3302.439314 -6531.913278 0.224860 0.970653 0.085262 -0.213457 -0.036307 0.976278 -0.950723 0.237726 -0.199028
7.440144 -97.021753 -4715.919690 1286.072552 0.304493 0.944455 -0.123643 -0.946222 0.314819 0.074523 -0.109309 -0.094302 -0.989524
5.645975 -93.201604 -2589.528098 1182.119394 0.299618 0.946274 -0.121636 -0.943780 0.312636 0.107415 -0.139672 -0.082614 -0.986746
6.868123 -95.972216 -1660.077903 -4481.647351 0.276611 0.955010 -0.106972 -0.933023 0.293550 0.208080 -0.230120 -0.042250 -0.972245
4.585794 -93.100273 -140.363274 -1391.240653 0.289928 0.950729 -0.109798 -0.936050 0.305594 0.174418 -0.199378 -0.052208 -0.978531
693.163113 -75.778338 495123.030047 4586.053831 0.812038 0.490860 0.315675 -0.487804 0.867813 -0.094590 -0.320378 -0.077177 0.944141
218.754875 -47.421338 133244.745923 -1019.443608 0.848348 0.487780 0.205854 -0.488259 0.871145 -0.052045 -0.204716 -0.056358 0.977198
419.495610 -87.571203 341736.813244 25977.086010 0.745976 0.594885 0.299385 -0.594029 0.797600 -0.104712 -0.301081 -0.099731 0.948369
998.119232 -152.047674 798945.700373 49784.061364 0.653191 0.564397 0.504775 -0.581951 0.800693 -0.142209 -0.484432 -0.200864 0.851457
1594.233167 -123.718810 1203407.471685 60098.021177 0.615445 0.456921 0.642223 -0.427100 0.878153 -0.215485 -0.662430 -0.141674 0.735606
971.277110 -87.197667 593841.168616 48897.214690 0.859864 0.392577 0.326370 -0.377471 0.919308 -0.111302 -0.343729 -0.027491 0.938666
-17.893587 -298.158105 17944.520874 8575.757305 0.553934 -0.102437 -0.826235 0.824720 -0.068360 0.561394 -0.113989 -0.992388 0.046615
-12.847955 -384.334184 21544.538852 122096.963959 0.555794 -0.085351 -0.826927 0.775692 -0.304511 0.552788 -0.298990 -0.948677 -0.103039
-10.985426 -263.440217 10872.645547 42223.599086 0.566610 -0.088770 -0.819190 0.800938 -0.174161 0.572858 -0.193524 -0.980708 -0.027582
-7.805937 -255.929802 14137.106276 -32052.897820 0.563372 -0.100048 -0.820123 0.819796 -0.055696 0.569941 -0.102699 -0.993423 0.050642
-10.896127 -296.243572 9743.339342 -49321.157593 0.550845 -0.115792 -0.826536 0.834559 0.087153 0.543982 0.009046 -0.989443 0.144643
-21.477281 -282.124567 10957.155211 -31173.459349 0.557417 -0.135827 -0.819047 0.829367 0.136154 0.541861 0.037917 -0.981332 0.188545
-14.223419 -65.449276 32655.668905 -8824.272402 -0.174346 -0.955426 -0.238253 0.973818 -0.203146 0.102032 -0.145884 -0.214226 0.965829
15.400288 -118.829690 15630.686588 15263.736060 0.303973 -0.203332 -0.930729 0.739687 0.666058 0.096069 0.600386 -0.717651 0.352865
66.232998 -161.863040 40685.484305 62797.153744 0.142842 -0.305876 -0.941295 0.866358 0.498491 -0.030516 0.478561 -0.811139 0.336204
11.915091 -97.664349 13316.980021 -3232.563047 0.243910 -0.306907 -0.919954 0.738987 0.673111 -0.028628 0.628018 -0.672852 0.390979
-3.919463 -666.746499 12038.557219 273178.019918 0.592988 -0.383908 -0.707799 0.783789 0.476616 0.398136 0.184500 -0.790855 0.583531
-2.826430 -611.914255 -4286.644608 142645.601063 0.588323 -0.401486 -0.701915 0.702554 0.683570 0.197865 0.400368 -0.609541 0.684225
-10.218341 -1352.135735 -21065.115309 856056.854077 0.586682 -0.433650 -0.683924 0.788966 0.496489 0.361984 0.182586 -0.751962 0.633416
-45.630123 -72.552585 -9512.045943 -2096.426264 0.185981 0.981671 -0.041637 0.822795 -0.178764 -0.539492 0.537047 -0.066076 0.840960
-32.645871 -72.333957 -8643.078863 7555.023098 0.276175 0.960038 -0.045328 0.821639 -0.260304 -0.507101 0.498635 -0.102805 0.860694
-31.021449 -65.209448 -7096.564907 -5731.617049 0.235255 0.971865 -0.011571 0.822165 -0.205338 -0.530924 0.518363 -0.115390 0.847340
-22.399005 -182.485699 2954.062381 -16898.529310 0.233287 0.970689 0.057787 0.800058 -0.157823 -0.578792 0.552707 -0.181257 0.813425
-26.014432 -193.959314 3938.711702 -10045.430507 0.235554 0.969123 0.072903 0.661711 -0.104989 -0.742372 0.711796 -0.223110 0.666009
-25.365205 -198.205359 3664.663600 -7545.861485 0.214849 0.974035 0.071377 0.663595 -0.091970 -0.742417 0.716576 -0.206873 0.666124
