10807
21591
-23.097866 -40.701347 -1097.848045 -3217.386452 0.241145 -0.375202 0.895026 0.138340 0.926114 0.350962 -0.960578 0.039186 0.275234
-29.266355 -41.642779 -144.763861 -2009.106647 0.304610 -0.479141 0.823187 0.270565 0.872184 0.407541 -0.913240 0.098584 0.395315
-23.129319 -45.889073 -1160.408297 -1797.594079 0.275317 -0.338284 0.899869 0.336141 0.910834 0.239563 -0.900672 0.236527 0.364479
-24.804561 -33.519802 -29.458211 -1642.130420 -0.217902 0.804527 -0.552499 0.250041 0.593228 0.765219 -0.943397 -0.028595 0.330430
-15.660174 -46.590522 -2080.281643 -3339.427997 0.170884 -0.338618 0.925276 0.218430 0.928741 0.299546 -0.960774 0.150920 0.232671
-13.794283 -41.808471 -2025.366442 -4559.939343 0.115818 -0.409157 0.905084 0.066802 0.912362 0.403898 -0.991022 0.013683 0.133000
-20.430634 -28.656310 -1134.980558 -2015.706216 0.162647 -0.648751 0.743417 0.073190 0.759307 0.646604 -0.983966 -0.050758 0.170981
8.995357 -27.267729 568.587142 190.737168 -0.012171 -0.686912 0.726638 -0.329962 0.688746 0.645565 -0.943916 -0.231906 -0.235037
7.761645 -26.383592 89.153071 -74.800600 0.043252 0.732542 -0.679346 -0.479021 0.611930 0.629349 -0.876737 -0.298201 -0.377370
6.070541 -24.106653 -1301.553810 117.111724 -0.166984 -0.697272 0.697085 -0.354170 0.702242 0.617591 -0.920152 -0.143759 -0.364216
7.881949 -28.120433 -938.505008 -132.529333 -0.028789 0.717124 -0.696351 -0.488037 0.597880 0.635892 -0.872348 -0.358152 -0.332770
10.247757 -29.490853 929.442947 381.359843 0.033994 -0.681886 0.730669 -0.222466 0.707586 0.670694 -0.974348 -0.185349 -0.127642
8.974150 -29.378811 -509.583439 -117.316552 -0.025015 0.705773 -0.707996 -0.397682 0.642743 0.654775 -0.917182 -0.297936 -0.264595
1.303638 -86.416751 842.250184 -907.246658 0.703016 0.522524 0.482428 0.671222 -0.711677 -0.207308 -0.235009 -0.469557 0.851050
1.497905 -81.716983 407.738184 -419.603864 0.692602 0.514873 0.505181 -0.574018 0.817536 -0.046242 -0.436812 -0.257956 0.861774
-0.411591 -80.222921 675.189954 517.278489 0.683412 0.537699 0.493790 -0.590845 0.804663 -0.058477 -0.428778 -0.251789 0.867613
-0.831488 -81.703719 560.409433 -618.570348 0.684701 0.531139 0.499076 0.673956 -0.722079 -0.156156 -0.277432 -0.443275 0.852372
-1.761835 -80.267478 273.810350 236.869773 0.675831 0.531349 0.510804 -0.578777 0.811691 -0.078575 -0.456366 -0.242538 0.856099
-4.750034 -7.248582 647.731742 1414.289829 0.437693 0.658442 -0.612273 0.625301 0.266407 0.733502 0.646083 -0.703904 -0.295120
-6.773594 -13.074946 457.557546 1342.037331 0.312541 0.563355 -0.764820 0.740535 0.359759 0.567610 0.594917 -0.743777 -0.304745
-5.712894 -16.088480 172.130949 1523.660849 0.347013 0.599423 -0.721300 0.730135 0.310040 0.608916 0.588630 -0.737948 -0.330072
16.893477 -42.870871 -2622.478293 497.574073 -0.314022 0.370411 -0.874177 0.926195 0.321911 -0.196306 0.208693 -0.871303 -0.444161
14.571988 -44.872073 -2075.505169 -579.988422 -0.305896 0.373452 -0.875763 0.888039 0.443548 -0.121042 0.343240 -0.814739 -0.467319
21.613110 -43.830886 -1881.287219 -776.258820 -0.357805 0.435762 -0.825885 0.902031 0.390016 -0.185010 0.241488 -0.811171 -0.532620
19.450949 -46.754175 -2016.197691 1325.472794 -0.328892 0.422070 -0.844800 0.940621 0.226011 -0.253279 0.084032 -0.877938 -0.471341
12.875477 -47.143024 -2244.094341 1795.576460 -0.296025 0.382548 -0.875229 0.953493 0.172777 -0.246979 0.056738 -0.907637 -0.415903
-0.379712 -31.659427 -194.928956 596.371074 -0.186611 0.759353 -0.623345 0.466236 -0.490038 -0.736537 0.864755 0.428072 0.262591
0.406200 -29.297782 -369.716254 111.865901 -0.198345 0.788389 -0.582324 0.336761 -0.503141 -0.795890 0.920462 0.353965 0.165704
-0.418345 -31.701308 -75.442756 630.564199 -0.203911 0.751141 -0.627860 0.404073 -0.519582 -0.752834 0.891709 0.407212 0.197568
0.057572 -30.794227 -50.757498 501.052873 -0.200948 0.769290 -0.606476 0.461032 -0.471986 -0.751451 0.864332 0.430607 0.259822
-0.929574 -35.640362 -247.775903 1158.040582 -0.171143 0.744848 -0.644912 0.550733 -0.470433 -0.689482 0.816947 0.473175 0.329701
-0.590974 -35.561561 -70.229536 1055.337909 -0.180401 0.746041 -0.640998 0.591200 -0.438589 -0.676847 0.786090 0.501062 0.361938
-2.349749 -87.237408 -69.818370 1753.894662 0.724850 0.593063 0.350527 -0.664172 0.466483 0.584182 -0.182942 0.656254 -0.732026
-2.544901 -91.166147 -326.837174 483.383785 0.720645 0.606003 0.336794 -0.692595 0.651216 0.310209 0.031338 0.456813 -0.889011
-1.785426 -85.798875 -504.929075 860.737412 0.713370 0.618638 0.329226 -0.677952 0.490273 0.547735 -0.177439 0.613937 -0.769153
-1.632464 -79.993960 -223.009539 2079.514572 0.723894 0.601653 0.337626 -0.584664 0.275186 0.763178 -0.366259 0.749858 -0.550970
-2.783008 -83.939391 74.933592 3214.716563 0.725635 0.580555 0.369337 -0.609843 0.294042 0.735956 -0.318662 0.759273 -0.567415
0.008969 -25.072143 -578.656287 440.438670 -0.224025 0.822917 -0.522131 0.129284 -0.505920 -0.852837 0.965970 0.258560 -0.006949
14.855889 -25.757336 -3264.619540 468.145770 -0.217429 0.877223 -0.428024 0.097746 -0.416742 -0.903754 0.971170 0.238340 -0.004867
3.270041 -23.266113 -1349.395618 493.141646 -0.203521 0.834481 -0.512075 0.015251 -0.520256 -0.853874 0.978952 0.181591 -0.093156
-2.114490 -23.459703 -283.439412 489.156126 -0.227390 0.800408 -0.554654 0.054648 -0.558189 -0.827912 0.972269 0.218569 -0.083186
-2.619900 -26.577402 396.558747 -876.036644 -0.260733 0.871043 -0.416295 -0.337931 -0.486276 -0.805816 0.904334 0.069424 -0.421141
-2.101035 -30.185836 430.392950 -1232.296435 -0.264044 0.872914 -0.410245 -0.438927 -0.487494 -0.754780 0.858851 0.019228 -0.511865
-0.791030 -29.375926 311.227022 -957.725853 -0.276311 0.865190 -0.418448 -0.382552 -0.498432 -0.777959 0.881650 0.054880 -0.468702
-5.979934 -106.760367 974.986601 -445.502204 0.687903 0.539284 0.485759 -0.407053 -0.267455 0.873370 -0.600913 0.798524 -0.035534
-9.019360 -116.687500 396.342184 -1501.046622 0.654372 0.567743 0.499465 -0.455630 -0.231109 0.859645 -0.603488 0.790099 -0.107450
-9.308399 -108.408623 205.829143 3325.547918 0.633597 0.571146 0.521869 -0.214372 -0.518525 0.827754 -0.743371 0.636336 0.206098
-8.738484 -24.023706 344.716842 167.913986 0.357943 -0.543249 0.759445 0.384118 0.826996 0.410526 -0.851076 0.144771 0.504689
-8.542680 -23.598386 -79.955265 193.216144 0.307149 -0.565905 0.765121 0.473183 0.788373 0.393149 -0.825686 0.241287 0.509925
-9.701844 -24.535662 -273.392529 199.096423 0.258067 -0.618382 0.742297 0.387292 0.770102 0.506900 -0.885103 0.156672 0.438232
-10.865294 -25.318027 -338.371098 172.366335 0.229269 -0.655846 0.719237 0.287373 0.751590 0.593742 -0.929974 0.070562 0.360789
-10.240477 -24.835710 365.686873 222.738489 0.326341 -0.584518 0.742859 0.301784 0.809184 0.504131 -0.895783 0.059664 0.440468
4.227857 -71.059069 296.811712 57.788825 0.686578 0.499979 0.527855 -0.451118 0.862315 -0.230010 -0.570178 -0.080205 0.817597
4.120467 -69.508930 586.393334 362.619021 0.688142 0.513123 0.512996 -0.283700 0.841014 -0.460663 -0.667814 0.171464 0.724310
3.323429 -69.035766 36.766009 1093.233365 0.669335 0.520626 0.530037 -0.310408 0.844124 -0.437152 -0.675009 0.128074 0.726608
-3.832379 -15.303237 369.901973 247.349343 0.566321 -0.336754 0.752248 0.587078 0.805426 -0.081415 -0.578463 0.487736 0.653831
-4.231857 -15.928158 -41.106438 164.819856 0.594853 -0.260994 0.760284 0.574662 0.799420 -0.175192 -0.562062 0.541119 0.625521
-3.696298 -17.576820 181.456682 358.643827 0.513441 -0.382047 0.768387 0.597531 0.801846 -0.000590 -0.615902 0.459438 0.639986
-11.692237 -22.981365 -212.496837 405.877994 -0.495742 0.835275 -0.237814 -0.680060 -0.203046 0.704479 -0.540146 -0.510968 -0.668696
-13.139569 -24.891936 -358.726666 414.363241 -0.548254 0.828952 -0.110705 -0.647148 -0.336665 0.684000 -0.529733 -0.446648 -0.721033
-12.444306 -24.463798 -174.996827 373.018435 -0.551846 0.817335 -0.165619 -0.682423 -0.328434 0.653016 -0.479338 -0.473387 -0.739013
-12.100790 -23.216893 188.330809 -244.782079 -0.520942 0.816706 -0.248215 0.721679 0.266111 -0.639034 -0.455851 -0.512031 -0.728028
1.390237 -103.763439 607.482919 7589.784990 0.057202 0.717514 -0.694191 -0.413413 0.649937 0.637708 -0.908745 -0.250510 -0.333807
4.173502 -92.080474 -580.358586 1302.737351 -0.059619 -0.690012 0.721339 -0.183029 0.717930 0.671623 -0.981298 -0.091984 -0.169094
5.883395 -114.415092 679.904056 8435.055355 0.042696 0.708913 -0.704002 -0.456303 0.640696 0.617492 -0.888800 -0.294874 -0.350834
0.904715 -83.994189 -422.469735 2368.309512 -0.078887 -0.693132 0.716481 -0.142845 0.719164 0.679999 -0.986596 -0.048703 -0.155743
-11.791960 -349.816137 5174.242536 54025.438467 -0.223130 0.851668 0.474209 0.111109 -0.461082 0.880374 -0.968436 -0.249126 -0.008253
-75.251883 -469.116943 -1587.437057 69582.938927 0.334053 0.766835 -0.548062 -0.293003 0.637141 0.712882 -0.895856 0.077556 -0.437524
-87.570823 -446.575038 10889.263215 68951.472447 -0.367400 0.732683 0.572881 0.185319 -0.545938 0.817073 -0.911413 -0.406358 -0.064797
-68.821259 -252.760850 10376.270199 41202.394888 0.184031 -0.227382 0.956258 -0.496689 0.818012 0.290097 -0.848194 -0.528350 0.037602
-673.407927 -1436.329690 84469.438980 -790913.614990 0.135448 0.943783 -0.301542 -0.796816 -0.077117 -0.599281 0.588845 -0.321445 -0.741576
-42.887041 -82.990745 4700.872566 14969.369788 -0.241452 0.817492 0.522884 0.287800 -0.454260 0.843101 -0.926753 -0.354054 0.125593
-140.148407 -256.476815 18294.542130 33343.062438 0.265095 -0.491178 0.829740 -0.527232 0.646652 0.551242 -0.807311 -0.583597 -0.087540
-22.074996 -36.752862 -168.341558 536.008075 -0.107945 0.595870 -0.795793 0.536019 0.709038 0.458202 0.837276 -0.377100 -0.395935
-22.541037 -38.178437 -104.910108 42.629885 -0.027269 0.634477 -0.772461 -0.691744 -0.569821 -0.443614 0.721628 -0.522248 -0.454434
-22.335374 -39.143899 -160.412801 -405.361592 -0.146218 0.659420 -0.737418 -0.622108 -0.640875 -0.449735 0.769157 -0.392994 -0.503938
-22.254871 -37.180199 -168.635964 860.644317 -0.204559 0.599752 -0.773598 0.437140 0.763096 0.476018 0.875822 -0.240797 -0.418274
18.101428 -28.359853 830.943494 -636.433975 0.156400 0.439054 -0.884743 0.387643 0.796608 0.463842 0.908445 -0.415509 -0.045607
19.454274 -27.548500 1096.393741 -698.963165 0.197653 0.409672 -0.890563 0.455042 0.766329 0.453516 0.868257 -0.494882 -0.034951
17.348584 -29.458816 491.994455 -573.996300 0.222301 0.386941 -0.894907 0.346461 0.826615 0.443477 0.911343 -0.408636 0.049698
18.649510 -26.377121 790.622622 -515.706499 0.151557 0.443373 -0.883431 0.507042 0.732334 0.454527 0.848492 -0.516824 -0.113819
3.300069 -23.895641 466.038244 94.883644 0.194912 0.594677 -0.779980 -0.448720 0.761195 0.468223 0.872158 0.258730 0.415210
4.269663 -22.474563 567.023767 342.146996 0.217258 0.544009 -0.810465 -0.547318 0.755388 0.360322 0.808234 0.365299 0.461860
1.482240 -21.933128 532.147430 100.751813 0.218618 0.537715 -0.814290 -0.483951 0.784365 0.388025 0.847347 0.309248 0.431704
0.370663 -23.553610 580.896990 152.103354 0.189296 0.579894 -0.792395 -0.393943 0.784043 0.479672 0.899431 0.221358 0.376862
2.845129 -31.878402 7.872991 -0.985270 -0.176906 -0.629366 0.756705 0.245735 0.716239 0.653158 -0.953057 0.301497 0.027950
2.585991 -31.011398 416.839283 202.799703 -0.169449 -0.636072 0.752794 0.326330 0.684539 0.651855 -0.929944 0.356115 0.091575
2.165166 -31.610633 3.238109 116.102379 -0.166000 -0.610832 0.774163 0.365972 0.690830 0.623553 -0.915701 0.386832 0.108869
1.974717 -34.009419 -209.284829 198.207035 -0.173136 -0.614076 0.770023 0.258031 0.726240 0.637177 -0.950497 0.309008 0.032712
1.327324 -32.881713 -355.916668 86.696389 -0.167892 -0.584888 0.793548 0.406679 0.692191 0.596225 -0.898012 0.422820 0.121648
9.877252 -35.900534 297.190033 2023.505557 0.078953 0.717224 -0.692355 0.917922 -0.323199 -0.230133 -0.388826 -0.617359 -0.683873
10.355879 -36.724486 525.935137 1561.717256 0.104397 0.674349 -0.730995 0.917398 -0.349116 -0.191044 -0.384033 -0.650670 -0.655094
11.920518 -33.121485 750.062725 -318.676345 0.101739 0.710803 -0.695994 0.947221 -0.283017 -0.150577 -0.304009 -0.643941 -0.702082
0.944216 -85.845644 -645.845622 -3385.139963 -0.062637 -0.406122 0.911669 -0.294986 0.880185 0.371830 -0.953446 -0.245639 -0.174933
1.890888 -96.883840 -597.278415 -3582.526806 -0.054726 -0.378747 0.923881 -0.235792 0.904001 0.356630 -0.970261 -0.198327 -0.138778
1.464542 -83.014432 -339.021569 -2504.117438 -0.037432 -0.427485 0.903247 -0.521225 0.779539 0.347337 -0.852598 -0.457794 -0.251995
2.826611 -108.187726 -88.808647 -6245.481949 -0.016926 -0.372137 0.928023 -0.386917 0.858283 0.337114 -0.921959 -0.353362 -0.158513
1.268402 -68.367194 396.833450 982.928728 -0.002729 0.484812 -0.874614 0.763564 -0.563756 -0.314881 -0.645727 -0.668683 -0.368646
0.953552 -74.822466 -682.478334 -2534.085171 -0.048490 -0.452361 0.890516 -0.553351 0.754407 0.353090 -0.831535 -0.475647 -0.286896
-4.608667 -50.122242 -1.981323 -3155.391364 -0.181575 0.756425 0.628373 -0.439654 0.509131 -0.739926 0.879622 0.410618 -0.240119
-5.844388 -43.744871 433.824053 -993.138811 -0.230327 0.776676 0.586280 -0.325561 0.506260 -0.798568 0.917039 0.374801 -0.136250
-7.393073 -38.370746 -37.627043 -20.649327 -0.161090 0.747856 0.644020 -0.304859 0.582925 -0.753166 0.938675 0.317663 -0.134087
-4.207929 -41.336258 -493.256082 -1207.600545 -0.095751 0.711990 0.695631 -0.419848 0.604749 -0.676762 0.902530 0.356859 -0.241022
-6.008037 -36.926751 -620.462868 285.064711 -0.074685 0.692359 0.717678 -0.277667 0.676787 -0.681806 0.957770 0.250197 -0.141699
3.293196 -31.486512 46.721081 272.587370 -0.227077 -0.646939 0.727946 0.108115 0.726106 0.679030 -0.967857 0.232894 -0.094938
2.412176 -31.391996 -278.192689 340.532621 -0.273483 -0.631088 0.725903 0.036276 0.747370 0.663417 -0.961193 0.207766 -0.181499
2.900399 -29.547174 -217.011576 188.153659 -0.263311 -0.624518 0.735285 0.200987 0.709944 0.674969 -0.943542 0.325509 -0.061416
3.479422 -29.974204 -206.292506 329.062835 -0.247621 -0.622553 0.742369 0.311507 0.674389 0.669450 -0.917413 0.397023 0.026937
1.024815 -111.995528 -70.436031 13215.102242 -0.083973 0.827161 0.555656 0.599212 -0.403625 0.691399 -0.796175 -0.391014 0.461751
5.279984 -71.299364 20.202812 6919.421048 -0.059078 0.806891 0.587739 0.800646 -0.313347 0.510665 -0.596217 -0.500740 0.627522
4.064727 -84.970157 230.009809 8367.091674 -0.031863 0.768983 0.638475 0.690148 -0.445138 0.570568 -0.722967 -0.458822 0.516528
-14.613514 -25.612506 -687.102951 698.952376 0.694083 0.717189 -0.062357 0.127404 -0.207627 -0.969876 0.708531 -0.665230 0.235483
-17.407728 -21.522899 -654.351568 -146.491460 0.621809 0.616003 -0.483626 -0.260641 -0.419554 -0.869506 0.738526 -0.666719 0.100327
-17.800934 -21.949906 195.728635 518.229047 0.523614 0.787021 0.326229 0.337026 0.160333 -0.927743 0.782459 -0.595727 0.181294
-18.057168 -21.517331 254.226216 -513.006895 -0.058460 -0.190224 -0.979999 0.576376 0.795095 -0.188715 0.815091 -0.575880 0.063159
-16.251136 -23.138478 -520.706367 -254.579840 -0.230538 -0.588433 -0.774983 0.471950 0.628872 -0.617886 0.850949 -0.508200 0.132732
-14.565344 -721.182345 1641.477396 146102.947001 -0.635793 0.494453 0.592691 -0.018043 0.758144 -0.651838 -0.771649 -0.425128 -0.473101
-25.644447 -383.015636 -1480.921004 70848.382152 -0.677182 0.462394 0.572378 0.283777 0.881823 -0.376641 -0.678893 -0.092627 -0.728371
-50.418744 -1183.271696 4702.364055 308644.174572 0.725565 -0.428729 -0.538281 -0.219580 0.597083 -0.771542 -0.652181 -0.678000 -0.339082
-12.250545 -469.002542 -8083.141275 83779.346459 -0.815649 0.374546 0.440944 0.045306 0.801169 -0.596721 -0.576770 -0.466738 -0.670442
-19.418702 -844.220421 1867.029461 -161815.638650 0.750669 -0.520941 -0.406346 -0.462814 0.024287 -0.886122 -0.471487 -0.853247 0.222867
-655.319282 -13145.171574 5252.973878 4844291.953652 0.860433 -0.361382 -0.359245 -0.243675 0.327360 -0.912939 -0.447523 -0.873062 -0.193612
-19.975735 -632.175482 4676.066999 -97382.933728 0.799024 -0.437107 -0.412914 -0.472346 -0.031339 -0.880856 -0.372088 -0.898864 0.231506
4.288307 -71.933380 97.046951 2302.000535 -0.281122 0.832042 0.478202 0.630564 0.535783 -0.561538 0.723436 -0.143677 0.675276
3.466565 -81.385024 365.069114 2274.904139 -0.289792 0.845004 0.449431 0.788807 0.476810 -0.387860 0.542037 -0.242116 0.804721
1.880532 -71.067437 472.742029 2800.458672 -0.296785 0.845875 0.443187 0.570438 0.529232 -0.628103 0.765845 -0.066399 0.639587
14.965110 -20.486881 -554.821039 -783.488413 0.026281 0.341185 -0.939629 0.996256 0.068497 0.052737 0.082355 -0.937497 -0.338108
16.277642 -23.731931 -516.791811 -319.776786 0.090379 0.333726 -0.938328 0.970603 0.181523 0.158048 0.223073 -0.925028 -0.307509
16.487647 -26.092419 573.304065 -416.891994 0.042124 0.456635 -0.888656 0.979674 0.155719 0.126455 0.196124 -0.875920 -0.440794
16.293395 -21.626463 421.523420 -997.773986 -0.010885 0.450832 -0.892543 0.999464 0.032470 0.004212 0.030880 -0.892018 -0.450943
15.596912 -14.241481 -124.001365 -1361.177213 -0.048126 0.388061 -0.920376 0.997461 -0.029753 -0.064702 -0.052492 -0.921153 -0.385644
-7.856028 -19.054603 249.496101 80.114717 -0.265682 0.285525 -0.920809 0.857790 0.505950 -0.090614 0.440010 -0.813935 -0.379342
-7.745957 -19.637356 9.030460 160.158257 -0.311436 0.244956 -0.918153 0.880863 0.436891 -0.182228 0.356495 -0.865519 -0.351837
-7.403162 -18.818914 136.863303 281.931700 -0.294625 0.296096 -0.908583 0.873216 0.469645 -0.130106 0.388188 -0.831722 -0.396925
3.768851 -299.091639 -1194.824895 -45340.315416 -0.670944 0.532702 0.515813 0.741382 0.494748 0.453406 -0.013668 0.686625 -0.726884
78.338251 -401.776696 20708.657423 -121833.723848 0.884469 0.455665 -0.100420 0.027939 0.163112 0.986212 -0.465762 0.875079 -0.131536
5308.063961 -26703.596457 643142.012639 6691020.312763 0.038686 0.907769 0.417682 -0.886091 0.224378 -0.405583 0.461895 0.354414 -0.813046
-388.993734 -9259.873116 92694.545876 -2669602.314563 0.657399 -0.503521 -0.560619 0.488240 -0.282072 0.825868 0.573976 0.816641 -0.060405
-38.758586 -414.635490 -7958.169991 -70493.764640 0.892246 -0.369091 -0.260133 0.442958 0.603592 0.662921 0.087664 0.706717 -0.702044
146.650396 -440.895734 26695.484742 -80851.059037 -0.596919 0.620829 0.508192 0.799053 0.516970 0.307011 -0.072119 0.589334 -0.804664
-41.579181 -313.636041 11772.784268 -57525.957498 0.764319 -0.452817 -0.459101 0.644728 0.523435 0.557083 0.011947 0.721784 -0.692015
2.200979 -200.704674 794.987357 7412.499421 0.603659 0.766340 0.219814 -0.748758 0.639657 -0.173782 0.273781 0.059683 -0.959938
-9.224702 -159.789289 2082.734360 -5259.392513 0.614051 0.735246 0.286974 -0.671718 0.677739 -0.299106 0.414410 0.009099 -0.910045
-0.275296 -330.108523 1518.821067 -46668.660509 0.612033 0.739738 0.279651 0.790796 -0.575863 -0.207420 0.007604 0.348095 -0.937429
30.610728 -1099.493652 1739.712931 -175908.817271 0.507921 0.796728 0.327476 0.848693 -0.397786 -0.348550 -0.147434 0.454962 -0.878221
8.618486 -395.578090 -223.279861 -54123.155150 0.601414 0.776700 0.187185 0.794453 -0.606181 -0.037262 0.084527 0.171120 -0.981618
-32.043311 -44.841490 142.265585 -915.381155 0.356966 -0.458350 0.813935 0.430666 0.853964 0.292015 -0.828917 0.246295 0.502231
-28.599227 -40.668947 -140.925239 -1393.136210 -0.269236 0.768561 -0.580367 0.413596 0.636490 0.651014 -0.869742 0.064761 0.489240
-2.928971 -19.559821 -1792.019885 381.053930 -0.103034 0.936087 -0.336340 -0.383097 0.274708 0.881914 -0.917944 -0.219718 -0.330308
-8.902651 -23.248450 -1399.515072 -885.054149 -0.079650 0.914536 -0.396585 -0.333655 0.350440 0.875138 -0.939324 -0.202028 -0.277227
-9.998506 -22.076102 -1625.622257 -566.221534 0.015683 0.840151 -0.542126 -0.412644 0.499305 0.761853 -0.910758 -0.211757 -0.354513
0.593614 -17.157498 -2359.180387 -177.496222 -0.212549 0.968467 -0.129977 -0.297901 0.062461 0.952551 -0.930633 -0.241185 -0.275232
0.555542 -24.535518 -322.999081 1631.410978 0.026399 0.933426 -0.357798 -0.425776 0.334333 0.840795 -0.904444 -0.130145 -0.406256
4.438228 -23.905098 -1608.174720 2476.402118 -0.152370 0.973927 -0.168075 -0.297910 0.116891 0.947410 -0.942355 -0.194428 -0.272332
4.685052 -24.541592 1807.389194 -41.600248 0.149006 0.772417 -0.617390 -0.519339 0.592447 0.615869 -0.841478 -0.228866 -0.489424
8.869690 -26.238057 536.614105 101.239665 0.059082 0.764365 -0.642072 -0.575285 0.551719 0.603866 -0.815817 -0.333696 -0.472324
8.664314 -27.774952 -1255.900978 120.624453 -0.020361 0.732239 -0.680743 -0.577667 0.547114 0.605778 -0.816019 -0.405577 -0.411851
2.894735 -84.524494 199.317456 -1061.169716 0.697867 0.491482 0.520986 0.657296 -0.728426 -0.193280 -0.284506 -0.477326 0.831394
3.591697 -81.482398 56.124563 -249.424609 0.685732 0.498594 0.530260 -0.571897 0.819732 -0.031201 -0.450228 -0.281859 0.847261
19.358749 -30.562975 -1139.014803 1171.974643 -0.142519 0.956966 -0.252795 -0.935985 -0.213363 -0.280013 0.321900 -0.196705 -0.926114
24.759215 -29.873458 -480.380996 -878.869403 -0.220859 0.961774 -0.161901 -0.855005 -0.270797 -0.442307 0.469242 -0.040739 -0.882130
22.454402 -26.965958 180.798125 1337.264840 -0.233142 0.966887 -0.103802 -0.943989 -0.250660 -0.214602 0.233515 -0.047955 -0.971170
16.353526 -28.330718 -1616.356592 -1504.455324 -0.109338 0.940910 -0.320521 0.970258 0.171087 0.171258 0.215975 -0.292263 -0.931631
11.776289 -32.545177 -1605.557890 846.046821 -0.101957 0.925901 -0.363748 -0.928195 -0.220079 -0.300032 0.357853 -0.307039 -0.881855
21.529315 -26.907855 -1147.924629 -1715.199255 -0.143037 0.961756 -0.233592 0.977292 0.174532 0.120159 0.156333 -0.211100 -0.964882
18.862371 -32.622374 -1560.028455 31.089644 -0.157739 0.939621 -0.303696 -0.855399 -0.283675 -0.433383 0.493366 -0.191420 -0.848498
0.678956 -26.313960 271.183698 87.571360 0.086031 0.812980 -0.575901 0.164550 0.558511 0.813012 -0.982610 0.164709 0.085727
2.193265 -26.983014 94.507284 283.651521 0.060230 0.807857 -0.586293 0.054030 0.583860 0.810054 -0.996721 0.080467 0.008483
1.397005 -27.111949 304.839314 273.920298 0.088146 0.821548 -0.563284 0.006687 0.564984 0.825075 -0.996085 0.076494 -0.044307
2.756027 -28.754750 83.324039 444.071423 0.059722 0.818325 -0.571644 -0.092452 0.574739 0.813097 -0.993925 -0.004289 -0.109980
0.205165 -25.426459 301.892901 454.476812 0.089711 0.825261 -0.557581 0.104129 0.548998 0.829312 -0.990510 0.132459 0.036683
1.827647 -28.784276 172.335688 350.974941 0.076021 0.832890 -0.548192 -0.141286 0.553233 0.820957 -0.987046 -0.015041 -0.159733
0.323636 -27.019664 220.702370 231.590056 0.087093 0.840116 -0.535368 -0.028517 0.539293 0.841635 -0.995792 0.058033 -0.070926
19.402085 -55.082550 -1803.212502 -2272.568977 -0.336276 0.445630 -0.829658 0.823976 0.565826 -0.030054 0.456049 -0.693725 -0.557462
11.406982 -51.230933 -1932.561363 -1529.101203 -0.288220 0.371528 -0.882551 0.805584 0.592322 -0.013735 0.517651 -0.714928 -0.470017
4.930220 -46.746072 -1287.881649 -249.045537 -0.264349 0.367404 -0.891703 0.889183 0.450885 -0.077827 0.373461 -0.813460 -0.445880
0.428025 -29.241945 -275.259040 -19.737116 -0.204105 0.776064 -0.596712 0.272909 -0.540272 -0.796007 0.940139 0.325317 0.101522
0.939377 -28.699261 -105.772439 -39.421732 -0.223469 0.788954 -0.572375 0.311249 -0.498722 -0.808950 0.923681 0.358926 0.134113
-2.806877 -85.369202 405.520886 -1117.323646 -0.728534 -0.596202 -0.337315 -0.625357 0.779846 -0.027725 0.279583 0.190744 -0.940983
-3.051544 -91.578288 -225.882947 -1506.645398 0.720064 0.595620 0.356014 -0.679425 0.709446 0.187265 0.141033 0.376727 -0.915525
-3.201261 -87.627987 -167.310468 -3645.180365 -0.711823 -0.579727 -0.396515 -0.598270 0.796213 -0.090094 0.367941 0.173093 -0.913597
-3.998955 -93.965278 -14.057742 -1948.999325 0.717509 0.583939 0.379731 -0.685750 0.687811 0.238041 0.122182 0.431197 -0.893947
30.709194 -25.592718 -2062.976749 -1087.270602 -0.299145 0.908239 -0.292599 -0.758379 -0.412401 -0.504764 0.579114 -0.070903 -0.812157
31.770604 -22.389613 -995.696805 -2610.930201 -0.417926 0.889242 -0.185972 -0.708237 -0.447117 -0.546340 0.568980 0.096617 -0.816656
26.870041 -20.073269 517.693637 -1431.427491 -0.399890 0.912138 -0.089952 -0.812615 -0.398223 -0.425529 0.423962 0.097069 -0.900463
1.132380 -27.987959 97.835822 -375.154361 -0.267964 0.851447 -0.450814 -0.273504 -0.515905 -0.811811 0.923792 0.094237 -0.371118
0.563873 -30.924795 158.670357 -826.879752 -0.272706 0.861802 -0.427701 -0.415312 -0.506446 -0.755664 0.867841 0.028444 -0.496028
1.583978 -30.048097 93.754813 -703.632878 -0.261629 0.863376 -0.431431 -0.395377 -0.503646 -0.768126 0.880470 0.030386 -0.473127
1.985445 -28.378090 173.124285 -265.497565 -0.265912 0.855931 -0.443479 -0.319210 -0.512269 -0.797299 0.909613 0.070448 -0.409440
1.952882 -27.443362 158.509899 -75.659132 -0.270810 0.841794 -0.466953 -0.192084 -0.522578 -0.830672 0.943274 0.135261 -0.303215
1.113372 -26.498647 180.491984 -68.901176 -0.280608 0.834436 -0.474316 -0.125422 -0.521811 -0.843790 0.951593 0.177285 -0.251081
-0.122423 -25.268006 229.878701 -83.153019 -0.284790 0.838760 -0.464085 -0.137732 -0.514914 -0.846105 0.948643 0.177043 -0.262167
-7.743321 -92.387134 127.655241 -6771.375675 0.612581 0.553016 0.564728 -0.072934 0.750977 -0.656288 -0.787035 0.360842 0.500368
-5.978504 -76.551521 -274.734252 -6611.293780 0.582581 0.578225 0.571188 -0.305244 0.806976 -0.505585 -0.753277 0.120192 0.646628
-5.652871 -75.824406 -75.567028 -6471.946456 0.618904 0.533083 0.576871 -0.278940 0.835727 -0.473026 -0.734268 0.131846 0.665933
-6.048882 -81.163991 886.397251 -5835.888379 0.669959 0.492296 0.555698 -0.089054 0.796404 -0.598173 -0.737038 0.351264 0.577398
-6.717133 -22.804978 472.841715 206.639048 0.399073 -0.496118 0.771108 0.467467 0.833559 0.294370 -0.788807 0.242993 0.564570
-7.171581 -22.388422 -26.533181 244.174240 0.345329 -0.525666 0.777447 0.540772 0.788511 0.292945 -0.767016 0.319259 0.556561
-6.288194 -23.216053 -495.636668 201.870339 0.260815 -0.588258 0.765459 0.557586 0.739068 0.377990 -0.788082 0.328224 0.520765
-2.914199 -973.907746 184.206328 203983.206654 0.714186 0.544993 0.439228 0.662914 -0.325214 -0.674374 0.224686 -0.772799 0.593547
-4.628460 -529.228622 1037.331282 82158.435370 0.714497 0.529017 0.457860 0.690036 -0.640889 -0.336320 -0.115518 -0.556240 0.822954
16.658793 -874.000329 924.248111 205403.289129 -0.703994 -0.473964 -0.528914 0.706069 -0.547349 -0.449307 -0.076545 -0.689759 0.719982
-15.572626 -249.472646 992.406307 25973.133092 0.715757 0.487079 0.500446 0.656709 -0.225700 -0.719579 0.237541 -0.843691 0.481415
-11.916013 -199.864457 -421.106640 5992.721236 0.750943 0.373066 0.544892 0.658262 -0.357039 -0.662733 0.052696 -0.856356 0.513690
-3.326891 -268.454860 -734.416502 -1082.191299 0.751225 0.372498 0.544891 0.575408 -0.774034 -0.264153 -0.323368 -0.511973 0.795812
4.115395 -66.597974 501.401779 1009.738001 0.671878 0.521148 0.526293 -0.097705 0.766725 -0.634497 -0.734189 0.374883 0.566064
3.274514 -67.131338 278.148585 791.749158 0.673184 0.524918 0.520851 -0.177514 0.798468 -0.575271 -0.717853 0.294805 0.630696
4.601205 -68.852630 415.501956 -177.275261 0.664331 0.518922 0.537944 -0.221461 0.824057 -0.521426 -0.713876 0.227265 0.662368
-3.758683 -17.705717 -328.633291 266.073741 0.504915 -0.334720 0.795628 0.625287 0.777265 -0.069820 -0.595043 0.532749 0.601749
-3.684377 -15.027598 -167.299489 74.116039 0.675978 -0.152669 0.720934 -0.526981 -0.783992 0.328096 -0.515117 0.601704 0.610415
-3.294858 -16.267393 -391.603413 -100.072762 0.602643 -0.213742 0.768853 -0.583829 -0.774911 0.242191 -0.544026 0.594833 0.591784
-13.981962 -25.490528 -327.816296 516.367162 -0.537368 0.842612 -0.035220 -0.606059 -0.356793 0.710908 -0.586454 -0.403365 -0.702402
-12.581269 -23.029949 -366.152806 448.318931 -0.490399 0.851980 -0.183408 -0.632678 -0.203306 0.747252 -0.599356 -0.482490 -0.638730
-13.273215 -23.171470 -382.089416 526.342837 -0.481283 0.870988 -0.098719 -0.576881 -0.229931 0.783799 -0.659981 -0.434178 -0.613119
-11.013668 -20.852316 -52.169736 357.027302 -0.409725 0.845915 -0.341400 -0.677448 -0.031533 0.734894 -0.610892 -0.532385 -0.585984
-11.583186 -20.906212 -441.692756 453.018004 -0.425059 0.864948 -0.266813 -0.612434 -0.057763 0.788409 -0.666521 -0.498525 -0.554276
3.179424 -88.316985 -451.628442 -2350.567307 -0.056116 -0.679323 0.731690 0.067323 0.728603 0.681620 -0.996152 0.087509 0.004848
6.853399 -101.917113 -490.880148 -5648.376186 -0.045830 -0.687482 0.724754 0.064497 0.721966 0.688916 -0.996865 0.078317 0.011253
7.433969 -89.825975 -618.336729 551.360995 -0.032322 -0.684511 0.728286 -0.215763 0.716264 0.663636 -0.975911 -0.135686 -0.170843
-7.566171 -173.018261 2823.201802 17419.616260 -0.217830 0.840735 0.495696 -0.376377 -0.540969 0.752125 -0.900495 0.022733 -0.434273
-43.923325 -161.888137 6821.077850 -6351.231743 -0.239756 0.770457 0.590689 -0.788165 -0.509720 0.344936 -0.566844 0.382860 -0.729456
-128.787744 -211.034723 14813.775012 -9588.198839 -0.344564 0.821997 0.453427 -0.761828 -0.527071 0.376582 -0.548537 0.215677 -0.807831
7.196325 -111.155704 24260.846539 17142.374230 -0.651913 -0.227446 0.723379 -0.124164 0.973099 0.194066 -0.748059 0.036696 -0.662617
-37.018596 -154.529390 6764.648767 -5079.711380 -0.210271 0.816392 0.537857 -0.648682 -0.528113 0.548005 -0.731436 0.233669 -0.640625
-13.042806 -29.061954 -5443.498694 306.199416 0.083577 0.204320 0.975330 0.799697 -0.597722 0.056689 0.594559 0.775230 -0.213350
-21.837807 -36.383670 745.495868 2246.596266 0.510523 -0.321479 0.797507 0.680118 -0.416524 -0.603280 0.526122 0.850388 0.005999
-17.412074 -30.574116 -846.726041 1908.173157 0.240275 -0.135909 0.961143 0.710914 -0.649564 -0.269571 0.660961 0.748061 -0.059454
-12.399034 -24.649797 2607.513285 -1623.538696 -0.086236 -0.018018 -0.996112 -0.652420 0.756648 0.042795 0.752935 0.653574 -0.077006
1.928085 -27.787346 -5839.274752 349.317090 0.029683 0.245485 0.968946 0.725608 -0.671999 0.148024 0.687468 0.698681 -0.198073
-22.826209 -39.714276 243.407816 11.839376 0.028744 0.659768 -0.750919 0.822276 0.411541 0.393061 0.568363 -0.628761 -0.530682
-24.539439 -37.254053 628.954496 9.330758 0.045351 0.583423 -0.810901 -0.715567 -0.547448 -0.433894 0.697070 -0.599932 -0.392651
6.993500 -26.161089 1197.385387 69.570875 -0.307591 0.502945 -0.807734 0.248299 0.861903 0.442120 0.918551 -0.064568 -0.389995
2.150713 -26.257054 1348.027994 -70.401542 -0.337044 0.474851 -0.812968 0.279646 0.875015 0.395155 0.898999 -0.094158 -0.427709
5.379273 -25.851252 907.500484 188.925354 -0.297129 0.504293 -0.810804 0.333321 0.850515 0.406843 0.894769 -0.149373 -0.420805
2.159113 -26.470729 852.247508 114.428667 -0.308267 0.489424 -0.815742 0.410605 0.841968 0.349992 0.858123 -0.227056 -0.460511
7.776581 -26.950583 339.528372 298.582792 -0.248473 0.527841 -0.812185 0.324978 0.835310 0.443449 0.912497 -0.153757 -0.379089
5.953134 -26.353511 754.755295 290.434103 -0.278036 0.523794 -0.805193 0.410815 0.822556 0.393233 0.868289 -0.221453 -0.443883
5.422607 -23.397387 37.998217 502.568271 0.255785 0.561010 -0.787300 -0.609476 0.725738 0.319131 0.750409 0.398212 0.527555
4.687956 -25.702694 -386.541030 359.229852 0.247034 0.618603 -0.745859 -0.587906 0.707544 0.392106 0.770286 0.341631 0.538468
5.831395 -23.439159 -547.835676 560.091341 0.288712 0.577932 -0.763309 -0.674227 0.688772 0.266480 0.679753 0.437707 0.588514
5.011368 -19.990901 708.206035 652.981848 0.267912 0.464187 -0.844248 -0.633406 0.745147 0.208695 0.725962 0.478839 0.493652
6.382046 -20.993579 126.581207 583.766398 0.294681 0.500227 -0.814209 -0.667426 0.717520 0.199268 0.683890 0.484703 0.545304
3.420702 -32.048356 115.323514 250.409938 -0.191339 -0.650365 0.735130 0.161826 0.717815 0.677166 -0.968092 0.248531 -0.032100
3.272952 -31.282134 185.442544 326.945589 -0.206534 -0.646381 0.734531 0.227919 0.698282 0.678568 -0.951524 0.307560 0.003103
3.101285 -29.885937 175.158638 233.724963 -0.205809 -0.627459 0.750958 0.393270 0.649660 0.650601 -0.896092 0.429228 0.113054
7.390717 -34.777235 462.034159 -751.391068 0.069842 0.772643 -0.630988 0.976125 -0.183348 -0.116466 -0.205677 -0.607789 -0.767001
7.687343 -34.128950 497.719469 399.919946 0.076787 0.774712 -0.627634 0.939426 -0.267114 -0.214776 -0.334039 -0.573124 -0.748296
11.111496 -34.121801 628.477160 -931.834771 0.079473 0.748851 -0.657956 0.969304 -0.212112 -0.124335 -0.232669 -0.627878 -0.742721
9.211563 -37.149185 663.766486 -1541.362661 0.064412 0.765443 -0.640272 0.993953 -0.106388 -0.027194 -0.088933 -0.634649 -0.767667
0.266195 -109.607761 -23.259736 4384.600948 -0.087088 0.457132 -0.885125 0.824316 -0.465847 -0.321697 -0.559391 -0.757639 -0.336252
1.015882 -96.172252 255.619669 4192.824940 -0.045027 0.471041 -0.880961 0.811891 -0.496569 -0.307007 -0.582071 -0.729068 -0.360075
-0.238708 -123.822493 -373.794357 -7433.560284 -0.005614 -0.408773 0.912619 -0.583447 0.742529 0.328999 -0.812131 -0.530618 -0.242666
0.192807 -88.398613 275.485484 -335.298536 -0.139636 0.510646 -0.848376 0.933802 -0.217119 -0.284383 -0.329418 -0.831925 -0.446524
-0.644751 -117.607552 83.296540 -3372.026037 0.066751 -0.419795 0.905161 -0.677440 0.646969 0.350009 -0.732543 -0.636556 -0.241200
-2.481717 -122.177365 109.566261 521.330047 -0.125854 0.466531 -0.875505 0.870789 -0.370852 -0.322792 -0.475275 -0.803006 -0.359577
-0.598325 -104.399636 -86.047705 738.096307 -0.172666 0.486605 -0.856389 0.955129 -0.129714 -0.266278 -0.240657 -0.863939 -0.442373
20.097141 -14.286707 -2740.372658 716.100989 -0.559582 -0.070448 0.825775 0.726655 -0.520851 0.447980 0.398547 0.850736 0.342651
25.893309 -16.657916 -1465.127787 513.022885 -0.570102 -0.224936 0.790182 0.770489 -0.480238 0.419188 0.285185 0.847806 0.447096
26.199309 -17.892621 -3263.016113 454.923534 -0.590357 -0.070701 0.804040 0.744138 -0.433515 0.508255 0.312629 0.898369 0.308540
-6.930215 -42.624355 805.606878 1345.712255 -0.282945 0.816370 0.503469 -0.039058 0.514677 -0.856494 0.958341 0.262005 0.113739
-5.084445 -40.858671 782.247520 497.953043 -0.285484 0.800794 0.526525 -0.198151 0.488198 -0.849941 0.937675 0.346976 -0.019305
-3.343704 -45.835776 672.829934 1501.661465 -0.305914 0.822190 0.480021 -0.012541 0.500669 -0.865548 0.951977 0.270803 0.142850
-6.848532 -50.271862 950.806038 2132.380529 -0.290722 0.836309 0.464830 0.157041 0.520932 -0.839028 0.943832 0.170927 0.282781
-10.101573 -45.060271 769.506968 1192.515821 -0.246962 0.820734 0.515175 0.068411 0.545083 -0.835586 0.966607 0.171115 0.190762
2.889024 -33.796692 -64.219367 357.221204 -0.244171 -0.649245 0.720320 -0.082530 0.754021 0.651645 -0.966214 0.099664 -0.237692
2.642381 -27.143889 -883.807662 394.979130 0.238074 0.658904 -0.713559 -0.608241 0.673924 0.419368 0.757208 0.334175 0.561216
2.500625 -27.441807 -439.145099 123.504259 0.207164 0.671278 -0.711666 -0.482456 0.702938 0.522603 0.851069 0.235083 0.469486
9.395737 -53.204152 67.393172 551.920480 0.023902 -0.774108 -0.632602 0.876578 -0.288015 0.385562 -0.480666 -0.563741 0.671682
6.771885 -57.395134 674.048713 2718.576445 0.047651 -0.725003 -0.687095 0.824365 -0.359893 0.436920 -0.564049 -0.587237 0.580518
-12.752116 -24.113474 -774.676267 60.253534 0.720165 0.575355 -0.387722 -0.215024 -0.346230 -0.913175 0.659642 -0.741007 0.125627
-16.229273 -22.436435 450.789132 54.370387 0.203519 0.264802 -0.942582 0.620361 0.709932 0.333389 0.757451 -0.652592 -0.019788
-14.306788 -22.086113 -328.621075 -174.986374 0.522710 0.487339 -0.699482 -0.510250 -0.478458 -0.714649 0.682949 -0.730465 0.001430
-133.098735 -368.724185 -6887.841772 7656.125515 -0.713225 -0.398371 0.576725 -0.123255 0.881251 0.456294 -0.690014 0.254356 -0.677631
-12.512178 -404.302143 -4326.945889 75579.788965 -0.705376 0.571174 0.419767 0.492853 0.820823 -0.288698 -0.509451 0.003243 -0.860494
-27.937938 -320.694358 -3972.544375 64448.670811 -0.782847 0.106448 0.613041 0.294008 0.931611 0.213681 -0.548370 0.347519 -0.760606
-7.948998 -19.674108 -115.804970 -75.999646 -0.299889 0.271533 -0.914514 0.932260 0.286785 -0.220557 0.202381 -0.918708 -0.339143
-8.493442 -19.003976 -211.138441 -384.375019 -0.267821 0.307860 -0.912959 0.955272 0.208185 -0.210032 0.125405 -0.928376 -0.349846
-8.339614 -19.787981 -143.937708 27.749357 -0.296605 0.310129 -0.903242 0.927850 0.317499 -0.195672 0.226095 -0.896111 -0.381925
-7.768283 -19.593096 -20.321328 228.407369 -0.302279 0.292147 -0.907346 0.903875 0.390139 -0.175506 0.302718 -0.873179 -0.381995
-28.842474 -277.979697 5490.840883 -16526.959158 0.616205 0.719006 0.321438 0.781398 -0.609190 -0.135298 0.098536 0.334542 -0.937215
-31.332242 -158.958630 -4657.035855 -10860.305838 -0.641314 -0.702644 -0.308233 -0.609847 0.710574 -0.350959 0.465622 -0.037100 -0.884206
-64.237738 -175.251635 -8216.824788 8801.883344 -0.683812 -0.699897 -0.206266 -0.697865 0.709877 -0.095176 0.213037 0.078863 -0.973856
-9.572162 -42.562101 -3711.316518 2161.200374 0.048297 -0.362714 0.930648 0.487314 0.821877 0.295031 -0.871890 0.439269 0.216449
-4.509390 -43.864944 -3152.472809 -1864.469776 0.016559 -0.403785 0.914704 0.275006 0.881385 0.384099 -0.961300 0.245188 0.125638
0.189580 -19.986553 -1881.059630 468.409938 -0.233983 -0.634201 0.736913 -0.267264 0.770710 0.578426 -0.934784 -0.061608 -0.349832
8.151754 -21.851189 -2390.293720 294.723719 -0.239256 -0.593657 0.768328 -0.190923 0.804626 0.562251 -0.952001 -0.012170 -0.305854
0.936283 -22.029814 2577.833173 24.984997 0.214830 0.732369 -0.646130 -0.420588 0.666463 0.615576 -0.881450 -0.139510 -0.451202
4.998934 -72.106951 150.417254 -202.098412 0.692623 0.476115 0.541837 -0.576815 0.816636 0.019752 -0.433079 -0.326220 0.840252
5.120860 -80.074881 231.498891 -685.552153 0.696901 0.480703 0.532216 0.653454 -0.731408 -0.195038 -0.295511 -0.483701 0.823836
9.495705 -28.857704 -1450.027967 -633.455831 -0.079413 0.918386 -0.387635 0.977492 0.147990 0.150364 0.195458 -0.366969 -0.909467
15.647134 -25.975870 -1584.134234 -541.985022 -0.099485 0.940446 -0.325060 0.982833 0.143884 0.115482 0.155375 -0.307991 -0.938616
1.609022 -26.223695 74.489902 15.519057 0.059347 0.800181 -0.596816 0.194508 0.577141 0.793143 -0.979104 0.163156 0.121390
2.180552 -27.162826 21.702633 191.552711 0.050754 0.794911 -0.604599 0.129420 0.595040 0.793207 -0.990290 0.118506 0.072677
2.408199 -28.744020 71.288070 301.409289 0.058158 0.810451 -0.582912 -0.028611 0.585014 0.810519 -0.997897 0.030461 -0.057211
22.967512 -41.270548 475.270194 -1505.833499 -0.408120 0.585464 -0.700479 0.901557 0.379193 -0.208343 0.143639 -0.716551 -0.682585
21.586433 -40.942985 328.447967 1002.118323 -0.363109 0.593413 -0.718340 0.931068 0.260510 -0.255436 0.035556 -0.761574 -0.647101
23.585962 -54.767708 -455.152723 -3685.652849 -0.391690 0.542911 -0.742850 0.868517 0.484685 -0.103721 0.303737 -0.685805 -0.661374
-0.492262 -30.189200 -50.389387 -42.912219 -0.214746 0.758960 -0.614706 0.278401 -0.555709 -0.783377 0.936150 0.339362 0.091959
-1.542158 -31.894957 64.225870 590.885738 -0.211770 0.740130 -0.638249 0.399623 -0.530394 -0.747652 0.891883 0.413389 0.183452
-1.371085 -35.812441 78.801758 1365.675249 -0.200824 0.732519 -0.650451 0.517179 -0.484628 -0.705451 0.831983 0.478071 0.281518
-1.038140 -95.755588 -419.315670 1237.718736 0.714783 0.614680 0.333548 -0.699039 0.613826 0.366828 -0.020742 0.495365 -0.868437
-2.457228 -93.054099 -57.509836 -557.273543 0.718794 0.593409 0.362216 -0.649501 0.759002 0.045438 0.247959 0.267920 -0.930986
37.652004 -22.987682 -4116.175317 6.078591 -0.308626 0.856805 -0.413080 -0.660504 -0.505549 -0.555117 0.684459 -0.101517 -0.721949
124.019743 -6.714751 -19987.133060 -1475.492596 -0.685016 0.540526 -0.488451 0.374485 0.836357 0.400334 0.624911 0.091318 -0.775337
-1.260438 -63.540875 -726.956336 -3887.268728 0.528239 0.666831 0.525642 -0.499521 0.744655 -0.442682 -0.686616 -0.028727 0.726452
2.181352 -58.278954 -1370.981665 763.497383 0.520010 0.651775 0.552067 -0.604019 0.737591 -0.301861 -0.603946 -0.176488 0.777240
-2.909596 -61.237111 -728.478732 -3097.481734 0.573250 0.579624 0.579155 -0.459166 0.812655 -0.358829 -0.678640 -0.060229 0.731998
