12515
25002
-42.599272 -58.648679 -5.034047 6372.713794 0.157680 0.976343 -0.147958 0.961208 -0.186089 -0.203591 0.226308 0.110117 0.967811
-49.827935 -71.404743 -2115.073934 4463.109525 -0.110221 -0.977227 0.181326 0.993257 -0.114898 -0.015462 0.035944 0.178399 0.983301
-42.858559 -80.911010 -3462.409144 11723.478690 -0.327959 0.943692 -0.043462 0.937589 0.319517 -0.137246 0.115631 0.085761 0.989583
-40.015753 -64.767355 125.631704 3478.319229 -0.428685 -0.865911 0.257734 0.897245 -0.441436 0.009275 0.105742 0.235227 0.966171
-32.303961 -68.748065 -4880.142104 14269.370422 -0.182444 0.982999 0.020662 0.944520 0.181062 -0.274041 0.273123 0.030481 0.961496
-27.230890 -46.793826 -3891.464596 7436.006391 0.156176 0.985409 -0.067662 0.923582 -0.169974 -0.343665 0.350151 0.008819 0.936652
-30.161492 -46.207004 -998.696010 4784.059803 0.599665 0.753381 -0.269850 0.725566 -0.654101 -0.213789 0.337574 0.067592 0.938869
-35.599343 -54.664331 68.838363 3545.690708 0.603309 0.735200 -0.309030 0.756788 -0.650012 -0.068965 0.251576 0.192262 0.948549
-51.552078 -177.938352 16348.048289 69160.245222 -0.111707 0.979616 0.166957 0.170214 0.184387 -0.968002 0.979055 0.079714 0.187342
-53.662883 -293.158682 8650.903498 95906.441513 0.163864 0.984689 0.059465 0.026757 0.055821 -0.998082 0.986120 -0.165140 0.017200
-32.129929 -73.017407 4729.222300 16343.184521 0.304587 0.914938 -0.264792 0.267741 -0.349036 -0.898047 0.914080 -0.202637 0.351279
21.439371 -50.196034 -1275.206250 -556.310802 0.448233 0.893592 0.024094 0.072425 -0.009438 -0.997329 0.890978 -0.448781 0.068949
19.193640 -49.033035 -4118.861270 629.453007 0.514162 0.857408 0.022112 -0.033341 0.045742 -0.998397 0.857045 -0.512601 -0.052106
13.098757 -50.450531 -6266.873957 -644.103397 0.545902 0.837797 0.009330 0.076110 -0.038497 -0.996356 0.834385 -0.544622 0.084780
20.143802 -49.562170 -2509.982227 -657.770845 0.482588 0.875488 0.025086 0.157769 -0.058722 -0.985728 0.861520 -0.479659 0.166463
10.384644 -49.839589 -47.741594 390.134552 0.389036 0.920623 -0.033235 -0.136551 0.021950 -0.990390 0.911046 -0.389835 -0.134251
12.058130 -50.055777 96.621981 -72.751000 0.365800 0.929524 0.046633 -0.131259 0.101130 -0.986176 0.921391 -0.354623 -0.159002
17.187089 -50.459529 563.913990 -913.083956 0.384727 0.919508 -0.080560 -0.254499 0.021777 -0.966828 0.887252 -0.392467 -0.242392
-11.770880 -44.650631 -2849.463181 -317.976814 0.243022 0.967482 -0.070129 0.900903 -0.251916 -0.353430 0.359603 -0.022712 0.932829
-8.453506 -44.040211 -2485.744426 -234.138392 0.195351 0.979307 -0.052867 0.947888 -0.202368 -0.246079 0.251686 0.002040 0.967807
-4.473343 -45.774949 -2143.123448 263.859988 0.237242 0.969625 -0.059536 0.905929 -0.242951 -0.346797 0.350727 -0.028339 0.936049
-13.946350 -42.209142 -1880.554593 -759.259044 0.175386 0.980754 -0.085803 0.945887 -0.192035 -0.261573 0.273015 0.035283 0.961362
-8.918787 -44.282410 -2859.362262 183.108211 0.257843 0.963757 -0.068483 0.849030 -0.259839 -0.460034 0.461155 -0.060472 0.885256
-16.321927 -42.967228 -2127.390309 -830.267937 0.204972 0.973526 -0.101164 0.906485 -0.227800 -0.355516 0.369150 0.018833 0.929179
-16.331602 -44.045319 -2699.572226 -153.472338 0.234081 0.967525 -0.095406 0.849340 -0.251263 -0.464207 0.473104 -0.027630 0.880573
18.245099 -82.342851 -1891.788451 7643.469211 0.132799 0.973063 0.188448 0.488881 0.101085 -0.866474 0.862183 -0.207196 0.462288
14.954320 -86.704408 -633.554652 7520.493173 0.079975 0.975590 0.204518 0.660884 0.101701 -0.743565 0.746214 -0.194629 0.636619
17.145446 -89.597341 566.900645 10382.518122 0.033692 0.981096 0.190564 0.527237 0.144535 -0.837336 0.849050 -0.128684 0.512401
-10.639031 -98.291137 457.729590 -7111.417076 -0.067440 0.991209 0.113826 0.787256 0.122952 -0.604244 0.612927 -0.048860 0.788628
-8.173562 -99.137410 193.193217 -6866.444602 -0.097217 0.989878 0.103396 0.809526 0.139082 -0.570372 0.578979 -0.028252 0.814852
-7.751803 -85.131569 843.454669 -6245.270525 -0.060944 0.994903 0.080337 0.905862 0.088930 -0.414131 0.419165 -0.047535 0.906665
-10.470296 -104.992836 462.377057 -5181.364664 -0.098029 0.987950 0.119769 0.663643 0.154578 -0.731904 0.741599 -0.007736 0.670799
-12.501827 -97.178979 1074.313770 -5594.738064 -0.054679 0.991980 0.113958 0.749163 0.116209 -0.652113 0.660125 -0.049716 0.749508
-12.154322 -104.161699 363.221274 -4129.874484 -0.075020 0.988018 0.134881 0.601732 0.152714 -0.783963 0.795167 -0.022350 0.605978
-19.802686 -57.278965 -721.687552 4730.756009 0.072003 0.995500 0.061607 0.092583 -0.068171 0.993368 -0.993098 0.065821 0.097075
-18.863669 -51.420533 -5358.481511 3337.205430 0.011126 0.999409 0.032516 0.198221 -0.034077 0.979565 -0.980094 0.004453 0.198483
-19.280914 -51.679902 -807.769791 3817.575182 0.085949 0.996299 -0.000405 0.222238 -0.018776 0.974812 -0.971197 0.083874 0.223029
-2.035490 -55.110030 13138.454048 2320.248566 0.201962 0.969392 -0.139607 0.089775 0.123621 0.988260 -0.975270 0.212124 0.062060
-25.008666 -30.754566 1600.130541 778.656382 -0.099023 0.994602 -0.031003 -0.530478 -0.079123 -0.843998 0.841895 0.067129 -0.535449
-24.314357 -30.093191 1883.535037 424.300259 -0.271116 0.908660 -0.317542 -0.526903 -0.416182 -0.741057 0.805525 0.033599 -0.591609
-21.275028 -27.506057 3431.993734 -569.070340 -0.437726 0.784090 -0.439999 -0.430627 -0.612421 -0.662948 0.789276 0.100715 -0.605723
-26.223382 -34.901609 440.079966 661.766949 0.063992 0.994844 0.078677 -0.494257 0.100085 -0.863535 0.866957 -0.016373 -0.498114
-24.536465 -35.214150 1356.493285 518.987743 0.069067 0.972514 0.222365 -0.465291 0.228571 -0.855137 0.882459 0.044403 -0.468289
69.107893 -36.951132 25641.355461 837.750234 0.279110 0.957427 -0.073700 -0.782043 0.271177 0.561134 -0.557230 0.098981 -0.824437
129.983610 -48.202911 49456.459136 2746.722061 0.255374 0.966821 0.006480 -0.841774 0.219038 0.493395 -0.475605 0.131455 -0.869781
6.999031 -38.321551 4900.208001 110.748799 0.129690 0.989692 0.060747 -0.826898 0.074142 0.557443 -0.547193 0.122526 -0.827990
3.242282 -40.314211 3473.651306 -1793.418104 0.073294 0.994022 0.080924 -0.758616 0.002895 0.651531 -0.647402 0.109144 -0.754294
22.780472 -40.608414 1170.867649 -112.711659 0.302640 0.951936 0.047183 -0.355509 0.158678 -0.921105 0.884320 -0.261989 -0.386444
22.895006 -41.627962 283.777588 531.410052 0.304102 0.949569 0.076423 -0.262154 0.160540 -0.951579 0.915859 -0.269342 -0.297754
20.310430 -43.433399 530.763472 -735.052906 0.244380 0.968517 0.047474 -0.348866 0.133497 -0.927616 0.904749 -0.210129 -0.370506
20.222903 -41.856935 757.532854 -776.047052 0.257768 0.965963 0.021699 -0.448110 0.139415 -0.883040 0.856010 -0.217896 -0.468795
22.767199 -37.769984 1046.436320 -298.210616 0.310001 0.950731 -0.003126 -0.450734 0.144073 -0.880955 0.837101 -0.274506 -0.473190
0.855078 -241.901866 -1332.571176 -21320.974096 0.376217 0.222338 -0.899459 -0.393482 0.917229 0.062149 0.838828 0.330539 0.432563
-0.760481 -279.977043 -393.933201 -42635.567056 0.350287 0.246658 -0.903581 -0.591251 0.806436 -0.009068 0.726444 0.537420 0.428321
4.490036 -293.495062 2018.726258 22148.337642 -0.347024 -0.265354 0.899534 0.728480 -0.680340 0.080340 0.590670 0.683173 0.429399
-1.238765 -216.935596 -1207.591564 -12906.754515 0.379007 0.171995 -0.909270 -0.041766 0.984754 0.168864 0.924451 -0.026024 0.380412
-3.830197 -209.323016 -2054.048953 -12136.481415 0.380906 0.186636 -0.905581 -0.057127 0.982295 0.178417 0.922847 -0.016227 0.384824
5.187584 -382.173773 2047.275858 -73622.612953 0.350499 0.196789 -0.915655 -0.600927 0.797145 -0.058706 0.718357 0.570818 0.397655
3.581333 -291.136257 -2113.524300 -43795.973760 0.383616 0.192065 -0.903299 -0.282178 0.955732 0.083377 0.879326 0.222907 0.420831
-7.907305 -50.511928 392.168830 -738.326499 -0.306005 -0.098778 -0.946892 0.181806 0.970236 -0.159966 0.934509 -0.221101 -0.278938
-11.838746 -52.380253 795.533607 447.350836 -0.287098 0.039257 -0.957097 0.055225 0.998176 0.024376 0.956308 -0.045858 -0.288742
-12.907881 -56.374690 1177.604569 10.088561 -0.265784 0.054126 -0.962512 0.126543 0.991742 0.020826 0.955691 -0.116264 -0.270438
-16.344304 -56.935815 1599.311005 1089.873445 -0.257965 0.166545 -0.951692 -0.016015 0.984158 0.176568 0.966022 0.060790 -0.251211
-8.311928 -54.462618 729.593094 -2349.314225 -0.276201 -0.028193 -0.960686 0.257186 0.960949 -0.102143 0.926050 -0.275287 -0.258164
-30.728909 -68.709953 12205.730584 -19620.928254 0.231382 0.248301 -0.940643 0.725980 -0.687709 -0.002955 -0.647623 -0.682204 -0.339385
-22.988972 -201.862262 -15989.643819 76170.751023 -0.042982 -0.387448 0.920889 -0.720652 0.650424 0.240019 -0.691964 -0.653324 -0.307172
-22.497759 -198.281026 12194.538251 -66933.204469 -0.025815 0.410741 -0.911386 0.769945 -0.573307 -0.280185 -0.637588 -0.708951 -0.301448
-28.130811 -104.358505 -11446.584800 16376.950436 0.754069 -0.621030 0.213781 0.253404 -0.025199 -0.967032 -0.605943 -0.783382 -0.138370
95365.993638 -312292.383856 -29104830.311695 108792425.499483 -0.278357 0.529881 -0.801089 0.755964 -0.393629 -0.523043 -0.592483 -0.751187 -0.291002
-3.725031 -45.032488 -828.899892 -1055.786565 -0.030459 0.998356 0.048547 -0.722790 -0.055547 0.688832 -0.690397 0.014108 -0.723294
-6.024207 -43.464733 -755.497175 -476.394573 -0.024606 0.998078 0.056867 -0.784894 -0.054518 0.617227 -0.619141 0.029447 -0.784727
-3.371592 -44.215226 -742.443564 -124.623642 -0.008412 0.999641 0.025445 -0.788000 -0.022292 0.615271 -0.615618 0.014876 -0.787905
14.431183 -138.407274 2517.538535 6087.688913 0.104729 0.984530 0.140475 0.898277 -0.033032 -0.438186 0.426767 -0.172076 0.887840
8.333741 -150.595792 2847.269809 -311.867252 0.137378 0.983343 0.119014 0.978709 -0.116258 -0.169154 0.152500 -0.139718 0.978378
10.619408 -129.883548 2736.400217 425.314712 0.071498 0.988437 0.133715 0.922415 -0.014514 -0.385928 0.379525 -0.150934 0.912787
13.262080 -162.175692 -929.634546 1953.964389 -0.185560 -0.967397 -0.172368 0.975659 -0.160526 -0.149399 0.116859 -0.195895 0.973637
-154.804830 -701.934259 60299.837654 -219308.216525 -0.427231 0.840296 0.333731 0.408359 0.508655 -0.757966 0.806670 0.187545 0.560456
-249.779041 -420.949805 73140.921477 -96632.266363 -0.167959 0.970718 0.171745 0.182031 0.201764 -0.962370 0.968842 0.130376 0.210589
339.874752 -3907.807751 86993.710996 -1782356.906144 -0.443585 0.727574 0.523324 0.023121 0.593011 -0.804862 0.895934 0.344926 0.279873
10.195351 -1312.694907 20537.024362 -439298.788009 -0.510493 0.807800 0.294714 0.445594 0.541645 -0.712788 0.735420 0.232551 0.636457
84.139095 -111.988051 5706.990331 -4082.570861 0.174819 0.717848 0.673894 0.920581 0.123603 -0.370478 -0.349242 0.685140 -0.639229
84.617197 -114.435797 12621.170168 -7786.637053 0.290116 0.564724 0.772606 0.827154 0.258056 -0.499222 -0.481298 0.783897 -0.392247
92.250490 -110.628546 -1075.514580 5024.105780 0.128617 0.762641 0.633905 -0.799735 -0.298219 0.521046 -0.586414 0.573972 -0.571555
63.536070 -112.051407 11849.672061 -1197.769226 0.303124 0.513214 0.802949 0.927592 0.034185 -0.372028 -0.218379 0.857580 -0.465690
65.075876 -103.658694 10176.060546 6563.722545 0.221569 0.621270 0.751619 0.974425 -0.111457 -0.195122 -0.037451 0.775629 -0.630077
17.870801 -18.768640 841.587264 1254.773099 0.787663 0.028939 0.615427 -0.426018 -0.696026 0.577975 -0.445079 0.717433 0.535905
24.216858 -18.494882 -425.973113 387.639270 0.814606 0.231599 0.531770 -0.276600 -0.650738 0.707130 -0.509814 0.723120 0.466034
26.773763 -19.632856 986.968356 300.489901 0.819631 0.089689 0.565828 -0.386692 -0.642124 0.661926 -0.422699 0.761336 0.491623
42.645947 -18.056042 3908.117627 -312.323122 0.839705 0.319613 0.439025 -0.205763 -0.560910 0.801899 -0.502551 0.763694 0.405234
19.329254 -24.345049 731.805507 485.005325 0.737104 -0.138890 0.661352 -0.564886 -0.663794 0.490186 -0.370920 0.734906 0.567742
28.858682 -24.006171 1624.961874 368.427995 0.806592 -0.045094 0.589386 -0.484402 -0.621862 0.615339 -0.338769 0.781827 0.523433
37.994746 -21.470497 2222.651876 129.701424 0.853531 0.118550 0.507376 -0.359850 -0.570114 0.738565 -0.376819 0.812967 0.443950
0.348423 -46.306375 2141.204727 -172.430444 0.095288 0.974871 -0.201361 -0.806633 0.194152 0.558255 -0.583321 -0.109230 -0.804864
-2.849064 -46.527188 142.864390 373.033642 -0.002249 0.984384 -0.176020 -0.866401 0.085977 0.491892 -0.499344 -0.153610 -0.852678
-6.511084 -46.676194 998.240507 332.377762 0.096182 0.973045 -0.209603 -0.872386 0.183801 0.452946 -0.479262 -0.139289 -0.866549
6.204017 -48.799860 2567.534375 200.200201 -0.039466 0.987174 -0.154692 -0.799302 0.061713 0.597753 -0.599633 -0.147237 -0.786614
7.923213 -45.153793 5577.602128 807.046824 0.089161 0.977589 -0.190708 -0.719532 0.195615 0.666340 -0.688712 -0.077809 -0.720848
-10.886586 -25.601473 2692.437124 42.744911 0.062498 0.762609 0.643833 0.370352 -0.616757 0.694587 -0.926787 -0.195035 0.320980
-5.115665 -26.984712 4165.562934 -3977.144131 -0.011575 0.915159 0.402927 0.273337 -0.384711 0.881637 -0.961849 -0.120340 0.245694
-1.312037 -28.509007 -1293.593145 8475.889275 0.150415 0.567665 0.809402 -0.185913 0.820352 -0.540795 -0.970985 -0.069135 0.228930
51.235252 -31.132568 -21710.098480 1181.811280 0.107571 0.491692 0.864099 -0.311532 0.842041 -0.440358 -0.944127 -0.221825 0.243757
66.658983 -31.161698 -22529.920655 10883.008388 0.107078 0.591899 0.798868 -0.148591 0.803991 -0.575777 -0.983084 -0.057052 0.174041
-6.291539 -52.769451 1754.537146 -705.171472 -0.690491 -0.419226 0.589467 -0.528251 0.848955 -0.015011 -0.494138 -0.321752 -0.807653
-7.162331 -49.791426 2222.680668 1833.067038 -0.686582 -0.410368 0.600169 -0.566656 0.819232 -0.088091 -0.455528 -0.400571 -0.795007
-3.271753 -52.394824 1843.018503 -736.746507 -0.689415 -0.396713 0.606074 -0.531533 0.845489 -0.051199 -0.492118 -0.357446 -0.793758
-3.169994 -103.887323 -818.673332 10426.344444 -0.751591 -0.485787 0.446231 -0.309291 0.857048 0.412078 -0.582623 0.171699 -0.794399
0.714400 -75.388380 -166.995751 4634.923730 -0.710584 -0.566870 0.416808 -0.350122 0.798707 0.489369 -0.610316 0.201804 -0.766022
-0.674870 -98.350347 -316.333082 11622.926606 -0.776640 -0.426657 0.463459 -0.318876 0.900759 0.294876 -0.543276 0.081226 -0.835616
0.267770 -141.220553 -319.276393 19406.477305 -0.809208 -0.373906 0.453185 -0.340436 0.927067 0.157006 -0.478838 -0.027230 -0.877481
-1.480518 -114.719371 -140.665147 12515.324615 -0.830609 -0.308150 0.463824 -0.342154 0.939573 0.011498 -0.439340 -0.149149 -0.885853
0.146210 -129.389195 199.018119 6967.107128 0.746611 -0.662538 -0.060125 -0.658944 -0.724070 -0.203753 -0.091459 -0.191743 0.977174
-0.935255 -145.273032 -793.237637 -4748.502860 0.726559 -0.685994 -0.039039 0.681665 0.726778 -0.084422 0.086286 0.034726 0.995665
-1.939419 -140.384452 705.744488 -4134.049030 0.732648 -0.678456 -0.054076 0.673264 0.734092 -0.088456 0.099710 0.028399 0.994611
-2.417106 -127.309455 1257.484401 5233.984877 0.752130 -0.656447 -0.058127 -0.656988 -0.739980 -0.144213 -0.051655 -0.146655 0.987838
-5.121781 -131.706790 2049.006975 -2626.169045 0.741995 -0.667020 -0.067289 0.654591 0.742505 -0.142114 0.144756 0.061401 0.987560
-3.011787 -95.060621 -335.918392 -6906.669130 0.808582 -0.587810 -0.025952 -0.095685 -0.087847 -0.991528 -0.580550 -0.804215 0.127276
-3.821500 -98.602757 23.914578 -9306.600019 0.812081 -0.583416 -0.012279 -0.040169 -0.034896 -0.998583 -0.582161 -0.811424 0.051774
-2.672459 -88.423843 426.662699 -8417.222793 0.821302 -0.570376 -0.011596 -0.143080 -0.186264 -0.972026 -0.552260 -0.799985 0.234588
13.452144 -57.274604 5774.664710 5246.063344 0.801308 0.467850 -0.372856 -0.088617 -0.523545 -0.847377 0.591653 -0.712051 0.378061
238.594389 -34.939792 85185.926428 5211.606095 0.730964 0.673457 0.110215 0.377464 -0.264458 -0.887459 0.568518 -0.690302 0.447515
20.379973 -53.442970 10333.013457 426.888042 0.767815 0.527568 -0.363501 -0.049746 0.614755 0.787148 0.638738 -0.586301 0.498263
2.464234 -118.747470 -503.917231 -4564.439304 0.938255 0.279621 -0.203689 -0.104150 0.789794 0.604465 -0.329894 0.545928 -0.770151
2.997885 -125.524452 -761.377063 -5626.340942 0.936729 0.293519 -0.190750 -0.040106 0.631313 0.774490 -0.347750 0.717838 -0.603141
1.649527 -116.639236 695.192432 -5434.619303 0.942819 0.281553 -0.178384 -0.068044 0.686514 0.723925 -0.326286 0.670393 -0.666417
-16.440775 -99.876673 -323.925414 -5691.510522 0.913220 -0.390133 0.117582 -0.373551 -0.686330 0.624028 0.162754 0.613797 0.772505
-16.797929 -96.804549 -710.226935 -6577.289045 0.948167 -0.306279 0.084688 -0.275715 -0.660427 0.698439 0.157987 0.685587 0.710641
-12.168786 -112.087882 -672.646824 -7753.992091 0.927618 -0.356374 0.111905 -0.362119 -0.784485 0.503442 0.091625 0.507524 0.856752
-21.295114 -87.054924 41.694691 -2504.112963 0.923174 -0.371424 0.098962 -0.305609 -0.553089 0.775045 0.233135 0.745746 0.624108
-11.124191 -111.109633 -586.955307 -6059.256909 0.893354 -0.430660 0.128256 -0.443207 -0.797439 0.409461 0.074063 0.422638 0.903268
-15.104235 -101.679687 413.452079 -5386.592757 0.877259 -0.465736 0.116218 -0.444693 -0.697367 0.562074 0.180732 0.544766 0.818881
-15.044033 -131.082813 1169.389559 1456.317288 0.955730 0.292224 -0.034423 0.271997 -0.922028 -0.275467 0.112237 -0.253909 0.960694
-2.795452 -131.447204 -3959.758537 2143.566803 0.950458 0.310629 0.011807 0.293863 -0.885474 -0.359974 0.101363 -0.345610 0.932888
-11.333461 -126.126362 643.149144 2659.524720 0.964020 0.258871 -0.060427 0.187710 -0.823856 -0.534815 0.188231 -0.504230 0.842806
-9.272408 -133.995517 -2926.499893 3781.610794 0.947076 0.320098 0.024194 0.321005 -0.943920 -0.077268 0.001896 -0.080945 0.996717
-12.410338 -127.024364 1823.279343 5420.126084 0.959517 0.266215 -0.091965 0.209609 -0.893042 -0.398170 0.188127 -0.362775 0.912690
-18.151015 -137.146493 2350.417750 -4328.876940 0.953245 0.299462 -0.040582 -0.299207 0.954108 0.012364 0.042422 0.000357 0.999100
-13.554965 -136.280998 2144.599547 -5493.725564 0.953071 0.290666 -0.084672 -0.279598 0.952329 0.122044 0.116110 -0.092643 0.988906
21.636265 -34.742775 -2232.866904 3127.059928 0.157800 0.697315 0.699179 0.014407 0.706349 -0.707718 -0.987366 0.121751 0.101416
21.428796 -38.415463 -85.233788 4962.420595 0.157665 0.636982 0.754583 -0.032062 0.767039 -0.640798 -0.986972 0.076838 0.141358
15.341874 -33.252628 -1647.882399 2345.516465 0.107455 0.618865 0.778113 -0.006042 0.783036 -0.621946 -0.994192 0.062130 0.087880
13.238201 -30.535038 -2354.683862 1190.838594 0.117263 0.676436 0.727106 0.052559 0.726904 -0.684725 -0.991709 0.118509 0.049686
1.903566 -347.191262 -1401.585218 51231.302411 0.484376 -0.054619 -0.873153 0.871480 -0.057523 0.487046 -0.076829 -0.996849 0.019736
11.811935 -386.282132 -6115.813777 70265.640999 0.453635 -0.070541 -0.888391 0.873541 -0.162201 0.458931 -0.176471 -0.984233 -0.011960
3.683241 -324.474155 -1197.538367 -1717.831466 0.484506 -0.043167 -0.873722 0.739904 -0.512613 0.435626 -0.466686 -0.857534 -0.216425
-1.813202 -319.364938 403.418971 22010.080153 0.495828 -0.024830 -0.868066 0.807875 -0.353511 0.471559 -0.318580 -0.935101 -0.155220
2.287253 -358.828676 1656.668176 65901.848575 0.502524 -0.035654 -0.863828 0.862143 0.095378 0.497607 0.064649 -0.994802 0.078668
-1.946582 -100.020531 533.455671 6809.776029 0.775450 -0.584721 0.238281 0.622275 0.643769 -0.445348 -0.107007 -0.493622 -0.863068
-2.167959 -90.513225 28.562960 419.542636 0.755054 -0.607825 0.245850 0.655228 0.685847 -0.316687 -0.023875 -0.400204 -0.916115
-2.778766 -96.694780 52.115379 2047.352604 0.749384 -0.611375 0.254252 0.662114 0.695036 -0.280233 0.005387 -0.378346 -0.925649
-2.825460 -114.066359 243.435799 9008.322059 0.795007 -0.564084 0.223098 0.589645 0.632274 -0.502542 -0.142417 -0.531073 -0.835272
32.997252 -155.030743 1199.895500 -9890.739432 0.949728 -0.281512 0.136997 0.213175 0.901948 0.375561 0.229289 0.327477 -0.916616
9.446397 -120.830723 2018.060538 14699.275060 -0.911453 0.392326 -0.123826 0.359055 0.905517 0.226093 0.200829 0.161613 -0.966203
31.850430 -175.218615 -1952.258920 -5866.782582 0.909061 -0.396943 0.126668 0.324183 0.864793 0.383456 0.261752 0.307521 -0.914832
338.479452 -1277.986875 97258.403114 -593907.669655 0.892739 -0.437436 0.108015 0.323058 0.788532 0.523308 0.314087 0.432282 -0.845270
-286.881360 -428.587846 -41559.389051 -113958.599932 -0.519458 0.752958 0.404001 0.812149 0.288055 0.507383 0.265664 0.591674 -0.761147
-368.211790 -841.150172 -94543.818140 -222630.955214 0.988385 -0.102505 -0.112199 0.150632 0.758650 0.633846 -0.020148 0.643384 -0.765278
-309.375330 -466.435292 -67878.041958 -79725.075179 0.956311 -0.272399 0.106153 0.028032 0.446867 0.894161 0.291005 0.852120 -0.434979
-252.336762 -444.254002 -6453.743490 80583.819907 -0.712914 0.593382 -0.373700 0.012165 -0.522360 -0.852638 0.701146 0.612403 -0.365179
4.997505 -22.114362 3791.062926 -3271.314394 0.214271 0.960088 -0.179777 0.018760 0.179973 0.983493 -0.976594 0.214106 -0.020551
2.523684 -17.032914 1303.400151 -1499.310717 0.197724 0.979599 -0.035920 -0.051084 0.046891 0.997593 -0.978926 0.195413 -0.059313
-2.467569 -19.759144 -577.575856 -2979.061213 0.194674 0.979421 -0.053261 -0.028846 0.059993 0.997782 -0.980444 0.192706 -0.039931
0.509988 -27.668530 2830.594011 -3748.857305 0.208863 0.959382 -0.189638 0.063781 0.180138 0.981571 -0.975863 0.217109 0.023566
-52.418269 -84.536134 578.722657 7485.927346 0.290833 -0.946098 0.142532 0.955060 0.295985 0.015908 -0.057238 0.131500 0.989662
-50.263090 -74.198833 -1254.609431 3174.509305 -0.235968 -0.936887 0.257995 0.969921 -0.210742 0.121821 -0.059762 0.278981 0.958435
-60.547390 -81.502266 -1411.194398 3715.420723 0.146260 -0.963774 0.223044 0.973556 0.180231 0.140376 -0.175491 0.196614 0.964648
-40.866357 -60.508902 392.165215 2268.449046 0.627608 -0.396480 -0.670009 0.515774 -0.432903 0.739305 0.583169 0.809567 0.067200
-43.422149 -60.354907 -534.639304 -959.724685 0.562618 -0.423259 -0.710150 0.497017 -0.513259 0.699671 0.660633 0.746604 0.078402
-41.738926 -61.400779 1264.287472 2699.948321 0.574148 -0.464383 -0.674316 0.545736 -0.396896 0.738001 0.610349 0.791720 -0.025553
-40.776020 -62.538900 1446.997227 3138.482712 0.599104 -0.432333 -0.673916 0.597207 -0.319340 0.735775 0.533308 0.843274 -0.066875
14.399955 0.443017 4128.392050 -1223.032803 -0.833057 0.081364 -0.547170 0.019214 0.992783 0.118374 0.552853 0.088099 -0.828609
12.946520 0.264129 4622.351318 1079.945938 -0.802837 -0.249091 -0.541670 -0.257680 0.964271 -0.061506 0.537637 0.090198 -0.838338
21.828813 5.434888 4577.825421 -1773.738635 -0.818878 -0.025592 -0.573397 -0.066623 0.996491 0.050669 0.570088 0.079693 -0.817709
21.698129 1.402007 4816.022113 950.153745 -0.794501 -0.184222 -0.578646 -0.208860 0.977639 -0.024476 0.570216 0.101410 -0.815212
23.259315 2.675779 2490.112302 -1788.671153 -0.793899 0.062815 -0.604796 0.003573 0.995114 0.098665 0.608039 0.076169 -0.790245
25.668241 6.253640 2323.668545 -2048.265195 -0.777221 -0.023172 -0.628801 -0.064631 0.996976 0.043145 0.625900 0.074173 -0.776368
11.398783 -50.267566 -176.579919 1051.163855 0.338825 0.931672 0.131095 -0.097432 0.173333 -0.980032 0.935791 -0.319286 -0.149504
8.575500 -50.052251 -161.267626 573.239047 0.347733 0.929516 0.122809 0.017669 0.124463 -0.992067 0.937427 -0.347145 -0.026856
9.088305 -51.669390 -173.798749 1297.729085 0.320389 0.929627 0.182055 0.049039 0.175651 -0.983230 0.946016 -0.323944 -0.010689
5.818477 -53.198516 -146.969193 505.255598 0.347545 0.927640 0.136735 0.153116 0.087722 -0.984307 0.925077 -0.363027 0.111549
6.932200 -55.082634 -149.984912 1120.743757 0.323318 0.927003 0.190083 0.171376 0.140190 -0.975180 0.930643 -0.347869 0.113540
-2.506871 -45.949690 -2327.779650 -45.148792 0.195005 0.979925 -0.041476 0.955236 -0.199345 -0.218598 0.222477 -0.003008 0.974933
-11.102021 -40.653013 -1389.313494 -100.085180 0.106685 0.991863 -0.069465 0.977444 -0.117428 -0.175538 0.182267 0.049170 0.982019
11.352609 -106.344456 -159.622473 -3630.230372 -0.080520 0.973686 0.213196 0.928391 0.151109 -0.339494 0.362777 -0.170593 0.916128
11.952070 -105.625447 316.842109 4212.227306 -0.059299 0.977921 0.200384 0.828242 0.160252 -0.536967 0.557224 -0.134125 0.819458
10.895486 -105.467113 1260.666655 -1983.058206 -0.058891 0.978399 0.198159 0.906405 0.135583 -0.400059 0.418284 -0.156053 0.894811
8.324400 -95.295660 -6.363277 -7872.730133 -0.070878 0.969994 0.232568 0.973066 0.118510 -0.197731 0.219359 -0.212290 0.952268
9.845702 -98.814847 -299.440501 -11068.286750 0.081465 -0.973205 -0.215024 0.984351 0.112387 -0.135729 0.156259 -0.200602 0.967131
10.065541 -98.083342 152.707759 -1377.405571 -0.031965 0.974979 0.219988 0.894253 0.126205 -0.429399 0.446419 -0.182999 0.875912
-4.751238 -88.127484 740.796576 -5848.390739 -0.089468 0.993051 0.076448 0.922145 0.111594 -0.370399 0.376356 -0.037357 0.925722
-6.902273 -104.821888 -122.730209 -7604.676630 -0.129954 0.985078 0.112845 0.805445 0.171253 -0.567390 0.578248 -0.017156 0.815680
-9.046517 -107.932108 191.074188 -3752.711826 -0.125807 0.985490 0.113936 0.643311 0.168469 -0.746839 0.755197 0.020661 0.655172
-17.908612 -57.677553 -6599.869255 4188.347000 -0.032474 0.994450 0.100073 0.064598 -0.097828 0.993105 -0.997383 -0.038714 0.061063
-7.301127 -49.310296 -4107.046174 1294.334634 -0.028808 0.999270 -0.025080 0.145663 0.029019 0.988909 -0.988915 -0.024835 0.146393
-9.824600 -44.744383 -3191.770689 1365.073997 0.002124 0.997387 -0.072212 0.288077 0.068541 0.955151 -0.957605 0.022831 0.287179
-19.061087 -29.473931 3910.182636 54.036079 -0.497793 0.671539 -0.548850 0.433803 0.740768 0.512910 0.751010 0.017230 -0.660065
-25.940338 -31.725554 1312.627478 1010.064277 -0.190793 0.934592 -0.300227 -0.569712 -0.354490 -0.741462 0.799391 -0.029577 -0.600082
22.558545 -43.292843 -1390.675499 880.941004 0.304167 0.948400 0.089555 -0.175630 0.148227 -0.973233 0.936289 -0.280296 -0.211653
24.670548 -43.009489 644.454801 1509.912461 0.343880 0.934940 0.087373 -0.171329 0.153957 -0.973110 0.923251 -0.319664 -0.213125
24.789500 -45.283207 -1282.807351 1209.737965 0.317201 0.943588 0.095004 -0.064487 0.121407 -0.990506 0.946163 -0.308062 -0.099360
25.472365 -44.189475 1899.189632 1894.821165 0.387977 0.919074 0.069110 -0.152822 0.138095 -0.978558 0.908911 -0.369096 -0.194032
24.531024 -45.865438 1213.086181 952.150111 0.358134 0.930476 0.077160 -0.049541 0.101463 -0.993605 0.932355 -0.352022 -0.082434
-5.708521 -213.785360 -2607.903394 7746.067491 0.367332 0.113165 -0.923180 0.258013 0.941216 0.218039 0.893586 -0.318285 0.316541
-3.213263 -55.592426 1594.258613 -2633.291955 -0.216753 0.089868 -0.972081 0.502740 0.863836 -0.032239 0.836821 -0.495692 -0.232420
12.699311 -61.367237 5525.640981 1743.867767 -0.241873 0.120386 -0.962811 0.611631 0.789231 -0.054968 0.753263 -0.602180 -0.264525
13.466352 -54.330616 2082.873850 1663.539548 -0.302835 -0.110587 -0.946605 0.538084 0.799953 -0.265596 0.786611 -0.589785 -0.182749
12.920202 -49.375999 -995.776462 823.742416 -0.330977 -0.306234 -0.892566 0.454411 0.777260 -0.435176 0.827022 -0.549625 -0.118099
1.310625 -49.747947 133.837466 -2541.082563 -0.286946 -0.139328 -0.947760 0.448194 0.854874 -0.261369 0.846631 -0.499779 -0.182856
-57.477168 -6780.844314 15860.474609 -2094889.632358 0.141287 0.271740 -0.951943 0.868809 -0.494993 -0.012352 -0.474562 -0.825312 -0.306026
-13.449508 -224.886519 4848.050676 108898.674394 0.000093 -0.320345 0.947301 -0.722560 0.654855 0.221521 -0.691308 -0.684502 -0.231407
-15.314702 -355.110140 -1972.735765 -120370.468760 0.084477 0.333075 -0.939109 0.801514 -0.582643 -0.134547 -0.591979 -0.741342 -0.316184
21.255277 -36.695951 545.668147 1026.185399 0.259149 0.965362 -0.030307 -0.554630 0.123053 -0.822948 0.790713 -0.230075 -0.567308
23.774062 -26.084509 416.036914 5510.979574 0.238766 0.966556 -0.093595 -0.654347 0.088925 -0.750948 0.717510 -0.240544 -0.653695
21.593289 -31.787563 530.083362 904.769105 0.275010 0.958067 -0.080482 -0.567919 0.094332 -0.817661 0.775782 -0.270572 -0.570047
22.849046 -24.656238 486.588911 6419.490969 0.227435 0.972696 -0.046221 -0.673633 0.122878 -0.728780 0.703201 -0.196886 -0.683186
-2.086018 -43.641930 6191.831449 -244.474430 -0.284187 0.942351 -0.176668 0.777316 0.118589 -0.617832 0.561264 0.312907 0.766206
-15.476689 -43.133456 4503.107382 134.928605 -0.253414 0.955128 -0.153335 0.771438 0.103897 -0.627765 0.583665 0.277373 0.763151
-14.562874 -43.722683 5349.918625 -191.069142 -0.268660 0.950155 -0.158198 0.710314 0.084497 -0.698794 0.650596 0.300108 0.697610
-11.881611 -42.860025 4338.904758 -228.723589 -0.267814 0.951490 -0.151465 0.829298 0.147626 -0.538955 0.490450 0.269949 0.828605
0.334583 -42.414405 5729.907037 119.394608 -0.274538 0.944858 -0.178530 0.848279 0.150546 -0.507699 0.452826 0.290826 0.842834
-2.506115 -48.323896 -784.811981 -206.127642 -0.043392 0.997636 0.053296 -0.519978 -0.068103 0.851461 -0.853077 -0.009234 -0.521704
-3.146297 -47.066468 -753.633603 -873.921723 -0.039639 0.997487 0.058726 -0.635472 -0.070521 0.768897 -0.771106 0.006840 -0.636670
-1.276565 -48.137288 -504.882193 -731.004143 -0.033568 0.998391 0.045700 -0.607026 -0.056692 0.792657 -0.793973 0.001133 -0.607952
-19.546869 -58.476338 5824.071207 1395.234365 0.147412 0.988498 0.033776 -0.084023 -0.021510 0.996232 -0.985500 0.149694 -0.079886
1.109001 -54.570626 17451.174556 -2195.086836 0.242531 0.963730 -0.111374 -0.252651 0.173584 0.951859 -0.936667 0.202717 -0.285587
-19.138506 -58.417996 -3589.228913 -1651.567326 0.032266 0.994921 0.095346 -0.242500 -0.084752 0.966442 -0.969615 0.054305 -0.238534
-24.633849 -60.982949 -5442.033100 3753.934252 0.010864 0.986118 0.165687 -0.047004 -0.165010 0.985171 -0.998836 0.018490 -0.044559
9.183381 -126.725813 -235.260224 -7491.980169 -0.111387 -0.984088 -0.138436 0.982511 -0.088133 -0.164028 0.149217 -0.154285 0.976694
12.167544 -190.740259 2796.809152 23787.764341 0.250334 0.956881 0.147346 0.958903 -0.266048 0.098612 -0.133561 -0.116605 0.984157
10.163596 -133.832154 -637.860437 1558.087840 -0.190957 -0.973218 -0.127991 0.981334 -0.192303 -0.001871 -0.022792 -0.125959 0.991774
-244.627373 -363.220756 59227.509883 1124.224287 -0.022953 0.978566 0.204651 -0.292904 0.189140 -0.937248 0.955866 0.081455 -0.282284
-144.362677 -364.979083 42589.324573 -20378.185748 -0.283687 0.924878 0.253223 -0.249498 0.183785 -0.950775 0.925890 0.332901 -0.178618
88.797268 -100.356368 6858.285668 5657.900086 0.267317 0.637724 0.722392 -0.674181 -0.411861 0.613066 -0.688492 0.650906 -0.319844
74.959234 -102.691828 12520.814933 -9648.445171 0.411735 0.461675 0.785703 0.730420 0.348377 -0.587470 -0.544941 0.815775 -0.193777
55.418334 -112.491121 12048.932875 -7434.970962 0.408769 0.427832 0.806143 0.845247 0.155652 -0.511204 -0.344188 0.890355 -0.297998
17.032928 -16.294183 -281.463971 1966.151212 0.812434 0.200992 0.547315 -0.263975 -0.710187 0.652650 -0.519873 0.674712 0.523923
23.804623 -17.155369 758.985754 724.701212 0.819986 0.372418 0.434657 -0.116569 -0.634813 0.763822 -0.560387 0.676991 0.477126
37.558519 -17.720810 5240.730459 -228.497594 0.835614 0.399136 0.377413 -0.103105 -0.560884 0.821449 -0.539554 0.725327 0.427529
57.726051 -59.953121 13328.672832 3582.344862 -0.209926 0.969719 -0.124807 -0.626998 -0.035575 0.778208 -0.750203 -0.241620 -0.615480
31.963446 -59.920644 6586.938247 -1527.696045 -0.270160 0.959468 -0.080214 -0.757454 -0.160368 0.632887 -0.594371 -0.231739 -0.770078
21.846968 -51.046155 5611.783142 992.680367 -0.095759 0.985733 -0.138424 -0.726836 0.025771 0.686327 -0.680103 -0.166334 -0.713998
59.053501 -76.750239 10479.569846 -2149.051221 -0.412974 0.907977 -0.070921 -0.665095 -0.247472 0.704561 -0.622174 -0.338135 -0.706091
30.098296 -46.360433 9189.109518 3498.032224 0.042155 0.978618 -0.201319 -0.600553 0.185853 0.777685 -0.798473 -0.088119 -0.595547
104.780207 -61.051579 21576.742540 7120.518352 -0.107600 0.973083 -0.203791 -0.485255 0.127503 0.865026 -0.867727 -0.191968 -0.458475
104.331055 -78.226534 18230.404231 3787.402615 -0.382647 0.913961 -0.135117 -0.500079 -0.081918 0.862096 -0.776854 -0.397448 -0.488399
-10.161209 -34.957057 4227.332906 -2460.939308 -0.100614 0.952863 0.286232 0.385961 -0.227781 0.893952 -0.917012 -0.200418 0.344850
-5.517361 -37.403058 2107.874979 -3260.219758 -0.117943 0.965324 0.232894 0.354070 -0.178235 0.918078 -0.927752 -0.190741 0.320771
-1.672929 -29.558276 -795.005181 -4200.249804 -0.167108 0.973773 0.154408 0.252268 -0.109167 0.961480 -0.953119 -0.199624 0.227409
8.965927 -16.464914 -1290.162538 -4700.017100 -0.154315 0.954513 0.255132 0.184617 -0.225820 0.956515 -0.970620 -0.194706 0.141372
-2.042844 -77.298554 -770.642675 678.236315 -0.683023 -0.626973 0.374679 -0.320049 0.718021 0.618073 -0.656542 0.302242 -0.691087
-0.208425 -135.269666 -593.893403 7965.609810 0.739101 -0.671982 -0.046576 -0.670218 -0.726721 -0.150616 -0.067364 -0.142536 0.987495
0.268716 -162.603438 887.866539 -15163.398762 0.718161 -0.693394 -0.058727 0.694077 0.719814 -0.011173 0.050020 -0.032737 0.998212
-0.114790 -155.854171 530.071480 -1889.398530 -0.709583 0.703904 0.031814 0.655962 0.676394 -0.334970 0.257305 0.216820 0.941692
-7.500594 -82.179443 -603.330775 4090.418507 0.816356 -0.575731 0.045787 0.504368 0.672047 -0.542186 -0.281382 -0.465710 -0.839010
-8.510189 -85.370552 -1485.509017 1048.567211 0.823614 -0.566818 0.019443 0.514352 0.732056 -0.446695 -0.238961 -0.377904 -0.894475
-8.605111 -82.880892 237.995349 1020.597706 0.825729 -0.559784 0.069380 0.529951 0.727768 -0.435323 -0.193194 -0.396227 -0.897597
-10.808565 -85.581315 96.730846 -3802.811088 0.833850 -0.546989 0.074142 0.543822 0.791043 -0.280193 -0.094613 -0.273959 -0.957076
-10.320647 -82.115444 572.351409 688.864937 0.820373 -0.562759 0.101440 0.547824 0.722611 -0.421571 -0.163941 -0.401417 -0.901104
3.349763 -58.250832 1916.008103 4319.032312 0.824752 0.380869 -0.418000 -0.207928 -0.483147 -0.850491 0.525881 -0.788358 0.319283
-2.715820 -56.559067 1276.193853 1838.673713 0.821627 0.375950 -0.428475 -0.275051 -0.396905 -0.875679 0.499275 -0.837334 0.222703
4.412649 -56.250663 802.939900 -23.442880 0.841419 0.365387 -0.398129 -0.219425 -0.442262 -0.869630 0.493829 -0.819083 0.291953
-3.140678 -60.336122 4151.608120 6404.891698 0.791103 0.430254 -0.434784 -0.236081 -0.440959 -0.865922 0.564288 -0.787678 0.247269
2.348648 -133.421811 -1618.258699 -8446.841021 0.935540 0.282975 -0.211399 -0.085396 0.761937 0.641997 -0.342742 0.582561 -0.736987
3.300021 -137.132321 -2293.706194 -5890.862171 0.932806 0.304600 -0.192591 -0.010438 0.557026 0.830429 -0.360227 0.772619 -0.522777
3.539045 -130.428121 -795.702031 -1682.162904 0.937451 0.303967 -0.169677 0.031772 0.410672 0.911230 -0.346665 0.859624 -0.375327
-24.790361 -80.504727 -151.029228 2391.284811 0.835198 -0.525503 0.162145 -0.034568 0.244091 0.969136 0.548862 0.815026 -0.185699
-25.940765 -76.525413 -80.400877 381.002650 0.848451 -0.505429 0.157074 -0.113121 0.116747 0.986698 0.517044 0.854934 -0.041880
-24.070019 -77.281869 169.810763 -475.481147 0.813843 -0.560576 0.153013 -0.112889 0.105778 0.987961 0.570013 0.821319 -0.022804
-22.672164 -81.060259 774.783979 1754.073569 0.789956 -0.590585 0.164861 -0.012708 0.253042 0.967372 0.613032 0.766276 -0.192387
-22.072619 -85.236358 669.342976 4120.907863 0.797593 -0.576820 0.176422 0.070986 0.380205 0.922174 0.599005 0.722996 -0.344195
-24.074504 -86.153730 99.529330 3927.458817 0.843779 -0.509130 0.169775 0.052391 0.392964 0.918060 0.534127 0.765745 -0.358249
-12.388704 -98.511175 -3199.826711 -6712.013738 0.972098 -0.224811 0.066966 -0.193037 -0.604485 0.772875 0.133271 0.764237 0.631015
-8.339985 -116.036608 -2965.639168 -8674.840091 0.953576 -0.283711 0.100995 -0.286599 -0.751949 0.593661 0.092485 0.595046 0.798352
-22.762843 -82.886875 -404.749186 -3295.646229 0.959291 -0.274825 0.065049 -0.205004 -0.519189 0.829709 0.194252 0.809268 0.554394
-4.722723 -129.407675 -2128.682675 2359.878413 0.961082 0.274334 -0.032578 0.199448 -0.770611 -0.605293 0.191157 -0.575239 0.795336
21.468176 -130.568033 -16269.157424 -2263.930907 0.948533 0.305092 0.084877 0.313567 -0.942329 -0.117009 -0.044283 -0.137602 0.989497
18.162277 -29.750720 -1473.294327 -522.456063 0.089795 0.609544 0.787650 -0.107155 0.792167 -0.600824 -0.990179 -0.030450 0.136448
27.245783 -29.248616 -1317.846574 -3180.725210 0.136532 0.689068 0.711719 -0.166889 0.724178 -0.669115 -0.976477 -0.027423 0.213871
-520.637202 -6149.203340 -157600.816893 697614.283483 -0.389801 -0.402454 0.828303 0.380863 0.748468 0.542899 -0.838450 0.527093 -0.138473
-227.703849 -7780.321157 61417.265356 -4162908.479909 0.499901 0.430924 -0.751268 0.759895 -0.634403 0.141750 -0.415523 -0.641746 -0.644595
-410.173638 -5899.244093 -80830.113898 1548784.361804 -0.359855 -0.385722 0.849543 0.134874 0.879472 0.456441 -0.923208 0.278834 -0.264459
-66.274774 -3309.049800 -18020.285686 2729593.213405 -0.483750 -0.544035 0.685574 0.871104 -0.223545 0.437270 -0.084634 0.808736 0.582051
-2.642987 -97.674943 -173.432569 5813.773912 0.783164 -0.583461 0.215006 0.605131 0.635579 -0.479433 -0.143077 -0.505581 -0.850833
-236.302660 -467.384951 -85910.384424 -55633.915465 0.981958 0.136951 0.130398 -0.165253 0.286253 0.943796 -0.091927 0.948316 -0.303720
-34.059126 -658.644333 -37363.667599 -192619.216079 0.995506 0.086660 -0.038191 -0.041257 0.759861 0.648775 -0.085243 0.644283 -0.760022
-87.717402 -551.978953 -43546.482847 -162114.262031 0.995179 0.092958 -0.031277 -0.077656 0.941602 0.327651 -0.059909 0.323642 -0.944281
-31.160432 -81.680599 -6950.356191 2197.680787 -0.274893 0.961472 -0.002411 0.958033 0.274120 0.083847 -0.081277 -0.020739 0.996476
-19.545320 -85.635392 -9027.715861 15698.269765 -0.240844 0.967000 0.083100 0.952972 0.251838 -0.168586 0.183951 -0.038589 0.982178
-59.577478 -72.913785 -794.519155 -4830.865746 -0.335825 0.887021 0.316883 -0.386335 0.177109 -0.905195 0.859050 0.426410 -0.283210
-60.050711 -76.437903 554.631253 -1104.113294 -0.475713 0.839640 0.262108 -0.514261 -0.023741 -0.857305 0.713605 0.542623 -0.443088
-59.875976 -71.752490 2517.471795 -3538.622273 -0.436113 0.768655 0.467947 -0.467302 0.250954 -0.847733 0.769047 0.588380 -0.249750
-57.285879 -72.802544 -3648.835306 3165.955416 0.545871 -0.697838 -0.463732 0.526014 -0.145381 0.837958 0.652177 0.701346 -0.287713
-57.317800 -67.066000 3040.572828 -2969.341119 -0.342655 0.691968 0.635427 -0.408531 0.499323 -0.764054 0.845984 0.521399 -0.111595
-54.638485 -67.704025 3893.674299 -1260.262427 -0.390976 0.579956 0.714695 -0.537832 0.486178 -0.688744 0.746910 0.653668 -0.121835
-33.759059 -253.971485 -1484.579981 -115217.709894 0.460473 0.880970 -0.108884 0.772074 -0.458010 -0.440601 0.438026 -0.118818 0.891075
-45.544102 -223.215425 4872.999952 -77951.056098 0.469379 0.878070 -0.093151 0.708654 -0.437536 -0.553508 0.526776 -0.193793 0.827618
-101.331617 -333.850072 -6567.830765 -118548.740957 0.391859 0.918892 0.045652 0.832482 -0.333010 -0.442808 0.391690 -0.211522 0.895454
3.014484 -2.268250 2799.832888 2526.012732 -0.664040 -0.572363 -0.481093 -0.527841 0.814570 -0.240540 0.529561 0.094212 -0.843024
5.953682 -6.556475 3548.850840 4221.097722 -0.649619 -0.595553 -0.472559 -0.545954 0.798005 -0.255190 0.529084 0.092219 -0.843544
11.970069 -11.482775 3940.018086 5325.619852 -0.746471 -0.384896 -0.542804 -0.383955 0.915381 -0.121066 0.543470 0.118040 -0.831088
16.187772 -51.239830 482.291991 -1647.037432 0.362839 0.930236 0.054852 -0.222329 0.143583 -0.964341 0.904941 -0.337706 -0.258916
14.075352 -51.096507 14.609042 -1372.552694 0.351894 0.928541 0.118248 -0.172657 0.188549 -0.966767 0.919978 -0.319783 -0.226668
2577.336802 -165.109071 -956867.965538 29780.933423 0.174289 -0.357209 0.917619 -0.436389 0.807354 0.397171 -0.882716 -0.469661 -0.015169
2862.717314 -109.037374 1310946.177939 19706.825866 0.793705 -0.181551 0.580579 0.334542 -0.666850 -0.665878 -0.508049 -0.722738 0.468546
1168.621758 -133.612779 348489.109830 -21813.827176 0.043953 0.884845 -0.463808 -0.458326 0.430377 0.777633 -0.887696 -0.178396 -0.424464
