19472
38918
-30.745632 -61.736014 2958.591152 2774.616108 -0.422662 -0.895783 0.137587 0.906023 -0.421307 0.040278 0.021886 0.141682 0.989670
-37.789768 -67.594629 2189.812359 267.083999 -0.300790 -0.940411 0.158599 0.949289 -0.279274 0.144415 -0.091517 0.193995 0.976724
-38.241808 -66.110634 -548.223758 8048.759928 -0.036865 -0.992378 0.117585 0.999170 -0.038646 -0.012901 0.017347 0.117012 0.992979
-33.453260 -62.996097 1409.763639 638.847322 -0.531869 -0.819629 0.212895 0.846806 -0.513032 0.140418 -0.005869 0.254965 0.966932
-25.434194 -51.457166 -3116.064369 7547.982933 0.447297 0.887752 -0.108728 0.886382 -0.456233 -0.078604 0.119386 0.061216 0.990959
-26.594145 -54.288620 2007.258408 4556.778385 -0.612350 -0.765982 0.195702 0.784402 -0.619553 0.029443 0.098695 0.171538 0.980221
24.229497 -34.500769 -47465.151512 -298.086822 0.626185 0.637056 -0.449503 -0.367605 0.749655 0.550349 0.687575 -0.179381 0.703607
30.320641 -32.636156 -50200.140958 630.222255 0.653257 0.549886 -0.520462 -0.275776 0.812997 0.512819 0.705126 -0.191472 0.682741
-30.254147 -43.412245 -237.178471 -4392.356698 0.005270 0.982569 0.185821 0.645691 0.138550 -0.750924 0.763581 -0.123940 0.633706
-26.284140 -37.978587 -5237.000448 -6271.734958 0.314835 0.943991 -0.098795 0.569886 -0.271244 -0.775665 0.759018 -0.187905 0.623365
-32.353805 -54.416026 439.373446 2771.798918 -0.035567 0.945099 0.324843 0.561670 0.287758 -0.775707 0.826596 -0.154865 0.541069
293.554379 -423.372645 -150123.365983 203337.399035 -0.156529 0.967799 0.197140 0.879917 0.045986 0.472897 -0.448603 -0.247489 0.858781
111.243726 -282.186716 1837.356175 102872.016432 0.219753 0.947117 -0.233833 0.750687 -0.011090 0.660565 -0.623039 0.320696 0.713425
107.145678 -396.407394 -23555.905476 282358.704232 0.151411 0.987878 0.034235 0.950386 -0.155011 0.269701 -0.271738 0.008299 0.962335
50.044051 -128.008597 -48661.938148 7306.602507 -0.119889 0.991101 0.057848 0.521669 0.013314 0.853044 -0.844682 -0.132448 0.518623
3.494402 -58.026261 -6157.524826 -5526.161586 -0.031993 -0.001345 0.999487 0.042683 0.999085 0.002710 -0.998576 0.042748 -0.031906
-12.928619 -72.594744 -8004.940884 -1910.339350 -0.040818 -0.087505 0.995328 0.134826 0.986564 0.092263 -0.990028 0.137962 -0.028471
3.717428 -63.868140 -7458.028050 -580.279508 -0.043071 -0.122507 0.991533 0.243954 0.961122 0.129347 -0.968830 0.247460 -0.011510
16.634694 -58.669267 -5459.073253 -1853.249587 -0.003322 -0.095766 0.995398 0.194976 0.976238 0.094573 -0.980802 0.194393 0.015429
16.207542 -45.643345 -3804.510080 -6695.945071 0.013827 0.005346 0.999890 0.033240 0.999431 -0.005803 -0.999352 0.033316 0.013641
15.643615 -28.212602 -2933.322011 -5195.700032 -0.002856 0.306921 0.951731 -0.103177 0.946565 -0.305565 -0.994659 -0.099070 0.028964
3.912736 -32.547109 -208.654858 795.530026 0.092324 0.993828 0.061496 0.953142 -0.070338 -0.294232 0.288090 -0.085779 0.953754
1.889749 -34.029787 -2019.427805 1138.583907 0.105755 0.989366 0.099856 0.955609 -0.073345 -0.285361 0.275003 -0.125602 0.953204
3.980904 -35.282559 -384.078533 1362.478346 0.122562 0.990671 0.059578 0.975696 -0.109286 -0.189933 0.181650 -0.081408 0.979988
1.622127 -31.940022 -1946.214122 346.246436 0.060566 0.991212 0.117601 0.927708 -0.012420 -0.373100 0.368361 -0.131696 0.920308
2.668691 -34.532763 1426.381696 994.371740 0.104561 0.994367 0.017354 0.975191 -0.099090 -0.197947 0.195112 -0.037621 0.980059
2.757522 -31.970880 1881.515141 320.107451 0.092207 0.995702 0.008678 0.949189 -0.085259 -0.302938 0.300896 -0.036170 0.952971
3.646622 -30.799017 -3.114502 156.992531 0.070962 0.995333 0.065400 0.921879 -0.040404 -0.385366 0.380925 -0.087637 0.920443
-1.756458 -50.229557 1174.358104 148.823047 0.034779 0.999227 0.018309 -0.682235 0.010351 0.731060 -0.730306 0.037916 -0.682068
-3.011645 -51.425750 712.371741 663.271566 0.011165 0.999776 0.017981 -0.784072 -0.002407 0.620665 -0.620569 0.021028 -0.783870
-4.257975 -50.743926 194.164492 -266.904586 0.017007 0.999854 0.001893 -0.721562 0.010962 0.692263 -0.692141 0.013139 -0.721642
-0.294424 -52.369205 1443.874552 1388.098423 0.007499 0.999224 0.038675 -0.746735 -0.020127 0.664817 -0.665079 0.033865 -0.746005
-4.753449 -51.827654 261.507811 -807.667383 0.001010 0.999703 0.024365 -0.603641 -0.018816 0.797034 -0.797256 0.015512 -0.603442
-2.636567 -50.683002 1064.640942 -680.167442 0.038599 0.999006 0.022310 -0.565859 0.003451 0.824495 -0.823598 0.044449 -0.565430
0.368844 -50.649809 1542.798531 612.873964 0.055565 0.998342 0.015003 -0.640940 0.024143 0.767211 -0.765577 0.052246 -0.641219
21.379875 -101.653258 887.636987 -16881.023908 -0.054062 0.998339 -0.019898 0.878190 0.038053 -0.476796 0.475247 0.043251 0.878789
21.324938 -87.991833 868.701820 -12308.928007 -0.072123 0.996984 -0.028659 0.952548 0.060332 -0.298349 0.295720 0.048817 0.954026
17.097347 -95.582031 -535.530218 -11139.563720 -0.065082 0.996938 -0.043353 0.885472 0.037664 -0.463164 0.460112 0.068532 0.885212
16.592929 -108.816717 -1181.777806 -6289.712354 -0.040937 0.998934 -0.021340 0.759092 0.017206 -0.650756 0.649695 0.042839 0.758987
21.405692 -109.621820 573.470981 -6041.483834 -0.028310 0.999467 -0.016237 0.738694 0.009975 -0.673967 0.673446 0.031074 0.738583
-7.929841 -109.242452 -502.042526 7733.297222 -0.094181 0.994855 0.037328 0.414612 0.005107 0.909984 -0.905112 -0.101180 0.412960
-6.029924 -118.987046 -276.806759 5266.322860 -0.092851 0.995251 0.029229 0.137705 -0.016238 0.990340 -0.986112 -0.095979 0.135543
-6.548554 -110.686269 -459.403106 8729.206386 -0.104147 0.992327 0.066641 0.415350 -0.017486 0.909494 -0.903680 -0.122400 0.410342
-8.269607 -93.779823 -540.589657 6197.980367 -0.098923 0.991764 0.081351 0.630715 -0.000744 0.776014 -0.769684 -0.128075 0.625447
-9.503038 -93.797298 -374.296577 5936.766740 -0.087136 0.995303 0.042171 0.635609 0.022951 0.771670 -0.767078 -0.094044 0.634623
108.580441 -45.302238 -22019.175431 3665.046036 -0.268324 0.789644 -0.551783 -0.188174 0.518791 0.833935 -0.944771 -0.327596 -0.009386
148.215028 -58.747745 -45526.908824 5671.172211 -0.262027 0.806232 -0.530407 -0.287203 0.459561 0.840427 -0.921334 -0.372549 -0.111135
135.525435 -47.037034 -11547.743339 3812.588865 -0.050072 0.884462 -0.463918 -0.225258 0.442532 0.868000 -0.973012 -0.147963 -0.177073
74.928778 -59.877741 -35490.068596 6944.349792 -0.385925 0.725843 -0.569398 -0.253206 0.510169 0.821958 -0.887101 -0.461389 0.013099
98.307748 -33.836160 -3986.126232 992.028227 -0.037574 0.870488 -0.490753 -0.115675 0.484010 0.867383 -0.992576 -0.089359 -0.082508
58.205403 -30.360081 -16982.336690 2197.356793 -0.385082 0.709070 -0.590704 -0.108976 0.600649 0.792051 -0.916426 -0.369377 0.154028
59.402107 -38.864145 -23704.430895 2513.736467 -0.397042 0.691797 -0.603137 -0.202569 0.574896 0.792755 -0.895167 -0.436934 0.088122
76.483748 -29.230133 -11087.587617 1503.046585 -0.233891 0.801251 -0.550719 -0.071062 0.550827 0.831589 -0.969662 -0.233636 0.071895
318.244972 -44.057486 57346.634563 -1448.210986 0.229823 0.963901 -0.134449 -0.769843 0.095533 -0.631043 0.595419 -0.248533 -0.764008
249.793506 -43.727192 54218.545898 405.187698 0.225063 0.945705 0.234495 -0.742911 0.322279 -0.586702 0.630420 0.042164 -0.775108
727.006598 -21.227947 146493.020849 -8676.184539 0.237162 0.900389 -0.364767 0.918148 -0.085057 0.387001 0.317426 -0.426692 -0.846862
252.962082 -2.747782 -958.689656 -5752.167905 0.357863 0.738451 -0.571511 0.913150 -0.148834 0.379479 0.195167 -0.657677 -0.727579
134.361946 -31.500761 10273.412000 -1018.595299 0.445007 0.859847 -0.250264 -0.679952 0.142557 -0.719266 0.582781 -0.490246 -0.648093
-11.716464 -109.941176 329.221899 5087.865557 -0.483108 -0.641947 0.595408 0.873417 -0.400899 0.276448 0.061233 0.653593 0.754365
-14.103671 -101.352147 -159.912306 7479.540400 -0.485819 -0.636301 0.599250 0.838124 -0.533692 0.112787 0.248049 0.557040 0.792577
-13.334236 -108.766355 -503.890201 6384.596068 -0.456784 -0.634088 0.623924 0.883922 -0.402487 0.238088 0.100153 0.660255 0.744334
-10.463583 -115.018879 -47.596905 2351.785716 -0.455788 -0.639227 0.619391 0.882811 -0.235852 0.406225 -0.113586 0.731958 0.671815
-11.215806 -113.976956 -26.598297 3337.407093 -0.427983 -0.632068 0.646004 0.900603 -0.238316 0.363482 -0.075792 0.737357 0.671238
-13.826566 -106.782919 245.636713 6820.666525 -0.436790 -0.626157 0.645865 0.889132 -0.409532 0.204272 0.136596 0.663484 0.735616
-4.041061 -107.155726 687.223229 -3805.874447 -0.724069 -0.218744 0.654122 0.271238 0.781662 0.561636 -0.634157 0.584086 -0.506645
-3.228754 -101.139259 165.342695 -2342.124267 -0.713921 -0.177608 0.677328 0.199875 0.875365 0.440211 -0.671094 0.449656 -0.589442
-3.005767 -113.593452 697.381967 -3710.735332 -0.715781 -0.217375 0.663630 0.260572 0.798543 0.542615 -0.647888 0.561317 -0.514941
-3.879225 -96.302541 -220.738540 -1505.627599 -0.721626 -0.172976 0.670325 0.220286 0.860579 0.459215 -0.656301 0.479045 -0.582911
-3.985801 -119.649035 -946.976347 -7919.341415 0.737772 0.260810 -0.622632 0.321185 0.675636 0.663593 -0.593744 0.689561 -0.414697
-5.366605 -101.126947 434.902901 -4301.963976 -0.734254 -0.217254 0.643173 0.281410 0.764777 0.579590 -0.617802 0.606562 -0.500403
-5.547680 -113.828149 -1069.771925 -8851.207485 0.746908 0.258628 -0.612569 0.327739 0.658381 0.677585 -0.578546 0.706856 -0.406987
-7.645776 -123.674754 -679.045204 -4006.624106 -0.506890 -0.554721 0.659808 0.322779 0.587599 0.741985 -0.799297 0.589077 -0.118796
-7.043625 -123.603165 -298.135289 -1999.215544 0.476076 0.572287 -0.667712 0.449982 0.493820 0.744082 -0.755558 0.654698 0.022423
-6.363777 -125.791716 573.785602 300.516788 0.503312 0.553671 -0.663420 0.492785 0.446756 0.746707 -0.709817 0.702750 0.047983
0.707143 -101.468437 -4146.317843 -3962.217215 0.394254 0.570982 -0.720099 0.481922 0.538734 0.691026 -0.782505 0.619472 0.062771
-7.144827 -111.166225 416.925422 -3680.863579 0.435705 0.570399 -0.696281 0.474639 0.511673 0.716177 -0.764774 0.642523 0.047795
-7.627664 -102.633560 703.759403 -2758.195646 0.447488 0.613800 -0.650388 0.304622 0.579156 0.756164 -0.840809 0.536497 -0.072188
13.095401 -98.019165 -2786.488853 8678.127924 0.197240 -0.500018 0.843255 0.772537 -0.450280 -0.447698 0.603558 0.739750 0.297469
9.218772 -92.032866 -5790.848081 9442.306687 0.160016 -0.441649 0.882803 0.757325 -0.518689 -0.396762 0.633130 0.732057 0.251474
0.517599 -86.478607 538.976668 -10842.181110 -0.231718 0.512256 -0.826983 -0.632777 0.566314 0.528092 0.738850 0.645664 0.192919
5.634304 -90.935971 -600.355707 10157.572203 -0.259682 0.558835 -0.787571 0.633196 -0.517231 -0.575791 0.729128 0.648209 0.219537
-7.187995 -69.832691 2074.970781 -7290.854611 -0.279316 0.551075 -0.786320 -0.495735 0.618570 0.609605 0.822332 0.560079 0.100411
-9.015424 -68.337981 2030.714728 -6459.204363 -0.229533 0.509316 -0.829404 -0.531314 0.648418 0.545215 0.815488 0.565819 0.121774
19.401354 -48.249820 11865.002944 1902.927488 0.365999 0.205754 -0.907585 0.511246 0.770450 0.380834 0.777607 -0.603383 0.176793
8.265776 -59.703034 6410.251542 2484.230068 0.464421 0.376775 -0.801469 0.397694 0.719880 0.568869 0.791298 -0.582934 0.184486
41.629436 -54.922508 20058.501390 7837.471333 0.290661 0.147574 -0.945377 0.606452 0.735815 0.301318 0.740089 -0.660907 0.124376
5.922211 -145.427778 -581.663550 13820.356563 -0.760995 -0.031753 0.647980 -0.171130 0.973251 -0.153284 -0.625780 -0.227538 -0.746073
8.028274 -144.900359 -47.375875 -13607.940363 -0.755700 -0.061694 0.652005 -0.086128 0.996269 -0.005556 -0.649230 -0.060355 -0.758194
7.701240 -121.338059 962.388806 3621.032335 -0.735470 -0.054422 0.675368 -0.127139 0.990149 -0.058666 -0.665522 -0.129012 -0.735143
78.274315 11.611617 -15641.705091 23488.211099 -0.374085 0.745645 -0.551429 0.906100 0.167177 -0.388633 -0.197596 -0.645031 -0.738167
103.859318 33.632821 -13901.766843 11286.027003 -0.296981 0.742966 -0.599837 0.928026 0.076634 -0.364548 -0.224879 -0.664928 -0.712250
91.696514 16.937574 -12536.869494 26336.390467 -0.481419 0.757800 -0.440426 0.844474 0.266453 -0.464614 -0.234732 -0.595602 -0.768218
97.329064 15.597597 10511.148500 27442.341476 -0.564863 0.768811 -0.299765 0.771645 0.363407 -0.522015 -0.292394 -0.526179 -0.798525
79.079738 -12.165124 1012.964749 36013.901125 -0.609294 0.732626 -0.303348 0.749843 0.407937 -0.520887 -0.257869 -0.544836 -0.797908
73.546794 -11.173186 -16396.814122 35854.589263 -0.547963 0.727931 -0.412133 0.808066 0.333259 -0.485766 -0.216257 -0.599212 -0.770830
93.768720 -285.400277 -6750.813463 10363.378873 0.805327 0.343510 -0.483166 -0.495029 -0.058775 -0.866886 0.326182 -0.937308 -0.122715
89.118412 -275.231483 39755.722743 52445.950113 0.772817 0.475676 -0.420102 -0.544776 0.157684 -0.823623 0.325534 -0.865371 -0.380998
119.373175 -272.068014 -13000.928567 56910.122037 0.800650 0.338653 -0.494240 -0.565144 0.152988 -0.810683 0.198928 -0.928390 -0.313877
-33.599702 -210.146127 -8726.958375 51465.232482 0.900446 -0.057972 0.431087 -0.433022 -0.213120 0.875826 -0.041100 0.975305 0.217006
-39.296735 -126.355854 -19814.477460 -3634.253173 0.588659 -0.198108 0.783731 0.797537 0.300596 -0.523046 -0.131967 0.932950 0.334947
-20.134185 -143.993207 -471.443412 48194.755943 0.914360 -0.089342 0.394923 -0.404432 -0.248505 0.880159 -0.019505 0.964502 0.263356
-61.605418 -1203.888653 -13663.530658 -33791.276114 0.971098 -0.042155 0.234931 -0.233607 -0.369777 0.899274 -0.048963 0.928164 0.368937
42.105687 -1251.112581 -23415.911101 -445767.797714 0.881807 -0.116553 0.456982 -0.468873 -0.320932 0.822898 -0.050749 0.939903 0.337648
14.133272 -1313.128177 -69971.998157 -310495.642967 0.943231 0.011113 0.331952 -0.332113 0.043689 0.942227 0.004031 0.998983 -0.044899
28.267524 -1289.870877 5442.610573 -126579.734650 0.994387 -0.042875 0.096729 -0.103681 -0.212607 0.971622 0.021093 0.976197 0.215859
7.487122 -4211.426058 -13790.029762 -501615.106188 0.968885 -0.145337 0.200345 -0.228268 -0.837606 0.496296 -0.095680 0.526586 0.844720
363.852577 -8223.878989 264490.917089 -7372218.100680 0.950550 -0.309381 0.027179 -0.310566 -0.946331 0.089474 0.001962 0.093490 0.995618
774.844328 -3949.982089 325548.254296 1403404.461899 0.951821 -0.262071 0.159233 -0.190222 -0.911874 -0.363733 -0.240524 -0.315919 0.917793
289.588257 -1825.255869 166615.533267 1595344.761168 0.977952 -0.198641 0.064436 -0.097090 -0.705669 -0.701858 -0.184888 -0.680127 0.709397
-559.538268 -4157.066392 172534.689169 696870.121748 0.984604 -0.030576 -0.172105 0.132710 -0.510058 0.849841 0.113768 0.859597 0.498147
-231.923267 -3295.848950 179707.667019 1414647.694244 0.987079 -0.149730 -0.057054 -0.159689 -0.889958 -0.427170 -0.013185 -0.430762 0.902369
-76.920995 -2926.404651 95951.794282 -863014.358344 0.972345 -0.233516 0.003843 -0.193677 -0.797047 0.572019 0.130512 0.556944 0.820231
30.812578 25.377656 -234.794372 23718.153095 0.296229 0.954988 0.015679 -0.309508 0.111511 -0.944336 0.903578 -0.274887 -0.328610
64.956544 31.664134 25677.814658 4625.932872 -0.273243 0.059900 -0.960078 0.191598 0.981451 0.006704 0.942671 -0.182117 -0.279651
67.839469 37.251545 26891.608408 1208.835696 -0.284252 0.087695 -0.954731 0.298211 0.954499 -0.001112 0.911192 -0.285027 -0.297470
-15.273106 -67.111381 -485.230725 -8273.495230 0.466126 0.281633 -0.838695 0.266129 0.859440 0.436507 0.843743 -0.426668 0.325656
-10.486136 -67.475628 5752.877592 -8146.619101 0.380023 0.138491 -0.914551 0.336383 0.900337 0.276115 0.861643 -0.412569 0.295563
-21.069548 -73.155539 -806.568681 -4492.763348 0.461721 0.257230 -0.848909 0.185646 0.907811 0.376051 0.867381 -0.331227 0.371402
-3.778436 -59.202043 6567.086956 -8620.651143 0.384673 0.152752 -0.910326 0.402792 0.859583 0.314444 0.830533 -0.487631 0.269131
-6.102243 -57.637165 439.605720 -6667.662246 0.463689 0.300883 -0.833344 0.325598 0.816888 0.476110 0.824002 -0.492102 0.280815
1.351403 -29.708775 1536.396592 164.434728 0.085845 0.996051 0.022638 0.865250 -0.063269 -0.497332 0.493936 -0.062281 0.867265
2.613190 -30.066209 -228.448894 0.302135 0.060581 0.995208 0.076759 0.879080 -0.016769 -0.476380 0.472809 -0.096337 0.875883
2.272002 -30.363644 1862.477453 124.927040 0.085756 0.996219 0.013919 0.911052 -0.072755 -0.405821 0.403274 -0.047483 0.913847
-2.272487 -30.330202 2534.298300 359.919100 0.123139 0.992362 -0.007428 0.894568 -0.114239 -0.432085 0.429633 -0.046562 0.901802
-45.820181 -633.438869 -1556.751944 321830.409577 0.886993 0.423246 0.184680 0.139989 -0.627560 0.765880 -0.440053 0.653477 0.615891
250.265411 -1388.416725 -57532.159301 666153.454301 0.851923 0.229723 -0.470589 0.473449 0.046116 0.879613 -0.223769 0.972163 0.069475
-382.418153 -4199.854708 150232.934156 1511387.797201 0.978834 0.193180 -0.067576 0.078624 -0.050103 0.995644 -0.188953 0.979883 0.064231
-1108.525233 -5276.278242 943226.672483 6603968.712992 0.639915 0.560687 0.525489 -0.543587 -0.153070 0.825277 -0.543159 0.813757 -0.206831
-1009.099028 -3514.123780 1011461.331000 -2394385.221359 0.524432 0.569808 0.632684 0.160661 0.663494 -0.730728 -0.836157 0.484865 0.256412
-609.029947 -3935.250917 432855.309010 4176968.292313 0.719235 0.550325 0.424079 -0.168902 -0.453580 0.875064 -0.673923 0.701005 0.233280
29.777024 -118.875389 -4726.430956 -56905.459538 0.206937 -0.964904 0.161668 0.978003 0.208446 -0.007761 -0.026210 0.159718 0.986815
35.434254 -90.142466 -33.563256 -28922.326675 0.229684 -0.970765 0.069714 0.972153 0.225409 -0.064101 0.046513 0.082495 0.995505
34.377340 -59.435702 268.096480 -782.837051 0.339876 -0.934273 0.107785 0.940124 0.340621 -0.011990 -0.025512 0.105406 0.994102
38.048118 -54.878298 9632.318178 19760.361821 0.371423 -0.928355 0.014207 0.928413 0.371200 -0.016105 0.009678 0.019172 0.999769
30.465428 -51.962983 -3694.408441 3143.515835 0.380710 -0.907654 0.176703 0.914954 0.397421 0.070111 -0.133861 0.134983 0.981764
12.568868 -24.488284 -3435.891174 3491.818729 0.057509 0.992726 0.105773 0.630834 -0.118252 0.766854 -0.773784 -0.022624 0.633046
13.607582 -18.099241 -3843.356819 2208.969302 0.028570 0.996979 0.072223 0.669307 -0.072745 0.739416 -0.742436 -0.027214 0.669364
5.805461 -24.034837 -3511.608243 3113.982428 0.041680 0.991346 0.124486 0.642319 -0.122022 0.756661 -0.765303 -0.048422 0.641846
4.508708 -32.150270 -3330.694896 3445.687335 0.081824 0.981507 0.173056 0.582277 -0.188000 0.790955 -0.808863 -0.036048 0.586892
10.468576 -32.895441 -2894.530055 3601.427357 0.078703 0.988555 0.128706 0.571360 -0.150528 0.806777 -0.816917 -0.010042 0.576668
37.322473 -62.351611 10916.710788 38336.902657 -0.150354 0.846592 -0.510564 -0.000094 0.516423 0.856334 -0.988632 -0.128801 0.077567
10.397064 -102.914369 18631.648130 20077.760873 -0.080538 0.751222 -0.655117 -0.121295 0.644981 0.754511 -0.989344 -0.140229 -0.039174
30.194031 -48.116651 28482.534644 51178.487284 -0.067138 0.762141 -0.643921 -0.020328 0.644198 0.764589 -0.997537 -0.064423 0.027757
58.171555 -1.961996 28909.871366 68193.262497 -0.110782 0.852635 -0.510628 0.058958 0.518523 0.853028 -0.992094 -0.064394 0.107712
-43.341848 -98.857190 -10338.615209 -505.953019 -0.133797 0.864535 -0.484435 0.024317 0.491547 0.870512 -0.990710 -0.104692 0.086790
-48.594276 -108.398420 -1032.066684 603.071092 -0.031739 0.925477 -0.377471 -0.002485 0.377587 0.925971 -0.999493 -0.030327 0.009684
-43.087856 -101.385696 -5862.450498 -1691.235332 -0.142850 0.941489 -0.305273 -0.087387 0.295234 0.951420 -0.985879 -0.162587 -0.040100
-34.316047 -101.822378 -5967.097870 -5272.277641 -0.187453 0.972429 -0.138721 -0.182237 0.104344 0.977702 -0.965221 -0.208553 -0.157653
-29.561769 -83.200910 -14049.045362 9539.030337 -0.244291 0.969288 -0.028345 0.010423 0.031854 0.999438 -0.969646 -0.243858 0.017885
-38.349139 -102.045707 -7458.787924 -8416.546651 -0.133330 0.959539 -0.248009 -0.288191 0.201893 0.936048 -0.948245 -0.196277 -0.249612
-39.240897 -57.782837 3109.940615 -5156.338342 -0.433249 0.894465 -0.110579 -0.895230 -0.441278 -0.061945 0.104204 -0.072156 -0.991935
-34.956872 -54.516330 2609.397379 1172.653157 -0.323053 0.945577 -0.039005 -0.943564 -0.324995 -0.063753 0.072960 -0.016208 -0.997203
-38.622832 -61.302123 2184.336997 4386.365247 -0.254836 0.960631 -0.110663 -0.952438 -0.269129 -0.142938 0.167094 -0.068974 -0.983525
-43.143485 -65.284990 2664.152705 -488.820241 -0.348000 0.916346 -0.198004 -0.917728 -0.376120 -0.127707 0.191497 -0.137272 -0.971846
-38.605342 -65.685322 153.087533 8095.105770 -0.190636 0.975542 -0.109436 -0.950123 -0.211392 -0.229304 0.246829 -0.060264 -0.967183
-42.591365 -66.202538 1583.473655 4400.076657 -0.208224 0.960192 -0.186212 -0.938935 -0.249557 -0.236901 0.273941 -0.125512 -0.953521
75.189265 -65.678479 -10219.250433 5691.407037 -0.150314 -0.563309 0.812458 0.340026 0.742204 0.577508 -0.928325 0.363065 0.079976
97.333240 -72.404783 -19852.693833 5386.264911 -0.146907 -0.556166 0.817984 0.241426 0.781786 0.574913 -0.959235 0.281941 0.019423
77.177625 -69.561354 -18363.560906 6307.894851 -0.302587 -0.601127 0.739654 0.198596 0.719236 0.665777 -0.932202 0.348348 -0.098250
60.334648 -62.514612 -16169.016759 5955.116912 -0.290676 -0.583732 0.758132 0.300490 0.696566 0.651539 -0.908413 0.417197 -0.027069
26.427454 -46.651771 431.288540 -7080.782839 -0.347554 0.895867 -0.276819 -0.896655 -0.403892 -0.181334 0.274256 -0.185188 -0.943657
23.524975 -55.434278 -4.987944 7001.746340 -0.311586 0.898858 -0.308170 0.923889 0.362393 0.122886 0.222135 -0.246426 -0.943361
23.787675 -43.834717 -8081.896206 -5522.179722 -0.307309 0.878475 -0.365845 -0.891122 -0.400538 -0.213238 0.333859 -0.260483 -0.905918
20.949482 -53.388799 1318.905374 8012.994778 -0.356556 0.901628 -0.244817 0.915770 0.389176 0.099540 0.185025 -0.188704 -0.964446
27.129983 -35.871194 1312.665714 -3738.439590 -0.385375 0.879633 -0.278805 -0.864195 -0.449973 -0.225146 0.323500 -0.154177 -0.933583
24.268242 -42.864457 6736.313964 -5872.220993 -0.413443 0.880889 -0.230432 -0.873757 -0.455026 -0.171758 0.256152 -0.130329 -0.957810
16.829110 -40.854185 5352.571271 -1324.486308 -0.212662 0.699359 0.682402 -0.651187 0.419250 -0.632602 0.728513 0.578901 -0.366255
14.449622 -40.458959 -1956.211603 -4521.311341 0.068705 -0.538723 -0.839677 -0.680937 0.589799 -0.434122 0.729112 0.601593 -0.326315
24.973451 -41.457407 5609.418866 -6713.663571 -0.154188 0.624879 0.765344 -0.703584 0.474395 -0.529074 0.693683 0.620061 -0.366509
16.711187 -55.988001 2062.778633 -952.984736 0.468500 0.826682 0.311617 0.788449 -0.232113 -0.569625 -0.398568 0.512563 -0.760541
12.006021 -54.711522 2608.495173 -1063.637623 0.460876 0.824108 0.329302 0.842081 -0.288948 -0.455421 -0.280165 0.487192 -0.827135
5.818652 -54.765234 3634.199007 -1577.099145 0.596669 0.751332 0.281932 0.720660 -0.347115 -0.600133 -0.353037 0.561258 -0.748568
17.041372 -50.004119 1369.330682 604.671280 0.627066 0.744988 0.227553 0.640672 -0.327081 -0.694663 -0.443088 0.581387 -0.682395
0.828415 -52.260683 2474.147084 2168.255521 0.692391 0.681766 0.236196 -0.648494 0.444512 0.617952 -0.316307 0.581036 -0.749898
14.427293 -51.325072 -1092.399135 1021.554257 0.745634 0.652217 0.136540 -0.525909 0.450161 0.721647 -0.409206 0.609892 -0.678662
-0.979064 -88.113684 -174.854235 3470.796026 0.841301 0.474280 0.259366 -0.419222 0.875352 -0.240855 -0.341269 0.093900 0.935264
-1.500548 -72.103205 37.914194 2041.855123 0.812612 0.533446 0.234730 -0.405475 0.806779 -0.429765 -0.418631 0.254055 0.871897
-1.209478 -80.745473 -218.302604 3324.039597 0.799312 0.552840 0.235517 -0.422655 0.795818 -0.433632 -0.427157 0.247065 0.869768
-0.789291 -99.743511 372.670530 -1256.256487 0.403237 -0.780449 0.477807 0.796550 0.042332 -0.603089 0.450454 0.623785 0.638736
-1.033598 -94.862021 322.924036 -1726.457435 0.382507 -0.777521 0.499148 0.716904 -0.091047 -0.691201 0.582869 0.622231 0.522582
-2.028579 -93.676472 264.830766 329.839255 0.411112 -0.772768 0.483545 0.786348 0.032299 -0.616938 0.461132 0.633866 0.620944
-1.643968 -106.913107 209.794397 9025.259183 0.445523 -0.770842 0.455316 0.817346 0.142689 -0.558198 0.365314 0.620841 0.693615
-3.921127 -100.999018 476.375232 9071.942181 0.459486 -0.763651 0.453553 0.810824 0.152212 -0.565151 0.362542 0.627431 0.689126
-4.173751 -87.878429 388.683074 1485.704757 0.422354 -0.765674 0.485140 0.779667 0.033891 -0.625276 0.462316 0.642336 0.611285
-8.456529 -50.452064 -1332.104879 26502.573682 -0.433318 0.365970 0.823591 0.182791 0.930535 -0.317320 -0.882510 0.013045 -0.470113
9.136990 -4.623127 12110.799702 -6843.984092 -0.214908 0.941877 0.258231 -0.450018 -0.330168 0.829743 -0.866775 -0.062110 -0.494817
-0.437866 -23.849210 -1077.974519 24920.264118 -0.422637 -0.000517 0.906299 0.033418 0.999311 0.016154 -0.905683 0.037114 -0.422328
62.962493 -15.985931 6732.900898 -619.222187 0.534026 0.400878 0.744388 0.595573 0.446549 -0.667747 -0.600091 0.799932 -0.000284
56.031345 -14.200139 -2244.627772 136.544719 0.464946 0.291685 0.835910 0.669702 0.501679 -0.547556 -0.579072 0.814394 0.037912
68.517930 -13.319669 19645.365181 570.632978 0.633359 0.442914 0.634573 -0.484208 -0.412839 0.771431 -0.603654 0.795859 0.047013
76.932408 -16.420266 -847.632635 288.820693 0.482272 0.258890 0.836893 0.707028 0.449026 -0.546340 -0.517228 0.855191 0.033510
79.280527 -16.689804 24081.263450 2043.895355 0.603966 0.514788 0.608456 -0.453048 -0.406343 0.793494 -0.655723 0.754903 0.012193
76.961340 -20.650970 5439.590413 917.807614 0.486417 0.360846 0.795731 0.683754 0.409777 -0.603791 -0.543948 0.837779 -0.047408
-8.130450 -81.706967 -1202.525306 -4446.715723 0.965110 0.062843 0.254191 0.239466 -0.604512 -0.759751 -0.105917 -0.794113 0.598469
-11.256887 -75.288626 -1660.598905 -6497.901281 0.971031 0.066978 0.229373 0.218139 -0.640293 -0.736505 -0.097536 -0.765205 0.636355
-9.264481 -75.793036 -1124.687313 -984.826101 0.951716 0.103108 0.289148 0.277136 -0.693705 -0.664808 -0.132036 -0.712841 0.688785
-7.110738 -83.365508 -262.282230 829.613481 0.947966 0.097701 0.303009 0.289029 -0.663190 -0.690392 -0.133501 -0.742047 0.656920
-8.070992 -84.817776 128.293551 2894.610020 0.929901 0.146714 0.337283 0.327040 -0.749436 -0.575665 -0.168314 -0.645617 0.744882
-9.239599 -76.367479 -782.987692 2762.823394 0.925424 0.170544 0.338385 0.341102 -0.763864 -0.547871 -0.165044 -0.622437 0.765071
-11.439007 -56.169292 -736.285855 -5456.505077 0.959801 0.028277 0.279255 0.263533 0.251661 -0.931245 0.096610 -0.967402 -0.234092
-12.385502 -57.946968 -231.769303 -4631.731391 0.963793 0.091524 0.250453 0.220066 0.257388 -0.940916 0.150580 -0.961964 -0.227928
-12.901827 -47.979781 -189.105306 -4216.716357 0.970011 0.051668 0.237507 0.229033 0.132876 -0.964307 0.081383 -0.989785 -0.117057
210.385313 -128.638980 69961.290047 25384.878569 0.924783 -0.168760 -0.341022 0.042104 -0.845370 0.532520 0.378158 0.506824 0.774678
380.623057 -143.847676 126336.004023 16340.627544 0.973466 -0.170177 -0.152981 -0.043914 -0.795041 0.604964 0.224577 0.582194 0.781419
139.676863 -157.597206 50795.255369 11300.352321 0.939474 -0.173259 -0.295583 0.092548 -0.702317 0.705823 0.329883 0.690458 0.643774
-15.925094 -115.504604 -1793.505093 -213.646079 0.777444 0.283141 0.561615 -0.586704 0.004736 0.809788 -0.226625 0.959066 -0.169802
-18.122569 -113.091683 -1931.736389 -2999.700184 0.789139 0.310039 0.530222 -0.601026 0.211854 0.770640 -0.126599 0.926819 -0.353524
-12.017821 -114.797352 -2229.448688 -116.735580 0.800909 0.316697 0.508180 -0.533758 -0.007039 0.845608 -0.271378 0.948501 -0.163402
7.534984 -205.220172 2256.607120 3840.953729 0.826765 0.030960 -0.561695 -0.244071 0.919353 -0.308576 0.506842 0.392213 0.767646
4.936383 -227.446437 2015.857530 -4542.062604 0.818207 0.037549 -0.573696 0.336412 -0.840468 0.424783 0.466223 0.540559 0.700309
4.811932 -224.370735 781.316711 -1191.714819 0.828431 0.016647 -0.559844 -0.185001 0.951590 -0.245461 0.528655 0.306919 0.791406
103.464201 -90.561533 33937.788909 -8674.891712 -0.433387 0.177417 -0.883572 0.894626 0.202974 -0.398053 0.108720 -0.962977 -0.246688
139.435700 -78.111081 36029.320357 -22428.085694 -0.527259 0.115545 -0.841812 0.849582 0.054810 -0.524602 -0.014475 -0.991789 -0.127064
104.200424 -80.377905 1016.400230 -3547.710581 -0.518846 0.052547 -0.853251 0.842313 0.201858 -0.499763 0.145974 -0.978004 -0.148995
54.052835 -69.889338 -4767.648416 11520.260589 -0.327955 0.143162 -0.933783 0.903327 0.336816 -0.265621 0.276486 -0.930623 -0.239783
47.930171 -103.025948 10378.054932 -10019.283899 -0.140336 0.259983 -0.955361 0.943065 0.328978 -0.049004 0.301553 -0.907845 -0.291348
-1.527612 -149.376153 5775.726427 -5341.134366 -0.641067 -0.377113 0.668445 0.767327 -0.297253 0.568199 -0.015579 0.877169 0.479928
-12.719951 -158.953191 6433.626753 -8589.741329 -0.687704 -0.345929 0.638277 0.724954 -0.280219 0.629221 -0.038808 0.895439 0.443490
-8.759968 -140.080611 6015.277627 -8114.452560 -0.696205 -0.345021 0.629492 0.699307 -0.127983 0.703271 -0.162079 0.929828 0.330378
-6.575696 -179.515931 5351.670316 -15519.179268 -0.653657 -0.358670 0.666400 0.749253 -0.430679 0.503125 0.106549 0.828173 0.550251
2.254047 -172.595438 6567.758166 -13145.057044 -0.607176 -0.391873 0.691211 0.784393 -0.434388 0.442758 0.126749 0.811013 0.571132
986.724931 -6106.699567 305337.784140 -6309196.572903 0.856503 0.212779 -0.470242 0.062348 0.861747 0.503492 0.512363 -0.460561 0.724823
484.086328 -3679.093347 183493.043100 -174206.497965 0.822977 0.265180 -0.502382 0.011471 0.876422 0.481406 0.567958 -0.401949 0.718234
-9.893679 -3305.794104 33522.926317 1268378.325766 0.870743 0.278393 -0.405344 -0.322083 -0.299995 -0.897923 0.371577 -0.912415 0.171553
0.820332 -33.423429 821.613996 -4.808716 -0.195513 0.891905 0.407775 -0.423216 0.298357 -0.855495 0.884682 0.339837 -0.319136
-2.496418 -32.587432 3830.456715 -1184.218888 -0.220604 0.876336 0.428216 -0.414421 0.313217 -0.854489 0.882944 0.365965 -0.294075
1.109422 -35.150170 2199.689459 -1296.322316 -0.191421 0.876986 0.440741 -0.488011 0.304566 -0.817976 0.851588 0.371665 -0.369679
-2.191049 -29.683136 1862.683723 -801.400972 -0.213205 0.892870 0.396645 -0.348853 0.309645 -0.884546 0.912604 0.326960 -0.245462
7.889165 -36.080082 890.869503 -551.532855 -0.176071 0.899308 0.400306 -0.483971 0.275031 -0.830741 0.857188 0.340006 -0.386814
7.087062 -34.585928 416.756807 753.591458 -0.187469 0.911523 0.366034 -0.418214 0.263109 -0.869408 0.888793 0.316068 -0.331887
0.455494 -30.402629 -431.108440 177.660062 -0.195912 0.906370 0.374315 -0.357256 0.289509 -0.888005 0.913229 0.307697 -0.267088
-3.821807 -72.968722 2514.325227 -1375.482421 -0.920441 -0.279772 -0.272977 -0.323355 0.937358 0.129619 0.219614 0.207576 -0.953248
0.773063 -76.569424 -2807.382293 -2329.681298 0.917417 0.294809 0.267271 -0.339238 0.930515 0.138056 0.207999 0.217324 -0.953681
-1.815073 -76.481793 -2041.706687 -1179.799724 0.908307 0.309427 0.281486 -0.381911 0.887961 0.256261 0.170654 0.340266 -0.924714
-5.877901 -81.296321 -2443.650702 -2623.831882 0.901598 0.321870 0.289000 -0.414228 0.834913 0.362401 0.124644 0.446452 -0.886084
-7.559780 -74.196667 -2892.737760 -1136.466792 0.915712 0.291573 0.276508 -0.358967 0.902814 0.236790 0.180594 0.316089 -0.931383
-0.831312 -83.615742 -2289.493208 -2235.300530 0.898445 0.332922 0.286285 -0.423553 0.829002 0.365183 0.115753 0.449353 -0.885823
-5.116711 -33.839147 -2164.125387 4125.312628 0.106188 0.968650 0.224590 -0.077813 -0.217079 0.973048 -0.991297 0.120802 -0.052323
1.920963 -25.314342 -3777.062167 4738.132268 0.081360 0.972725 0.217223 -0.000444 -0.217910 0.975969 -0.996685 0.079501 0.017298
-6.341020 -25.737994 -2323.795350 3902.866731 0.101923 0.962976 0.249579 -0.006433 -0.250242 0.968162 -0.994772 0.100283 0.019311
-331.198665 -1773.437468 -4357.639500 3038115.365131 0.164155 0.928941 -0.331845 0.921519 -0.024393 0.387567 0.351932 -0.369423 -0.860041
5215.904561 -15936.940331 4446047.647795 -19289030.720415 0.182916 0.977908 -0.101182 -0.541114 0.014216 -0.840829 0.820815 -0.208552 -0.531760
185.427898 -1444.050340 308057.256048 551902.062458 0.289402 0.955842 0.051120 -0.852675 0.281698 -0.439990 0.434962 -0.083745 -0.896546
15.077124 -255.600119 -4324.386332 73138.484367 -0.191484 0.713693 -0.673778 0.787801 -0.297689 -0.539214 -0.585409 -0.634053 -0.505245
17.829329 -224.051542 -4755.837431 58211.953295 -0.137292 0.707716 -0.693029 0.801234 -0.332019 -0.497783 -0.582387 -0.623620 -0.521463
22.447006 -333.021612 -6152.285074 -91214.413767 -0.190660 0.693958 -0.694313 -0.578878 0.491743 0.650453 -0.792811 -0.525938 -0.307962
15.808590 -106.885901 -3547.185720 23456.489284 -0.191936 0.730424 -0.655470 0.885532 -0.159026 -0.436514 -0.423077 -0.664222 -0.616291
12.190627 -280.497191 -2013.392100 -72486.879739 -0.184588 0.725989 -0.662471 -0.733721 0.346674 0.584354 -0.653896 -0.593934 -0.468682
8.916264 -163.424378 -1651.252474 38441.963848 -0.220129 0.734537 -0.641871 0.875170 -0.141910 -0.462535 -0.430837 -0.663564 -0.611607
37.533662 -6.507541 7688.157393 -12353.734113 0.837199 -0.029223 0.546117 -0.376994 -0.754248 0.537574 -0.396198 0.655939 0.642472
42.969294 -15.765588 -1528.230012 5426.211867 0.825084 0.222937 0.519168 -0.175985 -0.771756 0.611083 -0.536904 0.595561 0.597530
47.386431 -11.679266 3399.170578 16672.307169 0.809914 -0.014544 0.586369 -0.365978 -0.793754 0.485813 -0.458367 0.608065 0.648195
68.652022 -61.558831 925.057148 -3923.840941 0.798836 0.601542 0.002929 -0.163282 0.212143 0.963501 -0.578965 0.770157 -0.267688
54.487360 -64.668138 7202.041484 -2075.248779 0.906598 0.415623 -0.073063 0.004828 0.162910 0.986629 -0.421969 0.894828 -0.145688
160.394849 -46.862260 65401.134182 2322.653556 0.899287 0.371131 0.231397 -0.225344 -0.060261 0.972414 -0.374838 0.926623 -0.029441
-52.974666 -78.350652 412.342762 5757.740860 -0.139115 0.964911 -0.222695 0.969021 0.178984 0.170183 -0.204070 0.192122 0.959919
-43.114194 -71.385585 1353.383170 226.312464 -0.271020 -0.941466 0.200475 0.945274 -0.221004 0.240032 -0.181676 0.254557 0.949839
-37.434596 -68.356875 1446.088576 1073.124261 -0.479279 -0.847374 0.228580 0.871634 -0.429087 0.236933 -0.102690 0.312795 0.944253
127.977709 -55.627211 -101366.317237 -17210.384555 0.678934 0.593760 -0.431853 -0.336805 0.774532 0.535409 0.652388 -0.218057 0.725838
62.680890 -36.719870 -77297.749249 -1064.487634 0.710265 0.395469 -0.582347 -0.141753 0.890680 0.431966 0.689514 -0.224260 0.688678
3480.797605 -8362.098566 -1586934.615978 3642393.246997 -0.357360 -0.894181 0.269693 0.926471 -0.302879 0.223421 -0.118094 0.329705 0.936669
134.632108 -982.286181 -54429.648944 428477.876957 -0.387147 -0.855683 0.343400 0.862991 -0.205172 0.461684 -0.324599 0.475090 0.817878
92.190808 -458.841584 52727.375832 -134385.754672 0.529951 0.822639 -0.205954 0.370840 -0.006398 0.928675 -0.762647 0.568527 0.308458
188.775004 -967.698372 1391.331198 -580473.938234 0.419934 0.906882 -0.034949 -0.045758 0.059617 0.997172 -0.906401 0.417147 -0.066532
123.590272 -272.931988 -57554.360138 -185887.364993 0.006776 0.999615 0.026906 0.089880 -0.027406 0.995575 -0.995930 0.004327 0.090031
-13.604188 -422.010696 -17318.811887 256019.787631 0.780118 0.602835 -0.167350 0.021505 -0.293170 -0.955818 0.625263 -0.742052 0.241672
8.909245 -240.984487 -21086.584321 141797.210444 0.819499 0.569350 -0.065279 0.181171 -0.365453 -0.913028 0.543689 -0.736399 0.402639
-10.332592 -845.438511 -44179.934197 800982.653385 0.798025 0.600919 -0.045303 -0.057486 0.001078 -0.998346 0.599876 -0.799309 -0.035405
-57.727608 -502.349743 21947.292690 -201404.334420 0.514302 0.857482 -0.014767 0.783211 -0.476631 -0.399255 0.349392 -0.193772 0.916721
-10.468868 -70.175854 -7439.371717 3411.301401 -0.055990 -0.186366 0.980884 0.319824 0.927310 0.194443 -0.945821 0.324597 0.007684
1.930015 -37.205029 -1957.300490 1456.045193 0.153579 0.984321 0.086746 0.975348 -0.136929 -0.173049 0.158458 -0.111184 0.981086
-5.315788 -37.085878 -2517.158800 1082.121351 0.126920 0.988006 0.087953 0.961083 -0.100556 -0.257308 0.245378 -0.117188 0.962318
-4.274756 -34.127909 -2434.578500 403.430761 0.047197 0.991920 0.117755 0.931175 -0.001027 -0.364572 0.361505 -0.126857 0.923700
-4.502754 -51.184306 -79.113362 284.735889 0.012968 0.999906 -0.004456 -0.817515 0.013168 0.575756 -0.575761 0.003823 -0.817609
-5.324153 -52.819177 71.848730 765.788682 -0.016862 0.999607 0.022389 -0.871161 -0.025678 0.490325 -0.490707 0.011237 -0.871252
-2.830075 -53.989625 1029.993915 1116.081722 -0.037651 0.997844 0.053760 -0.844834 -0.060518 0.531595 -0.533702 0.025403 -0.845291
19.878332 -82.773704 476.564871 3939.327063 -0.102503 0.994641 -0.013477 0.969125 0.096801 -0.226775 0.224255 0.036306 0.973854
22.155477 -77.389174 1647.627015 2139.753242 -0.067159 0.997460 0.023717 0.956392 0.071130 -0.283291 0.284259 -0.003657 0.958741
17.464310 -87.930496 314.605888 -6152.286765 -0.096108 0.993044 -0.068015 0.954466 0.072556 -0.289363 0.282415 0.092728 0.954800
18.943308 -88.584950 -167.199086 14876.500444 -0.102082 0.992907 0.060959 0.975583 0.111903 -0.188986 0.194467 -0.040179 0.980086
17.212204 -98.983835 -332.341074 15009.136990 -0.146609 0.989156 0.008772 0.983590 0.146715 -0.105004 0.105152 0.006767 0.994433
16.651203 -92.593233 951.918489 7474.976359 -0.143623 0.987222 -0.069023 0.973499 0.128396 -0.189247 0.177966 0.094374 0.979501
-4.169832 -118.798999 -256.144076 -3215.189238 -0.094356 0.995212 0.025504 -0.186841 -0.042866 0.981454 -0.977848 -0.087841 -0.189991
-4.565475 -116.896753 37.646034 -3315.817576 -0.069184 0.997604 0.000032 -0.186887 -0.012992 0.982295 -0.979942 -0.067953 -0.187338
-1.988443 -115.770991 959.282257 -3615.033403 -0.042426 0.998665 -0.029469 -0.180755 0.021337 0.983297 -0.982613 -0.047045 -0.179608
-0.303540 -108.228619 774.681684 -9640.719209 -0.041271 0.998758 -0.027914 -0.474499 0.004994 0.880242 -0.879288 -0.049574 -0.473704
-2.490270 -109.736184 -109.120788 -10487.281625 -0.070647 0.997484 -0.005849 -0.482423 -0.029034 0.875457 -0.873085 -0.064670 -0.483260
170.770693 -57.095706 -27631.729791 4316.873458 -0.054121 0.901950 -0.428437 -0.354994 0.383655 0.852519 -0.933301 -0.198231 -0.299423
76.583607 -70.960491 -54349.252303 9845.690629 -0.422105 0.730937 -0.536245 -0.299440 0.445908 0.843506 -0.855665 -0.516621 -0.030652
1227.927137 -42.625993 305697.857808 157.379622 0.300530 0.945199 0.127599 -0.816134 0.324080 -0.478431 0.493565 -0.039645 -0.868805
171.146615 -39.238630 41354.128706 3570.499700 0.215269 0.938157 0.271147 -0.837085 0.320266 -0.443529 0.502939 0.131495 -0.854261
-11.055869 -104.206977 2025.274108 6225.961408 -0.514918 -0.650517 0.558289 0.831266 -0.538007 0.139805 0.209418 0.536075 0.817782
-13.358239 -96.532298 1182.031229 4867.843950 -0.526975 -0.632082 0.568128 0.771500 -0.636182 0.007819 0.356490 0.442431 0.822903
69.142387 -43.221757 -7573.279104 2944.232171 0.609571 0.791800 -0.038428 -0.306511 0.190710 -0.932567 0.731077 -0.580244 -0.358947
64.262519 -47.952828 9521.623829 1709.070173 0.384844 0.916539 0.108867 -0.109077 0.162288 -0.980696 0.916514 -0.365540 -0.162429
89.615647 -46.804530 12944.064760 318.339490 0.371173 0.924001 0.091939 -0.280647 0.206012 -0.937441 0.885137 -0.322150 -0.335784
-2.642615 -106.606278 619.328466 -4957.100358 -0.705244 -0.183872 0.684706 0.170613 0.893383 0.415642 -0.688129 0.409949 -0.598682
-2.672043 -97.549035 40.749718 -2906.778156 -0.708793 -0.152755 0.688678 0.114646 0.938348 0.326129 -0.696038 0.310112 -0.647582
-2.260388 -94.084180 -647.534361 -1040.615947 -0.716127 -0.142292 0.683312 0.146797 0.926396 0.346759 -0.682359 0.348631 -0.642529
21.276333 -96.732689 -2046.412450 737.855872 0.091559 -0.404091 0.910125 0.896967 -0.363501 -0.251629 0.432513 0.839391 0.329174
9.568247 -90.918727 -5644.110796 8867.501643 0.111923 -0.393560 0.912460 0.760947 -0.556596 -0.333408 0.639088 0.731649 0.237183
7.274347 -148.826305 -1924.721315 -14031.249579 -0.778459 -0.046785 0.625950 -0.096500 0.994283 -0.045696 -0.620234 -0.095977 -0.778523
75.863950 16.660692 10410.065221 11074.949600 -0.021902 0.712143 -0.701693 0.979597 -0.124962 -0.157400 -0.199776 -0.690824 -0.694876
