18686
37362
-41.047529 -58.458415 254.097414 7038.215648 -0.272483 0.959409 -0.072712 0.755912 0.166706 -0.633092 0.595273 0.227470 0.770654
-46.589970 -68.991780 1124.945260 4940.867675 -0.339645 0.938288 -0.065241 0.806401 0.254797 -0.533662 0.484106 0.233866 0.843177
-47.389670 -80.217032 -964.533246 13474.783500 -0.598305 0.765780 0.235821 0.592845 0.621063 -0.512655 0.539041 0.166919 0.825574
-37.802294 -58.275444 1336.346795 4129.713099 -0.048636 0.937530 -0.344488 0.841236 -0.147489 -0.520163 0.538476 0.315095 0.781510
-36.542997 -67.702941 -5479.879924 14938.402054 -0.485679 0.836305 0.254383 0.574530 0.524724 -0.628156 0.658811 0.158932 0.735329
-36.015945 -48.395270 559.542206 6914.594179 -0.099911 0.976727 -0.189793 0.725568 -0.059006 -0.685616 0.680859 0.206208 0.702787
-31.610758 -49.540054 2251.411346 3396.332574 0.118919 0.883002 -0.454056 0.761079 -0.374753 -0.529451 0.637665 0.282611 0.716599
-6.478152 -16.565337 -4866.126323 -3118.452874 0.300457 0.680103 -0.668719 -0.373304 0.729035 0.573718 0.877707 0.077258 0.472929
-6.680230 -21.281004 4980.035092 -15393.650897 0.449045 -0.511117 -0.732883 0.218740 0.858156 -0.464458 0.866320 0.048252 0.497152
-17.488133 -27.846314 7213.005997 -10500.699008 0.390815 -0.682125 -0.618036 0.268000 0.726670 -0.632555 0.880590 0.081578 0.466804
-16.817367 -22.628806 -8848.372305 5692.712672 0.299998 0.719651 -0.626182 0.421923 -0.688819 -0.589499 0.855560 0.087353 0.510281
-29.344193 -33.272840 2266.914078 -6437.581855 0.505306 -0.286746 -0.813906 0.019549 0.946739 -0.321407 0.862719 0.146498 0.483999
4.652917 -26.597865 292.851060 -739.592676 0.075963 -0.883359 0.462500 0.993002 0.024957 -0.115427 0.090420 0.468032 0.879074
3.160840 -25.930095 118.186312 -702.956852 0.157364 -0.876433 0.455084 0.986848 0.122302 -0.105704 0.036985 0.465732 0.884152
4.431063 -30.208950 -460.606143 -1333.868496 0.111508 -0.873464 0.473948 0.988797 0.049899 -0.140678 0.099228 0.484325 0.869243
6.638101 -30.460501 -110.088035 -1911.512893 0.007485 -0.879631 0.475597 0.988543 -0.065193 -0.136135 0.150755 0.471167 0.869065
-11.151640 -38.267572 -1742.827472 -2200.939021 -0.771114 -0.407947 -0.488837 -0.523273 0.843452 0.121553 0.362724 0.349526 -0.863865
-8.160420 -35.433605 -1367.314489 -1577.058975 -0.677888 -0.550514 -0.487239 -0.624613 0.780823 -0.013209 0.387719 0.295381 -0.873169
-15.158219 -38.461904 1621.483295 2275.739716 0.663961 0.564517 0.490384 0.665174 -0.745481 -0.042442 0.341613 0.354371 -0.870472
-5.497299 -36.799003 -783.174168 -1098.428222 -0.813481 -0.337629 -0.473557 -0.443759 0.886645 0.130149 0.375935 0.316019 -0.871094
-16.452385 -40.219562 2310.233850 -2554.818323 0.784510 0.383789 0.487083 -0.526036 0.827807 0.194993 0.328375 0.409197 -0.851309
-9.775816 -41.322348 1448.607731 -1730.055390 0.851972 0.243449 0.463548 -0.390531 0.885174 0.252889 0.348755 0.396484 -0.849218
10.739566 -42.018101 1219.842893 1282.749071 -0.041402 0.969785 -0.240422 0.458947 -0.195282 -0.866737 0.887499 0.146225 0.436995
11.456726 -42.582453 -1753.452640 1500.511626 -0.008068 0.978648 -0.205383 0.420141 -0.183064 -0.888802 0.907423 0.093461 0.409693
12.624563 -44.240953 -1375.240315 1602.316194 0.006985 0.970201 -0.242200 0.505219 -0.212444 -0.836434 0.862963 0.116521 0.491648
11.078219 -43.844526 1051.997194 1946.779561 -0.019095 0.965017 -0.261490 0.532625 -0.211519 -0.819494 0.846136 0.154924 0.509953
6.458487 -44.686498 2609.319261 2066.332536 -0.055556 0.960350 -0.273206 0.534998 -0.202400 -0.820251 0.843025 0.191734 0.502541
7.641322 -40.052262 3135.005288 592.874028 -0.073663 0.964203 -0.254729 0.459564 -0.193868 -0.866728 0.885085 0.180910 0.428832
10.065064 -39.512060 3231.578155 86.583089 -0.087359 0.970473 -0.224833 0.394437 -0.173553 -0.902385 0.914761 0.167514 0.367629
18.624357 -38.157747 5779.586798 2105.983286 -0.359346 0.896868 0.257871 -0.695259 -0.072975 -0.715045 0.622483 0.436236 -0.649779
16.145102 -33.652864 3638.576138 1285.453294 -0.331796 0.904198 0.268956 -0.748709 -0.078962 -0.658179 0.573887 0.419751 -0.703180
25.845412 -38.197130 5138.867894 1559.196299 -0.298716 0.914221 0.273804 -0.728667 -0.033214 -0.684063 0.616290 0.403853 -0.676084
7.710526 -34.941661 3685.827514 2132.222489 -0.379847 0.888578 0.257189 -0.721955 -0.110936 -0.682989 0.578357 0.445110 -0.683652
-4.045292 -61.067628 1375.751202 97.501709 0.096004 0.849947 -0.518048 0.991771 -0.037393 0.122444 0.084699 -0.525540 -0.846542
-2.705851 -63.458547 529.070009 1151.775691 0.098720 0.843673 -0.527703 0.995074 -0.088548 0.044585 -0.009112 -0.529505 -0.848258
-2.185266 -62.011423 1198.549333 250.791473 0.074981 0.857093 -0.509676 0.992790 -0.016228 0.118765 0.093522 -0.514906 -0.852130
-4.874860 -61.693106 1100.036647 -470.330739 0.089919 0.849346 -0.520122 0.980110 0.017304 0.197700 0.176916 -0.527553 -0.830896
-3.397372 -61.114081 931.635058 250.586080 0.072589 0.853367 -0.516233 0.967510 0.065438 0.244219 0.242190 -0.517188 -0.820890
-1.924666 -60.818926 115.341848 360.324969 0.061680 0.851981 -0.519928 0.968514 0.074794 0.237457 0.241196 -0.518204 -0.820542
-1.042567 -63.738142 -28.334636 1369.382661 0.061742 0.853383 -0.517615 0.998086 -0.054681 0.028901 -0.003640 -0.518409 -0.855125
-1.399175 -62.326091 -81.843027 162.982300 0.060011 0.851140 -0.521496 0.992634 0.004199 0.121081 0.105247 -0.524921 -0.844619
51.428961 -102.314179 -4330.677149 4944.449646 -0.053710 0.996683 0.061147 -0.850950 -0.013644 -0.525070 0.522494 0.080235 -0.848860
59.842957 -89.033405 -6292.556226 10534.660580 -0.072382 0.997225 0.017408 -0.928239 -0.060969 -0.366953 0.364874 0.042720 -0.930077
53.596887 -95.889218 -2498.540415 9166.517124 -0.061277 0.997398 -0.037971 -0.874896 -0.071984 -0.478932 0.480419 -0.003874 -0.877030
46.990204 -99.081647 -1962.570551 -1951.757925 -0.044536 0.999007 -0.001106 -0.737342 -0.033618 -0.674682 0.674050 0.029232 -0.738107
49.024665 -93.326096 2449.254486 105.602549 -0.035697 0.995593 -0.086717 -0.765524 -0.083020 -0.638028 0.642416 -0.043608 -0.765114
1.400779 -128.588220 -2492.072864 -4306.926815 -0.109282 0.988491 0.104609 -0.315030 -0.134257 0.939538 -0.942769 -0.069719 -0.326076
3.130174 -136.644601 -1207.046920 -4905.826156 -0.096708 0.986903 0.129110 -0.256735 -0.150063 0.954761 -0.961631 -0.059186 -0.267885
1.887702 -132.418786 -1868.568310 -1604.036123 -0.106238 0.984975 0.136150 -0.066561 -0.143663 0.987386 -0.992110 -0.095835 -0.080824
-1.174089 -127.699487 -852.125022 -1854.178898 -0.091698 0.987979 0.124454 -0.112167 -0.134434 0.984554 -0.989449 -0.076322 -0.123146
6.361325 -98.200146 -3372.265260 5704.766563 -0.076231 0.981546 0.175374 0.573748 -0.100668 0.812822 -0.815476 -0.162583 0.555486
4.214028 -111.541884 -2615.869748 10841.050629 -0.083606 0.978954 0.186170 0.528200 -0.114884 0.841312 -0.844994 -0.168674 0.507479
8.124367 -112.894502 -3213.820934 12122.841143 -0.079830 0.983157 0.164403 0.453977 -0.110973 0.884076 -0.887430 -0.145212 0.437472
10.105675 -101.721137 -4017.925400 2072.724746 -0.071254 0.980469 0.183310 0.577349 -0.109321 0.809146 -0.813383 -0.163489 0.558283
13.391244 -110.325512 -1903.068235 3918.233032 -0.042176 0.988442 0.145612 0.539732 -0.100105 0.835864 -0.840780 -0.113844 0.529272
20.423259 -6.913137 4837.676852 -1305.125335 -0.960480 -0.169113 0.221085 -0.100333 0.951224 0.291729 -0.259637 0.258017 -0.930600
19.883749 -5.541774 5843.727838 -387.589286 -0.951964 -0.218608 0.214416 -0.148423 0.941895 0.301338 -0.267833 0.255039 -0.929097
29.133340 -5.314339 -5590.056564 -519.862432 0.957069 0.241796 -0.159855 -0.184846 0.933927 0.305960 -0.223273 0.263276 -0.938528
25.010133 -7.460940 -4315.196700 -1565.876820 0.964555 0.189569 -0.183567 -0.128353 0.944849 0.301308 -0.230561 0.267067 -0.935690
30.723583 -5.519179 -2992.744118 -1195.444323 0.960043 0.265467 -0.088570 -0.226089 0.922255 0.313577 -0.164929 0.281022 -0.945423
34.584003 -3.887181 -2370.190384 -592.277437 0.954541 0.294242 -0.047690 -0.266082 0.913210 0.308622 -0.134360 0.281902 -0.949989
213.416148 -18.978802 46094.962290 -2176.537550 0.883570 0.219929 0.413443 0.394988 0.124284 -0.910241 0.251573 -0.967566 -0.022944
193.012749 -15.616371 -31966.226399 -3291.938183 0.890887 -0.283048 0.355251 0.397118 0.105703 -0.911660 -0.220493 -0.953263 -0.206573
233.464515 -15.805526 -9547.073186 6330.446877 0.894119 -0.155641 0.419914 0.438748 0.116569 -0.891017 -0.089730 -0.980912 -0.172514
315.744660 -23.431576 37129.893695 8054.671157 0.893297 0.005285 0.449436 0.448586 0.052107 -0.892220 0.028134 -0.998628 -0.044177
290.786344 -22.348728 75660.584350 6838.193889 0.855556 0.276608 0.437620 0.412375 0.146950 -0.899084 0.313002 -0.949681 -0.011658
-41.099324 -64.146891 2483.498892 -852.730661 0.449494 0.378866 -0.808959 -0.176274 0.925415 0.335461 0.875718 -0.008189 0.482753
-47.326350 -70.290392 3249.728068 -892.995106 0.542453 0.200361 -0.815843 0.006098 0.970178 0.242318 0.840064 -0.136421 0.525054
-38.831943 -62.503275 3865.986027 -49.411928 0.447155 0.069272 -0.891770 0.098189 0.987170 0.125917 0.889051 -0.143867 0.434616
-18.009330 -78.646868 -327.804347 880.276152 0.068331 0.960002 0.271526 -0.949852 0.145843 -0.276605 0.305141 0.239009 -0.921826
-17.599317 -79.243875 148.462141 -46.417154 0.074853 0.964912 0.251677 -0.961002 0.137179 -0.240117 0.266217 0.223889 -0.937551
-17.589944 -77.597862 45.847364 2481.674092 0.062890 0.960207 0.272115 0.985188 -0.103312 0.136861 0.159527 0.259478 -0.952482
-16.825538 -76.127533 -89.929297 651.274819 0.046447 0.951856 0.303006 0.973823 -0.110715 0.198523 0.222512 0.285853 -0.932082
-15.814410 -76.800660 593.629671 3234.079237 0.039064 0.946555 0.320167 0.993021 -0.072457 0.093053 0.111278 0.314298 -0.942780
-7.935837 -49.057547 3500.346955 4871.740722 0.167562 0.889061 -0.426021 0.892956 -0.320000 -0.316590 0.417795 0.327369 0.847512
-5.874397 -53.756553 -3175.935194 211.566827 -0.167338 -0.895445 0.412524 0.956014 -0.249620 -0.154037 0.240906 0.368603 0.897829
-11.685149 -53.036747 3656.654067 4536.648108 0.147471 0.898146 -0.414230 0.910038 -0.287257 -0.298855 0.387406 0.332893 0.859709
8.079857 -197.418510 1158.735135 -20368.625191 0.783780 -0.073242 0.616705 0.093302 0.995638 -0.000334 -0.613990 0.057802 0.787194
8.504311 -187.285237 -1372.112025 -24405.004437 0.769296 -0.067039 0.635366 0.165609 0.981413 -0.096966 -0.617055 0.179817 0.766099
6.424206 -280.442832 2058.316108 -51988.191493 0.761858 -0.147050 0.630832 0.362206 0.904113 -0.226685 -0.537010 0.401193 0.742068
9.197869 -159.498554 -1892.360058 -6717.483636 0.778003 -0.020295 0.627933 -0.010580 0.998913 0.045394 -0.628171 -0.041960 0.776943
5.007326 -152.623372 3516.597282 -9369.079491 0.822683 -0.019532 0.568164 -0.032281 0.996192 0.080989 -0.567583 -0.084969 0.818920
8.028526 -165.823295 -228.177494 -1377.177350 0.791970 0.000216 0.610560 -0.134952 0.975329 0.174704 -0.595459 -0.220756 0.772460
-4.520889 -111.395564 428.814022 -1186.566632 0.892468 -0.232023 0.386868 0.153343 -0.650488 -0.743876 -0.424249 -0.723208 0.544961
-4.176387 -112.789087 682.095960 -1032.057464 0.900854 -0.276380 0.334779 -0.001308 -0.772887 -0.634543 -0.434121 -0.571192 0.696619
-5.898625 -105.927202 -20.498430 -2593.120181 0.894905 -0.271564 0.354117 0.017661 -0.771352 -0.636164 -0.445908 -0.575560 0.685490
-4.826258 -110.504290 293.004174 -4164.087536 0.889655 -0.221683 0.399211 0.175050 -0.641891 -0.746548 -0.421747 -0.734052 0.532256
-12.820384 -21.641213 -499.404927 3320.482848 0.240675 -0.324721 -0.914676 -0.024202 0.940075 -0.340106 0.970304 0.103992 0.218393
-13.634909 -20.143247 290.225321 3565.398039 0.244979 -0.031405 -0.969020 -0.115188 0.991453 -0.061252 0.962661 0.126625 0.239267
-11.259714 -27.966941 775.595062 3089.916600 0.259042 -0.205655 -0.943718 -0.015045 0.976091 -0.216840 0.965749 0.070369 0.249755
-12.318120 -14.387165 4514.183640 -396.594070 -0.053773 0.905914 -0.420035 0.251947 -0.394725 -0.883581 0.966246 0.153339 0.207017
-10.914148 -28.678525 -577.309809 2730.834714 0.238934 -0.319204 -0.917071 0.025408 0.946157 -0.322708 0.970703 0.053805 0.234180
0.045212 -63.305916 4561.245264 -3119.924063 -0.928531 -0.019084 -0.370763 -0.048143 0.996435 0.069280 0.368119 0.082178 -0.926140
-9.801310 -67.430564 3047.844340 -819.034686 -0.927285 0.072369 -0.367294 -0.022331 0.968696 0.247243 0.373689 0.237466 -0.896642
-5.514768 -64.832584 3743.761165 -3756.123837 -0.924062 0.072746 -0.375257 0.039943 0.994726 0.094475 0.380150 0.072311 -0.922094
7.323580 -58.484509 4925.666938 -3433.978593 -0.925659 -0.040939 -0.376137 -0.013298 0.997035 -0.075792 0.378125 -0.065156 -0.923459
8.309027 -58.557737 3191.831818 -2942.509215 -0.910459 -0.127603 -0.393423 -0.128660 0.991403 -0.023807 0.393079 0.028942 -0.919049
5.442837 -341.619639 260.241727 -67965.111493 0.690829 -0.155223 0.706159 -0.675878 0.208246 0.706981 0.256795 0.965681 -0.038951
4.709210 -281.739500 -780.040149 -42565.473920 0.668958 -0.151837 0.727627 -0.559415 0.541738 0.627356 0.489439 0.826720 -0.277460
2.787403 -259.612258 1018.309713 -37752.549528 0.686536 -0.162086 0.708799 -0.573699 0.478141 0.665019 0.446696 0.863197 -0.235272
-1479.892464 -3462.412875 539373.260354 96239.618299 -0.241156 0.341229 -0.908519 -0.287062 0.869177 0.402650 0.927059 0.357903 -0.111653
-860.252467 -66100.579526 -260966.910692 66950743.826681 0.504734 -0.513381 0.694034 0.857961 0.209251 -0.469166 0.095634 0.832258 0.546077
-191.190611 -6592.285934 -437018.266513 14556935.383144 -0.249114 0.199674 -0.947667 0.037500 0.979770 0.196580 0.967748 0.013433 -0.251562
-16.174892 -60.051122 -284.461501 -5370.045273 0.991692 -0.128213 0.010410 0.064243 0.563761 0.823435 0.111444 0.815926 -0.567315
-16.814710 -57.888071 141.305527 -5080.744746 0.984211 -0.155453 -0.084632 0.159618 0.572903 0.803931 0.076487 0.804746 -0.588670
-12.772807 -74.041944 -21.823130 -8054.604538 0.988304 -0.146866 -0.041054 0.106374 0.471036 0.875677 0.109269 0.869802 -0.481150
-6.690650 -89.607693 961.439715 -9154.288818 0.988053 -0.154103 0.001875 0.050793 0.337106 0.940096 0.145504 0.928769 -0.340905
-12.130723 -74.743548 601.027859 -7531.947066 0.989646 -0.131486 0.057547 0.012065 0.475740 0.879503 0.143020 0.869703 -0.472400
6.721424 -35.353073 7705.812647 -2398.074138 -0.133488 0.960364 -0.244710 0.041792 -0.241245 -0.969564 0.990169 0.139652 0.007932
18.391593 -30.960011 8119.690254 -2750.790016 -0.101338 0.957434 -0.270278 0.101993 -0.260247 -0.960140 0.989610 0.124865 0.071278
2.160433 -28.830569 7127.499715 -3118.488690 -0.127265 0.954276 -0.270483 0.121863 -0.255591 -0.959074 0.984354 0.155019 0.083763
22.114885 -38.688279 7578.561175 -1927.255225 -0.086265 0.974079 -0.209114 0.009529 -0.209080 -0.977852 0.996227 0.086347 -0.008755
6.325295 -39.247219 8713.054407 -1096.236257 -0.133346 0.968963 -0.208158 -0.065359 -0.218174 -0.973719 0.988912 0.116236 -0.092423
56.393434 19.629367 -24412.319925 246.468217 -0.852998 -0.167886 -0.494175 -0.229791 0.970946 0.066785 0.468605 0.170525 -0.866794
60.199348 21.438654 -25429.124273 887.732905 -0.833254 -0.275391 -0.479424 -0.298879 0.953867 -0.028461 0.465145 0.119575 -0.877122
62.721597 19.880624 -4020.140374 2429.126875 -0.931504 -0.251300 -0.262961 -0.273853 0.960347 0.052326 0.239384 0.120755 -0.963387
91.532540 -44.921775 -30558.739901 -1268.716805 0.960284 -0.246916 0.129950 0.272026 0.724815 -0.632966 -0.062100 -0.643177 -0.763196
85.243411 -47.082305 14614.221495 -2340.561394 0.910927 0.039213 0.410700 0.255516 0.727954 -0.636235 0.323920 -0.684504 -0.653093
71.748972 -43.115216 -15463.347097 184.977372 0.968092 -0.149980 0.200756 0.238807 0.794953 -0.557693 0.075948 -0.587840 -0.805404
65.149128 -44.636547 19062.857281 981.250849 0.873516 0.100936 0.476217 0.212175 0.801511 -0.559072 0.438124 -0.589399 -0.678716
-1.783828 -58.961997 1398.828446 -1008.685720 0.203538 0.893652 -0.399947 -0.404301 -0.295325 -0.865635 0.891691 -0.337889 -0.301195
-1.698370 -57.220614 959.579958 -1565.162831 0.207186 0.891178 -0.403578 -0.515552 -0.251137 -0.819229 0.831432 -0.377799 -0.407417
-0.539453 -58.200730 860.523170 -1944.346590 0.215118 0.897924 -0.384000 -0.408762 -0.274317 -0.870439 0.886926 -0.344212 -0.308027
0.228148 -56.525285 1139.434004 233.376616 0.215300 0.901167 -0.376223 -0.343338 -0.290809 -0.893056 0.914202 -0.321446 -0.246793
2.749505 -70.382811 -131.329977 4182.354427 0.003828 0.949455 0.313881 0.625798 -0.247098 0.739810 -0.779975 -0.193594 0.595113
5.291808 -75.384786 845.921854 2466.667431 0.002319 0.953804 0.300420 0.559464 -0.250242 0.790177 -0.828852 -0.166242 0.534199
4.709107 -77.863922 170.684237 3974.557248 0.019104 0.945461 0.325174 0.500472 -0.290598 0.815525 -0.865542 -0.147161 0.478728
19.718953 -134.163644 2783.715966 -1587.565613 0.090362 0.994855 0.045808 0.027000 0.043532 -0.998687 0.995543 -0.091481 0.022928
13.321076 -124.162170 4146.303225 7015.058188 0.047551 0.998018 0.041217 -0.150769 0.047962 -0.987405 0.987425 -0.040738 -0.152751
15.475049 -131.064840 1734.032291 7362.341770 0.111740 0.991079 0.072637 -0.296435 0.103010 -0.949482 0.948494 -0.084563 -0.305301
17.181980 -130.086431 945.434992 1711.743489 0.134990 0.987523 0.081099 -0.132394 0.099090 -0.986232 0.981962 -0.122394 -0.144118
-484.446425 -12882.304257 26882.021255 5179581.892989 0.045937 -0.072345 -0.996321 -0.528460 0.844622 -0.085696 0.847714 0.530453 0.000568
-64.179776 -1109.940354 8643.656755 371609.284762 -0.006272 -0.010659 -0.999924 -0.136521 0.990590 -0.009704 0.990617 0.136449 -0.007669
-36.670583 -873.982509 13490.027837 316926.302884 -0.073631 0.076875 -0.994318 -0.684618 0.721087 0.106448 0.725173 0.688566 -0.000465
-44.719606 -294.148293 -8770.318314 76240.479398 0.126320 -0.151234 -0.980393 0.913001 -0.368745 0.174519 -0.387909 -0.917145 0.091497
-38.883612 -223.109432 10021.285422 12405.448249 -0.077951 0.200685 0.976550 -0.573946 0.791892 -0.208551 -0.815175 -0.576743 0.053454
-70.670632 -290.363964 -15067.578802 65049.373175 0.200565 -0.165751 -0.965557 0.807583 -0.529971 0.258728 -0.554602 -0.831659 0.027564
-85.643363 -328.705621 -19715.561630 88213.254944 0.156741 -0.062569 -0.985656 0.970528 -0.175210 0.165457 -0.183049 -0.982541 0.033263
-122.643989 -378.245842 -23380.844218 103985.050926 0.309039 -0.039567 -0.950226 0.877867 -0.372476 0.301016 -0.365847 -0.927198 -0.080375
8.610313 -45.069820 2400.305609 2236.903910 0.198561 0.838414 -0.507578 0.939418 -0.015169 0.342437 0.279405 -0.544823 -0.790633
11.681893 -44.519483 3083.442153 4403.117996 0.167714 0.836261 -0.522052 0.962195 -0.023581 0.271340 0.214601 -0.547824 -0.808601
16.428645 -46.033765 3045.796127 2427.156872 0.121320 0.815111 -0.566459 0.960260 0.048134 0.274925 0.251360 -0.577302 -0.776879
8.114637 -43.486939 1784.681278 5671.085966 0.216510 0.846084 -0.487099 0.940985 -0.047909 0.335040 0.260135 -0.530893 -0.806525
9.263131 -43.821571 1775.297443 -2048.690236 0.186909 0.825511 -0.532538 0.940982 0.005259 0.338416 0.282166 -0.564362 -0.775808
6.173716 -45.701488 556.414592 -199.149822 0.242438 0.842770 -0.480585 0.924005 -0.049597 0.379151 0.295701 -0.535984 -0.790748
-32.564773 -52.094761 1515.458124 -3110.841747 0.111003 -0.272930 0.955609 -0.147337 0.946406 0.287416 -0.982838 -0.172701 0.064841
-35.429429 -54.834574 1403.035073 -2137.018325 0.143317 -0.279410 0.949416 -0.050462 0.956008 0.288968 -0.988390 -0.089324 0.122912
-35.206862 -57.553440 281.557270 -2415.403275 0.053861 -0.124254 0.990787 -0.066715 0.989563 0.127728 -0.996317 -0.072980 0.045009
-50.412097 -55.407736 -1024.501836 -2627.286064 -0.522315 0.023407 0.852431 0.059167 0.998209 0.008844 -0.850698 0.055055 -0.522764
-45.517685 -50.833185 -4998.813588 -844.498180 -0.311016 0.837651 0.449011 -0.375158 -0.542280 0.751790 -0.873227 -0.065368 -0.482909
-49.002206 -56.052151 236.344568 -1861.234740 -0.439455 -0.085112 0.894223 0.019311 0.994376 0.104135 -0.898057 0.063031 -0.435340
-47.497852 -52.423104 -2925.798888 -327.833327 -0.511177 0.482479 0.711275 0.288366 0.875877 -0.386891 -0.809656 0.007338 -0.586858
9.381839 -9.422657 2878.792976 -1267.103267 -0.345380 -0.905061 0.248149 0.922450 -0.278766 0.267162 -0.172622 0.321177 0.931153
4.755001 -9.490544 3156.715658 -1179.918204 -0.281997 -0.929556 0.237494 0.940101 -0.218301 0.261830 -0.191541 0.297104 0.935437
12.227646 -5.329646 1698.927155 -1752.877704 -0.439199 -0.868990 0.227949 0.877624 -0.360769 0.315628 -0.192041 0.338678 0.921096
14.141305 -7.859495 1567.228353 -1810.572887 -0.413410 -0.874534 0.253539 0.894745 -0.338524 0.291261 -0.168889 0.347263 0.922434
77.706428 -59.208515 11269.708790 4097.434822 0.632917 0.729061 0.260550 0.387170 -0.589477 0.708954 -0.670459 0.347832 0.655361
72.726545 -70.652244 15415.076807 7651.376584 0.705221 0.653916 0.273964 0.260962 -0.598701 0.757269 -0.659213 0.462548 0.592864
54.134912 -53.354317 12505.394297 7761.563502 0.742584 0.650204 0.160639 0.364602 -0.593643 0.717394 -0.561814 0.474155 0.677895
65.550136 -42.306641 10981.038362 3311.503945 0.665844 0.736752 0.117678 0.491623 -0.551896 0.673585 -0.561211 0.390650 0.729681
46.479824 -34.174266 6545.649898 2914.023956 0.733903 0.676043 0.065965 0.457160 -0.563433 0.688149 -0.502385 0.474878 0.722565
34.122333 -70.849113 5742.969128 15469.192731 0.782786 0.615204 0.093647 0.342833 -0.551932 0.760156 -0.519338 0.562934 0.642957
41.277638 -44.076669 4054.827504 10320.555201 0.758038 0.648176 0.072427 0.418985 -0.569062 0.707545 -0.499829 0.506000 0.702947
33.238797 -43.951802 1373.094870 1164.281525 0.103249 0.919645 0.378936 0.972015 -0.012468 -0.234587 -0.211013 0.392553 -0.895196
29.894465 -46.774936 -4399.167257 1193.779451 0.079005 0.956541 0.280693 0.973872 -0.013921 -0.226671 -0.212912 0.291267 -0.932648
34.721857 -42.473407 229.310443 1521.487880 0.059439 0.929546 0.363883 0.991674 -0.013271 -0.128086 -0.114233 0.368466 -0.922596
32.043667 -41.151016 6064.937612 937.592509 0.092346 0.885545 0.455283 0.984762 -0.013554 -0.173377 -0.147362 0.464356 -0.873303
29.299265 -38.166133 6390.847467 1997.389748 0.071647 0.882336 0.465134 0.995093 -0.031330 -0.093848 -0.068232 0.469576 -0.880252
33.076801 -37.486425 3174.196258 1956.385958 0.025079 0.911871 0.409711 0.999182 -0.009853 -0.039232 -0.031737 0.410360 -0.911371
35.174356 -39.103140 -4188.094958 1808.915388 0.017856 0.952168 0.305053 0.999691 -0.011724 -0.021921 -0.017296 0.305350 -0.952083
-3.925414 -70.372211 -1980.302053 -8199.526031 0.242408 0.969440 0.037730 0.382850 -0.131321 0.914429 -0.891440 0.207220 0.402983
-5.651970 -67.170916 599.457706 -10871.386399 0.264238 0.964454 0.002685 0.322210 -0.090902 0.942294 -0.909043 0.248125 0.334776
-3.663830 -66.739248 -1431.198486 -7121.670092 0.240296 0.970452 0.021918 0.272048 -0.089003 0.958159 -0.931798 0.224279 0.285397
3.882837 -65.361749 -364.264375 -1782.036583 0.534133 0.844870 -0.029940 -0.170467 0.072948 -0.982659 0.828035 -0.529975 -0.182987
4.515438 -64.820378 -114.009921 -2191.527378 0.521291 0.852637 -0.035591 -0.097295 0.017948 -0.995094 0.847815 -0.522196 -0.092313
3.313705 -66.494792 515.980679 -2715.623467 0.504225 0.861945 -0.052982 -0.200362 0.057090 -0.978057 0.840007 -0.503777 -0.201488
2.212960 -66.270053 388.021296 830.869164 0.512472 0.857342 -0.048341 -0.333044 0.146556 -0.931452 0.791489 -0.493442 -0.360638
-0.557044 -125.696635 -148.373468 -6549.480536 -0.623632 -0.778996 -0.065179 0.756432 -0.580324 -0.301719 0.197213 -0.237465 0.951166
-0.017217 -136.544915 1192.345000 -5162.919815 -0.647202 -0.759283 -0.067970 0.656548 -0.509872 -0.555856 0.387396 -0.404376 0.828495
-2.949071 -127.857623 767.590747 -5289.049995 -0.637320 -0.767110 -0.073251 0.715881 -0.554204 -0.424703 0.285197 -0.323111 0.902365
-4.142344 -124.794607 -973.703846 -4746.292512 0.654075 0.754526 0.053627 0.636948 -0.511134 -0.577095 0.408023 -0.411621 0.814914
-4.930500 -118.931871 1678.653491 -6044.030080 -0.629183 -0.772652 -0.084485 0.742620 -0.565495 -0.358791 0.229445 -0.288486 0.929586
-3.259420 -110.325691 355.615335 -4994.800895 -0.614467 -0.785117 -0.077606 0.783113 -0.595033 -0.180747 0.095729 -0.171837 0.980463
0.084322 -124.808127 370.460898 -8273.825588 -0.636287 -0.767564 -0.077356 0.761198 -0.608371 -0.224640 0.125364 -0.201819 0.971366
1.518969 -105.768039 1300.435437 -6804.213760 -0.633203 -0.769071 -0.087080 0.772393 -0.635103 -0.007375 -0.049633 -0.071930 0.996174
0.664502 -127.960915 1384.115723 -10856.605451 -0.640682 -0.763809 -0.078251 0.760259 -0.616826 -0.203794 0.107392 -0.190059 0.975881
15.121980 -36.479772 2358.238846 632.265012 -0.088189 0.995402 0.037396 -0.993214 -0.090729 0.072758 -0.075817 0.030726 -0.996648
14.533022 -33.866393 48.217760 1603.339254 -0.047603 0.998848 0.006121 -0.998449 -0.047759 0.028621 -0.028880 0.004749 -0.999572
12.811769 -40.788153 693.909491 -2832.521847 0.014663 0.999248 0.035887 0.999703 -0.015349 0.018926 0.019463 0.035599 -0.999177
15.152704 -44.631237 856.282660 3065.458827 0.118022 0.992282 0.038051 -0.985439 0.121759 -0.118680 0.122397 0.023490 -0.992203
14.532541 -48.506807 1000.798491 2693.396923 0.067048 0.995960 0.059738 -0.990728 0.073548 -0.114235 0.118167 0.051525 -0.991656
11.985446 -40.928881 1331.889222 980.042036 -0.064946 0.995996 0.061434 -0.996125 -0.068367 0.055324 -0.059303 0.057602 -0.996577
12.021808 -47.218178 839.358551 -2977.401713 0.001389 0.997509 0.070525 0.999430 -0.003763 0.033547 0.033729 0.070439 -0.996946
-2.694216 -95.516240 2859.669904 -26250.871521 -0.205272 0.730266 -0.651595 -0.079684 -0.676032 -0.732551 0.975456 0.098450 -0.196961
-6.875954 -176.496247 1289.445258 -47040.558679 -0.195663 0.731210 -0.653489 -0.257885 -0.681281 -0.685093 0.946156 -0.034477 -0.321870
0.936506 -156.337769 3285.747656 -47822.417119 -0.211046 0.735265 -0.644085 -0.187340 -0.677137 -0.711610 0.959356 0.029520 -0.280651
-3.668348 -59.936355 -186.906013 4089.068843 -0.329508 -0.935287 -0.129083 0.944048 -0.324341 -0.059802 0.014065 -0.141566 0.989829
-3.264077 -58.515824 274.773790 3468.818661 -0.323920 -0.935228 -0.142917 0.940837 -0.302538 -0.152634 0.099510 -0.183903 0.977894
-2.842038 -57.111881 -739.964935 3938.641636 -0.337484 -0.933724 -0.119435 0.935753 -0.318980 -0.150394 0.102329 -0.162517 0.981385
-3.762522 -57.848443 -958.578421 3543.963101 -0.347628 -0.931607 -0.106130 0.936103 -0.338367 -0.096020 0.053542 -0.132728 0.989705
-4.522275 -61.162994 103.865197 1318.176924 0.318171 0.940200 0.121618 0.942659 -0.327393 0.064863 -0.100801 -0.094007 0.990455
-16.458758 -85.624237 -2316.315295 -4743.264299 -0.080116 0.861353 -0.501650 -0.198986 0.479318 0.854786 -0.976722 -0.168303 -0.132996
-20.688512 -82.232602 -1790.929567 -5130.053625 -0.035702 0.864298 -0.501711 -0.217819 0.483231 0.847964 -0.975336 -0.139556 -0.171009
-17.938669 -75.832184 -2154.219886 -3414.762906 -0.043847 0.842820 -0.536406 -0.354288 0.488909 0.797150 -0.934108 -0.224995 -0.277163
-14.065278 -78.563567 -3335.781772 -4668.461477 -0.095787 0.841516 -0.531673 -0.322514 0.479078 0.816375 -0.941706 -0.249670 -0.225511
-13.834648 -71.735641 -2669.756267 -3111.071759 -0.076128 0.831925 -0.549641 -0.424852 0.471633 0.772699 -0.902056 -0.292340 -0.317540
-15.591276 -67.902190 -2315.261846 -2813.789446 -0.034149 0.820461 -0.570682 -0.499457 0.480586 0.720819 -0.865665 -0.309646 -0.393374
-21.528292 -66.507451 -2213.405922 -1242.199735 0.024098 0.810848 -0.584761 -0.450442 0.530998 0.717735 -0.892480 -0.246105 -0.378036
-5.401697 -87.971874 -465.317420 -6578.035827 0.439315 0.895743 -0.068167 -0.332588 0.232667 0.913921 -0.834499 0.378828 -0.400127
-4.777011 -91.192375 -1344.097695 -6620.746159 0.433529 0.895837 -0.097617 -0.377629 0.278960 0.882937 -0.818199 0.345916 -0.459232
-3.819749 -106.423856 -1209.154432 -8430.294658 0.421578 0.905115 -0.055131 -0.192156 0.148587 0.970050 -0.886199 0.398358 -0.236564
-3.433312 -100.424159 -663.381068 -6651.083134 0.425513 0.902659 -0.064387 -0.243344 0.182660 0.952585 -0.871621 0.389669 -0.297381
-5.123646 -103.078722 -1127.959162 -7000.432729 0.430755 0.901736 -0.036350 -0.146666 0.109691 0.983085 -0.890471 0.418138 -0.179504
-4.404757 -118.618978 -912.630400 -8857.008350 0.430754 0.902065 -0.027003 -0.018265 0.038629 0.999087 -0.902285 0.429867 -0.033116
-2.435408 -118.352399 -732.207087 -9248.002223 0.418290 0.907546 -0.037332 -0.059623 0.068446 0.995872 -0.906354 0.414337 -0.082741
4.340344 -122.846512 -1201.104136 1189.828606 -0.070298 -0.893470 0.443586 0.997201 -0.051586 0.054130 -0.025480 0.446150 0.894596
9.252052 -113.340501 -44.692057 3367.821149 -0.211050 -0.878745 0.428095 0.969651 -0.243516 -0.021826 0.123427 0.410496 0.903470
-3.774631 -116.351735 1306.469102 1752.346195 -0.137916 -0.896728 0.420545 0.981008 -0.065205 0.182680 -0.136393 0.437752 0.888690
-12.340378 -118.023437 1361.563025 806.901155 -0.094426 -0.899475 0.426647 0.913381 0.092199 0.396529 -0.396005 0.427134 0.812857
-6.254587 -123.632008 -17.043703 30.346439 -0.030853 -0.894977 0.445043 0.953079 0.107808 0.282874 -0.301145 0.432889 0.849658
-9.087920 -222.706684 -1342.411343 14785.501488 0.208487 0.756861 -0.619431 -0.736232 -0.295467 -0.608820 0.643814 -0.582976 -0.495624
-8.453981 -225.239019 -2159.429404 -19957.471568 0.217487 0.740774 -0.635573 0.787565 0.251468 0.562589 0.576577 -0.622911 -0.528716
-9.976188 -202.811989 -1497.760635 -18629.734879 0.186388 0.746314 -0.638964 0.911737 0.110922 0.395514 0.366053 -0.656287 -0.659767
-10.003648 -187.199817 111.307488 -20654.480771 0.185077 0.771172 -0.609130 0.867197 0.163423 0.470384 0.462293 -0.615294 -0.638513
-7.950268 -206.598813 1370.717669 11881.765530 0.190147 0.785603 -0.588789 -0.679927 -0.327243 -0.656210 0.708197 -0.525110 -0.471928
-6.413824 -219.094254 837.117432 2044.534040 0.196858 0.780104 -0.593873 -0.481097 -0.450926 -0.751805 0.854279 -0.433709 -0.286537
16.654985 -93.025183 -3576.284172 -15703.533380 0.165928 0.713164 -0.681076 -0.783719 0.514560 0.347868 -0.598541 -0.476051 -0.644301
17.663605 -100.954376 -4469.158422 3595.483169 0.134138 0.706826 -0.694553 -0.812490 0.479708 0.331270 -0.567333 -0.519882 -0.638636
19.323950 -84.626463 -2989.769635 4611.294868 0.151190 0.745130 -0.649556 -0.815443 0.465439 0.344121 -0.558743 -0.477648 -0.677981
-28.202694 -43.003724 3861.592230 -347.138315 0.196358 0.838689 0.507981 -0.725030 -0.224594 0.651067 -0.660133 0.496144 -0.563973
-30.843377 -42.964481 -226.517798 -196.565412 0.091385 0.858764 0.504155 -0.712762 -0.297149 0.635353 -0.695428 0.417404 -0.584940
-26.489952 -44.705121 4058.048990 -1496.187769 0.217939 0.832656 0.509105 -0.666451 -0.254114 0.700906 -0.712984 0.492048 -0.499543
-19.582265 -42.707816 6726.818161 -886.295121 0.287286 0.814422 0.504165 -0.712262 -0.170287 0.680945 -0.640429 0.554724 -0.531161
19.873165 -31.909295 -2418.915189 187.724390 0.959628 0.280769 -0.016827 0.248129 -0.816860 0.520741 -0.132462 0.503893 0.853549
18.442643 -41.590665 549.810590 -843.489240 0.983282 0.178121 -0.037819 0.173969 -0.857594 0.484012 -0.053780 0.482500 0.874244
21.201671 -35.383097 -4738.151595 -1316.365844 0.992172 0.105004 0.067594 0.064235 -0.893303 0.444841 -0.107093 0.437017 0.893055
19.020292 -34.725535 -4779.393458 -1819.901196 0.989511 -0.036566 0.139752 -0.084765 -0.930344 0.356755 -0.116972 0.364859 0.923686
15.651762 -26.922127 -4951.946850 -404.442389 0.987131 0.134268 0.086860 0.081506 -0.889759 0.449095 -0.137583 0.436236 0.889252
-78.280918 -1987.407645 -28738.860677 -415921.326718 0.350416 -0.472893 0.808444 0.454553 0.840569 0.294660 -0.818896 0.264227 0.509503
23.017723 -1769.159733 14761.358890 -688244.828546 0.582767 -0.469006 0.663639 0.463907 0.862506 0.202174 -0.667213 0.190046 0.720214
756.790495 -5247.625132 411543.765290 -4888336.313221 -0.572581 -0.074738 -0.816435 0.665247 -0.624375 -0.409393 -0.479164 -0.777541 0.407224
2192.318722 -9504.098887 1146139.939565 -12412450.450781 -0.059381 0.491492 -0.868855 0.802693 -0.493919 -0.334258 -0.593429 -0.717273 -0.365188
391.500575 -9445.274990 -31717.495304 -3820038.773265 -0.305042 0.293327 -0.906040 0.751901 0.658055 -0.040104 0.584460 -0.693486 -0.421288
-102.781741 -10686.749931 10218.159566 -5734528.517320 0.003032 -0.201365 -0.979511 0.860817 0.499009 -0.099920 0.508906 -0.842877 0.174852
10.417767 -41.060563 1861.471112 2515.344776 0.044202 0.982422 0.181365 0.399597 -0.183773 0.898081 -0.915625 -0.032776 0.400696
12.133668 -42.052606 1074.358812 2728.072028 0.018276 0.984119 0.176564 0.392714 -0.169467 0.903912 -0.919479 -0.052819 0.389575
12.241330 -46.248305 1632.675220 2022.270927 0.026487 0.983914 0.176668 0.307102 -0.176193 0.935224 -0.951308 -0.029484 0.306829
9.224455 -44.824755 1548.541241 1392.984793 0.059522 0.979157 0.194187 0.295138 -0.203097 0.933620 -0.953599 -0.001741 0.301075
-16.497065 -49.089090 -280.770830 1751.913276 -0.411941 0.842339 0.347518 0.893373 0.448444 -0.027984 -0.179415 0.298935 -0.937256
-13.495756 -42.148669 -1142.736448 3683.680065 -0.303839 0.881159 0.362271 0.948689 0.314782 0.030021 -0.087583 0.352804 -0.931589
-12.704458 -43.160285 72.081653 4092.708438 -0.411307 0.845442 0.340667 0.908908 0.408567 0.083427 -0.068652 0.343949 -0.936475
8.426820 -29.778243 -1435.166484 -1862.982044 0.251441 0.967730 0.016615 -0.742943 0.181976 0.644143 -0.620333 0.174308 -0.764724
3.689611 -29.128768 -1687.838757 -1973.125703 0.182023 0.981525 0.058952 -0.779481 0.107488 0.617135 -0.599397 0.158285 -0.784646
5.907826 -28.606193 -1107.343010 -2475.198084 0.269211 0.963038 0.009110 -0.768374 0.209072 0.604889 -0.580626 0.169842 -0.796258
-3.269186 -60.407275 -1344.625866 -8854.289597 0.348591 0.931959 0.099687 0.674021 -0.323166 0.664274 -0.651291 0.164369 0.740812
-4.903583 -61.634108 -582.464428 -4038.119236 0.321648 0.944303 0.069529 0.640076 -0.270958 0.718947 -0.697743 0.186744 0.691579
-4.070520 -65.640199 180.944129 -7350.221243 0.326693 0.942679 0.068036 0.673621 -0.282732 0.682859 -0.662953 0.177255 0.727375
-2.698645 -59.955869 537.586548 -400.905994 0.354895 0.931412 0.080756 0.775265 -0.341471 0.531377 -0.522507 0.125976 0.843277
-0.730097 -95.824986 -499.338326 10367.753727 0.442084 0.896967 0.003410 0.608618 -0.302755 0.733433 -0.658898 0.322163 0.679754
0.370389 -90.621020 159.843776 10661.829091 0.441318 0.897348 -0.002352 0.644956 -0.315367 0.696115 -0.623916 0.308725 0.717927
0.718594 -69.791017 -94.854317 6997.978786 0.453513 0.891094 0.016632 0.719694 -0.377161 0.582915 -0.525705 0.252390 0.812363
-25.116508 -38.841809 -2518.936053 589.078163 0.548057 0.836427 -0.004851 -0.819870 0.536041 -0.201179 0.165671 -0.114234 -0.979543
-26.785494 -38.589078 -1616.838296 332.443644 0.399947 0.916408 0.015461 -0.904889 0.397489 -0.152242 0.145662 -0.046899 -0.988222
-28.119462 -36.520613 -1485.676586 111.008757 0.568086 0.819777 0.072417 -0.790339 0.567978 -0.229707 0.229440 -0.073259 -0.970562
-26.079385 -36.911062 -1662.075366 -225.907108 0.684857 0.724591 0.077069 -0.678592 0.672741 -0.294844 0.265489 -0.149628 -0.952432
-22.450012 -39.218539 -3294.727278 -54.221507 0.646995 0.762095 -0.024668 0.739319 -0.619087 0.264837 0.186560 -0.189586 -0.963978
10.298933 -104.566294 6270.509470 25945.916006 0.529087 0.808517 -0.257619 0.615493 -0.574644 -0.539401 0.584153 -0.126827 0.801673
19.260872 -113.559803 4074.775324 21589.135340 0.601607 0.764909 -0.230179 0.627083 -0.630751 -0.457078 0.494809 -0.130640 0.859126
11.596508 -168.362602 7593.026647 33235.176565 0.587781 0.759420 -0.278917 0.719862 -0.648274 -0.248070 0.369204 0.054971 0.927721
21.335993 -84.384611 2687.765638 9534.233095 0.552857 0.816227 -0.167698 0.586256 -0.524024 -0.617821 0.592160 -0.243253 0.768228
17.835500 -65.870183 2765.890783 9529.480551 0.437233 0.888135 -0.141579 0.612588 -0.409363 -0.676135 0.658456 -0.208899 0.723047
6.166704 -71.211445 3320.755129 22931.041779 0.428472 0.888237 -0.165668 0.635954 -0.426707 -0.643027 0.641852 -0.170162 0.747711
-1.017787 -96.135573 2423.889983 23087.405749 0.509507 0.836102 -0.203314 0.689408 -0.538049 -0.484995 0.514898 -0.106942 0.850555
12.984231 -502.436323 5078.108037 -93398.146499 0.856591 0.291434 -0.425816 0.409596 -0.885930 0.217621 0.313821 0.360825 0.878249
-14.325966 -655.781325 -453.967741 -233845.353215 0.874349 0.240370 -0.421587 0.460649 -0.684410 0.565141 0.152696 0.688335 0.709140
-45.306239 -1735.216404 1813.753546 -870997.157422 0.911626 0.041113 -0.408960 0.193228 -0.921046 0.338138 0.362769 0.387278 0.847594
-34.864742 -585.547775 5115.852638 -107352.687655 0.907251 0.189597 -0.375431 0.348453 -0.838713 0.418498 0.235533 0.510503 0.826989
-42.969838 -692.665251 6644.590978 -65084.775615 0.850913 0.272562 -0.449062 -0.292799 0.955838 0.025338 0.436136 0.109925 0.893141
297.123516 -19345.251349 235398.695140 -12770435.966744 0.802678 0.422271 -0.421184 -0.301805 0.896687 0.323832 0.514414 -0.132817 0.847194
-10.210019 -550.022462 4651.521609 35224.537108 0.842660 0.258305 -0.472443 -0.233515 0.965926 0.111611 0.485175 0.016273 0.874266
-3.713816 -95.092623 -1669.082823 18326.182811 0.625647 0.763243 -0.161330 0.731984 -0.645872 -0.216908 0.269752 -0.017617 0.962769
1.592811 -129.950252 -262.719853 -30207.139329 0.702112 0.686777 -0.188085 -0.689046 0.721904 0.063798 0.179594 0.084806 0.980079
-11.347425 -80.107502 2377.370086 -17383.302364 0.715075 0.665006 -0.215488 -0.635653 0.746833 0.195413 0.290884 -0.002759 0.956754
31.556537 -41.662069 10582.018670 285.563645 0.521850 0.848249 -0.090257 0.620418 -0.304797 0.722621 -0.585452 0.433097 0.685327
21.441805 -44.588925 11579.125505 -105.085307 0.557754 0.821229 -0.120391 0.650099 -0.342060 0.678503 -0.516025 0.456704 0.724665
40.242781 -41.702395 11462.120410 -314.996203 0.565277 0.824161 -0.034935 0.632133 -0.405582 0.660235 -0.529971 0.395299 0.750246
8.235360 -47.053000 9655.408625 243.163672 0.500551 0.845970 -0.183802 0.651134 -0.227986 0.723911 -0.570503 0.482034 0.664958
-55.410565 -85.874177 1259.401327 7895.517791 -0.637762 0.753021 0.161922 0.654609 0.640693 -0.401249 0.405891 0.149906 0.901543
-49.662945 -77.075646 16.464088 4625.453030 -0.389982 0.919076 -0.056689 0.842423 0.331244 -0.424970 0.371802 0.213487 0.903430
-42.188704 -68.346180 379.236001 5017.956171 -0.197499 0.947283 -0.252288 0.881011 0.058655 -0.469445 0.429900 0.314983 0.846151
37.740545 -61.303998 2480.036728 -1330.366136 -0.172202 0.984020 0.045283 -0.406517 -0.029117 -0.913179 0.897268 0.175660 -0.405035
43.146259 -65.811181 1311.825223 -9068.949628 -0.130792 0.991298 -0.014879 -0.453064 -0.073113 -0.888475 0.881831 0.109465 -0.458684
39.564271 -53.920132 -882.320185 -2207.793106 -0.075370 0.995282 -0.061093 -0.389960 -0.085807 -0.916825 0.917742 0.045277 -0.394588
6.320627 -12.781605 -149.576554 -1489.125317 0.338646 0.539066 -0.771185 -0.284934 0.839882 0.461964 0.896734 0.063295 0.438021
-10.210173 -29.013451 2359.904275 -23024.409471 0.347136 -0.706838 -0.616341 0.364809 0.707224 -0.605598 0.863951 -0.014622 0.503364
1.478779 -23.728212 -209.605694 -819.506160 0.235523 -0.864089 0.444837 0.971602 0.220082 -0.086917 -0.022796 0.452675 0.891384
3.528936 -22.142660 -112.717383 -496.713960 0.213736 -0.868350 0.447532 0.976889 0.190948 -0.096052 -0.002049 0.457718 0.889095
3.088668 -21.030290 -1092.482253 -864.359195 0.273354 -0.853837 0.442990 0.960364 0.268377 -0.075326 -0.054572 0.446023 0.893356
3.566962 -19.643604 -284.547768 -627.872654 0.201232 -0.871055 0.448072 0.979542 0.178250 -0.093401 0.001488 0.457700 0.889105
5.536072 -18.890068 -1333.344930 -335.156318 0.337299 -0.830334 0.443593 0.940073 0.322074 -0.111942 -0.049921 0.454768 0.889210
-1.048403 -33.506680 367.852725 -1179.518869 -0.761364 -0.441891 -0.474402 -0.504287 0.863522 0.004982 0.407455 0.243028 -0.880294
10.472514 -44.865959 -1727.671514 572.739600 -0.003557 0.979487 -0.201477 0.456308 -0.177690 -0.871900 0.889815 0.095036 0.446316
20.226881 -42.010242 6623.573573 1999.284994 -0.380536 0.890784 0.248386 -0.631821 -0.054308 -0.773210 0.675274 0.451169 -0.583482
18.202108 -45.187005 6270.693976 1195.651539 -0.401183 0.885755 0.233432 -0.557719 -0.034044 -0.829331 0.726637 0.462903 -0.507660
6.586054 -41.626804 4807.715590 1812.112632 -0.412632 0.878507 0.240751 -0.612864 -0.072219 -0.786881 0.673893 0.472240 -0.568205
