17876
35733
-36.378048 -58.224106 -1128.967452 7685.251443 0.483960 0.872308 -0.069731 0.692102 -0.430306 -0.579509 0.535516 -0.232198 0.811977
-41.739986 -69.554344 -1973.275310 5438.689748 0.381989 0.924028 0.016040 0.810346 -0.326548 -0.486524 0.444323 -0.198845 0.873520
-40.386187 -66.317895 -979.547829 9483.491191 0.259764 0.948867 0.179373 0.828331 -0.123463 -0.546465 0.496377 -0.290532 0.818047
-41.341870 -65.376351 -393.503389 7142.316724 0.511541 0.832599 -0.212377 0.691060 -0.545529 -0.474166 0.510648 -0.095791 0.854437
-31.655950 -49.420845 -1091.958424 6862.733671 0.589189 0.797448 -0.130126 0.569251 -0.523972 -0.633567 0.573419 -0.299217 0.762667
-32.612174 -50.098552 1184.504603 -4817.475277 0.673008 0.655545 -0.342522 -0.440403 0.727225 0.526487 0.594227 -0.203482 0.778132
203.443010 -101.201139 -48732.594965 -4630.297961 -0.362001 0.782796 0.506147 0.544810 0.618252 -0.566522 0.756397 -0.070672 0.650283
180.796567 -107.943576 -37625.374258 -7438.101355 -0.299720 0.814451 0.496828 0.445429 0.579987 -0.682061 0.843659 -0.016874 0.536614
128.667217 -106.677237 -38117.864039 4564.978586 -0.108222 0.790187 0.603235 0.459994 0.577735 -0.674261 0.881302 -0.204515 0.426005
194.161059 -111.883763 -8628.056006 -10531.060244 -0.595593 0.758428 0.264679 0.465768 0.594510 -0.655453 0.654468 0.267104 0.707338
111.400858 -105.954623 -33569.773412 8187.003726 -0.114030 0.763476 0.635690 0.597228 0.564017 -0.570266 0.793924 -0.314625 0.520284
213.125120 -94.618433 -8720.164116 -5448.282514 -0.653888 0.732251 0.190367 0.538951 0.627395 -0.562056 0.531001 0.264923 0.804894
204.634947 -92.025268 -23872.797244 -3557.773910 -0.590881 0.766844 0.250621 0.655562 0.637446 -0.404847 0.470211 0.074919 0.879368
195.040304 -97.201313 -58938.862821 3638.033242 -0.387512 0.774820 0.499489 0.644510 0.615107 -0.454148 0.659122 -0.145938 0.737740
146.937245 -105.280859 -46614.241572 4990.741736 -0.219494 0.757101 0.615321 0.641648 0.587128 -0.493527 0.734922 -0.286493 0.614664
-49.327872 -67.983842 2152.717378 -3738.732006 -0.277109 0.715549 0.641249 -0.603663 0.389571 -0.695576 0.747530 0.579849 -0.323996
-52.542582 -74.573514 1582.287343 -2471.747102 -0.391224 0.793468 0.466211 -0.674693 0.097237 -0.731666 0.625886 0.600794 -0.497305
-48.363070 -68.787000 10.467044 2697.768128 -0.346287 0.685844 0.640081 0.672942 -0.293783 0.678852 0.653632 0.665815 -0.359800
-29.232895 -67.566335 5426.925449 -98.283235 0.709905 0.665921 0.229313 0.699013 -0.705996 -0.113798 -0.086114 -0.241079 0.966677
-39.885960 -71.914435 2893.339236 -895.056982 0.828689 0.491688 0.267426 0.549562 -0.805348 -0.222252 -0.106092 -0.331145 0.937597
-33.278964 -63.022684 5342.951753 449.317522 0.817378 0.552835 0.162070 0.575248 -0.767903 -0.281806 0.031339 -0.323573 0.945684
-30.960715 -70.562208 6213.837363 -1061.296918 0.705962 0.660472 0.255725 0.685461 -0.728009 -0.012045 -0.178215 -0.183793 0.966675
-21.190472 -67.131687 5661.065840 159.482372 0.623693 0.750707 0.217821 0.764388 -0.644017 0.030872 -0.163456 -0.147245 0.975500
37.750204 3.834766 5922.117608 -6026.108365 -0.530024 0.186894 -0.827131 -0.314998 0.862222 0.396673 0.787306 0.470791 -0.398127
31.816877 3.433709 9211.972742 -6209.719235 -0.582103 0.132573 -0.802235 -0.318332 0.870711 0.374871 0.748212 0.473590 -0.464641
30.903125 11.238037 8057.504288 -2993.752461 -0.533063 0.040972 -0.845083 -0.399525 0.868263 0.294109 0.745804 0.494410 -0.446470
17.548972 -4.784520 5834.479644 6616.717797 -0.261409 -0.409319 -0.874142 -0.650656 0.743666 -0.153647 0.712960 0.528601 -0.460726
29.475557 6.477771 6106.528575 6498.121150 -0.421067 -0.109570 -0.900387 -0.542902 0.825665 0.153411 0.726609 0.553419 -0.407146
36.166039 17.770706 5685.095064 -3180.866661 -0.517108 0.188566 -0.834891 -0.349115 0.844134 0.406886 0.781484 0.501877 -0.370677
38.912797 12.989983 5304.292011 -6857.373901 -0.501871 0.178150 -0.846397 -0.334127 0.862665 0.379694 0.797800 0.473361 -0.373422
0.184554 -48.828917 751.785307 -515.177394 0.654917 0.728035 -0.202604 0.682687 -0.684952 -0.254518 0.324072 -0.028373 0.945607
1.151241 -52.039665 308.412447 -835.299224 0.645501 0.739965 -0.189158 0.624207 -0.653835 -0.427627 0.440107 -0.157959 0.883943
0.624687 -49.732916 467.576022 -823.223146 0.659717 0.721572 -0.210019 0.685343 -0.692322 -0.225822 0.308347 -0.005044 0.951261
-1.978887 -76.591767 -128.725219 -1636.422587 0.380385 0.897138 -0.224613 0.349162 0.085584 0.933146 -0.856384 0.433382 0.280691
-2.230316 -68.505877 -309.090009 -2437.404293 0.378126 0.886361 -0.267180 0.165145 0.219396 0.961557 -0.910905 0.407714 0.063419
-1.657155 -70.784271 115.163153 -2293.044262 0.380391 0.888771 -0.255713 0.149156 0.213921 0.965396 -0.912719 0.405369 0.051192
-29.959157 -130.280576 -1806.225246 -11470.856597 -0.078311 0.988081 0.132524 0.347331 -0.097562 0.932654 -0.934467 -0.119067 0.335551
-33.848694 -143.256419 -2868.701435 1324.605112 -0.092533 0.987726 0.125837 0.624239 -0.040913 0.780161 -0.775734 -0.150743 0.612791
-36.483143 -140.367203 -1201.500502 -10928.207169 -0.013934 0.999017 0.042089 0.394444 -0.033187 0.918320 -0.918814 -0.029398 0.393594
-3.347489 -58.516678 223.398892 -1489.949368 0.349425 0.876520 -0.331081 -0.404089 0.459780 0.790768 -0.845348 0.142528 -0.514851
-2.588285 -57.353017 186.191492 -1386.208990 0.363816 0.865526 -0.344241 -0.380239 0.475373 0.793371 -0.850327 0.157747 -0.502055
-1.975498 -55.488690 258.561253 -794.915152 0.366292 0.859495 -0.356509 -0.520023 0.506806 0.687549 -0.771626 0.066451 -0.632596
-2.405968 -57.194267 321.204216 -611.102185 0.346918 0.875026 -0.337606 -0.541248 0.480756 0.689872 -0.765962 0.056600 -0.640389
-23.166964 -52.999287 5277.699251 -2404.139450 -0.520645 -0.606185 0.601223 -0.353432 0.794050 0.494540 -0.777184 0.044988 -0.627663
-25.429723 -52.805427 4498.380762 -745.569873 -0.510902 -0.580124 0.634378 -0.200763 0.798072 0.568133 -0.835867 0.162900 -0.524204
-35.171703 -60.761195 4466.184265 -5402.270531 -0.612278 -0.307610 0.728348 -0.112095 0.945679 0.305166 -0.782656 0.105202 -0.613500
-26.195402 -58.463029 3898.625534 -7992.241114 -0.643013 -0.439946 0.626883 -0.334025 0.897687 0.287376 -0.689175 -0.024608 -0.724177
7.261526 -126.407947 -2327.099181 -186.632560 0.377151 -0.153408 0.913358 0.923928 -0.005979 -0.382520 0.064143 0.988145 0.139483
3.150620 -126.959000 -1358.896250 1919.461161 0.383581 -0.147730 0.911615 0.920587 -0.017277 -0.390156 0.073388 0.988877 0.129371
6.568870 -122.903181 -1820.535019 1387.177303 0.376511 -0.156385 0.913117 0.894733 -0.194166 -0.402184 0.240192 0.968423 0.066817
10.858121 -122.746941 -1897.077050 1905.438099 0.374761 -0.179602 0.909559 0.884763 -0.223871 -0.408750 0.277036 0.957927 0.075007
11.898482 -126.971425 -1460.893841 419.755246 0.369896 -0.196043 0.908154 0.924649 -0.017593 -0.380413 0.090555 0.980438 0.174763
2.091063 -92.661702 -1704.493105 -7345.041117 0.397918 -0.185395 0.898493 -0.133780 0.957174 0.256751 -0.907615 -0.222366 0.356074
2.079850 -81.154282 -984.895558 -7246.292379 0.411137 -0.189242 0.891714 -0.262498 0.912201 0.314618 -0.872961 -0.363424 0.325364
0.402124 -90.867468 -685.459651 -6983.371332 0.411635 -0.187105 0.891935 -0.136425 0.955019 0.263299 -0.901080 -0.230065 0.367593
3.713155 -90.383604 -597.241672 -9277.543944 0.427051 -0.181867 0.885749 -0.217945 0.929982 0.296028 -0.877569 -0.319464 0.357513
-0.035941 -102.576787 -1041.339981 -9031.801118 0.406080 -0.169840 0.897916 -0.009264 0.981762 0.189889 -0.913791 -0.085429 0.397101
2.230188 -107.553609 -1554.983714 -8714.097985 0.398156 -0.159037 0.903426 -0.030191 0.982051 0.186183 -0.916821 -0.101405 0.386208
-14.072112 -91.826027 -748.779722 -881.082343 0.185393 0.953309 0.238393 0.003774 0.241906 -0.970292 0.982657 -0.180785 -0.041250
-14.892361 -94.937359 -41.056304 -1388.758387 0.122816 0.957134 0.262317 0.039223 0.259431 -0.964965 0.991654 -0.128802 0.005679
-12.816879 -91.305121 -559.290641 174.190269 0.185370 0.954056 0.235402 0.188258 0.200638 -0.961407 0.964467 -0.222532 0.142417
-11.703537 -92.316508 -788.469633 -382.746553 0.231261 0.946816 0.223734 0.029843 0.222957 -0.974371 0.972434 -0.232011 -0.023306
1.394463 -142.491134 487.019711 4574.173107 0.101671 0.988043 0.115905 -0.828969 0.019734 0.558947 -0.549976 0.152910 -0.821063
2.387403 -136.048022 419.787029 1295.712579 0.106256 0.988687 0.105868 -0.856106 0.036809 0.515488 -0.505760 0.145409 -0.850331
1.834350 -143.004003 504.262587 592.884719 0.114922 0.987315 0.109554 -0.919485 0.063986 0.387883 -0.375952 0.145309 -0.915175
1.064587 -148.470125 181.062624 7212.991749 0.102647 0.988448 0.111511 -0.888217 0.040612 0.457625 -0.447809 0.146020 -0.882125
2.312520 -141.575809 429.248890 -8457.239224 0.134602 0.985810 0.100307 -0.974328 0.113235 0.194581 -0.180462 0.123923 -0.975744
1.397840 -154.741386 153.847977 -4430.467021 0.116365 0.987524 0.106096 -0.959083 0.083964 0.270389 -0.258107 0.133219 -0.956887
-7.808246 -142.454559 -2497.541919 19238.879695 -0.553674 -0.132912 -0.822058 0.744017 0.364422 -0.560031 0.374011 -0.921700 -0.102882
-9.318504 -171.085523 -2905.340726 21430.098051 -0.572016 -0.141501 -0.807945 0.794457 0.149457 -0.588643 0.204047 -0.978591 0.026924
-13.925451 -143.960950 -1970.814497 21029.422231 -0.553648 -0.103271 -0.826323 0.767749 0.321034 -0.554525 0.322544 -0.941420 -0.098454
17.511982 -20.779008 18511.642679 -8626.697523 -0.187017 0.981111 0.049461 0.234064 -0.004395 0.972211 -0.954064 -0.193397 0.228821
18.730866 -27.269830 9701.949349 -5556.127344 -0.195494 0.969779 0.145980 0.291553 -0.084652 0.952802 -0.936365 -0.228828 0.266193
29.070874 -18.113019 6924.961898 -10254.139357 -0.222815 0.962758 0.153134 0.246453 -0.096350 0.964353 -0.943194 -0.252613 0.215806
30.242902 -13.593384 6229.320897 -10957.891965 -0.259156 0.963641 0.065075 0.195869 -0.013540 0.980537 -0.945766 -0.266858 0.185238
37.630047 -17.361899 -3948.409704 -5339.978135 -0.327672 0.936852 0.122222 0.234826 -0.044547 0.971016 -0.915143 -0.346876 0.205401
5.893880 -90.056951 -572.525294 11476.503127 0.542928 0.276647 0.792903 0.021003 0.939412 -0.342146 -0.839516 0.202414 0.504223
3.974371 -105.500881 -111.387579 7273.958307 0.546373 0.238571 0.802845 -0.090667 0.969788 -0.226476 -0.832620 0.050949 0.551496
2.650261 -92.897485 -1528.244296 9750.832742 0.526036 0.268463 0.806978 -0.041696 0.955870 -0.290816 -0.849439 0.119332 0.514016
2.231024 -104.660192 1619.308779 7502.896704 0.565301 0.220504 0.794867 -0.015745 0.966318 -0.256868 -0.824735 0.132693 0.549732
6.539199 -88.637068 968.573117 15843.300464 0.560486 0.261687 0.785732 0.108923 0.917229 -0.383180 -0.820970 0.300352 0.485590
129.125235 35.879997 46128.811809 7075.907528 0.980726 -0.084774 -0.176041 -0.178478 -0.022023 -0.983697 -0.079515 -0.996157 0.036728
129.559373 23.889172 53215.252865 -5203.769292 0.951822 -0.058952 -0.300930 -0.303861 -0.049281 -0.951441 -0.041260 -0.997044 0.064820
150.592414 40.489097 28030.283726 -2230.679352 0.925557 -0.245559 -0.288176 -0.305170 -0.033357 -0.951714 -0.224090 -0.968808 0.105811
150.850294 42.887983 48486.914484 6309.425319 0.952580 -0.195799 -0.232925 -0.233961 0.018154 -0.972077 -0.194560 -0.980476 0.028516
160.293322 49.009551 29669.426511 3525.181221 0.899323 -0.297272 -0.320698 -0.326991 0.029760 -0.944559 -0.290335 -0.954329 0.070441
147.812107 49.487915 -17329.148107 -4262.101376 0.843763 -0.413910 -0.341676 -0.373655 0.003982 -0.927559 -0.385287 -0.910309 0.151299
133.619914 35.928932 -31461.437235 -9649.405442 0.855021 -0.440722 -0.273319 -0.338131 -0.074171 -0.938172 -0.393201 -0.894574 0.212439
-33.186747 -109.252626 29465.767181 49214.316595 -0.321391 -0.140694 0.936436 0.793050 -0.580391 0.184980 0.517474 0.802092 0.298110
-70.601637 -238.206389 241.426293 142810.199156 -0.171153 -0.056213 0.983640 0.807990 -0.579309 0.107484 0.563789 0.813167 0.144570
18.934292 -802.582747 61609.166338 415502.381599 -0.079996 -0.123306 0.989139 0.754362 -0.656129 -0.020785 0.651566 0.744506 0.145505
2174.632109 -5439.956073 -734834.424703 2742265.786220 0.499625 -0.285616 -0.817801 -0.185220 0.887022 -0.422949 0.846209 0.362789 0.390276
955.539451 -407.927038 969948.559535 -288951.344876 -0.506452 -0.504822 0.699043 0.857295 -0.381744 0.345423 0.092478 0.774226 0.626116
-29.274264 -82.938696 -13640.165205 -9328.136527 0.921500 -0.376247 0.096315 -0.181416 -0.197724 0.963324 0.343404 0.905176 0.250460
-46.158441 -106.726143 -29267.400414 -60768.512894 0.784009 -0.384727 -0.487149 0.318884 -0.423693 0.847819 0.532581 0.820042 0.209496
361.266468 -1148.104537 16030.206617 669451.147928 0.988305 0.015115 -0.151740 -0.066362 -0.853274 -0.517222 0.137294 -0.521243 0.842292
303.801846 -1114.995623 300206.843030 442525.142762 0.728558 0.006171 -0.684956 -0.485726 -0.700420 -0.522955 0.482984 -0.713704 0.507300
-331.726420 -1080.332679 141982.196840 889376.825961 -0.081217 -0.464345 -0.881923 0.993998 0.027336 -0.105931 0.073297 -0.885233 0.459337
-22.398946 -57.614925 -611.178794 2488.056446 0.082862 0.465247 0.881294 -0.514546 0.777314 -0.361975 -0.853450 -0.423472 0.303800
-20.751131 -43.216966 2994.087167 10049.349706 0.042078 0.543357 0.838447 -0.373193 0.786997 -0.491286 -0.926799 -0.292230 0.235892
-22.648625 -54.820905 1652.798731 2823.018611 0.062234 0.434841 0.898354 -0.452009 0.814779 -0.363074 -0.889840 -0.383469 0.247259
-11.984692 -71.199893 -971.003019 -5816.651721 0.557255 -0.142532 0.818017 0.406524 0.905844 -0.119100 -0.724020 0.398912 0.562729
-11.071469 -87.652455 2324.902964 -7684.845798 0.544014 -0.196439 0.815757 0.579707 0.790863 -0.196152 -0.606620 0.579610 0.544118
-16.953418 -69.818838 4427.167690 -6786.497762 0.555447 -0.161996 0.815620 0.425402 0.898132 -0.111320 -0.714501 0.408799 0.567778
-11.690757 -50.425904 -753.955618 -135.808640 0.551275 0.567935 -0.611184 0.007519 0.729138 0.684325 0.834290 -0.381847 0.397685
-12.457602 -49.247367 -188.879463 260.616097 0.555549 0.581089 -0.594728 -0.124873 0.765456 0.631255 0.822053 -0.276428 0.497811
-8.895077 -50.580051 159.567553 -721.871314 0.570686 0.616102 -0.542896 -0.015600 0.669141 0.742972 0.821020 -0.415534 0.391480
-16.165150 -48.611237 -1304.440111 417.539120 0.534730 0.537705 -0.651871 -0.094673 0.804689 0.586099 0.839703 -0.251690 0.481198
-6.747260 -49.194584 -951.474163 -499.151071 0.577007 0.604091 -0.549669 0.115975 0.605584 0.787285 0.808463 -0.518017 0.279367
-17.413632 -49.763396 -2062.931768 512.400456 0.525510 0.515587 -0.676763 0.020707 0.787469 0.616006 0.850535 -0.337732 0.403147
-12.594288 -50.269228 -2259.875460 284.356365 0.550900 0.554389 -0.623828 0.125863 0.683744 0.718785 0.825026 -0.474496 0.306898
-273.132331 -2311.207793 -256099.176636 219038.680283 -0.061828 -0.279559 0.958136 0.833339 -0.542777 -0.104593 0.549294 0.791985 0.266526
-191.766284 -2789.232865 -14723.179381 -2660625.832114 -0.025946 -0.306583 0.951490 0.992114 -0.124648 -0.013110 0.122620 0.943647 0.307399
-2144.845982 -11686.778798 -1204330.789271 4811063.995681 0.342813 -0.406267 0.847011 0.932554 0.038488 -0.358974 0.113240 0.912944 0.392060
6.196425 -977.970504 -10257.519464 -487794.995243 0.146822 -0.134487 -0.979978 0.923417 0.373795 0.087050 0.354604 -0.917709 0.179069
-13.897526 -976.661642 4869.026539 -535343.193631 0.086112 -0.148322 -0.985183 0.908090 0.418454 0.016374 0.409825 -0.896045 0.170724
-36.755296 -1251.607039 5221.628461 -636867.339218 0.212071 -0.070901 -0.974679 0.685608 0.721521 0.096689 0.696396 -0.688753 0.201624
-104.770981 -1664.760345 48103.336185 -1138884.515829 0.231235 -0.009704 -0.972850 0.703485 0.692396 0.160304 0.672042 -0.721453 0.166932
6.867201 -178.757028 2237.112633 38492.845427 -0.081575 0.200533 -0.976285 -0.482701 0.849052 0.214732 0.871978 0.488771 0.027536
16.981323 -92.720149 2439.906003 9676.495588 -0.130204 0.375493 -0.917634 -0.578573 0.722819 0.377870 0.805171 0.580118 0.123136
-3.298147 -230.368903 2816.924432 58711.956464 -0.072591 0.132698 -0.988495 -0.549736 0.821638 0.150669 0.832179 0.554348 0.013305
29.027769 -81.567302 4407.998041 222.662909 -0.112146 0.454760 -0.883525 -0.453898 0.767512 0.452661 0.883968 0.451794 0.120341
-10.839420 -795.984436 2771.260871 287124.514569 -0.064112 0.085984 -0.994232 -0.395882 0.912344 0.104430 0.916061 0.400293 -0.024453
1.352410 -555.032911 3176.214244 191221.402758 -0.089040 0.129128 -0.987622 -0.361815 0.919633 0.152858 0.927988 0.370947 -0.035163
13.717248 -141.053264 4183.374849 22502.847721 -0.099165 0.258471 -0.960916 -0.366715 0.888214 0.276760 0.925033 0.379827 0.006706
11.839158 -317.680456 8139.012802 -240599.239357 -0.129087 -0.027613 -0.991249 0.947237 -0.299187 -0.115021 -0.293393 -0.953795 0.064777
14.044201 -72.782133 -14.507620 416.895457 -0.003819 -0.113607 -0.993518 0.936757 -0.348102 0.036204 -0.349959 -0.930547 0.107751
5.214410 -299.024788 7976.598032 -181327.792863 -0.104734 -0.078278 -0.991415 0.955821 -0.283245 -0.078610 -0.274660 -0.955848 0.104485
34.332435 -71.858882 -4617.721996 18167.718277 0.330460 0.880974 0.338647 0.526232 -0.469839 0.708753 -0.783502 0.056008 0.618860
35.343843 -92.959305 -23257.801871 9974.785900 0.264797 0.838356 0.476490 0.405857 -0.545123 0.733567 -0.874736 0.000859 0.484600
34.795407 -83.759308 13527.780779 6293.260867 0.412445 0.879778 0.236387 0.434649 -0.418091 0.797672 -0.800606 0.226251 0.554834
31.384894 -54.215868 23084.951340 23962.894780 0.377816 0.922526 0.078747 0.622390 -0.316021 0.716073 -0.685482 0.221532 0.693569
12.574215 -86.843600 29419.440590 10957.864711 0.440176 0.896146 0.056284 0.514853 -0.303251 0.801851 -0.735644 0.323978 0.594867
12.131587 -95.498182 26298.089292 3070.184296 0.479310 0.867746 0.131449 0.366796 -0.334127 0.868228 -0.797322 0.367936 0.478436
-47.540692 -55.723890 -3151.413908 2229.375601 0.115926 0.853705 0.507691 0.993118 -0.091057 -0.073652 -0.016648 0.512735 -0.858385
-53.147305 -57.327077 -1408.160400 -1724.556304 -0.578469 0.643241 0.501612 0.815703 0.457481 0.354035 -0.001748 0.613964 -0.789332
-51.255860 -52.489035 -3303.990639 -455.723368 0.127287 0.842815 0.522935 0.988677 -0.150057 0.001194 0.079477 0.516861 -0.852372
-44.554529 -53.841399 -1966.002814 207.052915 0.374708 0.829510 0.414133 0.924856 -0.365774 -0.104165 0.065073 0.422045 -0.904236
19.517371 -30.547635 -2423.715886 2854.568767 -0.375559 0.893527 0.246097 -0.462690 -0.410839 0.785576 -0.803040 -0.181164 -0.567721
20.916541 -28.877534 346.563469 2347.287897 -0.344716 0.889159 0.300942 -0.463320 -0.439983 0.769253 -0.816398 -0.125741 -0.563635
18.771609 -23.555242 -592.707604 2725.343189 -0.341923 0.910220 0.233642 -0.414442 -0.369203 0.831822 -0.843402 -0.187588 -0.503472
138.794161 -96.668153 49902.374599 -1420.929019 0.681020 -0.337683 0.649755 0.731262 0.360059 -0.579322 -0.038323 0.869671 0.492142
261.873787 -89.200683 132556.212749 -9283.791611 0.667955 -0.445608 0.596044 0.724768 0.571346 -0.385065 -0.168960 0.689200 0.704597
206.687770 -97.370222 32027.192824 -7196.694054 0.569121 -0.217682 0.792916 0.788752 0.416985 -0.451656 -0.232318 0.882461 0.409012
92.106665 -95.151827 63893.615128 2167.740883 0.764002 -0.459587 0.452859 -0.644950 -0.523896 0.556393 0.018460 0.717156 0.696668
78.291354 -96.405971 9171.974432 -2847.495397 0.737377 -0.310713 0.599776 -0.664022 -0.170571 0.727998 0.123894 0.935074 0.332096
83.141671 -100.645368 34204.776196 -2118.932842 0.768873 -0.342953 0.539646 -0.637539 -0.346807 0.687946 0.048780 0.872988 0.485296
17.040155 -46.624638 -3960.073098 -109.197287 -0.426992 0.868688 0.251115 -0.574111 -0.045881 -0.817491 0.698623 0.493230 -0.518314
22.631547 -43.428038 -2788.320063 -573.233216 -0.474452 0.837553 0.270923 -0.571906 -0.059316 -0.818172 0.669192 0.543126 -0.507145
16.658979 -46.671157 -4088.519153 -1548.057906 -0.416803 0.866848 0.273587 -0.642839 -0.068298 -0.762950 0.642676 0.493872 -0.585711
22.512819 -41.853416 -2396.896236 432.066610 -0.495519 0.836244 0.234853 -0.492843 -0.048042 -0.868791 0.715239 0.546248 -0.435943
12.545908 -48.189917 -2080.085467 -645.100921 -0.391586 0.880176 0.268235 -0.651421 -0.059301 -0.756395 0.649854 0.470928 -0.596587
12.949335 -49.122502 -2579.967172 455.117399 -0.394595 0.885049 0.246945 -0.580128 -0.031551 -0.813914 0.712563 0.464426 -0.525892
17.797810 -45.854355 -3637.865471 777.768078 -0.442534 0.869538 0.219243 -0.492250 -0.031187 -0.869895 0.749569 0.492880 -0.441832
14.206429 -112.417208 251.290932 -3998.052977 0.662368 -0.745025 -0.078782 0.747962 0.663617 0.012877 0.042687 -0.067455 0.996809
11.450366 -109.115070 1457.886644 -5955.501488 -0.659375 0.751812 -0.001838 0.750157 0.658083 0.064737 -0.049880 -0.041307 0.997901
14.232113 -112.087685 710.040315 1371.959558 -0.678895 0.731674 0.061282 0.708577 0.674756 -0.206455 0.192408 0.096738 0.976535
13.617170 -108.934422 1996.824745 5571.648952 -0.689340 0.723245 0.041553 0.651171 0.643739 -0.401966 0.317469 0.250033 0.914711
18.378401 -114.781384 -198.009995 9337.315191 -0.664036 0.736277 0.130201 0.630454 0.644972 -0.431901 0.401975 0.204712 0.892474
-6.681508 -62.003537 -718.238787 -7421.296720 0.637390 -0.763628 -0.102987 -0.607078 -0.415355 -0.677448 -0.474542 -0.494320 0.728325
-4.470068 -67.033104 1494.164964 5905.292943 -0.618151 0.782186 0.077936 0.580024 0.386962 0.716821 -0.530529 -0.488308 0.692888
-7.756866 -84.024174 1770.017849 9363.186526 -0.624526 0.776841 0.080528 0.508474 0.326169 0.796911 -0.592808 -0.538638 0.598705
-4.175298 -54.421820 1057.452460 2629.032579 -0.642104 0.764090 0.062200 0.628508 0.478234 0.613408 -0.438953 -0.432965 0.787313
-10.223848 -82.787563 -563.045310 -12911.150318 0.651131 -0.752028 -0.102382 -0.547763 -0.372268 -0.749248 -0.525342 -0.543939 0.654328
-5.629709 -49.904875 -169.742210 -2244.895613 0.676645 -0.732617 -0.073648 -0.619262 -0.512118 -0.595189 -0.398329 -0.448339 0.800204
-8.278789 -57.030016 577.997093 -8021.332621 0.678714 -0.725399 -0.114648 -0.605050 -0.463833 -0.647127 -0.416248 -0.508582 0.753712
34.226624 -28.829423 3465.806598 -10921.465152 0.200988 0.963894 -0.174675 -0.569888 0.260086 0.779476 -0.796763 0.057120 -0.601586
29.848813 -43.923480 -1821.415925 -10445.114179 0.145472 0.986460 -0.075725 -0.547175 0.143987 0.824541 -0.824280 0.078513 -0.560713
26.427654 -50.768396 1905.270729 -13684.839156 0.144018 0.983740 -0.107305 -0.521971 0.167641 0.836327 -0.840717 0.064436 -0.537627
-1.203166 -52.587507 5593.367111 879.657851 -0.234851 0.938196 0.254229 0.959730 0.265287 -0.092425 -0.154156 0.222285 -0.962718
-2.203792 -52.974757 5065.537363 -251.070027 -0.241668 0.938294 0.247388 -0.928054 -0.297951 0.223475 -0.283395 0.175583 -0.942793
8.733680 -51.980101 4349.336258 1204.567736 -0.239746 0.943875 0.227206 0.955870 0.270429 -0.114809 -0.169808 0.189654 -0.967056
18.290182 -51.160182 -1479.876502 960.944641 -0.370966 0.911784 0.176168 0.928243 0.369666 0.041386 -0.027388 0.178880 -0.983490
20.115028 -49.317168 -1826.609277 1337.141052 -0.375637 0.911586 0.167057 0.921736 0.348721 0.169695 0.096435 0.217727 -0.971234
18.233204 -48.353343 2890.677844 1120.941417 -0.400147 0.884857 0.238557 0.914538 0.368735 0.166298 0.059185 0.284714 -0.956784
20.614717 -46.349630 2783.538177 1065.666162 -0.407148 0.884653 0.227201 0.897470 0.341287 0.279409 0.169640 0.317667 -0.932904
14.946142 -46.072712 5192.002171 1032.157438 -0.425486 0.859348 0.283696 0.895013 0.353231 0.272360 0.133842 0.369797 -0.919422
-14.726082 -183.395273 -669.030722 2935.631869 -0.553981 0.794686 -0.248151 0.626430 0.594217 0.504472 -0.548353 -0.124019 0.827000
-14.863380 -167.923908 2737.904865 10536.095554 -0.498311 0.827665 -0.258179 0.636407 0.551412 0.539380 -0.588789 -0.104472 0.801507
-19.921125 -186.315452 1084.537117 2714.573993 -0.539844 0.802388 -0.254443 0.477947 0.541003 0.692013 -0.692918 -0.251969 0.675556
-19.472656 -196.350321 -1102.474771 8966.564382 -0.594481 0.770038 -0.231590 0.462536 0.563056 0.684857 -0.657764 -0.300015 0.690896
-21.642672 -197.161942 1476.287992 12241.818949 -0.525716 0.810059 -0.259669 0.295217 0.460022 0.837392 -0.797790 -0.363572 0.480984
-20.598330 -192.348371 -1352.044359 10657.394613 -0.571772 0.787316 -0.230674 0.303404 0.464156 0.832169 -0.762248 -0.405824 0.504266
-5.002985 -111.539046 1148.602536 -1819.203192 -0.646033 0.761242 -0.056145 0.414849 0.411902 0.811318 -0.640736 -0.500846 0.581903
-5.914906 -103.565108 -164.756258 -2434.124717 -0.654405 0.755656 -0.027162 0.429021 0.400636 0.809587 -0.622652 -0.518145 0.586370
-6.285563 -112.497393 1117.014880 -3033.746334 -0.666625 0.739981 -0.089665 0.487750 0.524004 0.698226 -0.563659 -0.421721 0.710240
-12.349564 -114.757463 -480.079032 -12877.226599 0.569951 -0.807758 0.150605 0.812448 0.526606 -0.250229 0.122815 0.264977 0.956401
-12.769853 -106.258650 86.704582 -13810.215957 0.567099 -0.816584 0.107651 0.807536 0.525509 -0.267815 0.162122 0.238810 0.957437
-11.864062 -127.097873 -633.796405 -9512.476524 0.607344 -0.781739 0.141480 0.744554 0.497997 -0.444566 0.277079 0.375344 0.884502
10.983419 -60.072162 -11759.471385 3585.556334 0.879526 -0.398556 0.259975 -0.051412 0.463549 0.884579 0.473065 0.791376 -0.387213
27.528040 -63.556773 -8391.296297 4158.587551 0.850740 -0.485027 0.202461 0.031254 0.431214 0.901708 0.524657 0.760791 -0.382010
30.248554 -61.420198 -13271.757460 2871.696701 0.868545 -0.422505 0.259073 -0.080716 0.395168 0.915056 0.488993 0.815679 -0.309118
0.594320 -58.880865 -15346.674413 849.332677 0.885425 -0.351195 0.304442 -0.140391 0.422337 0.895501 0.443072 0.835640 -0.324643
-1.941642 -59.095562 -8059.552039 2310.740338 0.873285 -0.370497 0.316395 -0.102440 0.495255 0.862687 0.476319 0.785782 -0.394545
16.958386 -59.756547 -18544.789766 593.930969 0.882779 -0.366622 0.293752 -0.132849 0.404947 0.904638 0.450614 0.837619 -0.308773
2.304112 -158.257732 2366.994820 36046.087588 -0.388225 0.911038 -0.138894 0.418282 0.308492 0.854326 -0.821171 -0.273574 0.500835
3.075679 -143.529871 578.607415 22570.318676 -0.401851 0.901811 -0.158912 0.455459 0.347394 0.819679 -0.794401 -0.257011 0.550339
4.121676 -132.300618 1127.485046 17661.310356 -0.402443 0.904375 -0.141935 0.543813 0.360901 0.757640 -0.736415 -0.227721 0.637052
5.072581 -153.493090 1788.164573 32562.389872 -0.401223 0.907661 -0.123170 0.495732 0.328244 0.804056 -0.770240 -0.261547 0.581655
5.736792 -126.778879 768.050047 1041.753468 -0.414008 0.898876 -0.143599 0.632090 0.397404 0.665231 -0.655026 -0.184643 0.732699
6.474852 -139.525959 897.144045 6948.448968 -0.408184 0.905048 -0.119475 0.603059 0.365579 0.708994 -0.685351 -0.217349 0.695020
106.226292 38.012438 15339.090989 -19755.888279 0.086459 0.241889 0.966444 -0.524002 0.836093 -0.162386 -0.847317 -0.492379 0.199038
80.657103 18.819869 22666.895738 -25167.797764 0.059975 0.427936 0.901817 -0.557165 0.763962 -0.325466 -0.828233 -0.482941 0.284250
98.786973 38.289563 37040.222072 -17449.805929 0.100651 0.403527 0.909415 -0.520531 0.800333 -0.297514 -0.847890 -0.443434 0.290602
110.097520 -4247.187825 -290502.358614 6415734.250323 -0.588108 0.807176 0.050951 -0.648709 -0.433150 -0.625746 0.483017 0.401059 -0.778361
1547.604074 -2698.096620 -1105716.301301 261047.378885 -0.419231 0.904491 0.078371 -0.882189 -0.385457 -0.270491 0.214448 0.182536 -0.959527
61.044308 -1784.753896 -67886.729769 -186702.239798 -0.575711 0.817230 -0.026301 -0.498593 -0.376373 -0.780864 0.648045 0.436438 -0.624147
422.166665 -2062.570107 -198312.824398 406531.506741 -0.432741 0.885035 0.171606 0.883971 0.379187 0.273518 0.177002 0.270058 -0.946435
41.623427 -1728.626533 -15895.736834 360879.482845 -0.622167 0.782626 0.020097 -0.214591 -0.145795 -0.965761 0.752900 0.605178 -0.258653
32.238272 -1052.749930 4068.442918 450947.876371 -0.580042 0.811879 0.066363 -0.321704 -0.153468 -0.934320 0.748370 0.563294 -0.350203
3.979181 -1751.078491 68007.087216 2272545.335364 -0.537736 0.831124 0.141677 -0.698454 -0.345018 -0.626996 0.472231 0.436113 -0.766031
-13.848712 -410.912164 -2508.245196 133569.881896 -0.584474 0.615881 -0.528281 0.753767 0.653129 -0.072514 0.300375 -0.440583 -0.845968
-21.521876 -556.823474 2959.685637 179711.765002 -0.517828 0.661759 -0.542153 0.854912 0.423480 -0.299649 0.031296 -0.618659 -0.785036
-12.312846 -515.441012 6631.784441 187674.329145 -0.558249 0.672074 -0.486492 0.785147 0.617448 -0.047969 0.268145 -0.408747 -0.872367
-7.325441 -305.201800 2217.163237 66029.965762 -0.649029 0.577930 -0.494731 0.606321 0.785736 0.122451 0.459496 -0.220492 -0.860376
-638.696761 -1759.596749 -267009.208684 -194554.061016 -0.669125 0.737622 0.090476 -0.152854 -0.017461 -0.988094 0.727260 0.674988 -0.124432
-655.712286 -2435.665183 -238081.459911 996878.227336 -0.655207 0.704729 0.272141 0.225124 0.526013 -0.820140 0.721126 0.476096 0.503299
-296.332311 -1236.274807 -123944.928334 -196215.215644 -0.601886 0.763921 0.232721 0.548671 0.607326 -0.574557 0.580253 0.218130 0.784682
-810.282914 -2986.810701 -291246.734905 -253960.744632 -0.625114 0.589433 0.511665 0.719357 0.180661 0.670736 0.302916 0.787356 -0.536947
-186.747139 -9741.886851 -136439.849334 9448704.214585 -0.483795 0.789884 0.376862 0.870719 0.390988 0.298290 0.088266 0.472452 -0.876925
-9.530568 -32.690179 3136.191430 1816.409503 0.373714 0.907647 0.191087 0.341110 -0.326064 0.881661 -0.862544 0.264308 0.431462
-4.326161 -30.774577 1639.568161 1810.854173 0.346252 0.931724 0.109543 0.372545 -0.243724 0.895438 -0.860999 0.269237 0.431499
-7.059788 -35.853380 3164.686694 1818.763907 0.349886 0.929197 0.119047 0.320666 -0.238198 0.916752 -0.880201 0.282585 0.381304
-14.510709 -38.437213 4618.611532 1745.297721 0.357442 0.917552 0.174167 0.299917 -0.289382 0.909015 -0.884468 0.272685 0.378627
-16.872931 -35.628586 3962.341411 1867.024104 0.391157 0.872847 0.291777 0.308216 -0.422970 0.852115 -0.867179 0.243380 0.434473
49.682609 18.867246 -3672.419973 -22436.629248 -0.000151 -0.651483 -0.758663 -0.087988 0.755729 -0.648946 0.996122 0.066655 -0.057437
44.550893 -13.649832 4173.942656 -15355.930969 -0.079961 0.790176 0.607642 -0.124738 0.596870 -0.792582 0.988962 0.139171 -0.050839
40.550747 0.890566 4233.112819 -20199.182989 -0.126557 -0.703685 -0.699150 -0.085405 0.709929 -0.699075 0.988276 -0.028761 -0.149945
-32.721897 -66.663579 14740.886977 -12995.882332 0.646470 -0.405920 -0.645993 -0.641400 0.169344 -0.748284 -0.413138 -0.898082 0.150882
-23.056889 -56.481645 14868.416286 -819.283422 0.748700 -0.416541 -0.515695 -0.523996 0.104635 -0.845269 -0.406049 -0.903075 0.139926
-30.573670 -60.828972 -202.371846 -5794.218759 0.837882 -0.481009 -0.258039 -0.349424 -0.109475 -0.930547 -0.419353 -0.869854 0.259803
-21.200452 -59.510639 -8311.916575 -24962.593634 0.901411 -0.394234 0.178992 0.006528 -0.400987 -0.916061 -0.432916 -0.826915 0.358880
-24.517359 -50.157981 553.584610 -16295.707680 0.844506 -0.490691 -0.214550 -0.358530 -0.220418 -0.907123 -0.397827 -0.842993 0.362072
-3314.763374 -4343.737704 -1833715.946172 -3697817.567035 -0.713118 0.693578 0.102039 -0.598114 -0.677860 0.427511 -0.365680 -0.243835 -0.898233
-2436.851685 -6598.085586 -266376.288679 5807503.248047 0.463414 0.582839 -0.667492 0.870275 -0.441248 0.218910 -0.166940 -0.682348 -0.711711
-1573.983627 -2649.368517 405986.866197 -907188.084260 -0.459599 -0.224946 0.859167 -0.478918 0.877461 -0.026454 -0.747935 -0.423629 -0.511010
-2021.111258 -2553.758820 1144624.837242 -1924285.239761 0.896357 0.432790 -0.096112 -0.390139 0.667078 -0.634664 0.210562 -0.606383 -0.766788
-1976.722447 -12168.339451 902639.778250 19746423.740682 -0.430549 -0.591109 0.682069 -0.331260 0.806451 0.489799 -0.839580 -0.015060 -0.543027
-2918.174510 -4661.279269 -1261908.806557 3797338.571504 -0.598738 0.799099 -0.054356 0.800870 0.596370 -0.054314 -0.010985 -0.076052 -0.997043
-2052.196489 -13380.980012 1539074.996437 22104820.620479 0.863964 0.503140 0.020399 -0.454321 0.761384 0.462479 -0.217160 0.408833 -0.886395
-1163.302168 -3362.960236 -530563.810507 4975665.291125 -0.748110 -0.521370 0.410493 -0.353187 0.836557 0.418845 -0.561774 0.168361 -0.809978
-1222.359325 -2320.982592 761007.235349 -2035479.465596 0.814164 -0.007314 -0.580589 -0.518512 0.440845 -0.732667 -0.261309 -0.897553 -0.355128
-1183.823481 -2883.461728 737241.235909 -1651593.712176 0.994634 0.087658 -0.054955 -0.062704 0.088247 -0.994123 0.082293 -0.992234 -0.093270
-2568.204790 -5419.410270 -1818952.996313 8993026.401204 -0.619073 0.017465 -0.785139 0.763777 -0.219243 -0.607106 -0.182739 -0.975514 0.122388
-27.384608 -1527.207114 16872.691805 622719.203874 0.739964 0.311754 0.596039 -0.665654 0.211952 0.715529 -0.096737 0.926221 -0.364357
-106.702227 -7111.343899 -37236.076649 2738732.349724 0.935545 0.062209 0.347685 -0.291453 0.692028 0.660418 0.199524 0.719185 -0.665555
-55.362213 -410.642096 1165.435073 135813.077537 0.884174 0.250655 0.394218 -0.453941 0.261685 0.851739 -0.110332 0.932037 -0.345157
-133.594347 -478.535073 -33326.992078 -178568.011120 0.676251 -0.001198 0.736670 0.665890 0.428701 -0.610579 0.315079 -0.903446 -0.290707
-86.387460 -335.993977 -17218.161727 -72014.781051 0.669349 0.015305 0.742790 0.481766 0.752153 -0.449631 0.565573 -0.658811 -0.496080
-147.236542 -348.062558 -41648.289296 -87525.766297 0.599723 0.015065 0.800066 0.568474 0.695644 -0.439223 0.563178 -0.718229 -0.408629
-215.674311 -308.580141 57498.555764 -74135.650290 -0.461376 -0.211746 -0.861566 0.598654 0.642404 -0.478467 0.654787 -0.736533 -0.169628
-244.363988 -396.816603 -66562.743225 -113684.202576 0.680220 0.190319 0.707870 0.611445 0.385288 -0.691150 0.404273 -0.902957 -0.145711
-53.269975 -81.355765 -81.865927 3975.993582 0.146992 0.978599 0.144003 0.942575 -0.094439 -0.320366 0.299910 -0.182825 0.936285
-46.622005 -75.386617 -1272.353084 4449.254842 0.372826 0.927054 -0.039631 0.848255 -0.357826 -0.390415 0.376117 -0.111940 0.919786
150.165940 -103.213028 -33662.658370 -2542.785764 -0.116956 0.826866 0.550104 0.387258 0.548029 -0.741414 0.914523 -0.126319 0.384306
152.858408 -108.884783 -5670.231078 -6520.127024 -0.459392 0.815879 0.351141 0.333935 0.524965 -0.782879 0.823071 0.242390 0.513616
-38.656458 -68.908800 1874.850703 321.017844 0.868556 0.446261 0.215552 0.494924 -0.803619 -0.330524 -0.025722 -0.393760 0.918853
-42.380205 -69.440439 1501.742708 2410.448850 0.941510 0.285677 0.178736 0.336316 -0.829953 -0.445050 -0.021202 -0.479131 0.877487
-47.990571 -77.591584 2756.271091 542.662925 0.921644 0.278275 0.270435 0.370366 -0.838765 -0.399126 -0.115765 -0.468012 0.876107
-46.609236 -78.267021 2673.162522 -1742.101645 0.860934 0.385267 0.332206 0.465074 -0.860710 -0.207086 -0.206150 -0.332788 0.920193
-39.889759 -73.794013 4650.061425 -2183.135488 0.789438 0.535816 0.299481 0.581053 -0.809605 -0.083165 -0.197901 -0.239668 0.950471
37.569921 -1.288832 6930.026828 -4351.657203 -0.540577 0.179176 -0.821993 -0.311644 0.864901 0.393478 0.781444 0.468874 -0.411706
-1.476640 -49.234644 -1440.832172 433.420971 0.721777 0.674503 -0.155189 0.692123 -0.703998 0.159224 0.001856 0.222334 0.974969
-2.060580 -48.236130 -685.755997 399.295240 -0.695608 -0.684799 0.217210 0.716992 -0.680795 0.149799 0.045293 0.259939 0.964562
-0.333048 -48.739001 -183.611956 249.205364 0.695170 0.689993 -0.201613 -0.701723 0.712224 0.017920 0.155958 0.129019 0.979301
-0.834942 -45.086195 -551.105639 -208.596504 0.422082 0.766307 -0.484377 -0.669851 0.623650 0.402941 -0.610858 -0.154386 -0.776542
1.419126 -46.402808 -417.560075 -91.814628 0.434452 0.758642 -0.485503 -0.679827 0.629791 0.375763 -0.590835 -0.166808 -0.789360
0.289440 -44.949182 -383.551510 10.774554 0.413753 0.775258 -0.477267 -0.587619 0.627836 0.510417 -0.695350 -0.069264 -0.715326
0.643565 -47.063356 -384.078961 -44.320636 0.450986 0.744897 -0.491671 -0.740390 0.619862 0.259987 -0.498432 -0.246778 -0.831064
-1.559256 -44.205395 -414.839413 10.324904 0.406877 0.782641 -0.471088 -0.571615 0.620398 0.536994 -0.712536 -0.050790 -0.699795
-2.848263 -44.017891 -972.183265 -155.204345 0.407299 0.779204 -0.476391 -0.661204 0.611406 0.434732 -0.630013 -0.137925 -0.764238
-2.059579 -45.516309 -839.866199 -53.903093 0.434964 0.753980 -0.492260 -0.735140 0.613039 0.289400 -0.519977 -0.236002 -0.820931
-22.429740 -134.535526 -2958.911869 -2042.946624 -0.130017 0.971513 0.198136 0.598345 -0.082465 0.796984 -0.790619 -0.222175 0.570578
-31.685432 -131.858635 -1355.812756 9429.433258 -0.097931 0.988118 0.118457 0.821658 0.013122 0.569829 -0.561505 -0.153135 0.813180
-3.806318 -63.513595 384.191423 -2543.173433 0.359118 0.880429 -0.309643 -0.248808 0.410083 0.877455 -0.899516 0.238068 -0.366326
-2.534908 -61.854216 312.663952 -2085.554907 0.368602 0.874162 -0.316185 -0.222197 0.413128 0.883150 -0.902641 0.255276 -0.346517
-0.774234 -55.378314 318.574049 -1368.046529 0.380569 0.851252 -0.361298 -0.355195 0.495285 0.792798 -0.853817 0.173384 -0.490851
-11.976745 -48.822777 -2358.324126 -294.157908 0.450496 0.725693 -0.520022 -0.333818 0.677146 0.655773 -0.828021 0.121831 -0.547301
-13.377614 -47.587434 -1916.913634 -133.740966 0.458545 0.695528 -0.553152 -0.182055 0.682769 0.707590 -0.869823 0.223758 -0.439705
-24.452760 -49.546533 3508.923154 395.849864 -0.495971 -0.565703 0.658781 -0.053796 0.777228 0.626915 -0.866671 0.275492 -0.415916
3.329788 -124.458414 -560.338481 3681.599204 0.380498 -0.156755 0.911400 0.882995 -0.231322 -0.408425 0.274849 0.960166 0.050396
0.374490 -129.232544 -221.298273 1950.569952 0.402225 -0.151597 0.902903 0.912399 -0.015260 -0.409017 0.075784 0.988325 0.132179
0.034538 -82.773585 -882.621481 -4126.419368 0.404081 -0.181003 0.896636 -0.255845 0.918740 0.300765 -0.878215 -0.350933 0.324936
0.564254 -73.323711 -905.559077 -4362.327072 0.401059 -0.168455 0.900430 -0.377478 0.865223 0.330000 -0.834663 -0.472242 0.283417
2.323751 -71.941813 -996.619969 -7126.512848 0.416978 -0.191439 0.888527 -0.366962 0.858894 0.357266 -0.831546 -0.475028 0.287889
-14.351403 -97.412245 546.620749 -1454.411067 0.062945 0.954072 0.292889 0.040784 0.290767 -0.955924 0.997183 -0.072115 0.020609
-15.161390 -97.556938 618.710985 -1476.367334 0.064453 0.950227 0.304818 -0.162197 0.311367 -0.936346 0.984651 -0.010910 -0.174192
-13.368492 -92.460051 37.495317 -845.700682 0.115804 0.958642 0.259991 0.244011 0.226274 -0.943005 0.962833 -0.172645 0.207716
-12.597816 -99.533984 1119.384769 133.940487 0.006840 0.944171 0.329386 -0.183491 0.324986 -0.927747 0.982998 0.054093 -0.175470
-11.419911 -99.332276 877.445119 -119.216215 0.010192 0.948053 0.317948 0.022561 0.317666 -0.947934 0.999694 -0.016835 0.018152
-12.669969 -94.948398 500.372380 -1542.630042 0.057978 0.956226 0.286827 0.250585 0.264173 -0.931354 0.966357 -0.125872 0.224300
3.458155 -100.819530 6433.491163 6244.483185 -0.424474 0.046472 -0.904247 0.775054 0.534949 -0.336335 0.468096 -0.843605 -0.263090
-4.685312 -103.029092 1936.896971 7215.688907 -0.462145 -0.010568 -0.886742 0.708965 0.596273 -0.376599 0.532720 -0.802712 -0.268072
-10.400894 -115.871879 950.011855 15779.356617 -0.497042 -0.034823 -0.867027 0.764441 0.455218 -0.456516 0.410584 -0.889699 -0.199642
2.546681 -105.298019 -1028.248052 6698.225459 0.532589 0.236882 0.812549 -0.153855 0.971137 -0.182270 -0.832273 -0.027940 0.553662
1.895240 -118.648236 424.161307 8848.817657 0.554706 0.202971 0.806910 -0.190152 0.975050 -0.114546 -0.810027 -0.089896 0.579461
-1.467045 -120.553673 1926.105294 6613.197968 0.568647 0.183726 0.801802 -0.119506 0.982848 -0.140456 -0.813855 -0.015950 0.580849
77.022677 12.680197 38693.418527 14130.699973 0.998017 0.040754 -0.047977 -0.046736 -0.030877 -0.998430 0.042172 -0.998692 0.028911
72.345486 3.279456 53052.459692 -9569.305202 0.954262 0.070761 -0.290477 -0.284451 -0.084228 -0.954983 0.092042 -0.993931 0.060248
-84.152543 -441.335861 -2306.287916 279659.725620 0.119488 -0.248835 0.961147 0.907552 -0.365169 -0.207365 0.402581 0.897069 0.182197
-8.569146 -494.415838 3128.356315 234203.634336 0.437573 -0.224536 0.870697 0.898882 0.084161 -0.430034 0.023279 0.970825 0.238658
-208.790928 -1806.677686 54807.171929 878040.614047 0.333644 -0.198600 0.921542 0.934132 -0.061844 -0.351530 0.126806 0.978128 0.164884
