18646
37279
-38.227355 -60.009343 134.667973 7007.803472 0.403972 0.907067 -0.118470 0.723993 -0.396190 -0.564684 0.559143 -0.142345 0.816760
-40.348457 -68.877648 -1152.413104 6100.758929 0.365486 0.921671 -0.130164 0.794154 -0.381703 -0.472888 0.485531 -0.069464 0.871455
-48.847522 -78.224238 2020.561521 5409.056822 0.137713 0.989229 0.049607 0.904054 -0.105080 -0.414299 0.404624 -0.101902 0.908788
-36.575689 -59.070272 -182.142473 6242.927258 0.498041 0.808816 -0.312685 0.646378 -0.586639 -0.487903 0.578057 -0.040883 0.814972
-42.870361 -76.586298 150.335879 13722.334696 0.034289 0.981754 0.187039 0.850304 0.069686 -0.521658 0.525173 -0.176927 0.832400
-34.933815 -55.647581 -723.118711 9895.681828 0.302965 0.952455 0.032283 0.736183 -0.212391 -0.642592 0.605183 -0.218449 0.765528
-28.477685 -46.463751 -1314.395352 5867.151988 0.562060 0.781712 -0.270212 0.529832 -0.591161 -0.608117 0.635111 -0.198631 0.746444
-32.325533 -50.355489 35.359718 3930.779774 0.584186 0.720912 -0.372845 0.513528 -0.684054 -0.518034 0.628503 -0.111162 0.769823
75.696888 -47.557796 -18663.400345 -4850.675897 0.565712 0.814456 0.128966 -0.110809 0.230063 -0.966847 0.817124 -0.532666 -0.220398
95.535483 -52.189459 -13205.162403 -3724.975422 0.429894 0.863641 0.263277 -0.053841 0.315599 -0.947364 0.901273 -0.393091 -0.182174
111.181486 -65.404018 -15534.715042 -7759.008114 0.406679 0.894543 0.185487 -0.156608 0.268292 -0.950523 0.900048 -0.357509 -0.249201
123.098718 -70.480905 -12945.650754 -6627.802531 0.227362 0.915596 0.331649 -0.043702 0.349819 -0.935797 0.972829 -0.198271 -0.119549
151.295375 -83.451500 -6507.816346 -7748.169499 0.112414 0.947142 0.300474 -0.198604 0.317705 -0.927157 0.973612 -0.044550 -0.223821
6.147604 -64.291823 2665.435096 -19977.575896 0.644687 0.652069 -0.398979 0.061838 -0.564692 -0.822982 0.761941 -0.505894 0.404372
6.585756 -177.895889 1123.157304 -80270.697358 0.682018 0.717375 -0.142212 0.333422 -0.478073 -0.812574 0.650908 -0.506773 0.565243
20.281222 -70.911671 8509.446575 32628.008258 0.617635 0.554730 -0.557496 -0.037979 0.729074 0.683380 0.785547 -0.400907 0.471370
6.091583 -43.130051 9627.006346 14885.970344 0.571898 0.506635 -0.645177 0.089405 0.743310 0.662946 0.815439 -0.436819 0.379801
106.953447 -80.409244 -1285.955381 -8778.528671 0.636964 -0.500722 0.586135 0.729039 0.638391 -0.246897 -0.250557 0.584580 0.771679
131.154422 -61.953729 -4915.191518 -7352.214464 0.605135 -0.502208 0.617737 0.697047 0.709095 -0.106348 -0.384625 0.494947 0.779161
97.159457 -70.291816 -6688.955273 -6768.304862 0.460463 -0.373709 0.805180 0.760011 0.634634 -0.140079 -0.458646 0.676447 0.576249
168.445262 -79.726898 -23927.649460 5893.073469 0.720768 -0.555210 0.415013 -0.665441 -0.721875 0.189961 -0.194119 0.413084 0.889763
78.562338 -84.608249 -1241.369148 -9768.770927 0.487025 -0.412451 0.769864 0.810356 0.542185 -0.222168 -0.325775 0.732065 0.598290
59.222289 -99.181336 4693.569953 -13111.160855 0.584550 -0.507296 0.633208 0.799611 0.492511 -0.343591 -0.137560 0.707166 0.693537
90.110711 -92.227300 -6895.256475 11954.388828 0.722931 -0.486126 0.490971 -0.680849 -0.622122 0.386535 -0.117539 0.613715 0.780730
154.329430 -88.236141 -31238.700229 1343.145072 0.779943 -0.474509 0.408081 -0.615336 -0.700424 0.361617 -0.114239 0.533148 0.838274
13.688500 -48.432896 -12935.024286 -614.688815 0.200871 0.855287 0.477636 0.426706 0.362497 -0.828564 0.881801 -0.370244 0.292141
40.381349 -48.060187 -19475.546395 147.986346 0.171854 0.836381 0.520512 0.442115 0.406692 -0.799460 0.880341 -0.367516 0.299885
36.304520 -48.858602 -19692.093935 -556.813065 0.195169 0.836663 0.511765 0.344361 0.430121 -0.834513 0.918327 -0.339103 0.204168
14.627999 -45.611948 -13968.199877 -919.652935 0.193403 0.852188 0.486180 0.526601 0.327944 -0.784311 0.827820 -0.407711 0.385338
-20.859911 -50.841808 910.222395 942.698079 0.160229 0.566396 -0.808408 0.631419 0.570693 0.524994 0.758707 -0.594563 -0.266192
-20.664960 -51.150842 1358.837495 -2512.241772 0.178097 0.570163 -0.801995 0.741411 0.458125 0.490339 0.646987 -0.681935 -0.341134
-20.706516 -52.492723 738.894719 1532.868804 0.173177 0.622050 -0.763586 -0.711621 -0.456961 -0.533651 0.680886 -0.635799 -0.363529
-21.999643 -50.800134 -1029.040370 422.197403 0.255008 0.541935 -0.800798 -0.635674 -0.530101 -0.561169 0.728621 -0.652149 -0.209314
-20.780457 -51.822324 1031.049926 -1441.550616 0.096517 0.598439 -0.795333 -0.609783 -0.595996 -0.522450 0.786670 -0.535406 -0.307394
-20.487612 -52.227307 925.953285 2918.419716 0.140078 0.564509 -0.813454 0.549200 0.639294 0.538221 0.823867 -0.522142 -0.220477
-22.295955 -51.766181 518.145663 2068.098803 0.204819 0.549949 -0.809694 0.539068 0.627089 0.562285 0.816979 -0.551647 -0.168020
-2.422893 -50.631699 158.572321 -2053.331127 0.606565 0.755362 -0.248007 -0.553391 0.177166 -0.813862 0.570822 -0.630905 -0.525473
-2.760754 -52.231771 -438.991236 -2528.555729 0.612951 0.746133 -0.259956 -0.521282 0.134635 -0.842697 0.593765 -0.652042 -0.471470
-4.023181 -49.839829 296.526781 -1763.881772 0.592387 0.756101 -0.278190 0.639731 -0.231565 0.732886 0.489717 -0.612119 -0.620877
-6.383244 -55.813108 2241.323640 -1856.298886 0.543085 0.782364 -0.304904 0.723739 -0.252032 0.642403 0.425747 -0.569550 -0.703102
-3.084875 -51.698755 489.203734 -4667.070973 0.562719 0.771597 -0.296623 0.728122 -0.292749 0.619787 0.391390 -0.564744 -0.726552
1.537017 -48.694807 -844.548814 -624.381807 0.395769 0.833420 -0.385718 -0.664073 0.549834 0.506646 -0.634330 -0.055630 -0.771058
2.836444 -45.739006 1459.384640 -3325.754638 0.425964 0.819282 -0.383839 -0.652561 0.572075 0.496884 -0.626673 -0.038824 -0.778315
3.267068 -48.271901 725.930296 -1629.506390 0.429543 0.811294 -0.396604 -0.686935 0.578632 0.439664 -0.586185 -0.083587 -0.805854
3.719040 -46.107005 1994.983117 -1200.510082 0.444765 0.803331 -0.396035 -0.667156 0.592168 0.451929 -0.597568 -0.063215 -0.799323
32.366058 -86.258103 -398.324697 -3952.942387 0.386648 0.910859 -0.144357 -0.008435 -0.153032 -0.988185 0.922189 -0.383297 0.051487
38.162121 -88.751394 -351.288499 2836.398785 0.339232 0.928276 -0.152398 -0.204939 -0.085185 -0.975061 0.918107 -0.362004 -0.161343
37.248876 -84.624634 -516.182226 4802.476876 0.400743 0.897271 -0.185229 -0.205073 -0.109197 -0.972636 0.892945 -0.427763 -0.140247
16.155054 -109.347052 4646.229532 4485.200347 0.002467 0.982669 0.185350 0.145402 0.183028 -0.972296 0.989370 -0.029349 0.142430
12.323734 -107.608822 4096.674911 2993.726290 -0.008638 0.972384 0.233227 0.043563 0.233380 -0.971409 0.999013 -0.001769 0.044376
21.311645 -102.764039 4766.953823 3130.529102 0.004645 0.983743 0.179519 -0.036965 0.179567 -0.983051 0.999306 0.002070 -0.037198
3.479390 -152.468098 -1609.465109 5051.623299 0.117689 0.991309 0.058786 -0.623804 0.027739 0.781089 -0.772669 0.128596 -0.621647
2.704295 -147.699755 -1422.521074 1544.964912 0.098946 0.993110 0.062786 -0.632213 0.014013 0.774668 -0.768451 0.116345 -0.629244
1.894306 -152.764913 -1122.642141 2262.491005 0.125552 0.990771 0.051079 -0.787547 0.068224 0.612467 -0.603330 0.117123 -0.788844
3.850463 -141.070865 922.045344 -3153.801378 0.148841 0.987017 0.060371 -0.887350 0.106370 0.448659 -0.436412 0.120349 -0.891662
1.392327 -155.160332 -593.946562 -1798.957498 0.158665 0.986149 0.048325 -0.923680 0.130968 0.360088 -0.348771 0.101770 -0.931666
-10.634940 -86.634900 1024.192155 -9349.961406 0.265882 0.890824 -0.368430 0.033886 0.373313 0.927086 -0.963410 0.258980 -0.069071
-5.678570 -87.661116 3466.237731 -6686.411532 0.322241 0.879794 -0.349463 0.038589 0.356640 0.933445 -0.945871 0.314279 -0.080974
-8.403983 -77.095808 1236.902402 -6560.267293 0.278728 0.893338 -0.352501 -0.067697 0.384411 0.920677 -0.957981 0.232756 -0.167622
-12.873228 -75.462206 -568.507841 -8748.485109 0.229144 0.907461 -0.352148 -0.098194 0.381478 0.919148 -0.968427 0.176038 -0.176520
-17.669588 -92.367952 947.382807 -10519.187724 0.237821 0.913762 -0.329363 0.045929 0.328133 0.943514 -0.970222 0.239515 -0.036068
22.246851 -98.918026 -14683.714862 -2909.008806 0.184985 -0.126561 0.974558 0.922627 0.363878 -0.127873 -0.338436 0.922808 0.184081
5.466246 -93.384322 -16399.774440 -5152.775129 0.184438 -0.097259 0.978020 0.825358 0.555612 -0.100396 -0.533635 0.825734 0.182749
-5.073851 -104.374628 -10220.370416 -2455.372251 0.218763 -0.115309 0.968941 0.902144 0.402321 -0.155803 -0.371860 0.908208 0.192038
6.766315 -104.282414 -9525.861048 3495.617613 0.222552 -0.125934 0.966753 0.969708 0.130999 -0.206167 -0.100680 0.983351 0.151274
27.619308 -101.737319 -9080.298076 261.685849 0.198708 -0.190642 0.961338 0.972864 0.157008 -0.169954 -0.118538 0.969022 0.216668
-19.136968 -53.315000 653.643095 2582.626418 0.527196 0.796642 -0.295680 0.773354 -0.594009 -0.221533 0.352119 0.111874 0.929245
-16.668903 -54.356645 1725.873965 -2100.555706 0.505336 0.802472 -0.317292 0.827445 -0.554963 -0.085739 0.244888 0.219214 0.944444
-19.448225 -53.979852 -1797.146533 -1715.031657 0.557815 0.790365 -0.253308 0.802806 -0.591255 -0.076941 0.210581 0.160438 0.964321
-16.646651 -54.386448 2446.258744 2213.491563 0.450767 0.825034 -0.340775 0.817089 -0.535074 -0.214620 0.359409 0.181700 0.915320
-19.644780 -51.096216 1406.590336 5207.249694 0.466474 0.826161 -0.316007 0.759440 -0.557234 -0.335770 0.453490 0.083361 0.887354
-19.554522 -48.190242 606.096322 4341.880072 0.509313 0.810248 -0.289997 0.731389 -0.585118 -0.350296 0.453509 0.033690 0.890615
-0.794638 -60.476629 145.730360 7841.661382 0.117806 0.971873 0.203922 0.261394 -0.228459 0.937806 -0.958016 0.057175 0.280955
-3.147730 -75.817901 -74.229156 10383.412012 0.113842 0.975698 0.187223 0.146452 -0.202871 0.968192 -0.982645 0.082802 0.165988
-1.583382 -65.877800 -50.223896 8255.439036 0.109982 0.978282 0.175695 0.249542 -0.198283 0.947846 -0.962098 0.060403 0.265930
-0.455830 -56.973449 222.800491 1147.836855 0.113204 0.973905 0.196709 0.325333 -0.223401 0.918831 -0.938799 0.040020 0.342133
-0.076544 -42.064408 -438.389813 288.749320 0.455413 0.756018 -0.470145 -0.804848 0.575352 0.145567 -0.380550 -0.312102 -0.870502
0.247138 -43.101654 -426.263447 601.327951 0.467757 0.747328 -0.471915 -0.801388 0.583804 0.130188 -0.372799 -0.317291 -0.871979
0.584336 -41.842819 -602.439958 498.359346 0.445187 0.762166 -0.470013 -0.777807 0.589212 0.218735 -0.443649 -0.268201 -0.855128
-0.720718 -41.454731 -694.014395 -131.853390 0.435344 0.771214 -0.464439 -0.770298 0.586115 0.251218 -0.465957 -0.248390 -0.849227
219.753969 -35.470789 85239.683903 -392.555714 0.643192 0.514938 -0.566694 0.384174 0.423182 0.820566 -0.662355 0.745491 -0.074362
774.487868 -33.248369 254903.512423 -1248.191517 0.498843 0.653173 -0.569668 0.411822 0.399710 0.818923 -0.762600 0.643115 0.069598
1627.352736 -52.180036 647595.083125 -10316.678354 0.612862 0.547746 -0.569539 0.321017 0.486017 0.812856 -0.722044 0.681000 -0.122026
-15.555917 -94.496546 -1592.826746 -3239.187797 0.198226 0.979160 0.044189 -0.958681 0.184300 0.216712 -0.204051 0.085321 -0.975235
-12.510832 -96.899306 -3631.842947 -3782.248476 0.189807 0.981795 -0.007208 -0.958790 0.186930 0.213961 -0.211414 0.033700 -0.976816
-13.754582 -103.356406 -2740.089130 -2602.230844 0.156339 0.987285 0.028743 -0.906885 0.131957 0.400184 -0.391303 0.088631 -0.915984
-14.568037 -98.541216 -87.639048 -2038.473719 0.171972 0.981617 0.082787 -0.906079 0.124638 0.404334 -0.386583 0.144545 -0.910857
-15.851246 -91.877885 2048.206145 -3540.623428 0.209341 0.972689 0.100260 -0.959148 0.184304 0.214630 -0.190290 0.141095 -0.971536
2.800939 -122.032057 5240.956198 -75.404647 -0.452299 -0.019961 -0.891643 0.715494 0.588726 -0.376125 0.532441 -0.808086 -0.251998
-7.240050 -134.852230 1477.754795 15101.777900 -0.491149 -0.087353 -0.866685 0.696796 0.557675 -0.451081 0.522731 -0.825451 -0.213034
-6.094271 -137.870482 4688.086015 18128.467693 -0.481414 -0.028371 -0.876034 0.779293 0.443611 -0.442619 0.401176 -0.895770 -0.191451
-0.525439 -138.564891 4391.602697 10800.632551 -0.437852 -0.007669 -0.899014 0.811270 0.427584 -0.398765 0.387462 -0.903943 -0.180998
-1.712749 -157.473481 107.217142 17926.620693 -0.325451 -0.010152 -0.945504 0.933913 0.153002 -0.323104 0.147944 -0.988174 -0.040314
8.376396 -133.477933 -2558.507295 315.321773 -0.301303 -0.030595 -0.953038 0.879859 0.376303 -0.290248 0.367511 -0.925991 -0.086461
0.422888 -142.075639 1850.416032 18898.390580 -0.372978 -0.000083 -0.927840 0.883508 0.305382 -0.355184 0.283375 -0.952230 -0.113827
4.010000 -128.990294 -1610.281214 5998.028240 -0.261351 -0.024565 -0.964931 0.928032 0.268503 -0.258192 0.265430 -0.962965 -0.047376
-9.748099 -179.564460 2259.906000 29100.701155 -0.420382 0.015709 -0.907211 0.907073 0.031855 -0.419767 0.022305 -0.999369 -0.027640
-10.380564 -182.436179 2573.490923 23475.781623 -0.377074 0.019480 -0.925978 0.918338 -0.121987 -0.376529 -0.120292 -0.992341 0.028109
-6.635334 -172.335725 277.536320 22204.320757 -0.336861 0.012510 -0.941471 0.935409 -0.109615 -0.336148 -0.107405 -0.993895 0.025223
31.681581 -30.953616 -1976.261613 987.210571 0.554540 0.053309 0.830448 0.301173 0.917438 -0.260004 -0.775745 0.394291 0.492700
29.078562 -24.139678 -1879.377018 281.870223 0.567094 -0.112887 0.815881 0.346792 0.931207 -0.112201 -0.747087 0.346570 0.567230
21.843854 -32.738063 -609.934732 1538.024155 0.575221 0.151825 0.803785 0.181529 0.934430 -0.306411 -0.797602 0.322164 0.509943
21.239481 -37.823526 -2912.195489 1477.445840 0.540696 0.210319 0.814502 0.200572 0.908085 -0.367631 -0.816957 0.362143 0.448814
-26.390318 -384.219897 6426.176463 134974.587288 -0.506851 0.452864 -0.733496 -0.339743 0.677077 0.652795 0.792260 0.580070 -0.189319
-47.170355 -1201.828179 8923.040413 476466.615741 -0.530541 0.218640 -0.818977 -0.034599 0.959772 0.278641 0.846953 0.176167 -0.501634
-9.524924 -372.406105 99.902747 111117.480635 -0.528185 0.392690 -0.752871 -0.241399 0.780613 0.576516 0.814093 0.486249 -0.317513
-26.378495 -312.313902 8227.426137 104365.507246 -0.477426 0.398931 -0.782891 -0.459651 0.645966 0.609466 0.748856 0.650832 -0.125032
-15.245266 -387.325746 1669.474280 134030.574629 -0.513505 0.391312 -0.763667 -0.403938 0.674954 0.617471 0.757064 0.625549 -0.188527
1.051519 -1113.700113 -19568.790129 463328.953773 -0.485621 0.107251 -0.867566 -0.274821 0.923395 0.267983 0.829847 0.368563 -0.418945
3.302254 -13773.126884 17303.074203 -12158887.445996 0.411269 -0.388861 0.824406 0.690002 -0.458174 -0.560333 0.595614 0.799289 0.079882
-3752.670930 -12573.978376 1224856.916241 15539771.342866 -0.480216 0.111039 -0.870094 0.410988 0.904814 -0.111359 0.774908 -0.411074 -0.480142
-4.030587 -12851.893785 -27427.509092 26104395.922176 0.564703 -0.366094 0.739652 0.662515 -0.333329 -0.670794 0.492122 0.868831 0.054311
-792.393473 -16409.837157 -186663.438407 -23427368.217179 0.606671 -0.253589 0.753421 0.452196 0.889568 -0.064705 -0.653811 0.379949 0.654347
12.903880 -33.372779 -8290.364064 4927.019643 -0.334255 -0.920023 -0.204528 0.912968 -0.262189 -0.312644 0.234015 -0.291230 0.927589
2.966629 -24.592289 -7909.540092 3203.310792 -0.392172 -0.902046 -0.180318 0.872334 -0.302469 -0.384118 0.291951 -0.307937 0.905505
25.661564 -24.736300 -8561.341240 3231.132440 -0.347000 -0.909407 -0.229282 0.897910 -0.251539 -0.361228 0.270830 -0.331220 0.903850
-7.709583 -36.593783 -6542.348835 5149.835482 -0.422023 -0.887899 -0.183116 0.877761 -0.349656 -0.327529 0.226785 -0.298957 0.926927
5.494128 -46.445074 -7842.271574 6084.698131 -0.338026 -0.920806 -0.194562 0.927051 -0.290141 -0.237476 0.162219 -0.260642 0.951709
-20.512965 -45.065712 -1304.440655 -124.061423 0.744501 -0.602308 0.287999 0.587576 0.795948 0.145677 -0.316974 0.060765 0.946486
-15.328037 -43.099988 -4426.046685 165.544795 0.661060 -0.679757 0.317695 0.698127 0.712385 0.071594 -0.274988 0.174463 0.945486
-14.304689 -42.453296 -3483.188131 207.457102 0.715230 -0.614155 0.333555 0.603444 0.783444 0.148565 -0.352564 0.095023 0.930951
-18.060077 -44.923114 -954.249718 -253.186033 0.785764 -0.530955 0.317273 0.483984 0.847195 0.219135 -0.385142 -0.018633 0.922669
-11.670102 -41.295963 -3111.894943 17.048575 0.761963 -0.533985 0.366433 0.485424 0.845454 0.222645 -0.428691 0.008228 0.903414
29.793598 13.734842 11343.852456 3323.367720 -0.106820 -0.608340 -0.786455 -0.656606 0.637130 -0.403650 0.746631 0.473273 -0.467499
20.077901 -11.281086 -3915.518074 8911.733486 -0.325251 0.875164 0.358190 -0.545168 0.135961 -0.827228 0.772660 0.464330 -0.432890
29.572561 3.543516 -5014.493644 8888.084537 -0.192700 0.781596 0.593274 -0.642989 0.356138 -0.678034 0.741237 0.512126 -0.433930
42.946175 19.770181 12525.668488 2607.581480 -0.137529 -0.476650 -0.868269 -0.670394 0.690096 -0.272653 0.729149 0.544584 -0.414451
39.235935 9.784717 -5712.627756 9176.204938 -0.220742 0.726475 0.650774 -0.661098 0.379123 -0.647468 0.717093 0.573149 -0.396583
-24.259203 -38.983760 -1128.656800 389.961217 -0.639015 0.754208 0.151094 0.272743 0.405838 -0.872300 0.719215 0.516203 0.465042
-21.201992 -38.832498 -2210.570709 -352.087724 -0.621782 0.730168 0.283271 0.165376 0.475938 -0.863791 0.765531 0.490243 0.416681
-21.796887 -38.328543 -573.201038 552.806412 -0.647106 0.735201 0.201825 0.173401 0.399714 -0.900089 0.742419 0.547457 0.386142
-23.751064 -39.124421 682.048310 344.586973 -0.646237 0.760162 0.067317 0.287581 0.324287 -0.901185 0.706877 0.563019 0.428175
-25.731255 -40.615458 1061.593105 648.591383 -0.604067 0.794413 -0.063340 0.428698 0.256920 -0.866147 0.671805 0.550364 0.495760
-6.087742 -102.266182 211.481736 4107.483925 -0.102919 -0.978215 -0.180286 0.993491 -0.109986 0.029627 -0.048810 -0.176064 0.983168
-6.058452 -102.954251 561.112747 3269.751548 -0.083251 -0.981357 -0.173227 0.994268 -0.093499 0.051848 -0.067078 -0.167918 0.983516
-5.525711 -109.545687 -333.172198 4297.432205 0.100463 0.979312 0.175655 0.970835 -0.135116 0.198047 -0.217684 -0.150635 0.964325
11.648946 -362.027679 -1651.425301 -103350.504307 0.366450 0.927405 0.075065 -0.397230 0.228893 -0.888716 0.841381 -0.295852 -0.452271
15.141103 -287.885750 -1779.499288 -90098.052319 0.375522 0.924542 0.064851 -0.311482 0.191797 -0.930695 0.872905 -0.329296 -0.360002
10.833364 -410.161566 -990.689862 -134268.532823 0.314776 0.946680 0.068650 -0.594851 0.253117 -0.762945 0.739641 -0.199320 -0.642808
11.869456 -179.599291 -1395.566013 -24387.255222 0.374683 0.922860 0.089118 -0.172908 0.163986 -0.971191 0.910887 -0.348480 -0.221012
5.372112 -61.001247 557.834746 -1722.742905 0.281395 -0.499158 0.819548 0.803567 -0.344238 -0.485571 0.524496 0.795199 0.304240
-0.672985 -59.379705 1833.543681 -2133.817610 0.234792 -0.504119 0.831105 0.853021 -0.303101 -0.424834 0.466076 0.808698 0.358859
-3.970499 -71.181431 -2714.567983 -10227.767218 0.251193 -0.453549 0.855100 0.838488 -0.339388 -0.426326 0.483570 0.824081 0.295043
-3.522907 -80.861893 -1374.281984 15777.444407 0.024981 -0.418020 0.908094 0.857281 -0.458315 -0.234558 0.514243 0.784351 0.346911
4.285812 -70.194397 -3514.856074 -8367.305896 0.269609 -0.454960 0.848718 0.777973 -0.416505 -0.470406 0.567511 0.787105 0.241653
8.666376 -65.089185 -864.117416 848.376087 0.228999 -0.474244 0.850089 0.779389 -0.433874 -0.452002 0.583191 0.766058 0.270264
-2.115596 -311.671111 -2498.356971 13420.811220 0.002375 -0.092557 -0.995705 0.781284 0.621666 -0.055924 0.624171 -0.777795 0.073789
13.551581 -561.398161 -5175.627005 -161191.224909 0.084272 -0.039501 -0.995660 0.972454 0.221191 0.073533 0.217326 -0.974430 0.057053
-1.950616 -405.843035 -4366.193708 -116723.279362 0.028950 -0.121569 -0.992161 0.992174 0.124102 0.013744 0.121458 -0.984794 0.124210
15.610851 -19.914691 -3203.878605 3204.497746 -0.514953 0.845711 0.139986 0.741007 0.357066 0.568693 -0.430966 -0.396581 0.810550
10.431433 -17.729058 2885.922298 973.531018 0.554504 -0.820256 -0.140377 0.731087 0.399579 0.553035 -0.397539 -0.409288 0.821247
8.998788 -21.174359 2864.174615 2698.879981 0.512317 -0.840407 -0.176772 0.750506 0.338072 0.567845 -0.417459 -0.423584 0.803931
8.117186 -27.962350 -2589.924500 3914.321888 -0.467886 0.861237 0.198377 0.755840 0.273610 0.594847 -0.458026 -0.428262 0.778976
-1.796588 -7.521604 -356.486243 483.112716 -0.453733 0.643941 0.616009 -0.503140 0.385424 -0.773497 0.735511 0.660900 -0.149113
0.321423 -7.286762 -335.802480 425.109931 -0.452645 0.644006 0.616740 -0.516488 0.374458 -0.770079 0.726879 0.667111 -0.163125
-2.860318 -7.963665 -2518.681170 606.224298 -0.462338 0.667508 0.583675 -0.495075 0.351772 -0.794454 0.735625 0.656269 -0.167829
-0.190473 -7.289436 189.642336 791.466693 -0.399309 0.594404 0.698023 -0.557656 0.446853 -0.699530 0.727717 0.668585 -0.153041
-39.607615 -50.787621 3961.774738 -1046.958005 0.091845 0.968892 0.229809 -0.843153 -0.047114 0.535606 -0.529772 0.242957 -0.812597
-36.387769 -48.042964 2235.166123 537.463711 0.205278 0.957026 0.204846 -0.779847 0.033480 0.625074 -0.591354 0.288062 -0.753207
-36.391268 -50.836992 693.451377 111.665690 0.130112 0.954879 0.266976 -0.850073 -0.031162 0.525743 -0.510340 0.295354 -0.807662
-37.320342 -51.072775 -2333.462317 2568.386981 0.138602 0.933405 0.330977 -0.853097 -0.057216 0.518606 -0.503007 0.354235 -0.788354
-36.757475 -52.817140 -733.389923 2517.189708 0.078219 0.950508 0.300692 -0.897500 -0.064173 0.436321 -0.434023 0.304000 -0.848061
-39.013469 -53.097856 1752.385092 704.236692 0.059561 0.969003 0.239762 -0.896045 -0.053960 0.440672 -0.439950 0.241084 -0.865057
-43.722279 -53.725669 -4460.310976 1826.981184 -0.539544 -0.509345 0.670418 -0.344974 0.860090 0.375816 -0.768040 -0.028507 -0.639767
-45.052086 -57.067797 4622.797999 -2633.505452 0.275583 0.891240 -0.360201 -0.477823 0.452144 0.753160 -0.834110 0.035446 -0.550459
-36.518249 -51.272552 5912.083452 -4060.465034 0.296510 0.927002 -0.229673 -0.536840 0.360680 0.762701 -0.789864 0.102851 -0.604597
-49.668353 -60.316272 -2637.329874 1378.887853 -0.491831 -0.410632 0.767778 -0.321369 0.905155 0.278239 -0.809212 -0.109894 -0.577148
-34.841666 -47.300743 -5059.925755 2056.018115 -0.586368 -0.548010 0.596538 -0.348581 0.835457 0.424856 -0.731207 0.041180 -0.680911
-34.603701 -54.624385 -5237.686506 2665.659332 -0.678239 -0.216565 0.702205 -0.217619 0.971917 0.089555 -0.701879 -0.092073 -0.706320
-42.780014 -60.546125 -4921.042239 2007.840740 -0.639736 -0.151544 0.753507 -0.235904 0.971764 -0.004845 -0.731497 -0.180855 -0.657422
9.166274 -51.256817 -3225.990526 813.421511 -0.474683 0.832450 0.285838 0.870464 0.492075 0.012478 -0.130266 0.254735 -0.958197
8.023507 -50.886437 2023.858601 166.963659 -0.461711 0.836988 0.293726 0.877451 0.479491 0.012940 -0.130008 0.263704 -0.955802
8.459815 -48.467549 -3326.661290 903.075678 -0.457917 0.843347 0.281206 0.888529 0.444416 0.114064 -0.028777 0.302092 -0.952844
17.425290 -48.410764 -6942.195782 1353.069638 -0.451641 0.840948 0.298038 0.892177 0.423321 0.157540 0.006317 0.337054 -0.941464
16.457332 -51.204873 -7111.940791 1062.159077 -0.466564 0.834970 0.291792 0.879413 0.473204 0.052062 -0.094607 0.280896 -0.955064
9.924033 -46.052876 -4521.668220 1534.606170 -0.448608 0.848601 0.280406 0.891117 0.400743 0.212875 0.068275 0.345372 -0.935979
8.752800 -46.507308 1860.881381 1785.974271 -0.455603 0.841350 0.290785 0.888191 0.407806 0.211686 0.059518 0.354717 -0.933077
-0.655741 -53.693083 -1628.213859 -1739.714354 -0.361725 0.925075 -0.115724 0.066300 -0.098290 -0.992947 0.929924 0.366846 0.025779
-4.122252 -54.187126 -1838.596321 -1656.591253 -0.361867 0.926796 -0.100510 0.061563 -0.083824 -0.994577 0.930195 0.366092 0.026723
-0.525544 -52.759288 -1621.128056 1365.773168 -0.363250 0.925239 -0.109462 0.147883 -0.058740 -0.987259 0.919880 0.374810 0.115490
2.590340 -54.116053 -1604.305670 318.099638 -0.358430 0.925517 -0.122256 0.107798 -0.089049 -0.990177 0.927312 0.368088 0.067851
1.773111 -58.427451 -1968.291513 -3525.224558 -0.362539 0.924246 -0.119729 0.013223 -0.123355 -0.992274 0.931875 0.361321 -0.032500
11.209464 -91.726645 -196.944650 4667.110909 -0.635561 0.771860 0.017127 -0.758204 -0.628191 0.174651 -0.145565 -0.098016 -0.984481
12.387124 -82.154960 -1523.549395 8661.701936 -0.622173 0.782578 -0.021762 -0.743968 -0.582365 0.327662 -0.243748 -0.220053 -0.944544
12.430603 -95.417998 -1731.007284 -4493.150855 -0.632383 0.774191 -0.026818 0.768777 0.622952 -0.144613 -0.095252 -0.112068 -0.989125
12.785962 -100.957164 -1106.418083 2668.572749 -0.650910 0.758983 -0.016144 -0.758807 -0.651108 -0.016402 0.022960 -0.001574 -0.999735
10.182738 -102.170767 -49.041240 -3515.611586 -0.657279 0.753488 0.015495 0.751565 0.653797 0.087741 0.055981 0.069315 -0.996023
9.248214 -95.577813 1502.210304 5419.918238 -0.635509 0.769870 0.058555 -0.769511 -0.637757 0.033459 -0.063103 0.023795 -0.997723
10.164952 -89.115788 1373.669702 2166.127444 -0.622485 0.780131 0.062520 -0.758070 -0.620878 0.199602 -0.194533 -0.076855 -0.977880
9.795337 -85.143941 2282.901470 2604.657705 -0.637886 0.764494 0.093004 -0.698122 -0.624999 0.349288 -0.325156 -0.157878 -0.932388
3.885830 -145.226605 77.281647 -14854.913366 0.460056 -0.879507 -0.121725 0.882913 0.438662 0.167451 -0.093878 -0.184510 0.978337
4.513103 -155.477490 190.267117 -6980.080980 -0.441550 0.889041 0.120997 0.882224 0.454762 -0.121955 0.163448 -0.052898 0.985133
3.726657 -147.447788 -499.410281 -4730.686631 0.437524 -0.890447 -0.125208 0.895549 0.444046 -0.028552 0.081022 -0.099638 0.991720
5.793284 -150.865161 465.648908 1175.628505 -0.422217 0.898439 0.120583 0.848527 0.438510 -0.296160 0.318958 0.022726 0.947496
-9.341180 -36.183783 895.410286 444.917806 -0.373798 0.921644 0.104150 0.181872 -0.037277 0.982615 -0.909504 -0.386242 0.153687
-11.200504 -36.358209 454.168667 69.139661 -0.394840 0.913292 0.099997 0.197302 -0.022012 0.980096 -0.897314 -0.406711 0.171503
-10.786078 -38.501145 297.287709 -1753.660702 -0.393527 0.918365 0.041746 0.235003 0.056591 0.970346 -0.888769 -0.391667 0.238088
-11.136193 -39.538254 1195.094447 2287.037180 -0.389655 0.914681 0.107366 0.142895 -0.055123 0.988202 -0.909807 -0.400400 0.109225
-6.869951 -39.659222 1271.663977 1130.422524 -0.370595 0.928130 0.035137 0.101250 0.002765 0.994857 -0.923259 -0.372246 0.094998
-10.429620 -40.781232 2109.395158 2709.356170 -0.372474 0.924845 0.076971 0.109059 -0.038744 0.993280 -0.921612 -0.378365 0.086432
1.886579 -22.505012 -4823.125868 -3436.422727 -0.142591 0.050995 -0.988467 -0.552523 0.824485 0.122239 0.821210 0.563581 -0.089388
11.202687 -14.294219 -6481.540280 -3052.336573 -0.219021 0.165923 -0.961509 -0.496346 0.829459 0.256198 0.840042 0.533354 -0.099314
-0.453041 -16.575173 -5200.523191 -3495.480621 -0.147354 0.054610 -0.987575 -0.521567 0.844078 0.124497 0.840390 0.533432 -0.095895
-7.270037 -25.511816 -4405.600066 -3949.038466 -0.063980 -0.074774 -0.995146 -0.575059 0.817745 -0.024473 0.815606 0.570702 -0.095319
-2.641491 -30.153591 -4048.513971 -3089.642486 -0.112152 -0.006889 -0.993667 -0.612348 0.788022 0.063651 0.782593 0.615609 -0.092597
14.230159 -75.061115 -3032.396045 21230.213158 -0.423104 0.905302 -0.037579 -0.502372 -0.199870 0.841234 -0.754059 -0.374808 -0.539364
24.152954 -52.201107 -7206.910777 14544.249436 -0.328374 0.933430 -0.144494 -0.539566 -0.059813 0.839816 -0.775267 -0.353737 -0.523288
23.300361 -42.764238 -8296.789659 12558.603818 -0.301404 0.925144 -0.230788 -0.516436 0.045074 0.855139 -0.801529 -0.376930 -0.464192
15.117586 -56.746649 -2662.735466 16390.985807 -0.371022 0.918830 -0.134517 -0.470482 -0.061106 0.880291 -0.800618 -0.389895 -0.454964
9.437754 -99.082415 1553.090907 24608.359906 -0.465218 0.884820 0.025790 -0.476011 -0.274627 0.835460 -0.746314 -0.376395 -0.548946
-5.240231 -95.201978 5350.501276 -3653.580430 0.751548 -0.644479 0.140795 0.048527 0.266863 0.962512 0.657891 0.716542 -0.231834
-7.401855 -89.446178 3310.638069 -2749.578452 0.762756 -0.640512 0.089149 0.205368 0.370635 0.905789 0.613210 0.672588 -0.414245
-13.479831 -97.502774 1124.307050 -4165.661139 0.784198 -0.612169 0.101408 0.096075 0.281243 0.954815 0.613028 0.739021 -0.279364
-14.675063 -107.260673 -469.583606 -3113.219472 0.809699 -0.578146 0.100675 0.017205 0.194865 0.980679 0.586593 0.792323 -0.167729
-10.475889 -99.625394 2123.520942 -4076.678563 0.778271 -0.611526 0.142585 -0.029457 0.191265 0.981096 0.627237 0.767759 -0.130842
-11.088575 -131.928482 -829.654881 -9036.653683 0.639674 -0.748169 0.176236 0.767519 0.634132 -0.093761 -0.041608 0.195241 0.979872
-8.292135 -131.961158 -1134.698942 -8793.263782 0.626864 -0.751611 0.205237 0.770837 0.636617 -0.023003 -0.113368 0.172624 0.978442
-9.646487 -116.199244 362.020462 -1787.191438 -0.584907 0.790879 -0.179985 0.782142 0.608727 0.133061 -0.214797 0.062946 0.974628
-8.822299 -145.483475 -1801.430317 -12661.119918 0.672122 -0.714174 0.195468 0.736772 0.618819 -0.272454 0.073621 0.327138 0.942105
-13.143258 -121.179529 -1296.314148 -8315.871722 0.635694 -0.754207 0.164516 0.770682 0.632247 -0.079460 -0.044086 0.177301 0.983169
-11.544352 -144.703028 -937.629825 -13295.760002 0.679655 -0.716311 0.158013 0.723211 0.618352 -0.307580 0.122616 0.323325 0.938310
4.779591 -212.789238 -337.630785 -9728.959331 0.669697 -0.719585 0.183587 0.683855 0.501158 -0.530267 0.289566 0.480665 0.827715
8.691861 -252.255426 -3149.454380 -5358.986529 0.674863 -0.710238 0.200305 0.679762 0.492678 -0.543315 0.287197 0.502823 0.815283
7.160949 -208.347098 -3154.140931 -16443.018463 0.658887 -0.718283 0.223466 0.744611 0.580555 -0.329409 0.106875 0.383439 0.917362
4.849093 -230.226225 -1464.330139 -6636.760719 0.679991 -0.708925 0.187183 -0.562098 -0.340096 0.753910 0.470805 0.617867 0.629748
1.179033 -7.663832 -151.657340 -230.999034 -0.453971 0.639271 0.620680 -0.525582 0.370378 -0.765887 0.719496 0.673908 -0.167849
-0.440866 -8.095215 -2640.507134 -900.572499 -0.429596 0.646178 0.630794 -0.537512 0.378329 -0.753623 0.725622 0.662813 -0.184800
-1.216275 -7.588250 -2807.191117 -294.973632 -0.417357 0.637472 0.647644 -0.537122 0.401822 -0.741646 0.733016 0.657395 -0.174697
1.504366 -9.260076 210.611955 -980.106182 -0.479766 0.648854 0.590604 -0.516858 0.334936 -0.787830 0.709001 0.683232 -0.174675
1.420814 -7.306515 1000.242507 419.019234 -0.411568 0.593611 0.691547 -0.559567 0.434344 -0.705854 0.719372 0.677474 -0.153403
1.803233 -8.394151 1541.540971 -198.213625 -0.440095 0.606719 0.661973 -0.552073 0.398591 -0.732353 0.708189 0.687762 -0.159535
5.173294 -65.292646 -2421.927159 3771.877489 -0.712492 0.700751 -0.036095 0.687416 0.707404 0.164435 0.140762 0.092347 -0.985727
7.856150 -82.717298 -3040.889214 -9293.759445 -0.690574 0.722334 -0.036625 -0.722009 -0.691473 -0.023834 0.042541 -0.009985 -0.999045
4.725712 -85.914445 -1653.640635 9993.466039 -0.712925 0.700452 -0.033250 0.699722 0.713700 0.031964 0.046120 -0.000478 -0.998936
1.071763 -68.069564 -1015.400327 4538.316816 -0.738471 0.673468 -0.033175 0.658467 0.730869 0.179588 0.145193 0.110776 -0.983182
21.586104 -47.192994 -4583.134564 1232.746376 -0.398493 0.905502 0.145842 0.900830 0.356531 0.247772 0.172361 0.230114 -0.957778
22.666017 -46.783846 -382.961529 733.536608 -0.428558 0.883256 0.190254 0.890308 0.376954 0.255457 0.153917 0.278862 -0.947916
21.084980 -48.819027 -2386.738456 1542.603633 -0.410318 0.897570 0.161269 0.906862 0.382960 0.175907 0.096129 0.218427 -0.971107
19.243095 -50.377366 -1622.241367 636.180010 -0.402464 0.897577 0.179939 0.914761 0.401870 0.041394 -0.035158 0.181261 -0.982806
13.808009 -49.562763 -4824.016058 868.682025 -0.374420 0.917341 0.135261 0.926519 0.364294 0.094084 0.037033 0.160548 -0.986333
3.381731 -38.470016 -1733.253123 -2705.419716 0.666999 -0.724095 -0.175497 0.666755 0.474988 0.574302 0.332491 0.500072 -0.799611
5.270874 -35.611358 2460.244126 -3038.664380 -0.592072 0.766502 0.248848 0.754866 0.419364 0.504292 0.282184 0.486424 -0.826900
11.160246 -34.217116 774.351287 -2360.855007 -0.672752 0.722950 0.157311 0.683481 0.525858 0.506287 0.283297 0.448125 -0.847895
-9.863440 -34.199657 -1795.551178 -461.848302 0.733766 -0.675729 -0.070551 0.395903 0.340881 0.852679 0.552130 0.653598 -0.517650
-11.879067 -35.240928 -1259.866626 517.372843 0.724717 -0.687758 -0.042128 0.351957 0.316922 0.880731 0.592378 0.653108 -0.471740
-13.126072 -35.675343 -1539.935443 25.193022 0.748829 -0.662763 -0.000556 0.374796 0.422774 0.825100 0.546611 0.618067 -0.564986
-11.989961 -34.790472 -2875.697921 202.194141 0.753462 -0.656641 -0.033425 0.399860 0.417278 0.816083 0.521926 0.628253 -0.576968
-4.091106 -47.987755 -1188.492184 -1469.755925 -0.534916 0.832675 0.143239 0.804857 0.553761 -0.213434 0.257042 -0.001118 0.966400
-3.600982 -45.404254 -1878.108493 -44.387615 -0.534836 0.831480 0.150304 0.822691 0.553004 -0.131780 0.192691 -0.053173 0.979818
-2.590719 -46.757209 -1860.930949 -806.013352 -0.528968 0.834521 0.154166 0.823580 0.548627 -0.143959 0.204716 -0.050818 0.977501
-3.125977 -50.891754 -1449.497725 -2176.763305 -0.519206 0.841435 0.149707 0.805044 0.540318 -0.244869 0.286931 0.006616 0.957928
3.384080 -136.087843 -1464.310010 8535.820875 -0.367871 0.917058 0.153872 0.806682 0.397043 -0.437746 0.462532 0.036908 0.885834
4.903308 -128.064162 -1055.781261 11672.829766 -0.353291 0.926644 0.128517 0.676375 0.347913 -0.649210 0.646299 0.142435 0.749673
1.902376 -126.939191 -1899.296160 9046.153850 -0.345286 0.927399 0.143906 0.716834 0.359583 -0.597369 0.605745 0.103106 0.788950
1.179857 -131.891823 -1094.850693 7648.573734 -0.366573 0.917610 0.153675 0.823591 0.396874 -0.405202 0.432807 0.021970 0.901219
-6.352248 -23.803316 -633.881799 -586.058933 -0.452902 0.227187 0.862129 -0.114619 0.944127 -0.309008 -0.884162 -0.238767 -0.401557
-2.300696 -21.481784 -2568.339006 -2519.451103 -0.496809 0.417590 0.760789 -0.054220 0.859979 -0.507442 -0.866165 -0.293352 -0.404603
-4.235401 -22.128535 -1894.270648 -1814.377540 -0.478560 0.308509 0.822072 -0.126374 0.902294 -0.412182 -0.868913 -0.301142 -0.392814
104.681202 -1900.671920 24301.087668 721216.077201 0.933981 0.100236 0.342975 0.349998 -0.063281 -0.934611 0.071978 -0.992949 0.094185
-45.997698 -341.829889 23052.167540 144411.633508 0.859339 0.034141 0.510265 0.503855 0.114308 -0.856191 0.087559 -0.992859 -0.081027
-16.952347 -343.319120 2507.416334 128826.498644 0.797725 0.065821 0.599419 0.590255 0.118225 -0.798512 0.123426 -0.990803 -0.055460
4.732481 -805.928137 -5308.073773 255077.805627 0.864379 0.059578 0.499300 0.502480 -0.064658 -0.862168 0.019082 -0.996127 0.085826
-2.526684 -49.198886 9028.572538 1834.330732 -0.226521 0.939686 0.256278 -0.781148 -0.018099 -0.624083 0.581804 0.341559 -0.738134
-16.268629 -37.893808 3177.302579 -946.163905 0.299348 0.758129 0.579336 -0.813183 0.520335 -0.260740 0.499123 0.393054 -0.772259
12.654325 -53.575377 -3199.601943 986.670015 -0.040564 0.958961 0.280622 -0.876651 0.100598 -0.470492 0.479413 0.265093 -0.836594
13.453451 -58.386726 -4358.299284 -824.129081 -0.240528 0.962243 0.127412 -0.741049 -0.097267 -0.664369 0.626892 0.254218 -0.736465
10.161701 -77.232280 -8608.150878 -3144.473192 -0.168553 0.979088 0.113918 -0.778375 -0.061303 -0.624800 0.604750 0.193983 -0.772430
18.081651 -74.611382 -10857.794846 5116.577346 -0.029077 0.982785 0.182451 -0.922583 0.043862 -0.383298 0.384702 0.179471 -0.905425
4.040466 -76.630196 -29.920658 -266.394989 -0.650624 0.749602 -0.121598 -0.401579 -0.203715 0.892880 -0.644533 -0.629760 -0.433566
3.411190 -80.036731 752.944140 2035.193388 -0.640165 0.756654 -0.132906 -0.442123 -0.221382 0.869205 -0.628265 -0.615195 -0.476255
5.113893 -77.659535 210.994713 -1379.597413 -0.645939 0.752379 -0.129185 -0.350297 -0.141771 0.925847 -0.678273 -0.643294 -0.355132
-43.923374 -77.881805 -1460.071685 2328.562751 0.326922 0.938155 -0.113962 0.876062 -0.346073 -0.335782 0.354455 -0.009936 0.935020
-40.887285 -69.378848 -1267.788208 6040.267650 0.403229 0.880909 -0.247800 0.779375 -0.472502 -0.411480 0.479563 0.027209 0.877086
141.708177 -47.590337 -7400.487062 -5148.755007 0.586421 -0.552125 0.592679 0.688778 0.724946 -0.006162 -0.426258 0.411838 0.805415
115.806161 -57.445414 -16504.391540 -5067.094329 0.443941 -0.359290 0.820870 0.704129 0.706454 -0.071594 -0.554183 0.609782 0.566610
161.780872 -63.350079 -12556.369215 3996.162979 0.685732 -0.590636 0.425348 -0.680895 -0.727060 0.088127 -0.257202 0.350048 0.900729
19.989798 -48.727502 -15989.107528 750.615542 0.203610 0.839143 0.504363 0.243273 0.455635 -0.856280 0.948347 -0.297045 0.111369
47.810253 -46.421046 -18730.425264 1287.445762 0.158812 0.841335 0.516656 0.212049 0.482020 -0.850113 0.964269 -0.244564 0.101854
31.137759 -45.999437 -17739.912672 2860.997327 0.206299 0.836630 0.507435 0.142617 0.487343 -0.861485 0.968040 -0.250093 0.018779
2.863434 -46.240273 -7923.540139 2283.115849 0.187066 0.858835 0.476874 0.140078 0.457162 -0.878283 0.972309 -0.231096 0.034785
-21.517094 -53.247969 287.210450 -2791.576041 0.222531 0.623595 -0.749406 0.772792 0.355802 0.525545 0.594367 -0.696085 -0.402732
-21.771345 -50.880065 1670.461882 -1111.553335 0.288842 0.646247 -0.706354 0.774985 0.275362 0.568836 0.562111 -0.711717 -0.421295
-21.249074 -49.511307 -956.561222 -1130.672950 0.254573 0.540989 -0.801575 0.717824 0.449716 0.531492 0.648013 -0.710694 -0.273849
-20.016127 -47.945339 2642.068144 -1619.252782 0.246390 0.604146 -0.757826 0.771515 0.350976 0.530642 0.586563 -0.715419 -0.379631
-0.674656 -49.683194 -2759.608172 -1287.032115 0.642441 0.722269 -0.256119 -0.442761 0.077050 -0.893323 0.625485 -0.687307 -0.369292
-0.713124 -54.204033 -31.873191 -5199.389096 0.594574 0.750399 -0.288761 -0.483370 0.046604 -0.874175 0.642522 -0.659340 -0.390430
-3.589655 -54.151700 184.883132 -5373.880920 0.586487 0.757620 -0.286436 -0.539365 0.101488 -0.835934 0.604250 -0.644757 -0.468155
1.336161 -55.222166 562.075016 1278.225544 0.408114 0.838406 -0.361274 -0.765795 0.529824 0.364478 -0.496992 -0.127913 -0.858276
2.240355 -51.836611 919.666662 1485.080560 0.416217 0.834794 -0.360392 -0.737852 0.541710 0.402647 -0.531355 -0.098327 -0.841423
3.477780 -53.890300 790.967634 978.450306 0.446564 0.809748 -0.380644 -0.778816 0.561205 0.280167 -0.440484 -0.171339 -0.881259
0.989809 -51.763767 842.081131 608.509647 0.390249 0.851464 -0.350306 -0.722505 0.519041 0.456710 -0.570695 -0.074868 -0.817742
2.490878 -57.266172 647.136988 1137.731522 0.450042 0.807763 -0.380764 -0.807032 0.550432 0.213833 -0.382311 -0.211054 -0.899608
-0.228693 -53.107050 1117.524537 41.528384 0.371751 0.866142 -0.334065 -0.720735 0.496089 0.484187 -0.585101 -0.060775 -0.808680
-0.354226 -55.607976 -1.246273 657.925556 0.364253 0.867323 -0.339221 -0.746495 0.489700 0.450488 -0.556835 -0.089135 -0.825827
1.086009 -59.154671 -188.131034 1530.963851 0.386953 0.852890 -0.350494 -0.781768 0.505008 0.365795 -0.488985 -0.132459 -0.862177
1.143777 -59.851640 866.434476 804.116354 0.435799 0.824778 -0.360306 -0.811931 0.533007 0.238057 -0.388390 -0.188799 -0.901947
12.103319 -82.252824 1557.562189 6682.910377 0.353983 0.929917 -0.099753 0.389018 -0.243394 -0.888496 0.850507 -0.275707 0.447911
4.002049 -87.027549 1139.804445 4232.628272 0.370386 0.923824 -0.096761 0.553534 -0.303172 -0.775685 0.745932 -0.233742 0.623659
5.317337 -88.978617 1251.354876 7780.249722 0.312107 0.948913 -0.046400 0.512390 -0.209256 -0.832867 0.800028 -0.236169 0.551524
12.713033 -80.587953 559.161713 6709.158585 0.428930 0.890933 -0.149193 0.377131 -0.326689 -0.866629 0.820848 -0.315458 0.476125
9.584645 -89.684932 61.689735 7187.698230 0.283725 0.958905 -0.001083 0.439338 -0.130997 -0.888719 0.852339 -0.251676 0.458450
6.795204 -111.455742 2948.329533 4382.098006 -0.005602 0.970808 0.239794 0.254632 0.233279 -0.938479 0.967022 -0.055802 0.248506
3.499186 -110.382616 1980.505470 2031.427306 -0.019206 0.964921 0.261839 0.187939 0.260703 -0.946949 0.981993 -0.031022 0.186353
3.201593 -138.109815 6.292502 4478.742476 0.101618 0.991974 0.075249 -0.439252 -0.023128 0.898066 -0.892598 0.124313 -0.433376
2.840280 -143.692837 1217.880094 -497.148366 0.112091 0.990325 0.081808 -0.647790 0.010395 0.761748 -0.753528 0.138380 -0.642687
