14831
29646
-31.706375 -45.668541 13.429703 -3333.739117 -0.639298 0.426741 -0.639680 0.169951 0.889718 0.423697 0.749943 0.162154 -0.641320
-35.599430 -51.684310 883.445676 -1577.711001 -0.698145 0.345943 -0.626831 0.013000 0.881497 0.472011 0.715838 0.321383 -0.619910
-37.567658 -62.256745 -292.424879 5551.010664 -0.560430 0.743863 -0.364124 -0.313846 -0.597613 -0.737808 0.766433 0.299211 -0.568378
-26.537237 -43.619079 -104.788248 -2157.486341 -0.714284 0.032194 -0.699115 -0.117121 0.979355 0.164762 0.689986 0.199567 -0.695767
-29.682178 -52.448420 -1114.174176 6734.662252 -0.503637 0.724465 -0.470638 -0.417114 -0.680983 -0.601895 0.756549 0.106827 -0.645153
-22.528960 -36.221153 -1608.501858 -3887.267006 -0.625469 0.319685 -0.711751 0.206916 0.947510 0.243743 0.752312 0.005181 -0.658786
-23.266978 -37.799134 -703.680421 -3199.805955 -0.689904 0.041816 -0.722692 -0.021644 0.996692 0.078332 0.723577 0.069684 -0.686717
29.559347 -56.830883 2812.853931 -2824.594981 -0.390545 0.848268 -0.357654 0.834239 0.161837 -0.527119 -0.389257 -0.504233 -0.770862
18.159334 -48.292877 2692.661473 3249.226728 -0.447246 0.870414 -0.205793 -0.776259 -0.263457 0.572724 -0.444289 -0.415897 -0.793497
17.843953 -45.081413 4281.946362 1012.511737 -0.339832 0.884639 -0.319262 -0.805600 -0.098638 0.584191 -0.485307 -0.455724 -0.746185
5.220454 -35.379387 3043.010163 1782.931652 -0.405252 0.886603 -0.222949 -0.738270 -0.173547 0.651797 -0.539193 -0.428738 -0.724883
23.269873 -49.921496 4199.533137 447.507454 -0.267792 0.854905 -0.444326 -0.803459 0.056364 0.592686 -0.531734 -0.515714 -0.671787
8.958078 -37.415328 4648.467790 351.159481 -0.257662 0.890185 -0.375741 -0.783719 0.034909 0.620134 -0.565150 -0.454260 -0.688660
22.087768 -33.557493 3535.676807 185.799437 -0.671323 0.596222 -0.440278 0.452031 0.800129 0.394286 0.587361 0.065674 -0.806656
21.938280 -32.585167 3283.190517 481.496899 -0.669600 0.584291 -0.458520 0.362485 0.795921 0.484885 0.648260 0.158473 -0.744746
12.547927 -32.295038 3613.485868 187.819112 -0.688201 0.600905 -0.406561 0.430041 0.789179 0.438476 0.584332 0.126922 -0.801528
14.876714 -33.252024 3688.949643 176.061229 -0.677572 0.613817 -0.405123 0.504369 0.788724 0.351463 0.535264 0.033810 -0.844008
24.038262 -34.758084 2424.792097 98.499258 -0.634926 0.613783 -0.469190 0.529794 0.787932 0.313817 0.562306 -0.049323 -0.825457
52.009588 -27.461610 -2481.145902 1531.497561 0.884835 -0.453659 -0.106114 0.389162 0.594436 0.703703 0.256163 0.663957 -0.702525
51.049268 -43.462786 -212.931399 4089.533143 0.818078 -0.568273 -0.088395 0.483384 0.596158 0.641043 0.311590 0.567152 -0.762397
60.297147 -36.450440 -3568.094915 2435.652674 0.819495 -0.573065 0.004854 0.406766 0.587609 0.699469 0.403694 0.571238 -0.714646
8.679314 -38.729290 147.165047 -329.614937 -0.289136 0.375152 -0.880716 0.927911 0.336002 -0.161506 0.235333 -0.863923 -0.445258
9.873278 -36.709265 124.308400 2202.290605 -0.296086 0.348623 -0.889267 0.934244 0.299473 -0.193658 0.198798 -0.888132 -0.414369
8.751193 -39.171211 -196.392984 598.975206 -0.316631 0.320534 -0.892750 0.916864 0.344647 -0.201441 0.243115 -0.882313 -0.403012
7.337660 -38.938928 -256.919639 -3718.376718 -0.287479 0.342311 -0.894527 0.920961 0.355280 -0.160018 0.263032 -0.869827 -0.417391
15.142832 -57.723594 -2240.665724 1774.551429 -0.323171 0.459832 -0.827112 0.695905 0.707768 0.121577 0.641309 -0.536301 -0.548729
12.688856 -58.253561 -1643.326329 2771.044349 -0.345559 0.441001 -0.828316 0.775728 0.630948 0.012301 0.528049 -0.638297 -0.560126
10.760286 -56.310901 -1453.650261 681.989779 -0.313354 0.447847 -0.837402 0.700824 0.704115 0.114318 0.640824 -0.551049 -0.534499
12.711183 -56.451639 -2025.096523 -1763.745371 -0.308142 0.459794 -0.832849 0.629730 0.754780 0.183703 0.713083 -0.467864 -0.522126
15.843824 -57.629027 -2427.830227 -2310.885363 -0.311318 0.485272 -0.817063 0.628007 0.750347 0.206364 0.713224 -0.448876 -0.538350
17.634460 -61.932884 -571.040380 633.106920 -0.376972 0.519393 -0.766892 0.659058 0.732179 0.171918 0.650795 -0.440618 -0.618321
17.639278 -62.128418 -1804.752189 1892.892525 -0.376432 0.470514 -0.798070 0.774458 0.632580 0.007653 0.508443 -0.615191 -0.602516
0.151523 -61.292511 254.668415 -4536.034182 0.441659 -0.639483 0.629285 0.851293 0.520148 -0.068896 -0.283264 0.566134 0.774115
-0.048551 -70.314732 268.075148 -5588.103751 0.441638 -0.634852 0.633971 0.883525 0.430613 -0.184271 -0.156012 0.641510 0.751082
0.863251 -59.194058 153.396259 -4079.683245 0.451123 -0.625554 0.636530 0.840948 0.536764 -0.068490 -0.298822 0.566186 0.768205
-1.135946 -77.178216 -198.839491 -5852.145320 0.416249 -0.638887 0.646962 0.903955 0.367458 -0.218724 -0.097992 0.675868 0.730479
1.146344 -50.960446 58.120597 -1765.345210 0.438578 -0.632444 0.638486 0.793573 0.605972 0.055130 -0.421771 0.482506 0.767657
-0.082111 -60.614103 -354.037833 -4614.020061 0.423249 -0.629354 0.651747 0.858264 0.508962 -0.065887 -0.290248 0.587257 0.755569
0.286508 -50.357161 -583.672405 -1692.409789 0.429503 -0.627857 0.649094 0.797548 0.600880 0.053486 -0.423609 0.494711 0.758826
15.779293 -32.183473 -536.168756 -298.886280 -0.451127 0.413550 -0.790861 0.870792 0.009887 -0.491552 -0.195462 -0.910428 -0.364576
16.578711 -29.577814 -1102.424672 -675.234106 -0.434899 0.410927 -0.801250 0.857974 -0.081056 -0.507258 -0.273393 -0.908058 -0.317314
14.483073 -30.571704 -43.252999 -309.044742 -0.452319 0.384557 -0.804688 0.857662 -0.059886 -0.510715 -0.244589 -0.921156 -0.302733
18.328557 -28.874464 -1663.622042 -714.460432 -0.425219 0.440106 -0.790883 0.869486 -0.044043 -0.491989 -0.251360 -0.896865 -0.363938
14.663880 -32.806833 405.098613 360.122991 -0.455826 0.387169 -0.801450 0.878538 0.051238 -0.474916 -0.142808 -0.920584 -0.363499
15.641771 -33.651847 355.759100 -295.035073 -0.455219 0.425811 -0.781960 0.885678 0.126424 -0.446756 -0.091375 -0.895937 -0.434682
17.173622 -32.137442 -829.116555 -929.235448 -0.451256 0.447744 -0.771941 0.877446 0.064955 -0.475257 -0.162652 -0.891799 -0.422183
10.797634 -27.933037 -89.142017 1290.663023 0.490405 -0.453712 0.744076 0.583809 -0.462872 -0.667020 0.647047 0.761508 0.037887
12.735730 -23.154572 -278.376278 -1988.008867 0.519092 -0.467945 0.715242 -0.495963 0.516618 0.697945 0.696107 0.717031 -0.036088
11.337946 -26.055281 881.582155 1586.473812 0.459775 -0.479439 0.747493 0.551260 -0.505830 -0.663512 0.696218 0.717129 0.031727
8.691863 -29.299740 1067.152976 244.465698 0.438339 -0.469043 0.766719 0.656183 -0.415955 -0.629607 0.614233 0.779089 0.125449
9.961426 -29.974814 124.275040 -231.496077 0.477571 -0.445690 0.757157 0.663204 -0.382373 -0.643390 0.576269 0.809414 0.112973
0.911730 -80.937219 -431.233457 -168.378286 -0.409247 0.413034 -0.813585 0.911163 0.138151 -0.388196 -0.047940 -0.900176 -0.432879
-0.167457 -82.687222 -335.077517 -1218.008715 -0.363009 0.424077 -0.829689 0.917481 0.318104 -0.238828 0.162646 -0.847920 -0.504557
-0.201583 -88.662324 -447.438247 -1425.448534 -0.372924 0.421239 -0.826732 0.926285 0.220940 -0.305257 0.054072 -0.879627 -0.472581
-5.285099 -69.741603 989.584206 -731.308054 -0.405238 0.705897 -0.580941 -0.555974 0.314152 0.769546 -0.725724 -0.634837 -0.265154
-1.773786 -74.733442 -325.333576 -1050.891396 -0.440951 0.687279 -0.577243 -0.356273 0.456274 0.815404 -0.823791 -0.565210 -0.043665
-3.127880 -68.043438 -218.354840 -1103.341600 -0.438387 0.707818 -0.553904 -0.499263 0.320676 0.804924 -0.747364 -0.629413 -0.212807
-5.447040 -64.537081 -350.609489 764.190626 -0.432003 0.700519 -0.568020 0.653302 -0.191129 -0.732575 -0.621748 -0.687563 -0.375082
-8.143490 -65.996894 1252.404210 960.479265 -0.412559 0.704894 -0.576992 0.731821 -0.120702 -0.670722 -0.542432 -0.698968 -0.466059
-6.416680 -66.799447 1139.778834 1490.630738 -0.409059 0.687413 -0.600112 0.646270 -0.246041 -0.722356 -0.644209 -0.683321 -0.343609
25.960641 -70.338231 -3265.382487 -895.631935 0.900061 0.433973 -0.039451 0.091703 -0.100127 0.990740 -0.426005 0.895344 0.129917
31.278641 -79.137383 -966.339640 5488.622645 0.940005 0.340304 -0.024151 0.027827 -0.005923 0.999595 -0.340024 0.940297 0.015038
27.376056 -72.709968 -740.680358 -3353.818002 0.945951 0.323918 -0.015956 0.057531 -0.119183 0.991204 -0.319167 0.938548 0.131377
23.477291 -72.177789 -425.374813 -6888.235272 0.936048 0.351511 -0.015941 0.091465 -0.199317 0.975657 -0.339777 0.914720 0.218722
-1.290285 -7.611075 1258.634676 -350.485643 -0.099975 0.756847 -0.645900 0.911280 -0.190971 -0.364826 -0.399466 -0.625070 -0.670608
1.727151 -10.649911 1163.869732 -1013.531559 -0.283639 0.779909 -0.557934 0.880141 -0.019231 -0.474323 -0.380658 -0.625597 -0.680975
-1.189112 -8.476823 -291.481614 -951.514926 -0.474510 0.756482 -0.450084 0.793734 0.146653 -0.590322 -0.380562 -0.637360 -0.670033
2.766764 -13.173231 792.006915 -1140.253856 -0.398023 0.772005 -0.495567 0.846775 0.101358 -0.522205 -0.352915 -0.627483 -0.694057
-3.584414 -5.699972 -683.969062 -486.993659 -0.476438 0.756533 -0.447956 0.784601 0.135933 -0.604916 -0.396747 -0.639672 -0.658340
-1.679506 -6.429304 899.705511 -232.217521 0.723992 -0.654885 0.216704 0.566003 0.384403 -0.729298 -0.394305 -0.650661 -0.648972
-0.663538 -7.565524 -897.934202 -655.855212 -0.642776 0.698717 -0.314059 0.662814 0.301717 -0.685306 -0.384078 -0.648661 -0.657056
0.242641 -12.854038 236.545262 -1193.139680 -0.487428 0.755719 -0.437382 0.798213 0.182608 -0.574030 -0.353935 -0.628922 -0.692233
-1.168616 -10.397453 -316.579230 -1012.274190 -0.568865 0.729243 -0.380260 0.731442 0.237213 -0.639314 -0.376012 -0.641822 -0.668341
-23.996981 -507.291810 2550.981597 -110781.413532 0.413978 0.835860 0.360499 -0.620864 -0.030347 0.783331 -0.665695 0.548103 -0.506393
-59.745261 -981.507989 4689.371412 251866.451487 0.345535 0.731383 0.587949 0.913151 -0.117680 -0.390265 -0.216243 0.671737 -0.708526
-123.635717 -539.833361 -13965.265347 140183.833708 0.451426 0.706424 0.545141 0.869691 -0.211649 -0.445917 -0.199628 0.675403 -0.709915
-97.503806 -138.874823 3648.163534 -3115.172388 0.824334 0.427122 0.371538 -0.560951 0.527945 0.637658 -0.076206 0.734058 -0.674797
-80.820769 -152.217089 -12490.289527 41136.996051 0.201698 0.799478 0.565820 0.962921 -0.056183 -0.263867 -0.179167 0.598062 -0.781167
-135.720961 -338.482159 -10603.755580 49430.876842 -0.048449 0.772562 0.633088 0.921268 0.279447 -0.270509 -0.385900 0.570137 -0.725276
-9.035634 -27.162204 -619.833200 528.663518 -0.151469 0.711890 -0.685762 0.910710 0.370213 0.183163 0.384270 -0.596787 -0.704401
-5.452839 -24.490904 -481.139265 627.558845 -0.256043 0.646072 -0.719050 0.839084 0.517884 0.166537 0.479979 -0.560703 -0.674709
-5.556726 -25.084634 -356.305061 462.183979 -0.237516 0.655722 -0.716669 0.880999 0.456192 0.125419 0.409179 -0.601596 -0.686043
-2.033983 -22.855379 -811.677477 954.326903 -0.319711 0.587199 -0.743627 0.802505 0.585068 0.116969 0.503756 -0.559368 -0.658283
-8.683282 -28.361764 173.401085 527.424821 -0.124845 0.722146 -0.680381 0.944998 0.295491 0.140230 0.302313 -0.625452 -0.719317
-1.848773 -23.091601 -1056.247114 459.290836 -0.331108 0.564748 -0.755928 0.817306 0.572015 0.069356 0.471571 -0.594861 -0.650970
-3.972432 -24.273562 -965.292376 -43.154358 -0.293917 0.592227 -0.750253 0.870896 0.489390 0.045131 0.393894 -0.640128 -0.659608
-6.262124 -26.360757 -41.295606 361.702916 -0.193898 0.672446 -0.714297 0.917437 0.382162 0.110730 0.347438 -0.633852 -0.691027
0.656512 -84.218622 -292.403977 1927.735626 -0.521767 0.412336 -0.746819 0.690970 -0.309156 -0.653440 -0.500320 -0.856972 -0.123605
1.629404 -89.576251 -843.249527 3200.081430 -0.532406 0.422419 -0.733557 0.625649 -0.387350 -0.677144 -0.570182 -0.819464 -0.058058
0.512059 -92.351666 435.300749 3289.196566 0.546595 -0.425918 0.720990 0.506272 -0.517740 -0.689663 -0.667025 -0.741984 0.067364
34.513575 23.819839 -9372.900029 690.487525 0.672490 -0.229899 -0.703494 -0.637508 0.302906 -0.708401 -0.375953 -0.924876 -0.057139
32.590660 19.761793 -1061.618037 2121.198540 0.456679 0.068851 -0.886963 0.877140 -0.201338 0.435992 -0.148561 -0.977099 -0.152339
32.030176 22.184314 -10082.702451 976.052945 0.558701 -0.198722 -0.805210 0.772444 -0.228806 0.592434 -0.301966 -0.952973 0.025668
-1.723746 -42.861052 -18.969765 440.971809 -0.241881 0.607945 -0.756238 -0.458597 0.615210 0.641253 0.855092 0.501916 0.129995
-2.693075 -46.102656 -248.785236 2349.306211 -0.245347 0.614999 -0.749387 0.490647 -0.587923 -0.643126 0.836104 0.525474 0.157502
-1.902039 -48.553046 -155.080823 2205.959967 -0.239351 0.630680 -0.738210 0.520752 -0.558315 -0.645834 0.819469 0.539005 0.194795
-2.949314 -38.613468 -211.523996 1380.927494 -0.231043 0.578154 -0.782533 -0.453608 0.647524 0.612334 0.860732 0.496438 0.112650
-1.330894 -45.218517 137.081700 -605.932544 -0.239516 0.615017 -0.751257 0.471727 -0.602590 -0.643707 0.848590 0.508566 0.145790
-20.038264 -31.993110 2086.416910 1158.293361 0.954031 0.237124 0.183295 0.015382 -0.649513 0.760195 -0.299313 0.722430 0.623303
-24.407975 -37.418147 1104.887236 1289.313001 0.918680 0.394066 -0.027186 0.227623 -0.471891 0.851767 -0.322823 0.788690 0.523215
-24.220572 -37.337971 639.468445 944.529598 0.851057 0.517095 -0.091184 0.346810 -0.423193 0.837037 -0.394239 0.743990 0.539495
-22.111950 -32.097013 1571.249531 2145.186248 0.897834 0.439853 0.020562 0.274724 -0.596041 0.754494 -0.344123 0.671762 0.655985
8.498937 -38.264186 2798.974542 333.129154 0.233705 -0.523415 0.819402 0.191056 0.851030 0.489126 -0.953352 0.042240 0.298892
12.834103 -38.832147 2393.422625 111.480520 0.202323 -0.538360 0.818067 0.227109 0.838363 0.495549 -0.952621 0.085529 0.291887
6.674534 -37.610124 2272.088167 423.278643 0.232432 -0.531659 0.814441 0.308979 0.834360 0.456482 -0.922229 0.145545 0.358204
5.616503 -38.048535 443.905626 352.672053 0.233037 -0.495003 0.837058 0.228348 0.864543 0.447685 -0.945278 0.086814 0.314503
4.583385 -37.030619 -51.630704 335.045426 0.232201 -0.498774 0.835049 0.355674 0.842598 0.404382 -0.905306 0.203107 0.373053
-7.321469 -75.355471 -1710.784931 14367.250539 0.245289 0.690442 0.680532 0.333148 0.599193 -0.727998 0.910410 -0.405287 0.083045
-0.518256 -64.629086 -3074.650455 9826.031750 0.275040 0.657895 0.701090 0.286964 0.639800 -0.712957 0.917608 -0.397280 0.012822
-6.276142 -46.037627 -1924.913535 4847.938424 0.254424 0.663416 0.703667 0.238704 0.662019 -0.710458 0.937171 -0.348726 -0.010073
-3.114913 -99.676016 -2765.547590 18104.481595 0.269854 0.673639 0.688033 0.410838 0.565688 -0.714989 0.870856 -0.475613 0.124103
-10.059987 -59.955988 -676.214066 6664.887888 0.222626 0.699960 0.678597 0.296143 0.614620 -0.731124 0.928836 -0.363729 0.070459
-10.066490 -92.480104 -249.482318 12781.394052 0.192165 0.710239 0.677225 0.473540 0.537323 -0.697885 0.859553 -0.454802 0.233072
-9.154871 -111.935369 -2081.239691 18531.247256 0.237037 0.679716 0.694118 0.530395 0.508058 -0.678644 0.813938 -0.529020 0.240090
-4.213205 -38.867347 -2391.063442 259.699366 0.085638 -0.530613 -0.843277 0.777353 0.565004 -0.276573 0.623208 -0.631839 0.460859
4.609927 -36.089184 2604.927892 311.447981 0.018528 0.604894 0.796090 0.710877 0.551932 -0.435919 0.703072 -0.573999 0.419779
-0.182370 -35.440092 -939.625028 743.370739 -0.007146 -0.561619 -0.827365 0.786858 0.507429 -0.351241 0.617092 -0.653529 0.438289
0.672192 -34.289584 -1860.804872 122.047358 -0.004913 -0.520511 0.853841 0.483515 0.746168 0.457654 -0.875322 0.415093 0.248009
-2.390650 -33.200014 -1743.002523 -71.316093 -0.012880 -0.523177 0.852127 0.568221 0.697395 0.436765 -0.822775 0.489822 0.288298
3.958972 -32.965415 -1895.399459 338.158291 0.002893 -0.513527 0.858069 0.568106 0.706998 0.421200 -0.822950 0.486256 0.293783
0.592446 -31.613136 -1878.657323 270.431501 -0.020744 -0.523818 0.851578 0.657771 0.634306 0.406194 -0.752932 0.568569 0.331394
-10.545589 -92.591751 -126.738920 -1172.867561 -0.475578 0.868508 0.139711 -0.363455 -0.049370 -0.930303 0.801078 0.493210 -0.339143
-10.945873 -85.544356 515.637708 -777.029263 -0.490688 0.853245 0.176632 -0.376506 -0.024812 -0.926082 0.785792 0.520920 -0.333427
-9.578670 -87.568582 235.300527 -2221.206782 -0.497834 0.849601 0.174181 -0.190394 0.088874 -0.977676 0.846116 0.519884 -0.117515
-12.034283 -86.865461 435.995476 431.711484 -0.503735 0.844654 0.181138 -0.525434 -0.133143 -0.840352 0.685689 0.518491 -0.510879
-7.661491 -86.853659 -682.232245 -3901.719029 -0.462363 0.874517 0.146427 -0.085770 0.120254 -0.989031 0.882533 0.469850 -0.019406
-12.853704 -91.153907 -179.419166 1882.910935 -0.491235 0.863157 0.116829 -0.600637 -0.238544 -0.763107 0.630812 0.445036 -0.635625
-9.736732 -94.573718 -1251.777804 299.128018 -0.470962 0.878394 0.081353 -0.548761 -0.219517 -0.806644 0.690693 0.424542 -0.585413
-7.905482 -92.877728 -1353.963641 -555.439458 -0.446176 0.889043 0.102615 -0.372634 -0.080303 -0.924497 0.813678 0.450726 -0.367117
-6.348587 -91.856819 -1433.242410 -2303.885492 -0.444288 0.890054 0.102044 -0.188353 0.018557 -0.981926 0.875861 0.455478 -0.159400
3.079522 -83.858793 -316.213298 -5069.018348 -0.460959 0.884573 0.071050 0.199318 0.181219 -0.963033 0.864748 0.429757 0.259846
3.435719 -107.457127 110.871041 -10145.404840 -0.479473 0.876796 0.036538 0.020130 0.052614 -0.998412 0.877326 0.477976 0.042877
1.747639 -104.312271 -1447.503436 -9080.797211 -0.425238 0.904391 0.035339 -0.005230 0.036589 -0.999317 0.905066 0.425133 0.010829
2.458181 -82.141344 -1094.073338 -6216.810059 -0.436072 0.896826 0.074463 0.206090 0.180068 -0.961822 0.875996 0.404078 0.263349
-12.293511 -34.649581 867.604480 -907.859239 -0.294812 0.666331 0.684900 -0.125125 0.683665 -0.718989 -0.947328 -0.297665 -0.118178
-10.037354 -33.086113 659.116890 543.453292 -0.270040 0.685758 0.675881 0.194094 -0.648779 0.735808 -0.943083 -0.329882 -0.042095
-10.072684 -36.750637 604.053846 -927.341334 -0.249805 0.657153 0.711159 -0.116591 0.708687 -0.695823 -0.961251 -0.256734 -0.100415
-12.337505 -38.554958 889.588939 -1771.069397 -0.290974 0.614550 0.733255 -0.049454 0.755731 -0.653012 -0.955452 -0.226272 -0.189506
-15.853951 -34.278911 962.624759 -925.363027 -0.346704 0.636118 0.689311 -0.099144 0.705923 -0.701315 -0.932720 -0.311490 -0.181679
4.132979 -23.662184 -755.955842 -1302.226920 0.296710 -0.410380 0.862294 0.939539 0.287100 -0.186654 -0.170965 0.865541 0.470753
5.258264 -22.300965 -400.732147 -1615.554763 0.271708 -0.439140 0.856347 0.939879 0.312374 -0.138024 -0.206889 0.842365 0.497613
2.281173 -17.649027 -1177.587260 -1430.951403 0.268540 -0.405617 0.873705 0.925655 0.359650 -0.117540 -0.266552 0.840314 0.472041
5.046500 -27.609484 170.464165 -1114.702881 0.305918 -0.441504 0.843498 0.946109 0.239864 -0.217583 -0.106261 0.864604 0.491090
4.365358 -27.223487 -773.173984 -781.065992 0.335830 -0.401433 0.852097 0.939681 0.205165 -0.273692 -0.064951 0.892613 0.446120
1.865682 -24.728815 -1223.313662 -995.661946 0.323033 -0.396509 0.859320 0.938152 0.253691 -0.235608 -0.124581 0.882282 0.453937
-4.309067 -78.654303 -701.647710 -3580.009622 -0.693455 0.720490 0.003732 -0.590067 -0.570884 0.570888 -0.413449 -0.393683 -0.821020
-4.620856 -71.930270 -906.326445 791.675323 -0.653028 0.756400 -0.037603 0.711616 0.595859 -0.372231 -0.259149 -0.269836 -0.927378
-4.278777 -75.060973 198.935161 -118.391380 -0.657459 0.753395 -0.011940 -0.693550 -0.598889 0.400399 -0.294508 -0.271527 -0.916263
-3.275964 -72.750152 387.668547 1564.089225 0.686630 -0.726478 0.027727 0.654960 0.601581 -0.457305 -0.315542 -0.332160 -0.888877
-4.166719 -78.949967 -88.929137 -2615.855742 -0.692870 0.721052 -0.003897 -0.588218 -0.562086 0.581429 -0.417050 -0.405147 -0.813588
-10.496221 -88.550978 -1728.740863 2394.738148 -0.493321 0.868771 0.043260 -0.696437 -0.364688 -0.618044 0.521162 0.335022 -0.784953
-10.022442 -79.128613 -1062.066502 4360.822400 -0.525456 0.850178 0.033058 -0.787042 -0.470941 -0.398472 0.323204 0.235398 -0.916584
-13.779501 -87.283193 489.708963 2735.194147 -0.518138 0.849998 0.095055 -0.716587 -0.370745 -0.590806 0.466943 0.374234 -0.801195
-3.680236 -92.688417 -2620.834077 -751.682325 -0.000818 -0.611135 -0.791526 0.229197 0.770342 -0.595015 0.973380 -0.181902 0.139440
-8.157758 -87.602534 -89.650913 -1647.392168 -0.033165 -0.618998 -0.784692 0.164244 0.771075 -0.615197 0.985862 -0.149284 0.076094
-3.433536 -90.865889 -2892.236866 -1924.748778 0.012649 -0.551866 -0.833837 0.008640 0.833933 -0.551798 0.999883 -0.000225 0.015317
-11.909063 -35.361410 -1939.838641 -238.844627 0.020489 -0.520365 0.853698 0.098814 0.850750 0.516197 -0.994895 0.073781 0.068850
-14.792826 -35.174215 -966.862668 -236.825342 0.076880 -0.480038 0.873872 0.117241 0.874738 0.470199 -0.990123 0.066305 0.123530
-10.623698 -35.649855 -1529.401878 -18.543970 0.032200 -0.503250 0.863541 0.251508 0.840267 0.480308 -0.967319 0.201721 0.153628
-5.314415 -35.819994 -1818.118341 -189.326635 -0.005150 -0.541508 0.840680 0.166051 0.828557 0.534716 -0.986104 0.142349 0.085650
-7.107546 -35.203140 -2164.069156 -274.136785 -0.011766 -0.550090 0.835023 0.045687 0.833913 0.550002 -0.998887 0.044620 0.015320
-1.681436 -318.531060 8941.428422 78548.279580 0.796885 0.567920 -0.206011 -0.359818 0.720096 0.593290 0.485289 -0.398658 0.778182
-527.040371 -2255.879890 -59878.675313 -386744.855066 0.351174 -0.523484 -0.776300 -0.169214 0.779970 -0.602506 0.920893 0.342945 0.185324
-66.922131 -104.955766 -12418.935836 -12650.405767 0.787924 0.477896 -0.388318 -0.030013 0.659675 0.750951 0.615041 -0.580038 0.534117
-8.669991 -43.299100 32.362952 -2893.116532 -0.187747 0.679701 0.709054 0.043695 0.726956 -0.685293 -0.981245 -0.097679 -0.166183
-9.033104 -38.530907 -91.439146 -1772.825923 -0.167616 0.686806 0.707250 -0.007985 0.716430 -0.697613 -0.985820 -0.122579 -0.114601
-10.376914 -45.290171 -392.388036 -3085.630699 -0.163667 0.668458 0.725519 0.073977 0.741681 -0.666661 -0.983738 -0.055439 -0.170839
0.671893 -43.742836 -355.364360 1150.673613 -0.220694 -0.608024 -0.762628 0.096685 0.764418 -0.637430 0.970539 -0.214412 -0.109916
1.742381 -41.034660 204.698698 652.186457 -0.246786 -0.600914 -0.760262 0.000349 0.784472 -0.620164 0.969070 -0.153313 -0.193387
0.818439 -45.124676 -46.056344 1397.691985 -0.245658 -0.634895 -0.732503 0.121632 0.729498 -0.673082 0.961695 -0.254444 -0.101984
-0.794703 -149.271732 -150.251164 7738.025569 -0.536959 0.841620 -0.057883 -0.701754 -0.483696 -0.523048 0.468205 0.240236 -0.850336
1.602158 -143.064141 -402.504544 -9595.664947 -0.514644 0.855249 -0.060750 -0.456501 -0.333295 -0.824938 0.725775 0.396817 -0.561950
3.736027 -146.147490 -1469.663084 -6042.792062 -0.519808 0.850232 -0.083098 -0.589095 -0.427194 -0.685910 0.618681 0.307589 -0.722926
-29.933975 -498.675028 -918.103083 139437.356200 0.859515 -0.224012 0.459405 0.433627 0.795405 -0.423437 0.270558 -0.563161 -0.780800
-40.363058 -270.601049 -1819.043858 54693.174703 0.802858 -0.376497 0.462244 0.588046 0.627680 -0.510117 0.098084 -0.681372 -0.725336
-34.069870 -177.420707 -5370.660575 40142.587539 0.760745 -0.474249 0.443120 0.615323 0.744195 -0.259907 0.206507 -0.470384 -0.857959
-15.886984 -152.738834 -3754.006004 37821.787114 0.738200 -0.537534 0.407576 0.649858 0.728742 -0.215915 0.180956 -0.424255 -0.887278
-21.423887 -49.166614 -2723.995995 7259.096681 0.848479 -0.347260 0.399367 0.463566 0.851725 -0.244276 0.255323 -0.392396 -0.883649
-13.341389 -21.696426 -372.468559 597.003574 0.179124 0.075769 0.980904 -0.665326 0.743801 0.064041 -0.724746 -0.664092 0.183644
-14.187597 -23.239587 163.197662 827.360501 0.040203 0.279726 0.959238 -0.712240 0.681329 -0.168833 -0.700784 -0.676419 0.226624
-12.613032 -21.112708 -234.760331 607.097833 0.121495 0.197463 0.972752 -0.639336 0.765214 -0.075482 -0.759269 -0.612744 0.219215
-15.881092 -24.400766 395.196332 -820.393467 -0.080473 -0.177619 -0.980804 0.746076 -0.663251 0.058898 -0.660980 -0.727014 0.185891
-12.341859 -21.442751 -359.622428 373.260812 0.262331 -0.084097 0.961307 -0.645850 0.724873 0.239659 -0.716980 -0.683730 0.135842
-14.391767 -23.339687 481.061308 -551.769979 -0.172411 -0.022646 -0.984765 0.727439 -0.677005 -0.111790 -0.664159 -0.735630 0.133197
-42.509547 -59.481097 181.268485 -2391.988036 -0.666365 0.608426 -0.431018 0.138652 0.669091 0.730132 0.732621 0.426773 -0.530218
-36.032979 -54.086108 489.677431 -1073.628344 -0.749121 0.226924 -0.622354 -0.139375 0.864474 0.482970 0.647606 0.448543 -0.615968
-30.133124 -48.914329 -44.554625 -1586.358234 -0.741141 0.032671 -0.670554 -0.198652 0.943415 0.265529 0.641286 0.330002 -0.692713
38.572898 -68.311392 -1228.815649 -97.726348 -0.553018 0.316777 -0.770599 0.810861 -0.007964 -0.585185 -0.191510 -0.948467 -0.252457
42.539541 -68.679404 839.343042 2840.180882 -0.508394 0.461397 -0.727082 0.838810 0.074372 -0.539321 -0.194766 -0.884071 -0.424834
43.017525 -82.324980 553.413846 1875.820741 -0.532900 0.442353 -0.721347 0.759672 -0.125388 -0.638104 -0.372716 -0.888032 -0.269224
39.357773 -76.468443 -1405.534528 2335.626481 -0.586830 0.310764 -0.747701 0.750922 -0.136561 -0.646117 -0.302897 -0.940626 -0.153222
27.678226 -63.107335 2545.514602 -4942.012519 -0.480958 0.856250 -0.188454 0.819163 0.362255 -0.444682 -0.312491 -0.368248 -0.875638
14.322165 -48.607663 1851.856125 3174.975698 -0.535352 0.840458 -0.083834 -0.717319 -0.400011 0.570477 -0.445927 -0.365542 -0.817024
8.335998 -38.244499 1933.359323 1152.959467 -0.504441 0.854684 -0.122694 -0.708177 -0.328236 0.625097 -0.493988 -0.402214 -0.770843
24.216851 -31.365766 2016.148051 235.589936 -0.633559 0.573125 -0.519741 0.263050 0.791311 0.551934 0.727604 0.212965 -0.652103
19.041632 -31.111068 3768.526976 481.304062 -0.681232 0.577083 -0.450442 0.295929 0.779867 0.551573 0.669589 0.242450 -0.702046
11.236038 -31.697270 3777.646500 778.749394 -0.696986 0.592120 -0.404481 0.348162 0.772547 0.530993 0.626893 0.229270 -0.744608
69.423968 -60.215107 -3877.363183 -1693.385300 -0.538820 0.792842 -0.284734 -0.454913 -0.558320 -0.693781 0.709032 0.244294 -0.661509
75.216312 -43.325263 -354.508394 -4026.513266 -0.697663 0.669878 -0.254027 -0.226798 -0.542848 -0.808628 0.679580 0.506537 -0.530652
68.047170 -47.161467 3321.922613 -2168.330418 -0.731741 0.673042 -0.107561 -0.421689 -0.571031 -0.704345 0.535474 0.470041 -0.701661
-4.044464 -34.165547 312.555688 974.739210 -0.413664 0.455453 -0.788318 0.696411 -0.399432 -0.596210 -0.586425 -0.795623 -0.151952
2.858610 -31.908442 2985.124569 891.772582 -0.360113 0.466172 -0.808085 0.700633 -0.436789 -0.564206 -0.615980 -0.769350 -0.169322
1.349141 -32.706492 1846.692492 1810.390615 -0.332350 0.427490 -0.840711 0.798167 -0.347402 -0.492181 -0.502467 -0.834604 -0.225749
-4.399269 -38.854791 226.219504 -306.004664 -0.460915 0.481962 -0.745164 0.590621 -0.460114 -0.662919 -0.662362 -0.745659 -0.072583
-5.089608 -37.594580 -66.300067 732.145672 -0.441933 0.452297 -0.774676 0.673317 -0.403376 -0.619622 -0.592739 -0.795434 -0.126274
9.271036 -36.584785 294.404266 84.156927 -0.279808 0.376612 -0.883103 0.957535 0.176091 -0.228295 0.069527 -0.909481 -0.409891
8.642654 -37.242810 658.847544 919.212515 -0.279368 0.412469 -0.867077 0.941908 0.293075 -0.164062 0.186449 -0.862541 -0.470383
7.242386 -38.142725 918.050084 -505.581563 -0.287754 0.434285 -0.853577 0.955461 0.191142 -0.224852 0.065505 -0.880262 -0.469944
7.840855 -38.263677 570.560248 -1683.054847 -0.287683 0.402464 -0.869058 0.957201 0.090792 -0.274814 -0.031699 -0.910922 -0.411359
9.473074 -38.413896 269.368239 -704.722624 -0.293822 0.356182 -0.887019 0.953461 0.043512 -0.298359 -0.067674 -0.933403 -0.352390
7.141862 -56.626626 -781.337652 -1529.583591 -0.302329 0.449412 -0.840610 0.618558 0.763478 0.185708 0.725247 -0.463822 -0.508809
12.730427 -56.246734 -1503.736402 -2403.960624 -0.315874 0.485097 -0.815417 0.512983 0.810292 0.283330 0.798168 -0.328798 -0.504797
8.628199 -56.152891 -1558.317900 -993.502393 -0.292640 0.452543 -0.842358 0.485438 0.829273 0.276869 0.823839 -0.327890 -0.462360
-0.104113 -70.628726 -69.687961 -5332.674115 0.450847 -0.618395 0.643680 0.879813 0.429503 -0.203608 -0.150552 0.658114 0.737712
17.099228 -22.990126 -781.671872 -2687.450762 -0.410375 0.390945 -0.823865 0.840303 -0.188831 -0.508168 -0.354237 -0.900836 -0.251021
19.854379 -21.947116 -1804.145465 -2167.988071 -0.373363 0.432409 -0.820745 0.859859 -0.170768 -0.481125 -0.348200 -0.885359 -0.308052
13.777138 -18.055244 489.275973 -2049.580697 -0.540990 0.470992 -0.696776 -0.436189 0.551217 0.711266 0.719075 0.688714 -0.092761
10.466583 -18.847577 -1545.193266 -1684.097284 0.578506 -0.453498 0.677990 -0.443456 0.522764 0.728055 0.684600 0.721843 -0.101316
13.116274 -20.384558 -886.265598 -2086.021508 -0.478462 0.488162 -0.729912 -0.467782 0.561771 0.682344 0.743138 0.667915 -0.040432
12.913185 -15.039320 1719.168298 -1024.067336 -0.579658 0.450655 -0.678901 -0.405955 0.562690 0.720126 0.706539 0.693029 -0.143222
14.472122 -14.719930 -47.992302 -1350.866332 -0.516384 0.477893 -0.710609 -0.411876 0.588925 0.695360 0.750803 0.651756 -0.107279
-1.599490 -82.301090 26.880225 -1302.815957 -0.360268 0.436667 -0.824335 0.892640 0.418018 -0.168688 0.270927 -0.796607 -0.540385
-1.424617 -87.556017 -269.570076 -1863.425711 -0.317137 0.443009 -0.838550 0.867540 0.492725 -0.067793 0.383142 -0.748976 -0.540590
0.374166 -71.799422 792.352643 -1270.766511 -0.435597 0.724309 -0.534446 -0.354588 0.407653 0.841478 -0.827359 -0.556053 -0.079259
0.990203 -75.498282 124.939459 -1111.865844 -0.439920 0.697947 -0.565102 -0.202064 0.536197 0.819550 -0.875009 -0.474723 0.094853
-0.250933 -76.837709 200.409763 -749.210016 -0.436481 0.673066 -0.597048 -0.162540 0.593690 0.788107 -0.884910 -0.441038 0.149734
14.245323 -80.144904 3973.734411 -8537.930140 0.990820 0.061836 0.120214 -0.106517 -0.190461 0.975899 -0.083242 0.979745 0.182126
6.448249 -95.110170 2114.309306 -9950.437100 0.985696 0.084876 0.145598 -0.097160 -0.419714 0.902441 -0.137705 0.903679 0.405464
13.687765 -100.818092 2329.025742 -11750.366504 0.986059 0.130032 0.103824 -0.055362 -0.332029 0.941643 -0.156916 0.934264 0.320201
5.836834 -10.752307 2661.411370 -563.369944 -0.130854 0.765248 -0.630296 0.907343 -0.163754 -0.387187 -0.399508 -0.622559 -0.672914
8.934404 -14.480742 2391.207582 -1039.131179 -0.281656 0.776061 -0.564269 0.889434 -0.009454 -0.456965 -0.359968 -0.630587 -0.687592
-13.184339 -1515.235846 6717.324387 -402389.030008 0.383534 0.850505 0.359920 -0.376200 -0.212043 0.901948 -0.843431 0.481330 -0.238635
-144.697821 -2564.359215 6594.408740 -290815.007909 0.424720 0.858663 0.286900 -0.135884 -0.252851 0.957916 -0.895069 0.445831 -0.009288
-86.630370 -3741.643293 1114.822957 702836.366188 0.310204 0.858978 0.407345 0.949069 -0.304671 -0.080273 0.055154 0.411500 -0.909740
-3.114801 -43.787393 -981.010885 -1310.065585 0.966723 0.233554 -0.104401 -0.142923 0.154595 -0.977585 0.212179 -0.959975 -0.182831
-1.561968 -48.127047 19.737097 214.350962 0.972701 0.229239 0.036089 -0.005548 0.178442 -0.983935 0.231996 -0.956874 -0.174842
4.392186 -47.252517 -2467.727196 2391.828135 0.957023 0.215391 -0.194198 -0.202457 0.016749 -0.979148 0.207647 -0.976384 -0.059637
-5.782142 -24.634722 -810.303982 147.309399 -0.293525 0.624890 -0.723434 0.805407 0.569302 0.164969 0.514940 -0.534236 -0.670395
-1.089587 -22.615555 -1347.030649 284.845173 -0.351250 0.553763 -0.754963 0.766129 0.633508 0.108230 0.538209 -0.540384 -0.646774
26.459832 15.352720 -2431.431500 4730.452286 0.349504 0.041149 -0.936031 0.933813 -0.096791 0.344420 -0.076427 -0.994454 -0.072255
40.353194 20.362862 8238.443814 2654.426422 0.575420 0.257482 -0.776270 0.817845 -0.186482 0.544384 -0.004592 -0.948118 -0.317886
31.804897 13.341594 4044.104086 6538.375406 0.302356 0.257032 -0.917886 0.952276 -0.039183 0.302712 0.041841 -0.965608 -0.256613
16.626884 -89.346803 -1220.079083 -386.039841 -0.412696 0.706057 -0.575469 -0.482062 -0.705353 -0.519705 0.772850 -0.062931 -0.631460
10.595922 -81.047110 1075.297765 -9786.123171 -0.439657 0.641677 -0.628453 0.384301 0.766819 0.514102 0.811797 -0.015487 -0.583734
11.794507 -67.537948 -2044.189505 -4124.050487 -0.393860 0.659988 -0.639758 0.281893 0.749207 0.599354 0.874878 0.055718 -0.481129
15.009661 -81.361306 -2282.526585 -6211.440691 -0.408111 0.738869 -0.536207 -0.401686 -0.672767 -0.621316 0.819813 0.038179 -0.571357
5.388723 -62.954170 -2144.485453 1121.928902 -0.389578 0.596401 -0.701808 -0.031189 0.753032 0.657244 0.920465 0.277937 -0.274764
8.279326 -56.986330 -3227.500569 203.201867 -0.371340 0.695243 -0.615421 0.198140 0.706883 0.679012 0.907109 0.130205 -0.400250
-2.173795 -52.370597 -589.224491 5357.709724 -0.245877 0.649260 -0.719726 0.551625 -0.516827 -0.654675 0.797029 0.557988 0.231072
-3.811145 -50.736585 -542.877738 5921.259117 -0.252742 0.629345 -0.734878 0.526963 -0.547459 -0.650076 0.811437 0.551556 0.193276
-4.083455 -43.129067 -282.452613 -2104.016902 -0.243917 0.594869 -0.765921 -0.486132 0.608385 0.627330 0.839154 0.525355 0.140790
-26.438530 -38.729380 1354.677319 1172.604165 0.962504 0.259572 0.078790 0.051331 -0.459484 0.886702 -0.266366 0.849410 0.455579
-26.618279 -39.842889 557.116921 1368.352839 0.891252 0.439596 -0.111472 0.279015 -0.337734 0.898936 -0.357520 0.832281 0.423660
13.703715 -38.006259 2320.981140 84.913659 0.206092 -0.533884 0.820057 0.094055 0.844976 0.526469 -0.974002 -0.031371 0.224357
15.145123 -38.572116 563.541424 -130.103156 0.128897 -0.543172 0.829669 0.162517 0.836907 0.522662 -0.978250 0.067466 0.196150
14.781969 -38.255564 184.411868 -310.365991 0.121218 -0.537808 0.834307 0.268713 0.826901 0.493992 -0.955562 0.164308 0.244751
4.790519 -39.609450 3424.756390 244.248621 -0.254957 -0.595467 -0.761850 0.235727 0.725841 -0.646210 0.937779 -0.344345 -0.044691
14.796212 -61.827042 4660.950504 10364.688552 -0.249104 -0.647669 -0.720050 0.287480 0.660527 -0.693584 0.924826 -0.379775 0.021652
4.174397 -115.912260 -3394.887912 21978.306514 0.251851 0.650584 0.716458 0.424394 0.591093 -0.685929 0.869748 -0.476812 0.127236
3.249757 -33.764060 -2575.734065 673.594262 0.136687 -0.512278 -0.847873 0.699268 0.656150 -0.283710 0.701670 -0.554111 0.447907
14.607884 -15.460116 -710.884888 3953.783327 0.205806 -0.385702 -0.899377 0.573839 0.792022 -0.208350 0.792687 -0.473218 0.384333
12.382800 -35.194475 -17.363777 648.970032 -0.134469 -0.571170 -0.809743 0.628050 0.582944 -0.515489 0.766467 -0.577876 0.280335
2.903349 -32.958620 2834.203186 383.734209 0.241360 -0.546756 0.801750 0.594359 0.736376 0.323246 -0.767126 0.398509 0.502701
4.888711 -34.567657 1844.147345 642.182955 0.238342 -0.536101 0.809808 0.518671 0.775229 0.360555 -0.821081 0.334089 0.462829
8.974355 -33.579558 2386.257451 1031.143425 0.211057 -0.552401 0.806417 0.574055 0.737788 0.355147 -0.791148 0.387971 0.472824
-9.042028 -34.382606 -229.033588 181.620700 -0.258527 0.681328 0.684804 0.226722 -0.646307 0.728618 -0.939021 -0.343627 -0.012616
-9.599549 -31.255761 581.819803 591.649005 -0.299626 0.723199 0.622260 0.267043 -0.562583 0.782425 -0.915922 -0.400605 0.024561
4.496448 -18.076592 35.548113 -2021.628887 0.252216 -0.459084 0.851839 0.929064 0.361053 -0.080498 -0.270604 0.811716 0.517582
5.061327 -23.469161 445.609687 -1829.765991 0.284027 -0.457639 0.842553 0.938294 0.313498 -0.146023 -0.197313 0.832037 0.518442
4.461993 -96.761192 383.758752 -2900.505720 0.168289 0.510311 0.843363 0.859014 -0.495574 0.128456 0.483502 0.702843 -0.521764
3.153816 -104.704858 929.388148 -4494.636074 0.164229 0.519296 0.838666 0.846242 -0.511037 0.150718 0.506857 0.684962 -0.523377
3.867909 -102.838338 -234.448477 5520.172913 -0.152698 -0.519728 -0.840575 -0.730029 0.632627 -0.258538 0.666139 0.574166 -0.476017
4.043050 -93.672612 669.558174 -965.714294 0.178068 0.510886 0.841004 0.945115 -0.326733 -0.001631 0.273950 0.795136 -0.541027
-4.188408 -64.915833 -68.535580 -2220.901942 -0.654287 0.756229 -0.005061 -0.686102 -0.590772 0.424561 -0.318076 -0.281257 -0.905385
-4.692292 -73.859532 -719.177304 -2899.057073 -0.686979 0.726607 0.010095 -0.589808 -0.565647 0.576342 -0.424485 -0.389980 -0.817146
-5.565310 -70.347696 57.112327 -3319.673341 -0.669302 0.741985 0.038631 -0.595175 -0.566545 0.569907 -0.444749 -0.358448 -0.820801
-5.141023 -62.941432 567.662993 -2400.995132 -0.638886 0.768949 0.023291 -0.704204 -0.596744 0.384699 -0.309713 -0.229377 -0.922748
-7.622649 -88.140227 -2508.831143 4707.758677 -0.489159 0.872020 -0.017420 -0.758921 -0.435389 -0.484227 0.429840 0.223644 -0.874769
-7.608644 -78.229254 -2031.570195 5337.026604 -0.520503 0.853711 -0.015946 -0.826149 -0.508243 -0.243241 0.215762 0.113434 -0.969835
-5.586882 -79.482862 779.300298 -1613.813309 -0.081843 -0.671761 -0.736232 0.266880 0.696962 -0.665597 0.960248 -0.250960 0.122238
-8.910240 -80.555752 1076.759415 -1909.838754 -0.071671 -0.628817 -0.774243 0.058301 0.772271 -0.632612 0.995723 -0.090479 -0.018689
-3.162649 -88.602327 116.921183 -151.815586 0.052522 0.669089 0.741324 0.393314 0.668486 -0.631214 0.917903 -0.324726 0.228052
-16.504248 -33.741346 256.447406 -603.400410 0.133689 -0.464865 0.875230 -0.002211 0.883016 0.469338 -0.991021 -0.064681 0.117022
-15.819988 -35.628190 164.192656 -254.269664 0.135446 -0.456460 0.879374 0.135820 0.887728 0.439877 -0.981431 0.059857 0.182236
-15.757141 -35.279843 792.581258 -423.022622 0.186529 -0.422493 0.886965 0.089890 0.906362 0.412828 -0.978329 0.002725 0.207040
-14.126274 -35.753167 -664.507713 -76.660672 0.101204 -0.467578 0.878139 0.223406 0.870809 0.437928 -0.969457 0.151861 0.192589
-14.142505 -35.955101 456.336052 -136.660450 0.176568 -0.434748 0.883073 0.228846 0.890716 0.392754 -0.957316 0.132740 0.256762
-10.751015 -97.521026 975.445958 -2154.961173 0.660588 0.735177 0.152115 0.306552 -0.449098 0.839247 -0.685310 0.507765 0.522039
-8.693644 -102.576324 577.237613 -847.943562 0.677604 0.714623 0.173688 0.156857 -0.371174 0.915219 -0.718505 0.592911 0.363602
-11.928377 -107.164454 474.827419 1550.396546 0.656913 0.735064 0.167769 0.081129 -0.290137 0.953540 -0.749589 0.612782 0.250230
-13.857002 -86.631701 1272.470564 -3082.748388 0.644918 0.739751 0.191961 0.170277 -0.383944 0.907520 -0.745042 0.552589 0.373575
-16.000884 -87.227540 1928.997577 -5585.445982 0.641967 0.748883 0.164478 0.335071 -0.466966 0.818334 -0.689642 0.470231 0.550706
0.012249 -1098.309323 -14293.391876 300780.856993 -0.513964 -0.796599 -0.318230 0.708370 -0.184913 -0.681190 0.483791 -0.575532 0.659325
55.374623 -40.207336 43126.839264 -6219.029374 0.054358 0.972201 0.227751 0.947176 0.021995 -0.319958 0.316073 -0.233112 0.919650
-41.183215 -555.610638 28226.052823 177749.777412 0.082518 0.995054 0.055303 0.716047 -0.020601 -0.697748 0.693158 -0.097177 0.714205
-137.488537 -265.005873 53582.158681 58907.835873 0.729935 -0.281665 -0.622783 -0.560592 -0.767998 -0.309703 0.391064 -0.575190 0.718488
-13.780560 -25.477742 -851.200645 -593.570577 0.042397 -0.423030 -0.905123 0.758314 -0.576226 0.304833 -0.650509 -0.699292 0.296359
-16.245720 -25.898265 -377.632940 -791.932403 0.015557 -0.321890 -0.946649 0.780711 -0.587603 0.212634 -0.624698 -0.742368 0.242162
-16.055501 -27.511548 -1189.080272 -454.018497 0.076516 -0.426245 -0.901366 0.813148 -0.496480 0.303807 -0.577006 -0.756190 0.308612
-13.842558 -27.505986 -1415.541162 -218.199403 0.071960 -0.477837 -0.875496 0.808735 -0.485782 0.331607 -0.583755 -0.731907 0.351487
-12.227824 -23.074763 523.252901 864.533145 0.012797 0.374811 0.927013 -0.684063 0.679473 -0.265282 -0.729311 -0.630740 0.265089
2.381670 -38.482292 319.353562 115.236946 -0.243093 -0.576018 -0.780454 -0.104519 0.815460 -0.569299 0.964355 -0.056820 -0.258438
1.879914 -40.532726 83.581325 213.742652 -0.238901 -0.589747 -0.771443 -0.074759 0.803260 -0.590918 0.968162 -0.083499 -0.235988
39.227171 -436.190345 -7981.219450 -86982.741910 -0.605641 0.794170 -0.049927 -0.702440 -0.563057 -0.435368 0.373868 0.228606 -0.898867
22.106648 -203.317925 -6049.385080 -22508.032926 -0.601727 0.797031 -0.051642 -0.764577 -0.593510 -0.251332 0.230969 0.111749 -0.966522
23.463689 -168.591318 -5307.665354 -19375.320806 -0.522533 0.848983 -0.078663 -0.652767 -0.457698 -0.603661 0.548502 0.264084 -0.793351
