12529
25049
-37.817469 -66.498259 1930.416007 9692.419471 0.145062 -0.979779 0.137805 0.979620 0.122667 -0.159053 0.138933 0.158069 0.977605
-49.571246 -76.956623 174.925499 6892.402377 0.206109 -0.957172 0.203323 0.977383 0.211427 0.004550 -0.047343 0.197787 0.979101
-30.055019 -88.853038 4016.853570 11530.298908 0.314854 -0.944695 0.091752 0.949130 0.312936 -0.034965 0.004318 0.098094 0.995168
-44.959476 -65.050940 79.324589 5275.653347 -0.313731 -0.913970 0.257354 0.948097 -0.316330 0.032370 0.051824 0.254152 0.965775
-18.747217 -81.638293 -5962.064128 16519.615939 -0.217193 0.976128 0.000443 0.958982 0.213463 -0.186514 0.182157 0.040085 0.982452
-29.689366 -57.003088 -3270.227284 9746.866751 -0.105845 0.992086 -0.067546 0.960492 0.084419 -0.265194 0.257393 0.092947 0.961826
-33.496514 -48.600729 -1036.861790 4353.927804 0.400968 0.884175 -0.239706 0.889389 -0.438434 -0.129474 0.219573 0.161276 0.962173
-31.983587 -71.131675 -1336.246909 1243.561965 0.434733 0.900485 0.011605 -0.187443 0.103082 -0.976852 0.880836 -0.422494 -0.213603
-17.443330 -70.637310 -9081.276167 908.918765 0.524331 0.846508 -0.092201 -0.188152 0.009574 -0.982093 0.830467 -0.532290 -0.164292
-16.536035 -72.088278 -9589.754503 2418.219743 0.527616 0.840513 -0.123120 -0.300194 0.048898 -0.952624 0.794673 -0.539580 -0.278117
-38.894455 -74.255122 2156.148492 2422.411193 0.318905 0.947388 0.027485 -0.213076 0.099921 -0.971913 0.923525 -0.304092 -0.233731
-36.859748 -69.740635 1045.575106 -573.956445 0.340800 0.940013 -0.015185 -0.082375 0.013768 -0.996506 0.936520 -0.340861 -0.082125
-38.958204 -73.893702 1974.212598 1805.432151 0.350774 0.934686 0.057612 -0.348125 0.187264 -0.918554 0.869349 -0.302148 -0.391075
-31.319505 -72.252149 -1836.190315 1210.727847 0.454539 0.889250 -0.051277 -0.313717 0.105946 -0.943587 0.833652 -0.444984 -0.327130
70.097813 -70.169378 6767.674352 -8840.655078 0.553446 -0.818740 0.152850 0.832133 0.551353 -0.059702 -0.035394 0.160233 0.986444
77.594908 -54.474291 3491.329197 -9556.173184 0.529574 -0.782389 0.327748 0.828400 0.560135 -0.001390 -0.182495 0.272243 0.944764
74.653941 -65.772392 -695.059838 -3962.692525 0.596864 -0.744098 0.300118 0.801862 0.566140 -0.191056 -0.027745 0.354688 0.934573
69.104524 -82.137364 2563.629647 -2959.400934 0.595316 -0.792153 0.134510 0.789849 0.546231 -0.278872 0.147436 0.272260 0.950861
75.475240 -78.544494 -5754.891074 1763.635335 0.657129 -0.716088 0.235373 0.736294 0.542925 -0.403861 0.161410 0.438692 0.884023
68.732769 -59.129234 -2727.902665 -937.954153 0.654411 -0.653227 0.380842 0.756134 0.563444 -0.332855 0.002847 0.505792 0.862651
32.701265 -0.361546 5528.028976 -1007.944920 -0.702618 -0.182639 -0.687729 -0.327985 0.940830 0.085231 0.631469 0.285450 -0.720947
20.671325 -0.468192 5510.847241 -792.007887 -0.724820 -0.218425 -0.653397 -0.344404 0.936278 0.069062 0.596676 0.275090 -0.753859
32.444838 2.082891 6382.313813 -1759.802057 -0.707091 -0.195797 -0.679474 -0.327178 0.942448 0.068900 0.626878 0.271027 -0.730457
36.155345 3.331367 3405.853473 -2298.523315 -0.650985 -0.200001 -0.732269 -0.339371 0.939572 0.045080 0.679003 0.277857 -0.679522
45.107103 -44.072612 -6365.592755 117.478548 0.068682 0.983141 -0.169460 0.821493 0.040647 0.568769 -0.566068 0.178274 0.804851
38.399199 -40.451312 -17391.588779 114.113125 -0.072480 0.989357 -0.126173 0.816040 0.131560 0.562824 -0.573433 0.062169 0.816890
59.694941 -38.615948 -11139.311552 -1690.653499 -0.005905 0.976916 -0.213544 0.707774 0.154939 0.689239 -0.706414 0.147070 0.692350
53.901221 -43.786167 7384.266891 -1415.972713 0.183526 0.947643 -0.261324 0.714431 0.054015 0.697618 -0.675209 0.314729 0.667112
37.047335 -49.503252 10327.166317 -1580.801027 0.248653 0.937009 -0.245327 0.792908 -0.051445 0.607166 -0.556300 0.345495 0.755754
-1.022441 -67.273954 -263.195289 -414.402616 0.505809 0.791425 -0.343226 0.730111 -0.180843 0.658964 0.459451 -0.583903 -0.669300
-0.293124 -64.011062 -425.196241 -2109.616503 0.496970 0.790365 -0.358250 0.819334 -0.291383 0.493749 0.285854 -0.538905 -0.792382
-1.997481 -65.504736 -155.648896 -767.320576 0.496817 0.798358 -0.340290 0.760083 -0.211031 0.614605 0.418863 -0.563995 -0.711663
-1.941889 -66.375924 39.814967 871.231804 0.510617 0.797631 -0.321023 0.623899 -0.086813 0.776669 0.591626 -0.596866 -0.541969
-3.517682 -60.995002 -232.704574 -2123.252699 0.482089 0.802754 -0.350965 0.843836 -0.317693 0.432449 0.235651 -0.504636 -0.830549
-2.280134 -63.477754 -164.674292 -828.085233 0.504683 0.795265 -0.335931 0.767064 -0.234536 0.597164 0.396116 -0.559059 -0.728385
-1.372217 -64.173793 -3.707583 1293.051201 0.513574 0.797819 -0.315795 0.634929 -0.105797 0.765292 0.577155 -0.593542 -0.560893
80.320586 -77.111846 1294.944606 -10803.966717 -0.217056 0.916460 -0.336137 -0.459813 -0.399741 -0.792955 0.861080 0.017555 -0.508167
88.272460 -62.195307 6511.139394 -9755.601169 -0.271327 0.907836 -0.319711 -0.336514 -0.400685 -0.852180 0.901743 0.123632 -0.414216
81.987196 -73.857257 14264.516727 -7189.317161 -0.460827 0.864116 -0.202343 -0.473380 -0.432181 -0.767549 0.750700 0.257922 -0.608215
86.132055 -62.619622 -13236.396602 -12151.146845 0.004737 0.908614 -0.417611 -0.328912 -0.392963 -0.858718 0.944349 -0.141425 -0.296992
75.168188 -90.702180 10230.270724 -6950.876623 -0.396701 0.893929 -0.208615 -0.604304 -0.425392 -0.673690 0.690974 0.141186 -0.708958
71.357131 -83.068374 -15101.805732 -13033.571434 0.045357 0.907184 -0.418282 -0.459417 -0.352864 -0.815122 0.887062 -0.229138 -0.400770
65.767273 -97.704642 -2981.100225 -10070.759629 -0.159029 0.927741 -0.337649 -0.603359 -0.362030 -0.710557 0.781452 -0.090724 -0.617335
10.069050 -111.181497 -1291.364669 5259.861103 -0.218560 0.963442 -0.154953 -0.748444 -0.063615 0.660140 -0.626149 -0.260254 -0.734987
6.325819 -111.633922 -1232.695029 11709.909202 -0.269352 0.948349 -0.167581 -0.733550 -0.089288 0.673744 -0.623982 -0.304403 -0.719712
7.070549 -121.338712 -1187.860721 10838.651718 -0.229018 0.960232 -0.159703 -0.847725 -0.116103 0.517573 -0.478448 -0.253917 -0.840603
7.961407 -99.109064 -1346.514129 4406.965211 -0.275688 0.949405 -0.150419 -0.612924 -0.053077 0.788357 -0.740486 -0.309536 -0.596546
10.566438 -118.056710 -1316.575324 -198.230042 -0.165423 0.975545 -0.144733 -0.859156 -0.070492 0.506836 -0.484238 -0.208190 -0.849806
11.502529 -111.939540 -1161.748757 -4654.034146 -0.237838 0.964501 -0.114768 -0.615090 -0.058111 0.786313 -0.751730 -0.257608 -0.607076
13.403367 -124.534192 -1178.206427 -13543.858132 -0.176242 0.977289 -0.117662 -0.755132 -0.057555 0.653041 -0.631438 -0.203943 -0.748126
10.911163 -38.515936 -197.982187 5108.535858 -0.038928 0.994392 -0.098330 -0.280373 -0.105322 -0.954096 0.959101 0.009572 -0.282901
10.293200 -44.805718 109.345623 435.156585 -0.052239 0.994025 -0.095844 -0.156388 -0.102934 -0.982317 0.986313 0.036326 -0.160831
11.601633 -38.190967 -978.244807 4638.227427 -0.050292 0.996040 -0.073317 -0.251292 -0.083668 -0.964288 0.966604 0.030072 -0.254505
14.922621 -25.154304 -792.726036 9997.660245 -0.023495 0.999720 0.002736 -0.366633 -0.006071 -0.930346 0.930069 0.022861 -0.366673
28.830434 -20.717733 1942.189023 3385.761705 0.459944 0.882160 -0.101214 0.771124 -0.453343 -0.447043 0.440249 -0.127566 0.888768
30.277894 -22.384873 -1011.022303 4452.732339 0.526583 0.849314 -0.037089 0.749445 -0.484374 -0.451347 0.401300 -0.209876 0.891578
29.581071 -31.659143 1827.078725 8054.922651 0.484011 0.869012 -0.102719 0.761908 -0.476243 -0.438962 0.430383 -0.134200 0.892615
26.997921 -16.616793 -603.648738 -1158.984286 0.543868 0.838414 -0.035643 0.737284 -0.497689 -0.456857 0.400775 -0.222191 0.888826
23.923537 -27.839002 4449.699604 6123.536335 0.424459 0.889256 -0.170467 0.778258 -0.454532 -0.433261 0.462762 -0.051234 0.885001
20.939307 -19.954214 5870.223254 2291.127729 0.381512 0.906735 -0.179666 0.790874 -0.420808 -0.444340 0.478504 -0.027428 0.877657
24.734638 -16.784656 3994.462978 -705.617668 0.429042 0.892207 -0.141030 0.758774 -0.440692 -0.479637 0.490086 -0.098774 0.866059
-15.614895 -42.522244 1240.178157 -1029.853929 0.148605 0.987830 0.045918 0.037637 0.040750 -0.998460 0.988180 -0.150104 0.031124
-18.660111 -46.607919 -332.149416 -3540.741462 0.169586 0.971253 -0.167057 -0.077277 -0.155885 -0.984748 0.982481 -0.179909 -0.048620
-21.069686 -45.018587 1301.519195 -4353.628676 0.113977 0.989872 -0.084637 -0.066404 -0.077411 -0.994785 0.991262 -0.119003 -0.056909
-4.860130 -57.205847 1776.662628 1562.812599 0.522708 0.838048 -0.156370 0.526866 -0.173361 0.832081 -0.670215 0.517321 0.532156
-5.862587 -58.287717 -336.406575 -23.274891 0.500216 0.860814 -0.093718 0.338840 -0.094991 0.936037 -0.796851 0.499976 0.339194
-5.653457 -58.829426 1972.329276 -285.362824 0.506711 0.847025 -0.160600 0.373246 -0.047615 0.926510 -0.777130 0.529416 0.340276
1.234507 -241.232396 83.677690 -17059.537129 0.807145 -0.019986 0.590015 -0.373793 0.756269 0.536969 0.456942 0.653955 -0.602948
-3.314221 -202.183353 -2668.410359 -8048.825245 -0.786566 0.012416 -0.617382 -0.200836 0.940298 0.274782 0.583934 0.340127 -0.737112
-1.636549 -185.605563 2812.988390 -2227.518992 0.799840 -0.045396 0.598495 -0.300994 0.832355 0.465389 0.519287 0.552380 -0.652087
0.491051 -199.014117 2083.634272 -22070.837210 0.813506 -0.052605 0.579173 -0.393467 0.683567 0.614751 0.428243 0.727989 -0.535388
-3.332970 -187.446646 2238.002172 -21063.242792 0.829923 -0.045434 0.556024 -0.361666 0.715047 0.598252 0.424765 0.697598 -0.577002
-6.500127 -164.207543 1058.676620 -10279.641291 0.830202 -0.040901 0.555960 -0.261280 0.852431 0.452874 0.492441 0.521238 -0.697003
2.708738 -216.259355 -4596.312356 -40439.532571 0.904694 0.070830 0.420134 0.264516 -0.866403 -0.423529 -0.334006 -0.494296 0.802565
1.521235 -194.759309 -2833.684697 -22192.861040 0.911105 0.077222 0.404877 0.330373 -0.724178 -0.605327 -0.246458 -0.685276 0.685313
0.429453 -187.637124 433.431732 -29539.320839 0.917494 0.114909 0.380790 0.298969 -0.830673 -0.469681 -0.262342 -0.544773 0.796492
79.619650 -85.826215 -13671.531168 10628.527907 0.817563 0.307891 0.486615 0.147849 0.704489 -0.694144 0.556536 -0.639452 -0.530442
73.548545 -58.608137 513.185546 2258.639888 -0.651573 -0.460575 -0.602763 0.094973 0.738807 -0.667191 0.752617 -0.491970 -0.437645
62.990930 -60.859122 8169.793815 1394.801584 -0.776649 -0.309443 -0.548691 0.104983 0.795265 -0.597103 0.621124 -0.521343 -0.585156
55.922988 -68.589052 -14590.897031 6082.108350 0.861356 0.190855 0.470787 0.143851 0.797174 -0.586362 0.487209 -0.572790 -0.659196
64.875682 -125.574728 -19123.895066 18450.595808 0.880155 0.142908 0.452664 0.296431 0.579335 -0.759276 0.370751 -0.802464 -0.467542
93.303916 -129.777125 -10104.930485 20551.656050 0.798230 0.372357 0.473475 0.222192 0.548594 -0.806024 0.559874 -0.748595 -0.355170
-3.710513 -244.616863 -3569.967386 18447.708792 -0.787603 -0.163306 -0.594148 0.034257 0.951144 -0.306840 0.615230 -0.262022 -0.743530
-3.166711 -312.343673 -5076.586553 49310.509526 -0.808710 -0.241057 -0.536545 0.145236 0.802093 -0.579269 0.569996 -0.546386 -0.613650
-6.080578 -219.350930 -1393.915651 24606.834371 -0.812029 -0.157492 -0.561965 0.078645 0.924589 -0.372760 0.578294 -0.346888 -0.738407
-1.383293 -193.546862 729.185175 -5967.798916 -0.807232 -0.081750 -0.584545 -0.006449 0.991524 -0.129762 0.590199 -0.100978 -0.800918
-4.049815 -181.227190 -603.274662 -7206.732442 -0.809338 -0.079226 -0.581976 0.014153 0.987942 -0.154174 0.587173 -0.133015 -0.798458
-214.194621 -4558.502291 115319.294909 163489.279061 -0.457139 -0.125193 -0.880540 0.420277 0.842126 -0.337921 0.783831 -0.524548 -0.332353
-75.208703 -5117.147752 130619.932789 2361819.755640 -0.387953 0.145474 -0.910126 0.836688 0.469761 -0.281563 0.386581 -0.870725 -0.303961
114.306872 -6299.005156 77590.610978 6952008.416115 -0.375276 0.122215 -0.918821 -0.275333 0.931830 0.236401 0.885076 0.341697 -0.316043
-102.468941 -1564.424858 -22213.705650 285942.768381 0.430930 -0.092579 0.897624 0.800517 0.498338 -0.332913 -0.416500 0.862025 0.288860
-400.915320 -4220.793567 148565.548767 -1324823.805845 -0.359169 -0.059296 -0.931387 -0.619104 0.761919 0.190237 0.698361 0.644953 -0.310368
4.414925 -67.080510 2047.588290 -4684.101754 -0.797022 0.089465 -0.597288 0.272662 0.935748 -0.223678 0.538899 -0.341134 -0.770205
2.373768 -67.654332 2143.303111 1603.950555 -0.794393 0.108486 -0.597638 0.310030 0.918519 -0.245365 0.522323 -0.380202 -0.763298
13.023068 -62.922066 6260.827609 1327.767566 -0.833625 0.018181 -0.552032 0.245803 0.907243 -0.341308 0.494622 -0.420214 -0.760769
16.141377 -65.569254 7461.670059 -5070.763462 -0.837201 -0.013369 -0.546732 0.184777 0.933999 -0.305784 0.514735 -0.357027 -0.779474
-27.563427 -37.636260 4053.280900 784.218641 0.470442 0.701130 -0.535819 -0.352902 0.706021 0.613999 0.808792 -0.099760 0.579571
-23.881752 -38.433994 3254.375359 1152.731594 0.454443 0.691420 -0.561622 -0.293139 0.711449 0.638678 0.841161 -0.125610 0.525995
-19.301686 -34.974915 2986.326327 -417.548315 0.360749 0.828831 -0.427668 0.456677 -0.556790 -0.693853 0.813208 -0.055000 0.579369
-13.756985 -33.474162 1660.247447 -489.561685 0.297253 0.861544 -0.411562 0.453874 -0.506732 -0.732954 0.840023 -0.031075 0.541660
-14.510514 -31.552496 2459.643867 -826.230640 0.249971 0.908630 -0.334523 0.557753 -0.417538 -0.717338 0.791471 0.007268 0.611163
-26.092571 -57.771315 -2421.706855 2537.481682 -0.697171 -0.496600 0.517051 -0.306021 0.858362 0.411784 -0.648309 0.128856 -0.750395
-30.135774 -52.208087 -1212.932193 2904.899835 -0.671036 -0.480818 0.564380 -0.179795 0.844018 0.505280 -0.719295 0.237588 -0.652814
-14.394007 -55.864843 -18746.899594 4030.033599 -0.694810 -0.568415 0.440617 -0.352338 0.803126 0.480466 -0.626975 0.178586 -0.758294
-10.434203 -57.507381 -19730.827932 1973.738491 -0.700335 -0.582031 0.413244 -0.468225 0.811548 0.349507 -0.538791 0.051281 -0.840877
17.055304 -128.029683 -926.610703 -1038.315183 -0.115983 0.992377 0.041660 0.889009 0.122424 -0.441221 0.442958 0.014138 0.896431
13.447514 -121.103261 -1641.385542 -1400.118528 -0.132288 0.984000 0.119345 0.895727 0.170235 -0.410723 0.424468 -0.052567 0.903916
20.412083 -123.398489 -1417.180883 3934.000914 -0.135166 0.988742 0.064182 0.958495 0.146893 -0.244358 0.251035 -0.028489 0.967559
11.294049 -130.065016 -1666.983821 -5129.601462 -0.114915 0.986005 0.120783 0.804770 0.163686 -0.570572 0.582357 -0.031636 0.812317
21.921408 -129.131209 -39.532044 -3221.425922 -0.084437 0.996023 -0.028443 0.968550 0.075336 -0.237139 0.234053 0.047572 0.971059
15.381006 -129.896787 978.178997 432.485814 -0.107138 0.992969 -0.050330 0.883788 0.071925 -0.462327 0.455457 0.094014 0.885280
13.622586 -134.305355 -738.374491 4521.467855 -0.115049 0.992428 0.043024 0.772462 0.116612 -0.624263 0.624553 0.038587 0.780029
886.132611 -17829.053201 -217708.894494 9261783.139928 -0.925059 -0.235758 0.297798 -0.120813 0.925961 0.357772 -0.360097 0.294982 -0.885051
-50.410908 -1296.945230 -2110.592858 -83701.419959 -0.905906 -0.259554 0.334615 -0.194236 0.956807 0.216317 -0.376308 0.130968 -0.917191
-32.968709 -697.858741 -2170.875149 -137275.876569 0.913972 0.098451 -0.393652 -0.262747 0.882869 -0.389238 -0.309222 -0.459183 -0.832786
-59.469688 -933.954739 -6282.502217 -84199.745292 0.922818 -0.032054 -0.383901 -0.123517 0.919302 -0.373667 -0.364898 -0.392245 -0.844389
-30.764655 -179.959581 -8165.394209 13107.814002 0.892415 -0.020503 -0.450749 -0.446825 -0.179172 -0.876496 0.062791 -0.983604 0.169057
-16.874148 -380.564924 -9314.259399 119011.784889 0.902356 -0.019909 -0.430532 -0.415430 -0.306183 -0.856545 0.114768 -0.951764 0.284557
-5.951213 -492.144336 -273.167655 163282.810717 0.876830 -0.040724 -0.479073 -0.476606 -0.204958 -0.854891 0.063375 -0.977923 0.199122
-1.356424 -506.029011 -6357.533729 129615.326991 0.898954 0.053902 -0.434713 -0.339792 -0.540492 -0.769682 0.276447 -0.839621 0.467562
39.107712 -60.180519 -45497.005458 -5954.002702 -0.420206 0.907279 -0.016478 0.336658 0.172734 0.925648 -0.842667 -0.383416 0.378027
61.937110 -53.666453 -22235.121846 -12408.159625 -0.205466 0.953529 -0.220378 0.321569 0.278457 0.905017 -0.924325 -0.115083 0.363839
83.351548 -212.914807 -37117.757780 -99568.737504 -0.107041 0.994251 0.002704 0.102530 0.008333 0.994695 -0.988954 -0.106750 0.102833
42.660558 -33.160399 -21480.008521 15879.269518 -0.289045 0.926831 -0.239662 0.451176 0.352687 0.819788 -0.844330 -0.128826 0.520106
10.663282 -92.044972 -29800.272633 -22592.622349 -0.186064 0.979384 0.078659 0.391601 0.000496 0.920135 -0.901127 -0.202007 0.383620
-11.178048 -71.310167 -25414.543064 -3914.706610 -0.238533 0.967544 0.083428 0.396083 0.018490 0.918029 -0.886691 -0.252024 0.387638
46.813992 -61.447273 5889.433533 5076.993639 -0.047845 0.794194 -0.605778 0.356539 0.580100 0.732369 -0.933055 0.180943 0.310916
45.316088 -52.820209 4521.880155 3469.958128 -0.130600 0.741288 -0.658359 0.448989 0.636271 0.627351 -0.883942 0.213663 0.415927
56.983507 -66.885667 5216.298132 5804.000416 -0.164181 0.773232 -0.612500 0.356373 0.625483 0.694096 -0.919806 0.104321 0.378251
29.098992 -41.071063 101.113311 1968.273016 -0.250866 0.958307 0.136802 -0.869170 -0.160773 -0.467649 0.426157 0.236221 -0.873264
29.359259 -41.751175 -2275.042486 2134.854990 -0.237784 0.951426 0.195568 -0.877803 -0.124293 -0.462615 0.415836 0.281673 -0.864720
28.762673 -43.679580 57.331596 -433.630850 -0.240076 0.957909 0.157399 -0.904710 -0.161998 -0.394026 0.351943 0.236997 -0.905521
30.578018 -43.724963 1510.512620 -689.925068 -0.226340 0.969510 0.093917 -0.902519 -0.172475 -0.394604 0.366374 0.174077 -0.914039
29.796594 -40.011597 2143.649364 1426.956438 -0.256634 0.963252 0.079274 -0.866194 -0.192836 -0.461001 0.428773 0.186975 -0.883852
-8.320145 -47.476442 -702.382756 311.592324 0.236019 0.926314 0.293664 0.739062 -0.367324 0.564677 -0.630938 -0.083761 0.771298
-5.968467 -45.656215 -688.043812 -75.120936 0.221073 0.928385 0.298711 0.763414 -0.355337 0.539383 -0.606898 -0.108797 0.787298
-8.932863 -46.228741 -802.030728 176.564346 0.208570 0.939471 0.271831 0.830855 -0.316829 0.457492 -0.515925 -0.130433 0.846646
-9.845043 -47.933621 -573.601946 404.186049 0.227689 0.938654 0.259011 0.809043 -0.330384 0.486102 -0.541855 -0.098871 0.834637
-9.815515 -49.157946 -600.336867 252.404091 0.253196 0.925599 0.281350 0.711264 -0.375239 0.594390 -0.655740 -0.049617 0.753354
-0.412654 -136.145835 624.119564 -1505.283513 0.438565 -0.878492 -0.189508 0.895116 0.445806 0.004902 0.080177 -0.171781 0.981867
-0.328686 -138.967397 -841.225001 591.368207 -0.410611 0.892474 0.186785 0.867859 0.445364 -0.220164 0.279678 -0.071701 0.957413
-3.824322 -128.848256 926.013102 -1643.588601 0.431919 -0.884064 -0.178538 0.898140 0.439687 -0.004414 0.082403 -0.158445 0.983923
-3.148808 -124.615777 689.175035 -2279.836548 0.456219 -0.872394 -0.175476 0.882032 0.417212 0.218984 -0.117830 -0.254680 0.959820
-6.546701 -118.587265 880.747996 -3058.314100 0.459025 -0.874174 -0.158477 0.878724 0.420445 0.225988 -0.130922 -0.242992 0.961153
-7.452699 -122.005359 1215.247298 -3998.004027 0.434826 -0.884247 -0.170395 0.898412 0.438895 0.015030 0.061495 -0.159621 0.985261
28.600421 -44.063937 1.485011 -1901.949682 -0.214389 0.975976 0.038844 -0.890368 -0.178923 -0.418607 0.401600 0.124330 -0.907336
28.982033 -45.038247 -910.415819 -3207.156136 -0.202100 0.978953 0.028404 -0.922387 -0.180514 -0.341492 0.329178 0.095215 -0.939455
24.077648 -45.471509 -4085.587649 -2770.538846 -0.173662 0.984300 -0.031535 -0.893873 -0.170985 -0.414434 0.413319 0.043783 -0.909533
34.717571 -31.974464 -776.284863 4808.914655 0.455900 -0.520154 0.722216 0.585714 0.786316 0.196587 -0.670145 0.333388 0.663143
27.289940 -16.640444 -4591.438844 3500.972518 0.453879 -0.372457 0.809487 0.557534 0.827358 0.068071 -0.695090 0.420421 0.583178
37.003579 -24.030644 228.137156 1982.735583 0.612025 -0.304025 0.730065 0.509905 0.857343 -0.070433 -0.604502 0.415370 0.679738
42.142029 -39.048277 858.244112 1641.946397 0.600747 -0.434498 0.671055 0.533378 0.843107 0.068403 -0.595492 0.316833 0.738245
-6.416971 -130.048597 972.760079 -15432.622517 0.952630 -0.183913 -0.242223 -0.298447 -0.412037 -0.860903 -0.058526 -0.892413 0.447408
-3.667414 -120.595263 -1472.026246 -10440.670178 0.942561 -0.223376 -0.248358 -0.328681 -0.487633 -0.808816 -0.059563 -0.843989 0.533043
-5.679011 -130.389226 -2078.660755 -10066.507863 0.944081 -0.231114 -0.235153 -0.308171 -0.364952 -0.878545 -0.117224 -0.901885 0.415767
-6.785555 -140.054834 79.757993 -14792.994330 0.952997 -0.194466 -0.232334 -0.278940 -0.263798 -0.923365 -0.118274 -0.944772 0.305643
14655.683492 -34.800063 -19110970.746316 21310.580616 -0.167286 -0.698683 -0.695598 0.971729 -0.236075 0.003429 -0.166609 -0.675359 0.718423
822.681388 -5.844159 -613774.077976 -1309.673121 -0.260691 -0.787149 -0.558960 0.955250 -0.294140 -0.031296 -0.139778 -0.542105 0.828604
1088.682437 3.088019 -851981.144675 -12452.372319 -0.252034 -0.686123 -0.682432 0.950566 -0.307713 -0.041684 -0.181393 -0.659202 0.729759
6091.260394 12.251642 -7911458.557713 -23573.785159 -0.187426 -0.403332 -0.895653 0.945594 -0.320946 -0.053348 -0.265940 -0.856923 0.441542
11490.899809 14.468668 -16523100.302508 -27407.802660 -0.236467 -0.454759 -0.858649 0.952635 -0.282435 -0.112766 -0.191231 -0.844645 0.500006
-10.461893 -155.727843 1518.178173 189.550295 0.986750 0.053984 -0.153002 0.096161 -0.954132 0.283522 0.130679 0.294478 0.946681
-10.163580 -144.077959 2024.993209 -7764.152342 0.986785 0.075734 -0.143245 0.147626 -0.784635 0.602125 0.066794 0.615315 0.785447
-10.454726 -147.914420 -58.831451 -12056.790210 0.988937 0.098104 -0.111260 0.137234 -0.889802 0.435224 0.056302 0.445678 0.893421
-22.908656 -41.962953 -1338.462919 -360.142720 -0.243196 0.939752 0.240254 -0.887992 -0.116040 -0.444977 0.390289 0.321561 -0.862713
-17.845607 -41.543211 -1052.155692 -808.208783 -0.140510 0.963619 0.227365 -0.947390 -0.064153 -0.313586 0.287592 0.259465 -0.921938
-23.060118 -43.040491 -1488.874729 753.826318 -0.179995 0.945603 0.270991 0.944828 0.089549 0.315090 0.273683 0.312754 -0.909551
2549.702486 -2508.105000 -642758.958446 770442.044583 0.511316 -0.348192 -0.785696 0.784711 -0.183610 0.592044 -0.350407 -0.919266 0.179348
-703.486690 -12055.370509 -29686.653396 -5784003.576121 -0.129846 0.654596 0.744744 -0.212804 0.715203 -0.665732 -0.968429 -0.244927 0.046434
101.517843 -238.176896 4320.127531 -39518.196984 0.839397 0.357570 0.409336 -0.409771 0.911107 0.044403 -0.357072 -0.205006 0.911303
40.230427 -1427.867411 7452.560950 -453195.477772 0.985894 -0.144370 -0.084673 -0.092037 -0.045105 -0.994734 -0.139790 -0.988495 0.057756
54.930748 -15649.019153 75826.183795 10703090.296468 0.976768 -0.138781 -0.163291 0.032619 0.849382 -0.526770 -0.211802 -0.509206 -0.834176
2.966600 -49.316836 1804.502073 791.241615 -0.176178 0.983257 -0.046553 -0.873082 -0.177930 -0.453949 0.454632 0.039331 -0.889811
3.253275 -49.622071 2000.726613 1333.890225 -0.176194 0.983071 -0.050273 -0.918068 -0.182539 -0.351895 0.355115 0.015848 -0.934688
4.772746 -49.803619 3406.233374 1117.108866 -0.186572 0.981007 -0.053073 -0.889033 -0.191576 -0.415834 0.418104 0.030399 -0.907890
2.285677 -48.419767 2675.135491 -1379.513382 -0.196639 0.978905 -0.055473 -0.805128 -0.193503 -0.560647 0.559555 0.065582 -0.826195
4.310364 -20.525293 -439.102599 -624.922023 0.164144 0.926076 0.339765 -0.428699 0.377180 -0.820946 0.888411 0.010904 -0.458920
8.457521 -18.371436 -118.165174 -261.007094 0.261649 0.827276 0.497147 -0.336198 0.560952 -0.756508 0.904716 -0.030800 -0.424901
9.531487 -23.289370 -851.897906 -1238.601586 0.168448 0.908055 0.383487 -0.355396 0.418828 -0.835630 0.919412 -0.004470 -0.393269
4.052770 -18.005346 669.849776 -28.164368 0.261108 0.822135 0.505883 -0.382981 0.569281 -0.727493 0.886086 0.003789 -0.463505
0.587662 -18.388094 100.359847 142.433685 0.177728 0.914620 0.363156 -0.468326 0.403174 -0.786207 0.865496 0.030344 -0.499996
-63.138808 -1896.519795 -12422.223310 194182.345256 0.973544 0.142062 0.178968 0.173861 -0.968777 -0.176760 -0.148269 -0.203199 0.967846
17.729948 -1077.711480 -41528.700558 -118188.349655 0.890767 0.404167 0.207806 -0.307922 0.873052 -0.378106 -0.334243 0.272816 0.902138
-39.729376 -3879.513145 46175.491200 -1823388.291520 0.909095 0.274110 0.313705 -0.037260 -0.696511 0.716578 -0.414920 0.663126 0.622981
-4.208574 -152.201803 -2355.109764 -30815.074271 0.980696 -0.133420 0.142952 -0.062388 -0.906345 -0.417906 -0.185321 -0.400920 0.897173
-14.457812 -123.666252 -731.991230 -35117.495731 0.984987 -0.093714 0.144979 -0.052041 -0.961946 -0.268237 -0.164600 -0.256665 0.952381
-9.223562 -159.026810 -6843.317209 -18657.226327 0.966086 -0.025715 0.256939 0.110813 -0.857463 -0.502471 -0.233236 -0.513903 0.825533
-3.898399 -171.710772 -6360.276054 -12384.446424 0.964622 -0.131549 0.228470 0.045292 -0.771037 -0.635177 -0.259715 -0.623054 0.737802
3.046567 -170.548226 -6593.025284 14105.590624 0.962140 -0.113664 0.247724 0.162471 -0.490578 -0.856117 -0.218837 -0.863953 0.453537
-50.523933 -75.309705 218.670091 3538.696261 -0.133853 -0.962208 0.237148 0.978718 -0.090792 0.184031 -0.155545 0.256734 0.953883
-56.641953 -83.126309 1356.487573 3005.075927 -0.193740 0.947409 -0.254718 0.946981 0.248429 0.203738 -0.256303 0.201741 0.945309
-44.850598 -81.156447 -74.756429 141.317266 -0.254861 0.953455 -0.161150 0.942174 0.282355 0.180511 -0.217610 0.105826 0.970282
77.219088 -56.812237 -12112.683869 -7746.925331 -0.507334 0.843053 -0.178532 0.851048 0.522712 0.049895 -0.135385 0.126626 0.982668
5.849182 -2.929366 4960.544323 155.464513 -0.664014 -0.405274 -0.628362 -0.480441 0.875188 -0.056769 0.572941 0.264195 -0.775847
9.374858 -2.269139 4752.888870 824.716290 -0.597591 -0.508075 -0.620278 -0.553451 0.821135 -0.139389 0.580152 0.259996 -0.771898
2.165900 -10.535215 -2922.992560 4599.637291 0.302224 0.817285 0.490618 -0.760829 0.516893 -0.392378 0.574281 0.254691 -0.778032
9.403092 -10.491963 5008.191344 4420.694911 -0.496640 -0.632053 -0.594859 -0.643334 0.728127 -0.236543 0.582640 0.265216 -0.768239
19.549451 -37.459634 -10730.317909 -219.736139 -0.119781 0.977441 -0.173961 0.791655 0.199774 0.577385 -0.599112 0.068558 0.797725
14.763176 -40.484368 -11607.802944 -385.351219 -0.083006 0.988990 -0.122509 0.859586 0.133253 0.493310 -0.504203 0.064360 0.861183
1.305870 -36.031294 -3462.107014 -611.675721 -0.165902 0.962101 -0.216420 0.793926 0.260485 0.549389 -0.584942 0.080677 0.807053
-2.362767 -38.333517 -4826.538951 -1104.224075 -0.119686 0.978572 -0.167549 0.861646 0.186219 0.472111 -0.493195 0.087863 0.865470
5.917577 -42.270429 -9355.680855 -606.552304 -0.035035 0.994844 -0.095170 0.916894 0.069882 0.392965 -0.397590 0.073493 0.914615
1.383593 -65.718794 -506.159379 -2021.113478 0.513810 0.783490 -0.349489 0.798836 -0.288388 0.527914 0.312827 -0.550432 -0.774057
2.474758 -59.791975 -375.931655 -2525.628424 0.497805 0.792537 -0.352243 0.854730 -0.379445 0.354201 0.147061 -0.477396 -0.866295
91.023729 -49.864124 -7739.511954 -4893.290896 -0.038134 0.921722 -0.385972 -0.272490 -0.381206 -0.883420 0.961403 -0.071485 -0.265697
3.955385 -96.004769 -701.644805 7318.274148 -0.295191 0.944561 -0.143763 -0.594659 -0.063861 0.801438 -0.747825 -0.322067 -0.580543
11.248091 -42.399447 931.231829 -525.234544 -0.037368 0.994813 -0.094612 -0.170409 -0.099635 -0.980323 0.984665 0.020510 -0.173248
12.028396 -44.888429 1773.171101 -1493.672019 -0.053844 0.995384 -0.079444 -0.066744 -0.082969 -0.994314 0.996316 0.048235 -0.070904
10.230511 -46.256484 564.252711 -768.706631 -0.062278 0.993366 -0.096673 -0.041458 -0.099352 -0.994188 0.997197 0.057908 -0.047370
26.949862 -33.565306 -1598.170580 9518.292632 0.547940 0.835649 -0.038120 0.745264 -0.508356 -0.431459 0.379927 -0.208004 0.901327
-16.251456 -45.805349 -567.483895 -1855.004782 0.213387 0.967881 -0.132939 -0.033328 -0.128783 -0.991113 0.976399 -0.215921 -0.004777
-18.100127 -48.672752 -1392.041541 -1154.560202 0.207816 0.947335 -0.243657 -0.170090 -0.210304 -0.962726 0.963266 -0.241514 -0.117428
0.254592 -225.981056 147.558168 -17395.100370 0.816872 0.003332 0.576809 -0.303620 0.852725 0.425059 0.490443 0.522350 -0.697579
-2.205115 -195.124346 1206.409125 -13172.840431 -0.824316 -0.037391 -0.564894 -0.121536 0.986240 0.112069 0.552931 0.161035 -0.817518
-6.749533 -183.248726 -2490.755359 -10035.863372 -0.788593 -0.032774 -0.614041 0.014299 0.997331 -0.071597 0.614749 -0.065241 -0.786020
-7.109642 -159.642538 -3865.949933 -3279.586803 -0.791291 0.015968 -0.611231 -0.094181 0.984546 0.147645 0.604142 0.174396 -0.777559
1.811337 -264.631502 -2760.391219 -27255.227163 0.913063 0.092913 0.397094 0.351684 -0.672381 -0.651324 -0.206482 -0.734351 0.646601
1.523772 -226.567814 -2763.178378 -4735.023252 0.908960 0.079426 0.409247 0.396069 -0.470847 -0.788310 -0.130081 -0.878632 0.459440
145.866745 -2714.026971 29174.978539 1191884.284106 -0.796296 -0.108005 -0.595187 0.121719 0.935197 -0.332552 0.592534 -0.337255 -0.731548
-152.371935 -1917.677595 48136.500017 365331.907338 -0.446077 -0.014239 -0.894882 0.886130 -0.147411 -0.439368 -0.125659 -0.988973 0.078374
92.096983 -4386.199209 -26216.449329 -2177173.030330 0.418268 0.070589 0.905576 -0.556295 0.808033 0.193956 -0.718044 -0.584893 0.377243
-26.992548 -41.865774 2475.791355 1803.323170 0.496278 0.535867 -0.683048 -0.093363 0.815153 0.571672 0.863129 -0.219937 0.454573
-20.717583 -38.528123 2798.731213 1474.065328 0.427929 0.681503 -0.593659 -0.224612 0.716421 0.660522 0.875458 -0.149313 0.459651
-31.477993 -51.801734 4341.739872 1343.669163 -0.619478 -0.540413 0.569386 -0.251821 0.823789 0.507896 -0.743527 0.171247 -0.646407
-32.562070 -47.163875 4257.155994 1230.753323 -0.579908 -0.568622 0.583417 -0.150629 0.778618 0.609150 -0.800636 0.265372 -0.537178
-23.866734 -44.567412 4755.016981 1380.194562 0.590391 0.696493 -0.407843 -0.244567 0.635928 0.731971 -0.769172 0.332405 -0.545786
7.158779 -118.853078 -1247.677688 -7052.350813 -0.127627 0.979315 0.157014 0.829379 0.192195 -0.524587 0.543914 -0.063273 0.836752
-204.396993 -5493.753612 24986.894132 -2173394.755700 0.870170 0.330419 -0.365551 -0.474976 0.759912 -0.443769 -0.131156 -0.559782 -0.818194
-15.273637 -630.687396 6714.504542 -33255.171054 0.945789 0.201477 -0.254736 -0.247837 0.954624 -0.165137 -0.209905 -0.219318 -0.952806
170.541824 -9625.956352 13235.074978 5489691.614278 0.887839 0.367687 -0.276673 -0.122659 0.768613 0.627845 -0.443505 0.523488 -0.727505
-147.009941 -5284.732552 -58170.260227 3250322.578346 -0.920645 -0.285838 0.265913 -0.213639 0.938959 0.269656 -0.326760 0.191448 -0.925514
-35.362608 -375.057489 -13386.269662 117289.883564 0.907535 0.005315 -0.419942 -0.400625 -0.289070 -0.869447 0.126014 -0.957293 0.260211
-41.632169 -411.369906 -13584.493342 117496.558954 0.896729 -0.004712 -0.442555 -0.359544 -0.590848 -0.722237 0.258080 -0.806769 0.531525
47.257304 -56.973215 12319.329381 -11462.455245 0.079181 0.934303 -0.347575 0.317015 0.306968 0.897370 -0.945110 0.181241 0.271882
59.610371 -111.992452 -2702.497128 7675.728147 0.165478 0.964091 -0.207713 -0.885077 0.052271 -0.462500 0.435035 -0.260376 -0.861945
65.682959 -107.653108 -2255.712503 7751.475167 0.078222 0.992120 -0.097875 -0.937510 0.039815 -0.345673 0.339052 -0.118798 -0.933237
57.433136 -98.650078 -1756.035473 -13473.451903 0.107502 0.977721 -0.180294 0.980245 -0.073952 0.183440 0.166019 -0.196452 -0.966356
-6.891355 -47.071569 26005.037002 -305.301137 0.807271 -0.588375 0.046134 0.000683 -0.077237 -0.997013 -0.590180 -0.804891 0.061949
-15.032212 -47.835781 23142.337430 442.412871 0.792870 -0.585773 0.168010 0.034095 -0.232627 -0.971968 -0.608436 -0.776373 0.164471
-48.468834 -53.493399 6926.362465 -6316.248538 0.570998 -0.588932 -0.571944 -0.445116 0.363297 -0.818467 -0.689807 -0.721924 0.054701
50.144627 -44.651483 39863.592008 -112.465617 0.825224 -0.554763 0.106036 0.011787 -0.170782 -0.985238 -0.564683 -0.814292 0.134395
-22.181411 -50.219905 21939.978444 -980.254588 0.792759 -0.599624 -0.109467 -0.044923 0.121627 -0.991559 -0.607877 -0.790985 -0.069484
56.934667 -45.180058 38734.369961 258.029679 0.816207 -0.571658 0.083751 0.069234 -0.047139 -0.996486 -0.573597 -0.819137 -0.001103
29.936746 -43.941775 -1321.069320 -775.613432 -0.239225 0.952420 0.188860 -0.907766 -0.150357 -0.391604 0.344575 0.265122 -0.900544
30.440982 -43.552224 -3510.570824 -692.756271 -0.248309 0.941675 0.227136 -0.903866 -0.140906 -0.403945 0.348380 0.305604 -0.886136
33.122841 -41.690900 -3142.722862 1881.952752 -0.266186 0.927629 0.262010 -0.873626 -0.117303 -0.472248 0.407337 0.354604 -0.841625
28.757511 -43.545529 -256.651649 1485.782794 -0.282457 0.909745 0.304274 -0.826536 -0.069814 -0.558537 0.486884 0.409256 -0.771656
-3.912369 -44.614028 -933.294224 -484.395528 0.205763 0.927482 0.312151 0.792369 -0.345093 0.503052 -0.574293 -0.143829 0.805916
-2.496363 -44.961962 -1307.183813 71.073855 0.223907 0.913918 0.338555 0.708435 -0.391181 0.587450 -0.669317 -0.108311 0.735040
-6.777486 -45.049176 -635.232649 -107.703034 0.199919 0.938015 0.283126 0.849068 -0.310062 0.427720 -0.488994 -0.154884 0.858426
-1.074909 -45.329071 -1133.943483 -879.341058 0.224501 0.914955 0.335345 0.786541 -0.373295 0.491939 -0.575285 -0.153322 0.803455
-4.620528 -45.074854 -811.256553 -400.862680 0.209198 0.927710 0.309178 0.860898 -0.324678 0.391713 -0.463779 -0.184226 0.866585
6.141176 -92.652560 -1016.250420 -2338.481591 -0.103638 0.990659 0.088625 -0.989000 -0.093188 -0.114870 0.105538 0.099555 -0.989419
-1.646890 -86.357001 1174.554462 -3132.782443 -0.022432 0.993357 0.112863 0.995096 0.033064 -0.093229 -0.096342 0.110218 -0.989227
8.201954 -87.804467 -30.891400 -926.419915 0.043497 0.994984 0.090079 -0.987585 0.056445 -0.146592 0.150941 0.082584 -0.985087
1.411826 -150.921787 -163.445963 -420.269404 -0.434282 0.884287 0.171570 0.862818 0.463076 -0.202746 0.258735 -0.059985 0.964084
2.342432 -149.251753 -252.461774 3934.843535 -0.404957 0.900135 0.160522 0.800057 0.433828 -0.414369 0.442627 0.039375 0.895841
0.179831 -136.658811 -1007.222259 3214.688857 -0.379821 0.907687 0.178440 0.801847 0.419234 -0.425774 0.461278 0.018636 0.887060
30.788775 -44.590922 2565.010236 -2620.470006 -0.227563 0.966742 0.116726 -0.926776 -0.178233 -0.330636 0.298835 0.183419 -0.936512
33.085176 -14.944193 -3290.969424 -4.962583 0.601081 -0.145760 0.785784 0.443717 0.878627 -0.176437 -0.664693 0.454718 0.592802
-2.205706 -144.220594 -2704.423061 -3974.640544 0.939056 -0.253552 -0.232133 -0.318104 -0.384926 -0.866396 -0.130322 -0.887436 0.442123
-1.122704 -123.195423 -2491.257033 -6347.533454 0.941809 -0.240435 -0.234920 -0.332252 -0.559719 -0.759159 -0.051039 -0.793036 0.607033
-15.158019 -92.936642 -51.892502 414.440174 -0.542858 0.839661 0.016568 -0.640738 -0.401336 -0.654510 0.542918 0.365922 -0.755871
-16.018898 -91.448124 -41.848081 -421.957720 -0.539622 0.841781 0.014616 -0.518106 -0.318346 -0.793865 0.663607 0.435960 -0.607918
-14.632312 -92.596384 -305.484555 248.798927 -0.494143 0.869359 -0.006224 -0.645662 -0.371769 -0.667015 0.582189 0.325582 -0.745019
-13.635020 -92.396972 -243.238556 1037.276414 -0.494505 0.869121 -0.009627 -0.748340 -0.431366 -0.503895 0.442098 0.241974 -0.863712
-13.010416 -93.964534 -533.305192 773.015735 -0.453404 0.890599 -0.035464 -0.675092 -0.369124 -0.638747 0.581958 0.265669 -0.768599
901.031748 -15.341624 -613987.199918 -7044.047041 -0.290514 -0.798509 -0.527242 0.948591 -0.312664 -0.049150 -0.125603 -0.514416 0.848292
-27.424843 -43.027091 3292.498382 520.165389 -0.303561 0.849209 0.432083 0.885630 0.084212 0.456692 0.351441 0.521299 -0.777648
-31.191107 -42.605448 -3122.699428 298.102398 -0.266679 0.904930 0.331638 0.891271 0.100608 0.442170 0.366768 0.413496 -0.833368
-27.832279 -44.443811 2469.081808 -439.035123 -0.275378 0.863072 0.423407 0.930947 0.129550 0.341400 0.239801 0.488183 -0.839150
-26.379388 -41.740762 2569.836623 1320.311920 -0.316389 0.854943 0.411061 0.832483 0.042470 0.552421 0.454830 0.516981 -0.725162
-24.187076 -44.160197 8035.638848 89.336237 -0.347548 0.797777 0.492709 0.887409 0.110138 0.447632 0.302844 0.592808 -0.746233
-22.801155 -42.281652 6902.230668 1551.187873 -0.378641 0.798464 0.468066 0.825404 0.062512 0.561071 0.418735 0.598788 -0.682725
-17.863937 -171.804483 663.241360 28445.596762 0.989832 -0.039630 -0.136611 0.119837 -0.285070 0.950986 0.076632 0.957687 0.277422
-13.977842 -164.748723 -1875.463034 27968.326363 0.992104 0.020151 -0.123790 0.123129 -0.344282 0.930757 0.023863 0.938650 0.344045
-15.716823 -132.315458 899.615828 28102.466953 0.989003 -0.049921 -0.139215 0.093421 -0.518871 0.849733 0.114654 0.853394 0.508501
-14.153585 -160.466031 4419.895502 55520.762470 0.985927 -0.131784 -0.102865 0.027909 -0.476925 0.878501 0.164831 0.869008 0.466536
-9.195092 -104.074933 3363.095912 27207.571266 0.984294 -0.143146 -0.103314 -0.012438 -0.640013 0.768264 0.176096 0.754913 0.631741
-13.249604 -99.574308 1270.335624 19481.104416 0.990122 -0.077407 -0.116902 0.036275 -0.663965 0.746883 0.135433 0.743746 0.654599
5.205083 -49.591650 3451.113469 912.624922 -0.186906 0.980829 -0.055149 -0.926565 -0.194662 -0.321845 0.326410 0.009055 -0.945185
2.402652 -47.880540 3248.951432 -170.919434 -0.160669 0.986428 -0.033847 -0.958988 -0.164129 -0.231093 0.233512 0.004671 -0.972343
2.970059 -43.495975 6959.816111 -631.269347 -0.347185 0.786373 0.510960 0.895239 0.115642 0.430319 0.279303 0.606831 -0.744141
-11.145377 -44.175448 7497.803799 100.686524 -0.351501 0.789536 0.503070 0.913425 0.171458 0.369129 0.205185 0.589267 -0.781450
1.501278 -43.259723 6498.387866 1307.604700 -0.353079 0.791528 0.498818 0.914248 0.178658 0.363638 0.198712 0.584436 -0.786733
10.100541 -38.572781 -2411.904005 2271.384769 -0.203667 0.977657 0.052033 -0.648198 -0.174482 0.741212 -0.733730 -0.117233 -0.669251
8.344187 -44.070107 181.715976 891.990927 -0.209056 0.975599 0.067101 -0.722056 -0.200272 0.662213 -0.659493 -0.089989 -0.746305
9.574211 -44.091293 -944.806612 1578.491632 -0.212641 0.973641 0.082508 -0.722892 -0.213564 0.657128 -0.657428 -0.080088 -0.749249
3242.540305 -23800.147104 -257782.632008 16219889.185436 -0.421327 -0.403519 0.812192 -0.101246 0.910891 0.400034 -0.901239 0.086314 -0.424638
-118.538270 -2224.771021 43367.502873 -743672.876220 0.899285 0.432140 0.067385 -0.165004 0.192538 0.967317 -0.405043 0.881013 -0.244452
341.821934 -603.439595 -140013.153847 28471.410529 0.651995 0.373134 -0.660056 0.487040 0.461088 0.741748 -0.581116 0.805089 -0.118896
17.986582 -104.205305 -29035.069379 -754.348027 0.712276 0.223145 -0.665485 0.552411 0.406702 0.727623 -0.433019 0.885889 -0.166416
-121.774478 -171.254932 16059.057939 47505.935305 0.178418 0.118192 0.976830 0.862654 0.458727 -0.213068 -0.473281 0.880682 -0.020113
621.962136 -870.342550 -265713.819745 -47076.691652 0.791646 0.357385 -0.495553 0.391755 0.325495 0.860570 -0.468855 0.875402 -0.117670
-15.541457 -122.527513 2577.440911 -37095.071918 0.983457 -0.177667 0.035319 -0.166268 -0.962750 -0.213231 -0.071888 -0.203831 0.976363
-30.775088 -65.952083 1219.285357 23144.200009 0.993011 -0.072253 0.093323 0.062250 0.992418 0.105978 -0.100273 -0.099428 0.989979
-54.789788 -78.161886 167.590033 -99.930058 0.053207 0.955322 -0.290738 0.926966 0.061022 0.370149 -0.371353 0.289199 0.882304
-45.469911 -73.958103 1831.647324 4031.859662 -0.340738 -0.896468 0.283272 0.933667 -0.287316 0.213811 -0.110287 0.337335 0.934902
-48.706435 -76.773237 1843.287429 300.067046 -0.257355 -0.915992 0.307779 0.925256 -0.141726 0.351874 -0.278693 0.375331 0.884001
8.810176 -21.064365 -699.961714 -956.181517 0.405496 -0.538692 0.738502 0.714891 0.690363 0.111046 -0.569653 0.482919 0.665045
6.196092 -20.099202 -2092.113298 -863.731277 0.482388 -0.448349 0.752519 0.685016 0.728511 -0.005071 -0.545944 0.517934 0.658551
9.460763 -24.707758 1031.782753 -1430.867182 0.513934 -0.472259 0.716131 0.676316 0.736611 0.000404 -0.527701 0.484123 0.697966
