13520
27021
-47.175539 -72.917109 266.810968 5751.618377 0.248046 0.968691 0.010516 0.853560 -0.213405 -0.475283 0.458158 -0.126868 0.879770
-38.690873 -64.220697 -1720.851551 10101.726295 0.197723 0.971660 0.129547 0.800004 -0.083578 -0.594145 0.566480 -0.221114 0.793857
-37.587817 -61.003518 -54.327286 6928.237089 0.466933 0.867584 -0.171090 0.681421 -0.476322 -0.555682 0.563595 -0.142882 0.813601
-32.220342 -47.662983 -1219.068031 6265.548089 0.517471 0.834657 -0.188604 0.576943 -0.503093 -0.643455 0.631950 -0.224156 0.741885
-42.475377 -68.828482 -227.869611 5867.727178 0.458091 0.854425 -0.245174 0.732225 -0.519089 -0.440900 0.503983 -0.022450 0.863422
-34.404176 -54.494199 -381.894552 4907.414596 0.583606 0.731032 -0.353548 0.530559 -0.672875 -0.515506 0.614745 -0.113275 0.780549
-60.780318 -81.029440 2475.263741 -151.154880 -0.166714 0.917412 0.361334 -0.744423 0.123192 -0.656245 0.646561 0.378391 -0.662404
-62.477147 -83.498869 -540.309620 -5394.312008 0.007321 0.942612 0.333809 -0.633141 0.262752 -0.728076 0.774002 0.206017 -0.598730
-60.483969 -82.932396 -1385.062895 3107.420523 0.017778 0.960401 0.278055 -0.792258 0.183178 -0.582042 0.609927 0.209944 -0.764141
-59.192320 -78.468643 306.797697 6997.183645 -0.137561 0.949078 0.283422 -0.873917 0.018385 -0.485728 0.466204 0.314504 -0.826886
-57.039988 -78.073610 2259.120185 983.823114 -0.330159 0.877023 0.349035 -0.786394 -0.051041 -0.615613 0.522092 0.477730 -0.706537
0.500712 -34.784131 -1826.805757 -725.597228 0.132273 -0.389861 -0.911325 -0.190573 0.892248 -0.409360 0.972721 0.227821 0.043723
-6.990425 -36.649992 -1189.852245 -1121.204393 0.146374 -0.456808 -0.877440 -0.249097 0.841392 -0.479594 0.957353 0.288768 0.009368
0.449406 -35.296026 -1343.773625 -578.822141 0.098144 -0.282591 -0.954207 -0.215848 0.929966 -0.297612 0.971482 0.235173 0.030274
9.880500 -35.340427 -1280.214036 -718.991156 0.066350 -0.220571 -0.973112 -0.149181 0.962106 -0.228248 0.986581 0.160314 0.030931
5.416888 -33.345383 -1855.637151 -315.384957 0.121037 -0.346747 -0.930117 -0.140800 0.921534 -0.361870 0.982611 0.174760 0.062718
4.179033 -37.214501 -1595.404404 -704.973957 0.043430 -0.133339 -0.990118 -0.245544 0.959230 -0.139950 0.968412 0.249195 0.008918
0.121094 -47.840296 -5953.395017 285.153814 0.617064 -0.725814 0.304015 0.624053 0.216014 -0.750930 0.479364 0.653094 0.586241
5.840428 -46.963387 -5123.144262 -1183.676190 0.641695 -0.724358 0.252059 -0.518459 -0.167502 0.838537 0.565180 0.668767 0.483035
12.733784 -49.173183 -5183.556506 141.551056 0.632931 -0.728385 0.262400 -0.598309 -0.245080 0.762865 0.491350 0.639837 0.590918
-14.381276 -43.876721 -858.106470 1467.147292 -0.193638 0.909475 0.367913 0.754800 -0.101457 0.648061 -0.626723 -0.403190 0.666826
-14.326622 -45.430586 -1834.653275 583.254898 -0.283445 0.900697 0.329248 0.685855 -0.049570 0.726048 -0.670269 -0.431612 0.603697
-10.869065 -42.714345 -1979.062212 2482.750966 -0.304033 0.898979 0.315279 0.756381 0.026587 0.653591 -0.579182 -0.437184 0.688054
-5.169002 -40.797623 -2224.766278 2791.305441 -0.379182 0.884688 0.271197 0.742501 0.116005 0.659723 -0.552189 -0.451519 0.700869
-6.204939 -35.959660 -2149.176619 3382.545854 -0.350039 0.892028 0.285935 0.795894 0.122242 0.592966 -0.493989 -0.435136 0.752749
-10.138899 -38.287567 -1191.773210 3108.053504 -0.215871 0.907492 0.360358 0.826257 -0.026878 0.562652 -0.520288 -0.419209 0.744019
-1.201001 -65.530656 -824.163617 -222.820203 0.622049 0.713142 -0.323240 -0.063183 -0.365767 -0.928559 0.780425 -0.598033 0.182467
-1.581938 -64.579636 -301.390396 -807.494849 0.613122 0.731798 -0.297579 0.090224 -0.439089 -0.893902 0.784819 -0.521222 0.335240
0.679174 -67.331823 -1374.386665 -1047.713702 0.628272 0.723663 -0.285634 0.089931 -0.432233 -0.897266 0.772779 -0.538040 0.336640
0.676750 -65.366454 -1651.447059 1181.212215 0.635674 0.693776 -0.338516 -0.229846 -0.248528 -0.940959 0.736946 -0.675950 -0.001479
-2.557955 -65.397303 -595.082178 -51.812092 0.614461 0.708364 -0.347360 -0.212081 -0.275771 -0.937535 0.759908 -0.649747 0.019220
2.128131 -67.886754 -877.470287 346.197607 0.615833 0.718269 -0.323789 -0.088032 -0.345662 -0.934221 0.782944 -0.603827 0.149639
2.030818 -88.442965 -742.639123 -6163.745017 0.095957 0.980357 0.172314 0.880188 -0.002731 -0.474616 0.464823 -0.197211 0.863161
3.213381 -86.442227 -384.239110 -5122.008250 0.080056 0.981509 0.173873 0.869302 0.016608 -0.494002 0.487754 -0.190696 0.851898
4.240368 -97.555865 406.268455 -9131.491534 0.074365 0.980348 0.182723 0.780321 0.056887 -0.622786 0.620942 -0.188896 0.760756
797.216292 -67.496629 266109.753654 -3426.310215 0.062836 0.895598 -0.440405 0.989245 -0.114290 -0.091275 -0.132080 -0.429933 -0.893148
910.792805 -109.620584 317536.707316 -3860.302712 -0.052214 0.882716 -0.466996 0.998340 0.034753 -0.045933 -0.024316 -0.468619 -0.883066
411.911193 -64.090434 144167.007933 -4711.516994 0.077948 0.902936 -0.422646 0.993744 -0.104381 -0.039723 -0.079984 -0.416906 -0.905424
1017.693374 -73.210134 349390.306374 3524.684884 -0.124291 0.785016 -0.606878 0.988976 0.048400 -0.139939 -0.080482 -0.617581 -0.782378
914.612839 -83.240626 263619.301426 -761.323914 0.003418 0.795582 -0.605837 0.986230 -0.102853 -0.129503 -0.165342 -0.597052 -0.784978
1620.675147 -115.823952 559909.714963 -4609.457237 0.843020 -0.150804 0.516309 0.371350 -0.531243 -0.761499 -0.389122 -0.833690 0.391847
2241.442559 -117.013454 870439.835654 3671.456862 0.811151 -0.073452 0.580205 0.463149 -0.525099 -0.713978 -0.357109 -0.847865 0.391915
1471.871920 -95.303591 497989.825763 3939.600222 0.592672 -0.312101 0.742518 0.517204 -0.559231 -0.647889 -0.617446 -0.768019 0.170021
0.285891 -154.011491 651.684910 -1555.495832 0.428080 -0.118262 0.895970 0.901639 -0.011682 -0.432331 0.061595 0.992914 0.101629
2.222779 -135.036802 -1078.187791 2881.187025 0.406293 -0.104772 0.907716 0.889807 -0.180521 -0.419113 0.207773 0.977975 0.019882
1.753956 -138.213419 -1297.967804 1424.847869 0.423311 -0.102719 0.900142 0.905853 0.064881 -0.418593 -0.015405 0.992592 0.120514
-3.142224 -149.979399 -697.945183 -2061.593943 0.439887 -0.111136 0.891150 0.874728 0.277716 -0.397146 -0.203349 0.954213 0.219378
-4.194066 -104.809356 -278.870378 6659.300129 -0.327377 0.021312 -0.944653 -0.110339 0.992044 0.060620 0.938429 0.124078 -0.322421
-2.824536 -97.676972 291.330921 394.550954 -0.341288 0.049941 -0.938631 -0.268789 0.951703 0.148369 0.900708 0.302930 -0.311382
-2.055018 -99.977366 -617.118490 13.239796 -0.320502 0.038724 -0.946456 -0.276985 0.951662 0.132733 0.905846 0.304695 -0.294284
-1.946350 -112.768586 -1485.729230 3850.365754 -0.305408 0.002520 -0.952218 -0.147884 0.987738 0.050045 0.940668 0.156102 -0.301290
-3.655092 -123.316081 -1175.444478 9841.464267 -0.308372 -0.008393 -0.951229 0.059784 0.997813 -0.028185 0.949385 -0.065560 -0.307196
-11.665821 -94.206844 -543.515131 -424.218630 0.319136 0.943958 0.084231 -0.468786 0.234480 -0.851621 0.823645 -0.232297 -0.517345
-8.957207 -98.214646 -1942.102818 -699.406915 0.358160 0.931352 0.065611 -0.358436 0.202047 -0.911428 0.862117 -0.302920 -0.406195
-10.138004 -98.780136 -2029.907820 707.248154 0.342413 0.938734 0.039144 -0.562723 0.238266 -0.791563 0.752394 -0.249015 -0.609832
-6.945366 -98.830595 1697.841163 -2832.890529 0.171810 0.944679 0.279398 -0.917807 0.050451 0.393807 -0.357926 0.324093 -0.875701
-11.088562 -93.102840 1384.018543 1863.902346 0.159631 0.949655 0.269578 0.980632 -0.121154 -0.153889 -0.113481 0.288923 -0.950603
-10.377549 -88.775166 910.225471 3117.076592 0.183748 0.953213 0.240045 0.959727 -0.121177 -0.253455 -0.212508 0.276950 -0.937091
-13.396440 -86.086843 -124.519612 1211.035170 0.187717 0.958714 0.213612 0.980536 -0.170168 -0.097942 -0.057548 0.227840 -0.971997
-9.498463 -91.434656 146.491216 -2811.813819 0.197008 0.960209 0.197953 -0.915029 0.107590 0.388776 -0.352008 0.257725 -0.899816
-12.607046 -88.041938 -718.958683 2502.402216 0.205605 0.963017 0.174143 0.961961 -0.166168 -0.216839 -0.179883 0.212101 -0.960549
8.913905 -13.407408 4044.466449 -843.655418 -0.440000 0.524548 0.728868 0.618831 -0.411048 0.669394 0.650729 0.745579 -0.143745
1.174618 -13.955703 2197.226590 897.523814 -0.260344 0.395152 0.880952 0.685229 -0.567180 0.456912 0.680208 0.722608 -0.123107
7.329787 -10.532770 4260.342235 -2083.441663 -0.319603 0.412151 0.853221 0.711930 -0.489776 0.503265 0.625308 0.768278 -0.136888
19.814155 -14.472927 3946.426005 -2393.283659 -0.509094 0.617235 0.599871 0.563897 -0.287358 0.774239 0.650265 0.732425 -0.201765
10.398881 -16.050781 -3606.061324 -353.163200 0.528547 -0.621857 -0.577869 0.502567 -0.319393 0.803377 0.684153 0.715040 -0.143710
19.543684 -7.503485 6231.390697 -3752.433227 -0.448715 0.515481 0.730024 0.653740 -0.367631 0.661416 0.609326 0.774033 -0.172029
70.555269 -2767.517470 -35079.657305 1160354.963744 -0.487089 0.401959 -0.775354 -0.474451 0.623574 0.621331 0.733240 0.670511 -0.113026
-23.446086 -81.505003 7839.992677 705.537476 0.652422 -0.561065 0.509462 -0.370821 0.349933 0.860255 0.660937 0.750168 -0.020250
18.478625 -139.100467 20417.622436 -13822.428752 0.648929 -0.593773 0.475736 -0.419739 0.242130 0.874753 0.634594 0.767338 0.092105
-12.685589 -362.101313 -3333.504431 -101224.575276 0.545548 -0.422056 0.724049 -0.545486 0.477068 0.689095 0.636257 0.770893 -0.030038
-13.647574 -38.644926 1523.890938 -612.322038 -0.147755 0.757988 0.635313 -0.108188 0.626122 -0.772183 0.983089 0.182827 0.010508
-19.333342 -38.009710 1957.006894 599.828722 -0.118872 0.831174 0.543157 -0.103616 0.533665 -0.839325 0.987488 0.156052 -0.022685
-17.551481 -39.209482 1435.392285 -214.651928 -0.125057 0.784677 0.607160 -0.184829 0.582826 -0.791298 0.974781 0.211178 -0.072145
-16.188406 -41.604962 1004.682164 -1114.811622 -0.126931 0.735459 0.665574 -0.281529 0.616696 -0.735138 0.951120 0.280690 -0.128775
-13.365788 -40.775214 942.305063 -1214.514566 -0.149214 0.738547 0.657483 -0.205627 0.627214 -0.751213 0.967188 0.247288 -0.058276
-2.778539 -43.724785 926.405437 -954.459192 -0.513069 -0.854131 0.084977 0.856755 -0.515629 -0.009897 0.052270 0.067727 0.996334
-5.550662 -46.307337 817.029210 632.077892 -0.521796 -0.847794 0.094731 0.853070 -0.518586 0.057784 0.000137 0.110963 0.993825
-4.351776 -49.790257 1261.364004 2820.726479 -0.492031 -0.866451 0.084668 0.870389 -0.487567 0.068565 -0.018127 0.107430 0.994047
-4.607859 -87.975415 -233.597910 1291.886000 0.284608 0.929126 0.236060 0.861601 -0.139963 -0.487907 0.420287 -0.342251 0.840370
-3.498548 -91.946429 557.196006 6872.590869 -0.266126 -0.929819 -0.254193 0.911221 -0.156655 -0.380966 0.314409 -0.333011 0.888960
-3.710912 -90.080502 12.177344 996.431954 0.291121 0.926430 0.238696 0.856183 -0.140976 -0.497068 0.426848 -0.349075 0.834235
11.262250 -600.551913 -1194.776439 178484.383806 0.285646 0.958333 0.001912 -0.824469 0.244728 0.510255 -0.488526 0.147328 -0.860021
4.498522 -433.816869 -1350.232510 118012.393892 0.316284 0.948499 0.017716 -0.899363 0.293853 0.323723 -0.301845 0.118322 -0.945986
16.819497 -731.239442 -2756.199133 246447.911271 0.334140 0.942145 0.026711 -0.932072 0.326093 0.157814 -0.139973 0.077628 -0.987108
23.223176 -1070.288755 84.992638 305891.898052 0.316201 0.948371 0.024689 -0.846392 0.270253 0.458893 -0.428529 0.165999 -0.888148
8.267183 -333.410696 -138.662404 73779.452178 0.293096 0.956083 0.000786 -0.709247 0.216875 0.670771 -0.641142 0.197158 -0.741664
4.225600 -904.376214 4844.518820 297265.433043 -0.084052 0.049400 -0.995236 -0.036031 0.997967 0.052578 0.995810 0.040279 -0.082101
4.198126 -296.092565 3880.815017 78177.521237 -0.036675 0.124838 -0.991499 -0.321770 0.937853 0.129986 0.946107 0.323802 0.005774
-22.333871 -521.809855 -941.002266 157027.121502 0.008611 -0.027965 -0.999572 -0.264424 0.963963 -0.029247 0.964368 0.264562 0.000906
-40.499333 -49.749774 409.600318 -1187.544628 -0.017960 0.464985 0.885136 0.571478 0.731193 -0.372519 -0.820421 0.499145 -0.278861
-40.416123 -57.702697 747.915897 18.039002 -0.199146 0.134418 0.970707 0.656410 0.753796 0.030285 -0.727644 0.643213 -0.238349
-43.260366 -54.855757 2291.903000 -789.246236 -0.249620 0.198270 0.947829 0.628974 0.777421 0.003023 -0.736262 0.596914 -0.318766
30.824312 -63.742202 2245.584227 -10180.063925 -0.047666 0.953229 -0.298467 -0.345192 0.264676 0.900438 -0.937321 -0.145949 -0.316431
33.611371 -52.733264 2299.519721 -9092.048604 -0.004226 0.949639 -0.313317 -0.438781 0.279786 0.853927 -0.898584 -0.141087 -0.415501
26.635708 -70.076453 1600.053398 -8661.197531 -0.019300 0.971637 -0.235688 -0.303712 0.218895 0.927278 -0.952568 -0.089478 -0.290873
25.390940 -74.801353 1424.652653 -4267.081473 -0.061853 0.967347 -0.245794 -0.126623 0.236671 0.963303 -0.990021 -0.090706 -0.107850
-4.992739 -44.161667 446.266642 243.658750 -0.452163 0.887199 -0.091796 0.229514 0.016281 -0.973169 0.861900 0.461099 0.210986
2.085030 -41.021797 3223.462069 -1207.549316 -0.436866 0.872872 -0.217352 0.256343 -0.110803 -0.960214 0.862227 0.475202 0.175349
-2.310448 -40.467154 2271.604178 1207.103116 -0.460288 0.881363 -0.106461 0.279980 0.030315 -0.959527 0.842464 0.471466 0.260717
-7.693073 -44.077747 -389.361765 1460.107578 -0.482116 0.875882 0.019872 0.326452 0.200647 -0.923672 0.813015 0.438830 0.382669
-7.093535 -45.781101 -578.779911 1474.767728 -0.465141 0.885166 0.011161 0.293012 0.165846 -0.941615 0.835337 0.434714 0.336506
-7.378063 -54.198767 1820.468408 453.335264 0.595964 -0.794438 -0.117026 0.764903 0.517258 0.383886 -0.244441 -0.318296 0.915935
-9.235326 -53.678089 1407.222358 997.050879 0.598784 -0.796021 -0.088367 0.774106 0.546905 0.318835 -0.205471 -0.259318 0.943682
-10.379671 -56.113172 1253.956572 311.441815 0.568353 -0.817798 -0.090450 0.764759 0.484517 0.424719 -0.303510 -0.310563 0.900795
-4.958373 -94.316341 1537.006783 -1983.965645 -0.474034 0.880327 -0.017763 0.592291 0.303877 -0.746224 0.651524 0.364257 0.665458
-2.042843 -87.231824 1151.428587 2985.229858 -0.466020 0.884000 -0.036989 0.456914 0.204652 -0.865648 0.757664 0.420311 0.499284
-3.541475 -91.703856 1549.480619 -2301.271766 -0.475206 0.879224 -0.033826 0.612027 0.302682 -0.730621 0.632141 0.367898 0.681945
-3.190446 -90.725947 718.054364 -1507.380026 -0.482445 0.875834 -0.012744 0.693911 0.373275 -0.615755 0.534542 0.305911 0.787835
-7.509076 -94.246022 1976.571032 -919.872865 -0.498284 0.867009 -0.002989 0.686062 0.392179 -0.612793 0.530124 0.307395 0.790238
-11.637292 -99.690943 -1323.021627 5459.785785 -0.344598 0.937271 0.052677 0.622873 0.270268 -0.734155 0.702340 0.220177 0.676935
-14.638906 -114.618571 410.376414 7149.396841 -0.389232 0.920240 0.040693 0.751373 0.342742 -0.563885 0.532857 0.188906 0.824850
-11.406273 -106.499154 -1721.482403 6563.982431 -0.349706 0.933012 0.084816 0.717246 0.324873 -0.616454 0.602713 0.154744 0.782810
-15.544534 -98.825171 330.567744 5096.239161 -0.394719 0.918614 0.018589 0.636639 0.288033 -0.715352 0.662486 0.270529 0.698517
-1.645266 -49.439423 -2827.802290 -54.928408 -0.311524 0.942639 0.119934 -0.854141 -0.222472 -0.470052 0.416408 0.248873 -0.874452
0.389500 -48.944213 -5539.926276 -237.574967 -0.328056 0.940841 0.084836 -0.881401 -0.272541 -0.385816 0.339871 0.201344 -0.918667
-4.859371 -49.875700 -1936.676499 221.554076 -0.285858 0.947326 0.144423 -0.914902 -0.224975 -0.335172 0.285026 0.227945 -0.931022
-7.932526 -50.621399 -2021.534629 256.004361 -0.289232 0.945877 0.147178 0.944242 0.256638 0.206261 0.157327 0.198629 -0.967365
-6.010083 -50.563196 2565.414691 -758.723897 -0.256613 0.943302 0.210550 0.941624 0.194880 0.274530 0.217933 0.268707 -0.938244
-2.656171 -51.011822 1801.937731 578.181007 -0.264958 0.942880 0.201926 -0.892572 -0.160587 -0.421339 0.364845 0.291871 -0.884138
-12.008093 -45.324043 -35.167517 2125.662466 -0.472458 0.881107 0.020850 0.119577 0.040644 0.991993 -0.873204 -0.471168 0.124562
-12.558724 -43.840058 -147.301895 2323.996121 -0.445797 0.893850 0.047936 0.132157 0.012758 0.991147 -0.885324 -0.448186 0.123816
-13.401193 -46.649625 -82.458630 2970.549823 -0.457386 0.889125 -0.015977 0.033648 0.035257 0.998812 -0.888632 -0.456304 0.046043
12.310262 -161.188389 606.052869 1872.871165 -0.672543 0.739491 -0.028965 -0.542586 -0.466091 0.698827 -0.503276 -0.485707 -0.714704
13.797378 -141.087016 2437.248061 -8082.061000 0.668544 -0.734229 0.118136 0.638206 0.484901 -0.597967 -0.381760 -0.475162 -0.792767
18.693429 -146.403937 1114.606083 -5528.440867 -0.657647 0.752010 -0.044513 0.680150 0.567323 -0.464264 -0.323878 -0.335597 -0.884578
15.211090 -148.155830 2469.087967 7433.857755 -0.656004 0.754227 0.028301 -0.595569 -0.540313 0.594440 -0.463635 -0.373100 -0.803641
10.041005 -153.783188 1746.089469 -3765.092414 -0.658828 0.752148 0.014776 -0.471805 -0.428406 0.770629 -0.585957 -0.500741 -0.637113
49.356095 -87.050801 19874.520857 5456.866662 0.774127 -0.455866 0.439220 -0.618987 -0.690441 0.374360 -0.132598 0.561674 0.816664
25.491336 -98.345754 -4003.988688 3502.349283 0.754247 -0.422365 0.502712 -0.641118 -0.638990 0.425042 -0.141705 0.642884 0.752742
17.838346 -82.831837 539.312936 6630.145439 0.727904 -0.469413 0.499807 -0.633650 -0.739030 0.228740 -0.261999 0.483204 0.835387
-8.175434 -113.746090 -7005.579420 40470.093373 0.318229 -0.645032 0.694740 -0.260653 0.645061 0.718301 -0.911477 -0.409670 0.037147
6.373293 -85.747537 -7321.657715 -24266.864771 0.086700 -0.492314 0.866089 -0.459821 0.751444 0.473177 -0.883769 -0.439270 -0.161226
-8.130718 -52.249287 10820.999633 13053.935402 0.327880 -0.505025 0.798401 -0.316259 0.737682 0.596495 -0.890211 -0.448080 0.082153
-22.011306 -254.800305 -6847.151629 106752.797345 -0.413974 0.678498 -0.606850 -0.139933 0.611299 0.778930 -0.899469 -0.407375 0.158117
-24.088746 -748.303255 4589.000625 235118.626763 -0.413635 0.713138 -0.565986 -0.224620 0.522509 0.822515 -0.882299 -0.467353 0.055943
-17.807891 -452.951195 5571.084813 170246.213123 -0.421089 0.665204 -0.616594 -0.265488 0.559635 0.785064 -0.867295 -0.494280 0.059052
-30.828056 -61.466815 -13607.477276 19072.398155 0.215704 -0.507856 0.833999 -0.444026 0.709676 0.546993 -0.869662 -0.488306 -0.072422
-75.413591 -1877.199871 -29026.919317 575625.661649 -0.698007 0.670820 0.250573 0.396885 0.653662 -0.644367 0.596044 0.350324 0.722499
-19.693098 -4719.806159 -64205.285067 514855.674732 -0.674325 0.667304 0.316213 -0.094384 0.346821 -0.933170 0.732378 0.659106 0.170887
-286.299025 -2822.365568 117029.500446 -1718260.208192 0.705020 -0.681829 -0.195077 -0.696786 -0.717186 -0.011535 0.132041 -0.144059 0.980720
-6.290121 -77.889162 -808.083333 4917.127399 -0.772146 0.634072 -0.041753 0.595698 0.745157 0.299808 0.221213 0.206624 -0.953085
-5.789186 -72.668694 403.083706 2480.634427 0.787767 -0.614800 0.037988 0.572469 0.753502 0.323286 0.227380 0.232927 -0.945539
-5.979395 -71.924788 151.475614 -71.204921 0.803278 -0.593150 0.054019 0.516191 0.738553 0.433689 0.297138 0.320489 -0.899442
-4.203701 -76.517406 -1138.102827 -2238.423019 0.822789 -0.566950 0.039817 0.458187 0.703133 0.543754 0.336278 0.429151 -0.838300
-7.292860 -75.446583 -541.348239 -3588.080732 0.813453 -0.578996 0.055299 0.457747 0.695949 0.553283 0.358834 0.424757 -0.831156
-7.601891 -28.817973 183.071921 58.078387 -0.346831 0.910665 0.224494 -0.796326 -0.159448 -0.583474 0.495554 0.381137 -0.780487
-5.196168 -28.730320 97.425498 -349.961832 -0.372344 0.903642 0.211638 -0.816443 -0.210482 -0.537697 0.441340 0.372999 -0.816144
-7.100770 -29.052258 -435.835743 -152.190245 -0.431405 0.883962 0.180283 -0.770674 -0.257212 -0.583012 0.468990 0.390453 -0.792209
-13.342892 -114.488905 569.393120 4211.883837 -0.440390 0.897758 0.009313 0.839219 0.415315 -0.351033 0.319011 0.146775 0.936317
-15.539690 -113.229343 351.676797 6614.215385 -0.413922 0.909683 0.033840 0.769681 0.369584 -0.520576 0.486066 0.189432 0.853144
-14.149488 -104.620636 88.860515 5539.995030 -0.420899 0.906988 0.014735 0.738065 0.351862 -0.575720 0.527356 0.231445 0.817514
-8.657256 -35.219890 -1194.496094 1144.532801 -0.444883 0.731023 0.517383 -0.311595 -0.667951 0.675833 -0.839635 -0.139452 -0.524943
-4.550873 -35.134122 -596.429142 3910.783668 -0.445340 0.742365 0.500567 -0.243318 -0.638370 0.730261 -0.861667 -0.203417 -0.464922
-6.955251 -31.181633 -1561.171526 -2559.501435 -0.480779 0.626239 0.613740 0.154936 0.749603 -0.643498 -0.863045 -0.214291 -0.457420
9.445872 -284.737362 3102.601105 65093.013520 -0.422858 0.905312 -0.040021 -0.270208 -0.168119 -0.948010 0.864973 0.390059 -0.315713
13.252341 -652.120149 2614.598638 168900.727432 -0.423433 0.905764 0.017209 0.131449 0.080223 -0.988072 0.896340 0.416120 0.153031
20.597983 -1120.872895 6262.917136 407046.107757 -0.431841 0.901824 -0.015079 0.053034 0.008698 -0.998555 0.900389 0.432016 0.051583
13.290725 -446.372102 1903.338895 -86859.902945 -0.427627 0.903891 -0.010751 0.611559 0.280527 -0.739798 0.665681 0.322932 0.672744
102.775002 -1250.241724 -17043.576101 489386.282928 -0.355449 0.921102 0.158830 -0.363984 0.020110 -0.931188 0.860913 0.388801 -0.328119
49.985664 -3400.901455 5458.214494 1244637.090299 -0.413695 0.907078 -0.077883 0.040820 -0.066980 -0.996919 0.909500 0.415599 0.009318
-12.379892 -31.111168 271.776056 -3555.883414 -0.235285 0.961661 -0.140891 -0.368326 0.045925 0.928562 -0.899432 -0.270370 -0.343399
-10.495065 -22.241299 376.511621 -3039.615114 -0.255927 0.961568 -0.099436 -0.421850 -0.018539 0.906476 -0.869796 -0.273939 -0.410382
-12.326378 -28.730062 -96.835012 -3398.136034 -0.296368 0.953428 -0.056053 -0.353779 -0.055077 0.933706 -0.887134 -0.296551 -0.353626
-45.643902 -87.207298 -1545.360965 12736.272522 -0.056593 0.969753 0.237438 0.895072 0.154641 -0.418249 0.442315 -0.188854 0.876750
-26.838926 -79.652940 -6000.194615 18026.616714 0.105145 0.954424 0.279318 0.817793 0.076826 -0.570362 0.565826 -0.288395 0.772444
-25.179491 -50.609685 -4591.803075 10207.109542 0.291072 0.946924 0.136427 0.709900 -0.118181 -0.694317 0.641342 -0.298945 0.706620
-54.881671 -70.452829 -4200.424037 -717.503307 -0.138304 -0.586100 -0.798348 -0.468029 0.749084 -0.468852 0.872823 0.308806 -0.377913
-55.302372 -69.802053 5741.492167 -10.805217 -0.012480 0.668302 0.743786 -0.591868 0.594602 -0.544189 0.805938 0.447015 -0.388125
-47.653630 -67.144166 -4224.112186 1594.284418 -0.085104 -0.434683 -0.896553 -0.479753 0.806519 -0.345491 0.873267 0.400721 -0.277179
-49.974821 -68.295589 -3137.786974 -1174.348402 -0.209819 -0.434958 -0.875664 -0.283734 0.884147 -0.371185 0.935666 0.170574 -0.308923
-60.048979 -75.202304 631.256196 -3912.227211 0.164423 0.778503 0.605721 -0.459134 0.603903 -0.651534 0.873018 0.170980 -0.456733
-49.392866 -82.419218 -3290.267791 8587.399071 0.379479 0.915191 0.135726 -0.833703 0.401859 -0.378746 0.401168 -0.030571 -0.915494
-43.746375 -73.476080 210.309829 5195.445710 0.524097 0.843135 0.120192 -0.778657 0.531545 -0.333397 0.344986 -0.081144 -0.935094
-43.589434 -68.351893 -1032.998213 3305.289084 0.471701 0.859655 0.196192 -0.834058 0.507189 -0.217043 0.286088 0.061256 -0.956243
-51.407193 -72.411225 -3910.818347 6503.675936 0.321018 0.918985 0.228941 -0.890739 0.375097 -0.256682 0.321762 0.121528 -0.938989
-57.242851 -81.795066 -3333.240103 9114.267105 0.187974 0.956737 0.222080 -0.870925 0.266893 -0.412624 0.454044 0.115852 -0.883415
-11.763604 -39.512417 -794.360671 -1243.496972 0.188088 -0.582872 -0.790495 -0.315355 0.726402 -0.610648 0.930147 0.364143 -0.047184
-12.472337 -37.650963 -550.251300 -798.473662 0.140715 -0.423097 -0.895091 -0.352195 0.823556 -0.444651 0.925288 0.377815 -0.033126
-16.308360 -38.352754 87.205783 -68.846629 0.193983 -0.557644 -0.807096 -0.412523 0.700078 -0.582851 0.890053 0.446009 -0.094238
-18.385481 -36.877105 15.811240 -4.912802 0.106307 -0.348639 -0.931209 -0.459424 0.813334 -0.356955 0.881833 0.465766 -0.073709
19.985203 -44.475675 -7660.571593 -912.336936 0.578172 -0.751635 0.317430 0.810010 0.575491 -0.112672 -0.097990 0.322265 0.941564
18.230738 -42.448340 -8459.935931 -1026.160449 0.570192 -0.749308 0.336778 0.792789 0.609347 0.013499 -0.215330 0.259296 0.941487
2.484818 -44.197228 -7139.930535 -476.717444 0.575863 -0.740946 0.345514 0.807555 0.581401 -0.099140 -0.127425 0.336113 0.933162
0.586966 -45.912150 -6636.320465 -390.509135 0.574576 -0.745258 0.338308 0.818378 0.528663 -0.225328 -0.010924 0.406332 0.913660
-17.188512 -45.105846 -800.117172 -97.675943 -0.206454 0.913882 0.349566 0.668716 -0.129017 0.732238 -0.714279 -0.384934 0.584492
-16.793068 -44.274882 -1769.081575 -1520.873041 -0.271958 0.904183 0.329382 0.607789 -0.103979 0.787261 -0.746077 -0.414296 0.521275
10.788874 -114.330704 2969.589987 4081.455763 0.020332 0.983357 0.180545 0.310221 0.165464 -0.936154 0.950447 -0.075043 0.301694
7.214190 -106.808880 1511.647862 -3005.478021 0.057606 0.982551 0.176850 0.571389 0.112813 -0.812888 0.818655 -0.147877 0.554920
5.542007 -112.223767 1852.501526 -153.505583 0.013523 0.976649 0.214413 0.379773 0.193348 -0.904649 0.924981 -0.093662 0.368290
0.062901 -105.989159 533.618610 -5349.866311 0.024869 0.974536 0.222846 0.501276 0.180709 -0.846207 0.864930 -0.132751 0.484018
3.138525 -108.193268 1781.606427 1602.784774 0.008037 0.973001 0.230660 0.251507 0.221285 -0.942219 0.967822 -0.065585 0.242938
741.777735 -91.202878 248561.434723 -5268.471275 -0.053082 0.897170 -0.438483 0.998333 0.057646 -0.002908 0.022668 -0.437906 -0.898735
2106.726929 -252.847949 748519.198778 55441.429965 -0.414657 0.758516 -0.502706 0.902202 0.414751 -0.118378 0.118706 -0.502629 -0.856314
964.744855 -74.251644 299219.449348 -4822.001180 -0.201113 0.800545 -0.564519 0.979360 0.176196 -0.099038 0.020182 -0.572785 -0.819457
841.729863 15.831858 -256135.699139 16569.293692 -0.370852 -0.148660 -0.916716 0.885007 -0.355756 -0.300333 -0.281479 -0.922680 0.263498
1811.203930 0.189995 -575699.980426 12839.167021 -0.380995 -0.306554 -0.872277 0.848074 -0.491639 -0.197642 -0.368258 -0.815056 0.447292
631.729150 21.389812 -116072.397880 -2196.576912 -0.098063 0.048642 -0.993991 0.911376 -0.396789 -0.109330 -0.399723 -0.916620 -0.005421
1077.616073 -37.272533 -315858.182367 -10063.527117 -0.378929 -0.346128 -0.858259 0.851164 -0.494362 -0.176425 -0.363225 -0.797372 0.481940
1.202513 -143.112487 920.401197 3826.562864 0.402970 -0.109648 0.908621 0.847743 -0.329405 -0.415722 0.344888 0.937800 -0.039788
2.606568 -131.689759 -861.004741 4228.132717 0.384073 -0.095642 0.918336 0.828025 -0.404362 -0.388415 0.408489 0.909584 -0.076111
0.112364 -96.691753 79.701588 -3212.121444 -0.358473 0.110085 -0.927027 -0.400203 0.879024 0.259140 0.843406 0.463894 -0.271050
-1.449734 -99.593199 288.028254 -3288.135743 -0.350464 0.083044 -0.932887 -0.370124 0.902702 0.219404 0.860339 0.422177 -0.285628
-1.574329 -94.390157 196.237518 482.853120 -0.351173 0.091070 -0.931871 -0.247108 0.950957 0.186058 0.903114 0.295611 -0.311446
1.802973 -93.194785 769.382195 -2598.252848 -0.369145 0.122625 -0.921247 -0.327310 0.910595 0.252360 0.869828 0.394690 -0.296005
0.202835 -90.780973 474.852307 -662.832989 -0.357447 0.092616 -0.929330 -0.134987 0.979499 0.149536 0.924127 0.178898 -0.337617
-13.583400 -90.437223 448.927029 -1216.555710 0.223923 0.958813 0.174747 -0.027334 0.185408 -0.982281 0.974223 -0.215179 -0.067725
-13.016221 -89.306261 -910.010106 -1129.315523 0.265020 0.947823 0.177189 -0.130702 0.217375 -0.967298 0.955344 -0.233194 -0.181491
-15.484067 -94.433061 176.732487 2144.452912 0.208724 0.956252 0.204977 -0.263037 0.256762 -0.929992 0.941937 -0.140194 -0.305123
-17.571867 -96.987337 -1281.358928 265.363023 0.198068 0.955533 0.218462 -0.195269 0.256876 -0.946512 0.960541 -0.144815 -0.237465
-15.266013 -96.599285 -254.781074 -576.089525 0.207583 0.958906 0.193413 0.022040 0.193085 -0.980934 0.977969 -0.207888 -0.018947
-17.568228 -93.977702 -1396.453907 3049.302879 0.201327 0.954959 0.217994 -0.442871 0.287248 -0.849326 0.873689 -0.074450 -0.480754
-16.935993 -91.140821 309.904795 3439.753495 0.206434 0.952484 0.223961 -0.496065 0.299175 -0.815116 0.843389 -0.057169 -0.534254
-7.714534 -93.413238 1646.046180 959.167949 0.131684 0.947741 0.290595 0.974821 -0.070589 -0.211523 -0.179956 0.311132 -0.933173
-10.040600 -89.553420 1650.015701 1044.444998 0.113845 0.947544 0.298665 0.992013 -0.124853 0.017972 0.054318 0.294233 -0.954189
-2.232101 -12.240059 -1077.671058 -2022.731628 0.131446 -0.296946 -0.945804 -0.691684 0.655987 -0.302084 0.710138 0.693905 -0.119166
-0.334475 -11.716441 1895.390885 -378.461877 -0.087081 0.247170 0.965051 0.743640 -0.628478 0.228069 0.662885 0.737511 -0.129077
-20.491870 -124.690382 10526.213511 -7670.857411 0.251364 0.893172 0.372906 0.826241 -0.398683 0.397968 -0.504125 -0.208075 0.838190
-4.441948 -130.142887 5030.500528 -35783.543450 0.268051 0.882120 0.387315 0.623123 -0.465358 0.628618 -0.734756 -0.072843 0.674408
-19.574956 -131.252104 8300.183171 -33853.276199 0.218411 0.907559 0.358654 0.612651 -0.413595 0.673497 -0.759576 -0.072631 0.646351
-64.639974 -147.602436 22944.984890 -27067.257280 0.216715 0.908652 0.356912 0.685989 -0.401865 0.606567 -0.694589 -0.113386 0.710415
123.717089 -1734.396345 48285.526153 -1067453.397654 -0.192365 -0.042009 -0.980424 -0.121302 0.992439 -0.018723 0.973797 0.115326 -0.196007
-12.867173 -16091.851867 20171.935157 7743900.484918 -0.230334 -0.076203 -0.970123 0.635191 0.743480 -0.209212 0.737210 -0.664402 -0.122845
-26.435011 -3183.500948 -21319.502250 547831.936404 -0.188793 -0.100129 -0.976899 0.892371 0.397753 -0.213226 0.409915 -0.912012 0.014259
66.123276 -45.855154 -3177.355168 930.257986 -0.105394 0.899067 0.424936 0.180089 0.437507 -0.880997 0.977988 0.016325 0.208023
59.416580 -42.411433 -2855.466338 2610.214853 -0.073869 0.899473 0.430687 0.048187 0.434581 -0.899343 0.996103 0.045680 0.075445
48.371803 -44.922452 -10542.178487 2447.621812 0.104391 0.879917 0.463518 0.098311 0.454652 -0.885227 0.989665 -0.137979 0.039044
66.173438 -44.941427 3964.759149 1238.478414 -0.270720 0.894002 0.357031 0.116818 0.398648 -0.909633 0.955544 0.204548 0.212358
-13.588959 -36.848255 2537.270417 -320.529195 -0.143214 0.760735 0.633066 -0.020242 0.637274 -0.770371 0.989485 0.123142 0.075868
-14.525221 -46.702986 -1915.795149 288.630932 0.525950 0.561212 -0.639076 -0.113055 0.790861 0.601462 0.842968 -0.244088 0.479401
-15.764530 -44.969307 -1677.414473 902.133381 0.513187 0.595880 -0.617710 -0.240614 0.790734 0.562890 0.823859 -0.140238 0.549171
-11.889033 -47.291253 -765.120801 88.401266 0.532101 0.595383 -0.601986 -0.151430 0.766453 0.624195 0.833029 -0.240976 0.497989
-2.908806 -99.363680 128.816525 6043.269458 -0.274766 -0.928404 -0.250139 0.907026 -0.163941 -0.387850 0.319074 -0.333451 0.887132
-51.349205 -1162.750830 -349.533383 339672.146932 -0.032652 -0.023152 -0.999199 0.112610 0.993281 -0.026695 0.993103 -0.113391 -0.029826
-7.260080 -3322.028275 1547.839609 -1528523.707524 0.052559 0.067953 -0.996303 0.765155 0.638356 0.083904 0.641697 -0.766736 -0.018443
-26.121213 -1318.389275 -9652.908607 -450371.587364 0.149105 0.024023 -0.988529 0.797082 0.588694 0.134534 0.585173 -0.807999 0.068629
-38.528471 -60.519244 -869.533223 718.128155 -0.146090 0.050563 0.987978 0.681837 0.728741 0.063526 -0.716768 0.682920 -0.140937
-39.312472 -59.044474 -72.995936 1101.288970 -0.232151 0.045690 0.971606 0.729923 0.668410 0.142972 -0.642899 0.742389 -0.188522
-39.041973 -56.581525 -118.793479 -902.023061 -0.127422 0.146658 0.980946 0.576978 0.815408 -0.046961 -0.806759 0.560001 -0.188520
36.852366 -43.351673 1596.439040 -6485.596647 -0.061045 0.918936 -0.389654 -0.435459 0.326752 0.838814 -0.898136 -0.220883 -0.380213
38.278668 -34.677049 552.978018 -5722.512238 -0.021856 0.924181 -0.381329 -0.519904 0.315283 0.793912 -0.853945 -0.215606 -0.473595
-3.047170 -38.496041 1637.472656 913.715492 -0.381547 0.898690 0.216282 0.922873 0.383582 0.034205 -0.052223 0.212652 -0.975732
-5.136654 -39.956657 1238.031950 526.389704 -0.393404 0.896356 0.204398 0.907256 0.414472 -0.071409 -0.148725 0.157349 -0.976280
-2.032983 -39.927677 1026.687422 1023.195035 -0.370003 0.903802 0.215036 0.919929 0.388749 -0.051039 -0.129724 0.178933 -0.975272
-3.418752 -40.655884 1598.536888 -207.562383 -0.374945 0.902114 0.213558 -0.897859 -0.410723 0.158607 -0.230794 0.132276 -0.963969
-1.994521 -44.562633 932.043240 -1495.976512 -0.434511 0.880670 -0.188736 0.191819 -0.114259 -0.974757 0.880003 0.459746 0.119282
6.348112 -42.804593 3011.656028 -1552.750091 -0.416853 0.863748 -0.283148 0.183326 -0.225212 -0.956907 0.890295 0.450798 0.064467
-10.009894 -50.728434 517.149844 2227.830264 0.602601 -0.795561 -0.062892 0.788939 0.582003 0.197098 -0.120200 -0.168390 0.978364
-7.731345 -53.275513 1498.819385 1978.383456 -0.541027 0.839016 0.057812 0.816319 0.507371 0.276039 -0.202269 -0.196538 0.959406
0.840363 -83.571643 790.793381 4818.847036 -0.451891 0.889953 -0.061467 0.417504 0.150098 -0.896193 0.788343 0.430644 0.439387
1.637209 -75.781783 578.088415 8639.700582 -0.452489 0.890404 -0.049341 0.268314 0.083170 -0.959734 0.850448 0.447508 0.276541
2.998052 -72.733277 363.691719 7888.613635 -0.434341 0.896860 -0.083605 0.276442 0.044386 -0.960005 0.857280 0.440081 0.267208
2.504944 -80.062956 581.194109 4702.488987 -0.435628 0.896512 -0.080585 0.408732 0.117253 -0.905091 0.801976 0.427221 0.417512
1.664711 -84.361183 901.936776 -764.604544 -0.452187 0.889855 -0.060700 0.555931 0.227974 -0.799355 0.697472 0.395203 0.597785
-2.834102 -103.176223 -914.954185 -178.752977 -0.348932 0.924381 -0.154162 -0.836003 -0.381369 -0.394534 0.423493 0.008786 -0.905857
-2.873911 -115.166595 -742.127098 -716.065717 -0.365128 0.913838 -0.177715 -0.885187 -0.399911 -0.237728 0.288315 -0.070510 -0.954936
-2.853297 -103.385417 -326.702866 -590.378231 -0.390390 0.908149 -0.151199 -0.884673 -0.415502 -0.211450 0.254851 -0.051214 -0.965623
-3.289871 -115.297455 -617.073514 -138.521653 -0.330679 0.931118 -0.153853 -0.767884 -0.360234 -0.529703 0.548639 0.057020 -0.834112
-5.010949 -103.238580 -572.317137 24.376900 -0.360861 0.923364 -0.131064 -0.788721 -0.377149 -0.485466 0.497693 0.071813 -0.864376
-3.710277 -104.589639 -516.208454 1653.804297 -0.339080 0.931416 -0.132246 -0.748662 -0.352288 -0.561604 0.569676 0.091421 -0.816769
2.440895 -79.395263 3061.131550 -12868.878104 0.619404 -0.755129 -0.214756 0.742383 0.474407 0.473080 -0.255355 -0.452459 0.854444
-3.176843 -56.014155 2437.605878 -7623.339486 0.660170 -0.733471 -0.161852 0.665064 0.470656 0.579804 -0.349093 -0.490411 0.798518
1.435238 -60.997044 2581.032520 3715.494286 0.696271 -0.705952 -0.129762 -0.620573 -0.501215 -0.603052 -0.360687 -0.500414 0.787077
7.203625 -48.049859 -5557.807231 -370.209044 -0.363336 0.929009 0.070213 -0.824311 -0.285438 -0.488913 0.434163 0.235517 -0.869502
-4.034356 -54.729892 1300.970575 2186.926658 -0.634464 0.770692 0.059069 0.645893 0.486642 0.588219 -0.424591 -0.411356 0.806541
-4.521330 -53.734856 -983.285153 1496.073701 0.668789 -0.742852 -0.029851 -0.657178 -0.571929 -0.490932 -0.347617 -0.347948 0.870686
-2.346012 -54.718798 956.972707 -749.893340 -0.660536 0.750140 0.031343 0.667847 0.567974 0.481027 -0.343035 -0.338668 0.876145
-6.555696 -46.852691 -521.367249 -373.011737 0.660530 -0.747791 -0.067145 -0.639273 -0.513259 -0.572621 -0.393738 -0.421158 0.817066
-11.558259 -41.195304 231.213622 1856.110143 -0.413508 0.907236 0.077025 0.155548 -0.012963 0.987743 -0.897115 -0.420421 0.135758
-9.044062 -40.641087 1095.186210 1681.723694 -0.380146 0.924292 0.034240 0.093913 0.001744 0.995579 -0.920146 -0.381681 0.087466
-11.043558 -43.796543 1351.384681 3622.862889 -0.395449 0.918343 0.016330 0.063125 0.009437 0.997961 -0.916316 -0.395674 0.061702
33.841698 -108.075408 -7571.293437 1311.287474 0.759142 -0.451776 0.468616 -0.650920 -0.524113 0.549189 0.002502 0.721944 0.691947
33.567744 -104.593500 -2655.669855 -2330.287589 0.790556 -0.399102 0.464476 -0.610567 -0.455219 0.648061 0.047205 0.795923 0.603555
50.667998 -99.578927 11295.038456 -2621.185043 0.797947 -0.375667 0.471334 -0.598026 -0.395977 0.696826 0.075137 0.837900 0.540628
36.971767 -102.703393 -1652.234562 -5239.444516 0.810928 -0.384643 0.440960 -0.551718 -0.251544 0.795194 0.194945 0.888130 0.416198
37.309861 -108.267599 -4328.994898 -2781.943845 0.781793 -0.455171 0.426167 -0.590447 -0.320717 0.740617 0.200429 0.830638 0.519489
21.358949 -98.519788 8735.333663 -45830.038102 0.289034 -0.579469 0.762020 -0.416049 0.640858 0.645139 -0.862185 -0.503505 -0.055858
-1641.510870 -9676.481648 -406569.540608 -120621.123772 -0.576872 0.804013 0.144161 0.661435 0.563349 -0.495118 0.479294 0.190267 0.856782
-165.316430 -4385.255792 -242901.767416 1528131.417939 -0.520036 0.794036 0.314753 0.841813 0.414071 0.346260 0.144612 0.445031 -0.883762
-661.618682 -4749.903360 186806.387706 -5495943.415393 0.679108 -0.605705 -0.414649 0.558399 0.059635 0.827427 0.476449 0.793451 -0.378723
-11.197537 -29.853962 -498.155488 632.341560 -0.539900 0.837511 0.084167 -0.637212 -0.341337 -0.690977 0.549971 0.426691 -0.717960
-11.841376 -30.947947 -292.380634 812.198116 -0.613261 0.788580 0.045304 -0.588434 -0.417844 -0.692207 0.526931 0.451162 -0.720275
-13.352960 -31.658716 -104.401370 1283.458406 -0.624116 0.781295 0.007523 -0.527123 -0.413932 -0.742160 0.576732 0.467159 -0.670181
-12.980498 -30.268713 -166.558330 717.519749 -0.500559 0.859172 0.106129 -0.625306 -0.274051 -0.730677 0.598692 0.432110 -0.674424
-2.846118 -22.766930 -1982.763887 -1293.481405 -0.490315 0.319066 0.811041 -0.200313 0.864410 -0.461161 -0.848213 -0.388576 -0.359920
0.082519 -22.739053 -1760.596703 -450.236038 -0.492259 0.385827 0.780268 -0.204725 0.819934 -0.534599 -0.846031 -0.422901 -0.324631
-4.686535 -24.844116 -2737.345711 -1428.259135 -0.477799 0.271270 0.835536 -0.268600 0.860464 -0.432961 -0.836398 -0.431294 -0.338266
10.930625 -542.943470 -294.916766 -149003.529475 -0.390965 0.920330 -0.011759 0.692306 0.285631 -0.662666 0.606513 0.267220 0.748822
9.498262 -162.320739 3035.498531 44073.534964 0.887194 0.174450 0.427146 0.440392 -0.044027 -0.896726 0.137628 -0.983681 0.115887
-2.178054 -186.518624 3578.292562 52982.122009 0.905784 0.182834 0.382267 0.389085 -0.001543 -0.921201 0.167837 -0.983143 0.072536
-0.088543 -62.338244 2771.053912 13536.733220 0.918205 0.157038 0.363645 0.354347 0.084634 -0.931276 0.177023 -0.983959 -0.022065
10.727840 -80.665941 3369.627817 20898.465607 0.895968 0.145456 0.419623 0.414243 0.066979 -0.907698 0.160136 -0.987095 0.000243
18.384951 -174.014391 3705.682193 42034.879795 0.866421 0.153685 0.475074 0.491026 -0.089622 -0.866523 0.090594 -0.984047 0.153113
-7.821437 -25.410218 1447.105069 -3240.102300 -0.200977 0.968883 -0.144479 -0.411164 0.050434 0.910165 -0.889130 -0.242327 -0.388233
-8.479585 -19.132950 299.860509 -2147.882867 -0.200794 0.965584 -0.165318 -0.463898 0.054913 0.884185 -0.862833 -0.254230 -0.436906
-8.590152 -16.333870 135.987741 -1452.112667 -0.298300 0.954464 -0.004013 -0.431869 -0.131221 0.892340 -0.851179 -0.267918 -0.451347
-49.162930 -76.525401 390.058071 3020.989780 0.310019 0.946835 -0.085971 0.879934 -0.319999 -0.351164 0.360005 -0.033219 0.932359
-55.272605 -84.438092 792.371242 3229.362422 0.017879 0.994902 0.099250 0.954114 0.012699 -0.299173 0.298908 -0.100044 0.949023
-58.561412 -83.855147 -2612.714099 -342.478336 0.176671 0.951777 0.250814 -0.698167 0.300799 -0.649679 0.693794 0.060330 -0.717642
-60.939703 -81.535802 -1940.941542 -7048.040538 0.186198 0.917000 0.352762 -0.495995 0.397662 -0.771916 0.848127 0.031239 -0.528872
-40.595894 -64.439077 2164.402911 930.818668 0.545210 0.828079 0.130504 -0.802575 0.560574 -0.204036 0.242115 -0.006503 -0.970226
-9.009072 -38.843768 -1622.864506 -1809.932300 0.182813 -0.615960 -0.766272 -0.206895 0.737850 -0.642473 0.961132 0.275990 0.007449
-13.716364 -40.732401 -444.915052 245.327369 -0.200174 0.656074 0.727666 -0.400988 0.622787 -0.671822 0.893946 0.426266 -0.138412
-11.793203 -41.445780 602.482894 -848.638347 -0.185591 0.664806 0.723595 -0.311772 0.658500 -0.684964 0.931855 0.352720 -0.085056
