12985
25954
-38.142421 -61.612025 -723.362387 7919.658731 -0.080697 0.992538 -0.091412 0.512266 -0.037373 -0.858013 0.855027 0.116066 0.505428
-47.744659 -71.591396 1328.202899 5809.375493 -0.112847 0.982878 -0.145660 0.637569 -0.040809 -0.769311 0.762083 0.179683 0.622048
-44.849743 -87.586320 -1800.412910 11724.930257 -0.287646 0.941806 0.173959 0.588091 0.317048 -0.744063 0.755916 0.111723 0.645065
-42.374296 -64.207245 -534.936838 4406.749211 0.086017 0.868445 -0.488267 0.608681 -0.433794 -0.664327 0.788739 0.240056 0.565919
-21.828088 -81.042456 -6613.768348 13215.883876 -0.130296 0.975986 0.174569 0.513084 0.217035 -0.830446 0.848391 0.018636 0.529042
-26.677516 -52.883870 -4128.275415 8682.743921 -0.032354 0.999455 0.006597 0.401393 0.019038 -0.915708 0.915334 0.026979 0.401790
-33.183268 -47.978755 -2.990914 5086.493176 0.143013 0.834752 -0.531729 0.428551 -0.536503 -0.726985 0.892127 0.123905 0.434461
-52.481348 -76.237338 380.688179 525.304956 -0.113261 -0.667567 0.735885 0.866058 -0.429325 -0.256172 0.486945 0.608305 0.626777
-49.510780 -72.780253 -110.402201 2786.794816 0.146945 0.624611 -0.766987 0.761296 -0.566485 -0.315473 0.631534 0.537546 0.558756
-51.961698 -75.883679 -932.411803 1250.133289 -0.146057 -0.489186 0.859863 0.846005 -0.512295 -0.147747 0.512779 0.705869 0.488678
-41.342306 -66.042645 2880.364590 2513.137952 0.250022 0.956715 -0.148950 -0.923505 0.281852 0.260190 -0.290910 -0.072503 -0.953999
-38.662372 -63.877971 -1227.714641 3137.117033 0.157414 0.985413 -0.064663 -0.937401 0.169700 0.304107 -0.310644 -0.012745 -0.950441
-42.467972 -69.822166 705.766330 3985.483030 0.275778 0.949450 -0.149974 -0.945600 0.295988 0.135024 -0.172589 -0.104579 -0.979426
-15.459265 -47.288776 -711.553889 -2415.422456 0.434016 0.887724 -0.153545 -0.747835 0.450041 0.488064 -0.502368 0.097001 -0.859196
-20.246998 -44.677687 -1217.411906 -1552.752367 0.547463 0.815499 -0.187736 -0.656578 0.557684 0.507833 -0.518834 0.154756 -0.840750
-11.711168 -40.654229 -74.156210 -2313.437180 0.590102 0.774542 -0.227738 -0.689307 0.630224 0.357314 -0.420280 0.053870 -0.905794
-10.482640 -44.826497 378.160088 -2742.814991 0.409106 0.897775 -0.163191 -0.808976 0.439585 0.390287 -0.422126 0.027651 -0.906115
-1.864504 -34.639981 725.069233 -1557.632634 0.648519 0.718638 -0.250964 -0.683408 0.694884 0.223807 -0.335228 -0.026368 -0.941768
-3.578951 -38.493962 20.393321 -2373.929291 0.527207 0.821614 -0.216804 -0.769206 0.569864 0.289097 -0.361075 -0.014353 -0.932426
-6.138493 -49.365801 -710.252570 -883.013447 0.298361 0.890365 -0.343846 -0.787110 0.025764 -0.616275 0.539851 -0.454517 -0.708502
-8.067276 -48.155193 -131.825496 -749.429447 0.260079 0.911985 -0.317241 -0.753768 -0.013584 -0.657001 0.603484 -0.409998 -0.683892
-5.988319 -47.374673 -655.881792 -480.155142 0.299931 0.889924 -0.343623 -0.674869 -0.056646 -0.735761 0.674236 -0.452578 -0.583592
-3.643045 -49.719564 -959.473107 -958.331317 0.326248 0.877055 -0.352614 -0.771784 0.031755 -0.635092 0.545813 -0.479339 -0.687257
-5.567566 -46.571766 -666.511058 -248.543344 0.308704 0.887345 -0.342521 -0.534126 -0.136245 -0.834354 0.787027 -0.440518 -0.431895
-3.543482 -47.139700 -866.610928 -581.980002 0.324672 0.877920 -0.351915 -0.657063 -0.058276 -0.751580 0.680336 -0.475247 -0.557928
2.409059 -50.323991 -281.412235 -432.368460 0.221700 0.974807 0.024518 0.904513 -0.214977 0.368294 -0.364287 0.059474 0.929386
2.526775 -50.679450 -198.936206 -102.832997 0.230900 0.972584 0.027681 0.946644 -0.231134 0.224595 -0.224836 0.025655 0.974059
0.886148 -49.700285 -478.110094 -649.063474 0.226556 0.973148 0.040682 0.914724 -0.226932 0.334337 -0.334591 0.038533 0.941575
0.273441 -47.902701 -551.594474 -988.396390 0.214448 0.976148 0.033883 0.859272 -0.205038 0.468626 -0.464395 0.071382 0.882747
-1.827631 -47.624902 -745.087164 -1167.068119 0.231128 0.971766 0.047436 0.871460 -0.228457 0.434010 -0.432594 0.058973 0.899658
-1.053323 -49.600343 -663.892057 -492.578123 0.238488 0.969849 0.050166 0.924688 -0.242562 0.293457 -0.296777 0.023598 0.954655
4.145336 -107.986437 -5754.199206 -7487.668452 0.510001 0.843021 0.170924 0.721654 -0.311205 -0.618358 0.468096 -0.438711 0.767084
0.082739 -123.973998 -3886.562730 165.560511 0.475415 0.860005 0.185396 0.574350 -0.143774 -0.805886 0.666411 -0.489612 0.562296
-7.306040 -116.449895 -315.634931 -7594.706013 0.437282 0.886737 0.149941 0.732922 -0.254764 -0.630810 0.521162 -0.385737 0.761313
-5.050402 -100.454637 -1060.426287 -16441.051363 0.468957 0.875584 0.115894 0.837150 -0.398826 -0.374324 0.281531 -0.272562 0.920027
0.214543 -54.074847 -151.601186 887.581593 0.340729 0.939653 0.030920 0.922085 -0.340415 0.184054 -0.183473 0.034202 0.982430
-0.428488 -56.450227 -342.125420 -1355.091997 0.340781 0.939458 0.035887 0.938376 -0.342231 0.048249 -0.057609 -0.017233 0.998190
0.148330 -54.202105 197.147520 472.003663 0.319428 0.947473 0.016142 0.933892 -0.317646 0.164158 -0.160663 0.037361 0.986302
-10.653027 -44.949781 -279.180128 -515.014030 0.195937 0.950544 -0.240988 -0.670392 -0.049511 -0.740354 0.715670 -0.306619 -0.627535
-11.524149 -43.649204 -244.765744 165.463442 0.155207 0.965785 -0.207774 -0.765016 -0.015567 -0.643823 0.625029 -0.258877 -0.736425
-11.072623 -43.778379 -123.388843 -688.352791 0.176361 0.964817 -0.195002 -0.626964 -0.042615 -0.777881 0.758823 -0.259447 -0.597390
26.662921 -21.547043 11395.917192 -2729.520861 -0.064090 0.978610 -0.195488 0.647355 -0.108315 -0.754453 0.759490 0.174903 0.626566
18.680337 -19.618844 8495.072644 538.244261 -0.065327 0.981958 -0.177459 0.663429 -0.090102 -0.742795 0.745382 0.166256 0.645573
1.677047 -24.307182 6190.775949 -1558.832947 -0.058835 0.982077 -0.179061 0.661638 -0.095952 -0.743658 0.747511 0.162227 0.644135
-12.818353 -25.244986 1493.365981 -1704.258709 0.046094 0.973949 -0.222033 0.668062 -0.195305 -0.718018 0.742677 0.115235 0.659660
-12.904488 -31.098591 2154.297012 -3527.512606 0.028757 0.974575 -0.222207 0.613375 -0.192731 -0.765915 0.789268 0.114271 0.603323
-13.095167 -29.078240 4277.635932 -4068.214044 -0.194642 0.895881 -0.399390 -0.680767 -0.416526 -0.602547 0.706167 -0.154611 -0.690959
-10.508940 -22.327480 5102.468063 -3044.653279 -0.272767 0.839727 -0.469528 -0.615910 -0.527332 -0.585300 0.739089 -0.129537 -0.661035
-18.932967 -27.909302 2607.396677 -4185.257527 -0.057215 0.938997 -0.339133 -0.699994 -0.279936 -0.656996 0.711853 -0.199801 -0.673309
4.270049 -38.926641 749.095231 -2234.916656 0.143873 0.987745 -0.060508 -0.267703 -0.020017 -0.963293 0.952699 -0.154791 -0.261543
1.823283 -33.080333 801.487792 -2738.295812 0.150504 0.988605 -0.003065 -0.157234 0.020876 -0.987341 0.976026 -0.149081 -0.158584
4.692172 -39.350858 244.212454 -1770.581195 0.150381 0.988518 -0.014757 -0.249123 0.023445 -0.968188 0.956725 -0.149274 -0.249788
6.352213 -44.491758 706.278190 -1300.775503 0.149986 0.987789 -0.042149 -0.359294 0.014739 -0.933108 0.921093 -0.155097 -0.357117
6.057768 -40.647584 -1897.509977 -1563.407328 0.162158 0.986627 0.016490 -0.226523 0.053485 -0.972536 0.960412 -0.153969 -0.232167
6.647670 -44.730853 -314.500641 -738.168578 0.157921 0.987448 0.002791 -0.343489 0.057584 -0.937390 0.925784 -0.147075 -0.348271
12.354828 -149.207526 4516.440223 18738.967178 0.967580 -0.122588 -0.220821 0.076149 0.975219 -0.207724 0.240813 0.184174 0.952937
1.128415 -193.488498 2853.003013 20290.578317 0.967597 -0.144472 -0.207084 0.173931 0.975890 0.131862 0.183041 -0.163608 0.969396
12.871212 -149.711032 -2309.364964 16924.597596 0.991974 -0.045084 -0.118130 0.030021 0.991535 -0.126320 0.122825 0.121760 0.984931
22.816108 -113.099662 -1167.350341 -17772.280364 0.986509 -0.019351 -0.162560 0.051873 -0.904870 0.422515 0.155271 0.425248 0.891659
22.654151 -118.068514 2643.027658 -18580.738774 0.972711 -0.093354 -0.212411 0.009061 -0.899503 0.436820 0.231844 0.426824 0.874111
16.764064 -127.769881 3676.059211 -15563.776420 0.966087 -0.165240 -0.198420 -0.091405 -0.937521 0.335707 0.241496 0.306185 0.920831
-9.538599 -170.893783 1981.980212 -3625.409405 0.982654 -0.019615 0.184408 0.054382 0.981153 -0.185423 0.177296 -0.192235 -0.965201
-10.287268 -150.004577 1692.669540 -7642.477504 0.985588 0.001929 0.169151 0.058197 0.935030 -0.349761 0.158836 -0.354564 -0.921442
-9.393238 -144.946091 796.341266 -5067.574796 0.986589 -0.035478 0.159323 0.060206 0.986363 -0.153177 0.151716 -0.160715 -0.975271
-8.508713 -155.470197 434.179814 -5057.114534 -0.989457 0.065652 -0.129093 0.067390 0.997685 -0.009134 0.128195 -0.017737 -0.991590
-9.561865 -160.026044 -1740.071523 -1268.735603 -0.982654 0.057328 -0.176366 0.047324 0.997050 0.060422 0.179309 0.051028 -0.982468
-0.660382 -11.419328 2709.121553 426.034576 0.584430 0.811194 0.020141 -0.580011 0.400256 0.709494 -0.567476 0.426331 -0.704423
1.912929 -14.854228 2309.739399 2039.151492 0.409388 0.889493 0.202987 -0.725573 0.182531 0.663496 -0.553123 0.418909 -0.720118
-3.657515 -9.533891 52.621437 1081.440259 0.339580 0.907189 0.248383 -0.746028 0.098955 0.658521 -0.572824 0.408921 -0.710392
-6.362028 -8.123727 -1049.230673 -1322.320241 -0.796047 -0.471277 0.379748 -0.174798 0.779721 0.601233 -0.579444 0.412230 -0.703072
-4.798547 -8.382470 -1366.902032 -367.947985 -0.190870 0.783551 0.591284 -0.782988 -0.484821 0.389716 -0.592029 0.388583 -0.706048
-2.078480 -9.943539 -1429.478204 591.902222 0.031174 0.888431 0.457950 -0.813024 -0.243970 0.528650 -0.581395 0.388804 -0.714710
3.388629 -50.489390 -2882.626614 -665.621153 0.167837 0.973584 -0.154803 -0.592266 -0.025948 -0.805325 0.788069 -0.226848 -0.572266
3.807518 -47.782991 -2496.873797 -1278.147690 0.165427 0.976047 -0.141300 -0.483526 -0.044603 -0.874193 0.859556 -0.212937 -0.464565
8.875441 -49.740990 -1218.751707 -310.551467 0.169317 0.979414 -0.109911 -0.587734 0.010820 -0.808982 0.791139 -0.201573 -0.577466
2.512983 -93.679781 2997.838057 -3380.644715 0.896652 -0.442679 -0.007149 0.423043 0.851892 0.308730 0.130578 0.279848 -0.951123
3.850344 -92.213689 3823.281392 -4993.101383 0.902065 -0.431463 0.010932 0.422585 0.888086 0.180901 0.087761 0.158565 -0.983440
0.144370 -88.172902 2369.652864 -4660.060321 0.898355 -0.438762 -0.021130 0.436556 0.886431 0.153811 0.048757 0.147402 -0.987874
-2.558427 -93.821674 4243.423151 -1279.300665 0.891157 -0.453670 -0.004828 0.425133 0.831291 0.358074 0.158434 0.321152 -0.933681
0.801943 -101.149545 3819.370250 -1094.128167 0.888493 -0.458836 -0.006974 0.404436 0.775790 0.484335 0.216820 0.433149 -0.874855
-17.341067 -34.566034 901.280546 930.190540 0.516361 0.849417 -0.108915 -0.702910 0.493036 0.512673 -0.489172 0.188167 -0.851648
-20.055647 -35.210525 974.728655 382.528627 0.447131 0.885561 -0.125920 -0.743532 0.446235 0.498030 -0.497226 0.129059 -0.857969
-19.005143 -30.906984 1085.541902 1913.423127 0.469314 0.878882 -0.085498 -0.675494 0.419685 0.606277 -0.568729 0.226781 -0.790644
-16.184887 -29.268727 1194.256394 2202.767966 0.517934 0.852980 -0.064568 -0.650269 0.441638 0.618147 -0.555783 0.278173 -0.783406
-15.098819 -33.697474 1099.827235 1408.656495 0.555628 0.827565 -0.080078 -0.676568 0.506015 0.534981 -0.483253 0.243073 -0.841060
-14.364303 -41.777043 2735.578048 -257.415605 0.156299 0.930468 -0.331360 0.522729 -0.362574 -0.771553 0.838048 0.052619 0.543053
-10.523082 -43.140851 1738.824618 -1464.268816 0.158037 0.925704 -0.343652 0.421473 -0.377969 -0.824318 0.892964 0.014567 0.449893
-3.014512 -37.962889 4503.361035 -419.392633 0.046869 0.964940 -0.258252 0.559168 -0.239577 -0.793684 0.827729 0.107207 0.550792
-5.118165 -40.260096 7507.301990 1324.307829 0.014800 0.967668 -0.251792 0.640721 -0.202504 -0.740587 0.767631 0.150367 0.623002
5.702433 -211.688503 -789.594117 -42109.224355 -0.079857 -0.947177 0.310611 0.971330 -0.143940 -0.189205 0.223920 0.286597 0.931516
9.565027 -170.786999 -699.555031 -27664.636207 -0.059390 -0.956681 0.285016 0.980285 -0.109796 -0.164277 0.188454 0.269640 0.944341
6.903048 -158.089243 -1869.906872 -23363.703071 -0.044809 -0.949167 0.311567 0.998930 -0.039009 0.024827 -0.011411 0.312346 0.949900
6.773133 -213.841487 520.093216 -45252.074811 0.083249 0.950454 -0.299511 0.904777 -0.198060 -0.377030 0.417670 0.239603 0.876437
-1.807347 -166.941050 -3639.296344 -20984.300760 -0.070902 -0.940490 0.332342 0.997482 -0.066344 0.025058 -0.001518 0.333282 0.942826
-3.097775 -225.364768 -2428.571044 -36463.714747 -0.057410 -0.941855 0.331079 0.966985 -0.134933 -0.216179 0.248283 0.307737 0.918506
7.331647 -247.216077 71.506986 -37912.498141 0.072013 0.946381 -0.314925 0.840264 -0.227679 -0.492056 0.537374 0.229185 0.811605
28.066709 -345.225089 -7601.040709 88717.187499 0.010273 0.972432 -0.232960 -0.494344 -0.197573 -0.846516 0.869206 -0.123859 -0.478686
28.564339 -159.241113 -5196.553237 8380.428088 0.084036 0.969997 -0.228132 -0.657410 -0.118078 -0.744224 0.748832 -0.212518 -0.627763
28.589084 -297.368399 -8272.203974 65963.619720 0.129923 0.959229 -0.250998 -0.439691 -0.171155 -0.881690 0.888702 -0.224914 -0.399527
39.972230 -1162.595708 -4771.431465 -366667.301758 0.835896 -0.548142 0.028617 0.081904 0.073009 -0.993962 -0.542743 -0.833193 -0.105923
22.034977 -331.712543 -2236.176612 -76812.587858 0.829575 -0.555359 0.058148 -0.023874 -0.139313 -0.989961 -0.557884 -0.819859 0.128829
9.780638 -305.412382 1621.922012 -63080.791218 0.845612 -0.520433 0.118697 0.056407 -0.133999 -0.989375 -0.530809 -0.843323 0.083955
9.228084 -292.250104 1815.468749 -81370.796151 0.836643 -0.544161 0.062593 0.074686 0.000123 -0.997207 -0.542633 -0.838981 -0.040743
-0.484403 -509.739904 4549.830986 -136230.490402 0.827732 -0.551192 0.105104 0.221597 0.149016 -0.963685 -0.515514 -0.820964 -0.245488
-4.310840 -55.621529 2889.064068 -6360.122265 -0.012399 0.984861 -0.172903 0.407212 0.162901 0.898689 -0.913250 0.059265 0.403067
-2.806041 -76.830160 710.542489 -7045.761030 0.033202 0.999152 -0.024341 0.590480 0.000039 0.807052 -0.806369 0.041169 0.589978
-7.567971 -55.439531 -2785.848091 -7788.486720 -0.009998 0.998757 -0.048831 0.450672 0.048093 0.891393 -0.892633 0.013094 0.450593
-1.886166 -41.297411 3285.244756 -2831.387946 -0.073450 0.933770 -0.350255 0.298729 0.355678 0.885581 -0.951507 0.039585 0.305068
-5.357145 -39.912155 2870.790400 -5901.934460 -0.107070 0.937037 -0.332412 0.251175 0.348982 0.902841 -0.962002 -0.013174 0.272726
-4.793559 -36.967596 394.050099 -3494.970077 -0.067375 0.957929 -0.278986 0.330454 0.285264 0.899680 -0.941414 0.031576 0.335771
-10.239541 -29.392500 -3595.965926 -1480.500495 -0.170228 0.899942 -0.401406 0.275410 0.434569 0.857496 -0.946135 -0.035419 0.321829
-11.749793 -36.085934 -4325.581389 -3306.560420 -0.109904 0.962999 -0.246077 0.367202 0.269400 0.890273 -0.923625 -0.007485 0.383223
-15.843675 -30.171375 -5228.055320 -2065.359366 -0.170635 0.900048 -0.400995 0.304625 0.435214 0.847226 -0.937063 -0.022413 0.348440
32.596916 -20.767912 -10942.154024 1325.344324 -0.205404 -0.975627 0.077204 0.978314 -0.206838 -0.010965 0.026666 0.073277 0.996955
30.415822 -22.269353 -12240.531341 -1858.154513 -0.101068 -0.992658 0.066442 0.993133 -0.104621 -0.052365 0.058932 0.060693 0.996415
50.381190 -25.675083 -13997.348609 -1955.295533 -0.185836 -0.982474 0.014489 0.982573 -0.185872 -0.001101 0.003775 0.014032 0.999894
48.058644 -25.817498 -14535.346912 1853.975536 -0.250078 -0.967736 0.030778 0.968152 -0.249540 0.020299 -0.011964 0.034874 0.999320
30.707567 -23.548610 -10385.583109 2881.277986 -0.240352 -0.967305 0.080945 0.970560 -0.238143 0.036057 -0.015602 0.087228 0.996066
49.111888 -71.355913 4464.095845 -5524.464808 0.037710 0.853006 0.520537 0.619848 -0.428553 0.657367 -0.783816 -0.297864 0.544894
43.033532 -66.017824 9461.207265 -2149.771569 0.013185 0.930472 0.366125 0.700905 -0.269741 0.660282 -0.713133 -0.247913 0.655729
76.397703 -82.784523 18873.140368 -5149.855611 -0.004841 0.869208 0.494424 0.753753 -0.321741 0.573009 -0.657140 -0.375447 0.653610
82.548456 -91.662814 13448.236358 -16223.431057 0.049034 0.779818 0.624082 0.669869 -0.489147 0.558579 -0.740859 -0.390664 0.546361
-12.691899 -45.627681 -3281.169094 1088.572309 -0.511559 -0.226759 0.828787 -0.587936 0.795774 -0.145170 -0.626609 -0.561537 -0.540405
-10.921224 -46.008279 2718.799488 -230.291359 0.450476 0.266050 -0.852226 0.694041 -0.704802 0.146834 -0.561585 -0.657625 -0.502146
-22.087088 -47.069403 61.010752 903.123828 -0.267432 -0.384009 0.883752 -0.659732 0.741444 0.122532 -0.702306 -0.550270 -0.451629
-23.784784 -44.941514 -186.599584 1113.030116 -0.330818 -0.373881 0.866471 -0.575095 0.807849 0.129015 -0.748215 -0.455623 -0.482268
-24.114240 -44.855407 402.426961 1082.316753 -0.197568 -0.435051 0.878463 -0.546637 0.792759 0.269668 -0.813729 -0.426923 -0.394439
-22.183747 -46.763769 1068.437057 757.530422 -0.133470 -0.414591 0.900167 -0.626351 0.739182 0.247576 -0.768030 -0.530777 -0.358338
-1.459756 -99.581158 379.304830 8792.990041 0.543797 -0.427094 0.722409 0.164706 0.898388 0.407151 -0.822895 -0.102422 0.558886
-1.860087 -82.609075 95.799973 5693.624220 0.535939 -0.460536 0.707585 0.182912 0.881548 0.435219 -0.824204 -0.103825 0.556694
-3.108317 -99.693533 652.593598 4963.331809 0.535133 -0.359265 0.764566 -0.082022 0.878688 0.470298 -0.840776 -0.314384 0.440748
-1.633723 -119.658784 645.551904 6355.589078 0.534949 -0.339088 0.773853 -0.116332 0.877642 0.464985 -0.836837 -0.338767 0.430047
-5.247878 -94.385305 795.409009 -145.187515 0.515773 -0.311130 0.798233 -0.303957 0.804659 0.510034 -0.800992 -0.505690 0.320451
-2.653103 -110.366315 970.197195 -2441.046543 0.516881 -0.282870 0.807972 -0.354646 0.788270 0.502849 -0.779141 -0.546457 0.307123
2.018096 -130.369383 741.558028 15723.769752 -0.042554 -0.441950 -0.896030 0.986769 0.121845 -0.106961 0.156449 -0.888726 0.430918
0.002166 -123.099518 461.613686 15207.911241 -0.053745 -0.443374 -0.894724 0.984652 0.125466 -0.121321 0.166048 -0.887512 0.429826
0.674588 -144.565563 605.257186 8375.751191 -0.013490 -0.445586 -0.895137 0.990713 -0.127088 0.048331 -0.135297 -0.886172 0.443163
2.987906 -155.566681 670.355474 9785.330226 0.004352 -0.458235 -0.888821 0.989410 -0.126980 0.070310 -0.145081 -0.879714 0.452829
-0.860148 -146.121918 508.144762 -4104.667506 0.005867 -0.459725 -0.888042 0.894982 -0.393723 0.209737 -0.446064 -0.796012 0.409135
0.957306 -157.350695 546.068625 -2362.938385 0.024200 -0.473416 -0.880507 0.893000 -0.385700 0.231920 -0.449406 -0.791905 0.413426
-15.107655 -38.344350 544.799789 868.406978 -0.545959 0.190880 -0.815778 0.810349 -0.126949 -0.572030 -0.212751 -0.973370 -0.085370
-18.438707 -29.952774 1192.753877 2641.590720 -0.428210 0.121098 -0.895529 0.882422 -0.157645 -0.443260 -0.194853 -0.980043 -0.039355
-13.549676 -41.516274 -105.175321 5067.554831 -0.403540 0.152453 -0.902172 0.870561 -0.239458 -0.429865 -0.281566 -0.958863 -0.036089
-13.729721 -46.859540 -65.704651 4342.171580 -0.459036 0.215310 -0.861933 0.837223 -0.219747 -0.500769 -0.297227 -0.951500 -0.079391
-13.830564 -45.633898 105.789550 -114.879831 -0.540861 0.236052 -0.807310 0.810550 -0.110105 -0.575226 -0.224672 -0.965482 -0.131780
-8.970335 -81.212973 1322.679920 1322.570136 -0.278745 0.832321 -0.479107 0.155220 -0.453275 -0.877752 0.947738 0.319036 0.002845
-3.318575 -89.445633 453.265325 -3410.096903 -0.263283 0.782824 -0.563798 0.038303 -0.575473 -0.816923 0.963958 0.236677 -0.121528
-3.215703 -76.411453 178.752186 935.925179 -0.273044 0.788114 -0.551654 0.173244 -0.523785 -0.834048 0.946273 0.323303 -0.006481
-1.604434 -55.705941 1036.490940 149.181485 -0.487893 0.464991 -0.738744 0.578039 -0.462054 -0.672590 -0.654088 -0.755175 -0.043350
0.440849 -52.167331 412.990232 239.652086 -0.535246 0.486913 -0.690237 0.550025 -0.419266 -0.722280 -0.641081 -0.766245 -0.043405
-3.624949 -54.018702 650.197640 -119.196680 -0.473308 0.446986 -0.759068 0.690446 -0.346886 -0.634787 -0.547051 -0.824545 -0.144436
3.450176 -54.259903 -520.103072 -110.564266 0.549083 -0.499632 0.669982 -0.422585 0.525644 0.738322 -0.721062 -0.688524 0.077485
-6.175332 -56.428600 1080.727545 836.913340 -0.440410 0.418255 -0.794419 0.721919 -0.361059 -0.590312 -0.533733 -0.833486 -0.142932
-5.352368 -59.446100 1595.158131 607.100483 -0.446438 0.432706 -0.783236 0.614909 -0.487535 -0.619836 -0.650062 -0.758337 -0.048421
0.591002 -57.854194 -1462.494098 217.954049 0.497412 -0.481926 0.721339 -0.445540 0.571546 0.689079 -0.744363 -0.664141 0.069577
-13.636844 -119.405636 2540.544852 -3408.320321 0.621158 -0.088434 0.778680 -0.199654 0.942970 0.266357 -0.757827 -0.320916 0.568077
-17.574270 -118.354603 30.789942 -5728.066339 0.570791 -0.118504 0.812499 -0.253478 0.915768 0.311638 -0.780990 -0.383831 0.492674
-12.422591 -124.021406 2153.412920 -4485.958888 0.616988 -0.102211 0.780307 -0.371958 0.835915 0.403601 -0.693523 -0.539258 0.477731
-9.306953 -119.589579 3537.671553 -6079.386522 0.652411 -0.111753 0.749580 -0.288522 0.877964 0.382013 -0.700796 -0.465500 0.540551
24.017417 -51.083675 4599.541435 -404.240292 0.483415 -0.225442 -0.845864 -0.251104 0.889952 -0.380700 0.838604 0.396436 0.373606
19.237548 -46.815998 3255.459256 -570.327592 0.565949 -0.288696 -0.772241 -0.298876 0.801125 -0.518529 0.768359 0.524265 0.367111
0.630153 -58.671017 4361.293403 -3920.130835 0.451790 -0.159834 -0.877690 -0.399854 0.843188 -0.359375 0.797498 0.513310 0.317034
3.594486 -57.588729 404.563094 -4140.433536 0.421223 -0.057425 -0.905137 -0.404734 0.881209 -0.244257 0.811641 0.469227 0.347944
-10.610817 -73.688436 -3579.978826 -8621.484402 0.329624 0.122224 -0.936167 -0.575261 0.812257 -0.096502 0.748614 0.570350 0.338050
79.465255 -1436.655797 -10512.917076 -282298.025735 -0.861171 0.383528 -0.333603 0.421289 0.905747 -0.046232 0.284429 -0.180357 -0.941579
20.941492 -1169.935893 6824.150109 255958.646236 -0.883860 0.430807 -0.182198 0.438873 0.898538 -0.004418 0.161808 -0.083867 -0.983252
33.536865 -510.505132 -15614.071100 -112525.008642 0.771512 -0.586941 0.245500 0.596487 0.533093 -0.600013 -0.221298 -0.609354 -0.761390
55.462181 -576.247112 395.185299 -135149.097064 0.782177 -0.350191 0.515331 0.612145 0.586043 -0.530879 0.116097 -0.730698 -0.672757
8.882543 -241.227019 -13085.135343 -61056.421673 0.794135 -0.499502 0.346190 0.457112 0.115540 -0.881873 -0.400498 -0.858573 -0.320083
55.305375 -580.425386 -4601.174666 -147508.879931 0.733347 -0.445588 0.513472 0.643651 0.211878 -0.735405 -0.218894 -0.869804 -0.442183
-1.586770 -371.426574 -17837.250287 -99114.581015 0.788835 -0.595831 0.150750 0.359011 0.247626 -0.899885 -0.498849 -0.763981 -0.409246
7.332668 -139.575940 1554.588198 7536.847009 -0.176951 0.419052 -0.890553 -0.462329 0.763398 0.451082 0.868873 0.491548 0.058656
6.170725 -128.586710 694.523097 3037.155924 -0.160211 0.404731 -0.900292 -0.465998 0.773023 0.430443 0.870160 0.488496 0.064757
5.549289 -132.625716 1045.119649 1862.793412 -0.167554 0.418640 -0.892562 -0.276591 0.849037 0.450148 0.946268 0.322299 -0.026467
7.763144 -127.582786 1109.492489 6989.870086 -0.173153 0.413127 -0.894060 -0.649863 0.634190 0.418905 0.740065 0.653551 0.158665
2.833491 -141.313081 -869.285050 3440.545774 -0.132110 0.467330 -0.874157 -0.173407 0.857390 0.484574 0.975949 0.215602 -0.032231
3.971693 -134.872908 -2289.894864 7208.879693 -0.129696 0.462234 -0.877222 -0.456425 0.757563 0.466664 0.880259 0.460911 0.112722
61.039953 -35.288144 19767.104343 2264.297741 -0.066704 0.852709 -0.518109 0.753883 -0.297085 -0.586004 0.653614 0.429683 0.623026
59.194418 -24.260014 21069.719469 11623.955480 -0.135367 0.855351 -0.500051 0.665414 -0.295455 -0.685515 0.734098 0.425537 0.529167
71.087761 -44.163693 13438.273273 8885.809765 -0.067962 0.944267 -0.322087 0.657980 -0.200253 -0.725921 0.749962 0.261262 0.607700
25.378531 -24.796613 13304.571421 7220.950354 -0.096378 0.815715 -0.570369 0.704662 -0.348792 -0.617896 0.702967 0.461469 0.541188
73.734950 -58.381825 4101.872665 7436.250103 0.057309 0.959531 -0.275708 0.747304 -0.224352 -0.625462 0.662006 0.170193 0.729919
-18.825127 -31.807289 470.599469 757.479563 0.109504 0.993891 -0.013775 -0.200758 0.035687 0.978991 -0.973502 0.104438 -0.203439
-18.049887 -34.054006 511.368329 708.616101 0.124898 0.979120 0.160388 -0.243074 -0.126531 0.961720 -0.961933 0.159103 -0.222196
-21.065940 -33.587228 784.666572 583.864877 0.086329 0.994052 0.066398 -0.303238 -0.037267 0.952186 -0.948996 0.102336 -0.298217
-16.447402 -31.842722 54.490457 976.866389 0.144477 0.986196 0.080890 -0.142329 -0.060186 0.987988 -0.979219 0.154254 -0.131668
-22.749012 -32.563141 206.806988 702.492169 0.090600 0.979198 -0.181560 -0.270666 0.199658 0.941741 -0.958401 0.036180 -0.283124
-19.694680 -30.779689 -29.604251 476.219878 0.103414 0.955021 -0.277922 -0.169570 0.292257 0.941186 -0.980077 0.050204 -0.192166
-16.259163 -29.738846 85.993463 821.920334 0.121765 0.986757 -0.107161 -0.100237 0.119638 0.987745 -0.987485 0.109532 -0.113477
7.784373 -45.797621 2352.270798 -237.830584 0.428607 -0.688088 0.585518 0.880444 0.463537 -0.099759 -0.202766 0.558273 0.804498
16.976903 -51.053979 170.419093 2693.245942 0.497705 -0.604773 0.621723 0.865409 0.394146 -0.309381 -0.057945 0.692025 0.719544
8.279064 -54.598703 305.841304 5070.263573 0.378008 -0.688346 0.619104 0.919022 0.359783 -0.161107 -0.111846 0.629870 0.768606
26.682152 -121.867475 -3212.743097 33004.169536 -0.023537 0.525941 0.850195 0.386931 0.788944 -0.477338 -0.921808 0.317732 -0.222073
21.093358 -125.240716 -419.244775 24249.268487 0.000085 0.398173 0.917310 0.409648 0.836797 -0.363263 -0.912244 0.375805 -0.163040
19.388266 -127.123547 -1957.762982 11720.181529 -0.011396 0.489611 0.871866 0.181004 0.858529 -0.479755 -0.983416 0.152344 -0.098406
7.828174 -117.247743 6211.816039 495.839306 -0.249676 0.878917 0.406406 0.947164 0.134397 0.291237 0.201353 0.457648 -0.866034
17.033697 -137.237211 2323.351371 2093.083790 -0.182873 0.917597 0.352948 0.957828 0.085356 0.274371 0.221636 0.388239 -0.894510
18.450260 -152.445502 1885.135906 -31320.914985 -0.252887 0.893909 0.370102 0.901020 0.078249 0.426661 0.352436 0.441366 -0.825218
11.856369 -101.321577 4657.064523 -17734.276365 -0.369382 0.850155 0.375224 0.896022 0.218784 0.386366 0.246378 0.478926 -0.842572
-49.047521 -75.293521 910.958449 4083.098408 -0.060849 0.955009 -0.290268 0.737770 -0.152841 -0.657522 0.672304 0.254160 0.695277
-57.680397 -84.610363 1230.430649 5061.551167 -0.313652 0.949423 0.014794 0.728151 0.250494 -0.638004 0.609441 0.189338 0.769891
-51.420529 -76.557827 -1244.380244 -2.826428 -0.097737 -0.371559 0.923250 0.929988 -0.364416 -0.048207 0.354359 0.853900 0.381162
-48.808683 -74.146142 -1074.819490 -306.574342 -0.024059 -0.256008 0.966375 0.982546 -0.184415 -0.024393 0.184459 0.948921 0.255977
-52.362188 -75.890936 -1292.064111 -369.193924 -0.028200 -0.412068 0.910717 0.981717 -0.182991 -0.052399 0.188245 0.892589 0.409695
70.610926 -56.474425 -9617.500309 7138.081570 0.709243 -0.220650 -0.669543 0.545806 -0.429230 0.719623 0.446173 0.875828 0.183996
75.786940 -51.953305 -8666.355148 5290.637109 0.686088 -0.286342 -0.668799 0.530289 -0.432534 0.729184 0.498074 0.854940 0.144912
66.696448 -42.569694 -6854.763249 4197.555067 0.714413 -0.205894 -0.668746 0.507019 -0.506338 0.697534 0.482230 0.837394 0.257342
64.025265 -62.692292 -6448.078682 7026.676083 0.735489 -0.205911 -0.645489 0.541881 -0.393128 0.742843 0.406719 0.896131 0.177562
56.564094 -28.672200 -3707.304798 2143.458532 0.656271 -0.181573 -0.732352 0.508363 -0.610837 0.606997 0.557562 0.770655 0.308569
56.216075 -30.615033 848.847167 1684.586736 0.634249 -0.109514 -0.765333 0.557942 -0.620424 0.551158 0.535190 0.776583 0.332401
47.563396 -54.285668 -11219.596211 6899.306810 0.773056 -0.075454 -0.629834 0.511960 -0.512038 0.689720 0.374541 0.855642 0.357205
48.982603 -38.229539 -3288.759103 2864.182796 0.672233 -0.072932 -0.736739 0.558556 -0.603193 0.569362 0.485920 0.794254 0.364749
-8.030613 -51.208356 -24.101602 -1200.031371 0.228372 0.917216 -0.326436 -0.862124 0.034746 -0.505505 0.452315 -0.396871 -0.798689
-9.336027 -49.015410 35.868596 -781.993882 0.194668 0.929665 -0.312774 -0.853739 0.003590 -0.520689 0.482943 -0.368389 -0.794390
2.841226 -51.469615 -199.897838 -21.845696 0.231823 0.972427 0.025372 0.934817 -0.229918 0.270657 -0.269028 0.039026 0.962341
2.301798 -52.287309 -170.511365 -78.423815 0.246916 0.968574 0.029947 0.960213 -0.248712 0.127019 -0.130475 0.002608 0.991448
2.366338 -51.074379 -80.900985 106.761981 0.245984 0.968825 0.029514 0.967280 -0.247316 0.056600 -0.062135 -0.014625 0.997961
14.043259 -114.904959 -8173.595269 -4289.620118 0.520831 0.835111 0.176988 0.612866 -0.221470 -0.758515 0.594247 -0.503528 0.627160
0.781108 -124.819681 -3903.276387 -575.373012 0.453151 0.869349 0.197197 0.442299 -0.027204 -0.896455 0.773968 -0.493450 0.396840
-5.120201 -125.114453 105.313165 4776.497889 0.416005 0.893877 0.167106 0.359081 0.007358 -0.933278 0.835464 -0.448253 0.317913
-0.712064 -54.964123 -246.036227 -1016.010988 0.349746 0.935903 0.042003 0.933663 -0.351899 0.066639 -0.077148 -0.015910 0.996893
-0.800520 -61.450689 396.937413 -3915.776914 -0.336446 -0.940667 -0.044165 0.940285 -0.332998 -0.070541 0.051649 -0.065261 0.996531
-0.743070 -62.712896 -566.559689 -3642.716416 0.348984 0.936437 0.036004 0.933467 -0.343971 -0.101608 0.082765 -0.069068 0.994173
37.341387 -18.088931 8834.290147 -472.000733 -0.007169 0.989851 -0.141925 0.662518 -0.101607 -0.742122 0.749011 0.099348 0.655066
27.337106 -20.117021 12114.040124 2702.410732 -0.047330 0.977968 -0.203321 0.673319 -0.119118 -0.729693 0.737835 0.171436 0.652847
4.462655 -21.448728 5122.800773 3728.255926 -0.015034 0.981009 -0.193377 0.670029 -0.133669 -0.730201 0.742183 0.140546 0.655295
-2.043542 -27.638123 7045.419026 -3620.285423 -0.246017 0.884360 -0.396714 -0.661112 -0.452413 -0.598543 0.708806 -0.115021 -0.695963
10.274894 -20.936288 6758.109448 -2579.614729 -0.269167 0.858057 -0.437364 -0.612208 -0.503007 -0.610070 0.743472 -0.103547 -0.660702
-2.793495 -17.541017 5356.556278 -792.510366 -0.343803 0.786336 -0.513298 -0.554124 -0.611189 -0.565150 0.758120 -0.090130 -0.645856
-14.864223 -19.330967 -1288.848966 1634.557813 -0.621826 0.106364 -0.775899 0.178375 0.983930 -0.008073 0.762571 -0.143421 -0.630806
1.913199 -31.646963 -283.202518 -2950.795389 0.159909 0.984774 -0.068184 -0.180098 -0.038809 -0.982883 0.970564 -0.169452 -0.171150
-1.174227 -23.983971 -668.258167 -2289.000954 0.175574 0.984350 0.015130 -0.075234 0.028739 -0.996752 0.981587 -0.173866 -0.079102
-4.476983 -215.293586 224.455773 -11585.368722 0.967931 -0.175864 -0.179393 -0.239390 -0.862224 -0.446388 0.076173 -0.475017 0.876673
-1.902080 -188.350992 6176.298634 -15503.162326 0.956749 -0.179298 -0.229095 -0.234405 -0.941522 -0.242056 0.172298 -0.285287 0.942828
-0.152241 -188.764685 6680.030218 -18219.427033 0.953455 -0.215674 -0.210733 -0.260231 -0.941592 -0.213739 0.152327 -0.258630 0.953890
-6.016128 -196.208090 4584.052272 -13364.144416 0.958275 -0.198997 -0.205205 -0.274135 -0.843177 -0.462497 0.080989 -0.499453 0.862547
-12.471501 -180.946235 2908.860649 1931.216011 0.986902 0.060779 0.149430 0.023878 0.861069 -0.507928 0.159541 -0.504843 -0.848339
7.836871 -17.271650 3848.990530 1394.892803 0.490325 0.863972 0.114603 -0.665950 0.286582 0.688754 -0.562221 0.414033 -0.715880
10.075970 -21.430874 3592.690444 2461.952161 0.397858 0.895422 0.199822 -0.745319 0.188448 0.639520 -0.534984 0.403369 -0.742351
4.632864 -19.271218 1721.716051 2398.215153 0.314099 0.908686 0.275012 -0.791656 0.090792 0.604183 -0.524044 0.407488 -0.747885
11.264988 -27.347350 74.313534 3657.799275 0.339662 0.271294 -0.900572 -0.637540 0.770372 -0.008385 0.691500 0.576998 0.434627
14.564623 -36.992433 2668.960401 5481.626576 0.263607 0.369453 -0.891076 -0.652530 0.748621 0.117351 0.710433 0.550519 0.438421
19.182686 -30.890843 910.630769 2705.661547 0.399529 0.219791 -0.889982 -0.646789 0.755579 -0.103757 0.649647 0.617084 0.444034
19.042123 -22.913990 -556.599875 279.719999 0.471528 0.071377 -0.878958 -0.569428 0.785714 -0.241672 0.673360 0.614458 0.411130
6.438365 -21.408370 332.575230 1872.105595 0.368385 0.186685 -0.910737 -0.598604 0.797167 -0.078725 0.711312 0.574172 0.405415
0.745219 -47.693450 -2082.044281 -1290.277487 0.160886 0.973884 -0.160208 -0.485541 -0.063223 -0.871924 0.859282 -0.218068 -0.462689
0.659644 -43.465434 -2528.828097 -2412.858244 0.166449 0.974567 -0.150049 -0.375765 -0.077997 -0.923427 0.911644 -0.210087 -0.353225
4.209617 -43.539003 -1891.737764 -2300.847371 0.162244 0.978493 -0.127394 -0.373081 -0.058691 -0.925941 0.913503 -0.197756 -0.355534
1.334423 -82.189911 -1618.003615 -4604.106623 -0.906397 0.421570 0.026900 0.421867 0.906636 0.006270 -0.021745 0.017031 -0.999618
16.136947 -18.081628 2198.539961 11320.639472 -0.562485 -0.435540 0.702791 0.004316 0.848448 0.529262 -0.826796 0.300735 -0.475359
9.529634 -35.784348 1387.539734 8759.951288 -0.575261 -0.382454 0.723051 -0.028826 0.892888 0.449354 -0.817462 0.237654 -0.524669
21.962869 -17.585877 1262.932192 9557.993516 -0.593092 -0.279761 0.754967 0.101461 0.904245 0.414784 -0.798716 0.322605 -0.507916
-22.785324 -35.732663 998.101570 -163.681371 0.326771 0.937452 -0.120019 -0.798123 0.341732 0.496205 -0.506183 0.066355 -0.859870
-20.103891 -35.299646 731.654924 -725.325302 0.345345 0.929680 -0.128183 -0.841886 0.367252 0.395416 -0.414686 0.028640 -0.909514
-22.101801 -32.293799 1266.800985 1473.376634 0.383161 0.919792 -0.084674 -0.717024 0.353972 0.600484 -0.582293 0.169368 -0.795141
-21.094548 -34.950143 139.359496 -985.610029 0.141020 0.985144 -0.098004 -0.895274 0.169157 0.412153 -0.422608 -0.029618 -0.905829
-24.471591 -36.445641 395.894561 -679.906070 0.136032 0.987081 -0.084657 -0.844278 0.160212 0.511398 -0.518354 -0.001907 -0.855164
-24.998103 -33.828329 1026.177070 853.232086 0.237361 0.969909 -0.054184 -0.765191 0.221041 0.604668 -0.598450 0.102064 -0.794632
-14.804259 -44.316290 546.837628 -1028.131274 0.201439 0.931423 -0.303106 0.396084 -0.360479 -0.844495 0.895846 -0.050059 0.441536
-11.733957 -46.942205 167.346620 -1097.894237 0.208053 0.923603 -0.321982 0.262367 -0.369818 -0.891290 0.942272 -0.100958 0.319265
-10.241463 -46.363458 -62.179725 -1864.327862 0.165647 0.929460 -0.329645 0.307265 -0.366266 -0.878315 0.937096 -0.044202 0.346262
12.712575 -136.881116 -326.799447 -14252.271118 -0.012661 -0.966716 0.255539 0.999868 -0.009641 0.013068 -0.010170 0.255671 0.966710
12.675299 -149.007325 513.756427 -21293.133192 -0.060088 -0.973165 0.222122 0.980319 -0.099455 -0.170537 0.188052 0.207504 0.959989
10.775444 -197.708424 -227.793041 -33257.100160 0.116861 0.958129 -0.261405 0.875878 -0.223504 -0.427649 0.468168 0.178984 0.865323
15.373800 -146.743809 2550.341183 14706.013056 0.836357 -0.503930 0.215782 0.004680 -0.387050 -0.922047 -0.548165 -0.772170 0.321354
15.583677 -129.695534 -1423.704241 -3199.244069 0.783139 -0.592314 0.189359 0.025912 -0.273163 -0.961619 -0.621306 -0.757988 0.198577
18.065438 -134.685299 -380.722911 17196.045423 0.771394 -0.567466 0.287983 -0.040844 -0.495767 -0.867495 -0.635046 -0.657418 0.405609
9.228778 -87.301072 8970.438301 -1171.086619 0.075693 0.993104 -0.089529 0.732497 0.005540 0.680748 -0.676550 0.117108 0.727026
10.307632 -84.707374 -7045.533352 -4315.994786 0.014972 0.996179 0.086046 0.711149 -0.071103 0.699437 -0.702882 -0.050719 0.709496
-7.867755 -78.626201 -8905.932513 -10812.512465 0.025856 0.992522 0.119295 0.588810 -0.111559 0.800536 -0.807858 -0.049544 0.587291
-1.168732 -80.970177 10949.954989 3010.348331 -0.000969 0.983541 -0.180684 0.709461 0.128012 0.693021 -0.704744 0.127517 0.697908
-17.943110 -84.830254 3936.305469 -9617.914239 -0.112908 0.978810 -0.170831 0.465846 0.204011 0.861027 -0.877633 -0.017636 0.479009
-20.558207 -83.336291 4237.848972 246.160658 -0.161570 0.969939 -0.181970 0.649044 0.243342 0.720782 -0.743395 0.001650 0.668850
-6.459781 -69.046501 12842.088318 17876.036554 -0.135225 0.957952 -0.253066 0.851332 0.243004 0.464954 -0.506900 0.152570 0.848396
31.165855 -24.360958 13205.953215 -4081.769732 0.017137 0.997742 -0.064938 0.995411 -0.023141 -0.092850 0.094143 0.063049 0.993560
10.951188 -19.969756 5396.522704 -2889.456446 -0.024307 0.997927 -0.059586 0.996655 0.019539 -0.079348 0.078019 0.061315 0.995065
8.077076 -23.240466 5917.752904 -4290.294653 -0.136170 0.989258 -0.053157 0.983948 0.128802 -0.123518 0.115344 0.069123 0.990918
3.160707 -15.087122 -492.630269 -1093.049447 0.078712 0.995408 -0.054465 0.994517 -0.082180 -0.064674 0.068853 0.049076 0.996419
0.070449 -18.137124 139.558771 -3417.645212 -0.082874 0.995508 -0.045784 0.991845 0.077931 -0.100849 0.096828 0.053769 0.993848
15.753364 -46.190226 9827.341802 233.451515 0.674436 0.150960 -0.722736 -0.566187 0.734018 -0.375033 -0.473887 -0.662139 -0.580520
21.620725 -45.218378 10502.403387 372.188146 0.644484 0.207913 -0.735808 0.660637 -0.635919 0.398955 -0.384967 -0.743222 -0.547195
-9.085119 -46.129919 1687.685649 353.548340 0.377289 0.288479 -0.880019 0.790519 -0.595325 0.143764 -0.482424 -0.749912 -0.452657
0.966142 -98.416035 539.757886 13098.897050 -0.086420 -0.448465 -0.889613 0.925228 0.295002 -0.238594 0.369439 -0.843714 0.389438
-0.175773 -92.813042 146.096390 12418.997336 -0.091556 -0.454586 -0.885985 0.923349 0.294410 -0.246474 0.372887 -0.840639 0.392787
-14.231844 -37.570802 -710.167015 6067.004237 -0.226198 0.065566 -0.971872 0.939670 -0.248166 -0.235445 -0.256623 -0.966496 -0.005476
3.565815 -51.744004 496.904091 744.184377 0.606854 -0.496911 0.620329 0.414338 -0.468250 -0.780427 -0.678271 -0.730631 0.078270
-17.942320 -399.724284 -4074.871951 61178.241125 0.660847 -0.184774 0.727420 0.587579 0.730379 -0.348278 0.466939 -0.657576 -0.591238
-24.599846 -331.654303 -4062.985296 32941.422853 0.774638 -0.118149 0.621270 0.572190 0.549312 -0.608978 0.269321 -0.827222 -0.493122
-6.556575 -215.682489 1231.741758 12222.445346 -0.561753 0.282814 -0.777464 0.632011 0.753116 -0.182699 0.533850 -0.593997 -0.601806
-18.388442 -116.122166 370.607557 8043.685625 0.564750 -0.115246 0.817176 -0.043119 0.984728 0.168676 -0.824135 -0.130496 0.551156
-20.738508 -116.214726 956.842797 7521.229014 0.552839 -0.163190 0.817153 -0.134906 0.950171 0.281024 -0.822295 -0.265600 0.503276
5.699417 -79.105158 -3945.849735 -7488.792714 0.199985 0.277339 -0.939728 -0.586296 0.802315 0.112014 0.785024 0.528558 0.323054
8.562266 -63.529013 -2729.055493 -3904.283937 0.343412 0.092617 -0.934607 -0.456986 0.885857 -0.080129 0.820507 0.454620 0.346538
-5.387175 -79.760899 -4608.634963 -9593.038095 0.237106 0.264935 -0.934660 -0.617300 0.783986 0.065628 0.750147 0.561405 0.349432
71.145862 -1302.549101 6813.326979 432003.424240 -0.825164 0.461597 -0.325626 0.301697 0.847457 0.436802 0.477581 0.262193 -0.838553
12.986715 -420.433656 11616.356268 59958.108481 -0.790965 0.563150 -0.239243 0.363821 0.747250 0.556104 0.491944 0.352817 -0.795934
1.948310 -603.576059 21101.454435 11956.015515 -0.825226 0.540276 -0.164633 0.535022 0.841169 0.078655 0.180980 -0.023174 -0.983214
3.458777 -134.397050 4.045592 -384.287285 -0.145905 0.407677 -0.901394 -0.249663 0.866479 0.432299 0.957277 0.288120 -0.024642
0.378087 -84.365165 1527.451561 761.604977 0.252485 -0.387734 0.886518 -0.080552 0.904599 0.418584 -0.964242 -0.177097 0.197165
-0.378249 -90.597008 1237.662765 3572.863384 0.251817 -0.352962 0.901114 -0.273321 0.867276 0.416087 -0.928377 -0.351071 0.121923
0.449190 -90.765959 486.255972 3043.847816 0.237292 -0.356880 0.903510 -0.236540 0.880854 0.410054 -0.942200 -0.311018 0.124604
2.397890 -85.636627 557.695030 437.367109 0.236185 -0.382428 0.893289 -0.059917 0.911817 0.406202 -0.969859 -0.149462 0.192443
-19.485219 -35.356987 776.605481 310.562437 0.095379 0.970948 0.219459 -0.342531 -0.174989 0.923066 -0.934653 0.163213 -0.315889
-17.302522 -36.410831 194.107398 551.812694 0.140039 0.955809 0.258492 -0.288529 -0.210342 0.934081 -0.947175 0.205390 -0.246322
-16.769669 -34.571136 -230.097559 834.037957 0.163848 0.965716 0.201363 -0.191879 -0.169024 0.966754 -0.967645 0.197038 -0.157606
