13172
26336
-46.324930 -70.003827 -390.805813 9777.575773 0.954422 -0.287772 0.079161 -0.017257 0.211578 0.977209 0.297962 0.934035 -0.196969
-49.753520 -79.140332 -1193.203828 7037.354182 0.944391 -0.289468 0.155995 -0.043301 0.360792 0.931641 0.325962 0.886588 -0.328194
-55.060392 -96.509043 1017.669826 10577.535624 0.896465 -0.400325 -0.189976 0.326782 0.307713 0.893603 0.299274 0.863164 -0.406673
-46.845833 -72.195309 -960.486899 7888.709392 0.832594 -0.274712 0.480957 -0.365267 0.380436 0.849617 0.416373 0.883064 -0.216405
-38.836752 -94.608764 -3235.532190 15753.337149 0.916989 -0.292886 -0.270831 0.321244 0.139664 0.936641 0.236504 0.945892 -0.222159
-33.823688 -60.643257 -4217.795927 9622.912146 0.971521 -0.231375 -0.051119 0.067606 0.063889 0.995664 0.227106 0.970765 -0.077712
-38.457498 -53.858420 -709.086101 5210.019444 0.821484 -0.223940 0.524419 -0.472281 0.248174 0.845789 0.319553 0.942476 -0.098108
-64.395564 -85.882567 -1169.286650 4392.462414 0.953231 -0.225185 -0.201599 -0.255443 -0.956761 -0.139128 0.161552 -0.184119 0.969537
-64.729906 -88.423507 -2279.544369 5360.870726 0.978311 -0.143986 -0.148918 0.134727 0.988368 -0.070548 0.157344 0.048955 0.986330
-60.721358 -89.241584 -4001.637529 6705.307414 0.982848 -0.184419 0.000134 -0.181840 -0.969226 -0.165936 -0.030731 -0.163066 0.986136
-61.572534 -85.792850 -3242.012552 11012.202247 0.965772 -0.251312 -0.064244 -0.256562 -0.888971 -0.379350 -0.038225 -0.382848 0.923020
-62.634006 -81.479186 313.123435 7837.940923 0.878260 -0.363355 -0.310856 -0.447564 -0.853511 -0.266845 0.168360 -0.373487 0.912229
-76.374979 -230.446100 -14152.956591 -90530.408360 0.804262 -0.015942 0.594061 -0.593427 -0.074919 0.801393 -0.031731 0.997062 0.069715
-18.312694 -165.227564 -21674.571620 64523.843546 0.721594 0.104526 0.684380 -0.448271 -0.682792 0.576929 -0.527593 0.723097 0.445843
-53.346638 -146.874375 -17176.063073 43811.896889 0.824855 -0.016853 0.565093 -0.420656 -0.686100 0.593562 -0.377707 0.727312 0.573022
-213.707786 -426.927793 58498.936060 -174137.986598 0.997349 0.023478 -0.068874 0.067312 0.061848 0.995813 -0.027639 0.997809 -0.060104
21.301526 -49.135304 1987.244973 -143.021549 -0.497676 0.757396 0.422693 -0.480974 0.164556 -0.861154 0.721791 0.631880 -0.282392
27.808334 -49.687119 6441.401343 -471.307033 -0.502927 0.752498 0.425219 -0.564622 0.086459 -0.820809 0.654421 0.652895 -0.381394
31.882902 -49.855805 9894.812197 273.648701 -0.502594 0.777345 0.378331 -0.475199 0.117178 -0.872041 0.722209 0.618065 -0.310500
25.135669 -50.703055 10019.557482 1162.389334 -0.512589 0.770947 0.378013 -0.384748 0.187346 -0.903809 0.767608 0.608722 -0.200589
16.392593 -50.017143 1890.157325 1122.425857 -0.503752 0.756309 0.417409 -0.395268 0.227841 -0.889860 0.768112 0.613258 -0.184169
-26.400653 -43.944302 -4794.905216 -3713.133841 -0.916675 -0.025778 0.398802 -0.053418 0.996866 -0.058347 -0.396048 -0.074788 -0.915179
-24.586619 -44.154886 -2642.641144 -6414.354211 -0.890428 -0.067266 0.450126 -0.131638 0.984809 -0.113236 -0.435671 -0.160082 -0.885756
-29.393984 -52.061434 -1091.981978 -6239.853784 -0.844373 -0.304338 0.440923 -0.288246 0.951787 0.104956 -0.451607 -0.038472 -0.891387
-29.431079 -52.725356 574.263295 -3416.918842 -0.809337 -0.445795 0.382414 -0.362126 0.891352 0.272685 -0.462427 0.082212 -0.882838
-26.775962 -41.223892 -2955.168924 -3499.367334 -0.926568 -0.022580 0.375449 -0.025454 0.999672 -0.002696 -0.375265 -0.012054 -0.926839
1.222762 -63.104653 -261.265510 2816.950683 0.900161 -0.236247 0.365919 -0.016037 0.821572 0.569880 0.435261 0.518852 -0.735758
2.004133 -56.644348 -330.870470 1312.017432 0.899298 -0.204167 0.386754 -0.127671 0.723258 0.678674 0.418286 0.659708 -0.624358
-0.099945 -60.872829 -486.343811 2463.060313 0.901878 -0.218046 0.372922 -0.036217 0.822062 0.568244 0.430469 0.525994 -0.733503
-0.917055 -69.521819 443.406814 3130.192999 -0.899819 0.251035 -0.356802 0.088018 0.905503 0.415112 0.427292 0.342121 -0.836884
-4.331009 -95.078937 -2473.367707 10212.710340 0.881838 -0.434644 -0.182881 0.449393 0.657135 0.605161 0.142852 0.615839 -0.774813
-13.224135 -79.322945 -555.946147 9170.414878 0.880924 -0.459721 -0.112384 0.405272 0.610164 0.680775 0.244394 0.645257 -0.723820
-9.970160 -106.474568 -3026.274396 13016.477120 0.858051 -0.471075 -0.204543 0.505950 0.707055 0.494052 0.088112 0.527410 -0.845030
-6.201095 -77.762164 -1164.591297 5702.421806 0.910236 -0.400397 -0.105602 0.329631 0.546273 0.770019 0.250626 0.735709 -0.629221
-0.728234 -117.328095 -5498.114135 8217.409190 0.870367 -0.414998 -0.265025 0.489840 0.784579 0.380122 -0.050184 0.460665 -0.886154
2.345981 -107.539970 -2898.386168 3785.917836 0.890059 -0.404109 -0.210931 0.454081 0.745307 0.488188 0.040072 0.530296 -0.846865
-0.900696 -90.660630 -2230.808950 5338.134651 0.913830 -0.375621 -0.154351 0.367687 0.603944 0.707148 0.172401 0.702966 -0.690013
7.972304 -101.905607 521.540860 1421.433540 0.964575 -0.241212 -0.106821 0.043732 0.545524 -0.836954 -0.260157 -0.802633 -0.536747
8.574087 -106.669515 1217.223123 1743.942837 0.968960 -0.221850 -0.109085 -0.015435 0.386100 -0.922328 -0.246737 -0.895382 -0.370691
5.003012 -99.379049 1186.875510 3035.119570 0.973205 -0.209266 -0.095288 0.045297 0.580763 -0.812811 -0.225434 -0.786716 -0.574681
6.077204 -93.776267 806.002076 3500.460668 0.966035 -0.242244 -0.089964 0.115435 0.716020 -0.688469 -0.231193 -0.654701 -0.719664
1.172017 -97.270858 1084.731897 4192.332302 0.975207 -0.205674 -0.081670 0.062697 0.610721 -0.789360 -0.212228 -0.764669 -0.608474
3.093601 -90.440534 721.070100 5260.671029 0.970456 -0.225894 -0.084774 0.115479 0.743361 -0.658847 -0.211847 -0.629593 -0.747485
15.434031 -80.823197 -24659.137482 -9771.160312 0.413614 0.738774 -0.532105 0.819724 -0.047845 0.570757 0.396202 -0.672252 -0.625381
27.535812 -60.057717 -22373.364732 -6023.385291 0.496670 0.750580 -0.435831 0.821432 -0.244330 0.515317 0.280300 -0.613948 -0.737902
1.702334 -69.818691 -20338.979320 -6998.319512 0.522324 0.731028 -0.439062 0.817656 -0.283162 0.501256 0.242107 -0.620820 -0.745632
7.714355 -100.895484 -642.515449 -1740.485082 0.288317 0.925113 -0.247061 0.937342 -0.219972 0.270189 0.195609 -0.309481 -0.930569
9.030212 -97.463403 -991.370358 -1817.705182 0.312831 0.922236 -0.227194 0.934490 -0.256064 0.247304 0.169897 -0.289675 -0.941925
8.685858 -105.324555 -1074.694621 3648.902690 0.330467 0.911907 -0.243345 0.943123 -0.309168 0.122206 0.036206 -0.269889 -0.962211
6.608977 -108.901355 -391.340844 3083.015108 0.322436 0.910034 -0.260525 0.945435 -0.296007 0.136134 0.046769 -0.290203 -0.955821
6.341356 -105.808008 -524.577688 -2428.970797 0.281743 0.921193 -0.268374 0.936984 -0.203927 0.283679 0.206594 -0.331387 -0.920598
27.579883 -41.997160 40655.777428 1596.180120 0.507048 0.832183 0.224441 -0.643782 0.192515 0.740596 -0.573103 0.520008 -0.633359
363.415311 -62.866561 193172.350952 -19806.981116 0.258250 0.873414 0.412862 -0.754420 -0.084621 0.650915 -0.603455 0.479570 -0.637067
15.310019 -35.912319 28942.423176 -2303.244175 0.473905 0.857050 0.202186 -0.688718 0.217676 0.691581 -0.548709 0.466993 -0.693424
22.511324 -92.439615 -9526.381029 4600.209528 0.567755 0.812656 -0.131318 0.802960 -0.581860 -0.129211 0.181413 0.032083 0.982884
10.556715 -111.789646 -7131.410914 -11377.964722 0.568310 0.811226 -0.137610 0.785433 -0.584687 -0.203066 0.245191 -0.007321 0.969447
6.144986 -112.515608 -5980.475426 10203.768414 0.597738 0.789086 -0.141607 0.788923 -0.610368 -0.071066 0.142509 0.069238 0.987369
21.470208 -112.164828 -9376.300493 22198.645465 0.586876 0.797676 -0.138888 0.803478 -0.594936 -0.021777 0.100000 0.098813 0.990069
5.791023 -124.041507 6766.339206 14497.144385 -0.599323 -0.785670 0.153414 0.800271 -0.583384 0.138669 -0.019449 0.205880 0.978384
-2.194761 -114.876273 -1561.517616 6473.388843 0.584501 0.792888 -0.172300 0.784418 -0.606481 -0.129879 0.207476 0.059242 0.976445
-2.698369 -116.992493 509.302469 8522.466158 -0.603741 -0.774436 0.189065 0.795413 -0.601001 0.078210 0.053060 0.197603 0.978845
-2.271580 -119.941311 2971.371970 10676.299497 -0.614320 -0.771498 0.165535 0.789049 -0.599659 0.133460 -0.003700 0.212602 0.977132
-18.831935 -53.531079 1437.351116 1370.774430 -0.264316 0.884683 0.384022 0.951674 0.174687 0.252590 0.156378 0.432227 -0.888102
-3.187106 -53.973241 4873.564986 117.861994 -0.351976 0.853004 0.385354 0.935639 0.309059 0.170478 0.026322 0.420556 -0.906885
-8.313957 -55.385878 5732.088162 1273.460683 -0.436044 0.820861 0.368853 0.886224 0.320428 0.334564 0.156440 0.472771 -0.867187
3.243974 -1251.549817 7389.545505 -592406.551291 0.151738 0.683944 -0.713580 -0.278809 -0.663006 -0.694757 0.948283 -0.304374 -0.090087
53.210140 -1693.644395 21167.453331 -681071.786223 0.168510 0.817190 -0.551185 -0.254563 -0.504133 -0.825256 0.952262 -0.279375 -0.123075
9.137841 -367.786932 -3645.024777 -67067.666431 0.156283 0.794880 -0.586295 -0.557760 -0.418864 -0.716559 0.815156 -0.438998 -0.377891
-15.698985 -265.193089 45.632536 -12895.265830 0.238159 0.891454 -0.385473 0.170998 -0.429180 -0.886884 0.956054 -0.145304 0.254650
-8.902777 -290.310628 -5629.532852 -57112.895541 0.125403 0.727935 -0.674081 -0.513586 -0.533686 -0.671869 0.848824 -0.430453 -0.306931
-9.545282 -174.604043 -1930.009911 -16580.507977 0.263075 0.869499 -0.418047 0.058587 -0.446908 -0.892659 0.962995 -0.210344 0.168511
-14.739895 -169.682775 -3513.097491 -6921.952280 0.218406 0.839769 -0.497079 -0.202031 -0.459430 -0.864932 0.954716 -0.289332 -0.069316
-4.896275 -38.649555 -9070.743064 1162.086869 -0.135573 0.971867 0.192601 0.973202 0.094186 0.209778 0.185736 0.215880 -0.958592
-11.476781 -43.369424 -6568.484220 820.769402 -0.119810 0.964294 0.236185 0.960099 0.051985 0.274786 0.252696 0.259683 -0.932046
0.239574 -40.454442 -11588.925236 -52.167795 -0.216348 0.961171 0.171300 -0.937098 -0.155207 -0.312663 0.273935 0.228169 -0.934290
9.244061 -36.039548 -9551.800591 -1130.120491 -0.282169 0.941435 0.184609 0.938792 0.231321 0.255264 0.197610 0.245337 -0.949084
-55.083249 -88.633773 3347.816176 -4911.985559 0.765260 0.594059 0.247933 -0.641709 0.673584 0.366736 -0.050859 0.439749 -0.896679
-37.364047 -76.167192 5847.736386 -3422.945210 0.939101 0.261931 0.222443 -0.324565 0.888740 0.323727 0.112900 0.376210 -0.919630
-41.685533 -74.423130 6773.734043 -3572.998545 0.924728 0.321292 0.204081 -0.362730 0.906349 0.216699 0.115346 0.274414 -0.954669
-56.515387 -85.988087 5527.622742 -6716.131039 0.773616 0.605844 0.185663 -0.633589 0.735385 0.240360 -0.009086 0.303580 -0.952763
-146.570867 -950.196961 56992.156283 652270.719269 -0.193926 -0.296326 0.935192 0.582556 0.732223 0.352815 -0.789317 0.613221 0.030630
-553.481958 -1857.071775 176729.531154 1107404.188069 -0.281342 -0.280738 0.917623 0.489052 0.780799 0.388820 -0.825636 0.558157 -0.082376
-684.105346 -3195.894400 184431.056082 728006.543177 -0.276019 -0.485619 0.829450 0.242071 0.800034 0.548952 -0.930169 0.352307 -0.103270
14.455394 -875.855446 -1615.043995 262068.786476 -0.459734 -0.545625 0.700670 0.886726 -0.238860 0.395807 -0.048600 0.803268 0.593632
6.711748 -621.315561 2265.852169 -112281.072398 -0.276828 -0.652849 0.705091 0.749166 0.312879 0.583829 -0.601761 0.689851 0.402479
9.785727 -515.969693 -6049.563677 -126925.875335 -0.404351 -0.515764 0.755306 0.667825 0.397754 0.629127 -0.624907 0.758801 0.183608
3.384853 -357.110061 -6721.882754 -17272.624575 -0.415938 -0.537483 0.733559 0.760914 0.236040 0.604397 -0.498002 0.809566 0.310800
-35.872192 -48.397448 3378.236134 -4705.981406 -0.329125 0.643651 -0.690934 0.943461 0.254737 -0.212111 0.039481 -0.721680 -0.691100
-41.240035 -59.155251 1704.297224 -3653.524602 0.023179 0.688933 -0.724454 0.980368 0.126267 0.151443 0.195809 -0.713742 -0.672481
-40.295747 -57.782539 404.987362 -4030.165178 0.126507 0.620910 -0.773606 0.982963 0.026365 0.181904 0.133342 -0.783439 -0.606996
-38.815279 -50.297313 1223.200736 -7543.346013 0.135180 0.609721 -0.781004 0.990656 -0.068798 0.117758 0.018068 -0.789625 -0.613324
-3.160503 -29.657051 5229.523997 -4540.373153 0.789320 -0.400164 0.465664 0.605315 0.380194 -0.699318 -0.102799 -0.833859 -0.542320
-0.488750 -28.294011 2270.049060 -3504.299894 0.814248 -0.399318 0.421362 0.572469 0.431880 -0.696964 -0.096333 -0.808718 -0.580254
-0.937686 -17.120545 -1109.565479 -3233.585223 -0.587506 0.506998 -0.630706 0.795509 0.218985 -0.564988 -0.148333 -0.833666 -0.531976
-5.396468 -20.482864 617.954030 4342.758506 -0.088152 0.558871 -0.824556 0.974992 -0.121126 -0.186332 -0.204010 -0.820361 -0.534217
-0.022687 -25.071254 -4451.575594 432.262767 -0.442396 0.522865 -0.728628 0.877466 0.084481 -0.472141 -0.185311 -0.848219 -0.496170
26.962193 -47.272366 -3455.661215 843.169857 0.677034 -0.491538 -0.547736 -0.512928 0.218558 -0.830143 -0.527759 -0.842984 0.104153
20.464499 -48.644160 -7548.383239 952.280929 0.644346 -0.550991 -0.530308 -0.503933 0.215672 -0.836383 -0.575212 -0.806160 0.138696
26.660082 -49.391887 -4934.938034 1867.202247 0.657693 -0.504219 -0.559645 -0.569115 0.154126 -0.807684 -0.493506 -0.849711 0.185591
30.632639 -47.951806 1011.381040 1886.879127 0.695277 -0.411235 -0.589470 -0.585287 0.152077 -0.796437 -0.417168 -0.898754 0.134955
30.818993 -45.353472 1427.504995 1001.701100 0.710825 -0.408267 -0.572752 -0.526842 0.230459 -0.818123 -0.466009 -0.883293 0.051276
14.112160 -49.909419 4225.647993 -686.452976 0.660395 -0.525569 -0.536336 0.698453 0.692205 0.181702 0.275757 -0.494601 0.824214
12.912153 -49.616595 -1473.824499 -801.185718 0.674241 -0.528035 -0.516311 0.693992 0.692088 0.198468 0.252535 -0.492131 0.833087
12.490911 -49.340257 3706.513121 -958.610480 0.669925 -0.520627 -0.529289 0.715874 0.641943 0.274650 0.196784 -0.562900 0.802758
12.823336 -50.010218 -2003.480391 64.184953 0.677304 -0.534832 -0.505188 -0.659323 -0.745928 -0.094254 0.326424 -0.396921 0.857847
18.217271 -49.268017 6964.503070 -260.241497 0.663499 -0.530192 -0.527888 0.720722 0.642314 0.260753 0.200820 -0.553470 0.808296
18.702822 -49.794546 5797.471327 -1016.607834 0.659084 -0.547475 -0.515635 0.699481 0.698113 0.152854 0.276288 -0.461421 0.843063
14.259008 -50.871479 3114.059205 676.054958 0.671906 -0.530059 -0.517281 -0.644677 -0.762389 -0.056163 0.364600 -0.371215 0.853971
-5.234714 -57.593520 1048.555433 -70.221259 -0.567628 0.656382 0.496952 0.769201 0.637996 0.035921 -0.293476 0.402646 -0.867034
-8.047296 -58.897521 844.444479 -279.372511 -0.585587 0.652691 0.480711 0.744740 0.667354 0.001111 -0.320079 0.358655 -0.876878
-4.898453 -56.752940 1239.672033 -101.399739 -0.578652 0.644411 0.499897 0.699650 0.707201 -0.101771 -0.419110 0.290863 -0.860085
-2.141388 -56.587706 1692.749385 153.677656 -0.556928 0.649056 0.518226 0.733171 0.677354 -0.060432 -0.390247 0.346292 -0.853106
-2.610318 -57.546956 1711.155908 679.514509 -0.540219 0.661421 0.520274 0.679163 0.707737 -0.194542 -0.496892 0.248255 -0.831546
-5.584898 -56.177138 1071.989990 46.338887 -0.563684 0.660298 0.496253 0.628559 0.732689 -0.260924 -0.535887 0.164846 -0.828041
10.867215 -109.422703 -429.864906 8148.317277 0.436864 -0.789107 -0.431810 0.887713 0.300658 0.348669 -0.145310 -0.535644 0.831847
10.541578 -103.821171 -809.411156 11544.390572 0.448312 -0.801091 -0.396572 0.887545 0.346215 0.303973 -0.106211 -0.488250 0.866217
12.074681 -98.447201 26.526130 12191.181416 0.464341 -0.772118 -0.433845 0.882800 0.442822 0.156758 0.071080 -0.455788 0.887246
9.454041 -106.913806 -1257.538488 -124.467350 0.420572 -0.811452 -0.405790 0.837683 0.175537 0.517180 -0.348435 -0.557435 0.753565
11.175411 -106.597357 1041.311220 9379.472517 0.444378 -0.758614 -0.476480 0.894839 0.401014 0.196088 0.042320 -0.513510 0.857039
10.844252 -107.388105 -700.272517 -4398.875924 0.424306 -0.797193 -0.429474 0.817936 0.133923 0.559505 -0.388517 -0.588683 0.708877
10.821611 -111.382798 648.330871 1968.982184 0.438339 -0.769672 -0.464180 0.878477 0.257642 0.402367 -0.190098 -0.584145 0.789074
-1.588088 -117.376998 -264.413591 -11664.550169 -0.573179 0.720743 0.389864 -0.286775 -0.622125 0.728506 -0.767610 -0.305761 -0.563280
-2.417619 -118.366147 79.271087 -11735.364808 -0.555210 0.742712 0.374326 -0.298135 -0.597883 0.744077 -0.776439 -0.301520 -0.553380
0.624058 -97.566502 -320.468085 -10419.866669 -0.568291 0.724662 0.389757 -0.458839 -0.672287 0.580944 -0.683017 -0.151310 -0.714558
3.459107 -97.481766 -1112.755166 -9355.620993 -0.584432 0.704903 0.401934 -0.442639 -0.692092 0.570157 -0.680081 -0.155306 -0.716498
1.534766 -117.105992 -1153.325187 -11624.652888 -0.588531 0.697143 0.409419 -0.271177 -0.647292 0.712373 -0.761639 -0.308228 -0.570001
-2.424506 -73.238266 509.394196 -2650.069254 -0.408722 0.779446 0.474774 -0.746218 -0.584913 0.317860 -0.525456 0.224368 -0.820704
-0.638696 -73.680188 848.510937 -3131.966371 -0.408448 0.770350 0.489624 -0.770642 -0.578498 0.267304 -0.489164 0.268145 -0.829950
-1.929692 -67.065153 85.864063 -3171.071811 -0.436084 0.764394 0.474902 -0.816197 -0.558224 0.149025 -0.379016 0.322626 -0.867329
-3.285252 -71.687165 297.958048 -2990.544191 -0.424039 0.774008 0.470216 -0.747208 -0.592382 0.301272 -0.511734 0.223597 -0.829537
10.562255 -102.762877 2079.347895 -25999.114425 -0.616113 0.721829 0.315227 0.122125 -0.307824 0.943573 -0.778133 -0.619844 -0.101501
6.617895 -127.024238 1446.190753 -18119.538361 -0.593662 0.699879 0.397158 0.318550 -0.248835 0.914662 -0.738980 -0.669515 0.075222
14.214415 -95.879417 5675.515903 -21127.584783 -0.618841 0.724835 0.302737 0.178552 -0.245511 0.952808 -0.764954 -0.643692 -0.022511
22.078462 -68.124900 8421.824341 -19218.959093 -0.628829 0.760606 0.161409 -0.021315 -0.224373 0.974270 -0.777252 -0.609209 -0.157304
10.182186 -116.500301 822.897630 6439.416004 -0.661812 0.653222 0.367840 0.662199 0.739393 -0.121619 -0.351422 0.163094 -0.921902
14.156929 -145.582867 1683.425924 12374.177468 -0.642608 0.689980 0.333140 0.658212 0.719688 -0.220921 -0.392188 0.077311 -0.916631
13.635831 -122.706163 -1338.719055 15506.419380 0.699092 -0.625266 -0.346863 0.682676 0.727939 0.063709 -0.212660 0.281333 -0.935750
-8.646159 -106.672699 -239.754996 -5163.080798 -0.540387 0.764646 0.351138 -0.448284 0.091523 -0.889193 0.712056 0.637918 -0.293321
-5.214848 -106.459009 -905.511923 -4778.271456 -0.492574 0.778736 0.388511 -0.492476 0.118645 -0.862201 0.717522 0.616031 -0.325068
-6.293423 -112.017414 -571.207213 5193.031820 -0.530121 0.768717 0.357834 0.569020 0.009645 0.822267 0.628640 0.639516 -0.442529
-10.174350 -98.437511 -191.831761 -2651.877697 -0.532796 0.765092 0.361612 -0.344942 0.193854 -0.918387 0.772751 0.614048 -0.160628
-10.040501 -107.666537 -346.549259 -6006.569655 -0.577132 0.747828 0.328134 -0.438118 0.055560 -0.897199 0.689181 0.661564 -0.295572
-11.664081 -97.788747 -62.016871 -2109.020212 -0.578853 0.745721 0.329892 -0.320569 0.163879 -0.932941 0.749777 0.645789 -0.144193
-0.413958 -182.822760 -4909.207110 21049.593856 -0.425931 0.794685 0.432502 -0.132836 -0.527779 0.838930 -0.894951 -0.299875 -0.330360
6.878340 -160.569042 107.228048 20461.544093 -0.409402 0.770996 0.487806 -0.010221 -0.538510 0.842557 -0.912297 -0.339959 -0.228348
3.374429 -163.592593 -590.812361 13248.802860 -0.410135 0.777296 0.477074 -0.221973 -0.592438 0.774432 -0.884600 -0.211724 -0.415518
-2.414522 -167.477457 5696.302752 -1221.667337 -0.358237 0.783748 0.507351 -0.390227 -0.619368 0.681253 -0.848168 -0.046068 -0.527721
-4.824118 -176.412550 -1690.220098 -3385.683501 -0.393716 0.813326 0.428356 -0.481180 -0.579399 0.657847 -0.783233 -0.052889 -0.619475
8.428243 -132.052815 4125.571116 10599.486686 -0.353877 0.844984 0.400966 0.300066 -0.303474 0.904359 -0.885851 -0.440348 0.146158
17.779847 -131.621372 103.107760 3160.944974 -0.385022 0.806911 0.447942 0.305793 -0.346405 0.886845 -0.870775 -0.478432 0.113374
11.115795 -157.651617 1564.974778 29789.575310 -0.361915 0.838591 0.407165 0.195788 -0.358653 0.912707 -0.911419 -0.410040 0.034384
41.886112 -112.540309 1790.040642 -6072.873254 -0.063356 0.959143 0.275735 -0.027880 0.274482 -0.961188 0.997601 0.068585 -0.009350
39.566304 -108.705104 8718.785660 -4041.643796 -0.141960 0.945845 0.291934 0.158845 0.312866 -0.936421 0.977044 0.086562 0.194657
31.667784 -117.420762 6730.302849 -3955.528913 -0.159197 0.945762 0.283181 -0.004375 0.286160 -0.958172 0.987237 0.153777 0.041418
40.471471 -118.677115 1360.701594 -2764.572202 -0.095912 0.960114 0.262645 -0.248860 0.232352 -0.940256 0.963779 0.155544 -0.216648
27.729670 -122.463658 7434.614900 -1522.907948 -0.201109 0.925996 0.319511 -0.209623 0.277936 -0.937448 0.956877 0.255506 -0.138215
15.140109 -122.969846 7257.676706 1539.091842 -0.220885 0.910310 0.350066 -0.016976 0.355288 -0.934603 0.975152 0.212382 0.063024
4.337036 -508.658719 2693.643188 84603.360927 0.404297 -0.866538 -0.292671 0.911626 0.355877 0.205646 -0.074045 -0.349949 0.933838
12.583740 -447.211906 8554.133494 93875.305963 -0.404507 0.867533 0.289415 0.823498 0.483165 -0.297326 0.397775 -0.118062 0.909855
17.983695 -523.772435 -4602.003325 100537.478358 0.433527 -0.833638 -0.342202 0.894054 0.445430 0.047541 0.112795 -0.326557 0.938423
7.243339 -338.272436 6563.256981 20213.089179 -0.432829 0.838459 0.331127 0.738916 0.540388 -0.402472 0.516393 -0.070473 0.853447
9.601552 -368.937231 -1156.363388 -21733.578213 0.426808 -0.807286 -0.407582 0.853678 0.508392 -0.113011 0.298444 -0.299710 0.906148
-2.895587 -50.316866 6442.009041 -1191.277839 0.698458 -0.241374 -0.673717 0.702362 0.050624 0.710018 -0.137273 -0.969111 0.204891
-14.109311 -49.551077 5422.887424 1091.517814 0.701832 -0.258541 -0.663769 -0.694827 -0.043096 -0.717885 -0.156997 -0.965038 0.209887
-2.553824 -47.331154 6456.090540 1490.898582 0.713541 -0.240809 -0.657929 -0.663386 0.069817 -0.745013 -0.225340 -0.968058 0.109932
30.343525 0.386250 3233.162507 15470.949842 -0.493316 0.815287 0.303228 0.403892 0.523431 -0.750261 0.770397 0.247644 0.587504
25.235216 6.250917 3442.079027 18715.158453 -0.523803 0.824267 0.214975 0.418097 0.468646 -0.778181 0.742176 0.317733 0.590102
35.483019 28.058306 8797.428237 6079.098342 -0.071210 0.957647 -0.279001 0.609755 -0.179568 -0.771981 0.789385 0.225095 0.571143
33.033927 18.256270 1020.358409 14604.834564 -0.352932 0.884892 0.303982 0.444644 0.444482 -0.777642 0.823244 0.139291 0.550334
31.572004 -6.292679 1168.032546 11310.968770 -0.422958 0.829413 0.364940 0.419453 0.536197 -0.732497 0.803222 0.156740 0.574688
-3.025520 -86.801490 868.294399 -879.933812 -0.362517 0.830113 0.423667 -0.088725 -0.483265 0.870967 -0.927744 -0.278151 -0.248843
-4.646654 -85.080058 492.045986 -240.797223 -0.377474 0.827469 0.415702 -0.057092 -0.468854 0.881428 -0.924258 -0.308984 -0.224222
-2.873722 -82.448556 550.213468 2219.304812 -0.370050 0.835138 0.406949 0.151498 -0.377933 0.913354 -0.916576 -0.399639 -0.013333
-4.849740 -85.311968 505.313954 -1318.664421 -0.382752 0.815450 0.434214 -0.277825 -0.549846 0.787707 -0.881087 -0.180861 -0.437007
-1.021721 -84.579734 911.102155 954.211772 -0.357481 0.838399 0.411454 0.108324 -0.400370 0.909928 -0.927617 -0.369852 -0.052306
-0.679650 -87.936987 1213.726036 -1326.266499 -0.351002 0.834179 0.425373 -0.126870 -0.492455 0.861041 -0.927740 -0.248260 -0.278685
-2.802101 -85.689199 848.174283 -1191.340188 -0.366969 0.819784 0.439645 -0.302743 -0.552138 0.776846 -0.879591 -0.151979 -0.450802
-35.088157 -45.591384 -7079.340188 3185.872962 0.935388 0.326845 -0.134984 0.260535 -0.895074 -0.361888 0.239102 -0.303338 0.922397
-9.960831 -58.586056 -7114.280499 11879.958652 0.900077 0.433705 -0.041962 0.361961 -0.797833 -0.482127 0.242579 -0.418763 0.875096
0.528434 -50.758383 4098.185365 447.052175 0.914379 -0.301260 -0.270470 -0.371228 -0.890465 -0.263177 0.161559 -0.341049 0.926058
0.912985 -63.782339 2214.682191 -3861.822868 0.788327 -0.532171 -0.308764 0.572396 0.818398 0.050870 0.225620 -0.216837 0.949777
17.690752 -70.328516 -5833.077825 930.005603 0.887870 -0.421505 -0.184448 -0.455756 -0.860656 -0.227064 0.063037 -0.285666 0.956254
-2.784372 -41.568225 2073.505831 -62.614397 0.751932 -0.620633 -0.222292 0.077611 0.418187 -0.905039 -0.654657 -0.663275 -0.362616
-8.301613 -45.096663 -1074.030253 676.256355 -0.720488 0.672755 0.168217 -0.108004 -0.348475 0.931075 -0.685005 -0.652661 -0.323732
-1.150569 -40.617706 -2667.920032 -1440.671513 -0.765749 0.574966 0.288172 -0.126547 -0.574012 0.809009 -0.630567 -0.583030 -0.512310
-8.042043 -44.849477 1224.160397 -1886.901033 0.725577 -0.671445 -0.150665 0.003057 0.222088 -0.975022 -0.688134 -0.706993 -0.163194
-5.131407 -43.819628 437.335815 -844.535584 0.732167 -0.648147 -0.209373 -0.008346 0.298833 -0.954269 -0.681074 -0.700432 -0.213386
-46.273949 -79.858564 -3661.843194 5972.495787 0.909859 -0.283572 0.302892 -0.146084 0.464328 0.873532 0.388351 0.839039 -0.381048
-55.109507 -87.211024 -380.541070 -2.230594 0.937614 -0.321607 0.132094 0.067033 0.540021 0.838978 0.341154 0.777783 -0.527890
-64.100184 -87.535230 -2422.066671 -9827.653309 0.987810 -0.098827 -0.120266 -0.068461 -0.969695 0.234530 0.139799 0.223437 0.964641
-65.498267 -81.437830 804.108333 5776.332881 0.940918 0.147876 -0.304639 -0.201234 0.967710 -0.151796 0.272355 0.204131 0.940294
-60.261800 -90.712650 -3757.951801 -4813.787101 0.988486 -0.151298 0.002190 -0.151001 -0.985414 0.078472 0.009715 0.077899 0.996914
-56.853077 -73.984788 3508.282775 -3661.446019 0.818291 0.441949 -0.367534 0.526071 -0.833471 0.169041 0.231622 0.331674 0.914518
-58.454011 -75.672639 -1560.125776 -6590.868744 0.990773 0.023987 -0.133389 0.068622 -0.937515 0.341112 0.116872 0.347118 0.930511
-57.103615 -87.252017 -3378.724199 -8613.610439 0.992891 -0.114221 0.033478 -0.118911 -0.964243 0.236846 -0.005228 0.239144 0.970970
-338.857013 -19326.560471 39112.471760 -9317904.416486 0.994213 0.105773 0.018787 -0.041882 0.220592 0.974467 -0.098928 0.969614 -0.223745
-185.284840 -845.451073 -2089.338283 -396806.002678 0.903563 -0.048958 0.425648 -0.414114 0.155079 0.896917 0.109920 0.986688 -0.119850
-154.135152 -459.118374 22086.849329 -186534.271635 0.976066 0.153705 -0.153852 0.149372 0.040353 0.987957 -0.158062 0.987293 -0.016428
36.699641 -50.099094 10258.701726 -414.145515 -0.490935 0.783122 0.381710 -0.549567 0.061587 -0.833176 0.675987 0.618811 -0.400143
-22.995896 -41.241088 -572.652136 -8288.310784 -0.851397 -0.104424 0.514023 -0.205827 0.967892 -0.144290 -0.482451 -0.228648 -0.845554
-16.211474 -34.336182 -5005.615361 -3631.168817 -0.873664 0.296078 0.386068 0.163646 0.926110 -0.339912 -0.458182 -0.233791 -0.857561
-15.054975 -29.389087 -5334.038360 -4684.796804 -0.850813 0.372204 0.370920 0.189505 0.875723 -0.444069 -0.490107 -0.307529 -0.815611
-0.606205 -32.748244 -7375.146964 -2035.654449 -0.816110 0.498784 0.291854 0.374036 0.840883 -0.391169 -0.440524 -0.210073 -0.872816
0.273263 -27.292386 -6744.590075 -4812.863398 -0.796905 0.536025 0.278603 0.363199 0.793645 -0.488072 -0.482731 -0.287759 -0.827143
2.309701 -58.682681 -152.368380 1610.921686 0.896582 -0.219469 0.384674 -0.112686 0.726944 0.677387 0.428302 0.650681 -0.627034
2.539660 -56.489502 -161.961137 -115.790769 0.890682 -0.190171 0.412941 -0.218183 0.618066 0.755242 0.398850 0.762778 -0.509008
2.419081 -54.675259 -305.076127 -142.096030 0.893726 -0.177934 0.411818 -0.227812 0.610798 0.758305 0.386466 0.771534 -0.505351
-10.882157 -69.684140 -178.014061 -844.835735 0.932953 -0.359334 -0.021865 0.241753 0.580355 0.777653 0.266748 0.730799 -0.628314
10.651423 -107.683947 -351.845941 1385.419798 0.954020 -0.277192 -0.114064 -0.001556 0.375954 -0.926637 -0.299739 -0.884208 -0.358236
-13.238994 -47.084429 4532.635744 -2172.572054 0.250693 0.681613 -0.687428 0.606620 -0.664004 -0.437163 0.754430 0.307414 0.579941
-10.428483 -50.660296 6285.353419 -1685.003764 0.181389 0.738355 -0.649562 0.551426 -0.623274 -0.554489 0.814265 0.257607 0.520203
3.764165 -49.127343 7263.887036 -1390.216853 0.199285 0.707416 -0.678121 0.628635 -0.623137 -0.465314 0.751733 0.333561 0.568889
-20.867152 -47.248371 4218.784090 -1451.879539 0.242145 0.717364 -0.653264 0.550273 -0.656080 -0.516487 0.799103 0.234409 0.553613
-6.837429 -44.906382 4113.303373 -1756.929696 0.255249 0.676458 -0.690835 0.661380 -0.643347 -0.385592 0.705283 0.358482 0.611609
-21.702747 -45.870730 2834.208766 2472.764320 0.343703 0.616922 -0.708008 -0.572561 0.735261 0.362719 0.744340 0.280710 0.605937
-17.039083 -42.894758 1974.231147 2286.618997 0.400114 0.557285 -0.727559 -0.605897 0.756479 0.246229 0.687603 0.342306 0.640335
11.802075 -93.942459 -828.741547 -3375.133808 0.356772 0.914638 -0.190134 0.927753 -0.323043 0.186861 0.109489 -0.243064 -0.963811
7.305605 -97.000376 -240.870783 4906.358198 0.309196 0.928823 -0.204170 -0.900227 0.216654 -0.377693 0.306576 -0.300580 -0.903141
10.988356 -102.213228 -2879.141160 1766.922159 0.350292 0.906221 -0.236769 0.936638 -0.339462 0.086453 -0.002028 -0.252051 -0.967712
7.443738 -91.445559 1029.373915 5358.931393 0.358663 0.920794 -0.153293 -0.891691 0.289382 -0.348058 0.276130 -0.261526 -0.924855
10.423405 -86.617103 1798.840218 -2753.284176 0.424947 0.895491 -0.132350 0.898495 -0.399471 0.182017 0.110125 -0.196263 -0.974348
17.564182 -93.998381 2092.853439 2608.571356 0.425559 0.891147 -0.157344 0.904930 -0.419111 0.073804 -0.000175 -0.173793 -0.984782
15.165911 -101.472537 -3599.448858 2769.750237 0.387519 0.895953 -0.217018 0.921039 -0.386238 0.050080 -0.038951 -0.219289 -0.974882
1168.694308 -185.823854 685297.887681 -48941.583818 0.286194 0.837462 0.465564 -0.741224 -0.114402 0.661437 -0.607190 0.534386 -0.588006
406.949544 -44.473358 203043.282762 554.809203 0.291520 0.919045 0.265278 -0.671935 -0.000636 0.740610 -0.680822 0.394153 -0.617353
663.308190 -54.742330 292738.863300 3017.485247 0.236483 0.935372 0.262973 -0.716395 -0.014986 0.697534 -0.656395 0.353348 -0.666552
-5.313459 -113.361524 1486.892616 -3040.658960 0.615042 0.772765 -0.156708 0.787645 -0.611343 0.076644 -0.036575 -0.170570 -0.984667
-2.865476 -117.243589 531.234443 -5643.960103 0.611979 0.774491 -0.160145 0.786574 -0.617130 0.021262 -0.082363 -0.138978 -0.986864
-5.138268 -132.498181 217.728464 -13791.661113 0.567780 0.800140 -0.193395 0.816585 -0.517784 0.255125 0.103999 -0.302778 -0.947370
-2.843296 -113.725274 360.098134 -1698.336596 0.633517 0.757049 -0.159792 -0.750939 0.651357 0.108746 -0.186407 -0.051102 -0.981143
-8.271536 -107.153547 733.950990 -4419.674588 0.594583 0.781822 -0.187685 0.800120 -0.552339 0.233944 0.079237 -0.289270 -0.953962
-4.717832 -102.630764 -914.069923 5050.475483 0.643121 0.743592 -0.182938 0.765398 -0.631595 0.123510 -0.023701 -0.219452 -0.975335
-2.483084 -109.409599 -659.077654 -3256.955108 0.648945 0.741188 -0.171785 -0.746407 0.663961 0.045072 -0.147466 -0.098972 -0.984103
21.894800 -115.225570 -3303.079389 -25565.384364 0.545242 0.804031 -0.237159 0.788328 -0.588005 -0.181077 0.285042 0.088228 0.954446
-14.339879 -53.511148 -416.795493 781.167351 -0.168222 0.910247 0.378355 0.985212 0.142579 0.095023 0.032549 0.388745 -0.920770
1.306268 -49.810446 2383.810049 -2343.220489 -0.257249 0.886309 0.385070 0.960660 0.277714 0.002566 -0.104665 0.370582 -0.922884
-19.803557 -52.405980 -61.623124 1013.090660 -0.063942 0.928342 0.366187 0.994701 0.029687 0.098430 0.080506 0.370541 -0.925321
-10.157078 -51.984161 -911.196018 -328.697429 -0.049300 0.931335 0.360812 0.996332 0.071154 -0.047531 -0.069940 0.357145 -0.931427
-9.695696 -149.095123 410.296798 -23985.978249 0.494762 0.847486 -0.192298 0.682640 -0.515946 -0.517496 0.537786 -0.124767 0.833798
-12.473075 -223.885226 434.695890 -65827.728297 0.524749 0.827970 -0.197748 0.600033 -0.524544 -0.603999 0.603820 -0.198292 0.772063
-11.397986 -216.946122 957.271883 -60379.925414 0.510285 0.831295 -0.220359 0.552440 -0.513222 -0.656820 0.659105 -0.213430 0.721130
-5.583638 -411.921954 6779.675185 -55816.220957 0.162266 0.863496 -0.477540 -0.551539 -0.321926 -0.769524 0.818214 -0.388250 -0.424014
-12.392386 -295.511297 7342.914287 -26274.014720 0.220837 0.871352 -0.438151 -0.162825 -0.409999 -0.897434 0.961623 -0.269529 -0.051335
-20.237164 -47.864150 -1246.352102 636.291770 0.015811 0.947288 0.319992 0.981162 -0.076325 0.177470 0.192539 0.311158 -0.930650
-19.855525 -46.701466 -4031.104562 545.229064 -0.151631 0.945965 0.286631 0.937139 0.045380 0.345992 0.314289 0.321077 -0.893382
-11.783120 -43.229756 -5195.039646 1520.016141 0.018291 0.968638 0.247802 0.989499 -0.053079 0.134443 0.143379 0.242740 -0.959437
-46.897336 -82.171654 4642.218731 -3734.373970 0.855280 0.440794 0.272390 -0.517466 0.753890 0.404819 0.026910 0.487186 -0.872883
-40.973736 -79.466291 5491.414724 -2077.403056 0.900333 0.327072 0.287097 -0.429823 0.771669 0.468806 0.068211 0.545482 -0.835342
-0.396866 -86.632004 445.042938 454.471711 -0.888029 0.320974 -0.329213 0.353105 0.934676 -0.041192 0.294486 -0.152826 -0.943357
1.044556 -83.831761 433.026037 1851.188088 -0.889433 0.311627 -0.334361 0.265196 0.947663 0.177782 0.372263 0.069453 -0.925525
0.114747 -82.086384 313.625753 2324.352591 -0.891918 0.303316 -0.335384 0.248953 0.948524 0.195767 0.377499 0.091114 -0.921517
-24.322932 -49.461430 -137.455039 505.199988 -0.121466 0.928400 0.351169 0.958618 0.017947 0.284130 0.257483 0.371149 -0.892161
19430.231335 -578.593255 13822546.196275 606049.051710 0.737456 0.346614 0.579670 -0.420600 -0.435842 0.795699 -0.528445 0.830602 0.175629
-514.642018 -2614.469137 302656.133845 -1305827.173928 -0.026485 -0.172577 0.984640 0.887670 0.448914 0.102558 -0.459718 0.876751 0.141302
-879.803255 -1957.542216 393153.477586 -355736.473526 -0.066088 0.142289 0.987616 0.651310 0.755993 -0.065335 -0.755928 0.638927 -0.142636
-157.077787 -312.060289 -38656.861132 65158.040763 -0.461927 -0.732437 0.500159 0.812731 -0.123781 0.569339 -0.355095 0.669488 0.652452
-184.178869 -466.226942 -46520.925707 169345.027079 -0.466542 -0.676305 0.570043 0.880415 -0.416940 0.225899 0.084897 0.607266 0.789950
-71.505820 -466.278841 -23040.998740 131816.674143 -0.496101 -0.554208 0.668384 0.865375 -0.252851 0.432658 -0.070781 0.793045 0.605038
-421.601061 -435.886535 121969.880806 -116232.971818 0.873536 -0.310310 0.375024 -0.437399 -0.838470 0.325039 -0.213584 0.447969 0.868163
-77.310444 -285.435104 -21353.171528 -9032.815676 -0.484491 -0.593882 0.642317 0.704534 0.170347 0.688922 -0.518555 0.786311 0.335879
-212.626324 -295.872383 49836.590699 -2699.213179 0.311161 0.839939 -0.444614 0.678576 0.131182 0.722721 -0.665367 0.526587 0.529144
-121.605063 -379.288892 26130.594809 -82827.102832 0.381501 0.714813 -0.586088 0.516834 0.360726 0.776376 -0.766381 0.599098 0.231822
-39.261851 -56.271921 2876.727375 -2705.433630 -0.237830 0.694529 -0.679018 0.954347 0.297156 -0.030322 0.180715 -0.655231 -0.733495
-43.654110 -61.241963 1697.950157 -1054.504735 0.004839 0.706239 -0.707957 0.947918 0.222235 0.228175 0.318479 -0.672189 -0.668381
-2.876607 -37.288662 246.442776 -3383.410769 0.866342 -0.365032 0.340888 0.494290 0.528755 -0.689997 -0.071625 -0.766270 -0.638514
-3.356288 -27.312971 -3127.881693 -3430.168839 0.797041 -0.439821 0.413864 0.592484 0.436704 -0.676944 -0.116998 -0.784760 -0.608657
11.037164 -46.346927 -5821.591439 1611.015691 0.648772 -0.564587 -0.510233 -0.414832 0.299721 -0.859117 -0.637973 -0.769031 0.039758
10.042135 -49.977218 -5538.731555 927.668678 0.638873 -0.560270 -0.527200 -0.502150 0.215474 -0.837506 -0.582827 -0.799793 0.143679
17.151515 -51.518777 -5870.440548 1826.208586 0.630989 -0.548618 -0.548517 -0.578733 0.137986 -0.803759 -0.516644 -0.824608 0.230435
15.031142 -49.003535 -1241.409121 -1274.802034 0.667456 -0.534281 -0.518697 0.724434 0.627096 0.286261 0.172329 -0.566828 0.805611
20.911829 -49.391338 -5742.987201 -775.955909 0.666607 -0.534140 -0.519932 0.701231 0.685921 0.194386 0.252803 -0.494172 0.831796
16.841942 -50.576551 -5499.189174 -672.265915 0.671294 -0.528435 -0.519732 -0.658631 -0.746909 -0.091283 0.339955 -0.403589 0.849439
-8.734881 -60.050507 1137.875011 208.548823 -0.554371 0.675217 0.486575 0.810065 0.571904 0.129306 -0.190965 0.465841 -0.864016
-11.476365 -62.224278 961.957958 -308.831799 -0.565884 0.681482 0.464066 0.794725 0.600710 0.086947 -0.219515 0.418007 -0.881523
-10.582150 -60.130058 410.800407 -1417.591787 -0.602496 0.657443 0.452511 0.718450 0.693687 -0.051262 -0.347603 0.294221 -0.890284
8.425065 -102.695827 -148.196579 3210.343725 0.439926 -0.806454 -0.395092 0.847289 0.226943 0.480207 -0.297601 -0.546012 0.783137
-0.742273 -97.993888 -43.906842 -11144.858167 -0.554310 0.741925 0.377209 -0.470265 -0.653115 0.593542 -0.686725 -0.151618 -0.710930
-2.539965 -119.641018 108.753199 -12033.748158 -0.544639 0.757649 0.359634 -0.306525 -0.578976 0.755532 -0.780647 -0.301256 -0.547572
2.146630 -81.899151 841.016288 -2327.948975 -0.404204 0.779056 0.479261 -0.679008 -0.606640 0.413445 -0.612835 0.158306 -0.774191
1.196373 -74.390544 717.922077 -3708.332660 -0.423197 0.761134 0.491507 -0.781662 -0.581029 0.226738 -0.458158 0.288238 -0.840839
-0.573676 -65.907580 462.798313 2984.603125 -0.432493 0.757420 0.489146 0.839149 0.536585 -0.088918 -0.329817 0.372010 -0.867657
7.503356 -132.626240 -2467.286628 -27155.357353 -0.610342 0.689907 0.389243 0.226421 -0.318940 0.920332 -0.759089 -0.649850 -0.038454
6.116713 -143.954273 3007.574379 8803.775111 0.600882 -0.671463 -0.433679 -0.418490 0.197986 -0.886379 -0.681033 -0.714100 0.162034
5.939885 -132.362699 -874.213703 -4774.620239 0.581932 -0.685471 -0.437590 -0.531002 0.087271 -0.842865 -0.615948 -0.722851 0.313200
6.672581 -110.118001 491.818376 3153.745492 -0.621262 0.689736 0.371884 0.624188 0.722506 -0.297279 -0.473732 0.047438 -0.879390
5.220451 -117.099187 495.186948 -7906.834323 -0.577927 0.736216 0.352117 -0.578610 -0.673924 0.459388 -0.575509 -0.061754 -0.815460
9.441036 -134.319242 1105.335468 -5867.591521 -0.592760 0.732428 0.334940 -0.591238 -0.678129 0.436553 -0.546876 -0.060742 -0.835007
-0.986363 -112.142470 -1572.970394 3566.621331 -0.472297 0.783184 0.404424 0.627302 -0.023669 0.778416 0.619215 0.621340 -0.480114
1.364249 -104.012658 -2314.481345 -5261.683504 -0.428063 0.780760 0.455166 -0.508417 0.208347 -0.835526 0.747178 0.589072 -0.307767
-7.222841 -96.911103 -788.753181 -4524.104699 -0.482210 0.776780 0.405075 -0.360400 0.245550 -0.899899 0.798489 0.579929 -0.161544
10.824144 -157.563937 -3481.800144 17984.593826 -0.444680 0.759248 0.475186 0.139172 -0.465513 0.874030 -0.884811 -0.454797 -0.101338
9.540064 -154.930411 66.075737 12429.490882 -0.419301 0.753667 0.506135 0.101669 -0.515022 0.851126 -0.902136 -0.408336 -0.139324
11.400353 -151.894336 -2155.310772 215.029130 -0.447563 0.744788 0.494953 0.282233 -0.407549 0.868475 -0.848547 -0.528389 0.027800
16.583869 -146.558149 -3076.155617 302.751083 -0.438668 0.768241 0.466237 0.309557 -0.357887 0.880960 -0.843650 -0.530776 0.080821
10.429351 -165.241706 -1331.107692 22078.933414 -0.391055 0.810974 0.435197 0.127667 -0.420483 0.898274 -0.911470 -0.406835 -0.060897
14.111226 -133.880307 1719.931922 -9604.890438 -0.398523 0.823040 0.404703 0.412034 -0.233558 0.880726 -0.819394 -0.517741 0.246043
20.218400 -141.172410 779.853766 -11556.467432 -0.406735 0.800088 0.440937 0.451335 -0.243656 0.858445 -0.794269 -0.548170 0.262004
42.113630 -105.077039 3133.396047 -5329.173798 -0.043725 0.951382 0.304895 0.168458 0.307838 -0.936407 0.984738 -0.010417 0.173728
4.683303 -355.502292 1770.971835 60016.241337 -0.358947 0.885237 0.295824 0.882947 0.424807 -0.199860 0.302592 -0.189458 0.934101
-0.444683 -329.853440 1259.622728 47661.637579 -0.328532 0.889077 0.318762 0.720636 0.454120 -0.523888 0.610533 -0.057597 0.789894
-0.476307 -386.480752 8013.823994 59171.982127 0.334268 -0.881206 -0.334277 0.942151 0.303092 0.143130 -0.024811 -0.362783 0.931543
7.248455 -325.832301 -3826.847839 46040.593332 -0.285378 0.893024 0.347947 0.883220 0.386006 -0.266310 0.372131 -0.231315 0.898895
3.976201 -51.538516 7150.204248 -306.945551 0.805719 -0.464065 -0.368050 -0.588500 -0.556970 -0.586048 -0.066972 -0.688787 0.721864
