16328
32642
-26.801382 -40.233463 -189.847648 2573.373661 0.633609 0.642976 -0.430257 0.668432 -0.174952 0.722905 0.389536 -0.745636 -0.540637
-27.728459 -45.498334 383.673412 1697.716132 0.559040 0.630556 -0.538399 0.783705 -0.189845 0.591410 0.270705 -0.752567 -0.600301
-33.569750 -48.719364 -511.924888 -1315.960579 0.761492 0.573339 -0.302344 -0.597665 0.440561 -0.669853 0.250852 -0.690788 -0.678148
-25.733644 -40.788306 28.255308 2295.299767 0.368384 0.585315 -0.722288 0.880577 0.029458 0.472987 0.298124 -0.810271 -0.504563
-32.149083 -54.408314 -596.187738 -4197.952691 0.887404 0.458083 -0.051708 -0.325684 0.543597 -0.773584 0.326258 -0.703322 -0.631580
-18.835401 -51.110428 1739.859904 -6089.885212 0.800855 0.596567 -0.052337 -0.344207 0.387032 -0.855411 0.490054 -0.703074 -0.515299
-23.962309 -33.511421 511.130897 -3420.199641 0.635972 0.677736 -0.369071 -0.567240 0.086275 -0.819021 0.523238 -0.730227 -0.439307
-21.896697 -32.835608 -30.171981 1736.045158 0.279636 0.584043 -0.762035 0.856641 0.206636 0.472724 0.433555 -0.784981 -0.442532
65.452560 -73.120366 -5653.650831 5671.696365 0.928571 0.041908 0.368781 0.359709 0.143234 -0.922005 0.091461 -0.988801 -0.117928
50.914014 -73.701139 -7095.785550 -1533.085467 0.929255 -0.025854 0.368533 0.361047 -0.147847 -0.920753 -0.078291 -0.988672 0.128053
65.872317 -71.482124 -1956.247006 444.805963 0.895732 0.243333 0.372094 0.403394 -0.092953 -0.910293 0.186917 -0.965478 0.181420
45.651672 -74.378355 -8681.129884 6489.652733 0.947592 -0.162971 0.274789 0.302246 0.178605 -0.936348 -0.103519 -0.970330 -0.218502
61.008569 -66.900522 -8526.607679 7189.889684 0.942492 -0.090893 0.321631 0.333810 0.304110 -0.892238 0.016713 -0.948291 -0.316962
-26.021174 -52.316566 533.611101 -2033.512037 0.518603 0.692675 -0.501250 -0.495109 0.721243 0.484434 0.697079 -0.003055 0.716988
-24.756760 -46.403976 -949.091672 -1680.786584 0.541092 0.639986 -0.545562 -0.375561 0.764344 0.524149 0.752445 -0.078722 0.653934
-25.711063 -49.628546 -824.111880 -385.245154 0.465611 0.699343 -0.542334 -0.529152 0.711202 0.462806 0.709369 0.071490 0.701203
-24.541573 -46.911389 741.178646 -2771.670638 0.590479 0.624703 -0.510961 -0.331627 0.765012 0.552070 0.735770 -0.156538 0.658892
-26.109648 -50.994351 592.856089 -650.569826 0.454233 0.745683 -0.487472 0.653737 -0.650724 -0.386247 0.605228 0.143232 0.783061
-27.787011 -54.076262 1883.830068 460.736862 0.524777 0.732488 -0.433672 0.611893 -0.678769 -0.406028 0.591774 0.052287 0.804407
-28.114099 -55.641518 1856.150931 -4113.275490 0.577055 0.682615 -0.448379 -0.444770 0.723118 0.528470 0.684973 -0.105530 0.720885
0.000178 -20.210058 -3165.619100 922.586512 0.433616 0.839116 -0.328423 -0.492097 -0.084809 -0.866399 0.754863 -0.537301 -0.376152
4.006874 -23.053307 -3647.629905 255.606136 0.470195 0.847502 -0.246287 -0.389513 -0.051136 -0.919600 0.791957 -0.528323 -0.306069
10.495351 -20.648775 -4276.382885 1341.603873 0.464192 0.841883 -0.275243 -0.491055 -0.014013 -0.871016 0.737151 -0.539478 -0.406906
6.686315 -16.634080 -4702.928608 1533.565588 0.425612 0.829029 -0.362719 -0.575919 -0.061012 -0.815227 0.697977 -0.555867 -0.451486
-4.290587 -16.856355 -2809.090422 1284.624409 0.355420 0.828361 -0.433006 -0.596646 -0.155536 -0.787288 0.719507 -0.538169 -0.438958
41.581935 -20.618342 1445.639146 -3417.281521 -0.447216 0.879398 0.163269 -0.764664 -0.281216 -0.579833 0.463990 0.384156 -0.798209
33.775289 -26.172661 2540.362413 3608.131786 -0.534855 0.801978 0.266008 0.764955 0.325894 0.555551 0.358849 0.500624 -0.787784
38.148816 -37.336819 724.087384 -6096.255758 -0.423442 0.892723 0.154082 -0.802321 -0.290571 -0.521392 0.420687 0.344403 -0.839291
34.589571 -35.224614 -1226.553526 -6895.522432 -0.315221 0.944770 0.089702 -0.804512 -0.215890 -0.553310 0.503385 0.246581 -0.828132
40.596836 -18.864284 -269.195768 -4538.473150 -0.346970 0.933024 0.095273 -0.765625 -0.223109 -0.603357 0.541691 0.282290 -0.791760
-9.520816 -30.626194 -1117.261926 -422.909465 0.816796 -0.416175 -0.399552 0.401681 0.907352 -0.123954 0.414121 -0.059248 0.908292
-14.734484 -31.296108 295.703267 -425.161606 0.844766 -0.171934 -0.506764 0.223956 0.973651 0.042992 0.486019 -0.149811 0.861012
-8.587006 -31.659137 -798.795613 -309.667498 0.820511 -0.361187 -0.443065 0.298154 0.931716 -0.207386 0.487716 0.038061 0.872172
6.328329 -31.155108 -3565.581738 -313.835622 0.790707 -0.554874 -0.258645 0.466703 0.819773 -0.331905 0.396195 0.141729 0.907162
1.770388 -35.181296 -135.718213 -205.609001 0.567974 0.485462 -0.664630 0.679870 0.178396 0.711302 0.463877 -0.855863 -0.228727
2.038941 -33.458118 107.304784 -179.925138 0.556801 0.510792 -0.655029 0.672113 0.186327 0.716621 0.488094 -0.839270 -0.239563
1.944266 -34.199537 65.020232 490.763219 0.590404 0.512476 -0.623531 0.715214 0.025809 0.698428 0.374021 -0.858313 -0.351293
9.617615 -52.522343 1195.904312 676.194215 0.463863 0.374905 -0.802669 0.082281 0.883894 0.460393 0.882078 -0.279604 0.379158
16.967327 -51.299328 1658.289556 123.789026 0.490012 0.384666 -0.782253 -0.070385 0.911901 0.404329 0.868869 -0.143067 0.473917
10.681366 -49.795273 1467.103549 177.315525 0.444978 0.331325 -0.831996 -0.024862 0.933255 0.358353 0.895196 -0.138774 0.423516
-1.687360 -69.662938 98.570572 -2861.751270 -0.431392 0.748750 0.503264 0.390600 0.657859 -0.643936 0.813224 0.081214 0.576256
-1.637458 -68.061811 451.303770 -2683.827565 -0.431955 0.758908 0.487313 0.447352 0.649456 -0.614884 0.783129 0.047602 0.620035
-2.031708 -78.960786 362.773009 -5148.191643 -0.435244 0.752445 0.494358 0.283490 0.635704 -0.717992 0.854515 0.172357 0.489997
-1.945539 -83.398347 260.829149 -5752.455118 -0.442248 0.742254 0.503464 0.211964 0.631937 -0.745471 0.871486 0.222967 0.436804
-3.214404 -90.862712 134.248132 -5504.055541 -0.428078 0.750543 0.503423 0.083426 0.587482 -0.804925 0.899883 0.302573 0.314103
-3.585344 -86.026906 -25.782685 -4269.629576 -0.406786 0.769416 0.492468 0.138262 0.584731 -0.799358 0.903000 0.257078 0.344241
8.423190 -19.501987 225.689544 -1033.235770 -0.904982 -0.357879 -0.230064 -0.315904 0.927456 -0.200075 0.284977 -0.108386 -0.952387
4.856204 -16.068258 1614.771442 -831.519405 -0.924157 -0.331214 -0.190344 -0.281182 0.927063 -0.247972 0.258593 -0.175644 -0.949884
9.029821 -15.656927 508.310078 -1142.466948 -0.911640 -0.343403 -0.225802 -0.280359 0.921347 -0.269292 0.300517 -0.182192 -0.936213
38.809947 -24.934835 10440.321154 -2685.540645 -0.809991 -0.434449 0.393914 -0.504177 0.858964 -0.089367 -0.299533 -0.270989 -0.914792
53.943318 -36.305833 -4001.501366 -6611.346549 0.836142 0.488541 -0.249389 -0.528539 0.839181 -0.128148 -0.146677 -0.238961 -0.959887
49.681125 -34.606488 4171.144702 -1029.339959 -0.819360 -0.518300 0.244978 -0.527821 0.848809 0.030461 -0.223727 -0.104346 -0.969050
33.946840 -23.775723 10794.864275 1977.119280 -0.757528 -0.510193 0.407251 -0.503285 0.853760 0.133407 -0.415758 -0.103904 -0.903520
50.792989 -34.250577 6535.842877 7783.867528 -0.783571 -0.558396 0.272415 -0.508703 0.828335 0.234695 -0.356704 0.045322 -0.933118
59.167390 -41.444063 -1494.266886 7239.385470 -0.818445 -0.567829 0.087849 -0.539314 0.811916 0.223459 -0.198212 0.135511 -0.970746
18.426530 -31.277638 931.790630 -17.115658 0.787070 0.540244 0.297755 -0.005491 0.488809 -0.872374 0.616840 -0.684984 -0.387693
21.366944 -31.703885 1821.249283 -80.313248 0.771801 0.562399 0.296700 0.075676 0.382050 -0.921038 0.631345 -0.733311 -0.252307
22.472800 -31.332348 -754.295096 45.273696 0.752979 0.603957 0.261264 0.010347 0.386115 -0.922393 0.657963 -0.697246 -0.284487
14.932106 -29.968213 -870.798500 406.305495 -0.784194 -0.545166 -0.296367 -0.105713 0.588007 -0.801918 0.611444 -0.597529 -0.518743
14.407046 -29.889900 511.744101 319.545977 0.823587 0.480437 0.301471 -0.060316 0.602689 -0.795693 0.563974 -0.637139 -0.525345
20.771631 -30.591331 -1353.510626 155.652968 0.758155 0.594544 0.267805 -0.070674 0.483199 -0.872653 0.648234 -0.642679 -0.408359
-6.055499 -115.275377 -697.617812 -8881.450071 -0.306847 0.902414 0.302480 0.047613 0.331968 -0.942088 0.950567 0.274675 0.144830
-5.292548 -124.407115 -425.093756 -1513.082674 -0.312192 0.908417 0.278055 -0.281497 0.191086 -0.940343 0.907356 0.371840 -0.196061
-3.785850 -114.640182 49.298396 -6709.246897 -0.332147 0.899597 0.283557 -0.095780 0.266902 -0.958952 0.938352 0.345672 0.002487
-3.810098 -103.184288 87.810307 -8441.406442 -0.332663 0.896859 0.291513 0.127722 0.349118 -0.928334 0.934357 0.271589 0.230687
-2.960149 -106.899064 1275.005197 -7494.112468 -0.388965 0.879518 0.274143 0.061863 0.321841 -0.944771 0.919173 0.350523 0.179595
-2.624512 -113.900915 1294.119827 -5198.113189 -0.390850 0.880619 0.267854 -0.161718 0.220778 -0.961824 0.906137 0.419246 -0.056121
3.977268 -77.118412 -318.712612 -1678.845115 -0.339592 0.760442 0.553539 -0.499970 0.352540 -0.791041 0.796685 0.545384 -0.260478
4.029771 -79.500367 -195.740226 -510.652708 -0.347400 0.757357 0.552923 -0.625960 0.251740 -0.738106 0.698203 0.602526 -0.386621
2.952657 -78.598637 -531.757262 -285.839238 -0.330021 0.772608 0.542369 -0.534932 0.320335 -0.781814 0.777775 0.548145 -0.307575
2.393639 -76.388640 -438.845702 -636.277269 -0.334200 0.775290 0.535944 -0.398582 0.399030 -0.825777 0.854074 0.489592 -0.175661
0.818706 -79.380468 -572.603025 -879.104187 -0.329235 0.784328 0.525770 -0.422816 0.375415 -0.824797 0.844293 0.493856 -0.208027
1.037621 -79.913838 -735.134830 535.381674 -0.323186 0.783551 0.530658 -0.566005 0.289349 -0.771956 0.758412 0.549841 -0.349980
9.396217 -38.794901 1766.234661 -2634.959174 -0.395479 0.810718 0.431661 0.636754 0.580709 -0.507268 0.661921 -0.074248 0.745887
17.962833 -39.488474 3678.051828 -3121.154040 -0.342500 0.854537 0.390463 0.626053 0.517468 -0.583340 0.700537 -0.044657 0.712217
14.221652 -34.588761 3352.985290 -1878.312189 -0.383265 0.819803 0.425477 0.666526 0.564384 -0.487046 0.639414 -0.096924 0.762729
7.508949 -33.886415 1605.980554 -933.702783 -0.436200 0.771976 0.462366 0.662947 0.623136 -0.414972 0.608466 -0.125514 0.783592
2.388420 -38.830713 728.894849 -1271.686026 -0.469422 0.742151 0.478387 0.641162 0.659009 -0.393214 0.607086 -0.122140 0.785193
-2.023556 -176.386920 -35.343850 6632.425998 -0.217202 0.903446 0.369605 -0.205887 0.327725 -0.922067 0.954167 0.276371 -0.114825
-0.063040 -169.583400 -1031.659112 23066.798890 -0.182104 0.914185 0.362082 -0.501537 0.230377 -0.833899 0.845753 0.333454 -0.416545
-2.107582 -165.138193 645.492858 12717.536337 -0.237362 0.899075 0.367862 -0.430460 0.242128 -0.869528 0.870841 0.364743 -0.329543
-2.208812 -168.257242 338.104159 21285.741167 -0.240468 0.895943 0.373446 -0.578069 0.176881 -0.796586 0.779751 0.407431 -0.475382
-1.970227 -178.134618 182.450233 479.661675 -0.240074 0.897485 0.369980 -0.166376 0.337446 -0.926525 0.956391 0.283991 -0.068308
-10.979474 -1031.038812 -1963.271685 -258735.263332 -0.211643 0.586397 0.781886 0.812611 0.550069 -0.192579 -0.543019 0.594612 -0.592931
-41.944646 -658.522100 -6122.716761 -27243.046199 -0.146947 0.594338 0.790676 0.964913 0.261980 -0.017597 -0.217600 0.760348 -0.611982
-29.648489 -1042.080731 -4799.155581 129918.646565 -0.088999 0.571268 0.815924 0.982273 -0.085345 0.166898 0.164979 0.816314 -0.553546
55.871374 -6927.142440 65816.143111 4508109.042203 -0.303498 0.487078 0.818929 0.882734 0.467289 0.049213 -0.358706 0.737832 -0.571781
-1351.714229 -19347.900765 -48606.828685 854857.912643 -0.085600 0.492389 0.866156 0.776439 -0.511810 0.367686 0.624351 0.703991 -0.338499
194.578505 -871.242946 -73769.415800 -13108.180384 0.130441 -0.347317 -0.928631 0.722200 0.674998 -0.151011 0.679273 -0.650960 0.338880
386.955484 -1690.030371 2663.018070 -6304647.898873 0.336279 -0.243157 -0.909830 0.805087 0.575470 0.143768 0.488621 -0.780839 0.389281
-373.184675 -1438.642791 -111220.705375 -285025.599494 0.103685 -0.471037 -0.875999 0.031372 0.881857 -0.470473 0.994115 0.021299 0.106213
-14.387748 -29.698505 -721.708241 32.816801 -0.429092 0.881510 -0.197031 -0.805003 -0.472145 -0.359234 0.409695 -0.004466 -0.912211
-17.361815 -26.423350 -20.992739 2336.435194 -0.251251 0.966796 -0.046676 -0.922770 -0.253808 -0.289961 0.292180 0.029782 -0.955900
-16.359441 -31.112231 -259.053463 -153.710303 -0.330987 0.940606 -0.075549 -0.857569 -0.333238 -0.391826 0.393730 0.064901 -0.916932
-7.503680 -41.524180 1308.010028 4594.070343 -0.244724 0.959497 0.139557 -0.858670 -0.281321 0.428421 -0.450329 0.014988 -0.892737
-9.241387 -37.861581 1022.745992 734.534303 -0.464945 0.851836 0.241251 -0.690797 -0.519483 0.502928 -0.553738 -0.067178 -0.829977
-7.080338 -37.936932 1444.334404 3146.807070 -0.242704 0.960148 0.138604 -0.843997 -0.279431 0.457807 -0.478293 0.005870 -0.878181
-16.550552 -33.669289 183.964326 -413.212338 0.599905 -0.120769 -0.790904 0.327239 0.939111 0.104813 0.730088 -0.321693 0.602898
-15.366283 -32.726342 728.669738 -383.830867 0.547540 -0.111080 -0.829374 0.394814 0.908183 0.139015 0.737782 -0.403565 0.541122
-14.246907 -33.506864 985.273707 -333.771061 0.545142 -0.073584 -0.835108 0.239751 0.968221 0.071191 0.803330 -0.239027 0.545460
-16.067568 -31.555005 12.061125 -534.833922 0.611561 -0.104227 -0.784303 0.432857 0.873854 0.221393 0.662291 -0.474886 0.579530
-15.808256 -34.251173 322.205521 -204.303997 0.603629 -0.101572 -0.790769 0.169706 0.985490 0.002961 0.778994 -0.135986 0.612108
-16.663534 -34.104321 -376.798818 -345.390695 0.662039 -0.129075 -0.738271 0.256531 0.964584 0.061401 0.704199 -0.230039 0.671703
-16.062186 -32.135001 -446.869831 -497.435324 0.668336 -0.097790 -0.737404 0.359885 0.910087 0.205487 0.651007 -0.402714 0.643436
-34.185615 -47.370005 179.195839 1076.828419 0.412976 0.400709 -0.817853 0.715484 -0.698368 0.019117 -0.563502 -0.593055 -0.575110
-33.546741 -48.893062 -161.855979 -455.198866 -0.392362 -0.359904 0.846476 -0.607152 0.792639 0.055584 -0.690955 -0.492130 -0.529518
-34.748286 -48.599550 92.683816 -792.769415 -0.445736 -0.474178 0.759259 -0.635353 0.765075 0.104816 -0.630592 -0.435677 -0.642292
-88.230727 -1531.446693 131773.908466 -855703.798052 -0.582667 0.658375 0.476488 0.754704 0.655853 0.016673 -0.301529 0.369322 -0.879023
154.881686 -1386.750930 182442.230741 -517855.145167 -0.546651 0.603307 0.580683 0.763967 0.643246 0.050886 -0.342822 0.471440 -0.812538
-117.664941 -1238.314897 153977.235411 -1177372.016614 -0.590703 0.634983 0.497863 0.791385 0.335550 0.510995 0.157415 0.695847 -0.700726
-391.424598 -1849.580231 159419.963265 -239504.735340 -0.577574 0.740932 0.342679 0.816036 0.512599 0.267073 0.022226 0.433893 -0.900690
8.163163 -97.878362 -506.108860 8573.380818 -0.278996 0.672555 0.685443 0.921320 -0.013814 0.388559 0.270796 0.739919 -0.615784
7.532951 -84.335049 -945.831684 6561.232102 -0.193156 0.720567 0.665939 0.899427 -0.141181 0.413642 0.392074 0.678861 -0.620827
12.255968 -73.916493 -476.691527 8028.282005 -0.233956 0.685389 0.689570 0.863116 -0.180067 0.471811 0.447543 0.705562 -0.549443
-43.750484 -72.332454 -10313.970206 23398.512242 0.568909 0.701557 -0.429139 -0.373772 0.685376 0.624943 -0.732555 0.195135 -0.652139
23.021339 -16.896738 10444.594008 3217.378827 -0.703644 -0.269709 0.657375 -0.214837 0.962614 0.164984 -0.677296 -0.025138 -0.735281
6.706393 -17.229574 -4273.518022 -9008.652006 -0.724148 0.433729 0.536180 0.328993 0.900565 -0.284160 -0.606113 -0.029375 -0.794836
-10.298597 -41.206868 1189.875175 6410.118104 -0.090709 0.918269 0.385426 -0.828784 -0.284192 0.482029 -0.552167 0.275711 -0.786826
-71.285000 -234.781080 22647.923052 63274.020077 0.530474 0.829134 0.176448 -0.607365 0.226547 0.761436 -0.591358 0.511091 -0.623764
-763.956832 -1645.585554 100836.251154 362174.811295 0.258697 0.963373 -0.070630 -0.466232 0.188567 0.864332 -0.845993 0.190670 -0.497937
-10.537958 -43.450027 3484.890475 -7007.869077 -0.745918 -0.472701 0.469211 -0.304548 0.868589 0.390902 -0.592332 0.148684 -0.791856
-15.821132 -55.933025 708.879553 -1200.643654 -0.751794 -0.532782 0.388521 -0.204188 0.748343 0.631103 -0.626987 0.395128 -0.671387
-19.044251 -47.030915 -428.476182 -4522.528676 -0.814791 -0.409635 0.410263 -0.176520 0.849336 0.497462 -0.552229 0.332908 -0.764340
-19.554078 -53.594913 -1211.036628 -29.051207 -0.813272 -0.476227 0.334360 -0.145737 0.723006 0.675295 -0.563338 0.500470 -0.657404
7.845922 -13.910355 -430.414950 -657.069824 0.690240 0.631066 0.354011 -0.529067 0.106403 0.841883 -0.493616 0.768397 -0.407320
5.758793 -13.986831 -318.007156 -505.382737 0.623481 0.657244 0.423440 -0.593925 0.045936 0.803208 -0.508452 0.752277 -0.418994
5.366199 -12.047415 -557.356220 -259.429037 0.674056 0.640684 0.367658 -0.568213 0.131682 0.812277 -0.471999 0.756428 -0.452806
22.132574 -27.800198 -242.322334 -51.715117 0.658446 0.564445 0.497846 -0.341150 0.813454 -0.471072 -0.670869 0.140335 0.728176
20.132673 -28.550961 2346.527850 -135.798889 0.729852 0.545230 0.412359 -0.282025 0.789641 -0.544911 -0.622718 0.281409 0.730090
19.351808 -28.340947 2589.359155 226.275854 0.740394 0.540821 0.399161 -0.341564 0.814163 -0.469545 -0.578921 0.211309 0.787527
-4.016417 -35.743910 142.623988 -511.556344 0.857557 0.229342 0.460433 -0.439365 0.792059 0.423793 0.267497 0.565725 -0.780000
-4.736276 -33.604722 120.243795 -515.090031 0.865151 0.242283 0.439105 -0.446029 0.772019 0.452819 0.229288 0.587610 -0.775978
-4.099723 -38.240941 113.512316 -555.042710 0.887598 0.179468 0.424218 -0.424901 0.674599 0.603635 0.177844 0.716036 -0.675029
10.577764 -50.776105 13.433674 -779.965771 0.853246 0.172270 0.492234 -0.056374 0.968802 -0.241338 -0.518452 0.178172 0.836339
11.186142 -47.872807 -116.210154 -8.958202 0.876325 0.193297 0.441239 -0.093908 0.966939 -0.237087 -0.472479 0.166329 0.865505
11.725933 -53.792294 257.868551 3571.033785 0.858113 0.204550 0.470957 -0.138784 0.975481 -0.170807 -0.494349 0.081211 0.865462
9.234432 -52.223764 125.744075 -3726.853599 0.881952 0.142501 0.449281 0.004944 0.950353 -0.311133 -0.471313 0.276626 0.837462
10.622576 -53.716847 -105.677061 1357.789777 0.829445 0.185734 0.526805 -0.128665 0.981268 -0.143380 -0.543568 0.051144 0.837806
8.721970 -57.376174 7.975395 -3920.248084 0.852084 0.120137 0.509431 0.061937 0.943319 -0.326056 -0.519728 0.309380 0.796346
9.414130 -55.670211 -506.899870 -2147.360991 0.817094 0.145764 0.557773 -0.020663 0.974291 -0.224344 -0.576134 0.171785 0.799099
-3.263509 -76.490593 15.492817 2120.564328 0.879750 0.141934 0.453756 -0.468098 0.091542 0.878922 -0.083211 0.985634 -0.146974
-3.622309 -75.860219 37.925187 1767.130848 0.866812 0.157625 0.473066 -0.490041 0.093898 0.866628 -0.092182 0.983025 -0.158635
-4.381626 -72.112547 149.550860 2518.378812 0.884917 0.139088 0.444495 -0.418172 -0.182935 0.889757 -0.205068 0.973237 0.103719
-3.680915 -73.265377 135.170157 2743.994646 0.897815 0.121391 0.423312 -0.400565 -0.174266 0.899544 -0.182966 0.977187 0.107834
-5.444236 -63.896073 174.081759 1658.466383 0.888902 0.143204 0.435139 -0.342440 -0.423222 0.838819 -0.304283 0.894637 0.327164
-4.691378 -64.592782 188.267202 1757.520118 0.905210 0.126165 0.405804 -0.324159 -0.412498 0.851332 -0.274802 0.902180 0.332500
-7.851660 -56.283174 -113.837766 -1498.605934 0.836645 0.111313 0.536316 -0.302396 0.910262 0.282807 -0.456707 -0.398789 0.795227
-8.305865 -57.743249 27.027474 -671.609531 0.857712 0.142480 0.493994 -0.216159 0.971721 0.095044 -0.466483 -0.188302 0.864255
-7.733894 -58.607631 -95.918044 -1047.503542 0.835858 0.114288 0.536917 -0.207695 0.971219 0.116602 -0.508138 -0.208978 0.835538
662.138489 -10.990108 -300848.812349 -2154.222379 0.533031 0.813851 0.231353 -0.261124 0.418324 -0.869954 0.804793 -0.403300 -0.435496
1050.563307 -24.302753 -525785.499345 -23348.017842 0.400771 0.869928 0.287416 -0.241813 0.403026 -0.882665 0.883691 -0.284246 -0.371881
352.959433 -30.940942 -130268.236152 -6987.893788 0.570211 0.766685 0.295049 -0.247706 0.502906 -0.828086 0.783263 -0.399098 -0.476675
9.793094 -35.221858 6880.810395 387.275162 -0.822502 -0.542099 -0.172099 -0.473474 0.820263 -0.320921 0.315138 -0.182474 -0.931338
53.291796 -38.218922 22078.102112 1305.956860 -0.769859 -0.634298 -0.070591 -0.540349 0.706667 -0.456777 0.339617 -0.313510 -0.886776
44.016977 -32.601873 17992.331416 451.869661 -0.770179 -0.630541 -0.096131 -0.572786 0.750047 -0.330675 0.280607 -0.199617 -0.938836
-0.236782 -75.796305 439.411445 -4064.643876 0.840322 0.510167 -0.183272 -0.538204 0.825569 -0.169624 -0.064767 -0.241177 -0.968318
-0.869089 -78.081439 -95.561034 -3352.616462 0.848316 0.489660 -0.201477 -0.518543 0.845257 -0.129047 -0.107111 -0.213947 -0.970955
0.237298 -84.748876 -370.940674 -3413.827620 -0.849822 -0.494109 0.183464 -0.499825 0.865960 0.016987 -0.167266 -0.077263 -0.982880
1.126608 -84.238077 457.446365 -4028.015573 0.841541 0.506460 -0.187904 -0.523072 0.850863 -0.049275 -0.134925 -0.139754 -0.980951
1.081446 -94.194298 -261.659691 -4018.551696 -0.852186 -0.485947 0.193999 -0.462639 0.872984 0.154483 -0.244428 0.041897 -0.968762
0.233672 -94.592833 -355.189911 -3722.766110 -0.856611 -0.481324 0.185861 -0.441137 0.870051 0.220023 -0.267611 0.106485 -0.957625
-3.832687 -93.732250 -707.223886 4101.157013 0.924464 0.374200 -0.073082 -0.198150 0.307786 -0.930593 0.325735 -0.874781 -0.358685
-1.270365 -98.149340 -631.306389 1888.661459 0.931979 0.358461 -0.054049 -0.118029 0.159074 -0.980186 0.342760 -0.919892 -0.190562
-2.228904 -92.632143 -862.029085 4016.294128 0.926577 0.365699 -0.087862 -0.223912 0.348668 -0.910107 0.302190 -0.862957 -0.404952
1.310247 -28.875703 936.704372 460.255089 0.902955 0.422114 0.080574 0.311261 -0.771693 0.554623 -0.296292 0.475720 0.828192
-0.029195 -28.366830 518.328874 821.291691 0.908984 0.400773 0.114584 0.294812 -0.812463 0.502981 -0.294676 0.423421 0.856669
3.177410 -26.373899 1940.067202 290.611069 0.913460 0.399090 0.079485 0.313396 -0.814542 0.488164 -0.259565 0.421008 0.869125
0.183027 -28.670447 -123.596678 470.100055 0.917170 0.369988 0.148015 0.273493 -0.854579 0.441471 -0.289830 0.364423 0.884983
-0.136485 -26.865957 789.966317 -204.765267 0.937365 0.315428 0.147827 0.238703 -0.890687 0.386908 -0.253709 0.327387 0.910192
-4.037300 -65.930162 61.741095 3037.886574 0.940999 0.325679 0.091947 0.115562 -0.564621 0.817220 -0.318066 0.758378 0.568944
-4.223713 -69.076566 -682.642073 3793.827442 0.932035 0.340452 0.124112 0.112254 -0.596913 0.794414 -0.344544 0.726490 0.594561
-4.770184 -58.016027 -255.893780 3037.646888 0.939065 0.322136 0.119941 0.143499 -0.684457 0.714792 -0.312355 0.654024 0.688975
0.570612 -99.239786 5.163920 -4919.385191 0.873237 0.486680 0.024478 0.457385 -0.835931 0.303345 -0.168094 0.253696 0.952566
-1.508280 -97.478599 -21.901184 -3455.800976 0.876950 0.479828 0.026892 0.446435 -0.834081 0.324043 -0.177915 0.272164 0.945660
0.491502 -92.840713 -320.676609 -5356.443544 0.858748 0.511414 0.031760 0.434019 -0.758935 0.485433 -0.272361 0.403080 0.873697
1.719524 -97.529570 -576.969009 -5964.393537 0.856801 0.514510 0.034237 0.446349 -0.773263 0.450374 -0.258195 0.370599 0.892184
95.136988 -1513.236755 16213.562458 -384241.766663 0.754241 0.642187 0.136810 -0.497067 0.694592 -0.520064 -0.429005 0.324250 0.843099
-12.695552 -159.654630 -8407.935012 34518.206332 0.962787 -0.259605 0.075147 -0.223454 -0.921046 -0.318972 -0.152021 -0.290310 0.944780
-1835.610706 -2208.104880 304201.502481 -548754.637278 0.365366 -0.660643 0.655788 0.036269 0.714062 0.699142 -0.930157 -0.231658 0.284855
6.095148 -823.415533 -9284.024309 245619.594634 0.928667 -0.361094 -0.084783 -0.302678 -0.605640 -0.735926 -0.214390 -0.709092 0.671733
-19.716335 -131.946318 -16877.733318 26704.085804 0.439620 0.870049 -0.223045 -0.006999 0.251639 0.967796 -0.898156 0.423902 -0.116715
-96.035172 -2465.674359 36961.023898 -451439.757732 -0.680007 0.164258 0.714570 0.002396 0.975075 -0.221861 -0.733202 -0.149155 -0.663451
81.719827 -453.490775 -100303.001869 -86936.062404 -0.015340 0.937247 0.348329 -0.515267 -0.305961 0.800555 -0.856892 0.167202 -0.487626
-2816.578703 -5920.385408 868199.123384 -3388456.237312 0.433133 -0.104700 0.895228 -0.304630 0.917778 0.254724 -0.848290 -0.383043 0.365625
615.309346 -32718.301827 173596.600263 -54445061.568124 -0.302843 -0.309524 0.901377 -0.417192 0.893413 0.166622 -0.856876 -0.325587 -0.399695
-1013.215102 -4371.682572 188416.822312 -16586.710695 0.942337 0.232622 -0.240598 -0.234446 -0.054170 -0.970619 0.238821 -0.971057 -0.003491
-216.360060 -3812.798229 -49049.468697 3607150.951070 -0.859638 -0.403371 0.313551 -0.320026 0.903535 0.284972 -0.398253 0.144628 -0.905802
-0.342927 -11.252835 -281.183778 -916.363900 0.399739 0.847672 -0.348800 -0.768561 0.517322 0.376420 -0.499522 -0.117604 -0.858281
-0.567008 -13.200142 94.085239 -691.994137 0.467557 0.797580 -0.381125 -0.709081 0.595851 0.377048 -0.527820 -0.093957 -0.844143
-2.423689 -14.365881 -237.328418 -754.540138 0.449386 0.813228 -0.369746 -0.721074 0.574532 0.387254 -0.527357 -0.092587 -0.844584
-6.248822 -68.518931 -315.427761 -3082.007620 0.890279 0.192370 0.412791 0.331054 0.349074 -0.876670 0.312740 -0.917137 -0.247089
-4.832511 -66.624607 -261.053996 -2408.195038 0.887853 0.156735 0.432609 0.352838 0.371553 -0.858751 0.295333 -0.915086 -0.274582
-4.509136 -68.084028 -393.688794 -153.093768 0.889632 0.149600 0.431479 0.282137 0.562898 -0.776881 0.359100 -0.812875 -0.458565
-6.029792 -16.340237 1285.162638 36.338449 0.225715 0.578204 0.784049 0.969521 -0.054594 -0.238848 -0.095298 0.814064 -0.572904
-8.457568 -17.058498 1103.545446 391.481606 0.094216 0.598301 0.795713 0.984426 0.063171 -0.164060 -0.148423 0.798777 -0.583031
-3.777850 -15.471404 1137.773123 335.818371 0.194820 0.574721 0.794821 0.971918 -0.004073 -0.235283 -0.131985 0.818339 -0.559376
-2.244661 -14.561818 912.832728 371.888644 0.177612 0.574902 0.798713 0.966250 0.052006 -0.252301 -0.186586 0.816568 -0.546262
0.949509 -14.164489 558.021760 -287.897581 0.277308 0.598540 0.751565 0.945853 -0.032712 -0.322944 -0.168710 0.800425 -0.575201
-614.683469 -5785.535321 -159937.993454 -4833435.622740 -0.364188 0.862480 -0.351419 -0.069517 -0.401454 -0.913237 0.928727 0.308160 -0.206162
-680.012014 -2698.444903 -286593.925107 704533.955929 -0.371230 0.911907 -0.174970 -0.671927 -0.393877 -0.627196 0.640861 0.115267 -0.758954
-2615.094558 -3356.285470 -620402.849462 -1572690.990049 -0.273691 -0.577822 -0.768905 -0.677284 0.683400 -0.272488 0.682919 0.446190 -0.578391
-772.616806 -2019.696423 -294940.737264 -731851.415508 -0.242265 0.455831 -0.856461 -0.491865 0.703202 0.513396 0.836287 0.545641 0.053847
-1128.789807 -4196.167111 -389289.620166 1945899.526408 -0.170247 0.685572 -0.707818 0.442470 -0.588633 -0.676558 0.880475 0.428370 0.203133
-1531.433985 -2310.282873 -693570.780961 -1948150.137889 -0.522721 0.844585 0.115924 -0.279738 -0.041479 -0.959180 0.805301 0.533812 -0.257944
12.636832 -86.849591 -917.163713 -7969.268293 -0.375292 0.711193 -0.594441 -0.004522 -0.642715 -0.766092 0.926895 0.284820 -0.244422
11.774029 -77.363072 -736.469267 -10546.702452 -0.353065 0.728217 -0.587406 0.120246 -0.587313 -0.800377 0.927839 0.353218 -0.119794
13.222290 -72.095767 -344.666452 -8179.209362 -0.402242 0.695479 -0.595407 0.157352 -0.588146 -0.793300 0.901910 0.412787 -0.127142
-30.256364 -48.920565 910.236949 871.962889 0.597835 0.620425 -0.507608 0.788527 -0.341170 0.511691 0.144285 -0.706170 -0.693186
-28.885082 -47.598964 427.623280 2009.965188 0.476054 0.575977 -0.664548 0.867760 -0.185036 0.461252 0.142706 -0.796249 -0.587897
16.352254 1.835765 -6199.529828 -354.240622 0.153969 0.907265 0.391361 0.237438 0.350505 -0.905963 0.959123 -0.232414 0.161452
8.965054 -14.192875 5464.808785 4837.247052 0.249951 0.782744 -0.569944 0.109616 -0.607719 -0.786550 0.962034 -0.134124 0.237701
10.986343 -6.246697 9465.578181 5492.540502 0.042200 -0.511026 -0.858529 0.253633 0.836624 -0.485520 0.966379 -0.197263 0.164919
9.796917 -12.944373 5456.814790 3691.972056 0.019139 -0.523411 -0.851866 0.283871 0.819803 -0.497333 0.958671 -0.232302 0.164272
14.776044 -20.180242 9876.130702 4223.751515 0.070724 -0.302014 -0.950676 0.234784 0.931327 -0.278401 0.969471 -0.203514 0.136775
-25.272359 -45.690372 -1178.181890 -854.016619 0.470544 0.645655 -0.601430 -0.397078 0.763629 0.509117 0.787983 -0.000748 0.615697
-22.676574 -38.295811 -473.979973 -2349.459732 0.591031 0.569518 -0.571254 -0.201068 0.789843 0.579414 0.781188 -0.227590 0.581333
9.060167 -25.276060 -2602.794267 -557.532973 0.486513 0.860972 -0.148432 -0.273865 -0.011044 -0.961705 0.829640 -0.508532 -0.230417
-3.667696 -24.499992 -3167.227661 -98.790893 0.458526 0.848603 -0.263869 -0.316440 -0.121553 -0.940793 0.830434 -0.514876 -0.212797
16.617803 -24.597080 -2988.607793 872.753957 0.467028 0.867681 -0.170337 -0.403157 0.037497 -0.914362 0.786988 -0.495705 -0.367324
-0.100154 -25.237808 -3213.940522 -115.817418 0.482249 0.848641 -0.217357 -0.236021 -0.113075 -0.965147 0.843641 -0.516742 -0.145767
20.435273 -28.537423 -1432.749465 -198.481195 0.431684 0.901343 -0.035068 -0.287835 0.100801 -0.952360 0.854869 -0.421212 -0.302952
14.637743 -26.094596 -2375.851455 -872.706051 0.474458 0.877485 -0.070065 -0.205006 0.032740 -0.978213 0.856073 -0.478485 -0.195423
8.114090 -24.884466 -2412.098437 -329.857114 0.488547 0.861488 -0.138424 -0.211974 -0.036709 -0.976586 0.846398 -0.506450 -0.164679
22.408665 -26.697509 2936.996822 4619.828876 -0.612215 0.713257 0.341259 0.743911 0.373333 0.554274 0.267936 0.593201 -0.759160
28.367955 -17.825810 3285.438938 1165.753796 -0.586353 0.741653 0.325793 0.747073 0.339617 0.571438 0.313164 0.578456 -0.753205
19.962487 -19.755117 3106.733949 856.868250 -0.624290 0.688622 0.368865 0.737846 0.364676 0.567974 0.256603 0.626746 -0.735761
26.344440 -18.501974 3451.255887 -2158.293181 -0.559961 0.740276 0.372069 0.771755 0.302680 0.559266 0.301393 0.600313 -0.740801
-16.103448 -29.327931 101.572316 -526.981324 0.861123 -0.219481 -0.458579 0.303179 0.945766 0.116657 0.408105 -0.239487 0.880963
-15.611468 -28.874078 542.567764 -559.763241 0.855425 -0.082184 -0.511365 0.235543 0.941050 0.242783 0.461267 -0.328131 0.824356
-14.206063 -30.931801 477.300152 -384.604077 0.821419 -0.087791 -0.563527 0.204034 0.967922 0.146617 0.532579 -0.235413 0.812982
0.902543 -44.741535 -171.657569 -894.352935 0.504225 0.418134 -0.755593 0.544041 0.525693 0.653962 0.670654 -0.740818 0.037586
0.640372 -41.482612 -169.504583 -860.629052 0.505836 0.429981 -0.747828 0.545163 0.512505 0.663428 0.668527 -0.743273 0.024834
1.128808 -39.566729 -320.101057 -819.042487 0.538652 0.446374 -0.714565 0.630564 0.348912 0.693289 0.558787 -0.824021 -0.093525
-1.121734 -60.555420 267.857042 -1257.242544 -0.444199 0.739661 0.505559 0.536158 0.671548 -0.511428 0.717790 -0.043883 0.694875
-1.488158 -60.999238 348.180454 -1919.856742 -0.429306 0.750146 0.502968 0.581313 0.655715 -0.481782 0.691210 -0.085550 0.717572
-2.533674 -68.667710 261.727139 -2839.064363 -0.409988 0.771258 0.486900 0.480297 0.636377 -0.603605 0.775387 0.013614 0.631339
29.702065 -11.924274 -1231.189666 -589.981929 0.232211 0.931214 -0.280925 -0.684497 -0.048747 -0.727385 0.691045 -0.361199 -0.626093
27.869220 -11.510221 727.688735 -439.725764 0.099041 0.968679 -0.227710 -0.708835 -0.091927 -0.699359 0.698387 -0.230674 -0.677529
29.476681 -16.568554 -422.151547 -1920.049834 0.233237 0.941365 -0.243790 -0.699224 -0.011873 -0.714804 0.675786 -0.337182 -0.655456
29.100815 -11.458296 905.021430 634.595960 0.076297 0.973197 -0.216948 -0.692254 -0.104893 -0.713990 0.717609 -0.204658 -0.665697
28.304704 -16.011896 -2377.067575 -1451.074151 0.321979 0.898187 -0.299315 -0.694318 0.009091 -0.719611 0.643625 -0.439519 -0.626554
20.507506 -15.163824 -3030.739130 -1734.748719 0.366908 0.856599 -0.362791 -0.676091 -0.022328 -0.736480 0.638968 -0.515500 -0.570946
24.685680 -11.718855 -2889.755073 -958.957759 0.331476 0.876267 -0.349686 -0.659415 -0.049901 -0.750121 0.674756 -0.479236 -0.561283
30.590020 -11.587394 -880.095025 507.123703 0.260216 0.924068 -0.279974 -0.653994 -0.044641 -0.755182 0.710338 -0.379612 -0.592718
32.585418 -11.392420 107.677560 620.285554 0.159569 0.957947 -0.238487 -0.681792 -0.067771 -0.728400 0.713931 -0.278828 -0.642307
24.143320 -31.019858 1885.006562 -307.175147 0.769844 0.568198 0.290675 0.147215 0.285069 -0.947134 0.621022 -0.771937 -0.135811
25.405933 -30.933813 2805.739909 -286.350086 0.801029 0.509761 0.313841 0.168767 0.310698 -0.935406 0.574343 -0.802253 -0.162847
24.513564 -30.746051 -1735.294406 -224.380724 0.757314 0.604285 0.247618 0.090319 0.278610 -0.956148 0.646775 -0.746469 -0.156417
30.400529 -29.396687 2425.896024 -381.048132 0.787142 0.531725 0.312532 0.238562 0.204806 -0.949285 0.568767 -0.821781 -0.034362
29.565345 -29.229638 -1032.591219 -329.021467 0.758561 0.599311 0.255756 0.191817 0.169729 -0.966643 0.622729 -0.782316 -0.013792
-4.670245 -126.007446 -473.345986 -2075.490265 -0.308629 0.906199 0.289055 -0.221042 0.227241 -0.948421 0.925143 0.356603 -0.130175
-4.008019 -127.698620 -357.019630 4494.522213 -0.311912 0.908830 0.277018 -0.478821 0.101469 -0.872029 0.820635 0.404638 -0.403517
-4.396109 -127.455958 158.605077 5522.167412 -0.326889 0.904876 0.272658 -0.530231 0.063217 -0.845493 0.782303 0.420955 -0.459128
25.875811 -38.236404 4027.233739 -3678.285734 -0.272039 0.874243 0.402112 0.634659 0.477107 -0.607928 0.723327 -0.089824 0.684638
21.363168 -31.838673 3942.164073 -1259.310103 -0.316884 0.847047 0.426727 0.676393 0.517217 -0.524385 0.664889 -0.122466 0.736834
6.445248 -180.722313 -2052.562976 10669.990868 -0.197587 0.903429 0.380494 -0.239325 0.331945 -0.912434 0.950622 0.271347 -0.150625
7.283826 -172.062079 -2721.143242 22959.728630 -0.188495 0.905873 0.379294 -0.553203 0.221172 -0.803149 0.811441 0.361216 -0.459442
-1.655084 -180.573856 -246.076307 8233.141525 -0.201605 0.904227 0.376469 -0.179557 0.343727 -0.921743 0.962868 0.253425 -0.093063
-48.353490 -1266.886132 2392.116347 229254.786815 -0.494739 0.748263 0.441967 -0.448813 -0.655494 0.607368 -0.744177 -0.102128 -0.660129
-10.306800 -809.007227 10424.254231 168733.052399 -0.446650 0.806346 0.387698 0.874070 0.485789 -0.003383 -0.191067 0.337364 -0.921780
24.570899 -658.936784 3037.815769 12757.022683 -0.453096 0.782380 0.427301 -0.799148 -0.568889 0.194235 -0.395053 0.253470 -0.882999
37.115578 -1014.429789 10556.899637 325822.303530 -0.514013 0.694698 0.503175 -0.057785 -0.613311 0.787725 -0.855834 -0.375824 -0.355393
27.746866 -508.592395 9425.796994 116147.736854 -0.531858 0.697772 0.479834 0.148916 -0.480727 0.864133 -0.833637 -0.531051 -0.151769
95.955240 -880.794701 22246.834254 234057.342229 -0.567499 0.737700 0.365709 -0.128175 -0.517895 0.845787 -0.813336 -0.433109 -0.388459
-143.925020 -724.635015 31869.694065 -53934.843665 -0.274666 0.425178 0.862428 0.020658 0.899326 -0.436790 -0.961318 -0.102155 -0.255798
-105.956769 -972.402355 20938.866837 109706.290375 -0.150015 0.516504 0.843041 0.053907 0.855695 -0.514665 -0.987213 -0.031761 -0.156211
-194.416810 -1521.641503 -49987.437489 149188.011245 0.140047 -0.361774 -0.921687 0.896482 -0.348867 0.273152 -0.420365 -0.864530 0.275466
-60.060717 -946.990028 15618.759134 85344.373009 -0.182144 0.475215 0.860810 0.801785 0.578550 -0.149738 -0.569179 0.662911 -0.486400
-3.646914 -28.311798 -337.183255 392.329980 -0.617033 0.683683 -0.389677 0.648841 0.722193 0.239671 0.445281 -0.104953 -0.889219
-4.862144 -26.329503 -331.129930 -1728.397279 -0.624054 0.682847 -0.379837 0.685139 0.711909 0.154175 0.375688 -0.164028 -0.912115
-6.669494 -28.216711 -785.214782 919.290715 -0.576376 0.735214 -0.356723 -0.700757 -0.669246 -0.247080 0.420392 -0.107565 -0.900944
-8.470285 -24.915127 -883.610566 2984.396229 -0.579930 0.733838 -0.353784 -0.732006 -0.659988 -0.169064 0.357559 -0.160927 -0.919921
-11.629319 -27.499450 -1120.072470 1828.373535 -0.505599 0.808492 -0.301182 -0.768997 -0.580569 -0.267551 0.391169 -0.096335 -0.915263
-4.498787 -28.638000 -762.615789 -981.310939 -0.594622 0.712906 -0.371738 -0.637923 -0.699753 -0.321558 0.489366 -0.045935 -0.870868
-14.950397 -30.945986 427.044408 -454.092986 0.558915 -0.104253 -0.822645 0.494093 0.838594 0.229419 0.665948 -0.534688 0.520213
75.483489 -45.121882 658.295242 776.124609 0.713528 0.657156 0.242948 0.699655 -0.650074 -0.296456 0.036884 -0.381510 0.923629
63.711647 -33.202689 4595.117731 877.450992 -0.695998 -0.570992 -0.435379 0.709291 -0.641099 -0.293085 -0.111772 -0.512797 0.851203
80.000060 -44.856173 5033.587274 5807.868420 -0.615933 -0.694065 -0.372694 0.780623 -0.601411 -0.170096 -0.106084 -0.395702 0.912232
-172.627330 -1520.907835 130870.448154 751835.489600 -0.669092 0.524483 0.526529 0.343072 0.846455 -0.407204 -0.659255 -0.091819 -0.746292
-706.916445 -9696.411013 136099.605528 5838552.990608 -0.688027 0.486622 0.538347 0.348831 0.872295 -0.342665 -0.636345 -0.047971 -0.769911
966.609956 -1966.006365 509766.270621 138130.912949 -0.644533 0.599748 0.474215 0.703238 0.708431 0.059846 -0.300056 0.372059 -0.878373
3.342259 -93.287912 -1298.483329 1761.010537 -0.113331 0.752724 0.648508 0.973385 -0.046743 0.224360 0.199194 0.656674 -0.727393
2.471384 -95.398415 -2034.294913 7977.254355 -0.131672 0.775372 0.617625 0.878162 -0.197810 0.435549 0.459885 0.599724 -0.654856
6.914484 -67.348488 -1000.593899 6534.185122 -0.237793 0.747265 0.620524 0.766397 -0.248133 0.592508 0.596733 0.616462 -0.513698
11.437478 -62.019519 -582.726558 6311.641379 -0.227791 0.699851 0.676994 0.820979 -0.235796 0.519995 0.523551 0.674247 -0.520850
42.918344 -201.518354 4770.761994 70361.581935 -0.547196 -0.648929 0.528647 -0.356686 0.752162 0.554100 -0.757200 0.114640 -0.643044
29.031030 -21.482574 -524.998517 3236.417534 -0.816796 -0.418527 0.397088 -0.347398 0.906311 0.240657 -0.460606 0.058620 -0.885667
25.200876 -3.121515 3180.406750 -8986.285731 -0.778983 -0.454474 0.432018 -0.437425 0.887503 0.144903 -0.449272 -0.076099 -0.890148
17.256170 -11.460089 6612.244526 -8216.569033 -0.742797 -0.430220 0.512995 -0.402504 0.899242 0.171334 -0.535018 -0.079217 -0.841119
-3.079827 -53.595446 5926.369534 -4250.170566 -0.625776 -0.641949 0.443064 -0.382922 0.747703 0.542504 -0.679540 0.169827 -0.713711
-11.456300 -59.173938 3901.930008 -110.059445 -0.654029 -0.621269 0.431591 -0.231846 0.707701 0.667388 -0.720065 0.336429 -0.606895
-17.000855 -58.124799 468.172905 3330.766698 -0.723789 -0.540104 0.429438 -0.052382 0.663566 0.746281 -0.688030 0.517655 -0.508574
-20.297720 -56.432340 -988.010267 3634.920170 -0.780255 -0.496053 0.380964 -0.013275 0.622089 0.782834 -0.625321 0.605753 -0.491973
8.214465 -16.579211 -576.993960 -732.748414 0.630882 0.658518 0.410294 -0.551163 0.008181 0.834358 -0.546083 0.752520 -0.368112
5.202499 -16.574415 -716.277407 679.776222 0.571355 0.678043 0.462398 0.604214 0.033769 -0.796106 -0.555408 0.734246 -0.390389
3.495657 -14.190329 -295.686728 497.728434 0.559924 0.670789 0.486342 0.652560 0.004663 -0.757723 -0.510540 0.741634 -0.435119
22.618820 -28.226278 -446.308351 -187.446360 0.646275 0.575559 0.501060 -0.277159 0.788807 -0.548604 -0.710993 0.215676 0.669307
20.860249 -29.528060 2210.314403 -420.358238 0.722338 0.547691 0.422211 -0.212371 0.756720 -0.618282 -0.658123 0.356944 0.662922
19.588457 -27.243419 -2696.610006 -78.999333 0.567996 0.585618 0.578301 -0.343544 0.807206 -0.479996 -0.747902 0.073964 0.659675
19.084086 -27.881775 -2811.454073 -157.499194 0.557511 0.599282 0.574493 -0.273789 0.786031 -0.554252 -0.783722 0.151712 0.602298
22.609128 -29.481507 -650.310384 -403.278645 0.636839 0.583823 0.503573 -0.204137 0.757518 -0.620076 -0.743481 0.292091 0.601597
-3.296924 -41.501439 123.204735 -150.626353 0.904652 0.134906 0.404234 -0.411501 0.523123 0.746331 0.110780 0.841512 -0.528758
-2.466343 -42.256851 90.125408 739.803420 0.917618 0.102179 0.384104 -0.396361 0.307162 0.865188 0.029579 0.946156 -0.322357
-2.865093 -44.253075 85.005990 -222.293076 0.898208 0.126525 0.420967 -0.418439 0.539469 0.730672 0.134651 0.832445 -0.537499
10.060856 -48.040415 -168.321574 -3218.594461 0.901324 0.173876 0.396714 -0.051609 0.952477 -0.300208 -0.430060 0.250111 0.867464
