18101
36190
-78.039158 -119.820028 1566.953593 13662.212821 0.006807 0.817503 -0.575884 0.813601 0.330297 0.478494 -0.581384 0.471797 0.662873
-69.255920 -115.264617 -4909.494377 27890.465094 -0.118692 0.815449 -0.566529 0.867170 0.363054 0.340892 -0.483661 0.450816 0.750225
-61.725966 -100.014738 154.055077 14113.326576 -0.316408 -0.863896 0.391878 0.819512 -0.040863 0.571604 -0.477793 0.502009 0.720902
-51.844038 -83.708110 4374.988917 19614.047393 -0.275259 -0.887744 0.368974 0.888258 -0.088040 0.450829 -0.367736 0.451839 0.812780
-67.841999 -112.732242 692.218221 7119.641792 0.331870 0.840521 -0.428237 0.742343 0.047407 0.668341 -0.582056 0.539701 0.608222
-57.273851 -99.079741 441.283389 10529.288859 -0.541452 -0.788576 0.291509 0.694222 -0.223783 0.684089 -0.474221 0.572773 0.668614
-47.929999 -83.407127 1737.301631 12668.897880 -0.611106 -0.762022 0.214178 0.697882 -0.391014 0.600058 -0.373510 0.516170 0.770752
82.131330 -128.151891 -8392.808125 -7140.698995 -0.205589 0.877101 -0.434081 0.766771 -0.131250 -0.628360 0.608108 0.462024 0.645552
94.452249 -134.683363 -7555.490914 457.817508 -0.247196 0.823723 -0.510269 0.757118 -0.164445 -0.632242 0.604703 0.542622 0.583005
83.248847 -136.778634 -7445.597586 -8226.718499 -0.190909 0.881118 -0.432649 0.657453 -0.212516 -0.722906 0.728910 0.422456 0.538722
73.942663 -126.194118 -4287.309003 -16456.520941 -0.137448 0.911851 -0.386828 0.744589 -0.162432 -0.647459 0.653219 0.377020 0.656628
76.610268 -139.602345 -8084.715106 -17349.978953 -0.095757 0.922942 -0.372839 0.621332 -0.237209 -0.746778 0.777674 0.303166 0.550739
80.587111 -151.614764 -8965.274216 -3790.811582 -0.127579 0.921035 -0.367992 0.451625 -0.276382 -0.848321 0.883039 0.274422 0.380702
80.141963 -128.204075 -1705.530002 1873.006108 -0.238918 0.858874 -0.453049 0.518186 -0.281807 -0.807507 0.821220 0.427692 0.377727
-91.232697 -114.274933 2690.262589 -12052.421635 -0.487932 0.534864 -0.689814 -0.025184 0.781316 0.623627 0.872519 0.321660 -0.367759
-95.651375 -124.692679 -389.900657 -13034.027582 -0.447818 0.624216 -0.640166 -0.093173 0.679493 0.727741 0.889257 0.385542 -0.246129
-95.435178 -125.025207 -4100.303174 15430.527550 -0.349868 0.811453 -0.468120 -0.045930 -0.513960 -0.856584 0.935672 0.278190 -0.217088
3.054962 -31.399078 9243.545189 3100.124590 0.069921 0.994086 -0.083088 0.365897 0.051929 0.929205 -0.928025 0.095372 0.360102
6.606674 -32.049174 8216.980745 -3539.407121 0.038413 0.984537 -0.170914 0.396994 0.141927 0.906782 -0.917017 0.102684 0.385403
37.485197 -37.174866 24683.854613 1610.191536 0.073445 0.990657 -0.114914 0.377264 0.079064 0.922724 -0.923189 0.111123 0.367933
-6.048241 -28.556821 -1624.186397 -2575.757506 -0.015719 0.959922 -0.279826 0.374551 0.265136 0.888490 -0.927073 0.090843 0.363707
29.782410 -40.539957 27932.216343 7014.346713 0.125028 0.991993 -0.017847 0.326301 -0.024125 0.944958 -0.936961 0.123969 0.326704
-4.512657 -36.574737 10505.185787 10298.508307 0.118104 0.991692 0.050982 0.325770 -0.087195 0.941420 -0.938043 0.094577 0.333361
-11.960623 -29.612777 -2573.004137 3043.525613 -0.006117 0.972399 -0.233242 0.356893 0.220008 0.907868 -0.934125 0.077689 0.348388
-4.087494 -24.138066 8110.965118 -10893.053386 -0.031164 0.348190 -0.936906 -0.141535 0.926378 0.348985 0.989443 0.143481 0.020412
-3.266097 -33.331590 7875.054228 -9793.038105 -0.031679 0.313508 -0.949057 -0.182697 0.931720 0.313879 0.982659 0.183333 0.027761
-16.047961 -39.710521 4847.274665 -10948.723488 -0.065809 0.592291 -0.803032 -0.182616 0.784035 0.593245 0.980979 0.185687 0.056566
-16.121253 -31.963455 1915.629261 12615.757856 -0.079030 0.726953 -0.682124 0.128651 -0.671105 -0.730115 0.988536 0.145457 0.040486
-10.413251 -44.327237 8388.133629 -8935.912710 -0.056368 0.435148 -0.898593 -0.228185 0.870588 0.435900 0.971985 0.229616 0.050221
-19.332239 -51.607259 7290.907450 -7151.403815 -0.068597 0.560931 -0.825016 -0.254549 0.789751 0.558119 0.964624 0.248293 0.088610
-24.530446 -32.296867 4743.682150 4665.534451 -0.123992 0.751406 -0.648085 0.606683 -0.459426 -0.648740 0.785214 0.473621 0.398900
-20.020649 -28.094366 5173.668863 4021.638333 -0.166778 0.743803 -0.647257 0.625409 -0.427696 -0.652640 0.762265 0.513647 0.393851
-23.965809 -36.775423 2890.696299 5453.179148 -0.347060 0.860498 -0.372951 0.568154 -0.123478 -0.813606 0.746158 0.494263 0.446041
-20.730753 -35.861648 3333.588641 6117.037891 -0.413215 0.845892 -0.337226 0.553643 -0.060654 -0.830542 0.723003 0.529895 0.443259
-28.700038 -41.673209 3271.513467 4378.965300 -0.291298 0.871370 -0.394790 0.586150 -0.163569 -0.793519 0.756025 0.462557 0.463107
-25.298625 -47.911761 2412.215495 3157.498416 -0.433406 0.874071 -0.219452 0.555483 0.067350 -0.828796 0.709647 0.481107 0.514721
-22.909371 -42.654723 2519.362458 2797.189853 -0.438164 0.863279 -0.250525 0.542052 0.031424 -0.839757 0.717072 0.503749 0.481710
2.343678 -70.737384 981.550869 6868.145387 -0.247676 0.968842 -0.000832 0.387525 0.099855 0.916435 -0.887964 -0.226657 0.400183
1.031186 -72.594030 1718.129088 19206.456147 -0.247468 0.968885 0.004583 0.350642 0.085148 0.932631 -0.903222 -0.232404 0.360803
0.725167 -75.148542 1723.935820 20929.725446 -0.259091 0.965489 -0.026514 0.327406 0.113620 0.938028 -0.908668 -0.234354 0.345545
-0.031900 -77.297543 1293.368506 22180.711700 -0.261316 0.964420 -0.040102 0.333043 0.129079 0.934035 -0.905978 -0.230723 0.354924
-1.080027 -76.095069 192.643537 4550.445340 -0.266618 0.961966 -0.059471 0.193415 0.113853 0.974489 -0.944196 -0.248314 0.216414
22.924194 -163.602125 4268.579198 12580.524917 -0.155625 0.903329 -0.399722 -0.734541 -0.376385 -0.564610 0.660478 -0.205744 -0.722107
24.259804 -182.525887 7343.231609 11533.426822 -0.150654 0.896607 -0.416412 -0.623993 -0.412952 -0.663403 0.766770 -0.159894 -0.621690
21.108836 -170.658770 7548.301845 6126.692212 -0.185372 0.887615 -0.421636 -0.579396 -0.445281 -0.682660 0.793686 -0.117748 -0.596823
3.227700 -78.076773 131.181982 -715.459934 -0.060986 0.965980 -0.251325 0.974439 0.112164 0.194650 0.216218 -0.233030 -0.948128
5.780281 -79.229415 -4645.104404 2217.858178 -0.054387 0.960770 -0.271960 0.970031 0.115433 0.213809 0.236814 -0.252181 -0.938256
6.436041 -78.420014 -2926.795141 2077.831476 -0.063478 0.963911 -0.258545 0.985999 0.100603 0.132986 0.154197 -0.246483 -0.956802
-21.091939 -141.708204 -4089.159100 14586.968297 0.203069 -0.903799 0.376709 0.956473 0.100751 -0.273876 0.209575 0.415928 0.884919
-21.764696 -145.663513 -11499.770666 16651.230488 0.205321 -0.881102 0.426032 0.958341 0.092688 -0.270168 0.198558 0.463755 0.863427
-21.025499 -147.089014 -3949.969053 9199.181339 0.190252 -0.899902 0.392405 0.981299 0.162401 -0.103337 0.029266 0.404726 0.913969
79.580899 -23.016631 1182.300896 -5100.257472 -0.105303 0.994241 -0.019928 -0.264307 -0.008664 0.964400 -0.958673 -0.106821 -0.263697
109.463067 -33.167247 -7618.053411 -6597.960949 -0.196155 0.979810 0.038685 -0.209474 -0.080411 0.974502 -0.957937 -0.183050 -0.221018
63.682853 -19.997002 -23034.093261 -8405.196499 -0.371863 0.918700 0.133070 -0.211082 -0.223278 0.951626 -0.903970 -0.325786 -0.276950
56.897423 -6.111103 -23195.177463 -7210.630582 -0.249374 0.968281 -0.015651 -0.282514 -0.057282 0.957551 -0.926282 -0.243210 -0.287837
34.152329 -43.911532 -11724.154194 5928.740263 -0.520131 0.699159 0.490551 -0.026482 -0.587283 0.808948 -0.853676 -0.407769 -0.323979
29.196045 -30.135772 -4244.670816 14013.407214 -0.487733 0.663524 0.567321 -0.008036 -0.653242 0.757106 -0.872956 -0.364707 -0.323940
25.275279 -5.917148 99.271613 9406.397982 -0.426156 0.738143 0.523007 -0.046493 -0.595238 0.802203 -0.903454 -0.317547 -0.287983
46.029209 -180.990414 -27005.272170 16180.866146 -0.708545 -0.451094 0.542659 -0.187245 0.861620 0.471753 -0.680370 0.232648 -0.694961
366.997167 -164.346133 -313760.585929 68100.735190 -0.790813 -0.096664 0.604377 -0.048949 0.994275 0.094976 -0.610098 0.045524 -0.791017
35.462997 -181.259120 -16377.317649 24285.611007 -0.691126 -0.487813 0.533276 -0.248557 0.853279 0.458404 -0.678649 0.184266 -0.710972
-17.043678 -62.172332 3581.327033 -4097.170437 -0.048873 0.997533 -0.050395 0.083753 0.054371 0.995002 -0.995287 -0.044408 0.086204
-18.212458 -55.736026 5504.982144 5126.115237 -0.059410 0.997401 -0.040768 0.207251 0.052275 0.976890 -0.976482 -0.049588 0.209818
-14.160018 -51.839326 6476.768777 4256.630548 -0.029951 0.998893 0.036267 0.217492 -0.028902 0.975634 -0.975603 -0.037109 0.216385
-16.362946 -56.899606 9302.069998 10191.778417 -0.038580 0.999151 0.014430 0.328745 -0.000945 0.944418 -0.943630 -0.041179 0.328430
-11.907613 -54.479932 8412.810966 8736.057589 -0.020086 0.998700 0.046857 0.327134 -0.037722 0.944225 -0.944765 -0.034295 0.325950
10.761393 -238.784273 2788.617200 43208.722216 0.897732 0.177970 -0.402994 -0.308541 0.906945 -0.286799 -0.314451 -0.381808 -0.869105
0.271089 -275.540234 2984.265290 33875.523350 0.898894 0.188005 -0.395783 -0.377916 0.789771 -0.483157 -0.221742 -0.583880 -0.780970
3.715904 -255.797334 -5136.411230 48762.070976 0.909790 0.105818 -0.401354 -0.268830 0.886963 -0.375536 -0.316248 -0.449555 -0.835397
15.642100 -210.179199 -325.052730 32877.207239 -0.911288 -0.111707 0.396327 -0.196406 0.963872 -0.179930 -0.361909 -0.241809 -0.900306
-3.245478 -289.654537 -6047.899509 -45496.746054 0.911748 0.276430 -0.303812 0.002725 0.735565 0.677449 -0.410741 0.618491 -0.669896
-0.280605 -349.693377 -5149.085035 -44432.445067 0.917910 0.300067 -0.259616 0.107495 0.441768 0.890666 -0.381949 0.845459 -0.373247
-3.934470 -287.070273 -9079.311345 -41811.256349 0.910747 0.300089 -0.283701 0.054740 0.593199 0.803193 -0.409321 0.747035 -0.523827
-5.410637 -240.233423 -3403.614240 -25186.141551 0.925245 0.263321 -0.273100 0.000669 0.718744 0.695275 -0.379369 0.643482 -0.664838
21.875397 -29.220951 15763.290714 -287.895543 -0.462809 0.832150 -0.305506 0.493058 -0.044759 -0.868845 0.736683 0.552741 0.389583
24.876541 -27.788519 15666.395499 -1398.027650 -0.520252 0.831534 -0.194650 0.404026 0.038844 -0.913922 0.752397 0.554114 0.356170
44.260577 -35.690131 16785.964575 -302.048434 -0.430802 0.854771 -0.289441 0.484985 -0.051190 -0.873023 0.761051 0.516475 0.392498
41.479097 -37.426863 16878.311721 1286.192166 -0.390828 0.842984 -0.369637 0.552059 -0.106660 -0.826955 0.736535 0.527259 0.423691
23.482845 -30.777247 12528.238808 3528.792485 -0.389705 0.819871 -0.419453 0.576276 -0.138177 -0.805489 0.718356 0.555625 0.418624
189.173076 -4536.562733 208318.500935 3944199.715510 0.845492 0.215844 -0.488421 0.118014 0.816519 0.565128 -0.520784 0.535451 -0.664888
1159.641570 -9763.824874 978381.449709 8385773.422952 -0.454012 -0.156118 0.877212 0.195163 0.943197 0.268871 -0.869359 0.293270 -0.397754
894.317167 -3627.071023 13324.684642 -2880296.859281 -0.682753 -0.458695 0.568724 -0.571274 0.820405 -0.024130 -0.455516 -0.341372 -0.822174
312.362078 -2863.759059 86291.274221 1764582.209504 0.771489 0.235893 -0.590897 0.391936 0.555387 0.733438 -0.501190 0.797433 -0.336020
496.922369 -1963.571752 -292668.073915 -431943.674575 -0.919231 -0.255914 0.299202 -0.191620 0.954659 0.227833 -0.343941 0.152098 -0.926591
424.198725 -4483.423528 -6329.330975 3643956.556743 0.820902 0.223943 -0.525328 0.413366 0.401682 0.817178 -0.394016 0.887976 -0.237171
388.579464 -4049.923757 294629.361907 3388428.241133 0.894874 0.238993 -0.376939 0.185112 0.569743 0.800704 -0.406120 0.786305 -0.465608
43.297855 -71.516328 18506.331664 -597.276684 -0.042246 0.951371 -0.305137 0.842804 -0.130083 -0.522265 0.536560 0.279234 0.796324
34.948677 -70.742289 9984.200648 -848.823999 -0.012949 0.952470 -0.304356 0.787814 -0.177729 -0.589713 0.615777 0.247412 0.748068
38.467949 -70.945166 8467.553351 -2210.142357 -0.008304 0.969410 -0.245305 0.813843 -0.135987 -0.564949 0.581026 0.204331 0.787818
48.377221 -70.982297 8567.131336 268.341934 -0.042001 0.976393 -0.211877 0.880003 -0.064266 -0.470600 0.473107 0.206218 0.856530
42.354320 -66.248764 -682.401344 -1893.645655 0.009063 0.989172 -0.146481 0.796077 -0.095784 -0.597568 0.605128 0.111194 0.788325
42.624049 -68.832698 -8317.609848 2310.224991 0.024931 0.995058 -0.096119 0.846271 -0.072191 -0.527838 0.532168 0.068183 0.843889
-14.372238 -163.695707 7420.304321 -2559.383195 -0.162804 0.953513 -0.253588 -0.450349 -0.300496 -0.840766 0.877884 0.022677 -0.478336
-10.075504 -161.712497 6474.100545 2660.971828 -0.166523 0.951129 -0.260044 -0.646881 -0.304419 -0.699196 0.744188 -0.051785 -0.665960
-10.932138 -166.416175 7777.354552 -2460.413301 -0.178921 0.948267 -0.262253 -0.490191 -0.317033 -0.811913 0.853053 0.016714 -0.521556
-14.123878 -162.255886 8137.421437 -5811.884410 -0.183765 0.947256 -0.262556 -0.266946 -0.305159 -0.914122 0.946029 0.097896 -0.308943
-12.267294 -55.042748 1026.612596 -821.343644 -0.058513 0.949679 -0.307710 0.834757 0.215596 0.506655 -0.547500 0.227218 0.805367
-18.081006 -58.345688 1648.481637 4995.163786 -0.086666 0.947809 -0.306834 0.809754 0.246433 0.532513 -0.580335 0.202310 0.788849
-18.698071 -57.098388 5048.120991 -1083.734029 -0.042055 0.958687 -0.281338 0.840106 0.186345 0.509408 -0.540789 0.214931 0.813235
-12.295205 -57.043742 -839.968608 6696.433772 -0.056390 0.951788 -0.301531 0.820150 0.216387 0.529651 -0.569363 0.217433 0.792811
436.390650 -832.640530 247759.583696 439755.942481 0.140025 -0.054583 -0.988642 0.978833 -0.142885 0.146525 -0.149260 -0.988233 0.033420
-28.700794 -216.746700 -1601.299369 84240.266195 0.594104 -0.225093 -0.772252 0.798890 0.053056 0.599133 -0.093888 -0.972892 0.211346
-228.709396 -3290.341235 -155319.527221 1601896.482383 -0.487424 -0.112040 -0.865947 0.858434 -0.242891 -0.451769 -0.159714 -0.963562 0.214570
-54.907082 -233.633347 28448.211262 107741.615984 0.430679 -0.224268 -0.874197 0.900565 0.043301 0.432560 -0.059155 -0.973565 0.220617
-120.157698 -1551.926325 -66950.124148 776622.699850 -0.281701 -0.210353 -0.936160 0.948540 -0.208114 -0.238663 -0.144625 -0.955217 0.258154
-167.989764 -927.580017 1112.829703 447863.456017 -0.064863 -0.333457 -0.940531 0.965897 -0.257739 0.024767 -0.250670 -0.906850 0.338803
208.725006 -2728.115450 -158638.077461 -1483548.590928 0.408735 -0.784193 0.466880 0.910473 0.385702 -0.149241 -0.063042 0.486082 0.871637
18.444600 -1039.373241 -19452.123648 -632600.772820 0.162820 -0.881328 0.443567 0.983868 0.178797 -0.005895 -0.074113 0.437371 0.896222
22.614336 -701.832869 -22952.537423 -358662.292879 0.106320 -0.882129 0.458851 0.954093 0.220455 0.202747 -0.280005 0.416230 0.865072
9.137137 -853.935863 -16819.758261 -344053.055648 0.198696 -0.895913 0.397316 0.884451 -0.010731 -0.466509 0.422215 0.444100 0.790259
-37.305002 -441.294646 -66805.623738 -182919.718191 0.198605 -0.830313 0.520707 0.903863 0.360585 0.230238 -0.378929 0.424922 0.822104
-47.017303 -633.119859 45965.932950 -71410.118874 -0.210299 0.872382 -0.441276 0.799764 -0.106084 -0.590867 0.562274 0.477175 0.675390
0.705544 -81.932457 -406.454113 12924.294126 -0.285937 0.952769 -0.102328 0.332513 0.198805 0.921906 -0.898707 -0.229582 0.373654
2.613710 -64.981834 -150.641433 -6779.277857 -0.272099 0.959082 -0.078249 0.384731 0.182965 0.904713 -0.882012 -0.216067 0.418773
1.394112 -76.937795 -602.572942 11204.028266 -0.273416 0.959676 -0.065306 0.356781 0.164230 0.919639 -0.893281 -0.228144 0.387297
-0.637229 -85.310901 -924.240557 21118.294235 -0.288596 0.952341 -0.098791 0.302000 0.188458 0.934494 -0.908575 -0.239856 0.341995
-30.191135 -1967.936060 258735.977910 -1276003.876241 0.500214 0.752052 -0.429189 -0.528513 0.657789 0.536644 -0.685900 0.041605 -0.726505
231.575194 -4119.262389 88811.320176 -3042305.572658 0.306861 0.923885 -0.228633 -0.586987 0.372807 0.718653 -0.749188 0.086322 -0.656708
47.400063 -111.098559 -90572.249773 -81188.102803 -0.472311 -0.651076 0.594157 -0.303756 0.753018 0.583692 -0.827439 0.095206 -0.553427
-78.829462 -124.514676 -85979.559074 -81604.944156 -0.461551 -0.488503 0.740496 -0.332840 0.869105 0.365887 -0.822306 -0.077591 -0.563730
-158.841263 -3007.357874 -144363.162466 -1936894.933892 -0.234369 0.943355 -0.234847 -0.709057 -0.000613 0.705151 -0.665064 -0.331786 -0.669036
-378.928168 -3019.041554 255642.940260 -1833193.746283 0.441195 0.857126 -0.265862 -0.527219 0.487300 0.696117 -0.726214 0.166956 -0.666887
-61.789278 -114.453786 -1699.838505 -300.000038 0.325774 0.816568 -0.476538 -0.338104 -0.370083 -0.865289 0.882925 -0.443008 -0.155521
-63.872212 -115.567033 -1642.396540 -3108.540318 0.279091 0.785851 -0.551858 -0.467363 -0.390872 -0.792964 0.838857 -0.479227 -0.258189
-69.362570 -110.523219 3656.100904 429.488210 0.224601 0.859194 -0.459717 -0.400959 -0.348497 -0.847220 0.888136 -0.374614 -0.266229
-65.320712 -109.425814 4187.595707 2507.996093 0.261162 0.899110 -0.351278 -0.236146 -0.293341 -0.926383 0.935965 -0.324889 -0.135712
-63.271832 -103.352116 2616.207623 2550.009473 0.194645 0.935370 -0.295291 -0.256738 -0.241970 -0.935701 0.946678 -0.257942 -0.193047
-63.710605 -101.447105 1065.242154 -875.335220 0.160714 0.926610 -0.339949 -0.348670 -0.268919 -0.897837 0.923364 -0.262826 -0.279861
-1.759185 -66.550695 -7483.983808 -995.974615 -0.171682 0.972904 -0.154865 0.984584 0.164110 -0.060517 -0.033463 -0.162867 -0.986080
-6.704175 -66.078835 2564.529725 -1355.301744 -0.162187 0.981337 -0.103309 0.984088 0.153159 -0.090072 -0.072568 -0.116274 -0.990563
-8.787723 -68.924148 -63.312062 -25.027973 -0.147550 0.981592 -0.121264 0.988482 0.150525 0.015695 0.033659 -0.117552 -0.992496
-6.587507 -62.404074 -5057.297374 -5040.971645 -0.159031 0.977366 -0.139513 0.975987 0.134329 -0.171482 -0.148860 -0.163434 -0.975259
16.367096 -160.196158 7850.238082 -4765.468094 0.153042 0.545284 0.824163 0.981787 -0.178897 -0.063950 0.112569 0.818939 -0.562731
17.790810 -165.312224 7209.483657 4315.973094 0.035550 0.579409 0.814261 0.980589 -0.177434 0.083446 0.192827 0.795489 -0.574470
4.556079 -154.736157 5723.139019 19130.230305 0.100868 0.557040 0.824337 0.928965 -0.349346 0.122397 0.356159 0.753435 -0.552709
33.147836 -162.510841 10656.968113 -29297.500570 0.119000 0.549505 0.826972 0.990157 -0.003874 -0.139908 -0.073677 0.835482 -0.544557
-19.244743 -55.817352 6907.195593 -2376.093251 0.097905 0.950372 -0.295309 -0.696118 0.277460 0.662145 -0.711220 -0.140743 -0.688736
-24.631121 -52.718141 6229.802809 2125.721274 0.148688 0.914873 -0.375366 -0.638797 0.378619 0.669765 -0.754871 -0.140197 -0.640714
-12.108856 -54.537234 4767.031656 1285.347804 0.116220 0.943523 -0.310253 -0.632224 0.311190 0.709544 -0.766019 -0.113686 -0.632685
-5.765145 -60.077640 5236.806174 -3386.230671 0.065752 0.967900 -0.242583 -0.680355 0.221324 0.698666 -0.729928 -0.119104 -0.673067
-10.177895 -57.194392 4383.711342 -3897.803762 0.026940 0.975585 -0.217963 -0.736533 0.166792 0.655514 -0.675865 -0.142878 -0.723044
-14.333443 -67.409668 -3475.885719 -5864.742164 0.032475 0.972356 -0.231232 -0.825795 0.156433 0.541840 -0.563034 -0.173354 -0.808048
-15.480930 -72.061337 -2532.661214 -1589.208109 0.022902 0.975351 -0.219465 -0.762702 0.158970 0.626908 -0.646345 -0.153029 -0.747543
-17.853727 -66.947091 -732.718203 -4584.588220 0.105613 0.965898 -0.236406 -0.810742 0.221295 0.541965 -0.575798 -0.134425 -0.806465
-14.451184 -59.319778 -496.330554 -9838.674363 0.096618 0.967200 -0.234926 -0.858909 0.200285 0.471339 -0.502931 -0.156240 -0.850088
-20.625561 -68.900372 -949.185180 -1401.992471 0.140294 0.962191 -0.233465 -0.762191 0.255458 0.594816 -0.631968 -0.094496 -0.769212
-17.743423 -62.702984 -140.314622 -6060.803563 0.187217 0.949055 -0.253466 -0.818840 0.293311 0.493427 -0.542634 -0.115170 -0.832036
-14.957922 -55.826425 567.248899 -10583.126159 0.178921 0.950201 -0.255157 -0.858651 0.277418 0.430997 -0.480319 -0.141976 -0.865527
14.827607 -81.300017 -868.331708 -2933.671653 0.832620 0.550145 0.063912 -0.085800 0.242130 -0.966443 0.547158 -0.799196 -0.248805
19.774341 -79.737897 8278.488540 -1565.638547 0.827614 0.556590 0.072544 -0.057690 0.212908 -0.975368 0.558325 -0.803043 -0.208315
14.250843 -83.172249 2360.768386 556.365739 0.829195 0.548507 0.107587 0.005078 0.185077 -0.982711 0.558936 -0.815405 -0.150680
8.175236 -85.941401 1332.919139 2178.964316 0.817840 0.559304 0.135341 0.033676 0.188272 -0.981539 0.574460 -0.807300 -0.135141
8.878004 -85.417337 -1002.403265 -862.192012 0.822794 0.559355 0.100663 -0.046560 0.242863 -0.968943 0.566430 -0.792553 -0.225869
-1.736623 -247.745511 365.177139 -5867.505939 -0.050111 -0.477142 0.877396 0.804083 0.501805 0.318814 -0.592402 0.721475 0.358516
-0.879183 -234.203512 3579.674502 -1060.432939 -0.038950 -0.499622 0.865367 0.843567 0.447761 0.296485 -0.535609 0.741544 0.404024
-1.150196 -232.770444 3956.345847 -28823.432209 -0.011374 -0.475730 0.879518 0.608481 0.694684 0.383622 -0.793487 0.539533 0.281571
-1.829148 -236.332318 370.315999 29968.003467 -0.072123 -0.493364 0.866828 0.958128 0.207191 0.197644 -0.277110 0.844786 0.457763
1.199398 -247.295598 996.992149 -27241.993359 -0.028455 -0.467756 0.883399 0.573508 0.716190 0.397693 -0.818705 0.517953 0.247883
0.327932 -261.623379 -2685.973344 -15272.458522 -0.054847 -0.476191 0.877630 0.754184 0.556269 0.348957 -0.654368 0.681034 0.328626
-1.266323 -251.862026 -1554.532575 30438.586732 -0.071665 -0.487941 0.869930 0.939305 0.260365 0.223418 -0.335514 0.833141 0.439667
-41.680190 -69.614787 6034.249285 95.150595 0.829064 0.533619 0.167044 -0.238002 0.066443 0.968989 -0.505972 0.843111 -0.182088
-49.915572 -74.541436 -6479.426976 14383.809455 0.822429 0.559648 0.102001 -0.208144 0.129171 0.969531 -0.529420 0.818602 -0.222721
-50.447185 -70.186742 -11427.843801 6506.538721 0.768898 0.613195 0.181074 -0.251995 0.030355 0.967252 -0.587617 0.789348 -0.177862
-60.394689 -67.483585 -1443.785979 -17742.108685 0.747109 0.449784 -0.489410 0.325765 0.394034 0.859427 -0.579401 0.801518 -0.147863
-17.225719 -33.946028 -4306.735638 -4993.485585 0.219642 0.861477 -0.457836 0.107064 -0.487747 -0.866395 0.969688 -0.141279 0.199362
-8.540668 -29.702558 -4413.404500 -5927.189869 0.220592 0.933536 -0.282575 0.180544 -0.323787 -0.928744 0.958511 -0.153856 0.239970
-8.543478 -33.550042 -4488.479853 -4720.038853 0.225966 0.912734 -0.340377 0.125955 -0.373857 -0.918894 0.965958 -0.164766 0.199443
-4.166364 -38.455867 -4710.034094 -4402.835245 0.240214 0.917565 -0.316814 0.111120 -0.350217 -0.930054 0.964339 -0.188207 0.186087
-10.443730 -39.825219 -3715.629061 -4114.108672 0.216664 0.907251 -0.360489 0.078492 -0.384254 -0.919885 0.973086 -0.171011 0.154466
-20.811845 -140.079428 -4808.017299 -22102.682130 0.822205 0.387191 0.417208 0.513145 -0.821399 -0.248969 -0.246295 -0.418792 0.874044
-23.336389 -103.711045 -2362.881030 -12187.888314 0.812563 0.431938 0.391371 0.521605 -0.838520 -0.157520 -0.260134 -0.332136 0.906651
-18.591989 -126.183899 -4956.953118 -4797.309674 0.760842 0.484964 0.431196 -0.555427 0.830279 0.046236 -0.335590 -0.274676 0.901073
-16.966392 -121.982622 -3901.771215 -9120.099086 0.799790 0.406660 0.441547 0.516279 -0.841276 -0.160348 -0.306255 -0.356206 0.882794
-13.625104 -122.684501 -4338.604132 -9060.083998 0.757040 0.466686 0.457269 -0.536993 0.843103 0.028563 -0.372194 -0.267174 0.888870
-18.849874 -111.205746 -1362.935634 -23022.884662 0.705413 0.583590 0.402262 -0.621300 0.782259 -0.045356 -0.341143 -0.217930 0.914400
-15.467308 -148.811854 -5061.296776 -25239.369898 0.707482 0.548731 0.445379 -0.547679 0.823990 -0.145215 -0.446672 -0.141188 0.883487
-11.168491 -143.258368 -2582.665938 -20201.217303 0.728191 0.523096 0.442841 -0.530914 0.839141 -0.118202 -0.433437 -0.149036 0.888775
-2.688412 -87.642560 -1156.952983 8.300106 0.785380 0.548015 0.287851 0.409377 -0.111025 -0.905585 0.464315 -0.829068 0.311541
3.379117 -82.885997 637.175743 775.116552 0.821284 0.531417 0.207578 0.293197 -0.081021 -0.952613 0.489417 -0.843227 0.222351
-4.325591 -85.024780 855.282079 374.770495 0.790032 0.549543 0.271758 0.434271 -0.188754 -0.880784 0.432733 -0.813864 0.387772
1.481608 -86.109317 -205.257400 2153.668711 0.803275 0.545355 0.239452 0.284363 0.002099 -0.958714 0.523342 -0.838203 0.153393
-6.563212 -88.511157 -3340.687478 997.477345 0.775104 0.544721 0.320146 0.489359 -0.197036 -0.849532 0.399677 -0.815142 0.419287
-5.185189 -92.858126 1139.830584 -584.938662 0.761670 0.554467 0.335299 0.495517 -0.164992 -0.852784 0.417519 -0.815686 0.400418
-1.859442 -92.631544 2197.271796 2145.692862 0.779878 0.552085 0.294944 0.373710 -0.032683 -0.926970 0.502127 -0.833147 0.231809
12.996707 -50.173194 -2960.349734 4387.831108 -0.044065 0.983869 -0.173376 -0.976653 -0.005900 0.214743 -0.210257 -0.178790 -0.961159
11.227558 -52.326839 -6763.761591 -4318.983564 -0.001398 0.977725 -0.209886 0.982255 -0.038020 -0.183657 -0.187546 -0.206418 -0.960322
15.284957 -59.290495 908.192293 -4427.653874 -0.030290 0.987319 -0.155832 0.991694 0.010187 -0.128217 -0.125003 -0.158421 -0.979427
14.953834 -63.751326 -6980.238037 -5280.385991 0.019086 0.976879 -0.212939 0.998871 -0.027899 -0.038459 -0.043511 -0.211965 -0.976308
21.925010 -66.023793 -731.287422 -3479.462195 -0.020645 0.986401 -0.163057 0.999759 0.021596 0.004064 0.007530 -0.162933 -0.986608
18.274224 -63.689475 5959.402264 -4333.652728 -0.060624 0.990624 -0.122426 0.996566 0.053141 -0.063494 -0.056393 -0.125855 -0.990445
-2.052534 -244.000730 1333.297668 3253.448291 0.809076 0.362453 0.462627 0.458865 0.102245 -0.882603 0.367203 -0.926377 0.083593
-5.150321 -235.414530 -2039.434674 14169.354011 0.817481 0.344632 0.461470 0.313205 0.406398 -0.858337 0.483351 -0.846209 -0.224282
-5.482002 -223.886658 -1563.944966 12351.314637 0.808322 0.349423 0.473834 0.392987 0.279044 -0.876182 0.438379 -0.894448 -0.088239
-63.738192 -1854.399331 3705.644387 -1084816.199569 -0.373560 -0.040216 0.926734 0.806551 -0.507554 0.303090 0.458179 0.860681 0.222038
123.542761 -2857.191256 -42897.270141 -3164188.188762 -0.033524 0.054495 0.997951 0.739825 0.672694 -0.011881 -0.671963 0.737911 -0.062868
2508.536392 -62742.574671 -1830048.793448 -90573773.136573 -0.206953 0.154751 0.966035 0.920316 -0.304228 0.245893 0.331947 0.939946 -0.079459
247.117099 -10124.961808 88742.847828 8104265.187225 0.306586 -0.170010 -0.936537 0.197756 0.973827 -0.112042 0.931073 -0.150855 0.332183
8.578176 -25.066827 -3864.480041 10573.311284 -0.170994 0.977811 -0.121026 -0.918521 -0.113759 0.378654 -0.356484 -0.175912 -0.917591
5.935353 -18.778022 -2077.600052 6095.920680 -0.242931 0.966344 -0.084634 -0.894776 -0.189530 0.404296 -0.374648 -0.173945 -0.910704
3.827769 -19.818856 -2892.745442 9034.397947 -0.100213 0.982823 -0.154974 -0.923385 -0.033858 0.382380 -0.370565 -0.181420 -0.910916
8.506156 -28.789194 -2413.987280 10673.570789 -0.071519 0.982858 -0.169926 -0.938695 -0.008721 0.344640 -0.337250 -0.184156 -0.923227
3.679716 -24.480031 -230.845455 8812.029128 0.003321 0.980201 -0.197978 -0.931634 0.074975 0.355579 -0.363382 -0.183262 -0.913438
1.267899 -16.970564 806.402213 -308.817785 0.043203 0.975670 -0.214945 -0.929401 0.118182 0.349638 -0.366534 -0.184665 -0.911895
-39.911421 -75.477628 1498.108555 -6787.716435 -0.280347 -0.423475 -0.861438 -0.529729 0.816650 -0.229062 0.800495 0.392112 -0.453272
-37.153638 -73.885485 3544.499207 -4032.778327 -0.397430 -0.298892 -0.867590 -0.409867 0.903734 -0.123589 0.821010 0.306479 -0.481677
-35.455349 -81.908723 1882.655088 -7731.113048 -0.349967 -0.389546 -0.851925 -0.526425 0.834035 -0.165113 0.774855 0.390690 -0.496952
-24.097498 -61.854660 5456.607427 2158.521116 0.586974 0.724529 0.361275 0.069704 0.399353 -0.914144 0.806600 -0.561761 -0.183907
-21.621725 -54.258942 1569.528095 4656.779367 0.566463 0.738245 0.366215 -0.009568 0.450251 -0.892851 0.824032 -0.502263 -0.262114
-19.103333 -60.730840 1254.208404 2499.180765 0.561527 0.695508 0.448282 0.133074 0.458800 -0.878518 0.816688 -0.552966 -0.165075
-23.343683 -67.810229 4154.356276 5964.091937 0.574181 0.679394 0.456881 0.177247 0.441653 -0.879503 0.799312 -0.585975 -0.133169
-15.988283 -64.417513 2159.785498 4895.284392 0.548607 0.685026 0.479342 0.194626 0.452937 -0.870040 0.813112 -0.570603 -0.115161
-16.452423 -56.780419 868.511129 1024.755033 0.532132 0.687379 0.494313 0.165155 0.488350 -0.856877 0.830397 -0.537610 -0.146343
12.908437 -38.456264 -11021.051547 3399.865284 0.541188 -0.346238 -0.766312 -0.021207 0.905389 -0.424053 0.840634 0.245743 0.482643
17.174669 -38.307977 -6310.533778 564.695140 0.519195 -0.281169 -0.807082 -0.061311 0.929649 -0.363311 0.852454 0.238112 0.465430
22.815125 -41.519758 -14242.526330 3342.652611 0.541061 -0.301646 -0.785024 -0.000132 0.933429 -0.358762 0.840983 0.194216 0.505002
1.356411 -62.058943 4183.872151 10043.402358 0.809560 0.549174 0.207413 0.438374 -0.330558 -0.835799 0.390437 -0.767554 0.508350
-1.367581 -63.692752 2412.691644 7888.100786 0.810353 0.546177 0.212175 0.437660 -0.323438 -0.838952 0.389591 -0.772709 0.501139
1.485314 -59.613990 3101.352979 4678.222822 0.827780 0.532480 0.176764 0.386437 -0.312703 -0.867689 0.406752 -0.786563 0.464619
16.182280 -49.767886 -3875.925562 -575.139417 -0.523232 0.851964 -0.019633 -0.762299 -0.457617 0.457698 -0.380958 -0.254449 -0.888891
11.736019 -48.163810 -5097.997546 561.805156 -0.510483 0.858849 -0.042257 -0.791945 -0.450435 0.412227 -0.335007 -0.243900 -0.910101
12.068085 -50.755474 -7145.723606 1834.816496 -0.442865 0.893654 -0.072475 -0.837953 -0.383795 0.387991 -0.318914 -0.232558 -0.918809
17.998391 -56.620038 -4036.127805 742.209460 -0.376208 0.924924 -0.054628 -0.869369 -0.331992 0.366032 -0.320415 -0.185196 -0.928998
27.835125 -56.469276 -6377.096923 473.195127 -0.448859 0.893366 -0.020553 -0.797183 -0.389929 0.460928 -0.403764 -0.223276 -0.887199
-84.961108 -178.306908 2433.284995 188829.434451 0.725550 -0.645645 0.238160 0.662770 0.562437 -0.494369 -0.185237 -0.516534 -0.835990
65.171020 -277.978833 -50143.756209 142030.726760 0.962155 0.104277 -0.251761 -0.251778 0.693584 -0.674943 -0.104237 -0.712788 -0.693591
-24.108346 -362.845093 56260.891183 283770.865849 0.988709 0.144400 -0.040042 -0.136931 0.762084 -0.632833 0.060865 -0.631171 -0.773252
-523.031154 -1591.616472 298457.439129 -968707.965720 -0.166734 -0.464484 -0.869744 -0.220561 0.877309 -0.426242 0.961016 0.120763 -0.248724
-148.433370 -454.966704 99820.110017 -188886.028446 -0.334070 -0.252795 -0.908016 -0.012006 0.964425 -0.264082 0.942472 -0.077321 -0.325220
-150.824364 -894.585264 117997.712657 -448478.682447 -0.270227 -0.417742 -0.867450 -0.360816 0.879248 -0.311023 0.892631 0.228943 -0.388324
-341.675873 -708.359273 188969.572485 -171066.522625 -0.120146 -0.348956 -0.929406 -0.673376 0.716551 -0.181989 0.729473 0.603974 -0.321069
-453.614250 -528.333492 154148.666794 -112105.010845 -0.003208 -0.024351 -0.999698 -0.492320 0.870193 -0.019616 0.870408 0.492109 -0.014780
-14.316058 -64.978411 188.706569 -3571.186045 -0.500472 0.864765 -0.041328 0.861559 0.492787 -0.121975 -0.085113 -0.096652 -0.991672
-13.136533 -60.939467 2976.453375 3016.339706 -0.542346 0.840030 -0.014513 -0.828606 -0.531957 0.174454 -0.138826 -0.106640 -0.984558
-12.108551 -64.017932 4817.618635 2502.371629 -0.524047 0.851634 -0.009723 -0.847859 -0.520575 0.100679 -0.080680 -0.061004 -0.994871
-84.387941 -148.949753 683.270730 34048.866888 -0.241294 0.673430 -0.698763 0.721645 0.605934 0.334771 -0.648849 0.423481 0.632186
-49.955308 -153.467348 -14521.538409 52369.760076 -0.277463 0.756454 -0.592277 0.810799 0.515080 0.278025 -0.515383 0.403076 0.756248
-46.738792 -110.720684 17375.062290 42070.662448 0.172511 -0.846093 0.504348 0.914259 0.328087 0.237677 -0.366567 0.420103 0.830146
90.859145 -136.268498 11694.294196 8564.464724 0.234780 -0.860103 0.452880 0.835756 -0.059299 -0.545889 0.496376 0.506662 0.704914
110.552287 -147.605858 9992.767690 2916.190142 0.274265 -0.773626 0.571211 0.860596 -0.067611 -0.504781 0.429132 0.630026 0.647236
99.501776 -132.315635 -311.581842 17740.489494 0.273648 -0.729801 0.626503 0.765658 -0.228947 -0.601125 0.582138 0.644184 0.496127
-88.868708 -120.415670 2262.106406 -11101.966313 -0.529001 0.471333 -0.705693 -0.152329 0.765330 0.625353 0.834838 0.438310 -0.333062
-93.421784 -123.355938 5685.766440 3789.699579 -0.550864 0.615695 -0.563444 0.159267 -0.585153 -0.795129 0.819258 0.527746 -0.224280
20.218624 -37.122398 15974.482340 -4159.184585 0.049686 0.987425 -0.150077 0.424167 0.115177 0.898230 -0.904220 0.108287 0.413110
4.338468 -37.628466 2816.835029 -5734.059411 0.015070 0.972831 -0.231026 0.434434 0.201734 0.877821 -0.900577 0.113594 0.419591
-0.094189 -32.197982 -1458.537989 -5349.745876 -0.036993 0.940309 -0.338306 0.392110 0.325046 0.860578 -0.919174 0.100817 0.380729
-19.049871 -44.154052 -1930.291513 15356.950784 -0.109463 0.936591 -0.332890 0.115690 -0.320622 -0.940116 0.987235 0.141420 0.073258
-12.503867 -22.043779 1403.191939 12839.521663 -0.086646 0.822854 -0.561608 0.089325 -0.555041 -0.827013 0.992227 0.121823 0.025409
-5.642664 -18.425463 10511.914008 -9358.498971 -0.032026 0.340022 -0.939872 -0.122603 0.931916 0.341322 0.991939 0.126162 0.011842
-17.396159 -30.376049 3405.086761 6426.432971 -0.376634 0.825575 -0.420206 0.574424 -0.147736 -0.805116 0.726763 0.544610 0.418588
-13.201103 -22.448129 4322.742241 -373.503330 0.012871 0.581337 -0.813561 -0.653502 0.620708 0.433193 0.756815 0.526088 0.387894
-1.524228 -69.503688 -1747.753414 -13200.793476 -0.208133 0.974503 0.083814 0.715924 0.093398 0.691903 -0.666434 -0.204012 0.717109
1.223199 -70.746094 -2459.575583 -5428.311933 -0.223638 0.971444 0.079270 0.795004 0.134757 0.591446 -0.563875 -0.195289 0.802438
-2.918300 -72.998883 -1359.220998 -15555.030574 -0.187036 0.977665 0.095862 0.724397 0.071351 0.685680 -0.663525 -0.197689 0.721563
-0.154983 -66.718756 558.006188 18110.720254 -0.248827 0.968253 0.023879 0.360148 0.069610 0.930294 -0.899099 -0.240083 0.366036
-2.647127 -69.732690 -1557.178394 1962.644201 -0.258618 0.965897 -0.012613 0.209764 0.068900 0.975321 -0.942929 -0.249590 0.220429
6.860254 -86.377304 -1960.634723 4117.281645 -0.306805 0.922039 -0.236040 0.250188 0.317408 0.914690 -0.918301 -0.221577 0.328066
9.138085 -79.651504 -4077.667723 8466.772317 -0.306855 0.931866 -0.193559 0.403810 0.311630 0.860131 -0.861846 -0.185774 0.471922
6.672216 -78.306346 -2990.954796 6259.070016 -0.311877 0.929941 -0.194788 0.331676 0.298675 0.894865 -0.890351 -0.214481 0.401589
8.800529 -87.438010 -1396.754395 3399.406847 -0.299055 0.916760 -0.264796 0.318087 0.357397 0.878116 -0.899659 -0.178377 0.398491
3.691475 -94.510476 -434.721666 6053.318337 -0.294114 0.937735 -0.184799 0.215202 0.253360 0.943131 -0.931228 -0.237618 0.276319
3.690324 -89.996355 863.453774 1403.408577 -0.291628 0.915155 -0.278289 0.168197 0.335465 0.926916 -0.941628 -0.223507 0.251758
2.308879 -103.102430 613.559519 10984.125178 -0.293337 0.934300 -0.202577 0.155748 0.255771 0.954109 -0.943237 -0.248324 0.220542
17.592397 -166.829762 4503.026034 17515.898225 -0.134773 0.906978 -0.399032 -0.810866 -0.332404 -0.481668 0.569502 -0.258646 -0.780237
20.199441 -166.652108 -1088.811535 17653.136458 -0.081066 0.901948 -0.424167 -0.782776 -0.321056 -0.533091 0.617001 -0.288812 -0.732050
-1.644407 -72.091699 -3168.137646 -4534.007151 -0.048471 0.958858 -0.279716 0.974941 0.106293 0.195426 0.217118 -0.263235 -0.939983
-3.318526 -74.437157 -909.681156 -69.102800 -0.046297 0.963898 -0.262218 -0.935785 -0.133696 -0.326238 0.349517 -0.230276 -0.908191
-2.392080 -72.796829 978.323783 -7296.888272 -0.044937 0.965697 -0.255755 0.972664 0.100681 0.209257 0.227828 -0.239360 -0.943823
-19.437568 -156.731823 -4719.848587 11066.284778 0.188428 -0.884202 0.427413 0.981022 0.149197 -0.123840 0.045731 0.442637 0.895534
-21.447492 -157.514013 -6900.885623 3816.264504 0.173984 -0.896868 0.406641 0.975495 0.213444 0.053391 -0.134679 0.387387 0.912027
-18.699175 -163.685831 -2044.428437 -232.880439 0.168463 -0.898222 0.405978 0.955380 0.250167 0.157051 -0.242628 0.361407 0.900287
69.973811 -75.033677 -795.888954 -836.607101 0.044665 -0.821932 0.567832 0.995846 0.081778 0.040041 -0.079347 0.563685 0.822170
65.036718 -74.507840 18528.752174 -787.979534 0.061215 -0.892078 0.447716 0.997122 0.074756 0.012619 -0.044727 0.445655 0.894087
75.000627 -74.260201 17346.724165 3061.495445 0.051138 -0.871227 0.488209 0.993330 0.094958 0.065409 -0.103346 0.481608 0.870272
321.733438 -224.831096 -231041.730216 40549.986247 -0.810063 -0.295317 0.506543 -0.340546 0.940221 0.003553 -0.477312 -0.169623 -0.862207
2289.124247 -735.857498 -1502522.625239 343485.440041 -0.727009 0.242968 0.642202 0.110364 0.964488 -0.239963 -0.677700 -0.103579 -0.728007
1003.876927 -248.583076 632157.052345 -27760.003358 0.772032 0.178912 -0.609883 -0.426814 0.856952 -0.288901 -0.470952 -0.483347 -0.737956
242.831579 -143.842563 -121719.504140 27443.398786 -0.614604 0.005424 0.788817 0.005425 0.999982 -0.002650 -0.788817 0.002651 -0.614622
378.415813 -164.196414 -233212.153380 61540.627525 -0.509393 0.298421 0.807133 0.085853 0.950889 -0.297389 -0.856241 -0.082193 -0.509996
-18.512857 -87.267804 2581.292888 22960.156169 0.000645 0.999247 0.038785 0.005151 -0.038788 0.999234 -0.999987 0.000445 0.005172
-18.535720 -83.024307 3676.048857 2418.053674 -0.013342 0.999336 0.033914 -0.163140 -0.035638 0.985959 -0.986513 -0.007622 -0.163507
-17.908348 -88.086842 6468.526574 23570.845509 -0.019583 0.999397 -0.028658 0.014876 0.028951 0.999470 -0.999698 -0.019147 0.015434
-14.524446 -317.405031 5066.985508 8448.684845 0.880437 0.225604 -0.417053 -0.461413 0.610235 -0.643981 -0.109216 -0.759419 -0.641370
-8.834721 -296.941626 640.769849 31993.113960 0.902394 0.173793 -0.394312 -0.409620 0.630053 -0.659731 -0.133780 -0.756855 -0.639745
-2.270963 -298.975844 -6816.950270 54209.998423 0.909391 0.104546 -0.402590 -0.345075 0.730030 -0.589897 -0.232232 -0.675371 -0.699959
-0.841659 -376.379210 -1125.666898 -14467.429496 0.930736 0.281358 -0.233599 0.219225 0.081992 0.972223 -0.292696 0.956094 -0.014632
-1.834158 -360.134360 -5731.172956 -29702.681922 0.921159 0.300878 -0.246859 0.208542 0.153953 0.965820 -0.328598 0.941154 -0.079070
-50.891794 -332.963904 59308.486790 125716.928232 -0.544928 -0.146993 0.825498 0.639094 0.564500 0.522398 -0.542782 0.812239 -0.213669
-87.266161 -555.219710 -18676.743220 400546.979605 0.621511 0.421956 0.660059 -0.548887 -0.366625 0.751205 -0.558970 0.829180 -0.003745
231.756453 -4804.009043 -26111.832549 -2031979.312639 0.366276 0.132967 0.920957 0.158922 0.966256 -0.202713 -0.916834 0.220609 0.332785
-220.191399 -3322.667605 -138138.670226 260760.888726 0.371253 -0.501399 0.781518 -0.485289 0.612793 0.623682 -0.791622 -0.610806 -0.015823
32.368075 -72.394774 -3380.846869 3172.140763 0.016819 0.951202 -0.308110 0.759287 -0.212645 -0.615033 0.650539 0.223599 0.725812
33.754321 -67.164910 -5113.846319 4000.316413 0.021680 0.959408 -0.281186 0.695057 -0.216627 -0.685542 0.718627 0.180578 0.671540
33.989047 -73.734520 5908.126121 -79.766378 -0.003187 0.945194 -0.326493 0.826037 -0.181527 -0.533583 0.563607 0.271396 0.780187
-38.791773 -117.503892 -1379.224069 17295.901648 -0.636297 -0.170389 0.752392 0.637013 -0.666168 0.387859 0.435133 0.726077 0.532420
-33.082351 -95.953012 4319.226318 11374.504259 0.640685 0.172914 -0.748080 0.564466 -0.766545 0.306248 0.520482 0.618474 0.588717
-29.835567 -99.878900 856.553668 14150.160986 0.679662 0.071240 -0.730058 0.506899 -0.765010 0.397257 0.530201 0.640066 0.556060
-40.926841 -115.998214 -6541.859910 17864.407036 -0.593704 -0.250598 0.764668 0.681288 -0.662222 0.311942 0.428208 0.706160 0.563893
-40.666322 -126.341459 1429.703541 18835.553288 0.687459 0.059009 -0.723822 0.584865 -0.635824 0.503648 0.430504 0.769575 0.471615
-46.099411 -134.950991 278.840001 17739.996709 -0.656310 -0.147881 0.739857 0.676980 -0.548348 0.490930 0.333100 0.823071 0.459998
-47.003490 -139.715647 -177.871612 17429.080266 -0.606254 -0.246368 0.756148 0.744299 -0.510696 0.430359 0.280135 0.823707 0.492982
66.056430 -10.441623 -18951.285268 6344.680805 -0.046329 0.915680 -0.399230 -0.358818 0.357731 0.862136 -0.932257 -0.183193 -0.311990
