12517
25021
-37.723320 -60.324493 -1092.667590 9237.886667 0.223586 0.974077 -0.034396 0.729137 -0.143737 0.669103 -0.646814 0.174682 0.742374
-46.680886 -70.329512 380.848993 6838.008210 0.306492 0.950108 -0.057941 0.626415 -0.155492 0.763824 -0.716706 0.270401 0.642819
-41.597228 -83.651649 -2295.431953 13241.530820 0.021067 0.968474 -0.248221 0.677140 0.168839 0.716223 -0.735552 0.183169 0.652236
-37.265798 -57.041832 1356.157507 5833.097261 0.537094 0.826069 0.170705 0.556798 -0.499212 0.663900 -0.633646 0.261528 0.728077
-23.192776 -77.073061 -7208.425045 16743.096049 -0.034443 0.990644 -0.132051 0.762272 0.111492 0.637582 -0.646339 0.078699 0.758981
-29.696876 -50.851315 -3676.177240 9625.081059 0.156136 0.987687 -0.009817 0.798662 -0.120394 0.589613 -0.581171 0.099900 0.807626
-31.638110 -46.785465 179.362851 5041.923795 0.551349 0.801283 0.232291 0.597461 -0.573565 0.560414 -0.582284 0.170199 0.794970
-55.009171 -75.034069 -1648.614882 -5084.895221 -0.129932 0.989074 -0.069643 0.686410 0.039041 -0.726166 0.715513 0.142156 0.683983
-54.184367 -72.614854 -44.410885 -4026.582144 -0.106102 0.950418 -0.292316 0.583940 -0.178388 -0.791954 0.804833 0.254723 0.536060
-54.602706 -68.328351 -682.713273 -2344.600659 -0.313452 0.948218 -0.051294 0.635414 0.169294 -0.753385 0.705689 0.268743 0.655576
-50.860499 -67.252720 -323.478312 -1203.678093 -0.449999 0.878409 0.160930 0.636223 0.441804 -0.632479 0.626675 0.182228 0.757675
19.929035 -22.720195 -491.414409 -656.278248 0.767083 0.158667 -0.621618 0.307419 0.759540 0.573230 -0.563096 0.630812 -0.533853
31.553414 -20.802480 2715.759844 344.512014 0.798351 0.285678 -0.530118 0.211104 0.691680 0.690662 -0.563978 0.663301 -0.491895
23.651854 -20.153362 -2450.620160 212.589149 -0.794090 -0.400615 0.457087 0.063471 0.693266 0.717881 -0.604477 0.599074 -0.525088
50.873551 -21.610303 11784.762649 1000.190460 0.808621 0.472045 -0.351149 0.008294 0.587652 0.809072 -0.588271 0.657145 -0.471272
41.540909 -24.824598 11288.621166 1589.764887 0.763807 0.591368 -0.258617 -0.143653 0.546384 0.825123 -0.629255 0.593084 -0.502284
18.076837 -21.599686 -2194.954026 209.077604 -0.762137 -0.537252 0.361259 -0.103353 0.651809 0.751307 -0.639113 0.535262 -0.552295
-15.398532 -46.122130 -695.101614 -1167.842563 -0.354190 0.932955 -0.064382 0.883536 0.311279 -0.349956 0.306452 0.180834 0.934551
-16.777211 -47.649306 -974.515685 1103.059817 -0.279255 0.956486 -0.084568 0.850257 0.205391 -0.484641 0.446183 0.207243 0.870615
-19.937596 -44.089020 -1573.654209 913.280051 -0.337418 0.934316 -0.114899 0.838534 0.242847 -0.487736 0.427797 0.260918 0.865397
-16.509853 -43.130300 -1597.580907 2829.453861 -0.261378 0.958758 -0.111649 0.794280 0.147917 -0.589270 0.548453 0.242703 0.800184
-26.217618 -38.069886 -1770.834738 1215.115416 -0.305392 0.925654 -0.223386 0.830252 0.143969 -0.538474 0.466280 0.349912 0.812493
-24.134046 -41.160551 -1210.338575 950.572975 -0.529547 0.844639 -0.078521 0.765178 0.435661 -0.474026 0.366173 0.311102 0.877002
-6.215794 -37.436621 -3175.673049 4496.321457 0.160029 0.737558 -0.656048 -0.792177 0.492484 0.360438 -0.588937 -0.462025 -0.663088
-17.986552 -39.826697 1340.955151 -35.405013 0.127058 0.790829 -0.598703 0.878559 -0.369908 -0.302162 -0.460423 -0.487604 -0.741790
-7.855070 -41.311458 -5549.708384 -1912.508422 0.249925 0.656046 -0.712138 0.828186 -0.525877 -0.193805 -0.501642 -0.541347 -0.674758
16.838207 -39.509977 -11653.082109 3905.724750 0.238851 0.620027 -0.747339 -0.780905 0.580091 0.231692 -0.577180 -0.528262 -0.622738
4.234761 -31.410144 -4974.509903 4604.407705 0.186461 0.697843 -0.691554 -0.731824 0.568290 0.376138 -0.655489 -0.435961 -0.616662
-1.393570 -53.640159 -522.755790 -1011.161953 0.001262 0.965513 0.260352 0.901891 -0.113561 0.416768 -0.431961 -0.234284 0.870931
-3.359021 -53.093631 -1630.962225 -1208.917183 0.018506 0.959443 0.281294 0.897566 -0.139892 0.418098 -0.440492 -0.244743 0.863752
-3.570904 -50.895095 -960.467497 457.689749 0.016619 0.962647 0.270249 0.865159 -0.149337 0.478746 -0.501222 -0.225852 0.835325
-2.009870 -50.413007 -148.243110 1465.269573 0.002173 0.968408 0.249360 0.870385 -0.124608 0.476343 -0.492367 -0.216004 0.843159
-4.224428 -113.241938 -1994.280071 6458.063140 0.035289 0.992819 -0.114307 -0.633674 -0.066217 -0.770761 0.772795 -0.099632 -0.626787
-5.337991 -112.670195 797.738332 1674.822830 0.036651 0.998358 -0.044014 -0.443340 -0.023228 -0.896053 0.895604 -0.052354 -0.441761
0.903825 -119.115517 -4216.612155 879.073932 0.068354 0.990798 -0.116822 -0.423591 -0.077195 -0.902559 0.903271 -0.111178 -0.414416
-13.686201 -86.071727 257.704616 301.100638 -0.326413 0.941655 -0.082100 -0.279380 -0.179089 -0.943331 0.902996 0.284978 -0.321537
-13.670737 -90.251650 -21.372069 -1120.071961 -0.282010 0.956027 -0.080515 -0.389409 -0.190757 -0.901095 0.876830 0.222764 -0.426081
-12.035459 -89.122679 -36.212106 -1751.103962 -0.328419 0.939817 -0.094257 -0.452271 -0.244080 -0.857832 0.829212 0.239098 -0.505213
-12.685713 -90.540122 5.208810 -941.900914 -0.358768 0.928656 -0.094251 -0.332499 -0.221494 -0.916725 0.872198 0.297553 -0.388242
5.812202 -70.619141 -1924.469218 720.710226 0.148122 0.965998 0.211913 0.915773 -0.053072 -0.398176 0.373390 -0.253042 0.892496
6.763856 -71.215707 -1492.653633 -725.293235 0.122975 0.970181 0.208868 0.962797 -0.065603 -0.262141 0.240622 -0.233335 0.942155
11.190916 -71.207613 -1408.199885 1418.787824 0.122752 0.975244 0.183931 0.900106 -0.031340 -0.434542 0.418020 -0.218898 0.881671
2.287248 -69.714003 2008.416892 -468.297279 -0.139228 -0.964843 -0.222922 0.968547 -0.085797 -0.233571 0.206233 -0.248431 0.946441
9.187215 -67.501830 -1601.248559 2601.638763 0.151661 0.969177 0.194154 0.834511 -0.020283 -0.550618 0.529708 -0.245531 0.811865
3.468990 -67.436911 -1943.945997 1700.712665 0.168072 0.963889 0.206566 0.848002 -0.034526 -0.528867 0.502637 -0.264056 0.823183
0.512193 -69.023040 -2168.390310 617.098330 0.161087 0.962813 0.216893 0.922267 -0.068606 -0.380417 0.351391 -0.261313 0.899022
-1.906350 -104.388087 -471.908253 -6532.745823 0.993135 0.116786 -0.006668 0.105490 -0.918795 -0.380377 0.050550 -0.377062 0.924807
-2.476129 -109.721160 595.690508 -7331.316693 0.994330 0.102780 -0.027281 0.085445 -0.924940 -0.370385 0.063302 -0.365954 0.928478
-3.632905 -139.460186 224.898854 -16314.233337 0.994137 0.106687 -0.017611 0.078069 -0.820864 -0.565762 0.074816 -0.561070 0.824380
-3.394378 -137.923998 -830.506393 -18956.553519 0.994379 0.105612 -0.007459 0.083818 -0.828303 -0.553975 0.064685 -0.550236 0.832500
-10.762813 -47.831800 -1036.424837 -1470.928651 0.121319 0.992613 0.000989 -0.804631 0.097760 0.585672 -0.581249 0.071849 -0.810547
-9.312078 -50.143353 -485.617426 -1992.398259 0.095315 0.995437 -0.004511 -0.808024 0.080015 0.583691 -0.581388 0.051990 -0.811963
-9.405119 -52.789163 7.623670 -2022.197011 0.091039 0.994884 0.043789 -0.731409 0.036958 0.680936 -0.675835 0.094020 -0.731032
-9.957408 -53.402210 318.976506 -2846.756810 0.077346 0.996737 0.023094 -0.750705 0.042980 0.659238 -0.656094 0.068327 -0.751579
-1.515450 -223.361678 2548.260711 36481.121979 0.963409 0.019439 -0.267331 -0.089419 0.963539 -0.252186 -0.252682 -0.266863 -0.930019
-3.635558 -165.272890 -133.164920 13902.206866 -0.953432 -0.016430 0.301161 -0.071629 0.982282 -0.173180 -0.292979 -0.186687 -0.937716
-2.456529 -156.205410 -1637.653177 20691.770071 -0.961547 -0.017582 0.274077 -0.008001 0.999319 0.036035 -0.274523 0.032456 -0.961033
-0.193546 -168.659920 -957.139208 22288.567816 -0.959670 0.000303 0.281128 0.003231 0.999945 0.009951 -0.281109 0.010458 -0.959619
0.238202 -220.305931 -211.299424 25431.312813 0.951860 0.005838 -0.306478 -0.115102 0.933464 -0.339702 -0.284103 -0.358625 -0.889198
-2.757163 -261.794763 922.709909 28597.563128 0.959653 0.025098 -0.280063 -0.198585 0.765638 -0.611851 -0.199071 -0.642781 -0.739732
20.280767 -138.059142 -2053.716966 1538.357788 0.995028 0.004221 -0.099508 -0.076440 -0.608124 -0.790154 0.063848 -0.793831 0.604777
13.093997 -145.717268 1268.274753 2996.664177 0.985169 0.062127 -0.159944 -0.126808 -0.364338 -0.922593 0.115592 -0.929192 0.351056
14.348208 -143.600176 -2034.895108 12824.074437 0.998722 -0.004099 -0.050380 -0.048872 -0.332759 -0.941745 0.012904 -0.943003 0.332534
12.652446 -146.893790 -3681.519441 15036.414137 0.999746 -0.021740 -0.005967 -0.012073 -0.292775 -0.956105 -0.019038 -0.955934 0.292963
17.227317 -140.296663 -4438.580816 3711.547099 0.999123 -0.033140 -0.025599 -0.039968 -0.572240 -0.819111 -0.012497 -0.819416 0.573063
-22.225327 -102.359083 -2955.478139 -7078.393037 0.923578 0.120031 -0.364137 0.289684 0.403709 0.867814 -0.251170 0.906979 -0.338086
-23.502795 -112.122675 -2704.199557 -1779.143612 0.952927 0.114077 -0.280920 0.272190 0.086314 0.958365 -0.133574 0.989715 -0.051201
-22.950701 -101.712300 -591.156937 -4735.152509 0.952257 0.063653 -0.298588 0.271847 0.268323 0.924176 -0.138945 0.961224 -0.238209
20.012390 -2840.714781 -33677.284165 -1086584.695408 0.918266 -0.139566 -0.370552 -0.247062 -0.933261 -0.260737 0.309432 -0.330975 0.891463
140.175870 -683.823169 136389.902911 -124716.501935 -0.521562 -0.749944 0.406887 0.841166 -0.531818 0.098029 0.142874 0.393387 0.908203
-42.874441 -363.289601 12851.467212 -100553.627090 0.938134 0.227418 -0.261125 0.276429 -0.946021 0.169209 0.208548 0.230923 0.950359
-119.549207 -2831.404794 36696.986516 1011585.749208 0.904961 0.058711 -0.421424 -0.407730 -0.163539 -0.898338 0.121662 -0.984788 0.124058
-22.868187 -1568.747563 1848.340018 657474.879151 0.942151 0.056379 -0.330412 -0.256277 -0.514186 -0.818496 0.216039 -0.855824 0.469992
-2377.442675 -4425.933722 532888.373534 1537701.036730 0.839192 -0.057329 -0.540806 -0.467087 -0.585310 -0.662753 0.278544 -0.808780 0.517965
-24.536871 -32.348827 1699.589907 594.539446 -0.429920 0.883800 0.184571 -0.583629 -0.428014 0.690059 -0.688873 -0.188949 -0.699823
-24.544690 -32.727364 1222.111228 -313.133403 -0.452326 0.879638 0.147102 -0.637438 -0.434223 0.636492 -0.623758 -0.194134 -0.757125
-26.342538 -31.466390 -616.147803 1300.302499 -0.534455 0.825582 0.181029 -0.517880 -0.489148 0.701808 -0.667950 -0.281333 -0.688980
-25.045362 -29.392974 1115.611242 1507.072088 -0.362976 0.928273 0.080978 -0.574030 -0.291220 0.765298 -0.733988 -0.231301 -0.638562
17.148510 -43.993185 11383.087765 1028.465150 0.326725 0.942353 0.072267 -0.933040 0.309419 0.183563 -0.150620 0.127403 -0.980348
-1.640568 -46.586756 6532.597010 2376.130217 0.291643 0.955257 0.049275 -0.951597 0.284532 0.116208 -0.096988 0.080782 -0.992002
-8.449633 -43.100593 3921.498134 1417.793116 0.240916 0.969629 0.042184 -0.953095 0.228155 0.198887 -0.183222 0.088120 -0.979114
-6423.669816 -11452.675644 2770843.856317 -3792868.771065 -0.196391 0.972988 0.121345 -0.721026 -0.227172 0.654610 -0.664494 -0.041067 -0.746164
57.956922 -426.919486 -34520.505505 -79010.683283 0.874439 -0.290018 -0.388903 -0.363220 0.140032 -0.921120 -0.321600 -0.946721 -0.017110
-1063.712208 -1870.487053 -686452.504869 7591.223548 -0.055692 -0.133384 0.989498 -0.160170 0.979395 0.123007 -0.985517 -0.151637 -0.075909
-147.468745 -265.200187 32341.423163 30616.504582 0.730091 0.578661 -0.363481 0.411661 0.052122 0.909845 -0.545437 0.813901 0.200158
15.730911 -1333.190215 10858.842068 365259.354110 0.938915 0.341585 0.041943 -0.331337 0.864275 0.378475 -0.093031 0.369253 -0.924661
18.449421 -877.727071 2623.414621 -5202.123105 0.901100 0.433604 0.002270 -0.431402 0.895970 0.105498 -0.043710 0.096043 -0.994417
-12.440308 -581.168765 -7274.852661 -70381.741167 -0.917519 -0.386252 -0.094701 -0.361425 0.909211 -0.206656 0.165924 -0.155383 -0.973820
-26.364851 -35.493969 1035.921724 3017.059643 0.507192 0.775904 -0.375138 -0.756837 0.609207 0.236780 -0.412256 -0.163825 -0.896218
-27.225715 -36.603962 -260.199255 1556.663565 0.347371 0.834242 -0.428221 -0.837859 0.481192 0.257771 -0.421100 -0.269246 -0.866130
-28.357818 -32.148871 1710.439786 2857.416723 0.381811 0.845217 -0.373937 -0.787359 0.509339 0.347331 -0.484030 -0.161808 -0.859961
-45.069616 -61.411887 1255.768728 -420.959922 0.998840 0.046050 0.014082 -0.033260 0.448252 0.893288 -0.034823 0.892720 -0.449264
-46.961958 -65.330416 720.655031 -613.756396 0.986112 0.154369 0.061263 -0.107961 0.315519 0.942758 -0.126203 0.936279 -0.327803
-44.220645 -62.831196 1130.229265 -530.369529 0.995799 0.007605 0.091251 -0.088323 0.342687 0.935289 0.024158 0.939419 -0.341919
-43.165545 -60.378564 1554.561459 -37.521680 0.996581 -0.082375 0.006438 0.035673 0.499235 0.865732 0.074529 0.862542 -0.500467
46.067324 -72.002706 2703.319318 1122.326223 0.699641 0.714288 0.017170 -0.709812 0.697602 -0.097564 0.081667 -0.056072 -0.995081
37.407129 -68.572705 2387.204666 4640.903376 0.726474 0.687134 0.009144 -0.685239 0.723340 0.085009 -0.051799 0.068023 -0.996338
48.728681 -74.423874 -3536.065227 4032.913708 -0.766700 -0.636052 0.087233 -0.637634 0.770247 0.011956 -0.074795 -0.046456 -0.996116
62.713942 -73.207733 2821.875715 -4305.126637 0.750391 0.649813 -0.121066 -0.655181 0.706970 -0.266330 0.087475 -0.279171 -0.956249
58.441336 -79.122426 2162.743983 1895.628760 0.801160 0.544732 -0.247811 -0.578334 0.811193 -0.086578 -0.153861 -0.212681 -0.964932
4.602665 -46.620988 2466.840015 -454.240843 0.241916 0.904266 -0.351823 -0.303023 -0.274049 -0.912729 0.921766 -0.327414 -0.207717
17.047054 -51.119223 4130.559209 231.542646 0.254955 0.905605 -0.338937 -0.424419 -0.210145 -0.880742 0.868830 -0.368401 -0.330778
15.643998 -53.240760 3405.944408 -971.338747 0.225416 0.855172 -0.466764 -0.355347 -0.373924 -0.856685 0.907147 -0.358974 -0.219594
4.698151 -45.938513 3263.167472 -17.780987 0.257691 0.940097 -0.223189 -0.355291 -0.122615 -0.926679 0.898534 -0.318094 -0.302411
-7.671919 -54.504428 580.340555 1176.139125 0.028862 0.900695 0.433493 0.978653 0.062821 -0.195685 -0.203485 0.429887 -0.879654
-6.920176 -52.554573 678.310029 1855.824462 0.053052 0.892779 0.447360 0.977435 0.045302 -0.206320 -0.204465 0.448211 -0.870231
-5.919793 -53.345562 694.776568 -335.378979 0.093856 0.892877 0.440412 0.985369 -0.020097 -0.169247 -0.142266 0.449853 -0.881699
-7.513623 -52.201285 -111.827774 1390.072201 0.102794 0.888619 0.446978 0.974011 0.001257 -0.226496 -0.201831 0.458644 -0.865396
-5.338556 -51.276498 -206.142656 -1396.248409 0.145925 0.888266 0.435534 0.982732 -0.079526 -0.167071 -0.113767 0.452393 -0.884533
4.690584 -53.708595 -5.511492 -692.496568 -0.108241 0.880863 0.460829 0.483742 -0.358302 0.798507 -0.868492 -0.309353 0.387328
3.879021 -51.696597 943.396674 -986.048956 -0.096726 0.883322 0.458680 0.402814 -0.386671 0.829594 -0.910157 -0.265006 0.318413
2.690513 -53.009020 -31.159195 -451.593973 -0.117344 0.894648 0.431087 0.368343 -0.363914 0.855506 -0.922255 -0.259176 0.286834
2.162778 -55.363446 -462.198106 -756.887690 -0.126020 0.907669 0.400320 0.377232 -0.329377 0.865567 -0.917505 -0.260093 0.300894
4.349051 -56.000289 -349.565702 -829.534663 -0.111258 0.890116 0.441944 0.498661 -0.334666 0.799585 -0.859627 -0.309341 0.406632
-1.454067 -52.074871 211.165145 306.823894 -0.137960 0.923790 0.357182 0.085084 -0.348244 0.933535 -0.986776 -0.159181 0.030556
-2.171002 -50.776074 -108.761980 580.403018 -0.154735 0.925654 0.345286 0.070326 -0.338289 0.938411 -0.985450 -0.169488 0.012752
0.091722 -52.827970 1.168907 -982.617268 -0.142921 0.929698 0.339464 0.198270 -0.309138 0.930120 -0.969671 -0.200239 0.140149
-1.040856 -49.383833 257.208103 -1598.173622 -0.152464 0.944682 0.290397 0.154282 -0.267480 0.951132 -0.976193 -0.189817 0.104966
-0.336626 -95.477231 -343.521351 10449.599202 -0.080856 0.994526 0.066189 -0.794923 -0.104404 0.597659 -0.601298 0.004291 -0.799013
0.040414 -101.937906 479.313275 10687.142285 -0.091961 0.991772 0.089065 -0.818931 -0.126210 0.559843 -0.566477 0.021454 -0.823798
-2.128151 -110.371516 -124.808923 12637.064391 -0.080100 0.993955 0.075087 -0.876012 -0.106136 0.470466 -0.475591 0.028093 -0.879218
-0.789892 -109.501259 -313.190343 10624.561809 -0.067552 0.996113 0.056524 -0.847579 -0.087183 0.523459 -0.526353 0.012548 -0.850174
-5.641626 -56.410492 1497.680147 4697.441763 -0.150939 0.913758 0.377179 -0.124680 -0.396101 0.909703 -0.980649 -0.090283 -0.173714
-3.823597 -62.260126 1289.791518 4046.713610 -0.140137 0.917918 0.371199 -0.196212 -0.393209 0.898269 -0.970496 -0.053048 -0.235210
-5.183828 -67.097868 2328.385769 4429.244318 -0.141553 0.907586 0.395285 -0.275549 -0.419649 0.864851 -0.950808 -0.013502 -0.309488
87.117370 -140.508382 13322.608853 -5219.485912 0.522914 0.504224 -0.687254 0.684855 0.231493 0.690930 0.507478 -0.831967 -0.224270
67.289817 -121.965861 8380.676063 -15463.005251 0.450582 0.537014 -0.713156 -0.489716 -0.519242 -0.700404 0.746428 -0.664833 -0.029023
68.746234 -116.420961 4252.204151 -4935.128681 0.496492 0.589400 -0.637262 0.655984 0.226034 0.720135 0.568490 -0.775575 -0.274413
5.992281 -80.544468 479.945256 -3463.343467 -0.088790 0.996012 0.008732 -0.216007 -0.027812 0.975996 -0.972346 -0.084772 -0.217615
5.132791 -75.934811 -589.123932 -3783.184373 -0.105085 0.994388 0.012266 -0.372369 -0.050782 0.926695 -0.922117 -0.092814 -0.375615
4.150384 -77.754439 -246.054774 -3888.586656 -0.088165 0.996067 0.008768 -0.327637 -0.037311 0.944067 -0.940681 -0.080361 -0.329638
2.383609 -68.654203 238.635858 -4047.433608 0.009673 0.967688 0.251967 -0.889781 0.123309 -0.439415 0.456286 0.219945 -0.862222
-0.664157 -68.670660 2017.926547 -4512.382896 -0.001819 0.964455 0.264240 -0.887155 0.120382 -0.445493 0.461468 0.235232 -0.855402
0.350307 -75.673343 1640.863057 -3396.978079 0.010279 0.961858 0.273355 -0.957741 0.088054 -0.273823 0.287449 0.258989 -0.922116
2.039066 -75.861443 -857.202736 -2252.465663 0.012479 0.972526 0.232459 -0.968275 0.069778 -0.239948 0.249576 0.222090 -0.942543
12.946279 -200.362097 1600.032099 -47839.354799 0.802210 -0.177712 -0.569981 0.514961 0.689039 0.509941 -0.302117 0.702598 -0.644268
13.342054 -278.916046 1481.003058 -66530.360517 0.721453 -0.209606 -0.659978 0.676970 0.413979 0.608551 -0.145661 0.885826 -0.440563
19.060763 -611.026284 -4406.594344 -187567.364802 0.771473 -0.114757 -0.625828 0.560380 0.588387 0.582902 -0.301337 0.800395 -0.518232
8.246501 -176.750373 3862.844806 -35403.241289 0.778717 -0.231967 -0.582916 0.570777 0.647613 0.504788 -0.260410 0.725802 -0.636709
11.129128 -191.612635 221.450587 -44371.399753 0.810598 -0.114825 -0.574236 0.413637 0.806396 0.422646 -0.414531 0.580121 -0.701158
-24.716008 -45.175579 -1731.814430 -453.885887 -0.437052 0.898964 -0.029137 -0.258537 -0.156590 -0.953225 0.861478 0.409076 -0.300853
-21.757907 -44.817942 1838.596940 -498.129316 -0.529334 0.843940 -0.087008 -0.159097 -0.199474 -0.966902 0.833363 0.497971 -0.239856
-26.139480 -43.590733 -1730.004391 -605.624043 -0.449976 0.889002 -0.084842 -0.112806 -0.150825 -0.982103 0.885888 0.432352 -0.168152
-23.328232 -43.630916 -1731.740036 -717.729787 -0.384959 0.922895 -0.008466 -0.203493 -0.093822 -0.974571 0.900221 0.373447 -0.223920
0.385153 -280.019184 594.952719 23594.153891 0.732980 -0.202956 -0.649269 0.078292 0.973282 -0.215854 0.675730 0.107384 0.729286
-0.164417 -331.220704 1277.697813 5233.387692 0.726344 -0.197970 -0.658204 -0.047747 0.940776 -0.335651 0.685671 0.275226 0.673874
2.385362 -247.791810 1107.975714 -4673.036593 0.715230 -0.263767 -0.647204 -0.104954 0.875008 -0.472594 0.690964 0.405940 0.598149
1.044766 -258.092616 1819.993288 -785.592379 0.728787 -0.257533 -0.634466 -0.025318 0.915810 -0.400814 0.684272 0.308171 0.660910
-0.992782 -326.260314 332.919603 56278.961619 0.729903 -0.190428 -0.656490 0.153548 0.981543 -0.113998 0.666082 -0.017596 0.745671
-3.874223 -375.657725 -1318.325517 82735.241256 0.749593 -0.146519 -0.645479 0.268135 0.958810 0.093741 0.605156 -0.243343 0.758004
-245.149642 -652.144614 77734.250253 173855.479657 0.146022 0.952952 -0.265633 0.627622 -0.296793 -0.719725 0.764701 0.061622 0.641432
-240.556166 -377.482396 50467.733184 -6046.140215 0.206215 0.972529 0.107998 0.884430 -0.138030 -0.445793 0.418640 -0.187446 0.888597
-240.137656 -333.293196 26391.756128 34322.713063 0.199355 0.934479 0.294970 0.665412 0.091880 -0.740800 0.719364 -0.343959 0.603497
-245.901252 -388.365769 22297.355705 -6098.883252 -0.340770 -0.799897 -0.494004 0.886341 -0.098131 -0.452514 0.313488 -0.592060 0.742422
-237.757339 -405.501576 32432.693779 30013.935344 -0.344587 -0.686120 -0.640703 0.807763 0.131035 -0.574760 0.478308 -0.715590 0.509069
-1.718821 -43.646551 2055.650551 -1433.252123 0.276887 0.828841 0.486166 0.957660 -0.196496 -0.210420 -0.078875 0.523844 -0.848155
-5.001395 -44.492695 235.805936 -375.047405 0.331986 0.829825 0.448526 0.943282 -0.290918 -0.159958 -0.002253 0.476190 -0.879340
-5.454352 -44.736692 52.922614 -240.922623 0.313376 0.840573 0.441851 0.944048 -0.225388 -0.240776 -0.102802 0.492582 -0.864173
-4.068320 -47.802986 689.212989 -1697.882076 0.250314 0.849120 0.465121 0.967072 -0.242104 -0.078465 0.045982 0.469446 -0.881763
0.797545 -43.044331 3383.158224 259.830951 0.206731 0.831641 0.515399 0.962211 -0.077389 -0.261077 -0.177235 0.549895 -0.816213
9.639288 -36.945047 6180.322820 -1767.261550 0.107935 0.834364 0.540542 0.979782 0.002855 -0.200050 -0.168458 0.551206 -0.817187
3.447360 -42.120349 3121.891722 -3682.909384 0.156595 0.850502 0.502119 0.985799 -0.103376 -0.132338 -0.060647 0.515712 -0.854613
-55.105545 -82.465683 60.886052 3707.758028 0.131680 0.955886 -0.262567 0.537394 0.153738 0.829200 -0.832987 0.250291 0.493444
-50.831008 -76.415112 392.357020 5292.500697 0.410586 0.911162 -0.034676 0.493271 -0.189970 0.848879 -0.766879 0.365642 0.527449
-42.611783 -64.881127 790.843212 5326.016705 0.608218 0.776324 0.165507 0.450950 -0.509533 0.732816 -0.653234 0.371076 0.659991
-53.256736 -77.836869 -1441.723358 -4292.508426 -0.023582 0.985770 -0.166439 0.570309 -0.123472 -0.812097 0.821092 0.114073 0.559282
-51.592690 -74.573263 76.413632 2717.654321 -0.048182 0.958548 -0.280828 0.396678 -0.239668 -0.886118 0.916692 0.154093 0.368687
26.248058 -21.934499 -490.467262 -463.751435 0.771529 0.082778 -0.630786 0.376986 0.739189 0.558104 -0.512469 0.668391 -0.539100
41.444197 -21.116383 3164.521437 -100.182892 0.808777 0.221588 -0.544773 0.282110 0.666603 0.689967 -0.516036 0.711716 -0.476621
17.835838 -23.081962 -477.003381 -918.523110 0.734408 -0.021770 -0.678359 0.436976 0.779937 0.448052 -0.519323 0.625479 -0.582305
23.144894 -26.330648 -501.599464 -342.709541 0.724094 -0.122616 -0.678714 0.517170 0.747600 0.416688 -0.456314 0.652732 -0.604746
32.876936 -24.383908 37.842326 -164.245185 0.783523 0.001210 -0.621362 0.442555 0.700856 0.559416 -0.436163 0.713302 -0.548601
-14.689513 -48.648005 -169.384934 71.918941 -0.276596 0.960116 -0.040900 0.875512 0.234219 -0.422635 0.396199 0.152707 0.905377
-13.935811 -45.508802 -769.977668 2642.345554 -0.258618 0.964037 -0.061235 0.798380 0.177632 -0.575357 0.543788 0.197686 0.815607
-22.734799 -37.849744 1664.537474 3818.826559 0.092542 0.809657 -0.579562 0.937152 -0.267489 -0.224045 -0.336426 -0.522404 -0.783525
-18.258786 -39.297936 2246.093616 1751.058910 -0.103819 0.873287 -0.476017 0.902760 -0.118128 -0.413606 -0.417427 -0.472669 -0.776104
-22.717283 -35.009387 2021.576838 2682.137665 -0.238312 0.864027 -0.443468 0.918448 0.052074 -0.392099 -0.315691 -0.500744 -0.805974
-15.018416 -39.142081 1833.755320 1471.203920 -0.226041 0.890534 -0.394783 0.900943 0.037015 -0.432357 -0.370416 -0.453408 -0.810687
-2.911285 -83.774198 2280.373629 6879.750373 -0.042840 0.995497 -0.084562 -0.837546 -0.081929 -0.540189 0.544684 -0.047683 -0.837285
-2.445106 -96.706155 2852.149995 4086.650948 -0.014438 0.999182 -0.037776 -0.685410 -0.037397 -0.727196 0.728014 -0.015393 -0.685389
-6.067135 -97.359330 1176.922389 7669.330612 -0.003171 0.996148 -0.087635 -0.768938 -0.058456 -0.636645 0.639315 -0.065367 -0.766161
12.364028 -72.988318 -1301.885272 -1092.716708 0.100791 0.978760 0.178522 0.954841 -0.044754 -0.293727 0.279498 -0.200065 0.939071
-2.405014 -100.887330 845.930528 -5675.829595 0.996045 0.080096 -0.038470 0.066702 -0.960035 -0.271816 0.058704 -0.268175 0.961580
-3.982310 -124.690815 797.507896 -12739.408908 0.997054 0.056606 -0.051761 0.025075 -0.878280 -0.477488 0.072489 -0.474783 0.877112
-0.169149 -95.224971 900.658461 -1798.940523 0.991385 0.128549 -0.025102 0.123712 -0.981982 -0.142851 0.043013 -0.138515 0.989426
-0.200953 -91.862762 -511.261322 -1131.707297 0.990317 0.138827 0.000573 0.136597 -0.973657 -0.182575 0.024788 -0.180885 0.983192
3.317186 -48.132293 206.712695 -971.026539 0.098925 0.990714 -0.093274 -0.990719 0.106838 0.084038 -0.093223 -0.084095 -0.992087
1.735117 -49.912193 464.437387 931.275078 0.078002 0.992808 -0.090813 0.995803 -0.081962 -0.040717 -0.047868 -0.087256 -0.995035
1.821383 -51.666073 915.685342 -2798.575846 0.060543 0.994689 -0.083237 -0.988983 0.071063 0.129859 -0.135084 -0.074458 -0.988033
1.015520 -50.468532 240.745421 -2473.902343 0.075685 0.993462 -0.085466 -0.980972 0.089553 0.172259 -0.178787 -0.070802 -0.981337
1.608594 -47.419257 -1652.033499 -138.600311 0.101838 0.987593 -0.119536 -0.987278 0.115086 0.109719 -0.122114 -0.106841 -0.986749
-8.287362 -57.270845 488.124363 -385.526279 0.083312 0.993852 0.072921 -0.558943 -0.013977 0.829088 -0.825010 0.109832 -0.554342
-7.991629 -56.967262 1533.716500 55.528482 0.085596 0.993768 0.071402 -0.426246 -0.028250 0.904166 -0.900549 0.107828 -0.421172
-6.105896 -57.554549 710.612894 95.328531 0.088430 0.991918 0.090983 -0.423319 -0.045257 0.904849 -0.901654 0.118531 -0.415896
-6.654991 -57.141672 -237.694304 552.637351 0.072178 0.991176 0.111176 -0.529528 -0.056378 0.846417 -0.845216 0.119964 -0.520786
17.685108 -132.500623 3402.016222 1315.691495 0.978515 0.069711 -0.194031 -0.107257 -0.631615 -0.767827 0.176079 -0.772142 0.610568
-19.364545 -110.436221 -1396.094799 -158.072188 0.948636 0.134653 -0.286284 0.297038 -0.067610 0.952469 -0.108897 0.988584 0.104134
-15.958192 -110.138985 1147.584598 3978.723664 0.965690 0.047252 -0.255364 0.259180 -0.237469 0.936181 0.016404 0.970245 0.241568
-20.389528 -109.966547 -2726.475780 -3729.966963 0.934947 0.159865 -0.316729 0.285271 0.192033 0.939012 -0.210937 0.968280 -0.133936
-26.237752 -268.693404 3734.278229 -66430.414013 0.924188 0.260744 -0.279086 0.373744 -0.767942 0.520174 0.078689 0.585045 0.807174
-38.618618 -155.861832 1995.329054 -36894.665673 0.810104 0.491836 -0.319106 0.585802 -0.656921 0.474649 -0.023822 0.571448 0.820292
-3.997257 -24.273557 541.978949 1857.564117 -0.121970 0.990488 0.063701 -0.226820 -0.090298 0.969742 -0.966269 -0.103831 -0.235676
-4.324214 -21.499378 -1475.290451 1257.593196 -0.086588 0.986315 -0.140304 -0.249666 0.114855 0.961496 -0.964453 -0.118283 -0.236305
-1.508190 -21.849234 -831.152456 -1320.355095 -0.056684 0.977015 -0.205498 -0.221961 0.188346 0.956692 -0.973407 -0.099841 -0.206183
-27.129783 -33.483022 -1309.883821 743.263580 -0.388558 0.920010 -0.051022 -0.699637 -0.258546 0.666080 -0.599609 -0.294508 -0.744133
-26.776943 -31.832743 1947.044514 -564.304990 -0.349965 0.936066 0.036113 -0.750662 -0.303293 0.586958 -0.560384 -0.178306 -0.808812
-28.421334 -34.205375 -1613.955237 1375.669387 0.016487 0.945364 -0.325599 -0.857144 0.181032 0.482216 -0.514814 -0.271135 -0.813297
-24.501585 -29.154349 4600.007694 -1411.926600 -0.248806 0.967039 0.054139 -0.813419 -0.238971 0.530323 -0.525781 -0.087910 -0.846065
23.156938 -52.196304 930.449847 1236.739530 -0.799660 0.030704 0.599668 0.040058 0.999195 0.002258 -0.599115 0.025827 -0.800246
20.797346 -53.088134 -1760.312678 433.149722 -0.856239 0.002819 0.516572 -0.018779 0.999154 -0.036579 -0.516238 -0.041021 -0.855462
20.590170 -50.789211 -1745.495679 3269.072331 -0.853057 0.015718 0.521582 0.068734 0.994222 0.082455 -0.517272 0.106189 -0.849208
17.227124 -52.999713 3583.963836 2002.732484 -0.748993 0.055177 0.660277 0.105157 0.993795 0.036239 -0.654180 0.096576 -0.750148
16.981855 -54.693521 3335.561468 -207.905549 -0.746477 0.017914 0.665170 -0.012704 0.999072 -0.041163 -0.665289 -0.039178 -0.745557
19.862535 -47.877621 1426.906167 2124.072112 -0.790317 0.051112 0.610563 0.141035 0.984930 0.100106 -0.596245 0.165226 -0.785616
-3.533352 -60.786281 -1145.647608 1540.302107 0.222381 0.974774 -0.019030 -0.187844 0.023685 -0.981913 0.956693 -0.221933 -0.188373
-2.049238 -62.185873 -1344.441164 -470.668647 0.232365 0.972445 -0.018884 -0.004251 -0.018400 -0.999822 0.972619 -0.232404 0.000142
-1.364677 -61.125751 -1504.360281 1381.049079 0.236626 0.970961 -0.035244 -0.164838 0.004370 -0.986311 0.957516 -0.239197 -0.161085
-1.942264 -57.749330 -1493.074356 2051.672906 0.233143 0.971799 -0.035377 -0.306218 0.038838 -0.951169 0.922970 -0.232592 -0.306637
45.103873 -382.866012 -15609.445612 114879.308300 -0.313010 -0.182616 -0.932028 0.926166 -0.276024 -0.256959 -0.210337 -0.943643 0.255531
318.481296 -7309.188060 22454.928492 2870835.816529 0.982206 0.033403 0.184811 -0.049152 0.995477 0.081300 -0.181259 -0.088938 0.979406
-1157.520750 -1932.986185 -430440.937228 580856.919518 -0.156637 0.812355 -0.561733 0.856115 -0.171921 -0.487350 -0.492475 -0.557246 -0.668540
34.690187 -1016.550901 11312.707543 -332371.225597 0.929126 0.369293 0.018621 -0.328767 0.848114 -0.415469 0.169223 -0.379902 -0.909417
13.191133 -368.756191 -3670.588829 -8641.932489 0.903736 0.425966 -0.042583 -0.428025 0.897396 -0.107123 0.007417 -0.115038 -0.993333
22.748753 -414.768373 -548.139750 -37180.709185 0.858478 0.509812 -0.055740 -0.479275 0.836202 0.266574 -0.182513 0.202133 -0.962201
4.058201 -34.406454 -503.511122 -1995.510833 0.813930 -0.121903 -0.568030 0.051422 0.989017 -0.138566 0.578683 0.083574 0.811259
11.039816 -33.515951 -977.554914 5460.007924 0.809634 -0.166109 -0.562939 -0.018306 0.951503 -0.307093 0.586649 0.258938 0.767329
6.665464 -35.236418 71.120572 -1059.743027 0.784127 -0.288617 -0.549405 0.177656 0.952622 -0.246882 0.594629 0.095981 0.798250
-49.007631 -66.619159 575.202972 -1742.434546 0.920196 0.367790 -0.134054 -0.099095 0.550152 0.829164 -0.378708 0.749709 -0.542694
-52.047531 -69.637672 1065.008159 -1267.560691 0.905787 0.423702 0.005199 -0.168359 0.348603 0.922026 -0.388852 0.836034 -0.387093
-49.579634 -65.567804 927.374320 -820.105026 0.961518 0.261372 -0.084661 -0.063397 0.510908 0.857294 -0.267327 0.818937 -0.507818
-49.921061 -67.409032 892.215686 -959.270344 0.954239 0.296512 0.038838 -0.138622 0.323513 0.936015 -0.264975 0.898565 -0.349812
50.243469 -40.678467 -5059.070966 -5661.762200 0.682356 -0.342220 -0.645969 0.673140 0.638754 0.372661 -0.285083 0.689115 -0.666219
53.692959 -42.722315 -475.523494 -4456.152598 -0.695906 0.510744 0.504832 0.708148 0.604873 0.364219 -0.119337 0.610958 -0.782617
50.931712 -60.074099 3742.032016 -8242.138172 -0.676639 0.389665 0.624756 0.712164 0.561869 0.420863 -0.187036 0.729701 -0.657688
49.092516 -30.332909 1590.757555 -1620.855943 -0.685870 0.455469 0.567565 0.699430 0.627943 0.341299 -0.200947 0.631059 -0.749256
39.702857 -58.066413 7109.041910 -8359.992306 -0.630682 0.256452 0.732443 0.701241 0.592613 0.396322 -0.332417 0.763572 -0.553585
40.514566 -28.673654 -2968.794998 -2009.963398 0.713818 -0.299494 -0.633062 0.620787 0.689011 0.374015 -0.324172 0.659975 -0.677750
36.120803 -43.264979 -6723.416393 -6128.360432 0.666556 -0.217155 -0.713125 0.623132 0.687375 0.373125 -0.409158 0.693079 -0.593490
24.384722 -3.885839 -760.108050 -9309.550108 -0.434168 0.852105 0.292259 0.832884 0.503317 -0.230165 0.343224 -0.143488 0.928229
21.842925 -19.275116 57.150478 -5753.236151 -0.262387 0.948617 0.176861 0.879629 0.310488 -0.360348 0.396745 -0.061022 0.915898
15.841038 -15.731406 -2246.556792 -4899.409715 -0.309563 0.905823 0.289233 0.850686 0.399729 -0.341395 0.424858 -0.140363 0.894312
30.273804 0.516147 2465.432525 -10852.693094 -0.403648 0.899687 0.166227 0.871417 0.433413 -0.229752 0.278750 -0.052114 0.958949
-7.139350 -53.493881 46.328660 998.720020 0.021913 0.922193 0.386108 0.999414 -0.030362 0.015796 0.026290 0.385536 -0.922318
-7.595872 -55.023754 110.001021 -1471.972834 0.027881 0.914066 0.404605 0.996481 0.006591 -0.083556 -0.079043 0.405511 -0.910666
-5.717567 -50.636857 573.658440 3925.965672 0.090375 0.908349 0.408330 0.986809 -0.136971 0.086290 0.134311 0.395146 -0.908747
-8.482207 -56.627200 -228.862252 -2290.945862 -0.004583 0.920223 0.391368 0.990113 0.059046 -0.127239 -0.140197 0.386915 -0.911395
-6.534218 -51.695123 1344.969908 4395.795854 0.088324 0.908127 0.409272 0.969811 -0.172159 0.172707 0.227300 0.381663 -0.895918
-8.746627 -58.596136 -87.412089 -411.354312 -0.012688 0.930748 0.365441 0.995636 0.045553 -0.081451 -0.092458 0.362813 -0.927264
-8.155513 -54.043758 293.875095 2762.537404 0.037923 0.927423 0.372085 0.991998 -0.079811 0.097824 0.120420 0.365398 -0.923029
5.700264 -52.490576 585.791478 -1073.134599 -0.094097 0.869647 0.484624 0.497052 -0.380735 0.779731 -0.862604 -0.314254 0.396433
4.815670 -50.244034 979.975372 -1197.826612 -0.102759 0.875535 0.472101 0.362192 -0.409099 0.837529 -0.926422 -0.257055 0.275073
6.157739 -49.794095 -64.529709 -1093.996566 -0.125783 0.858770 0.496683 0.410663 -0.410677 0.814064 -0.903070 -0.306364 0.301008
5.851561 -56.501424 56.097996 -680.203974 -0.086627 0.869403 0.486451 0.605035 -0.342011 0.719000 -0.791472 -0.356605 0.496391
6.383724 -51.527941 -193.186051 -466.460780 -0.114058 0.845798 0.521169 0.559821 -0.378657 0.737034 -0.820726 -0.375826 0.430307
6.361990 -55.344869 419.249857 -613.852351 -0.077403 0.855654 0.511728 0.642082 -0.349875 0.682142 -0.762718 -0.381372 0.522319
3.486488 -57.712325 28.791241 -2217.864682 -0.132518 0.934426 0.330586 0.406821 -0.252863 0.877814 -0.903845 -0.250816 0.346636
4.108932 -61.323996 -121.034525 -1804.219301 -0.102520 0.908659 0.404757 0.511158 -0.300946 0.805077 -0.853350 -0.289431 0.433616
1.903828 -55.873184 -84.916195 -1315.831757 -0.128923 0.924888 0.357717 0.350149 -0.295035 0.889016 -0.927779 -0.239869 0.285812
1.809790 -80.773575 108.089696 6203.616058 -0.099932 0.992052 0.076460 -0.705843 -0.124842 0.697280 -0.701284 -0.015712 -0.712709
0.319192 -92.557378 416.758787 9061.695779 -0.114400 0.988400 0.099891 -0.789148 -0.151494 0.595227 -0.603456 0.010735 -0.797324
2.684250 -82.780161 464.880218 5702.691410 -0.126474 0.986515 0.103888 -0.708779 -0.163141 0.686307 -0.694000 -0.013166 -0.719854
1.039095 -83.498767 503.860125 6497.386422 -0.086830 0.992930 0.080940 -0.720758 -0.118700 0.682948 -0.687727 -0.000962 -0.725969
2.179749 -70.551302 287.211158 2798.395064 -0.078195 0.995073 0.060959 -0.582176 -0.095215 0.807469 -0.809294 -0.027651 -0.586752
3.005877 -71.227037 -4.230666 1958.588607 -0.116821 0.990257 0.075788 -0.586724 -0.130384 0.799221 -0.801316 -0.048899 -0.596239
1.107521 -81.974892 772.001140 -2429.425861 -0.054165 0.998364 0.018320 -0.109402 -0.024170 0.993704 -0.992521 -0.051820 -0.110532
-2.215889 -91.221636 892.906055 -1562.388213 -0.049143 0.997860 0.043142 0.093857 -0.038389 0.994845 -0.994372 -0.052938 0.091770
0.894549 -88.789824 1109.806837 -415.140308 -0.046573 0.998844 0.011934 0.079185 -0.008218 0.996826 -0.995771 -0.047370 0.078711
-2.706087 -59.741537 1895.915578 -2341.968778 -0.028482 0.968596 0.247004 -0.854451 0.104646 -0.508884 0.518751 0.225546 -0.824637
-3.663299 -64.598816 1890.753858 -5197.631170 -0.009267 0.969823 0.243633 -0.894338 0.100947 -0.435855 0.447297 0.221929 -0.866414
8.753307 -73.208792 -516.401275 -2442.513750 -0.031389 0.879407 0.475035 0.775697 -0.278289 0.566436 -0.630325 -0.386263 0.673418
6.744336 -66.082952 -387.716074 -2401.901617 -0.068353 0.888702 0.453362 0.653669 -0.303403 0.693299 -0.753687 -0.343738 0.560178
6.983652 -70.406831 548.846158 -2700.091694 -0.061167 0.906370 0.418033 0.643118 -0.284503 0.710955 -0.763320 -0.312332 0.565501
8.070153 -78.922785 1045.837599 -2377.471145 -0.025273 0.904175 0.426414 0.763059 -0.258121 0.592549 -0.645835 -0.340354 0.683415
6.362765 -74.142489 1308.669024 -3970.833940 -0.057411 0.919982 0.387733 0.641483 -0.263598 0.720428 -0.764986 -0.290084 0.575019
15.077586 -322.464986 -1406.900590 -53025.881756 0.722278 -0.134327 -0.678432 0.691314 0.111878 0.713841 0.019986 0.984601 -0.173669
-20.266546 -45.793231 1980.431376 -25.199543 -0.526908 0.848685 -0.045851 -0.276828 -0.222374 -0.934835 0.803576 0.479879 -0.352111
-13.017617 -46.511343 6549.468562 -432.011335 -0.594487 0.802513 -0.050586 -0.217107 -0.220766 -0.950856 0.774241 0.554289 -0.305474
-17.818537 -44.939922 5563.939191 -564.241004 -0.590820 0.803573 -0.072127 -0.099020 -0.160945 -0.981984 0.800704 0.573033 -0.174660
2.108993 -323.423682 1344.300027 1969.775243 0.742206 -0.220736 -0.632776 -0.245522 0.788994 -0.563212 0.623577 0.573380 0.531401
8.091230 -361.649725 5308.856509 5998.964891 0.739425 -0.188714 -0.646249 0.011870 0.963415 -0.267749 0.673135 0.190310 0.714613
5.043877 -1240.746463 1292.326131 451225.826595 0.728078 -0.103747 -0.677598 -0.230892 0.893606 -0.384913 0.645439 0.436698 0.626660
30.282691 -40.061002 -1392.430460 -863.924789 -0.174328 0.956621 -0.233424 0.753081 -0.023204 -0.657519 0.634412 0.290411 0.716368
27.064764 -37.996391 -2240.608983 -1059.869058 -0.090505 0.967325 -0.236834 0.829351 -0.058449 -0.555662 0.551349 0.246709 0.796962
26.658020 -32.340133 1452.843700 -378.858345 -0.189133 0.919753 -0.343924 0.808584 -0.052851 -0.586002 0.557154 0.388924 0.733702
-4.942100 -110.062095 700.237167 -4011.005671 0.034562 0.997802 0.056540 -0.919749 0.053889 -0.388791 0.390983 0.038565 -0.919589
-3.098553 -112.385818 -821.492931 -5829.982635 0.050028 0.998296 0.030029 -0.930876 0.057502 -0.360783 0.361895 0.009905 -0.932166
-4.400711 -122.658475 596.957009 -5082.687606 0.015659 0.998997 0.041960 -0.984286 0.022783 -0.175105 0.175886 0.038558 -0.983655
-4.498999 -100.554338 -141.781119 -5679.094317 0.060589 0.996937 0.049456 -0.835153 0.077768 -0.544492 0.546671 0.008313 -0.837307
-5.331264 -100.389543 35.309907 -4890.009970 0.063827 0.995983 0.062805 -0.796360 0.088761 -0.598274 0.601446 0.011829 -0.798826
5.664408 -139.911987 -2452.328104 -17452.970462 0.229448 0.933788 0.274578 -0.811728 0.339247 -0.475403 0.537076 0.113803 -0.835822
7.185661 -205.497299 -240.844868 -30680.271928 0.188571 0.945975 0.263766 -0.869680 0.285617 -0.402592 0.456178 0.153475 -0.876554
-2.781264 -135.823939 1732.186439 -8249.561368 0.138410 0.957303 0.253800 -0.723592 0.272722 -0.634064 0.676208 0.095886 -0.730444
19.572109 -207.214140 -5274.575501 -33850.298248 0.261471 0.927774 0.266211 -0.915607 0.325693 -0.235770 0.305445 0.182098 -0.934636
-1.695251 -113.961119 -2621.824598 -3523.677323 0.209190 0.944991 0.251459 -0.718150 0.322994 -0.616389 0.663701 0.051643 -0.746213
8.185617 -139.226359 -5161.635374 -12055.962145 0.296898 0.908804 0.293132 -0.794184 0.405450 -0.452640 0.530211 0.098413 -0.842135
-103.711535 -660.248431 43024.031997 161049.861935 -0.022450 0.929372 -0.368462 0.756203 -0.225292 -0.614329 0.653952 0.292424 0.697736
-193.226051 -536.575271 52433.058845 127559.764365 -0.112831 0.985975 -0.122970 0.260964 -0.090009 -0.961143 0.958732 0.140538 0.247148
-49.924778 -863.447506 25930.797300 266340.074465 -0.100098 0.881410 -0.461624 -0.045041 -0.467492 -0.882849 0.993958 0.067579 -0.086494
-43.361864 -464.311671 17806.081309 107501.146291 -0.086990 0.950177 -0.299325 0.323356 -0.257265 -0.910635 0.942270 0.176005 0.284866
-6.316904 -47.493242 -619.987769 495.977394 0.270529 0.857348 0.437913 0.957058 -0.288731 -0.025960 0.104182 0.426131 -0.898642
-41.948723 -88.670794 -2147.025975 5145.133238 0.015707 0.959132 -0.282524 0.528100 0.231974 0.816883 -0.849037 0.162032 0.502874
-22.068675 -86.299580 -8503.351053 8182.280706 -0.078388 0.981003 -0.177450 0.587135 0.189282 0.787048 -0.805685 0.042492 0.590818
-49.460016 -77.651396 -2426.978175 2317.191637 0.044449 0.997479 -0.055315 0.439676 -0.069251 -0.895482 0.897056 -0.015483 0.441646
-48.510732 -76.433540 -2067.918896 6822.085687 0.027245 0.991675 -0.125849 0.216630 -0.128762 -0.967725 0.975874 0.000897 0.218334
