11544
23077
-41.481309 -62.961271 -2059.038073 8922.738344 0.032936 0.993534 0.108650 0.721255 0.051628 -0.690743 0.691887 -0.101115 0.714891
-48.880528 -71.489826 17.507288 6318.724998 0.068194 0.997635 -0.008630 0.797967 -0.059734 -0.599734 0.598831 -0.034012 0.800153
-41.225698 -80.051716 -2661.070668 8025.063726 -0.079285 0.977660 0.194668 0.823979 0.174182 -0.539184 0.561046 -0.117653 0.819381
-42.548236 -61.067305 -211.424225 6105.518443 0.287790 0.914803 -0.283394 0.667095 -0.403803 -0.626041 0.687139 0.008882 0.726471
-26.853364 -72.681838 -5442.103829 13300.925439 -0.005109 0.964291 0.264797 0.710780 0.189764 -0.677334 0.703395 -0.184752 0.686368
-30.879202 -50.322831 -3629.502410 7511.668842 0.143765 0.985464 0.090508 0.629897 -0.020586 -0.776406 0.763257 -0.168630 0.623700
-36.097223 -49.119601 -586.288448 4142.438508 0.362825 0.875956 -0.317897 0.555398 -0.477206 -0.681034 0.748258 -0.070537 0.659647
-11.392847 -21.780223 -2912.666942 1907.014164 0.359651 0.932346 -0.037166 0.355286 -0.173665 -0.918484 0.862799 -0.317129 0.393708
-20.374732 -27.807939 -6465.643786 -5143.609256 0.182385 0.923490 0.337495 0.477784 0.216759 -0.851315 0.859336 -0.316517 0.401695
-15.711053 -27.365968 -5362.323850 3163.869012 0.494266 0.755109 -0.430710 0.219182 -0.587704 -0.778822 0.841225 -0.290542 0.455988
-6.716651 -27.747501 -1337.270335 3821.508254 0.359348 0.916539 -0.175570 0.340499 -0.303940 -0.889764 0.868867 -0.259954 0.421301
64.206225 -30.870783 -11214.672690 -607.568623 0.379223 -0.823889 -0.421186 0.916686 0.272529 0.292257 -0.126002 -0.496926 0.858597
38.956386 -24.317446 -7496.966423 -625.799055 0.391112 -0.862241 -0.321826 0.906329 0.300051 0.297551 -0.159996 -0.408056 0.898828
50.846568 -31.184259 -7961.126303 -2284.491892 0.432739 -0.831200 -0.349060 0.896825 0.357445 0.260650 -0.091882 -0.425839 0.900121
57.610930 -34.058713 -2531.823618 -2386.117191 0.447539 -0.743511 -0.496890 0.894062 0.360181 0.266314 -0.019037 -0.563436 0.825940
53.724066 -36.169088 -4983.315913 -2202.848226 0.462946 -0.793748 -0.394518 0.886276 0.421558 0.191844 0.014037 -0.438465 0.898639
37.322790 -33.644027 -5500.617421 -2677.620569 0.468154 -0.843232 -0.264181 0.880411 0.419545 0.221037 -0.075550 -0.336067 0.938803
31.221376 -194.418399 11993.739196 -18150.981256 -0.236360 0.658520 -0.714483 0.959357 0.274827 -0.064067 0.154170 -0.700587 -0.696713
3.501623 -190.393587 3670.189399 -12980.892221 -0.183246 0.651094 -0.736545 0.966791 0.255127 -0.015001 0.178145 -0.714834 -0.676223
17.353017 -183.292997 9319.315567 -31998.787562 -0.183631 0.683888 -0.706100 0.973187 0.025262 -0.228623 -0.138515 -0.729150 -0.670190
72.409503 -193.818393 25740.453770 -41135.753503 -0.227480 0.673532 -0.703284 0.937339 -0.044280 -0.345592 -0.263908 -0.737831 -0.621255
22.184351 -133.164074 10766.489639 -25561.315183 -0.175126 0.692700 -0.699641 0.894766 -0.184501 -0.406637 -0.410762 -0.697227 -0.587493
-3.344940 -66.124193 -19.024596 -1653.550307 0.500044 0.737193 -0.454426 0.862073 -0.373822 0.342180 0.082378 -0.562853 -0.822441
-3.972802 -64.357013 -204.698698 -2347.159340 0.486348 0.745893 -0.455093 0.872419 -0.385627 0.300295 0.048492 -0.543080 -0.838280
-4.069112 -67.981809 -73.881527 -1398.307131 0.499025 0.739155 -0.452354 0.845497 -0.300824 0.441180 0.190022 -0.602624 -0.775072
-4.054367 -69.293489 181.575982 -337.010456 0.514594 0.731571 -0.447210 0.820037 -0.267552 0.505920 0.250465 -0.627072 -0.737596
-4.433242 -67.587892 171.495871 672.514884 0.509312 0.740999 -0.437632 0.780375 -0.183291 0.597845 0.362789 -0.646007 -0.671609
-18.821186 -103.207104 -4701.712983 -16298.802956 -0.047754 0.975261 0.215837 -0.013869 -0.216710 0.976137 -0.998763 -0.043621 -0.023875
-20.680174 -125.287536 -5116.188933 -14327.930742 -0.091267 0.973562 0.209396 0.257875 -0.179995 0.949264 -0.961858 -0.140635 0.234630
-31.060773 -125.915108 -2495.947502 -14753.173309 -0.017974 0.992322 0.122365 0.215757 -0.115652 0.969574 -0.976282 -0.043829 0.212022
-5.048699 -117.349811 576.561686 -1161.507965 0.362588 0.916939 0.166592 -0.054504 0.199315 -0.978419 0.930354 -0.345683 -0.122246
-4.888041 -117.552678 383.138450 -3959.643759 0.367569 0.911249 0.185791 0.185106 0.124093 -0.974852 0.911389 -0.392716 0.123065
-3.766146 -126.833230 -1629.698265 -4471.792122 0.411210 0.896799 0.163270 -0.024096 0.189746 -0.981538 0.911222 -0.399684 -0.099635
-3.640972 -120.853619 -922.727288 -717.581449 0.390825 0.908314 0.149066 -0.218084 0.248710 -0.943707 0.894257 -0.336315 -0.295291
-4.050714 -29.214998 -968.182836 -3827.739309 0.810813 -0.413411 0.414335 -0.143921 0.545343 0.825765 0.567335 0.729172 -0.382672
2.162465 -23.071914 -2184.234194 -3569.737188 0.773773 -0.289763 0.563306 -0.278511 0.643073 0.713365 0.568953 0.708869 -0.416890
-2.945509 -33.180273 -1264.158148 -4589.832293 0.787998 -0.335030 0.516541 -0.266322 0.570940 0.776595 0.555097 0.749521 -0.360674
-9.505347 -34.824493 -733.189784 -3313.401315 0.810030 -0.485709 0.328540 -0.097843 0.440470 0.892420 0.578168 0.755032 -0.309271
-6.831192 -25.369033 -1659.386995 -2804.640092 0.826565 -0.503288 0.251976 0.012352 0.463797 0.885855 0.562706 0.729104 -0.389575
-7.720010 -38.107929 -460.913909 -3726.772331 0.804439 -0.418726 0.421363 -0.205474 0.469403 0.858744 0.557368 0.777386 -0.291569
16.140029 -29.575472 -4356.416750 -2861.627738 -0.487991 0.851797 0.190546 0.442603 0.053326 0.895131 -0.752308 -0.521152 0.403030
11.403598 -34.631874 -3999.184351 -3273.471283 -0.482110 0.850828 0.208956 0.503907 0.074184 0.860567 -0.716693 -0.520182 0.464502
5.265741 -28.400345 -3658.643870 -2931.061466 -0.491123 0.848073 0.198924 0.449313 0.050991 0.891918 -0.746268 -0.527421 0.406093
12.687268 -26.172499 -4440.934585 -1151.564144 -0.499579 0.846076 0.185945 0.398708 0.034013 0.916447 -0.769060 -0.531976 0.354329
-2.557826 -121.790433 2290.220174 4041.209720 0.255526 -0.749688 0.610471 0.872222 -0.093627 -0.480066 0.417056 0.655135 0.629970
-8.940747 -108.035910 1695.501042 4817.214815 0.265845 -0.733242 0.625846 0.737058 -0.263840 -0.622201 0.621347 0.626694 0.470301
-8.989787 -114.553251 1536.340608 3189.490180 0.290284 -0.730072 0.618651 0.868611 -0.070263 -0.490488 0.401560 0.679748 0.613753
-8.900911 -119.954083 1323.897374 2862.567704 0.323999 -0.718824 0.615075 0.931677 0.129509 -0.339419 0.164325 0.683022 0.711672
-5.125035 -121.637774 2553.607044 1530.666884 0.284752 -0.753128 0.593055 0.941782 0.104408 -0.319603 0.178783 0.649536 0.739013
-0.806512 -53.895682 5827.413595 -207.004013 0.639523 0.721606 -0.265131 0.425318 -0.044817 0.903934 -0.640402 0.690852 0.335574
-0.560998 -50.631850 8460.043975 -381.347993 0.639126 0.694354 -0.330742 0.358828 0.111158 0.926761 -0.680265 0.710997 0.178110
-17.088412 -57.806328 2760.851951 -488.623373 0.650234 0.728589 -0.215298 0.379979 -0.066486 0.922603 -0.657884 0.681716 0.320080
91.865646 -45.935151 41873.795129 -236.413874 0.576710 0.627463 -0.523159 0.496943 0.238840 0.834268 -0.648424 0.741111 0.174072
-10.715373 -61.825972 1673.195276 50.554270 0.671253 0.720576 -0.173752 0.460401 -0.221610 0.859605 -0.580905 0.657008 0.480510
6.286935 -53.096737 3334.686788 -6.415779 0.628404 0.729838 -0.269156 0.478113 -0.089443 0.873732 -0.613609 0.677744 0.405152
-3.120536 -241.115774 -958.650491 11435.494750 -0.392176 0.385456 -0.835237 0.917986 0.105596 -0.382298 -0.059161 -0.916664 -0.395255
-2.717404 -245.947905 411.186710 36477.960218 -0.370905 0.414117 -0.831226 0.889702 0.415020 -0.190235 0.266196 -0.810102 -0.522374
-3.249285 -233.383910 845.733796 26193.869835 -0.390241 0.403707 -0.827485 0.880813 0.425402 -0.207849 0.268104 -0.809971 -0.521600
-3.404239 -250.881013 1195.745419 -3763.890113 -0.384999 0.403420 -0.830077 0.908090 0.005015 -0.418745 -0.164767 -0.915001 -0.368272
-1.349002 -245.557095 109.939952 -14045.514497 -0.392277 0.381580 -0.836968 0.814157 -0.279435 -0.508983 -0.428096 -0.881086 -0.201050
-13.764674 -309.698630 -422.571714 -59918.980322 0.278470 -0.485340 0.828794 0.901703 0.429268 -0.051589 -0.330737 0.761692 0.557170
-11.824315 -365.407598 -1559.410616 -87498.177843 0.285616 -0.439041 0.851861 0.855195 0.517927 -0.019799 -0.432509 0.734162 0.523394
-12.807917 -242.008252 -668.589038 -45476.067340 0.251889 -0.467433 0.847383 0.716147 0.678971 0.161655 -0.650911 0.566132 0.505776
-8.376544 -504.197508 -1982.175183 -139811.021685 0.266455 -0.503507 0.821877 0.836194 0.544840 0.062689 -0.479356 0.670545 0.566204
-23.624344 -47.766140 -2100.136366 -3553.657033 0.601318 -0.503665 0.620273 -0.556186 0.293495 0.777508 0.573650 0.812516 0.103648
-19.929098 -49.380562 -1539.798896 -3183.196016 0.680820 -0.497626 0.537450 -0.489159 0.237241 0.839309 0.545167 0.834317 0.081900
-18.168044 -59.744027 -1323.276614 5995.873701 0.577153 -0.489543 0.653638 0.651662 -0.206299 -0.729916 0.492170 0.847224 0.199951
-18.082545 -65.682378 841.335299 6195.599573 0.388889 -0.516803 0.762680 0.756411 -0.293482 -0.584560 0.525935 0.804228 0.276784
-23.440156 -51.029442 -533.031827 4050.444190 0.477555 -0.497169 0.724406 0.660485 -0.340573 -0.669156 0.579397 0.798018 0.165730
29.683341 17.555840 -9427.923625 -1951.947371 0.065590 -0.362892 -0.929520 -0.507063 0.790169 -0.344268 0.859410 0.493906 -0.132182
27.787005 21.377514 918.351849 2098.184625 -0.241662 -0.332403 -0.911651 -0.583147 0.800671 -0.137356 0.775590 0.498432 -0.387332
25.227335 18.678366 120.707707 262.707939 -0.137993 -0.393716 -0.908816 -0.616765 0.752124 -0.232185 0.774957 0.528486 -0.346618
28.155957 15.676283 -6839.077369 2884.681198 0.093164 0.612863 0.784678 -0.718447 0.587006 -0.373173 0.689314 0.528983 -0.494998
28.954089 20.429210 -798.350678 1757.383315 0.033152 -0.519708 -0.853701 -0.689636 0.606349 -0.395908 0.723397 0.601868 -0.338308
25.041732 19.644632 -8384.998847 -2064.399739 -0.053260 -0.206422 -0.977012 -0.575201 0.806123 -0.138961 0.816276 0.554578 -0.161668
19.634083 14.783052 647.150175 -9896.626259 -0.426864 0.792485 0.435608 -0.313202 0.322327 -0.893314 0.848346 0.517757 -0.110618
2.084790 -19.799620 1718.064074 1687.059707 -0.650766 0.726234 0.221556 -0.236004 0.083872 -0.968126 0.721669 0.682312 -0.116813
3.674139 -25.791191 1823.860964 2104.763252 -0.675454 0.732759 0.082613 -0.093397 0.026117 -0.995286 0.731463 0.679986 -0.050797
-0.963938 -19.967989 -53.549477 2183.903292 -0.670570 0.738429 0.071125 -0.119673 -0.013056 -0.992728 0.732130 0.674205 -0.097125
-160.216909 -742.845081 13180.942080 -209501.201156 0.442765 -0.014027 -0.896528 0.820914 0.408502 0.399031 0.360636 -0.912650 0.192386
-102.934864 -2817.241026 5859.034563 -1182263.458058 0.373326 0.158831 -0.914002 0.315474 0.904782 0.286085 0.872413 -0.395147 0.287671
-100.684977 -2306.820605 10432.216731 -952013.513843 0.436770 0.140125 -0.888593 0.363856 0.875867 0.316964 0.822704 -0.461760 0.331567
-10.126613 -28.829520 -2675.948621 3229.806443 -0.234732 0.963406 0.129423 -0.328770 -0.203980 0.922118 -0.914774 -0.173900 -0.364620
5.482211 -40.847009 -3808.186979 6385.190633 -0.264601 0.847390 0.460344 -0.209785 -0.516505 0.830188 -0.941263 -0.123096 -0.314437
-5.487631 -32.175931 -8620.073365 1287.897908 -0.371457 0.678427 0.633843 0.094510 0.706772 -0.701100 -0.923628 -0.200523 -0.326653
11.341661 -52.970232 -414.046034 5884.448482 -0.228644 0.758336 0.610450 -0.071820 -0.638491 0.766271 -0.970857 -0.131361 -0.200451
-27.483949 -48.728159 7547.495696 419.858612 -0.461727 -0.703495 0.540280 -0.377556 0.707032 0.597960 -0.802658 0.072108 -0.592065
-25.745657 -43.293193 8793.875936 -625.856443 -0.563703 -0.476218 0.674875 -0.341063 0.878353 0.334920 -0.752273 -0.041379 -0.657550
-21.151049 -48.251869 8629.741048 -1583.175021 -0.412819 -0.641480 0.646594 -0.401564 0.765374 0.502941 -0.817512 -0.052025 -0.573557
-31.193506 -60.335671 -1526.688696 -5606.891254 0.283618 0.890737 -0.355175 -0.475527 0.452276 0.754533 -0.832727 0.045104 -0.551843
14.104917 -35.203767 -5043.336319 -2263.578970 0.281092 0.691943 0.664983 0.285001 0.601472 -0.746328 0.916385 -0.399307 0.028136
20.827398 -39.198249 -10201.709485 -2053.639878 0.332316 0.839526 0.429839 0.152501 0.401915 -0.902889 0.930757 -0.365595 -0.005534
-3.087981 -44.593233 -2967.300397 -1845.862451 0.255152 0.683278 0.684126 0.159862 0.667997 -0.726790 0.953594 -0.294808 -0.061210
2.137051 -46.453432 -6613.118353 -2512.000399 0.304760 0.818552 0.486923 0.057045 0.494637 -0.867225 0.950719 -0.292072 -0.104051
0.181498 -43.102358 -2295.178012 -1079.219254 -0.143423 -0.449910 -0.881482 0.225647 0.852364 -0.471762 0.963594 -0.266566 -0.020728
-12.197118 -50.143569 -1286.194185 -965.758960 0.241025 0.712119 0.659389 -0.010533 0.681299 -0.731930 0.970462 -0.169468 -0.171711
-12.754098 -48.115519 61.893441 -454.835062 -0.188436 -0.557074 -0.808802 0.059546 0.815559 -0.575601 0.980279 -0.156625 -0.120509
4.636937 -39.570469 7442.911924 498.950136 -0.278699 0.956942 0.081172 0.125950 -0.047371 0.990905 -0.952084 -0.286388 0.107324
3.099443 -39.253353 7166.614642 -1203.535282 -0.287744 0.954972 0.072329 -0.010459 -0.078652 0.996847 -0.957650 -0.286080 -0.032620
-11.714732 -41.478935 1376.256353 31.437964 -0.335320 0.941999 0.014058 0.041370 -0.000184 0.999144 -0.941196 -0.335614 0.038908
5.871811 -58.634535 1014.100138 -4138.548747 -0.504903 0.851704 0.140259 -0.098685 0.104469 -0.989620 0.857516 0.513503 -0.031304
4.775416 -58.359881 89.159003 1101.154838 -0.463325 0.884084 0.061036 -0.065944 0.034289 -0.997234 0.883731 0.466069 -0.042413
0.847611 -62.204146 -90.300991 4496.386713 -0.478694 0.869096 0.124593 -0.032582 0.124226 -0.991719 0.877377 0.478789 0.031149
7.892315 -67.347591 -1261.950458 -4265.834814 -0.501038 0.848468 0.170478 -0.079544 0.151003 -0.985328 0.861762 0.507247 0.008168
-10.708123 -82.689091 1107.869126 -2000.329085 -0.542361 0.835072 0.092195 0.814734 0.495995 0.300328 0.205067 0.238001 -0.949370
-11.045925 -80.158132 672.881646 -245.569946 -0.535949 0.840952 0.074554 0.836232 0.516643 0.183839 0.116082 0.160872 -0.980125
-8.854986 -81.520685 1051.369797 -929.271397 -0.554311 0.825533 0.105991 0.830018 0.538841 0.143945 0.061719 0.167764 -0.983893
-6.003651 -83.986012 906.636402 930.847533 -0.557925 0.821621 0.116873 0.829231 0.557542 0.039017 -0.033104 0.118683 -0.992380
-7.108617 -86.346018 725.310435 -2540.014101 -0.576331 0.810140 0.107315 0.806281 0.542283 0.236305 0.133246 0.222716 -0.965735
-9.518334 -88.022913 1146.403576 -2989.878280 -0.573383 0.812953 0.101684 0.785658 0.510402 0.349616 0.232321 0.280353 -0.931359
2.354730 -60.569343 1674.674631 -1804.382444 0.707330 -0.704318 0.060167 0.578940 0.528365 -0.621015 -0.405602 -0.474095 -0.781486
4.588551 -63.936031 2123.322542 -4375.857507 0.689614 -0.719801 0.079499 0.604470 0.511686 -0.610568 -0.398809 -0.469111 -0.787964
3.207684 -62.677823 2674.012512 2523.860096 0.699882 -0.709471 0.082561 0.554511 0.466851 -0.688889 -0.450203 -0.527922 -0.720150
3.144961 -65.927686 519.103661 -4117.063496 0.675759 -0.734760 0.058976 0.657352 0.564496 -0.499232 -0.333524 -0.376128 -0.864459
1.330853 -60.329561 1389.989260 1618.031217 0.685494 -0.722919 0.086522 0.572683 0.461984 -0.677204 -0.449592 -0.513769 -0.730690
0.684405 -62.207265 18.414917 -408.967444 0.689233 -0.722285 0.057108 0.601505 0.526474 -0.600847 -0.403917 -0.448474 -0.797321
12.339487 -87.901143 666.064023 -1324.840491 -0.626146 0.774701 0.088203 0.608361 0.414655 0.676726 -0.487686 -0.477389 0.730932
12.030210 -95.297642 401.035174 -4415.101912 0.622741 -0.774535 -0.110855 0.705112 0.494134 0.508576 -0.339133 -0.394876 0.853851
13.427389 -85.530472 -564.845085 1404.334602 0.641282 -0.761253 -0.096181 -0.616635 -0.436696 -0.655025 -0.456638 -0.479364 0.749461
1.907151 -58.389148 -220.630005 4287.436533 0.664656 -0.742859 0.079953 0.659205 0.532684 -0.530751 -0.351684 -0.405472 -0.843748
1.764579 -66.104063 197.138238 3184.752730 0.671771 -0.735320 0.089597 0.621188 0.493308 -0.608911 -0.403546 -0.464705 -0.788162
1.998160 -67.348068 -461.218144 4601.166308 0.676145 -0.733705 0.067117 0.589883 0.484513 -0.645976 -0.441437 -0.476364 -0.760402
-13.238825 -131.016376 37.239886 778.441034 0.965394 -0.062039 0.253310 -0.148715 -0.928855 0.339282 -0.214240 0.365212 0.905937
-12.755413 -129.360460 -538.977924 4048.233550 0.965284 -0.033282 0.259075 0.073834 0.986165 -0.148412 -0.250551 0.162388 0.954387
-13.769246 -137.779493 652.662405 1445.423924 0.977761 -0.041359 0.205603 0.068570 0.989524 -0.127041 -0.198195 0.138314 0.970355
-11.842333 -140.891609 1104.348314 -1431.110507 0.982971 -0.060793 0.173411 0.078816 0.991960 -0.099014 -0.165998 0.110996 0.979860
-12.393198 -138.555838 560.875176 -704.843141 0.974808 -0.078160 0.208904 -0.154570 -0.911952 0.380067 -0.160805 0.402783 0.901059
-13.582078 -40.467344 -879.525230 -2157.719538 -0.564897 0.744266 0.356314 0.338127 -0.185108 0.922716 -0.752703 -0.641719 0.147089
-16.421501 -40.761760 -2673.114712 -1257.547053 -0.520103 0.751223 0.406396 0.401183 -0.205188 0.892721 -0.754020 -0.627345 0.194659
-16.728763 -36.717691 -3014.312312 -1430.680001 -0.550721 0.738090 0.389781 0.301514 -0.259532 0.917460 -0.778328 -0.622789 0.079615
-20.675549 -37.887531 -3054.575567 -755.030453 -0.482147 0.740776 0.467744 0.378881 -0.305082 0.873713 -0.789926 -0.598478 0.133572
-22.308396 -34.854999 -2923.927228 -625.710864 -0.466639 0.704917 0.534172 0.336400 -0.417110 0.844307 -0.817975 -0.573682 0.042494
-5.779106 -199.633715 -1872.674777 5158.554646 0.971725 -0.221211 0.082558 0.207236 0.966604 0.150764 0.113152 0.129393 -0.985116
-3.299169 -213.669270 -3339.234302 559.563660 0.980509 -0.182756 0.072123 0.141603 0.911815 0.385411 0.136199 0.367686 -0.919922
-5.407064 -195.411505 -1014.888462 -7027.916156 0.979910 -0.166284 0.110119 0.100893 0.889581 0.445495 0.172038 0.425435 -0.888486
-3.942146 -30.394126 645.030806 779.815804 -0.351999 0.907962 0.227381 0.913757 0.280695 0.293698 0.202842 0.311152 -0.928461
-4.601073 -32.571238 1543.051690 1029.208053 -0.350171 0.907595 0.231627 0.928549 0.303824 0.213281 0.123199 0.289762 -0.949137
-2.460179 -32.100491 626.582945 701.590461 -0.355516 0.906032 0.229597 0.927174 0.310812 0.209152 0.118137 0.287233 -0.950548
-8.427789 -104.306774 -8726.783174 16532.423755 0.794648 0.335285 -0.506082 0.352410 0.424023 0.834273 -0.494309 0.841302 -0.218791
-24.867505 -151.872572 1295.041655 -48843.722965 0.739633 0.527184 0.418354 -0.452649 -0.070344 0.888910 -0.498048 0.846834 -0.186600
-27.156960 -58.932640 3845.318649 -10521.499498 0.665280 0.492563 0.561056 -0.602576 -0.089440 0.793034 -0.440800 0.865669 -0.237304
-17.185963 -66.730332 1377.948245 -700.532303 0.624738 0.442962 0.643030 0.688867 0.075076 -0.720989 -0.367647 0.893391 -0.258239
-47.681638 -209.084809 -3035.479346 77839.454965 0.905008 0.418433 0.076641 -0.171984 0.195117 0.965583 -0.389078 0.887042 -0.248546
-40.231396 -317.974078 -468.830568 108418.237830 0.887677 0.460204 0.015531 -0.119767 0.198184 0.972820 -0.444618 0.865411 -0.231041
-55.566925 -80.294450 239.766536 1876.264649 -0.010273 0.999759 0.019392 0.901268 0.017658 -0.432902 0.433141 -0.013030 0.901232
-49.381596 -71.960195 86.696709 5670.174481 0.226693 0.946059 -0.231481 0.791079 -0.317493 -0.522870 0.568159 0.064589 0.820380
46.482183 -25.849672 -11225.789034 1400.343313 0.303584 -0.878519 -0.368837 0.933477 0.196663 0.299907 -0.190937 -0.435348 0.879781
20.674343 -22.694599 -4571.430568 1515.564836 0.321957 -0.888251 -0.327649 0.922736 0.216940 0.318584 -0.211902 -0.404903 0.889466
20.380886 -20.490535 -2619.117632 -1233.185442 0.456708 -0.855106 -0.245381 0.868174 0.368214 0.332705 -0.194146 -0.364982 0.910547
9.050586 -199.306614 4668.213487 18545.532299 -0.206450 0.639366 -0.740668 0.822416 0.523500 0.222663 0.530103 -0.563169 -0.633902
-4.905146 -198.609953 1944.761677 18086.053672 -0.179782 0.649218 -0.739050 0.829000 0.504437 0.241459 0.529564 -0.569262 -0.628891
-8.012571 -188.273907 1777.953442 -16496.211860 -0.177381 0.648019 -0.740680 0.979260 0.191091 -0.067332 0.097904 -0.737262 -0.668476
-5.512586 -63.531656 -1070.082544 -3118.180258 0.493573 0.743869 -0.450605 0.869503 -0.410896 0.274098 0.018741 -0.527089 -0.849603
-4.938566 -60.073008 -371.764124 -1882.684413 0.480501 0.751452 -0.452149 0.875186 -0.443954 0.192233 -0.056280 -0.488083 -0.870981
-6.831244 -58.122453 -627.518290 -1813.501812 0.495428 0.750870 -0.436745 0.863882 -0.478505 0.157291 -0.090880 -0.455223 -0.885728
-7.857768 -63.592402 -612.205169 -1418.803070 0.504841 0.755695 -0.417206 0.855049 -0.371467 0.361806 0.118437 -0.539386 -0.833688
-5.635124 -64.312444 -1203.803720 -1366.923385 0.500272 0.743992 -0.442949 0.853201 -0.336383 0.398616 0.147567 -0.577341 -0.803058
-7.885584 -61.274533 -938.354110 -2484.151524 0.503949 0.749152 -0.429890 0.863431 -0.450116 0.227779 -0.022859 -0.485970 -0.873677
-9.494470 -120.815711 -6858.459771 -9122.089335 -0.142895 0.946586 0.289059 0.382039 -0.216668 0.898388 -0.913032 -0.238807 0.330672
-21.611015 -135.409129 -5172.438640 -4209.190531 -0.118309 0.971403 0.205860 0.535777 -0.112099 0.836885 -0.836030 -0.209307 0.507193
-4.876266 -102.796824 -5762.738310 -14044.294786 -0.109614 0.946032 0.304971 0.067588 -0.299016 0.951852 -0.991674 -0.124949 0.031164
10.271324 -19.353602 -2435.975834 -3168.352881 0.685928 -0.169016 0.707768 -0.420089 0.702219 0.574817 0.594162 0.691609 -0.410670
3.329660 -28.295291 -2057.091777 -4133.187737 0.728529 -0.223954 0.647371 -0.389181 0.642394 0.660203 0.563722 0.732922 -0.380844
15.504261 -41.436621 -3062.853754 -455.046058 -0.481991 0.856807 0.183211 0.624190 0.189038 0.758058 -0.614876 -0.479735 0.625925
16.618805 -39.163094 -3858.009313 -2194.880915 -0.476439 0.857667 0.193425 0.550949 0.119796 0.825896 -0.685172 -0.500056 0.529606
17.462908 -38.297538 48.038278 -1028.789886 -0.419633 0.897060 0.138533 0.591638 0.154568 0.791248 -0.688384 -0.413995 0.595597
18.562851 -38.629198 -1175.391626 871.850137 -0.463958 0.877063 0.124512 0.660855 0.249079 0.707976 -0.589926 -0.410756 0.695174
-3.063423 -110.771767 -2089.204930 5246.817926 -0.238036 0.742058 -0.626649 0.718103 -0.299957 -0.627975 0.653962 0.599480 0.461474
-20.519104 -53.322354 1072.566379 -637.368727 0.633600 0.744021 -0.212094 0.247523 0.064789 0.966713 -0.732996 0.665008 0.143112
-0.055810 -47.536353 10652.381907 334.769569 0.677769 0.651169 -0.341479 0.292621 0.187179 0.937730 -0.674538 0.735488 0.063681
148.982581 -41.864427 60160.687798 1155.284160 0.613316 0.542042 -0.574486 0.456722 0.350029 0.817854 -0.644398 0.763983 0.032884
-5.082664 -196.142485 -404.502282 23810.846328 -0.386256 0.398880 -0.831686 0.740334 0.671893 -0.021588 0.550193 -0.624064 -0.554827
-2.795139 -278.750765 -700.464056 63389.430519 -0.383715 0.409480 -0.827701 0.841184 0.524807 -0.130333 0.381014 -0.746260 -0.545824
-6.373488 -225.428880 -2220.310747 -51669.613501 0.258030 -0.429449 0.865444 0.646572 0.742367 0.175602 -0.717889 0.514262 0.469223
-24.842299 -41.485269 -2450.449490 -1748.584994 0.672527 -0.524379 0.522239 -0.422902 0.306799 0.852659 0.607339 0.794293 0.015431
-19.561196 -42.713143 -1646.757206 -1514.709864 0.742050 -0.516910 0.426809 -0.329037 0.273858 0.903735 0.584035 0.811052 -0.033134
30.363888 21.350335 -1712.850294 477.074214 -0.241630 -0.258789 -0.935223 -0.488616 0.865131 -0.113152 0.838373 0.429624 -0.335490
-1549.517992 -89243.757760 732144.115711 49682560.334859 0.706928 -0.186227 -0.682329 0.175792 0.980705 -0.085533 0.685092 -0.059482 0.726024
-133.365954 -11369.443186 -147032.764704 5865687.935589 0.927412 -0.253603 -0.274942 0.247732 0.967181 -0.056483 0.280242 -0.015729 0.959800
-614.856877 -2377.452765 -16658.654485 929806.599819 0.929560 -0.235459 -0.283686 -0.351216 -0.799539 -0.487222 0.112097 -0.552537 0.825916
-240.735513 -2149.178753 12971.816286 -671518.450725 0.615038 -0.267888 -0.741596 0.784136 0.109011 0.610940 -0.082821 -0.957263 0.277106
-384.456774 -3682.415147 41904.810071 1576171.103656 0.668009 0.202047 -0.716199 -0.455091 -0.650561 -0.607999 0.588775 -0.732084 0.342631
4.463844 -404.704293 3785.768143 -32637.573628 -0.186297 -0.202392 0.961421 0.071433 0.973172 0.218708 -0.979893 0.109422 -0.166841
7.157319 -254.947265 3095.066902 -19522.841283 -0.169583 -0.122161 0.977915 -0.233745 0.968959 0.080508 -0.957395 -0.214930 -0.192873
12.590287 -306.873151 2228.884873 -49692.043865 -0.181351 -0.112773 0.976931 -0.342758 0.938360 0.044694 -0.921753 -0.326745 -0.208826
11.506768 -46.067276 473.063033 7648.052656 -0.205693 0.955391 0.211942 -0.348395 -0.273874 0.896445 -0.914501 -0.110553 -0.389187
22.891127 -59.349391 3604.812739 7742.547253 -0.163029 0.893556 0.418306 -0.322270 -0.448951 0.833417 -0.932504 -0.001063 -0.361158
-21.262535 -43.590818 5411.341897 -3199.021569 -0.358604 -0.680964 0.638507 -0.529186 0.711770 0.461893 -0.769003 -0.172252 -0.615601
-27.987774 -41.666183 8131.926325 -2272.310833 -0.554169 -0.509626 0.658163 -0.466269 0.845038 0.261731 -0.689558 -0.161838 -0.705916
-44.488122 -47.451795 -708.708428 1072.496113 0.277990 0.928532 -0.246070 -0.708481 0.371178 0.600235 -0.648673 -0.007477 -0.761031
56.069601 -35.082581 17055.356875 -2097.906378 0.815151 -0.571589 -0.093882 -0.128949 -0.021057 -0.991428 -0.564712 -0.820270 0.090871
58.427522 -27.187268 10328.357656 -2094.056267 0.731593 -0.672245 -0.113396 -0.182670 -0.033047 -0.982619 -0.656813 -0.739591 0.146976
33.203303 -32.879401 13565.463631 -1197.460124 0.843092 -0.537355 0.021090 -0.076367 -0.158453 -0.984409 -0.532319 -0.828337 0.174627
30.937512 -20.298716 8130.268822 -1566.497948 0.770613 -0.636691 0.027923 -0.127167 -0.196553 -0.972212 -0.624487 -0.745648 0.232433
5.457897 -39.275121 6890.892564 2679.735679 0.825103 -0.433427 0.362417 0.147824 -0.453506 -0.878909 -0.545301 -0.778764 0.310118
0.030974 -46.437111 12429.975790 2073.599750 0.864563 -0.438813 0.244896 0.117570 -0.297179 -0.947556 -0.488578 -0.848014 0.205339
21.960873 -42.503912 18341.446517 -1185.403769 0.877485 -0.479596 -0.002929 -0.045692 -0.077516 -0.995943 -0.477423 -0.874059 0.089933
27.794682 -43.164164 -12441.070423 -2093.356699 0.315729 0.896984 0.309410 0.053931 0.308598 -0.949662 0.947316 -0.316523 -0.049058
51.601393 -36.868955 -12811.096972 -2389.380770 0.256662 0.942243 0.215182 0.112052 0.192130 -0.974952 0.959984 -0.274345 0.056268
61.027199 -34.541429 -4378.562672 2412.788759 -0.668702 0.730359 0.139332 0.164112 -0.037790 0.985718 -0.725193 -0.682017 0.094590
60.397545 -28.084722 4673.758328 2438.197817 -0.505958 0.850339 0.144675 0.241557 -0.021331 0.970152 -0.828044 -0.525803 0.194613
52.068238 -18.984201 -7254.998547 2090.306968 -0.630725 0.759986 0.156866 0.264481 0.020486 0.964173 -0.729545 -0.649616 0.213923
9.206262 -68.798790 1034.147232 -8794.953210 -0.504218 0.861274 0.063024 -0.131067 -0.004187 -0.991365 0.853572 0.508124 -0.114996
9.426136 -67.080686 -629.572699 -5886.222006 -0.451200 0.892389 -0.007751 -0.111569 -0.065024 -0.991627 0.885421 0.446558 -0.128902
6.621327 -60.405454 -93.627439 1255.773731 -0.447550 0.893778 -0.029336 -0.016495 -0.041050 -0.999021 0.894107 0.446628 -0.033115
3.375703 -59.117130 487.365690 6944.215979 -0.461596 0.887080 -0.004194 0.017419 0.004337 -0.999839 0.886919 0.461594 0.017454
-12.200313 -83.101443 363.105243 1544.693346 -0.528694 0.846978 0.055769 -0.807399 -0.481541 -0.340919 0.261896 0.225270 -0.938437
-11.731292 -80.785923 262.474796 316.440350 -0.532462 0.844851 0.052063 0.837850 0.517305 0.174363 0.120378 0.136463 -0.983304
5.510125 -61.706096 2002.179381 1833.525042 0.688123 -0.722586 0.066003 0.560072 0.471115 -0.681447 -0.461309 -0.505886 -0.728885
4.945684 -76.390912 1612.730945 -8149.690528 0.678053 -0.732048 0.065949 0.662686 0.570053 -0.485682 -0.317948 -0.373022 -0.871644
-9.920690 -47.931259 -732.082386 -649.445571 -0.178046 0.983970 -0.010098 -0.884210 -0.164481 -0.437172 0.431825 0.068908 -0.899321
-10.151694 -44.142427 -1119.276529 1027.012486 -0.247215 0.967124 -0.059634 -0.926838 -0.253969 -0.276535 0.282589 0.013092 -0.959152
-12.624256 -42.631122 -744.389302 -235.668654 -0.232847 0.972402 -0.014748 -0.920056 -0.225175 -0.320615 0.315087 0.061085 -0.947095
-11.600077 -42.452635 -1035.806223 1468.703177 -0.292284 0.955286 -0.044696 -0.940540 -0.295602 -0.167346 0.173076 0.006875 -0.984885
-13.016584 -42.486937 -1000.989738 -93.130452 -0.123089 0.991135 0.050010 -0.907183 -0.091947 -0.410566 0.402327 0.095905 -0.910459
-15.163878 -39.568255 -261.788672 574.589173 -0.237818 0.970785 0.031933 -0.939832 -0.221685 -0.259945 0.245271 0.091831 -0.965095
2.836734 -71.451921 322.867569 2070.847117 0.679669 -0.728826 0.082842 0.529093 0.408892 -0.743551 -0.508045 -0.549200 -0.663528
0.307835 -62.407544 -206.753236 1073.876398 0.671911 -0.736851 0.074735 0.626773 0.511955 -0.587416 -0.394577 -0.441534 -0.805827
0.236452 -68.219963 -776.153850 2945.374112 0.661830 -0.745287 0.080796 0.576594 0.437202 -0.690213 -0.479083 -0.503390 -0.719081
2.117088 -76.892303 -195.178647 2673.968157 0.667468 -0.739308 0.088943 0.504120 0.360731 -0.784689 -0.548042 -0.568593 -0.613476
-15.154230 -114.622582 -68.444019 1034.159322 -0.497272 0.855436 0.144739 0.673342 0.485728 -0.557386 0.547112 0.179713 0.817540
-7.143607 -105.663876 -2551.663613 2998.761614 -0.465473 0.866374 0.180918 0.536669 0.438832 -0.720703 0.703791 0.238374 0.669221
-12.838159 -104.224941 697.769604 577.651305 -0.490353 0.866761 0.090991 0.553085 0.390172 -0.736113 0.673536 0.310629 0.670715
-16.906852 -110.105839 1456.091449 1048.077151 -0.510185 0.853972 0.102190 0.687689 0.476401 -0.547837 0.516521 0.209223 0.830320
-9.744450 -139.901323 -1389.754135 12054.207503 0.952432 -0.033586 0.302894 0.073513 0.989878 -0.121395 -0.295751 0.137887 0.945261
-11.847657 -136.819521 -518.881175 6811.923384 0.966789 -0.016700 0.255029 -0.000282 0.997792 0.066409 -0.255575 -0.064276 0.964650
-9.240492 -129.165551 -1612.590846 -3377.289184 0.947078 -0.083272 0.310016 -0.199486 -0.909316 0.365170 -0.251494 0.407688 0.877805
-4.280597 -37.879251 2180.124220 819.874534 -0.530554 0.667394 0.522587 0.768713 0.119030 0.628420 0.357200 0.735131 -0.576187
-2.848974 -35.226537 1735.838092 1121.877253 -0.539602 0.668785 0.511426 0.726530 0.062944 0.684245 0.425421 0.740787 -0.519857
-7.576255 -35.064941 1013.699691 1031.052219 -0.583715 0.671554 0.456390 0.692845 0.118874 0.711221 0.423371 0.731358 -0.534671
2.677377 -37.153298 3088.718425 1247.872093 -0.538286 0.657389 0.527340 0.747064 0.082601 0.659600 0.390055 0.749011 -0.535575
-10.410482 -37.931085 1437.791331 734.256475 -0.566713 0.672077 0.476601 0.751083 0.183622 0.634159 0.338689 0.717353 -0.608846
-5.735096 -39.991463 2678.535902 632.082421 -0.507290 0.668861 0.543398 0.817296 0.173447 0.549494 0.273284 0.722870 -0.634646
3.453535 -39.992016 3440.240949 838.520251 -0.519446 0.659479 0.543381 0.798106 0.147244 0.584248 0.305289 0.737162 -0.602819
-6.506912 -30.600970 1313.272157 883.898109 -0.316478 0.920277 0.230071 0.925633 0.246548 0.287085 0.207474 0.303817 -0.929865
-9.108645 -32.291780 1412.536988 1004.838249 -0.294232 0.930768 0.217023 0.938873 0.239024 0.247762 0.178735 0.276657 -0.944201
-4.470746 -57.426318 737.806820 -1370.319925 -0.423684 0.904888 -0.040872 -0.001338 -0.045747 -0.998952 0.905809 0.423185 -0.020593
-3.029613 -56.912102 962.143451 -869.315560 -0.437421 0.898859 -0.026754 -0.027218 -0.042971 -0.998706 0.898845 0.436126 -0.043261
-2.479249 -57.721872 823.361398 854.886782 -0.434823 0.900294 -0.020011 0.093311 0.022943 -0.995373 0.895668 0.434678 0.093983
-97.525136 -436.570581 14713.534490 -138882.780226 0.747869 0.546378 0.377046 -0.410383 -0.065926 0.909527 -0.521803 0.834940 -0.174920
-51.282662 -78.656456 -398.960671 -1318.099888 -0.093018 0.981958 0.164637 0.935293 0.142878 -0.323747 0.341429 -0.123870 0.931709
-58.617578 -76.210124 2460.754978 -2130.080011 0.010096 0.999183 0.039126 0.966385 0.000303 -0.257099 0.256901 -0.040407 0.965593
-52.530620 -78.242786 -454.562747 1499.395445 0.205811 0.955706 -0.210397 0.896581 -0.270311 -0.350821 0.392154 0.116435 0.912501
-56.189741 -79.353759 566.565160 -1969.247092 0.107747 0.990062 -0.090376 0.966671 -0.125568 -0.223113 0.232244 0.063325 0.970594
71.931796 -32.708833 -16950.980601 1291.245803 0.296246 -0.849082 -0.437376 0.933085 0.159508 0.322349 -0.203936 -0.503603 0.839520
71.102560 -35.173563 -3500.209176 183.274159 0.393828 -0.700492 -0.595156 0.914015 0.229873 0.334266 -0.097340 -0.675625 0.730791
63.043444 -34.698382 -734.881824 -1025.882023 0.436584 -0.674999 -0.594786 0.899373 0.310649 0.307614 -0.022870 -0.669234 0.742700
96.633331 -210.364661 29508.005621 -27255.922822 -0.313056 0.565740 -0.762846 0.943693 0.275751 -0.182770 0.106955 -0.777110 -0.620210
92.663758 -102.563188 28806.341022 -21784.540637 -0.229710 0.679813 -0.696482 0.845456 -0.215110 -0.488806 -0.482117 -0.701129 -0.525340
204.754290 -108.806021 60752.121751 -25676.546425 -0.284357 0.590392 -0.755366 0.871180 -0.169796 -0.460667 -0.400232 -0.789054 -0.466055
195.364677 -198.316071 52388.032801 -46252.241020 -0.308504 0.529467 -0.790247 0.923300 -0.033135 -0.382647 -0.228784 -0.847683 -0.478635
3.118441 -32.008032 -4200.295703 2459.548254 0.070865 0.850884 0.520553 -0.296288 0.516267 -0.803543 0.952466 0.097290 -0.288692
10.408052 -37.436145 -6963.083202 2120.527445 0.083096 0.867319 0.490767 -0.195761 0.497081 -0.845333 0.977125 0.025829 -0.211093
15.098824 -30.419377 -5387.984527 2012.009968 0.052266 0.870131 0.490040 -0.281397 0.483659 -0.828788 0.958167 0.094578 -0.270131
-3.926691 -38.052486 -3258.455655 2116.378707 0.050945 0.868272 0.493466 -0.212972 0.492187 -0.844035 0.975729 0.062095 -0.209993
7.430348 -26.452131 -4052.466907 2536.217353 0.073691 0.839326 0.538611 -0.354432 0.526862 -0.772525 0.932174 0.133973 -0.336309
-1.663112 -26.398088 -2564.041998 2441.079274 0.073927 0.822016 0.564645 -0.374928 0.547566 -0.748064 0.924101 0.156399 -0.348677
-8.368953 -34.522662 -2088.243265 2501.130902 0.026141 0.868774 0.494518 -0.292918 0.479630 -0.827136 0.955780 0.123231 -0.267017
-3.343050 -60.192504 -225.212701 -1969.370624 0.487087 0.743493 -0.458218 0.870271 -0.457241 0.183194 -0.073313 -0.488005 -0.869756
-11.771443 -129.712675 -6705.158669 -650.822941 -0.161263 0.951472 0.262099 0.623948 -0.107471 0.774041 -0.764646 -0.288360 0.576338
-19.961932 -129.923122 -4377.089483 7935.918401 -0.132901 0.972235 0.192607 0.783120 -0.016107 0.621662 -0.607504 -0.233454 0.759235
-1.314287 -138.321829 -766.126233 -6274.446258 0.421855 0.876472 0.232024 0.286448 0.113961 -0.951294 0.860224 -0.467771 0.202989
-1.388820 -152.550693 -1233.204987 -13228.484009 0.435225 0.876270 0.206713 0.071709 0.195130 -0.978152 0.897461 -0.440540 -0.022089
-1.010143 -150.236771 246.159837 -9708.503918 0.404959 0.888880 0.214244 0.123565 0.178963 -0.976065 0.905947 -0.421739 0.037362
10.540029 -24.763894 -834.321115 -3092.557135 0.606328 -0.141076 0.782600 -0.512678 0.682958 0.520317 0.607888 0.716705 -0.341770
16.852478 -15.696197 -502.268589 -2590.158223 0.576287 -0.124109 0.807768 -0.497389 0.730999 0.467167 0.648457 0.670997 -0.359535
16.068851 -11.862380 -2936.647989 -1842.059886 0.664238 -0.132812 0.735628 -0.441146 0.724808 0.529192 0.603472 0.676029 -0.422855
8.696213 -39.915121 -3665.281977 -2472.487274 -0.485373 0.848854 0.209426 0.575633 0.129968 0.807313 -0.658073 -0.512401 0.551712
-4.722576 -127.208007 2463.503669 2219.189772 0.325170 -0.733865 0.596411 0.942977 0.299065 -0.146132 -0.071124 0.609920 0.789265
-10.454349 -122.959686 1338.249517 1359.615975 0.355700 -0.701757 0.617264 0.934590 0.263997 -0.238426 0.004361 0.661697 0.749759
-21.795219 -56.004003 -219.159383 -1588.802842 0.574900 0.777351 -0.255373 0.330005 0.065311 0.941717 -0.748723 0.625668 0.218982
-14.899381 -60.194094 2592.990632 183.097218 0.632940 0.734554 -0.244576 0.513587 -0.161987 0.842608 -0.579323 0.658932 0.479785
-4.599042 -249.061834 503.710388 -7065.748369 -0.383360 0.382206 -0.840805 0.876739 -0.135696 -0.461428 -0.290454 -0.914060 -0.283074
-0.546752 -252.244013 1196.633516 -30543.336221 -0.393880 0.397129 -0.828943 0.761444 -0.364165 -0.536271 -0.514841 -0.842421 -0.158954
-18.847467 -38.311815 -2165.886910 -1405.501487 0.784600 -0.540142 0.304382 -0.159162 0.299012 0.940882 0.599224 0.786662 -0.148635
-25.073155 -36.735570 -3001.657443 -708.785805 0.750390 -0.579332 0.318260 -0.196517 0.264183 0.944240 0.631107 0.771092 -0.084392
-17.083652 -34.608552 -2413.251911 -1778.118950 0.800441 -0.573420 0.174595 0.006018 0.298950 0.954250 0.599381 0.762770 -0.242743
-13.203246 -39.228376 -1076.478987 -2242.304483 0.801365 -0.506967 0.317489 -0.144057 0.351577 0.925009 0.580571 0.787006 -0.208709
27.303427 15.792483 -6213.637412 -6311.255201 0.102231 -0.510426 -0.853823 -0.412545 0.759274 -0.503298 0.905183 0.403693 -0.132952
25.208567 20.597606 1360.485859 -3979.977193 -0.167542 -0.492706 -0.853915 -0.446112 0.810295 -0.380008 0.879155 0.317274 -0.355561
30.426110 22.819870 11150.825592 -255.743951 -0.585272 0.016895 -0.810661 -0.283565 0.932387 0.224157 0.759637 0.361067 -0.540909
-0.280323 -117.123502 -773.008155 -3769.135230 0.169735 0.985159 0.025543 -0.973645 0.163632 0.158868 -0.152331 0.051835 -0.986969
3.272576 -137.443063 -815.780928 -8872.418902 0.142108 0.989308 0.032776 -0.961331 0.130047 0.242754 -0.235896 0.066006 -0.969534
1.621774 -135.089179 -1175.843152 -3845.314076 0.125359 0.991784 0.025486 -0.904405 0.103679 0.413886 -0.407843 0.074935 -0.909972
-0.897375 -126.375686 -1342.029411 -2047.501232 0.136391 0.990332 0.025292 -0.893656 0.111979 0.434557 -0.427524 0.081872 -0.900289
-180.937406 -609.537436 58499.905165 39893.846759 0.656406 0.107560 -0.746701 0.591401 -0.687876 0.420799 0.468377 0.717814 0.515137
-1097.004319 -2547.384900 202559.767650 -409629.204189 0.898523 0.110265 -0.424851 0.433567 -0.373775 0.819947 0.068387 0.920942 0.383653
-366.133517 -1123.964268 -87199.886244 474717.961716 0.080380 -0.222719 0.971563 0.872113 0.487695 0.039646 -0.482657 0.844126 0.233437
-176.842340 -907.964700 -58158.044201 269692.354496 -0.114049 -0.251853 0.961022 0.817186 0.526329 0.234913 -0.564978 0.812125 0.145783
-104.066392 -810.798753 -26757.004611 256126.174776 -0.097846 -0.531954 0.841101 0.783938 0.479450 0.394423 -0.613081 0.697964 0.370106
-168.372538 -8241.044560 -66145.802841 3770383.653351 -0.020070 -0.114418 0.993230 0.138732 0.983501 0.116100 -0.990127 0.140123 -0.003866
-624.889507 -2273.987074 -177985.811118 361483.508732 -0.147742 -0.250994 0.956647 0.020821 0.966258 0.256731 -0.988807 0.057848 -0.137531
15.054479 -231.536932 -227.380783 -47846.099276 -0.204783 -0.042238 0.977896 -0.613297 0.784171 -0.094561 -0.762844 -0.619105 -0.186490
-4.881751 -194.309373 4840.623677 1203.000158 -0.136588 -0.107397 0.984789 -0.079710 0.992074 0.097135 -0.987416 -0.065230 -0.144066
8.049009 -186.878822 1627.930018 -18968.809979 -0.141718 0.000751 0.989907 -0.482696 0.873004 -0.069767 -0.864245 -0.487712 -0.123357
-20.101429 -44.728089 475.067142 -932.464482 0.491089 0.785989 -0.375570 0.578020 -0.616570 -0.534542 0.651709 -0.045421 0.757108
-20.993663 -49.237376 -286.280015 1643.256795 0.477381 0.812354 -0.334944 0.669377 -0.583147 -0.460298 0.569247 0.004467 0.822155
-20.770084 -50.149010 -530.260673 959.098658 0.498130 0.814750 -0.296730 0.658423 -0.578086 -0.481970 0.564221 -0.044710 0.824412
-4.142578 -45.358214 -7196.350173 1544.929338 -0.270423 0.955268 -0.119727 -0.435834 -0.010584 0.899965 -0.858440 -0.295552 -0.419201
30.070876 -52.269589 2380.875327 3872.566639 -0.169832 0.955490 0.241237 -0.475456 -0.293863 0.829208 -0.863191 -0.026129 -0.504201
11.935689 -53.022610 -4660.004819 1305.302783 -0.216020 0.976248 0.016607 -0.498218 -0.124840 0.858017 -0.839710 -0.177075 -0.513353
-29.497550 -67.736392 -88.513451 -10902.696929 0.200613 0.923109 -0.328060 -0.611512 0.379614 0.694224 -0.765381 -0.061342 -0.640648
-43.747611 -138.710573 9628.359843 -45746.498385 0.132076 0.973627 0.186027 -0.734912 -0.029756 0.677510 -0.665177 0.226196 -0.711600
-34.504126 -70.035193 2818.460331 -7262.602021 0.212006 0.976801 -0.030215 -0.457443 0.126511 0.880194 -0.863597 0.172785 -0.473652
