15415
30812
-41.150411 -64.033506 -2725.347956 -6463.255513 0.203669 0.872722 0.443706 0.977887 -0.159349 -0.135445 -0.047502 0.461481 -0.885878
-44.483719 -68.454140 -870.970681 -3769.785460 -0.000942 0.870605 0.491982 0.998948 -0.021734 0.040373 0.045842 0.491503 -0.869669
-51.901715 -82.526268 -2856.317332 -5054.809676 0.346889 0.817045 0.460550 0.926191 -0.375784 -0.030948 0.147781 0.437292 -0.887094
-39.589518 -58.279265 745.418237 -4927.762269 -0.275141 0.793592 0.542686 0.960025 0.257012 0.110892 -0.051473 0.551504 -0.832583
-28.559332 -89.816613 -5529.091143 -13238.849728 0.454292 0.819318 0.349767 0.890069 -0.400979 -0.216779 -0.037362 0.409797 -0.911411
-33.816153 -57.024641 -4743.720138 -9091.697202 0.304532 0.879725 0.365164 0.935048 -0.203054 -0.290611 -0.181510 0.429946 -0.884421
-34.309211 -47.825838 1622.019793 -4784.052372 -0.436027 0.717487 0.543225 0.883271 0.456812 0.105617 -0.172373 0.525867 -0.832918
89.115934 -90.528089 5675.186934 -6421.121492 0.682590 0.715835 0.147142 -0.504096 0.315422 0.803987 -0.529111 0.622967 -0.576154
83.090137 -99.442746 2087.839795 -8669.885564 0.652963 0.745356 0.134478 -0.415219 0.203787 0.886603 -0.633430 0.634756 -0.442551
85.434747 -92.385983 2951.737280 -5361.434286 0.622522 0.777135 0.092342 -0.492524 0.297346 0.817927 -0.608183 0.554658 -0.567862
77.889060 -98.882209 -7538.519401 1660.609378 0.541313 0.839375 0.049286 -0.551514 0.310204 0.774342 -0.634675 0.446343 -0.630845
87.020799 -90.062408 2213.295493 2437.007756 0.643579 0.754964 0.125842 -0.557717 0.349978 0.752640 -0.524174 0.554567 -0.646294
-9.264343 -36.402479 6911.350975 2472.150905 -0.487655 0.670521 0.559101 0.659952 0.702369 -0.266722 -0.571538 0.238912 -0.785026
4.029279 -44.391270 8592.811985 8252.552902 -0.499933 0.643813 0.579286 0.641738 0.724542 -0.251418 -0.581583 0.246058 -0.775382
-5.145076 -33.279436 7076.240653 -1590.049988 -0.521719 0.623302 0.582498 0.624550 0.744180 -0.236927 -0.581160 0.240190 -0.777536
-20.220822 -53.542911 594.851316 11160.175354 -0.176337 0.917720 0.355943 -0.846755 -0.325810 0.420540 -0.501908 0.227240 -0.834536
25.960314 -45.710860 -9792.944155 238.255063 0.141097 0.986181 0.086822 -0.981493 0.127877 0.142542 -0.129470 0.105327 -0.985973
24.779757 -43.087013 -7984.299835 1288.861420 0.118160 0.987644 0.102945 0.992989 -0.117857 -0.009036 0.003208 0.103291 -0.994646
36.848776 -43.581383 -8407.118481 -165.373099 0.163715 0.976878 0.137501 0.981835 -0.147799 -0.118978 -0.095905 0.154481 -0.983330
15.288647 -44.908940 -5728.465819 742.540293 0.109166 0.990587 0.082588 0.993382 -0.105733 -0.044874 -0.035719 0.086940 -0.995573
39.653465 -44.787820 -12063.170606 59.035618 0.182901 0.977215 0.107695 -0.959725 0.153712 0.235161 -0.213249 0.146369 -0.965972
26.128244 -45.863076 -10897.087126 409.526774 0.152905 0.985527 0.073191 -0.954751 0.128201 0.268356 -0.255088 0.110912 -0.960535
13.137381 -46.978294 -5445.564743 550.816115 0.104957 0.990987 0.083239 -0.980470 0.089117 0.175317 -0.166319 0.100014 -0.980987
23.557978 -191.046559 -7410.950300 18676.778077 -0.160254 -0.163365 -0.973463 0.987070 -0.023018 -0.158631 0.003508 -0.986297 0.164942
7.064549 -182.792275 -3247.060133 19440.838300 -0.092528 -0.170998 -0.980917 0.992684 0.060900 -0.104255 0.077565 -0.983387 0.164112
26.659961 -165.551564 -8743.341588 28277.019471 -0.115085 -0.192781 -0.974470 0.956241 0.244148 -0.161232 0.268997 -0.950383 0.156247
59.978119 -164.847002 -19793.423550 30846.148608 -0.185567 -0.157550 -0.969919 0.933568 0.279736 -0.224051 0.306621 -0.947062 0.095174
31.979041 -128.317849 -9949.507112 26606.469508 -0.091507 -0.184703 -0.978525 0.875875 0.452593 -0.167338 0.473782 -0.872378 0.120361
21.103508 -35.757111 -2156.287007 3168.940796 -0.347193 0.936851 0.042045 0.251476 0.049817 0.966581 -0.903447 -0.346164 0.252892
17.640401 -30.248082 -3775.531012 1966.609509 -0.373343 0.926608 0.044861 0.306087 0.077388 0.948853 -0.875743 -0.367979 0.312515
14.524851 -36.199058 -5821.888491 2713.940413 -0.394429 0.916931 0.060524 0.250894 0.044095 0.967010 -0.884012 -0.396602 0.247445
1.818746 -63.650226 -1544.582735 141.348500 -0.299154 0.945625 -0.127671 0.063270 0.153161 0.986174 -0.952105 -0.286940 0.105649
3.247860 -67.109413 -1485.116296 -2576.035767 -0.294247 0.948018 -0.121168 0.193708 0.183306 0.963782 -0.935893 -0.260119 0.237576
-0.578169 -65.136841 -1148.365482 -165.800074 -0.290481 0.951597 -0.100423 0.116982 0.139477 0.983291 -0.949703 -0.273879 0.151835
-4.636054 -86.312297 1041.022754 3678.904290 0.158150 0.973539 0.164953 0.979455 -0.175840 0.098737 0.125129 0.145949 -0.981347
-2.752774 -82.812219 1390.404368 1680.244472 0.125402 0.978187 0.165603 -0.945094 0.168558 -0.279975 0.301782 0.121401 -0.945616
-7.698741 -83.310147 790.231579 -1774.184904 0.123794 0.982487 0.139260 -0.983943 0.139720 -0.111062 0.128574 0.123276 -0.984008
-9.162412 -90.257630 550.744805 4518.082392 0.153256 0.979243 0.132651 0.985343 -0.141254 -0.095641 -0.074918 0.145364 -0.986538
1.195124 -47.424931 -6916.784616 575.035685 -0.193174 0.978865 0.067134 -0.342751 -0.131436 0.930186 -0.919351 -0.156677 -0.360897
13.923402 -45.714612 -10706.318605 941.919798 -0.206860 0.978316 0.010313 -0.245486 -0.062105 0.967409 -0.947072 -0.197587 -0.253010
8.200712 -46.739992 -2488.508300 651.126273 -0.186681 0.980528 0.060955 -0.232022 -0.104295 0.967103 -0.954629 -0.166397 -0.246974
-0.805786 -48.485460 4724.049146 -442.368824 -0.159879 0.976665 0.143403 -0.344181 -0.191309 0.919207 -0.925191 -0.097605 -0.366735
-5.146226 -49.513684 1958.866088 620.713498 -0.162030 0.979040 0.123401 -0.445646 -0.184174 0.876059 -0.880424 -0.086955 -0.466147
-14.411185 -46.707686 -1816.571271 544.171288 -0.258725 0.924714 0.279222 0.247965 -0.215797 0.944428 -0.933582 -0.313585 0.173464
-17.139111 -46.905231 -2609.544588 674.816980 -0.250126 0.930901 0.266197 0.177325 -0.226242 0.957795 -0.951836 -0.286773 0.108483
-12.246792 -48.392096 -1490.986798 582.660806 -0.279978 0.927818 0.246507 0.175783 -0.202888 0.963295 -0.943776 -0.313033 0.106290
-10.385805 -47.115511 -566.945189 629.597751 -0.287760 0.923064 0.255240 0.240098 -0.188469 0.952277 -0.927118 -0.335310 0.167392
-11.653915 -43.999476 -1042.052128 1883.916807 -0.270521 0.923610 0.271592 0.318702 -0.180287 0.930551 -0.908431 -0.338291 0.245585
-35.574023 -50.209704 -2026.525882 -162.887701 0.957396 -0.193107 -0.214717 -0.117798 -0.940012 0.320156 0.263661 0.281223 0.922712
-38.192643 -50.087737 -3733.078118 653.630929 0.945251 -0.077272 -0.317064 -0.023338 0.953070 -0.301850 0.325509 0.292724 0.899087
-32.965591 -42.187480 -5708.646678 -8962.091266 0.884955 -0.454250 -0.102523 -0.373390 -0.823726 0.426681 0.278271 0.339312 0.898573
-2.691397 -95.325565 -2755.286102 -10596.416122 0.022290 0.106693 -0.994042 -0.496888 0.863971 0.081590 0.867529 0.492109 0.072272
0.853750 -90.006779 -2876.107936 2194.085057 -0.004872 0.148214 -0.988943 -0.383299 0.913144 0.138742 0.923612 0.379736 0.052361
-5.863442 -96.465736 -879.135615 -5847.230155 0.020470 0.061686 -0.997886 -0.471290 0.880841 0.044783 0.881741 0.469377 0.047103
-7.145490 -110.652242 -1228.319995 -16342.156170 0.054231 0.044585 -0.997533 -0.593247 0.805012 0.003728 0.803192 0.591581 0.070106
-7.205528 -101.349346 -24.839577 -4405.991884 0.009568 0.044526 -0.998962 -0.451406 0.891615 0.035418 0.892267 0.450599 0.028630
-7.957873 -112.372574 241.852264 -13533.339168 0.042138 0.007793 -0.999081 -0.581126 0.813611 -0.018163 0.812722 0.581357 0.038812
1.383633 -114.697192 534.320968 4552.018939 -0.067414 -0.043716 -0.996767 0.996952 -0.042280 -0.065573 -0.039276 -0.998149 0.046433
0.444296 -117.226188 803.933015 5027.597381 -0.085875 -0.040000 -0.995503 0.996284 -0.010038 -0.085539 -0.006571 -0.999149 0.040714
-0.721143 -122.033643 320.566500 4679.109222 -0.098791 -0.042987 -0.994179 0.980105 -0.177037 -0.089737 -0.172149 -0.983265 0.059622
-7.064100 -59.470391 1760.368646 -4721.258760 0.754793 0.318153 0.573643 0.187374 0.733496 -0.653356 -0.628632 0.600634 0.494024
-3.454941 -59.072420 3644.620093 5550.315903 0.786536 0.358062 0.503143 -0.122061 -0.708534 0.695040 -0.605362 0.608088 0.513582
-1.340583 -67.306039 2996.832076 6280.631102 0.782406 0.367147 0.503034 -0.175830 -0.644645 0.743986 -0.597431 0.670548 0.439819
-6.145668 -69.927734 529.847406 5938.107232 0.732869 0.296273 0.612474 -0.285268 -0.683450 0.671951 -0.617677 0.667171 0.416362
-12.465666 -57.812199 2028.753329 -3728.491444 0.733710 0.272888 0.622256 0.219450 0.771552 -0.597117 -0.643049 0.574664 0.506210
-2.560396 -70.770915 -643.436130 7139.655457 0.753410 0.347687 0.558111 -0.241135 -0.643549 0.726428 -0.611741 0.681879 0.401017
5.937616 -25.403138 -1148.788322 1458.552448 0.850490 -0.280218 0.445134 -0.217411 0.583322 0.782603 0.478956 0.762374 -0.435187
9.804982 -31.324840 -7349.718211 3868.071077 0.870303 -0.359953 0.336163 -0.099917 0.539313 0.836157 0.482275 0.761299 -0.433400
21.394838 -25.959306 -6635.223350 355.022949 0.819718 -0.209201 0.533196 -0.348317 0.556920 0.754000 0.454685 0.803788 -0.383649
17.790308 -23.174995 1834.262416 -68.293831 0.779210 -0.140193 0.610882 -0.435315 0.580166 0.688410 0.450924 0.802342 -0.391043
7.765136 -21.629156 4188.944770 -66.362545 0.792200 -0.166842 0.587011 -0.373031 0.628886 0.682167 0.482977 0.759386 -0.435966
-24.042641 -127.000733 -14549.705726 -30393.986444 0.588223 0.022881 -0.808375 0.718604 0.443724 0.535460 0.370947 -0.895871 0.244567
-4.759406 -312.324753 -15764.914262 102194.223112 0.152674 -0.226069 -0.962072 0.942800 0.325223 0.073194 0.296341 -0.918217 0.262791
-34.927377 -192.173619 5297.095816 90706.459397 0.094592 -0.058134 -0.993817 0.897014 0.437944 0.059760 0.431762 -0.897121 0.093573
-30.898391 -61.209932 18821.213756 25355.478139 0.899147 0.362014 -0.245927 -0.234817 -0.075134 -0.969131 0.369317 -0.929140 -0.017450
-14.232987 -219.167921 369.201765 91295.761202 0.816115 0.200070 -0.542152 -0.484237 -0.275255 -0.830511 0.315390 -0.940323 0.127759
175.131790 -1009.157852 -56945.745746 470415.064554 0.756950 -0.004378 -0.653459 -0.538393 -0.570909 -0.619835 0.370352 -0.821002 0.434507
27.678996 -301.008370 -25398.244157 105191.239935 0.653518 -0.054392 -0.754954 -0.619997 -0.610614 -0.492701 0.434187 -0.790058 0.432770
-490.429013 -4752.571562 -140127.850177 3045836.742417 -0.157528 -0.092834 -0.983141 -0.211433 0.975655 -0.058250 0.964614 0.198692 -0.173321
42.795336 -6431.721281 -6307.012148 8768576.182590 -0.078718 0.257630 0.963032 0.912039 0.408627 -0.034766 -0.402478 0.875586 -0.267135
25.309925 -6902.011754 6443.231781 322776.444082 0.043050 0.162597 0.985753 0.790059 -0.609465 0.066026 0.611518 0.775960 -0.154699
-15.698090 -41.118176 3827.165159 -4499.834453 -0.573940 0.685820 0.447486 0.694563 0.697158 -0.177630 -0.433791 0.208858 -0.876472
-12.396207 -32.290872 3665.059182 3835.767010 -0.526445 0.722135 0.448750 -0.701596 -0.667110 0.250455 -0.480228 0.182990 -0.857844
-5.006051 -40.443032 4507.489355 5281.665432 -0.462850 0.776611 0.427370 -0.774089 -0.589027 0.232018 -0.431921 0.223433 -0.873798
-8.321922 -32.199689 1666.354216 2202.474596 -0.790797 -0.423672 -0.441749 -0.401512 0.903807 -0.148056 0.461983 0.060286 -0.884837
-12.213214 -35.090265 2410.593066 2329.897692 -0.809781 -0.357036 -0.465596 -0.313553 0.934060 -0.170928 0.495922 0.007574 -0.868334
-5.585204 -35.295921 1833.873027 1660.598886 -0.797448 -0.419105 -0.434082 -0.368828 0.907937 -0.199040 0.477537 0.001377 -0.878610
-4.281663 -32.867963 1059.106729 1842.261095 -0.771309 -0.476375 -0.422077 -0.453457 0.876656 -0.160781 0.446609 0.067381 -0.892188
-5.968271 -29.527607 835.345343 2044.435598 -0.764184 -0.483213 -0.427233 -0.482227 0.867915 -0.119085 0.428346 0.115020 -0.896265
-8.313603 -34.640559 -1717.453574 243.298535 0.182842 0.983081 -0.010971 -0.589532 0.118563 0.798996 -0.786779 0.139623 -0.601236
-3.816794 -32.909654 -1202.077157 370.456357 0.151469 0.988457 0.003238 -0.601219 0.089528 0.794053 -0.784597 0.122221 -0.607840
-7.795005 -33.393232 -1376.183836 76.472886 0.214936 0.974130 -0.069816 -0.488305 0.169101 0.856133 -0.845790 0.149922 -0.512018
-13.194731 -35.414114 -1819.888728 -41.147535 0.267088 0.957830 -0.105954 -0.453992 0.222047 0.862894 -0.850033 0.182366 -0.494153
-15.520305 -36.713012 -2566.973968 214.023870 0.221504 0.975052 -0.014449 -0.571830 0.141877 0.808011 -0.789903 0.170715 -0.588991
-1470.242593 -37694.640796 -577552.549924 -22301759.353223 0.755703 -0.235479 0.611116 0.651058 0.169001 -0.739974 -0.070968 -0.957073 -0.281025
-233.402547 -1351.135258 -139033.503262 -574492.392370 0.990415 -0.082789 0.110567 0.129082 0.269864 -0.954207 -0.049160 -0.959333 -0.277963
-367.411799 -7141.971135 131896.694676 3345479.261077 0.980785 -0.118250 -0.155172 -0.009440 0.765675 -0.643159 -0.194865 -0.632265 -0.749846
-1151.865262 -4244.907322 -573034.192093 -1871693.767649 0.971944 0.127100 -0.197917 -0.232674 0.642837 -0.729811 -0.034469 -0.755385 -0.654374
-733.503288 -3867.587876 -1027674.254109 786678.646617 0.995511 -0.092047 0.022009 0.094253 0.985299 -0.142484 0.008570 -0.143919 -0.989552
187.467886 -4622.152009 -1652121.944716 4835291.357617 0.936737 -0.313178 -0.156342 0.335540 0.930599 0.146280 -0.099680 0.189485 -0.976811
-213.403774 -8816.343478 -116549.789248 -5496558.461500 0.990544 -0.132774 -0.034546 0.119061 0.957035 -0.264403 -0.068167 -0.257790 -0.963793
-2.820079 -456.664116 2099.465391 -179677.332266 0.889622 -0.427348 -0.161079 0.119360 -0.122880 0.985218 0.440824 0.895698 0.058308
-10.351283 -395.471627 1077.395563 -132210.298219 0.913379 -0.382355 -0.139796 0.065700 -0.200446 0.977499 0.401773 0.902012 0.157962
0.084965 -1193.216073 16157.566840 -429817.542954 0.832618 -0.309013 -0.459629 0.266498 -0.503966 0.821582 0.485516 0.806554 0.337260
-1.163685 -155.104027 1600.554892 -47363.749804 0.905428 -0.404595 -0.128465 0.138169 -0.005261 0.990395 0.401384 0.914481 -0.051139
-75.711732 -529.918448 -5612.623823 -109846.398260 0.883535 -0.434702 0.174359 -0.226384 -0.070464 0.971486 0.410021 0.897813 0.160666
5.208265 -156.221384 3698.767536 -54090.239374 0.874253 -0.425574 -0.233598 0.243214 -0.032488 0.969428 0.420152 0.904340 -0.075103
-8.301597 -114.813979 -5151.178021 -14129.396732 -0.427159 0.895995 0.121359 0.893839 0.438692 -0.092737 0.136331 -0.068862 0.988267
-20.854555 -68.783790 464.232769 -12718.597172 0.396565 -0.908158 -0.134107 0.915746 0.381099 0.127175 -0.064387 -0.173241 0.982772
-11.172302 -96.965441 -431.018559 -17780.070183 0.577074 -0.809403 -0.108868 0.814133 0.580676 -0.001712 0.064603 -0.087645 0.994055
-30.996173 -54.442100 3188.156086 -1612.377744 0.394472 -0.076365 -0.915729 0.063200 0.996436 -0.055870 0.916732 -0.035835 0.397893
-33.550805 -56.991567 2775.791105 -1729.115017 0.447503 0.063507 -0.892025 -0.020787 0.997945 0.060619 0.894041 -0.008585 0.447903
-33.921038 -55.060338 1924.328757 -1215.815306 0.493987 0.075839 -0.866156 0.042421 0.992900 0.111130 0.868434 -0.091640 0.487262
-34.142453 -49.262241 3499.538669 -6494.500489 0.527967 0.079913 -0.845497 0.154917 0.969797 0.188398 0.835016 -0.230450 0.499641
-30.734774 -48.428714 3695.553901 -3289.778955 0.442991 -0.074906 -0.893391 0.217358 0.975747 0.025966 0.869779 -0.205688 0.448528
-30.773213 -50.451054 2072.417435 -1370.884027 0.389754 -0.151322 -0.908401 0.185556 0.979081 -0.083482 0.902031 -0.136022 0.409680
109.284199 -98.524569 -14895.333484 -19764.189429 0.609048 0.721163 -0.330129 -0.261615 -0.210274 -0.941989 0.748744 -0.660083 -0.060600
126.251067 -144.773223 9238.628616 -27993.559706 0.496558 0.817768 -0.291010 -0.444519 -0.048385 -0.894462 0.745542 -0.573511 -0.339488
107.682751 -125.446324 -29630.066525 -21297.041125 0.706513 0.576102 -0.411030 -0.434510 -0.105320 -0.894488 0.558606 -0.810564 -0.175912
66.942363 -86.688062 -41324.553051 -11264.507878 0.806876 0.441618 -0.392332 -0.339833 -0.196231 -0.919786 0.483182 -0.875481 0.008258
98.101294 -68.451304 -40790.912103 -7140.130110 0.801964 0.519133 -0.295559 -0.178059 -0.264541 -0.947794 0.570218 -0.812723 0.119716
122.961720 -67.745828 -23615.707190 -4950.166100 0.687742 0.668393 -0.283306 -0.152518 -0.248510 -0.956546 0.709753 -0.701066 0.068969
126.996578 -70.293994 10864.531496 -4554.707342 0.450748 0.849515 -0.274134 -0.157156 -0.226783 -0.961182 0.878708 -0.476333 -0.031284
13.857521 -45.117996 2149.052438 4150.014111 -0.210337 0.687370 0.695184 -0.591645 0.476591 -0.650244 0.778277 0.548073 -0.306433
18.270638 -45.538611 1542.325805 4806.402956 -0.084978 0.652385 0.753108 -0.642969 0.541504 -0.541632 0.761164 0.530252 -0.373447
25.840865 -53.174819 3837.530014 4458.096687 -0.168680 0.687356 0.706462 -0.512638 0.550992 -0.658491 0.841873 0.473234 -0.259423
19.487946 -53.654236 4478.671915 3620.397235 -0.271725 0.712173 0.647283 -0.448064 0.501626 -0.740007 0.851707 0.491102 -0.182795
-7.310215 -31.519620 -729.627890 -7492.633560 0.677191 0.066055 0.732836 -0.175387 0.981746 0.073579 -0.714599 -0.178357 0.676415
-3.760185 -32.950669 -1454.487620 -7344.568960 0.680541 -0.095494 0.726460 -0.065476 0.979578 0.190103 -0.729779 -0.176939 0.660391
-10.514330 -21.494428 -371.181622 -7794.558722 0.693939 -0.064360 0.717152 -0.123416 0.970626 0.206529 -0.709378 -0.231826 0.665612
-11.583373 -23.073201 -321.225152 -8064.281433 0.652640 0.213486 0.726969 -0.311307 0.950309 0.000405 -0.690759 -0.226575 0.686670
30.894241 -51.664095 -8902.673233 66.264039 -0.064238 0.991309 -0.114802 0.295030 -0.091032 -0.951142 0.953326 0.094970 0.286619
69.311921 -50.137946 -14887.228813 2879.770345 -0.148682 0.987667 -0.049060 0.115955 -0.031857 -0.992744 0.982063 0.153292 0.109788
49.485311 -49.934960 -17033.121280 1583.994529 -0.003150 0.980288 -0.197551 0.145433 -0.195002 -0.969960 0.989363 0.031786 0.141952
6.470741 -53.411845 -264.301780 147.088157 0.520594 -0.362555 -0.773004 0.815407 0.479576 0.324220 0.253167 -0.799100 0.545294
6.228491 -52.237169 532.633902 -85.451739 0.502977 -0.327690 -0.799771 0.826767 0.452142 0.334699 0.251933 -0.829570 0.498340
5.395618 -53.937223 -304.783787 538.739990 0.541776 -0.350516 -0.763948 0.832380 0.349948 0.429743 0.116710 -0.868720 0.481356
3.501549 -56.919098 -942.372921 874.050936 0.574938 -0.365626 -0.731959 0.809272 0.385892 0.442906 0.120519 -0.846998 0.517755
63.021443 -132.711493 14828.612238 7831.434945 0.528760 0.613026 0.587037 -0.678632 0.720741 -0.141387 -0.509775 -0.323622 0.797118
86.544909 -121.969111 21085.321477 11741.986457 0.571519 0.602131 0.557499 -0.535265 0.788505 -0.302905 -0.621979 -0.125293 0.772945
31.299367 -130.357439 8169.868080 6699.186281 0.622320 0.529854 0.576170 -0.620035 0.782959 -0.050320 -0.477780 -0.325931 0.815779
23.794715 -131.351570 -5656.004154 864.674902 -0.579314 -0.547763 -0.603614 0.747973 -0.651542 -0.126606 -0.323930 -0.524832 0.787160
4.573025 -126.898779 -2638.245579 2965.280599 -0.631311 -0.486608 -0.603870 0.714708 -0.667327 -0.209444 -0.301062 -0.563815 0.769074
5.834927 -124.094725 3523.801374 3328.864163 0.663551 0.461833 0.588567 -0.589804 0.806921 0.031777 -0.460251 -0.368225 0.807824
-39.661027 -93.079829 844.602815 12270.563126 0.634454 0.320161 0.703538 0.762112 -0.107142 -0.638519 -0.129050 0.941285 -0.311975
-34.650339 -117.876069 715.226270 11752.291720 0.618332 0.306857 0.723536 0.745839 0.061126 -0.663316 -0.247770 0.949791 -0.191070
-36.542063 -84.339358 649.807426 9610.594962 0.456502 0.228583 0.859858 0.889377 -0.090306 -0.448167 -0.024793 0.969327 -0.244522
8.196659 -49.741764 -1732.003884 -865.265584 0.006050 0.999637 0.026269 0.486430 -0.025895 0.873336 -0.873698 -0.007494 0.486410
12.381492 -46.942858 -2501.552170 -911.967974 0.030613 0.998931 0.034629 0.491482 -0.045211 0.869714 -0.870350 0.009605 0.492340
7.935786 -49.894381 -1616.706515 170.420386 -0.006411 0.999966 -0.005162 0.585883 0.007939 0.810357 -0.810370 -0.002171 0.585914
5.102098 -51.074517 -941.075967 915.239294 -0.011838 0.999924 -0.003329 0.589460 0.009668 0.807740 -0.807711 -0.007600 0.589530
5.991050 -49.997327 -922.396994 1291.015877 -0.009151 0.999835 -0.015724 0.679146 0.017756 0.733789 -0.733947 0.003964 0.679196
8.502821 -49.492895 -1139.219727 484.879300 -0.015867 0.999311 -0.033562 0.673211 0.035495 0.738598 -0.739280 0.010876 0.673310
4.692417 -30.659769 1164.578326 -3955.260389 -0.054497 0.992680 -0.107777 0.037955 -0.105800 -0.993663 0.997792 0.058242 0.031911
4.904333 -22.815140 916.562881 -3865.951939 -0.055722 0.990450 -0.126109 0.112510 -0.119272 -0.986466 0.992087 0.069156 0.104789
0.502615 -29.587863 2494.313325 -3414.471048 -0.075105 0.988703 -0.129716 0.037406 -0.127199 -0.991172 0.996474 0.079295 0.027430
6.653987 -22.496786 -288.841221 -4631.000185 -0.031452 0.992975 -0.114066 0.112302 -0.109889 -0.987579 0.993176 0.043871 0.108056
0.781541 -35.482504 2297.520549 -2522.617281 -0.070521 0.994647 -0.075526 -0.053189 -0.079357 -0.995426 0.996091 0.066181 -0.058501
4.516645 -38.330808 1338.876990 -3124.806679 -0.051991 0.996478 -0.065797 -0.059640 -0.068867 -0.995842 0.996865 0.047851 -0.063010
6.257707 -31.813954 16.913325 -4419.410185 -0.031401 0.995259 -0.092054 0.034164 -0.090977 -0.995267 0.998923 0.034397 0.031146
-6.273972 -126.730882 3103.671232 7348.586191 0.750365 -0.389251 -0.534262 0.539161 0.828008 0.153977 -0.382438 0.403592 -0.831177
-8.093952 -132.386965 -1332.942026 10782.681372 -0.717366 0.403668 0.567837 0.558324 0.820605 0.121991 -0.416725 0.404550 -0.814051
-3.181413 -124.966150 2402.215407 7528.046086 0.740777 -0.393621 -0.544345 0.603218 0.746364 0.281191 -0.295597 0.536659 -0.790329
-9.465980 -137.610274 -4197.489634 4051.417610 -0.750436 0.417691 0.512230 0.487712 0.873001 0.002640 -0.446075 0.251802 -0.858844
-3.423449 -140.352126 3331.049249 4507.866486 0.763409 -0.404825 -0.503312 0.552814 0.812517 0.184967 -0.334070 0.419443 -0.844076
14.807486 -40.776327 4795.544710 -1204.948990 0.062978 0.995960 0.064019 0.809300 -0.088501 0.580690 -0.584009 -0.015240 0.811604
10.829343 -43.412360 1200.843344 -754.804950 0.050558 0.996038 0.073153 0.809321 -0.083778 0.581362 -0.585187 -0.029812 0.810350
14.636184 -44.835867 2928.658555 -3144.703620 0.079339 0.993517 0.081415 0.852313 -0.109965 0.511341 -0.516979 -0.028822 0.855513
16.917573 -40.757109 3998.983499 -2022.359805 0.060293 0.993711 0.094360 0.827172 -0.102651 0.552493 -0.558704 -0.044741 0.828159
-9.107254 -183.600089 -2015.051302 11777.990438 -0.057217 -0.088336 0.994446 0.974058 -0.223384 0.036201 0.218945 0.970720 0.098826
-11.903936 -167.681980 -2815.162975 13264.910945 -0.058946 -0.089450 0.994245 0.914308 -0.404628 0.017803 0.400707 0.910096 0.105636
-8.870979 -160.123087 -1959.593721 16701.269104 -0.073480 -0.077834 0.994255 0.847679 -0.530088 0.021150 0.525396 0.844363 0.104929
-5.720734 -158.153651 113.953277 13180.488339 -0.071927 -0.090226 0.993321 0.877388 -0.479366 0.019990 0.474360 0.872965 0.113642
-6.438986 -146.649537 -104.301908 10936.122100 -0.071828 -0.084537 0.993828 0.752607 -0.658468 -0.001616 0.654541 0.747846 0.110919
-8.273985 -144.160364 1034.585541 -16219.387712 0.085351 0.086104 -0.992624 -0.705649 0.708561 0.000788 0.703403 0.700376 0.121235
-43.153032 -113.243672 3104.514122 -5549.945322 -0.807537 0.480675 0.341813 0.527430 0.847900 0.053698 -0.264011 0.223645 -0.938233
-34.833472 -116.508904 4130.239589 -8090.012946 -0.830301 0.387718 0.400344 0.454451 0.886835 0.083652 -0.322606 0.251393 -0.912539
-46.017292 -117.940630 -5735.533932 -9782.478517 0.836184 -0.424720 -0.347001 0.515575 0.824483 0.233261 -0.187026 0.373954 -0.908394
-32.378920 -109.431148 3466.699352 -425.359245 -0.819306 0.413745 0.396929 0.422936 0.903541 -0.068831 -0.387120 0.111482 -0.915265
-27.729488 -109.130221 9125.527049 -9154.528835 0.836078 -0.482505 -0.261078 0.536998 0.817166 0.209458 -0.112280 0.315322 -0.942319
-20.810805 -107.211493 10600.091968 -125.643149 0.797171 -0.535059 -0.279696 0.570188 0.819507 0.057394 -0.198503 0.205232 -0.958372
-36.407937 -110.268480 1326.763746 2927.098361 -0.785820 0.521629 0.332250 0.522171 0.847475 -0.095515 -0.331397 0.098434 -0.938342
108.393725 -78.652713 26501.340046 14853.359198 -0.227218 -0.235810 0.944863 0.329270 0.894495 0.302422 -0.916490 0.379831 -0.125600
47.847090 -78.954534 13203.855465 3919.945904 -0.136871 -0.332563 0.933096 0.348514 0.865571 0.359618 -0.927256 0.374419 -0.002568
47.496716 -87.928058 10220.056956 12790.129818 -0.167011 -0.307886 0.936650 0.239554 0.908855 0.341463 -0.956411 0.281406 -0.078034
-29.031383 -41.590005 207.706065 -1867.820104 0.915330 0.402676 -0.004834 0.396662 -0.899459 0.183392 -0.069499 0.169781 0.983028
-29.687357 -39.913913 -2110.320324 -1936.817925 0.734115 0.678976 0.008125 0.657901 -0.714188 0.238961 -0.168052 0.170080 0.970995
-26.137467 -42.682217 -967.442126 -1341.469777 0.815972 0.577925 0.013889 0.571901 -0.810507 0.126524 -0.084378 0.095297 0.991866
-24.702190 -43.005025 283.307994 -154.259051 0.937447 0.347755 -0.016085 0.348017 -0.934988 0.068421 -0.008754 0.069739 0.997527
-25.929972 -43.387735 1346.009667 -979.975481 0.982034 0.184772 -0.038335 0.188511 -0.969814 0.154676 0.008598 0.159123 0.987221
-52.445231 -82.373686 5220.848702 11685.658715 0.469621 -0.121778 0.874429 0.656362 -0.614248 -0.438050 0.590461 0.779660 -0.208534
-26.136495 -143.985607 6087.718433 -34484.846040 0.091944 0.134914 0.986582 0.764153 -0.644812 0.016963 0.638448 0.752340 -0.162381
-18.884889 -241.209660 3915.907613 -70447.969589 0.043315 0.192087 0.980422 0.719116 -0.687233 0.102874 0.693538 0.700581 -0.167900
-32.116024 -247.216183 3041.138290 -59872.076752 0.069851 0.258382 0.963514 0.752722 -0.647482 0.119064 0.654622 0.716942 -0.239717
-51.819340 -106.486674 13955.137615 20416.386475 0.635895 -0.563192 -0.527686 0.591843 -0.082980 0.801771 0.495338 0.822149 -0.280555
-56.230198 -305.862732 4187.117038 69553.877347 0.779905 -0.230811 0.581786 -0.448153 0.442954 0.776499 0.436929 0.866324 -0.242023
-569.432112 -6925.485582 -168436.514527 -813604.554512 0.056477 0.236306 -0.970036 0.984669 -0.173788 0.014993 -0.165038 -0.956011 -0.242498
1187.390528 -13453.975163 1828377.770112 47636129.529451 0.155453 0.902370 -0.401948 0.979476 -0.087951 0.181361 0.128303 -0.421892 -0.897522
-703.978407 -6096.703018 -231896.406135 11399755.579147 -0.190385 0.201884 -0.960727 0.257493 0.954633 0.149576 0.947339 -0.218903 -0.233732
-14.192851 -44.247188 -4479.785524 3021.112445 0.485929 -0.234567 -0.841933 0.128020 0.972025 -0.196923 0.864572 -0.012093 0.502364
-15.998254 -42.991544 -3634.043454 1757.190912 0.434998 -0.432236 -0.789905 0.152203 0.899924 -0.408620 0.887475 0.057523 0.457253
-9.731127 -38.059015 -4577.288437 1837.536200 0.467549 -0.389463 -0.793547 0.163988 0.920343 -0.355073 0.868623 0.035883 0.494173
-3.268892 -38.209624 -5466.094968 1695.077910 0.502337 -0.222440 -0.835570 0.151085 0.974058 -0.168477 0.851370 -0.041610 0.522913
3.687347 -31.820728 -8453.326065 1621.796250 0.483003 -0.385419 -0.786232 0.193848 0.922702 -0.333231 0.853892 0.008542 0.520381
33.436850 -12.725005 3106.821245 -7142.103661 0.442769 0.884441 0.147375 0.270602 -0.288510 0.918443 -0.854828 0.366778 0.367074
20.338672 -14.700393 7477.849076 -3916.214987 0.555001 0.819340 0.143718 0.274346 -0.343391 0.898230 -0.785308 0.459091 0.415365
30.969626 -23.730983 2998.869531 -1214.040944 0.398472 0.912568 0.091862 0.374196 -0.253196 0.892115 -0.837375 0.321109 0.442371
19.377111 -6.220015 8953.365956 -8821.514969 0.602774 0.780230 0.167048 0.192123 -0.345118 0.918685 -0.774437 0.521666 0.357928
36.043633 -25.360668 -2338.705312 -2965.901774 0.271954 0.953369 0.130876 0.358693 -0.226628 0.905527 -0.892961 0.199318 0.403599
39.508356 -8.173695 -2675.556683 -10416.923993 0.303361 0.934407 0.186697 0.253012 -0.267886 0.929635 -0.918671 0.234778 0.317682
34.847678 1.827055 3753.447290 -11809.183828 0.482771 0.862226 0.153291 0.205399 -0.281640 0.937278 -0.851319 0.421005 0.313068
-24.491800 -39.889010 838.959070 -102.338342 0.845841 -0.503376 0.176537 -0.251615 -0.668306 -0.700040 -0.470365 -0.547704 0.691938
-22.225632 -39.954697 627.093585 -248.991920 0.862596 -0.493652 0.110617 -0.247551 -0.602572 -0.758700 -0.441188 -0.627068 0.641980
-22.603725 -39.416258 973.503518 -222.418557 0.871062 -0.476246 0.120168 -0.287964 -0.693363 -0.660548 -0.397904 -0.540774 0.741104
-24.072846 -38.026279 1029.447656 -511.129285 0.843100 -0.515791 0.152124 -0.334257 -0.724247 -0.603107 -0.421253 -0.457631 0.783020
-25.790662 -38.370055 616.693363 366.176831 0.805897 -0.557069 0.200510 0.320293 0.695044 0.643682 -0.497938 -0.454519 0.738559
2.860180 -174.163052 -776.630059 -2207.254753 -0.344154 -0.384268 -0.856677 0.624685 0.587451 -0.514461 0.700947 -0.712207 0.037873
5.997716 -178.756005 -373.002672 1749.886804 -0.349425 -0.367935 -0.861700 0.614962 0.603806 -0.507189 0.706911 -0.707137 0.015281
5.180736 -161.181498 -582.158241 -8759.594967 -0.357120 -0.381978 -0.852384 0.801685 0.342961 -0.489569 0.479339 -0.858179 0.183748
8.673730 -658.678337 6709.611243 -236756.912482 0.015974 -0.386898 -0.921984 -0.392318 0.845732 -0.361696 0.919691 0.367489 -0.138277
12.836356 -530.620763 13282.004904 -211241.609840 -0.026612 -0.447087 -0.894094 0.110258 0.887641 -0.447142 0.993547 -0.110481 0.025673
-31.989748 -1290.089740 -6702.723726 -406672.382112 -0.222977 0.587801 0.777671 -0.546806 0.585016 -0.598966 0.807022 0.558790 -0.190968
484.910384 -23191.913407 21491.784915 -10035877.634575 0.001837 -0.527387 -0.849623 -0.073719 0.847241 -0.526068 0.997277 0.063600 -0.037322
-5.980180 -1674.321019 -58158.929349 315877.974457 -0.326119 0.553812 0.766119 0.786877 -0.290106 0.544668 0.523899 0.780468 -0.341173
-35.115395 -1320.993178 -14409.426482 414738.735956 -0.172535 0.497984 0.849849 0.754285 -0.488077 0.439130 0.633471 0.716794 -0.291412
15.356587 -257.213546 70.971798 -36145.953438 -0.070703 -0.154861 -0.985403 -0.315978 0.940479 -0.125130 0.946128 0.302519 -0.115427
23.642366 -286.144124 3939.031062 -73149.784877 -0.112935 -0.140973 -0.983551 0.051154 0.987746 -0.147448 0.992285 -0.066965 -0.104340
15.150447 -270.260770 -1782.901899 -72612.738869 -0.041930 -0.120750 -0.991797 0.183982 0.974762 -0.126454 0.982035 -0.187775 -0.018656
113.592771 -392.195194 -16892.228238 2361.333329 0.632857 0.381856 0.673556 0.105841 0.819093 -0.563812 -0.767000 0.428102 0.477953
192.625511 -870.149253 -52610.790453 -392309.473055 0.647853 0.356953 0.672957 -0.462672 -0.517423 0.719866 -0.605162 0.777726 0.170062
116.544815 -437.079877 10715.466654 19733.785769 0.834739 0.222056 0.503887 0.118999 0.820713 -0.558811 -0.537634 0.526423 0.658656
-47.925355 -75.258215 -288.222348 -2016.724507 -0.008616 0.854930 0.518672 0.990088 -0.065422 0.124282 0.140185 0.514601 -0.845892
-41.613272 -67.582722 -346.445552 -3754.326067 -0.210700 0.800865 0.560554 0.975024 0.130971 0.179370 0.070235 0.584347 -0.808459
74.954858 -108.586761 5834.800265 -5320.363522 0.684209 0.708897 0.171241 -0.294608 0.053877 0.954098 -0.667131 0.703252 -0.245709
75.807368 -103.867350 308.638250 -3389.713035 0.576777 0.808945 0.113738 -0.271657 0.058629 0.960607 -0.770410 0.584953 -0.253571
71.337724 -105.233980 2578.983442 65.655087 0.631287 0.758865 0.160003 -0.188925 -0.049620 0.980737 -0.752186 0.649355 -0.112044
74.651386 -103.202472 6279.384875 -10889.038113 0.727535 0.653068 0.210226 -0.414369 0.174057 0.893310 -0.546801 0.737025 -0.397244
60.869839 -108.833715 8529.015784 3918.517765 0.734110 0.641261 0.223309 -0.199101 -0.111131 0.973657 -0.649185 0.759232 -0.046094
57.695896 -114.433657 9807.317022 -9858.022206 0.774216 0.573171 0.268450 -0.357937 0.046706 0.932577 -0.521988 0.818104 -0.241319
34.481522 -39.754437 -5209.093282 1492.536201 0.142168 0.975500 0.167891 0.989010 -0.146944 0.016311 0.040582 0.163727 -0.985671
26.521963 -37.233548 -6530.667159 -2987.415239 0.104039 0.986597 0.125710 -0.986104 0.118785 -0.116141 0.129517 0.111880 -0.985245
17.117628 -40.150596 -5692.641251 -2978.059058 0.096438 0.991351 0.089013 -0.990566 0.104339 -0.088843 0.097362 0.079606 -0.992060
5.899379 -186.710131 -2554.793667 -2508.877806 -0.118075 -0.153105 -0.981131 0.971219 -0.223633 -0.081984 -0.206861 -0.962573 0.175104
-2.414653 -179.124781 -2137.106916 -4913.339913 -0.090822 -0.180398 -0.979392 0.971230 -0.233444 -0.047067 -0.220142 -0.955490 0.196410
-1.628572 -169.417917 -3777.246263 21320.095199 -0.057880 -0.199383 -0.978211 0.985135 0.147340 -0.088321 0.161739 -0.968781 0.187891
7.926003 -43.000547 -5604.093740 2654.916447 -0.397208 0.912266 0.099979 0.181060 -0.028902 0.983047 -0.899690 -0.408577 0.153695
0.190311 -47.894076 -4293.076277 1984.817272 -0.384356 0.912407 0.140655 0.094145 -0.112825 0.989145 -0.918372 -0.393426 0.042534
8.471081 -46.785051 -6803.629649 1920.561893 -0.401803 0.911444 0.088455 0.083577 -0.059691 0.994712 -0.911904 -0.407071 0.052192
-3.566025 -65.806308 -341.094738 829.446886 -0.269826 0.959602 -0.079734 0.003554 0.083797 0.996477 -0.962903 -0.268592 0.026021
-4.287865 -66.338510 504.888417 807.899304 -0.241515 0.967278 -0.077745 -0.139470 0.044685 0.989218 -0.960322 -0.249754 -0.124114
-4.489334 -67.622756 -214.460280 1363.999185 -0.262826 0.960466 -0.091806 -0.163392 0.049470 0.985320 -0.950908 -0.273968 -0.143930
0.735061 -84.292660 1491.860717 -255.867293 0.154006 0.970794 0.183958 -0.947258 0.198019 -0.251972 0.281041 0.135450 -0.950089
2.982769 -88.392948 1643.261022 6041.245809 0.138990 0.973052 0.183988 -0.876523 0.207343 -0.434416 0.460858 0.100890 -0.881721
-1.372042 -92.918998 1586.996929 6643.776928 0.123279 0.978506 0.165314 -0.863715 0.187827 -0.467672 0.488670 0.085130 -0.868306
22.701452 -44.666484 -5965.265273 1589.472396 -0.193376 0.981110 -0.005433 -0.139700 -0.022053 0.989948 -0.971128 -0.192191 -0.141326
23.409078 -44.877949 -5129.741684 556.999867 -0.130360 0.991451 -0.005665 -0.182956 -0.018440 0.982948 -0.974440 -0.129173 -0.183795
25.013520 -50.713321 -29544.396822 1448.758065 0.074312 0.701728 -0.708559 0.817448 0.364104 0.446326 0.571188 -0.612378 -0.546569
-27.327131 -62.011237 -16258.524580 -3373.145307 -0.256357 0.540287 -0.801481 0.694973 0.679324 0.235650 0.671784 -0.496597 -0.549634
11.146029 -50.042204 -21405.024924 -967.295183 -0.034771 0.676472 -0.735647 -0.747500 -0.506187 -0.430138 0.663351 -0.534940 -0.523264
-19.456688 -44.573191 -2361.371891 -1108.990516 -0.231475 0.949133 0.213460 0.083471 -0.199233 0.976391 -0.969253 -0.243828 0.033108
-19.645902 -43.615947 -1243.667962 -402.199924 -0.196724 0.951788 0.235369 0.141657 -0.209949 0.967396 -0.970172 -0.223652 0.093526
-19.635438 -40.221914 409.761224 -1925.892119 -0.175976 0.977323 0.117778 0.044349 -0.111652 0.992757 -0.983395 -0.179925 0.023695
-21.410026 -42.574942 -811.123739 -375.476499 -0.155746 0.948076 0.277299 0.187699 -0.247205 0.950610 -0.969800 -0.200102 0.139452
-18.851003 -38.113795 2300.895696 -1665.922556 -0.139468 0.987657 0.071293 0.071781 -0.061723 0.995509 -0.987622 -0.143959 0.062287
-15.239119 -52.619951 -735.639181 -904.968775 -0.162284 0.986522 -0.020923 0.071295 -0.009426 -0.997411 0.984165 0.163356 0.068804
-16.811196 -52.140420 -1991.030511 -578.801141 -0.124430 0.992100 -0.015960 0.235386 0.013889 -0.971803 0.963904 0.124678 0.235254
-10.943720 -53.555965 -469.805523 -1593.118448 -0.121086 0.992529 0.014997 0.117541 0.029339 -0.992635 0.985658 0.118432 0.120215
-11.117059 -56.815627 -145.631394 -1068.103145 -0.130101 0.991041 -0.030207 -0.065299 -0.038965 -0.997105 0.989348 0.127751 -0.069783
-14.266842 -54.991831 -530.259161 -1263.152876 -0.172152 0.983184 -0.060929 -0.084510 -0.076365 -0.993492 0.981439 0.165882 -0.096235
5.848996 -83.746787 -4681.866998 1568.820573 -0.006158 0.181730 -0.983329 -0.426301 0.889037 0.166974 0.904560 0.420222 0.071997
11.246102 -86.875200 -4683.331938 9141.014775 -0.022456 0.206417 -0.978206 -0.321041 0.925143 0.202590 0.946799 0.318593 0.045493
-1.106771 -66.553317 3684.833190 6001.555178 0.806442 0.375852 0.456494 -0.116530 -0.655845 0.745848 -0.579717 0.654678 0.485102
25.922053 -30.005745 -8331.065967 1558.208972 0.829611 -0.286182 0.479422 -0.278883 0.531477 0.799847 0.483704 0.797265 -0.361108
1579.851190 -22292.166611 -5567.737048 9106304.161628 0.361950 -0.072600 -0.929366 0.884621 0.341181 0.317871 0.294005 -0.937190 0.187714
-0.212814 -975.276204 -12011.964531 341853.625949 0.199981 -0.278358 -0.939428 0.976642 -0.020284 0.213913 -0.078600 -0.960263 0.267799
15.687352 -382.759020 -17411.713195 108564.209371 0.165254 -0.245861 -0.955114 0.973278 0.197213 0.117631 0.159440 -0.949031 0.271881
-168.904314 -5125.647724 -61741.610218 -5923257.126538 -0.021104 -0.043247 -0.998841 0.933520 0.356796 -0.035172 0.357903 -0.933181 0.032842
-357.806573 -8359.086969 95812.031464 -9317168.373474 -0.079186 -0.033867 0.996284 -0.618932 0.785122 -0.022505 -0.781443 -0.618414 -0.083132
-319.417551 -2855.862857 -98356.068973 8377432.168418 -0.139456 0.039219 -0.989451 0.683835 0.726500 -0.067585 0.716185 -0.686047 -0.128134
-16.799354 -37.444144 2690.833865 1709.781547 -0.819421 -0.262488 -0.509557 -0.194527 0.963572 -0.183545 0.539173 -0.051278 -0.840632
-19.062139 -33.156633 2642.351257 2043.145616 -0.798832 -0.319627 -0.509614 -0.277071 0.947448 -0.159917 0.533947 0.013452 -0.845411
-8.952980 -37.178236 2679.022544 1098.410591 -0.813778 -0.364917 -0.452328 -0.284632 0.928816 -0.237247 0.506704 -0.064319 -0.859717
-23.366527 -35.376091 2061.405036 3008.595676 -0.797980 -0.171653 -0.577723 -0.128110 0.984987 -0.115707 0.588911 -0.018319 -0.807990
-13.586897 -38.793999 3040.647357 63.958347 -0.822465 -0.285451 -0.492005 -0.175374 0.950081 -0.258051 0.541105 -0.125954 -0.831469
-21.472043 -39.162276 2412.760729 1701.997340 -0.808316 -0.160758 -0.566377 -0.078263 0.982802 -0.167259 0.583524 -0.090872 -0.806996
-28.071699 -107.000270 -5362.476374 2602.260329 0.446868 0.156164 0.880864 0.894600 -0.078727 -0.439879 0.000654 0.984589 -0.174885
-26.800768 -96.397254 -5171.359229 6893.154193 0.472486 0.148128 0.868801 0.850071 -0.336839 -0.404870 0.232673 0.929837 -0.285071
-21.099546 -105.537006 -3271.064853 2352.680735 0.442848 0.193322 0.875507 0.896302 -0.120500 -0.426759 0.022997 0.973708 -0.226637
-37.961092 -98.106104 -8088.320517 7032.795032 0.463990 0.111418 0.878805 0.858145 -0.302662 -0.414709 0.219775 0.946563 -0.236045
-22.055154 -109.790249 -2834.795084 -1027.685616 0.438185 0.183358 0.879985 0.875286 0.135814 -0.464144 -0.204619 0.973619 -0.100979
-26.410448 -109.484829 -4143.435934 -2133.690534 0.434513 0.140903 0.889576 0.870745 0.186746 -0.454894 -0.230221 0.972251 -0.041547
-36.130185 -108.561715 -6685.779547 2219.240208 0.427285 0.110781 0.897304 0.903932 -0.032261 -0.426458 -0.018295 0.993321 -0.113923
-4.302177 -31.840649 -1206.344449 194.109632 0.172224 0.984410 -0.035731 -0.509924 0.120129 0.851790 -0.842803 0.128479 -0.522663
-55.809805 -76.745114 295.217325 3157.091834 -0.377481 0.667878 0.641441 -0.619737 0.332487 -0.710900 0.688065 0.665876 -0.288401
-56.351211 -73.491860 267.173189 -735.514549 -0.244881 0.712326 0.657743 0.736732 -0.304301 0.603843 0.630285 0.632450 -0.450276
-54.145619 -74.881479 -0.506085 -1631.542279 -0.407283 0.639326 0.652214 0.711691 -0.225384 0.665355 0.572378 0.735163 -0.363207
-132.460433 -775.078365 -41534.852313 -381716.632601 0.942409 0.278340 0.185449 0.206975 -0.049784 -0.977079 0.262728 -0.959192 0.104526
-47.789027 -661.572357 -40142.999410 -214257.093552 0.984337 -0.008676 0.176082 0.173069 0.237772 -0.955778 0.033575 -0.971282 -0.235550
-32.519352 -1011.772571 -3257.349256 -384511.006431 0.941004 -0.260405 -0.216105 0.040463 -0.547448 0.835861 0.335968 0.795293 0.504613
-15.647493 -350.527876 -4662.550441 -97878.148985 0.931426 -0.356988 -0.070754 -0.056730 -0.334459 0.940701 0.359483 0.872179 0.331776
-5.060093 -204.859990 -1472.522572 -57670.204343 0.912137 -0.403706 -0.070908 0.057768 -0.044653 0.997331 0.405795 0.913798 0.017408
-16.100523 -90.297374 3933.928330 -11945.618346 0.285847 -0.950805 -0.119419 0.956836 0.276364 0.089934 -0.052506 -0.139972 0.988762
