13268
26527
-20.231376 -34.752671 -787.977917 -2803.953215 -0.430176 -0.272328 -0.860689 0.466326 0.749324 -0.470163 0.772974 -0.603615 -0.195348
-23.447680 -35.415106 -160.240808 -1799.209041 -0.558852 -0.382371 -0.735851 0.288991 0.741925 -0.605006 0.777283 -0.550763 -0.304124
-26.776880 -39.921797 -204.761806 -1688.300618 -0.451355 -0.194354 -0.870922 0.331004 0.869898 -0.365668 0.828683 -0.453325 -0.328301
-22.528786 -33.231549 387.637093 -1327.625084 -0.692468 -0.535020 -0.483985 0.102472 0.591110 -0.800055 0.714134 -0.603608 -0.354500
-18.292057 -46.470565 -785.684129 -3157.907558 -0.317427 -0.070333 -0.945671 0.431132 0.877516 -0.209980 0.844609 -0.474362 -0.248224
-8.521730 -41.505051 -1719.091693 -4463.046299 -0.308535 -0.295609 -0.904114 0.527811 0.737532 -0.421263 0.791342 -0.607175 -0.071528
-13.098399 -26.910833 -900.096964 -2095.443412 -0.432405 -0.421225 -0.797242 0.507510 0.617127 -0.601322 0.745291 -0.664623 -0.053073
-17.445816 -25.407392 -141.194169 -1250.633474 0.657583 0.613211 0.437673 0.190921 0.426342 -0.884184 0.728789 -0.664985 -0.163280
-25.521819 -38.489278 -73.794418 -381.319608 -0.795148 -0.586177 -0.155358 -0.363889 0.666156 -0.651015 0.485103 -0.461121 -0.742996
-24.366168 -37.183866 88.840371 -561.254063 0.781376 0.610137 0.131092 -0.310540 0.562354 -0.766370 0.541311 -0.558113 -0.628882
-25.039802 -38.331352 -124.284236 -459.222955 0.807250 0.588707 -0.042084 -0.458539 0.580668 -0.672731 0.371605 -0.562359 -0.738690
19.972987 -26.593280 -2288.568129 367.306655 -0.091516 0.252282 0.963316 -0.426506 0.864225 -0.266850 -0.899843 -0.435281 0.028510
28.160301 -36.217680 -1478.990672 516.582707 0.012799 0.341081 0.939947 -0.436448 0.847656 -0.301648 -0.899638 -0.406377 0.159713
23.916876 -29.923482 -1500.401367 588.048202 -0.026290 0.117741 0.992696 -0.529841 0.840439 -0.113714 -0.847690 -0.528960 0.040289
24.118581 -32.773117 -2258.271995 388.468474 -0.076108 0.465916 0.881550 -0.276287 0.839641 -0.467619 -0.958057 -0.279151 0.064823
15.217337 -23.696159 -1350.218504 639.117329 -0.068315 -0.014875 0.997553 -0.492962 0.869802 -0.020789 -0.867365 -0.493176 -0.066753
9.919305 -19.718563 -1668.362725 519.357836 -0.111053 0.167315 0.979629 -0.388325 0.900055 -0.197746 -0.914806 -0.402375 -0.034982
15.398236 -23.657883 -2480.961800 96.654266 -0.151579 0.383891 0.910852 -0.310928 0.856203 -0.412601 -0.938268 -0.345751 -0.010420
38.250323 -25.728492 -2011.328307 -1623.761625 -0.366478 -0.244280 -0.897787 0.358167 0.853522 -0.378440 0.858726 -0.460247 -0.225304
38.520014 -21.569269 3161.470702 -1470.307571 -0.592971 -0.111095 -0.797523 0.353237 0.854159 -0.381622 0.723608 -0.508006 -0.467249
37.389610 -20.198574 611.372673 -217.498984 -0.450057 -0.102897 -0.887052 0.441362 0.837901 -0.321126 0.776304 -0.536036 -0.331688
36.921307 -25.351989 -3687.382704 -270.570713 -0.245450 -0.250916 -0.936374 0.439947 0.831889 -0.338240 0.863829 -0.494976 -0.093797
39.428237 -23.585091 -2357.115534 1206.166883 -0.285452 -0.129743 -0.949570 0.510644 0.817854 -0.265252 0.811024 -0.560609 -0.167206
-9.432495 -12.414617 -296.547912 -672.678039 0.074023 0.784948 0.615124 0.686023 -0.487763 0.539871 -0.723805 -0.382026 0.574598
-8.027614 -11.248055 -293.502005 -673.048571 0.016669 0.782883 0.621945 0.679489 -0.465191 0.567355 -0.733496 -0.413148 0.539715
-8.692191 -15.314164 -356.814217 -437.901659 -0.009378 0.821337 0.570366 0.753889 -0.368919 0.543645 -0.656935 -0.435091 0.615737
-10.088699 -16.174724 -350.795764 -417.297965 0.057534 0.824962 0.562252 0.765782 -0.397798 0.505306 -0.640521 -0.401490 0.654628
-10.886622 -13.364401 -283.475884 -621.362508 0.195073 0.742019 0.641369 0.674103 -0.576429 0.461860 -0.712413 -0.342252 0.612643
-1.974651 -25.936546 -189.194817 -65.659935 -0.665031 -0.745712 -0.040588 0.708511 -0.612807 -0.349971 0.236105 -0.261498 0.935881
-2.870549 -24.909874 87.570194 -71.529375 0.710827 0.701800 0.046914 0.664776 -0.648541 -0.370766 0.229778 -0.294738 0.927541
-2.880172 -25.381928 209.250827 59.815706 0.639406 0.766850 0.055691 0.666282 -0.516490 -0.537872 0.383703 -0.381024 0.841185
-5.718806 -28.203619 -199.001965 2015.888977 0.492673 0.643517 0.585797 0.834097 -0.157284 -0.528719 -0.248103 0.749098 -0.614246
-4.856687 -25.196503 -285.020776 1471.528783 0.477257 0.674010 0.563859 0.838272 -0.156656 -0.522264 -0.263679 0.721921 -0.639768
-4.525642 -33.553648 -422.463121 1903.284060 0.518005 0.676067 0.524028 0.764242 -0.090633 -0.638529 -0.384194 0.731245 -0.563627
39.980045 -23.738104 -1282.387452 865.250084 0.900933 0.333260 0.277953 -0.260326 -0.097414 0.960594 -0.347204 0.937789 0.001008
25.211376 -21.711703 -499.372829 662.202471 0.856959 0.452715 0.246315 -0.292292 0.033282 0.955750 -0.424484 0.891034 -0.160847
43.525662 -25.661828 -1219.594803 470.634574 0.906862 0.331197 0.260594 -0.272022 -0.012262 0.962213 -0.321877 0.943482 -0.078973
107.815813 -23.008341 -14768.420081 -132.896917 0.878365 0.207587 0.430561 -0.406494 -0.149489 0.901341 -0.251471 0.966727 0.046923
49.115297 -22.348366 -5845.645147 -697.221998 0.892324 0.363963 0.267000 -0.311404 0.068143 0.947831 -0.326781 0.928917 -0.174145
160.209424 -21.172086 -39178.735404 -1199.255070 0.846041 0.278702 0.454466 -0.456460 -0.061717 0.887601 -0.275424 0.958393 -0.075001
228.267942 -10.609914 -105925.554456 37.304837 0.757808 0.409472 0.507996 -0.588674 0.093278 0.802971 -0.281409 0.907542 -0.311732
169.758580 -14.734013 -79036.567477 556.673321 0.737559 0.463911 0.490707 -0.608668 0.142000 0.780615 -0.292455 0.874427 -0.387101
329.926170 -10.223796 -169280.336259 1018.692892 0.759167 0.308678 0.573048 -0.624067 0.095024 0.775571 -0.184949 0.946408 -0.264775
83.575788 -14.752300 -32193.247092 -81.271118 0.761428 0.494067 0.419673 -0.550006 0.149724 0.821630 -0.343105 0.856435 -0.385744
931.858278 1.587774 -504889.552409 -679.915986 0.805624 0.260475 0.532094 -0.566219 0.074350 0.820895 -0.174261 0.962614 -0.207383
130.485374 -13.451551 -50417.262017 -539.031210 0.789322 0.418628 0.449134 -0.528499 0.090928 0.844050 -0.312505 0.903594 -0.293016
852.432817 -5.709026 -419663.905220 -1301.180457 0.789893 0.332096 0.515540 -0.564854 0.066690 0.822491 -0.238764 0.940885 -0.240264
-1.344517 -41.975421 -230.667413 2452.399407 0.740320 -0.389622 0.547833 -0.242821 0.604919 0.758361 0.626869 0.694455 -0.353225
0.065869 -48.205316 -61.063461 2422.301760 -0.734206 0.404440 -0.545316 -0.162700 0.674986 0.719669 0.659143 0.617108 -0.429776
-0.367342 -42.845637 -370.568702 2134.224522 0.749094 -0.354474 0.559648 -0.299634 0.572150 0.763455 0.590827 0.739590 -0.322382
-1.312472 -35.991935 -480.347349 1523.574344 0.746534 -0.338967 0.572528 -0.367272 0.507577 0.779408 0.554796 0.792128 -0.254431
35.589223 -18.189508 5679.809799 3.594845 -0.871114 -0.355668 -0.338615 -0.215889 0.896687 -0.386451 0.441080 -0.263540 -0.857902
45.176767 -18.195863 5988.411833 146.400431 -0.873429 -0.308886 -0.376445 -0.231734 0.943576 -0.236566 0.428276 -0.119389 -0.895726
18.571339 -21.156156 3474.824720 384.984142 -0.860089 -0.436507 -0.264024 -0.312517 0.859904 -0.403606 0.403212 -0.264624 -0.876010
10.889481 -22.477832 2497.961962 320.161202 -0.809622 -0.540620 -0.228564 -0.337490 0.747376 -0.572302 0.480221 -0.386210 -0.787546
24.930668 -18.993929 4373.903557 138.873953 -0.836297 -0.451261 -0.311400 -0.239741 0.811764 -0.532507 0.493083 -0.370679 -0.787061
0.110974 -101.609057 274.134697 3577.557253 0.877151 -0.448485 0.171659 0.479997 0.808069 -0.341509 -0.014449 -0.381951 -0.924070
0.192999 -109.927969 45.025582 2133.473623 0.886009 -0.437900 0.152418 0.437411 0.680337 -0.588059 -0.153815 -0.587695 -0.794327
-1.136527 -94.326433 -36.797234 2862.754200 0.877589 -0.455663 0.149023 0.473878 0.777387 -0.413654 -0.072638 -0.433637 -0.898155
-0.894161 -86.010695 199.862244 3239.963788 0.864344 -0.471264 0.175555 0.498485 0.849015 -0.175174 0.066496 -0.238923 -0.968759
-1.851718 -102.751677 303.427581 3613.019622 0.889983 -0.431976 0.146036 0.436710 0.715306 -0.545547 -0.131202 -0.549303 -0.825259
-1.941850 -89.370048 192.464804 4948.859042 0.874107 -0.459806 0.156572 0.485455 0.837892 -0.249542 0.016449 -0.294135 -0.955622
-6.406647 -59.447893 -134.146802 1590.022635 -0.730300 0.401533 -0.552661 0.303876 0.915515 0.263613 0.611818 0.024576 -0.790616
-7.370813 -62.868359 96.807409 1302.407526 -0.723708 0.431102 -0.538886 0.434602 0.891284 0.129358 0.536067 -0.140583 -0.832387
-6.301191 -61.483293 -32.842987 1984.069300 -0.728266 0.445606 -0.520637 0.326784 0.893601 0.307715 0.602362 0.053963 -0.796397
-5.026856 -57.997946 -149.043174 758.444823 -0.734541 0.428960 -0.525778 0.208665 0.880085 0.426509 0.645684 0.203577 -0.735967
-4.521280 -57.607683 80.225226 1783.514824 -0.742486 0.454828 -0.491778 0.227400 0.861694 0.453621 0.630082 0.224977 -0.743224
-5.433602 -62.221994 303.433792 1715.155403 -0.743688 0.469229 -0.476185 0.351031 0.880280 0.319194 0.568951 0.070225 -0.819368
160.130226 -4969.478740 22457.176242 2448996.780858 0.908539 -0.051946 0.414559 0.320310 0.723677 -0.611305 0.268252 -0.688181 -0.674127
-277.798759 -1902.637968 -40292.204028 -754956.227859 0.927160 -0.047970 0.371583 0.300212 -0.498249 -0.813400 -0.224160 -0.865706 0.447556
-461.700123 -1927.793664 -62385.747449 -246134.271106 0.786764 0.437342 0.435584 0.377396 0.217587 -0.900127 0.488441 -0.872576 -0.006138
6.485369 -18.483339 1242.439868 -722.880136 0.080496 -0.843806 -0.530577 0.942567 -0.108681 0.315841 -0.324172 -0.525529 0.786595
1.271192 -18.503654 1628.548781 -335.424330 -0.017990 -0.805986 -0.591661 0.940895 -0.213824 0.262671 -0.338220 -0.551966 0.762195
2.593231 -16.223522 1368.524026 67.073206 0.014089 -0.822242 -0.568964 0.925442 -0.204745 0.318804 -0.378627 -0.531035 0.758053
10.537203 -20.828011 1272.924292 679.922664 -0.452411 0.744528 -0.490921 -0.565338 -0.665166 -0.487798 0.689723 -0.056851 -0.721838
6.818358 -16.946100 1216.434670 -470.187349 -0.496871 0.699251 -0.513971 0.588020 0.706845 0.393196 0.638241 -0.106857 -0.762384
10.310636 -16.195219 811.188536 337.806426 -0.367638 0.774866 -0.514223 -0.640752 -0.611809 -0.463817 0.674002 -0.158972 -0.721421
13.060249 -21.781174 -29.289775 686.602921 -0.293666 0.779523 -0.553267 -0.593849 -0.602323 -0.533433 0.749069 -0.171906 -0.639800
15.347612 -25.200048 994.301248 1174.036413 -0.397937 0.772513 -0.494844 -0.520867 -0.634271 -0.571312 0.755211 -0.030402 -0.654777
-473.698430 -1029.190019 -75822.594658 -180571.290894 0.822081 -0.379735 -0.424245 0.205488 0.892770 -0.400920 0.530997 0.242412 0.811960
-258.436570 -972.723627 -63043.386662 141061.315255 0.785985 -0.191272 -0.587913 0.313823 -0.695888 0.645953 0.532674 0.692210 0.486932
-196.059755 -535.288105 -37172.775714 99452.429717 0.833379 -0.105726 -0.542496 0.352756 -0.653878 0.669334 0.425492 0.749177 0.507632
1.210254 -29.251833 -553.078975 -2231.004115 0.698650 0.662645 0.269796 0.518160 -0.208603 -0.829455 0.493353 -0.719296 0.489097
-8.924773 -26.003971 -71.201310 -720.340295 0.873148 0.486902 -0.023227 0.231627 -0.456352 -0.859123 0.428908 -0.744761 0.511242
-3.272501 -28.722338 1214.031045 -1377.303285 -0.560912 -0.710545 -0.424858 0.711182 -0.150856 -0.686632 0.423790 -0.687291 0.589943
5.693860 -39.249401 -404.129028 -923.577500 -0.468538 -0.770133 -0.432860 0.759478 -0.100837 -0.642670 0.451294 -0.629863 0.632145
8.519953 -38.388518 -77.962642 -637.211060 0.662344 0.692208 0.286617 0.455069 -0.067802 -0.887871 0.595158 -0.718506 0.359911
0.762262 -40.469470 186.606630 88.017712 0.481534 0.792407 0.374454 -0.232694 0.527509 -0.817061 0.844972 -0.306309 -0.438402
0.480362 -40.318318 318.294271 -204.098024 0.467602 0.796058 0.384241 -0.191035 0.515428 -0.835368 0.863049 -0.317216 -0.393090
0.590262 -41.714138 485.921035 423.813483 0.457468 0.790572 0.407087 -0.403220 0.592452 -0.697434 0.792551 -0.154908 -0.589803
-20.849342 -31.725597 -39.517392 -133.615286 0.904843 -0.083954 -0.417386 0.267351 0.875011 0.403584 -0.331334 0.476769 -0.814193
-20.578890 -30.579959 79.230086 183.092813 0.967116 0.007551 -0.254222 0.132843 0.837377 0.530238 -0.216883 0.546573 -0.808838
-22.086434 -32.081808 -139.781884 -99.241485 0.940058 -0.048704 -0.337517 0.170156 0.924726 0.340483 -0.295528 0.377504 -0.877584
-21.260078 -31.175320 184.029987 -153.188457 -0.887031 0.074485 0.455661 0.205857 0.947181 0.245908 -0.413277 0.311930 -0.855513
-28.895490 -50.137897 -176.156640 681.695096 0.786255 -0.610815 -0.093321 0.324099 0.279087 0.903919 0.526083 0.740956 -0.417398
-29.763680 -51.283583 165.751322 721.253645 0.720774 -0.692097 0.038546 0.247295 0.308694 0.918452 0.647557 0.652464 -0.393651
-30.165864 -50.594601 52.000440 -510.326320 0.772193 -0.635347 -0.007268 0.352453 0.418794 0.836892 0.528673 0.648804 -0.547319
-29.092457 -47.859500 -185.609855 -1747.661027 0.830132 -0.552061 -0.078161 0.393050 0.479985 0.784300 0.395465 0.681794 -0.615438
-28.068480 -49.573873 -343.635698 93.418992 0.820120 -0.544069 -0.177179 0.386315 0.298067 0.872878 0.422095 0.784312 -0.454633
-2.098394 -28.589109 -422.643511 739.967008 -0.204871 0.974433 0.092239 -0.334930 -0.158341 0.928843 -0.919701 -0.159399 -0.358806
3.454029 -28.855911 -976.791500 1355.182940 -0.254457 0.944301 0.208679 -0.316361 -0.285189 0.904756 -0.913875 -0.164203 -0.371309
-1.359142 -23.956241 -560.091567 313.856392 -0.233103 0.960382 0.152742 -0.247966 -0.210578 0.945605 -0.940306 -0.182549 -0.287229
-4.217499 -24.856627 -302.312997 -83.644028 -0.203016 0.977361 0.059584 -0.241765 -0.109001 0.964193 -0.948859 -0.181341 -0.258421
-4.106490 -23.263093 -508.174257 -114.217286 -0.224063 0.974015 0.033018 -0.165980 -0.071523 0.983532 -0.960337 -0.214893 -0.177692
-2.585891 -11.166892 -991.253871 -415.671381 0.363423 0.802307 0.473527 0.867758 -0.476474 0.141311 0.338998 0.359551 -0.869370
-1.636225 -12.829455 -1048.880326 372.865307 0.338939 0.813419 0.472726 -0.854117 0.476721 -0.207899 0.394467 0.333298 -0.856334
1.521159 -11.105847 -583.930567 -549.602384 0.278315 0.838462 0.468531 0.895710 -0.402680 0.188552 0.346762 0.367191 -0.863091
0.599597 -9.476262 -567.042769 -309.129381 0.326211 0.817963 0.473838 0.895640 -0.427767 0.121836 0.302350 0.384644 -0.872143
-0.436042 -24.594885 301.055466 -1158.322008 0.132547 0.888972 0.438361 -0.263991 0.457951 -0.848876 0.955374 0.003207 -0.295380
1.734069 -21.786052 349.373611 -1029.224096 0.126518 0.895843 0.425979 -0.293382 0.444011 -0.846629 0.947587 0.017861 -0.319000
0.679765 -21.202228 215.572791 1097.148814 0.150406 0.899103 0.411086 -0.277433 0.437493 -0.855354 0.948899 -0.014602 -0.315242
-0.003287 -22.491986 -284.663103 714.358989 0.208690 0.838171 0.503903 -0.189754 0.540159 -0.819891 0.959397 -0.075485 -0.271772
-1.108666 -23.011874 190.497071 -352.294816 0.164794 0.850238 0.499938 -0.147380 0.522404 -0.839865 0.975255 -0.064724 -0.211397
-2.330630 -27.827641 516.395790 -2029.396575 0.095880 0.906304 0.411606 -0.242613 0.422318 -0.873376 0.965373 0.016122 -0.260373
-1.800433 -49.305639 65.270616 1263.701309 0.461222 0.882549 0.091551 -0.196360 0.000903 0.980531 -0.865284 0.470220 -0.173714
-1.410767 -51.894785 73.027937 1744.605034 0.474461 0.877095 0.074773 -0.171842 0.008978 0.985084 -0.863341 0.480233 -0.154982
-1.327324 -57.239724 77.966221 2423.270906 0.445455 0.885167 0.134350 -0.404598 0.065164 0.912170 -0.798668 0.460688 -0.387164
-2.050665 -53.538523 97.309692 2070.438540 0.430759 0.890380 0.147208 -0.419325 0.053029 0.906286 -0.799133 0.452119 -0.396201
-2.427096 -47.103109 94.688811 889.338840 0.447020 0.888411 0.104399 -0.215949 -0.006079 0.976386 -0.868067 0.459008 -0.189134
182.509658 -7.995664 -34190.712660 2557.011354 0.803840 0.484155 0.345595 -0.584635 0.535846 0.609155 -0.109740 0.691710 -0.713789
125.408814 -15.303762 -23214.850796 1258.726802 0.850673 0.416957 0.320160 -0.521205 0.589520 0.617099 -0.068563 0.691818 -0.718809
215.102019 -6.809815 -53168.009534 1736.268902 0.858655 0.408518 0.309555 -0.504951 0.570584 0.647655 -0.087952 0.712423 -0.696217
-5.007774 -21.826789 324.785391 1146.785387 -0.151886 0.987202 -0.048603 0.016445 0.051690 0.998528 -0.988261 -0.150863 0.024086
-3.539956 -19.526184 -8.653952 1357.026207 -0.182870 0.969584 -0.162682 0.056388 0.175544 0.982855 -0.981519 -0.170561 0.086775
-3.562304 -19.133082 249.076752 1489.611302 -0.146255 0.989214 -0.008042 0.097692 0.022533 0.994962 -0.984411 -0.144733 0.099934
-4.303852 -21.661909 181.595389 987.530925 -0.135723 0.987140 0.084459 0.019302 -0.082597 0.996396 -0.990559 -0.136864 0.007843
-4.538603 -23.802083 196.659573 288.090932 -0.151117 0.987574 0.043139 -0.084546 -0.056392 0.994823 -0.984894 -0.146688 -0.092017
-0.281887 -53.507927 -11.747881 -3671.930361 0.871801 0.445687 0.203287 0.249348 -0.046542 -0.967295 0.421649 -0.893978 0.151707
0.013675 -48.982473 -123.758913 -2026.409887 0.880891 0.427750 0.202633 0.247308 -0.050926 -0.967598 0.403570 -0.902461 0.150647
-0.924573 -44.876065 214.225701 -2724.770359 0.869601 0.447152 0.209401 0.319122 -0.185371 -0.929408 0.376770 -0.875038 0.303895
-0.104734 -56.276186 -232.063831 -2703.453782 0.884380 0.427480 0.187437 0.162743 0.093971 -0.982183 0.437478 -0.899127 -0.013537
-0.907257 -45.312185 329.376532 -3221.205974 0.851108 0.467786 0.238308 0.357866 -0.184829 -0.915298 0.384118 -0.864300 0.324714
-0.149829 -56.197016 196.457943 -3966.676721 0.855814 0.467609 0.221187 0.275140 -0.049398 -0.960134 0.438042 -0.882554 0.170934
-3.980637 -53.187468 135.549350 574.236415 0.403764 0.914827 -0.008169 0.682966 -0.295466 0.668024 -0.608713 0.275304 0.744094
-5.214959 -50.700115 110.278434 422.098039 0.380763 0.924252 0.027870 0.685485 -0.302371 0.662331 -0.620588 0.233087 0.748693
-3.984636 -50.542421 161.417679 892.609737 0.381226 0.924116 -0.026015 0.806083 -0.318492 0.498792 -0.452656 0.211123 0.866331
-1.009917 -43.983146 314.820685 -179.028160 0.925874 0.362021 0.108161 -0.135484 0.050876 0.989472 -0.352707 0.930781 -0.096153
-0.638662 -48.273568 236.326053 1512.986346 0.919829 0.373542 0.119923 -0.206839 0.201999 0.957295 -0.333366 0.905352 -0.263068
-0.238846 -46.511029 366.352998 1377.606367 0.920193 0.363131 0.146221 -0.225054 0.185108 0.956601 -0.320305 0.913165 -0.252060
13.335990 -29.600649 -1043.631519 -533.784222 0.779062 0.623476 -0.065881 -0.509371 0.568189 -0.646299 0.365518 -0.537065 -0.760235
10.409299 -34.458699 -625.166783 4393.671336 0.806610 0.591076 0.003051 -0.440319 0.604307 -0.664027 0.394334 -0.534267 -0.747703
13.146110 -32.505392 -955.972003 3798.343242 0.799635 0.598934 0.043151 -0.432745 0.624594 -0.650088 0.416311 -0.501160 -0.758633
17.182142 -29.036063 -1150.735856 -1695.805870 0.786660 0.617371 -0.004420 -0.477173 0.603443 -0.638876 0.391756 -0.504687 -0.769297
-1.295173 -120.880578 241.446747 6714.023196 0.819694 0.571496 -0.038643 0.351884 -0.555640 -0.753287 0.451972 -0.603868 0.656556
-3.178077 -134.006629 -71.607540 4556.568517 0.839711 0.541768 -0.037057 0.457019 -0.741912 -0.490612 0.293291 -0.395037 0.870590
-2.697801 -121.316443 -65.554512 6271.089235 0.814571 0.579876 -0.014766 0.410111 -0.593727 -0.692313 0.410223 -0.557882 0.721446
-0.062845 -102.821372 -343.351827 7804.742163 0.817157 0.576404 0.003609 0.277609 -0.388058 -0.878831 0.505161 -0.719145 0.477119
-1.446998 -105.339375 250.072794 11629.085827 0.805811 0.592153 0.004802 0.210342 -0.278638 -0.937079 0.553557 -0.756118 0.349085
68.523050 -1161.620650 5683.285478 203922.056424 -0.642531 -0.515101 -0.567296 0.740552 -0.607596 -0.287071 -0.196816 -0.604564 0.771858
6.490210 -123.993119 -4589.320027 16879.522025 0.803434 0.379856 0.458480 0.585109 -0.646238 -0.489923 -0.110187 -0.661881 0.741466
-10.220688 -112.496853 -4198.744934 15054.107683 0.798173 0.418595 0.433242 0.602409 -0.560302 -0.568476 -0.004785 -0.714731 0.699383
-14.353119 -129.101485 -386.918243 21894.242716 -0.694547 -0.574553 -0.433005 0.708603 -0.442201 -0.549855 0.124446 -0.688728 0.714259
-6.406294 -108.276382 -2024.813714 -17371.010233 0.990616 0.104733 0.087813 0.135525 -0.669540 -0.730308 0.017693 -0.735355 0.677451
-234.211233 -2178.600125 -17122.005590 435599.934527 0.697653 -0.693732 -0.178932 0.200800 -0.050403 0.978335 0.687721 0.718467 -0.104138
-122.217953 -2785.285961 -8135.826386 2280723.515889 0.989584 -0.114902 0.086720 0.083324 0.948435 0.305822 0.117387 0.295411 -0.948131
-1651.171780 -3316.116706 -216960.691702 1796474.804406 0.978600 -0.000376 0.205771 -0.203425 0.148808 0.967716 0.030985 0.988866 -0.145547
-159.271162 -833.386767 -7957.639934 -258477.644719 0.895010 0.012291 -0.445877 0.217042 -0.885299 0.411264 0.389679 0.464860 0.795019
-8.663317 -25.405569 -127.239118 171.602170 0.159484 0.310992 0.936936 0.123792 0.935292 -0.331518 -0.979408 0.168857 0.110665
-8.112153 -24.831457 -57.581946 -167.520215 0.203337 0.266078 0.942261 0.008543 0.961848 -0.273452 -0.979071 0.063653 0.193307
-9.088347 -25.522169 -100.780125 278.799965 0.217301 0.271488 0.937590 0.131615 0.943621 -0.303738 -0.967191 0.189404 0.169318
8.821582 -164.997045 678.140374 14167.781985 0.354300 0.931014 -0.087665 -0.886583 0.364240 0.285130 -0.297391 0.023299 -0.954472
4.827595 -156.861896 685.733139 12688.067294 0.402321 0.915464 -0.007940 -0.884076 0.390750 0.256367 -0.237797 0.096122 -0.966547
9.088870 -163.662648 1216.904749 19642.771961 0.365996 0.930503 -0.014517 -0.739287 0.300188 0.602779 -0.565246 0.209882 -0.797776
11.151975 -210.867580 564.383118 29811.700334 0.312705 0.942494 -0.117985 -0.675307 0.307951 0.670169 -0.667964 0.129889 -0.732770
12.170434 -155.223999 1059.267233 6866.482033 0.340559 0.937557 -0.070762 -0.912530 0.347722 0.215357 -0.226515 0.008770 -0.973968
7.732044 -158.946989 476.129999 -8921.723745 0.338035 0.934001 -0.115653 -0.919460 0.301526 -0.252340 0.200814 -0.191638 -0.960702
11.802044 -140.707913 538.199771 12813.567047 0.327553 0.938332 -0.110642 -0.815351 0.339889 0.468699 -0.477402 0.063312 -0.876401
-1.647590 -52.973465 1212.250178 -4662.653564 0.378756 0.917548 0.121034 -0.115727 0.176705 -0.977437 0.918233 -0.356203 -0.173113
-1.963503 -69.596657 1480.320559 -5667.030334 0.342770 0.938125 0.049289 -0.307522 0.161630 -0.937713 0.887659 -0.306263 -0.343896
-2.395021 -41.286242 266.890812 -5086.459433 0.395150 0.907395 0.143147 -0.016852 0.162963 -0.986488 0.918462 -0.387399 -0.079687
-2.310025 -78.014485 198.013832 -5422.348473 0.412984 0.910420 0.024093 -0.334843 0.176386 -0.925618 0.846950 -0.374197 -0.377693
1.748359 -38.163278 749.852020 -5309.105045 0.414375 0.879586 0.233713 0.140957 0.191673 -0.971284 0.899124 -0.435420 0.044559
-2.589503 -59.291293 -606.552094 -5629.292554 0.458266 0.884414 0.088339 -0.084381 0.142231 -0.986230 0.884801 -0.444501 -0.139808
-25.439862 -37.910723 303.541877 -1143.887704 -0.620159 -0.381307 -0.685571 0.171180 0.787086 -0.592615 0.765572 -0.484872 -0.422847
-25.357567 -38.530909 -190.318259 -115.489809 0.811569 0.554970 -0.182660 -0.559995 0.649719 -0.514073 0.166617 -0.519494 -0.838072
-24.887752 -37.995627 -286.970355 34.432916 0.812978 0.492474 -0.310701 -0.579367 0.737551 -0.346918 -0.058310 -0.462047 -0.884936
-26.007503 -38.304875 -182.008002 55.811568 0.846032 0.516470 -0.132241 -0.525144 0.764539 -0.373768 0.091937 -0.385666 -0.918047
29.222941 -44.615247 -98.614086 614.680545 0.118690 0.485399 0.866199 -0.312776 0.846231 -0.431351 -0.942382 -0.219730 0.252260
41.558930 -26.515828 -301.715442 -1728.384551 -0.469743 -0.249863 -0.846705 0.282547 0.866107 -0.412342 0.836366 -0.432929 -0.336250
40.151384 -23.549187 3953.406407 -1548.051626 -0.629163 -0.201496 -0.750702 0.249441 0.862388 -0.440530 0.736161 -0.464421 -0.492321
26.168443 -17.340649 4809.382894 -980.186614 -0.747640 -0.050343 -0.662194 0.295835 0.867477 -0.399957 0.594572 -0.494924 -0.633667
-6.424473 -10.906221 -234.296994 -689.781917 -0.008673 0.763951 0.645216 0.676380 -0.470757 0.566479 -0.736502 -0.441325 0.512638
-6.629842 -7.544363 -383.784273 454.521122 0.250919 0.499457 0.829206 -0.576791 0.765080 -0.286295 -0.777401 -0.406442 0.480055
-7.342927 -14.547328 -215.830441 -469.603650 -0.052948 0.815067 0.576942 0.736309 -0.358417 0.573922 -0.674571 -0.455195 0.581164
-5.062660 -8.989411 -414.056691 -705.719943 0.079314 0.652448 0.753671 0.644134 -0.610559 0.460770 -0.760790 -0.448920 0.468690
-6.020564 -14.212121 -53.504852 -502.638718 -0.070465 0.799263 0.596836 0.727272 -0.368343 0.579136 -0.682722 -0.474871 0.555327
-5.172860 -12.123967 -208.858493 -702.153150 -0.018717 0.736094 0.676621 0.695591 -0.476528 0.537656 -0.718194 -0.480715 0.503101
-3.728009 -45.004489 -631.547528 -919.471091 0.575806 0.692876 0.434016 -0.512559 -0.107657 0.851876 -0.636970 0.712974 -0.293150
-4.278885 -40.858736 -580.979634 1937.802704 0.555196 0.684219 0.472866 0.655487 -0.010002 -0.755141 -0.511952 0.729208 -0.454049
-1.655632 -40.545601 -414.812733 -864.362287 0.582478 0.693695 0.423682 -0.527378 -0.074116 0.846392 -0.618539 0.716445 -0.322669
-0.728132 -43.563544 -438.014207 -199.562754 0.604461 0.701673 0.377202 -0.362817 -0.179060 0.914495 -0.709219 0.689632 -0.146344
-0.118223 -36.535569 -134.769739 -634.591186 0.600452 0.683851 0.414494 -0.534026 -0.042894 0.844379 -0.595209 0.728359 -0.339438
0.888298 -39.277147 -161.314508 -264.859492 0.624749 0.690248 0.365028 -0.381262 -0.138306 0.914063 -0.681416 0.710231 -0.176759
28.676510 -19.980582 -2535.333437 -148.284293 0.788515 0.533379 0.306188 -0.344940 -0.028632 0.938188 -0.509176 0.845392 -0.161406
20.310071 -18.933029 -2059.484458 15.306423 0.757231 0.581979 0.296483 -0.411080 0.071911 0.908759 -0.507558 0.810018 -0.293693
73.507803 -17.428840 -28299.279740 346.248536 0.752220 0.543492 0.372533 -0.556500 0.221299 0.800833 -0.352806 0.809718 -0.468919
-5.732501 -23.163754 62.458944 -121.169148 0.666889 0.716865 0.203380 0.441074 -0.159773 -0.883134 0.600594 -0.678658 0.422742
-4.847404 -22.543544 -112.433256 -64.010581 0.671544 0.683360 0.286441 0.447350 -0.065745 -0.891939 0.590684 -0.727115 0.349851
-4.980667 -23.583495 26.941450 17.190714 0.652808 0.726567 0.214341 0.323753 -0.011791 -0.946068 0.684855 -0.686994 0.242926
-5.714564 -21.274136 -52.287743 -221.018124 0.693954 0.670455 0.262521 0.526585 -0.223925 -0.820101 0.491056 -0.707352 0.508445
-6.210124 -21.781308 56.364437 -187.034212 0.700251 0.689095 0.186541 0.522937 -0.317239 -0.791136 0.485990 -0.651543 0.582500
0.369376 -51.481726 121.238722 2247.908741 -0.758031 0.432149 -0.488504 -0.045501 0.712125 0.700577 0.650629 0.553287 -0.520150
29.182851 -19.906530 4282.135506 525.779217 -0.877017 -0.383613 -0.289279 -0.321458 0.915978 -0.240102 0.357080 -0.117583 -0.926644
56.997324 -17.771700 5668.552612 132.124308 -0.851957 -0.306293 -0.424681 -0.284183 0.951692 -0.116286 0.439782 0.021617 -0.897844
0.398255 -118.269948 470.757064 5078.937228 0.891468 -0.425253 0.156346 0.438953 0.725111 -0.530598 -0.112270 -0.541640 -0.833080
-4.865263 -58.758050 -441.774524 1167.731857 -0.715439 0.398925 -0.573590 0.419491 0.901788 0.103952 0.558726 -0.166245 -0.812520
-7.945939 -63.466118 312.588057 225.445095 -0.715984 0.447766 -0.535605 0.551420 0.833242 -0.040535 0.428138 -0.324366 -0.843495
-7.333910 -66.387385 380.189384 269.809992 -0.723602 0.471930 -0.503669 0.545966 0.837807 0.000643 0.422281 -0.274521 -0.863896
-20.916742 -35.262825 7988.846047 2714.521153 -0.124673 -0.404669 0.905925 0.864694 -0.492079 -0.100809 0.486581 0.770779 0.411264
10.832776 -86.741828 2408.757314 -15531.477190 0.584835 -0.574969 0.572170 0.648969 -0.091509 -0.755292 0.486628 0.813042 0.319619
-48.122011 -197.747915 -6411.264395 54629.008110 0.783655 -0.405765 -0.470360 0.240777 -0.499587 0.832130 0.572635 0.765355 0.293805
7.884240 -29.124590 1933.962642 -3386.736054 0.510884 -0.504707 0.695893 0.742666 -0.148569 -0.652974 0.432949 0.850410 0.298927
-53.340215 -221.390334 -6007.523239 45061.254490 0.801849 -0.288690 -0.523160 0.346756 -0.488213 0.800880 0.486620 0.823593 0.291367
-10.458096 -21.635008 3570.736941 4681.532439 -0.250175 -0.274137 0.928580 0.843374 -0.532756 0.069938 0.475534 0.800637 0.364482
-26.570123 -246.557678 -810.882339 54964.273757 0.891034 -0.254140 -0.376128 0.213974 -0.495615 0.841772 0.400343 0.830529 0.387231
1531.322935 -3380.467016 1068119.760470 -4630032.497709 0.737996 -0.621138 -0.263723 0.522603 0.773329 -0.358955 0.426905 0.127085 0.895322
-292.271780 -13192.964415 -39253.949123 -37166672.286540 0.869185 -0.166233 0.465709 -0.491728 -0.191207 0.849496 0.052167 0.967371 0.247936
-4.372040 -18.972476 524.269684 459.275447 -0.233384 -0.749095 -0.619991 0.872568 -0.442722 0.206450 -0.429135 -0.492803 0.756960
4.353959 -0.969303 789.836752 1827.744565 -0.459196 0.721446 -0.518318 -0.738617 -0.634242 -0.228434 0.493542 -0.277943 -0.824114
0.881287 -3.902398 1341.135572 -129.170654 -0.816611 0.204548 -0.539728 0.318578 0.939491 -0.125958 0.481304 -0.274804 -0.832363
3.776015 -0.676033 1658.721369 435.938377 -0.841818 0.081213 -0.533618 0.204809 0.962743 -0.176578 0.499396 -0.257936 -0.827087
3.914818 2.426055 563.425023 248.238899 -0.793906 0.115046 -0.597058 0.258536 0.952623 -0.160214 0.550339 -0.281556 -0.786036
5.882685 -1.652052 432.974649 1024.243309 -0.821158 -0.050670 -0.568447 0.091792 0.971356 -0.219185 0.563270 -0.232164 -0.792986
1.105470 -26.915100 -227.750448 210.152600 0.695381 0.704737 0.140684 0.586919 -0.669899 0.454711 -0.414695 0.233627 0.879458
2.127485 -25.057509 -127.752745 98.888460 0.672198 0.734540 0.092736 0.675120 -0.659544 0.330476 -0.303912 0.159538 0.939247
1.387988 -26.453444 -181.659907 174.126847 0.671105 0.731640 0.119669 0.678566 -0.671221 0.298346 -0.298606 0.119018 0.946926
-1422.636995 -12866.729120 -137634.770499 -4109368.681400 0.352304 0.748093 -0.562351 0.677518 -0.618395 -0.398193 0.645640 0.240718 0.724709
-22.314837 -24.493452 1572.523650 3896.865313 0.931912 0.333902 -0.141599 0.083752 -0.577987 -0.811737 0.352882 -0.744608 0.566598
-19.913225 -30.716350 49.804916 203.887521 0.915601 -0.033665 -0.400676 0.269422 0.791069 0.549201 -0.298473 0.610800 -0.733374
-19.622120 -29.022677 342.120471 378.139014 0.978181 0.033109 -0.205099 0.115428 0.734214 0.669033 -0.172738 0.678110 -0.714373
-20.008131 -29.900660 322.427835 323.255695 0.991318 0.124936 -0.040979 -0.072859 0.781394 0.619770 -0.109452 0.611404 -0.783713
-30.383144 -49.946290 -167.181615 1440.593639 -0.723451 0.682077 -0.106727 -0.364457 -0.508622 -0.780048 0.586336 0.525429 -0.616550
5.665625 -36.524305 -1195.921962 2237.187222 -0.235317 0.958967 0.158138 -0.415062 -0.246278 0.875826 -0.878834 -0.140460 -0.455984
13.786857 -36.621353 -2315.622974 2402.000084 -0.289208 0.915235 0.280542 -0.356902 -0.375027 0.855556 -0.888245 -0.147308 -0.435110
-6.455430 -12.926365 -1438.865228 270.106463 0.420977 0.764502 0.488175 -0.820109 0.550740 -0.155262 0.387555 0.334995 -0.858824
-5.786439 -14.320717 -1616.051650 203.920998 0.394586 0.781345 0.483530 -0.805972 0.547021 -0.226226 0.441261 0.300446 -0.845589
-1.121864 -14.431030 -1119.715989 187.756197 0.346108 0.809258 0.474669 -0.821541 0.505753 -0.263220 0.453078 0.298858 -0.839883
2.847175 -20.119466 126.202269 -1020.318208 0.161396 0.901059 0.402546 -0.298430 0.433358 -0.850376 0.940686 -0.017115 -0.338846
1.379901 -33.116414 146.038418 -4383.611542 0.173658 0.872940 0.455871 -0.278947 0.487548 -0.827336 0.944474 -0.016510 -0.328170
1.713604 -21.292502 387.556557 1855.462557 0.136144 0.928163 0.346379 -0.325273 0.372131 -0.869319 0.935768 -0.005684 -0.352570
3.097478 -24.527561 -166.580826 -2440.656788 0.214271 0.891851 0.398360 -0.279849 0.446787 -0.849745 0.935827 -0.070595 -0.345317
2.770059 -21.741873 2.815828 1532.577409 0.180438 0.936318 0.301250 -0.320857 0.345555 -0.881841 0.929781 -0.062459 -0.362775
-0.732714 -54.802996 119.303123 2519.256724 0.484992 0.873145 0.049000 -0.132975 0.018250 0.990951 -0.864349 0.487120 -0.124958
-1.211605 -50.628119 108.673940 853.828611 0.491094 0.871011 0.012913 0.050121 -0.043052 0.997815 -0.869663 0.489374 0.064798
-0.803729 -61.406373 78.946522 2901.968341 0.457397 0.881927 0.113986 -0.382019 0.079122 0.920761 -0.803025 0.464698 -0.373103
-0.291081 -51.558766 160.979791 1523.192111 0.497602 0.867350 -0.009762 0.089364 -0.040067 0.995193 -0.862790 0.496083 0.097448
0.214639 -60.960339 131.775978 3174.698525 0.490263 0.871227 0.024600 -0.087161 0.020926 0.995974 -0.867205 0.490433 -0.086197
-0.121303 -66.513613 97.132677 3632.653940 0.467934 0.879450 0.087203 -0.344729 0.090780 0.934302 -0.813756 0.467254 -0.345651
26.638217 -18.375623 5962.560839 -315.592460 -0.611750 -0.577449 -0.540662 -0.499938 0.811898 -0.301469 0.613045 0.085874 -0.785367
23.993969 -16.537146 5207.615932 -1013.646989 -0.599320 -0.589328 -0.541763 -0.446932 0.807808 -0.384316 0.664129 0.011803 -0.747525
63.916610 -17.351722 10119.174736 -723.368363 -0.633779 -0.507764 -0.583524 -0.447912 0.855945 -0.258328 0.630634 0.097644 -0.769913
2.134709 -17.561095 1820.701813 -765.605414 -0.541943 -0.611188 -0.576843 -0.478630 0.788650 -0.385933 0.690804 0.066941 -0.719936
58.937879 -18.816726 9024.620996 -282.901807 -0.632268 -0.529254 -0.565798 -0.525599 0.829557 -0.188631 0.569195 0.178118 -0.802677
10.253288 -19.998306 3096.402248 38.985277 -0.583563 -0.560478 -0.587638 -0.517064 0.814438 -0.263317 0.626178 0.150185 -0.765079
-0.113722 -15.360990 -419.772297 1180.332278 -0.203559 0.930786 -0.303646 0.089748 0.326574 0.940901 -0.974941 -0.164278 0.150013
-1.529599 -16.880283 -483.231436 758.430050 -0.214571 0.933966 -0.285773 0.013007 0.295294 0.955318 -0.976622 -0.201267 0.075510
-2.623537 -17.468889 167.506302 1747.842497 -0.169999 0.974473 -0.146637 0.109233 0.166520 0.979969 -0.979371 -0.150576 0.134753
1.020248 -14.976926 -831.450575 535.871273 -0.223723 0.863717 -0.451598 -0.001275 0.463083 0.886314 -0.974652 -0.198865 0.102501
2.910151 -14.928064 -889.050544 954.625142 -0.221089 0.854833 -0.469446 0.040923 0.489066 0.871286 -0.974395 -0.173421 0.143109
2.947967 -12.925520 -692.035935 1232.978615 -0.212320 0.880593 -0.423646 0.098238 0.450569 0.887320 -0.972250 -0.146777 0.182172
-0.755996 -14.139323 277.541911 1258.890045 -0.156768 0.986166 -0.053854 0.158950 0.079010 0.984120 -0.974761 -0.145719 0.169137
-0.386909 -44.334228 -237.497263 -1277.166780 0.884889 0.420548 0.200279 0.297314 -0.178946 -0.937861 0.358576 -0.889448 0.283382
-0.728183 -48.564314 -400.460713 -877.781824 0.883460 0.422880 0.201671 0.236345 -0.030602 -0.971187 0.404524 -0.905669 0.126981
-0.685853 -52.934841 -297.884459 -1602.512967 0.881008 0.427897 0.201816 0.172757 0.106157 -0.979227 0.440432 -0.897572 -0.019603
-4.991657 -51.651173 100.983120 60.800767 0.397966 0.916416 0.042492 0.526892 -0.266236 0.807158 -0.751005 0.298833 0.588805
-5.959577 -49.759702 84.047232 4.043324 0.368405 0.926223 0.079928 0.524239 -0.277977 0.804924 -0.767757 0.254637 0.587971
-6.225310 -48.743908 158.374433 92.525897 0.363534 0.929677 0.059527 0.674263 -0.306675 0.671804 -0.642816 0.204087 0.738333
-2.297676 -137.224580 184.124768 6589.950784 0.836520 0.544143 -0.064359 0.363866 -0.639480 -0.677250 0.409677 -0.543115 0.732933
-3.226578 -146.700707 635.082464 1119.062285 0.848303 0.524515 -0.072563 0.480346 -0.819945 -0.311382 0.222822 -0.229291 0.947511
20.533158 -224.536915 -4362.631875 31384.783849 0.782330 0.400664 0.476894 0.521990 -0.839475 -0.151021 -0.339833 -0.367082 0.865889
24.510100 -145.437172 -1081.450337 13727.670926 0.878644 0.411442 0.242282 0.476103 -0.716463 -0.509909 0.036212 -0.563379 0.825404
-550.341531 -5287.316463 144815.978224 -3708837.320192 -0.419849 0.043667 -0.906543 0.080690 0.996683 0.010639 0.904000 -0.068682 -0.421980
-243.620280 -1762.685235 -28973.313908 248651.832439 0.971746 0.233341 -0.035519 -0.141030 0.453350 -0.880105 0.189262 -0.860248 -0.473449
-8.152516 -25.031062 -222.918318 -266.520885 0.159798 0.308301 0.937771 -0.004556 0.950199 -0.311610 -0.987139 0.045522 0.153244
-7.407062 -22.158411 -90.978282 -976.496588 0.164338 0.322152 0.932315 -0.131449 0.943888 -0.302981 -0.977606 -0.072761 0.197463
-8.159349 -23.046962 -133.109521 -570.374511 0.223174 0.213103 0.951199 -0.088746 0.976200 -0.197882 -0.970730 -0.040253 0.236775
-6.967500 -16.386776 -104.953733 -730.829550 0.313925 0.947983 -0.052726 0.214805 -0.016820 0.976512 -0.924830 0.317877 0.208911
-7.888165 -17.773540 299.577883 -529.568879 0.315242 0.935356 -0.160410 0.299592 0.062299 0.952031 -0.900482 0.348177 0.260586
-6.292448 -16.613550 251.857062 -684.606979 0.305041 0.924090 -0.230235 0.272291 0.147035 0.950914 -0.912583 0.352759 0.206770
3.944190 -108.293371 232.495359 1435.665379 0.442494 0.895455 0.048577 -0.723915 0.324706 0.608698 -0.529288 0.304511 -0.791913
3.907077 -114.226749 181.365820 1438.421420 0.423832 0.902672 0.074499 -0.861211 0.376156 0.341792 -0.280503 0.209021 -0.936818
3.276523 -106.590393 196.878958 459.985717 0.443122 0.893869 0.068124 -0.743437 0.323955 0.585110 -0.500943 0.309921 -0.808087
3.613155 -202.077000 259.549533 25116.610336 0.436765 0.898757 -0.038373 -0.746122 0.385759 0.542672 -0.502533 0.208389 -0.839068
-30.508080 -42.454967 20.105347 -673.473991 -0.548653 -0.146956 -0.823033 0.191368 0.936221 -0.294736 0.813854 -0.319210 -0.485538
-27.424652 -39.294835 272.116297 -848.967693 -0.700923 -0.426112 -0.571957 0.020046 0.789831 -0.612996 0.712955 -0.441129 -0.545069
-21.982527 -36.384872 -5.208616 -408.617807 0.734548 0.326505 -0.594839 -0.635210 0.639161 -0.433568 -0.238636 -0.696324 -0.676894
-21.436004 -34.281673 -10.905618 464.056607 0.688369 0.340314 -0.640573 0.709133 -0.501484 0.495624 -0.152569 -0.795424 -0.586534
-21.411372 -34.961509 18.384318 -589.706859 0.681869 0.231638 -0.693829 -0.643804 0.640322 -0.418931 -0.347234 -0.732346 -0.585745
-21.913655 -35.584170 -169.723951 -314.395938 0.718357 0.432665 -0.544760 -0.694698 0.487626 -0.528787 -0.036851 -0.758301 -0.650862
-21.454795 -36.095997 20.525500 -75.680384 0.718778 0.230588 -0.655886 -0.551244 0.763900 -0.335539 -0.423660 -0.602731 -0.676185
-22.730666 -37.130296 -195.666875 -277.551942 0.760619 0.423332 -0.492187 -0.637931 0.628015 -0.445692 -0.120425 -0.652984 -0.747737
-22.295305 -37.007248 0.683714 69.073170 0.764279 0.333305 -0.552074 -0.560385 0.766900 -0.312782 -0.319134 -0.548427 -0.772905
19.087913 -28.638255 -1977.145286 1423.295418 -0.061075 -0.131301 0.989459 -0.568336 0.819493 0.073666 -0.820527 -0.557846 -0.124673
34.561215 -30.351791 -4925.589056 -2051.930391 -0.209335 -0.338638 -0.917335 0.363501 0.843943 -0.394495 0.907770 -0.416034 -0.053571
42.662434 -30.729173 -4994.401321 -1925.046539 -0.296479 -0.336360 -0.893847 0.266840 0.869478 -0.415698 0.917004 -0.361760 -0.168028
17.705159 -19.291253 -2574.618393 -507.991698 0.696324 0.642651 0.319581 -0.437266 0.026759 0.898934 -0.569150 0.765691 -0.299642
10.362566 -18.154972 -1720.646023 54.487888 0.696421 0.643252 0.318156 -0.494022 0.108162 0.862695 -0.520519 0.757976 -0.393107
12.238223 -18.944940 -1399.139471 217.181662 0.748262 0.601845 0.279081 -0.458295 0.164791 0.873390 -0.479655 0.781426 -0.399129
623.721304 -3.135944 -284050.139171 3394.088752 0.799890 -0.036799 0.599018 -0.597907 0.037293 0.800697 0.051804 0.998627 -0.007828
-4.007215 -23.122329 -159.143467 46.396767 0.662334 0.691115 0.289266 0.338679 0.068203 -0.938427 0.668290 -0.719520 0.188892
-3.040562 -22.095034 -427.937515 -25.142597 0.660432 0.649867 0.376168 0.471318 0.031215 -0.881411 0.584542 -0.759407 0.285679
-3.939598 -20.721795 -335.572440 -159.989763 0.664022 0.651178 0.367480 0.555583 -0.100783 -0.825330 0.500401 -0.752203 0.428706
-1.524730 -41.434127 -66.135134 2291.694715 0.747175 -0.423448 0.512271 -0.198043 0.593902 0.779781 0.634436 0.684085 -0.359888
-0.640856 -45.860418 -73.763799 1649.307218 0.760369 -0.458413 0.460105 -0.106373 0.610947 0.784493 0.640721 0.645447 -0.415782
0.305038 -50.265277 356.697732 1542.137462 -0.772257 0.447590 -0.450869 0.024792 0.730373 0.682598 0.634827 0.515963 -0.575132
1.015842 -56.787644 443.418014 1782.354644 -0.776103 0.449667 -0.442113 0.123379 0.795819 0.592831 0.618419 0.405551 -0.673117
2.054080 -61.787799 70.254420 1273.025705 -0.756565 0.449774 -0.474671 0.176045 0.839180 0.514572 0.629776 0.305744 -0.714075
