13029
26051
-40.071252 -62.916871 2367.141976 10614.375875 0.189902 -0.964275 0.184689 0.973686 0.160832 -0.161455 0.125983 0.210490 0.969444
-40.452036 -63.689865 -47.999595 6105.957316 -0.205393 -0.929743 0.305599 0.978036 -0.206314 0.029655 0.035477 0.304978 0.951698
-47.526605 -76.884844 1280.183084 9332.585522 0.258887 -0.935716 0.239611 0.965550 0.257448 -0.037857 -0.026264 0.241157 0.970131
-32.975971 -49.549222 122.902171 5747.624302 -0.363026 -0.884758 0.292259 0.916492 -0.395634 -0.059295 0.168089 0.246327 0.954499
-36.194507 -90.927746 4892.203328 15943.381873 0.396290 -0.906637 0.144791 0.918002 0.388691 -0.078685 0.015060 0.164100 0.986329
-27.761086 -67.884717 -5909.453361 13763.078098 -0.286286 0.953817 -0.090959 0.940442 0.261563 -0.217151 0.183331 0.147709 0.971891
-26.286888 -43.010006 -3361.964749 5689.597815 0.106757 0.974980 -0.194982 0.964908 -0.148907 -0.216283 0.239905 0.165050 0.956663
-54.768173 -82.247195 -3027.692219 -560.251823 -0.229613 0.973266 0.005557 -0.357362 -0.078995 -0.930619 0.905301 0.215669 -0.365947
-56.804844 -80.548187 -2493.140664 2583.024791 -0.315679 0.948541 -0.024829 -0.483705 -0.183381 -0.855804 0.816318 0.258150 -0.516704
-58.795707 -80.333866 -1366.836124 -3011.492820 -0.355744 0.931669 0.073749 -0.269119 -0.026550 -0.962741 0.894998 0.362337 -0.260175
-56.145851 -72.950695 -1701.826679 -4706.267262 -0.301361 0.913405 0.273630 -0.103646 0.253891 -0.961664 0.947860 0.318168 -0.018158
-53.784458 -79.278943 -2750.360301 -5200.523004 -0.213601 0.976372 0.032759 -0.153841 -0.000503 -0.988096 0.964732 0.216098 -0.150313
-83.543681 -224.325476 6457.008187 -72461.194857 0.286289 0.955688 -0.068548 0.854697 -0.287060 -0.432539 0.433050 -0.065243 0.899005
-28.292774 -145.839219 -13061.959952 45969.405261 0.465865 0.883225 -0.053692 0.407967 -0.268238 -0.872703 0.785196 -0.384657 0.485290
-42.195039 -117.421008 -6386.965051 33342.891687 0.329593 0.938637 -0.101633 0.474758 -0.257822 -0.841506 0.816072 -0.229104 0.530602
-119.637771 -370.810732 -579.695993 -146630.922372 0.072326 0.988696 0.131335 0.953914 -0.030121 -0.298566 0.291235 -0.146876 0.945309
11.232757 -45.931748 -7095.505348 -1614.922132 0.252293 0.963453 0.090030 0.288580 0.013892 -0.957355 0.923618 -0.267515 0.274529
8.132464 -49.188727 -7175.794806 -1085.876918 0.262871 0.961804 0.076365 0.185956 0.027159 -0.982183 0.946742 -0.272387 0.171713
-0.889329 -48.525574 -4834.436215 -935.139981 0.258523 0.965453 0.032650 0.214811 -0.024502 -0.976348 0.941818 -0.259422 0.213725
-1.065691 -44.422291 -4557.245684 -1551.748109 0.254201 0.965873 0.049713 0.344477 -0.042391 -0.937837 0.903724 -0.255524 0.343497
2.203896 -45.181266 -90.492916 -465.604576 0.393742 0.906622 -0.151671 -0.211562 -0.071191 -0.974768 0.894544 -0.415896 -0.163776
2.092496 -45.665949 803.633403 922.895619 0.367375 0.903428 -0.221029 -0.222766 -0.145258 -0.963989 0.903001 -0.403383 -0.147889
0.543708 -45.974335 -302.706309 3312.512691 0.391416 0.907925 -0.149884 -0.167454 -0.089885 -0.981774 0.904850 -0.409381 -0.116853
1.552141 -45.185739 -886.065959 725.673729 0.393209 0.914801 -0.092333 -0.097306 -0.058454 -0.993536 0.914286 -0.399652 -0.066031
27.273580 -51.792240 8609.959935 6242.000363 0.104232 0.979644 -0.171560 -0.953832 0.147321 0.261728 -0.281675 -0.136358 -0.949771
4.487807 -54.200055 1310.196515 3927.635900 0.181247 0.958006 -0.222204 -0.948585 0.229921 0.217538 -0.259492 -0.171351 -0.950422
27.083171 -48.328741 8720.361265 5700.924713 0.100355 0.981022 -0.165906 -0.933187 0.150643 0.326294 -0.345095 -0.122076 -0.930595
136.051465 -35.125080 49229.868009 539.787504 -0.053835 0.989107 -0.137001 -0.939775 -0.003811 0.341772 -0.337527 -0.147149 -0.929743
130.986025 -46.950819 45657.652263 -2249.068390 -0.093231 0.983717 -0.153650 -0.962422 -0.049507 0.267009 -0.255055 -0.172770 -0.951366
57.364536 -45.997499 17428.229209 2068.919705 0.022639 0.983934 -0.177090 0.994495 -0.040290 -0.096726 -0.102307 -0.173925 -0.979430
34.680931 -59.690500 -4366.079794 3821.699447 -0.053229 0.997392 -0.048750 -0.836964 -0.071189 -0.542608 0.544663 -0.011920 -0.838570
31.038775 -66.401522 -6724.397994 -9009.346612 -0.031602 0.993325 -0.110932 -0.850121 -0.085081 -0.519668 0.525638 -0.077883 -0.847136
24.061780 -60.018311 -4209.989019 -3997.569484 0.008100 0.994185 -0.107377 -0.809388 -0.056540 -0.584546 0.587218 -0.091644 -0.804224
28.082928 -59.721694 -1722.231171 6583.474135 -0.019764 0.998755 -0.045806 -0.781318 -0.044015 -0.622579 0.623820 -0.023484 -0.781216
21.035136 -55.993222 -1512.394780 1593.680854 0.059610 0.992428 -0.107392 -0.757813 -0.025034 -0.651992 0.649743 -0.120248 -0.750582
-5.655942 -100.381531 957.360609 8353.511997 0.000926 0.980523 0.196403 0.029491 -0.196345 0.980091 -0.999565 -0.004885 0.029098
-6.155183 -97.786714 610.320115 7690.995034 0.000938 0.974981 0.222284 0.021805 -0.222251 0.974746 -0.999762 -0.003933 0.021468
-9.604142 -111.372749 1718.205542 4414.662917 0.026012 0.979448 0.200011 -0.228951 -0.188924 0.954929 -0.973090 0.070632 -0.219331
-3.478671 -82.050758 424.362453 8201.926389 -0.002580 0.972447 0.233109 0.249780 -0.225094 0.941776 -0.968299 -0.060656 0.242317
-7.983319 -109.670998 740.002353 3064.602084 0.004083 0.984995 0.172536 -0.222276 -0.167327 0.960518 -0.974975 0.042272 -0.218258
-7.040059 -108.443514 -446.375034 6355.069236 -0.031975 0.987705 0.153026 -0.098416 -0.155472 0.982926 -0.994632 -0.016369 -0.102178
-5.616792 -96.858821 -305.729263 9770.431366 -0.032502 0.984242 0.173817 0.167736 -0.166071 0.971743 -0.985296 -0.060739 0.159695
-4.450845 -84.963038 351.321616 8926.571761 -0.010144 0.975815 0.218363 0.267546 -0.207764 0.940879 -0.963492 -0.067967 0.258968
-4.200234 -74.646937 -8275.659421 7554.978204 0.671917 0.045738 0.739213 -0.531217 -0.665720 0.524047 -0.516078 0.744799 0.423011
-18.528550 -71.912461 -6306.356462 7482.018501 0.735106 0.037469 0.676916 -0.437373 -0.736687 0.515748 -0.518000 0.675195 0.525155
-19.328533 -86.451603 -3395.293905 5600.352929 0.713353 -0.073059 0.696986 -0.596171 -0.586060 0.548739 -0.368386 0.806967 0.461623
-1.001991 -55.338600 -9177.275170 5751.514707 0.737456 0.151011 0.658296 -0.319558 -0.780667 0.537067 -0.595013 0.606428 0.527451
13.739280 -53.352775 -7844.840020 5873.396058 0.708621 0.047277 0.704003 -0.468392 -0.714683 0.519459 -0.527697 0.697849 0.484295
-18.656020 -42.135920 -4577.419617 2290.190503 0.295567 -0.640573 0.708736 0.668541 0.668642 0.325531 -0.682417 0.377603 0.625878
-32.867913 -46.690636 6974.094757 1190.245588 -0.202337 0.763155 -0.613722 0.752142 0.522438 0.401672 -0.627169 0.380333 0.679710
-20.098033 -40.491331 4849.382992 -394.195424 -0.052529 0.819175 -0.571133 0.793205 0.381683 0.474493 -0.606685 0.428101 0.669823
-11.306156 -34.651909 2419.047504 -120.543072 -0.065845 0.799822 -0.596615 0.781646 0.412998 0.467400 -0.620237 0.435565 0.652372
-9.359396 -33.753842 2074.207676 1299.806018 -0.240816 0.672077 -0.700228 0.694150 0.623507 0.359715 -0.678353 0.399438 0.616673
-9.257794 -42.633250 143.302313 -1156.950890 0.111004 0.988642 0.101316 -0.049523 0.107322 -0.992990 0.992585 -0.105208 -0.060874
-11.668336 -47.045619 -253.117876 -1421.256502 0.119021 0.991110 -0.059450 -0.175978 -0.037871 -0.983665 0.977172 -0.127539 -0.169907
-13.194656 -44.651183 -544.384546 -2422.442886 0.094956 0.995364 -0.015314 -0.185916 0.002619 -0.982562 0.977967 -0.096147 -0.185303
-12.012202 -45.615951 -1027.996444 -23.206954 0.117579 0.989611 -0.082734 -0.292431 -0.045115 -0.955222 0.949031 -0.136508 -0.284088
-6.375220 -37.586036 1866.410059 -199.016930 0.099835 0.951567 0.290781 -0.038503 0.295716 -0.954500 0.994259 -0.084096 -0.066161
-0.115625 -64.718011 -397.272327 -1008.296046 0.179900 0.958407 -0.221565 -0.907675 0.074916 -0.412932 0.379158 -0.275396 -0.883400
0.910057 -66.737824 -786.350341 -1162.741299 0.179334 0.956915 -0.228369 -0.936418 0.094872 -0.337818 0.301597 -0.274431 -0.913086
1.029413 -65.517840 -207.668156 1309.640283 0.159138 0.960872 -0.226717 0.957915 -0.094712 0.270976 0.238900 -0.260298 -0.935506
-8.093980 -242.471876 532.992783 17061.118988 0.725920 -0.030153 0.687118 0.666541 0.277193 -0.692016 0.169598 -0.960341 -0.221318
-9.374382 -217.124236 397.125810 23673.981004 0.713384 -0.049761 0.699004 0.584670 0.592150 -0.554544 0.386321 -0.804290 -0.451525
-8.973856 -259.598260 579.808508 26761.793095 0.701759 -0.023875 0.712014 0.657472 0.406577 -0.634370 0.274344 -0.913304 -0.301016
-6.605651 -257.836822 594.221151 -7244.982648 0.726153 -0.013003 0.687410 0.686905 -0.029020 -0.726168 -0.029391 -0.999494 0.012141
-6.230328 -240.563668 -298.210813 2985.449851 0.741903 -0.048477 0.668753 0.667009 -0.048390 -0.743476 -0.068402 -0.997651 0.003567
-3.520735 -135.108638 1332.528971 -473.832143 0.768806 -0.240156 0.592675 -0.613767 -0.537294 0.578451 -0.179522 0.808480 0.560474
-5.009982 -129.369408 1155.450319 -515.502281 0.770083 -0.247374 0.588029 -0.559977 -0.703691 0.437315 -0.305610 0.666052 0.680424
-2.355002 -139.650917 1834.938235 4479.658991 0.778990 -0.244491 0.577406 -0.598747 -0.563509 0.569174 -0.186216 0.789102 0.585357
-3.075313 -128.055543 1084.318837 2214.696818 0.786330 -0.241363 0.568708 -0.523204 -0.749692 0.405240 -0.328546 0.616203 0.715788
-11.267829 -97.467143 -1391.072828 -4065.491673 0.767777 -0.271191 0.580495 -0.459893 0.397572 0.794000 0.446114 0.876580 -0.180527
-12.700531 -106.481130 571.565375 -2515.112263 0.757810 -0.311944 0.573075 -0.531511 0.214295 0.819496 0.378444 0.925618 0.003407
-13.118089 -99.160849 958.500860 -4215.387448 0.740902 -0.332877 0.583316 -0.439019 0.417236 0.795724 0.508259 0.845640 -0.162992
-10.398742 -87.494363 -1685.054217 -6486.162105 0.760933 -0.265969 0.591812 -0.369545 0.572064 0.732243 0.533308 0.775889 -0.337015
-0.133192 -429.270259 -1192.406421 25064.514551 -0.644060 -0.001723 -0.764973 0.650206 0.525595 -0.548618 0.403011 -0.850733 -0.337395
-1.392923 -418.950981 278.958034 86276.127564 -0.658482 0.010194 -0.752528 0.433088 0.822889 -0.367817 0.615497 -0.568111 -0.546272
1.598518 -596.897546 -3422.865610 115792.596367 -0.626101 -0.027306 -0.779264 0.375743 0.865134 -0.332205 0.683239 -0.500797 -0.531401
5.114826 -673.292596 -8226.021617 -80663.119120 -0.613554 0.007997 -0.789612 0.625412 0.615399 -0.479733 0.482090 -0.788175 -0.382582
132.919727 -4289.126901 5224.031081 -3106790.381870 -0.795491 0.488928 -0.357972 0.527506 0.849466 -0.012006 0.298215 -0.198383 -0.933655
-12.027180 -1170.621998 -8189.277540 -411064.689254 0.849559 -0.315555 0.422699 0.522970 0.399141 -0.753119 -0.068934 -0.860878 -0.504120
-21.174348 -2612.345555 -10471.778947 285352.193052 -0.656027 0.670874 -0.345770 0.488225 0.726585 0.483436 0.575556 0.148334 -0.804197
-67.341767 -7771.622674 -6589.701659 546913.735817 -0.683217 0.634800 -0.360892 -0.096162 -0.568139 -0.817295 0.723856 0.523685 -0.449206
-1838.716417 -7362.107287 -257938.437801 7275917.944518 0.941715 -0.169011 0.290876 0.267170 0.901164 -0.341354 0.204434 -0.399172 -0.893794
18.154549 -41.602502 5699.534266 -986.193786 -0.148938 0.972856 0.177114 0.962334 0.183798 -0.200328 0.227443 -0.140607 0.963587
9.159219 -43.631266 2922.003532 -2445.463840 -0.101455 0.980758 0.166797 0.965814 0.137306 -0.219886 0.238557 -0.138786 0.961160
12.441077 -45.400957 6544.639075 -1105.914348 -0.111540 0.982555 0.148808 0.938021 0.153542 -0.310710 0.328138 -0.104928 0.938784
-22.116257 -34.128832 818.020939 -670.953970 -0.160718 0.945968 0.281627 -0.197267 0.248793 -0.948255 0.967086 0.207957 -0.146623
-22.915571 -34.441484 1162.394718 73.432947 -0.169987 0.912643 0.371736 -0.296948 0.312254 -0.902397 0.939642 0.263782 -0.217928
-19.165638 -34.710356 1045.095268 -621.309774 -0.188075 0.866918 0.461607 -0.212090 0.423056 -0.880932 0.958982 0.263583 -0.104298
-18.914477 -32.989243 907.577652 -835.221406 -0.180987 0.923793 0.337418 -0.117679 0.320277 -0.939986 0.976420 0.209833 -0.050745
-3.696712 -9.133147 202.021418 1378.285954 -0.371531 -0.098404 -0.923191 -0.563431 0.814222 0.139959 0.737909 0.572154 -0.357953
-4.099764 -9.090208 41.205665 1469.419443 -0.492333 0.129019 -0.860792 -0.441050 0.815610 0.374507 0.750389 0.564034 -0.344648
-2.163180 -12.734588 -156.385148 990.516397 -0.492177 0.110017 -0.863515 -0.421467 0.837841 0.346969 0.761661 0.534713 -0.365998
-4.218473 -7.148681 -390.577554 877.075065 -0.279111 -0.188930 -0.941489 -0.616647 0.786845 0.024912 0.736100 0.587520 -0.336121
-2.802169 -12.119183 521.274551 1266.706173 -0.385134 -0.106864 -0.916652 -0.552239 0.822496 0.136138 0.739394 0.558642 -0.375786
-3.323466 -9.013944 433.229458 1012.496493 -0.245660 -0.286524 -0.926043 -0.651657 0.756052 -0.061057 0.717631 0.588463 -0.372447
-3.810234 -7.680564 -364.834679 644.675532 -0.172716 -0.336277 -0.925790 -0.667260 0.731327 -0.141157 0.724523 0.593363 -0.350695
-198.863898 -413.779342 -42951.476148 -85404.300577 -0.153893 0.186670 -0.970294 0.913144 0.402012 -0.067488 0.377472 -0.896404 -0.232323
-172.002746 -267.396021 -29086.682133 14705.660206 -0.228590 0.302976 -0.925177 0.660465 0.746447 0.081260 0.715215 -0.592471 -0.370735
-115.887900 -270.771757 -25462.195316 19359.289832 -0.127674 0.038004 -0.991088 0.614279 0.787570 -0.048933 0.778691 -0.615052 -0.123897
-113.367487 -445.225135 -24859.263953 -111099.367456 -0.120185 -0.004319 -0.992742 0.915981 0.385108 -0.112567 0.382799 -0.922861 -0.042328
-25.035145 -33.190383 233.411113 -375.653978 0.054326 0.728602 0.682780 0.514692 -0.606384 0.606127 -0.855652 -0.318493 0.407948
-22.898933 -34.855345 -450.282316 -887.820353 0.089258 0.711277 0.697222 0.595525 -0.599218 0.535058 -0.798362 -0.367455 0.477069
-22.940831 -32.063846 952.245910 -1527.408566 0.139615 0.749681 0.646905 0.528414 -0.608913 0.591611 -0.837429 -0.259236 0.481155
-23.795227 -30.968576 1642.933633 -382.073344 0.054999 0.811404 0.581892 0.473798 -0.534193 0.700110 -0.878915 -0.237194 0.413822
-45.909615 -63.671959 1047.721890 -2147.186453 0.573454 0.167336 -0.801965 0.564794 0.628343 0.534971 -0.593429 0.759726 -0.265815
-47.946877 -65.832432 165.724932 -2284.511901 -0.497401 -0.296804 0.815169 0.528867 0.641106 0.556132 -0.687671 0.707737 -0.161917
-47.454259 -66.730513 -458.848031 -1587.842756 -0.592056 -0.261523 0.762283 0.594949 0.496191 0.632321 -0.543605 0.827889 -0.138180
-45.278209 -65.158675 2199.706908 -1498.543613 0.663613 0.123587 -0.737796 0.612337 0.476801 0.630637 -0.429721 0.870280 -0.240735
-44.289867 -61.939063 1813.197117 -1163.104589 0.618591 0.034546 -0.784953 0.611890 0.605521 0.508856 -0.492884 0.795079 -0.353432
3.592205 -7.229319 2028.992004 393.603647 0.588343 0.788720 0.178250 0.358514 -0.452026 0.816787 -0.724790 0.416646 0.548714
6.339110 -6.368923 2680.908805 229.946273 0.520664 0.853761 -0.001270 0.473566 -0.287565 0.832491 -0.710383 0.434050 0.554037
9.233442 -7.239645 558.237076 -222.613495 0.573007 0.792939 0.207151 0.344927 -0.462618 0.816707 -0.743430 0.396526 0.538589
6.435539 -9.740171 -1266.147049 745.934946 0.568739 0.755953 0.324146 0.272453 -0.544987 0.792943 -0.776083 0.362663 0.515917
-5.188421 -50.610353 1705.384324 869.259982 0.340278 0.441676 0.830141 0.849152 -0.523554 -0.069514 0.403921 0.728569 -0.553204
-10.313700 -48.428667 803.375645 1319.002346 0.363936 0.472621 0.802608 0.807881 -0.589023 -0.019477 0.463550 0.655501 -0.596188
-9.181258 -54.367549 1386.227746 1971.287507 0.377955 0.450348 0.808911 0.858987 -0.496525 -0.124920 0.345387 0.742058 -0.574507
-12.325464 -53.438133 483.528568 2260.714290 0.404988 0.478298 0.779241 0.830431 -0.549031 -0.094597 0.382582 0.685417 -0.619544
-4.594459 -64.072089 2958.386038 4602.162945 0.350358 0.438877 0.827428 0.894177 -0.419643 -0.156038 0.278743 0.794535 -0.539459
-9.149047 -67.186807 1613.335257 4453.741146 0.422393 0.441536 0.791600 0.875198 -0.425888 -0.229450 0.235823 0.789725 -0.566324
-6.552029 -36.927338 -469.838289 3235.346558 -0.131518 0.955059 0.265640 -0.611040 -0.289110 0.736916 -0.780598 0.065399 -0.621603
-8.926064 -38.674077 -1293.414331 5164.856523 -0.154549 0.942913 0.295009 -0.632054 -0.323860 0.704005 -0.759357 0.077658 -0.646023
-6.947111 -38.059389 -323.694131 5999.224663 -0.132270 0.957195 0.257454 -0.645425 -0.280298 0.710535 -0.752284 0.072185 -0.654873
-3.779384 -38.445041 -741.645214 2296.674763 -0.126648 0.964036 0.233657 -0.632302 -0.259954 0.729807 -0.764300 0.055314 -0.642485
-4.600176 -39.551480 -757.310975 4647.295507 -0.123847 0.968394 0.216505 -0.674795 -0.242160 0.697144 -0.727539 0.059758 -0.683458
-3.808652 -64.480105 -293.044228 -1725.622417 -0.286750 0.849452 0.442952 0.226068 -0.389312 0.892933 -0.930950 -0.356186 0.080399
-4.102317 -59.971830 405.895072 -181.039181 -0.236752 0.850150 0.470312 0.384122 -0.362730 0.849045 -0.892412 -0.381671 0.240684
-4.630174 -60.258341 159.494718 -2319.737204 -0.247433 0.851551 0.462211 0.221397 -0.414732 0.882599 -0.943271 -0.320716 0.085912
3.517765 -76.775705 -1554.296363 2380.381101 -0.104429 0.951687 0.288769 0.977599 0.044877 0.205635 0.182741 0.303774 -0.935055
-0.925545 -74.020842 -2212.558888 3196.666380 -0.101417 0.959264 0.263682 0.958038 0.022744 0.285736 0.268099 0.281596 -0.921318
4.188157 -74.488080 -2078.715179 -2596.468694 -0.095090 0.954736 0.281846 -0.920951 0.023109 -0.388994 0.377899 0.296556 -0.877067
8.443646 -75.271409 -1727.531033 5617.118912 -0.099596 0.949919 0.296199 0.946501 -0.001384 0.322697 0.306947 0.312492 -0.898962
10.563891 -72.575038 -2169.272196 -1278.028737 -0.096663 0.948992 0.300119 -0.902998 0.043209 -0.427466 0.418630 0.312327 -0.852761
5.686814 -71.663980 -2227.082229 1176.223340 -0.077724 0.951901 0.296382 -0.847776 0.093331 -0.522078 0.524628 0.291844 -0.799745
-4.110296 -113.167667 486.223945 -8152.297060 -0.267421 0.796169 0.542772 -0.458702 -0.600553 0.654926 -0.847396 0.073830 -0.525804
-2.879666 -116.559602 -125.403030 -8768.501698 -0.283121 0.805118 0.521179 -0.330283 -0.592022 0.735135 -0.900420 -0.035995 -0.433530
-3.058856 -115.123360 1681.104674 -3123.492198 -0.248336 0.787434 0.564160 -0.229391 -0.613644 0.755526 -0.941121 -0.058211 -0.333021
-4.732975 -113.364523 -566.052340 -6317.077186 -0.291852 0.776684 0.558198 -0.436447 -0.627448 0.644844 -0.851080 0.055424 -0.522103
-2.686106 -112.693261 731.057585 1876.092264 -0.266074 0.775096 0.573089 -0.133690 -0.618446 0.774372 -0.954637 -0.129424 -0.268175
-0.629598 -109.945039 799.722039 9321.623022 -0.258258 0.790156 0.555838 0.110612 -0.547388 0.829537 -0.959723 -0.275717 -0.053966
-2.068605 -62.182075 -1449.397308 -4777.451092 0.365532 -0.793265 -0.486947 0.930198 0.330113 0.160490 0.033437 -0.511621 0.858561
-0.266824 -69.093857 -1699.437776 -3616.575970 0.318835 -0.815311 -0.483334 0.933374 0.358751 0.010547 0.164797 -0.454494 0.875372
0.224723 -60.629554 -1506.937990 -3859.550206 0.348822 -0.801870 -0.485106 0.936412 0.319277 0.145580 0.038147 -0.505041 0.862252
-2.811719 -53.309027 -1110.215509 -4362.365732 0.377564 -0.786527 -0.488692 0.922483 0.273647 0.272290 -0.080435 -0.553618 0.828877
-2.456316 -55.162687 475.170943 -1290.958030 -0.106943 0.931846 0.346737 -0.597285 0.218588 -0.771667 0.794867 0.289626 -0.533201
0.284852 -53.723285 573.998184 -1006.975064 -0.111069 0.932131 0.344667 -0.617678 0.206944 -0.758714 0.778548 0.297163 -0.552772
-0.985758 -52.010898 1045.839502 -863.704837 -0.093311 0.918719 0.383730 -0.511940 0.286288 -0.809912 0.853938 0.272021 -0.443615
0.091024 -57.042976 567.948695 -1444.066040 -0.132723 0.936935 0.323322 -0.713479 0.136117 -0.687328 0.687992 0.321907 -0.650417
-2.798420 -53.930060 1106.909928 -516.158324 -0.089917 0.918107 0.385997 -0.506770 0.291467 -0.811315 0.857379 0.268563 -0.439062
-4.168674 -56.663206 364.206149 -361.243007 -0.085638 0.927953 0.362725 -0.565300 0.254533 -0.784633 0.820428 0.272243 -0.502774
-2.817456 -56.898272 564.325450 -588.935278 -0.115888 0.933817 0.338460 -0.686349 0.171029 -0.706876 0.717980 0.314220 -0.621105
57.438215 -35.322972 -10603.845559 681.199803 0.532467 0.793359 0.295060 -0.098902 0.404511 -0.909170 0.840653 -0.454921 -0.293854
53.175639 -38.455166 -9721.185686 -1535.327851 0.509019 0.816988 0.270982 -0.169690 0.403886 -0.898933 0.843863 -0.411591 -0.344221
39.073934 -36.304706 -14972.839819 -1670.703101 0.631537 0.717764 0.293215 -0.111997 0.458657 -0.881527 0.767214 -0.523878 -0.370047
2.386413 -255.598940 4009.276488 59253.123344 0.834117 0.030343 0.550752 -0.451227 -0.536737 0.712957 -0.317242 0.843204 0.434010
-2.772955 -216.852065 3778.168048 42485.116902 0.844792 0.035784 0.533896 -0.385727 -0.650807 0.653961 -0.370865 0.758400 0.535994
5.718309 -146.409430 1639.202441 27251.665823 0.786399 0.014173 0.617556 -0.399488 -0.750862 0.525942 -0.471154 0.660307 0.584815
9.653089 -241.121794 -1000.814727 61990.541656 0.825367 0.062441 0.561133 -0.439636 -0.552503 0.708139 -0.354244 0.831169 0.428566
6.834934 -326.062886 3094.296372 77399.111036 0.855284 0.028787 0.517360 -0.498801 -0.224626 0.837103 -0.140310 0.974020 0.177760
-19.207856 -148.209694 1076.937042 21637.632373 0.806806 0.270069 0.525478 -0.202771 0.961961 -0.183069 -0.554931 0.041150 0.830878
-16.722595 -137.844826 2821.198232 12504.613035 0.828328 0.292669 0.477722 -0.180269 0.946589 -0.267343 -0.530449 0.135329 0.836845
-15.633710 -115.350267 -104.531394 18355.909120 0.787688 0.275408 0.551088 -0.040534 0.915745 -0.399709 -0.614739 0.292508 0.732485
9.260924 -52.808534 3341.771606 2719.400842 0.678672 -0.156503 0.717573 0.335317 0.935286 -0.113153 -0.653427 0.317408 0.687230
21.867148 -48.323902 4255.938867 5973.203457 0.595382 -0.332425 0.731447 0.399404 0.912390 0.089554 -0.697135 0.238824 0.675993
19.383983 -41.360091 4240.415385 3134.478275 0.590156 -0.298067 0.750248 0.440668 0.897615 0.009978 -0.676408 0.324722 0.661081
25.042465 -44.084169 341.846879 3809.976298 0.477600 -0.400647 0.781908 0.449590 0.876068 0.174279 -0.754830 0.268303 0.598537
22.627552 -473.496222 7622.494483 164140.132723 0.738013 0.133482 0.661452 0.630557 0.212625 -0.746451 0.240279 -0.967974 -0.072752
-48.189273 -442.378710 -14542.101840 149359.927485 0.912556 -0.084642 0.400097 0.389762 0.476188 -0.788245 0.123802 -0.875260 -0.467539
4.961613 -276.330565 4990.353885 93866.631804 0.756578 0.117437 0.643271 0.575206 0.348363 -0.740122 0.311010 -0.929974 -0.196014
131.123978 -413.361189 80017.227655 -219918.869683 0.873491 0.173441 0.454897 0.393678 0.298065 -0.869583 0.286411 -0.938656 -0.192077
18.441582 -33.580328 5202.318853 1587.280130 -0.314980 0.719405 0.619067 0.832747 -0.103441 0.543905 0.455325 0.686845 -0.566500
32.341590 -35.620002 6673.761606 1533.996232 -0.331388 0.749028 0.573707 0.817070 -0.076223 0.571477 0.471782 0.658140 -0.586749
16.002301 -29.140084 4373.925633 2259.590265 -0.347898 0.730910 0.587144 0.766850 -0.138442 0.626718 0.539360 0.668285 -0.512334
31.805241 -37.886568 7391.816013 1072.515327 -0.300938 0.736078 0.606321 0.864135 -0.058447 0.499854 0.403369 0.674369 -0.618482
3.850275 -30.218267 2824.474745 2310.561381 -0.317588 0.712460 0.625731 0.801855 -0.150439 0.578270 0.506128 0.685397 -0.523512
19.165632 -36.431362 5572.941494 726.590854 -0.277675 0.713125 0.643699 0.885569 -0.069717 0.459247 0.372377 0.697561 -0.612163
-23.780899 -51.288764 102.528433 871.671398 -0.579975 -0.437577 -0.687136 -0.139815 0.884442 -0.445213 0.802547 -0.162141 -0.574134
-17.546831 -51.321073 1976.093503 -824.006569 -0.615305 -0.551398 -0.563347 -0.231764 0.809601 -0.539288 0.753449 -0.201263 -0.625946
-22.367184 -50.515001 151.166234 574.465291 -0.586448 -0.535153 -0.608021 -0.305082 0.841312 -0.446228 0.750336 -0.076193 -0.656651
-17.147549 -50.769762 2371.154777 -428.076763 -0.616616 -0.516734 -0.593945 -0.127621 0.810072 -0.572273 0.776851 -0.277073 -0.565449
-19.822298 -50.066931 2402.912001 346.638380 -0.599473 -0.438093 -0.669855 -0.045874 0.854336 -0.517692 0.799079 -0.279613 -0.532249
0.371881 -47.478380 453.426437 2048.926837 -0.026138 0.876041 0.481528 0.044586 0.482234 -0.874907 0.998664 0.001399 0.051663
1.002514 -48.329481 1521.048617 1682.617338 -0.043495 0.863198 0.502989 0.019553 0.504105 -0.863421 0.998862 0.027719 0.038804
2.922558 -45.052720 1330.450799 860.890328 -0.037593 0.894206 0.446074 -0.084612 0.441938 -0.893046 0.995705 0.071315 -0.059047
-0.372742 -54.283657 377.449194 2951.617915 -0.032942 0.840501 0.540807 0.143921 0.539451 -0.829626 0.989041 -0.050503 0.138736
-1.754436 -54.127796 296.432179 3070.497925 -0.032928 0.854450 0.518489 0.164743 0.516314 -0.840404 0.985787 -0.057745 0.157766
-31.094935 -74.334365 8405.285907 22083.872103 -0.359810 -0.649699 0.669648 0.191580 0.650978 0.734524 -0.913145 0.392579 -0.109759
-83.527838 -187.249549 -12050.325018 44489.641390 0.439604 0.717258 -0.540638 0.070117 0.572677 0.816777 -0.895451 0.396967 -0.201459
16.239604 -191.193471 8793.655996 51407.038756 -0.316610 -0.647055 0.693598 0.157510 0.685200 0.711120 -0.935387 0.334396 -0.115023
-7.081721 -155.935922 -1282.139971 -36440.438900 0.784459 0.565274 0.255128 0.592536 -0.561683 -0.577419 0.183099 -0.604134 0.775562
1.223662 -153.378154 -3999.971467 -11920.015655 0.758021 0.563373 0.328655 0.562407 -0.309397 -0.766793 0.330306 -0.766084 0.551374
-8.019260 -177.443505 -5434.054214 -9409.166359 0.787101 0.531300 0.313357 0.507136 -0.268223 -0.819066 0.351120 -0.803602 0.480560
-19.256777 -245.561112 -5057.413246 -62974.715977 0.749480 0.576506 0.325454 0.647349 -0.535248 -0.542631 0.138632 -0.617373 0.774359
-17.415836 -128.242889 1258.694337 -40240.628331 0.824540 0.543009 0.158980 0.560112 -0.743610 -0.365127 0.080048 -0.390109 0.917283
-52.320391 -78.261961 -1194.646032 4367.732060 0.115120 -0.944466 0.307785 0.980860 0.157062 0.115089 -0.157039 0.288645 0.944470
-44.790325 -72.188011 -512.452634 4270.402897 -0.197328 -0.913938 0.354654 0.974716 -0.144221 0.170672 -0.104835 0.379365 0.919289
-40.211796 -63.946428 45.825196 4582.135968 -0.457715 -0.799529 0.388910 0.888845 -0.421942 0.178662 0.021252 0.427457 0.903786
-32.866812 -53.943167 -553.244344 4596.424960 -0.510496 -0.785180 0.350552 0.849908 -0.522649 0.067041 0.130576 0.332162 0.934140
-50.220083 -80.555791 -3444.148284 4912.153791 -0.135178 0.990421 -0.028176 -0.561278 -0.099979 -0.821567 0.816514 0.095243 -0.569416
-52.247885 -74.555560 -3214.420016 6368.471809 -0.254650 0.966415 -0.034563 -0.668570 -0.201766 -0.715755 0.698690 0.159159 -0.697496
-57.194731 -77.223432 -582.675625 4978.150588 -0.477595 0.874941 -0.079886 -0.524130 -0.356710 -0.773334 0.705118 0.327470 -0.628945
-8.373188 -92.017987 -22008.014617 14651.824669 0.629821 0.776567 0.016393 0.474303 -0.367791 -0.799854 0.615111 -0.511540 0.599971
-23.075905 -189.370047 -20002.119919 81216.418036 0.638794 0.758877 -0.126684 0.077476 -0.227269 -0.970745 0.765467 -0.610291 0.203973
16.905174 -48.602352 -3700.990661 -1402.178227 0.196990 0.976108 0.091695 0.221750 0.046744 -0.973982 0.954998 -0.212199 0.207244
11.873306 -50.851306 -4644.735530 -38.031680 0.239201 0.967611 0.080697 0.103687 0.057180 -0.992965 0.965418 -0.245885 0.086651
6.339308 -40.592945 1576.227736 -997.729756 0.346177 0.904396 -0.249458 -0.293062 -0.148348 -0.944515 0.891222 -0.400075 -0.213689
5.847079 -43.035450 937.790783 667.545561 0.347908 0.872403 -0.343327 -0.304081 -0.241405 -0.921552 0.886846 -0.425014 -0.181294
0.605695 -47.905433 1403.656410 1970.236931 0.350720 0.887749 -0.298157 -0.197991 -0.240893 -0.950142 0.915312 -0.392266 -0.091280
-1.987928 -59.056729 2236.852728 4200.212589 0.234418 0.956371 -0.174363 -0.953253 0.261317 0.151733 -0.190677 -0.130643 -0.972921
2.595296 -60.767402 1926.050420 -568.593627 0.249099 0.947289 -0.201479 0.968426 -0.241488 0.061921 0.010003 -0.210543 -0.977534
-3.345576 -62.558160 1759.855663 -1706.856860 0.231497 0.955023 -0.185312 0.972806 -0.228733 0.036461 -0.007566 -0.188713 -0.982003
-0.733500 -63.289115 2048.011377 2181.710862 0.233667 0.954083 -0.187417 0.950987 -0.184103 0.248454 0.202542 -0.236286 -0.950340
5.553016 -63.356902 3835.485009 254.013447 0.259148 0.949507 -0.176856 0.947938 -0.214955 0.234965 0.185085 -0.228539 -0.955779
15.409157 -61.205505 4401.568835 1093.783069 0.275759 0.943722 -0.182609 0.949593 -0.237994 0.204038 0.149095 -0.229669 -0.961781
15.779257 -57.450480 4786.445344 4091.979160 0.218237 0.956806 -0.192082 0.973536 -0.199772 0.110991 0.067825 -0.211221 -0.975082
38.651950 -65.721640 -4414.812037 1167.788936 -0.092213 0.995555 -0.019133 -0.859326 -0.089273 -0.503576 0.503046 0.029995 -0.863739
36.573077 -73.507263 -5135.578049 -8781.272968 -0.083183 0.995716 -0.040371 -0.883897 -0.092430 -0.458456 0.460224 0.002452 -0.887800
11.524923 -104.058090 233.311134 5219.200965 -0.059008 0.963237 0.262094 -0.311510 -0.267208 0.911900 -0.948409 0.027835 -0.315825
12.173591 -104.702141 -939.404937 5440.742704 -0.093539 0.976377 0.194776 -0.400293 -0.216006 0.890565 -0.911601 -0.005335 -0.411042
15.344503 -111.935933 -156.999282 1532.044394 -0.079099 0.968853 0.234663 -0.552133 -0.238575 0.798894 -0.829996 0.066374 -0.553806
-2.678223 -80.616292 364.978836 8470.906068 0.006689 0.966876 0.255160 0.223108 -0.250176 0.942144 -0.974771 -0.050626 0.217391
-10.588897 -39.447798 -3349.777350 -604.231902 -0.421231 -0.054572 -0.905310 -0.424996 0.893688 0.143874 0.801214 0.445358 -0.399642
-3.984418 -43.582560 -3921.685126 -1469.437210 -0.464929 0.061053 -0.883240 -0.428088 0.857744 0.284632 0.774972 0.510438 -0.372655
-0.504545 -42.279659 -4050.074714 -890.532308 -0.430457 -0.006186 -0.902590 -0.379760 0.908404 0.174887 0.818834 0.418049 -0.393377
-14.029304 -41.878046 -2894.606134 -1793.163955 -0.510995 0.088232 -0.855043 -0.437524 0.829525 0.347074 0.739903 0.551455 -0.385280
-3.739132 -38.899316 -3956.820970 -621.425639 -0.380213 -0.128150 -0.915978 -0.365358 0.930620 0.021457 0.849678 0.342818 -0.400654
-13.898367 -36.791075 -3413.029767 239.220100 -0.366278 -0.195517 -0.909733 -0.448677 0.893621 -0.011407 0.815187 0.403998 -0.415038
-20.746946 -34.855811 -2658.349440 -510.765171 -0.468552 -0.073774 -0.880350 -0.456111 0.873622 0.169547 0.756586 0.480979 -0.442987
-45.390236 -51.751648 7539.228566 -3045.735081 0.228855 0.932974 -0.277820 0.808191 -0.023012 0.588470 -0.542634 0.359206 0.759288
-47.319559 -56.855997 -6597.146666 5914.820232 0.575715 -0.432127 0.694131 0.507535 0.854454 0.110984 -0.641062 0.288400 0.711242
-58.791443 -67.404090 -443.893592 8202.490941 0.838807 0.243229 0.487075 -0.096034 0.946728 -0.307381 -0.535891 0.211058 0.817481
2.916222 -33.882495 6299.138769 698.963337 0.055664 0.866277 0.496453 -0.021739 0.498158 -0.866814 0.998213 -0.037457 -0.046562
-8.856836 -34.467827 2606.752950 -1626.474790 0.074666 0.957580 0.278327 -0.092545 0.284555 -0.954182 0.992905 -0.045488 -0.109866
-13.156749 -37.157190 1308.811504 -2895.439071 0.050058 0.988416 0.143275 -0.191367 0.150289 -0.969944 0.980241 -0.021135 -0.196673
-1.213017 -31.337102 5659.431968 -373.957084 0.061658 0.854239 0.516211 -0.092985 0.519862 -0.849175 0.993757 -0.004358 -0.111484
-9.636051 -172.845976 -882.692973 24085.716553 0.710734 -0.094772 0.697048 0.480547 0.789059 -0.382701 0.513743 -0.606963 -0.606353
-11.306665 -173.044041 -419.688722 16164.698504 -0.690426 0.090477 -0.717723 0.451778 0.828807 -0.330115 0.564986 -0.552171 -0.613106
-10.518411 -234.704739 636.438152 39252.232406 0.683678 -0.045190 0.728383 0.524930 0.723822 -0.447805 0.506984 -0.688505 -0.518583
-4.710932 -136.125038 -467.637134 407.452751 0.742004 -0.236948 0.627125 -0.610284 -0.625903 0.485592 -0.277459 0.743035 0.609028
-6.505240 -130.690036 -22.212991 -10.381405 0.745972 -0.244677 0.619402 -0.524548 -0.788915 0.320097 -0.410336 0.563690 0.716853
-13.085721 -114.971813 649.145165 -2550.800304 0.767039 -0.313216 0.559953 -0.589383 0.000894 0.807853 0.253533 0.949681 0.183919
-13.629393 -114.774103 605.300997 -964.800171 0.775364 -0.281268 0.565419 -0.587467 0.007273 0.809216 0.231719 0.959602 0.159596
-16.821427 -114.680334 2349.300867 410.964590 0.791201 -0.263878 0.551698 -0.606325 -0.220717 0.763973 0.079826 0.938964 0.334627
-14.802651 -116.787302 703.117547 812.287044 0.791039 -0.280657 0.543589 -0.606047 -0.238295 0.758896 0.083455 0.929757 0.358592
-17.474819 -111.056847 820.807437 -1584.444812 0.778069 -0.229544 0.584738 -0.611675 -0.064876 0.788444 0.143047 0.971134 0.190884
0.252004 -351.362207 291.893137 54979.444797 -0.628392 0.029491 -0.777338 0.193270 0.973867 -0.119290 0.753505 -0.225197 -0.617670
-4.238164 -322.663018 -150.805437 49855.110407 -0.630918 0.047565 -0.774390 0.221564 0.967599 -0.121082 0.743540 -0.247970 -0.621015
-6.223254 -371.881527 -1229.366664 70881.198952 -0.660951 -0.005495 -0.750409 0.432654 0.814255 -0.387039 0.613151 -0.580481 -0.535806
-12.936351 -37.947417 -1101.116905 -132.054748 -0.345768 0.813810 0.467073 0.093735 0.525244 -0.845773 0.933626 0.248660 0.257895
-11.703497 -36.834177 -1064.017149 -108.888948 -0.321757 0.822649 0.468744 0.109233 0.524017 -0.844674 0.940500 0.220577 0.258467
-12.956271 -38.341491 -1281.969978 -352.459386 -0.336993 0.778268 0.529843 -0.012829 0.558912 -0.829127 0.941420 0.286208 0.178365
-16.038920 -39.217265 -1258.151349 -167.045203 -0.374401 0.801748 0.465858 0.074353 0.526739 -0.846769 0.924281 0.282393 0.256824
-0.027668 -95.781183 -174.984849 -11606.344225 0.029567 0.952040 0.304541 0.676914 -0.243248 0.694708 -0.735468 -0.185608 0.651641
-0.927109 -119.369327 -68.181586 -10497.313944 0.046804 0.948497 0.313308 0.860826 -0.197414 0.469048 -0.506742 -0.247750 0.825731
-0.723882 -105.613809 -469.584639 -11207.442390 0.020677 0.951994 0.305416 0.784362 -0.204873 0.585494 -0.619959 -0.227450 0.750944
0.214222 -81.432846 -412.745659 -9753.295067 0.007028 0.956177 0.292705 0.593545 -0.239561 0.768320 -0.804770 -0.168334 0.569218
-2.537467 -12.019689 -170.663082 926.030174 -0.560348 0.279419 -0.779702 -0.315000 0.798744 0.512624 0.766019 0.532854 -0.359558
-242.640301 -326.311740 -19623.048843 -4550.950615 0.028828 0.634843 -0.772103 0.902435 0.315643 0.293224 0.429860 -0.705226 -0.563805
-49.928276 -69.134375 -330.585103 -1390.666257 -0.525588 -0.404031 0.748676 0.566331 0.490537 0.662301 -0.634844 0.772096 -0.029005
-48.517721 -66.836344 -72.972213 -2520.978193 -0.446762 -0.451428 0.772410 0.428396 0.650003 0.627673 -0.785417 0.611318 -0.097006
1.967645 -10.564886 808.975232 3249.148673 0.308798 0.890693 -0.333631 0.641708 0.063807 0.764290 -0.702036 0.450105 0.551862
6.532480 -8.804652 2069.260755 -49.408419 0.508216 0.859792 -0.049741 0.507722 -0.252457 0.823701 -0.695654 0.443873 0.564838
9.955081 -7.712553 664.736394 -1066.288732 0.535247 0.838141 0.105026 0.413283 -0.368285 0.832804 -0.736687 0.402350 0.543513
-5.425001 -44.890022 1479.741376 1576.744789 0.382992 0.418533 0.823497 0.754954 -0.655532 -0.017947 0.532317 0.628576 -0.567037
-7.909596 -43.059264 -719.692768 -2742.407879 -0.390604 -0.455523 -0.799955 -0.720007 0.692643 -0.042849 0.573602 0.559236 -0.598528
-12.442637 -43.591173 936.320377 2114.884544 0.352761 0.518401 0.778986 0.775518 -0.627802 0.066600 0.523575 0.580624 -0.623494
-11.647817 -36.479500 -1352.343873 4435.521684 -0.181526 0.912540 0.366496 -0.604074 -0.397558 0.690682 -0.775979 0.096014 -0.623409
-12.356282 -39.049098 -1468.747611 1838.297590 -0.135971 0.943918 0.300884 -0.710310 -0.304596 0.634572 -0.690632 0.127437 -0.711890
-5.397535 -69.319892 534.808351 -565.377643 -0.289378 0.832793 0.471927 0.440739 -0.321729 0.837998 -0.849711 -0.450495 0.273943
-4.612483 -69.515038 -204.114730 635.989764 -0.301126 0.837080 0.456751 0.358773 -0.344336 0.867591 -0.883519 -0.425124 0.196633
-5.484526 -69.779436 323.216518 64.443415 -0.304949 0.833993 0.459849 0.276642 -0.384458 0.880716 -0.911304 -0.395787 0.113477
-4.748269 -68.783455 938.580903 -238.609036 -0.259483 0.831937 0.490458 0.547936 -0.291375 0.784135 -0.795258 -0.472210 0.380241
-5.340250 -70.681500 475.130169 -494.902914 -0.311794 0.824993 0.471351 0.269884 -0.398750 0.876448 -0.911014 -0.400482 0.098324
-3.982120 -70.922722 28.499398 -1191.105305 -0.312345 0.821786 0.476559 0.392420 -0.345240 0.852535 -0.865128 -0.453296 0.214651
-4.174950 -69.406195 398.916560 1346.354770 -0.301619 0.821427 0.484030 0.557523 -0.259874 0.788437 -0.773430 -0.507665 0.379581
-4.698527 -68.597798 333.675784 -121.742632 -0.289885 0.820599 0.492528 0.598194 -0.246363 0.762541 -0.747081 -0.515677 0.419460
-3.947921 -113.291258 -173.114863 -6949.597723 -0.285263 0.809874 0.512571 -0.450295 -0.585341 0.674248 -0.846085 0.038470 -0.531658
-4.181942 -53.464385 2017.748323 -4111.085645 0.353290 -0.675315 -0.647407 0.903180 0.065844 0.424183 -0.243829 -0.734584 0.633193
-4.984154 -53.280867 1654.375846 5186.991846 0.489151 -0.660636 -0.569466 0.817147 0.118828 0.564048 -0.304962 -0.741242 0.597962
0.240906 -53.238381 1822.443186 -1558.834779 0.349972 -0.681481 -0.642732 0.899522 0.052949 0.433655 -0.261495 -0.729918 0.631537
2.348709 -53.642537 1003.130493 -1280.687407 -0.139886 0.935726 0.323805 -0.689021 0.142868 -0.710520 0.711113 0.322500 -0.624749
45.481249 -40.381642 -9722.248791 -2180.273009 0.499134 0.825619 0.263095 -0.248658 0.427321 -0.869233 0.830081 -0.368443 -0.418588
54.112246 -38.984135 1389.499938 -985.890766 0.301473 0.901596 0.310223 -0.222696 0.382943 -0.896527 0.927103 -0.201193 -0.316229
59.257078 -40.476573 12504.891282 -872.150669 0.092351 0.937016 0.336857 -0.190929 0.348689 -0.917585 0.977250 -0.020425 -0.211105
51.492973 -38.893736 8589.211349 1550.672256 0.142695 0.931424 0.334795 -0.314769 0.363400 -0.876847 0.938381 -0.019739 -0.345039
-5.262968 -180.612230 2926.490861 40163.527825 0.850418 0.072181 0.521132 -0.262259 -0.800536 0.538852 -0.456080 0.594922 0.661860
-7.820009 -302.101146 2355.329763 79470.421332 0.842134 0.085496 0.532447 -0.402455 -0.557551 0.726062 -0.358942 0.825728 0.435125
-7.996737 -238.296200 -1523.023536 49143.555609 0.827281 0.149069 0.541650 -0.288802 -0.714149 0.637640 -0.481871 0.683937 0.547751
-11.574339 -310.882538 -293.453034 35788.117818 0.817279 0.119336 0.563750 -0.539733 -0.184162 0.821445 -0.201849 0.975625 0.086102
-9.533576 -357.495990 -424.956597 70173.592292 0.819248 0.151907 0.552953 -0.413031 -0.512596 0.752762 -0.397791 0.845085 0.357201
-5.693095 -270.480912 2009.533343 -61119.970857 0.770056 0.147225 0.620756 -0.483452 0.769549 0.417215 0.416278 0.621385 -0.663772
-14.737238 -484.926478 3505.135310 -136378.370357 0.835044 0.141082 0.531787 -0.526040 0.487919 0.696575 0.161195 0.861412 -0.481648
-6.451165 -341.093601 676.349358 -82687.317939 0.827116 0.136672 0.545161 -0.455400 0.731433 0.507560 0.329379 0.668077 -0.667220
20.306580 -62.266211 3170.314140 6162.442691 0.644314 -0.265991 0.717014 0.307514 0.948540 0.075546 -0.700211 0.171816 0.692953
34.635157 -62.133146 4167.474177 6391.603760 0.547815 -0.424154 0.721105 0.338771 0.900584 0.272364 -0.764940 0.095084 0.637045
64.955673 -2662.838456 15326.274193 914924.611985 0.669415 0.494941 0.554000 -0.307438 0.863452 -0.399916 -0.676288 0.097390 0.730171
9.219240 -1444.985491 16631.214103 -457150.186165 0.593174 0.406578 0.694866 -0.445011 -0.553678 0.703851 -0.670902 0.726729 0.147496
-12.041428 -3329.501243 14946.388188 -1368473.748597 0.587902 0.478468 0.652257 -0.420365 -0.508199 0.751683 -0.691132 0.716102 0.097640
-2642.196609 -27187.046106 -906111.921576 -6286840.709876 0.592469 0.564059 0.575168 -0.122999 0.768935 -0.627384 -0.796148 0.300961 0.524949
22.380515 -1317.024888 -16435.830148 475764.538236 -0.693909 -0.376863 -0.613567 0.702978 -0.539076 -0.463918 -0.155926 -0.753241 0.638996
161.292084 -1081.575892 -53046.417597 405819.476239 -0.665887 -0.309211 -0.678957 0.706404 -0.554049 -0.440480 -0.239975 -0.772928 0.587362
20.360650 -49.163037 5826.194171 -609.489222 -0.101956 0.989655 0.100937 -0.919779 -0.132435 0.369415 -0.378961 0.055176 -0.923766
18.290712 -50.229262 -1547.003240 -966.270590 -0.095940 0.993126 0.067055 -0.944891 -0.112050 0.307612 -0.313011 0.033847 -0.949146
17.838900 -50.723876 -1315.473583 -301.724257 -0.102481 0.992076 0.072690 -0.888826 -0.124136 0.441110 -0.446638 0.019404 -0.894504
11.098215 -50.849533 109.070667 582.226211 -0.097060 0.992428 0.075278 -0.825820 -0.122519 0.550464 -0.555519 0.008738 -0.831458
