11337
22663
-44.732567 -58.673339 -1096.586813 6016.319128 0.027350 0.989118 -0.144563 0.969002 -0.061755 -0.239211 0.245535 0.133539 0.960146
-52.104344 -71.160928 -229.497026 5554.500097 0.088149 -0.987183 0.133040 0.993556 0.077581 -0.082635 0.071254 0.139467 0.987660
-45.221136 -77.206639 -2327.315539 8020.863592 -0.346376 0.937402 -0.036060 0.932057 0.339538 -0.126424 0.106267 0.077400 0.991321
-46.020680 -68.044588 320.217439 5384.880958 -0.251462 -0.935411 0.248543 0.960651 -0.272516 -0.053701 0.117964 0.225260 0.967131
-32.849580 -63.714202 -4230.300888 9198.316952 -0.221130 0.974967 0.023257 0.931567 0.218223 -0.290794 0.288590 0.042638 0.956503
-34.062230 -44.093538 -1562.121386 3864.569223 0.272166 0.944706 -0.182912 0.890872 -0.319228 -0.323171 0.363693 0.074995 0.928495
-42.271868 -57.787117 527.400482 4900.014074 0.501971 0.790275 -0.351413 0.825897 -0.558609 -0.076485 0.256747 0.251837 0.933091
-37.095258 -47.519014 943.896797 -2282.541607 0.653436 0.652692 -0.383426 -0.673878 0.732296 0.098135 0.344833 0.194257 0.918343
-23.239978 -86.704081 2104.860052 4904.899886 0.172205 0.980030 0.099430 0.956650 -0.142316 -0.254102 0.234877 -0.138877 0.962053
-12.633681 -86.772219 6633.715708 5999.649355 0.044005 0.999030 0.001662 0.967016 -0.042177 -0.251199 0.250885 -0.012661 0.967934
-14.265251 -85.882497 9936.694695 -4303.024797 0.126334 0.991979 -0.004136 0.990742 -0.126383 -0.049567 0.049692 -0.002165 0.998762
-19.559786 -77.942625 1358.487707 10557.197707 0.161109 0.983746 0.079290 0.873706 -0.104800 -0.475031 0.459000 -0.145808 0.876390
54.032864 -66.363178 -1702.483891 8499.463978 0.811040 -0.339135 0.476656 -0.583661 -0.414210 0.698406 0.039418 0.844641 0.533880
52.526795 -87.327874 405.362834 11163.786796 0.816373 -0.459201 0.350243 -0.524586 -0.335965 0.782264 0.241547 0.822351 0.515164
60.902657 -65.659971 1240.943186 8133.406137 0.799361 -0.492857 0.343676 -0.575552 -0.463854 0.673483 0.172515 0.736160 0.654452
45.838054 -93.140242 724.847448 11219.213445 0.800255 -0.358943 0.480367 -0.576665 -0.240934 0.780646 0.164470 0.901727 0.399798
47.880293 -63.582052 -6796.249428 7692.752761 0.789365 -0.193247 0.582717 -0.603406 -0.419163 0.678383 -0.113158 0.887106 0.447479
47.591215 -83.281486 -5330.038549 9370.415526 0.781202 -0.219654 0.584358 -0.624274 -0.277967 0.730079 -0.002067 0.935140 0.354273
2.630480 -94.611780 -2205.205671 9611.632268 0.839191 -0.117220 0.531054 0.358492 0.853536 -0.378100 0.408953 -0.507677 -0.758302
1.488551 -79.477315 1237.438123 3523.377638 -0.817860 0.149572 -0.555638 0.313716 0.925396 -0.212662 0.482376 -0.348240 -0.803767
-1.242266 -87.518396 742.664951 4059.968479 -0.807749 0.174476 -0.563115 0.339888 0.918291 -0.203020 0.481682 -0.355386 -0.801052
-0.373836 -102.548201 -1092.938811 10204.043386 0.826258 -0.130056 0.548073 0.380308 0.846547 -0.372457 0.415529 -0.516182 -0.748927
6.993410 -126.863165 -2835.621643 15672.893691 0.858372 -0.088606 0.505318 0.409041 0.712704 -0.569859 0.309649 -0.695847 -0.648009
13.031592 -116.765839 -4869.494153 15242.789095 0.870412 -0.063215 0.488249 0.358977 0.760183 -0.541532 0.336926 -0.646626 -0.684365
27.314552 -44.108301 8700.911416 1010.756699 -0.529308 0.848429 -0.001569 -0.084762 -0.054720 -0.994898 0.844185 0.526474 -0.100878
12.924794 -44.044008 8884.250172 679.540523 -0.564276 0.825152 -0.026770 0.002726 -0.030563 -0.999529 0.825582 0.564083 -0.014996
9.311523 -41.001539 8336.737215 911.467446 -0.566080 0.824085 0.020901 -0.122944 -0.059327 -0.990639 0.815131 0.563350 -0.134901
-5.918346 -50.915129 463.508475 -1002.776123 -0.237573 0.970457 -0.042106 -0.214976 -0.010256 0.976565 -0.947283 -0.241057 -0.211062
-6.656829 -52.628199 231.696949 -459.713697 -0.218652 0.973380 -0.068728 -0.137997 0.038880 0.989669 -0.965996 -0.225877 -0.125822
-5.177359 -49.523232 580.547788 -1916.996218 -0.218651 0.974734 -0.045664 -0.306292 -0.024125 0.951632 -0.926486 -0.222062 -0.303829
17.650025 -102.935221 -2126.975631 7591.870607 -0.236761 0.971539 0.007521 -0.744327 -0.176404 -0.644096 0.624437 0.158095 -0.764908
21.003145 -84.395362 -227.354456 8923.112159 -0.290431 0.956154 0.037683 -0.867107 -0.246320 -0.432956 0.404690 0.158419 -0.900627
19.265251 -91.130907 -2746.996716 11394.480313 -0.248698 0.967871 -0.037087 -0.818993 -0.230577 -0.525438 0.517108 0.100301 -0.850023
-3.122986 -128.811189 -1419.851668 -2695.203852 0.126638 0.988017 -0.088239 -0.296180 -0.047236 -0.953963 0.946700 -0.146943 -0.286649
-2.346038 -122.883195 -1760.996096 -5515.541921 0.141138 0.988551 -0.053363 0.004590 -0.054556 -0.998500 0.989979 -0.140682 0.012238
-1.434190 -139.226516 -1581.051585 -4230.262763 0.144938 0.986600 -0.074922 -0.149178 -0.053066 -0.987385 0.978130 -0.154287 -0.139487
-8.371759 -39.286842 -86.311092 -496.761005 -0.117340 0.990267 -0.074853 0.862949 0.064371 -0.501175 0.491478 0.123402 0.862103
-7.633496 -39.947167 564.404480 146.338607 -0.161748 0.983723 -0.078279 0.845014 0.097096 -0.525855 0.509695 0.151203 0.846965
-7.516980 -39.452183 -447.673464 -109.115402 -0.118636 0.989939 -0.077118 0.903088 0.075291 -0.422804 0.412744 0.119804 0.902934
-6.734757 -41.443259 783.180452 1103.233595 -0.139482 0.983999 -0.110863 0.876313 0.070526 -0.476551 0.461107 0.163621 0.872129
-7.554800 -38.331798 -609.666150 -480.587503 -0.076639 0.994319 -0.073864 0.923002 0.042735 -0.382414 0.377085 0.097485 0.921034
-7.419507 -43.438046 -28.021291 787.424551 -0.066310 0.990540 -0.120137 0.938125 0.020877 -0.345668 0.339890 0.135625 0.930635
-7.504007 -41.048029 -708.720148 617.816979 -0.046985 0.993902 -0.099751 0.947557 0.012745 -0.319334 0.316115 0.109523 0.942378
12.280521 -18.760777 1046.023714 -1966.856576 0.115647 -0.993154 0.016446 0.993286 0.115679 0.001004 -0.002899 0.016220 0.999864
13.733963 -16.293375 -1048.430684 -433.086300 -0.141010 0.989529 -0.030786 0.989485 0.141878 0.028093 -0.032167 0.026501 0.999131
14.475250 -19.218411 482.233406 -2687.368460 0.128040 -0.989661 0.064621 0.991697 0.128543 0.003662 -0.011931 0.063616 0.997903
15.284432 -24.842417 950.367978 -3294.775362 0.112469 -0.990941 0.073395 0.992901 0.109200 -0.047145 0.038703 0.078177 0.996188
13.835611 -26.143250 -1019.556969 -3420.274658 -0.095841 0.994663 -0.038217 0.994058 0.093651 -0.055485 0.051610 0.043308 0.997728
-4.613574 -364.974900 -545.614752 63969.261818 0.875050 0.057195 0.480642 0.330847 0.654141 -0.680176 0.353310 -0.754207 -0.553484
-6.559395 -440.875526 2847.777896 73226.610680 0.867634 0.105417 0.485900 0.257645 0.740499 -0.620710 0.425242 -0.663738 -0.615322
-5.076727 -376.365816 2637.088006 6001.336781 0.872859 0.099591 0.477702 0.417869 0.352999 -0.837125 0.251998 -0.930308 -0.266502
-7.200674 -280.162826 -804.273596 33882.777206 -0.866744 -0.048299 -0.496409 0.189746 0.888526 -0.417753 0.461250 -0.456276 -0.760960
18.112501 -50.262274 -3285.272503 1095.724974 -0.684869 -0.081284 -0.724118 -0.199510 0.976701 0.079059 0.700821 0.198615 -0.685130
16.108297 -50.378709 -3757.921547 -69.890905 -0.694075 -0.001850 -0.719900 -0.227108 0.949495 0.216521 0.683141 0.313777 -0.659441
19.697911 -56.033890 -558.584114 817.242069 -0.741011 -0.043561 -0.670078 -0.204772 0.965021 0.163714 0.639508 0.258527 -0.724012
21.947832 -54.202788 -1061.047246 385.286573 -0.719760 -0.130074 -0.681929 -0.151392 0.988058 -0.028676 0.677515 0.082598 -0.730856
-9.173706 -561.544095 -1617.586917 176172.070598 0.906472 -0.408441 0.107165 -0.077398 0.088777 0.993040 0.415112 0.908457 -0.048861
633.708700 -6096.151031 118378.222978 2410172.075553 0.854432 -0.272293 0.442496 -0.290600 0.455539 0.841449 0.430695 0.847550 -0.310099
-4.279053 -346.603457 -1190.381190 61911.313540 0.905139 -0.379846 0.190893 -0.104724 0.235970 0.966101 0.412015 0.894447 -0.173807
-18.561203 -305.764533 -1727.100217 40184.235717 0.901651 -0.378043 0.210021 -0.234860 -0.020262 0.971818 0.363134 0.925566 0.107057
-15.156340 -159.030350 -1918.146030 -5177.139004 0.866818 -0.376898 0.326458 -0.369037 -0.044633 0.928343 0.335320 0.925179 0.177778
-6.510786 -39.525264 5226.138801 5155.782521 0.509506 0.743137 -0.433765 0.579658 -0.668985 -0.465248 0.635925 0.014389 0.771617
-17.966833 -44.133092 3492.457273 -5092.965035 0.617281 0.641952 -0.454820 -0.512886 0.766728 0.386104 0.596584 -0.005063 0.802535
-16.707059 -33.156219 3521.699053 -4706.911610 0.625302 0.601830 -0.496787 -0.429911 0.796945 0.424329 0.651286 -0.051760 0.757065
-7.015511 -26.339835 5267.486075 3697.985108 0.509961 0.744741 -0.430467 0.523505 -0.665782 -0.531673 0.682556 -0.045781 0.729398
14.307552 -32.560177 4822.278430 680.737603 -0.768128 0.076748 -0.635680 0.055397 0.997034 0.053435 0.637895 0.005830 -0.770101
14.007323 -30.030540 -128.490045 228.633242 -0.678770 -0.019744 -0.734086 -0.050021 0.998560 0.019395 0.732646 0.049885 -0.678780
11.827112 -28.344086 1831.280268 695.986574 -0.732514 0.049257 -0.678968 -0.040528 0.992454 0.115723 0.679544 0.112286 -0.724991
11.395347 -115.937342 479.075916 7879.138894 -0.095999 0.995216 -0.018145 -0.553432 -0.038215 0.832017 -0.827343 -0.089914 -0.554453
18.312368 -124.857837 -1127.226917 27488.827942 -0.123027 0.983845 0.130054 -0.568024 -0.177270 0.803694 -0.813765 -0.025003 -0.580656
3.791575 -80.688206 1849.668608 -7817.275074 -0.045324 0.998920 0.010217 -0.541931 -0.033178 0.839768 -0.839200 -0.032525 -0.542850
-23.041833 -48.210279 -8579.838998 -3506.103349 -0.603537 0.762738 0.232324 -0.307984 -0.491771 0.814437 -0.735452 -0.419991 -0.531713
12.470138 -48.369151 -21299.821148 1635.515796 -0.739465 0.563927 0.367665 0.114893 0.643856 -0.756472 -0.663318 -0.517142 -0.540900
-21.736341 -48.469224 -14892.442494 -976.029646 -0.695319 0.650517 0.305548 -0.153294 -0.549592 0.821249 -0.702162 -0.524191 -0.481862
3.914684 -51.736859 -26099.509506 486.513488 -0.753369 0.516332 0.407230 -0.013720 0.606792 -0.794742 -0.657455 -0.604322 -0.450054
-38.806115 -54.527646 -3719.995291 -5781.977968 -0.569100 0.819031 -0.072894 -0.317610 -0.137186 0.938245 -0.758452 -0.557107 -0.338205
7.355825 -11.528827 -1701.329225 356.832183 -0.582750 -0.775153 0.244008 0.620315 -0.230326 0.749772 -0.524987 0.588292 0.615062
3.745731 -13.735353 -1711.389899 1209.805574 -0.531767 -0.782199 0.324638 0.682240 -0.168542 0.711437 -0.501770 0.599799 0.623272
7.356649 -9.481864 -1306.441214 1050.324406 -0.610292 -0.767286 0.197018 0.610465 -0.297026 0.734240 -0.504852 0.568373 0.649674
9.810227 -9.525058 113.895875 3.247812 0.625896 0.771843 -0.111856 0.544029 -0.329317 0.771740 -0.558826 0.543883 0.626023
7.641124 -10.252664 1005.070616 -295.028145 0.638273 0.760760 -0.117693 0.525384 -0.318747 0.788906 -0.562653 0.565372 0.603139
6.673123 -48.771191 3091.913542 572.870467 0.081577 0.898978 0.430329 -0.666723 -0.271713 0.694011 -0.740827 0.343526 -0.577204
9.171132 -47.516432 2686.761192 934.922008 0.104966 0.916264 0.386577 -0.587193 -0.256624 0.767690 -0.802612 0.307577 -0.511087
14.495620 -50.185498 2989.091654 650.254791 0.092743 0.918386 0.384663 -0.695066 -0.216905 0.685445 -0.712939 0.330937 -0.618222
29.273685 -50.578251 11464.944898 -2523.288814 0.130556 0.991434 0.003827 0.486330 -0.060677 -0.871666 0.863967 -0.115663 0.490085
11.927922 -55.570594 4622.899069 -612.444662 0.197261 0.976232 -0.089778 0.289090 -0.145430 -0.946191 0.936758 -0.160692 0.310906
41.258784 -48.557942 12074.894821 -1328.980208 0.177424 0.983332 -0.039747 0.367620 -0.103686 -0.924178 0.912895 -0.149360 0.379888
43.610878 -52.278767 11206.373147 1251.302662 0.199283 0.977657 -0.066879 0.193152 -0.106097 -0.975416 0.960718 -0.181466 0.209980
223.040098 -41.925084 70480.838006 194.926311 0.068560 0.984549 0.161133 0.519162 0.102711 -0.848482 0.851922 -0.141826 0.504098
251.743288 -27.935131 77475.317741 11385.134914 0.073000 0.934501 0.348394 0.407912 0.290796 -0.865474 0.910098 -0.205294 0.359966
7.964609 -96.341645 -133.489931 -3315.774095 -0.117781 0.991765 0.050300 -0.932327 -0.127878 0.338251 -0.341897 0.007057 -0.939711
8.563933 -94.701563 -1206.393785 1114.418890 -0.138197 0.989084 0.051123 -0.896746 -0.146873 0.417464 -0.420415 -0.011848 -0.907254
6.857746 -89.095522 -449.518699 5282.991806 -0.127338 0.990691 0.048136 -0.822437 -0.132590 0.553189 -0.554421 -0.030853 -0.831664
7.843126 -91.751794 410.802867 -1445.797095 -0.104074 0.993586 0.044223 -0.923892 -0.113045 0.365574 -0.368228 0.002810 -0.929731
-15.481995 -82.104626 440.123026 1997.645174 0.033730 0.998886 0.032990 0.169456 0.026815 -0.985173 0.984960 -0.038820 0.168363
-16.432330 -78.529714 159.225947 746.743367 0.054627 0.998311 0.019758 -0.010866 0.020381 -0.999733 0.998448 -0.054398 -0.011961
-15.973141 -80.216223 687.716059 1003.604480 0.001842 0.999333 0.036473 -0.004852 0.036481 -0.999323 0.999987 -0.001664 -0.004916
-16.820363 -78.567295 257.101878 -684.179419 0.031676 0.999240 0.022729 -0.164251 0.027635 -0.986031 0.985910 -0.027500 -0.165002
-16.268242 -79.095358 785.382947 -52.498870 -0.023045 0.998509 0.049487 -0.169354 0.044886 -0.984533 0.985286 0.031070 -0.168067
5.543660 -66.148146 51.901774 5023.898802 0.088684 0.993233 -0.074984 -0.309069 -0.044125 -0.950015 0.946896 -0.107426 -0.303064
6.767242 -55.732724 -41.647644 6120.199900 0.085305 0.994508 -0.060631 -0.396737 -0.021915 -0.917671 0.913960 -0.102337 -0.392688
6.326779 -59.960689 -269.387313 1988.412600 0.095159 0.992998 -0.069999 -0.437405 -0.021457 -0.899009 0.894216 -0.116167 -0.432300
-12.282784 -50.167954 -359.120285 -1311.044621 0.112757 0.984733 0.132612 0.959216 -0.142696 0.244015 -0.259213 -0.099690 0.960662
-13.045572 -50.067639 -650.866873 -1571.143234 0.106003 0.988221 0.110375 0.948595 -0.133788 0.286823 -0.298211 -0.074297 0.951604
-11.588781 -47.069999 -651.264639 -1212.325574 0.114150 0.983379 0.141196 0.910492 -0.160415 0.381144 -0.397459 -0.085051 0.913670
-9.785375 -47.072401 -510.273425 -1163.882614 0.123406 0.976650 0.175857 0.922338 -0.178268 0.342800 -0.366146 -0.119896 0.922801
-10.668910 -45.233699 -620.037141 -901.058418 0.110802 0.983045 0.146103 0.857208 -0.168920 0.486477 -0.502908 -0.071338 0.861391
-9.434595 -45.904052 -345.164203 -896.589812 0.113885 0.978130 0.174048 0.877299 -0.181224 0.444415 -0.466237 -0.102080 0.878750
-3.978432 -134.917417 325.634657 7429.602556 0.832754 0.552429 0.036653 -0.403412 0.650795 -0.643215 0.379184 -0.520853 -0.764808
-4.451451 -158.938980 -58.681573 10057.003738 0.833760 0.550957 0.035941 -0.293145 0.496898 -0.816798 0.467879 -0.670477 -0.575804
-4.172730 -157.311510 -616.776540 8887.895134 0.845650 0.533614 0.011521 -0.380815 0.618344 -0.687481 0.373973 -0.576981 -0.726111
-3.100414 -165.468316 51.470499 19640.830197 0.828676 0.558063 0.043148 -0.370273 0.604368 -0.705434 0.419754 -0.568600 -0.707461
1.261371 -110.524457 -1210.512627 -1174.988486 0.265333 0.964054 -0.014085 -0.169644 0.032300 -0.984976 0.949115 -0.263736 -0.172117
-0.431481 -119.107285 -2182.972424 -7131.173306 0.266505 0.960739 -0.077167 -0.406016 0.039293 -0.913021 0.874143 -0.274656 -0.400547
-0.428999 -102.472079 -1319.319141 -2201.103175 0.258117 0.965723 -0.027471 -0.251438 0.039695 -0.967059 0.932821 -0.256521 -0.253065
-0.385464 -98.430193 -1082.982248 1650.547877 0.267235 0.963249 0.027158 -0.034259 0.037662 -0.998703 0.963022 -0.265958 -0.043065
18.468938 -126.954417 -5203.703594 12180.825746 0.859916 0.510228 -0.014567 -0.502465 0.841119 -0.200117 0.089852 -0.179403 -0.979664
18.610801 -120.113727 -3842.211550 828.453145 0.857913 0.513730 -0.008120 -0.513104 0.857472 0.038288 -0.026633 0.028681 -0.999234
10.315730 -126.431394 -3542.623412 955.814737 0.853439 0.520483 -0.027191 -0.520984 0.850459 -0.072771 0.014752 -0.076272 -0.996978
16.236096 -142.717341 -3900.066713 8670.702010 0.846187 0.532846 0.006573 -0.450680 0.722175 -0.524740 0.284352 -0.441066 -0.851237
25.005610 -132.972505 -3647.200391 15222.717538 0.840109 0.538931 0.061405 -0.500663 0.814008 -0.294495 0.208697 -0.216665 -0.953678
8.892625 -135.465668 -3376.090987 6698.725090 0.854445 0.519316 -0.015291 -0.490956 0.797455 -0.350754 0.169958 -0.307208 -0.936343
-21.315849 -61.029547 1350.286378 -3695.866775 0.800201 0.557593 0.220837 -0.599655 0.737970 0.309538 -0.009625 0.380119 -0.924888
-15.648937 -52.794498 2022.566620 246.932523 0.881312 0.421471 0.213663 -0.468000 0.841025 0.271392 0.065312 0.339175 -0.938453
-19.079907 -59.180505 1868.531280 464.873973 0.868721 0.463212 0.175383 -0.492967 0.842951 0.215448 0.048041 0.273622 -0.960637
-22.589917 -65.900315 277.898897 -3244.023327 0.771841 0.615922 0.157800 -0.633371 0.723075 0.275688 -0.055701 0.312734 -0.948206
-24.183466 -75.468247 682.560205 -7266.640161 0.723598 0.653836 0.221144 -0.678726 0.615807 0.400141 -0.125444 0.439638 -0.889372
-16.521846 -2239.955454 10333.004025 -828714.008764 0.447595 0.891740 -0.066780 0.667753 -0.283628 0.688230 -0.594782 0.352641 0.722412
-56.813391 -706.253975 8299.057267 -201497.727148 0.449247 0.893324 -0.012235 0.787432 -0.389451 0.477784 -0.422051 0.224278 0.878392
-69.844630 -1919.590281 -11886.646952 -619459.781510 -0.674550 -0.737871 0.023009 0.682971 -0.611923 0.398873 -0.280237 0.284775 0.916717
5.910486 -447.752753 7512.111136 -65831.297419 0.521167 0.850920 -0.065728 0.822010 -0.479761 0.306805 -0.229533 0.213926 0.949500
51.350290 -2067.834933 -1832.037782 -798517.195516 0.622698 0.775311 0.105547 0.483316 -0.487198 0.727354 -0.615348 0.401909 0.678098
28.004202 22.957156 427.457963 -7187.266527 0.247725 0.935257 0.252837 -0.515539 0.348209 -0.782924 0.820275 -0.063603 -0.568422
27.624057 -5.846655 -3701.138549 -10957.001912 0.034227 0.997460 -0.062469 -0.552515 -0.033200 -0.832841 0.832800 -0.063021 -0.549975
20.884807 3.343706 -376.969206 -13987.372203 0.183390 0.979458 0.083841 -0.485031 0.164338 -0.858917 0.855051 -0.116851 -0.505206
30.211115 21.376395 -10313.564833 -1654.807010 -0.572659 -0.224043 -0.788585 -0.007532 0.963329 -0.268219 0.819759 -0.147658 -0.553346
-10.203502 -44.069211 856.352098 53.914557 0.098022 0.990401 0.097451 -0.816759 0.024114 0.576475 -0.568592 0.136101 -0.811283
-10.067129 -43.159226 985.318499 867.206537 0.088472 0.991591 0.094443 -0.756057 0.005122 0.654486 -0.648499 0.129308 -0.750153
-6.774437 -42.116115 1997.810408 1448.241792 0.072925 0.984344 0.160465 -0.758271 -0.049790 0.650035 -0.647847 0.169080 -0.742769
-205.232232 -823.269125 31107.021744 292003.364689 0.988054 0.077077 0.133449 0.136425 -0.034699 -0.990043 0.071679 -0.996421 0.044800
-14.913897 -541.312082 19912.768176 146715.068236 0.564892 -0.226329 -0.793519 0.821590 0.064850 0.566378 -0.076728 -0.971890 0.222583
-29.850671 -355.366973 -8902.388824 84175.277015 0.510551 -0.024715 -0.859492 0.855116 -0.090123 0.510543 -0.090078 -0.995624 -0.024878
-32.838683 -238.520525 -9217.793723 -46369.511618 0.780957 0.060624 -0.621636 -0.616900 -0.080782 -0.782885 0.097679 -0.994886 0.025688
-5.507767 -1919.301371 431.889446 538494.877158 0.564025 0.047553 -0.824387 0.824575 0.020983 0.565364 0.044183 -0.998648 -0.027376
-55.458211 -77.227481 606.259958 2047.697117 -0.189776 0.975785 -0.108764 0.974118 0.200982 0.103444 -0.122798 0.086318 0.988671
-56.076667 -76.514654 -972.770822 3663.916122 -0.032305 -0.977500 0.208448 0.996804 -0.016265 0.078213 -0.073063 0.210308 0.974901
65.463917 -84.747575 -4190.583063 10690.109813 0.812236 -0.533967 0.234846 -0.488993 -0.403751 0.773221 0.318055 0.742876 0.589047
43.534388 -105.586331 -2391.593737 11142.804071 0.833685 -0.482249 0.269083 -0.414686 -0.224901 0.881734 0.364698 0.846673 0.387478
37.136905 -105.346366 1289.116942 11457.223221 0.815888 -0.426773 0.390117 -0.490733 -0.154277 0.857543 0.305790 0.891102 0.335304
-1.326960 -80.206695 -49.908367 -901.683238 -0.785519 0.213458 -0.580858 0.292741 0.955138 -0.044885 0.545218 -0.205299 -0.812766
-0.956619 -74.419959 411.253860 -1002.129159 -0.797610 0.195952 -0.570457 0.290445 0.953665 -0.078515 0.528639 -0.228311 -0.817566
4.631462 -73.412124 2023.758085 1089.072510 -0.825879 0.110239 -0.552966 0.266929 0.940286 -0.211214 0.496662 -0.322040 -0.805989
36.456910 -46.132691 -3912.358276 2291.899240 -0.091923 0.995665 0.014214 -0.489955 -0.032798 -0.871130 0.866888 0.087041 -0.490846
33.408665 -48.995433 -3628.478048 1803.519068 -0.081446 0.996617 -0.011045 -0.374472 -0.040869 -0.926337 0.923654 0.071311 -0.376533
38.657711 -45.315239 -2591.670539 2402.621372 -0.186734 0.982051 0.026560 -0.396835 -0.050670 -0.916490 0.898695 0.181680 -0.399174
30.353416 -48.647130 -2619.138445 1902.265782 -0.029901 0.999167 -0.027774 -0.464723 -0.038497 -0.884619 0.884951 0.013543 -0.465487
39.147331 -41.000999 -270.989128 1888.032470 -0.199106 0.974632 0.102223 -0.496466 -0.010384 -0.867994 0.844913 0.223573 -0.485939
37.592069 -38.536597 -491.128849 1353.977440 -0.141181 0.983370 0.114247 -0.580872 0.011165 -0.813918 0.801658 0.181272 -0.569636
32.742236 -44.834795 -3131.639330 1910.784665 -0.048607 0.998818 0.000817 -0.573125 -0.027221 -0.819015 0.818025 0.040278 -0.573771
-4.504828 -48.529920 -972.808890 -599.767157 -0.289496 0.955288 -0.060141 -0.230361 -0.008550 0.973068 -0.929046 -0.295553 -0.222536
-5.225691 -49.600596 -870.450270 -536.034286 -0.284095 0.957055 -0.057761 -0.148912 0.015469 0.988729 -0.947162 -0.289494 -0.138122
-6.297317 -49.275294 -387.269225 -950.122152 -0.270257 0.961621 -0.047400 -0.231058 -0.016987 0.972792 -0.934651 -0.273856 -0.226781
-5.605416 -46.540222 -531.093459 -1317.834456 -0.277812 0.958987 -0.056260 -0.349451 -0.046334 0.935808 -0.894821 -0.279639 -0.347991
-6.184937 -46.976222 107.163411 -1548.912837 -0.261791 0.964016 -0.046240 -0.344710 -0.048645 0.937448 -0.901466 -0.261354 -0.345041
18.145005 -98.456963 3300.993056 7578.565655 -0.305118 0.943333 0.130482 -0.801092 -0.180160 -0.570783 0.514931 0.278685 -0.810667
19.277309 -80.589300 4283.083661 8016.414901 -0.319587 0.931760 0.172302 -0.905693 -0.246922 -0.344602 0.278541 0.266183 -0.922801
24.262481 -68.980632 155.386535 4043.949856 -0.348847 0.937014 0.017642 -0.912212 -0.335177 -0.235638 0.214883 0.098294 -0.971681
-0.834188 -131.053460 -3038.277241 -1771.357853 0.164434 0.985565 -0.040283 0.183682 -0.070720 -0.980438 0.969135 -0.153818 0.192660
-2.608472 -115.377481 -1232.971104 -4218.657459 0.128845 0.990852 -0.040151 0.230380 -0.069289 -0.970631 0.964533 -0.115811 0.237200
34.728908 -30.739339 10501.740777 2783.510456 0.787662 -0.600363 0.138395 0.417733 0.685513 0.596297 -0.452866 -0.411869 0.790744
27.513635 -24.145522 8493.706712 1681.337549 0.771932 -0.625257 0.114781 0.474303 0.686696 0.550894 -0.423270 -0.370812 0.826644
13.951009 -23.927308 8181.839177 2110.712264 0.792046 -0.601996 0.101314 0.453110 0.690953 0.563271 -0.409090 -0.400230 0.820037
-1.261725 -20.863266 -2738.478706 1513.331621 -0.652554 0.757352 0.024329 0.637798 0.531642 0.557288 -0.409129 -0.379177 0.829963
-3.037976 -25.606858 4417.902517 2485.077584 0.766546 -0.637557 0.076994 0.480007 0.648473 0.590827 -0.426614 -0.415938 0.803116
10.914363 -30.697242 8664.825213 -2472.547516 0.829779 -0.537589 0.149884 -0.345422 -0.705652 -0.618659 -0.438350 -0.461577 0.771230
-8.439383 -41.508815 991.660574 -1305.092149 -0.149058 0.983935 -0.098250 0.798817 0.061257 -0.598447 0.582814 0.167687 0.795115
-5.566252 -41.427309 1575.540251 255.871898 -0.178562 0.978420 -0.103974 0.816253 0.088298 -0.570907 0.549406 0.186811 0.814405
8.790161 -18.162747 1683.934658 584.079230 0.082710 -0.996370 -0.020130 0.996418 0.082324 0.019323 -0.017596 -0.021657 0.999611
11.605922 -18.197489 -1517.657288 1994.238851 -0.107806 0.994171 -0.001249 0.993257 0.107761 0.042758 -0.042643 -0.003369 0.999085
13.512853 -18.530318 -691.194993 1704.433181 -0.128748 0.990474 -0.048843 0.990349 0.130968 0.045337 -0.051302 0.042535 0.997777
5.503205 -316.665185 -2416.058389 -69479.650984 0.904805 -0.032783 0.424563 -0.171181 0.884922 0.433139 0.389905 0.464584 -0.795070
14.539216 -333.447619 546.583567 -73593.815966 0.886575 -0.061969 0.458415 -0.170025 0.877966 0.447512 0.430205 0.474695 -0.767847
6.095173 -407.257991 -1599.835376 -94188.596618 0.892412 -0.047284 0.448738 -0.310437 0.657384 0.686640 0.327460 0.752071 -0.571978
-1.486312 -485.228389 -3221.973480 -126543.586401 0.897625 -0.019694 0.440319 -0.306137 0.690850 0.654985 0.317094 0.722730 -0.614095
-6.576763 -51.714988 4641.613107 5071.142007 0.524095 0.734811 -0.430554 0.640291 -0.673307 -0.369710 0.561562 0.081916 0.823370
-18.071274 -56.098608 3652.889328 -3960.083026 0.604182 0.674848 -0.423727 -0.611372 0.733629 0.296670 0.511066 0.079812 0.855828
-4.343142 -62.031483 4301.488381 2554.712308 0.534342 0.730618 -0.425061 0.722386 -0.655835 -0.219178 0.438905 0.189942 0.878228
23.364765 -47.828999 -1872.264795 -1027.211028 -0.671149 -0.242879 -0.700406 -0.116109 0.967586 -0.224270 0.732173 -0.069195 -0.677594
23.838268 -40.768642 -1095.300220 -1097.949835 -0.631209 -0.366094 -0.683776 -0.120552 0.917189 -0.379778 0.766187 -0.157289 -0.623072
15.528602 -40.888151 -2024.696399 -674.169155 -0.625405 -0.302442 -0.719304 -0.169020 0.952450 -0.253517 0.761775 -0.036974 -0.646785
21.403689 -33.489303 311.371170 617.508237 -0.684908 0.003092 -0.728623 0.037382 0.998823 -0.030900 0.727670 -0.048401 -0.684217
16.053263 -31.497054 -4309.384865 83.033859 -0.615485 -0.081135 -0.783961 -0.040106 0.996623 -0.071657 0.787127 -0.012662 -0.616660
21.291742 -36.214808 2907.319770 1481.535978 -0.739567 0.033692 -0.672239 0.102021 0.992818 -0.062480 0.665306 -0.114791 -0.737693
22.351011 -34.280437 -2964.089989 1410.331476 -0.636626 -0.062535 -0.768633 0.026004 0.994399 -0.102440 0.770734 -0.085204 -0.631435
-167.154196 -2133.283309 -193778.170271 260809.251395 0.973972 -0.006668 0.226568 -0.040877 0.978012 0.204505 -0.222950 -0.208444 0.952284
-93.855071 -1821.401607 19673.505992 141516.324338 0.865132 0.139531 -0.481745 -0.042237 0.977379 0.207234 0.499763 -0.158938 0.851455
50.475214 -367.361388 23150.843199 -166299.226840 -0.516097 -0.592541 0.618497 0.847631 -0.457140 0.269340 0.123145 0.663263 0.738185
-219.923859 -544.276503 65760.166306 -185151.041702 0.487044 -0.211720 -0.847327 0.872965 0.088207 0.479741 -0.026831 -0.973342 0.227785
-457.416629 -2501.259224 -253740.590418 730530.769957 0.657964 -0.011778 0.752957 0.059723 0.997544 -0.036584 -0.750678 0.069040 0.657052
19.851498 -316.754133 -1826.899471 -50682.588853 0.017650 -0.645757 0.763339 0.493283 0.669700 0.555135 -0.869690 0.366744 0.330361
19.015216 -361.268887 249.021040 -43367.790463 0.013188 -0.608477 0.793462 0.542462 0.670959 0.505518 -0.839977 0.423757 0.338924
27.563943 -314.825117 4956.531881 -15340.646097 -0.022103 0.631679 -0.774915 0.792750 0.483341 0.371388 -0.609146 0.606105 0.511447
2.927231 -337.938791 5393.794863 -33190.656260 0.032601 -0.609028 0.792479 0.198165 0.781098 0.592129 -0.979626 0.137737 0.146152
28.589563 -370.876249 4863.918269 -54970.651368 -0.029515 0.707874 -0.705721 0.711996 0.510428 0.482208 -0.701562 0.488239 0.519069
9.214142 -390.880478 229.355020 -95603.098675 -0.007125 0.714934 -0.699156 0.291985 0.670192 0.682340 -0.956396 0.199281 0.213525
1.161934 -41.570359 -13768.611173 -3476.567579 -0.677241 0.677243 0.287552 -0.292550 -0.606464 0.739335 -0.675099 -0.416585 -0.608850
31.492438 -50.214123 -11275.373785 -722.502798 -0.614040 0.703418 0.357991 -0.223792 -0.590121 0.775677 -0.756883 -0.396181 -0.519777
42.622966 -55.290854 -16350.944867 -483.006271 -0.650684 0.632591 0.420046 -0.059400 -0.593875 0.802362 -0.757022 -0.497133 -0.424001
-2.070113 -16.026801 -1919.981852 1543.223443 -0.544463 -0.777638 0.314388 0.676750 -0.185823 0.712375 -0.495550 0.600624 0.627440
2.746278 -9.356557 2651.673301 1460.106210 0.709962 0.692965 -0.125514 0.532631 -0.411766 0.739427 -0.460715 0.591818 0.661433
-0.309600 -46.309409 2402.936721 993.134934 0.078832 0.897047 0.434847 -0.565813 -0.318873 0.760379 -0.820756 0.305985 -0.482423
3.539562 -44.287896 2124.339494 1392.336761 0.098558 0.914431 0.392558 -0.478028 -0.302480 0.824618 -0.872797 0.268927 -0.407312
9.964126 -45.346856 1629.253031 1593.032205 0.108736 0.941098 0.320174 -0.471234 -0.234796 0.850182 -0.875280 0.243322 -0.417946
1.351433 -56.108885 2359.027050 -1575.501774 0.180198 0.983403 -0.021165 0.406365 -0.094022 -0.908860 0.895766 -0.155174 0.416563
16.189282 -57.264230 5306.149841 1614.904862 0.189912 0.975124 -0.114312 0.112897 -0.137348 -0.984068 0.975289 -0.173981 0.136172
7.768786 -87.875555 -1007.054028 9752.771966 -0.142996 0.988306 0.052953 -0.721037 -0.140678 0.678466 -0.677981 -0.058837 -0.732721
8.700313 -88.541537 -285.552257 7888.849418 -0.130253 0.987485 0.088928 -0.784468 -0.157493 0.599838 -0.606336 -0.008369 -0.795164
9.869539 -94.981911 -9.827348 -297.116739 -0.129019 0.986122 0.104489 -0.913876 -0.159143 0.373502 -0.384947 0.047301 -0.921726
-12.253140 -98.414810 909.916789 5714.723948 -0.000746 0.999490 0.031939 0.495391 0.028114 -0.868215 0.868670 -0.015174 0.495159
-13.489767 -87.937105 783.110425 3858.356070 0.007650 0.999559 0.028690 0.319996 0.024735 -0.947096 0.947388 -0.016426 0.319666
-11.934467 -96.175670 908.791010 5630.364091 -0.035801 0.998485 0.041780 0.372899 0.052134 -0.926406 0.927181 0.017586 0.374201
-8.778084 -106.320375 772.837515 5463.731512 -0.043198 0.997909 0.048085 0.606136 0.064437 -0.792747 0.794187 0.005099 0.607652
-9.425004 -97.370904 475.352615 5085.543442 -0.058901 0.996356 0.061690 0.417151 0.080710 -0.905246 0.906926 0.027586 0.420385
4.640775 -63.659086 -1487.410457 -2454.746910 0.126807 0.987977 -0.088441 -0.566360 -0.001084 -0.824157 0.814344 -0.154598 -0.559413
7.622592 -61.776184 -658.227520 -3556.485468 0.103491 0.992745 -0.061208 -0.526278 0.002437 -0.850309 0.843991 -0.120212 -0.522713
7.032627 -68.857453 -871.106463 -3984.589553 0.091060 0.993082 -0.074142 -0.677092 0.007147 -0.735864 0.730243 -0.117209 -0.673058
3.702558 -66.683689 -1403.796641 -3415.150173 0.115840 0.989092 -0.090983 -0.674418 0.011075 -0.738267 0.729206 -0.146881 -0.668344
1.814757 -62.591800 -1108.133638 -2817.827899 0.121510 0.989078 -0.083423 -0.617438 0.009511 -0.786562 0.777178 -0.147083 -0.611850
2.098488 -59.990250 -1256.814752 -1239.618574 0.131224 0.987839 -0.083392 -0.503619 -0.006029 -0.863905 0.853902 -0.155363 -0.496703
-6.336877 -180.616073 -1116.244153 11883.348301 0.838441 0.544090 0.031355 -0.186614 0.340674 -0.921475 0.512047 -0.766751 -0.387170
-1.641218 -131.176925 -18.582254 -5150.074392 0.204748 0.973808 -0.098872 -0.634979 0.055272 -0.770549 0.744902 -0.220550 -0.629665
-2.436772 -114.938164 -1767.002866 -5235.416420 0.239853 0.965686 -0.099601 -0.595316 0.065264 -0.800837 0.766857 -0.251377 -0.590542
-2.419697 -234.820718 -773.741806 -12884.503358 0.674952 0.682402 0.280655 -0.467289 0.100956 0.878322 -0.571035 0.723972 -0.387019
-2.886488 -213.269736 -1087.766418 -9093.063155 0.683613 0.678190 0.269687 -0.550399 0.236381 0.800740 -0.479305 0.695832 -0.534869
-0.690835 -242.578331 -1969.626946 -10751.545816 0.673063 0.690242 0.265615 -0.374908 0.008847 0.927020 -0.637518 0.723524 -0.264732
-4.541907 -218.525698 -797.453026 -14599.633436 0.685947 0.672431 0.278052 -0.642400 0.380153 0.665436 -0.341758 0.635075 -0.692735
-1.213433 -245.761635 -973.903727 2522.268909 0.671003 0.679539 0.296618 -0.185017 -0.233939 0.954485 -0.718000 0.695341 0.031248
-2.082272 -223.003787 -879.184907 -1378.322409 0.668703 0.687738 0.282584 -0.242567 -0.157478 0.957268 -0.702850 0.708673 -0.061516
-3.840981 -213.278839 -34.144981 -12463.162028 0.681480 0.671950 0.289946 -0.463744 0.090004 0.881386 -0.566151 0.735107 -0.372948
-5.566021 -204.763782 -560.797644 -15507.856194 0.674851 0.678972 0.289089 -0.628107 0.322852 0.707989 -0.387372 0.659366 -0.644344
16.012612 -137.157574 -1306.251046 -14406.391835 0.867196 0.497126 0.028933 -0.488189 0.837274 0.246260 -0.098197 0.227680 -0.968772
12.238061 -135.091296 -2385.017753 -8499.526137 0.841877 0.539655 0.003885 -0.528028 0.822210 0.212503 -0.111484 0.180953 -0.977153
-12.681689 -54.434619 1869.268484 3327.236596 0.926875 0.330845 0.177323 -0.361183 0.914702 0.181293 0.102218 0.232082 -0.967310
-8.657444 -49.368948 1125.272275 2029.374046 0.936161 0.292397 0.195209 -0.336097 0.907240 0.252891 0.103157 0.302356 -0.947597
-23.274915 -212.185363 -8259.104615 -60597.832655 0.178259 0.965556 -0.189540 0.637822 0.033293 0.769464 -0.749271 0.258057 0.609918
2776.995656 -23561.111685 -974197.232851 -7381458.765075 0.616230 0.713870 0.332642 0.452065 -0.666475 0.592831 -0.644902 0.214944 0.733417
-16.710577 -2389.930422 2560.212036 -1012989.625405 -0.604149 -0.795989 -0.037480 0.784397 -0.585744 -0.204023 0.140446 -0.152660 0.978248
26.382033 8.262974 -6495.681354 -6408.661348 -0.639325 -0.419588 -0.644367 -0.021220 0.847307 -0.530680 0.768644 -0.325603 -0.550608
29.375470 15.404716 -7627.927039 -4482.326002 -0.570141 -0.487760 -0.661082 -0.128518 0.847725 -0.514631 0.811433 -0.208451 -0.546008
21.400435 0.439071 4113.216166 -8773.547780 0.487648 0.776843 0.398390 -0.319283 0.583403 -0.746793 0.812562 -0.236972 -0.532528
8.918582 -22.178426 3340.409914 -1890.925007 -0.235909 0.882519 0.406826 -0.825967 0.038467 -0.562405 0.511983 0.468701 -0.719857
1.641466 -19.618196 1896.830803 -1766.472886 -0.223679 0.874473 0.430424 -0.826193 0.064170 -0.559720 0.517081 0.480811 -0.708130
4.384877 -26.393325 2762.025361 1924.278546 -0.186337 0.871321 0.453959 0.872820 -0.065325 0.483651 0.451069 0.486346 -0.748334
-7.702800 -40.755234 2007.445933 2939.460831 0.073029 0.986085 0.149341 -0.689050 -0.058370 0.722360 -0.721025 0.155656 -0.675199
-86.703511 -119.717688 -4841.375338 39123.729195 0.333919 0.425834 0.840930 0.769621 0.391919 -0.504065 -0.544225 0.815515 -0.196862
-26.382671 -302.198929 9084.853246 82368.938996 -0.409326 -0.187716 0.892869 0.718070 0.537447 0.442184 -0.562874 0.822140 -0.085198
-54.939279 -261.794244 9467.662675 -55331.699635 0.769846 0.486523 -0.413076 0.275244 0.330852 0.902650 -0.575828 0.808599 -0.120793
-14.579627 -263.244647 4142.825095 -77880.172263 0.805945 0.556769 -0.201148 0.088721 0.222345 0.970923 -0.585304 0.800357 -0.129800
-81.246782 -2115.768868 -11053.565316 -672560.169865 0.824858 0.562349 0.058080 0.009964 -0.117180 0.993061 -0.565253 0.818555 0.102260
-31.411352 -74.831864 -5314.756196 -522.511857 -0.231747 0.972429 0.025971 0.966831 0.227302 0.116498 -0.107383 -0.052108 0.992851
-23.122339 -81.210271 -7604.193637 9992.813599 -0.294660 0.952428 0.077824 0.943861 0.302800 -0.132057 0.149340 -0.034543 0.988182
68.921218 -64.231061 -929.094147 6227.603625 0.775540 -0.569685 0.272024 -0.581274 -0.476286 0.659751 0.246289 0.669784 0.700522
67.588183 -50.800077 -241.163925 4129.404074 0.749573 -0.563449 0.347370 -0.643544 -0.497542 0.581639 0.154892 0.659528 0.735548
2.931204 -118.576158 -1972.943640 -16351.506470 0.816382 -0.134785 0.561563 0.346390 -0.663771 -0.662889 -0.462097 -0.735691 0.495203
0.668917 -98.363963 -1029.160796 -5569.170343 0.822155 -0.145667 0.550311 0.253021 -0.772463 -0.582479 -0.509943 -0.618128 0.598228
5.679484 -86.061197 -1480.495619 -2667.063426 0.842441 -0.178449 0.508379 0.190945 -0.783434 -0.591415 -0.503818 -0.595304 0.625923
-2.638563 -130.329399 -1015.308876 -16516.834794 0.814673 -0.115535 0.568296 0.378654 -0.636253 -0.672164 -0.439238 -0.762781 0.474590
10.301947 -83.991702 -3488.235950 -5857.164011 0.829378 -0.162050 0.534669 0.262737 -0.731448 -0.629248 -0.493053 -0.662362 0.564071
16.410029 -116.252987 -4903.393553 -18725.361764 0.818675 -0.123894 0.560734 0.371573 -0.630207 -0.681742 -0.437842 -0.766479 0.469899
6.839976 -157.398312 -2991.209424 -22515.007025 0.820084 -0.119605 0.559605 0.461455 -0.440092 -0.770310 -0.338411 -0.889951 0.305720
-1.409458 -154.774029 -1296.638985 -20859.202970 0.810802 -0.110605 0.574776 0.481395 -0.432586 -0.762318 -0.332957 -0.894782 0.297497
37.410571 -48.402518 -4696.671652 1229.160503 -0.139921 0.990134 -0.007504 -0.288303 -0.047989 -0.956336 0.947261 0.131648 -0.292173
33.546480 -50.295926 -3092.196090 151.585130 -0.090196 0.995833 -0.013440 -0.216387 -0.032768 -0.975758 0.972132 0.085101 -0.218441
29.346953 -48.912859 -753.062361 281.183991 -0.038205 0.999130 -0.016737 -0.326749 -0.028320 -0.944687 0.944339 0.030623 -0.327546
-3.198278 -49.047833 -1106.164012 404.801328 -0.291428 0.953723 -0.074045 -0.084847 0.051328 0.995071 -0.952822 -0.296274 -0.065962
12.659457 -112.356817 1800.767948 3451.148793 -0.273497 0.955642 0.109304 -0.600653 -0.080926 -0.795403 0.751276 0.283194 -0.596143
13.648277 -105.552322 -1665.503894 -718.507846 -0.217192 0.975823 0.024433 -0.527781 -0.096340 -0.843899 0.821142 0.196184 -0.535945
-1.110359 -149.929385 -657.691759 -6407.169718 0.132883 0.988782 -0.068207 0.123094 -0.084749 -0.988770 0.983458 -0.122995 0.132975
-0.312115 -163.550929 -147.849245 -9795.150603 0.125823 0.988158 -0.087820 -0.212895 -0.059566 -0.975258 0.968940 -0.141406 -0.202879
45.350374 -30.325036 -6243.654692 1245.591626 -0.697971 0.684576 -0.210218 0.468418 0.658472 0.589066 -0.541683 -0.312681 0.780263
-8.711474 -38.812970 104.365397 -1088.780919 -0.057557 0.994126 -0.091661 0.887853 0.008987 -0.460040 0.456514 0.107860 0.883154
10.400331 -21.838355 -555.002807 -3196.983240 -0.120866 0.992648 -0.006437 0.991947 0.120529 -0.038899 0.037837 0.011087 0.999222
10.888463 -31.037190 -370.500526 -3680.087096 -0.071056 0.997254 -0.020853 0.990325 0.068033 -0.120948 0.119197 0.029245 0.992440
13.941609 -35.865057 -1695.052928 -3113.237962 -0.076715 0.996652 -0.028278 0.982948 0.070846 -0.169687 0.167115 0.040813 0.985092
1.736271 -272.915015 806.626098 -35868.743532 0.911539 0.094798 0.400137 0.319856 -0.774995 -0.545046 -0.258435 -0.624817 0.736760
3.928755 -212.250912 657.847574 -1402.189158 0.928101 0.023084 0.371613 -0.143826 0.942831 0.300638 -0.343429 -0.332470 0.878362
-0.117655 -303.221226 1081.278066 -44925.730665 0.931296 0.054260 0.360198 0.207647 -0.891525 -0.402574 -0.299282 -0.449710 0.841541
16.699881 -46.416529 -2492.166885 -114.905022 -0.662059 -0.178703 -0.727835 -0.177510 0.980913 -0.079372 0.728126 0.076649 -0.681144
9.358782 -29.137312 -3350.882068 327.033146 -0.615347 -0.110314 -0.780499 -0.140897 0.989606 -0.028785 0.775562 0.092257 -0.624494
-503.010283 -9144.134473 116018.530642 3343532.548205 0.373082 -0.049204 -0.926493 0.046713 0.998322 -0.034208 0.926622 -0.030517 0.374755
23.638685 -400.986564 1404.727505 77597.391759 0.037872 -0.594649 0.803093 0.893178 0.380532 0.239645 -0.448107 0.708229 0.545539
11.676161 -426.252722 1248.138809 -49369.170567 -0.033089 -0.557232 0.829697 0.164756 0.815753 0.554438 -0.985779 0.155044 0.064815
-21.989920 -42.837314 -1717.694038 -5698.068735 -0.441088 0.890548 0.111200 -0.453170 -0.327958 0.828903 -0.774647 -0.315227 -0.548228
-8.524393 -20.668099 -1620.684235 1537.557221 -0.570028 -0.777912 0.264427 0.643293 -0.222351 0.732622 -0.511119 0.587719 0.627171
-4.044426 -12.789946 2021.835391 -473.395037 0.834505 0.542615 0.095761 0.305426 -0.600188 0.739249 -0.458602 0.587659 0.666588
-0.807593 -47.937267 3285.816613 674.274428 0.063884 0.884077 0.462955 -0.676832 -0.302521 0.671104 -0.733361 0.356215 -0.579045
1.038583 -51.027349 3221.059837 -2234.059081 0.135630 0.990541 0.020797 0.533828 -0.055379 -0.843777 0.834645 -0.125543 0.536290
-6.000866 -56.802638 28.296833 -1496.812602 0.182508 0.982607 0.034260 0.451559 -0.052817 -0.890677 0.873376 -0.178026 0.453344
5.931603 -78.902828 -925.974313 10900.275910 -0.147429 0.987776 0.050624 -0.649183 -0.135255 0.748510 -0.746207 -0.077488 -0.661189
5.334381 -85.220795 -188.611483 6071.928895 -0.118396 0.992208 0.038799 -0.792381 -0.117956 0.598514 -0.598427 -0.040118 -0.800172
-16.427992 -83.012909 82.911927 2293.666050 0.082985 0.996353 0.019836 0.146027 0.007533 -0.989252 0.985794 -0.084989 0.144869
-16.544168 -79.825282 -434.549223 759.702993 0.107325 0.994178 0.009582 -0.045460 0.014534 -0.998860 0.993184 -0.106767 -0.046755
-16.730680 -77.919263 -353.075563 -673.049315 0.083765 0.996433 0.010250 -0.190020 0.026069 -0.981434 0.978200 -0.080262 -0.191526
-10.243257 -48.110463 -417.679320 -821.774571 0.123376 0.977876 0.168927 0.952950 -0.164243 0.254774 -0.276883 -0.129546 0.952131
