14494
28974
-38.713463 -55.385919 289.365283 -5194.521206 -0.065531 -0.320524 -0.944971 0.900755 -0.426480 0.082193 -0.429356 -0.845801 0.316661
-40.424376 -59.834888 -111.031479 -4419.097585 -0.091737 -0.259411 -0.961400 0.934074 -0.357006 0.007200 -0.345093 -0.897359 0.275060
-46.341199 -71.706028 825.907324 -5982.406537 0.246911 -0.391716 -0.886337 0.933214 -0.150278 0.326385 -0.261047 -0.907731 0.328449
-33.746309 -49.056748 -414.138963 -3162.173311 -0.372595 -0.042978 -0.926998 0.801875 -0.517700 -0.298301 -0.467087 -0.854482 0.227356
-37.460444 -72.093143 -1791.785097 -10790.911924 0.316858 -0.505043 -0.802828 0.858352 -0.207428 0.469261 -0.403526 -0.837797 0.367780
-32.500232 -50.222790 -1140.573322 -6473.192855 0.018686 -0.422935 -0.905967 0.862482 -0.451528 0.228578 -0.505743 -0.785651 0.356336
-28.024729 -42.665621 -1392.068612 -3803.983316 -0.317574 -0.165438 -0.933690 0.784496 -0.598950 -0.160702 -0.532647 -0.783511 0.319996
-27.347077 -54.288705 1140.204295 18612.527983 -0.421057 -0.503023 -0.754771 0.906758 -0.212923 -0.363941 0.022362 -0.837635 0.545773
-17.666217 -66.552519 8993.852640 15299.795752 -0.306854 -0.424174 -0.852008 0.949834 -0.193351 -0.245826 -0.060463 -0.884699 0.462226
-14.270369 -37.811698 9068.480999 23700.425764 -0.442160 -0.431438 -0.786356 0.886493 -0.076816 -0.456321 0.136469 -0.898866 0.416432
57.504155 -100.878874 298.778542 -398.664714 -0.074363 0.568760 0.819135 0.806249 0.517700 -0.286267 -0.586884 0.639139 -0.497060
58.508108 -90.387988 2363.546281 -2826.036585 -0.169578 0.614685 0.770328 -0.786842 -0.555093 0.269725 -0.593400 0.560387 -0.577791
53.249974 -89.382785 1271.006403 -718.261819 -0.090359 0.642461 0.760973 0.892323 0.391547 -0.224613 -0.442262 0.658738 -0.608662
56.439568 -104.834593 -223.092201 121.618538 -0.016537 0.567319 0.823332 0.929709 0.311730 -0.196125 -0.367923 0.762217 -0.532596
20.498113 -39.743148 4411.210994 589.872211 0.271769 -0.265473 -0.925022 0.764689 -0.524012 0.375050 -0.584288 -0.809281 0.060594
26.459740 -41.690999 3352.863754 1261.445613 0.242564 -0.303127 -0.921562 0.721183 -0.579034 0.380283 -0.648890 -0.756858 0.078157
24.490637 -41.133726 715.679430 276.957363 0.183936 -0.318887 -0.929773 0.777750 -0.531202 0.336049 -0.601059 -0.784943 0.150308
19.310950 -41.890141 5189.010546 1240.782270 0.309576 -0.272434 -0.911012 0.687381 -0.597875 0.412375 -0.657016 -0.753873 0.002178
19.560696 -38.204466 3212.039857 446.339535 0.227002 -0.272425 -0.935016 0.835231 -0.439296 0.330769 -0.500859 -0.856039 0.127817
10.204474 -39.458567 4857.443431 703.974672 0.327517 -0.255374 -0.909679 0.740987 -0.527941 0.414990 -0.586235 -0.809977 0.016319
13.743765 -37.650787 4850.371296 435.106714 0.297959 -0.247718 -0.921876 0.798743 -0.464128 0.382878 -0.522714 -0.850424 0.059572
-13.402378 -41.773947 1284.043153 1192.709058 0.009752 0.295158 0.955399 -0.598132 0.767392 -0.230971 -0.801338 -0.569202 0.184028
-12.228702 -43.063513 1704.405953 -64.588816 0.016911 0.295425 0.955216 -0.697480 0.688003 -0.200434 -0.716405 -0.662855 0.217688
-9.883222 -42.673236 1598.972170 849.344589 0.054343 0.284181 0.957229 -0.647953 0.739435 -0.182738 -0.759739 -0.610309 0.224319
-17.032328 -42.192264 1313.485468 613.183716 -0.048764 0.304468 0.951273 -0.643147 0.719113 -0.263131 -0.764188 -0.624640 0.160751
6.663143 -44.597939 1175.521816 -672.854469 0.300864 0.094140 0.949009 0.880251 0.355467 -0.314327 -0.366932 0.929936 0.024081
7.538205 -42.455120 2168.458335 -1624.229835 0.334457 0.075922 0.939348 0.817569 0.472395 -0.329278 -0.468742 0.878111 0.095924
8.324576 -41.045642 87.836095 -1111.859320 0.279079 0.122042 0.952481 0.829880 0.468387 -0.303171 -0.483130 0.875054 0.029436
9.014660 -39.097082 1883.352334 -1376.800710 0.316696 0.095045 0.943753 0.761479 0.567770 -0.312710 -0.565556 0.817682 0.107436
6.682283 -44.740885 -1007.870302 -887.986289 0.234750 0.138744 0.962103 0.881565 0.386628 -0.270854 -0.409556 0.911739 -0.031551
8.384393 -40.827295 -1500.621521 -558.971199 0.223795 0.145647 0.963692 0.834774 0.481711 -0.266660 -0.503059 0.864142 -0.013778
10.587941 -39.185179 -909.828332 -1100.148551 0.259641 0.134843 0.956245 0.770968 0.567355 -0.289339 -0.581546 0.812358 0.043349
9.339414 -39.682018 -53.338056 905.398364 0.331455 0.174228 0.927244 0.529023 0.779444 -0.335562 -0.781199 0.601758 0.166180
10.161355 -36.656956 348.356643 270.338529 0.320830 0.148384 0.935441 0.612569 0.720769 -0.324425 -0.722376 0.677107 0.140349
8.408640 -38.129252 738.787320 723.115126 0.350578 0.141464 0.925788 0.536963 0.779547 -0.322455 -0.767311 0.610159 0.197331
7.018101 -42.110617 2.961685 1927.233230 0.354560 0.175528 0.918410 0.446904 0.830956 -0.331344 -0.821319 0.527922 0.216180
2.806896 -61.280118 542.088119 -115.015010 -0.063356 -0.284652 -0.956535 -0.615077 0.765925 -0.187189 0.785918 0.576483 -0.223608
4.631020 -58.271734 655.853391 -752.095952 -0.086048 -0.248107 -0.964903 -0.645484 0.751622 -0.135702 0.758911 0.611153 -0.224825
4.298143 -61.334796 -761.127146 74.051032 0.101823 0.245406 0.964058 0.725253 -0.681627 0.096911 0.680911 0.689318 -0.247387
2.504783 -65.494070 169.136006 467.678711 -0.075765 -0.255904 -0.963729 -0.720116 0.682568 -0.124633 0.689704 0.684554 -0.235995
-7.981587 -82.589657 377.464889 -5804.816376 -0.147039 -0.191615 -0.970393 0.786422 -0.617683 0.002805 -0.599933 -0.762727 0.241514
-6.550923 -95.689444 -50.487279 -3642.795371 -0.150244 -0.191990 -0.969828 0.921357 -0.382912 -0.066933 -0.358508 -0.903614 0.234422
-6.705115 -85.932461 -788.712555 -5473.383119 -0.170261 -0.211516 -0.962430 0.851290 -0.523490 -0.035551 -0.496303 -0.825360 0.269192
-7.740233 -76.331847 -1145.865363 -5797.679753 -0.189042 -0.212735 -0.958648 0.738891 -0.673814 0.003821 -0.646764 -0.707614 0.284567
-8.654157 -71.498401 224.412743 3444.575398 0.172561 0.193855 0.965734 -0.655268 0.754613 -0.034391 -0.735423 -0.626881 0.257244
-8.489204 -75.669854 385.080896 -5833.669704 -0.130495 -0.189703 -0.973131 0.720595 -0.692296 0.038327 -0.680966 -0.696232 0.227040
-10.740383 -40.419924 -1909.213877 204.367910 -0.075999 -0.184877 -0.979819 0.519864 0.831186 -0.197155 0.850861 -0.524357 0.032941
-12.594923 -39.837144 -1146.768708 236.332975 -0.124383 -0.167580 -0.977980 0.565749 0.797742 -0.208650 0.815142 -0.579244 -0.004417
-12.502852 -39.889584 -576.149646 -866.054698 -0.123883 -0.154170 -0.980247 0.489924 0.849554 -0.195531 0.862918 -0.504470 -0.029714
-3.911299 -40.176985 4133.147349 -685.276974 -0.118391 -0.041053 -0.992118 0.448229 0.889348 -0.090288 0.886044 -0.455385 -0.086890
-12.238352 -41.276112 -375.359777 -1154.016087 -0.114933 -0.176337 -0.977597 0.362731 0.908713 -0.206557 0.924779 -0.378345 -0.040478
-12.177980 -40.176221 -2281.049880 -359.226391 -0.086483 -0.192175 -0.977542 0.432592 0.876645 -0.210611 0.897432 -0.441092 0.007318
-9.903726 -29.155337 -483.484153 3082.046131 -0.233015 -0.434599 -0.869959 0.876196 0.294267 -0.381690 0.421882 -0.851194 0.312225
-12.028836 -23.846726 175.255480 2759.326335 -0.265363 -0.412661 -0.871374 0.841846 0.341378 -0.418039 0.469976 -0.844495 0.256808
-10.485557 -23.679378 -388.508501 1601.358565 -0.103969 -0.385479 -0.916840 0.867743 0.415312 -0.273016 0.486016 -0.823967 0.291317
-6.524124 -29.352124 -1467.504808 2806.680515 -0.101074 -0.422153 -0.900872 0.896517 0.353930 -0.266439 0.431324 -0.834578 0.342694
-7.050417 -34.788646 -648.138233 2209.534520 -0.211824 -0.438771 -0.873276 0.916299 0.221600 -0.333601 0.339892 -0.870847 0.355105
-10.293134 -33.879221 -257.317066 2597.979507 -0.317304 -0.427571 -0.846464 0.882142 0.194522 -0.428936 0.348056 -0.882805 0.315456
8.913431 -104.679065 -414.955565 -1834.997919 0.931615 0.052022 -0.359704 -0.363185 0.170784 -0.915931 -0.013784 -0.983934 -0.177999
9.497768 -107.141139 86.270327 -2844.207815 0.922572 0.082582 -0.376884 -0.381441 0.342067 -0.858774 -0.058000 -0.936040 -0.347082
8.718090 -104.803007 -617.687808 -2932.644087 0.913569 0.052091 -0.403333 -0.385183 0.429031 -0.817048 -0.130482 -0.901787 -0.412014
5.946833 -96.852145 -1150.647658 -5340.778242 0.908572 0.023411 -0.417071 -0.390066 0.404834 -0.827018 -0.149484 -0.914091 -0.376952
8.052159 -91.037818 -607.193117 -4374.921942 0.925128 0.029128 -0.378537 -0.375500 0.217327 -0.900982 -0.056023 -0.975664 -0.211993
6.437210 -110.440002 -1416.417981 -3429.529357 0.900582 0.049416 -0.431869 -0.361160 0.637950 -0.680135 -0.241901 -0.768491 -0.592373
-6.747685 -72.100686 359.235539 4201.122226 0.231718 0.197829 0.952455 -0.656718 0.754130 0.003134 -0.717654 -0.626221 0.304663
-5.243251 -76.503328 -158.192389 -7560.620732 -0.237983 -0.206308 -0.949105 0.712197 -0.701495 -0.026095 -0.660409 -0.682160 0.313876
-5.966176 -70.618369 370.450948 3327.732174 0.257674 0.197936 0.945741 -0.641770 0.766763 0.014378 -0.722313 -0.610653 0.324604
-33.467110 -1306.063757 3154.758906 461301.970493 0.925543 -0.331640 -0.182717 -0.164505 -0.786828 0.594844 0.341041 0.520496 0.782799
-13.025903 -129.580497 10810.744954 -29727.257698 0.729984 0.191670 -0.656037 0.497912 -0.806682 0.318352 0.468195 0.559041 0.684300
10.146175 -335.468032 20430.909199 93858.342387 0.860962 -0.236368 -0.450416 0.085213 -0.805946 0.585824 0.501481 0.542754 0.673747
12.145665 -503.107952 9337.458683 162103.031636 0.867856 -0.275338 -0.413540 0.112311 -0.702105 0.703161 0.483955 0.656687 0.578402
43.172062 -456.137252 22419.295242 119612.790227 0.846822 -0.329815 -0.417270 0.193696 -0.539420 0.819456 0.495352 0.774757 0.392909
67.275263 -414.444106 17389.725912 60645.403911 0.895477 -0.055245 -0.441667 0.222744 -0.803465 0.552113 0.385365 0.592784 0.707178
-12.366257 -35.209607 837.328748 -220.035389 -0.024258 0.759205 0.650400 -0.178533 -0.643422 0.744401 -0.983635 0.098060 -0.151152
-14.684089 -36.188017 791.361881 -548.146272 -0.071192 0.743969 0.664411 -0.148951 -0.666562 0.730417 -0.986279 0.046965 -0.158269
-13.316767 -34.796276 971.190050 174.475991 -0.043743 0.718855 0.693782 -0.082287 -0.694680 0.714597 -0.995648 0.025831 -0.089539
-11.100019 -33.578736 718.356289 -80.574126 -0.012883 0.715687 0.698302 -0.102151 -0.695648 0.711083 -0.994685 0.062171 -0.082070
-12.331198 -60.851275 -1164.577254 -11199.319328 0.657187 -0.593060 0.465172 0.736865 0.375714 -0.562022 0.158541 0.712123 0.683920
-15.167796 -62.919183 -751.510128 -8939.063608 0.691594 -0.599461 0.402920 0.708049 0.452457 -0.542171 0.142707 0.660249 0.737364
-15.820136 -170.343916 -2004.097418 -51560.472036 0.467739 -0.636693 0.613060 0.864926 0.186892 -0.465806 0.181999 0.748127 0.638109
-17.639724 -56.003015 610.590214 5787.170711 0.638229 -0.630336 0.441972 0.752855 0.391085 -0.529397 0.160849 0.670618 0.724154
-6.990670 -82.023054 -2346.223900 -21341.884597 0.527859 -0.608932 0.592086 0.826626 0.208221 -0.522812 0.195073 0.765406 0.613271
-12.145827 -50.469955 -17.179185 -3075.261697 0.613589 -0.607041 0.504986 0.769871 0.317751 -0.553474 0.175521 0.728379 0.662311
-6.994884 -45.755990 -3998.635280 693.923927 -0.316720 -0.245091 -0.916307 0.944953 -0.165224 -0.282427 -0.082176 -0.955317 0.283929
-7.870940 -49.722803 -2037.772474 -2021.693074 -0.353204 -0.214038 -0.910733 0.935126 -0.109951 -0.336824 -0.028043 -0.970618 0.238987
-4.735544 -44.042204 -1856.750320 -442.732567 -0.297255 -0.233822 -0.925725 0.949676 -0.172694 -0.261327 -0.098764 -0.956820 0.273389
-23.792037 -63.390496 -1017.846278 8411.594819 0.169874 -0.329942 -0.928591 -0.238387 0.900543 -0.363586 0.956198 0.283128 0.074325
-28.558019 -79.109513 -2173.721271 8545.363091 0.210903 -0.328926 -0.920504 -0.081615 0.932472 -0.351902 0.974094 0.149344 0.169815
-22.568481 -78.124455 268.464330 10070.248102 0.128837 -0.310231 -0.941891 -0.121716 0.937678 -0.325492 0.984168 0.156579 0.083048
-20.092016 -61.533115 -245.369916 8905.637792 0.100332 -0.277722 -0.955408 -0.267730 0.917299 -0.294760 0.958256 0.285365 0.017680
-20.559523 -43.669465 979.449318 5696.176746 0.070341 -0.181605 -0.980853 -0.368009 0.909203 -0.194731 0.927158 0.374660 -0.002878
-45.730209 -51.997154 1638.833926 563.382526 -0.187710 0.730338 0.656788 0.979949 0.093758 0.175812 0.066824 0.676621 -0.733293
-48.820505 -52.481834 355.728487 2069.999420 -0.452950 0.685270 0.570299 0.891237 0.364602 0.269745 -0.023084 0.630453 -0.775884
-45.690354 -52.919342 2376.849041 245.645837 -0.112813 0.695084 0.710022 0.989477 0.143746 0.016493 -0.090599 0.704411 -0.703986
-39.412428 -53.517802 1635.138902 -54.699009 -0.047438 0.653994 0.755011 0.998445 0.008885 0.055037 0.029285 0.756447 -0.653399
-40.687991 -53.837998 2986.978377 -654.424270 0.034437 0.632671 0.773654 0.990799 0.079768 -0.109334 -0.130885 0.770301 -0.624103
-47.264522 -56.291179 2784.594772 622.251050 -0.138491 0.655811 0.742114 0.958428 0.277507 -0.066376 -0.249472 0.702070 -0.666980
12.856047 -14.053949 1213.218669 -3296.421190 0.899808 0.373505 0.225475 0.160908 0.196264 -0.967258 0.405529 -0.906628 -0.116500
15.690656 -16.941765 541.947526 -2529.189067 0.922661 0.361965 0.132960 0.059604 0.206790 -0.976568 0.380979 -0.908966 -0.169222
10.017647 -11.178362 -1278.449177 -3046.514122 0.940296 0.336104 0.053636 0.004023 0.146600 -0.989188 0.340333 -0.930345 -0.136496
9.573913 -9.327235 716.480843 -2609.817240 0.896120 0.354779 0.266647 0.208357 0.194176 -0.958584 0.391862 -0.914564 -0.100084
5.790580 -3.788128 -3129.738664 -1949.417369 0.931573 0.296959 0.209734 0.159417 0.184815 -0.969758 0.326740 -0.936834 -0.124829
7.314281 -11.565551 -536.842151 -1504.265227 0.913077 0.332526 -0.236043 -0.269933 0.058990 -0.961070 0.305657 -0.941247 -0.143622
3.536151 -6.086012 53.515461 681.252320 0.834117 0.341901 -0.432842 -0.452327 -0.025110 -0.891499 0.315673 -0.939400 -0.133707
-21.559686 -35.641865 1527.437152 -1253.248092 -0.526763 0.643427 0.555449 0.842330 0.307476 0.442650 0.114025 0.701042 -0.703944
-19.731207 -36.211322 1455.249929 -569.418918 -0.318228 0.679758 0.660803 0.947924 0.218553 0.231677 0.013064 0.700117 -0.713909
-17.787856 -38.717758 1151.896770 -1022.411202 -0.451819 0.627031 0.634580 0.887589 0.244437 0.390432 0.089698 0.739651 -0.666987
2.535830 -47.087102 404.282795 -808.354292 0.093927 0.249119 0.963907 0.972260 0.185368 -0.142649 -0.214214 0.950568 -0.224797
2.254318 -51.557697 414.493091 -1140.757177 0.027239 0.248749 0.968185 0.989171 0.133028 -0.062008 -0.144220 0.959389 -0.242431
-0.219514 -51.134506 388.018964 -537.125754 0.081791 0.251057 0.964510 0.992514 0.067548 -0.101748 -0.090695 0.965613 -0.243653
74.860223 -26.769748 -9782.286356 -690.161103 0.434838 -0.496790 -0.751076 0.719965 0.692774 -0.041400 0.540894 -0.522746 0.658916
71.310706 -33.431288 -22983.076511 80.156311 0.566427 -0.566604 -0.598432 0.677729 0.733405 -0.052916 0.468876 -0.375602 0.799424
81.734374 -31.749261 -2255.028172 290.662863 0.393220 -0.472846 -0.788540 0.679979 0.726820 -0.096751 0.618875 -0.498146 0.607325
80.047747 -28.345883 10486.922739 -495.908735 0.204945 -0.328401 -0.922036 0.733554 0.675205 -0.077437 0.647994 -0.660493 0.379280
71.327143 -22.798562 3706.502821 -1796.393440 0.259393 -0.391026 -0.883071 0.778381 0.625914 -0.048515 0.571697 -0.674781 0.466725
56.116798 -20.183844 -9511.561013 -2003.155278 0.462527 -0.474804 -0.748752 0.753167 0.655981 0.049279 0.467770 -0.586728 0.661016
-5.257775 -57.121652 258.876027 -571.735464 0.079094 0.362795 0.928506 0.853997 0.455813 -0.250846 -0.514231 0.812782 -0.273774
-5.831734 -58.010205 339.997717 -580.512773 0.090160 0.361087 0.928163 0.847865 0.461102 -0.261745 -0.522491 0.810556 -0.264580
-4.819738 -58.490147 -123.711943 -337.292529 0.059642 0.356025 0.932571 0.922311 0.337690 -0.187904 -0.381819 0.871328 -0.308225
-5.182843 -55.032725 -42.630003 -562.790431 0.098709 0.380778 0.919383 0.770106 0.555896 -0.312915 -0.630232 0.738910 -0.238368
-3.879059 -56.097107 -875.618754 -287.865766 0.047137 0.380672 0.923508 0.891781 0.400472 -0.210593 -0.450006 0.833493 -0.320599
-4.827269 -54.823730 -913.365600 -779.571476 0.065619 0.389177 0.918823 0.820053 0.503589 -0.271866 -0.568513 0.771323 -0.286101
30.653845 -114.399399 227.629196 14037.897749 -0.027567 0.693922 0.719523 -0.218860 0.698142 -0.681687 -0.975367 -0.176267 0.132626
21.146142 -123.583863 1552.606357 8699.382513 0.020778 0.672604 0.739711 -0.411226 0.680137 -0.606883 -0.911296 -0.291579 0.290724
26.393568 -126.651799 1503.114135 -4955.096821 -0.010898 0.685974 0.727544 0.519862 -0.617641 0.590138 -0.854181 -0.384653 0.349881
27.202179 -117.873453 -112.158140 -6524.195917 -0.083786 0.684762 0.723934 0.458282 -0.618622 0.638189 -0.884849 -0.385237 0.261983
-3.008967 -136.256277 1592.615288 -850.922928 0.124516 0.403300 0.906557 0.195536 0.885776 -0.420912 -0.972760 0.229675 0.031433
-2.357741 -116.759650 -368.127860 -1928.268303 0.101982 0.400374 0.910659 0.201478 0.888147 -0.413039 -0.974170 0.225600 0.009909
-1.814460 -124.072190 20.511266 4649.655493 0.109428 0.448022 0.887300 0.027548 0.890951 -0.453263 -0.993613 0.074043 0.085152
-2.359518 -132.183401 239.972100 -4113.366545 0.076952 0.342668 0.936300 0.434997 0.833454 -0.340780 -0.897137 0.433512 -0.084923
-3.198258 -165.458581 1822.522975 3451.540288 0.134678 0.442257 0.886719 0.001536 0.894778 -0.446509 -0.990888 0.061497 0.119828
-1.504938 -169.747705 1382.649230 -2406.243617 0.102729 0.354791 0.929285 0.355514 0.859425 -0.367420 -0.929008 0.368119 -0.037845
-13.436249 -76.238110 -346.883473 -3254.055330 -0.202546 0.535913 0.819617 0.672213 0.684718 -0.281589 -0.712113 0.493922 -0.498934
-13.023336 -71.810663 -716.603492 -964.307458 -0.202989 0.536200 0.819320 0.550727 0.754369 -0.357249 -0.809627 0.378704 -0.448428
-14.440360 -75.911815 -535.737684 -2805.929202 -0.174624 0.514707 0.839395 0.638834 0.707935 -0.301197 -0.749265 0.483638 -0.452434
-14.087594 -81.924514 -323.079603 -2776.823838 -0.164737 0.517292 0.839804 0.779610 0.589863 -0.210407 -0.604211 0.620058 -0.500458
-15.459720 -77.124954 -282.679490 -2839.541940 -0.131416 0.491093 0.861137 0.706945 0.655392 -0.265875 -0.694952 0.573837 -0.433305
-15.610243 -72.350447 -329.460014 -2583.058877 -0.131662 0.488977 0.862303 0.584455 0.740893 -0.330892 -0.800673 0.460412 -0.383333
67.151518 -37.458731 14500.147968 -24.742605 -0.489408 -0.613868 -0.619392 0.783561 0.002207 -0.621311 0.382770 -0.789406 0.479923
51.701869 -35.345618 12742.185548 575.817007 -0.472701 -0.600027 -0.645385 0.740907 0.125886 -0.659704 0.477085 -0.790013 0.385058
34.001804 -36.036067 13108.551916 1218.848323 -0.438325 -0.502704 -0.745090 0.802944 0.153527 -0.575943 0.403921 -0.850716 0.336349
45.111940 -39.044336 17413.826968 1257.301481 -0.445860 -0.469904 -0.761839 0.847852 0.051168 -0.527759 0.286977 -0.881234 0.375595
11.692757 -65.652031 -847.881138 -5356.043675 0.305479 -0.599650 -0.739664 0.899807 0.435907 0.018225 0.311496 -0.671122 0.672729
8.924089 -77.856018 -3865.901530 -7962.119040 0.354403 -0.645280 -0.676766 0.856057 0.515103 -0.042846 0.376252 -0.564166 0.734950
15.405108 -75.415324 -1045.190122 -5222.162955 0.295428 -0.603024 -0.741003 0.836439 0.538030 -0.104368 0.461618 -0.588971 0.663342
5.862310 -46.533910 -418.506769 -1401.899894 -0.000089 0.331642 0.943405 0.829503 0.526919 -0.185153 -0.558503 0.782540 -0.275145
3.757887 -47.628511 -1388.793416 -1612.480867 -0.005955 0.368860 0.929466 0.835007 0.513251 -0.198335 -0.550207 0.774929 -0.311057
5.513692 -49.419113 -682.815245 -856.067419 -0.027058 0.335075 0.941803 0.903098 0.412130 -0.120682 -0.428582 0.847275 -0.313756
7.192354 -46.981867 -247.595956 -1336.246264 -0.017797 0.302140 0.953097 0.889566 0.439974 -0.122864 -0.456460 0.845656 -0.276604
7.774504 -44.257488 -165.559459 -1404.931495 0.011753 0.317267 0.948263 0.820243 0.539323 -0.190611 -0.571895 0.780046 -0.253898
6.477207 -42.609092 -636.197817 -655.456253 0.038028 0.350769 0.935690 0.750563 0.608145 -0.258484 -0.659703 0.712124 -0.240148
-10.087348 -198.360243 -1485.535766 1061.701857 0.714959 -0.335780 0.613258 0.151714 0.930736 0.332736 -0.682507 -0.144853 0.716381
-8.896508 -218.372892 882.218049 -2433.085190 0.771979 -0.314255 0.552533 0.056698 0.899820 0.432561 -0.633114 -0.302600 0.712460
-9.971953 -215.900427 557.403381 21542.031331 0.756114 -0.329670 0.565339 0.329864 0.938076 0.105849 -0.565226 0.106451 0.818039
-7.802500 -195.901516 -1881.050850 18670.918105 0.712575 -0.346728 0.609932 0.398013 0.915696 0.055552 -0.577773 0.203176 0.790505
-29.086091 -96.974332 -475.910929 7294.622859 -0.778433 0.186127 -0.599499 0.127490 0.982003 0.139341 0.614645 0.032038 -0.788153
-25.816562 -95.812449 -2139.777948 5926.490573 -0.694981 0.212930 -0.686777 0.143217 0.977001 0.157984 0.704621 0.011437 -0.709492
-26.743434 -104.193885 -2027.223790 4766.354016 -0.727179 0.199245 -0.656896 0.256218 0.966572 0.009542 0.636838 -0.161370 -0.753921
-28.256383 -83.665907 -899.955902 7458.455962 -0.736287 0.209988 -0.643263 0.012037 0.954544 0.297825 0.676563 0.211542 -0.705346
-28.973650 -79.795665 744.606115 7690.701865 -0.800973 0.205699 -0.562254 0.014203 0.945389 0.325634 0.598531 0.252839 -0.760153
0.463297 -326.562934 -608.683747 -6910.830214 0.685116 -0.429030 0.588684 0.662623 0.031384 -0.748295 -0.302565 -0.902745 -0.305787
2.376876 -320.134898 -404.905468 -9382.978918 0.690801 -0.418435 0.589666 0.679705 0.097706 -0.726949 -0.246567 -0.902976 -0.351908
2.260078 -313.937360 108.344597 20040.496685 -0.682499 0.408558 -0.606033 0.730313 0.414063 -0.543319 0.028959 -0.813408 -0.580972
-404.731952 -4532.690676 126833.097163 -953888.933639 -0.399538 0.239746 -0.884811 -0.518437 0.736927 0.433776 0.756038 0.632029 -0.170137
-132.794909 -3181.995472 63747.640554 -1656380.657982 -0.454752 0.023107 -0.890318 0.808822 0.429202 -0.401986 0.372838 -0.902913 -0.213870
36.375791 -2766.928892 3334.416318 671682.099158 -0.397023 0.153294 -0.904916 0.227599 0.971601 0.064734 0.889141 -0.180257 -0.420638
150.376470 -4093.593625 41756.231438 2971600.878516 -0.455683 0.211761 -0.864587 -0.532798 0.713198 0.455494 0.713077 0.668211 -0.212167
116.438252 -2334.230471 -44159.728483 2731650.371012 0.458393 -0.273799 0.845523 0.695227 -0.482194 -0.533056 0.553656 0.832180 -0.030682
-74.791188 -2494.600249 -24664.759837 402064.295669 -0.570125 -0.000724 -0.821557 0.518123 0.775743 -0.360239 0.637578 -0.631049 -0.441895
-24.400434 -52.734229 6244.256049 1389.029902 -0.111386 0.232515 -0.966194 0.253317 0.946770 0.198637 0.960949 -0.222627 -0.164357
-10.015183 -52.536590 5683.109911 2031.332656 -0.164994 0.117520 -0.979268 0.289567 0.954893 0.065807 0.942830 -0.272706 -0.191582
-16.536235 -46.580463 5700.157617 2238.123551 -0.150098 0.209581 -0.966202 0.166362 0.968693 0.184277 0.974574 -0.133079 -0.180265
-18.100644 -47.604179 -49.259521 -33.781205 0.807496 0.483652 0.337684 -0.239381 -0.254524 0.936971 -0.539117 0.837435 0.089750
-20.031936 -45.063141 647.538259 -922.913162 0.783102 0.508662 0.357790 -0.311869 -0.176541 0.933580 -0.538041 0.842672 -0.020386
-18.584598 -46.055259 1655.977008 -800.548710 0.811300 0.517409 0.272179 -0.163664 -0.245938 0.955368 -0.561255 0.819636 0.114848
-14.146139 -44.776697 2158.067199 715.086534 0.823880 0.446798 0.348702 -0.176316 -0.382670 0.906905 -0.538641 0.808663 0.236497
-13.186108 -46.344732 1331.957103 1267.886153 0.806341 0.396119 0.439208 -0.296497 -0.371821 0.879681 -0.511765 0.839547 0.182367
5.538981 -52.094417 243.688078 1905.809531 -0.083685 0.291681 0.952848 0.858827 -0.463839 0.217415 0.505384 0.836526 -0.211688
3.983896 -48.858454 1279.573139 3041.064568 -0.086583 0.255968 0.962800 0.780067 -0.583712 0.225334 0.619677 0.770559 -0.149132
4.087276 -53.663761 1398.412300 984.979038 -0.083082 0.254586 0.963475 0.881133 -0.432860 0.190359 0.465512 0.864765 -0.188361
-9.703568 -41.223667 718.091220 -88.820091 -0.129173 -0.521606 -0.843351 -0.715477 0.637887 -0.284942 0.686590 0.566592 -0.455596
-7.338624 -38.027824 628.136290 -1217.672854 -0.092221 -0.575084 -0.812880 -0.662368 0.644974 -0.381151 0.743481 0.503275 -0.440398
-9.156957 -39.867712 147.562486 -228.441138 -0.120726 -0.535158 -0.836081 -0.753203 0.598001 -0.274009 0.646615 0.596658 -0.475277
-7.038193 -38.276745 277.264267 -1329.677979 -0.087611 -0.588599 -0.803663 -0.698676 0.611366 -0.371596 0.710054 0.528944 -0.464803
-44.770237 -68.143315 -212.907119 -3496.631825 -0.016475 -0.269069 -0.962980 0.979639 -0.197080 0.038307 -0.200092 -0.942741 0.266837
-39.100461 -60.417697 -597.336322 -3990.389202 -0.229343 -0.109583 -0.967157 0.915862 -0.360710 -0.176309 -0.329543 -0.926218 0.183089
-12.983368 -84.408409 9225.256905 2694.709723 -0.137471 -0.426249 -0.894099 0.955505 -0.294907 -0.006320 -0.260982 -0.855185 0.447824
-3.248484 -62.062282 13481.275380 16496.933834 -0.172750 -0.395059 -0.902267 0.984964 -0.070994 -0.157498 -0.001834 -0.915909 0.401383
48.855214 -75.775976 -1746.380054 2655.851437 -0.235567 0.697725 0.676526 0.834724 0.501774 -0.226846 -0.497739 0.511275 -0.700609
-7.777872 -44.019638 -1797.007116 534.970649 -0.048638 -0.303972 -0.951439 0.737556 -0.653275 0.171008 -0.673532 -0.693422 0.255970
-11.036743 -43.439535 -2096.427437 767.014024 0.006802 -0.326893 -0.945037 0.778924 -0.590910 0.210005 -0.627081 -0.737540 0.250606
-15.222462 -42.357216 -1518.085745 638.628486 0.042010 -0.307949 -0.950475 0.734087 -0.635814 0.238447 -0.677754 -0.707749 0.199351
5.674771 -43.134835 2244.076905 114.988969 0.347295 0.074597 0.934784 0.859796 0.372600 -0.349169 -0.374348 0.924989 0.065264
8.872290 -41.722177 -120.866783 -2407.681217 0.339025 0.089213 0.936538 0.803022 0.491183 -0.337482 -0.490120 0.866476 0.094883
7.910528 -40.444093 1876.161753 -2645.650967 0.339135 0.089176 0.936501 0.753727 0.569934 -0.327218 -0.562924 0.816837 0.126070
9.703762 -37.874035 -198.561630 -88.713630 0.320328 0.176497 0.930720 0.577253 0.742640 -0.339505 -0.751112 0.646014 0.136005
9.874553 -37.093834 -144.889993 1170.553909 0.301105 0.161675 0.939786 0.671187 0.664131 -0.329300 -0.677380 0.729926 0.091459
10.156326 -36.710325 629.539978 300.325163 0.297980 0.121083 0.946862 0.714308 0.629717 -0.305321 -0.633224 0.767330 0.101152
2.882209 -66.681633 1293.660481 -442.770135 -0.188128 -0.409560 -0.892675 0.971154 -0.213163 -0.106868 -0.146517 -0.887030 0.437848
4.233175 -71.029435 1100.001690 204.887650 -0.188191 -0.413658 -0.890770 0.980746 -0.030972 -0.192817 0.052171 -0.909906 0.411522
2.565732 -69.493101 400.305861 247.573090 -0.205993 -0.413167 -0.887051 0.978490 -0.097307 -0.181904 -0.011159 -0.905441 0.424324
5.393699 -70.243242 534.622709 786.766461 -0.167915 -0.432414 -0.885902 0.985445 -0.049459 -0.162641 0.026513 -0.900318 0.434425
1.691751 -63.128549 473.779908 -2227.813587 -0.202579 -0.415694 -0.886657 0.959301 -0.266141 -0.094400 -0.196734 -0.869694 0.452690
1.034094 -62.731771 1523.900219 -2743.707377 -0.167884 -0.411664 -0.895739 0.930073 -0.367335 -0.005500 -0.326772 -0.834025 0.444547
2.920676 -63.097842 395.032381 -2346.997054 -0.167411 -0.438701 -0.882901 0.920114 -0.391145 0.019887 -0.354067 -0.809041 0.469137
3.946697 -67.303483 -3.037568 -458.426574 -0.159949 -0.447718 -0.879753 0.973334 -0.219990 -0.065007 -0.164431 -0.866691 0.470966
-5.721519 -103.332766 8.081195 -4199.980667 -0.141158 -0.186050 -0.972348 0.973703 -0.203503 -0.102416 -0.178821 -0.961235 0.209883
-4.733028 -104.479148 -618.870134 -4474.002585 -0.156898 -0.210657 -0.964887 0.973423 -0.198013 -0.115055 -0.166823 -0.957295 0.236127
-6.518786 -99.078055 144.779809 -3469.545127 -0.125014 -0.181214 -0.975466 0.949967 -0.305515 -0.064990 -0.286242 -0.934785 0.210341
-5.399248 -100.057857 -782.098329 -4689.610886 -0.175988 -0.222764 -0.958856 0.931124 -0.353748 -0.088715 -0.319431 -0.908426 0.269676
-10.941386 -40.118837 -1351.983482 676.322923 -0.106140 -0.183087 -0.977350 0.606070 0.767309 -0.209559 0.788298 -0.614585 0.029522
-4.257400 -137.092387 -855.905066 -5678.353055 0.950134 0.256838 -0.176863 0.297140 -0.573546 0.763383 -0.094627 0.777868 0.621262
-3.663794 -137.367277 94.447546 890.861135 0.945404 0.266536 -0.187536 0.325613 -0.796687 0.509182 0.013692 0.542447 0.839979
-4.885709 -137.093978 -2069.716030 -614.739775 0.945251 0.277059 -0.172451 0.325528 -0.763138 0.558257 -0.023066 0.583831 0.811548
-3.506076 -133.092015 -2012.659813 6958.658968 0.943666 0.283318 -0.170956 0.320935 -0.909475 0.264305 0.080598 0.304281 0.949167
-5.738461 -135.312242 -1706.326143 -6129.855763 0.949165 0.258661 -0.179391 0.298063 -0.555275 0.776420 -0.101218 0.790420 0.604145
-7.098945 -138.457136 -1580.620403 -1849.119339 0.947477 0.254262 -0.194003 0.319592 -0.729669 0.604520 -0.012148 0.634770 0.772605
-5.879373 -136.152825 -2206.676810 4966.212231 0.945466 0.268524 -0.184359 0.319090 -0.877197 0.358757 0.065384 0.398020 0.915044
-12.249227 -21.278351 243.695905 -605.322222 -0.077265 -0.323473 -0.943078 0.862627 0.452591 -0.225911 0.499904 -0.830979 0.244067
-12.311830 -21.688879 257.093741 1157.518175 -0.240412 -0.367608 -0.898369 0.844175 0.377663 -0.380446 0.479136 -0.849844 0.219531
-12.164043 -27.332090 -192.436846 3157.667358 -0.346014 -0.412660 -0.842607 0.834796 0.274507 -0.477244 0.428241 -0.868538 0.249504
8.613412 -107.187754 -153.801133 -1056.602885 0.939089 0.071083 -0.336243 -0.342636 0.117659 -0.932071 0.026692 -0.990507 -0.134848
8.831145 -114.376523 645.925695 -231.539959 0.934025 0.105299 -0.341334 -0.356835 0.231437 -0.905045 0.016303 -0.967134 -0.253743
-4.694285 -80.299892 -505.696756 -6906.840490 -0.262474 -0.206165 -0.942658 0.700836 -0.712235 -0.039371 -0.663277 -0.670982 0.331431
-4.385678 -89.610143 -127.667565 -6879.844734 -0.225292 -0.210986 -0.951172 0.829853 -0.553070 -0.073877 -0.510478 -0.805977 0.299689
1.958094 -75.117993 -573.849571 2877.811576 0.187158 0.209282 0.959777 0.903847 -0.419366 -0.084808 0.384750 0.883364 -0.267647
1.819983 -73.782540 -113.875986 231.267868 0.143278 0.230562 0.962451 0.847810 -0.530299 0.000825 0.510577 0.815858 -0.271453
3.321981 -73.019041 -521.430180 1464.445361 0.152547 0.217925 0.963970 0.862481 -0.505602 -0.022185 0.482551 0.834790 -0.265085
-1.055144 -128.106994 1393.444463 -6340.941266 0.988688 0.084405 -0.123982 0.147234 -0.388580 0.909575 -0.028596 0.917541 0.396612
0.203871 -125.536393 3352.749747 -5454.059516 0.984300 0.077244 -0.158706 0.176138 -0.487891 0.854949 0.011392 0.869480 0.493836
6.772067 -119.401729 2850.542812 5090.497079 0.984573 0.097593 -0.145232 0.167643 -0.288367 0.942730 -0.050124 0.952534 0.300279
-38.625145 -100.052282 6220.019173 -48821.485276 -0.606311 -0.494819 0.622528 0.759909 -0.591221 0.270179 0.234362 0.636877 0.734481
-14.005026 -317.230859 -7972.954882 -110657.366837 -0.622998 -0.263517 0.736500 0.635829 -0.719026 0.280577 0.455626 0.643087 0.615504
52.028073 -985.896155 19504.088982 348905.552929 0.660234 0.080302 -0.746755 -0.389040 0.887050 -0.248576 0.642448 0.454636 0.616901
-387.360108 -3103.328786 -284989.975047 -2105382.080632 -0.607045 -0.369238 0.703676 0.389526 0.633563 0.668482 -0.692652 0.679898 -0.240773
-24.716316 -2210.340586 -24330.744541 870798.824854 -0.542588 -0.309326 0.780971 -0.606435 0.787573 -0.109387 -0.581235 -0.532960 -0.614914
-312.483794 -3476.534421 -124602.017433 2316642.241803 -0.616484 -0.344886 0.707814 -0.365170 0.921672 0.131038 -0.697566 -0.177690 -0.694139
-243.587493 -1898.737110 -94981.918473 -571215.618735 -0.626363 -0.335747 0.703522 0.735839 -0.552558 0.391434 0.257314 0.762858 0.593158
-21.185492 -2204.161407 -7930.762154 -742453.908869 -0.641034 -0.425595 0.638706 0.767480 -0.347759 0.538552 -0.007089 0.835423 0.549561
-756.616778 -1930.645580 247603.763772 310385.861884 0.693321 0.423740 -0.582881 0.476889 0.336611 0.811954 -0.540261 0.840915 -0.031302
-5.054754 -29.199344 1983.137188 324.830187 0.021551 0.490217 0.871334 -0.124545 0.866064 -0.484171 -0.991980 -0.098086 0.079719
-0.866251 -27.740646 1837.814916 320.253130 0.045292 0.410705 0.910643 -0.132426 0.906001 -0.402026 -0.990157 -0.102384 0.095423
-4.253787 -27.918647 1442.042527 -202.077517 0.029759 0.492224 0.869960 -0.075600 0.868960 -0.489073 -0.996694 -0.051215 0.063071
-2.665263 -47.626055 1598.319115 -2097.143041 -0.251525 -0.130360 -0.959031 0.883975 -0.434433 -0.172788 -0.394110 -0.891221 0.224506
3.923287 -51.643009 1310.076631 932.475210 -0.249542 -0.129331 -0.959689 0.917420 -0.348782 -0.191548 -0.309949 -0.928237 0.205687
0.174866 -50.183448 2462.055341 -20.682062 -0.283925 -0.099565 -0.953663 0.919072 -0.311749 -0.241079 -0.273300 -0.944934 0.180020
-6.465562 -48.951823 2920.882706 -1158.104844 -0.296825 -0.092274 -0.950463 0.913221 -0.318380 -0.254285 -0.279144 -0.943462 0.178769
-4.809925 -40.156394 2287.921581 -2309.579786 -0.176683 -0.157249 -0.971625 0.848880 -0.523989 -0.069560 -0.498183 -0.837083 0.226066
-1.627099 -42.427808 2051.067172 -3509.260460 -0.172637 -0.160557 -0.971812 0.818764 -0.571863 -0.050969 -0.547560 -0.804484 0.230182
-6.803058 -44.094956 1506.972491 -1971.529555 -0.245515 -0.140946 -0.959092 0.884907 -0.436549 -0.162371 -0.395805 -0.888572 0.231903
26.774253 -288.132082 4149.638851 41385.251168 0.201757 0.023623 0.979151 0.878585 -0.446202 -0.170270 0.432876 0.894621 -0.110779
16.465286 -266.986185 2463.710937 13376.036606 0.241608 0.014441 0.970266 0.955387 -0.178591 -0.235245 0.169884 0.983817 -0.056946
26.439263 -291.025832 4955.072442 1129.989635 0.253299 0.050076 0.966091 0.967342 -0.003408 -0.253451 -0.009399 0.998740 -0.049304
53.808184 -391.247831 8761.650570 92295.870972 0.260102 0.099794 0.960410 0.916819 -0.337613 -0.213216 0.302970 0.935980 -0.179307
43.449636 -318.253905 7742.531866 -36618.097469 0.230533 0.094307 0.968484 0.942939 0.224087 -0.246274 -0.240250 0.969995 -0.037267
-22.080603 -77.991456 77.616601 13194.966942 0.576153 -0.698508 0.424422 0.805228 0.396019 -0.441335 0.140197 0.596033 0.790626
-27.471512 -77.436260 -1178.791673 5241.168446 0.256292 -0.351376 -0.900472 0.015166 0.932934 -0.359727 0.966480 0.078539 0.244433
-28.748500 -77.553649 -635.212993 1065.748153 0.223637 -0.299128 -0.927636 0.120779 0.952911 -0.278161 0.967160 -0.049832 0.249234
-26.211608 -83.017539 440.249156 5502.997351 0.160942 -0.296220 -0.941462 0.043000 0.955096 -0.293159 0.986027 0.006699 0.166453
-48.927463 -54.351232 -920.834030 1740.230219 -0.680358 0.631527 0.371870 0.728503 0.527392 0.437197 0.079981 0.568359 -0.818884
20.700262 -15.534477 -1133.850283 -1189.608376 0.855935 0.346336 0.383962 0.280934 0.311926 -0.907622 0.434110 -0.884734 -0.169690
-24.594092 -32.869858 2019.804035 -782.079873 -0.367408 0.707969 0.603150 0.928636 0.243374 0.280009 0.051447 0.662985 -0.746863
-21.398654 -33.760473 1784.632560 441.699984 -0.081777 0.738158 0.669654 0.995579 0.091648 0.020556 -0.046199 0.668374 -0.742389
-17.335831 -36.942693 701.596989 137.408195 -0.148672 0.704271 0.694189 0.984858 0.168749 0.039724 -0.089168 0.689584 -0.718696
96.887357 -34.854212 -25236.282743 -647.312128 0.516935 -0.578470 -0.630992 0.665565 0.735158 -0.128707 0.538332 -0.353433 0.765038
57.697611 -40.580670 -31997.122943 -657.604786 0.635031 -0.608068 -0.476435 0.642030 0.758423 -0.112216 0.429574 -0.234625 0.872019
14.877410 -41.931213 -22880.653866 -502.974391 0.738044 -0.477963 -0.476279 -0.584336 -0.805701 -0.096940 0.337404 -0.349853 0.873934
-5.560993 -59.312881 132.905728 -309.680334 0.075263 0.347940 0.934491 0.901680 0.376430 -0.212777 -0.425804 0.858626 -0.285399
-4.454603 -57.699357 435.301029 -790.917287 0.093192 0.361412 0.927737 0.823940 0.495119 -0.275646 -0.558962 0.790088 -0.251641
-4.565271 -55.811802 442.583971 -534.058311 0.107022 0.371032 0.922433 0.767399 0.559070 -0.313910 -0.632175 0.741469 -0.224897
23.619309 -64.209695 -7405.865403 2845.417396 -0.256831 0.691063 0.675625 0.109470 0.715377 -0.690110 -0.960237 -0.103281 -0.259382
8.128927 -68.854477 -4407.492736 1565.508739 -0.271579 0.642618 0.716440 0.101599 0.759402 -0.642640 -0.957038 -0.101738 -0.271527
11.510456 -64.806288 -4313.368557 -2530.872288 -0.263213 0.631182 0.729609 0.226179 0.775572 -0.589348 -0.937850 0.009898 -0.346900
0.462538 -70.862266 -1865.214769 -1005.195368 -0.270632 0.594845 0.756914 0.208881 0.803807 -0.557013 -0.939748 0.007360 -0.341788
27.610072 -58.246123 -8708.107983 -1806.092435 -0.255998 0.693326 0.673620 0.205488 0.719944 -0.662914 -0.944584 -0.031284 -0.326775
16.375603 -64.938510 -7571.359453 -6835.960347 -0.283640 0.616609 0.734399 0.277588 0.785858 -0.552604 -0.917874 0.047120 -0.394064
7.490559 -71.601681 -2724.233839 -4535.946761 -0.257514 0.576475 0.775476 0.356461 0.802612 -0.478277 -0.898122 0.153264 -0.412174
0.623259 -72.895870 -982.932050 -1609.364976 -0.249361 0.584554 0.772085 0.391586 0.790048 -0.471683 -0.885709 0.184718 -0.425910
-2.297428 -116.442208 -150.369013 -5795.999955 0.093960 0.358003 0.928981 0.376689 0.850955 -0.366034 -0.921562 0.384329 -0.054900
-10.838259 -71.878520 -789.104105 -1230.612613 -0.222249 0.556638 0.800475 0.566908 0.741735 -0.358391 -0.793234 0.374144 -0.480413
-10.906489 -69.273652 -1027.185044 1048.823956 -0.224204 0.553468 0.802126 0.469122 0.782735 -0.408963 -0.854200 0.284604 -0.435136
7.003666 -78.559786 -663.724392 -10.377961 0.044097 0.404673 0.913398 -0.109133 0.910767 -0.398239 -0.993049 -0.082120 0.084325
7.510653 -77.513872 -1.013159 -694.823070 0.058134 0.438304 0.896945 -0.276873 0.870297 -0.407338 -0.959146 -0.224660 0.171948
5.384441 -82.763517 -704.341521 511.075143 0.033450 0.435685 0.899477 -0.249110 0.875211 -0.414668 -0.967897 -0.210198 0.137809
10.314736 -76.691633 917.185548 960.604972 0.149121 -0.554754 -0.818542 0.961330 0.275164 -0.011354 0.231532 -0.785196 0.574334
11.009611 -79.525266 527.410212 557.577113 0.142389 -0.564100 -0.813336 0.989557 0.099737 0.104066 0.022416 -0.819661 0.572411
10.513780 -78.915134 413.690394 1223.469457 0.140069 -0.579420 -0.802903 0.979544 0.199413 0.026977 0.144478 -0.790257 0.595499
12.178059 -84.958874 -12.848120 2669.540724 0.124959 -0.597054 -0.792409 0.986957 -0.006901 0.160837 -0.101497 -0.802171 0.588404
12.725585 -76.379582 1428.907284 770.732832 0.164971 -0.571420 -0.803905 0.917660 0.387671 -0.087244 0.361503 -0.723319 0.588324
1.936032 -48.963940 -885.055570 -1687.097068 0.011623 0.370917 0.928593 0.828000 0.517077 -0.216906 -0.560608 0.771396 -0.301109
2.771051 -50.747030 -845.973908 -643.229065 -0.009117 0.359040 0.933278 0.891350 0.425937 -0.155154 -0.453224 0.830463 -0.323913
-8.974937 -41.832450 -14.032452 -151.568155 -0.063360 -0.516961 -0.853661 0.733256 0.556138 -0.391210 0.676994 -0.650739 0.343828
-7.719849 -45.155150 -107.178226 -1768.189834 -0.027763 -0.494385 -0.868799 0.669835 0.635937 -0.383281 0.741991 -0.592593 0.313501
-7.842022 -45.440296 -159.367187 -1212.270175 -0.035808 -0.526055 -0.849696 0.702052 0.591859 -0.396012 0.711225 -0.610711 0.348125
-8.053103 -41.599475 -380.160499 -243.197054 -0.066452 -0.548261 -0.833663 0.772090 0.500982 -0.391016 0.632029 -0.669647 0.390015
2.838850 -189.546407 118.277012 -9393.469513 0.776242 -0.411946 0.477230 0.033832 0.783114 0.620957 -0.629526 -0.465868 0.621823
3.439692 -169.455549 768.300087 4353.755082 0.789264 -0.382761 0.480163 0.097071 -0.694350 -0.713060 -0.606333 -0.609403 0.510871
5.344668 -188.199357 -41.517383 -9017.648623 0.769324 -0.386297 0.508836 0.205506 -0.604505 -0.769637 -0.604903 -0.696669 0.385674
4.388083 -187.287366 -190.821204 11173.492822 0.763643 -0.406515 0.501593 -0.098946 0.694030 0.713114 -0.638012 -0.594195 0.489768
6.138301 -224.887903 -495.919774 -27583.727837 0.730608 -0.398685 0.554313 0.352465 -0.475084 -0.806265 -0.584791 -0.784440 0.206577
-11.721941 -41.897695 -613.002600 634.905459 0.922050 -0.305356 0.237868 0.058397 0.717243 0.694372 0.382640 0.626355 -0.679166
-12.330325 -42.339384 -806.964414 -437.399752 0.909254 -0.354702 0.217815 0.069250 0.644906 0.761118 0.410440 0.676966 -0.610947
-12.205954 -44.517588 -205.905323 -5.307334 0.900418 -0.337255 0.274786 0.068770 0.734060 0.675593 0.429556 0.589419 -0.684154
-11.830832 -46.070993 -177.405681 1886.326718 0.917842 -0.284983 0.276316 0.061613 0.789950 0.610068 0.392134 0.542922 -0.742608
-1124.292537 -10013.422628 306699.222449 4680853.922913 -0.459946 0.109005 -0.881231 0.603117 0.766729 -0.219947 0.651690 -0.632649 -0.418397
