17444
34877
-42.173385 -58.990214 1737.840582 7063.509692 -0.372851 0.907769 0.192194 0.295610 0.312545 -0.902735 0.879544 0.279771 0.384878
-41.540562 -68.185562 937.424502 5419.057948 -0.380797 0.922382 0.064841 0.440676 0.242683 -0.864239 0.812895 0.300526 0.498885
-53.085141 -81.563890 2633.530662 11685.439035 -0.510033 0.707017 0.489891 0.250446 0.666927 -0.701773 0.822887 0.235236 0.517224
-33.525439 -53.369760 -564.339705 3982.959347 -0.280551 0.939678 -0.195696 0.427825 -0.060089 -0.901862 0.859219 0.336741 0.385160
-37.142277 -78.093266 -2947.421290 18346.540886 -0.423576 0.711272 0.560959 0.118401 0.657414 -0.744170 0.898089 0.248795 0.362680
-32.770599 -51.942666 -3459.015185 10406.101680 -0.357640 0.842467 0.402917 0.114754 0.467830 -0.876337 0.926782 0.267177 0.263992
-28.684632 -45.943929 -407.791380 5760.683254 -0.225682 0.940504 -0.254010 0.337444 -0.169127 -0.926028 0.913892 0.294701 0.279199
13.278426 -94.157619 2193.352176 11123.128849 0.003386 0.781333 0.624105 0.396061 0.572023 -0.718279 0.918218 -0.249615 0.307519
6.762000 -76.663239 -0.714020 3455.081743 -0.018607 0.780813 0.624487 0.272719 0.604875 -0.748165 0.961914 -0.156388 0.224197
8.123609 -73.268216 3282.696225 2635.058579 -0.020503 0.767864 0.640285 0.258225 0.622758 -0.738575 0.965867 -0.150195 0.211050
6.539440 -74.254942 -1243.226211 -2761.499622 0.001051 0.770842 0.637025 0.128199 0.631665 -0.764568 0.991748 -0.082470 0.098157
20.438293 -85.347105 7298.773891 13055.088905 -0.022275 0.741702 0.670360 0.312759 0.642040 -0.699976 0.949571 -0.194069 0.246275
21.683088 -69.532830 9861.560877 3676.913456 -0.044612 0.726179 0.686057 0.208630 0.678370 -0.704476 0.976976 -0.111704 0.181767
7.915610 -73.141258 3856.692577 -4339.867073 -0.023819 0.773372 0.633505 0.137580 0.630191 -0.764154 0.990204 -0.068957 0.121411
-36.582078 -54.583058 -1235.805925 -2616.259590 -0.264784 0.955563 0.129569 -0.770366 -0.128793 -0.624458 0.580022 0.265163 -0.770236
-37.997388 -61.249530 -1388.799490 -4069.646149 -0.256847 0.955695 0.143792 -0.836519 -0.145329 -0.528313 0.484009 0.255981 -0.836785
-38.473405 -54.885603 -1531.262022 -2324.920042 -0.262839 0.939221 0.220863 -0.803620 -0.086424 -0.588834 0.533957 0.332258 -0.777492
27.100320 -47.636561 1678.246278 -1105.972937 0.186087 0.963946 0.190212 -0.560620 0.263156 -0.785146 0.806893 -0.039469 -0.589377
22.510421 -47.222696 -475.115137 -412.111951 0.187274 0.968881 0.161861 -0.652264 0.245859 -0.717011 0.734493 -0.028702 -0.678009
25.708027 -44.501676 -4282.376335 -1943.341966 0.241688 0.955530 0.168965 -0.565669 0.280220 -0.775561 0.788420 -0.091866 -0.608239
17.036137 -49.087129 7065.832009 -424.685425 0.110016 0.971533 0.209810 -0.641952 0.230612 -0.731242 0.758811 0.054240 -0.649049
28.269754 -43.736140 -5315.638237 -477.989572 0.255366 0.950006 0.179657 -0.507942 0.289932 -0.811132 0.822668 -0.115880 -0.556587
15.620606 -48.551409 8682.330188 -670.062279 0.101321 0.966670 0.235122 -0.538527 0.252011 -0.804039 0.836494 0.045154 -0.546112
27.022638 -44.047330 1983.224785 -728.526504 0.207236 0.951854 0.225892 -0.455821 0.298258 -0.838612 0.865610 -0.070825 -0.495684
-15.523003 -47.877064 -141.018679 -1088.593482 0.353097 0.895512 0.270890 -0.828016 0.164319 0.536087 -0.435560 0.413592 -0.799518
-18.101223 -48.000193 -865.944870 149.031206 0.362797 0.883501 0.296319 -0.777980 0.112126 0.618203 -0.512958 0.454812 -0.728025
-17.231406 -47.025116 -535.345816 912.024954 0.403951 0.870958 0.279744 0.809756 -0.198176 -0.552287 -0.425581 0.449621 -0.785317
-18.616223 -23.825201 1401.791785 4783.851802 -0.115710 0.922286 0.368783 -0.835325 -0.291242 0.466272 -0.537441 0.254101 -0.804108
-20.981596 -27.030518 840.576154 2671.746095 0.104828 0.976279 0.189450 -0.856923 -0.007999 0.515383 -0.504672 0.216370 -0.835757
-17.351021 -22.126364 3985.262528 -213.281701 -0.574361 0.584254 0.573373 0.594174 0.779346 -0.198938 -0.563087 0.226421 -0.794775
-2.865166 -41.618941 1286.513723 6220.004750 0.066897 0.940919 -0.331957 -0.461314 -0.265838 -0.846475 0.884711 -0.209763 -0.416276
-4.026834 -41.003447 244.038183 1082.945538 0.079021 0.945591 -0.315616 -0.345182 -0.271066 -0.898539 0.935203 -0.179948 -0.304981
-2.356111 -42.746624 56.476252 5597.916064 0.093212 0.946236 -0.309756 -0.453060 -0.236724 -0.859475 0.886593 -0.220452 -0.406637
-1.469987 -45.060491 -79.248268 -160.604496 0.080143 0.940984 -0.328826 -0.493246 -0.249229 -0.833422 0.866190 -0.228985 -0.444163
-0.706608 -45.328740 -949.692354 909.393779 0.102178 0.942798 -0.317321 -0.485759 -0.231084 -0.842994 0.868100 -0.240277 -0.434361
-1.038600 -42.357569 -927.916788 4690.462170 0.110274 0.943431 -0.312694 -0.429976 -0.238365 -0.870806 0.896081 -0.230479 -0.379367
5.064883 -47.242772 -477.366095 3412.973897 -0.073997 0.912598 -0.402107 0.987448 0.010630 -0.157586 -0.139539 -0.408720 -0.901929
5.916702 -44.304260 -234.349609 2390.103016 -0.053087 0.911708 -0.407394 0.974894 -0.041030 -0.218857 -0.216249 -0.408784 -0.886641
7.405646 -42.869140 -674.411482 1227.479889 -0.074165 0.908703 -0.410802 0.969288 -0.031172 -0.243944 -0.234478 -0.416278 -0.878483
6.246240 -46.941042 -109.168108 -4380.018185 -0.071901 0.914650 -0.397802 0.930758 -0.081824 -0.356364 -0.358498 -0.395880 -0.845434
7.791286 -47.574122 -143.437217 -4499.432542 -0.076535 0.906767 -0.414628 0.923905 -0.091859 -0.371432 -0.374889 -0.411505 -0.830736
7.005529 -69.030408 -886.111566 2049.098868 -0.035293 0.935275 -0.352157 -0.835472 -0.220976 -0.503146 0.548398 -0.276460 -0.789195
11.796213 -70.598152 -1717.739195 4684.835964 -0.038444 0.938623 -0.342796 -0.899181 -0.182135 -0.397869 0.435885 -0.292940 -0.850994
6.906398 -67.963111 -1380.280735 3325.747202 -0.049167 0.927290 -0.371101 -0.911344 -0.193687 -0.363232 0.408699 -0.320342 -0.854603
11.810399 -68.478753 -1727.962173 1289.389385 -0.058158 0.932987 -0.355180 -0.942430 -0.168671 -0.288749 0.329308 -0.317940 -0.889084
-10.059561 -86.305924 -209.826361 -5961.776907 0.077208 0.947953 0.308908 -0.538820 0.300362 -0.787055 0.838875 0.105679 -0.533967
-7.459476 -74.688080 192.258396 -2541.248899 0.074108 0.950682 0.301183 -0.393912 0.305360 -0.866942 0.916156 0.054392 -0.397115
-10.469417 -82.713623 1296.870309 -4854.172529 0.066166 0.950324 0.304148 -0.471646 0.298401 -0.829763 0.879302 0.088548 -0.467961
-11.464294 -93.002672 1519.636038 -4979.003825 0.082536 0.946641 0.311541 -0.654676 0.287196 -0.699226 0.751390 0.146248 -0.643448
-2.704822 -51.443342 -420.572719 391.727052 -0.057865 0.997024 -0.050939 0.869108 0.075417 0.488838 -0.491225 0.015985 0.870886
-0.383261 -51.831229 373.950218 2271.919060 -0.068306 0.995307 -0.068537 0.803475 0.095604 0.587611 -0.591406 0.014930 0.806235
-2.490480 -53.114073 323.023361 1213.247652 -0.058133 0.997108 -0.048951 0.848705 0.075181 0.523496 -0.525663 0.011112 0.850621
-3.356256 -55.339711 -173.779213 -2435.131035 -0.053612 0.997574 -0.044411 0.904304 0.067366 0.421540 -0.423509 0.017562 0.905722
-22.317075 -37.758171 2744.341175 1537.459508 -0.508594 0.252295 -0.823213 0.063957 0.964534 0.256093 0.858628 0.077597 -0.506692
-20.211478 -43.659344 3220.884251 2048.740781 -0.515147 -0.001326 -0.857101 0.031558 0.999291 -0.020514 0.856521 -0.037616 -0.514740
-15.898182 -37.841467 2758.338777 2344.559661 -0.537639 0.007171 -0.843145 -0.020562 0.999555 0.021612 0.842924 0.028957 -0.537252
-16.497240 -31.203854 2187.543251 2458.094511 -0.549965 0.133253 -0.824489 -0.015888 0.985342 0.169848 0.835036 0.106510 -0.539787
128.999092 -45.420044 13237.719974 -3858.033717 -0.505280 0.847984 0.160049 0.847478 0.522577 -0.093243 0.162706 -0.088524 0.982695
117.918306 -38.053471 2318.361855 3284.889799 -0.490962 0.838395 0.236749 0.798033 0.541814 -0.263782 0.349427 -0.059427 0.935077
119.206238 -42.854679 -25312.195886 -216.129327 -0.372094 0.727756 0.576122 0.816124 0.552179 -0.170409 0.442139 -0.406779 0.799402
105.943760 -40.968734 24512.037408 1283.332389 -0.521050 0.853525 -0.001134 0.823928 0.502634 -0.261731 0.222824 0.137309 0.965140
149.770015 -46.671023 28029.223520 -4497.964908 0.394909 -0.770777 -0.499950 0.871342 0.486727 -0.062120 0.291220 -0.411095 0.863824
99.500440 -40.382738 -38644.138867 1000.331933 0.506706 -0.839528 0.196066 0.858384 0.470145 -0.205283 0.080161 0.272318 0.958862
158.351429 -44.143816 -48976.191079 -1918.310763 0.509925 -0.848000 0.144473 0.860171 0.504432 -0.075200 -0.009107 0.162618 0.986647
-7.751673 -52.044799 -1891.423216 79.228972 -0.113580 0.991648 -0.061106 0.979989 0.101700 -0.171113 0.163469 0.079318 0.983355
-7.472557 -49.666874 -158.592527 1467.040714 -0.113606 0.988068 -0.104000 0.974941 0.090716 -0.203128 0.191270 0.124470 0.973613
-6.645310 -53.994502 1070.451625 -5661.150780 0.145376 -0.986143 0.079922 0.989055 0.142796 -0.037129 0.025202 0.084445 0.996109
-7.781471 -56.264754 -1326.180451 6577.651589 -0.065198 0.994639 -0.080269 0.947311 0.036413 -0.318238 0.313608 0.096788 0.944607
-5.628528 -54.456485 -2729.045460 -3990.229914 -0.136187 0.989949 -0.038136 0.989138 0.133724 -0.061032 0.055319 0.046034 0.997407
-5.131528 -55.986437 -1583.002478 2440.695427 -0.046342 0.997303 -0.056908 0.966934 0.030483 -0.253199 0.250781 0.066760 0.965739
-13.422875 -47.641260 -1340.260376 -2031.249212 -0.099016 0.985915 0.134788 -0.980999 -0.119425 0.152898 -0.166841 0.117087 -0.979007
-12.934485 -44.771392 730.705455 2881.826859 -0.041869 0.983740 0.174650 0.993780 0.059058 -0.094410 -0.103189 0.169611 -0.980094
-11.685793 -46.388366 -834.307773 2184.065096 -0.062685 0.990216 0.124674 0.995757 0.070484 -0.059155 -0.067363 0.120437 -0.990433
-11.042081 -48.556565 -1803.902060 -1279.443940 -0.114152 0.988498 0.099203 -0.983860 -0.126334 0.126727 -0.137802 0.083136 -0.986964
-12.372857 -48.796324 -1912.853387 -80.461704 -0.147927 0.982909 0.109580 -0.959646 -0.169447 0.224428 -0.239160 0.071959 -0.968310
-14.793370 -48.215846 -990.339695 742.212345 -0.107788 0.982504 0.151884 -0.957110 -0.143877 0.251474 -0.268927 0.118264 -0.955872
-0.872533 -107.237286 -2295.339823 5999.403282 0.044182 0.998740 -0.023815 -0.857978 0.050145 0.511232 -0.511782 0.002155 -0.859113
-0.473281 -100.095406 -1972.349864 1329.806020 0.016352 0.999852 0.005310 -0.779588 0.009424 0.626221 -0.626079 0.014380 -0.779627
-1.409832 -99.895789 344.031937 5170.809759 0.044285 0.998966 0.010299 -0.840566 0.031688 0.540782 -0.539896 0.032605 -0.841100
-2.627290 -105.646653 1268.287077 5613.390986 0.082021 0.996567 0.011292 -0.923468 0.071734 0.376910 -0.374806 0.041342 -0.926181
-5.882051 -268.461045 -3996.778258 -37263.436630 0.939823 0.334331 0.070391 -0.171486 0.283399 0.943545 -0.295508 0.898837 -0.323678
-1.561328 -270.346786 -8349.846318 23844.152592 0.917002 0.391241 0.077705 -0.016440 -0.157570 0.987371 -0.398544 0.906698 0.138059
-13.803026 -263.602649 -1967.286236 -37952.813855 0.948842 0.300872 0.095787 -0.168393 0.225561 0.959566 -0.267100 0.926606 -0.264686
-14.444712 -248.781988 -1090.521797 -59505.191864 0.948084 0.301995 0.099682 -0.263346 0.569803 0.778443 -0.178287 0.764280 -0.619750
-10.261825 -259.912469 -1325.392634 -67973.988115 0.940754 0.325208 0.096032 -0.287868 0.616278 0.733031 -0.179205 0.717246 -0.673383
-8.536489 -137.819423 -15.462630 -5797.807620 0.967965 0.211225 0.135749 -0.239430 0.939309 0.245707 0.075611 0.270338 -0.959792
-9.181063 -137.756397 -52.969426 -3964.682921 -0.962146 -0.242681 -0.124017 -0.249648 0.967342 0.043886 0.109317 0.073185 -0.991309
-8.043602 -146.938160 -952.536973 -6437.011445 0.972707 0.207140 0.104565 -0.229449 0.925769 0.300507 0.034556 0.316298 -0.948030
-31.489721 -43.430450 -1736.224683 2946.977969 0.619523 0.762056 0.188316 -0.582979 0.286013 0.760481 -0.525668 0.580920 -0.621454
-28.211687 -46.058520 -1658.038541 -524.457063 0.644413 0.748052 0.158589 -0.617132 0.386302 0.685507 -0.451531 0.539620 -0.710584
-27.192841 -45.995748 -3137.065412 1126.088106 0.498686 0.831734 0.243990 -0.685284 0.205959 0.698547 -0.530753 0.515557 -0.672683
-28.196286 -41.371699 -3030.419276 2530.390407 0.416778 0.846086 0.332316 -0.689627 0.056133 0.721986 -0.592209 0.530082 -0.606879
-32.776789 -36.510438 -1603.362013 2293.223404 0.368237 0.798622 0.476030 -0.712395 -0.086627 0.696412 -0.597407 0.595565 -0.537035
-3.533023 -142.602943 2353.665014 13106.921815 0.947958 0.315336 0.044034 -0.180849 0.647091 -0.740653 0.262049 -0.694144 -0.670444
-6.642919 -133.523708 1125.521985 10287.168268 0.954840 0.295259 0.033201 -0.205691 0.737516 -0.643242 0.214410 -0.607365 -0.764942
-3.885578 -126.650144 2380.381480 5393.588232 0.949677 0.305341 0.069863 -0.214775 0.797118 -0.564336 0.228004 -0.520932 -0.822584
-1.565624 -168.595915 2241.026333 14643.425111 0.944660 0.324201 0.050116 -0.203392 0.698676 -0.685918 0.257390 -0.637766 -0.725951
441.103658 -473.634115 262714.949708 -80540.900514 0.378133 0.028925 0.925299 0.921871 -0.103183 -0.373507 0.084672 0.994242 -0.065682
-13.168903 -419.223430 -2593.770481 -150306.509886 0.992989 0.036360 -0.112473 0.116240 -0.127620 0.984988 -0.021460 0.991156 0.130952
18.045834 -326.187211 28031.646204 -74514.461681 0.835719 -0.130584 0.533406 -0.503622 0.205018 0.839245 0.218950 0.970008 -0.105573
5.614670 -354.797363 24096.598558 79745.143883 0.915025 -0.173030 0.364404 -0.371959 -0.012272 0.928168 0.156129 0.984840 0.075590
-16.381956 -95.123560 4749.969232 -9416.334822 0.982927 -0.078888 0.166224 -0.133395 0.316696 0.939100 0.126726 0.945241 -0.300766
8.537778 -117.801239 -1036.641633 -2953.862125 0.993269 0.097419 -0.062657 0.032137 0.287919 0.957115 -0.111282 0.952687 -0.282851
10.321017 -123.148613 -1529.399952 -6011.739790 0.993471 0.082871 -0.078413 0.064748 0.156343 0.985578 -0.093935 0.984220 -0.149956
10.258534 -123.901347 -667.508361 -1607.637088 0.993262 0.095121 -0.066207 0.062187 0.044622 0.997067 -0.097797 0.994465 -0.038406
2.620502 -32.511618 -2648.019172 -1795.345304 0.733719 0.673023 0.093252 -0.675386 0.707432 0.208313 -0.074230 0.215824 -0.973607
6.102942 -29.945317 -2345.485046 1123.885376 0.680219 0.724294 0.112691 0.732498 -0.665924 -0.141394 -0.027367 0.178725 -0.983518
5.114881 -31.311604 -169.271850 1689.087811 0.639259 0.753570 0.153232 0.767735 -0.614026 -0.183183 -0.043953 0.234743 -0.971063
-0.384119 -33.206202 82.173271 1730.131950 0.670012 0.727772 0.146396 0.736263 -0.626266 -0.256335 -0.094871 0.279533 -0.955437
0.045736 -33.680419 1695.764563 2288.514102 0.522540 0.825548 0.213125 0.850893 -0.489053 -0.191855 -0.054156 0.281599 -0.958003
26.350558 7.388877 10720.637256 4364.630482 -0.573560 -0.656081 0.490497 -0.264963 0.715176 0.646775 -0.775128 0.241001 -0.584033
40.274654 17.679520 8723.893408 -129.859969 -0.717685 -0.352936 0.600304 -0.037655 0.880457 0.472629 -0.695349 0.316594 -0.645180
46.040292 13.085826 11846.401771 -1775.139702 -0.692660 -0.236983 0.681220 0.031723 0.933557 0.357023 -0.720566 0.268906 -0.639120
-5.922067 -120.795600 -1774.155139 -1420.801903 -0.028698 0.981279 0.190443 0.484992 -0.152924 0.861044 -0.874048 -0.117073 0.471524
-11.801923 -115.349294 -2352.976011 -2436.182920 -0.038134 0.981806 0.186018 0.396815 -0.155968 0.904551 -0.917106 -0.108309 0.383648
-6.573851 -118.302458 -3307.549243 -3209.971471 -0.060911 0.983412 0.170853 0.263249 -0.149282 0.953108 -0.962803 -0.103032 0.249789
-2.724791 -124.016301 -1437.022502 -1695.914325 -0.062909 0.980414 0.186633 0.338298 -0.154984 0.928189 -0.938934 -0.121529 0.321922
6.165751 -47.494925 -68.954301 -869.962499 0.103074 0.978859 0.176666 -0.302218 0.200035 -0.932014 0.947650 -0.042675 -0.316447
5.743233 -45.684614 -370.235398 -971.636258 0.102961 0.972904 0.207017 -0.232455 0.225895 -0.946011 0.967142 -0.049280 -0.249415
7.004927 -48.343070 -589.546047 -258.331214 0.103148 0.975414 0.194750 -0.356677 0.219045 -0.908185 0.928516 -0.024214 -0.370502
-945.650235 -1464.583304 -275849.962086 -125291.370699 0.119367 -0.772623 0.623543 0.985329 0.169341 0.021203 -0.121973 0.611864 0.781502
177.386686 -8899.539715 -200327.190345 4941972.267706 0.390694 -0.512753 0.764488 0.894916 0.017057 -0.445909 0.215601 0.858367 0.465535
767.627540 -126036.525558 -1042585.830141 -69013942.822288 0.726545 -0.244988 0.641961 -0.503546 -0.825525 0.254852 -0.467519 0.508418 0.723144
-80.782239 -983.314385 -26923.694905 356506.902106 0.553018 -0.479822 0.681132 0.822290 0.446007 -0.353436 -0.134203 0.755545 0.641203
-217.161343 -2638.996697 -62683.871315 -4918.843667 0.747548 -0.342328 0.569195 0.187008 0.930763 0.314178 -0.637338 -0.128419 0.759809
-262.860104 -3440.791281 -47808.031103 645.245451 0.607268 -0.258939 0.751117 -0.011388 0.942465 0.334111 -0.794415 -0.211448 0.569380
-201.638127 -4445.713030 9854.852191 -1347030.939274 0.535439 -0.459866 0.708399 0.391741 0.878308 0.274070 -0.748228 0.130761 0.650428
-16.264513 -59.923871 4072.316041 11517.531793 -0.074617 0.874047 -0.480077 0.398023 -0.415305 -0.817985 0.914336 0.252117 0.316902
-12.755024 -55.744770 515.682210 2896.020565 -0.097545 0.914009 -0.393792 0.537462 -0.284641 -0.793797 0.837628 0.289079 0.463480
-11.735857 -59.083595 286.587265 11484.317897 -0.056678 0.908129 -0.414837 0.372268 -0.366318 -0.852776 0.926393 0.202764 0.317305
-13.262231 -53.144288 1409.060879 7682.698027 -0.059066 0.885243 -0.461363 0.334075 -0.417992 -0.844794 0.940694 0.204028 0.271048
-7.736487 -48.822902 -1013.519807 7083.950034 -0.038981 0.931549 -0.361519 0.298096 -0.334478 -0.894015 0.953739 0.142618 0.264653
-9.369685 -55.780412 -2446.483312 11599.233749 -0.028711 0.941204 -0.336618 0.333924 -0.308379 -0.890728 0.942163 0.137978 0.305437
-28.064348 -52.979177 -41584.213198 34639.170249 0.748739 0.345117 0.565937 -0.459110 0.885833 0.067211 -0.478130 -0.310150 0.821705
-36.273708 -138.684424 13516.200815 -68797.163358 -0.241962 -0.775965 -0.582523 0.911445 -0.387657 0.137803 -0.332749 -0.497595 0.801047
-100.767123 -906.117197 -15495.038504 -494146.808567 -0.063677 0.886473 0.458379 0.804925 -0.225900 0.548693 -0.589950 -0.403900 0.699160
-47.145655 -64.946345 118.638024 -1955.617847 0.553015 -0.404822 0.728213 0.670915 0.734606 -0.101127 -0.494011 0.544494 0.677849
-51.041432 -65.523956 1868.325825 -1500.496139 0.571659 -0.516172 0.637787 0.692881 0.720033 -0.038305 -0.439456 0.463808 0.769260
-49.759994 -67.773899 2093.096729 -739.708800 0.505434 -0.529293 0.681458 0.779364 0.618972 -0.097290 -0.370309 0.580278 0.725361
-46.157344 -67.854643 -2662.237765 -1496.481256 0.410486 -0.431805 0.803147 0.812021 0.573827 -0.106509 -0.414876 0.695893 0.586183
-43.900492 -63.627149 -4888.573272 -1708.892614 0.449029 -0.328130 0.831085 0.696285 0.711408 -0.095318 -0.559964 0.621473 0.547916
2504.663058 -75.479446 1238252.901213 9504.919508 0.338161 -0.019303 -0.940890 0.826453 0.484305 0.287095 0.450136 -0.874686 0.179726
1827.815137 -154.228387 756872.045998 42030.438950 0.049135 0.640305 -0.766547 0.897766 0.308035 0.314851 0.437724 -0.703650 -0.559709
915.798652 -58.745773 180024.306066 -8597.127973 0.309311 -0.271355 -0.911424 0.916228 0.341698 0.209209 0.254662 -0.899783 0.354314
518.067420 -62.997358 -166033.689584 4374.694432 0.440281 -0.795968 -0.415436 0.892232 0.336143 0.301547 -0.100376 -0.503430 0.858186
2117.508948 -122.887162 -817271.421282 8500.816089 0.646854 -0.577973 -0.497520 0.761948 0.517073 0.389963 0.031866 -0.631334 0.774856
7470.800749 -161.834262 4138669.617563 -19885.652227 0.239861 0.233573 -0.942290 0.781625 0.529214 0.330144 0.575786 -0.815706 -0.055628
17.963530 -67.387715 8062.725180 -9117.692587 0.741301 0.656438 -0.139868 0.136410 0.056689 0.989029 -0.657165 0.752247 0.047521
-2.166723 -53.931570 3093.543520 -3890.789604 0.721429 0.644958 -0.252129 0.154431 0.205079 0.966485 -0.675049 0.736187 -0.048348
-1.119328 -70.012920 4260.404449 -6897.583127 0.701154 0.636771 -0.320789 0.268387 0.181113 0.946132 -0.660569 0.749480 0.043913
56.650085 -84.690872 19520.927802 -8557.484396 0.770165 0.636085 -0.047359 0.187285 -0.154537 0.970074 -0.609730 0.755986 0.238148
47.391261 -68.701473 13261.603603 -8379.444813 0.732276 0.678737 0.055565 0.000340 -0.081956 0.996636 -0.681008 0.729794 0.060245
-15.396115 -42.825417 2123.669968 1884.858993 0.708546 0.384020 -0.592023 -0.574291 0.801325 -0.167538 -0.410065 -0.458702 -0.788315
-17.639317 -39.284724 -1037.561392 2192.646851 -0.713160 -0.400272 0.575487 -0.538394 0.838498 -0.083988 -0.448926 -0.369735 -0.813487
-5.610708 -42.424408 6858.090518 1105.540426 0.777125 0.341090 -0.528899 -0.515466 0.827123 -0.223972 -0.361070 -0.446683 -0.818598
-24.531594 -40.270380 438.207146 1497.805756 -0.577782 -0.547386 0.605423 -0.667463 0.743796 0.035505 -0.469746 -0.383583 -0.795112
-7.220301 -71.423822 400.066402 -8141.363693 -0.131963 0.966502 -0.220135 0.908847 0.029318 -0.416099 0.395706 0.254979 0.882271
-5.063410 -71.925014 512.949608 -8128.884882 -0.151775 0.963702 -0.219644 0.904300 0.045681 -0.424447 0.399006 0.263045 0.878408
-4.727358 -69.749890 616.314598 1229.816045 -0.150373 0.962354 -0.226412 0.929956 0.059968 -0.362747 0.335513 0.265101 0.903965
-6.170953 -70.364005 126.065236 203.444057 -0.124536 0.969406 -0.211524 0.923069 0.035004 -0.383038 0.363916 0.242953 0.899188
-7.298055 -69.594267 -586.822373 -8608.065905 -0.106545 0.974005 -0.199904 0.902207 0.010196 -0.431183 0.417936 0.226295 0.879841
8.117812 -82.179285 1617.763229 13676.771170 -0.170506 0.920479 -0.351633 -0.290878 0.293936 0.910490 -0.941445 -0.257526 -0.217629
10.833729 -69.822396 -173.141870 2013.448633 -0.221209 0.917061 -0.331760 -0.220595 0.284318 0.933006 -0.949950 -0.279574 -0.139406
11.215693 -80.543255 512.835576 10708.882971 -0.211722 0.909750 -0.357111 -0.324611 0.279192 0.903703 -0.921847 -0.307256 -0.236204
-0.613199 -99.817543 946.629332 4264.769913 -0.066186 0.950180 -0.304594 0.004869 0.305568 0.952158 -0.997795 -0.061537 0.024851
3.603598 -100.234731 2817.480709 848.149652 -0.032070 0.955282 -0.293952 -0.052475 0.292088 0.954951 -0.998107 -0.046051 -0.040761
-0.568527 -99.572394 1643.921110 -959.379619 -0.053528 0.952427 -0.300030 -0.244411 0.278825 0.928720 -0.968193 -0.123043 -0.217858
-4.833731 -100.247395 935.133594 1225.486029 -0.068696 0.946847 -0.314264 -0.198125 0.295785 0.934482 -0.977766 -0.126459 -0.167275
-4.522612 -96.905348 594.886860 6451.567678 -0.066985 0.944447 -0.321764 0.047984 0.325164 0.944439 -0.996599 -0.047824 0.067099
-0.189135 -151.729396 1030.648950 -9479.958425 -0.177779 0.757964 -0.627603 0.905258 0.376047 0.197727 0.385878 -0.532991 -0.753006
0.046949 -152.445447 873.968678 11796.303415 -0.139226 0.779729 -0.610441 -0.806235 -0.447183 -0.387315 0.574979 -0.438235 -0.690904
0.645310 -164.902406 1450.474299 9000.771533 -0.137414 0.781937 -0.608023 -0.769522 -0.470775 -0.431517 0.623661 -0.408591 -0.666409
5.123834 -75.837708 -2137.835986 -3290.063483 -0.161511 0.918929 -0.359839 0.549231 -0.219240 -0.806398 0.819914 0.327877 0.469295
4.537328 -76.352989 -168.979417 -2629.588103 -0.198604 0.915846 -0.348975 0.399295 -0.249567 -0.882202 0.895053 0.314552 0.316128
7.715529 -78.087177 -875.401073 -1991.376303 -0.176149 0.920990 -0.347489 0.377163 -0.262922 -0.888043 0.909241 0.287488 0.301050
7.694322 -77.351520 260.627287 -2835.158445 -0.162039 0.913110 -0.374131 0.511942 -0.246338 -0.822942 0.843599 0.324882 0.427543
-7.352649 -53.090705 -812.240549 -4095.921173 -0.355208 0.801249 -0.481485 -0.283310 0.398573 0.872281 -0.890822 -0.446250 -0.085425
-7.582074 -45.714834 -622.466838 705.736536 -0.315939 0.761808 -0.565536 -0.332504 0.469361 0.818010 -0.888608 -0.446485 -0.105015
-5.186771 -43.275262 -386.466055 2003.327386 -0.347824 0.785064 -0.512535 -0.332244 0.407982 0.850391 -0.876716 -0.466074 -0.118927
-5.772709 -54.158345 -641.330977 -3931.321303 -0.379408 0.811978 -0.443556 -0.279704 0.356312 0.891520 -0.881939 -0.462314 -0.091926
-3.719160 -44.764660 -643.390133 1207.285841 -0.385357 0.801545 -0.457193 -0.329883 0.343051 0.879485 -0.861787 -0.489736 -0.132219
-4.209592 -31.588265 3266.552347 2414.156031 -0.197625 0.867288 -0.456897 -0.492996 -0.490791 -0.718386 0.847289 -0.083277 -0.524562
-8.487482 -33.103220 1305.695686 2133.044750 -0.161676 0.879449 -0.447695 -0.446782 -0.469737 -0.761402 0.879913 -0.076922 -0.468867
-8.837096 -28.023290 437.356261 2608.551836 -0.178444 0.868255 -0.462915 -0.512148 -0.483672 -0.709765 0.840156 -0.110427 -0.530984
-1.847922 -30.770329 3202.336010 1884.343861 -0.185252 0.875219 -0.446849 -0.529004 -0.472029 -0.705226 0.828152 -0.105741 -0.550439
46.373187 -31.569142 -20478.517956 -2599.740344 0.167811 -0.972590 -0.160958 0.980967 0.180923 -0.070498 0.097687 -0.146064 0.984440
120.251992 -35.057770 41552.840421 -1079.677395 -0.100560 0.976151 0.192399 0.979420 0.131136 -0.153425 0.174997 -0.173012 0.969249
111.288032 -32.454580 -36704.431175 -1988.384702 0.032731 -0.973351 -0.226975 0.993182 0.057097 -0.101631 0.111882 -0.222101 0.968583
52.484438 -27.722594 -20266.562507 -2412.017942 0.109053 -0.976388 -0.186478 0.992724 0.116609 -0.030012 0.051048 -0.181849 0.982001
-15.356060 -88.947162 218.725960 124.027730 -0.222506 0.881556 -0.416353 -0.615972 0.203905 0.760921 -0.755691 -0.425771 -0.497644
-16.199917 -85.602102 282.804351 -2495.562412 -0.220196 0.881603 -0.417480 -0.725665 0.137958 0.674075 -0.651862 -0.451379 -0.609371
-14.619406 -88.492606 1253.677499 218.650308 -0.213616 0.869364 -0.445616 -0.598703 0.243944 0.762919 -0.771961 -0.429764 -0.468380
-13.516316 -88.773197 2444.828838 749.529101 -0.193801 0.871731 -0.450028 -0.436986 0.333998 0.835158 -0.878342 -0.358511 -0.316205
-14.314532 -90.866791 472.597225 -4.102178 -0.207891 0.880324 -0.426393 -0.515211 0.271998 0.812757 -0.831468 -0.388647 -0.397007
1.927525 -139.895059 1861.231561 12903.134524 -0.498221 0.419602 -0.758755 -0.199292 0.796250 0.571199 0.843835 0.435797 -0.313085
-1.065368 -131.270376 1532.006042 9733.833680 -0.502924 0.424336 -0.752998 -0.189181 0.796027 0.574937 0.843373 0.431602 -0.320065
2.256131 -154.405020 2022.617438 14364.609684 -0.501835 0.442946 -0.742940 -0.001728 0.858412 0.512958 0.864962 0.258704 -0.430016
2.317410 -177.711274 1176.882218 19258.870752 -0.481762 0.461607 -0.744866 0.027110 0.857454 0.513846 0.875883 0.227358 -0.425603
1.188915 -185.854720 2337.922870 19639.958043 -0.494066 0.478048 -0.726201 0.230431 0.877396 0.420806 0.838332 0.040567 -0.543649
-0.591554 -109.221910 521.929657 -9125.408039 0.739873 -0.287713 0.608119 0.266183 -0.704971 -0.657390 -0.617846 -0.648257 0.445005
1.794804 -97.167983 1079.755340 3466.528592 0.748425 -0.299280 0.591854 -0.101101 0.830483 0.547792 -0.655468 -0.469818 0.591297
-1.454683 -93.960927 480.366375 6454.459573 0.750073 -0.303695 0.587502 -0.161634 0.777214 0.608122 -0.641299 -0.551096 0.533881
-4.058613 -130.499613 655.196821 -12675.562625 -0.506234 0.510411 -0.695131 0.776876 -0.080051 -0.624544 -0.374420 -0.856196 -0.356002
-4.304927 -114.690673 -258.532078 2315.245601 -0.527047 0.494300 -0.691295 0.717753 -0.176639 -0.673521 -0.455031 -0.851156 -0.261688
-2.573776 -135.333110 125.803276 -13320.003832 -0.507751 0.505723 -0.697448 0.805918 -0.007260 -0.591982 -0.304442 -0.862665 -0.403885
-3.132046 -169.365306 420.525811 -26010.028266 -0.492197 0.510043 -0.705407 0.854608 0.129072 -0.502977 -0.165492 -0.850410 -0.499415
15.236758 -1518.895230 2477.780915 -579518.535467 -0.496954 0.410551 -0.764516 0.554095 0.828149 0.084547 0.667844 -0.381598 -0.639037
53.173371 -1038.349464 7211.808232 -193453.048421 -0.498785 0.416748 -0.759957 -0.163264 0.815940 0.554605 0.851210 0.400702 -0.338939
15.634391 -1627.055339 7141.494851 441933.380249 -0.460802 0.505326 -0.729594 -0.229979 0.726006 0.648093 0.857188 0.466434 -0.218331
8.273873 -31.908263 -4710.329600 -3267.972730 0.081805 0.686674 0.722349 -0.356022 0.697091 -0.622344 -0.930890 -0.206262 0.301497
15.271629 -32.399894 -693.921770 1529.509264 0.092614 0.784337 0.613383 0.376356 -0.597905 0.707719 -0.921834 -0.165306 0.350564
17.130866 -29.532371 -5288.666459 -884.821547 0.095204 0.670684 0.735608 -0.398489 0.702850 -0.589244 -0.912219 -0.237033 0.334174
-7.346203 -42.780771 -5128.100916 1874.618069 0.110057 0.492609 -0.863264 0.931284 -0.354571 -0.083602 -0.347271 -0.794743 -0.497782
-16.141544 -46.321527 -3066.240632 1820.782882 0.236193 0.460231 -0.855804 0.871778 -0.489380 -0.022575 -0.429203 -0.740739 -0.516808
-15.653391 -44.987226 -4244.916489 846.436891 0.290028 0.435001 -0.852442 0.878968 -0.473405 0.057474 -0.378549 -0.765938 -0.519652
-21.694445 -47.731178 -1771.227007 169.702872 0.378789 0.423808 -0.822743 0.796177 -0.602445 0.056229 -0.471827 -0.676348 -0.565626
4.822609 -42.742521 2050.663562 440.067589 -0.290583 0.835088 -0.467108 -0.772461 0.083359 0.629567 -0.564681 -0.543764 -0.620851
6.355847 -43.208412 827.760682 -1931.610585 -0.279299 0.834092 -0.475693 0.804511 -0.067164 -0.590128 -0.524170 -0.547522 -0.652277
5.058022 -43.941523 -472.638999 212.255589 -0.312144 0.831126 -0.460213 -0.753743 0.078220 0.652497 -0.578305 -0.550555 -0.602039
4.598638 -40.890839 127.728078 -696.644982 -0.335595 0.830140 -0.445245 -0.709623 0.088065 0.699057 -0.619525 -0.550556 -0.559532
5.506477 -43.966122 -1124.075435 -149.006250 -0.349158 0.834012 -0.427215 -0.683433 0.085264 0.725017 -0.641099 -0.545118 -0.540221
-8.744117 -47.530139 299.710117 -2125.101880 0.010423 0.939672 -0.341918 0.407708 0.308230 0.859516 -0.913053 0.148361 0.379900
-11.453268 -45.590171 2205.067996 -2203.770215 0.025085 0.927533 -0.372899 0.313184 0.346947 0.884049 -0.949361 0.138963 0.281785
-10.054296 -48.911382 -949.528039 -1213.669405 -0.047339 0.914789 -0.401148 0.385514 0.387215 0.837522 -0.921487 0.115001 0.370994
-6.609296 -47.593221 -335.490506 1430.444278 -0.004753 0.946632 -0.322281 0.502504 0.280899 0.817671 -0.864562 0.158061 0.477022
5.289974 -176.692591 -1170.983697 2092.486660 -0.377631 0.705438 -0.599793 0.824658 -0.038366 -0.564329 -0.421111 -0.707732 -0.567257
6.342353 -195.347900 -2660.400243 -1221.012769 -0.358482 0.706656 -0.610022 0.843919 -0.034060 -0.535388 -0.399113 -0.706737 -0.584151
5.782397 -175.501126 -2002.110210 -6000.772365 -0.401234 0.703415 -0.586702 0.691184 -0.187803 -0.697850 -0.601063 -0.685520 -0.410837
4.402658 -175.867095 -1875.459463 4742.686144 -0.330811 0.705831 -0.626392 0.928893 0.126437 -0.348096 -0.166498 -0.697006 -0.697468
5.629083 -165.237676 -458.359693 -4670.347921 -0.392901 0.705920 -0.589327 0.669531 -0.219707 -0.709547 -0.630363 -0.673354 -0.386312
0.996820 -172.194526 585.059932 1626.014973 -0.365776 0.722379 -0.586836 0.786401 -0.097346 -0.609997 -0.497776 -0.684611 -0.532473
0.960960 -172.591355 359.923994 6246.460439 -0.337950 0.723980 -0.601367 0.904250 0.072574 -0.420790 -0.261000 -0.685993 -0.679186
7.568062 -224.478576 4708.870281 -33805.721894 0.342146 -0.769320 0.539521 0.868032 0.478633 0.132022 -0.359800 0.423151 0.831557
10.337677 -279.091965 4582.245720 -42549.166399 0.307898 -0.766963 0.562997 0.942448 0.326935 -0.070037 -0.130348 0.552160 0.823486
4.101194 -272.215667 3340.465986 -41574.410276 0.328915 -0.759490 0.561239 0.939469 0.323564 -0.112718 -0.095989 0.564341 0.819942
17.398633 -219.333066 -2726.436339 -41862.702799 -0.295075 0.752553 -0.588722 0.819776 0.515912 0.248599 -0.490813 0.409265 0.769158
10.473695 -159.142880 -6041.687751 -13724.029553 -0.343632 0.777645 -0.526484 0.719836 0.578161 0.384143 -0.603119 0.246978 0.758452
4.828803 -212.868146 -2528.759638 -27045.487635 -0.349242 0.760997 -0.546729 0.799955 0.545980 0.248955 -0.487957 0.350413 0.799443
26.635789 -168.418740 3200.564326 -30698.959414 -0.339500 0.243945 -0.908422 0.673517 0.737216 -0.053740 0.656593 -0.630082 -0.414586
21.652366 -148.238756 3266.267935 -35787.938638 -0.352301 0.223008 -0.908929 0.795733 0.582601 -0.165484 0.492639 -0.781564 -0.382706
28.083827 -144.007041 1638.881976 -30809.413844 -0.298350 0.197554 -0.933788 0.768171 0.630360 -0.112074 0.566481 -0.750746 -0.339823
-5.947178 -103.183928 3284.353619 -3048.266027 -0.113273 0.951959 -0.284505 0.925943 -0.002689 -0.377654 0.360276 0.306214 0.881155
-9.590532 -112.338629 1385.738511 8349.027535 -0.063097 0.962536 -0.263709 0.829034 -0.096559 -0.550799 0.555628 0.253377 0.791882
-9.252098 -105.995630 3130.062074 5672.099645 -0.067910 0.953378 -0.294037 0.784907 -0.130878 -0.605633 0.615880 0.271920 0.739426
-2.676884 -96.309044 -1915.291249 -8819.562551 0.160096 -0.956197 0.245066 0.984738 0.137544 -0.106641 0.068263 0.258399 0.963623
-6.419177 -110.124521 -1967.973248 -17152.306843 0.106056 -0.960293 0.258050 0.988220 0.072996 -0.134509 0.110331 0.269275 0.956722
2.887714 -40.071796 -1128.495036 -2029.684628 -0.362458 0.771959 -0.522210 0.764336 -0.074409 -0.640510 -0.533305 -0.631302 -0.563066
4.228449 -40.642741 -1229.596628 -3858.626341 -0.332374 0.777743 -0.533520 0.771739 -0.100910 -0.627883 -0.542169 -0.620430 -0.566674
5.223359 -35.937595 -1275.657576 2553.905373 -0.372205 0.772135 -0.515045 0.746111 -0.081158 -0.660857 -0.552071 -0.630255 -0.545891
4.817339 -36.153210 645.104612 3527.849730 -0.330584 0.766719 -0.550324 0.766562 -0.122014 -0.630472 -0.550542 -0.630281 -0.547402
-4.660965 -41.345743 3406.951539 988.021946 0.049899 0.937418 0.344613 0.138848 -0.348203 0.927079 -0.989056 -0.001588 0.147534
-2.659004 -41.053747 4144.748551 -128.523204 0.068073 0.921075 0.383389 0.187099 -0.389248 0.901931 -0.979980 -0.010334 0.198829
-1.455576 -42.199507 3700.482026 800.537634 0.078653 0.901535 0.425499 0.125844 -0.432385 0.892864 -0.988927 0.016680 0.147461
-47.061523 -79.679468 122.031452 5376.655604 -0.445191 0.870743 0.208834 0.486375 0.430964 -0.760072 0.751827 0.236806 0.615369
-41.493079 -74.331676 -132.370580 5765.974619 -0.425466 0.904966 -0.003892 0.539664 0.250264 -0.803823 0.726458 0.344100 0.594856
-36.371356 -62.095251 -385.721582 4276.561264 -0.346698 0.928493 -0.133045 0.499049 0.062495 -0.864317 0.794198 0.366053 0.485031
13.576631 -87.098704 -2334.699036 6325.579083 -0.002088 0.813743 0.581221 0.425852 0.526609 -0.735754 0.904791 -0.245978 0.347633
14.573551 -69.287025 -5324.968636 -528.555521 0.005239 0.752914 0.658098 0.113820 0.653381 -0.748424 0.993488 -0.078826 0.082274
14.495533 -73.759466 -4609.044968 5243.505493 -0.013116 0.779132 0.626722 0.257569 0.608258 -0.750787 0.966171 -0.151577 0.208658
16.465676 -48.724259 5525.213825 369.358366 0.111313 0.975449 0.190022 -0.745935 0.208354 -0.632590 0.656651 0.071329 -0.750814
20.127398 -45.586763 -1989.829600 1043.764065 0.198372 0.973223 0.116131 -0.745599 0.226749 -0.626631 0.636184 -0.037718 -0.770615
16.478957 -43.868547 -6586.378721 -802.737735 0.263991 0.954822 0.136468 -0.624076 0.276971 -0.730627 0.735417 -0.107712 -0.669000
-15.805786 -48.827196 -68.685820 -58.160340 0.320231 0.904415 0.281932 -0.784261 0.086155 0.614420 -0.531401 0.417865 -0.736887
-17.003466 -46.732916 -1246.941505 1534.774919 0.313675 0.897618 0.309661 -0.730563 0.019828 0.682557 -0.606535 0.440328 -0.661987
-22.056434 -45.447148 -2433.130997 1325.944139 0.368134 0.875651 0.312590 -0.727985 0.062324 0.682755 -0.578373 0.478906 -0.660404
-15.825628 -20.435230 1186.106932 3076.567265 -0.048553 0.924215 0.378772 -0.851472 -0.236541 0.468020 -0.522147 0.299791 -0.798429
-13.842154 -18.600501 1905.263987 2946.796225 0.031866 0.923728 0.381721 -0.866254 -0.164990 0.471575 -0.498587 0.345695 -0.794925
-16.267538 -24.585059 940.687244 1904.085692 0.271119 0.942267 0.196537 -0.845684 0.135671 0.516151 -0.459688 0.306146 -0.833643
-10.293849 -15.690589 4094.847205 748.251473 -0.477605 0.642139 0.599626 0.711896 0.682819 -0.164202 -0.514876 0.348448 -0.783254
3.706827 -47.748289 304.451806 -2968.037264 -0.053832 0.919492 -0.389405 0.994236 0.013146 -0.106404 -0.092719 -0.392888 -0.914900
3.713568 -47.713239 -172.845170 -2236.766070 -0.083731 0.909631 -0.406892 0.991477 0.035149 -0.125450 -0.099812 -0.413928 -0.904821
1.449393 -49.183919 -213.386322 -7115.973107 -0.072270 0.910256 -0.407689 0.996680 0.050539 -0.063839 -0.037506 -0.410949 -0.910887
2.177034 -47.926086 -281.824153 -3481.219475 -0.031955 0.913864 -0.404760 0.999472 0.026856 -0.018273 -0.005829 -0.405131 -0.914240
10.442793 -72.792701 -2123.496066 793.177687 -0.018441 0.943655 -0.330417 -0.799641 -0.212302 -0.561696 0.600195 -0.253857 -0.758500
16.711582 -71.375042 -3035.284997 5095.541181 -0.018479 0.950822 -0.309186 -0.871035 -0.167132 -0.461914 0.490873 -0.260776 -0.831288
6.886239 -70.517404 -1337.780854 -3454.210808 -0.009518 0.941866 -0.335855 -0.711756 -0.242294 -0.659315 0.702362 -0.232771 -0.672685
9.508323 -74.383431 -1757.568846 -4161.540886 0.000414 0.952938 -0.303164 -0.667664 -0.225431 -0.709511 0.744463 -0.202705 -0.636149
13.310461 -77.097633 -1817.239556 -1594.171729 -0.015723 0.957975 -0.286419 -0.738539 -0.204229 -0.642535 0.674028 -0.201429 -0.710713
-4.370239 -68.280810 2464.455478 -3061.818896 0.033703 0.946403 0.321225 -0.277783 0.317613 -0.906619 0.960052 0.058675 -0.273599
-6.591858 -68.107800 -664.582184 -3077.213386 0.084073 0.940805 0.328356 -0.231238 0.338948 -0.911945 0.969258 -0.000741 -0.246046
-5.029236 -71.509254 1054.420371 -935.232531 0.054504 0.945192 0.321933 -0.128420 0.326370 -0.936478 0.990221 -0.009699 -0.139170
-6.312238 -75.987008 1147.530898 -3781.775277 0.050730 0.947885 0.314548 -0.428345 0.305165 -0.850526 0.902190 0.091588 -0.421503
-4.696422 -79.728913 3049.651697 -4674.507491 0.038283 0.938245 0.343848 -0.408200 0.328764 -0.851638 0.912090 0.107756 -0.395577
-3.834840 -71.339178 3698.387325 -645.941172 0.011957 0.948155 0.317583 -0.156763 0.315456 -0.935902 0.987564 0.038595 -0.152408
-0.601398 -77.692198 3739.860367 -1355.828312 0.015260 0.944107 0.329284 -0.243328 0.322929 -0.914608 0.969824 0.066167 -0.234656
-29.756205 -46.207766 3006.105140 393.146986 -0.442981 0.355372 -0.823091 0.135039 0.934058 0.330605 0.886302 0.035302 -0.461759
114.561835 -39.476721 -9681.688962 4935.519581 -0.454227 0.765241 0.456163 0.741131 0.608717 -0.283175 0.494371 -0.209451 0.843639
108.632448 -34.923173 7135.742959 4966.293129 -0.509662 0.827116 0.236905 0.758820 0.561905 -0.329325 0.405508 -0.011924 0.914014
96.273643 -34.617287 19465.006809 5650.204659 -0.529428 0.847847 0.029358 0.797025 0.508952 -0.325144 0.290614 0.148741 0.945209
-6.229285 -51.599474 -835.419187 -3812.088128 0.111829 -0.985398 0.128392 0.990229 0.099668 -0.097538 0.083317 0.138045 0.986915
-8.391101 -54.905264 -153.271310 4754.411927 -0.075037 0.991641 -0.104967 0.942681 0.036219 -0.331724 0.325149 0.123842 0.937519
-9.439023 -39.045797 -80.156723 18.776888 0.200645 0.960600 0.192327 0.977902 -0.208155 0.019458 0.058725 0.184173 -0.981138
-11.061669 -40.910014 -93.000102 204.900120 0.137517 0.975676 0.170720 0.990166 -0.139886 0.001871 0.025707 0.168784 -0.985318
-11.525077 -40.280926 24.971573 1027.264672 0.119663 0.974843 0.188045 0.991780 -0.108731 -0.067449 -0.045306 0.194571 -0.979842
-11.721946 -42.759347 -18.782726 1773.265929 0.024362 0.986343 0.162892 0.999392 -0.019965 -0.028575 -0.024933 0.163490 -0.986230
-13.716944 -43.606734 298.799631 965.624166 0.043492 0.977808 0.204940 0.981026 -0.003006 -0.193852 -0.188934 0.209483 -0.959386
-11.502419 -41.786752 -934.861097 948.274849 0.101458 0.975851 0.193446 0.987512 -0.075231 -0.138422 -0.120526 0.205075 -0.971297
-10.004951 -38.944718 -0.676882 1694.033232 0.148790 0.966158 0.210713 0.988194 -0.137405 -0.067760 -0.036514 0.218307 -0.975197
-6.703924 -36.043396 1366.032105 845.556967 0.274347 0.935071 0.224447 0.959933 -0.280161 -0.006170 0.057112 0.217147 -0.974467
-13.741870 -247.296328 -2572.933213 3853.368190 0.941826 0.320394 0.101545 -0.076754 -0.089112 0.993060 -0.327220 0.943083 0.059337
-19.244105 -755.341620 -43977.360160 -346019.922539 0.928887 0.229483 -0.290701 0.348882 -0.278736 0.894756 -0.124302 0.932547 0.338977
1.583995 -314.209974 -11102.028060 -144685.224301 0.898451 0.189652 -0.396002 0.418262 -0.095298 0.903313 -0.133577 0.977216 0.164945
-0.418922 -218.699616 -16092.299094 -75565.934018 0.821894 0.334600 -0.461012 0.563295 -0.356945 0.745177 -0.084780 0.872143 0.481850
0.720518 -33.011191 -3994.812011 -820.523716 0.779144 0.623188 0.067606 -0.623055 0.758075 0.192681 -0.068826 0.192248 -0.978930
