10002
19981
-26.564047 -41.083510 -1257.172656 3361.132384 0.920288 -0.282029 -0.271163 -0.169482 0.337302 -0.926015 -0.352627 -0.898157 -0.262617
-31.434110 -46.064741 -270.276340 2811.747106 0.891286 -0.152917 -0.426879 -0.376908 0.273539 -0.884939 -0.252090 -0.949628 -0.186166
-33.816692 -54.657524 -893.903399 3862.507806 0.953413 -0.286503 -0.094446 -0.064558 0.112047 -0.991604 -0.294680 -0.951505 -0.088331
-26.852844 -38.167713 6.498786 -2116.138143 0.657065 0.079185 -0.749663 0.711024 -0.395459 0.581427 -0.250421 -0.915064 -0.316145
-21.838795 -53.695972 -1945.434170 5043.871614 0.921019 -0.381345 -0.079375 0.001882 0.208132 -0.978099 -0.389514 -0.900698 -0.192411
-16.214639 -36.831068 -1894.588074 3659.082332 0.881882 -0.381772 -0.276649 -0.091029 0.437863 -0.894421 -0.462599 -0.813957 -0.351392
-22.456775 -30.494267 -691.032218 1944.107795 0.780953 -0.095022 -0.617319 -0.494440 0.509843 -0.703981 -0.381629 -0.855004 -0.351181
11.312874 -39.089337 179.509394 2818.488670 0.523230 0.051606 -0.850627 0.751550 -0.498510 0.432043 -0.401751 -0.865346 -0.299620
11.776444 -42.084347 434.303241 2803.723833 0.607446 0.033992 -0.793633 0.653122 -0.590053 0.474626 -0.452152 -0.806649 -0.380626
15.428975 -47.964419 851.233270 1844.257257 0.584600 0.036635 -0.810494 0.597408 -0.695360 0.399472 -0.548951 -0.717727 -0.428393
-5.353571 -30.020653 875.188577 132.657271 -0.696830 0.425492 0.577395 0.257217 0.899728 -0.352602 -0.669528 -0.097188 -0.736401
-2.308496 -29.580530 1158.467754 261.120628 -0.673366 0.422993 0.606346 0.313770 0.906133 -0.283676 -0.669423 -0.000765 -0.742881
-5.856093 -29.429554 884.725152 129.384235 -0.699637 0.422442 0.576238 0.325481 0.906389 -0.269296 -0.636058 -0.000855 -0.771641
-9.717573 -30.011847 841.845074 -111.344642 -0.711436 0.437474 0.549978 0.273799 0.893316 -0.356400 -0.647220 -0.102973 -0.755317
3.383353 -25.889302 1441.742405 -1021.873360 -0.446798 0.601161 0.662554 0.361628 -0.556027 0.748371 -0.818289 -0.573969 -0.031035
1.909866 -26.409601 1307.598134 353.475029 -0.452268 0.592420 0.666703 0.488149 -0.461194 0.740952 -0.746434 -0.660560 0.080606
6.886127 -26.324677 1208.219388 -372.087452 -0.481662 0.611276 0.627968 0.412671 -0.473941 0.777870 -0.773113 -0.633814 0.023977
8.766429 -23.779378 1108.760133 -1538.776322 -0.492922 0.619372 0.611070 0.270067 -0.558715 0.784156 -0.827098 -0.551558 -0.108131
5.336315 -21.914322 1533.822156 -1597.755204 -0.453826 0.621312 0.638760 0.237627 -0.606489 0.758752 -0.858822 -0.496128 -0.127600
7.872116 -47.202622 191.331609 2126.307274 -0.440533 0.703955 0.557116 0.010857 -0.616356 0.787393 -0.897671 -0.352921 -0.263882
4.884850 -44.329088 583.542063 -1582.943810 -0.379221 0.732665 0.565150 0.083252 -0.581277 0.809436 -0.921553 -0.354005 -0.159437
4.631505 -48.696151 -207.456977 -2935.195588 -0.446221 0.737184 0.507392 0.076777 -0.533342 0.842408 -0.891623 -0.414856 -0.181390
-4.791770 -63.982440 636.494748 55.591027 -0.634698 0.387688 0.668474 0.658921 -0.180409 0.730257 0.403710 0.903964 -0.140950
-3.078971 -67.846870 -719.448412 -210.927722 0.657230 -0.378819 -0.651571 0.589600 -0.280103 0.757571 0.469490 0.882065 -0.039259
-5.318790 -63.618084 -755.944708 -1345.623627 0.661179 -0.395176 -0.637714 0.515133 -0.378836 0.768844 0.545418 0.836851 0.046910
-3.240486 -70.584873 462.245012 1820.885064 -0.626001 0.373044 0.684807 0.702286 -0.112058 0.703021 0.338995 0.921022 -0.191835
-6.149179 -62.833372 713.921479 1032.064280 -0.603424 0.393056 0.693820 0.749768 -0.016611 0.661493 0.271528 0.919365 -0.284677
-4.626462 -66.314928 514.633921 1637.047984 -0.602635 0.381413 0.700967 0.756055 -0.008199 0.654457 0.255365 0.924368 -0.283428
-27.971830 -40.582332 2151.807966 -572.594978 0.124913 0.946149 -0.298660 -0.321486 0.323375 0.889986 -0.938639 0.015156 -0.344568
-34.567149 -44.542000 2345.138392 -125.394012 0.033024 0.940973 -0.336866 -0.237870 0.334765 0.911784 -0.970736 -0.050019 -0.234884
-19.587406 -37.699092 3636.969650 -154.011556 0.066966 0.985271 0.157345 -0.173452 -0.143802 0.974287 -0.982563 0.092536 -0.161267
10.855893 -32.409187 1470.995262 -241.819214 -0.483314 0.632969 0.604779 0.353977 0.773129 -0.526281 -0.800692 -0.040281 -0.597721
17.557477 -31.904967 1510.066858 -217.604551 -0.519191 0.659830 0.543200 0.388682 0.748338 -0.537510 -0.761162 -0.067938 -0.644994
14.778648 -33.584185 1391.165341 -76.945149 -0.486084 0.651378 0.582606 0.499815 0.754081 -0.426084 -0.716873 0.084083 -0.692115
7.856465 -34.452763 1142.563380 -75.857347 -0.464201 0.598854 0.652604 0.494813 0.786436 -0.369700 -0.734628 0.151302 -0.661385
7.437031 -32.621259 881.094962 -268.127148 -0.474543 0.609135 0.635424 0.388505 0.792705 -0.469769 -0.789856 0.023940 -0.612825
11.902234 -34.593063 1266.361485 -79.496792 -0.464214 0.628085 0.624511 0.591169 0.744762 -0.309594 -0.659564 0.225473 -0.717034
17.746663 -33.829703 1363.484077 -144.151459 -0.483365 0.670695 0.562607 0.609441 0.719169 -0.333733 -0.628442 0.181561 -0.756370
-0.086959 -104.262195 -280.384328 1974.949088 0.325420 0.477115 0.816372 -0.385791 0.855231 -0.346043 -0.863288 -0.202340 0.462376
-0.265404 -108.710602 -638.389965 -2224.199482 0.276163 0.517311 0.810015 -0.131355 0.855197 -0.501383 -0.952092 0.032063 0.304125
1.517426 -110.442565 770.954528 -2548.431688 0.337862 0.508156 0.792229 -0.149003 0.859989 -0.488075 -0.929326 0.046858 0.366274
-0.975148 -99.244717 -1053.186638 76.676691 0.287506 0.493256 0.820999 -0.375494 0.846617 -0.377153 -0.881104 -0.199846 0.428622
0.630866 -109.896623 923.776337 2597.999278 0.363703 0.480261 0.798166 -0.399978 0.854353 -0.331809 -0.841271 -0.198569 0.502825
-1.779581 -100.135096 -560.459095 1272.785685 0.336931 0.458307 0.822455 -0.602107 0.776446 -0.186007 -0.723840 -0.432534 0.537558
-2.014119 -110.631293 135.201958 2396.877684 0.368929 0.442153 0.817552 -0.601247 0.784307 -0.152854 -0.708797 -0.435159 0.555197
10.593305 -52.193293 669.680929 1319.919461 -0.591053 -0.359596 -0.722044 -0.524230 0.851562 0.005026 0.613058 0.381488 -0.691829
6.233678 -49.323712 2477.458105 1441.977396 -0.648535 -0.381781 -0.658518 -0.537613 0.842185 0.041199 0.538864 0.380747 -0.751437
10.558781 -61.329343 1507.901331 2749.799078 -0.648623 -0.323337 -0.689015 -0.370607 0.924879 -0.085141 0.664785 0.200129 -0.719729
12.860040 -63.193385 -295.271550 3080.096294 -0.588424 -0.321156 -0.742035 -0.379865 0.919949 -0.096930 0.713764 0.224837 -0.663316
11.956624 -71.285773 -573.623672 3259.759100 -0.606807 -0.286880 -0.741272 -0.185694 0.957954 -0.218728 0.772853 0.004925 -0.634565
-8.804907 -264.585964 3694.521856 -40552.381805 0.641064 0.237432 0.729838 -0.611650 0.732464 0.298966 0.463596 0.638062 -0.614781
-3.848742 -1962.519262 8502.636021 463985.902887 0.564101 0.274703 0.778671 0.810659 -0.363462 -0.459051 0.156915 0.890187 -0.427720
3.528737 -359.410707 2163.232473 61601.864466 0.600633 0.280902 0.748555 0.604025 -0.772829 -0.194652 0.523827 0.569060 -0.633858
6.735210 -41.117018 1088.670992 -1970.759246 0.700357 0.037290 -0.712818 -0.556799 0.653396 -0.512883 -0.446627 -0.756097 -0.478373
1.834215 -43.352081 1415.280903 -890.849749 0.740415 0.029840 -0.671488 -0.449062 0.765301 -0.461148 -0.500130 -0.642981 -0.580040
8.064486 -45.586525 1225.343460 -597.071663 0.722660 0.004155 -0.691191 -0.404722 0.813178 -0.418260 -0.560324 -0.582000 -0.589333
-14.619756 -25.661932 -497.358232 -312.957392 0.912976 -0.322711 -0.249663 0.355033 0.326805 0.875871 0.201062 0.888288 -0.412938
-15.566258 -27.557598 -397.104009 -470.477224 0.959669 -0.278921 -0.035202 0.105939 0.242799 0.964275 0.260409 0.929114 -0.262555
-16.692959 -24.663710 -562.952894 -230.289660 0.923677 -0.361269 -0.127693 0.229056 0.253449 0.939839 0.307171 0.897356 -0.316856
46.027209 -340.198697 -3997.201161 46900.015189 0.643836 -0.212515 -0.735060 -0.560764 0.522553 -0.642248 -0.520595 -0.825697 -0.217267
24.387363 -579.114959 4146.747241 -80250.754338 0.655108 0.018211 -0.755315 0.752127 -0.110560 0.649678 -0.071677 -0.993703 -0.086126
41.720840 -202.863392 936.306244 24621.119879 0.764821 0.067561 -0.640690 -0.493820 0.700166 -0.515663 -0.413751 -0.710776 -0.568865
41.407198 -161.974514 -67.191821 18346.862919 -0.678323 0.073646 0.731063 -0.323419 0.863468 -0.387071 -0.659756 -0.498999 -0.561892
12.362892 -74.430630 -2166.185696 2334.495136 0.457646 -0.812603 -0.360883 0.782372 0.175194 0.597663 -0.422438 -0.555863 0.715935
15.552272 -67.309612 -628.936372 2371.395082 0.496620 -0.753824 -0.430254 0.802886 0.210640 0.557679 -0.329763 -0.622399 0.709842
15.470474 -73.173247 -568.862174 1223.725482 0.519508 -0.745069 -0.418310 0.685619 0.071318 0.724459 -0.509939 -0.663163 0.547884
10.918266 -77.785374 2212.666524 448.870719 -0.462823 0.816826 0.344369 0.633098 0.032667 0.773382 -0.620469 -0.575958 0.532250
6.655873 -7.081328 752.320913 2224.686637 -0.574827 0.253024 -0.778172 0.804062 -0.001818 -0.594543 -0.151848 -0.967458 -0.202402
2.518396 -4.079488 1082.386789 1101.169490 -0.333522 0.277010 -0.901126 0.922478 -0.101227 -0.372542 -0.194416 -0.955520 -0.221774
4.430582 -12.221366 1039.380374 1771.951087 -0.478276 0.272234 -0.834950 0.851996 -0.086721 -0.516316 -0.212966 -0.958315 -0.190466
-14.361837 -58.334580 1421.185382 3583.153143 0.936211 -0.183262 -0.299872 0.136208 0.975794 -0.171096 0.323969 0.119338 0.938511
-8.943617 -56.712356 2610.406782 2515.906615 0.877838 -0.265941 -0.398342 0.239508 0.963969 -0.115753 0.414773 0.006206 0.909904
-12.775760 -51.424133 1375.303560 4568.796872 0.927006 -0.163282 -0.337638 0.047299 0.943965 -0.326639 0.372053 0.286826 0.882784
-35.873861 -59.325860 -1532.591725 1576.674117 0.648539 -0.110316 0.753145 0.546327 -0.621503 -0.561481 -0.530023 -0.775605 0.342801
-32.187207 -54.548266 -2564.816927 2444.948151 0.667112 -0.277410 0.691379 -0.256489 0.785804 0.562783 -0.699410 -0.552771 0.453067
-27.140840 -55.882831 -2729.471864 762.444433 0.590899 -0.292176 0.751978 -0.401231 0.702224 0.588128 -0.699894 -0.649242 0.297714
-27.738762 -54.931633 2117.030637 2021.138410 -0.564304 0.202400 -0.800372 0.608935 -0.552591 -0.569071 -0.557458 -0.808504 0.188581
-3.593069 -46.452686 -641.898916 456.415203 0.864241 0.091648 -0.494660 -0.464604 -0.231724 -0.854662 0.192953 -0.968455 0.157685
-3.276312 -47.844846 153.024983 320.326041 0.849315 0.153188 -0.505170 -0.498764 -0.080588 -0.862983 0.172909 -0.984906 -0.007960
-3.598297 -45.873937 222.175224 -599.177428 0.851818 0.154652 -0.500489 -0.444225 -0.293080 -0.846622 0.277615 -0.943497 0.180950
-2.940514 -46.672964 -167.237883 -950.454333 0.872433 0.128203 -0.471619 -0.375955 -0.440537 -0.815221 0.312280 -0.888533 0.336140
-2.751588 -44.261659 390.909900 -1259.955404 0.856236 0.179777 -0.484294 -0.375929 -0.426156 -0.822842 0.354312 -0.886607 0.297307
4.493098 -50.577737 395.167250 179.206862 0.862767 0.257697 -0.435001 -0.315059 0.946917 -0.063918 0.395439 0.192197 0.898158
3.132956 -52.939619 293.249329 163.371482 0.868020 0.235560 -0.437096 -0.272386 0.961924 -0.022526 0.415147 0.138612 0.899133
3.400692 -50.960526 644.546268 -785.077600 0.862581 0.240854 -0.444908 -0.220074 0.970477 0.098699 0.455546 0.012777 0.890121
3.661018 -55.218849 224.370060 -697.850554 0.865010 0.261502 -0.428223 0.385097 -0.893108 0.232504 0.321649 0.366025 0.873251
3.703419 -49.478695 195.169530 -782.412831 0.872959 0.249691 -0.419043 -0.221957 0.968300 0.114587 0.434371 -0.007020 0.900707
5.227946 -49.841940 229.689138 -1062.168847 0.859234 0.285199 -0.424710 0.412888 -0.876776 0.246548 0.302061 0.387201 0.871111
4.074713 -50.295712 -151.339340 -300.511854 0.869219 0.292776 -0.398422 -0.342774 0.937573 -0.058850 0.356320 0.187723 0.915312
3.654718 -153.627608 -220.150269 9830.419223 0.826367 0.455420 -0.331224 -0.473764 0.244296 -0.846089 0.304410 -0.856103 -0.417640
5.184923 -124.497331 12.360407 5146.818544 0.823752 0.434106 -0.364670 -0.454277 0.120543 -0.882668 0.339213 -0.892760 -0.296502
3.868051 -149.126665 -628.376634 4743.229978 0.844388 0.429720 -0.319922 -0.326477 -0.060722 -0.943253 0.424761 -0.900918 -0.089020
3.080995 -181.369244 -469.106697 682.903276 0.833833 0.468059 -0.292650 -0.246553 -0.158549 -0.956072 0.493897 -0.869358 0.016803
-7.750202 -33.207361 -414.982511 -27.979056 0.850755 0.375769 -0.367443 -0.176985 0.863145 0.472924 0.494866 -0.337310 0.800830
-10.088038 -32.938811 -101.974155 -568.966941 0.833076 0.368585 -0.412469 -0.124654 0.851572 0.509202 0.538931 -0.372788 0.755369
-9.563167 -36.449701 -601.035077 -1022.211983 0.847610 0.382699 -0.367558 -0.217350 0.882324 0.417449 0.484062 -0.273946 0.831046
-1.473669 -40.472386 220.062009 725.371470 0.800435 0.190452 -0.568359 -0.568936 0.539912 -0.620328 -0.188721 -0.819892 -0.540519
-1.349414 -40.109453 443.618531 650.160074 0.807400 0.191217 -0.558159 -0.559185 0.549762 -0.620543 -0.188196 -0.813141 -0.550803
-1.372153 -38.929726 119.174710 521.410005 0.791518 0.188487 -0.581353 -0.535677 0.671883 -0.511491 -0.294192 -0.716273 -0.632775
-1.919485 -40.213058 99.926386 566.459606 0.794860 0.175550 -0.580844 -0.510203 0.711521 -0.483146 -0.328467 -0.680382 -0.655126
-1.024893 -37.000708 76.191021 133.039996 0.772738 0.207213 -0.599948 -0.508622 0.767600 -0.389992 -0.379709 -0.606509 -0.698547
-9.642521 -62.298299 -172.472748 -541.734360 0.826935 0.441693 -0.347975 0.532142 -0.414791 0.738088 -0.181671 0.795522 0.578048
-10.018944 -60.830021 -316.369029 -473.125048 0.812624 0.460641 -0.357004 0.488542 -0.204437 0.848252 -0.317755 0.863722 0.391173
-9.352135 -60.656726 -286.929904 -1088.300433 0.806846 0.487426 -0.333790 0.515274 -0.304289 0.801187 -0.288951 0.818428 0.496672
-9.273058 -64.774339 -52.800752 -834.278981 0.822044 0.466817 -0.326078 0.542583 -0.468405 0.697281 -0.172766 0.750119 0.638336
-9.461274 -64.685204 -43.489316 259.828983 0.840123 0.420069 -0.343127 0.541465 -0.612475 0.575925 -0.031771 0.669639 0.742007
-9.884800 -61.371895 -140.192276 -240.106040 0.848397 0.389528 -0.358455 0.519044 -0.479086 0.707863 -0.104002 0.786603 0.608637
2.511170 -131.547538 -304.484735 -1150.920471 0.419893 0.904958 -0.068850 -0.817104 0.409965 0.405302 -0.395007 0.113926 -0.911587
0.756406 -137.570101 -387.582116 -2537.648301 0.440454 0.893233 -0.090198 -0.831708 0.443804 0.333617 -0.338028 0.071925 -0.938384
3.569336 -151.666124 -578.101963 7531.087043 0.494703 0.863517 -0.098015 -0.858766 0.503033 0.097360 -0.133377 -0.036007 -0.990411
291.563655 -10372.635089 -17611.285274 -3115648.169607 0.379913 0.924106 0.041163 0.225832 -0.135811 0.964653 -0.897032 0.357188 0.260289
9.252081 -315.078774 -1577.163703 -21439.022109 0.342874 0.937828 0.054004 0.156252 -0.113626 0.981160 -0.926295 0.327976 0.185497
24.937680 -1601.621668 -11243.636889 141215.498276 0.410568 0.911321 0.030454 -0.218355 0.065837 0.973646 -0.885299 0.406397 -0.226022
36.398201 -306.429773 -4448.408296 -21125.206450 0.413682 0.909763 0.034622 -0.054171 -0.013364 0.998442 -0.908808 0.414913 -0.043755
-2.917086 -29.575611 688.914476 -216.839784 0.146208 -0.587821 -0.795669 0.836252 0.503132 -0.218036 0.528493 -0.633502 0.565129
0.341089 -27.067556 952.813503 -393.309513 0.120460 -0.587235 -0.800403 0.875641 0.442713 -0.193023 0.467698 -0.677614 0.567536
0.642287 -29.547031 1132.670142 -390.921939 0.139632 -0.577590 -0.804297 0.804976 0.539227 -0.247485 0.576643 -0.612882 0.540239
-12.707646 -21.815862 -452.758123 409.309426 -0.592543 0.731144 0.338114 -0.323406 0.168502 -0.931137 0.737768 0.661087 -0.136611
-13.896295 -22.411530 -305.604302 -77.804054 -0.621195 0.670843 0.405075 -0.319506 0.255182 -0.912578 0.715565 0.696313 -0.055821
-12.645183 -21.955194 -308.335635 -156.154296 -0.604177 0.722634 0.335813 -0.227938 0.247089 -0.941802 0.763554 0.645560 -0.015430
-11.013983 -21.961381 -192.808877 29.551232 -0.580328 0.765158 0.278841 -0.228369 0.175758 -0.957578 0.781707 0.619389 -0.072741
-13.888314 -1084.529775 -5782.349281 190129.128725 0.251401 0.778538 0.575044 0.419083 0.447985 -0.789733 0.872449 -0.439531 0.213648
-79.805156 -591.591598 7768.223428 104673.489851 0.432203 0.897764 0.084970 0.400225 -0.106529 -0.910204 0.808097 -0.427400 0.405350
-102.572031 -1131.579865 14548.542322 220257.411247 -0.407867 -0.667505 -0.622962 0.830494 0.012272 -0.556893 0.379374 -0.744505 0.549353
16.262075 -342.147929 550.778993 -58822.795248 0.069861 0.809127 -0.583466 0.211074 0.559663 0.801390 -0.974970 0.179140 0.131687
20.153677 -443.936351 3108.693971 -80232.256218 0.106503 0.755518 -0.646414 0.266882 0.604534 0.750541 -0.957826 0.252451 0.137250
15.641022 -952.746329 1185.660044 -191218.252262 0.211054 0.859154 -0.466166 0.592917 0.266628 0.759842 -0.777114 0.436765 0.453134
7.533846 -451.575393 -720.931683 -81572.238792 0.058977 0.874741 -0.480989 0.438078 0.410274 0.799852 -0.897000 0.257883 0.359008
-38.083069 -53.779517 -32.459054 2772.325215 0.941373 -0.156317 -0.298968 -0.285734 0.101735 -0.952894 -0.179369 -0.982453 -0.051105
-32.080633 -48.386409 -136.105962 2374.729521 0.776186 0.020781 -0.630161 -0.619733 0.209097 -0.756445 -0.116045 -0.977674 -0.175178
-20.087516 -35.692146 2502.176310 250.495026 -0.843286 0.364356 0.395113 0.050039 0.785171 -0.617254 -0.535131 -0.500751 -0.680355
-15.714382 -37.114234 665.797458 1225.973836 -0.845103 0.194638 0.497913 -0.059549 0.891300 -0.449487 -0.531277 -0.409513 -0.741650
-20.454073 -34.958628 3469.169793 679.154572 -0.851632 0.140859 0.504857 -0.096237 0.904814 -0.414789 -0.515229 -0.401834 -0.757013
-4.655340 -24.954281 -1738.618272 -718.663628 -0.679140 0.248486 0.690669 0.412684 0.907413 0.079329 -0.607010 0.338904 -0.718807
-5.769019 -21.601686 -1896.438510 -1484.633464 -0.691548 0.223473 0.686893 0.328065 0.944374 0.023046 -0.643533 0.241283 -0.726393
-10.475221 -22.151430 -72.390861 -1017.849851 -0.584691 0.343142 0.735112 0.458982 0.887092 -0.049021 -0.668934 0.308741 -0.676171
-11.004220 -17.070564 -1456.980358 -1521.976020 -0.660984 0.221983 0.716815 0.294212 0.955424 -0.024579 -0.690319 0.194649 -0.696830
-8.303179 -26.241357 233.577307 -399.608972 -0.570342 0.336383 0.749371 0.545988 0.836843 0.039901 -0.613683 0.431904 -0.660947
-7.402862 -25.587816 1817.663167 -443.258117 -0.391182 0.498149 0.773837 0.593409 0.779233 -0.201647 -0.703450 0.380322 -0.600428
-11.700741 -20.543226 788.502560 -680.524642 -0.360666 0.634496 0.683619 0.571443 0.729597 -0.375687 -0.737138 0.255152 -0.625719
39.095418 -79.474882 -313.301668 -3554.756422 -0.583215 0.736506 -0.342664 0.806238 0.576342 -0.133454 0.099202 -0.354101 -0.929931
41.369972 -83.742028 -1558.934056 -3065.982269 -0.548896 0.803527 -0.230340 0.835512 0.535694 -0.122273 0.025142 -0.259567 -0.965398
46.973672 -74.855647 1288.299972 -4674.622961 -0.594155 0.778246 -0.203257 0.777300 0.490555 -0.393904 -0.206845 -0.392032 -0.896396
41.695810 -82.669769 -497.254326 -3301.566722 -0.557506 0.823444 -0.105485 0.820126 0.526585 -0.223833 -0.128768 -0.211299 -0.968902
65.450220 -64.915875 6325.825938 -5259.316729 -0.643425 0.695722 -0.319336 0.752504 0.498268 -0.430658 -0.140504 -0.517398 -0.844131
67.218442 -50.254894 6433.837785 -3468.628886 -0.650864 0.724169 -0.227937 0.693077 0.444225 -0.567721 -0.309871 -0.527488 -0.791035
46.688540 -56.098273 3204.561265 -3959.070946 -0.621653 0.775216 -0.112199 0.637787 0.417798 -0.647049 -0.454726 -0.473799 -0.754148
38.538211 -71.721386 795.884269 3530.305507 -0.571408 0.817014 -0.077336 -0.745757 -0.477606 0.464477 -0.342548 -0.323080 -0.882202
-3.941898 -25.392832 -726.790548 1150.633015 0.428963 -0.539791 -0.724304 0.594468 -0.435033 0.676279 -0.680146 -0.720675 0.134275
0.075372 -23.832497 -1261.942336 1342.632051 0.451655 -0.585729 -0.673001 0.597594 -0.361507 0.715677 -0.662487 -0.725420 0.186751
6.600874 -24.865229 1781.194702 821.983472 -0.478233 0.613864 0.628063 0.525891 -0.372589 0.764601 -0.703371 -0.695951 0.144641
-8.857453 -59.084299 -558.814502 -429.297217 0.623459 -0.423511 -0.657220 0.533626 -0.383873 0.753581 0.571439 0.820536 0.013332
-8.387009 -64.689683 -627.333114 -1742.962728 0.645191 -0.423767 -0.635728 0.390934 -0.531796 0.751241 0.656429 0.733222 0.177445
-10.175106 -59.044654 -51.352934 -919.562736 0.600200 -0.466868 -0.649457 0.418237 -0.508936 0.752371 0.681790 0.723200 0.110202
-10.011532 -57.238230 -6.439324 -718.460266 0.575137 -0.490000 -0.655070 0.512611 -0.408187 0.755390 0.637532 0.770249 -0.016416
-10.616237 -55.876159 152.481034 -670.350942 -0.577951 0.462287 0.672506 0.633323 -0.265628 0.726872 0.514659 0.846010 -0.139257
14.055630 -30.110669 1758.122101 -416.924032 -0.506554 0.647066 0.569833 0.263203 0.745401 -0.612455 -0.821053 -0.160259 -0.547895
-0.613389 -26.378625 -642.546608 235.297282 -0.689114 0.470703 0.550963 0.423100 0.878610 -0.221431 -0.588310 0.080521 -0.804616
-3.122748 -26.479196 -617.420190 110.818125 -0.677402 0.473741 0.562758 0.413624 0.877925 -0.241168 -0.608311 0.069403 -0.790659
-0.492415 -25.433637 -725.446238 413.548760 -0.687072 0.483415 0.542441 0.483532 0.861449 -0.155253 -0.542337 0.155617 -0.825623
-1.301513 -111.347648 -1149.218943 -3751.240140 0.266039 0.524478 0.808793 -0.125851 0.850746 -0.510287 -0.955712 0.033968 0.292338
-0.377450 -112.503114 -906.154847 -3956.771659 0.265315 0.537223 0.800624 0.149292 0.797478 -0.584585 -0.952533 0.274626 0.131380
7.768217 -58.462150 600.030998 1740.669348 -0.693586 -0.156159 -0.703245 -0.015395 0.979212 -0.202255 0.720209 -0.129455 -0.681572
4.259695 -57.199063 1589.029641 2172.504179 -0.695479 -0.234516 -0.679199 -0.198422 0.971167 -0.132149 0.690607 0.042861 -0.721959
-0.836592 -51.450942 1184.912230 2280.264317 -0.714302 -0.118484 -0.689735 -0.116455 0.991947 -0.049795 0.690081 0.044755 -0.722347
-10.297108 -541.050001 -3149.012684 93695.992737 0.400942 0.408816 0.819826 0.822175 -0.555299 -0.125185 0.404071 0.724233 -0.558761
-13.315595 -441.876168 1113.726303 -82824.987662 -0.816007 -0.036100 -0.576914 -0.215843 0.944887 0.246171 0.536231 0.325400 -0.778826
58.943794 -1157.288343 12118.785550 -109016.795785 -0.765621 0.048294 -0.641477 -0.208418 0.924770 0.318374 0.608594 0.377449 -0.697958
-48.738199 -2314.242516 -5607.785599 -30268.107918 0.370249 0.313258 0.874520 0.821924 0.328193 -0.465542 -0.432846 0.891156 -0.135961
2.065135 -43.346210 -1530.401290 551.375847 -0.746071 -0.012485 0.665750 -0.321518 0.882300 -0.343762 -0.583099 -0.470521 -0.662273
-3.561577 -42.018048 1755.943794 -881.475714 0.733824 0.049460 -0.677536 -0.475095 0.750247 -0.459798 -0.485578 -0.659305 -0.574048
-4.015435 -43.811250 -1682.950572 -154.203549 -0.738430 -0.040997 0.673083 -0.380584 0.849320 -0.365802 -0.556666 -0.526283 -0.642766
-2.429782 -40.261591 281.710699 895.071449 -0.358966 0.564854 0.743023 -0.228466 0.718687 -0.656728 -0.904957 -0.405499 -0.128934
-3.290618 -37.479573 365.909831 666.290480 -0.366298 0.541672 0.756582 -0.236178 0.732344 -0.638664 -0.900025 -0.412630 -0.140325
-3.716372 -42.144679 436.399260 952.593326 -0.368348 0.586981 0.720953 -0.371890 0.617702 -0.692923 -0.852067 -0.523352 -0.009237
-15.463828 -27.011621 -167.952938 -464.350735 0.939396 -0.291740 0.180061 -0.126272 0.193859 0.972869 0.318731 0.936646 -0.145272
5.790074 -28.809598 1992.601248 1524.215252 -0.483359 0.316456 -0.816223 0.769300 -0.291415 -0.568555 -0.417782 -0.902736 -0.102591
12.940795 -30.027425 945.923425 1153.571365 -0.567240 0.261634 -0.780888 0.709069 -0.327120 -0.624671 -0.418879 -0.908042 0.000039
8.357184 -20.950608 975.016990 1347.740588 -0.535146 0.270593 -0.800248 0.780623 -0.203664 -0.590888 -0.322872 -0.940904 -0.102241
0.174357 -19.622271 1502.292858 1598.723512 -0.415531 0.279395 -0.865605 0.863088 -0.179244 -0.472177 -0.287078 -0.943298 -0.166661
-5.218538 -30.460430 -124.841924 -62.785269 0.862915 0.406928 -0.299645 -0.192077 0.812552 0.550332 0.467423 -0.417335 0.779325
-4.432143 -33.217017 492.944091 586.019565 0.858446 0.407944 -0.310888 -0.257637 0.867082 0.426372 0.443501 -0.285921 0.849444
-3.736548 -30.753546 271.742555 -502.146710 0.853689 0.435920 -0.284937 -0.217267 0.795359 0.565861 0.473298 -0.421161 0.773700
-4.260263 -31.059122 -219.110600 1365.290067 0.859797 0.428308 -0.278033 0.141228 -0.722702 -0.676577 0.490718 -0.542452 0.681866
-4.880772 -29.594276 -600.562768 506.012537 0.875232 0.376248 -0.303984 0.068862 -0.718972 -0.691619 0.478776 -0.584395 0.655177
-3.137525 -46.958369 29.466039 -438.387359 0.839371 0.146641 -0.523405 -0.534632 0.048938 -0.843667 0.098102 -0.987979 -0.119476
-3.571009 -47.251288 243.538396 -145.589396 0.847595 0.157882 -0.506612 -0.502320 -0.069015 -0.861923 0.171046 -0.985043 -0.020811
-3.092633 -48.800210 41.172304 -801.744723 0.842512 0.135336 -0.521399 -0.530573 0.041218 -0.846637 0.093089 -0.989942 -0.106532
-3.100654 -48.630874 -592.439981 492.589570 0.863004 0.090189 -0.497081 -0.489998 -0.090102 -0.867055 0.122987 -0.991840 0.033566
4.251563 -112.139999 -360.535484 8127.020947 0.803978 0.432296 -0.408338 -0.584006 0.444603 -0.679165 0.112052 -0.784506 -0.609914
4.405237 -97.707191 -8.658914 4989.437100 0.815076 0.423947 -0.394867 -0.523244 0.246063 -0.815885 0.248730 -0.871620 -0.422388
-7.831399 -29.301832 122.775221 -420.906097 0.816238 0.355977 -0.455013 0.004153 0.783970 0.620785 0.577701 -0.508598 0.638427
-9.499408 -31.341522 186.338665 -1049.228602 0.808322 0.341156 -0.479821 -0.043027 0.847048 0.529773 0.587167 -0.407581 0.699366
-7.488028 -28.726419 692.293606 -221.997509 0.769724 0.312711 -0.556540 0.070898 0.824536 0.561350 0.634427 -0.471542 0.612495
-7.442586 -29.184108 -301.869068 -288.672056 0.843269 0.380565 -0.379563 -0.101033 0.805818 0.583481 0.527911 -0.453683 0.717970
-6.822405 -29.708943 -525.300515 1071.511991 0.857772 0.363180 -0.363769 0.018239 -0.728737 -0.684551 0.513707 -0.580554 0.631714
-6.543392 -30.674311 6.799767 -350.539982 0.824169 0.374813 -0.424571 -0.046602 -0.702245 -0.710409 0.564423 -0.605283 0.561301
-6.216062 -28.438019 643.072040 93.125324 0.785664 0.327005 -0.525167 0.110665 0.760910 0.639351 0.608676 -0.560432 0.561631
-1.980605 -42.766382 390.374753 824.766222 0.814662 0.186173 -0.549241 -0.568965 0.439928 -0.694797 -0.112274 -0.878523 -0.464318
-9.627457 -58.367307 -288.661466 -774.073040 0.794387 0.498883 -0.346504 0.454499 -0.109750 0.883960 -0.402964 0.859692 0.313926
-10.850250 -57.711695 -339.248535 -302.694064 0.808788 0.459794 -0.366675 0.409765 0.006646 0.912167 -0.421846 0.888001 0.183032
-2.369799 -177.720853 543.058290 6750.750196 0.414381 0.907544 -0.068213 0.224438 -0.029265 0.974049 -0.881996 0.418937 0.215814
-3.222295 -180.931131 530.424038 -3240.309318 0.425913 0.902687 -0.061279 0.122375 0.009631 0.992437 -0.896450 0.430191 0.106364
-4.986726 -199.185662 866.119360 15507.110691 0.437383 0.895440 -0.082963 0.545285 -0.190720 0.816266 -0.715095 0.402260 0.571687
-2.112834 -174.322610 573.726284 -8308.347952 0.406499 0.909743 -0.084416 -0.169059 0.165694 0.971578 -0.897874 0.380674 -0.221155
-0.227881 -223.735085 960.445106 20792.799685 0.457533 0.887901 -0.047907 0.510395 -0.218125 0.831816 -0.728121 0.405035 0.552980
-0.532193 -209.451488 888.801861 6024.058205 0.438835 0.897396 -0.045871 0.107603 -0.001800 0.994192 -0.892102 0.441222 0.097353
8.486324 -657.317013 -1915.243216 -121292.412797 0.317429 0.948282 0.000373 -0.049283 0.016104 0.998655 -0.947000 0.317021 -0.051846
2.942839 -303.103603 -887.349921 -10223.086463 0.365654 0.928494 0.064775 0.391679 -0.216634 0.894236 -0.844325 0.301610 0.442885
-0.175498 -661.587345 -4171.261709 -123374.912885 0.365255 0.924234 0.111271 0.248683 -0.212060 0.945086 -0.897076 0.317526 0.307297
1.174904 -246.794672 -1002.705589 -9252.393742 0.340309 0.940261 -0.009922 -0.208223 0.085644 0.974324 -0.916970 0.329505 -0.224930
-2.442249 -27.595538 646.754726 -471.084874 0.100397 -0.612022 -0.784442 0.904527 0.384551 -0.184260 0.414429 -0.691050 0.592198
0.006955 -24.703407 657.496015 -606.093553 0.074561 -0.613166 -0.786428 0.931505 0.324362 -0.164584 0.356005 -0.720290 0.595352
-5.208902 -29.539015 199.405885 -279.172070 0.148703 -0.619447 -0.770826 0.881573 0.436190 -0.180461 0.448013 -0.652705 0.610951
-4.241004 -27.723455 255.270984 -444.743366 0.073980 -0.642184 -0.762972 0.944966 0.289634 -0.152154 0.318693 -0.709727 0.628269
-2.119020 -25.577453 443.405368 -602.966743 0.051121 -0.626861 -0.777452 0.947160 0.277266 -0.161281 0.316662 -0.728127 0.607912
-14.474254 -21.900923 429.267663 -481.380025 0.611738 -0.675915 -0.410993 0.388470 -0.195905 0.900396 0.689107 0.710465 -0.142730
-16.186204 -22.086142 452.238409 -113.117392 0.625910 -0.612314 -0.483020 0.419222 -0.258097 0.870424 0.657639 0.747300 -0.095150
301.705188 -3659.943644 -143767.302296 -57143.095401 -0.396818 0.844048 -0.360719 0.667032 0.535130 0.518367 -0.630558 0.034914 0.775356
-122.406390 -730.681835 -13387.902425 -99683.014330 0.042613 0.854511 0.517683 0.451895 -0.478607 0.752812 -0.891053 -0.201859 0.406544
-89.592296 -1439.259695 -8277.022937 -310149.796955 -0.350918 -0.879752 -0.320769 0.925646 -0.377679 0.023188 -0.141548 -0.288781 0.946874
208.948709 -5016.436727 -2879.218308 -993318.918053 0.095118 0.690507 -0.717044 0.297956 0.667539 0.682359 -0.949829 0.278552 0.142246
4.731096 -114.970631 1652.404935 -10361.589764 0.174533 0.848802 -0.499073 0.138433 0.480666 0.865908 -0.974872 0.220217 0.033610
-24.828814 -53.365100 -2532.760868 1508.232209 0.918997 -0.349877 -0.181742 -0.199718 -0.015670 -0.979728 -0.339937 -0.936664 0.084277
-11.749923 -52.136751 -4279.729768 1929.587730 0.862569 -0.479354 -0.161847 -0.149406 0.064293 -0.986683 -0.483376 -0.875264 0.016162
-9.714548 -50.620614 -3231.527285 4925.531221 0.864654 -0.457013 -0.208597 -0.074883 0.293341 -0.953071 -0.496756 -0.839697 -0.219416
-29.458693 -44.285525 0.263302 1155.193132 -0.295400 0.851356 -0.433510 -0.702037 -0.501199 -0.505909 0.647984 -0.154895 -0.745738
-29.511495 -42.826327 -175.454612 623.512501 -0.329610 0.834000 -0.442493 -0.780466 -0.504425 -0.369363 0.531254 -0.223605 -0.817172
-32.700990 -44.496543 -637.741083 1232.049318 -0.388624 0.849584 -0.356620 -0.708533 -0.522979 -0.473787 0.589027 -0.068552 -0.805201
-31.687838 -45.254724 -636.403210 581.141874 -0.364628 0.842185 -0.397204 -0.576715 -0.539162 -0.613762 0.731059 -0.005278 -0.682294
-28.861687 -44.974193 -252.246212 478.549751 -0.249303 0.858482 -0.448171 -0.604311 -0.499532 -0.620706 0.756741 -0.116090 -0.643324
-27.980894 -44.971932 -176.266632 573.316127 -0.168507 0.840861 -0.514353 -0.650730 -0.486840 -0.582698 0.740375 -0.236516 -0.629209
1.077346 -23.018795 -2552.813406 -1198.914843 -0.707544 0.239931 0.664691 0.341379 0.939614 0.024219 -0.618742 0.244047 -0.746725
-1.990814 -17.708416 -2592.522995 -1246.639111 -0.733311 0.134978 0.666360 0.203025 0.978850 0.025148 -0.648873 0.153730 -0.745206
-7.735689 -21.349387 -311.488818 1462.898193 0.401355 -0.487634 -0.775324 0.705511 -0.375230 0.601213 -0.584097 -0.788299 0.193431
-4.656015 -21.359041 -633.622333 1350.327831 0.422263 -0.540591 -0.727637 0.673119 -0.350636 0.651126 -0.607129 -0.764732 0.215822
-9.849604 -89.903299 -606.260948 -1564.106827 0.655882 -0.556781 -0.509719 0.185925 0.773599 -0.605786 0.731608 0.302555 0.610909
-9.624918 -82.737710 -647.091091 -6192.535720 0.645669 -0.591659 -0.482754 0.467912 0.806149 -0.362191 0.603465 0.007970 0.797350
-11.072269 -76.741525 97.149079 -3166.078948 0.605605 -0.590156 -0.533815 0.379647 0.803827 -0.457964 0.699365 0.074684 0.710852
-4.841932 -87.544941 -1446.181309 -2841.652144 0.685774 -0.571050 -0.451238 0.327007 0.795640 -0.509924 0.650216 0.202135 0.732367
-10.926035 -76.865890 436.934043 480.118971 0.596645 -0.569849 -0.565055 0.163175 0.775550 -0.609833 0.785741 0.271651 0.555713
-10.185794 -81.441675 -5.744432 1118.588081 0.630013 -0.540270 -0.557846 -0.013096 0.710839 -0.703233 0.776474 0.450352 0.440762
-6.945364 -85.542907 -793.095584 3408.753186 0.664071 -0.526561 -0.530795 -0.130826 0.617145 -0.775898 0.736135 0.584693 0.340940
-4.688851 -90.408887 -1527.904933 1013.378240 0.697923 -0.537308 -0.473501 0.080101 0.715570 -0.693933 0.711679 0.446384 0.542452
-2.797583 -71.624837 -742.259916 -2158.804442 0.686393 -0.386517 -0.616011 0.425546 -0.473427 0.771218 0.589725 0.791500 0.160476
-1.787838 -70.867171 -390.238562 -81.882522 0.654912 -0.375640 -0.655732 0.597251 -0.274356 0.753671 0.463013 0.885225 -0.044672
-0.207775 -78.956030 -275.539339 -2484.801978 0.663674 -0.402638 -0.630412 0.450830 -0.457202 0.766628 0.596899 0.793000 0.121911
-1.272389 -75.113442 -166.398733 2118.549857 -0.602140 0.389230 0.697085 0.725769 -0.096980 0.681069 0.332696 0.916021 -0.224096
0.135391 -77.960913 216.387237 559.647760 -0.630187 0.376944 0.678806 0.636204 -0.250481 0.729729 0.445095 0.891724 -0.081963
-15.179127 -32.181742 1725.281978 -805.011038 0.188155 0.978653 -0.082676 -0.431938 0.158057 0.887946 -0.882059 0.131361 -0.452456
-5.981614 -27.853992 1550.466586 -47.150012 0.123994 0.975098 0.183871 -0.407325 -0.118953 0.905504 -0.904827 0.187172 -0.382432
-10.548384 -27.453513 695.931572 -605.012507 0.187676 0.982154 -0.012313 -0.494445 0.105298 0.862807 -0.848706 0.155840 -0.505383
-6.273405 -22.725147 535.424902 -252.135860 0.030341 0.954406 0.296966 -0.507217 -0.241306 0.827347 -0.861284 0.175729 -0.476769
-15.463527 -28.614254 1318.834730 -1007.515362 0.281741 0.930957 -0.232252 -0.509713 0.350296 0.785802 -0.812905 0.103011 -0.573214
-10.866062 -23.354465 495.258110 -731.234411 0.204601 0.978086 -0.038559 -0.573496 0.151704 0.805040 -0.793247 0.142599 -0.591967
8.522824 -29.522090 1123.507386 -532.589542 -0.485323 0.628982 0.607325 0.227489 0.761529 -0.606895 -0.844222 -0.156380 -0.512674
11.890699 -25.971017 1441.604578 -954.691232 -0.496778 0.644874 0.580818 0.125478 0.715577 -0.687172 -0.858759 -0.268492 -0.436400
-1.025974 -16.961898 -518.307601 510.330023 -0.692047 0.715962 0.092033 -0.234452 -0.343520 0.909410 -0.682718 -0.607777 -0.405591
1.842658 -17.873084 -1155.019696 588.465163 -0.721184 0.665827 0.191228 -0.202377 -0.466501 0.861058 -0.662524 -0.582281 -0.471181
1.643931 -14.642509 -855.172038 439.861895 -0.708568 0.681624 0.182536 -0.158872 -0.406141 0.899894 -0.687525 -0.608637 -0.396070
-1.793061 -14.420726 -189.640575 -157.052025 -0.663603 0.747976 0.012743 -0.238854 -0.227991 0.943911 -0.708928 -0.623339 -0.329953
-1.901071 -16.018632 -270.799321 100.722552 -0.656919 0.753875 -0.011341 -0.269510 -0.220746 0.937356 -0.704146 -0.618824 -0.348189
23.786424 -70.727410 -2877.655755 -3466.918903 -0.450064 -0.318033 -0.834444 0.787120 -0.582615 -0.202487 -0.421762 -0.747940 0.512544
17.134009 -68.648454 -2552.008719 -5105.518180 -0.491247 -0.325827 -0.807782 0.723202 -0.669442 -0.169784 -0.485443 -0.667596 0.564501
13.822737 -73.656921 -1693.758735 -1118.362458 -0.478882 -0.327596 -0.814464 0.846249 -0.419059 -0.329016 -0.233525 -0.846800 0.477908
29.862009 -63.857601 3422.412354 5117.547882 0.433569 0.300003 0.849715 -0.637439 0.768615 0.053886 -0.636938 -0.565005 0.524481
29.607198 -70.744940 -948.609247 -3893.093577 -0.360118 -0.244904 -0.900187 0.785250 -0.600546 -0.150754 -0.503683 -0.761161 0.408579
-0.862233 -48.544415 1904.760796 1411.239804 -0.700806 -0.239759 -0.671853 -0.307321 0.951417 -0.018961 0.643759 0.193186 -0.740442
-9.206058 -40.365580 1298.823800 639.362414 -0.673002 -0.245904 -0.697567 -0.417128 0.905012 0.083407 0.610796 0.347108 -0.711649
-8.126843 -45.914159 1184.964840 1591.308896 -0.704557 -0.142077 -0.695280 -0.248123 0.967234 0.053783 0.664857 0.210408 -0.716724
-0.978313 -44.216577 2416.325370 1139.257430 -0.674161 -0.338372 -0.656514 -0.476190 0.878599 0.036154 0.564579 0.336999 -0.753447
48.169218 -884.794531 6824.938006 161871.415887 0.608381 0.344940 0.714765 0.640305 -0.745445 -0.185258 0.468915 0.570375 -0.674382
9.171089 -464.101767 -819.520144 -2349.283570 0.433309 0.574451 0.694442 0.766928 -0.639731 0.050656 0.473356 0.510637 -0.717763
5.004833 -429.477731 387.739337 69255.525816 -0.463881 -0.601950 -0.649978 -0.540101 0.773734 -0.331098 0.702214 0.197463 -0.684034
-7.805458 -263.447130 -4580.640228 13234.989961 -0.449624 -0.561787 -0.694431 -0.483400 0.806799 -0.339704 0.751108 0.182949 -0.634324
2.163118 -268.505880 -1555.559044 -35472.333654 -0.509998 -0.390763 -0.766293 -0.589764 0.807347 -0.019187 0.626163 0.442147 -0.642204
8.693960 -44.079592 -1825.077113 1209.967049 -0.740899 0.011613 0.671516 -0.270885 0.909749 -0.314607 -0.614564 -0.414995 -0.670887
15.866183 -46.748076 -1800.868693 1112.168697 -0.704479 0.004403 0.709711 -0.330642 0.882798 -0.333681 -0.628001 -0.469731 -0.620457
-15.590627 -24.170996 217.729081 -327.994461 0.920110 -0.358337 0.158091 -0.067921 0.251540 0.965461 0.385726 0.899067 -0.207106
-12.683718 -25.343677 879.267951 -639.157225 0.863873 -0.338908 0.372645 -0.299871 0.248396 0.921074 0.404723 0.907436 -0.112954
-10.227161 -28.141018 945.655711 -629.739002 0.852123 -0.314604 0.418223 -0.388614 0.154867 0.908293 0.350522 0.936504 -0.009706
14.619293 -82.404890 -1078.845894 3143.699979 -0.616046 0.488070 0.618283 0.556303 0.825277 -0.097180 -0.557686 0.284086 -0.779924
9.428487 -68.250712 -1013.838615 1565.820170 -0.620109 0.447817 0.644146 0.513669 0.852365 -0.098072 -0.592966 0.270063 -0.758589
13.726361 -82.746805 -265.082144 1228.973951 -0.578262 0.527202 0.622633 0.712127 0.698564 0.069883 -0.398106 0.483804 -0.779388
6.609326 -69.736935 -1155.646880 -764.280233 -0.560430 0.566683 0.603978 0.724885 0.688349 0.026776 -0.400574 0.452821 -0.796551
18.832940 -267.142953 -627.820429 -48579.580000 -0.469009 0.662359 0.584218 0.856150 0.503405 0.116577 -0.216882 0.554854 -0.803180
14.453748 -75.955028 1534.334905 -515.719168 -0.504568 0.771244 0.388065 0.492395 -0.112155 0.863116 -0.709196 -0.626582 0.323166
-9.117657 -23.352724 1531.746058 -1529.052992 0.909744 0.075116 -0.408319 0.283631 -0.830658 0.479125 0.303183 0.551693 0.776991
-16.476521 -32.375073 1750.045918 -1362.195213 0.911183 0.094439 -0.401031 0.265784 -0.878486 0.397014 0.314807 0.468340 0.825563
-11.096237 -34.478494 1144.253660 -2796.044891 0.900536 0.068406 -0.429367 0.250096 -0.889310 0.382857 0.355650 0.452159 0.817964
-4.657294 -26.733584 1532.756179 -52.576537 0.807196 0.252029 -0.533776 0.470913 -0.820182 0.324874 0.355916 0.513599 0.780731
-19.858485 -50.952590 2928.635598 1994.627582 -0.479188 0.295517 -0.826468 0.653550 -0.508399 -0.560716 -0.585877 -0.808826 0.050484
-25.847500 -47.396278 2051.367411 3189.670328 -0.454054 0.159444 -0.876591 0.788433 -0.386339 -0.478661 -0.414981 -0.908471 0.049708
-34.788086 -52.504407 1311.449805 3670.840928 -0.588103 0.045923 -0.807481 0.731011 -0.397005 -0.554986 -0.346061 -0.916667 0.199909
-2.861441 -34.145624 150.842325 1738.799639 0.865084 0.414733 -0.282183 -0.276705 0.863740 0.421175 0.418407 -0.286271 0.861965
-2.617574 -35.014816 -155.577678 445.924744 0.873837 0.406332 -0.267028 -0.301639 0.883771 0.357720 0.381344 -0.232043 0.894837
-2.603898 -46.001615 381.131110 -732.202448 0.834775 0.174405 -0.522239 -0.531328 0.006469 -0.847142 0.144367 -0.984653 -0.098066
2.332331 -47.823798 231.904518 -1113.076724 0.875558 0.204920 -0.437500 -0.096330 0.961451 0.257549 0.473412 -0.183355 0.861546
-0.335645 -114.643965 -39.959010 -1338.155954 -0.724860 -0.481620 0.492565 -0.409855 0.876194 0.253580 -0.553711 -0.018070 -0.832513
0.413812 -126.624170 427.262247 -6176.718454 -0.697638 -0.509882 0.503310 -0.438699 0.859421 0.262563 -0.566431 -0.037628 -0.823249
-0.629572 -117.389018 177.402305 1663.538028 -0.709163 -0.505183 0.491811 -0.259936 0.835760 0.483671 -0.655379 0.215162 -0.724006
0.863723 -123.453839 368.117423 -9092.943427 -0.714890 -0.464617 0.522554 -0.581634 0.809932 -0.075583 -0.388116 -0.357968 -0.849249
-0.717420 -114.925143 -119.828772 5155.364420 -0.719031 -0.494658 0.488169 -0.165543 0.804109 0.570967 -0.674974 0.329730 -0.660066
-8.816122 -30.824311 668.976520 -1465.034745 0.761148 0.302168 -0.573888 0.021550 0.872569 0.488014 0.648220 -0.383819 0.657643
-9.991371 -33.695001 227.845687 -1544.679376 0.789706 0.331303 -0.516335 -0.078365 0.889224 0.450710 0.608459 -0.315466 0.728188
-1.137326 -39.845431 -199.121120 436.036214 0.790163 0.180089 -0.585841 -0.588814 0.488363 -0.644049 -0.170117 -0.853855 -0.491926
