14095
28181
-60.404877 -103.457868 6618.295562 26923.171311 -0.391242 -0.359516 0.847159 0.714036 -0.699331 0.032981 0.580588 0.617806 0.530315
-67.870754 -102.892106 -104.102020 17955.418777 -0.580628 -0.037928 0.813285 0.581846 -0.718052 0.381910 0.569496 0.694955 0.438990
-69.445431 -118.778354 2796.290353 18470.771521 -0.366737 -0.310707 0.876907 0.799726 -0.586884 0.126512 0.475334 0.747682 0.463713
-61.596736 -81.414960 1204.077993 -14206.974948 0.670908 -0.143230 -0.727576 -0.365571 0.789767 -0.492571 0.645166 0.596451 0.477500
-34.809841 -127.276154 16943.745756 25518.273408 -0.371802 -0.452015 0.810830 0.810852 -0.583395 0.046586 0.451976 0.674784 0.583424
-27.860245 -103.648004 -16980.099308 -31348.915235 0.448563 0.414560 -0.791790 -0.673722 0.738966 0.005227 0.587273 0.531102 0.610771
-43.437535 -71.397630 -8172.076626 -14243.472931 0.579599 0.190028 -0.792436 -0.522260 0.833093 -0.182210 0.625548 0.519466 0.582104
-60.475323 -86.791778 -1330.058385 -3775.042626 -0.063548 0.973091 -0.221484 -0.390481 -0.228484 -0.891807 0.918415 -0.029813 -0.394493
-60.847975 -92.143781 -842.630939 -6212.050257 -0.040707 0.993986 -0.101659 -0.523491 -0.107878 -0.845174 0.851058 -0.018813 -0.524734
-61.304949 -88.011508 3480.663126 -7504.447409 -0.157659 0.977437 -0.140572 -0.419608 -0.195172 -0.886475 0.893909 0.080776 -0.440911
-60.719746 -86.115306 -4534.150459 -4731.952838 0.054299 0.976500 -0.208563 -0.477207 -0.158096 -0.864453 0.877112 -0.146467 -0.457408
-61.013405 -85.071362 -1335.433689 5436.816957 0.032004 0.963337 -0.266378 -0.381655 -0.234540 -0.894053 0.923751 -0.130278 -0.360156
43.080372 -205.124140 5352.858781 36773.912213 0.046091 0.863319 -0.502549 0.838770 0.239783 0.488845 -0.542532 0.444055 0.713074
48.982980 -217.793423 13630.885490 19592.058931 0.098729 0.886552 -0.451971 0.729085 0.244674 0.639195 -0.677265 0.392632 0.622215
31.853620 -187.727185 7239.112909 -15729.033351 0.082602 0.859529 -0.504368 0.578158 0.370894 0.726754 -0.811733 0.351636 0.466307
30.487402 -185.116195 1170.700233 27795.920141 0.037354 0.825323 -0.563424 0.803854 0.310129 0.507582 -0.593653 0.471871 0.651854
-18.385967 -62.427616 2568.679456 -6221.507133 0.011902 0.897673 -0.440502 0.011759 -0.440629 -0.897612 0.999860 -0.005503 0.015800
-22.436779 -59.684793 -1772.708859 -4778.991927 -0.003177 0.941865 -0.335976 -0.007164 -0.335991 -0.941838 0.999969 0.000586 -0.007815
-12.192089 -53.571164 1203.493219 -4151.731984 -0.008481 0.960525 -0.278063 0.099668 -0.275876 -0.956012 0.994985 0.035822 0.093394
-24.085885 -67.568265 -145.372526 -3778.102530 0.005217 0.882212 -0.470824 -0.104321 -0.467781 -0.877666 0.994530 -0.053696 -0.089593
-14.572891 -58.070521 2636.078561 -5522.088676 0.026540 0.903724 -0.427292 0.094359 -0.427799 -0.898935 0.995184 0.016462 0.096628
-21.910610 -69.762410 1435.440061 -4518.788753 0.040050 0.846274 -0.531240 -0.089005 -0.526531 -0.845484 0.995226 -0.081145 -0.054235
-19.038860 -65.989657 1828.337702 -5317.052066 0.059485 0.848421 -0.525970 0.016933 -0.527684 -0.849272 0.998086 -0.041612 0.045756
25.453596 -75.980251 10344.105715 -3167.250518 -0.297143 0.040392 -0.953978 -0.441273 0.880200 0.174715 0.846749 0.472880 -0.243721
24.503427 -76.998429 11650.469676 -516.010625 -0.296448 -0.006180 -0.955029 -0.568833 0.804402 0.171365 0.767168 0.594053 -0.241979
11.131163 -74.624539 13254.253403 -1799.263061 -0.307312 -0.029267 -0.951159 -0.514544 0.845922 0.140217 0.800502 0.532503 -0.275021
7.624142 -70.468593 11922.513091 -4399.843976 -0.317206 0.009569 -0.948308 -0.379168 0.915269 0.136066 0.869259 0.402730 -0.286701
18.577282 -67.374335 10307.034634 -3615.501869 -0.316078 0.074388 -0.945812 -0.300467 0.937756 0.174166 0.899897 0.339235 -0.274053
28.313586 -72.191794 6064.171848 -2805.842844 -0.280534 0.102379 -0.954369 -0.336536 0.920686 0.197689 0.898913 0.376638 -0.223829
29.466930 -51.913759 -2655.743570 6891.221937 0.075219 -0.250095 0.965295 0.797216 0.596575 0.092443 -0.598990 0.762595 0.244254
17.614297 -52.533050 -10668.433104 3275.597079 0.013942 -0.233573 0.972239 0.750347 0.645119 0.144225 -0.660898 0.727506 0.184255
14.323797 -44.859799 -12970.322326 5707.443208 0.073762 -0.163807 0.983731 0.804142 0.593191 0.038480 -0.589843 0.788221 0.175479
29.014439 -42.731450 -3682.654831 7207.407256 0.106763 -0.200187 0.973924 0.830246 0.556903 0.023457 -0.547077 0.806092 0.225660
18.024473 -36.826562 -11408.399957 4465.780333 0.132147 -0.115009 0.984535 0.833255 0.550845 -0.047494 -0.536864 0.826646 0.168624
-0.932023 -97.005482 698.868101 -2275.291429 0.868474 -0.101857 -0.485157 0.302745 -0.665991 0.681763 0.392553 0.738973 0.547560
3.200509 -98.372353 -5086.277913 -6596.839529 0.875050 -0.081464 -0.477128 0.336732 -0.605650 0.720971 0.347706 0.791550 0.502543
3.215441 -106.920240 -3133.142112 -6274.139353 0.880335 -0.116201 -0.459900 0.242268 -0.723403 0.646525 0.407820 0.680577 0.608685
43.888609 -157.790041 14238.189187 -9670.621800 0.414861 0.353118 -0.838569 0.139256 0.886122 0.442035 0.899165 -0.300159 0.318444
27.270597 -157.501741 12049.144960 -11353.988352 0.381120 0.429593 -0.818656 0.173768 0.836421 0.519812 0.908048 -0.340367 0.244127
61.544650 -149.703787 18976.701301 -11896.594554 0.389561 0.353048 -0.850646 0.333215 0.807016 0.487538 0.858609 -0.473374 0.196741
720.138741 -84.647608 359304.604708 -6746.896683 0.596660 -0.195711 -0.778263 0.665161 -0.421943 0.616056 -0.448952 -0.885247 -0.121577
577.102478 -66.390855 223815.733802 1882.338639 0.423368 -0.259175 -0.868094 0.772922 -0.396524 0.495338 -0.472600 -0.880680 0.032446
338.910945 -67.515171 141130.881077 9225.731200 0.534525 -0.179123 -0.825953 0.759165 -0.327724 0.562375 -0.371419 -0.927638 -0.039193
1684.116351 -69.067468 865859.286927 -3194.538031 0.489695 -0.221693 -0.843238 0.668507 -0.525403 0.526355 -0.559729 -0.821465 -0.109084
136.051500 -57.032507 79945.562582 -1455.624738 0.651164 -0.231987 -0.722612 -0.626764 0.372529 -0.684389 -0.427964 -0.898556 -0.097176
268.444595 -66.622293 133243.703294 1662.287732 0.629867 -0.197738 -0.751111 -0.629338 0.436817 -0.642748 -0.455194 -0.877548 -0.150693
2199.155655 -125.842479 969063.210182 26003.658855 0.598733 -0.127320 -0.790764 0.641116 -0.515601 0.568442 -0.480093 -0.847317 -0.227080
258.758029 -10.772414 118810.449016 -1975.847473 0.495190 -0.182596 0.849379 0.544581 0.826990 -0.139709 -0.676918 0.531738 0.508956
4034.658615 -121.410276 2382328.832430 32528.214186 0.242473 -0.014403 0.970051 0.589214 0.796542 -0.135453 -0.770736 0.604412 0.201626
1588.902372 -58.390714 795289.395253 5788.308887 0.426426 -0.118315 0.896751 0.540480 0.828286 -0.147729 -0.725287 0.547671 0.417150
199.382477 -13.467252 123576.347999 -5669.278222 0.542682 -0.294170 0.786740 0.555560 0.828218 -0.073538 -0.629960 0.476989 0.612888
141.593678 -7.454004 79586.687267 -2446.224521 0.570178 -0.254097 0.781238 0.544008 0.829369 -0.127287 -0.615591 0.497576 0.611118
5.798382 -205.777764 -3932.213779 1119.335193 -0.039415 0.573161 0.818494 0.945017 -0.244745 0.216894 0.324638 0.782040 -0.532000
4.487866 -219.146704 -10125.372333 3255.874934 -0.042584 0.588030 0.807717 0.995917 -0.039422 0.081205 0.079593 0.807878 -0.583951
-2.119758 -214.595070 -1739.332851 -3473.220090 -0.026083 0.564029 0.825343 0.988429 -0.108862 0.105631 0.149427 0.818548 -0.554663
0.593406 -217.579163 384.997209 7150.036437 -0.024256 0.560388 0.827875 0.889702 -0.365546 0.273506 0.455896 0.743196 -0.489712
-2.348941 -229.472477 1810.810625 4901.119985 0.014460 0.544355 0.838731 0.984929 -0.152342 0.081892 0.172352 0.824906 -0.538354
-4.361802 -215.960266 2403.556904 583.125337 0.014244 0.536805 0.843586 0.999032 0.027480 -0.034356 -0.041624 0.843259 -0.535894
-2.677534 -144.549584 -265.769194 1375.932064 0.092123 -0.642966 -0.760334 0.136442 0.764530 -0.629983 0.986355 -0.045706 0.158158
-5.169395 -155.906760 -359.367987 15860.559700 0.083637 -0.656802 -0.749411 0.301091 0.733552 -0.609300 0.949921 -0.174680 0.259109
-2.236440 -148.593172 2428.549361 11502.429138 0.066647 -0.636574 -0.768331 0.259064 0.754674 -0.602787 0.963558 -0.158873 0.215210
-5.438326 -165.600050 1863.702635 20476.340717 0.066808 -0.658497 -0.749613 0.437204 0.694645 -0.571245 0.896877 -0.289570 0.334305
0.494828 -141.256894 1529.255748 -880.751079 0.083450 -0.619333 -0.780681 0.075632 0.785090 -0.614747 0.993638 -0.007743 0.112357
0.962560 -148.410078 1951.277495 4821.892047 0.077766 -0.617075 -0.783052 0.198210 0.779321 -0.594450 0.977070 -0.108981 0.182915
-2.384587 -167.381932 4008.036414 21085.456652 0.043956 -0.639158 -0.767819 0.410646 0.712192 -0.569344 0.910735 -0.290276 0.293772
-19.086611 -141.715216 -2212.105308 3145.754435 0.666286 0.246277 -0.703854 -0.470778 -0.593077 -0.653167 0.578300 -0.766555 0.279218
-21.321486 -139.084305 51.084187 -1288.206966 0.636990 0.304503 -0.708182 -0.413714 -0.640125 -0.647365 0.650449 -0.705350 0.281776
-16.668211 -147.745305 -2716.985581 1101.908361 0.679916 0.239706 -0.693004 0.338439 0.735805 0.586558 0.650517 -0.633350 0.419160
-24.493384 -137.270277 2070.511256 454.407865 0.638413 0.299648 -0.708971 -0.548012 -0.469838 -0.692051 0.540473 -0.830339 0.135740
-15.982319 -148.585296 -6830.379767 4405.082053 0.698122 0.188541 -0.690708 -0.490946 -0.576136 -0.653482 0.521150 -0.795311 0.309650
-19.528349 -139.956670 -2313.992127 1761.588504 0.663951 0.232184 -0.710816 -0.568626 -0.460563 -0.681576 0.485627 -0.856722 0.173765
-15.134441 -316.533238 3.059892 48908.828079 0.057774 0.587742 0.806983 0.054410 0.805278 -0.590395 -0.996846 0.078017 0.014545
-15.728438 -283.626302 -3408.623684 27318.426684 0.018628 0.592639 0.805252 -0.120174 0.800881 -0.586642 -0.992578 -0.085843 0.086138
-19.291782 -325.244898 -821.033615 11989.573622 0.046198 0.628012 0.776831 -0.330607 0.743449 -0.581363 -0.942637 -0.229968 0.241971
38.265808 -67.266759 -12468.416718 -803.488482 0.109938 -0.322562 0.940142 0.992876 -0.008090 -0.118880 0.045951 0.946514 0.319375
49.276721 -69.635770 -8534.997447 -1398.559630 0.095259 -0.380607 0.919818 0.980444 -0.123980 -0.152838 0.172210 0.916388 0.361353
57.932706 -67.308559 -6514.609930 -836.839150 0.081121 -0.435834 0.896364 0.993399 -0.037826 -0.108295 0.081105 0.899232 0.429888
51.341494 -63.633539 -11180.565663 -1592.871082 0.093148 -0.396316 0.913377 0.995125 0.066903 -0.072455 -0.032393 0.915673 0.400616
30.934253 -63.383683 -10433.812260 -1958.780507 0.122928 -0.301610 0.945474 0.989432 0.111069 -0.093211 -0.076899 0.946940 0.312076
27.813731 -66.035514 -10307.376193 -1793.974312 0.136075 -0.272994 0.952343 0.990389 0.061508 -0.123879 -0.024758 0.960047 0.278740
-27.104763 -66.128781 -9545.994681 468.586623 0.328010 0.089846 0.940392 0.942586 0.035022 -0.332122 -0.062774 0.995340 -0.073200
-24.074799 -65.958725 -12771.049277 -768.282913 0.240383 0.110206 0.964402 0.969478 -0.076657 -0.232888 0.048263 0.990948 -0.125270
-4.927461 -62.287341 -19187.399138 -77.542379 0.257738 0.144944 0.955281 0.965562 -0.002294 -0.260164 -0.035518 0.989437 -0.140544
-7.864595 -61.736791 -14508.508255 596.840142 0.309883 0.137260 0.940815 0.941356 0.094647 -0.323869 -0.133499 0.986003 -0.099881
-49.033591 -102.904942 15353.759589 -6819.991774 0.794242 0.349377 -0.497107 0.510613 0.059643 0.857740 -0.329324 0.935082 0.131025
-69.294597 -106.254319 16156.122076 -9543.665718 0.829722 0.422796 -0.364423 0.376532 0.058003 0.924586 -0.412049 0.904367 0.111070
-77.661025 -121.027614 10207.243693 -11171.409899 0.907488 0.395176 -0.142486 0.247089 -0.227829 0.941828 -0.339725 0.889904 0.304396
-56.410730 -109.327894 12498.283272 -5647.715697 0.851526 0.339095 -0.399897 0.466641 -0.142387 0.872910 -0.239059 0.929914 0.279481
-0.781924 -106.912071 -1579.556127 10092.571909 -0.521987 -0.402723 0.751893 0.136492 0.830719 0.539700 -0.841961 0.384344 -0.378656
-1.930110 -105.435594 -1875.092395 9496.162831 -0.516743 -0.388745 0.762794 0.165950 0.828589 0.534697 -0.839903 0.402886 -0.363655
0.686300 -107.047040 -815.741862 -9376.284682 -0.517896 -0.396299 0.758110 0.235814 0.785743 0.571839 -0.822299 0.474926 -0.313481
-27.529308 -174.029470 -873.981155 -44542.988959 -0.114669 0.991218 -0.065860 -0.410675 0.013067 0.911688 -0.904542 -0.131589 -0.405570
-39.327743 -155.599025 -9275.691831 -57682.721939 -0.102849 0.973913 -0.202274 -0.540619 0.115965 0.833237 -0.834957 -0.195051 -0.514589
-12.482037 -204.674335 -3882.594940 -46612.345192 -0.082470 0.982248 -0.168487 -0.274206 0.140173 0.951400 -0.958128 -0.124663 -0.257779
-46.154508 -147.118971 6212.344718 -34264.776555 -0.199304 0.977781 0.064971 -0.553348 -0.167014 0.816035 -0.808754 -0.126688 -0.574340
-10.179674 -63.706007 -1651.550645 -9449.422862 0.906523 -0.068501 -0.416561 0.403237 -0.151584 0.902453 0.124963 0.986068 0.109793
-12.711945 -70.273859 -1582.699310 4916.645302 0.881386 -0.064001 -0.468042 0.458805 -0.119985 0.880399 0.112504 0.990711 0.076389
-11.407293 -71.321385 -821.727179 3270.709516 0.878155 -0.053495 -0.475376 0.466476 -0.124512 0.875726 0.106037 0.990775 0.084387
-11.969841 -68.904236 -1442.698587 663.781834 0.896030 -0.078238 -0.437047 0.427262 -0.115745 0.896689 0.120741 0.990193 0.070283
-7.981443 -63.494694 18.450310 -9476.519621 0.923772 -0.092475 -0.371611 0.356095 -0.149518 0.922410 0.140863 0.984425 0.105191
63.708089 -94.653347 -14434.496011 562.384815 -0.268431 -0.451730 0.850814 -0.587007 0.777006 0.227342 -0.763785 -0.438409 -0.473741
61.887352 -111.271658 -5012.746773 -20486.881692 -0.267700 -0.493385 0.827591 -0.723201 0.670448 0.165768 -0.636645 -0.554139 -0.536296
42.640579 -106.466492 -6441.500504 13990.977152 -0.221037 -0.601610 0.767599 -0.521558 0.737980 0.428208 -0.824087 -0.305698 -0.476896
46.139961 -134.588556 -1688.169024 -21294.090059 -0.229949 -0.621176 0.749175 -0.726113 0.622063 0.292911 -0.647984 -0.476632 -0.594087
-63.051698 -68.241162 9133.675259 481.746961 -0.755914 0.477877 0.447468 -0.094879 0.596316 -0.797123 -0.647759 -0.645012 -0.405423
-24.348291 -72.627867 33879.362169 -1344.782399 -0.663859 0.690741 0.286648 -0.146522 -0.495996 0.855874 -0.733363 -0.526179 -0.430480
-42.737854 -68.615561 19332.870205 3298.977598 -0.759141 0.496734 0.420666 0.037491 0.678552 -0.733595 -0.649845 -0.541131 -0.533740
26.707911 -38.299603 1697.101326 5142.160863 -0.020340 -0.451486 0.892047 -0.443968 0.803515 0.396555 -0.895812 -0.387974 -0.216788
26.302053 -33.906171 -1297.591487 3587.889846 -0.049649 -0.479390 0.876197 -0.437406 0.799111 0.412429 -0.897893 -0.362777 -0.249363
24.605722 -29.920690 -468.603555 4617.709134 -0.037641 -0.444921 0.894778 -0.390053 0.830926 0.396763 -0.920023 -0.334076 -0.204819
20.487249 -34.404144 4247.030418 6703.689554 0.016537 -0.423246 0.905864 -0.394244 0.829827 0.394916 -0.918857 -0.363662 -0.153140
21.116235 -25.681929 2992.630374 3982.377203 0.012409 -0.431072 0.902232 -0.351400 0.842868 0.407542 -0.936143 -0.322102 -0.141020
18.430058 -148.010975 3686.656470 -29480.475684 0.171509 0.977870 0.119814 -0.936534 0.199574 -0.288224 0.305758 0.062777 -0.950038
39.916328 -173.294824 568.771994 12996.864309 0.189251 0.975651 0.110860 0.979966 -0.194799 0.041462 0.062048 0.100793 -0.992971
41.950919 -166.206275 14685.659925 -23262.360519 0.082251 0.991706 0.098763 -0.968691 0.102846 -0.225967 0.234250 0.077084 -0.969115
20.855602 -128.288609 12315.377564 -33777.164352 0.080601 0.992415 0.092818 -0.873522 0.115180 -0.472962 0.480065 0.042957 -0.876180
62.885278 -156.229239 29547.326621 -31072.312819 0.012942 0.999535 0.027600 -0.919843 0.022724 -0.391629 0.392074 0.020319 -0.919709
72.148591 -185.203383 17323.267441 -15800.292775 0.057007 0.998361 0.004978 -0.994016 0.057222 -0.093048 0.093181 -0.000357 -0.995649
18.924955 -76.147020 -5529.267710 877.213970 -0.058886 0.506403 -0.860284 0.814234 0.522944 0.252095 0.577542 -0.685628 -0.443125
29.571678 -73.748169 -7621.052929 1817.980151 -0.085142 0.526626 -0.845822 0.797148 0.545287 0.259264 0.597751 -0.652171 -0.466226
28.974781 -75.170677 -10961.378359 -1098.554468 -0.067132 0.517099 -0.853289 0.862897 0.459438 0.210535 0.500901 -0.722167 -0.477046
12.385949 -74.584307 817.097686 -718.345265 -0.059758 0.519306 -0.852496 0.869133 0.447106 0.211434 0.490956 -0.728297 -0.478064
13.554083 -75.977769 1608.941281 -520.343112 -0.057084 0.512324 -0.856893 0.821912 0.511345 0.250972 0.566747 -0.689964 -0.450275
14.455669 -75.482861 -3646.375432 1066.288371 -0.048263 0.493946 -0.868152 0.727736 0.612729 0.308163 0.684157 -0.616912 -0.389034
5.929996 -49.384031 -1948.054594 -4784.234267 -0.090164 -0.051879 -0.994575 0.897308 -0.437508 -0.058525 -0.432099 -0.897717 0.085999
7.943788 -53.948522 -422.124033 -4510.863855 -0.096706 -0.030449 -0.994847 0.946181 -0.312973 -0.082396 -0.308851 -0.949274 0.059076
5.316520 -52.347540 1420.098659 -1809.470197 -0.105924 -0.002370 -0.994371 0.901501 -0.422215 -0.095025 -0.419614 -0.906492 0.046860
4.877960 -61.158694 1183.277134 7377.903471 -0.094145 -0.026097 -0.995216 0.883637 -0.462688 -0.071457 -0.458610 -0.886137 0.066620
4.006579 -58.262348 -906.935149 4966.813285 -0.066065 -0.055926 -0.996247 0.880483 -0.473007 -0.031835 -0.469452 -0.879282 0.080491
3.224722 -49.031483 -2875.338049 -7884.701217 -0.065832 -0.072478 -0.995195 0.885602 -0.463782 -0.024806 -0.459756 -0.882980 0.094719
6.689774 -142.611153 -2959.724619 -2667.029696 -0.249399 0.122161 -0.960665 0.963011 -0.073234 -0.259321 -0.102032 -0.989805 -0.099378
6.406573 -128.927596 2028.108472 -3866.468220 -0.213019 0.138193 -0.967226 0.971229 -0.077933 -0.225035 -0.106477 -0.987334 -0.117616
8.394989 -141.755706 -218.013976 8602.160126 -0.194822 0.130265 -0.972150 0.979334 0.080710 -0.185447 0.054305 -0.988189 -0.143297
6.118659 -231.906465 5837.418721 7361.132572 -0.019545 -0.378414 0.925430 0.951988 -0.289882 -0.098429 0.305512 0.879074 0.365911
8.204757 -214.326297 8292.189143 17792.597211 -0.062410 -0.378201 0.923617 0.809207 -0.560862 -0.174982 0.584200 0.736477 0.341046
3.119711 -216.871878 2515.131906 6983.590550 -0.036416 -0.357926 0.933039 0.922127 -0.371891 -0.106673 0.385170 0.856496 0.343596
9.947102 -230.413038 5499.178646 9185.822489 -0.020884 -0.368485 0.929399 0.869437 -0.465647 -0.165082 0.493602 0.804606 0.330099
7.937073 -119.994847 1113.991356 8384.538849 0.282647 -0.222535 0.933054 0.503103 0.862580 0.053323 -0.816700 0.454350 0.355763
9.360011 -129.605510 -1032.250786 7666.772573 0.263955 -0.229174 0.936913 0.419836 0.901815 0.102309 -0.868369 0.366345 0.334254
7.662742 -119.699752 -1424.399102 14682.035860 0.254852 -0.243550 0.935806 0.587647 0.807563 0.050138 -0.767933 0.537146 0.348930
6.362800 -106.832647 937.761769 9730.768953 0.283418 -0.249841 0.925880 0.666619 0.745393 -0.002918 -0.689415 0.618036 0.377807
-19.281729 -64.771275 -1443.463477 1065.065031 0.154435 0.161378 -0.974734 0.945420 0.262380 0.193230 0.286934 -0.951375 -0.112049
-16.929141 -73.333724 -2161.328627 5503.072190 0.193785 0.151286 -0.969309 0.900820 0.363879 0.236886 0.388549 -0.919078 -0.065767
-15.781680 -67.672370 -3117.027565 -1245.377465 0.126786 0.108589 -0.985968 0.959671 0.238006 0.149617 0.250913 -0.965174 -0.074034
-15.765819 -66.649549 -2815.967727 1051.358601 0.307492 0.211195 -0.927818 0.857969 0.360138 0.366319 0.411507 -0.908679 -0.070459
-17.650077 -64.492502 -3657.701330 -6150.799297 0.083693 0.120980 -0.989120 0.990156 0.101659 0.096215 0.112193 -0.987436 -0.111281
-22.851491 -60.794340 -349.215227 511.839038 0.232991 0.230650 -0.944730 0.921845 0.256997 0.290092 0.309703 -0.938484 -0.152746
-23.290373 -61.577612 54.427490 -3525.446777 0.139155 0.186571 -0.972536 0.974277 0.149997 0.168180 0.177255 -0.970923 -0.160899
3.707919 -33.311018 6183.949868 2994.024407 0.051967 0.685755 -0.725975 -0.471718 0.657602 0.587403 -0.880217 -0.311930 -0.357656
-3.969624 -38.888077 8683.984182 3515.008104 0.038006 0.728023 -0.684499 -0.500768 0.606650 0.617420 -0.864747 -0.319310 -0.387627
-8.792681 -35.716033 5700.807767 2203.813592 -0.027647 0.789096 -0.613647 -0.459249 0.535233 0.708954 -0.887877 -0.301418 -0.347594
-3.707974 -28.913077 6729.803650 2358.125678 0.010507 0.754506 -0.656209 -0.417619 0.599583 0.682711 -0.908561 -0.266872 -0.321396
7.889206 -27.909008 -4175.302333 2765.091344 -0.061291 -0.622205 0.780451 -0.413637 0.727451 0.547467 -0.908377 -0.289269 -0.301953
-5.806535 -83.002121 -1560.525636 -2584.279800 -0.056356 0.291917 -0.954782 -0.386923 0.875184 0.290419 0.920388 0.385794 0.063627
-9.954710 -78.458292 -2865.570606 -2107.382071 -0.042969 0.255266 -0.965915 -0.279712 0.925071 0.256915 0.959122 0.281218 0.031651
-9.407308 -84.230301 -1132.066762 -3570.345022 -0.082598 0.314041 -0.945810 -0.437641 0.841216 0.317532 0.895348 0.440153 0.067955
-0.856804 -338.742699 -4894.019305 46293.240580 0.800566 0.194168 0.566915 -0.590999 0.099431 0.800521 -0.099067 0.975916 -0.194354
5.583816 -348.325799 -584.700241 52830.923489 0.797434 0.151446 0.584092 -0.590633 -0.002213 0.806937 -0.123500 0.988463 -0.087684
0.797146 -307.447422 -1645.968932 40978.547329 0.765529 0.163606 0.622253 -0.568114 -0.282089 0.773093 -0.302013 0.945335 0.123000
6.598487 -373.909165 1161.181958 30085.151104 0.814232 0.133588 0.564961 -0.565551 0.402239 0.719970 0.131070 0.905736 -0.403067
-1.907132 -279.302958 -6896.864825 29290.159814 0.766306 0.192837 0.612853 -0.568155 -0.241955 0.786548 -0.299958 0.950932 0.075851
-2.521115 -271.103126 -4439.634844 23291.195131 0.786312 0.187744 0.588614 -0.605607 0.045644 0.794454 -0.122287 0.981157 -0.149590
-1.226151 -298.225420 -4122.635574 21338.923948 0.816803 0.178537 0.548596 -0.573693 0.351758 0.739691 0.060911 0.918907 -0.389742
32.551749 -211.653102 -1140.563284 -2883.155659 0.814914 -0.015057 0.579386 0.567364 -0.183450 -0.802773 -0.118376 -0.982914 0.140953
25.819943 -235.703938 -7577.096544 -20475.962105 0.813193 -0.093473 0.574439 0.474567 -0.464865 -0.747454 -0.336903 -0.880434 0.333665
31.079023 -220.452993 -3660.363215 -31576.316127 0.811644 -0.030003 0.583382 0.499997 -0.480718 -0.720356 -0.302055 -0.876362 0.375170
29.242820 -211.477136 1109.308284 -17211.680972 0.805407 0.021243 0.592342 0.563156 -0.339120 -0.753561 -0.184867 -0.940503 0.285092
-36.906677 -66.959206 1400.568624 806.859312 -0.829940 -0.200625 -0.520528 0.010088 0.927542 -0.373584 0.557761 -0.315303 -0.767780
-42.591705 -58.182812 -320.333767 -1424.191307 -0.771421 -0.367395 -0.519549 -0.116953 0.884436 -0.451769 0.625485 -0.287741 -0.725240
-37.544823 -62.026249 1781.042675 2508.316156 -0.780425 -0.003693 -0.625238 0.249456 0.915108 -0.316778 0.573330 -0.403191 -0.713253
2.334400 -568.651325 -10453.627050 200456.599869 0.669780 -0.029326 0.741980 0.071860 0.997090 -0.025459 -0.739074 0.070370 0.669938
4.160143 -462.416389 -6665.415546 118652.836399 0.667288 0.038233 0.743817 0.077563 0.989684 -0.120453 -0.740750 0.138070 0.657439
5.261619 -387.575601 -4396.856772 69591.715208 0.683091 0.052703 0.728429 0.269570 0.908770 -0.318543 -0.678762 0.413957 0.606565
-11.087888 -1527.018985 -28126.932687 929256.829363 0.669898 -0.085765 0.737483 0.273645 0.951899 -0.137867 -0.690185 0.294166 0.661144
9.867731 -337.919258 -4177.329941 16402.271377 0.710016 0.096998 0.697473 -0.425512 -0.730093 0.534700 -0.561085 0.676429 0.477104
1.016960 -616.849837 -17972.206171 -223948.588727 0.687073 0.018840 0.726344 -0.434356 -0.790724 0.431381 -0.582465 0.611882 0.535102
-3.926436 -32.034228 -4084.193428 1466.581588 0.280579 0.574458 -0.768943 0.474345 0.613468 0.631390 0.834429 -0.541899 -0.100365
-9.668067 -27.160383 -1935.852254 2006.633064 0.376578 0.722506 -0.579806 -0.360107 -0.462490 -0.810201 0.853529 -0.513896 -0.086016
-3.714318 -29.816826 -4723.909949 1414.384142 0.387227 0.708684 -0.589765 -0.344364 -0.482205 -0.805538 0.855260 -0.515020 -0.057322
-11.635772 -25.214964 -1635.923588 408.095702 0.296539 0.644530 -0.704731 -0.443699 -0.560467 -0.699291 0.845692 -0.520056 -0.119777
-9.140964 -29.557810 -1756.365125 3675.653006 0.203990 0.512961 -0.833822 0.521377 0.663966 0.536019 0.828586 -0.544078 -0.132003
-36.998899 -50.981630 -5743.291772 -3543.640718 -0.131395 -0.690210 0.711579 0.062944 0.710546 0.700830 -0.989330 0.136875 -0.049918
-40.188100 -59.175893 1132.370613 -5668.551285 0.122243 0.875805 -0.466929 0.128567 0.452520 0.882438 -0.984138 0.167903 0.057283
-34.068658 -49.443608 7964.415710 -4782.925298 0.198279 0.701438 -0.684595 0.108290 0.678510 0.726566 -0.974145 0.218197 -0.058575
-40.455830 -54.507692 300.783389 -2758.249240 0.032876 0.814471 -0.579273 0.077824 0.575740 0.813921 -0.996425 0.071840 0.044457
-86.852772 -107.896736 -256.706387 -19115.565577 0.142773 0.766530 0.626137 -0.318404 -0.563418 0.762351 -0.937142 0.308208 -0.163625
-90.484549 -118.251908 -1216.599383 -10679.814042 0.060017 0.763298 0.643253 -0.172219 -0.626833 0.759882 -0.983229 0.156387 -0.093834
-90.506422 -123.843883 -636.016153 -9702.288941 0.181649 0.808617 0.559590 -0.121511 -0.546239 0.828769 -0.975827 0.218541 0.000968
-2.640327 -74.882377 1961.564463 200.724477 0.183702 -0.352623 0.917557 0.977077 0.167665 -0.131184 -0.107584 0.920622 0.375340
-2.271719 -76.553126 780.365664 1157.842686 0.184469 -0.345021 0.920289 0.961513 0.257350 -0.096250 -0.203628 0.902625 0.379215
-0.139088 -76.786188 3699.915756 1917.935909 0.165109 -0.367899 0.915090 0.974281 0.205102 -0.093331 -0.153350 0.906964 0.392301
-8.460262 -198.139948 5552.869703 -18584.209618 0.041668 -0.376996 0.925277 0.966832 0.248782 0.057824 -0.251992 0.892178 0.374858
-11.502550 -174.096475 6996.823851 -13691.649792 0.060122 -0.366900 0.928315 0.955610 0.289885 0.052682 -0.288434 0.883941 0.368042
-7.720893 -162.840894 6322.959588 -9763.443026 0.070961 -0.365917 0.927938 0.892160 0.439342 0.105022 -0.446112 0.820417 0.357632
-5.286586 -165.337294 3364.581410 -13658.339870 0.075417 -0.366097 0.927516 0.869918 0.478809 0.118256 -0.487396 0.797944 0.354585
-10.022284 -53.539443 -2055.356700 -2575.370855 0.127515 -0.067431 -0.989542 0.831864 -0.536046 0.143725 -0.540131 -0.841492 -0.012260
-11.009622 -57.762451 -1084.226478 6246.108532 0.085295 -0.030141 -0.995900 0.820802 -0.564490 0.087382 -0.564809 -0.824890 -0.023408
-11.434427 -55.206863 -2189.063726 -1715.846252 0.112744 -0.042324 -0.992722 0.825454 -0.552150 0.117288 -0.553096 -0.832670 -0.027316
-79.587761 -118.022872 -653.760852 11778.516123 -0.514011 -0.095050 0.852501 0.718723 -0.590211 0.367544 0.468220 0.801634 0.371690
-71.494894 -108.968281 264.505495 16034.699059 0.601346 -0.137799 -0.787016 0.541572 -0.653911 0.528299 0.587438 0.743917 0.318599
-63.416176 -94.743632 213.056520 17320.758238 0.651553 -0.199271 -0.731963 0.408873 -0.720490 0.560104 0.638985 0.664218 0.387961
-61.773614 -97.131497 1015.997529 -6526.490259 -0.130149 0.991494 -0.000371 -0.524203 -0.069128 -0.848783 0.841589 0.110274 -0.528741
-61.930675 -100.276400 603.885342 -2020.878248 -0.005970 0.999443 -0.032842 -0.662699 -0.028549 -0.748341 0.748862 -0.017297 -0.662501
-60.609599 -92.951104 -2521.652972 -6953.963574 0.066320 0.991667 -0.110447 -0.581070 -0.051600 -0.812216 0.811147 -0.118043 -0.572806
278.758008 -156.883278 -56478.970384 -14598.097126 0.511884 -0.198904 0.835711 0.805297 -0.227628 -0.547432 0.299117 0.953217 0.043658
303.835501 -180.350755 -103676.898424 -13297.575749 0.592809 -0.108700 0.797973 0.702897 -0.413789 -0.578544 0.393081 0.903860 -0.168893
295.846035 -191.893606 67882.467711 -4479.721091 0.312067 -0.547148 0.776688 0.769126 -0.334422 -0.544617 0.557727 0.767327 0.316464
265.789436 -149.369300 35042.878366 3656.858678 0.413110 -0.386500 0.824596 0.836237 -0.197564 -0.511543 0.360622 0.900881 0.241590
-31.362279 -63.299589 -5685.958470 -1483.630827 -0.000268 0.920560 -0.390600 -0.148374 -0.386313 -0.910356 0.988931 -0.057711 -0.136691
30.672695 -76.483430 -10902.044463 -3089.404026 0.280600 0.004025 0.959816 0.667829 -0.719066 -0.192222 0.689397 0.694930 -0.204458
11.690332 -75.412996 13478.521833 -10.327773 -0.293159 -0.050789 -0.954714 -0.616716 0.773101 0.148244 0.730561 0.632246 -0.257964
27.886919 -59.929570 970.949987 3139.732901 0.048658 -0.316197 0.947445 0.732330 0.656334 0.181432 -0.679209 0.685014 0.263497
26.271403 -57.955166 -5281.338154 -277.075834 -0.015575 -0.287956 0.957517 0.671921 0.706160 0.223294 -0.740459 0.646854 0.182485
-2.073313 -93.294623 162.606528 -619.789076 0.882272 -0.198755 -0.426723 0.019144 0.920893 -0.389345 0.470350 0.335339 0.816283
-3.576654 -91.027246 1342.175882 708.231239 0.874869 -0.228430 -0.427111 0.106234 0.950829 -0.290926 0.472565 0.209148 0.856118
-2.597731 -90.244307 1624.990166 -1638.626559 0.874887 -0.196161 -0.442824 0.033302 0.936510 -0.349057 0.483180 0.290638 0.825873
-4.524758 -89.642521 -94.832976 805.027786 0.876973 -0.229904 -0.421974 0.142126 0.962933 -0.229260 0.459040 0.141081 0.877142
-0.947073 -91.720572 1311.063869 -3254.352553 0.876324 -0.164862 -0.452634 -0.064930 0.890616 -0.450097 0.477327 0.423820 0.769763
0.034590 -86.557061 1280.135299 -1468.350075 0.878753 -0.141503 -0.455819 -0.071727 0.905039 -0.419237 0.471857 0.401100 0.785156
-2.733652 -87.005093 -1359.776415 47.948196 0.887493 -0.178617 -0.424796 0.044502 0.950737 -0.306787 0.458667 0.253367 0.851722
19.273845 -161.896477 9431.505073 -7256.140806 0.391855 0.425510 -0.815715 -0.041479 0.893890 0.446364 0.919092 -0.141075 0.367925
4.448128 -163.483400 6992.476588 -8539.678077 0.385271 0.452503 -0.804243 -0.065640 0.882752 0.465231 0.920466 -0.126449 0.369801
3.412433 -155.295333 7714.929657 -8843.201563 0.368742 0.482378 -0.794569 0.121226 0.822549 0.555623 0.921593 -0.301204 0.244832
651.071752 -71.609138 292355.428508 13078.369811 0.291976 -0.275229 -0.915969 0.877550 -0.303751 0.371001 -0.380336 -0.912132 0.152839
358.134826 -80.658796 177277.141959 11656.922348 0.381979 -0.205770 -0.900972 0.852861 -0.297031 0.429419 -0.355979 -0.932433 0.062033
4117.898350 -89.556789 -300993.141389 -38174.395325 0.053155 0.992890 0.106510 0.822436 -0.104024 0.559266 -0.566369 -0.057870 0.822118
3299.241294 -152.833891 -2230155.510411 -10341.344898 -0.199764 0.932993 0.299363 0.576240 -0.135241 0.806013 -0.792491 -0.333518 0.510612
-3.978208 -165.191874 -1633.599287 11160.148100 0.088241 -0.662307 -0.744019 0.230832 0.740196 -0.631527 0.968984 -0.116017 0.218197
-24.976238 -136.595227 -475.583570 -858.909653 0.623807 0.318395 -0.713785 -0.521636 -0.510489 -0.683592 0.582031 -0.798765 0.152360
64.150270 -167.982316 -25269.547927 19532.764945 0.635220 -0.144913 -0.758614 0.772187 0.100218 0.627442 -0.014898 -0.984356 0.175560
33.268986 -176.356912 -2964.680212 -3904.328823 0.706940 -0.109980 -0.698670 -0.699521 0.037135 -0.713647 -0.104432 -0.993240 0.050681
53.795388 -161.258742 -10290.483108 19128.538119 0.690347 -0.141556 -0.709495 0.719717 0.234240 0.653559 0.073677 -0.961818 0.263587
-10.892518 -276.712158 -6515.185181 10078.450658 -0.021358 0.621081 0.783455 -0.390961 0.716044 -0.578299 -0.920159 -0.318652 0.227525
71.913326 -69.520427 -11364.225783 -2350.558671 0.061609 -0.454567 0.888579 0.979596 -0.143096 -0.141123 0.191302 0.879143 0.436476
-30.229945 -69.623627 -11068.116303 -1301.116677 0.185320 0.089410 0.978602 0.967584 -0.190475 -0.165830 0.171572 0.977612 -0.121810
-18.342433 -66.247670 -15974.674704 -2611.023941 0.206830 0.133034 0.969290 0.971939 -0.141403 -0.187987 0.112052 0.980973 -0.158547
-59.136824 -109.211384 11566.213264 -2559.274512 0.900348 0.284667 -0.329147 0.413732 -0.325475 0.850231 -0.134903 0.901682 0.410816
-40.087243 -102.641366 13483.756300 -180.910208 0.804278 0.284406 -0.521776 0.581453 -0.195372 0.789773 -0.122676 0.938586 0.322502
-1.197587 -107.913678 -1983.332419 -10467.512325 -0.520472 -0.398831 0.755012 0.230189 0.785943 0.573852 -0.822266 0.472469 -0.317255
-2.207360 -107.173156 -428.347736 12022.820840 -0.515282 -0.363747 0.775998 0.174161 0.842122 0.510390 -0.839138 0.398143 -0.370580
-2.678491 -103.961146 -2131.074843 -8091.532060 -0.525664 -0.397916 0.751891 0.213879 0.793648 0.569543 -0.823367 0.460202 -0.332086
-33.441429 -6407.346995 -2876.439411 5764426.345468 -0.256682 0.962375 0.089153 0.627852 0.236163 -0.741639 0.734790 0.134391 0.664848
-189.022567 -1369.215968 -24981.275386 -667492.434476 -0.191968 0.980953 -0.029657 0.979696 0.189766 -0.064695 0.057835 0.041474 0.997464
-85.626541 -1493.659684 -351.056808 -810375.889542 0.092784 -0.995608 0.012461 0.995648 0.092663 -0.009950 0.008752 0.013330 0.999873
-100.163881 -2788.699780 -13883.167462 1671926.910879 -0.146479 0.984557 0.095873 0.100052 0.111167 -0.988752 0.984141 0.135239 0.114791
-110.349030 -630.690075 -17682.219765 232838.600212 -0.252892 0.951594 0.174683 -0.195244 0.126641 -0.972544 0.947589 0.280054 -0.153766
-123.688614 -2473.717744 19282.382305 -630012.124590 -0.267188 0.941800 0.204016 0.754658 0.336155 -0.563463 0.599251 -0.003412 0.800554
-22.479858 -233.712069 -778.362714 -71734.501881 -0.049789 0.970572 -0.235607 -0.381726 0.199498 0.902489 -0.922933 -0.134871 -0.360560
-22.976684 -160.397190 -12651.393722 -64729.403268 -0.004257 0.921860 -0.387499 -0.576563 0.314346 0.754163 -0.817041 -0.226628 -0.530173
-47.438513 -80.562055 -23304.509949 -26549.564972 0.149242 0.819183 -0.553775 -0.634745 0.508791 0.581576 -0.758172 -0.264711 -0.595905
-55.736752 -107.808180 -2001.279441 27440.802751 -0.494860 0.768253 0.406081 -0.410217 -0.618495 0.670213 -0.766052 -0.165080 -0.621219
-13.722195 -67.179208 -229.425333 13941.615497 0.870701 -0.062774 -0.487791 0.482046 -0.087751 0.871740 0.097527 0.994163 0.046145
-56.906993 -91.020129 -2108.966819 -793.457536 0.039751 0.979813 0.195922 0.999182 -0.037532 -0.015026 -0.007370 0.196359 -0.980504
-54.281328 -89.067091 -2203.263824 448.799902 0.023106 0.995793 0.088671 -0.994887 0.031625 -0.095911 0.098311 0.086001 -0.991433
-54.671591 -90.337023 94.449606 2615.194600 0.021902 0.995815 0.088731 0.999524 -0.019881 -0.023603 -0.021740 0.089206 -0.995776
-55.963750 -90.327966 -3241.799241 -1783.926899 -0.003319 0.985487 0.169720 0.990646 -0.019913 0.134999 0.136420 0.168580 -0.976202
-55.695648 -90.063829 -385.824487 162.456616 0.038394 0.986178 0.161179 0.993214 -0.019941 -0.114582 -0.109784 0.164484 -0.980251
-60.095378 -90.639900 -2680.978227 140.865748 0.072129 0.967389 0.242810 0.982028 -0.026312 -0.186892 -0.174408 0.251926 -0.951901
-63.607516 -93.465840 -3525.290700 -1180.130522 -0.040966 0.961424 0.272003 0.994062 0.011751 0.108178 0.100809 0.274819 -0.956197
-65.483975 -92.981771 -8713.197849 -1464.549284 0.040124 0.964134 0.262365 0.996693 -0.020048 -0.078753 -0.070668 0.264657 -0.961750
-15.476840 -72.393762 30422.005859 10206.798453 -0.605636 0.762565 0.227375 -0.124213 -0.372834 0.919546 -0.785987 -0.528668 -0.320523
-14.548499 -82.525695 30792.405910 5661.420497 -0.610945 0.676807 0.410706 -0.095719 -0.578126 0.810314 -0.785865 -0.455745 -0.417986
-32.425681 -65.598559 29894.906399 7468.441213 -0.668303 0.723777 0.171806 -0.125502 -0.337347 0.932977 -0.733226 -0.601950 -0.316285
27.950566 -41.198925 -959.468193 4120.822444 -0.034193 -0.510050 0.859465 -0.490145 0.758002 0.430337 -0.870970 -0.406548 -0.275917
24.884141 -35.148551 -3280.762790 2852.087077 -0.058590 -0.539166 0.840159 -0.470210 0.757304 0.453203 -0.880608 -0.368498 -0.297892
33.547292 -162.590548 -179.010358 14617.999529 0.298411 0.941148 0.158715 0.949128 -0.310135 0.054513 0.100528 0.134374 -0.985818
5.361846 -51.018388 1922.192556 -4004.221621 -0.131276 0.017706 -0.991188 0.928734 -0.347501 -0.129212 -0.346726 -0.937513 0.029175
7.328017 -60.600915 2171.352370 -3845.967119 -0.111603 0.009110 -0.993711 0.962606 -0.247401 -0.110377 -0.246850 -0.968870 0.018841
9.195344 -64.503688 -1830.432721 -6224.997309 -0.095835 -0.043223 -0.994458 0.967869 -0.237377 -0.082955 -0.232476 -0.970456 0.064583
10.165248 -68.292126 -545.688278 -7648.535943 -0.104876 -0.023253 -0.994213 0.973002 -0.209075 -0.097749 -0.205592 -0.977623 0.044552
6.211787 -55.174899 -2156.433357 1353.635920 -0.086877 -0.058948 -0.994473 0.961121 -0.267598 -0.068102 -0.262104 -0.961726 0.079904
3.284416 -124.213220 15.736103 -16535.623488 -0.278971 0.139730 -0.950079 0.912146 -0.270805 -0.307660 -0.300275 -0.952439 -0.051907
4.603478 -112.857491 4820.520184 -9844.918255 -0.221053 0.154447 -0.962955 0.943165 -0.217373 -0.251374 -0.248144 -0.963792 -0.097618
9.835793 -120.462068 5891.550823 -4317.399802 -0.155997 0.145111 -0.977040 0.984701 -0.054909 -0.165375 -0.077646 -0.987891 -0.134326
1.676165 -208.078820 1666.224429 -21648.500192 0.044085 -0.369852 0.928044 0.950098 0.302679 0.075493 -0.308821 0.878405 0.364740
6.055249 -242.162228 3229.590556 -18848.539187 0.033239 -0.371605 0.927796 0.997019 0.077005 -0.004876 -0.069633 0.925192 0.373057
4.076471 -227.920103 1679.849906 -3991.376548 0.015498 -0.373911 0.927335 0.999860 -0.000076 -0.016741 0.006330 0.927465 0.373858
11.560431 -128.897824 -1938.463622 -2044.342347 0.264469 -0.196717 0.944118 0.290085 0.949864 0.116655 -0.919732 0.243023 0.308274
11.053967 -139.732396 -1450.861362 -3096.017815 0.271397 -0.187428 0.944041 0.208605 0.968995 0.132411 -0.939589 0.160996 0.302081
-15.402250 -77.191895 510.942248 4126.846977 0.174052 0.138958 -0.974883 0.900301 0.378630 0.214706 0.398955 -0.915058 -0.059202
-11.497860 -75.812759 -1014.957897 -3405.864338 0.312193 0.203493 -0.927969 0.833810 0.409438 0.370300 0.455299 -0.889355 -0.041850
26.581627 -32.731698 -7970.599202 4772.505261 -0.175200 0.824300 -0.538363 -0.002927 0.546382 0.837531 -0.984528 -0.148311 0.093314
47.787153 -32.307606 -13065.515106 4913.801746 -0.134722 0.767960 -0.626169 0.047783 0.636230 0.770018 -0.989731 -0.073818 0.122410
42.022834 -31.723790 -17978.847461 2631.668659 -0.198722 0.810158 -0.551500 0.046686 0.569910 0.820380 -0.978943 -0.137281 0.151077
-0.501766 -86.766867 -2415.878560 -1984.999379 -0.013474 0.240117 -0.970650 -0.300281 0.924960 0.232982 0.953756 0.294607 0.059640
-1.925740 -85.432953 -2367.471268 -2105.896725 -0.036178 0.279771 -0.959385 -0.390441 0.879754 0.271272 0.919917 0.384397 0.077407
1.098407 -90.077399 -2969.258283 -2550.307344 -0.025232 0.281701 -0.959171 -0.436204 0.860215 0.264113 0.899494 0.425058 0.101173
1.585937 -91.541679 -192.485020 -2616.196651 -0.030970 0.248556 -0.968122 -0.396909 0.885887 0.240140 0.917335 0.391694 0.071218
9.982790 -373.571837 -4209.112019 60968.064362 0.790112 0.160319 0.591626 -0.596450 -0.021440 0.802364 -0.141319 0.986832 -0.078683
5.788508 -305.157926 -4272.218951 47610.369758 0.759212 0.168351 0.628694 -0.573298 -0.284293 0.768444 -0.308101 0.943841 0.119323
10.079417 -371.046340 -609.099599 27418.178959 0.808440 0.134806 0.572932 -0.583893 0.306261 0.751846 0.074114 0.942354 -0.326306
4.938449 -298.503690 -817.152171 34084.491842 0.760982 0.167323 0.626825 -0.554352 -0.334239 0.762219 -0.337046 0.927517 0.161594
-48.380783 -49.880958 3985.874723 -2112.899089 0.496566 0.858926 0.125177 -0.545946 0.421177 -0.724260 0.674807 -0.291303 -0.678069
-42.275729 -53.908372 2752.329161 -6069.005707 0.570235 0.781293 0.253796 -0.497447 0.574277 -0.650195 0.653742 -0.244514 -0.716125
-37.330861 -53.324182 3754.133825 -212.284034 0.345365 0.937390 0.044968 -0.617761 0.263152 -0.741028 0.706466 -0.228145 -0.669967
-34.784848 -58.982138 2557.966330 -4623.185367 0.458593 0.867828 0.191225 -0.593805 0.459351 -0.660600 0.661127 -0.189396 -0.725976
-37.956404 -60.272536 2901.552378 -10359.927773 0.212220 0.904418 -0.370122 0.120208 0.351713 0.928358 -0.969800 0.241507 0.034078
-39.853170 -58.564234 -2983.273796 -1282.542363 -0.009563 0.777799 -0.628440 0.187113 0.618760 0.762971 -0.982292 0.110293 0.151453
-37.981808 -62.545125 -1673.523087 -1148.590023 0.046266 0.814417 -0.578433 0.261891 0.548909 0.793796 -0.963988 0.188212 0.187892
-68.225021 -97.681796 -10893.392808 -2847.786621 -0.429934 0.211375 0.877768 -0.120395 0.950104 -0.287764 -0.894797 -0.229399 -0.383034
-84.330170 -107.775951 -5466.826567 271.223862 -0.318351 0.567260 0.759519 -0.004132 0.800365 -0.599499 -0.947964 -0.193989 -0.252453
-71.472768 -101.407777 -12149.468924 460.934812 -0.387823 0.218359 0.895496 -0.002454 0.971286 -0.237902 -0.921730 -0.094462 -0.376151
