18271
36528
-53.408019 -82.030897 -114.293590 -14430.190787 0.284619 0.942702 0.174083 -0.046717 0.195018 -0.979686 0.957502 -0.270705 -0.099546
-53.161486 -85.082507 -1117.352994 -10362.256579 0.331870 0.939210 -0.088014 -0.211342 -0.016902 -0.977266 0.919346 -0.342926 -0.192885
-61.529950 -94.117399 196.655765 -10118.275237 0.331754 0.889431 0.314406 -0.165716 0.383044 -0.908744 0.928697 -0.249378 -0.274469
-43.599621 -64.532361 28.932066 -7634.503652 0.284704 0.896128 -0.340439 -0.129867 -0.315806 -0.939894 0.949778 -0.311804 -0.026466
-54.490868 -112.508153 1602.841145 -21549.731220 0.303576 0.784945 0.540095 -0.056941 0.580779 -0.812067 0.951104 -0.215770 -0.221006
-44.985645 -88.429526 3379.462081 -20801.384829 0.217404 0.899346 0.379358 0.044077 0.379212 -0.924259 0.975086 -0.217659 -0.042802
-41.200267 -60.482576 1992.500262 -11080.609623 0.237709 0.971179 0.017460 0.033878 0.009675 -0.999379 0.970745 -0.238153 0.030601
92.483207 -128.995932 -16771.940028 -27075.004568 0.095694 0.820232 0.563970 -0.715067 0.450789 -0.534292 0.692475 0.352148 -0.629659
116.226664 -97.098530 -23569.679633 -7736.911626 0.212792 0.783273 0.584126 -0.615403 0.571782 -0.542535 0.758946 0.244025 -0.603699
130.024429 -139.070550 -21862.630283 -30708.004065 -0.026578 0.754424 0.655849 -0.636005 0.493405 -0.593338 0.771228 0.432892 -0.466704
112.567562 -168.484407 -21070.094311 -39762.767007 -0.056457 0.784934 0.617002 -0.753564 0.371894 -0.542066 0.654946 0.495554 -0.570502
80.351874 -153.286356 -16169.075548 -26907.665127 0.012135 0.854150 0.519886 -0.857403 0.276410 -0.434116 0.514502 0.440484 -0.735705
-45.855648 -68.919594 1989.038791 6043.725068 0.155797 0.982017 -0.106628 0.889044 -0.186448 -0.418136 0.430497 0.029653 0.902105
-48.039458 -78.716210 3149.351869 5850.411209 0.188911 0.978935 -0.077455 0.940151 -0.203077 -0.273633 0.283598 0.021127 0.958710
-46.833264 -68.246082 3257.552324 7463.466474 0.177125 0.982985 -0.048660 0.902405 -0.181940 -0.390594 0.392801 -0.025273 0.919276
17.082602 -48.515343 19327.360235 722.786449 -0.077456 0.933641 0.349737 -0.229493 0.324675 -0.917562 0.970223 0.151333 -0.189116
25.580415 -49.027801 15050.531194 870.919211 -0.023658 0.916822 0.398595 -0.302858 0.373398 -0.876842 0.952742 0.141462 -0.268833
29.630744 -53.536004 7811.887632 1010.695059 0.007958 0.947304 0.320237 -0.193238 0.315667 -0.928985 0.981120 0.054489 -0.185567
30.753442 -52.804524 7164.906878 -1090.669324 0.000001 0.961235 0.275730 -0.073317 0.274988 -0.958648 0.997309 0.020214 -0.070475
17.835706 -49.659214 15757.668650 -469.238294 -0.070400 0.956727 0.282342 -0.128047 0.272035 -0.953730 0.989266 0.103296 -0.103354
-20.420411 -55.501092 -1790.860272 -259.122409 0.024139 -0.849924 -0.526352 0.936502 0.203467 -0.285598 0.349832 -0.486036 0.800866
-16.710509 -56.725409 -2601.850732 -197.874261 0.010165 -0.874067 -0.485700 0.938456 0.176044 -0.297169 0.345250 -0.452787 0.822062
-22.073918 -52.751205 -2655.135871 -2045.868607 -0.035441 -0.859095 -0.510588 0.966777 0.099946 -0.235270 0.253151 -0.501963 0.827011
-15.826163 -28.097432 2686.911160 -3000.271958 -0.060693 -0.742164 -0.667465 0.902492 0.244863 -0.354331 0.426410 -0.623887 0.654935
-18.810186 -33.989392 1762.136726 -969.291796 -0.035513 -0.766050 -0.641799 0.889955 0.267930 -0.369045 0.454664 -0.584278 0.672235
-17.080266 -26.072643 2245.331582 -2804.101770 -0.131269 -0.771471 -0.622576 0.908259 0.158084 -0.387396 0.397284 -0.616313 0.679944
-2.672249 -44.150105 620.057448 554.657421 -0.090574 0.995580 -0.024826 -0.407133 -0.059767 -0.911412 0.908867 0.072443 -0.410747
-1.316698 -47.035957 -621.685031 -6925.530401 -0.082559 0.996354 -0.021526 -0.276865 -0.043680 -0.959916 0.957356 0.073290 -0.279461
-3.517589 -43.422713 9.172118 -1937.920321 -0.089820 0.995249 -0.037571 -0.380229 -0.069133 -0.922305 0.920520 0.068555 -0.384633
-4.797547 -47.363518 2867.994485 6498.282268 -0.090496 0.995886 -0.004592 -0.524832 -0.051610 -0.849640 0.846381 0.074479 -0.527344
-4.075131 -48.630418 442.332077 6869.584536 -0.075435 0.997151 0.000346 -0.528385 -0.039678 -0.848077 0.845647 0.064158 -0.529873
-0.741740 -54.080415 889.394942 -11679.399566 -0.040267 0.991881 0.120629 -0.596632 0.072973 -0.799191 0.801504 0.104152 -0.588849
-0.324419 -55.322880 568.580530 -3655.467252 -0.035505 0.992232 0.119228 -0.693873 0.061384 -0.717477 0.719222 0.108203 -0.686303
1.407422 -55.542841 -48.225784 -10821.303311 -0.037116 0.991889 0.121565 -0.600077 0.075152 -0.796404 0.799081 0.102508 -0.592420
-24.305941 -69.062090 3710.336805 20595.715484 0.156125 0.766490 0.622991 -0.668920 -0.382024 0.637655 -0.726754 0.516285 -0.453077
-31.621749 -99.691090 -906.033175 18056.304075 0.166894 0.816897 0.552110 -0.790338 -0.223956 0.570271 -0.589501 0.531529 -0.608248
-25.488925 -69.967063 2397.608655 17495.463041 0.215342 0.827057 0.519235 -0.659317 -0.269094 0.702061 -0.720367 0.493523 -0.487346
-20.813173 -50.923961 4773.774969 8009.980580 0.154766 0.766987 0.622719 -0.628134 -0.410121 0.661247 -0.762558 0.493490 -0.418298
13.623780 -122.125245 332.495633 -5710.939753 0.074130 0.758697 0.647212 -0.525652 -0.521793 0.671880 -0.847464 0.390015 -0.360130
15.181365 -130.139401 32.397383 -5448.307634 0.094178 0.740982 0.664888 -0.300281 -0.615610 0.728598 -0.949190 0.268271 -0.164526
13.346991 -125.110962 -1605.371697 -5180.163457 0.036133 0.751875 0.658315 -0.369211 -0.602095 0.707930 -0.928643 0.268637 -0.255845
11.430748 -123.603952 -2704.659152 -1810.075422 0.016024 0.745133 0.666723 -0.287387 -0.635240 0.716854 -0.957680 0.203094 -0.203963
12.573344 -118.184342 -650.438870 -1643.233574 0.033931 0.753186 0.656932 -0.463992 -0.570308 0.677835 -0.885190 0.327810 -0.330121
13.088913 -118.328600 -301.381145 -1996.472569 0.051247 0.757821 0.650447 -0.527469 -0.532511 0.661974 -0.848027 0.377014 -0.372438
3175.369193 -180.120212 -1739834.926814 28212.649491 0.393608 0.919267 0.004634 0.274112 -0.122177 0.953905 -0.877460 0.374194 0.300072
891.922723 -92.316330 -348579.605384 19424.358221 0.463135 0.883603 0.068932 0.311522 -0.235108 0.920694 -0.829735 0.404932 0.384149
159.652243 -42.885670 -63893.231310 1751.526279 0.309971 0.944363 -0.109984 0.387351 -0.019795 0.921720 -0.868261 0.328309 0.371936
1119.841536 -56.722002 -452733.817012 1000.068143 0.549381 0.822192 -0.148932 0.346032 -0.061633 0.936196 -0.760554 0.565863 0.318365
1002.176745 -81.633028 -503955.000581 8777.519561 0.321858 0.941491 -0.100007 0.228709 0.025185 0.973169 -0.918749 0.336095 0.207222
4367.596113 -256.180242 -2201262.494624 6925.266117 0.433297 0.836265 -0.336027 0.338226 0.194709 0.920702 -0.835379 0.512590 0.198480
2.966867 -127.947676 -2851.493633 -3040.064420 0.096260 0.679209 0.727605 0.745601 0.435070 -0.504772 0.659404 -0.591092 0.464539
-2.295907 -127.695451 6070.006946 -1834.289475 -0.117426 -0.660198 -0.741856 0.772029 0.409189 -0.486350 0.624646 -0.629844 0.461642
5.343712 -120.031004 2394.684002 -5500.880644 -0.074019 -0.689037 -0.720936 0.885259 0.287457 -0.365629 0.459170 -0.665279 0.588699
-8.245697 -56.676447 -3680.947100 -2319.925678 0.074485 0.972266 -0.221700 0.318334 -0.233868 -0.918678 0.945048 0.002147 0.326926
-6.860481 -54.072847 -2615.532828 -3908.885816 0.081238 0.970879 -0.225375 0.305787 -0.239496 -0.921486 0.948628 -0.005943 0.316339
-7.497839 -51.318154 -318.188297 3436.871248 0.033046 0.979109 -0.200635 0.162693 -0.203337 -0.965497 0.986123 0.000736 0.166014
-8.317235 -54.803121 -1302.303316 4626.689783 0.029847 0.978037 -0.206282 0.174508 -0.208303 -0.962370 0.984203 0.007274 0.176892
-7.395387 -51.293076 1797.228135 8665.593864 -0.002590 0.986254 -0.165219 0.014132 -0.165167 -0.986164 0.999897 0.004889 0.013510
-6.641342 -47.951464 4488.242478 7875.031193 -0.007607 0.993209 -0.116097 0.007216 -0.116043 -0.993218 0.999945 0.008393 0.006284
12.426540 -51.922022 19.879567 1922.140983 0.297052 0.903868 0.307869 0.951557 -0.307016 -0.016761 0.079371 0.297934 -0.951281
11.555028 -46.522250 6.058249 4057.667560 0.322563 0.893499 0.312430 0.930376 -0.360036 0.069093 0.174221 0.268390 -0.947425
11.457136 -52.950777 1919.897451 2252.175933 0.295972 0.896634 0.329315 0.950762 -0.309719 -0.011219 0.091936 0.316421 -0.944153
11.622254 -52.824912 1239.803373 -681.691033 0.279268 0.906341 0.317104 0.960151 -0.259824 -0.102963 -0.010928 0.333222 -0.942785
10.932604 -51.242799 -1322.637120 1123.516814 0.259650 0.921988 0.287263 0.965614 -0.251898 -0.064313 0.013065 0.294084 -0.955690
157.766486 -98.383731 36137.173586 24791.993910 0.773467 -0.633833 0.001964 0.452571 0.554437 0.698412 0.443766 0.539310 -0.715693
200.295158 -83.064111 38372.302861 27529.021073 0.851222 -0.518351 -0.082056 0.388069 0.516437 0.763345 0.353304 0.681619 -0.640759
170.098633 -104.265539 20347.370139 24578.714650 0.906302 -0.395760 -0.148290 0.380434 0.611123 0.694117 0.184081 0.685494 -0.704423
126.593838 -113.594616 24262.647353 12316.689165 0.873512 -0.481168 -0.073856 0.437068 0.708381 0.554227 0.214358 0.516404 -0.829082
101.677479 -105.183967 11300.935446 7741.288457 0.741023 -0.670982 -0.025835 0.583075 0.623904 0.520354 0.333029 0.400658 -0.853560
112.601278 -94.244116 -21960.871815 -17926.361343 -0.629639 0.775173 -0.051590 -0.560483 -0.499233 -0.660776 0.537971 0.387135 -0.748808
-2.792985 -84.863165 -1111.857892 -9710.822648 0.045165 0.985681 0.162462 -0.658819 0.151639 -0.736860 0.750944 0.073753 -0.656234
-2.977215 -86.939525 -1340.128656 -13543.889580 0.033838 0.986693 0.159032 -0.709191 0.135825 -0.691809 0.704204 0.089375 -0.704350
-6.671927 -82.305614 -1679.262778 -8558.777050 0.033362 0.986178 0.162293 -0.662396 0.143415 -0.735299 0.748411 0.082971 -0.658025
-4.612046 -71.395946 -845.108875 2328.769312 0.054936 0.981110 0.185486 -0.622562 0.178892 -0.761849 0.780640 0.073624 -0.620629
-9.505900 -67.044676 -2469.638422 2156.968500 0.064212 0.978858 0.194199 -0.620533 0.191569 -0.760421 0.781547 0.071678 -0.619715
-10.424354 -79.277188 -2561.622301 -7905.364004 0.023260 0.985474 0.168226 -0.668418 0.140461 -0.730403 0.743422 0.095456 -0.661975
34.498527 -54.802843 27824.417577 -3932.444946 0.884382 0.358495 0.298914 -0.462413 0.585675 0.665702 -0.063584 0.726956 -0.683734
64.700704 -56.147321 48268.284164 1115.404176 0.890073 0.331264 0.313104 -0.443797 0.473091 0.761071 -0.103989 0.816364 -0.568099
101.133987 -55.784524 36875.364745 329.544874 0.840537 0.475519 0.259576 -0.500885 0.499548 0.706800 -0.206426 0.724109 -0.658069
1.349266 -156.879897 -484.920977 -6480.116444 0.801846 0.173769 -0.571706 0.221375 0.802304 0.554348 -0.555010 0.571063 -0.604856
0.127559 -151.038358 956.407958 -6953.463165 -0.810998 -0.234441 0.536023 0.007385 0.912026 0.410067 -0.585003 0.336522 -0.737919
0.278723 -143.521797 -1431.753473 -4519.992174 -0.820537 -0.195755 0.537029 0.092332 0.881796 0.462504 -0.564087 0.429087 -0.705471
-0.734856 -142.789356 3125.362933 -4202.895945 0.818909 0.141626 -0.556175 0.247743 0.786907 0.565155 -0.517698 0.600599 -0.609319
-2.118646 -132.274648 -2365.202095 -3798.425448 -0.826441 -0.192207 0.529198 0.093029 0.880387 0.465043 -0.555284 0.433562 -0.709707
65.015916 -46.262131 2868.884688 -338.600545 0.110683 0.775107 0.622059 -0.775784 0.458606 -0.433404 0.621215 0.434614 -0.652076
45.866978 -54.503476 23237.439307 969.624169 0.065372 0.599921 0.797384 -0.775448 0.533463 -0.337784 0.628019 0.596248 -0.500081
63.777527 -50.793433 13600.604797 -2135.953533 0.058813 0.676530 0.734062 0.833552 -0.437902 0.336797 0.549301 0.592071 -0.589678
73.246002 -42.793136 -12723.814663 2014.495682 0.144452 0.860928 0.487787 -0.839985 0.367253 -0.399438 0.523029 0.352034 -0.776217
62.721881 -44.678888 -14946.564638 882.153256 0.200125 0.875092 0.440640 -0.777718 0.415417 -0.471787 0.595907 0.248277 -0.763710
7.975347 -64.055431 -4976.952405 1171.594665 0.818583 -0.046310 -0.572519 -0.326795 -0.857248 -0.397907 0.472363 -0.512816 0.716863
4.522288 -70.184760 -6109.212810 -3789.192669 0.846279 0.019981 -0.532365 -0.312505 -0.790689 -0.526452 0.431454 -0.611892 0.662900
-1.171577 -71.132595 -7693.012821 -1132.487547 0.857910 0.021402 -0.513355 -0.278088 -0.820798 -0.498956 0.432039 -0.570817 0.698219
-2.121094 -72.264216 -6856.195350 -988.898947 0.838818 -0.016814 -0.544153 0.269049 0.881736 0.387497 0.473284 -0.471443 0.744140
-14.366264 -183.204332 -8286.083775 -2949.863119 0.739035 0.155679 -0.655432 -0.670103 0.269822 -0.691489 -0.069200 -0.950242 -0.303729
-20.662649 -179.345151 -9451.413653 2964.543491 0.671079 0.195961 -0.715019 0.718752 -0.408448 0.562642 -0.181792 -0.891499 -0.414948
-54.561153 -173.817801 -6929.835737 8726.894927 0.836478 0.149398 -0.527242 -0.544085 0.341221 -0.766512 -0.065391 -0.928035 -0.366709
-58.907782 -216.795902 -22896.577753 38874.090693 0.630214 0.253354 -0.733922 0.743288 -0.470060 0.475990 -0.224393 -0.845491 -0.484554
272.858229 -3165.415176 69310.035528 -1533052.072709 0.963870 -0.215626 0.156399 0.246002 0.495369 -0.833122 -0.102167 -0.841496 -0.530516
1.813865 -28.610332 -10485.837417 4032.484466 0.053355 0.989211 -0.136437 -0.344377 -0.110022 -0.932363 0.937314 -0.096732 -0.334791
18.045857 -34.881990 -11542.471148 4818.441969 0.049709 0.993014 -0.107013 -0.320378 -0.085629 -0.943412 0.945985 -0.081181 -0.313883
22.351899 -29.858668 -11655.819777 3631.097156 0.025711 0.987897 -0.152966 -0.368074 -0.132912 -0.920248 0.929441 -0.079963 -0.360202
40.251259 11.266148 5137.708718 11196.182509 0.939303 -0.093540 -0.330091 -0.272074 -0.789210 -0.550567 0.209011 -0.606958 0.766757
32.821074 -9.645460 3604.118286 19887.411480 0.950166 -0.085956 -0.299661 -0.255121 -0.766822 -0.588980 0.179160 -0.636078 0.750537
26.479944 -7.901348 8284.110946 15072.390154 0.953751 0.131285 -0.270413 -0.070394 -0.777024 -0.625522 0.292239 -0.615628 0.731846
36.786211 9.165720 12078.940156 3668.531916 0.932989 0.015740 -0.359560 -0.192493 -0.822319 -0.535480 0.304102 -0.568810 0.764184
45.666056 18.368354 5764.393522 -4406.234336 0.928321 -0.130720 -0.348042 -0.291896 -0.836053 -0.464555 0.230255 -0.532848 0.814282
-14.788093 -40.868293 -247.207773 409.811547 0.082794 0.818487 0.568528 0.514203 0.453596 -0.727906 0.853663 -0.352605 0.383313
-16.139652 -43.299840 -1469.191319 346.048591 0.064326 0.765455 0.640266 0.566144 0.500360 -0.655073 0.821792 -0.404621 0.401172
-14.292549 -41.878785 -903.638995 263.295219 0.092911 0.801057 0.591333 0.469603 0.488441 -0.735458 0.877975 -0.346024 0.330797
-16.642057 -42.270794 260.670174 313.495046 0.031722 0.772167 0.634627 0.603568 0.491305 -0.627953 0.796680 -0.402961 0.450470
-12.126220 -39.946919 1276.652511 208.831765 0.106754 0.862604 0.494487 0.422869 0.410720 -0.807769 0.899881 -0.295336 0.320923
-12.607362 -38.876101 947.936110 982.403130 0.101207 0.874620 0.474127 0.447485 0.385623 -0.806878 0.888546 -0.293826 0.352351
-14.290686 -38.651963 1289.374158 -125.281510 0.071588 0.856327 0.511448 0.523435 0.404229 -0.750076 0.849053 -0.321406 0.419294
-15.509311 -40.392874 1138.107907 -653.247734 0.035466 0.812702 0.581600 0.584855 0.455021 -0.671491 0.810362 -0.363966 0.459175
-6.434502 -104.871530 -223.014647 538.331428 -0.084954 0.854935 0.511731 0.016145 0.514702 -0.857217 0.996254 0.064562 0.057529
-7.527278 -101.695521 2795.315392 2919.398788 -0.105618 0.827993 0.550701 -0.115816 0.539788 -0.833796 0.987639 0.151844 -0.038884
-3.966274 -109.561949 -974.185327 -6017.580295 -0.079302 0.842877 0.532232 -0.195855 0.510332 -0.837378 0.977421 0.170646 -0.124611
-6.859049 -9.488723 -114.565345 1259.975616 0.886213 -0.063369 -0.458923 -0.342058 -0.757587 -0.555930 0.312445 -0.649651 0.693060
-5.751013 -11.198331 1419.406901 1739.520286 0.939835 0.153852 -0.305023 -0.088617 -0.752501 -0.652602 0.329934 -0.640368 0.693593
-5.405365 -13.250006 -541.174588 1974.122070 0.896122 -0.051014 -0.440866 -0.314621 -0.773644 -0.549990 0.313016 -0.631564 0.709329
-5.897135 -8.920774 1295.791317 1165.227458 0.935673 0.317618 -0.153737 0.114940 -0.686248 -0.718229 0.333624 -0.654357 0.678610
-5.186705 -12.087605 -1643.902247 1611.060423 0.792982 -0.252103 -0.554639 -0.534820 -0.724073 -0.435529 0.291801 -0.641998 0.709006
-8.664414 -9.562947 -613.569266 -256.944918 0.765257 -0.259812 -0.588965 -0.568000 -0.703067 -0.427870 0.302916 -0.661962 0.685600
-7.530049 -9.085819 1598.147568 -149.626030 0.931268 0.107332 -0.348166 -0.157892 -0.742327 -0.651169 0.328345 -0.661386 0.674358
-6.907441 -10.151249 -1600.217665 -394.551631 0.676179 -0.380884 -0.630642 0.680501 0.650903 0.336517 0.282313 -0.656698 0.699319
-429.032063 -7059.733347 115381.885295 4637045.688115 -0.606923 -0.065608 0.792048 0.407839 0.829653 0.381239 -0.682138 0.554411 -0.476778
-722.819171 -3236.889431 -232564.761561 -7508.378800 0.685870 -0.189357 -0.702657 0.639854 0.616863 0.458331 -0.346655 0.763953 -0.544249
-1396.377384 -4775.432288 586104.023760 2824980.131165 -0.763273 -0.324939 0.558416 -0.211547 0.942369 0.259206 -0.610460 0.079714 -0.788025
-180.610654 -4712.728967 94564.252280 -2951299.805887 -0.587337 -0.143040 0.796602 -0.222958 0.974770 0.010644 -0.778027 -0.171357 -0.604410
16.735832 -1809.688735 -10841.938040 -836415.672300 0.684965 0.157512 -0.711346 0.669540 -0.521085 0.529327 0.287296 0.838845 0.462386
41.527182 -972.781851 -1277.517616 -419537.781595 -0.672327 -0.196168 0.713789 0.697327 -0.491425 0.521763 0.248420 0.848539 0.467192
15.924118 -245.459930 -1281.252821 -110023.833657 0.731008 0.135175 -0.668846 0.657770 -0.400394 0.637984 0.181562 0.906318 0.381605
16.483775 -223.308261 -4537.640278 -65785.584827 -0.681502 -0.123439 0.721331 0.704881 -0.375676 0.601672 0.196717 0.918493 0.343034
16.419236 -135.630217 -972.550889 -32318.562329 -0.685381 -0.151105 0.712334 0.714550 -0.327976 0.617941 0.140255 0.932523 0.332760
-16.712510 -108.496810 -1456.267975 2407.355208 0.036345 0.823023 0.566845 0.671699 0.399862 -0.623643 0.739932 -0.403416 0.538290
-18.060930 -107.956740 -1097.967266 2536.056788 0.050027 0.811966 0.581556 0.626875 0.427774 -0.651182 0.777512 -0.397140 0.487601
-16.607359 -104.823141 -890.553971 -630.701000 0.028943 0.819941 0.571716 0.558162 0.461223 -0.689731 0.829227 -0.339073 0.444311
-0.109440 -20.295838 466.112955 -1854.787241 0.696811 -0.628270 -0.346022 0.634267 0.764998 -0.111731 0.334904 -0.141615 0.931550
-2.786736 -16.752886 1725.518016 317.105000 0.732194 -0.581658 -0.354353 0.603920 0.794998 -0.057090 0.314916 -0.172200 0.933368
-1.291934 -18.313592 987.035346 353.995819 0.765639 -0.532802 -0.360443 0.555545 0.830154 -0.047055 0.324294 -0.164215 0.931594
-2.534257 -16.436114 -161.670684 -1940.075969 -0.536834 0.784252 0.311060 0.783840 0.600003 -0.159974 0.312097 -0.157942 0.936830
2.902768 -21.469838 1999.413763 -2163.206007 -0.493972 0.818116 0.294410 0.802578 0.559278 -0.207547 0.334455 -0.133765 0.932870
-39.845348 -66.724145 1167.135998 -2902.479185 0.175290 0.898651 0.402120 0.139280 -0.426972 0.893474 -0.974615 0.100610 0.200008
-40.636778 -66.600690 -1125.605205 987.286963 0.160016 0.894678 0.417069 0.053277 -0.429725 0.901387 -0.985676 0.122016 0.116428
-40.918211 -66.499094 1347.576347 -3497.559564 0.096053 0.918236 0.384209 0.069034 -0.391209 0.917709 -0.992979 0.061625 0.100966
-62.292980 -85.843976 2949.090387 -4374.656814 -0.447928 -0.377598 0.810420 0.115201 0.874508 0.471131 -0.886617 0.304394 -0.348217
-53.014634 -76.370221 6730.191408 -2691.281957 -0.326234 -0.564900 0.757931 0.069786 0.785217 0.615275 -0.942710 0.253617 -0.216742
-60.239134 -84.844056 3195.876492 -5338.407225 -0.336387 -0.270422 0.902062 0.278518 0.886464 0.369608 -0.899595 0.375571 -0.222878
-58.056894 -88.723359 4289.903995 -2133.180527 -0.230397 -0.120195 0.965645 0.466304 0.857350 0.217972 -0.854095 0.500504 -0.141484
-64.103829 -92.720651 731.986190 -3434.027357 -0.392285 -0.122618 0.911634 0.398890 0.870363 0.288713 -0.828854 0.476899 -0.292519
-14.278470 -42.993160 4527.605088 -1711.531857 0.270356 -0.700702 -0.660246 0.962443 0.179083 0.204042 -0.024733 -0.690613 0.722802
-10.248808 -42.643068 4383.267531 632.542092 0.230633 -0.705538 -0.670093 0.970685 0.214718 0.108015 0.067672 -0.675361 0.734376
-17.609305 -42.327082 2866.797946 -2016.367786 0.126183 -0.744263 -0.655859 0.991938 0.086871 0.092262 -0.011692 -0.662213 0.749224
-10.298449 -44.182636 3309.109449 19.510745 0.358183 -0.666859 -0.653455 0.933622 0.261402 0.244989 0.007442 -0.697831 0.716224
-20.613034 -40.113708 2517.199901 -3332.676874 0.232981 -0.733875 -0.638081 0.966191 0.100175 0.237569 -0.110426 -0.671858 0.732402
-15.738122 -43.229388 3146.400626 -552.614062 0.426744 -0.664325 -0.613647 0.898278 0.232721 0.372744 -0.104814 -0.710291 0.696060
-16.201928 -26.082224 5248.744244 -623.591316 0.640898 -0.445115 -0.625398 0.699242 0.674670 0.236389 0.316717 -0.588806 0.743638
-8.666474 -22.462502 3517.503015 2281.692413 0.688503 -0.382060 -0.616437 -0.658620 -0.685237 -0.310916 0.303617 -0.620064 0.723420
-9.210125 -25.695938 4448.768235 592.870197 0.708830 -0.363689 -0.604392 -0.625150 -0.720774 -0.299454 0.326722 -0.590097 0.738267
-14.132717 -22.732206 4540.602080 -2193.689291 0.541162 -0.520258 -0.660662 0.793553 0.575898 0.196507 0.278240 -0.630613 0.724507
-0.351466 -51.412205 1134.983779 4624.851107 -0.005114 0.983623 -0.180167 0.263931 0.175109 0.948513 -0.964528 0.042701 0.260504
1.946242 -49.437645 -422.149132 3722.507249 -0.011381 0.987236 -0.158855 0.244976 0.156776 0.956770 -0.969462 0.028027 0.243633
0.699907 -44.718558 1343.938405 -1946.928861 -0.010092 0.974239 -0.225291 0.106567 0.225067 0.968498 -0.994254 0.014235 0.106093
-2.595326 -46.324276 2637.696241 -966.847106 -0.000826 0.976958 -0.213431 0.108645 0.212255 0.971156 -0.994080 0.022386 0.106317
-0.069902 -46.144334 3841.222440 -6858.506662 0.009016 0.970886 -0.239371 -0.038786 0.239540 0.970112 -0.999207 -0.000538 -0.039816
0.088879 -46.366012 599.934543 -6562.635861 -0.014635 0.972156 -0.233878 -0.017599 0.233616 0.972170 -0.999738 -0.018344 -0.013690
-2.213143 -56.480651 1320.224878 11020.888916 0.013060 0.999670 0.022121 -0.086432 -0.020912 0.996038 -0.996172 0.014920 -0.086131
-2.860430 -54.806323 3141.910303 -2353.102875 0.010586 0.999716 0.021339 -0.278427 -0.017549 0.960297 -0.960399 0.016107 -0.278162
-7.771166 -54.641786 3139.504556 -408.745728 0.002676 0.999612 0.027717 -0.244674 -0.026220 0.969251 -0.969602 0.009375 -0.244509
-8.376418 -56.225213 3056.584463 10266.814437 0.014738 0.999465 0.029211 -0.079971 -0.027942 0.996405 -0.996688 0.017021 -0.079516
-4.289666 -55.921707 2491.371624 4381.708254 0.017678 0.999823 0.006395 -0.034747 -0.005778 0.999379 -0.999240 0.017890 -0.034639
6.521209 -62.961138 2195.850236 2159.892110 -0.003843 0.984199 0.177025 0.067161 -0.176372 0.982030 -0.997735 -0.015663 0.065422
5.348404 -66.189899 873.761761 -269.080890 -0.026966 0.976188 0.215243 0.033563 -0.214316 0.976188 -0.999073 -0.033548 0.026985
5.327365 -58.857749 539.983445 -2145.435758 -0.021984 0.970545 0.239916 -0.053316 -0.240771 0.969116 -0.998336 -0.008514 -0.057039
4.225877 -59.824597 -285.913495 -2858.851903 -0.047215 0.953710 0.296997 -0.102403 -0.300384 0.948306 -0.993622 -0.014361 -0.111845
4.603154 -55.350644 825.419247 222.433940 -0.008906 0.982743 0.184764 -0.010410 -0.184852 0.982711 -0.999906 -0.006828 -0.011876
2.947037 -63.559295 69.397922 -1556.001770 -0.016119 0.982767 0.184143 -0.146142 -0.184505 0.971905 -0.989132 0.011245 -0.146598
2.275163 -62.579060 -1086.153238 -4905.217950 -0.037025 0.971045 0.236009 -0.190371 -0.238700 0.952251 -0.981014 0.009672 -0.193697
20.237241 -126.642744 1005.621463 8704.333821 -0.134253 0.858888 0.494255 -0.130444 0.479112 -0.868007 0.982324 0.181005 -0.047714
13.876643 -122.271841 -4964.735497 8443.692261 -0.058547 0.870595 0.488504 -0.133896 0.478073 -0.868054 0.989264 0.116230 -0.088580
16.437317 -128.999695 -3838.110353 1132.703011 -0.095821 0.855093 0.509544 0.125833 0.518198 -0.845953 0.987413 0.016942 0.157253
26.075175 -132.029736 -4020.604191 250.734362 -0.134304 0.853350 0.503743 0.078841 0.515938 -0.852990 0.987799 0.074845 0.136572
22.457157 -130.391769 -6705.101052 -7520.097764 -0.108681 0.837392 0.535689 0.312693 0.540325 -0.781199 0.943616 -0.082605 0.320570
9.502357 -126.451412 -5444.780862 -5418.079925 -0.075805 0.845546 0.528494 0.403996 0.510612 -0.758988 0.911615 -0.155974 0.380304
5.274662 -123.176416 -4322.279184 -4403.499919 -0.055527 0.861812 0.504179 0.284215 0.497711 -0.819455 0.957151 -0.097793 0.272577
483.808410 -52.285439 -188235.096377 -4616.709952 -0.276958 0.952508 0.126579 -0.271765 0.048705 -0.961130 0.921650 0.300593 -0.245369
169.065136 -42.630006 -69268.482689 -2196.507376 -0.205815 0.973538 0.099319 -0.248022 0.046284 -0.967648 0.946639 0.223790 -0.231933
400.188991 -46.700370 -171715.251618 -10217.615767 -0.255203 0.946766 0.196228 -0.179755 0.152952 -0.971748 0.950031 0.283266 -0.131152
829.019581 -65.086487 -353427.857167 -11258.699428 -0.452466 0.812321 0.367980 -0.320750 0.236781 -0.917090 0.832102 0.532982 -0.153417
1232.569618 -51.007504 -508084.183981 -10759.389640 -0.452456 0.836894 0.308046 -0.342575 0.155812 -0.926480 0.823362 0.524720 -0.216201
571.740761 -60.310815 -237921.450223 -3.493805 -0.311685 0.949719 0.029771 -0.329540 -0.078657 -0.940860 0.891210 0.303063 -0.337486
-15.134953 -97.752343 1383.384801 4613.102105 0.075678 -0.880551 -0.467870 0.996584 0.051241 0.064762 -0.033052 -0.471173 0.881421
-14.840928 -95.020316 1031.367236 -24.643959 0.078582 -0.881612 -0.465387 0.987764 0.131938 -0.083151 0.134709 -0.453159 0.881193
-16.356860 -98.927647 3811.293985 1700.846375 0.066929 -0.884654 -0.461419 0.994547 0.096221 -0.040220 0.079979 -0.456211 0.886270
-16.555648 -99.917774 2400.683765 -1742.262461 0.071329 -0.880085 -0.469428 0.961127 0.186496 -0.203601 0.266733 -0.436658 0.859176
-17.578436 -105.268405 6475.632368 4575.380803 0.076854 -0.873052 -0.481533 0.981968 -0.017386 0.188248 -0.172722 -0.487317 0.855973
-17.874252 -95.800599 4276.993343 -1120.054146 0.083012 -0.885345 -0.457464 0.967226 0.182117 -0.176941 0.239966 -0.427783 0.871446
-3.121938 -85.302206 653.697949 1092.804980 0.873419 -0.486806 -0.012643 -0.472651 -0.841202 -0.262641 -0.117220 -0.235371 0.964811
-6.857353 -84.483567 688.639643 1207.886140 0.848188 -0.528634 -0.033505 -0.492933 -0.764589 -0.415235 -0.193890 -0.368713 0.909097
-3.690064 -82.147290 302.300599 988.820207 0.881002 -0.473044 -0.008122 -0.441551 -0.815943 -0.373188 -0.169907 -0.332366 0.927720
1.280527 -78.529160 2749.709606 1692.933509 0.917334 -0.397936 0.012050 -0.360811 -0.843783 -0.397298 -0.168267 -0.360107 0.917611
7.868099 -79.932325 3429.606658 16.480713 0.923759 -0.382766 0.012646 -0.365765 -0.891553 -0.267112 -0.113516 -0.242121 0.963583
3.493041 -81.371296 2643.860385 1163.495565 0.902654 -0.430340 -0.004807 -0.417371 -0.872616 -0.253658 -0.104964 -0.230972 0.967282
75.249499 -56.712718 -7663.985775 -6101.213329 0.577228 0.811117 -0.094322 0.143546 0.012918 0.989559 -0.803867 0.584741 0.108976
75.559418 -79.388101 -1209.289070 -9751.024530 0.677756 0.735286 0.001254 0.124509 -0.116447 0.985362 -0.724668 0.667679 0.170472
65.827895 -60.167130 -13035.786890 -4966.874820 0.522799 0.852219 -0.020092 0.178379 -0.086319 0.980168 -0.833584 0.516015 0.197146
57.216547 -41.634902 -15744.833963 -5896.908470 0.415076 0.901024 -0.125964 0.161721 0.063177 0.984812 -0.895298 0.429143 0.119491
77.483098 -42.592631 -11010.499778 -10448.697112 0.518664 0.840702 -0.155585 0.076036 0.135897 0.987801 -0.851590 0.524167 -0.006561
2.415202 -67.005712 743.250487 5477.587785 -0.085961 0.915264 0.393576 0.947980 -0.046391 0.314931 0.306503 0.400174 -0.863664
1.324856 -76.847020 525.808994 11314.209532 -0.099274 0.916896 0.386582 0.965082 -0.005923 0.261881 0.242407 0.399081 -0.884292
1.237364 -68.522863 349.266528 1529.920339 -0.079849 0.916455 0.392089 0.939680 -0.062042 0.336381 0.332604 0.395298 -0.856221
-19.692191 -49.252418 4374.836392 -6053.428115 -0.121846 0.988627 -0.088153 0.595371 0.143862 0.790466 -0.794158 -0.043832 0.606129
-13.735013 -50.282990 6905.964067 -5869.134305 -0.128356 0.976245 -0.174557 0.590877 0.216642 0.777130 -0.796486 0.003392 0.604648
-16.012618 -56.403993 4809.288967 1337.757239 -0.147012 0.977391 -0.151967 0.546731 0.208328 0.810977 -0.824301 -0.036139 0.564997
-20.115156 -52.013741 403.433250 -2106.633394 -0.170751 0.981342 -0.088388 0.564186 0.170921 0.807763 -0.807799 -0.088059 0.582844
-19.840765 -46.352821 -1668.197621 -2729.730159 -0.200717 0.977880 -0.058847 0.656108 0.178793 0.733182 -0.727486 -0.108552 0.677481
-13.633634 -244.146193 -1363.566045 -2964.599068 0.844094 -0.413825 -0.340961 -0.204515 0.339341 -0.918162 -0.495661 -0.844746 -0.201803
-9.832177 -228.763795 -2709.157955 -11455.826077 0.827404 -0.439333 -0.349841 -0.225442 0.310711 -0.923382 -0.514372 -0.842879 -0.158039
-11.295502 -233.899732 -2478.964084 9970.597603 0.834110 -0.439455 -0.333377 -0.039633 0.555074 -0.830856 -0.550173 -0.706238 -0.445576
-16.757251 -246.141309 -3120.036994 26136.904483 0.845661 -0.430037 -0.316109 0.027166 0.626190 -0.779197 -0.533028 -0.650349 -0.541227
-21.193459 -273.118191 -1844.853624 22339.598562 0.850683 -0.410599 -0.328248 -0.091747 0.498876 -0.861804 -0.517611 -0.763238 -0.386714
-17.383574 -263.316630 861.802722 -26830.816345 0.864055 -0.374500 -0.336390 -0.311271 0.127701 -0.941702 -0.395625 -0.918391 0.006230
-11.738265 -160.819623 576.361877 -12268.347716 0.869728 -0.395466 -0.295263 -0.481937 -0.809457 -0.335433 0.106350 -0.434033 0.894598
-11.630389 -171.830942 -595.045799 -20484.246032 0.876187 -0.402664 -0.264872 -0.473911 -0.819854 -0.321322 0.087772 -0.407064 0.909173
-9.815026 -180.639949 97.621068 -17443.462233 0.860428 -0.419039 -0.289947 -0.509087 -0.682090 -0.524961 -0.022209 -0.599299 0.800217
-10.711122 -172.034666 243.519375 -10881.212826 0.856035 -0.411249 -0.313176 -0.516715 -0.663774 -0.540749 -0.014504 -0.624722 0.780712
-10.871137 -160.727689 -329.219568 -12495.511895 0.868231 -0.391359 -0.304980 -0.486073 -0.794233 -0.364592 0.099539 -0.464793 0.879806
-12.193005 -158.232478 1420.399485 -2160.045638 0.886936 -0.355066 -0.295420 -0.410722 -0.898875 -0.152745 0.211311 -0.256811 0.943078
-15.518892 -80.841477 740.024961 -4292.520012 0.870860 -0.486988 -0.066674 -0.393554 -0.609560 -0.688151 -0.294480 -0.625523 0.722497
-9.384046 -75.289235 2926.828536 -475.433497 0.911750 -0.410586 -0.011424 -0.331426 -0.718968 -0.610935 -0.242628 -0.560806 0.791599
-11.687285 -78.958829 -29.817913 -1461.412310 0.878245 -0.477130 -0.032134 -0.400833 -0.697828 -0.593607 -0.260804 -0.534213 0.804113
-75.720140 -1553.423988 10294.204772 704126.849325 0.743679 -0.643720 -0.180461 -0.004657 -0.274915 0.961457 0.668520 0.714175 0.207446
-307.471432 -4749.121324 -1565.406272 2380113.933131 0.762190 -0.536074 -0.362894 0.370470 -0.098499 0.923607 0.530866 0.838405 -0.123524
-57.568675 -756.720014 -5628.744602 302342.903257 0.821518 -0.568835 -0.039180 -0.222699 -0.383362 0.896347 0.524894 0.727640 0.441618
-51.982776 -1436.762087 -3362.231977 -633828.371263 -0.760991 0.609724 0.221649 0.262274 0.601619 -0.754497 0.593384 0.516033 0.617742
-37.884505 -984.227676 -21086.471219 -408651.113498 -0.656532 0.736786 0.161591 0.080977 0.281834 -0.956040 0.749939 0.614586 0.244696
251.309697 -4806.431426 -109471.622562 3004900.602258 -0.610032 0.738396 0.287458 -0.718817 -0.668348 0.191345 -0.333410 0.089903 -0.938485
107.250883 -2599.896829 63940.302568 1739051.509603 0.733712 -0.642971 -0.219668 0.407014 0.157035 0.899822 0.544064 0.749618 -0.376917
112.578577 -4373.275705 -73720.406647 -1875658.934544 0.770212 -0.582202 -0.260411 0.502833 0.303142 0.809484 0.392342 0.754418 -0.526234
28.024921 -53.337727 3617.777819 505.003489 -0.214559 -0.901479 -0.375899 0.964324 -0.256620 0.065000 -0.155060 -0.348542 0.924378
29.108647 -54.883299 453.781214 693.671814 -0.161440 -0.899283 -0.406482 0.975122 -0.208754 0.074556 -0.151902 -0.384333 0.910612
33.077645 -53.582429 3894.826549 -1512.811004 -0.209539 -0.892807 -0.398734 0.939123 -0.297315 0.172198 -0.272289 -0.338378 0.900755
10.901387 -83.158377 -2710.194589 -9373.763674 0.889026 -0.444804 0.108548 -0.082790 -0.389341 -0.917365 -0.450310 -0.806574 0.382960
12.409663 -72.512127 -502.223957 -9491.800335 0.905690 -0.419122 0.063743 -0.148174 -0.453830 -0.878682 -0.397204 -0.786368 0.473132
9.917958 -85.364739 1020.063353 -9833.863249 0.907718 -0.415326 0.059608 -0.104826 -0.362038 -0.926251 -0.406276 -0.834526 0.372165
9.113167 -80.903682 3004.058387 -9722.447861 0.908721 -0.417403 -0.001074 -0.191656 -0.414963 -0.889423 -0.370802 -0.808443 0.457083
4.035072 -100.654771 2327.963576 -9052.014842 0.905001 -0.421284 0.059107 -0.036586 -0.215501 -0.975818 -0.423834 -0.880953 0.210442
-18.071304 -55.439374 1708.707470 3368.974541 0.700605 0.688422 0.187688 0.686422 -0.578401 -0.440769 0.194876 -0.437638 0.877779
-22.834877 -58.988173 1779.171741 -946.973692 -0.630491 -0.722828 -0.282842 0.771870 -0.545451 -0.326648 0.081834 -0.424266 0.901832
-20.707589 -56.918501 1687.618296 1856.489362 -0.578461 -0.744742 -0.332780 0.805274 -0.456325 -0.378552 0.130067 -0.486956 0.863687
-15.889408 -50.410559 502.012653 6665.263036 -0.610013 -0.739342 -0.285058 0.756698 -0.436779 -0.486449 0.235145 -0.512443 0.825899
-16.618574 -48.700704 1415.123295 5639.042316 -0.471792 -0.790654 -0.390230 0.855245 -0.302750 -0.420592 0.214400 -0.532174 0.819038
-14.073786 -53.778519 -1102.920891 -2040.205108 0.703124 -0.670875 0.235676 0.652166 0.740511 0.162243 -0.283365 0.039622 0.958193
-12.924338 -55.643424 -2243.511253 -22.400878 0.708650 -0.665310 0.234900 0.680151 0.732700 0.023347 -0.187644 0.143223 0.971739
-9.808146 -55.728185 -1627.374350 1480.976367 0.676259 -0.693625 0.248110 0.704587 0.707327 0.056976 -0.215015 0.136285 0.967055
24.351038 -54.935874 -6130.177576 -212.228220 -0.165004 -0.910625 -0.378861 0.978108 -0.101696 -0.181557 0.126802 -0.400524 0.907470
17.027641 -57.866865 -2396.373924 -1898.161072 -0.189176 -0.916274 -0.353064 0.972649 -0.125502 -0.195454 0.134779 -0.380383 0.914955
20.464224 -56.741447 -6145.510921 -448.741715 -0.216057 -0.914239 -0.342763 0.947901 -0.112234 -0.298141 0.234102 -0.389320 0.890857
16.166761 -240.522025 3002.851833 38755.284977 0.060877 0.984199 0.166270 -0.349690 -0.134992 0.927089 -0.934885 0.114582 -0.335947
13.035764 -204.169288 4659.727779 34914.574251 0.071060 0.981141 0.179758 -0.082234 -0.173838 0.981335 -0.994076 0.084516 -0.068330
14.852356 -205.800934 3276.689556 29960.424823 0.041473 0.986461 0.158665 -0.070875 -0.155497 0.985291 -0.996623 0.052108 -0.063466
19.463115 -235.634801 -122.744444 45162.903135 0.030702 0.989796 0.139147 -0.311779 -0.122783 0.942188 -0.949658 0.072310 -0.304828
17.721548 -188.013658 -2236.394795 24476.545624 -0.017993 0.989744 0.141718 -0.068213 -0.142626 0.987423 -0.997509 -0.008100 -0.070079
9.732640 -203.323476 -9586.315338 -26186.388249 0.216031 -0.158175 0.963489 0.724529 -0.635519 -0.266784 0.654514 0.755709 -0.022689
9.290015 -200.591298 8578.305464 -17460.082908 -0.205510 0.169032 -0.963947 -0.477336 0.842552 0.249511 0.854351 0.511403 -0.092468
21.560464 -189.173016 7904.198572 17729.358408 -0.184386 0.226365 -0.956431 -0.659014 0.693481 0.291179 0.729179 0.683991 0.021310
30.585490 -165.038184 -4848.355772 -29068.453623 0.146395 -0.261150 0.954133 0.785580 -0.555489 -0.272573 0.601193 0.789451 0.123833
19.128140 -168.973403 -7764.115098 -31507.072328 0.210000 -0.213493 0.954107 0.827258 -0.481322 -0.289782 0.521099 0.850147 0.075536
-57.840919 -92.997706 339.069636 -5845.088150 0.349863 0.934198 0.069783 -0.315195 0.187535 -0.930313 0.882184 -0.303487 -0.360066
-56.821222 -92.491265 188.827634 -4542.138873 0.384683 0.912127 -0.141577 -0.415025 0.033914 -0.909178 0.824484 -0.408503 -0.391601
-50.650241 -83.160583 -161.011956 -8736.985617 0.366086 0.897429 -0.246175 -0.303803 -0.134788 -0.943152 0.879593 -0.420064 -0.223298
-44.777886 -72.444534 -1015.087802 -8164.489520 0.323266 0.871304 -0.369227 -0.237817 -0.302853 -0.922888 0.915938 -0.386147 -0.109309
141.009011 -108.802995 -23242.108862 -19642.597733 0.038300 0.738265 0.673423 -0.500021 0.597637 -0.626744 0.865166 0.312722 -0.392037
131.371401 -87.320246 -27736.285732 849.365280 0.293940 0.762021 0.576995 -0.503020 0.636631 -0.584526 0.812755 0.118425 -0.570443
107.639458 -81.599042 -1095.980896 6534.525075 0.381000 0.737936 0.557036 -0.562271 0.663195 -0.493988 0.733955 0.124996 -0.667597
-44.157549 -57.995488 509.042233 1645.569092 0.003868 0.999761 0.021496 0.847838 0.008119 -0.530194 0.530242 -0.020276 0.847604
-43.017897 -55.300427 -1427.122599 -469.570116 -0.117189 0.971739 0.204913 0.829705 0.209191 -0.517521 0.545762 -0.109370 0.830772
-39.913209 -45.343324 1947.649192 2401.213221 0.329500 0.929294 -0.166858 0.715489 -0.361078 -0.598079 0.616040 -0.077682 0.783875
-34.074488 -45.062339 10627.752496 -893.720295 0.751249 0.343380 -0.563662 -0.277312 0.939188 0.202546 0.598934 0.004148 0.800787
-4.088336 -48.306789 31276.730071 -510.556647 0.659922 0.435039 -0.612571 -0.313611 0.900385 0.301586 0.682752 -0.006914 0.730617
-2.652637 -42.766379 15847.591912 2389.278586 -0.035954 0.893076 0.448467 -0.332004 0.412594 -0.848257 0.942592 0.179391 -0.281670
15.426424 -44.389769 14212.400931 2068.070677 0.003923 0.872239 0.489064 -0.413002 0.446821 -0.793587 0.910722 0.198871 -0.361990
34.064439 -49.249702 4490.970979 1097.791910 0.084126 0.908712 0.408859 -0.401105 0.406485 -0.820905 0.912161 0.094936 -0.398685
-13.894564 -58.691732 -421.885611 -258.624463 0.002987 -0.883934 -0.467601 0.934680 0.168692 -0.312917 0.355479 -0.436123 0.826699
-13.515926 -55.176937 225.225602 2545.694258 -0.056266 0.863392 0.501386 0.876736 0.282984 -0.388914 0.477669 -0.417700 0.772890
-16.152111 -54.927375 -2291.733604 -2851.580647 -0.028351 -0.885347 -0.464065 0.972342 0.083246 -0.218221 0.231833 -0.457417 0.858501
-14.733909 -57.733942 -402.227058 2067.402685 0.000882 0.897529 0.440954 0.883395 0.205944 -0.420951 0.468628 -0.389908 0.792692
-14.893755 -59.167576 439.420555 -8.079430 0.002219 -0.900046 -0.435789 0.933090 0.158590 -0.322788 0.359636 -0.405914 0.840176
-13.499060 -56.364044 -577.157405 -3241.708750 0.011248 -0.892993 -0.449930 0.975216 0.109230 -0.192412 0.220969 -0.436615 0.872090
-1.852510 -49.038806 -308.879956 679.018159 -0.081911 0.996400 -0.021855 -0.245679 -0.041439 -0.968465 0.965884 0.073959 -0.248189
0.003347 -48.232199 -148.087187 -1881.442857 -0.085424 0.996239 -0.014548 -0.241394 -0.034860 -0.969801 0.966660 0.079332 -0.243464
-0.727029 -51.501349 1020.054505 7730.703693 -0.094571 0.995499 -0.006246 -0.218329 -0.026861 -0.975505 0.971282 0.090891 -0.219887
0.269033 -49.652536 781.569417 -1031.774691 -0.089364 0.995923 0.012306 -0.241696 -0.009698 -0.970304 0.966228 0.089685 -0.241577
2.140423 -54.732535 -147.461900 -3807.637791 -0.033482 0.993580 0.108065 -0.564752 0.070400 -0.822253 0.824581 0.088560 -0.558769
1.475751 -52.865219 530.599322 4464.561276 -0.034883 0.993635 0.107113 -0.539793 0.071467 -0.838758 0.841075 0.087078 -0.533864
2.624343 -52.751742 -253.573202 6132.704996 -0.038494 0.994866 0.093590 -0.534941 0.058592 -0.842855 0.844012 0.082510 -0.529940
2.431199 -57.812899 -64.615683 -5618.231868 -0.027344 0.994263 0.103407 -0.563441 0.070117 -0.823176 0.825704 0.080773 -0.558291
-27.651482 -110.848926 -463.010452 26440.768132 0.126299 0.753867 0.644774 -0.788947 -0.317678 0.525968 -0.601341 0.575122 -0.554639
-35.350506 -125.960291 12.258616 -10800.319920 0.165707 0.778723 0.605088 0.896695 0.136401 -0.421109 -0.410462 0.612360 -0.675675
-21.337300 -76.041772 3252.306740 24766.966898 0.116840 0.725023 0.678742 -0.677036 -0.441864 0.588539 -0.726616 0.528298 -0.439239
-24.042250 -95.053471 1212.168909 31149.296942 0.106026 0.713740 0.692340 -0.716177 -0.428206 0.551117 -0.689818 0.554270 -0.465763
-28.206500 -140.169825 1094.948179 -10248.072247 0.175622 0.722933 0.668225 0.942325 0.073004 -0.326641 -0.284922 0.687050 -0.668417
-20.781187 -114.860055 1470.349050 -22410.394617 0.085954 0.695408 0.713456 0.852528 0.319234 -0.413868 -0.515566 0.643815 -0.565415
