15422
30828
-43.564544 -69.375763 529.393326 11986.156709 -0.348294 0.787686 0.508175 0.884653 0.096944 0.456059 0.309967 0.608401 -0.730595
-57.862653 -89.461538 1008.384231 11952.239718 -0.111144 0.801246 0.587922 0.977608 -0.018221 0.209645 0.178690 0.598058 -0.781279
-50.163139 -88.328956 1595.737265 18519.756035 0.022884 0.737689 0.674753 0.962303 -0.199216 0.185162 0.271014 0.645079 -0.714440
-47.854842 -71.425217 -1449.489034 9109.577903 -0.504659 0.791679 0.344331 0.809010 0.294440 0.508731 0.301367 0.535303 -0.789068
-36.041755 -58.373374 6018.963344 11661.341224 -0.184355 0.740171 0.646653 0.902511 -0.133056 0.409596 0.389213 0.659123 -0.643483
-37.484783 -55.653879 -560.672489 5734.197292 -0.653092 0.716773 0.244351 0.653879 0.370993 0.659399 0.381987 0.590424 -0.710975
-55.253513 -84.049403 -1447.003048 -1186.336227 -0.662581 0.561389 -0.495811 0.745838 0.555199 -0.368075 0.068641 -0.613675 -0.786570
-58.149521 -88.281322 1255.660078 -1727.954723 0.713325 -0.591624 0.375696 0.694190 0.670097 -0.262812 0.096266 -0.448275 -0.888697
-54.520446 -86.127668 1340.794743 -547.788961 0.697700 -0.499700 0.513337 0.682218 0.682119 -0.263235 0.218618 -0.533866 -0.816819
17.267913 -18.298084 -3468.853768 1563.132872 0.005251 0.745228 0.666789 -0.720542 -0.459539 0.519272 -0.693391 0.483177 -0.534555
14.228631 -20.181688 -4133.540470 -2693.946242 0.035166 0.769877 0.637223 -0.708859 -0.430247 0.558933 -0.704473 0.471356 -0.530604
9.602528 -19.727191 -6546.872745 199.516007 0.033588 0.793941 0.607067 -0.719394 -0.402447 0.566135 -0.693790 0.455736 -0.557639
13.685024 -22.021994 -5960.862811 2855.535544 0.007007 0.769552 0.638546 -0.744719 -0.422133 0.516912 -0.667341 0.479159 -0.570142
5.296931 -22.604926 -6208.712711 1602.617902 0.065554 0.818002 0.571468 -0.740634 -0.343905 0.577226 -0.668703 0.461088 -0.583296
1.698658 -21.499735 -5431.965457 -326.410877 0.109916 0.837871 0.534687 -0.704595 -0.313741 0.636485 -0.701045 0.446697 -0.555875
3.152016 -156.691196 -3173.500774 -36.821113 -0.484505 0.725548 -0.488707 0.787019 0.117635 -0.605609 -0.381910 -0.678042 -0.628015
5.673858 -154.327737 -2605.871743 1368.353860 -0.477412 0.737878 -0.477088 0.688690 -0.022975 -0.724692 -0.545695 -0.674543 -0.497201
0.343173 -155.949806 -2670.218447 -50.100222 -0.476751 0.728735 -0.491583 0.692442 -0.033163 -0.720711 -0.541510 -0.683992 -0.488796
-0.014709 -21.892334 -2377.213859 -8385.564803 0.038119 -0.340276 -0.939553 0.369647 0.878342 -0.303111 0.928390 -0.335749 0.159263
-1.858430 -17.344787 -1244.329088 -7669.511506 -0.016832 -0.464079 -0.885634 0.374146 0.818484 -0.436003 0.927217 -0.338695 0.159857
-5.106507 -33.872383 -172.653088 -7486.898074 -0.005923 -0.416528 -0.909104 0.320497 0.860371 -0.396288 0.947231 -0.293712 0.128400
-3.132568 -35.968085 -1882.597566 -8098.116813 0.032680 -0.330810 -0.943132 0.315771 0.898719 -0.304290 0.948273 -0.287869 0.133830
1.338446 -30.516491 -3621.676967 -9868.177811 0.110684 -0.152287 -0.982119 0.345645 0.932402 -0.105624 0.931815 -0.327774 0.155839
-5.706782 -78.189751 -517.821731 -942.039356 0.317207 -0.624939 -0.713323 0.082292 0.767469 -0.635782 0.944779 0.142974 0.294875
-2.679964 -79.159446 -1741.749311 -2272.359282 0.337363 -0.621070 -0.707430 0.080026 0.767687 -0.635808 0.937967 0.157886 0.308691
-2.601294 -75.733273 -1894.174278 -1796.701321 0.343179 -0.625372 -0.700813 0.230523 0.779382 -0.582600 0.910542 0.038383 0.411630
1.691803 -74.973389 -2679.035593 -3383.737348 0.353439 -0.622501 -0.698264 0.220112 0.780825 -0.584691 0.909193 0.052957 0.412994
1.803216 -73.091336 -2543.671318 -1111.779758 0.359107 -0.617632 -0.699695 0.345009 0.784448 -0.515374 0.867186 -0.056327 0.494789
-10.584837 -103.365199 -531.578632 1565.518105 0.146233 0.431291 0.890283 0.851576 -0.512863 0.108578 0.503422 0.742266 -0.442274
-7.822077 -99.781781 -1223.114572 2390.191059 0.177851 0.450708 0.874775 0.872798 -0.482842 0.071324 0.454525 0.750817 -0.479251
-9.670523 -112.123018 -361.554474 7722.341562 0.140928 0.431054 0.891253 0.939469 -0.342213 0.016959 0.312309 0.834915 -0.453190
-11.128795 -103.798424 214.469349 1836.717548 0.100764 0.407803 0.907493 0.878905 -0.463928 0.110887 0.466232 0.786427 -0.405168
-12.352920 -102.539582 26.676004 -2177.108852 0.099014 0.414877 0.904474 0.764763 -0.613269 0.197583 0.636658 0.672145 -0.378005
26.094447 -55.926718 -2696.995069 11.673091 -0.078679 0.601291 0.795147 -0.728452 0.509843 -0.457623 0.680564 0.615231 -0.397897
15.056234 -56.963387 2822.235344 711.039973 -0.092895 0.600263 0.794390 0.789886 -0.441304 0.425829 0.606177 0.667035 -0.433145
27.608407 -53.755576 6376.253160 -116.867518 -0.054027 0.567602 0.821528 -0.735242 0.534076 -0.417352 0.675648 0.626570 -0.388470
15.795042 -57.640561 -7272.559867 399.135186 -0.094438 0.630079 0.770767 0.799037 -0.413842 0.436205 0.593820 0.657066 -0.464374
32.092707 -53.156559 -3624.129856 -888.045252 0.020603 -0.584056 -0.811452 -0.649073 0.609514 -0.455188 0.760447 0.536070 -0.366537
32.385065 -56.086612 2380.808416 -1238.160226 0.083743 -0.582770 -0.808311 -0.637873 0.591843 -0.492788 0.765575 0.556867 -0.322170
33.201075 -57.604340 -5943.311603 843.174684 -0.129571 0.597586 0.791266 -0.731348 0.481270 -0.483227 0.669583 0.641303 -0.374685
29.806331 -57.433607 -10203.718875 -667.615185 -0.091165 0.629531 0.771609 0.802832 -0.411976 0.430972 0.589194 0.658762 -0.467850
-8.631656 -70.658752 22.534543 -2633.394417 -0.514331 0.764151 -0.389277 0.080856 -0.408688 -0.909086 0.853771 0.499047 -0.148414
-12.609274 -68.638369 2060.798982 -4756.447272 -0.510844 0.750914 -0.418529 0.100713 -0.431218 -0.896609 0.853754 0.500179 -0.144659
-13.621268 -78.609279 2870.404720 -12039.549881 -0.520495 0.754166 -0.400398 0.030832 -0.452018 -0.891476 0.853308 0.476353 -0.212021
-9.184599 -78.054131 1946.529830 -9304.050128 -0.532025 0.761326 -0.370583 0.002988 -0.435974 -0.899954 0.846723 0.479906 -0.229675
-18.445790 -87.010715 2840.993027 -12360.317307 -0.504134 0.749051 -0.429851 -0.048114 -0.521316 -0.852007 0.862284 0.408844 -0.298853
-13.680145 -87.585520 5085.407998 -12397.513644 -0.539048 0.743974 -0.394880 -0.059831 -0.501463 -0.863108 0.840148 0.441630 -0.314825
-20.409724 -106.218578 3100.224787 869.281831 -0.493055 0.777382 -0.390607 -0.473956 -0.616512 -0.628712 0.729563 0.124858 -0.672419
-18.275049 -103.684263 5930.010359 491.666230 -0.528443 0.761471 -0.375380 -0.336472 -0.593803 -0.730879 0.779445 0.259923 -0.570004
-21.533794 -102.243080 2311.400227 3188.658569 -0.488323 0.766565 -0.417036 -0.383042 -0.617674 -0.686846 0.784104 0.175661 -0.595252
-7.144680 -59.387425 -1397.481449 2420.670762 -0.255029 0.604096 0.755002 0.820826 0.547965 -0.161177 -0.511081 0.578621 -0.635605
-8.904347 -61.746003 -641.329877 2435.747461 -0.233627 0.576269 0.783156 0.835918 0.530447 -0.140951 -0.496648 0.621724 -0.605640
-7.033240 -54.182869 -1169.707129 204.458654 -0.283556 0.582117 0.762060 0.877017 0.478837 -0.039441 -0.387862 0.657156 -0.646304
-20.361766 -262.989421 -2867.459416 -15910.281885 -0.384139 0.732748 -0.561709 -0.789745 -0.575928 -0.211210 0.478268 -0.362473 -0.799921
-16.778782 -279.278933 -3327.505823 -57621.074685 -0.364465 0.733137 -0.574174 -0.638338 -0.645619 -0.419167 0.678004 -0.213745 -0.703295
-20.673509 -303.951926 -1532.800237 -8006.805826 -0.396123 0.710356 -0.581792 0.827432 0.550846 0.109200 0.398049 -0.438136 -0.805974
-21.302104 -270.695460 -2621.209780 -39779.600568 -0.408369 0.716501 -0.565563 0.887359 0.456909 -0.061874 0.214078 -0.527125 -0.822381
-1.389306 -40.690596 432.165890 1757.509697 -0.334646 0.280757 -0.899549 -0.247296 0.894965 0.371325 0.909317 0.346717 -0.230066
-5.794063 -44.344299 1943.161180 2113.982593 -0.362634 0.374051 -0.853570 -0.164959 0.875689 0.453826 0.917216 0.305377 -0.255852
0.211715 -41.729014 456.415025 1351.608676 -0.340921 0.288105 -0.894857 -0.285258 0.875299 0.390485 0.895768 0.388390 -0.216224
-7.782475 -43.526504 -483.128034 1905.601948 -0.319842 0.280651 -0.904951 -0.184230 0.918471 0.349958 0.929387 0.278650 -0.242061
3.566453 -38.030491 -913.473278 384.395578 -0.287358 0.149490 -0.946086 -0.347872 0.904009 0.248502 0.892418 0.400525 -0.207771
-3.973985 -40.969796 -1006.834199 1588.267068 -0.282699 0.176947 -0.942747 -0.272418 0.927557 0.255785 0.919712 0.329131 -0.214016
94.930874 -2023.918258 -34925.211299 784624.476086 -0.037279 0.773247 -0.633008 -0.099070 0.627468 0.772314 -0.994382 -0.091504 -0.053214
55.492074 -314.494675 -39424.648176 103046.802369 0.003552 0.700766 -0.713383 0.654147 0.537952 0.531695 -0.756359 0.468546 0.456493
35.245375 -787.835752 48728.057628 322688.101272 0.292396 -0.606768 0.739146 0.426819 0.774472 0.466924 -0.855763 0.178955 0.485433
-870.208933 -88931.057236 -1591492.983064 -54474770.871600 -0.256579 0.589875 -0.765646 -0.594314 0.528418 0.606271 -0.762206 -0.610591 -0.214990
44.789766 -22.120820 -11310.913826 -1162.701395 -0.594459 0.482062 0.643611 0.800511 0.430572 0.416880 -0.076159 0.763036 -0.641853
61.496368 -19.508385 -10787.065856 -1326.847451 -0.614849 0.398250 0.680704 0.774761 0.466265 0.427015 -0.147330 0.789932 -0.595232
46.075241 -24.902697 -10396.302453 3403.550408 -0.590045 0.477435 0.651078 0.799925 0.454966 0.391312 -0.109392 0.751705 -0.650363
-11.577324 -55.603719 -3307.340769 -18.075998 0.242053 0.829302 0.503655 0.932963 -0.341479 0.113892 0.266439 0.442324 -0.856364
-11.669762 -55.031272 -3799.196851 -217.042287 0.214991 0.838305 0.501023 0.967091 -0.254218 0.010371 0.136063 0.482305 -0.865372
-19.745527 -55.088524 -5877.090621 247.534661 0.231448 0.826342 0.513411 0.938039 -0.329464 0.107404 0.257903 0.456742 -0.851395
-19.640874 -54.651619 -5798.123500 73.282038 0.258501 0.816409 0.516384 0.889115 -0.410078 0.203248 0.377692 0.406585 -0.831888
-11.625944 -55.343792 -3673.133600 133.595785 0.268765 0.818613 0.507581 0.881965 -0.420976 0.211936 0.387172 0.390708 -0.835132
-15.403690 -53.725709 8036.829263 923.594687 -0.603253 0.747860 0.277113 -0.167961 0.220536 -0.960809 0.779664 0.626155 0.007427
-5.737679 -56.627519 8536.835791 881.412295 -0.622848 0.718656 0.309182 -0.073689 0.339553 -0.937696 0.778865 0.606825 0.158533
-18.201841 -55.589541 9446.652668 561.564470 -0.603274 0.760307 0.240819 -0.046314 0.268047 -0.962292 0.796188 0.591679 0.126493
-21.553361 -49.069743 6355.875052 958.774298 0.265593 0.643383 0.717996 0.014083 0.742075 -0.670169 -0.963982 0.188104 0.188029
-31.570461 -47.147850 5414.996920 -1105.104951 0.218769 0.844852 0.488227 0.056119 -0.510413 0.858096 -0.974162 0.160326 0.159075
-19.998610 -49.149676 5269.592402 1169.650220 0.247818 0.738271 0.627329 0.110084 -0.664793 0.738872 -0.962532 0.114047 0.246020
-13.637637 -46.172887 4293.093035 2315.092802 0.223176 0.793579 0.566061 0.214817 -0.606471 0.765537 -0.950813 0.049249 0.305824
-6.725862 -46.663173 2358.705661 -2807.707473 0.269621 0.642146 0.717602 -0.168787 0.765177 -0.621301 -0.948059 0.046394 0.314694
-305.069424 -3145.157111 -507743.888728 3068199.657454 -0.476359 0.870567 -0.123268 -0.832403 -0.491676 -0.255657 0.283174 0.019175 -0.958877
-1350.688715 -3720.425600 -787377.679217 -3010308.716291 -0.659818 0.747743 -0.074297 0.748075 0.644332 -0.158807 -0.070875 -0.160364 -0.984510
-1436.390853 -9831.522324 862809.152151 -6600644.415235 0.883517 -0.459585 0.090443 0.366387 0.798388 0.477846 0.291819 0.389048 -0.873775
-1887.681061 -5383.796388 -1237240.388263 -2418583.314016 -0.791273 0.417684 -0.446573 0.060021 0.779864 0.623065 0.608511 0.466211 -0.642155
-556.973693 -8534.357418 -441524.657325 5919070.456958 -0.554615 0.744095 -0.372457 -0.465567 -0.648478 -0.602265 0.689673 0.160622 -0.706082
85.295829 -233.384195 7436.691029 52842.732511 -0.206787 0.774186 0.598227 0.956754 0.032147 0.289115 0.204598 0.632141 -0.747353
87.958965 -304.108074 5185.633036 52682.666192 -0.213555 0.802221 0.557527 0.960258 0.277356 -0.031269 -0.179718 0.528692 -0.829570
96.304917 -341.909210 1792.252693 103058.823213 -0.212866 0.887310 0.409108 0.972600 0.152366 0.175597 0.093475 0.435277 -0.895431
69.282183 -190.418798 -9933.598259 -42727.190495 -0.166135 0.952804 0.254094 -0.914016 -0.052081 -0.402320 0.370099 0.299086 -0.879531
80.459825 -219.228699 -753.216616 66084.395880 -0.185505 0.870213 0.456418 0.900807 -0.034976 0.432808 0.392599 0.491433 -0.777406
73.885413 -327.996634 -13000.589966 91402.022506 -0.231117 0.955077 0.185507 0.963158 0.197648 0.182381 0.137523 0.220823 -0.965570
30.624413 -79.403671 -14612.513643 15622.894688 -0.000658 0.389676 0.920952 -0.140436 0.911789 -0.385899 -0.990089 -0.129589 0.054125
20.171228 -97.736585 -9043.091826 33666.224312 -0.004832 0.469153 0.883104 -0.232899 0.858301 -0.457250 -0.972489 -0.207883 0.105118
9.835155 -89.345212 -5003.329118 16635.965654 0.006510 0.462461 0.886616 -0.181523 0.872451 -0.453739 -0.983365 -0.157988 0.089627
21.623503 -79.639662 -13330.206532 -576.351307 -0.000851 0.379135 0.925341 -0.088651 0.921669 -0.377713 -0.996062 -0.082354 0.032826
45.065242 -66.918524 -15567.436479 -12088.010050 0.068905 0.289089 0.954819 -0.119026 0.952640 -0.279840 -0.990497 -0.094366 0.100051
-72.463275 -116.552769 -265.015823 1600.701826 0.261687 -0.669532 0.695160 0.083126 0.733217 0.674894 -0.961566 -0.118825 0.247529
-70.990892 -111.190780 312.909197 8203.340093 0.284946 -0.649684 0.704781 0.251540 0.760175 0.599050 -0.924951 0.006584 0.380030
-71.803324 -116.902157 -1108.604233 -260.582327 0.170061 -0.682277 0.711040 0.052789 0.726821 0.684795 -0.984019 -0.078922 0.159620
-71.762386 -114.283456 1403.218872 -6059.320006 0.310761 -0.679026 0.665095 -0.047470 0.687780 0.724366 -0.949302 -0.256677 0.181502
-67.556786 -114.951309 -1876.196503 309.911531 0.043712 -0.704340 0.708516 0.108333 0.708354 0.697495 -0.993153 0.046267 0.107267
-67.561066 -114.519366 -3072.455805 -6467.964683 0.039747 -0.680373 0.731787 -0.075951 0.728190 0.681154 -0.996319 -0.082653 -0.022732
-70.951560 -109.750009 1014.655766 -8799.870426 -0.176520 0.691033 -0.700938 -0.164798 0.681319 0.713194 -0.970403 -0.241406 0.006386
-1.194095 -11.705647 3435.692626 4523.769823 -0.150942 0.036730 -0.987860 0.064587 0.997541 0.027221 0.986430 -0.059694 -0.152943
14.289549 -6.520995 5605.455950 1908.968156 -0.081605 0.485890 -0.870202 0.126934 0.871071 0.474472 0.988549 -0.071739 -0.132760
11.302257 -0.496770 6423.813265 3489.665033 -0.087741 0.504103 -0.859175 0.119716 0.861587 0.493292 0.988923 -0.059575 -0.135946
12.679009 -9.525576 5689.407303 2278.172517 -0.087299 0.456646 -0.885355 0.129230 0.886429 0.444457 0.987764 -0.075614 -0.136397
-5.004261 -10.476741 172.350801 7729.305817 -0.160142 -0.569049 -0.806559 -0.050810 0.820773 -0.568990 0.985785 -0.050138 -0.160354
-9.226275 -23.939020 -1135.216180 10518.958068 -0.155620 -0.674172 -0.721994 -0.064483 0.736272 -0.673606 0.985710 -0.058270 -0.158052
-8.843200 -25.170679 -175.122308 9228.780392 -0.172014 -0.478056 -0.861321 -0.011611 0.875277 -0.483483 0.985026 -0.073165 -0.156111
-6.968563 -23.175862 790.221780 6854.406088 -0.172227 -0.260645 -0.949949 0.043340 0.961420 -0.271650 0.984103 -0.087956 -0.154286
0.454206 -16.721288 3735.395321 3999.668225 -0.147002 0.136465 -0.979677 0.107637 0.986763 0.121301 0.983262 -0.087618 -0.159745
0.734263 -53.397739 635.796487 600.530748 0.755116 -0.269695 -0.597548 0.112640 0.951283 -0.287006 0.645842 0.149415 0.748708
0.753232 -52.228247 -539.282051 464.807380 0.750800 -0.339127 -0.566827 0.155728 0.924829 -0.347044 0.641910 0.172289 0.747173
-4.267734 -55.811891 -138.791892 1777.382139 0.751138 -0.299888 -0.588098 0.238744 0.953966 -0.181523 0.615462 -0.004056 0.788156
6.212173 -51.898689 798.096882 -686.229757 0.753024 -0.303731 -0.583696 0.021632 0.898035 -0.439393 0.657637 0.318247 0.682812
-4.531459 -56.008315 431.275364 1526.303892 0.759071 -0.211297 -0.615764 0.188464 0.976683 -0.102820 0.623131 -0.038002 0.781193
1.386724 -53.032434 1164.737305 855.921234 0.763014 -0.186360 -0.618934 0.066498 0.975087 -0.211620 0.642952 0.120311 0.756398
7.720498 -51.549591 1854.696898 -381.940847 0.756548 -0.250986 -0.603856 -0.001969 0.922535 -0.385909 0.653936 0.293148 0.697447
3.014554 -62.913734 -738.448364 -344.477252 -0.505129 0.299869 0.809273 0.827958 0.433021 0.356340 -0.243577 0.850042 -0.467011
3.649273 -61.132972 -1285.608126 -612.394988 -0.527018 0.287482 0.799753 0.797642 0.492086 0.348740 -0.293291 0.821709 -0.488646
1.222690 -62.707595 -1058.530326 -292.707521 -0.492515 0.310058 0.813199 0.786308 0.559024 0.263082 -0.373027 0.768996 -0.519129
0.786496 -63.937938 -304.616256 -48.474288 -0.463296 0.322738 0.825346 0.812775 0.525933 0.250582 -0.353204 0.786915 -0.505976
-1.017432 -64.365940 -648.367538 962.443828 -0.460591 0.333621 0.822529 0.746830 0.646460 0.155995 -0.479689 0.686139 -0.546912
0.006693 -62.364433 -799.815063 1458.136703 -0.475048 0.316144 0.821208 0.727648 0.665918 0.164565 -0.494831 0.675726 -0.546385
32.504374 -117.385733 -2923.648880 -5449.593000 0.319893 -0.490293 -0.810729 0.381129 0.849997 -0.363657 0.867415 -0.192661 0.458773
34.013346 -120.651388 -2785.433807 -4921.006429 0.374156 -0.473488 -0.797381 0.355798 0.867326 -0.348070 0.856397 -0.153474 0.492981
36.153055 -123.653815 -3788.047335 3011.077296 0.331418 -0.488665 -0.807074 0.199857 0.872368 -0.446129 0.922073 -0.013445 0.386781
-4.806239 -55.669659 -1078.104922 -4742.680652 -0.282365 0.430581 0.857246 0.860522 0.508646 0.027959 -0.423996 0.745573 -0.514148
0.516566 -63.592801 -474.850682 -3620.193923 -0.341008 0.400182 0.850628 0.888704 0.432225 0.152930 -0.306463 0.808107 -0.503035
-2.452175 -55.608142 -499.535732 -1837.316919 -0.332919 0.395102 0.856189 0.841411 0.534353 0.080587 -0.425666 0.747236 -0.510340
-6.582280 -156.286035 28.965072 8158.118362 -0.499361 -0.586382 0.637804 0.742213 -0.669289 -0.034221 0.446942 0.456298 0.769438
-4.915991 -149.127444 -1254.922741 -6034.564398 0.503067 0.601533 -0.620550 -0.736924 0.673683 0.055628 0.451515 0.429313 0.782192
-6.130548 -144.800088 -105.138813 -5583.438896 0.489735 0.594001 -0.638218 -0.653132 0.734858 0.182765 0.577562 0.327334 0.747847
-5.279580 -149.755835 938.769539 -9987.632688 0.485834 0.578275 -0.655411 -0.656503 0.736469 0.163149 0.577035 0.351016 0.737441
-5.519200 -162.401816 -700.714435 11826.613706 -0.494806 -0.575368 0.651244 0.749197 -0.662159 -0.015781 0.440307 0.480101 0.758704
1.825243 -146.761702 -189.944173 -17861.215688 -0.346088 -0.491927 0.798894 -0.044841 0.859216 0.509645 -0.937130 0.140559 -0.319423
7.303006 -147.350692 -4727.891301 -20585.310416 -0.352471 -0.502348 0.789564 -0.044528 0.851758 0.522040 -0.934763 0.148847 -0.322588
3.264915 -126.946614 -2183.988254 -10710.717881 -0.355476 -0.475325 0.804800 -0.201800 0.879760 0.430463 -0.912641 -0.009389 -0.408654
4.048677 -157.026554 -1251.676392 -13296.963937 -0.340377 -0.492005 0.801295 0.152114 0.812142 0.563281 -0.927903 0.313617 -0.201594
2.484956 -129.568998 2589.106719 -9091.616849 -0.347239 -0.478485 0.806522 -0.198779 0.878048 0.435337 -0.916467 -0.009154 -0.400006
4.362770 -148.605199 3991.375852 -14884.485230 -0.341449 -0.475106 0.810979 -0.037308 0.869006 0.493393 -0.939160 0.138212 -0.314446
6.322951 -153.542791 3012.403034 -9383.608541 -0.335750 -0.468823 0.816992 0.158122 0.826981 0.539537 -0.928584 0.310334 -0.203528
4.089120 -204.265305 1788.102900 1582.941205 -0.123475 -0.540762 0.832064 -0.725607 0.621177 0.296029 -0.676940 -0.567199 -0.469081
0.882870 -195.011255 2079.561801 1738.636297 -0.124954 -0.532017 0.837463 -0.745948 0.606915 0.274256 -0.654178 -0.590434 -0.472693
4.008988 -202.594658 -3135.172679 -1465.593939 0.137824 0.513745 -0.846800 0.847558 -0.503558 -0.167557 -0.512494 -0.694619 -0.504831
0.033084 -188.902647 2147.575139 3326.345704 -0.103548 -0.553319 0.826508 -0.599761 0.697637 0.391904 -0.793451 -0.455126 -0.404099
5.950296 -216.416804 -213.683783 5627.740038 0.150539 0.543853 -0.825568 0.842641 -0.507307 -0.180544 -0.517006 -0.668478 -0.534642
5.802766 -219.078577 515.923881 1929.179082 -0.126074 -0.558586 0.819809 -0.703673 0.632865 0.322995 -0.699249 -0.536156 -0.472850
3.296668 -198.992677 1588.259064 5448.423750 -0.105035 -0.562276 0.820252 -0.568734 0.710579 0.414269 -0.815788 -0.422992 -0.394421
-11.330705 -116.931225 4391.377247 -45008.522909 -0.146859 -0.566515 0.810860 -0.444704 0.770047 0.457457 -0.883556 -0.293410 -0.365019
-7.513269 -111.325771 5660.752212 -40965.198601 -0.098594 -0.637170 0.764391 -0.430155 0.719951 0.544644 -0.897355 -0.275108 -0.345065
-20.933463 -160.696724 7201.562005 -49069.014499 -0.143935 -0.542858 0.827398 -0.245157 0.829602 0.501656 -0.958739 -0.130637 -0.252494
-21.583457 -151.188943 2107.563936 -40097.926550 -0.208204 -0.485274 0.849211 -0.246583 0.866236 0.434548 -0.946492 -0.118927 -0.300014
-30.359849 -181.710551 4036.438412 -20538.676097 -0.189882 -0.497067 0.846681 0.007234 0.861639 0.507471 -0.981780 0.102484 -0.160014
-31.260980 -205.488327 2401.664233 -37411.518988 -0.166995 -0.553673 0.815818 0.053888 0.821075 0.568272 -0.984484 0.138861 -0.107279
7.333325 -270.059285 4917.577190 -92691.136001 0.254334 0.684788 -0.682920 -0.437385 -0.548352 -0.712744 0.862559 -0.479974 -0.160051
19.372743 -275.687691 10832.639794 -105207.035851 0.264675 0.701192 -0.662025 -0.368282 -0.560975 -0.741401 0.891244 -0.440042 -0.109760
23.245670 -205.077179 10632.794306 94916.373828 0.211285 0.664947 -0.716383 0.165316 0.698059 0.696695 0.963343 -0.265631 0.037563
11.469762 -194.917415 2745.465350 75297.221118 0.182440 0.627007 -0.757350 0.300459 0.697877 0.650148 0.936184 -0.346165 -0.061069
-5.296102 -255.516852 -3847.416467 -68144.733544 0.242723 0.635350 -0.733087 -0.554978 -0.528865 -0.642107 0.795666 -0.562701 -0.224237
-4.363611 -41.299591 -3061.758339 -3964.726938 0.287697 0.532579 0.795983 -0.210114 0.845973 -0.490084 -0.934389 -0.026251 0.355287
0.351775 -39.932208 1789.999379 -3736.658610 0.260757 0.678125 0.687133 -0.263620 0.734722 -0.625050 -0.928714 -0.018156 0.370352
2.667684 -32.404366 -2845.756308 -5833.433145 0.292291 0.541889 0.787986 -0.285140 0.835874 -0.469052 -0.912831 -0.087587 0.398833
1.350884 -79.939531 3250.810034 1159.205596 0.479090 0.558086 -0.677505 -0.026792 0.780790 0.624219 0.877357 -0.280905 0.389021
-2.698375 -79.030588 3653.856716 208.775399 0.477288 0.550832 -0.684676 0.094233 0.742574 0.663102 0.873680 -0.381010 0.302515
6.600278 -79.774723 4233.872598 1788.414936 0.494101 0.593940 -0.634901 -0.044556 0.746611 0.663768 0.868262 -0.299680 0.395365
11.094939 -78.533745 6003.055671 636.383716 0.464076 0.593224 -0.657814 -0.160330 0.786613 0.596267 0.871165 -0.171246 0.460160
21.168615 -75.173621 5086.383155 4763.112015 0.499083 0.626950 -0.598206 -0.206295 0.756441 0.620677 0.841640 -0.186363 0.506864
18.576631 -78.173139 6309.975765 3563.893820 0.496443 0.628363 -0.598919 -0.109881 0.729882 0.674684 0.861087 -0.269133 0.431390
11.821253 -79.143985 7091.985808 -706.101026 0.486150 0.626693 -0.609027 -0.003240 0.698214 0.715881 0.873869 -0.346053 0.341468
-5.347980 -226.978983 2377.433753 -33778.786289 0.157161 0.585795 -0.795075 0.984941 -0.034236 0.169466 0.072052 -0.809736 -0.582354
3.234680 -253.528290 2694.806369 -20168.754836 0.197787 0.582177 -0.788638 0.954273 0.069616 0.290718 0.224151 -0.810076 -0.541787
-3.322346 -264.482517 4385.983418 -42388.539904 0.184326 0.606483 -0.773436 0.922657 0.164417 0.348814 0.338716 -0.777911 -0.529269
-7.738224 -228.759523 2708.123757 -32544.430336 0.132601 0.573360 -0.808502 0.980236 0.044964 0.192654 0.146814 -0.818069 -0.556066
-6.515853 -290.460678 4736.821235 -45182.612671 0.155176 0.603083 -0.782439 0.915220 0.210387 0.343670 0.371876 -0.769434 -0.519306
20.103297 -55.848622 289.098882 1819.065129 -0.034260 -0.584660 -0.810554 0.450748 0.714820 -0.534658 0.891993 -0.383673 0.239045
22.370834 -56.479068 760.428388 2231.652622 -0.034157 -0.565788 -0.823843 0.528974 0.689159 -0.495223 0.847951 -0.452707 0.275747
19.323515 -55.666610 1281.185828 1556.111477 -0.031201 -0.616614 -0.786647 0.521692 0.661273 -0.539032 0.852563 -0.427206 0.301050
25.801897 -56.771172 2858.793936 -217.180721 -0.051768 -0.581826 -0.811664 0.623352 0.616157 -0.481438 0.780226 -0.530876 0.330785
23.075849 -55.973706 794.867256 -597.078901 0.007783 0.680096 0.733082 0.614430 0.575135 -0.540089 0.788933 -0.454631 0.413395
-18.163911 -61.196221 664.031961 8088.389919 0.371030 0.446714 -0.814115 0.660688 0.489078 0.569468 0.652555 -0.749166 -0.113676
-18.977271 -54.137502 -1487.425524 5252.222081 0.475188 0.486821 -0.732940 0.565790 0.468885 0.678254 0.673853 -0.736989 -0.052630
-12.479151 -66.562799 -1697.919454 8057.815519 0.462772 0.468910 -0.752307 0.651378 0.395761 0.647364 0.601289 -0.789618 -0.122290
15.175072 -14.116236 3256.277635 -11389.858311 0.240828 0.682734 -0.689838 -0.613603 0.657793 0.436806 -0.751993 -0.318091 -0.577343
12.958140 -31.369619 4571.382943 -6587.593344 0.247038 0.687080 -0.683296 -0.543092 0.682165 0.489594 -0.802511 -0.250145 -0.541668
16.213702 -17.252015 -2020.063980 -11888.278813 0.168037 0.672832 -0.720459 -0.630184 0.635328 0.446347 -0.758045 -0.379019 -0.530766
-14.795138 -109.677543 79.336160 -2523.662347 0.203505 -0.624063 -0.754408 0.844728 0.501477 -0.186963 0.494994 -0.599222 0.629216
-14.883973 -110.233252 -140.951126 -1394.383473 0.245129 -0.638195 -0.729808 0.839399 0.516373 -0.169614 0.485100 -0.571022 0.662278
-13.502469 -105.657291 342.285888 -1487.355691 0.209041 -0.615766 -0.759694 0.926005 0.374364 -0.048635 0.314350 -0.693314 0.648460
-542.264774 -5039.507319 935240.727921 2384386.622712 0.865809 -0.417503 0.275801 0.022520 -0.518116 -0.855014 -0.499868 -0.746490 0.439187
45.110509 -8284.714791 719013.708282 6664581.610883 0.954095 -0.259762 0.149088 -0.130198 -0.808005 -0.574610 -0.269726 -0.528822 0.804733
-597.907660 -2317.562304 761551.313871 952710.948721 0.893583 -0.306257 0.328202 0.211961 0.932350 0.292910 -0.395705 -0.192174 0.898046
-1398.818837 -6276.668471 1191443.295439 -10192780.505360 0.722655 -0.466024 0.510482 0.084829 0.792747 0.603619 -0.685984 -0.392905 0.612414
-3432.970076 -14134.703654 -1345913.479132 11706464.370439 -0.487363 0.250673 -0.836445 0.653871 -0.530106 -0.539852 -0.578731 -0.810031 0.094446
-15.736774 -714.679960 -2307.809405 -291350.836064 0.954884 -0.292310 -0.052451 0.227602 0.833764 -0.503026 -0.190771 -0.468393 -0.862678
10.220448 -1568.942205 743.918267 -660285.084191 0.884827 -0.465755 0.012379 0.259925 0.471399 -0.842747 -0.386678 -0.748903 -0.538167
-2.898141 -1159.525629 -10176.081496 -442270.765575 0.925196 -0.346991 -0.153653 0.155119 0.715319 -0.681364 -0.346338 -0.606561 -0.715635
-12.405143 -622.996726 -4965.729616 -143289.867561 0.953932 -0.294245 -0.058602 0.279089 0.941961 -0.186598 -0.110107 -0.161646 -0.980687
-22.239272 -1267.870465 -11637.624199 -330268.977687 0.973137 -0.198829 -0.116070 0.210560 0.972511 0.099429 -0.093110 0.121198 -0.988252
-52.298921 -113.865273 2285.818683 17657.997324 0.170196 0.744602 0.645447 0.981687 -0.185005 -0.045432 0.085582 0.641359 -0.762453
-60.964216 -96.650919 1051.313925 6958.923150 -0.168991 0.835730 0.522491 0.982058 0.097764 0.161255 0.083685 0.540368 -0.837257
-65.874612 -105.287410 1137.564920 2973.150069 0.082224 0.806507 0.585478 0.994713 -0.030150 -0.098164 -0.061518 0.590455 -0.804723
-54.501102 -86.002160 -673.228395 11658.941777 -0.400375 0.836086 0.375047 0.891059 0.259728 0.372230 0.213806 0.483221 -0.848990
52.548336 -102.933729 18984.905184 4613.076118 -0.578946 0.699645 0.418710 0.300062 0.660305 -0.688447 0.758146 0.272934 0.592218
73.625055 -105.785786 8058.954378 9581.218060 -0.448975 0.705815 0.547948 0.183247 0.672927 -0.716652 0.874552 0.221349 0.431466
78.318907 -120.265480 15236.780048 7316.719596 -0.472030 0.746129 0.469551 0.411688 0.657543 -0.630991 0.779551 0.104538 0.617553
46.877584 -108.771853 21213.354104 2628.512715 -0.547140 0.765420 0.338779 0.503735 0.624335 -0.597041 0.668498 0.156010 0.727167
-59.099583 -85.936103 -1421.879864 -873.575820 -0.660082 0.657593 -0.363130 0.749764 0.546922 -0.372466 -0.046327 -0.518120 -0.854053
-62.008350 -90.070824 -1771.246436 -1319.291022 -0.700386 0.673580 -0.236112 0.713672 0.655536 -0.246872 -0.011508 -0.341412 -0.939843
18.516160 -17.780888 -238.263884 -1657.186800 0.032836 0.722702 0.690379 -0.712481 -0.467499 0.523274 -0.700923 0.509064 -0.499560
16.425739 -24.240114 -606.535636 -5688.233028 0.057237 0.737341 0.673092 -0.697321 -0.452958 0.555493 -0.714470 0.501156 -0.488237
11.971394 -27.083633 -3228.873198 -4966.319883 0.059164 0.773925 0.630507 -0.679882 -0.431236 0.593124 -0.730931 0.463762 -0.500664
9.057181 -154.478495 -2407.787647 306.596846 -0.484153 0.743053 -0.462025 0.777923 0.123825 -0.616038 -0.400539 -0.657677 -0.637988
10.334295 -157.416149 -1551.731607 5252.348984 -0.471920 0.756094 -0.453445 0.676101 -0.019729 -0.736545 -0.565843 -0.654165 -0.501886
8.395106 -155.873437 -2801.226576 -1160.751712 -0.491161 0.734725 -0.467910 0.842491 0.264227 -0.469460 -0.221290 -0.624790 -0.748777
12.478131 -154.508485 -635.572780 -2097.834729 -0.482425 0.763652 -0.429071 0.764740 0.128332 -0.631430 -0.427130 -0.632745 -0.645905
12.756277 -156.315137 -933.488305 -2375.768729 -0.487497 0.758744 -0.432036 0.838143 0.268003 -0.475069 -0.244669 -0.593703 -0.766586
-6.170729 -30.771020 -1036.230555 -7095.908264 -0.033554 -0.495971 -0.867691 0.325999 0.815265 -0.478610 0.944774 -0.298926 0.134331
-4.904677 -14.861290 -2605.070034 -7488.922641 -0.075099 -0.599998 -0.796468 0.372391 0.724063 -0.580567 0.925032 -0.340198 0.169058
5.254355 -77.535716 -303.026796 -3721.524021 0.212904 -0.713415 -0.667616 0.959428 0.281915 0.004708 0.184853 -0.641531 0.744491
3.740209 -82.304293 -144.152377 -4129.557554 0.239211 -0.702501 -0.670276 0.909736 0.403420 -0.098145 0.339350 -0.586297 0.735594
5.604594 -81.645977 -48.060775 -4439.222524 0.231403 -0.691956 -0.683849 0.946928 0.321410 -0.004796 0.223115 -0.646445 0.729608
3.149876 -79.395976 -439.105754 -3359.451490 0.216233 -0.724569 -0.654402 0.925033 0.366462 -0.100099 0.312342 -0.583699 0.749492
6.192768 -75.406231 28.867593 -2481.303606 0.196702 -0.698782 -0.687759 0.977256 0.196421 0.079930 0.079237 -0.687839 0.721526
6.050351 -71.218749 -340.807640 -2019.437648 0.184961 -0.718805 -0.670156 0.981916 0.163183 0.095977 0.040369 -0.675789 0.735989
4.688050 -74.254906 -687.109991 -2953.912740 0.193866 -0.734721 -0.650078 0.969056 0.246630 0.010250 0.152798 -0.631948 0.759799
-3.503472 -97.912035 -1759.417024 4031.080998 0.192988 0.462343 0.865445 0.887038 -0.459242 0.047535 0.419426 0.758509 -0.498744
-5.874361 -104.756798 -1529.053438 -4368.613607 0.214853 0.444512 0.869625 0.789403 -0.603319 0.113356 0.575049 0.662129 -0.480524
-6.768053 -110.006742 -916.056538 9975.950938 0.169311 0.442907 0.880436 0.947659 -0.318524 -0.022003 0.270694 0.838079 -0.473654
-1.114272 -101.267983 -1748.823860 -560.270469 0.221596 0.457220 0.861304 0.859748 -0.508393 0.048683 0.460140 0.729717 -0.505752
1.205206 -102.654401 -1920.944441 8540.197081 0.213542 0.471075 0.855855 0.934421 -0.354113 -0.038236 0.285057 0.807894 -0.515801
-1.827152 -109.285036 -1837.804285 11262.892255 0.201281 0.457693 0.866027 0.952137 -0.299057 -0.063243 0.230045 0.837306 -0.495981
6.635437 -58.841430 -2796.504334 1347.746946 -0.113108 0.633900 0.765100 0.853021 -0.332895 0.401916 0.509472 0.698106 -0.503076
-9.707408 -62.357364 642.024416 5145.141370 -0.491044 0.750195 -0.442812 0.169619 -0.416250 -0.893289 0.854462 0.513754 -0.077149
-12.568854 -64.043506 2917.848918 -3405.178759 -0.496673 0.729507 -0.470250 0.154397 -0.458899 -0.874970 0.854094 0.507180 -0.115289
-7.205057 -65.304856 -20.635111 5330.391761 -0.510287 0.765365 -0.392204 0.138564 -0.376920 -0.915823 0.848768 0.521678 -0.086285
-15.332556 -108.487556 3660.418602 -1204.099885 -0.516730 0.773535 -0.366925 -0.461164 -0.612567 -0.641942 0.721331 0.162498 -0.673258
-13.182528 -105.561288 5928.981871 -5344.347753 -0.545548 0.762435 -0.347952 -0.319741 -0.573124 -0.754516 0.774689 0.300370 -0.556448
-16.088737 -97.627743 8599.539566 -7313.589707 -0.550692 0.750705 -0.364939 -0.197991 -0.542205 -0.816586 0.810887 0.377433 -0.447221
-17.304133 -95.539039 5676.760154 -6155.448701 -0.525346 0.750479 -0.400991 -0.175468 -0.556683 -0.811982 0.832600 0.356210 -0.424136
-12.539718 -227.171488 -90.650469 -45848.293918 -0.389197 0.763986 -0.514637 -0.521855 -0.643253 -0.560262 0.759074 -0.050513 -0.649042
-13.075655 -235.039798 -2189.873511 -56528.575976 -0.357586 0.752196 -0.553474 -0.461014 -0.657594 -0.595850 0.812157 -0.042092 -0.581919
-16.997973 -317.746755 2080.941064 -83926.760662 -0.388168 0.727495 -0.565753 -0.514874 -0.680338 -0.521579 0.764350 -0.088831 -0.638654
-4.079491 -46.174995 1530.313496 2936.148100 -0.373004 0.426949 -0.823762 -0.158705 0.845393 0.510023 0.914156 0.320976 -0.247576
-7.955310 -48.291331 1583.827864 2509.707762 -0.370130 0.453983 -0.810496 -0.071295 0.856003 0.512031 0.926240 0.247303 -0.284465
-11.164941 -47.511321 1445.403311 2166.854958 -0.347489 0.370954 -0.861188 -0.094750 0.899829 0.425830 0.932885 0.229569 -0.277532
-15.863585 -287.707811 -2731.730791 -66106.597243 -0.280767 0.833444 -0.475964 -0.878841 -0.422569 -0.221526 0.385757 -0.356100 -0.851108
-55.784011 -209.775159 -3315.776471 17649.180686 -0.614119 0.600288 -0.512359 0.621678 0.767882 0.154513 0.486183 -0.223633 -0.844757
-27.179750 -159.545418 -7373.141991 -4768.562670 -0.366287 0.780817 -0.506121 -0.706837 -0.587226 -0.394394 0.605157 -0.213283 -0.767004
-108.405370 -477.135125 -2553.978511 9897.987177 -0.646162 0.634081 -0.424753 0.693509 0.720168 0.020072 0.318621 -0.281600 -0.905087
-17.635529 -152.053356 -4095.439553 -10293.479775 -0.417070 0.724456 -0.548831 -0.798727 -0.580300 -0.159023 0.433691 -0.372043 -0.820668
-31.400490 -194.015631 -4489.708099 22982.889742 -0.296807 0.781042 -0.549436 0.921769 0.384649 0.048850 0.249494 -0.491954 -0.834107
-30.698129 -169.573684 -4908.501933 3535.407084 -0.298970 0.803837 -0.514259 0.943027 0.331329 -0.030338 0.146002 -0.494031 -0.857098
443.842472 55.244885 -313377.804173 -16812.423574 -0.473668 -0.574995 -0.667098 -0.274282 0.816100 -0.508674 0.836904 -0.057970 -0.544271
-31.920564 -1706.138040 10864.511435 164707.310392 -0.398231 0.826657 -0.397557 -0.281289 -0.522578 -0.804853 0.873092 0.208689 -0.440636
454.777561 -8268.464121 -228789.878629 8020525.950876 -0.334341 0.767863 -0.546445 0.508586 -0.341140 -0.790546 0.793446 0.542227 0.276467
71.407045 -25.273557 -7795.009094 -6840.757467 -0.610781 0.309268 0.728904 0.766828 0.460409 0.447212 -0.197286 0.832092 -0.518364
63.760721 -18.445396 -6982.076158 557.103938 -0.641892 0.315307 0.698968 0.742967 0.481221 0.465217 -0.189672 0.817929 -0.543155
-11.903166 -53.640604 -4511.390825 -617.792329 0.204536 0.842424 0.498485 0.978859 -0.175797 -0.104549 -0.000443 0.509331 -0.860571
-4.662884 -53.920600 -2915.054847 -1203.768615 0.195695 0.846294 0.495469 0.980634 -0.172911 -0.091975 0.007834 0.503873 -0.863742
-20.318438 -54.900682 -5988.176646 44.858374 0.220584 0.829056 0.513818 0.967125 -0.254254 -0.004947 0.126539 0.498018 -0.857885
-4.812154 -51.772802 -4428.902206 -1328.114358 0.185259 0.853876 0.486389 0.974686 -0.096620 -0.201625 -0.125168 0.511429 -0.850161
-12.190164 -51.878225 -5135.275219 -765.087688 0.208062 0.845778 0.491293 0.969207 -0.110636 -0.219994 -0.131712 0.521937 -0.842753
-20.559937 -53.826886 -5291.865708 -434.752536 0.225547 0.827112 0.514795 0.974188 -0.186460 -0.127238 -0.009251 0.530206 -0.847819
-0.043635 -37.269172 540.313920 1013.020556 -0.060061 0.646824 0.760271 0.870749 -0.338441 0.356727 0.488046 0.683430 -0.542894
-1.157260 -35.479031 -965.707712 1009.118300 -0.103823 0.678251 0.727459 0.848020 -0.321810 0.421071 0.519696 0.660617 -0.541759
-2.346367 -35.915345 796.265272 273.289570 -0.026556 0.629333 0.776682 0.826135 -0.423644 0.371519 0.562846 0.651510 -0.508664
-3.742755 -38.170656 1732.092986 318.291902 0.030840 0.592620 0.804892 0.836573 -0.455988 0.303678 0.546986 0.663986 -0.509833
-1.319163 -39.678838 1872.221453 888.771698 -0.013780 0.615106 0.788324 0.886644 -0.356953 0.294019 0.462247 0.703014 -0.540461
-1213.924327 -6394.723743 -2230264.716404 11348701.264822 -0.125463 0.925390 -0.357647 -0.256011 0.318088 0.912841 -0.958497 -0.206090 -0.197002
-21944.305935 -280952.157826 -9048849.870261 -248014163.498228 -0.564857 0.293719 0.771145 0.140357 0.955089 -0.260971 -0.813164 -0.039175 -0.580714
-3286.251476 -7566.271514 3602264.329385 -4932219.620111 -0.421980 -0.647058 0.635018 -0.687853 0.684786 0.240680 -0.590585 -0.335237 -0.734047
78.066968 -4649.159278 -3100200.116587 -4250575.604805 -0.212491 0.843382 -0.493512 -0.372935 0.396823 0.838720 -0.903198 -0.362269 -0.230205
77.977183 -250.245684 8110.579455 43287.433935 -0.205214 0.687246 0.696835 0.978403 0.126015 0.163854 0.024796 0.715411 -0.698264
-18.553543 -100.503861 -1201.789865 22436.641145 -0.157818 0.792225 0.589469 0.526463 -0.437530 0.728974 -0.835422 -0.425379 0.348027
-6.173705 -161.004264 5820.005131 26325.284884 -0.139640 0.752956 0.643084 0.377304 -0.559993 0.737597 -0.915501 -0.345636 0.205896
-16.272257 -111.752728 5068.601327 16825.742996 -0.052575 0.692711 0.719296 0.578867 -0.565792 0.587190 -0.813725 -0.447249 0.371242
-11.901376 -72.272329 7315.641514 -4787.795249 0.142581 0.550679 0.822450 -0.720197 0.627719 -0.295441 -0.678960 -0.550202 0.486098
7.033493 -105.788339 -2074.676042 11409.871951 0.026320 0.506255 0.861982 -0.355346 0.810702 -0.465287 -0.934364 -0.294055 0.201233
19.653777 -113.405857 -4884.505690 30131.665268 0.021203 0.481348 0.876273 -0.389196 0.811306 -0.436244 -0.920911 -0.331792 0.204541
11.959780 -119.634614 16.305583 -111.902438 0.068708 0.459913 0.885302 -0.554354 0.755388 -0.349400 -0.829440 -0.466764 0.306856
17.099632 -134.673285 -601.814450 662.509576 0.057779 0.506037 0.860574 -0.628422 0.688240 -0.362508 -0.775724 -0.519858 0.357770
27.374009 -126.153572 -3797.946407 10811.230301 0.066974 0.534231 0.842681 -0.637164 0.672837 -0.375916 -0.767813 -0.511750 0.385455
34.769063 -106.182146 -7267.371042 34253.333779 0.093456 0.451300 0.887465 -0.341720 0.851759 -0.397157 -0.935144 -0.266148 0.233820
-66.787794 -96.418390 3018.117915 11265.407612 0.439771 -0.548517 0.711147 0.333788 0.834931 0.437580 -0.833779 0.044937 0.550267
-67.326628 -93.389641 358.330039 13523.838679 0.289616 -0.646345 0.705946 0.422437 0.748151 0.511681 -0.858877 0.150027 0.489717
-71.273304 -114.971997 1516.642773 4303.414218 0.349378 -0.646369 0.678338 0.120399 0.748928 0.651621 -0.929214 -0.145991 0.339481
-68.338509 -109.318891 1569.180895 7219.969783 0.447446 -0.575866 0.684230 0.210006 0.811356 0.545526 -0.869304 -0.100401 0.483974
30.486403 -2.474766 9496.871178 2156.970868 -0.046721 0.628351 -0.776525 0.130830 0.774527 0.618863 0.990303 -0.072679 -0.118394
28.848158 -6.079683 8514.747898 921.054989 -0.044816 0.594136 -0.803115 0.140747 0.799659 0.583726 0.989031 -0.086876 -0.119460
5.378868 -51.777372 237.313629 -977.024202 0.738277 -0.349070 -0.577145 0.050801 0.882014 -0.468477 0.672582 0.316547 0.668904
5.171006 -61.728601 -727.598131 -430.782031 -0.541319 0.266426 0.797491 0.822979 0.362220 0.437609 -0.172277 0.893204 -0.415339
5.129989 -59.626825 -87.291014 -427.996330 -0.534692 0.246664 0.808246 0.787759 0.491656 0.371094 -0.305843 0.835123 -0.457196
4.063870 -59.311916 -589.937808 331.049679 -0.522557 0.268658 0.809171 0.749876 0.596453 0.286232 -0.405734 0.756351 -0.513141
34.180072 -105.202562 9592.560616 6752.391100 0.031205 -0.568022 -0.822422 -0.084513 0.818376 -0.568434 0.995934 0.087243 -0.022468
28.739229 -111.392170 8022.992403 -1814.036319 0.051293 -0.549126 -0.834164 0.106544 0.833506 -0.542141 0.992984 -0.061067 0.101259
36.133001 -115.396139 3079.718503 6358.976342 0.186149 -0.521923 -0.832433 0.052735 0.851328 -0.521977 0.981105 0.053267 0.185998
-12.289143 -72.064119 -2204.583828 -11064.353685 -0.277456 0.409760 0.868974 0.866896 0.496665 0.042593 -0.414136 0.765128 -0.493022
