16643
33277
-25.145554 -37.974358 -425.229960 3460.022154 0.894728 0.068701 -0.441296 0.416108 0.230673 0.879570 -0.162222 0.970603 -0.177803
-28.072822 -42.462725 310.387835 2674.271261 0.942258 0.040697 -0.332406 0.301032 0.331967 0.893967 -0.146730 0.942413 -0.300548
-30.464310 -49.237989 -118.699370 3570.367987 0.757090 -0.047230 -0.651602 0.613020 0.396200 0.683544 -0.225881 0.916949 -0.328912
-22.163435 -34.258302 -307.565026 2251.813678 0.995703 0.092550 0.003166 -0.021158 0.194082 0.980757 -0.090154 0.976610 -0.195206
-23.482322 -45.568109 -697.227473 5603.973959 0.762848 0.043603 -0.645106 0.615902 0.254664 0.745527 -0.196793 0.966046 -0.167415
-18.836509 -32.197921 -1474.746626 3565.680059 0.868448 0.128561 -0.478821 0.463502 0.132246 0.876171 -0.175964 0.982844 -0.055261
-18.904722 -27.300581 -313.583151 1592.792592 0.983281 0.143730 0.111803 -0.122198 0.065631 0.990333 -0.135003 0.987438 -0.082097
7.194911 -27.774460 -8858.729512 -1378.502961 0.651617 -0.466679 0.598001 0.744165 0.546082 -0.384725 -0.147015 0.695705 0.703123
7.884128 -16.259584 -6751.733551 -3575.120393 0.521757 -0.573083 0.631937 0.828570 0.516762 -0.215473 -0.203077 0.636029 0.744464
2.350038 -23.047562 -7473.624452 1173.793793 0.704943 -0.474553 0.527120 -0.697535 -0.598463 0.394065 -0.128457 0.645478 0.752899
5.741355 -21.004106 3597.083793 -1037.050235 0.829501 0.232955 -0.507603 0.433138 0.305448 0.847993 -0.352591 0.923273 -0.152468
9.737052 -24.565027 2957.200926 -296.769841 0.780818 0.236416 -0.578300 0.528266 0.244353 0.813158 -0.333553 0.940425 -0.065905
16.549914 -21.850271 3158.515656 -1162.455010 0.797781 0.266757 -0.540727 0.452447 0.327928 0.829310 -0.398544 0.906258 -0.140922
15.685290 -17.993327 3427.657531 -1500.106735 0.824316 0.274039 -0.495384 0.385133 0.369902 0.845485 -0.414940 0.887736 -0.199375
2.460122 -17.100638 3540.491334 -1395.392153 0.855756 0.253250 -0.451161 0.353716 0.350012 0.867396 -0.377580 0.901862 -0.209946
6.008810 -35.792741 -1235.340310 1877.005086 -0.236974 0.932329 -0.273140 -0.177783 0.234785 0.955651 -0.955111 -0.275024 -0.110115
4.813194 -35.688046 -1487.130997 -1390.012024 -0.240379 0.913821 -0.327336 -0.109345 0.309585 0.944564 -0.964501 -0.262846 -0.025504
2.781449 -35.431624 -779.056883 882.799209 -0.242802 0.929769 -0.276726 -0.170098 0.240037 0.955745 -0.955047 -0.279127 -0.099870
3.139867 -43.623489 -435.329073 3367.422351 -0.222570 0.932373 -0.284856 -0.269321 0.222013 0.937111 -0.936979 -0.285290 -0.201694
0.394941 -39.391894 -159.247346 84.387096 -0.225776 0.921740 -0.315311 -0.199983 0.272922 0.941021 -0.953432 -0.275517 -0.122713
73.875326 -16.370885 19644.231402 -1311.869397 -0.483227 0.365415 0.795590 0.306679 0.921805 -0.237114 -0.820024 0.129411 -0.557507
119.684367 -19.457502 19727.740125 -916.052293 -0.697591 0.294369 0.653233 0.221862 0.955642 -0.193718 -0.681281 0.009792 -0.731956
91.834114 -21.503780 23987.714606 -728.085293 -0.571127 0.292039 0.767155 0.291446 0.945826 -0.143082 -0.767381 0.141867 -0.625300
-2.672401 -39.101839 1237.497177 -3989.382143 0.998088 0.048972 0.037698 0.053116 -0.991569 -0.118194 -0.031592 -0.119971 0.992275
-3.461692 -39.528646 1432.730791 -2000.257106 0.996373 0.068500 0.050488 0.074261 -0.989647 -0.122818 -0.041553 -0.126122 0.991144
-3.476658 -39.501019 1014.943738 -1015.260335 0.996724 0.056355 0.058006 0.071053 -0.952772 -0.295258 -0.038627 -0.298413 0.953655
-1.185315 -35.628545 30.588431 -0.764063 0.978623 0.187007 0.085594 -0.020361 -0.326041 0.945136 -0.204654 0.926674 0.315263
-0.739185 -36.536967 113.246874 -20.715415 0.979592 0.193576 0.054107 -0.016821 -0.189296 0.981776 -0.200291 0.962650 0.182177
-1.668371 -38.030526 -113.350818 -49.088481 0.976789 0.189708 0.099473 -0.043082 -0.280901 0.958769 -0.209828 0.940801 0.266207
0.368314 -35.186139 259.122995 -563.095152 0.980653 0.190119 0.046638 -0.007485 -0.201652 0.979429 -0.195612 0.960828 0.196328
-2.278484 -37.523452 -81.645648 133.991256 0.975406 0.173634 0.135775 -0.050045 -0.425449 0.903598 -0.214660 0.888169 0.406296
-1.992381 -35.629157 155.573902 447.537126 0.979239 0.167905 0.113576 -0.026406 -0.449853 0.892712 -0.200984 0.877177 0.436080
-1.198521 -34.457828 84.053570 575.052187 0.979665 0.177147 0.094204 -0.006998 -0.439066 0.898428 -0.200516 0.880818 0.428898
-0.192502 -33.603852 174.399204 -384.892759 0.980199 0.190141 0.055284 0.004813 -0.301988 0.953300 -0.197956 0.934157 0.296923
22.012692 -64.640364 179.699914 1593.209213 0.868988 0.016681 -0.494553 0.312074 -0.794089 0.521567 0.384018 0.607573 0.695259
23.486051 -60.630318 -698.034847 532.066429 0.915381 0.023713 -0.401891 0.270036 -0.776562 0.569238 0.298595 0.629594 0.717253
19.247742 -62.320484 -500.021964 -276.485486 0.883890 0.037332 -0.466202 0.372161 -0.659853 0.652755 0.283256 0.750466 0.597132
15.049050 -70.888851 1395.378080 1439.383353 0.799606 -0.008586 -0.600464 0.458633 -0.636752 0.619841 0.387668 0.771021 0.505213
13.822590 -64.614812 -258.187835 400.650413 0.849425 0.039189 -0.526252 0.476259 -0.486423 0.732509 0.227275 0.872844 0.431844
15.958457 -57.058123 -257.284989 -1859.475664 0.908694 0.036206 -0.415889 0.370808 -0.527646 0.764259 0.191771 0.848693 0.492894
-0.570117 -60.356525 -110.660474 440.535354 0.837263 0.266060 -0.477706 0.404286 0.287011 0.868434 -0.368163 0.920237 -0.132739
-1.016051 -62.825011 -30.918235 -955.839952 0.853358 0.280155 -0.439651 0.437338 0.074312 0.896221 -0.283752 0.957074 0.059108
-0.770068 -59.553751 -181.749494 -1075.164399 0.852877 0.278903 -0.441377 0.435893 0.084980 0.895978 -0.287399 0.956552 0.049094
7.535338 -39.119103 -1055.151293 1812.384192 0.971262 0.142711 0.190482 0.010925 -0.826190 0.563285 -0.237762 0.545016 0.804006
8.833107 -35.468875 -1332.259258 646.176374 0.971027 0.135322 0.196962 0.026404 -0.879925 0.474379 -0.237505 0.455434 0.858004
4.405404 -37.769877 -768.946156 1115.862394 0.968687 0.149131 0.198509 0.018561 -0.840777 0.541063 -0.247591 0.520437 0.817218
5.307228 -41.019887 -748.349299 1302.503844 0.972211 0.138465 0.188767 -0.016431 -0.763984 0.645026 -0.233529 0.630203 0.740479
1.626630 -38.244609 -728.856823 568.708896 0.961776 0.168014 0.216236 0.033879 -0.856593 0.514880 -0.271733 0.487873 0.829543
1.950299 -40.584535 -801.554600 894.306854 0.964270 0.151307 0.217460 -0.021728 -0.772914 0.634138 -0.264028 0.616206 0.742011
-8.422266 -17.142499 -1575.781108 662.150934 -0.390152 0.866221 -0.312156 0.452542 -0.114849 -0.884316 0.801865 0.486282 0.347193
-8.127252 -15.087669 -1661.461437 796.465698 -0.373663 0.865956 -0.332409 0.415911 -0.163904 -0.894513 0.829092 0.472499 0.298916
-13.714753 -15.503486 -1483.659732 643.889313 -0.408749 0.843992 -0.347278 0.428831 -0.158282 -0.889410 0.805623 0.512469 0.297233
-13.614559 -17.980875 -1478.177430 507.684067 -0.416592 0.848751 -0.325688 0.479336 -0.099334 -0.871992 0.772456 0.519379 0.365455
9.613737 -24.742680 1726.819086 -1216.384587 -0.485023 0.367456 0.793554 -0.013240 0.904247 -0.426805 -0.874401 -0.217517 -0.433716
4.076803 -26.453514 1276.258167 -915.868133 -0.480288 0.348842 0.804757 0.030623 0.923618 -0.382089 -0.876576 -0.158869 -0.454285
5.243233 -23.262894 1679.208948 -1336.486553 -0.479927 0.360170 0.799968 -0.047324 0.899887 -0.433547 -0.876031 -0.245928 -0.414836
9.728230 -26.503428 1317.669194 -396.974644 -0.493287 0.367345 0.788495 0.071734 0.920547 -0.383989 -0.866904 -0.132855 -0.480445
7.779422 -75.053770 -93.681310 1208.145813 -0.288914 0.895754 -0.337866 -0.854198 -0.400554 -0.331516 0.432290 -0.192824 -0.880877
6.538654 -73.894653 115.269033 653.397558 -0.314015 0.896373 -0.312906 -0.877208 -0.399995 -0.265539 0.363182 -0.191100 -0.911910
6.225909 -74.314958 13.799388 -52.784811 -0.279472 0.902894 -0.326616 0.926992 0.342358 0.153221 0.250162 -0.259949 -0.932655
6.235488 -76.421786 157.657781 -577.680523 -0.273729 0.901775 -0.334477 -0.903506 -0.360322 -0.232045 0.329771 -0.238684 -0.913390
7.503024 -76.032979 -118.646565 1432.786358 -0.276948 0.896863 -0.344870 -0.831940 -0.403398 -0.380981 0.480808 -0.181399 -0.857857
-4.002201 -52.783031 231.196870 -960.921694 0.710024 0.096547 -0.697527 -0.136733 0.990606 -0.002070 0.690775 0.096845 0.716555
-2.771345 -53.260962 458.395871 -1104.381455 0.701347 0.079671 -0.708354 -0.119437 0.992820 -0.006590 0.702742 0.089226 0.705827
-4.113673 -55.517770 237.583594 -768.795102 0.708260 0.084875 -0.700831 -0.244997 0.960598 -0.131259 0.662076 0.264667 0.701147
-3.089007 -164.560829 -878.016919 14586.404509 -0.106697 -0.845569 0.523095 0.920480 0.114916 0.373511 -0.375941 0.521351 0.766069
-3.037473 -187.153574 549.007410 5858.803992 0.119985 0.855141 -0.504318 0.736015 0.264288 0.623245 -0.666248 0.445966 0.597686
-3.495388 -173.310733 464.098736 7855.019229 0.125762 0.870314 -0.476169 0.704070 0.259845 0.660883 -0.698906 0.418370 0.580083
-2.394294 -177.959473 454.553688 -7696.189505 0.131182 0.868423 -0.478155 0.392863 0.397294 0.829347 -0.910192 0.296645 0.289053
-3.212583 -152.969274 -306.119174 14784.517577 -0.117761 -0.867534 0.483237 0.910279 0.100188 0.401690 -0.396894 0.487183 0.777899
-4.364297 -159.058624 204.497808 14325.491342 0.131042 0.880214 -0.456126 0.745877 0.215549 0.630243 -0.653067 0.422802 0.628285
-3.989766 -159.329648 454.702983 -4614.475660 0.142592 0.879061 -0.454883 0.382055 0.375078 0.844601 -0.913072 0.294224 0.282367
8.831348 -87.906535 -1285.970751 -5302.486247 0.101812 -0.850426 0.516149 0.948829 0.238922 0.206496 -0.298929 0.468713 0.831234
7.436532 -91.141543 -1559.899924 -3152.728593 0.121538 -0.833384 0.539166 0.965943 0.224316 0.128982 -0.228435 0.505128 0.832264
11.885027 -85.864460 -1293.352393 2039.083879 0.099178 -0.855139 0.508823 0.994814 0.073628 -0.070164 0.022536 0.513143 0.858007
10.363268 -86.905410 382.468892 -3630.881181 0.065424 -0.884966 0.461036 0.974165 0.156728 0.162600 -0.216152 0.438487 0.872357
-10.499715 -31.055959 1528.471628 96.739914 -0.551456 0.526919 0.646724 0.770965 0.618010 0.153871 -0.318604 0.583455 -0.747042
-14.838606 -29.497011 835.824421 -16.282727 -0.465905 0.637500 0.613617 0.835114 0.546002 0.066829 -0.292432 0.543576 -0.786771
-13.062804 -29.624238 805.431199 135.676033 -0.425530 0.663861 0.614990 0.823272 0.566130 -0.041471 -0.375695 0.488657 -0.787444
-7.078775 -29.020747 1423.296856 -253.778430 -0.445380 0.641500 0.624591 -0.763451 -0.636538 0.109374 -0.467740 0.428132 -0.773255
-5.535265 -30.875337 1871.629188 133.874710 -0.535461 0.537524 0.651421 0.738017 0.672816 0.051465 -0.410623 0.508318 -0.756969
-13.012521 -29.096294 264.529927 -113.459380 -0.296879 0.783146 0.546392 -0.853442 -0.474285 0.216082 -0.428369 0.402164 -0.809175
-11.238882 -834.012397 21.884768 192703.422105 -0.636416 0.619799 -0.459156 0.566358 0.779594 0.267342 0.523654 -0.089906 -0.847174
-45.789794 -85.565151 -7550.207070 12086.573815 -0.600950 0.662978 -0.446451 0.551934 0.748216 0.368161 0.578124 -0.025165 -0.815560
-34.482946 -334.061158 -8658.300418 77472.428209 -0.593734 0.598397 -0.537960 0.608516 0.771341 0.186391 0.526486 -0.216691 -0.822105
-6.416484 -30.339751 43.591659 -72.021466 0.925052 -0.057403 0.375478 -0.378221 -0.230370 0.896592 -0.035032 0.971408 0.234816
-7.614075 -29.870212 -194.731685 -57.509254 0.913955 -0.081239 0.397601 -0.405596 -0.215135 0.888374 -0.013367 0.973199 0.229574
-7.425402 -29.620840 -172.319731 -147.547926 0.934809 -0.036855 0.353233 -0.354817 -0.140058 0.924386 -0.015405 0.989457 0.144005
-8.419768 -28.689516 -194.069705 -228.510164 0.923944 -0.078396 0.374409 -0.380983 -0.100693 0.919082 0.034352 0.991824 0.122903
-0.467820 -15.659328 -159.157349 -882.554590 -0.367045 0.649122 0.666272 -0.316178 0.586559 -0.745641 0.874820 0.484344 0.010055
-0.033028 -18.637097 -235.668315 -767.425608 -0.380380 0.672722 0.634631 -0.352838 0.528748 -0.771965 0.854878 0.517562 -0.036237
-2.173848 -17.683389 -554.552021 -734.589617 -0.368634 0.668165 0.646269 -0.348886 0.544960 -0.762429 0.861619 0.506531 -0.032222
2.104540 -17.665591 -526.706408 -927.542038 -0.354213 0.634644 0.686848 -0.352038 0.589948 -0.726657 0.866373 0.499188 -0.014452
1.007501 -14.134197 322.982047 -1037.638556 0.337589 -0.590067 -0.733386 -0.318290 0.661673 -0.678882 0.885847 0.462612 0.035560
126.051758 -1311.328389 -110635.934378 245393.429261 0.150790 0.854900 0.496395 -0.831426 -0.161967 0.531506 -0.534784 0.492861 -0.686363
182.268136 -35.492310 -84097.450608 -907.278315 0.621651 0.628376 0.467647 0.714209 -0.699874 -0.008993 0.321643 0.339588 -0.883870
-1085.928802 -42412.162343 335599.724308 8933373.499408 -0.108204 0.963237 -0.245898 -0.801216 0.061932 0.595161 -0.588510 -0.261416 -0.765060
46.859406 -5248.682581 -178.695435 2289484.202468 0.511829 0.088317 0.854536 0.858523 -0.016537 -0.512508 -0.031132 0.995955 -0.084286
212.151026 -186.425043 -61958.243052 -46368.005162 0.188201 0.300492 0.935032 0.332701 0.876249 -0.348566 -0.924062 0.376687 0.064936
9.803560 -45.394011 -1204.842289 2030.078731 -0.579243 0.762767 -0.287514 0.083937 -0.295025 -0.951796 0.810822 0.575454 -0.106867
10.029101 -48.289756 -40.815691 -2498.452175 -0.639913 0.688924 -0.340435 0.080977 -0.380095 -0.921396 0.764169 0.617180 -0.187441
6.427992 -44.982186 -643.341310 -714.216346 -0.586087 0.751934 -0.301824 0.002580 -0.370775 -0.928719 0.810244 0.545089 -0.215366
13.314763 -45.640017 246.249057 1075.215101 -0.652626 0.693276 -0.305692 0.135185 -0.290441 -0.947296 0.745523 0.659555 -0.095829
-1.346617 -62.779688 -1976.349734 7327.624075 -0.521267 0.729810 -0.442333 0.100223 -0.462383 -0.880998 0.847488 0.503567 -0.167881
-0.600467 -83.023291 -2198.569025 12791.565152 -0.478153 0.728655 -0.490338 0.241270 -0.427842 -0.871057 0.844487 0.534802 -0.028771
7.946262 -65.193302 -955.809279 7638.250014 -0.555119 0.720807 -0.415067 0.260750 -0.323054 -0.909750 0.789843 0.613248 0.008617
-26.299013 -170.221287 -4401.403600 -31277.427496 0.211285 -0.627733 0.749206 0.296899 0.771511 0.562691 -0.931241 0.103550 0.349382
-12.758780 -301.024944 -4219.406967 -58092.688994 0.213062 -0.588404 0.779991 0.440758 0.770358 0.460740 -0.871973 0.245621 0.423477
-14.769413 -126.715498 -2887.946273 -16087.432474 0.190012 -0.604999 0.773221 0.220170 0.793769 0.566971 -0.956776 0.062509 0.284028
-46.675553 -116.913226 -6016.404969 5891.244403 0.261594 -0.486007 0.833886 0.163236 0.873803 0.458063 -0.951274 0.016293 0.307916
-30.509503 -148.325943 -3194.006699 17529.211719 0.206068 -0.461103 0.863088 0.071404 0.886752 0.456697 -0.975929 -0.032483 0.215656
-22.335664 -35.858678 499.565601 -20.354536 -0.320544 0.446396 -0.835453 0.723982 0.684208 0.087808 0.610821 -0.576707 -0.542501
-21.618582 -35.379629 -214.303472 121.908212 -0.295272 0.511576 -0.806911 0.669859 0.713062 0.206955 0.681251 -0.479409 -0.553231
-22.758028 -36.139478 587.852158 753.198626 -0.260253 0.457866 -0.850074 0.641357 0.740098 0.202277 0.721754 -0.492558 -0.486269
6.501548 -29.544532 716.613767 1420.817638 0.927290 -0.047122 -0.371365 -0.197859 0.780452 -0.593082 -0.317780 -0.623437 -0.714382
8.885174 -35.197128 170.444252 2160.275726 0.915471 -0.102515 -0.389106 -0.187371 0.747160 -0.637687 -0.356096 -0.656691 -0.664795
7.952359 -35.881188 876.221599 2068.646899 0.920153 -0.023867 -0.390832 -0.261476 0.705520 -0.658689 -0.291461 -0.708288 -0.642946
4.700735 -31.221359 1065.284746 1586.073048 0.924858 0.002599 -0.380304 -0.250122 0.757442 -0.603093 -0.286491 -0.652897 -0.701176
2.776266 -27.003919 796.980874 1063.226537 0.925086 -0.001102 -0.379757 -0.223801 0.806311 -0.547517 -0.306805 -0.591490 -0.745661
42.866870 -67.909620 -6627.691918 2615.229483 -0.087698 0.733270 -0.674258 -0.719556 -0.514710 -0.466168 0.688874 -0.444285 -0.572768
64.572542 -74.075824 -12843.305584 -6237.180066 -0.051751 0.629053 -0.775638 0.850218 0.435185 0.296214 0.523881 -0.644132 -0.557353
27.538450 -73.423288 -3290.320110 -961.908575 -0.155968 0.580915 -0.798881 0.632333 0.680054 0.371056 0.758834 -0.447286 -0.473399
18.542072 -66.187469 -2326.459551 3561.966834 -0.156880 0.670025 -0.725572 0.452943 0.701662 0.550012 0.877628 -0.242357 -0.413560
24.091201 -61.110868 -1357.172756 -2180.884816 -0.136216 0.821400 -0.553847 -0.545402 -0.528887 -0.650243 0.827032 -0.213496 -0.520036
-2.295810 -21.640464 531.778552 -407.668961 0.714094 -0.514159 -0.475090 -0.700049 -0.525065 -0.483981 0.000610 -0.678194 0.734883
-2.084668 -25.736107 523.109216 997.127679 0.709258 -0.518215 -0.477918 -0.703905 -0.557488 -0.440142 0.038346 -0.648583 0.760177
-2.480908 -21.367252 538.961502 83.753041 0.692138 -0.538866 -0.480175 0.721747 0.512002 0.465763 -0.005133 -0.668937 0.743301
-3.030041 -19.485139 285.588347 -40.307844 0.705376 -0.534331 -0.465763 -0.705104 -0.461617 -0.538273 -0.072611 -0.708096 0.702372
18.004494 -16.802123 -3787.054430 -502.699860 -0.410267 -0.064565 0.909677 -0.593417 0.776329 -0.212533 -0.692486 -0.627013 -0.356816
29.556361 -16.869029 -3424.306966 -762.207748 -0.303850 -0.111199 0.946208 -0.578888 0.810351 -0.090661 -0.756679 -0.575296 -0.310597
25.949067 -13.310234 -2539.082310 -1275.614747 -0.314359 -0.047140 0.948133 -0.634471 0.753359 -0.172907 -0.706134 -0.655918 -0.266734
22.489588 -14.792165 4261.409457 538.851673 0.418736 0.042816 -0.907098 0.626226 -0.737006 0.254292 -0.657649 -0.674529 -0.335423
6.930832 -17.615203 2994.720474 114.265535 0.506862 -0.041315 -0.861036 0.568670 -0.734649 0.370007 -0.647847 -0.677188 -0.348871
3.087876 -19.619380 -2503.903367 -310.996314 -0.505322 0.041909 0.861913 -0.525094 0.777683 -0.345666 -0.684781 -0.627258 -0.370974
2.860518 -36.692366 118.462027 90.050010 -0.499286 0.417314 0.759317 0.829775 -0.021931 0.557668 0.249375 0.908498 -0.335327
3.008037 -37.044103 -4.812704 -215.338205 -0.513182 0.419716 0.748654 0.836755 0.050539 0.545240 0.191010 0.906247 -0.377135
2.543189 -37.949833 -434.059292 -434.436221 -0.516446 0.437087 0.736368 0.799387 -0.062236 0.597585 0.307026 0.897263 -0.317260
4.785414 -46.410475 82.128808 -1349.502543 0.502325 -0.595382 -0.627049 0.841728 0.502671 0.197018 0.197898 -0.626772 0.753654
5.995463 -50.511021 89.194997 -392.121599 0.536262 -0.568966 -0.623459 0.773343 0.627153 0.092846 0.338178 -0.531937 0.776323
2.989969 -49.905634 -72.048622 -1442.546869 0.453436 -0.615972 -0.644185 0.875358 0.443808 0.191786 0.167760 -0.650855 0.740435
2.174009 -53.197622 643.265729 -1660.032251 0.404599 -0.610829 -0.680579 0.905333 0.372619 0.203782 0.129120 -0.698600 0.703765
1.590126 -46.170572 436.449991 -1401.064422 0.365318 -0.639010 -0.676911 0.930883 0.250457 0.265948 -0.000407 -0.727281 0.686340
2.806418 -44.414538 169.730530 -1477.632514 0.425512 -0.630235 -0.649418 0.903593 0.335223 0.266733 0.049595 -0.700307 0.712117
-6.115747 -54.052642 -100.010825 -347.163943 0.616775 -0.496356 -0.610917 0.556618 0.823802 -0.107364 0.556565 -0.273828 0.784381
-5.680665 -53.143228 3.214352 -135.023645 0.591620 -0.515456 -0.619912 0.671879 0.740213 0.025729 0.445606 -0.431728 0.784249
-7.052777 -53.599609 232.118621 31.014107 0.587896 -0.498673 -0.636948 0.587242 0.804621 -0.087927 0.556349 -0.322351 0.765876
-5.445182 -54.545644 -404.704460 -107.957868 0.623408 -0.518818 -0.584970 0.645983 0.763265 0.011479 0.440532 -0.385037 0.810973
-7.139061 -54.966275 200.998149 -409.639043 0.610101 -0.480641 -0.629890 0.451182 0.864258 -0.222470 0.651315 -0.148466 0.744141
-5.593089 -55.589869 -548.073674 9.010880 0.644250 -0.496011 -0.582163 0.517791 0.843078 -0.145302 0.562880 -0.207828 0.799983
-6.156567 -56.222832 -180.612791 -563.803136 0.636810 -0.475637 -0.606830 0.422961 0.873556 -0.240841 0.644653 -0.103296 0.757465
-4.281472 -58.397204 -380.163616 -1433.293977 -0.517712 0.488182 0.702604 0.546765 0.820429 -0.167166 -0.658044 0.297616 -0.691667
-2.478402 -50.571733 -442.469564 -1207.004900 -0.505584 0.512163 0.694315 0.423325 0.848476 -0.317625 -0.751785 0.133335 -0.645787
-4.078136 -56.621748 -279.119154 -886.499907 -0.513527 0.465046 0.721125 0.499036 0.845520 -0.189893 -0.698035 0.262352 -0.666272
17.919012 -0.311168 2954.552968 -377.901021 -0.368766 0.864753 -0.340900 0.399911 -0.183470 -0.898003 0.839096 0.467483 0.278167
13.896823 -2.560838 2635.341502 -826.025723 -0.378777 0.858704 -0.345189 0.411380 -0.177891 -0.893936 0.829032 0.480606 0.285873
22.396125 -1.629175 2428.246801 -601.302582 -0.330824 0.894178 -0.301664 0.402331 -0.155514 -0.902189 0.853631 0.419835 0.308308
6.979827 -13.873417 -934.865017 -433.515694 0.193407 0.815324 -0.545748 0.919016 -0.345308 -0.190186 -0.343515 -0.464768 -0.816081
17.329093 -16.433850 3813.182240 1045.150720 0.417797 0.735899 -0.532822 0.868295 -0.496030 -0.004235 -0.267412 -0.460877 -0.846217
13.038667 -14.110534 -77.655200 270.282194 0.138679 0.851513 -0.505661 0.951910 -0.255466 -0.169130 -0.273196 -0.457889 -0.845992
7.395003 -47.819050 -1234.888985 -1577.826391 -0.445876 0.501301 0.741547 0.086131 0.848641 -0.521910 -0.890941 -0.168837 -0.421566
8.660072 -51.662787 -1063.186246 -435.906071 -0.427260 0.522634 0.737768 0.223864 0.851743 -0.473729 -0.875976 -0.037246 -0.480915
11.183276 -50.277080 -1191.603439 -585.765633 -0.411511 0.518488 0.749552 0.037938 0.831446 -0.554309 -0.910615 -0.199668 -0.361820
8.976504 -46.311995 -1240.469083 -623.612920 -0.431876 0.487478 0.758847 -0.040883 0.829910 -0.556397 -0.901006 -0.271319 -0.338488
-5.220676 -30.180816 340.168309 -812.110267 -0.385593 0.476099 0.790347 0.899211 0.385832 0.206283 -0.206730 0.790230 -0.576887
-5.293759 -28.096310 261.773426 -214.213240 -0.369967 0.497458 0.784640 0.890472 0.430707 0.146802 -0.264922 0.753012 -0.602320
-4.290266 -28.386660 98.881862 -101.457889 -0.384653 0.482639 0.786830 0.869085 0.476578 0.132533 -0.311021 0.734801 -0.602771
-5.188110 -29.458477 -185.969009 -1027.784102 -0.369496 0.512600 0.775057 0.909668 0.369792 0.189099 -0.189678 0.774916 -0.602933
34.428254 -22.761307 1650.163361 -1514.470039 -0.109786 -0.079369 0.990781 -0.496330 0.868012 0.014537 -0.861164 -0.490158 -0.134689
33.477002 -21.319212 -3682.821971 -673.445374 -0.298641 -0.120866 0.946681 -0.516015 0.854899 -0.053635 -0.802834 -0.504519 -0.317677
34.003624 -23.716142 -3341.603052 -396.967943 -0.319889 -0.094327 0.942748 -0.410464 0.910604 -0.048166 -0.853926 -0.402372 -0.330010
28.916818 -26.879018 6711.460124 -1783.260274 0.076467 -0.045601 0.996029 -0.437748 0.895995 0.074628 -0.895840 -0.441717 0.048552
25.483979 -20.372372 5526.017351 -1729.026610 0.060783 -0.032663 0.997616 -0.534294 0.843155 0.060159 -0.843110 -0.536677 0.033798
-7.603934 -73.424952 468.345959 2521.135757 -0.577105 0.357431 0.734297 0.814989 0.309722 0.489761 -0.052372 0.881087 -0.470045
-6.423369 -70.148337 797.656687 2389.068096 -0.598230 0.317858 0.735586 0.797003 0.140804 0.587334 0.083116 0.937625 -0.337567
-7.762269 -65.504339 250.254755 2742.269089 -0.596772 0.363093 0.715561 0.795860 0.154120 0.585537 0.102322 0.918918 -0.380945
-8.641851 -72.723812 -380.286974 2110.808836 -0.570394 0.404264 0.714997 0.820285 0.325116 0.470566 -0.042224 0.854909 -0.517056
-9.138415 -65.490229 -260.523703 2405.515756 -0.582117 0.421902 0.695081 0.798743 0.136751 0.585926 0.152151 0.896269 -0.416596
15.061920 -62.763459 -3551.498663 -7533.880477 -0.458381 0.778429 0.428876 0.873696 0.306220 0.378000 0.162915 0.547975 -0.820477
6.056199 -54.765615 -3922.788680 799.159448 -0.355066 0.835033 0.420295 0.929568 0.267683 0.253473 0.099152 0.480692 -0.871266
3.518062 -59.438343 -3210.177087 -301.841986 -0.360920 0.829292 0.426628 0.919444 0.239855 0.311597 0.156076 0.504722 -0.849056
10.275965 -69.129246 -3786.827230 -7315.280201 -0.406964 0.813937 0.414592 0.871847 0.210709 0.442136 0.272512 0.541394 -0.795380
-1.029103 -68.453896 -1863.685884 -2973.396848 -0.372363 0.805779 0.460506 0.886914 0.162798 0.432296 0.273366 0.569400 -0.775277
-5.250873 -69.120628 -1579.403116 2141.420953 -0.273974 0.832439 0.481646 0.958490 0.195219 0.207814 0.078967 0.518589 -0.851369
-4.454605 -211.137696 -654.461124 -37398.511158 0.466648 -0.635627 -0.614994 0.267527 0.764216 -0.586859 0.843012 0.109329 0.526668
-6.847527 -123.868137 -612.580776 -12574.144081 0.451272 -0.693769 -0.561282 0.347803 0.715966 -0.605331 0.821819 0.077954 0.564390
-8.834593 -166.771534 -643.329754 -16705.634361 0.452033 -0.656157 -0.604256 0.015226 0.682993 -0.730266 0.891871 0.320904 0.318726
-4.940920 -96.994449 -1531.773026 -11266.170883 0.483634 -0.695352 -0.531586 0.503596 0.717807 -0.480775 0.715884 -0.035185 0.697332
4.705811 -32.169944 1403.586429 95.203724 0.470031 -0.266294 -0.841522 0.847671 0.401929 0.346277 0.246020 -0.876094 0.414648
5.158806 -31.786496 1678.695667 114.072798 0.447016 -0.270620 -0.852608 0.830292 0.480188 0.282903 0.332853 -0.834376 0.439346
3.513370 -31.666419 880.668310 140.635548 0.427375 -0.282946 -0.858657 0.863151 0.410217 0.294436 0.268927 -0.866985 0.419542
21.683454 -44.906341 1159.045785 -1051.548153 -0.155976 0.843925 0.513286 -0.049921 0.512247 -0.857386 0.986499 0.159355 0.037769
20.455094 -46.739243 -647.372428 -1830.402544 -0.093605 0.887014 0.452155 -0.159758 0.434882 -0.886203 0.982708 0.155189 -0.101001
18.281863 -41.657420 -2236.985142 -479.624111 -0.037672 0.873569 0.485239 -0.034626 0.484151 -0.874299 0.998690 0.049738 -0.012009
17.909982 -42.016881 -361.194856 179.027323 -0.107098 0.824861 0.555099 0.069304 0.563145 -0.823447 0.991830 0.049719 0.117477
-4.657631 -26.749215 67.271517 733.216181 0.422155 -0.316124 -0.849618 -0.091268 0.917643 -0.386783 0.901918 0.240825 0.358536
-3.316303 -23.801988 13.171829 1503.140725 0.417279 -0.275688 -0.865953 -0.207695 0.898726 -0.386204 0.884727 0.341009 0.317761
-3.940394 -25.129801 383.084913 1446.686341 0.438283 -0.351529 -0.827246 -0.153901 0.877411 -0.454384 0.885564 0.326462 0.330453
-2.693447 -19.009977 -327.057185 176.229419 0.505564 -0.330055 -0.797163 0.455845 0.886635 -0.078000 0.732537 -0.323949 0.598705
-1.690471 -18.858054 22.715145 208.244033 0.529767 -0.281667 -0.800007 0.445278 0.895162 -0.020304 0.721854 -0.345469 0.599648
-1.868825 -19.512101 -320.912784 225.009866 0.525214 -0.292631 -0.799073 0.483855 0.875144 -0.002461 0.700025 -0.385343 0.601229
-1.398587 -19.246853 95.164827 317.284550 0.539205 -0.260885 -0.800748 0.466941 0.883893 0.026454 0.700874 -0.388166 0.598417
6.337130 -35.040437 105.414298 743.096442 0.626084 -0.613759 -0.480957 0.244221 0.740117 -0.626564 0.740524 0.274822 0.613268
6.116711 -38.313189 -14.882816 403.684188 0.620845 -0.619768 -0.480040 0.371475 0.771820 -0.516043 0.690332 0.142060 0.709409
5.624968 -37.784085 -250.767838 677.806474 0.651336 -0.600368 -0.464025 0.330477 0.774937 -0.538755 0.683042 0.197561 0.703152
-4.513927 -15.010680 -381.167823 -156.713458 -0.259815 0.167352 -0.951046 0.846878 -0.433740 -0.307681 -0.463998 -0.885360 -0.029035
-2.079131 -13.703735 -789.473046 -748.176291 -0.134111 0.074463 -0.988165 0.864588 -0.478495 -0.153396 -0.484255 -0.874927 -0.000209
-1.891965 -13.443882 -795.887952 -597.635970 -0.180381 0.100736 -0.978425 0.834921 -0.510181 -0.206452 -0.519970 -0.854148 0.007920
-31.181865 -48.266770 368.015322 1139.184061 0.932629 0.006234 -0.360784 0.310040 0.497680 0.810055 -0.184605 0.867338 -0.462218
-25.949949 -41.797211 -338.825272 2313.011305 0.995282 0.052317 -0.081705 0.058296 0.350693 0.934674 -0.077553 0.935028 -0.345989
57.446198 -47.833102 -7687.126008 -1363.560484 0.942306 0.277022 -0.187933 0.321987 -0.903621 0.282478 0.091568 0.326693 0.940685
63.523608 -54.479083 -8403.130040 -1881.084326 0.961135 0.215328 -0.172783 0.240436 -0.960437 0.140541 0.135685 0.176622 0.974882
37.584790 -46.596762 -9298.084743 -1129.360418 0.963806 0.266412 0.010081 0.258492 -0.943071 0.209280 -0.065262 0.199100 0.977804
36.995420 -50.905875 -9611.352840 -1110.411720 0.982816 0.183166 0.022883 0.181930 -0.982150 0.047777 -0.031226 0.042793 0.998596
9.202591 -45.688268 -7244.726015 520.654219 0.968972 0.229187 0.092560 -0.217912 0.968844 -0.117711 -0.116654 0.093889 0.988725
-14.749498 -29.813115 3354.871357 5979.494271 0.868483 -0.351517 0.349533 -0.483391 -0.756800 0.439985 -0.109864 0.551080 0.827188
8.305491 -25.785212 1892.847205 -67.479260 0.725974 0.245155 -0.642542 0.621337 0.166678 0.765610 -0.294791 0.955048 0.031321
1.102019 -25.351205 2645.810268 -35.418614 0.793800 0.224463 -0.565241 0.545135 0.149465 0.824917 -0.269647 0.962952 0.003718
-0.701442 -24.667730 885.217848 -357.597809 0.758350 0.244467 -0.604269 0.607446 0.071243 0.791160 -0.236463 0.967037 0.094474
1.539652 -26.030922 2303.468179 -311.907309 0.767578 0.228440 -0.598864 0.599803 0.073387 0.796775 -0.225964 0.970788 0.080689
10.518918 -34.038784 -1911.962242 -1586.937869 -0.212270 0.917176 -0.337239 -0.085257 0.326406 0.941377 -0.973485 -0.228578 -0.008910
5.405631 -50.055635 -1473.726820 -5790.743237 -0.224202 0.884369 -0.409420 -0.017536 0.416386 0.909019 -0.974385 -0.210984 0.077846
11.510238 -34.988537 -2048.387293 2318.250820 -0.210762 0.932520 -0.293232 -0.147461 0.266209 0.952569 -0.966351 -0.244005 -0.081404
22.656324 -25.224167 8263.054429 -711.796841 -0.501848 0.480125 0.719464 0.513300 0.834806 -0.199053 -0.696183 0.269406 -0.665394
1.065859 -28.029150 2464.945698 -557.307838 -0.424687 0.643364 0.636965 0.650577 0.706146 -0.279477 -0.629595 0.295705 -0.718449
5.006969 -26.731980 2814.627566 -612.690998 -0.383557 0.678673 0.626328 0.607557 0.696204 -0.382328 -0.695528 0.233885 -0.679367
-2.801771 -37.963814 667.638486 2202.147790 0.997893 0.024792 0.059950 0.054605 -0.819936 -0.569844 -0.035027 -0.571917 0.819563
-6.748895 -39.486059 1013.945385 1795.681837 0.996010 0.041884 0.078808 0.076432 -0.856212 -0.510940 -0.046076 -0.514924 0.855997
-4.495215 -33.462813 1391.156942 1096.765413 0.997048 0.049698 0.058521 0.074854 -0.798736 -0.597007 -0.017073 -0.599625 0.800099
-0.093994 -29.018272 1092.191249 1092.245583 0.999710 0.009534 0.022095 0.021716 -0.753030 -0.657628 -0.010368 -0.657917 0.753019
-1.073659 -37.881886 32.229539 327.706813 0.979219 0.194669 0.056876 -0.028018 -0.147902 0.988605 -0.200863 0.969654 0.139375
0.014937 -36.131651 209.257605 305.842550 0.980489 0.195997 0.015027 -0.001560 -0.068685 0.997637 -0.196566 0.978196 0.067039
0.378898 -35.638499 315.107482 436.693991 0.981614 0.189141 0.025682 0.000066 -0.134885 0.990861 -0.190876 0.972642 0.132418
-2.027600 -62.392900 365.636065 -121.120098 0.853240 0.267939 -0.447427 0.415820 0.168285 0.893741 -0.314764 0.948625 -0.032173
-2.089905 -62.476453 314.814470 -1486.721073 0.866045 0.276439 -0.416590 0.442083 -0.034241 0.896321 -0.233513 0.960421 0.151863
-0.990037 -63.806334 312.581731 1002.662511 0.840437 0.255489 -0.477904 0.404047 0.292255 0.866794 -0.361126 0.921581 -0.142393
11.788821 -38.904084 -1560.693312 2206.557809 0.977735 0.126421 0.167486 0.016731 -0.842575 0.538319 -0.209174 0.523531 0.825930
-13.035461 -20.524882 549.106253 -515.114575 0.342067 -0.140575 -0.929101 -0.554123 0.768361 -0.320266 0.758906 0.624388 0.184935
-15.334793 -20.524295 555.655596 -292.731398 0.396641 -0.105375 -0.911905 -0.561084 0.758400 -0.331685 0.726540 0.643215 0.241688
-14.499241 -18.028347 637.267178 -646.898306 0.375737 -0.125163 -0.918235 -0.506909 0.801712 -0.316704 0.775800 0.584459 0.237786
-12.330038 -18.588904 479.766559 -424.650124 0.346085 -0.172503 -0.922208 -0.507386 0.792394 -0.338632 0.789167 0.585111 0.186711
3.891327 -19.186618 1875.498537 -1189.116906 -0.474876 0.355341 0.805124 -0.102572 0.886276 -0.451656 -0.874055 -0.297064 -0.384423
-0.329945 -23.273054 1332.082847 -1364.477835 -0.471065 0.329384 0.818293 -0.063886 0.912491 -0.404078 -0.879782 -0.242625 -0.408800
-2.927591 -18.472990 1129.478035 -1282.962251 -0.476702 0.316339 0.820174 -0.140874 0.893458 -0.426483 -0.867704 -0.318846 -0.381349
2.476477 -15.665955 1873.303022 -1027.425582 -0.475189 0.362458 0.801760 -0.145632 0.866245 -0.477924 -0.867748 -0.343867 -0.358844
2.158779 -74.943337 736.297333 981.142801 -0.335508 0.902549 -0.269888 -0.763144 -0.428371 -0.483848 0.552309 -0.043628 -0.832497
5.166838 -73.541388 543.001144 377.526489 -0.330697 0.901440 -0.279368 -0.841675 -0.415613 -0.344746 0.426877 -0.121130 -0.896161
4.750339 -76.114078 607.712861 232.777191 -0.341155 0.895798 -0.284884 -0.726588 -0.443579 -0.524698 0.596392 -0.027990 -0.802205
2.076144 -74.791973 888.719583 840.121239 -0.339932 0.897328 -0.281510 -0.617328 -0.438724 -0.653014 0.709473 0.048196 -0.703083
5.191456 -75.475288 845.000465 544.889906 -0.350273 0.888998 -0.294941 -0.620281 -0.456109 -0.638135 0.701826 0.040575 -0.711192
-1.825815 -56.045406 683.236176 -684.747731 0.702011 0.070223 -0.708696 -0.238981 0.960654 -0.141538 0.670872 0.268726 0.691171
1.661052 -53.831072 1373.593987 -1363.888257 0.698537 0.042854 -0.714289 -0.096549 0.994722 -0.034742 0.709030 0.093233 0.698988
-3.208584 -27.083463 -1712.833396 1099.185617 0.934793 -0.052747 0.351254 -0.206376 -0.885518 0.416253 -0.289086 0.461601 0.838662
-9.402212 -29.042161 -1260.439820 707.467794 0.910675 -0.172278 0.375488 -0.322254 -0.864954 0.384716 -0.258502 0.471354 0.843210
-10.206050 -29.985520 -822.159227 1290.509717 0.899660 -0.192962 0.391634 -0.366785 -0.820610 0.438256 -0.236812 0.537927 0.809046
-4.573367 -192.626741 -478.603863 16218.630361 -0.093118 -0.850415 0.517806 0.952826 0.074779 0.294161 -0.288881 0.520770 0.803334
-2.660304 -208.578597 -319.936874 13520.486633 0.105390 0.866308 -0.488267 0.784405 0.229375 0.576278 -0.611230 0.443733 0.655362
-1.784359 -189.056704 33.128939 -8687.627212 0.129532 0.863547 -0.487348 0.436114 0.391784 0.810129 -0.890520 0.317477 0.325857
-14.493705 -29.864091 1060.267818 -261.813813 -0.528523 0.571048 0.628147 0.810781 0.558845 0.174146 -0.251591 0.601329 -0.758357
25.886373 -288.014201 -7580.145572 -44665.157903 -0.275742 0.957837 -0.080711 0.850559 0.282248 0.443718 -0.447790 -0.053703 0.892525
39.763699 -411.954409 -4083.702335 -85618.059538 -0.162123 0.953179 -0.255277 0.688910 0.294550 0.662301 -0.706483 0.068489 0.704408
26.225573 -535.521431 2198.436006 -107013.191742 -0.241563 0.925556 -0.291537 0.930195 0.306429 0.202088 -0.276379 0.222369 0.934969
2.943185 -195.079512 51.600783 -14693.300394 -0.007932 0.907162 -0.420707 0.998837 -0.012823 -0.046481 -0.047561 -0.420586 -0.906005
1.920292 -242.396098 788.644164 -9245.583470 -0.037899 0.913639 -0.404757 0.974432 0.123556 0.187658 0.221462 -0.387296 -0.894962
2.228362 -205.773029 -358.145298 -9360.500763 -0.034345 0.898130 -0.438387 0.946940 0.169506 0.273081 0.319571 -0.405747 -0.856296
-1.294003 -10.344602 -60.502658 -992.790965 0.325262 -0.550048 -0.769189 -0.296500 0.713078 -0.635301 0.897938 0.434704 0.068848
0.310979 -9.867669 666.910545 -645.860450 0.255444 -0.406261 -0.877326 -0.334544 0.814234 -0.474451 0.907099 0.414700 0.072079
1.095868 -12.595164 818.855206 -1039.307358 0.297454 -0.516177 -0.803170 -0.322704 0.737379 -0.593409 0.898545 0.435698 0.052764
-11.577311 -25.454954 -941.727436 576.237474 -0.445040 0.691381 0.569150 0.588700 -0.253050 0.767723 0.674813 0.676726 -0.294398
-8.217902 -26.605974 -1968.808675 -749.356351 -0.440543 0.735527 0.514705 -0.584462 0.200197 -0.786336 0.681414 0.647241 -0.341692
-10.924334 -27.034793 -1284.882093 470.270585 -0.472487 0.712816 0.518314 0.621693 -0.147290 0.769288 0.624703 0.685710 -0.373561
-17.777304 -3544.442330 41502.974601 1845669.686438 0.035091 0.819309 -0.572277 -0.540887 0.497083 0.678490 -0.840363 -0.285729 -0.460597
-14712.843953 -38473.874239 -1725982.432162 18901852.586061 0.793579 0.448551 -0.411139 0.085983 0.586246 0.805557 -0.602362 0.674624 -0.426664
-642.755869 -6148.103460 -138306.305909 -5682545.608179 -0.523418 0.816138 0.244850 -0.802334 -0.568820 0.180845 -0.286870 0.101794 -0.952546
-190.764657 -748.629708 35616.169081 165315.199243 0.185663 -0.315730 0.930507 0.583807 0.797154 0.153996 -0.790379 0.514645 0.332327
-4523.304635 -18332.983302 2530300.790442 -4885122.492030 0.808007 0.587825 -0.039843 -0.545638 0.721075 -0.427001 0.222272 -0.366759 -0.903373
-2759.143587 -12762.657740 212520.145168 3597690.021036 0.467929 0.266401 -0.842658 0.745767 -0.630645 0.214751 -0.474208 -0.728915 -0.493771
-519.707500 -2710.144068 91928.991497 88731.952867 0.281699 -0.585293 0.760314 -0.095839 0.771278 0.629242 -0.954704 -0.250125 0.161174
15.409027 -58.494923 -640.742992 -5064.505939 -0.671711 0.628981 -0.391390 0.146976 -0.404675 -0.902572 0.726087 0.663793 -0.179380
11.055888 -77.027262 -799.002781 -12403.710280 -0.658624 0.594693 -0.461037 0.117275 -0.524084 -0.843554 0.743278 0.609652 -0.275432
-39.726122 -249.382872 -6377.599604 -48686.865652 0.201726 -0.670947 0.713538 0.552870 0.679357 0.482503 -0.808481 0.297160 0.507990
-23.140390 -35.841600 -462.133860 542.215711 -0.364267 0.511391 -0.778324 0.828333 0.559886 -0.019804 0.425645 -0.651926 -0.627550
-22.981760 -35.052089 -267.662399 -85.923719 -0.367804 0.532030 -0.762669 0.783351 0.619214 0.054179 0.501081 -0.577510 -0.644516
-22.951290 -35.781748 242.322525 -271.983376 -0.366073 0.443447 -0.818135 0.790763 0.611718 -0.022261 0.490596 -0.655100 -0.574595
7.787755 -33.727823 -254.255667 2277.776400 0.903329 -0.226732 -0.364128 -0.047283 0.791080 -0.609882 -0.426334 -0.568141 -0.703885
8.222263 -32.716153 -58.139044 1999.152708 0.914902 -0.165271 -0.368293 -0.109049 0.777240 -0.619682 -0.388667 -0.607110 -0.693076
6.299004 -26.079290 81.673519 1270.148480 0.921108 -0.194776 -0.337079 -0.032554 0.824275 -0.565252 -0.387943 -0.531632 -0.752906
5.885981 -24.622151 68.766020 1599.573554 0.910830 -0.270764 -0.311569 0.063851 0.838137 -0.541709 -0.407813 -0.473511 -0.780689
83.841372 -66.682265 -15404.797338 -6268.629768 -0.029429 0.533641 -0.845199 0.913462 0.357687 0.194030 0.405859 -0.766347 -0.497987
123.681036 -61.842343 -21660.086583 -3213.161877 0.022167 0.734328 -0.678433 0.932373 0.229726 0.279116 0.360817 -0.638740 -0.679576
174.217549 -51.169454 -37768.147687 -1902.188042 0.024859 0.609418 -0.792459 0.955101 0.219629 0.198860 0.295236 -0.761822 -0.576596
-1.966013 -26.161682 390.532563 -1256.275187 0.684585 -0.547151 -0.481632 0.727911 0.548121 0.411958 0.038589 -0.632605 0.773512
-2.964667 -24.461895 53.594750 -91.543191 0.651654 -0.584931 -0.482910 0.758325 0.516696 0.397453 0.017036 -0.625205 0.780275
-2.100355 -29.244043 -26.113184 -1979.325805 0.680196 -0.568089 -0.463258 0.731231 0.570099 0.374551 0.051325 -0.593517 0.803184
27.491450 -14.227268 1270.888470 -562.917448 -0.142942 -0.027075 0.989361 -0.589740 0.805119 -0.063172 -0.794842 -0.592495 -0.131053
30.765346 -18.467438 1005.799972 -1457.558180 -0.140065 -0.066021 0.987939 -0.563677 0.825625 -0.024742 -0.814033 -0.560344 -0.152856
4.481751 -41.163400 484.141779 346.187549 0.564926 -0.632844 -0.529497 0.585046 0.759719 -0.283810 0.581876 -0.149448 0.799428
2.449160 -41.393391 577.244863 639.315867 0.563857 -0.621323 -0.544080 0.579851 0.766944 -0.274899 0.588080 -0.160481 0.792722
4.502890 -40.856650 554.328516 -562.604476 0.558160 -0.630252 -0.539666 0.677843 0.721463 -0.141492 0.478525 -0.286834 0.829904
1.839674 -41.300308 238.692624 -505.792367 0.570726 -0.621828 -0.536286 0.656586 0.737789 -0.156721 0.493119 -0.262673 0.829359
5.562233 -41.066902 571.218175 -248.332251 0.565740 -0.636115 -0.524686 0.638281 0.740676 -0.209752 0.522049 -0.216232 0.825051
5.572450 -40.312833 346.729776 -967.495619 0.566464 -0.636644 -0.523263 0.722716 0.688891 -0.055777 0.395981 -0.346574 0.850344
4.582093 -38.877120 293.173746 -865.515636 0.561424 -0.633247 -0.532730 0.747414 0.664356 -0.002039 0.355214 -0.397025 0.846283
3.328543 -40.532319 508.716333 -1300.721649 0.559594 -0.624113 -0.545287 0.726198 0.686305 -0.040264 0.399363 -0.373455 0.837282
6.049662 -46.905639 -29.842095 -898.135059 0.572382 -0.559303 -0.599632 0.748332 0.655257 0.103138 0.335227 -0.507758 0.793602
7.512879 -49.457682 -167.755617 201.290467 0.582849 -0.545126 -0.602598 0.680556 0.732682 -0.004553 0.443995 -0.407448 0.798032
-6.588191 -53.150012 139.045758 162.402087 0.566658 -0.516639 -0.641859 0.698269 0.714647 0.041231 0.437401 -0.471554 0.765713
-5.941854 -52.629359 50.975345 348.821052 0.572446 -0.528762 -0.626671 0.743951 0.656280 0.125833 0.344736 -0.538245 0.769058
