12800
25575
-42.238375 -67.470274 1579.104064 9078.136959 -0.259872 -0.964917 0.037436 0.965585 -0.259235 0.021063 -0.010620 0.041621 0.999077
-45.206552 -70.886045 8.046520 5207.599749 -0.503573 -0.859323 0.089317 0.859320 -0.487498 0.154642 -0.089346 0.154626 0.983925
-53.559092 -79.117016 779.238555 4086.037240 0.171238 0.977189 -0.125612 0.959671 -0.136584 0.245714 -0.222953 0.162622 0.961169
-39.437617 -59.885565 -298.012684 6354.707710 -0.675915 -0.727238 0.119429 0.735192 -0.676643 0.040584 0.051296 0.115235 0.992013
-36.997169 -90.351298 -3224.180969 13388.422189 0.018333 0.999267 -0.033603 0.992099 -0.014009 0.124676 -0.124114 0.035623 0.991628
-26.526187 -76.624850 5561.980332 16566.539196 -0.098039 -0.993159 -0.063428 0.993706 -0.094224 -0.060587 0.054197 -0.068968 0.996146
-30.308309 -50.152005 -2963.574326 7885.619959 0.444559 0.895613 0.015642 0.888975 -0.438985 -0.130445 0.109962 -0.071896 0.991332
-33.288322 -51.875568 -291.701874 5968.817280 0.683860 0.726202 -0.070477 0.723923 -0.687394 -0.058527 0.090948 0.010996 0.995795
-56.861436 -81.640612 4928.512908 -6480.845444 -0.342431 0.935042 0.091858 -0.122041 0.052673 -0.991126 0.931583 0.350603 -0.096077
-60.203046 -79.779415 3902.832672 -6030.438856 -0.253375 0.929053 0.269560 -0.038711 0.268692 -0.962448 0.966593 0.254295 0.032115
-61.297257 -85.294521 2028.351072 -3321.888033 -0.198755 0.976510 0.083218 -0.205692 0.041456 -0.977738 0.958221 0.211448 -0.192621
-50.574306 -69.489440 4374.135630 -3054.600199 -0.377727 0.821911 0.426362 -0.099904 0.421610 -0.901257 0.920511 0.383025 0.077141
-56.866434 -84.465883 4506.224025 -1363.929459 -0.374470 0.927198 0.008740 -0.269399 -0.099774 -0.957846 0.887241 0.361039 -0.287148
-50.796454 -75.760579 4760.205162 -5144.903850 -0.441757 0.889920 0.113545 -0.150145 0.051441 -0.987325 0.884481 0.453206 -0.110893
55.915904 -74.709471 -10709.938831 6146.425001 -0.336757 0.922765 0.187351 0.746765 0.140542 0.650069 -0.573531 -0.358822 0.736417
34.455035 -96.992565 -3428.699947 8164.835611 -0.305423 0.906760 0.290694 0.670880 -0.011733 0.741473 -0.675749 -0.421484 0.604744
56.998913 -80.038062 -9984.309832 6443.627850 -0.279876 0.935281 0.216610 0.657041 0.022098 0.753531 -0.699977 -0.353216 0.620702
77.476162 -66.473561 -13976.180712 5392.297475 -0.274631 0.955098 0.111201 0.727372 0.130714 0.673680 -0.628894 -0.265898 0.730609
9.108072 -44.337126 -5946.532677 -1720.308506 0.268986 0.872389 0.408146 0.740505 0.083651 -0.666824 0.615872 -0.481601 0.623508
22.255141 -47.943959 -11221.243737 -1408.030049 0.258587 0.847624 0.463320 0.652212 0.200606 -0.731011 0.712567 -0.491213 0.500957
7.685480 -48.133670 -3691.898595 -1808.450786 0.276714 0.874714 0.397874 0.667823 0.122669 -0.734143 0.690972 -0.468857 0.550210
4.624944 -46.852096 745.434553 -2093.944922 0.259659 0.899863 0.350461 0.724735 0.058263 -0.686560 0.638230 -0.432263 0.637033
0.931314 -50.190268 272.318965 -1402.776650 0.259741 0.892805 0.368013 0.656952 0.115948 -0.744963 0.707778 -0.435264 0.556414
1.062507 -39.089077 -903.218667 544.503270 0.659375 0.681388 -0.317703 -0.132145 -0.310963 -0.941191 0.740110 -0.662580 0.114999
-0.600127 -37.196008 -1224.750849 6.746622 0.661470 0.674603 -0.327672 -0.219163 -0.243967 -0.944695 0.717235 -0.696700 0.013529
-2.271502 -38.815590 -728.722807 108.393424 0.655830 0.686875 -0.313193 -0.125224 -0.310143 -0.942407 0.744451 -0.657277 0.117388
-0.066449 -41.548609 -629.075931 1578.746031 0.657846 0.688166 -0.306050 -0.065567 -0.352488 -0.933517 0.750293 -0.634177 0.186762
32.507441 -39.965847 3099.264614 -1230.275662 -0.548961 0.821368 -0.154908 0.822525 0.563810 0.074630 -0.148638 0.086447 0.985106
30.506084 -37.004665 3632.384556 -461.715981 -0.535055 0.830636 -0.154143 0.818794 0.554806 0.147536 -0.208068 0.047271 0.976971
22.792388 -38.542996 7272.851789 -600.083651 -0.563646 0.787078 -0.250622 0.792617 0.600765 0.104115 -0.232512 0.139963 0.962470
39.989004 -87.266895 -3859.590158 2204.169068 0.542610 0.795010 -0.271172 -0.011763 -0.315606 -0.948817 0.839903 -0.518027 0.161899
22.188522 -98.828298 659.666211 3436.538957 0.439901 0.879752 -0.180341 0.209812 -0.295938 -0.931880 0.873193 -0.372097 0.314766
44.662569 -92.307139 -473.541506 1631.769989 0.384489 0.911966 -0.143130 0.034432 -0.169109 -0.984996 0.922487 -0.373792 0.096421
61.117280 -80.068988 -4997.081765 4481.344361 0.493529 0.827580 -0.267470 -0.207521 -0.186599 -0.960269 0.844609 -0.529426 -0.079648
-5.529528 -90.361397 1226.229379 -3330.697680 -0.142696 0.890220 0.432605 0.581064 0.429176 -0.691500 0.801250 -0.152697 0.578517
-4.493280 -86.410494 947.074644 -342.891687 -0.113233 0.906943 0.405749 0.729461 0.353153 -0.585807 0.674585 -0.229645 0.701568
-6.260931 -83.742925 1198.751165 -569.990784 -0.111667 0.904666 0.411231 0.719235 0.359131 -0.594749 0.685735 -0.229357 0.690770
-2.139104 -95.129342 722.034082 -5241.479962 -0.140891 0.890079 0.433486 0.626072 0.419288 -0.657443 0.766931 -0.178766 0.616327
-3.822813 -102.131568 1267.902673 -6323.310574 -0.168892 0.867748 0.467428 0.429314 0.491655 -0.757604 0.887223 -0.072720 0.455573
143.027027 -38.665910 56585.401793 222.896578 0.666372 0.418096 -0.617369 0.406372 0.490564 0.770849 -0.625148 0.764554 -0.156996
4.491789 -39.263270 -11301.517371 -1151.080012 -0.636327 -0.498719 0.588529 0.324069 0.519514 0.790623 -0.700048 0.693819 -0.168962
-0.018827 -40.733384 12574.179384 -718.633829 0.667204 0.518482 -0.534804 0.366337 0.396740 0.841662 -0.648565 0.757479 -0.074767
67.069878 -43.563178 32403.055868 -1383.317508 0.665249 0.465332 -0.583875 0.438005 0.390080 0.809932 -0.604645 0.794546 -0.055683
-3.504646 -48.450963 6949.353671 -2025.576775 0.647453 0.568934 -0.507069 0.407908 0.303322 0.861166 -0.643752 0.764402 0.035686
3.055297 -30.303625 -4258.852019 3098.554621 0.260303 0.837624 0.480239 -0.013324 0.500454 -0.865661 0.965435 -0.218935 -0.141430
-9.470444 -32.286362 -3271.862834 2896.476118 0.250018 0.848551 0.466319 -0.010876 0.484045 -0.874976 0.968180 -0.213688 -0.130248
-3.639027 -37.515303 -3352.730422 2417.291714 0.254713 0.858132 0.445792 0.072555 0.442738 -0.893710 0.964291 -0.259984 -0.050509
-9.685353 -44.416786 -515.688070 1339.364593 0.458869 0.693534 -0.555382 -0.783190 0.610907 0.115782 -0.419585 -0.381841 -0.823496
-8.682199 -42.757777 721.200030 1864.284991 0.444669 0.728022 -0.521779 -0.790330 0.593035 0.153911 -0.421483 -0.343938 -0.839082
-9.619372 -49.122368 -738.265982 -2110.688827 0.475246 0.678672 -0.559951 0.819509 -0.573065 0.000973 -0.320228 -0.459347 -0.828525
-10.067828 -47.741556 -1741.152700 -2133.900446 0.473642 0.662265 -0.580576 0.803468 -0.594899 -0.023122 -0.360697 -0.455523 -0.813877
-7.500044 -43.675173 -1437.260680 679.178254 0.447998 0.669884 -0.592076 -0.773762 0.622278 0.118583 -0.447873 -0.405000 -0.797110
-8.563661 -41.838562 -742.198473 445.666353 0.430973 0.705841 -0.562184 -0.752471 0.624975 0.207829 -0.498045 -0.333458 -0.800473
-8.145505 -46.352977 -1575.321346 -1596.685784 0.457757 0.663335 -0.591984 0.800683 -0.597012 -0.049833 -0.386477 -0.451180 -0.804408
-18.319988 -61.195447 3591.844806 -751.941915 0.610895 0.630254 -0.479153 0.571437 0.067876 0.817834 -0.547966 0.773417 0.318685
-16.606448 -59.367220 1823.267537 -1645.349404 0.665338 0.623886 -0.409990 0.481707 0.060787 0.874222 -0.570337 0.779148 0.260086
-21.579200 -57.096099 1773.757889 -3561.109884 0.593961 0.650067 -0.473945 0.452295 0.217369 0.864974 -0.665312 0.728124 0.164913
-14.256983 -65.368862 4081.216426 -618.746863 0.650836 0.605073 -0.458585 0.611216 -0.059277 0.789241 -0.450365 0.793961 0.408410
-0.905412 -227.667284 1699.082268 -22261.771947 -0.166058 -0.426027 -0.889340 -0.297214 0.881546 -0.366798 0.940260 0.203415 -0.273009
3.352494 -280.949470 2827.705047 -33261.213803 -0.153947 -0.404308 -0.901574 -0.628906 0.743851 -0.226190 0.762087 0.532184 -0.368785
0.671279 -240.351904 1526.065342 -20245.022322 -0.172644 -0.424983 -0.888585 -0.469750 0.828454 -0.304956 0.865753 0.364764 -0.342664
-1.769412 -196.943578 258.360220 -13045.108540 -0.167402 -0.440544 -0.881985 -0.132744 0.896534 -0.422617 0.976911 0.046332 -0.208561
-3.998011 -188.586551 -270.272411 -9015.615301 -0.157144 -0.444751 -0.881761 0.060699 0.886817 -0.458118 0.985709 -0.125512 -0.112362
-4.967040 -181.632893 -877.957234 -3941.639552 -0.157529 -0.423912 -0.891899 -0.059229 0.905605 -0.419966 0.985736 -0.013330 -0.167767
-2.118351 -223.717728 443.815686 -15888.573548 -0.362911 -0.495334 -0.789265 0.753848 -0.653945 0.063783 -0.547731 -0.571839 0.610731
-0.527192 -227.075493 -315.513530 21892.185179 0.356163 0.501378 0.788523 -0.705515 0.697603 -0.124897 -0.612696 -0.511831 0.602190
-2.704770 -243.648959 323.256795 -7652.868268 -0.345691 -0.494959 -0.797191 0.890145 -0.441771 -0.111714 -0.296882 -0.748234 0.593301
22.391243 -54.388518 -1390.479294 2066.014954 -0.036274 -0.543028 -0.838931 0.400782 0.761110 -0.509985 0.915455 -0.354728 0.190027
19.638583 -42.986899 -3152.341661 -1014.699231 0.040840 -0.526680 -0.849082 0.334287 0.808022 -0.485132 0.941586 -0.264024 0.209062
22.591187 -49.769425 -723.635452 -1616.571396 -0.041415 -0.484171 -0.873993 0.286480 0.832261 -0.474627 0.957191 -0.270038 0.104238
23.550033 -58.438190 2775.799267 2268.791481 -0.147786 -0.481209 -0.864059 0.385030 0.776736 -0.498431 0.910995 -0.406349 0.070489
46.215258 -431.181710 21356.473822 101687.488000 0.327948 -0.093714 -0.940036 0.650436 -0.699247 0.296626 -0.685115 -0.708711 -0.168362
48.629182 -790.803074 -8877.965162 -154612.526666 -0.274873 0.168165 0.946660 -0.136662 0.967756 -0.211594 -0.951719 -0.187534 -0.243029
92.893356 -1277.496315 -17419.470235 -437156.108064 -0.134550 0.300743 0.944166 -0.556906 0.765160 -0.323087 -0.819605 -0.569283 0.064534
48.382149 -628.830670 19332.941383 177615.379771 0.109063 -0.177446 -0.978069 0.839613 -0.510274 0.186200 -0.532124 -0.841506 0.093334
3.576970 -183.924251 11960.109827 47324.286364 0.280499 -0.205655 -0.937564 0.891326 -0.306643 0.333928 -0.356171 -0.929342 0.097292
8.567146 -5.533671 4705.433367 -3791.288175 -0.360295 0.481761 0.798807 0.685473 -0.444073 0.576998 0.632704 0.755450 -0.170237
19.218950 1.776326 7220.537469 -5277.196815 -0.551266 0.591313 0.588604 0.568449 -0.250206 0.783749 0.610713 0.766646 -0.198201
20.442304 -7.215360 5631.291155 -4977.896025 -0.494700 0.612525 0.616511 0.586660 -0.288005 0.756890 0.641172 0.736116 -0.216868
44.840210 -84.963298 -9306.684187 -3331.778437 -0.191598 0.891857 0.409734 0.093418 -0.399001 0.912179 -0.977018 -0.213048 0.006868
62.101522 -75.027827 -9491.234320 1006.252054 -0.119056 0.923613 0.364370 0.241580 -0.329005 0.912905 -0.963050 -0.196711 0.183956
48.223410 -92.969616 -10119.877279 -276.234880 -0.228638 0.904993 0.358765 0.322446 -0.277326 0.905052 -0.918560 -0.322612 0.228404
28.823956 -103.421748 -3559.958533 -5943.774064 -0.250512 0.882454 0.398145 0.218212 -0.349206 0.911284 -0.943201 -0.315167 0.105081
4.356194 -49.558490 473.295648 596.247795 -0.461595 -0.664081 0.588156 -0.683389 0.688939 0.241539 -0.565605 -0.290446 -0.771837
4.275141 -52.604173 45.850831 1334.264555 -0.486867 -0.657075 0.575511 -0.712223 0.680065 0.173926 -0.505667 -0.325214 -0.799085
4.691356 -49.376168 346.717299 1086.930619 -0.457273 -0.677420 0.576198 -0.649373 0.697014 0.304115 -0.607631 -0.235103 -0.758624
3.404106 -364.534119 -121.573877 -50670.600462 0.074035 0.961204 0.265717 -0.884943 0.186166 -0.426870 0.459776 0.203541 -0.864394
12.216614 -1223.230632 -2401.253915 -409385.768469 0.020561 0.974592 0.223041 -0.623432 0.186903 -0.759210 0.781607 0.123441 -0.611435
5.522102 -333.833869 -53.455363 -23291.927142 0.062751 0.958147 0.279315 -0.943818 0.147954 -0.295496 0.324454 0.245080 -0.913600
-11.070869 -304.720326 -4686.833202 83602.983240 0.096382 0.094681 -0.990831 -0.122086 0.989073 0.082637 0.987829 0.113002 0.106888
28.095312 -871.606328 87.327714 235545.033089 0.053514 0.100797 -0.993467 -0.211103 0.973548 0.087405 0.975998 0.205047 0.073377
-6.265572 -820.788495 -5076.576939 240932.394049 0.038012 -0.064070 -0.997221 0.139072 0.988570 -0.058213 0.989553 -0.136473 0.046487
2.035029 -78.134622 -2332.742105 1348.299435 0.060432 0.586264 -0.807863 -0.254508 0.791641 0.555454 0.965181 0.172040 0.197050
-19.223297 -297.845338 -6509.277080 102603.608929 0.072266 0.003987 -0.997377 -0.037153 0.999309 0.001303 0.996693 0.036962 0.072364
-19.038785 -68.862936 -6288.328484 12405.394640 0.051185 0.455249 -0.888892 -0.131238 0.885406 0.445906 0.990029 0.093833 0.105066
-9.886031 -62.489134 -5916.397497 333.957476 -0.624581 -0.620393 0.474354 0.684866 -0.143213 0.714457 -0.375310 0.771105 0.514334
-6.432773 -62.849456 2951.087853 511.066823 0.666425 0.610896 -0.427416 0.640484 -0.175628 0.747620 -0.381652 0.771985 0.508312
54.633478 -85.336854 -371.849245 9131.783476 -0.019875 0.990863 0.133401 0.996194 0.030953 -0.081483 -0.084868 0.131274 -0.987707
72.396452 -83.300654 -2473.398219 3180.999737 0.054839 0.983072 0.174822 0.994949 -0.068542 0.073332 0.084074 0.169917 -0.981865
60.569956 -88.387312 -2479.535387 8238.006778 -0.099763 0.956608 0.273768 0.994463 0.104992 -0.004477 -0.033026 0.271806 -0.961785
44.139850 -94.324049 -468.156299 11697.205605 -0.099350 0.968350 0.228970 0.976556 0.139048 -0.164328 -0.190964 0.207276 -0.959463
16.150211 -46.867527 -1171.900010 1235.437759 -0.359086 0.888999 0.284143 0.925264 0.299216 0.233145 0.122246 0.346627 -0.930003
18.746124 -49.992231 -4303.364313 1494.992802 -0.368094 0.885562 0.283349 0.928949 0.337320 0.152543 0.039507 0.319366 -0.946807
14.428665 -49.458468 1382.984629 1205.646171 -0.353450 0.889812 0.288630 0.935417 0.333457 0.117483 0.008293 0.311514 -0.950205
13.006087 -51.678166 1400.664171 1105.540260 -0.353944 0.889343 0.289470 0.928615 0.371017 -0.004435 -0.111343 0.267237 -0.957177
13.839678 -51.124646 4114.724615 750.208910 -0.332798 0.900314 0.280500 0.940440 0.338767 0.028448 -0.069412 0.273261 -0.959432
17.505017 -49.402570 3847.328873 1049.424323 -0.328839 0.905267 0.268991 0.943280 0.301065 0.139939 0.045699 0.299751 -0.952922
15.885522 -46.917864 2720.644234 967.889900 -0.357494 0.889451 0.284736 0.924339 0.293431 0.243919 0.133403 0.350392 -0.927054
4.170560 -65.179853 247.713092 435.204492 -0.404417 0.905985 -0.125052 -0.536286 -0.345672 -0.770005 0.740840 0.244339 -0.625663
7.712377 -62.741700 951.900457 -2995.518033 -0.438368 0.888837 -0.133427 -0.348781 -0.305043 -0.886172 0.828363 0.341933 -0.443730
4.204609 -65.026792 -928.466938 -614.030205 -0.440559 0.880604 -0.174483 -0.467807 -0.391085 -0.792597 0.766202 0.267561 -0.584248
7.184983 -63.811181 -1901.017971 -2305.513198 -0.448838 0.871990 -0.195390 -0.343496 -0.370207 -0.863109 0.824958 0.320280 -0.465688
1.991013 -68.048396 -719.550277 1663.778084 -0.447939 0.877872 -0.169385 -0.580697 -0.429723 -0.691469 0.679810 0.211374 -0.702267
4.591941 -67.213826 -1357.840404 -880.176060 -0.466671 0.861610 -0.199615 -0.496658 -0.442052 -0.746941 0.731812 0.249435 -0.634219
2.001714 -57.378844 3381.075867 4163.598616 -0.687099 0.714326 0.132786 0.433497 0.549713 -0.714070 0.583074 0.433075 0.687366
16.736078 -58.214725 9503.726893 4564.918177 -0.661262 0.746025 0.078608 0.506350 0.521206 -0.686989 0.553482 0.414477 0.722404
-6.862862 -65.933504 -211.297010 -179.252324 0.716786 -0.666360 -0.205382 0.499083 0.695974 -0.516271 0.486963 0.267553 0.831434
91.323819 -52.329994 39030.600319 5386.688441 -0.637483 0.768939 -0.048453 0.497851 0.363110 -0.787589 0.588014 0.526197 0.614294
18.016466 -47.746784 11560.752977 4207.706713 -0.664719 0.746923 0.015960 0.409890 0.382473 -0.828072 0.624610 0.543894 0.560394
3.707079 -65.778071 373.098073 -7593.162281 -0.612426 0.773597 0.162733 -0.019794 0.190783 -0.981433 0.790280 0.604276 0.101528
10.386568 -80.942699 -2031.914244 -14077.845282 -0.610601 0.774523 0.165168 -0.055673 0.166064 -0.984542 0.789979 0.610358 0.058279
7.703659 -85.703658 1348.155674 -13801.403361 -0.631580 0.765317 0.124079 -0.104180 0.074813 -0.991741 0.768279 0.639291 -0.032480
8.623610 -86.504476 2299.227114 -8830.608192 -0.632043 0.770945 0.078521 -0.189705 -0.055685 -0.980261 0.751355 0.634463 -0.181448
4.228291 -74.047367 1472.936403 -8264.983194 -0.610647 0.784969 0.104568 -0.046998 0.095891 -0.994282 0.790507 0.612070 0.021664
-0.690773 -95.783547 -571.917881 8985.350784 -0.629911 0.776478 0.017152 0.059766 0.026443 0.997862 -0.774364 -0.629590 0.063063
-0.618864 -97.031915 641.894204 8748.866416 -0.607995 0.793750 0.017383 0.064643 0.027670 0.997525 -0.791305 -0.607614 0.068134
-1.058837 -77.896827 -52.599976 5354.862702 -0.621116 0.782986 0.033894 0.238130 0.147343 0.959992 -0.746666 -0.604337 0.277969
-0.570949 -77.723453 -84.309899 8155.894436 -0.621374 0.782847 0.032314 0.189496 0.110136 0.975685 -0.760254 -0.612389 0.216782
-0.791926 -100.209385 -68.684341 10839.788612 -0.618753 0.785187 0.025013 0.013727 -0.021029 0.999685 -0.785466 -0.618901 -0.002233
7.873046 -92.488152 -283.186971 -2601.594525 0.653161 -0.756035 -0.042334 0.695704 0.577088 0.427745 -0.298960 -0.308838 0.902907
6.042354 -92.051041 891.902561 -2500.114865 -0.647597 0.761681 0.021451 0.692461 0.576531 0.433717 -0.317987 -0.295728 0.900794
5.563883 -100.484129 -613.998481 -7201.148689 0.661185 -0.749486 -0.033254 0.725427 0.627401 0.283063 -0.191288 -0.211281 0.958525
9.216204 -95.906555 -545.655734 -5967.814887 0.675506 -0.735185 -0.056516 0.705251 0.621825 0.340522 -0.215204 -0.269882 0.938536
6.144020 -106.019066 -884.662606 -7793.492406 0.685199 -0.727171 -0.041522 0.724714 0.674969 0.138588 -0.072751 -0.125052 0.989479
0.719788 -108.979650 637.922442 -4245.806607 -0.652793 0.756707 0.035443 0.757048 0.653338 -0.005361 0.027213 -0.023333 0.999357
-3.101379 -165.262671 511.448806 -7332.498753 -0.186670 0.981992 0.029075 -0.881271 -0.180457 0.436802 -0.434183 -0.055915 -0.899088
-5.005530 -170.893609 1201.638043 -9374.247420 -0.192247 0.980771 0.033609 -0.778233 -0.173230 0.603610 -0.597825 -0.089886 -0.796571
-2.825089 -164.396942 528.552554 -1024.001304 -0.193061 0.980557 0.035160 -0.685824 -0.160484 0.709852 -0.701692 -0.112931 -0.703473
-2.111917 -171.782032 357.520700 -5066.376587 -0.182827 0.982408 0.038069 -0.805954 -0.171939 0.566459 -0.563039 -0.072882 -0.823210
-2.141921 -158.075043 1469.288106 7479.590510 -0.173288 0.983625 0.049521 -0.447090 -0.123368 0.885941 -0.877543 -0.131383 -0.461147
-1.632797 -164.255691 1075.172173 4003.872540 -0.174824 0.983148 0.053451 -0.558148 -0.143680 0.817207 -0.811115 -0.113034 -0.573861
9.097705 -21.681644 84.505948 -2526.287402 -0.320720 0.890526 0.322649 -0.251475 -0.408477 0.877443 -0.913181 -0.200276 -0.354952
7.340774 -21.481714 1682.851288 -2123.630854 -0.275337 0.895304 0.350171 -0.246706 -0.417856 0.874375 -0.929153 -0.154359 -0.335928
8.851610 -26.616101 960.632205 -2059.644754 -0.291979 0.901646 0.319034 -0.185554 -0.380633 0.905918 -0.938253 -0.205311 -0.278441
9.087460 -17.241807 1140.955512 -1481.349623 -0.281284 0.905970 0.316384 -0.303022 -0.396682 0.866499 -0.910526 -0.147861 -0.386109
9.225845 -28.574754 -730.448704 -2901.917022 -0.336502 0.886044 0.318892 -0.193373 -0.396441 0.897464 -0.921614 -0.240333 -0.304741
6.881268 -26.376811 -1122.488293 -3338.766163 -0.351889 0.884677 0.305811 -0.226321 -0.397426 0.889287 -0.908269 -0.243719 -0.340071
9.295539 -15.708466 -609.659581 -1843.157327 -0.332878 0.888935 0.314622 -0.294149 -0.414890 0.861013 -0.895918 -0.194066 -0.399587
8.054639 -19.265260 -1056.711503 -3190.761156 -0.353151 0.879503 0.318997 -0.268594 -0.421925 0.865931 -0.896182 -0.220124 -0.385232
-4.900505 -33.814229 4221.869966 -237.130584 -0.363769 0.866605 0.341566 0.271714 -0.252021 0.928793 -0.890979 -0.430674 0.143791
-8.255155 -34.705959 4.346003 -891.490678 -0.433311 0.878820 0.199792 0.161494 -0.142383 0.976548 -0.886657 -0.455414 0.080228
-4.197205 -35.248234 2289.518999 -879.748677 -0.408624 0.864349 0.293132 0.284527 -0.184528 0.940741 -0.867220 -0.467814 0.170528
9.020235 -34.144277 6983.098304 51.942536 -0.298349 0.823374 0.482746 0.419241 -0.341326 0.841269 -0.857453 -0.453378 0.243358
7.688183 -364.187422 182.890088 -81988.311348 0.081420 -0.991017 0.106096 0.996527 0.082808 0.008736 -0.017443 0.105016 0.994318
5.781610 -220.681117 2081.553879 -27839.396236 -0.012298 0.987012 -0.160174 0.960538 0.056177 0.272418 -0.277878 0.150503 0.948753
4.659324 -278.850386 -1518.818433 -38009.218393 0.082863 -0.985184 0.150153 0.992100 0.067311 -0.105859 0.094184 0.157739 0.982979
5.107629 -260.947992 701.251049 -19423.368862 -0.109048 0.982796 -0.149063 0.911931 0.039233 -0.408464 0.395588 0.180477 0.900521
5.068383 -320.353087 292.142860 -28426.807815 -0.101868 0.988152 -0.114798 0.890353 0.039091 -0.453589 0.443727 0.148417 0.883787
5.285607 -132.820971 4986.372293 -12117.609123 -0.199932 0.922624 -0.329835 0.841667 -0.010621 -0.539892 0.501621 0.385553 0.774419
-6.331644 -118.591483 -1910.185859 47.633710 0.260990 -0.918227 0.297900 0.920069 0.143213 -0.364641 0.292160 0.369256 0.882209
-8.413991 -128.611757 1374.778006 -4726.268840 -0.241403 0.928412 -0.282448 0.867011 0.075599 -0.492521 0.435910 0.363781 0.823193
-13.305431 -126.615410 -215.852990 2448.418156 0.316683 -0.914613 0.251386 0.928509 0.244746 -0.279231 0.193862 0.321841 0.926734
-13.493405 -135.417938 833.815987 -2488.566044 -0.293447 0.925470 -0.239572 0.891997 0.174933 -0.416821 0.343847 0.336012 0.876850
-16.635569 -35.044062 -164.414774 2334.978239 -0.257812 0.926207 -0.275089 -0.300593 -0.347473 -0.888204 0.918247 0.146300 -0.367994
-14.756915 -33.249433 -1217.853995 3439.062235 -0.273002 0.831171 -0.484382 -0.236681 -0.546062 -0.803616 0.932444 0.104744 -0.345798
-18.679191 -30.383608 -307.707189 640.796539 -0.193218 0.961243 -0.196670 -0.380505 -0.258172 -0.888011 0.904369 0.096745 -0.415641
-18.333801 -35.186321 582.188493 70.909212 -0.183619 0.982396 -0.034379 -0.433025 -0.112235 -0.894367 0.882481 0.149336 -0.446011
-0.354943 -286.120955 691.171040 -20846.440794 -0.083083 0.995783 0.038915 -0.962427 -0.070047 -0.262350 0.258517 0.059250 -0.964188
-4.179529 -341.943769 83.200067 48272.728412 0.005135 0.999527 0.030306 0.999884 -0.005566 0.014148 0.014310 0.030230 -0.999441
2.859018 -270.165778 770.347712 -14722.434868 -0.056129 0.998227 0.019791 -0.933106 -0.045395 -0.356724 0.355193 0.038489 -0.934000
166.921964 -2524.429172 15523.112790 -341296.407711 0.037606 -0.442870 0.895797 0.865655 0.462276 0.192203 -0.499226 0.768223 0.400757
21.756101 -3807.520727 -16445.132444 -1980993.544277 -0.196179 0.742391 -0.640601 0.609498 -0.419441 -0.672742 0.768132 0.522423 0.370200
-675.132946 -63530.089607 76808.131818 25254649.748476 -0.089192 0.803715 -0.588292 0.667539 0.486597 0.563574 -0.739214 0.342441 0.579911
-169.430534 -4181.991755 143762.030606 3088334.466564 0.249294 -0.739630 0.625140 0.916459 -0.028442 -0.399117 0.312979 0.672412 0.670751
-17.594181 -2863.905737 -9679.463728 1234059.773054 -0.058200 0.811875 -0.580924 -0.671132 0.398971 0.624823 -0.739050 -0.426241 -0.521655
-877.430391 -85424.832874 236549.237307 11725994.032502 -0.154247 0.832275 -0.532472 -0.724852 0.270901 0.633405 -0.671415 -0.483664 -0.561490
-225.757785 -6218.073295 -69278.922950 3833734.168629 -0.030859 0.807208 -0.589460 0.503801 0.521908 0.688329 -0.863268 0.275730 0.422778
16.303181 -34.771766 5770.453109 1607.680097 -0.245179 0.922795 0.297216 -0.593784 -0.385278 0.706386 -0.766360 0.003290 -0.642403
35.000991 -30.946090 6962.657756 1025.377051 -0.307496 0.904658 0.295025 -0.505517 -0.417985 0.754812 -0.806163 -0.082962 -0.585849
25.467956 -32.031170 2204.057103 1611.956002 -0.387570 0.882365 0.266874 -0.562530 -0.455729 0.689834 -0.730308 -0.117234 -0.672984
-6.755816 -11.118533 947.134612 108.200155 -0.324786 -0.368217 -0.871166 -0.064630 0.927589 -0.367970 0.943577 -0.063208 -0.325066
3.490761 -10.151269 -3558.412610 -861.721187 0.229139 0.877184 0.421952 -0.261233 0.473000 -0.841444 0.937685 -0.082580 -0.337532
-7.250227 -10.169451 1870.653349 1453.863946 -0.314545 -0.573069 -0.756739 -0.163293 0.817985 -0.551576 0.935092 -0.049925 -0.350871
-8.049251 -36.981083 -485.486950 -833.334930 -0.473387 0.866940 0.155950 0.146901 -0.096864 0.984397 -0.868519 -0.488910 0.081500
-9.919726 -38.718088 13.298256 -557.498249 -0.482822 0.870466 0.095774 0.123250 -0.040732 0.991539 -0.867002 -0.490541 0.087618
-7.266198 -39.509569 937.992106 -1815.825736 -0.467869 0.870338 0.153657 0.240789 -0.041754 0.969679 -0.850365 -0.490681 0.190032
790.444861 -3354.388017 31813.142084 -7012890.279997 -0.961952 -0.093234 -0.256820 -0.055092 0.986858 -0.151907 0.267608 -0.131979 -0.954446
-272.579945 -1694.066407 69773.695589 -59740.766200 0.713163 0.643214 0.278700 -0.593019 0.341575 0.729147 -0.373801 0.685275 -0.625037
-0.547745 -2563.941159 -116887.807582 605518.622959 -0.938744 -0.031872 -0.343137 -0.114786 0.967774 0.224136 0.324936 0.249793 -0.912151
-76.007147 -284.898880 57984.676704 -67912.462647 0.797854 0.537299 -0.273383 -0.483599 0.299671 -0.822393 0.359946 -0.788357 -0.498931
-305.560771 -2200.114335 3386.136049 842636.082834 0.591013 0.309775 -0.744811 0.608859 -0.776980 0.159979 -0.529145 -0.548034 -0.647815
-0.909656 -28.706029 -1619.463442 -3701.407162 -0.355873 0.910238 0.211711 -0.255138 -0.312567 0.914990 -0.899032 -0.271604 -0.343470
-5.406749 -27.654097 -1570.267414 -3490.766448 -0.337803 0.923970 0.179355 -0.287416 -0.282719 0.915130 -0.896259 -0.257584 -0.361067
-0.147842 -21.539313 -1814.281019 -3219.675820 -0.368799 0.896738 0.244640 -0.289805 -0.361005 0.886391 -0.883176 -0.256002 -0.393018
-49.498650 -76.071801 -579.886957 2046.836119 -0.529318 -0.837316 0.136837 0.823114 -0.467704 0.322081 -0.205685 0.283116 0.936771
-42.166754 -66.536472 102.479548 5360.978732 -0.697304 -0.698543 0.160640 0.716642 -0.675119 0.175037 -0.013820 0.237176 0.971369
-63.183572 -84.594128 624.745866 -6803.884831 -0.063335 0.974037 0.217348 -0.046321 0.214682 -0.975585 0.996917 0.071856 -0.031521
-59.771368 -75.228447 5107.739219 -2587.860281 -0.209694 0.808448 0.549946 0.011426 0.564438 -0.825396 0.977700 0.166797 0.127597
-50.363671 -70.468561 -4720.058809 1183.321392 0.319191 -0.647038 -0.692430 -0.064336 0.714170 -0.697010 0.945504 0.267027 0.186329
35.538453 -82.749019 -3741.772975 4370.755274 -0.370671 0.905022 0.208656 0.769123 0.173176 0.615190 -0.520627 -0.388515 0.760265
28.040729 -121.437395 1626.014093 11912.415004 -0.320919 0.868888 0.376889 0.630282 -0.101098 0.769755 -0.706934 -0.484576 0.515200
31.513918 -106.168388 -4495.209808 2493.394008 -0.287372 0.884198 0.368254 0.467694 -0.205985 0.859554 -0.835871 -0.419242 0.354339
31.073169 -45.793035 -10709.667301 -863.152645 0.163334 0.859234 0.484808 0.723885 0.229501 -0.650630 0.670307 -0.457216 0.584501
-23.667027 -32.708461 2642.367070 5016.057318 0.757677 0.087203 0.646777 -0.278752 0.939328 0.199902 -0.590104 -0.331752 0.736015
-19.983896 -28.230598 2871.178227 4414.453823 0.828644 -0.169721 0.533427 -0.020825 0.942922 0.332361 -0.559389 -0.286518 0.777812
-21.109210 -26.635940 7629.119045 1707.733034 -0.340809 0.939820 0.024234 0.695045 0.234521 0.679641 -0.633057 -0.248472 0.733144
-16.832902 -37.026511 3456.383866 1474.564493 0.820753 0.014906 0.571089 -0.252136 0.906481 0.338703 -0.512633 -0.421984 0.747755
-27.191611 -32.995918 673.525629 4291.520512 0.400714 0.617185 0.677135 -0.625862 0.724149 -0.289665 -0.669123 -0.307720 0.676448
-23.329837 -40.479887 2088.252710 2367.604866 0.714239 0.156931 0.682082 -0.403041 0.888957 0.217514 -0.572207 -0.430264 0.698177
17.860466 -35.405403 5420.663969 -544.789043 -0.564240 0.791902 -0.233505 0.769105 0.606995 0.200087 -0.300185 0.066693 0.951546
26.347524 -34.724327 1172.917903 -1084.081118 -0.514035 0.853488 -0.085593 0.821904 0.518637 0.235563 -0.245442 -0.050738 0.968083
23.577362 -93.977461 -1885.968041 3159.562335 0.562432 0.769916 -0.301495 0.121243 -0.437486 -0.891014 0.817906 -0.464581 0.339403
4.796707 -102.866443 2527.950873 3100.265272 0.389707 0.906279 -0.163670 0.444037 -0.340607 -0.828745 0.806821 -0.250292 0.535158
10.821596 -100.400798 1794.018446 5995.761652 0.323829 0.943947 -0.064025 0.354497 -0.183798 -0.916815 0.877192 -0.274194 0.394146
13.013258 -98.349587 -504.972365 3724.012649 0.517393 0.819961 -0.244884 0.320832 -0.451157 -0.832781 0.793329 -0.352309 0.496495
-7.285269 -84.875097 1067.849744 2383.850192 -0.096960 0.910391 0.402227 0.822093 0.301062 -0.483245 0.561037 -0.283812 0.777617
-3.897705 -86.365802 807.983551 3697.769998 -0.089728 0.915792 0.391502 0.830150 0.285950 -0.478627 0.550273 -0.282059 0.785902
-1.616989 -88.595323 998.969070 -838.872652 -0.115549 0.911858 0.393909 0.753480 0.338867 -0.563415 0.647237 -0.231700 0.726222
12.258584 -39.438919 -14299.966562 423.656589 -0.642336 -0.476018 0.600676 0.275128 0.588288 0.760409 -0.715339 0.653700 -0.246913
-24.575864 -39.196880 -1465.615397 -1179.209001 -0.545991 -0.470430 0.693245 0.338999 0.632649 0.696301 -0.766142 0.615184 -0.185946
-24.420893 -41.186552 -227.640156 -1715.413121 -0.519393 -0.532112 0.668646 0.360360 0.573102 0.735999 -0.774836 0.623227 -0.105913
269.518576 -37.906037 88892.040677 2608.029107 0.651803 0.380491 -0.656033 0.379701 0.585083 0.716593 -0.656491 0.716174 -0.236886
-17.070747 -31.180066 -2726.116325 2884.845105 0.216290 0.849403 0.481387 -0.047543 0.501636 -0.863771 0.975171 -0.163939 -0.148882
-16.266569 -36.503281 -2436.978223 2661.938533 0.218228 0.885932 0.409270 0.020793 0.415062 -0.909556 0.975676 -0.207000 -0.072157
-20.175074 -35.816374 -1317.801512 2389.151128 0.159388 0.895738 0.415030 0.000994 0.420258 -0.907404 0.987216 -0.145041 -0.066093
-13.048157 -40.102548 -2525.250699 2128.942319 0.242391 0.878792 0.411061 0.096458 0.399768 -0.911527 0.965372 -0.260595 -0.012134
-18.656839 -41.356427 -1847.017115 1785.521723 0.192917 0.900876 0.388851 0.107171 0.374578 -0.920981 0.975345 -0.219346 0.024285
-21.175971 -57.671671 -103.077709 -4435.847302 0.506287 0.701894 -0.501018 0.445936 0.284186 0.848752 -0.738116 0.653134 0.169120
-23.866469 -52.950300 -606.975174 -2786.952263 0.520145 0.665249 -0.535624 0.406684 0.358559 0.840264 -0.751038 0.654888 0.084044
-20.585930 -55.489246 -1163.573652 -3952.336941 0.465981 0.714462 -0.521925 0.392285 0.361911 0.845655 -0.793079 0.598802 0.111629
-18.472177 -59.444283 -1858.493512 -3745.633768 0.448945 0.755473 -0.477188 0.428005 0.286975 0.857005 -0.784385 0.588987 0.194510
2.979976 -315.091572 13.555137 33504.362734 0.207524 0.371034 0.905134 0.878274 -0.478127 -0.005371 0.430776 0.796070 -0.425093
1.569913 -253.477071 -705.415874 -14732.453848 -0.179485 -0.367069 -0.912713 -0.714928 0.685984 -0.135294 0.675769 0.628241 -0.385552
1868.764070 -26232.331970 149565.270776 13157255.248604 -0.183330 0.495875 0.848822 0.482618 0.797638 -0.361737 -0.856428 0.343340 -0.385549
77.342072 -1256.901596 -14990.215594 103235.720287 -0.131141 0.181587 0.974591 0.498324 0.861930 -0.093542 -0.857015 0.473395 -0.203523
182.506468 -3849.530013 -44792.353268 -1674650.930080 -0.019517 0.444682 0.895476 -0.075488 0.892435 -0.444817 -0.996956 -0.076279 0.016150
-19.216477 -47.632771 -4300.948974 -89.599492 0.538560 -0.795870 0.276666 0.786288 0.356699 -0.504497 0.302828 0.489241 0.817887
-5.826947 -47.624355 -7281.746075 46.982355 0.583782 -0.753025 0.303564 0.753371 0.363008 -0.548322 0.302704 0.548797 0.779225
-7.767087 -46.965001 -5963.557974 -263.963580 0.572846 -0.765499 0.293016 0.789989 0.420306 -0.446386 0.218551 0.487190 0.845507
50.087135 -41.643541 11183.796715 -2693.381691 0.230409 0.972841 0.022170 0.399310 -0.115300 0.909537 -0.887391 0.200713 0.415031
62.988005 -56.663527 1862.265587 -1476.408902 0.007447 0.996334 0.085224 0.482129 -0.078244 0.872599 -0.876069 -0.034591 0.480944
57.914937 -57.858592 675.836045 114.636428 0.052638 0.970269 0.236234 0.344457 -0.239685 0.907690 -0.937325 -0.033593 0.346833
47.517251 -40.538474 10569.998780 2145.168638 0.303811 0.929095 0.210906 0.307877 -0.305234 0.901135 -0.901616 0.208842 0.378780
28.659237 -28.014202 10372.269554 -985.285689 0.358305 0.932770 0.039461 0.350269 -0.173488 0.920442 -0.865407 0.315977 0.388882
-2.049825 -42.991318 -960.807505 -247.417127 0.420098 0.687286 -0.592585 -0.654725 0.681711 0.326504 -0.628373 -0.250817 -0.736368
-2.256271 -43.299608 -677.745293 11.107451 0.404023 0.707305 -0.580073 -0.569669 0.690705 0.445426 -0.715712 -0.150487 -0.681990
-5.064446 -41.869467 -1385.319794 -551.486229 0.398719 0.708736 -0.581994 -0.636264 0.670821 0.381009 -0.660448 -0.218386 -0.718412
-6.976880 -42.190029 -362.100546 -961.890397 0.398094 0.741006 -0.540769 -0.677413 0.634963 0.371393 -0.618573 -0.218475 -0.754743
-7.120066 -41.128260 -1107.555476 95.671953 0.418119 0.702926 -0.575388 -0.695072 0.655378 0.295557 -0.584851 -0.276358 -0.762611
-4.212980 -42.216013 -1528.797300 117.260617 0.423288 0.683621 -0.594550 -0.680036 0.673353 0.290080 -0.598647 -0.281528 -0.749909
4.862620 -293.981879 -556.022326 -69423.689269 0.072452 0.963214 0.258785 -0.391386 0.266112 -0.880909 0.917370 0.037461 -0.396269
9.760389 -404.113700 -1737.327298 -106538.480603 0.045775 0.965820 0.255138 -0.471041 0.246098 -0.847087 0.880923 0.081405 -0.466207
11.776644 -1035.741562 -5030.774304 -364441.061105 0.031719 0.972490 0.230775 -0.687971 0.188734 -0.700768 0.725045 0.136539 -0.675031
25.621338 -1414.076135 -5595.819834 370887.322680 0.002222 -0.095897 -0.995389 0.149540 0.984230 -0.094489 0.988753 -0.148641 0.016527
-9.517266 -65.030410 231.785283 87.818648 0.679127 0.625521 -0.384071 0.560015 -0.103285 0.822019 -0.474521 0.773341 0.420444
-3.522294 -64.703650 -3029.174463 982.834409 0.664991 0.652365 -0.363602 0.606945 -0.188354 0.772101 -0.435206 0.734127 0.521204
12.303515 -62.973902 4336.092632 -1972.007918 0.642208 0.642674 -0.417779 0.577632 -0.047466 0.814916 -0.503895 0.764668 0.401712
10.665372 -67.399755 -651.679653 1016.119761 0.644469 0.682521 -0.344709 0.620709 -0.203722 0.757112 -0.446520 0.701899 0.554939
112.277824 -110.396415 15423.976415 6897.276110 -0.238501 0.734804 0.634965 0.816370 -0.202426 0.540892 0.525983 0.647370 -0.551593
107.235354 -115.497724 14889.256535 -1112.412842 -0.229752 0.717615 0.657452 0.929207 -0.039174 0.367477 0.289462 0.695337 -0.657813
125.158000 -111.074206 4301.532421 3567.626496 -0.069173 0.892809 0.445092 -0.885773 0.150284 -0.439114 0.458936 0.424625 -0.780430
82.938502 -113.323152 17481.270551 12283.705688 -0.346627 0.535774 0.769933 0.844382 -0.179236 0.504869 0.408496 0.825119 -0.390270
130.998968 -102.386262 14923.414343 -4658.866345 -0.162183 0.844844 0.509838 -0.706927 0.260996 -0.657370 0.688441 0.467033 -0.554914
92.984780 -86.887159 19558.464529 12659.544033 -0.359000 0.631688 0.687087 0.687358 -0.319069 0.652484 0.631394 0.706516 -0.319650
21.824710 -46.963787 -6194.367337 601.322173 -0.368821 0.883385 0.289141 0.916620 0.294059 0.270807 0.154202 0.364912 -0.918183
12.853996 -59.850958 3185.404389 -1586.188897 -0.454554 0.882433 -0.121213 -0.241358 -0.253017 -0.936872 0.857396 0.396603 -0.327992
9.056583 -62.302060 -811.457116 -1387.953665 -0.460155 0.867593 -0.188520 -0.236269 -0.324342 -0.915958 0.855824 0.376942 -0.354233
150.483344 -53.137490 58048.857830 5134.816639 -0.594754 0.798571 -0.092474 0.606214 0.369968 -0.704008 0.527988 0.474771 0.704146
35.487006 -61.179245 14985.296172 1719.652902 -0.644717 0.759670 0.085098 0.598410 0.570835 -0.562186 0.475653 0.311527 0.822621
8.982284 -61.143915 -2910.241934 -7303.809334 -0.592855 0.767578 0.243613 -0.005236 0.298828 -0.954293 0.805292 0.567033 0.173143
16.823925 -71.107754 -3987.176156 -12611.675245 -0.613840 0.760054 0.213350 0.016330 0.282425 -0.959150 0.789262 0.585281 0.185775
14.403355 -90.956201 -3461.423464 -12257.795029 -0.616587 0.771797 0.155402 -0.105898 0.114290 -0.987787 0.780132 0.625513 -0.011262
-0.124706 -90.515821 603.776256 9954.151657 -0.607878 0.793605 0.025997 0.117060 0.057186 0.991477 -0.785354 -0.605740 0.127662
-0.824351 -80.980002 293.421054 6169.756767 -0.605441 0.793601 0.060324 0.266666 0.130858 0.954864 -0.749887 -0.594200 0.290853
8.422201 -83.001775 793.841146 835.727573 -0.648555 0.760158 0.039200 0.633524 0.510531 0.581382 -0.421929 -0.401893 0.812686
4.783010 -81.655952 126.722762 -980.991617 -0.651368 0.758159 0.030242 0.619876 0.508732 0.597449 -0.437576 -0.407906 0.801336
1.855900 -94.653293 2298.681860 -3887.177637 -0.630733 0.775994 -0.002933 0.692006 0.564169 0.450380 -0.351147 -0.282040 0.892832
-4.143765 -164.100596 1227.314401 -12710.631703 -0.193902 0.980593 0.028977 -0.924203 -0.192498 0.329838 -0.329015 -0.037175 -0.943593
-5.692237 -164.474155 1454.157989 -12202.904220 -0.196586 0.980121 0.026776 -0.915953 -0.193322 0.351648 -0.349834 -0.044603 -0.935749
6.244473 -18.803151 1929.813597 -1286.302712 -0.261473 0.903871 0.338599 -0.290926 -0.408291 0.865252 -0.920323 -0.127733 -0.369716
-9.895406 -34.947979 -832.961610 -30.504666 -0.446359 0.879578 0.164643 0.080451 -0.143799 0.986331 -0.891230 -0.453503 0.006577
-11.873223 -37.531771 -1421.702194 1418.709098 -0.451501 0.888235 0.084767 -0.025190 -0.107652 0.993869 -0.891915 -0.446598 -0.070980
-9.743697 -37.379546 -698.071969 595.160413 -0.474370 0.874850 0.098033 0.041842 -0.088828 0.995168 -0.879331 -0.476179 -0.005532
1.956561 -186.780111 982.724356 -20073.023871 -0.018348 0.986745 -0.161238 0.942775 0.070773 0.325832 -0.332924 0.146032 0.931577
3.753547 -169.463101 1318.332113 -6427.275252 0.043664 0.987562 -0.151047 0.858987 0.040090 0.510426 -0.510133 0.152035 0.846552
1.082015 -168.822486 857.515264 1922.936924 0.043701 0.988578 -0.144233 0.819116 0.047199 0.571682 -0.571961 0.143127 0.807698
-0.154722 -162.330517 1343.029777 -9412.524345 0.012430 0.984772 -0.173407 0.908216 0.061431 0.413968 -0.418317 0.162637 0.893622
4.706205 -106.231181 -7170.368407 -2308.742079 0.210783 -0.905548 0.368176 0.921091 0.057858 -0.385024 0.327356 0.420280 0.846288
-1.658471 -114.571629 -5135.526990 11247.770468 0.272207 -0.901668 0.336004 0.948348 0.192271 -0.252324 0.162908 0.387333 0.907433
-10.571858 -127.343148 -837.385461 8406.513488 0.329456 -0.905565 0.267227 0.942263 0.297362 -0.154001 0.059995 0.302535 0.951248
-15.326862 -40.509977 1179.279179 -1143.817283 -0.110024 0.973071 0.202551 -0.616619 0.093006 -0.781748 0.779536 0.210908 -0.589782
-15.607884 -42.208215 1353.167038 -917.150590 -0.090789 0.972684 0.213641 -0.692022 0.092650 -0.715906 0.716144 0.212841 -0.664707
-12.810020 -42.840245 957.350587 -317.443865 -0.140317 0.967991 0.208097 -0.675240 0.060158 -0.735141 0.724128 0.243668 -0.645185
-16.932668 -39.777564 589.534891 -1718.000428 -0.050010 0.979057 0.197348 -0.613910 0.125725 -0.779299 0.787790 0.160126 -0.594766
-13.924695 -41.858552 1005.123928 -148.194798 -0.172797 0.972820 0.154148 -0.565609 0.030120 -0.824124 0.806367 0.229594 -0.545031
-16.923624 -38.172080 830.723998 -1111.119018 -0.125558 0.982464 0.137836 -0.537681 0.049372 -0.841702 0.833747 0.179794 -0.522053
131.021298 -9470.188147 -5833.498927 -3880948.710894 -0.216426 0.778943 -0.588563 -0.778832 -0.501271 -0.377024 0.588710 -0.376794 -0.715155
-31.833133 -4610.055959 -1481.489081 -1142431.141460 -0.215851 0.829020 -0.515882 -0.589535 -0.531818 -0.607962 0.778368 -0.172901 -0.603530
260.821404 -846.029101 110709.584442 181050.690807 -0.259906 0.319487 -0.911250 -0.345808 0.850299 0.396748 0.901591 0.418234 -0.110517
17.960009 -28.846657 8310.070429 2203.677019 -0.225518 0.927472 0.298223 -0.527179 -0.373595 0.763223 -0.819282 -0.014903 -0.573196
25.815116 -26.958875 10021.769536 1003.982002 -0.218181 0.933505 0.284545 -0.486643 -0.356803 0.797415 -0.845917 -0.035509 -0.532131
3.405221 -32.628550 4658.171994 2523.485409 -0.193054 0.950450 0.243668 -0.570073 -0.310775 0.760550 -0.798591 -0.007918 -0.601822
578.177164 -1594.289671 142545.014780 -846828.128708 0.779929 0.358016 0.513357 -0.046004 0.850807 -0.523461 -0.624175 0.384646 0.680039
57.536611 -314.283978 16626.994839 -8657.673351 0.790868 0.387046 0.474050 -0.132358 -0.648098 0.749967 -0.597502 0.655869 0.461331
