10901
21788
-37.125925 -52.584285 155.893451 -3057.538370 0.189485 -0.581482 0.791186 -0.556059 0.600566 0.574560 -0.809255 -0.548816 -0.209539
-29.001176 -52.669324 -1403.435126 -4868.029233 -0.042045 -0.542766 0.838831 -0.656437 0.647940 0.386348 -0.753209 -0.534395 -0.383534
-31.922372 -43.347379 -330.247478 -3028.022585 -0.233219 0.674241 -0.700719 -0.636962 0.438562 0.633989 -0.734771 -0.594190 -0.327185
-28.677741 -37.757010 405.202849 -3019.030057 -0.255530 0.714085 -0.651757 -0.709513 0.319421 0.628142 -0.656731 -0.622939 -0.425031
-31.574491 -44.358995 -675.884091 -2307.138071 -0.478972 0.717805 -0.505313 -0.504255 0.246209 0.827713 -0.718549 -0.651258 -0.244029
-33.129586 -34.934965 222.137802 1467.867936 0.829059 0.358795 -0.428867 -0.558796 0.559320 -0.612297 -0.020185 -0.747280 -0.664202
-33.861026 -37.551585 528.414933 1864.853613 0.800484 0.452166 -0.393411 -0.590621 0.483458 -0.646092 0.101943 -0.749543 -0.654058
-33.900557 -40.934747 -150.776591 1365.315288 0.923063 0.248238 -0.293824 -0.380753 0.481232 -0.789584 0.054608 -0.840710 -0.538725
-5.345246 -100.888404 -879.161130 2526.503130 -0.488205 -0.212730 -0.846405 0.659244 -0.725411 -0.197931 -0.571886 -0.654618 0.494390
-2.200048 -98.937807 839.155214 31.657723 0.491687 0.205115 0.846269 -0.475995 0.877119 0.063964 -0.729159 -0.434271 0.528902
-5.601045 -99.375893 874.894456 -173.799258 0.492435 0.214575 0.843484 -0.485674 0.871958 0.061722 -0.722239 -0.440052 0.533596
-7.295691 -100.483593 -276.343638 750.000086 0.438641 0.184398 0.879540 -0.472741 0.879705 0.051331 -0.764271 -0.438311 0.473047
-6.491961 -101.031677 -304.618483 1928.206194 -0.456822 -0.189833 -0.869067 0.641300 -0.747335 -0.173854 -0.616481 -0.636753 0.463138
-6.965575 -102.940412 -553.181871 -9659.180951 0.559786 0.305975 0.770077 0.711122 0.299679 -0.636002 -0.425377 0.903643 -0.049830
-8.660987 -121.876242 -847.243035 -10316.377255 0.575947 0.280611 0.767816 0.783312 0.079296 -0.616551 -0.233895 0.956540 -0.174136
-6.282856 -116.208756 -404.183104 -4433.875528 0.555330 0.312606 0.770640 0.820319 -0.053590 -0.569390 -0.136697 0.948370 -0.286197
-7.991561 -126.131915 -689.779833 1397.780976 0.570783 0.283917 0.770453 0.815470 -0.305714 -0.491475 0.096000 0.908807 -0.406022
-6.263761 -112.382581 -159.783118 -8024.210791 0.545475 0.330074 0.770395 0.773210 0.156522 -0.614530 -0.323424 0.930888 -0.169838
-4.947691 -119.022607 168.888756 3522.354907 0.543706 0.295489 0.785538 0.816842 -0.401269 -0.414431 0.192752 0.866989 -0.459540
-5.797662 -115.577505 402.145537 -1140.398514 0.543115 0.314253 0.778634 0.839658 -0.203761 -0.503444 0.000447 0.927214 -0.374531
-4.696204 -46.540394 197.795024 -758.997962 -0.453035 0.882327 -0.127506 -0.123381 0.079594 0.989162 -0.882913 -0.463857 -0.072803
-4.885703 -48.087978 257.450586 252.787381 -0.449632 0.878196 -0.163104 0.088743 0.225620 0.970165 -0.888794 -0.421743 0.179380
-3.552936 -48.503651 309.993997 -637.740934 -0.426839 0.894228 -0.134781 -0.111831 0.095701 0.989108 -0.897387 -0.437262 -0.059154
-3.211622 -44.982021 260.649965 -1373.782474 -0.436809 0.894383 -0.096317 -0.315233 -0.051909 0.947593 -0.842512 -0.444280 -0.304614
-4.086662 -42.761574 139.323592 -1241.688794 -0.464344 0.881894 -0.081527 -0.312990 -0.077290 0.946606 -0.828506 -0.465068 -0.311913
9.214505 -65.599007 444.863139 3465.887859 -0.303915 0.913916 -0.269060 0.947370 0.260081 -0.186677 -0.100630 -0.311633 -0.944859
13.129790 -58.977829 106.309719 5716.432568 -0.350116 0.898813 -0.263730 0.926682 0.373437 0.042481 0.136669 -0.229520 -0.963661
10.215459 -60.239501 252.763419 3753.871546 -0.371154 0.901160 -0.223953 0.927468 0.348017 -0.136702 -0.045250 -0.258447 -0.964965
6.357366 -64.735496 108.227699 -502.105309 -0.332727 0.907354 -0.256909 0.894430 0.217321 -0.390852 -0.298810 -0.359834 -0.883873
6.718429 -60.583001 -113.192755 -388.892056 -0.404896 0.889650 -0.211144 0.879018 0.315141 -0.357790 -0.251768 -0.330467 -0.909618
10.708018 -55.169479 300.736228 3010.369957 -0.441439 0.881365 -0.168305 0.897051 0.429148 -0.105503 -0.020759 -0.197551 -0.980073
-2.334230 -84.815598 99.118529 -2556.608354 -0.225869 0.940104 -0.255319 -0.166747 0.220913 0.960933 -0.959780 -0.259619 -0.106862
-3.347444 -78.083093 169.858298 -4106.848823 -0.231865 0.943415 -0.237081 -0.431087 0.118827 0.894452 -0.872011 -0.309594 -0.379142
-3.119371 -82.371498 58.772986 -2646.563938 -0.240470 0.930360 -0.276775 -0.184638 0.236093 0.954028 -0.952934 -0.280518 -0.115007
-1.079556 -50.400012 -30.296157 1386.533301 -0.438540 0.863056 -0.250633 0.701613 0.503058 0.504650 -0.561624 -0.045462 0.826143
-0.484154 -53.970426 87.760832 262.223956 -0.414269 0.881278 -0.227442 0.572415 0.446561 0.687695 -0.707618 -0.154700 0.689453
-1.304313 -49.141623 -55.293312 954.465783 -0.429527 0.872788 -0.231835 0.676774 0.481084 0.557257 -0.597899 -0.082457 0.797319
-1.122020 -44.621723 -226.142674 1673.116187 -0.461723 0.852825 -0.243930 0.762027 0.522119 0.383023 -0.454012 0.009030 0.890950
-0.934799 -47.266644 56.653359 1220.312260 -0.430644 0.870830 -0.237067 0.683520 0.486222 0.544416 -0.589361 -0.072409 0.804618
5.444131 -22.919381 -202.932342 2794.874408 -0.566488 0.773804 0.283405 0.239699 -0.174315 0.955070 -0.788439 -0.608968 0.086732
2.695301 -16.652936 -88.423831 2404.947253 -0.584019 0.767493 0.264342 0.246409 -0.142663 0.958608 -0.773437 -0.624982 0.105799
5.744820 -25.601121 124.955177 3199.783903 -0.605731 0.785131 0.129067 0.106846 -0.080480 0.991013 -0.788463 -0.614078 0.035139
2.089747 -24.708352 261.535796 1534.329104 -0.122338 0.909456 -0.397396 -0.735863 0.185565 0.651207 -0.665987 -0.372096 -0.646534
2.023013 -19.532287 487.862457 1627.265408 -0.067046 0.892964 -0.445106 -0.684457 0.283427 0.671705 -0.725963 -0.349691 -0.592193
3.214531 -25.258074 202.173112 1624.391760 -0.124125 0.902987 -0.411349 -0.719851 0.203377 0.663666 -0.682941 -0.378487 -0.624772
2.702432 -29.741362 -110.943419 1077.740561 -0.154520 0.911356 -0.381515 -0.785657 0.120795 0.606755 -0.599055 -0.393496 -0.697348
3.008845 -30.020984 -63.700768 1079.909397 -0.145277 0.905370 -0.398998 -0.772292 0.148305 0.617714 -0.618433 -0.397882 -0.677665
3.941583 -26.140396 272.301423 1736.228295 -0.133628 0.900852 -0.413049 -0.707376 0.205205 0.676395 -0.694091 -0.382566 -0.609820
0.437882 -239.063490 -2330.420072 19038.138606 0.754762 0.240556 0.610300 0.335204 0.658284 -0.674018 0.563890 -0.713298 -0.416213
-8.228276 -280.678386 -2531.082727 -41907.273319 -0.757031 -0.338253 -0.559007 0.052228 0.821498 -0.567815 0.651288 -0.459050 -0.604233
-4.053505 -234.085963 -1185.173483 17333.275346 0.733832 0.291247 0.613731 0.338500 0.626524 -0.702058 0.588989 -0.722941 -0.361176
-0.292331 -291.758159 -1292.908235 46133.736414 0.752373 0.248780 0.609953 0.491419 0.404654 -0.771208 0.438681 -0.879979 -0.182196
9.577375 -30.639513 2236.035264 2917.720727 0.131120 0.563060 0.815948 -0.009002 0.823696 -0.566960 -0.991326 0.066994 0.113071
12.733096 -37.301837 2251.297827 901.347969 0.116043 0.470562 0.874703 -0.102744 0.881615 -0.460650 -0.987916 -0.036415 0.150653
17.919450 -32.377322 1324.359223 1725.769962 0.068222 0.487381 0.870520 -0.065775 0.872852 -0.483532 -0.995500 -0.024271 0.091605
12.402690 -21.847895 191.178350 4541.298175 0.050557 0.520347 0.852457 0.032724 0.852227 -0.522148 -0.998185 0.054294 0.026058
9.066809 -17.171843 1322.519527 -3688.522316 0.162195 0.783973 0.599232 -0.123221 -0.586428 0.800574 -0.979035 0.203687 -0.001486
1.963517 -57.175691 369.587747 1685.308534 -0.562702 -0.114400 -0.818705 0.107972 0.971723 -0.209992 0.819578 -0.206560 -0.534439
-0.927158 -54.251170 433.818711 1042.867206 -0.548845 -0.135170 -0.824923 0.034969 0.982263 -0.184217 0.835193 -0.129953 -0.534383
0.919183 -59.204384 1314.891708 2202.647285 -0.567380 -0.085968 -0.818956 0.216593 0.943936 -0.249145 0.794461 -0.318740 -0.516950
-10.722885 -25.872787 282.487608 112.641906 0.154255 0.956820 -0.246374 -0.808058 -0.021317 -0.588716 0.568548 -0.289897 -0.769879
-8.892066 -24.409440 291.325794 102.462054 0.095298 0.967033 -0.236146 -0.831834 -0.052943 -0.552494 0.546782 -0.249086 -0.799366
-10.015161 -25.736232 274.116232 133.591840 0.175796 0.963995 -0.199522 -0.755444 0.002153 -0.655209 0.631189 -0.265911 -0.728623
-10.903821 -26.613186 222.891096 121.670795 0.210717 0.952900 -0.218128 -0.721724 0.001150 -0.692180 0.659328 -0.303283 -0.687973
-12.572943 -26.951114 599.866011 9.245366 0.175440 0.945684 -0.273683 -0.784836 -0.033481 -0.618798 0.594351 -0.323359 -0.736333
-11.868927 -22.951725 -304.398166 -365.392605 -0.534064 0.697497 -0.477781 0.500500 0.716293 0.486235 0.681378 0.020551 -0.731643
-9.595447 -20.911604 -114.601771 257.403736 -0.405512 0.826274 -0.390935 -0.665916 -0.560014 -0.492890 0.626191 -0.060457 -0.777322
-10.610860 -22.140921 -363.369540 447.024762 -0.542191 0.708098 -0.452356 -0.565637 -0.705688 -0.426684 0.621356 -0.024525 -0.783144
-82.580327 -102.954324 -11499.944979 7439.413992 0.298707 0.670647 -0.678975 0.422694 0.544894 0.724169 -0.855631 0.503313 0.120715
-64.028436 -97.555240 -11503.879849 10754.244326 0.099928 0.688894 -0.717941 0.626293 0.517131 0.583380 -0.773157 0.507937 0.379774
-55.042295 -100.764996 -53.525255 15059.141448 -0.449580 -0.558841 0.696831 0.668762 0.306566 0.677329 -0.592144 0.770528 0.235906
-66.572758 -106.685774 6461.800077 9658.621105 0.554569 0.333886 -0.762216 0.549212 0.541278 0.636698 -0.625156 0.771711 -0.116802
-55.135338 -114.221693 15394.265309 13372.928010 0.672716 0.196514 -0.713327 0.652930 0.295832 0.697256 -0.348046 0.934808 -0.070701
-4.756484 -13.450885 -682.804895 -1690.168612 0.726743 -0.524115 0.444014 -0.685264 -0.508469 0.521414 0.047513 0.683201 0.728683
3.830622 -6.745910 2223.032551 -280.163779 0.994239 -0.106724 -0.009958 -0.065081 -0.674873 0.735059 0.085169 0.730176 0.677930
-0.611795 -18.357279 2382.282719 -671.926999 0.809199 -0.488132 0.326992 -0.570956 -0.522046 0.633623 0.138587 0.699425 0.701141
-4.157626 -21.979897 1225.024340 2654.179026 0.457857 -0.690324 0.560197 0.887651 0.319943 -0.331228 0.049423 0.648914 0.759255
-5.054597 -23.843052 -150.570003 1736.604757 0.427911 -0.690052 0.583713 0.903101 0.352224 -0.245658 -0.036081 0.632271 0.773907
-32.181827 -64.446565 -1991.261953 4531.791902 0.042653 0.434510 0.899657 0.191443 0.880236 -0.434206 -0.980577 0.190753 -0.045639
-32.988156 -66.978489 -2481.083140 334.351883 -0.027589 0.512743 0.858099 -0.044368 0.856952 -0.513484 -0.998634 -0.052239 -0.000893
-35.740393 -67.981662 -808.160126 -512.001191 0.113102 0.530424 0.840154 -0.077411 0.847714 -0.524775 -0.990563 -0.005684 0.136939
-12.055708 -20.012329 -377.979709 1033.735352 0.048081 0.826693 -0.560595 -0.091818 -0.555209 -0.826627 0.994614 -0.091217 -0.049210
-10.606140 -14.970615 -468.413662 1164.551070 0.116718 0.910918 -0.395734 -0.154514 -0.376951 -0.913254 0.981072 -0.167739 -0.096752
-12.610432 -15.499985 -479.745930 940.953248 0.087201 0.952004 -0.293401 -0.154239 -0.278069 -0.948097 0.984178 -0.127929 -0.122588
-13.658355 -21.042706 -398.835406 940.968550 0.002820 0.857598 -0.514312 -0.072482 -0.512786 -0.855451 0.997366 -0.039691 -0.060714
-2.750805 -49.852624 86.658848 899.949226 -0.307256 0.946173 -0.101738 0.821178 0.317643 0.474099 -0.480896 -0.062124 0.874574
-2.668567 -51.635233 107.601735 493.131034 -0.285545 0.950829 -0.119952 0.798092 0.305215 0.519512 -0.530578 -0.052612 0.846002
-2.684181 -50.703106 29.254087 107.772161 -0.287443 0.954836 -0.075263 0.690673 0.261077 0.674396 -0.663587 -0.141868 0.734524
-2.550127 -47.604147 17.303606 1106.229363 -0.323526 0.937424 -0.128714 0.894463 0.347359 0.281563 -0.308654 0.024037 0.950871
-3.398377 -47.951175 182.046647 536.226469 -0.310787 0.946775 -0.083842 0.809408 0.309870 0.498838 -0.498267 -0.087170 0.862630
-3.052839 -45.400699 142.515353 1082.267805 -0.334685 0.935374 -0.114284 0.896664 0.353412 0.266634 -0.289792 0.013235 0.956998
-3.360257 -89.386680 -17.625718 6612.053552 -0.172108 0.980952 -0.090070 0.864068 0.194241 0.464388 -0.473038 -0.002098 0.881040
-3.781625 -92.153234 671.653143 1905.055208 -0.137414 0.985903 -0.095462 0.665507 0.163278 0.728313 -0.733633 -0.036550 0.678562
-1.274718 -89.309743 803.905210 7674.768958 -0.186972 0.976927 -0.103220 0.875132 0.213376 0.434298 -0.446302 0.009129 0.894836
1.184066 -72.034363 90.626225 6310.407880 -0.221370 0.970714 -0.093325 0.943056 0.237457 0.232937 -0.248275 0.036445 0.968004
2.414696 -69.004428 233.869965 6403.793946 -0.244667 0.963017 -0.112857 0.946576 0.262450 0.187385 -0.210074 0.060981 0.975782
-0.585199 -81.167744 107.372682 5762.403585 -0.214066 0.973716 -0.077795 0.869571 0.226239 0.438934 -0.444998 -0.026312 0.895145
35.982942 -22.264502 -6038.402992 -30.619485 -0.426937 0.894306 0.133943 -0.856744 -0.447424 0.256518 -0.289335 0.005238 -0.957213
12.423828 -23.385730 -3799.883865 700.137604 -0.418048 0.906865 0.053211 -0.841473 -0.408643 0.353459 -0.342284 -0.102987 -0.933935
24.541667 -26.613437 -5698.143576 2126.424904 -0.452721 0.890295 0.049176 -0.855379 -0.449214 0.257943 -0.251736 -0.074712 -0.964908
-1.824563 -28.055955 -773.229478 -756.545023 -0.344994 0.935635 0.074606 -0.747524 -0.321960 0.580990 -0.567615 -0.144668 -0.810484
-2.790593 -27.282035 -711.734199 -704.189645 -0.299057 0.952532 0.056985 -0.782783 -0.279038 0.556226 -0.545724 -0.121737 -0.829075
5.609594 -24.568771 -1710.925107 -619.762849 -0.398235 0.910918 0.107878 -0.785411 -0.399370 0.472899 -0.473855 -0.103597 -0.874488
-5.223418 -30.301016 -173.843980 -967.911412 -0.283960 0.957389 0.052664 -0.710974 -0.247090 0.658379 -0.643337 -0.149510 -0.750842
7.447669 -26.168695 -1902.825002 -465.290446 -0.441431 0.886289 0.140108 -0.740356 -0.447976 0.501189 -0.506964 -0.117511 -0.853920
-0.839739 -29.018980 -1055.916442 -564.194177 -0.391027 0.915294 0.096616 -0.705359 -0.365454 0.607381 -0.591241 -0.169354 -0.788513
-4.924228 -31.312174 -317.604312 -976.523494 -0.324610 0.943805 0.062125 -0.678119 -0.278013 0.680340 -0.659380 -0.178717 -0.730259
-3.738079 -64.883969 -512.664478 -2099.340429 -0.306874 0.951669 0.012411 -0.947320 -0.306677 0.092379 -0.091720 -0.016592 -0.995647
2.166094 -71.703337 -903.099065 -2072.549593 -0.262210 0.964940 -0.011697 -0.935926 -0.251334 0.246727 -0.235137 -0.075642 -0.969014
-1.772134 -69.635273 -610.787857 -1899.352065 -0.320820 0.947082 0.010529 -0.909857 -0.311260 0.274367 -0.263125 -0.078443 -0.961568
-6.124749 -64.565361 -361.305008 -1985.129923 -0.360860 0.931186 0.051695 -0.925733 -0.364368 0.101263 -0.113130 0.011314 -0.993516
11.821187 -100.470777 -1600.109446 5903.003609 0.928398 -0.335026 0.160730 -0.235462 -0.195785 0.951959 0.287463 0.921643 0.260653
13.763955 -100.608314 -350.558981 4246.691464 0.898333 -0.411981 0.152544 -0.268098 -0.239034 0.933266 0.348024 0.879281 0.325184
12.695327 -98.266265 -756.972627 -1215.014251 0.914229 -0.378146 0.145570 -0.296295 -0.378830 0.876754 0.276395 0.844686 0.458380
10.278660 -100.029590 -1472.334235 1303.258427 0.923650 -0.338885 0.178962 -0.318383 -0.418615 0.850526 0.213314 0.842567 0.494549
62.916446 -48.949270 -6059.898465 482.725493 -0.682693 -0.189407 0.705731 0.726835 -0.275305 0.629221 0.075113 0.942514 0.325616
107.488437 -41.149219 -18303.745691 -2438.836231 -0.655452 -0.034041 0.754469 0.751640 -0.126787 0.647273 0.073623 0.991346 0.108689
33.496432 -48.518593 6891.679561 427.826436 0.783821 0.016941 -0.620755 0.593245 -0.315871 0.740464 0.183534 0.948651 0.257636
164.104427 -86.436045 29643.184436 303.326534 -0.658628 -0.460906 0.594790 0.742429 -0.269346 0.613394 -0.122513 0.845588 0.519588
73.606746 -50.152020 -2862.772126 1575.539535 -0.587030 -0.324521 0.741675 0.808942 -0.271060 0.521669 0.031746 0.906208 0.421639
18.656835 -889.343549 -8672.835598 -113865.441408 -0.513057 0.723924 -0.461201 0.272751 -0.371964 -0.887271 0.813867 0.581014 0.006612
0.076519 -384.399245 5708.272911 -67441.295328 0.574239 -0.684442 0.449209 0.655465 0.055608 -0.753176 0.490525 0.726944 0.480560
17.325723 -298.190490 5270.825369 -5624.748157 0.603152 -0.653602 0.457178 -0.579274 0.035075 0.814378 0.548315 0.756025 0.357459
18.868807 -638.291872 360.738771 -159520.026765 0.660406 -0.609753 0.438252 0.727278 0.374127 -0.575409 0.186895 0.698735 0.690536
15.448499 -374.336353 -1716.498770 18920.205469 0.746648 -0.469595 0.471166 -0.597717 -0.162712 0.785022 0.291978 0.867759 0.402173
27.338446 -1250.715029 2787.732346 -140553.416846 0.661388 -0.559996 0.498969 -0.272446 0.440444 0.855442 0.698812 0.701722 -0.138736
1.887917 -200.356716 860.289246 -3005.265982 0.658961 -0.577826 0.481547 0.745576 0.417142 -0.519720 0.099434 0.701505 0.705694
10.695847 -35.493878 912.822058 -338.495144 0.066862 -0.964434 0.255727 0.988190 0.099426 0.116597 -0.137876 0.244911 0.959692
8.060839 -33.998070 -946.808586 -294.081860 -0.075120 0.966847 -0.244055 0.967965 0.129505 0.215108 -0.239583 0.220078 0.945603
10.112816 -33.469436 -130.618408 -545.326995 -0.096521 0.956204 -0.276327 0.962343 0.160535 0.219371 -0.254124 0.244748 0.935692
8.784556 -30.990167 -571.343313 -817.135314 -0.105303 0.961727 -0.252967 0.924360 0.188466 0.331722 -0.366702 0.198901 0.908828
8.118899 -30.631276 -133.578425 -1409.914612 -0.106165 0.954049 -0.280213 0.913128 0.205093 0.352327 -0.393607 0.218465 0.892943
-10.125096 -32.059298 34.472513 -295.466398 0.129335 0.736386 -0.664085 0.588360 -0.596071 -0.546381 0.798189 0.320055 0.510352
-11.362276 -32.950241 125.733611 -406.322536 0.133542 0.711766 -0.689605 0.491362 -0.651843 -0.577637 0.860657 0.261707 0.436783
-11.086489 -31.893395 -77.617776 -198.748447 0.057420 0.750900 -0.657915 0.563242 -0.568475 -0.599662 0.824294 0.336133 0.455580
-12.189066 -34.137477 22.878142 -564.583191 0.117126 0.699099 -0.705366 0.415023 -0.679718 -0.604764 0.902240 0.221909 0.369755
-8.617359 -31.427181 -159.167184 -403.179350 0.098621 0.762783 -0.639090 0.684477 -0.518167 -0.512830 0.722333 0.386867 0.573209
-13.677016 -32.380486 -173.387870 -629.687705 0.061421 0.709493 -0.702031 0.443417 -0.649535 -0.617645 0.894209 0.273356 0.354496
-15.094482 -27.869152 -1294.094405 458.701499 0.229880 0.966917 -0.110579 0.496915 -0.214309 -0.840920 0.836798 -0.138362 0.529741
-10.296908 -27.221248 -1711.697302 191.651144 0.252073 0.964189 -0.082462 0.408039 -0.183169 -0.894401 0.877476 -0.191806 0.439598
-15.957865 -27.529124 -417.967415 374.793828 0.214290 0.949381 -0.229686 0.476018 -0.306838 -0.824170 0.852928 -0.067277 0.517675
-10.299539 -27.646556 -2589.898657 173.946739 0.259321 0.965720 -0.011730 0.513752 -0.148220 -0.845038 0.817809 -0.213110 0.534577
-18.661686 -28.155816 233.327033 395.974417 0.213086 0.953960 -0.211077 0.574174 -0.297065 -0.762940 0.790518 -0.041377 0.611040
-15.884741 -28.410908 -1628.647590 482.165004 0.233938 0.968342 -0.087106 0.580612 -0.211004 -0.786364 0.779848 -0.133385 0.611592
-4.890391 -31.165683 -498.626584 -724.614032 -0.398902 0.909362 0.118062 0.631846 0.365879 -0.683303 0.664566 0.197974 0.720527
-6.589788 -31.450349 -200.895929 260.359798 -0.483409 0.855763 0.184350 0.456988 0.426316 -0.780652 0.746645 0.293128 0.597158
-7.180498 -34.424215 -243.584536 -685.310789 -0.456316 0.883144 0.108773 0.622102 0.404035 -0.670630 0.636211 0.238351 0.733774
18.669171 -843.611483 -922.253430 -137503.437469 -0.565664 0.762995 0.312830 0.151075 -0.277050 0.948904 -0.810679 -0.584022 -0.041447
-6.563997 -139.313004 -859.155270 -15949.401763 -0.598782 0.661751 0.451160 0.096078 -0.499891 0.860743 -0.795129 -0.558743 -0.235746
-20.553870 -167.756615 294.359382 -22603.135120 -0.568850 0.713010 0.409910 -0.078942 -0.543441 0.835727 -0.818644 -0.443045 -0.365423
-5.771943 -222.455877 -1130.203371 -41346.056053 -0.541026 0.763235 0.353218 -0.044317 -0.445285 0.894292 -0.839838 -0.468181 -0.274735
-32.160199 -52.360485 -416.949370 -1336.744888 0.098990 -0.617624 0.780219 -0.449254 0.671876 0.588858 -0.887903 -0.408808 -0.210961
-17.285687 -52.369817 -3929.556543 -890.731209 -0.062030 -0.644148 0.762382 -0.476362 0.690343 0.544523 -0.877058 -0.329393 -0.349669
-13.664640 -55.987577 3288.749687 -5970.244158 0.081204 0.643714 -0.760945 -0.696128 0.583023 0.418916 -0.713311 -0.495698 -0.495451
-19.795131 -39.792064 2234.651824 -4065.101084 -0.005882 0.679648 -0.733514 -0.776340 0.459237 0.431738 -0.630287 -0.571996 -0.524937
1.022488 -86.699511 1203.951753 4229.401985 0.505007 0.205034 0.838408 -0.120640 0.978608 -0.166653 -0.854642 -0.016985 0.518939
1.056337 -88.661764 1410.738204 1482.782845 0.517782 0.206146 0.830304 -0.317343 0.947574 -0.037364 -0.794478 -0.244145 0.556056
3.056070 -96.432953 1729.521743 2913.090068 0.540215 0.198360 0.817815 -0.226097 0.970301 -0.085995 -0.810585 -0.138450 0.569020
1.236873 -83.669838 1207.916311 5677.513945 0.501029 0.196206 0.842896 0.064350 0.962819 -0.262372 -0.863035 0.185696 0.469774
-1.186888 -79.961166 321.710382 5055.418018 0.482232 0.206350 0.851394 0.071319 0.959390 -0.272920 -0.873136 0.192331 0.447932
-8.299947 -99.989826 -802.609828 -12328.660698 0.585717 0.272802 0.763227 0.652357 0.400161 -0.643663 -0.481006 0.874900 0.056416
-9.018128 -115.948784 -51.199697 -11495.840773 0.590648 0.231492 0.773011 0.734803 0.241583 -0.633800 -0.333466 0.942364 -0.027411
-9.617192 -123.535896 -663.455887 -3661.969797 0.585497 0.254539 0.769678 0.809274 -0.127723 -0.573378 -0.047642 0.958591 -0.280773
-4.900638 -47.335469 300.921253 688.181443 -0.454121 0.868444 -0.198945 0.275727 0.349328 0.895514 -0.847201 -0.351817 0.398090
-5.884575 -45.436053 147.790863 761.387845 -0.482375 0.856147 -0.185277 0.256028 0.340075 0.904875 -0.837714 -0.389053 0.383241
-3.631599 -49.940825 385.184352 440.600173 -0.423693 0.889890 -0.169057 0.109411 0.235549 0.965684 -0.899174 -0.390657 0.197164
-5.613226 -41.963967 128.067716 789.544550 -0.496550 0.840122 -0.218252 0.405994 0.447030 0.797078 -0.767208 -0.307180 0.563056
-3.402816 -48.754442 410.126358 684.818404 -0.429194 0.880156 -0.202774 0.297336 0.349673 0.888437 -0.852868 -0.321019 0.411780
-4.426970 -43.273149 318.140912 708.567222 -0.467636 0.853821 -0.228705 0.433205 0.446917 0.782687 -0.770487 -0.266937 0.578873
11.391799 -64.597459 17.154635 5290.003840 -0.283678 0.903345 -0.321707 0.955257 0.295510 -0.012552 0.083729 -0.310873 -0.946756
-2.429067 -80.184891 48.870602 1324.343408 -0.246567 0.919613 -0.305804 0.119527 0.341993 0.932070 -0.961727 -0.193266 0.194243
-1.183680 -73.907929 14.547989 4655.048395 -0.262960 0.904872 -0.334752 0.398556 0.417854 0.816426 -0.878638 -0.081270 0.470521
-1.257340 -75.198706 111.961454 4992.691514 -0.243796 0.916762 -0.316405 0.407775 0.392907 0.824223 -0.879934 -0.071920 0.469621
0.013526 -56.930402 97.516550 735.704323 -0.428284 0.867933 -0.251527 0.589815 0.479375 0.649860 -0.684610 -0.129970 0.717228
0.878749 -58.383701 23.010548 -687.414106 -0.410365 0.886179 -0.215146 0.421127 0.393420 0.817235 -0.808859 -0.244761 0.534639
3.270510 -15.391019 -626.978774 1857.969314 -0.516126 0.729412 0.448968 0.382195 -0.272970 0.882844 -0.766513 -0.627252 0.137891
1.960928 -9.855549 -1058.533245 1205.768035 -0.475196 0.680984 0.557180 0.451297 -0.354970 0.818735 -0.755328 -0.640513 0.138646
6.842247 -89.464810 -317.357933 1472.425333 -0.507509 -0.150427 -0.848414 0.848335 -0.259640 -0.461427 -0.150871 -0.953918 0.259382
7.241653 -99.560846 434.691351 2157.656518 -0.486117 -0.095331 -0.868679 0.830512 -0.359698 -0.425284 -0.271919 -0.928186 0.254029
7.611957 -93.606327 -99.839665 2133.324650 -0.505755 -0.143076 -0.850730 0.788039 -0.477870 -0.388117 -0.351009 -0.866700 0.354435
6.452164 -95.076662 -130.080947 2293.933207 -0.495995 -0.139310 -0.857077 0.868079 -0.056051 -0.493251 0.020675 -0.988661 0.148733
7.502611 -92.230453 -284.280284 3485.349719 -0.502244 -0.146586 -0.852211 0.801604 -0.448548 -0.395266 -0.324317 -0.881656 0.342785
5.893582 -87.611352 -164.333867 2057.176454 -0.502846 -0.149039 -0.851430 0.853915 -0.238443 -0.462574 -0.134075 -0.959652 0.247167
5.729206 -86.951430 -383.625727 92.341151 -0.503189 -0.160443 -0.849152 0.863380 -0.051158 -0.501954 0.037094 -0.985719 0.164265
0.223799 -18.960505 599.964826 1515.357372 -0.078826 0.902775 -0.422829 -0.699399 0.252161 0.668771 -0.710371 -0.348442 -0.611523
-0.966613 -15.332322 856.134900 1365.033942 -0.027721 0.885749 -0.463336 -0.657205 0.333105 0.676109 -0.753202 -0.323249 -0.572884
1.795815 -15.293743 637.039695 1543.660789 -0.011374 0.869051 -0.494592 -0.636062 0.375366 0.674185 -0.771554 -0.322259 -0.548501
1092.373324 -21637.183736 6127.520803 6836863.687220 -0.780287 -0.361122 -0.510631 0.071856 0.759288 -0.646775 0.621281 -0.541362 -0.566514
-2.494924 -205.522290 533.864808 12353.718473 -0.747998 -0.359497 -0.557908 -0.160192 0.913538 -0.373880 0.644079 -0.190289 -0.740914
-7.313365 -211.212977 734.101988 -14939.717245 -0.746276 -0.410474 -0.524007 -0.287997 0.908841 -0.301771 0.600109 -0.074292 -0.796461
25.854865 -25.247794 678.693167 201.230846 0.228585 0.924399 -0.305345 -0.802995 0.356361 0.477709 -0.550407 -0.135994 -0.823747
26.034799 -26.416902 4469.363918 -313.946508 0.361813 0.908214 -0.210328 -0.761335 0.418066 0.495570 -0.538015 0.019173 -0.842717
30.692687 -24.930891 1238.590394 154.348197 0.193176 0.938664 -0.285644 -0.761523 0.327010 0.559595 -0.618681 -0.109424 -0.777985
16.184217 -25.616528 3580.530922 357.778097 0.419757 0.874534 -0.242889 -0.768274 0.484837 0.417958 -0.483280 -0.011165 -0.875395
24.447266 -26.210223 -3838.497149 -47.977032 -0.003163 0.896065 -0.443911 -0.822698 0.250021 0.510547 -0.568470 -0.366819 -0.736400
22.862671 -25.371037 -1278.953129 277.393185 0.045371 0.925388 -0.376296 -0.869754 0.221885 0.440790 -0.491396 -0.307285 -0.814927
20.623879 -23.414935 2865.893170 638.560762 0.231587 0.932471 -0.277247 -0.842095 0.334848 0.422791 -0.487076 -0.135555 -0.862776
10.114952 -39.757790 2544.862445 -1330.141125 0.152829 0.421884 0.893676 -0.230514 0.894573 -0.382887 -0.960993 -0.147488 0.233967
18.204173 -37.009635 575.214771 48.184002 0.015398 0.403706 0.914759 -0.164489 0.903426 -0.395935 -0.986259 -0.144371 0.080316
-3.639235 -59.130284 1115.456526 2291.081199 -0.558879 -0.099327 -0.823279 0.204054 0.945801 -0.252631 0.803751 -0.309184 -0.508320
-8.858845 -24.706668 296.688009 94.450643 0.130853 0.973105 -0.189589 -0.769919 -0.020732 -0.637804 0.624581 -0.229427 -0.746500
-7.328714 -22.931617 281.856294 134.322533 0.019187 0.970380 -0.240819 -0.850656 -0.110722 -0.513931 0.525373 -0.214715 -0.823335
8.326530 -101.219259 -446.294371 1703.756763 -0.368978 0.907416 -0.201122 -0.812083 -0.209498 0.544639 -0.452079 -0.364288 -0.814198
10.703524 -108.444706 223.841526 1420.272532 -0.338408 0.929398 -0.147309 -0.797041 -0.199888 0.569886 -0.500205 -0.310265 -0.808412
10.822044 -146.906450 913.624347 -9625.987136 -0.382662 0.915727 -0.122532 -0.639976 -0.167074 0.750011 -0.666334 -0.365418 -0.649976
12.244645 -130.563896 989.119077 -7533.843552 -0.437224 0.893062 -0.106181 -0.623938 -0.216179 0.750978 -0.647716 -0.394597 -0.651734
8.849171 -89.536373 186.371436 3216.976711 -0.386264 0.904032 -0.183101 -0.792291 -0.223535 0.567720 -0.472308 -0.364360 -0.802600
10.275614 -91.230393 -1333.007629 -1670.515910 -0.312988 0.914617 -0.255956 0.937650 0.254673 -0.236546 -0.151164 -0.314034 -0.937301
-0.620148 -140.272802 -1979.634310 2739.840928 0.950351 -0.186892 -0.248806 -0.027284 -0.846521 0.531655 0.309981 0.498470 0.809592
-9.802949 -110.806539 -2915.045707 9319.451463 0.962084 0.016205 -0.272273 0.160095 -0.841740 0.515600 0.220828 0.539640 0.812418
5.529502 -126.093439 -1376.018412 -5906.655390 0.964621 -0.012529 -0.263344 0.216527 -0.532216 0.818451 0.150410 0.846516 0.510673
-11.942102 -133.271261 -1995.786158 5984.970072 0.912153 -0.361483 -0.193151 0.296331 0.907243 -0.298493 0.283135 0.215035 0.934663
-0.736657 -175.750205 -1897.869994 4211.438106 0.924652 -0.319453 -0.207288 0.268998 0.933207 -0.238253 0.269553 0.164542 0.948824
22.478091 -27.220421 3635.226442 -276.095463 0.721100 -0.649567 0.240991 -0.684194 -0.612889 0.395279 0.109060 0.449921 0.886384
27.002980 -27.623924 5294.752113 -661.971151 0.732342 -0.632234 0.252895 -0.677472 -0.639083 0.364149 0.068606 0.438010 0.896348
491.110561 -17.665350 177792.469452 5320.133995 0.577445 -0.730527 0.364538 0.808539 0.449765 -0.379442 0.113236 0.513850 0.850374
-26.732623 -81.501765 -6109.387748 8627.399975 0.092856 0.720900 -0.686790 0.499755 0.562846 0.658369 -0.861175 0.404360 0.308010
-31.212176 -71.057584 -5588.259998 10456.159187 0.017858 0.675537 -0.737110 0.691612 0.524053 0.497033 -0.722049 0.518670 0.457851
5.698819 -22.493226 2657.314948 1776.223225 0.901508 -0.369533 0.225231 -0.412406 -0.575833 0.705931 0.131169 0.729289 0.671515
-13.348034 -19.255611 -4724.162001 930.876108 0.904135 -0.305359 0.298824 -0.423713 -0.551075 0.718877 0.054841 0.776577 0.627631
-34.426112 -64.953868 -1513.299916 -4506.388089 0.025401 0.540317 0.841078 -0.260748 0.815807 -0.516207 -0.965073 -0.206197 0.161608
-29.566457 -62.000610 -2752.899802 -2093.554708 -0.100179 0.508853 0.855005 -0.207851 0.829665 -0.518125 -0.973017 -0.229619 0.022651
-19.372129 -56.464503 -3000.295834 -1278.136846 -0.179972 0.460723 0.869106 -0.189182 0.850826 -0.490208 -0.965308 -0.252643 -0.065964
-24.510563 -54.864279 -2271.395492 -4713.752614 -0.156806 0.553897 0.817686 -0.366386 0.736225 -0.568976 -0.917155 -0.388808 0.087496
-31.350978 -55.514604 -1929.212068 -5558.832734 -0.069148 0.578697 0.812606 -0.418003 0.722796 -0.550309 -0.905810 -0.377724 0.191917
-10.380055 -19.608304 -217.150626 1123.205203 0.089721 0.812011 -0.576705 -0.101220 -0.568608 -0.816357 0.990810 -0.131618 -0.031175
-9.182237 -16.352331 -387.319358 1249.048060 0.151876 0.881685 -0.446728 -0.123237 -0.431552 -0.893631 0.980687 -0.190774 -0.043114
-7.804517 -12.301969 -1041.828521 745.213444 0.208784 0.974944 -0.076772 -0.115999 -0.053260 -0.991820 0.971058 -0.215981 -0.101973
-2.721514 -51.829283 -66.729171 -119.396902 -0.272379 0.958225 -0.087260 0.644721 0.249077 0.722700 -0.714244 -0.140590 0.685631
-3.119860 -52.942378 -69.555379 277.394816 -0.275352 0.953800 -0.120192 0.789526 0.295696 0.537784 -0.548479 -0.053185 0.834471
-2.904195 -49.444827 -149.088170 983.825328 -0.304888 0.943796 -0.127643 0.894151 0.329809 0.302852 -0.327929 0.021796 0.944451
-4.059947 -94.020470 -193.555097 1459.036405 -0.146362 0.984381 -0.097839 0.654116 0.170501 0.736928 -0.742099 -0.043860 0.668854
-2.852577 -88.274538 -270.097330 -5534.295690 -0.144710 0.985517 -0.088409 0.361779 0.135861 0.922311 -0.920964 -0.101484 0.376200
-2.957973 -89.295325 -22.643630 -6344.934699 -0.149615 0.986044 -0.073020 0.351283 0.122043 0.928281 -0.924238 -0.113234 0.364640
1.818772 -36.344380 -259.705832 -525.101721 -0.249593 0.965775 0.070586 -0.272092 -0.139902 0.952047 -0.929338 -0.218419 -0.297698
2.903875 -34.870612 -144.325598 -273.052818 -0.253535 0.962047 0.100922 -0.407798 -0.200907 0.890695 -0.877166 -0.184667 -0.443257
2.019287 -35.222870 17.470893 -358.126222 -0.239730 0.966002 0.096800 -0.236003 -0.154703 0.959359 -0.941718 -0.207142 -0.265067
2.186588 -35.648297 -275.728425 -329.238806 -0.252826 0.964598 0.075028 -0.434541 -0.182496 0.881969 -0.864438 -0.190381 -0.465298
1.548361 -37.647547 -153.104631 -552.329503 -0.240527 0.968762 0.060394 -0.083795 -0.082713 0.993044 -0.967019 -0.233793 -0.101072
0.421895 -39.772070 -343.859670 -813.426563 -0.246255 0.968834 0.026805 -0.119127 -0.057703 0.991201 -0.961856 -0.240895 -0.129624
0.680793 -37.758596 -277.585407 -650.998621 -0.241881 0.969420 0.041452 -0.301811 -0.115769 0.946313 -0.922173 -0.216385 -0.320584
-5.640483 -29.800734 -84.083161 -746.799827 -0.257967 0.964313 0.059607 -0.734937 -0.235905 0.635780 -0.627152 -0.120202 -0.769566
0.071526 -64.781971 -840.315052 -2578.390342 -0.244426 0.969576 -0.013371 -0.967834 -0.243093 0.064829 -0.059607 -0.028787 -0.997807
7.274925 -73.641007 -1296.015957 -2863.755579 -0.215685 0.976392 -0.011741 -0.958912 -0.209523 0.191282 -0.184306 -0.052515 -0.981465
7.538726 -78.739358 -925.496270 -782.532991 -0.242267 0.970163 0.009462 -0.894664 -0.227165 0.384670 -0.375343 -0.084728 -0.923005
12.790189 -100.541299 10.862407 2991.649969 0.891884 -0.418790 0.170755 -0.139594 0.104211 0.984710 0.430181 0.902084 -0.034484
51.411576 -66.277601 10132.747075 7962.829899 0.874004 -0.168143 -0.455900 0.429039 -0.173445 0.886478 0.228129 0.970384 0.079451
-8.702244 -789.335440 -1631.409390 -177802.977203 -0.589082 0.685679 -0.427582 0.393205 -0.219042 -0.892979 0.705955 0.694165 0.140579
-2.744942 -807.599187 -7188.141280 175402.749396 0.697154 -0.613631 0.370719 -0.595138 -0.207030 0.776498 0.399734 0.761968 0.509527
8.992636 -1261.678044 341.632901 -316641.229783 0.590925 -0.630386 0.503409 0.789237 0.322513 -0.522580 0.167071 0.706115 0.688105
-10.967330 -34.159997 -99.766115 -164.953134 0.211116 0.711519 -0.670202 0.502903 -0.667011 -0.549714 0.838164 0.220993 0.498642
-11.477876 -34.406141 -132.852775 -275.866954 0.189780 0.706029 -0.682280 0.389454 -0.692035 -0.607794 0.901282 0.150370 0.406301
-135.499673 -593.471249 10353.622955 36539.641371 0.987019 -0.157774 0.030004 -0.125162 -0.872738 -0.471871 -0.100635 -0.461990 0.881157
66.091283 -1687.741326 20010.545007 -417160.470270 0.903126 -0.092859 -0.419215 -0.060044 0.939429 -0.337444 0.425157 0.329926 0.842846
-468.609064 -864.632833 94834.830047 -160261.696315 0.732834 -0.448293 -0.511847 -0.646558 -0.693132 -0.318639 0.211934 -0.564449 0.797798
722.846014 -1800.443357 -104053.131429 870043.948355 0.930592 0.093445 -0.353929 0.208408 -0.930119 0.302398 0.300939 0.355171 0.885037
12.150058 -361.838809 -1623.163464 -71465.049344 -0.563890 0.665303 0.489286 0.324015 -0.366731 0.872079 -0.759633 -0.650293 0.008773
-3.856713 -174.459053 1264.680383 14130.248215 -0.522120 0.615394 0.590492 -0.141268 0.620391 -0.771465 -0.841091 -0.486215 -0.236983
-41.263584 -57.999265 327.138141 -2306.969570 0.214089 -0.533192 0.818457 -0.413056 0.709871 0.570498 -0.885184 -0.460206 -0.068263
-37.545619 -54.296221 -421.408255 -2316.842615 -0.453351 0.668325 -0.589758 -0.382737 0.451591 0.805964 -0.804975 -0.591107 -0.051063
2.381381 -97.148598 1707.645128 -1101.223955 0.533817 0.210458 0.818991 -0.474326 0.876336 0.083970 -0.700039 -0.433293 0.567628
-0.848916 -101.006671 -995.214312 2711.518044 -0.492373 -0.201802 -0.846667 0.644890 -0.737870 -0.199161 -0.584539 -0.644068 0.493448
4.698250 -101.036661 1017.984847 -1111.040154 0.522713 0.194329 0.830065 -0.513984 0.848645 0.124989 -0.680141 -0.491973 0.543480
3.054473 -94.895575 -1521.226245 2541.405103 -0.522608 -0.208836 -0.826600 0.626521 -0.751629 -0.206216 -0.578231 -0.625653 0.523648
-6.789267 -77.808750 -750.036949 -7434.060966 0.554372 0.285676 0.781704 0.578990 0.542332 -0.608808 -0.597865 0.790105 0.135250
-6.477266 -91.811845 56.288654 -7609.538563 0.560124 0.303050 0.770988 0.632793 0.444121 -0.634294 -0.534635 0.843159 0.056995
7.952136 -69.926357 120.653881 2618.049033 -0.250829 0.910770 -0.327998 0.954638 0.176557 -0.239780 -0.160474 -0.373263 -0.913741
9.045266 -70.317594 -535.536748 4628.069311 -0.226644 0.894101 -0.386285 0.973522 0.220085 -0.061780 0.029778 -0.390059 -0.920308
5.904964 -67.272064 312.664418 -1264.275257 -0.272560 0.915788 -0.295030 0.892151 0.125745 -0.433884 -0.360247 -0.381471 -0.851294
5.751750 -66.554751 58.996028 2553.641750 -0.240478 0.910316 -0.336890 -0.874355 -0.052434 0.482445 -0.421513 -0.410579 -0.808549
6.790466 -70.489970 -392.857779 525.868043 -0.222505 0.898304 -0.378867 0.947487 0.107689 -0.301116 -0.229694 -0.425972 -0.875093
0.072788 -62.209423 19.056543 4344.988037 -0.257443 0.905164 -0.338232 0.586728 0.424547 0.689572 -0.767772 0.020925 0.640382
0.838328 -62.360626 -186.689624 3877.896060 -0.276142 0.894427 -0.351774 0.575294 0.447018 0.684990 -0.769923 0.013219 0.637999
-0.157717 -73.108365 -271.108050 4303.938704 -0.283963 0.891177 -0.353793 0.383906 0.443787 0.809734 -0.878625 -0.094111 0.468147
-0.023906 -62.466159 11.326299 147.755433 -0.418417 0.875825 -0.240537 0.461043 0.432988 0.774572 -0.782539 -0.213196 0.584962
0.873734 -60.922900 -305.551652 -1067.123521 -0.416490 0.888803 -0.191221 0.265139 0.319935 0.909584 -0.869619 -0.328133 0.368906
1.563499 -57.475749 -83.454242 -1120.069680 -0.401289 0.898323 -0.178836 0.226889 0.286651 0.930781 -0.887406 -0.332936 0.318849
5.875621 -12.552966 -855.134706 516.323569 -0.377212 0.621555 0.686572 0.558475 -0.438721 0.704009 -0.738794 -0.648994 0.181633
7.423576 -103.486447 627.558387 838.088644 -0.486872 -0.127320 -0.864145 0.700744 -0.647546 -0.299403 -0.521454 -0.751315 0.404490
5.308081 -90.503289 616.405979 1499.200344 -0.500451 -0.067219 -0.863151 0.849069 -0.232958 -0.474144 -0.169206 -0.970161 0.173657
4.486529 -91.397783 157.306320 -1003.304936 -0.482128 -0.081522 -0.872300 0.793345 -0.463044 -0.395214 -0.371694 -0.882578 0.287922
8.070141 -101.366907 429.462277 311.969840 -0.500898 -0.060774 -0.863370 0.865221 -0.060762 -0.497695 -0.022213 -0.996300 0.083018
6.259029 -90.481588 714.030628 -2784.873535 -0.470917 -0.082237 -0.878336 0.695040 -0.647749 -0.311996 -0.543283 -0.757403 0.362194
2.307570 -29.063049 181.185273 1110.684286 -0.163853 0.917971 -0.361223 -0.793858 0.094672 0.600688 -0.585612 -0.385184 -0.713226
3.176531 -32.522344 -197.627654 594.177436 -0.177335 0.915655 -0.360733 -0.846987 0.044659 0.529735 -0.501164 -0.399476 -0.767628
3.160136 -32.713768 -157.014274 481.483747 -0.160705 0.910285 -0.381518 -0.840077 0.076760 0.537009 -0.518116 -0.406805 -0.752373
-15.391851 -711.683603 -2658.979882 163470.596254 0.786181 0.274146 0.553862 0.400784 0.456027 -0.794614 0.470416 -0.846690 -0.248646
24.014364 -28.561708 5945.251197 -387.678581 0.384902 0.910415 -0.151638 -0.720530 0.399075 0.567076 -0.576790 0.109009 -0.809587
15.974320 -34.498191 1884.828141 -2206.380313 0.091772 0.417759 0.903911 -0.348187 0.863903 -0.363919 -0.932922 -0.281333 0.224740
-9.730750 -25.849006 396.059998 89.018471 0.198630 0.967647 -0.155579 -0.685296 0.023642 -0.727881 0.700653 -0.251197 -0.667821
-0.627391 -115.136793 -2452.696376 -668.754045 0.941552 0.128191 -0.311523 0.329348 -0.544596 0.771327 0.070777 0.828844 0.554985
-10.447177 -122.281142 -2000.118796 15400.830747 0.914472 0.132191 -0.382449 0.338729 -0.767119 0.544785 0.221368 0.627737 0.746286
-11.089991 -89.726432 -330.466284 16588.935692 0.894222 0.121514 -0.430815 0.285018 -0.896694 0.338681 0.345155 0.425646 0.836477
-16.702487 -72.462008 -2677.299287 -9784.428601 0.945183 -0.080465 -0.316472 -0.028001 0.945622 -0.324061 0.325338 0.315158 0.891533
-0.284160 -28.701813 1217.978410 -2729.612960 0.683190 -0.481594 0.548925 0.723831 0.347225 -0.596242 0.096546 0.804675 0.585813
-3.064538 -74.521734 1204.027268 -16926.969777 0.650702 -0.543936 0.529831 0.759102 0.448780 -0.471550 0.018716 0.709035 0.704925
-0.979789 -41.167362 -4068.240725 479.648537 0.646769 -0.352762 0.676202 0.737657 0.064063 -0.672129 0.193782 0.933517 0.301652
8.747339 -37.468495 3668.601913 6843.735156 0.787635 -0.482861 0.382722 -0.608592 -0.512755 0.605556 0.096157 0.709879 0.697729
-0.852309 -27.244671 3010.355744 960.793047 0.751217 -0.519569 0.407087 -0.644020 -0.441847 0.624508 0.144605 0.731313 0.666536
-6.134869 -32.060199 2209.387540 1774.459386 0.716626 -0.524782 0.459404 -0.684921 -0.405181 0.605568 0.131649 0.748620 0.649797
11.486646 -30.169773 -3053.840735 406.009850 0.215427 0.975567 0.043133 0.701691 -0.123928 -0.701621 0.679133 -0.181414 0.711244
20.700244 -30.130958 -3108.126960 293.641106 0.188195 0.981965 0.018100 0.711893 -0.123692 -0.691310 0.676603 -0.142986 0.722332
13.729629 -29.086394 -3060.857803 240.125415 0.214858 0.976157 0.030885 0.629050 -0.114129 -0.768941 0.747082 -0.184641 0.638573
18.281030 -31.111157 -2808.152572 664.266606 0.183181 0.982585 0.031160 0.771477 -0.124035 -0.624050 0.609317 -0.138353 0.780763
0.071318 -28.870085 -2687.867639 468.886085 0.225844 0.973169 0.044012 0.621732 -0.109210 -0.775579 0.749962 -0.202524 0.629715
6.235024 -31.157936 -2914.017736 495.416939 0.215196 0.975093 0.053700 0.775426 -0.137187 -0.616356 0.593637 -0.174278 0.785635
