18388
36764
-46.310289 -66.516090 -859.862646 10657.447156 -0.409955 0.761892 0.501456 0.065949 0.573099 -0.816828 0.909718 0.301792 0.285191
-43.018033 -67.007319 1186.523504 6021.388195 -0.408604 0.898186 0.162187 0.291147 0.296682 -0.909513 0.865029 0.324411 0.382730
-53.137986 -84.232972 977.383821 9986.012985 -0.463888 0.690762 0.554667 0.163744 0.682179 -0.712615 0.870630 0.239750 0.429562
-37.368384 -52.578437 1525.178127 3893.240613 -0.332241 0.924791 -0.185411 0.314451 -0.076727 -0.946168 0.889234 0.372658 0.265309
-40.690238 -96.621924 4133.398098 19284.203116 0.392877 -0.596903 -0.699539 0.050611 0.773589 -0.631664 0.918197 0.212762 0.334135
-36.690390 -60.849109 -4294.261694 14356.816943 -0.325302 0.790311 0.519217 -0.006949 0.547069 -0.837059 0.945585 0.275905 0.172471
-34.045483 -49.092474 856.960927 6376.700055 -0.317808 0.947180 -0.042992 0.187634 0.018381 -0.982067 0.929404 0.320176 0.183565
28.352451 -60.585803 787.435236 5269.276324 -0.162278 0.982693 0.089331 -0.862682 -0.097345 -0.496290 0.479005 0.157602 -0.863549
26.972168 -49.884171 1270.117347 348.130982 -0.135434 0.985280 0.104313 -0.818871 -0.052042 -0.571613 0.557770 0.162835 -0.813865
20.814077 -59.693407 1936.887707 1569.931833 -0.049939 0.972795 0.226220 -0.788054 0.100770 -0.607303 0.613578 0.208601 -0.761583
20.483165 -70.932544 2363.969414 9449.823071 -0.106228 0.967099 0.231159 -0.869902 0.022221 -0.492724 0.481649 0.253427 -0.838921
11.956731 -74.974122 1466.051949 4159.118804 0.000327 0.941571 0.336813 -0.762312 0.218223 -0.609310 0.647209 0.256558 -0.717843
-2.950819 -74.913797 -7416.816519 5525.349127 -0.364754 0.918551 0.152377 -0.462026 -0.036472 -0.886116 0.808385 0.393617 -0.437697
-31.436904 -109.982972 27212.843034 -20648.288920 -0.503577 0.797588 0.332060 -0.280017 0.212925 -0.936084 0.817313 0.564373 -0.116114
-70.815849 -264.258369 35050.187338 -140342.852612 -0.194557 0.654983 0.730168 0.859335 -0.245111 0.448847 0.472959 0.714786 -0.515161
-5.125016 -58.266937 -10538.345306 -1391.718808 -0.196999 0.894750 0.400768 -0.392199 0.302723 -0.868642 0.898538 0.328302 -0.291284
6.851214 -73.036167 -6544.621318 8811.162855 -0.529623 0.840844 -0.111723 -0.453358 -0.391924 -0.800539 0.716915 0.373333 -0.588775
-8.197045 -56.077066 -15605.501971 4978.897681 -0.312503 0.939206 0.142249 -0.481606 -0.027576 -0.875954 0.818778 0.342246 -0.460944
-7.028513 -59.800734 -17258.276135 2136.526976 -0.269612 0.937406 0.220407 -0.416704 0.092772 -0.904296 0.868140 0.335653 -0.365609
-1.073758 -24.167835 934.207446 -1041.497518 -0.443896 0.895689 -0.026399 0.451905 0.198326 -0.869740 0.773782 0.398004 0.492803
-0.430211 -29.389808 982.536955 -974.414602 -0.420831 0.903706 -0.078845 0.423159 0.118685 -0.898248 0.802395 0.411375 0.432358
2.031258 -25.911871 640.673355 -878.347854 -0.390168 0.911191 -0.132285 0.452055 0.064408 -0.889662 0.802132 0.406917 0.437039
2.090450 -20.099225 769.043963 -893.106609 -0.450782 0.892236 -0.026674 0.449916 0.201297 -0.870089 0.770955 0.404221 0.492172
2.481390 -18.690645 1247.786921 -1702.432453 -0.501558 0.862474 0.067655 0.438724 0.320973 -0.839344 0.745628 0.391298 0.539375
-0.070378 -17.854595 2282.658818 -2938.459236 -0.500175 0.863239 0.068140 0.456386 0.329673 -0.826455 0.735892 0.382274 0.558864
-5.062930 -23.884576 1546.786920 -1456.346918 -0.494231 0.865987 0.076169 0.423894 0.316561 -0.848589 0.758979 0.387111 0.523541
-22.111724 -45.319672 -812.872140 -2751.459151 0.663342 0.746401 -0.053511 -0.512193 0.505002 0.694717 -0.545561 0.433427 -0.717290
-18.163991 -44.101224 -873.334633 -1611.197566 0.539246 0.840644 0.050325 -0.629988 0.363017 0.686538 -0.558865 0.401916 -0.725351
-21.724565 -45.920029 -1759.352512 -1067.422720 0.529792 0.846728 0.048702 -0.582289 0.321382 0.746762 -0.616652 0.423988 -0.663306
-26.602127 -46.552355 -1396.127803 -1116.632721 0.650045 0.757281 -0.062985 -0.447688 0.448626 0.773505 -0.614017 0.474615 -0.630653
-25.547972 -47.661032 -566.424435 -3023.272969 -0.776435 -0.606140 0.172463 -0.319530 0.614527 0.721288 -0.543185 0.504926 -0.670820
4.492344 -39.681133 109.908827 801.747501 -0.126054 0.991708 0.025029 -0.763646 -0.080899 -0.640547 0.633210 0.099857 -0.767511
4.029422 -43.000775 1155.128578 1908.074260 -0.166166 0.986080 0.005883 -0.709416 -0.115397 -0.695279 0.684922 0.119705 -0.718716
2.648769 -41.081487 2079.022934 2527.741102 -0.159482 0.986879 0.025196 -0.731784 -0.101050 -0.674004 0.662615 0.125929 -0.738298
2.115759 -38.377221 1397.445223 942.113827 -0.128210 0.990885 0.041342 -0.776028 -0.074279 -0.626309 0.617529 0.112382 -0.778478
-0.281977 -39.511237 1675.512368 2615.400393 -0.139119 0.989355 0.042700 -0.749149 -0.076947 -0.657917 0.647628 0.123517 -0.751879
-0.338027 -39.310658 1428.938044 1202.607972 -0.159773 0.987069 0.012916 -0.675222 -0.099733 -0.730841 0.720103 0.125490 -0.682425
20.985836 -46.823885 -5162.058976 877.821630 0.120396 0.951604 0.282762 -0.925185 0.004290 0.379493 -0.359914 0.307296 -0.880926
19.795595 -44.816566 -4587.002117 1137.501499 0.149185 0.952425 0.265765 -0.886521 0.009783 0.462584 -0.437977 0.304617 -0.845804
14.227930 -48.160062 -4649.705026 1486.467478 0.103982 0.961111 0.255841 -0.905806 -0.014718 0.423437 -0.410735 0.275772 -0.869049
12.953652 -49.529143 -4744.800835 -84.327268 0.084469 0.959684 0.268088 -0.955173 0.001371 0.296046 -0.283743 0.281077 -0.916780
23.267564 -47.897315 -5527.525468 -877.546402 0.089579 0.948809 0.302882 0.958495 0.000521 -0.285110 -0.270673 0.315851 -0.909381
5.370882 -72.680709 -964.824621 4576.307837 -0.160604 0.975872 -0.147918 0.077488 0.161867 0.983766 -0.983973 -0.146535 0.101614
6.359151 -69.136405 980.613559 4185.615414 -0.145056 0.982904 -0.113400 0.160146 0.136424 0.977620 -0.976377 -0.123649 0.177198
5.357944 -70.699333 1539.891687 1413.815972 -0.139818 0.981347 -0.131944 0.020859 0.136142 0.990470 -0.989958 -0.135733 0.039505
4.282216 -72.132498 -71.964406 -737.506781 -0.147762 0.975495 -0.163019 -0.078344 0.152766 0.985152 -0.985915 -0.158340 -0.053852
3.533515 -69.993778 1390.169962 -3112.167473 -0.140408 0.981263 -0.131941 -0.140770 0.112122 0.983673 -0.980035 -0.156689 -0.122390
-2.398982 -92.163456 -69.909406 -3881.633080 0.282162 0.958177 0.047759 -0.774304 0.256843 -0.578347 0.566426 -0.126207 -0.814392
-3.294347 -91.505968 22.067597 -835.639136 0.279908 0.958801 0.048500 -0.738910 0.247417 -0.626735 0.612914 -0.139591 -0.777722
-3.690506 -100.584309 -1250.741342 -7219.417345 0.270007 0.962723 0.016151 -0.835586 0.242618 -0.492882 0.478427 -0.119586 -0.869946
-2.212744 -91.571699 -443.541313 1310.049470 0.309874 0.948139 0.070784 -0.643740 0.264012 -0.718260 0.699698 -0.177003 -0.692165
-7.754215 -59.061485 -2450.340057 6680.622992 0.275111 0.961206 -0.019941 -0.136140 0.018416 -0.990518 0.951725 -0.275217 -0.135925
-4.921669 -51.607009 -2222.099328 3167.280637 0.289847 0.954034 0.076212 -0.208523 0.140667 -0.967849 0.934081 -0.264636 -0.239710
-8.454784 -58.627941 -953.758099 6381.221464 0.251702 0.966228 -0.055218 -0.181703 -0.008861 -0.983314 0.950595 -0.257535 -0.173336
-10.045341 -43.730081 1019.894913 4443.710990 0.024450 0.989342 -0.143544 -0.863850 -0.051359 -0.501124 0.503155 -0.136253 -0.853387
-9.654216 -43.489786 13.874498 4435.383830 -0.011489 0.986637 -0.162529 -0.854674 -0.094059 -0.510574 0.519038 -0.133043 -0.844333
-9.792108 -44.773751 -644.370950 -4213.344256 0.004258 0.982181 -0.187891 -0.756938 -0.119618 -0.642445 0.653473 -0.144958 -0.742941
-9.118657 -42.411009 2152.531165 6200.138505 -0.022440 0.989276 -0.144323 -0.907450 -0.080738 -0.412331 0.419561 -0.121713 -0.899530
-9.544573 -41.574166 2395.505267 6890.448828 0.015471 0.989267 -0.145295 -0.913873 -0.044971 -0.403501 0.405704 -0.139024 -0.903369
10.190391 -14.713866 3273.868247 -3273.855343 0.068860 0.734198 -0.675434 0.589962 -0.575937 -0.565899 0.804489 0.359513 0.472808
15.296219 -24.916985 1433.517859 -4866.453430 0.071992 0.783502 -0.617205 0.592666 -0.531321 -0.605347 0.802224 0.322217 0.502605
13.459924 -13.492532 3472.075967 2078.624047 0.222549 0.592574 -0.774163 -0.587252 0.715334 0.378726 0.778208 0.370343 0.507187
-11.251902 -43.670163 1530.074719 -4324.309731 -0.013194 0.993624 0.111973 0.989664 -0.003016 0.143373 -0.142797 -0.112707 0.983314
-10.253245 -52.916164 -2045.756634 -5703.287682 0.020527 -0.994637 -0.101372 0.999083 0.016595 0.039481 -0.037587 -0.102089 0.994065
-7.498370 -48.287648 1596.938745 -2106.246527 0.016882 0.995695 0.091141 0.990390 -0.029168 0.135194 -0.137271 -0.087982 0.986618
-8.804665 -45.604023 1489.493387 759.777253 0.038229 0.993872 0.103717 0.979114 -0.057996 0.194863 -0.199684 -0.094101 0.975331
-6.721311 -52.273733 444.018883 2960.114309 0.072834 0.991596 0.106921 0.970542 -0.095154 0.221347 -0.229661 -0.087650 0.969316
-8.549801 -117.760608 721.646150 -3273.303978 0.907343 0.222718 -0.356546 0.373304 -0.036843 0.926977 -0.193318 0.974187 0.116571
-8.023719 -115.132795 -1676.345363 -959.255944 0.879001 0.270403 -0.392734 0.428256 -0.085554 0.899598 -0.209654 0.958938 0.191004
-5.173360 -121.592882 -608.608077 -513.231520 0.886237 0.251972 -0.388708 0.449394 -0.264091 0.853406 -0.112380 0.931003 0.347282
-5.057556 -127.735990 1722.153347 -1636.204105 0.913596 0.199535 -0.354301 0.390523 -0.187798 0.901235 -0.113291 0.961727 0.249494
0.855568 -87.692159 436.806837 128.007402 -0.189317 -0.930315 -0.314123 0.941886 -0.081645 -0.325859 0.277505 -0.357559 0.891708
2.414940 -91.764869 281.029115 -7019.670914 0.256550 0.926667 0.274720 0.871936 -0.099259 -0.479454 0.417025 -0.362542 0.833459
1.382253 -78.149720 -373.024030 -1540.100993 -0.220634 -0.929582 -0.295292 0.924957 -0.103352 -0.365749 0.309475 -0.353829 0.882627
0.494964 -82.672819 388.379590 7289.363729 -0.165849 -0.930124 -0.327663 0.966482 -0.087276 -0.241445 0.195977 -0.356724 0.913423
0.811058 -141.536631 1136.615003 -1193.958100 0.800422 0.541509 -0.257087 -0.437999 0.821139 0.365906 0.409246 -0.180275 0.894438
0.968915 -153.093609 700.036791 -9471.884033 0.837003 0.485199 -0.252997 -0.482374 0.872532 0.077485 0.258343 0.057184 0.964359
0.033076 -144.236619 2728.244826 -7818.556168 0.815439 0.505069 -0.282780 -0.462798 0.862295 0.205584 0.347674 -0.036772 0.936894
-0.642456 -144.732267 1356.581913 3419.371811 0.800139 0.540339 -0.260404 -0.400394 0.804411 0.438871 0.446611 -0.246894 0.859990
5.972432 -139.166587 285.007283 18339.141399 0.851929 0.488160 -0.189515 -0.505056 0.861572 -0.051116 -0.138328 -0.139263 -0.980546
8.991208 -112.846502 -1890.265063 15138.758036 -0.855099 -0.488704 0.173130 -0.468356 0.871337 0.146334 -0.222369 0.044044 -0.973967
8.941757 -137.170473 -2127.847252 20213.072059 -0.850833 -0.492581 0.182886 -0.507571 0.860501 -0.043697 -0.135849 -0.130006 -0.982163
5.920361 -116.317413 555.362834 16468.957634 -0.849139 -0.496713 0.179555 -0.468659 0.865356 0.177534 -0.243562 0.066601 -0.967596
2.962803 -148.751022 -1663.863429 6032.101906 0.857970 0.474354 -0.197172 -0.513698 0.791151 -0.331955 0.001471 -0.386094 -0.922458
3.322590 -141.407794 231.053428 16046.889522 0.860187 0.482656 -0.164690 -0.500536 0.860882 -0.091354 -0.097686 -0.161014 -0.982106
-2.242526 -107.550648 3740.913045 -4444.307039 0.845784 0.239026 -0.476986 0.512118 -0.113008 0.851448 -0.149615 0.964415 0.217990
4.900143 -99.737681 206.739611 -3359.236756 0.859416 0.260791 -0.439763 0.441220 0.056269 0.895633 -0.258319 0.963754 0.066707
2.006353 -104.059863 -2404.390595 -4243.650276 0.867802 0.273416 -0.414926 0.445132 -0.056609 0.893674 -0.220856 0.960229 0.170832
-1.807709 -104.905771 -84.188144 -5224.837650 0.859708 0.258715 -0.440419 0.496588 -0.221462 0.839259 -0.119592 0.940224 0.318867
-13.112078 -172.609281 -369.472769 -28386.483608 -0.545554 -0.586529 0.598627 0.825097 -0.250673 0.506338 -0.146922 0.770160 0.620699
0.698716 -338.152774 -9776.332267 -62185.239368 -0.421694 -0.651065 0.631101 0.862441 -0.502883 0.057481 0.279946 0.568527 0.773568
10.985522 -397.967661 11470.759438 -120349.003987 -0.634094 -0.567645 0.525076 0.770843 -0.410425 0.487189 -0.061046 0.713674 0.697813
4996.081801 -9192.991794 -1895177.051448 -4751991.950297 -0.133524 -0.627766 0.766864 0.988883 -0.033299 0.144922 -0.065441 0.777689 0.625234
2.497475 -313.495211 -9012.542015 -109525.315531 0.698631 0.495987 -0.515667 0.668142 -0.194453 0.718174 -0.255932 0.846277 0.467241
-23.960585 -375.101386 706.792219 -141708.860244 -0.573659 -0.505169 0.644764 0.755160 -0.021297 0.655194 -0.317252 0.862758 0.393700
-52.317872 -165.193371 -14444.116635 -46308.873746 -0.443701 -0.577894 0.684959 0.857537 -0.051776 0.511810 -0.260307 0.814468 0.518538
-1191.026761 -2611.975627 -396092.496477 1869440.989061 0.709587 0.703664 -0.036648 -0.567994 0.540447 -0.620726 0.416976 -0.461275 -0.783171
-163.522925 -3457.120151 -56453.265362 -1342870.880791 0.844449 0.530446 -0.074386 -0.272980 0.306706 -0.911819 0.460856 -0.790290 -0.403799
-1607.948538 -2733.815383 -550145.425649 -629155.509903 0.931584 0.363361 -0.010937 -0.358047 0.922332 0.145276 -0.062875 0.131420 -0.989331
-1207.584856 -2940.076355 -411224.352668 519565.473359 0.904375 0.413698 0.104686 -0.305165 0.455488 0.836304 -0.298294 0.788280 -0.538178
18.059566 -15.387179 916.508088 17004.489822 -0.024534 0.963448 0.266769 -0.379603 -0.255841 0.889071 -0.924824 0.079453 -0.372005
13.240405 -39.863341 938.653018 8923.716393 0.015940 0.976746 0.213805 -0.447655 -0.184232 0.875022 -0.894065 0.109658 -0.434308
13.864548 -25.415386 732.934338 14138.830120 0.063441 0.984731 0.162114 -0.389424 -0.125137 0.912518 -0.918871 0.121022 -0.375539
19.158627 16.436659 -8992.142829 12965.786518 0.278215 0.839746 -0.466287 -0.214053 0.527450 0.822179 -0.936364 0.128932 -0.326495
13.692560 -18.292863 1036.852379 13627.426522 0.151734 0.986483 0.061863 -0.384220 0.001201 0.923241 -0.910688 0.163856 -0.379209
12.771647 -78.982521 -2199.652392 -3920.876843 0.867880 0.298191 -0.397324 0.193706 0.533367 0.823406 -0.457451 0.791582 -0.405138
13.797351 -71.745019 -527.808793 -3827.378556 0.885685 0.290308 -0.362330 0.109124 0.628378 0.770216 -0.451281 0.721708 -0.524865
12.883511 -78.950495 1605.385518 -4351.482383 0.898722 0.251200 -0.359441 0.192485 0.510507 0.838053 -0.394016 0.822363 -0.410451
9.885526 -89.389065 1786.907876 -4587.632133 0.900145 0.237723 -0.365004 0.274857 0.340091 0.899329 -0.337925 0.909849 -0.240791
13.696555 -85.230107 -1464.549772 -4091.731814 0.869578 0.281387 -0.405778 0.265319 0.426809 0.864546 -0.416462 0.859451 -0.296487
38.735257 -31.164152 14943.261302 -6485.039131 -0.453329 0.835546 0.310413 0.349064 0.486855 -0.800704 0.820151 0.254628 0.512364
42.231425 -29.817826 14867.569485 -5198.937207 -0.389421 0.901718 0.187765 0.457643 0.366340 -0.810159 0.799321 0.229564 0.555326
18.589165 -20.176967 8504.738755 -4525.803189 -0.453656 0.858560 0.238897 0.403504 0.436904 -0.803928 0.794595 0.268310 0.544637
20.914877 -19.036837 8971.782372 245.325223 -0.368730 0.928450 0.044944 0.483863 0.232998 -0.843557 0.793672 0.289298 0.535156
5.490687 -14.234266 2296.702858 -379.363579 -0.369032 0.925120 0.089265 0.462645 0.266146 -0.845651 0.806087 0.270774 0.526218
-11.109629 -37.502386 1132.650599 -2775.122298 -0.098193 0.995145 0.006705 -0.610423 -0.054907 -0.790171 0.785966 0.081682 -0.612850
-13.073855 -37.409764 1969.712727 -4689.280181 -0.103694 0.994573 -0.008461 -0.642210 -0.073448 -0.763002 0.759483 0.073684 -0.646341
-10.448756 -37.145764 1521.338355 -1567.435528 -0.105789 0.994138 0.022309 -0.692297 -0.057527 -0.719316 0.713816 0.091540 -0.694325
-8.606972 -36.973411 705.674547 -3104.271733 -0.092316 0.995174 0.033252 -0.628072 -0.032284 -0.777486 0.772660 0.092659 -0.628021
58.094279 -40.148385 9890.227593 -1315.511600 -0.213013 0.958872 0.187591 0.487307 0.270677 -0.830220 0.846851 0.085433 0.524923
65.298625 -55.638294 -1463.993786 2782.605891 -0.005092 0.970838 0.239684 0.514541 0.208066 -0.831839 0.857451 -0.119091 0.500595
62.514389 -38.586313 12795.455947 5734.933775 -0.160679 0.986576 0.029156 0.533211 0.111624 -0.838586 0.830583 0.119197 0.543989
40.350548 -27.005156 15355.122755 3321.108549 -0.318405 0.947511 0.028990 0.488604 0.190245 -0.851512 0.812333 0.256962 0.523533
12.738578 -252.077160 -4705.886587 -16783.541908 0.248257 0.959893 0.130282 0.769434 -0.113692 -0.628526 0.588506 -0.256280 0.766800
14.219446 -191.931265 985.033741 -18864.743859 0.224991 0.966976 0.119737 0.859708 -0.139177 -0.491458 0.458563 -0.213512 0.862631
14.441648 -211.501392 -1597.572371 -30924.506575 0.221161 0.964011 0.147551 0.934021 -0.165856 -0.316381 0.280522 -0.207787 0.937087
12.144991 -140.403932 11490.532311 44095.177794 0.640096 0.697035 0.323140 0.439793 -0.677292 0.589795 -0.629968 0.235410 0.740083
-35.598140 -96.814012 22134.924999 24628.693927 0.630602 0.733227 0.254398 0.504899 -0.636517 0.583029 -0.589421 0.239215 0.771595
6.170375 -63.531778 14324.585936 -11654.377824 0.697064 0.623182 0.354607 -0.426901 0.758067 -0.493042 -0.576070 0.192300 0.794458
17.194821 -50.622666 1462.549138 -7474.576628 0.635360 0.644602 0.425212 -0.429852 0.752668 -0.498716 -0.641517 0.134086 0.755299
22.966452 -57.257776 -417.300475 12770.491690 0.572178 0.717444 0.397349 0.437473 -0.676808 0.592071 -0.693707 0.164941 0.701117
25.196369 -155.903441 7876.763638 55082.666443 0.597416 0.729611 0.332808 0.412468 -0.635471 0.652723 -0.687724 0.252674 0.680582
14.678912 -96.058920 5320.409594 -3261.083306 -0.427789 -0.769497 -0.474205 0.796841 -0.073417 -0.599712 0.426662 -0.634416 0.644574
0.600689 -105.217075 10404.459140 -3301.822449 -0.440182 -0.729281 -0.523821 0.806605 -0.064855 -0.587522 0.394496 -0.681134 0.616790
12.820747 -86.829371 4799.406015 -4235.579937 -0.459862 -0.764935 -0.451000 0.842194 -0.214708 -0.494579 0.281487 -0.607268 0.742960
22.146654 -85.602374 -755.066627 -2038.995636 -0.395716 -0.823044 -0.407441 0.829555 -0.129998 -0.543082 0.394014 -0.552901 0.734203
16.090951 -78.892658 239.876253 -2945.101688 -0.429474 -0.814869 -0.389283 0.871556 -0.261100 -0.414990 0.236520 -0.517509 0.822339
7.710863 -78.141600 4716.421776 -8068.171379 -0.481940 -0.756930 -0.441350 0.870682 -0.357247 -0.338065 0.098220 -0.547203 0.831217
-39.466528 -141.258500 -14064.725349 -37068.668933 0.275134 -0.789918 -0.548024 0.959658 0.260005 0.107025 0.057948 -0.555362 0.829587
2.512272 -141.938321 -8614.744974 -35018.489041 0.163178 -0.818906 -0.550241 0.963964 0.251111 -0.087850 0.210112 -0.516077 0.830372
-14.549148 -115.252548 -4069.256239 -43064.500129 0.213401 -0.811333 -0.544242 0.976636 0.162706 0.140391 -0.025352 -0.561486 0.827098
-35.370292 -91.745338 -8598.341097 -12297.323191 0.488837 -0.738392 -0.464560 0.868664 0.362929 0.337203 -0.080386 -0.568384 0.818827
-37.108399 -52.160532 2321.412237 -2342.903080 0.311490 0.088729 0.946098 0.639614 0.716742 -0.277804 -0.702757 0.691671 0.166506
-34.261084 -53.284886 909.546943 -1962.390992 0.402968 0.074547 0.912173 0.624000 0.706721 -0.333419 -0.669507 0.703554 0.238269
-35.530309 -58.795202 1141.624981 -3376.675951 0.355960 0.074553 0.931523 0.711864 0.624164 -0.321977 -0.605427 0.777728 0.169105
-40.140473 -55.970920 2630.167400 -3183.793121 0.274477 0.112219 0.955023 0.696990 0.661005 -0.277989 -0.662470 0.741943 0.103215
-40.154884 -62.069888 2412.239284 -3440.672446 0.310409 0.127010 0.942080 0.748566 0.578175 -0.324596 -0.585915 0.805966 0.084395
-37.460539 -65.917364 373.172526 -3138.396114 0.345564 0.092988 0.933777 0.796781 0.496575 -0.344316 -0.495707 0.862999 0.097507
-36.077526 -63.660114 -193.919142 -4256.311286 0.353619 0.005647 0.935372 0.773781 0.560090 -0.295910 -0.525563 0.828413 0.193689
-47.781390 -63.092048 -19.106149 -2290.511285 0.645593 -0.647966 0.404166 0.689620 0.722006 0.055971 -0.328078 0.242586 0.912972
-50.434810 -65.125125 263.299295 -2560.320324 -0.541314 0.786945 -0.296138 0.801670 0.589259 0.100490 -0.253582 0.183008 0.949844
-50.265345 -67.508534 216.573049 -3085.341820 0.583848 -0.710094 0.393559 0.780340 0.624603 -0.030676 -0.224035 0.325020 0.918787
31.165818 -47.684661 -1525.552362 1524.361649 0.385730 0.921919 -0.035732 0.850811 -0.340466 0.400254 -0.356836 0.184791 0.915708
31.559135 -48.874289 4387.117765 1447.496552 0.427609 0.897969 -0.103934 0.824329 -0.340167 0.452513 -0.370988 0.279175 0.885680
29.019532 -44.719490 3762.875670 1559.824305 0.409957 0.905224 -0.111820 0.875366 -0.356032 0.327072 -0.256262 0.231969 0.938360
29.614067 -43.877455 -1882.996762 1382.077269 0.361801 0.931731 -0.031271 0.895813 -0.338175 0.288370 -0.258109 0.132345 0.957008
25.451916 -46.923642 -6112.441805 1473.225670 0.343496 0.938684 0.029723 0.874760 -0.331301 0.353602 -0.341767 0.095460 0.934924
27.180167 -43.670149 -5049.305344 -413.532829 0.340972 0.939800 0.022688 0.230022 -0.106807 0.967307 -0.911498 0.324606 0.252593
29.696144 -43.646496 1799.240236 -735.222732 0.433033 0.901093 -0.022656 0.297429 -0.119117 0.947284 -0.850893 0.416944 0.319593
26.324425 -44.614704 -4854.277980 -603.461885 0.346012 0.938146 0.012561 0.337923 -0.137102 0.931134 -0.875262 0.317939 0.364460
29.444733 -42.471381 2842.937543 -335.865678 0.442593 0.896589 -0.015468 0.215838 -0.089772 0.972294 -0.870359 0.433669 0.233250
-1.210111 -36.123183 336.546651 -4241.371343 0.690034 -0.682266 0.241590 0.702669 0.711513 0.002383 -0.173520 0.168113 0.970376
0.854344 -39.243425 66.529816 -2872.278611 0.718488 -0.650735 0.245599 0.669783 0.742515 0.007937 -0.187526 0.158795 0.969339
0.740509 -36.825322 345.563468 -808.693379 0.698119 -0.675200 0.238191 0.708393 0.699684 -0.092852 -0.103964 0.233555 0.966770
-1.506264 -40.269275 -837.156279 -396.282719 0.696596 -0.672337 0.250434 0.683594 0.727946 0.052854 -0.217838 0.134378 0.966690
0.148392 -34.791686 1049.223485 1220.296255 0.691046 -0.686235 0.227018 0.721090 0.676177 -0.151043 -0.049853 0.268078 0.962107
-4.037931 -58.518251 1057.188524 3607.447645 -0.601095 0.664012 -0.444717 0.727272 0.685180 0.040042 0.331300 -0.299361 -0.894776
-0.457524 -49.888696 2490.663776 3521.348330 -0.598927 0.682558 -0.418810 0.705475 0.697194 0.127380 0.378936 -0.219169 -0.899096
-8.882847 -53.443904 2015.000570 489.837760 -0.609481 0.666928 -0.428648 0.706868 0.701962 0.087102 0.358986 -0.249910 -0.899263
-7.491466 -59.879410 2003.358342 2878.206598 -0.560010 0.707911 -0.430407 0.770104 0.636354 0.044647 0.305497 -0.306455 -0.901530
-10.423553 -50.981838 1764.811351 -457.993381 -0.579143 0.689452 -0.435027 -0.727849 -0.677651 -0.105003 0.367191 -0.255822 -0.894274
-9.862215 -43.198319 437.545078 2722.775194 -0.579954 0.682957 -0.444098 0.670874 0.709650 0.215233 0.462149 -0.173109 -0.869742
0.374268 -68.789357 1152.463890 -4979.212234 0.458262 -0.879599 0.127679 0.887490 0.460680 -0.011661 -0.048562 0.118658 0.991747
0.542234 -61.413626 -1500.080224 -3857.362355 -0.478794 0.869352 -0.122404 0.861484 0.492096 0.125249 -0.169120 0.045481 0.984546
2.666481 -67.286978 -753.821180 -6146.243230 -0.475663 0.869187 -0.135128 0.869356 0.487936 0.078348 -0.134033 0.080207 0.987726
2.800981 -71.479661 768.001190 -4714.008426 0.461088 -0.877115 0.134412 0.887345 0.456449 -0.065364 -0.004020 0.149408 0.988767
-16.922619 -83.750406 -35.027758 -2860.134772 -0.601507 0.668133 -0.437936 0.798371 0.522080 -0.300060 0.028158 -0.530124 -0.847453
-17.639545 -78.749483 -1163.281031 -1097.134690 -0.602189 0.659368 -0.450113 0.793560 0.432680 -0.427843 -0.087351 -0.614834 -0.783804
-16.822287 -79.587330 -334.503908 -767.361504 -0.605365 0.682956 -0.408784 0.793421 0.476884 -0.378240 -0.063379 -0.553310 -0.830560
-3.371901 -54.364240 1582.955776 400.353928 0.954339 0.082332 0.287154 0.216524 -0.852896 -0.475064 -0.205800 -0.515548 0.831779
-5.375142 -60.635790 -1267.449619 367.584092 0.960494 0.039104 0.275538 0.172401 -0.860829 -0.478802 -0.218468 -0.507390 0.833563
-6.416740 -56.906499 -1025.126700 -3397.519352 0.970880 -0.039851 0.236228 0.060170 -0.913895 -0.401466 -0.231886 -0.403990 0.884885
-4.634469 -46.198280 833.381889 -4956.927265 0.970864 -0.108291 0.213766 -0.026542 -0.935171 -0.353200 -0.238156 -0.337235 0.910799
-5.508772 -52.328049 1704.432049 -2085.058496 0.966236 0.019735 0.256902 0.130459 -0.897282 -0.421740 -0.222191 -0.441015 0.869561
-4.106386 -45.399281 -2374.437792 -4347.816825 0.958550 -0.213173 0.189046 -0.145957 -0.937211 -0.316753 -0.244699 -0.276031 0.929478
-10.829675 -57.540295 -3478.870525 -3316.938441 0.969330 -0.141047 0.201259 -0.064019 -0.935558 -0.347321 -0.237278 -0.323785 0.915894
4.121185 -79.699465 3981.461674 -710.394618 -0.607439 0.746790 -0.270780 0.743220 0.413954 -0.525610 -0.280430 -0.520525 -0.806482
7.219296 -81.237980 3315.599621 1469.356089 -0.585025 0.754725 -0.296878 0.795327 0.462235 -0.392167 -0.158751 -0.465542 -0.870672
2.948738 -84.346856 4477.783274 1795.756991 -0.590897 0.757806 -0.276714 0.793290 0.483407 -0.370146 -0.146734 -0.438233 -0.886804
-1.738662 -56.561097 504.824086 1526.333043 -0.372590 0.868899 -0.325869 0.024808 -0.341702 -0.939481 0.927664 0.358126 -0.105759
-3.119927 -57.928899 2266.367502 3264.861507 -0.389954 0.865402 -0.314667 0.105413 -0.297520 -0.948878 0.914781 0.403189 -0.024794
-4.056944 -58.389745 -272.852249 4436.144335 -0.366364 0.877889 -0.308364 0.073006 -0.303263 -0.950106 0.927603 0.370597 -0.047014
-3.405974 -58.700133 -1011.217549 2183.535008 -0.347678 0.887951 -0.301103 0.066694 -0.296903 -0.952576 0.935239 0.351272 -0.044006
-18.123547 -91.717635 2211.983478 -5507.101928 0.844251 -0.363732 0.393624 0.375102 0.925592 0.050777 -0.382804 0.104781 0.917868
-23.439162 -90.078756 1660.706662 -5823.938011 0.824717 -0.360835 0.435476 0.378264 0.924370 0.049563 -0.420425 0.123850 0.898835
-19.761683 -81.048541 1865.773307 -4092.945798 0.845727 -0.338866 0.412209 0.284890 0.939910 0.188168 -0.451203 -0.041704 0.891446
-13.959835 -89.497822 3282.426480 -6088.363069 0.861384 -0.358592 0.359764 0.333253 0.933477 0.132527 -0.383355 0.005735 0.923583
-14.114876 -78.776996 3837.187143 -5000.416633 0.868172 -0.343718 0.357960 0.256520 0.928291 0.269210 -0.424823 -0.141897 0.894087
-16.682157 -71.524543 2712.879864 -3792.707208 0.859997 -0.320694 0.396938 0.199213 0.927121 0.317428 -0.469807 -0.193912 0.861208
-21.481849 -72.987212 1414.063789 -2717.117776 0.842463 -0.287684 0.455516 0.173967 0.945467 0.275369 -0.509894 -0.152743 0.846568
3.573271 -85.455497 121.398729 2985.263585 -0.517457 0.740170 -0.429402 0.419766 -0.217719 -0.881133 0.745677 0.636197 0.198038
3.407334 -90.574694 -374.422735 10761.353796 -0.541681 0.753249 -0.373092 0.494069 -0.073782 -0.866287 0.680057 0.653584 0.332190
4.514645 -99.246604 -665.966476 10600.672810 -0.543027 0.753765 -0.370080 0.506764 -0.057245 -0.860182 0.669561 0.654645 0.350896
4.191683 -89.285005 -165.219344 4446.690563 -0.517318 0.734989 -0.438376 0.441624 -0.209498 -0.872399 0.733042 0.644904 0.216212
3.464257 -88.406827 -68.498764 -3123.737500 -0.495009 0.723111 -0.481742 0.364748 -0.330283 -0.870559 0.788622 0.606649 0.100260
2.366926 -91.769718 599.778468 -6824.752889 -0.496158 0.722013 -0.482208 0.340047 -0.349426 -0.873081 0.798871 0.597159 0.072148
2.364842 -220.231047 1591.523825 -6733.617256 0.856125 -0.217277 0.468872 0.286843 0.954511 -0.081428 -0.429851 0.204205 0.879505
2.319738 -215.168568 1115.322269 1662.823724 0.840197 -0.252080 0.480131 0.372968 0.911346 -0.174192 -0.393655 0.325429 0.859728
-0.675848 -188.638264 1027.656078 -5207.887380 0.857215 -0.206136 0.471901 0.194634 0.978103 0.073701 -0.476760 0.028670 0.878566
0.861305 -196.799147 3138.929418 -9070.427393 0.869227 -0.192252 0.455504 0.089660 0.967320 0.237176 -0.486216 -0.165319 0.858058
-2.791682 -177.989818 -124.632119 -5240.609695 0.846132 -0.201292 0.493499 0.062876 0.957171 0.282615 -0.529251 -0.208100 0.822550
14.269637 -138.075752 5262.036311 -11560.154682 0.859585 -0.059142 0.507559 0.404884 -0.527141 -0.747122 -0.311741 -0.847717 0.429177
19.552085 -136.807770 3815.668804 931.115143 0.850236 -0.090073 0.518638 0.465474 -0.331466 -0.820648 -0.245829 -0.939158 0.239898
20.892589 -132.813902 5396.085424 -17017.202976 0.849537 -0.068111 0.523114 0.372184 -0.625368 -0.685853 -0.373853 -0.777352 0.505923
14.166263 -125.613911 4323.119601 -14743.611258 0.860767 -0.044482 0.507052 0.328243 -0.712850 -0.619759 -0.389020 -0.699904 0.598997
8.252307 -137.627400 1477.288820 -10808.865757 0.860539 -0.066809 0.504985 0.394155 -0.540643 -0.743201 -0.322669 -0.838595 0.438912
-14.101463 -47.806822 2831.502754 21.729637 0.427508 0.886475 -0.177200 0.740072 -0.230623 0.631749 -0.519163 0.401218 0.754648
-20.437113 -46.927060 2100.058687 -133.231110 0.374180 0.909330 -0.181958 0.694548 -0.144783 0.704727 -0.614485 0.390073 0.685749
-17.821459 -47.536532 2816.530939 -240.114029 0.383541 0.904208 -0.187896 0.765621 -0.197537 0.612213 -0.516451 0.378666 0.768044
-17.018181 -47.144700 2829.295334 478.286057 0.385271 0.904645 -0.182165 0.814904 -0.240900 0.527161 -0.433009 0.351547 0.830011
-12.536954 -47.298166 3460.324892 87.441419 0.420895 0.886360 -0.192905 0.803643 -0.265727 0.532491 -0.420719 0.379150 0.824161
-5.070181 -108.359560 -56.365003 -10868.492177 0.858850 -0.244965 0.449854 0.263821 -0.541241 -0.798409 -0.439061 -0.804394 0.400218
-3.868738 -140.890095 795.805739 -19409.559176 0.868782 -0.233152 0.436874 0.317768 -0.414138 -0.852944 -0.379792 -0.879846 0.285707
-5.247155 -106.186435 194.662891 -9237.544770 0.869589 -0.238045 0.432607 0.231735 -0.576896 -0.783256 -0.436020 -0.781361 0.446499
-5.568721 -87.554027 178.684426 -6937.172416 0.863439 -0.257272 0.433917 0.167768 -0.664759 -0.727976 -0.475738 -0.701361 0.530817
-30.036543 -237.313245 -11007.950336 -118754.122349 0.679096 0.126206 0.723118 0.520978 0.611115 -0.595920 0.517117 -0.781416 -0.349255
13.779671 -816.671333 38701.993856 -316815.489207 -0.595162 0.105547 -0.796645 0.373362 0.914163 -0.157817 0.711606 -0.391363 -0.583482
2.961923 -3815.387672 32157.862522 -1609034.811065 -0.594277 0.055465 -0.802346 0.479027 0.825771 -0.297718 0.646041 -0.561272 -0.517306
-29.348792 -166.390176 12753.746402 7971.054053 0.769032 0.499095 0.399367 0.203525 0.401078 -0.893148 0.605943 -0.768141 -0.206864
-32.657675 -182.583744 -6539.885089 -51052.757173 -0.136755 0.347634 -0.927604 0.891686 0.451090 0.037594 0.431502 -0.821990 -0.371669
8.470518 -384.563729 -13361.205838 -244913.153527 -0.616809 -0.268756 -0.739809 0.670699 0.312467 -0.672702 0.411959 -0.911117 -0.012478
-126.980712 -2430.456260 -58363.630633 -472530.429610 0.677314 -0.179218 0.713531 0.609377 -0.406736 -0.680607 -0.412196 -0.895794 0.166277
-307.472816 -2384.378571 -121131.695041 70224.148496 0.627662 -0.205271 0.750935 0.627641 0.704095 -0.332140 0.460551 -0.679790 -0.570770
-365.683237 -11092.964337 117635.831270 -5619471.534518 -0.590637 0.148841 -0.793092 0.745263 -0.276235 -0.606859 -0.309405 -0.949495 0.052229
-854.410124 -9538.997227 -316561.482685 12791981.656428 0.712459 -0.280370 0.643269 0.462470 0.877061 -0.129945 -0.527753 0.390073 0.754533
13.685181 -44.392064 -7491.934149 -1089.756428 0.050114 0.963737 0.262105 -0.077112 -0.257917 0.963085 -0.995762 0.068475 -0.061391
13.439520 -43.830143 -3710.377418 200.309271 0.092589 0.967140 0.236787 -0.146916 -0.221936 0.963929 -0.984806 0.124038 -0.121539
21.133882 -43.733655 -5766.441106 -27.398671 0.094246 0.969631 0.225684 -0.040055 -0.222816 0.974037 -0.994743 0.100839 -0.017839
-7.019293 -79.670347 510.061864 -5962.940466 0.862647 -0.273449 0.425518 0.107377 -0.723088 -0.682359 -0.494277 -0.634326 0.594408
-6.168810 -75.722215 326.536832 -5809.425445 0.865503 -0.285702 0.411435 0.055282 -0.761886 -0.645348 -0.497844 -0.581296 0.643620
-8.609587 -69.287184 1443.729500 -2715.719795 0.867685 -0.296034 0.399358 -0.001569 -0.804979 -0.593302 -0.497112 -0.514172 0.698932
-8.665365 -70.820176 676.200006 -4676.026181 0.853734 -0.271109 0.444566 0.089553 -0.764602 -0.638251 -0.512951 -0.584708 0.628488
-2.890698 -57.933662 298.582397 1442.788372 -0.359272 0.888734 -0.284739 0.002696 -0.304121 -0.952630 0.933229 0.343021 -0.106866
-3.924152 -61.384878 -517.815767 1613.576777 -0.354185 0.893880 -0.274829 0.147844 -0.236663 -0.960278 0.923415 0.380748 0.048332
39.365466 -22.248523 -39885.828098 1891.763894 0.946804 0.256619 -0.194190 0.023842 -0.657705 -0.752898 0.320927 -0.708217 0.628836
256.442277 -36.190445 -133502.088611 2019.005779 0.930117 0.360509 -0.070106 0.185114 -0.625059 -0.758310 0.317198 -0.692340 0.648113
345.711762 -29.304267 -182242.709223 -939.533953 0.951007 0.294147 -0.095204 0.112223 -0.615357 -0.780219 0.288083 -0.731310 0.618218
-4.234257 -242.131634 -3067.418091 -24415.127083 0.711825 -0.570274 0.409991 -0.304651 0.275270 0.911819 0.632845 0.773960 -0.022210
-7.425074 -226.330452 673.656559 28695.108315 -0.688490 0.600008 -0.407397 0.179885 -0.402903 -0.897391 0.702583 0.691130 -0.169462
1.674954 -207.979467 -6543.406063 -25827.007872 0.733438 -0.538027 0.415446 -0.125737 0.493242 0.860757 0.668026 0.683549 -0.294112
3.148645 -263.998107 -3702.659627 -38936.550662 0.716668 -0.554869 0.422502 -0.305122 0.295296 0.905373 0.627127 0.777766 -0.042327
-35.766990 -510.530724 -4247.422818 -186122.606735 0.712058 0.038178 0.701082 0.400840 0.797701 -0.450556 0.576455 -0.601844 -0.552706
-34.741431 -479.002212 5563.218870 -146887.957171 -0.731596 0.042342 -0.680422 0.156628 0.981811 -0.107310 0.663502 -0.185081 -0.724921
-44.066873 -707.329926 -7437.389380 -277098.239281 -0.584156 0.142026 -0.799119 0.308232 0.949630 -0.056541 0.750836 -0.279343 -0.598509
-19.120365 -331.953218 8230.122667 -97184.618587 -0.765778 0.052861 -0.640929 0.344193 0.875552 -0.339028 0.543246 -0.480223 -0.688672
-38.461571 -371.328126 -3815.767259 -116793.132629 -0.606384 -0.107369 -0.787890 0.449939 0.770636 -0.451304 0.655632 -0.628166 -0.418992
-39.218754 -638.735161 -7833.972445 -264651.537790 -0.524988 0.002255 -0.851107 0.717917 0.538290 -0.441406 0.457147 -0.842757 -0.284214
-23.845110 -279.354005 -8256.926727 -87633.405099 0.750119 0.018310 0.661050 0.509027 0.622135 -0.594845 0.422154 -0.782696 -0.457354
0.829358 -74.870161 141.976819 23571.432618 -0.606647 0.766759 -0.209904 -0.542139 -0.592143 -0.596198 0.581433 0.247885 -0.774912
12.080808 -43.918849 -6037.009456 6206.937607 -0.378911 0.925342 0.012961 -0.731098 -0.290726 -0.617231 0.567382 0.243351 -0.786675
15.075150 -54.685184 -1831.409322 5733.399148 -0.541381 0.832266 -0.119335 -0.664067 -0.510320 -0.546433 0.515676 0.216582 -0.828957
0.754255 -94.496582 5539.443640 -27628.908831 -0.694396 0.662223 -0.281559 0.439947 0.700324 0.562132 0.569440 0.266471 -0.777645
-6.851849 -122.400770 1504.786382 -34395.849822 -0.676970 0.658431 -0.328906 0.311701 0.661302 0.682292 0.666749 0.359371 -0.652916
-40.955750 -74.097726 -227.510700 6445.002068 -0.425000 0.901964 0.076394 0.403548 0.264340 -0.875941 0.810262 0.341446 0.476330
-47.081082 -78.718541 628.546622 6024.694569 -0.420132 0.867315 0.266932 0.357505 0.428556 -0.829777 0.834074 0.253186 0.490120
-38.160131 -62.518689 -44.751590 5102.048145 -0.391128 0.914320 -0.105061 0.389596 0.061067 -0.918959 0.833807 0.400361 0.380100
28.822660 -47.756246 -626.117395 -2738.149927 -0.184212 0.982835 0.010087 -0.826709 -0.149382 -0.542437 0.531619 0.108262 -0.840036
-70.952007 -217.513343 48394.376450 31462.355068 -0.431076 0.669994 0.604385 -0.521127 0.361947 -0.772930 0.736614 0.648153 -0.193125
-7.890879 -58.058405 -4343.323418 -17136.698554 -0.154205 0.838020 0.523396 -0.277561 0.471658 -0.836958 0.948251 0.274338 -0.159870
-17.990179 -83.640294 10651.664786 -42460.115612 -0.244880 0.842176 0.480389 -0.090016 0.473587 -0.876135 0.965366 0.257791 0.040163
-21.913775 -378.526412 16792.347011 -167600.435055 -0.364416 0.896388 0.252367 0.023383 0.279724 -0.959796 0.930943 0.343864 0.122896
3.208093 -31.759104 1044.136740 -1610.421647 -0.379957 0.910595 -0.162632 0.408026 0.007202 -0.912942 0.830149 0.413237 0.374283
-0.302399 -34.091294 1470.545662 -1775.946170 -0.412602 0.905374 -0.100290 0.377485 0.069745 -0.923385 0.829014 0.418848 0.370542
-4.382833 -30.684433 1402.087662 -1602.103231 -0.451990 0.892023 -0.000320 0.388384 0.196472 -0.900309 0.803034 0.407055 0.435251
-10.138656 -41.008466 -135.750372 -1194.529953 0.471689 0.879206 0.067130 -0.753777 0.362551 0.548067 -0.457526 0.309118 -0.833736
-14.531476 -43.030277 -449.549117 -1160.701847 0.476764 0.875160 0.082400 -0.699900 0.321223 0.637931 -0.531823 0.361815 -0.765672
-11.871010 -40.382710 291.681550 -720.462197 0.562336 0.826061 0.037438 -0.686623 0.441227 0.577813 -0.460790 0.350631 -0.815310
-6.337746 -37.695799 341.498838 -906.827399 0.572359 0.819773 0.019445 -0.715488 0.487683 0.500242 -0.400602 0.300231 -0.865667
4.543363 -44.473593 1999.003988 698.025309 -0.192323 0.980942 -0.027649 -0.611852 -0.141892 -0.778141 0.767235 0.132738 -0.627480
4.426526 -44.092358 -802.852571 2024.725380 -0.174998 0.983791 -0.039122 -0.646430 -0.144777 -0.749112 0.742634 0.105803 -0.661287
4.261184 -45.687625 162.594668 -1150.686652 -0.164649 0.985799 -0.033029 -0.539724 -0.118072 -0.833521 0.825584 0.119412 -0.551500
2.756882 -47.914209 2248.417891 942.636027 -0.196511 0.980282 -0.020765 -0.540459 -0.125964 -0.831888 0.818100 0.152252 -0.554555
17.393155 -43.983526 -3198.656855 1808.808154 0.149434 0.954466 0.258194 -0.861477 -0.002488 0.507790 -0.485310 0.298310 -0.821879
21.549157 -39.248844 13.097896 1608.858026 0.200254 0.931226 0.304494 -0.846512 0.007982 0.532309 -0.493270 0.364355 -0.789893
20.005546 -40.428462 -2686.687072 2840.034205 0.176485 0.953294 0.245120 -0.812805 0.000689 0.582535 -0.555158 0.302044 -0.774964
24.002214 -36.086935 -1423.030028 2155.614482 0.233723 0.937899 0.256358 -0.788478 0.028553 0.614399 -0.568925 0.345732 -0.746186
21.807513 -33.268697 3274.038565 1808.194111 0.269411 0.908146 0.320449 -0.789712 0.017897 0.613216 -0.551155 0.418270 -0.721996
17.762216 -33.424878 3537.067825 1415.252561 0.234075 0.890410 0.390358 -0.837812 -0.018958 0.545630 -0.493234 0.454765 -0.741558
21.787064 -37.688292 3157.475793 -886.290287 0.195355 0.898700 0.392650 0.881473 0.014614 -0.472007 -0.429931 0.438320 -0.789326
-1.462192 -69.217358 1369.944361 2869.186630 0.115451 0.991695 -0.056672 0.149939 -0.073799 -0.985937 0.981931 -0.105330 0.157214
-0.841521 -69.125410 327.490545 -4096.879728 0.129515 0.990813 -0.038919 0.355482 -0.083036 -0.930987 0.925666 -0.106742 0.362971
-0.735596 -71.347406 459.394038 -4245.474208 0.146319 0.988155 -0.046260 0.315760 -0.090971 -0.944468 0.937489 -0.123586 0.325330
-2.638682 -66.149168 -1758.049424 1216.443605 0.162652 0.985729 -0.043400 0.172182 -0.071667 -0.982455 0.971544 -0.152325 0.181382
-0.171371 -73.226991 720.897732 4135.368651 0.145795 0.987566 -0.058797 0.134378 -0.078650 -0.987804 0.980146 -0.136116 0.144174
0.030122 -70.416374 1038.895436 6639.144369 0.143345 0.986806 -0.075276 -0.034057 -0.071098 -0.996888 0.989087 -0.145463 -0.023416
-0.414256 -65.453577 430.198947 4923.385265 0.140396 0.986509 -0.084191 -0.030541 -0.080678 -0.996272 0.989624 -0.142444 -0.018802
6.892045 -68.459608 285.332045 3144.745259 -0.145094 0.981714 -0.123231 0.178291 0.148452 0.972715 -0.973221 -0.119164 0.196570
5.511290 -72.636836 -1064.216061 3680.988056 -0.141607 0.978555 -0.149591 0.132376 0.168476 0.976777 -0.981032 -0.118516 0.153395
7.120065 -64.789199 169.461158 1089.471075 -0.134780 0.982854 -0.125823 0.242475 0.155835 0.957560 -0.960750 -0.098551 0.259322
16.341332 -107.143486 1450.514167 1309.005658 0.290137 0.905706 0.309060 -0.781294 0.410674 -0.470029 0.552631 0.105094 -0.826773
16.411202 -106.019566 3331.049862 3719.610542 0.309067 0.871846 0.379949 -0.830663 0.442012 -0.338562 0.463116 0.210972 -0.860822
22.762139 -105.416804 831.221995 7093.671692 0.279421 0.912567 0.298572 -0.910274 0.350704 -0.220018 0.305492 0.210305 -0.928680
-4.062900 -115.750997 -123.918471 -9755.774556 0.243441 0.969682 0.021267 -0.915286 0.236929 -0.325755 0.320918 -0.059837 -0.945215
-4.915729 -107.391353 -1374.482085 -9138.457282 0.258425 0.965928 0.014109 -0.905776 0.247358 -0.344069 0.335836 -0.076137 -0.938838
