18566
37110
-29.140375 -54.211838 -5166.302448 4783.285542 0.770744 0.623017 -0.133432 0.515966 -0.487449 0.704395 -0.373808 0.611755 0.697154
-37.555587 -65.135597 -3537.595411 5629.492891 0.671431 0.689041 -0.272769 0.608561 -0.302627 0.733533 -0.422887 0.658513 0.622517
-33.362985 -62.379868 1533.790281 8036.231622 -0.539680 -0.765071 0.351300 0.746307 -0.241675 0.620177 -0.389579 0.596875 0.701405
-36.143950 -56.953768 -1528.000288 3443.314753 0.852342 0.510633 -0.112989 0.403850 -0.505364 0.762570 -0.332293 0.695601 0.636962
-25.887124 -45.596150 -4638.879008 6005.258377 0.765276 0.634727 -0.107117 0.544616 -0.549741 0.633386 -0.343141 0.543052 0.766386
-29.431656 -47.484836 -2124.732280 3603.153132 0.916237 0.398473 0.041586 0.261008 -0.672437 0.692606 -0.303949 0.623736 0.720117
52.380008 -68.668853 -2023.718183 -5271.264340 0.653647 0.747285 -0.119627 0.562237 -0.585308 -0.584212 0.506591 -0.314610 0.802737
49.393241 -65.215280 1993.628985 -5351.726251 0.544409 0.816089 -0.193952 0.619893 -0.547192 -0.562417 0.565111 -0.185955 0.803785
55.369599 -71.492315 1541.606592 -11711.292456 0.558265 0.807325 -0.191221 0.582291 -0.545444 -0.602850 0.590996 -0.225204 0.774601
59.042689 -84.422359 2625.996834 -10089.524441 0.567378 0.796887 -0.207491 0.495439 -0.531619 -0.686966 0.657741 -0.286971 0.696438
-7.256931 -10.654449 3889.489401 3620.098558 0.833129 -0.468469 0.293996 -0.524638 -0.837653 0.151964 -0.175076 0.280847 0.943649
-3.339215 -36.760381 989.698027 -21077.585378 0.164228 -0.917139 0.363159 0.960839 0.232037 0.151487 -0.223201 0.324059 0.919330
-2.873968 -33.332595 10005.847263 -11371.388986 -0.084563 -0.960281 0.265913 0.984423 -0.039231 0.171383 -0.154144 0.276263 0.948640
3.035107 -13.752576 585.838243 -2099.773838 0.769738 0.459043 -0.443602 0.463492 0.075946 0.882840 -0.438952 0.885162 0.154304
0.227710 -13.467999 -901.002848 -1343.331862 0.836502 0.469552 -0.282463 0.341292 -0.043165 0.938966 -0.428700 0.881849 0.196362
3.130271 -11.018336 -1973.249014 -1299.260306 -0.630337 -0.437105 0.641572 0.635582 0.183974 0.749793 -0.445771 0.880394 0.161850
3.805780 -22.344987 -2743.369376 -1811.615046 -0.132312 -0.773517 0.619811 0.936285 0.107728 0.334313 -0.325368 0.624553 0.709978
8.722972 -27.696953 -4280.775163 -1925.830432 -0.163563 -0.773443 0.612399 0.953656 0.034960 0.298861 -0.252561 0.632900 0.731881
12.250814 -22.163035 -5729.591463 -2112.411533 -0.265449 -0.781419 0.564730 0.911473 -0.012476 0.411171 -0.314252 0.623882 0.715554
0.196860 -28.011002 -2056.466395 -1963.841742 -0.040393 -0.762528 0.645694 0.961522 0.146085 0.232667 -0.271741 0.630247 0.727287
-2.209687 -23.175980 -778.554680 -1854.940284 0.013917 -0.753287 0.657544 0.938656 0.236458 0.251022 -0.344573 0.613715 0.710369
30.535478 -36.240426 8116.575395 -231.888619 -0.345562 0.715581 -0.607067 0.043825 -0.633908 -0.772166 0.937372 0.293435 -0.187694
35.996304 -37.492660 8377.077321 -876.374983 -0.289863 0.826640 -0.482334 -0.014405 -0.507681 -0.861425 0.956960 0.242747 -0.159066
44.355617 -41.510240 9162.678945 3846.312887 -0.319654 0.779463 -0.538756 0.056119 -0.552016 -0.831943 0.945871 0.296169 -0.132711
95.948774 -37.177683 13459.801718 -3009.222889 0.452371 0.890307 0.052097 0.396066 -0.252896 0.882709 -0.799057 0.378678 0.467023
81.861555 -35.994058 28152.636529 -3316.365980 0.622054 0.778890 -0.079872 0.351847 -0.186945 0.917200 -0.699466 0.598650 0.390340
90.675394 -37.765108 33212.770732 -2345.664835 0.633774 0.766371 -0.104910 0.417084 -0.224354 0.880742 -0.651438 0.601948 0.461831
3.391037 -77.368534 414.696704 -2062.541101 0.332261 0.900479 -0.280609 0.904613 -0.220028 0.365053 0.266981 -0.375135 -0.887691
3.064303 -77.972250 312.377527 -261.334471 0.365498 0.892318 -0.264916 -0.822486 0.176352 -0.540755 0.435807 -0.415535 -0.798375
1.120917 -82.635539 491.416190 -2016.985718 0.345096 0.898713 -0.270600 0.881242 -0.211043 0.422934 0.322988 -0.384417 -0.864814
0.680490 -81.423556 526.761503 -1595.578953 0.301025 0.909271 -0.287418 0.941682 -0.235901 0.239971 0.150396 -0.342894 -0.927257
3.293987 -75.931652 429.861708 -1523.305038 0.291162 0.911373 -0.290903 0.951303 -0.243643 0.188841 0.101228 -0.331720 -0.937931
9.668168 -196.232518 -470.638027 -866.147940 0.412606 0.878786 -0.239773 0.610723 -0.071579 0.788602 -0.675850 0.471817 0.566229
8.209577 -193.846777 -755.846452 -555.184916 0.418056 0.882817 -0.214159 0.751796 -0.203890 0.627082 -0.509933 0.423159 0.748936
7.523689 -178.879635 -451.879991 -6958.745213 0.374834 0.897532 -0.232238 0.583712 -0.033861 0.811254 -0.720263 0.439646 0.536593
0.977756 -59.262621 143.236201 -1605.102894 0.289754 0.879512 -0.377494 -0.703700 -0.071568 -0.706883 0.648729 -0.470465 -0.598175
0.944467 -55.545892 492.781190 -977.629258 0.307892 0.887308 -0.343348 -0.569582 -0.117161 -0.813542 0.762089 -0.446047 -0.469321
-0.072288 -60.787430 65.159498 -1389.390139 0.295105 0.879192 -0.374077 -0.697106 -0.069625 -0.713579 0.653418 -0.471353 -0.592344
0.774717 -63.518151 -103.193463 -1371.373842 0.277706 0.877463 -0.391074 -0.811166 -0.003916 -0.584803 0.514674 -0.479629 -0.710680
0.926087 -62.285116 -22.796405 -1191.976154 0.270159 0.878001 -0.395131 -0.822265 -0.003104 -0.569096 0.500893 -0.478649 -0.721111
14.113819 -39.341669 -4373.152793 -1815.331983 -0.336725 -0.802466 0.492610 0.793504 0.039815 0.607261 -0.506920 0.595368 0.623353
11.413900 -44.857130 -3192.054186 -2910.367476 -0.356984 -0.816749 0.453303 0.831350 -0.056519 0.552868 -0.425934 0.574218 0.699181
21.096427 -34.950923 2143.687714 -1957.609483 0.228405 0.836729 -0.497711 0.811031 0.119278 0.572714 -0.538572 0.534470 0.651369
26.244259 -30.180772 3416.878412 -938.291595 0.194970 0.813499 -0.547910 0.768821 0.220112 0.600387 -0.609016 0.538303 0.582520
-6.657049 -157.511960 1535.698436 -13836.087209 0.294651 -0.039858 0.954774 0.923284 0.269527 -0.273681 -0.246428 0.962168 0.116216
-2.979179 -172.020350 1258.884925 -9484.483389 0.299951 -0.044104 0.952934 0.952138 0.075452 -0.296209 -0.058837 0.996174 0.064626
-6.459861 -175.302493 1430.435657 -11636.602171 0.295073 -0.041136 0.954589 0.955156 0.038515 -0.293589 -0.024689 0.998411 0.050657
15.126173 -53.348730 2783.043547 58.207005 0.526104 0.217273 0.822197 0.592662 0.599689 -0.537703 -0.609891 0.770172 0.186730
15.308370 -54.886415 -1863.687689 96.932306 0.507437 0.266811 0.819341 0.549132 0.632635 -0.546102 -0.664050 0.727038 0.174507
17.998790 -61.415929 -3502.948227 -7838.725179 0.477489 0.267071 0.837064 0.620162 0.572430 -0.536399 -0.622417 0.775240 0.107702
2.540471 -159.732412 2450.171127 9790.135279 -0.195725 -0.143770 -0.970063 0.977125 -0.112496 -0.180477 -0.083181 -0.983196 0.162500
-4.110815 -151.969755 977.043283 14953.460291 -0.169722 -0.144137 -0.974894 0.984732 0.014044 -0.173511 0.038700 -0.989458 0.139552
-1.889088 -158.786782 2473.285975 6790.939346 -0.167402 -0.132159 -0.976991 0.971122 -0.192977 -0.140292 -0.169996 -0.972262 0.160647
18.811196 -184.562184 1907.888358 3889.837885 -0.033949 -0.244286 0.969109 0.894504 0.425071 0.138484 -0.445770 0.871573 0.204084
20.987068 -170.975113 -7944.987568 8195.141073 -0.125001 -0.221259 0.967171 0.879106 0.427205 0.211350 -0.459943 0.876664 0.141109
6.416198 -169.959040 -398.849198 4970.134209 0.000480 -0.225585 0.974223 0.971677 0.230325 0.052854 -0.236312 0.946605 0.219306
3.838087 -183.094592 8318.164343 1023.781450 0.054329 -0.259751 0.964146 0.963505 0.267108 0.017669 -0.262121 0.927999 0.264783
0.804328 -141.935254 -3549.540417 8067.300494 -0.049095 -0.220978 0.974042 0.977253 0.190817 0.092547 -0.206314 0.956430 0.206584
1.703466 -156.571183 -2456.347012 -14178.641800 0.089862 -0.198015 0.976071 0.993540 0.086014 -0.074021 -0.069298 0.976418 0.204466
7.079489 -157.044744 -5470.937434 19943.458609 -0.148608 -0.232295 0.961226 0.910860 0.346307 0.224512 -0.385032 0.908906 0.160125
34.665919 -191.275014 -1923.562613 5370.459114 -0.127710 -0.262228 0.956518 0.770500 0.581033 0.262163 -0.624515 0.770478 0.127843
-364.447145 -1650.818381 160883.143721 -72831.001547 0.208482 -0.031238 -0.977527 0.928243 0.321139 0.187708 0.308058 -0.946517 0.095948
-1130.667425 -1982.891302 364181.871118 152800.978046 0.748536 -0.169541 -0.641054 -0.617203 -0.531538 -0.580110 0.242392 -0.829894 0.502516
-635.661976 -2382.893674 175397.213640 -2672262.165291 -0.109156 -0.035304 -0.993398 0.872949 -0.481404 -0.078812 -0.475443 -0.875788 0.083367
-8.706082 -26.734705 789.083495 1716.108246 -0.385137 -0.270484 0.882331 0.755568 0.456551 0.469764 -0.529893 0.847584 0.028534
-6.528531 -27.411771 -359.005111 3113.679068 -0.140752 -0.106560 0.984294 0.812542 0.555589 0.176340 -0.565654 0.824600 0.008384
-8.188805 -33.540901 -1590.011814 2458.458520 -0.271698 -0.199676 0.941440 0.779710 0.527743 0.336956 -0.564121 0.825601 0.012302
-10.781245 -33.474075 -1775.557224 1160.288084 -0.418850 -0.301447 0.856559 0.740473 0.432618 0.514335 -0.525608 0.849689 0.042011
-7.604055 -27.854086 -541.121751 -506.022827 -0.559221 -0.368146 0.742792 0.664674 0.336379 0.667127 -0.495459 0.866786 0.056587
12.375099 -73.698075 -3576.414668 -5746.301236 -0.044431 -0.233907 -0.971243 -0.418945 0.886948 -0.194441 0.906924 0.398259 -0.137402
12.470440 -74.625395 -1954.258965 -5193.598069 -0.095143 -0.196695 -0.975838 -0.435503 0.889720 -0.136875 0.895145 0.411958 -0.170312
18.545398 -63.093051 -3439.037812 -5155.740241 -0.096075 -0.186885 -0.977673 -0.287941 0.945439 -0.152428 0.952817 0.266867 -0.144645
26.277250 -52.356680 -3838.039521 -4946.127461 -0.102098 -0.199449 -0.974575 -0.163238 0.969773 -0.181365 0.981290 0.140570 -0.131570
17.080045 -54.253609 -5904.832099 -4412.347107 -0.036944 -0.217683 -0.975320 -0.189024 0.959890 -0.207079 0.981277 0.176709 -0.076610
13.322425 -63.421008 -5066.686157 -5376.076658 -0.030745 -0.233877 -0.971780 -0.303200 0.928611 -0.213895 0.952431 0.288068 -0.099462
46.920848 1.603956 -2330.660598 10461.646072 0.281852 0.959445 -0.005031 -0.376619 0.105811 -0.920305 0.882450 -0.261284 -0.391168
40.117552 11.698539 4752.042753 9097.149924 0.068141 0.996860 0.040337 -0.374269 0.063020 -0.925176 0.924813 -0.047946 -0.377388
47.433045 22.940595 -1996.680128 11451.999218 0.243665 0.969789 -0.011704 -0.371372 0.082148 -0.924843 0.895941 -0.229698 -0.380169
-11.406602 -34.914657 852.143838 809.671825 0.006049 0.995850 0.090814 0.035051 0.090548 -0.995275 0.999367 -0.009204 0.034358
-11.448929 -36.496407 672.969718 113.960553 0.034125 0.997393 0.063575 0.166072 0.057068 -0.984461 0.985523 -0.044153 0.163692
-12.313807 -35.485533 737.146107 450.909823 0.044791 0.994904 0.090331 0.073218 0.086909 -0.993522 0.996310 -0.051115 0.068952
117.146814 -63.334980 40494.591686 -91.904853 0.659973 0.629005 -0.410839 0.708492 -0.703007 0.061803 -0.249948 -0.331864 -0.909611
-3.751651 -64.385537 2637.680223 -16616.291012 0.883136 0.272997 -0.381502 -0.367087 0.908508 -0.199650 -0.292094 -0.316363 -0.902550
49.847696 -71.527781 -24496.997396 -1635.799679 -0.816482 -0.449039 0.362934 -0.507800 0.857632 -0.081281 -0.274766 -0.250663 -0.928263
-1320.151738 -3977.002256 -1077996.329029 -4918591.818131 -0.599298 -0.349527 0.720190 0.103961 0.858045 0.502942 -0.793747 0.376284 -0.477887
4062.831478 -14081.064912 -12220191.060979 -24400252.837077 -0.706598 0.142716 0.693074 0.356938 0.917598 0.174954 -0.610995 0.371006 -0.699314
-2004.382509 -37776.235638 -1261018.837183 -51356495.514002 -0.440730 0.720204 0.535783 -0.390701 -0.691286 0.607845 -0.808152 -0.058565 -0.586055
-2066.613697 -24470.331329 -754987.393386 -28629639.869109 0.635317 0.183022 -0.750250 0.482355 0.664643 0.570599 -0.603081 0.724398 -0.333978
-2113.888870 -7313.911288 -2096931.802152 -10657568.232076 -0.217543 0.744803 0.630828 -0.106447 -0.660556 0.743193 -0.970229 -0.094527 -0.222982
-3226.114693 -7146.768451 -4264482.219750 11775834.727460 0.031201 0.334710 0.941804 0.338987 0.882873 -0.324996 -0.940273 0.329400 -0.085916
-3341.570652 -8075.162560 3210266.246502 -12522633.928417 0.616396 0.661091 0.427803 -0.326811 -0.279509 0.902812 -0.716415 0.696300 -0.043763
21.043834 -131.750988 289.915092 13015.339922 -0.492399 -0.542488 0.680625 0.864207 -0.397620 0.308292 0.103385 0.740004 0.664609
26.066831 -205.664980 -1872.512751 28838.781370 -0.537658 -0.535452 0.651318 0.836638 -0.242885 0.490962 -0.104691 0.808887 0.578568
19.729303 -190.577960 -1307.502597 35743.690968 -0.568127 -0.488235 0.662464 0.822543 -0.311879 0.475557 -0.025575 0.815082 0.578781
19.299096 13.775001 1539.979267 1336.367495 0.821222 0.517101 -0.241249 0.234673 0.079310 0.968833 -0.520119 0.852242 0.056218
19.114910 11.557124 1273.774975 -2865.217710 0.728450 0.479798 -0.489034 0.413692 0.260928 0.872224 -0.546094 0.837681 0.008416
21.151077 7.630706 -6442.221573 -1448.139011 0.713596 0.572547 -0.403696 0.354808 0.201504 0.912966 -0.604063 0.794724 0.059352
18.395782 9.083063 640.518706 3951.362292 0.820313 0.526696 -0.222885 0.241409 0.034415 0.969813 -0.518468 0.849357 0.098918
10.711984 0.170291 -6172.168619 -3344.193372 0.606846 0.548249 -0.575466 0.482251 0.321546 0.814888 -0.631800 0.772031 0.069264
12.534343 2.677649 -7641.318371 3069.782139 0.763829 0.638626 -0.093396 0.127370 -0.007290 0.991829 -0.632727 0.769483 0.086910
20.642349 3.136371 -4775.512930 5486.008894 0.807701 0.588193 0.040603 0.027035 -0.105742 0.994026 -0.588972 0.801778 0.101310
-2.044263 -30.705252 1371.714990 -54.772922 -0.734346 -0.552243 0.394669 -0.569615 0.817592 0.084160 -0.369155 -0.163007 -0.914961
-14.329762 -32.633920 3093.909339 -4436.593398 -0.833572 -0.349075 0.428141 -0.386621 0.922238 -0.000808 -0.394566 -0.166202 -0.903712
2.146642 -27.801108 1509.362842 -2559.662674 -0.796494 -0.456904 0.396025 -0.497753 0.867319 -0.000442 -0.343278 -0.197475 -0.918239
6.645906 -32.175344 -292.005103 -273.767618 -0.702621 -0.608667 0.368576 -0.624186 0.775906 0.091440 -0.341637 -0.165812 -0.925089
9.122556 -29.453754 -1842.473166 -2314.640216 -0.780558 -0.508678 0.363284 -0.550984 0.834371 -0.015550 -0.295204 -0.212301 -0.931549
1.277914 -20.882715 4332.755363 -4253.290771 -0.787228 -0.468021 0.401534 -0.525162 0.850121 -0.038720 -0.323230 -0.241352 -0.915025
104.917493 -39.231259 -40145.644375 -316.706132 -0.298496 0.834813 -0.462588 -0.181492 0.426191 0.886240 -0.936996 -0.348495 -0.024296
99.938497 -39.910490 -31560.028568 4675.968849 -0.243689 0.856742 -0.454543 -0.201550 0.413704 0.887821 -0.948680 -0.307965 -0.071861
124.214977 -34.786940 -22044.807717 145.139504 -0.080557 0.878473 -0.470952 -0.183675 0.451313 0.873258 -0.979681 -0.156849 -0.124997
128.246623 -35.943355 -22049.011141 -2052.156315 -0.075907 0.870655 -0.486002 -0.121971 0.475640 0.871143 -0.989627 -0.125404 -0.070090
-3.487364 -55.745103 2635.594637 6702.945790 0.724962 0.336837 0.600809 -0.362656 0.928237 -0.082810 -0.585587 -0.157853 0.795092
4.328190 -48.764336 3649.525246 6107.887028 0.718937 0.368684 0.589238 -0.392091 0.915093 -0.094174 -0.573928 -0.163330 0.802452
0.190127 -46.194044 2706.283043 210.896556 0.677294 0.446755 0.584537 -0.405524 0.889622 -0.210053 -0.613859 -0.094776 0.783706
-5.349310 -52.161292 1426.201340 1211.490443 0.691105 0.385745 0.611207 -0.346977 0.918917 -0.187612 -0.634019 -0.082415 0.768913
-9.414513 -62.141080 1060.643892 7148.864186 0.729745 0.274535 0.626181 -0.312588 0.948489 -0.051556 -0.608080 -0.158115 0.777971
-11.735327 -43.864743 2594.400985 1711.744270 0.469470 0.567213 0.676659 0.442160 0.512316 -0.736225 0.764259 -0.644827 0.010282
-10.910546 -47.489501 2805.885974 1692.904672 0.487107 0.564208 0.666631 0.499234 0.446414 -0.742617 0.716584 -0.694539 0.064220
-20.964953 -46.485073 -199.479580 1249.141947 0.632048 0.636430 0.442122 0.223947 0.396179 -0.890444 0.741865 -0.661815 -0.107877
-21.203645 -42.656900 -580.741021 886.880391 0.611219 0.674388 0.414262 0.147689 0.417036 -0.896810 0.777560 -0.609329 -0.155301
-22.097345 -47.197332 196.704422 1241.143706 0.692106 0.628706 0.354568 0.093793 0.408729 -0.907824 0.715676 -0.661566 -0.223916
-21.519358 -43.656606 -744.969463 995.348787 0.667773 0.687450 0.285466 -0.014765 0.395661 -0.918278 0.744218 -0.608987 -0.274362
1.672344 -58.484787 -600.984084 814.397581 0.327565 0.790560 -0.517413 -0.803302 0.521322 0.287975 -0.497400 -0.321308 -0.805825
0.584919 -54.912273 -207.670100 899.023330 0.338806 0.781976 -0.523186 -0.805862 0.528187 0.267590 -0.485589 -0.330955 -0.809118
1.956267 -63.350283 -630.206298 -2940.334986 0.387091 0.754636 -0.529797 0.851816 -0.512628 -0.107809 -0.352945 -0.409557 -0.841245
3.918716 -67.387703 -733.118204 -2940.472031 0.380877 0.765122 -0.519154 0.853573 -0.506800 -0.120691 -0.355450 -0.397167 -0.846117
1.630180 -67.496751 -744.453127 -2873.080931 0.422160 0.734711 -0.531018 0.886559 -0.456867 0.072701 -0.189191 -0.501471 -0.844236
4.125017 -70.018110 -985.890063 -2600.277776 0.420599 0.740191 -0.524609 0.887657 -0.455256 0.069332 -0.187512 -0.494834 -0.848516
12.847050 -99.391024 -1382.507289 -1336.081098 0.201579 0.944358 -0.259912 -0.356626 0.317909 0.878494 -0.912241 0.084394 -0.400866
20.727995 -107.275789 -678.356277 1012.035522 0.203670 0.943458 -0.261544 -0.100071 0.285805 0.953048 -0.973912 0.167934 -0.152623
10.930768 -103.389959 -5480.433591 -3557.303972 0.091624 0.960799 -0.261668 -0.261860 0.276772 0.924568 -0.960747 0.016192 -0.276953
-0.451613 -108.125648 550.092899 6521.470073 0.722343 0.197178 0.662828 0.587362 0.330967 -0.738557 0.365002 -0.922812 -0.123257
-2.664181 -121.934300 701.948344 11719.072588 0.709711 0.195352 0.676866 0.643922 0.209879 -0.735741 0.285789 -0.958013 -0.023162
-1.046407 -104.813263 1205.420738 5467.895877 0.700582 0.196928 0.685860 0.585944 0.389797 -0.710442 0.407252 -0.899599 -0.157696
1.203888 -95.818317 1213.053274 2088.358124 0.715753 0.209973 0.666040 0.505214 0.502759 -0.701421 0.482137 -0.838537 -0.253770
-0.689209 -95.914953 1016.527524 3038.265375 0.706051 0.193504 0.681211 0.498297 0.547753 -0.672062 0.503182 -0.813955 -0.290319
-3.270567 -104.935110 749.670504 4973.801550 0.688331 0.175867 0.703755 0.592457 0.423501 -0.685304 0.418563 -0.888661 -0.187315
50.387375 -20.454904 -13143.222878 1759.639272 -0.142883 0.765806 -0.626998 0.276733 0.639142 0.717576 -0.950265 0.070982 0.303246
70.363668 -18.442534 -10611.821700 2156.354840 0.092996 0.866360 -0.490686 0.250894 0.456528 0.853601 -0.963537 0.202492 0.174909
38.607548 -10.107527 -10358.045461 2362.758309 -0.027792 0.810442 -0.585160 0.313316 0.562950 0.764801 -0.949242 0.162084 0.269570
20.953612 -28.753066 1813.122297 -4315.845517 0.253958 -0.429299 0.866722 0.275513 0.891085 0.360638 -0.927145 0.147206 0.344576
20.215547 -49.972216 8319.887091 950.329714 0.420719 0.899520 -0.117728 0.905936 -0.409762 0.106649 0.047692 -0.151524 -0.987302
25.381457 -51.868635 4165.393873 463.006893 0.436177 0.883498 -0.170823 0.895448 -0.444922 -0.014717 -0.089006 -0.146544 -0.985192
29.927060 -50.164669 2787.289786 1046.085995 0.435296 0.878905 -0.195045 0.899871 -0.418170 0.123961 0.027388 -0.229476 -0.972929
-14.313482 -178.440192 -4118.332374 15511.275391 0.356827 0.337519 0.871065 -0.156756 0.940860 -0.300349 -0.920924 -0.029372 0.388633
-23.808608 -178.699602 -4548.105585 15541.328685 0.392931 0.367571 0.842909 -0.119253 0.929265 -0.349637 -0.911802 0.036864 0.408971
-14.283281 -161.576887 -4482.975748 17506.427050 0.362301 0.334897 0.869817 0.082052 0.918136 -0.387677 -0.928443 0.211826 0.305162
-23.095854 -194.929713 -4515.489512 12270.590195 0.379396 0.363331 0.850911 -0.359958 0.905180 -0.226008 -0.852343 -0.220546 0.474206
-5.626709 -159.641003 -3330.916987 16616.504580 0.339380 0.305434 0.889680 0.024079 0.942684 -0.332816 -0.940341 0.134374 0.312574
-6.421498 -175.995749 -3197.435274 14534.922038 0.336457 0.317192 0.886671 -0.219749 0.942017 -0.253604 -0.915700 -0.109518 0.386651
-13.202820 -192.849863 -3567.517648 10565.537278 0.346848 0.343749 0.872659 -0.407518 0.893238 -0.189883 -0.844764 -0.289764 0.449902
0.336324 -114.527107 -422.154029 -1722.167817 0.688456 0.219147 0.691377 -0.225523 0.970686 -0.083110 -0.689324 -0.098704 0.717698
-0.340263 -107.426089 -854.904210 -1751.878700 0.687907 0.198211 0.698209 -0.201023 0.976386 -0.079124 -0.697405 -0.085926 0.711508
-1.460652 -115.159308 -368.131791 -1847.639992 0.682908 0.253447 0.685129 -0.129269 0.965010 -0.228132 -0.718976 0.067227 0.691776
5.838823 -53.851185 3850.173225 3269.466867 -0.663553 0.036999 -0.747214 0.260277 0.947800 -0.184205 0.701394 -0.316712 -0.638545
11.283346 -59.384696 5124.228126 1702.477813 -0.647355 0.082230 -0.757740 0.372673 0.901369 -0.220567 0.664866 -0.425174 -0.614150
10.009327 -57.525914 3212.828964 2314.638927 -0.653675 0.017233 -0.756579 0.255465 0.946081 -0.199170 0.712353 -0.323472 -0.622832
6.931462 -146.974293 -382.951042 -5072.962082 0.424188 0.174462 0.888610 -0.102016 0.984227 -0.144535 -0.899809 -0.029342 0.435295
4.622373 -148.777308 -1463.129675 25743.225472 0.408620 0.178595 0.895061 -0.187942 0.976117 -0.108968 -0.893145 -0.123693 0.432426
6.343499 -140.612287 -736.507319 2364.586595 0.416455 0.183197 0.890508 -0.052777 0.982708 -0.177483 -0.907623 0.026916 0.418922
19.761564 -55.329999 3646.046048 67684.048319 0.396994 0.374927 0.837750 -0.613003 0.787643 -0.062012 -0.683098 -0.488925 0.542521
34.274782 5.127737 -12022.221348 36490.086945 0.638720 -0.008452 0.769393 -0.363565 0.877959 0.311462 -0.678128 -0.478662 0.557697
9.177783 -55.704918 3520.647395 56911.678714 0.485051 0.279532 0.828606 -0.570403 0.819350 0.057494 -0.662847 -0.500527 0.556872
2.874724 -201.266273 5576.930229 167696.494032 0.278672 0.486818 0.827859 -0.716295 0.679560 -0.158493 -0.639737 -0.548823 0.538080
-2.891984 -55.758701 899.100239 38675.275624 0.605087 0.122704 0.786647 -0.474342 0.849107 0.232416 -0.639429 -0.513772 0.571987
-16.052768 -208.503521 18787.215663 135286.161057 0.285848 0.483671 0.827256 -0.743425 0.656643 -0.127038 -0.604657 -0.578690 0.547273
23.584059 -950.337379 -47372.987456 157410.811194 -0.647841 -0.420356 -0.635298 0.651056 0.127466 -0.748250 0.395510 -0.898362 0.191097
-10.311566 -907.542021 15253.221124 -259411.499044 0.671680 0.432810 0.601266 0.600389 0.157468 -0.784051 0.434026 -0.887626 0.154086
-7.784918 -918.783074 42253.024157 -28687.724950 0.644125 0.441484 0.624656 0.458890 0.430325 -0.777329 0.611983 -0.787345 -0.074590
84.096626 -1336.639426 106523.767057 750106.659684 0.626130 0.411605 0.662225 0.526304 0.403542 -0.748438 0.575296 -0.817151 -0.036040
125.697622 -1281.849546 -101676.025969 392847.179945 -0.676202 -0.350551 -0.647970 0.704032 -0.048414 -0.708516 0.217000 -0.935291 0.279537
-1042.910125 -2510.825821 400248.401981 56023.496213 0.066380 0.649320 0.757613 -0.024333 0.760115 -0.649333 -0.997498 0.024668 0.066256
-379.993146 -12389.561491 692157.176195 -60044993.443411 0.455620 0.676244 0.578882 0.791637 -0.010418 -0.610903 -0.407089 0.736604 -0.540087
-400.586309 -2856.704795 116017.017477 -2302825.552451 0.172107 0.862902 0.475162 -0.838042 -0.125266 0.531031 -0.517750 0.489600 -0.701589
-841.376756 -4256.855375 -246051.053010 -1748872.631108 -0.769068 -0.333574 -0.545218 0.008253 0.847760 -0.530316 0.639113 -0.412349 -0.649232
-3425.203044 -6729.159510 2228029.186337 -2825545.117995 0.737352 0.458398 -0.496169 -0.608985 0.768939 -0.194603 -0.292318 -0.445650 -0.846136
-1081.058235 -5137.171399 -341938.220646 -2693900.073144 -0.284881 0.272661 -0.918966 0.847380 -0.376520 -0.374405 -0.448095 -0.885375 -0.123784
24.881867 -44.100761 6165.272298 -9305.050762 0.637447 0.466976 0.612858 -0.424465 0.876660 -0.226488 -0.643032 -0.115763 0.757039
40.827098 -30.578891 10980.827950 -832.281608 0.639637 0.432740 0.635296 -0.429442 0.886646 -0.171575 -0.637530 -0.163077 0.752968
43.143616 -41.815954 9869.485919 -10081.991083 0.623168 0.413029 0.664130 -0.403989 0.897110 -0.178849 -0.669667 -0.156848 0.725909
23.599052 -33.348406 4841.362275 -1187.751158 0.088669 0.995668 0.027988 -0.578401 0.074344 -0.812358 0.810919 -0.055843 -0.582488
32.014558 -35.860128 5728.927811 -1304.117333 0.106110 0.993919 -0.029434 -0.578933 0.037685 -0.814504 0.808442 -0.103467 -0.579411
22.279988 -30.260801 4700.166278 -1754.741475 0.067065 0.997644 -0.014433 -0.517032 0.022378 -0.855673 0.853335 -0.064848 -0.517315
33.184312 -38.004513 5667.774540 -901.223511 0.128993 0.991618 0.007409 -0.642082 0.089213 -0.761427 0.755706 -0.093462 -0.648208
13.175707 -28.293998 2381.323293 -1704.980460 0.075792 0.996509 0.035004 -0.514380 0.069147 -0.854770 0.854206 -0.046779 -0.517825
24.578741 -35.826091 4994.157779 -699.900939 0.110047 0.991902 0.063403 -0.641573 0.119611 -0.757679 0.759127 -0.042702 -0.649540
13.568328 -31.546657 2721.514593 -1149.123566 0.093188 0.993140 0.070639 -0.574877 0.111597 -0.810594 0.812916 -0.034929 -0.581333
32.448641 -4.649370 -6733.752844 12076.470707 -0.042903 0.252877 -0.966547 0.172702 0.954751 0.242125 0.984039 -0.156537 -0.084634
42.281844 14.675480 -7578.171699 1707.374285 -0.114067 0.028252 -0.993071 0.209158 0.977874 0.003795 0.971206 -0.207276 -0.117453
41.324285 7.950598 -5911.394402 10580.781942 -0.117863 0.138566 -0.983315 0.158867 0.980094 0.119070 0.980239 -0.142182 -0.137531
17.533970 -90.925041 2578.646826 3181.342362 -0.670336 -0.692471 0.266707 0.738694 -0.588526 0.328586 -0.070573 0.417278 0.906034
12.606042 -94.891379 2844.769745 -5378.420659 -0.640518 -0.725007 0.253183 0.767935 -0.603180 0.215524 -0.003541 0.332475 0.943105
8.914159 -97.637501 1869.192714 -3348.869481 -0.615429 -0.748403 0.247265 0.779437 -0.531240 0.332058 -0.117156 0.397086 0.910273
13.319251 -94.559422 1817.992521 2035.061165 -0.634818 -0.729999 0.253193 0.743576 -0.488126 0.456977 -0.210003 0.478366 0.852681
19.256840 -101.449015 1540.105685 5783.876070 -0.655223 -0.691962 0.303105 0.739920 -0.506941 0.442187 -0.152320 0.514004 0.844155
-342.586474 -4446.545124 -25456.879983 2910443.751810 0.858015 0.239827 -0.454194 0.423753 0.169178 0.889839 -0.290247 0.955961 -0.043530
-359.417400 -4966.705721 44813.767063 2123434.411022 0.909056 0.203648 -0.363517 0.324201 0.202346 0.924094 -0.261747 0.957906 -0.117921
92.904563 -1434.837264 581081.621169 -592237.270738 0.995192 0.087851 -0.043312 0.079232 -0.462076 0.883294 -0.057585 0.882478 0.466815
19.717192 -3314.986574 -50024.179463 -1939053.460578 0.911579 0.408769 -0.043944 0.165053 -0.265977 0.949744 -0.376538 0.873020 0.309928
414.225635 -509.044478 381403.728978 176661.691238 -0.482518 0.076779 0.872514 0.764468 0.523127 0.376733 -0.427511 0.848789 -0.311114
-231.217444 -270.358776 26898.280212 40093.175767 -0.196991 -0.492624 -0.847654 0.558612 0.654126 -0.509972 0.805697 -0.573969 0.146328
-192.266868 -279.333808 -42690.344114 31550.166724 0.619885 0.581451 0.526933 0.327432 0.418593 -0.847094 0.713114 -0.697635 -0.069094
-245.271496 -268.621509 54870.884361 48331.679855 0.273358 0.692916 -0.667190 -0.331274 -0.583362 -0.741584 0.903069 -0.423740 -0.070079
-51.234586 -78.765620 -223.987450 7191.461761 -0.447064 -0.745480 0.494361 0.730315 0.014924 0.682948 -0.516502 0.666360 0.537763
-42.594270 -74.457173 -2820.452637 5841.914914 0.665192 0.671294 -0.326931 0.586523 -0.198809 0.785153 -0.462072 0.714030 0.525976
-40.176595 -67.199099 -1224.349392 5218.868136 0.817020 0.540531 -0.200759 0.448860 -0.377663 0.809874 -0.361943 0.751796 0.551181
13.669206 -20.712861 4221.598002 1427.935310 0.824939 -0.462794 0.324496 -0.526636 -0.837817 0.143933 -0.205258 0.289627 0.934872
14.242223 -34.714157 -230.130090 -22381.777844 -0.517072 0.734308 -0.439805 0.794251 0.603157 0.073255 -0.319063 0.311437 0.895101
7.912882 -12.121052 -1697.680941 -580.355653 -0.442671 -0.404901 0.800061 0.769402 0.286707 0.570807 -0.460503 0.868248 0.184615
7.667930 -15.803860 2395.542737 -307.690872 -0.360304 -0.434353 0.825541 0.796203 0.317919 0.514770 -0.486047 0.842772 0.231285
11.279088 -12.873301 -436.937738 581.957003 -0.491595 -0.438537 0.752343 0.729073 0.265195 0.630971 -0.476222 0.858695 0.189357
18.375962 -28.423356 -6338.774340 -2084.710817 -0.260836 -0.782679 0.565135 0.934167 -0.056973 0.352258 -0.243507 0.619812 0.746014
14.982182 -32.915873 -6145.405980 -1523.523466 -0.171629 -0.768918 0.615880 0.971984 -0.030255 0.233092 -0.160596 0.638631 0.752569
3.982758 -32.834672 -4074.295252 -1595.291461 -0.075942 -0.760698 0.644648 0.980918 0.059052 0.185238 -0.178978 0.646414 0.741698
39.906046 -46.712171 10720.300513 -6095.867724 -0.397423 0.644592 -0.653112 -0.153233 0.655123 0.739820 0.904751 0.394100 -0.161588
27.010478 -52.731617 12792.671271 -11263.718585 -0.423514 0.574062 -0.700777 -0.205272 0.692642 0.691455 0.882326 0.436691 -0.175505
24.548376 -40.646059 10472.835515 -1545.539322 -0.412898 0.570081 -0.710298 -0.169838 0.718008 0.674996 0.894802 0.399340 -0.199642
10.235704 -18.595936 -1542.697291 1207.275850 -0.575630 -0.383546 0.722179 0.646318 0.327617 0.689159 -0.500922 0.863458 0.059306
11.752766 -17.221145 488.511164 -1076.653946 -0.549856 -0.390402 0.738407 0.637205 0.375503 0.673028 -0.540026 0.840585 0.042293
9.594199 -19.442150 3240.930463 -522.946573 0.644100 0.377295 -0.665420 0.582377 0.322134 0.746369 -0.495956 0.868261 0.012242
12.353377 -17.225602 1887.617318 554.921746 -0.508418 -0.407748 0.758454 0.671084 0.364302 0.645701 -0.539590 0.837272 0.088415
11.098054 -15.884523 508.325981 557.925245 -0.551709 -0.417665 0.721923 0.658746 0.312667 0.684320 -0.511538 0.853109 0.102634
2.672517 -74.948521 222.027739 -3374.117421 0.390334 0.887070 -0.246468 -0.712402 0.121433 -0.691186 0.583200 -0.445378 -0.679350
2.979322 -72.632199 85.313134 -2060.572169 0.378792 0.885357 -0.269555 -0.759144 0.130646 -0.637678 0.529356 -0.446178 -0.721601
1.536019 -81.743596 483.775531 -953.847658 0.373982 0.893467 -0.248704 -0.786032 0.163027 -0.596302 0.492231 -0.418495 -0.763263
1.970703 -68.305040 -181.216978 -3297.136662 0.403016 0.879165 -0.254257 -0.641957 0.073557 -0.763204 0.652280 -0.470806 -0.594031
2.528539 -67.251509 29.644820 -4993.890966 0.405698 0.882752 -0.236976 -0.593158 0.057022 -0.803064 0.695394 -0.466366 -0.546745
2.104717 -74.774966 437.390246 -5222.949010 0.388738 0.890925 -0.234810 -0.668530 0.097384 -0.737281 0.633995 -0.443587 -0.633467
7.433423 -151.205055 -483.676023 -14788.297042 0.327964 0.907478 -0.262531 0.379179 0.128081 0.916416 -0.865253 0.400098 0.302091
7.832422 -126.640125 -693.287707 -15913.660699 0.293715 0.901627 -0.317491 0.193960 0.269017 0.943403 -0.936008 0.338672 0.095866
9.743459 -149.326557 -391.394994 -20751.196649 0.345521 0.885104 -0.311779 0.192899 0.258155 0.946650 -0.918371 0.387229 0.081538
-13.731492 -29.563307 1698.349386 881.209043 0.380375 0.845074 -0.375719 0.635326 0.056455 0.770178 -0.672068 0.531660 0.515424
-17.006989 -26.152509 1870.091949 927.583720 0.213190 0.832058 -0.512084 0.742915 0.202346 0.638070 -0.634529 0.516465 0.575010
-12.193374 -27.151108 1454.377266 1137.995444 0.307901 0.835580 -0.454976 0.722287 0.105974 0.683426 -0.619273 0.539051 0.570899
1.896251 -20.531503 -587.747898 -855.329967 0.906414 0.419356 0.050535 0.072120 -0.271536 0.959722 -0.416188 0.866261 0.276367
1.879403 -24.002014 -1061.369862 -3173.969927 0.905568 0.411461 0.103182 0.031448 -0.307685 0.950968 -0.423034 0.857922 0.291569
-0.495719 -16.777786 -164.497078 -1814.380480 0.908447 0.395441 0.135467 -0.016247 -0.290433 0.956757 -0.417685 0.871364 0.257418
5.275984 -26.509262 -986.096528 -2982.727673 0.905581 0.422307 0.039753 0.098635 -0.300801 0.948572 -0.412547 0.855088 0.314054
-0.899975 -14.027917 -768.791838 -707.260855 0.898469 0.437420 -0.037646 0.137959 -0.199884 0.970059 -0.416798 0.876761 0.239936
1.457367 -18.814718 -748.734669 94.192971 0.893232 0.444098 -0.070100 0.173289 -0.196201 0.965130 -0.414859 0.874232 0.252210
4.374591 -23.671069 -599.511485 -418.898874 0.901625 0.431790 -0.025109 0.147908 -0.253255 0.956026 -0.406443 0.865690 0.292206
3.601418 -78.372983 723.450584 3096.954779 0.218942 0.943462 -0.248885 -0.157965 0.285982 0.945125 -0.962866 0.167612 -0.211648
1.448691 -85.403994 1026.549426 3273.115570 0.237590 0.941232 -0.240069 -0.333360 0.311145 0.889978 -0.912372 0.131420 -0.387694
0.433518 -78.472502 488.201065 4437.412533 0.229669 0.937540 -0.261286 -0.122089 0.294094 0.947947 -0.965581 0.185814 -0.182007
0.900692 -53.889464 761.232453 -85.437547 0.325296 0.896890 -0.299617 -0.423433 -0.145150 -0.894223 0.845510 -0.417756 -0.332556
3.840701 -50.842381 1003.565135 -486.303327 0.334354 0.896756 -0.289891 -0.423507 -0.131823 -0.896250 0.841932 -0.422436 -0.335706
4.127167 -51.192872 994.685216 307.077707 0.350652 0.904538 -0.242598 -0.267989 -0.151296 -0.951468 0.897343 -0.398647 -0.189354
7.242492 -47.759316 1130.015219 193.555887 0.371400 0.898677 -0.233329 -0.277116 -0.132557 -0.951649 0.886154 -0.418102 -0.199806
6.275517 -48.310805 1073.960752 -614.491746 0.354568 0.893449 -0.275736 -0.426454 -0.107917 -0.898049 0.832117 -0.436008 -0.342751
1.297059 -51.111290 -3065.110151 -3436.104429 -0.459573 -0.787111 0.411399 0.794951 -0.158004 0.585737 -0.396037 0.596231 0.698329
4.348709 -53.783209 -2957.257414 -3788.926227 -0.414160 -0.801622 0.431131 0.859596 -0.188731 0.474842 -0.299276 0.567259 0.767236
10.018570 -48.091340 -2071.169561 -2656.127136 -0.305810 -0.838760 0.450514 0.895895 -0.093345 0.434348 -0.322260 0.536441 0.779987
-3.214054 -155.625635 1536.076024 -8948.157053 0.305747 -0.043545 0.951116 0.915190 0.288933 -0.280970 -0.262574 0.956358 0.128192
-0.193689 -173.271611 1199.430722 -5744.166842 0.308534 -0.040898 0.950334 0.946292 0.114695 -0.302285 -0.096636 0.992559 0.074089
-6.726584 -135.456783 1363.378765 -13019.379081 0.299121 -0.028521 0.953789 0.848344 0.465557 -0.252130 -0.436852 0.884558 0.163453
-4.517064 -136.893939 1643.445721 -9244.576482 0.324898 -0.037895 0.944989 0.830908 0.488665 -0.266080 -0.451700 0.871648 0.190253
-1.205251 -158.038199 1509.501507 -6388.930168 0.324248 -0.043439 0.944974 0.896139 0.334053 -0.292135 -0.302982 0.941553 0.147243
29.016277 -7.691698 9175.969248 -1857.427179 -0.468898 0.029461 -0.882761 0.273829 0.955049 -0.113577 0.839733 -0.294982 -0.455888
33.658290 -4.403506 9959.758538 -2377.984262 -0.488249 -0.031460 -0.872137 0.260373 0.948584 -0.179983 0.832958 -0.314958 -0.454954
41.910306 -5.029837 7522.849617 -1872.233591 -0.419520 -0.073072 -0.904800 0.241563 0.951827 -0.188873 0.875014 -0.297803 -0.381659
16.881550 -6.925351 6722.628714 -2984.294056 -0.476719 0.091450 -0.874286 0.312823 0.947116 -0.071504 0.821511 -0.307584 -0.480116
37.982056 -7.687656 7764.354729 -1887.029605 -0.413433 -0.031623 -0.909985 0.244564 0.958816 -0.144432 0.877076 -0.282262 -0.388672
17.153043 -12.025411 5756.145627 -998.413258 -0.437267 0.157132 -0.885498 0.313574 0.949466 0.013638 0.842893 -0.271706 -0.464443
14.467135 -11.012042 5495.613801 -1669.956595 -0.441698 0.168660 -0.881168 0.332383 0.943042 0.013892 0.833321 -0.286749 -0.472600
-16.007769 -28.554243 -2204.744535 1718.184234 0.600184 0.799016 -0.036772 -0.046804 -0.010811 -0.998846 0.798491 -0.601212 -0.030909
-14.128556 -33.261247 -1801.148226 2583.581728 0.595437 0.775584 -0.209582 -0.077401 -0.204275 -0.975849 0.799665 -0.597278 0.061602
-12.281295 -27.328617 -2031.018006 2367.568198 0.618235 0.778603 -0.107533 -0.070318 -0.081474 -0.994192 0.782842 -0.622205 -0.004379
6.056428 -196.288794 -2375.573821 16211.698646 0.276135 0.065011 0.958918 0.928740 -0.274836 -0.248812 0.247370 0.959291 -0.136270
5.064992 -203.828375 -1714.922134 7437.054387 0.274173 0.051761 0.960286 0.961076 -0.050139 -0.271696 0.034084 0.997400 -0.063492
3.052931 -206.816922 444.870696 19251.110636 0.264643 0.030321 0.963870 0.945113 -0.206780 -0.252989 0.191638 0.977918 -0.083379
3.608502 -193.582134 658.010884 23360.352134 0.260341 0.024189 0.965214 0.869441 -0.440608 -0.223467 0.419876 0.897374 -0.135740
5.200909 -181.277184 -2089.118612 24973.250017 0.276612 0.054377 0.959442 0.846181 -0.486998 -0.216357 0.455481 0.871709 -0.180722
4.539181 -200.342442 -1930.924705 18375.985672 0.283195 0.056369 0.957404 0.892117 -0.381908 -0.241397 0.352033 0.922480 -0.158442
1.836442 -195.157303 8970.998095 951.855921 0.069052 -0.239999 0.968314 0.960343 0.278820 0.000622 -0.270134 0.929871 0.249735
-5.688908 -188.217699 6375.172692 6272.173366 0.124994 -0.200228 0.971743 0.989566 0.095905 -0.107525 -0.071666 0.975044 0.210127
7.959421 -200.407602 11438.307587 -2284.524317 0.048558 -0.247444 0.967685 0.888921 0.452508 0.071104 -0.455479 0.856743 0.241931
-1.045506 -207.108379 5427.719400 -587.777274 0.083943 -0.198145 0.976572 0.951910 0.305739 -0.019789 -0.294655 0.931269 0.214281
50.898553 -51.631356 2478.999773 28280.224384 0.925842 -0.291558 -0.240439 -0.233939 0.057509 -0.970549 -0.296799 -0.954823 0.014962
53.678842 -49.884863 -4200.859975 30451.089849 0.855252 -0.358597 -0.374101 -0.356913 0.115776 -0.926935 -0.375708 -0.926285 0.028971
37.849581 -70.658270 2197.730340 19585.866341 0.848186 -0.339645 -0.406474 -0.411326 0.061180 -0.909433 -0.333753 -0.938562 0.087813
36.283135 -69.856884 -137.045700 13076.909958 0.909031 -0.298834 -0.290449 -0.304816 -0.001544 -0.952410 -0.284164 -0.954304 0.092492
-630.246049 -1883.721806 253709.863759 3290073.247362 0.389482 0.061206 -0.918998 0.344448 0.915707 0.206968 0.854201 -0.397158 0.335569
195.476489 -4578.861133 -252580.088935 -3048227.722319 0.602296 -0.185297 -0.776469 0.044007 0.978915 -0.199473 0.797059 0.085972 0.597751
-0.169574 -31.019823 -2734.596284 609.054988 0.032001 0.026168 0.999145 0.792206 0.608853 -0.041319 -0.609414 0.792851 -0.001247
-3.809815 -21.434873 -2282.726329 4001.556402 0.097636 0.056045 0.993643 0.828890 0.548012 -0.112357 -0.550825 0.834591 0.007050
-3.147868 -34.283104 -2476.276124 1983.658256 -0.142693 -0.092668 0.985419 0.782085 0.599638 0.169638 -0.606615 0.794888 -0.013090
2.452094 -29.092949 -3297.120144 1530.150918 0.185760 0.123700 0.974778 0.790840 0.569937 -0.223033 -0.583151 0.812324 0.008045
6.487139 -35.938666 -3788.077117 -2124.925573 0.112628 0.087268 0.989798 0.763109 0.630383 -0.142413 -0.636380 0.771363 0.004404
6.005397 -35.425718 -3721.825071 618.352426 0.002545 0.033468 0.999437 0.746645 0.664784 -0.024163 -0.665218 0.746285 -0.023297
4.610975 -85.510341 146.041852 -6456.535815 -0.069584 -0.232622 -0.970075 -0.562465 0.812270 -0.154435 0.823888 0.534887 -0.187362
4.490756 -85.520094 535.431165 -6325.069734 -0.127483 -0.170839 -0.977017 -0.554434 0.829053 -0.072623 0.822406 0.532433 -0.200409
-11.418699 -36.673065 89.015051 534.832577 0.002832 0.997282 0.073621 0.123871 0.072705 -0.989631 0.992294 -0.011922 0.123328
-10.715044 -36.668721 382.012986 -208.125378 0.030601 0.998978 0.033251 0.260211 0.024158 -0.965249 0.965067 -0.038190 0.259206
-11.167234 -34.972299 396.254811 -494.136066 0.078270 0.996911 -0.006549 0.292484 -0.029243 -0.955823 0.953062 -0.072897 0.293870
133.669723 -72.796635 -80005.191608 10588.180807 -0.796777 -0.525034 0.299140 -0.548670 0.836018 0.005916 -0.253193 -0.159416 -0.954191
274.946357 -73.527463 -220388.078299 22400.790404 -0.781961 -0.578880 0.231159 -0.575440 0.812958 0.089262 -0.239595 -0.063219 -0.968813
489.551590 -87.245043 -324356.395500 33712.612686 -0.695765 -0.647622 0.310640 -0.666130 0.743562 0.058193 -0.268667 -0.166438 -0.948745
9.605061 -181.843270 1014.147177 5648.990580 -0.448514 -0.869692 0.206085 0.861269 -0.358936 0.359696 -0.238853 0.338823 0.910026
6.464421 -182.672648 752.442593 1678.195088 -0.427236 -0.882254 0.197732 0.858060 -0.326719 0.396216 -0.284961 0.338943 0.896613
-905.822558 -3096.281424 756963.236008 -1537134.075184 0.738104 0.175748 -0.651395 0.351106 0.724388 0.593285 -0.576131 0.666614 -0.472967
27.672015 -243.706729 -2776.281852 40010.805963 -0.600782 -0.483810 0.636387 0.743753 -0.046431 0.666841 -0.293076 0.873940 0.387730
30.695211 -250.467684 -2805.252681 26215.769944 -0.562173 -0.551153 0.616597 0.731106 0.017308 0.682045 -0.386583 0.834225 0.393221
31.726278 -222.552456 -2076.418396 27843.674513 -0.512444 -0.582136 0.631283 0.844787 -0.209860 0.492233 -0.154066 0.785542 0.599323
15.398620 7.923471 -530.800165 13787.935086 0.344768 0.174463 0.922333 0.831959 0.398251 -0.386317 -0.434718 0.900532 -0.007842
