12559
25106
-34.358937 -51.327775 -1523.283634 5600.406306 0.932728 -0.354182 0.067624 -0.226384 -0.429231 0.874363 0.280658 0.830852 0.480537
-41.643316 -59.030022 740.963774 4176.579492 0.861820 -0.471718 0.186408 -0.327316 -0.236483 0.914844 0.387466 0.849445 0.358207
-37.472635 -66.371322 -1893.155795 7784.936895 0.946629 -0.258174 -0.192977 0.078514 -0.395977 0.914898 0.312617 0.881220 0.354574
-33.178308 -49.267446 -216.705574 3562.810022 0.671506 -0.579155 0.462232 -0.645020 -0.149820 0.749335 0.364730 0.801332 0.474172
-21.525481 -62.912427 -4630.904648 9217.169812 0.977941 -0.199351 -0.062370 -0.044993 -0.492623 0.869079 0.203977 0.847102 0.490725
-24.122520 -41.134738 -3547.970089 4844.762268 0.952454 -0.286676 0.103186 -0.245988 -0.523699 0.815616 0.179779 0.802220 0.569318
-28.107844 -38.354492 -665.065322 -2709.155307 0.623692 -0.577099 0.527224 0.738536 0.214098 -0.639317 0.256071 0.788111 0.559740
-48.764896 -62.920292 -178.609718 -1610.215783 0.998051 0.001946 -0.062366 -0.035990 -0.798539 -0.600866 0.050970 -0.601940 0.796913
-48.403076 -62.226258 293.787516 -300.223777 0.978620 -0.046872 -0.200263 -0.179013 -0.673558 -0.717129 0.101275 -0.737646 0.667549
-47.816500 -59.618120 970.731769 -1312.202931 0.967505 0.121792 -0.221588 -0.043944 -0.782025 -0.621695 0.249005 -0.611231 0.751261
-47.393769 -60.487246 751.928991 -267.951344 0.941943 -0.006729 -0.335704 -0.264873 -0.629355 -0.730585 0.206361 -0.777089 0.594599
-47.671823 -59.024258 863.869538 -197.391611 0.949151 0.313203 -0.031887 0.250712 -0.813239 -0.525153 0.190412 -0.490454 0.850410
-45.050547 -56.534109 1300.519712 625.968423 0.862818 0.501309 -0.065077 0.394005 -0.747549 -0.534724 0.316710 -0.435729 0.842517
-43.915033 -55.074903 1365.964611 -822.533011 0.895699 0.379713 -0.231390 0.159848 -0.760546 -0.629300 0.414936 -0.526676 0.741917
2.100321 -35.741424 -2674.982538 852.819731 0.850407 -0.313684 0.422387 0.202515 0.936131 0.287482 -0.485588 -0.158936 0.859618
12.069670 -37.096257 -5349.505871 751.329715 0.851372 -0.278931 0.444256 0.151131 0.941426 0.301458 -0.502320 -0.189512 0.843659
7.424996 -38.716130 -4133.016033 564.288666 0.844861 -0.312771 0.434032 0.122343 0.902753 0.412395 -0.520809 -0.295316 0.800966
14.566634 -39.082760 -2240.923530 878.275200 0.880347 -0.277307 0.384825 0.113368 0.910799 0.396980 -0.460583 -0.305853 0.833257
12.405402 -39.779422 -2737.301336 -36.672744 0.865680 -0.296758 0.403155 0.053745 0.855786 0.514531 -0.497705 -0.423751 0.756786
-13.398334 -26.303690 1814.571458 -41.090913 0.971766 -0.206603 0.113954 -0.116841 -0.001781 0.993149 0.204984 0.978423 0.025870
-16.535955 -25.328140 1897.288687 -416.429008 0.975440 -0.186683 0.116900 -0.103838 0.078308 0.991507 0.194251 0.979294 -0.057000
-19.183902 -25.627693 1607.253702 180.939262 0.986732 -0.147619 0.067591 -0.071823 -0.023524 0.997140 0.145606 0.988765 0.033814
-15.880574 -25.882956 2000.701898 359.672993 0.980939 -0.185654 0.057371 -0.074238 -0.085211 0.993593 0.179576 0.978913 0.097369
-10.460338 -26.333742 1700.976239 409.950203 0.974537 -0.217272 0.055419 -0.080154 -0.106733 0.991052 0.209413 0.970258 0.121430
12.325524 -30.436404 -4523.819680 -691.403980 0.927312 0.162237 0.337301 -0.032542 -0.862817 0.504467 -0.372872 0.478775 0.794821
19.909920 -34.376363 -541.633849 -353.640308 0.959604 0.034574 0.279223 -0.102724 -0.880859 0.462099 -0.261933 0.472115 0.841724
14.672206 -33.203495 -4681.591605 -785.011059 0.925645 0.060776 0.373480 -0.095061 -0.918013 0.384988 -0.366257 0.391866 0.843977
-1.052661 -28.187543 -5383.893709 -864.422320 0.918477 0.174642 0.354825 -0.002249 -0.894891 0.446279 -0.395468 0.410695 0.821544
1.931835 -26.736275 -3923.181151 -224.913903 0.899257 0.356032 0.254123 0.153322 -0.800653 0.579177 -0.409670 0.481866 0.774581
7.594124 -74.832133 -671.280158 -6434.197755 0.990654 0.130134 -0.040862 0.135420 -0.974199 0.180548 0.016312 0.184394 0.982717
7.104042 -84.366357 -1201.155191 -2886.287079 0.991192 0.129878 -0.025872 0.128610 -0.990638 -0.045784 0.031576 -0.042053 0.998616
4.831595 -78.556283 -1415.541710 -6671.833411 0.993112 0.116715 -0.010290 0.117022 -0.983667 0.136766 -0.005841 0.137028 0.990550
3.917758 -77.132153 -542.935881 -7884.425185 0.991473 0.129546 -0.014076 0.129942 -0.974806 0.181295 -0.009765 0.181578 0.983328
5.927583 -65.195289 -319.034508 -8620.386260 0.992062 0.122782 -0.027148 0.124569 -0.930084 0.345581 -0.017181 0.346219 0.937996
-8.770492 -67.464514 467.101398 -1209.475882 0.994632 -0.009862 -0.103008 -0.028878 -0.982353 -0.184796 0.099368 -0.186778 0.977364
-9.784313 -73.297983 497.817586 -1969.439120 0.994311 -0.010243 -0.106024 -0.050310 -0.922508 -0.382685 0.093888 -0.385842 0.917775
-9.036751 -68.129736 804.317853 -1478.717295 0.991300 0.010743 -0.131184 -0.013774 -0.982725 -0.184561 0.130900 -0.184762 0.974027
-9.163553 -34.323785 1102.909789 623.141371 0.972964 -0.182185 -0.141952 0.188020 0.267868 0.944931 0.134127 0.946074 -0.294881
-10.246541 -35.228533 343.486838 -403.583746 0.978386 -0.168715 -0.119566 0.147823 0.166309 0.974931 0.144600 0.971533 -0.187654
-7.131508 -34.270223 1427.486302 -52.494456 0.966367 -0.206029 -0.153903 0.190630 0.172213 0.966438 0.172610 0.963273 -0.205696
-9.893724 -36.374753 716.651229 -924.646280 0.979136 -0.189224 -0.074074 0.089921 0.076569 0.993001 0.182228 0.978944 -0.091986
-0.098710 -33.922404 3176.385309 592.055005 0.942331 -0.240581 -0.232665 0.295462 0.271453 0.915978 0.157209 0.931898 -0.326881
-6.034627 -33.972832 1373.384726 -415.613240 0.965541 -0.222069 -0.135705 0.154102 0.067648 0.985736 0.209722 0.972681 -0.099538
0.050594 -32.578443 2894.115776 192.075035 0.936338 -0.244810 -0.251672 0.292475 0.147301 0.944860 0.194240 0.958316 -0.209525
14.625506 -33.268495 -1778.761122 2127.435493 0.969181 -0.218267 0.114224 0.061365 -0.235150 -0.970020 -0.238583 -0.947135 0.214509
17.940563 -15.992086 -2390.343859 5534.498950 0.967425 -0.188722 0.168740 0.149815 -0.110510 -0.982519 -0.204070 -0.975793 0.078637
13.468645 -20.889916 -1716.815765 5479.355708 0.962589 -0.243635 0.118596 0.093472 -0.112252 -0.989274 -0.254334 -0.963349 0.085279
22.188278 -28.319270 -2542.746679 2934.141962 0.978821 -0.151834 0.137319 0.106948 -0.192704 -0.975411 -0.174563 -0.969439 0.172384
10.939932 -34.317786 -1109.355450 1975.981811 0.962041 -0.250471 0.108353 0.049991 -0.228579 -0.972241 -0.268286 -0.940753 0.207381
11.791503 -38.941280 -936.156000 -59.277850 0.965529 -0.240557 0.099428 0.009585 -0.348862 -0.937125 -0.260119 -0.905775 0.334530
-1.497217 -33.860100 -1079.207642 -1430.108722 -0.991335 0.043294 0.124017 0.055511 0.993753 0.096815 -0.119051 0.102860 -0.987546
5.790772 -35.644480 2597.551105 -1397.194031 0.981276 -0.146441 -0.125113 0.162816 0.977704 0.132610 -0.102904 0.150498 -0.983240
280.280912 -38.935856 -70487.948868 2739.467756 -0.913562 0.387372 0.123884 0.389322 0.921057 -0.009051 -0.117610 0.039962 -0.992255
-5.503419 -38.589357 36.774871 -1863.712092 0.992361 0.002668 -0.123337 0.023610 0.977179 0.211102 -0.121085 0.212401 -0.969652
-5.360428 -37.081984 200.406888 -1823.162139 0.990247 0.053336 -0.128707 -0.030629 0.984560 0.172348 -0.135912 0.166725 -0.976591
6.199481 -15.214527 -2850.459285 -443.769507 0.838418 0.254382 -0.482023 0.517699 -0.095158 0.850254 -0.170421 0.962411 0.211475
10.592140 -15.564549 -3314.426706 -487.624602 0.853335 0.241815 -0.461893 0.501622 -0.139323 0.853794 -0.142108 0.960268 0.240188
-1.090440 -17.121331 -1804.108066 -550.299803 0.773745 0.263409 -0.576137 0.617768 -0.112337 0.778295 -0.140288 0.958121 0.249646
-2.605557 -16.083269 -1811.763038 -505.404657 0.815793 0.259049 -0.517084 0.551119 -0.077116 0.830856 -0.175357 0.962781 0.205677
14.377703 -39.731478 -393.562443 -419.547410 0.975562 -0.190504 0.109483 -0.023821 -0.587038 -0.809209 -0.218428 -0.786825 0.577230
12.010069 -37.820578 -651.533070 -427.910566 0.960875 -0.220766 0.167276 0.020085 -0.546799 -0.837023 -0.276253 -0.807634 0.520972
14.054683 -37.582465 -1204.271017 -101.583733 0.954363 -0.215477 0.206787 0.015805 -0.654996 -0.755467 -0.298231 -0.724258 0.621699
16.093327 -38.711676 -2072.221466 -431.699981 0.957645 -0.200992 0.206199 -0.018035 -0.756550 -0.653687 -0.287385 -0.622281 0.728132
17.044890 -40.051766 115.288837 -851.579921 0.982463 -0.150935 0.109474 -0.028232 -0.700779 -0.712820 -0.184307 -0.697229 0.692751
13.879225 -38.115565 -2379.340801 437.652096 0.933710 -0.234127 0.270869 0.017383 -0.726017 -0.687457 -0.357608 -0.646594 0.673819
4.520795 -216.815208 1169.211143 13694.348718 0.014292 0.097085 0.995173 0.865214 0.497681 -0.060977 -0.501199 0.861910 -0.076887
1.693480 -193.771489 716.855458 20210.025341 0.021876 0.095836 0.995157 0.763501 0.641016 -0.078515 -0.645436 0.761521 -0.059148
0.668695 -383.541204 -96.632569 77488.960944 0.033308 0.088298 0.995537 0.624815 0.775603 -0.089695 -0.780062 0.625015 -0.029336
4.995166 -314.035528 984.668268 39518.233845 0.027431 0.144236 0.989163 0.722258 0.681245 -0.119366 -0.691080 0.717705 -0.085488
4.617803 -240.877881 1091.902261 -5500.339789 -0.047619 0.119146 0.991734 0.920400 0.390968 -0.002777 -0.388067 0.912660 -0.128280
-0.638517 -188.347119 -145.905467 12482.902441 -0.055437 0.070819 0.995947 0.492816 0.869453 -0.034393 -0.868366 0.488912 -0.083101
0.241648 -184.883696 -771.144447 16333.177835 -0.068636 0.082362 0.994236 0.678370 0.734587 -0.014022 -0.731508 0.673497 -0.106291
-1.193783 -190.942656 -535.365687 4791.244144 -0.083495 0.070151 0.994036 0.348451 0.936603 -0.036830 -0.933601 0.343298 -0.102646
27.995712 -699.618194 -4179.910314 175879.035752 -0.485297 -0.012361 0.874262 -0.466564 0.849305 -0.246978 -0.739463 -0.527757 -0.417932
80.933383 -1306.743371 -2258.589831 -370999.435272 0.506353 -0.081405 -0.858475 0.572904 -0.712309 0.405460 -0.644506 -0.697130 -0.314042
26.454402 -542.803710 16008.087462 -49346.485823 0.487912 0.148062 -0.860244 0.839023 -0.351410 0.415393 -0.240795 -0.924440 -0.295685
9.552829 -590.686627 7640.729080 -148021.866556 0.394999 0.198092 -0.897071 0.793475 -0.565697 0.224465 -0.463005 -0.800466 -0.380631
-2.226732 -331.054688 -310.522575 90689.646528 -0.300881 -0.148805 0.941981 -0.317416 0.947060 0.048220 -0.899287 -0.284491 -0.332185
24.810045 -2.607740 -7068.056139 -225.631953 0.986402 0.043851 0.158394 -0.164277 0.233921 0.958277 -0.004970 0.971266 -0.237944
6.983064 2.591342 957.768782 -2424.194788 0.496809 0.247798 0.831731 0.865549 -0.071583 -0.495683 -0.063291 0.966164 -0.250044
17.945956 -1.379471 -5737.646920 1811.310759 0.976542 -0.007205 -0.215206 0.209952 0.253778 0.944202 -0.047812 0.967236 -0.249337
31.016943 -9.033072 -1655.479236 1010.647464 0.993924 -0.104300 0.035173 -0.008251 0.248052 0.968711 0.109762 0.963115 -0.245685
31.854795 -8.786376 -1301.362137 -485.848097 0.970307 -0.073642 0.230395 -0.206920 0.240545 0.948326 0.125257 0.967840 -0.218165
-51.637875 -338.735752 47373.255514 -92476.412657 0.221001 0.915038 -0.337438 0.189542 0.299097 0.935208 -0.956678 0.270641 0.107337
-82.539931 -671.690598 -31379.237070 -164764.108832 -0.254259 0.964879 0.066030 0.777422 0.163294 0.607413 -0.575298 -0.205773 0.791638
39.239044 -1869.912946 3342.953402 -411954.384183 -0.167168 0.984958 -0.043741 0.974673 0.171781 0.143188 -0.148549 0.018697 0.988728
10.896352 -132.834095 1394.252871 11585.378417 -0.198157 0.820975 0.535475 -0.649728 -0.519058 0.555367 -0.733885 0.237863 -0.636265
5.840697 -174.695063 2673.900680 22430.946752 -0.347040 0.772116 0.532354 -0.718286 -0.583797 0.378479 -0.603016 0.251036 -0.757201
-0.963662 -147.175062 3891.430606 -1226.394294 -0.331328 0.768271 0.547706 0.851296 0.493725 -0.177570 -0.406838 0.407426 -0.817611
2.290656 -127.993521 2086.030903 -2315.134318 -0.145966 0.835293 0.530076 -0.778346 -0.427693 0.459626 -0.610632 0.345493 -0.712575
-16.026908 -58.481714 -6551.588646 1856.478785 0.698430 -0.686089 0.203661 0.282740 0.003097 -0.959191 -0.657460 -0.727511 -0.196148
-23.193375 -60.459472 -3945.995340 598.868631 0.725361 -0.633022 0.270434 0.214630 -0.165298 -0.962606 -0.654053 -0.756280 -0.015965
-4.990293 -64.759903 7636.298303 -891.015355 -0.667074 0.695552 -0.266870 -0.199317 0.178533 0.963534 -0.717833 -0.695941 -0.019541
14.487321 -39.363434 -89.572295 -704.749829 0.974646 -0.221826 0.029303 0.216551 0.902193 -0.373033 -0.056311 -0.369921 -0.927355
14.855375 -40.971403 1975.878453 233.176366 0.979981 -0.184072 0.075855 0.197434 0.947552 -0.251326 0.025614 -0.261271 -0.964926
13.146756 -38.223664 -3279.181716 418.866212 0.974666 -0.218037 -0.049862 0.198479 0.945918 -0.256603 -0.103114 -0.240206 -0.965230
5.201935 -32.978923 -4952.829599 1139.044926 0.978129 -0.179343 -0.105352 0.161805 0.974350 -0.156399 -0.130699 -0.135932 -0.982059
5.816575 -35.567320 -4552.214036 434.104942 0.962969 -0.256270 -0.083758 0.223572 0.932650 -0.283159 -0.150682 -0.253947 -0.955409
11.933015 -37.742157 -3526.144661 -638.467816 0.958437 -0.279137 -0.058999 0.236842 0.893735 -0.380977 -0.159074 -0.351169 -0.922700
1.164926 -72.907171 3146.403497 11079.435036 0.222318 -0.301391 0.927221 0.798036 0.602593 0.004528 -0.560101 0.738949 0.374488
-3.482594 -65.600968 2219.011044 5398.769528 0.233773 -0.278446 0.931568 0.845247 0.531723 -0.053179 -0.480529 0.799837 0.359658
-7.332996 -97.505783 1809.219017 14844.840403 0.176256 -0.309311 0.934484 0.777086 0.626452 0.060785 -0.604211 0.715461 0.350778
-8.546095 -75.832587 512.564004 10229.916940 0.157213 -0.291625 0.943525 0.833222 0.552024 0.031786 -0.530118 0.781168 0.329774
-2.129110 -117.980531 3027.868121 21056.408236 0.201077 -0.312113 0.928522 0.686124 0.721399 0.093907 -0.699144 0.618199 0.359205
-9.070704 -134.608261 546.679652 17884.672385 0.137691 -0.289140 0.947333 0.565174 0.808387 0.164586 -0.813400 0.512746 0.274722
-10.252419 -107.907184 1.824939 16628.648722 0.118249 -0.296186 0.947782 0.728865 0.674108 0.119726 -0.674369 0.676647 0.295592
-6.328872 -48.552034 445.580729 1425.828647 0.952139 -0.304904 0.021568 0.167203 0.578602 0.798288 0.255881 0.756474 -0.601890
-6.838263 -47.876197 -342.091899 -446.748371 0.959046 -0.282965 -0.012694 0.202777 0.654596 0.728276 0.197767 0.701025 -0.685166
-7.229103 -51.128611 -110.841077 1822.210961 0.960551 -0.277248 0.021809 0.135300 0.534390 0.834339 0.242973 0.798474 -0.550820
3.474749 -47.312638 375.309629 -747.919786 0.938152 -0.308095 0.157949 -0.331805 -0.930352 0.156044 -0.098872 0.198801 0.975040
3.454154 -45.110823 273.050569 -318.003582 0.940071 -0.293377 0.173769 -0.332395 -0.902101 0.275187 -0.076024 0.316455 0.945556
2.060358 -46.091627 532.315945 -392.174614 0.953984 -0.264206 0.141811 -0.295674 -0.907562 0.298175 -0.049923 0.326384 0.943918
1.070569 -47.303316 16.592679 110.463679 0.967285 -0.217433 0.130700 -0.250270 -0.902188 0.351314 -0.041529 0.372531 0.927090
2.793560 -48.585524 -33.426091 -455.845841 0.956139 -0.255214 0.143751 -0.282503 -0.933146 0.222331 -0.077399 0.253190 0.964315
-6.184584 -81.310680 1664.960269 -3122.589626 0.979890 -0.199449 0.005927 0.084122 0.439858 0.894119 0.180938 0.875640 -0.447791
-1.501229 -73.155677 1209.356368 -2525.548463 0.975779 -0.215470 -0.037776 0.154737 0.557779 0.815438 0.154632 0.801533 -0.577611
-4.926811 -74.421492 1549.868379 -3395.055003 0.974399 -0.220542 -0.043680 0.168042 0.585345 0.793179 0.149362 0.780213 -0.607420
-9.088997 -78.155864 1056.777539 -3989.237873 0.983429 -0.177568 -0.036554 0.137540 0.599414 0.788534 0.118108 0.780495 -0.613904
2.815753 -59.733768 361.189758 813.214005 0.996481 -0.082668 -0.013866 0.000536 -0.159143 0.987255 0.083822 0.983788 0.158538
4.350560 -60.643494 707.309242 -2536.921506 0.996463 -0.074568 -0.038753 0.015936 -0.285105 0.958364 0.082512 0.955591 0.282909
5.096172 -66.177826 594.577600 -211.627002 0.997691 -0.067466 -0.007852 -0.004038 -0.174309 0.984683 0.067802 0.982377 0.174179
3.206303 -70.266435 460.370443 3290.232803 0.997093 -0.074617 0.015398 -0.015411 0.000407 0.999881 0.074615 0.997212 0.000745
-13.824743 -39.138094 -888.448249 -961.958079 0.936099 -0.329807 0.122253 -0.207179 -0.236124 0.949380 0.284246 0.914042 0.289364
-12.513431 -39.627909 -1131.014638 -847.965658 0.929435 -0.318923 0.185578 -0.288083 -0.312928 0.905033 0.230563 0.894631 0.382723
-15.840845 -41.575561 -1114.707687 -1052.831525 0.937002 -0.327900 0.120454 -0.244213 -0.368331 0.897046 0.249775 0.869950 0.425204
-10.955509 -37.722592 -1012.669810 -1242.675915 0.929320 -0.311669 0.198058 -0.269902 -0.207227 0.940324 0.252027 0.927318 0.276700
-12.265085 -36.620821 -646.214383 -216.209035 0.931971 -0.346353 0.107095 -0.156715 -0.118508 0.980508 0.326910 0.930589 0.164724
-10.766760 -36.755903 -725.247923 -425.238049 0.933425 -0.318150 0.165824 -0.219269 -0.140054 0.965560 0.283968 0.937638 0.200491
5.340328 -118.604485 -1600.776216 13929.058945 0.989952 -0.141260 -0.006369 -0.029539 -0.250637 0.967630 0.138284 0.957719 0.252292
5.561060 -101.194697 -750.145377 1105.829352 0.983277 -0.168125 0.070004 -0.135169 -0.416124 0.899205 0.122049 0.893630 0.431891
4.760505 -97.390508 -922.203950 397.896880 0.987220 -0.148311 0.058315 -0.105658 -0.335193 0.936206 0.119303 0.930403 0.346579
2.109282 -84.573844 -271.748441 -3589.397024 0.983760 -0.154133 0.091974 -0.145609 -0.385706 0.911059 0.104949 0.909656 0.401885
2.232297 -81.843600 -431.774788 3762.904371 0.989898 -0.136948 0.036700 -0.071194 -0.256273 0.963979 0.122609 0.956854 0.263434
4.793688 -119.766385 -887.298316 10935.517702 0.988872 -0.142158 -0.043845 0.026819 -0.119545 0.992466 0.146329 0.982599 0.114403
4.218612 -90.544639 -714.544027 5683.574951 0.990723 -0.135804 0.004990 -0.027309 -0.162986 0.986250 0.133124 0.977237 0.165183
0.684379 -58.902653 -37.096313 3668.747808 0.994720 -0.093311 -0.042715 0.029878 -0.134871 0.990413 0.098178 0.986460 0.131371
-1.068846 -77.953619 260.072435 7422.711627 0.992228 -0.106599 -0.064183 0.071183 0.063213 0.995458 0.102057 0.992291 -0.070310
-0.186884 -57.181141 500.225376 4159.056931 0.992651 -0.109888 -0.050686 0.034113 -0.147757 0.988435 0.116107 0.982900 0.142923
0.291572 -54.417325 350.191499 -627.554474 0.993768 -0.106058 -0.034292 0.008298 -0.236406 0.971619 0.111155 0.965849 0.234052
0.927571 -79.285983 1435.631540 404.990549 0.940707 -0.337286 0.036166 -0.273875 -0.818076 -0.505712 -0.200156 -0.465822 0.861944
-5.187990 -84.261266 1799.554469 1348.144346 0.957100 -0.282978 0.062319 -0.240473 -0.895704 -0.374014 -0.161657 -0.342983 0.925327
-2.835435 -81.043057 1838.885332 1424.775369 0.946399 -0.319855 0.044970 -0.238444 -0.785758 -0.570727 -0.217885 -0.529412 0.819908
20.854176 -109.851887 -1794.498504 -2526.876647 0.048100 -0.163211 0.985418 -0.660213 0.735125 0.153982 -0.749537 -0.657992 -0.072395
20.307333 -105.280982 -2432.686220 3663.093675 -0.111909 0.048824 -0.992518 0.723499 -0.680669 -0.115060 -0.681195 -0.730962 0.040849
22.007991 -105.113100 188.316970 9350.594244 -0.054407 0.106449 -0.992829 0.895984 -0.433675 -0.095597 -0.440741 -0.894759 -0.071781
15.335945 -115.205034 718.070683 3000.497606 0.070454 -0.114726 0.990896 -0.443317 0.886272 0.134133 -0.893592 -0.448731 0.011581
18.379335 -113.783461 3685.259648 9901.057236 -0.017930 0.219277 -0.975498 0.793674 -0.590249 -0.147267 -0.608079 -0.776868 -0.163451
15.414280 -121.020655 -2784.456293 -168.502392 0.034259 -0.211997 0.976670 -0.520194 0.830648 0.198548 -0.853361 -0.514860 -0.081823
15.366600 -118.948882 -1301.959281 4991.319094 0.048015 -0.170812 0.984133 -0.389320 0.904147 0.175924 -0.919850 -0.391589 -0.023088
-15.665672 -34.854738 -512.906380 -131.307370 0.963027 0.039781 0.266451 0.117949 0.826952 -0.549763 0.242212 -0.560864 -0.791685
-17.886966 -35.961965 -592.806661 -160.755029 0.956927 0.119670 0.264517 0.072449 0.783848 -0.616712 0.281143 -0.609312 -0.741416
-16.291103 -34.001203 -393.284421 0.471799 0.970282 0.102453 0.219217 0.068678 0.752090 -0.655472 0.232025 -0.651048 -0.722703
-13.741482 -32.829894 -669.073991 87.779695 0.975513 0.020552 0.218980 0.119159 0.787462 -0.604735 0.184867 -0.616020 -0.765730
4.207410 -358.131045 -2969.678726 -15807.103754 0.054282 0.006712 0.998503 0.976671 0.207711 -0.054491 -0.207766 0.978167 0.004720
36.380720 -846.700251 -7829.026707 -242449.713287 0.189556 0.075997 0.978924 0.882646 0.423560 -0.203795 -0.430121 0.902675 0.013210
9.238418 -344.929375 -5768.621283 20597.790832 -0.070377 -0.017111 0.997374 0.802554 0.592828 0.066801 -0.592414 0.805147 -0.027989
2.771434 -309.922980 -3100.935605 -27568.612587 -0.001265 0.038381 0.999262 0.952923 0.303031 -0.010433 -0.303208 0.952207 -0.036958
122.735583 -11096.672471 -29520.588553 -4218206.479658 0.311245 -0.010807 0.950268 0.946000 -0.091815 -0.310891 0.090609 0.995717 -0.018353
-6.985070 -21.385812 442.494662 -1588.496606 0.962558 0.262849 -0.066278 -0.051127 -0.064078 -0.996634 0.266211 -0.962707 0.048240
-8.729363 -22.524728 611.641198 -1672.001299 0.961467 0.234204 -0.143976 -0.128499 -0.080135 -0.988467 0.243040 -0.968879 0.046952
-9.236558 -25.858514 510.235380 -1190.200279 0.955924 0.239928 -0.169243 -0.170627 -0.015153 -0.985219 0.238946 -0.970672 -0.026453
-8.077856 -24.996155 133.193014 -1210.952627 0.961076 0.261827 -0.088204 -0.092931 0.005702 -0.995656 0.260187 -0.965098 -0.029812
-9.789752 -28.218306 82.215094 -635.905963 0.953710 0.245544 -0.173624 -0.194495 0.063280 -0.978860 0.229367 -0.967318 -0.108108
-5.004825 -79.070266 -806.995331 2836.266356 0.941688 -0.302122 -0.148139 0.177048 0.819265 -0.545397 -0.286142 -0.487367 -0.824983
-3.214812 -81.515800 -487.386922 1563.241567 0.940430 -0.300046 -0.159888 0.201152 0.870168 -0.449828 -0.274098 -0.390870 -0.878687
-5.066308 -73.324658 -662.497481 1186.460687 0.947982 -0.279642 -0.152089 0.202803 0.898827 -0.388564 -0.245360 -0.337507 -0.908783
-4.236617 -87.235098 -1121.863304 2566.853788 0.929943 -0.338645 -0.143269 0.163489 0.729795 -0.663830 -0.329359 -0.593901 -0.734033
-6.146357 -82.195681 -467.020107 2755.762745 0.945425 -0.303132 -0.119513 0.136930 0.702438 -0.698449 -0.295673 -0.643966 -0.705610
-77.096900 -651.092411 12875.502570 155825.535844 -0.100770 0.682833 -0.723592 0.947885 -0.155061 -0.278333 -0.302256 -0.713930 -0.631622
-37.133038 -241.787129 7630.227093 -44940.184803 0.005162 0.734719 -0.678352 -0.820145 0.391228 0.417496 -0.572133 -0.554191 -0.604596
-42.363475 -324.005612 8185.233905 82241.359859 0.004293 0.740831 -0.671678 0.987383 -0.109465 -0.114424 -0.158294 -0.662712 -0.731954
-76.549561 -251.029310 13776.238145 -14052.347425 -0.042546 0.714967 -0.697862 -0.573662 0.554395 0.602958 -0.817986 -0.425991 -0.386562
-74.830069 -230.595330 12354.930527 67450.647511 -0.032589 0.678575 -0.733808 0.998869 -0.003315 -0.047426 -0.034614 -0.734524 -0.677700
-175.127463 -319.524454 37968.523554 86911.490666 -0.033271 0.565457 -0.824107 0.999301 0.004774 -0.037068 -0.017026 -0.824764 -0.565220
-137.198453 -305.163916 16539.896300 77364.669222 -0.318690 0.510588 -0.798584 0.924097 -0.020097 -0.381628 -0.210904 -0.859591 -0.465428
-120.783391 -230.898832 21666.268398 34205.440039 -0.177762 0.587548 -0.789423 0.767010 -0.419852 -0.485200 -0.616519 -0.691745 -0.376022
1.052680 -61.605855 -742.642291 -354.983659 0.982720 -0.172669 -0.066686 0.163993 0.645129 0.746267 0.085837 0.744308 -0.662298
2.544786 -62.639062 -629.119166 -275.946398 0.980449 -0.185479 -0.065712 0.169092 0.623356 0.763436 0.100639 0.759622 -0.642532
1.851913 -61.647882 -945.761213 -42.037230 0.985726 -0.160226 -0.051696 0.126868 0.505063 0.853707 0.110676 0.848080 -0.518181
-49.352149 -69.382684 -229.124643 4185.013433 0.914032 -0.362297 -0.182443 0.086007 -0.266445 0.960005 0.396418 0.893167 0.212379
-45.131780 -64.672407 592.936975 2147.497263 0.804158 -0.552873 0.218315 -0.297655 -0.056631 0.952992 0.514520 0.831339 0.210105
-36.859318 -57.191351 -119.389595 3476.882193 0.689895 -0.599475 0.405802 -0.545805 -0.062502 0.835578 0.475544 0.797950 0.370316
-47.286320 -63.641947 -889.451033 1141.829187 0.994501 -0.103694 -0.014647 -0.078377 -0.644222 -0.760812 -0.069456 -0.757777 0.648807
-47.022153 -60.112429 -407.373660 2492.672560 0.974907 -0.102133 -0.197799 -0.222368 -0.488363 -0.843833 0.010415 -0.866643 0.498820
10.705718 -2.636348 4292.224541 1680.894700 -0.258126 0.021040 -0.965882 0.965970 0.022696 -0.257655 0.016500 -0.999521 -0.026182
15.955700 0.295094 5232.002723 -960.049637 0.064973 0.014746 -0.997778 0.997863 0.005952 0.065066 0.006898 -0.999874 -0.014327
-0.165352 -4.135018 3362.305841 1785.973867 -0.461966 0.026797 -0.886493 0.886815 0.027598 -0.461300 0.012104 -0.999260 -0.036513
6.634206 -4.662086 4508.896906 -1214.456596 0.290044 0.029302 -0.956565 0.956778 0.013300 0.290516 0.021235 -0.999482 -0.024178
-0.334376 -13.901139 2279.676093 4276.507958 -0.696413 0.010558 -0.717563 0.717566 0.024701 -0.696052 0.010376 -0.999639 -0.024778
-6.383057 -17.288767 -1340.069106 4456.173718 0.898043 0.000505 0.439908 0.439870 0.012130 -0.897979 0.005790 -0.999926 -0.010671
-6.490251 -8.958323 -178.588083 4300.756788 0.999131 0.023760 -0.034247 -0.034882 0.026827 -0.999031 0.022819 -0.999358 -0.027632
-18.947638 -24.266009 1648.066518 -560.091788 0.983928 -0.177659 0.017972 0.007472 0.141522 0.989907 0.178410 0.973863 -0.140574
-12.633869 -23.389230 1720.306147 -809.139615 0.972112 -0.215352 0.092849 -0.059323 0.157233 0.985778 0.226888 0.963795 -0.140073
-16.594557 -23.016725 2009.670826 -280.299034 0.967910 -0.237981 -0.080723 0.127480 0.188161 0.973830 0.216564 0.952870 -0.212461
-4.434428 -22.640234 2018.667723 -1036.143949 0.962323 -0.250930 0.104734 -0.065957 0.158258 0.985192 0.263789 0.954981 -0.135745
-8.044757 -21.551712 1846.366642 -690.899075 0.967965 -0.246963 0.045312 0.009130 0.214965 0.976579 0.250919 0.944881 -0.210333
19.660710 -37.900626 3054.421457 -271.236525 0.976437 -0.071674 0.203553 -0.156584 -0.884378 0.439723 -0.148501 0.461235 0.874763
23.280963 -35.114755 2881.395195 -589.738799 0.980383 -0.013355 0.196648 -0.121970 -0.824833 0.552063 -0.154829 0.565219 0.810281
21.507385 -34.900709 3004.233910 -1044.814587 0.985142 -0.048032 0.164888 -0.143105 -0.760400 0.633493 -0.094953 0.647677 0.755975
16.330787 -37.928663 2314.848678 -741.947726 0.979065 -0.087611 0.183728 -0.173499 -0.831212 0.528190 -0.106442 0.549009 0.829011
28.370473 -33.261001 3030.629651 -356.051730 0.982758 0.057090 0.175862 -0.073024 -0.753970 0.652837 -0.169866 0.654423 0.736801
9.050128 -79.847786 -1179.732991 4239.662206 0.989591 0.138724 -0.038270 -0.139198 0.990214 -0.009984 0.036510 0.015207 0.999218
8.773803 -86.097600 -1158.282209 791.106080 0.989895 0.135306 -0.042425 0.119208 -0.956083 -0.267760 0.076792 -0.259997 0.962551
-7.391322 -66.632092 338.061822 -129.814317 0.990091 0.008021 -0.140200 -0.010722 0.999771 -0.018515 0.140019 0.019835 0.989950
-6.120000 -63.911895 212.488348 -1443.824012 0.987188 0.006818 -0.159418 -0.021275 0.995790 -0.089159 0.158139 0.091408 0.983177
-7.235612 -73.011059 -205.202695 3196.377952 0.990867 0.006901 -0.134665 0.034763 -0.978003 0.205672 0.130283 0.208475 0.969311
-7.650319 -71.315129 571.610210 2765.482044 0.991040 0.001766 -0.133551 0.026969 -0.981963 0.187140 0.130811 0.189065 0.973213
-10.890663 -33.552311 -52.295641 107.740544 0.977678 -0.147750 -0.149385 0.182695 0.246652 0.951728 0.103772 0.957775 -0.268139
-10.747768 -35.488907 -322.097650 -1105.553625 0.982418 -0.132574 -0.131446 0.151857 0.157907 0.975707 0.108597 0.978514 -0.175263
-10.389440 -37.695430 -29.009766 -1644.746658 0.985522 -0.149776 -0.079457 0.091877 0.077904 0.992718 0.142495 0.985646 -0.090537
18.331110 7.164439 -2008.531578 8800.539770 0.960133 -0.193482 0.201767 0.198180 -0.037926 -0.979432 -0.197155 -0.980370 -0.001930
24.328205 1.927440 -3319.150827 7520.323549 0.951275 -0.146581 0.271274 0.263496 -0.070478 -0.962082 -0.160142 -0.986685 0.028420
26.578891 -13.682648 -3429.566759 5574.805200 0.970177 -0.128299 0.205660 0.193222 -0.102965 -0.975737 -0.146361 -0.986376 0.075104
13.350210 -16.756570 -3771.447945 -178.752922 0.872161 0.222770 -0.435556 0.478298 -0.201216 0.854835 -0.102791 0.953879 0.282043
1.550416 -17.442208 -1907.066423 -350.738406 0.784454 0.260170 -0.562977 0.610338 -0.162723 0.775248 -0.110087 0.951752 0.286440
12.662933 -39.948804 -447.914717 -202.561404 0.971624 -0.213242 0.102346 -0.011103 -0.473336 -0.880812 -0.236270 -0.854682 0.462272
10.441920 -38.416842 -404.233181 -773.904095 0.961045 -0.240414 0.136361 0.018998 -0.434733 -0.900359 -0.275739 -0.867876 0.413231
-2.084340 -257.035707 1087.644726 39356.980308 0.045937 0.120978 0.991592 0.499844 0.856654 -0.127671 -0.864896 0.501506 -0.021118
-1.743612 -219.500755 978.629502 15179.640042 -0.038863 0.053613 0.997805 0.534778 0.844636 -0.024554 -0.844099 0.532650 -0.061496
0.533223 -215.130542 470.485235 29868.139833 -0.055555 0.045938 0.997398 0.842271 0.538601 0.022107 -0.536184 0.841308 -0.068614
29.914506 -668.805285 6592.486061 43888.205099 0.389280 0.031628 -0.920577 0.918225 -0.092497 0.385107 -0.072970 -0.995211 -0.065049
63.110448 -1819.638235 -21844.100202 -430979.516947 0.502291 -0.219939 -0.836260 0.785526 -0.288207 0.547618 -0.361459 -0.931968 0.028003
70.552901 -474.107073 -1781.120999 91305.804335 -0.367798 0.174151 0.913453 -0.145051 0.959539 -0.241341 -0.918523 -0.221262 -0.327656
60.506879 -841.491495 -3932.026410 226673.552344 -0.155960 0.146718 0.976806 -0.556218 0.804171 -0.209595 -0.816271 -0.576005 -0.043811
7.536445 -29.421728 -1171.417455 2207.949879 0.986535 -0.127489 0.102445 -0.137491 -0.307279 0.941635 0.088569 0.943041 0.320670
9.580620 -31.510200 -558.884402 1843.824945 0.986699 -0.154913 0.049258 -0.088601 -0.258457 0.961951 0.136288 0.953521 0.268745
11.658500 -23.669723 -475.761303 2610.031322 0.988727 -0.146750 0.029707 -0.084811 -0.385411 0.918839 0.123390 0.911001 0.393513
9.060839 -21.792277 -1229.238844 2545.281404 0.988650 -0.115658 0.095889 -0.135369 -0.408927 0.902471 0.065166 0.905208 0.419943
-22.408921 -24.584931 579.320665 299.396958 0.953451 -0.031654 -0.299881 0.294776 -0.111724 0.949013 0.063544 0.993235 0.097192
-20.797878 -23.708005 -84.205448 543.921921 0.834829 0.036657 -0.549288 0.545855 -0.184598 0.817292 0.071438 0.982130 0.174117
-19.857416 -24.419755 1814.853354 544.022180 0.986521 -0.119579 -0.111700 0.093779 -0.146231 0.984795 0.134095 0.981997 0.133046
-19.808445 -23.603490 -1066.903959 -248.310869 0.726646 0.121339 -0.676211 0.686817 -0.104863 0.719226 -0.016361 0.987057 0.159536
-22.013134 -24.623422 -829.339117 -30.110296 0.919779 0.048216 -0.389463 0.391953 -0.063627 0.917782 -0.019472 0.996808 0.077421
10.092784 -10.017421 -1261.872506 -5776.764678 -0.476927 0.155145 0.865142 0.875953 0.165013 0.453295 -0.072433 0.974013 -0.214599
-19.353054 -32.217142 727.174064 647.585116 0.584923 -0.307018 -0.750737 0.745933 -0.159853 0.646553 -0.318511 -0.938183 0.135513
-14.167680 -31.113198 2359.477802 942.256156 0.460763 -0.219674 -0.859908 0.842278 -0.197173 0.501687 -0.279758 -0.955440 0.094176
-19.593682 -29.428689 1593.381910 558.330785 0.583520 -0.267468 -0.766789 0.782326 -0.068183 0.619127 -0.217878 -0.961151 0.169461
16.867499 -132.732135 201.414535 17443.465778 -0.237765 0.829341 0.505630 -0.527379 -0.547371 0.649813 -0.815683 0.112156 -0.567523
12.523978 -178.676247 -22.446687 29074.723544 -0.332996 0.799949 0.499194 -0.552409 -0.594548 0.584258 -0.764172 0.081204 -0.639881
-7.048664 -44.064111 -120.038422 1268.639621 0.968512 -0.235978 0.079372 -0.192110 -0.505547 0.841140 0.158364 0.829902 0.534962
-7.172625 -41.880111 -446.026047 1257.504812 0.968341 -0.237265 0.077599 -0.205697 -0.582254 0.786555 0.141440 0.777615 0.612625
-8.129695 -43.933005 345.319998 258.874912 0.955977 -0.283777 0.074697 -0.205517 -0.465783 0.860703 0.209455 0.838163 0.503598
-6.021694 -40.964811 -772.002122 1894.567013 0.976951 -0.197915 0.079979 -0.186879 -0.611905 0.768537 0.103165 0.765769 0.634787
-6.316013 -43.415166 -798.574459 1234.087929 0.980843 -0.177855 0.079468 -0.161756 -0.516286 0.841002 0.108548 0.837745 0.535164
-8.993747 -23.160296 187.770722 -1984.517131 0.907574 -0.207625 0.364968 -0.313727 0.242402 0.918051 0.279079 0.947699 -0.154860
-8.361419 -20.080316 523.068673 545.325902 0.929804 -0.244824 0.274818 -0.211515 0.255626 0.943354 0.301206 0.935263 -0.185898
-10.229985 -20.846917 235.015336 60.372761 0.929682 -0.213823 0.299952 -0.244604 0.250502 0.936706 0.275428 0.944208 -0.180585
-1.603305 -19.767492 1973.017498 -1311.304765 0.924592 -0.270675 0.268075 -0.202910 0.245662 0.947881 0.322423 0.930798 -0.172215
57.336552 -76.759725 -774.698918 1367.708111 0.978052 -0.031552 0.205957 0.204801 -0.036352 -0.978128 -0.038349 -0.998841 0.029092
57.356438 -71.469367 -1796.327877 4388.542284 0.966086 -0.133085 0.221284 0.244670 0.197818 -0.949213 -0.082553 -0.971162 -0.223671
55.891243 -82.744073 -739.047958 4119.376089 0.958472 -0.198193 0.205062 0.208320 -0.004501 -0.978050 -0.194765 -0.980153 -0.036973
47.743047 -58.471687 2556.205539 -830.353737 0.970611 0.163365 0.176706 0.197485 -0.121089 -0.972799 0.137524 -0.979106 0.149792
55.206818 -66.543103 317.970763 -3064.584457 0.953061 0.130338 0.273287 0.270764 0.037055 -0.961932 0.135503 -0.990777 -0.000024
55.207394 -72.883534 195.240160 559.219269 0.993314 0.005766 0.115296 0.112577 -0.269461 -0.956408 -0.025553 -0.962994 0.268309
57.372786 -88.485185 -1062.709131 1988.190120 0.971875 -0.151373 0.180402 0.142039 -0.234235 -0.961748 -0.187839 -0.960323 0.206146
13.814710 -40.918234 2824.066296 678.209037 0.979878 -0.160510 0.118640 0.176569 0.974244 -0.140257 0.093072 -0.158383 -0.982981
10.885752 -43.054478 3339.955228 66.465919 0.970435 -0.197927 0.138132 0.226814 0.943516 -0.241521 0.082526 -0.265711 -0.960514
10.874404 -42.877311 2080.877346 131.514340 0.971339 -0.196289 0.134058 0.215260 0.965603 -0.145858 0.100816 -0.170535 -0.980181
14.242669 -40.447351 -2504.301399 943.359836 -0.977792 0.158227 -0.137429 0.164809 0.985600 -0.037836 0.129464 -0.059645 -0.989789
8.055152 -50.017697 3908.656762 2450.913093 0.305950 -0.229179 0.924052 0.826070 0.546413 -0.137990 -0.473289 0.805550 0.356493
0.873064 -57.951983 2240.570282 -3538.576463 0.319603 -0.209297 0.924147 0.865342 0.461828 -0.194673 -0.386053 0.861922 0.328716
-6.446666 -58.581558 723.764336 1999.030614 0.221269 -0.246910 0.943438 0.873950 0.479472 -0.079487 -0.432726 0.842105 0.321879
257.864387 -35.614974 59618.380973 -856.670843 0.722784 -0.401582 0.562419 -0.678845 -0.260156 0.686650 0.129430 0.878095 0.460649
170.639402 -30.316407 -21218.182413 -1230.103008 0.648046 0.159417 0.744730 0.665445 0.357091 -0.655492 -0.370433 0.920365 0.125328
152.729094 -31.757201 -19186.759672 352.056757 0.704572 0.172391 0.688375 -0.643941 -0.252301 0.722277 -0.298192 0.952169 0.066755
295.026697 -32.101580 -80466.513662 467.660789 0.495293 0.582823 0.644206 0.661646 0.227456 -0.714485 -0.562946 0.780116 -0.272965
154.284224 -33.293760 21978.060491 924.204848 0.755779 -0.158035 0.635471 -0.654691 -0.202161 0.728362 -0.013361 0.966517 0.256253
171.336417 -30.119209 -39568.523630 1146.925884 0.657673 0.382795 0.648795 -0.642865 -0.163744 0.748273 -0.392671 0.909206 -0.138395
4.166154 -46.232563 -202.384893 -745.245709 0.926178 -0.324656 0.191813 -0.349685 -0.929821 0.114687 -0.141118 0.173295 0.974707
4.551341 -43.750856 221.084664 -345.755102 0.930091 -0.314866 0.189182 -0.351432 -0.912622 0.208847 -0.106893 0.260732 0.959475
4.368434 -43.076699 316.390384 114.130614 0.939391 -0.289059 0.184362 -0.336151 -0.882303 0.329460 -0.067430 0.371465 0.925995
2.041425 -68.763759 1061.145397 -1285.984014 0.975211 -0.216763 -0.044477 0.169740 0.603855 0.778811 0.141960 0.767055 -0.625679
1.602489 -70.848639 1079.913746 -786.298982 0.978812 -0.203741 -0.020402 0.114121 0.460091 0.880507 0.170008 0.864179 -0.473594
-1.778488 -77.537597 1220.575778 -1417.755533 0.981424 -0.191662 0.008489 0.059334 0.345308 0.936612 0.182445 0.918710 -0.350266
3.243104 -69.415219 479.296458 -723.270695 0.980026 -0.197361 -0.024447 0.110905 0.440353 0.890949 0.165073 0.875864 -0.453446
2.239023 -71.040308 1486.155199 -869.810242 0.977547 -0.210537 0.008693 0.059656 0.316086 0.946853 0.202096 0.925075 -0.321548
2.606174 -134.226035 -662.329482 -8238.931001 0.971694 -0.185158 0.146723 -0.228684 -0.893062 0.387485 -0.059287 0.410070 0.910125
0.817740 -125.440402 -804.533410 -6524.070267 0.972816 -0.177040 0.149285 -0.221589 -0.898924 0.377933 -0.067286 0.400739 0.913718
0.626499 -111.307595 -1076.286718 -7202.721447 0.974948 -0.156982 0.157582 -0.220941 -0.765333 0.604525 -0.025703 0.624197 0.780844
2.505722 -139.738924 -734.267027 -3457.370417 0.967324 -0.206597 0.146973 -0.223266 -0.968797 0.107634 -0.120150 0.136931 0.983267
2.689644 -130.416457 -323.788833 -408.318283 0.971501 -0.195643 0.133828 -0.210435 -0.971729 0.107049 -0.109101 0.132160 0.985206
3.065902 -132.494063 -346.122823 -9538.936851 0.973653 -0.186173 0.131682 -0.226079 -0.863575 0.450695 -0.029810 0.468591 0.882912
2.389186 -113.687737 -484.314481 -8952.916763 0.977131 -0.169146 0.128857 -0.211343 -0.705814 0.676136 0.023417 0.687907 0.725421
3.509302 -59.745674 560.312458 -2459.577076 0.995684 -0.075447 -0.054056 0.026571 -0.326322 0.944885 0.088929 0.942243 0.322909
4.987018 -64.831922 830.264540 -2771.629224 0.995198 -0.070616 -0.067788 0.028391 -0.454520 0.890284 0.093679 0.887933 0.450333
-8.514180 -40.366834 2123.606576 -1284.487032 0.902761 -0.399970 0.158264 -0.319873 -0.378248 0.868683 0.287584 0.834837 0.469407
29.971497 -39.651510 13824.606011 -982.156988 0.793764 -0.546215 0.267560 -0.513091 -0.365113 0.776808 0.326615 0.753884 0.570071
19.371771 -36.876289 10913.503673 -1334.370589 0.802875 -0.522757 0.286560 -0.467166 -0.253103 0.847169 0.370334 0.814042 0.447425
5.308306 -154.006198 -1117.070726 15902.583585 0.983919 -0.178345 -0.009843 -0.053472 -0.346686 0.936456 0.170425 0.920870 0.350647
20.659191 -100.286660 -4606.577319 8455.706408 -0.118555 -0.055885 -0.991374 0.902729 -0.421894 -0.084172 -0.413551 -0.904921 0.100467
-16.938598 -36.343828 74.888273 -141.833896 0.942086 0.200392 0.268919 0.044214 0.720641 -0.691897 0.332445 -0.663716 -0.670046
-11.983842 -37.213001 2152.212599 -257.356219 0.905236 0.243032 0.348544 0.066562 0.729045 -0.681222 0.419663 -0.639866 -0.643781
-14.125361 -35.770247 1273.188449 -385.730835 0.924794 0.232431 0.301216 0.079081 0.656980 -0.749749 0.372158 -0.717184 -0.589190
-8.730904 -36.306911 3214.069953 -370.555039 0.894290 0.268242 0.358177 0.105497 0.651476 -0.751299 0.434874 -0.709666 -0.554310
-17.094428 -34.872466 -188.569380 -421.776606 0.951626 0.221619 0.212822 0.036480 0.606255 -0.794434 0.305086 -0.763767 -0.568843
-12.324199 -34.623515 1640.881029 -602.943314 0.920181 0.254020 0.297894 0.102404 0.578250 -0.809408 0.377863 -0.775307 -0.506082
18.099630 -462.512351 -5928.855565 -61538.508110 0.130774 -0.035387 0.990780 0.954661 0.274074 -0.116218 -0.267434 0.961057 0.069624
37.295801 -342.010575 -7197.166722 -16936.436680 0.071917 0.005226 0.997397 0.722124 0.689519 -0.055682 -0.688015 0.724248 0.045814
25.266926 -281.746866 -6324.241993 5200.414476 -0.035193 -0.003998 0.999373 0.703772 0.709889 0.027623 -0.709554 0.704303 -0.022169
-669.147367 -2169.253254 82283.442206 -28868.857828 0.465607 0.867708 -0.174050 -0.837967 0.495512 0.228649 -0.284645 -0.039388 -0.957824
-6.795711 -94.022741 5334.911458 -15351.592206 -0.471789 0.295488 -0.830724 0.532184 0.846628 -0.001095 0.702991 -0.442614 -0.556684
-23.445847 -63.492436 3007.554202 5728.932092 -0.690477 -0.152197 -0.707161 0.298542 0.830509 -0.470242 0.658873 -0.535809 -0.528011
13.967500 -1272.041388 -3130.288203 514167.801517 -0.401915 0.206308 -0.892133 0.755481 0.625240 -0.195764 0.517409 -0.752670 -0.407155
19.412649 -119.865641 5012.157548 29515.950010 -0.493076 0.065838 -0.867491 0.302639 0.947836 -0.100082 0.815650 -0.311885 -0.487281
36.992110 -49.163141 -15563.205597 -4626.004960 0.122952 0.653150 0.747180 0.226278 0.714610 -0.661914 -0.966272 0.250454 -0.059931
84.351004 -1789.152930 12759.140695 722458.186110 0.133659 -0.278112 0.951204 -0.519329 0.797819 0.306239 -0.844057 -0.534919 -0.037796
