13732
27449
-35.695561 -57.164971 -1874.211832 7520.787941 -0.074139 0.995837 -0.053038 0.951043 0.054603 -0.304198 0.300035 0.072994 0.951131
-44.589327 -64.321936 -166.601569 5951.682281 0.022950 0.988477 -0.149623 0.978477 -0.052910 -0.199458 0.205076 0.141825 0.968416
-43.598662 -80.334194 -2440.065247 10727.101758 -0.384440 0.923140 -0.004356 0.906529 0.376622 -0.190684 0.174387 0.077256 0.981642
-30.797316 -47.838477 -1916.125821 3978.861863 0.312191 0.925115 -0.216099 0.883736 -0.366272 -0.291299 0.348636 0.100033 0.931904
-28.595649 -72.811530 -6301.042556 14314.904986 -0.302676 0.948884 0.089482 0.898093 0.315382 -0.306535 0.319087 0.012417 0.947644
-25.990506 -47.444950 -4742.399294 6526.577552 -0.040840 0.999163 -0.002354 0.914336 0.036423 -0.403316 0.402893 0.018624 0.915058
-40.561434 -61.833161 -252.119561 2294.608880 0.657307 -0.242241 -0.713629 0.648178 -0.301361 0.699319 0.384464 0.922226 0.041071
-39.613560 -58.810624 -11.474710 872.648477 0.689212 -0.343093 -0.638181 0.536809 -0.349784 0.767781 0.486646 0.871745 0.056900
-40.983475 -61.779611 338.577298 2760.465754 -0.613365 0.361529 0.702197 0.664862 -0.243551 0.706146 0.426313 0.899989 -0.090981
-41.611386 -65.407095 374.359174 1774.042920 -0.594588 0.263065 0.759777 0.746720 -0.169700 0.643126 0.298118 0.949736 -0.095534
-41.023231 -66.551659 -186.980567 1924.826814 -0.619098 0.148918 0.771065 0.738174 -0.224704 0.636087 0.267986 0.962981 0.029186
76.195902 -100.046536 -11483.518853 1685.800873 -0.407917 0.870088 0.276677 0.608980 0.485066 -0.627578 0.680255 0.087509 0.727733
76.607721 -85.305297 -8368.624500 -5655.792590 -0.502278 0.854204 0.134358 0.755024 0.508979 -0.413375 0.421492 0.106185 0.900594
88.490686 -89.760151 -7023.954490 494.856165 -0.580568 0.806279 0.113382 0.569976 0.501900 -0.650556 0.581436 0.313067 0.750947
93.172175 -100.331608 -11936.694285 754.928266 -0.531349 0.822264 0.203836 0.464662 0.484071 -0.741461 0.708348 0.299260 0.639286
80.699553 -105.707836 -12698.803221 3665.370433 -0.394490 0.874123 0.283350 0.416053 0.444851 -0.793100 0.819315 0.194981 0.539171
23.717880 -68.256612 -373.300930 3849.799864 0.597344 0.745289 -0.296185 0.686728 -0.666088 -0.291086 0.414228 0.029520 0.909694
24.255487 -61.030562 1431.124226 4525.893992 0.528603 0.780772 -0.333129 0.686056 -0.624055 -0.374009 0.499907 0.030843 0.865530
26.704722 -54.500857 -274.785626 7122.411450 0.584081 0.764747 -0.272050 0.608593 -0.634375 -0.476637 0.537088 -0.112827 0.835946
24.684905 -69.293062 -2215.420686 4993.197861 0.654651 0.721807 -0.224560 0.639814 -0.687282 -0.343919 0.402579 -0.081471 0.911752
-3.306425 -15.185375 2060.671493 1189.894929 -0.741308 0.349968 -0.572700 0.020461 0.864680 0.501907 0.670853 0.360349 -0.648154
-9.392186 -17.624418 3630.926255 806.941761 -0.737803 0.398434 -0.544883 0.079469 0.852871 0.516038 0.670322 0.337433 -0.660914
-1.233941 -18.442547 2468.822556 688.055262 -0.740636 0.321806 -0.589830 0.031398 0.893463 0.448039 0.671172 0.313314 -0.671835
1.900371 -17.401900 969.466025 911.501085 -0.736894 0.264604 -0.622071 -0.019583 0.911470 0.410900 0.675724 0.314972 -0.666475
3.626207 -20.755833 2380.926876 833.125437 -0.739893 0.234651 -0.630474 -0.007213 0.934374 0.356222 0.672686 0.268113 -0.689644
54.756382 -26.262740 6288.044251 247.998148 -0.369408 0.863360 -0.343726 0.768673 0.491749 0.409054 -0.522187 0.113105 0.845297
49.655710 -28.124824 9043.211412 -1109.530462 -0.294341 0.890764 -0.346269 0.825901 0.419393 0.376826 -0.480886 0.175068 0.859127
53.876039 -23.669105 1552.690121 -402.993018 -0.431465 0.873235 -0.226491 0.782360 0.487200 0.388006 -0.449167 0.009786 0.893394
51.669091 -24.330924 2884.257855 -739.728942 -0.367381 0.900586 -0.232329 0.834608 0.429457 0.344959 -0.410440 0.067172 0.909410
-0.636595 -63.150527 -244.739243 -2618.127358 0.128266 0.990357 -0.052347 0.332003 -0.092617 -0.938721 0.934517 -0.103026 0.340681
-1.677426 -65.521099 29.134029 -1366.820456 0.128425 0.988479 -0.080097 0.198788 -0.104785 -0.974425 0.971592 -0.109218 0.209955
0.167260 -59.920868 844.420462 -2582.652044 0.108212 0.993231 -0.042218 0.353714 -0.078156 -0.932083 0.929073 -0.085930 0.359777
2.413648 -53.642448 763.890630 -2405.756457 0.114013 0.993380 -0.014039 0.437495 -0.062890 -0.897019 0.891964 -0.096130 0.441769
0.413285 -52.515002 1991.121883 -2433.663487 0.078844 0.996810 -0.012354 0.506109 -0.050702 -0.860978 0.858858 -0.061630 0.508492
1.758014 -59.131965 928.763323 -2321.381139 0.113829 0.992503 -0.044501 0.300845 -0.077123 -0.950549 0.946855 -0.094813 0.307369
3.682590 -91.713180 2494.896277 1120.754302 -0.098678 0.994725 0.028016 -0.874833 -0.073298 -0.478846 0.474267 0.071761 -0.877452
4.267427 -97.745977 4007.317754 1350.896983 -0.129925 0.991118 0.028352 -0.776797 -0.083976 -0.624127 0.616203 0.103113 -0.780808
-3.393824 -94.236437 230.019644 630.311691 -0.094602 0.995474 0.009057 -0.807997 -0.071464 -0.584837 0.581543 0.062645 -0.811100
-3.866571 -89.555241 473.245806 2055.442268 -0.076926 0.996753 0.023793 -0.900614 -0.059229 -0.430566 0.427758 0.054550 -0.902246
-6.170183 -97.597819 749.925406 3495.503124 -0.089224 0.995796 0.020737 -0.792705 -0.058391 -0.606803 0.603041 0.070579 -0.794582
2.277672 -174.919504 -3334.610645 13918.001264 0.223276 0.967119 -0.121773 0.785558 -0.252492 -0.564931 0.577102 -0.030476 0.816103
2.285143 -177.367094 154.175578 11420.655707 0.167106 0.973393 -0.156787 0.883994 -0.218342 -0.413377 0.436612 0.069521 0.896960
3.141482 -189.837845 -2284.535521 3403.255954 0.183046 0.975381 -0.122991 0.944298 -0.209242 -0.254006 0.273487 0.069645 0.959351
84.357919 -63.340990 -14479.660995 -1248.354338 -0.386766 0.918095 0.086678 0.912389 0.394625 -0.108711 0.134012 -0.037039 0.990287
64.315837 -80.279742 -11304.779657 -5741.860105 -0.404453 0.889815 0.211296 0.870387 0.445438 -0.209787 0.280792 -0.099061 0.954643
61.912126 -75.553946 6857.726850 -345.272232 0.363537 -0.916014 -0.169585 0.928031 0.371976 -0.019825 0.081242 -0.150173 0.985316
-3.843259 -131.358853 168.271094 6249.176457 -0.808052 0.072143 -0.584677 0.284250 0.917045 -0.279695 0.515997 -0.392203 -0.761527
-3.690086 -134.345316 781.192045 8504.776282 0.812962 -0.048608 0.580284 0.341921 0.846481 -0.408117 0.471362 -0.530195 -0.704777
-4.057719 -115.526826 -303.959691 6614.201161 -0.808337 0.079369 -0.583346 0.221412 0.959109 -0.176314 0.545498 -0.271681 -0.792856
-2.674424 -147.474872 722.388274 5310.547783 0.811759 -0.039387 0.582663 0.408776 0.750870 -0.518744 0.417073 -0.659274 -0.625626
-4.210134 -117.532829 -1.102120 5817.824299 -0.803468 0.084758 -0.589284 0.132630 0.990422 -0.038381 0.580387 -0.108995 -0.807014
-1.946248 -139.061491 -93.811434 9230.500870 -0.802702 0.065541 -0.592767 0.323256 0.883085 -0.340099 0.501173 -0.464614 -0.730041
-3.073359 -124.382963 156.157544 9251.624924 -0.796133 0.079044 -0.599936 0.204014 0.968448 -0.143136 0.569693 -0.236350 -0.787140
-18.848476 -92.009900 1869.602194 2648.434978 0.049077 0.991752 -0.118405 -0.733691 -0.044641 -0.678015 0.677708 -0.120148 -0.725449
-15.401714 -88.122196 -1047.253103 1622.085131 0.094732 0.976116 -0.195507 -0.764245 -0.054540 -0.642615 0.637930 -0.210292 -0.740825
-18.818689 -87.583192 1296.651597 2182.697315 0.065951 0.989763 -0.126571 -0.861071 -0.007642 -0.508428 0.504190 -0.142518 -0.851751
-17.264532 -94.225373 560.535919 2737.068170 0.042316 0.993572 -0.104993 -0.814034 -0.026642 -0.580206 0.579274 -0.110019 -0.807674
-5.191963 -183.019769 -2282.645765 4533.293600 0.840693 -0.167044 0.515104 0.298399 -0.650873 -0.698085 -0.451878 -0.740581 0.497338
-11.318627 -182.979331 -3273.602962 5384.264140 0.845302 -0.202970 0.494234 -0.081253 0.865438 0.494384 -0.528074 -0.458062 0.715064
-3.315610 -166.529162 113.548086 -2342.941910 0.857835 -0.160229 0.488309 0.129483 -0.852121 -0.507075 -0.497346 -0.498214 0.710232
-0.199962 -142.009566 188.988070 5605.843616 0.848150 -0.160957 0.504713 -0.061142 0.916617 0.395063 -0.526217 -0.365932 0.767587
1.335247 -145.479091 685.741979 4014.791502 0.849635 -0.119934 0.513552 0.255576 -0.758163 -0.599891 -0.461303 -0.640941 0.613510
1.942504 -164.858372 1282.463195 9357.592976 0.851528 -0.111546 0.512307 0.346592 -0.613414 -0.709646 -0.393414 -0.781844 0.483678
-9.202478 -47.120106 -44.741821 317.913650 0.258986 0.954661 -0.146796 -0.334693 -0.053865 -0.940787 0.906039 -0.292782 -0.305568
-6.314100 -44.576890 -1953.931238 1172.581481 0.304247 0.939961 -0.154619 -0.421958 -0.012540 -0.906529 0.854041 -0.341051 -0.392809
-8.455662 -44.290686 -893.707525 1117.663735 0.272129 0.948509 -0.162102 -0.455781 -0.021310 -0.889837 0.847472 -0.316034 -0.426514
-10.818713 -44.727606 18.115189 -341.488486 0.231249 0.961900 -0.145850 -0.404923 -0.041153 -0.913424 0.884625 -0.270287 -0.379979
-227.233123 -576.854882 -40853.455027 172028.510272 0.506388 0.276847 -0.816656 0.843124 -0.357608 0.401571 -0.180869 -0.891893 -0.414505
-193.279357 -274.503411 35661.095221 -1353.196643 -0.415259 -0.418604 0.807670 -0.704999 0.709190 0.005092 -0.574923 -0.567292 -0.589613
-272.645018 -401.576368 -23413.522351 -40498.626912 -0.070191 0.777226 -0.625294 0.958048 -0.122092 -0.259301 -0.277879 -0.617263 -0.736050
-348.254186 -562.319733 -74500.220589 147276.166782 0.530048 0.488939 -0.692812 0.845355 -0.240599 0.476955 0.066512 -0.838481 -0.540856
7.290105 -45.081478 -138.088608 -2393.021500 0.035188 0.999277 -0.014399 0.924089 -0.038020 -0.380281 0.380554 -0.000076 0.924759
8.138133 -46.074993 128.397445 -2566.377568 0.057368 0.998340 -0.005124 0.903438 -0.054097 -0.425291 0.424862 -0.019769 0.905042
7.858413 -39.242954 136.884763 -2951.594565 0.023709 0.999626 0.013597 0.948536 -0.018197 -0.316147 0.315782 -0.020393 0.948613
5.784408 -11.555241 -2021.801247 -26.494002 0.500431 0.852693 -0.149946 0.656064 -0.260472 0.708332 -0.564933 0.452845 0.689769
7.496499 -9.586541 -1845.770272 -206.110745 0.547124 0.825639 -0.137751 0.635148 -0.302305 0.710774 -0.545200 0.476373 0.689801
3.842114 -11.168253 -745.802541 437.823410 0.442206 0.866998 -0.229715 0.724088 -0.193949 0.661877 -0.529293 0.459019 0.713548
7.431220 -15.105257 1521.693455 1073.418770 0.466480 0.864163 -0.188730 0.697000 -0.227748 0.679942 -0.544598 0.448724 0.708562
-19.440903 -24.571399 1902.258641 -323.931578 0.238788 0.787009 0.568856 -0.713406 0.539606 -0.447076 0.658811 0.299069 -0.690309
-11.631393 -19.892044 -2236.985412 799.670894 -0.433382 -0.544106 -0.718421 -0.610447 0.763675 -0.210132 0.662974 0.347491 -0.663111
-11.997600 -23.550000 -2542.125226 826.094444 -0.507627 -0.454151 -0.732163 -0.515559 0.840975 -0.164195 0.690300 0.294123 -0.661043
-14.450219 -26.593899 -2793.870197 1126.141958 -0.518191 -0.451007 -0.726684 -0.477000 0.857644 -0.192142 0.709894 0.247062 -0.659554
-4.851643 -24.954403 -1993.084916 1233.080332 -0.569951 -0.314572 -0.759079 -0.396222 0.914531 -0.081492 0.719836 0.254317 -0.645878
33.375232 -20.391397 -5163.148598 -2029.375576 0.121683 0.741918 0.659357 0.451671 -0.632919 0.628814 -0.883848 -0.221296 0.412118
40.590169 -23.354273 -3700.789343 -1535.267372 0.178694 0.792066 0.583695 0.470635 -0.589783 0.656246 -0.864044 -0.157440 0.478164
38.475055 -23.240860 -5781.327272 -1976.718878 0.147163 0.735926 0.660875 0.504038 -0.630685 0.590070 -0.851051 -0.246270 0.463748
27.481107 -19.198391 -5150.974710 -4138.304307 0.100592 0.716623 0.690168 0.453962 -0.650328 0.609091 -0.885325 -0.252041 0.390737
22.960758 -21.991084 -5342.269076 -1659.093685 0.114000 0.678251 0.725933 0.504318 -0.669059 0.545915 -0.855960 -0.303867 0.418327
32.565991 -25.200944 -8064.582145 247.292993 0.118426 0.651267 0.749551 -0.561306 0.666591 -0.490501 -0.819091 -0.362640 0.444501
46.923231 -29.337045 -5155.014895 302.779574 0.215424 0.728866 0.649883 0.609301 -0.620396 0.493823 -0.763115 -0.289593 0.577747
-0.364225 -48.053332 -243.924705 -452.836467 -0.157747 0.986413 -0.045892 -0.691402 -0.077149 0.718339 -0.705038 -0.145046 -0.694178
0.335376 -50.415362 -85.757236 1007.662107 -0.123595 0.989595 -0.073656 -0.746810 -0.043882 0.663588 -0.653452 -0.137023 -0.744463
2.974980 -53.327292 -1032.409081 1036.961223 -0.140838 0.987961 -0.064011 -0.724503 -0.058785 0.686761 -0.674730 -0.143098 -0.724060
3.702194 -74.628953 3152.165243 -4889.925964 -0.269359 0.949738 0.159512 -0.280780 0.080989 -0.956349 0.921199 0.302389 -0.244852
5.954799 -83.717534 3347.930705 -3403.584204 -0.255444 0.950262 0.178185 -0.447492 0.047163 -0.893044 0.857029 0.307859 -0.413187
13.945271 -74.653754 7762.588894 -5289.902523 -0.283145 0.935453 0.211557 -0.270590 0.133705 -0.953365 0.920114 0.327186 -0.215266
-2.428428 -80.391731 700.238279 -2048.035888 -0.245799 0.961921 0.119541 -0.341165 0.029582 -0.939538 0.907298 0.271721 -0.320903
0.205057 -75.314826 329.199878 -1824.461619 -0.236428 0.959033 0.156066 -0.204648 0.107866 -0.972874 0.949853 0.261954 -0.170762
43.760422 -15.353611 -6770.258251 1677.218514 -0.450810 0.891232 -0.049761 0.648520 0.365325 0.667802 -0.613345 -0.268781 0.742674
59.092533 -21.861887 -11709.196013 941.596079 -0.528486 0.848935 0.003355 0.605828 0.374370 0.702011 -0.594706 -0.373036 0.712158
61.813577 -20.943704 1966.507852 618.602778 -0.294779 0.949690 -0.105802 0.650589 0.280560 0.705705 -0.699885 -0.139193 0.700561
-3.506588 -121.447562 -925.087750 -1281.149460 0.650379 0.743479 -0.155713 0.252766 -0.018513 0.967350 -0.716322 0.668503 0.199967
-0.448602 -122.950310 555.763012 28.643445 0.651149 0.736396 -0.183644 0.314344 -0.041439 0.948404 -0.690791 0.675280 0.258464
1.774440 -119.360409 225.364288 782.530372 0.671356 0.726052 -0.148759 0.438004 -0.226777 0.869899 -0.597857 0.649169 0.470263
-3.221714 -120.974442 -726.232975 -592.938601 0.638343 0.745880 -0.190215 0.121631 0.146269 0.981739 -0.760082 0.649822 -0.002648
-8.749668 -120.655554 -1549.690974 -1805.893721 0.666555 0.735146 -0.123548 0.142058 0.037432 0.989150 -0.731795 0.676874 0.079483
-7.829555 -121.115571 -2423.138253 -2317.865339 0.633605 0.755551 -0.166396 0.059889 0.166533 0.984215 -0.771335 0.633569 -0.060267
-13.448018 -95.008720 -391.782437 3279.943993 -0.110814 0.990370 0.082997 -0.954471 -0.082780 -0.286587 0.276957 0.110976 -0.954452
-14.911637 -94.880698 -631.063749 -1245.012433 -0.127273 0.989429 0.069506 -0.861422 -0.075526 -0.502244 0.491685 0.123796 -0.861928
-14.221968 -92.854174 -1313.415009 2163.106384 -0.088571 0.994872 0.048839 -0.948726 -0.069323 -0.308404 0.303437 0.073650 -0.950001
-15.008730 -97.296269 1334.106742 -603.911016 -0.177089 0.977338 0.115973 -0.889537 -0.108519 -0.443787 0.421145 0.181752 -0.888596
-12.274308 -89.700293 -431.537132 -3309.323186 -0.087522 0.992647 0.083615 0.992472 0.079672 0.093015 0.085669 0.091126 -0.992148
-12.522679 -93.278575 386.706826 -4145.378967 -0.106208 0.987832 0.113611 0.990139 0.094570 0.103349 0.091347 0.123467 -0.988135
-14.288094 -97.189224 1050.553535 4591.534541 -0.153534 0.979769 0.128371 -0.965700 -0.121245 -0.229617 0.209408 0.159222 -0.964778
-11.422317 -109.585498 2700.960246 2020.859553 -0.024192 0.999021 0.037037 0.410088 0.043704 -0.910998 0.911725 0.006850 0.410744
-5.245752 -101.642550 2143.833232 580.350260 -0.023959 0.999533 0.018979 0.438235 0.027564 -0.898438 0.898541 0.013208 0.438691
-11.019556 -108.240552 3338.640334 956.708582 -0.062746 0.996104 0.061967 0.596369 0.087206 -0.797960 0.800255 0.013113 0.599517
-15.250668 -115.298381 1509.478142 1467.121939 -0.004670 0.995210 0.097653 0.570802 0.082835 -0.816898 0.821074 -0.051926 0.568455
-8.634400 -198.502051 1110.001929 -29032.307647 0.761340 0.645956 -0.055694 -0.376175 0.510061 0.773518 -0.528066 0.567960 -0.631322
-10.851197 -222.001008 -581.249252 -41632.532497 0.758887 0.649604 -0.045888 -0.438185 0.561487 0.701945 -0.481751 0.512589 -0.710752
-9.715744 -157.263249 686.067445 -10159.054460 0.764823 0.643287 -0.035034 -0.514053 0.642145 0.568681 -0.388322 0.416931 -0.821812
-8.232107 -155.405285 -2.386577 -11264.172107 0.751623 0.657658 -0.050483 -0.482456 0.600350 0.637821 -0.449775 0.455045 -0.768528
-0.804633 -1752.632695 18227.337385 -1148531.846433 0.440059 0.875237 -0.200772 0.057051 0.195882 0.978966 -0.896155 0.442257 -0.036267
2.796813 -1058.792143 -1741.939930 -779609.767575 0.285416 0.887723 -0.361228 -0.456706 0.457338 0.763061 -0.842590 0.052815 -0.535960
512.461932 -4725.082936 245361.113008 4646731.585480 0.590928 0.734341 -0.333988 -0.728484 0.663598 0.170143 -0.346577 -0.142763 -0.927094
28.665196 -47.327946 -3884.957974 -731.561301 0.071412 0.994115 0.081462 -0.942987 0.093904 -0.319309 0.325079 0.054015 -0.944143
24.638331 -47.966119 -569.281695 82.671826 0.080718 0.993411 0.081364 -0.975144 0.095605 -0.199882 0.206344 0.063207 -0.976436
22.737415 -47.455840 -2321.096444 -162.464789 0.097781 0.994150 0.045875 -0.938580 0.107446 -0.327907 0.330918 0.010994 -0.943595
28.688940 -46.166424 -5123.640927 -677.748199 0.079128 0.995725 0.047644 -0.894643 0.092015 -0.437203 0.439718 0.008030 -0.898100
1.873563 -64.753903 564.865695 999.117291 0.097810 0.992179 0.077556 0.087196 0.069086 -0.993793 0.991378 -0.103966 0.079756
3.002175 -64.685974 58.170668 0.789305 0.106488 0.988986 0.102795 0.209894 0.078694 -0.974552 0.971908 -0.125354 0.199202
3.533329 -64.783712 -101.848632 -295.367963 0.103752 0.991052 0.083970 0.237383 0.057312 -0.969724 0.965860 -0.120544 0.229312
1.855741 -65.417212 -362.131315 1050.864237 0.108731 0.992117 0.062309 0.071554 0.054707 -0.995935 0.991493 -0.112748 0.065042
24.769198 -1340.709942 3139.971227 543464.783451 0.952511 0.251620 0.171492 -0.292024 0.914406 0.280328 0.086277 0.317095 -0.944461
41.778571 -1836.701441 -13320.935966 672104.190079 -0.932113 -0.268108 -0.243484 -0.269098 0.962651 -0.029836 0.242389 0.037711 -0.969446
-2.293548 -480.375533 2201.469286 127467.059475 0.911555 0.362974 0.193178 -0.386626 0.916555 0.102213 0.139957 0.167860 -0.975825
8.078860 -498.062706 2180.372868 110997.189265 0.915799 0.346301 0.203440 -0.239837 0.877824 -0.414612 0.322165 -0.330909 -0.886966
-1.157283 -480.084175 2248.497715 -12146.271541 0.891302 0.411538 0.190309 -0.238739 0.782797 -0.574659 0.385467 -0.466761 -0.795958
-53.629281 -79.409407 -920.655743 6607.963433 0.289154 -0.952446 0.096111 0.956014 0.282146 -0.080189 0.049259 0.115071 0.992135
-48.904631 -73.684520 -368.326492 4669.837208 -0.012310 -0.985700 0.168057 0.998961 -0.019497 -0.041184 0.043871 0.167376 0.984917
-42.936051 -67.792816 1331.045534 5361.103047 -0.232779 -0.937295 0.259407 0.963060 -0.259293 -0.072680 0.135385 0.232906 0.963029
-37.608081 -53.772273 -779.192320 4185.642089 0.419935 0.847888 -0.323636 0.858393 -0.486849 -0.161678 0.294647 0.209913 0.932266
-41.288465 -58.513313 233.092323 1991.763317 0.631609 -0.433021 -0.643088 0.574140 -0.296166 0.763315 0.520992 0.851339 -0.061554
-40.046253 -57.468546 -507.518443 -340.653222 0.682857 -0.427970 -0.592071 0.465963 -0.369042 0.804168 0.562659 0.825015 0.052585
-42.187959 -58.611705 -1683.112607 -1591.146612 0.618339 -0.464521 -0.633938 0.481324 -0.413822 0.772709 0.621277 0.782925 0.032297
-43.851629 -57.800903 -1001.229585 719.494135 0.590124 -0.495528 -0.637343 0.555723 -0.323313 0.765924 0.585598 0.806176 -0.084582
52.404927 -102.225912 -9465.363479 -8756.927827 0.792220 -0.607322 -0.059571 0.114810 0.052459 0.992001 0.599339 0.792722 -0.111286
39.873629 -87.496938 -8407.420664 -14271.436667 0.767391 -0.636407 -0.078080 0.275439 0.217238 0.936451 0.579002 0.740131 -0.341998
67.980174 -102.431895 5916.849472 11590.113557 -0.666205 0.735598 0.122744 -0.233304 -0.049245 -0.971156 0.708336 0.675626 -0.204425
72.683319 -113.125080 -9240.772084 2051.697477 0.753439 -0.652675 -0.079654 -0.035537 -0.161389 0.986251 0.656556 0.740250 0.144791
18.616625 -56.777236 4614.316760 4831.144540 0.462202 0.795495 -0.391864 0.692510 -0.599811 -0.400820 0.553895 0.086110 0.828122
24.059302 -47.343959 3298.647639 6151.877762 0.487226 0.800778 -0.348374 0.622458 -0.598258 -0.504613 0.612500 -0.029012 0.789938
19.954950 -67.190536 2625.546903 2963.368000 0.508101 0.776893 -0.371848 0.751527 -0.610807 -0.249241 0.420761 0.152814 0.894208
-17.457284 -19.680020 2074.843038 1419.986285 -0.499051 0.860872 -0.099229 -0.519521 -0.388867 -0.760842 0.693575 0.328147 -0.641306
-13.529059 -20.868432 4422.170604 267.540245 -0.726521 0.441598 -0.526459 0.145291 0.847555 0.510432 0.671609 0.294350 -0.679926
-10.316242 -14.387963 2889.137286 910.284639 -0.692371 0.618144 -0.372182 0.241008 0.684315 0.688206 0.680101 0.386795 -0.622778
-14.575424 -17.544779 1889.429620 1799.071020 -0.429508 0.901197 0.058028 -0.576126 -0.223965 -0.786078 0.695415 0.371058 -0.615397
41.919159 -29.080300 10346.354056 33.763276 -0.259196 0.864536 -0.430575 0.784878 0.448342 0.427732 -0.562835 0.227083 0.794764
24.394224 -34.057742 8222.270995 -1904.361116 -0.150390 0.903158 -0.402105 0.851399 0.325050 0.411659 -0.502497 0.280442 0.817832
45.330679 -28.628661 6393.300807 -1485.041624 -0.273961 0.916866 -0.290347 0.875138 0.362861 0.320103 -0.398848 0.166398 0.901794
26.309385 -36.031754 10265.120383 -2700.770701 -0.132505 0.914206 -0.382974 0.896007 0.275688 0.348092 -0.423810 0.297023 0.855665
8.642776 -99.402882 4304.484969 2298.047501 -0.136921 0.990097 0.031000 -0.805036 -0.092985 -0.585893 0.577208 0.105177 -0.809795
6.655177 -105.555838 3858.073530 2398.659707 -0.160920 0.986890 0.012393 -0.634347 -0.093799 -0.767337 0.756114 0.131342 -0.641124
11.433037 -15.533883 4480.116713 -358.381079 0.608374 -0.790221 -0.073701 0.732468 0.523295 0.435491 -0.305567 -0.318925 0.897171
8.219104 -14.703261 3913.631359 -270.939404 0.592294 -0.801109 -0.086093 0.736634 0.495116 0.460684 -0.326432 -0.336280 0.883379
24.022370 -15.470625 -8119.462757 -262.562482 -0.622771 0.780581 0.053377 0.711012 0.536155 0.454973 -0.326525 -0.321296 0.888904
-1.739505 -16.807136 2470.853752 -181.820816 0.522510 -0.842678 -0.129908 0.789345 0.420475 0.447364 -0.322361 -0.336294 0.884867
28.058318 -16.233659 -8035.192215 -564.332170 -0.604268 0.794956 0.053895 0.734694 0.529729 0.423806 -0.308357 -0.295689 0.904148
2.907536 -16.681784 3779.510800 -605.133676 0.605501 -0.791287 -0.085056 0.739995 0.520454 0.426069 -0.292875 -0.320926 0.900683
15.125086 -17.115434 5583.860163 -398.912293 0.622427 -0.780428 -0.059303 0.730884 0.552462 0.400741 -0.279987 -0.292776 0.914270
67.508706 -48.172803 6253.441105 -2889.598488 -0.028136 0.979118 -0.201339 0.872393 0.122382 0.473236 -0.487994 0.162332 0.857619
58.790730 -36.334849 16364.421010 -3173.802311 -0.042734 0.893254 -0.447516 0.902384 0.226759 0.366447 -0.428809 0.388172 0.815749
75.457334 -47.907226 4581.529290 525.352442 -0.166808 0.958441 -0.231443 0.937754 0.226735 0.263075 -0.304618 0.173154 0.936603
64.267029 -37.435190 -16855.548274 2059.302610 0.165185 -0.853541 0.494147 0.952196 0.268565 0.145590 -0.256978 0.446476 0.857101
-3.514506 -153.065191 1610.175014 9220.581004 0.818546 -0.020327 0.574081 0.448933 0.646134 -0.617228 0.358387 -0.762953 -0.538016
-5.176439 -132.919595 1472.142762 7510.156038 0.822632 -0.026729 0.567945 0.367108 0.787747 -0.494659 0.434176 -0.615419 -0.657838
7.396934 -65.785718 308.959534 807.294643 -0.019925 0.978219 -0.206615 -0.889641 0.076954 0.450129 -0.456225 -0.192782 -0.868731
6.439542 -67.766371 323.111553 714.337392 -0.032436 0.982913 -0.181190 -0.842755 0.070563 0.533653 -0.537320 -0.170008 -0.826066
6.942761 -63.489131 388.408278 838.764933 -0.045778 0.982237 -0.181972 -0.806295 0.071211 0.587212 -0.589740 -0.173605 -0.788713
6.771458 -71.528200 349.561242 714.418029 0.009205 0.979654 -0.200482 -0.927156 0.083461 0.365262 -0.374563 -0.182516 -0.909060
-10.313601 -194.693864 -5418.742330 3651.742352 0.836007 -0.214782 0.504937 0.255768 -0.661601 -0.704888 -0.485464 -0.718437 0.498169
-16.185371 -187.126110 -2951.904237 15103.130356 0.872034 -0.206574 0.443715 -0.050168 0.864069 0.500867 -0.486867 -0.459034 0.743135
-13.963052 -161.655901 -2030.437642 15740.606926 0.869488 -0.218020 0.443235 0.104865 0.958341 0.265678 -0.482694 -0.184524 0.856130
14.362051 -20.130612 1331.202201 4306.552067 -0.075037 0.950963 -0.300064 -0.820400 -0.229926 -0.523525 0.566846 -0.206888 -0.797423
12.230403 -34.650416 1465.150095 300.439541 0.034389 0.979718 -0.197406 -0.756468 -0.103567 -0.645779 0.653127 -0.171539 -0.737564
14.007536 -20.839643 1226.352227 6077.929547 -0.017715 0.971098 -0.238022 -0.841385 -0.143086 -0.521151 0.540146 -0.191036 -0.819602
17.565135 -2.802986 2538.345280 11492.191732 -0.227639 0.907138 -0.353951 -0.857872 -0.358806 -0.367851 0.460691 -0.219908 -0.859886
40.108304 20.341104 13815.664437 -219.614043 -0.865266 -0.166682 -0.472791 -0.085687 0.978402 -0.188115 0.493935 -0.122258 -0.860861
22.584858 15.948201 -7552.103552 8050.525973 0.648696 0.722033 0.240545 -0.616874 0.683960 -0.389442 0.445713 -0.104244 -0.889085
36.945862 24.895111 8012.115377 326.719573 -0.800428 -0.364264 -0.476053 -0.284369 0.929874 -0.233384 0.527682 -0.051432 -0.847883
42.977405 22.753438 -1167.420996 -153.687905 -0.730302 -0.115601 -0.673272 -0.041766 0.991290 -0.124902 0.681846 -0.063096 -0.728769
38.207808 28.828353 -7832.432769 -3295.136456 -0.639310 -0.120872 -0.759389 -0.056847 0.992295 -0.110086 0.766845 -0.027210 -0.641256
45.049612 32.507625 3866.812752 1467.072518 -0.633327 -0.599304 -0.489624 -0.489749 0.800255 -0.346031 0.599202 0.020642 -0.800332
2.955283 -154.227498 -562.562725 2854.759998 0.268303 0.932854 -0.240409 0.036843 -0.259313 -0.965090 0.962630 -0.250079 0.103944
0.665143 -182.916171 -2041.447233 22341.436689 0.255770 0.945303 -0.202442 0.316039 -0.279662 -0.906592 0.913620 -0.167900 0.370282
4.850134 -162.707895 -442.728106 11018.593804 0.254304 0.942586 -0.216473 0.264313 -0.283047 -0.921967 0.930305 -0.177243 0.321118
-136.294370 -414.049000 -20610.789654 101666.287224 0.426225 0.096171 -0.899491 0.808783 -0.485919 0.331290 -0.405219 -0.868697 -0.284892
-115.769893 -278.421015 22109.642974 44684.916779 -0.329610 -0.196756 0.923387 -0.469475 0.882708 0.020505 -0.819116 -0.426749 -0.383321
14.663032 -42.828288 2407.487999 -2058.955378 0.024394 0.999071 0.035536 0.916923 -0.008197 -0.398980 0.398318 -0.042316 0.916271
40.072789 -69.740059 -5879.788904 -7730.336675 0.007236 0.957749 -0.287515 0.985895 -0.054910 -0.158100 -0.167207 -0.282316 -0.944637
53.074886 -86.809367 -2789.443126 -10861.115924 0.017484 0.983757 -0.178653 0.993331 -0.037457 -0.109044 -0.113965 -0.175555 -0.977851
48.920523 -69.470413 -2295.428021 4326.605467 -0.035527 0.987238 -0.155236 -0.968902 0.004037 0.247411 -0.244880 -0.159199 -0.956394
48.739231 -91.292523 -5500.862658 -10826.828582 0.054138 0.969606 -0.238608 0.998451 -0.055636 0.000457 -0.012832 -0.238263 -0.971116
38.856015 -51.983271 -5297.894729 1904.680135 -0.115679 0.964234 -0.238477 -0.949715 -0.037040 0.310917 -0.290964 -0.262451 -0.920032
32.977854 -83.733079 -9096.523851 -8929.448622 0.073952 0.938906 -0.336136 0.997118 -0.063887 0.040920 0.016946 -0.338193 -0.940924
48.247305 -83.930732 7932.142089 9957.823651 0.252971 0.664313 0.703345 0.967151 -0.192414 -0.166118 0.024979 0.722264 -0.691166
64.734504 -83.618648 7239.352541 8338.273781 0.148621 0.756006 0.637469 0.988377 -0.092723 -0.120468 -0.031966 0.647964 -0.761000
49.621288 -69.933117 6886.523742 6946.026676 0.124926 0.751917 0.647313 0.985426 -0.169951 0.007236 0.115452 0.636975 -0.762190
31.145876 -58.134354 6331.543444 6293.316012 0.229696 0.657101 0.717954 0.957106 -0.286359 -0.044120 0.176602 0.697293 -0.694691
29.126466 -78.433346 7239.685870 10216.678805 0.353240 0.561729 0.748119 0.929760 -0.299487 -0.214135 0.103766 0.771212 -0.628064
48.737152 -97.977632 10144.863587 10777.398433 0.334766 0.569187 0.750971 0.936356 -0.111556 -0.332855 -0.105681 0.814605 -0.570306
10.063563 -7.754174 -1133.102474 860.052884 0.584263 0.800748 -0.132059 0.627490 -0.342528 0.699236 -0.514678 0.491403 0.702588
10.459087 -9.770619 -185.013310 -928.215226 0.598121 0.790636 -0.130945 0.598886 -0.332391 0.728595 -0.532529 0.514209 0.672311
9.564199 -9.831799 -1056.757882 -314.186814 -0.603331 -0.775821 0.184641 0.630966 -0.322783 0.705474 -0.487723 0.542136 0.684262
-6.934867 -16.104612 -1884.785993 1060.971836 -0.405933 -0.555333 -0.725826 -0.651787 0.732633 -0.196016 0.640618 0.393515 -0.659359
-5.140012 -17.672917 -1260.143562 1289.769739 -0.521163 -0.396291 -0.755872 -0.528861 0.845078 -0.078418 0.669847 0.358882 -0.650007
-16.424985 -21.308279 1360.750519 -1386.467258 -0.055064 0.903986 0.424001 -0.785612 0.222867 -0.577187 0.616265 0.364882 -0.697910
-10.617878 -17.509458 2641.638050 261.506516 0.258098 0.703592 0.662075 -0.731128 0.590210 -0.342204 0.631535 0.395740 -0.666748
32.507217 -20.144249 -2697.903234 96.660206 0.130956 0.796695 0.590024 0.454345 -0.577200 0.678536 -0.881148 -0.179216 0.437562
37.778584 -24.392950 -1581.998420 -160.317907 0.193223 0.842218 0.503323 0.468983 -0.529873 0.706604 -0.861812 -0.099517 0.497369
1.211001 -57.875564 -13.576197 2899.142368 -0.088883 0.991543 -0.094559 -0.815232 -0.017875 0.578859 -0.572273 -0.128538 -0.809927
-2.218774 -83.154440 1434.619093 -93.337820 -0.249301 0.955445 0.158032 -0.514611 0.007538 -0.857390 0.820380 0.295074 -0.489804
3.199700 -206.097501 458.581752 -28813.307240 -0.024899 0.988219 -0.151010 -0.827638 0.064348 0.557562 -0.560710 -0.138864 -0.816285
0.057028 -154.814205 -264.843104 -17273.808864 -0.009792 0.983443 -0.180954 -0.917336 0.063191 0.393066 -0.397992 -0.169845 -0.901529
1.469352 -164.530637 280.421697 -20419.870778 0.015811 0.983719 -0.179016 -0.958218 0.066048 0.278308 -0.285601 -0.167136 -0.943662
2.885948 -168.494196 -166.068669 -21177.778392 0.009323 0.984157 -0.177054 -0.928843 0.074102 0.362988 -0.370357 -0.161071 -0.914818
1.720366 -134.657442 -1256.967562 8695.451962 0.028970 0.981001 -0.191830 0.987028 -0.058393 -0.149554 -0.157914 -0.185009 -0.969967
-17.199436 -29.204468 3051.508867 -1328.845146 0.072722 0.994976 0.068809 0.388622 -0.091808 0.916812 -0.918523 0.039932 0.393346
-12.790496 -29.311497 2147.873504 -1290.518767 0.085491 0.995534 0.040035 0.387679 -0.070253 0.919113 -0.917821 0.063055 0.391954
-16.938301 -25.675669 2400.527642 -1593.007656 0.091685 0.981107 0.170362 0.319021 -0.191006 0.928301 -0.943302 0.030762 0.330506
-22.050861 -26.634228 1327.039080 -1081.127260 0.130268 0.910628 0.392156 0.332903 -0.412737 0.847835 -0.933920 -0.020104 0.356917
8.127086 -129.923027 2208.508990 -2669.856167 0.740751 0.630037 -0.233111 0.230168 0.087973 0.969166 -0.631118 0.771566 0.079848
7.452960 -126.990541 2271.005671 -1171.894497 0.745512 0.622933 -0.236993 0.083519 0.265464 0.960497 -0.661238 0.735855 -0.145880
3.525448 -135.660186 144.803823 1847.346389 0.740447 0.628547 -0.238046 0.185363 0.149468 0.971236 -0.646049 0.763274 0.005836
9.688545 -141.875789 2746.747518 -3741.323331 0.739322 0.630189 -0.237202 0.187959 0.145122 0.971396 -0.646586 0.762759 0.011158
3.023282 -118.297452 -878.902560 82.662033 0.635281 0.748762 -0.189138 0.430780 -0.140302 0.891484 -0.640974 0.647820 0.411683
-0.153889 -119.555624 -1516.593441 -908.290512 0.627638 0.753146 -0.197083 0.270742 0.026189 0.962296 -0.729910 0.657332 0.187471
-15.103274 -93.012547 -1553.334521 -569.804600 -0.093578 0.995058 0.033201 -0.871848 -0.065797 -0.485337 0.480754 0.074363 -0.873696
-14.338893 -94.452363 830.085773 -4516.833472 -0.186169 0.976871 0.105188 -0.769343 -0.078349 -0.634013 0.611108 0.198959 -0.766135
25.473812 -135.235430 -3725.370222 11865.967376 0.807904 0.536003 -0.244932 -0.588949 0.719741 -0.367576 0.020735 -0.441219 -0.897160
23.646113 -129.310080 2731.300069 6637.592706 0.809249 0.565637 -0.158653 -0.575581 0.709368 -0.406821 0.117570 -0.420537 -0.899625
24.037227 -127.385156 226.346384 18705.144170 0.824996 0.536798 -0.176721 -0.556364 0.826347 -0.087239 -0.099204 -0.170293 -0.980387
19.750092 -145.264665 -1515.792414 -3500.864146 0.808218 0.541018 -0.232558 -0.536940 0.514859 -0.668293 0.241824 -0.664996 -0.706612
20.905205 -136.194629 -4628.822709 16177.572388 0.814420 0.509503 -0.277719 -0.567335 0.799653 -0.196686 -0.121867 -0.317745 -0.940312
17.942145 -139.600369 -3604.232859 5014.901576 0.800114 0.530424 -0.280120 -0.594094 0.636204 -0.492236 0.082880 -0.560263 -0.824158
-17.096605 -36.840982 -267.500114 -365.495938 -0.260902 0.924245 0.278750 0.962836 0.270024 0.005876 -0.069839 0.269924 -0.960346
-16.010037 -36.170740 -888.827854 -462.498975 -0.158192 0.955897 0.247458 0.971036 0.196052 -0.136572 -0.179064 0.218686 -0.959225
-18.980839 -38.311786 -539.172634 -327.711871 -0.205403 0.929258 0.307065 0.970115 0.234737 -0.061442 -0.129175 0.285268 -0.949703
-14.799865 -34.918334 -1233.580846 -929.701484 -0.222947 0.949366 0.221356 0.968921 0.240773 -0.056757 -0.107180 0.201822 -0.973540
-19.408165 -38.031070 -869.053427 364.519945 -0.302516 0.900265 0.313062 0.953117 0.288223 0.092171 -0.007253 0.326268 -0.945250
-17.050075 -36.728984 -387.754991 753.367428 -0.354165 0.894665 0.272290 0.934092 0.324367 0.149190 0.045153 0.307182 -0.950579
-15.401714 -35.542307 -972.282385 266.374901 -0.308268 0.922107 0.233860 0.951220 0.301972 0.063200 -0.012342 0.241935 -0.970214
29.252701 -47.814929 -2851.434970 -850.916048 0.067902 0.991351 0.112307 -0.974064 0.090226 -0.207505 0.215843 0.095304 -0.971766
26.847698 -48.643911 559.895137 -162.674931 0.079196 0.990889 0.108935 0.993713 -0.087149 0.070282 0.079135 0.102684 -0.991561
24.236509 -48.137015 1061.262146 311.346704 0.072155 0.996597 0.039859 -0.992549 0.075681 -0.095496 0.098187 0.032671 -0.994632
-23.214595 -28.426056 -1431.300658 508.679066 0.255252 0.543681 0.799536 -0.283360 0.832683 -0.475758 -0.924421 -0.105118 0.366601
-19.912611 -27.869334 -1888.254900 1573.184807 0.225416 0.498006 0.837363 -0.212331 0.863936 -0.456651 -0.950843 -0.074862 0.300488
-17.045838 -27.628411 -2314.895045 31.747251 0.192968 0.481587 0.854890 -0.281654 0.861786 -0.421896 -0.939912 -0.159371 0.301938
-21.110204 -27.479537 -2005.663190 -1123.398904 0.214386 0.538420 0.814949 -0.352803 0.820706 -0.449413 -0.910807 -0.191168 0.365904
-6.665866 -39.543408 1748.058395 -714.420873 0.124019 0.983004 0.135359 -0.911604 0.058993 0.406815 -0.391915 0.173846 -0.903427
-9.375199 -41.695952 1428.077611 -857.759653 0.089164 0.987942 0.126572 -0.872119 0.016058 0.489031 -0.481102 0.153990 -0.863034
-7.447740 -41.544801 1318.214125 -784.421791 0.071212 0.985902 0.151412 -0.860293 -0.016115 0.509545 -0.504801 0.166544 -0.847017
-9.308999 -42.749935 978.559530 -515.681869 0.057507 0.989223 0.134647 -0.812285 -0.032050 0.582380 -0.580419 0.142863 -0.801688
-6.276305 -40.681294 1586.060436 825.362192 0.036367 0.982946 0.180264 -0.771852 -0.086948 0.629829 -0.634762 0.162042 -0.755526
90.469251 -1494.638715 -6522.552846 573569.251069 -0.117751 0.991955 -0.046477 -0.376183 -0.087872 -0.922369 0.919032 0.091126 -0.383504
47.185029 -616.127179 -8048.988992 -171662.802866 0.015413 0.999565 -0.025151 0.360615 -0.029018 -0.932263 0.932587 -0.005300 0.360905
43.536504 -508.762213 57.997804 -131447.705266 -0.183223 0.982649 -0.028822 0.299634 0.027898 -0.953646 0.936295 0.183366 0.299546
42.527001 -460.900752 1983.911516 73098.592214 -0.238190 0.971169 -0.009835 -0.130524 -0.042044 -0.990553 0.962408 0.234656 -0.136776
60.118039 -1009.624074 3881.241641 -345081.723924 -0.221310 0.975000 -0.019933 0.538441 0.105124 -0.836080 0.813083 0.195766 0.548245
310.087701 -4695.585847 -54094.904093 1444873.571373 -0.883369 -0.426780 -0.193695 -0.440271 0.897338 0.030749 0.160687 0.112441 -0.980580
12.501060 -391.587149 3490.437067 58520.222774 0.907267 0.344822 0.240758 -0.189785 0.846566 -0.497300 0.375297 -0.405492 -0.833504
-48.778718 -90.765104 1901.598551 8213.691976 0.461684 -0.886004 0.042940 0.886566 0.462484 0.010457 -0.029124 0.033241 0.999023
-27.331298 -87.452790 -6028.741915 11628.279149 -0.356768 0.930618 0.081652 0.921918 0.364855 -0.130187 0.150945 -0.028830 0.988122
34.997914 -54.348835 7023.623563 1033.280583 -0.454801 0.824033 0.337825 -0.688402 -0.084614 -0.720377 0.565030 0.560188 -0.605748
23.966461 -48.593911 -7248.722971 -5346.640108 0.655685 -0.717793 -0.234201 0.544754 0.234961 0.805007 0.522801 0.655413 -0.545081
10.521605 -30.475202 6179.744931 -2960.027620 -0.531076 0.768106 0.357732 0.707032 0.169038 0.686682 0.466974 0.617608 -0.632847
25.290207 -44.590071 8232.398447 1325.408842 -0.278395 0.822302 0.496301 0.857118 -0.020473 0.514713 0.433410 0.568682 -0.699111
44.281168 -67.424632 5410.445819 -1773.437028 -0.261352 0.893045 0.366286 -0.813004 0.000888 -0.582258 0.520308 0.449966 -0.725817
1.897255 -24.426810 -1748.813502 -1734.193676 0.344173 -0.921626 0.179307 0.938199 0.330175 -0.103761 0.036427 0.203938 0.978306
5.169470 -29.031494 -2570.736402 -1837.610379 0.343289 -0.920627 0.186009 0.933593 0.312806 -0.174804 0.102745 0.233665 0.966873
10.475532 -27.727664 -2727.902289 -2166.487899 0.242801 -0.950823 0.192310 0.965290 0.217138 -0.145145 0.096249 0.220876 0.970541
-1.852673 -27.577224 -2035.396266 -1745.010645 0.447801 -0.878777 0.165004 0.891630 0.425078 -0.155901 0.066863 0.216935 0.973894
7.382450 -23.033010 -2837.429035 -2168.105132 0.225294 -0.954893 0.193446 0.973334 0.211796 -0.088106 0.043160 0.208137 0.977147
-3.840776 -20.282087 -405.205599 -699.303289 0.494854 -0.855062 0.154882 0.868540 0.492333 -0.056980 -0.027532 0.162718 0.986288
-4.846542 -24.516172 -1608.991179 -1251.373237 0.535178 -0.830215 0.155973 0.844715 0.524569 -0.106221 0.006368 0.188600 0.982033
-19.797054 -22.545260 2127.509322 1268.155003 -0.553488 0.787623 -0.270741 -0.448615 -0.555828 -0.699857 0.701709 0.265904 -0.660984
-12.702831 -23.501567 3970.176174 865.824919 -0.730170 0.369881 -0.574490 0.117349 0.896195 0.427859 0.673112 0.244994 -0.697780
5.690563 -111.503181 5206.785969 3564.065137 -0.184167 0.982871 0.006921 -0.404664 -0.069404 -0.911828 0.895728 0.170730 -0.410514
3.053975 -102.866088 4110.658178 3185.248928 -0.169230 0.985556 0.006395 -0.525831 -0.084799 -0.846352 0.833585 0.146591 -0.532586
9.415258 -112.572578 1678.186014 1018.680874 -0.123619 0.992005 -0.025393 -0.431947 -0.076830 -0.898621 0.893387 0.100119 -0.437991
10.748876 -15.563359 -4099.193685 495.077883 -0.612626 0.787694 0.065019 0.710021 0.512340 0.483092 -0.347217 -0.342120 0.873152
0.293370 -15.369274 -2059.637005 413.803992 -0.493571 0.857983 0.142309 0.798494 0.382203 0.465111 -0.344667 -0.343199 0.873739
6.825688 -135.658289 -1590.080061 1517.084419 0.830518 -0.208991 0.516298 -0.556583 -0.275849 0.783660 0.021357 0.938206 0.345418
1.523621 -136.668917 -715.850572 275.280269 0.836368 -0.205789 0.508074 -0.548144 -0.322566 0.771679 -0.005085 0.923906 0.382586
5.037329 -131.491568 -1386.050473 1277.387773 0.830651 -0.196341 0.521028 -0.547115 -0.114099 0.829245 0.103366 0.973875 0.202197
8.245684 -133.712323 -1020.356240 -451.635273 0.816507 -0.229939 0.529571 -0.535457 0.041376 0.843548 0.215876 0.972325 0.089339
10.439120 -126.486038 -763.461274 2266.086274 0.816900 -0.255941 0.516884 -0.558606 -0.127881 0.819516 0.143648 0.958197 0.247436
9.930793 -126.139492 -1093.377166 2308.700699 0.826932 -0.242708 0.507223 -0.562275 -0.348126 0.750104 0.005479 0.905484 0.424346
-4.333247 -109.642461 127.167664 2654.653383 -0.814199 0.111473 -0.569784 0.180350 0.981405 -0.065710 0.551864 -0.156262 -0.819163
-4.503065 -107.062783 -159.797207 4116.774458 -0.804745 0.101175 -0.584935 0.112795 0.993479 0.016658 0.582806 -0.052572 -0.810909
-16.014858 -84.394479 47.324041 433.947885 0.085350 0.978488 -0.187821 -0.960628 0.030789 -0.276128 0.264405 -0.203994 -0.942590
-16.161378 -86.252622 -2556.759992 1599.179026 0.117622 0.964740 -0.235461 -0.901973 0.004589 -0.431769 0.415464 -0.263164 -0.870709
-15.875330 -85.287890 -1329.099320 -247.280754 0.095541 0.967275 -0.235055 0.969556 -0.036942 0.242067 0.225462 -0.251026 -0.941357
5.429834 -66.597969 571.569037 973.731128 -0.069506 0.987585 -0.140868 -0.725018 0.046984 0.687125 -0.685213 -0.149892 -0.712752
4.719838 -74.353566 835.899358 639.625253 -0.000049 0.986863 -0.161556 -0.891642 0.073100 0.446801 -0.452741 -0.144073 -0.879925
