12910
25811
-38.163348 -58.428826 1731.306701 8168.046028 0.143655 -0.973821 0.176172 0.970294 0.103582 -0.218635 0.194663 0.202347 0.959772
-45.342298 -69.744118 -814.807211 6719.737989 0.094677 -0.961003 0.259825 0.994738 0.081059 -0.062661 0.039156 0.264390 0.963621
-33.043465 -80.480438 5313.411873 14264.328338 0.371589 -0.922170 0.107350 0.921916 0.352880 -0.159835 0.109513 0.158360 0.981289
-38.327191 -59.554763 -500.361775 5442.155568 -0.285811 -0.899270 0.331098 0.951578 -0.307142 -0.012781 0.113188 0.311413 0.943510
-21.539681 -70.871221 -6921.061341 13329.585755 -0.334472 0.942129 -0.022834 0.905197 0.314431 -0.285923 0.262197 0.116303 0.957980
-32.243159 -44.691630 -3221.266919 5452.924013 -0.042996 0.986244 -0.159605 0.952723 -0.007621 -0.303745 0.300783 0.165119 0.939290
-33.287853 -49.140340 -594.909029 4963.785077 -0.386456 -0.862381 0.327032 0.894067 -0.437355 -0.096776 0.226487 0.254989 0.940045
-58.171632 -81.408337 -2357.436186 -378.152976 -0.341318 0.938426 0.053465 -0.440738 -0.109543 -0.890926 0.830212 0.327653 -0.450989
-55.062893 -81.665850 -3975.098983 -5505.924025 -0.247337 0.967243 0.057136 -0.303214 -0.021259 -0.952685 0.920264 0.252959 -0.298540
-51.751118 -81.212008 -4038.596099 2917.683644 -0.182230 0.983249 -0.003679 -0.533793 -0.102071 -0.839432 0.825746 0.151006 -0.543452
-57.405792 -82.064856 -2409.242756 6326.193694 -0.348161 0.936670 0.037870 -0.606838 -0.194403 -0.770685 0.714515 0.291303 -0.636090
-107.644724 -434.801443 -11033.627164 -180430.001842 0.202423 0.978919 -0.027243 0.929637 -0.200830 -0.308938 0.307896 -0.037210 0.950692
-83.207079 -281.154243 -7878.370117 -95547.662832 0.405298 0.895468 -0.184040 0.808836 -0.445072 -0.384312 0.426050 -0.006902 0.904673
-125.927334 -259.487527 -38981.309330 -96305.410810 0.325516 0.945535 0.001861 0.855982 -0.293848 -0.425381 0.401666 -0.140061 0.905013
58.991175 -50.852898 8695.454649 4238.629625 0.278073 0.746022 0.605084 0.026497 0.623731 -0.781190 0.960194 -0.233261 -0.153676
91.616319 -69.963202 -12596.680953 8663.695264 -0.407649 -0.645349 -0.646023 0.100753 0.671368 -0.734244 0.907563 -0.364403 -0.208662
96.292882 -71.235013 16936.949600 5763.029060 0.327068 0.749196 0.575962 0.167724 0.553785 -0.815592 0.929997 -0.363357 -0.055467
53.960605 -52.007393 13011.030654 4510.123746 0.138523 0.869903 0.473372 0.110427 0.461432 -0.880276 0.984184 -0.174211 0.032142
36.122653 -42.236142 9982.510419 3819.016134 0.113236 0.834953 0.538545 -0.031739 0.544795 -0.837969 0.993061 -0.077795 -0.088191
39.523572 -38.254527 6915.995545 2061.726027 0.224780 0.728238 0.647413 -0.069212 0.674670 -0.734868 0.971948 -0.120375 -0.202055
-3.958160 -34.678794 -388.709913 1156.856648 0.379056 0.923053 -0.065492 0.764521 -0.352256 -0.539836 0.521368 -0.154559 0.839218
-0.703336 -35.198841 1474.914830 3747.438391 0.413055 0.900614 -0.135204 0.681866 -0.404248 -0.609625 0.603693 -0.159618 0.781074
-3.450822 -35.042184 572.448087 -249.027895 0.383472 0.918508 -0.096391 0.782827 -0.378644 -0.493772 0.490032 -0.113890 0.864232
-3.029833 -37.266184 -134.534085 3979.727645 0.413166 0.906445 -0.087467 0.674594 -0.369170 -0.639247 0.611733 -0.205110 0.764011
-4.788013 -39.074676 -988.538022 -2934.630432 0.367595 0.928800 -0.046962 0.838686 -0.352903 -0.414808 0.401847 -0.113095 0.908696
-3.928226 -36.583149 -522.932091 99.616842 0.371854 0.927150 -0.046009 0.776670 -0.337882 -0.531620 0.508437 -0.161951 0.845732
76.622296 -41.663928 -2676.932536 -1134.353980 -0.039953 -0.915317 -0.400749 0.939173 -0.171319 0.297665 -0.341114 -0.364480 0.866485
69.500424 -41.631799 17255.196570 -1417.019388 0.031924 -0.787449 -0.615552 0.912448 -0.228407 0.339513 -0.407945 -0.572498 0.711215
73.931120 -38.954047 4032.252031 -2589.199955 0.079229 0.917091 0.390726 0.890248 -0.241454 0.386211 -0.448533 -0.317244 0.835569
79.694201 -40.312480 19146.432205 -2274.508872 0.138394 0.981608 0.131500 0.919453 -0.176688 0.351265 -0.368039 -0.072295 0.926995
63.536705 -35.469376 16376.355372 -2390.613386 0.187399 0.973989 0.127387 0.868445 -0.224882 0.441850 -0.459004 -0.027826 0.887998
5.662015 -76.079052 -935.538288 79.085266 0.302491 0.917275 -0.259047 0.951762 -0.276007 0.134050 0.051462 -0.287100 -0.956517
3.563782 -73.033079 -1194.779961 -69.925464 0.285694 0.913387 -0.290004 0.957391 -0.258707 0.128347 0.042205 -0.314315 -0.948380
2.308132 -72.386478 -1033.316553 3394.277929 0.310119 0.909610 -0.276472 0.922436 -0.217515 0.319060 0.230083 -0.353974 -0.906512
4.956158 -72.708220 -1402.542185 2830.191440 0.337050 0.906158 -0.255491 0.898264 -0.228229 0.375545 0.281992 -0.356076 -0.890893
8.243603 -79.108815 -671.902697 -642.962861 0.308655 0.922582 -0.231463 0.950763 -0.292091 0.103599 0.027970 -0.252042 -0.967312
7.570372 -77.373439 -191.660146 -2740.293377 0.282782 0.931704 -0.227953 0.951230 -0.302945 -0.058190 -0.123273 -0.200380 -0.971932
7.586831 -76.956251 -532.011071 2881.576536 0.331083 0.916144 -0.225973 0.921248 -0.262016 0.287489 0.204173 -0.303360 -0.930745
12.567650 -102.154783 2126.182188 849.893412 -0.064134 0.914723 0.398960 -0.587821 -0.357694 0.725618 -0.806445 0.187981 -0.560634
15.689477 -105.322156 2821.071561 -713.220168 -0.096089 0.912831 0.396870 -0.741754 -0.331547 0.582991 -0.663753 0.238361 -0.708954
9.252109 -100.879411 2845.435599 106.470895 -0.059672 0.906405 0.418174 -0.684440 -0.342092 0.643829 -0.726623 0.247796 -0.640793
10.290780 -97.721765 3143.377279 -1735.915751 -0.092797 0.900626 0.424572 -0.837918 -0.300977 0.455308 -0.537849 0.313506 -0.782581
7.416592 -98.629938 1876.199869 1374.072525 -0.043781 0.915058 0.400940 -0.535368 -0.360325 0.763902 -0.843483 0.181206 -0.505668
2.680248 -98.733829 1536.899948 334.071486 -0.033233 0.922286 0.385076 -0.604469 -0.325382 0.727148 -0.795935 0.208601 -0.568307
3.589581 -99.069962 2223.436120 -1704.482530 -0.046116 0.912859 0.405663 -0.749865 -0.299935 0.589697 -0.659982 0.276998 -0.698352
-10.031467 -110.828867 1319.738357 3257.402882 -0.017208 0.958541 0.284434 -0.185403 -0.282602 0.941149 -0.982512 0.036539 -0.182580
-8.186670 -99.371632 2197.213577 6362.355289 0.002375 0.951759 0.306836 0.064638 -0.306341 0.949725 -0.997906 -0.017578 0.062247
-5.286160 -99.842806 873.181711 3508.208820 -0.015823 0.946237 0.323086 -0.064657 -0.323418 0.944045 -0.997782 0.005952 -0.066298
-0.786090 -93.698837 1111.600890 2812.790336 0.004639 0.932493 0.361158 -0.038693 -0.360725 0.931869 -0.999240 0.018297 -0.034408
-3.797631 -99.483888 1005.861803 3197.367629 0.005466 0.942946 0.332902 -0.155362 -0.328064 0.931792 -0.987843 0.056813 -0.144704
-20.468878 -98.275183 -4181.144616 4625.050807 0.726846 -0.123092 0.675680 -0.657450 -0.409229 0.632685 -0.198629 0.904091 0.378373
-7.165227 -96.932715 -6812.964203 -3003.045274 0.670475 -0.081116 0.737484 0.723392 0.292296 -0.625514 -0.164824 0.952882 0.254655
-6.829409 -86.751086 -7964.514178 7548.334449 0.694870 -0.033591 0.718350 -0.625966 -0.519986 0.581190 -0.354009 0.853514 0.382350
-20.373929 -84.346767 -5576.922180 6910.424035 0.757941 -0.050792 0.650343 -0.536218 -0.616253 0.576804 -0.371479 0.785909 0.494318
3.431707 -123.765178 1343.233698 -4678.829122 0.683492 -0.545430 0.485124 0.729034 0.476626 -0.491261 0.036726 0.689445 0.723406
0.301324 -123.155815 2377.567625 -5265.469165 0.706341 -0.540304 0.457333 0.707568 0.519997 -0.478488 0.020717 0.661570 0.749598
5.961728 -110.891472 228.280236 3277.661659 0.713436 -0.512189 0.478196 -0.683067 -0.660564 0.311570 -0.156296 0.548925 0.821129
8.938856 -108.425191 -912.967598 1088.074869 0.730034 -0.487946 0.478497 -0.598669 -0.794294 0.103400 -0.329614 0.361947 0.871980
7.458834 -116.855250 754.645264 3463.141539 0.707232 -0.513509 0.485933 -0.668235 -0.709958 0.222310 -0.230834 0.481942 0.845250
8.242723 -127.015595 898.987141 -7025.663349 0.687530 -0.535037 0.490956 0.723816 0.559184 -0.404232 -0.058255 0.633283 0.771724
6.929135 -122.535107 186.714376 942.065835 0.724237 -0.475049 0.499809 0.563517 0.825486 -0.031961 -0.397403 0.304798 0.865546
4.603336 -124.214930 45.895740 3094.775008 0.739214 -0.454756 0.496750 0.411771 0.888854 0.200956 -0.532924 0.055997 0.844308
6.940593 -121.522230 192.670512 1281.268329 0.727739 -0.440680 0.525545 0.465155 0.880227 0.093973 -0.504011 0.176072 0.845560
8.873055 -119.496701 305.659653 -1765.236774 0.717159 -0.459169 0.524259 0.583354 0.807092 -0.091112 -0.381289 0.371170 0.846671
3.697419 -230.195412 1811.673538 -33797.142996 0.691905 -0.306168 0.653857 0.463786 0.882549 -0.077520 -0.553327 0.356886 0.752637
4.825678 -209.753690 1490.193618 -24156.139537 0.701483 -0.266977 0.660791 0.319713 0.946537 0.043025 -0.636950 0.181082 0.749336
4.522847 -249.315193 1598.386453 19753.871403 0.664079 -0.325718 0.672984 -0.589600 -0.781641 0.203491 -0.459751 0.531925 0.711115
0.963428 -213.227312 816.297717 22053.356216 0.668394 -0.330075 0.666558 -0.573318 -0.799548 0.178967 -0.473873 0.501771 0.723651
0.363807 -185.031856 753.277610 -22604.851560 0.694534 -0.288502 0.659082 0.362475 0.931635 0.025835 -0.621478 0.220958 0.751627
-15.558580 -41.707604 1347.227856 -1738.017262 -0.013795 0.990907 0.133840 -0.440944 0.114106 -0.890252 0.897429 0.071297 -0.435360
-14.829213 -41.905239 1048.646881 -2988.400067 -0.015503 0.998073 0.060086 -0.355674 0.050658 -0.933236 0.934482 0.035839 -0.354203
-17.396853 -45.707328 155.770891 -1085.173675 -0.043411 0.997175 -0.061294 -0.435098 -0.074099 -0.897329 0.899336 0.012285 -0.437086
-18.816596 -44.849372 506.262191 1297.802056 -0.044601 0.998455 -0.033137 -0.527491 -0.051706 -0.847986 0.848389 0.020342 -0.528982
594.917081 -368.834379 262565.437117 140279.863584 -0.029521 0.226115 0.973653 -0.648294 0.737088 -0.190832 -0.760818 -0.636847 0.124829
108.837343 -1763.297905 -55832.388942 -277506.803715 0.536159 -0.570722 0.621941 0.376029 0.821135 0.429347 -0.755735 0.003670 0.654867
-22.056034 -560.636445 -20458.353537 -170943.548422 0.705374 -0.530083 0.470594 -0.033168 0.638488 0.768917 -0.708059 -0.557983 0.432791
23.780222 -636.599876 -12257.244564 199566.169966 0.646428 -0.533151 0.545785 0.492418 -0.254882 -0.832202 -0.582800 -0.806713 -0.097770
-333.363442 -2006.471259 137863.748915 -220905.996032 0.093244 0.213193 -0.972551 0.968725 0.206176 0.138073 0.229953 -0.955008 -0.187300
-461.775200 -1286.524979 -142237.945120 -8077500.239478 0.339942 -0.129726 0.931456 -0.629590 0.704356 0.327870 -0.698610 -0.697892 0.157766
-304.581900 -6464.324455 -164123.097275 -4455745.077280 -0.163651 -0.273837 0.947751 -0.604624 0.786960 0.122978 -0.779518 -0.552907 -0.294355
-26.351127 -33.999487 2123.386221 -958.533330 -0.756935 0.633660 -0.159766 -0.314833 -0.567841 -0.760550 0.572652 0.525387 -0.629316
-21.747697 -37.157068 -2172.996511 256.724638 0.834130 -0.495797 0.241689 0.180711 0.659652 0.729522 0.521125 0.564840 -0.639831
-23.619143 -38.501467 -1479.584878 -1333.917417 0.833364 -0.377543 0.403691 -0.021921 0.707213 0.706660 0.552290 0.597754 -0.581090
-19.190264 -42.269056 -1141.838156 -1310.564734 0.861201 -0.392472 0.322952 0.044043 0.690638 0.721858 0.506352 0.607441 -0.612064
16.435249 -490.618931 2559.022864 -112489.052985 -0.007801 0.970085 0.242639 -0.534504 0.201029 -0.820910 0.845130 0.136096 -0.516946
32.912874 -1680.217329 2016.913464 -546871.749492 -0.002390 0.953872 0.300203 -0.700798 0.212555 -0.680957 0.713356 0.212009 -0.667964
16.899855 -597.885013 4651.343177 -146488.990997 0.001970 0.955664 0.294452 -0.869702 0.146971 -0.471187 0.493573 0.255158 -0.831433
3.152117 -762.044584 6959.724213 -233181.954125 -0.096593 0.129277 -0.986893 0.988652 0.127072 -0.080120 0.115049 -0.983433 -0.140085
8.930995 -2631.311903 6419.725162 -1098237.734186 -0.115519 0.071901 -0.990700 0.913430 0.399546 -0.077512 0.390257 -0.913889 -0.111832
-1.664985 -1132.758773 -1510.283819 -384189.212644 -0.097516 0.046276 -0.994157 0.992998 0.071440 -0.094077 0.066669 -0.996371 -0.052918
-13.661391 -35.586097 537.206436 -239.378840 0.238812 0.912120 -0.333176 0.381588 -0.403650 -0.831539 0.892950 -0.071445 0.444451
-13.000089 -37.628431 658.677360 -922.080360 0.278231 0.865307 -0.416931 0.264006 -0.486247 -0.832986 0.923520 -0.121690 0.363735
-13.458539 -34.829336 -317.764290 -387.033367 0.253365 0.875411 -0.411658 0.283756 -0.474079 -0.833506 0.924818 -0.094371 0.368518
-0.296482 -28.632691 12163.377117 8116.084956 -0.148440 0.809165 -0.568522 0.287393 0.585377 0.758116 -0.946240 0.050855 0.319442
13.027371 -166.030694 29550.582298 -77341.496957 0.092701 0.952605 -0.289741 0.072327 0.283783 0.956157 -0.993064 0.109592 0.042592
40.616429 -57.873550 20348.791764 -13527.667508 -0.028972 0.943354 -0.330521 0.335905 0.320619 0.885647 -0.941450 0.085365 0.326166
9.221588 -41.065514 14636.562752 20731.885046 -0.082215 0.964097 -0.252501 0.385721 0.264395 0.883920 -0.918945 0.024724 0.393610
-12.182165 -46.033950 7685.844903 20434.677653 -0.182551 0.837389 -0.515222 0.249105 0.546322 0.799674 -0.951116 -0.017637 0.308330
32.082301 -49.264980 4964.140773 678.861648 -0.172720 0.982951 0.063047 -0.626633 -0.159043 0.762913 -0.759933 -0.092263 -0.643420
34.890315 -46.257582 6304.877237 1310.259152 -0.187529 0.978295 0.088160 -0.501049 -0.172470 0.848059 -0.844857 -0.114863 -0.522517
28.269052 -44.019052 -2873.024122 1491.308919 -0.317652 0.947660 -0.032201 -0.574546 -0.165347 0.801597 -0.754317 -0.273130 -0.596997
26.622554 -46.828254 -298.897056 1000.012462 -0.242384 0.969695 -0.030691 -0.681135 -0.147558 0.717134 -0.690873 -0.194727 -0.696259
18.277432 -43.221946 -8629.633452 1035.447596 -0.329968 0.932212 -0.148668 -0.692614 -0.132071 0.709115 -0.641410 -0.336955 -0.689242
22.483068 -39.381176 -12051.750707 1847.259037 -0.442498 0.895514 -0.047443 -0.489290 -0.196758 0.849636 -0.751526 -0.399175 -0.525231
14.809982 -38.840822 -10944.936706 1898.089910 -0.401493 0.910474 -0.099199 -0.576481 -0.167065 0.799849 -0.711669 -0.378321 -0.591946
17.923795 -74.913515 5608.657397 11419.711533 0.723406 0.659370 0.204734 0.659232 -0.571536 -0.488630 0.205175 -0.488445 0.848130
4.558472 -71.095232 3726.874670 9026.030914 0.708128 0.676227 0.203156 0.679071 -0.573415 -0.458321 0.193436 -0.462507 0.865257
6.518557 -61.361836 5329.094175 526.623587 0.726378 0.666960 0.165950 0.629551 -0.548787 -0.549999 0.275756 -0.503981 0.818512
-23.341030 -40.412463 -169.798772 -290.150361 -0.540536 -0.553443 -0.633657 -0.267763 0.827174 -0.494051 0.797574 -0.097382 -0.595309
-21.430307 -42.614653 -1522.192262 713.243301 -0.556338 -0.382094 -0.737897 -0.047724 0.901236 -0.430692 0.829584 -0.204395 -0.519627
-23.101502 -42.238613 -173.456430 519.751996 -0.573758 -0.536859 -0.618534 -0.231766 0.830765 -0.506077 0.785548 -0.147010 -0.601084
-23.938021 -44.377121 198.592054 864.992521 -0.605552 -0.573609 -0.551615 -0.312548 0.808881 -0.498022 0.731861 -0.129172 -0.669100
-23.239148 -41.793908 1502.714517 381.547709 -0.543469 -0.658002 -0.521225 -0.417709 0.750579 -0.512006 0.728121 -0.060539 -0.682770
-0.079047 -46.375217 -973.921696 -2601.137132 -0.051435 0.957785 0.282846 -0.643770 -0.248321 0.723807 -0.763489 0.144859 -0.629365
-2.039308 -48.810315 -761.446840 -1932.014296 -0.070785 0.948090 0.310025 -0.527577 -0.299358 0.795014 -0.846553 0.107287 -0.521381
-3.340131 -48.298569 -1665.204075 -5973.331099 -0.065658 0.956013 0.285880 -0.617189 -0.264029 0.741192 -0.784070 0.127777 -0.607377
0.000087 -50.282002 189.595959 -3588.062609 -0.057328 0.947467 0.314674 -0.632042 -0.278429 0.723188 -0.772811 0.157428 -0.614800
6.199713 -153.372496 -1469.763111 13808.071687 -0.014763 0.868308 0.495805 0.355053 -0.458992 0.814410 -0.934730 -0.188060 0.301519
3.239688 -140.503235 -294.737209 17148.946314 -0.009885 0.869928 0.493079 0.386970 -0.451355 0.804073 -0.922040 -0.198755 0.332174
4.158841 -167.836457 -915.406638 20398.656605 -0.006119 0.899216 0.437462 0.133466 -0.432822 0.891545 -0.991034 -0.063842 0.117366
1.560584 -159.541214 -1036.673260 16944.639915 -0.033051 0.892689 0.449460 0.106844 -0.443973 0.889647 -0.993726 -0.077426 0.080704
-0.582673 -67.057330 -912.922949 2447.425436 -0.111850 0.855756 0.505145 0.847684 -0.183110 0.497898 -0.518576 -0.483894 0.704929
0.959486 -72.846548 -1656.712274 1622.124781 -0.124543 0.851282 0.509714 0.761883 -0.247045 0.598752 -0.635629 -0.462913 0.617809
0.657790 -69.444686 -896.777670 2770.200665 -0.097549 0.847649 0.521512 0.848964 -0.202587 0.488077 -0.519369 -0.490356 0.699862
0.039229 -61.432873 991.233263 3160.315800 0.084494 -0.848555 -0.522317 0.932909 -0.116789 0.340649 -0.350060 -0.516057 0.781756
-1.021033 -59.876272 60.816185 3155.424829 0.087188 -0.860250 -0.502363 0.921338 -0.122150 0.369074 -0.378859 -0.495025 0.781931
-1.635641 -60.757184 -681.286285 2533.715826 0.073411 -0.869887 -0.487757 0.897928 -0.155171 0.411883 -0.433977 -0.468207 0.769705
67.289962 -68.077802 -9723.270888 2143.142060 -0.061933 0.899929 0.431616 0.217557 -0.409875 0.885817 -0.974081 -0.148762 0.170401
75.605951 -68.513325 -4925.125438 7000.735338 0.100332 0.866297 0.489349 0.079356 -0.497232 0.863981 -0.991784 0.047852 0.118634
73.591547 -58.413736 -7738.798392 4007.802273 0.101125 0.900655 0.422604 0.242932 -0.434277 0.867403 -0.964758 -0.014947 0.262714
67.836680 -59.981232 -9301.906603 -3000.031362 0.001208 0.937584 0.347756 0.358099 -0.325100 0.875258 -0.933683 -0.123474 0.336140
2.498006 -119.056664 2035.306899 -6764.715850 0.818927 0.547784 0.171146 -0.555102 0.831760 -0.006061 -0.145673 -0.090040 0.985227
-1.183133 -117.822647 1450.931344 4249.865877 0.827615 0.536865 0.163795 0.550188 -0.833695 -0.047390 -0.111113 -0.129339 0.985355
0.166275 -106.396047 960.969695 5054.903868 0.830939 0.531105 0.165737 0.556299 -0.797659 -0.232962 -0.008474 -0.285776 0.958259
-4.932887 -98.053869 -426.189586 -5602.334048 -0.048000 0.876488 0.479026 -0.713672 -0.365627 0.597486 -0.698833 0.313188 -0.643075
-5.085276 -101.319691 -1190.873279 -4558.355545 -0.053120 0.893915 0.445077 -0.710168 -0.347157 0.612489 -0.702025 0.283545 -0.653271
-3.688737 -114.247743 -650.156702 -7585.243856 -0.064133 0.876262 0.477548 -0.534865 -0.434178 0.724851 -0.842500 0.208936 -0.496527
-15.363171 -110.996082 -679.633882 5938.260334 0.129647 0.820132 0.557292 0.719159 0.309161 -0.622277 0.682643 -0.481459 0.549724
-13.132300 -104.793585 -3108.377264 4037.069228 0.198413 0.785528 0.586155 0.560393 0.399727 -0.725381 0.804109 -0.472402 0.360894
-15.051150 -97.181382 -1129.878084 4769.754584 0.159880 0.815412 0.556365 0.591709 0.371974 -0.715204 0.790139 -0.443552 0.423015
-18.120983 -99.008548 1202.581167 4731.133957 0.100356 0.845264 0.524840 0.583208 0.377402 -0.719330 0.806100 -0.378280 0.455090
5.849211 -168.954682 -841.926452 10042.937003 0.820405 0.500432 0.276592 -0.282616 -0.065614 0.956986 -0.497055 0.863286 -0.087600
-0.543786 -145.179418 -1443.735973 6020.196932 0.793755 0.531890 0.295037 -0.132062 -0.322787 0.937213 -0.593728 0.782880 0.185971
3.099576 -156.883134 -2169.738080 5447.307422 0.805273 0.543231 0.237561 -0.280888 -0.003321 0.959735 -0.522146 0.839577 -0.149913
5.084645 -151.788411 -771.662141 3418.361285 0.828996 0.517753 0.211417 -0.364751 0.213992 0.906181 -0.423936 0.828335 -0.366250
8.181950 -170.325588 -2794.916026 4308.229902 0.823628 0.524853 0.214860 -0.386296 0.241808 0.890115 -0.415225 0.816124 -0.401908
2.667602 -149.102055 457.289416 2744.775560 0.826856 0.522308 0.208575 -0.292653 0.082881 0.952620 -0.480275 0.848720 -0.221385
3.488546 -17.318629 -4949.103619 1337.453132 -0.145037 0.655940 0.740748 0.415451 -0.639095 0.647269 -0.897978 -0.401622 0.179819
-0.929238 -21.232001 -3975.205106 -4417.002279 -0.061157 0.523417 0.849879 -0.411593 0.762483 -0.499211 -0.909313 -0.380334 0.168804
6.322071 -18.925975 -5409.713626 -2314.827588 -0.104879 0.580251 0.807657 -0.393167 0.721780 -0.569609 -0.913466 -0.377284 0.152436
3.694998 -22.222049 -4152.249867 -2780.068425 -0.056453 0.495542 0.866747 -0.326268 0.811312 -0.485099 -0.943590 -0.310178 0.115878
9.424846 -18.778669 -4193.407042 -1852.053722 -0.094265 0.635232 0.766547 -0.334713 0.704931 -0.625332 -0.937593 -0.315520 0.146170
9.591903 -403.986443 -5128.091580 77898.831052 0.790842 0.445997 0.419113 0.597237 -0.711992 -0.369290 -0.133702 -0.542360 0.829439
2.914716 -355.419443 -2612.310713 86652.600991 0.822692 0.424810 0.377775 0.499998 -0.856921 -0.125250 -0.270516 -0.291929 0.917387
15.184825 -707.371514 -7978.072643 -190873.929282 0.742392 0.588859 0.319530 -0.620225 0.784411 -0.004559 -0.253327 -0.194796 0.947565
11.713941 -678.831817 -3983.473474 198583.584296 0.782349 0.499750 0.371725 0.619997 -0.681832 -0.388213 -0.059444 -0.534186 0.843274
23.224442 -237.079886 -5501.677563 40971.243753 0.187856 0.928974 0.318932 -0.838089 0.320930 -0.441146 0.512169 0.184422 -0.838852
9.125575 -176.423830 -1444.358063 17705.046727 0.170752 0.929268 0.327575 -0.884135 0.291248 -0.365350 0.434913 0.227236 -0.871329
11.990060 -197.278596 -3414.094024 26208.846951 0.209720 0.915142 0.344286 -0.759806 0.374153 -0.531700 0.615397 0.150082 -0.773797
-29.134809 -134.526288 1522.125765 31417.482423 0.861963 0.502632 0.066184 -0.075203 0.255872 -0.963781 0.501362 -0.825767 -0.258352
-28.540884 -63.874507 2557.210064 -846.430325 0.833228 0.533393 -0.145681 -0.267784 0.158763 -0.950308 0.483759 -0.830835 -0.275120
-20.197688 -64.247106 955.596958 1055.548600 0.814795 0.573820 -0.082698 -0.210073 0.159273 -0.964625 0.540350 -0.803344 -0.250319
20.625448 -297.848339 -17078.667188 73173.427354 0.389636 0.497410 -0.775091 0.813268 0.209105 0.543019 0.432179 -0.841937 -0.323053
-31.417420 -329.920408 -3408.800890 89229.923927 0.874852 0.399117 0.274479 0.127032 0.357775 -0.925127 0.467436 -0.844217 -0.262300
-48.434369 -83.920137 651.385593 10039.843839 0.416653 -0.886265 0.202322 0.907725 0.417686 -0.039667 -0.049352 0.200181 0.978515
-55.366237 -80.554195 -1184.455983 4602.507562 0.259030 -0.924806 0.278635 0.954877 0.288593 0.070167 -0.145303 0.247887 0.957830
-46.292330 -73.288340 -1174.138686 4399.109841 -0.116835 -0.933638 0.338630 0.990036 -0.082504 0.114112 -0.078601 0.348588 0.933975
-49.035708 -76.632434 -3176.750126 -6306.870297 -0.199542 0.978728 -0.047695 -0.149339 -0.078480 -0.985667 0.968442 0.189560 -0.161822
-55.437025 -73.577043 -2525.160369 -6670.866136 -0.299179 0.943179 0.144586 -0.154971 0.101486 -0.982693 0.941529 0.316407 -0.115803
-12.017370 -85.531648 -19655.596389 11078.578213 0.630342 0.776102 -0.018284 0.457534 -0.390426 -0.798893 0.627161 -0.495211 0.601195
-14.993562 -137.077552 -15689.615412 52195.491063 0.534074 0.834685 -0.134411 0.252150 -0.309008 -0.917025 0.806961 -0.455868 0.375499
-23.071819 -220.274597 -219.844043 -72104.191141 0.371223 0.922573 -0.105134 0.762116 -0.367409 -0.533094 0.530445 -0.117773 0.839498
124.355372 -118.985003 -13000.702073 20073.560180 -0.547015 -0.570674 -0.612459 0.229753 0.601183 -0.765371 0.804977 -0.559384 -0.197743
-1.700656 -36.640838 1227.490869 1780.597703 0.428812 0.892962 -0.136893 0.748634 -0.436062 -0.499397 0.505636 -0.111665 0.855490
-1.727022 -41.362775 499.232671 -2404.522640 0.404374 0.909041 -0.100628 0.672008 -0.369947 -0.641517 0.620393 -0.191790 0.760480
1.786381 -39.067666 2324.457999 -1028.347999 0.406230 0.902829 -0.140989 0.669022 -0.398957 -0.627091 0.622404 -0.160418 0.766081
-4.032739 -40.676253 -819.511961 -334.371285 0.406652 0.910226 -0.078249 0.671458 -0.355860 -0.650006 0.619498 -0.211785 0.755890
0.411444 -36.172603 2224.543877 4379.863849 0.429784 0.888081 -0.163088 0.676642 -0.436371 -0.593073 0.597864 -0.144542 0.788458
70.409169 -46.066691 22623.975631 -549.868577 0.070720 -0.756310 -0.650379 0.953848 -0.139489 0.265927 -0.291844 -0.639169 0.711540
35.870999 -48.506452 29619.004085 -861.713283 0.062562 -0.647935 -0.759122 0.919411 -0.258502 0.296411 -0.388290 -0.716490 0.579546
16.202819 -106.874289 1423.986417 -998.281513 -0.094895 0.929971 0.355174 -0.611504 -0.335990 0.716361 -0.785530 0.149211 -0.600565
21.299303 -109.074639 1474.308922 -1409.042180 -0.123497 0.935772 0.330272 -0.753102 -0.305110 0.582877 -0.646209 0.176745 -0.742412
21.191198 -103.787591 2924.701084 -1810.985960 -0.128652 0.915743 0.380609 -0.865519 -0.291028 0.407652 -0.484072 0.276979 -0.830034
-9.368856 -108.136045 848.244557 4179.696107 -0.037018 0.965623 0.257299 -0.075395 -0.259440 0.962812 -0.996466 -0.016243 -0.082407
-5.930181 -93.372412 222.798552 9366.604525 -0.049664 0.957407 0.284438 0.167124 -0.272808 0.947442 -0.984684 -0.094590 0.146457
-4.845922 -85.190849 1319.287321 9248.808529 -0.009000 0.947948 0.318298 0.319389 -0.298912 0.899245 -0.947581 -0.109755 0.300074
-19.864758 -105.956279 -3882.705526 1170.407473 0.696502 -0.145227 0.702705 0.717552 0.138324 -0.682631 0.001936 0.979681 0.200551
-5.917362 -102.751977 -5509.289155 1935.004376 0.653278 -0.102176 0.750192 0.756150 0.037966 -0.653296 0.038269 0.994042 0.102063
12.888009 -109.941697 -1939.199713 5528.854705 0.766261 -0.433098 0.474626 0.485590 0.874080 0.013640 -0.420769 0.220022 0.880082
21.051330 -115.836209 -1999.388395 7057.366186 0.820458 -0.357546 0.446105 0.344569 0.931911 0.113196 -0.456203 0.060841 0.887793
17.502487 -120.394778 -3525.855559 8468.972905 0.766084 -0.415166 0.490665 0.351856 0.909738 0.220396 -0.537878 0.003802 0.843014
9.561590 -118.087718 -1154.022578 3993.461853 0.747115 -0.460137 0.479680 0.480521 0.872503 0.088531 -0.459259 0.164354 0.872966
6.454820 -119.321439 -798.886236 -2339.292916 0.751706 -0.449625 0.482468 0.229983 0.864362 0.447199 -0.618099 -0.225203 0.753151
8.918340 -122.474283 -1933.855441 6525.127099 0.749132 -0.450551 0.485597 0.356196 0.892048 0.278163 -0.558503 -0.035413 0.828747
17.767478 -116.684916 -4793.197738 -1087.357523 0.749924 -0.430701 0.502106 0.172945 0.860264 0.479621 -0.638517 -0.272843 0.719620
-7.112363 -66.005700 841.582119 -14.524952 0.132585 0.987101 0.089736 0.893982 -0.079996 -0.440905 0.428039 -0.138680 0.893057
-2.941965 -68.457907 1798.124939 -2196.560985 0.153892 0.986911 0.048216 0.797170 -0.095177 -0.596206 0.583813 -0.130188 0.801382
-3.852425 -61.359025 553.598779 459.956334 0.167998 0.983337 0.069462 0.842272 -0.106571 -0.528412 0.512205 -0.147278 0.846141
7.249585 -329.398234 1326.658762 -51559.327569 0.653570 -0.299748 0.694980 0.456828 0.888341 -0.046462 -0.603452 0.347853 0.717526
7.455742 -208.864529 3088.628933 -21659.339647 0.711368 -0.244274 0.659003 0.167368 0.969560 0.178721 -0.682600 -0.016840 0.730598
1.458821 -113.622892 -1013.567549 1025.967614 -0.661147 0.296934 -0.688995 0.032847 0.928922 0.368815 0.749537 0.221210 -0.623908
4.089237 -119.430120 -1261.064892 -1327.609174 -0.669609 0.285662 -0.685581 0.021335 0.930092 0.366705 0.742407 0.230923 -0.628893
1.023902 -123.683165 -804.712137 10560.773781 -0.666184 0.284276 -0.689483 0.172150 0.958151 0.228716 0.725647 0.033673 -0.687243
-0.676864 -126.741435 -1262.010604 4067.088195 -0.663572 0.298818 -0.685842 0.152869 0.951581 0.266694 0.732327 0.072127 -0.677123
1.951020 -121.238285 -1527.572815 -3123.568064 -0.657626 0.333507 -0.675501 -0.039808 0.880032 0.473242 0.752292 0.338107 -0.565456
-0.253420 -122.765112 243.813605 9437.995115 -0.678468 0.285672 -0.676811 0.196724 0.958298 0.207279 0.707800 0.007487 -0.706373
-8.297917 -34.789788 3430.055400 -1846.774145 0.049857 0.937926 0.343232 -0.313265 0.341003 -0.886331 0.948356 0.063333 -0.310821
-9.462909 -36.625558 2385.613269 -2106.974257 0.043602 0.975227 0.216868 -0.259707 0.220676 -0.940135 0.964703 0.015331 -0.262895
239.485989 -248.288421 -174734.511299 -107977.713398 0.990976 -0.130208 0.031832 -0.123033 -0.789309 0.601544 0.053200 0.600032 0.798205
-214.238520 -601.658089 -46603.476978 105431.610410 0.433448 -0.687679 0.582426 0.891236 0.422847 -0.164007 -0.133493 0.590168 0.796167
-22.149186 -325.070207 4442.506442 83563.142775 0.566969 -0.690356 0.449394 0.741737 0.190568 -0.643048 0.358292 0.697920 0.620108
-141.104610 -966.107106 14934.234510 -244902.846978 0.963317 -0.263493 0.050919 -0.215254 -0.645316 0.732962 0.160271 0.717035 0.678362
-99.304704 -299.982013 -16968.765903 -37215.184157 0.968728 0.157903 -0.191396 0.213658 -0.923055 0.319874 0.126160 0.350764 0.927927
-41.711381 -194.061229 9707.952650 15215.989216 0.541823 -0.668329 0.509671 0.757703 0.125963 -0.640328 0.363750 0.733123 0.574644
-1020.884376 -1881.700365 410119.070474 780688.320379 0.241734 -0.480873 -0.842808 0.956179 0.265906 0.122536 0.165183 -0.835497 0.524080
-18.238048 -49.411076 478.914206 -4726.668482 0.785402 -0.258285 0.562523 -0.273701 0.670199 0.689870 0.555186 0.695788 -0.455683
-17.047151 -47.959844 1735.685227 -3979.349244 0.708360 -0.187126 0.680596 -0.372201 0.720249 0.585413 0.599744 0.668001 -0.440547
-21.907872 -40.928882 59.383294 -2661.611183 0.782467 -0.235428 0.576470 -0.243278 0.736615 0.631042 0.573202 0.634012 -0.519103
42.456695 -1049.712133 -3227.355641 -329495.208039 0.000640 0.960179 0.279384 -0.430573 0.252424 -0.866539 0.902556 0.119741 -0.413589
13.918954 -647.123349 10278.740088 -190021.870859 -0.000652 0.930233 0.366968 -0.465677 0.324468 -0.823326 0.884954 0.171426 -0.432977
1.568662 -711.877369 1157.850066 -213798.458510 0.038379 0.969104 0.243646 -0.765108 0.185336 -0.616653 0.642758 0.162749 -0.748582
6.631192 -407.147051 2490.971069 -61792.523263 -0.002477 0.968394 0.249412 -0.956909 0.070129 -0.281794 0.290379 0.239362 -0.926491
-162.945789 -1471.134681 52397.072837 -565695.353192 0.275011 0.961395 0.009459 0.091263 -0.035897 0.995180 -0.957100 0.272822 0.097612
-17.481980 -636.236683 50348.011856 -261082.502403 0.290704 0.953684 -0.077311 0.050042 0.065535 0.996595 -0.955503 0.293583 0.028673
-75.257496 -777.537652 61676.998734 -306274.729633 0.071045 0.948838 -0.307667 -0.137030 0.314806 0.939212 -0.988016 0.024567 -0.152384
-288.002341 -3016.601612 -3345.519907 -1079641.711104 -0.210577 0.966764 -0.144996 0.045190 0.157790 0.986438 -0.976532 -0.201169 0.076915
26.361063 -50.106741 5871.111845 817.609150 -0.109202 0.989735 0.092190 -0.575523 -0.138572 0.805960 -0.810462 -0.034955 -0.584748
28.782888 -45.941847 7979.093140 880.196133 -0.118752 0.986734 0.110699 -0.460095 -0.153480 0.874504 -0.879892 -0.052917 -0.472218
32.435429 -40.355402 2904.129947 509.050167 -0.226038 0.965631 0.128313 -0.376783 -0.208138 0.902614 -0.898299 -0.155678 -0.410881
6.463466 -94.490358 -3225.116782 -3598.979815 0.810019 0.504810 0.298387 -0.448298 0.205067 0.870044 -0.378018 0.838519 -0.392414
15.219184 -94.892679 -464.814012 3425.145808 0.823828 0.467375 0.320731 -0.307917 -0.106070 0.945482 -0.475915 0.877673 -0.056529
10.568511 -94.417927 -1814.097446 541.573387 0.767305 0.513613 0.383986 -0.443033 -0.008351 0.896466 -0.463643 0.857982 -0.221140
8.697847 -95.530936 -1148.429361 -2107.940781 0.865358 0.434381 0.249939 -0.365441 0.205661 0.907831 -0.342942 0.876936 -0.336711
-1.740752 -88.113724 -502.419229 -7088.259842 0.775568 0.485548 0.403408 -0.574706 0.278709 0.769437 -0.261165 0.828592 -0.495205
-4.050334 -83.191969 -2550.033830 -6920.772937 0.801733 0.496942 0.332074 -0.553087 0.406274 0.727349 -0.226537 0.766805 -0.600575
-1.408754 -83.548974 -2492.428108 -6072.885989 0.855930 0.454803 0.246043 -0.464295 0.466503 0.752865 -0.227625 0.758637 -0.610457
-10.824303 -40.190390 -3173.684083 1121.927551 -0.541879 -0.235993 -0.806644 0.053911 0.948032 -0.313574 0.838726 -0.213406 -0.500996
-11.410042 -43.733215 -3847.432298 1421.746897 -0.537080 -0.207080 -0.817718 0.175373 0.920805 -0.348371 0.825100 -0.330509 -0.458230
-20.512167 -39.196369 -2489.853655 45.215675 -0.518055 -0.427188 -0.741033 -0.153661 0.898739 -0.410678 0.841432 -0.098885 -0.531238
-5.431312 -47.336051 -1547.492487 183.447814 -0.065981 0.952015 0.298854 -0.485543 -0.292289 0.823902 -0.871719 0.090744 -0.481530
-1.306833 -52.807711 90.784563 -2223.301005 -0.081532 0.933875 0.348182 -0.500603 -0.340453 0.795920 -0.861829 0.109407 -0.495258
-2.751306 -54.426499 -331.159514 437.882346 -0.066090 0.936784 0.343611 -0.359798 -0.343571 0.867470 -0.930687 0.066299 -0.359759
-4.410106 -51.501719 -1282.917872 2986.774739 -0.073037 0.940625 0.331496 -0.343468 -0.335774 0.877089 -0.936320 0.049798 -0.347599
-2.569674 -71.852410 -1737.509394 -5428.925852 0.125998 -0.864731 -0.486173 0.975298 0.197609 -0.098716 0.181435 -0.461725 0.868269
-8.416837 -79.146266 -2531.278325 -7142.921147 0.116864 -0.863159 -0.491223 0.977261 0.188058 -0.097954 0.176928 -0.468606 0.865509
-2.081800 -85.738531 2757.514835 -5751.775457 -0.068463 0.892097 0.446626 0.916511 0.233087 -0.325081 0.394107 -0.387082 0.833575
-6.473760 -65.039446 -1876.015540 -5485.598619 0.187621 -0.844043 -0.502384 0.981381 0.182486 0.059918 0.041105 -0.504272 0.862566
2.591001 -75.059692 -1388.271807 -3976.441622 0.072976 -0.874892 -0.478789 0.943702 0.215881 -0.250642 0.322646 -0.433543 0.841391
-2.565055 -60.313912 -1108.468547 -5194.780333 0.196202 -0.846403 -0.495083 0.980168 0.183626 0.074512 0.027843 -0.499884 0.865645
1.060338 -62.104411 -419.410458 -3602.472944 0.129237 -0.855118 -0.502068 0.983527 0.175070 -0.045010 0.126386 -0.487980 0.863656
7.710032 -210.550269 527.981253 1261.691510 0.047709 0.915685 0.399054 -0.381385 -0.352542 0.854552 -0.923184 0.192963 -0.332410
8.401667 -229.295388 -764.997339 24842.932504 0.020474 0.893850 0.447898 0.094789 -0.447709 0.889141 -0.995287 -0.024251 0.093894
7.591812 -201.883047 -1540.422658 12127.310017 -0.018032 0.905801 0.423319 -0.123254 -0.422172 0.898097 -0.992211 0.035981 -0.119256
7.761002 -196.946127 -662.247716 20737.040268 0.009422 0.877645 0.479219 0.265990 -0.464174 0.844862 -0.963930 -0.119507 0.237818
4.800950 -194.255580 -526.390108 -10806.467934 0.013221 0.920628 0.390217 -0.552484 -0.318545 0.770254 -0.833419 0.225772 -0.504420
3.299050 -75.948561 677.533035 2037.311488 -0.090991 0.871294 0.482252 0.731217 -0.270293 0.626309 -0.676049 -0.409619 0.612511
1.715412 -73.757334 16.802930 3842.769027 -0.072088 0.857323 0.509706 0.814429 -0.244408 0.526280 -0.575768 -0.453057 0.680610
3.853418 -79.120138 1061.192084 3718.603759 -0.071845 0.869619 0.488469 0.725271 -0.290644 0.624106 -0.684705 -0.399111 0.609827
5.578081 -81.128082 1229.707669 -1024.071578 -0.078630 0.879267 0.469795 0.581697 -0.342244 0.737901 -0.809596 -0.331299 0.484556
-1.706187 -107.696282 1133.831341 3395.665565 0.848375 0.506134 0.155203 0.527846 -0.786302 -0.321104 0.040485 -0.354340 0.934240
-3.144463 -116.481382 -452.782537 1915.333962 0.833545 0.519637 0.187562 0.550480 -0.809893 -0.202595 -0.046630 -0.272121 0.961133
-3.559190 -117.898071 -685.303215 -1344.313634 0.808286 0.553680 0.200281 -0.558759 0.828567 -0.035568 -0.185640 -0.083160 0.979093
-3.862612 -124.996457 1419.736116 -4700.404068 0.811052 0.559822 0.169686 -0.532337 0.826594 -0.182647 -0.242511 0.057806 0.968425
-3.441505 -111.585289 1400.380108 -7730.549951 -0.033677 0.888451 0.457734 -0.662386 -0.362800 0.655454 -0.748405 0.281123 -0.600716
-4.392880 -110.041650 1297.071309 -6503.374364 -0.032976 0.882794 0.468601 -0.697307 -0.356211 0.621994 -0.716014 0.306248 -0.627325
-5.122211 -98.690982 591.190547 -6297.979171 -0.023887 0.898816 0.437675 -0.813348 -0.272033 0.514261 -0.581288 0.343698 -0.737548
-3.583636 -123.373868 854.616048 -5053.635344 -0.053672 0.879993 0.471944 -0.449436 -0.443337 0.775538 -0.891699 0.170484 -0.419296
-4.312499 -107.439649 -526.113740 -7412.273621 -0.046152 0.908201 0.415982 -0.776878 -0.294409 0.556582 -0.627958 0.297479 -0.719149
-2.981775 -118.689474 -1043.672757 -5659.347367 -0.071906 0.898888 0.432238 -0.576580 -0.391075 0.717367 -0.813870 0.197636 -0.546402
-11.797727 -116.951129 -1809.609071 6789.552524 0.168647 0.782585 0.599265 0.742274 0.299184 -0.599599 0.648527 -0.545939 0.530436
-9.270297 -109.148810 -2481.542031 6811.585220 0.188604 0.782284 0.593684 0.613771 0.378023 -0.693097 0.766625 -0.495107 0.408846
1.642085 -137.481053 -2651.263337 13379.018147 0.784894 0.511115 0.350288 -0.082839 -0.473688 0.876788 -0.614067 0.717204 0.329454
-4.162006 -129.546974 -824.851111 2766.386780 0.780410 0.538945 0.317016 0.038649 -0.547617 0.835836 -0.624073 0.640042 0.448195
-4.894190 -137.203642 -1102.355024 1906.640912 0.779911 0.556269 0.286887 0.075298 -0.538428 0.839301 -0.621345 0.632978 0.461812
-3.362746 -133.900851 -1400.626970 73.906125 0.786200 0.551931 0.277959 -0.048047 -0.393836 0.917924 -0.616101 0.735027 0.283115
-5.221672 -21.277634 -4016.653169 -2457.927802 -0.081204 0.584600 0.807248 -0.427581 0.711175 -0.558037 -0.900322 -0.390479 0.192214
-9.235412 -25.488986 -1449.314628 -3166.739061 0.047041 0.388280 0.920340 -0.370078 0.862568 -0.344991 -0.927809 -0.324368 0.184270
3.554566 -222.542430 -170.402043 15693.349103 0.848930 0.385613 0.361414 0.496856 -0.815404 -0.297071 -0.180144 -0.431763 0.883815
-71.115696 -2839.665473 44330.872894 -500606.836100 0.567332 0.753262 0.332763 0.320990 0.169844 -0.931729 0.758353 -0.635413 0.145431
82.865100 -2776.828746 -18468.479508 87613.070294 -0.599847 -0.681877 -0.418602 0.763670 -0.331820 -0.553808 0.238728 -0.651874 0.719770
79.299934 -2922.968491 70533.589882 10408740.035680 0.519041 0.746637 0.416088 0.714519 -0.646171 0.268190 -0.469105 -0.158101 0.868876
120.551648 -2107.623461 -50922.911231 234630.752033 -0.687876 -0.669753 -0.279745 -0.534999 0.728316 -0.428173 0.490513 -0.144866 -0.859308
-101.365890 -10634.734968 -34766.491954 544683.441483 -0.585290 -0.690825 -0.424495 0.809435 -0.467192 -0.355733 0.047428 -0.551808 0.832621
-1084.399370 -4859.785186 300628.275747 1798226.975780 0.566828 0.753019 0.334170 0.790760 -0.611084 0.035708 0.231095 0.244007 -0.941836
-235.893652 -5733.487964 87414.036106 3371772.192312 0.640754 0.667754 0.378865 0.015582 0.482064 -0.875998 0.767588 -0.567203 -0.298479
-11.131324 -36.414886 182.431285 -5283.247043 -0.574168 0.795296 -0.194513 -0.479697 -0.519301 -0.707260 0.663492 0.312778 -0.679668
-6.506568 -33.731606 -701.815216 -6756.165017 -0.655856 0.670713 -0.346406 -0.317476 -0.661402 -0.679527 0.684881 0.335696 -0.646719
-12.247426 -38.947734 -542.201706 2005.452743 -0.648261 0.671262 -0.359394 0.399497 0.701674 0.589962 0.648197 0.238873 -0.723036
-15.455625 -41.676782 173.542452 -845.446999 -0.539977 0.815338 -0.208924 -0.603199 -0.547985 -0.579537 0.587006 0.186913 -0.787710
-14.233526 -45.412718 618.130854 -2819.113807 -0.517765 0.850028 -0.096804 -0.627745 -0.454350 -0.632062 0.581254 0.266491 -0.768847
-12.277395 -38.313366 2.046562 -5384.675551 -0.481342 0.875998 -0.030606 -0.596686 -0.353044 -0.720643 0.642087 0.328613 -0.692631
-7.239952 -23.378392 -824.593595 -6643.735513 -0.492047 0.867162 -0.076944 -0.505535 -0.356566 -0.785681 0.708749 0.347694 -0.613827
0.568292 -175.910706 -2593.577565 10041.874776 0.228971 0.920609 0.316308 -0.659322 0.385726 -0.645376 0.716147 0.060777 -0.695298
-2.670912 -158.971189 -991.568357 14123.871991 0.198607 0.924858 0.324334 -0.827949 0.335410 -0.449445 0.524457 0.179269 -0.832350
-2.803201 -166.387860 -1302.110038 218.377325 0.215173 0.914071 0.343766 -0.573863 0.403173 -0.712834 0.790178 0.043892 -0.611304
-36.304550 -199.612674 978.551934 -53154.129671 0.872311 0.477358 0.105841 -0.056419 0.313288 -0.947981 0.485685 -0.820963 -0.300217
-40.302402 -347.446103 10651.664691 144412.300384 0.244794 0.447081 -0.860346 0.865902 0.298417 0.401448 0.436222 -0.843247 -0.314078
10.268397 -87.926674 5949.826632 7930.677263 0.350868 -0.705044 -0.616283 0.737650 -0.197322 0.645707 -0.576858 -0.681158 0.450842
19.074369 -100.151585 -6569.971249 5098.229978 -0.340068 0.705549 0.621736 0.565420 -0.374884 0.734685 -0.751435 -0.601384 0.271445
16.391763 -84.379581 -891.289678 3959.669725 -0.262079 0.774314 0.575979 0.710832 -0.248786 0.657893 -0.652711 -0.581844 0.485206
-31.411862 -86.704090 -7259.894670 6314.074213 -0.426240 0.900222 -0.088993 0.900662 0.431503 0.051126 -0.084426 0.058360 0.994719
-12.987648 -86.958998 -10350.682249 10479.605698 -0.363897 0.930592 0.039726 0.928434 0.365816 -0.064715 0.074756 -0.013333 0.997113
-47.797390 -81.021329 -3590.577056 -2423.911135 -0.151247 0.988116 -0.027406 -0.351516 -0.079677 -0.932785 0.923883 0.131447 -0.359390
