16920
33820
-38.085543 -53.408568 -1369.467401 6105.334148 0.177874 0.970864 -0.160574 0.959636 -0.207260 -0.190113 0.217854 0.120276 0.968542
-44.821197 -69.115056 1544.107720 7285.635537 -0.013716 -0.987490 0.157085 0.995447 -0.028305 -0.091014 0.094321 0.155122 0.983382
-45.586931 -71.745462 163.178888 10411.364110 -0.299264 0.952914 -0.048949 0.940781 0.286112 -0.181853 0.159285 0.100473 0.982107
-38.535197 -59.566139 409.598263 4586.992792 -0.310429 -0.912051 0.267947 0.938424 -0.338991 -0.066666 0.151635 0.230753 0.961124
-29.552230 -54.216899 -6393.745109 8929.377422 -0.333677 0.941189 0.053133 0.892049 0.333476 -0.305030 0.304809 0.054384 0.950859
-31.512005 -42.654179 2861.817965 -3944.812244 0.694871 0.637863 -0.332093 -0.641998 0.758305 0.113188 0.324026 0.134552 0.936431
-32.376178 -49.517122 -372.177218 2989.933339 0.546778 0.787620 -0.284058 0.803579 -0.588930 -0.086157 0.235149 0.181154 0.954928
32.985559 -71.917410 4642.324183 6064.642811 -0.422026 0.901437 0.096462 0.877187 0.379148 0.294602 -0.228992 -0.208945 0.950739
58.939775 -76.504562 -14913.619417 17321.874428 0.487351 -0.859811 -0.152364 0.857632 0.438507 0.268662 -0.164186 -0.261605 0.951108
51.012996 -85.279434 -6191.856616 16678.205426 0.454155 -0.879935 -0.139492 0.856223 0.387813 0.341298 -0.246223 -0.274438 0.929547
42.642960 -81.864660 -3702.109499 8082.197716 -0.392371 0.913163 0.110356 0.853013 0.316365 0.415068 -0.344112 -0.256996 0.903073
34.918132 -75.212320 -2594.300880 3881.974789 -0.364734 0.929039 0.062091 0.893842 0.330677 0.302818 -0.260798 -0.165947 0.951024
24.172400 -69.654884 1072.581933 -665.726317 -0.378863 0.921462 0.085856 0.911867 0.355854 0.204612 -0.157990 -0.155809 0.975071
-45.350972 -81.732983 -1096.458785 -1032.517615 -0.074480 0.997220 0.002278 -0.321876 -0.021878 -0.946529 0.943848 0.071231 -0.322611
-42.688965 -79.114538 -3648.959354 -4331.101868 0.043598 0.995903 -0.079219 -0.217137 -0.067953 -0.973773 0.975167 -0.059656 -0.213285
-41.730994 -80.874055 -3401.586653 2069.065920 0.067097 0.997210 -0.032722 -0.390921 -0.003899 -0.920416 0.917975 -0.074549 -0.389568
2.754929 -118.295106 -1101.038854 -5232.252127 0.765030 -0.181512 0.617885 0.163055 0.982789 0.086821 -0.623010 0.034328 0.781460
3.104986 -123.146410 -1201.539291 -1911.128753 0.764649 -0.177049 0.619650 0.279683 0.957421 -0.071572 -0.580594 0.228033 0.781609
5.701586 -119.966499 -908.543522 -3681.962553 0.772643 -0.183013 0.607889 0.164380 0.982563 0.086883 -0.613190 0.032795 0.789254
5.237436 -110.362175 -646.461990 -7318.211593 0.775013 -0.190396 0.602581 0.053045 0.969768 0.238192 -0.629715 -0.152639 0.761683
2.664868 -107.222892 -826.232184 -7878.891004 0.763909 -0.194556 0.615298 0.054302 0.969469 0.239126 -0.643036 -0.149259 0.751150
40.542731 -97.910463 -3502.546709 9849.374121 0.780263 -0.222458 0.584553 -0.625430 -0.269735 0.732175 0.005204 0.936886 0.349596
29.710489 -101.947007 585.563964 5186.550532 0.804947 -0.268577 0.529081 -0.567689 -0.089223 0.818394 0.172595 0.959117 0.224287
37.179379 -99.677219 4461.908058 11144.183415 0.819085 -0.307441 0.484335 -0.567874 -0.314786 0.760545 0.081361 0.897992 0.432425
-17.842891 -28.537344 2655.002704 -1589.729547 0.155728 0.987324 0.030653 0.731218 -0.136085 0.668432 -0.664130 0.081680 0.743141
-15.998111 -26.229663 -2419.941529 -1643.732814 0.143290 0.988722 0.043552 0.690138 -0.131365 0.711655 -0.709350 0.071916 0.701178
-17.144005 -25.931243 4971.078654 -1078.070387 0.050984 0.995725 -0.077017 0.701376 0.019201 0.712533 -0.710966 0.090346 0.697399
1.981646 -45.854702 -353.253308 614.026382 0.158223 0.899338 0.407624 0.811747 0.116563 -0.572258 0.562167 -0.421432 0.711592
0.446978 -51.290540 260.551658 2305.795291 -0.121083 -0.899336 -0.420158 0.895775 0.083378 -0.436618 0.427698 -0.429235 0.795507
2.276953 -46.915249 -60.895046 967.502134 0.128457 0.902164 0.411824 0.818604 0.137952 -0.557545 0.559809 -0.408741 0.720794
3.156900 -47.284948 153.294586 -697.238877 0.149092 0.907179 0.393443 0.722472 0.171727 -0.669735 0.675134 -0.384103 0.629808
3.195882 -46.939978 -224.326801 -757.877153 0.176040 0.902327 0.393467 0.711974 0.159315 -0.683894 0.679782 -0.400531 0.614388
1.478132 -104.484593 5113.305906 7770.791884 0.281304 -0.821603 -0.495819 0.958586 0.216627 0.184892 -0.044500 -0.527296 0.848516
7.101618 -89.105515 2685.747289 7590.051763 0.202780 -0.873389 -0.442801 0.972207 0.233606 -0.015548 0.117020 -0.427341 0.896485
2.014897 -92.327952 471.295350 13512.135706 0.239775 -0.871634 -0.427506 0.966907 0.253944 0.024548 0.087166 -0.419245 0.903679
-4.524771 -109.926843 -1700.784365 6944.618687 0.280059 -0.874083 -0.396921 0.940545 0.167054 0.295750 -0.192203 -0.456150 0.868899
8.713644 -96.689757 966.694595 3091.796831 0.036301 0.926459 0.374641 -0.234106 -0.356573 0.904461 -0.971533 0.120538 -0.203946
7.676983 -102.633278 1444.921124 2228.266520 0.039955 0.920001 0.389874 -0.433801 -0.335524 0.836206 -0.900122 0.202539 -0.385692
4.428118 -96.124729 1385.755550 2886.258528 0.071550 0.924390 0.374679 -0.216574 -0.352282 0.910491 -0.973641 0.146292 -0.174993
5.637428 -87.934411 1067.566022 2821.155811 0.062640 0.926722 0.370491 -0.023639 -0.369738 0.928835 -0.997756 0.066941 0.001253
1.907951 -87.583664 1051.958367 3644.399203 0.080209 0.927413 0.365337 0.002413 -0.366698 0.930337 -0.996775 0.073739 0.031650
-0.252437 -97.908521 1308.452427 3311.107220 0.086426 0.931217 0.354070 -0.198129 -0.332235 0.922152 -0.976358 0.149849 -0.155788
-8.011618 -21.920443 -1455.486549 1780.712242 0.336991 0.929494 0.149930 -0.590010 0.332583 -0.735715 0.733707 -0.159469 -0.660488
-5.280668 -17.705566 -1648.991991 -342.035650 0.534926 0.754410 0.380421 -0.471043 0.640076 -0.606977 0.701408 -0.145493 -0.697753
-11.697896 -25.991448 -2343.816292 -731.365766 0.453003 0.836887 0.307261 -0.533533 0.530613 -0.658629 0.714235 -0.134427 -0.686876
-13.213505 -29.665391 -2057.213931 3314.472894 0.175149 0.983652 -0.041855 -0.629426 0.079183 -0.773016 0.757064 -0.161738 -0.633005
-9.375002 -30.405007 -1116.142210 3654.135144 0.203201 0.978795 -0.025867 -0.601778 0.104004 -0.791863 0.772381 -0.176473 -0.610151
14.329448 -48.610024 -2569.304334 -114.379583 -0.150404 0.988008 0.034915 0.851903 0.147443 -0.502516 0.501637 0.045836 0.863863
14.716547 -49.197140 -1272.079032 -162.091256 -0.161102 0.986135 0.039792 0.779166 0.151830 -0.608151 0.605761 0.066969 0.792823
10.653763 -49.308769 686.007236 -19.614341 -0.126474 0.991409 0.033343 0.841917 0.125057 -0.524916 0.524577 0.038316 0.850500
9.405195 -48.312656 -322.899339 -249.221663 -0.121873 0.992064 0.030908 0.903101 0.123755 -0.411210 0.411772 0.022202 0.911016
9.300965 -48.667078 1025.343559 -302.379601 -0.095335 0.994938 0.031771 0.896429 0.099686 -0.431832 0.432813 0.012689 0.901394
11.827727 -49.947778 1141.449474 -153.858243 -0.091294 0.995112 0.037645 0.833990 0.097061 -0.543176 0.544175 0.018193 0.838775
11.543237 -120.431336 172.014608 2627.168359 0.740178 -0.284686 0.609172 -0.659751 -0.482445 0.576173 -0.129864 0.828372 0.544917
10.797243 -119.234901 719.520817 2718.229304 0.736482 -0.316852 0.597661 -0.667188 -0.486000 0.564503 -0.111599 0.814499 0.569330
10.708720 -115.398303 418.735330 3360.770582 0.748480 -0.284972 0.598806 -0.607927 -0.655617 0.447874 -0.264956 0.699255 0.663958
10.276855 -117.432001 -216.698653 1930.994999 0.748522 -0.253623 0.612691 -0.601877 -0.647654 0.467214 -0.278316 0.718484 0.637433
10.574377 -120.448183 -521.256914 2015.827839 0.742162 -0.251028 0.621434 -0.653164 -0.478748 0.586666 -0.150241 0.841300 0.519271
-5.788087 -108.011966 -200.806260 79.605068 0.277370 0.935836 0.217431 -0.256752 0.290281 -0.921854 0.925821 -0.199869 -0.320793
-6.961466 -100.771114 -543.128651 286.835987 0.258387 0.946078 0.195379 -0.442177 0.295642 -0.846803 0.858904 -0.132411 -0.494724
-7.882965 -103.043524 -446.119010 -98.742916 0.261288 0.938951 0.223829 -0.257406 0.291266 -0.921361 0.930307 -0.183126 -0.317796
21.153679 -122.755849 -7180.079827 11674.968351 0.819885 -0.170556 0.546534 0.058675 0.974602 0.216121 -0.569514 -0.145127 0.809069
37.723022 -117.222396 -10567.792201 9767.185547 0.848665 -0.113222 0.516670 0.005282 0.978586 0.205769 -0.528904 -0.171900 0.831090
30.687912 -114.199852 -9896.808741 -5734.333641 0.818609 -0.166847 0.549582 -0.090638 0.907358 0.410471 -0.567154 -0.385828 0.727649
41.224257 -103.472622 -13086.410837 24327.386644 0.813959 -0.175380 0.553817 0.227223 -0.781272 -0.581364 -0.534641 -0.599046 0.596073
18.690900 -105.965668 -3793.946674 -20262.608276 0.823250 -0.209534 0.527593 -0.152273 0.813818 0.560814 -0.546875 -0.542029 0.638069
11.894801 -131.904761 1022.903833 14801.038889 0.849627 -0.071235 0.522550 -0.475723 -0.531209 0.701074 -0.227642 0.844241 0.485217
4.953599 -118.862075 1255.177567 10084.269024 0.855786 -0.082961 0.510635 -0.433870 -0.652686 0.621094 -0.281758 0.753073 0.594554
9.536127 -114.797067 697.371995 9783.083820 0.862664 -0.041486 0.504073 -0.396428 -0.674382 0.622940 -0.314094 0.737216 0.598211
7.956175 -11.780046 5207.359542 1510.166546 0.084177 0.742652 0.664366 -0.758120 0.480416 -0.440970 0.646659 0.466549 -0.603460
8.887266 -15.215813 4828.193053 382.601953 -0.049313 0.838750 0.542280 -0.737339 0.335664 -0.586226 0.673721 0.428753 -0.601890
0.496828 -11.033771 2664.341305 -685.605737 0.156877 0.703207 0.693462 -0.718915 0.562745 -0.408019 0.677164 0.434531 -0.593828
19.437907 -18.028712 5707.646560 2213.770366 -0.059054 0.856415 0.512900 -0.762915 0.292639 -0.576475 0.643796 0.425342 -0.636090
-1.444700 -10.054480 -2414.608227 879.972757 -0.401025 -0.449760 -0.798057 -0.634308 0.764878 -0.112321 0.660933 0.461170 -0.592021
20.125411 -9.993471 6345.104681 5086.806606 0.002898 0.801966 0.597363 -0.792807 0.365918 -0.487403 0.609466 0.472181 -0.636864
5.193509 -6.175244 5584.337364 4754.521686 0.206599 0.623127 0.754341 -0.750864 0.595280 -0.286087 0.627312 0.507302 -0.590867
63.271711 -109.293485 -5180.069095 6917.678271 0.916157 0.067092 0.395164 -0.148516 0.972538 0.179202 -0.372288 -0.222865 0.900962
53.126681 -112.406547 -12137.307579 8087.387012 0.880131 -0.031634 0.473675 -0.067875 0.979141 0.191508 -0.469853 -0.200703 0.859626
46.035120 -103.165191 -3068.920607 10124.041544 0.915867 0.013943 0.401241 -0.024208 0.999496 0.020525 -0.400752 -0.028512 0.915743
46.110677 -99.962381 5378.008115 9103.919151 0.940289 0.115483 0.320187 -0.119614 0.992797 -0.006805 -0.318667 -0.031901 0.947330
60.345748 -106.266683 7527.938936 5960.989959 0.938396 0.180098 0.294919 -0.233686 0.959446 0.157653 -0.254566 -0.216860 0.942427
18.097278 -275.043317 7318.883492 -20678.398440 0.756268 -0.144699 0.638060 -0.145985 0.913329 0.380156 -0.637767 -0.380647 0.669598
17.976777 -310.759982 9873.006542 -9292.802463 0.757115 -0.208355 0.619165 0.066343 0.967399 0.244415 -0.649905 -0.143973 0.746255
4.415361 -293.500102 1653.333843 -21959.614314 0.757173 -0.160954 0.633074 0.071335 0.983746 0.164790 -0.649308 -0.079614 0.756347
9.337050 -265.218777 1844.267423 -27039.436003 0.772974 -0.102357 0.626127 -0.057714 0.971463 0.230062 -0.631808 -0.213968 0.745008
15.926365 -204.391821 -49680.311994 -81096.573232 0.920068 -0.316938 0.230271 0.371901 0.521861 -0.767692 -0.123141 -0.791967 -0.598018
49.009173 -244.049721 -57238.921563 -64071.991212 0.911027 -0.347110 0.222584 0.403406 0.638475 -0.655449 -0.085398 -0.686924 -0.721695
-5.034398 -272.400106 -17597.136695 -75520.955466 0.947378 -0.239070 0.212887 0.319873 0.680963 -0.658764 -0.012523 -0.692195 -0.721602
51.789261 -289.031552 -50868.283316 -24321.488631 0.920562 -0.319892 0.224133 0.388730 0.806362 -0.445724 0.038148 -0.497444 -0.866657
4.760244 -333.734425 -23394.851068 -7656.326664 0.949827 -0.246880 0.192041 0.303384 0.876538 -0.373683 0.076076 -0.413196 -0.907459
-26.793099 -340.219956 4581.964154 -59571.459109 0.962605 -0.136808 0.233825 0.252678 0.764665 -0.592824 0.097695 -0.629738 -0.770639
-5.890593 -109.419808 -2920.723342 -8412.959590 0.798302 -0.295304 0.524891 -0.567916 -0.079012 0.819285 0.200465 0.952131 0.230783
-3.899948 -128.900938 -4588.278747 -12494.665920 0.772214 -0.313374 0.552704 -0.607448 -0.109124 0.786829 0.186258 0.943339 0.274625
-5.300204 -122.542230 -4941.136949 -7391.275738 0.738492 -0.319715 0.593644 -0.672089 -0.278402 0.686140 0.054097 0.905690 0.420475
-5.774715 -111.212333 -2678.358128 -4749.693791 0.777243 -0.299376 0.553414 -0.623582 -0.249243 0.740961 0.083891 0.921006 0.380408
-6.049600 -100.840199 -3299.168624 -11077.639741 0.792354 -0.296222 0.533317 -0.578452 -0.087058 0.811057 0.193824 0.951143 0.240331
-0.433305 -39.939318 -2603.798770 -2607.577670 -0.347279 -0.834296 0.428191 0.883014 -0.137194 0.448848 -0.315727 0.533974 0.784339
-1.796753 -36.844488 -2640.098490 -2199.549840 -0.271497 -0.843302 0.463823 0.885733 -0.030393 0.463200 -0.376520 0.536580 0.755191
-7.669547 -43.715070 -4238.908270 -2708.494901 -0.338334 -0.835245 0.433469 0.884688 -0.125333 0.449020 -0.320714 0.535404 0.781336
-5.126959 -46.625310 -3845.038104 -2894.883115 -0.392192 -0.826833 0.403154 0.883596 -0.216731 0.415073 -0.255820 0.519014 0.815586
0.441303 -44.336908 -3189.415785 -3362.314246 -0.402264 -0.819378 0.408415 0.879966 -0.222919 0.419484 -0.252673 0.528135 0.810697
-64.209237 -85.219068 -1770.730993 7074.264002 0.876764 0.059959 0.477169 -0.013044 0.994797 -0.101034 -0.480744 0.082359 0.872984
-66.418560 -85.858424 1095.050922 6042.315723 0.913220 0.147067 0.380000 -0.108363 0.986666 -0.121439 -0.392792 0.069723 0.916980
-63.282724 -74.770813 -3052.482500 9151.471935 0.877612 0.099625 0.468905 0.017686 0.970771 -0.239354 -0.479045 0.218353 0.850199
3.687973 -53.931741 -225.238922 -890.197300 -0.091530 0.970247 0.224151 -0.594270 -0.233840 0.769521 -0.799040 0.062772 -0.597992
3.263121 -52.088617 -486.770552 -509.526732 -0.082862 0.977956 0.191667 -0.680918 -0.195992 0.705647 -0.727657 0.072038 -0.682148
4.367107 -54.269240 -253.992723 -335.664761 -0.071122 0.976305 0.204379 -0.700269 -0.194785 0.686791 -0.710328 0.094274 -0.697529
-1707.892696 -2980.693181 -1229976.454189 1264327.406978 -0.423079 -0.601489 0.677654 0.852562 -0.517512 0.072932 0.306826 0.608598 0.731755
-2053.731705 -3124.760644 1547202.123448 1570069.538790 0.813564 0.266686 -0.516713 -0.367538 0.924446 -0.101561 0.450589 0.272538 0.850113
-2666.054175 -11185.520736 -1517942.051817 -4880434.063618 -0.504732 -0.256116 0.824409 0.723957 -0.645775 0.242611 0.470246 0.719291 0.511361
-1874.551488 -2882.884420 -1285803.004380 589483.138871 -0.050980 -0.459889 0.886512 0.998177 0.005239 0.060120 -0.032293 0.887961 0.458783
2871.253722 -514.854430 3810513.856071 310874.176253 0.595131 -0.557984 -0.578337 -0.096271 0.664972 -0.740637 0.797842 0.496453 0.342028
133.902244 -1.835189 52683.113705 67033.454405 0.751151 -0.476791 0.456555 -0.656258 -0.464544 0.594579 0.071400 0.746237 0.661841
88.860107 -2678.088140 -49365.564766 -1076745.108327 -0.594669 -0.012527 0.803873 0.671336 -0.557882 0.487930 0.442354 0.829826 0.340165
-16.814716 -259.301705 4331.059340 -104380.010708 -0.046477 0.003617 -0.998913 0.993388 -0.104922 -0.046600 -0.104976 -0.994474 0.001283
-25.971355 -664.441122 -2061.894371 -194478.476519 0.124208 0.036322 -0.991591 0.991256 -0.049391 0.122357 -0.044532 -0.998119 -0.042139
-28.201760 -1012.443664 298.379878 -361388.169940 0.051725 -0.005388 -0.998647 0.998502 0.018118 0.051620 0.017816 -0.999821 0.006317
-29.911257 -982.448682 13321.991177 -414377.885445 -0.003871 -0.068999 -0.997609 0.999981 0.004605 -0.004199 0.004884 -0.997606 0.068979
153.371356 -65.267570 60272.607660 -7962.885972 0.801621 -0.028125 0.597171 0.594571 -0.066695 -0.801272 -0.062364 -0.997377 0.036742
17.556860 -69.482448 -568.354922 15359.512928 0.185629 0.021909 -0.982376 0.926511 -0.336901 0.167559 -0.327292 -0.941285 -0.082837
20.154140 -106.463612 -1576.663066 18267.751627 0.168832 -0.019737 -0.985447 0.870336 -0.466271 0.158450 -0.462612 -0.884422 -0.061543
18.524607 -73.037205 -1489.542757 14330.773010 0.125341 -0.002158 -0.992111 0.934406 -0.335822 0.118781 -0.333429 -0.941923 -0.040075
-41.713269 -58.500020 1107.923539 -19190.572385 -0.349325 0.706425 -0.615578 -0.648051 0.292352 0.703250 -0.676758 -0.644589 -0.355673
-47.673381 -57.624436 -861.986006 18513.180059 -0.010660 0.382394 -0.923938 0.790254 -0.562927 -0.242098 -0.612686 -0.732727 -0.296187
-41.943613 -76.897027 -6964.438045 -7045.370569 -0.333796 0.649699 -0.682988 -0.534180 0.466606 0.704933 -0.776680 -0.600142 -0.191305
-12.731701 -46.394156 30783.994882 -1851.720238 0.824657 -0.407265 -0.392524 -0.109613 0.565736 -0.817269 -0.554910 -0.716993 -0.421896
-36.030437 -50.850799 -9439.571833 -4251.965268 -0.697259 0.715961 0.035058 -0.318442 -0.353199 0.879685 -0.642202 -0.602204 -0.474263
31.160826 -47.563041 -13006.840621 20068.287063 -0.451874 -0.590400 0.668758 -0.479399 0.792926 0.376093 -0.752321 -0.150655 -0.641339
-3.010404 -212.782965 24171.730165 90336.807663 0.261589 0.849829 -0.457560 -0.502274 0.524679 0.687337 -0.824192 -0.050021 -0.564098
-5.089146 -243.804030 9418.912547 111140.598248 0.121252 0.897433 -0.424161 -0.455019 0.430025 0.779767 -0.882188 -0.098453 -0.460490
-198.213281 -969.995344 42107.981749 375239.214059 0.018604 0.976299 -0.215625 -0.396479 0.205185 0.894821 -0.917855 -0.068843 -0.390899
-13.007978 -285.006183 -3714.505667 125051.991738 -0.084551 0.888396 -0.451225 -0.600486 0.315946 0.734571 -0.795152 -0.333063 -0.506756
9.432622 -11.701067 3019.354774 -520.853393 0.580520 0.812472 -0.053720 0.507126 -0.309152 0.804517 -0.637040 0.494281 0.591495
6.090040 -13.113259 3930.414804 -1514.734807 0.550312 0.821425 -0.149727 0.560287 -0.230339 0.795627 -0.619060 0.521733 0.586992
11.727565 -11.389134 1824.509675 -309.516436 0.596978 0.802227 -0.006923 0.487491 -0.355887 0.797306 -0.637157 0.479349 0.603536
14.091409 -10.968136 -136.631293 -1019.375850 0.586132 0.809144 0.041664 0.459446 -0.374292 0.805491 -0.667353 0.452981 0.591142
11.843847 -9.880251 1523.867037 -349.079470 0.570622 0.821019 -0.017839 0.486210 -0.320258 0.813040 -0.661809 0.472612 0.581934
42.936013 -70.555557 16010.033795 -8622.355694 0.419171 0.486199 0.766751 0.519957 0.563758 -0.641733 -0.744272 0.667673 -0.016492
59.667110 -51.967818 6305.079197 3198.966688 0.408374 0.583801 0.701717 -0.396596 -0.578915 0.712439 -0.822157 0.569240 0.004881
63.115936 -66.893803 16145.765646 -4519.702321 0.339320 0.526165 0.779752 0.538494 0.571017 -0.619647 -0.771288 0.630151 -0.089579
39.354357 -69.021719 3815.477794 -10744.571777 0.422096 0.514504 0.746405 0.481809 0.570117 -0.665453 -0.767916 0.640509 -0.007249
27.318427 -87.632796 3181.806016 -13904.570630 0.418923 0.479617 0.771020 0.585820 0.506010 -0.633063 -0.693771 0.716883 -0.068990
0.880805 -37.733851 -1124.867459 -3283.208958 -0.021525 0.999092 0.036772 0.259394 -0.029940 0.965307 -0.965532 -0.030317 0.258514
-1.952270 -36.444512 -758.601708 -3499.109307 -0.037645 0.998516 -0.039360 0.240938 0.047296 0.969388 -0.969810 -0.027009 0.242361
4.418033 -28.758618 -1367.983512 -5032.964150 -0.021219 0.998497 0.050538 0.159276 -0.046528 0.986137 -0.987006 -0.028974 0.158049
6.172031 -35.520019 -2526.901594 -4089.001248 -0.004548 0.993449 0.114188 0.231805 -0.110031 0.966519 -0.972752 -0.030865 0.229786
3.210824 -42.377440 -2827.853344 -2006.683772 -0.006811 0.993750 0.111422 0.337613 -0.102597 0.935677 -0.941260 -0.043991 0.334804
4.112051 -68.115835 -949.754499 2650.648593 0.251391 0.963216 -0.094958 -0.804412 0.262484 0.532938 -0.538260 0.057591 -0.840809
5.962946 -71.922098 -443.919702 2638.256731 0.249100 0.966413 -0.063206 -0.806703 0.243160 0.538612 -0.535891 0.083179 -0.840180
3.296429 -63.950894 -709.704420 734.774990 0.206660 0.976772 -0.056640 -0.706652 0.189047 0.681839 -0.676708 0.100884 -0.729307
6.815119 -73.020048 -769.221298 1937.404823 0.279571 0.956199 -0.086735 -0.887318 0.291822 0.357082 -0.366753 0.022868 -0.930037
4.155022 -70.617661 -1221.036396 2300.680171 0.280145 0.953052 -0.114937 -0.883191 0.302804 0.358168 -0.376156 -0.001172 -0.926556
-1.590061 -130.389707 -364.032905 -7882.751259 0.348622 0.933800 -0.080494 -0.515412 0.262733 0.815672 -0.782824 0.242874 -0.572887
-0.481017 -139.008231 -320.952763 -8423.171295 0.364872 0.925726 -0.099494 -0.515552 0.289866 0.806340 -0.775290 0.242917 -0.583024
-0.135099 -140.441263 -431.098627 -3456.968392 0.330670 0.942011 -0.057199 -0.273548 0.153677 0.949503 -0.903232 0.298325 -0.308501
-1.819283 -120.880187 -243.711603 -9424.847654 0.384559 0.915040 -0.121724 -0.695743 0.373975 0.613257 -0.606676 0.151145 -0.780448
-1.538604 -133.121593 -440.368879 -4528.811947 0.323831 0.945347 -0.038111 -0.284573 0.135739 0.948996 -0.902304 0.296469 -0.312976
-2.923833 -113.299180 -289.512551 -7477.060851 0.370624 0.922867 -0.104666 -0.693986 0.350061 0.629159 -0.617270 0.160544 -0.770197
-2.862991 -123.710709 -378.873470 -8101.450894 0.341132 0.938057 -0.060641 -0.524376 0.243441 0.815945 -0.780166 0.246546 -0.574940
70.905007 -21.962174 1542.968816 -16638.988592 -0.119213 0.697655 -0.706445 -0.551515 0.545121 0.631407 -0.825603 -0.464887 -0.319781
77.941901 -5.986823 3502.254609 -6118.110625 -0.086301 0.711591 -0.697274 -0.523409 0.563130 0.639474 -0.847700 -0.420147 -0.323855
70.228991 -18.618411 3465.269560 -13336.475145 -0.063164 0.774279 -0.629685 -0.531303 0.508015 0.677966 -0.844824 -0.377376 -0.379289
31.569195 -36.780570 -665.176282 4729.255702 0.309904 -0.372436 0.874786 0.466223 0.861397 0.201571 -0.828611 0.345378 0.440589
24.996229 -40.343584 -3533.757592 7332.246543 0.215835 -0.446507 0.868359 0.442174 0.837602 0.320787 -0.870573 0.314729 0.378218
22.982554 -30.671773 -6723.928298 2886.368706 0.257769 -0.368191 0.893303 0.472307 0.854573 0.215940 -0.842900 0.366251 0.394182
32.309337 -30.060690 -2875.989903 754.017537 0.371002 -0.263096 0.890583 0.473589 0.878544 0.062250 -0.798793 0.398675 0.450541
34.388104 -34.002989 8244.849610 1257.430435 0.416310 -0.303746 0.856985 0.485505 0.871187 0.072929 -0.768747 0.385709 0.510154
29.777720 -39.931435 4766.861917 4737.925056 0.382369 -0.382225 0.841248 0.477110 0.861346 0.174499 -0.791303 0.334645 0.511715
4.017129 -116.422359 -248.828403 -8519.218534 0.825879 0.397027 0.400366 -0.541547 0.756252 0.367164 0.157004 0.520050 -0.839582
4.568921 -123.648671 403.352288 -2104.920364 0.815700 0.404846 0.413199 -0.576834 0.623020 0.528307 0.043548 0.669287 -0.741726
4.388591 -113.673761 824.067474 -6728.834803 0.820483 0.405404 0.403057 -0.549051 0.755196 0.358081 0.159220 0.515098 -0.842213
2.906406 -102.948712 55.850216 -9326.938668 0.829681 0.397939 0.391502 -0.500443 0.840963 0.205762 0.247358 0.366641 -0.896877
4.494408 -101.448122 837.718501 -7102.244604 0.821267 0.416625 0.389799 -0.511615 0.840162 0.179940 0.252527 0.347206 -0.903149
6.972173 -110.380724 1345.180907 -6388.960857 0.811408 0.429364 0.396565 -0.561402 0.761307 0.324406 0.162620 0.485858 -0.858776
2.823664 -81.000033 -616.522881 -766.028157 0.146359 0.988000 0.049347 0.045406 -0.056541 0.997367 -0.988189 0.143733 0.053137
1.092550 -79.020666 -856.299008 -551.874660 0.133969 0.989103 0.061048 0.018130 -0.064039 0.997783 -0.990820 0.132565 0.026511
1.907582 -75.587493 -387.626995 -2170.918413 0.144250 0.988811 0.038004 -0.204330 -0.007814 0.978871 -0.968215 0.148967 -0.200917
-8.045267 -104.935544 -2944.255987 7827.339446 0.482776 0.865596 0.132934 0.144040 0.071243 -0.987004 0.863817 -0.495649 0.090286
-15.381037 -106.831800 701.453170 3813.562422 0.410660 0.910262 0.052737 0.150839 -0.010781 -0.988500 0.899225 -0.413891 0.141730
-13.933111 -118.739927 -1617.442689 4515.505899 0.458270 0.880716 0.119699 0.335336 -0.046603 -0.940945 0.823127 -0.471346 0.316692
-3.304112 -118.709792 -4973.791179 7599.321979 0.512174 0.834590 0.202823 0.342994 0.017749 -0.939170 0.787422 -0.550585 0.277169
-13.046419 -124.449092 -2471.769703 1761.874926 0.459969 0.871665 0.169203 0.526271 -0.114143 -0.842621 0.715170 -0.476626 0.511234
-17.811779 -118.250055 261.566340 1544.578179 0.403952 0.907012 0.118964 0.542086 -0.132589 -0.829797 0.736863 -0.399687 0.545238
-4.851445 -137.241266 4100.089642 27738.381644 0.712755 0.242918 0.658005 -0.406986 -0.620814 0.670039 -0.571263 0.745373 0.343624
-0.048301 -139.131340 4243.758250 33123.360629 0.690992 0.207646 0.692397 -0.435306 -0.645169 0.627905 -0.577095 0.735282 0.355417
-10.332138 -177.433826 2551.302975 33767.771057 0.711157 0.263972 0.651594 -0.505688 -0.451808 0.734949 -0.488401 0.852167 0.187819
1.796566 -101.239277 5219.781300 -24839.339494 0.701541 0.197408 0.684741 0.337061 0.754674 -0.562901 -0.627877 0.625698 0.462896
-14.816415 -170.662466 1629.989876 26648.778095 0.714398 0.313289 0.625687 -0.460389 -0.462927 0.757457 -0.526951 0.829186 0.186479
-8.818682 -127.579339 2951.672996 25269.921744 0.715133 0.289316 0.636302 -0.341362 -0.649824 0.679118 -0.609964 0.702869 0.365949
-34.592599 -98.894444 1583.588803 3053.677364 0.778309 0.226963 0.585425 -0.471971 -0.403443 0.783886 -0.414099 0.886409 0.206883
-27.587548 -95.879758 3900.574425 3564.111575 0.824520 0.212480 0.524423 -0.425252 -0.378702 0.822037 -0.373267 0.900798 0.221890
-23.646873 -105.252898 3646.494505 -1316.732781 0.824962 0.243163 0.510205 -0.489051 -0.145393 0.860052 -0.283313 0.959027 0.001024
-27.002336 -107.573487 1354.786794 -1385.493475 0.775065 0.263248 0.574435 -0.546365 -0.177482 0.818526 -0.317427 0.948262 -0.006270
-16.157871 -103.942550 5902.335784 -3617.118399 0.814074 0.245070 0.526520 -0.557523 0.075891 0.826685 -0.162638 0.966531 -0.198413
-11.093560 -101.316409 1949.865438 -3299.527316 0.857350 0.244963 0.452707 -0.486824 0.100217 0.867732 -0.167193 0.964339 -0.205175
-39.130985 -85.961315 2482.614075 10601.573706 0.466429 0.636406 0.614355 0.865568 -0.185231 -0.465275 -0.182306 0.748784 -0.637250
-26.638090 -87.961550 5890.227567 10158.578340 0.485001 0.588059 0.647271 0.857398 -0.174036 -0.484335 -0.172169 0.789872 -0.588608
-30.759453 -86.583511 4434.186146 314.302164 0.298366 0.654067 0.695107 0.952920 -0.162901 -0.255746 -0.054041 0.738688 -0.671878
-40.822421 -78.303998 1080.230991 4450.801037 0.377268 0.673248 0.635929 0.924211 -0.229819 -0.304987 -0.059183 0.702795 -0.708926
-63.964774 -91.196987 12694.924459 6945.058680 0.644747 0.618595 0.449045 0.739819 -0.357227 -0.570137 -0.192273 0.699806 -0.687970
94.089022 -299.928096 11147.965794 10355.742975 -0.492888 -0.532976 -0.687748 0.128891 0.736986 -0.663505 0.860493 -0.415678 -0.294555
88.115639 -279.609484 24146.632196 20162.654069 -0.607203 -0.439066 -0.662213 0.130144 0.767231 -0.628028 0.783816 -0.467523 -0.408723
99.770725 -287.629690 16874.731359 -16806.240956 -0.582678 -0.426061 -0.692068 0.395473 0.595294 -0.699447 0.709991 -0.681247 -0.178369
68.267860 -283.390513 16991.278145 20780.224630 -0.557601 -0.522265 -0.645229 -0.139945 0.825300 -0.547079 0.818228 -0.214756 -0.533276
335.213715 -7135.285673 -2185892.436639 25598949.982928 -0.462341 0.602974 0.650126 0.267716 0.793903 -0.545936 -0.845322 -0.078360 -0.528480
-2811.641355 -13328.421313 871264.439187 -3171313.256710 0.266123 0.645026 0.716324 0.132024 0.711728 -0.689937 -0.954855 0.278180 0.104248
-591.703603 -14400.786095 108766.342568 15593933.580819 0.540300 0.690051 0.481566 0.841071 -0.460553 -0.283710 0.026013 0.558319 -0.829218
-1192.859478 -9083.814454 -366288.335139 10882161.407274 -0.310859 -0.210663 -0.926816 0.899270 -0.380878 -0.215047 -0.307702 -0.900307 0.307842
-6879.569216 -12852.587358 5773116.471594 734724.433327 0.532062 0.696653 -0.481233 0.803901 -0.594065 0.028818 -0.265808 -0.402197 -0.876119
17.153104 -40.628644 6850.935946 -1983.273664 -0.028693 0.998122 -0.054123 -0.903595 -0.049052 -0.425569 0.427425 -0.036694 -0.903306
21.952069 -39.664199 2478.579301 -1855.349610 -0.026634 0.992338 -0.120648 -0.910035 -0.074014 -0.407870 0.413674 -0.098931 -0.905034
17.263259 -37.510369 4026.279874 -1563.718116 -0.001927 0.997855 -0.065441 -0.867158 -0.034259 -0.496854 0.498030 -0.055790 -0.865363
14.725426 -35.221654 925.578124 -608.414604 0.047273 0.997067 -0.060186 -0.829374 0.005599 -0.558666 0.556691 -0.076327 -0.827206
12.515482 -39.354057 3348.202892 135.364050 0.047122 0.998762 -0.015952 -0.819189 0.029501 -0.572764 0.571584 -0.040058 -0.819565
-15.296582 -51.564030 883.964711 4859.454387 0.608371 0.482296 0.630298 0.752449 -0.603074 -0.264807 0.252401 0.635368 -0.729795
-14.934296 -44.849336 2148.941556 3190.512945 0.523466 0.522724 0.672862 0.777278 -0.616453 -0.125796 0.349031 0.588850 -0.728994
-19.251698 -44.021905 1704.737652 3024.248858 0.637026 0.456882 0.620852 0.704145 -0.672621 -0.227511 0.313652 0.582100 -0.750188
-15.817348 -50.189313 -865.390413 -3981.999035 0.728175 0.408278 0.550519 -0.647137 0.674145 0.356010 0.225778 0.615498 -0.755107
-20.405765 -50.675006 6972.117059 2383.601952 0.222811 0.831117 -0.509510 0.514507 0.343675 0.785601 -0.828032 0.437187 0.351041
-34.386029 -56.113684 8954.458614 2357.458786 0.120447 0.784888 -0.607818 0.486729 0.486940 0.725248 -0.865209 0.383197 0.323378
-33.801740 -51.801161 8554.618161 2801.262951 0.165004 0.837037 -0.521673 0.550739 0.360588 0.752770 -0.818205 0.411515 0.401491
-23.983043 -45.457743 7652.356411 2274.539688 0.290365 0.870296 -0.397836 0.568711 0.177410 0.803177 -0.769582 0.459468 0.443433
-8.492838 -44.308108 3604.123109 2840.935922 0.248342 0.841680 -0.479479 0.553386 0.282987 0.783379 -0.795041 0.459883 0.395496
-7.873748 -48.754490 3446.150348 2654.342499 0.231305 0.831528 -0.505033 0.494766 0.346428 0.796991 -0.837678 0.434221 0.331282
-12.247519 -41.813375 4434.437557 2707.679225 0.283560 0.858796 -0.426688 0.579777 0.200887 0.789622 -0.763840 0.471290 0.440947
-2.833044 -74.651923 -388.094898 -1512.357173 0.144551 0.987410 0.064231 -0.052991 -0.057095 0.996961 -0.988077 0.147516 -0.044071
-3.768994 -75.982409 -184.350504 -202.123777 0.154366 0.984556 0.082584 0.165067 -0.108111 0.980339 -0.974127 0.137699 0.179206
-3.258367 -72.325157 66.563828 -2014.727244 0.159496 0.985659 0.055104 -0.083021 -0.042229 0.995653 -0.983701 0.163378 -0.075095
-21.783467 -26.136150 -1999.689689 -6386.309762 0.328649 0.004351 0.944442 -0.242177 0.966943 0.079819 -0.912875 -0.254955 0.318838
-24.101773 -34.345034 -1826.298592 -4028.610845 0.337357 -0.052872 0.939891 -0.155069 0.981661 0.110881 -0.928517 -0.183154 0.322971
-17.141183 -28.641539 -2546.477878 -4743.497512 0.219727 0.241105 0.945298 -0.280381 0.943704 -0.175526 -0.934402 -0.226476 0.274958
-10.952210 -19.374957 -4396.132488 -3614.053048 0.032471 0.653398 0.756318 -0.400405 0.701843 -0.589146 -0.915763 -0.283703 0.284414
-6.587780 -22.141345 -2738.795019 -3842.551857 0.096788 0.515576 0.851360 -0.335456 0.822227 -0.459797 -0.937071 -0.241091 0.252535
-12.056145 -30.594667 -2244.866043 -2106.103342 0.175839 0.287527 0.941493 -0.234753 0.941050 -0.243548 -0.956019 -0.178193 0.232971
-244.626053 -970.473302 128979.256811 181984.704099 0.998071 0.037254 -0.049656 -0.030473 -0.402865 -0.914752 0.054083 -0.914501 0.400953
-491.100672 -2110.881870 202631.662054 118876.929551 0.994007 0.109303 0.001810 0.090819 -0.816475 -0.570193 0.060846 -0.566940 0.821509
-860.858191 -1544.795892 374144.329679 679828.454748 0.959916 0.113190 0.256417 0.275427 -0.550577 -0.788039 -0.051979 -0.827075 0.559683
-273.588013 -2612.588647 115294.300077 592979.512032 0.973123 -0.024288 -0.229002 -0.228858 0.008563 -0.973422 -0.025604 -0.999668 -0.002775
-116.436336 -1892.899449 23772.423249 -180937.494615 0.960634 -0.078995 -0.266350 -0.268918 -0.023677 -0.962872 -0.069755 -0.996594 0.043988
-834.323773 -1258.667712 468101.009671 -126795.651259 0.996892 -0.029993 -0.072845 -0.076915 -0.170667 -0.982322 -0.017030 -0.984872 0.172444
-55.530082 -84.254464 499.797105 8011.321943 0.357208 -0.924765 0.131193 0.932137 0.361877 0.012840 -0.059349 0.117703 0.991274
-48.440489 -77.605103 1299.039040 6067.460418 0.005807 -0.979240 0.202619 0.999402 0.012588 0.032194 -0.034076 0.202311 0.978728
-43.593056 -70.800581 118.081333 6980.306914 -0.201453 -0.934709 0.292808 0.978009 -0.208426 0.007529 0.053992 0.287886 0.956142
80.399218 -112.974241 -18123.426286 28439.078831 0.464524 -0.857616 -0.220707 0.855959 0.370929 0.360203 -0.227050 -0.356239 0.906390
89.910621 -82.593248 -19267.720646 20419.740928 0.537054 -0.803499 -0.256831 0.839122 0.477727 0.260098 -0.086293 -0.355199 0.930799
80.512680 -62.016404 -18937.967518 8349.671978 0.552093 -0.803164 -0.223878 0.831760 0.511836 0.214940 -0.058044 -0.304879 0.950621
-5.123624 -27.740931 6110.859781 8798.520864 0.503432 0.789218 -0.351697 0.586141 -0.611003 -0.532084 0.634819 -0.061724 0.770192
9.890159 -19.486732 10801.775087 -5295.348595 0.611479 0.620443 -0.491063 -0.446668 0.782934 0.433014 0.653131 -0.045437 0.755881
-1.418481 -31.190895 4586.074878 9535.415509 0.402840 0.872274 -0.277231 0.698694 -0.488729 -0.522466 0.591225 -0.016771 0.806332
4.190771 -124.152179 -1435.300110 1882.966471 0.761027 -0.184228 0.622012 0.401788 0.886643 -0.228977 -0.509319 0.424174 0.748780
-0.213001 -124.914345 -1536.828572 217.297887 0.761045 -0.171348 0.625660 0.390085 0.891503 -0.230341 -0.518309 0.419360 0.745314
6.341594 -124.872615 -950.785896 1425.535163 0.769812 -0.188729 0.609730 0.287123 0.955567 -0.066730 -0.570044 0.226437 0.789795
1.258035 -124.222987 -1843.394993 -2561.102482 0.755988 -0.175644 0.630580 -0.499648 -0.777186 0.382537 -0.422888 0.604261 0.675303
7.103664 -120.577844 -899.478838 2244.643255 0.766662 -0.201413 0.609641 0.408057 0.885938 -0.220461 -0.495701 0.417787 0.761403
5.555620 -121.683576 -1580.478188 -2696.408577 0.755110 -0.194491 0.626085 -0.510667 -0.773367 0.375663 -0.411130 0.603388 0.683297
-8.278216 -47.940256 -1474.541245 679.972591 0.874470 -0.290169 0.388720 -0.066351 0.722272 0.688419 0.480520 0.627794 -0.612353
-6.694536 -49.887583 -1367.337576 890.468330 0.879523 -0.283504 0.382185 -0.098631 0.677100 0.729251 0.465523 0.679088 -0.567562
-8.118529 -49.250018 -2688.278913 -863.163807 0.876596 -0.268957 0.399052 -0.124529 0.674210 0.727965 0.464836 0.687825 -0.557516
-5.724953 -51.856620 -2092.605217 -1585.391633 0.886016 -0.297659 0.355492 -0.111391 0.607607 0.786388 0.450075 0.736351 -0.505193
-7.504172 -47.604545 -876.737343 -1123.432474 0.866888 -0.306348 0.393264 -0.068449 0.708267 0.702618 0.493782 0.636010 -0.593019
-8.321903 -52.155207 -369.021094 -1862.309703 0.857870 -0.282806 0.429045 -0.152979 0.656524 0.738629 0.490568 0.699283 -0.519949
-7.934569 -51.869070 -1905.578662 -2111.973281 0.871815 -0.271937 0.407417 -0.160500 0.627241 0.762108 0.462794 0.729808 -0.503192
-10.610099 -24.957235 839.929393 3091.494233 -0.210213 0.934444 0.287446 0.829239 0.014683 0.558701 -0.517854 -0.355808 0.777964
-11.653673 -32.266093 1215.440180 4048.423005 -0.187745 0.936643 0.295722 0.802379 -0.027398 0.596185 -0.566515 -0.349212 0.746399
-13.798818 -26.063749 1455.417383 3997.601524 -0.324013 0.917013 0.232601 0.790922 0.127663 0.598452 -0.519093 -0.377875 0.766650
-10.795065 -30.714463 -74.997182 2961.410150 -0.141684 0.940627 0.308457 0.808049 -0.070100 0.584930 -0.571824 -0.332124 0.750141
-7.711453 -19.389942 -2117.456259 1067.631429 -0.612614 0.790358 0.006213 0.625923 0.480329 0.614413 -0.482622 -0.380287 0.788960
-10.625897 -25.027654 -516.210477 2218.253112 -0.164792 0.939595 0.300009 0.837473 -0.027388 0.545792 -0.521040 -0.341191 0.782372
-7.635087 -18.617206 -679.897311 713.100905 -0.418996 0.895282 0.151369 0.771781 0.263337 0.578799 -0.478327 -0.359338 0.801299
-1.155063 -61.484361 105.511232 3684.583642 -0.075000 -0.900614 -0.428099 0.964360 0.043733 -0.260953 0.253740 -0.432413 0.865237
-2.090623 -58.230762 457.029100 3029.064626 -0.103460 -0.900184 -0.423042 0.961139 0.018965 -0.275414 0.255946 -0.435096 0.863240
-3.397167 -67.638260 237.184925 3409.276818 -0.054679 -0.903852 -0.424337 0.997380 -0.029285 -0.066143 0.047356 -0.426842 0.903086
-3.294247 -55.071684 660.558967 2454.342216 -0.132835 -0.901705 -0.411439 0.957072 -0.008797 -0.289716 0.257619 -0.432261 0.864166
-4.636185 -64.074520 499.284651 2968.114874 -0.074684 -0.906399 -0.415768 0.995713 -0.044965 -0.080832 0.054571 -0.420023 0.905871
12.121043 -105.485373 5732.670574 3816.419009 0.252468 -0.842192 -0.476416 0.958205 0.149148 0.244125 -0.134544 -0.518138 0.844648
14.605409 -103.354937 1885.531847 1552.392132 0.194448 -0.891924 -0.408241 0.978555 0.147545 0.143737 -0.067968 -0.427436 0.901487
8.873500 -89.568562 1140.029775 5740.621178 0.154506 -0.912345 -0.379149 0.964728 0.222104 -0.141313 0.213136 -0.343942 0.914482
6.256622 -76.503539 -258.574293 5329.967930 -0.147403 0.913922 0.378179 0.934545 0.253898 -0.249323 0.323881 -0.316674 0.891526
-5.373542 -26.395247 2298.987542 -3996.713685 -0.609981 -0.632469 -0.477395 -0.396359 0.765197 -0.507320 0.686165 -0.120236 -0.717440
7.965920 -116.747347 1396.483277 2717.077231 0.733314 -0.340218 0.588644 -0.672203 -0.492629 0.552685 -0.101950 0.800980 0.589947
9.169754 -121.407313 1135.999594 777.318457 0.725239 -0.337864 0.599897 -0.686765 -0.293219 0.665114 0.048817 0.894355 0.444687
4.300862 -119.679291 2359.696398 517.842926 0.728275 -0.353927 0.586815 -0.683130 -0.307086 0.662595 0.054308 0.883422 0.465421
11.804101 -124.095450 111.103731 -374.240264 0.724033 -0.314996 0.613640 -0.663782 -0.076315 0.744022 0.187534 0.946020 0.264343
7.852573 -121.868847 1782.972473 -241.492806 0.718935 -0.345817 0.602945 -0.665321 -0.091284 0.740955 0.201196 0.933851 0.295707
36.518073 -106.592795 -7561.117777 11107.289609 0.880324 -0.078415 0.467847 0.064470 0.996869 0.045774 -0.469971 -0.010134 0.882623
6.934268 -117.333523 -2642.638012 -8627.823931 0.786053 -0.061042 0.615138 0.386792 0.824808 -0.412412 0.482197 -0.562108 -0.671953
4.421538 -129.079164 4075.304676 -16162.283986 -0.828514 -0.012049 -0.559839 0.220410 0.912047 -0.345817 0.514766 -0.409908 -0.752988
1.348728 -113.728275 -1917.854973 -4230.633236 0.813803 -0.039549 0.579794 0.315653 0.867763 -0.383861 0.487943 -0.495401 -0.718672
4.912968 -135.708213 -3453.343366 -11611.307766 -0.783448 -0.023659 -0.621007 0.228644 0.918211 -0.323434 0.577868 -0.395383 -0.713962
-0.445601 -106.285635 -2933.694036 4037.363009 0.800147 -0.100671 0.591295 0.428348 0.785974 -0.445829 0.419860 -0.610009 -0.672017
9.324909 -131.431301 -2327.182203 -11441.809014 -0.765760 0.001657 -0.643124 0.325807 0.863179 -0.385709 0.554492 -0.504895 -0.661528
20.334818 -123.502267 -5647.863988 -21767.370175 0.773023 -0.066703 0.630861 0.435745 0.778568 -0.451617 0.461044 -0.624005 -0.630917
6.610220 -106.393833 -7764.064667 179.191959 0.787168 -0.145567 0.599314 0.499810 0.719882 -0.481623 0.361327 -0.678661 -0.639423
17.584797 -108.413797 -6616.857913 -12482.600056 0.759788 -0.119688 0.639059 0.514072 0.712366 -0.477771 0.398060 -0.691527 -0.602775
-5.423297 -141.967816 952.317703 5102.382606 0.759870 -0.133619 0.636194 -0.393972 0.683794 0.614176 0.517091 0.717336 -0.466953
-4.358274 -145.836965 1796.623717 -445.991567 0.734862 -0.129512 0.665736 -0.328880 0.790417 0.516797 0.593141 0.598721 -0.538254
-6.637472 -138.990446 -923.775235 -2094.991691 -0.753606 0.118780 -0.646505 -0.287423 0.824984 0.486609 0.591156 0.552532 -0.587573
19.005999 -21.837729 5216.572405 1199.144334 -0.139493 0.898468 0.416288 -0.709639 0.202498 -0.674839 0.690619 0.389550 -0.609341
41.155858 -419.612231 11726.871956 -72794.940375 0.724101 -0.266784 0.636006 -0.101994 0.870597 0.481309 -0.682110 -0.413385 0.603190
15.614469 -427.087104 5196.129530 -33035.217886 0.729225 -0.266385 0.630293 0.218054 0.963557 0.154954 -0.648601 0.024442 0.760736
47.361480 -198.062369 -61039.612833 -74411.993818 0.881998 -0.359035 0.305243 0.456495 0.490096 -0.742576 -0.117013 -0.794292 -0.596161
83.244157 -274.295122 -42342.244721 -53332.094699 0.892597 -0.300790 0.335852 0.446452 0.693546 -0.565398 0.062862 -0.654614 -0.753345
-3.081178 -145.301769 -1763.015683 -13929.100383 0.774503 -0.326088 0.542044 -0.596079 -0.089392 0.797934 0.211743 0.941103 0.263609
-6.997522 -152.844846 -3635.567777 16522.633693 0.677067 -0.357083 0.643484 0.735883 0.337416 -0.587049 -0.007497 0.871001 0.491224
