19702
39383
-31.815929 -60.853372 -3479.389459 3739.342941 0.240747 0.860360 0.449245 -0.218243 -0.403021 0.888788 -0.945733 0.312017 -0.090741
-38.863672 -69.563937 -2564.115973 1347.705665 0.275888 0.894510 0.351763 -0.306487 -0.264995 0.914245 -0.911017 0.360040 -0.201047
-38.453376 -65.086491 -481.967070 5855.550637 0.252011 0.957721 0.138783 -0.147463 -0.103733 0.983613 -0.956423 0.268347 -0.115086
-35.981551 -61.914033 -204.099434 2122.195264 0.298448 0.763927 0.572139 -0.316096 -0.486514 0.814486 -0.900562 0.423933 -0.096275
-27.853002 -50.406750 -3364.870662 7581.137057 0.206289 0.862875 0.461402 -0.112120 -0.447594 0.887180 -0.972046 0.234748 -0.004412
-29.100666 -52.555486 -330.896792 5039.655601 0.256505 0.702833 0.663499 -0.229497 -0.622547 0.748175 -0.938902 0.344182 -0.001611
-41.562389 -50.644779 -2501.093233 -4218.202248 -0.145985 0.729435 -0.668291 0.333431 0.672282 0.660955 -0.931403 0.126339 0.341359
-44.484057 -54.028856 705.704274 -687.820766 0.235263 -0.654493 0.718533 0.383277 0.741848 0.550237 -0.893169 0.145947 0.425382
-43.924246 -57.644068 702.797316 530.746148 0.226439 -0.524426 0.820794 0.381893 0.823012 0.420487 -0.896037 0.218241 0.386636
-31.019174 -49.482310 -13469.508601 -844.624803 0.032834 0.993079 -0.112770 0.396038 0.090667 0.913747 -0.917647 0.074663 0.390320
-40.390776 -57.905707 -2258.455917 41.419052 0.182460 -0.445504 0.876490 0.347663 0.863098 0.366323 -0.919695 0.237884 0.312366
-29.512384 -38.252563 -10613.216682 -9881.673586 -0.086042 0.852307 -0.515916 0.233691 0.520655 0.821162 -0.968496 0.049910 0.243975
-28.978250 -46.658960 -14232.739405 -6220.140170 -0.019181 0.980318 -0.196491 0.322256 0.192100 0.926957 -0.946458 0.045540 0.319598
-58.060576 -82.441550 6798.707169 7601.156701 0.998811 0.045395 -0.017789 -0.037075 0.944105 0.327553 -0.031664 0.326504 -0.944665
-46.165044 -75.108141 6155.957788 6745.380788 0.982743 0.146635 0.112756 -0.178529 0.911415 0.370741 0.048404 0.384474 -0.921866
-53.416705 -87.564897 7045.657311 5517.111257 0.997474 0.048461 0.051937 -0.059434 0.969792 0.236582 0.038903 0.239071 -0.970222
-63.441984 -91.353210 7341.667939 5726.488118 0.998192 -0.010635 -0.059161 0.022368 0.979258 0.201380 -0.055792 0.202339 -0.977725
39.723750 -48.000772 -9603.275198 700.258715 0.183951 0.982141 0.039515 0.570606 -0.139433 0.809300 -0.800357 0.126324 0.586064
42.866300 -48.335161 -9542.472007 400.634406 0.204634 0.978312 0.032091 0.468059 -0.126593 0.874583 -0.859678 0.163949 0.483813
47.398589 -46.223358 -252.332109 851.596920 0.290736 0.956041 -0.038197 0.556032 -0.136334 0.819903 -0.778653 0.259614 0.571226
45.286041 -44.823531 -667.705343 1070.717321 0.259768 0.964474 -0.048075 0.648559 -0.137363 0.748667 -0.715466 0.225659 0.661201
37.469874 -47.319924 -9160.527292 758.614409 0.160610 0.986172 0.040852 0.662260 -0.138361 0.736389 -0.731858 0.091217 0.675324
8.346079 -54.282302 560.000963 823.127207 -0.301170 0.940493 0.157383 0.613174 0.064607 0.787301 -0.730283 -0.333615 0.596144
8.381757 -54.814514 -281.471236 217.049729 -0.327498 0.921667 0.208028 0.625015 0.046206 0.779244 -0.708591 -0.385221 0.591188
6.328987 -55.592405 -164.577306 862.658099 -0.323479 0.928967 0.179947 0.487526 0.000636 0.873108 -0.810975 -0.370161 0.453102
13.811895 -40.441190 -1904.393093 -116.967611 -0.043728 0.976886 0.209239 0.840119 -0.077382 0.536853 -0.540636 -0.199262 0.817317
18.769065 -52.660243 -1994.457865 7631.255150 -0.036043 0.977748 0.206663 0.798606 -0.096139 0.594126 -0.600774 -0.186456 0.777371
21.771161 -41.941813 -1565.679897 6007.536401 0.086513 0.976233 0.198709 0.846183 -0.177278 0.502540 -0.525823 -0.124668 0.841408
14.127195 -50.025542 -2691.790659 4546.728100 -0.151178 0.965385 0.212548 0.809667 -0.002421 0.586884 -0.567084 -0.260817 0.781275
16.311948 -38.515012 -3145.732454 -3702.968917 0.075154 0.970512 0.229036 0.869435 -0.176248 0.461540 -0.488297 -0.164445 0.857043
7.724004 -47.703401 -780.459483 -8574.908552 -0.103885 0.979524 0.172454 0.866900 0.004182 0.498464 -0.487536 -0.201283 0.849584
9.527090 -47.098023 -797.522455 -2418.857322 -0.188600 0.968522 0.162467 0.843068 0.074833 0.532576 -0.503654 -0.237415 0.830643
-13.277098 -83.064738 -83.809918 -397.692669 0.009850 -0.999890 0.011125 0.999906 0.009955 0.009410 -0.009520 0.011032 0.999894
-14.282745 -80.887306 -154.333866 543.097031 -0.039164 0.998558 0.036706 0.981973 0.031663 0.186350 -0.184919 -0.043342 0.981797
-13.733104 -82.945158 80.805477 -327.178551 0.037437 -0.998553 -0.038606 0.999069 0.036572 0.022863 -0.021418 -0.039426 0.998993
-12.200800 -85.853979 167.807988 -1934.162783 -0.010422 0.999882 -0.011297 0.988683 0.008613 -0.149773 0.149658 0.012730 0.988656
-10.930790 -85.129254 385.322236 -1744.118848 0.018213 0.997698 -0.065315 0.991148 -0.026608 -0.130069 0.131507 0.062368 0.989351
-9.256664 -94.260823 -384.969418 5442.244896 0.004798 0.999368 -0.035234 -0.853876 0.022433 0.519994 -0.520455 -0.027590 -0.853443
-10.435045 -85.380415 -224.279036 1478.090902 0.000939 0.999747 -0.022457 -0.724943 0.016149 0.688619 -0.688808 -0.015634 -0.724775
-9.153013 -94.577713 15.708440 5727.275963 0.039155 0.999170 -0.011260 -0.846429 0.039154 0.531060 -0.531060 0.011263 -0.847259
-2.075162 -43.024121 -12690.616291 -963.747823 -0.262934 0.820198 0.508076 0.401532 -0.385809 0.830616 -0.877290 -0.422406 0.227893
-15.701069 -41.911124 -5478.174558 -862.041493 -0.191805 0.780538 0.594954 0.324002 -0.521863 0.789102 -0.926409 -0.344120 0.152800
1.729478 -41.686902 -14634.083840 -509.190099 -0.292932 0.847223 0.443176 0.295135 -0.360752 0.884733 -0.909443 -0.389964 0.144369
-0.888754 -37.310369 2503.078464 -642.301469 -0.068105 0.997596 -0.012783 0.477111 0.021314 -0.878584 0.876200 0.065934 0.477416
6.945575 -36.274076 4952.042737 1134.424932 -0.126097 0.991634 0.027590 0.564504 0.094597 -0.819992 0.815742 0.087824 0.571710
-3.688952 -38.369320 2016.734184 639.977802 -0.045034 0.998810 -0.018703 0.495279 0.006064 -0.868713 0.867566 0.048385 0.494963
-6.107659 -40.628417 855.396091 -1294.289749 -0.019865 0.999095 -0.037620 0.399757 -0.026552 -0.916236 0.916406 0.033240 0.398868
-8.236353 -40.223958 97.846360 -306.903427 -0.001757 0.999953 -0.009498 0.416860 -0.007901 -0.908936 0.908969 0.005557 0.416827
-8.781014 -41.025513 226.873108 1578.035677 -0.032538 0.998672 0.039935 0.518086 0.051021 -0.853805 0.854709 0.007091 0.519058
-19.386881 -83.691706 -2946.954415 2791.392135 0.527119 0.503656 0.684453 -0.084968 0.832638 -0.547261 -0.845533 0.230315 0.481694
-20.898883 -81.780636 -3033.384584 2202.622390 0.540228 0.477097 0.693204 -0.152533 0.865625 -0.476894 -0.827579 0.151895 0.540408
-23.002374 -80.300140 -850.461936 1370.713097 0.572799 0.497446 0.651498 -0.099389 0.831088 -0.547187 -0.813648 0.248677 0.525487
-20.772018 -81.821710 -1171.716260 757.999436 0.561450 0.528995 0.636347 -0.025318 0.779611 -0.625752 -0.827123 0.335217 0.451106
-23.991402 -79.383174 -844.249417 -817.819971 0.599997 0.541204 0.589154 -0.074340 0.770972 -0.632516 -0.796541 0.335709 0.502814
-26.447257 -78.720617 315.541275 -1578.971358 0.615517 0.509118 0.601613 -0.158788 0.827804 -0.538076 -0.771962 0.235666 0.590370
-12.164545 -51.245002 -742.588399 -1432.701261 -0.097658 0.984503 0.145659 -0.893150 -0.022134 -0.449214 0.439029 0.173964 -0.881470
-12.376518 -53.486857 -830.440842 -1212.272202 -0.155879 0.980598 0.118864 -0.950003 -0.115870 -0.289946 0.270548 0.158118 -0.949633
-18.460198 -50.005971 -2141.342745 -1824.372067 -0.180291 0.975869 0.123190 -0.890435 -0.108719 -0.441934 0.417876 0.189369 -0.888549
3.925111 -86.012658 -2693.986358 3566.130705 -0.560755 -0.005337 -0.827964 -0.386154 0.886252 0.255818 0.732420 0.463173 -0.499031
0.203731 -83.355402 -2598.261110 102.420003 -0.540604 -0.036759 -0.840473 -0.497177 0.819876 0.283933 0.678647 0.571360 -0.461504
11.394828 -81.162448 -4364.667108 5480.743028 -0.575996 0.014621 -0.817322 -0.415700 0.855667 0.308266 0.703862 0.517320 -0.486783
12.780158 -90.416664 -3451.299704 6183.303042 -0.585132 0.004052 -0.810928 -0.329283 0.912652 0.242157 0.741076 0.408718 -0.532687
6.138748 -92.149647 -2447.660369 3491.362840 -0.567309 -0.003150 -0.823499 -0.285448 0.938749 0.193055 0.772450 0.344588 -0.533460
6.089243 -138.651710 -915.157452 -3268.650568 0.593972 0.488097 0.639499 -0.541337 -0.345533 0.766526 -0.595107 0.801479 -0.058988
8.984143 -150.458612 -993.700180 -3965.631213 0.624235 0.472782 0.621939 -0.534458 -0.322212 0.781367 -0.569813 0.820156 -0.051546
8.621433 -140.935672 -1328.631230 2857.081722 0.577206 0.473432 0.665354 -0.416148 -0.530509 0.738499 -0.702605 0.703152 0.109195
5.255237 -130.984701 -914.625327 -1340.565897 0.555425 0.485426 0.675178 0.421099 0.535946 -0.731736 -0.717062 0.690741 0.093265
4.026406 -129.725672 -704.058986 -2189.826847 0.571049 0.498834 0.651972 -0.545785 -0.362548 0.755432 -0.613207 0.787225 -0.065224
-12.440378 -48.041855 -1365.021969 -157.955883 0.872896 0.093446 0.478875 0.019732 0.973924 -0.226016 -0.487507 0.206737 0.848290
-10.644890 -47.421140 1138.138105 -182.880357 0.870192 0.115823 0.478907 0.006786 0.969069 -0.246698 -0.492667 0.217924 0.842489
-10.241908 -48.827216 814.185687 1895.498602 0.871370 0.096272 0.481088 -0.015881 0.985580 -0.168464 -0.490369 0.139154 0.860334
9.281381 -152.736239 685.873878 -25304.582747 -0.505052 -0.044016 -0.861966 -0.228281 0.969945 0.084227 0.832352 0.239309 -0.499920
8.846422 -206.588105 -815.091453 -33687.930182 -0.459471 -0.064021 -0.885883 -0.391532 0.909861 0.137318 0.797239 0.409944 -0.443121
9.329312 -183.337078 899.365744 -37694.088114 -0.490001 -0.086899 -0.867380 -0.394249 0.909533 0.131597 0.777475 0.406447 -0.479931
111.012860 -389.298259 -1393.717398 -190776.408762 -0.714520 -0.264849 -0.647547 0.188776 0.818258 -0.542971 0.673666 -0.510205 -0.534664
84.815311 -232.354591 2155.099569 -109542.600942 0.710248 0.267996 0.650943 0.344257 0.674349 -0.653254 0.614032 -0.688064 -0.386696
93.899147 -314.030688 -18236.829919 -144656.518873 -0.623917 -0.239645 -0.743840 0.339157 0.774482 -0.533994 0.704060 -0.585447 -0.401935
48.126067 -280.483876 -23424.729545 -149013.978151 -0.506143 -0.233611 -0.830208 0.475870 0.727175 -0.494737 0.719282 -0.645478 -0.256886
97.840384 -449.049373 -35786.192034 -213672.200105 -0.519491 -0.245128 -0.818561 0.272393 0.860480 -0.430552 0.809896 -0.446638 -0.380241
121.948874 -489.288887 -23719.442779 -199921.273908 -0.621373 -0.254630 -0.740985 0.130190 0.899018 -0.418111 0.772623 -0.356271 -0.525476
-0.673395 -726.043504 21094.908172 166095.108638 -0.441061 -0.235902 -0.865919 0.878694 0.082854 -0.470140 0.182652 -0.968238 0.170742
-8.714472 -613.501806 23188.680124 -9167.951621 -0.443353 -0.274613 -0.853244 0.893785 -0.063522 -0.443974 0.067721 -0.959454 0.273608
-6.542790 -838.267498 23461.808743 -353769.282219 -0.407985 -0.216854 -0.886861 0.861040 -0.414384 -0.294782 -0.303576 -0.883889 0.355783
-35.973301 -138.130902 19138.864451 11803.902566 0.928119 0.215593 -0.303504 0.254831 0.226410 0.940106 -0.271397 0.949873 -0.155196
410.396445 -713.934776 285917.647501 440302.613745 0.960039 0.272391 0.064248 -0.150560 0.309164 0.939015 -0.235916 0.911165 -0.337821
-30.447413 -116.424263 6274.291376 56705.710938 0.931587 0.313905 0.183328 -0.212986 0.062634 0.975046 -0.294589 0.947386 -0.125206
-16.485176 -1411.638006 7012.152362 960922.101388 -0.281889 -0.185621 -0.941320 -0.653399 0.755574 0.046674 0.702573 0.628214 -0.334273
-51.734383 -1766.027253 22645.263458 874239.932905 -0.297852 -0.177357 -0.937992 -0.225248 0.967902 -0.111487 0.927657 0.178074 -0.328241
-2.676828 -1609.229089 59725.979621 76298.181012 -0.236994 -0.246675 -0.939673 -0.635557 0.770906 -0.042078 0.734779 0.587244 -0.339476
-7.390496 -42.388754 6636.571531 992.346115 0.505264 0.855128 -0.116036 0.419203 -0.125682 0.899151 -0.754306 0.502951 0.421975
-4.924064 -41.076286 6449.463410 629.789940 0.489965 0.859540 -0.145343 0.513615 -0.149923 0.844821 -0.704368 0.488583 0.514930
8.070153 -43.206602 8396.291496 915.280681 0.508148 0.854134 -0.110641 0.423020 -0.135613 0.895915 -0.750227 0.502060 0.430227
5.169832 -44.402269 8405.772010 692.681353 0.520468 0.849616 -0.085236 0.316422 -0.099191 0.943418 -0.793089 0.517990 0.320463
-0.926976 -74.880809 -1995.252293 4235.306768 0.495631 0.512401 0.701281 -0.691659 0.721216 -0.038135 -0.525316 -0.466147 0.711864
-4.104637 -70.367469 -3129.587260 2157.902638 0.493541 0.504996 0.708094 -0.680264 0.731427 -0.047493 -0.541902 -0.458251 0.704519
-2.627913 -68.433541 -2531.890779 1575.522849 0.463241 0.539205 0.703324 -0.644091 0.749953 -0.150726 -0.608732 -0.383182 0.694706
0.792792 -71.644759 -1241.687152 2017.782652 0.474278 0.536321 0.698155 -0.656369 0.743915 -0.125582 -0.586720 -0.398686 0.704847
-31.387823 -67.141590 5292.008262 -1404.718282 -0.304851 0.518462 0.798914 0.579352 0.766741 -0.276513 -0.755922 0.378557 -0.534113
-38.766145 -68.536738 3694.814272 253.716676 -0.398189 0.420034 0.815486 0.439905 0.867546 -0.232050 -0.804941 0.266336 -0.530222
-29.629323 -64.252028 3769.709772 -438.811753 -0.282138 0.516807 0.808275 0.510160 0.794330 -0.329813 -0.812487 0.319297 -0.487765
-8.639732 -132.467121 2268.068469 -2264.094790 -0.235287 0.939007 0.250811 0.252640 0.308274 -0.917137 0.938516 0.152426 0.309763
-13.448802 -105.497586 607.929459 -8584.938359 -0.174544 0.953031 0.247522 0.481358 0.301883 -0.822898 0.858970 0.024486 0.511440
-8.705686 -120.838934 -2202.980046 -5499.539116 -0.203127 0.919164 0.337456 0.263342 0.383226 -0.885319 0.943075 0.090966 0.319898
1209.870342 -9670.583586 -291988.041420 -4555519.906949 0.541193 0.043585 0.839768 0.836226 -0.133031 -0.532005 0.088528 0.990153 -0.108442
9.840889 -55.611509 -4624.153515 -9760.045195 0.356011 0.150213 0.922330 0.928340 -0.169825 -0.330673 0.106964 0.973959 -0.199908
49.386171 -175.770977 15394.641560 -22491.749419 0.485207 -0.096730 0.869032 0.659055 -0.612702 -0.436169 0.574649 0.784372 -0.233537
193.427558 -164.233691 74311.822261 -9636.308544 0.865109 -0.378087 -0.329602 0.494231 0.530433 0.688750 0.085576 0.758743 -0.645745
967.236053 -8423.532147 -828555.532216 5682238.352433 -0.160974 0.189052 -0.968683 -0.252128 0.941040 0.225555 0.954211 0.280541 -0.103818
-14.179786 -852.373955 -6460.390987 -342739.311101 -0.251870 0.257596 0.932848 0.896105 -0.301928 0.325324 0.365455 0.917869 -0.154786
-26.287044 -471.889284 2839.793642 -134363.981583 -0.356102 0.218737 0.908485 0.795447 -0.439224 0.417547 0.490362 0.871342 -0.017585
-23.936712 -903.833298 9420.796952 260694.692329 0.194680 -0.096405 -0.976118 -0.646520 0.735775 -0.201612 0.737639 0.670330 0.080913
-6.912958 -2218.509156 6317.133149 -1037635.221906 -0.150878 0.176120 0.972737 0.716278 -0.658695 0.230361 0.681308 0.731507 -0.026768
147.113578 -3758.691247 -55410.582097 -1754927.090982 -0.094249 0.269967 0.958246 0.960716 -0.227717 0.158647 0.261038 0.935555 -0.237899
13.761296 -40.322344 -7551.881491 -1367.486734 0.372885 0.870613 -0.320922 0.594649 -0.489726 -0.637621 0.712285 -0.046924 0.700320
12.459067 -46.342352 1883.597089 -4380.259163 0.359685 0.828916 -0.428398 0.574736 -0.558509 -0.598118 0.735054 0.031082 0.677295
8.118170 -48.052563 -2820.844876 -7784.994294 0.408276 0.783692 -0.468122 0.513042 -0.621148 -0.592422 0.755049 -0.001706 0.655666
200.919680 8.444732 142301.204319 -84886.790028 -0.459324 0.887572 -0.035171 -0.862389 -0.455080 -0.221785 0.212855 0.071540 -0.974461
185.649893 9.201969 71829.289716 2307.337518 -0.592323 0.794840 -0.131841 -0.783815 -0.606347 -0.134079 0.186513 -0.023921 -0.982161
179.324748 40.182613 200124.584169 2607.382733 -0.615317 0.774019 0.149261 0.788253 0.602609 0.124579 0.006481 0.194310 -0.980919
162.458484 16.692922 255048.761817 87221.162330 -0.397130 0.899308 0.183119 0.910709 0.361465 0.199879 0.113562 0.246146 -0.962557
197.018963 -92.151693 175606.141697 -99107.255393 -0.344784 0.938021 0.035235 -0.923974 -0.332523 -0.188945 0.165518 0.097702 -0.981355
19.639051 -37.989524 -10364.921866 1722.954954 0.551208 0.720761 0.420325 0.323541 0.279711 -0.903926 0.769084 -0.634244 0.079017
38.583416 -52.122852 -9920.673119 5129.458559 0.518964 0.783932 0.340774 0.319988 0.191509 -0.927864 0.792644 -0.590571 0.151463
24.111685 -23.241221 -8780.558615 5121.521446 0.540675 0.780920 0.312785 0.203188 0.239579 -0.949377 0.816324 -0.576858 0.029139
5.042790 -32.274227 -7706.455308 3231.398593 0.525455 0.688598 0.499730 0.297407 0.401645 -0.866159 0.797149 -0.603750 -0.006253
87.554004 -53.614185 9424.795249 287.262180 -0.223493 0.900708 -0.372526 -0.845389 -0.369358 -0.385866 0.485148 -0.228691 -0.843997
83.662554 -55.428430 -8142.892786 -2481.222376 -0.148297 0.829443 -0.538547 -0.835294 -0.396587 -0.380793 0.529426 -0.393375 -0.751641
78.180389 -59.257899 12212.695875 4422.577433 -0.190508 0.925956 -0.326054 -0.814530 -0.334485 -0.473983 0.547948 -0.175284 -0.817942
100.599590 -63.992975 7879.297429 -10842.791933 -0.233067 0.875592 -0.423106 -0.848014 -0.395951 -0.352271 0.475975 -0.276698 -0.834797
79.351366 -57.020216 16331.691679 -5731.452946 -0.278236 0.927762 -0.248679 -0.856191 -0.356905 -0.373573 0.435341 -0.108975 -0.893645
8.382026 -17.714748 -2791.760150 2861.912617 -0.005554 0.979153 0.203049 -0.622798 0.155476 -0.766779 0.782363 0.130718 -0.608951
9.888570 -17.675172 2659.743482 2463.665448 -0.052741 0.971979 0.229074 -0.614788 0.149164 -0.774459 0.786927 0.181677 -0.589694
8.826019 -12.903389 -790.368150 1443.775023 -0.005317 0.970761 0.239989 -0.636078 0.181899 -0.749878 0.771606 0.156639 -0.616513
6.467178 -12.265908 -3715.278753 1287.294524 0.004623 0.982835 0.184431 -0.639364 0.144715 -0.755163 0.768890 0.114428 -0.629058
7.065025 -11.506094 -685.050724 -54.767175 -0.059243 0.982401 0.177141 -0.647827 0.097173 -0.755565 0.759481 0.159518 -0.630669
12.334536 -23.604722 5551.294204 6859.212603 -0.156154 0.265919 0.951264 -0.437102 0.845040 -0.307977 -0.885753 -0.463891 -0.015723
0.866051 -32.147383 4484.436964 7304.290493 -0.120382 0.229692 0.965790 -0.454589 0.852116 -0.259320 -0.882529 -0.470255 0.001836
9.563514 -47.643999 4193.979240 18020.091276 -0.116621 0.178857 0.976939 -0.479760 0.851129 -0.213094 -0.869615 -0.493547 -0.013451
21.694248 -34.453127 5555.578570 15622.303938 -0.166446 0.206579 0.964168 -0.453094 0.852443 -0.260859 -0.875786 -0.480278 -0.048286
8.722896 -95.565354 3899.250588 33946.332482 -0.135468 0.185746 0.973215 -0.550024 0.802910 -0.229803 -0.824089 -0.566422 -0.006604
20.820201 -66.845029 4651.890391 25333.697546 -0.157944 0.174122 0.971975 -0.510076 0.828447 -0.231296 -0.845503 -0.532313 -0.042033
-13.987955 -43.568630 -3082.456127 -1336.299821 0.925043 -0.379583 0.014556 -0.271415 -0.687275 -0.673786 -0.265762 -0.619330 0.738783
-11.689788 -44.451589 -3024.828571 -690.311917 0.907142 -0.418257 -0.046405 -0.305544 -0.578798 -0.756066 -0.289371 -0.700038 0.652848
-23.149771 -43.034277 -401.272223 -1049.226750 0.847905 -0.479438 -0.226267 -0.504816 -0.599805 -0.620801 -0.161920 -0.640603 0.750606
-24.863602 -41.162581 -289.090308 -1003.737676 0.867939 -0.466747 -0.169793 -0.475664 -0.682773 -0.554585 -0.142921 -0.562110 0.814620
-25.575957 -41.170227 95.821628 -854.831643 0.787637 -0.523169 -0.325458 -0.614996 -0.635374 -0.466991 -0.037528 -0.567974 0.822190
-23.999792 -42.756985 625.372802 -649.070991 0.779194 -0.494666 -0.384918 -0.624823 -0.564504 -0.539381 -0.049526 -0.660788 0.748937
1.653327 -61.316580 -359.663082 2314.885766 -0.003909 -0.426317 -0.904566 0.414588 0.822477 -0.389420 0.910001 -0.376544 0.173531
0.823207 -68.290903 -10.810898 3494.385819 0.012454 -0.408141 -0.912834 0.401613 0.838076 -0.369237 0.915725 -0.362007 0.174352
2.293570 -57.246921 -271.226754 672.020624 -0.032630 -0.480596 -0.876335 0.256413 0.843431 -0.472098 0.966016 -0.240108 0.095710
-0.832985 -75.455551 91.374798 4474.600671 0.065288 -0.343786 -0.936775 0.555586 0.792333 -0.252056 0.828892 -0.504003 0.242733
3.644352 -54.296295 -459.106900 499.638056 -0.044845 -0.477493 -0.877491 0.270726 0.839696 -0.470762 0.961611 -0.258671 0.091613
-0.265819 -66.398089 -450.267826 2757.213634 0.038268 -0.379919 -0.924228 0.567176 0.769742 -0.292931 0.822707 -0.512990 0.244938
3.296833 -57.037712 -605.244006 1515.406646 -0.026387 -0.444716 -0.895283 0.430220 0.803359 -0.411734 0.902338 -0.396034 0.170127
-3.352987 -101.385836 596.188489 -4390.799756 0.805167 0.548510 -0.225486 -0.225817 -0.068013 -0.971793 0.548373 -0.833374 -0.069101
-3.854942 -94.136570 2.383358 -2651.750285 0.803116 0.554004 -0.219282 -0.186685 -0.115528 -0.975603 0.565822 -0.824459 -0.010642
-3.830585 -96.178132 742.460093 -2426.562376 0.809633 0.538068 -0.234472 -0.085868 -0.286601 -0.954194 0.580621 -0.792681 0.185839
-4.745907 -101.535228 513.458476 -5850.539942 0.820219 0.530056 -0.215129 -0.182994 -0.113186 -0.976577 0.541990 -0.840375 -0.004160
-3.724869 -107.806840 138.895868 -4417.985204 0.822497 0.524163 -0.220800 -0.329036 0.121848 -0.936423 0.463934 -0.842856 -0.272688
-11.208611 -68.472937 -8068.917298 3322.276405 0.968455 -0.051687 -0.243768 0.132477 0.935347 0.327988 -0.211055 0.349935 -0.912689
-9.885853 -57.858764 -6151.563557 6323.992513 0.952504 -0.131522 -0.274661 0.246154 0.863530 0.440140 -0.179290 0.486844 -0.854891
-24.515181 -70.318375 -7385.709157 5978.787687 0.958701 -0.147372 -0.243256 0.232157 0.899569 0.369971 -0.164302 0.411165 -0.896632
-27.303210 -79.046735 -8644.074894 2171.386254 0.976556 -0.068400 -0.204107 0.116091 0.965817 0.231777 -0.181276 0.250038 -0.951115
-11.230874 -73.488924 10160.481724 -895.083117 -0.973021 -0.042979 0.226677 -0.001070 0.983325 0.181854 -0.230713 0.176705 -0.956842
5.940990 -21.374538 861.360249 -3630.217037 -0.175598 0.982336 0.064661 -0.669548 -0.071017 -0.739366 0.721714 0.173125 -0.670191
2.196413 -17.842985 3240.929933 -2538.887738 -0.209228 0.974849 0.076763 -0.646520 -0.079010 -0.758795 0.733646 0.208390 -0.646790
1.954032 -24.008243 2760.500839 -3278.044283 -0.202033 0.976722 0.072084 -0.681716 -0.087403 -0.726378 0.703169 0.195893 -0.683505
22.809285 -50.374234 -6193.143776 951.903732 0.000655 0.986605 0.163126 0.024609 0.163061 -0.986309 0.999697 -0.004660 0.024173
19.677281 -47.829688 -2449.692218 503.296431 -0.036935 0.986975 0.156579 -0.095179 0.152499 -0.983710 0.994775 0.051236 -0.088306
12.851829 -48.685599 -7704.093491 752.628581 0.044349 0.983748 0.173992 -0.095963 0.177553 -0.979421 0.994396 -0.026739 -0.102278
-6.621679 -158.491334 -193.117532 17866.854679 -0.641569 0.238252 -0.729127 0.726978 0.492125 -0.478870 0.244729 -0.837287 -0.488935
-6.745288 -160.038107 -932.066084 17288.765720 -0.636366 0.223499 -0.738299 0.739201 0.450271 -0.500837 0.220498 -0.864468 -0.451748
-6.168726 -172.915292 -82.489202 4253.116895 -0.635608 0.246274 -0.731677 0.770089 0.269101 -0.578400 0.054450 -0.931093 -0.360696
-6.805946 -173.233729 879.765859 5787.025714 -0.646770 0.270566 -0.713080 0.758308 0.328152 -0.563281 0.081594 -0.905047 -0.417411
3.696321 -116.473638 1126.298703 -4605.294911 0.336498 -0.137927 -0.931529 0.772848 -0.524735 0.356872 -0.538028 -0.840017 -0.069975
6.846834 -132.720672 1322.246031 -738.068435 0.328032 -0.149966 -0.932687 0.796797 -0.486442 0.358453 -0.507454 -0.860746 -0.040076
5.099366 -123.998201 1017.435532 -4874.022285 0.294570 -0.111882 -0.949058 0.862323 -0.396897 0.314438 -0.411858 -0.911019 -0.020436
4.063729 -126.844507 1686.992826 473.336706 0.394613 -0.201526 -0.896475 0.672677 -0.601263 0.431264 -0.625929 -0.773220 -0.101704
2.238238 -115.165922 942.488517 -8589.726617 0.303428 -0.102461 -0.947329 0.837193 -0.446094 0.316400 -0.455016 -0.889102 -0.049578
-0.297670 -109.449281 1019.386227 -2049.321971 0.379223 -0.179477 -0.907733 0.662777 -0.631875 0.401822 -0.645691 -0.754004 -0.120668
0.136596 -105.115802 701.272088 -7285.911814 0.320433 -0.118896 -0.939780 0.754246 -0.568186 0.329056 -0.573093 -0.814266 -0.092389
21.698423 -11.458776 -4804.524306 13291.805358 -0.303926 0.762923 -0.570594 -0.829602 -0.506398 -0.235204 0.468390 -0.401881 -0.786830
24.071772 -15.203076 -6065.975773 -23279.141480 -0.362640 0.707349 -0.606753 0.844827 0.524361 0.106366 0.393395 -0.474028 -0.787742
20.622275 1.376060 -4849.715466 10536.302496 -0.226273 0.781718 -0.581135 -0.845316 -0.454027 -0.281602 0.483984 -0.427524 -0.763533
43.596103 -62.774574 12342.442356 -5163.156474 0.421136 0.866500 -0.267997 0.026962 -0.307307 -0.951228 0.906597 -0.393371 0.152780
58.428897 -53.343835 10990.160449 -7819.324093 0.485291 0.821482 -0.299431 -0.081263 -0.298602 -0.950912 0.870568 -0.485802 0.078153
46.160902 -50.279639 -3081.407989 7752.685809 0.539189 0.786493 -0.301171 -0.083638 -0.305833 -0.948405 0.838021 -0.536559 0.099121
58.108955 -68.489075 25194.326473 -18229.197243 0.406261 0.860303 -0.307947 -0.040528 -0.319715 -0.946646 0.912858 -0.397066 0.095021
6.063625 -252.688672 4229.950357 1663.210982 -0.694126 0.329858 -0.639830 0.706780 0.480923 -0.518822 0.136571 -0.812347 -0.566958
17.285765 -264.413428 5186.980810 -6319.607652 -0.697899 0.295311 -0.652478 0.712146 0.382882 -0.588429 0.076053 -0.875324 -0.477518
7.674182 -263.425179 -3772.073725 44344.754438 0.706235 -0.316219 0.633433 0.643171 0.660524 -0.387349 0.295910 -0.680965 -0.669869
6.557292 -248.693317 5222.969688 -20133.207996 -0.689084 0.344585 -0.637514 0.721640 0.245771 -0.647172 -0.066324 -0.906012 -0.418023
0.562554 -244.631731 -839.114413 14280.588155 0.694246 -0.290453 0.658528 0.645456 0.656073 -0.391095 0.318448 -0.696567 -0.642950
1.054018 -244.434086 2073.769798 -2582.198711 -0.691479 0.307710 -0.653583 0.711716 0.445192 -0.543383 0.123765 -0.840903 -0.526843
11.178266 -643.903405 14868.671875 102393.196926 0.841430 0.215035 0.495737 0.532926 -0.481936 -0.695505 -0.089356 -0.849410 0.520113
18.309435 -671.398542 121.968097 172662.617633 0.856175 0.174163 0.486448 0.501732 -0.505110 -0.702231 -0.123407 -0.845299 0.519846
0.957627 -700.300713 1877.108932 173307.718485 0.837666 0.208121 0.504976 0.489193 -0.697075 -0.524191 -0.242911 -0.686128 0.685728
-1.627338 -779.237989 22200.581350 265265.860092 0.820189 0.250352 0.514406 0.528800 -0.674886 -0.514685 -0.218312 -0.694156 0.685920
-12.026339 -748.567691 10360.949569 131479.358524 0.823542 0.234305 0.516605 0.431623 -0.849763 -0.302661 -0.368077 -0.472232 0.800947
-7.796355 -760.627529 1759.041389 135464.554536 0.837295 0.209868 0.504870 0.392810 -0.873203 -0.288472 -0.380313 -0.439854 0.813567
5.147561 -344.998511 -34578.794224 67856.979792 0.961596 -0.065178 0.266617 0.253122 -0.164997 -0.953260 -0.106123 -0.984138 0.142162
46.550721 -487.745100 12717.316779 11487.812231 0.959211 0.047245 0.278714 0.281848 -0.083833 -0.955789 0.021791 -0.995359 0.093730
73.744446 -446.973633 41446.684193 -232777.499498 0.991601 -0.042651 -0.122098 -0.117156 0.103676 -0.987687 -0.054784 -0.993696 -0.097809
34.231813 -460.491685 13287.881260 80635.229162 0.918272 0.077267 0.388337 0.388730 -0.362367 -0.847101 -0.075267 -0.928827 0.362788
15.229491 -185.180983 -25330.315283 -47898.151382 0.975752 -0.153317 -0.156213 -0.150257 0.049766 -0.987394 -0.159158 -0.986923 -0.025522
18.689213 -662.497728 -17467.734276 416344.120238 0.836289 0.056588 0.545361 0.508600 -0.451613 -0.733056 -0.204810 -0.890417 0.406460
0.207578 -268.386799 -44794.881690 96114.095018 0.916835 -0.088661 0.389298 0.356221 -0.258744 -0.897863 -0.180334 -0.961868 0.205643
-4.215442 -193.850435 -53412.602432 18028.307077 0.978690 -0.142070 0.148261 0.132979 -0.111659 -0.984809 -0.156467 -0.983539 0.090387
-22.704704 -908.534156 -27197.055312 79099.617888 -0.881551 -0.223016 -0.416091 -0.316523 0.933144 0.170455 0.350259 0.281968 -0.893204
-6.342187 -882.764838 -22520.885188 91552.808734 -0.870645 -0.264710 -0.414616 -0.347930 0.927214 0.138634 0.347740 0.264958 -0.899374
-27.475655 -942.299903 -18035.711508 14551.713740 -0.886035 -0.216062 -0.410193 -0.182152 0.975852 -0.120556 0.426335 -0.032100 -0.903995
-10.581160 -888.960770 35177.311988 136780.924655 0.865667 0.259007 0.428412 -0.446196 0.787220 0.425668 0.227003 0.559643 -0.797038
45.544987 -2311.985776 -262377.170407 5397489.160553 -0.911365 0.076315 -0.404461 0.072516 0.997061 0.024727 0.405160 -0.006794 -0.914221
-24.248853 -1130.938257 -3566.986692 578665.881034 0.910467 0.179663 0.372519 -0.348374 0.818600 0.456651 0.222901 0.545542 -0.807898
-44.671051 -1225.044662 -15102.660681 764402.796815 -0.906683 -0.196283 -0.373363 -0.271696 0.948824 0.160979 0.322658 0.247398 -0.913612
-30.916408 -899.295768 10987.404910 19102.069096 0.872219 0.220409 0.436639 0.158632 0.716983 -0.678801 0.462677 -0.661328 -0.590402
-8.954130 -835.171296 34164.229124 -123205.826287 0.860029 0.260142 0.438948 0.178926 0.651884 -0.736908 0.477844 -0.712302 -0.514093
-30.055493 -808.557576 22036.398523 -216650.212517 0.861587 0.231236 0.451882 0.333811 0.412545 -0.847571 0.382411 -0.881100 -0.278254
25.111772 -3237.106637 -11168.242839 -1449815.531636 -0.725426 -0.272291 -0.632151 -0.419771 0.902873 0.092808 0.545481 0.332684 -0.769267
-91.974792 -4114.708642 -633.485079 885111.341488 -0.773876 -0.062653 -0.630230 -0.174916 0.977534 0.117604 0.608704 0.201249 -0.767450
2404.931897 -26345.281779 -799790.481837 -49668013.543861 -0.809374 -0.077710 -0.582130 0.232495 0.867834 -0.439103 0.539315 -0.490740 -0.684334
67.747732 -9664.450720 -203504.770745 15735246.521951 -0.786615 -0.168053 -0.594134 -0.153716 0.985252 -0.075167 0.598003 0.032201 -0.800846
619.295074 -2967.408958 296820.568040 -2869502.004607 0.787899 0.015540 0.615608 0.546502 0.443089 -0.710639 0.283812 -0.896343 -0.340617
40.239935 -16314.092321 27977.564411 -9150798.521920 0.802585 -0.049969 0.594441 0.596278 0.037813 -0.801887 -0.017592 -0.998035 -0.060143
17.995917 -35.090379 6780.461606 -13991.286633 -0.246107 0.414267 0.876250 -0.393849 0.783310 -0.480946 -0.885615 -0.463474 -0.029619
34.620737 -13.854782 10690.091913 -4682.318913 -0.256528 0.367639 0.893888 -0.403968 0.799402 -0.444709 -0.878068 -0.475183 -0.056555
54.846816 -32.748121 19243.676828 -14405.202592 -0.267610 0.357899 0.894591 -0.407578 0.799249 -0.441680 -0.873078 -0.482814 -0.068015
-29.826702 -52.537480 -1211.081953 6607.856401 -0.826176 -0.193629 -0.529095 -0.141970 0.980333 -0.137082 0.545232 -0.038139 -0.837417
-28.285072 -55.817230 -665.732509 -1494.763078 -0.838887 -0.189907 -0.510102 -0.061726 0.964306 -0.257494 0.540794 -0.184522 -0.820666
-29.785326 -53.322251 -324.634813 7520.662027 -0.857950 -0.253320 -0.446936 -0.214499 0.967151 -0.136415 0.466811 -0.021169 -0.884104
-25.642564 -52.922796 -2182.351721 214.994332 -0.786890 -0.022340 -0.616689 0.093288 0.983553 -0.154666 0.610001 -0.179235 -0.771863
-27.275626 -48.748503 -1546.686981 5508.397219 -0.789286 -0.087442 -0.607768 -0.036756 0.994761 -0.095386 0.612925 -0.052948 -0.788365
-10.573903 -40.186037 3049.071429 -3952.819788 -0.691802 -0.721284 -0.034059 0.721977 -0.690102 -0.050072 0.012612 -0.059230 0.998165
-4.112948 -36.246548 -3847.827283 7119.902678 0.746721 0.663044 0.052731 -0.663193 0.748252 -0.017154 -0.050831 -0.022161 0.998461
-10.214189 -44.611050 -4092.501461 1632.618275 0.769582 0.636339 0.053059 0.636521 -0.757872 -0.143076 0.050833 -0.143882 0.988288
-5.596539 -28.819440 -1285.677334 -10212.621289 0.642270 0.766235 0.019321 0.762302 -0.641195 0.088121 -0.079910 0.041869 0.995922
-16.507425 -45.733933 3679.431707 3463.191173 -0.693649 -0.719366 -0.036920 0.708995 -0.672803 -0.211337 0.127188 -0.172770 0.976716
-16.800618 -44.146227 -682.021995 -958.621331 0.605706 0.795650 0.007855 0.789237 -0.599511 -0.133013 0.101123 -0.086766 0.991083
-11.762320 -35.845889 -1677.922350 -7690.742503 -0.581869 -0.813218 0.010208 0.813221 -0.581625 0.019606 -0.010007 0.019710 0.999756
0.493513 -8.121455 -4676.356646 5570.642861 0.775354 0.493646 0.393878 -0.613979 0.443227 0.653131 -0.147838 0.748240 -0.646746
7.427034 -6.966120 4384.257100 -8321.342833 0.046456 0.671020 0.739982 0.984024 0.096714 -0.149477 -0.171869 0.735104 -0.655807
-3.655952 -13.270811 3283.586226 -3803.801200 0.183627 0.678458 0.711320 0.976087 -0.040203 -0.213631 -0.116342 0.733538 -0.669616
-334.885055 -1530.095733 166427.997392 -397473.213063 0.139212 0.916062 0.376098 -0.124474 -0.360596 0.924379 -0.982408 0.175499 -0.063827
-394.997004 -2432.468561 181215.501684 538075.589808 0.160983 0.958788 0.234116 -0.584121 -0.098648 0.805649 -0.795542 0.266448 -0.544168
-1171.395519 -3032.191056 365144.179854 1460595.164682 0.196235 0.958414 -0.207207 -0.448321 0.275630 0.850315 -0.872066 0.073966 -0.483766
-1462.003089 -88448.166106 -9356989.497483 -146824460.905682 0.115072 0.930736 0.347116 0.299323 -0.365684 0.881295 -0.947187 -0.002487 0.320671
-291.739272 -3733.949549 54942.515189 -1959115.359289 0.186772 0.819642 0.541574 0.287373 -0.572745 0.767711 -0.939432 -0.012247 0.342515
-905.282434 -4199.485786 92894.963770 2244242.507526 0.101260 0.939097 -0.328395 -0.040075 0.333674 0.941836 -0.994053 0.082210 -0.071422
8.552023 -102.891943 -1832.258423 -3771.710560 0.828757 0.554205 0.077582 0.003219 0.133913 -0.990988 0.559600 -0.821537 -0.109197
8.472792 -113.058064 -534.865707 -7943.229471 0.823201 0.559084 0.098814 0.056744 0.092154 -0.994127 0.564907 -0.823973 -0.044137
13.671388 -96.451645 -3505.611849 -8352.217892 0.844408 0.534838 0.030386 0.112814 -0.122089 -0.986087 0.523686 -0.836088 0.163430
-0.151351 -35.867616 3675.481607 -8561.440740 0.565106 0.366614 0.739086 0.111046 0.853891 -0.508467 -0.817510 0.369411 0.441828
0.146833 -62.442366 6387.597865 -22569.272647 0.589197 0.355075 0.725788 0.111317 0.854027 -0.508180 -0.800285 0.380211 0.463664
-9.173092 -36.361605 1571.259163 -3424.674588 0.468683 -0.017698 0.883189 0.294899 0.945577 -0.137547 -0.832689 0.324917 0.448395
16.245305 -66.808953 5485.510321 -20544.180642 0.578068 0.464996 0.670534 0.093233 0.778725 -0.620400 -0.810645 0.421149 0.406803
-14.772955 -30.477767 -2509.686750 2685.845174 0.482548 0.096414 0.870547 0.257403 0.934423 -0.246167 -0.837192 0.342869 0.426087
-2.824156 -35.350141 4639.729503 6433.275286 0.561936 0.572393 0.597155 -0.027668 0.734519 -0.678024 -0.826718 0.364484 0.428590
13.045301 -45.623537 3843.375184 -6294.098088 0.553503 0.552624 0.623090 0.021109 0.738595 -0.673819 -0.832580 0.386114 0.397149
24.200324 -55.264830 5025.277949 645.553315 0.016339 0.337007 0.941360 0.781439 -0.591651 0.198249 0.623768 0.732376 -0.273017
12.588733 -53.460983 2883.022095 941.290838 0.046616 0.284114 0.957657 0.757386 -0.635134 0.151562 0.651301 0.718250 -0.244792
18.401805 -59.261367 4639.678994 1228.924428 0.069867 0.263425 0.962146 0.867895 -0.491566 0.071562 0.491810 0.830042 -0.262970
14.349904 -50.626292 -5051.271850 -485.305858 0.014119 -0.377430 -0.925930 -0.641346 0.707024 -0.297979 0.767121 0.598049 -0.232081
37.984501 -59.212774 5596.316276 1716.461906 0.036165 0.359987 0.932256 0.877030 -0.458637 0.143078 0.479073 0.812442 -0.332305
35.560321 -56.093156 4733.413603 492.816963 -0.000005 0.435381 0.900246 0.794865 -0.546256 0.264187 0.606787 0.715575 -0.346066
21.983923 -52.658136 -4010.115125 98.760091 0.027479 -0.452638 -0.891271 -0.669753 0.653553 -0.352561 0.742075 0.606620 -0.285197
-55.288541 -82.100337 325.889149 4417.200439 0.380918 0.923768 -0.039409 -0.286205 0.158332 0.944996 -0.879197 0.348687 -0.324698
-44.036355 -73.688241 -1667.971978 477.374098 0.307225 0.882005 0.357323 -0.401286 -0.220396 0.889042 -0.862892 0.416525 -0.286225
-40.213599 -69.596070 -614.317267 2712.157761 0.324672 0.788844 0.521837 -0.397024 -0.387099 0.832182 -0.858464 0.477368 -0.187509
-39.344346 -47.224137 -4863.938245 1086.747241 0.002006 0.986440 -0.164108 0.471322 0.143805 0.870159 -0.881959 0.079094 0.464642
-54.002533 -70.709459 6205.047291 7867.904175 0.986975 0.156353 0.037858 -0.156681 0.880915 0.446586 -0.036476 0.446701 -0.893939
-40.456786 -62.471550 5992.505294 6001.016830 0.937017 0.279593 0.209350 -0.346604 0.818417 0.458322 0.043192 0.502016 -0.863779
-31.935115 -66.401768 5354.358810 6262.454475 0.957090 0.187976 0.220553 -0.265553 0.873599 0.407806 0.116017 0.448875 -0.886031
49.131060 -47.242847 786.401926 506.767537 0.319045 0.947179 -0.032583 0.453731 -0.122469 0.882683 -0.832069 0.296399 0.468838
46.153799 -48.719812 -8664.553826 -92.509575 0.225537 0.974034 0.019784 0.355831 -0.101263 0.929048 -0.906927 0.202495 0.369430
4.877063 -59.147424 -284.242392 476.611329 -0.328580 0.940355 0.088136 0.259085 0.000003 0.965855 -0.908246 -0.340195 0.243633
6.364861 -58.066502 -31.694052 882.304367 -0.317736 0.941641 0.111160 0.432031 0.039417 0.900997 -0.844033 -0.334304 0.419343
5.223785 -57.491318 -104.357563 859.855416 -0.326747 0.936294 0.128799 0.337343 -0.011763 0.941308 -0.882857 -0.351020 0.312009
25.072209 -65.036853 1412.090167 16106.448484 0.062664 0.990321 0.123849 0.819126 -0.121928 0.560505 -0.570180 -0.066324 0.818838
22.411539 -75.819684 -479.590044 13399.044021 -0.049518 0.985546 0.162008 0.738386 -0.073105 0.670405 -0.672558 -0.152822 0.724093
18.494377 -65.671393 -4036.636371 8991.294224 -0.157073 0.962053 0.223117 0.744336 -0.033158 0.666981 -0.649070 -0.270839 0.710883
-12.984652 -81.061950 -393.896823 -524.507048 -0.061231 0.994088 0.089670 0.977389 0.041500 0.207336 -0.202388 -0.100338 0.974152
-13.172487 -80.794339 -467.947365 -101.527986 -0.063200 0.994129 0.087828 0.929505 0.026594 0.367848 -0.363353 -0.104884 0.925729
-20.304354 -49.377633 2078.329416 -2231.849533 -0.017558 0.730164 0.683047 0.454810 -0.602550 0.655806 -0.890415 -0.322172 0.321506
-17.883266 -52.275763 2901.806501 -2467.439831 -0.017439 0.772074 0.635294 0.523422 -0.534319 0.663727 -0.851895 -0.344101 0.394802
-14.342588 -48.896346 4301.755559 -1811.181053 -0.009014 0.766108 0.642649 0.419155 -0.580594 0.698011 -0.907870 -0.275661 0.315884
-17.466633 -83.165286 -5002.434434 901.225716 0.499136 0.492765 0.712773 -0.187501 0.864498 -0.466355 -0.845994 0.099129 0.523896
-20.820287 -80.826827 -2566.089167 -1526.053583 0.544712 0.460074 0.701157 -0.239678 0.886613 -0.395564 -0.803644 0.047417 0.593218
-2.928216 -87.871607 2442.384049 6800.429409 0.505335 0.080963 0.859117 0.612271 -0.735207 -0.290854 0.608080 0.672991 -0.421097
-5.664325 -94.024937 543.317670 5618.582866 0.499639 0.117340 0.858250 0.609879 -0.751249 -0.252337 0.615150 0.649505 -0.446916
-6.969262 -105.622525 649.155513 13647.213891 0.465270 0.135954 0.874666 0.714379 -0.641144 -0.280351 0.522672 0.755282 -0.395428
-5.287356 -100.446450 -279.285769 4523.105495 0.505883 0.134798 0.852005 0.599005 -0.765630 -0.234530 0.620706 0.629000 -0.468064
-7.071933 -108.754596 -587.215583 11022.692614 0.465004 0.165682 0.869667 0.715523 -0.648812 -0.258979 0.521342 0.742693 -0.420249
12.617743 -153.282362 -1715.791625 5492.232990 0.603745 0.460102 0.650998 -0.407296 -0.523961 0.748048 -0.685275 0.716779 0.128941
-22.839188 -75.355902 -179.336917 142.239269 0.709181 0.277655 0.648051 -0.317986 0.946352 -0.057480 -0.629244 -0.165307 0.759424
-21.015652 -74.021669 -2173.547475 -4132.542447 0.638404 0.346459 0.687318 -0.408607 0.909300 -0.078827 -0.652289 -0.230520 0.722066
-17.979382 -71.945584 -1191.012058 -4860.641258 0.685072 0.304239 0.661902 -0.423474 0.905641 0.022025 -0.592745 -0.295387 0.749266
-23.048076 -74.524160 -1930.795025 175.790409 0.635045 0.360144 0.683384 -0.336909 0.925222 -0.174516 -0.695133 -0.119413 0.708894
-17.953475 -72.010041 515.716919 -4092.430515 0.760155 0.164664 0.628530 -0.311529 0.941279 0.130170 -0.570187 -0.294755 0.766816
-22.870456 -76.008602 254.504277 1207.469865 0.765188 0.163596 0.622675 -0.246026 0.968074 0.047992 -0.594944 -0.189917 0.781008
-27.300588 -72.892892 -212.922909 4706.244678 0.744780 0.241414 0.622111 -0.212268 0.969551 -0.122117 -0.632649 -0.041104 0.773347
-25.809884 -73.451376 -754.789568 3818.219087 0.691605 0.333756 0.640538 -0.253382 0.942585 -0.217556 -0.676373 -0.011838 0.736464
8.978823 -157.334693 -717.303459 -25074.120686 -0.480963 -0.009946 -0.876685 -0.120320 0.991224 0.054764 0.868446 0.131822 -0.477938
9.075701 -184.978102 -929.139830 -23292.634135 -0.449692 -0.036321 -0.892445 -0.288933 0.951365 0.106872 0.845159 0.305916 -0.438316
