14334
28660
-37.107448 -53.993762 -1432.643588 7434.326262 -0.361157 0.896175 0.257753 0.101482 0.312540 -0.944468 0.926967 0.314944 0.203822
-44.563669 -65.485060 778.101867 6191.588759 -0.404121 0.894353 0.191881 0.236282 0.304722 -0.922668 0.883661 0.327531 0.334464
-44.790901 -83.150031 -1391.636034 11828.938662 -0.430474 0.703138 0.565941 0.096341 0.659222 -0.745751 0.897446 0.266503 0.351519
-36.532001 -54.770541 -95.977245 4192.524137 -0.344437 0.905786 -0.246810 0.341451 -0.124024 -0.931681 0.874514 0.405179 0.266563
-23.792657 -69.437896 -6341.252192 14678.466631 -0.303315 0.784024 0.541578 -0.011433 0.565318 -0.824794 0.952822 0.256364 0.162506
-25.589666 -43.615569 -3878.335295 7875.002076 -0.294137 0.901315 0.317986 -0.015075 0.328287 -0.944458 0.955644 0.282594 0.082974
-28.655025 -41.736988 -812.746882 5113.517582 -0.283429 0.922781 -0.261042 0.177868 -0.216897 -0.959853 0.942354 0.318481 0.102659
-31.932010 -46.333274 889.480994 2769.838095 -0.282923 0.860468 -0.423732 0.301192 -0.339731 -0.890992 0.910625 0.379707 0.163048
-10.730178 -65.638134 12622.182836 -20318.847403 -0.201977 0.972086 0.119390 0.591950 0.218283 -0.775853 0.780256 0.086032 0.619515
-24.786756 -60.088355 4621.962652 -19436.594232 -0.012654 0.995840 0.090239 0.573110 0.081175 -0.815448 0.819381 -0.041398 0.571753
-21.363268 -81.899846 4721.217271 -3658.858990 -0.111089 0.978071 0.176173 0.352108 0.204506 -0.913344 0.929343 0.039431 0.367105
-19.467335 -92.646227 3301.927110 6960.707703 -0.137354 0.964206 0.226805 0.172257 0.248738 -0.953130 0.975429 0.091847 0.200256
-10.325070 -88.373208 10616.152681 -3961.451768 -0.258598 0.938083 0.230495 0.344385 0.312463 -0.885306 0.902511 0.149560 0.403864
-50.344271 -80.591302 2156.934970 -689.624276 0.420457 -0.847194 0.324775 0.784264 0.159363 -0.599611 0.456229 0.506820 0.731429
-52.321694 -80.004398 141.587015 -1932.231480 0.466929 -0.776597 0.422936 0.853248 0.270044 -0.446144 0.232262 0.569187 0.788721
-53.732717 -80.128668 -301.538569 -416.057071 0.461675 -0.842197 0.278497 0.826673 0.294648 -0.479368 0.321664 0.451538 0.832253
36.220272 -111.158456 7030.519870 -21582.577821 0.388906 0.892997 -0.226513 -0.605342 0.062351 -0.793520 0.694488 -0.445722 -0.564817
45.344315 -138.608967 7783.942721 -26221.614428 0.483920 0.842816 -0.235548 -0.574762 0.103132 -0.811795 0.659901 -0.528228 -0.534327
47.439578 -90.871867 8027.502491 -23318.914158 0.339970 0.889417 -0.305546 -0.511564 -0.097725 -0.853670 0.789128 -0.446529 -0.421770
30.419336 -130.029616 6109.824514 -5058.501069 0.465155 0.868106 -0.173268 -0.721055 0.258014 -0.643046 0.513527 -0.424052 -0.745969
34.092407 -78.846037 2286.787245 -17809.501166 0.287373 0.914061 -0.286198 -0.601268 -0.060437 -0.796759 0.745583 -0.401048 -0.532228
25.345152 -108.964986 4619.433077 -13018.931346 0.400839 0.900415 -0.169059 -0.698790 0.181152 -0.692009 0.592470 -0.395521 -0.701814
-4.614472 -45.606329 198.839746 -1041.090169 0.018685 0.996046 0.086854 0.946525 -0.045607 0.319390 -0.322088 -0.076241 0.943635
-4.418883 -43.193876 -37.834069 -1928.009512 0.021409 0.996248 0.083854 0.905481 -0.054879 0.420823 -0.423845 -0.066918 0.903259
-5.232220 -41.652095 386.286633 -1732.211939 0.018989 0.996350 0.083218 0.887038 -0.055191 0.458386 -0.461306 -0.065113 0.884849
-1.424309 -139.462023 809.259971 -5401.827714 0.234978 0.971937 0.011086 -0.930965 0.228322 -0.284910 0.279446 -0.056627 -0.958490
-0.281035 -133.490233 413.067518 -6703.843432 0.215125 0.976556 0.007654 -0.937480 0.208700 -0.278522 0.273590 -0.052742 -0.960399
-1.125572 -117.270551 940.086304 -4587.331488 0.243177 0.969610 0.026857 -0.849822 0.226319 -0.476007 0.467620 -0.092930 -0.879031
-0.476399 -143.562913 274.830740 -1005.179385 0.195740 0.980598 -0.010688 -0.977792 0.195989 0.074239 -0.074893 0.004081 -0.997183
-2.371114 -135.768046 -300.231631 -635.562002 0.283021 0.958885 0.020953 -0.801181 0.248371 -0.544445 0.527264 -0.137303 -0.838535
-2.042282 -133.826812 13.795269 -4661.540766 0.242067 0.970254 -0.003367 -0.911554 0.226231 -0.343349 0.332374 -0.086182 -0.939202
-2.999025 -140.828145 3088.735053 -7759.270947 0.210755 0.976938 0.034281 -0.975625 0.212406 -0.055124 0.061135 0.021827 -0.997891
-9.189687 -41.624139 1362.773667 886.679566 -0.408672 -0.830577 -0.378325 0.909258 -0.406381 -0.090022 -0.078974 -0.380784 0.921285
-14.226500 -38.774410 1706.822818 8427.458951 -0.240816 -0.899915 -0.363539 0.965662 -0.259781 0.003395 -0.097496 -0.350239 0.931573
-7.885973 -55.055441 2269.729928 11550.414696 -0.156172 -0.910406 -0.383108 0.976953 -0.199514 0.075870 -0.145508 -0.362430 0.920583
-4.134062 -51.707757 1364.155149 3216.877991 -0.322294 -0.864073 -0.386658 0.944186 -0.322811 -0.065621 -0.068116 -0.386226 0.919886
-5.266725 -45.630472 1072.572897 139.664492 -0.304907 0.939446 -0.156440 0.952143 0.297010 -0.072170 -0.021336 -0.170959 -0.985047
-2.771742 -41.614646 493.773075 3058.253091 -0.424910 0.892586 -0.150805 0.904156 0.410341 -0.118832 -0.044186 -0.186845 -0.981395
-5.315958 -41.889724 276.513609 -1022.299104 -0.328096 0.931646 -0.156170 0.944640 0.323061 -0.057334 -0.002962 -0.166335 -0.986065
-4.558037 -37.891460 -822.048745 1397.521554 -0.450159 0.878989 -0.157277 0.892913 0.441546 -0.087991 -0.007898 -0.180045 -0.983627
-7.871085 -37.072392 -620.571204 -2958.237863 -0.313192 0.937849 -0.149499 0.948990 0.315100 -0.011373 0.036441 -0.145434 -0.988697
-1.186997 -31.321582 1175.831600 820.829234 -0.015339 0.992585 0.120581 -0.979470 0.009327 -0.201373 0.201005 0.121194 -0.972064
0.489081 -32.614628 163.094831 1014.299628 0.002722 0.993451 0.114229 -0.972919 0.029033 -0.229316 0.231131 0.110511 -0.966626
-0.039680 -32.447753 1149.514750 197.636964 -0.029962 0.993067 0.113670 -0.956020 0.004723 -0.293262 0.291766 0.117457 -0.949251
-4.641771 -187.429690 736.170488 20192.154754 0.857726 0.433488 -0.276393 0.505807 -0.807761 0.302790 0.092003 0.399513 0.912099
-2.385642 -200.782516 -452.956162 20280.150923 0.872918 0.415574 -0.255563 0.482967 -0.662039 0.573103 -0.068974 0.623700 0.778614
-4.260069 -184.126405 124.829631 19603.747009 0.855171 0.445935 -0.264243 0.515056 -0.788381 0.336411 0.058307 0.423789 0.903882
6.879937 -28.881192 -3048.539844 32.937205 0.044565 0.712919 0.699829 0.100823 0.693739 -0.713135 0.993906 -0.102340 0.040962
1.735460 -28.824445 -1511.235568 163.089560 0.027195 0.742845 0.668910 0.012410 0.668855 -0.743289 0.999553 -0.028515 -0.008971
0.427509 -27.861818 1066.234993 495.061626 -0.029384 -0.644666 -0.763899 0.045556 0.762572 -0.645298 0.998530 -0.053762 0.006961
9.470604 -29.948924 -3497.746134 -942.040520 0.028971 0.815248 0.578387 0.069874 0.575563 -0.814767 0.997135 -0.064019 0.040290
3.025823 -28.903033 1838.766522 575.849081 -0.037703 -0.618894 -0.784569 0.121106 0.776510 -0.618357 0.991923 -0.118330 0.045675
39.426226 -359.413121 5047.855882 -65593.187915 0.808061 0.565922 -0.163617 -0.365750 0.264230 -0.892418 0.461806 -0.780971 -0.420500
38.567029 -529.224494 12675.920826 -96023.780779 0.813372 0.578894 -0.057519 -0.382556 0.457767 -0.802559 0.438266 -0.674783 -0.593794
15.709766 -1140.045760 13642.279728 -450344.874786 0.869704 0.484205 -0.095708 -0.443635 0.681880 -0.581573 0.216339 -0.548256 -0.807844
18.321277 -412.213221 5907.752065 3664.682644 0.827607 0.549976 -0.112222 -0.561229 0.807419 -0.181922 0.009443 -0.213542 -0.976888
27.214123 -644.794532 -5089.194812 102748.018477 -0.859901 -0.471605 0.195345 -0.487812 0.871922 -0.042317 -0.150368 -0.131680 -0.979821
29.610279 -730.796457 2644.655244 -218680.197950 0.884889 0.390738 -0.253565 -0.465543 0.723705 -0.509432 0.015548 -0.568837 -0.822304
66.642094 -1034.077337 13954.367058 -366700.330597 0.905489 0.405964 -0.123622 -0.324046 0.473343 -0.819110 0.274013 -0.781754 -0.560158
4.216430 -48.547635 3368.817176 -1111.513387 0.146315 0.977683 0.150757 -0.653432 0.209936 -0.727292 0.742710 -0.007904 -0.669566
3.645524 -50.135989 3172.880808 -290.004965 0.140995 0.980663 0.135721 -0.751881 0.195254 -0.629722 0.644045 0.013258 -0.764872
12.892685 -47.797797 6272.845953 -943.039795 0.162076 0.970194 0.180152 -0.672317 0.242205 -0.699519 0.722303 0.007744 -0.691533
16.262906 -45.112805 6965.028456 -1198.154629 0.163491 0.967014 0.195331 -0.579217 0.254365 -0.774472 0.798611 -0.013480 -0.601697
4.448161 -44.807648 1947.939469 -2072.096437 0.158819 0.975530 0.152044 -0.536131 0.214529 -0.816420 0.829060 -0.048148 -0.557083
-11.949864 -39.178853 1286.786833 -1195.153753 -0.035074 0.873182 0.486131 -0.503595 0.404716 -0.763280 0.863227 0.271584 -0.425535
-10.374371 -40.658345 3139.752100 -968.005600 -0.050512 0.865425 0.498486 -0.584218 0.379214 -0.717555 0.810023 0.327470 -0.486442
-5.379999 -39.250806 3643.380861 -982.159187 -0.057615 0.851875 0.520567 -0.526667 0.417036 -0.740744 0.848117 0.316844 -0.424627
-25.898493 -32.161168 1017.504479 926.489750 0.030060 0.978540 0.203853 -0.671592 -0.131278 0.729198 -0.740311 0.158826 -0.653233
-27.052233 -35.902556 -169.159940 -1167.390292 -0.020838 0.992146 0.123335 -0.702751 -0.102280 0.704046 -0.711131 0.072003 -0.699363
-27.355634 -32.957705 331.173841 2216.455947 -0.157964 0.934270 0.319667 -0.595918 -0.348330 0.723567 -0.787356 0.076198 -0.611771
-27.464783 -33.578743 -914.293492 660.533418 -0.324477 0.866074 0.380305 -0.561783 -0.499917 0.659154 -0.760996 -0.000231 -0.648756
-25.885605 -30.175433 3001.125461 1803.526101 -0.179157 0.847580 0.499510 -0.559569 -0.505390 0.656859 -0.809188 0.161830 -0.564824
-28.020113 -32.428901 2734.272354 3620.536018 -0.207782 0.862838 0.460801 -0.512077 -0.497323 0.700320 -0.833429 0.090451 -0.545174
-24.184966 -32.366027 3084.220526 -410.160392 -0.441186 0.555249 0.705020 0.322494 0.831226 -0.452836 -0.837468 0.027580 -0.545790
-2.114214 -119.691631 1193.980169 -6766.956786 0.294579 0.929665 0.221238 0.456889 0.066323 -0.887047 0.839330 -0.362387 0.405217
-2.851548 -121.470454 281.745466 1991.116542 0.316522 0.923933 0.214854 0.181649 0.163271 -0.969715 0.931030 -0.345964 0.116153
-1.231603 -117.169897 -229.476348 -4474.275007 0.317897 0.916539 0.242688 0.429227 0.089113 -0.898790 0.845403 -0.389890 0.365074
-0.495169 -101.957398 202.227913 -9582.985038 0.307314 0.919551 0.244916 0.646685 -0.012996 -0.762647 0.698110 -0.392756 0.598653
-1.098626 -106.480728 686.438361 -10604.593616 0.303189 0.924704 0.230216 0.642454 -0.019925 -0.766065 0.703796 -0.380166 0.600121
-0.876791 -44.221187 4264.896186 -5561.082762 -0.229250 0.971630 -0.058128 0.350606 0.026719 -0.936142 0.908031 0.234990 0.346784
2.532332 -44.151079 7225.826288 -2090.146196 -0.270148 0.961386 -0.052503 0.224307 0.009813 -0.974469 0.936326 0.275028 0.218297
16.365616 -37.009756 9360.933430 -2862.745766 -0.309322 0.946780 0.089030 0.294554 0.184408 -0.937674 0.904189 0.263819 0.335919
10.577588 -41.224556 8420.361307 -3968.156492 -0.311693 0.946251 0.086347 0.361678 0.202186 -0.910115 0.878656 0.252447 0.405258
-10.365729 -39.790761 1571.419891 3513.677346 0.101415 -0.899606 -0.424763 0.915253 -0.082969 0.394244 -0.389906 -0.428747 0.814953
-7.546749 -33.108650 6876.850194 3782.793626 -0.015533 -0.859831 -0.510343 0.948325 -0.174446 0.265045 -0.316921 -0.479854 0.818109
-15.355241 -36.403985 -4344.801072 3408.209205 0.301587 -0.909434 -0.286312 0.892217 0.163325 0.421039 -0.336145 -0.382432 0.860669
2.267033 -41.405366 11668.186548 2606.599564 0.021661 -0.846739 -0.531567 0.914358 -0.198250 0.353054 -0.404328 -0.493690 0.769928
-12.631736 -44.818260 2911.918831 1794.218575 -0.222149 0.922106 0.316812 0.865546 0.036920 0.499466 -0.448864 -0.385171 0.806327
25.847974 -44.707106 -3475.912154 1295.665874 -0.041064 0.922586 0.383600 0.327092 -0.350355 0.877645 -0.944100 -0.161512 0.287384
15.490112 -44.193873 -6333.272468 -189.481606 -0.093577 0.894401 0.437368 0.274493 -0.399093 0.874859 -0.957025 -0.201921 0.208161
19.796833 -44.980222 -2983.413737 813.290782 -0.046685 0.924328 0.378732 0.211027 -0.361462 0.908192 -0.976365 -0.122322 0.178183
753.165456 -78.982221 256585.524270 6997.061962 -0.659962 0.631122 -0.407596 -0.019238 -0.556541 -0.830598 0.751053 0.540322 -0.379437
557.428390 -40.068627 6644.233380 -2699.019911 0.149785 0.756341 -0.636799 -0.003432 -0.643663 -0.765301 0.988713 -0.116816 0.093815
568.079048 -48.347315 -9533.388282 -1379.284679 0.184719 0.772443 -0.607628 0.045198 -0.624290 -0.779884 0.981752 -0.116595 0.150231
311.073555 -23.296248 -96965.696803 -773.801996 0.841819 0.392171 -0.370868 -0.010217 -0.675398 -0.737383 0.539664 -0.624532 0.564556
351.507559 -33.225289 -105455.522435 6492.897990 0.828241 0.458340 -0.322400 0.035868 -0.617512 -0.785743 0.559224 -0.639220 0.527888
-5.248605 -68.371274 501.295763 -6485.709935 -0.444403 0.874694 -0.193433 0.637033 0.156751 -0.754731 0.629838 0.458628 0.626869
-4.548464 -70.632827 536.938766 661.480476 -0.455243 0.869050 -0.193667 0.671740 0.192470 -0.715346 0.584396 0.455750 0.671396
-5.282347 -71.408728 81.898208 152.032737 -0.440307 0.879268 -0.181706 0.651575 0.173684 -0.738433 0.617722 0.443532 0.649384
-5.367409 -67.526213 178.840720 -1182.270623 -0.427980 0.881519 -0.199395 0.560404 0.085746 -0.823769 0.709070 0.464298 0.530704
-6.561864 -100.783678 -1359.815705 13087.744535 -0.310610 0.933011 -0.181694 0.195283 -0.124434 -0.972821 0.930261 0.337649 0.143550
-7.595523 -93.806204 -484.045283 14020.262373 -0.322107 0.919166 -0.226672 0.151183 -0.186418 -0.970769 0.934554 0.346960 0.078915
-10.191028 -116.004260 -736.746201 10603.337772 -0.305964 0.920481 -0.243104 0.361070 -0.124081 -0.924247 0.880917 0.370564 0.294394
-7.330807 -115.826596 -1103.600209 9159.142732 -0.302991 0.932797 -0.195157 0.358592 -0.078139 -0.930218 0.882954 0.351830 0.310818
-0.533810 -98.932613 -1618.579154 13941.928979 -0.299693 0.940620 -0.159431 0.162245 -0.114428 -0.980093 0.940139 0.319594 0.118317
-11.520137 -110.727940 -501.230607 -7012.955087 -0.580975 0.681108 -0.445601 -0.256515 -0.672796 -0.693935 0.772443 0.288856 -0.565592
-9.193600 -115.527310 -1723.670997 8033.495413 -0.551637 0.679656 -0.483493 0.234690 0.682727 0.691957 0.800386 0.268238 -0.536126
-9.847544 -119.090862 -1475.749167 3797.622722 -0.560587 0.660036 -0.500095 0.420521 0.747149 0.514715 0.713376 0.078242 -0.696400
-6.169309 -128.812201 -2452.091844 7465.968925 -0.525431 0.666481 -0.528891 0.295479 0.725859 0.621144 0.797881 0.170092 -0.578320
-5.576472 -125.863824 -2669.902880 -4098.793602 -0.535073 0.639070 -0.552527 0.548711 0.760192 0.347884 0.642349 -0.117034 -0.757423
-9.121102 -120.612085 -2684.105795 -4924.169491 -0.558913 0.634289 -0.534129 0.599559 0.754085 0.268113 0.572840 -0.170390 -0.801762
1.231090 -101.360281 1006.615314 -7680.343874 -0.537198 0.712158 -0.451940 0.256523 -0.372490 -0.891878 0.803501 0.595048 -0.017416
0.947533 -118.447653 385.208759 -9074.872630 -0.528990 0.700189 -0.479484 0.043457 -0.541919 -0.839306 0.847515 0.464822 -0.256242
0.825623 -100.153604 -1570.404944 -6380.924128 -0.507382 0.733998 -0.451454 0.211099 -0.402062 -0.890945 0.835464 0.547351 -0.049053
-0.481993 -99.366587 -1621.683732 -6482.452021 -0.511573 0.724948 -0.461241 0.093360 -0.486726 -0.868552 0.854153 0.487389 -0.181314
0.040609 -86.133807 -1604.048650 -7244.160352 -0.516811 0.739328 -0.431625 0.269304 -0.338182 -0.901725 0.812639 0.582260 0.024328
1.981122 -84.431030 -1188.422117 -3337.347333 -0.527125 0.747830 -0.403595 0.362376 -0.231777 -0.902753 0.768650 0.622117 0.148820
2.292060 -93.747995 445.648797 -590.367815 -0.556033 0.734646 -0.388744 0.366377 -0.203182 -0.908012 0.746053 0.647311 0.156182
-26.103030 -51.819194 1841.290134 -1392.951324 0.453402 -0.330182 0.827893 0.524877 0.849625 0.051397 -0.720369 0.411238 0.558527
-22.503128 -55.049584 1593.369152 -1460.386232 0.516258 -0.316850 0.795666 0.489121 0.871708 0.029771 -0.703021 0.373807 0.605004
-22.038165 -60.804732 1613.050417 -4044.719298 0.390841 -0.449256 0.803376 0.680882 0.728429 0.076097 -0.619389 0.517262 0.590590
-25.845481 -51.757366 1137.389745 -3609.889324 0.327649 -0.444084 0.833928 0.649585 0.746820 0.142477 -0.686066 0.495024 0.533165
-28.593154 -47.058138 501.446712 -1924.021410 0.349814 -0.374220 0.858830 0.571423 0.811696 0.120934 -0.742365 0.448451 0.497781
-28.988548 -46.012978 1193.845202 770.062482 0.467810 -0.171550 0.867020 0.404531 0.913756 -0.037472 -0.785817 0.368266 0.496862
-8.860201 -74.665092 1161.589067 -3935.056835 0.879316 -0.234850 0.414306 0.062251 -0.805809 -0.588895 -0.472153 -0.543615 0.693941
-11.877332 -69.719536 1922.822957 15.536780 0.884697 -0.258234 0.388106 0.038335 0.870030 0.491506 -0.464588 -0.419956 0.779612
-13.837567 -70.432293 1428.496494 492.036802 0.868714 -0.226151 0.440672 -0.031814 0.862369 0.505280 -0.494292 -0.452963 0.741957
-10.286414 -75.867892 1130.713009 -3764.365778 0.863953 -0.207267 0.458940 0.131567 -0.786807 -0.603013 -0.486082 -0.581356 0.652494
-13.707627 -69.077247 237.358287 875.599833 0.844495 -0.179352 0.504640 -0.115750 0.858866 0.498950 -0.522905 -0.479773 0.704548
-16.297793 -116.922036 2358.906142 7973.462090 0.838265 -0.370788 0.399785 -0.492173 -0.830106 0.262087 -0.234685 0.416462 0.878341
-19.567850 -101.935929 3089.661429 -7681.877748 0.846721 -0.354631 0.396612 0.405617 0.912682 -0.049871 -0.344295 0.203099 0.916631
-14.882714 -104.105721 2260.744259 -7171.625819 0.859909 -0.349639 0.371900 0.401024 0.913509 -0.068422 -0.315810 0.207977 0.925748
-11.121545 -118.039794 1610.601759 6244.671844 0.857704 -0.363471 0.363638 -0.477096 -0.826272 0.299421 -0.191633 0.430305 0.882108
-10.373837 -106.998069 1620.118427 -6216.801475 0.872020 -0.346310 0.345905 0.402881 0.909159 -0.105433 -0.277970 0.231298 0.932327
-12.419973 -93.533037 1924.319943 -6209.116970 0.873875 -0.332199 0.354945 0.314939 0.943036 0.107222 -0.370345 0.018087 0.928718
307.738417 -32.670310 59843.528625 -1079.463956 -0.009172 0.756638 -0.653770 0.542772 -0.545335 -0.638755 0.839830 0.360706 0.405680
497.384469 -50.272567 130192.975621 -7652.250187 -0.031117 0.709842 -0.703673 0.464047 -0.613280 -0.639177 0.885264 0.346427 0.310317
740.425170 -49.306639 -253461.179530 1576.824029 0.475512 0.853275 -0.214033 0.529033 -0.471756 -0.705387 0.702860 -0.222190 0.675736
789.003816 -49.163730 -256815.436177 1369.138263 0.504138 -0.456343 0.733209 0.548070 -0.487069 -0.679988 0.667431 0.744657 0.004558
45.034028 -56.291988 14409.601657 -13247.028481 -0.859158 0.350046 -0.373250 0.411907 0.905878 -0.098579 0.303612 -0.238439 -0.922478
15.162587 -68.335506 4984.689293 -15703.865050 -0.865072 0.364317 -0.344853 0.410707 0.909086 -0.069871 0.288046 -0.202077 -0.936053
25.440361 -46.121005 8769.483868 -2365.433542 -0.871041 0.354268 -0.340266 0.414771 0.901559 -0.123108 0.263157 -0.248365 -0.932236
-9.959570 -204.288855 1922.901980 -15229.766184 0.823429 -0.062583 0.563957 0.483287 -0.443431 -0.754852 -0.297317 -0.894121 0.334889
-6.957841 -234.699383 1908.251974 -25610.790204 0.810665 -0.050054 0.583367 0.528697 -0.365560 -0.766059 -0.251600 -0.929441 0.269883
-6.231369 -183.722108 1611.262496 -1359.311261 0.864393 -0.087614 0.495125 0.322587 -0.658709 -0.679735 -0.385697 -0.747279 0.541120
5.344177 -309.624614 1156.913595 -1846.543514 0.844680 -0.221604 0.487245 -0.528427 -0.200118 0.825056 0.085329 0.954382 0.286138
7.301973 -315.007103 2116.847583 -3879.993250 0.832212 -0.209803 0.513231 -0.493650 0.141094 0.858139 0.252453 0.967510 -0.013851
4.987872 -291.726868 2095.103558 -23956.016160 0.832557 -0.221720 0.507630 -0.454086 0.251685 0.854670 0.317260 0.942070 -0.108862
8.062782 -349.567002 1667.119332 24573.203448 0.839736 -0.222733 0.495211 -0.541019 -0.265470 0.798013 0.046280 0.938038 0.343427
6.347018 -350.840848 4017.394926 20012.814442 0.860612 -0.219987 0.459296 -0.492770 -0.587384 0.641996 -0.128552 0.778836 0.613912
3.769697 -263.246439 1594.688888 26136.463201 0.850332 -0.228048 0.474268 -0.514829 -0.547206 0.659937 -0.109025 0.805332 0.582712
-152.789849 -1952.051198 54237.683485 -6202309.425935 -0.710673 0.230366 -0.664737 -0.261485 0.790688 0.553569 0.653123 0.567225 -0.501683
-246.367993 -7648.642743 -52856.787806 4105086.857617 0.697481 -0.241940 0.674526 -0.627376 0.248707 0.737932 0.346295 0.937875 -0.021681
-13218.471507 -40099.542658 -6068586.915350 11847579.765000 -0.063388 0.915429 -0.397456 -0.664909 -0.335731 -0.667219 0.744230 -0.221978 -0.629958
-8.774640 -48.369548 -141.770209 865.580241 0.246569 0.763784 0.596521 0.121143 -0.634989 0.762964 -0.961524 0.115859 0.249095
-11.485343 -48.821723 1164.464318 1287.507218 0.231674 0.777211 0.585039 0.010708 -0.603401 0.797366 -0.972735 0.178464 0.148115
-9.522033 -45.456373 691.491373 1392.868352 0.212087 0.822798 0.527278 0.163654 -0.561837 0.810899 -0.963450 0.085690 0.253812
-10.599722 -42.218619 1268.388478 -252.135179 0.452281 -0.495513 0.741558 -0.401786 0.629108 0.665425 -0.796247 -0.598907 0.085444
-8.903512 -39.522054 -482.311432 -1516.090721 0.485694 -0.542217 0.685640 -0.376287 0.578286 0.723874 -0.788993 -0.609579 0.076840
-10.117655 -39.946533 81.240754 75.999013 0.435024 -0.491463 0.754466 -0.292328 0.715430 0.634590 -0.851645 -0.496613 0.167561
1.033681 -40.749425 -1268.135511 4679.127232 0.742957 -0.631945 0.220591 0.619987 0.773933 0.129012 -0.252251 0.040913 0.966797
-1.885218 -39.825925 -1135.685157 3000.721038 0.720941 -0.661780 0.205649 0.645456 0.749254 0.148341 -0.252252 0.025792 0.967318
-3.398948 -43.900348 -2419.667938 -2513.208495 0.711468 -0.665560 0.225485 0.656795 0.743904 0.123396 -0.249867 0.060305 0.966400
-1.322427 -42.666724 -2358.503382 -1923.017562 0.748598 -0.619226 0.236981 0.615981 0.781774 0.096936 -0.245291 0.073409 0.966666
2.050635 -41.665428 201.337870 4744.264891 0.769709 -0.602862 0.210013 0.597618 0.796126 0.095053 -0.224501 0.052345 0.973067
8.486957 -209.972799 -2681.016643 796.164208 -0.597651 0.610090 -0.520195 0.702912 0.710799 0.026058 0.385652 -0.350078 -0.853650
4.708872 -216.276653 -2326.495892 -10401.771749 -0.642026 0.580722 -0.500564 0.758798 0.574696 -0.306513 0.109674 -0.576616 -0.809621
1.034396 -205.966666 -928.240194 -10596.021091 -0.586578 0.605760 -0.537570 0.745167 0.663680 -0.065233 0.317259 -0.438843 -0.840692
15.862799 -244.930324 -6797.248682 15196.300754 -0.632379 0.553316 -0.542161 0.726752 0.666058 -0.167924 0.268196 -0.500208 -0.823325
5.677156 -208.672310 -629.365050 15242.319044 -0.581202 0.609546 -0.539127 0.560349 0.780199 0.278025 0.590096 -0.140511 -0.795012
8.520273 -194.092413 -2017.195760 13265.848798 -0.569967 0.616616 -0.543068 0.546257 0.778083 0.310144 0.613792 -0.119883 -0.780313
15.414859 -224.783640 -6688.914497 22373.753913 -0.563143 0.591176 -0.577391 0.632422 0.758059 0.159341 0.531895 -0.275423 -0.800768
-22.045665 -147.087195 -2881.960926 -44155.967065 0.814777 -0.079815 0.574255 -0.490300 -0.623476 0.609002 -0.309426 0.777758 0.547127
-19.087573 -356.006529 -1890.904108 -93391.322356 0.745274 -0.109008 0.657787 -0.535918 -0.684873 0.493701 -0.396683 0.720462 0.568838
-55.326162 -839.863370 -13903.040709 -243498.284225 0.741013 -0.088239 0.665668 -0.541138 -0.665421 0.514183 -0.397579 0.741234 0.540835
-63.133564 -710.357913 25295.209958 -222578.452721 0.942981 0.310741 0.119274 0.065590 -0.524803 0.848693 -0.326319 0.792478 0.515261
-40.152139 -70.292293 -14334.653423 -4217.864171 0.743310 -0.157063 0.650247 -0.613186 -0.548508 0.568456 -0.267382 0.821261 0.504020
65.223698 -1081.111229 -20556.708987 369310.211650 -0.538159 -0.029086 -0.842342 0.746740 0.446999 -0.492515 0.390851 -0.894061 -0.218837
62.027242 -1432.099499 -20283.353111 523020.488219 -0.596383 -0.090656 -0.797564 0.720354 0.377922 -0.581606 0.354143 -0.921388 -0.160082
16.189265 -184.986849 -3711.982918 19271.797909 -0.463158 -0.053097 -0.884684 0.715022 0.567416 -0.408390 0.523669 -0.821717 -0.224838
21.197428 -161.481958 492.283861 16435.487804 -0.532728 -0.023031 -0.845973 0.653862 0.623426 -0.428724 0.537275 -0.781543 -0.317058
-53.732604 -79.947848 950.603100 6597.435040 -0.464617 0.807820 0.362709 0.272609 0.520196 -0.809370 0.842505 0.277169 0.461911
-43.424446 -68.932051 568.906932 5692.324286 -0.412768 0.910778 0.010318 0.368130 0.177178 -0.912736 0.833128 0.372950 0.408418
-7.664090 -126.806121 -1669.018718 -48949.216299 0.024576 -0.858252 -0.512639 0.999446 0.032606 -0.006676 0.022445 -0.512191 0.858578
3.344740 -128.787311 -6093.853505 -15672.040131 0.171994 -0.827739 -0.534103 0.935052 0.307794 -0.175902 0.309995 -0.469160 0.826917
-25.982705 -169.080510 10961.982337 -27801.422444 0.151166 -0.779470 -0.607926 0.945127 0.294158 -0.142148 0.289627 -0.553080 0.781165
-66.778046 -401.089675 24552.788830 -149107.916311 0.331639 -0.690438 -0.642893 0.943358 0.235809 0.233387 -0.009539 -0.683878 0.729534
60.335166 -121.464140 6625.789514 -30462.627925 0.477628 0.813956 -0.330676 -0.433760 -0.108840 -0.894431 0.764018 -0.570639 -0.301077
55.017708 -169.100202 -239.367414 -25128.647191 0.629807 0.715538 -0.302240 -0.579375 0.173577 -0.796364 0.517366 -0.676666 -0.523885
41.166859 -148.385735 2289.177711 -5655.956943 0.570600 0.782458 -0.249349 0.745475 -0.366142 0.556962 0.344503 -0.503686 -0.792224
14.290899 -45.702485 2934.560990 67.702256 -0.049820 0.969031 -0.241863 -0.501200 0.185208 0.845279 -0.863896 -0.163333 -0.476451
6.617901 -47.840184 1379.566507 -56.867163 -0.031429 0.968652 -0.246427 -0.539302 0.191145 0.820132 -0.841525 -0.158675 -0.516389
5.966449 -48.683257 1486.995300 3198.126967 -0.049585 0.974173 -0.220291 -0.423362 0.179267 0.888047 -0.904603 -0.137297 -0.403539
11.085633 -46.961139 2355.826046 -2112.660707 -0.025534 0.968103 -0.249250 -0.621279 0.179966 0.762644 -0.783174 -0.174327 -0.596866
22.285471 -45.101779 3612.165158 -2997.085341 -0.091056 0.969156 -0.229009 -0.589578 0.132867 0.796708 -0.802562 -0.207564 -0.559295
-2.953677 -59.146748 -1536.137042 2371.162439 -0.154635 0.986934 0.045268 0.431755 0.026294 0.901608 -0.888637 -0.158965 0.430179
-2.220137 -51.761979 -1347.200711 1560.538039 -0.156336 0.987212 0.031179 0.547015 0.060256 0.834951 -0.822395 -0.147588 0.549440
-4.494775 -55.138644 -1033.278364 2244.194811 -0.137221 0.989662 0.041703 0.500139 0.032884 0.865320 -0.855004 -0.139598 0.499481
-3.460241 -48.134289 -876.287731 2529.044259 -0.140330 0.989518 0.034088 0.624576 0.061755 0.778518 -0.768253 -0.130540 0.626695
-4.921777 -60.980909 -899.285879 2815.148866 -0.135225 0.989524 0.050560 0.399027 0.007680 0.916907 -0.906913 -0.144164 0.395885
-5.302981 -55.284798 -776.209943 2744.881759 -0.130893 0.990357 0.045385 0.521352 0.029824 0.852820 -0.843243 -0.135290 0.520229
-0.450764 -131.711720 -828.843148 -2732.173330 0.195928 0.980592 -0.007154 -0.980472 0.196019 0.015838 -0.016933 -0.003911 -0.999849
5.941511 -78.082531 14.745279 688.113921 -0.258630 -0.907251 -0.331673 0.945129 -0.166714 -0.280959 0.199606 -0.386138 0.900586
4.703223 -75.554725 -1.850412 1887.166631 -0.274924 -0.906535 -0.320329 0.924408 -0.157620 -0.347312 0.264361 -0.391599 0.881342
6.121688 -76.748098 -855.109667 259.581146 -0.249698 -0.910284 -0.330204 0.889457 -0.080815 -0.449816 0.382775 -0.406020 0.829838
6.309320 -83.445166 239.922014 2968.831468 -0.293299 -0.898990 -0.325258 0.953606 -0.250943 -0.166320 0.067899 -0.358949 0.930884
7.821174 -78.837325 363.380288 1443.862558 -0.270786 -0.891890 -0.362226 0.938390 -0.160639 -0.305972 0.214706 -0.422762 0.880440
8.913575 -85.465839 38.950613 3529.014446 -0.294226 -0.893869 -0.338275 0.954671 -0.258166 -0.148171 0.045114 -0.366537 0.929309
-7.088811 -46.428277 776.605056 -3327.493843 -0.160009 0.969900 -0.183553 0.986980 0.160277 -0.013472 0.016353 -0.183319 -0.982918
-4.479618 -47.825407 278.336171 -111.361861 -0.259803 0.946325 -0.192280 0.964579 0.244886 -0.098077 -0.045726 -0.210950 -0.976427
89.188423 -57.198072 17035.889513 10427.252401 0.231026 0.798207 -0.556320 -0.367455 -0.457860 -0.809531 0.900891 -0.391445 -0.187528
91.637601 -49.959812 -450.068832 -2703.536409 0.497578 0.655892 -0.567646 -0.335396 -0.458033 -0.823235 0.799954 -0.600010 0.007923
92.365905 -53.481500 3017.401768 10412.784273 0.466436 0.672083 -0.575101 -0.338810 -0.464831 -0.818010 0.817095 -0.576399 -0.010895
5.557752 -29.498658 2281.565315 457.151101 -0.045110 -0.616377 -0.786158 0.185711 0.768067 -0.612849 0.981568 -0.173644 0.079821
-1.966177 -30.785250 1652.159219 1008.981973 -0.022538 -0.529405 -0.848070 0.147110 0.837295 -0.526589 0.988863 -0.136628 0.059010
4.457811 -30.777919 2832.209096 630.552555 -0.044314 -0.589592 -0.806485 0.225589 0.780521 -0.583007 0.973214 -0.207770 0.098417
37.667430 -430.020237 10299.248015 -69920.975710 0.776372 0.616854 -0.129375 -0.209673 0.059199 -0.975978 0.594377 -0.784848 -0.175298
14.243866 -48.882390 5282.901800 -807.444733 0.170845 0.972911 0.155743 -0.750801 0.230907 -0.618854 0.638052 0.011204 -0.769912
-25.850463 -36.017563 368.618870 -1682.192814 0.069870 0.991750 0.107471 -0.734856 -0.021686 0.677876 -0.674615 0.126339 -0.727278
-26.402007 -35.218134 -972.549088 -402.946110 -0.181636 0.962350 0.202214 -0.716443 -0.270360 0.643128 -0.673585 0.028060 -0.738577
-3.668300 -120.849035 112.818911 7104.662230 0.323611 0.928151 0.183878 -0.050798 0.211097 -0.976144 0.944826 -0.306551 -0.115461
-4.909519 -109.208695 -87.993712 7312.691945 0.320162 0.932255 0.168513 -0.263386 0.258456 -0.929424 0.910013 -0.253182 -0.328291
-4.227987 -117.451126 -363.635665 6066.978518 0.329602 0.924359 0.192152 -0.031434 0.214156 -0.976294 0.943596 -0.315749 -0.099642
-201.889955 -2166.401887 -86832.681550 492793.149774 0.386568 -0.002105 -0.922258 0.379436 0.911807 0.156961 0.840591 -0.410614 0.353274
-3434.118872 -4366.332566 1327487.845126 -1828746.587464 -0.557371 0.560595 -0.612430 0.695458 0.718152 0.024434 0.453515 -0.412300 -0.790147
-216.532899 -2464.263703 141093.577312 -953239.382566 -0.381218 0.423653 -0.821700 0.922941 0.225756 -0.311792 0.053412 -0.877241 -0.477069
-137.340057 -280.657745 -1627.150646 -61481.019670 -0.132050 0.243387 -0.960898 0.991140 0.018433 -0.131538 -0.014303 -0.969754 -0.243665
-86.162581 -925.228938 -34060.243015 -250874.956067 0.302861 0.099134 -0.947865 0.943231 -0.173469 0.283238 -0.136347 -0.979837 -0.146044
8.365926 -788.693631 -13642.319043 -244231.995691 0.635938 -0.666411 0.389202 0.614602 0.742337 0.266835 -0.466740 0.069514 0.881658
104.771969 -5589.986501 17775.441994 -3199004.115851 -0.596258 0.733703 -0.325816 0.493571 0.655124 0.572014 -0.633138 -0.180254 0.752758
-20.840560 -492.767041 -6136.300320 -97616.020243 0.639499 -0.660578 0.393290 0.401538 0.723242 0.561861 -0.655597 -0.201388 0.727760
-9.114152 -52.054066 1590.913436 -311.950021 -0.151778 0.969867 -0.190584 0.225635 -0.153729 -0.962006 0.962316 0.189014 0.195503
-6.626811 -52.272043 2500.539034 784.777627 -0.185135 0.962046 -0.200482 0.106925 -0.183077 -0.977267 0.976879 0.202362 0.068973
6.105544 -45.313837 6308.101941 -1373.474812 -0.249577 0.967091 -0.049466 0.116647 -0.020686 -0.992958 0.961304 0.253589 0.107645
-22.972031 -37.305887 -3590.711672 -2960.683444 -0.647866 0.743541 -0.165579 0.372158 0.498608 0.782872 -0.664656 -0.445575 0.599746
-15.705461 -42.204375 -2970.221096 -3707.258913 -0.433974 0.882854 0.179542 0.617682 0.146493 0.772664 -0.655847 -0.446216 0.608897
-22.146243 -42.503363 -918.492470 -2371.990304 -0.627525 0.766874 -0.134599 0.460565 0.504998 0.729971 -0.627768 -0.396084 0.670094
-28.030619 -45.537305 4043.493733 -3085.340920 0.723485 -0.590930 0.356890 0.272745 0.719597 0.638584 -0.634176 -0.364666 0.681791
124.935931 -114.638439 2217.230379 2631.258718 0.531397 0.846624 -0.029067 0.805569 -0.494418 0.326511 -0.262060 0.196923 0.944746
150.618534 -105.716285 2085.508137 4758.942008 0.431614 0.868975 0.242058 0.845023 -0.483398 0.228611 -0.315667 -0.105873 0.942945
150.799694 -118.708002 -10182.041672 2005.144374 0.419657 0.882600 0.211910 0.750560 -0.468712 0.465800 -0.510439 0.036425 0.859142
-19.424962 -25.773704 -1461.710493 3963.907705 0.313492 -0.888177 -0.335952 0.911767 0.182683 0.367843 -0.265337 -0.421625 0.867080
-4.932421 -27.096249 12080.606730 2452.082062 -0.245297 -0.778127 -0.578229 0.939895 -0.337034 0.054826 -0.237545 -0.530026 0.814030
15.663325 -37.896794 15542.816703 3483.214076 -0.065937 -0.807972 -0.585519 0.948599 -0.232788 0.214405 -0.309535 -0.541286 0.781791
25.703862 -45.743429 9528.806960 904.552942 0.141374 0.961523 0.235555 0.435081 -0.274082 0.857662 -0.889223 0.018765 0.457089
32.004423 -43.642239 1913.089045 905.944802 0.043558 0.943953 0.327193 0.481564 -0.306784 0.820963 -0.875328 -0.121805 0.467937
25.406456 -45.072230 2920.967143 1872.960824 0.048822 0.949308 0.310532 0.383775 -0.304866 0.871650 -0.922135 -0.076618 0.379205
19.860875 -46.582372 6197.290570 1321.844730 0.124733 0.962903 0.239291 0.314525 -0.267110 0.910893 -0.941018 0.038355 0.336174
650.703011 -80.033805 247059.815882 6400.692747 -0.632257 0.683652 -0.364515 -0.161200 -0.576272 -0.801202 0.757804 0.447806 -0.474556
662.048015 -2.686386 42515.225737 5620.823004 0.065804 0.631658 -0.772450 0.218258 0.746270 0.628843 0.973670 -0.209974 -0.088757
-3.425319 -62.037373 764.353816 1306.841284 -0.448001 0.864149 -0.229218 0.531070 0.050974 -0.845793 0.719208 0.500647 0.481760
-3.313558 -64.544707 414.044690 5445.759528 -0.423491 0.874165 -0.237680 0.407058 -0.050764 -0.911991 0.809296 0.482969 0.334337
-2.263260 -62.248746 723.093626 7587.337434 -0.437153 0.861261 -0.259090 0.411706 -0.064490 -0.909032 0.799622 0.504055 0.326394
-6.513735 -72.585476 -240.801160 13597.536871 -0.319031 0.902958 -0.287900 0.019431 -0.297479 -0.954531 0.947545 0.310119 -0.077359
-10.605583 -101.836853 -120.684956 11360.370373 -0.330322 0.903476 -0.273164 0.257838 -0.192029 -0.946913 0.907969 0.383218 0.169519
-8.420280 -99.035729 -480.333142 -5174.837455 -0.566611 0.701387 -0.432444 -0.107803 -0.583410 -0.804992 0.816903 0.409499 -0.406178
-6.511593 -112.688178 -1124.286454 -8697.064010 -0.543229 0.690099 -0.478190 -0.089906 -0.614095 -0.784095 0.834757 0.382951 -0.395638
0.526002 -107.788468 442.682392 -7579.663578 -0.528664 0.701149 -0.478439 0.125429 -0.492930 -0.860981 0.839513 0.515179 -0.172650
0.304135 -130.587155 -362.081853 -9803.166983 -0.523474 0.685627 -0.505856 -0.092086 -0.635747 -0.766385 0.847051 0.354600 -0.395934
-17.953280 -55.888919 1567.867715 -1372.748530 0.583211 -0.290256 0.758694 0.427840 0.903698 0.016848 -0.690520 0.314774 0.651229
-20.804074 -52.972594 1704.801692 -599.243030 0.574073 -0.242263 0.782144 0.349135 0.936462 0.033806 -0.740638 0.253667 0.622180
-17.957293 -53.193917 740.617865 -410.286526 0.603635 -0.218803 0.766649 0.281667 0.958120 0.051674 -0.745848 0.184747 0.639984
-20.986150 -50.225730 1273.742597 -599.475813 0.582818 -0.148441 0.798929 0.205844 0.978076 0.031564 -0.786098 0.146059 0.600596
-7.217884 -71.402901 1269.432622 1144.277275 0.889641 -0.272915 0.366136 0.057184 0.862037 0.503609 -0.453066 -0.427094 0.782510
-11.249015 -73.556886 2211.514794 -3025.912516 0.889167 -0.283246 0.359380 0.129439 0.909004 0.396178 -0.438894 -0.305750 0.844919
-22.092436 -111.037484 1738.180119 9523.773436 0.817680 -0.367787 0.442868 -0.474742 -0.865936 0.157400 -0.325606 0.338951 0.882662
1054.674856 -68.618318 321247.010338 6245.353398 -0.564159 0.517354 -0.643482 0.417228 -0.493894 -0.762882 0.712492 0.698866 -0.062780
2.938008 -84.741581 2263.289971 -20696.531564 -0.865602 0.365135 -0.342651 0.392847 0.919518 -0.012552 0.310491 -0.145474 -0.939379
18.423041 -104.669086 6214.374593 -22165.949979 -0.872997 0.343062 -0.346676 0.339388 0.937782 0.073361 0.350274 -0.053613 -0.935112
-4.682507 -287.150796 2823.478075 -54398.677395 0.839799 -0.041588 0.541302 0.437461 -0.538623 -0.720078 -0.321504 -0.841520 0.434142
-3.615104 -344.856837 2397.232281 -71691.090844 0.793841 -0.033622 0.607195 0.588985 -0.206018 -0.781443 -0.151367 -0.977971 0.143742
5.154653 -313.354271 839.770561 -13881.773920 0.822327 -0.195701 0.534303 -0.388164 0.493656 0.778224 0.416061 0.847352 -0.329982
7.564324 -345.395953 544.505425 -23971.997978 0.831386 -0.201304 0.517952 -0.474942 0.226486 0.850373 0.288493 0.952985 -0.092689
6.093047 -588.056169 842.464422 -54302.816211 0.834634 -0.237422 0.497008 -0.532490 -0.578555 0.617843 -0.140857 0.780324 0.609306
28.348214 -667.722536 3721.696055 141354.870226 0.886463 -0.203417 0.415697 -0.456331 -0.234551 0.858340 0.077099 0.950583 0.300746
27.893734 -751.080107 13155.064921 142200.754332 0.835419 -0.249107 0.489919 -0.539746 -0.203693 0.816813 0.103681 0.946813 0.304624
-0.767699 -23.336993 -675.268566 -2099.333407 -0.031981 0.971308 0.235665 -0.351590 -0.231649 0.907041 -0.935608 0.053850 -0.348910
-0.813021 -20.745726 -1027.735690 -757.390976 0.013047 0.992928 0.117998 -0.391493 -0.103515 0.914340 -0.920089 0.058124 -0.387374
2.592982 -24.528842 -2424.493328 -1015.466250 -0.012704 0.989556 0.143586 -0.368316 -0.138132 0.919382 -0.929614 0.041205 -0.366224
-5.594423 -18.917125 -855.746590 -1263.897153 -0.016201 0.973379 0.228630 -0.384517 -0.217140 0.897216 -0.922976 0.073376 -0.377799
3.697711 -28.339878 -2389.174370 -2260.128026 -0.049958 0.971973 0.229725 -0.308996 -0.233769 0.921886 -0.949750 0.024928 -0.312015
-0.225865 -27.412279 -509.427607 -2602.824501 -0.054426 0.949021 0.310477 -0.289966 -0.312560 0.904558 -0.955488 0.040797 -0.292195
-3.363712 -22.749661 -148.224870 -2617.702571 -0.053013 0.947047 0.316689 -0.342601 -0.315135 0.885050 -0.937984 0.061579 -0.341165
-0.546127 -39.285649 -5637.923062 1918.629771 0.416630 0.385864 0.823121 -0.462490 0.869482 -0.173504 -0.782638 -0.308398 0.540711
-0.455424 -35.772146 -4016.026804 225.878972 0.409903 0.430299 0.804253 -0.439655 0.865751 -0.239123 -0.799177 -0.255576 0.544057
17.779972 -38.077806 -8359.888305 2808.935354 0.297757 0.577913 0.759841 -0.593936 0.735284 -0.326491 -0.747383 -0.354082 0.562179
-10.097807 -41.553321 -2059.256792 -256.548391 0.531747 0.163898 0.830892 -0.264061 0.964273 -0.021217 -0.804684 -0.208125 0.556028
5.049356 -45.089319 -7366.642345 3060.514795 0.375796 0.435162 0.818175 -0.563949 0.807973 -0.170708 -0.735349 -0.397258 0.549043
-9.248673 -45.630165 -3230.892316 1436.394431 0.519226 0.224643 0.824584 -0.361050 0.932167 -0.026606 -0.774627 -0.283902 0.565113
-13.082308 -38.999564 812.933150 946.089698 0.407628 -0.469525 0.783189 -0.202422 0.789880 0.578891 -0.890430 -0.394507 0.226934
-15.785807 -37.188195 784.680415 910.147397 0.373782 -0.467117 0.801304 -0.120566 0.832125 0.541324 -0.919647 -0.298948 0.254715
-14.189408 -39.606167 1071.211316 1051.369639 0.370115 -0.443068 0.816520 -0.234602 0.805871 0.543630 -0.898875 -0.392763 0.194320
-6.315638 -44.188405 -220.670706 -4210.803089 0.687877 -0.700084 0.191594 0.688065 0.712994 0.134929 -0.231067 0.039015 0.972155
-1.581885 -40.711430 -202.830670 3571.015413 0.690631 -0.699741 0.182735 0.680481 0.714305 0.163444 -0.244897 0.011469 0.969481
9.824513 -258.978342 -6038.029247 -10424.490742 -0.670286 0.555479 -0.492098 0.739459 0.444005 -0.506024 -0.062592 -0.703067 -0.708364
8.897103 -91.471547 -1303.355456 3097.941261 0.601586 -0.363739 0.711188 0.725991 0.620347 -0.296829 -0.333215 0.694884 0.637263
15.094091 -144.060079 37.502794 30226.032387 0.730121 -0.284160 0.621430 -0.640721 -0.600767 0.478075 -0.237485 0.747216 0.620700
13.790805 -163.333170 -24.804947 31462.219176 0.707135 -0.343157 0.618226 -0.663710 -0.623634 0.413002 -0.243822 0.702371 0.668750
-7.891808 -199.749896 613.665566 -49341.580792 0.662216 -0.223682 0.715148 -0.595643 -0.736193 0.321292 -0.454620 0.638738 0.620753
12.219441 -125.684007 -329.999357 9408.335820 0.558183 -0.426921 0.711457 0.732586 0.656162 -0.181020 -0.389550 0.622246 0.679015
14.133014 -426.780804 267.321458 141300.953524 -0.360596 -0.007722 -0.932690 0.815140 0.483414 -0.319151 0.453340 -0.875358 -0.168023
0.434653 -425.234369 -2329.183861 115544.832056 -0.469558 0.013435 -0.882800 0.869118 0.183023 -0.459495 0.155400 -0.983017 -0.097617
-53.969549 -89.174525 1003.668901 6016.595809 0.499509 -0.658055 -0.563430 0.292008 0.740215 -0.605651 0.815611 0.138002 0.561902
-44.043321 -97.490336 741.022217 10622.159350 0.451797 -0.601544 -0.658805 0.185406 0.785659 -0.590224 0.872642 0.144515 0.466488
