14919
29827
-55.525489 -83.620953 658.845251 -14027.864786 0.699542 0.387402 0.600467 -0.406617 -0.475197 0.780289 -0.587625 0.790005 0.174896
-61.380682 -92.987226 -1591.761358 -9390.205051 0.646120 0.408074 0.644985 -0.355031 -0.587378 0.727283 -0.675634 0.698902 0.234637
-54.817486 -111.805152 4270.755466 -19315.059210 0.771799 0.516320 0.371134 -0.108481 -0.468193 0.876942 -0.626545 0.717084 0.305340
-51.461129 -82.628569 -1055.921052 8727.351337 0.427681 0.248508 0.869099 0.589810 0.651873 -0.476639 -0.684991 0.716453 0.132221
-47.803872 -93.514341 4180.761538 -22866.200328 0.814043 0.436335 0.383335 -0.241205 -0.346423 0.906538 -0.528350 0.830423 0.176757
-38.807499 -61.403480 3449.433180 9660.262574 0.595076 0.233455 0.769014 0.636346 0.447570 -0.628287 -0.490864 0.863238 0.117780
-44.149521 -67.327617 -566.967950 7467.361507 0.377488 0.166864 0.910856 0.724840 0.558901 -0.402785 -0.576289 0.812272 0.090029
50.352690 -109.821452 -16912.332589 2099.190394 -0.457626 -0.147971 -0.876746 -0.352527 0.935437 0.026129 0.816274 0.321034 -0.480244
23.032766 -106.818733 -17470.893127 1269.067869 -0.389060 -0.189529 -0.901505 -0.231809 0.967260 -0.103312 0.891570 0.168782 -0.420256
14.616377 -99.747530 -19044.653629 629.651131 -0.391869 -0.089342 -0.915673 -0.378242 0.922916 0.071823 0.838673 0.374492 -0.395455
30.569371 -52.523110 -10266.607783 1360.881479 0.689033 0.615594 0.382463 -0.402330 -0.114031 0.908365 -0.602796 0.779770 -0.169101
36.579819 -55.236984 -8185.712743 1229.900757 0.709498 0.595295 0.377142 -0.463882 -0.008350 0.885858 -0.530496 0.803464 -0.270222
40.537630 -53.921813 -2715.293584 1490.301190 0.730129 0.525436 0.436840 -0.438867 -0.129418 0.889183 -0.523744 0.840933 -0.136105
16.828034 -52.924066 -11378.010089 1326.532238 0.680430 0.660292 0.317852 -0.409314 -0.017331 0.912229 -0.607846 0.750809 -0.258474
34.152923 -50.737705 -5941.364474 651.308700 0.705916 0.556335 0.438376 -0.389448 -0.212097 0.896295 -0.591619 0.803434 -0.066941
18.303000 -50.597832 -12472.860708 985.243821 0.672031 0.657283 0.341106 -0.363184 -0.108881 0.925334 -0.645346 0.745737 -0.165543
21.438961 -49.122604 -9430.783003 413.068568 0.683816 0.622126 0.381255 -0.336541 -0.194697 0.921321 -0.647407 0.758322 -0.076234
43.198545 -52.912925 17772.200110 9260.130477 -0.701080 -0.307032 -0.643598 0.141805 0.824502 -0.547802 0.698841 -0.475318 -0.534503
47.201301 -58.454227 19907.198614 7569.283579 -0.669774 -0.323573 -0.668359 0.230930 0.764672 -0.601620 0.705744 -0.557294 -0.437435
68.038103 -50.611508 20874.032049 10493.981638 -0.623436 -0.347106 -0.700603 0.162746 0.818821 -0.550496 0.764749 -0.457220 -0.453992
55.843489 -50.573809 18269.525646 1958.327093 -0.645483 -0.328788 -0.689383 0.147801 0.831768 -0.535085 0.749337 -0.447280 -0.488297
78.390751 -47.875885 18903.532346 4760.137200 -0.577805 -0.389928 -0.717006 0.141703 0.817227 -0.558624 0.803780 -0.424377 -0.416944
84.504839 -53.716968 8316.182389 9873.892886 -0.488061 -0.441080 -0.753156 0.148901 0.808183 -0.569797 0.860014 -0.390241 -0.328766
-7.589437 -79.140633 224.455050 -16077.546553 0.842547 0.201072 0.499684 -0.330168 -0.540174 0.774081 -0.425563 0.817179 0.388735
-5.767966 -83.299289 232.489310 -16456.225232 0.854212 0.185351 0.485764 -0.316487 -0.555891 0.768649 -0.412501 0.810327 0.416188
-6.072426 -79.017858 980.599929 -6682.903116 0.847415 0.171613 0.502431 -0.360059 -0.509703 0.781383 -0.390186 0.843061 0.370140
-5.638278 -85.513259 -1286.327921 -5312.767430 0.884366 0.170738 0.434449 -0.330419 -0.428451 0.840983 -0.329728 0.887287 0.322492
-5.641287 -83.534352 492.957660 -3433.962741 0.884956 0.140541 0.443962 -0.320537 -0.507738 0.799661 -0.337801 0.849971 0.404277
-7.655358 -82.254459 525.922283 -10314.574013 0.885494 0.140482 0.442905 -0.372347 -0.355667 0.857239 -0.277953 0.923995 0.262633
-6.201328 -81.594664 -1317.044521 -6175.009300 0.893359 0.180328 0.411571 -0.358238 -0.267079 0.894614 -0.271246 0.946652 0.173997
-3.550335 -85.704720 -1738.396838 -10640.625408 0.886901 0.188453 0.421772 -0.353049 -0.312319 0.881937 -0.297931 0.931097 0.210463
-1.459779 -143.811893 1478.021628 7070.133529 0.938623 0.157073 0.307107 -0.095135 -0.737900 0.668171 -0.331566 0.656378 0.677667
-4.337928 -142.215787 1682.916396 -6653.217173 0.935864 0.153229 0.317299 -0.206782 -0.490297 0.846670 -0.285306 0.857980 0.427166
-3.194803 -141.212688 929.388548 895.455414 0.936414 0.173089 0.305235 -0.120307 -0.658779 0.742655 -0.329628 0.732155 0.596066
-3.727054 -144.975194 892.551830 -5347.547879 0.931794 0.149343 0.330841 -0.207951 -0.527422 0.823761 -0.297516 0.836375 0.460393
-0.653634 -133.163399 1253.313568 13614.732006 0.938511 0.177087 0.296374 -0.005893 -0.850091 0.526602 -0.345199 0.495969 0.796776
-0.440533 -129.555048 1197.226528 16238.042600 0.939958 0.173192 0.294081 0.024305 -0.893455 0.448494 -0.340424 0.414418 0.844020
-1.761408 -144.567761 641.127088 9300.607359 0.933491 0.158557 0.321642 -0.090173 -0.764330 0.638489 -0.347078 0.625027 0.699198
-0.549925 -69.145882 1136.701340 -5478.582775 0.923213 0.148728 0.354341 -0.300985 -0.293435 0.907361 -0.238926 0.944339 0.226139
-3.307222 -64.701728 3229.245282 -1290.891776 0.927649 0.130664 0.349848 -0.302132 -0.288039 0.908708 -0.219505 0.948662 0.227722
-4.073850 -73.673071 1689.581372 -8420.672620 0.908150 0.127625 0.398718 -0.330608 -0.365649 0.870057 -0.256831 0.921962 0.289870
-7.950569 -90.057096 -1665.176868 -14504.897399 0.916306 0.173226 0.361076 -0.265756 -0.411474 0.871816 -0.299594 0.894808 0.331000
-8.223327 -94.445379 1237.985168 -10871.978546 0.904920 0.123075 0.407397 -0.291351 -0.518621 0.803832 -0.310216 0.846100 0.433453
-15.718999 -124.425162 -7869.003589 3675.507296 -0.086734 0.966058 -0.243330 -0.505865 0.167711 0.846152 -0.858241 -0.196482 -0.474149
4.748218 -122.878959 -13621.597921 1908.403327 -0.154112 0.964108 -0.216208 -0.604134 0.081206 0.792734 -0.781839 -0.252788 -0.569936
1.187654 -111.175670 -14618.380201 9752.834747 -0.153488 0.957589 -0.243852 -0.370241 0.173069 0.912671 -0.916168 -0.230368 -0.327975
-8.410689 -96.873275 -16319.488132 11305.936183 -0.149906 0.929098 -0.338091 -0.186460 0.309252 0.932521 -0.970959 -0.202831 -0.126881
-21.203811 -110.362251 -7119.137776 9082.224174 -0.061684 0.956341 -0.285671 -0.282419 0.257795 0.924003 -0.957306 -0.137675 -0.254187
13.666822 -32.481879 -1056.015527 -4449.345272 0.710614 0.259481 0.653986 -0.120621 0.960677 -0.250101 -0.693166 0.098841 0.713969
13.813643 -40.364070 1969.224761 -5565.605921 0.732385 0.260693 0.629009 -0.083779 0.951285 -0.296713 -0.675717 0.164610 0.718547
15.813398 -33.271823 4439.586609 -5278.438312 0.746396 0.259825 0.612686 -0.123283 0.958685 -0.256367 -0.653984 0.115817 0.747591
10.989761 -38.824241 -3485.645351 -5711.938380 0.684984 0.260812 0.680275 -0.075078 0.954026 -0.290169 -0.724679 0.147687 0.673074
11.389650 -30.810465 2532.520507 -784.273069 0.741660 0.254547 0.620602 -0.135937 0.963038 -0.232548 -0.656858 0.088109 0.748849
9.246300 -29.910996 -3633.321455 492.323748 0.685752 0.255576 0.681487 -0.143274 0.965402 -0.217881 -0.713594 0.051773 0.698644
9.694456 -32.267985 -7523.205998 -3672.342858 0.659675 0.239325 0.712428 -0.097762 0.967214 -0.234391 -0.745166 0.084973 0.661444
-14.197998 -117.687003 -143.741232 3821.153750 0.931122 0.208394 0.299305 -0.331933 0.824248 0.458732 0.151105 0.526485 -0.836649
-15.837958 -119.017269 2308.651827 2210.796058 0.923666 0.185007 0.335579 -0.289368 0.910849 0.294314 0.251212 0.368954 -0.894855
-17.090237 -120.602972 -1392.439693 860.018863 0.944152 0.190399 0.268934 -0.265753 0.922528 0.279853 0.194815 0.335694 -0.921605
-16.679270 -124.368568 -2931.790670 3137.433120 0.948351 0.206668 0.240663 -0.285623 0.886382 0.364343 0.138021 0.414264 -0.899631
-17.832054 -120.151879 1907.041768 -3076.483799 -0.962027 -0.156551 -0.223598 -0.181069 0.979006 0.093600 0.204251 0.130533 -0.970177
30.841210 -52.809916 -17981.739468 1686.806135 0.556526 0.582896 0.592039 -0.654055 0.746797 -0.120443 -0.512339 -0.320196 0.796858
2.917992 -54.318051 -11248.872885 2079.794565 0.624535 0.514309 0.587744 -0.620546 0.783725 -0.026414 -0.474214 -0.348225 0.808616
-1.881359 -51.119027 -6957.437019 308.940927 0.632745 0.522684 0.571345 -0.600845 0.796835 -0.063554 -0.488486 -0.303077 0.818245
-4.353426 -142.108925 699.676481 -4981.761847 0.060977 0.905123 -0.420754 -0.266408 -0.391488 -0.880775 0.961930 -0.165799 -0.217260
-5.859912 -141.139886 946.188688 -8278.043132 0.049890 0.908873 -0.414079 -0.404992 -0.360570 -0.840221 0.912958 -0.209617 -0.350097
-5.451719 -148.108206 1124.031715 1972.636226 0.062382 0.904476 -0.421938 -0.246333 -0.395729 -0.884714 0.967176 -0.159127 -0.198116
-4.666476 -161.009980 154.910790 14705.886207 0.074507 0.896664 -0.436396 -0.114751 -0.426997 -0.896943 0.990596 -0.116905 -0.071078
-24.298310 -130.746942 -815.825096 -1700.169363 0.000800 0.970248 -0.242110 -0.614080 0.191560 0.765644 -0.789244 -0.148063 -0.595963
-30.664480 -122.771198 1813.109129 7106.889585 0.054606 0.963853 -0.260777 -0.364379 0.262391 0.893520 -0.929648 -0.046231 -0.365536
-26.120563 -132.118463 4439.513611 -148.566366 0.086394 0.962917 -0.255593 -0.586109 0.256583 0.768532 -0.805613 -0.083409 -0.586541
-15.996748 -130.422567 234.463511 -6370.200354 0.002840 0.974591 -0.223972 -0.794745 0.138138 0.591015 -0.606937 -0.176322 -0.774944
-10.995232 -129.136307 -6828.302005 -3324.506592 -0.098809 0.972243 -0.212085 -0.716382 0.078427 0.693286 -0.690676 -0.220437 -0.688748
1604.155689 -12172.948917 144839.392914 6482076.603417 -0.248119 0.443237 0.861382 0.923081 -0.161563 0.349025 0.293868 0.881725 -0.369057
-293.500236 -647.441581 11134.670552 434108.351205 -0.510460 0.766386 0.389978 0.061575 0.484928 -0.872383 0.857694 0.421303 0.294727
56.174950 -343.482080 -27764.832373 51404.235693 -0.425841 -0.267598 0.864321 0.793239 -0.569928 0.214368 0.435236 0.776900 0.454968
15.158531 -3073.161627 14796.012607 -1211758.715100 -0.246733 -0.779746 0.575429 0.839934 0.124098 0.528309 -0.483357 0.613673 0.624316
-28.298284 -425.039122 12842.815371 -135002.224089 -0.077984 -0.206823 0.975265 0.806903 0.561431 0.183583 -0.585513 0.801261 0.123104
67.953146 -1248.125751 39878.801457 571500.563818 -0.246240 -0.754237 0.608681 0.923416 -0.373329 -0.089038 0.294394 0.540141 0.788403
-113.933277 -4601.820635 -21689.290511 -1312446.180642 -0.271119 -0.832497 0.483160 0.900589 -0.396574 -0.177954 0.339755 0.386882 0.857257
748.281639 -24740.750231 -257714.316285 122257874.777407 0.460416 0.805275 -0.373563 0.350996 0.221384 0.909830 -0.815364 0.550020 0.180719
1167.301669 -1279.490213 266947.870140 511144.010288 -0.459694 -0.669327 0.583680 0.732749 0.085471 0.675110 -0.501757 0.738035 0.451158
11.536144 -65.501513 -9075.111738 -2758.394107 -0.196205 0.977904 -0.072164 0.634598 0.182740 0.750927 -0.747522 -0.101540 0.656430
22.201264 -60.633637 -6086.653960 -3240.578360 -0.176736 0.977191 -0.117736 0.633192 0.204462 0.746500 -0.753546 -0.057384 0.654886
17.309210 -68.455393 -6378.849961 -2840.906801 -0.234482 0.962655 -0.135326 0.694827 0.263323 0.669236 -0.679878 -0.062896 0.730623
15.839389 -36.712374 13745.848576 647.052514 -0.818782 0.356309 -0.450156 0.034424 0.813159 0.581023 0.573072 0.460235 -0.678065
6.671337 -38.263341 10907.010548 6.102379 -0.816706 0.267051 -0.511542 -0.085792 0.820428 0.565277 0.570641 0.505552 -0.647137
-5.928751 -39.487299 5599.867334 1812.537788 -0.789883 0.164977 -0.590650 -0.139167 0.889787 0.434640 0.597258 0.425514 -0.679868
-0.802385 -39.203112 9672.382753 1913.216709 -0.813896 0.258788 -0.520195 -0.012545 0.887291 0.461040 0.580876 0.381765 -0.718915
21.172422 -36.081836 15141.720337 1194.781105 -0.803697 0.433902 -0.407186 0.133325 0.798215 0.587433 0.579910 0.417830 -0.699373
-10.140576 -47.081415 5993.936413 -3255.949645 0.219045 0.596559 0.772099 0.878347 -0.465147 0.110207 0.424884 0.654030 -0.625873
-8.837646 -44.826418 4309.476762 -1932.309966 0.248935 0.574175 0.779970 0.892626 -0.448517 0.045286 0.375832 0.684949 -0.624176
-2.583699 -49.816249 3970.404680 -3638.546171 0.256303 0.570660 0.780164 0.857229 -0.507128 0.089324 0.446616 0.645885 -0.619165
-1.872604 -93.203034 645.415060 -14547.970785 0.897065 0.188081 0.399875 -0.211380 -0.612022 0.762068 -0.388063 0.768150 0.509267
-1.190824 -89.025494 773.060882 -1027.333537 0.894142 0.199514 0.400879 -0.121188 -0.754021 0.645574 -0.431072 0.625817 0.650023
0.091976 -94.483990 1268.837343 -13870.448675 0.897535 0.185964 0.399811 -0.198834 -0.638611 0.743398 -0.393569 0.746722 0.536200
-0.536708 -93.619466 613.366488 -3831.707931 0.889285 0.182146 0.419518 -0.248371 -0.577894 0.777400 -0.384037 0.795526 0.468672
1.181692 -96.406489 877.017991 -3016.109284 0.889891 0.184452 0.417218 -0.229565 -0.609274 0.759003 -0.394200 0.771209 0.499844
1.108182 -93.776158 2045.639633 -9522.019144 0.902445 0.173529 0.394311 -0.182897 -0.674383 0.715372 -0.390054 0.717702 0.576855
-28.325150 -43.936367 3358.461454 8388.416574 0.851873 0.483711 0.200838 0.378718 -0.304018 -0.874154 0.361780 -0.820730 0.442174
-39.320154 -59.892285 -2201.987284 8619.362978 0.795834 0.517504 0.314386 0.526359 -0.334587 -0.781664 0.299324 -0.787554 0.538668
-35.131134 -57.863517 6941.013491 5238.198966 -0.603095 -0.515078 -0.609074 0.766377 -0.162385 -0.621529 0.221232 -0.841621 0.492677
-23.049939 -37.615023 10345.091500 8804.912615 -0.477724 -0.501119 -0.721567 0.826277 0.022690 -0.562807 0.298406 -0.865081 0.403223
-8.334314 -32.782722 9222.829226 4618.760996 0.797150 0.545817 0.258138 0.415514 -0.185731 -0.890422 0.438063 -0.817061 0.374850
3.396278 -176.341568 -1906.906563 -1277.525257 0.387400 -0.563658 0.729528 -0.012310 0.788087 0.615441 -0.921830 -0.247402 0.298366
-0.524438 -163.730201 -3383.214269 3784.996343 0.375998 -0.568605 0.731652 0.212106 0.821441 0.529383 -0.902018 -0.043859 0.429464
2.930054 -171.455330 -1328.804526 6318.296843 0.394158 -0.569544 0.721290 0.285689 0.821876 0.492851 -0.873511 0.011804 0.486661
5.054671 -158.762611 -291.469884 1766.820032 0.409374 -0.562786 0.718112 0.336555 0.824728 0.454482 -0.848024 0.055631 0.527031
5.489262 -166.167794 -598.811750 476.843748 0.400779 -0.564655 0.721485 0.124879 0.813816 0.567547 -0.907624 -0.137363 0.396674
13.137680 -40.018482 58.009694 -314.096501 -0.607491 -0.167126 -0.776546 0.002560 0.977198 -0.212313 0.794323 -0.130966 -0.593211
8.235657 -31.717924 -3352.975703 546.562693 -0.562917 -0.198106 -0.802420 -0.015174 0.973163 -0.229615 0.826374 -0.117078 -0.550817
11.641612 -34.411364 -2859.031578 -889.180782 -0.580664 -0.011246 -0.814066 0.033605 0.998721 -0.037766 0.813449 -0.049286 -0.579544
16.062565 -43.794966 -81.298001 -539.935467 -0.622748 -0.052124 -0.780684 0.005126 0.997485 -0.070688 0.782405 -0.048023 -0.620915
109.962516 -26.639045 -27423.908683 -4166.565687 0.533872 -0.547952 0.643994 0.537552 -0.367957 -0.758713 0.652701 0.751236 0.098111
51.098529 -47.645589 -4756.236825 -288.007718 -0.335222 0.391167 -0.857097 -0.562858 0.646388 0.515144 0.755524 0.655112 0.003488
95.004853 -31.339777 -33002.561198 3663.865510 0.559793 -0.619573 0.550238 -0.443447 0.336948 0.830555 0.699990 0.708940 0.086126
72.817641 -47.034952 1426.798925 -9171.366675 0.400221 -0.278805 0.872978 0.668797 -0.562400 -0.486228 0.626526 0.778443 -0.038620
251.205066 -36.651948 100600.406718 -4683.205901 -0.625303 0.727613 -0.282090 0.271509 -0.136051 -0.952771 0.731628 0.672361 0.112481
349.409693 -14.949002 -139297.024863 8510.383921 0.651087 -0.683034 0.330983 -0.379481 0.084716 0.921313 0.657328 0.725456 0.204041
240.979738 -7.525202 -85378.460810 2407.955419 0.684865 -0.514573 0.515921 -0.474797 0.221954 0.851648 0.552746 0.828222 0.092309
42.532771 -40.051824 11121.284596 -1347.065048 0.912989 0.341047 0.223915 0.400432 -0.643961 -0.651896 0.078134 -0.684837 0.724496
37.635171 -41.063532 8703.610693 407.664019 0.866244 0.365147 0.341012 0.493323 -0.517082 -0.699470 0.079078 -0.774141 0.628054
50.064069 -42.141378 -3077.403071 -1920.474639 0.853609 0.292808 0.430831 0.517263 -0.574207 -0.634607 -0.061568 -0.764559 0.641607
21.469006 -38.331982 13513.625309 -118.454401 0.937344 0.331102 0.108432 0.303215 -0.621968 -0.721953 0.171599 -0.709597 0.683393
65.303120 -40.734489 -2382.027554 -3011.389560 0.890902 0.284554 0.354009 0.449651 -0.662543 -0.599041 -0.064087 -0.692867 0.718212
23.679381 -43.588341 17379.590449 -1201.411283 0.952734 0.303790 -0.002999 0.226223 -0.715990 -0.660441 0.202783 -0.628546 0.750872
55.634636 -42.134928 9312.676972 -712.057712 0.924794 0.332194 0.185479 0.374314 -0.707075 -0.599945 0.068150 -0.624253 0.778244
15.089850 -106.527750 -241.295120 -10842.458161 -0.720616 -0.143287 -0.678367 0.100105 0.946658 -0.306296 0.686070 -0.288630 -0.667833
12.957402 -112.758365 3804.183951 -11678.005019 -0.781709 -0.093840 -0.616543 0.119463 0.947775 -0.295721 0.612094 -0.304822 -0.729674
15.843758 -95.322984 12.667993 -17861.974459 -0.734712 -0.153835 -0.660707 0.209998 0.874534 -0.437140 0.645058 -0.459918 -0.610226
13.282143 -106.895043 1723.774581 6876.987470 -0.753777 -0.088437 -0.651152 -0.039098 0.995183 -0.089902 0.655966 -0.042307 -0.753604
17.359752 -96.274251 -206.168342 -18467.192447 -0.705057 -0.170643 -0.688313 0.191661 0.888642 -0.416631 0.682759 -0.425672 -0.593838
17.736317 -106.579276 809.922963 -10173.656448 -0.714600 -0.150315 -0.683193 0.090416 0.948601 -0.303283 0.693666 -0.278498 -0.664279
15.509338 -109.376462 709.204777 2088.195178 -0.718599 -0.127417 -0.683652 -0.009343 0.984752 -0.173714 0.695362 -0.118444 -0.708832
9.644343 -97.804321 2740.897939 9068.768519 0.892686 0.100539 0.439322 0.447972 -0.304640 -0.840545 -0.049328 -0.947147 0.316986
9.979988 -91.525992 916.785874 -1312.137495 0.858030 0.122878 0.498683 0.513087 -0.161737 -0.842961 0.022926 -0.979154 0.201823
13.656559 -101.577400 1491.255807 8169.555935 0.873200 0.103266 0.476295 0.486047 -0.256259 -0.835518 -0.035775 -0.961076 0.273958
2.869852 -56.612074 -117.904667 2144.318719 0.777570 -0.055739 0.626321 -0.393414 -0.820149 0.415430 -0.490520 0.569429 0.659652
4.730375 -56.290220 3307.032698 1861.791873 0.785297 -0.091181 0.612368 -0.418427 -0.807174 0.416401 -0.456320 0.583229 0.672024
2.956153 -58.695783 758.192530 -3515.550435 0.783285 -0.059664 0.618793 -0.456696 -0.730556 0.507659 -0.421774 0.680242 0.599481
3.769365 -59.633694 1174.163055 -4239.177822 0.785432 -0.056810 0.616335 0.344610 0.867301 -0.359213 -0.514141 0.494532 0.700783
0.632555 -58.089459 167.913914 145.131021 0.785815 -0.043753 0.616912 -0.425496 -0.762148 0.487938 -0.448830 0.645922 0.617524
-0.204040 -58.172068 -958.759528 2193.554267 0.774413 -0.058467 0.629973 -0.374162 -0.845257 0.381502 -0.510183 0.531152 0.676454
0.732146 -58.472706 -299.876074 -2554.793575 0.778946 -0.054794 0.624692 0.328786 0.883960 -0.332438 -0.533987 0.464341 0.706573
42.233435 -23.290415 5856.517133 -2406.650206 0.873829 -0.390246 0.290053 0.267485 0.883968 0.383475 -0.406047 -0.257507 0.876822
50.143472 -28.267092 10706.590796 -1165.113139 0.859282 -0.448214 0.246451 0.365073 0.874888 0.318265 -0.358268 -0.183507 0.915407
29.517806 -20.316019 5831.304591 -3489.030374 0.886717 -0.407854 0.217689 0.310435 0.874200 0.373368 -0.342584 -0.263494 0.901780
24.969138 -17.911741 4059.499117 -3326.233525 0.913528 -0.333380 0.233076 0.227481 0.893704 0.386712 -0.337224 -0.300252 0.892261
6.551346 -149.220588 -2191.477618 13970.762607 -0.282553 0.582745 -0.761953 0.947663 0.292674 -0.127581 0.148657 -0.758123 -0.634941
7.431133 -168.214986 -3783.246703 8774.740126 -0.327422 0.562280 -0.759365 0.938358 0.099252 -0.331108 -0.110807 -0.820969 -0.560118
4.843065 -152.556152 -1928.098361 15946.589760 -0.308278 0.552435 -0.774455 0.947036 0.255177 -0.194953 0.089924 -0.793537 -0.601842
3.881067 -96.214413 1196.804162 1662.406211 0.790578 0.261317 0.553805 0.554229 -0.689942 -0.465629 -0.260417 -0.675051 0.690282
3.790088 -86.520277 197.586847 1751.541685 0.787070 0.259111 0.559806 0.593487 -0.565536 -0.572662 -0.168207 -0.782963 0.598895
1.917853 -87.913777 3283.814024 3447.897525 0.788804 0.293435 0.540077 0.606779 -0.511878 -0.608111 -0.098013 -0.807389 0.581822
-5.179556 -229.830657 33.376071 13969.006369 -0.558948 0.619999 -0.550617 0.829192 0.421308 -0.367341 0.004228 -0.661892 -0.749587
-7.341279 -227.285073 2958.128588 4343.715566 -0.556293 0.632075 -0.539462 0.830724 0.406702 -0.380120 -0.020864 -0.659602 -0.751326
-2.860364 -252.161884 961.547081 13466.700429 -0.573019 0.611204 -0.545966 0.773764 0.183946 -0.606179 -0.270071 -0.769801 -0.578332
119.322937 -69.469166 -2691.726827 7015.393045 0.359634 0.927469 -0.102296 -0.031055 -0.097673 -0.994734 0.932577 -0.360917 0.006324
103.641859 -73.430858 17002.515475 51.976652 0.073213 0.958337 -0.276097 -0.095624 -0.268819 -0.958432 0.992721 -0.096571 -0.071959
71.543310 -60.540355 8776.549740 -2080.651067 0.188794 0.942624 -0.275350 -0.231411 -0.229791 -0.945328 0.954362 -0.242191 -0.174750
58.800199 -85.528723 12023.472753 2744.174623 -0.085267 0.884553 -0.458579 -0.247601 -0.464629 -0.850185 0.965103 -0.041052 -0.258633
49.406836 -74.159906 7786.657053 -2971.273504 0.000271 0.893434 -0.449194 -0.369836 -0.417255 -0.830132 0.929097 -0.166353 -0.330312
37.458783 -67.528564 1022.715529 -5432.139377 0.159778 0.899125 -0.407487 -0.406550 -0.316223 -0.857158 0.899549 -0.302618 -0.315014
-719.031042 -6146.887450 -284062.121814 1040589.736426 0.923958 -0.349655 0.155056 -0.263988 -0.876297 -0.403007 -0.276788 -0.331429 0.901966
-13350.075145 -121728.116720 -31258663.819853 271430076.000174 0.114505 0.758317 0.641751 0.728197 0.375344 -0.573450 0.675734 -0.532984 0.509226
-1122.202795 -5275.739048 503359.259418 -906235.401508 -0.233656 0.939553 -0.250291 0.681569 -0.025319 -0.731315 0.693447 0.341466 0.634454
-4345.372149 -5141.807053 -1342972.765229 -227716.203868 0.196081 -0.764468 0.614118 0.979291 0.184862 -0.082556 -0.050416 0.617588 0.784884
-3.334269 -63.126590 -5618.701018 4408.356568 0.130082 0.386565 0.913042 -0.525423 0.807811 -0.267155 -0.840839 -0.444981 0.308192
-10.266183 -54.394515 -6798.854791 3983.592659 0.150993 0.342541 0.927290 -0.408024 0.876006 -0.257156 -0.900398 -0.339528 0.272036
-0.019164 -50.434132 -1284.996333 3792.528412 0.169707 0.378152 0.910056 -0.406142 0.868220 -0.285031 -0.897913 -0.321240 0.300926
5.035914 -59.911206 -714.427975 4436.480831 0.154211 0.408400 0.899682 -0.507116 0.814204 -0.282675 -0.847969 -0.412652 0.332666
8.512305 -39.194449 -8674.487376 -2994.271973 0.706501 0.705260 0.058860 -0.266973 0.342617 -0.900744 0.655425 -0.620663 -0.430344
27.364022 -38.264076 -4603.063436 -1433.502118 0.622878 0.780847 -0.047961 -0.322527 0.200458 -0.925091 0.712741 -0.591687 -0.376705
20.233959 -37.626876 -7016.820025 -2357.130828 0.592005 0.795475 -0.129425 -0.411116 0.159943 -0.897442 0.693192 -0.584498 -0.421719
6.308238 -38.575366 -4595.922517 -3644.066164 0.650766 0.758231 -0.039870 -0.374647 0.274989 -0.885449 0.660411 -0.591158 -0.463023
11.475846 -41.740189 -2226.689690 -1064.129063 0.525784 0.826401 -0.201526 -0.509499 0.116250 -0.852582 0.681148 -0.550951 -0.482173
-5.422372 -40.745289 3748.761456 1937.014717 -0.650755 0.083977 -0.754629 0.666633 0.538966 -0.514894 0.363480 -0.838131 -0.406717
-4.241898 -44.459049 -4493.963238 1193.390689 0.710161 -0.038079 0.703008 0.639566 0.452329 -0.621573 0.294322 -0.891038 -0.345580
1.549844 -41.061666 -2924.716018 1500.147064 0.723843 -0.010715 0.689882 0.610862 0.474817 -0.633559 0.320779 -0.880019 -0.350238
-2.544386 -158.148085 1396.571447 14194.654413 0.715817 0.218182 0.663326 0.698277 -0.218518 -0.681659 0.003777 -0.951129 0.308771
-0.272698 -159.992468 1619.589202 5031.738157 0.735115 0.207930 0.645268 0.654956 -0.463568 -0.596773 -0.175039 -0.861319 0.476960
-1.077248 -151.785829 228.699168 9800.616387 0.719669 0.195199 0.666314 0.692563 -0.270000 -0.668922 -0.049332 -0.942867 0.329498
-0.791085 -168.498228 355.472583 2635.607855 0.732766 0.197579 0.651165 0.640714 -0.522660 -0.562416 -0.229217 -0.829330 0.509580
3.055532 -233.823908 208.829390 7574.542351 0.676744 -0.038579 0.735207 0.721305 -0.165236 -0.672619 0.147432 0.985499 -0.083995
2.532683 -249.517293 4074.446358 3473.486495 0.659549 -0.053196 0.749776 0.705852 -0.299069 -0.642130 0.258394 0.952747 -0.159702
0.126699 -239.654463 -21.657271 3347.053787 0.662770 -0.029602 0.748238 0.670561 -0.421278 -0.610632 0.333292 0.906448 -0.259360
40.000424 -306.189955 3233.920043 65344.250065 -0.477316 0.240844 -0.845082 0.794138 -0.293475 -0.532181 -0.376183 -0.925130 -0.051184
41.470765 -296.573078 -1349.627854 68591.330564 -0.524803 0.158494 -0.836338 0.815591 -0.187670 -0.547349 -0.243707 -0.969360 -0.030776
40.426273 -210.150385 4717.645148 43042.651173 -0.500036 0.255186 -0.827553 0.854723 -0.008319 -0.519018 -0.139330 -0.966856 -0.213954
30.652819 -233.743506 8569.631566 53871.994444 -0.456966 0.338910 -0.822388 0.862135 -0.058745 -0.503261 -0.218872 -0.938983 -0.265342
28.953172 -348.652972 5563.354708 88747.936187 -0.422373 0.309213 -0.852049 0.766792 -0.379376 -0.517787 -0.483354 -0.872044 -0.076864
-68.629509 -104.209768 -1009.729394 4451.203528 0.676448 0.512169 0.529245 0.139702 0.616327 -0.775000 -0.723119 0.598184 0.345362
-59.485521 -93.327696 -1137.589834 5866.011811 0.499882 0.338055 0.797394 0.404679 0.722830 -0.560135 -0.765737 0.602690 0.224526
-35.774886 -91.742279 26042.226218 8292.664465 0.830408 0.184313 0.525786 -0.027120 0.955950 -0.292275 -0.556495 0.228448 0.798827
-53.636097 -94.494280 12831.781791 -938.532780 0.733724 0.304872 0.607208 -0.188924 0.949980 -0.248687 -0.652653 0.067752 0.754621
-0.997180 -111.674663 32760.014434 -8858.433314 0.829732 0.276055 0.485117 -0.223404 0.960728 -0.164595 -0.511503 0.028193 0.858819
30.007772 -114.037680 -15097.100613 2864.972652 -0.413501 -0.293969 -0.861742 -0.087715 0.954904 -0.283661 0.906269 -0.041707 -0.420639
-1.577421 -101.019160 -15941.463578 1572.182468 -0.360109 -0.236895 -0.902331 -0.113761 0.971155 -0.209564 0.925948 0.027184 -0.376671
20.560382 -54.742442 -11276.807294 978.063660 0.689470 0.656207 0.306633 -0.467492 0.079800 0.880388 -0.553247 0.750349 -0.361792
-19.093261 -50.740269 5701.204073 -2096.402276 0.732079 0.349233 0.584891 -0.673330 0.240663 0.699076 -0.103379 0.905604 -0.411333
-28.597219 -52.298253 5478.676677 -1368.476837 0.711128 0.403674 0.575625 -0.687588 0.228485 0.689215 -0.146696 0.885913 -0.440044
-26.269621 -54.655377 5245.440830 -744.325789 0.699982 0.400397 0.591361 -0.680317 0.121963 0.722699 -0.217242 0.908189 -0.357769
-28.720954 -49.247012 6593.152829 -1444.066936 0.786125 0.359328 0.502882 -0.615537 0.381621 0.689550 -0.055865 0.851616 -0.521181
-17.425780 -55.445499 3678.863827 -2078.674169 0.708365 0.377305 0.596540 -0.676819 0.123209 0.725765 -0.200335 0.917857 -0.342644
-8.327025 -53.048031 4641.718776 -3521.820884 0.731204 0.338424 0.592292 -0.668447 0.182254 0.721084 -0.136085 0.923175 -0.359484
-18.089813 -46.044772 5432.649401 -1262.986933 0.796659 0.317870 0.514095 -0.604071 0.389435 0.695297 -0.020808 0.864464 -0.502263
23.932595 -55.175944 14408.505114 5623.769929 -0.699045 -0.326297 -0.636291 0.200278 0.764868 -0.612263 0.686458 -0.555435 -0.469327
19.996471 -61.312124 14129.274701 -278.682795 -0.689289 -0.345201 -0.636959 0.279875 0.684060 -0.673596 0.668244 -0.642571 -0.374902
44.980900 -63.869637 -18486.695281 -1511.462448 0.648696 0.322109 0.689521 0.368348 0.659939 -0.654828 0.665968 -0.678768 -0.309452
0.542757 -46.579790 922.815020 3016.718491 0.784447 0.126261 0.607207 -0.609069 -0.027785 0.792630 -0.116949 0.991608 -0.055106
1.968466 -47.426057 1289.872336 5825.199772 0.796054 0.127563 0.591630 -0.580614 -0.114967 0.806021 -0.170837 0.985145 0.017455
2.262861 -46.924473 148.419378 1827.493583 0.807112 0.139920 0.573579 -0.578864 -0.003555 0.815416 -0.116132 0.990156 -0.078126
-1.667400 -48.132264 1967.386681 5432.479635 0.785447 0.120737 0.607038 -0.593514 -0.131237 0.794051 -0.175537 0.983971 0.031421
2.241224 -52.092261 994.109407 -7376.914307 0.807039 0.123393 0.577462 -0.589856 0.122857 0.798108 -0.027536 0.984723 -0.171935
0.996205 -51.827708 732.452093 -5344.994017 0.791852 0.123577 0.598080 -0.610464 0.132201 0.780933 -0.017438 0.983489 -0.180123
-1.060285 -46.110985 612.965731 2765.082527 0.767789 0.128095 0.627767 -0.629735 -0.029635 0.776244 -0.118037 0.991319 -0.057913
-1.228390 -50.167787 1627.933027 6568.536382 0.769940 0.117622 0.627182 -0.615294 -0.123661 0.778538 -0.169132 0.985329 0.022840
-1.113106 -103.509442 -457.482035 -3036.819967 0.881413 0.172707 0.439640 -0.213273 -0.684967 0.696659 -0.421457 0.707808 0.566906
-1.368179 -104.074374 -379.733699 -8017.736278 0.884085 0.184194 0.429495 -0.154506 -0.752159 0.640612 -0.441046 0.632715 0.636514
-4.957936 -106.922759 -1995.437942 -3898.074674 0.868473 0.173291 0.464462 -0.221742 -0.702166 0.676604 -0.443379 0.690603 0.571387
0.881826 -100.481102 332.026305 -9414.223329 0.888320 0.187390 0.419252 -0.161503 -0.727154 0.667206 -0.429888 0.660403 0.615682
2.009582 -99.211910 -335.143395 -9373.570911 0.886502 0.193864 0.420156 -0.166068 -0.714215 0.679940 -0.431898 0.672542 0.600958
-1.869230 -91.695247 -2108.994647 5500.031359 0.869619 0.199648 0.451557 -0.252155 -0.606724 0.753859 -0.424478 0.769432 0.477276
0.983665 -99.736116 -946.015859 -1836.256335 0.878722 0.192014 0.437010 -0.214365 -0.659266 0.720705 -0.426491 0.726979 0.538151
-7.562337 -134.773328 3532.603009 -10278.253510 0.933507 0.120407 0.337738 -0.295931 -0.273130 0.915328 -0.202459 0.954412 0.219337
7.897620 -125.733180 -13823.263084 -3670.892204 -0.165215 0.965548 -0.201050 -0.761890 0.004498 0.647691 -0.626281 -0.260186 -0.734898
26.172694 -124.290123 -14399.340553 266.461143 -0.144043 0.971562 -0.187933 -0.701986 0.033533 0.711400 -0.697472 -0.234399 -0.677193
8.201700 -36.718260 5916.808728 -2975.708308 0.767038 0.244507 0.593185 -0.107594 0.960465 -0.256770 -0.632516 0.133129 0.763021
7.979822 -43.882729 4909.324740 -3993.771790 0.758682 0.266879 0.594288 -0.052180 0.934201 -0.352910 -0.649368 0.236737 0.722687
12.425483 -46.904011 627.062514 -3137.759345 0.722505 0.285741 0.629554 -0.013688 0.916329 -0.400192 -0.691230 0.280524 0.665964
11.522973 -44.646552 -2123.808108 -4099.837304 0.702126 0.274442 0.657040 -0.022284 0.930757 -0.364959 -0.711704 0.241606 0.659624
-6.430579 -190.375823 51.043768 18992.155983 -0.051868 0.964446 -0.259138 0.137519 -0.250118 -0.958399 0.989140 0.085346 0.119657
-6.709992 -201.067345 -32.181791 4172.800282 -0.057390 0.964517 -0.257707 0.465579 -0.202488 -0.861530 0.883143 0.169426 0.437439
-7.574522 -210.639628 353.383807 19114.875041 -0.048227 0.967071 -0.249897 0.291734 -0.225641 -0.929504 0.955283 0.117731 0.271246
-15.038352 -115.093359 508.516094 3487.002952 0.922286 0.191755 0.335586 -0.342344 0.808315 0.478986 0.179411 0.556648 -0.811144
8.808149 -68.417536 686.259692 704.431571 0.745437 0.436371 0.503888 0.566229 -0.015663 -0.824099 0.351720 -0.899630 0.258762
8.782627 -70.561834 462.739925 -1051.122457 0.733718 0.434909 0.522027 0.538639 0.096005 -0.837049 0.414157 -0.895342 0.163819
9.644219 -73.005230 -368.683638 -327.327026 0.745650 0.410044 0.525232 0.546596 0.074425 -0.834082 0.381101 -0.909024 0.168634
8.155536 -68.969171 1837.597224 -652.616257 0.727269 0.462870 0.506785 0.540917 0.067965 -0.838326 0.422479 -0.883817 0.200946
8.677172 -70.587323 -324.775163 330.913943 0.767092 0.407835 0.495217 0.571448 -0.083540 -0.816375 0.291576 -0.909226 0.297140
8.049279 -66.673308 1140.694310 1120.356950 0.741532 0.456044 0.492091 0.566400 -0.032386 -0.823494 0.359613 -0.889368 0.282318
7.818896 -67.041803 430.643587 620.116287 0.763576 0.438032 0.474425 0.585420 -0.159597 -0.794866 0.272459 -0.884679 0.378297
5.551235 -128.599129 -5669.406995 11290.083579 0.133648 0.894889 -0.425808 -0.793368 -0.160870 -0.587101 0.593890 -0.416287 -0.688477
-4.009613 -129.990706 -203.105222 3058.418516 0.079536 0.910956 -0.404762 -0.615500 -0.274521 -0.738782 0.784114 -0.307891 -0.538859
7.039631 -132.073494 -6069.286890 7214.992072 0.121398 0.893138 -0.433091 -0.610912 -0.276662 -0.741785 0.782336 -0.354631 -0.512043
13.752198 -143.133280 -7437.579113 3519.319960 0.115323 0.905746 -0.407830 -0.436095 -0.322721 -0.840043 0.892481 -0.274729 -0.357774
19.768395 -129.618776 -12417.503916 15569.004385 0.127673 0.886390 -0.444985 -0.735370 -0.216459 -0.642165 0.665530 -0.409216 -0.624189
10.864988 -182.203137 673.763290 -19259.255518 -0.093567 0.974510 -0.203903 0.317724 -0.164866 -0.933740 0.943555 0.152152 0.294199
16.126582 -177.137942 5440.457867 -17338.009296 -0.095781 0.965681 -0.241426 0.292732 -0.204490 -0.934073 0.951385 0.160140 0.263099
11.916576 -158.649321 1285.532014 -9509.813044 -0.086537 0.973204 -0.213037 0.443506 -0.153848 -0.882969 0.892084 0.170893 0.418308
-22.711060 -90.095890 -11195.994272 12704.261479 -0.081613 0.918732 -0.386355 -0.063354 0.382082 0.921954 -0.994648 -0.099721 -0.027022
-32.156542 -100.912083 467.541034 12439.383490 0.051676 0.944327 -0.324925 -0.103671 0.328674 0.938736 -0.993268 0.014825 -0.114884
0.692658 -1133.113646 6183.798698 589386.712208 -0.303139 0.916737 0.260193 0.046013 0.286803 -0.956884 0.951835 0.278097 0.129123
-180.949773 -1702.357129 5306.910915 757448.345322 -0.296919 0.951824 0.076615 0.710133 0.273738 -0.648675 0.638397 0.138197 0.757200
12.498396 -56.644451 -7053.482985 -3648.039420 -0.155648 0.986103 -0.058087 0.547365 0.135049 0.825926 -0.822293 -0.096759 0.560778
25.897746 -54.056786 -3593.935065 -2943.698036 -0.129163 0.980164 -0.150319 0.572659 0.197485 0.795651 -0.809554 -0.016687 0.586808
31.007758 -57.297878 -1651.009186 -2303.900477 -0.133715 0.974471 -0.180353 0.643009 0.223790 0.732432 -0.754095 0.018032 0.656518
26.858225 -42.965320 12734.996037 -3085.524945 -0.812748 0.338809 -0.473972 -0.062889 0.757754 0.649503 0.579211 0.557690 -0.594555
6.690080 -40.833995 -10054.829459 -1571.035067 0.813858 -0.237796 0.530177 -0.154141 0.791383 0.591569 0.560246 0.563175 -0.607419
-6.962750 -40.753474 4203.970341 1218.439910 -0.763780 0.113226 -0.635468 -0.251219 0.854727 0.454237 0.594583 0.506579 -0.624379
5.330669 -51.691099 3924.373261 -1238.933114 0.283088 0.558121 0.779976 0.782488 -0.604657 0.148670 0.554594 0.568235 -0.607894
11.568183 -53.133765 1047.188136 -826.939092 -0.357455 -0.542041 -0.760538 -0.714326 0.683275 -0.151240 0.601635 0.489211 -0.631434
5.694351 -56.985018 -3852.629050 -1147.906202 -0.274418 -0.550696 -0.788308 -0.711196 0.667988 -0.219069 0.647220 0.500525 -0.574961
-5.250560 -108.173993 -420.570497 429.176703 0.871277 0.125500 0.474475 -0.489823 0.283063 0.824590 0.030821 0.950855 -0.308099
-3.944508 -108.127775 -53.400833 4083.268364 0.864346 0.116439 0.489231 -0.500311 0.297631 0.813083 0.050936 0.947553 -0.315512
-4.923179 -116.213873 1039.196858 7959.903818 0.853912 0.110447 0.508562 -0.500272 0.443468 0.743683 0.143393 0.889459 -0.433936
-155.973600 -184.224641 68329.966713 -25276.400978 0.870025 -0.040457 -0.491345 0.044704 0.998995 -0.003099 0.490977 -0.019269 0.870959
-31.140407 -185.249705 61542.477379 -13546.966269 0.822881 0.013152 -0.568062 -0.115936 0.982587 -0.145192 0.556261 0.185335 0.810077
-169.222611 -195.268119 66084.390902 -827.521340 0.867123 0.132246 -0.480217 -0.263512 0.939938 -0.216975 0.422680 0.314687 0.849891
-161.538469 -192.916033 24694.244511 -32041.544548 0.891531 0.396019 -0.219867 -0.399111 0.916339 0.032148 0.214204 0.059091 0.975000
-12.726843 -45.411719 -324.149868 489.949112 0.956135 0.020723 0.292193 -0.156627 0.879094 0.450180 0.247536 0.476198 -0.843778
-13.480369 -45.768032 -116.998762 241.038260 0.956861 0.002208 0.290539 -0.125412 0.905158 0.406153 0.262087 0.425069 -0.866387
-13.115014 -47.489246 380.288173 -5.450039 0.966588 -0.011637 0.256071 -0.099312 0.903948 0.415950 0.236316 0.427483 -0.872590
94.472501 -79.843175 8084.573724 -2874.813782 0.985874 0.139995 -0.091944 0.062151 -0.815546 -0.575345 0.155530 -0.561503 0.812726
79.938617 -82.941675 41413.997588 5517.443071 0.903709 0.215951 -0.369697 -0.010410 -0.852142 -0.523207 0.428021 -0.476675 0.767840
57.838658 -71.527417 24422.858359 -175.591460 0.931577 0.267910 -0.245743 0.036746 -0.741890 -0.669514 0.361684 -0.614674 0.700972
3.333611 -66.674884 44798.420794 1088.840059 0.855486 0.266526 -0.443969 -0.059041 -0.801574 -0.594973 0.514450 -0.535203 0.669999
-1.193464 -168.914313 -3388.322139 1927.658246 0.382623 -0.580132 0.719059 -0.027569 0.770767 0.636520 -0.923493 -0.263371 0.278920
-4.413029 -168.658676 -2406.072162 2780.781638 0.390632 -0.582309 0.712967 0.074014 0.791864 0.606196 -0.917567 -0.184030 0.352426
-4.088404 -158.887745 -659.093965 6325.501038 0.410412 -0.563042 0.717319 0.300724 0.826182 0.476433 -0.860888 0.020181 0.508395
322.283887 -72.596016 -87603.170770 19230.777287 0.143549 -0.912779 0.382399 0.983031 0.086922 -0.161541 0.114212 0.399099 0.909767
203.315066 -95.066348 -62981.144799 20074.891956 0.275953 -0.735292 0.619027 0.959723 0.246120 -0.135485 -0.052733 0.631483 0.773595
278.864720 -72.746050 -89344.968598 9986.644344 0.261374 -0.692715 0.672182 0.965039 0.173413 -0.196539 0.019580 0.700052 0.713823
90.048145 -124.299548 -26164.424616 27106.149215 0.384355 -0.606873 0.695684 0.912958 0.361723 -0.188851 -0.137037 0.707716 0.693079
406.063969 -47.276240 -117859.790466 1701.049435 0.121354 -0.871101 0.475873 0.986109 0.051026 -0.158066 0.113410 0.488445 0.865193
676.447870 -84.960119 -243403.731975 -14645.383387 0.142351 -0.777817 0.612158 0.981277 0.029834 -0.190279 0.129739 0.627783 0.767500
84.113235 -73.352945 -31253.074645 11329.020908 0.389260 -0.540632 0.745784 0.916361 0.309544 -0.253898 -0.093588 0.782240 0.615907
230.044349 -52.949486 -93731.296754 -7899.515169 0.247262 -0.596228 0.763789 0.968898 0.160179 -0.188623 -0.009881 0.786673 0.617290
89.725883 -38.917927 37965.966159 -6865.631868 -0.572491 0.657883 -0.489331 0.376656 -0.319085 -0.869664 0.728275 0.682184 0.065122
55.263477 -60.565340 -2277.892513 -8287.376656 -0.356808 0.107551 -0.927966 -0.541288 0.785802 0.299203 0.761377 0.609055 -0.222164
47.285646 -58.499548 -10485.971055 -11643.285994 -0.266895 0.198042 -0.943158 -0.466442 0.829848 0.306243 0.843326 0.521663 -0.129108
42.020852 -48.528358 -5942.329492 -275.742207 0.795351 0.274888 0.540234 0.603873 -0.436506 -0.666934 -0.052483 -0.856679 0.513173
34.581775 -44.691201 8827.526491 -1389.528409 0.810958 0.388681 0.437350 0.578796 -0.423438 -0.696918 0.085689 -0.818307 0.568358
20.780237 -38.642686 14623.614994 -869.818256 0.870202 0.406844 0.277895 0.464583 -0.489777 -0.737754 0.164045 -0.771101 0.615218
16.768134 -103.082113 352.834189 -13490.589279 -0.772447 -0.126930 -0.622265 0.231087 0.856479 -0.461565 0.591544 -0.500332 -0.632253
13.876000 -120.108268 588.006476 -9616.937220 -0.772786 -0.086493 -0.628745 0.076944 0.970595 -0.228092 0.629985 -0.224644 -0.743407
15.493917 -117.502288 -2091.348531 -17851.267900 -0.757659 -0.105137 -0.644127 0.166592 0.923091 -0.346626 0.631031 -0.369930 -0.681873
13.302630 -116.962432 806.735307 4477.928082 -0.775323 -0.073724 -0.627248 -0.027325 0.996149 -0.083306 0.630974 -0.047450 -0.774352
3.800246 -58.103744 4064.007530 2002.717401 0.798818 -0.055304 0.599025 -0.348599 -0.854091 0.386015 -0.490273 0.517175 0.701543
67.196656 -33.409909 12912.751460 1534.194363 0.842762 -0.413292 0.344879 0.347497 0.907028 0.237794 -0.411093 -0.080559 0.908027
56.210158 -36.733080 17039.580891 -1470.967980 0.850858 -0.486304 0.198870 0.437963 0.865578 0.242823 -0.290224 -0.119510 0.949467
104.735992 -57.957239 16801.570920 821.519345 0.804106 -0.168224 0.570188 -0.148929 0.871541 0.467159 -0.575529 -0.460562 0.675757
95.456510 -72.124248 20099.451888 -4856.840430 0.857806 -0.071113 0.509031 -0.168598 0.896650 0.409381 -0.485535 -0.436991 0.757162
96.404156 -75.397299 18140.756747 -6402.918869 0.883208 -0.159788 0.440921 0.125272 -0.825625 -0.550136 -0.451940 -0.541120 0.709182
-7.644642 -104.482348 1624.661785 -3610.829518 0.334430 -0.582128 0.741136 0.930944 0.326417 -0.163694 -0.146629 0.744700 0.651093
