17012
34005
-41.012530 -59.685978 -412.233416 6631.017548 -0.223040 0.973525 0.050017 -0.828117 -0.162157 -0.536589 0.514272 0.161101 -0.842360
-44.713800 -66.615905 919.438575 5888.003294 -0.283411 0.956662 0.066911 -0.762529 -0.182487 -0.620683 0.581574 0.226930 -0.781201
-51.856371 -77.435733 523.161410 7969.896938 0.058609 0.962754 0.263951 -0.758249 0.214914 -0.615525 0.649326 0.164065 -0.742603
-36.676600 -56.098860 -40.141835 4023.517296 -0.566159 0.818597 -0.096767 -0.658538 -0.519788 -0.544194 0.495774 0.244376 -0.833360
-45.298211 -73.771144 -916.496738 12918.047282 0.157950 0.957947 0.239562 -0.824687 0.261406 -0.501555 0.543086 0.118343 -0.831296
-36.915132 -52.571665 -2556.920327 8236.205267 -0.050662 0.995749 0.076919 -0.897384 -0.011584 -0.441098 0.438332 0.091372 -0.894156
-32.632719 -47.198460 -72.102654 4297.279778 -0.622018 0.765306 -0.165530 -0.660958 -0.626540 -0.413017 0.419795 0.147495 -0.895554
76.662098 -98.620652 -10500.253035 -276.239769 0.172345 0.984388 0.035746 -0.351024 0.027469 0.935963 -0.920369 0.173857 -0.350278
61.330978 -91.481904 -5454.706745 -10601.950700 0.091510 0.995749 -0.010506 -0.571437 0.061150 0.818365 -0.815528 0.068885 -0.574603
79.649677 -99.504577 -8599.031917 -1848.366871 0.273143 0.960520 0.052859 -0.525033 0.102810 0.844849 -0.806060 0.258517 -0.532387
61.461246 -100.378634 -4612.039353 -5052.458089 0.053175 0.998585 -0.001162 -0.387899 0.021729 0.921446 -0.920167 0.048547 -0.388506
63.560434 -105.585979 -6728.662633 -413.962917 0.081523 0.996666 -0.003353 -0.223955 0.021596 0.974360 -0.971184 0.078682 -0.224969
72.112347 -100.584171 -11497.790613 1192.135955 0.171477 0.985153 0.008376 -0.130818 0.014342 0.991303 -0.976464 0.171081 -0.131335
85.427682 -93.434978 -8651.536620 6625.823835 0.339881 0.934803 0.103070 -0.232828 -0.022546 0.972257 -0.911193 0.354449 -0.209986
14.847018 -43.600299 -21941.047384 -2685.117450 -0.934161 0.235073 0.268483 0.139465 0.933030 -0.331668 -0.328469 -0.272387 -0.904386
-6.497300 -35.129523 -17972.086544 -2492.759718 -0.915600 0.198920 0.349438 0.064106 0.930156 -0.361525 -0.396946 -0.308612 -0.864403
0.813242 -43.578626 -20573.154523 -863.274916 -0.895971 0.345305 0.279287 0.249178 0.911412 -0.327473 -0.367624 -0.223814 -0.902641
-32.190825 -41.391484 -3283.046056 -997.600274 -0.629104 0.768097 0.119390 -0.615790 -0.586192 0.526481 -0.474374 -0.257692 -0.841763
11.541371 -48.603787 327.821608 -6337.070701 -0.552871 0.833193 -0.011070 -0.556983 -0.379406 -0.738797 0.619760 0.402294 -0.673837
9.607065 -36.792235 42.038631 -3596.966799 -0.555752 0.831339 0.003888 -0.514412 -0.340204 -0.787173 0.653085 0.439473 -0.616720
9.219861 -41.436831 873.146179 -4087.871808 -0.553221 0.832289 0.035241 -0.545040 -0.329647 -0.770886 0.629982 0.445678 -0.635998
13.925626 -62.641891 474.051092 -5704.269385 -0.529650 0.848175 0.008345 -0.659081 -0.405336 -0.633495 0.533932 0.341030 -0.773702
13.904706 -60.474094 -636.182803 -7450.658713 -0.535799 0.842587 -0.054462 -0.604262 -0.427701 -0.672264 0.589735 0.327289 -0.738305
9.167850 -52.447605 1608.314651 -4686.043095 -0.552105 0.832317 0.049267 -0.613044 -0.365184 -0.700584 0.565117 0.416999 -0.711867
-9.342388 -46.834828 2288.530988 826.684188 0.609634 0.341792 0.715210 0.340130 0.702191 -0.625491 -0.716002 0.624585 0.311825
-6.313779 -47.850474 1024.074352 92.436885 0.610914 0.339948 0.714996 0.381629 0.664817 -0.642166 -0.693645 0.665171 0.276412
-10.873067 -48.566658 2499.643844 -1195.689526 0.605411 0.335933 0.721545 0.400953 0.654400 -0.641091 -0.687543 0.677428 0.261488
-13.408320 -45.448673 2820.909058 -591.042706 0.603945 0.381088 0.700016 0.307411 0.698950 -0.645730 -0.735356 0.605178 0.304977
-11.314315 -54.743184 2690.974249 3978.655992 0.606916 0.338125 0.719253 -0.465999 -0.581706 0.666680 -0.643815 0.739790 0.195481
-14.564808 -50.660138 2679.103505 -2006.747846 0.575038 0.342946 0.742779 0.432593 0.643145 -0.631845 -0.694403 0.684655 0.221477
-8.358150 -44.556687 -228.624285 -5842.547037 -0.152689 0.927638 -0.340843 -0.910935 0.001643 0.412546 -0.383253 -0.373477 -0.844767
-7.329720 -45.243345 159.426545 4018.820030 -0.152468 0.924459 -0.349469 0.920784 0.004414 -0.390047 -0.359040 -0.381255 -0.851900
-6.936212 -46.984646 189.631245 -3015.114630 -0.161829 0.925874 -0.341421 -0.866872 0.031942 0.497507 -0.471535 -0.376479 -0.797445
-7.038676 -46.570582 230.193336 -4683.762213 -0.170292 0.918213 -0.357610 -0.884926 0.017144 0.465416 -0.433482 -0.395715 -0.809631
-2.685430 -47.267321 -1184.219211 854.416110 0.182750 0.974372 -0.131157 0.462969 -0.202974 -0.862822 0.867331 -0.096959 0.488197
-1.174437 -48.064938 -1010.226027 993.729167 0.185690 0.972702 -0.139174 0.554567 -0.220667 -0.802348 0.811157 -0.071806 0.580404
-0.698786 -46.992822 -751.836914 546.544033 0.182274 0.973103 -0.140877 0.468607 -0.211933 -0.857608 0.864398 -0.090304 0.494633
-1.751276 -45.903926 -512.479806 -544.342790 0.175504 0.974940 -0.136710 0.392063 -0.196595 -0.898687 0.903042 -0.104124 0.416741
-2.779288 -60.161461 151.738849 927.244602 -0.110685 -0.988047 0.107292 0.988295 -0.098019 0.116900 -0.104986 0.118975 0.987331
-1.367856 -56.428216 783.760877 1335.250209 -0.087982 -0.991148 0.099426 0.996118 -0.087251 0.011687 -0.002909 0.100069 0.994976
-3.289319 -56.891448 988.316227 1803.688514 -0.113438 -0.988802 0.096964 0.993514 -0.113667 0.003174 0.007883 0.096695 0.995283
-1.354074 -51.474198 -405.140961 3092.962815 0.087276 0.990452 -0.106714 0.984263 -0.102258 -0.144116 0.153652 0.092457 0.983790
-4.812343 -60.558670 -876.773066 602.448625 0.116097 0.988197 -0.099945 0.980702 -0.098113 0.169107 -0.157305 0.117649 0.980517
-4.089354 -51.353336 -959.494761 3603.467878 0.110444 0.988025 -0.107741 0.977092 -0.127780 -0.170186 0.181915 0.086477 0.979504
-5.048867 -54.912146 955.527025 2248.432133 -0.115143 -0.987237 0.110019 0.991435 -0.121086 -0.048930 0.061628 0.103443 0.992724
-5.247726 -59.472143 690.253649 1169.711158 -0.126245 -0.985058 0.117145 0.990447 -0.118562 0.070417 -0.055476 0.124916 0.990615
0.149844 -60.874301 -995.621048 2815.223484 0.268157 0.923700 -0.273625 0.721154 -0.380793 -0.578735 0.638772 0.042134 0.768242
-0.376143 -62.878379 1087.704434 -147.456326 0.238404 0.928232 -0.285569 0.782467 -0.357762 -0.509658 0.575247 0.101944 0.811603
-0.050595 -66.702976 -1644.059522 698.227775 0.242169 0.936525 -0.253525 0.810403 -0.338924 -0.477889 0.533481 0.089727 0.841039
0.257672 -62.227013 -2139.739636 3573.054544 0.276464 0.923485 -0.265975 0.719033 -0.382395 -0.580315 0.637620 0.030809 0.769735
0.292331 -55.679740 -705.640656 5981.820226 0.281271 0.915626 -0.287255 0.613257 -0.401746 -0.680085 0.738107 -0.015127 0.674514
-10.493297 -75.647207 214.619855 -3295.924252 0.117361 0.956327 -0.267704 -0.774391 0.256891 0.578209 -0.621728 -0.139448 -0.770720
-9.120248 -67.964992 1114.777221 -1562.896988 0.142498 0.956936 -0.252917 -0.853890 0.248077 0.457526 -0.500566 -0.150767 -0.852469
-11.181529 -70.676361 -482.437647 -1304.459495 0.117176 0.949985 -0.289480 -0.838820 0.250718 0.483241 -0.531650 -0.186198 -0.826244
-11.648304 -76.624100 331.691400 -3125.062145 0.100266 0.952226 -0.288466 -0.795561 0.250843 0.551508 -0.597520 -0.174195 -0.782704
-10.999906 -73.134175 -110.541847 -987.335388 0.112187 0.946694 -0.301968 -0.892505 0.229598 0.388225 -0.436862 -0.225954 -0.870687
-14.772640 -38.221593 -1977.275332 2183.040938 0.967352 0.165692 -0.191770 -0.194230 0.970770 -0.140999 -0.162802 -0.173643 -0.971259
-9.598732 -38.687284 -34.709193 1440.878621 0.899451 0.371931 -0.229468 -0.414196 0.892979 -0.176155 -0.139392 -0.253487 -0.957243
-12.253420 -34.291680 372.299273 2352.456902 0.927059 0.299834 -0.225080 -0.331485 0.935994 -0.118461 -0.175155 -0.184431 -0.967112
-13.614610 -30.031025 200.562132 3122.584830 -0.975687 -0.096383 0.196840 -0.114800 0.989798 -0.084382 -0.186699 -0.104927 -0.976798
-16.739659 -32.291535 1977.752753 2555.142147 -0.982585 0.092212 0.161317 0.078363 0.992835 -0.090214 -0.168480 -0.076002 -0.982771
1.707377 -49.730273 3071.209663 1176.443382 0.107991 0.985935 -0.127557 0.272201 -0.152728 -0.950043 0.956161 -0.067875 0.284865
2.408581 -46.156997 2156.860878 1370.020842 0.105199 0.991864 -0.071691 0.139117 -0.086061 -0.986529 0.984672 -0.093808 0.147039
1.708035 -49.340983 -1784.895420 1659.560462 0.148030 0.985471 -0.083266 0.205854 -0.113052 -0.972031 0.967322 -0.126749 0.219598
-3.617751 -138.483876 -143.819038 21715.982421 -0.453404 0.228583 0.861496 -0.538297 0.700146 -0.469076 -0.710395 -0.676421 -0.194404
-4.348530 -190.296368 -677.062253 -34552.489322 0.491399 -0.242764 -0.836416 0.681256 -0.491178 0.542803 -0.542603 -0.836546 -0.075980
-2.119159 -164.556703 -1147.347560 -28819.583587 0.454365 -0.246037 -0.856165 0.643999 -0.573321 0.506525 -0.615481 -0.781517 -0.102049
-3.398060 -134.292748 1054.662960 20586.571271 -0.439442 0.247158 0.863599 -0.529721 0.705138 -0.471356 -0.725456 -0.664600 -0.178942
1.908445 -96.143733 -840.508207 -10209.817515 0.114117 0.936239 -0.332316 -0.309070 -0.284445 -0.907506 0.944168 -0.206271 -0.256904
0.955379 -85.403167 -629.177509 -6913.096249 0.126240 0.945153 -0.301246 -0.197252 -0.273695 -0.941373 0.972191 -0.178261 -0.151882
1.970474 -84.461384 -976.603544 -3745.899708 0.128318 0.951696 -0.278943 -0.145565 -0.260148 -0.954533 0.980992 -0.163088 -0.105151
3.146361 -98.174891 -263.370825 -5733.949194 0.110667 0.946653 -0.302655 -0.219158 -0.273785 -0.936489 0.969393 -0.169968 -0.177168
3.244967 -114.191443 -1033.751882 -9388.699826 0.102170 0.929091 -0.355460 -0.442270 -0.277646 -0.852825 0.891044 -0.244343 -0.382541
26.860536 -26.042687 -5601.210299 194.118377 0.398303 0.912924 0.089023 -0.636691 0.345032 -0.689621 0.660287 -0.217998 -0.718678
28.805727 -29.710250 -210.881263 -252.861292 0.209067 0.972874 0.099033 -0.709389 0.220587 -0.669409 0.673096 -0.069698 -0.736264
26.503547 -26.861383 -4805.585104 267.559427 0.341298 0.936834 0.076539 -0.703317 0.308548 -0.640424 0.623587 -0.164744 -0.764198
18.606481 -25.722561 -7076.057413 -95.701209 0.454158 0.885718 0.096148 -0.656802 0.405774 -0.635577 0.601956 -0.225503 -0.766027
19.272757 -28.182073 -5744.294722 -2201.433322 0.375029 0.924810 0.063877 -0.708649 0.330430 -0.623404 0.597637 -0.188528 -0.779286
-3.326353 -217.424755 238.345950 -27448.606173 -0.494052 0.181562 0.850264 0.513631 0.850004 0.116943 -0.701495 0.494498 -0.513202
-7.521022 -175.543744 -204.686146 -8223.229748 -0.515968 0.140059 0.845080 0.252051 0.967692 -0.006489 -0.818686 0.209655 -0.534600
-6.962046 -167.899570 -537.005022 -5866.715170 -0.495402 0.172752 0.851313 0.364223 0.931027 0.023023 -0.788619 0.321473 -0.524152
-4.017665 -201.176052 -925.781287 -24604.065168 -0.465006 0.215056 0.858790 0.594302 0.794818 0.122759 -0.656181 0.567465 -0.497403
-0.427660 -108.856797 -1647.426357 8996.633420 -0.485477 0.090375 0.869566 -0.159319 0.968842 -0.189640 -0.859610 -0.230604 -0.455952
2.307648 -99.299059 -953.769840 1724.406748 -0.480927 0.105503 0.870390 -0.018068 0.991330 -0.130147 -0.876574 -0.078317 -0.474851
1.940493 -110.411921 -521.330385 9194.215204 -0.477042 0.090062 0.874254 -0.190670 0.960439 -0.202981 -0.857948 -0.263525 -0.440998
-0.198501 -128.006718 -1789.711319 13239.070214 -0.483202 0.078594 0.871974 -0.360316 0.889856 -0.279873 -0.797928 -0.449421 -0.401662
-2.543967 -115.520959 -2052.182061 9725.560496 -0.484969 0.085961 0.870296 -0.308703 0.914268 -0.262328 -0.818234 -0.395884 -0.416856
3.887556 -129.707493 -1230.876974 11104.854472 0.339496 -0.007365 -0.940579 -0.060840 0.997703 -0.029772 0.938638 0.067332 0.338268
1.826532 -146.675832 -752.457459 15376.902761 0.337184 -0.022138 -0.941178 0.050060 0.998731 -0.005557 0.940107 -0.045241 0.337865
1.894998 -117.599438 -2045.046905 10082.592587 0.355587 0.015805 -0.934510 -0.191810 0.979809 -0.056414 0.914750 0.199308 0.351439
-26.203855 -485.514875 53775.567615 -333648.033460 0.950076 -0.129914 -0.283688 0.248010 0.866129 0.433950 -0.189334 0.482642 -0.855108
20.850518 -377.600922 2926.640076 -124192.347813 -0.495334 0.365336 0.788146 0.868696 0.211931 0.447720 -0.003464 0.906430 -0.422343
66.341503 -1890.855564 30438.748223 -823074.706075 -0.560073 0.208445 0.801791 0.825827 0.063615 0.560324 0.065791 0.975963 -0.207768
-49.194807 -2824.603925 23666.543956 -1081726.887311 -0.413751 0.180781 0.892260 0.795931 -0.403933 0.450923 0.441932 0.896748 0.023239
18.040117 -2140.543823 -14190.532004 256917.528602 0.471005 -0.127610 -0.872852 -0.402601 0.849321 -0.341419 0.784899 0.512221 0.348659
21.252747 -1890.098206 10056.182102 -1114645.701291 -0.694829 0.093412 0.713083 0.371839 0.895375 0.245029 -0.615588 0.435405 -0.656867
13.501659 -131.125930 1435.401950 -3804.942803 -0.413375 0.316757 0.853690 0.910396 0.161642 0.380857 -0.017353 0.934632 -0.355193
12.402110 -124.025077 1914.851268 -3731.058759 -0.415272 0.301980 0.858113 0.884200 0.355753 0.302703 -0.213866 0.884448 -0.414745
13.286088 -125.599163 1259.835194 -5181.788854 -0.417320 0.338358 0.843420 0.869518 0.418457 0.262359 -0.264164 0.842857 -0.468839
11.537537 -120.989410 1515.262205 -3442.275999 -0.416326 0.307822 0.855522 0.821312 0.530958 0.208637 -0.390024 0.789512 -0.473870
12.751194 -130.496491 -914.485638 -4889.464487 -0.415568 0.383731 0.824654 0.909465 0.188556 0.370567 -0.013295 0.903990 -0.427348
11.418319 -116.324004 1458.123365 -3412.571228 -0.423307 0.324617 0.845834 0.783042 0.600675 0.161354 -0.455693 0.730625 -0.508459
11.878070 -117.447939 -793.066557 -3605.977309 -0.432998 0.378603 0.818030 0.795962 0.586501 0.149871 -0.423034 0.716014 -0.555307
12.482822 -125.103938 -1544.521125 -4061.193632 -0.428088 0.393939 0.813359 0.880176 0.385903 0.276349 -0.205013 0.834201 -0.511936
-2.962110 -18.870735 6073.081534 -697.600492 -0.531184 0.840550 0.106393 -0.812288 -0.540934 0.218128 -0.240899 -0.029444 -0.970103
2.954881 -22.361160 6564.605642 -2270.848137 -0.438443 0.895160 0.080354 -0.857793 -0.443467 0.259861 -0.268251 -0.045007 -0.962297
14.079186 -19.994191 6991.080126 -1132.669309 -0.477922 0.874862 0.078787 -0.848389 -0.482978 0.216720 -0.227653 -0.036734 -0.973049
-9.640246 -65.602245 4704.499220 -949.997471 -0.579854 0.811926 0.067417 -0.749751 -0.499403 -0.434132 0.318815 0.302280 -0.898323
-14.847569 -63.410453 6159.987825 -1861.892168 -0.605575 0.794282 0.048942 -0.683098 -0.487286 -0.543994 0.408236 0.362861 -0.837660
-24.578933 -66.572479 5958.826166 -557.256245 -0.646458 0.762946 -0.002365 -0.690762 -0.586606 -0.422779 0.323945 0.271675 -0.906230
-20.198117 -64.645534 5147.534696 787.568759 -0.629602 0.776499 0.025484 -0.744656 -0.593778 -0.304820 0.221560 0.210893 -0.952069
-9.703270 -63.730734 4265.605957 -994.993221 -0.568807 0.819188 0.073408 0.797297 0.527283 0.293751 0.201931 0.225616 -0.953059
1.668565 -65.617310 3200.508941 193.712955 -0.529233 0.844321 0.083868 -0.805341 -0.468752 -0.362901 0.267092 0.259602 -0.928046
-26.005380 -38.546019 -1000.615121 -733.827248 0.016601 0.999772 0.013446 0.082592 -0.014773 0.996474 -0.996445 0.015432 0.082819
-27.248287 -39.069946 45.352195 -10.083818 0.058168 0.988519 -0.139453 0.130426 0.130968 0.982770 -0.989750 0.075354 0.121310
-24.902256 -36.810347 450.219579 -598.329196 0.074221 0.970707 -0.228514 0.057115 0.224632 0.972768 -0.995605 0.085251 0.038770
-23.059067 -35.660123 -443.225328 -1567.512413 0.046408 0.990779 -0.127292 -0.031692 0.128825 0.991161 -0.998420 0.041964 -0.037378
-22.362973 -36.356140 -1542.904557 -1170.683580 -0.013849 0.993315 0.114604 -0.013601 -0.114791 0.993297 -0.999812 -0.012197 -0.015100
-24.209753 -39.333461 -1356.939488 -589.936448 -0.024939 0.972536 0.231414 0.100577 -0.227871 0.968483 -0.994617 -0.047428 0.092131
-28.113460 -39.350045 -1173.603623 -322.401699 0.009556 0.988671 0.149795 0.191059 -0.148847 0.970227 -0.981532 -0.019348 0.190317
-8.740229 -30.531252 2394.975257 -1017.058681 -0.032188 0.998837 0.035905 -0.511065 -0.047320 0.858239 -0.858939 -0.009275 -0.511993
-5.266185 -28.918609 1577.174949 -667.130700 0.003388 0.999870 -0.015765 -0.555783 0.014988 0.831192 -0.831320 -0.005946 -0.555762
-9.628528 -29.321984 2593.136079 -863.557693 -0.041383 0.998430 0.037745 -0.567507 -0.054581 0.821558 -0.822328 -0.012578 -0.568875
10.247546 -136.857328 -2260.861549 8550.245074 -0.152646 0.930390 -0.333278 -0.689183 0.141488 0.710639 -0.708327 -0.338166 -0.619611
9.741607 -126.938363 -2754.059805 3792.070130 -0.166449 0.931389 -0.323744 -0.517333 0.197021 0.832796 -0.839441 -0.306101 -0.449044
4.471656 -134.987027 -9.627230 6541.576312 -0.165721 0.931979 -0.322416 -0.627967 0.152358 0.763181 -0.760391 -0.328942 -0.560003
4.360875 -153.399664 -470.704451 13648.791156 -0.142258 0.928077 -0.344144 -0.808707 0.091501 0.581051 -0.570750 -0.360971 -0.737526
2.279783 -146.174155 186.607935 16417.199366 -0.148014 0.927906 -0.342173 -0.785676 0.099813 0.610533 -0.600671 -0.359205 -0.714259
2.478835 -124.777512 -516.606842 -1784.665228 -0.188318 0.927968 -0.321576 -0.520194 0.183483 0.834106 -0.833027 -0.324359 -0.448170
2.230345 -130.389975 380.177993 9065.671329 -0.165071 0.931601 -0.323839 -0.678339 0.131115 0.722955 -0.715966 -0.339011 -0.610298
6.383068 -187.814348 -1842.579857 -27783.875250 -0.136696 0.990606 -0.003755 0.153001 0.017367 -0.988073 0.978726 0.135640 0.153938
4.546605 -203.701991 -2385.025887 -25638.482657 -0.129979 0.989775 -0.058742 0.098614 -0.046046 -0.994060 0.986601 0.135000 0.091621
-4.567713 -154.825543 -1001.119943 -25841.703287 -0.117402 0.992002 -0.046362 0.398265 0.004265 -0.917260 0.909726 0.126153 0.395581
-0.323767 -170.364216 -58.069434 -38720.870858 -0.164460 0.984444 0.061826 0.297646 0.109287 -0.948400 0.940404 0.137572 0.310990
13.962887 -230.830491 -1382.258909 -36562.081735 -0.177490 0.981182 0.076026 -0.069902 0.064488 -0.995467 0.981637 0.182000 -0.057141
-8.356190 -147.626068 -2784.387264 -20512.636130 -0.285996 0.913646 0.288888 0.389909 0.386353 -0.835884 0.875315 0.126419 0.466734
1.002530 -175.388051 -4598.490954 -16044.860956 -0.287780 0.897500 0.334180 0.348464 0.423152 -0.836370 0.892051 0.124241 0.434522
6.719865 -199.325938 -1014.144409 -37520.440595 -0.236546 0.956252 0.172126 0.182784 0.217786 -0.958728 0.954273 0.195321 0.226304
20.366853 -249.302364 -2.010956 -30384.661402 -0.234533 0.962127 0.138948 -0.183540 0.096538 -0.978261 0.954624 0.254937 -0.153947
-1.886501 -24.276779 1913.168034 -2500.583151 -0.679374 -0.646003 -0.348039 -0.269841 0.661008 -0.700182 0.682376 -0.381770 -0.623390
-1.935994 -26.192632 578.159046 -1823.555911 -0.674808 -0.641960 -0.364037 -0.297291 0.687948 -0.662077 0.675465 -0.338550 -0.655081
-6.103571 -28.352904 1592.200776 -1536.665781 -0.700061 -0.579395 -0.417392 -0.254394 0.748522 -0.612371 0.667232 -0.322515 -0.671406
-17.095849 -18.881310 -765.011836 -3208.315218 -0.153760 0.887891 -0.433597 -0.288546 -0.460036 -0.839707 0.945039 0.004001 -0.326933
-15.673168 -17.640019 37.944430 1050.120860 -0.009728 0.997227 -0.073784 -0.326547 -0.072911 -0.942365 0.945131 -0.014927 -0.326350
-16.188241 -21.777440 -698.836294 -3755.647465 -0.124502 0.889855 -0.438928 -0.313103 -0.455002 -0.833630 0.941523 -0.033642 -0.335265
-14.594529 -17.522797 376.971907 1822.908774 0.010689 0.995569 0.093421 -0.334272 0.091609 -0.938014 0.942416 0.021201 -0.333770
-14.533897 -17.598811 2147.833538 -2022.301759 0.103918 0.903851 0.415035 -0.316363 0.425660 -0.847778 0.942929 0.043203 -0.330179
39.385306 -80.325624 -3316.762793 -8704.870212 0.237768 0.908020 -0.344914 0.074697 -0.371139 -0.925568 0.968445 -0.194307 0.156072
49.206727 -92.228844 -9308.910808 -5737.246835 0.259973 0.931627 -0.253940 -0.092571 -0.237726 -0.966911 0.961168 -0.274878 -0.024439
47.682664 -99.678695 4026.161378 -12904.610238 0.282848 0.914600 -0.288971 0.081888 -0.323199 -0.942781 0.955663 -0.243001 0.166311
46.063072 -114.809938 3200.728478 -8335.456219 0.308698 0.928766 -0.205179 -0.103643 -0.181584 -0.977898 0.945496 -0.323141 -0.040205
14.065656 -28.269476 -857.151325 3663.394898 0.029303 0.971807 -0.233952 0.437213 -0.222936 -0.871289 0.898881 0.076755 0.431419
13.852720 -23.938895 3516.923633 3146.195013 -0.024175 0.966911 -0.253966 0.414578 -0.221470 -0.882653 0.909692 0.126627 0.395506
15.561492 -19.434366 238.579083 3282.421478 0.010208 0.973880 -0.226834 0.376556 -0.213891 -0.901363 0.926338 0.076215 0.368904
11.555481 -24.388888 -3984.048087 3953.032980 0.084432 0.970038 -0.227811 0.401112 -0.242373 -0.883382 0.912130 0.016792 0.409558
14.939980 -16.574981 -4273.177204 3021.065135 0.082396 0.971119 -0.223917 0.364310 -0.238481 -0.900225 0.927626 0.007400 0.373438
27.256757 -45.381618 1853.946720 789.907395 0.048877 0.996546 0.067130 0.976330 -0.061847 0.207256 -0.210692 -0.055411 0.975981
27.192222 -44.797727 8979.550478 -308.651272 0.059296 0.997717 -0.032309 0.990552 -0.054799 0.125711 -0.123654 0.039458 0.991541
33.700889 -43.646612 535.462709 -84.941592 0.062169 0.994380 0.085692 0.990477 -0.072036 0.117331 -0.122845 -0.077582 0.989389
19.261970 -45.488878 7729.663256 472.348810 0.038670 0.997842 -0.053070 0.975507 -0.026188 0.218402 -0.216541 0.060216 0.974415
23.508463 -46.589393 6196.495524 1632.456310 0.043716 0.999028 -0.005633 0.953290 -0.040027 0.299392 -0.298875 0.018458 0.954114
128.620444 -32.708592 58830.200204 -220.220740 -0.111044 0.426957 -0.897428 0.898738 -0.342293 -0.274054 -0.424192 -0.836985 -0.345713
112.943343 -21.310383 66664.009676 20.531589 -0.168895 0.453369 -0.875175 0.908402 -0.272952 -0.316705 -0.382465 -0.848501 -0.365741
-1.839878 -45.610407 -765.079476 2261.227453 0.683143 -0.467781 0.560800 0.604375 -0.068921 -0.793714 -0.409935 -0.881153 -0.235632
1021.628724 -58.355627 363900.116764 8753.270454 -0.095691 0.478285 -0.872976 0.936300 -0.254470 -0.242050 -0.337915 -0.840529 -0.423468
592.063673 -30.924749 209416.515691 -1613.964498 -0.003255 0.418984 -0.907988 0.913081 -0.369004 -0.173548 -0.407765 -0.829631 -0.381366
128.275712 -41.787281 65769.770873 1186.376260 -0.191219 0.498679 -0.845432 0.861717 -0.327125 -0.387857 -0.469978 -0.802688 -0.367167
-11.311649 -61.696873 -1779.031637 490.856600 0.813674 -0.558958 -0.159687 0.257509 0.592845 -0.763036 -0.521175 -0.579742 -0.626320
-12.078261 -63.677617 3547.066978 4061.698460 -0.805278 0.563114 0.185551 0.332355 0.687896 -0.645243 -0.490986 -0.457931 -0.741102
-16.847010 -64.112065 4337.041469 3744.979158 -0.814475 0.555732 0.166709 0.331810 0.681855 -0.651902 -0.475954 -0.475642 -0.739751
-14.169427 -64.345028 357.408619 2443.543114 0.831282 -0.547081 -0.098351 0.324433 0.621210 -0.713331 -0.451347 -0.561070 -0.693892
-11.507839 -59.840206 1273.006512 -1120.356366 0.838048 -0.539463 -0.081584 0.251817 0.515098 -0.819306 -0.484009 -0.666073 -0.567523
-7.945546 -61.271973 -1124.825045 -4359.071907 0.815418 -0.559753 -0.147550 0.143201 0.442023 -0.885499 -0.560881 -0.700922 -0.440591
-8.395545 -59.733854 -2963.589670 -8377.235161 0.794921 -0.569888 -0.208154 0.131196 0.496427 -0.858107 -0.592358 -0.654818 -0.469388
-1.190122 -89.776485 1152.244150 -8885.126964 0.848047 -0.474881 -0.235168 -0.519552 -0.832455 -0.192576 0.104316 -0.285496 0.952686
-3.611298 -87.914702 -898.717555 -5038.012391 0.869758 -0.456097 -0.188404 -0.493221 -0.791150 -0.361682 -0.015906 -0.407501 0.913066
-2.275103 -95.531340 2184.540596 -3331.783539 0.878225 -0.423639 -0.221923 -0.478245 -0.776486 -0.410307 -0.001502 -0.466475 0.884533
-3.736067 -93.273219 253.626667 1896.262627 0.893895 -0.409638 -0.182068 -0.439352 -0.719939 -0.537269 -0.089007 -0.560254 0.823525
1.168615 -103.648211 1918.100689 -5775.873329 0.871122 -0.437581 -0.222866 -0.490568 -0.795909 -0.354785 0.022134 -0.418392 0.907997
-1.311631 -102.416062 2897.056000 3109.694060 0.908216 -0.369519 -0.196466 -0.408871 -0.683331 -0.604882 -0.089265 -0.629693 0.771698
264.425183 -122.727945 102348.873495 -8838.101498 0.625364 0.543491 0.559944 0.778222 -0.381636 -0.498722 -0.057356 0.747644 -0.661618
1252.076529 -228.947641 481487.935673 7771.624425 0.312083 0.735494 0.601376 0.868965 0.034908 -0.493640 -0.384062 0.676631 -0.628225
107.824664 -138.803222 38772.985044 -15727.767086 0.630881 0.675984 0.380834 0.773879 -0.513020 -0.371378 -0.055670 0.529014 -0.846785
56.478527 -155.606030 18497.222357 -3138.960496 0.738064 0.575925 0.351528 -0.646549 0.752669 0.124351 0.192968 0.319059 -0.927882
70.495787 -137.886593 22853.773814 12553.452780 0.766461 0.511707 0.388192 -0.639709 0.662319 0.390008 0.057537 0.547256 -0.834986
6.423360 -202.167982 -475.082344 -750.568921 0.616675 0.674576 0.405783 0.333318 0.243233 -0.910899 0.713170 -0.696983 0.074853
6.969771 -208.602340 -455.546136 -2510.301783 -0.588074 -0.670293 -0.452633 0.589927 0.027377 -0.806992 0.553313 -0.741591 0.379324
7.479098 -212.811644 -53.837511 -861.723626 0.585888 0.674107 0.449794 0.481104 0.157312 -0.862434 0.652130 -0.721688 0.232148
8.466001 -212.834782 -762.010370 1843.402405 0.603902 0.686761 0.404552 0.222064 0.342492 -0.912900 0.765500 -0.641138 -0.054327
0.433558 -85.520354 1398.004030 3157.901960 0.760146 0.625183 0.176990 0.045762 0.220207 -0.974379 0.648139 -0.748769 -0.138779
0.124087 -94.843097 2995.639473 5734.180357 0.739755 0.645938 0.188488 0.161836 0.101102 -0.981625 0.653125 -0.756666 0.029745
-2.525980 -90.088564 400.850976 8418.976986 0.760768 0.622861 0.182420 0.080121 0.188789 -0.978744 0.644060 -0.759212 -0.093721
-1.521204 -76.535626 103.302647 3323.531605 0.768289 0.610957 0.190954 -0.005646 0.304774 -0.952408 0.640078 -0.730647 -0.237604
-2.278157 -84.798831 -1088.725801 8880.972785 0.772152 0.602761 0.201149 0.039071 0.270918 -0.961809 0.634236 -0.750522 -0.185639
-4.037687 -97.265690 -308.600857 11388.145315 0.759239 0.620398 0.196627 0.131985 0.149069 -0.979979 0.637288 -0.769990 -0.031296
0.066156 -97.797090 559.491210 4936.322685 0.910013 -0.226959 0.346939 0.090597 0.925483 0.367795 -0.404560 -0.303266 0.862763
-1.359243 -114.690105 -398.500702 -9511.549051 0.907175 -0.216132 0.361000 0.024788 -0.829039 -0.558641 -0.420023 -0.515734 0.746726
-0.920949 -100.930786 -717.325093 2767.331045 0.904484 -0.220579 0.365039 0.025058 0.881884 0.470801 -0.425771 -0.416685 0.803177
-1.206230 -97.852285 -1001.787697 2378.502817 0.904230 -0.211838 0.370801 0.054398 0.918355 0.392000 -0.423567 -0.334288 0.841928
0.133492 -93.539156 -637.178455 92.530251 0.901721 -0.233000 0.364156 0.128007 0.948461 0.289891 -0.412932 -0.214786 0.885073
36.296624 -13.238581 -7679.254234 1998.428232 0.453717 0.848135 0.273512 -0.177111 0.386620 -0.905073 0.873369 -0.362205 -0.325630
44.258881 -13.561620 -2835.606757 2915.292406 0.283027 0.947827 0.146693 -0.258685 0.222717 -0.939936 0.923568 -0.228080 -0.308223
34.435387 -5.833811 -8648.304113 2369.390462 0.353687 0.923490 0.148563 -0.261661 0.250173 -0.932173 0.898019 -0.290825 -0.330124
20.164837 -13.830275 881.285173 -3499.066049 -0.511990 -0.636168 -0.577197 -0.015282 0.678587 -0.734361 0.858855 -0.367165 -0.357152
17.976564 -29.127049 2257.697256 -5228.034105 -0.558794 -0.507589 -0.655822 0.054157 0.766784 -0.639616 0.827536 -0.392931 -0.400985
28.325295 -28.987143 13880.865093 -3429.608462 -0.457079 0.834650 0.307306 0.604059 0.544913 -0.581534 0.652833 0.080176 0.753247
22.992799 -40.070662 11410.850847 -4491.269432 -0.423326 0.864380 0.271371 0.576345 0.488046 -0.655467 0.699014 0.121073 0.704784
48.497154 -33.830622 15392.506561 -4625.889972 -0.396782 0.864154 0.309519 0.596172 0.499008 -0.628944 0.697956 0.065027 0.713182
-14.663696 -79.693210 -1011.171524 -1271.614220 0.603238 0.701810 0.378902 -0.168573 -0.352150 0.920638 -0.779543 0.619236 0.094124
-10.812870 -86.410602 259.402093 -2847.725141 0.598981 0.698761 0.391094 -0.060714 -0.447366 0.892288 -0.798458 0.558208 0.225539
-14.235464 -87.636556 -925.530192 -2775.078504 0.610670 0.687188 0.393516 -0.031267 -0.475625 0.879092 -0.791267 0.549140 0.268964
-17.690923 -80.258355 -2267.819315 -1684.219508 0.614093 0.688213 0.386332 -0.132700 -0.392498 0.910130 -0.777998 0.610171 0.149704
4.432369 -76.843375 -1195.350553 -4592.754773 -0.715103 0.217535 -0.664308 -0.213115 0.837252 0.503578 0.665740 0.501685 -0.552362
9.428005 -89.511635 -1257.020331 -2428.133202 -0.736163 0.281360 -0.615548 -0.149762 0.819228 0.553567 0.660026 0.499702 -0.560949
15.271026 -76.516528 -2038.286508 -408.661863 -0.710968 0.193183 -0.676169 -0.144081 0.901112 0.408946 0.688306 0.388171 -0.612828
27.225401 -75.109394 -1418.305604 3729.842907 -0.684385 0.059410 -0.726696 -0.131187 0.970376 0.202880 0.717221 0.234182 -0.656317
15.025470 -68.896563 -1376.598059 630.661362 -0.690347 0.086249 -0.718319 -0.212497 0.924903 0.315276 0.691568 0.370290 -0.620176
-6.215065 -166.408650 -954.980172 940.460258 0.903049 -0.297533 0.309800 -0.428313 -0.678144 0.597217 -0.032398 0.672008 0.739835
-6.024657 -169.094361 -857.678994 4171.083399 0.898544 -0.295173 0.324793 -0.437390 -0.663244 0.607287 -0.036162 0.687735 0.725060
-7.796676 -158.049401 -832.076840 4698.312195 0.906350 -0.285339 0.311626 -0.395921 -0.831110 0.390516 -0.147566 0.477324 0.866248
-6.644216 -170.583467 1191.519927 2795.135571 0.914667 -0.298269 0.272801 -0.398880 -0.775272 0.489744 -0.065420 0.556767 0.828089
-9.294068 -143.412823 -75.596606 -11842.307083 0.919965 -0.265516 0.288385 0.308694 0.944123 -0.115500 -0.241603 0.195279 0.950523
-7.668583 -158.141179 553.088047 8645.438225 0.922741 -0.274262 0.270793 -0.341409 -0.907673 0.244068 -0.178853 0.317663 0.931183
-8.193411 -140.707371 -273.924197 6178.825099 0.907739 -0.274720 0.317080 -0.340807 -0.923619 0.175436 -0.244665 0.267313 0.932031
22.144645 -1269.730304 13457.601920 564766.624508 0.671535 -0.451694 0.587378 -0.357092 0.497303 0.790680 0.649250 0.740718 -0.172660
-39.587276 -170.150701 -3672.736960 52903.205640 0.759195 -0.561854 0.328547 -0.199013 0.280219 0.939080 0.619691 0.778330 -0.100924
-103.141108 -189.714976 -7943.331167 33417.900531 0.725389 -0.686630 0.048478 -0.039605 0.028677 0.998804 0.687199 0.726441 0.006392
-30.211503 -608.017734 -12345.769679 -247245.872615 -0.648857 0.744819 -0.155658 0.293633 0.056375 -0.954254 0.701972 0.664881 0.255283
-43.819593 -136.764663 -15819.209668 -45033.553051 -0.497182 0.556005 -0.666084 -0.286659 0.619319 0.730938 0.818924 0.554348 -0.148530
-66.858572 -733.585617 -11818.465619 -247268.657163 -0.102933 -0.079915 0.991473 0.785776 -0.617694 0.031790 0.609886 0.782348 0.126376
8.078787 -126.305579 96.992725 2637.348296 0.851723 -0.313378 0.419956 -0.106036 0.681793 0.723819 0.513152 0.661024 -0.547470
8.043102 -121.602899 1664.027773 1988.650172 0.834656 -0.343720 0.430355 -0.093578 0.681506 0.725805 0.542763 0.646069 -0.536659
9.683701 -123.475134 579.414589 -1937.113189 0.844497 -0.337241 0.416045 -0.186364 0.543242 0.818631 0.502088 0.768867 -0.395917
8.553692 -126.536102 -918.616246 -183.210302 0.859704 -0.301912 0.412017 -0.202480 0.539113 0.817532 0.468946 0.786261 -0.402347
9.767151 -121.512978 -571.244603 -1365.094734 0.853925 -0.326992 0.404830 -0.284336 0.358370 0.889227 0.435849 0.874441 -0.213045
-1.937800 -100.752787 -2419.724084 243.073706 -0.757103 -0.531134 -0.380383 -0.433885 0.844096 -0.315032 0.488404 -0.073470 -0.869519
-6.110529 -101.376249 -836.158902 164.989976 -0.750942 -0.558572 -0.352254 -0.479986 0.828035 -0.289780 0.453542 -0.048531 -0.889913
-5.934394 -107.668589 -1687.395914 -2080.824506 -0.754720 -0.542281 -0.369228 -0.524821 0.836762 -0.156182 0.393650 0.075904 -0.916121
-16.713036 -27.740018 -0.898807 1883.047123 -0.563040 0.767218 -0.307186 0.686920 0.641124 0.342200 -0.459486 0.018340 0.887996
-13.916600 -24.711680 355.637525 933.770564 -0.487451 0.830029 -0.271003 0.767988 0.555241 0.319220 -0.415434 0.052523 0.908106
-14.009516 -25.093285 538.096317 1554.623708 -0.323725 0.918001 -0.229075 0.834248 0.391164 0.388615 -0.446355 0.065301 0.892470
62.280961 -325.571531 -14760.423149 22611.573660 0.607792 0.697867 0.378907 -0.063869 -0.432649 0.899297 -0.791524 0.570786 0.218389
190.502198 -1062.537235 -55331.236370 423051.439378 0.727117 0.615278 0.304522 0.055387 -0.494707 0.867293 -0.684276 0.613757 0.393789
147.435267 -499.452934 -50202.434839 169048.280482 0.597488 0.684482 0.417723 0.252292 -0.654940 0.712322 -0.761155 0.320215 0.564008
105.995419 -380.397449 -29519.881634 -28336.897443 0.666880 0.644965 0.373217 -0.355907 -0.164345 0.919957 -0.654676 0.746332 -0.119950
-47.433285 -535.895258 5121.412254 -160879.861409 -0.082201 0.881390 0.465182 0.085015 -0.458859 0.884432 -0.992983 -0.112248 0.037213
-53.969439 -870.839482 -302.951055 -324812.397012 -0.229096 0.806116 0.545612 0.296648 -0.476037 0.827882 -0.927100 -0.351519 0.130075
-50.936377 -768.361832 4638.522168 -83217.415322 -0.068868 0.856955 0.510770 0.679120 -0.334773 0.653240 -0.730789 -0.391862 0.558920
21.385276 -557.908450 1893.286117 -189099.193545 0.072891 0.953596 0.292133 -0.476575 -0.224004 0.850117 -0.876107 0.201190 -0.438132
20.259445 -1478.501040 9788.198521 -544799.501004 0.104434 0.918964 0.380261 -0.160704 -0.361734 0.918326 -0.981462 0.157013 -0.109904
25.237971 -699.003085 -5738.168263 -238822.286664 0.045601 0.910437 0.411127 -0.106559 -0.404774 0.908187 -0.993260 0.085224 -0.078557
20.962458 -382.525243 -2046.479389 -121004.695490 -0.000073 0.940311 0.340316 -0.392079 -0.313094 0.865012 -0.919931 0.133368 -0.368699
19.411694 -472.205999 -3873.654670 -125146.492516 0.024037 0.913677 0.405730 -0.053902 -0.404073 0.913137 -0.998257 0.043819 -0.039537
2.119034 -49.619201 641.464539 3304.719758 0.702123 -0.557688 -0.442727 -0.647388 -0.241067 -0.723033 -0.296500 -0.794274 0.530299
1.997889 -44.803467 211.394474 4436.832458 0.701429 -0.565725 -0.433534 -0.608984 -0.159666 -0.776946 -0.370317 -0.808988 0.456513
4.638176 -47.130919 1609.097500 2039.950485 0.722757 -0.547507 -0.421734 -0.613104 -0.226338 -0.756885 -0.318945 -0.805610 0.499266
7.018057 -50.360933 3058.664949 1895.288083 0.718980 -0.534795 -0.443917 -0.651635 -0.296531 -0.698170 -0.241742 -0.791242 0.561691
-49.010301 -75.321467 629.937739 4486.668511 -0.241183 0.963704 0.114475 -0.689233 -0.087050 -0.719292 0.683220 0.252381 -0.685211
-41.560225 -68.869843 908.830066 5301.229839 -0.456795 0.889524 0.009251 -0.660857 -0.332370 -0.672903 0.595488 0.313493 -0.739673
57.890454 -88.668018 -6674.633773 -4765.748524 0.223865 0.974602 -0.005905 -0.658230 0.155657 0.736549 -0.718761 0.161000 -0.676359
47.252743 -76.807162 -2568.316870 -7545.250578 0.095372 0.995225 -0.020751 -0.682944 0.080584 0.726012 -0.724218 0.055069 -0.687369
49.942719 -81.144829 -739.512901 -12776.607705 -0.008510 0.999375 -0.034297 -0.675324 0.019551 0.737262 -0.737472 -0.029436 -0.674735
55.262146 -94.771939 -197.631407 -10189.307551 -0.041835 0.998767 -0.026727 -0.494426 0.002550 0.869216 -0.868213 -0.049578 -0.493709
-46.735057 -72.437483 3070.673317 -5526.195261 0.154033 0.984541 0.083384 -0.520939 0.009212 0.853544 -0.839581 0.174912 -0.514305
-45.866812 -61.270393 407.719862 502.309249 0.304204 0.948790 -0.085191 -0.551753 0.248392 0.796160 -0.776549 0.195191 -0.599059
-43.200724 -63.432139 2380.354800 -3520.088259 0.102399 0.993988 0.038760 -0.607393 0.031619 0.793772 -0.787775 0.104824 -0.606979
-44.797421 -73.490080 2269.100462 -5977.330738 0.054149 0.997360 0.048378 -0.511875 -0.013873 0.858948 -0.857352 0.071275 -0.509772
-47.798291 -78.040099 1182.675624 -4965.182567 0.115178 0.991453 0.061285 -0.378363 -0.013257 0.925562 -0.918464 0.129792 -0.373602
6.640370 -29.120887 -148.306309 -1416.434187 -0.570388 0.819837 -0.050254 -0.447969 -0.361783 -0.817580 0.688463 0.443825 -0.573618
5.783595 -32.605358 298.343218 -2355.197440 -0.540435 0.839966 0.048853 -0.505217 -0.277532 -0.817148 0.672819 0.466297 -0.574353
-6.038055 -46.269775 467.394173 674.492403 0.606994 0.337320 0.719564 0.318616 0.726195 -0.609200 -0.728039 0.599046 0.333321
-1.852288 -46.402462 682.778663 367.455784 0.608095 0.322670 0.725331 0.372435 0.690929 -0.619604 -0.701080 0.646917 0.299977
-0.472083 -46.692962 1420.064623 608.607244 0.644370 0.375306 0.666283 -0.396702 -0.580824 0.710824 -0.653770 0.722349 0.225381
-7.670575 -43.027633 1157.702308 -1933.270868 -0.102760 0.929554 -0.354075 0.942158 -0.023209 -0.334366 -0.319029 -0.367954 -0.873402
-6.093260 -45.184157 -432.631245 2787.404899 -0.151234 0.912049 -0.381176 0.921605 -0.009346 -0.388016 -0.357452 -0.409976 -0.839135
-1.222562 -61.212498 -989.919925 1620.293803 0.090946 0.991622 -0.091728 0.987818 -0.078150 0.134565 -0.126269 0.102849 0.986650
0.955012 -55.958234 1375.836460 1530.124797 -0.074286 -0.993492 0.086343 0.997207 -0.074673 -0.001258 0.007698 0.086009 0.996265
0.502041 -52.214749 -1494.597162 2695.980137 0.082468 0.992956 -0.085076 0.990395 -0.091162 -0.103959 0.110983 0.075686 0.990936
0.436809 -65.990487 302.053159 133.998114 0.218379 0.939518 -0.263848 0.845647 -0.317126 -0.429316 0.487023 0.129369 0.863755
-8.499828 -67.430956 1703.966976 75.646657 0.158951 0.959839 -0.231178 -0.892740 0.239725 0.381507 -0.421604 -0.145740 -0.894991
-9.576441 -68.198840 510.341623 -377.472598 0.153888 0.954859 -0.254094 -0.924118 0.230109 0.305049 -0.349748 -0.187869 -0.917813
-11.193796 -34.308844 1372.001388 1194.492460 0.843144 0.468954 -0.263040 -0.513715 0.847023 -0.136561 -0.158760 -0.250268 -0.955071
-7.048465 -34.727630 467.574466 279.377983 0.756478 0.584004 -0.294416 -0.643584 0.744811 -0.176227 -0.116367 -0.322794 -0.939289
87.356747 -40.793062 -21028.739762 3373.060488 0.531040 0.792455 0.300019 -0.078144 0.398361 -0.913894 0.843736 -0.461870 -0.273471
104.001995 -55.081180 -22043.282050 7735.855902 0.492120 0.822637 0.284755 -0.028028 0.341910 -0.939315 0.870076 -0.454274 -0.191318
102.629755 -41.284812 -9159.919496 4008.686189 0.359528 0.882439 0.303382 -0.063151 0.347386 -0.935593 0.930995 -0.317213 -0.180622
68.511995 -53.687847 -29817.936240 7307.129742 0.664684 0.694936 0.274334 -0.033990 0.394933 -0.918081 0.746351 -0.600909 -0.286127
82.477876 -32.459073 -3378.291541 29.911957 0.337019 0.897392 0.284790 -0.130311 0.344035 -0.929870 0.932436 -0.276273 -0.232887
50.576832 -35.629495 -18490.229583 3122.249095 0.646323 0.697747 0.308893 -0.094332 0.474762 -0.875044 0.757210 -0.536423 -0.372670
64.497789 -30.936101 -10469.953568 588.862043 0.500095 0.813144 0.297830 -0.172018 0.430352 -0.886119 0.848714 -0.391911 -0.355093
3239.398503 -81.004531 -1243378.506060 -1140.645793 -0.350358 -0.775748 -0.524847 0.935833 -0.312850 -0.162303 -0.038292 -0.548033 0.835580
1536.552515 -11.070494 676213.740000 -15744.889213 -0.109206 -0.394612 -0.912335 0.982433 -0.182574 -0.038628 -0.151325 -0.900527 0.407618
1529.030601 -21.231314 607490.758921 -93.654429 0.005396 -0.077027 -0.997014 0.993887 -0.109528 0.013841 -0.110267 -0.990995 0.075966
1141.150784 -30.414107 349536.400042 -279.242889 0.116227 -0.158969 -0.980418 0.984525 -0.111910 0.134859 -0.131157 -0.980921 0.143502
22.595420 -221.164251 -8387.159433 -32789.565043 0.393540 -0.222372 -0.892007 0.836997 -0.314636 0.447706 -0.380215 -0.922797 0.062303
15.527441 -198.348236 -3988.726189 -43790.524827 0.382131 -0.180684 -0.906272 0.726747 -0.546999 0.415489 -0.570802 -0.817402 -0.077714
6.339904 -194.447771 -2207.094209 -45718.428932 0.430878 -0.221410 -0.874827 0.641647 -0.606493 0.469527 -0.634534 -0.763638 -0.119257
36.324456 -219.863672 -11042.190550 -36901.950412 0.344668 -0.168255 -0.923523 0.855790 -0.347990 0.382789 -0.385783 -0.922276 0.024049
86.060884 -218.057812 -27816.922277 23509.723270 0.289642 -0.205070 -0.934909 0.956153 0.106236 0.272921 0.043353 -0.972965 0.226849
0.388053 -84.102626 -122.802100 -10314.550027 0.119086 0.934105 -0.336549 -0.293033 -0.290797 -0.910807 0.948657 -0.207085 -0.239094
0.217059 -69.771901 -51.638280 -5844.917564 0.123834 0.945016 -0.302671 -0.159996 -0.282013 -0.945976 0.979319 -0.165570 -0.116276
24.473470 -34.148666 2402.037967 -1246.188074 0.090682 0.994078 0.059889 -0.769782 0.108121 -0.629083 0.631832 -0.010945 -0.775028
16.375378 -39.239941 3037.315765 -3406.856777 0.019473 0.999725 0.013102 -0.808056 0.023454 -0.588638 0.588783 -0.000875 -0.808291
