10262
20513
-22.790494 -41.940456 -1073.634650 3022.809315 0.543521 0.806423 0.232954 0.119280 -0.348912 0.929534 -0.830878 0.477434 0.285831
-32.196709 -49.244188 -233.483795 2619.297537 0.612895 0.782966 0.106413 0.050854 -0.173479 0.983524 -0.788526 0.597385 0.146142
-24.651747 -56.612002 -1270.847215 4556.047684 0.499361 0.866160 -0.020143 0.144385 -0.060272 0.987684 -0.854279 0.496119 0.155158
-26.556431 -38.405986 207.523416 -2118.316158 0.620109 0.483565 0.617762 0.209012 0.657149 -0.724202 -0.756161 0.578204 0.306433
-13.837252 -51.887646 -1703.836881 5088.761299 0.416558 0.889219 0.189124 0.178718 -0.284071 0.942000 -0.891369 0.358598 0.277251
-18.788954 -34.624163 -1553.051019 3070.204968 0.480935 0.835106 0.267020 0.202379 -0.402068 0.892963 -0.853079 0.375418 0.362377
-22.475963 -30.939274 -384.522338 -1738.598722 0.594762 0.449899 0.666220 0.143352 0.756095 -0.638569 -0.791018 0.475300 0.385202
11.037520 -40.810595 940.246674 -801.291339 0.544873 0.365196 0.754815 0.185230 0.825517 -0.533114 -0.817804 0.430294 0.382157
15.960384 -44.212307 623.878080 -814.181003 0.438978 0.358043 0.824077 0.187014 0.860675 -0.473565 -0.878820 0.361998 0.310858
9.750627 -40.480042 409.591523 1278.856460 0.474161 0.338047 0.812955 0.400232 0.739674 -0.541014 -0.784210 0.581898 0.215427
5.265173 -38.887507 717.544776 790.564291 0.559425 0.350367 0.751190 0.350629 0.721162 -0.597482 -0.751068 0.597636 0.280587
7.504050 -35.226647 8.799765 2168.027997 0.478299 0.351171 0.804928 0.535628 0.609695 -0.584273 -0.695941 0.710599 0.103520
6.449548 -35.047241 245.491115 -1883.980672 0.530075 0.360598 0.767457 -0.497470 -0.600702 0.625844 -0.686691 0.713531 0.139031
8.389650 -37.082186 333.135185 2314.595197 0.414231 0.314429 0.854135 0.556184 0.655392 -0.511000 -0.720467 0.686728 0.096603
-1.984924 -26.263885 -1030.344387 288.178854 0.305734 0.840505 0.447300 0.591409 -0.535819 0.602605 -0.746165 -0.080301 0.660901
-7.852229 -26.281623 -1034.908773 368.311839 0.285733 0.878415 0.383073 0.696462 -0.464923 0.546615 -0.658254 -0.110610 0.744626
-6.936224 -27.378779 -1231.462429 286.523474 0.306959 0.852921 0.422258 0.581297 -0.519325 0.626415 -0.753572 -0.053174 0.655211
-7.356697 -24.534144 -43.752414 920.712896 0.178578 0.736095 0.652897 -0.407805 -0.548513 0.729951 -0.895436 0.396608 -0.202231
-6.516287 -19.689160 -667.619113 1605.454847 0.190067 0.805303 0.561571 -0.284074 -0.502419 0.816625 -0.939775 0.314741 -0.133272
-5.923003 -20.822364 -96.060850 1410.895932 0.183807 0.736108 0.651429 -0.316297 -0.583181 0.748235 -0.930683 0.343576 -0.125636
5.642338 -48.422836 367.399879 -2087.351891 -0.484468 -0.460057 -0.744069 0.587575 0.459013 -0.666381 0.648111 -0.760036 0.047941
6.166180 -51.411504 157.706833 160.581430 -0.482748 -0.483334 -0.730304 0.419908 0.604052 -0.677346 0.768526 -0.633648 -0.088649
3.983090 -47.765543 461.808589 -1025.710736 -0.516744 -0.445769 -0.730935 0.524946 0.509464 -0.681820 0.676319 -0.736028 -0.029258
7.078167 -52.870248 53.916407 -1023.463603 -0.460559 -0.500288 -0.733210 0.484075 0.550818 -0.679905 0.744014 -0.668065 -0.011508
3.214591 -44.268744 620.981080 -1838.575047 -0.514301 -0.426340 -0.744129 0.649967 0.372296 -0.662524 0.559497 -0.824396 0.085635
5.038111 -43.410266 633.176375 -2388.343338 -0.485831 -0.431446 -0.760146 0.701794 0.325854 -0.633486 0.521011 -0.841234 0.144476
6.814431 -49.797038 125.906375 -2606.171795 -0.454035 -0.484270 -0.747887 0.646236 0.398872 -0.650600 0.613377 -0.778707 0.131851
10.819002 -132.985949 -1417.370822 -8379.849240 -0.024324 0.831174 0.555480 -0.659866 -0.430755 0.615651 -0.750989 0.351567 -0.558942
9.351806 -124.434794 -1237.887865 -640.282237 -0.013925 0.816914 0.576592 -0.393717 -0.534543 0.747831 -0.919126 0.216601 -0.329077
4.908993 -107.625942 -533.278748 -6200.917206 -0.010415 0.838134 0.545365 -0.650259 -0.420004 0.633056 -0.759641 0.348035 -0.549379
22.230052 -14.275827 -5042.137974 1282.653166 0.416217 0.819441 -0.394056 -0.435314 0.560065 0.704861 -0.798288 0.121837 -0.589823
41.606399 -11.604386 -5453.511437 602.879182 0.456791 0.830594 -0.318522 -0.458921 0.526764 0.715480 -0.762059 0.180649 -0.621798
14.457359 -8.332839 -2751.444554 606.347170 0.374579 0.876601 -0.302095 -0.457783 0.458184 0.761907 -0.806303 0.147101 -0.572919
67.052437 -17.794114 -13070.179943 868.003065 0.461855 0.801761 -0.379302 -0.474881 0.584714 0.657722 -0.749118 0.123649 -0.650794
1.266284 -11.955879 -1542.343890 1572.408276 0.303840 0.923560 -0.233920 -0.490762 0.362169 0.792456 -0.816599 0.125980 -0.563290
1.294825 -15.969072 -3393.782927 2108.872122 0.409370 0.792039 -0.452870 -0.413243 0.603496 0.681925 -0.813417 0.092014 -0.574358
28.064090 -18.545443 -8174.137860 1464.013811 0.459655 0.737110 -0.495364 -0.418935 0.671788 0.610896 -0.783078 0.073276 -0.617592
36.143821 -69.756094 2597.141743 -1557.403853 0.204717 0.959992 0.191067 -0.758888 0.032380 0.650416 -0.618208 0.278149 -0.735155
30.322459 -55.477296 -1973.466741 -285.828653 0.204466 0.948962 0.240134 -0.754777 -0.003368 0.655973 -0.623302 0.315372 -0.715566
32.631794 -67.285878 2114.638855 2507.034005 0.236506 0.957820 0.163237 -0.536477 -0.011344 0.843839 -0.810097 0.287146 -0.511165
1052.677010 -215.103772 -316611.348459 -50972.525954 0.860581 -0.331507 -0.386656 -0.229834 0.424706 -0.875672 -0.454507 -0.842453 -0.289303
1249.192770 -46.065283 422604.038086 -2672.856765 0.831889 0.553967 -0.032880 -0.471626 0.674526 -0.567964 0.292456 -0.487990 -0.822396
804.172011 -84.933383 -226688.352805 -10420.240526 0.797382 -0.255724 -0.546615 -0.258791 0.673366 -0.692536 -0.545170 -0.693674 -0.470751
874.148000 -40.154281 200882.870539 2747.524085 -0.405447 0.620146 0.671588 0.386625 -0.549401 0.740729 -0.828332 -0.559979 0.017011
521.282479 -28.385958 -118238.315396 -6547.866536 0.584969 -0.605972 -0.539082 -0.436801 0.324661 -0.838928 -0.683385 -0.726219 0.074773
361.828026 -31.259905 -59601.197524 -16380.390239 0.838525 -0.341863 -0.424271 -0.324575 0.312029 -0.892910 -0.437637 -0.886436 -0.150684
237.011267 -40.674135 39652.522965 135.979060 -0.325285 0.563628 0.759285 0.544832 -0.544570 0.637653 -0.772883 -0.621101 0.129943
-1.869319 -78.762363 259.745702 325.423973 -0.800319 -0.365034 0.475647 -0.374332 0.923906 0.079203 -0.468365 -0.114662 -0.876063
-1.233236 -88.877638 366.646912 932.661262 -0.779158 -0.408270 0.475635 -0.349037 0.912861 0.211799 -0.520660 -0.000989 -0.853763
-1.821119 -83.537197 85.977769 119.130329 -0.771788 -0.442912 0.456258 -0.268026 0.877260 0.398217 -0.576632 0.185050 -0.795771
-2.997170 -75.968731 211.232477 -458.039516 -0.777643 -0.432844 0.455980 -0.285123 0.889196 0.357821 -0.560336 0.148247 -0.814890
-4.040290 -61.546372 1504.611741 2130.592808 0.830894 0.092245 -0.548732 0.398903 -0.786283 0.471843 0.387933 0.610942 0.690114
-3.755082 -54.469428 671.764325 -2384.181858 0.836471 0.109182 -0.537025 -0.316340 0.896397 -0.310486 0.447488 0.429595 0.784349
-0.470533 -55.849824 604.948820 2244.515687 0.841699 0.084069 -0.533362 0.311628 -0.882318 0.352708 0.440944 0.463084 0.768844
-8.988584 -61.741086 1056.710418 2271.845993 0.826115 0.151027 -0.542886 0.421693 -0.804735 0.417823 0.373777 0.574102 0.728490
0.850781 -60.904191 846.769032 1776.746231 0.835934 0.097564 -0.540089 0.407322 -0.769829 0.491377 0.367836 0.630749 0.683266
-1.201126 -63.845671 1926.753601 440.713027 0.819052 0.081131 -0.567953 0.494129 -0.602790 0.626483 0.291529 0.793765 0.533805
-10.484305 -65.757671 1758.976823 1266.484397 0.812217 0.136318 -0.567205 0.511645 -0.633526 0.580400 0.280220 0.761618 0.584307
-8.053615 -597.968380 1210.959779 -115265.893946 0.845129 0.523192 -0.109671 0.324526 -0.665180 -0.672471 0.424782 -0.532734 0.731953
-10.728957 -656.126945 2097.612932 3787.282129 0.823600 0.541873 -0.167499 0.026881 -0.332286 -0.942796 0.566533 -0.771984 0.288237
-3.304005 -283.253757 1525.184292 -30499.212293 0.844269 0.528318 -0.089945 0.420259 -0.756816 -0.500611 0.332554 -0.384851 0.860987
-7.135650 -213.148888 -1412.129631 -7874.199720 0.910105 0.414309 -0.007513 0.404440 -0.892081 -0.201541 0.090203 -0.180385 0.979451
-6.888754 -228.227239 -113.326678 24631.191330 0.851745 0.521818 -0.047299 -0.516303 0.851249 0.093847 0.089235 -0.055513 0.994462
18.273751 -2266.542777 7211.909504 -532151.954841 0.769474 0.638505 -0.014856 0.604961 -0.736113 -0.303579 0.204772 -0.224609 0.952691
1.446758 -32.208537 353.788977 -321.043195 0.301637 0.824650 0.478505 0.540666 -0.561330 0.626569 -0.785300 -0.069715 0.615178
1.676104 -32.527455 541.288570 -190.296733 0.319089 0.813436 0.486318 0.641684 -0.563062 0.520772 -0.697441 -0.145889 0.701635
3.951425 -30.844559 1414.165429 -510.449818 0.311295 0.843394 0.437929 0.531408 -0.536531 0.655546 -0.787846 -0.028651 0.615206
2.929043 -30.278277 1564.963287 -374.292967 0.302956 0.851908 0.427165 0.443066 -0.522750 0.728303 -0.843748 0.031381 0.535822
1.056227 -31.110095 -348.828940 -390.722617 0.282557 0.838588 0.465758 0.436726 -0.544764 0.715893 -0.854068 -0.001128 0.520161
-13.136437 -23.622139 499.392861 -503.989595 0.816526 0.464171 0.343265 0.576983 -0.636172 -0.512226 0.019384 -0.616304 0.787270
-12.834313 -24.188225 210.132520 -353.110082 0.814544 0.491154 0.308682 0.570487 -0.581741 -0.579760 0.105178 -0.648340 0.754051
-11.510132 -21.886636 209.165608 -450.122323 0.730253 0.574216 0.370145 0.682818 -0.595899 -0.422686 0.022144 -0.561409 0.827242
-11.479593 -21.256792 554.148958 -508.452419 0.721059 0.565225 0.400742 0.690849 -0.630681 -0.353510 -0.052928 -0.531754 0.845243
-9.959450 -19.773746 -220.555584 -370.110538 -0.602075 -0.680422 -0.417769 0.796475 -0.548503 -0.254505 -0.055976 -0.485974 0.872179
-10.891704 -20.442688 102.256473 -349.652993 -0.611473 -0.684387 -0.397134 0.790980 -0.515211 -0.330013 0.021249 -0.515919 0.856374
5.865511 -29.555195 951.149664 1379.301596 0.544644 0.494578 0.677315 0.801595 -0.069529 -0.593810 -0.246592 0.866348 -0.434320
0.860484 -34.428269 -105.602806 1347.147420 0.511972 0.516616 0.686289 0.758090 0.103978 -0.643807 -0.403960 0.849880 -0.338408
16.422877 -26.947982 3260.729238 1331.438862 0.669057 0.460927 0.583017 0.708753 -0.159612 -0.687163 -0.223676 0.872966 -0.433473
32.733562 -23.549207 6720.843662 -367.789244 0.714543 0.415383 0.562926 -0.689744 0.283752 0.666137 -0.116971 0.864258 -0.489261
-200.591781 -698.504047 20947.527926 -621.766176 0.530570 -0.510932 0.676346 0.847557 0.308521 -0.431813 0.011960 0.802349 0.596736
-1010.161167 -3591.776389 130717.134543 743283.521814 0.884145 -0.115714 0.452657 -0.383885 0.372315 0.844993 0.266308 0.920865 -0.284759
244.018470 -1128.249030 -77085.912264 161167.600697 0.793402 0.141236 0.592085 -0.592376 -0.044584 0.804427 -0.140012 0.988971 -0.048292
-1447.897188 -2383.183426 223865.262307 100351.302081 0.804117 -0.526772 -0.275511 0.567196 0.818623 0.090247 -0.178000 0.228838 -0.957052
-2203.702183 -3658.499217 273666.611035 671563.980669 -0.534311 -0.811115 0.237919 0.761801 -0.340102 0.551353 -0.366294 0.475840 0.799628
5.384674 -548.442789 -634.113981 91464.969730 0.929787 -0.367889 -0.012389 0.081761 0.239222 -0.967517 -0.358902 -0.898572 -0.252504
-8.550786 -190.152763 -346.693459 -3658.271366 0.935569 -0.347763 -0.061409 -0.130888 -0.179966 -0.974926 -0.327992 -0.920148 0.213889
1.881199 -198.155918 -570.919855 42.137661 0.939202 -0.342474 -0.024721 -0.135776 -0.304293 -0.942852 -0.315380 -0.888885 0.332293
-25.923692 -37.818406 550.475800 -420.053947 -0.456614 0.753101 -0.473648 0.102148 -0.484489 -0.868813 0.883781 0.445094 -0.144297
-25.693711 -38.362007 772.121836 -8.537691 -0.472610 0.734692 -0.486690 -0.080726 -0.586028 -0.806259 0.877567 0.341758 -0.336272
-24.007863 -37.273159 116.368462 -117.303835 -0.540123 0.728555 -0.421278 -0.012520 -0.507476 -0.861575 0.841493 0.460082 -0.283221
-24.001640 -37.014929 37.390417 -357.985099 -0.569457 0.722241 -0.392538 0.087470 -0.421576 -0.902564 0.817354 0.548307 -0.176895
-25.011553 -36.894171 215.663526 -350.122930 -0.479783 0.767625 -0.424924 0.235381 -0.353941 -0.905164 0.845224 0.534301 0.010870
-28.578300 -37.361079 1002.794187 -604.342313 -0.360257 0.786737 -0.501258 0.277524 -0.422620 -0.862770 0.890615 0.449931 0.066086
0.469957 -27.617553 772.233145 -162.647068 0.483751 0.873724 0.050910 -0.474701 0.310806 -0.823443 0.735285 -0.374175 -0.565110
-3.252328 -25.807532 529.885551 -287.980735 0.472047 0.880299 0.047379 -0.363919 0.243533 -0.899030 0.802954 -0.407142 -0.435316
-2.237633 -27.590511 -415.815920 2.157802 0.554953 0.814085 0.171151 -0.353000 0.416749 -0.837682 0.753272 -0.404458 -0.518648
23.213320 -31.382251 -2090.818165 675.779498 -0.050222 -0.674629 -0.736447 0.998417 -0.052607 -0.019896 -0.025320 -0.736280 0.676203
13.130048 -29.635102 -1438.720768 411.858295 -0.023017 -0.734193 -0.678551 0.998628 0.015043 -0.050151 0.047029 -0.678774 0.732839
19.700506 -27.566427 -1912.244851 438.828214 -0.059496 -0.707677 -0.704027 0.982128 0.084660 -0.168097 0.178561 -0.701446 0.689993
25.736682 -27.641109 -1475.756036 696.029298 -0.049081 -0.615057 -0.786954 0.996996 0.017096 -0.075543 0.059917 -0.788297 0.612370
26.570557 -31.471963 -694.176855 1167.832039 0.008710 -0.519575 -0.854380 0.995198 -0.078796 0.058064 -0.097490 -0.850784 0.516394
11.070008 -40.502842 -469.934260 -6747.922242 0.225836 -0.836417 -0.499405 0.958642 0.281967 -0.038737 0.173216 -0.470002 0.865502
12.284848 -49.460962 318.768785 -6476.629204 0.210126 -0.847077 -0.488168 0.963842 0.263176 -0.041792 0.163875 -0.461735 0.871749
10.923108 -55.288572 -351.483943 -4908.775858 0.151228 -0.857521 -0.491719 0.927274 0.295410 -0.229990 0.342480 -0.421177 0.839832
9.917002 -47.201140 -353.045465 -5533.624833 0.121875 -0.833944 -0.538223 0.932072 0.282549 -0.226735 0.341158 -0.474029 0.811731
10.594568 -56.476019 298.520059 -889.866014 -0.076145 0.846777 0.526469 0.846536 0.333893 -0.414598 0.526857 -0.414106 0.742252
11.290073 -61.645020 315.683804 420.416171 -0.117383 0.866216 0.485687 0.832080 0.352753 -0.428029 0.542093 -0.353887 0.762168
-8.950658 -48.968541 73.652555 744.657426 0.154715 -0.807284 -0.569522 0.915360 -0.099767 0.390081 -0.371726 -0.581669 0.723520
-8.884312 -47.347157 87.499060 187.073993 0.142971 -0.807788 -0.571872 0.964765 -0.015205 0.262674 -0.220880 -0.589277 0.777151
-9.508176 -48.784807 0.655505 435.930933 0.130021 -0.839840 -0.527033 0.910426 -0.109403 0.398942 -0.392706 -0.531696 0.750388
-5.935240 -63.752031 213.109198 -72.092547 -0.190457 0.925853 0.326377 0.640526 0.369144 -0.673394 0.743944 -0.080800 0.663339
-3.624763 -63.805638 571.248169 -1270.562130 -0.222052 0.929929 0.293129 0.692592 0.362041 -0.623893 0.686301 -0.064482 0.724453
-5.941155 -60.486676 249.383807 -1542.568945 -0.187347 0.925797 0.328329 0.781383 0.343010 -0.521330 0.595267 -0.158881 0.787664
-3.494645 -64.585464 399.615850 303.421846 -0.215327 0.928911 0.301263 0.512529 0.370095 -0.774819 0.831233 0.012433 0.555785
-6.859252 -62.070707 176.322757 -19.795260 -0.176973 0.915698 0.360802 0.644527 0.384874 -0.660649 0.743818 -0.115630 0.658304
-5.340985 -62.670843 156.810845 1302.025912 -0.194229 0.918514 0.344395 0.464644 0.395342 -0.792345 0.863933 -0.006125 0.503569
3.413645 -77.025854 823.442614 1001.300621 -0.005610 0.175531 0.984458 0.831812 -0.545601 0.102021 0.555030 0.819456 -0.142948
3.562604 -78.278632 881.600073 1438.724739 -0.002964 0.174716 0.984614 0.715861 -0.687129 0.124083 0.698237 0.705215 -0.123035
1.461785 -84.182524 338.252318 140.554285 -0.003815 0.172887 0.984934 0.772007 -0.625526 0.112790 0.635602 0.760807 -0.131084
5.777350 -86.829466 600.899763 1567.093239 -0.001843 0.201867 0.979411 0.782855 -0.609102 0.127015 0.622201 0.766971 -0.156910
-9.842269 -57.265971 -144.250028 -3567.929887 0.055118 -0.236578 -0.970048 -0.050368 0.969629 -0.239337 0.997209 0.062052 0.041528
-8.922081 -63.047927 597.506916 -2426.606889 -0.045819 -0.246047 -0.968174 -0.069337 0.967638 -0.242629 0.996540 0.056014 -0.061396
-9.939837 -59.996066 87.706058 -2393.479238 0.030123 -0.262394 -0.964491 -0.198855 0.944067 -0.263048 0.979566 0.199718 -0.023741
-10.425245 -69.109963 -119.940990 -3192.738732 0.081134 -0.253392 -0.963955 -0.364341 0.892671 -0.265320 0.927725 0.372734 -0.019895
-10.359365 -54.213855 -262.084034 -3237.111714 0.101750 -0.193888 -0.975733 -0.069629 0.977030 -0.201406 0.992370 0.088433 0.085913
-4.112766 -65.934116 975.587522 -1017.732450 -0.085599 -0.282168 -0.955539 -0.294575 0.923350 -0.246274 0.951787 0.260397 -0.162158
-0.271549 -68.301494 1157.304470 -1672.546850 -0.100566 -0.293787 -0.950566 -0.338336 0.908569 -0.245013 0.935636 0.296971 -0.190770
-2.960280 -71.617815 942.221162 -638.631941 -0.070709 -0.313196 -0.947052 -0.530312 0.815940 -0.230242 0.844849 0.485953 -0.223786
-2.340389 -81.269526 -565.888645 3937.575362 -0.153621 0.274012 0.949378 0.886482 0.462657 0.009911 -0.436521 0.843129 -0.313980
-0.388399 -82.482171 -1900.753104 -3474.721410 -0.194054 0.294293 0.935807 0.945851 0.309166 0.098910 -0.260211 0.904327 -0.338352
2.222276 -90.322558 -948.740126 -1340.399185 -0.242302 0.251694 0.936984 0.915998 0.377632 0.135435 -0.319747 0.891092 -0.322052
0.869555 -91.442735 -941.893718 -2187.266156 -0.156872 0.280322 0.947001 0.964519 0.249656 0.085874 -0.212352 0.926872 -0.309540
-3.524340 -97.069485 -905.330949 6152.082021 -0.187967 0.292220 0.937697 0.798326 0.601600 -0.027451 -0.572141 0.743428 -0.346367
-4.004584 -86.401251 -158.361925 4237.725305 -0.109125 0.280088 0.953752 0.722357 0.681469 -0.117477 -0.682856 0.676129 -0.276689
-3.325066 -87.186557 -149.797658 2727.879546 -0.101127 0.265829 0.958701 0.872555 0.486629 -0.042893 -0.477934 0.832182 -0.281162
-4.613720 -86.155022 321.013328 3407.792842 -0.064619 0.243230 0.967814 0.711906 0.690862 -0.126095 -0.699296 0.680844 -0.217800
-14.418723 -137.285023 -706.609925 -17201.401729 -0.076389 0.580564 0.810623 -0.755425 0.496925 -0.427082 0.650767 0.644989 -0.400613
-19.968490 -73.578960 -2033.309285 -4592.972437 0.027607 -0.415009 -0.909398 -0.705881 0.636062 -0.311700 0.707792 0.650532 -0.275387
-25.501527 -83.270878 -1392.893216 -1127.326152 0.082544 -0.607623 -0.789924 -0.560599 0.627024 -0.540898 0.823963 0.487478 -0.288876
1021.481004 -1952.399054 139883.945766 326732.117199 -0.578264 0.156302 -0.800737 -0.359698 0.832093 0.422184 0.732276 0.532157 -0.424947
-1.685758 -210.424425 -1274.911664 28205.914830 0.033761 0.573212 0.818711 0.815187 -0.489724 0.309259 0.578213 0.656962 -0.483808
-3.321322 -17.590990 -1168.537557 459.864847 0.815489 -0.174082 -0.551971 0.373653 0.886669 0.272400 0.441996 -0.428385 0.788115
-8.671653 -19.386598 -1430.825732 -297.639653 0.746880 -0.279919 -0.603171 -0.506469 -0.827240 -0.243233 0.430882 -0.487154 0.759620
-10.786762 -18.079825 -1215.296007 338.161025 0.709190 -0.343882 -0.615463 0.519133 0.845378 0.125846 0.477022 -0.408756 0.778054
-9.492576 -25.031367 -5309.747934 -871.175544 -0.794943 0.525400 0.303348 0.385365 0.823476 -0.416390 -0.468571 -0.214107 -0.857088
-16.467443 -23.613507 462.997465 -1821.941491 -0.811110 0.336619 0.478318 0.167232 0.917117 -0.361842 -0.560476 -0.213504 -0.800177
-17.458826 -26.066643 34.810437 -767.068458 -0.794407 0.450167 0.407758 0.321757 0.881298 -0.346102 -0.515160 -0.143747 -0.844954
-6.484813 -18.272117 -3548.806913 -1674.356999 -0.806447 0.459356 0.372337 0.270400 0.846479 -0.458648 -0.525858 -0.269195 -0.806850
7.830316 -23.746375 -10162.075925 -955.389349 -0.819200 0.515622 0.251089 0.368927 0.808989 -0.457635 -0.439095 -0.282261 -0.852950
15.253994 -115.894860 624.552596 11932.989281 0.015762 0.967254 0.253320 0.698277 0.170687 -0.695180 0.715654 -0.187845 0.672721
32.023107 -233.666072 1051.758670 38600.512032 -0.025122 0.984293 0.174745 0.801775 0.124244 -0.584568 0.597098 -0.125421 0.792303
11.517030 -161.124640 3827.972793 21327.596088 0.012606 0.997733 0.066099 0.676718 0.040153 -0.735147 0.736135 -0.053998 0.674678
0.343346 -59.000078 656.254403 2342.056567 0.021324 0.974108 0.225077 0.528489 0.180121 -0.829612 0.848672 -0.136641 0.510964
5.507410 -73.730421 -4466.912090 258.241390 -0.256649 0.965450 0.045150 -0.953717 -0.245403 -0.173785 0.156701 0.087662 -0.983748
11.459819 -65.438042 -1665.451080 1120.006601 -0.240327 0.957136 0.161658 -0.947602 -0.267442 0.174714 -0.210459 0.111199 -0.971258
4.003210 -71.463184 -4008.671951 669.182135 -0.259565 0.964673 0.045087 -0.954006 -0.263386 0.143178 -0.149995 0.005849 -0.988669
0.187040 -71.871571 -2313.227865 -271.703330 -0.270041 0.956561 0.109861 0.959154 0.257263 0.117638 0.084265 0.137141 -0.986961
-30.168629 -54.343476 -626.940948 1182.275294 0.582925 0.811898 -0.031940 -0.048647 0.074112 0.996063 -0.811068 0.579076 -0.082699
-35.168952 -49.717527 501.379751 580.432876 0.652538 0.725307 0.219372 -0.185301 -0.127974 0.974313 -0.734750 0.676426 -0.050892
-30.266862 -45.862028 16.679494 1535.373603 0.645587 0.550422 0.529389 -0.292627 -0.462000 0.837213 -0.705398 0.695407 0.137193
15.187281 -37.943780 1095.149445 -2287.275997 0.525039 0.397888 0.752343 -0.012167 0.887406 -0.460827 -0.850991 0.232799 0.470764
21.448226 -41.812814 366.215161 -2620.387071 0.394123 0.398866 0.827993 -0.020751 0.904548 -0.425867 -0.918823 0.150663 0.364780
23.133211 -49.295535 1079.799733 -672.052832 0.330908 0.317205 0.888753 0.182594 0.902490 -0.390092 -0.925829 0.291365 0.240721
11.919243 -37.126032 2807.668177 2628.696400 0.357491 0.690218 -0.629126 0.663880 -0.661611 -0.348617 0.656859 0.293037 0.694742
2.979081 -31.733751 1686.776520 -1019.330652 0.425135 0.598177 -0.679297 -0.554143 0.765417 0.327204 0.715671 0.237322 0.656881
5.732855 -27.134512 1643.678533 -1104.869885 0.402580 0.628584 -0.665441 -0.540887 0.749821 0.381064 0.738492 0.206520 0.641856
0.540226 -26.459862 793.181596 -267.857754 0.473023 0.523856 -0.708395 -0.412211 0.842194 0.347551 0.778673 0.127608 0.614317
8.597444 -22.969275 1597.616241 1534.834115 0.329380 0.760198 -0.560007 0.610199 -0.623990 -0.488152 0.720531 0.180928 0.669402
2.580962 -20.295713 278.016917 -454.513709 0.465813 0.546553 -0.695915 -0.401366 0.831396 0.384300 0.788622 0.100305 0.606642
-10.308556 -26.076588 -419.500726 -787.086952 0.186263 0.771690 0.608112 -0.600710 -0.400331 0.692013 -0.777466 0.494196 -0.388995
-8.758702 -26.038116 -163.546455 193.540452 0.191846 0.759065 0.622106 -0.501938 -0.468819 0.726820 -0.843358 0.451696 -0.291063
-8.874153 -24.929324 484.296736 -783.230670 0.224740 0.727005 0.648811 -0.616496 -0.409553 0.672457 -0.754602 0.551118 -0.356153
-10.467599 -23.102857 -76.031172 -1271.401648 0.254975 0.771330 0.583127 -0.673813 -0.290794 0.679275 -0.693516 0.566117 -0.445587
-4.789189 -19.487640 1322.288095 -1102.216804 0.348458 0.751352 0.560399 -0.687659 -0.201355 0.697554 -0.636948 0.628431 -0.446510
0.277508 -23.295287 2670.989435 -941.748395 0.260520 0.688384 0.676947 -0.632716 -0.407874 0.658262 -0.729246 0.599806 -0.329292
7.291198 -54.571518 147.596098 1530.503939 -0.477656 -0.516819 -0.710453 0.269078 0.683746 -0.678298 0.836327 -0.515160 -0.187531
1.446947 -90.257772 89.774818 -1677.912329 0.202454 0.881516 0.426547 -0.570936 0.460131 -0.679935 0.795641 0.105876 -0.596444
1.528063 -92.995167 38.362618 102.843426 0.198485 0.884212 0.422816 -0.608737 0.449320 -0.653874 0.768143 0.127600 -0.627435
1.559410 -88.635962 18.415129 -1707.774686 0.190385 0.890369 0.413517 -0.736420 0.408072 -0.539595 0.649184 0.201792 -0.733376
1.443832 -95.934243 127.903248 488.122180 0.199754 0.862099 0.465708 -0.384379 0.506134 -0.772063 0.901305 0.024786 -0.432475
1.802833 -81.753891 43.158971 -1621.995709 0.217090 0.871764 0.439203 -0.418089 0.489613 -0.765167 0.882085 0.017516 -0.470765
79.147899 -16.910635 -9177.230910 409.148935 0.579206 0.788307 -0.207588 -0.503425 0.546194 0.669504 -0.641158 0.283276 -0.713212
6.325347 -17.877163 -80.705458 -494.609749 0.277006 0.866865 0.414504 -0.745400 -0.078351 0.661997 -0.606339 0.492348 -0.624457
7.351493 -20.750842 -628.263223 -1008.695153 0.268723 0.883117 0.384567 -0.680703 -0.108364 0.724500 -0.681492 0.456466 -0.572021
4.953844 -19.144485 -977.931236 -709.621833 0.238586 0.899937 0.364951 -0.717699 -0.089763 0.690543 -0.654205 0.426679 -0.624468
5.948716 -19.526217 728.669777 -797.500449 0.303665 0.839540 0.450512 -0.696823 -0.126782 0.705950 -0.649789 0.528299 -0.546511
4.278418 -17.657318 -1117.612609 53.229561 0.229872 0.903091 0.362748 -0.767363 -0.061064 0.638298 -0.598592 0.425086 -0.678962
6.169704 -18.315312 -576.117970 641.260738 0.238466 0.887242 0.394886 -0.785916 -0.062558 0.615160 -0.570499 0.457042 -0.682380
5.859924 -16.254611 937.959759 141.702377 0.318089 0.835113 0.448782 0.777347 0.041245 -0.627719 -0.542726 0.548530 -0.636053
50.721792 -23.918246 16564.393511 -240.178338 0.703296 0.349898 0.618826 0.703395 -0.468632 -0.534434 0.103005 0.811145 -0.575703
71.131602 -22.342581 15214.649326 458.033080 0.742437 0.415814 0.525249 -0.669889 0.467805 0.576548 0.005977 0.779909 -0.625865
123.250979 -24.138398 28601.081056 393.115489 0.761571 0.398385 0.511174 -0.637472 0.602615 0.480088 0.116782 0.691480 -0.712894
45.164628 -25.412835 20713.210936 -231.673277 0.680870 0.330492 0.653599 0.696367 -0.568604 -0.437908 0.226914 0.753303 -0.617289
-0.105258 -87.886868 65.652708 174.998491 -0.749588 -0.491407 0.443438 0.095742 0.582400 0.807244 -0.654944 0.647556 -0.389512
-1.887623 -88.485429 358.974528 -1872.943902 -0.735341 -0.500174 0.457275 0.059247 0.624717 0.778600 -0.675103 0.599629 -0.429746
-0.914313 -86.921254 88.386347 329.727598 -0.755691 -0.491389 0.432977 -0.107656 0.745313 0.657966 -0.646020 0.450606 -0.616127
1.138046 -92.547564 448.755553 3623.739438 -0.736267 -0.490251 0.466438 -0.005577 0.693665 0.720276 -0.676668 0.527714 -0.513457
-0.157115 -47.646392 12.465831 -2098.550498 0.843064 0.100037 -0.528428 -0.232682 0.953676 -0.190684 0.484873 0.283715 0.827287
-1.980910 -46.738447 238.816120 -2362.588863 0.835898 0.161027 -0.524733 -0.268948 0.953530 -0.135819 0.478478 0.254656 0.840362
-8.875898 -56.463557 435.864361 -2253.666205 0.818802 0.210288 -0.534174 -0.391528 0.885065 -0.251727 0.419844 0.415259 0.807026
-7.761679 -374.324300 2368.821591 56195.845072 0.830782 0.543965 -0.117912 -0.382074 0.403295 -0.831488 0.404747 -0.735837 -0.542885
21.176398 -2276.740403 6676.204090 603368.952281 0.829878 0.549625 0.095993 -0.087111 0.297573 -0.950717 0.551103 -0.780617 -0.294827
-34.232965 -781.835309 -876.185787 28071.961110 0.808321 0.561900 -0.175745 -0.097786 -0.166227 -0.981227 0.580565 -0.810331 0.079419
4.873135 -31.196186 1712.956405 -69.802241 0.327466 0.835502 0.441250 0.645852 -0.538797 0.540899 -0.689667 -0.107856 0.716049
0.584204 -31.850217 395.801158 288.517042 0.327193 0.796655 0.508218 0.732626 -0.553545 0.396039 -0.596828 -0.242752 0.764767
0.211989 -32.030171 1443.623708 45.745831 0.356735 0.806506 0.471474 0.704176 -0.563784 0.431606 -0.613902 -0.178031 0.769044
-2.701972 -36.125340 -335.265732 964.119349 0.420708 0.536229 0.731753 0.790136 0.179738 -0.585986 -0.445747 0.824714 -0.348077
-2.919202 -37.045499 -796.221877 7.775964 0.394937 0.542175 0.741667 0.684329 0.365012 -0.631237 -0.612958 0.756843 -0.226870
-1.428744 -36.175009 -458.762353 591.343175 0.462827 0.522912 0.715790 0.687081 0.298587 -0.662393 -0.560099 0.798379 -0.221089
213.177704 -5957.333132 82685.950995 2994028.099815 0.184940 0.678484 -0.710955 0.366378 0.623680 0.690500 -0.911901 0.388179 0.133239
200.998490 -4638.153948 43113.920733 -960599.110754 0.743353 -0.493139 0.451929 0.252497 0.832517 0.493113 -0.619412 -0.252447 0.743370
558.133230 -671.481491 -2688.822002 182608.017381 -0.642785 -0.303730 0.703261 0.676538 0.205554 0.707137 -0.359337 0.930320 0.073357
-104.879686 -834.774244 -11317.942360 -149323.488646 -0.698756 -0.329033 0.635199 -0.285876 0.942396 0.173680 -0.655755 -0.060229 -0.752567
-22.816150 -160.401241 -3897.900969 -8897.117461 0.892924 -0.447312 -0.050981 -0.213590 -0.321218 -0.922604 -0.396315 -0.834704 0.382365
-27.087977 -334.174635 -4033.626215 47283.946822 0.895933 -0.432119 -0.102840 -0.001010 0.229541 -0.973299 -0.444187 -0.872115 -0.205217
-60.022864 -176.740257 -9167.374968 2737.128259 0.929934 -0.365800 -0.037585 -0.117584 -0.198953 -0.972929 -0.348420 -0.909180 0.228026
251.181859 -10.067170 41020.702898 611.103841 -0.773857 -0.273785 0.571128 -0.442991 0.878448 -0.179130 -0.452664 -0.391625 -0.801077
104.395186 0.059846 5278.958651 1614.403822 -0.804308 -0.010798 0.594114 -0.224459 0.931279 -0.286945 -0.550188 -0.364147 -0.751459
191.368193 -14.044269 22803.899722 3044.062786 -0.662018 0.072843 0.745939 -0.223027 0.931033 -0.288853 -0.715535 -0.357591 -0.600115
-24.904198 -38.033392 311.276617 290.385333 -0.545747 0.714368 -0.437995 -0.139800 -0.592994 -0.792978 0.826206 0.371534 -0.423493
5.588941 -25.871056 2545.726917 -623.280332 0.369831 0.924738 -0.089911 -0.471172 0.103266 -0.875975 0.800763 -0.366326 -0.473902
2.293671 -22.527985 2264.140721 -474.170341 0.348709 0.930279 -0.113940 -0.372711 0.026099 -0.927580 0.859935 -0.365922 -0.355827
-5.473779 -25.024533 327.773325 -164.218383 0.467297 0.882342 0.055738 -0.263796 0.199327 -0.943759 0.843828 -0.426312 -0.325903
6.073142 -29.510705 -619.351851 429.081143 0.025022 -0.753097 -0.657434 0.995480 0.079039 -0.052652 0.091615 -0.653145 0.751670
6.847152 -33.079765 -876.018108 659.234210 0.036052 -0.751288 -0.658989 0.995901 -0.027731 0.086099 -0.082960 -0.659391 0.747209
2.591069 -33.484206 -271.608505 588.576633 0.092591 -0.760117 -0.643156 0.994253 0.035718 0.100923 -0.053741 -0.648804 0.759055
1.450699 -36.350201 -108.478795 739.715383 0.119888 -0.753960 -0.645888 0.965863 -0.061909 0.251549 -0.229644 -0.653997 0.720799
4.959792 -36.364700 -738.819611 865.512196 0.040835 -0.745295 -0.665483 0.964179 -0.145315 0.221907 -0.262091 -0.650706 0.712664
14.175231 -33.112043 198.451748 -4933.852322 0.329759 -0.806052 -0.491466 0.942798 0.308136 0.127215 0.048896 -0.505304 0.861555
13.575004 -42.668135 218.038788 -6207.872959 0.270375 -0.844943 -0.461486 0.962745 0.235038 0.133716 -0.004516 -0.480447 0.877012
11.520862 -57.396352 496.440277 -4959.094222 0.186651 -0.864802 -0.466131 0.968013 0.242870 -0.062974 0.167669 -0.439467 0.882472
-5.596371 -55.750964 374.798214 1747.672194 -0.115035 0.901749 0.416672 0.722584 -0.211871 0.658015 -0.681645 -0.376775 0.627217
-8.141673 -55.853596 154.698335 1423.554688 -0.119431 0.869885 0.478577 0.728384 -0.250791 0.637621 -0.674680 -0.424740 0.603659
-8.525843 -52.036572 140.822098 942.214625 -0.115800 0.870602 0.478166 0.829453 -0.180082 0.528751 -0.546441 -0.457846 0.701270
-2.711836 -58.315337 659.982067 -2288.615770 -0.230861 0.926153 0.298235 0.822713 0.349455 -0.448358 0.519468 -0.141853 0.842633
-0.323040 -64.095338 709.343367 -961.957684 -0.233680 0.930142 0.283248 0.557763 0.366851 -0.744528 0.796426 0.015996 0.604524
1.201803 -83.192208 -876.868286 -1310.905929 -0.006447 -0.170459 -0.985344 -0.606039 0.784449 -0.131740 0.795409 0.596308 -0.108362
-8.723990 -71.829051 260.498421 -2098.124990 -0.015142 -0.269778 -0.962804 -0.409053 0.880320 -0.240233 0.912385 0.390200 -0.123683
-7.593920 -64.127139 468.602174 -1542.702934 -0.057408 -0.268508 -0.961565 -0.238010 0.939063 -0.248015 0.969565 0.214624 -0.117818
-5.527364 -60.263482 636.136873 -1836.722211 -0.074803 -0.253274 -0.964498 -0.001313 0.967232 -0.253890 0.997197 -0.017725 -0.072684
-6.668316 -56.523984 706.617743 -2286.713236 -0.073022 -0.206110 -0.975800 0.188821 0.957860 -0.216451 0.979293 -0.200057 -0.031027
-0.879838 -60.887674 1052.722241 -1551.523013 -0.102040 -0.264668 -0.958926 -0.096790 0.962025 -0.255224 0.990060 0.066771 -0.123782
1.646803 -69.839413 1334.857441 -2519.990372 -0.130408 -0.280868 -0.950845 -0.167399 0.951504 -0.258104 0.977226 0.125512 -0.171101
4.456846 -85.939662 906.339405 -3033.627522 -0.081039 -0.291306 -0.953191 -0.413577 0.879949 -0.233761 0.906855 0.375274 -0.191788
5.111253 -134.491348 -1955.691114 -12780.728997 -0.193198 0.279297 0.940568 0.978398 0.126711 0.163343 -0.073560 0.951807 -0.297744
-18.963874 -85.094309 -2616.288860 3103.685874 0.135895 -0.496685 -0.857226 -0.574511 0.665409 -0.476621 0.807136 0.557257 -0.194925
-9.194397 -88.701556 1267.273456 -1947.939884 -0.148798 0.429285 0.890828 0.777005 -0.506461 0.373846 0.611655 0.747805 -0.258196
4.663323 -7.152750 -384.924027 -371.838547 0.104801 0.898005 0.427321 0.993425 -0.114445 -0.003136 0.046089 0.424840 -0.904095
3.297911 -7.142168 -272.081770 -521.487697 0.128319 0.901074 0.414246 0.990610 -0.136326 -0.010319 0.047175 0.411681 -0.910106
3.984497 -9.117289 -251.332596 -1285.346822 0.077854 0.904212 0.419928 0.995397 -0.094113 0.018105 0.055891 0.416585 -0.907377
2.719000 -8.355490 -415.513044 690.398378 0.164172 0.893878 0.417170 0.985426 -0.167711 -0.028443 0.044540 0.415759 -0.908383
4.464085 -10.083504 -485.442138 -1124.598011 0.095906 0.899516 0.426232 0.993147 -0.115204 0.019659 0.066788 0.421426 -0.904400
6.184061 -8.174508 -580.172283 547.508402 0.093966 0.892202 0.441754 0.994627 -0.103490 -0.002551 0.043441 0.439620 -0.897133
4.995182 -7.855265 -606.055473 753.183302 0.088752 0.899229 0.428381 0.995054 -0.099312 0.002314 0.044624 0.426056 -0.903595
-0.796342 -19.039931 -1413.343216 -474.229417 0.823312 -0.164905 -0.543106 -0.394901 -0.853724 -0.339423 0.407690 -0.493924 0.768002
-0.856902 -20.401337 -1746.965720 -404.921611 0.819220 -0.174467 -0.546297 -0.431380 -0.815158 -0.386560 0.377876 -0.552339 0.743055
3.162962 -17.952284 -862.790705 -312.711513 0.849776 -0.074182 -0.521899 -0.298905 -0.883310 -0.361136 0.434208 -0.462883 0.772789
5.186705 -19.675338 -1290.936385 -266.012728 0.854510 -0.083997 -0.512598 -0.335367 -0.842808 -0.420956 0.396662 -0.531620 0.748358
-18.676380 -28.932997 2421.978673 -3037.442928 -0.766373 0.446367 0.461984 0.273141 0.877332 -0.394568 -0.581435 -0.176199 -0.794284
30.456506 -426.042521 3516.367433 80446.853900 0.048190 0.991348 0.122095 0.982485 -0.025016 -0.184657 0.180005 -0.128855 0.975190
44.260734 -281.020105 3256.127353 -24643.367629 0.002821 0.974346 0.225036 0.941358 -0.078515 0.328148 -0.337398 -0.210914 0.917430
36.838426 -506.157267 4764.394750 -108569.031379 0.100206 0.983778 0.148791 0.865417 -0.159966 0.474831 -0.490930 -0.081186 0.867408
10.830034 -251.747017 4189.799069 37905.339991 -0.009370 0.998363 0.056425 0.824806 0.039618 -0.564026 0.565339 -0.041255 0.823827
-24.406991 -598.855955 9568.196676 99342.944770 0.105359 0.991451 -0.076975 0.991644 -0.110543 -0.066508 0.074449 0.069325 0.994812
15.912594 -66.282167 774.021289 -1778.491948 -0.230937 0.927151 0.295059 0.963555 0.260016 -0.062880 -0.135019 0.269784 -0.953408
14.208059 -60.595610 155.989653 816.837670 -0.202924 0.943381 0.262401 -0.907317 -0.281926 0.311918 -0.368235 0.174785 -0.913155
12.650475 -69.642195 -1072.223132 -765.409081 -0.261590 0.944782 0.197377 0.961521 0.237304 0.138434 0.083951 0.225995 -0.970504
10.866751 -57.657650 -731.573401 1265.674556 -0.198402 0.956299 0.214774 -0.864585 -0.273976 0.421224 -0.461659 0.102119 -0.881160
-14.088696 -58.621087 -2933.586927 3707.244276 0.419856 0.906681 0.040632 0.005134 -0.047141 0.998875 -0.907576 0.419175 0.024448
-26.569408 -40.586132 349.228707 -844.866701 0.280712 -0.884147 0.373475 0.878509 0.079973 -0.470984 0.386552 0.460313 0.799181
-26.677742 -39.148342 114.634520 -4.652213 0.260081 -0.893293 0.366586 0.926811 0.124439 -0.354312 0.270887 0.431906 0.860278
-29.018427 -41.009648 403.984142 -767.094504 -0.126354 0.928605 -0.348895 0.897612 -0.042696 -0.438713 0.422287 0.368606 0.828132
-28.392338 -41.379128 45.748865 -853.422352 -0.127275 0.910580 -0.393250 0.836997 -0.114134 -0.535173 0.532201 0.397263 0.747626
-26.393235 -40.968359 111.375130 -507.298634 0.316183 -0.857353 0.406170 0.799887 0.010715 -0.600055 0.510107 0.514617 0.689173
3.564825 -38.168626 1269.506916 -929.036368 0.595242 0.358867 0.718959 0.163745 0.821786 -0.545762 -0.786686 0.442586 0.430398
9.579149 -37.804170 1528.618513 -1799.290995 0.577261 0.385239 0.719973 0.046151 0.864913 -0.499795 -0.815255 0.321739 0.481501
2.744221 -37.757998 1773.641789 -2376.766648 0.423485 0.596534 -0.681768 -0.621460 0.738876 0.260478 0.659126 0.313383 0.683625
-3.084064 -32.803123 1005.521485 -1245.499839 0.475577 0.552596 -0.684444 -0.540560 0.797411 0.268200 0.693990 0.242433 0.677942
-1.993786 -28.998353 908.585486 -219.384263 0.476985 0.542709 -0.691341 -0.473580 0.821334 0.318012 0.740410 0.175719 0.648780
1.674016 -44.542056 350.521273 -1083.672347 -0.530469 -0.442226 -0.723214 0.598762 0.408458 -0.688946 0.600072 -0.798498 0.048114
2.036907 -91.035869 -116.262632 1600.469307 0.203556 0.884124 0.420583 -0.760364 0.413375 -0.500967 0.616775 0.217822 -0.756401
1.797539 -104.630070 4.839755 4915.708632 0.207606 0.862359 0.461776 -0.592182 0.486527 -0.642348 0.778601 0.140100 -0.611680
1.076994 -9.755758 -677.131781 1062.192547 0.054451 0.995372 0.079178 -0.572694 -0.033826 0.819071 -0.817959 0.089944 -0.568202
5.707520 -21.520857 -884.725710 -921.740469 0.257258 0.893306 0.368542 -0.648491 -0.123157 0.751193 -0.716434 0.432247 -0.547618
6.858199 -23.313396 -371.710090 -936.539013 0.269953 0.882007 0.386251 -0.612289 -0.152346 0.775817 -0.743120 0.445932 -0.498917
5.592959 -22.564774 325.178989 -608.220862 0.304559 0.861258 0.406790 -0.595817 -0.160942 0.786829 -0.743132 0.482008 -0.464136
111.088578 -29.070498 32951.228795 297.956183 0.677443 0.333391 0.655683 -0.652464 0.683946 0.326356 0.339648 0.648898 -0.680861
149.931727 -32.615430 46357.679689 531.526502 0.676909 0.403365 0.615704 -0.645811 0.726800 0.233861 0.353162 0.555931 -0.752474
69.056656 -32.926019 25820.310889 -673.753193 0.624227 0.336573 0.705025 0.632933 -0.746891 -0.203837 0.457970 0.573474 -0.679257
32.347351 -31.269682 20082.473928 -455.118341 0.630090 0.329262 0.703259 0.641096 -0.731597 -0.231865 0.438158 0.596953 -0.672060
17.526048 -28.745869 12054.880967 -499.690413 0.658260 0.347522 0.667774 0.683597 -0.647444 -0.336915 0.315261 0.678266 -0.663752
37.631469 -23.319948 9829.368044 -149.949131 0.695295 0.389738 0.603878 0.718526 -0.357201 -0.596764 -0.016876 0.848830 -0.528397
69.210724 -22.582620 12530.725513 500.529723 0.776056 0.421447 0.469169 -0.623228 0.398592 0.672838 -0.096558 0.814559 -0.571987
-0.872771 -89.707569 438.491610 385.649589 -0.795845 -0.350022 0.494081 -0.434212 0.898619 -0.062800 -0.422009 -0.264514 -0.867145
0.524571 -54.749048 -362.264772 2641.024317 0.837082 0.131647 -0.531002 0.340592 -0.884977 0.317511 0.428125 0.446638 0.785636
-2.633667 -44.080342 -704.551066 -2012.506166 0.842607 0.144217 -0.518860 -0.259653 0.952885 -0.156812 0.471799 0.266854 0.840354
0.876175 -39.510893 -379.262875 -2045.224254 0.851123 0.107148 -0.513915 -0.159017 0.985578 -0.057870 0.500303 0.130976 0.855887
-0.941621 -887.519862 2180.663425 189533.269263 0.945132 0.272501 0.180193 0.174681 -0.887637 0.426130 -0.276067 0.371273 0.886535
-23.468039 -2607.818144 6189.919602 -185323.912257 0.947388 0.319252 0.023101 -0.121840 0.292943 0.948335 -0.295991 0.901256 -0.316429
-93.740150 -3765.150510 2869.152464 599358.433020 0.878724 0.472104 0.070438 0.141243 -0.398128 0.906391 -0.455954 0.786519 0.416526
-1.620894 -1463.841132 2587.206673 520753.427684 0.971901 0.131424 0.195286 0.224759 -0.764645 -0.603988 -0.069946 -0.630908 0.772698
1854.168244 -198.800389 35831.856059 84403.829467 0.166962 -0.302157 -0.938523 0.985613 0.025763 0.167044 -0.026294 -0.952910 0.302111
95.613397 -2763.771309 -15238.790752 813242.403963 0.956580 0.287572 0.047509 0.217122 -0.811790 0.542084 -0.194455 0.508231 0.838980
-60.670491 -15005.163084 9669.063668 9381322.054554 0.964374 0.235498 -0.120510 -0.149629 0.861253 0.485648 -0.218159 0.450315 -0.865808
8.066277 -28.906422 2706.593199 -291.682791 0.294762 0.872244 0.390263 0.442313 -0.486564 0.753403 -0.847039 0.049456 0.529225
-4.599740 -21.811676 -1543.198505 -878.322588 0.076985 -0.859915 -0.504598 0.966744 0.188178 -0.173192 0.243884 -0.474484 0.845804
1.033688 -19.674739 -1708.831019 -216.062188 0.311476 -0.784133 -0.536765 0.932538 0.360799 0.014064 0.182636 -0.504935 0.843614
