11389
22767
-25.736817 -35.308631 -537.470692 -2683.190785 0.469964 0.608980 -0.638966 0.867858 -0.450913 0.208564 -0.161107 -0.652549 -0.740421
-30.666158 -46.410855 -367.201972 3007.704026 0.720829 0.459218 -0.519157 -0.692596 0.506165 -0.513914 -0.026781 -0.730010 -0.682911
-24.831216 -44.291882 -1451.395476 4729.878381 0.773573 0.348949 -0.528979 -0.613166 0.622965 -0.485739 -0.160037 -0.700107 -0.695872
-29.259452 -40.695334 168.860923 -2341.048525 0.346926 0.702545 -0.621347 0.937459 -0.279899 0.206948 -0.028524 -0.654283 -0.755712
-18.454197 -32.205269 -1956.267404 -3290.338124 0.598899 0.453665 -0.659931 0.746945 -0.613608 0.256046 -0.288779 -0.646277 -0.706351
-21.323575 -28.559593 -306.273423 -1276.265250 -0.047733 0.782405 -0.620938 0.970577 -0.110554 -0.213912 -0.236013 -0.612878 -0.754107
-23.670974 -33.507576 152.945906 -1374.357884 -0.082892 0.807950 -0.583391 0.989491 -0.002871 -0.144569 -0.118479 -0.589243 -0.799221
-5.642629 -24.318790 -867.414820 -829.096020 0.410059 0.565517 -0.715572 0.822440 -0.568424 0.022074 -0.394265 -0.597566 -0.698191
-3.615173 -18.853774 -444.349008 -765.911395 0.192733 0.696096 -0.691596 0.867606 -0.450135 -0.211280 -0.458382 -0.559312 -0.690693
-9.933135 -20.894223 -1724.328833 -388.446703 0.089788 0.712749 -0.695649 0.904914 -0.350134 -0.241944 -0.416016 -0.607779 -0.676414
-8.746108 -17.315199 -2418.426534 -894.942474 0.134163 0.694018 -0.707346 0.858171 -0.438301 -0.267272 -0.495522 -0.571166 -0.654391
23.063311 -29.371053 -645.239729 -20.835921 0.886755 -0.043297 -0.460208 -0.338266 0.617743 -0.709908 -0.315027 -0.785187 -0.533141
17.757041 -27.047737 -3515.489271 -171.148948 0.790074 -0.132896 -0.598433 -0.362822 0.685489 -0.631241 -0.494109 -0.715851 -0.493370
16.142822 -26.334950 -3177.862599 -377.876424 0.833186 -0.184914 -0.521160 -0.351440 0.550575 -0.757203 -0.426955 -0.814048 -0.393745
2.854518 -22.890667 -3943.555642 -573.420976 0.788772 -0.223858 -0.572473 -0.367879 0.574199 -0.731410 -0.492446 -0.787517 -0.370560
22.444113 -28.148555 -308.178174 -152.629872 0.901073 -0.066090 -0.428602 -0.346459 0.484727 -0.803122 -0.260833 -0.872165 -0.413877
6.847165 -23.094958 -4352.529237 -232.375000 0.836018 -0.304531 -0.456438 -0.297490 0.447415 -0.843398 -0.461058 -0.840881 -0.283451
17.985130 -25.492799 -2796.310962 -119.118553 0.861796 -0.213498 -0.460136 -0.333001 0.446156 -0.830695 -0.382645 -0.869116 -0.313400
4.570269 -95.896683 446.106598 -713.197595 0.254822 0.766561 0.589449 -0.058012 0.620593 -0.781984 0.965246 -0.165072 -0.202610
5.596192 -99.593655 258.946174 -301.632193 0.252277 0.777884 0.575546 -0.374813 0.626907 -0.683010 0.892116 0.043415 -0.449715
7.061124 -97.880250 145.388189 454.721599 0.273693 0.783902 0.557306 -0.282503 0.619391 -0.732494 0.919393 -0.043037 -0.390978
6.097469 -94.568649 145.983646 -163.497210 0.284513 0.764289 0.578718 0.068383 0.585949 -0.807457 0.956230 -0.269306 -0.114446
4.326689 -91.947153 452.911579 -755.436313 0.255425 0.765006 0.591206 0.219127 0.549770 -0.806062 0.941669 -0.335438 0.027208
1.310024 -35.685495 -333.430003 -414.722664 0.442693 0.692681 -0.569399 0.887643 -0.248642 0.387643 0.126937 -0.677030 -0.724926
1.331327 -37.995373 79.672871 -996.633409 0.465542 0.698775 -0.543124 0.853296 -0.191542 0.484972 0.234856 -0.689220 -0.685433
0.658173 -40.063336 163.400590 -842.824286 0.456674 0.704933 -0.542695 0.867621 -0.218044 0.446868 0.196680 -0.674927 -0.711190
1.038914 -37.599452 -343.370413 289.391703 0.408969 0.701856 -0.583218 0.912119 -0.294802 0.284834 0.027978 -0.648452 -0.760741
3.374196 -66.043644 16.444503 787.729932 0.863031 0.150747 -0.482134 -0.501169 0.375124 -0.779815 -0.063305 -0.914635 -0.399293
5.736062 -69.719464 -152.675312 -290.085465 0.874182 0.111655 -0.472588 -0.482580 0.091404 -0.871069 0.054063 -0.989534 -0.133786
4.247835 -69.997669 1159.402010 438.051803 0.852341 0.207369 -0.480118 -0.516785 0.192998 -0.834077 0.080300 -0.959036 -0.271665
1.761828 -66.723320 -1111.767594 1874.387576 0.884032 0.081144 -0.460329 -0.465414 0.244092 -0.850770 -0.043328 -0.966351 -0.253551
2.034589 -66.902656 775.376553 1349.666221 0.849115 0.200981 -0.488478 -0.525417 0.416316 -0.742036 -0.054226 -0.886729 -0.459099
0.436238 -58.953601 -1053.674834 1490.691105 0.858576 0.122405 -0.497859 -0.491004 0.475733 -0.729790 -0.147518 -0.871031 -0.468554
-2.171393 -73.533414 -266.348821 -3556.578929 0.126401 0.780376 0.612401 -0.447185 -0.506238 0.737393 -0.885465 0.367064 -0.284984
-2.751883 -76.045869 -120.802386 -3997.323790 0.144776 0.786400 0.600513 -0.410181 -0.504602 0.759690 -0.900440 0.356303 -0.249512
-1.762630 -63.239558 -170.572002 -1403.631771 0.159799 0.797566 0.581682 -0.593339 -0.393330 0.702311 -0.788932 0.457362 -0.410373
-1.602987 -69.300207 -388.543164 -1905.048254 0.115449 0.788725 0.603808 -0.570674 -0.444874 0.690231 -0.813021 0.424264 -0.398744
-7.071285 -59.391344 -330.298012 -811.471992 0.752753 0.190287 -0.630202 0.542286 -0.721973 0.429744 0.373214 0.665241 0.646658
-6.229053 -66.187024 -103.409084 -1395.830079 0.755941 0.196122 -0.624572 0.479485 -0.815435 0.324282 0.445699 0.544611 0.710458
-6.185501 -63.017914 136.769567 -1460.741069 0.752539 0.143616 -0.642697 0.439325 -0.836510 0.327483 0.490591 0.528796 0.692600
-10.075138 -139.869235 -798.906202 -3642.458248 -0.214135 -0.722831 -0.657010 0.969752 -0.237995 -0.054227 -0.117168 -0.648748 0.751929
-7.476460 -118.594367 -1232.582341 -602.669883 -0.213232 -0.753733 -0.621626 0.976634 -0.146987 -0.156783 0.026801 -0.640532 0.767464
-5.482239 -118.791292 -1003.352546 -3581.073358 -0.180836 -0.758824 -0.625688 0.937997 -0.324360 0.122279 -0.295736 -0.564781 0.770430
-11.707267 -143.675717 -1232.712297 -5472.914125 -0.218455 -0.700783 -0.679103 0.905969 -0.404246 0.125717 -0.362625 -0.587783 0.723197
-12.960768 -145.653317 -1003.820486 3897.406525 -0.223373 -0.697489 -0.680892 0.974168 -0.135958 -0.180313 0.033194 -0.703580 0.709840
-6.748870 -139.867045 -77.460845 -13323.738687 -0.187350 -0.708182 -0.680719 0.850013 -0.464203 0.248987 -0.492320 -0.531972 0.688932
-8.689309 -32.071983 767.779930 -1816.683463 0.573826 0.665685 0.477061 0.814303 -0.525901 -0.245637 0.087370 0.529425 -0.843846
-6.749843 -27.482776 583.924323 -965.195684 0.685054 0.564070 0.461006 0.727613 -0.560885 -0.394953 0.035790 0.605998 -0.794661
-4.816592 -36.060484 504.180123 -1785.120670 0.631429 0.616703 0.470081 0.761691 -0.606900 -0.226933 0.145342 0.501348 -0.852951
-2.829033 -43.647968 396.126215 -2986.459962 0.512037 0.720824 0.467152 0.829688 -0.555822 -0.051763 0.222341 0.414095 -0.882661
-22.512165 -132.707644 -1306.561591 6087.508872 0.368746 0.798243 0.476273 -0.805647 0.530029 -0.264581 0.463638 0.286144 -0.838547
-13.422970 -83.521271 224.379062 -5672.790561 0.304240 0.835757 0.457108 0.919707 -0.382709 0.087593 0.248146 0.393756 -0.885087
-10.362672 -81.353467 861.204086 -6411.766227 0.436753 0.739062 0.512869 0.862586 -0.505879 -0.005578 0.255327 0.444830 -0.858449
-4.597202 -219.569984 -4301.174309 33821.021471 0.527728 0.742604 0.412363 -0.783302 0.613233 -0.101900 0.328546 0.269229 -0.905303
-11.644014 -80.454169 -386.418975 1654.724720 0.421037 0.738570 0.526538 -0.752336 0.608625 -0.252121 0.506673 0.289981 -0.811907
-21.592550 -102.654616 3282.468247 4933.785432 -0.568508 -0.511121 -0.644635 -0.447806 0.849586 -0.278701 0.690123 0.130227 -0.711879
10.724086 -167.173457 -2057.601627 21266.997337 -0.585919 -0.585216 -0.560554 -0.571060 0.788964 -0.226774 0.574969 0.187239 -0.796462
-17.546776 -229.524033 -1518.497806 29842.576022 -0.592318 -0.527590 -0.608940 -0.406491 0.848230 -0.339517 0.695646 0.046427 -0.716883
-8.385203 -25.390065 -961.269595 -196.613725 -0.780683 0.195815 0.593457 0.319654 0.941132 0.109967 -0.536988 0.275551 -0.797318
-11.540587 -26.676513 -832.510009 115.068914 -0.783665 0.090232 0.614595 0.253042 0.949955 0.183183 -0.567308 0.299072 -0.767279
-10.698649 -26.806955 -682.271903 -208.342239 -0.760583 0.189472 0.620978 0.389690 0.898243 0.203227 -0.519283 0.396560 -0.757024
-6.648602 -25.689197 -386.538153 -598.523679 -0.749848 0.283540 0.597773 0.406699 0.910189 0.078438 -0.521846 0.301930 -0.797819
-8.638134 -27.746390 -118.830786 -337.733185 -0.752173 0.229557 0.617689 0.449268 0.864379 0.225847 -0.482072 0.447384 -0.753295
-10.397425 -27.036573 659.435872 -230.765182 0.729672 -0.242386 -0.639397 0.509692 0.816140 0.272267 -0.455843 0.524561 -0.719057
-12.850915 -25.293943 -785.656225 -289.110845 -0.710651 0.223115 0.667229 0.478189 0.848822 0.225471 -0.516053 0.479293 -0.709907
-9.293221 -23.338970 99.248662 -64.177542 -0.988555 0.102414 0.110770 0.106072 0.993974 0.027634 -0.107272 0.039068 -0.993462
-10.984853 -24.725357 -458.104074 -121.021279 0.987336 -0.141421 -0.071889 0.145931 0.987356 0.061905 -0.062225 0.071612 -0.995490
-9.655682 -23.665354 199.102996 65.589180 -0.992964 0.079418 0.087833 0.077811 0.996735 -0.021576 -0.089259 -0.014590 -0.995902
1.657618 -28.852667 370.419733 226.469185 0.266721 0.745850 -0.610383 -0.273278 0.665861 0.694225 -0.924218 0.018359 -0.381424
0.009683 -29.943053 491.962398 -155.119956 0.262650 0.780012 -0.567975 -0.201633 0.620015 0.758238 -0.943588 0.084629 -0.320123
1.705397 -28.548362 577.885918 -77.803451 0.257936 0.779756 -0.570482 -0.155371 0.616253 0.772070 -0.953587 0.110508 -0.280106
0.184512 -11.122112 -5.588714 306.001907 -0.019818 0.733000 0.679940 0.999397 0.033907 -0.007423 -0.028496 0.679383 -0.733231
-0.780748 -9.787203 56.889951 504.303323 -0.148017 0.723363 0.674416 0.988758 0.093636 0.116576 0.021177 0.684089 -0.729091
-1.358605 -8.456247 27.558429 538.490818 -0.042411 0.731307 0.680728 0.998590 0.009245 0.052283 0.031942 0.681985 -0.730668
-2.461909 -8.331379 103.895255 426.642170 0.107611 0.730075 0.674840 0.993757 -0.099091 -0.051265 0.029443 0.676144 -0.736181
-0.448748 -10.130681 -24.561607 387.580987 0.099465 0.728745 0.677523 0.995008 -0.067320 -0.073665 -0.008073 0.681468 -0.731803
-6.496965 -387.627564 505.969112 73429.303996 0.005410 0.985262 0.170966 -0.556568 0.145007 -0.818049 0.830784 0.090729 -0.549150
-8.723599 -394.455139 1634.024202 67872.503961 0.014980 0.963160 0.268511 -0.355330 0.256140 -0.898962 0.934621 0.081944 -0.346077
-16.975841 -406.356894 530.739239 64359.241365 0.004835 0.939301 0.343061 -0.067047 0.342597 -0.937087 0.997738 0.018471 -0.064634
-6.404257 -282.453375 277.886540 56492.754629 0.006655 0.982179 0.187831 -0.742190 0.130733 -0.657315 0.670156 0.135032 -0.729833
-11.022892 -255.681705 24.740658 47249.315968 0.082260 0.979412 0.184354 -0.737480 0.184243 -0.649752 0.670341 0.082508 -0.737452
7.594790 -31.538389 -2071.915149 -481.758317 0.737687 0.566232 -0.367694 0.665969 -0.699755 0.258511 0.110918 0.435573 0.893293
13.541655 -27.652177 -2576.431592 -512.819638 0.764058 0.526157 -0.373328 0.643460 -0.663335 0.382030 0.046634 0.532114 0.845387
21.256393 -37.938663 -227.192863 -1224.807406 0.828618 0.358604 -0.429878 0.525977 -0.761633 0.378502 0.191676 0.539740 0.819720
-1.426561 -37.563195 3192.635188 -2886.348011 -0.597146 -0.719614 0.354361 0.801332 -0.515459 0.303592 -0.035810 0.465250 0.884455
-9.194088 -55.255176 3570.471696 -10363.854984 -0.430896 -0.870569 0.237568 0.887856 -0.361917 0.284127 -0.161372 0.333356 0.928888
4.675421 -7.931278 -311.462843 -973.782155 0.028828 -0.516052 -0.856072 0.550897 0.722825 -0.417177 0.834075 -0.459581 0.305129
3.378038 -6.078905 131.839607 259.084231 0.194477 -0.231906 -0.953099 0.518695 0.849004 -0.100740 0.832547 -0.474776 0.285400
4.937839 -9.540126 -1129.973095 -574.851869 0.183167 -0.360912 -0.914436 0.543461 0.812291 -0.211739 0.819207 -0.458177 0.344926
6.641621 -11.220579 -328.729732 -875.966983 0.111430 -0.462218 -0.879737 0.525145 0.778942 -0.342743 0.843686 -0.423798 0.329529
1.464760 -40.949102 -240.667363 -2339.645076 0.121872 0.758468 0.640213 0.945419 -0.285104 0.157794 0.302209 0.586039 -0.751817
9.740860 -45.987914 570.196957 -3019.762686 -0.127828 0.757354 0.640371 0.911141 -0.165370 0.377458 0.391768 0.631718 -0.668918
2.241842 -36.215083 -341.310513 -2625.610067 -0.097808 0.779977 0.618117 0.973920 -0.052751 0.220674 0.204727 0.623581 -0.754476
-3.361313 -31.073272 -812.632773 -1715.274636 0.062994 0.766064 0.639671 0.992545 -0.115093 0.040090 0.104333 0.632377 -0.767603
0.184192 -29.135920 -947.544674 -1265.250906 -0.096445 0.785250 0.611622 0.992531 0.029759 0.118303 0.074697 0.618463 -0.782255
-3.627649 -24.349090 -112.680245 -610.933225 0.928478 0.360855 0.087827 0.274964 -0.826880 0.490575 -0.249648 0.431339 0.866962
-3.829344 -24.813284 -136.993718 -1645.872794 0.932982 0.350919 0.080007 0.280786 -0.848702 0.448178 -0.225176 0.395677 0.890357
-4.101311 -24.717870 -89.396674 -397.938597 0.926445 0.372245 0.055980 0.302550 -0.824817 0.477640 -0.223972 0.425571 0.876770
-3.089457 -22.387994 -267.972112 1144.271960 0.920957 0.382136 0.076221 0.291229 -0.804974 0.516917 -0.258889 0.453860 0.852636
-4.969067 -29.739438 -130.538894 592.017999 0.954765 0.284574 0.086266 -0.271190 0.952293 -0.139982 -0.121985 0.110256 0.986389
-3.970085 -32.505997 -268.311334 993.520999 0.955930 0.268393 0.119010 -0.250052 0.956693 -0.149040 -0.153858 0.112713 0.981643
-5.073824 -33.452753 -107.081048 3144.296913 0.971974 0.210596 0.104476 -0.199989 0.974324 -0.103423 -0.123574 0.079631 0.989135
-5.342802 -32.249766 86.738614 3232.200349 0.970961 0.228229 0.071738 -0.221519 0.970928 -0.090705 -0.090354 0.072180 0.993291
-5.458376 -29.102447 -59.046627 -1045.056263 0.961985 0.265158 0.065395 0.256024 -0.958939 0.122019 -0.095064 0.100638 0.990371
-4.748882 -25.985927 -239.949799 1481.267485 0.933732 0.352046 0.064875 0.338357 -0.927118 0.161140 -0.116876 0.128510 0.984797
-7.495871 -79.533766 -460.812318 -838.636489 0.961075 -0.153225 0.229907 0.028267 -0.773233 -0.633492 -0.274839 -0.615332 0.738804
-6.333187 -77.474700 -409.401575 -3045.175423 0.960657 -0.155931 0.229832 -0.044333 -0.903002 -0.427342 -0.274175 -0.400340 0.874389
-2.871781 -79.687742 -1082.045618 -16.800657 0.949836 -0.179157 0.256348 0.017245 -0.788414 -0.614903 -0.312272 -0.588478 0.745775
-3.469583 -72.172178 -1239.363555 3774.358367 0.945612 -0.181582 0.269901 0.128123 -0.554741 -0.822099 -0.299004 -0.811967 0.501304
-7.281917 -72.362025 -689.971208 3330.387269 0.958906 -0.165809 0.230232 0.107551 -0.538480 -0.835747 -0.262549 -0.826164 0.498519
-0.649760 -87.604513 328.663161 990.040015 0.951570 0.307246 -0.010695 -0.084018 0.293360 0.952303 -0.295729 0.905284 -0.304967
-1.781074 -82.306056 389.432519 2759.333459 0.953420 0.301638 0.002153 -0.014348 0.038220 0.999166 -0.301304 0.952656 -0.040768
-1.302335 -90.019336 66.725843 2316.776392 0.949370 0.313643 -0.018000 -0.005201 0.072978 0.997320 -0.314116 0.946732 -0.070914
-1.746986 -82.066654 -190.541098 1795.129051 0.945477 0.325380 -0.014198 0.007469 0.021920 0.999732 -0.325603 0.945329 -0.018295
-2.034135 -79.431722 -457.353874 -154.202825 0.946553 0.319466 -0.044494 -0.068038 0.332597 0.940611 -0.315292 0.887311 -0.336557
5.058823 -11.343466 531.387821 333.622502 0.938873 -0.006656 -0.344198 0.047156 0.992876 0.109426 0.341018 -0.118968 0.932499
3.173745 -12.326261 612.124629 488.179990 0.932376 -0.022509 -0.360789 0.074860 0.988447 0.131791 0.353654 -0.149887 0.923289
4.822495 -13.717151 664.064205 779.535904 0.934623 -0.041665 -0.353191 0.097004 0.985323 0.140459 0.342155 -0.165537 0.924947
-1.910629 -23.464950 496.964295 -264.773635 0.967116 0.041284 -0.250962 0.245307 -0.411988 0.877548 0.067164 0.910254 0.408567
-0.640730 -22.860677 131.021653 -362.923286 0.967882 0.044589 -0.247418 0.245819 -0.374136 0.894201 0.052696 0.926301 0.373081
-1.621934 -22.138237 540.664422 -240.231880 0.968968 0.034950 -0.244704 0.242358 -0.329065 0.912677 0.048626 0.943660 0.327324
-7.540849 -26.114771 222.248875 15.453442 0.992119 0.077444 -0.098500 -0.015417 -0.704699 -0.709339 0.124347 -0.705267 0.697951
-6.953591 -26.400882 -205.111617 104.069940 0.996337 0.061825 -0.059082 -0.001749 -0.676018 -0.736883 0.085498 -0.734287 0.673433
-7.087376 -25.968629 -96.973636 -484.783946 0.992337 0.037070 -0.117865 -0.071678 -0.604294 -0.793530 0.100642 -0.795898 0.597007
-6.857905 -28.872074 -224.346452 806.154296 0.995285 0.093873 -0.024415 0.052175 -0.730331 -0.681098 0.081768 -0.676613 0.731785
-8.051286 -29.234927 132.354670 1025.397910 0.990359 0.115557 -0.076393 0.033668 -0.735728 -0.676440 0.134372 -0.667347 0.732525
-7.550199 -31.280737 -190.817027 1501.836658 0.992341 0.115874 -0.042801 0.058525 -0.746168 -0.663180 0.108782 -0.655596 0.747235
1.099409 -103.869438 -1080.410185 10040.943242 0.828291 0.528794 -0.185233 -0.378579 0.284469 -0.880770 0.413052 -0.799659 -0.435813
-0.345087 -102.291628 -383.446581 7948.700310 0.802130 0.560486 -0.206014 -0.282492 0.052215 -0.957848 0.526104 -0.826516 -0.200216
-2.713111 -150.289536 -292.952684 14600.793416 0.806976 0.579750 -0.112608 -0.152004 0.019641 -0.988185 0.570688 -0.814558 -0.103974
0.701595 -111.961010 117.029516 12639.293371 0.803313 0.576588 -0.149115 -0.354518 0.261771 -0.897660 0.478545 -0.773966 -0.414695
-6.981154 -15.667997 -562.595852 963.976306 0.236291 -0.838429 0.491125 0.903412 0.003451 -0.428760 0.357790 0.545000 0.758262
-2.636407 -15.016052 -2056.667209 -570.586362 -0.277847 -0.685785 0.672682 0.865812 -0.482122 -0.133895 0.416138 0.545214 0.727717
-2.629047 -12.984530 -1849.130903 145.854021 -0.241506 -0.707539 0.664126 0.890989 -0.432826 -0.137116 0.384466 0.558614 0.734939
-8.245756 -17.220869 -1508.243883 143.789408 0.004809 -0.813444 0.581623 0.917119 -0.228243 -0.326798 0.398584 0.534989 0.744928
0.173875 -414.370653 -1241.563597 -85683.776534 0.888171 0.444642 -0.115957 -0.402917 0.632248 -0.661755 0.220931 -0.634473 -0.740698
0.993643 -468.753976 2124.094339 -90682.150097 0.886312 0.461343 -0.040171 -0.272431 0.449298 -0.850830 0.374477 -0.765045 -0.523902
12.091515 -903.389311 -2807.976402 -266016.008680 0.872143 0.468372 -0.141399 -0.306008 0.296712 -0.904611 0.381740 -0.832220 -0.402101
-3.258061 -556.368177 -3129.432342 -117262.582829 0.886307 0.452045 -0.100574 -0.298151 0.390822 -0.870841 0.354352 -0.801819 -0.481166
-0.178069 -302.786476 -439.941767 -27894.394394 0.887934 0.447711 -0.105488 -0.431636 0.731782 -0.527434 0.158944 -0.513859 -0.843022
28235.415807 -1072.151944 82100393.063396 1195835.102688 -0.008087 0.618006 -0.786132 -0.655560 -0.596923 -0.462518 0.755099 -0.511616 -0.409968
712.827056 -1606.085221 1313610.816004 -3030868.135971 0.019676 0.967542 0.251944 0.180793 0.244395 -0.952673 0.983324 -0.064294 0.170116
1609.649500 -19452.909433 444329.569043 17167284.635899 0.571213 0.715936 -0.401436 0.229994 -0.609094 -0.759017 0.787921 -0.341233 0.512583
-171.733150 -1809.318943 -11823.189741 81040.122555 0.740349 0.672048 -0.015338 0.527407 -0.594853 -0.606623 0.416804 -0.441023 0.794842
-8.687295 -20.788292 -139.333467 210.818416 0.932352 0.041218 -0.359196 0.339703 0.240265 0.909326 -0.123783 0.969832 -0.210010
-10.657769 -22.501569 -517.056821 356.667777 0.900432 0.022074 -0.434436 0.398570 0.358202 0.844294 -0.174253 0.933383 -0.313739
-9.137594 -22.756041 -56.464230 245.336689 0.852720 0.002476 -0.522363 0.491962 0.332388 0.804669 -0.175619 0.943140 -0.282216
-10.418799 -25.277087 -124.019427 402.229905 0.782319 -0.036047 -0.621833 0.571608 0.438178 0.693732 -0.247467 0.898165 -0.363400
-9.289283 -22.132134 321.943006 415.322558 0.858740 0.024301 -0.511835 0.490999 0.246717 0.835495 -0.146581 0.968783 -0.199934
-9.946010 -24.736636 611.592247 446.016799 0.782757 -0.022845 -0.621908 0.584523 0.369983 0.722112 -0.213599 0.928758 -0.302960
11.089756 -151.768768 -1620.329329 3638.760062 0.976902 0.206196 0.056088 0.203226 -0.815370 -0.542099 0.066046 -0.540976 0.838441
10.939875 -130.491053 -1506.700475 9241.681009 0.986707 0.162506 0.001081 0.085207 -0.511678 -0.854942 0.138380 -0.843669 0.518723
7.205766 -135.339028 -901.662290 10419.038685 0.985030 0.162023 0.058856 0.155079 -0.683820 -0.712980 0.075272 -0.711435 0.698709
4.465922 -38.511769 -1066.726475 1504.665172 0.266700 -0.096550 0.958931 -0.245556 0.955326 0.164482 -0.931973 -0.279339 0.231077
0.730433 -110.222956 -1314.434676 -19271.542046 0.211114 0.125184 0.969412 -0.280901 0.957700 -0.062498 -0.936229 -0.259115 0.237349
6.048159 -58.869222 -1103.661998 126.991032 0.262704 0.015246 0.964756 -0.296713 0.952701 0.065740 -0.918122 -0.303526 0.254802
8.181478 -59.695094 -1138.656792 9105.333145 0.268895 -0.118555 0.955845 -0.304397 0.931072 0.201114 -0.913804 -0.345035 0.214273
-33.973654 -48.042474 -110.471384 -1730.706568 0.591202 0.575006 -0.565551 0.799363 -0.324521 0.505673 0.107232 -0.751035 -0.651496
-34.701999 -53.185322 160.181288 1093.189044 0.792829 0.429944 -0.431937 -0.587632 0.351388 -0.728845 0.161585 -0.831670 -0.531240
-19.393482 -52.856101 -2097.913865 2784.684597 0.781710 0.351047 -0.515456 -0.623338 0.465633 -0.628201 -0.019485 -0.812374 -0.582811
-11.704009 -53.138104 2302.740605 353.576668 0.456834 0.442166 -0.771876 0.869416 -0.405514 0.282266 -0.188198 -0.800030 -0.569679
-8.560947 -53.915535 2167.424843 -2306.023395 0.510819 0.459083 -0.726848 0.817217 -0.521768 0.244776 -0.266873 -0.719028 -0.641699
-4.977216 -53.535662 4125.488030 2019.797322 0.523936 0.491540 -0.695614 0.850753 -0.341654 0.399365 -0.041355 -0.801037 -0.597184
-14.153200 -50.756662 331.352783 -4544.595976 0.427928 0.428612 -0.795720 0.783027 -0.615505 0.089562 -0.451382 -0.661396 -0.599007
-6.835811 -41.851142 3497.684038 6582.680103 0.446533 0.488462 -0.749675 0.885600 -0.121643 0.448236 0.127753 -0.864065 -0.486900
25.358173 -30.581343 -410.798287 -81.805556 0.877829 0.000484 -0.478974 -0.338829 0.707434 -0.620267 -0.338543 -0.706779 -0.621170
24.485846 -29.607794 -1905.415517 -211.299127 0.828212 -0.022019 -0.559982 -0.339168 0.775757 -0.532133 -0.446128 -0.630647 -0.635023
13.197871 -26.216058 -3650.718866 -73.342360 0.702441 -0.078598 -0.707389 -0.404760 0.773408 -0.487863 -0.585445 -0.629018 -0.511460
5.883500 -23.634975 -3871.519559 -273.895175 0.711624 -0.115427 -0.693014 -0.431928 0.706094 -0.561132 -0.554103 -0.698647 -0.452617
-5.027404 -119.625616 -164.027053 7332.170224 0.095760 0.776236 0.623127 0.661583 -0.517361 0.542812 -0.743733 -0.360270 0.563087
-4.635295 -106.546174 13.095852 9954.186062 0.101327 0.779241 0.618479 0.848995 -0.391798 0.354544 -0.518594 -0.489161 0.701272
-4.513415 -113.420878 299.605769 11193.777663 -0.113061 -0.787920 -0.605309 0.878087 -0.364319 0.310218 -0.464952 -0.496440 0.733053
-4.345186 -122.824817 140.215436 7549.507887 0.101286 0.772396 0.627013 0.701786 -0.502194 0.505271 -0.705151 -0.388852 0.592922
-3.435912 -114.651333 22.685401 7309.424803 0.123365 0.776858 0.617472 0.702700 -0.507741 0.498409 -0.700710 -0.372412 0.608536
-4.055817 -113.876894 199.823300 -2789.137892 0.122379 0.780937 0.612504 0.366614 -0.609065 0.703302 -0.922289 -0.138483 0.360839
-4.707153 -124.121300 -72.377068 -4223.473846 0.091933 0.770438 0.630852 0.288613 -0.626957 0.723622 -0.953022 -0.115547 0.279996
-0.484341 -29.363958 -855.758509 -579.406530 0.184593 0.788777 -0.586307 0.113014 0.575566 0.809908 -0.976296 0.215765 -0.017103
-1.805661 -27.520686 -555.499847 -576.827705 0.194299 0.772560 -0.604482 0.013415 0.614075 0.789133 -0.980851 0.161437 -0.108951
0.486692 -26.989164 -817.232879 -257.005312 0.196585 0.780305 -0.593700 -0.025369 0.609360 0.792488 -0.980159 0.140730 -0.139587
1.031016 -42.576419 4.438300 -1699.395929 0.484255 0.690817 -0.536906 0.819743 -0.143751 0.554398 0.305807 -0.708595 -0.635905
6.201047 -67.363381 776.140085 -1812.255533 0.848400 0.179044 -0.498157 -0.484847 -0.114879 -0.867021 0.212463 -0.977111 0.010655
3.600268 -72.469064 -993.380203 537.546335 0.889346 0.084562 -0.449346 -0.449106 -0.022917 -0.893184 0.085827 -0.996155 -0.017596
7.815410 -68.677185 -52.270199 -996.772142 0.874612 0.101764 -0.474023 -0.461412 -0.125440 -0.878273 0.148838 -0.986868 0.062757
-4.788519 -64.482608 393.353028 -3366.137910 0.791524 0.228179 -0.566943 0.059379 0.894581 0.442944 0.608247 -0.384265 0.694533
-4.545594 -66.423959 554.067257 -2928.926069 0.778270 0.203585 -0.594011 0.048937 0.923441 0.380607 0.626020 -0.325284 0.708724
-6.405524 -72.717499 319.879706 -2086.399395 0.792331 0.233445 -0.563662 -0.087094 0.957715 0.274218 0.603843 -0.168180 0.779159
-2.204329 -55.553863 202.688080 3900.497916 0.785610 0.196259 -0.586770 -0.227298 -0.790498 -0.568725 0.575458 -0.580168 0.576414
-5.339386 -68.791058 -619.960514 -2611.292049 0.824480 0.237429 -0.513673 -0.031109 0.925369 0.377790 0.565035 -0.295500 0.770334
-3.174886 -59.272143 -293.560646 -3763.199016 0.819953 0.213331 -0.531193 0.120054 0.843237 0.523965 0.559700 -0.493398 0.665804
-1.218221 -103.219871 637.855108 -8017.087366 0.174018 0.777691 0.604081 -0.282121 -0.548355 0.787220 -0.943465 0.307414 -0.123980
-3.307429 -99.104109 371.611662 -8184.186657 0.157139 0.783458 0.601250 -0.186187 -0.574394 0.797124 -0.969867 0.237204 -0.055610
-1.820224 -125.775313 1153.513179 -9487.376493 0.178815 0.780399 0.599168 0.033292 -0.613434 0.789044 -0.983319 0.121145 0.135672
1.380391 -44.861306 -517.187418 411.614436 0.131776 0.869937 -0.475231 -0.333895 0.490350 0.805029 -0.933354 -0.052594 -0.355084
5.811724 -43.809159 -1170.728273 1585.288698 0.118647 0.871907 -0.475080 -0.173727 0.489308 0.854632 -0.977620 0.018865 -0.209529
1.281688 -42.778513 -617.457683 789.866415 0.116249 0.880825 -0.458949 -0.189145 0.473258 0.860379 -0.975044 0.013210 -0.221619
-8.100987 -64.563209 -914.421223 -1439.437545 0.755610 0.367014 -0.542545 0.644405 -0.565039 0.515241 0.117459 0.738939 0.663454
-9.532753 -64.097118 123.400851 -1196.058501 0.754689 0.309932 -0.578262 0.604094 -0.672120 0.428165 0.255959 0.672456 0.694469
-8.455278 -58.703437 -60.216077 -1305.575420 0.728384 0.322886 -0.604320 0.674150 -0.495280 0.547923 0.122391 0.806500 0.578427
-8.674900 -62.487592 392.183691 -1285.406132 0.739641 0.265304 -0.618503 0.603900 -0.667268 0.435957 0.297046 0.695965 0.653755
-8.648138 -56.422514 307.004620 -1177.667549 0.727141 0.275536 -0.628765 0.665584 -0.507271 0.547425 0.168119 0.816551 0.552250
-9.482550 -56.011803 308.187776 -827.618788 0.726832 0.297954 -0.618821 0.685825 -0.363238 0.630637 0.036878 0.882770 0.468357
-3.467247 -117.753174 -480.496031 306.160658 -0.174030 -0.762381 -0.623289 0.982219 -0.179655 -0.054502 -0.070426 -0.621691 0.780090
-4.707752 -21.665871 782.323247 -955.538002 0.704773 0.529157 0.472533 0.707249 -0.471839 -0.526467 -0.055624 0.705238 -0.706785
-9.453480 -22.935776 926.679904 655.194948 0.743842 0.520959 0.418689 -0.667240 0.542648 0.510219 -0.038602 0.658889 -0.751249
-10.050877 -19.145004 899.520031 652.035193 0.827946 0.453565 0.329825 -0.549601 0.539249 0.638082 -0.111553 0.709570 -0.695749
-3.919669 -17.319995 1006.466284 1036.615687 0.731509 0.502198 0.461185 -0.672124 0.417386 0.611587 -0.114645 0.757355 -0.642861
-15.985759 -71.037267 789.499941 -4960.203975 0.408734 0.771188 0.488063 0.905515 -0.409432 -0.111391 0.113925 0.487478 -0.865671
-10.473716 -73.416512 -745.783170 -8018.052113 0.459848 0.787703 0.409956 0.881308 -0.461399 -0.102016 0.108795 0.408209 -0.906382
-8.443036 -24.957248 -1131.776845 -54.295322 -0.781510 0.175948 0.598569 0.261996 0.963269 0.058920 -0.566216 0.202869 -0.798902
-5.234064 -18.917961 433.008765 112.885542 -0.912919 -0.333739 0.234940 -0.350467 0.936022 -0.032186 -0.209167 -0.111722 -0.971477
-5.757362 -20.242253 462.282328 94.892470 -0.954029 -0.213718 0.210129 -0.238982 0.965547 -0.102987 -0.180879 -0.148470 -0.972234
-3.543623 -19.427664 -353.731739 222.260632 0.893369 0.381400 -0.237541 -0.412517 0.905755 -0.097145 -0.178103 -0.184776 -0.966508
-3.338946 -18.457894 68.683681 97.277138 -0.853035 -0.459537 0.247299 -0.482524 0.875040 -0.038402 -0.198749 -0.152086 -0.968178
0.087966 -11.861961 -0.327686 337.303111 -0.161154 0.721214 0.673706 0.986666 0.133498 0.093103 -0.022792 0.679727 -0.733111
-1.185150 -10.418900 13.582974 619.690165 -0.298834 0.697178 0.651645 0.953358 0.187688 0.236392 0.042502 0.691893 -0.720748
-23.375106 -586.979859 1697.189813 74401.275065 -0.106411 0.909360 0.402171 0.252824 0.415919 -0.873551 0.961643 -0.008723 0.274166
-1.283412 -318.446563 2617.792272 26553.616639 -0.067242 0.949464 0.306590 0.102223 0.312224 -0.944493 0.992486 0.032169 0.118051
-0.506157 -207.075219 826.998324 32156.587199 0.031412 0.967913 0.249316 -0.636622 0.211672 -0.741557 0.770536 0.135426 -0.622844
35.826890 -2807.369821 7688.562522 874977.899569 -0.047563 0.984699 0.167649 -0.340164 0.141839 -0.929608 0.939162 0.101244 -0.328213
66.804736 -188.126567 -1538.612993 -25716.707221 0.443163 0.884353 -0.146716 0.893706 -0.448628 -0.004690 -0.069969 -0.129042 -0.989168
44.624529 -214.142047 2830.632602 -35474.548093 0.310614 0.943167 0.118134 0.948973 -0.300574 -0.095424 -0.054492 0.141746 -0.988402
35.582677 -64.891679 -1309.360731 1716.347520 0.515151 0.828804 -0.218410 -0.804521 0.555464 0.210252 -0.295577 -0.067404 -0.952938
136.018452 -360.568627 -13444.734526 -65788.463615 0.496863 0.772100 -0.396217 0.843078 -0.537708 0.009414 -0.205780 -0.338719 -0.918109
31.659370 -85.779992 1927.884008 377.301500 -0.577198 -0.662957 0.476791 -0.675642 0.715634 0.177133 -0.458640 -0.219899 -0.860984
27.712155 -35.949199 -1590.358919 -3068.920991 0.794323 0.425871 -0.433227 0.605817 -0.608288 0.512807 0.045138 0.669791 0.741177
23.305165 -26.224382 3545.415518 206.277295 -0.688865 -0.607411 0.395623 0.720407 -0.513054 0.466678 -0.080489 0.606488 0.791008
0.534034 -24.807299 3906.658729 966.885383 -0.591266 -0.726023 0.351133 0.804266 -0.498607 0.323339 -0.059674 0.473584 0.878725
0.223885 -19.026323 103.965806 -1042.580207 0.516850 0.541912 -0.662720 0.121867 0.719677 0.683530 0.847357 -0.434046 0.305924
0.648474 -13.513270 -16.732036 -1171.909650 0.504277 0.530994 -0.680992 0.186598 0.702969 0.686306 0.843141 -0.473160 0.255409
1.597073 -16.779682 104.170411 -1269.538992 0.524164 0.618749 -0.585150 0.066720 0.655156 0.752541 0.849000 -0.433497 0.302126
0.490997 -8.971409 -55.984610 -1436.708164 0.498208 0.530870 -0.685540 0.211168 0.692554 0.689766 0.840950 -0.488411 0.232933
2.907817 -23.000142 56.078341 -1167.691709 0.529825 0.602459 -0.596933 0.011761 0.698555 0.715460 0.848025 -0.386089 0.363026
3.256572 -22.165428 76.677970 -1375.533009 0.533842 0.643963 -0.548019 -0.014294 0.654875 0.755602 0.845464 -0.395539 0.358804
1.307801 -13.872171 -6.310031 1742.021329 0.537429 0.674696 -0.505921 -0.039847 -0.578937 -0.814398 0.842367 -0.457840 0.284253
0.898886 -19.790583 -1192.044178 -898.381885 -0.008645 0.810351 0.585881 0.991485 0.083076 -0.100276 -0.129932 0.580025 -0.804169
-3.094581 -24.219054 -1127.468527 -911.880638 -0.008843 0.789270 0.613982 0.999610 0.023236 -0.015472 -0.026478 0.613606 -0.789168
0.007640 -23.884642 -884.200104 -464.373636 -0.074528 0.799218 0.596403 0.997193 0.064037 0.038799 -0.007183 0.597621 -0.801747
1.947503 -27.190450 -107.859803 -852.089642 -0.117453 0.792107 0.598975 0.991349 0.057937 0.117776 0.058588 0.607626 -0.792060
3.214664 -20.993498 -851.409925 -694.847231 0.020949 0.800416 0.599078 0.996609 0.030970 -0.076228 -0.079567 0.598644 -0.797054
-3.296247 -24.245041 -152.796141 -1943.821728 0.927386 0.363091 0.090114 0.282533 -0.837648 0.467463 -0.245215 0.408058 0.879408
-3.412879 -24.992291 -282.929135 -618.053620 0.935793 0.335892 0.107090 0.280883 -0.893911 0.349325 -0.213064 0.296816 0.930862
-1.433342 -26.750653 -186.116059 -465.558286 0.942650 0.303401 0.139138 0.242393 -0.908818 0.339551 -0.229471 0.286352 0.930240
-2.777702 -30.460016 -267.918767 -488.145142 0.949472 0.285875 0.129530 -0.256392 0.944536 -0.205219 -0.181013 0.161639 0.970107
-2.429913 -25.738619 -240.850989 -775.119225 0.938350 0.323017 0.123119 0.261358 -0.896033 0.358910 -0.226253 0.304606 0.925216
-1.479561 -32.225271 -177.515622 -376.296889 0.950438 0.277480 0.140259 -0.246546 0.947472 -0.203746 -0.189427 0.159068 0.968925
-1.015331 -25.274774 -162.164298 -2048.837756 0.933596 0.333731 0.130470 0.237840 -0.849473 0.470986 -0.268013 0.408680 0.872439
-0.275776 -27.851949 -63.018517 -524.547920 0.948896 0.282163 0.141349 0.221861 -0.914963 0.337076 -0.224440 0.288490 0.930806
0.248908 -26.498021 -13.392157 -2459.752094 0.941598 0.309934 0.131662 0.215061 -0.854350 0.473112 -0.259119 0.417166 0.871108
-2.867023 -75.183676 -327.875892 -3140.756368 0.955549 -0.186677 0.228205 -0.105600 -0.939366 -0.326251 -0.275271 -0.287651 0.917324
-4.604801 -68.173187 5.360397 3095.934202 0.967889 -0.138698 0.209653 0.089443 0.969444 0.228424 -0.234929 -0.202337 0.950720
-1.222157 -61.829001 -188.876688 4918.045513 0.964659 -0.155470 0.212749 0.155282 0.987712 0.017701 -0.212887 0.015960 0.976947
1.878026 -50.417346 84.240827 -3424.661066 0.973123 -0.107136 0.203845 -0.149751 -0.966872 0.206722 -0.174944 0.231692 0.956929
2.517399 -58.434222 -501.575426 3920.330557 0.960752 -0.174468 0.215675 0.204022 0.971181 -0.123216 -0.187963 0.162382 0.968660
0.651890 -51.715687 261.024477 3848.776962 0.976864 -0.049552 0.208041 0.081220 0.985863 -0.146554 -0.197838 0.160060 0.967079
1.368558 -66.432248 -657.222841 2938.524374 0.954980 -0.200500 0.218661 0.165351 0.971678 0.168821 -0.246317 -0.125065 0.961086
-2.338614 -86.223568 -397.970776 1675.552445 0.933562 0.357701 0.022614 0.028217 -0.136249 0.990273 -0.357303 0.923843 0.137290
-1.318471 -83.239292 -34.512972 2711.652379 0.939655 0.341713 0.016719 -0.043665 0.071316 0.996498 -0.339324 0.937094 -0.081933
-1.509820 -91.077554 -273.350200 3968.337595 0.932406 0.361358 0.006248 -0.055685 0.126559 0.990395 -0.357096 0.923798 -0.138127
-0.975391 -92.221859 -12.254252 2050.656717 0.939346 0.342178 0.023318 0.004920 -0.081426 0.996667 -0.342936 0.936100 0.078171
-1.403082 -92.671301 -81.243451 -3029.366414 0.940714 0.336877 0.039632 0.077588 -0.327445 0.941679 -0.330207 0.882776 0.334170
-2.603970 -89.260014 -417.441776 -1783.078850 0.938429 0.339687 0.062962 0.079145 -0.388787 0.917922 -0.336285 0.856421 0.391734
375.818404 -49.166809 69578.642093 3477.393627 0.863728 0.290977 -0.411468 -0.500742 0.403436 -0.765831 0.056838 -0.867509 -0.494163
417.606333 -42.479357 71593.941933 3214.569607 0.874652 0.146096 -0.462212 -0.462344 0.537972 -0.704858 -0.145680 -0.830206 -0.538085
462.117136 -55.057629 79521.509928 4505.996172 0.829913 0.037123 -0.556656 -0.526049 0.384347 -0.758650 -0.185786 -0.922442 -0.338503
193.417223 -32.285906 37803.745247 -278.116687 0.795171 0.286115 -0.534642 -0.601210 0.257036 -0.756624 0.079059 -0.923077 -0.376402
203.692902 -35.819764 44605.080447 -2077.406559 0.747388 0.250755 -0.615251 -0.658912 0.161101 -0.734766 0.085129 -0.954551 -0.285631
5.406281 -20.062597 64.416226 -796.288072 0.953436 0.024940 -0.300563 -0.068256 -0.952874 -0.295589 0.293770 -0.302341 0.906802
5.795108 -17.906465 -325.819316 1112.156607 0.957959 -0.015173 -0.286505 0.077964 0.974791 0.209056 0.276110 -0.222604 0.934992
5.665279 -16.669156 518.635582 1084.382577 0.942161 -0.017778 -0.334689 0.087967 0.976701 0.195747 0.323411 -0.213867 0.921773
-1.547511 -21.456158 126.435283 -185.292808 0.969986 0.042798 -0.239364 0.241444 -0.286259 0.927233 0.028836 0.957196 0.288000
-1.420757 -22.600974 -395.063147 -401.278305 0.966552 0.059370 -0.249506 0.254453 -0.343817 0.903905 0.032120 0.937158 0.347424
-6.142036 -26.735273 -79.996821 414.783797 0.995830 0.019741 -0.089071 -0.058591 -0.609983 -0.790245 0.069932 -0.792168 0.606283
-6.581071 -29.768317 -388.217449 773.568166 0.998022 0.062788 -0.003278 0.043106 -0.721268 -0.691313 0.045770 -0.689804 0.722548
0.379040 -91.073168 -366.928265 5924.415675 0.787061 0.568540 -0.239367 -0.404568 0.182811 -0.896049 0.465681 -0.802086 -0.373897
-1.993535 -135.905216 239.310258 10811.078420 0.787926 0.583064 -0.198012 -0.239604 -0.005919 -0.970853 0.567241 -0.812405 -0.135041
13.892071 -433.776074 2706.853640 13114.294505 0.920039 0.391499 0.016009 -0.391693 0.917890 0.063681 -0.010236 0.064860 -0.997842
50.398089 -1881.691851 7482.970442 -448308.246234 0.930771 0.356080 0.082903 -0.252336 0.789762 -0.559109 0.264561 -0.499483 -0.824939
3.544273 -418.983696 3349.920762 58846.629284 0.886736 0.461784 -0.021326 -0.452875 0.858522 -0.240509 0.092754 -0.222926 -0.970413
-3.334917 -341.702627 401.543525 38105.560919 -0.896751 -0.428929 0.108894 -0.424530 0.903290 0.061983 -0.124949 0.009354 -0.992119
-4.872422 -35.277539 446.240042 953.527028 -0.997631 0.006171 0.068509 0.007890 0.999660 0.024846 -0.068333 0.025327 -0.997341
-4.494124 -36.807380 40.918059 750.588184 0.998892 -0.026199 -0.039092 0.021419 0.992776 -0.118052 -0.041903 -0.117084 -0.992238
-3.765247 -37.667769 -611.882599 605.335981 0.996133 -0.027403 -0.083470 0.014938 0.989106 -0.146443 -0.086574 -0.144630 -0.985691
-11.582276 -25.365702 -1206.591995 591.921257 0.783768 -0.024369 -0.620575 0.554221 0.478364 0.681180 -0.280261 0.877823 -0.388432
82.548158 -2647.485375 -11766.518877 -546646.194678 0.255904 -0.102542 0.961248 -0.225097 0.960705 0.162410 -0.940130 -0.257935 0.222766
-6.513432 -349.869551 405.966336 -66179.458722 0.229762 -0.012019 0.973173 -0.171616 0.983755 0.052668 -0.957997 -0.179113 0.223966
8.882716 -434.216519 -2598.555661 -82551.333679 0.176993 0.291337 0.940104 -0.194488 0.946702 -0.256766 -0.964804 -0.137394 0.224222
5.930087 -134.067770 -691.200921 -22230.015741 0.247812 0.143197 0.958167 -0.267689 0.960634 -0.074333 -0.931092 -0.238070 0.276389
-36.822664 -51.129351 200.359695 -15.937022 0.615285 0.570820 -0.543680 0.738510 -0.176158 0.650824 0.275730 -0.801956 -0.529944
-31.327406 -45.794132 154.730630 -2232.214846 0.323151 0.744709 -0.583937 0.938277 -0.171716 0.300251 0.123328 -0.644921 -0.754233
-33.271124 -49.170341 -25.091591 -1028.191559 0.459157 0.675840 -0.576554 0.853560 -0.155772 0.497163 0.246192 -0.720399 -0.648394
27.239596 -31.626382 1014.424709 -97.084807 0.928090 0.037482 -0.370464 -0.298470 0.669747 -0.679967 -0.222631 -0.741643 -0.632773
24.861486 -30.386222 1116.213139 -261.888619 0.924968 0.021440 -0.379441 -0.328114 0.548849 -0.768834 -0.191772 -0.835647 -0.514702
-3.713336 -78.151152 -56.575020 6902.800892 -0.122225 -0.783050 -0.609831 0.955021 -0.260051 0.142506 -0.270176 -0.564984 0.779614
-2.701855 -115.566848 15.185614 11570.094173 -0.113145 -0.763079 -0.636324 0.909918 -0.336803 0.242101 -0.399058 -0.551611 0.732447
0.835136 -48.097881 97.950126 -560.939875 0.502035 0.696379 -0.512852 0.701926 0.018333 0.712014 0.505234 -0.717440 -0.479602
0.374743 -45.560095 365.764184 -1767.026329 0.484169 0.706050 -0.516793 0.801958 -0.121882 0.584815 0.349920 -0.697595 -0.625234
0.923394 -46.187591 107.757340 -1122.998998 0.494826 0.696530 -0.519609 0.736199 -0.018327 0.676517 0.461691 -0.717294 -0.521853
-0.303234 -48.193559 413.625799 -1501.788136 0.488452 0.700106 -0.520832 0.749242 -0.030553 0.661591 0.447271 -0.713385 -0.539473
0.672186 -50.788533 71.232428 557.033261 0.501856 0.701138 -0.506504 0.609100 0.129290 0.782484 0.614115 -0.701206 -0.362178
-0.038953 -51.825090 137.491174 -36.429018 0.498590 0.701039 -0.509855 0.612214 0.131619 0.779660 0.613679 -0.700872 -0.363562
1.400019 -71.144283 612.435192 788.070808 0.836254 0.191376 -0.513863 -0.548222 0.311495 -0.776160 -0.011527 -0.930777 -0.365405
3.016712 -69.909247 744.245590 -1687.670429 0.836518 0.193953 -0.512465 -0.529223 0.043630 -0.847360 0.141989 -0.980040 -0.139141
-2.187743 -71.342693 85.374261 -3635.165632 0.177790 0.794358 0.580850 -0.545565 -0.411675 0.729988 -0.818993 0.446676 -0.360182
-8.036514 -70.801728 -1056.410445 -1820.547960 0.780610 0.351650 -0.516710 0.579278 -0.717490 0.386840 0.234702 0.601290 0.763783
-6.395631 -67.883279 -984.212942 -1595.023109 0.759899 0.386078 -0.522970 0.642646 -0.567199 0.515064 0.097774 0.727481 0.679125
-2.820985 -74.671705 -735.877272 -2621.484778 0.775580 0.379297 -0.504589 0.620725 -0.603607 0.500359 0.114789 0.701279 0.703585
-5.920205 -74.300314 -859.203462 -2113.265087 0.787074 0.350676 -0.507484 0.569857 -0.728328 0.380528 0.236173 0.588697 0.773084
