12672
25325
-23.675796 -33.269841 494.196712 2406.775981 0.521883 -0.734586 0.433615 0.785387 0.215428 -0.580308 0.332873 0.643409 0.689363
-30.000951 -41.580199 -213.668883 1953.190879 0.611159 -0.666553 0.426839 0.776092 0.398733 -0.488563 0.155458 0.629856 0.760996
-23.949879 -45.974490 1080.023581 -4182.394479 0.804420 -0.570396 0.166007 -0.531374 -0.565926 0.630373 0.265615 0.595296 0.758335
-24.196214 -33.769582 -92.538248 1685.567276 0.284368 -0.714968 0.638714 0.928351 0.039012 -0.369651 0.239371 0.698068 0.674836
-18.236796 -35.794227 1590.295695 -3878.006684 0.686870 -0.700173 0.194852 -0.587374 -0.376903 0.716195 0.428020 0.606384 0.670147
-16.301168 -24.424029 846.700033 1599.324262 0.296304 -0.777473 0.554744 0.839634 -0.064791 -0.539275 0.455214 0.625571 0.633594
-19.954435 -28.236764 45.591261 1458.726506 0.056449 -0.675843 0.734881 0.939844 -0.212408 -0.267537 0.336908 0.705776 0.623196
-23.897797 -38.589097 -89.801405 379.320526 -0.470510 0.301848 0.829161 0.823245 0.488409 0.289352 -0.317629 0.818746 -0.478296
-24.198124 -38.211208 -64.486425 689.395276 -0.490085 0.210661 0.845836 0.826416 0.420901 0.374005 -0.277225 0.882306 -0.380371
-24.079945 -36.616983 -44.537262 881.106437 -0.540610 0.280793 0.793030 0.827073 0.349862 0.439939 -0.153920 0.893729 -0.421375
-23.899296 -35.460714 -30.996505 353.856444 -0.641570 0.215131 0.736279 0.765869 0.233220 0.599210 -0.042806 0.948329 -0.314389
-23.877595 -33.995183 -163.529683 157.392134 -0.620259 0.342933 0.705461 0.784388 0.266806 0.559955 0.003806 0.900673 -0.434482
-23.761453 -34.704216 -336.559138 1205.027378 -0.542650 0.397841 0.739766 0.836610 0.334563 0.433763 -0.074930 0.854278 -0.514388
-24.329489 -37.392732 0.442719 722.884951 -0.522440 0.381121 0.762760 0.825588 0.449782 0.340734 -0.213215 0.807739 -0.549633
13.884498 -28.655194 -231.676960 127.541185 -0.555025 0.831305 -0.029658 -0.334983 -0.256003 -0.906779 0.761402 0.493350 -0.420561
13.208026 -28.711340 -388.977121 50.628988 -0.579810 0.814181 -0.030494 -0.418505 -0.329729 -0.846246 0.699052 0.477900 -0.531919
13.929192 -27.985171 607.775414 166.839599 -0.550977 0.833998 -0.029521 -0.414278 -0.304057 -0.857860 0.724429 0.460431 -0.513035
13.479118 -27.848817 615.236421 153.921703 -0.563516 0.825292 -0.036633 -0.490617 -0.370015 -0.788913 0.664638 0.426593 -0.613412
14.287102 -28.579571 486.628509 208.262376 -0.529875 0.846514 -0.051453 -0.346734 -0.271607 -0.897778 0.773956 0.457869 -0.437433
15.217706 -28.000699 909.500146 313.026993 -0.516794 0.853431 -0.067672 -0.451756 -0.338996 -0.825226 0.727215 0.395900 -0.560733
-4.295941 -24.518887 -33.201375 154.672400 -0.168938 0.921881 -0.348704 0.103702 -0.335201 -0.936422 0.980156 0.194359 0.038973
-3.733708 -25.864653 41.412890 358.013890 -0.166093 0.926509 -0.337630 -0.022804 -0.345903 -0.937993 0.985846 0.148095 -0.078581
-4.135706 -25.245772 271.023020 108.021021 -0.190909 0.916356 -0.351918 -0.027601 -0.363381 -0.931232 0.981220 0.168068 -0.094665
-4.158547 -24.276984 165.119574 943.886232 -0.195071 0.909864 -0.366190 0.016070 -0.370347 -0.928754 0.980658 0.187057 -0.057623
-4.468340 -23.909478 20.776338 279.931087 -0.191814 0.914554 -0.356088 0.133372 -0.335169 -0.932670 0.972327 0.226391 0.057685
-4.489525 -24.073674 -223.621518 -725.402175 -0.170027 0.930550 -0.324294 0.252223 -0.277029 -0.927167 0.952614 0.239438 0.187604
-3.477658 -24.781501 -248.955714 -346.452834 -0.148104 0.927978 -0.341938 0.259618 -0.297144 -0.918860 0.954287 0.224860 0.196911
3.659532 1.291871 -835.660500 643.150545 0.886878 -0.115230 0.447403 -0.394839 -0.691880 0.604486 -0.239894 0.712758 0.659111
2.040327 -3.143900 -1838.317980 1330.410551 0.744041 -0.254712 0.617677 -0.603007 -0.654119 0.456630 -0.287725 0.712215 0.640284
5.558488 -3.310299 -392.182880 1125.510158 0.726546 -0.345203 0.594110 -0.648004 -0.631796 0.425353 -0.228523 0.694024 0.682721
6.357694 -0.456637 553.265538 1008.605694 0.770224 -0.372681 0.517555 -0.616581 -0.642577 0.454888 -0.163041 0.669480 0.724716
6.882089 -3.048913 568.788841 772.970678 0.783897 -0.356377 0.508430 -0.602126 -0.636135 0.482469 -0.151490 0.684345 0.713248
15.669217 -38.844209 -2259.233960 -2038.380009 -0.558260 0.822232 -0.110817 -0.695445 -0.390915 0.602944 -0.452440 -0.413667 -0.790049
11.268246 -49.422005 -1993.136269 -4286.204139 -0.564351 0.817120 -0.117567 -0.628873 -0.333266 0.702462 -0.534815 -0.470370 -0.701944
8.570601 -40.256886 -1981.776743 3628.694229 -0.564273 0.810310 -0.158093 0.721982 0.391452 -0.570532 -0.400422 -0.436076 -0.805915
13.257893 -32.073107 -1790.897729 -643.171695 -0.564914 0.819497 -0.096421 -0.711599 -0.424681 0.559708 -0.417730 -0.384800 -0.823062
1.929537 -74.380626 -85.827433 -3698.091979 -0.246419 0.951874 -0.182248 0.902251 0.156653 -0.401750 0.353866 0.263432 0.897431
1.442842 -81.239350 5.577789 -1888.003288 -0.230460 0.953364 -0.194897 0.769260 0.055837 -0.636492 0.595926 0.296612 0.746253
0.969124 -75.100492 126.754607 -3919.203605 -0.249212 0.952326 -0.175978 0.889051 0.152916 -0.431514 0.384033 0.263992 0.884775
1.137099 -65.080065 -143.251380 -3700.835231 0.280662 -0.944693 0.169657 0.947551 0.244559 -0.205760 0.152889 0.218508 0.963784
4.883152 -52.748079 211.969888 881.251214 -0.307034 0.948901 -0.072920 0.790163 0.296876 0.536197 -0.530446 -0.107012 0.840937
4.739210 -51.907716 496.119671 736.343610 -0.278368 0.955304 -0.099526 0.790544 0.286735 0.541131 -0.545482 -0.071953 0.835028
4.586767 -47.416044 438.461320 412.209553 -0.316399 0.944060 -0.092964 0.876132 0.328386 0.352925 -0.363710 -0.030216 0.931022
5.681324 -52.452071 -87.379627 1067.220739 -0.327369 0.943303 -0.054856 0.845289 0.318309 0.429146 -0.422276 -0.094120 0.901568
5.925514 -58.020087 -168.154958 1815.137151 -0.333186 0.942193 -0.035497 0.729696 0.281518 0.623130 -0.597102 -0.181716 0.781312
22.278732 -29.316458 377.444691 -58.411013 -0.479494 0.666708 -0.570602 0.871981 0.435091 -0.224378 0.098669 -0.605142 -0.789980
22.662866 -29.381772 930.629032 188.245142 -0.425422 0.742062 -0.518036 0.904919 0.356252 -0.232824 0.011781 -0.567829 -0.823063
23.653407 -28.255022 -1028.516955 29.017638 -0.514760 0.593520 -0.618673 0.855254 0.405741 -0.322359 0.059694 -0.695060 -0.716469
-3.350243 -31.182073 2326.178509 645.153782 0.774385 -0.537966 -0.333046 0.584224 0.810055 0.049939 0.242921 -0.233245 0.941587
-1.389027 -29.947420 2599.786198 2158.771945 0.725511 -0.582228 -0.366939 0.582232 0.803541 -0.123805 0.366933 -0.123821 0.921970
-9.144492 -29.612867 66.650097 752.467143 0.725511 -0.633740 -0.268343 0.647675 0.760578 -0.045141 0.232704 -0.141048 0.962265
2.095724 -19.126387 -1244.482054 -629.686761 0.578066 -0.748161 0.325721 0.800278 0.441854 -0.405365 0.159357 0.494995 0.854158
7.021108 -18.686060 -2296.858384 -858.591425 0.651785 -0.696240 0.300710 0.736039 0.485137 -0.472111 0.182817 0.529049 0.828665
13.391468 -16.288254 -2608.462387 622.341185 0.722789 -0.646869 0.243180 -0.676229 -0.589500 0.441820 0.142445 0.483788 0.863515
11.622494 -16.521434 -2236.870713 -14.461234 0.699974 -0.665327 0.259570 0.705741 0.588739 -0.394102 0.109388 0.459050 0.881650
0.372713 -118.477433 984.895472 -3575.557741 0.708073 0.483276 0.514857 0.115020 0.640443 -0.759344 -0.696709 0.596890 0.397893
1.385685 -149.356775 754.619720 7766.783961 0.675228 0.467189 0.570790 -0.347991 -0.480534 0.804978 -0.650361 0.742173 0.161892
-0.004806 -129.222265 819.552362 2670.119129 0.692644 0.461864 0.554008 -0.376846 -0.423189 0.823952 -0.615005 0.779482 0.119068
-0.876555 -101.568042 721.696941 -3428.083463 0.700079 0.475812 0.532440 0.188436 0.596111 -0.780476 -0.688754 0.646726 0.327665
4.368750 -61.255769 -331.346638 307.871748 -0.645843 -0.567416 -0.510809 -0.422887 0.822919 -0.379436 0.635652 -0.029041 -0.771429
4.712064 -70.402701 -852.098446 4982.423124 -0.640464 -0.562865 -0.522484 -0.304802 0.810749 -0.499781 0.704912 -0.160837 -0.690818
3.350923 -71.096070 -322.646724 2659.180987 -0.642990 -0.560538 -0.521882 -0.320666 0.815853 -0.481203 0.695512 -0.142059 -0.704331
3.516685 -68.614376 -124.132161 -152.475090 -0.647318 -0.540764 -0.537173 -0.441814 0.840476 -0.313689 0.621112 0.034274 -0.782972
3.923005 -70.130131 340.811889 -4018.280622 -0.674414 -0.549475 -0.493196 -0.512406 0.829236 -0.223178 0.531606 0.102202 -0.840803
-7.925840 -26.676926 814.299992 -485.981529 -0.919640 -0.034368 0.391255 0.036277 0.984473 0.171745 -0.391082 0.172137 -0.904115
-10.994082 -25.767300 711.628014 -690.001556 -0.942300 -0.065474 0.328305 -0.006174 0.983920 0.178503 -0.334713 0.166177 -0.927552
-9.197530 -23.241288 804.966393 -524.695300 -0.930390 -0.009481 0.366448 0.010316 0.998592 0.052028 -0.366426 0.052186 -0.928983
-25.611528 -36.549949 -1202.486213 1068.170427 -0.610409 0.780545 -0.134728 -0.783366 -0.620062 -0.043142 0.117214 -0.079207 -0.989943
-30.451702 -40.370034 -854.270428 -1215.738357 -0.788990 0.612396 -0.049652 0.604623 0.788251 0.114418 0.109207 0.060254 -0.992191
-27.188181 -40.868702 -935.736906 1539.199746 -0.625493 0.760943 -0.172407 -0.739672 -0.648636 -0.179322 0.248283 -0.015360 -0.968566
-23.345763 -37.671827 -672.303391 963.463169 -0.527044 0.819576 -0.224768 -0.828488 -0.554418 -0.078920 0.189296 -0.144624 -0.971211
-74.195057 -186.078254 -78.078228 -11471.379496 -0.069986 -0.269806 0.960368 0.988109 -0.150875 0.029621 0.136904 0.951021 0.277157
-50.452374 -432.231963 -4095.264712 -83711.302669 -0.583087 -0.035320 0.811642 0.791817 -0.248222 0.558043 0.181757 0.968059 0.172702
3.749489 -198.265654 -644.246423 32721.796278 0.583578 -0.311402 0.749977 0.797145 0.043498 -0.602220 0.154910 0.949282 0.273616
-17.405681 -154.461345 -2483.819378 18121.620988 -0.583636 -0.118996 -0.803249 0.811090 -0.132652 -0.569681 -0.038763 -0.983994 0.173937
-53.780619 -261.119315 -5294.227414 35147.909929 -0.465771 -0.081919 -0.881105 0.877858 -0.168188 -0.448417 -0.111457 -0.982345 0.150250
-28.412129 -172.688318 -2458.376444 18234.600945 -0.591423 -0.042102 -0.805262 0.799525 0.099149 -0.592393 0.104781 -0.994182 -0.024978
-1.194512 -31.689035 588.980979 -2532.350091 -0.539628 0.770547 -0.339203 -0.132154 0.320380 0.938026 -0.831467 -0.551012 0.071055
-0.834870 -20.981924 481.374176 -1526.226179 -0.484167 0.674152 -0.557765 -0.361186 0.426627 0.829177 -0.796949 -0.602917 -0.036936
-2.161384 -29.038091 1345.162302 -2342.681059 -0.503205 0.710815 -0.491453 -0.305864 0.385389 0.870587 -0.808227 -0.588402 -0.023483
-1.127413 -19.012725 990.648022 -2317.303413 -0.396954 0.566589 -0.722083 -0.546463 0.486193 0.681905 -0.737432 -0.665277 -0.116623
-5.178503 -24.690202 1051.860522 -2823.199560 -0.465706 0.599414 -0.651015 -0.504178 0.424869 0.751859 -0.727271 -0.678372 -0.104347
0.521470 -13.424645 331.291506 536.206596 -0.107126 0.986280 -0.125602 0.751990 0.163016 0.638700 -0.650412 0.026030 0.759136
3.308601 -12.651548 1059.531639 638.904623 -0.228766 0.943455 -0.239913 0.733399 0.329093 0.594830 -0.640150 0.039876 0.767215
4.866252 -16.261088 573.137660 550.612167 -0.186150 0.964907 -0.185212 0.686979 0.262591 0.677573 -0.702430 0.001106 0.711752
1.766605 -16.229353 302.494225 479.228555 -0.058448 0.994363 -0.088470 0.715838 0.103516 0.690550 -0.695815 0.022969 0.717853
-1.257110 -14.718108 -165.259096 246.442273 0.071158 0.996976 0.031239 0.770022 -0.074813 0.633615 -0.634036 0.021032 0.773017
-2.743315 -12.295063 -351.848598 230.737494 0.072668 0.996870 0.031139 0.796704 -0.076803 0.599470 -0.599985 0.018754 0.799791
4.669155 -30.054775 -650.557209 -518.503420 -0.270411 0.823637 -0.498498 0.154792 0.548247 0.821867 -0.950220 -0.145078 0.275744
3.895926 -29.881123 -464.542067 682.829283 -0.262208 0.850788 -0.455419 0.304151 0.520738 0.797699 -0.915827 -0.070648 0.395310
0.898748 -28.896255 -620.369206 -219.020520 -0.265191 0.859146 -0.437655 0.175664 0.489360 0.854206 -0.948059 -0.149648 0.280695
0.196433 -35.718766 49.367626 -1279.698341 0.409798 -0.375430 0.831335 0.026355 0.915868 0.400613 -0.911796 -0.142261 0.385215
0.898614 -32.012492 28.933176 -989.545713 0.413715 -0.340998 0.844133 -0.069711 0.912617 0.402829 -0.907733 -0.225502 0.353792
0.851769 -32.483604 22.966695 -768.005269 0.404027 -0.351313 0.844596 -0.108248 0.898461 0.425500 -0.908320 -0.263340 0.324973
0.780518 -34.261754 17.153143 -305.163894 0.401978 -0.346487 0.847561 -0.133151 0.893681 0.428492 -0.905916 -0.285098 0.313105
0.664173 -36.789044 11.143307 -1144.398402 0.403345 -0.383544 0.830787 -0.002443 0.907462 0.420128 -0.915045 -0.171486 0.365083
1.018801 -31.036199 47.609405 -74.050787 0.394640 -0.310773 0.864685 -0.247574 0.870297 0.425782 -0.884854 -0.382105 0.266515
-5.771883 -52.797844 1825.505187 170.314816 0.628871 -0.425863 -0.650509 0.759493 0.515536 0.396728 0.166409 -0.743548 0.647645
-3.259552 -54.360670 776.733472 -567.259337 0.653729 -0.418591 -0.630413 0.756623 0.375547 0.535244 0.012701 -0.826889 0.562222
-1.419075 -54.147761 -42.431774 520.643983 0.643610 -0.444304 -0.623185 0.742341 0.560563 0.367015 0.186268 -0.698830 0.690609
-10.369674 -51.082610 2283.737952 -378.534801 0.662132 -0.405455 -0.630228 0.749364 0.351688 0.561042 -0.005833 -0.843754 0.536698
-5.719659 -53.246607 1250.355470 467.225386 0.623867 -0.433396 -0.650352 0.711192 0.659847 0.242506 0.324032 -0.613816 0.719884
-14.783770 -50.636228 3111.091062 -177.671613 0.620295 -0.446326 -0.645002 0.775754 0.470627 0.420376 0.115931 -0.761120 0.638167
-15.040283 -52.983968 2870.978592 -110.630484 0.603714 -0.454404 -0.655016 0.753956 0.592388 0.283948 0.258997 -0.665277 0.700234
-0.877404 -48.065881 -185.898366 -906.013646 0.302657 -0.467237 0.830715 0.810292 -0.332768 -0.482382 0.501823 0.819118 0.277884
-0.421759 -47.140852 144.979744 -802.553718 0.250171 -0.454748 0.854762 0.768361 -0.443908 -0.461050 0.589098 0.772107 0.238357
-0.703964 -43.297158 208.451864 -81.342084 0.305938 -0.489557 0.816539 0.856962 -0.232028 -0.460195 0.414751 0.840534 0.348545
0.229877 -62.728289 98.006986 -3139.759980 0.214015 -0.406523 0.888221 0.713400 -0.556093 -0.426406 0.667277 0.724914 0.171001
-1.593616 -45.043630 -499.055100 337.282111 0.351230 -0.464414 0.812993 0.881651 -0.128234 -0.454145 0.315164 0.876285 0.364411
0.266457 -65.311834 -429.164679 -3931.340017 0.277228 -0.446228 0.850897 0.733973 -0.473141 -0.487258 0.620022 0.759617 0.196352
-2.953280 -44.384420 -542.020145 -214.137247 0.362416 -0.490895 0.792260 0.851159 -0.171994 -0.495929 0.379714 0.854072 0.355497
-2.113677 -52.624310 -268.696296 -2244.472684 0.354800 -0.499256 0.790481 0.798190 -0.278506 -0.534160 0.486836 0.820474 0.299688
-3.232322 -8.858134 -361.177350 524.158693 -0.563195 0.734259 -0.379044 0.822899 0.456652 -0.338092 -0.075156 -0.502327 -0.861406
-2.313437 -12.337534 -438.610145 759.248420 -0.664939 0.669541 -0.331014 0.737492 0.518454 -0.432795 -0.118158 -0.531903 -0.838521
-5.510887 -10.330913 332.041579 557.781776 0.828058 -0.518211 0.213955 0.553066 0.692522 -0.463175 -0.091854 -0.501867 -0.860054
-7.847280 -24.037798 286.311748 663.984363 -0.186341 0.274545 -0.943346 -0.310528 0.894486 0.321664 0.932121 0.352875 -0.081426
-7.684414 -22.655841 408.348012 179.027735 -0.211772 0.334734 -0.918208 -0.390204 0.832425 0.393457 0.896043 0.441612 -0.045670
-7.605590 -24.376747 -297.291519 549.533988 -0.136121 0.303951 -0.942913 -0.336300 0.881079 0.332568 0.931865 0.362371 -0.017714
-7.867108 -23.441558 110.524927 181.215755 -0.184022 0.357745 -0.915508 -0.434511 0.805857 0.402237 0.881667 0.471818 0.007149
-7.684169 -27.632132 -499.936315 870.571938 -0.111136 0.254305 -0.960717 -0.214015 0.937900 0.273022 0.970488 0.235951 -0.049809
-6.292239 -26.751897 -743.089728 440.238825 -0.076630 0.290213 -0.953889 -0.255001 0.919180 0.300138 0.963899 0.266242 0.003568
-7.113102 -24.289488 -554.553679 229.917767 -0.124564 0.348884 -0.928851 -0.416582 0.831246 0.368089 0.900524 0.432793 0.041796
-5.926671 -25.462036 -808.202537 174.614292 -0.074374 0.326145 -0.942389 -0.368357 0.869189 0.329883 0.926705 0.371671 0.055492
-12.029264 -32.515693 215.018529 96.112918 0.289219 -0.159497 0.943882 0.798974 0.583310 -0.146250 -0.527250 0.796436 0.296139
-6.479998 -31.883421 -1963.588234 1309.457146 0.259318 -0.051282 0.964430 0.874689 0.435855 -0.212012 -0.409479 0.898555 0.157881
-8.598800 -32.746547 -1396.268047 -97.986284 0.295270 -0.035247 0.954763 0.765363 0.606876 -0.214292 -0.571870 0.794014 0.206170
-3.588979 -32.681006 -3793.066886 466.689020 0.239006 0.046263 0.969915 0.789749 0.571894 -0.221888 -0.564954 0.819022 0.100150
-8.509921 -34.958439 -868.170113 -836.842526 0.302905 -0.075036 0.950062 0.664654 0.731073 -0.154170 -0.682996 0.678161 0.271319
-2.463077 -34.667087 -2871.430250 -861.681097 0.255848 0.016542 0.966575 0.671963 0.715766 -0.190115 -0.694987 0.698144 0.172012
12.042590 -89.058310 -724.298137 -8935.761022 -0.360347 -0.112244 0.926041 0.663798 -0.728330 0.170022 0.655379 0.675971 0.336959
13.635141 -63.178619 -873.590837 -5216.556817 -0.376243 -0.050864 0.925124 0.751439 -0.600870 0.272570 0.542015 0.797727 0.264294
8.564152 -84.142273 795.996763 7708.213884 0.351763 0.054623 -0.934494 -0.595796 0.783048 -0.178499 0.722004 0.619558 0.307992
-0.310824 -27.248057 281.621352 -199.881174 0.668437 -0.071156 -0.740357 -0.450722 0.753064 -0.479316 -0.591643 -0.654088 -0.471304
-1.244161 -31.543675 -171.208446 -491.554094 0.616674 -0.025507 -0.786805 -0.514145 0.743810 -0.427084 -0.596127 -0.667904 -0.445574
-2.099785 -30.435487 96.428764 276.256747 -0.588620 -0.031533 0.807794 -0.461375 0.833624 -0.303651 -0.663822 -0.551431 -0.505237
16.770173 7.909728 2050.246283 -4430.092969 -0.000183 0.985154 -0.171670 -0.966841 -0.044016 -0.251559 0.255381 -0.165932 -0.952495
18.920049 5.003707 1866.364192 -4066.332340 0.082257 0.964344 -0.251546 -0.957834 0.006775 -0.287242 0.275296 -0.264567 -0.924238
23.124729 15.152817 3156.723175 1519.474688 0.455069 0.879693 -0.138031 0.870236 -0.406513 0.278275 0.188685 -0.246754 -0.950532
-2.840896 -7.082896 -254.775505 516.631142 -0.736324 -0.646700 0.199015 -0.633680 0.762204 0.132267 -0.237227 -0.028720 -0.971030
-3.514013 -5.748719 284.052042 292.220671 0.523228 0.837985 -0.154962 -0.811913 0.545430 0.208095 -0.258901 -0.016935 -0.965755
-3.139289 -5.172765 27.397176 286.783192 0.631960 0.754763 -0.175952 -0.731995 0.655883 0.184395 -0.254579 -0.012265 -0.966974
-3.167072 -4.595252 156.226661 265.516890 -0.784558 -0.584906 0.205800 -0.568016 0.811068 0.139736 -0.248650 -0.007267 -0.968566
-2.552560 -6.246265 31.968016 458.112111 -0.805988 -0.554089 0.208252 -0.542909 0.832165 0.112918 -0.235867 -0.022052 -0.971535
0.056593 -23.470956 16.769379 -693.233640 -0.252437 0.140116 -0.957415 0.886801 0.429359 -0.170982 0.387117 -0.892199 -0.232641
0.351042 -21.705705 360.375545 -817.656763 -0.267966 0.148255 -0.951953 0.880585 0.438544 -0.179579 0.390850 -0.886397 -0.248066
-0.370390 -24.613793 347.380524 -763.054212 -0.224442 0.164237 -0.960548 0.857919 0.500787 -0.114836 0.462170 -0.849846 -0.253300
4.338383 -20.544266 -816.274723 -591.662617 0.281686 0.934792 0.216372 0.862409 -0.345508 0.369965 -0.420599 -0.082388 0.903498
0.136112 -17.301875 -563.277312 -379.408157 0.318014 0.920597 0.226644 0.808791 -0.388160 0.441802 -0.494695 -0.042809 0.868011
3.464576 -17.772611 -701.728220 -121.399376 0.212888 0.964617 0.155543 0.847887 -0.261494 0.461203 -0.485558 -0.033698 0.873555
7.759982 -18.612228 -1202.803678 49.128891 0.153394 0.980950 0.119191 0.888320 -0.189724 0.418202 -0.432849 -0.041730 0.900500
13.630834 -19.135202 -1865.388905 -821.614099 0.111876 0.987941 0.107033 0.913820 -0.144597 0.379505 -0.390406 -0.055351 0.918978
13.854339 -20.645776 -1817.875666 -768.369908 0.174410 0.970678 0.165424 0.924740 -0.219182 0.311150 -0.338285 -0.098706 0.935853
-4.010454 -154.836803 -2255.837579 -23649.375231 0.973011 -0.207076 0.101829 0.052169 0.627254 0.777066 0.224784 0.750781 -0.621128
-7.759101 -76.402456 -2004.493931 -11437.112336 0.960584 -0.174359 0.216510 0.021431 0.822975 0.567673 0.277161 0.540658 -0.794274
1.290858 -168.053669 -1117.761459 -27455.189267 0.951811 -0.299296 0.066921 0.166675 0.687988 0.706323 0.257440 0.661132 -0.704719
-4.539703 -26.744530 -730.790061 -1326.828312 0.293698 0.237330 -0.925968 0.943645 -0.226588 0.241230 -0.152563 -0.944633 -0.290504
-4.412227 -28.036106 48.326002 -653.515438 0.247025 0.259716 -0.933556 0.967344 -0.122549 0.221873 -0.056783 -0.957878 -0.281507
-4.239266 -25.964872 560.485886 -813.604753 0.267733 0.282301 -0.921209 0.948132 -0.247246 0.199790 -0.171364 -0.926917 -0.333855
-29.426296 -48.418049 506.326793 -1595.468134 0.825683 -0.518026 0.223375 -0.557615 -0.689414 0.462356 0.085515 0.506317 0.858097
-33.908208 -45.534763 -866.578054 764.530588 0.671684 -0.616818 0.410336 0.740633 0.572106 -0.352360 -0.017414 0.540583 0.841111
-29.003253 -44.265893 -443.308659 1067.893939 0.412458 -0.696490 0.587180 0.910773 0.328904 -0.249629 -0.019262 0.637749 0.770003
-26.342003 -38.852936 -252.308799 1749.330491 0.291646 -0.683461 0.669196 0.949968 0.125173 -0.286169 0.111820 0.719175 0.685772
-23.839289 -39.469187 -134.320647 -223.818614 -0.447871 0.191443 0.873362 0.786816 0.548331 0.283293 -0.424656 0.814053 -0.396212
15.064708 -28.455156 -603.207881 52.139622 -0.606245 0.795198 -0.011268 -0.310512 -0.249725 -0.917181 0.732154 0.552537 -0.398313
14.548673 -28.533208 -682.805723 -5.434756 -0.622317 0.782723 -0.008059 -0.385265 -0.315241 -0.867291 0.681390 0.536625 -0.497736
13.386821 -28.624073 -741.918653 -127.079400 -0.620376 0.784092 -0.018284 -0.455556 -0.379219 -0.805395 0.638437 0.491318 -0.592456
12.408529 -28.236809 -307.828458 8.857040 -0.592746 0.804795 -0.030929 -0.510684 -0.405268 -0.758261 0.622780 0.433662 -0.651217
-3.670558 -26.909248 -62.409941 -612.003600 -0.162760 0.919696 -0.357306 -0.092395 -0.374751 -0.922510 0.982330 0.117135 -0.145970
-3.221543 -26.420132 -286.994206 293.409435 -0.137151 0.928322 -0.345555 -0.082243 -0.358319 -0.929970 0.987130 0.099127 -0.125492
-2.871769 -24.779773 -257.886305 754.132057 -0.132739 0.931641 -0.338269 -0.026206 -0.344469 -0.938432 0.990805 0.115702 -0.070139
1.405519 -2.796689 -1344.844309 -1870.837295 0.930631 0.365919 0.005425 0.222641 -0.577877 0.785168 -0.290442 0.729494 0.619259
-1.866507 -5.717593 -1511.584387 811.978325 0.803433 -0.189241 0.564520 -0.531183 -0.656134 0.536035 -0.268961 0.730531 0.627682
4.437835 -32.717035 -276.840470 1884.698363 -0.462555 0.854943 -0.234765 0.846352 0.346931 -0.404139 -0.264068 -0.385630 -0.884057
7.740487 -33.762907 5.950926 -790.949772 -0.517781 0.843753 -0.141366 0.805819 0.425503 -0.411829 -0.287330 -0.327153 -0.900229
4.790379 -37.398269 -798.425209 2523.193285 -0.510547 0.836659 -0.198351 0.792877 0.368827 -0.485090 -0.332698 -0.404929 -0.851672
3.629655 -46.544805 391.164612 620.006789 -0.292907 0.949638 -0.111328 0.871121 0.313045 0.378353 -0.394149 -0.013842 0.918942
30.181892 -27.122927 1332.294655 -434.275382 -0.451184 0.723648 -0.522270 0.884626 0.285424 -0.368742 -0.117772 -0.628384 -0.768936
21.775865 -28.639325 2322.435550 88.975278 -0.332775 0.839691 -0.429161 0.938661 0.251312 -0.236133 -0.090425 -0.481416 -0.871815
30.943747 -24.687551 -1766.164659 -1360.246783 -0.559164 0.522968 -0.643304 0.825639 0.280884 -0.489310 -0.075200 -0.804741 -0.588843
39.702706 -22.839858 2043.569910 -1921.564724 -0.475955 0.712842 -0.515096 0.836983 0.187301 -0.514177 -0.270049 -0.675851 -0.685783
29.931938 -25.349042 3411.648631 -969.329377 -0.354051 0.833565 -0.424049 0.898071 0.176494 -0.402886 -0.260990 -0.523468 -0.811089
21.876327 -27.059685 6073.684323 2155.035820 0.747480 -0.534632 -0.394262 0.526547 0.838701 -0.139026 0.404996 -0.103678 0.908421
4.758958 -22.861531 2785.091303 1904.527534 0.732106 -0.571521 -0.370656 0.529131 0.819805 -0.218952 0.429001 -0.035829 0.902593
14.631514 -32.410766 6169.140546 1644.628366 0.749746 -0.514049 -0.416696 0.557993 0.829618 -0.019466 0.355705 -0.217918 0.908838
-8.914488 -26.880141 -414.377264 472.808396 -0.492336 0.746564 -0.447490 -0.779461 -0.606962 -0.155041 0.387358 -0.272469 -0.880747
-9.556055 -27.228651 -378.943105 -412.789792 -0.475908 0.770813 -0.423507 -0.736394 -0.612516 -0.287312 0.480869 -0.175134 -0.859124
-7.910690 -28.056345 -384.661160 -376.119723 -0.473085 0.754557 -0.454791 -0.722879 -0.627538 -0.289209 0.503623 -0.191939 -0.842332
-10.283040 -27.288628 -26.256825 170.801815 -0.500811 0.774179 -0.387086 -0.779820 -0.597628 -0.186338 0.375592 -0.208537 -0.903019
-7.301885 -27.467280 -397.749949 490.626381 -0.474626 0.736364 -0.482180 -0.769692 -0.612965 -0.178460 0.426971 -0.286428 -0.857703
-7.708477 -25.369712 -498.060015 -1204.243950 -0.475111 0.738112 -0.479020 0.817420 0.571744 0.070240 0.325722 -0.358188 -0.874989
-10.150853 -26.173889 -229.817944 912.429783 -0.504542 0.760564 -0.408631 -0.809429 -0.581370 -0.082662 0.300435 -0.289051 -0.908949
-9.011720 -23.894039 -478.919563 -1169.829626 -0.482130 0.750051 -0.452741 0.831340 0.554740 0.033728 0.276452 -0.360120 -0.891004
0.692069 -21.960910 -1340.087100 -1155.867774 0.547778 -0.756479 0.357322 0.808264 0.368252 -0.459457 0.215985 0.540490 0.813155
3.501148 -22.167743 -2543.305414 -740.838555 0.615722 -0.711108 0.339427 0.745660 0.386591 -0.542713 0.254708 0.587258 0.768278
2.321939 -127.172607 390.784342 -5083.542942 0.681682 0.509030 0.525545 0.070539 0.669232 -0.739698 -0.728240 0.541310 0.420297
2.928641 -178.394760 403.551053 -16508.949729 0.659865 0.493210 0.566852 0.246647 0.570428 -0.783439 -0.709749 0.656777 0.254757
2.897611 -187.443682 678.335621 8410.594186 0.644800 0.478620 0.595949 -0.565560 -0.225734 0.793213 -0.514174 0.848509 -0.125135
-5.693629 -104.236008 477.060026 -10484.880884 -0.664626 -0.571746 -0.481019 -0.603275 0.790458 -0.106002 0.440831 0.219735 -0.870278
-4.273428 -71.035157 196.453508 -601.314858 -0.691466 -0.551059 -0.467128 -0.481148 0.833635 -0.271200 0.538862 0.037232 -0.841571
-2.495814 -68.591235 781.980335 -1926.466001 -0.705091 -0.544205 -0.454629 -0.488226 0.837522 -0.245343 0.514278 0.048973 -0.856224
-5.449739 -75.867674 32.808906 -687.760432 -0.679505 -0.545066 -0.491097 -0.530521 0.827400 -0.184272 0.506774 0.135323 -0.851391
-2.076632 -115.625095 218.142231 -15130.981301 -0.677484 -0.550478 -0.487843 -0.575066 0.809939 -0.115315 0.458601 0.202418 -0.865281
-4.752048 -185.391874 22.151555 26063.785157 0.643711 0.564883 0.516277 0.706959 -0.697244 -0.118571 0.292993 0.441313 -0.848174
-6.650585 -161.641984 -695.340056 19554.566721 0.632358 0.589816 0.502235 0.734737 -0.662117 -0.147519 0.245529 0.462296 -0.852055
-6.419037 -106.929426 139.615244 -8494.768131 -0.657809 -0.562331 -0.501070 -0.636669 0.770593 -0.028982 0.402418 0.299951 -0.864921
-3.323452 -58.834739 -1380.664556 -966.763582 0.816842 0.557299 0.148953 -0.452858 0.459557 0.764020 -0.357335 0.691539 -0.627762
-7.349055 -53.956913 -463.506057 -1783.112210 0.796472 0.564527 0.216660 -0.573381 0.591331 0.567065 -0.192006 0.575880 -0.794667
-5.088795 -52.232123 -822.161245 -1431.135336 0.799309 0.578261 0.163462 -0.546059 0.585394 0.599278 -0.250850 0.568268 -0.783675
-8.817946 -60.601133 -1084.770063 -1375.474901 0.799731 0.567479 0.195954 -0.503842 0.456921 0.733053 -0.326457 0.684975 -0.651334
-2.375188 -52.517356 -1067.927625 -1109.449331 0.830855 0.547291 0.100756 -0.460491 0.574508 0.676675 -0.312453 0.608616 -0.729356
3.281571 -56.279705 -1428.379372 -311.391017 0.842519 0.533205 0.076515 -0.352642 0.438593 0.826607 -0.407193 0.723414 -0.557553
2.888498 -58.129249 -2004.160829 510.186212 0.827723 0.555191 0.081476 -0.286074 0.292599 0.912440 -0.482739 0.778556 -0.401016
-5.660821 -62.146494 -1712.580881 -612.185911 0.814028 0.564036 0.138644 -0.358294 0.299760 0.884177 -0.457148 0.769420 -0.446104
-16.867063 -20.434856 -361.842800 -276.682309 0.839023 -0.521733 0.154382 0.542643 0.781680 -0.307433 -0.039721 -0.341718 -0.938963
-16.237340 -19.862028 -395.294357 -319.372462 0.753997 -0.643218 0.133262 0.654604 0.718894 -0.233849 -0.054615 -0.263556 -0.963097
-16.655271 -22.248198 -34.568514 20.041108 -0.629854 0.734947 -0.251270 0.773892 0.621368 -0.122446 0.066140 -0.271579 -0.960141
-14.015056 -18.795528 -1374.766014 -77.841872 0.965136 -0.256318 -0.053045 0.222460 0.910036 -0.349781 -0.137928 -0.325786 -0.935329
-17.337507 -22.128014 303.761902 -34.443780 0.824976 -0.506940 0.249852 0.563168 0.774517 -0.288036 0.047498 -0.378332 -0.924451
-15.181089 -19.904149 -1476.197458 79.798665 0.984754 -0.162343 -0.062483 0.123194 0.904460 -0.408381 -0.122811 -0.394457 -0.910671
-16.680166 -20.943431 -804.553022 72.346028 0.971012 -0.234845 0.044526 0.230371 0.869780 -0.436363 -0.063750 -0.433971 -0.898668
-23.437024 -39.077075 -234.795558 -604.017845 -0.439081 0.108521 0.891869 0.716933 0.640607 0.275009 -0.541494 0.760162 -0.359080
-23.287613 -38.468332 -391.531553 -813.430696 -0.448661 0.214788 0.867507 0.696069 0.692797 0.188465 -0.560527 0.688403 -0.460339
-23.114332 -37.194839 -329.283262 -978.117775 -0.416703 0.128463 0.899920 0.636748 0.747778 0.188098 -0.648777 0.651403 -0.393399
-20.271988 -59.339947 1427.128422 -9288.939776 0.119286 -0.121490 0.985399 0.980471 -0.141885 -0.136183 0.156358 0.982400 0.102192
-16.020066 -122.032302 901.910776 -13485.834885 0.363215 -0.187796 0.912583 0.902512 -0.172349 -0.394674 0.231401 0.966969 0.106889
-2.588931 -22.140384 -580.412590 -959.969974 -0.525481 0.698230 -0.486153 -0.269655 0.405265 0.873525 -0.806942 -0.590115 0.024678
-3.552633 -16.953540 -755.127512 -743.697623 -0.455849 0.596349 -0.660734 -0.432914 0.500068 0.750012 -0.777681 -0.627933 -0.030212
-1.198493 -14.343801 91.723130 -1308.611821 -0.365956 0.536365 -0.760518 -0.556831 0.528583 0.640733 -0.745665 -0.657960 -0.105226
7.660986 -47.736148 1605.984084 -3529.230942 0.381966 0.924163 0.004933 -0.625409 0.254550 0.737610 -0.680416 0.284827 -0.675209
22.667123 -51.285784 3517.966813 -2308.429976 0.299868 0.949213 0.095260 -0.547869 0.089606 0.831752 -0.780973 0.301606 -0.546914
13.856301 -40.282081 2349.011348 -2902.765210 0.232872 0.964746 0.122619 -0.736339 0.092549 0.670254 -0.635276 0.246373 -0.731932
0.943370 -28.885991 -390.571946 93.246336 0.367599 -0.069279 0.927400 -0.444939 0.862580 0.240800 -0.816640 -0.501154 0.286258
1.521075 -29.159271 -167.668155 233.615494 0.369712 -0.032680 0.928572 -0.460315 0.861676 0.213601 -0.807108 -0.506406 0.303528
2.325604 -30.056335 -212.216059 316.933498 0.372683 -0.060565 0.925980 -0.535521 0.800899 0.267916 -0.757842 -0.595729 0.266048
1.972127 -29.885789 -109.621919 472.328261 0.383323 -0.075105 0.920556 -0.510175 0.813622 0.278820 -0.769925 -0.576522 0.273563
3.721466 -29.667586 44.705258 -206.201149 -0.390925 0.097538 -0.915240 0.609801 -0.717378 -0.336915 -0.689435 -0.689822 0.220962
-0.041439 -35.976243 198.526718 -1181.049023 0.419743 -0.369333 0.829101 0.081355 0.925099 0.370909 -0.903990 -0.088235 0.418351
0.497735 -33.935552 -137.714946 -1362.473732 0.410853 -0.346587 0.843254 0.006372 0.925992 0.377488 -0.911679 -0.149719 0.382656
1.821257 -29.817394 -259.286341 -697.505547 0.403868 -0.314353 0.859112 -0.105059 0.916957 0.384907 -0.908765 -0.245709 0.337304
1.938072 -28.377703 -101.126498 -510.739667 0.411614 -0.314695 0.855302 -0.172231 0.894719 0.412085 -0.894936 -0.316929 0.314079
-4.458353 -54.327135 1246.753676 309.375553 0.677065 -0.395948 -0.620329 0.728827 0.243995 0.639748 -0.101949 -0.885264 0.453778
-0.903543 -57.005388 -186.486754 -92.093228 0.669905 -0.423213 -0.610015 0.729129 0.220084 0.648024 -0.139998 -0.878894 0.456012
-0.352744 -42.692217 363.118148 -664.016441 0.270247 -0.472176 0.839057 0.806703 -0.364655 -0.465034 0.525545 0.802544 0.282359
-5.857081 -19.243189 463.741915 -1653.221687 0.992912 -0.031594 -0.114576 -0.021286 0.901164 -0.432955 -0.116930 -0.432325 -0.894104
-6.663326 -14.239384 303.772247 -860.608364 0.989891 -0.136749 -0.037631 0.101323 0.867478 -0.487047 -0.099247 -0.478311 -0.872564
-8.237841 -17.021518 416.311589 -904.708556 0.963362 -0.268041 -0.009385 0.229087 0.840547 -0.490918 -0.139475 -0.470781 -0.871155
-7.537596 -22.345336 533.005582 -1232.855000 0.984206 -0.148139 -0.096920 0.097248 0.909914 -0.403237 -0.147924 -0.387443 -0.909949
-8.784217 -17.379332 515.416057 413.164386 0.797878 -0.574084 0.183899 0.576562 0.637692 -0.510809 -0.175976 -0.513592 -0.839795
-10.432012 -20.665817 490.691991 -568.025796 0.913507 -0.406037 0.025291 0.363753 0.787376 -0.497717 -0.182178 -0.463867 -0.866971
-7.895261 -23.567337 442.094832 -289.608609 -0.231685 0.364648 -0.901862 -0.457005 0.777614 0.431814 0.858760 0.512200 -0.013515
-13.111050 -32.428219 187.797251 1390.660917 0.272669 -0.178669 0.945372 0.886961 0.427386 -0.175049 -0.372763 0.886238 0.275008
-10.182075 -29.124717 -1536.543221 828.506295 0.233566 -0.098637 0.967325 0.922645 0.336462 -0.188469 -0.306878 0.936517 0.169592
16.334231 -26.944869 -5878.583077 729.283958 0.119653 -0.043627 0.991857 0.933035 0.346374 -0.097321 -0.339308 0.937081 0.082150
8.251984 -31.148361 -4428.018551 1047.062891 0.205025 0.020166 0.978549 0.861852 0.470118 -0.190263 -0.463871 0.882373 0.079005
-2.945428 -78.086622 -74.105894 41.052050 0.231760 0.062680 -0.970752 0.890812 -0.414600 0.185905 -0.390821 -0.907843 -0.151923
-3.996057 -81.381623 441.026295 1327.902131 0.219969 0.093126 -0.971052 0.832287 -0.537143 0.137022 -0.508833 -0.838335 -0.195662
-3.835939 -77.393090 -226.249995 1423.139109 0.200237 0.073059 -0.977020 0.745590 -0.658306 0.103580 -0.635610 -0.749197 -0.186289
-3.568732 -95.025317 331.161833 -3848.768261 0.278227 0.077563 -0.957379 0.924094 -0.293488 0.244777 -0.261993 -0.952811 -0.153331
-2.838541 -72.849874 -364.623187 2197.514446 0.230446 0.056495 -0.971444 0.833013 -0.527469 0.166932 -0.502976 -0.847694 -0.168614
-2.402732 -73.672664 -173.571080 -223.161276 0.254076 0.060505 -0.965290 0.927726 -0.297410 0.225547 -0.273440 -0.952831 -0.131697
-2.470426 -94.802617 123.711659 -5078.024844 0.274959 0.069196 -0.958963 0.953985 -0.143735 0.263161 -0.119627 -0.987194 -0.105533
6.115560 -50.406750 869.167641 -2729.506410 0.552635 0.108456 -0.826336 0.785512 -0.399112 0.472949 -0.278506 -0.910465 -0.305757
1.424084 -52.624944 475.253744 -3043.842121 0.449421 0.175580 -0.875895 0.822512 -0.463906 0.329037 -0.348560 -0.868311 -0.352905
0.067747 -40.616868 487.875683 -404.240530 0.464884 0.148329 -0.872858 0.772305 -0.550007 0.317863 -0.432930 -0.821882 -0.370245
4.287459 -37.936146 914.054600 72.315123 0.573922 0.081080 -0.814887 0.729310 -0.503188 0.463583 -0.372454 -0.860365 -0.347923
-1.727941 -8.692235 -549.743783 2086.887237 -0.847483 0.528702 0.047410 0.520596 0.845281 -0.120333 -0.103695 -0.077299 -0.991601
1.755924 -6.857875 -1043.555048 2189.541869 -0.989005 0.108115 0.100900 0.100872 0.992118 -0.074339 -0.108142 -0.063343 -0.992115
-2.641462 -14.391653 -642.602263 2544.176496 -0.958413 0.270985 0.089511 0.261049 0.959183 -0.108725 -0.115320 -0.080836 -0.990034
-5.243395 -17.202023 -182.643407 2347.060882 -0.851466 0.520293 0.065571 0.505634 0.847697 -0.160449 -0.139065 -0.103462 -0.984864
-4.541972 -7.295809 510.714344 464.340212 0.598133 0.780586 -0.181447 -0.761669 0.624122 0.174161 -0.249193 -0.034031 -0.967856
0.471720 -16.667901 -282.238260 -65.017888 0.237767 0.957480 0.163399 0.802764 -0.288413 0.521907 -0.546842 -0.007079 0.837206
-1.964375 -14.917900 -439.059200 -207.782800 0.261068 0.949718 0.172854 0.782631 -0.313063 0.538034 -0.565095 0.005183 0.825010
-4.869194 -61.699253 -1673.933019 -4782.242348 0.944414 -0.281814 0.169304 0.135757 0.803317 0.579872 0.299421 0.524654 -0.796922
-14.470942 -41.464879 -925.892995 -1762.061923 0.937414 -0.090234 0.336323 -0.079454 0.884937 0.458883 0.339031 0.456886 -0.822383
-16.101740 -49.416688 2468.211748 -1511.738178 0.783190 -0.609162 0.124636 -0.590247 -0.665354 0.457070 0.195503 0.431538 0.880655
-11.659425 -49.847768 2587.999327 -5410.877587 0.746641 -0.659067 0.090318 -0.544157 -0.527002 0.652810 0.382648 0.536562 0.752118
13.031160 -28.774526 205.100789 -41.844770 -0.541441 0.839918 -0.037142 -0.245596 -0.200261 -0.948461 0.804068 0.504413 -0.314710
-2.665684 -27.039488 -360.135945 -830.677003 -0.127848 0.930012 -0.344576 -0.140588 -0.360913 -0.921942 0.981779 0.069425 -0.176891
-3.236134 -27.410067 -282.748338 -797.453336 -0.150304 0.916907 -0.369717 -0.209029 -0.394984 -0.894592 0.966290 0.057179 -0.251028
0.937253 -30.416033 654.946019 -286.063919 -0.528325 0.791356 -0.307618 0.437076 -0.057121 -0.897609 0.727900 0.608682 0.315704
-0.753443 -29.910375 693.482809 638.560833 -0.519084 0.793009 -0.318888 0.306496 -0.175579 -0.935539 0.797880 0.583361 0.151914
0.893366 -30.368495 963.721460 424.123729 -0.550168 0.784065 -0.287328 0.317764 -0.121625 -0.940337 0.772232 0.608645 0.182233
-1.916437 -30.286314 283.297353 -116.877642 -0.485001 0.808075 -0.334348 0.435947 -0.108027 -0.893466 0.758106 0.579090 0.299884
1.641794 -30.452458 629.757303 -196.475187 -0.559622 0.788364 -0.255551 0.410261 -0.004389 -0.911957 0.720076 0.615194 0.320979
3.870452 -28.581869 183.727793 -753.511851 -0.549630 0.796859 -0.250844 0.509489 0.081772 -0.856583 0.662064 0.598606 0.450935
2.144253 -29.712166 192.332569 -853.905029 -0.515617 0.803408 -0.297783 0.545423 0.039730 -0.837219 0.660798 0.594102 0.458683
10.746906 -57.731940 345.756357 -4101.592463 -0.417905 0.904047 -0.089749 0.900935 0.399688 -0.169015 -0.116926 -0.151490 -0.981519
11.252774 -47.237262 485.224019 4224.227451 -0.449558 0.889566 -0.081055 -0.851928 -0.399712 0.338303 -0.268544 -0.221140 -0.937540
11.562553 -53.035701 1272.520687 -4297.155326 -0.419752 0.903017 -0.091478 0.901518 0.403112 -0.157374 -0.105235 -0.148527 -0.983293
10.115867 -54.639018 -439.890062 5067.786027 -0.443453 0.891697 -0.090693 -0.860681 -0.395405 0.320752 -0.250154 -0.220296 -0.942811
11.405126 -56.561048 738.618934 169.973788 -0.395530 0.913741 -0.092915 -0.913314 -0.401986 -0.065310 0.097027 -0.059029 -0.993530
9.316755 -60.049096 -288.602548 -892.198528 -0.395291 0.911722 -0.111837 0.917791 0.396991 -0.007587 0.037481 -0.105642 -0.993698
5.534715 -62.519156 817.657798 -2.320589 -0.251268 0.967243 -0.036135 0.328735 0.120392 0.936717 -0.910384 -0.223488 0.348217
6.216901 -63.275962 1026.275597 -653.362307 -0.254394 0.967065 0.008342 0.104001 0.018780 0.994400 -0.961492 -0.253837 0.105353
2.302626 -60.426313 998.464048 -261.349293 -0.232431 0.971884 -0.037656 0.146737 0.073313 0.986455 -0.961480 -0.223757 0.159651
2.127853 -57.460267 1088.017861 -631.292903 -0.231683 0.972765 0.007132 -0.081871 -0.026804 0.996282 -0.969340 -0.230238 -0.085851
2.573288 -59.284861 486.641179 240.592934 -0.250742 0.965635 -0.068395 0.351882 0.156735 0.922829 -0.901836 -0.207325 0.379089
-0.944792 -58.545469 688.393053 -523.823173 -0.237353 0.969947 -0.053537 -0.034788 0.046590 0.998308 -0.970800 -0.238814 -0.022684
-0.423260 -60.025027 434.539297 -342.372278 -0.250259 0.964701 -0.081985 0.177850 0.129045 0.975560 -0.951704 -0.229562 0.203867
-4.109888 -58.050817 -244.363097 1347.563844 -0.353466 0.922646 -0.154228 0.683229 0.367245 0.631133 -0.638952 -0.117712 0.760187
-1.331464 -52.498461 319.262184 1496.354596 -0.300604 0.941168 -0.154403 0.765845 0.334683 0.549061 -0.568435 -0.046801 0.821396
-3.025152 -58.402441 435.583769 1503.738476 -0.315912 0.934250 -0.165455 0.626101 0.336301 0.703491 -0.712879 -0.118650 0.691177
-1.312828 -55.632964 838.945866 1402.029177 -0.265273 0.948249 -0.174511 0.687824 0.312953 0.654950 -0.675669 -0.053707 0.735246
-2.646226 -60.210050 1126.499483 1208.467115 -0.258648 0.946530 -0.192825 0.523952 0.305171 0.795201 -0.811527 -0.104646 0.574869
16.864792 -29.251653 1322.815761 -44.089935 -0.339686 0.826300 -0.449269 0.940128 0.312414 -0.136224 0.027796 -0.468644 -0.882950
6.676350 -63.563479 -252.949967 2119.454091 0.850089 0.289581 0.439877 -0.195621 -0.601864 0.774269 -0.488960 0.744246 0.454989
10.490338 -61.056434 -570.876948 2197.655935 0.838952 0.312479 0.445552 -0.075964 -0.743462 0.664450 -0.538878 0.591288 0.599992
4.498683 -69.842587 104.179917 1429.020349 0.825338 0.247503 0.507503 -0.298345 -0.571939 0.764118 -0.479382 0.782067 0.398202
