10515
21017
-40.752405 -58.763342 -264.819491 -2206.347737 0.888225 0.305931 0.342728 -0.417595 0.226689 0.879902 -0.191496 0.924672 -0.329106
-25.472461 -59.230153 2306.176571 -4525.794325 0.937407 0.173627 0.301865 -0.345950 0.365119 0.864296 -0.039848 0.914627 -0.402331
-34.376408 -50.703720 575.110796 -4128.240973 0.839957 0.319527 0.438604 -0.539336 0.402341 0.739756 -0.059904 0.857919 -0.510281
-21.461180 -55.238683 2586.174623 -7582.687183 0.923667 0.137551 0.357659 -0.375184 0.514502 0.771055 0.077956 0.846385 -0.526835
-38.950523 -56.773528 41.761117 2411.538624 0.683238 0.453017 0.572678 0.692699 -0.154025 -0.704588 -0.230984 0.878095 -0.419041
-34.221759 -49.996245 -356.259985 3311.946823 0.474665 0.560063 0.678986 0.864086 -0.149731 -0.480559 -0.167478 0.814806 -0.555015
-23.587489 -39.436916 2064.338788 -3861.512451 0.780660 0.294756 0.551079 -0.615736 0.513664 0.597510 0.106950 0.805772 -0.582489
-30.639058 -40.130608 456.076468 2891.043948 0.508882 0.527841 0.680017 0.860500 -0.289841 -0.418965 -0.024050 0.798358 -0.601702
-3.566467 -24.994263 -2168.766961 1121.253934 0.898875 0.036099 0.436716 -0.403387 0.457481 0.792458 0.171183 0.888486 -0.425780
4.169354 -26.754676 4004.744286 577.742621 0.949149 -0.171485 0.264024 -0.147445 0.498844 0.854058 0.278165 0.849557 -0.448193
4.613155 -28.920816 756.324433 771.057565 0.926693 -0.050491 0.372413 -0.276664 0.579018 0.766939 0.254357 0.813750 -0.522602
5.896143 -28.007983 -3438.922027 1004.488156 0.889191 0.053720 0.454372 -0.420006 0.489740 0.764035 0.181480 0.870212 -0.458035
3.446729 -24.089082 -4548.350253 1495.753056 0.855855 0.096844 0.508068 -0.504288 0.374498 0.778104 0.114916 0.922157 -0.369353
-8.085893 -19.493935 -2953.283794 1483.848421 0.869697 0.070794 0.488482 -0.481344 0.340689 0.807613 0.109246 0.937507 -0.330372
11.163702 -37.770093 76.161203 -840.646127 0.840977 0.520525 0.147685 -0.248289 0.128743 0.960093 -0.480739 0.844085 -0.237510
13.306818 -40.685095 1487.851053 -1153.236049 0.878846 0.462504 0.117132 -0.179965 0.093987 0.979173 -0.441862 0.881622 -0.165834
15.116639 -39.112438 98.686837 -998.690510 0.828041 0.530327 0.181939 -0.216286 0.002757 0.976326 -0.517271 0.847788 -0.116986
6.895752 -37.965090 -1538.411356 135.606927 0.755775 0.608133 0.242852 -0.316537 0.014623 0.948468 -0.573244 0.793700 -0.203548
8.018285 -36.223633 -1316.205063 828.111591 0.791387 0.584779 0.178161 -0.312397 0.136350 0.940115 -0.525467 0.799652 -0.290588
-1.460724 -30.443171 1207.265906 1127.163835 0.971389 0.141308 -0.190881 0.226102 -0.796187 0.561217 0.072672 0.588318 0.805357
-2.279053 -31.673441 1150.477385 -473.643058 0.975514 0.130864 -0.176770 0.216825 -0.706972 0.673184 0.036875 0.695029 0.718036
-6.383002 -29.337622 982.821490 1316.787637 0.983307 0.105342 -0.148356 0.169893 -0.823451 0.541354 0.065137 0.557523 0.827602
3.607466 -31.341494 1559.530922 43.198779 0.958693 0.172469 -0.226190 0.278544 -0.730340 0.623712 0.057625 0.660952 0.748212
-2.620237 -26.131708 1365.507022 1835.230546 0.968690 0.147673 -0.199578 0.223834 -0.867253 0.444715 0.107412 0.475463 0.873154
4.003945 -29.197234 2039.073406 1439.546939 0.954010 0.178786 -0.240626 0.280642 -0.814829 0.507241 0.105381 0.551443 0.827530
-1.581272 -68.764733 -1513.970505 -188.011770 0.766634 0.409021 0.494948 -0.641303 0.449754 0.621652 -0.031664 0.793992 -0.607103
-5.701933 -62.980956 -736.405776 3115.915169 0.781034 0.377503 0.497471 -0.597718 0.221153 0.770600 -0.180887 0.899212 -0.398368
-3.842941 -68.794484 -112.755608 1843.121794 0.818319 0.324791 0.474200 -0.572184 0.382250 0.725597 -0.054404 0.865099 -0.498642
-0.320381 -68.043761 -674.983408 4869.854847 0.902895 0.181233 0.389789 -0.066305 -0.837210 0.542848 -0.424717 0.515979 0.743896
-1.263925 -81.645182 -377.272426 4632.047932 0.907195 0.165144 0.386943 -0.151521 -0.729761 0.666701 -0.392478 0.663458 0.637012
-0.476322 -72.728490 -343.354928 3728.761271 0.910627 0.172822 0.375356 -0.047012 -0.859120 0.509610 -0.410547 0.481711 0.774213
0.253258 -57.728145 -440.620934 -4101.432438 0.909554 0.184254 0.372507 -0.015559 0.910812 -0.412528 -0.415294 0.369421 0.831300
0.408348 -57.766759 -320.707707 -1956.477249 0.909959 0.164471 0.380688 -0.035588 0.945573 -0.323458 -0.413168 0.280786 0.866286
1.212734 -63.718301 -81.036436 -614.735543 0.923896 0.138535 0.356686 -0.030520 0.955869 -0.292203 -0.381425 0.259079 0.887352
0.494260 -70.977330 -103.678292 4290.295754 0.920537 0.198492 0.336471 -0.019634 -0.836702 0.547306 -0.390162 0.510422 0.766318
0.912508 -62.624399 116.116638 -2119.598815 0.925180 0.170819 0.338913 -0.025635 0.919073 -0.393252 -0.378661 0.355140 0.854688
-1.016247 -62.734237 191.049836 -553.605205 0.687800 0.522687 0.503715 -0.438589 0.852169 -0.285392 -0.578421 -0.024631 0.815367
-2.445084 -58.435861 530.411047 -1680.059433 0.687963 0.538684 0.486339 -0.574507 0.813692 -0.088588 -0.443451 -0.218460 0.869268
-1.497365 -59.880101 218.127393 -1542.956329 0.676950 0.548356 0.490962 -0.573836 0.810926 -0.114506 -0.460924 -0.204216 0.863623
-0.318002 -63.437807 127.865989 -1452.223133 0.675320 0.548506 0.493036 -0.505074 0.831090 -0.232785 -0.537441 -0.091816 0.838288
1.301726 -66.074270 148.606982 939.859810 0.685355 0.528668 0.500798 -0.328710 0.838256 -0.435059 -0.649799 0.133553 0.748282
0.806612 -64.323137 -64.766413 615.828781 0.686660 0.508993 0.519061 -0.266712 0.840591 -0.471456 -0.676286 0.185290 0.712955
-0.543080 -63.255198 392.619297 101.626518 0.706913 0.493152 0.507026 -0.257527 0.847100 -0.464868 -0.658752 0.198049 0.725826
20.393948 -36.891188 -1493.962368 -3.369368 0.918653 0.267200 -0.291000 0.231102 0.233955 0.944382 -0.320419 0.934810 -0.153173
15.676443 -35.820312 -413.609194 232.546878 0.903292 0.284688 -0.320962 0.299778 0.116361 0.946886 -0.306915 0.951532 -0.019765
20.884123 -36.266296 846.028660 323.425155 0.896431 0.284532 -0.339782 0.290455 0.201884 0.935350 -0.334734 0.937168 -0.098331
21.291474 -37.076263 -87.584322 -248.882448 0.892780 0.295889 -0.339696 0.234568 0.338442 0.911282 -0.384606 0.893256 -0.232748
-8.186095 -75.813823 -463.146023 -2010.087608 -0.067564 0.909656 -0.409831 -0.896206 0.125187 0.425609 -0.438463 -0.396049 -0.806781
-5.390534 -65.216336 -508.233591 1142.060130 -0.131918 0.915091 -0.381060 0.964599 0.029948 -0.262014 -0.228354 -0.402135 -0.886646
-2.608559 -68.174519 -1422.852361 2047.031440 -0.126714 0.901624 -0.413542 0.913862 -0.056013 -0.402142 -0.385745 -0.428878 -0.816863
-5.306074 -79.276820 -813.165666 -3384.511754 -0.057342 0.899177 -0.433812 -0.795194 0.221593 0.564414 -0.603637 -0.377329 -0.702314
-8.725806 -86.331289 -208.488644 -3515.059129 -0.033116 0.908946 -0.415598 -0.780210 0.236374 0.579137 -0.624641 -0.343432 -0.701341
-13.330764 -38.861106 1166.869924 -821.107497 0.531046 0.448849 0.718697 0.843333 -0.197549 -0.499764 -0.082341 0.871498 -0.483437
-14.230674 -36.856697 1323.626161 -2702.114187 0.468037 0.478076 0.743226 0.882374 -0.206615 -0.422761 -0.048551 0.853671 -0.518545
-14.413487 -37.086303 881.070701 -703.202057 0.560961 0.481638 0.673311 0.816764 -0.189384 -0.545005 -0.134980 0.855663 -0.499621
-13.117426 -37.295326 261.198707 2139.130096 0.559077 0.473080 0.680902 0.816079 -0.168924 -0.552702 -0.146451 0.864673 -0.480512
-14.015377 -36.261082 135.997936 1452.117400 0.593645 0.523364 0.611290 0.773031 -0.159785 -0.613915 -0.223627 0.836994 -0.499432
-14.467408 -35.403583 -139.120876 -512.217251 0.523247 0.564097 0.638754 0.830549 -0.169756 -0.530444 -0.190790 0.808070 -0.557335
0.572910 -126.268974 -225.217203 -509.650823 -0.274450 0.888431 -0.367924 0.574682 -0.155232 -0.803519 0.770985 0.431965 0.467962
-0.158858 -118.878773 588.626391 -2673.145177 -0.313459 0.878176 -0.361318 0.629102 -0.092973 -0.771742 0.711318 0.469215 0.523319
0.911013 -135.205206 369.028075 -3341.199700 -0.320592 0.881948 -0.345527 0.347142 -0.230004 -0.909170 0.881313 0.411419 0.232424
-0.582944 -115.670413 -113.381536 -1596.861352 -0.265340 0.888439 -0.374528 0.795913 -0.017404 -0.605160 0.544166 0.458665 0.702503
-2.263935 -129.739464 -684.936312 -440.104644 -0.236247 0.890424 -0.389014 0.791338 -0.056021 -0.608806 0.563889 0.451671 0.691392
-19.849996 -37.663949 1131.935843 -130.603277 0.864557 0.473248 -0.169046 -0.046532 0.410330 0.910749 -0.500375 0.779529 -0.376775
-20.767275 -36.732986 275.220935 -347.897945 0.834767 0.505315 -0.218679 -0.098459 0.527755 0.843671 -0.541729 0.682738 -0.490306
-20.652133 -37.499220 -113.271517 -58.035189 0.812888 0.531977 -0.237094 -0.019152 0.431280 0.902015 -0.582105 0.728696 -0.360771
-19.819113 -36.860635 -1472.333467 167.929905 0.775989 0.558556 -0.293013 0.078238 0.375724 0.923423 -0.625875 0.739491 -0.247857
-20.254125 -37.478897 394.865769 176.353695 0.832624 0.498065 -0.242215 0.076323 0.329980 0.940898 -0.548554 0.801901 -0.236735
3.533853 -82.695388 545.004687 2669.502229 -0.083407 0.942624 -0.323269 0.946960 -0.026053 -0.320294 -0.310339 -0.332838 -0.890454
0.896484 -78.299641 911.679442 3384.013102 -0.082341 0.946324 -0.312557 0.993144 0.051804 -0.104791 -0.082975 -0.319042 -0.944101
0.261099 -86.856639 1317.578855 -4073.884090 -0.039184 0.953633 -0.298411 -0.940291 0.065861 0.333940 -0.338110 -0.293679 -0.894111
14.100840 -4.528300 -2003.395057 -2570.802124 -0.353914 0.811763 -0.464527 0.908733 0.180968 -0.376104 -0.221243 -0.555240 -0.801723
9.189958 -8.129034 -2949.244953 -2865.371026 -0.475488 0.750231 -0.459418 0.857543 0.278747 -0.432343 -0.196296 -0.599545 -0.775896
8.514151 -18.313804 -2213.518226 -5159.759213 -0.418500 0.793146 -0.442468 0.876910 0.226067 -0.424172 -0.236402 -0.565521 -0.790127
13.863672 -12.222367 -1210.311529 -4904.204620 -0.280923 0.857452 -0.431113 0.917166 0.107561 -0.383715 -0.282646 -0.503197 -0.816642
17.271703 -2.991158 684.942932 -2289.543194 -0.111881 0.909164 -0.401128 0.961657 -0.002656 -0.274242 -0.250396 -0.416430 -0.874007
-14.311592 -25.921257 -598.500188 -814.281622 0.451329 0.805915 0.383150 0.890617 -0.380008 -0.249790 -0.055709 0.453977 -0.889270
-12.075913 -23.040396 -407.627301 376.238272 0.704317 0.668360 0.239233 -0.699502 0.595988 0.394329 -0.120974 0.445077 -0.887284
-12.706816 -23.779541 -875.741187 -697.683969 0.574496 0.746164 0.336442 0.807747 -0.450402 -0.380373 -0.132286 0.490283 -0.861466
-10.485567 -71.072161 -484.356660 1554.383060 0.860965 0.225671 0.455863 0.462530 0.025610 -0.886234 0.211672 -0.973867 0.082330
-11.344844 -77.293769 -610.759564 2492.744629 0.854829 0.263702 0.446909 0.480032 -0.074787 -0.874057 0.197067 -0.961701 0.190516
-9.996815 -77.889285 -501.542619 2809.845859 0.866887 0.230387 0.442074 0.488242 -0.213365 -0.846224 0.100636 -0.949419 0.297448
11.684599 -205.794938 2302.047759 6370.057537 0.858315 0.127637 0.496995 -0.271169 -0.709441 0.650508 -0.435618 0.693110 0.574313
19.472166 -246.880012 4379.316589 10258.522522 0.859387 0.143727 0.490710 -0.210945 -0.774554 0.596295 -0.465785 0.615961 0.635324
16.379704 -245.228449 4087.941754 -7437.400408 0.853638 0.079829 0.514712 -0.432875 -0.440872 0.786289 -0.289691 0.894013 0.341789
30.297444 -683.669034 -3684.728456 -114970.041865 0.813254 0.198072 0.547162 -0.347453 -0.588986 0.729638 -0.466792 0.783494 0.410175
5.183309 -28.132621 3149.457122 -2580.544124 0.999202 -0.036495 0.016241 -0.025332 -0.893293 -0.448760 -0.030885 -0.447990 0.893505
-1.513487 -26.609118 1878.299230 -2192.508056 0.962460 0.245055 0.116695 0.271000 -0.843641 -0.463496 0.015133 -0.477721 0.878381
6.731970 -37.744003 1389.210435 -5374.776531 0.972294 0.184606 0.143406 0.231873 -0.839450 -0.491486 -0.029651 -0.511120 0.858998
12.988443 -39.955839 231.521138 -5207.617912 0.992272 -0.094519 0.080395 -0.052845 -0.908100 -0.415405 -0.112271 -0.407946 0.906077
-30.730539 -55.112400 29.330312 -313.513381 0.675949 0.337185 0.655286 0.510081 0.427706 -0.746247 0.531893 -0.838674 -0.117116
-19.813050 -58.162483 3471.267056 -618.326516 0.629610 0.492259 0.601060 0.506596 0.326430 -0.798000 0.589027 -0.806923 0.043853
-28.402773 -51.779194 1439.492411 -73.502342 0.733542 0.391323 0.555681 0.515687 0.212097 -0.830110 0.442699 -0.895478 0.046218
-33.030796 -51.172557 -562.921763 36.715184 0.761056 0.251587 0.597911 0.524253 0.304293 -0.795339 0.382037 -0.918755 -0.099689
15.763963 -137.319139 1269.695390 8522.899480 0.806784 0.388637 -0.445040 -0.083969 -0.670162 -0.737449 0.584849 -0.632332 0.508043
16.836248 -134.276354 -861.284459 10383.575097 0.858027 0.358216 -0.368062 -0.094125 -0.594819 -0.798330 0.504905 -0.719633 0.476654
17.940703 -130.675723 399.868536 14715.869688 0.822786 0.385037 -0.418056 -0.158685 0.861936 0.481545 0.545750 -0.329869 0.770288
13.286493 -141.958657 564.056266 20756.454428 0.834625 0.347867 -0.427071 -0.305077 -0.353613 -0.884243 0.458617 -0.868301 0.189008
16.395694 -150.122316 1691.361769 19214.124796 0.778310 0.392029 -0.490456 -0.194517 0.893247 0.405305 0.596990 -0.220051 0.771480
-0.801461 -29.208943 207.506808 -2445.271183 0.985090 0.057173 -0.162259 -0.012658 -0.916519 -0.399790 0.171571 -0.395883 0.902131
-2.476844 -28.179726 281.156971 -1889.723710 0.980812 -0.018938 -0.194032 -0.099593 -0.904275 -0.415172 0.167596 -0.426530 0.888811
-3.142300 -33.672798 195.345462 -848.972369 0.984795 0.112339 -0.132509 0.021169 -0.834691 -0.550311 0.172425 -0.539139 0.824378
-3.656901 -34.493722 -71.756410 -785.948682 0.978900 0.167481 -0.117071 0.075180 -0.827917 -0.555789 0.190009 -0.535260 0.823039
-1.879150 -31.571832 -208.864340 -1787.919604 0.983838 0.124522 -0.128677 0.056207 -0.897052 -0.438336 0.170012 -0.424019 0.889553
-4.142840 -35.676566 -75.778303 -135.620386 0.980122 0.159308 -0.118243 0.044637 -0.757791 -0.650969 0.193308 -0.632751 0.749839
1.965228 -47.548253 -162.447390 163.204822 0.866658 0.292380 -0.404250 0.391024 0.105149 0.914354 -0.309845 0.950504 0.023199
0.791451 -46.291589 -39.501142 1009.976588 0.853991 0.283516 -0.436255 0.468904 -0.056062 0.881468 -0.225453 0.957327 0.180818
1.290113 -50.661409 -192.267234 535.472784 0.865151 0.294170 -0.406175 0.385964 0.126594 0.913787 -0.320228 0.947332 0.004016
0.379563 -92.098710 844.625530 -3794.935306 0.798239 0.180520 -0.574654 -0.156132 0.983437 0.092054 0.581753 0.016240 0.813203
-3.869378 -93.775042 1161.769295 1251.610724 0.784882 0.193635 -0.588613 -0.339455 0.929063 -0.147011 0.518392 0.315194 0.794936
-4.830855 -95.923134 550.139763 -5602.119473 0.794891 0.199859 -0.572892 -0.150293 0.979625 0.133218 0.587844 -0.019792 0.808732
-1.010800 -153.268869 760.585163 16216.247364 0.809761 0.542458 -0.223667 -0.071467 -0.287170 -0.955210 0.582391 -0.789476 0.193771
-2.407695 -127.308930 444.446502 8862.997423 0.813712 0.545313 -0.201261 -0.112751 -0.191593 -0.974977 0.570228 -0.816043 0.094417
-2.106515 -118.209121 763.708549 10471.791245 0.805350 0.564660 -0.180474 -0.214408 -0.006375 -0.976723 0.552667 -0.825299 -0.115933
-0.243086 -131.962561 319.387079 13457.714074 0.814170 0.552998 -0.176977 -0.230587 0.028212 -0.972643 0.532877 -0.832705 -0.150483
323.684634 -34.788076 -55340.838240 1107.264413 0.999147 0.034285 -0.023033 -0.008858 0.722551 0.691261 -0.040343 0.690467 -0.722238
479.488866 -7.838139 -50643.499936 -2706.989330 0.851489 -0.504037 0.144612 0.204586 0.573254 0.793425 0.482815 0.646008 -0.591239
521.109184 -33.381213 -92807.461089 -1246.549259 0.954036 0.289584 -0.077173 -0.156328 0.700570 0.696249 -0.255688 0.652183 -0.713639
3.577480 -67.458830 192.547662 -499.786577 0.795653 0.368104 -0.481077 -0.405814 0.913532 0.027829 0.449723 0.173085 0.876237
4.003622 -63.323212 106.228687 318.236031 0.791702 0.383643 -0.475422 -0.404153 0.912497 0.063320 0.458113 0.142013 0.877476
3.692772 -64.947101 453.054377 -527.125812 0.773746 0.403032 -0.488755 -0.319018 0.914447 0.249026 0.547306 -0.036761 0.836125
3.406771 -60.841610 14.661712 -753.552598 0.781203 0.408272 -0.472266 -0.270227 0.903106 0.333732 0.562760 -0.133094 0.815835
2.436548 -60.822557 78.576067 -219.047680 0.775648 0.418214 -0.472724 -0.195990 0.871537 0.449457 0.599965 -0.255971 0.757971
-2.102293 -237.086572 -2605.591577 30867.805214 0.829419 0.331928 -0.449320 -0.469984 -0.020144 -0.882445 0.301960 -0.943090 -0.139293
-5.098142 -191.559031 -1457.605335 12524.755525 0.830359 0.358773 -0.426363 -0.396161 -0.157992 -0.904486 0.391867 -0.919957 -0.010942
-0.848028 -563.542049 -4773.464206 134467.342571 0.843736 0.356214 -0.401524 -0.300276 -0.306803 -0.903164 0.444909 -0.882600 0.151898
-3.441090 -258.794052 108.916138 13255.949907 0.821605 0.407772 -0.398355 -0.307949 -0.270576 -0.912116 0.479721 -0.872073 0.096734
1.880201 -321.869029 -2961.091403 34887.242267 0.804563 0.345190 -0.483241 -0.517295 0.007683 -0.855773 0.291692 -0.938501 -0.184746
-1.713393 -297.425935 -1596.033802 40827.403975 0.839959 0.453343 -0.298242 0.005557 -0.556760 -0.830655 0.542621 -0.696059 0.470175
-26.005213 -228.925734 2235.916983 -48870.830955 0.901717 -0.073261 -0.426074 0.066502 0.997313 -0.030742 0.427181 -0.000615 0.904166
-42.334543 -116.550078 -3371.749582 -21859.263552 0.938989 0.119351 -0.322576 -0.104967 0.992560 0.061693 0.327539 -0.024069 0.944531
1.062708 -452.818612 -306.107092 -100082.187409 0.804153 0.244818 -0.541667 -0.303882 0.952486 -0.020644 0.510876 0.181204 0.840340
-1.212439 -58.104292 590.382751 3127.265752 0.757245 0.336683 -0.559665 -0.589624 -0.016185 -0.807516 0.280935 -0.941479 -0.186260
-2.972492 -54.971297 243.390434 1111.085622 0.745386 0.326553 -0.581173 -0.637605 0.094773 -0.764512 0.194574 -0.940415 -0.278855
0.833000 -55.888872 1198.769106 799.203920 0.762775 0.347804 -0.545166 -0.600673 0.068832 -0.796526 0.239510 -0.935037 -0.261420
-2.831385 -55.233175 -38.046177 -1407.289267 0.787074 0.404973 -0.465307 -0.114964 0.837403 0.534358 0.606051 -0.367086 0.705656
-2.584887 -52.319018 -305.816794 -1909.380222 0.792397 0.427449 -0.435195 -0.107596 0.800180 0.590029 0.600441 -0.420713 0.680052
-1.933607 -49.583627 -199.322304 -445.109543 0.790098 0.414124 -0.451936 -0.073537 0.795987 0.600830 0.608553 -0.441480 0.659362
-2.171843 -55.553530 559.490727 -1046.522100 0.767535 0.413394 -0.489892 -0.092995 0.827982 0.552990 0.634225 -0.378882 0.673949
15.938561 -201.641590 736.823990 -27950.013832 0.916463 0.062842 0.395153 -0.111524 -0.908331 0.403108 -0.384262 0.413503 0.825444
-9.216546 -171.923088 1158.565686 -29709.831440 0.810939 -0.141819 0.567684 -0.479826 -0.716428 0.506456 -0.334880 0.683095 0.649028
-15.207302 -155.524354 -756.686127 -26650.834085 0.923806 0.066490 0.377044 -0.231596 -0.687147 0.688616 -0.304870 0.723469 0.619392
9.005136 -14.846248 70.802176 882.193373 0.982070 0.096026 -0.162224 0.036986 -0.941963 -0.333672 0.184850 -0.321689 0.928626
7.361405 -17.551355 597.074878 1494.568853 0.973557 0.108883 -0.200828 0.048466 -0.957540 -0.284198 0.223245 -0.266949 0.937497
5.942008 -13.286118 1002.822280 962.298266 0.967897 0.111385 -0.225321 0.031357 -0.942954 -0.331444 0.249385 -0.313738 0.916174
-28.933714 -58.610377 1817.567567 1053.532364 0.916536 0.204510 0.343712 -0.374762 0.138968 0.916647 -0.139698 0.968950 -0.204011
-13.431606 -54.634410 6216.239863 2532.586900 0.905031 0.039259 0.423530 -0.424986 0.124383 0.896613 0.017480 0.991457 -0.129255
-8.824310 -59.190326 5500.082959 -5098.917028 0.921432 0.038265 0.386652 -0.369549 0.393627 0.841719 0.119989 0.918473 -0.376841
-35.896975 -51.960594 193.821010 -1183.335114 -0.673124 0.723603 -0.152650 0.733748 0.627720 -0.259963 -0.092289 -0.286994 -0.953476
-33.257120 -48.180789 386.438599 -1416.529239 0.718346 -0.695217 0.025542 0.658693 0.667877 -0.346502 -0.223836 -0.265733 -0.937701
-34.097491 -48.727963 -304.143145 -1600.339086 -0.674814 0.737513 -0.026478 0.725020 0.655833 -0.210309 -0.137740 -0.161117 -0.977276
-34.665336 -49.638115 -193.308538 -283.200366 0.726930 -0.683150 0.069852 0.634576 0.629379 -0.448548 -0.262462 -0.370390 -0.891025
-35.398787 -49.947996 -502.603861 -140.113473 -0.609511 0.781249 -0.134707 0.791083 0.610469 -0.038939 0.051813 -0.130298 -0.990120
-39.860560 -52.623475 -1758.043210 -163.409147 0.824659 -0.551788 0.124365 0.547731 0.724150 -0.419044 -0.141165 -0.413687 -0.899408
-40.311782 -53.901220 -1828.884721 -471.002852 0.737615 -0.626389 0.252113 0.674658 0.698942 -0.237310 0.027564 -0.345133 -0.938149
17.303208 -30.323747 6018.843295 145.327084 0.939298 -0.195948 0.281644 -0.108959 0.608025 0.786406 0.325341 0.769357 -0.549766
7.447692 -26.285234 6373.116049 550.317215 0.954430 -0.282430 0.096424 0.009283 0.351039 0.936315 0.298292 0.892752 -0.337663
18.938851 -29.210083 7917.759320 471.916510 0.946716 -0.253176 0.199075 -0.049677 0.495925 0.866943 0.318215 0.830638 -0.456923
15.583170 -41.197189 1474.855681 -385.751288 0.875126 0.465626 0.131711 -0.119728 -0.055374 0.991261 -0.468850 0.883248 -0.007289
-8.423977 -32.709541 1107.723962 89.488202 0.992044 0.074485 -0.101491 0.122978 -0.745798 0.654723 0.026924 0.661995 0.749024
0.070469 -28.310159 1437.910676 -1632.062725 0.968411 0.141265 -0.205487 0.249146 -0.582313 0.773846 0.010341 0.800597 0.599114
-5.212550 -31.879139 1367.323746 -1296.250938 0.986329 0.091684 -0.136929 0.163584 -0.645056 0.746420 0.019892 0.758615 0.651235
3.960008 -30.112664 1200.887046 -1419.773916 0.956051 0.185632 -0.226954 0.293117 -0.623778 0.724557 0.007068 0.759237 0.650775
-3.511674 -64.536396 -1078.874903 2278.898070 0.716836 0.418749 0.557490 -0.679584 0.240812 0.692947 -0.155921 0.875591 -0.457198
-7.327579 -56.435566 -985.822121 4073.860655 0.755479 0.393030 0.524193 -0.594856 0.076161 0.800216 -0.274585 0.916366 -0.291334
-8.329284 -55.004513 44.392475 3833.632153 0.794490 0.329264 0.510266 -0.539904 -0.001686 0.841725 -0.278010 0.944237 -0.176431
-0.467543 -69.180993 53.059160 5482.521701 0.915738 0.164559 0.366529 -0.061124 -0.844595 0.531905 -0.397098 0.509489 0.763370
-0.904081 -79.624195 -125.627770 5816.938022 0.909396 0.154240 0.386276 -0.147934 -0.748032 0.646965 -0.388734 0.645491 0.657440
-2.753377 -53.951344 -147.810306 2018.919228 -0.663287 -0.564320 -0.491521 0.671659 -0.738552 -0.058437 -0.330037 -0.368895 0.868903
-2.780136 -53.861041 162.347803 -1940.486932 0.673986 0.542986 0.500908 -0.624381 0.781092 -0.006585 -0.394830 -0.308319 0.865476
-2.676002 -47.668479 -56.813810 1705.697174 -0.649614 -0.568117 -0.505218 0.710121 -0.690755 -0.136328 -0.271531 -0.447327 0.852156
-2.497394 -53.145273 -90.900365 -1464.129247 0.666947 0.530079 0.523639 -0.592474 0.803448 -0.058708 -0.451837 -0.271087 0.849915
-2.755684 -49.657700 179.821822 1606.327712 -0.656704 -0.548211 -0.517885 0.669636 -0.739744 -0.066071 -0.346882 -0.390183 0.852895
17.514430 -36.005554 -1765.827760 609.998546 0.934418 0.245834 -0.257738 0.244896 0.082006 0.966075 -0.258631 0.965837 -0.016424
14.339311 -33.411988 -263.038469 723.038400 0.909411 0.283136 -0.304638 0.321811 -0.015053 0.946684 -0.263455 0.958962 0.104805
-3.847846 -61.497791 -425.061397 1681.465364 -0.148050 0.921968 -0.357849 0.988980 0.137902 -0.053871 -0.000319 -0.361881 -0.932224
2.501996 -57.503648 -2052.174976 1432.366069 -0.219465 0.896364 -0.385184 0.975433 0.193867 -0.104620 -0.019103 -0.398682 -0.916890
2.051015 -60.474578 -2341.376829 1003.495059 -0.204635 0.890788 -0.405736 0.959386 0.100299 -0.263666 -0.194175 -0.443213 -0.875133
-11.050645 -38.266792 803.009767 -2470.519480 0.484285 0.445183 0.753180 0.874905 -0.243415 -0.418677 -0.003052 0.861720 -0.507375
-4.796521 -107.167716 720.200596 -1319.012783 0.114981 -0.903406 0.413083 0.954008 0.216321 0.207543 -0.276854 0.370221 0.886729
-5.577241 -124.173283 994.050022 -3876.443543 0.157943 -0.899766 0.406785 0.987161 0.153819 -0.043054 -0.023833 0.408363 0.912509
-5.047171 -112.577028 816.025702 -4216.345395 0.110757 -0.898200 0.425405 0.943711 0.229284 0.238409 -0.311677 0.375054 0.873036
-3.205694 -107.441030 -1.138185 -1600.067126 0.172440 -0.888254 0.425757 0.984954 0.150472 -0.084996 0.011433 0.434008 0.900836
-5.116189 -101.401484 -897.196694 -1434.785757 -0.090264 0.904389 -0.417054 0.842428 0.292691 0.452379 -0.531194 0.310505 0.788302
-3.638068 -101.068100 -314.471911 -197.266108 0.115717 -0.889700 0.441638 0.958536 0.216595 0.185188 -0.260419 0.401897 0.877873
-4.332493 -101.106329 -47.829916 64.560189 -0.095734 0.895527 -0.434588 0.842716 0.305281 0.443433 -0.529778 0.323783 0.783901
-18.893352 -36.357098 1285.128164 -536.739682 0.879725 0.445454 -0.166296 -0.110359 0.531478 0.839853 -0.462499 0.720487 -0.516714
0.940549 -17.168871 -1502.410139 -3210.730334 -0.647880 0.681829 -0.339647 0.739998 0.457582 -0.492973 -0.180707 -0.570725 -0.801010
-15.888920 -29.707092 -481.047891 -1063.491269 0.311085 0.854405 0.416194 0.949058 -0.302391 -0.088596 0.050156 0.422553 -0.904949
-17.100784 -33.725207 -374.268955 -925.607718 0.221658 0.875454 0.429474 0.957742 -0.278244 0.072875 0.183298 0.395172 -0.900134
-16.005058 -30.842717 -501.681667 -1016.748598 0.353480 0.855324 0.378778 0.929949 -0.365125 -0.043343 0.101229 0.367565 -0.924472
17.344093 -218.418137 -1645.524930 -21564.796093 0.731865 0.342835 0.588929 -0.350481 0.930535 -0.106151 -0.584412 -0.128720 0.801183
14.014067 -231.785100 -4436.630562 -44861.116131 0.686998 0.358427 0.632111 -0.542644 0.831602 0.118218 -0.483292 -0.424226 0.765807
66.950912 -426.580219 -11077.916012 -109090.492425 0.622416 0.485178 0.614167 -0.395101 0.872139 -0.288563 -0.675643 -0.063052 0.734528
24.906442 -281.926879 2463.322359 -29092.513716 0.818464 0.211972 0.534026 -0.035452 0.946318 -0.321288 -0.573463 0.244030 0.782042
18.160559 -200.136337 -1001.412166 -21900.682793 0.795027 0.300785 0.526744 -0.397893 0.914059 0.078596 -0.457835 -0.272074 0.846382
41.441175 -391.126021 25.410046 -43454.958839 0.704760 0.373452 0.603197 0.035384 0.830675 -0.555632 -0.708563 0.412931 0.572213
-77.329965 -654.663970 -15067.842088 -165725.242001 0.895281 0.162432 0.414835 0.430090 -0.072330 -0.899884 0.116165 -0.984065 0.134616
-22.365539 -331.812684 -8391.224870 -32757.542252 0.909050 0.138259 0.393082 0.348193 0.266141 -0.898850 0.228889 -0.953967 -0.193795
-89.899189 -312.311495 -18694.694392 11865.487921 0.873111 0.214675 0.437713 0.316045 0.434384 -0.843461 0.371205 -0.874771 -0.311419
-3.557555 -34.078573 2671.995605 -1224.205417 0.836676 0.521498 0.167374 0.538306 -0.726635 -0.426882 0.100998 -0.447260 0.888683
-9.349677 -24.682035 -1332.008720 1720.182342 0.716433 0.612887 0.333307 0.697333 -0.643623 -0.315398 -0.021221 -0.458388 0.888499
13.459216 -131.632326 -765.637302 17961.733152 0.873015 0.308733 -0.377529 -0.293515 -0.285601 -0.912294 0.389479 -0.907257 0.158716
14.008652 -123.640488 -1278.021801 12256.333270 0.886229 0.316993 -0.337807 -0.141831 -0.508526 -0.849285 0.441001 -0.800573 0.405711
1.392037 -24.318915 209.846800 -2012.625078 0.971063 -0.085499 -0.222994 -0.149929 -0.945043 -0.290544 0.185898 -0.315570 0.930515
-0.880454 -22.663902 631.111942 -2518.770603 0.959969 -0.130550 -0.247823 -0.202767 -0.934279 -0.293273 0.193249 -0.331783 0.923350
-4.633952 -24.610418 411.493699 -1628.512072 0.952841 -0.169686 -0.251595 -0.254131 -0.899297 -0.355923 0.165863 -0.403077 0.900010
-5.198355 -28.976522 176.369905 -691.002669 0.976881 -0.071763 -0.201378 -0.165131 -0.851551 -0.497587 0.135775 -0.519337 0.843715
-4.689995 -31.542277 624.108574 1244.482581 0.776933 0.574322 -0.257934 -0.248585 0.656240 0.712428 0.578430 -0.489391 0.652622
-5.743663 -31.318956 341.517049 1434.785399 0.794841 0.554153 -0.247268 -0.241154 0.662386 0.709288 0.556841 -0.504142 0.660128
-5.039544 -28.968826 705.327713 -59.994891 0.774980 0.577018 -0.257791 -0.164434 0.577958 0.799328 0.610220 -0.577074 0.542787
-3.661288 -28.972399 513.138830 7.732449 0.773699 0.580043 -0.254833 0.165627 -0.573422 -0.802343 0.611520 -0.578565 0.539727
-4.399711 -30.531783 426.327230 1251.938251 0.776951 0.580692 -0.243195 0.080542 -0.474802 -0.876399 0.624388 -0.661332 0.415668
-6.330876 -86.558757 1232.003089 -7832.555350 0.784124 0.187612 -0.591567 0.504180 -0.748391 0.430944 0.361873 0.636170 0.681421
-8.223141 -91.651975 458.943411 3234.114714 0.800820 0.208872 -0.561301 -0.404902 0.879394 -0.250441 0.441294 0.427831 0.788809
-0.895285 -85.878513 1842.640568 -6778.988314 0.777805 0.193400 -0.598010 0.490016 -0.782432 0.384297 0.393580 0.591943 0.703348
-2.211992 -71.786941 1606.384844 -7762.396224 0.775691 0.210255 -0.595060 0.589811 -0.576996 0.564977 0.224558 0.789220 0.571581
-1.576078 -138.152043 620.824563 7969.187167 0.815268 0.523237 -0.248114 0.030103 -0.466174 -0.884181 0.578300 -0.713375 0.395808
-2.144453 -114.442850 -88.764561 7058.027700 0.831298 0.504797 -0.232646 -0.079904 -0.305676 -0.948777 0.550054 -0.807305 0.213772
-1.913810 -148.133893 -66.722538 7126.913748 0.829185 0.509106 -0.230788 0.058921 -0.490183 -0.869626 0.555860 -0.707482 0.436449
-7.641573 -28.699633 -25.436203 -524.087564 0.863556 0.494454 -0.098920 0.157346 -0.450604 -0.878748 0.479075 -0.743284 0.466922
-8.001142 -29.674049 -7.150049 -344.514871 0.857158 0.495616 -0.140163 0.062786 -0.370650 -0.926648 0.511213 -0.785483 0.348823
-6.202656 -25.982028 286.586499 101.888542 0.830836 0.551592 -0.073872 0.166488 -0.373015 -0.912766 0.531030 -0.746061 0.401747
-9.407808 -31.985033 -99.561163 -797.096263 0.883239 0.446170 -0.144293 0.044763 -0.386529 -0.921190 0.466781 -0.807172 0.361370
-5.756690 -26.506878 204.856793 -442.139121 0.826911 0.559378 -0.057565 0.237562 -0.440285 -0.865860 0.509688 -0.702314 0.496963
-6.295611 -27.359898 -166.165155 -332.355453 0.846173 0.529082 -0.063748 0.251030 -0.501253 -0.828088 0.470080 -0.684703 0.556962
-6.921145 -27.231982 288.311185 -507.542982 0.858790 0.503690 -0.093681 0.224037 -0.533654 -0.815488 0.460746 -0.679346 0.571142
-9.354653 -30.348657 522.808793 -285.235927 0.878193 0.453077 -0.153293 0.089681 -0.470780 -0.877681 0.469824 -0.757026 0.454068
4.449039 -62.973079 208.013676 -717.585539 0.805495 0.352009 -0.476725 -0.438246 0.895344 -0.079366 0.398896 0.272852 0.875462
2.519783 -63.164942 24.696480 -310.779725 0.801723 0.352767 -0.482489 -0.422995 0.905203 -0.041035 0.422275 0.236989 0.874940
-7.088515 -80.956870 -168.830294 -3541.530265 0.872137 0.376067 -0.312972 -0.014406 0.659141 0.751881 -0.489050 0.651235 -0.580279
-4.330038 -81.639278 -692.800385 -3148.454082 0.847517 0.369336 -0.381190 0.042270 0.668938 0.742115 -0.529083 0.645068 -0.551324
-5.092523 -85.094137 -347.493016 -1690.891923 0.864739 0.375802 -0.333166 0.109906 0.505701 0.855680 -0.490049 0.776556 -0.395996
-6.605937 -86.220250 -296.080012 -1813.326566 0.878789 0.380121 -0.288510 0.078010 0.482013 0.872684 -0.470791 0.789412 -0.393934
-8.276775 -83.299475 -52.368686 -3703.680349 0.891042 0.374408 -0.256636 -0.055697 0.651286 0.756785 -0.450490 0.660034 -0.601177
-5.448076 -163.793959 -572.536773 16597.001449 0.707994 0.511004 -0.487463 0.216667 0.499786 0.838611 -0.672161 0.699349 -0.243128
-6.420977 -156.391438 -716.988226 13251.430231 0.711944 0.508722 -0.484084 0.257712 0.451972 0.853994 -0.653238 0.732750 -0.190675
-5.672716 -187.512218 446.871962 14139.433585 -0.713537 -0.482212 0.508269 0.002012 0.724045 0.689750 -0.700615 0.493185 -0.515662
-1.217744 -65.270510 1688.112375 -2069.984779 0.722023 0.371243 -0.583833 -0.683268 0.515250 -0.517361 -0.108753 -0.772461 -0.625681
1.716313 -69.221351 2795.953251 -2041.804693 0.704246 0.402281 -0.584985 -0.673864 0.638134 -0.372415 -0.223483 -0.656472 -0.720486
6.035771 -62.690037 2446.414557 -1018.553636 0.705164 0.396867 -0.587572 -0.696238 0.544355 -0.467900 -0.134154 -0.739036 -0.660173
2.301034 -59.243951 1919.024103 -1472.640750 0.731272 0.367684 -0.574499 -0.682070 0.388488 -0.619562 0.004617 -0.844918 -0.534877
-39.596800 -656.997825 6406.407170 -195765.929923 0.916269 -0.169438 -0.362964 0.222598 0.968718 0.109712 0.333020 -0.181320 0.925322
-23.654763 -277.942470 -5102.444979 -69039.689741 0.609892 0.762308 -0.216609 0.772838 -0.632608 -0.050294 0.175368 0.136729 0.974962
-23.116149 -211.889673 -3120.269402 -45594.022301 0.599514 0.731572 -0.324631 0.721492 -0.669559 -0.176466 0.346457 0.128425 0.929234
-6.799351 -40.747281 -1538.294609 513.755871 0.983595 0.177420 -0.032597 -0.008942 -0.132524 -0.991139 0.180168 -0.975171 0.128764
-2.004041 -40.368601 -2185.132133 218.749650 0.988007 0.145457 -0.051810 -0.015648 -0.239486 -0.970774 0.153613 -0.959942 0.234338
-2.126709 -39.351978 -2620.900654 261.646506 0.989772 0.136103 -0.042746 -0.024709 -0.131555 -0.991001 0.140501 -0.981921 0.126847
-3.705677 -56.396051 -146.401712 -1336.904122 0.789586 0.405274 -0.460768 -0.177106 0.869429 0.461222 0.587527 -0.282569 0.758265
-3.426859 -55.314241 113.192443 -2405.955933 0.784952 0.432599 -0.443519 -0.173000 0.840432 0.513561 0.594913 -0.326392 0.734538
-2.425855 -51.241363 -162.921467 -2852.018453 0.795159 0.447349 -0.409391 -0.121244 0.778768 0.615484 0.594157 -0.439771 0.673483
-1.786193 -44.177517 -343.461980 -1357.893683 0.799190 0.446745 -0.402138 -0.075909 0.738684 0.669764 0.596266 -0.504742 0.624261
-24.022743 -77.361595 -676.149544 -13216.564228 0.901928 -0.023525 0.431244 -0.379545 -0.519640 0.765454 -0.206085 0.854061 0.477607
-20.409608 -105.398582 3789.120289 7356.117451 0.525479 -0.378630 0.761913 0.811485 0.492144 -0.315098 -0.255665 0.783858 0.565864
-32.624674 -76.996676 2653.892095 10489.813388 0.606605 -0.294117 0.738597 0.774541 0.428067 -0.465665 -0.179209 0.854549 0.487474
2.228474 -199.370907 2521.214815 15002.094057 0.565223 -0.342381 0.750532 0.661599 0.731590 -0.164508 -0.492758 0.589535 0.640030
-43.608838 -60.406064 -654.466052 -53.934547 0.780980 0.403327 0.476862 -0.529064 0.021477 0.848310 -0.331904 0.914804 -0.230159
-37.092917 -55.927124 33.525868 2485.912028 0.428237 0.614895 0.662206 0.834799 0.011403 -0.550437 -0.346012 0.788526 -0.508431
-40.943914 -60.167060 -185.099606 748.926091 0.609452 0.524451 0.594575 0.681679 0.036295 -0.730750 -0.404823 0.850666 -0.335388
-32.817792 -46.465125 -563.299846 -36.666745 -0.731243 0.680525 0.046576 -0.603900 -0.677630 0.419670 -0.317157 -0.278753 -0.906481
3.583370 -30.706125 -2294.350148 778.440758 0.907178 0.025105 0.419997 -0.357682 0.571679 0.738408 0.221565 0.820093 -0.527595
1.463230 -32.720937 -1918.493695 553.964100 0.911343 0.004632 0.411623 -0.312687 0.658144 0.684889 0.267735 0.752878 -0.601243
9.456016 -32.707472 2990.521742 499.493258 0.921598 -0.099563 0.375159 -0.206944 0.691670 0.691930 0.328377 0.715318 -0.616837
18.601231 -37.630246 -767.732794 -663.777312 0.778909 0.574617 0.251229 -0.193173 -0.161290 0.967817 -0.596645 0.802372 0.014629
12.430936 -38.302974 -1872.761186 -1050.659737 0.746920 0.608008 0.269140 -0.278782 -0.081115 0.956923 -0.603648 0.789776 -0.108915
-10.431975 -30.425995 1040.106766 1482.114276 0.993905 0.062930 -0.090514 0.102265 -0.832932 0.543844 0.041168 0.549785 0.834291
-10.136644 -25.002555 895.625118 2375.741464 0.989277 0.095449 -0.110546 0.134681 -0.888983 0.437688 0.056497 0.447883 0.892305
-7.535539 -23.831343 877.384080 2197.530225 0.982140 0.113395 -0.150139 0.167403 -0.890917 0.422189 0.085887 0.439783 0.893988
5.152678 -70.032417 -493.252145 -7.045110 0.679715 0.413013 0.606142 0.721201 -0.526891 -0.449727 0.133628 0.742836 -0.656001
-1.464016 -75.435650 313.985758 6153.053790 0.914784 0.138861 0.379325 -0.095241 -0.838436 0.536614 -0.392555 0.527013 0.753763
-0.614819 -60.010547 154.912363 -3399.434611 0.920066 0.153172 0.360579 -0.006532 0.926269 -0.376806 -0.391709 0.344331 0.853229
23.026550 -37.417472 -2024.132000 -419.506531 0.907429 0.282436 -0.311132 0.196267 0.369824 0.908135 -0.371554 0.885133 -0.280156
22.580496 -36.401446 -1717.923807 -148.614887 0.889374 0.300989 -0.344123 0.192223 0.436755 0.878803 -0.414807 0.847733 -0.330582
-0.993632 -98.565242 1672.453473 -2013.599926 0.037619 0.929358 -0.367259 -0.418709 0.348361 0.838646 -0.907341 -0.122226 -0.402235
-5.174627 -95.659501 653.971624 -3355.035981 0.000375 0.917847 -0.396935 -0.592375 0.319999 0.739387 -0.805662 -0.234857 -0.543830
-3.828050 -102.212352 440.484707 -292.482078 0.005299 0.913027 -0.407865 -0.275234 0.393449 0.877180 -0.961363 -0.107610 -0.253381
-1.911008 -93.143920 1765.024940 -2920.146619 0.022288 0.943643 -0.330213 -0.683322 0.255480 0.683959 -0.729777 -0.210398 -0.650507
-0.272527 -101.819297 1477.574978 394.892718 0.039154 0.922737 -0.383436 -0.133894 0.385114 0.913104 -0.990222 -0.015588 -0.138627
3.075270 -111.373133 2039.086269 -1002.143418 0.025007 0.939423 -0.341846 -0.475563 0.311961 0.822508 -0.879326 -0.142001 -0.454556
-11.597350 -39.972403 178.606806 259.192790 0.542609 0.447715 0.710723 0.837504 -0.223362 -0.498695 -0.064525 0.865830 -0.496161
-11.082383 -39.000827 -75.526483 3015.332187 0.569945 0.439291 0.694396 0.817010 -0.212971 -0.535853 -0.087509 0.872735 -0.480287
-3.316450 -120.587349 436.831805 -2397.560534 0.214291 -0.889415 0.403758 0.930858 0.060715 -0.360300 0.295943 0.453050 0.840930
-5.703123 -140.448644 611.766184 -5617.294381 0.197116 -0.887300 0.416947 0.948050 0.064200 -0.311577 0.249694 0.456703 0.853859
-6.743289 -131.524849 313.457209 -7386.779427 0.141455 -0.880591 0.452271 0.987622 0.156812 -0.003575 -0.067774 0.447179 0.891873
-18.253781 -36.619533 -1345.817892 86.180269 0.767492 0.546291 -0.335443 0.187242 0.309415 0.932311 -0.613104 0.778350 -0.135184
-13.029669 -36.276500 -2686.033165 207.767764 0.715537 0.597071 -0.362648 0.147236 0.378565 0.913789 -0.682882 0.707245 -0.182967
-6.648003 -26.485413 -606.767994 -1126.527646 -0.682883 0.668462 -0.294668 0.726972 0.582076 -0.364278 -0.071986 -0.462975 -0.883443
0.126126 -26.817993 -1228.106249 -3746.279615 -0.523740 0.764524 -0.375764 0.836725 0.378845 -0.395435 -0.159963 -0.521516 -0.838113
-5.380052 -23.405983 417.409296 -2087.206946 0.819061 -0.537968 0.199323 0.558681 0.668930 -0.490314 -0.130440 -0.512955 -0.848447
-19.120145 -30.637355 666.166794 742.515957 0.459732 0.862577 0.211202 -0.872875 0.482696 -0.071374 0.163512 0.151540 -0.974833
-17.212913 -30.930271 792.801060 -757.938554 0.447881 0.852579 0.269282 0.879764 -0.473944 0.037303 0.159429 0.220197 -0.962339
-18.324013 -33.756817 641.270606 535.036444 0.370091 0.898383 0.236518 -0.883887 0.418887 -0.208029 0.285965 0.132066 -0.949096
-18.746601 -28.208940 559.219921 -910.538160 0.553583 0.808368 0.200217 0.830473 -0.553784 -0.060309 0.062125 0.199661 -0.977894
-20.204971 -31.575739 362.464023 441.268992 0.416845 0.894660 0.160700 -0.881809 0.440917 -0.167347 0.220574 0.071949 -0.972713
-21.133215 -29.172210 201.076734 734.470269 0.526097 0.840263 0.131075 -0.844634 0.534227 -0.034577 0.099077 0.092519 -0.990769
3.143434 -120.635326 -2971.591934 16020.170177 0.674912 0.381791 0.631450 0.656222 -0.701880 -0.277014 -0.337440 -0.601331 0.724248
8.514615 -219.275917 -4127.637019 -39701.517010 0.619871 0.484569 0.617214 -0.624365 0.781009 0.013891 -0.475319 -0.393978 0.786673
57.597692 -2026.908277 -3263.333885 -506677.569443 0.943617 0.078566 0.321582 0.326176 -0.386568 -0.862655 -0.056538 -0.918909 0.390398
5.172807 -423.869735 -2584.919735 -89472.194191 0.894832 0.156988 0.417888 0.419197 0.026299 -0.907514 0.153459 -0.987250 0.042276
-5.006268 -340.804778 -5856.814027 48027.356641 0.900009 0.142178 0.412031 0.259141 0.585548 -0.768101 0.350471 -0.798072 -0.490154
10.900743 -60.602546 -2966.604716 1827.437194 0.916111 -0.387169 0.104124 0.382180 0.921797 0.065038 -0.121161 -0.019788 0.992436
6.566396 -68.123556 -1586.773413 -5814.048675 0.941954 -0.319783 0.102277 -0.286834 -0.924817 -0.249880 -0.174495 -0.206039 0.962860
2.216875 -66.656247 -946.348117 -4090.337650 0.929020 -0.362178 0.075827 -0.341017 -0.917550 -0.204473 -0.143630 -0.164101 0.975931
3.744453 -72.322878 88.533743 -2832.354935 0.945701 -0.319818 0.058025 -0.264461 -0.860876 -0.434688 -0.188973 -0.395739 0.898710
2.550928 -63.395044 -1813.734443 -458.092294 0.924957 -0.363494 0.111022 0.365114 0.930943 0.006104 -0.105574 0.034890 0.993799
1.604181 -63.210687 546.595935 1803.530620 0.936997 -0.343652 0.062773 0.336814 0.936383 0.098712 -0.092702 -0.071350 0.993134
4.141910 -67.634798 1140.097275 -1856.763232 0.927725 -0.372482 0.024133 -0.344546 -0.879426 -0.328477 -0.143575 -0.296422 0.944203
