15085
30154
-46.792359 -69.121528 -130.102480 4917.624479 -0.083703 -0.981632 0.171445 0.995542 -0.089882 -0.028588 0.043473 0.168288 0.984779
-45.295611 -75.795515 -2873.983572 10816.345478 -0.347505 0.936921 -0.037670 0.931374 0.340239 -0.129540 0.108552 0.080100 0.990858
-42.958747 -56.937004 -264.828106 5770.490986 0.206325 0.963455 -0.170834 0.960684 -0.232610 -0.151588 0.185786 0.132841 0.973569
-37.488528 -53.130897 -3883.618569 7855.662898 -0.015063 0.998304 -0.056225 0.969292 0.000775 -0.245913 0.245452 0.058203 0.967660
-40.429744 -60.192455 -344.548065 4247.424199 -0.374124 -0.888844 0.264551 0.918114 -0.395219 -0.029483 0.130761 0.231858 0.963921
-31.950152 -44.997828 -906.938782 4878.569597 0.493719 0.833932 -0.246573 0.814289 -0.542857 -0.205521 0.305244 0.099312 0.947081
-36.227286 -52.011899 1353.936662 3439.046131 0.586975 0.740851 -0.326496 0.770041 -0.635406 -0.057417 0.249995 0.217713 0.943453
-50.593875 -67.260606 -1387.762345 688.100956 0.686021 -0.565973 -0.457220 0.604090 0.092817 0.791493 0.405525 0.819182 -0.405573
-46.626202 -66.149613 1182.583909 -890.914601 -0.670410 0.474177 0.570707 0.686278 0.103850 0.719887 0.282086 0.874283 -0.395039
-46.720409 -66.107924 -843.137955 1981.145593 0.666267 -0.496140 -0.556717 0.623565 -0.038759 0.780810 0.408969 0.867377 -0.283552
4.287048 -16.033063 -990.474837 -529.550977 -0.142938 -0.857990 0.493378 0.888354 0.108553 0.446142 -0.436343 0.502065 0.746683
4.792452 -17.445760 -1582.856438 12.835132 -0.076784 -0.841628 0.534572 0.883134 0.191454 0.428276 -0.462795 0.504983 0.728569
2.733300 -20.084658 -344.485364 -761.333056 -0.233894 -0.862698 0.448381 0.876432 0.012567 0.481363 -0.420905 0.505563 0.753157
7.463922 -15.102182 -1381.077045 274.269541 0.058594 -0.817413 0.573064 0.880471 0.312852 0.356223 -0.470466 0.483694 0.738040
2.101289 -19.885982 499.120732 -1368.641059 -0.340046 -0.861172 0.377825 0.856780 -0.118075 0.501982 -0.387681 0.494410 0.777986
2.968356 -35.330822 1184.534184 1852.060315 -0.081589 0.995138 0.055165 0.414657 0.084224 -0.906072 0.906313 0.051051 0.419512
2.322000 -35.173301 -2077.413627 1944.110107 -0.018274 0.998534 0.050949 0.420883 0.053905 -0.905512 0.906931 -0.004897 0.421251
2.441563 -37.936748 -330.326036 2135.368524 -0.059517 0.996106 0.065041 0.488947 0.085895 -0.868074 0.870281 0.019864 0.492155
1.718322 -38.073927 1976.222927 1673.791958 -0.099213 0.992618 0.069766 0.496007 0.110113 -0.861308 0.862632 0.050848 0.503270
-0.654261 -36.268563 2707.848071 1188.311728 -0.101220 0.993219 0.057187 0.439635 0.096221 -0.893008 0.892455 0.065249 0.446394
1.622980 -33.641772 3924.345254 858.341623 -0.104477 0.994134 0.027966 0.377165 0.065625 -0.923818 0.920234 0.085970 0.381809
22.380946 -47.947931 -4626.810633 2545.442852 -0.130575 0.989680 0.059018 -0.467258 -0.008928 -0.884076 0.874426 0.143015 -0.463602
26.598415 -42.818205 -3495.252959 2072.512717 -0.126824 0.985288 0.114557 -0.565418 0.023081 -0.824482 0.814996 0.169337 -0.554172
19.597435 -47.387116 -3293.407854 2584.749034 -0.113590 0.992797 0.038105 -0.531761 -0.028355 -0.846420 0.839242 0.116408 -0.531151
23.262541 -42.569817 -2920.843425 2144.073355 -0.095198 0.991816 0.085078 -0.624821 0.006999 -0.780736 0.774942 0.127483 -0.619042
16.117875 -50.378742 -2558.529133 1961.352954 -0.131579 0.991062 0.021988 -0.433448 -0.037571 -0.900395 0.891521 0.128004 -0.434518
13.531621 -50.362247 -640.606070 1303.175579 -0.121731 0.992562 0.001195 -0.473774 -0.057047 -0.878797 0.872193 0.107543 -0.477194
17.151814 -47.113625 -1731.286889 2353.934855 -0.092240 0.995626 0.014865 -0.590752 -0.042701 -0.805723 0.801564 0.083101 -0.592106
2.025281 -49.334680 -858.470634 -42.301017 -0.060511 0.981297 0.182740 -0.263791 -0.192288 0.945219 -0.962680 -0.008991 -0.270493
2.630895 -50.377101 -528.110933 160.725994 -0.052381 0.980531 0.189248 -0.167605 -0.195452 0.966285 -0.984462 -0.018896 -0.174580
1.795863 -49.800611 -853.798698 -405.034413 -0.065597 0.979999 0.187881 -0.136251 -0.195320 0.971229 -0.988500 -0.038111 -0.146338
6.195926 -57.713241 1276.117929 -2182.512831 -0.000561 0.944240 0.329258 0.922911 0.127258 -0.363375 0.385014 -0.303672 0.871520
3.226092 -70.967465 1914.305018 7696.961067 -0.099809 0.941750 0.321161 0.927561 0.204876 -0.312500 0.360095 -0.266706 0.893980
5.202793 -67.069338 720.331885 -3262.122032 -0.000628 0.950518 0.310669 0.891991 0.140971 -0.429510 0.452053 -0.276844 0.847942
14.815831 -105.775705 2081.030344 -625.462707 0.005235 0.946367 0.323051 -0.599804 -0.255519 0.758252 -0.800130 0.197737 -0.566297
12.138774 -101.207864 3201.935731 -2209.711841 0.005694 0.937376 0.348273 -0.756732 -0.223634 0.614283 -0.653700 0.267047 -0.708069
8.687164 -104.313464 2967.518018 -720.952769 0.060146 0.941279 0.332228 -0.620871 -0.225335 0.750829 -0.781602 0.251430 -0.570860
3.317990 -100.517216 3052.451019 -1755.295116 0.044717 0.934881 0.352133 -0.800581 -0.177304 0.572392 -0.597554 0.307507 -0.740520
12.314383 -104.169600 559.887042 1863.407317 0.020243 0.954472 0.297611 -0.411252 -0.263374 0.872643 -0.911297 0.140058 -0.387197
8.414889 -98.951448 3008.070406 2403.123574 0.089200 0.943554 0.318982 -0.421238 -0.254469 0.870519 -0.902553 0.212018 -0.374762
3.767980 -97.496139 1715.612736 -117.703655 0.086724 0.947375 0.308156 -0.566649 -0.207502 0.797403 -0.819383 0.243770 -0.518834
1.460773 -97.269462 2307.051803 -1609.333346 0.075702 0.941753 0.327676 -0.709823 -0.179897 0.681020 -0.700300 0.284146 -0.654859
-1.857044 -56.233118 -570.409912 5545.141778 -0.080957 0.932921 0.350863 -0.195444 -0.360043 0.912234 -0.977368 -0.005278 -0.211482
-1.676190 -64.853743 -1231.865370 5912.461962 -0.087717 0.936809 0.338667 -0.311705 -0.348717 0.883875 -0.946121 0.028033 -0.322597
-1.800100 -55.677680 -665.118915 5847.382804 -0.088986 0.926696 0.365124 -0.180652 -0.375514 0.909040 -0.979513 -0.014932 -0.200825
-2.992382 -49.579593 -426.841261 2224.271020 -0.084480 0.936692 0.339810 -0.097868 -0.347180 0.932678 -0.991607 -0.045536 -0.121002
-5.345560 -16.582953 1791.460261 1152.465020 0.518292 -0.830279 -0.204965 0.780064 0.360739 0.511241 -0.350534 -0.424858 0.834639
-9.603115 -20.807351 266.635192 2172.331319 0.238524 -0.908367 -0.343474 0.898200 0.071873 0.433672 -0.369247 -0.411950 0.833039
-9.742597 -21.820756 -76.486011 2999.646978 0.377337 -0.882131 -0.281889 0.844305 0.202635 0.496073 -0.380481 -0.425187 0.821249
24.551867 -25.507084 10953.146324 -1107.080812 -0.149655 0.814764 -0.560146 0.868502 0.379089 0.319367 -0.472554 0.438693 0.764357
14.520810 -24.552287 -6191.059878 1237.922272 0.285192 -0.758763 0.585614 0.878029 0.451834 0.157831 -0.384357 0.469174 0.795076
42.610452 -29.472162 -18021.660752 2455.624834 0.217268 -0.772106 0.597200 0.906134 0.387016 0.170702 -0.362926 0.504055 0.783718
54.579182 -33.664926 15229.693430 -1046.933035 -0.147399 0.861480 -0.485928 0.878933 0.339398 0.335090 -0.453596 0.377706 0.807210
8.073782 -51.245441 -145.164801 -1620.655866 0.243100 0.915853 0.319555 0.440854 0.189130 -0.877427 0.864031 -0.354179 0.357780
5.313158 -51.704580 1389.284652 -2250.500878 0.203319 0.927547 0.313556 0.450591 0.195678 -0.871021 0.869269 -0.318381 0.378159
6.873391 -56.572571 903.138835 -3425.374402 0.228304 0.926973 0.297654 0.359729 0.203777 -0.910533 0.904695 -0.314953 0.286936
3.363141 -58.306362 2384.059430 -4256.924592 0.198584 0.939228 0.280027 0.366570 0.193803 -0.909982 0.908950 -0.283357 0.305807
2.524835 -60.872830 2139.734890 -2162.773931 0.208756 0.941045 0.266187 0.233464 0.216361 -0.947989 0.949693 -0.260043 0.174533
-10.857165 -47.597880 -844.732503 -1892.295038 0.095060 0.982194 0.162043 0.734044 -0.179115 0.655055 -0.672415 -0.056677 0.738001
-11.443083 -51.443210 -1337.853583 -4447.543642 0.111815 0.979115 0.169796 0.765301 -0.193840 0.613791 -0.633886 -0.061314 0.770993
-12.929666 -47.211363 -1237.789485 -2683.357103 0.119838 0.981592 0.148713 0.741695 -0.188090 0.643825 -0.659945 -0.033145 0.750582
-3.830628 -226.986101 1311.852353 -6286.234229 0.862042 -0.159602 0.481051 -0.506529 -0.238245 0.828654 0.017646 0.958001 0.286221
-6.307835 -212.148749 2137.142654 13730.575380 0.857967 -0.163047 0.487143 -0.500054 -0.482238 0.719300 -0.117639 0.860733 0.495277
-3.149059 -222.999153 1728.730173 17356.184903 0.865389 -0.162661 0.473966 -0.472898 -0.577940 0.665096 -0.165739 0.799704 0.577065
-0.887273 -223.712101 175.107527 -3883.398982 0.857231 -0.148384 0.493089 -0.514853 -0.263705 0.815712 -0.008992 0.953122 0.302452
-2.577121 -209.779239 -42.025363 -17981.580058 0.855740 -0.142809 0.497308 -0.486348 0.105978 0.867314 0.176564 0.984060 -0.021235
23.157309 -123.872476 -5583.210954 15876.554979 -0.727031 0.054200 -0.684463 0.006083 0.997349 0.072515 0.686578 0.048557 -0.725433
13.145651 -119.552744 -3762.992412 13782.787915 -0.710982 0.075905 -0.699102 0.051453 0.997108 0.055934 0.701325 0.003797 -0.712831
17.147317 -105.000033 -4792.660579 7891.571749 -0.698660 0.054550 -0.713371 -0.104476 0.978622 0.177155 0.707784 0.198302 -0.678025
6.687339 -113.505194 -2148.811938 11880.669554 -0.701033 0.081163 -0.708495 -0.044379 0.986611 0.156934 0.711746 0.141459 -0.688045
10.133421 -102.194632 -2511.478261 -1261.498292 -0.695513 0.049878 -0.716780 -0.187523 0.950412 0.248095 0.693611 0.306967 -0.651671
-1.476370 -27.029335 1190.619782 812.462895 0.805960 -0.591918 -0.007887 -0.569317 -0.771398 -0.284295 -0.162195 -0.233621 0.958704
-1.688519 -27.541152 1146.882131 841.628534 0.787015 -0.616662 -0.018312 -0.602991 -0.762614 -0.234140 -0.130421 -0.195314 0.972030
-4.070703 -28.414244 801.676375 370.199138 0.842949 -0.537789 0.014853 -0.521417 -0.823464 -0.223676 -0.132521 -0.180803 0.974550
-5.126091 -28.551668 1244.096078 699.392942 0.852577 -0.522002 0.025027 -0.497572 -0.825456 -0.266540 -0.159793 -0.214794 0.963499
-2.581818 -26.236416 1375.980777 1139.975191 0.815153 -0.579245 0.000821 -0.545996 -0.768835 -0.332839 -0.193427 -0.270867 0.942983
-5.632448 -401.423587 -3696.777888 -80706.158876 0.805393 -0.104822 0.583399 -0.564120 -0.437695 0.700136 -0.181961 0.892992 0.411649
7.573847 -605.110320 -7985.929147 -166534.036176 0.776971 -0.107987 0.620205 -0.625359 -0.245690 0.740650 -0.072397 0.963315 0.258425
-1.589583 -435.279401 -4587.354543 -61339.416595 0.808341 -0.068107 0.584762 -0.491929 -0.623792 0.607362 -0.323404 0.778617 0.537740
6.373050 -455.861213 -3523.774971 26721.074118 0.807104 -0.048887 0.588382 0.307977 0.885101 -0.348922 -0.503719 0.462825 0.729424
-0.732060 -438.093693 -1557.014493 -73971.216783 0.806453 -0.118914 0.579218 -0.441555 -0.772622 0.456163 -0.393272 0.623630 0.675590
-23.214528 -97.263873 3468.555392 6708.969031 0.870672 -0.148132 0.469027 -0.455195 -0.603948 0.654251 -0.186352 0.783137 0.593270
-26.464570 -109.569273 3626.193326 4258.405781 0.851699 -0.146099 0.503253 -0.517044 -0.390580 0.761651 -0.085284 0.908902 0.408196
-29.930353 -95.173059 3726.947332 6915.340050 0.852960 -0.100997 0.512112 -0.462427 -0.601291 0.651621 -0.242116 0.792621 0.559581
-16.803511 -37.228876 -639.697886 -924.452619 -0.150623 0.901050 -0.406720 -0.463215 -0.427783 -0.776166 0.873353 -0.071490 -0.481814
-18.695757 -39.769113 -326.320383 -828.552670 -0.206986 0.849993 -0.484425 -0.535311 -0.512849 -0.671139 0.818901 -0.120402 -0.561163
-20.307718 -37.524309 -1384.351659 -461.448284 -0.169818 0.908357 -0.382165 -0.535353 -0.410618 -0.738099 0.827381 -0.079251 -0.556022
-22.492042 -39.711199 -1147.103982 -480.907137 -0.232703 0.860041 -0.454069 -0.592281 -0.495642 -0.635249 0.771396 -0.121112 -0.624724
-17.986759 -35.546202 -1645.722407 -864.012013 -0.127132 0.939622 -0.317723 -0.466821 -0.339309 -0.816669 0.875166 -0.044495 -0.481772
-24.409322 -37.436583 -1361.272036 -414.451123 -0.169150 0.941712 -0.290805 -0.589510 -0.333128 -0.735870 0.789852 -0.046960 -0.611497
-21.114614 -35.971352 -1720.565234 -624.279809 -0.133546 0.954958 -0.264993 -0.517332 -0.295240 -0.803244 0.845301 -0.029820 -0.533458
10.779443 -44.505179 1229.411337 -761.513064 0.243110 0.959120 0.144869 -0.734668 0.279584 -0.618139 0.633373 -0.043845 -0.772604
10.865398 -45.576227 -104.787209 1248.266884 0.274238 0.952242 0.134272 -0.685290 0.291466 -0.667402 0.674664 -0.091012 -0.732493
10.454262 -47.246176 1696.657946 337.306827 0.239030 0.956079 0.169638 -0.688589 0.290076 -0.664606 0.684624 -0.042050 -0.727682
12.321776 -44.517898 -482.567178 -530.559804 0.294464 0.950748 0.096796 -0.726305 0.288470 -0.623912 0.621106 -0.113416 -0.775477
9.045729 -45.203419 1918.172346 -1105.582994 0.221036 0.962099 0.159713 -0.737873 0.272059 -0.617680 0.637720 -0.018682 -0.770041
-8.823155 -29.128594 1184.651282 -545.934522 -0.059762 0.989826 -0.129126 -0.143609 -0.136537 -0.980170 0.987828 0.040034 -0.150308
-6.171096 -28.447163 -64.653948 -90.490945 -0.046553 0.998459 -0.030218 -0.110444 -0.035210 -0.993258 0.992792 0.042902 -0.111912
-7.161621 -28.562038 1402.198270 -69.069212 -0.050985 0.994682 -0.089487 -0.073723 -0.093108 -0.992923 0.995975 0.044027 -0.078078
-10.456260 -29.560553 2148.223284 -679.876198 -0.048462 0.984736 -0.167174 -0.100079 -0.171315 -0.980120 0.993799 0.030768 -0.106854
-9.815592 -29.441696 2388.739177 -213.440827 -0.042339 0.991730 -0.121160 -0.031124 -0.122519 -0.991978 0.998618 0.038229 -0.036054
13.596278 -171.018666 4434.497825 -34994.732817 0.327817 0.942893 0.059068 -0.316121 0.050558 0.947371 -0.890283 0.329237 -0.314642
8.268783 -125.293006 4487.327207 -30883.581208 0.329600 0.937131 0.114668 -0.474424 0.059393 0.878290 -0.816263 0.343886 -0.464174
6.272399 -194.137366 4154.922708 -38927.761026 0.343069 0.937901 0.051436 -0.150864 0.000969 0.988554 -0.927116 0.346902 -0.141828
0.216343 -144.375756 1919.313186 -31157.079029 0.316040 0.945523 0.078132 -0.257814 0.006336 0.966174 -0.913045 0.325493 -0.245771
12.119765 -260.018583 3800.400929 -54460.814227 0.337530 0.940630 0.035891 0.042521 -0.053325 0.997671 -0.940354 0.335218 0.057995
2.159508 -230.499667 5.490459 -48882.350236 0.300942 0.952584 0.044915 0.063895 -0.067133 0.995696 -0.951500 0.296777 0.081069
6.130992 -278.935149 2219.992524 -50411.397262 0.338834 0.939907 0.042031 0.207606 -0.118264 0.971037 -0.917655 0.320295 0.235202
2239.578109 -77528.236833 158789.378107 -32104194.054500 0.372265 0.607291 -0.701866 0.917710 -0.127870 0.376108 0.138659 -0.784121 -0.604919
-22.389157 -151.728475 4116.625499 -55504.847243 0.241500 0.623984 -0.743184 0.963901 -0.242739 0.109416 -0.112126 -0.742780 -0.660080
-8.557252 -648.016823 -484.670225 -229465.446166 0.267885 0.643472 -0.717065 0.963249 -0.194104 0.185674 -0.019709 -0.740451 -0.671821
-29.329841 -613.813020 3830.565242 -201925.649670 0.180334 0.649718 -0.738475 0.922925 0.147852 0.355458 0.340133 -0.745658 -0.572978
-30.471655 -176.234657 2090.394725 54906.189734 0.971792 -0.022752 -0.234739 -0.197338 0.466589 -0.862179 -0.129143 -0.884182 -0.448937
-6.691740 -163.168389 -6164.610117 38847.344476 0.968657 -0.026872 -0.246943 -0.210958 0.435872 -0.874935 -0.131146 -0.899607 -0.416542
-57.044650 -244.223100 4648.468792 80677.828301 0.235540 0.438773 -0.867179 0.960424 -0.241600 0.138623 -0.148686 -0.865510 -0.478314
-11.455378 -41.479414 1751.570977 3404.345863 -0.037888 0.994641 0.096191 0.811829 0.086766 -0.577412 0.582664 -0.056214 0.810767
-8.847808 -44.588967 1658.819021 5133.225298 0.022770 0.998899 0.041016 0.838113 0.003293 -0.545486 0.545020 -0.046797 0.837116
-12.432274 -40.903928 895.088795 1050.172102 0.036679 0.996536 0.074634 0.880004 0.003181 -0.474955 0.473547 -0.083099 0.876840
-29.853402 -82.949915 6507.749609 4482.221590 0.853742 0.082188 0.514169 -0.072899 0.996605 -0.038260 -0.515568 -0.004818 0.856835
-36.204080 -85.419139 6389.406417 -2144.803854 0.836778 -0.009038 0.547468 -0.106934 0.977913 0.179588 -0.536999 -0.208818 0.817329
-18.563414 -76.049990 7547.250542 -2533.770456 0.889920 -0.035311 0.454748 -0.062911 0.977967 0.199054 -0.451757 -0.205751 0.868091
-12.437373 -70.943290 7039.898752 1884.919992 0.892713 0.029258 0.449674 -0.037724 0.999239 0.009875 -0.449043 -0.025779 0.893138
-5.165369 -63.271143 10146.307650 -7836.318095 0.911993 -0.198687 0.358877 0.026565 0.901640 0.431671 -0.409346 -0.384147 0.827567
0.448871 -59.885562 6454.226896 -4807.151198 0.900834 -0.116985 0.418105 0.000065 0.963051 0.269318 -0.434163 -0.242584 0.867557
80.978893 -111.407997 10923.957036 -7023.095971 0.171818 0.650912 0.739454 0.780098 0.368490 -0.505630 -0.601602 0.663723 -0.444462
58.662168 -108.154109 11976.067693 -3159.000318 0.242523 0.565827 0.788050 0.878862 0.215851 -0.425454 -0.410834 0.795769 -0.444935
62.910849 -109.168585 12750.440443 -8946.536290 0.308517 0.539980 0.783096 0.745247 0.374386 -0.551762 -0.591121 0.753828 -0.286915
80.337038 -100.015048 11085.102153 4459.505740 0.227283 0.620347 0.750675 -0.682733 -0.448173 0.577076 -0.694419 0.643670 -0.321669
13.282263 -42.369098 2678.342661 2437.795113 0.231250 0.924640 -0.302596 -0.740271 -0.034587 -0.671419 0.631286 -0.379269 -0.676486
20.836136 -41.898090 3964.675168 -1560.780532 0.268492 0.920728 -0.283147 -0.624107 -0.057631 -0.779210 0.733759 -0.385926 -0.559159
12.235752 -45.286223 1566.727555 -2682.064048 0.230592 0.928015 -0.292603 -0.624693 -0.089368 -0.775740 0.746047 -0.361666 -0.559117
19.902724 -40.925987 4313.863417 2564.767916 0.271036 0.915228 -0.298157 -0.748767 0.005815 -0.662808 0.604886 -0.402895 -0.686869
10.011137 -42.557666 93.705101 2419.606158 0.231608 0.924408 -0.303029 -0.747661 -0.030143 -0.663397 0.622383 -0.380211 -0.684162
10.865927 -43.670535 509.697188 4210.494905 0.225794 0.923840 -0.309091 -0.820832 0.009548 -0.571089 0.524644 -0.382661 -0.760473
14.638494 -41.733737 2738.908061 6348.956513 0.236617 0.921273 -0.308655 -0.807156 0.009552 -0.590262 0.540844 -0.388798 -0.745871
2.781972 -43.349868 -623.007631 -1219.191993 -0.067665 0.982606 -0.172938 -0.358346 0.137834 0.923358 -0.931133 -0.124450 -0.342786
1.960629 -42.279662 -578.453823 -451.190113 -0.056404 0.979824 -0.191739 -0.350422 0.160399 0.922755 -0.934892 -0.119237 -0.334305
3.451287 -38.698860 -783.280698 728.887892 -0.065475 0.979933 -0.188265 -0.417893 0.144400 0.896947 -0.906134 -0.137402 -0.400053
3.891744 -40.292985 -1028.251351 -19.051750 -0.071420 0.980660 -0.182223 -0.476617 0.126930 0.869900 -0.876205 -0.148979 -0.458333
3.717366 -39.411071 -181.451780 -604.723300 -0.054302 0.979100 -0.195994 -0.512359 0.141152 0.847091 -0.857053 -0.146418 -0.493986
8.857857 -74.856484 -1380.910675 1307.513280 0.180727 0.961202 -0.208395 -0.258323 -0.158055 -0.953041 0.949003 -0.226073 -0.219736
9.426882 -71.240367 -622.490548 2076.684326 0.141162 0.960958 -0.237976 -0.421026 -0.159288 -0.892953 0.895997 -0.226245 -0.382103
7.609536 -69.498744 -2150.622075 2139.943738 0.182969 0.954766 -0.234402 -0.421882 -0.139106 -0.895916 0.887997 -0.262814 -0.377346
9.930008 -78.278117 433.299535 1590.649872 0.123200 0.970286 -0.208247 -0.276177 -0.168033 -0.946304 0.953178 -0.174098 -0.247269
-13.472720 -82.367405 376.246614 1262.340385 -0.064315 0.997771 0.017783 -0.273925 -0.000516 -0.961751 0.959598 0.066726 -0.273348
-11.774597 -86.420364 311.264494 2898.241502 -0.063606 0.997955 0.006274 -0.121419 -0.001499 -0.992600 0.990561 0.063897 -0.121266
-14.619845 -84.232422 396.406897 1279.763693 -0.038984 0.999075 -0.018174 -0.213595 -0.026099 -0.976574 0.976144 0.034189 -0.214415
-10.490064 -87.374360 826.321792 2878.666102 -0.103428 0.993608 0.045222 -0.147007 0.029695 -0.988690 0.983713 0.108907 -0.142996
-12.249143 -82.681085 767.172899 1999.145263 -0.101780 0.993455 0.051848 -0.326287 0.015898 -0.945137 0.939775 0.113113 -0.322533
-3.951653 -80.730119 535.192705 -5441.265822 -0.003619 -0.999280 -0.037764 0.999528 -0.002462 -0.030637 0.030522 -0.037857 0.998817
-7.624907 -94.476256 -1321.572780 -3790.797046 0.035199 0.998714 0.036480 0.958290 -0.023370 -0.284841 0.283622 -0.044984 0.957880
-5.630500 -84.263882 -862.905426 -2647.678628 -0.016470 0.999302 0.033530 0.984022 0.022146 -0.176665 0.177284 -0.030084 0.983700
-1.621471 -75.975360 -529.076683 -4879.452535 0.042377 -0.998851 -0.022397 0.999099 0.042313 0.003338 -0.002387 -0.022518 0.999744
-1.100764 -69.936687 -95.185783 -6650.246970 -0.029199 0.999009 0.033590 0.989489 0.024127 0.142580 -0.141629 -0.037400 0.989213
-0.694380 -68.620015 395.122717 -5344.632214 0.009320 0.999639 0.025187 0.981539 -0.013958 0.190751 -0.191034 -0.022944 0.981315
3.753261 -43.207614 476.245309 -708.864132 0.423313 0.860629 -0.283061 0.889757 -0.336052 0.308873 0.170702 -0.382605 -0.908006
6.149883 -43.241367 1307.174876 -2162.018097 0.512243 0.822224 -0.248104 0.842535 -0.425067 0.330838 0.166562 -0.378506 -0.910489
8.335677 -41.896025 1064.480792 -1416.067414 0.464087 0.844605 -0.266956 0.849615 -0.339191 0.403862 0.250555 -0.414237 -0.875003
0.368084 -64.353762 -1131.315400 7344.546775 -0.114925 0.991943 0.053297 -0.305002 -0.086297 0.948434 -0.945392 -0.092743 -0.312462
1.005327 -66.201431 825.532428 5466.435385 -0.077415 0.995930 0.046154 -0.384280 -0.072523 0.920364 -0.919965 -0.053514 -0.388331
0.530927 -76.607858 1591.168518 8349.615505 -0.057526 0.997680 0.036393 -0.431158 -0.057706 0.900429 -0.900441 -0.036107 -0.433477
1.025574 -79.905080 -1197.640210 11068.112072 -0.101634 0.994298 0.032288 -0.372208 -0.068105 0.925647 -0.922568 -0.082059 -0.377008
79.362300 -88.069869 7065.540295 13744.660010 0.809230 -0.079135 0.582138 0.285444 -0.813106 -0.507327 -0.513487 -0.576712 0.635401
54.388417 -98.708816 4852.297650 -5991.277877 0.832271 0.012178 0.554235 -0.224091 0.921828 0.316253 -0.507058 -0.387407 0.769940
71.224961 -94.189105 10116.823653 17060.193355 0.855118 0.085661 0.511307 0.365848 -0.798498 -0.478075 -0.367325 -0.595871 0.714150
-14.919168 -87.629098 -2354.047380 -843.858859 0.043724 0.992891 -0.110708 -0.933056 0.000979 -0.359729 0.357063 -0.119026 -0.926466
-16.429030 -83.937390 -1358.168051 -3655.649080 0.022158 0.996376 -0.082125 -0.842951 -0.025547 -0.537383 0.537534 -0.081135 -0.839330
-15.622637 -85.117841 -1723.742740 -2330.984849 0.070036 0.991238 -0.111994 -0.831862 -0.003927 -0.554968 0.550545 -0.132032 -0.824298
-14.185055 -88.236192 -1191.894603 -846.560912 0.058661 0.991070 -0.119750 -0.937781 0.013584 -0.346963 0.342238 -0.132652 -0.930203
-14.153453 -90.446376 -2089.684601 941.149572 0.028326 0.993691 -0.108515 -0.988373 0.011618 -0.151604 0.149387 -0.111548 -0.982467
-14.761068 -89.371273 -1195.562237 1354.006194 0.010587 0.997754 -0.066145 -0.982910 -0.001773 -0.184078 0.183782 -0.066964 -0.980684
18.489977 -38.492534 -7494.986130 1016.454188 0.107172 0.933408 0.342439 0.158684 -0.356066 0.920889 -0.981496 0.044354 0.186277
24.956173 -38.994931 -18.450205 2989.809459 0.211141 0.940557 0.266030 0.190257 -0.306506 0.932661 -0.958760 0.146309 0.243664
25.793103 -36.909012 -4887.011983 2379.530560 0.151370 0.937030 0.314741 0.227720 -0.342903 0.911351 -0.961889 0.066279 0.265286
18.484877 -37.216870 -11221.547733 1848.476155 0.060794 0.900981 0.429577 0.218004 -0.431969 0.875144 -0.974053 -0.040446 0.222679
10.305793 -37.625973 -9451.646988 -1670.996787 0.087230 0.898691 0.429819 0.110104 -0.437518 0.892443 -0.990085 0.030523 0.137115
-2.310120 -175.054629 935.545131 28990.745820 0.756092 0.161983 0.634104 0.511806 0.457517 -0.727140 0.407897 -0.874323 -0.263021
-0.694808 -203.876497 978.588474 24299.739217 0.752331 0.156047 0.640037 0.622702 0.148678 -0.768204 0.215036 -0.976496 -0.014685
-3.229718 -217.681720 -30.742341 28092.060489 0.777030 0.133258 0.615197 0.581038 0.224077 -0.782422 0.242115 -0.965418 -0.096686
-0.499427 -209.932905 2363.714721 37640.323723 0.762180 0.178694 0.622213 0.511125 0.423735 -0.747796 0.397281 -0.887985 -0.231627
-4.239840 -140.388678 1459.569918 14564.362287 0.768237 0.171798 0.616682 0.392340 0.634841 -0.665617 0.505847 -0.753301 -0.420305
-2.348077 -142.457891 1069.983208 17742.978310 0.769913 0.176355 0.613297 0.391527 0.628374 -0.672200 0.503926 -0.757658 -0.414745
-3.949585 -188.327975 -106.350752 29676.471274 0.776592 0.145586 0.612952 0.461600 0.530648 -0.710871 0.428755 -0.834995 -0.344895
27.294315 -1323.242647 851.375618 -539920.708148 0.846949 0.114993 0.519089 -0.349846 0.855722 0.381244 0.400355 0.504496 -0.764983
22.018786 -283.276193 3296.844164 -74587.345999 0.858815 0.127645 0.496129 -0.339420 0.867167 0.364440 0.383708 0.481382 -0.788061
25.025271 -353.720585 -312.487160 -112697.368249 -0.849187 -0.162604 -0.502435 -0.223058 0.972821 0.062164 0.478672 0.164861 -0.862377
11.122437 -305.608717 -5109.254401 -96417.759302 -0.821861 -0.127382 -0.555264 -0.210046 0.973768 0.087506 0.529551 0.188549 -0.827058
-4.107107 -264.000482 -3189.245898 -60915.039671 -0.820574 -0.162015 -0.548097 -0.333506 0.914519 0.228974 0.464148 0.370683 -0.804463
-4.739476 -281.767450 4664.089989 -46956.261295 0.833676 0.121237 0.538781 -0.465176 0.679984 0.566774 0.297649 0.723134 -0.623284
-1.653883 -193.673445 1158.499582 -7719.942043 -0.880762 -0.169685 -0.442116 -0.057986 0.965218 -0.254935 0.469997 -0.198901 -0.859966
-4.019574 -189.666945 1549.290188 -6791.232625 -0.882319 -0.189316 -0.430898 -0.101848 0.970641 -0.217907 0.459500 -0.148377 -0.875696
-4.234067 -206.257960 2363.388025 17768.805912 -0.881829 -0.120005 -0.456044 0.084543 0.911178 -0.403246 0.463928 -0.394150 -0.793358
-6.778118 -175.500332 2111.087631 8689.981707 -0.875183 -0.159627 -0.456700 0.050099 0.909020 -0.413730 0.481192 -0.384970 -0.787561
-53.679055 -4008.564833 18118.373773 -672428.138563 0.720780 0.458808 0.519588 0.654049 -0.201921 -0.729005 0.229558 -0.865288 0.445623
124.562497 -1996.234492 17685.437389 177341.663352 0.749370 0.341331 0.567396 0.599172 0.015191 -0.800476 0.281846 -0.939821 0.193132
112.567690 -2357.505801 49792.732424 -473049.680794 0.690487 0.446406 0.569165 -0.460791 0.877993 -0.129614 -0.557583 -0.172769 0.811943
508.208065 -3320.386964 -217996.902778 7548709.380921 -0.744211 -0.293216 -0.600145 0.025197 0.885532 -0.463895 0.667469 -0.360357 -0.651635
-58.875229 -4384.784835 14334.424726 169842.616664 0.665391 0.464768 0.584162 -0.330555 0.885081 -0.327665 -0.669319 0.024927 0.742557
-29.185083 -2708.796580 19271.384526 -871276.607236 0.769477 0.356041 0.530227 0.185510 0.669810 -0.718986 0.611140 -0.651605 -0.449354
-219.555416 -6169.844225 49338.936839 -2413405.208554 0.724872 0.319074 0.610535 0.686031 -0.253787 -0.681875 0.062623 -0.913118 0.402857
5.753974 -59.017394 8709.842988 -4149.267834 0.204502 0.839206 -0.503896 -0.083428 0.527845 0.845233 -0.975304 0.130813 -0.177958
3.576803 -47.915027 8644.794569 -4461.169032 0.202498 0.837764 -0.507096 -0.208075 0.542809 0.813673 -0.956922 0.059253 -0.284235
-8.953812 -54.617283 8598.214650 -4049.014570 0.209274 0.812870 -0.543550 -0.143133 0.575335 0.805297 -0.967325 0.090728 -0.236751
-10.250305 -61.168614 8148.310046 -2924.795826 0.195963 0.814550 -0.545992 -0.025038 0.560762 0.827598 -0.980292 0.148507 -0.130283
3.299272 -63.775324 7586.098482 -1627.938304 0.194072 0.832426 -0.519041 0.073594 0.515255 0.853871 -0.978223 0.203911 -0.038735
13.419216 -48.401262 260.310850 -3235.928624 -0.960600 0.207504 -0.184906 0.229279 0.967659 -0.105199 0.157097 -0.143450 -0.977109
19.259380 -38.826558 2941.736230 -2125.720395 0.910449 -0.365753 0.193151 0.390631 0.913852 -0.110821 0.135978 -0.176347 -0.974891
21.298681 -41.810208 609.753780 -2380.004141 0.917885 -0.343621 0.198522 0.378772 0.907832 -0.179923 0.118399 -0.240343 -0.963440
23.052406 -47.980864 -2597.188876 -2327.686034 0.940219 -0.274524 0.201557 0.319647 0.915563 -0.244071 0.117534 -0.293907 -0.948580
17.212824 -48.812057 -3105.505354 -3864.526573 0.951166 -0.246468 0.185840 0.279739 0.942780 -0.181414 0.130493 -0.224542 -0.965688
-15.654051 -49.151374 -2498.995303 1599.707696 0.800489 0.587697 -0.117597 -0.592764 0.747307 -0.300272 0.088588 -0.310072 -0.946577
-20.624914 -48.233950 -2061.366187 2007.785587 0.822194 0.566195 -0.058480 -0.560421 0.787239 -0.257260 0.099622 -0.244291 -0.964571
-17.313475 -51.160832 -2712.350576 906.017240 0.811813 0.578042 -0.082628 -0.558375 0.727094 -0.399439 0.170814 -0.370407 -0.913028
-10.092360 -50.201488 -2749.462160 597.110979 0.758677 0.633691 -0.151149 -0.632138 0.659981 -0.405989 0.157516 -0.403562 -0.901292
6.253641 -147.406510 -61.135309 -13452.298578 0.038904 0.967549 -0.249671 -0.772527 0.187601 0.606636 -0.633789 -0.169277 -0.754756
9.306447 -138.177385 -1483.787244 -7663.770827 0.035224 0.969682 -0.241819 -0.793234 0.174311 0.583434 -0.607898 -0.171268 -0.775324
7.720781 -167.505575 -676.075321 -23264.683547 0.022070 0.971296 -0.236848 -0.645096 0.194824 0.738847 -0.763783 -0.136483 -0.630879
6.114486 -185.593638 1320.840262 -26671.794335 0.024601 0.972639 -0.231017 -0.580837 0.201987 0.788562 -0.813648 -0.114783 -0.569914
5.421985 -179.907278 -1908.359158 -26751.986884 -0.019265 0.971015 -0.238243 -0.600541 0.179275 0.779238 -0.799362 -0.158087 -0.579680
3.132151 -141.695039 -1458.299684 -13842.324725 -0.000221 0.963033 -0.269384 -0.795547 0.163048 0.583542 -0.605892 -0.214436 -0.766102
1.103266 -127.916257 321.914995 38149.543297 0.489378 0.832392 -0.260062 0.144098 0.216929 0.965493 -0.860085 0.509965 0.013786
-26.062802 -1654.474879 -4739.744836 674666.578775 0.360288 0.583934 -0.727471 0.459895 0.567297 0.683133 -0.811597 0.580685 0.064159
8.019263 -69.183481 1202.259553 11283.170344 0.487253 0.838295 -0.244633 0.212690 0.157778 0.964297 -0.846963 0.521888 0.101419
50.714839 -998.973966 4268.800049 -382516.761038 0.796049 0.596385 -0.103113 -0.179065 0.069336 -0.981391 0.578137 -0.799699 -0.161987
15.599545 -2197.746848 -8471.164025 -705134.012340 0.697340 0.627716 -0.345962 -0.438064 -0.008771 -0.898901 0.567289 -0.778393 -0.268863
16.367135 -1092.211053 2088.747197 -369070.209871 0.723256 0.618575 -0.307026 -0.542676 0.234138 -0.806649 0.427086 -0.750029 -0.505028
108.718506 -1807.320179 -7748.508622 -653434.672955 0.698478 0.570540 -0.431986 -0.496600 -0.048220 -0.866639 0.515283 -0.819853 -0.249649
15.394054 -490.208332 -1539.485606 -151476.576088 0.724956 0.599934 -0.338405 -0.598612 0.305718 -0.740405 0.340738 -0.739335 -0.580760
-4.121925 -58.695394 -1517.441015 565.788904 -0.064912 0.987708 -0.142198 0.080072 0.147195 0.985861 -0.994673 -0.052608 0.088643
-4.504205 -59.488683 -680.656982 -3154.824629 -0.052257 0.992586 -0.109742 0.172954 0.117227 0.977929 -0.983543 -0.032123 0.177797
-6.467421 -57.950126 -751.629836 -1797.062980 -0.044238 0.993514 -0.104753 0.164677 0.110674 0.980119 -0.985355 -0.026108 0.168505
-3.404247 -61.236917 -640.907649 -3707.852169 -0.061015 0.992044 -0.110118 0.151353 0.118243 0.981382 -0.986595 -0.043213 0.157363
-54.803235 -80.623066 415.026644 5556.707491 0.303019 -0.943702 0.132689 0.949618 0.310700 0.041118 -0.080030 0.113545 0.990304
-43.805554 -91.182846 -3858.045757 8072.460374 -0.447966 0.892122 -0.058696 0.888794 0.451480 0.078813 -0.096811 0.016864 0.995160
-28.224659 -89.413996 -7105.075350 13546.402479 -0.438748 0.897481 0.045033 0.895673 0.440813 -0.058773 0.072599 -0.014548 0.997255
-27.081102 -70.312983 -7444.890382 15044.758909 -0.294814 0.953743 0.058815 0.923554 0.300196 -0.238602 0.245221 0.016025 0.969335
-30.586719 -74.740655 2308.061146 -9092.252252 -0.251525 -0.935816 -0.246950 0.961985 -0.269775 0.042507 -0.106399 -0.226870 0.968096
-26.959597 -82.527591 -2513.636887 -6811.519825 -0.189119 -0.972652 -0.134844 0.980449 -0.194640 0.028889 -0.054345 -0.126744 0.990446
-21.963958 -54.809039 1744.145577 -20426.607264 0.436156 0.872952 0.218457 0.841078 -0.481775 0.245929 -0.319932 -0.076476 0.944349
-32.909217 -91.975966 2741.053546 5280.278013 -0.202398 -0.956608 -0.209609 0.970718 -0.167694 -0.172005 0.129392 -0.238284 0.962537
-28.311027 -82.893048 3038.236568 1305.300275 -0.189616 -0.942549 -0.275040 0.979390 -0.161716 -0.121010 0.069580 -0.292317 0.953787
-60.613661 -79.366829 1339.023626 5091.657595 0.992911 -0.110574 -0.043610 -0.118479 -0.891218 -0.437828 -0.009546 -0.439891 0.898001
-54.416379 -73.035131 2977.898508 3413.449659 0.931590 -0.244375 -0.269111 -0.339686 -0.848830 -0.405094 0.129434 -0.468795 0.873772
-60.927265 -84.107441 1507.729305 1353.142964 0.998864 0.005432 -0.047338 -0.009214 -0.952707 -0.303750 0.046749 -0.303841 0.951575
-52.741858 -62.611200 8420.264765 -4809.035886 0.687992 -0.588300 -0.424936 0.725650 0.549588 0.413988 -0.010009 -0.593175 0.805011
-2.515163 -35.163180 -2513.882660 1171.728919 -0.010381 0.999667 0.023612 0.400261 0.025794 -0.916038 0.916342 0.000058 0.400396
2.823395 -32.123239 -3744.394363 953.104227 -0.010400 0.998337 0.056700 0.344973 0.056804 -0.936892 0.938555 -0.009816 0.344990
-1.455348 -31.962735 -3290.625315 281.053236 -0.018793 0.997518 0.067852 0.307829 0.070341 -0.948838 0.951256 -0.003055 0.308387
3.264204 -30.674841 -3563.428137 36.225828 -0.014388 0.997452 0.069868 0.282063 0.071087 -0.956759 0.959288 -0.005941 0.282367
27.945601 -43.136018 -1714.991065 2503.719559 -0.181957 0.973671 0.137318 -0.501617 0.028199 -0.864630 0.845737 0.226207 -0.483279
29.320241 -38.205087 116.660302 1306.302459 -0.182367 0.961961 0.203404 -0.577897 0.062501 -0.813713 0.795473 0.265941 -0.544516
28.328400 -37.275829 -1341.051585 1572.627830 -0.117530 0.975892 0.183905 -0.656621 0.062563 -0.751621 0.745007 0.209094 -0.633438
2.553381 -49.739646 -417.053071 -804.437817 -0.024712 0.988297 0.150527 -0.530040 -0.140620 0.836232 -0.847613 0.059121 -0.527312
3.242381 -50.394776 -470.592747 950.400714 -0.040742 0.983760 0.174806 -0.408387 -0.176066 0.895668 -0.911899 0.034897 -0.408927
1.029649 -49.144819 -548.583066 -278.718193 -0.039474 0.986717 0.157578 -0.467159 -0.157629 0.870009 -0.883292 0.039271 -0.467176
4.262491 -52.036610 -678.121788 -266.948875 -0.033942 0.985981 0.163366 -0.481733 -0.159359 0.861707 -0.875661 0.049451 -0.480389
0.818921 -47.229376 -554.392862 -909.631072 -0.018769 0.991308 0.130213 -0.593880 -0.115825 0.796173 -0.804335 0.062387 -0.590892
2.439054 -49.070969 -792.386687 -861.934983 -0.008797 0.992471 0.122163 -0.632716 -0.100127 0.767883 -0.774334 0.070539 -0.628833
4.237283 -50.900393 -849.686870 -1140.199822 -0.016746 0.990894 0.133599 -0.583959 -0.118153 0.803139 -0.811610 0.064567 -0.580620
7.560596 -66.401199 -1658.943237 11408.289637 0.049704 -0.932675 -0.357277 0.961157 0.141904 -0.236727 0.271488 -0.331634 0.903501
4.317021 -70.249434 1970.918700 12104.238399 -0.095178 0.931421 0.351277 0.943278 0.197139 -0.267139 0.318069 -0.305926 0.897352
8.194619 -57.639647 1149.569133 1577.033115 -0.006181 0.934623 0.355585 0.937594 0.129050 -0.322899 0.347677 -0.331399 0.877095
11.058522 -50.417182 115.218973 5117.435942 -0.011572 -0.923845 -0.382591 0.947020 0.112690 -0.300757 0.320967 -0.365802 0.873596
18.459202 -109.862939 1826.589694 -2289.261160 -0.037789 0.950509 0.308392 -0.720983 -0.239622 0.650204 -0.691922 0.197775 -0.694355
15.613810 -99.002502 4730.926647 -3504.572537 -0.026373 0.926797 0.374635 -0.852101 -0.216804 0.476361 -0.522712 0.306664 -0.795443
7.312013 -94.103945 3830.022273 -1635.049667 -0.003207 0.927579 0.373613 -0.883238 -0.177821 0.433901 -0.468914 0.328597 -0.819844
-1.867081 -55.016784 172.795493 5718.478223 -0.085735 0.919062 0.384675 -0.171873 -0.393951 0.902919 -0.981381 -0.011297 -0.191738
-3.385567 -47.815023 520.099613 4578.777105 -0.090146 0.910099 0.404468 -0.087564 -0.411791 0.907062 -0.992072 -0.046351 -0.116813
-3.166730 -47.211570 42.781022 2222.607415 -0.087583 0.922853 0.375063 -0.095076 -0.382535 0.919036 -0.991610 -0.044832 -0.121244
-4.523296 -43.064434 -84.801925 -61.110382 -0.101839 0.930066 0.352996 -0.022772 -0.356927 0.933854 -0.994540 -0.087064 -0.057529
-4.167020 -47.543672 362.197895 -2620.555115 -0.079100 0.949531 0.303537 -0.013424 -0.305478 0.952104 -0.996776 -0.071236 -0.036910
237949.964506 9880.031290 91587495.540522 3112908.580934 -0.391872 -0.162157 -0.905617 0.808213 -0.530986 -0.254647 -0.439577 -0.831721 0.339136
2357.534048 213.802962 693733.400887 41340.844764 -0.547583 0.089203 -0.831983 0.608411 -0.640163 -0.469072 -0.574447 -0.763043 0.296270
260.522252 55.906911 39698.425747 17231.924812 0.793037 -0.403400 0.456466 0.254634 -0.461203 -0.849972 -0.553402 -0.790291 0.263032
742.935903 163.600927 16798.106749 10073.866166 0.863639 0.191330 0.466391 0.455465 -0.692672 -0.559247 -0.216055 -0.695412 0.685363
271.057026 35.799634 107318.042110 14432.747945 -0.439014 -0.097293 -0.893197 0.766331 -0.559521 -0.315711 -0.469046 -0.823086 0.320196
477.525449 -3.725039 151595.516249 13364.790288 -0.452217 -0.361469 -0.815378 0.823843 -0.519560 -0.226583 -0.341735 -0.774208 0.532747
2.036053 -56.073092 2246.220673 -3646.059072 0.199364 0.937238 0.286074 0.415748 0.183459 -0.890784 0.887360 -0.296525 0.353080
2.810001 -49.067324 1806.136338 -1455.734241 0.191038 0.928674 0.317914 0.489410 0.190634 -0.850962 0.850872 -0.318156 0.418084
4.452051 -45.764982 1549.641873 -1409.505225 0.187722 0.925479 0.329012 0.564474 0.172477 -0.807230 0.803821 -0.337254 0.490032
-9.365967 -199.577972 1077.219530 22851.859811 0.852233 -0.129117 0.506978 -0.444262 -0.690369 0.570983 -0.276278 0.711842 0.645718
-6.245529 -192.761258 2260.916577 21407.508833 0.868385 -0.157140 0.470335 -0.425361 -0.723581 0.543598 -0.254905 0.672114 0.695188
0.831870 -194.863650 -2727.594907 -41330.598017 0.851408 -0.014338 0.524307 -0.337557 0.750119 0.568663 0.401447 0.661148 -0.633817
3.700409 -121.631761 -3075.903281 -7822.604027 0.884531 -0.025051 0.465809 -0.223269 0.854019 0.469896 0.409581 0.519638 -0.749813
9.538534 -167.517946 -3275.739314 -36369.562209 0.861454 -0.015959 0.507584 -0.263071 0.840920 0.472914 0.434385 0.540925 -0.720215
-4.027137 -146.540621 -2567.248137 -12139.131692 0.884499 -0.029256 0.465623 -0.253722 0.807377 0.532699 0.391518 0.589311 -0.706701
8.578832 -353.823538 -2421.780331 -109520.488765 0.825821 -0.004271 0.563916 -0.424850 0.652864 0.627113 0.370839 0.757463 -0.537334
-1.251821 -312.556439 -2530.956391 -78715.044886 0.826842 -0.018482 0.562130 -0.482385 0.490611 0.725675 0.289200 0.871182 -0.396743
-6.836187 -213.625346 -1537.622938 -35874.412711 0.855406 -0.038876 0.516497 -0.381424 0.627359 0.678923 0.350423 0.777759 -0.521818
-3.410502 -30.146174 652.433215 -381.134279 0.612489 -0.789202 -0.044922 0.789385 0.607665 0.087260 -0.041568 -0.088907 0.995172
-3.302269 -28.043849 873.797552 538.581182 0.741534 -0.670320 -0.028280 -0.665340 -0.729294 -0.159540 -0.086318 -0.137120 0.986786
-0.650142 -28.901853 1237.500293 -1297.802414 0.650829 -0.757420 -0.052311 0.753083 0.635285 0.171113 -0.096372 -0.150760 0.983862
2.560722 -30.508695 2822.948802 -2111.605901 0.479337 -0.873359 -0.086492 0.874870 0.467693 0.125957 -0.069554 -0.136045 0.988258
-5.074316 -445.516292 -4902.219240 -96967.599291 0.794782 -0.094881 0.599432 -0.580372 0.169975 0.796415 0.177453 0.980870 -0.080027
1.800571 -292.638732 -1655.929594 -39063.100015 0.813650 -0.103674 0.572036 -0.575752 -0.007417 0.817591 0.080520 0.994584 0.065725
-8.993726 -310.652286 -5108.506755 -41588.310174 0.819726 -0.084586 0.566476 -0.571892 -0.066568 0.817623 0.031450 0.994190 0.102942
0.892857 -367.820197 -3070.477944 64491.129117 0.620995 -0.396575 0.676087 0.729036 0.609031 -0.312388 -0.287873 0.686884 0.667323
-1.263755 -408.638453 -6307.519966 129775.792495 0.498103 -0.439138 0.747697 0.832358 0.483838 -0.270334 -0.243050 0.757006 0.606521
-3.887476 -251.799005 633.247914 35028.336303 0.662253 -0.333710 0.670865 0.749132 0.312705 -0.583966 -0.014908 0.889299 0.457082
-7.950168 -176.482521 -2768.973871 12797.924797 0.664813 -0.309829 0.679728 0.742641 0.372393 -0.556604 -0.080674 0.874831 0.477664
-1.248697 -400.365479 -4355.500801 94171.152719 0.650084 -0.358622 0.669911 0.752536 0.425987 -0.502220 -0.105266 0.830617 0.546803
-7.119638 -252.583699 1194.817903 -6787.587488 0.769356 -0.280530 0.573929 -0.626337 -0.154509 0.764087 0.125673 0.947328 0.294579
-5.949328 -170.195919 -3151.622798 -5314.866767 0.772312 -0.244671 0.586234 -0.623443 -0.114890 0.773382 0.121871 0.962775 0.241269
-4.506084 -212.195590 -48.711563 -11261.764304 0.797455 -0.276029 0.536539 -0.559531 -0.005515 0.828791 0.225811 0.961134 0.158845
