10726
21435
-35.953599 -59.808318 -2915.009099 7057.961721 0.090236 0.986495 -0.136690 0.967416 -0.054222 0.247320 -0.236568 0.154553 0.959244
-47.226870 -69.447725 -500.914716 5934.834905 0.188910 0.965352 -0.180021 0.914223 -0.105969 0.391109 -0.358481 0.238464 0.902566
-38.997552 -75.568972 -3663.878971 7400.019741 -0.128759 0.968375 -0.213707 0.910478 0.200842 0.361513 -0.393002 0.148028 0.907545
-42.251297 -61.329719 -75.835388 3928.162011 -0.611788 -0.785787 0.090856 0.742989 -0.531421 0.406890 -0.271446 0.316435 0.908948
-19.863265 -76.721201 -5684.914268 11651.229153 -0.128352 0.987395 -0.092611 0.955286 0.148177 0.255877 -0.266374 0.055628 0.962263
-23.101117 -53.859833 -4603.593901 9321.645998 0.060604 0.997002 -0.048115 0.989699 -0.053756 0.132687 -0.129703 0.055660 0.989989
-30.206568 -43.766534 -2212.998731 4594.193732 0.513074 0.857930 -0.026677 0.847139 -0.501125 0.176720 -0.138245 0.113269 0.983900
-37.233402 -51.079718 120.021519 3315.787702 0.700278 0.712843 -0.038292 0.689448 -0.661436 0.295237 -0.185130 0.233148 0.954656
-44.246629 -47.729494 -1465.203997 -184.071495 -0.457417 0.884119 0.095409 0.764607 0.445811 -0.465434 0.454034 0.139947 0.879925
-34.542895 -46.567491 -7152.154218 74.729043 0.181458 0.976282 -0.118096 0.902936 -0.212981 -0.373291 0.389590 0.038897 0.920167
-35.081002 -47.852879 -5925.434117 1495.173541 0.207287 0.964785 -0.161930 0.831642 -0.260953 -0.490179 0.515173 0.033060 0.856448
28.968979 -43.446420 -6646.057982 249.347397 0.068410 0.997647 0.004453 0.654168 -0.048227 0.754810 -0.753249 0.048723 0.655928
31.478865 -42.190872 -3524.987850 216.843124 0.115540 0.990681 -0.072122 0.629825 -0.016921 0.776553 -0.768096 0.135147 0.625911
31.024467 -42.597076 -1547.233544 -1251.090579 0.099243 0.990350 -0.096736 0.704635 -0.001302 0.709569 -0.702596 0.138583 0.697964
32.440367 -41.101610 2309.458074 -1236.109351 0.152138 0.972455 -0.176594 0.685957 0.024744 0.727221 -0.711560 0.231774 0.663298
32.184763 -42.490453 3576.412515 -1079.635985 0.147903 0.962285 -0.228327 0.768509 0.033491 0.638962 -0.622510 0.269976 0.734571
35.362355 -110.487118 -9375.569726 4021.848232 0.019600 -0.665882 0.745799 0.983536 -0.121191 -0.134053 0.179648 0.736148 0.652544
15.273366 -96.688364 -2721.967219 10160.764124 -0.022359 -0.680067 0.732809 0.878179 -0.363678 -0.310709 0.477809 0.636590 0.605352
28.690715 -98.164229 -6257.422418 10587.843498 0.119339 -0.721173 0.682399 0.916310 -0.184632 -0.355369 0.382276 0.667698 0.638784
9.615954 -73.915112 1762.229093 9213.881963 -0.036916 0.726088 -0.686610 0.793205 -0.396625 -0.462077 0.607835 0.561681 0.561295
51.256754 -115.284480 -9548.122488 3069.566334 0.108903 -0.728838 0.675970 0.990167 0.019468 -0.138532 0.087807 0.684410 0.723791
29.480633 -97.159268 -6427.858331 12468.592746 0.210168 -0.773678 0.597705 0.850176 -0.157235 -0.502471 0.482731 0.613758 0.624717
54.975920 -111.422640 -5815.574533 7865.486318 0.205550 -0.815797 0.540578 0.951159 0.036535 -0.306533 0.230319 0.577183 0.783462
-2.052349 -30.646938 3573.286739 1182.769556 0.213115 0.975031 0.062426 -0.127332 -0.035631 0.991220 -0.968694 0.219193 -0.116560
-3.578701 -31.938357 3736.919809 843.265371 0.197242 0.970374 0.139536 -0.210899 -0.097000 0.972683 -0.957401 0.221282 -0.185518
-11.958724 -28.209347 2472.662980 569.283164 0.181104 0.983142 0.025163 -0.139062 0.000271 0.990284 -0.973583 0.182844 -0.136767
-17.079232 -29.072064 2360.288981 578.372297 0.143419 0.982283 0.120624 -0.230991 -0.085293 0.969210 -0.962327 0.166867 -0.214666
-19.328885 -26.924318 1142.700860 398.691030 0.160049 0.969217 -0.187089 -0.127288 0.208214 0.969765 -0.978868 0.131396 -0.156694
-12.030276 -48.954823 -939.105683 -8580.543775 -0.155458 0.962506 -0.222294 -0.945908 -0.209910 -0.247376 0.284763 -0.171813 -0.943075
-16.493969 -87.679070 -54.860208 -19551.259125 -0.136555 0.972810 -0.187064 -0.969962 -0.169674 -0.174310 0.201311 -0.157642 -0.966759
-13.389531 -53.914168 -353.268165 -9673.357564 -0.077990 0.984192 -0.159010 -0.963159 -0.115558 -0.242838 0.257374 -0.134213 -0.956946
-10.490786 -37.205422 -1.766750 -101.545944 -0.126920 0.976860 -0.172149 -0.949973 -0.169641 -0.262246 0.285381 -0.130253 -0.949522
-12.866910 -62.525643 35.865061 -10858.842266 -0.002672 0.994281 -0.106763 -0.974653 -0.026473 -0.222149 0.223704 -0.103464 -0.969150
-10.550408 -42.085313 292.805021 -3613.076650 -0.044640 0.992826 -0.110920 -0.954512 -0.075154 -0.288546 0.294812 -0.092994 -0.951020
-3.641363 -99.382531 -162.139301 6411.891203 -0.203835 0.966664 0.154956 0.416337 -0.057662 0.907380 -0.886067 -0.249470 0.390705
-4.264211 -95.444827 -92.696210 -205.842718 -0.188353 0.964644 0.184350 0.576772 -0.043279 0.815758 -0.794895 -0.259978 0.548228
-4.127906 -94.069966 -150.269067 4313.844424 -0.201354 0.970703 0.131116 0.399265 -0.040897 0.915923 -0.894452 -0.236775 0.379333
-3.367487 -109.422484 -95.198821 10610.887577 -0.211563 0.973565 0.086090 0.199177 -0.043288 0.979007 -0.956854 -0.224269 0.184754
-4.940566 -90.642276 -276.971625 2712.370448 -0.196794 0.974188 0.110593 0.387999 -0.026208 0.921287 -0.900405 -0.224213 0.372826
-3.989093 -103.063752 -171.796376 9143.081598 -0.205919 0.976178 0.068363 0.192385 -0.028112 0.980917 -0.959472 -0.215141 0.182013
440.832335 -51.025321 120882.357477 -12746.289145 0.574727 0.515671 0.635431 -0.488193 0.839229 -0.239504 -0.656778 -0.172564 0.734074
244.765823 -38.630604 64314.568673 -3721.581903 0.663758 0.482350 0.571633 -0.419728 0.872798 -0.249105 -0.619075 -0.074585 0.781782
389.888783 -33.125957 109497.303567 -4413.561844 0.604132 0.588533 0.537265 -0.525782 0.801015 -0.286232 -0.598814 -0.109563 0.793358
434.726457 -37.589600 120143.388863 -9999.899995 0.452685 0.553082 0.699412 -0.525368 0.799215 -0.291967 -0.720462 -0.235279 0.652364
13.263405 -46.593768 -6843.349305 -3789.450707 -0.496101 -0.071126 0.865347 0.799211 0.352095 0.487125 -0.339332 0.933258 -0.117830
9.063749 -38.669228 -4904.811618 -1889.001771 -0.331306 -0.015003 0.943404 0.818344 0.493106 0.295229 -0.469627 0.869840 -0.151091
-14.223407 -59.925473 -9167.283605 -5542.717520 -0.510133 -0.029092 0.859603 0.774208 0.419817 0.473663 -0.374656 0.907143 -0.191639
28.764690 -34.232958 -4133.897872 -2877.683912 -0.474287 -0.164400 0.864884 0.780353 0.376287 0.499457 -0.407556 0.911801 -0.050179
-14.959866 -50.886510 1844.466579 -1111.393295 -0.425541 -0.841378 -0.333164 0.778395 -0.152555 -0.608957 0.461536 -0.518470 0.719843
-15.824463 -49.244729 2090.722938 -1410.858810 -0.378684 -0.863296 -0.333645 0.812790 -0.137771 -0.566031 0.442686 -0.485531 0.753850
-13.142874 -47.350922 1242.550145 -1245.817754 -0.295905 -0.869308 -0.395910 0.891644 -0.102692 -0.440936 0.342652 -0.483486 0.805500
-10.960620 -52.409115 486.968500 -727.816534 -0.389206 -0.847290 -0.361411 0.819446 -0.139262 -0.555981 0.420746 -0.512548 0.748510
-13.316476 -49.896192 -952.152093 1248.998257 0.427558 0.845128 0.320861 0.710931 -0.095120 -0.696800 0.558365 -0.526033 0.641497
-11.544763 -50.937677 -485.673877 1050.609251 0.034570 0.953793 0.298469 -0.211588 -0.284893 0.934915 -0.976747 0.095472 -0.191962
-10.032147 -48.442916 -121.536388 1798.154181 0.054697 0.952379 0.299972 -0.014836 -0.299614 0.953945 -0.998393 0.056629 0.002258
-11.919767 -51.314184 -440.733160 1309.214979 0.056959 0.938022 0.341864 -0.219503 -0.322276 0.920846 -0.973948 0.127490 -0.187542
-13.815500 -51.515460 -666.964823 -478.500905 0.037641 0.941604 0.334611 -0.407943 -0.291196 0.865325 -0.912231 0.169073 -0.373160
-13.511933 -51.357041 -796.714344 -476.112247 0.025360 0.959651 0.280047 -0.404775 -0.246289 0.880624 -0.914065 0.135688 -0.382197
-18.812574 -170.933176 1084.979403 -12065.540191 0.937358 0.299421 -0.178067 -0.197365 0.035234 -0.979697 0.287068 -0.953470 -0.092122
-16.034022 -191.549006 -292.944007 -18330.936713 0.942579 0.275814 -0.188339 -0.272134 0.307340 -0.911858 0.193619 -0.910752 -0.364750
-17.456928 -201.171410 1773.448115 -14551.485375 0.914455 0.367856 -0.168681 -0.247327 0.178097 -0.952424 0.320313 -0.912668 -0.253842
-16.347451 -176.420354 1512.626594 6178.345370 0.931821 0.328177 -0.154949 -0.128738 -0.100285 -0.986595 0.339316 -0.939278 0.051198
-35.171224 -43.819536 708.570680 107.393453 0.255329 0.955102 -0.150293 0.892129 -0.172809 0.417425 -0.372711 0.240661 0.896197
-35.795555 -42.587289 -2143.554198 498.767176 -0.134041 -0.962354 0.236447 0.966471 -0.074219 0.245815 -0.219012 0.261469 0.940036
-28.935022 -43.683400 -4557.595028 124.839052 -0.161111 -0.939160 0.303350 0.928856 -0.040404 0.368231 -0.333571 0.341094 0.878855
-27.476898 -44.053276 4673.072172 -11.191465 0.162665 0.939184 -0.302446 0.874735 0.004547 0.484581 -0.456486 0.343385 0.820797
-17.779513 -43.888946 6695.950769 -110.505401 0.165636 0.916278 -0.364691 0.885238 0.024843 0.464475 -0.434648 0.399772 0.807009
-18.585564 -43.652711 -6734.624795 236.750024 -0.161050 -0.916180 0.366984 0.937118 -0.025298 0.348095 -0.309633 0.399968 0.862643
-0.845109 -611.855757 -3694.203321 63597.775291 0.999670 0.024174 -0.008731 -0.005698 -0.122786 -0.992417 0.025063 -0.992139 0.122608
20.913199 -742.110265 -4706.053015 159402.690098 0.995693 0.009007 -0.092269 -0.090729 0.299206 -0.949865 -0.019052 -0.954146 -0.298735
-5.460479 -897.108436 -9256.571030 233229.092646 0.998491 -0.052733 0.015330 0.038531 0.473826 -0.879775 -0.039130 -0.879038 -0.475142
6.883552 -558.927489 1305.244425 49756.260867 0.999432 0.031262 0.012557 0.007425 0.159147 -0.987227 0.032861 -0.986760 -0.158825
3.062560 -736.427402 -2647.640235 246951.766515 0.997799 -0.038420 -0.054052 -0.012911 0.686928 -0.726610 -0.065046 -0.725709 -0.684920
-934.411094 -4446.953593 -325332.257612 2455561.654999 -0.550337 0.834128 -0.036862 -0.577211 -0.348188 0.738643 -0.603288 -0.427780 -0.673089
-3049.462203 -7030.303472 41472.249953 -2176747.637925 0.996623 0.014573 -0.080813 -0.076956 0.509128 -0.857244 -0.028651 -0.860567 -0.508530
-544.644941 -4055.339060 109323.342220 -4378861.859628 0.610714 -0.566064 0.553715 -0.199546 0.566683 0.799407 -0.766296 -0.598700 0.233126
-2.253704 -108.544894 563.150590 -5633.685565 0.841143 0.526704 -0.122720 0.325284 -0.674012 -0.663248 0.432051 -0.517968 0.738269
1.139438 -107.520646 776.790340 -6234.231845 0.828617 0.547554 -0.116527 0.394448 -0.718763 -0.572531 0.397247 -0.428445 0.811560
0.226913 -95.390687 419.687990 -949.515532 0.836791 0.536790 -0.107875 0.431233 -0.767546 -0.474247 0.337370 -0.350326 0.873758
-36.961845 -59.998462 6677.621841 -3406.438511 0.559209 0.607860 0.563731 -0.230986 -0.538822 0.810134 -0.796198 0.583248 0.160907
-41.046843 -51.209397 6688.163308 -2896.193847 0.588844 0.731972 0.342753 -0.223117 -0.260381 0.939372 -0.776840 0.629618 -0.009991
-55.606449 -63.830801 4744.337301 6259.349580 0.297127 0.402393 0.865907 0.441958 0.745913 -0.498284 -0.846397 0.530748 0.043790
-48.018110 -67.785688 6909.231258 4163.053269 0.471155 0.494873 0.730146 0.249808 0.719026 -0.648535 -0.845937 0.487957 0.215149
-31.731341 -65.455229 6451.317518 2103.816034 0.579672 0.551551 0.599811 0.112805 0.674694 -0.729427 -0.807004 0.490490 0.328883
49.737174 -504.382039 -3019.344532 146183.964006 0.408467 0.748352 0.522612 0.833231 -0.539467 0.121245 0.372666 0.385932 -0.843906
84.153268 -1141.031961 -4289.785844 -316391.814815 0.334848 0.795115 0.505637 -0.814212 0.514247 -0.269460 0.474275 0.321467 -0.819587
3.348428 -165.236260 -1705.405353 -26655.250080 0.400102 0.756278 0.517650 -0.696318 0.618095 -0.364829 0.595869 0.214480 -0.773911
9.127704 -181.411468 -2829.207548 -28586.019785 -0.482753 -0.606499 -0.631750 -0.645345 0.734017 -0.211538 0.592013 0.305576 -0.745750
15.781846 -31.659694 -8379.970719 -1283.594192 0.199395 0.893772 -0.401762 0.960214 -0.096401 0.262099 0.195527 -0.438039 -0.877434
34.542370 -42.673920 -5763.725486 654.891657 0.105106 0.931104 -0.349283 0.969212 -0.017270 0.245619 0.222665 -0.364345 -0.904253
15.693615 -49.921680 -6769.197720 3833.245837 0.120300 0.905882 -0.406085 0.985866 -0.060969 0.156047 0.116602 -0.419118 -0.900413
-9.009816 -55.365829 -8567.708441 9349.110369 0.243330 0.875186 -0.418138 0.952024 -0.133020 0.275600 0.185581 -0.465139 -0.865566
-12.662686 -101.793130 -11500.888272 24185.509600 0.350182 0.799544 -0.487957 0.921542 -0.200797 0.332327 0.167730 -0.566048 -0.807129
2.770740 -60.343539 -10891.070996 6493.278872 0.227200 0.818773 -0.527248 0.973386 -0.174247 0.148857 0.030009 -0.547036 -0.836571
-60.525034 -85.769854 -1854.649221 187.915282 -0.804479 0.017546 0.593722 0.052880 0.997710 0.042165 -0.591623 0.065317 -0.803565
-60.667389 -85.265942 -158.210931 -1048.793986 -0.701699 -0.042052 0.711231 0.015188 0.997147 0.073942 -0.712311 0.062688 -0.699058
-60.359365 -81.432519 -1131.327265 6485.109527 -0.782169 -0.072448 0.618840 0.151212 0.941451 0.301337 -0.604439 0.329273 -0.725419
-57.043839 -77.604730 -2426.689097 5352.892332 -0.876427 -0.110522 0.468680 0.058749 0.941491 0.331878 -0.477938 0.318401 -0.818655
-58.055160 -82.719233 -1672.520128 1640.530509 -0.877980 0.057171 0.475272 0.080875 0.996286 0.029557 -0.471817 0.064388 -0.879342
26.512492 -12.881895 -869.737780 -8417.490129 -0.099267 0.768866 0.631657 0.731886 0.486490 -0.477148 0.674158 -0.414936 0.611015
23.909780 -29.366935 -1693.991620 -3829.587263 0.006048 0.839183 0.543815 0.635786 0.416527 -0.649831 0.771841 -0.349681 0.531022
22.621581 -22.164336 -3766.050850 -3274.401421 -0.008934 0.757226 0.653092 0.647186 0.502257 -0.573488 0.762280 -0.417548 0.494553
22.663153 -29.905469 970.058964 -4971.255776 -0.030512 0.888972 0.456944 0.649416 0.365150 -0.667026 0.759821 -0.276395 0.588454
25.255226 -11.850363 3276.732848 -11378.665320 -0.146007 0.845675 0.513337 0.757315 0.429412 -0.492016 0.636519 -0.316920 0.703140
35.609038 7.526776 -4905.984296 -9786.265650 0.330031 -0.649028 -0.685451 0.710109 0.649125 -0.272729 0.621952 -0.396736 0.675112
12.985783 -46.306078 -2529.428120 -557.640537 0.317967 0.947677 0.028357 -0.099490 0.063096 -0.993036 0.942867 -0.312932 -0.114347
11.105726 -42.359884 -2739.497128 -2043.461463 0.323370 0.945185 0.045366 0.011338 0.044069 -0.998964 0.946205 -0.323549 -0.003534
16.491357 -46.336261 -2485.853089 -2169.048944 0.303804 0.950823 0.060316 -0.020839 0.069925 -0.997335 0.952507 -0.301737 -0.041058
18.151813 -48.887810 -0.888671 -507.434897 0.248561 0.966730 0.060417 -0.118721 0.092310 -0.988627 0.961313 -0.238561 -0.137716
18.317996 -46.573263 14.109582 -1934.295159 0.249571 0.964810 0.082796 -0.004254 0.086593 -0.996235 0.968347 -0.248279 -0.025715
-4.641960 -70.436667 -204.759729 -845.159456 0.682816 0.159736 0.712914 0.600705 -0.678150 -0.423398 -0.415831 -0.717354 0.559006
-6.495373 -68.671859 -124.154617 141.237379 0.683024 0.165918 0.711302 0.659742 -0.558012 -0.503352 -0.313400 -0.813076 0.490599
-4.031461 -67.692275 -108.248125 -1365.426395 0.650060 0.212657 0.729520 0.619662 -0.704023 -0.346943 -0.439820 -0.677590 0.589432
-2.198917 -65.688568 -122.999738 -1801.321219 0.643551 0.220298 0.733015 0.547095 -0.802152 -0.239247 -0.535284 -0.554996 0.636750
-2.015018 -62.430850 12.858753 1930.055679 0.617658 0.267487 0.739560 -0.557389 0.812299 0.171719 -0.554812 -0.518286 0.650817
-3.656840 -65.640526 -126.634321 -1546.337271 -0.622894 -0.264392 -0.736274 0.636999 -0.717760 -0.281164 -0.454130 -0.644141 0.615506
-13.156148 -113.778802 100.180494 1009.483034 0.024506 -0.554811 0.831615 0.474983 0.738435 0.478649 -0.879654 0.383274 0.281622
-12.527273 -112.461186 -643.845053 537.221056 0.006034 -0.493344 0.869813 0.466266 0.770874 0.433993 -0.884624 0.402946 0.234681
-10.287746 -114.324452 -161.971539 -1993.466374 0.022834 -0.543520 0.839085 0.248494 0.816050 0.521837 -0.968364 0.196591 0.153695
-9.429675 -116.530672 763.167989 -1028.337931 0.065488 -0.599319 0.797827 0.299808 0.774419 0.557126 -0.951749 0.202710 0.230396
-6.953243 -109.751510 676.756672 -4472.938221 0.067392 -0.589375 0.805044 0.059056 0.807820 0.586464 -0.995977 0.008019 0.089247
-7.144894 -105.910395 -234.139460 -4268.962978 0.022276 -0.538008 0.842646 0.012484 0.842939 0.537865 -0.999674 -0.001462 0.025494
1.230395 -72.021183 313.741387 1974.983209 0.048989 -0.520422 0.852503 -0.659710 0.623989 0.418832 -0.749922 -0.582923 -0.312759
0.845609 -77.318797 371.614610 -5260.939810 0.026811 -0.486411 0.873319 -0.550880 0.721817 0.418941 -0.834153 -0.492326 -0.248602
-0.655682 -75.903951 816.424289 922.874492 0.061964 -0.516498 0.854044 -0.659693 0.620930 0.423381 -0.748977 -0.589641 -0.302255
-1.078553 -84.337167 -753.701285 -8229.794204 -0.079959 0.539592 -0.838121 0.762538 -0.508410 -0.400069 -0.641984 -0.671088 -0.370807
-8.105451 -162.031064 630.076851 -9312.568356 -0.660120 -0.047822 -0.749636 0.751122 -0.052121 -0.658103 -0.007600 -0.997495 0.070326
-6.938480 -163.239917 -1040.644407 4122.634416 -0.640928 -0.074568 -0.763970 0.713613 0.308776 -0.628820 0.282786 -0.948207 -0.144690
-8.950637 -175.648226 1313.306883 1454.604699 -0.672197 -0.059534 -0.737975 0.715121 0.205894 -0.667990 0.191712 -0.976762 -0.095827
20.367274 -47.456627 7237.334971 -1407.049398 -0.091285 0.955000 0.282210 -0.511473 0.198193 -0.836131 0.854437 0.220669 -0.470365
22.351064 -49.368752 4368.614251 -1415.776783 -0.029814 0.962965 0.267972 -0.621748 0.192048 -0.759307 0.782650 0.189249 -0.592996
27.571001 -46.620628 3205.474624 -2108.050343 0.013738 0.967977 0.250661 -0.508363 0.222630 -0.831867 0.861033 0.115999 -0.495142
27.260992 -45.718017 5632.354250 -65.499349 -0.055839 0.965295 0.255123 -0.429933 0.207372 -0.878723 0.901132 0.158753 -0.403433
20.177083 -45.642618 7637.734081 -750.475087 -0.100055 0.952054 0.289106 -0.426709 0.221429 -0.876863 0.898837 0.211099 -0.384095
-2.633205 -236.964555 1340.882416 -17318.875251 0.984615 -0.153191 -0.084053 -0.147884 -0.474343 -0.867830 -0.093074 -0.866909 0.489700
-9.784909 -326.978490 429.060803 -53672.559170 0.977040 -0.196299 -0.082819 -0.175062 -0.518117 -0.837202 -0.121432 -0.832479 0.540586
-4.836489 -248.580979 228.220244 -5269.786618 0.984096 -0.162547 -0.071651 -0.097137 -0.154699 -0.983175 -0.148728 -0.974498 0.168028
0.022465 -286.302582 3314.987052 -32410.031966 0.991929 -0.101366 -0.076174 -0.114756 -0.462149 -0.879346 -0.053932 -0.880990 0.470052
-8.999466 -46.760736 -1823.142066 735.027377 -0.132598 0.952415 0.274452 -0.941980 -0.034943 -0.333845 0.308369 0.302795 -0.901789
-11.818374 -46.483054 -41.959032 -613.893791 -0.223346 0.935614 0.273393 0.923669 0.113554 0.365978 0.311370 0.334264 -0.889560
-12.555729 -47.899064 -1287.966739 641.401955 -0.133903 0.951981 0.275323 -0.893838 0.003950 -0.448373 0.427930 0.306133 -0.850387
-9.430484 -44.438735 -2120.458582 -929.628427 -0.229502 0.939299 0.255040 0.953829 0.164890 0.251039 0.193748 0.300879 -0.933774
-9.561038 -48.516915 -1814.162383 215.112909 -0.058775 0.956487 0.285795 -0.895962 0.075707 -0.437630 0.440224 0.281783 -0.852526
-3.797797 -47.095309 -2247.689842 673.712238 -0.044776 0.954632 0.294402 -0.948907 0.051503 -0.311325 0.312363 0.293300 -0.903551
-5.054897 -45.331857 -3262.771992 -1075.250573 -0.137097 0.955414 0.261513 0.973449 0.081094 0.214059 0.183307 0.283917 -0.941164
-13.583314 -339.090326 778.457950 -44867.158864 0.959663 0.058583 -0.274983 0.281148 -0.206792 0.937120 0.001965 0.976629 0.214921
-18.223008 -516.277086 10428.632579 54461.073018 0.976657 -0.051318 -0.208584 0.191467 -0.232198 0.953637 0.097372 0.971314 0.216952
-12.430669 -733.941276 12750.332849 200075.405857 0.956802 0.004230 -0.290710 0.289631 0.073410 0.954319 -0.025378 0.997293 -0.069014
23.817223 -2170.490099 -9554.083413 923337.628382 0.965699 0.128534 -0.225618 0.219680 0.058825 0.973797 -0.138438 0.989959 -0.028571
-16.306793 -353.656270 -1311.623452 45847.998894 0.969090 0.135465 -0.206188 0.135395 0.406619 0.903509 -0.206234 0.903499 -0.375710
-20.775767 -355.105503 3100.600758 72519.781807 0.981212 0.007877 -0.192770 0.176156 0.370924 0.911803 -0.078685 0.928630 -0.362568
-582.330729 -7611.144682 324841.329110 18409693.350039 0.912024 -0.114671 0.393779 0.021228 0.972030 0.233895 -0.409586 -0.204959 0.888949
-849.927000 -6177.596610 303027.673786 -9642540.665292 0.134200 0.809200 -0.572002 0.687733 0.339526 0.641674 -0.713452 0.479497 0.510949
-618.213850 -3730.369635 -160242.424815 788898.562500 -0.117338 0.152112 0.981373 -0.406210 0.894399 -0.187199 -0.906215 -0.420610 -0.043158
-13.351350 -39.323531 199.608812 -54.769572 -0.354274 -0.275755 -0.893560 0.394434 0.822313 -0.410151 0.847887 -0.497756 -0.182557
-13.573971 -40.179228 235.308732 343.065347 -0.398721 -0.251422 -0.881935 0.407962 0.812661 -0.416112 0.821334 -0.525708 -0.221454
-13.843706 -38.586457 175.530569 501.638894 -0.379342 -0.281694 -0.881333 0.312934 0.857335 -0.408716 0.870731 -0.430842 -0.237071
-13.772341 -37.807286 -426.976666 418.118237 -0.334215 -0.293751 -0.895551 0.301592 0.866896 -0.396905 0.892941 -0.402742 -0.201136
-13.648524 -37.761234 2.901832 839.832476 -0.382476 -0.331185 -0.862571 0.206387 0.879343 -0.429140 0.900620 -0.342159 -0.267976
10.687695 -157.095196 -1457.554459 10689.238128 0.234712 0.583703 -0.777304 0.491894 0.618385 0.612895 0.838422 -0.526205 -0.141978
6.704530 -150.012972 -1244.524705 17934.299110 0.258920 0.582101 -0.770791 0.452509 0.631912 0.629224 0.853344 -0.511708 -0.099791
11.848941 -139.314746 -1543.646756 10398.192980 0.240063 0.606712 -0.757806 0.275569 0.705929 0.652476 0.930823 -0.365464 0.002276
19.057639 -142.850645 -1823.518607 2474.598552 0.173502 0.575927 -0.798877 0.337433 0.727315 0.597621 0.925222 -0.373256 -0.068146
12.292798 -687.497689 3516.319280 179691.150806 0.303257 0.904194 -0.300780 -0.162887 -0.261811 -0.951274 0.938884 -0.337474 -0.067885
350.023519 -7218.973833 -24492.091544 2763057.207573 0.367487 0.922790 -0.115805 -0.045111 -0.106685 -0.993269 0.928934 -0.370238 -0.002423
6.603310 -354.247667 2828.706030 90046.276492 0.285572 0.832791 -0.474244 -0.599812 -0.230631 -0.766182 0.747445 -0.503258 -0.433657
-50.997286 -74.492010 -1121.140502 3306.145118 0.012458 0.974173 -0.225459 0.870509 0.100376 0.481807 -0.491994 0.202266 0.846776
-47.135807 -71.541430 1153.534662 2445.782723 0.303545 0.941053 -0.149265 0.823939 -0.180570 0.537140 -0.478525 0.286031 0.830181
-47.842822 -69.981601 1473.902664 3055.881004 0.449234 0.878628 -0.161869 0.787688 -0.304020 0.535835 -0.421588 0.368218 0.828661
-48.752060 -62.405983 -1754.130597 1252.438964 0.686073 -0.523414 -0.505313 -0.114447 0.608264 -0.785440 0.718475 0.596701 0.357410
-43.652194 -61.083224 -1013.934788 -2379.044881 0.776384 -0.489174 -0.397412 0.095841 -0.531587 0.841564 0.622930 0.691465 0.365833
-45.363819 -62.397700 593.410616 1729.301800 0.701926 -0.438376 -0.561362 -0.101025 0.718907 -0.687726 0.705049 0.539444 0.460332
-49.567149 -63.189247 -2865.872284 270.153628 0.732493 -0.597925 -0.325484 0.077851 -0.401400 0.912588 0.676309 0.693804 0.247473
-48.164726 -63.105690 -382.608461 41.830388 0.609325 -0.426824 -0.668240 -0.103954 0.792483 -0.600970 0.786077 0.435652 0.438510
-55.976415 -67.146985 3726.086386 -2203.419050 -0.639400 0.716515 0.278880 0.008604 0.369357 -0.929248 0.768826 0.591761 0.242332
-52.112082 -64.000931 -5174.364264 -1310.830194 0.597629 -0.486186 -0.637544 -0.126580 0.727983 -0.673809 0.791718 0.483388 0.373522
-33.979627 -109.005081 -2709.431532 -2502.673375 0.704310 0.535687 -0.465819 0.612498 -0.126833 0.780230 -0.358878 0.834837 0.417437
-30.933488 -100.382665 -3476.591670 -7379.075809 0.675150 0.551875 -0.489496 0.523771 0.108634 0.844904 -0.519457 0.826821 0.215712
-24.493432 -109.033593 -2163.170169 -2194.835682 0.702763 0.593724 -0.391939 0.556276 -0.115158 0.822980 -0.443487 0.796386 0.411203
-39.788619 -99.643738 -3600.109372 -6610.559349 0.693237 0.463905 -0.551556 0.592666 0.068509 0.802529 -0.410084 0.883232 0.227448
-29.939289 -110.382906 -1871.613827 1133.962389 0.703032 0.575481 -0.417813 0.653021 -0.289740 0.699725 -0.281621 0.764769 0.579498
-36.659950 -110.243187 -2109.360073 2424.893119 0.715469 0.511391 -0.476007 0.679245 -0.349723 0.645229 -0.163494 0.784967 0.597576
-39.902903 -109.400218 -2072.935429 -1990.688827 0.729581 0.432561 -0.529719 0.646174 -0.182325 0.741091 -0.223986 0.882977 0.412531
20.480643 -108.756802 -2758.289188 6322.587803 -0.094761 -0.636756 0.765220 0.957218 -0.269399 -0.105636 0.273413 0.722472 0.635043
7.325434 -100.436635 -665.056872 9321.825860 -0.151388 -0.613867 0.774757 0.850208 -0.480668 -0.214718 0.504209 0.626199 0.594683
3.235898 -81.496441 -610.860380 7371.034107 0.107021 0.660388 -0.743259 0.744441 -0.548748 -0.380372 0.659055 0.512605 0.550348
3.824288 -33.320016 3714.478160 358.101858 0.198894 0.971572 0.128409 -0.215902 -0.084369 0.972763 -0.955943 0.221201 -0.192984
-1.456547 -32.233831 3760.364428 -202.385223 0.185115 0.962792 0.196888 -0.304682 -0.134249 0.942945 -0.934292 0.234541 -0.268494
-13.773246 -85.312400 -1195.962887 -19187.030711 -0.178820 0.952042 -0.248271 -0.951807 -0.231298 -0.201407 0.249173 -0.200290 -0.947521
-16.882706 -112.466803 419.439881 19533.137244 -0.133153 0.964148 -0.229542 0.991085 0.128440 -0.035422 -0.004670 -0.232212 -0.972654
-3.741367 -98.104488 -410.005328 1265.943994 -0.199290 0.955742 0.216429 0.596486 -0.056919 0.800602 -0.777488 -0.288649 0.558743
-4.352067 -101.879994 -236.925778 -5185.834976 -0.190280 0.956278 0.222097 0.711005 -0.021762 0.702850 -0.676953 -0.291650 0.675777
174.030802 -26.202079 52285.464481 -1708.263096 0.643057 0.571050 0.510273 -0.508318 0.816645 -0.273319 -0.572791 -0.083621 0.815425
37.029983 -37.921995 7598.966260 -5265.321091 0.552025 0.692254 0.464816 -0.545599 0.721425 -0.426459 -0.630548 -0.018187 0.775937
20.420900 -27.891974 -2432.809393 -1368.363516 -0.367748 -0.140999 0.919174 0.789228 0.475437 0.388689 -0.491814 0.868377 -0.063560
11.424646 -31.227578 -852.084029 249.584162 -0.181712 0.007091 0.983326 0.821834 0.550195 0.147901 -0.539972 0.835006 -0.105804
6.956702 -40.156950 -2202.890879 1103.302637 -0.104721 0.110287 0.988368 0.814880 0.579223 0.021707 -0.570091 0.807674 -0.150527
-6.930708 -49.535452 -8256.570300 -1717.514134 -0.253365 0.099079 0.962284 0.813261 0.560481 0.156419 -0.523844 0.822219 -0.222583
-16.301183 -44.472582 662.221765 -1490.355791 -0.250247 -0.899463 -0.358250 0.868362 -0.044879 -0.493896 0.428164 -0.434687 0.792290
-9.492899 -43.081152 -2028.170921 442.798608 -0.016289 -0.906618 -0.421638 0.947381 0.120836 -0.296425 0.319693 -0.404280 0.856945
-19.320208 -43.025710 -247.477593 -1268.699011 0.246218 0.919695 0.305841 0.812117 -0.023537 -0.583020 0.529001 -0.391928 0.752695
-12.347721 -41.112128 3310.620723 118.231893 -0.036677 0.912408 0.407636 0.917905 0.192033 -0.347237 0.395101 -0.361436 0.844547
-10.548336 -48.665144 -286.765440 2089.682698 0.075198 0.938941 0.335760 -0.029750 -0.334451 0.941943 -0.996725 0.080821 -0.002784
-14.502737 -216.540017 709.062911 -17846.913098 0.921044 0.343909 -0.182771 -0.342618 0.492360 -0.800122 0.185180 -0.799567 -0.571315
-14.339453 -206.159326 -877.332069 -2841.574645 0.945195 0.255873 -0.202821 -0.321813 0.625107 -0.711111 0.055169 -0.737408 -0.673191
-12.266149 -229.508101 -2722.896135 -19109.194046 0.960526 0.175732 -0.215659 -0.270326 0.406562 -0.872715 0.065685 -0.896563 -0.438018
-36.928002 -42.206180 -1573.287789 564.951746 0.184454 0.975847 -0.117048 0.949043 -0.145881 0.279350 -0.255528 0.162611 0.953028
-633.272056 -4656.249635 725383.215947 -9980047.822260 0.839910 -0.162457 0.517841 0.209077 -0.783651 -0.584959 -0.500837 -0.599582 0.624231
-0.971790 -151.756501 1108.849103 -22917.144157 0.818156 0.563221 -0.115771 0.302439 -0.592765 -0.746432 0.489031 -0.575684 0.655314
0.366527 -104.448575 749.565632 -6463.368704 0.818138 0.563189 -0.116055 0.409417 -0.712246 -0.570161 0.403768 -0.418955 0.813295
1.137092 -202.203594 -3669.991717 -45643.076156 0.342764 0.806381 0.481936 -0.591173 0.583850 -0.556448 0.730088 0.094177 -0.676833
11.285430 -216.769729 -2849.806284 -39548.425291 0.208259 0.870053 0.446806 -0.617077 0.471310 -0.630146 0.758844 0.144480 -0.635044
-57.745230 -86.022796 2437.024313 338.287898 -0.575997 -0.046211 0.816145 0.067256 0.992337 0.103654 -0.814681 0.114595 -0.568475
-60.802947 -83.735122 493.695986 6749.909188 -0.670932 -0.038093 0.740539 0.213029 0.946678 0.241702 -0.710259 0.319922 -0.627042
16.295255 -28.130249 -2578.916142 -820.220808 0.083048 0.843226 0.531105 0.556722 0.402770 -0.726524 0.826537 -0.356014 0.435994
19.815412 -36.326197 -1163.271566 -283.354904 0.072342 0.902521 0.424527 0.548344 0.319552 -0.772791 0.833118 -0.288692 0.471775
6.481433 -42.887671 -2910.040599 -1466.211601 0.336549 0.941610 0.010265 -0.053450 0.029985 -0.998120 0.940148 -0.335368 -0.060420
2.802873 -38.112772 -2233.485015 -2886.838699 0.337243 0.940715 0.036370 0.076469 0.011132 -0.997010 0.938307 -0.339016 0.068181
-7.329155 -69.470406 -133.551605 1090.476191 0.720955 0.112876 0.683727 0.629694 -0.518638 -0.578359 -0.289324 -0.847510 0.444993
-8.748698 -65.199447 -132.063907 2487.712962 -0.694475 -0.161529 -0.701151 0.698695 -0.384129 -0.603548 -0.171842 -0.909040 0.379628
-7.672009 -66.201586 -235.545574 1606.211933 -0.661589 -0.212099 -0.719246 0.728179 -0.410732 -0.548684 -0.179042 -0.886743 0.426182
-15.883275 -109.060981 42.812232 4918.578104 0.002092 -0.514564 0.857449 0.665846 0.640451 0.382717 -0.746087 0.570128 0.343960
-14.350599 -105.294064 -694.185581 5139.273170 0.009787 -0.431344 0.902134 0.658076 0.682049 0.318974 -0.752888 0.590551 0.290533
-10.483638 -113.177632 -1398.374497 475.778984 -0.002836 -0.418164 0.908367 0.466405 0.802965 0.371098 -0.884567 0.424720 0.192756
1.166389 -72.374343 -70.683786 -4333.883909 0.021716 -0.504637 0.863058 -0.555634 0.711572 0.430043 -0.831143 -0.488883 -0.264941
0.469149 -85.089594 -145.616239 -8573.411910 0.006658 -0.478073 0.878295 -0.413778 0.798277 0.437654 -0.910353 -0.366333 -0.192501
1.245440 -90.270194 146.047395 -9025.092651 0.011734 -0.463022 0.886269 -0.397095 0.811285 0.429105 -0.917702 -0.356968 -0.174344
20.529115 -50.415014 -2176.322112 -2083.910704 0.063707 0.975322 0.211396 -0.619294 0.204743 -0.757995 0.782571 0.082627 -0.617054
-7.818003 -245.187161 704.105211 31874.278571 0.988146 -0.131933 -0.078499 0.030871 0.671645 -0.740229 -0.150384 -0.729031 -0.667756
-10.052417 -298.408583 1025.450407 49218.261428 0.987784 -0.117042 -0.102875 -0.030413 0.502684 -0.863935 -0.152831 -0.856510 -0.492984
-6.282282 -255.837153 997.959183 29644.912030 0.986857 -0.137600 -0.084737 -0.036986 0.318120 -0.947329 -0.157309 -0.938012 -0.308849
-13.167220 -333.729969 3822.067036 67845.527429 0.984418 -0.134960 -0.112722 -0.037548 0.464923 -0.884555 -0.171786 -0.875004 -0.452611
-14.083240 -47.518305 883.237116 627.098475 -0.215034 0.932379 0.290569 -0.878510 -0.054710 -0.474581 0.426592 0.357319 -0.830869
-10.403866 -46.003525 2007.520933 -353.302956 -0.296444 0.907487 0.297637 0.900754 0.162084 0.402953 0.317432 0.387551 -0.865472
-10.459809 -44.504126 559.162196 -435.774058 -0.314059 0.910921 0.267564 0.925674 0.231182 0.299471 0.210938 0.341729 -0.915820
-7.829772 -383.609611 -720.823898 -63072.576036 0.966722 0.054809 -0.249888 0.241600 -0.516798 0.821309 0.084126 0.854351 0.512843
-12.965537 -41.080117 616.836612 446.937713 -0.373621 -0.241661 -0.895549 0.496502 0.763412 -0.413144 0.783513 -0.599001 -0.165241
7.219882 -174.413250 -915.446077 -20007.834435 0.241805 0.569129 -0.785890 -0.663152 -0.494327 -0.562024 0.708351 -0.657064 -0.257888
4.723890 -166.918412 -871.429092 -17849.773408 0.250591 0.559744 -0.789868 -0.658181 -0.499817 -0.563010 0.709931 -0.660961 -0.243164
3.457488 -146.983642 -818.164994 17349.383928 0.265838 0.572873 -0.775336 0.437376 0.645060 0.626578 0.859088 -0.505682 -0.079080
1.990245 -423.237918 -3108.113855 -34079.392070 0.375051 0.806035 -0.457870 0.342697 -0.579490 -0.739425 0.861333 -0.120411 0.493564
21.624135 -1239.081478 1827.057837 -426616.341672 0.386350 0.805735 -0.448915 0.510686 -0.592163 -0.623332 0.768071 -0.011570 0.640260
-43.209082 -70.699347 -1951.981204 91.026347 0.004407 0.985561 -0.169266 0.816191 0.094253 0.570042 -0.577765 0.140666 0.803991
-20.936615 -73.026014 -7589.492884 -227.044633 -0.099932 0.990710 -0.092234 0.838618 0.133751 0.528044 -0.535475 0.024580 0.844193
-43.395037 -62.070418 -347.744983 -3140.213529 0.799870 -0.444073 -0.403742 0.040424 -0.631319 0.774469 0.598811 0.635796 0.487021
-43.081226 -62.803570 -802.582666 247.573371 0.798597 -0.518143 -0.306221 0.087699 -0.403177 0.910910 0.595443 0.754305 0.276535
-18.474213 -101.409607 -2288.255084 -7216.914557 0.684414 0.599652 -0.414724 0.431309 0.125618 0.893416 -0.587835 0.790340 0.172661
-23.834451 -84.682681 -3941.849137 -9158.055160 0.642589 0.552470 -0.530901 0.423935 0.320815 0.846969 -0.638246 0.769321 0.028059
-36.206552 -84.080044 -4571.269195 -9425.742904 0.632253 0.474313 -0.612603 0.528037 0.314807 0.788716 -0.566950 0.822146 0.051416
44.908268 -112.281092 -9330.665727 -5472.552591 -0.071817 -0.603740 0.793940 0.995847 0.001251 0.091032 -0.055953 0.797180 0.601143
64.233433 -120.166100 -11325.120920 -6160.263778 0.047587 -0.709866 0.702727 0.988215 0.135928 0.070389 -0.145487 0.691096 0.707969
4.936953 -32.471790 3366.720804 1257.997077 0.202027 0.977534 0.060101 -0.113658 -0.037550 0.992810 -0.972763 0.207405 -0.103518
-1.056300 -27.751841 4178.401301 1696.534751 0.227659 0.973514 -0.021024 -0.035340 0.029838 0.998930 -0.973099 0.226672 -0.041197
-9.635885 -103.905679 -2310.032614 18348.521080 -0.187366 0.941210 -0.281099 0.981808 0.188408 -0.023571 0.030776 -0.280402 -0.959389
-10.868432 -119.382204 -1824.354986 6433.957260 -0.165760 0.942094 -0.291518 0.943002 0.064922 -0.326392 -0.288565 -0.329005 -0.899158
-16.469767 -126.138623 -73.261674 -6589.734049 -0.128069 0.960435 -0.247311 -0.932044 -0.031328 0.360989 -0.338959 -0.276736 -0.899180
-3.219528 -103.253408 -526.356653 -4139.027328 -0.193147 0.948832 0.249824 0.743247 -0.024732 0.668560 -0.640530 -0.314811 0.700440
-4.413467 -107.938307 -32.443891 -5495.151423 -0.177684 0.956978 0.229392 0.828614 0.019742 0.559472 -0.530874 -0.289487 0.796474
245.667359 -23.859896 67957.918266 796.504439 0.563628 0.636797 0.526129 -0.572440 0.760307 -0.306993 -0.595512 -0.128148 0.793059
347.802340 -25.043339 91875.539414 1823.224549 0.421188 0.582792 0.694949 -0.495951 0.789518 -0.361517 -0.759364 -0.192394 0.621571
-3.650420 -165.351027 2222.982203 -4369.300331 0.883542 0.439826 -0.160954 -0.379359 0.470531 -0.796672 0.274663 -0.764953 -0.582586
-0.904967 -163.260261 1505.429201 4337.363773 0.902308 0.407300 -0.141233 -0.260324 0.253669 -0.931603 0.343615 -0.877359 -0.334917
-7.688897 -183.260213 1387.421351 -11577.095957 0.904444 0.396735 -0.156789 -0.295517 0.317626 -0.900990 0.307653 -0.861229 -0.404517
-6.208507 -176.202526 425.582054 4893.848133 0.919744 0.366013 -0.141791 -0.177931 0.066787 -0.981774 0.349873 -0.928210 -0.126552
-7.570701 -203.467853 1647.072185 -15520.531288 0.878248 0.442508 -0.181294 -0.437995 0.592184 -0.676371 0.191940 -0.673427 -0.713901
-12.905229 -187.663133 2036.288614 1053.982799 0.915626 0.371105 -0.154630 -0.207487 0.106759 -0.972395 0.344353 -0.922433 -0.174751
-12.871856 -207.019659 2093.745310 -14233.680995 0.899070 0.403140 -0.170739 -0.331505 0.372135 -0.866960 0.285968 -0.836059 -0.468218
-32.719925 -43.275458 -2511.188227 587.558273 0.278719 0.960281 -0.013250 0.883104 -0.250847 0.396488 -0.377417 0.122210 0.917944
-33.132291 -44.213560 2159.636798 10.610306 0.219884 0.955494 -0.196680 0.844418 -0.085470 0.528823 -0.488477 0.282360 0.825629
-33.962839 -44.601703 -1331.455521 58.475578 0.311214 0.949404 -0.042158 0.813609 -0.243252 0.528081 -0.491108 0.198646 0.848147
6.244887 -483.097673 7484.048510 20269.357258 0.990511 0.137227 0.007552 0.104983 -0.790947 0.602811 -0.088695 0.596298 0.797848
31.618321 -1830.317792 36709.862989 -754493.823020 0.997968 0.063230 0.007819 0.060361 -0.977619 0.201539 -0.020387 0.200657 0.979449
-4.586985 -741.624741 -3994.724870 192091.739600 0.978610 0.205697 -0.003206 0.177145 -0.834642 0.521530 -0.104601 0.510942 0.853227
5.418610 -630.666683 -199.724375 -13993.278943 0.994253 0.102878 0.029602 0.101123 -0.993315 0.055673 -0.035132 0.052359 0.998010
8.845672 -417.535288 1104.136683 -33674.821216 0.986360 0.145424 0.077114 0.106848 -0.922023 0.372099 -0.125213 0.358784 0.924984
2.156535 -838.966862 -6901.908127 32766.871768 0.971050 0.237253 -0.027808 0.156003 -0.541693 0.825973 -0.180901 0.806400 0.563023
-6.499627 -60.972340 3389.713177 -2452.943936 0.630284 0.594999 0.498717 -0.081361 -0.588215 0.804601 -0.772090 0.547703 0.322333
-16.636009 -64.899983 4597.112402 1299.073475 0.617726 0.573694 0.537857 0.013321 0.676222 -0.736577 -0.786281 0.462168 0.410078
-7.007872 -65.142434 3208.736063 1067.846244 0.627750 0.594611 0.502363 -0.040240 0.669291 -0.741910 -0.777375 0.445518 0.444074
-17.101121 -64.034912 4353.264670 -616.079756 0.629099 0.563282 0.535676 -0.136814 0.758605 -0.637025 -0.765191 0.327463 0.554302
-4.152961 -63.554260 3024.293574 -913.291430 0.624749 0.616061 0.479748 -0.169346 0.706692 -0.686956 -0.762241 0.347931 0.545832
-11.443115 -225.755665 -1218.586782 -49840.082889 -0.461094 -0.673403 -0.577859 -0.464121 0.738060 -0.489754 0.756296 0.042374 -0.652856
48.232969 -55.001573 -3025.886812 623.143285 0.119428 0.959652 -0.254567 -0.939454 0.026281 -0.341665 0.321189 -0.279958 -0.904688
54.126685 -69.619751 -5184.784659 7087.464174 0.223490 0.948261 -0.225507 -0.871676 0.090917 -0.481575 0.436156 -0.304196 -0.846896
60.007934 -69.810614 -1978.991288 3214.312717 0.081709 0.989391 -0.120123 -0.913531 0.026160 -0.405927 0.398478 -0.142904 -0.905977
118.143655 -51.178177 -31879.945823 2597.298401 -0.655498 -0.354478 0.666834 0.073816 0.848692 0.523712 -0.751581 0.392515 -0.530149
389.751483 -110.495096 -141853.957277 19887.527751 -0.585551 -0.248352 0.771655 0.034828 0.943327 0.330032 -0.809887 0.220125 -0.543717
292.798334 -70.846197 -77870.122599 12156.789856 -0.790414 -0.361455 0.494566 -0.119607 0.882884 0.454103 -0.600782 0.299776 -0.741077
1658.427993 -29.197144 -461171.109863 21643.891907 -0.669774 -0.260155 0.695501 -0.142224 0.964224 0.223709 -0.728818 0.050918 -0.682812
50.694769 -58.937267 -11453.167458 2894.167522 -0.760083 -0.550711 0.344952 -0.176313 0.685696 0.706211 -0.625450 0.475960 -0.618283
123.505620 -60.880282 32689.421929 4131.035836 0.845733 0.506652 -0.167450 -0.318367 0.730938 0.603632 -0.428227 0.457201 -0.779480
544.056412 -90.701778 -121314.645400 -2289.176599 -0.839772 -0.441111 0.316549 -0.334547 0.879600 0.338205 -0.427622 0.178115 -0.886236
14.029848 -20.418627 -2599.606664 -2976.756012 0.004644 0.737933 0.674858 0.621065 0.526799 -0.580311 0.783745 -0.421825 0.455858
-1.233801 -41.041013 -2398.443886 -1777.306767 0.347002 0.937832 0.007758 -0.024905 0.017483 -0.999537 0.937534 -0.346648 -0.029423
-1.346969 -30.660047 -2138.934701 -2866.986814 0.341970 0.937901 0.058294 0.168933 -0.000334 -0.985627 0.924402 -0.346903 0.158557
3.892600 -29.749791 -1568.937574 -2637.833196 0.314637 0.944769 0.091735 0.201331 0.028021 -0.979122 0.927615 -0.326537 0.181395
-4.250844 -37.150848 -1967.668321 -2917.399513 0.337406 0.941011 0.025598 0.074705 0.000340 -0.997206 0.938390 -0.338376 0.070183
-3.003360 -70.245384 -148.942237 -1429.028211 0.673141 0.171475 0.719359 0.538136 -0.780795 -0.317442 -0.507239 -0.600796 0.617862
-0.623294 -63.340437 -150.803793 1629.515049 0.632474 0.234511 0.738228 -0.469753 0.873926 0.124842 -0.615880 -0.425744 0.662898
-0.386645 -59.131670 -26.777535 1589.540129 0.610384 0.276709 0.742201 -0.473650 0.878528 0.061994 -0.634891 -0.389384 0.667303
-11.453261 -116.163933 735.164892 573.690857 0.057214 -0.608821 0.791242 0.513787 0.697489 0.499531 -0.856008 0.377950 0.352710
-7.525764 -120.747911 1466.914934 -2636.423651 0.095549 -0.649154 0.754632 0.449319 0.704602 0.549226 -0.888247 0.286592 0.359002
-5.759778 -118.178787 1354.392293 -2808.044769 0.105057 -0.634394 0.765838 0.234419 0.764196 0.600876 -0.966442 0.116400 0.228998
