13474
26940
-42.330132 -66.873501 -2028.189752 8530.221937 -0.012072 0.992875 0.118544 0.759269 0.086246 -0.645036 0.650665 -0.082220 0.754901
-48.812186 -72.095578 712.771723 6428.068145 0.012865 0.999191 0.038103 0.819661 0.011287 -0.572737 0.572704 -0.038599 0.818853
-45.814919 -87.073635 -1078.154275 7055.151992 -0.215199 0.950152 0.225611 0.854089 0.295136 -0.428284 0.473521 -0.100526 0.875027
-48.028816 -66.241685 1136.812787 5975.611287 0.298196 0.913797 -0.275778 0.728421 -0.404572 -0.552923 0.616832 0.036003 0.786271
-23.463400 -85.781942 -6183.010675 11900.681110 -0.055546 0.954053 0.294444 0.792178 0.221615 -0.568631 0.607758 -0.201666 0.768090
-35.126323 -60.186953 -3172.285860 8992.973951 0.001351 0.982151 0.188089 0.694740 0.134363 -0.706600 0.719260 -0.131628 0.682158
-40.197513 -51.503780 1301.739865 3743.573782 0.427997 0.800111 -0.420287 0.542798 -0.599385 -0.588309 0.722626 -0.023664 0.690834
-40.891341 -65.281415 -108.745125 2602.984598 -0.219786 0.082842 0.972024 0.836511 -0.496659 0.231473 0.501940 0.863983 0.039860
-40.497778 -66.743309 122.410186 980.556021 -0.122014 0.153697 0.980556 0.919425 -0.354626 0.169993 0.373858 0.922289 -0.098043
-41.471383 -69.279319 -376.767992 452.274779 -0.175494 0.031230 0.983985 0.922255 -0.344492 0.175418 0.344454 0.938270 0.031654
-51.223235 -183.768128 15791.154100 76033.232133 0.039103 0.898565 0.437095 -0.214195 0.434799 -0.874683 0.976008 0.059421 -0.209470
-53.649085 -560.758306 4409.718243 212781.907999 0.338611 0.933140 0.120798 -0.567057 0.304826 -0.765198 0.750859 -0.190605 -0.632361
-33.207687 -73.494516 4938.312176 16508.669979 0.255339 0.946215 -0.198694 -0.206568 -0.147372 -0.967270 0.944527 -0.288026 -0.157828
-27.160275 -61.093884 750.908589 7867.572462 0.251734 0.923343 -0.289944 -0.143639 -0.260627 -0.954694 0.957078 -0.281977 -0.067020
20.635739 -45.965775 547.267230 123.746519 -0.606502 0.790640 0.083926 0.585586 0.515601 -0.625495 0.537814 0.330218 0.775701
16.669516 -46.042816 -269.118437 633.004238 -0.617115 0.779603 0.106715 0.622308 0.566541 -0.540151 0.481562 0.266925 0.834775
27.876261 -46.344361 -6331.879738 542.793310 -0.589711 0.801912 0.095806 0.655719 0.544669 -0.522847 0.471460 0.245507 0.847025
18.406296 -46.671672 6070.925477 872.863768 -0.634649 0.765775 0.103964 0.595841 0.570547 -0.565198 0.492132 0.296756 0.818378
31.762159 -47.300393 -7346.227692 -33.468611 -0.579295 0.814445 0.033126 0.638814 0.478865 -0.602168 0.506295 0.327671 0.797682
25.253755 -49.780313 -7517.398077 -1476.524019 -0.566463 0.823148 0.039338 0.578807 0.431387 -0.692018 0.586603 0.369233 0.720808
12.200633 -48.895353 -5946.929724 -1645.727625 -0.580937 0.811106 0.067967 0.542694 0.448216 -0.710341 0.606626 0.375778 0.700568
11.656947 -47.048537 5638.774457 -1208.067375 -0.622721 0.779052 0.072780 0.512585 0.476458 -0.714314 0.591164 0.407512 0.696031
24.222938 -45.711760 7612.947497 505.296589 -0.634917 0.766132 0.099607 0.523851 0.521678 -0.673374 0.567856 0.375357 0.732562
-22.081949 -46.306311 2273.748586 8193.223785 0.761357 0.184386 0.621561 -0.365835 0.913679 0.177073 -0.535257 -0.362204 0.763091
-16.300754 -41.719486 2547.308335 8460.079462 0.836583 0.063137 0.544190 -0.215865 0.950964 0.221518 -0.503518 -0.302790 0.809189
-22.357295 -27.391392 235.430357 4981.374016 0.814646 -0.335038 0.473394 0.129683 0.900820 0.414375 -0.565274 -0.276177 0.777298
-13.882318 -53.612854 2298.361616 5452.475926 0.821193 0.114490 0.559047 -0.318381 0.904939 0.282347 -0.473578 -0.409851 0.779581
-27.551403 -29.996781 749.477277 9274.776614 0.520911 0.536423 0.664004 -0.591968 0.787449 -0.171750 -0.615000 -0.303603 0.727736
-18.721075 -57.048884 2133.246885 3223.922553 0.760384 0.187121 0.621934 -0.433776 0.859020 0.271887 -0.483378 -0.476519 0.734354
-26.137691 -50.280801 1637.576021 7790.860056 0.651469 0.310651 0.692159 -0.498787 0.862816 0.082220 -0.571664 -0.398804 0.717046
-1.536108 -55.018747 196.494125 -83.165619 0.376094 0.872082 -0.313092 -0.506352 0.476420 0.718771 -0.775990 0.111791 -0.620759
-0.242065 -52.942303 381.843308 -520.560638 0.394552 0.856766 -0.332084 -0.485785 0.501259 0.716067 -0.779963 0.121205 -0.613977
0.210672 -53.792692 443.598559 77.124408 0.405576 0.848268 -0.340515 -0.603303 0.528282 0.597448 -0.686683 0.036877 -0.726021
23.868918 -108.476653 4852.678526 2863.957177 -0.014773 0.977838 0.208843 -0.049364 0.207898 -0.976904 0.998672 0.024741 -0.045199
30.565055 -103.147005 5660.436359 3310.219916 -0.019973 0.974769 0.222322 -0.247153 0.210651 -0.945802 0.968771 0.073838 -0.236709
36.632535 -99.558015 3378.760509 3132.531911 0.090611 0.989338 0.114021 -0.248272 0.133318 -0.959472 0.964443 -0.058630 -0.257705
-3.581838 -56.787431 78.402273 6961.202894 0.066848 0.982489 0.173917 -0.290561 -0.147583 0.945407 -0.954519 0.113732 -0.275607
-9.120705 -50.621158 -1474.692924 4203.923135 0.059332 0.992956 0.102562 -0.324800 -0.077950 0.942565 -0.943920 0.089237 -0.317887
-4.958041 -62.595937 -397.131072 10135.574687 0.135544 0.990548 0.021053 -0.405307 0.036046 0.913470 -0.904076 0.132349 -0.406362
-2.981033 -22.135981 -2378.587088 1751.759007 0.114994 0.731022 0.672594 -0.446223 0.642942 -0.622503 0.887503 0.228543 -0.400133
-0.357364 -17.804535 2084.384089 1005.871257 -0.170199 -0.664135 -0.727981 -0.472491 0.703299 -0.531152 0.864746 0.253563 -0.433498
-7.361135 -21.377294 -2870.593371 737.157050 0.135735 0.692981 0.708063 -0.465458 0.675500 -0.571882 0.874600 0.251949 -0.414242
1.043276 -21.569164 -1722.636016 1899.200360 0.120291 0.729082 0.673773 -0.440951 0.647315 -0.621727 0.889434 0.222313 -0.399355
-9.591948 -27.282916 -1771.528875 2485.906410 0.026331 0.827981 0.560137 -0.424989 0.516444 -0.743417 0.904815 0.218478 -0.365481
-3.604456 -27.455216 -2205.177872 2578.336478 0.084000 0.781421 0.618324 -0.399030 0.594971 -0.697699 0.913082 0.188123 -0.361788
-27.453648 -49.297342 -12559.246797 1846.932145 -0.561726 -0.359697 -0.745039 0.759287 -0.581769 -0.291596 -0.328554 -0.729495 0.599908
-41.062776 -65.086423 -1684.549599 -2882.678873 -0.065335 -0.568669 -0.819968 0.911876 -0.367727 0.182370 -0.405233 -0.735794 0.542581
-27.910416 -50.112614 -17864.762110 7248.263162 -0.583621 -0.364682 -0.725530 0.771108 -0.528945 -0.354414 -0.254517 -0.766305 0.589913
21.060894 -41.624656 36824.756130 5815.291125 0.875778 0.134134 0.463704 0.436323 -0.630879 -0.641572 -0.206485 -0.764199 0.611035
11.343962 -37.932859 25173.101294 687.372026 0.861791 0.107286 0.495788 0.422250 -0.693351 -0.583927 -0.281108 -0.712569 0.642825
211.857531 -32.407313 109793.367708 2381.443312 0.945949 -0.065546 0.317623 0.205871 -0.635384 -0.744248 -0.250595 -0.769410 0.587547
308.108094 -31.823080 180705.272245 3810.049055 0.948962 0.003959 0.315364 0.254553 -0.599975 -0.758441 -0.186208 -0.800009 0.570362
299.117628 -32.067095 146259.982345 2483.136332 0.906671 -0.104545 0.408679 0.274311 -0.589882 -0.759469 -0.320471 -0.800693 0.506151
252.102651 -31.424484 105163.489719 1989.842766 0.913016 -0.192255 0.359776 0.171510 -0.619307 -0.766187 -0.370116 -0.761247 0.532464
-5.310315 -115.550912 1259.058987 -8034.678528 0.298807 -0.634007 0.713267 0.362150 0.766838 0.529912 -0.882928 0.099968 0.458742
-8.236521 -111.121783 806.552882 -8763.623170 0.290950 -0.638949 0.712104 0.390259 0.758827 0.521420 -0.873525 0.126198 0.470136
-4.321689 -106.213736 1099.788263 -4494.245432 0.318703 -0.600575 0.733306 0.212915 0.799238 0.562037 -0.923632 -0.022991 0.382591
-3.739665 -121.945309 1394.215562 -10097.137117 0.321743 -0.619815 0.715759 0.214429 0.784013 0.582532 -0.922227 -0.033946 0.385157
3.850140 -254.541750 4284.165630 -27193.124101 0.222447 -0.741644 0.632836 0.897014 0.409983 0.165168 -0.381948 0.530922 0.756464
4.342375 -221.690237 -901.794962 -18457.613349 -0.264045 0.704502 -0.658754 0.735125 0.589147 0.335405 -0.624397 0.395705 0.673459
2.982002 -387.557263 -2384.540732 -115100.399765 -0.198620 0.717516 -0.667624 0.788297 0.521719 0.326187 -0.582356 0.461498 0.669239
6.295787 -347.253444 2653.434364 -16180.457469 0.184148 -0.701511 0.688456 0.976729 0.208961 -0.048333 -0.109954 0.681335 0.723666
3.291636 -251.166776 4409.764927 -10398.899304 0.185067 -0.751490 0.633256 0.982725 0.140587 -0.120362 0.001423 0.644592 0.764525
4.961667 -18.979653 -3567.548527 -596.315564 0.568199 -0.682716 -0.459400 0.447045 -0.212610 0.868877 0.690870 0.699068 -0.184401
5.227578 -17.551884 3496.508191 -137.731715 -0.464606 0.616702 0.635468 0.592307 -0.317031 0.740718 0.658266 0.720535 -0.217983
12.963078 -22.775996 -3963.991648 -968.948357 0.551224 -0.686502 -0.474201 0.483441 -0.200427 0.852123 0.680027 0.698959 -0.221403
12.778486 -25.681639 3962.181876 1325.404529 -0.604397 0.715432 0.350516 -0.360259 0.146982 -0.921200 0.710576 0.683047 -0.168905
5.995507 -22.344063 3408.152309 1514.399715 -0.632678 0.716509 0.293825 -0.302012 0.121086 -0.945583 0.713097 0.686988 -0.139786
15.299996 -35.962745 3262.189153 3218.546328 0.622839 0.245554 0.742816 -0.134841 0.968951 -0.207247 -0.770643 0.028919 0.636611
17.829146 -39.560013 902.165021 1518.936668 0.603344 0.237898 0.761171 -0.160121 0.971169 -0.176611 -0.781241 -0.015323 0.624042
17.604171 -33.668036 1349.179322 1569.901528 0.620943 0.073654 0.780387 0.039724 0.991339 -0.125172 -0.782848 0.108725 0.612640
11.822259 -28.944435 2160.700169 1730.560100 0.636646 0.202908 0.743982 -0.099248 0.978298 -0.181884 -0.764743 0.041957 0.642968
21.467851 -33.057629 4109.092421 854.960971 0.607155 -0.077614 0.790783 0.210783 0.975295 -0.066113 -0.766115 0.206825 0.608515
22.564478 -29.180304 603.902943 345.814772 0.615509 -0.120082 0.778928 0.228329 0.973109 -0.030408 -0.754330 0.196568 0.626376
20.290297 -37.474806 -75.915616 1834.550706 0.576676 -0.026701 0.816537 0.179023 0.979305 -0.094411 -0.797117 0.200623 0.569521
18.575623 -44.522897 3013.585111 -3585.665551 -0.427898 0.881289 0.200580 -0.303347 0.069019 -0.950377 0.851401 0.467510 -0.237803
24.215453 -39.243177 3936.882762 -1706.911684 -0.378609 0.894094 0.239274 -0.333638 0.109299 -0.936343 0.863331 0.434338 -0.256922
25.633340 -37.973904 2864.421929 -234.260967 -0.364004 0.886843 0.284625 -0.291987 0.181530 -0.939037 0.884446 0.424920 -0.192869
19.132209 -43.609676 2804.256837 -2001.800550 -0.429648 0.875815 0.219889 -0.254141 0.116386 -0.960139 0.866496 0.468405 -0.172575
14.146138 -47.452246 1916.021736 -3708.416902 -0.457991 0.874506 0.159633 -0.273425 0.032289 -0.961351 0.845862 0.483938 -0.224324
-1.052030 -88.852956 -1369.618962 -5444.201541 -0.140713 0.784896 -0.603438 -0.052801 -0.614585 -0.787082 0.988642 0.078890 -0.127923
-1.160790 -81.525457 -577.996996 -3686.150965 -0.159025 0.804804 -0.571840 -0.007828 -0.580220 -0.814422 0.987244 0.125037 -0.098570
1.793990 -79.770881 -648.041967 414.025267 -0.158984 0.809473 -0.565223 0.105785 -0.555242 -0.824934 0.981597 0.190944 -0.002644
-19.316388 -34.010838 1100.602331 732.694546 -0.417107 0.773598 0.477040 -0.194674 0.436651 -0.878316 0.887763 0.459219 0.031530
-19.092475 -34.413914 1132.027946 -268.418014 -0.428407 0.783469 0.450159 -0.082394 0.462245 -0.882916 0.899821 0.415338 0.133476
-23.235668 -33.788449 1339.394036 319.746346 -0.367892 0.814268 0.449024 -0.155723 0.422119 -0.893065 0.916736 0.398475 0.028494
-21.120552 -30.495563 1431.799034 1616.252922 -0.394710 0.781096 0.483832 -0.277095 0.400874 -0.873223 0.876026 0.478738 -0.058209
-26.557251 -33.231540 1150.634888 -408.948693 -0.307502 0.888059 0.341750 -0.073045 0.336062 -0.939003 0.948740 0.313709 0.038471
-28.462818 -32.401696 1194.193747 719.474528 -0.285281 0.876466 0.387842 -0.193437 0.343679 -0.918949 0.938721 0.337181 -0.071496
-25.031066 -31.087281 1638.191877 1177.127512 -0.340036 0.811634 0.475000 -0.261165 0.403728 -0.876810 0.903421 0.422200 -0.074688
16.121763 -128.502384 -200.872218 -9942.558494 0.245997 0.968577 0.036671 -0.032240 -0.029636 0.999041 -0.968734 0.246944 -0.023937
15.863993 -148.504305 55.604347 -18779.079382 0.299622 0.953738 0.024729 -0.037720 -0.014057 0.999189 -0.953312 0.300311 -0.031764
18.052419 -141.894861 -515.689779 -14416.338891 0.265285 0.960777 0.080813 0.138492 -0.120918 0.982954 -0.954172 0.249571 0.165138
14.461385 -121.917077 -338.059752 -6347.990696 0.210251 0.972720 0.098032 0.148561 -0.130897 0.980202 -0.966294 0.191525 0.172029
13.606068 -112.450389 -857.262351 1412.375921 0.185232 0.981745 0.043185 -0.007224 -0.042584 0.999067 -0.982668 0.185372 0.000796
-31.226524 -110.392499 -1736.378263 -31253.575498 -0.802980 0.072124 0.591626 0.121278 0.991656 0.043714 -0.583537 0.106853 -0.805026
-28.679944 -142.554086 138.378860 -29464.648049 -0.789044 0.124883 0.601510 0.211968 0.974335 0.075766 -0.576610 0.187284 -0.795264
-25.158240 -131.321412 306.178976 -57334.737930 -0.832439 0.037954 0.552816 0.014556 0.998805 -0.046655 -0.553926 -0.030790 -0.831996
-46.519272 -321.810229 -1661.516477 -127423.749013 0.012599 0.997664 -0.067136 -0.870712 0.043958 0.489826 -0.491633 -0.052284 -0.869232
-32.479795 -150.541889 -6269.252790 -36096.577938 0.054499 0.938376 -0.341292 -0.607883 0.302341 0.734212 -0.792154 -0.167452 -0.586900
-44.020941 -171.560339 -1211.049737 -58765.088027 0.015052 0.996258 -0.085108 -0.622318 0.075957 0.779071 -0.782620 -0.041238 -0.621132
-108.771556 -311.704219 -1157.162729 122618.902237 -0.084041 0.995853 -0.034845 0.066436 0.040490 0.996969 -0.994245 -0.081471 0.069563
-70.890602 -640.010193 10810.471849 -268036.954824 -0.036436 0.940025 0.339154 -0.911726 -0.170228 0.373870 -0.409180 0.295593 -0.863247
-73.746045 -251.311461 -15095.056171 86401.646441 -0.104948 0.994417 -0.010942 -0.012100 0.009725 0.999880 -0.994404 -0.105068 -0.011012
-18.070391 -45.841665 1244.997837 467.990714 0.738619 -0.602496 -0.302392 0.620504 0.432314 0.654278 0.263471 0.670897 -0.693166
-16.857804 -43.179444 148.264890 -914.355471 0.848272 -0.476689 -0.230658 0.500736 0.580269 0.642301 0.172334 0.660344 -0.730921
-22.461176 -42.454497 372.740376 1185.953867 0.851025 -0.466861 -0.240409 0.472280 0.480311 0.739089 0.229581 0.742524 -0.629246
-12.646186 -43.449779 754.548091 -1089.746182 0.737281 -0.608270 -0.293982 0.649207 0.517486 0.557439 0.186942 0.601844 -0.776426
-21.576331 -44.263650 1621.041374 1495.550416 0.737199 -0.597750 -0.315012 0.594610 0.352509 0.722618 0.320900 0.720022 -0.615298
-17.746412 -45.418116 -1415.968930 889.165973 -0.649953 0.667402 0.363505 0.667671 0.272986 0.692599 0.363011 0.692859 -0.623033
-14.198337 -46.583900 -886.388177 279.781877 -0.648786 0.676075 0.349285 0.712290 0.377999 0.591405 0.267805 0.632487 -0.726802
16.229085 -44.716355 5434.167323 203.350703 -0.481042 0.672797 0.562088 0.867228 0.271196 0.417574 0.128506 0.688329 -0.713925
25.001441 -46.420242 4196.255935 -210.477325 -0.495112 0.699160 0.515790 0.857196 0.296266 0.421239 0.141702 0.650693 -0.746002
21.168557 -45.307469 3923.854310 30.865735 -0.511882 0.691229 0.510078 0.827423 0.237067 0.509089 0.230974 0.682643 -0.693289
12.604341 -43.076953 4708.715482 614.593868 -0.500883 0.670805 0.546935 0.835495 0.209753 0.507889 0.225973 0.711354 -0.665516
4.266367 -43.067990 4418.609256 384.119691 -0.461039 0.671991 0.579544 0.877160 0.246282 0.412231 0.134285 0.698407 -0.702990
-3.846478 -63.822867 -208.852932 1433.144161 -0.612859 0.787492 0.065264 0.286430 0.144415 0.947155 -0.736452 -0.599166 0.314067
-4.611194 -69.143681 -257.309843 1330.818718 -0.625111 0.780302 0.019125 0.085663 0.044230 0.995342 -0.775821 -0.623837 0.094492
-4.022810 -72.052889 14.209466 1327.109143 -0.635550 0.771895 0.015944 0.101787 0.063300 0.992790 -0.765321 -0.632591 0.118799
-4.371822 -74.474080 -56.520418 922.514445 -0.637021 0.770458 -0.024491 -0.106505 -0.056503 0.992705 -0.763454 -0.634982 -0.118051
-4.461083 -77.431961 91.577347 1155.907281 -0.650005 0.759582 -0.023018 -0.085553 -0.043048 0.995403 -0.755099 -0.648986 -0.092966
-2.992986 -65.899889 165.925521 1414.536295 -0.621886 0.781011 0.057271 0.301108 0.170967 0.938139 -0.722905 -0.600660 0.341491
-11.500260 -120.813850 -1704.593403 9464.558351 0.730385 -0.665647 -0.153141 0.081266 0.307301 -0.948136 -0.678184 -0.680059 -0.278543
-9.483298 -128.657838 661.196307 3419.936834 0.746570 -0.654025 -0.121997 -0.102110 0.068557 -0.992408 -0.657424 -0.753360 0.015600
-8.303427 -119.868655 395.809208 12767.446363 0.730152 -0.676874 -0.093382 0.166112 0.308406 -0.936639 -0.662786 -0.668376 -0.337620
-4.277722 -94.165186 1346.267149 -11857.875949 -0.706156 0.698465 0.116148 -0.312626 -0.454745 0.833949 -0.635302 -0.552588 -0.539479
1.810124 -52.544662 147.901473 -103.660714 0.567788 -0.806723 -0.163753 0.762500 0.440467 0.473902 -0.310180 -0.393937 0.865218
-0.012992 -51.876273 381.870062 350.471373 0.576646 -0.799218 -0.169499 0.792641 0.497008 0.353134 -0.197989 -0.337985 0.920090
0.388342 -52.474267 460.058088 -282.312840 0.570531 -0.802513 -0.174548 0.750673 0.423358 0.507205 -0.333142 -0.420405 0.843964
-10.096410 -47.840933 -158.205258 -1241.815759 -0.383393 0.915612 -0.121095 0.921590 0.370648 -0.115292 -0.060679 -0.155802 -0.985923
-9.969470 -44.467956 -531.161045 -1192.064264 -0.398783 0.904357 -0.152025 0.887209 0.338527 -0.313465 -0.232019 -0.259882 -0.937352
-12.469256 -46.782057 -693.249220 -729.934813 -0.376764 0.920824 -0.100653 0.921550 0.361609 -0.141367 -0.093777 -0.146019 -0.984827
-10.869539 -52.475404 -192.183321 629.880085 -0.351088 0.930394 -0.105371 -0.928964 -0.360209 -0.085297 0.117315 -0.067940 -0.990768
5.742976 -29.143899 6888.834970 -3742.361096 0.153812 0.983529 -0.094932 -0.564502 0.166319 0.808502 -0.810975 0.070768 -0.580786
8.163096 -38.216903 7415.796063 -4859.375423 0.096591 0.995319 0.003215 -0.514681 0.047182 0.856083 -0.851924 0.084344 -0.516829
35.508731 -30.976445 10223.667828 -5320.989089 0.063940 0.997779 -0.018682 -0.535616 0.050107 0.842974 -0.842037 0.043894 -0.537630
38.077685 -21.019086 11480.117761 -3375.261727 0.117467 0.989555 -0.083556 -0.576897 0.136482 0.805334 -0.808326 0.046397 -0.586904
71.298507 -21.052348 17181.968800 -3724.871892 0.034243 0.994156 -0.102374 -0.558122 0.103995 0.823216 -0.829052 -0.028948 -0.558422
19.629340 -44.852914 7997.581653 -5258.255126 0.058829 0.997196 0.046244 -0.458612 -0.014149 0.888524 -0.886687 0.073479 -0.456494
12.879124 -17.519332 -3572.591524 2407.872657 -0.447410 0.861937 0.238512 -0.222464 -0.365574 0.903806 -0.866218 -0.351312 -0.355312
6.375061 -16.969596 -3755.601831 2570.256815 -0.481335 0.831625 0.276977 -0.193275 -0.408909 0.891874 -0.854963 -0.375758 -0.357554
9.816287 -23.298912 -3981.295355 3305.081709 -0.458130 0.855304 0.242016 -0.260190 -0.389379 0.883564 -0.849952 -0.341817 -0.400928
6.661028 -30.683850 -3977.191030 3350.537068 -0.467205 0.845697 0.257906 -0.311186 -0.430322 0.847341 -0.827576 -0.315626 -0.464218
14.829833 -30.374372 -4436.661277 3116.971430 -0.449656 0.857712 0.249277 -0.328652 -0.418380 0.846727 -0.830540 -0.298810 -0.470016
-2.323428 -139.623380 177.031825 -9050.661413 0.955748 -0.017637 0.293658 -0.015597 0.993760 0.110445 -0.293774 -0.110138 0.949509
-0.775199 -155.801715 -1336.314735 -14225.712005 0.947727 -0.016136 0.318673 -0.036272 0.986799 0.157838 -0.317013 -0.161146 0.934631
-1.657674 -127.526254 -309.000840 10892.737042 0.953089 -0.059168 0.296850 0.052339 -0.933722 -0.354151 -0.298130 -0.353075 0.886824
-3.486171 -125.638205 -79.414831 -7460.909179 0.953666 -0.050544 0.296592 -0.020194 0.972812 0.230716 -0.300189 -0.226015 0.926716
-3.446356 -138.725752 -531.130057 -7095.367853 0.953708 0.003687 0.300711 0.003540 0.999718 -0.023485 -0.300712 0.023463 0.953426
4.271465 -149.251590 -1246.280405 9310.321402 0.966839 0.074431 0.244300 -0.227552 -0.183213 0.956375 -0.115942 0.980252 0.160200
5.142834 -146.413557 -841.263736 2612.477147 0.979645 0.093156 0.177816 -0.183878 0.061064 0.981051 -0.080533 0.993777 -0.076950
8.230293 -161.129100 -1369.257977 3278.456805 0.976171 0.072019 0.204704 -0.208814 0.055036 0.976406 -0.059054 0.995884 -0.068763
-1.892853 -224.000166 546.367058 -24315.473062 0.970535 -0.130726 0.202418 0.185460 -0.131063 -0.973872 -0.153840 -0.982717 0.102957
-4.784906 -254.024526 844.179467 -15305.658995 0.974136 -0.130142 0.184722 0.207718 0.193931 -0.958772 -0.088953 -0.972344 -0.215948
-6.162194 -233.961758 76.096914 -24637.396303 0.962523 -0.158549 0.220024 0.208637 -0.085410 -0.974256 -0.173260 -0.983650 0.049130
-4.097303 -200.294224 -1713.452274 -40533.739283 0.955715 -0.161572 0.245974 0.140015 -0.485519 -0.862941 -0.258853 -0.859165 0.441396
-1.387591 -213.786584 2471.356688 -30029.140993 0.969672 -0.118018 0.214027 0.150312 -0.402541 -0.902977 -0.192722 -0.907762 0.372593
-2.111431 -103.691773 7855.637994 -445.493184 0.947310 0.153073 0.281375 -0.109553 -0.670620 0.733666 -0.301001 0.725835 0.618516
-17.773326 -105.406842 2194.811650 -253.227383 0.926472 0.157537 0.341808 -0.140140 -0.698479 0.701775 -0.349301 0.698075 0.625044
-17.491684 -93.474511 8881.135331 5022.768063 0.941586 0.105195 0.319920 -0.084612 -0.845597 0.527074 -0.325969 0.523354 0.787302
-5.030584 -105.757972 1430.048166 -2950.708125 0.931283 0.173556 0.320297 -0.197197 -0.499104 0.843806 -0.306309 0.848984 0.430583
7.380595 -102.599095 5815.711953 -1992.896607 0.940540 0.171477 0.293225 -0.174989 -0.495279 0.850928 -0.291143 0.851642 0.435823
-9.778794 -40.293338 6108.118687 -4008.279149 0.153395 0.981904 -0.111063 -0.520926 0.175860 0.835290 -0.839706 0.070274 -0.538475
-1.015450 -46.890792 6844.565868 -4506.179757 0.085749 0.996273 0.009334 -0.465448 0.031774 0.884504 -0.880911 0.080190 -0.466438
-0.366797 -40.349592 5574.530750 1278.293115 -0.314902 0.743794 0.589583 -0.564056 -0.646246 0.514011 -0.763333 0.170694 -0.623045
-9.937483 -40.134264 4908.706551 1103.624797 -0.320913 0.748993 0.579675 -0.573374 -0.640784 0.510527 -0.753828 0.168536 -0.635090
-0.930929 -37.108085 5596.612758 1208.301770 -0.304951 0.754322 0.581381 -0.496198 -0.646899 0.579059 -0.812891 0.111895 -0.571565
-0.604784 -32.927664 5253.979183 1121.735297 -0.294443 0.769628 0.566547 -0.423785 -0.636504 0.644414 -0.856569 0.050351 -0.513570
8.169158 -34.170862 5446.318184 1364.175103 -0.304628 0.766445 0.565477 -0.435166 -0.640103 0.633165 -0.847250 0.053196 -0.528524
-1.268966 -36.340736 -3051.118023 -4926.781315 -0.547649 0.178274 -0.817496 -0.323129 0.856175 0.403176 0.771795 0.484956 -0.411278
-1.782821 -36.665690 -282.132450 -3172.130540 -0.643077 0.335125 -0.688581 -0.232580 0.771222 0.592556 0.729629 0.541209 -0.418012
6.503766 -33.098665 -4027.965555 3980.037004 -0.573291 0.300886 -0.762106 -0.403450 0.705894 0.582187 0.713138 0.641234 -0.283290
-5.175528 -61.125823 -509.335250 1268.692490 -0.604347 0.793319 0.073552 0.266830 0.114550 0.956912 -0.750711 -0.597932 0.280909
-26.796813 -37.300642 -1636.077153 1086.574244 -0.310988 0.575470 0.756387 -0.436362 0.620555 -0.651537 -0.844319 -0.532678 0.058128
-28.359349 -41.342803 867.202605 958.710788 -0.135585 0.518312 0.844375 -0.494039 0.703363 -0.511082 -0.858803 -0.486449 0.160701
-29.114991 -38.852427 -110.007402 2138.541160 -0.129074 0.395404 0.909393 -0.436374 0.800849 -0.410145 -0.890459 -0.449774 0.069175
-88.835586 -1023.064618 352070.310065 9827.987017 0.531043 0.103007 0.841061 0.580393 0.678964 -0.449613 -0.617364 0.726909 0.300775
-2673.671981 -4483.106289 1392561.935125 4644701.005878 0.603588 0.583263 0.543586 -0.239453 -0.517699 0.821371 -0.760489 0.625933 0.172813
-1464.200266 -1711.006046 227740.178382 -3669791.112186 0.510471 0.053120 0.858253 0.116448 0.984626 -0.130202 -0.851974 0.166406 0.496437
-1098.778494 -27276.498718 1040109.399350 23203791.996333 0.716424 0.228834 0.659068 -0.039589 0.956490 -0.289068 -0.696541 0.181004 0.694312
-55.095885 -76.678417 522.138598 3133.704986 0.002269 0.999953 0.009478 0.896312 0.002169 -0.443419 0.443418 -0.009502 0.896264
-53.343490 -73.549954 2798.413308 5617.544060 -0.482984 0.783107 0.391752 0.686339 0.060748 0.724740 0.543751 0.618913 -0.566817
-57.618828 -69.733811 3722.997204 -4301.080565 -0.249602 0.805079 0.538096 -0.713139 0.223091 -0.664578 0.655082 0.549617 -0.518449
-57.010412 -77.636600 2269.696121 -2340.377317 -0.364431 0.865007 0.344895 -0.774502 -0.075905 -0.628001 0.517046 0.495985 -0.697612
-51.433687 -61.187440 3834.014768 -2260.945785 -0.219170 0.675421 0.704110 -0.724341 0.370850 -0.581206 0.653678 0.637399 -0.407956
-53.183016 -77.434606 1423.131237 698.559255 -0.495605 0.795790 0.347986 0.781058 0.233103 0.579319 0.379900 0.558910 -0.737086
-49.449769 -65.509638 1819.131405 4840.885508 -0.429604 0.701959 0.568062 0.703697 -0.133989 0.697751 0.565907 0.699500 -0.436404
-51.704377 -74.752397 407.558676 4347.096049 -0.542980 0.722370 0.428199 0.718899 0.136331 0.681614 0.434001 0.677934 -0.593337
-85.903534 -295.735096 -25838.681866 -110950.946427 0.467935 0.882329 0.050321 0.479166 -0.205454 -0.853340 0.742587 -0.423420 0.518921
-96.577254 -374.744288 35175.819457 -168742.306632 -0.415576 -0.801492 -0.430007 0.693469 0.026715 -0.719991 0.588556 -0.597408 0.544708
-147.856572 -796.179021 -25447.546685 -323281.624994 0.501054 0.858492 0.109253 0.615580 -0.264819 -0.742248 0.608282 -0.439161 0.661159
-63.615318 -304.634258 -6858.127245 -109736.099838 0.486702 0.867213 -0.105179 0.422376 -0.339005 -0.840639 0.764669 -0.364715 0.531285
-174.876001 -390.521024 -43585.878010 -158214.997843 0.595348 0.798692 0.087474 0.454534 -0.245021 -0.856366 0.662540 -0.549596 0.508906
-14.534407 -25.358899 -804.750986 2306.987747 0.806981 -0.457977 0.372880 0.283912 0.854477 0.435043 -0.517857 -0.245206 0.819572
-11.817127 -32.077676 1666.679894 5607.097500 0.870077 -0.159473 0.466406 0.020634 0.957172 0.288782 -0.492484 -0.241639 0.836104
-10.832170 -43.933742 1799.678063 8325.058501 0.864446 0.004687 0.502704 -0.138502 0.963479 0.229186 -0.483270 -0.267744 0.833524
-9.492050 -50.389474 1667.721423 6924.437013 0.855929 0.042812 0.515318 -0.210443 0.939145 0.271516 -0.472335 -0.340844 0.812850
2.539477 -64.881502 50.665331 993.041935 0.444364 0.822521 -0.354966 -0.772021 0.552603 0.314028 -0.454449 -0.134498 -0.880560
0.844863 -62.616369 -7.562651 768.264399 0.394454 0.856636 -0.332537 -0.720662 0.512910 0.466444 -0.570134 -0.055656 -0.819664
1.063226 -58.062831 402.635514 257.409084 0.419630 0.839026 -0.346333 -0.702097 0.541855 0.462010 -0.575300 -0.049286 -0.816456
-4.390073 -73.750076 -746.263505 -1919.950303 0.084748 0.977420 0.193568 0.953044 -0.022833 -0.301968 0.290730 -0.210070 0.933459
-1.185414 -89.286915 -1034.559671 -7987.995850 0.112360 0.969788 0.216532 0.887244 0.000202 -0.461300 0.447407 -0.243948 0.860416
-6.297477 -76.166481 -1146.761217 -7253.590558 0.149093 0.972074 0.181226 0.950365 -0.090252 -0.297760 0.273089 -0.216625 0.937281
-0.382390 -85.880030 -640.347439 -3654.467700 0.072528 0.972930 0.219424 0.891354 0.035474 -0.451918 0.447469 -0.228361 0.864652
-11.015628 -66.109947 248.463252 -259.770519 -0.098530 -0.984170 -0.147311 0.986224 -0.076808 -0.146499 0.132866 -0.159716 0.978181
-1.800860 -78.918929 -799.881063 2943.087673 0.038272 0.976862 0.210421 0.959222 0.023100 -0.281707 0.280050 -0.212622 0.936143
-6.747824 -72.787148 977.010013 4798.725296 0.003484 -0.983551 -0.180596 0.991460 0.026940 -0.127597 0.130364 -0.178609 0.975246
-0.359648 -82.801332 -514.788159 8034.460312 0.158081 0.987338 -0.013207 -0.553714 0.099712 0.826716 -0.817564 0.123375 -0.562465
5.651389 -101.289563 -652.112720 -683.406543 0.149617 0.988531 -0.020523 -0.730928 0.124559 0.670992 -0.665853 0.085391 -0.741181
1.972253 -91.649860 -1434.783349 11314.479893 0.114434 0.993379 0.010117 -0.527779 0.052164 0.847779 -0.841638 0.102354 -0.530254
-4.621969 -19.085549 2251.946859 -681.396431 -0.266049 -0.509762 -0.818145 -0.460510 0.812832 -0.356701 0.846847 0.281864 -0.451003
1.312234 -16.166542 -491.795368 1122.386203 -0.134617 -0.673081 -0.727214 -0.468347 0.689964 -0.551906 0.873229 0.266293 -0.408116
-34.136650 -62.310371 1910.561030 5781.816644 0.023832 -0.565941 -0.824101 0.946081 -0.253612 0.201524 -0.323053 -0.784469 0.529382
-36.890587 -73.278388 3633.756576 -8393.602082 0.098554 -0.568072 -0.817057 0.874745 -0.342006 0.343297 -0.474456 -0.748549 0.463212
26.040824 -32.688062 51338.186213 4959.329468 0.919574 0.107929 0.377803 0.364388 -0.593954 -0.717245 -0.146986 -0.797227 0.585513
-7.823815 -122.157618 1128.173944 -12592.265044 0.267941 -0.674862 0.687582 0.539903 0.696264 0.472992 -0.797943 0.244494 0.550917
-10.968145 -120.149577 528.752796 -16189.602979 0.241254 -0.667138 0.704787 0.548916 0.692710 0.467808 -0.800305 0.274008 0.533321
-10.460904 -104.069953 -568.467331 -10267.610022 0.257507 -0.625616 0.736407 0.394253 0.763811 0.511036 -0.882188 0.158735 0.443337
6.017270 -15.708193 3695.095190 -906.006911 -0.347934 0.522279 0.778567 0.701722 -0.405636 0.585701 0.621714 0.750123 -0.225360
-0.400959 -14.877969 1946.436316 677.354935 -0.276892 0.488089 0.827708 0.697453 -0.490438 0.522523 0.660977 0.721969 -0.204620
14.254986 -20.064446 3941.990291 -1566.364594 -0.483768 0.641376 0.595488 0.600586 -0.251632 0.758932 0.636604 0.724789 -0.263470
-1.047473 -14.781114 2217.173585 -576.544526 -0.094867 0.341959 0.934914 0.767839 -0.572586 0.287346 0.633580 0.745123 -0.208250
16.096117 -13.894124 4416.100488 -3495.118404 -0.416028 0.575084 0.704414 0.691220 -0.303351 0.655892 0.590877 0.759774 -0.271307
5.338277 -11.310514 4241.451461 -3374.859058 -0.222562 0.413639 0.882819 0.780907 -0.466474 0.415434 0.583652 0.781859 -0.219194
30.105102 -30.726912 2054.951438 1679.764650 -0.261904 0.901056 0.345694 -0.344553 0.247292 -0.905610 0.901493 0.356293 -0.245695
-16.171141 -35.089389 898.957857 -174.774160 -0.466963 0.750803 0.467163 -0.121853 0.468625 -0.874953 0.875841 0.465496 0.127343
-15.614828 -34.648629 832.045321 -347.589073 -0.479136 0.764423 0.431377 -0.023858 0.479939 -0.876977 0.877416 0.430483 0.211719
24.954679 -61.435661 19275.687972 -6474.699168 0.797625 0.550016 -0.247541 0.265309 0.048632 0.962936 -0.541669 0.833737 0.107134
37.345522 -50.092627 22579.249004 -5395.504079 0.801436 0.532004 -0.273262 0.188289 0.209231 0.959567 -0.567668 0.820484 -0.067514
-13.575918 -70.634584 -688.779527 -2399.145853 0.793514 0.607776 0.030728 0.097137 -0.176345 0.979524 -0.600749 0.774281 0.198970
-11.458591 -73.192508 149.789756 913.756908 0.801363 0.598079 0.010910 0.237464 -0.334811 0.911873 -0.549025 0.728150 0.410327
17.152591 -67.879660 14366.209219 -3862.935727 0.784991 0.589959 -0.189044 0.338646 -0.153114 0.928372 -0.518756 0.792783 0.319981
15.091120 -198.791455 -2400.945534 -49521.337662 0.345641 0.938351 -0.005504 0.031228 -0.005640 0.999496 -0.937847 0.345639 0.031252
9.310926 -152.128212 1705.655511 -28534.121863 0.362814 0.931786 -0.011913 -0.202457 0.091298 0.975026 -0.909603 0.351341 -0.221771
22.093148 -172.969275 -3026.303106 -27533.573423 0.290873 0.954789 0.061415 0.183006 -0.118527 0.975941 -0.939096 0.272635 0.209208
3.056338 -156.911155 3001.998887 -17498.554493 0.394636 0.918251 -0.032819 -0.159723 0.103730 0.981697 -0.904849 0.382171 -0.187602
5.804682 -203.028312 780.196193 -28658.064421 0.389912 0.917778 -0.075173 0.102378 0.037923 0.994022 -0.915143 0.395278 0.079173
34.795752 -256.864077 -6218.682202 -52554.277644 0.320501 0.947242 -0.003451 0.387311 -0.127721 0.913059 -0.864447 0.293974 0.407812
7.923274 -36.017336 -3207.388780 3347.331780 -0.520696 0.126929 -0.844254 -0.484000 0.770733 0.414384 0.703292 0.624387 -0.339885
78.485720 -92.454638 -31859.139627 -2624.713398 0.137345 0.925053 -0.354138 0.986656 -0.159330 -0.033536 -0.087447 -0.344806 -0.934592
109.746263 -95.704331 -21081.979849 8297.320191 0.086313 0.982844 -0.162998 -0.974051 0.117610 0.193373 -0.209225 -0.142078 -0.967491
51.894020 -76.416746 -20494.786796 7796.569935 0.038965 0.934387 -0.354123 -0.929547 0.163928 0.330258 -0.366639 -0.316305 -0.874944
-10.343251 -71.263978 -16902.925230 -4720.866210 0.034473 0.910805 -0.411396 0.949171 -0.158703 -0.271822 -0.312866 -0.381115 -0.869981
19.059434 -78.539644 -24315.596471 -906.010374 0.125789 0.878850 -0.460216 0.983755 -0.170393 -0.056505 -0.128077 -0.445632 -0.886007
-25.981657 -155.904665 -12241.937915 -34634.261706 -0.052824 0.915807 -0.398131 -0.638731 0.275480 0.718424 -0.767615 -0.292249 -0.570402
-43.220086 -191.667099 4981.553061 62475.083772 -0.015293 0.997277 -0.072145 -0.041686 0.071455 0.996572 -0.999014 -0.018248 -0.040480
-21.486232 -42.656879 -592.811571 -686.488558 0.939469 -0.317781 -0.128116 0.307527 0.617174 0.724240 0.151080 0.719800 -0.677542
-15.073328 -41.892417 -833.961870 -1573.214812 0.921175 -0.352321 -0.165247 0.374239 0.685630 0.624384 0.106685 0.637009 -0.763438
-12.134184 -41.187407 -64.451933 -2086.024098 0.827301 -0.503775 -0.248565 0.548825 0.630420 0.548965 0.119855 0.590577 -0.798031
25.444750 -46.501190 -417.473285 -106.792855 -0.498209 0.749090 0.436637 0.827620 0.260700 0.497072 0.258520 0.609016 -0.749845
-4.122910 -75.593451 66.029314 -884.205270 -0.645296 0.762012 -0.054135 -0.301944 -0.189319 0.934338 -0.701728 -0.619271 -0.352252
-4.484292 -78.516181 -43.728067 -260.214094 -0.663442 0.746671 -0.048235 -0.271926 -0.180553 0.945229 -0.697066 -0.640221 -0.322825
-9.031540 -124.764148 252.740124 2607.676896 0.762316 -0.631476 -0.141817 -0.119293 0.078273 -0.989769 -0.636116 -0.771434 0.015662
-3.284706 -113.441771 1744.055553 -7564.231719 0.775290 -0.620299 -0.118976 -0.283803 -0.173847 -0.942992 -0.564253 -0.764857 0.310824
-10.003081 -117.792973 414.696995 -10433.410527 0.746647 -0.652633 -0.128797 -0.335500 -0.202254 -0.920072 -0.574420 -0.730181 0.369970
-13.404289 -121.500947 -84.861806 -7138.423983 0.714473 -0.686286 -0.136158 -0.303955 -0.129173 -0.943889 -0.630190 -0.715769 0.300891
2.760238 -52.921658 384.185635 503.528183 0.578700 -0.800837 -0.154161 0.785624 0.496692 0.368906 -0.218863 -0.334599 0.916593
2.314682 -52.630855 189.449148 253.171513 0.570579 -0.806100 -0.156979 0.773329 0.463049 0.433068 -0.276407 -0.368496 0.887587
1.252184 -55.920585 -12.900690 903.100076 0.595229 -0.793264 -0.128202 0.713504 0.448367 0.538404 -0.369615 -0.411946 0.832878
2.053962 -54.020259 -236.063349 419.940673 0.594660 -0.795601 -0.115751 0.765763 0.516635 0.383008 -0.244920 -0.316397 0.916464
0.208957 -56.529775 -368.900574 1451.772507 0.612207 -0.784969 -0.095001 0.700609 0.482830 0.525378 -0.366536 -0.388199 0.845549
0.152617 -59.314648 406.368225 1572.120823 -0.599154 0.793701 0.105133 0.611124 0.368540 0.700504 -0.517245 -0.483959 0.705862
-1.153647 -60.890259 440.470954 2124.065250 -0.617144 0.782256 0.084911 0.611691 0.409082 0.677116 -0.494942 -0.469817 0.730961
-11.791710 -44.412254 -639.108399 1165.256288 -0.398234 0.910634 -0.110250 -0.870830 -0.337562 0.357360 -0.288208 -0.238322 -0.927437
-9.433732 -41.768813 -503.631237 572.941493 -0.390501 0.905280 -0.167261 -0.845679 -0.280956 0.453752 -0.363779 -0.318640 -0.875290
1.951032 -72.285100 39.030680 -241.782106 0.676896 -0.733080 0.066374 0.648487 0.551257 -0.524957 -0.348246 -0.398384 -0.848537
3.172277 -75.011217 515.477269 -1124.867362 -0.627219 0.775950 -0.067072 0.745859 0.573629 -0.338591 -0.224255 -0.262397 -0.938540
2.795836 -81.004294 360.091595 -3594.340235 -0.651724 0.756909 -0.048422 0.710057 0.586450 -0.389738 -0.266599 -0.288384 -0.919652
49.428877 -50.089412 6103.870947 7654.331005 -0.410916 0.909427 0.063961 -0.567682 -0.310136 0.762596 -0.713362 -0.277053 -0.643705
38.056455 -60.593227 4684.944128 6092.272725 -0.499970 0.853174 0.148741 -0.569295 -0.453200 0.685939 -0.652635 -0.258272 -0.712294
33.683837 -37.795876 8219.438786 1988.190928 -0.288267 0.951011 0.111716 -0.651085 -0.280217 0.705384 -0.702133 -0.130602 -0.699966
38.611591 -30.816347 9888.562420 3226.653650 -0.171981 0.984204 0.042006 -0.634840 -0.143337 0.759232 -0.753260 -0.103906 -0.649464
62.659872 -37.015001 7299.452047 8597.375277 -0.298906 0.953603 -0.036002 -0.565843 -0.146731 0.811352 -0.768425 -0.262889 -0.583448
8.704180 -14.220782 -3234.085335 550.869833 -0.478608 0.830276 0.285616 -0.175147 -0.409034 0.895553 -0.860383 -0.378593 -0.341188
2.386637 -14.135528 -2915.550592 879.737818 -0.503024 0.799106 0.329235 -0.146856 -0.454428 0.878595 -0.851704 -0.393604 -0.345941
0.115760 -16.929782 -1838.305871 2122.378419 -0.496631 0.787311 0.365375 -0.153703 -0.494079 0.855723 -0.854244 -0.368820 -0.366387
-0.136447 -135.717119 -708.360315 16526.749655 0.952101 -0.058827 0.300071 0.045359 -0.943293 -0.328848 -0.302400 -0.326708 0.895442
2.343340 -185.876274 -3420.346122 -20849.535924 0.944975 -0.023702 0.326283 -0.073362 0.956617 0.281961 -0.318811 -0.290383 0.902240
3.524021 -414.214463 -4516.307993 -117887.862887 0.945877 0.066467 0.317645 -0.097378 0.991828 0.082432 -0.309570 -0.108902 0.944620
7.378753 -226.400155 -4505.061519 37656.762008 0.952201 -0.042365 0.302520 0.099634 -0.893106 -0.438673 -0.288767 -0.447846 0.846196
1.068647 -165.877092 -1572.656292 4898.773948 0.950533 -0.108672 0.290995 0.076036 -0.826904 -0.557180 -0.301174 -0.551744 0.777736
-0.586481 -137.591206 -1150.007480 11881.388078 0.949571 -0.083915 0.302114 0.064574 -0.890531 -0.450316 -0.306830 -0.447115 0.840204
7.987644 -149.571828 -1185.888443 -5796.840751 0.985989 0.090017 0.140438 -0.160835 0.289670 0.943517 -0.044252 0.952884 -0.300089
5.043329 -137.515407 -703.791183 -3240.331085 0.986609 0.108297 0.121958 -0.148014 0.280394 0.948405 -0.068513 0.953756 -0.292668
3.666302 -135.028079 -45.887024 3437.728768 0.982193 0.106357 0.154874 -0.161861 0.060493 0.984958 -0.095388 0.992486 -0.076631
-5.604529 -214.454383 -2302.878329 1584.581037 0.959837 -0.184866 0.211042 0.248107 0.208112 -0.946114 -0.130984 -0.960476 -0.245620
-6.430466 -200.959484 -1487.351791 2796.212983 0.963586 -0.135950 0.230261 0.266819 0.432144 -0.861429 -0.017605 -0.891498 -0.452682
-6.460921 -191.492530 -1011.041520 -10969.096749 0.962279 -0.135531 0.235905 0.256708 0.165110 -0.952281 -0.090113 -0.976919 -0.193674
-24.880708 -99.099181 -3513.850862 3723.214010 0.910228 0.119372 0.396530 -0.119467 -0.841144 0.527452 -0.396502 0.527473 0.751371
-16.996511 -107.932180 -1930.922539 -970.480625 0.909367 0.144445 0.390112 -0.191917 -0.686347 0.701495 -0.369080 0.712785 0.596420
12.657733 -21.359470 7979.499128 -1944.732633 0.209652 0.962801 -0.170471 -0.578091 0.262665 0.772540 -0.788579 0.063417 -0.611655
-4.986342 -27.280181 4545.079200 855.606245 0.352916 0.858871 -0.371201 -0.526030 0.510222 0.680416 -0.773784 0.044867 -0.631858
-16.974710 -36.477113 4714.082390 323.358939 0.350705 0.844325 -0.405118 -0.506457 0.534874 0.676322 -0.787723 0.032015 -0.615197
-17.135876 -42.688392 3674.710872 1135.139606 -0.324068 0.776076 0.541004 -0.659626 -0.595291 0.458828 -0.678140 0.208169 -0.704834
-15.987067 -39.495267 1878.093793 1260.050210 -0.321944 0.791281 0.519833 -0.580700 -0.598694 0.551682 -0.747756 0.124256 -0.652243
-3.940818 -72.229481 -188.766199 1492.201880 -0.671415 0.740602 0.026645 0.324751 0.261715 0.908868 -0.666137 -0.618881 0.416231
-4.088478 -70.433088 223.998757 1204.784678 -0.651397 0.758136 0.030200 0.312877 0.232140 0.920988 -0.691223 -0.609378 0.388419
-4.404027 -77.042608 -119.709528 579.354539 -0.676971 0.736005 0.002658 0.142049 0.127110 0.981665 -0.722172 -0.664936 0.190598
-4.487027 -80.521343 -238.512784 992.083702 -0.681795 0.731241 -0.021017 -0.043646 -0.011983 0.998975 -0.730240 -0.682014 -0.040085
-3.045497 -81.096880 -603.357355 809.982848 -0.695433 0.718246 -0.022262 -0.023985 0.007762 0.999682 -0.718190 -0.695746 -0.011829
-25.408191 -39.677376 -1358.124933 290.559705 -0.326976 0.652571 0.683548 0.479747 -0.508553 0.714994 -0.814205 -0.561716 0.146785
-22.776401 -42.860150 10.801853 398.916300 -0.286633 0.682055 0.672787 0.537896 -0.466548 0.702140 -0.792786 -0.563146 0.233147
-22.876462 -36.157597 -4109.417864 -619.234862 -0.508237 0.720898 0.471171 0.328890 -0.343166 0.879812 -0.795944 -0.602116 0.062686
-20.389382 -39.473739 -3616.959955 523.009638 -0.485322 0.726846 0.485960 0.417985 -0.295302 0.859119 -0.767952 -0.620073 0.160494
-2252.921931 -2794.082849 1095935.078640 690797.805479 0.718318 0.597732 0.356000 -0.379486 -0.092245 0.920587 -0.583104 0.796372 -0.160569
