13811
27605
-38.847165 -57.938601 -369.138773 -8179.045647 -0.088769 -0.458658 0.884168 -0.388555 0.833292 0.393256 -0.917140 -0.308639 -0.252185
-46.642059 -69.107664 1055.179340 -4714.736440 -0.023516 -0.469243 0.882756 -0.244370 0.858913 0.450058 -0.969397 -0.205136 -0.134867
-37.082358 -79.007766 -4539.920406 -15003.282591 -0.248078 -0.080216 0.965413 -0.250116 0.968081 0.016166 -0.935895 -0.237455 -0.260223
-34.632383 -56.231158 -130.928803 -5258.346240 -0.140223 0.739824 -0.658026 -0.338100 0.588867 0.734115 -0.930605 -0.325418 -0.167562
-28.616399 -58.133674 -5609.099975 -13157.263941 -0.257980 -0.268494 0.928093 -0.415405 0.898110 0.144351 -0.872287 -0.348295 -0.343228
-29.670118 -44.904340 -204.693066 -6575.340052 -0.088205 0.725759 -0.682271 -0.477448 0.570329 0.668407 -0.874221 -0.384706 -0.296207
-50.915677 -76.982272 -541.512008 426.039482 -0.489676 0.824130 -0.284652 0.416038 0.507759 0.754383 -0.766244 -0.250977 0.591507
-48.285896 -73.801513 713.861641 368.315160 -0.513280 0.841918 -0.166486 0.377016 0.395469 0.837534 -0.770975 -0.367121 0.520403
-49.481793 -72.732003 774.301588 -1399.593947 -0.542323 0.819077 -0.187081 0.446705 0.469694 0.761474 -0.711576 -0.329394 0.620611
-49.664635 -75.873954 2534.446223 750.695891 -0.530517 0.808981 -0.253184 0.533744 0.550833 0.641639 -0.658536 -0.205265 0.724015
-18.595817 -79.141669 7328.385381 -1169.638501 -0.119482 0.640030 -0.759003 0.621173 0.644561 0.445742 0.774512 -0.418214 -0.474582
-27.102308 -76.726863 8158.724763 -1177.914535 -0.120044 0.589624 -0.798707 0.477580 0.739615 0.474222 0.870348 -0.324519 -0.370380
-32.755649 -72.950816 2869.868399 -602.281382 -0.017425 0.597572 -0.801626 0.534091 0.683341 0.497787 0.845247 -0.419467 -0.331066
-2.651520 -84.537041 11200.183916 -3040.827220 -0.192712 0.606081 -0.771704 0.480439 0.744011 0.464355 0.855593 -0.281270 -0.434565
6.127268 -85.477514 10377.751101 1888.111333 -0.142286 0.666804 -0.731524 -0.634322 -0.628769 -0.449761 0.759862 -0.400027 -0.512434
5.566202 -10.062570 -2490.042532 983.950467 0.254895 -0.355252 0.899347 0.345303 0.902186 0.258507 -0.903213 0.244655 0.352633
7.101998 -17.134469 -1656.752459 2254.645346 0.235188 -0.316779 0.918878 0.330585 0.915104 0.230864 -0.914002 0.249471 0.319944
6.690367 -14.549246 254.547839 2624.129796 0.197749 -0.483998 0.852432 0.408423 0.831210 0.377201 -0.891115 0.273562 0.362047
2.426812 -7.665968 -418.547712 300.560655 0.143879 -0.617150 0.773579 0.435197 0.741523 0.510633 -0.888764 0.263190 0.375272
6.407332 -3.732509 -1836.486793 1127.662556 0.219925 -0.481456 0.848430 0.400883 0.837497 0.371337 -0.889340 0.258455 0.377194
28.466322 -46.581765 17845.606396 322.714775 -0.425192 0.749488 -0.507425 -0.305111 -0.646501 -0.699245 0.852126 0.142492 -0.503564
3.553822 -44.944993 2624.703019 3681.070761 -0.501790 0.390646 -0.771753 0.141607 0.917273 0.372234 0.853319 0.077497 -0.515597
-4.192052 -47.701522 4953.806734 3030.725232 -0.474612 0.521910 -0.708769 0.267437 0.852678 0.448796 0.838583 0.023452 -0.544269
17.858289 -47.815084 14130.954345 254.922507 -0.408330 0.745276 -0.527096 -0.389642 -0.664484 -0.637684 0.825497 0.055007 -0.561719
1.201906 -52.201889 -330.831501 2608.156985 -0.654077 -0.591310 0.471737 -0.401835 0.799981 0.445599 -0.640868 0.101896 -0.760859
2.028172 -48.444521 587.235066 3189.815454 -0.645981 -0.570798 0.506851 -0.285951 0.796577 0.532633 -0.707772 0.199136 -0.677794
2.188080 -55.228129 637.932128 2751.689197 -0.623585 -0.610680 0.488070 -0.413184 0.787458 0.457372 -0.663642 0.083547 -0.743370
2.506828 -45.238778 -337.075618 4376.465050 -0.672912 -0.556886 0.486896 -0.275257 0.799453 0.533955 -0.686602 0.225284 -0.691249
1.181825 -61.201858 454.438705 1701.846771 -0.605134 -0.642358 0.470308 -0.525659 0.766049 0.369935 -0.597909 -0.023362 -0.801223
-0.885901 -60.973221 -503.905392 2799.874030 -0.638433 -0.620277 0.455697 -0.520313 0.784099 0.338324 -0.567166 -0.021108 -0.823333
0.795659 -55.459320 -752.944766 1364.036361 -0.652608 -0.602892 0.458938 -0.469046 0.797146 0.380203 -0.595062 0.032861 -0.803008
2.501313 -47.512954 -573.489335 2458.142237 -0.675408 -0.566330 0.472328 -0.364885 0.813240 0.453320 -0.640845 0.133831 -0.755915
31.343172 -75.841335 -1200.070897 13140.944551 0.372753 0.407914 -0.833464 0.898550 0.065557 0.433946 0.231652 -0.910664 -0.342095
33.711822 -72.595119 -9395.552714 7141.664046 0.384993 0.245137 -0.889769 0.891185 0.151895 0.427454 0.239937 -0.957515 -0.159984
36.184310 -60.123392 -2668.163590 4084.496067 0.320541 0.369373 -0.872248 0.901415 0.163979 0.400701 0.291039 -0.914699 -0.280396
34.504150 -60.772553 1895.067685 -8874.041331 0.251492 0.440627 -0.861742 0.909318 0.197388 0.366305 0.331501 -0.875720 -0.351028
31.584730 -58.920376 3568.028775 4140.125760 0.298714 0.506610 -0.808775 0.898663 0.135916 0.417050 0.321207 -0.851395 -0.414672
51.770620 -23.703916 -11834.403412 819.932383 0.413186 0.676285 -0.609849 0.388733 0.474619 0.789699 -0.823507 0.563360 0.066788
67.595441 -31.624556 -21661.072972 3167.520249 0.350177 0.754466 -0.555119 0.336542 0.451730 0.826244 -0.874137 0.476152 0.095724
66.475360 -25.334336 -10955.903762 2201.410259 0.532476 0.663006 -0.526205 0.305161 0.429493 0.849949 -0.789523 0.613155 -0.026372
52.510517 -16.487810 4931.069047 1422.169511 0.609560 0.561930 -0.559170 0.352331 0.439830 0.826083 -0.710140 0.700560 -0.070117
-3.897958 -42.948456 185.009726 2342.018524 -0.086578 -0.417706 -0.904448 0.821550 0.483592 -0.301983 0.563524 -0.769195 0.301298
-2.406880 -39.422653 -519.034255 2825.781700 -0.108404 -0.463468 -0.879458 0.808910 0.473115 -0.349036 0.577852 -0.749239 0.323617
-3.278280 -47.154777 783.659321 1739.179644 -0.068462 -0.411910 -0.908649 0.874998 0.412741 -0.253030 0.479262 -0.812388 0.332163
-1.914260 -43.698893 -923.065314 2048.233982 -0.049570 -0.439118 -0.897061 0.871627 0.419515 -0.253520 0.487656 -0.794470 0.361951
-1.940503 -53.645123 -110.324411 2452.209383 -0.005694 -0.391181 -0.920296 0.929492 0.337344 -0.149142 0.368798 -0.856257 0.361679
0.447547 -111.692446 1402.094001 1944.460844 -0.703132 0.179215 -0.688105 0.710764 0.149217 -0.687422 -0.020519 -0.972428 -0.232299
0.268127 -106.003251 881.497706 6042.768752 -0.682690 0.180047 -0.708179 0.725530 0.051848 -0.686235 -0.086837 -0.982291 -0.166026
3.204626 -117.515382 1342.930770 7730.819411 -0.680134 0.182739 -0.709947 0.712555 -0.062807 -0.698799 -0.172287 -0.981153 -0.087494
3.349122 -124.947080 1160.076327 6580.102218 -0.656730 0.172884 -0.734041 0.675744 -0.297197 -0.674570 -0.334777 -0.939034 0.078352
5.187727 -136.032552 1456.643261 8825.539299 -0.667544 0.158658 -0.727470 0.679717 -0.268958 -0.682383 -0.303924 -0.949994 0.071699
5.098996 -123.702457 -1136.905174 8676.963643 0.704157 -0.160334 0.691705 0.700752 -0.000159 -0.713405 -0.114493 -0.987063 -0.112242
14.879011 -47.333228 5975.769317 2570.993694 -0.255002 -0.565360 0.784437 0.309002 0.721071 0.620140 -0.916238 0.400530 -0.009177
23.368008 -42.937785 8051.838199 4780.568670 -0.231413 -0.561683 0.794330 0.438580 0.668583 0.600537 -0.868387 0.487349 0.091624
5.000699 -50.710949 -3691.062545 1779.756643 0.302502 0.674815 -0.673139 0.229249 0.633985 0.738585 -0.925169 0.377740 -0.037081
2.342486 -53.869364 3083.703427 -831.501133 -0.303510 -0.637894 0.707795 0.103647 0.716325 0.690026 -0.947174 0.282791 -0.151296
7.473461 -48.425175 1585.002703 464.424664 -0.294735 -0.532078 0.793741 0.189203 0.781700 0.594262 -0.936661 0.325328 -0.129724
-2.741070 -142.781890 -23.918850 -5697.051572 0.603904 -0.093557 0.791548 0.762543 0.356884 -0.539593 -0.232009 0.929452 0.286865
-1.414056 -146.710913 -155.635226 -4026.197755 0.638878 -0.085897 0.764498 0.768902 0.103589 -0.630919 -0.024999 0.990904 0.132227
1.493107 -151.973949 -1282.413744 -3510.354507 0.610081 -0.063494 0.789791 0.768892 0.288138 -0.570773 -0.191329 0.955481 0.224608
-2.448812 -140.399240 -3390.737833 -1780.002270 0.653106 -0.040776 0.756167 0.755738 0.098499 -0.647424 -0.048082 0.994301 0.095146
1.582984 -137.968534 -2056.481602 -7114.569014 0.582523 -0.070920 0.809715 0.714718 0.519120 -0.468713 -0.387098 0.851754 0.353087
-3.876898 -139.887936 -1170.551625 -4793.726562 0.615418 -0.074608 0.784662 0.743970 0.383781 -0.547011 -0.260327 0.920405 0.291691
-1.539765 -136.562719 -230.612120 -2371.196408 0.595811 -0.099544 0.796932 0.688763 0.573677 -0.443283 -0.413055 0.813010 0.410365
-2.326872 -47.405562 572.826983 495.924816 0.842096 0.322297 0.432434 0.249403 0.478211 -0.842088 0.478197 -0.816969 -0.322317
-3.020241 -51.483636 -485.413769 518.104272 0.845687 0.302900 0.439392 0.258303 0.488148 -0.833661 0.467004 -0.818513 -0.334580
-0.828064 -47.961302 -299.951136 1708.450068 0.865637 0.349693 0.358312 0.113418 0.560096 -0.820627 0.487657 -0.751004 -0.445178
0.709941 -42.119471 1166.552493 862.600206 0.861700 0.399804 0.312458 0.067454 0.520058 -0.851463 0.502915 -0.754782 -0.421166
19.857121 -1.622160 -8267.903441 -5627.893129 0.894326 0.183999 -0.407829 -0.335015 -0.328783 -0.882987 0.296556 -0.926308 0.232397
15.440175 7.310601 -9408.479667 -2298.910554 0.740480 0.036922 -0.671063 -0.624091 -0.332749 -0.706957 0.249397 -0.942292 0.223351
31.638773 11.035846 -6770.123987 -6869.455409 0.833131 0.220252 -0.507328 -0.420916 -0.342540 -0.839938 0.358778 -0.913321 0.192674
-5.828458 -31.822108 -49.851485 -705.608847 0.539827 0.400857 -0.740203 0.827463 -0.414161 0.379177 -0.154567 -0.817181 -0.555270
-4.188447 -31.405679 -960.716398 -633.643515 0.486578 0.432111 -0.759290 0.845479 -0.451789 0.284698 -0.220018 -0.780492 -0.585171
-6.683666 -31.946122 -809.040438 -757.351811 0.462429 0.447864 -0.765230 0.872922 -0.381279 0.304357 -0.155456 -0.808729 -0.567265
0.680173 -83.307575 321.274070 11321.276194 -0.519610 -0.399951 0.755013 0.806753 -0.520649 0.279416 0.281344 0.754297 0.593196
0.738051 -84.609115 827.007067 10512.296654 -0.515467 -0.417863 0.748120 0.819127 -0.496663 0.286980 0.251645 0.760734 0.598296
0.172861 -69.385869 613.487631 3435.578792 -0.505868 -0.408665 0.759665 0.770711 -0.609660 0.185255 0.387430 0.679197 0.623370
-0.772010 -74.615647 673.043561 4459.541479 -0.513033 -0.406030 0.756265 0.772441 -0.602617 0.200468 0.374343 0.687017 0.622796
-94.214474 -2987.509340 -22063.988720 -71945.635754 -0.410785 0.881857 0.231482 0.541035 0.440135 -0.716633 0.733851 0.169142 0.657916
-416.539074 -1903.850314 -104851.168008 527376.173303 0.840674 -0.539098 0.051392 -0.513178 -0.823357 -0.242347 -0.172963 -0.177362 0.968827
-69.145874 -1180.340263 -5792.915704 -368702.938968 -0.398239 0.912641 0.092152 0.902379 0.407823 -0.139255 0.164672 -0.027699 0.985959
7.189361 -2082.584454 16227.627304 -605277.378767 -0.051446 0.988447 0.142566 0.911703 -0.011782 0.410682 -0.407617 -0.151105 0.900564
-75.257135 -2109.379690 8514.325410 155790.744852 -0.425861 0.869915 0.248777 0.369419 0.418168 -0.829859 0.825937 0.261502 0.499444
-62.042875 -1117.391647 4039.116137 -295805.884095 -0.383929 0.896889 0.219518 0.794099 0.442029 -0.417154 0.471174 -0.014161 0.881926
-66.801287 -646.980119 13904.370062 -201015.332799 0.255158 -0.957577 -0.133946 0.960265 0.234763 0.150924 -0.113076 -0.167133 0.979429
-3.206704 -418.794049 -3069.536160 120483.882483 -0.136052 0.937450 0.320433 -0.483761 0.219395 -0.847255 0.864561 0.270284 -0.423653
25.683764 -3718.833365 -25129.778876 1590262.378782 -0.120491 0.942423 0.311964 -0.255618 0.274203 -0.927077 0.959240 0.191448 -0.207862
3.223098 -359.387404 -4884.160592 58299.957978 -0.098058 0.948354 0.301677 -0.061491 0.296785 -0.952963 0.993279 0.111996 -0.029214
9.076499 -261.862779 -652.078394 56606.129980 -0.148341 0.935441 0.320851 -0.392119 0.242210 -0.887455 0.907875 0.257458 -0.330874
-13.224549 -33.296051 -499.494692 44.418725 0.273202 0.497004 -0.823619 0.960319 -0.090979 0.263647 0.056101 -0.862966 -0.502138
-12.679969 -31.994525 649.221540 -494.725693 0.404906 0.477098 -0.780019 0.913281 -0.169627 0.370329 0.044371 -0.862325 -0.504407
-9.863891 -32.216668 -214.713413 673.591765 0.417992 0.463963 -0.781038 0.908333 -0.227300 0.351094 -0.014635 -0.856197 -0.516442
-49.935317 -63.937086 201.538516 -150.345568 0.643131 -0.684747 -0.342790 0.497822 0.714015 -0.492297 0.581855 0.145963 0.800087
-49.391281 -63.287058 -1616.081572 1038.696633 0.692403 -0.656702 -0.298865 0.404292 0.696215 -0.593154 0.597600 0.289873 0.747561
-46.622675 -64.358855 -2759.775318 1101.587756 0.771794 -0.582818 -0.254280 0.412469 0.763211 -0.497372 0.483946 0.278986 0.829436
14.286146 -46.853199 2027.091328 1702.173609 0.698701 0.445655 -0.559650 -0.591607 0.799784 -0.101722 0.402266 0.402166 0.822462
12.705892 -43.685753 2036.068602 -1414.162509 0.694359 0.448394 -0.562857 0.638798 -0.744206 0.195179 0.331364 0.495076 0.803179
8.472501 -46.412994 3938.231560 -769.695778 0.670334 0.438306 -0.598783 0.617681 -0.776766 0.122902 0.411245 0.452243 0.791425
57.425592 -71.408541 -5842.791568 -12206.265953 0.691930 0.704070 0.159748 0.548203 -0.656356 0.518334 -0.469795 0.271076 0.840125
66.665301 -55.986304 -2788.115376 -6811.881020 0.701060 0.708904 0.077264 0.535985 -0.595298 0.598615 -0.470356 0.378253 0.797302
72.754876 -83.946455 -9407.738496 8003.423058 0.787922 0.612338 0.064970 -0.529329 0.727438 -0.436629 -0.314626 0.309639 0.897293
60.304261 -45.835540 1011.421267 -6557.070656 0.586632 0.796874 0.144411 0.579542 -0.537628 0.612444 -0.565680 0.275587 0.777212
52.214708 -64.501502 633.326987 -12728.582166 0.587904 0.788991 0.178500 0.600105 -0.573354 0.557799 -0.542442 0.220814 0.810554
-1.879027 -50.746284 2374.601673 -1251.442461 -0.491348 0.845992 -0.207062 -0.785556 -0.533131 -0.314123 0.376137 -0.008315 -0.926527
1.241620 -46.699053 1042.680933 228.998311 -0.493198 0.840717 -0.223495 -0.766179 -0.541474 -0.346087 0.411978 -0.000547 -0.911194
-0.167017 -42.958482 2009.135304 -2357.981663 -0.498383 0.838925 -0.218677 -0.716530 -0.540586 -0.440854 0.488057 0.063025 -0.870533
-5.107059 -44.508758 3420.761317 -2897.163716 -0.502796 0.840480 -0.201964 -0.719726 -0.536455 -0.440692 0.478737 0.076219 -0.874643
-2.992522 -39.278095 1901.350435 -4037.694085 -0.483222 0.850009 -0.209717 -0.661976 -0.511498 -0.547866 0.572961 0.125914 -0.809853
1.289581 -38.134538 917.966690 -3233.114355 -0.495943 0.837474 -0.229518 -0.649757 -0.533244 -0.541726 0.576070 0.119535 -0.808613
-2.322742 -43.178819 1133.333464 2548.816284 -0.621711 0.679240 -0.390010 -0.319250 -0.674459 -0.665721 0.715230 0.289376 -0.636166
-6.560715 -43.094068 1098.955659 3570.926450 -0.608748 0.697071 -0.378838 -0.330936 -0.657089 -0.677285 0.721046 0.286925 -0.630688
-2.282071 -38.298132 1021.626702 1840.264974 -0.604997 0.713843 -0.352713 -0.402506 -0.656403 -0.638063 0.686999 0.244057 -0.684448
0.691920 -40.933641 576.425579 1293.450404 -0.597695 0.716771 -0.359166 -0.426169 -0.663506 -0.614930 0.679073 0.214475 -0.702040
-54.910830 -122.818550 3290.931275 14849.151965 0.251221 -0.504768 0.825892 0.953835 0.274187 -0.122562 -0.164583 0.818554 0.550347
-59.618090 -136.227690 -44.641085 13573.123381 0.159771 -0.419701 0.893490 0.945000 0.326702 -0.015519 -0.285391 0.846828 0.448815
-53.688409 -132.664235 4255.940957 13207.082595 0.214352 -0.562441 0.798570 0.919205 0.392648 0.029814 -0.330326 0.727659 0.601164
-48.529062 -128.546003 6875.417416 14874.481404 0.279344 -0.632084 0.722798 0.940611 0.331381 -0.073733 -0.192917 0.700469 0.687115
4.552966 -238.098319 -3560.707115 -27987.120614 0.308913 0.035136 0.950441 0.726251 0.636537 -0.259578 -0.614111 0.770446 0.171117
7.762406 -201.386006 783.215845 -12268.334558 0.322193 0.041914 0.945746 0.858226 0.408709 -0.310491 -0.399549 0.911702 0.095712
5.127989 -204.704393 -1695.364667 -6283.772863 0.319873 0.057108 0.945738 0.859698 0.402072 -0.315051 -0.398246 0.913826 0.079516
1.190574 -270.551974 -898.757036 -26707.338892 0.345500 0.064328 0.936211 0.888533 0.298523 -0.348417 -0.301893 0.952232 0.045983
31.659940 -36.568740 -19481.209695 1918.726435 -0.628487 0.201314 0.751316 0.695286 -0.287606 0.658681 0.348685 0.936352 0.040786
-2.059372 -43.346483 9356.423043 -1930.210568 0.836543 -0.281191 -0.470242 0.387828 -0.302355 0.870730 0.387022 0.910776 0.143879
23.824531 -34.625270 16607.273253 899.256037 0.700035 -0.209619 -0.682650 0.604867 -0.334084 0.722858 0.379587 0.918938 0.107078
2.411713 -33.269279 5869.541900 -2131.501296 0.851227 -0.256303 -0.457954 0.351369 -0.369832 0.860095 0.389811 0.893047 0.224754
54.871486 -29.637682 -14617.199912 702.374681 -0.578315 0.042355 0.814713 0.769544 -0.303215 0.562016 0.270838 0.951980 0.142760
37.508795 -27.746324 -16194.435422 963.704271 -0.631282 0.100085 0.769069 0.698288 -0.358128 0.619788 0.337457 0.928293 0.156192
44.210135 -25.896120 -14306.889320 2101.091661 0.159136 0.933911 -0.320135 0.603644 0.164547 0.780089 -0.781211 0.317387 0.537564
32.925019 -22.225038 -11762.690844 -1027.633264 0.111109 0.907282 -0.405580 0.533878 0.289727 0.794375 -0.838230 0.304792 0.452187
63.865300 -31.410898 -14528.829231 2037.178066 0.211036 0.866446 -0.452476 0.611755 0.243962 0.752488 -0.762378 0.435607 0.478568
58.666998 -28.282304 -19642.653140 1467.122484 0.236986 0.942419 -0.235976 0.623286 0.038830 0.781029 -0.745219 0.332174 0.578195
-17.458774 -87.151492 658.277108 -4104.884964 -0.319421 -0.021647 -0.947366 0.841294 0.453623 -0.294023 0.436112 -0.890931 -0.126685
-17.442289 -96.176020 1405.737560 -3322.841834 -0.332538 -0.017134 -0.942934 0.702931 0.662062 -0.259928 0.628734 -0.749253 -0.208117
-21.029491 -92.656472 2326.494704 -3277.892668 -0.327160 -0.035997 -0.944283 0.798328 0.524134 -0.296572 0.505607 -0.850875 -0.142738
-20.641533 -85.910125 2472.451110 -2678.057542 -0.313253 -0.034178 -0.949054 0.896488 0.319090 -0.307394 0.313340 -0.947108 -0.069316
-33.041321 -176.732853 4316.148065 -7805.691391 0.850606 -0.509361 0.130468 -0.521164 -0.849626 0.080776 -0.069705 0.136704 0.988157
-17.109287 -201.242678 4410.705148 -598.331832 0.897218 -0.407342 0.170506 0.379781 0.908809 0.172722 -0.225314 -0.090214 0.970100
-12.244752 -198.181329 6136.824647 -7494.149168 0.834930 -0.538219 0.114947 0.497694 0.827541 0.259763 -0.234933 -0.159675 0.958807
-31.939832 -200.863599 -1901.824805 -29300.789088 0.908607 -0.346645 0.232958 -0.389282 -0.904973 0.171705 -0.151300 0.246699 0.957208
-25.484750 -177.655998 4550.273838 -4065.469868 0.762608 -0.635595 0.120201 -0.642732 -0.765505 0.029961 -0.072972 0.100106 0.992297
-24.457464 -43.311310 1740.437112 -1236.943733 0.678276 0.466269 -0.567922 -0.225603 0.867699 0.442947 0.699318 -0.172315 0.693731
-21.152636 -42.957539 -1248.646445 37.158808 0.743420 0.424243 -0.517054 -0.199442 0.878524 0.434072 0.638396 -0.219576 0.737724
-23.769727 -41.160852 1361.764495 -1585.711472 0.706167 0.421739 -0.568740 -0.101708 0.855343 0.507980 0.700703 -0.300873 0.646909
-19.534308 -40.594529 -3313.877155 -1896.333185 0.778615 0.356092 -0.516680 -0.036058 0.847420 0.529697 0.626466 -0.393800 0.672654
-22.429619 -39.181220 -209.934450 -1484.316722 0.732844 0.332623 -0.593551 0.029823 0.855817 0.516418 0.679743 -0.396155 0.617260
-22.228946 -38.348330 482.253118 -660.531583 0.693940 0.322147 -0.643947 0.048555 0.871358 0.488239 0.718394 -0.370075 0.589029
16.901088 -145.066952 5593.759214 -19153.843288 0.950504 -0.056655 0.305504 0.273107 0.621220 -0.734505 0.148172 -0.781585 -0.605945
49.761622 -127.184380 17814.820988 -14536.381293 0.935259 -0.101448 0.339116 0.343658 0.489756 -0.801273 0.084796 -0.865937 -0.492912
15.967075 -112.401769 6691.829399 -8492.632164 0.948938 -0.036986 0.313288 0.299150 0.420730 -0.856444 0.100133 -0.906432 -0.410311
32.508541 -508.541649 9951.811153 -119629.047118 -0.636743 -0.274308 -0.720634 0.724154 -0.533780 -0.436670 -0.264878 -0.799896 0.538522
38.683878 -498.625232 -6943.160424 -88062.148344 0.712504 0.147164 0.686062 0.689647 -0.327086 -0.646066 -0.129324 -0.933465 0.334542
24.421333 -539.414020 -9896.750737 -154221.184282 0.682315 0.178978 0.708812 0.566900 -0.741727 -0.358420 -0.461596 -0.646380 0.607554
-2.319562 -30.696369 156.144605 -1811.618790 0.874498 0.298641 -0.382186 0.484482 -0.575220 0.659089 0.023010 0.761535 0.647715
-2.648972 -31.718090 -820.868445 -1228.298668 0.893239 0.286527 -0.346448 0.448568 -0.619701 0.644016 0.030166 0.730666 0.682068
-2.622973 -34.901660 -608.950309 -1742.298473 0.842783 0.341684 -0.415895 0.534881 -0.617999 0.576177 0.060152 0.708046 0.703599
-0.007989 -34.288261 1629.033051 -1900.222753 0.783857 0.374537 -0.495267 0.617521 -0.553797 0.558549 0.065080 0.743661 0.665382
-0.350097 -30.163529 1783.302669 -2012.864664 0.854085 0.306642 -0.420131 0.519775 -0.533185 0.667494 0.019326 0.788470 0.614770
-14.426026 -40.430294 -405.175662 -3327.439572 -0.187572 0.982150 -0.014055 -0.183770 -0.049145 -0.981740 0.964907 0.181564 -0.189708
-14.403322 -39.250109 -1277.573159 -331.398135 -0.214789 0.973723 -0.075687 -0.226670 -0.125080 -0.965907 0.949993 0.190310 -0.247579
-16.389988 -40.491435 -444.698132 -1513.932125 -0.208573 0.975943 -0.063499 -0.132415 -0.092509 -0.986868 0.969001 0.197426 -0.148525
-13.962126 -40.778874 69.072152 -2026.812744 -0.170689 0.985307 -0.005967 -0.146954 -0.031444 -0.988643 0.974305 0.167874 -0.150162
0.426656 -51.059627 -181.869032 -382.588755 -0.320751 0.909585 -0.264148 -0.451571 0.098293 0.886805 -0.832588 -0.403725 -0.379214
1.010740 -49.420904 10.002779 99.739086 -0.337246 0.914094 -0.225162 -0.549627 0.003000 0.835405 -0.764314 -0.405492 -0.501399
1.823667 -48.898764 11.722867 -29.826086 -0.318743 0.914063 -0.250783 -0.476391 0.074243 0.876093 -0.819423 -0.398719 -0.411787
2.508477 -47.220074 3.089180 -297.264727 -0.333614 0.914265 -0.229828 -0.565146 0.001164 0.824990 -0.754527 -0.405115 -0.516305
1.552455 -49.694129 -194.404590 -771.308061 -0.310559 0.909651 -0.275841 -0.421046 0.128527 0.897887 -0.852217 -0.394989 -0.343090
1.151779 -132.882128 -2949.387558 4807.329498 0.404204 0.063303 0.912476 0.740285 -0.608562 -0.285709 0.537212 0.790977 -0.292846
10.356963 -235.110019 -1578.422147 47908.941148 0.466405 -0.032362 0.883979 0.765145 -0.486693 -0.421524 0.443868 0.872973 -0.202235
3.608925 -220.471804 -3384.080309 43587.533131 0.433460 0.038220 0.900362 0.822722 -0.424497 -0.378062 0.367751 0.904622 -0.215447
7.052766 -506.535629 -2222.559112 -143449.249527 -0.444273 0.529641 -0.722566 0.866887 0.457709 -0.197509 0.226116 -0.714131 -0.662486
3.650018 -472.499042 -2774.923973 -139823.549716 -0.423861 0.517672 -0.743208 0.905724 0.239935 -0.349423 -0.002565 -0.821247 -0.570567
50.653369 -2310.862506 -1622.476422 -778741.207478 -0.335644 0.566256 -0.752793 0.896810 0.436612 -0.071433 0.288229 -0.699088 -0.654370
-46.841745 -87.370346 -2315.697277 -10603.127192 -0.164903 -0.011024 0.986248 -0.118944 0.992862 -0.008789 -0.979112 -0.118758 -0.165037
-58.163909 -80.888115 481.724533 -5042.131747 -0.060432 -0.176156 0.982505 -0.069279 0.982671 0.171925 -0.995765 -0.057678 -0.071589
-47.092925 -76.184414 872.799573 -3162.008287 0.080917 -0.584964 0.807013 -0.080593 0.803177 0.590265 -0.993457 -0.112802 0.017847
-40.274930 -66.421962 105.100143 -4308.049857 -0.163601 0.726210 -0.667723 -0.201149 0.638068 0.743242 -0.965802 -0.255908 -0.041688
-47.337984 -74.506632 227.143446 -385.466598 -0.464763 0.845929 -0.261532 0.270771 0.417007 0.867634 -0.843017 -0.332429 0.422863
-36.228844 -75.339798 2292.671091 -119.697818 -0.048221 0.530854 -0.846091 0.361403 0.798956 0.480683 0.931162 -0.282600 -0.230379
-20.659457 -78.274648 8525.180163 -1029.705824 -0.162248 0.559161 -0.813028 0.334010 0.806428 0.487967 0.928500 -0.192388 -0.317607
12.079852 -23.340420 -915.080562 1433.071446 0.289311 -0.141361 0.946740 0.180836 0.979298 0.090961 -0.939999 0.144889 0.308885
10.255382 -18.964355 -2017.358779 2808.574668 0.259100 -0.216942 0.941171 0.267032 0.952556 0.146053 -0.928203 0.213480 0.304738
8.736044 -20.453454 -2592.157679 2358.319901 0.322101 -0.028621 0.946273 0.159215 0.986944 -0.024344 -0.933221 0.158503 0.322452
22.462890 -23.164157 5215.696447 1747.408438 0.261504 -0.316597 0.911801 0.264972 0.931927 0.247592 -0.928119 0.176855 0.327592
14.726185 -25.981025 -993.031468 864.477854 0.309483 -0.045587 0.949812 0.104352 0.994446 0.013728 -0.945162 0.094867 0.312521
30.711870 -27.727887 10597.843004 -813.038598 0.317635 -0.257333 0.912627 0.143459 0.964433 0.222010 -0.937298 0.060406 0.343255
30.375566 -36.072533 -5311.025705 6855.100970 -0.482428 0.206477 -0.851252 -0.101586 0.952075 0.288503 0.870025 0.225657 -0.438332
51.339383 -38.953777 21777.869722 -1998.094682 -0.450839 0.718357 -0.529818 -0.231091 -0.667261 -0.708067 0.862172 0.196788 -0.466833
113.190021 -14.565134 -31866.745643 9964.988146 -0.442402 0.000279 -0.896817 -0.310370 0.938157 0.153398 0.841398 0.346209 -0.414956
42.500116 -45.304835 -17113.278939 6978.802658 -0.437169 -0.180258 -0.881130 -0.255759 0.964177 -0.070354 0.862247 0.194601 -0.467611
73.875548 -16.053957 15136.604760 10213.755378 -0.475814 0.564033 -0.674883 0.001001 0.767655 0.640862 0.879545 0.304256 -0.365826
-5.370175 -49.910322 1531.476571 -921.562191 0.461841 0.539406 -0.704091 -0.657505 0.741001 0.136399 0.595307 0.399949 0.696886
-5.153830 -50.904487 -855.805952 -583.363040 -0.462200 -0.554237 0.692238 0.755927 -0.654374 -0.019196 0.463622 0.514409 0.721414
-7.219467 -52.106295 584.005286 165.565316 0.481567 0.552751 -0.680117 -0.695306 0.713373 0.087457 0.533519 0.430773 0.727868
-2.528321 -49.803119 914.259280 -282.038042 0.459770 0.549636 -0.697504 -0.698483 0.708861 0.098170 0.548392 0.442059 0.709824
-7.246278 -50.300585 1177.153653 -1373.874565 0.484141 0.533094 -0.693844 -0.611402 0.773372 0.167581 0.625936 0.343084 0.700355
-4.063008 -47.708868 957.689734 -994.463327 0.466820 0.541646 -0.699070 -0.598582 0.775413 0.201082 0.650983 0.324582 0.686198
-6.597520 -46.902308 1228.293146 -1531.115982 0.482165 0.527701 -0.699320 -0.540880 0.807248 0.236219 0.689178 0.264352 0.674650
2.266302 -55.764278 534.823680 3105.156015 -0.629315 -0.606203 0.486293 -0.373130 0.784585 0.495177 -0.681716 0.130171 -0.719944
2.612395 -46.396516 -57.951057 805.734510 -0.669815 -0.546113 0.503100 -0.215307 0.791287 0.572283 -0.710627 0.275003 -0.647597
2.481212 -47.224859 549.267771 915.343481 -0.655929 -0.541712 0.525648 -0.193713 0.793870 0.576407 -0.729543 0.276258 -0.625659
2.170339 -52.160847 385.020002 2658.083357 -0.647777 -0.569692 0.505803 -0.257833 0.788693 0.558110 -0.716874 0.231118 -0.657782
24.796591 -83.504994 -5978.732870 6068.047613 0.425065 0.273134 -0.862970 0.904187 -0.083861 0.418824 0.042025 -0.958314 -0.282611
0.397583 -166.422886 2456.331943 -8740.476077 0.626667 0.390800 -0.674214 0.544334 0.399607 0.737573 -0.557664 0.829210 -0.037695
-3.367966 -185.021566 2664.163129 -26830.791950 0.641737 0.418008 -0.642996 0.352603 0.583728 0.731391 -0.681062 0.696083 -0.227209
-0.042618 -145.968080 -1341.342900 -12292.606259 -0.629505 -0.438404 0.641503 0.296398 0.627696 0.719823 -0.718243 0.643272 -0.265196
18.467377 -37.731542 -13272.376218 2271.135926 0.335690 0.761547 -0.554399 0.316133 0.463335 0.827877 -0.887340 0.453174 0.085213
54.947310 -38.284132 -21788.358331 3451.201348 0.339891 0.784946 -0.518009 0.257161 0.452239 0.854019 -0.904623 0.423486 0.048145
35.557170 -29.576845 -15556.721434 2317.193452 0.312934 0.730849 -0.606574 0.415023 0.469227 0.779475 -0.854300 0.495666 0.156482
-1.028833 -35.137506 -277.757812 4118.489348 -0.143196 -0.473085 -0.869301 0.744928 0.526771 -0.409384 0.651596 -0.706189 0.276983
1.056594 -29.659675 -1055.395496 3482.755036 -0.204904 -0.525835 -0.825537 0.713262 0.497370 -0.493842 0.670277 -0.690015 0.273145
-1.744453 -33.002925 -587.889115 1854.432093 -0.145755 -0.500613 -0.853312 0.800994 0.446523 -0.398781 0.580658 -0.741622 0.335905
-1.530821 -103.621654 908.844008 1089.493375 -0.695822 0.177807 -0.695856 0.717678 0.209543 -0.664100 0.027730 -0.961497 -0.273413
-0.585565 -106.327103 -242.009136 4783.166615 -0.670117 0.166767 -0.723278 0.736637 0.029755 -0.675633 -0.091152 -0.985547 -0.142786
6.040213 -74.118345 999.369435 -4879.208695 0.530670 0.725892 -0.437574 0.627007 0.011169 0.778933 0.570309 -0.687718 -0.449212
6.180443 -78.678958 713.420019 -5048.926862 0.520839 0.723769 -0.452643 0.546075 0.125079 0.828346 0.656147 -0.678612 -0.330086
4.716699 -74.221543 1025.308883 -3232.307294 0.516453 0.731229 -0.445625 0.578787 0.085446 0.810990 0.631096 -0.676760 -0.379097
42.220755 -30.672896 -3688.414793 -151.149212 -0.277927 -0.207119 0.938008 0.575382 0.746035 0.335212 -0.769216 0.632877 -0.088171
36.442326 -34.614455 5930.250397 1905.663546 -0.216139 -0.408195 0.886939 0.523655 0.718242 0.458165 -0.824057 0.563477 0.058513
37.894668 -33.015574 -1087.578224 1505.236851 -0.266404 -0.266894 0.926173 0.524788 0.765822 0.371636 -0.808471 0.585050 -0.063955
26.956721 -35.257057 -1347.453067 3388.138711 -0.280536 -0.274505 0.919753 0.488627 0.783933 0.383006 -0.826162 0.556863 -0.085791
35.121018 -31.849123 -7536.468774 1653.535454 -0.304162 -0.118344 0.945241 0.555696 0.783898 0.276957 -0.773749 0.609507 -0.172669
-1.011687 -152.993647 784.087084 1488.137845 0.647403 -0.084887 0.757406 0.757476 -0.038207 -0.651744 0.084263 0.995658 0.039564
-1.347272 -143.777172 -734.534415 -4108.906001 0.692891 -0.074836 0.717149 -0.684825 0.242955 0.687013 0.225648 0.967147 -0.117092
387.290908 -22.735764 -113883.940507 428.520470 0.211904 0.967189 -0.140151 -0.724412 0.251710 0.641771 -0.655991 0.034467 -0.753981
448.080042 -48.000454 -170147.402703 13682.802430 0.288444 0.951805 -0.104241 -0.689994 0.282106 0.666577 -0.663859 0.120344 -0.738112
431.266248 -37.844993 -138726.814375 10714.863902 0.437526 0.896691 0.067202 -0.678645 0.280255 0.678895 -0.589925 0.342640 -0.731154
303.886288 -42.987854 28593.157301 -8277.135973 0.634111 0.601016 0.486501 0.711765 -0.207836 -0.670966 -0.302149 0.771741 -0.559573
469.437488 -30.886591 -141582.501367 222.312698 0.390359 0.914829 0.103479 -0.703568 0.223927 0.674425 -0.593811 0.336072 -0.731057
-4.113772 -55.044112 -543.796439 724.049992 0.841980 0.274948 0.464190 0.288385 0.497794 -0.817945 0.455964 -0.822560 -0.339842
19.778547 -51.120609 6009.045424 1752.688317 0.494557 0.602041 -0.626865 0.815683 -0.570551 0.095566 -0.300124 -0.558586 -0.773245
26.491385 -50.670616 1952.238287 1981.420610 0.501250 0.536654 -0.678786 0.788865 -0.605769 0.103612 -0.355584 -0.587406 -0.726990
29.086921 -48.468578 5781.432728 1581.502880 0.515089 0.562369 -0.646858 0.821592 -0.539009 0.185622 -0.244274 -0.627065 -0.739675
17.434520 -50.342911 8231.196209 1439.394381 0.481032 0.630690 -0.608965 0.848984 -0.508390 0.144100 -0.218709 -0.586318 -0.779998
2.294763 -4.211883 -4288.365180 -3528.589328 0.944973 0.247847 -0.213534 -0.153317 -0.241089 -0.958316 0.288997 -0.938322 0.189824
3.086167 -2.206054 -4441.501217 -4877.739897 0.196157 -0.133299 -0.971470 0.944868 0.290603 0.150911 0.262196 -0.947513 0.182954
17.287858 -0.526493 -7640.672521 -7558.615036 0.376455 -0.079684 -0.923002 0.899644 0.269306 0.343678 0.221184 -0.959752 0.173069
-11.953393 -28.654964 -4369.411396 3199.082312 0.083901 0.470927 0.878173 0.805635 0.486590 -0.337908 -0.586440 0.735838 -0.338570
-18.814287 -35.528119 -3065.842050 1357.946939 0.195472 0.506566 0.839751 0.725424 0.501537 -0.471403 -0.659963 0.701322 -0.269439
-20.725102 -33.527926 -2729.924246 2434.421458 0.299674 0.531097 0.792547 0.732645 0.403990 -0.547744 -0.611086 0.744801 -0.268040
-18.490798 -27.568201 -2964.402810 4055.053963 0.302411 0.532974 0.790244 0.773200 0.347665 -0.530369 -0.557414 0.771406 -0.306958
-79.538566 -361.001461 -5944.466327 -81522.525893 0.157414 0.955281 0.250316 0.808353 -0.270247 0.523002 -0.567262 -0.120016 0.814746
-3.186296 -197.295962 4999.539236 -4557.859644 -0.197769 0.942030 0.271048 0.322057 0.323603 -0.889697 0.925833 0.088662 0.367386
-9.399520 -141.814080 3041.740262 -11468.910880 -0.194696 0.903857 0.380967 0.184724 0.415238 -0.890761 0.963312 0.103054 0.247809
-1.679584 -169.450537 3161.024483 303.574118 -0.225735 0.893115 0.389087 -0.000318 0.399328 -0.916808 0.974189 0.207080 0.089858
-13.408723 -139.700117 3829.757847 -508.539374 -0.115763 0.971673 0.206035 0.459223 0.236286 -0.856320 0.880746 0.004514 0.473567
0.633880 -229.859106 4245.054948 24224.202024 -0.086483 0.988750 0.122039 0.639038 0.149033 -0.754599 0.764298 -0.012727 0.644738
-41.374521 -59.112119 -3403.860031 -2241.703007 0.853928 -0.479746 -0.201621 0.429275 0.868401 -0.248199 0.294160 0.125393 0.947495
-42.254692 -61.723714 -3305.531801 425.529205 0.854776 -0.486014 -0.182067 0.379733 0.824797 -0.418943 0.353781 0.288965 0.889572
-38.944698 -59.843803 -815.760632 -429.962175 0.882313 -0.447563 -0.145638 0.384312 0.863715 -0.326037 0.271712 0.231697 0.934071
-38.887433 -57.251345 -894.602943 -1681.990193 0.885945 -0.414675 -0.207714 0.394898 0.909331 -0.131042 0.243221 0.034070 0.969372
-42.712366 -57.398130 -2558.920317 -3359.105521 0.840943 -0.469622 -0.268832 0.457249 0.882374 -0.111082 0.289377 -0.029510 0.956760
-45.332230 -60.550183 -2296.590854 -3781.594656 0.795500 -0.516222 -0.317324 0.477000 0.856436 -0.197455 0.373699 0.005712 0.927533
-30.158005 -41.100940 9592.044504 1377.401730 -0.371182 0.915245 -0.156686 0.172653 -0.097772 -0.980118 0.912368 0.390855 0.121729
-30.565755 -43.492371 7798.652708 -25.671582 -0.230446 0.836192 -0.497672 0.408535 -0.381042 -0.829401 0.883173 0.394449 0.253804
-39.444758 -45.015107 -1432.033187 3569.606786 0.109706 0.428320 -0.896943 -0.343413 0.863153 0.370181 0.932755 0.267411 0.241784
-39.577628 -50.282183 307.196145 5333.467950 0.035260 0.386394 -0.921659 -0.272942 0.890895 0.363055 0.961384 0.238758 0.136876
14.915787 -50.675555 -2534.654272 1421.448636 0.752649 0.452551 -0.478244 -0.504909 0.862894 0.021922 0.422595 0.224971 0.877953
11.308935 -51.890682 -2790.698169 539.528274 0.769561 0.438931 -0.463806 -0.448435 0.888554 0.096841 0.454623 0.133462 0.880628
7.742967 -49.423470 -2599.035741 1396.131844 0.768169 0.442333 -0.462880 -0.512693 0.858016 -0.030906 0.383488 0.261056 0.885882
74.171849 -67.205502 -1391.341604 -5152.863273 0.773725 0.631915 -0.045093 0.537196 -0.616687 0.575428 -0.335813 0.469447 0.816608
73.701136 -47.857793 -873.630359 -3927.955827 0.689539 0.724245 -0.002484 0.541948 -0.513696 0.665138 -0.480446 0.459985 0.746717
0.757406 -51.584527 623.547274 -1410.844133 -0.498790 0.835323 -0.231180 -0.782401 -0.548710 -0.294562 0.372905 -0.033951 -0.927248
1.710846 -48.343219 -1038.544523 -1366.997255 -0.478434 0.842696 -0.246912 -0.768385 -0.537864 -0.346822 0.425071 -0.023792 -0.904848
-62.631732 -132.672402 -1207.997768 8421.215207 0.114135 -0.288256 0.950727 0.930334 0.366713 -0.000501 -0.348500 0.884551 0.310030
-60.701503 -116.861303 1033.358499 14766.665059 0.147166 -0.306150 0.940539 0.988069 0.089146 -0.125586 -0.045397 0.947800 0.315617
-58.714317 -128.515528 -905.864789 9018.067531 0.039129 -0.188939 0.981209 0.949869 0.311861 0.022172 -0.310190 0.931152 0.191670
-53.248812 -90.241213 2192.482953 12478.552337 0.165139 -0.300605 0.939343 0.970843 -0.118252 -0.208519 0.173761 0.946390 0.272312
-53.454684 -93.089065 -52.744955 12542.747871 0.065517 -0.181863 0.981139 0.986545 -0.135789 -0.091047 0.149786 0.973903 0.170520
-51.578414 -85.330944 2269.295950 10857.348756 0.320145 -0.383932 0.866085 0.928116 -0.056265 -0.368016 0.190024 0.921646 0.338320
-50.903194 -109.364889 -2414.652676 11369.370171 -0.013269 -0.136956 0.990488 0.997621 0.065206 0.022381 -0.067651 0.988429 0.135765
7.479103 -178.846563 -63.832504 -19753.068684 0.263134 0.019930 0.964553 0.651896 0.733339 -0.192992 -0.711191 0.679571 0.179974
-3.724780 -47.543563 12634.320719 -1358.605133 0.804533 -0.262130 -0.532929 0.488475 -0.218343 0.844819 0.337814 0.940008 0.047620
-23.224404 -61.661515 5110.957566 -2261.133116 0.938868 -0.327038 -0.107579 0.020363 -0.259180 0.965614 0.343675 0.908775 0.236676
-11.783697 -49.806542 4189.013979 -2046.371643 0.919767 -0.367557 -0.137591 0.006551 -0.336154 0.941784 0.392411 0.867123 0.306775
53.003679 -25.616434 -12807.159789 -2945.443962 0.094675 0.851732 -0.515354 0.477593 0.415355 0.774200 -0.873465 0.319427 0.367457
22.408865 -17.931977 -6842.318319 -2859.812882 0.058565 0.875397 -0.479844 0.481227 0.396378 0.781860 -0.874638 0.276704 0.398050
-4.984192 -111.959854 373.674751 -5857.507021 -0.554504 0.830763 -0.048560 0.276185 0.128671 -0.952452 0.785014 0.541551 0.300793
-6.703211 -125.013568 707.414979 -7433.738554 -0.563646 0.825785 -0.019566 0.081336 0.031914 -0.996176 0.822002 0.563082 0.085154
-4.143540 -140.157510 862.108287 -12354.821642 -0.570228 0.821085 -0.025667 0.179511 0.094056 -0.979249 0.801633 0.563003 0.201027
-4.562935 -122.565746 -694.447233 -9183.136111 -0.540152 0.841217 -0.024304 0.090983 0.029662 -0.995411 0.836635 0.539884 0.092558
-5.202790 -111.420175 1160.469202 -6403.801339 -0.560535 0.825638 -0.064207 0.391237 0.195684 -0.899245 0.729887 0.529178 0.432707
-3.789666 -101.974659 414.143798 -1902.841238 -0.542276 0.835710 -0.086742 0.470412 0.216447 -0.855490 0.696167 0.504717 0.510502
-2.409521 -106.216584 -809.693299 -4842.272834 -0.531857 0.845176 -0.052960 0.236226 0.088016 -0.967704 0.813219 0.527191 0.246465
-2.607622 -98.517532 -630.004835 -2113.436015 -0.528442 0.845477 -0.076925 0.407199 0.172912 -0.896823 0.744942 0.505243 0.435651
-12.103109 -100.868614 752.125676 -3755.044067 -0.365054 0.013312 -0.930891 0.637476 0.732295 -0.239517 0.678498 -0.680858 -0.275813
-14.612753 -103.805257 1083.730165 -1676.099148 -0.353110 -0.019573 -0.935377 0.507131 0.836159 -0.208941 0.786213 -0.548138 -0.285329
-13.899341 -91.033501 396.522206 -3662.745756 -0.337942 0.020357 -0.940947 0.783608 0.559843 -0.269322 0.521300 -0.828348 -0.205147
-22.629520 -45.731227 -404.203864 -795.297907 0.729805 0.440507 -0.522818 -0.261551 0.886464 0.381801 0.631645 -0.141897 0.762161
-18.401315 -46.353427 -4317.373196 -811.083871 0.781341 0.417910 -0.463527 -0.249877 0.890057 0.381261 0.571898 -0.182070 0.799864
-16.598043 -43.311113 -6110.614149 -623.209741 0.810155 0.374777 -0.450767 -0.151592 0.876727 0.456475 0.566276 -0.301483 0.767099
40.796935 21.839877 -17550.222674 1942.647703 0.903818 0.348118 0.248852 0.084515 0.424867 -0.901302 0.419489 -0.835644 -0.354581
21.007139 7.078571 -4221.231804 15050.647780 0.686230 0.535385 -0.492394 -0.603231 0.040622 -0.796531 0.406449 -0.843631 -0.350837
27.651312 -2.965536 -5077.622635 14431.668674 0.705579 0.598522 -0.379381 -0.538923 0.105594 -0.835711 0.460131 -0.794117 -0.397062
30.018113 -12.601539 -4288.808495 12901.005943 0.683907 0.655681 -0.319928 -0.506383 0.110929 -0.855144 0.525213 -0.746845 -0.407891
39.078936 10.449061 -6701.350893 11385.046401 0.768264 0.630641 -0.109825 -0.362263 0.286879 -0.886829 0.527764 -0.721105 -0.448857
45.841657 26.986929 -12798.520506 5475.703818 0.855423 0.429249 0.289823 0.033764 0.512171 -0.858219 0.516828 -0.743926 -0.423630
-0.089765 -50.963907 -939.426952 165.554417 -0.355824 0.904151 -0.236434 -0.553341 0.000052 0.832955 -0.753129 -0.427214 -0.500285
0.159978 -51.115463 -439.458740 807.080265 -0.370479 0.906603 -0.202028 -0.626883 -0.083556 0.774620 -0.685392 -0.413629 -0.599290
1.543555 -49.126158 -228.117389 249.833286 -0.354428 0.911843 -0.207179 -0.632409 -0.070541 0.771416 -0.688796 -0.404433 -0.601659
26.118053 -924.938038 1230.764989 -325073.854557 -0.445446 0.516548 -0.731270 0.891966 0.185517 -0.412287 -0.077303 -0.835920 -0.543381
-27.337840 -87.025789 -8006.319701 -5761.364734 -0.274161 -0.060890 0.959754 -0.034186 0.997980 0.053550 -0.961076 -0.018129 -0.275689
-18.513401 -86.437771 -8482.487379 -18210.075593 -0.336555 -0.112603 0.934907 -0.267597 0.963330 0.019695 -0.902842 -0.243550 -0.354346
-47.629683 -75.850091 -832.948109 -1147.967381 -0.403149 0.825026 -0.395983 0.232291 0.510789 0.827729 -0.885162 -0.241715 0.397570
-6.833014 -51.658965 -404.791710 -1640.993115 -0.466929 -0.575083 0.671757 0.765034 -0.643701 -0.019300 0.443510 0.504905 0.740520
-1.861100 -49.975259 -1409.409088 649.291574 -0.453361 -0.545831 0.704651 0.762795 -0.646562 -0.010065 0.461094 0.532941 0.709483
