15194
30380
-40.360147 -61.497041 -911.057267 8685.000751 0.126873 0.991911 0.004061 0.802745 -0.100271 -0.587832 0.582670 -0.077840 0.808973
-46.122357 -69.126341 705.498840 7140.228176 0.181982 0.979124 -0.090545 0.846234 -0.202844 -0.492689 0.500770 -0.013039 0.865482
-45.150519 -79.462037 -1386.906633 11530.368853 -0.119636 0.977391 0.174337 0.863089 0.189173 -0.468284 0.490677 -0.094445 0.866208
-37.705639 -55.504686 416.557281 4546.817274 0.458147 0.809892 -0.366301 0.636890 -0.586565 -0.500312 0.620058 0.004077 0.784545
-28.777187 -66.879486 -5775.354672 12577.558933 0.022560 0.980537 0.195034 0.789621 0.102176 -0.605028 0.613180 -0.167653 0.771947
-36.130306 -48.966699 383.247957 5726.332689 0.314202 0.938100 -0.145757 0.693368 -0.331631 -0.639736 0.648474 -0.099943 0.754648
3.910388 -78.848813 24154.586616 9792.143657 -0.170214 -0.937937 -0.302160 0.952013 -0.235675 0.195267 -0.254360 -0.254423 0.933043
-29.551613 -72.338860 22399.231233 5462.360171 -0.204605 -0.919815 -0.334780 0.964647 -0.247519 0.090506 -0.166113 -0.304426 0.937940
-44.055942 -71.296417 -7331.177844 1642.336080 0.240541 0.961959 0.129520 0.934364 -0.265619 0.237510 -0.262878 -0.063888 0.962712
47.164551 -108.068532 49164.018419 29651.018718 -0.195542 -0.857953 -0.475057 0.978360 -0.204074 -0.034154 -0.067644 -0.471455 0.879292
-25.917555 -78.949085 -15970.114162 1210.988993 0.087990 0.983693 0.156863 0.907093 -0.144200 0.395460 -0.411631 -0.107493 0.904989
23.208468 -96.621239 -23805.862235 -15049.984670 0.076719 0.964753 0.251724 0.828959 -0.202005 0.521556 -0.554022 -0.168656 0.815239
40.015642 -126.955347 17524.640804 29431.226107 -0.154297 -0.969475 -0.190554 0.979131 -0.175856 0.101870 -0.132270 -0.170860 0.976377
350.070926 -96.677082 -106800.551192 8925.539436 -0.481038 -0.727403 -0.489374 0.876099 -0.378183 -0.299046 0.032454 -0.572593 0.819197
1444.052090 -70.317593 480650.596933 -1468.199922 0.761488 0.177621 0.623367 0.643427 -0.323373 -0.693852 -0.078338 -0.929452 0.360531
400.140787 -63.652495 109090.606163 1081.898534 0.719776 0.227083 0.656015 0.635686 -0.595349 -0.491388 -0.278972 -0.770709 0.572871
521.051070 -64.870273 146963.885561 6433.740878 -0.241357 0.254220 -0.936546 0.804178 -0.487786 -0.339651 -0.543181 -0.835127 -0.086708
39.985049 -66.347004 -21125.582194 -9283.943797 0.960767 -0.257272 0.103620 -0.163438 -0.223314 0.960947 0.224085 0.940182 0.256601
4.902955 -54.659734 -9166.383075 -3709.097633 0.929815 -0.298527 0.215232 -0.251263 -0.087618 0.963945 0.268906 0.950371 0.156477
38.480663 -51.461503 -22924.612942 -4866.857290 0.965368 -0.258929 -0.031942 -0.009369 -0.156762 0.987592 0.260724 0.953090 0.153759
97.858649 -69.300161 -36948.033095 -10361.151988 0.946761 -0.305561 -0.101377 0.022281 -0.251950 0.967484 0.321167 0.918234 0.231728
10.963834 -49.891725 -5994.299662 2058.134247 -0.535909 0.842364 0.056784 0.125050 0.145713 -0.981392 0.834963 0.518836 0.183426
7.498029 -52.587317 -4421.341894 1458.115500 -0.536320 0.843399 0.032243 0.219630 0.176345 -0.959513 0.814938 0.507524 0.279813
13.428112 -50.762253 -4988.501158 3324.770544 -0.548310 0.835944 0.023524 0.197222 0.156595 -0.967771 0.812687 0.525999 0.250729
0.439630 -50.470351 701.227288 -494.609419 0.420784 0.836352 -0.351363 -0.604400 0.547302 0.578931 -0.676492 0.031242 -0.735787
-0.600413 -52.622573 991.516777 -1342.703977 0.413467 0.845927 -0.336825 -0.645556 0.533228 0.546740 -0.642107 0.008619 -0.766566
-1.294853 -53.160993 563.718692 1431.243403 0.398070 0.855736 -0.330540 -0.547940 0.510778 0.662471 -0.735733 0.082594 -0.672217
-0.562408 -49.999366 16.371474 1102.812547 0.396693 0.853476 -0.337955 -0.507426 0.510681 0.694063 -0.764953 0.103843 -0.635660
-17.463884 -68.488134 374.093279 -7383.233540 0.260753 0.923994 -0.279718 -0.136932 0.322211 0.936712 -0.955645 0.205948 -0.210542
-16.889967 -53.793943 -275.079385 -2089.160494 0.211965 0.964898 -0.155057 -0.266857 0.209779 0.940627 -0.940137 0.158002 -0.301956
-21.211034 -66.039722 380.276768 -8772.260371 0.214245 0.955168 -0.204337 -0.168310 0.242165 0.955525 -0.962170 0.170324 -0.212647
-21.917379 -88.007015 -163.307348 -14300.108945 0.251949 0.923005 -0.290834 -0.023911 0.306374 0.951611 -0.967445 0.232804 -0.099261
-23.164950 -85.398839 1567.545756 -14536.546180 0.241812 0.936375 -0.254417 -0.043294 0.272349 0.961224 -0.969357 0.221421 -0.106397
-9.069752 -76.963221 923.316270 -683.828589 0.064280 0.971620 0.227644 0.813713 0.081025 -0.575593 0.577702 -0.222236 0.785412
-7.840817 -79.377708 1311.762373 -1740.777096 0.042648 0.974435 0.220586 0.730568 0.120189 -0.672179 0.681507 -0.189821 0.706765
-6.996438 -77.114994 1087.878290 -454.748498 0.052425 0.975545 0.213458 0.841562 0.071915 -0.535352 0.537611 -0.207704 0.817211
-8.772964 -75.565935 834.335718 737.219630 0.058845 0.973357 0.221615 0.876541 0.055857 -0.478076 0.477717 -0.222387 0.849900
-6.644539 -82.318425 684.035377 6022.339669 0.057728 0.974053 0.218834 0.912204 0.037601 -0.408006 0.405648 -0.223175 0.886365
-4.145705 -76.721407 1378.602011 2755.597258 0.053250 0.978842 0.197567 0.869397 0.051883 -0.491383 0.491237 -0.197930 0.848239
12.619112 -104.076395 439.309655 1679.826501 0.055434 0.958717 0.278908 -0.474677 -0.220446 0.852106 -0.878412 0.179627 -0.442861
8.125431 -101.196341 -136.338313 5064.277776 0.061722 0.963814 0.259330 -0.303812 -0.229354 0.924714 -0.950731 0.135862 -0.278662
12.185485 -106.004636 1097.063872 3940.937361 0.063986 0.967707 0.243822 -0.501604 -0.180030 0.846157 -0.862728 0.176444 -0.473887
-12.159561 -47.931677 -4963.268131 670.562654 -0.599974 -0.619546 0.506156 -0.175184 0.719066 0.672499 -0.780604 0.314811 -0.539956
188.188703 -52.443634 97134.025453 1147.771763 0.655261 0.690232 -0.306943 -0.320818 0.622144 0.714152 -0.683893 0.369483 -0.629105
-18.026724 -50.932826 -226.600331 -724.884619 -0.596146 -0.601028 0.532330 -0.273896 0.775497 0.568845 -0.754713 0.193312 -0.626928
82.126526 -49.269233 -50412.490959 2390.118607 -0.744656 -0.575274 0.338448 -0.164070 0.649289 0.742634 -0.646968 0.497478 -0.577882
-27.763708 -49.067603 5864.144937 -105.249455 -0.563279 -0.561840 0.605849 -0.171953 0.796891 0.579134 -0.808176 0.222037 -0.545482
-27.352650 -46.119097 6714.236353 1230.666940 -0.542667 -0.538885 0.644295 -0.042374 0.783652 0.619753 -0.838878 0.309018 -0.448097
-34.100940 -45.745248 5848.017735 -283.107562 -0.540070 -0.336742 0.771316 0.140558 0.867506 0.477154 -0.829800 0.366111 -0.421183
2.757614 -132.007690 -579.020609 5942.634529 -0.095325 0.942476 -0.320393 0.905049 -0.051960 -0.422121 0.414486 0.330210 0.848034
2.469847 -135.884398 -357.571769 2256.202274 0.110460 -0.943589 0.312152 0.977881 0.047055 -0.203798 0.177614 0.327759 0.927916
1.159168 -139.782748 -591.750089 3095.783123 0.126151 -0.936151 0.328189 0.979954 0.066177 -0.187912 0.154196 0.345315 0.925733
3.414943 -138.701798 -15.157806 5993.301297 -0.115867 0.933016 -0.340671 0.899952 -0.046522 -0.433499 0.420310 0.356816 0.834279
-1.499271 -145.411252 -268.313677 -158.269713 0.168352 -0.934168 0.314623 0.979050 0.195552 0.056748 -0.114537 0.298478 0.947519
1.260592 -143.519355 21.202127 1390.018799 0.153852 -0.935005 0.319524 0.975654 0.092600 -0.198810 0.156300 0.342332 0.926488
-4.266557 -130.369568 210.238910 -9467.337035 -0.057035 0.894995 -0.442415 -0.397494 -0.426856 -0.812276 0.915831 -0.129529 -0.380100
-4.632089 -124.862098 -680.145537 -7997.083154 -0.031007 0.889550 -0.455784 -0.333424 -0.439089 -0.834284 0.942267 -0.126100 -0.310213
-4.970783 -137.247268 -271.330940 -6274.297030 -0.050290 0.885385 -0.462130 -0.548213 -0.411248 -0.728243 0.834825 -0.216722 -0.506062
-5.507312 -154.062156 -253.171642 -9672.531950 -0.063893 0.889457 -0.452531 -0.650920 -0.380865 -0.656693 0.756453 -0.252603 -0.603300
-5.674852 -139.129787 474.204996 -8894.584333 -0.065316 0.899391 -0.432238 -0.536984 -0.396776 -0.744458 0.841060 -0.183480 -0.508874
-4.019366 -122.816879 1166.356896 -9190.761988 -0.071416 0.906185 -0.416807 -0.318833 -0.416690 -0.851302 0.945117 -0.072096 -0.318680
2.270538 -109.430188 2244.529581 -14807.642180 -0.201877 0.966005 -0.161495 -0.517704 0.034723 0.854855 -0.831401 -0.256182 -0.493095
3.732728 -127.848299 1455.622796 -4404.454142 -0.202755 0.959597 -0.195101 -0.219894 0.149534 0.963995 -0.954221 -0.238357 -0.180690
20.981936 -121.171787 9903.642259 -10326.581117 -0.168646 0.961203 -0.218282 -0.421141 0.129956 0.897637 -0.891178 -0.243310 -0.382886
176.986264 -103.929918 89557.893502 -3398.029297 -0.011532 0.919577 -0.392740 -0.486491 0.337987 0.805662 -0.873609 -0.200356 -0.443468
52.999362 -109.369645 19841.948169 -17996.775001 -0.119369 0.971330 -0.205595 -0.609762 0.091700 0.787262 -0.783544 -0.219339 -0.581334
-1.539264 -246.825847 560.640562 -5261.973100 -0.244232 0.807961 -0.536237 0.855389 -0.080986 -0.511616 -0.456793 -0.583644 -0.671342
-2.448077 -245.599114 39.236540 35225.522929 -0.249804 0.817410 -0.519076 0.966014 0.173598 -0.191520 -0.066440 -0.549277 -0.832995
-1.414051 -235.842452 74.968517 1964.243801 -0.229365 0.806715 -0.544612 0.936454 0.030320 -0.349479 -0.265417 -0.590162 -0.762406
0.058305 -229.434629 1191.790330 18797.193814 -0.229565 0.810477 -0.538912 -0.776409 0.181408 0.603556 -0.586932 -0.556972 -0.587617
-0.024757 -231.066017 143.755292 33710.163848 -0.251390 0.803274 -0.539957 -0.548877 0.341181 0.763105 -0.797205 -0.488207 -0.355129
-1.454014 -242.793506 -2995.671585 25950.758310 -0.275121 0.791847 -0.545240 -0.742910 0.184874 0.643355 -0.610240 -0.582065 -0.537408
-1.806330 -173.441872 -2033.466208 1441.064171 0.014501 0.864146 -0.503032 -0.011610 -0.502906 -0.864263 0.999827 -0.018372 -0.002740
-5.351646 -154.198553 -1716.769946 -407.038636 -0.006824 0.856625 -0.515895 -0.127261 -0.512456 -0.849231 0.991846 -0.059858 -0.112512
-3.729078 -157.123243 -671.404394 8796.551876 -0.018078 0.880673 -0.473380 0.092615 -0.469947 -0.877822 0.995538 0.059711 0.073068
-1239.593656 -29064.207564 101692.243263 -28848729.324568 -0.028063 0.964540 -0.262440 0.996693 0.047030 0.066272 0.076265 -0.259712 -0.962670
-375.965861 -8828.865668 98916.703151 -2411480.473060 0.061718 0.989948 -0.127258 -0.011703 0.128210 0.991678 -0.998025 0.059715 -0.019498
-1923.923049 -2830.447103 539546.462673 1851745.638549 -0.130229 0.952392 -0.275663 -0.953418 -0.196592 -0.228794 0.272094 -0.233027 -0.933629
-56.410014 -10775.676065 -3698.325997 -256641.775306 0.230392 0.960908 -0.153545 0.024422 -0.163449 -0.986249 0.972791 -0.223474 0.061124
10.663693 -12.122044 4326.011588 563.255734 -0.026830 0.989874 0.139392 0.633484 -0.091032 0.768382 -0.773290 -0.108918 0.624627
3.584691 -7.560365 727.445374 -236.593258 -0.152874 0.988243 -0.002467 0.615363 0.097145 0.782235 -0.773278 -0.118065 0.622978
4.330403 -10.004859 888.474551 -1980.286033 -0.171939 0.984948 -0.017726 0.607647 0.120204 0.785058 -0.775372 -0.124211 0.619168
15.565460 -15.162677 6177.536325 -4037.876717 -0.168892 0.984440 -0.048506 0.591251 0.140566 0.794143 -0.788605 -0.105445 0.605792
-17.741438 -43.262852 506.338116 -1621.290907 -0.223319 0.865648 0.448086 0.110889 0.479273 -0.870632 0.968417 0.144741 0.203022
-16.083963 -42.255856 2349.039205 -1859.157011 -0.264857 0.846604 0.461641 0.051944 0.490569 -0.869853 0.962888 0.206407 0.173907
-12.809209 -38.744086 5193.471420 -1925.647219 -0.295668 0.766650 0.569936 0.106468 0.619339 -0.777871 0.949339 0.169312 0.264743
7.091748 -124.673671 -2337.723403 -13726.464655 0.255565 -0.652629 -0.713276 0.711718 -0.372327 0.595676 -0.654327 -0.659885 0.369334
0.133322 -104.355827 -311.863662 -13551.002176 -0.265091 0.666166 0.697101 0.625298 -0.431562 0.650197 -0.733982 -0.608257 0.302149
7.627032 -108.452353 1888.255105 1654.634840 0.332762 -0.675660 -0.657840 0.798651 -0.169006 0.577575 -0.501423 -0.717580 0.483378
10.132755 -91.969110 4790.763111 -4675.486485 0.341301 -0.689712 -0.638601 0.677888 -0.290028 0.675538 -0.651139 -0.663461 0.368561
-12.112572 -32.607662 -664.334271 1291.964846 -0.575688 0.718894 0.389583 -0.178871 0.354192 -0.917907 0.797865 0.598113 0.075315
-11.493188 -32.567926 -65.996145 995.268432 -0.543381 0.714315 0.441010 -0.214224 0.389954 -0.895569 0.811693 0.581110 0.058871
-10.316155 -29.799313 -372.031713 1629.967995 -0.576574 0.726113 0.374598 -0.222594 0.301537 -0.927107 0.786139 0.617928 0.012230
-12.057630 -30.939927 0.496832 1413.690764 -0.616260 0.727860 0.300738 -0.147849 0.268154 -0.951963 0.773540 0.631121 0.057640
-1.296262 -68.948390 212.640327 6030.543801 0.103749 0.963749 0.245812 0.274168 -0.265282 0.924369 -0.956069 0.028508 0.291751
-1.903289 -73.743910 558.418723 6647.781866 0.116256 0.950133 0.289363 0.215629 -0.308534 0.926451 -0.969530 0.045311 0.240746
-3.846790 -81.415971 1320.364591 10213.760982 0.123253 0.957844 0.259507 0.149223 -0.276416 0.949382 -0.981092 0.078289 0.177001
-2.151726 -42.048941 1926.010119 -2866.562003 0.868010 -0.400544 0.293467 0.252127 0.864687 0.434451 -0.427774 -0.303117 0.851545
-7.932652 -43.465311 454.994205 -907.462450 0.839203 -0.468644 0.275882 0.368317 0.863045 0.345682 -0.400101 -0.188485 0.896879
-6.532476 -46.816415 -677.768552 743.362585 0.889261 -0.264890 0.372892 0.149226 0.938649 0.310917 -0.432374 -0.220841 0.874232
2.487268 -40.116463 2241.342015 -3524.452153 0.889484 -0.315211 0.330849 0.136718 0.874414 0.465520 -0.436036 -0.368840 0.820871
-148.445242 -1039.979822 -47322.772401 357809.980786 -0.266721 -0.394410 0.879375 0.963758 -0.104005 0.245668 -0.005435 0.913030 0.407857
-209.440971 -1090.160493 -57252.623586 496067.892293 -0.284994 -0.533358 0.796434 0.949061 -0.273510 0.156445 0.134391 0.800451 0.584138
-146.192834 -1886.186309 -51659.992858 722696.012163 -0.153599 -0.478218 0.864705 0.974576 -0.217779 0.052674 0.163125 0.850811 0.499510
-447.348217 -788.428325 38078.259539 12527.998314 0.777288 0.352560 -0.521081 0.616996 -0.265182 0.740942 -0.123045 0.897430 0.423651
-133.772004 -404.859305 46992.085377 154901.135406 0.224362 0.943174 0.245120 -0.706620 -0.015759 0.707418 -0.671081 0.331924 -0.662930
-115.883623 -124.415910 33949.301420 14251.409980 -0.251702 0.614667 0.747550 0.574171 0.716638 -0.395925 -0.779085 0.329566 -0.533303
3.522861 -1964.883303 14733.741172 765563.631206 0.248013 0.930233 0.270473 -0.668133 -0.037922 0.743075 -0.701490 0.365004 -0.612114
-192.592250 -399.326266 35673.480121 138511.706989 -0.672471 -0.053280 0.738203 0.099098 0.981943 0.161146 -0.733459 0.181520 -0.655048
-29.809264 -48.310593 -22064.988492 1351.871112 -0.502671 0.365896 0.783225 -0.270503 0.793939 -0.544508 -0.821066 -0.485574 -0.300114
-49.204803 -60.919880 -16478.670204 2166.195280 -0.257905 0.012134 0.966094 -0.550175 0.820124 -0.157173 -0.794224 -0.572057 -0.204839
-47.557463 -73.041760 111.578929 -19845.953183 -0.337774 0.798262 -0.498686 -0.359533 0.380222 0.852155 -0.869854 -0.467129 -0.158572
-41.950027 -54.854865 626.989171 -14534.366847 -0.330324 0.932748 -0.144453 -0.299954 0.041372 0.953056 -0.894938 -0.358146 -0.266116
-50.319427 -61.097080 4579.052189 630.401165 -0.470049 0.282016 0.836374 0.867631 0.321639 0.379163 -0.162081 0.903889 -0.395872
-47.537573 -62.663269 5130.106419 -2421.397269 -0.217989 0.342534 0.913866 0.975890 0.086994 0.200177 -0.010933 0.935469 -0.353239
-54.036176 -62.285172 5580.203557 939.522797 -0.579978 0.301129 0.756932 0.809476 0.317402 0.493967 -0.091504 0.899209 -0.427843
4.242462 -18.998159 3419.751287 -1985.278374 -0.379713 0.920950 0.087572 -0.287531 -0.207462 0.935032 -0.879286 -0.329864 -0.343578
-2.414262 -19.306309 727.567996 -2558.709750 -0.356540 0.934017 -0.022182 -0.331171 -0.104146 0.937806 -0.873616 -0.341712 -0.346451
14.080737 -23.601752 6795.670576 -3015.852200 -0.374281 0.917766 0.132735 -0.230081 -0.230572 0.945463 -0.898319 -0.323329 -0.297459
23.700974 -20.697254 11727.375872 -1483.381707 -0.416743 0.862682 0.286540 -0.196911 -0.393404 0.898031 -0.887441 -0.317825 -0.333820
4.347945 -59.920012 -578.581407 -574.285422 -0.342641 0.919368 -0.193289 -0.592263 -0.371096 -0.715200 0.729261 0.130578 -0.671660
4.169619 -59.691778 -762.028815 -1585.183384 -0.310920 0.935574 -0.167422 -0.563307 -0.323275 -0.760381 0.765516 0.142108 -0.627528
6.670324 -57.573294 -484.387379 -3541.514735 -0.337216 0.923003 -0.185341 -0.467749 -0.335120 -0.817866 0.817004 0.189105 -0.544742
1.393320 -63.269122 -869.160592 953.443400 -0.328978 0.925324 -0.188545 -0.688827 -0.371712 -0.622373 0.645981 0.074872 -0.759673
6.580301 -58.875395 -589.010023 -2196.699332 -0.364687 0.907134 -0.210026 -0.520628 -0.385661 -0.761717 0.771978 0.168443 -0.612925
3.464771 -63.747552 -255.067752 -482.522726 -0.377537 0.902830 -0.205823 -0.654383 -0.417389 -0.630531 0.655171 0.103362 -0.748377
-13.762666 -42.211601 1211.412733 -1259.176418 -0.374550 0.927193 -0.005037 -0.042938 -0.011918 0.999007 -0.926212 -0.374395 -0.044276
-14.055451 -40.921694 -909.262944 -1802.944437 -0.425632 0.903268 0.054267 -0.043447 -0.080300 0.995823 -0.903853 -0.421496 -0.073423
-15.608185 -43.230802 -535.444429 47.137049 -0.413689 0.909819 0.033029 0.064806 -0.006759 0.997875 -0.908109 -0.414951 0.056165
-7.610837 -42.416209 3980.902984 327.368482 -0.356230 0.933001 0.051090 0.092328 -0.019263 0.995542 -0.929826 -0.359359 0.079280
-2.003188 -66.064722 105.517194 2004.299268 -0.481400 0.863069 -0.152862 -0.854523 -0.500946 -0.137274 0.195053 -0.064541 -0.978667
-2.790243 -68.375122 -218.239971 1791.419392 -0.466161 0.871824 -0.150389 -0.857709 -0.487030 -0.164733 0.216862 -0.052198 -0.974806
-0.274656 -61.618388 21.777857 -1702.208269 -0.494685 0.855225 -0.154522 0.862613 0.504823 0.032457 0.105764 -0.117236 -0.987456
0.522320 -59.897509 863.779303 -1723.488887 -0.511450 0.846722 -0.146564 0.852754 0.521142 0.034946 0.105970 -0.107110 -0.988584
11.512994 -105.286050 -2781.324447 8711.529909 -0.548782 0.832940 0.071053 -0.530496 -0.281303 -0.799652 0.646075 0.476528 -0.596245
13.860181 -104.814207 -98.840434 3938.129669 -0.602153 0.791925 0.101323 -0.461930 -0.242068 -0.853243 0.651178 0.560587 -0.511576
13.207861 -98.417600 -606.907753 3203.744225 -0.596369 0.796912 0.096314 -0.594461 -0.357831 -0.720120 0.539408 0.486712 -0.687132
10.106625 -99.293560 -1025.481763 641.594880 0.652924 -0.749640 -0.108305 0.648747 0.479695 0.590779 0.390919 0.455997 -0.799531
12.313280 -89.252929 771.559059 538.820792 -0.623459 0.776617 0.090361 0.670046 0.471163 0.573624 0.402911 0.418177 -0.814120
0.237630 -161.241670 377.661867 4795.052117 -0.519990 0.850567 -0.078396 -0.544339 -0.259247 0.797801 -0.658260 -0.457522 -0.597803
-0.808929 -145.867241 -819.801043 334.842414 -0.547090 0.833489 -0.077388 -0.544886 -0.284417 0.788800 -0.635446 -0.473712 -0.609758
-1.065113 -147.311587 360.617541 -4092.077821 -0.504353 0.859125 -0.086786 -0.719813 -0.362786 0.591825 -0.476967 -0.360958 -0.801381
-0.441307 -160.468792 -335.900668 -3302.805841 -0.504121 0.855602 -0.117501 -0.730515 -0.349880 0.586457 -0.460663 -0.381482 -0.801412
24.822953 -82.138947 -11133.200193 14499.828580 -0.444671 0.839839 0.311349 0.184978 0.426219 -0.885506 0.876385 0.336166 0.344879
18.126575 -63.107002 -10517.905490 11491.167692 -0.427466 0.842477 0.327881 0.048409 0.383499 -0.922272 0.902734 0.378367 0.204717
7.034678 -86.699197 -8651.620746 13817.983365 -0.411797 0.867786 0.278156 0.198354 0.383276 -0.902084 0.889426 0.316302 0.329961
13.120079 -106.763954 -9090.557266 10211.021187 -0.449933 0.846904 0.283396 0.400783 0.475063 -0.783383 0.798081 0.238890 0.553172
-3.164844 -101.804750 -6493.965351 8537.648729 -0.420419 0.878757 0.225907 0.389452 0.399651 -0.829823 0.819497 0.260893 0.510254
-2.139675 -61.093410 -457.656789 3928.130353 -0.270187 0.955302 -0.119983 -0.737448 -0.285452 -0.612117 0.619007 0.076905 -0.781611
-0.878113 -62.195205 -1030.641654 2183.615786 -0.302079 0.939036 -0.164192 -0.731787 -0.338808 -0.591352 0.610930 0.058482 -0.789521
-3.867104 -61.187713 -480.394716 -395.660527 -0.305371 0.940987 -0.145916 -0.772160 -0.334372 -0.540337 0.557240 0.052333 -0.828700
-9.737091 -45.498554 375.167230 1968.761375 -0.635784 0.766994 0.086596 0.765697 0.640877 -0.054637 0.097404 -0.031569 0.994744
-11.088902 -49.957137 -160.725963 2101.838107 0.638766 -0.765187 -0.080417 0.769392 0.634765 0.071476 -0.003647 -0.107528 0.994195
-10.694268 -48.054886 967.909934 1610.946929 0.643731 -0.755643 -0.120893 0.764379 0.642466 0.054423 0.036545 -0.127442 0.991173
-7.453590 -113.323711 -1904.057799 -3931.692558 0.720036 0.673774 0.166062 -0.152875 -0.079409 0.985050 -0.676888 0.734658 -0.045826
-11.690933 -107.100087 -1485.491036 -2729.071531 0.732186 0.655960 0.183359 -0.235278 -0.009051 0.971886 -0.639178 0.754741 -0.147706
-9.709780 -106.593189 -1947.903044 -3740.408360 0.724709 0.671113 0.156216 -0.299899 0.103093 0.948384 -0.620368 0.734152 -0.275979
-4.641152 -108.361631 -2089.078070 -3483.887275 0.721946 0.677353 0.141375 -0.252930 0.068153 0.965081 -0.644065 0.732495 -0.220525
-10.721878 -96.408141 -1818.561967 -3352.724553 0.730100 0.668568 0.141319 -0.421538 0.277878 0.863186 -0.537829 0.689783 -0.484706
-5.948140 -100.209712 -2163.509977 -2476.864033 0.724141 0.675894 0.137068 -0.378056 0.222817 0.898569 -0.576796 0.702510 -0.416876
-0.954931 -128.126809 -1422.166545 9026.058168 -0.364240 0.914149 0.177934 0.699479 0.394672 -0.595787 0.614864 0.092549 0.783184
-1.483959 -108.115877 -1837.900687 8433.046878 -0.338965 0.926502 0.163390 0.549637 0.335972 -0.764867 0.763546 0.169458 0.623123
-5.720470 -119.898764 -1193.718771 9663.562033 -0.370513 0.912827 0.171661 0.689203 0.394086 -0.608026 0.622672 0.106972 0.775137
-2.752686 -128.310795 -1558.464681 5796.367407 -0.384343 0.902145 0.195996 0.814592 0.431302 -0.387838 0.434419 -0.010594 0.900648
-7.484870 -124.115493 -1077.256033 6728.768500 -0.400564 0.899790 0.172991 0.797225 0.435316 -0.418250 0.451643 0.029623 0.891707
-5.049995 -9.684207 -2200.111284 710.873372 -0.351432 0.582895 0.732618 0.698652 -0.357619 0.619672 0.623202 0.729618 -0.281562
-5.493168 -10.176553 -1602.529783 1169.105058 0.732124 -0.655784 -0.184234 0.319258 0.091431 0.943247 0.601721 0.749392 -0.276303
-6.457166 -9.135804 -464.262173 -1418.159367 0.701482 -0.340234 0.626230 -0.377424 0.568010 0.731380 0.604545 0.749404 -0.270036
-5.347110 -11.139002 158.483203 1112.773512 0.293898 0.093814 0.951222 0.722651 -0.673174 -0.156885 0.625620 0.733509 -0.265639
-2.751806 -8.871195 -2105.384681 688.800073 -0.153541 0.476636 0.865588 0.746522 -0.517962 0.417636 0.647402 0.710305 -0.276291
-0.440693 -10.406783 -2077.383934 1158.032529 -0.394739 0.614424 0.683129 0.659684 -0.327990 0.676195 0.639530 0.717569 -0.275855
0.024059 -67.921097 -14.793178 3277.034617 0.905447 0.420603 0.057088 -0.424371 0.894271 0.142087 -0.008710 0.152879 -0.988207
6.961795 -74.195963 2379.437270 5699.022405 0.936525 0.344254 0.066412 -0.347802 0.936117 0.052138 0.044220 0.071927 -0.996429
7.155370 -89.702034 -1516.453650 11347.331038 -0.914419 -0.398227 -0.072486 -0.397922 0.917218 -0.019221 0.074140 0.011268 -0.997184
-0.163661 -72.169763 125.258443 4342.991217 0.879866 0.469922 0.070773 -0.474838 0.875335 0.091201 0.019093 0.113850 -0.993314
-31.147821 -143.293252 -32122.760940 51315.735262 0.359307 -0.247795 -0.899720 0.889133 0.383724 0.249397 0.283444 -0.889581 0.358198
7.388784 -668.930417 8762.326881 -284109.082890 0.708359 0.413882 0.571777 0.661057 -0.105012 -0.742951 0.247451 -0.904253 0.347986
10.695965 -30.229576 -16753.314794 -16117.757174 -0.456969 -0.368785 -0.809430 0.854788 0.069606 -0.514289 0.246004 -0.926905 0.283425
4.711318 -953.180499 -8249.977208 -399902.751593 0.800116 0.324123 0.504735 0.572728 -0.162658 -0.803446 0.178317 -0.931926 0.315779
12.799854 -44.170404 -5100.977673 -19331.827119 -0.345338 -0.233156 -0.909054 0.921454 0.099427 -0.375550 0.177946 -0.967343 0.180507
-159.474639 -9384.730497 26268.041915 7248446.089232 0.078974 0.822034 0.563935 0.163003 -0.568737 0.806206 -0.983460 -0.028253 0.178909
1256.982645 -15734.499167 -1272929.553875 10011180.587633 -0.454324 0.807417 0.376388 -0.049374 -0.444684 0.894326 -0.889467 -0.387730 -0.241896
112.294723 -34282.194230 -121071.686369 49389596.092537 0.717353 0.503206 0.481859 0.424034 0.233435 -0.875045 0.552811 -0.832041 0.045921
4.689973 -59.000139 -328.527209 -1140.335334 0.979533 0.201268 0.002492 -0.197562 0.958978 0.203301 -0.038528 0.199632 -0.979113
-0.870061 -55.093311 -2882.046067 -402.457564 0.990899 0.125000 -0.049933 -0.109569 0.964524 0.240185 -0.078185 0.232528 -0.969442
9.612376 -56.026790 -1706.010819 -568.065463 0.995138 0.090043 -0.039902 -0.085506 0.990931 0.103658 -0.048874 0.099742 -0.993812
6.005765 -52.539061 -166.208268 -747.342930 -0.544751 0.827939 0.133277 0.829076 0.555602 -0.062765 0.126015 -0.076306 0.989089
5.658381 -51.236084 -487.173704 -144.409832 0.562532 -0.816261 -0.131438 0.825414 0.563583 0.032654 0.047422 -0.126860 0.990786
6.224685 -52.377850 643.224931 -315.301863 0.560035 -0.817051 -0.137071 0.826711 0.561916 0.028263 0.053930 -0.129146 0.990158
2.200642 -194.318790 -5366.996046 -27955.331111 0.692909 0.461303 0.554145 -0.461487 0.874249 -0.150728 -0.553992 -0.151290 0.818660
33.580881 -291.131070 901.869917 -67820.812785 0.586660 0.629342 0.509665 -0.402705 0.772727 -0.490633 -0.702608 0.082590 0.706767
20.265173 -369.876740 -9469.004865 -83347.344041 0.688285 0.483889 0.540478 -0.393095 0.874947 -0.282742 -0.609705 -0.017852 0.792427
-48.382420 -75.749481 73.906203 4803.209564 0.202295 0.966779 -0.156252 0.902085 -0.246059 -0.354539 0.381208 0.069231 0.921893
-55.321116 -79.940666 744.853363 5178.031948 -0.091186 0.993578 0.066998 0.930476 0.108980 -0.349769 0.354824 -0.030446 0.934437
-41.489980 -68.256721 370.863600 6950.441726 0.347023 0.891088 -0.292467 0.782052 -0.447068 -0.434194 0.517658 0.078049 0.852020
-53.802979 -67.443664 -2961.644036 25.938813 0.332620 0.934692 0.125356 0.935202 -0.344046 0.083843 -0.121496 -0.089346 0.988563
-46.522934 -70.475998 6040.157456 -4585.349813 -0.038668 -0.980107 -0.194665 0.999093 -0.041400 0.009988 -0.017849 -0.194103 0.980819
-17.378703 -75.119568 29591.356990 -5733.328025 -0.148322 -0.884159 -0.443016 0.981235 -0.187381 0.045453 -0.123201 -0.427961 0.895361
-42.668102 -64.399534 -885.671267 -2434.475762 -0.308103 -0.121712 0.943535 0.950520 0.002104 0.310655 -0.039796 0.992563 0.115041
-45.270024 -65.558228 -2020.824433 -928.191167 -0.277074 -0.197886 0.940251 0.950872 0.084181 0.297921 -0.138106 0.976604 0.164840
-44.951604 -67.608493 -1058.999354 -1186.844174 -0.344216 -0.201704 0.916968 0.937891 -0.118917 0.325912 0.043306 0.972201 0.230109
-45.803424 -66.464205 -1165.833019 -431.741437 -0.289674 -0.281161 0.914898 0.953411 -0.000627 0.301675 -0.084245 0.959661 0.268243
1129.540845 -125.727762 -359988.774198 36793.907891 -0.539703 -0.533878 -0.650918 0.824301 -0.178051 -0.537426 0.171023 -0.826602 0.536171
1398.347529 -83.504669 444363.047353 20830.522364 -0.310659 0.225013 -0.923504 0.918205 -0.180146 -0.352770 -0.245744 -0.957558 -0.150644
-8.223515 -45.700486 -2187.472481 2915.776123 0.864353 -0.275637 0.420616 -0.383303 0.180329 0.905848 0.325534 0.944196 -0.050215
-8.939985 -51.261462 -2153.251581 1565.611570 0.868891 -0.316197 0.380852 -0.380845 0.064458 0.922390 0.316206 0.946501 0.064414
-12.930447 -54.270259 346.972588 2314.037675 0.811782 -0.313521 0.492660 -0.439981 0.226335 0.869016 0.383961 0.922213 -0.045792
-10.922148 -50.606921 -1734.288852 -870.597664 0.810681 -0.255775 0.526664 -0.434530 0.340038 0.834001 0.392403 0.904960 -0.164520
-6.251638 -43.645340 -2781.633917 403.581804 0.820499 -0.224916 0.525542 -0.437346 0.345036 0.830469 0.368116 0.911243 -0.184736
-2.155536 -30.449224 -3778.205439 1816.925202 0.929879 -0.269856 0.250004 -0.210950 0.165599 0.963368 0.301371 0.948554 -0.097061
16.434923 -40.836960 1325.916055 1234.187098 -0.639226 0.765116 0.077381 0.036194 0.130444 -0.990795 0.768167 0.630541 0.111075
11.710461 -35.892497 3040.299484 1531.929392 -0.677777 0.734122 0.041023 0.039147 0.091744 -0.995013 0.734224 0.672791 0.090920
16.031994 -35.148144 3617.435647 848.360506 -0.662680 0.738346 0.125303 -0.049308 0.123936 -0.991064 0.747278 0.662937 0.045723
-26.030722 -100.050670 -3930.922586 -19002.429340 -0.018748 0.983990 0.177237 -0.039548 -0.177859 0.983261 -0.999042 -0.011425 -0.042250
-30.265190 -95.497660 -1475.401841 -17573.578731 0.066775 0.996774 0.044525 -0.038056 -0.042048 0.998391 -0.997042 0.068362 -0.035126
-21.414032 -69.063649 -3478.080423 -15833.499277 0.014413 0.991662 0.128058 -0.221552 -0.121721 0.967522 -0.975042 0.042317 -0.217950
-34.310209 -122.375266 -2300.239689 -15765.756117 0.015905 0.997520 0.068565 0.184109 -0.070323 0.980387 -0.982777 0.002970 0.184771
-13.320131 -71.397990 -4881.623599 -14404.250360 -0.042093 0.960869 0.273787 -0.193931 -0.276676 0.941191 -0.980112 0.013478 -0.197988
-18.038270 -99.566910 -3534.681803 -16115.933916 -0.033550 0.961789 0.271730 0.034543 -0.270605 0.962071 -0.998840 -0.041664 0.024145
-31.164249 -129.575619 -3400.367669 -14629.373388 -0.047329 0.987029 0.153410 0.274380 -0.134828 0.952122 -0.960456 -0.087155 0.264440
-5.428750 -83.988226 1260.048133 -5263.206590 0.015507 0.972039 0.234309 0.683843 0.160651 -0.711723 0.729464 -0.171267 0.662231
-6.069600 -90.478307 1126.099213 -6643.653849 0.009200 0.968237 0.249864 0.580394 0.198307 -0.789821 0.814284 -0.152286 0.560134
-2.199728 -97.116582 1322.501830 -7229.484329 -0.006533 0.965593 0.259976 0.601451 0.211493 -0.770408 0.798883 -0.151330 0.582138
-1.836451 -87.203842 1314.180233 -3918.026624 0.011401 0.973712 0.227498 0.741371 0.144439 -0.655367 0.670998 -0.176132 0.720235
3.137557 -96.188254 -1540.290408 12022.824064 0.107262 0.993851 0.027462 -0.480913 0.027688 0.876331 -0.870183 0.107204 -0.480925
7.078051 -100.361241 -1407.409994 11775.996943 0.079292 0.992089 0.097330 -0.465096 -0.049540 0.883873 -0.881702 0.115352 -0.457488
3.774888 -83.612221 -62.606331 9040.371028 0.068084 0.981917 0.176644 -0.317713 -0.146498 0.936801 -0.945739 0.119903 -0.301994
0.033857 -74.826205 -993.460991 11092.296402 0.062272 0.990818 0.120010 -0.355571 -0.090330 0.930274 -0.932572 0.100602 -0.346681
1.953337 -61.703661 -517.612274 2483.508917 0.009687 0.954570 0.297830 -0.215490 -0.288853 0.932806 -0.976458 0.073216 -0.202902
5.568263 -73.932130 1055.723190 2494.917718 0.046242 0.950210 0.308160 -0.143901 -0.298936 0.943361 -0.988511 0.087967 -0.122912
5.445505 -81.575251 -16.598340 5467.839883 0.050037 0.967321 0.248567 -0.233972 -0.230600 0.944500 -0.970955 0.105417 -0.214788
39.456534 -55.225324 -28206.175255 94.248772 -0.628826 -0.662653 0.406780 -0.381169 0.718697 0.581537 -0.677708 0.210634 -0.704517
5632.666166 -132.156628 2475163.366504 -4043.164659 0.637884 0.761212 -0.116872 -0.478118 0.510397 0.714771 -0.603744 0.400063 -0.689524
262.913529 -65.228989 -118579.938989 7146.630597 -0.771562 -0.584688 0.250663 -0.240285 0.632693 0.736181 -0.589029 0.507779 -0.628654
3.032430 -125.394018 597.253827 6207.650983 -0.097607 0.940961 -0.324139 0.875415 -0.073753 -0.477713 0.473415 0.330384 0.816532
3.865312 -125.331603 633.432599 3336.193361 -0.106290 0.945772 -0.306949 0.934595 -0.010363 -0.355562 0.339462 0.324666 0.882813
-4.000310 -112.108202 58.958828 -8430.953972 -0.039630 0.900860 -0.432297 -0.081545 -0.434110 -0.897162 0.995881 0.000303 -0.090665
-4.565863 -128.913573 -19.338269 -7796.158587 -0.036672 0.892226 -0.450098 -0.266875 -0.442787 -0.855989 0.963033 -0.088729 -0.254350
-2.961792 -117.967470 -858.230261 -8960.990183 -0.010383 0.900725 -0.434265 -0.006780 -0.434342 -0.900723 0.999923 0.006408 -0.010617
-2.925076 -102.292542 393.437380 -5464.039805 -0.046071 0.913935 -0.403237 0.079817 -0.399007 -0.913467 0.995744 0.074270 0.054565
-2.630164 -101.929787 -178.404100 -5135.564116 -0.028434 0.910460 -0.412619 0.114881 -0.407074 -0.906142 0.992972 0.073167 0.093019
-2.621353 -243.138589 -240.699940 29576.756164 -0.248344 0.805980 -0.537328 0.964947 0.254437 -0.064332 0.084866 -0.534469 -0.840916
-5.531597 -212.471729 -173.500478 42843.864056 -0.248572 0.816920 -0.520437 0.915814 0.373188 0.148374 0.315430 -0.439742 -0.840911
-5.817245 -221.449683 -1403.190865 31874.309254 -0.244537 0.817641 -0.521215 0.961414 0.274323 -0.020728 0.126033 -0.506172 -0.853174
29.885842 -52.960695 4370.498112 -322.473451 -0.018974 0.469261 -0.882856 0.129302 0.876751 0.463237 0.991424 -0.105366 -0.077312
44.261582 -70.887201 8742.338536 10553.110832 -0.099971 0.500416 -0.859994 0.213218 0.855020 0.472736 0.971877 -0.136106 -0.192174
58.718841 -63.684668 1861.595033 9621.648696 0.002720 0.331505 -0.943450 0.238098 0.916106 0.322584 0.971237 -0.225511 -0.076438
36.722074 -47.193322 1212.208950 -23.780118 0.059033 0.248292 -0.966885 0.135583 0.957604 0.254187 0.989006 -0.146098 0.022866
-1635.391889 -25549.860412 174431.953705 -9473618.511242 -0.074042 0.997119 -0.016489 0.992414 0.075299 0.097185 -0.098147 0.009168 0.995130
-430.681863 -5278.253011 -147306.434036 -5987733.754163 -0.113086 -0.993390 -0.019683 0.993462 -0.112738 -0.018004 0.015666 -0.021590 0.999644
-311.360964 -38039.577639 18425.054537 9942329.113319 -0.225925 0.961978 -0.153479 -0.075611 0.139760 0.987294 -0.971206 -0.234659 -0.041161
-1.912772 -33.079873 -2415.613036 -2380.259456 0.304047 -0.535201 -0.788108 -0.093766 0.806445 -0.583828 0.948031 0.251409 0.195013
-0.030733 -32.128072 -5406.981789 -2233.227363 0.329856 -0.557209 -0.762045 -0.019920 0.802937 -0.595731 0.943821 0.211686 0.253754
-8.445698 -37.667286 3504.581882 -2476.064028 -0.328983 0.712189 0.620127 -0.022730 0.650518 -0.759150 0.944062 0.263843 0.197821
-11.044652 -39.971063 2143.486872 -1840.736461 -0.318887 0.705215 0.633232 -0.119010 0.633032 -0.764923 0.940291 0.319285 0.117938
7.784829 -2.673499 -2211.776062 -2017.791892 -0.287320 0.943922 -0.162662 0.546499 0.301020 0.781489 -0.786629 -0.135642 0.602342
3.198495 -5.210566 -551.724059 -554.975943 -0.190551 0.980565 -0.046711 0.592436 0.152807 0.790993 -0.782758 -0.123052 0.610039
6.074431 -0.199570 -1602.286019 662.388248 0.035568 0.961105 0.273882 0.611095 -0.237765 0.755004 -0.790758 -0.140514 0.595784
9.334228 3.966331 -2607.063856 -2952.051808 -0.268827 0.955650 -0.120275 0.544964 0.253872 0.799101 -0.794195 -0.149274 0.589043
-8.360270 -20.207321 933.798247 2886.716421 -0.595617 0.736931 0.319645 -0.283757 0.179247 -0.941994 0.751480 0.651769 -0.102346
-7.655818 -22.608031 423.571107 2531.597402 -0.620209 0.741988 0.254549 -0.223331 0.144050 -0.964040 0.751974 0.654755 -0.076368
-8.631066 -25.491076 79.643442 2398.105153 -0.581007 0.728128 0.363677 -0.269725 0.249328 -0.930099 0.767906 0.638487 -0.051533
0.408928 -65.734083 305.405911 -406.805400 0.108977 0.952609 0.284008 0.350956 -0.304182 0.885609 -0.930029 -0.003163 0.367473
-2.923583 -46.255978 1179.172442 -706.741558 0.891041 -0.068491 0.448726 -0.129285 0.909314 0.395516 -0.435122 -0.410434 0.801381
-0.827362 -45.941620 370.904619 -1435.069215 0.893992 -0.143193 0.424586 -0.050244 0.909552 0.412541 -0.445256 -0.390142 0.805938
-3.738981 -46.463880 -146.181596 3599.562974 0.886234 -0.097456 0.452871 -0.050797 0.951279 0.304118 -0.460445 -0.292524 0.838105
-4.882746 -44.629584 811.972634 4541.364383 0.882094 -0.064553 0.466629 -0.087954 0.950578 0.297767 -0.462789 -0.303701 0.832822
-4.150494 -35.639533 208.348018 5026.314250 0.881846 -0.190289 0.431437 0.071811 0.958481 0.275966 -0.466037 -0.212377 0.858898
16.986041 -937.420961 15639.390321 -272448.835191 0.890476 -0.329155 0.314182 -0.426034 -0.360556 0.829756 0.159838 0.872729 0.461297
-30.976184 -93.296349 16013.294219 13308.124292 0.104936 0.890287 0.443146 -0.589412 -0.303229 0.748763 -0.800988 0.339768 -0.492925
-73.278774 -179.742225 16719.439411 55550.475141 -0.361857 0.265021 0.893769 0.378113 0.918061 -0.119139 -0.852109 0.294834 -0.432415
-133.048088 -423.708382 17492.827339 144482.497015 -0.540877 -0.015157 0.840965 0.139019 0.984475 0.107155 -0.829534 0.174868 -0.530373
-3.223364 -77.339727 -1020.011303 1057.142340 0.367142 0.916134 -0.160950 0.395267 0.002973 0.918562 -0.842004 0.400861 0.361026
-2.387211 -79.571010 -630.117505 988.035423 0.368129 0.913562 -0.172875 0.415723 0.004583 0.909480 -0.831659 0.406674 0.378101
-2.539640 -76.391484 -989.653691 -982.079512 0.378707 0.912569 -0.154270 0.493849 -0.058276 0.867593 -0.782748 0.404750 0.472741
-3.812636 -74.494406 655.755332 265.377246 0.397709 0.901138 -0.172561 0.418426 -0.010758 0.908187 -0.816546 0.433399 0.381338
-8.058822 -82.855112 -19947.303131 12852.938062 -0.426490 0.253541 0.868230 -0.516602 0.719655 -0.463918 -0.742448 -0.646386 -0.175946
-65.942074 -86.151122 -13856.985338 3626.372364 -0.083454 -0.094818 0.991990 -0.642802 0.765794 0.019120 -0.761473 -0.636057 -0.124858
4.781406 -58.184620 -18686.069385 5453.394947 -0.477965 0.326711 0.815358 -0.360633 0.773420 -0.521311 -0.800933 -0.543214 -0.251845
-4.004904 -25.508861 1642.863543 -3449.883794 -0.336745 0.939801 -0.058114 -0.303886 -0.050057 0.951392 -0.891210 -0.338037 -0.302449
-5.573020 -17.068571 871.758075 -2328.019776 -0.361570 0.932234 -0.014370 -0.340798 -0.117802 0.932727 -0.867827 -0.342144 -0.360297
-3.875351 -14.838198 -343.098006 -256.408702 -0.407621 0.907566 0.100837 -0.308955 -0.240986 0.920039 -0.859297 -0.343873 -0.378628
62.240706 -80.385660 -2957.396275 -13327.995735 0.220161 0.278962 0.934724 0.240135 0.913247 -0.329112 -0.945444 0.296917 0.134073
47.407553 -109.799662 2185.429138 -16009.303975 0.211503 0.223803 0.951409 0.421833 0.857196 -0.295417 -0.881659 0.463818 0.086892
52.033848 -96.862073 -2431.778938 -15966.989469 0.320209 0.267246 0.908871 0.318557 0.873144 -0.368973 -0.892182 0.407675 0.194455
-13.518285 -38.849515 -340.648878 -3072.228308 -0.398848 0.916960 0.010183 -0.134175 -0.069339 0.988529 -0.907148 -0.392907 -0.150689
-10.202392 -34.646679 -1382.874327 -3516.766563 -0.453048 0.884681 0.109939 -0.135493 -0.190220 0.972347 -0.881130 -0.425623 -0.206047
-2.276692 -70.739316 -566.087325 790.202774 -0.443324 0.884124 -0.147610 -0.826186 -0.466912 -0.315293 0.347679 0.017823 -0.937444
-0.797572 -69.382920 -851.553758 1864.913614 -0.460152 0.873769 -0.157438 -0.863628 -0.481640 -0.148895 0.205929 -0.067453 -0.976239
0.690275 -71.354306 -1069.310646 580.015890 -0.435501 0.887499 -0.150616 -0.836457 -0.460799 -0.296654 0.332684 0.003210 -0.943033
-2.970407 -71.065674 235.548204 -112.163046 -0.436479 0.890322 -0.129667 -0.750031 -0.439665 -0.494115 0.496931 0.118417 -0.859673
-1.045346 -71.065811 -1736.666475 -1016.221585 -0.417072 0.895048 -0.157926 -0.763039 -0.439226 -0.474186 0.493784 0.077266 -0.866145
1.385976 -138.544705 -2453.847228 4983.474105 -0.579613 0.813015 -0.055271 -0.340794 -0.180230 0.922701 -0.740208 -0.553645 -0.381534
0.114332 -134.620861 -798.856508 -723.718009 -0.566457 0.822407 -0.052670 -0.432771 -0.242475 0.868283 -0.701310 -0.514639 -0.493266
0.847030 -146.901811 -129.269918 7453.319899 -0.555144 0.830231 -0.050317 -0.332720 -0.166219 0.928261 -0.762307 -0.532060 -0.368510
32.509699 -61.890794 -9157.466642 8513.327172 -0.484178 0.813880 0.321204 0.084458 0.408861 -0.908680 0.870884 0.412835 0.266700
23.890603 -50.523889 -8527.395057 1899.766956 -0.474543 0.811988 0.339830 -0.001076 0.385533 -0.922693 0.880232 0.438223 0.182078
-2.197979 -62.448684 -1407.817079 -752.394449 -0.333771 0.923002 -0.191478 -0.756051 -0.383439 -0.530435 0.563013 0.032276 -0.825818
-8.350127 -110.970629 -868.039716 -1524.756649 0.731077 0.651909 0.201350 -0.089326 -0.201117 0.975486 -0.676422 0.731141 0.088799
-6.487636 -34.447933 893.544922 302.060254 -0.319998 0.932783 -0.165884 -0.747041 -0.140735 0.649710 -0.582693 -0.331828 -0.741862
-6.234695 -35.754574 -226.488137 313.826251 -0.311396 0.930208 -0.194282 -0.809119 -0.152320 0.567561 -0.498357 -0.333933 -0.800080
-7.961938 -36.901847 1863.569161 -96.887368 -0.311616 0.934480 -0.172170 -0.768698 -0.141406 0.623785 -0.558569 -0.326728 -0.762397
-8.029797 -33.572171 1448.515685 1707.275579 -0.338553 0.927002 -0.161397 -0.688527 -0.127151 0.713977 -0.641336 -0.352846 -0.681313
