18427
36839
-35.122636 -55.259374 -1688.143968 5595.397742 0.314166 0.926709 -0.206179 0.924218 -0.348201 -0.156770 0.217072 0.141302 0.965874
-40.854729 -67.388284 1271.191706 5853.985248 -0.153143 -0.968874 0.194503 0.982220 -0.170865 -0.077770 0.108583 0.179134 0.977814
-40.629043 -65.924130 -1078.546504 8090.376625 -0.061787 0.994266 -0.087273 0.984795 0.046506 -0.167382 0.162364 0.096288 0.982022
-36.587311 -56.819996 -114.590326 4658.309541 -0.413225 -0.862231 0.292922 0.890210 -0.450226 -0.069445 0.191759 0.232066 0.953611
-35.668872 -49.510644 -2187.158486 6929.678054 0.107040 0.988147 -0.110033 0.951186 -0.133994 -0.278014 0.289462 0.074903 0.954254
-31.796716 -47.805505 797.719132 3786.473945 0.563659 0.763967 -0.314073 0.773393 -0.621651 -0.124145 0.290087 0.172927 0.941247
62.426591 -84.726844 -6503.708953 1702.041821 -0.280907 0.942663 0.180215 0.255933 0.254553 -0.932578 0.924981 0.215844 0.312764
77.838437 -89.676666 -10259.626134 3727.713078 -0.408577 0.890263 0.201236 0.326785 0.348547 -0.878480 0.852218 0.293166 0.433333
78.237379 -89.453307 -7566.399239 -4605.276127 -0.407550 0.900623 0.150936 0.239323 0.264849 -0.934120 0.881265 0.344578 0.323479
72.462492 -90.581946 -5198.248107 -6278.662689 -0.318118 0.942222 0.104971 0.136698 0.155153 -0.978387 0.938144 0.296893 0.178157
89.212908 -99.016873 -7099.537966 -7525.816107 -0.484098 0.870322 0.090492 0.170769 0.195400 -0.965741 0.858188 0.452060 0.243217
4.385010 -56.035360 6453.009812 19523.487077 0.637763 0.658886 -0.398908 -0.433402 0.735121 0.521306 0.636727 -0.159583 0.754396
-2.132505 -46.023150 4030.807449 -3326.335516 0.574174 0.774375 -0.265834 0.472482 -0.578565 -0.664848 0.668644 -0.256137 0.698076
3.324808 -74.083633 -1731.094659 -20239.878977 0.580524 0.801647 -0.142666 0.575689 -0.528004 -0.624334 0.575824 -0.280310 0.768019
16.725583 -99.572019 8590.273807 -44870.729054 0.595775 0.735721 -0.322128 0.568969 -0.669703 -0.477254 0.566856 -0.101055 0.817595
18.357442 -36.767783 12167.886278 10932.613710 0.686383 0.515139 -0.513333 -0.330187 0.849663 0.411156 0.647962 -0.112715 0.753286
-5.061895 -30.394381 8621.599889 6203.845913 0.673170 0.558299 -0.484917 -0.346511 0.817448 0.460118 0.653278 -0.141709 0.743738
25.278370 -83.654603 -424.316001 10990.789604 0.742472 0.669063 0.033022 -0.643282 0.725880 -0.243488 -0.186879 0.159540 0.969342
23.579009 -81.456948 2052.163009 -9361.685162 0.722707 0.688429 -0.061325 0.684714 -0.701062 0.199197 -0.094141 0.185951 0.978039
27.907198 -94.322005 1415.598736 -7562.094339 0.718819 0.695133 -0.009463 0.694119 -0.716880 0.065443 -0.038708 0.053610 0.997811
25.406984 -95.841102 -1195.007635 7702.337474 0.751520 0.655752 0.072156 -0.649182 0.754552 -0.095990 -0.117391 0.025296 0.992764
20.220592 -79.727485 -3271.991844 10126.930435 0.766541 0.632166 0.113055 -0.585968 0.760540 -0.279679 -0.262786 0.148139 0.953414
34.953776 -50.021714 -4909.535844 -1293.744408 -0.240548 0.970342 -0.023950 0.484046 0.098535 -0.869477 0.841330 0.220744 0.493392
30.971723 -49.345894 -3825.328072 -62.109879 -0.212553 0.977131 -0.005999 0.408731 0.083331 -0.908842 0.887558 0.195629 0.417096
29.499072 -49.182938 -3350.792720 -637.117473 -0.201547 0.979366 0.014857 0.508718 0.117629 -0.852859 0.837009 0.164333 0.521929
34.018396 -48.972283 -5486.075106 -743.067375 -0.222501 0.974917 -0.005462 0.567787 0.125025 -0.813625 0.792534 0.184133 0.581364
27.609987 -48.015741 -12909.667626 1489.351074 0.159364 0.847303 -0.506637 -0.666313 -0.286357 -0.688496 0.728443 -0.447301 -0.518934
3.878240 -48.826731 -11984.136350 889.350802 0.101359 0.798004 -0.594067 -0.656040 -0.395294 -0.642927 0.747889 -0.454898 -0.483456
16.691366 -48.204370 -11049.784354 -68.669848 0.140844 0.834940 -0.532013 -0.576065 -0.367920 -0.729920 0.805178 -0.409279 -0.429161
28.591012 -47.420008 -3093.961035 -1510.357704 0.107711 0.907579 -0.405832 -0.542823 -0.288303 -0.788812 0.832912 -0.305259 -0.461601
12.700673 -48.849444 -8927.302724 -717.453293 0.144787 0.847658 -0.510405 -0.468229 -0.395732 -0.790037 0.871664 -0.353373 -0.339601
28.477999 -36.538237 12191.491733 335.671855 0.049292 0.974145 0.220481 -0.944350 0.117337 -0.307304 0.325229 0.193063 -0.925717
65.348282 -31.675963 21722.270320 5521.329938 0.057098 0.986756 0.151831 -0.942164 0.103563 -0.318750 0.330252 0.124849 -0.935599
26.017976 -36.206473 9992.176357 3587.258603 0.098832 0.972695 0.209992 -0.920638 0.169474 -0.351716 0.377701 0.158566 -0.912249
8.349342 -37.980722 2829.099337 -4.823097 0.052004 0.977914 0.202436 -0.930230 0.121175 -0.346395 0.363274 0.170298 -0.915986
11.038595 -38.777009 2141.809503 3298.029292 0.116051 0.970675 0.210529 -0.908074 0.189564 -0.373452 0.402410 0.147837 -0.903444
17.295869 -39.609725 3742.947645 1601.316583 0.137805 0.966450 0.216758 -0.866477 0.223651 -0.446317 0.479821 0.126311 -0.868227
2.926539 -51.072437 -1020.336813 -630.249679 -0.255081 0.951199 0.173648 -0.439992 -0.274104 0.855146 -0.861012 -0.141728 -0.488439
3.568594 -50.337656 -606.216860 -206.078165 -0.232925 0.959029 0.161273 -0.524287 -0.263506 0.809746 -0.819066 -0.104056 -0.564183
3.356973 -52.851196 -721.078175 -902.466972 -0.245555 0.950383 0.190984 -0.410200 -0.280379 0.867827 -0.878316 -0.134758 -0.458696
5.115498 -52.865059 -484.090070 -386.480337 -0.230255 0.954710 0.188444 -0.444513 -0.275450 0.852370 -0.865674 -0.112497 -0.487805
2.468983 -88.918921 1573.460482 796.006512 -0.230180 0.904249 0.359655 -0.597989 0.160141 -0.785343 0.767741 0.395840 -0.503870
0.845728 -88.409037 1776.246340 1736.953574 -0.200690 0.894745 0.398941 -0.729309 0.135438 -0.670645 0.654088 0.425543 -0.625365
8.565823 -94.039598 4336.190452 172.640735 -0.238241 0.897860 0.370256 -0.628621 0.148045 -0.763491 0.740322 0.414645 -0.529143
-4.338002 -88.334400 1103.094487 2980.147046 -0.219175 0.898919 0.379351 -0.624156 0.169664 -0.762655 0.749927 0.403929 -0.523880
6.726572 -94.163020 3613.803447 813.874205 -0.262315 0.902111 0.342617 -0.490769 0.180988 -0.852285 0.830865 0.391713 -0.395253
-0.615606 -91.420140 578.152096 1165.786035 -0.232209 0.907513 0.349998 -0.478678 0.206620 -0.853332 0.846727 0.365688 -0.386427
0.616275 -123.545898 1088.162947 -7652.462031 -0.013503 0.945159 0.326333 0.905622 -0.126788 0.404689 -0.423871 -0.300999 0.854244
1.724278 -130.630481 -2480.398898 -6451.642529 -0.021161 0.931465 0.363216 0.930710 -0.114333 0.347429 -0.365145 -0.345400 0.864504
0.508176 -127.801283 496.412063 -2860.941681 0.001597 -0.940109 -0.340871 0.964331 -0.088779 0.249368 -0.264695 -0.329110 0.906434
2.523296 -86.579194 1357.985572 2243.784252 -0.211178 0.914919 0.343987 -0.615936 -0.397820 0.679972 -0.758964 0.068279 -0.647542
3.171367 -80.545185 -1173.826642 2070.660821 -0.239226 0.910504 0.337272 -0.586144 -0.412347 0.697428 -0.774084 0.030847 -0.632331
3.673066 -83.254192 660.258002 126.715336 -0.173352 0.937248 0.302515 -0.757203 -0.323250 0.567585 -0.629756 0.130673 -0.765723
-1.018216 -91.500750 1982.181674 498.608838 -0.169993 0.934119 0.313884 -0.748055 -0.329668 0.575962 -0.641495 0.136893 -0.754814
0.320624 -138.729424 -1708.461937 -2443.472372 -0.691027 0.001823 -0.722826 0.722519 -0.027501 -0.690803 -0.021138 -0.999620 0.017686
-2.801678 -140.248322 -1463.103644 -1684.843227 -0.702656 0.001163 -0.711529 0.705790 0.127900 -0.696780 0.090194 -0.991786 -0.090691
-2.464923 -140.412179 2180.269771 1325.255821 0.699081 0.010052 0.714971 0.692934 0.237192 -0.680869 0.176429 -0.971411 -0.158851
-2.750597 -138.548256 1270.989549 2539.238328 0.711262 0.001308 0.702926 0.621934 0.464843 -0.630174 0.327574 -0.885392 -0.329811
0.217690 -141.136133 -1464.008083 989.731945 -0.691835 0.015834 -0.721882 0.699120 0.264671 -0.664215 0.180544 -0.964209 -0.194179
6.898051 -125.563199 -2258.364854 538.964341 0.741168 -0.194551 0.642510 -0.669711 -0.280489 0.687614 -0.046441 0.939934 0.338183
4.054233 -127.014577 -2873.243965 -1516.702623 0.747896 -0.168487 0.642078 -0.663270 -0.228907 0.712513 -0.026927 0.958756 0.282951
5.736081 -127.990403 -2752.626599 67.406565 0.742490 -0.174598 0.646703 -0.664074 -0.065270 0.744812 0.087832 0.982474 0.164408
8.657759 -126.487321 -829.099102 493.516788 0.735975 -0.216421 0.641485 -0.668242 -0.080231 0.739605 0.108599 0.972998 0.203669
10.190839 -124.483842 -1062.901920 496.398154 0.737946 -0.222420 0.637153 -0.674026 -0.196004 0.712230 0.033530 0.955045 0.294558
9.131645 -79.035278 499.518631 736.586319 -0.149357 0.941583 0.301852 0.260202 -0.257089 0.930699 -0.953933 -0.217549 0.206603
7.977883 -78.629945 275.475381 1716.887895 -0.139714 0.942089 0.304875 0.294800 -0.254358 0.921083 -0.945290 -0.218565 0.242191
9.763191 -74.698764 991.736008 1421.065382 -0.147198 0.942096 0.301309 0.395213 -0.223233 0.891052 -0.906719 -0.250242 0.339469
9.859837 -72.790968 2393.954050 1984.723838 -0.148019 0.949354 0.277158 0.545164 -0.155498 0.823782 -0.825158 -0.273032 0.494537
16.210692 -76.670826 3552.036734 2499.003504 -0.150680 0.931794 0.330236 0.490952 -0.219412 0.843104 -0.858057 -0.289169 0.424404
-5.840891 -44.041444 289.697811 1154.927954 -0.238452 0.967839 0.080173 0.330929 0.003363 0.943650 -0.913032 -0.251547 0.321088
-5.092508 -47.926728 356.221722 926.016954 -0.226120 0.967890 0.109814 0.222469 -0.058442 0.973186 -0.948355 -0.244488 0.202111
-5.039705 -44.650348 448.643743 968.695783 -0.238567 0.966373 0.095962 0.290931 -0.023156 0.956464 -0.926523 -0.256099 0.275624
-5.614348 -43.738519 -124.288521 1408.753924 -0.246991 0.963888 0.099577 0.394335 0.006112 0.918946 -0.885153 -0.266238 0.381605
-6.428223 -42.537534 -61.684261 1204.172884 -0.239466 0.966883 0.088282 0.428862 0.023761 0.903057 -0.871053 -0.254112 0.420350
-3.379411 -95.903874 -162.642653 4138.043840 0.114415 0.949762 0.291311 0.716442 0.124254 -0.686493 0.688201 -0.287253 0.666232
-3.593239 -110.602103 -477.945799 10893.779574 0.086569 0.941651 0.325267 0.806770 0.125288 -0.577429 0.584489 -0.312403 0.748850
-3.397178 -104.748060 -657.930046 3762.523375 0.124166 0.947326 0.295221 0.717797 0.119667 -0.685892 0.685092 -0.297073 0.665129
6.236558 -56.294468 -116.745729 -141.597081 -0.151145 0.977676 0.145965 -0.843530 -0.204548 0.496605 -0.515376 0.048066 -0.855615
5.519772 -58.559425 48.536530 1496.080231 -0.140836 0.979699 0.142674 -0.891993 -0.188091 0.411061 -0.429551 0.069372 -0.900374
5.972986 -58.092877 228.484860 -395.007238 -0.130458 0.978287 0.161045 -0.861227 -0.192291 0.470437 -0.491190 0.077324 -0.867613
5.985141 -56.655540 -156.206574 1153.944249 -0.161998 0.977949 0.131806 -0.876901 -0.203924 0.435270 -0.452550 0.045068 -0.890599
6.764466 -55.025562 -213.462352 -60.764238 -0.167523 0.976259 0.137311 -0.830279 -0.214808 0.514290 -0.531576 0.027851 -0.846553
-6.979750 -158.782277 -2096.939181 -7394.363525 -0.782858 0.142161 -0.605742 -0.212708 0.853743 0.475267 0.584713 0.500913 -0.638120
-8.196353 -139.139546 -1144.497788 -9419.333160 -0.795738 0.114938 -0.594635 -0.094277 0.946350 0.309084 0.598258 0.302010 -0.742211
-7.419285 -145.269187 409.519624 -1514.091496 -0.818113 0.116970 -0.563035 -0.205403 0.855067 0.476099 0.537122 0.505152 -0.675516
-9.581951 -136.447259 416.615263 -2505.590421 -0.814637 0.099707 -0.571336 -0.081255 0.955774 0.282655 0.574250 0.276686 -0.770507
-16.096023 -43.578023 4208.156344 -911.452521 -0.436365 0.880094 -0.187135 0.596177 0.127034 -0.792739 0.673912 0.457489 0.580126
-24.694511 -43.923984 2964.107905 -1427.492855 -0.360134 0.913809 -0.187767 0.646060 0.099103 -0.756826 0.672986 0.393868 0.626066
-24.071860 -42.919205 4132.575046 -951.988556 -0.401665 0.898203 -0.178598 0.572970 0.094344 -0.814128 0.714402 0.429338 0.552538
-17.939849 -43.861233 4391.483456 -19.882994 -0.450451 0.879343 -0.154431 0.493734 0.101235 -0.863700 0.743855 0.465303 0.479763
5.200104 -36.877368 -7123.026926 285.455115 0.823171 0.510634 0.248279 -0.243020 0.712049 -0.658732 -0.513157 0.481913 0.710232
13.558826 -35.325029 -4520.281926 -313.705833 0.846942 0.451518 0.280751 0.156134 -0.715969 0.680449 -0.508244 0.532466 0.676881
14.436283 -33.081922 -1532.150226 -977.915009 0.857985 0.465750 0.216653 0.225897 -0.720909 0.655180 -0.461337 0.513194 0.723740
18.083336 -29.920016 2224.331741 23.720701 0.895476 0.364694 0.255187 0.105807 -0.731286 0.673814 -0.432350 0.576384 0.693437
10.197817 -37.289048 -4782.511159 691.854836 0.822200 0.533948 0.197198 -0.330636 0.730027 -0.598115 -0.463322 0.426569 0.776770
23.693995 -537.236915 -22778.530963 -203767.296485 0.899402 -0.335570 0.280122 0.415799 0.459069 -0.785091 -0.134857 -0.822587 -0.552417
-28.696217 -159.843253 -13825.678025 -48664.404661 0.910127 -0.234327 0.341701 0.402704 0.306299 -0.862560 -0.097459 -0.922644 -0.373136
6.073158 -176.849740 -25683.540864 -23462.790834 0.816919 -0.366290 0.445505 0.544197 0.233684 -0.805755 -0.191033 -0.900679 -0.390235
-10.775382 -202.252345 7619.001111 72404.307257 -0.463729 0.462101 -0.755922 0.872396 0.089340 -0.480567 -0.154537 -0.882316 -0.444564
86.787516 -596.135012 -1717.695663 -220481.321314 0.844596 -0.286000 0.452617 0.535123 0.423526 -0.730937 -0.017353 -0.859552 -0.510753
32.061495 -218.893370 17163.191085 59853.001801 -0.583771 0.456140 -0.671675 0.729716 -0.067956 -0.680365 -0.355986 -0.887309 -0.293183
53.259273 -263.694086 -11733.335890 -48878.869582 0.792927 -0.254202 0.553758 0.588186 0.082072 -0.804550 -0.159071 -0.963663 -0.214595
1647.044043 -12009.762593 749499.436278 21444518.549577 -0.827689 0.206114 -0.521965 0.066988 0.959747 0.272762 0.557175 0.190796 -0.808179
52.869203 -1839.106560 -11776.729567 215731.695129 0.774140 -0.155596 0.613593 0.484364 0.769675 -0.415923 0.407551 -0.619185 -0.671202
27.164230 -520.044514 1022.551844 -191320.804665 0.739599 -0.062000 0.670186 0.461477 0.771547 -0.437897 0.489930 -0.633144 -0.599247
3893.293627 282.098804 543789.844906 -47930.184691 0.325868 -0.265487 -0.907373 0.923795 -0.114666 0.365315 -0.201031 -0.957271 0.207890
43.268157 -234.669562 -39508.277169 -104798.007415 -0.578668 -0.230706 -0.782252 0.805470 -0.011236 -0.592530 0.127911 -0.972959 0.192329
1255.539905 75.295699 -466835.565590 77198.938750 -0.291705 0.769411 0.568256 -0.724009 0.210628 -0.656846 0.625075 0.603028 -0.495620
42.182603 -66.463628 79.676853 8090.308652 0.363194 0.826147 0.430779 0.132872 0.411699 -0.901582 0.922190 -0.384688 -0.039755
33.708958 -53.353163 5282.399603 4860.053134 0.218851 0.867850 0.446027 0.155864 0.420146 -0.893971 0.963229 -0.265166 0.043317
34.720360 -46.489267 5123.865558 5328.382592 0.239892 0.833123 0.498354 0.063876 0.498686 -0.864426 0.968696 -0.239202 -0.066415
4.280580 -64.360662 1287.324081 -298.457682 -0.728123 0.141223 -0.670741 0.203140 0.979044 -0.014383 0.654653 -0.146727 -0.741553
3.639262 -69.433122 1686.084657 2654.749576 -0.733389 0.163871 -0.659763 0.281481 0.956609 -0.075291 0.618797 -0.240928 -0.747692
13.282295 -62.386939 4319.070832 1580.738160 -0.759949 0.076943 -0.645413 0.232988 0.959231 -0.159978 0.606791 -0.271948 -0.746893
18.087924 -59.755654 5627.277582 -683.965887 -0.763633 -0.004518 -0.645635 0.149869 0.971423 -0.184057 0.628016 -0.237312 -0.741133
-5.202441 -34.391143 -1861.518539 941.334568 -0.098976 0.994492 0.034473 0.426955 0.073734 -0.901262 0.898840 0.074485 0.431901
1.441448 -32.496070 -2450.004673 1109.067518 -0.090329 0.995118 0.039767 0.408353 0.073427 -0.909866 0.908344 0.065949 0.412992
-4.175292 -31.949422 -1125.488403 191.503089 -0.121055 0.988789 0.087420 0.359428 0.125754 -0.924661 0.925288 0.080514 0.370621
-9.109111 -33.653692 -1891.938901 212.303353 -0.132037 0.985920 0.102605 0.360583 0.144193 -0.921514 0.923334 0.084676 0.374545
-11.724925 -36.532918 -2515.512539 1312.804589 -0.106702 0.994022 0.023140 0.425060 0.066642 -0.902709 0.898854 0.086485 0.429630
-4.117992 -65.759140 -411.580497 384.065368 -0.200419 0.904114 0.377373 0.565079 -0.207981 0.798391 -0.800323 -0.373259 0.469213
-4.577897 -66.461840 -175.791969 -992.125963 -0.182145 0.907891 0.377567 0.611696 -0.196014 0.766425 -0.769838 -0.370556 0.519651
-3.713171 -62.174638 -92.768663 1251.151954 -0.198748 0.913995 0.353714 0.537166 -0.200281 0.819354 -0.819727 -0.352848 0.451161
-4.045800 -60.453126 -996.268238 -760.860844 -0.216164 0.908015 0.358861 0.452523 -0.232514 0.860906 -0.865156 -0.348490 0.360637
-4.025733 -58.387392 -268.957175 -2606.521365 -0.210467 0.918438 0.334925 0.385809 -0.236757 0.891683 -0.898251 -0.316887 0.304512
-10.797801 -85.242541 -1883.958754 1777.463792 0.051744 0.993868 0.097718 -0.862021 0.093854 -0.498107 0.504224 0.058461 -0.861592
-9.053170 -82.842730 -2153.582108 -1170.942247 0.017077 0.997495 0.068638 -0.931590 0.040804 -0.361214 0.363110 0.057775 -0.929953
-10.470348 -81.147387 -296.138897 -817.739373 0.022597 0.993183 0.114357 -0.926668 0.063737 -0.370438 0.375202 0.097600 -0.921791
-20.755721 -42.020319 -2274.612084 74.965077 -0.252319 0.782126 -0.569749 -0.567241 -0.596576 -0.567745 0.783947 -0.179932 -0.594182
-23.673678 -39.346166 -1528.478067 77.860273 -0.365952 0.711004 -0.600459 -0.597267 -0.674241 -0.434362 0.713688 -0.199679 -0.671400
-25.106683 -40.139520 -2754.722277 -289.369967 -0.290787 0.785599 -0.546148 -0.565379 -0.601581 -0.564310 0.771874 -0.144687 -0.619093
15.354097 -321.684228 -1358.032964 -87802.661819 0.088692 0.982333 0.164790 -0.589992 0.185107 -0.785904 0.802523 0.027521 -0.595986
17.589710 -200.229453 -3566.574479 -39342.893925 0.124885 0.981408 0.145748 -0.359561 0.181680 -0.915264 0.924727 -0.061898 -0.375565
84.043966 -2254.880634 8333.856891 -899650.250535 0.011230 0.999729 0.020377 -0.556496 0.023180 -0.830527 0.830774 0.002013 -0.556606
12.765166 -370.404467 -1242.500881 -87051.772544 0.014831 0.984876 0.172622 -0.824761 0.109652 -0.554749 0.565287 0.134145 -0.813914
17.063642 -275.579633 6118.299263 3476.895531 -0.116363 -0.349266 0.929771 -0.178134 0.928289 0.326415 -0.977102 -0.127641 -0.170234
20.042865 -298.815323 5946.781498 -14283.021518 -0.119758 -0.470402 0.874288 0.184919 0.854647 0.485164 -0.975430 0.219775 -0.015364
10.785197 -226.496107 6143.600616 2572.603670 -0.102890 -0.412481 0.905137 -0.031402 0.910860 0.411520 -0.994197 0.013918 -0.106671
9.422227 -202.025416 4567.454934 3994.451701 -0.132675 -0.300911 0.944378 -0.354647 0.904133 0.238263 -0.925539 -0.303309 -0.226674
-0.529130 -197.053158 7909.252951 -5971.199713 -0.080063 -0.409037 0.908999 -0.125528 0.908804 0.397893 -0.988854 -0.082248 -0.124108
-8.176211 -54.722155 341.647466 -3386.110659 -0.139674 0.951644 0.273614 0.760351 -0.073934 0.645291 -0.634317 -0.298173 0.713257
-7.950630 -49.478721 -381.382670 -673.017373 -0.174159 0.952439 0.250058 0.694421 -0.061255 0.716957 -0.698175 -0.298511 0.650725
-7.743213 -52.770378 -428.333262 -3741.586765 -0.171653 0.944490 0.280131 0.709632 -0.078696 0.700164 -0.683343 -0.318975 0.656732
-13.791394 -42.121962 -459.808631 1750.791809 -0.196052 0.974321 0.110736 0.846225 0.225162 -0.482914 0.495447 0.000968 0.868638
-13.619119 -42.599611 36.265563 351.337970 -0.218578 0.965227 0.143387 0.820199 0.261334 -0.508898 0.528674 -0.006372 0.848801
-11.914948 -41.862670 69.658234 -907.141936 -0.205442 0.971967 0.114343 0.812016 0.234507 -0.534449 0.546281 0.016950 0.837430
-46.707171 -66.157000 764.668781 -3889.790341 0.310888 0.906984 -0.284128 0.218767 0.222629 0.950041 -0.924927 0.357514 0.129206
-45.519207 -62.925749 1146.634365 -2969.438654 0.337096 0.797308 -0.500665 0.272426 0.426434 0.862519 -0.901194 0.427146 0.073458
-43.513136 -61.300938 131.393923 -2512.346711 0.291232 0.872634 -0.392039 0.131627 0.369353 0.919920 -0.947554 0.319513 0.007294
-49.771113 -67.911603 46.021462 -3678.332437 0.256469 0.965855 -0.036702 0.153131 -0.003110 0.988201 -0.954345 0.259063 0.148700
65.033467 -85.254500 -1734.983394 -1942.862712 -0.145713 0.946207 0.288893 -0.896552 -0.002832 -0.442929 0.418285 0.323549 -0.848737
69.447288 -90.191890 -4282.902199 844.663390 -0.084686 0.957976 0.274062 0.971921 0.018816 0.234556 0.219542 0.286230 -0.932670
66.489074 -98.092209 -2339.870750 1027.331608 -0.090036 0.983843 0.154747 -0.925773 -0.025388 -0.377226 0.367203 0.177224 -0.913101
65.315240 -98.655507 -2611.829552 1054.122665 -0.135222 0.979301 0.150615 -0.831873 -0.029634 -0.554175 0.538241 0.200229 -0.818661
65.912643 -107.615637 813.001437 2291.862081 -0.091657 0.993277 0.070711 -0.837540 -0.038487 -0.545019 0.538633 0.109178 -0.835437
65.744645 -103.812708 1017.909177 3550.059827 -0.044562 0.997443 0.055880 -0.942585 -0.023448 -0.333142 0.330980 0.067517 -0.941219
23.274762 -49.022123 45.010313 1222.284298 0.078251 0.951630 0.297114 -0.613655 -0.188899 0.766645 -0.785687 0.242316 -0.569191
20.269077 -45.311981 3236.735839 2174.538911 0.115757 0.938256 0.326000 -0.538327 -0.216562 0.814436 -0.834748 0.269771 -0.480020
20.629769 -45.311332 -561.933290 1760.054264 0.087436 0.960486 0.264238 -0.495906 -0.188083 0.847763 -0.863963 0.205162 -0.459865
18.421786 -48.346872 -4464.477652 1375.623140 0.037734 0.974385 0.221699 -0.548568 -0.165241 0.819615 -0.835254 0.152545 -0.528281
29.987161 -49.926817 4347.043603 -1624.862957 0.065246 0.925056 0.374184 -0.888960 -0.116464 0.442930 -0.453314 0.361534 -0.814739
31.543905 -50.284496 -2376.116228 -1500.836237 0.040626 0.954734 0.294673 -0.901073 -0.092430 0.423703 -0.431760 0.282735 -0.856530
30.612271 -48.419007 2458.785225 -957.442974 0.047046 0.929497 0.365816 -0.932079 -0.090839 0.350681 -0.359187 0.357467 -0.862091
23.891983 -48.280395 6736.092843 886.800114 0.062544 0.893015 0.445660 0.920193 0.121299 -0.372199 -0.386437 0.433371 -0.814159
28.759801 -45.862849 6151.706024 395.795929 0.037487 0.898750 0.436856 0.963370 0.083665 -0.254793 -0.265544 0.430406 -0.862692
32.271263 -46.721074 1077.706789 664.767372 0.025268 0.940756 0.338142 0.961085 0.070220 -0.267180 -0.275095 0.331735 -0.902372
-0.625828 -48.923452 -119.967549 1440.285139 0.221617 0.973061 -0.063548 -0.774501 0.215241 0.594827 -0.592481 0.082606 -0.801338
-0.928798 -43.941293 96.071041 -1119.537617 0.205234 0.977529 -0.048114 -0.732877 0.186079 0.654420 -0.648668 0.099048 -0.754599
-0.603107 -46.974832 -6.290466 690.768295 0.218220 0.974079 -0.059587 -0.767550 0.209020 0.605951 -0.602699 0.086494 -0.793267
-1.342437 -47.231113 -69.686386 -1123.650946 0.190941 0.980865 -0.038019 -0.735113 0.168554 0.656657 -0.650500 0.097435 -0.753230
0.843814 -50.990539 -589.994985 830.906355 0.212032 0.975623 -0.056586 -0.772682 0.202815 0.601521 -0.598335 0.083819 -0.796850
-11.027173 -79.938412 -744.475077 125.426665 0.360143 0.932754 0.016372 -0.926685 0.355668 0.121471 -0.107479 0.058919 -0.992460
-11.567467 -79.601583 -25.264394 -750.226879 0.356064 0.932928 0.053507 0.931664 -0.349988 -0.097526 -0.072258 0.084576 -0.993794
-11.607402 -82.063299 -494.755085 1249.010929 0.367450 0.929555 0.030146 -0.929660 0.368036 -0.016783 0.026696 0.021859 -0.999405
-12.112377 -79.665941 445.188474 -1385.258561 0.355487 0.930950 0.083439 0.934503 -0.355743 -0.012275 0.018255 0.082337 -0.996437
-10.939718 -83.154715 -761.473905 1540.277885 0.374924 0.927052 -0.002628 -0.927041 0.374932 0.004591 -0.005241 -0.000715 -0.999986
-9.137026 -57.813015 -40.617572 -8480.969876 -0.142763 -0.957097 -0.252159 0.966112 -0.190109 0.174604 -0.215051 -0.218687 0.951803
-6.705468 -48.735772 182.657200 -7940.183230 0.030364 0.974785 0.221071 0.966622 -0.084929 0.241723 -0.254403 -0.206352 0.944827
-4.393421 -40.329035 234.606924 -9397.838397 0.035709 0.972369 0.230700 0.940364 -0.110837 0.321607 -0.338291 -0.205458 0.918339
-16.479075 -55.163328 -4874.460276 -455.158688 -0.552172 0.312121 0.773102 -0.184119 0.858737 -0.478196 -0.813146 -0.406389 -0.416703
-27.844448 -61.370118 -6999.576791 -199.311567 -0.511116 0.275860 0.814040 -0.230824 0.868250 -0.439160 -0.827938 -0.412362 -0.380101
-27.029635 -58.923403 -5122.970143 2591.285153 -0.484517 0.140230 0.863469 -0.188865 0.947020 -0.259777 -0.854151 -0.288945 -0.432363
-16.624299 -50.265504 -3706.425483 2656.845451 -0.539024 0.211638 0.815268 -0.119776 0.938823 -0.322903 -0.833731 -0.271702 -0.480699
105.180052 -41.219414 12760.427865 2156.344987 0.503459 0.740741 0.444784 0.668039 -0.660194 0.343318 -0.547953 -0.124287 0.827224
88.807473 -43.864070 22943.198983 2564.356305 0.555967 0.795229 0.241894 0.713534 -0.605873 0.351835 -0.426346 0.023009 0.904268
121.146276 -43.470576 23856.328239 1621.885800 0.525802 0.760113 0.381786 0.711046 -0.639113 0.293170 -0.466846 -0.117318 0.876522
80.831494 -41.893310 19151.967981 -868.016635 0.548151 0.787282 0.282341 0.634658 -0.611394 0.472660 -0.544738 0.079899 0.834791
123.007581 -42.427013 -3310.836916 779.145242 0.416462 0.689432 0.592657 0.693095 -0.662632 0.283793 -0.588370 -0.292578 0.753803
90.462566 -37.993446 -11579.649408 737.008673 0.323391 0.654391 0.683514 -0.591484 0.703617 -0.393788 -0.738624 -0.276940 0.614605
23.269609 -37.800283 12628.115985 -1867.047948 0.369816 0.929077 0.007231 0.553691 -0.214132 -0.804720 0.746098 -0.301602 0.593611
7.386688 -42.724554 8401.170697 -5024.947325 0.370146 0.928749 -0.020432 0.530358 -0.229326 -0.816168 0.762701 -0.291264 0.577453
22.073458 -47.393193 8746.774408 -10557.006286 0.393166 0.919240 -0.020474 0.522922 -0.241862 -0.817347 0.756290 -0.310646 0.575782
-12.948401 -81.886841 817.699276 -2550.122805 0.466683 0.883081 0.048740 -0.349914 0.234971 -0.906835 0.812261 -0.406149 -0.418659
-11.520201 -89.153019 -156.240572 -2542.623112 0.472613 0.880605 0.034228 -0.487858 0.293780 -0.822002 0.733915 -0.371791 -0.568455
-14.434453 -82.540175 -720.646203 -3232.678689 0.454553 0.889860 0.039119 -0.382291 0.234571 -0.893773 0.804509 -0.391312 -0.446811
-15.379435 -77.985948 4.756355 -2201.579004 0.448959 0.892123 0.050516 -0.238527 0.174137 -0.955396 0.861127 -0.416885 -0.290975
-13.127049 -46.257296 -123.749222 1073.945422 0.431819 0.901804 -0.016781 -0.824779 0.402330 0.397328 -0.365063 0.157733 -0.917523
-13.423805 -49.116564 -143.787904 5668.498393 0.457889 0.888778 -0.020250 -0.829446 0.435298 0.350049 -0.319931 0.143487 -0.936512
-13.888815 -50.031793 -41.491804 3291.901500 0.453153 0.889848 -0.053124 -0.818444 0.438928 0.370799 -0.353273 0.124550 -0.927192
-13.399154 -45.509315 734.468090 -2346.311796 0.446963 0.893992 -0.031643 -0.801236 0.415817 0.430252 -0.397799 0.166953 -0.902154
-5.554477 -183.427660 -1349.581184 14258.019130 0.475904 0.552825 0.684032 0.863607 -0.146558 -0.482394 -0.166429 0.820308 -0.547171
-10.321211 -201.009736 -1444.635843 16301.951315 0.484064 0.529900 0.696339 0.872050 -0.226491 -0.433856 -0.072186 0.817257 -0.571735
-7.689436 -172.120847 -192.611028 15435.287665 0.463996 0.532916 0.707607 0.884045 -0.329362 -0.331640 0.056323 0.779436 -0.623945
-5.674573 -170.083506 -2818.980044 12728.079028 0.465273 0.566381 0.680245 0.885011 -0.312089 -0.345479 0.016625 0.762767 -0.646460
-6.629300 -152.562736 -565.180308 6406.451323 0.459973 0.541484 0.703719 0.861417 -0.464361 -0.205742 0.215374 0.700831 -0.680037
-5.722723 -163.630482 1581.017949 -4532.371371 -0.561245 -0.519127 -0.644602 -0.683164 0.730234 0.006730 0.467217 0.444146 -0.764489
-6.747200 -152.350334 132.175910 -8853.471909 -0.567391 -0.494554 -0.658394 -0.540851 0.826731 -0.154906 0.620924 0.268201 -0.736560
-6.874920 -154.468254 840.200947 -10016.314676 -0.592749 -0.480871 -0.646075 -0.479579 0.855207 -0.196532 0.647034 0.193350 -0.737538
-7.967702 -149.489172 394.550007 -12579.506974 -0.600182 -0.457553 -0.656069 -0.344658 0.888112 -0.304085 0.721798 0.043613 -0.690728
-5.056711 -169.403954 621.065460 -12819.487935 -0.591269 -0.484764 -0.644520 -0.562507 0.820582 -0.101154 0.577917 0.302738 -0.757867
7.944207 -17.081514 5067.453425 1476.325972 -0.526841 0.848040 0.057160 -0.573046 -0.304725 -0.760764 0.627740 0.433557 -0.646507
0.586741 -13.950147 2463.236288 252.523566 -0.444410 0.883920 0.145547 -0.649286 -0.205887 -0.732146 0.617193 0.419875 -0.665415
9.524922 -17.722960 4340.819749 -457.549914 -0.383976 0.898364 0.213316 -0.693994 -0.128407 -0.708438 0.609044 0.420064 -0.672765
23.521457 -21.663159 7752.571904 603.680421 -0.444008 0.886827 0.128043 -0.624763 -0.203979 -0.753700 0.642283 0.414646 -0.644625
21.536832 -22.854704 7202.065626 -1091.510354 -0.338297 0.911095 0.235501 -0.716336 -0.087033 -0.692306 0.610261 0.402903 -0.682093
10.938614 -21.227938 4606.353618 -2115.517443 -0.275744 0.911138 0.306256 -0.765231 -0.015265 -0.643575 0.581711 0.411819 -0.701440
-19.325248 -106.270868 -506.491419 4040.555041 0.610523 0.574200 0.545487 0.773415 -0.283917 -0.566764 -0.170563 0.767910 -0.617432
-17.838987 -106.929017 -354.845121 3104.080547 0.611605 0.601586 0.513842 0.759999 -0.266244 -0.592887 -0.219865 0.753132 -0.620041
-16.943260 -110.501125 -1131.315328 -218.427737 0.605903 0.599952 0.522435 0.700473 -0.091030 -0.707849 -0.377118 0.794840 -0.475406
-18.889174 -108.705309 -309.758088 -11.140722 0.608958 0.552703 0.568937 0.731057 -0.112765 -0.672934 -0.307776 0.825714 -0.472726
-2.405993 -309.897509 -2817.507240 43703.185530 -0.612195 -0.299477 -0.731800 0.339426 0.736358 -0.585292 0.714149 -0.606704 -0.349144
-3.714882 -278.732964 -1065.821022 32070.049292 -0.627658 -0.307956 -0.714989 0.180212 0.836007 -0.518281 0.757344 -0.454153 -0.469229
-2.291905 -252.941357 -780.922223 26133.229464 -0.634288 -0.346053 -0.691321 0.032004 0.881704 -0.470716 0.772434 -0.320695 -0.548179
-154.348496 -3964.907669 -100448.491241 2576100.012022 -0.443768 -0.672917 -0.591821 0.746674 0.087529 -0.659406 0.495527 -0.734521 0.463608
-70.062015 -2467.477601 -26791.265076 230382.026776 -0.383842 -0.666535 -0.639059 0.845587 -0.531786 0.046760 -0.371009 -0.522432 0.767735
-419.459848 -2640.527164 -169883.580954 3529461.924876 -0.325547 -0.614680 -0.718462 0.892829 -0.449970 -0.019584 -0.311248 -0.647840 0.695290
-202.197145 -2434.851477 -71245.545362 628931.704562 -0.484699 -0.596336 -0.639882 0.523057 0.388733 -0.758484 0.701055 -0.702332 0.123499
13.892036 -51.297199 2572.483109 696.739600 0.049752 0.993380 0.103545 -0.437839 -0.071488 0.896207 -0.897676 0.089924 -0.431383
14.560168 -50.558087 -674.537412 530.675608 0.026373 0.997953 0.058259 -0.434617 -0.041036 0.899680 -0.900229 0.049048 -0.432645
17.340070 -52.458142 1711.051193 -19.325815 0.041830 0.996415 0.073532 -0.520394 -0.041097 0.852937 -0.852901 0.073944 -0.516810
12.506354 -47.985221 1371.388455 2415.167271 0.035083 0.995219 0.091147 -0.327147 -0.074742 0.942013 -0.944322 0.062867 -0.322960
13.742744 -52.441289 4369.781210 -189.835894 0.058080 0.990724 0.122849 -0.525798 -0.074248 0.847363 -0.848624 0.113809 -0.516608
9.265861 -51.119736 3335.983121 433.205749 0.058189 0.988624 0.138698 -0.441204 -0.099161 0.891911 -0.895518 0.113093 -0.430415
9.695854 -48.748093 2833.132859 2490.140635 0.058647 0.991056 0.119869 -0.331481 -0.093930 0.938775 -0.941637 0.094791 -0.323007
-12.939228 -36.026775 620.275061 -3126.660786 -0.223453 0.951896 0.209675 -0.682203 0.000910 -0.731162 0.696181 0.306421 -0.649182
-16.056676 -42.883213 528.751639 -1635.490196 -0.342789 0.934116 0.099614 -0.717420 -0.191852 -0.669702 0.606468 0.301032 -0.735918
-14.506997 -37.123526 343.525427 -885.218198 -0.234177 0.944542 0.230219 -0.732908 -0.015933 -0.680141 0.638754 0.328003 -0.695994
-11.041427 -32.122762 1036.987804 -1832.477770 -0.095964 0.921675 0.375908 -0.711774 0.200457 -0.673197 0.695822 0.332164 -0.636788
-0.975568 -46.353694 -3423.255145 353.089877 0.823081 0.566745 0.036585 -0.520905 0.779033 -0.348949 0.226266 -0.268156 -0.936427
-5.682162 -50.345846 -4545.190398 1442.507233 0.842332 0.536321 0.053261 -0.475987 0.786627 -0.393262 0.252811 -0.305905 -0.917883
0.507286 -51.487471 -5645.954815 1296.519086 0.825626 0.564101 0.011470 -0.502343 0.744189 -0.440266 0.256890 -0.357733 -0.897794
4.023383 -49.739253 -1346.801743 -1164.313045 0.788214 0.615076 0.020002 -0.543690 0.711224 -0.445602 0.288305 -0.340355 -0.895008
-4.905796 -67.785606 -703.092514 283.548080 0.169297 0.967726 0.186667 0.720004 -0.250776 0.647075 -0.673003 -0.024853 0.739222
-5.497177 -67.278549 -795.958673 1190.668792 0.164354 0.971386 0.171453 0.661638 -0.237479 0.711224 -0.731590 0.003453 0.681736
-4.222422 -68.955065 151.507058 1471.997017 0.156499 0.973760 0.165223 0.646596 -0.227464 0.728130 -0.746607 0.007120 0.665227
-24.972100 -39.778698 -289.339153 -22.727686 0.531072 0.751802 0.390840 -0.454765 0.642095 -0.617173 0.714949 -0.150023 -0.682892
-23.896678 -41.137927 -1960.193056 881.737957 0.557238 0.773978 0.300740 -0.511492 0.605261 -0.609947 0.654111 -0.186059 -0.733158
-26.200734 -39.626741 -2437.301604 1017.529227 0.454998 0.851743 0.259828 -0.631036 0.514270 -0.580792 0.628308 -0.100299 -0.771472
-24.001382 -42.839139 -196.799160 325.924695 0.580405 0.709375 0.399897 -0.355958 0.662683 -0.658896 0.732410 -0.240080 -0.637132
-27.239591 -38.116258 101.209638 -281.356094 0.483472 0.779183 0.398909 -0.517995 0.622017 -0.587176 0.705646 -0.077250 -0.704341
-23.042781 -38.321025 -2690.239714 -118.078319 -0.540531 -0.636242 -0.550474 -0.339331 0.763585 -0.549356 0.769858 -0.110151 -0.628638
-23.262234 -40.675016 -1173.001635 458.161534 -0.551912 -0.680926 -0.481386 -0.322958 0.706755 -0.629440 0.768824 -0.191929 -0.609977
3285.004261 -21200.921961 -633552.127519 -9609026.236414 0.336707 0.941005 -0.033731 0.812681 -0.308511 -0.494339 0.475582 -0.139035 0.868615
61.912916 -308.658851 718.675302 -103676.640197 0.000014 0.999503 -0.031517 0.907229 -0.013270 -0.420427 0.420636 0.028587 0.906779
90.871463 -639.286436 1733.619471 -211997.080674 0.058106 0.997595 -0.037788 0.546413 -0.063460 -0.835108 0.835498 -0.027877 0.548786
47.433887 -212.896775 -254.239600 -90537.633495 0.122781 0.991753 0.036761 0.941376 -0.104656 -0.320714 0.314222 -0.073984 0.946462
7.384719 -67.789280 -275.487641 6263.720837 0.699831 0.616215 0.361270 -0.585741 0.205590 0.783990 -0.408833 0.760271 -0.504821
3.909743 -73.906619 -401.335121 -10353.750751 0.798175 0.582041 0.155385 -0.373511 0.275761 0.885689 -0.472658 0.764973 -0.437504
5.195739 -85.750423 -190.800036 -7810.226907 0.753344 0.615742 0.230944 -0.477817 0.271212 0.835545 -0.451845 0.739802 -0.498528
-0.451669 -115.765090 467.215557 24332.056834 0.750393 0.574621 0.326682 -0.579754 0.334779 0.742838 -0.317484 0.746816 -0.584354
0.980657 -110.466714 284.609126 24308.759123 0.787407 0.544394 0.289181 -0.497686 0.284623 0.819328 -0.363730 0.789066 -0.495051
10.408133 -85.652583 1727.763219 5593.195909 0.669214 0.629660 0.394565 -0.667466 0.276021 0.691593 -0.326560 0.726183 -0.604993
-15.587819 -295.215656 -10247.739555 -49222.043500 0.949250 0.053547 0.309931 0.226199 0.568453 -0.791009 0.218537 -0.820971 -0.527492
-2.541144 -287.365727 -10485.192919 49575.879343 0.961990 0.063129 0.265687 0.095000 0.834782 -0.542323 0.256027 -0.546950 -0.797054
-14.589601 -291.595625 -15560.589508 61396.847444 0.964850 0.059545 0.255968 0.073466 0.874050 -0.480250 0.252325 -0.482174 -0.838952
-40.083609 -271.264624 -13169.186219 25563.450360 0.931784 0.096580 0.349930 0.133196 0.805767 -0.577060 0.337695 -0.584305 -0.737936
-50.666707 -79.358712 -7.279115 6985.567650 0.186637 -0.974177 0.127064 0.982415 0.184386 -0.029355 0.005168 0.130308 0.991460
-44.832173 -76.008280 1025.186812 4471.557710 -0.107790 -0.970358 0.216304 0.993616 -0.097861 0.056133 -0.033301 0.220973 0.974711
-40.671257 -68.718623 -172.528278 5676.467267 -0.289039 -0.912310 0.290081 0.954705 -0.297067 0.016994 0.070670 0.281854 0.956851
55.047742 -95.837877 -9314.184584 8287.615476 -0.266667 0.932701 0.242813 0.401397 0.336525 -0.851840 0.876225 0.129694 0.464123
76.554014 -95.350690 -12391.816708 6957.364495 -0.421901 0.878302 0.224910 0.464512 0.422439 -0.778315 0.778606 0.223898 0.586210
95.456086 -96.403974 -10911.596974 1216.894268 -0.549969 0.821342 0.151434 0.412722 0.424904 -0.805678 0.726082 0.380598 0.572669
24.744530 -86.931992 -1239.413236 -6029.348565 -0.690881 -0.718740 0.078078 0.722306 -0.690834 0.031983 0.030952 0.078493 0.996434
20.559865 -78.909420 -1728.510672 -6624.433294 -0.698687 -0.706362 0.113532 0.715076 -0.684520 0.141767 -0.022424 0.180235 0.983368
18.202806 -73.627225 -1157.696751 -4181.607304 -0.678104 -0.719252 0.151170 0.734954 -0.662416 0.145078 -0.004210 0.209480 0.977804
22.219395 -79.628593 -437.539122 -1947.104058 0.652326 0.746616 -0.130519 0.751151 -0.659821 -0.020211 0.101209 0.084855 0.991240
35.768334 -49.473433 -2587.325409 -111.201728 -0.290947 0.955007 -0.057552 0.369442 0.056657 -0.927525 0.882532 0.291123 0.369303
30.090189 -49.122600 -5372.701602 620.656224 -0.221782 0.974732 -0.026656 0.302592 0.042811 -0.952158 0.926958 0.219238 0.304440
25.438051 -49.027698 -2345.464584 678.150420 -0.199695 0.979850 -0.004021 0.333004 0.064006 -0.940751 0.921537 0.189202 0.339075
18.448806 -48.462137 -17181.334293 2416.337889 0.159171 0.800812 -0.577378 -0.721824 -0.304587 -0.621447 0.673524 -0.515682 -0.529564
2.561839 -47.460120 -13477.862392 2489.215066 0.075295 0.773850 -0.628877 -0.743116 -0.376987 -0.552865 0.664913 -0.508956 -0.546675
-12.999696 -48.984623 -4150.500439 640.058772 -0.081670 0.730932 -0.677545 -0.687036 -0.533774 -0.493018 0.722019 -0.425233 -0.545770
-13.254007 -50.477723 -5069.229109 -60.168213 -0.026531 0.750331 -0.660530 -0.599242 -0.540818 -0.590275 0.800128 -0.380156 -0.463978
105.859054 -29.980241 22162.136290 6311.317622 0.049406 0.997398 -0.052499 -0.949010 0.030494 -0.313769 0.311352 -0.065325 -0.948047
82.207730 -37.343795 21987.839122 2818.827156 0.049233 0.996836 0.062408 -0.910041 0.070519 -0.408476 0.411584 0.036684 -0.910633
97.455712 -30.087726 29713.862417 1834.373913 0.034416 0.996146 0.080674 -0.955969 0.056353 -0.288007 0.291443 0.067210 -0.954224
1.753446 -46.749844 -267.783038 -236.576673 -0.223235 0.965504 0.134047 -0.594123 -0.243791 0.766540 -0.772777 -0.091478 -0.628051
2.737709 -48.454466 -20.422944 -626.180469 -0.234615 0.959264 0.157379 -0.520665 -0.260722 0.812977 -0.820892 -0.108794 -0.560625
1.975205 -47.844680 437.512994 -772.867773 -0.230710 0.958940 0.164948 -0.488701 -0.260786 0.832564 -0.841394 -0.111470 -0.528800
0.497134 -46.517498 -598.629935 -1085.607226 -0.239445 0.959559 0.148031 -0.514147 -0.254649 0.819028 -0.823601 -0.120002 -0.554329
9.355600 -84.242492 1775.637715 -7311.665832 -0.171103 0.942037 0.288601 -0.084553 0.277800 -0.956911 0.981618 0.188132 -0.032120
13.109203 -73.346938 1842.956500 6886.539812 -0.118047 0.940580 0.318392 -0.065632 0.312543 -0.947634 0.990837 0.132762 -0.024837
11.627896 -79.519912 505.084260 8385.116575 -0.135192 0.924127 0.357369 0.001733 0.360900 -0.932603 0.990818 0.125461 0.050392
10.987068 -82.063574 368.774075 4784.829128 -0.178326 0.919934 0.349172 0.005267 0.355747 -0.934567 0.983957 0.164818 0.068284
10.488551 -84.980522 -534.524932 -7098.373136 -0.184410 0.941916 0.280689 -0.082175 0.269811 -0.959400 0.979408 0.199989 -0.027646
7.823935 -97.079911 -1233.215861 -14029.119704 -0.165831 0.954154 0.249181 -0.197321 0.215465 -0.956368 0.966211 0.207764 -0.152544
9.258500 -94.541717 3989.992848 1618.420216 -0.203567 0.894831 0.397289 -0.754437 0.115261 -0.646173 0.624008 0.431269 -0.651630
3.387681 -84.580163 2452.521830 1825.212099 -0.187907 0.889544 0.416416 -0.831710 0.081408 -0.549209 0.522445 0.449538 -0.724546
-2.919812 -83.227076 558.580120 -689.537921 -0.177884 0.893191 0.412999 -0.816195 0.100531 -0.568963 0.549711 0.438297 -0.711135
-3.917646 -83.368485 514.427734 1476.153996 -0.194422 0.900680 0.388556 -0.748003 0.120126 -0.652734 0.634580 0.417547 -0.650356
1.979359 -116.154125 -1009.428775 -10658.970274 -0.041267 0.942732 0.330989 0.813427 -0.160669 0.559036 -0.580201 -0.292305 0.760213
2.910834 -129.491503 -1787.925244 -9136.743863 -0.027470 0.939903 0.340335 0.872893 -0.143361 0.466375 -0.487138 -0.309888 0.816496
-1.947277 -132.339948 -597.760726 -4549.776804 -0.690071 0.011710 -0.723647 0.720597 -0.081990 -0.688490 -0.067394 -0.996564 0.048141
1.405416 -127.330336 -867.418189 -1139.288864 0.760799 -0.178849 0.623857 -0.648069 -0.260485 0.715649 -0.034512 0.948768 0.314084
-0.845926 -127.022451 -72.446403 -491.912788 0.768031 -0.185327 0.613011 -0.620482 -0.452285 0.640656 -0.158525 0.872406 0.462361
