14963
29914
-45.541547 -67.151885 -308.795780 9337.101495 0.210496 0.970176 0.120212 0.836442 -0.115086 -0.535835 0.506020 -0.213341 0.835721
-49.871994 -75.640768 -54.895285 5957.620383 0.224321 0.971377 0.078142 0.883578 -0.168910 -0.436760 0.411060 -0.167019 0.896178
-49.699572 -92.394071 -195.959476 10127.440777 -0.076028 0.966257 0.246103 0.933001 0.156009 -0.324299 0.351751 -0.204959 0.913380
-43.952398 -66.896494 -73.219558 6971.340226 0.512848 0.831569 -0.213260 0.695722 -0.548127 -0.464249 0.502949 -0.089720 0.859647
-35.528972 -95.344057 -3622.405428 17132.560402 -0.030595 0.937033 0.347898 0.872361 0.194933 -0.448317 0.487905 -0.289776 0.823395
-38.403144 -58.837057 -2307.328454 9654.210753 0.198881 0.959624 0.198915 0.786711 -0.035293 -0.616312 0.584408 -0.279062 0.761966
-37.656371 -52.153026 -47.187130 5169.168449 0.589230 0.769053 -0.247721 0.558707 -0.609308 -0.562663 0.583656 -0.193134 0.788698
88.011415 -81.868555 -29568.177671 -7810.999822 0.635455 0.759332 -0.140042 -0.518732 0.285483 -0.805864 0.571939 -0.584735 -0.575301
85.292054 -71.359670 -27135.953357 -3281.239258 0.664146 0.744128 -0.071993 -0.401843 0.274121 -0.873716 0.630422 -0.609206 -0.481079
112.422088 -83.072682 -20956.890269 -7733.699239 0.550109 0.835092 -0.001529 -0.458271 0.300350 -0.836527 0.698117 -0.460881 -0.547924
121.238976 -100.867327 -18013.600170 -8423.845466 0.467887 0.883692 0.013051 -0.619497 0.338464 -0.708283 0.630322 -0.323311 -0.705807
71.000070 -95.515393 -27047.404079 4010.440669 0.571081 0.792283 -0.214835 0.710949 -0.346521 0.611944 0.410388 -0.502206 -0.761164
29.869075 -47.338958 -10338.210399 -640.258425 0.564143 -0.772771 0.290804 0.825628 0.524118 -0.208898 0.009015 0.357945 0.933699
28.186029 -48.693836 -9510.702035 554.415693 0.580924 -0.762425 0.285018 0.804426 0.484339 -0.343969 0.124206 0.429096 0.894679
43.480709 -48.035005 -10804.695467 -113.884512 0.571227 -0.783097 0.245884 0.818161 0.519280 -0.246901 0.065665 0.342209 0.937327
40.848775 -47.863077 -3628.479041 920.293371 0.569771 -0.801920 0.179681 0.794328 0.481332 -0.370625 0.210725 0.353897 0.911236
-10.667012 -40.440963 965.391076 315.356275 0.671396 -0.554450 0.491744 -0.331479 0.368789 0.868398 0.662834 0.746042 -0.063815
-11.779699 -36.858916 -2422.240278 1217.701490 0.738803 -0.574907 0.351642 -0.263641 0.233642 0.935898 0.620212 0.784152 -0.021046
-9.441590 -42.512502 1858.615218 716.614609 0.700717 -0.608847 0.371890 -0.303241 0.217664 0.927721 0.645787 0.762842 0.032106
-6.598952 -32.994721 -2660.148798 2533.969871 0.659232 -0.474022 0.583709 -0.398162 0.438458 0.805743 0.637872 0.763582 -0.100308
-10.233513 -45.780911 2755.689115 -23.191692 0.646685 -0.593780 0.478773 -0.358865 0.317024 0.877902 0.673063 0.739541 0.008072
-10.604672 -44.020722 677.704846 454.549616 0.645483 -0.537295 0.542832 -0.343434 0.430641 0.834627 0.682206 0.725164 -0.093446
-6.525562 -39.016029 -2535.791435 218.054562 0.625912 -0.454906 0.633479 -0.382989 0.528288 0.757781 0.679378 0.716919 -0.156438
-15.074301 -34.302552 9901.411097 449.662125 -0.170548 0.962699 0.210056 0.597019 -0.068634 0.799286 -0.783889 -0.261724 0.563044
-12.054586 -31.251853 10444.389852 1581.756232 -0.257015 0.962977 0.081357 0.627490 0.102263 0.771880 -0.734982 -0.249436 0.630542
1.632463 -35.294269 6924.672300 970.006423 -0.255232 0.960752 0.108685 0.579675 0.062084 0.812479 -0.773843 -0.270373 0.572770
-27.559075 -31.337578 5650.547287 -2664.612164 0.160753 0.820273 0.548917 0.659942 -0.502876 0.558204 -0.733917 -0.272521 0.622172
0.252381 -35.639666 7375.302983 229.154923 -0.224598 0.961859 0.156150 0.528210 -0.014487 0.848990 -0.818871 -0.273162 0.504810
-15.619202 -35.460218 7878.670099 -73.166638 -0.127754 0.944241 0.303459 0.551367 -0.186714 0.813101 -0.824423 -0.271194 0.496770
-26.955259 -36.488915 2845.230181 -4574.111907 0.169013 0.754252 0.634459 0.602999 -0.588320 0.538769 -0.779633 -0.291519 0.554247
3.192330 -75.289563 1451.932265 6684.802181 0.310885 0.919962 -0.238791 -0.648396 0.388981 0.654428 -0.694934 0.048621 -0.717428
5.776633 -87.325196 846.992382 6997.295741 0.341478 0.899896 -0.271257 -0.744739 0.435124 0.505994 -0.573372 -0.029230 -0.818773
4.735405 -93.166791 1708.350362 6570.413114 0.331937 0.912845 -0.237763 -0.764414 0.407990 0.499214 -0.552710 -0.016042 -0.833219
-3.123881 -85.799747 -1108.112371 -1404.348727 0.220099 0.974160 0.050693 -0.951221 0.225852 -0.210167 0.216185 0.001963 -0.976350
0.273021 -93.695954 -776.054898 4155.049596 0.248486 0.966318 0.066963 -0.906669 0.256362 -0.335007 0.340890 -0.022531 -0.939833
0.408490 -92.093611 -750.860644 -1994.177847 0.213672 0.975356 0.055004 -0.953623 0.220468 -0.204932 0.212008 0.008665 -0.977229
-37.724679 -63.714896 3974.643741 794.851326 0.993495 0.097719 0.058475 0.113489 -0.807155 -0.579328 0.009413 -0.582196 0.812994
-37.985211 -64.960468 4360.869654 786.237128 0.999683 0.004224 0.024809 0.019230 -0.764126 -0.644780 -0.016234 -0.645053 0.763966
-30.318605 -58.316520 5720.842398 784.771474 0.988542 -0.065972 -0.135766 -0.138411 -0.755033 -0.640911 0.060225 -0.652359 0.755513
2.570486 -86.128895 585.029626 5256.221020 0.080929 0.941778 0.326349 0.120086 -0.334251 0.934802 -0.989459 0.036463 0.140145
0.839752 -93.003933 908.998711 4170.507168 0.097349 0.936390 0.337189 -0.075542 -0.330869 0.940648 -0.992379 0.117043 -0.038527
0.196037 -83.207369 413.595010 6308.044285 0.086597 0.943125 0.320960 0.161001 -0.331184 0.929729 -0.983148 0.028836 0.180524
-4.604737 -60.754380 235.232397 -1804.179515 0.612024 0.693368 -0.380351 -0.249551 -0.287051 -0.924838 0.750434 -0.660940 0.002652
-4.871442 -62.281623 275.365024 -531.511475 0.601814 0.688527 -0.404661 -0.408803 -0.169694 -0.896707 0.686076 -0.705078 -0.179347
-4.092707 -57.918084 233.920473 -1607.182524 0.602726 0.709508 -0.365128 -0.248801 -0.267670 -0.930833 0.758168 -0.651882 -0.015195
0.827624 -146.793349 -1581.876679 19888.014602 -0.562917 -0.092969 -0.821268 0.618213 0.612151 -0.493036 0.548577 -0.785257 -0.287115
1.724915 -191.487621 1695.112409 29486.774650 -0.579929 -0.065684 -0.812014 0.740754 0.372330 -0.559154 0.339065 -0.925773 -0.167269
-1.973056 -189.262860 -5641.636495 25557.635393 -0.564329 -0.154125 -0.811035 0.751838 0.309832 -0.582017 0.340988 -0.938216 -0.058970
-8.933075 -173.549523 -5254.120866 18351.924417 -0.573358 -0.120173 -0.810444 0.793042 0.167042 -0.585816 0.205777 -0.978599 -0.000473
-8.061662 -149.284027 -5412.245938 20069.445662 -0.560236 -0.116604 -0.820084 0.738204 0.378824 -0.558164 0.375752 -0.918094 -0.126153
-4.662445 -145.131262 -4986.657334 20233.643430 -0.553747 -0.125459 -0.823180 0.653281 0.547534 -0.522906 0.516322 -0.827325 -0.221235
31.907536 -96.118889 10247.928232 21996.417790 0.631262 -0.017674 0.775368 -0.550439 -0.714508 0.431851 -0.546375 0.699404 0.460770
29.970122 -68.439321 7429.158566 14323.338789 0.627850 0.020872 0.778055 -0.476256 -0.780356 0.405247 -0.615618 0.624987 0.480006
36.246081 -95.840056 6486.325002 24824.248110 0.615628 0.038567 0.787093 -0.527763 -0.721548 0.448147 -0.585208 0.691290 0.423851
14.227474 -690.362340 -6018.793078 273072.251977 0.377744 0.045984 0.924768 0.702948 -0.664301 -0.254104 0.602639 0.746050 -0.283260
4.907498 -297.126094 -296.352904 -6663.405471 -0.401565 -0.036352 -0.915109 -0.566649 0.794849 0.217081 0.719482 0.605718 -0.339782
1.586968 -389.180782 -2989.177839 -80547.165057 -0.414904 -0.016074 -0.909723 -0.406689 0.897682 0.169620 0.813916 0.440350 -0.378989
3.241846 -295.981635 780.525010 -40161.403405 -0.407802 -0.003178 -0.913065 -0.548005 0.800713 0.241968 0.730334 0.599040 -0.328274
-5.882711 -532.319516 2694.132127 151464.446006 0.453285 -0.036304 0.890626 0.755793 -0.514055 -0.405616 0.472556 0.856989 -0.205575
-10781.005636 -24365.669367 2475939.563295 -73721496.864719 -0.124764 -0.465554 0.876181 0.989442 -0.124022 0.074993 0.073752 0.876286 0.476112
-933.936493 -17237.769838 261056.226458 -6680571.788314 -0.219759 0.270205 -0.937388 -0.008453 0.960313 0.278795 0.975518 0.069192 -0.208753
-4.235332 -6302.122091 -2044.573634 7319447.532395 0.333693 -0.245641 0.910115 0.891508 0.396002 -0.219990 -0.306369 0.884784 0.351134
-1079.998049 -5275.459591 -354837.483566 -1821373.382802 0.500992 -0.109124 0.858545 -0.141550 0.968329 0.205678 -0.853798 -0.224570 0.469678
-6.346253 -26.173964 257.081447 3794.599532 -0.087238 0.748516 -0.657353 0.479002 0.610098 0.631139 -0.873468 0.259814 0.411765
-7.685662 -24.845745 -168.538517 1189.024591 0.082538 0.910349 -0.405528 0.524244 0.306405 0.794534 -0.847559 0.278175 0.451955
-5.458402 -17.910760 347.551526 857.146810 0.049773 0.874376 -0.482689 0.523442 0.388761 0.758204 -0.850606 0.290398 0.438336
-1.239829 -19.806949 -1385.035517 3593.342782 0.160227 -0.641907 0.749855 0.469039 0.717938 0.514362 -0.868522 0.269296 0.416112
-8.267288 -45.374601 -4955.346607 949.265639 0.576942 -0.762379 0.293114 0.596782 0.148447 -0.788552 0.557664 0.629874 0.540620
-10.840560 -46.580098 -5155.556790 253.477725 0.560480 -0.767209 0.311854 0.675564 0.205736 -0.708016 0.479037 0.607506 0.633609
-18.217264 -44.298977 -3584.214753 1008.018364 0.567926 -0.781885 0.257132 0.585971 0.164698 -0.793418 0.578012 0.601275 0.551698
-15.133175 -42.242161 3801.949836 1473.032691 -0.596579 0.770336 -0.225112 0.488716 0.126213 -0.863265 0.636593 0.625022 0.451772
-5.445884 -43.593333 -4532.808646 -1775.559032 0.596982 -0.756608 0.266752 -0.507297 -0.098429 0.856131 0.621500 0.646417 0.442586
-4.614339 -8.232399 255.096481 1722.270501 -0.101731 0.033128 -0.994260 -0.626634 0.774110 0.089909 0.772645 0.632184 -0.057992
-7.575283 -8.763153 466.806935 580.126683 -0.459889 0.513170 -0.724678 -0.431530 0.584093 0.687471 0.776069 0.628881 -0.047170
-4.121071 -11.780675 291.698469 944.856279 -0.158390 0.107489 -0.981508 -0.585233 0.790406 0.181002 0.795245 0.603080 -0.062286
-2.433602 -12.302834 141.298966 1355.785298 -0.064567 -0.033146 -0.997363 -0.610871 0.791620 0.013238 0.789093 0.610115 -0.071361
-3.191399 -8.373662 182.648646 1766.250956 0.063711 -0.184069 -0.980846 -0.640631 0.746060 -0.181620 0.765201 0.639932 -0.070388
0.967631 -143.341107 107.689774 2033.392347 0.253945 0.958590 0.128906 -0.921099 0.280342 -0.270156 0.295107 0.050131 -0.954148
0.089306 -174.720492 49.917034 1442.105136 0.243893 0.960143 0.136531 -0.935384 0.270067 -0.228299 0.256072 0.072028 -0.963970
1.266889 -148.388446 145.651162 -4409.361660 0.189206 0.975197 0.114858 -0.975462 0.200079 -0.091885 0.112586 0.094654 -0.989123
0.090421 -171.098642 -6.796400 5378.946968 0.302287 0.939370 0.161883 -0.839313 0.342804 -0.421947 0.451859 0.008322 -0.892051
0.515233 -146.071613 43.253184 6142.192409 0.305212 0.939699 0.154306 -0.828284 0.341916 -0.443891 0.469884 -0.007672 -0.882695
-164.817877 -1132.812674 61313.226996 -424152.019595 0.145415 0.012659 -0.989290 0.787271 0.604123 0.123451 0.599216 -0.796790 0.077883
-274.259992 -1617.355094 137625.607676 -991202.274149 0.235756 0.025782 -0.971470 0.826632 0.520294 0.214414 0.510979 -0.853598 0.101350
-195.285674 -1928.194510 -43032.083832 -801176.778963 0.535447 0.011469 -0.844491 0.837187 0.124709 0.532509 0.111423 -0.992127 0.057173
-84.784344 -1884.104879 -1507.393156 -633049.344570 0.307512 -0.023094 -0.951264 0.906836 0.309945 0.285625 0.288244 -0.950474 0.116254
-98.686058 -2555.461769 23798.426527 -1202527.648217 0.210309 0.093914 -0.973114 0.478169 0.858308 0.186175 0.852716 -0.504467 0.135603
6.506935 -426.546040 -3830.273470 144271.473236 0.069247 0.027621 -0.997217 -0.161011 0.986820 0.016153 0.984520 0.159445 0.072781
9.220091 -495.856995 -879.170650 143172.606274 0.017502 0.062627 -0.997884 -0.025678 0.997735 0.062167 0.999517 0.024536 0.019071
-3.238475 -231.556371 -6789.747712 77533.344487 0.097421 0.150823 -0.983749 -0.076588 0.986656 0.143684 0.992292 0.061345 0.107672
24.750254 -87.625918 1479.991905 5839.068085 0.031766 0.479974 -0.876707 -0.246071 0.853907 0.458576 0.968731 0.201165 0.145233
67.153735 -89.870515 6720.307633 7110.811941 0.053352 0.679911 -0.731351 0.534338 -0.638157 -0.554292 0.843586 0.361216 0.397349
96.585958 -254.342349 -489.429123 77409.991569 0.224614 0.742258 -0.631349 0.642905 -0.599764 -0.476399 0.732272 0.298892 0.611916
78.316935 -197.337718 10292.584657 -45014.721767 0.094717 0.561870 -0.821785 -0.662154 0.651968 0.369445 0.743358 0.509156 0.433796
-29.477195 -49.388506 -2074.476615 -3151.530965 0.347796 0.915221 -0.203491 0.249689 0.118787 0.961013 -0.903711 0.385045 0.187207
-27.694115 -51.928156 -1287.845005 -1716.209541 0.265260 0.785970 -0.558469 0.420584 0.426884 0.800549 -0.867609 0.447237 0.217331
-29.699364 -46.001896 -2087.264545 -2697.371435 0.282088 0.804628 -0.522494 0.319165 0.434886 0.842026 -0.904743 0.404288 0.134133
-23.224298 -83.641928 2481.117039 -63.273838 0.172065 0.984164 0.042592 0.234695 -0.082948 0.968524 -0.956719 0.156653 0.245251
-27.365039 -77.451187 -1273.805570 2552.669405 0.063313 0.997888 0.014530 0.300072 -0.032920 0.953348 -0.951813 0.055999 0.301522
-25.611231 -70.372809 4095.583548 12271.063017 0.163026 0.986575 -0.009580 0.475717 -0.070096 0.876801 -0.864358 0.147499 0.480758
-10.833350 -83.030098 7044.951169 6573.566815 0.301285 0.952040 0.053351 0.398530 -0.176554 0.900001 -0.866257 0.249895 0.432610
-2.217073 -58.784004 10694.305354 20068.941764 0.221815 0.968225 -0.115497 0.649018 -0.058201 0.758544 -0.727718 0.243216 0.641305
4.294696 -101.835881 2677.466648 -1096.376145 -0.130703 0.691193 0.710753 -0.470463 -0.674285 0.569214 -0.872686 0.259985 -0.413312
15.151862 -101.821068 2388.868777 -1832.879360 -0.153905 0.652202 0.742257 -0.613236 -0.652072 0.445806 -0.774761 0.386567 -0.500311
6.061791 -96.033343 -1562.180491 1742.309283 -0.202504 0.633187 0.747038 0.493370 0.724922 -0.480701 -0.845918 0.271223 -0.459195
5.752236 -90.948223 -2506.276441 1121.504588 -0.216121 0.548798 0.807535 0.479190 0.780238 -0.402001 -0.850687 0.300081 -0.431605
0.566201 -88.464670 -2825.295671 -3037.130671 -0.202408 0.622202 0.756238 0.357308 0.765908 -0.534524 -0.911791 0.162018 -0.377343
32.114669 -34.700197 -12013.327114 1285.471202 -0.661910 0.729898 -0.170657 -0.040051 0.192906 0.980399 -0.748513 -0.655771 0.098454
14.959495 -39.153097 -6758.197779 -1386.761963 -0.638015 0.633030 -0.438417 -0.130665 0.472095 0.871810 -0.758856 -0.613514 0.218489
1.274571 -47.696188 -12261.955201 -698.019572 -0.688078 0.622207 -0.373373 -0.155734 0.375930 0.913468 -0.708728 -0.686684 0.161771
36.453809 -23.938286 -6928.441721 1614.844301 -0.594986 0.788094 -0.157796 0.010160 0.203687 0.978983 -0.803672 -0.580879 0.129198
12.503400 -44.549314 15838.519036 238.618656 0.721820 -0.670077 0.173125 0.110189 -0.135691 -0.984605 -0.683253 -0.729784 0.024110
48.628992 -37.185483 -17138.804991 887.867579 -0.671756 0.739614 -0.041403 -0.044593 0.015415 0.998886 -0.739429 -0.672854 -0.022627
56.523149 -28.168285 -9606.207571 2164.065084 -0.566341 0.824109 -0.010102 0.025853 0.030015 0.999215 -0.823765 -0.565636 0.038305
-16.445088 -41.320487 107.632065 -46.755058 -0.204912 0.978776 -0.003046 -0.111857 -0.020326 0.993516 -0.972368 -0.203924 -0.113648
-15.746247 -38.874720 -494.069308 -2069.605538 -0.243928 0.969791 -0.001965 -0.243624 -0.059317 0.968054 -0.938694 -0.236615 -0.250733
-16.226945 -41.854689 -746.685725 -543.801656 -0.264064 0.964249 0.022216 -0.131056 -0.058692 0.989636 -0.955560 -0.258415 -0.141869
6.684119 -74.353624 -1347.469985 -3198.129690 -0.407935 0.899575 -0.156056 -0.682947 -0.414090 -0.601757 0.605947 0.138900 -0.783285
2.724686 -74.998000 -1313.844200 -2071.609258 -0.400396 0.900385 -0.170267 -0.682306 -0.416974 -0.600493 0.611671 0.124260 -0.781292
5.681699 -78.886311 -1352.619371 752.279209 -0.402332 0.902565 -0.153312 -0.593445 -0.384634 -0.707022 0.697103 0.193475 -0.690373
10.634705 -78.596791 -1722.082792 1772.317484 -0.417744 0.898131 -0.137295 -0.610664 -0.389440 -0.689512 0.672740 0.204199 -0.711143
4.967615 -82.083848 -1075.799995 3585.917282 -0.401544 0.905776 -0.135398 -0.487026 -0.336390 -0.806007 0.775608 0.257705 -0.576212
9.686546 -84.919969 -1234.523473 6206.255020 -0.422944 0.898368 -0.118546 -0.518051 -0.347055 -0.781778 0.743466 0.269235 -0.612185
-0.994708 -167.365871 47.363160 1810.546132 -0.499017 0.856206 -0.133767 -0.627833 -0.250799 0.736835 -0.597334 -0.451677 -0.662707
-1.604020 -173.560724 9.805841 -10166.095174 -0.466765 0.870605 -0.155490 -0.808995 -0.349295 0.472780 -0.357292 -0.346468 -0.867354
-0.866637 -185.974283 58.311824 5709.029569 -0.489833 0.860022 -0.142917 -0.626306 -0.233096 0.743914 -0.606469 -0.453903 -0.652815
15.859273 -36.345834 10423.842392 1946.372645 -0.084171 0.989206 0.119943 0.055409 -0.115538 0.991756 -0.994910 -0.090123 0.045087
48.659278 -34.963154 16298.156556 3010.166430 -0.098762 0.989616 0.104435 0.074674 -0.097282 0.992452 -0.992305 -0.105816 0.064290
53.966271 -38.165484 19026.379822 2818.967027 -0.077264 0.989611 0.121244 -0.000074 -0.121614 0.992578 -0.997011 -0.076681 -0.009469
-6.527515 -39.543568 3443.703104 645.276788 -0.152947 0.987324 0.042416 -0.072910 -0.054078 0.995871 -0.985541 -0.149223 -0.080257
-8.203364 -38.176180 3252.824161 1611.211172 -0.160755 0.984590 0.068855 0.029084 -0.065007 0.997461 -0.986566 -0.162349 0.018186
16.405986 -38.975062 10606.986489 1378.121422 -0.092354 0.991592 0.090643 -0.051716 -0.095686 0.994067 -0.994382 -0.087118 -0.060118
7.747955 -36.692146 -3169.315943 5480.191101 0.015894 0.914938 -0.403282 0.482026 0.346358 0.804790 -0.876013 0.207184 0.435519
9.175107 -38.772092 -665.547958 5626.865763 0.081466 0.939196 -0.333578 0.413416 0.272697 0.868748 -0.906890 0.208680 0.366063
10.328479 -29.063837 2310.216546 3985.539879 0.003774 0.880867 -0.473348 0.492231 0.410399 0.767646 -0.870456 0.235894 0.432042
11.959244 -27.829109 -252.050986 2597.227891 -0.122406 0.793239 -0.596480 0.536363 0.558547 0.632724 -0.835064 0.242480 0.493833
-7.653899 -108.623421 1631.899943 14756.321920 -0.606353 0.794914 0.021188 0.087141 0.039938 0.995395 -0.790407 -0.605407 0.093486
-9.367447 -106.167324 776.130139 18800.407699 -0.633511 0.773196 0.028835 0.117025 0.058911 0.991380 -0.764832 -0.631425 0.127804
-7.413459 -86.973963 1491.248884 12301.961119 -0.612344 0.790438 0.015588 0.198640 0.134740 0.970766 -0.765230 -0.597540 0.239519
-4.642829 -91.859240 1451.200901 9381.584766 -0.596172 0.802531 0.022875 0.184271 0.109046 0.976808 -0.781424 -0.586561 0.212893
18.568204 -115.582622 -512.403473 11572.038467 -0.626623 0.763480 0.156338 0.626004 0.612599 -0.482536 0.464179 0.204500 0.861811
20.998726 -104.165473 -746.814636 7064.083239 -0.617162 0.768596 0.168436 0.533550 0.566127 -0.628351 0.578304 0.297925 0.759477
11.629296 -116.127433 -2197.414169 10792.292335 -0.569898 0.796698 0.201219 0.641666 0.584444 -0.496679 0.513304 0.153941 0.844288
17.553361 -156.748334 -10149.862384 51178.547156 -0.412688 0.899188 -0.145427 -0.650234 -0.402628 -0.644272 0.637875 0.171322 -0.750843
27.977373 -89.155878 1830.227773 45611.966679 -0.437157 0.895930 -0.078764 -0.772321 -0.418831 -0.477599 0.460884 0.147954 -0.875040
16.775200 -157.694401 2096.530187 71494.406761 -0.448164 0.886157 -0.117791 -0.711728 -0.433428 -0.552796 0.540918 0.163908 -0.824950
9.313845 -200.276629 -1779.920669 42384.562268 -0.423504 0.896931 -0.127115 -0.545179 -0.364413 -0.754972 0.723481 0.250434 -0.643318
8.724661 -202.116844 699.137613 52886.118342 -0.457641 0.878470 -0.137316 -0.520919 -0.390058 -0.759275 0.720561 0.275945 -0.636118
10.749853 -162.507366 3832.763310 76996.267032 -0.468414 0.874922 -0.122880 -0.712812 -0.456415 -0.532527 0.522004 0.161853 -0.837446
3.933440 -85.743964 1152.932350 -3078.399747 -0.590015 0.807131 0.020537 -0.675092 -0.479222 -0.560890 0.442870 0.344798 -0.827635
1.327190 -85.669421 197.583922 -2368.745066 -0.593660 0.804660 0.009466 -0.653725 -0.475377 -0.588779 0.469267 0.355723 -0.808239
1.086938 -91.618299 232.831955 -5888.802877 -0.592018 0.805852 0.010840 -0.709925 -0.515084 -0.480307 0.381473 0.292046 -0.877034
15.256014 -114.619874 748.600296 -51528.244006 -0.512658 0.857826 0.036290 -0.857879 -0.513497 0.019091 -0.035012 0.021345 -0.999159
12.036023 -97.207588 1201.991378 32021.752932 -0.471988 0.878219 0.077199 0.880317 0.474220 -0.012566 -0.047645 0.062028 -0.996937
14.356345 -176.609736 785.454517 -88959.441185 -0.516904 0.854854 0.045112 -0.852692 -0.518824 0.061149 -0.075678 0.006859 -0.997109
21.051754 -37.829165 4648.715518 -10118.240947 -0.637975 0.726461 0.255424 -0.322098 0.049542 -0.945409 0.699457 0.685419 -0.202385
-17.936080 -57.758278 1854.855204 7724.056928 -0.572386 0.797941 0.188853 -0.460990 -0.122671 -0.878886 0.678132 0.590121 -0.438058
159.492793 -66.518306 -105869.119257 -10635.283154 0.287530 0.900068 0.327421 -0.757024 0.422990 -0.497991 0.586721 0.104678 -0.802995
-59.629518 -2154.713872 -12209.837072 667301.621683 -0.625994 0.684197 -0.374174 0.445391 0.707544 0.548643 0.640124 0.176793 -0.747653
68.423024 -2614.001000 -4844.225503 -1456741.489954 -0.523148 0.794783 -0.307628 0.782727 0.305294 -0.542341 -0.337126 -0.524514 -0.781813
4.246825 -40.027426 -2852.313942 -1418.753269 -0.422526 0.875642 0.233929 -0.083923 -0.294789 0.951870 -0.902457 -0.382558 -0.198042
-1.614716 -40.043696 -2003.734563 -1446.905099 -0.414006 0.889697 0.192453 -0.115261 -0.260959 0.958444 -0.902948 -0.374619 -0.210586
5.555615 -35.092041 -2535.945128 -2818.178315 -0.422007 0.873713 0.241940 -0.183077 -0.343499 0.921136 -0.887915 -0.344432 -0.304916
9.838067 -39.153536 -2622.939978 -2088.231396 -0.413469 0.873674 0.256393 -0.102204 -0.324344 0.940402 -0.904764 -0.362622 -0.223399
10.562981 -33.566850 -2117.386124 -2458.823637 -0.406952 0.869603 0.279609 -0.174646 -0.374527 0.910620 -0.896599 -0.321746 -0.304287
10.581572 -27.233399 -2062.066629 -3218.074584 -0.408732 0.867991 0.282011 -0.247881 -0.402966 0.881007 -0.878347 -0.290191 -0.379864
6.132292 -27.212552 -2186.716151 -3760.158834 -0.418677 0.875093 0.242738 -0.269103 -0.374838 0.887176 -0.867348 -0.306119 -0.392426
13.155790 -44.781837 1175.693363 3045.968395 -0.013523 0.991016 0.133061 -0.895119 -0.071304 0.440088 -0.445622 0.113154 -0.888041
17.463361 -47.593588 348.274153 2784.635303 -0.065540 0.989959 0.125243 -0.882019 -0.116169 0.456669 -0.466633 0.080537 -0.880777
11.478600 -48.146381 -1107.573304 1292.887736 -0.067801 0.987647 0.141271 -0.931380 -0.113419 0.345930 -0.357680 0.108122 -0.927564
7.453809 -46.152415 2431.143254 761.856631 -0.024381 0.985183 0.169765 -0.944718 -0.078247 0.318409 -0.326975 0.152617 -0.932628
8.005309 -41.808390 5242.198079 2303.829261 0.050172 0.985113 0.164426 -0.909247 -0.023063 0.415618 -0.413223 0.170356 -0.894553
17.467907 -25.251452 660.704354 -12936.691987 -0.363326 0.919930 0.147386 -0.015302 0.152283 -0.988218 0.931536 0.361301 0.041251
22.364369 10.019585 -2752.538273 -17725.427481 -0.359178 0.904941 -0.228195 0.183003 -0.171472 -0.968043 0.915151 0.389460 0.104018
17.183126 -25.109693 -1715.558600 -11187.220570 -0.387747 0.918433 0.078320 -0.007670 0.081750 -0.996623 0.921734 0.387038 0.024654
-3.674085 -71.425361 -281.962522 1294.685350 -0.663133 0.748407 -0.011934 0.212394 0.203434 0.955774 -0.717735 -0.631270 0.293861
-4.669914 -71.725350 309.169952 1057.050968 -0.637120 0.770653 -0.013105 0.161428 0.150044 0.975412 -0.753670 -0.619339 0.220001
-4.225729 -76.672064 -488.722061 822.261070 -0.673905 0.737945 -0.035908 0.024580 0.070969 0.997176 -0.738409 -0.671119 0.065965
-4.623150 -79.775401 -524.648858 1481.729862 -0.672446 0.737488 -0.062673 -0.162764 -0.064741 0.984539 -0.722028 -0.672250 -0.163572
-2.929348 -80.509844 -785.401189 1187.833598 -0.681467 0.729112 -0.063233 -0.142342 -0.047296 0.988687 -0.717873 -0.682759 -0.136014
-9.022678 -23.580433 -486.115314 2092.470545 -0.456201 0.167138 0.874040 -0.093000 0.967870 -0.233622 -0.885004 -0.187864 -0.425999
-7.225381 -24.710347 -1098.198390 -693.301815 -0.479308 0.186800 0.857537 -0.141962 0.947718 -0.285792 -0.866089 -0.258720 -0.427730
-10.433189 -25.325097 -1068.737588 1514.175815 -0.433949 0.090584 0.896372 -0.171091 0.968542 -0.180705 -0.884543 -0.231778 -0.404800
-216.402571 -841.929404 104234.134871 149307.247911 0.803811 0.234698 0.546630 0.586305 -0.157058 -0.794719 0.100666 -0.959296 0.263850
-458.513156 -3089.619975 124138.290272 1022494.969577 0.705286 0.354942 0.613668 0.677042 -0.593913 -0.434605 -0.210205 -0.721999 0.659189
-1152.162605 -2693.183800 -479316.628082 1606864.123096 -0.677300 -0.230972 -0.698510 0.731036 -0.318098 -0.603656 -0.082767 -0.919492 0.384297
-223.788515 -2870.484122 109163.063059 1174544.665658 0.924450 0.233270 0.301624 0.266500 0.170473 -0.948639 0.272708 -0.957353 -0.095427
-133.799524 -1843.616807 -3916.339693 492549.495941 0.934068 0.185906 0.304886 0.279064 0.152683 -0.948057 0.222801 -0.970632 -0.090737
-1021.482250 -1545.819302 476582.194406 -2967227.839765 0.848134 0.188940 0.494945 0.497479 0.037205 -0.866678 0.182164 -0.981284 0.062439
131.149637 -340.920980 -13065.166109 -75768.395926 0.062600 0.964734 0.255676 -0.746870 -0.124645 0.653184 -0.662017 0.231846 -0.712728
113.001251 -362.466573 -14134.629453 -42367.014008 0.021743 0.967723 0.251078 -0.395647 -0.222306 0.891091 -0.918145 0.118713 -0.378043
115.250391 -272.381311 -15866.913488 -39121.707428 -0.115375 0.987734 0.105212 -0.606029 -0.153917 0.780409 -0.787031 -0.026278 -0.616354
98.927125 -240.389257 -19290.680979 -22139.729643 -0.155903 0.987768 0.002863 -0.765413 -0.122639 0.631746 -0.624369 -0.096299 -0.775170
2.821411 -893.928982 -2649.288121 -315065.331728 -0.742229 -0.070574 -0.666420 0.299497 0.854670 -0.424076 0.599498 -0.514352 -0.613224
7.395060 -508.625252 -853.239670 55222.839021 -0.717427 -0.052611 -0.694644 0.129658 0.969636 -0.207350 0.684461 -0.238825 -0.688822
9.163907 -1105.226493 246.537077 -346722.862357 0.714911 0.057081 0.696882 0.541698 0.584977 -0.603627 0.442115 -0.809038 -0.387286
60.104797 -2114.585963 -53785.356717 -614102.775688 0.869788 0.157634 0.467569 0.365007 0.432080 -0.824668 0.332023 -0.887952 -0.318280
-50.933164 -75.531082 -417.092046 5550.673345 0.275202 0.961318 -0.011460 0.887409 -0.258593 -0.381621 0.369823 -0.094853 0.924248
-55.926058 -86.930517 -236.078195 1326.392099 0.049946 0.990756 0.126126 0.972868 -0.019698 -0.230522 0.225907 -0.134218 0.964858
111.202195 -75.166120 -17393.470336 -3643.385997 0.532497 0.844019 0.063865 -0.350487 0.288545 -0.891011 0.770458 -0.452077 -0.449467
-12.703773 -77.230892 -16515.894615 125.560792 0.639559 0.720891 -0.266983 0.711217 -0.423051 0.561425 0.291779 -0.548948 -0.783276
-6.280177 -75.611982 -15127.593906 -437.523215 0.686502 0.686327 -0.240146 -0.603656 0.353834 -0.714423 0.405356 -0.635419 -0.657213
24.435756 -81.502975 -25613.202105 2062.871177 0.640912 0.713487 -0.283140 0.682503 -0.360851 0.635591 0.351314 -0.600602 -0.718231
26.629677 -86.428458 -25219.136486 1813.357989 0.574060 0.759214 -0.306675 0.784152 -0.401927 0.472822 0.235712 -0.511908 -0.826069
-34.050958 -72.448842 -9617.878711 123.298164 0.630464 0.749502 -0.201895 0.744160 -0.509643 0.431845 0.220774 -0.422504 -0.879061
-35.795311 -70.413845 -5472.892094 1887.388188 0.696221 0.711635 -0.094081 -0.648082 0.566798 -0.508655 0.308652 -0.415109 -0.855815
-15.099738 -79.325280 -20356.893205 1705.605369 0.520825 0.780447 -0.345897 0.842334 -0.404039 0.356688 0.138620 -0.477133 -0.867830
36.749918 -41.741656 6615.172377 -1935.014738 -0.530448 0.810072 -0.249817 0.827780 0.558508 0.053388 -0.182773 0.178474 0.966820
40.143790 -39.233814 4517.445631 -639.607432 -0.519841 0.831215 -0.197097 0.821985 0.549527 0.149535 -0.232606 0.084276 0.968913
30.571302 -38.737147 7918.829075 -1010.017855 -0.517638 0.809202 -0.277926 0.812506 0.566700 0.136694 -0.268114 0.155058 0.950827
45.941014 -40.788537 4662.882183 -965.272929 -0.524965 0.838044 -0.148644 0.831601 0.542232 0.120105 -0.181253 0.060562 0.981570
18.529427 -42.753582 -7616.152572 -1857.114322 0.524259 -0.791043 0.315283 0.841280 0.538478 -0.047858 -0.131915 0.290332 0.947790
30.537738 -44.330129 -9053.073068 -2008.757858 0.545044 -0.786696 0.289893 0.832961 0.547451 -0.080455 -0.095408 0.285321 0.953671
19.020095 -40.525035 -9170.579319 -1478.639470 0.517091 -0.790631 0.327901 0.823052 0.564453 0.063074 -0.234953 0.237265 0.942604
-7.271762 -43.145664 -4003.777320 -1685.573284 0.763540 -0.596752 0.246765 -0.229857 0.105948 0.967440 0.603467 0.795400 0.056272
-2.297621 -32.857692 -8833.316907 -3771.045538 0.806388 -0.591374 0.003940 0.001404 0.008576 0.999962 0.591385 0.806352 -0.007746
2.892140 -32.918030 6670.530997 1699.794796 -0.293563 0.954355 0.055018 0.623677 0.147592 0.767622 -0.724464 -0.259659 0.638537
-28.269316 -116.167929 2202.192729 -15728.712800 0.188725 0.964084 -0.186880 0.141376 0.161645 0.976670 -0.971800 0.210742 0.105792
-23.703970 -90.595346 1900.008514 -15926.223979 0.173010 0.967104 -0.186485 -0.101618 0.205857 0.973292 -0.979664 0.149439 -0.133890
-32.618274 -118.104559 537.847128 -19480.076280 0.089930 0.992157 -0.086813 0.065269 0.081108 0.994566 -0.993807 0.095107 0.057463
-22.560407 -111.472101 2665.403653 -13716.008506 0.261040 0.934510 -0.241969 0.143147 0.210416 0.967075 -0.954655 0.287083 0.078846
-33.386226 -134.432162 2424.636529 -12154.798062 0.199937 0.972600 -0.118636 0.358122 0.040164 0.932811 -0.912016 0.228989 0.340279
-27.226790 -126.068084 3225.900909 -8343.156413 0.279372 0.937863 -0.205826 0.401959 0.080440 0.912117 -0.871998 0.337554 0.354510
-4.659013 -99.326713 -347.802881 -2096.952955 0.299650 0.917453 0.261704 0.461406 0.100735 -0.881452 0.835054 -0.384879 0.393133
-4.262520 -98.679184 -457.663108 -2090.939596 0.295185 0.914676 0.276103 0.615610 0.038920 -0.787090 0.730678 -0.402309 0.551595
-4.045878 -102.151960 -155.627729 -1660.252672 0.320269 0.913619 0.250457 0.420173 0.099959 -0.901922 0.849048 -0.394093 0.351865
-5.311062 -96.118023 -432.839459 -1915.376168 0.265119 0.924734 0.273090 0.622621 0.052077 -0.780788 0.736244 -0.377034 0.561953
-4.675772 -102.563185 -193.527359 730.110081 0.303254 0.922026 0.240635 0.259400 0.163115 -0.951896 0.916924 -0.351087 0.189708
-5.875918 -98.088836 -325.829327 -701.663398 0.271590 0.926788 0.259427 0.436132 0.121772 -0.891605 0.857920 -0.355296 0.371130
-28.975359 -50.732836 3456.366805 -1097.278679 0.992473 0.101070 -0.069156 0.049542 -0.847781 -0.528027 0.111997 -0.520626 0.846407
-21.448455 -44.858336 2277.169324 -2268.119608 0.974271 -0.066225 -0.215428 -0.170325 -0.842322 -0.511354 0.147596 -0.534890 0.831930
-28.116223 -44.986336 3058.222236 -953.295913 0.966183 0.256909 -0.022090 0.216439 -0.854572 -0.472082 0.140160 -0.451336 0.881278
-33.294718 -53.992525 2512.445839 1777.912526 0.922552 0.365980 0.122297 0.380767 -0.812025 -0.442304 0.062566 -0.454615 0.888488
-36.141522 -60.231818 3500.989226 1413.581214 0.975279 0.206495 0.078687 0.217133 -0.829342 -0.514825 0.041050 -0.519183 0.853676
16.660526 -46.049652 1645.107903 550.942455 0.619107 0.413588 0.667571 -0.180685 0.902291 -0.391438 -0.764238 0.121722 0.633344
9.196795 -41.667617 7046.508858 587.793434 0.655060 0.427260 0.623174 -0.173199 0.887715 -0.426573 -0.735458 0.171498 0.655507
14.147773 -49.712203 4297.744363 2927.754021 0.634944 0.478086 0.606860 -0.283722 0.874932 -0.392423 -0.718573 0.076987 0.691177
16.637420 -41.348162 4473.522163 -953.054495 0.631847 0.350358 0.691389 -0.070619 0.914319 -0.398789 -0.771869 0.203149 0.602452
16.786342 -48.795167 -5062.212534 609.601969 0.552784 0.396897 0.732736 -0.140425 0.911085 -0.387563 -0.821408 0.111344 0.559368
17.010829 -43.323971 -2033.793611 -866.188345 0.597916 0.349585 0.721309 -0.066228 0.918352 -0.390184 -0.798818 0.185527 0.572250
-2.252610 -53.124045 225.639177 -674.319831 0.612447 0.734182 -0.293062 -0.091166 -0.302653 -0.948731 0.785237 -0.607764 0.118426
-0.016046 -50.464926 29.265796 540.231089 0.622653 0.751510 -0.218029 0.055682 -0.320478 -0.945618 0.780515 -0.576651 0.241392
-0.773009 -52.785163 319.843788 379.196999 0.614757 0.749669 -0.245092 0.059342 -0.353831 -0.933425 0.786481 -0.559285 0.262007
5.233609 -75.907320 -580.352118 2814.717702 0.477017 0.781013 -0.403081 -0.820392 0.560203 0.114580 -0.315296 -0.276028 -0.907963
4.368316 -69.360591 26.504782 2568.154550 0.489391 0.768260 -0.412641 -0.803735 0.580964 0.128419 -0.338388 -0.268807 -0.901796
6.240737 -82.223758 -599.202081 -3657.289819 0.530821 0.744338 -0.405204 0.828791 -0.555800 0.064749 -0.177017 -0.370199 -0.911930
8.617758 -90.751045 -1546.248457 -4400.054389 0.520664 0.756136 -0.396443 0.840100 -0.536484 0.080102 -0.152117 -0.374759 -0.914558
9.446852 -93.577413 -1486.400802 -4130.612903 0.572161 0.724979 -0.383454 0.820140 -0.504926 0.269110 0.001483 -0.468460 -0.883483
6.657850 -85.610822 -106.532146 -2822.648388 0.579905 0.716016 -0.388627 0.814293 -0.524200 0.249282 -0.025229 -0.461017 -0.887033
1.170003 -201.852952 2770.993519 -1275.460962 -0.584883 -0.058215 -0.809026 0.803742 -0.175804 -0.568412 -0.109140 -0.982702 0.149614
0.410363 -196.554023 2977.006168 19076.704215 -0.582879 -0.056854 -0.810567 0.794383 0.169940 -0.583161 0.170903 -0.983813 -0.053890
-0.448272 -198.345121 2246.168914 1434.677346 -0.585019 -0.081411 -0.806923 0.810283 -0.101053 -0.577260 -0.034546 -0.991545 0.125084
1.052707 -201.987800 1414.614746 -15035.646278 -0.585464 -0.090273 -0.805657 0.765056 -0.390270 -0.512230 -0.268183 -0.916264 0.297552
2.948365 -211.648031 1512.265299 -18991.974107 -0.581905 -0.075832 -0.809713 0.755745 -0.418184 -0.503956 -0.300393 -0.905192 0.300653
42.847037 -149.947009 -16362.231812 36050.176231 -0.149165 -0.496410 -0.855177 0.575846 0.659455 -0.483240 0.803835 -0.564533 0.187488
35.387787 -157.649982 16539.269679 25777.196170 0.170264 0.528096 0.831940 0.702261 0.527226 -0.478395 0.691259 -0.665693 0.281094
21.662479 -124.767838 -6789.489231 23562.623738 -0.103772 -0.507405 -0.855436 0.586571 0.663363 -0.464633 0.803222 -0.549990 0.228790
33.908700 -91.222234 -9264.481734 19470.548932 -0.073087 -0.459803 -0.885008 0.464721 0.769456 -0.438147 0.882436 -0.443304 0.157443
52.938073 -119.290175 -14117.225230 38396.317135 -0.151143 -0.438477 -0.885942 0.474315 0.754157 -0.454172 0.867284 -0.488860 0.093991
65.912175 -169.692637 -15340.385722 48589.529554 -0.214593 -0.430388 -0.876765 0.599564 0.650588 -0.466109 0.771020 -0.625701 0.118433
3.899489 -303.770811 -2910.604437 35764.744292 -0.392736 -0.089519 -0.915284 -0.274221 0.961376 0.023637 0.877816 0.260273 -0.402115
-10.762829 -32.675636 1990.441547 2619.117658 0.015869 0.864931 -0.501639 0.517392 0.422208 0.744342 -0.855601 0.271356 0.440809
-7.193412 -28.068966 1162.890969 -746.916001 0.228504 0.959311 -0.165857 0.531293 0.019880 0.846955 -0.815790 0.281651 0.505133
0.183374 -47.601263 -7742.014249 -20.978279 0.574829 -0.750521 0.326020 0.724121 0.281021 -0.629822 0.381076 0.598118 0.705008
-12.640188 -47.534333 -4842.686926 89.414450 0.550709 -0.771474 0.318666 0.737142 0.270401 -0.619278 0.391589 0.575944 0.717598
-20.361306 -45.996182 -3374.343345 586.912718 0.539246 -0.792870 0.283852 0.675493 0.205939 -0.708024 0.502915 0.573539 0.646630
-8.919258 -13.703302 1323.029387 2027.290485 -0.625368 0.773238 0.104971 -0.084806 0.066378 -0.994184 0.775708 0.630633 -0.024065
-5.675237 -12.600507 1434.228677 1716.940716 -0.644201 0.764529 -0.022387 -0.004804 -0.033314 -0.999433 0.764841 0.643728 -0.025134
-8.720359 -11.615640 1433.182161 1047.854769 -0.230548 0.210663 -0.949984 -0.566963 0.764360 0.307094 0.790823 0.609406 -0.056784
-7.052271 -18.659758 1355.278544 2405.050333 -0.639419 0.767507 0.045575 -0.021241 0.041620 -0.998908 0.768565 0.639689 0.010310
-10.053256 -20.425671 938.721651 2760.079043 -0.612262 0.759407 0.220085 -0.122740 0.183694 -0.975290 0.781070 0.624146 0.019259
-11.573757 -15.650202 1079.674251 2780.183365 -0.574883 0.755101 0.315170 -0.212801 0.233952 -0.948674 0.790080 0.612445 -0.026192
366.012181 -36.918791 179509.212809 -741.784774 0.733749 0.444029 -0.514247 0.212879 0.568528 0.794644 -0.645209 0.692541 -0.322633
45.712440 -37.760492 45919.984130 -192.538860 0.786907 0.457763 -0.413800 0.079772 0.589496 0.803823 -0.611894 0.665543 -0.427362
59.129437 -35.617804 40355.743573 -252.664148 0.762093 0.464382 -0.451181 0.174201 0.524084 0.833661 -0.623594 0.713923 -0.318505
0.578677 -178.278604 60.242510 4903.307738 0.171183 0.977483 0.123381 0.983954 -0.176008 0.029242 0.050300 0.116396 -0.991928
-0.211317 -220.024897 13.972648 2711.132175 0.229237 0.962858 0.142670 -0.953212 0.251740 -0.167374 0.197073 0.097626 -0.975516
0.215358 -208.877782 -93.389428 1441.332708 0.287236 0.943673 0.164246 -0.858452 0.329681 -0.392901 0.424919 0.028142 -0.904794
-629.513792 -2211.905144 237031.739445 -122430.414729 -0.134094 -0.145762 -0.980190 0.990968 -0.018943 -0.132751 0.000783 -0.989138 0.146986
-666.051254 -11181.092855 382846.485730 10771665.410688 0.642328 0.071891 -0.763050 -0.579507 -0.606000 -0.544918 0.501583 -0.792209 0.347590
-1.747530 -1587.725151 -4333.918901 454470.505285 0.034611 -0.085379 -0.995747 0.171460 0.982079 -0.078248 0.984583 -0.168023 0.048630
10.888615 -934.122580 174.212055 285314.028369 -0.061883 -0.044125 -0.997108 0.329518 0.942102 -0.062142 0.942119 -0.332410 -0.043760
80.783421 -138.068882 -7138.577926 29779.385021 0.320448 0.864323 -0.387633 0.642523 -0.499012 -0.581508 0.696044 0.062719 0.715254
112.400253 -240.793240 -7062.564504 71233.593286 0.285321 0.822997 -0.491191 0.748128 -0.511583 -0.422595 0.599080 0.246899 0.761672
-13.317375 -59.011888 2826.846142 -8210.634833 0.336136 0.941443 -0.026425 -0.054750 0.047543 0.997368 -0.940221 0.333804 -0.067525
-9.350669 -70.711870 5275.716962 -7163.121885 0.387580 0.910506 0.144082 0.054575 -0.178689 0.982391 -0.920219 0.372892 0.118947
-5.237197 -53.453007 4590.782918 -5603.546933 0.383316 0.917386 0.107103 -0.018516 -0.108305 0.993945 -0.923432 0.382978 0.024528
-11.118835 -78.827755 4809.343054 -7046.911422 0.347239 0.932237 0.101780 0.086960 -0.140075 0.986315 -0.933736 0.333636 0.129707
-5.480611 -41.228122 4081.678912 -5255.617888 0.372442 0.919877 -0.122932 -0.058333 0.155404 0.986127 -0.926220 0.360104 -0.111538
-9.513015 -39.322088 1508.145263 -6462.702643 0.329905 0.873882 -0.357061 -0.076321 0.401690 0.912590 -0.940924 0.273817 -0.199215
-18.000829 -50.880135 810.708190 -7407.488393 0.294631 0.926355 -0.234647 -0.138227 0.284277 0.948725 -0.945561 0.247089 -0.211804
-20.414403 -75.698002 1277.024085 -10873.360396 0.282155 0.958508 -0.040634 -0.039599 0.053954 0.997758 -0.958551 0.279914 -0.053179
-8.479699 -55.529276 9998.762916 -3058.554549 0.631045 -0.487644 0.603312 -0.223635 0.630343 0.743408 -0.742812 -0.604045 0.288721
8.068278 -49.648836 5554.074804 -3515.963082 0.588193 -0.458797 0.665984 -0.180589 0.728195 0.661150 -0.788300 -0.509153 0.345465
20.096037 -28.636897 -1199.773232 -2344.970650 -0.573162 0.660120 -0.485517 -0.121757 0.517315 0.847089 -0.810346 -0.544634 0.216131
202.347919 -69.202012 -124106.497184 -5157.090066 -0.119067 0.405267 0.906411 0.697656 0.683710 -0.214050 -0.706470 0.606877 -0.364144
205.507691 -53.202899 -76558.530767 -4057.661480 -0.149936 0.430665 0.889970 0.591971 0.760071 -0.268074 -0.791890 0.486642 -0.368903
73.624271 -71.276369 -33029.919187 -5292.635938 -0.206791 0.380638 0.901306 0.685435 0.713722 -0.144155 -0.698152 0.587977 -0.408493
-15.482330 -39.377819 313.880617 -1339.431964 -0.183458 0.982366 -0.036056 -0.221575 -0.005589 0.975127 -0.957731 -0.186884 -0.218693
-14.849667 -33.929924 -290.531376 -3096.081577 -0.224915 0.974115 -0.022636 -0.340384 -0.056782 0.938570 -0.912990 -0.218804 -0.344345
-6.071821 -39.875156 3390.101599 -681.015437 -0.139061 0.990182 -0.014172 -0.183194 -0.011658 0.983008 -0.973192 -0.139294 -0.183017
-14.420871 -36.162970 460.437931 -2691.435146 -0.153570 0.984427 -0.085557 -0.322428 0.031923 0.946056 -0.934054 -0.172871 -0.312504
3.634537 -72.078185 -1123.292886 -366.609742 -0.413052 0.896173 -0.162057 -0.790514 -0.441171 -0.424801 0.452190 0.047357 -0.890663
