15799
31585
-67.097679 -101.474445 2868.825666 -24545.619888 0.784470 0.151271 -0.601435 0.435425 0.556213 0.707836 -0.441601 0.817156 -0.370465
-84.938796 -132.195411 -3209.290813 -21075.065565 -0.629240 -0.032629 0.776526 0.680669 0.459142 0.570857 -0.375162 0.887763 -0.266701
-61.463183 -128.041485 -11142.339101 -42471.157661 -0.578860 0.092297 0.810187 0.710926 0.543757 0.445996 -0.399380 0.834152 -0.380375
-71.881027 -104.310590 586.399884 -19702.730636 0.828134 0.323423 -0.457811 0.282001 0.465463 0.838940 -0.484427 0.823858 -0.294260
-54.397677 -93.953497 15990.647031 -30219.311548 0.669017 -0.072332 -0.739719 0.599800 0.640290 0.479862 -0.438925 0.764720 -0.471750
-61.948146 -84.644276 -1771.973522 -14846.859547 0.866035 0.396151 -0.305037 0.072422 0.504267 0.860505 -0.494710 0.767319 -0.408023
-2.877221 -41.356080 12773.950458 7523.922037 -0.655180 0.732400 0.185280 -0.689900 -0.679981 0.248324 -0.307859 -0.034872 -0.950793
36.228787 -22.232137 4827.646443 -15059.677934 -0.848509 0.417658 0.324952 0.395740 0.908486 -0.134322 -0.351315 0.014623 -0.936143
12.924944 -26.255088 -37713.011853 29390.134975 -0.958091 -0.012662 0.286183 -0.023132 0.999180 -0.033232 -0.285527 -0.038460 -0.957599
-16.260263 -65.593006 17687.173037 -2422.617350 -0.861242 -0.433054 0.265943 -0.223863 0.793089 0.566475 -0.456231 0.428338 -0.779987
24.826095 -77.766513 29807.850984 30895.884178 -0.787005 -0.600662 0.140809 -0.402655 0.673012 0.620422 -0.467430 0.431578 -0.771524
15.106734 -56.560358 34219.437419 -644.592798 -0.768628 -0.618829 0.162053 -0.411648 0.672390 0.615173 -0.489650 0.406130 -0.771558
38.639439 -76.175193 -38975.073302 2321.173489 -0.924030 0.075105 0.374871 0.145052 0.976073 0.161989 -0.353736 0.204058 -0.912815
15.556193 -72.826650 -42218.302367 1890.978163 -0.947583 0.016019 0.319107 0.069995 0.984889 0.158410 -0.311747 0.172443 -0.934386
11.882032 -72.265338 -51880.910049 -2167.044967 -0.937104 0.092623 0.336537 0.170544 0.962729 0.209922 -0.304550 0.254113 -0.917974
10.592587 -174.100503 17489.723655 59764.867530 0.598431 -0.089056 0.796210 -0.483108 0.752686 0.447292 0.639130 0.652328 -0.407407
15.344055 -119.944099 11421.750959 31434.512524 0.594572 -0.042936 0.802895 -0.581554 0.666597 0.466309 0.555229 0.744181 -0.371370
23.182070 -157.185644 6072.407896 61419.967861 0.651857 -0.029674 0.757761 -0.497907 0.736938 0.457178 0.571989 0.675309 -0.465603
19.372986 -235.972462 -13157.890129 66423.206242 -0.634989 0.052033 -0.770767 -0.338389 0.878184 0.338063 0.694466 0.475485 -0.540029
6.335781 -208.730131 -14811.562179 52663.111297 -0.614231 0.086326 -0.784390 -0.358537 0.854950 0.374850 0.702973 0.511477 -0.494186
1.710125 -181.672961 -5930.663292 40659.367013 -0.638649 0.091929 -0.763987 -0.395871 0.812126 0.428647 0.659859 0.576195 -0.482271
38.688966 -79.749128 -13018.769562 -4950.249265 -0.670646 0.070643 0.738406 -0.129227 0.969106 -0.210082 -0.730434 -0.236313 -0.640798
37.434159 -85.332909 -15288.113545 -4995.481477 -0.665055 0.036921 0.745881 -0.076405 0.990172 -0.117139 -0.742875 -0.134893 -0.655698
47.403464 -74.728453 -96.199818 -3607.462772 -0.600188 0.100552 0.793514 -0.092439 0.976700 -0.193682 -0.794500 -0.189597 -0.576908
47.686758 -68.590586 1642.344449 -5026.299167 -0.607239 0.148213 0.780572 -0.138472 0.947668 -0.287663 -0.782359 -0.282768 -0.554938
44.100742 -63.532665 10685.587557 -4382.954300 -0.529278 0.150603 0.834975 -0.124518 0.959676 -0.252026 -0.839262 -0.237361 -0.489183
45.770826 -69.970106 10331.723448 -3980.124544 -0.518533 0.097037 0.849533 -0.080043 0.983668 -0.161215 -0.851303 -0.151594 -0.502297
-6.261343 -117.759513 -951.014108 1690.364526 -0.932065 -0.241990 0.269621 -0.133688 0.921422 0.364842 -0.336723 0.304011 -0.891176
-3.740948 -115.069336 886.999656 1357.794558 0.935270 0.214113 -0.281825 -0.044473 0.861045 0.506580 -0.351129 0.461255 -0.814833
-0.800508 -121.446256 4723.509774 1109.834875 0.938153 0.243399 -0.246224 -0.139254 0.916386 0.375293 -0.316982 0.317794 -0.893605
-2.687666 -121.396236 -4865.573329 1165.033814 -0.932815 -0.270110 0.238532 -0.217314 0.949681 0.225566 -0.287457 0.158574 -0.944575
-8.121356 -117.908882 -703.758996 747.662289 -0.925692 -0.269200 0.265756 -0.216556 0.953154 0.211191 -0.310159 0.137946 -0.940623
0.687515 -138.544477 289.040378 -23155.422382 0.538682 -0.102531 -0.836247 0.028582 0.994220 -0.103488 0.842024 0.031845 0.538499
2.121880 -154.532327 865.191889 -26865.535286 0.540821 -0.107890 -0.834190 0.008976 0.992424 -0.122535 0.841090 0.058782 0.537692
1.138053 -173.530355 605.761228 -41125.431026 0.540639 -0.150124 -0.827751 -0.090481 0.967864 -0.234632 0.836375 0.201747 0.509682
-10.170971 -82.195270 1697.418331 1371.070987 0.893879 0.421026 -0.154003 -0.291478 0.806813 0.513901 -0.340617 0.414477 -0.843913
-5.632522 -86.629019 2.323127 234.634350 0.914081 0.363922 -0.178932 -0.250496 0.853681 0.456596 -0.318916 0.372544 -0.871495
0.331132 -84.511174 -1158.317185 122.455992 -0.876658 -0.464275 0.126175 -0.407323 0.855792 0.318918 -0.256045 0.228188 -0.939346
-12.291159 -77.423262 2922.845051 2235.116964 0.842751 0.528307 -0.103258 -0.430190 0.776293 0.460765 -0.323584 0.343890 -0.881495
-19.258353 -73.914628 2975.311119 166.668437 0.864837 0.482555 -0.138556 -0.326399 0.750114 0.575146 -0.381472 0.452183 -0.806232
-31.118841 -75.125663 12252.945443 -9871.130221 -0.084300 -0.582965 0.808112 0.996438 -0.051011 0.067146 0.002079 0.810894 0.585189
-37.576720 -74.941573 15485.021371 -4882.023750 -0.242696 -0.560642 0.791693 0.968306 -0.090353 0.232853 -0.059016 0.823114 0.564801
-20.239518 -65.176138 8345.033227 -5159.174496 -0.251483 -0.577456 0.776724 0.966085 -0.101158 0.237588 -0.058625 0.810131 0.583311
-13.359475 -58.107740 3473.766765 -566.474360 -0.380888 -0.565921 0.731203 0.919361 -0.147564 0.364693 -0.098488 0.811146 0.576491
-12.544269 -55.944454 1494.043495 -2985.689883 -0.227582 -0.591570 0.773467 0.972571 -0.098873 0.210545 -0.048077 0.800168 0.597846
14.388335 -170.777742 -459.859555 -5803.117678 0.549809 0.031431 0.834699 0.748377 0.425307 -0.508965 -0.371000 0.904503 0.210315
13.687242 -160.143904 -1640.171627 7325.238744 0.510808 0.024339 0.859350 0.719916 0.534248 -0.443057 -0.469890 0.844977 0.255376
11.797157 -169.260391 -2503.604634 -10579.599629 0.543252 0.054310 0.837811 0.757662 0.398198 -0.517094 -0.361698 0.915690 0.175173
50.025653 -74.221180 9680.742070 -5659.916241 -0.859639 0.082718 0.504161 -0.171703 0.882633 -0.437582 -0.481185 -0.462728 -0.744543
47.050938 -77.700969 9596.364236 -4237.054810 -0.842325 0.093912 0.530725 -0.144867 0.909017 -0.390772 -0.519136 -0.406041 -0.752083
41.488662 -72.668187 7682.888244 -3392.988772 -0.835618 0.096516 0.540766 -0.181777 0.880393 -0.438024 -0.518363 -0.464319 -0.718128
37.899433 -70.120794 -11134.160547 -3893.233910 0.826503 -0.081097 -0.557061 -0.237188 0.847274 -0.475257 -0.510525 -0.524929 -0.681039
-28.979155 -279.496241 -2634.643399 -42906.657306 0.598409 0.126799 0.791093 0.800393 -0.050556 -0.597341 -0.035748 0.990639 -0.131742
-35.606547 -329.042226 868.466332 -47023.758077 0.613454 0.124717 0.779820 0.766234 -0.333075 -0.549497 0.191207 0.934616 -0.299889
-29.085753 -280.131771 -5429.061937 -43007.672535 0.630796 0.151621 0.760991 0.775388 -0.160430 -0.610766 0.029480 0.975332 -0.218764
-2.478926 -187.073973 1566.201000 -14435.518474 0.492826 -0.034102 0.869459 0.840180 0.278547 -0.465305 -0.226318 0.959817 0.165927
-6.027292 -181.021691 2245.800825 1586.356033 0.493358 -0.030224 0.869301 0.795722 0.419333 -0.437020 -0.351318 0.907329 0.230931
-0.566222 -183.290619 -947.406815 -5291.621990 0.511061 -0.023090 0.859234 0.833821 0.256042 -0.489065 -0.208707 0.966390 0.150106
-9.136787 -178.109640 4920.963123 -5989.794780 0.473457 -0.038163 0.879990 0.800450 0.435573 -0.411772 -0.367586 0.899344 0.236773
0.770801 -194.460144 -382.324782 -19948.299323 0.528050 -0.024986 0.848846 0.845770 0.105393 -0.523034 -0.076394 0.994117 0.076785
-9.086010 -191.383053 6910.572391 -22813.869285 0.485368 -0.039624 0.873412 0.839508 0.300165 -0.452909 -0.244221 0.953064 0.178955
-4.241157 -205.531850 4025.750979 -27485.321821 0.522649 -0.030561 0.852000 0.847700 0.125051 -0.515526 -0.090789 0.991680 0.091264
5.516720 -31.571836 8965.101131 3379.493174 0.502230 -0.230194 0.833532 0.794878 0.502440 -0.340182 -0.340491 0.833406 0.435317
-5.142108 -25.635418 7633.867388 2852.765923 0.378887 -0.286037 0.880129 0.872329 0.427941 -0.236451 -0.309010 0.857350 0.411660
-10.043420 -27.109702 6087.301282 -3797.069759 0.687770 -0.096146 0.719533 -0.654108 -0.511947 0.556825 -0.314826 0.853620 0.414991
1.339281 -67.635814 20534.324649 9446.817804 0.967029 0.213056 0.139507 -0.060598 -0.339558 0.938631 -0.247351 0.916137 0.315451
18.522064 -68.211038 10345.485058 4344.202767 0.954336 0.252722 0.159294 -0.082343 -0.290035 0.953467 -0.287163 0.923044 0.255981
12.535055 -76.681441 13468.244036 20675.292270 0.964626 0.237591 0.114224 -0.053620 -0.247402 0.967428 -0.258111 0.939331 0.225911
6.259218 -288.616961 -1444.744891 -5967.578299 0.652908 -0.055790 0.755380 0.617648 -0.538049 -0.573599 -0.438432 -0.841066 0.316837
6.826756 -313.005267 -2241.976040 54470.376044 0.643856 -0.044250 0.763866 0.537044 -0.684964 -0.492349 -0.545007 -0.727232 0.417254
7.387260 -297.471512 -2052.567989 -7764.630222 0.655232 -0.050855 0.753714 0.602535 -0.566627 -0.562037 -0.455657 -0.822404 0.340630
6.208131 -294.394662 6606.250660 -9923.660899 -0.660828 0.076051 -0.746674 0.669526 -0.389852 -0.632258 -0.339176 -0.917732 0.206707
4.877757 -279.679009 1318.814214 -7363.186700 -0.662316 0.063550 -0.746525 0.681936 -0.361569 -0.635792 -0.310325 -0.930177 0.196135
-12.586123 -249.478363 5060.836914 -9421.267918 0.366111 -0.159133 0.916864 -0.226412 0.940430 0.253631 -0.902608 -0.300446 0.308272
-16.205044 -224.301244 9206.977510 3216.241044 0.383822 -0.171184 0.907401 -0.111462 0.966892 0.229555 -0.916655 -0.189249 0.352034
-14.325949 -214.262942 6887.364773 -28857.704119 0.346879 -0.061655 0.935881 -0.414110 0.885241 0.211806 -0.841539 -0.461028 0.281540
-27.010571 -304.952615 27873.518483 -30609.872505 0.357704 -0.334118 0.872017 0.148255 0.942277 0.300224 -0.921991 0.021890 0.386591
-10.664511 -217.155332 5549.518961 -36923.361195 0.345976 -0.074318 0.935295 -0.496722 0.831187 0.249789 -0.795970 -0.551003 0.250655
23.163734 -96.418996 1359.141010 2717.546589 0.749969 -0.015729 -0.661286 0.545295 0.580600 0.604613 -0.374433 0.814037 -0.444009
21.663600 -90.981957 -3422.835418 5166.651025 0.735364 -0.007041 -0.677636 0.603590 0.461412 0.650214 -0.308091 0.887158 -0.343556
18.876061 -95.171192 -9036.773866 1400.627424 0.729398 0.004974 -0.684071 0.567832 0.553265 0.609479 -0.381504 0.832991 -0.400726
7.431985 -93.193602 -12291.300803 -549.580730 0.710052 0.016703 -0.703951 0.593393 0.524024 0.610970 -0.379092 0.851540 -0.362172
14.822765 -95.662130 -10456.653809 855.653222 0.706244 -0.002619 -0.707963 0.551207 0.629580 0.547540 -0.444285 0.776931 -0.446081
44.540396 -20.434215 -12157.139446 11754.803783 0.612332 -0.387076 0.689363 0.606432 -0.329469 -0.723665 -0.507237 -0.861175 -0.032991
52.008289 -9.476891 -12246.577029 1231.709448 0.627487 -0.401148 0.667338 0.581728 -0.328156 -0.744249 -0.517545 -0.855216 -0.027446
36.716562 -13.205716 -23432.992104 7974.960746 0.643701 -0.505380 0.574666 0.516679 -0.266939 -0.813503 -0.564529 -0.820570 -0.089290
28.375020 -31.068648 -22516.224546 22391.491287 0.643821 -0.490615 0.587189 0.529754 -0.267939 -0.804717 -0.552137 -0.829160 -0.087400
-18.870912 -58.865360 -17456.367132 2098.911155 0.863279 -0.391929 -0.318025 0.071063 0.718200 -0.692198 -0.499698 -0.574961 -0.647859
7.365046 -57.997345 -30381.334994 1200.219507 0.838383 -0.473200 -0.270546 0.128985 0.654473 -0.745002 -0.529600 -0.589701 -0.609735
18.473071 -58.266677 -37401.988995 -2320.131770 0.825755 -0.513174 -0.234054 0.210560 0.665440 -0.716139 -0.523252 -0.542073 -0.657544
27.613302 -63.483511 41662.534240 -4890.867727 -0.820012 0.524804 0.228390 0.261935 0.698906 -0.665523 -0.508892 -0.485913 -0.710575
-1.892331 -60.009008 -25716.461132 -6306.626823 0.839743 -0.486515 -0.241111 0.215190 0.705877 -0.674857 -0.498523 -0.514822 -0.697448
-15.102441 -58.318207 -17174.853216 -3445.628741 0.865219 -0.413710 -0.283267 0.123855 0.723800 -0.678803 -0.485856 -0.552229 -0.677486
112.416783 29.914981 60500.107891 -8687.174627 0.782558 -0.569403 0.251759 0.415999 0.177380 -0.891897 -0.463192 -0.802693 -0.375682
116.155521 30.126227 -798.393358 -1932.005659 0.641546 -0.736512 0.214402 0.484097 0.171921 -0.857959 -0.595037 -0.654212 -0.466838
126.614158 28.955510 73594.819365 -7951.370147 0.773381 -0.554144 0.307907 0.471483 0.178106 -0.863702 -0.423775 -0.813144 -0.399014
63.663306 15.645172 49067.195603 -20200.156892 0.911861 -0.409680 0.025913 0.176443 0.334161 -0.925853 -0.370645 -0.848822 -0.376994
20.135181 -54.800766 -9278.429282 1530.339037 -0.241561 0.807705 -0.537830 0.834420 -0.110043 -0.540031 -0.495370 -0.579227 -0.647383
20.256887 -58.408614 -14216.248162 -1991.644657 -0.251574 0.787770 -0.562253 0.860518 -0.083825 -0.502476 -0.442967 -0.610239 -0.656802
27.294022 -55.568327 4006.265556 -627.991072 -0.260338 0.873081 -0.412255 0.842393 -0.003252 -0.538855 -0.471804 -0.487565 -0.734630
244.677191 -61.150877 238273.900855 -9897.332729 -0.140443 0.421553 -0.895862 -0.398220 0.804366 0.440927 0.906475 0.418675 0.054904
57.303995 -44.590855 120149.044432 -23260.028061 -0.167745 0.407316 -0.897750 -0.370590 0.817807 0.440290 0.913523 0.406554 0.013764
190.494364 -40.426382 201392.723190 -3634.296249 -0.161753 0.446588 -0.879997 -0.364472 0.801655 0.473824 0.917058 0.397377 0.033099
48.223518 -645.296919 -16234.863307 501616.102106 -0.673104 0.099964 0.732761 0.093801 0.994360 -0.049488 -0.733575 0.035423 -0.678684
28.556738 -516.373233 -7334.562296 306537.853729 -0.666985 0.093878 0.739133 -0.135992 0.960027 -0.244651 -0.732555 -0.263695 -0.627557
29.443716 -403.151437 -6466.334722 288376.910307 -0.695736 0.126112 0.707140 0.095908 0.991962 -0.082545 -0.711865 0.010391 -0.702239
-3.551353 -445.429467 10403.466330 305230.965494 0.595918 0.740793 0.310012 -0.479576 0.018647 0.877302 -0.644119 0.671474 -0.366379
-8.837755 -314.924252 15449.697264 211201.787090 0.647981 0.720589 0.246725 -0.368298 0.012892 0.929618 -0.666692 0.693243 -0.273745
29.248773 -1651.418677 -8191.254173 1055069.423588 0.570127 0.763490 0.303377 -0.532639 0.062357 0.844042 -0.625500 0.642802 -0.442217
8.410382 -778.765091 12675.271867 -528698.657720 0.561110 0.739136 0.372603 0.658783 -0.126232 -0.741667 -0.501159 0.661622 -0.557760
12.077456 -635.151569 15702.944791 -215076.309062 0.539980 0.745893 0.389956 0.813438 -0.343469 -0.469411 -0.216192 0.570678 -0.792204
18.866577 -754.247824 -8505.083924 -238340.601788 0.511157 0.822150 0.250575 0.803962 -0.354276 -0.477634 -0.303914 0.445599 -0.842068
34.515220 -37.757512 9037.662190 -998.813252 0.905852 -0.418963 0.062474 0.268933 0.454872 -0.848980 -0.327273 -0.785851 -0.524720
27.711999 -32.946609 7122.539634 -2520.950796 0.874584 -0.447639 0.186338 0.372115 0.373275 -0.849821 -0.310858 -0.812579 -0.493034
31.473128 -31.126821 10674.063617 627.542556 0.890945 -0.426804 0.155097 0.351410 0.431668 -0.830767 -0.287624 -0.794670 -0.534576
-16.956166 -53.023959 26096.178853 -14829.864583 0.665919 0.380873 -0.641473 -0.197671 0.919205 0.340571 0.719360 -0.099992 0.687403
-34.047939 -65.795036 25940.670427 -16819.997385 0.610002 0.558124 -0.562490 -0.362247 0.827755 0.428485 0.704752 -0.057617 0.707111
-35.363688 -53.734424 33656.318943 -19995.415439 0.608278 0.575035 -0.547113 -0.326366 0.809534 0.487995 0.723521 -0.118277 0.680094
-25.405152 -41.132939 20554.137714 -3885.703180 0.678361 0.093857 -0.728709 0.050074 0.983595 0.173301 0.733021 -0.154050 0.662533
-64.770499 -111.528365 -2768.155565 9101.183478 0.700377 -0.028169 -0.713217 0.705911 0.175241 0.686281 0.105653 -0.984123 0.142619
-67.199235 -108.553315 -5652.239478 17099.553680 0.661929 -0.013406 -0.749447 0.719272 0.292737 0.630042 0.210944 -0.956099 0.203413
-60.913439 -103.794582 680.461389 13156.431810 0.687551 -0.074452 -0.722309 0.707920 0.290138 0.643948 0.161626 -0.954084 0.252191
22.505422 -70.075185 10296.782174 8020.696099 0.688697 -0.200706 -0.696716 0.319109 0.946756 0.042700 0.651050 -0.251736 0.716075
22.289782 -78.452007 10905.691298 5795.745151 0.669540 -0.249677 -0.699555 0.426742 0.900164 0.087157 0.607953 -0.356885 0.709243
30.822627 -66.853953 13808.994597 5960.085331 0.693651 -0.224795 -0.684336 0.348839 0.936048 0.046108 0.630206 -0.270706 0.727707
14.790687 -80.569028 1920.356192 5167.373451 0.675153 -0.231296 -0.700478 0.407509 0.908474 0.092801 0.614902 -0.348106 0.707614
30.108183 -57.974017 7394.750034 8719.283270 0.724170 -0.169618 -0.668437 0.239952 0.970689 0.013643 0.646530 -0.170272 0.743644
24.968011 -59.118667 9663.095002 10431.128991 0.703256 -0.158347 -0.693078 0.218943 0.975737 -0.000768 0.676383 -0.151205 0.720862
16.492595 -70.841736 6890.981493 6851.302583 0.675715 -0.200811 -0.709284 0.313975 0.948943 0.030453 0.666955 -0.243275 0.704265
15.401948 -391.209714 -5536.008220 203572.179050 0.401781 0.802182 0.441675 -0.792511 0.546248 -0.271182 0.458801 0.241076 -0.855210
11.204574 -440.256557 -4626.630869 45549.524626 0.405646 0.792866 0.454769 -0.607847 0.605581 -0.513609 0.682622 0.068087 -0.727593
28.776891 -398.718489 -6072.585506 290743.256240 0.411320 0.785351 0.462644 -0.802534 0.552681 -0.224686 0.432152 0.278869 -0.857599
36.788209 -289.827257 -9479.609422 -211493.998059 0.419742 0.791655 0.443959 0.861474 -0.501497 0.079773 0.285796 0.348975 -0.892489
18.091234 -334.814656 -7652.164603 226966.382520 0.404864 0.809392 0.425405 -0.858521 0.496601 -0.127785 0.314685 0.313483 -0.895936
11.143253 -80.111896 4830.009879 -5371.334718 0.634984 -0.012334 -0.772427 0.759546 -0.172543 0.627151 -0.141012 -0.984925 -0.100194
14.961806 -86.873119 4272.900858 -1282.007170 0.618010 -0.016155 -0.786005 0.784171 -0.058593 0.617772 -0.056034 -0.998151 -0.023543
6.873827 -81.487977 5539.541368 -3167.772356 0.595691 0.005285 -0.803196 0.799661 -0.097857 0.592425 -0.075467 -0.995186 -0.062519
2.628278 -72.575251 4141.902605 -5704.159741 0.621839 -0.002720 -0.783140 0.766714 -0.201652 0.609497 -0.159579 -0.979454 -0.123309
-3.027437 -104.139339 5750.512113 6025.845957 0.962309 0.022526 -0.271026 -0.159354 0.854270 -0.494803 -0.220383 -0.519342 -0.825660
-8.780783 -105.155655 2484.477228 3421.511764 0.959831 -0.003654 -0.280555 -0.139254 0.861867 -0.487640 -0.243583 -0.507121 -0.826738
-1.403541 -103.226274 5732.469033 381.112580 0.962533 0.026283 -0.269887 -0.130144 0.917943 -0.374757 -0.237891 -0.395840 -0.886971
-9.618751 -110.134233 1904.449898 5430.230156 0.956823 0.000192 -0.290671 -0.184610 0.772816 -0.607186 -0.224519 -0.634630 -0.739483
7.407635 -99.716398 7787.307227 1584.478343 0.960516 0.048694 -0.273931 -0.158666 0.904639 -0.395541 -0.228548 -0.423387 -0.876647
6.319706 -102.751734 8059.386681 9045.654869 0.961558 0.039871 -0.271693 -0.177992 0.843913 -0.506093 -0.209107 -0.534997 -0.818567
-3.634073 -111.330062 5534.107872 8369.769079 0.960466 0.022378 -0.277496 -0.193937 0.768903 -0.609243 -0.199734 -0.638974 -0.742845
-13.111654 -159.168861 -2771.117572 -5801.505598 0.383926 -0.368077 -0.846830 0.873118 0.443125 0.203238 0.300444 -0.817410 0.491501
-15.277694 -156.957473 -2355.868203 2005.607363 0.359669 -0.369374 -0.856856 0.927151 0.244836 0.283631 0.105023 -0.896448 0.430525
-16.587617 -161.547639 -1642.359601 -6077.952937 0.390411 -0.331463 -0.858901 0.879386 0.410408 0.241340 0.272505 -0.849528 0.451712
-14.932790 -177.145303 -1466.958951 -15690.396933 0.401363 -0.325215 -0.856238 0.786758 0.601059 0.140500 0.468956 -0.730043 0.497108
-17.753806 -161.412766 120.943174 -5535.644572 0.399247 -0.275130 -0.874588 0.848933 0.471222 0.239297 0.346287 -0.838006 0.421701
-20.136353 -156.458241 -84.160185 -527.653796 0.402371 -0.276194 -0.872820 0.903399 0.274144 0.329719 0.148212 -0.921174 0.359821
130.911445 -96.099963 -13743.951008 21947.590571 -0.650622 0.408906 0.639912 0.093129 0.879255 -0.467159 -0.753670 -0.244350 -0.610144
126.242537 -79.296126 -29593.276570 6328.234704 -0.756845 0.374750 0.535489 0.079738 0.866120 -0.493435 -0.648712 -0.330755 -0.685400
136.581432 -93.697408 -30375.568472 -18071.494533 -0.681763 0.451704 0.575467 0.158920 0.859275 -0.486201 -0.714103 -0.240021 -0.657607
32.745953 -88.753989 22872.798715 388.874292 0.665673 -0.055355 -0.744188 0.713943 0.337463 0.613518 0.217174 -0.939710 0.264160
33.332921 -85.716974 24105.217958 -330.856576 0.668141 -0.049552 -0.742383 0.732255 0.220640 0.644299 0.131873 -0.974096 0.183703
52.680127 -87.771227 14292.973097 2135.467432 0.664097 -0.127542 -0.736688 0.730224 0.322126 0.602501 0.160462 -0.938066 0.307057
43.779306 -91.733237 8802.244003 -1098.171296 0.662440 -0.138036 -0.736288 0.710921 0.425677 0.559813 0.236146 -0.894285 0.380118
33.566447 -90.799155 22256.675693 -4351.006345 0.657004 -0.063880 -0.751176 0.693137 0.443054 0.568564 0.296491 -0.894216 0.335366
-13.786686 -78.461469 -1233.377327 -5586.124540 0.859263 -0.201726 -0.470078 0.509446 0.254536 0.821995 0.046166 0.945790 -0.321482
-10.969147 -80.025782 -3758.469545 -5338.590983 0.874278 -0.170013 -0.454679 0.483724 0.226791 0.845326 0.040600 0.958990 -0.280518
-17.531871 -84.475983 1175.281160 -3456.322151 0.854849 -0.216308 -0.471639 0.501051 0.107918 0.858663 0.134838 0.970342 -0.200635
0.814198 -201.699705 -8776.818132 14509.351208 -0.549218 -0.761184 -0.344903 0.829680 -0.546031 -0.116105 -0.099951 -0.349926 0.931430
-12.000987 -205.113332 -7186.135126 14486.088120 -0.551369 -0.753809 -0.357442 0.823593 -0.560127 -0.089177 -0.132991 -0.343556 0.929668
-6.836278 -191.374307 -6326.841006 22517.625825 -0.548759 -0.755017 -0.358905 0.834633 -0.470451 -0.286467 0.047441 -0.456756 0.888326
6.514523 -187.695033 -9218.342725 24900.517850 -0.541743 -0.764901 -0.348484 0.835619 -0.445286 -0.321653 0.090858 -0.465453 0.880397
10.816855 -203.152211 -7967.579360 11473.166683 -0.547817 -0.761864 -0.345629 0.834357 -0.527762 -0.159109 -0.061191 -0.375541 0.924784
-14.969397 -246.278963 1315.466723 42944.488661 -0.473799 -0.727030 -0.496932 0.581237 0.165748 -0.796675 0.661572 -0.666299 0.344046
-15.791315 -238.157729 3280.791363 40996.417702 0.433587 0.746822 0.504242 0.486639 0.276898 -0.828559 0.758409 -0.604636 0.243373
-13.111432 -257.390382 -3394.715362 35999.064526 -0.449338 -0.748344 -0.487930 0.621283 0.130705 -0.772608 0.641952 -0.650305 0.406203
-13.828102 -259.281331 -969.974223 23874.906987 -0.482416 -0.730428 -0.483476 0.705024 0.003769 -0.709173 0.519823 -0.682979 0.513151
-15.620835 -247.608475 3081.876388 27922.986721 -0.501482 -0.711412 -0.492350 0.662790 0.049871 -0.747143 0.556080 -0.701003 0.446508
-23.907199 -77.421088 -6658.407430 -1455.193612 0.642312 -0.169399 -0.747488 0.762142 0.037989 0.646295 -0.081085 -0.984815 0.153507
-24.233727 -76.648288 -1552.955981 -678.081174 0.641512 -0.128483 -0.756277 0.766802 0.079333 0.636962 -0.021841 -0.988533 0.149414
-21.514234 -77.443715 -4637.858785 -725.185362 0.628143 -0.185021 -0.755780 0.778059 0.139605 0.612483 -0.007811 -0.972768 0.231649
-28.143027 -75.310214 1327.610597 -1962.402581 0.639343 -0.125431 -0.758622 0.759399 -0.051785 0.648561 -0.120635 -0.990750 0.062144
-26.827906 -80.001441 -7931.448467 -1033.367034 0.601322 -0.205445 -0.772143 0.792095 0.026445 0.609824 -0.104866 -0.978311 0.178634
-29.170942 -77.296489 -5500.963781 1306.275038 0.591315 -0.167800 -0.788790 0.789966 -0.076171 0.608401 -0.162173 -0.982874 0.087515
26.637634 -461.724110 25818.959755 -164039.868782 0.338662 0.706485 0.621440 0.292235 0.548826 -0.783191 0.894375 -0.446843 0.020593
41.669074 -585.918153 40963.782063 -57156.774946 0.399606 0.738440 0.543159 0.328047 0.438087 -0.836938 0.855979 -0.512626 0.067181
14.822778 -416.025609 19651.015881 -24064.749561 0.368127 0.715241 0.594064 0.434120 0.432790 -0.790084 0.822206 -0.548747 0.151179
-5.943510 -92.238191 2775.875095 -452.545044 0.654861 -0.081957 -0.751292 -0.600656 -0.659758 -0.451588 0.458660 -0.746996 0.481278
-2.706291 -92.764067 5010.254508 -1102.329445 0.642963 -0.082059 -0.761489 -0.537400 -0.756746 -0.372205 0.545711 -0.648538 0.530658
2.740857 -92.402293 -12574.655412 1546.971413 0.658372 -0.120469 -0.742990 -0.596183 -0.686028 -0.417052 0.459470 -0.717533 0.523483
3.217611 -89.188824 -17667.302542 2114.093009 0.671845 -0.125317 -0.730013 -0.644232 -0.585207 -0.492441 0.365498 -0.801142 0.473902
23.363867 -89.669331 -28880.249519 4728.284008 0.666323 -0.146256 -0.731179 -0.638788 -0.617805 -0.458549 0.384660 -0.772610 0.505084
23.813404 -93.052885 -26487.144983 3756.902165 0.659055 -0.140078 -0.738935 -0.584589 -0.713556 -0.386127 0.473184 -0.686452 0.552160
-46.640629 -74.113302 -12416.875134 2384.352525 0.892112 -0.335448 0.302674 0.029040 -0.625950 -0.779322 -0.450881 -0.704032 0.548676
-45.078529 -79.803450 -4252.587398 6779.769174 0.866792 -0.080974 0.492051 0.266165 -0.759293 -0.593827 -0.421696 -0.645692 0.636596
-32.992778 -83.406919 -15823.736429 6032.218032 0.876581 -0.336629 0.343929 0.019021 -0.689857 -0.723696 -0.480879 -0.640920 0.598312
-34.584846 -80.064427 -18460.637247 -117.690483 0.850760 -0.497957 0.168067 -0.120483 -0.496066 -0.859885 -0.511558 -0.711306 0.482029
-16.559634 -88.684947 -16886.391504 9985.511933 0.867288 -0.396421 0.301101 -0.054876 -0.677304 -0.733654 -0.494773 -0.619766 0.609172
-22.700105 -82.541655 -20559.362031 1168.530022 0.842042 -0.505000 0.189581 -0.134540 -0.536974 -0.832801 -0.522365 -0.675747 0.520097
-17.511811 -110.663597 -12726.143965 22637.353314 0.876057 -0.220099 0.429046 0.080246 -0.810804 -0.579790 -0.475484 -0.542359 0.692649
-38.454594 -54.284141 -7198.682315 18711.744751 -0.084890 0.990282 -0.110157 0.590031 -0.039127 -0.806432 0.802905 0.133454 0.580976
-42.275295 -63.636737 -3237.302131 5556.525926 -0.016366 0.975440 -0.219657 0.662853 -0.153888 -0.732765 0.748571 0.157592 0.644055
-29.315825 -57.034352 -9322.381602 15287.345413 -0.159963 0.984371 0.073651 0.587040 0.154849 -0.794610 0.793596 0.083872 0.602636
-20.190773 -43.033904 -13377.536830 16608.974392 -0.271927 0.923979 0.268921 0.488336 0.373290 -0.788785 0.829207 0.083168 0.552720
-10.395507 -48.103043 -13066.369992 11616.476552 -0.282696 0.906832 0.312630 0.518489 0.418671 -0.745576 0.807002 0.048676 0.588539
-21.442911 -58.665366 -10479.224610 8598.752380 -0.187786 0.967222 0.170930 0.610234 0.251253 -0.751323 0.769643 0.036781 0.637414
-955.662897 -2469.262815 -636282.268364 1228272.237107 0.610365 0.723615 0.322237 -0.184534 0.525505 -0.830537 0.770326 -0.447467 -0.454281
-137.981038 -1466.894770 314463.886821 -568743.387614 -0.688307 -0.476095 -0.547327 0.009702 0.748388 -0.663190 0.725355 -0.461788 -0.510501
-1580.361378 -6665.412992 1300131.515954 7263077.556994 -0.596185 -0.584955 -0.549902 -0.325436 0.802222 -0.500532 0.733931 -0.119451 -0.668638
-147.563772 -2997.638266 -486538.338669 2362511.083740 0.761727 0.452778 0.463426 0.268240 0.430702 -0.861709 0.589762 -0.780697 -0.206624
-2173.832423 -3579.807996 1379276.532832 -3204651.302911 -0.402899 0.422731 -0.811770 0.451403 0.863345 0.225547 0.796183 -0.275563 -0.538662
-3618.221418 -9930.432231 -2345934.122279 11521014.811856 0.441589 0.830352 0.339875 0.018889 0.370122 -0.928791 0.897019 -0.416564 -0.147757
-879.321623 -2842.829481 -753706.705441 2275789.517568 0.641222 0.601785 0.476119 0.301623 0.372865 -0.877494 0.705590 -0.706277 -0.057577
36.997455 -430.874925 5920.878294 -69135.009097 0.949142 0.131144 0.286236 -0.253526 -0.220729 0.941808 -0.186693 0.966478 0.176255
32.990596 -519.434880 -2588.745388 -64647.824042 0.918468 0.230556 0.321341 -0.257791 -0.267182 0.928524 -0.299934 0.935659 0.185963
24.533104 -448.136100 10413.142382 -23224.763937 0.902526 0.162318 0.398873 -0.415327 0.083328 0.905848 -0.113798 0.983214 -0.142620
13.970346 -332.494140 9460.681685 -30252.109464 0.935263 0.127928 0.330026 -0.334433 0.014022 0.942315 -0.115921 0.991684 -0.055898
75.465040 -910.903907 -36674.605362 -548132.713741 0.975284 0.122106 0.184148 -0.154257 -0.220417 0.963131 -0.158193 0.967733 0.196134
9.916236 -23.865016 3853.647867 -6855.158307 0.682758 -0.100578 -0.723689 0.041992 0.994244 -0.098563 0.729437 0.036905 0.683052
7.403550 -37.153546 4838.876397 -12883.159283 0.683601 -0.110921 -0.721378 0.028585 0.991695 -0.125397 0.729296 0.065101 0.681095
3.343102 -27.168378 4311.706519 -8792.648717 0.675604 -0.001832 -0.737262 -0.029749 0.999115 -0.029743 0.736664 0.042028 0.674952
14.206097 -34.184969 4895.884786 -12086.072667 0.691875 -0.164393 -0.703053 0.073258 0.984693 -0.158154 0.718291 0.057919 0.693328
15.615092 -22.367449 4208.556283 -5156.285581 0.692380 -0.137252 -0.708359 0.070738 0.989924 -0.122666 0.718057 0.034824 0.695112
-81.936086 -173.252909 -600.191106 -44796.033723 -0.397893 0.125020 0.908874 0.866077 0.377987 0.327163 -0.302641 0.917331 -0.258675
-90.093302 -140.702192 3563.121336 -10853.422852 0.666446 0.123411 -0.735268 0.659342 0.362793 0.658520 -0.348019 0.923662 -0.160412
-99.231351 -157.912661 165.106474 -16904.565547 -0.428566 0.020858 0.903270 0.871952 0.271467 0.407438 -0.236710 0.962222 -0.134529
-79.886579 -124.959660 2179.454467 -17504.261172 0.785690 0.296583 -0.542890 0.420681 0.387275 0.820394 -0.453563 0.872959 -0.179511
42.965278 -72.592461 -22559.101668 -22797.798964 -0.925561 0.230192 0.300579 0.224861 0.972964 -0.052716 -0.304588 0.018797 -0.952299
16.747662 -126.055080 4647.282761 18653.559945 0.910936 0.354050 -0.211765 0.190038 0.095489 0.977122 -0.366171 0.930339 -0.019701
9.405983 -107.833672 6437.030350 25037.070375 0.922967 0.340847 -0.178758 0.213159 -0.065979 0.974787 -0.320459 0.937801 0.133551
15.271655 -111.084345 2489.624413 23906.456516 0.903970 0.368697 -0.216566 0.246084 -0.034388 0.968638 -0.349687 0.928913 0.121816
18.594841 -123.366064 1453.583796 15645.486046 0.896321 0.370446 -0.243678 0.217255 0.112166 0.969649 -0.386535 0.922057 -0.020056
16.459670 -107.599099 129.753166 19030.392763 0.889413 0.389220 -0.239693 0.267173 -0.017171 0.963496 -0.370896 0.920985 0.119261
18.959951 -103.824807 7133.143159 6576.224433 0.574050 0.005677 0.818801 0.648206 -0.614131 -0.450191 0.500295 0.789184 -0.356221
11.605340 -111.747444 7128.714787 -5213.740075 0.564110 -0.008390 0.825657 0.663879 -0.589963 -0.459575 0.490963 0.807387 -0.327234
14.953488 -114.578356 2500.352231 28703.718668 0.535130 0.049173 0.843338 0.727342 -0.534572 -0.430356 0.429662 0.843691 -0.321831
9.069360 -122.967403 3989.247834 19985.383042 0.550949 0.009331 0.834487 0.723017 -0.504713 -0.471711 0.416774 0.863237 -0.284817
3.620694 -125.095926 3861.709788 -9851.076199 0.588960 -0.027595 0.807691 0.653907 -0.571017 -0.496332 0.474901 0.820475 -0.318262
22.363336 -89.355157 -18531.680026 -4760.017625 -0.695935 -0.005434 0.718084 -0.123623 0.985949 -0.112349 -0.707384 -0.166960 -0.686828
21.800951 -91.814456 -18988.744806 -4879.569728 -0.687713 -0.015977 0.725807 -0.053030 0.998193 -0.028274 -0.724043 -0.057933 -0.687317
38.005437 -88.850769 -16960.056382 -6494.093561 -0.658309 0.012959 0.752636 -0.013860 0.999474 -0.029332 -0.752620 -0.029741 -0.657783
1.052282 -119.465596 3968.823283 -75.847237 0.940341 0.213037 -0.265282 -0.049647 0.857276 0.512458 -0.336593 0.468715 -0.816708
25.300611 -191.305208 -10700.663942 -9857.531930 0.437939 -0.164784 -0.883773 0.893541 0.187996 0.407727 0.098959 -0.968248 0.229572
28.366603 -201.245312 -8517.190367 4084.528979 0.463580 -0.148812 -0.873469 0.837737 0.394700 0.377372 0.288601 -0.906679 0.307640
46.867518 -205.872531 -11832.977412 -11800.425396 0.443589 -0.110561 -0.889385 0.890580 0.165630 0.423595 0.100476 -0.979971 0.171935
12.372037 -191.881530 -7023.272872 -73.557962 0.479476 -0.172855 -0.860363 0.831605 0.402588 0.382565 0.280244 -0.898912 0.336779
47.585581 -188.862092 -16176.761297 -21018.433745 0.402713 -0.133383 -0.905556 0.911229 -0.035081 0.410403 -0.086508 -0.990444 0.107415
18.522773 -176.438708 -11168.051521 -16959.191577 0.416234 -0.172107 -0.892821 0.905620 -0.009269 0.423988 -0.081246 -0.985035 0.152006
5.949714 -183.228059 -6826.139210 -11197.509130 0.470605 -0.173448 -0.865128 0.876987 0.199835 0.436991 0.097088 -0.964356 0.246155
-3.098986 -128.360792 -1496.947457 -7187.547361 0.793093 0.226388 -0.565465 -0.443243 -0.422250 -0.790721 0.417778 -0.877755 0.234539
4.238380 -124.859800 -1102.692959 -3097.755994 0.830498 0.260486 -0.492361 -0.425985 -0.272515 -0.862712 0.358900 -0.926220 0.115360
1.604978 -137.823796 -1472.476061 -2402.974002 0.820128 0.246312 -0.516449 -0.465756 -0.236902 -0.852613 0.332357 -0.939791 0.079569
2.286606 -87.943612 552.045566 -2139.327815 -0.907623 -0.384595 0.168246 -0.335202 0.905258 0.261050 -0.252705 0.180539 -0.950550
-54.074243 -87.592889 18446.024164 -13235.095287 0.002693 -0.548885 0.835893 0.999887 -0.010878 -0.010364 0.014781 0.835827 0.548794
-63.016613 -85.430425 24275.165009 -116.585441 -0.283011 -0.516389 0.808237 0.958011 -0.111752 0.264057 -0.046034 0.849031 0.526334
-44.398322 -77.951665 19775.105474 6585.905974 -0.473285 -0.523704 0.708333 0.873338 -0.173758 0.455069 -0.115243 0.833992 0.539608
15.786981 -166.274317 -136.267212 8997.350796 0.517844 0.008017 0.855437 0.706608 0.559661 -0.432995 -0.482226 0.828683 0.284152
16.613977 -172.945268 -621.007094 15161.332862 0.488332 -0.012920 0.872562 0.649133 0.673643 -0.353315 -0.583230 0.738944 0.337349
15.616585 -181.617111 -696.388276 3700.359135 0.538197 0.010439 0.842755 0.707841 0.537180 -0.458693 -0.457499 0.843403 0.281720
17.094450 -184.557431 -120.240169 13114.567427 0.505224 -0.019755 0.862762 0.638432 0.681215 -0.358261 -0.580649 0.731817 0.356778
50.460875 -81.616233 9558.958760 -6446.240973 -0.864028 0.066959 0.498971 -0.139760 0.920257 -0.365505 -0.483655 -0.385543 -0.785770
43.327523 -84.142381 8823.352986 -5473.699158 -0.838107 0.061954 0.541976 -0.117616 0.949639 -0.290434 -0.532676 -0.307160 -0.788612
-3.652616 -213.304640 -10272.136726 31375.672671 0.721462 0.196295 0.664049 -0.662377 -0.083925 0.744455 -0.201863 0.976947 -0.069472
-11.296235 -214.547278 -10583.189312 -37760.508339 0.680463 0.183979 0.709311 0.692111 0.156634 -0.704590 -0.240732 0.970370 -0.020750
-20.109372 -246.722414 -14892.804888 -27957.012487 0.673500 0.193629 0.713377 0.730500 -0.026818 -0.682386 -0.112999 0.980708 -0.159507
-12.291179 -178.086041 5412.522042 13874.983286 0.498135 -0.018663 0.866898 0.729273 0.549852 -0.407215 -0.469066 0.835053 0.287511
3.715201 -184.470922 -7479.238282 46159.798129 0.735631 0.199411 0.647366 -0.596849 -0.261143 0.758667 -0.320342 0.944478 0.073087
10.961828 -156.190221 -5813.545333 60975.318253 0.750819 0.203129 0.628497 -0.525611 -0.392505 0.754766 -0.400004 0.897038 0.187934
-0.264638 -185.326349 -8435.661716 62609.888175 0.693859 0.185218 0.695884 -0.622892 -0.330527 0.709054 -0.361338 0.925444 0.113968
13.135269 -146.482943 4282.739277 31437.412268 0.803129 0.162506 0.573215 -0.501396 -0.335367 0.797579 -0.321849 0.927966 0.187863
7.697447 -184.814517 -2663.387838 34806.870267 0.770506 0.179751 0.611564 -0.589166 -0.165399 0.790902 -0.243318 0.969707 0.021538
42.025138 -162.404202 -13896.508804 -38613.151567 0.304791 0.002410 0.952416 -0.363346 0.924661 0.113938 -0.880388 -0.380784 0.282703
75.216807 -178.059769 -19048.546818 -31125.993592 0.371984 -0.096958 0.923162 -0.203650 0.961775 0.183073 -0.905624 -0.256102 0.338019
46.346570 -154.738083 -14718.493757 -30053.577616 0.372968 -0.070663 0.925149 -0.372177 0.901971 0.218933 -0.849929 -0.425974 0.310108
66.792902 -172.273817 862.991793 -31550.965911 0.437624 -0.154811 0.885731 -0.198125 0.944253 0.262930 -0.877059 -0.290550 0.382556
28.737760 -128.608873 -14815.169461 -29635.826163 0.304387 -0.008795 0.952508 -0.499377 0.850052 0.167431 -0.811154 -0.526625 0.254353
38.009064 -150.181219 2264.966577 -30289.814358 0.434148 -0.117615 0.893130 -0.386031 0.871507 0.302417 -0.813938 -0.476070 0.332960
22.723411 -122.144807 -4680.492140 -19536.588974 0.362586 -0.053176 0.930432 -0.508481 0.825387 0.245325 -0.781012 -0.562058 0.272235
6.363118 -123.928071 11413.291207 39831.493819 0.969295 0.236355 0.067855 -0.048054 -0.088559 0.994911 -0.241161 0.967623 0.074481
-8.348506 -94.179683 12900.668501 34164.424400 0.965436 0.239139 0.103664 -0.047409 -0.229972 0.972042 -0.256293 0.943359 0.210686
10.209527 -94.410452 13689.526280 35463.679425 0.969366 0.227140 0.093470 -0.048975 -0.194163 0.979746 -0.240688 0.954310 0.177090
7.218407 -319.531270 918.943577 45352.597765 0.650943 -0.039044 0.758122 0.515295 -0.710626 -0.479043 -0.557445 -0.702486 0.442458
7.352877 -345.599559 -1392.010585 -112828.355260 0.634088 -0.038376 0.772308 -0.430777 0.811897 0.394024 -0.642156 -0.582538 0.498282
-51.428467 -245.254844 28450.729104 1497.551118 0.369642 -0.254444 0.893657 0.067896 0.966601 0.247129 -0.926690 -0.030674 0.374572
21.569572 -90.274247 6799.140235 6019.566430 0.747902 -0.039966 -0.662606 0.593150 0.488377 0.640048 -0.298021 0.871717 -0.388963
23.211196 -82.760507 2610.434002 9242.716553 0.723711 -0.039043 -0.688998 0.651159 0.369282 0.663040 -0.228547 0.928497 -0.292677
19.777798 -84.695229 -9212.070236 7512.801513 0.709024 0.003716 -0.705175 0.660868 0.345404 0.666295 -0.246046 0.938447 -0.242444
56.934087 -9.899051 6776.898072 752.646389 0.657849 -0.306014 0.688179 0.604469 -0.330548 -0.724814 -0.449279 -0.892801 0.032475
55.736698 -5.907137 -14723.039021 -1473.399031 0.650832 -0.444190 0.615721 0.543634 -0.293466 -0.786346 -0.529980 -0.846506 -0.050480
39.083135 -7.688203 -23581.189675 -1665.238870 0.648968 -0.531664 0.544219 0.487094 -0.259146 -0.834016 -0.584448 -0.806335 -0.090793
-5.386727 -60.972254 -23593.336859 2475.593135 0.846496 -0.435702 -0.305954 0.041216 0.626580 -0.778266 -0.530797 -0.646189 -0.548356
22.702333 -57.193367 -37071.442977 659.549546 0.823948 -0.512735 -0.241272 0.147368 0.605009 -0.782462 -0.547167 -0.609153 -0.574056
101.623888 31.922629 11772.706240 -4315.998251 -0.606291 0.775439 -0.176365 -0.469269 -0.169814 0.866574 -0.642026 -0.608159 -0.466846
118.990941 28.688537 81948.244945 -5486.573479 -0.417215 0.899586 -0.129138 -0.553614 -0.138886 0.821110 -0.720724 -0.414072 -0.555969
-42.701204 -97.151919 54137.532345 27988.082274 -0.107094 0.291998 -0.950404 -0.533192 0.789954 0.302784 0.839188 0.539174 0.071092
-81.516170 -87.477336 -3765.513395 -45123.309637 0.187917 -0.083888 -0.978596 -0.410908 0.898247 -0.155906 0.892100 0.431411 0.134325
-45.664206 -84.854472 53354.540114 -37154.026173 -0.090685 0.246696 -0.964841 -0.439304 0.859567 0.261069 0.893749 0.447533 0.030425
-12.078113 -74.334112 123217.019128 -33259.474035 -0.164624 0.278415 -0.946247 -0.432709 0.841709 0.322937 0.886375 0.462614 -0.018093
3.529143 -89.220221 111365.132811 12492.594653 -0.135958 0.236649 -0.962036 -0.542906 0.794472 0.272155 0.828715 0.559296 0.020463
53.790660 -750.525087 -22631.011135 456825.836175 -0.666664 0.063361 0.742660 -0.188924 0.949478 -0.250598 -0.721018 -0.307371 -0.621013
25.961892 -549.851119 6558.453538 37372.317010 0.641471 -0.078025 -0.763169 -0.442692 0.774815 -0.451314 -0.626529 -0.627354 -0.462481
68.613141 -938.847846 -21488.802397 499888.842977 -0.627999 0.113118 0.769949 0.111992 0.992217 -0.054428 -0.770114 0.052047 -0.635780
43.777546 -640.770356 17376.147713 -35711.668188 0.640617 -0.044844 -0.766550 -0.515955 0.714204 -0.472973 -0.568683 -0.698500 -0.434394
55.943705 -746.952833 -18304.862454 236430.334320 -0.616659 0.069803 0.784129 -0.389627 0.838446 -0.381051 -0.684048 -0.540497 -0.489838
-27.706810 -209.775814 17843.333278 166496.074905 0.631076 0.740958 0.229619 -0.399246 0.056453 0.915104 -0.665091 0.669175 -0.331450
-15.647728 -85.462658 -5904.893969 -18733.322336 0.762820 0.547654 -0.343774 0.068135 0.460616 0.884981 -0.643011 0.698504 -0.314052
16.659947 -117.622464 158.638202 -3557.796336 0.765911 0.606402 -0.213676 0.019397 0.310393 0.950410 -0.642654 0.732074 -0.225971
