14288
28563
-38.055371 -57.777491 1188.166156 -7058.577245 -0.801891 0.522705 0.289397 0.551964 0.833524 0.023937 -0.228707 0.178932 -0.956910
-49.330784 -71.195697 2560.439330 -6752.756161 -0.689838 0.642802 0.333059 0.707497 0.696133 0.121848 -0.153529 0.319694 -0.935000
-43.426423 -75.951878 -705.768344 -12415.934607 -0.507752 0.817577 0.271581 0.847896 0.530060 -0.010470 -0.152514 0.224956 -0.962359
-38.633567 -61.609118 -994.693347 -4924.354378 0.906827 -0.264211 -0.328418 0.340069 0.918951 0.199704 -0.249036 0.292782 -0.923179
-29.607282 -72.394121 -5102.792518 14898.392999 -0.504441 0.843223 0.185782 -0.841549 -0.528282 0.112754 -0.193222 0.099467 -0.976100
-28.195712 -45.453722 -2918.262996 -5688.969625 -0.798409 0.559423 0.222684 0.551228 0.827911 -0.103499 -0.242262 0.040115 -0.969381
-30.432673 -48.772225 -506.422222 -4102.230907 -0.949129 0.119105 0.291494 0.155863 0.982049 0.106237 -0.273608 0.146265 -0.950655
-7.246932 -72.052357 -13279.580069 18846.199122 0.828763 -0.539673 -0.148004 0.543898 0.714609 0.439896 0.131635 0.445068 -0.885769
-16.818736 -47.442399 -3910.869744 21665.249490 0.946604 -0.309069 0.091750 0.212384 0.811907 0.543783 0.242559 0.495261 -0.834196
-25.524003 -74.484283 -4157.340782 14878.844451 0.868951 -0.494792 -0.010248 0.466108 0.811266 0.352974 0.166335 0.311494 -0.935577
-30.429502 -88.346321 -278.350155 -1679.076244 0.840126 -0.542386 0.002580 0.539524 0.836163 0.098723 0.055703 0.081547 -0.995112
-21.236103 -89.201480 -9402.845693 3879.970503 0.824088 -0.552012 -0.127133 0.566409 0.799915 0.198286 0.007761 0.235414 -0.971864
81.647750 -89.551786 1593.054502 704.883185 -0.515874 0.852885 -0.080387 0.469240 0.359832 0.806433 -0.716721 -0.378297 0.585835
84.694905 -108.418245 644.196246 -2535.083523 -0.594729 0.802281 0.051395 0.388754 0.231046 0.891902 -0.703681 -0.550420 0.449299
77.965491 -87.972716 943.206909 3400.730646 -0.435243 0.900230 -0.012235 0.358265 0.185649 0.914976 -0.825960 -0.393853 0.403323
67.312451 -65.300193 5517.266742 1622.240403 -0.344213 0.928281 -0.140752 0.416927 0.285446 0.862955 -0.841242 -0.238357 0.485280
27.586008 -114.465945 -9293.220458 20422.167714 0.906237 -0.242439 0.346349 0.400934 0.752722 -0.522169 0.134111 -0.612072 -0.779347
44.112323 -146.758025 -12201.269788 16740.132006 0.878450 -0.221425 0.423434 0.464181 0.605757 -0.646216 0.113410 -0.764218 -0.634908
48.019141 -126.529863 -12564.778243 27864.415033 0.913828 -0.164178 0.371435 0.343879 0.799370 -0.492702 0.216024 -0.577973 -0.786944
60.243339 -165.341997 -6950.725196 33531.467487 0.869460 -0.089315 0.485862 0.387924 0.732396 -0.559563 0.305867 -0.674995 -0.671437
70.697886 -98.681077 1306.295772 -2837.882578 -0.018409 0.990910 0.133260 -0.804415 -0.093833 0.586611 -0.593783 0.096397 -0.798830
66.598553 -84.424371 1181.350186 -69.164685 -0.031768 0.972400 0.231148 -0.908482 -0.124513 0.398944 -0.416714 0.197320 -0.887363
63.582576 -94.232540 9424.132486 -5081.552845 0.093974 0.956679 0.275563 -0.824238 -0.080481 0.560495 -0.558391 0.279801 -0.780967
67.347725 -110.716298 8229.497842 -10382.874316 0.098808 0.972051 0.212965 -0.700613 -0.084025 0.708577 -0.706667 0.219219 -0.672729
1.725972 -49.882866 -491.706923 1887.946850 0.884878 -0.438151 -0.158162 -0.416939 -0.593552 -0.688373 -0.207734 -0.675070 0.707904
1.238048 -52.598482 721.376956 2602.441614 0.879355 -0.438064 -0.186642 -0.421223 -0.532855 -0.733918 -0.222051 -0.723992 0.653092
-1.490667 -55.165530 225.467173 374.805133 0.858069 -0.471250 -0.204062 -0.493674 -0.647521 -0.580520 -0.141435 -0.598866 0.788261
0.186968 -57.924241 187.253821 2539.879159 0.845442 -0.488430 -0.216019 -0.493976 -0.561398 -0.663943 -0.203017 -0.668034 0.715902
0.522324 -51.648754 -243.534725 -1682.187368 0.870417 -0.456141 -0.185229 -0.476147 -0.684344 -0.552230 -0.125134 -0.568867 0.812854
-0.184606 -57.847586 -594.841987 -690.803308 0.846200 -0.493720 -0.200466 -0.526065 -0.714114 -0.461841 -0.084864 -0.496268 0.864011
-2.403360 -60.953183 -1119.805970 1929.287292 0.832696 -0.514086 -0.205747 -0.544070 -0.690494 -0.476661 -0.102977 -0.508855 0.854671
-2.957081 -62.098941 445.283881 1353.779953 0.821840 -0.514219 -0.245270 -0.562911 -0.666564 -0.488697 -0.087809 -0.539696 0.837268
0.813830 -53.327923 175.405522 -3056.116535 0.790545 -0.608020 0.073151 0.612327 0.786689 -0.078591 0.009762 -0.106922 -0.994220
0.996221 -57.463359 -250.513487 -4749.948610 -0.767456 0.637303 -0.069683 0.638740 0.769419 0.002127 0.054971 -0.042877 -0.997567
1.713347 -52.626496 112.613633 -2564.057095 0.785204 -0.615491 0.068005 0.619120 0.778180 -0.105480 -0.012002 -0.124927 -0.992093
1.919218 -47.952873 245.952589 -853.851333 0.799834 -0.596111 0.070120 0.597672 0.780229 -0.184474 -0.055258 -0.189457 -0.980333
5.113520 -66.670845 229.204632 2606.768064 0.769427 -0.617200 -0.164460 0.546184 0.769248 -0.331573 0.331157 0.165296 0.928985
4.425863 -67.045834 718.971539 1574.143792 0.739617 -0.657914 -0.141833 0.549287 0.711852 -0.437665 0.388910 0.245797 0.887881
3.289333 -62.108768 -140.962277 1547.500880 0.742808 -0.654094 -0.142818 0.529864 0.704742 -0.471787 0.409243 0.274773 0.870069
5.249313 -60.190001 -735.968238 1856.970944 0.770865 -0.613422 -0.171701 0.530035 0.767187 -0.361231 0.353314 0.187452 0.916532
-8.111752 -80.820521 585.126437 976.496557 0.733669 -0.646434 0.209409 0.615600 0.501840 -0.607613 -0.287692 -0.574699 -0.766129
-8.343837 -82.542387 598.736183 -4018.249715 0.714059 -0.666375 0.214626 0.665254 0.550363 -0.504517 -0.218075 -0.503035 -0.836300
-6.177263 -83.041410 417.830602 -3780.757435 0.729224 -0.647382 0.221651 0.656871 0.571526 -0.491811 -0.191710 -0.504237 -0.842017
-6.479774 -80.303208 445.819437 223.626141 0.749519 -0.626763 0.213049 0.611892 0.533137 -0.584254 -0.252605 -0.568272 -0.783108
-7.334921 -60.536674 610.779979 -5670.426010 -0.663584 0.733882 -0.145170 0.746218 0.663094 -0.058867 0.053060 -0.147391 -0.987654
-6.683243 -57.099348 -964.730655 -3880.208635 0.726539 -0.674242 0.132432 0.684890 0.726132 -0.060491 0.055377 -0.134650 -0.989345
-10.614045 -75.023127 1400.549360 -11127.328753 -0.709029 0.695093 -0.118841 0.694086 0.717668 0.056541 0.124589 -0.042397 -0.991302
-12.872383 -80.274125 693.172294 11870.738939 -0.591818 0.792771 -0.145828 -0.791723 -0.605675 -0.079583 0.151416 -0.068357 -0.986104
-25.519876 -29.943869 1985.155968 -159.571727 -0.235532 0.866307 0.440495 0.404374 -0.324794 0.854980 -0.883746 -0.379500 0.273813
-20.521378 -26.183973 3471.581886 -987.961967 -0.048797 0.748002 0.661900 0.416830 -0.586972 0.694058 -0.907674 -0.309768 0.283147
-25.074190 -29.889946 943.582129 1830.939803 -0.390048 0.906787 -0.160000 0.136023 0.228600 0.963971 -0.910692 -0.354232 0.212508
-26.059879 -33.713650 884.547968 686.406379 -0.449515 0.855668 -0.256452 0.023226 0.298192 0.954223 -0.892971 -0.422981 0.153916
-23.567352 -33.131515 1441.858629 783.774641 -0.385763 0.845355 -0.369542 -0.017972 0.393584 0.919113 -0.922423 -0.361201 0.136637
5.019855 -87.904071 -2156.811292 4367.089432 0.623668 0.510095 0.592318 0.781095 -0.377143 -0.497648 -0.030459 0.773024 -0.633645
8.836029 -84.245882 -3011.027739 -729.706421 0.682652 0.473710 0.556404 0.723594 -0.544456 -0.424240 0.101971 0.692219 -0.714448
10.103132 -90.000261 -217.144440 -390.335535 0.612590 0.475322 0.631508 0.785187 -0.457575 -0.417260 0.090630 0.751461 -0.653523
13.863840 -92.995035 -1235.669647 -5797.516685 0.674218 0.442427 0.591345 0.703136 -0.629455 -0.330735 0.225899 0.638783 -0.735476
12.685877 -97.777404 689.907369 -5655.873205 0.617471 0.454359 0.642096 0.755444 -0.569989 -0.323137 0.219167 0.684595 -0.695194
-47.058679 -65.443553 -1943.817274 -2169.645010 0.879577 0.473982 0.041052 -0.450649 0.857711 -0.247484 0.152514 -0.199181 -0.968022
-49.103238 -72.326508 2779.931509 -1019.869996 -0.934974 -0.330702 -0.128300 -0.321379 0.942834 -0.088199 0.150133 -0.041231 -0.987806
-52.924059 -70.085633 2780.444206 -736.886374 -0.743187 -0.665535 -0.068822 -0.610660 0.716731 -0.336736 0.273436 -0.208231 -0.939081
-41.947083 -59.420313 -4551.557360 -100.907234 0.538450 0.821790 -0.186369 0.813381 -0.449080 0.369782 0.220188 -0.350698 -0.910235
-43.830739 -62.204958 -5676.039668 -432.198404 0.408214 0.888639 -0.209002 0.849648 -0.286115 0.442986 0.333856 -0.358411 -0.871826
1.292745 -104.899600 556.009422 1452.840599 0.789829 -0.612898 -0.022960 -0.561215 -0.707112 -0.430152 -0.247404 -0.352632 0.902464
2.815128 -110.296587 814.249337 -393.368204 0.794747 -0.606253 -0.028905 -0.578707 -0.742560 -0.337198 -0.182963 -0.284714 0.940990
1.675362 -110.658071 1325.639567 2973.015789 0.763179 -0.644188 -0.050792 -0.642065 -0.747099 -0.172037 -0.072878 -0.163906 0.983780
-10.791894 -90.455015 82.768202 1388.397258 0.717289 -0.674708 0.173973 -0.695467 -0.677964 0.238098 0.042699 0.291778 0.955533
-12.367017 -91.982590 34.376801 1167.136603 0.736815 -0.663407 0.130364 -0.675227 -0.712297 0.191574 0.034234 0.229180 0.972782
-10.141053 -98.216107 -240.089861 4400.663653 0.725845 -0.670609 0.153077 -0.670415 -0.639898 0.375598 0.153926 0.375251 0.914053
-11.269836 -101.394860 -1242.733054 4012.843120 0.732157 -0.667554 0.135346 -0.653348 -0.632104 0.416631 0.192571 0.393467 0.898944
-8.069816 -96.815747 -21.704037 3622.451878 0.705003 -0.684951 0.183884 -0.680749 -0.580864 0.446294 0.198878 0.439817 0.875790
-7.983330 -106.159685 -1032.103954 4885.727425 0.720040 -0.671108 0.176512 -0.622989 -0.513125 0.590413 0.305658 0.535086 0.787563
31.224268 -47.575934 -3428.378316 -877.084501 0.469935 -0.004234 0.882691 -0.511843 0.813400 0.276401 -0.719151 -0.581689 0.380078
32.107471 -51.591552 -5157.153558 864.784304 0.440029 0.048483 0.896674 -0.438792 0.882821 0.167597 -0.783477 -0.467201 0.409741
35.205075 -53.422618 -2989.853716 -1106.735525 0.517904 0.027750 0.854989 -0.513483 0.809471 0.284767 -0.684186 -0.586504 0.433477
32.757410 -47.148905 3329.694965 2256.636621 -0.520339 0.050006 -0.852494 0.553200 -0.740760 -0.381110 -0.650552 -0.669906 0.357783
24.425756 -42.323961 -1227.785330 -1260.550689 0.484701 -0.069010 0.871953 -0.531564 0.768432 0.356302 -0.694625 -0.636199 0.335777
-62.098866 -541.409289 14546.220322 -154071.661373 -0.170468 0.344811 0.923064 0.984132 0.012760 0.176979 0.049246 0.938586 -0.341514
-11.765237 -2006.848428 16675.292139 -825047.380805 0.026887 0.434661 0.900193 0.961254 0.235903 -0.142618 -0.274348 0.869149 -0.411477
-2.337498 -438.771388 17069.822183 -102648.854362 -0.178984 0.345396 0.921231 0.982780 0.106454 0.151030 -0.045903 0.932400 -0.358502
-169.401760 -644.133801 34059.757726 -236678.883773 -0.309582 0.423368 0.851421 0.924227 0.344463 0.164771 -0.223524 0.837917 -0.497928
-39.271204 -759.437210 -2864.347541 -245638.202123 -0.115700 0.400034 0.909168 0.993172 0.032809 0.111954 0.014956 0.915913 -0.401098
36.046760 -56.511681 -5727.790312 -1823.841684 0.389039 0.203613 0.898438 -0.224523 0.966816 -0.121888 -0.893442 -0.154301 0.421845
24.480655 -53.218674 -8799.504982 -1931.980210 0.290681 0.197673 0.936178 -0.213351 0.967184 -0.137975 -0.932731 -0.159628 0.323315
32.140130 -62.468452 -5637.298676 -3484.767724 0.364301 0.233672 0.901489 -0.119249 0.971745 -0.203693 -0.923615 -0.033296 0.381872
-4.180786 -179.366513 -3159.411973 -20240.163300 -0.597507 -0.341234 -0.725634 0.291422 0.750646 -0.592961 0.747033 -0.565764 -0.349073
2.042964 -159.238804 2174.109892 -19868.903163 0.596041 0.328444 0.732707 0.483244 0.582023 -0.654007 0.641256 -0.743891 -0.188191
-6.242224 -194.774050 -3049.703549 -24351.944683 -0.608495 -0.396788 -0.687236 0.262444 0.716665 -0.646154 0.748904 -0.573542 -0.331952
-15.194628 -34.889972 587.604086 -424.264994 -0.319261 0.820434 -0.474300 -0.325929 0.374899 0.867883 -0.889855 -0.431669 -0.147713
-15.127562 -32.713481 629.196898 -641.465069 -0.378361 0.844856 -0.378235 -0.368039 0.237623 0.898934 -0.849347 -0.479327 -0.221032
-17.837252 -34.383315 1122.032509 -464.216746 -0.365149 0.826110 -0.429195 -0.285537 0.339424 0.896248 -0.886079 -0.449815 -0.111945
-15.797240 -35.455941 774.329324 -418.948829 -0.301727 0.804992 -0.510831 -0.271977 0.440862 0.855377 -0.913777 -0.397025 -0.085920
13.226123 -19.320104 5946.101327 -5015.445800 -0.266988 -0.281471 -0.921679 0.269461 0.896445 -0.351821 0.925261 -0.342288 -0.163495
142.828061 -36.727610 -63087.908426 -1935.034278 0.406748 0.683274 0.606376 0.031521 0.652873 -0.756811 0.912996 -0.326945 -0.244017
0.183999 -30.805522 14970.991324 -135.965834 -0.358332 -0.584473 -0.728004 0.037871 0.770044 -0.636865 0.932826 -0.255779 -0.253796
-21.854073 -35.774410 -306.237684 -673.878454 -0.201416 0.062594 -0.977504 0.147358 0.988535 0.032937 0.968358 -0.137409 -0.208330
-5.935128 -34.310917 -8750.987667 -3316.898739 -0.096281 0.195604 -0.975945 0.276517 0.947161 0.162555 0.956174 -0.254215 -0.145282
153.396233 -1887.957530 -131814.614948 -1978445.189493 -0.339771 -0.200683 -0.918848 -0.485988 0.873894 -0.011156 0.805215 0.442758 -0.394453
-68.772301 -368.985930 24405.467911 102341.432695 0.873976 0.385045 0.296489 -0.430476 0.330284 0.840002 -0.225513 0.861773 -0.454413
-776.101583 -4252.316485 -221779.536844 1628353.408407 0.623881 0.759461 -0.184366 0.776969 -0.577323 0.251031 0.084209 -0.299860 -0.950259
-98.793725 -356.599545 8899.100670 -108614.608540 -0.595404 0.014871 0.803289 0.500618 0.788872 0.356458 -0.628391 0.614378 -0.477142
-70.319908 -375.920708 993.674670 -109264.276727 0.439069 0.843373 -0.309743 -0.342990 -0.161300 -0.925386 0.830407 -0.512547 -0.218447
-93.116959 -361.150909 -18762.619491 -109093.768451 0.103345 0.447241 -0.888423 0.703740 0.598336 0.383071 0.702901 -0.664808 -0.252906
-24.129870 -508.772724 16877.890792 -108653.922385 -0.645434 0.721182 -0.251617 0.600772 0.682754 0.415836 -0.471686 -0.117231 0.873939
-43.068826 -467.754729 -18398.400520 101142.455363 0.643314 -0.730217 0.230066 0.759785 0.645894 -0.074489 -0.094205 0.222720 0.970320
4.990155 -571.546067 -5985.108380 159235.157346 0.672079 -0.696232 0.252131 0.737537 0.659734 -0.144193 -0.065948 0.282865 0.956890
12.077738 -729.525827 2634.882161 -211545.914426 -0.639861 0.735702 -0.222082 0.570814 0.648481 0.503631 -0.514539 -0.195486 0.834886
-0.290651 -80.529194 -866.289216 -2233.878010 -0.676620 0.734109 0.057182 -0.186552 -0.095782 -0.977765 0.712309 0.672243 -0.201757
-0.376682 -74.316201 -773.219549 -3862.723995 -0.674419 0.734584 0.074470 -0.071209 0.035678 -0.996823 0.734907 0.677579 -0.028247
0.826833 -80.389114 -449.378952 -3118.178391 -0.674065 0.734309 0.080168 -0.158330 -0.037621 -0.986669 0.721504 0.677772 -0.141622
-11.638160 -56.461625 -5502.723583 -8297.722021 -0.681961 0.717099 0.143866 0.261177 0.422502 -0.867916 0.683166 0.554311 0.475420
-11.479507 -42.360339 3471.152662 -3137.002541 0.732400 -0.595774 -0.329611 0.141796 0.606948 -0.781990 0.665946 0.525992 0.529007
-4.796898 -47.608517 -889.665855 -3481.048441 -0.738854 0.619305 0.265625 0.200415 0.578296 -0.790827 0.643373 0.531071 0.551394
-7.614101 -37.060933 3198.903191 -2197.756272 0.747115 -0.507385 -0.429395 0.091917 0.718660 -0.689259 0.658309 0.475487 0.583559
-2.717365 -36.818344 -1295.178300 -1796.673409 0.774055 -0.489513 -0.401517 0.122041 0.737660 -0.664051 0.621245 0.465010 0.630730
-14.396147 -115.550088 11536.020049 -41174.435464 0.656736 -0.426084 -0.622214 0.601492 0.793634 0.091395 0.454868 -0.434279 0.777494
6.740566 -68.878980 11156.331363 -15330.493559 0.561848 -0.580192 -0.589664 0.631953 0.761007 -0.146640 0.533818 -0.290251 0.794224
-9.545464 -144.090035 11917.792179 87339.721221 0.665328 -0.244439 -0.705400 -0.558350 -0.790142 -0.252826 0.495565 -0.562072 0.662186
-10.451744 -64.679112 2627.610107 -4127.632099 0.685632 -0.500451 -0.528638 0.437408 0.863712 -0.250350 0.581879 -0.059582 0.811090
-34.714130 -85.091100 11813.379694 -9993.966490 0.643143 -0.531613 -0.551140 0.435032 0.845973 -0.308346 0.630170 -0.041453 0.775350
-40.698166 -163.715622 4472.601229 60312.558981 0.706743 -0.521966 -0.477563 -0.646332 -0.750871 -0.135818 0.287697 -0.404653 0.868036
-44.111649 -69.096982 6816.304503 -7178.378795 -0.221993 -0.633089 -0.741565 -0.327531 0.764766 -0.554848 0.918391 0.119713 -0.377129
-48.183477 -63.298529 6565.672547 -6580.854320 -0.125037 -0.675674 -0.726520 -0.230999 0.731968 -0.640985 0.964886 0.087678 -0.247603
-20.716276 -53.737018 -18161.707460 -1853.541707 0.136508 0.937072 0.321343 -0.279369 0.347628 -0.895046 0.950431 -0.032408 -0.309243
31.064790 -47.489787 -27619.513432 400.579418 0.108723 0.990152 0.088191 -0.221922 0.110654 -0.968765 0.968984 -0.085755 -0.231767
17.000148 -46.676609 -21140.031800 -103.515897 0.124850 0.967840 0.218401 -0.353807 0.249081 -0.901543 0.926948 -0.035285 -0.373526
-24.403439 -59.517610 -14610.205685 -4527.061918 0.217572 0.835182 0.505108 -0.361709 0.549651 -0.753028 0.906548 0.018864 -0.421681
32.189989 -46.273388 -3891.372401 260.052060 -0.504058 0.792836 -0.342544 0.780678 0.587897 0.211942 -0.369416 0.160585 0.915284
30.738281 -45.852000 1421.792470 674.753181 -0.529937 0.788055 -0.313266 0.767282 0.602885 0.218651 -0.361173 0.124492 0.924152
29.105788 -46.934591 -1102.908750 1053.441362 -0.526786 0.787627 -0.319594 0.725598 0.612530 0.313552 -0.442723 0.066722 0.894172
33.254201 -47.461966 -3815.326645 423.306610 -0.521789 0.792244 -0.316362 0.683243 0.610165 0.401095 -0.510798 0.006866 0.859673
34.890006 -46.280632 -5834.188499 4.312855 -0.498840 0.795312 -0.344438 0.728341 0.600088 0.330776 -0.469763 0.085864 0.878607
29.725037 -47.252782 939.381155 911.869187 -0.537008 0.793793 -0.285508 0.672339 0.607154 0.423466 -0.509492 -0.035446 0.859745
43.825313 -44.780658 -588.241381 -579.876665 -0.388965 0.806447 -0.445364 0.665594 0.580239 0.469369 -0.636939 0.113863 0.762459
42.355815 -42.680072 2024.074665 -478.252786 -0.334618 0.821428 -0.461830 0.598505 0.563796 0.569145 -0.727889 0.085962 0.680285
39.953241 -41.553089 6913.247002 -416.149931 -0.268786 0.788548 -0.553123 0.647894 0.572944 0.501965 -0.712732 0.223444 0.664895
36.655434 -39.745710 7700.224919 51.675867 -0.218834 0.808849 -0.545779 0.581072 0.557368 0.593039 -0.783879 0.187360 0.591971
-4.987897 -49.269708 2153.938922 -4015.232855 -0.312860 0.927813 -0.203177 0.622827 0.038905 -0.781392 0.717081 0.371011 0.590038
-6.059492 -47.209945 1293.815836 -1425.413069 -0.308070 0.932936 -0.186342 0.641351 0.058990 -0.764976 0.702681 0.355177 0.616513
-7.884425 -48.483044 390.618870 -4989.872050 -0.263872 0.936776 -0.229829 0.607310 -0.023760 -0.794110 0.749364 0.349121 0.562644
6.930212 -70.247508 -1326.377842 774.191458 -0.417797 0.871020 -0.258398 -0.451573 0.047709 0.890958 -0.788370 -0.488925 -0.373396
6.596842 -73.121800 -849.142709 1330.427619 -0.393158 0.869114 -0.300112 -0.575300 0.022092 0.817644 -0.717256 -0.494118 -0.491316
7.846987 -75.857170 -942.847066 1402.520571 -0.397244 0.875319 -0.275705 -0.532165 0.025044 0.846270 -0.747661 -0.482897 -0.455866
7.621709 -69.931945 -665.024927 1813.082651 -0.404769 0.881595 -0.242799 -0.394814 0.071006 0.916013 -0.824793 -0.466635 -0.319325
6.912723 -79.625673 975.069431 1230.236856 -0.357774 0.898446 -0.254542 -0.546821 0.019388 0.837025 -0.756957 -0.438655 -0.484353
-11.772150 -83.368920 -600.840134 1539.103880 -0.228840 0.922677 -0.310320 0.918829 0.310021 0.244213 -0.321536 0.229246 0.918728
-12.364556 -83.353623 760.473576 1977.577553 -0.205592 0.917525 -0.340410 0.927532 0.293624 0.231234 -0.312115 0.268202 0.911401
-12.962124 -85.242328 705.500410 429.554874 -0.220629 0.915744 -0.335761 0.854215 0.347576 0.386662 -0.470786 0.201503 0.858928
-13.367609 -86.820613 752.905988 1468.996719 -0.194226 0.913965 -0.356292 0.866946 0.329879 0.373610 -0.459000 0.236321 0.856430
-10.749202 -85.590051 -1733.107716 726.297833 -0.249595 0.924427 -0.288335 0.862365 0.347640 0.368066 -0.440487 0.156783 0.883963
-12.164662 -87.326891 -35.648692 -153.991809 -0.248169 0.914568 -0.319338 0.763054 0.387641 0.517188 -0.596792 0.115322 0.794065
-12.784618 -87.201805 20.371443 80.658764 -0.227535 0.912392 -0.340249 0.749766 0.387108 0.536655 -0.621352 0.132999 0.772161
1.535011 -103.116625 -108.021832 -8532.294467 -0.222372 0.834083 -0.504832 -0.534879 -0.537285 -0.652096 0.815141 -0.125017 -0.565611
2.083738 -95.188866 12.775250 -4566.611131 -0.221217 0.838971 -0.497183 -0.465166 -0.538857 -0.702321 0.857137 -0.075908 -0.509465
3.834966 -107.699762 -709.705322 -8336.275631 -0.237044 0.824818 -0.513308 -0.584688 -0.543086 -0.602659 0.775855 -0.157268 -0.610996
4.754372 -108.584592 -1673.825820 -702.193988 -0.219542 0.844938 -0.487730 -0.478187 -0.528952 -0.701104 0.850376 -0.079304 -0.520166
-11.345098 -34.435402 -1263.214531 4513.011118 -0.059764 0.751931 0.656527 0.793571 -0.363185 0.488202 -0.605535 -0.550178 0.575006
-12.977990 -24.914989 1365.716568 1748.654998 0.245331 -0.795492 -0.554081 0.798956 -0.157805 0.580316 -0.549073 -0.585056 0.596848
-16.390529 -31.185022 -1387.852290 2591.217001 -0.266601 0.827889 0.493481 0.783959 -0.111569 0.610705 -0.560653 -0.549683 0.619287
-15.413917 -38.910362 -1279.905274 3732.753954 -0.163148 0.822371 0.545058 0.762701 -0.245316 0.598421 -0.625836 -0.513347 0.587200
-18.128052 -36.236058 -710.230218 2765.748735 -0.319448 0.863004 0.391379 0.752329 -0.020146 0.658480 -0.576155 -0.504795 0.642827
-17.030564 -32.132985 -1170.588062 -1131.890679 -0.534741 0.818594 0.209656 0.658858 0.248546 0.710022 -0.529111 -0.517812 0.672245
2.447656 -127.055249 1801.375503 4299.000517 0.471294 0.699503 0.537193 0.693047 0.082994 -0.716099 -0.545497 0.709794 -0.445674
5.399581 -119.941205 1097.851084 5148.940106 0.434007 0.702535 0.563988 0.848107 -0.107436 -0.518818 -0.303895 0.703493 -0.642453
3.355973 -115.725878 2406.321835 5350.838259 0.448243 0.687430 0.571418 0.792357 -0.009622 -0.609982 -0.413821 0.726187 -0.549003
0.424223 -118.550125 1424.927370 3268.527899 0.457821 0.701131 0.546640 0.655368 0.149320 -0.740403 -0.600743 0.697223 -0.391137
-9.885152 -94.462706 274.934033 675.244883 -0.303677 0.902009 -0.306855 0.625882 0.431686 0.649553 -0.718368 -0.005199 0.695644
-8.603722 -98.903074 -1615.196208 985.024962 -0.346046 0.895296 -0.280530 0.614531 0.442226 0.653290 -0.708945 -0.053674 0.703218
-9.011570 -95.383385 -833.111919 1974.312370 -0.305042 0.911887 -0.274612 0.780831 0.404565 0.476057 -0.545208 0.069208 0.835439
-10.532941 -94.249239 303.774389 573.593004 -0.282827 0.909701 -0.304060 0.722031 0.410601 0.556846 -0.631411 0.062050 0.772962
-11.848923 -94.842349 -67.046983 -300.850765 -0.288359 0.903482 -0.317125 0.530312 0.426451 0.732741 -0.797257 -0.043117 0.602098
0.599633 -142.185146 -44.940457 -11766.633484 -0.308168 0.805659 -0.505911 0.839334 -0.020081 -0.543246 -0.447830 -0.592039 -0.670028
0.506029 -124.260007 -87.772267 8009.521552 -0.336853 0.808045 -0.483315 -0.724888 0.105027 0.680813 -0.600889 -0.579683 -0.550364
0.638880 -140.309996 -139.657911 -9278.588986 -0.305313 0.806881 -0.505695 0.872178 0.023796 -0.488609 -0.382216 -0.590235 -0.711009
0.072125 -132.753293 1095.036548 7007.630109 0.232021 0.872529 0.429953 -0.399935 0.488498 -0.775514 0.886689 -0.007982 -0.462296
-1.354528 -119.500208 410.863594 3902.315782 0.274171 0.850436 0.448986 -0.588918 0.517570 -0.620723 0.760267 0.094232 -0.642740
-0.800759 -129.285289 726.587611 2628.116994 0.279740 0.838316 0.467944 -0.570305 0.537189 -0.621434 0.772333 0.093031 -0.628369
-0.784558 -140.023224 -823.026218 4110.878982 0.303215 0.827057 0.473326 -0.564067 0.556118 -0.610378 0.768042 0.081912 -0.635139
1.437696 -143.104124 -925.250915 4672.081594 0.278756 0.860423 0.426577 -0.339152 0.503762 -0.794481 0.898483 -0.076792 -0.432240
-16.553064 -38.049097 -767.252205 498.392981 -0.232417 0.908668 -0.346849 0.901923 0.334827 0.272810 -0.364028 0.249426 0.897368
-19.586614 -40.032353 -1066.687756 47.370461 -0.195475 0.903350 -0.381769 0.896524 0.322396 0.303817 -0.397534 0.282876 0.872896
-18.494653 -39.636699 -722.822699 146.861124 -0.138485 0.928155 -0.345471 0.872918 0.279166 0.400101 -0.467799 0.246159 0.848864
-19.780984 -39.812993 985.569908 149.788024 0.263780 -0.879098 0.396998 0.916220 0.357037 0.181840 -0.301598 0.315772 0.899626
-14.224035 -36.656435 -1741.201317 394.493697 -0.271216 0.911844 -0.308192 0.901873 0.352607 0.249587 -0.336255 0.210258 0.918000
-15.988996 -37.690112 1111.443985 92.498044 0.312602 -0.882222 0.352086 0.910354 0.384069 0.154100 -0.271176 0.272351 0.923195
-0.005724 -95.750868 618.431014 -3619.590052 -0.320704 -0.835449 -0.446289 0.941924 -0.330870 -0.057483 -0.099640 -0.438805 0.893041
-1.216695 -97.418138 831.568737 -3359.675049 -0.294740 -0.844427 -0.447293 0.948761 -0.314408 -0.031619 -0.113932 -0.433694 0.893828
1.601478 -90.711573 1018.318923 -1215.902269 -0.339349 -0.823330 -0.454940 0.895693 -0.430569 0.111108 -0.287362 -0.369782 0.883564
1.615785 -85.696112 -1030.308583 -184.451534 -0.371275 -0.827127 -0.421918 0.891511 -0.444563 0.087017 -0.259544 -0.343837 0.902448
-0.678784 -93.019094 -847.851471 -3605.524891 -0.334261 -0.842444 -0.422561 0.939353 -0.334286 -0.076610 -0.076717 -0.422542 0.903091
11.974472 -50.164398 -3026.351564 68.883535 -0.649609 0.759663 -0.030339 0.728523 0.633399 0.260881 -0.217398 -0.147368 0.964894
12.516358 -50.859100 3676.583259 118.908017 -0.633445 0.771887 -0.054201 0.722817 0.615267 0.314614 -0.276195 -0.160113 0.947671
15.064772 -49.542312 -3910.533314 -945.489900 -0.632540 0.774516 -0.004269 0.710263 0.582246 0.395622 -0.308901 -0.247214 0.918404
18.076459 -49.148384 -7945.546225 -1118.870164 -0.631005 0.775777 -0.001700 0.733736 0.597518 0.323425 -0.251921 -0.202836 0.946252
20.067000 -47.870351 -6645.395834 -783.994049 -0.628941 0.777238 -0.018287 0.694398 0.572174 0.436380 -0.349635 -0.261759 0.899576
28.902699 -257.190794 -3195.265477 45580.582897 -0.361317 0.881819 -0.303060 0.288230 0.414724 0.863092 -0.886777 -0.224498 0.404013
16.818502 -274.425940 -3365.860026 43161.472463 -0.421894 0.852165 -0.309548 0.152431 0.403231 0.902314 -0.893739 -0.333496 0.300017
25.090374 -340.316514 -4921.188730 50262.413424 -0.325379 0.867258 -0.376818 -0.143303 0.348674 0.926224 -0.934662 -0.355373 -0.010829
13.956073 -302.259470 -3171.799197 12900.226749 -0.376220 0.845854 -0.378139 -0.347920 0.249284 0.903775 -0.858726 -0.471580 -0.200504
52.030640 -795.522976 -7086.435680 290732.074467 -0.283918 0.893880 -0.346943 0.034316 0.371074 0.927969 -0.958234 -0.251561 0.136028
27.883175 -315.174986 -5496.551510 3554.119372 -0.348361 0.853652 -0.387199 -0.506334 0.176255 0.844133 -0.788841 -0.490115 -0.370833
45.041728 -365.742711 -5302.051066 14753.893607 -0.269565 0.902895 -0.334837 -0.447251 0.190545 0.873876 -0.852820 -0.385323 -0.352456
-25.030890 -203.450732 -3252.701379 -60088.327498 0.773119 -0.506835 0.381320 -0.546285 -0.226628 0.806358 0.322273 0.831720 0.452087
-42.841948 -232.269400 304.241700 -63351.307763 0.851884 -0.496737 0.165972 -0.328873 -0.260728 0.907669 0.407599 0.827812 0.385473
-1.141519 -74.975724 -4050.510734 13122.300717 0.592964 -0.585571 0.552720 0.688728 0.013192 -0.724899 0.417189 0.810514 0.411122
-0.764487 -131.716615 -1075.354719 26117.131473 0.631683 -0.584342 0.509431 0.693563 0.132409 -0.708123 0.346333 0.800632 0.488919
-48.769969 -87.714140 -292.384590 -7881.823930 -0.413179 0.851596 0.322594 0.910143 0.397990 0.115084 -0.030384 0.341157 -0.939515
-47.317021 -73.318218 -1313.176859 -4383.651801 0.811632 -0.459424 -0.360809 0.565918 0.771554 0.290588 -0.144881 0.440039 -0.886214
-57.831778 -81.188353 1758.018922 -3427.690808 -0.535694 0.750032 0.387922 0.844372 0.480251 0.237476 -0.008185 0.454765 -0.890574
9.837352 -33.898338 -18102.218390 26744.314770 0.850830 -0.509038 -0.130264 0.472885 0.633749 0.612162 0.229059 0.582446 -0.779929
88.099204 -111.069058 -224.065151 1476.016320 -0.646912 0.762342 0.018428 0.551665 0.451177 0.701501 -0.526470 -0.463976 0.712430
-22.276442 -65.001798 -10323.976330 -5827.209951 -0.362767 -0.014887 -0.931761 -0.209040 0.975691 0.065798 0.908131 0.218644 -0.357060
-40.355508 -77.237160 -6494.593538 -3639.252744 -0.397941 -0.222285 -0.890075 -0.383666 0.921609 -0.058628 0.833333 0.318160 -0.452029
-27.400292 -74.222272 -8005.046678 -2563.337547 -0.305712 -0.229376 -0.924082 -0.462319 0.884214 -0.066532 0.832347 0.406881 -0.376360
-30.490505 -62.652096 -12157.195239 -4505.263542 -0.420483 0.166034 -0.891979 -0.006371 0.982549 0.185896 0.907278 0.083849 -0.412087
-11.703352 -60.484908 -8600.997638 -5241.157645 -0.304657 -0.090767 -0.948127 -0.354135 0.934879 0.024294 0.884179 0.343167 -0.316962
4.046420 -45.689930 -12975.353706 -1930.401089 -0.371609 0.289196 -0.882198 -0.045890 0.943362 0.328576 0.927255 0.162586 -0.337290
0.438261 -49.897874 -17047.325082 -1005.511938 -0.353914 0.400629 -0.845128 0.092514 0.914176 0.394619 0.930691 0.061475 -0.360603
61.254675 -80.914791 3142.810615 -6829.410046 0.129561 0.930840 0.341688 -0.841342 -0.079161 0.534674 -0.524745 0.356749 -0.772899
71.216720 -64.159159 -7745.665802 -2850.108077 0.074930 0.916750 0.392371 -0.902953 -0.104596 0.416817 -0.423157 0.385524 -0.819944
67.186051 -78.276373 -6780.346527 -7990.814501 0.134057 0.899050 0.416818 -0.840107 -0.119980 0.528985 -0.525594 0.421086 -0.739214
3.542219 -49.874115 2291.488156 1578.737164 0.900572 -0.401177 -0.167416 -0.360250 -0.473213 -0.803921 -0.243291 -0.784300 0.570686
3.377818 -52.085325 -186.179029 2299.004337 0.867923 -0.462727 -0.180537 -0.411562 -0.466480 -0.782951 -0.278076 -0.753844 0.595310
-0.942198 -56.668342 -247.842240 -1913.932902 -0.784591 0.615507 -0.074618 0.605287 0.786463 0.122896 0.134328 0.051257 -0.989610
-2.582484 -63.710852 -121.484540 -1371.478752 -0.777375 0.625902 -0.062729 0.590983 0.760864 0.268001 0.215471 0.171265 -0.961374
-1.751022 -65.076924 285.171018 -1560.773884 -0.769884 0.635419 -0.059334 0.597895 0.750668 0.281103 0.223158 0.180941 -0.957842
-1.180453 -62.161736 -42.682602 -890.883995 -0.764608 0.641072 -0.066337 0.615354 0.756759 0.220577 0.191607 0.127835 -0.973111
4.735467 -73.127326 464.688324 2444.454970 0.766581 -0.623383 -0.154102 0.562133 0.767459 -0.308242 0.310419 0.149666 0.938744
-7.923976 -89.827088 299.130973 -5995.938471 -0.668428 0.722286 -0.177499 0.735517 0.606440 -0.302068 -0.110537 -0.332465 -0.936616
-7.105676 -99.883585 -36.780267 -545.158355 -0.675676 0.715457 -0.177715 0.735305 0.671332 -0.092951 0.052803 -0.193480 -0.979682
-7.052151 -101.058805 -1304.897467 -3273.119634 -0.683962 0.697002 -0.215371 0.727652 0.672907 -0.133112 0.052145 -0.247759 -0.967417
-7.535633 -100.220797 583.439107 -5561.075841 -0.652627 0.741488 -0.155801 0.755652 0.621939 -0.205383 -0.055390 -0.251770 -0.966201
-7.862267 -88.314107 -757.526554 -6216.269310 -0.699629 0.682467 -0.211561 0.704020 0.607910 -0.367153 -0.121960 -0.405814 -0.905782
-8.818489 -83.054531 227.468521 -9017.906715 -0.675402 0.714453 -0.182728 0.696698 0.536952 -0.475704 -0.241752 -0.448598 -0.860416
-8.245889 -87.018810 776.831704 -7060.045094 -0.649730 0.742907 -0.161059 0.714217 0.524053 -0.463963 -0.260278 -0.416482 -0.871090
-13.130088 -24.312136 4052.336765 1125.989113 0.049811 0.663148 0.746829 -0.394358 0.700058 -0.595316 -0.917606 -0.264865 0.296389
-18.481741 -22.632040 3200.595672 -807.755199 -0.046915 0.785320 0.617310 0.359318 -0.563356 0.743990 -0.932035 -0.256715 0.255750
-11.466542 -27.465774 3880.949351 1256.018465 0.059406 0.637113 0.768478 -0.449066 0.704598 -0.549438 -0.891522 -0.312457 0.327963
-18.169250 -29.937780 3920.049782 -1145.186046 -0.001069 0.678480 0.734618 0.497076 -0.637073 0.589113 -0.867707 -0.365791 0.336575
7.490806 -37.797206 845.154834 969.658804 -0.552175 0.827823 -0.099055 -0.592454 -0.473193 -0.651987 0.586602 0.301326 -0.751732
7.659995 -33.518886 1182.005900 2621.482438 -0.517145 0.853489 -0.064167 -0.687472 -0.458870 -0.562868 0.509846 0.246971 -0.824052
8.148502 -39.274042 -451.998000 1539.160635 -0.521861 0.846070 -0.108749 -0.621701 -0.464527 -0.630636 0.584080 0.261495 -0.768421
8.917942 -40.377725 -282.613090 -91.273892 -0.551127 0.825094 -0.124413 -0.535303 -0.463985 -0.705811 0.640086 0.322393 -0.697390
7.482169 -37.567217 1218.920408 -817.914283 -0.571436 0.812108 -0.118077 -0.502210 -0.459856 -0.732337 0.649035 0.359184 -0.670627
-42.422033 -67.873005 -3119.621725 -1430.005981 0.972958 0.227463 0.040179 -0.223705 0.971256 -0.081351 0.057528 -0.070163 -0.995875
-40.754754 -71.014813 -4118.703844 -214.620321 0.993315 0.107830 0.041210 -0.111187 0.989678 0.090416 0.031035 0.094394 -0.995051
-51.981156 -75.603996 3807.475628 204.910335 -0.949842 -0.251325 -0.186105 -0.268314 0.960627 0.072142 0.160647 0.118458 -0.979878
-13.969978 -91.367254 -100.167209 -709.480759 0.753365 -0.649664 0.101874 -0.653889 -0.756508 0.011197 -0.069794 0.075050 0.994734
-13.640157 -93.371000 -1000.439383 1848.646799 0.749421 -0.653150 0.108463 -0.659428 -0.721632 0.210719 0.059360 0.229441 0.971511
11.528013 -274.473994 -213.539663 -40190.093588 0.680918 0.259339 0.684905 -0.502845 -0.514361 0.694680 -0.532446 0.817421 0.219830
9.605197 -243.118821 1628.691527 -12535.364106 0.693157 0.281284 0.663635 0.203862 0.806611 -0.554815 -0.691356 0.519864 0.501765
10.601013 -243.797109 -1150.787268 -17021.277755 0.668513 0.294841 0.682759 -0.388659 -0.644208 0.658742 -0.634062 0.705738 0.316069
36.790448 -57.540390 -561.924188 1531.669807 0.535310 0.100150 0.838697 -0.437663 0.882141 0.174007 -0.722423 -0.460214 0.516051
9.497956 -354.255751 426.014389 -58402.345450 0.017869 0.428257 0.903480 0.999767 -0.018623 -0.010946 0.012138 0.903465 -0.428490
44.022666 -1104.690343 26278.212686 -326096.268805 -0.023388 0.373611 0.927291 0.821048 -0.522019 0.231033 0.570380 0.766753 -0.294543
-540.909694 -103695.733484 -1404085.116509 -48794338.316884 -0.275838 0.368442 0.887786 0.933149 -0.118876 0.339267 0.230537 0.922019 -0.311021
9.326441 -485.277329 2906.284795 -127101.176167 -0.119498 0.392617 0.911906 0.985211 0.160496 0.060003 -0.122799 0.905590 -0.405990
-3.585239 -178.586478 2058.945524 -28336.623509 0.628203 0.368097 0.685468 0.460029 0.534792 -0.708781 0.627483 -0.760593 -0.166623
-17.946845 -31.856239 857.523291 -722.098237 -0.466585 0.855510 -0.224502 -0.272996 0.102135 0.956578 -0.841292 -0.507613 -0.185896
-12.621354 -33.172625 238.969458 -626.864752 -0.334162 0.850915 -0.405313 -0.427562 0.246383 0.869762 -0.839956 -0.463938 -0.281487
-11.997271 -30.577518 97.282237 -589.747365 -0.422400 0.863175 -0.276598 -0.423686 0.081743 0.902113 -0.801292 -0.498244 -0.331187
-14.468199 -30.070880 381.918479 -667.995575 -0.471804 0.856808 -0.208039 -0.340523 0.040573 0.939360 -0.813292 -0.514036 -0.272621
-1.500218 -62.409628 209.136934 1110.038716 0.815290 -0.518642 -0.257511 -0.568835 -0.634177 -0.523686 -0.108298 -0.573437 0.812060
-3.081634 -64.815076 322.180724 1483.398672 0.801211 -0.536491 -0.265025 -0.596972 -0.686262 -0.415533 -0.041053 -0.491142 0.870111
163.545273 -21.406519 64190.272667 -8977.165785 -0.385380 -0.550569 -0.740510 0.217930 0.725490 -0.652818 0.896654 -0.412962 -0.159604
52.820479 -6.039910 -12691.643644 -6863.584453 -0.106412 0.021690 -0.994086 0.417927 0.908139 -0.024922 0.902227 -0.418107 -0.105702
-90.116510 -487.093227 -25877.407356 125708.833912 0.686771 -0.709124 0.159650 0.723781 0.646910 -0.240102 0.066983 0.280447 0.957529
943.451087 -15422.285234 -326.907921 5699044.409123 0.517973 -0.771376 0.369705 0.811370 0.306183 -0.497926 0.270891 0.557880 0.784467
0.344384 -72.377689 -954.493104 -4874.039069 -0.668904 0.737603 0.092249 -0.030625 0.096649 -0.994847 0.742718 0.668282 0.042060
-38.254671 -57.824566 135.136992 1081.829460 -0.320163 -0.596477 0.736010 0.860863 -0.507503 -0.036816 0.395487 0.621817 0.675969
-39.349662 -59.375074 259.644653 272.269973 -0.331132 -0.520572 0.786992 0.880908 -0.469454 0.060117 0.338161 0.713174 0.614028
-38.723179 -60.953069 764.990289 -385.932147 -0.302525 -0.639189 0.707048 0.921497 -0.385699 0.045600 0.243560 0.665337 0.705694
-39.592209 -60.159360 1322.075334 -345.650456 -0.283494 -0.595071 0.752011 0.939428 -0.329851 0.093133 0.192631 0.732863 0.652537
-39.154756 -59.600994 -270.341643 128.409339 -0.315588 -0.679928 0.661893 0.899016 -0.437427 -0.020699 0.303604 0.588520 0.749312
-39.135699 -60.513506 1427.512379 -705.314266 -0.294823 -0.653973 0.696705 0.951022 -0.271725 0.147384 0.092927 0.706035 0.702054
-39.122446 -60.822511 14.301658 -724.213381 -0.349214 -0.687950 0.636219 0.924555 -0.363446 0.114480 0.152474 0.628197 0.762968
12.626560 -51.208372 6880.375578 1023.286499 0.541638 -0.666083 -0.512798 0.607708 0.731750 -0.308599 0.580793 -0.144483 0.801127
27.786233 -46.119355 -517.524167 -474.582834 -0.524983 0.785486 -0.327727 0.795741 0.589600 0.138446 -0.301976 0.188104 0.934574
27.514659 -46.389904 4048.209673 -97.246715 -0.543442 0.781860 -0.305558 0.791086 0.598765 0.125151 -0.280808 0.173711 0.943913
29.163487 -46.525429 2154.231937 -315.816610 -0.559114 0.790524 -0.249928 0.761028 0.608955 0.223630 -0.328979 0.065168 0.942086
43.688223 -45.401350 -4980.261437 -651.407632 -0.448189 0.814039 -0.369415 0.608731 0.580547 0.540751 -0.654655 -0.017484 0.755726
43.826645 -43.637372 -2385.788255 -427.878465 -0.409650 0.827581 -0.383791 0.555437 0.560014 0.614715 -0.723655 -0.038646 0.689079
41.504502 -40.141066 4309.091562 -440.362006 -0.289483 0.844764 -0.450081 0.520509 0.533543 0.666635 -0.803287 0.041292 0.594159
-5.075161 -47.089028 -963.797579 1306.847791 -0.267881 0.953471 -0.138318 0.690828 0.090019 -0.717394 0.671563 0.287730 0.682799
-4.550774 -42.865385 1000.579396 -424.493828 -0.345911 0.929475 -0.128150 0.719344 0.175025 -0.672243 0.602404 0.324720 0.729155
-3.446144 -43.598035 240.166350 -2575.533204 -0.328454 0.937916 -0.111496 0.785325 0.205599 -0.583947 0.524770 0.279361 0.804099
-1.291408 -40.659372 2519.900247 -3384.264158 -0.404576 0.907208 -0.115289 0.788677 0.282309 -0.546160 0.462934 0.311889 0.829709
-0.796924 -42.382620 1570.422386 -2620.399251 -0.372427 0.922135 -0.104711 0.824008 0.276650 -0.494446 0.426978 0.270428 0.862878
-3.407070 -43.053582 -920.863909 -3761.128802 -0.315907 0.943364 -0.101322 0.825081 0.220420 -0.520246 0.468448 0.247948 0.847985
-4.521695 -46.591087 -1241.537729 -802.378121 -0.263489 0.955138 -0.135225 0.754610 0.116754 -0.645703 0.600947 0.272178 0.751520
4.672935 -68.114175 -685.342156 1674.898821 -0.408124 0.871783 -0.270977 -0.434561 0.075522 0.897470 -0.802864 -0.484035 -0.348021
-10.900016 -81.247276 425.424434 1386.836091 0.212451 -0.926706 0.309968 0.963256 0.251952 0.093044 -0.164322 0.278811 0.946183
-11.464084 -79.400595 -871.505014 580.177352 0.189547 -0.916638 0.351918 0.963710 0.242298 0.112047 -0.187976 0.317909 0.929300
-12.240005 -83.496432 -1475.459630 1851.921024 0.191587 -0.910106 0.367427 0.936839 0.281189 0.208003 -0.292621 0.304369 0.906495
-13.677693 -36.344440 1163.372983 -256.167396 -0.426082 0.815374 -0.391944 -0.121374 -0.480842 -0.868366 0.896506 0.322423 -0.303844
-13.233262 -38.594840 -1904.307484 695.400109 -0.368694 0.872604 -0.320355 -0.112774 -0.384079 -0.916387 0.922685 0.301739 -0.240014
-13.151412 -37.195582 -472.427765 -56.565460 -0.393987 0.844433 -0.362914 -0.189481 -0.460993 -0.866939 0.899373 0.272797 -0.341629
-16.338275 -39.278681 -1841.310053 1162.423377 -0.397454 0.852766 -0.338851 -0.065999 -0.394881 -0.916359 0.915246 0.341847 -0.213228
-7.647166 -37.400058 2964.682307 -1105.293871 -0.452987 0.777589 -0.436070 -0.172660 -0.556391 -0.812784 0.874638 0.292889 -0.386297
-14.872392 -38.807925 2927.678068 978.687400 -0.461128 0.782545 -0.418312 -0.039974 -0.489267 -0.871217 0.886433 0.385021 -0.256896
-2.656762 -36.583141 5631.312818 -520.339545 -0.486834 0.715197 -0.501484 -0.070285 -0.604324 -0.793632 0.870662 0.351120 -0.344473
11.925530 -110.307901 -1426.774647 -3060.427150 0.344984 0.717873 0.604686 0.938157 -0.243737 -0.245875 -0.029123 0.652113 -0.757562
7.785036 -120.870451 -762.640258 -834.934859 0.382512 0.727519 0.569561 0.919072 -0.236339 -0.315356 -0.094818 0.644096 -0.759046
12.911274 -124.850304 -1690.927734 -8068.281619 0.350774 0.735430 0.579741 0.929141 -0.350569 -0.117465 0.116851 0.579865 -0.806289
