14332
28656
-42.719778 -62.969372 -79.001266 8665.956622 0.263696 0.964603 0.002436 0.935547 -0.255136 -0.244249 0.234981 -0.066686 0.969710
-48.617854 -73.829134 174.253642 5078.727036 0.215701 0.975874 -0.033819 0.973587 -0.217592 -0.069145 0.074836 0.018011 0.997033
-36.645434 -86.178841 -2845.262106 12193.117530 -0.068067 0.993463 0.091640 0.991107 0.077860 -0.107914 0.114343 -0.083480 0.989928
-43.283288 -65.909791 -391.479094 5253.126457 0.609140 0.775107 -0.167806 0.772420 -0.627813 -0.096007 0.179766 0.071135 0.981134
-29.258818 -68.301827 -3842.299062 13496.500701 0.078133 0.986925 0.140979 0.956176 -0.034160 -0.290794 0.282176 -0.157521 0.946342
-28.642814 -46.205488 -2798.065946 6512.376090 0.469232 0.882934 -0.015778 0.816577 -0.440630 -0.372889 0.336189 -0.162087 0.927742
-36.006531 -51.989153 -363.562077 -4410.033584 0.692837 0.698849 -0.177728 -0.658831 0.713673 0.237933 0.293119 -0.047756 0.954883
-29.371919 -81.321711 -7238.224847 -418.486394 0.123764 -0.340362 0.932114 -0.117597 0.927686 0.354359 -0.985319 -0.153471 0.074788
-41.155833 -86.103655 -5328.339407 4164.657727 0.204497 -0.408610 0.889505 0.015573 0.909951 0.414422 -0.978743 -0.070896 0.192446
-25.623485 -77.888461 -6046.499600 4322.620631 0.111460 -0.439620 0.891241 0.075872 0.897977 0.433453 -0.990868 0.019308 0.133444
-14.242186 -73.678269 -7651.246294 -299.905639 0.059922 -0.374668 0.925221 -0.028274 0.925877 0.376765 -0.997803 -0.048736 0.044887
-16.960942 -72.232293 -8449.324718 -3992.911998 0.046511 -0.271692 0.961260 -0.220134 0.935856 0.275163 -0.974360 -0.224404 -0.016281
9.487170 -11.809805 1792.555696 -661.552344 0.307928 0.915114 -0.260282 0.454282 0.098953 0.885345 -0.835947 0.390864 0.385250
13.354026 -5.830896 -644.234110 -2460.184049 0.230294 0.922835 -0.308772 0.437619 0.185193 0.879882 -0.869169 0.337756 0.361201
7.314739 -8.860433 3042.488842 -2644.176117 0.380852 0.907804 -0.175623 0.382000 0.018490 0.923977 -0.842038 0.418986 0.339739
12.204820 -10.983430 -70.136285 -57.143027 0.248273 0.923333 -0.292945 0.483045 0.144126 0.863653 -0.839660 0.355927 0.410228
3.219101 -64.758760 -22.966782 1794.226728 0.409856 0.805519 -0.427969 -0.754232 0.563147 0.337639 -0.512984 -0.184404 -0.838357
4.099827 -70.766664 -277.888762 1999.372742 0.391883 0.824957 -0.407276 -0.774628 0.534699 0.337710 -0.496366 -0.183145 -0.848574
1.316043 -62.176141 3.358772 1168.246457 0.359885 0.842455 -0.400939 -0.695050 0.528760 0.487154 -0.622406 -0.103354 -0.775841
2.101673 -132.046301 -34.476832 -1233.807274 0.029293 0.979044 0.201531 -0.539992 -0.154166 0.827431 -0.841161 0.133063 -0.524160
1.192640 -131.812441 -46.171358 4050.490362 0.049302 0.980639 0.189515 -0.643794 -0.113867 0.756679 -0.763609 0.159314 -0.625716
3.553024 -123.539343 -557.218338 1982.009261 0.058863 0.984310 0.166340 -0.490884 -0.116551 0.863394 -0.869234 0.132476 -0.476321
158.887230 -8.546889 -31499.944715 2070.162117 -0.629177 0.760695 -0.159625 0.409859 0.499196 0.763426 -0.660418 -0.414906 0.625860
76.379575 -6.584360 17808.850042 571.608988 0.731306 -0.681685 -0.022300 -0.426871 -0.431954 -0.794479 -0.531952 -0.590527 0.606882
57.250156 -1.564446 9761.479753 -160.703355 0.731427 -0.681916 -0.002245 -0.427167 -0.455610 -0.780992 -0.531548 -0.572198 0.624537
175.918594 -12.674245 -45560.092167 -466.386263 -0.619674 0.781380 -0.073822 0.444986 0.427254 0.787046 -0.646523 -0.454862 0.612461
14.571700 -36.197112 7688.475169 -1913.885667 -0.427938 0.293317 -0.854889 -0.406651 0.782239 0.471951 0.807158 0.549607 -0.215472
16.248275 -34.931197 8936.465423 -4718.981677 -0.447286 0.303022 -0.841494 -0.345831 0.809081 0.475172 0.824825 0.503552 -0.257096
20.774832 -33.755175 2352.073947 -3699.446060 -0.353345 0.266713 -0.896667 -0.388229 0.830253 0.399946 0.851132 0.489432 -0.189820
15.245261 -35.133706 1033.669135 -574.734676 -0.339739 0.274445 -0.899587 -0.469959 0.778975 0.415134 0.814687 0.563807 -0.135671
10.891543 -36.911942 6419.848351 1242.337411 -0.422936 0.310616 -0.851260 -0.465499 0.731512 0.498197 0.777455 0.606966 -0.164791
-5.331953 -114.683286 78.368026 6949.692690 -0.154430 0.105015 -0.982407 0.549140 0.835725 0.003013 0.821339 -0.539013 -0.186730
-5.328785 -119.422725 -103.113202 6147.732536 -0.139461 0.099194 -0.985247 0.534537 0.845093 0.009420 0.833559 -0.525337 -0.170880
-5.557715 -122.612876 -154.282833 3978.232895 -0.160652 0.086248 -0.983236 0.690675 0.721465 -0.049564 0.705095 -0.687059 -0.175474
-5.688151 -122.449873 40.731300 6304.015153 -0.170049 0.105418 -0.979781 0.702588 0.710139 -0.045533 0.690980 -0.696125 -0.194823
-4.562221 -112.144825 591.934111 6757.946234 -0.165444 0.126261 -0.978104 0.570413 0.821302 0.009536 0.804523 -0.556346 -0.207900
-11.423708 -95.593825 -692.164253 700.292603 0.193304 0.959889 0.203094 -0.732813 0.278892 -0.620648 0.652395 0.028856 -0.757330
-13.809438 -92.433502 -176.575951 -206.273058 0.162054 0.950969 0.263433 -0.726482 0.295643 -0.620338 0.667804 0.090851 -0.738772
-10.623897 -96.516894 -545.577656 -543.882113 0.207962 0.951062 0.228543 -0.579409 0.308025 -0.754590 0.788059 -0.024506 -0.615111
-14.271920 -89.764675 -349.736770 878.230320 0.150247 0.957793 0.245067 -0.847414 0.252442 -0.467079 0.509230 0.137496 -0.849576
-8.163631 -101.207253 -899.803694 301.854019 0.238698 0.953160 0.185769 -0.591115 0.294390 -0.750944 0.770458 -0.069439 -0.633698
-11.529693 -91.044015 -955.860986 3008.114154 0.180077 0.966338 0.183747 -0.852937 0.246447 -0.460177 0.489971 0.073857 -0.868605
-7.955745 -98.266959 -1168.620626 2672.939844 0.220725 0.962333 0.158733 -0.744606 0.271378 -0.609849 0.629954 -0.016415 -0.776459
-11.171341 -130.127903 -1055.557171 3450.296358 0.229320 -0.318264 0.919848 0.047292 0.947559 0.316062 -0.972202 -0.028978 0.232345
-10.973383 -138.439303 -41.817892 5180.177013 0.243529 -0.278706 0.928987 -0.148094 0.935907 0.319604 -0.958521 -0.215410 0.186646
-14.718840 -142.911965 2685.084299 10047.208096 0.273926 -0.314279 0.908952 0.043590 0.948187 0.314709 -0.960762 -0.046586 0.273433
-13.888420 -126.000917 1271.783901 8838.857071 0.256996 -0.346996 0.901968 0.238055 0.927287 0.288908 -0.936634 0.140470 0.320913
-11.662482 -119.203934 -2516.502383 5869.392091 0.211658 -0.349145 0.912852 0.230804 0.925451 0.300449 -0.949700 0.147097 0.276463
-5.362448 -196.134443 313.664205 -14731.434378 -0.450136 -0.041104 -0.892013 0.813282 -0.431345 -0.390529 -0.368713 -0.901250 0.227594
-6.367520 -201.695988 1253.954828 -11699.959254 -0.445978 -0.010444 -0.894983 0.868446 -0.247005 -0.429872 -0.216576 -0.968958 0.119229
-7.799884 -210.281472 357.254569 -12577.250974 -0.435150 -0.047126 -0.899124 0.887701 -0.189311 -0.419699 -0.150435 -0.980786 0.124213
-30.753648 -49.112524 743.015930 128.850352 0.624677 -0.770843 0.124820 0.776834 0.597192 -0.199725 0.079415 0.221728 0.971869
-31.218027 -49.998652 -2380.254818 -344.474941 -0.471580 0.877211 -0.090068 0.852704 0.427593 -0.300101 0.224739 0.218323 0.949646
-32.077117 -48.969406 6.371123 -76.672602 0.535634 -0.830840 0.151000 0.821966 0.471982 -0.318756 0.193566 0.294854 0.935731
64.070754 -1251.543543 -22569.536973 -461816.294231 0.681286 -0.436357 0.587744 0.514990 -0.284896 -0.808467 -0.520226 -0.853480 -0.030624
-0.827191 -284.407887 -8402.745303 -127496.573290 0.686486 -0.381494 0.619031 0.487166 -0.390708 -0.781035 -0.539821 -0.837741 0.082365
33.070921 -856.080282 -358.368174 -287998.156141 0.729551 -0.351162 0.586890 0.504181 -0.303682 -0.808442 -0.462123 -0.885699 0.044502
16.651908 -1005.917590 4662.325967 -307798.277730 -0.571099 0.410250 -0.711014 0.800639 0.087214 -0.592765 -0.181172 -0.907793 -0.378270
-11.387982 -50.516194 -775.345350 -205.468415 0.510981 0.566492 -0.646518 0.047069 0.732554 0.679080 0.858302 -0.377428 0.347657
-12.053358 -49.223520 -134.988615 224.362556 0.514968 0.579850 -0.631334 -0.089085 0.768712 0.633360 0.852568 -0.269919 0.447518
-8.546443 -50.636955 241.485979 -776.658336 0.532036 0.615792 -0.581152 0.029247 0.672581 0.739445 0.846216 -0.410409 0.339828
-15.892407 -48.672635 -1332.760266 404.397956 0.491977 0.536247 -0.685856 -0.063082 0.807675 0.586243 0.868320 -0.245153 0.431185
-6.381786 -49.249895 -988.972149 -497.878699 0.539906 0.603647 -0.586610 0.163062 0.608703 0.776461 0.825780 -0.514870 0.230210
-17.334185 -49.808159 -2209.503490 489.670924 0.482861 0.511747 -0.710606 0.055745 0.791866 0.608146 0.873921 -0.333263 0.353833
-12.407384 -50.327569 -2457.031501 266.309341 0.511956 0.551694 -0.658434 0.168017 0.687386 0.706591 0.842420 -0.472372 0.259217
0.546905 -78.642839 -1126.230477 7281.592147 0.109015 -0.421603 0.900204 0.827226 -0.463676 -0.317336 0.551193 0.779266 0.298213
4.208271 -167.592874 -5196.691868 44279.665183 -0.120755 -0.312320 0.942271 0.865341 -0.498239 -0.054247 0.486419 0.808835 0.330428
-7.553564 -116.343526 -2163.295146 19424.973818 -0.098827 -0.351881 0.930813 0.877468 -0.471995 -0.085268 0.469343 0.808332 0.355410
7.103012 -134.358123 29689.760250 -41832.075265 0.415226 0.892739 -0.174941 0.336525 0.027927 0.941260 -0.845186 0.449707 0.288833
24.838196 -39.115821 21618.069666 11556.188650 0.319203 0.936601 -0.144530 0.485065 -0.030453 0.873948 -0.814139 0.349073 0.464033
-1.352947 -47.059061 9954.313105 8392.011457 0.202725 0.923654 -0.325216 0.482152 0.194914 0.854130 -0.852310 0.329957 0.405828
53.663584 -31.552920 19021.876333 6063.318639 0.264405 0.951705 -0.156039 0.521504 -0.004991 0.853234 -0.811248 0.306974 0.497638
69.968127 -192.233410 31595.984973 -77008.070385 0.450575 0.885005 -0.117252 0.294073 -0.023126 0.955503 -0.842914 0.465006 0.270676
-45.542222 -51.258277 -1453.609406 -1444.383415 0.185557 0.923053 0.336960 -0.912298 0.289233 -0.289926 0.365077 0.253610 -0.895768
-43.703647 -52.404775 -520.611235 -715.316938 0.360718 0.876949 0.317557 -0.817845 0.461079 -0.344290 0.448344 0.135521 -0.883528
-41.773542 -53.626973 783.405386 -2225.127728 0.198169 0.945628 0.257910 -0.913857 0.273389 -0.300206 0.354393 0.176202 -0.918345
-7.818709 -50.280099 2752.790660 2110.864422 -0.549736 0.831872 -0.076025 -0.421087 -0.354569 -0.834845 0.721440 0.426931 -0.545209
-2.955964 -46.987997 2182.709975 1615.336545 -0.552533 0.830657 -0.068669 -0.494591 -0.393071 -0.775161 0.670885 0.394339 -0.628021
-5.912927 -50.948452 716.654002 1969.549810 -0.594202 0.785902 -0.171121 -0.374711 -0.458741 -0.805697 0.711699 0.414626 -0.567071
-16.572527 -26.655282 -2397.453607 591.853250 0.070880 -0.425859 -0.902009 -0.539195 0.744424 -0.393830 0.839193 0.514274 -0.176856
-21.534271 -27.845112 994.614495 -774.668550 -0.308449 0.758688 0.573805 -0.500479 0.383542 -0.776155 0.808938 0.526582 -0.261404
-15.175893 -23.717582 -2136.793231 -8.125386 0.129499 -0.470094 -0.873065 -0.577083 0.680276 -0.451885 0.806353 0.562349 -0.183188
-52.809661 -70.639427 3242.228280 7776.519053 0.170711 -0.296196 0.939748 0.161176 0.949295 0.269927 -0.972049 0.105385 0.209795
-54.662259 -64.919477 -132.004366 8411.774297 -0.020535 -0.553763 0.832421 0.237981 0.805958 0.542030 -0.971053 0.209231 0.115235
-57.615245 -76.552657 890.305208 5352.364355 0.045695 -0.404605 0.913349 0.066723 0.913498 0.401333 -0.996725 0.042603 0.068739
-46.278677 -53.847701 4189.872752 7016.180284 0.270454 -0.024546 0.962420 0.228758 0.972683 -0.039476 -0.935160 0.230838 0.268681
-43.573394 -67.978692 4320.980874 7132.982555 0.305400 -0.142421 0.941513 0.122126 0.986444 0.109604 -0.944360 0.081510 0.318654
3.950075 -75.367293 36.033865 7876.937580 -0.458888 0.887476 -0.042527 0.254039 0.085190 -0.963435 0.851403 0.452912 0.264546
2.881969 -82.699302 361.788980 3259.702173 -0.474538 0.879859 -0.025746 0.400989 0.190045 -0.896153 0.783595 0.435582 0.442997
1.214058 -85.005844 866.669484 5743.941820 -0.490355 0.871336 -0.018057 0.339280 0.171767 -0.924870 0.802771 0.459642 0.379853
2.904773 -44.744776 3014.523863 -1549.885586 -0.486493 0.871721 0.058538 0.862329 0.489858 -0.128170 0.140404 0.011875 0.990023
2.507954 -48.773620 2449.050222 -1614.451241 -0.512266 0.856323 0.065535 0.835830 0.514635 -0.191152 0.197415 0.043144 0.979370
36.995983 -49.208019 12165.827782 -2443.660916 -0.345646 0.937709 0.035066 0.904596 0.342910 -0.253219 0.249470 0.055804 0.966773
-2.397248 -45.626061 2476.698844 -446.874551 -0.550969 0.831833 0.066983 0.829935 0.554578 -0.060429 0.087414 -0.022297 0.995923
44.981444 -42.766526 17693.065869 -2599.889163 -0.342659 0.938454 0.043459 0.920867 0.344675 -0.182217 0.185982 0.022418 0.982297
9.779543 -41.612806 5977.244103 -881.133796 -0.499246 0.864001 0.065238 0.861270 0.503075 -0.071614 0.094695 -0.020434 0.995297
-1.197090 -43.964087 -3340.988984 -159.378735 0.539503 -0.839616 -0.063101 0.840884 0.541112 -0.010568 0.043017 -0.047359 0.997951
688.333197 -13.244334 375566.770272 -6287.377796 -0.111283 0.988079 0.106374 0.981313 0.126162 -0.145287 0.156975 -0.088218 0.983655
510.543963 -12.899434 -267917.606771 -7159.591403 0.044318 -0.981374 -0.186925 0.985703 0.073401 -0.151662 0.162557 -0.177531 0.970597
132.472075 -34.930959 -73215.536614 2698.630805 0.372849 -0.919294 -0.126025 0.923339 0.381019 -0.047633 0.091807 -0.098604 0.990883
931.362361 6.407920 627314.588731 -10077.584202 -0.073510 0.980151 0.184122 0.976092 0.108577 -0.188297 0.204551 -0.165878 0.964699
99.537015 -32.924610 55220.191558 -591.912022 -0.390932 0.917827 0.069033 0.915489 0.395496 -0.073912 0.095141 -0.034305 0.994873
1099.758944 -22.496601 591803.504500 -7522.161554 -0.186187 0.981642 0.041380 0.968798 0.190438 -0.158633 0.163601 -0.010554 0.986470
1203.728377 0.068587 804873.477267 -11486.638509 -0.153144 0.982559 0.105469 0.967091 0.170960 -0.188436 0.203180 -0.073140 0.976406
112.495861 -29.570155 33943.974773 1484.595202 0.272891 -0.668936 0.691415 0.825453 0.531941 0.188853 -0.494122 0.519194 0.697338
193.601641 -36.172898 89651.350011 -4284.195783 0.416445 -0.687500 0.594910 0.815893 0.571300 0.089080 -0.401115 0.448285 0.798841
60.751190 -42.302015 -38168.164282 579.320161 -0.228890 0.816834 -0.529521 0.851228 0.431841 0.298203 -0.472251 0.382487 0.794155
40.870093 -44.434221 -12384.311905 3566.935445 -0.039050 0.795703 -0.604427 0.820937 0.370404 0.434583 -0.569682 0.479226 0.667686
15.281152 -53.172860 -9828.884344 3392.732110 0.036366 0.886291 -0.461699 0.806298 0.246922 0.537507 -0.590391 0.391814 0.705635
12.559874 -54.327122 -22637.884034 219.626974 -0.140280 0.884024 -0.445895 0.860548 0.331585 0.386664 -0.489673 0.329473 0.807260
16.504208 -57.617077 -52611.556039 -4512.227515 -0.338175 0.833184 -0.437541 0.862997 0.459988 0.208920 -0.375333 0.306945 0.874591
0.710955 -129.822973 -2066.921804 -1961.216030 0.486563 -0.852138 0.192658 0.778677 0.323006 -0.537893 0.396130 0.411737 0.820703
2.268344 -129.707610 1641.614503 524.420881 -0.498695 0.849595 -0.171731 0.642105 0.229021 -0.731608 0.582240 0.475119 0.659741
4.297458 -133.181479 1101.827775 -1144.067156 -0.477972 0.857040 -0.192419 0.773600 0.306976 -0.554354 0.416035 0.413821 0.809733
3.395970 -134.122062 -1436.955850 3633.846034 0.459396 -0.863055 0.209978 0.855555 0.366423 -0.365732 0.238706 0.347663 0.906725
36.033738 -241.824472 6120.463192 -9053.575533 -0.211717 0.941113 -0.263594 0.216612 -0.217815 -0.951649 0.953024 0.258578 0.157741
44.196225 -222.380859 9877.401697 -26029.798020 -0.199713 0.926806 -0.318035 0.532242 -0.169909 -0.829367 0.822699 0.334907 0.459352
41.091608 -222.331113 13972.439147 -23095.237206 -0.238614 0.914148 -0.327714 0.462842 -0.189614 -0.865924 0.853722 0.358302 0.377861
26.575097 -218.895423 5749.333960 -4881.288017 -0.243621 0.925895 -0.288734 0.195598 -0.244683 -0.949669 0.949942 0.287835 0.121494
31.253558 -212.266036 10696.620638 -29836.477444 -0.225906 0.915646 -0.332505 0.513782 -0.178004 -0.839251 0.827644 0.360427 0.430230
20.685178 -138.173967 5391.119616 10819.727683 -0.202221 0.970562 -0.130827 -0.949153 -0.161320 0.270341 -0.241277 -0.178843 -0.953835
9.146456 -121.163091 1149.494082 13258.445101 -0.228236 0.965351 -0.126512 -0.878776 -0.148322 0.453601 -0.419120 -0.214704 -0.882180
12.474711 -132.579619 -3297.429001 16903.528428 -0.177967 0.964555 -0.194837 -0.942817 -0.110431 0.314485 -0.281822 -0.239664 -0.929052
-2.449682 -26.459358 -1303.843477 -2329.380757 -0.439745 0.648109 0.621755 0.085401 0.719320 -0.689409 -0.894053 -0.250066 -0.371667
0.109878 -27.216618 -892.252209 2574.843233 -0.428253 0.708487 0.560933 -0.089867 -0.651049 0.753697 -0.899179 -0.272364 -0.342483
0.067400 -23.204728 -1535.527906 -1102.854689 -0.458284 0.554856 0.694342 -0.018049 0.775237 -0.631412 -0.888623 -0.301898 -0.345264
-2.849490 -32.444266 -361.205002 3501.282743 -0.391063 0.779482 0.489365 -0.203368 -0.591749 0.780048 -0.897614 -0.205527 -0.389933
-3.759320 -23.801188 -1594.448567 -1234.356203 -0.455157 0.464837 0.759447 -0.036499 0.842460 -0.537522 -0.889663 -0.272376 -0.366485
-5.785748 -26.753960 -1494.666878 -1309.341667 -0.446835 0.571821 0.688011 0.077913 0.791009 -0.606824 -0.891217 -0.217545 -0.398003
-5.354207 -31.592982 -415.349176 2064.535432 -0.404932 0.726215 0.555555 -0.209163 -0.665058 0.716902 -0.890102 -0.174096 -0.421201
-5.580764 -201.413648 -737.553241 -14868.205447 -0.420053 0.905928 -0.053387 -0.683962 -0.277371 0.674731 -0.596449 -0.319937 -0.736131
-5.613178 -185.948833 -814.228308 -26360.116728 -0.403896 0.913313 -0.052224 -0.798662 -0.324204 0.506983 -0.446103 -0.246477 -0.860373
-4.365556 -193.745510 -56.515896 -33395.926252 -0.411493 0.909391 -0.060678 -0.847772 -0.357470 0.391788 -0.334598 -0.212659 -0.918052
-100.157613 -3198.058991 -29263.818294 1125923.928748 -0.374998 0.916190 0.141327 0.650681 0.368723 -0.663820 0.660296 0.156972 0.734418
-22.302038 -1409.670321 7637.568069 483531.807970 -0.301541 0.944254 0.132122 0.839422 0.328631 -0.432864 0.452154 0.019620 0.891724
-19.788022 -732.460026 -15253.471510 246571.484838 -0.364871 0.896465 0.251434 0.816520 0.437863 -0.376259 0.447397 -0.068015 0.891745
-6.560662 -947.004805 -5529.375678 301255.859001 -0.261447 0.957942 0.118295 0.699655 0.272514 -0.660469 0.664927 0.089912 0.741476
-4.818867 -64.462534 3615.943212 488.625450 0.426901 0.904243 0.009963 -0.300504 0.131463 0.944677 -0.852908 0.406278 -0.327851
-16.699312 -64.441340 5328.016169 450.871624 0.443787 0.895421 -0.035691 -0.309284 0.190424 0.931709 -0.841069 0.402442 -0.361447
-8.776340 -62.301005 3360.100568 2380.944088 0.426639 0.904330 -0.012883 -0.159622 0.089311 0.983130 -0.890225 0.417386 -0.182454
1.536506 -63.427753 4177.795774 2664.278785 0.442410 0.896585 0.020222 -0.199019 0.076168 0.977031 -0.874451 0.436273 -0.212134
4.453273 -65.883065 4552.828838 -653.800437 0.435665 0.899307 0.037978 -0.351653 0.131214 0.926889 -0.828575 0.417168 -0.373409
-114.222602 -10132.713737 556328.070223 8415301.092225 0.666167 0.716260 0.207832 0.212095 -0.449106 0.867940 -0.715009 0.534113 0.451095
-383.207324 -2037.934842 268180.498250 -741795.010351 0.590449 0.541540 0.598418 0.085039 0.695593 -0.713385 -0.802582 0.472106 0.364660
36.589286 -2306.158844 346924.582501 20302.579371 0.625377 0.259492 0.735912 -0.059780 0.956248 -0.286384 -0.778029 0.135105 0.613529
-8.301822 -47.546742 -2067.090530 -5398.362041 0.951009 0.203760 0.232514 0.209220 0.129539 -0.969251 0.227614 -0.970413 -0.080563
-8.798066 -79.689472 87.233899 12198.357383 0.910113 0.223117 0.349160 0.316247 0.170443 -0.933240 0.267734 -0.959775 -0.084562
-6.938874 -27.239800 -501.957716 3600.419909 0.968930 0.242210 0.050093 0.026770 0.098640 -0.994763 0.245882 -0.965197 -0.089091
1.690111 -36.569391 -1436.724222 -8683.271536 0.969046 0.246854 0.003642 -0.024275 0.109953 -0.993640 0.245685 -0.962794 -0.112542
-17.744780 -43.694613 6735.897869 -994.471692 0.962015 0.263203 0.072470 0.043325 0.114901 -0.992432 0.269538 -0.957874 -0.099133
-25.822891 -266.772739 -3026.156592 -21431.186003 0.851477 0.072324 0.519381 0.479845 0.292027 -0.827326 0.211509 -0.953671 -0.213950
-63.251283 -469.365981 -7336.451583 25627.751331 0.924264 0.127810 0.359724 0.330599 0.203214 -0.921633 0.190895 -0.970757 -0.145570
-31.132426 -272.593957 -3920.870044 49581.124308 0.946675 0.054168 0.317603 0.317128 0.017391 -0.948223 0.056887 -0.998380 0.000714
-50.462691 -76.048414 673.842237 3927.028327 -0.418254 -0.902527 0.102512 0.908322 -0.416059 0.042968 0.003872 0.111086 0.993803
-55.890161 -80.466125 966.693711 1318.467567 0.158607 0.985953 -0.052348 0.980056 -0.150786 0.129439 -0.119728 0.071834 0.990205
-54.470309 -87.299112 1442.960802 5329.326416 -0.118315 0.992650 -0.025436 0.991430 0.119521 0.052736 -0.055388 0.018978 0.998285
-11.816077 -37.943387 2960.963583 12176.286200 0.618069 0.784350 -0.052778 0.541556 -0.473488 -0.694642 0.569832 -0.400754 0.717417
-6.690880 -34.100443 4263.413973 9516.359602 0.564269 0.824327 -0.045668 0.599552 -0.447177 -0.663754 0.567572 -0.347156 0.746555
-14.520019 -58.521558 1697.068198 11342.185727 0.473330 0.874908 0.102444 0.727284 -0.322527 -0.605833 0.497007 -0.361265 0.788969
5.563189 -25.787617 9739.047298 -588.200946 0.789960 0.404190 -0.461078 -0.087154 0.818355 0.568066 0.606933 -0.408565 0.681694
-16.171774 -42.050264 2624.650892 6564.611415 0.666929 0.740486 -0.082979 0.495274 -0.523745 -0.693105 0.556695 -0.421155 0.716044
-51.862529 -73.850753 -1343.350353 2029.068409 -0.696790 -0.401200 0.594577 0.710311 -0.270727 0.649743 -0.099709 0.875069 0.473617
-52.928145 -74.921711 960.848374 1070.606107 0.714493 0.501260 -0.488096 0.694228 -0.421318 0.583556 -0.086870 0.755797 0.649018
-51.087829 -72.784250 907.446333 907.418685 0.741132 0.353875 -0.570523 0.670635 -0.429706 0.604650 0.031187 0.830738 0.555789
-50.727219 -85.621920 -4740.454073 8579.055003 0.293948 -0.410264 0.863295 0.141774 0.911921 0.385099 -0.945248 0.009194 0.326222
-54.477351 -92.157780 -4701.143775 3760.312046 0.316563 -0.351223 0.881153 -0.035692 0.923858 0.381068 -0.947900 -0.152082 0.279923
-35.960227 -78.181789 -4973.136756 7453.540024 0.168736 -0.500720 0.849004 0.189209 0.861790 0.470656 -0.967330 0.081223 0.240156
-59.165263 -91.158348 -2940.339130 6700.539731 0.438590 -0.292142 0.849877 0.028289 0.949707 0.311859 -0.898242 -0.112737 0.424797
-57.063843 -81.378867 -2935.467471 10505.477058 0.441088 -0.307812 0.843026 0.184099 0.950400 0.250693 -0.878379 0.044622 0.475878
-45.327036 -72.016431 -4936.768072 8306.209649 0.245664 -0.526589 0.813851 0.312536 0.837772 0.447727 -0.917589 0.144367 0.370389
9.459600 -0.434723 2164.964142 -3432.863348 0.285359 0.902390 -0.322898 0.415004 0.187345 0.890322 -0.863911 0.388066 0.321035
16.040624 1.773046 -2339.927367 -3861.638935 0.208023 0.937370 -0.279400 0.410032 0.175768 0.894975 -0.888032 0.300738 0.347787
13.059852 -3.704894 -3214.004939 -2623.238472 0.182566 0.948962 -0.257179 0.431688 0.157646 0.888141 -0.883355 0.273166 0.380874
13.818728 -9.648874 -1963.110726 -410.658645 0.191805 0.930740 -0.311343 0.478757 0.188196 0.857540 -0.856740 0.313538 0.409501
5.843720 -76.591013 -643.890883 3121.939468 0.445336 0.784278 -0.431954 -0.814086 0.555515 0.169315 -0.372748 -0.276246 -0.885860
8.028577 -84.124047 -807.058713 2655.329252 0.430819 0.805335 -0.407224 -0.835886 0.526186 0.156278 -0.340131 -0.273065 -0.899859
6.512866 -77.886808 -545.328275 2072.498894 0.375999 0.845084 -0.380076 -0.792906 0.505686 0.339972 -0.479504 -0.173535 -0.860210
1.969036 -101.312086 -176.280710 4435.812595 0.214648 0.964054 0.156610 -0.924945 0.252145 -0.284427 0.313692 0.083804 -0.945819
2.235394 -111.089036 297.256564 2826.606250 0.214246 0.959556 0.182624 -0.923779 0.259798 -0.281314 0.317382 0.108434 -0.942078
2.587271 -99.882894 -52.803230 -3905.562393 0.171802 0.973740 0.149380 -0.967611 0.195266 -0.160001 0.184968 0.117053 -0.975749
1.302702 -117.325494 86.316341 7565.654861 0.257018 0.946575 0.194774 -0.851057 0.317185 -0.418445 0.457869 0.058216 -0.887112
0.442323 -91.266748 -737.430991 -2344.669759 0.174774 0.976776 0.123948 -0.966774 0.194094 -0.166362 0.186556 0.090754 -0.978244
0.315546 -93.141259 -772.467753 4551.807981 0.211083 0.968199 0.134294 -0.925981 0.242070 -0.289760 0.313054 0.063191 -0.947631
1.568332 -105.283979 -266.010923 7799.635709 0.244447 0.955031 0.167813 -0.858129 0.293650 -0.421170 0.451509 0.041051 -0.891322
37.833600 -3.885028 17138.602514 833.138669 0.748713 -0.623876 -0.224069 -0.518315 -0.340237 -0.784595 -0.413253 -0.703575 0.578104
43.146306 -5.672336 23350.348266 2263.591458 0.785381 -0.592198 -0.180217 -0.462602 -0.368060 -0.806555 -0.411310 -0.716822 0.563019
92.462189 -8.782196 34066.336617 2110.054300 0.723976 -0.682355 -0.101244 -0.463823 -0.372876 -0.803637 -0.510614 -0.628773 0.586445
22.414421 -28.486805 9909.146848 -5460.458222 -0.445989 0.288717 -0.847193 -0.304327 0.841232 0.446893 0.841712 0.457133 -0.287316
-4.724505 -125.650239 47.280701 6553.156136 -0.128221 0.096077 -0.987081 0.545325 0.838156 0.010744 0.828360 -0.536902 -0.159862
-4.897495 -112.835015 -115.564890 6672.403574 -0.114020 0.112291 -0.987112 0.371460 0.926345 0.062471 0.921421 -0.359550 -0.147334
-4.144157 -125.329025 -277.479054 7684.375816 -0.105828 0.091555 -0.990161 0.502245 0.864327 0.026240 0.858225 -0.494526 -0.137453
-4.723735 -96.438323 -198.658093 6238.721225 -0.113505 0.139314 -0.983722 0.224985 0.968004 0.111129 0.967728 -0.208709 -0.141217
-4.641273 -98.320373 195.598437 6155.050658 -0.108340 0.136338 -0.984721 0.150326 0.981407 0.119340 0.982682 -0.135100 -0.126820
-4.493550 -111.983538 -0.009716 6389.594632 -0.101097 0.107155 -0.989089 0.341522 0.937507 0.066659 0.934421 -0.331056 -0.131375
-9.006225 -138.251872 584.917423 1041.629542 0.245486 -0.247685 0.937224 -0.338457 0.884068 0.322289 -0.908396 -0.396328 0.133195
-5.312571 -131.849375 -1691.536193 1206.279053 0.200119 -0.248671 0.947689 -0.337625 0.890510 0.304962 -0.919762 -0.380992 0.094250
-15.353271 -157.043465 -673.422294 7059.820757 0.261478 -0.272253 0.926017 -0.234287 0.912800 0.334522 -0.936343 -0.304424 0.174891
-3.007648 -134.261644 -1374.867807 863.403920 0.190458 -0.224013 0.955795 -0.506817 0.811395 0.291161 -0.840751 -0.539867 0.041003
-8.243103 -148.773711 126.108878 1352.364216 0.239463 -0.218405 0.946021 -0.487561 0.815554 0.311699 -0.839608 -0.535883 0.088809
-28.484687 -50.022220 2352.786712 -88.750042 0.537024 -0.840323 0.073905 0.836948 0.519808 -0.171226 0.105468 0.153807 0.982456
-25.317995 -50.798149 -2922.183593 13.930162 -0.394129 0.917655 -0.050718 0.881528 0.361851 -0.303268 0.259943 0.164236 0.951555
-28.508009 -49.154501 958.658019 -46.290218 0.694819 -0.707731 0.127841 0.718128 0.692381 -0.070002 -0.038972 0.140444 0.989321
-25.100908 -49.610545 2174.601892 -64.586502 0.604365 -0.793455 0.071911 0.796527 0.603681 -0.033376 -0.016929 0.077451 0.996852
-22.451866 -51.603688 -3249.189528 -94.535553 -0.432865 0.900601 -0.039311 0.892172 0.421754 -0.161718 0.129064 0.105074 0.986054
-185.991416 -1397.473481 54268.033597 -357746.360721 -0.401303 0.387469 -0.829954 0.802141 0.586107 -0.114228 0.442182 -0.711581 -0.546011
-2.955615 -3096.666420 -7916.551294 -1556767.227765 -0.509567 0.353585 -0.784423 0.803255 0.522270 -0.286384 0.308419 -0.776023 -0.550151
2.000433 -1803.687656 106717.802882 -434528.681171 0.865301 -0.329206 0.377992 0.429328 0.097545 -0.897865 -0.258711 -0.939206 -0.225743
-11.302929 -1003.643411 4203.740141 -398122.298538 -0.579931 0.309476 -0.753594 0.780511 -0.053968 -0.622808 -0.233414 -0.949374 -0.210252
4.352666 -1816.139501 12771.166870 -768773.724865 -0.468736 0.472182 -0.746545 0.828227 0.528772 -0.185579 0.307125 -0.705297 -0.638929
-20.427236 -1477.433772 983.668637 540735.548523 -0.504552 0.339291 -0.793920 0.317881 0.927955 0.194552 0.802732 -0.154211 -0.576055
-15.577387 -45.788284 -704.701519 1009.824903 0.490425 0.566527 -0.662216 -0.191032 0.811276 0.552574 0.850288 -0.144492 0.506095
4.170882 -31.926943 7060.875624 3812.317953 0.281931 -0.712641 -0.642384 0.790201 -0.207263 0.576736 -0.544149 -0.670212 0.504696
15.945499 -17.197579 9481.141794 4302.526799 0.435973 -0.720176 -0.539699 0.772257 -0.008557 0.635253 -0.462112 -0.693739 0.552430
-0.330539 -24.885115 7988.439710 4522.646177 0.227170 -0.689563 -0.687675 0.840756 -0.217478 0.495815 -0.491449 -0.690801 0.530350
8.475779 -104.047523 -3718.349746 15608.656609 -0.001528 -0.373802 0.927507 0.808001 -0.546931 -0.219092 0.589180 0.749092 0.302868
20.738742 -208.338801 -7796.111912 54381.526574 -0.125286 -0.313991 0.941123 0.871566 -0.488039 -0.046801 0.474000 0.814388 0.334808
5.083374 -84.783966 -1530.327808 -8090.225535 0.143088 -0.396466 0.906830 0.783908 -0.513926 -0.348381 0.604165 0.760720 0.237256
12.126079 -107.110610 -2764.355253 4801.274621 0.036729 -0.369329 0.928573 0.747341 -0.606719 -0.270876 0.663425 0.703910 0.253730
27.608505 -213.598315 -5183.442983 51249.530088 -0.077645 -0.365338 0.927631 0.814006 -0.560455 -0.152595 0.575644 0.743249 0.340904
42.822491 4.189056 -1312.693383 -3221.255039 -0.285245 0.245937 -0.926364 -0.253422 0.912768 0.320361 0.924344 0.326143 -0.198037
42.699472 1.495820 -434.621868 -1301.096037 -0.297853 0.239096 -0.924184 -0.256324 0.912542 0.318694 0.919555 0.331815 -0.210517
38.878587 2.898706 7995.991834 -3029.580923 -0.417601 0.197376 -0.886934 -0.247136 0.914650 0.319905 0.874376 0.352786 -0.333180
40.205649 3.224575 -8275.801494 -1577.425579 -0.175148 0.267568 -0.947486 -0.259404 0.915817 0.306577 0.949754 0.299478 -0.090996
39.284502 4.825129 6890.750000 -4752.957151 -0.408339 0.208040 -0.888807 -0.244730 0.913087 0.326158 0.879413 0.350700 -0.321936
38.626058 7.029657 -9107.637576 -3349.295410 -0.150743 0.269785 -0.951048 -0.257166 0.918218 0.301233 0.954538 0.289986 -0.069036
-56.416403 -683.797980 -32599.280041 -320490.364809 0.074056 0.932418 0.353713 0.031267 -0.356683 0.933702 -0.996764 0.058087 0.055568
-57.053405 -162.593206 -8559.651919 -79977.181750 0.289907 0.883929 0.366911 -0.046944 -0.369781 0.927932 -0.955903 0.286238 0.065707
-25.739447 -55.218410 3677.255000 18731.456522 0.308164 0.605680 0.733612 -0.050804 0.780518 -0.623065 -0.949976 0.154736 0.271299
-17.103010 -191.424954 -9162.781191 -75342.915292 0.133415 0.911384 0.389332 0.226551 -0.410488 0.883275 -0.964819 0.029639 0.261240
-30.991147 -36.189847 -3.220282 1480.565791 0.247219 0.847648 0.469441 0.238056 -0.522764 0.818564 -0.939261 0.090611 0.331025
-7.762330 -92.993223 3861.207344 -33318.198987 0.231231 0.881045 0.412663 0.214837 -0.459928 0.861575 -0.948882 0.110568 0.295631
-11.479949 -74.121093 -15492.022502 -4236.727849 0.416081 0.817325 -0.398569 0.902536 -0.317721 0.290657 0.110927 -0.480660 -0.869863
-11.516502 -71.391580 -16759.614763 -8031.859509 0.376983 0.823281 -0.424373 0.925236 -0.355848 0.131572 -0.042692 -0.442246 -0.895877
-36.440097 -67.543795 -4865.402981 -3539.059660 0.277392 0.908123 -0.313634 0.957237 -0.233317 0.171057 0.082165 -0.347672 -0.934009
-45.237637 -61.378396 -910.851913 -3421.445490 0.077297 0.968911 -0.235024 0.996964 -0.072909 0.027319 0.009334 -0.236422 -0.971606
-48.139646 -66.842019 1084.234625 -1222.569262 0.028534 0.977942 -0.206921 0.989483 0.001734 0.144639 0.141808 -0.208872 -0.967607
-49.464868 -68.182314 1122.490184 -335.131875 0.182994 0.959831 -0.212693 0.950374 -0.117342 0.288133 0.251601 -0.254865 -0.933671
-38.177057 -72.079805 -4026.305184 -99.909741 0.374164 0.885181 -0.276506 0.885061 -0.251829 0.391470 0.276889 -0.391199 -0.877665
102.550921 -40.206409 8060.659442 -397.793688 0.244483 0.677796 0.693412 -0.309438 -0.623186 0.718253 -0.918954 0.390168 -0.057378
111.547036 -44.509665 -27855.521948 6254.362470 -0.080725 0.756143 0.649408 -0.320148 -0.636681 0.701529 -0.943922 0.151276 -0.293474
114.711345 -38.025818 -851.430200 -3378.014387 0.209575 0.591297 0.778747 0.422223 0.663628 -0.617516 -0.881933 0.458221 -0.110579
102.683522 -48.325985 -21939.547854 -1316.076186 -0.044346 0.793938 0.606379 -0.251495 -0.596301 0.762349 -0.966842 0.118694 -0.226115
106.294916 -27.798721 30686.077588 -1254.424457 0.458313 0.457529 0.761982 0.389260 0.667398 -0.634867 -0.799016 0.587577 0.127779
83.353370 -36.244165 27257.137461 4491.077159 0.476637 0.570343 0.668974 0.295478 0.612765 -0.732947 -0.827955 0.547017 0.123542
83.456503 -56.944504 5364.681550 -10161.675012 0.217947 0.762811 0.608785 -0.267111 -0.553341 0.788965 -0.938696 0.334565 -0.083157
415.912102 -34.349918 83806.521863 -4986.572298 0.399743 -0.309642 0.862744 0.771870 0.621363 -0.134628 -0.494391 0.719742 0.487389
422.583159 -57.191770 116153.378878 -7802.657235 0.361344 -0.255639 0.896705 0.816812 0.550612 -0.172177 -0.449722 0.794654 0.407769
790.494908 -47.207627 347397.388701 -8493.770705 0.523503 -0.557843 0.644016 0.779140 0.619317 -0.096893 -0.344798 0.552502 0.758851
373.210776 -25.188759 118952.572794 -1931.990416 0.467107 -0.522529 0.713285 0.766476 0.641475 -0.032017 -0.440824 0.561671 0.700143
298.380193 -18.638244 63891.344038 246.177471 0.417300 -0.441462 0.794337 0.773999 0.630697 -0.056099 -0.476220 0.638227 0.604881
321.892540 -15.038815 40786.252594 -1379.856840 0.422123 -0.322715 0.847152 0.745687 0.655025 -0.122039 -0.515522 0.683226 0.517145
-8.006331 -20.693896 -1436.797154 734.043573 0.030882 -0.309483 -0.950403 -0.610883 0.746755 -0.263018 0.791118 0.588708 -0.165996
-4.009922 -17.368339 -449.344902 1530.082067 -0.008194 -0.253801 -0.967222 -0.638765 0.745519 -0.190215 0.769359 0.616268 -0.168228
-3.291531 -19.949284 -569.323108 797.340663 -0.068022 -0.182343 -0.980879 -0.582022 0.805776 -0.109430 0.810323 0.563450 -0.160938
-8.491617 -55.463916 -481.585858 1344.243444 -0.368400 0.920716 -0.128703 -0.905116 -0.386823 -0.176447 0.212243 -0.051488 -0.975860
-6.853130 -61.054760 -323.644703 1148.497446 -0.317652 0.942666 -0.102363 -0.856397 -0.331561 -0.395792 0.407039 0.038061 -0.912617
-5.580173 -59.640338 -673.678534 1508.523059 -0.376413 0.910317 -0.172151 -0.890696 -0.406709 -0.203100 0.254901 -0.076885 -0.963906
-9.820714 -56.234213 -215.640610 957.298665 -0.291786 0.955318 -0.047198 -0.888336 -0.288959 -0.356877 0.354569 0.062204 -0.932958
-11.702573 -52.384308 -330.482486 838.703807 -0.362624 0.929008 -0.073815 -0.918544 -0.369670 -0.140073 0.157416 -0.017008 -0.987386
-4.818851 -72.754787 -1205.935213 -5910.544083 0.689162 -0.720316 -0.078742 0.718753 0.665762 0.200388 -0.091919 -0.194696 0.976547
-8.392781 -81.566107 -1846.824871 -7454.624317 0.673590 -0.733982 -0.086875 0.734427 0.651484 0.190223 -0.083023 -0.191936 0.977890
-5.506032 -83.339541 -1579.997357 -4291.674967 0.648041 -0.757813 -0.075913 0.760499 0.649247 0.010895 0.041030 -0.064792 0.997055
-6.643624 -64.083233 -1422.162286 8080.616875 0.710097 -0.699107 -0.083734 -0.674844 -0.641831 -0.364195 -0.200868 -0.315122 0.927551
-1.668284 -75.457520 -683.528458 -3287.366291 0.657073 -0.749407 -0.081509 0.753040 0.657479 0.025549 0.034444 -0.078167 0.996345
-4.510730 -59.012393 -883.991775 5837.627239 0.720077 -0.689942 -0.073958 -0.663864 -0.653971 -0.362777 -0.201928 -0.310325 0.928937
-1.860927 -66.587066 -415.414786 -4430.748777 0.692686 -0.716561 -0.082012 0.715216 0.667782 0.206234 -0.093013 -0.201511 0.975060
35.981052 -51.815147 10873.439756 -1468.606166 -0.371302 0.928010 0.030533 0.872791 0.360051 -0.329544 0.316814 0.095712 0.943646
2.534517 -52.159604 2463.993514 -1879.781763 -0.563285 0.822505 0.078713 0.788098 0.563442 -0.247858 0.248215 0.077581 0.965593
-3.901397 -47.654944 842.765878 -330.104327 -0.577079 0.811319 0.093491 0.803301 0.584530 -0.114156 0.147265 -0.009224 0.989054
707.460397 -1.739035 -469863.584921 -4425.852181 0.010505 -0.958275 -0.285655 0.974032 0.074419 -0.213831 0.226167 -0.275991 0.934172
-3.649301 -126.053630 2887.432485 1033.990412 -0.498031 0.849743 -0.172922 0.652858 0.236175 -0.719721 0.570738 0.471336 0.672384
1.253740 -127.949498 1877.766845 3223.059035 -0.505542 0.847515 -0.161696 0.476102 0.117727 -0.871474 0.719552 0.517550 0.463019
7.381959 -130.236651 420.762222 3624.465817 -0.488569 0.857417 -0.161666 0.463367 0.097970 -0.880734 0.739318 0.505211 0.445164
13.208759 -149.407954 -1566.661775 3417.875055 -0.546781 0.837213 -0.010241 0.252493 0.176540 0.951357 -0.798297 -0.517599 0.307919
14.147812 -147.759256 -1518.012696 17145.022223 -0.524286 0.850943 0.031931 0.465258 0.254847 0.847696 -0.713203 -0.459291 0.529521
7.940056 -128.104433 -152.402382 6430.039776 -0.544631 0.838525 0.015912 0.342077 0.204780 0.917087 -0.765742 -0.504917 0.398369
-0.089362 -83.595451 95.817727 294.375745 -0.388565 0.919955 -0.051960 -0.737236 -0.344226 -0.581370 0.552721 0.187594 -0.811978
1.997135 -87.297893 -296.020580 5284.700123 -0.401456 0.912777 -0.075306 -0.623602 -0.332637 -0.707441 0.670785 0.237045 -0.702749
3.259786 -79.736807 -825.890682 2399.364445 -0.417034 0.904916 -0.084907 -0.677037 -0.371618 -0.635233 0.606386 0.207429 -0.767639
2.999847 -80.489099 -1458.250128 -383.889448 -0.395529 0.914634 -0.083680 -0.752772 -0.375029 -0.541005 0.526204 0.150991 -0.836846
5.502219 -84.076652 -1725.512851 1100.401066 -0.420078 0.900755 -0.110342 -0.674780 -0.391342 -0.625718 0.606800 0.188394 -0.772206
51.842255 -137.286481 4539.546771 -36403.266561 -0.128099 0.935426 -0.329497 0.885918 -0.041413 -0.461990 0.445803 0.351087 0.823406
52.816611 -88.317137 -6530.177863 -32123.601441 -0.053601 0.967987 -0.245209 0.956320 -0.020906 -0.291574 0.287366 0.250127 0.924585
56.952122 -85.218987 -6201.844696 -28860.484683 0.093417 -0.933193 0.347021 0.950977 -0.019576 -0.308642 0.294816 0.358842 0.885616
50.723096 -98.213045 -12630.018800 -28546.812264 0.131649 -0.908535 0.396526 0.934914 -0.019186 -0.354355 0.329552 0.417368 0.846876
15.954480 -131.124445 5177.422582 10659.950846 -0.233114 0.966113 -0.110830 -0.912013 -0.177650 0.369694 -0.337477 -0.187259 -0.922520
14.248835 -128.184904 -1370.652952 20024.955665 -0.276332 0.952147 -0.130605 -0.862006 -0.185462 0.471751 -0.424954 -0.242942 -0.872005
16.659882 -147.629832 1175.427293 3959.034307 -0.242323 0.959415 -0.144227 -0.943325 -0.198250 0.266147 -0.226753 -0.200547 -0.953081
-1.711513 -34.372517 -537.312451 4073.132134 -0.386665 0.814141 0.433202 -0.199620 -0.532490 0.822561 -0.900357 -0.231580 -0.368414
-30.131953 -504.134763 2973.716838 147058.918272 -0.551426 0.822586 0.138862 0.482643 0.450348 -0.751161 0.680430 0.347189 0.645348
-41.914820 -1722.000190 2685.885555 558359.887743 -0.295822 0.952319 0.074687 0.932168 0.304874 -0.195231 0.208692 -0.011868 0.977909
18.874615 -18.676647 4667.590235 1750.375372 0.442361 0.894381 -0.066322 -0.719038 0.397889 0.569796 -0.536004 0.204367 -0.819105
10.025541 -18.391720 5914.733363 1443.924028 0.499866 0.863813 -0.062941 -0.697413 0.444535 0.562143 -0.513565 0.237100 -0.824642
17.107705 -15.636805 4594.383418 398.544659 0.510610 0.854106 -0.098893 -0.665844 0.465565 0.583010 -0.543994 0.231844 -0.806424
-20.992603 -63.160389 5666.083100 2061.061959 0.432342 0.899192 -0.067341 -0.155428 0.147878 0.976716 -0.888213 0.411809 -0.203694
-30.858465 -66.073230 6107.488499 1235.954301 0.429874 0.891528 -0.142779 -0.234586 0.262988 0.935845 -0.871882 0.368801 -0.322192
-28.842999 -64.620163 6301.375600 -745.345407 0.455474 0.883266 -0.111286 -0.384755 0.308034 0.870103 -0.802812 0.353492 -0.480142
-278.172875 -4409.009199 223970.876466 138928.239854 0.549852 0.647119 0.528110 -0.435344 -0.317564 0.842394 -0.712838 0.693102 -0.107106
-821.585694 -3850.049310 594453.775748 2796919.269455 0.553660 0.678085 0.483385 0.052795 -0.607888 0.792266 -0.831068 0.413125 0.372362
22720.294281 -39230.932678 21931202.575787 -75086683.101920 0.790982 0.114018 0.601121 -0.204832 0.975137 0.084568 -0.576533 -0.190021 0.794671
-5.608480 -46.849677 1495.242939 1123.029223 0.920054 0.256121 0.296483 0.267375 0.142672 -0.952972 0.286376 -0.956058 -0.062785
-5.111888 -93.107634 1417.740311 27186.547179 0.914033 0.266466 0.305843 0.272132 0.156321 -0.949478 0.300813 -0.951083 -0.070369
-11.935237 -242.247630 2698.176874 -59676.768497 0.820164 0.191031 0.539294 0.508433 0.188868 -0.840134 0.262346 -0.963243 -0.057777
-52.640380 -77.892716 -1671.474722 343.551290 0.368734 0.923373 -0.106856 0.910366 -0.335510 0.242212 -0.187801 0.186589 0.964321
