12243
24472
-20.593536 -29.706475 -127.285059 -2191.642217 -0.218948 -0.208597 -0.953178 0.541159 0.786909 -0.296516 0.811916 -0.580743 -0.059408
-24.094096 -36.216134 93.167688 -1892.130171 -0.263508 -0.194614 -0.944822 0.408080 0.864995 -0.291984 0.874090 -0.462503 -0.148515
-21.518126 -40.883974 -902.418279 -3109.129892 -0.007570 0.108631 -0.994053 0.470571 0.877520 0.092312 0.882330 -0.467074 -0.057762
-19.730182 -29.924155 179.673480 -1355.999000 -0.490734 -0.488576 -0.721438 0.337353 0.656872 -0.674323 0.803351 -0.574293 -0.157527
-15.710257 -34.499620 -1571.827512 -3806.956798 0.048038 0.029658 -0.998405 0.598551 0.799359 0.052544 0.799643 -0.600121 0.020648
-15.497378 -23.179793 -670.144799 -1628.795768 -0.214036 -0.283729 -0.934712 0.607070 0.711024 -0.354839 0.765281 -0.643384 0.020059
-15.603101 -23.941409 -20.512105 -892.485376 0.526303 0.573987 0.627330 0.363939 0.514719 -0.776281 0.768475 -0.636869 -0.062002
-32.596455 -45.708473 -760.552433 2844.533316 0.133245 -0.011632 -0.991015 0.876023 -0.466253 0.123256 -0.463498 -0.884575 -0.051936
-31.027838 -37.960285 -52.011299 2050.961600 0.359388 -0.071737 -0.930427 0.873445 -0.325155 0.362448 -0.328534 -0.942936 -0.054198
-28.207115 -42.574115 -942.007471 2651.845385 -0.001603 -0.096236 -0.995357 0.922150 -0.385177 0.035756 -0.386830 -0.917811 0.089361
-30.518934 -47.643268 -1257.526784 1340.329181 0.052553 -0.092362 -0.994338 0.796498 -0.596724 0.097525 -0.602353 -0.797113 0.042207
16.542441 -9.831930 1463.975146 -329.236573 -0.436473 0.579031 -0.688632 0.000716 0.765611 0.643304 0.899717 0.280292 -0.334583
19.151665 -8.324736 858.337027 247.706218 -0.472119 0.738995 -0.480614 -0.152424 -0.605422 -0.781173 0.868257 0.295549 -0.398472
32.468364 -9.421368 3397.720187 -591.201529 -0.432705 0.556447 -0.709319 0.055660 0.801778 0.595024 0.899816 0.217989 -0.377905
32.911953 -14.923127 4074.790827 -834.780390 -0.363812 0.393087 -0.844467 -0.062029 0.894357 0.443033 0.929405 0.213562 -0.300995
18.564139 -13.247995 2812.455781 -595.883900 -0.373722 0.346359 -0.860446 -0.139226 0.896207 0.421224 0.917032 0.277217 -0.286710
10.170330 -10.299895 111.507573 140.353658 -0.385292 0.540526 -0.747918 -0.111172 0.777401 0.619103 0.916073 0.321683 -0.239435
58.805157 -55.871532 -6102.726586 -2702.855329 -0.074273 0.764558 -0.640261 -0.760906 -0.458449 -0.459181 0.644597 -0.453074 -0.615807
32.800045 -56.596351 -842.016085 1757.191012 0.032138 0.809436 -0.586328 0.899161 0.232746 0.370594 0.436437 -0.539113 -0.720333
45.972704 -59.103998 227.386319 -2931.139551 0.162213 0.772799 -0.613570 -0.774021 -0.286018 -0.564876 0.612028 -0.566546 -0.551767
71.910770 -50.373463 -6789.016981 -1568.514381 0.037318 0.747935 -0.662722 -0.645185 -0.488405 -0.587535 0.763115 -0.449504 -0.464330
30.902045 -22.814964 -6498.677285 -119.025894 0.344845 0.371608 -0.861968 0.151218 0.884309 0.441736 0.926399 -0.282676 0.248756
42.121581 -23.447224 -2277.678158 -2.756613 0.015103 0.258470 -0.965901 0.170855 0.951137 0.257191 0.985180 -0.168914 -0.029795
31.851640 -25.405796 -5255.412888 210.600043 0.243597 0.274524 -0.930214 0.230479 0.915246 0.330462 0.942094 -0.294894 0.159679
13.933081 -25.227531 -4551.716125 311.279226 0.349092 0.377749 -0.857578 0.228908 0.853053 0.468936 0.908700 -0.360008 0.211324
20.354857 -26.122969 -3494.418662 1444.069877 0.214182 0.273951 -0.937591 0.283007 0.901292 0.327994 0.934897 -0.335596 0.115511
1.464136 -29.493834 -42.332761 170.901937 -0.476431 -0.262436 -0.839131 0.820024 0.211623 -0.531768 0.317134 -0.941458 0.114380
1.665376 -27.102083 168.414083 -170.225558 -0.500198 -0.260173 -0.825901 0.777282 0.285445 -0.560673 0.381621 -0.922405 0.059448
1.098929 -28.268579 156.122266 46.564839 -0.490349 -0.256134 -0.833039 0.812496 0.211445 -0.543270 0.315292 -0.943232 0.104426
-16.584282 -49.204106 1292.827900 -4986.158021 -0.428402 -0.075400 0.900437 0.778986 -0.535785 0.325754 0.457878 0.840981 0.288267
-21.792015 -62.366665 529.787566 -5173.590374 -0.272915 -0.111959 0.955501 0.734723 -0.665424 0.131885 0.621047 0.738022 0.263863
-17.858759 -47.069924 424.412169 -4310.214250 -0.180505 -0.143646 0.973028 0.880348 -0.464780 0.094698 0.438641 0.873696 0.210354
-11.755557 -34.875432 1223.795149 -2112.706914 -0.410343 -0.077122 0.908664 0.824496 -0.457122 0.333535 0.389648 0.886054 0.251164
-10.977616 -31.865260 615.245162 -791.296028 -0.226261 -0.125545 0.965942 0.904260 -0.395717 0.160381 0.362105 0.909751 0.203060
-1.832434 -59.090028 -0.009241 358.308717 0.465932 -0.041938 -0.883826 0.295853 0.948769 0.110947 0.833894 -0.313176 0.454469
-1.151391 -55.794415 64.913013 2265.370824 0.464273 -0.022463 -0.885407 0.080993 0.996566 0.017186 0.881981 -0.079691 0.464498
-1.424931 -59.092407 -59.311963 2318.732591 0.480972 -0.051718 -0.875209 0.128829 0.991592 0.012203 0.867219 -0.118622 0.483591
-2.972970 -36.936981 193.005459 1053.065001 -0.484003 -0.011460 0.874991 0.756281 -0.508487 0.411679 0.440204 0.860994 0.254776
-6.703756 -32.110783 506.782652 1052.810000 -0.410562 -0.039585 0.910973 0.824699 -0.442317 0.352459 0.388987 0.895985 0.214245
-3.139340 -39.544442 223.365453 3184.966069 -0.357703 -0.069091 0.931276 0.865227 -0.399708 0.302680 0.351326 0.914035 0.202756
339.497830 -32.731961 62572.990196 -1143.176873 0.270595 -0.831203 0.485675 0.827141 -0.057386 -0.559057 0.492560 0.553000 0.671994
337.221343 -34.100604 -54291.519004 -695.507926 0.590667 -0.320212 0.740660 0.761427 -0.082649 -0.642961 0.267099 0.943734 0.195000
455.005585 -38.398623 -75311.648275 -2603.404377 -0.165243 0.881278 -0.442769 0.801018 -0.141991 -0.581557 0.575383 0.450764 0.682456
347.309380 -35.439820 -65257.611990 -123.460575 0.109093 0.986031 -0.125865 0.808486 -0.161682 -0.565871 0.578316 0.040027 0.814830
317.438424 -30.245162 -58452.131024 -834.608869 -0.011255 0.997733 -0.066356 0.839496 -0.026624 -0.542713 0.543250 0.061814 0.837293
-1.685155 -45.458023 1.485566 -3180.708467 0.444917 0.034343 -0.894913 -0.515569 0.826891 -0.224589 0.732282 0.561313 0.385604
-1.827239 -45.195776 -44.298197 -3296.291563 0.460963 0.017264 -0.887252 -0.517233 0.817653 -0.252813 0.721099 0.575453 0.385837
-2.729458 -54.879942 -2.356202 3138.320355 -0.431176 -0.044417 0.901174 0.675103 -0.678518 0.289568 0.598600 0.733240 0.322547
-1.949788 -58.252430 176.612723 2484.912563 -0.418849 -0.085612 0.904011 0.751395 -0.591675 0.292106 0.509873 0.801618 0.312151
-1.396943 -52.515617 -239.602314 -3855.438577 0.430138 0.077257 -0.899451 -0.608715 0.760587 -0.225772 0.666668 0.644623 0.374185
-3.463662 -64.379697 129.430101 1349.095842 -0.410199 -0.077283 0.908716 0.833369 -0.436499 0.339065 0.370450 0.896379 0.243457
12.017604 -135.753062 -8.312295 10247.871967 -0.561517 0.641630 0.522503 0.729304 0.682069 -0.053817 -0.390914 0.350845 -0.850937
12.160115 -104.252393 -1303.255352 7669.649737 -0.549692 0.703108 0.451086 0.823593 0.546482 0.151826 -0.139760 0.454969 -0.879472
12.478650 -120.834112 362.251276 11273.630750 -0.535896 0.652427 0.535868 0.838314 0.486536 0.245994 -0.100226 0.581053 -0.807671
11.477090 -139.716433 1203.128046 144.204853 -0.535778 0.623550 0.569322 0.528219 0.773555 -0.350140 -0.658731 0.113129 -0.743824
11.154050 -127.733859 -579.403857 264.762549 -0.583754 0.636315 0.504316 0.501114 0.771075 -0.392846 -0.638839 0.023395 -0.768985
-0.304097 -5.245781 -491.090245 535.000745 -0.885070 0.348878 0.308117 0.192367 0.876956 -0.440390 -0.423848 -0.330504 -0.843279
-1.622192 -6.617727 -197.960351 -453.027193 -0.867545 0.400933 0.294312 0.211748 0.833183 -0.510850 -0.450032 -0.380865 -0.807721
-2.224342 -6.064845 -91.390319 -159.843327 -0.759181 0.633377 0.149922 0.466457 0.690087 -0.553352 -0.453940 -0.350162 -0.819344
-2.672818 -4.802655 42.383626 -355.991577 -0.766916 0.618025 0.172871 0.428720 0.693847 -0.578598 -0.477534 -0.369623 -0.797082
-2.204787 -3.603048 363.999740 169.704360 -0.116628 0.941663 -0.315702 -0.881028 0.048641 0.470557 -0.458462 -0.333022 -0.823959
-1.128342 -2.686807 -208.635512 -1096.313821 -0.691980 0.717741 0.077529 -0.590811 -0.624751 0.510518 -0.414856 -0.307464 -0.856365
2.329518 -347.337259 -338.255576 30691.858736 -0.613112 0.601489 0.512157 0.772980 0.322924 0.546098 0.163084 0.730705 -0.662928
0.586806 -242.451752 -325.939604 -3241.301476 -0.631171 0.595282 0.497255 0.740950 0.273146 0.613502 0.229383 0.755666 -0.613476
-1.962051 -221.686096 772.749234 -18653.572941 -0.612667 0.592099 0.523506 0.780258 0.558605 0.281351 -0.125845 0.580844 -0.804228
-1.296178 -259.764082 443.015150 -16377.610675 -0.637428 0.607340 0.474156 0.763703 0.579620 0.284251 -0.102193 0.543304 -0.833293
-7.740004 -17.629747 313.520346 369.942488 0.714487 0.274850 -0.643401 -0.597986 0.717292 -0.357639 -0.363210 -0.640273 -0.676853
-9.294674 -17.116316 288.995726 487.267276 0.701010 0.231503 -0.674530 -0.578711 0.737390 -0.348353 -0.416747 -0.634557 -0.650891
-7.998498 -14.799409 256.067855 668.741236 0.706243 0.272222 -0.653541 -0.566133 0.771447 -0.290453 -0.425104 -0.575122 -0.698943
0.951162 -106.290299 192.619675 2982.309486 -0.306644 -0.025689 0.951477 0.875084 0.385629 0.292436 -0.374430 0.922296 -0.095771
0.101722 -106.709165 -185.367382 -1377.484258 -0.335535 -0.009040 0.941984 0.741578 0.614116 0.270044 -0.580929 0.789164 -0.199354
-0.477452 -117.809037 410.082844 3726.675491 -0.272385 -0.016191 0.962052 0.730364 0.647443 0.217683 -0.626399 0.761942 -0.164529
1.461402 -110.051814 275.817842 4852.015959 -0.291281 -0.043227 0.955660 0.893889 0.343544 0.287993 -0.340760 0.938141 -0.061428
-10.199473 -38.486464 -1145.921746 -1403.315528 0.997347 -0.069661 0.021149 -0.068013 -0.995184 -0.070596 -0.025965 -0.068970 0.997281
-5.636129 -38.101401 305.710280 -4405.978981 0.987846 -0.154910 0.012786 -0.154023 -0.986612 -0.053606 -0.020919 -0.050986 0.998480
-8.380752 -225.395971 -173.514025 -34538.480088 0.941935 -0.334537 -0.029034 -0.335716 -0.936325 -0.102907 -0.007241 -0.106679 0.994267
-17.218255 -174.987916 551.760690 -26590.025408 0.954674 0.292893 0.053014 0.297251 -0.947390 -0.118722 -0.015452 -0.129099 0.991511
-36.062696 -97.743750 -3337.625241 -9321.305244 0.903362 0.423709 0.066395 0.427654 -0.901616 -0.064809 -0.032403 -0.086940 0.995686
0.192842 -55.777658 -2363.297741 -368.378413 0.606207 0.135182 -0.783734 0.132029 0.954669 0.266788 0.784272 -0.265204 0.560879
-1.727217 -59.706007 -2288.758961 -297.470783 0.607714 0.142374 -0.781290 -0.010823 0.985192 0.171112 0.794082 -0.095531 0.600256
3.412070 -57.851268 -1013.032947 264.638715 0.571460 0.102284 -0.814230 0.000733 0.992138 0.125148 0.820629 -0.072113 0.566892
53.726955 -61.704283 -3685.750718 -1110.748347 -0.779365 0.058624 0.623822 0.183806 0.973202 0.138180 -0.599004 0.222355 -0.769255
41.590025 -61.798806 -4387.852669 -2321.783266 -0.900987 0.132100 0.413246 0.195867 0.973774 0.115762 -0.387116 0.185241 -0.903231
50.869504 -64.314056 2027.934831 793.035358 0.853328 -0.136083 -0.503302 0.343855 0.872526 0.347078 -0.391913 0.469234 -0.791343
44.947978 -54.781536 -5037.202862 -3772.524766 -0.860936 0.063091 0.504786 0.028136 0.996666 -0.076583 -0.507935 -0.051731 -0.859841
0.098906 -11.443885 67.171045 -702.255210 -0.192774 -0.218532 -0.956599 -0.597551 0.799414 -0.062205 0.778313 0.559625 -0.284690
0.428916 -8.353717 30.430529 -830.890112 -0.194752 -0.230811 -0.953309 -0.582873 0.808928 -0.076779 0.788880 0.540705 -0.292074
1.332338 -14.273715 -11.782493 -954.570037 -0.277839 -0.098356 -0.955579 -0.607073 0.788910 0.095309 0.744492 0.606587 -0.278899
0.765910 -9.631357 -33.322780 -1225.279937 -0.316644 -0.049230 -0.947266 -0.552335 0.821450 0.141938 0.771144 0.568152 -0.287298
0.847952 -17.246520 160.042122 -810.125850 -0.242762 -0.155499 -0.957542 -0.650384 0.758459 0.041721 0.719769 0.632899 -0.285259
2.788534 -21.662104 -103.359926 1096.484808 0.291835 0.076702 0.953388 0.678146 -0.719520 -0.149695 0.674500 0.690223 -0.261996
2.046967 -16.169205 -39.904610 -1099.678643 -0.334104 -0.004680 -0.942525 -0.599201 0.772954 0.208565 0.727552 0.634445 -0.261052
1.251141 -21.861277 384.104902 -662.529893 0.789964 -0.602066 -0.116077 0.347083 0.595143 -0.724802 -0.505461 -0.532279 -0.679109
2.841576 -16.823261 738.880164 -829.041381 0.782886 -0.619239 -0.060281 0.316062 0.479294 -0.818769 -0.535905 -0.621950 -0.570950
-1.841213 -20.643666 944.524631 -554.248613 0.801825 -0.589759 -0.096235 0.334995 0.576999 -0.744883 -0.494829 -0.565028 -0.660218
-0.373754 -26.211295 -638.735395 940.833259 -0.763782 0.641061 0.075351 -0.457290 -0.619795 0.637762 -0.455546 -0.452654 -0.766539
1.884132 -21.598919 102.380843 -379.655467 0.793175 -0.594907 -0.130228 0.356268 0.626713 -0.693040 -0.493910 -0.503306 -0.709039
3.915697 -19.000004 350.855109 -523.222786 0.771480 -0.631404 -0.078405 0.354831 0.529252 -0.770706 -0.528123 -0.566764 -0.632349
-2.600287 -38.010614 -31.105265 477.713249 -0.445504 -0.732739 0.514412 0.892989 -0.404765 0.196814 0.064003 0.547046 0.834652
-3.035542 -39.127926 -49.942304 419.201759 -0.455433 -0.737570 0.498570 0.888597 -0.410919 0.203814 0.054545 0.535851 0.842549
-2.740001 -37.768804 -107.571931 182.468103 -0.467170 -0.724359 0.507007 0.864307 -0.494990 0.089207 0.186345 0.479885 0.857313
-2.615474 -36.598401 -282.128262 -6.210031 -0.462554 -0.709270 0.531958 0.864939 -0.492798 0.095034 0.194743 0.504069 0.841421
-2.748341 -36.856928 -37.076593 246.637715 -0.449544 -0.718254 0.531056 0.884392 -0.441440 0.151598 0.125543 0.537812 0.833665
-2.527946 -36.553336 -348.934036 43.929639 -0.420453 -0.722535 0.548782 0.907300 -0.331439 0.258757 -0.005073 0.606705 0.794911
1.110110 -41.428079 594.677641 313.517837 -0.256961 -0.676071 0.690578 0.039645 0.706597 0.706505 -0.965608 0.208922 -0.154765
3.409087 -41.941364 424.008341 -323.683942 -0.292323 -0.665540 0.686734 -0.010874 0.720367 0.693507 -0.956258 0.195261 -0.217817
2.241310 -39.831906 -511.186026 868.393987 0.283623 0.674076 -0.682040 0.191316 0.657172 0.729056 -0.939657 0.337263 -0.057428
-2.093693 -63.724987 -182.759467 364.748437 -0.455490 -0.582586 0.673144 0.889548 -0.268022 0.369958 -0.035115 0.767306 0.640320
-2.282868 -62.555052 195.813891 270.044350 -0.467076 -0.591156 0.657552 0.882992 -0.272699 0.382048 -0.046536 0.759058 0.649358
-2.832642 -63.005041 11.761038 -1561.074404 -0.457365 -0.588428 0.666761 0.831781 -0.017840 0.554817 -0.314575 0.808353 0.497602
-2.253404 -62.075311 -267.423993 -1970.875710 -0.449352 -0.587437 0.673053 0.857947 -0.073760 0.508415 -0.249018 0.805901 0.537134
-0.950594 -40.872102 341.430372 -1907.845367 0.561236 0.655840 -0.504865 -0.482503 0.754878 0.444241 0.672462 -0.005725 0.740109
-2.295109 -42.658949 166.443337 -2364.905710 0.579900 0.652156 -0.488271 -0.467832 0.757236 0.455770 0.666970 -0.035872 0.744221
-1.464669 -34.307715 282.901436 -1935.052338 0.568426 0.654033 -0.499131 -0.382709 0.747237 0.543296 0.728303 -0.117801 0.675054
-0.360096 -34.503046 280.770695 -1581.193609 0.554599 0.670486 -0.492817 -0.383026 0.731469 0.564132 0.738722 -0.124106 0.662485
-1.215332 -28.962579 337.687344 -1319.308464 0.558923 0.668888 -0.490096 -0.299618 0.714008 0.632789 0.773197 -0.206839 0.599486
9.765950 -26.959492 153.655707 -273.905605 -0.211061 -0.192340 0.958362 0.522438 0.806461 0.276911 -0.826143 0.559130 -0.069727
9.346917 -27.845130 -1467.976866 -168.827139 -0.288898 -0.137466 0.947439 0.492230 0.827482 0.270155 -0.821126 0.544405 -0.171393
7.872830 -28.284983 -1200.443657 -326.711567 -0.295647 -0.155940 0.942484 0.582500 0.752529 0.307235 -0.757157 0.639830 -0.131648
8.112794 -26.864343 469.667303 -171.493794 -0.206209 -0.229386 0.951241 0.631933 0.711002 0.308443 -0.747087 0.664725 -0.001659
6.074791 -25.729239 1582.532765 -151.459243 -0.109766 -0.238465 0.964928 0.578329 0.774224 0.257124 -0.808385 0.586269 0.052928
-1.861037 -40.396450 26.731538 1958.001274 0.495988 0.547666 -0.673838 -0.481005 0.819364 0.311893 0.722932 0.169424 0.669824
-2.674329 -46.463450 -4.460299 2099.625103 0.512652 0.510165 -0.690594 -0.312931 0.860024 0.403029 0.799539 0.009495 0.600539
-1.758100 -41.616264 91.399614 2085.257683 0.485801 0.549107 -0.680058 -0.433256 0.827006 0.358262 0.759136 0.120595 0.639664
-1.023427 -36.919750 77.387263 852.060575 0.470586 0.583893 -0.661527 -0.560807 0.776742 0.286649 0.681208 0.236097 0.692975
-1.076588 -38.702850 168.024332 1371.870997 0.464842 0.577974 -0.670722 -0.513153 0.793202 0.327878 0.721523 0.191772 0.665303
0.914693 -39.882602 466.337336 -820.773009 -0.428631 -0.793145 0.432663 0.790697 -0.097621 0.604374 -0.437119 0.601158 0.668981
0.352534 -35.997072 274.277277 -1630.351772 -0.429396 -0.784664 0.447127 0.706706 0.016319 0.707319 -0.562304 0.619707 0.547519
0.555027 -35.163064 131.800657 -1115.339677 -0.428278 -0.777424 0.460641 0.697544 0.039644 0.715444 -0.574465 0.627726 0.525309
2.225942 -38.844297 68.613500 129.584527 0.449149 0.603132 -0.659164 0.759935 0.130092 0.636848 0.469855 -0.786961 -0.399910
2.173129 -37.548784 299.320507 -121.954345 0.470059 0.625899 -0.622331 0.649456 0.232201 0.724078 0.597705 -0.744536 -0.297346
2.470479 -40.076186 360.352481 197.490392 0.438583 0.620275 -0.650310 0.748132 0.148942 0.646618 0.497939 -0.770114 -0.398724
8.071139 -71.799129 427.598858 -3727.348610 -0.044694 -0.398426 0.916111 0.454936 0.808304 0.373734 -0.889402 0.433476 0.145132
4.645298 -72.015582 799.507567 -1764.057634 -0.000954 -0.389517 0.921019 0.595931 0.739389 0.313320 -0.803035 0.549163 0.231420
6.441757 -69.818525 1141.307385 -3468.727512 0.032073 -0.388905 0.920719 0.311931 0.879076 0.360449 -0.949563 0.275640 0.149506
5.062068 -74.897883 787.706521 685.557192 -0.035833 -0.411212 0.910835 0.759030 0.581668 0.292465 -0.650069 0.701831 0.291279
9.251552 -67.513542 328.621873 -4387.678600 -0.026904 -0.379671 0.924730 0.193406 0.905609 0.377448 -0.980750 0.189003 0.049066
10.474702 -68.568406 -803.647378 -4869.267728 -0.116435 -0.367566 0.922680 0.216858 0.897175 0.384772 -0.969234 0.244891 -0.024753
8.477185 -73.464773 -575.973973 -3483.279769 -0.128812 -0.377168 0.917143 0.475514 0.788096 0.390884 -0.870226 0.486465 0.077833
7.455030 -74.694951 -100.851580 978.619809 -0.104930 -0.395263 0.912555 0.723458 0.599273 0.342755 -0.682348 0.696161 0.223074
-8.058707 -21.233196 69.398553 47.549706 -0.612266 -0.354745 0.706602 0.233988 0.772366 0.590509 -0.755235 0.526885 -0.389887
-9.439195 -22.308768 368.108679 -135.188713 -0.632807 -0.322065 0.704151 0.263895 0.765243 0.587165 -0.727952 0.557384 -0.399260
-8.557394 -21.790257 47.589159 41.990985 -0.637940 -0.374402 0.672946 0.143858 0.800535 0.581763 -0.756530 0.467939 -0.456833
6.403356 -454.296546 -1447.005664 89196.703429 -0.030058 -0.183240 0.982609 0.729257 -0.676318 -0.103814 0.683579 0.713454 0.153957
3.702200 -165.831635 1093.454433 -6379.231055 0.022374 0.206282 -0.978237 -0.571871 0.805234 0.156721 0.820039 0.555919 0.135983
4.121957 -195.594540 -717.801118 15333.664795 -0.025070 -0.193928 0.980695 0.847525 -0.524379 -0.082028 0.530163 0.829107 0.177505
-1.741981 -318.379230 -1415.678717 52503.460852 -0.076790 -0.174525 0.981654 0.949987 -0.311718 0.018894 0.302702 0.934009 0.189733
-0.013433 -226.893981 -211.928317 23290.582145 -0.013755 -0.189702 0.981745 0.851672 -0.516651 -0.087900 0.523895 0.834916 0.168670
1.880381 -173.371289 124.770774 -9313.018257 -0.017318 0.231995 -0.972563 -0.580492 0.789650 0.198699 0.814081 0.568007 0.120996
-12.869699 -1124.922744 -2117.666578 -222042.977338 0.432847 0.600999 -0.671896 0.736229 0.194426 0.648201 0.520202 -0.775241 -0.358316
-12.981592 -576.203514 2746.941497 -95779.060159 0.295618 0.544405 -0.785006 0.555089 0.570888 0.604949 0.777487 -0.614581 -0.133428
-9.058399 -1794.687392 -1750.594374 -418381.939540 0.356013 0.381796 -0.852928 0.356809 0.788037 0.501681 0.863679 -0.482938 0.144324
0.125465 -28.330211 88.519552 -102.597089 0.600254 0.574083 -0.556887 -0.008610 0.700872 0.713235 0.799763 -0.423327 0.425644
0.198492 -27.872107 74.807877 -143.873598 0.598265 0.574572 -0.558521 0.094083 0.641830 0.761054 0.795756 -0.507859 0.329927
-0.594521 -28.335323 -49.375927 -187.782869 0.599169 0.577721 -0.554288 0.057017 0.659772 0.749299 0.798590 -0.480561 0.362375
-0.345128 -28.737280 -77.564177 13.420024 0.603895 0.577585 -0.549279 -0.077702 0.728505 0.680619 0.793268 -0.368342 0.484820
-6.526137 -20.317736 210.331999 256.462430 -0.350928 -0.468012 0.811058 0.913591 0.018896 0.406196 -0.205430 0.883520 0.420940
-6.461034 -21.165044 -4.437636 264.629742 -0.357838 -0.432595 0.827535 0.922095 -0.023918 0.386224 -0.147285 0.901271 0.407452
-7.156226 -21.940765 -93.087903 637.202565 -0.431654 -0.432197 0.791758 0.872416 0.023066 0.488219 -0.229270 0.901484 0.367099
-5.741890 -20.783067 8.659598 -286.594931 -0.274591 -0.456162 0.846473 0.956191 -0.036625 0.290445 -0.101488 0.889143 0.446235
-7.249772 -22.226934 189.213143 696.687530 -0.458776 -0.469908 0.754129 0.837871 0.053752 0.543215 -0.295797 0.881077 0.369063
-7.086231 -20.120501 344.151698 462.443178 -0.367292 -0.497621 0.785793 0.886974 0.066895 0.456948 -0.279952 0.864811 0.416807
-5.934125 -18.908656 69.713492 -204.351833 -0.266551 -0.481541 0.834907 0.942959 0.048962 0.329288 -0.199444 0.875055 0.441022
217.116339 99.592681 9410.585334 9763.771309 -0.678716 0.728543 -0.092573 0.566593 0.599653 0.565145 -0.467244 -0.331121 0.819782
-7.649314 -1078.401185 -37256.271296 -341954.027450 0.559609 0.756399 0.338672 -0.090133 -0.350678 0.932148 -0.823841 0.552165 0.128066
-507.254598 -2452.753698 -193794.668043 382645.953405 0.062511 0.700193 0.711211 -0.229118 -0.683505 0.693055 -0.971389 0.206275 -0.117700
-68.599272 -226.582343 -6494.969613 -42416.204225 0.718708 0.387050 0.577626 -0.448154 0.893026 -0.040777 -0.531618 -0.229558 0.815282
-116.106908 -949.609753 -19328.676477 62254.231324 0.920401 0.108177 0.375713 -0.250624 -0.574317 0.779325 -0.300083 0.811454 0.501490
-11.096117 -61.302645 311.001872 6266.824821 0.196210 0.919794 0.339825 0.616811 0.153633 -0.771972 0.762264 -0.361076 0.537194
-9.677986 -66.696048 1669.936186 1075.283753 -0.039436 0.820743 0.569935 0.493195 0.512046 -0.703255 0.869024 -0.253356 0.424979
-5.800779 -77.070835 1508.726111 2657.178321 0.054462 0.903017 0.426139 0.701084 0.269303 -0.660271 0.710996 -0.334719 0.618423
0.533571 -98.116485 1986.067033 -3352.167542 -0.000488 0.909831 0.414980 0.843743 0.223114 -0.488179 0.536748 -0.349897 0.767772
-2.470263 -77.042150 756.512573 3233.519455 0.158325 0.931382 0.327812 0.823913 0.058346 -0.563704 0.544151 -0.359337 0.758140
-28.418256 -43.742774 24.835691 -1552.858523 -0.116506 0.107520 -0.987353 0.312477 0.947607 0.066321 0.942754 -0.300799 -0.143999
-26.751207 -40.424674 44.815765 -1050.406419 -0.313253 -0.220097 -0.923813 0.233927 0.924916 -0.299682 0.920408 -0.309981 -0.238246
-22.747630 -35.657199 133.412835 -1678.917998 -0.452701 -0.401973 -0.795914 0.274725 0.786316 -0.553384 0.848286 -0.469175 -0.245533
-15.344127 -41.208890 -992.170039 -69.698394 -0.238118 -0.434633 -0.868559 0.777139 -0.621648 0.098022 -0.582542 -0.651650 0.485796
-14.066249 -37.984481 -1764.633453 620.605150 -0.280492 -0.460028 -0.842436 0.869030 -0.494379 -0.019381 -0.407567 -0.737539 0.538448
-3.209016 -40.686582 -3610.947819 110.214664 -0.325490 -0.512567 -0.794564 0.796538 -0.601434 0.061681 -0.509493 -0.612824 0.604040
-21.616375 -39.580468 264.577425 726.840153 -0.206827 -0.361637 -0.909088 0.868915 -0.494960 -0.000791 -0.449676 -0.790085 0.416602
-9.816204 -42.292353 2732.518404 54.217961 0.323403 0.459107 0.827424 -0.663022 0.733819 -0.148024 -0.675139 -0.500730 0.541717
-21.429320 -42.564501 125.220797 25.938851 -0.127465 -0.365821 -0.921915 0.765677 -0.627131 0.142986 -0.630469 -0.687664 0.360038
-18.035413 -41.718595 549.221297 313.992491 0.203256 0.415294 0.886689 -0.673024 0.716995 -0.181538 -0.711144 -0.559865 0.425236
18.582745 -8.668458 601.841664 113.016190 -0.502044 0.844866 -0.184806 -0.309362 -0.374987 -0.873888 0.807618 0.381559 -0.449629
32.131927 -6.699234 2097.069256 598.370362 -0.492091 0.706766 -0.508260 -0.196913 -0.659077 -0.725839 0.847981 0.257096 -0.463498
32.819933 -7.651311 1784.855862 447.841074 -0.546373 0.801422 -0.243311 -0.343957 -0.479582 -0.807276 0.763656 0.357385 -0.537685
47.316221 -9.036335 2796.751908 234.336318 -0.458452 0.717534 -0.524374 -0.238042 -0.667616 -0.705425 0.856246 0.198580 -0.476873
45.472259 -11.133665 3225.974923 -251.075831 -0.363429 0.604079 -0.709231 0.117575 0.784940 0.608314 0.924173 0.137691 -0.356294
56.218811 -53.183506 4015.496845 -1540.061204 -0.599143 0.791517 -0.120533 -0.744133 -0.606064 -0.280984 0.295455 0.078657 -0.952113
34.118407 -48.440852 1341.183577 -89.809459 -0.522144 0.816905 -0.245013 -0.832654 -0.550446 -0.060800 0.184535 -0.172264 -0.967612
53.500597 -53.377481 -4535.833404 -2312.974530 -0.345715 0.800013 -0.490368 -0.780748 -0.535128 -0.322600 0.520493 -0.271326 -0.809610
27.568539 -49.107548 -2472.420406 -563.715225 -0.309020 0.808488 -0.500853 0.924581 0.378776 0.040974 0.222838 -0.450418 -0.864562
59.450294 -19.196035 -9470.091158 520.511942 0.280559 0.277677 -0.918794 0.042668 0.952685 0.300949 0.958888 -0.123637 0.255436
57.387848 -21.944682 375.641334 167.104658 -0.157355 0.205002 -0.966030 -0.020353 0.977335 0.210716 0.987332 0.052819 -0.149616
48.153048 -21.692256 4684.584398 326.423609 -0.346821 0.225271 -0.910477 0.103465 0.973993 0.201574 0.932207 -0.024293 -0.361109
40.770129 -24.854408 3589.660534 1045.639797 -0.254403 0.293451 -0.921502 0.197027 0.948595 0.247684 0.946816 -0.118549 -0.299143
-18.129068 -61.216728 1100.841044 -4967.049562 -0.416815 -0.097827 0.903712 0.645547 -0.731790 0.218526 0.639949 0.674473 0.368172
-23.704996 -73.136579 -750.706957 3724.701969 0.318910 0.157370 -0.934629 -0.529453 0.847489 -0.037960 0.786114 0.506948 0.353593
-25.660474 -70.728910 16.463400 3721.405547 0.161564 0.142416 -0.976532 -0.585369 0.810486 0.021353 0.794506 0.568182 0.214311
2.128710 -44.773686 164.709321 -1519.269240 0.487678 -0.019776 -0.872799 -0.459825 0.844012 -0.276052 0.742113 0.535959 0.402513
1.841875 -45.076183 231.838172 -1140.108443 0.493468 -0.039681 -0.868858 -0.442917 0.848265 -0.290295 0.748541 0.528083 0.401016
1.697253 -41.498258 180.194981 -702.277422 0.482812 0.005074 -0.875709 -0.339956 0.922646 -0.182085 0.807045 0.385616 0.447189
2.957231 -50.521335 -156.517048 1568.033437 -0.505520 0.048213 0.861467 0.577541 -0.722862 0.379364 0.641012 0.689309 0.337576
3.075550 -46.264658 149.718367 -1014.312382 0.495033 0.005176 -0.868859 -0.384795 0.897878 -0.213889 0.779022 0.440214 0.446471
3.557060 -51.881485 -7.967238 1494.645337 -0.512972 0.018186 0.858213 0.557757 -0.752908 0.349337 0.652508 0.657874 0.376078
194.579531 -26.773433 -24322.607222 699.694456 0.552336 -0.455655 0.698071 0.668725 -0.257793 -0.697388 0.497726 0.852010 0.162319
1462.374831 -170.351397 -248183.395598 -15592.760303 0.530284 0.248021 0.810731 0.847202 -0.191540 -0.495542 0.032383 0.949630 -0.311694
281.803176 -39.174853 -53504.005383 -1170.836790 0.532624 0.246356 0.809704 0.844874 -0.098260 -0.525864 -0.049988 0.964185 -0.260476
-0.880198 -37.000007 54.758875 -988.264923 0.465738 -0.001285 -0.884922 -0.412183 0.884582 -0.218218 0.783067 0.466382 0.411454
-0.666961 -38.104180 7.100572 -1570.087814 0.474770 -0.017363 -0.879938 -0.417474 0.875726 -0.242527 0.774796 0.482496 0.408520
-1.279735 -44.448677 85.418723 -2963.135747 0.470436 -0.027791 -0.881997 -0.515616 0.802471 -0.300302 0.716122 0.596044 0.363181
-2.889754 -34.641702 297.772259 -141.038899 0.719328 0.131752 0.682062 0.561617 -0.688159 -0.459373 -0.408844 -0.713498 0.569006
-2.499245 -34.358775 598.751841 -556.720262 0.729045 0.154483 0.666805 0.491361 -0.796330 -0.352735 -0.476505 -0.584802 0.656468
-4.249563 -34.256257 274.467043 194.645958 0.715807 0.129847 0.686119 0.518881 -0.756452 -0.398175 -0.467314 -0.641031 0.608849
-4.044238 -34.292796 39.873278 298.952248 0.701495 0.123019 0.701977 0.589960 -0.652824 -0.475150 -0.399815 -0.747454 0.530529
-3.985415 -34.889876 -52.477715 529.158877 0.701169 0.112326 0.704092 0.539466 -0.729268 -0.420885 -0.466195 -0.674945 0.571936
2.806397 -46.079420 370.284402 1320.512402 0.580027 -0.016435 0.814432 0.599890 0.684999 -0.413411 -0.551090 0.728359 0.407177
5.453797 -52.381030 637.935577 1472.567073 0.606913 0.025247 0.794367 0.444158 0.818075 -0.365346 -0.659076 0.574558 0.485286
5.483926 -50.317927 423.609226 1030.130616 0.534779 -0.025367 0.844611 0.609293 0.704132 -0.364636 -0.585468 0.709615 0.392011
11.854514 -81.644146 -1269.355326 5812.566130 -0.510189 0.726147 0.460889 0.852525 0.356183 0.382538 0.113618 0.588086 -0.800779
3.166759 -237.959211 570.701207 18470.246282 0.603730 -0.598536 -0.526560 0.595539 -0.100468 0.797019 0.529947 0.794771 -0.295795
5.273345 -259.692108 1895.443654 11816.913616 0.616331 -0.622996 -0.481677 0.562019 -0.080462 0.823201 0.551608 0.778076 -0.300545
3.732512 -337.422324 546.393073 -1061.702289 -0.669354 0.585659 0.457131 0.675492 0.223571 0.702657 0.309316 0.779115 -0.545256
-8.114914 -20.688358 -406.535377 -61.695360 0.685459 0.384202 -0.618494 0.709751 -0.542130 0.449831 -0.162478 -0.747317 -0.644296
-8.671168 -20.805372 -392.047018 166.740174 0.656544 0.412721 -0.631357 0.751490 -0.429932 0.500421 -0.064906 -0.803006 -0.592425
-7.324545 -20.381079 -176.424230 29.274768 0.678133 0.364464 -0.638202 0.722004 -0.492576 0.485879 -0.137278 -0.790275 -0.597177
1.307081 -105.614178 36.686207 1494.040061 -0.333662 -0.050161 0.941357 0.913921 0.227616 0.336066 -0.231125 0.972458 -0.030104
-1.879988 -31.981489 -670.777606 1180.654582 0.933662 -0.355948 0.039713 0.355725 0.934503 0.012769 -0.041657 0.002205 0.999130
-3.859590 -29.743155 -331.503626 3366.924964 0.959563 -0.280272 0.026211 0.279458 0.959662 0.030863 -0.033804 -0.022290 0.999180
-1.379128 -27.311796 -412.988784 -2908.238554 0.978295 -0.200643 0.051778 0.199313 0.979485 0.029725 -0.056680 -0.018759 0.998216
2.041850 -60.497955 -623.554385 -9548.484465 0.950885 -0.301348 0.070758 0.303417 0.952641 -0.020331 -0.061281 0.040801 0.997286
-5.965196 -57.309008 -2285.294764 -984.002602 0.593387 0.175123 -0.785636 0.144231 0.937115 0.317826 0.791890 -0.301907 0.530813
-7.875772 -62.108084 -1941.478200 -372.021475 0.581565 0.171517 -0.795213 -0.034295 0.981821 0.186685 0.812777 -0.081298 0.576875
61.235557 -58.066334 -420.505182 371.718272 -0.539514 0.019835 0.841743 0.208183 0.971824 0.110534 -0.815834 0.234871 -0.528442
50.551451 -49.625469 902.356828 1520.908135 -0.443786 -0.027347 0.895715 0.404039 0.886068 0.227236 -0.799879 0.462748 -0.382175
58.583162 -52.933722 1475.258132 1797.412328 -0.248328 0.021437 0.968439 0.269481 0.961818 0.047810 -0.930437 0.272849 -0.244623
68.659229 -60.148058 -16.833771 14.604434 -0.394271 0.021360 0.918746 0.012708 0.999761 -0.017790 -0.918906 0.004661 -0.394448
1.119811 -6.912460 401.228548 -252.143877 -0.021157 -0.464468 -0.885337 -0.585445 0.723586 -0.365619 0.810436 0.510581 -0.287229
0.467852 -4.525698 178.978121 -289.101756 -0.083529 -0.385843 -0.918775 -0.602438 0.753985 -0.261869 0.793783 0.531631 -0.295426
1.897761 -5.477488 558.170187 98.620258 0.056531 -0.550300 -0.833051 -0.590616 0.654299 -0.472298 0.804970 0.518713 -0.288028
-5.483580 -7.564776 137.089695 353.780483 0.232467 -0.533974 0.812915 -0.505630 0.647638 0.570003 -0.830842 -0.543541 -0.119439
-6.675106 -11.776787 -309.422694 845.651458 -0.309328 0.658251 -0.686310 -0.463327 0.525927 0.713252 -0.830448 -0.538615 -0.142302
-4.821098 -11.380384 -93.834947 1460.097496 -0.478395 0.791741 -0.379847 -0.316043 0.248339 0.915666 -0.819302 -0.558098 -0.131420
-5.065822 -9.924257 546.414657 -638.655223 -0.025077 -0.187396 0.981964 -0.537958 0.830452 0.144744 -0.842598 -0.524626 -0.121636
-4.672689 -5.608805 215.685925 -16.624986 0.025194 -0.233731 0.971975 -0.560531 0.801761 0.207329 -0.827750 -0.550045 -0.110813
-2.925986 -7.919499 482.868236 -509.680422 -0.108404 -0.035344 0.993478 -0.536068 0.843694 -0.028478 -0.837185 -0.535659 -0.110407
66.038828 -14.208873 3610.061522 301.213748 0.372031 0.324850 -0.869520 0.909677 -0.313908 0.271938 -0.184610 -0.892151 -0.412292
58.356568 -15.982818 1712.178453 1300.805669 0.335994 0.270638 -0.902144 0.909839 -0.340907 0.236590 -0.243516 -0.900299 -0.360780
65.058692 -14.960088 -6141.711637 817.078522 0.235589 -0.069740 -0.969347 0.912804 -0.326496 0.245336 -0.333597 -0.942622 -0.013260
52.965669 -18.669478 -4949.585742 1138.724058 0.255044 -0.050628 -0.965603 0.881499 -0.398234 0.253710 -0.397381 -0.915886 -0.056938
-3.153906 -39.746936 143.737228 246.663298 -0.464658 -0.752466 0.466784 0.885317 -0.405206 0.228084 0.017518 0.519232 0.854454
-2.897898 -38.145889 260.062990 -289.181882 -0.447718 -0.756099 0.477351 0.886459 -0.305337 0.347792 -0.117212 0.578864 0.806956
-2.530025 -38.895448 125.385115 -648.475620 -0.445712 -0.758456 0.475484 0.869125 -0.239439 0.432771 -0.214389 0.606146 0.765914
-1.655337 -36.441453 16.376275 -1064.610510 -0.414995 -0.755778 0.506535 0.858318 -0.140553 0.493492 -0.301776 0.639565 0.707027
-2.527639 -40.071712 -102.774254 -142.162359 -0.465368 -0.747749 0.473606 0.877007 -0.317275 0.360826 -0.119544 0.583273 0.803431
-1.888742 -35.395302 -12.885954 -888.519099 -0.417673 -0.757173 0.502233 0.827964 -0.089528 0.553589 -0.374199 0.647050 0.664305
-1.918312 -38.311350 -96.770390 -705.530287 -0.449439 -0.752365 0.481613 0.839855 -0.172174 0.514782 -0.304383 0.635848 0.709259
5.684815 -41.740374 414.751103 -1037.692202 -0.308225 -0.651516 0.693199 -0.160430 0.753838 0.637174 -0.937689 0.085183 -0.336874
3.584262 -41.988486 341.549882 -738.328837 -0.295293 -0.661628 0.689239 -0.206140 0.748539 0.630235 -0.932903 0.044025 -0.357426
5.455815 -43.590619 452.670882 700.115898 -0.305308 -0.655748 0.690494 -0.285576 0.754791 0.590540 -0.908424 -0.016892 -0.417710
-2.662830 -61.373190 154.773336 -1097.642950 -0.494076 -0.571285 0.655380 0.851806 -0.167116 0.496486 -0.174111 0.803559 0.569192
-1.411692 -59.529171 210.607841 1425.375870 -0.495535 -0.574740 0.651244 0.863808 -0.404634 0.300177 0.090992 0.711298 0.696976
-0.428120 -58.056961 26.830803 2469.637443 -0.482374 -0.575208 0.660645 0.838396 -0.521675 0.157950 0.253788 0.630073 0.733894
-0.479794 -58.339726 -235.087257 1267.452890 -0.519146 -0.550023 0.654188 0.849690 -0.414771 0.325564 0.092270 0.724872 0.682676
0.264043 -54.205108 -339.047253 2470.027991 -0.513467 -0.542441 0.664913 0.789872 -0.601577 0.119193 0.335341 0.586398 0.737349
-1.072260 -49.843623 307.984583 -1415.212523 0.552800 0.677138 -0.485691 -0.637212 0.719084 0.277270 0.537003 0.156213 0.828991
-3.505177 -54.209476 448.087716 -2271.028673 0.553151 0.668926 -0.496551 -0.619204 0.728873 0.292112 0.557324 0.145884 0.817378
-3.551891 -42.782827 180.595928 -3145.316263 0.588864 0.647446 -0.483791 -0.423997 0.757062 0.497074 0.688088 -0.087583 0.720322
3.932412 -28.378139 -1697.746324 -395.734856 -0.321505 -0.123939 0.938762 0.499273 0.820202 0.279276 -0.804587 0.558487 -0.201820
6.754481 -27.518651 -1834.998261 -77.339596 -0.313449 -0.117587 0.942297 0.418404 0.873689 0.248205 -0.852460 0.472060 -0.224658
-2.265620 -42.867460 78.568055 2124.386060 0.509469 0.524560 -0.682113 -0.458013 0.836393 0.301115 0.728467 0.159008 0.666372
-2.518184 -48.078735 -4.371467 2338.163929 0.523691 0.496482 -0.692281 -0.332634 0.867287 0.370362 0.784284 0.036321 0.619338
-3.211020 -54.653974 10.255841 1265.642962 0.524575 0.469735 -0.710049 -0.111222 0.864677 0.489860 0.844068 -0.177996 0.505833
-3.522747 -55.303324 -132.082311 1351.027180 0.522921 0.480962 -0.703725 -0.072430 0.847686 0.525531 0.849298 -0.223841 0.478109
1.925082 -36.980500 308.139356 -274.310401 0.497686 0.637507 -0.588127 -0.493166 -0.349808 -0.796506 0.713510 -0.686454 -0.140302
2.009873 -38.708742 172.151263 101.510100 0.495930 0.632969 -0.594478 0.539167 0.312196 0.782197 0.680700 -0.708438 -0.186449
-10.379001 -23.191385 -288.956482 -112.056040 -0.726134 -0.280167 0.627882 0.142551 0.832022 0.536114 -0.672613 0.478796 -0.564222
-11.026998 -22.954368 445.931998 -28.808486 -0.681681 -0.318014 0.658922 0.171825 0.805827 0.566674 -0.711187 0.499510 -0.494674
-10.799871 -23.855663 -276.193816 -127.673463 -0.710381 -0.231881 0.664523 0.280078 0.773056 0.569158 -0.645690 0.590437 -0.484219
-10.347366 -22.539243 527.414177 -27.183365 -0.677348 -0.357487 0.642964 0.055257 0.846801 0.529032 -0.733584 0.393867 -0.553826
-7.818112 -23.819963 -1012.245775 -143.110957 -0.759198 -0.196057 0.620628 0.233913 0.807652 0.541278 -0.607373 0.556111 -0.567308
-8.701103 -22.942824 -1150.782662 -142.789602 -0.764242 -0.218525 0.606779 0.137980 0.863659 0.484825 -0.629996 0.454247 -0.629892
-9.857270 -22.602487 -273.956514 -74.409867 -0.735332 -0.280167 0.617085 0.058842 0.880715 0.469977 -0.675148 0.381900 -0.631133
12.995332 -171.013522 -2784.298459 10526.711947 -0.010848 -0.175437 0.984431 0.787358 -0.608374 -0.099743 0.616401 0.774017 0.144731
-35.798471 -1235.248886 -2158.796744 -194975.025839 0.400762 0.519142 -0.754905 0.810009 0.184248 0.556721 0.428107 -0.834592 -0.346670
-56.801756 -2492.974764 12136.121899 211501.818665 0.321633 0.304037 -0.896724 -0.331757 0.923197 0.194020 0.886843 0.235091 0.397797
1.142748 -28.580048 -75.265616 339.208856 0.144318 0.765073 -0.627563 -0.375369 0.629128 0.680659 -0.915571 -0.137336 -0.377979
2.044761 -25.072543 551.201123 279.215537 -0.171076 -0.699523 0.693831 -0.244755 0.712311 0.657806 -0.954373 -0.057284 -0.293071
1.483157 -29.254851 -3.284005 261.566811 0.172125 0.728435 -0.663141 -0.288184 0.680972 0.673221 -0.941978 -0.075229 -0.327136
-7.147935 -23.137486 -199.262670 507.722240 -0.455806 -0.403300 0.793467 0.862129 0.021601 0.506229 -0.221302 0.914813 0.337851
-5.990534 -22.573474 16.497124 244.713300 -0.386895 -0.406505 0.827687 0.914155 -0.051334 0.402102 -0.120968 0.912205 0.391470
-5.486000 -21.818077 131.867024 -169.358626 -0.290485 -0.438138 0.850678 0.955478 -0.084720 0.282637 -0.051764 0.894907 0.443241
-17.116166 -44.078377 1445.264194 229.429030 -0.027332 0.766325 0.641872 0.480890 0.573008 -0.663632 0.876355 -0.290531 0.384179
-7.416897 -70.885800 -649.843438 -5993.529599 0.174111 -0.599605 -0.781127 0.305888 0.786934 -0.535880 0.936012 -0.145635 0.320426
-2.556975 -98.956363 -1862.988908 -4304.565234 0.153371 -0.695707 -0.701761 0.248507 0.714495 -0.654019 0.956411 -0.074085 0.282471
-20.445712 -45.498264 -1152.544580 -1305.791770 0.022645 0.170943 -0.985021 0.264125 0.949244 0.170806 0.964223 -0.264036 -0.023655
-10.718328 -44.950469 -2416.940739 -3443.618394 0.125020 0.090952 -0.987977 0.442005 0.886406 0.137534 0.888258 -0.453885 0.070617
-2.413857 -37.643909 -4600.371418 769.718182 -0.309769 -0.548034 -0.776982 0.885015 -0.464895 -0.024932 -0.347551 -0.695364 0.629028
-18.817484 -34.797685 -615.940376 1557.564995 -0.281604 -0.392559 -0.875555 0.926636 -0.348135 -0.141946 -0.249089 -0.851293 0.461795
12.881126 -10.012118 38.874530 -296.581432 -0.473230 0.848167 -0.238049 -0.239827 -0.384055 -0.891619 0.847665 0.364850 -0.385160
10.740226 -10.669372 540.738027 -278.126817 -0.470514 0.882036 -0.025081 -0.332225 -0.203411 -0.921005 0.817461 0.425014 -0.388743
11.769973 -13.431346 267.397582 157.206483 -0.443260 0.878698 0.177229 -0.441309 -0.041824 -0.896380 0.780235 0.475542 -0.406316
21.958601 -11.959031 703.197596 394.294709 -0.513144 0.856101 0.061427 -0.458610 -0.212986 -0.862736 0.725506 0.470879 -0.501910
-2.546939 -23.044374 401.401922 -732.968328 -0.225989 0.867585 -0.442972 0.847412 -0.049185 -0.528652 -0.480439 -0.494850 -0.724087
-1.094362 -22.975213 -19.266868 753.500463 -0.166385 0.863719 -0.475715 -0.841611 0.126998 0.524941 -0.513816 -0.487709 -0.705785
1.391550 -28.791907 -67.929251 -1105.420181 -0.207648 0.863316 -0.459966 0.901330 -0.013860 -0.432911 -0.380114 -0.504474 -0.775255
-0.484212 -28.822171 -528.625266 -1107.321048 -0.087176 0.847938 -0.522878 0.918581 -0.134690 -0.371573 -0.385498 -0.512698 -0.767159
4.068486 -37.924780 -725.564528 -2176.755998 -0.131793 0.847598 -0.514012 0.957894 -0.024541 -0.286073 -0.255089 -0.530071 -0.808674
