10335
20661
-51.999071 -76.018305 -484.790296 4398.934205 0.005480 0.999461 0.032379 0.916164 0.007959 -0.400724 0.400765 -0.031861 0.915627
-42.345052 -73.053315 -2326.326897 8195.711613 -0.066759 0.984614 0.161489 0.846904 0.141491 -0.512576 0.527538 -0.102547 0.843319
-43.133449 -64.266105 -1258.008532 6537.920661 0.193788 0.976485 -0.094468 0.784701 -0.212077 -0.582467 0.588805 -0.038746 0.807346
-31.854816 -61.822747 -3949.376782 9448.143415 0.065572 0.986208 0.151967 0.742336 0.053559 -0.667883 0.666811 -0.156605 0.728586
-49.958572 -73.513866 -850.776153 5101.624071 0.225695 0.961276 -0.158144 0.860363 -0.272828 -0.430513 0.456988 0.038896 0.888622
-46.501950 -69.281933 -113.429908 6472.057463 0.359105 0.856050 -0.371783 0.744853 -0.502901 -0.438502 0.562349 0.119456 0.818226
-36.513789 -48.845675 -557.102731 4501.648387 0.359241 0.900438 -0.245268 0.635482 -0.428490 -0.642308 0.683453 -0.074880 0.726144
-40.665431 -57.555056 850.404881 4121.644983 0.508212 0.714004 -0.481579 0.563075 -0.698577 -0.441518 0.651666 0.046781 0.757063
-43.630516 -61.159611 451.991590 570.188974 -0.247269 0.454043 0.855980 0.714777 -0.510957 0.477510 0.654180 0.729909 -0.198196
-50.255046 -65.592776 1654.135213 3105.452696 -0.341974 0.607791 0.716690 0.748360 -0.285123 0.598885 0.568341 0.741144 -0.357342
-46.256775 -65.391177 -283.169878 3827.855727 -0.232756 0.488243 0.841097 0.800631 -0.394771 0.450716 0.552100 0.778315 -0.299017
-49.502176 -61.200765 2552.689515 -41.369780 -0.204627 0.557071 0.804860 0.715350 -0.476147 0.511428 0.668134 0.680408 -0.301068
31.354852 -37.800739 -2769.784392 -664.106490 -0.575500 0.817776 -0.006504 0.814106 0.573637 0.090398 -0.077656 -0.046729 0.995885
28.918338 -32.853115 -2457.472196 -1793.019881 -0.579280 0.815089 0.008001 0.794454 0.562364 0.229325 -0.182421 -0.139200 0.973317
28.152210 -34.581781 1256.297671 -751.576806 -0.579641 0.805146 -0.125527 0.787805 0.593072 0.166221 -0.208278 0.002542 0.978066
28.009767 -38.162750 3647.330070 -559.019073 -0.582782 0.792595 -0.179326 0.799108 0.599044 0.050709 -0.147616 0.113749 0.982482
36.225822 -39.166060 162.932450 -561.165680 0.584081 -0.806962 0.087536 0.809634 0.586881 0.007979 -0.057812 0.066211 0.996129
33.140244 -42.077364 -3419.025977 -1529.202017 -0.586075 0.810255 0.001888 0.810040 0.585971 -0.021737 0.018719 0.011210 0.999762
-22.301218 -49.180313 -117.743871 480.283552 0.281936 0.561130 -0.778232 0.418258 0.658120 0.626051 0.863466 -0.502008 -0.049149
-19.665865 -48.139880 -1804.667494 -98.156484 0.400166 0.559045 -0.726178 0.409025 0.600138 0.687410 0.820101 -0.572103 0.011492
-17.927122 -47.905169 -2010.541080 987.774719 0.374496 0.574304 -0.727961 -0.527994 -0.513295 -0.676573 0.762217 -0.637733 -0.111002
-12.091573 -44.957687 -3258.893506 -726.721133 0.473827 0.609318 -0.635783 0.579661 0.327700 0.746060 0.662934 -0.722041 -0.197925
-17.781059 -46.562011 -2031.902629 1637.846346 0.347938 0.583939 -0.733454 -0.622118 -0.441462 -0.646592 0.701362 -0.681269 -0.209678
-22.007921 -49.031180 363.573758 -384.230869 0.240308 0.567941 -0.787207 0.552974 0.586422 0.591886 0.797792 -0.577540 -0.173135
-13.446586 -112.605515 -4415.523185 -16088.796598 -0.086967 0.963171 0.254436 0.067739 -0.249096 0.966107 -0.993905 -0.101255 0.043581
-28.773458 -121.300722 -4647.930185 -16068.002758 -0.055843 0.982301 0.178794 0.146498 -0.169074 0.974655 -0.987633 -0.080620 0.134464
-23.073920 -99.105486 -4250.886029 -14973.752340 -0.024850 0.983457 0.179428 -0.121782 -0.181125 0.975891 -0.992246 -0.002399 -0.124268
-8.485075 -86.018524 -3756.652754 -11457.288259 -0.047431 0.955893 0.289859 -0.152497 -0.293713 0.943651 -0.987165 -0.000556 -0.159701
0.292874 -156.406579 293.950057 8664.008954 -0.208749 -0.921547 -0.327377 0.975919 -0.217958 -0.008748 -0.063293 -0.321319 0.944853
-1.429309 -146.020510 292.058986 8135.907774 -0.236726 -0.917068 -0.320853 0.939584 -0.132040 -0.315828 0.247271 -0.376233 0.892920
0.197858 -141.778987 1210.509823 8241.004591 -0.217987 -0.907898 -0.358055 0.975901 -0.199051 -0.089418 0.009912 -0.368919 0.929409
8928.913508 -624.757769 2790827.741159 -86257.898657 0.776500 -0.306435 0.550586 0.364474 -0.494352 -0.789161 -0.514009 -0.813458 0.272177
664.622616 -53.995338 200723.391013 51.111454 0.843499 -0.135121 0.519857 0.364514 -0.566859 -0.738784 -0.394511 -0.812658 0.428891
159.866880 -34.959108 68468.198529 355.766265 0.840529 0.040748 0.540232 0.476601 -0.529763 -0.701571 -0.257607 -0.847166 0.464702
16.876586 -25.630070 487.727767 2960.836819 -0.545633 0.837862 0.016473 0.715244 0.455358 0.530165 -0.436704 -0.301058 0.847735
10.931876 -21.903603 4826.010656 1653.873739 -0.571485 0.815143 -0.094590 0.674100 0.532056 0.512353 -0.467968 -0.229039 0.853550
18.558203 -20.730503 1220.790762 2643.885719 -0.558580 0.829432 -0.005553 0.728318 0.493666 0.475234 -0.396915 -0.261411 0.879842
19.196608 -28.281612 -2173.250987 3356.385399 -0.548549 0.828893 0.109683 0.747920 0.427803 0.507543 -0.373776 -0.360446 0.854617
-5.847143 -64.734264 -6.376694 1730.126486 0.562831 0.707541 -0.427326 0.631252 -0.034181 0.774825 0.533613 -0.705845 -0.465874
-5.500984 -67.160735 234.716467 1503.087975 0.543564 0.723540 -0.425473 0.698027 -0.108147 0.707857 0.466150 -0.681758 -0.563836
-5.450562 -60.799334 418.442051 2123.276740 0.552723 0.729914 -0.402148 0.578237 0.011593 0.815786 0.600116 -0.683440 -0.415656
-4.584115 -54.131180 641.562892 -1931.264975 0.574441 0.739405 -0.351137 -0.425960 -0.096287 -0.899604 0.698982 -0.666340 -0.259646
-6.008150 -58.869404 520.005166 -1670.087047 0.563959 0.722249 -0.400382 -0.526906 -0.058610 -0.847901 0.635862 -0.689145 -0.347504
-7.660795 -154.103439 703.404922 -5513.195190 -0.205822 0.906890 -0.367680 0.551988 0.417838 0.721610 -0.808051 0.054432 0.586592
-6.051317 -171.080733 -554.049127 -6201.731188 -0.222059 0.905558 -0.361463 0.784034 0.386222 0.485926 -0.579638 0.175495 0.795752
-6.277634 -165.165973 817.481558 -1349.269686 -0.187473 0.909629 -0.370713 0.786014 0.365263 0.498763 -0.589098 0.197881 0.783458
-8.318493 -148.867053 -851.939943 -2839.781770 -0.262598 0.899060 -0.350332 0.604746 0.436267 0.666298 -0.751881 0.036893 0.658266
-1.348817 -36.452459 -5529.855643 1031.804278 0.315199 -0.545979 -0.776245 0.079187 0.830217 -0.551787 0.945716 0.112454 0.304918
6.828665 -40.325201 -7252.877058 1933.643067 0.320820 -0.558965 -0.764613 0.183229 0.828663 -0.528909 0.929248 0.029585 0.368270
-7.790768 -40.591219 3753.298511 444.605008 -0.259947 0.705423 0.659399 0.151893 0.704244 -0.693519 0.953602 0.080120 0.290215
-12.272604 -39.858123 1825.214070 -1159.821899 -0.233164 0.780227 0.580413 0.066223 0.608219 -0.791002 0.970180 0.145997 0.193484
-7.137520 -35.510737 -3703.161324 -1313.686266 0.293485 -0.623650 -0.724519 0.020026 0.761738 -0.647576 0.955754 0.175545 0.236048
0.271215 -898.714221 11087.696237 -109207.985475 0.047902 0.927093 -0.371758 0.886584 0.131969 0.443344 -0.460081 0.350832 0.815624
35.937572 -1658.240017 3910.941026 419475.672632 0.172987 0.865572 -0.469958 0.436459 0.360376 0.824398 -0.882938 0.347728 0.315447
-12.357665 -1234.375406 15611.139645 -477480.491105 0.192850 0.846588 -0.496082 0.705830 0.231515 0.669481 -0.681625 0.479259 0.552900
6.470901 -927.570314 -27050.120067 284783.036365 -0.469664 -0.838424 0.276516 0.806581 -0.280156 0.520519 -0.358948 0.467502 0.807836
-21.483198 -322.146576 -10039.838998 19403.836034 -0.203483 -0.905965 0.371245 0.968966 -0.131987 0.209007 -0.140353 0.402253 0.904706
5.965800 -90.276402 1118.818327 19736.899872 0.297597 -0.029190 -0.954245 0.894934 -0.339544 0.289486 -0.332459 -0.940137 -0.074924
4.365940 -94.495649 1020.244824 -10098.426992 0.158476 -0.028969 -0.986938 0.928845 -0.334627 0.158970 -0.334861 -0.941905 -0.026123
-2.032074 -100.833373 1105.029204 -14352.504324 0.160531 -0.020251 -0.986823 0.936686 -0.312103 0.158780 -0.311206 -0.949832 -0.031133
11.338783 -96.843963 1216.497194 17219.898570 0.251185 -0.040584 -0.967088 0.881578 -0.402941 0.245884 -0.399658 -0.914326 -0.065434
0.008663 -71.992804 907.191381 -2559.087824 0.307126 -0.047469 -0.950484 0.907501 -0.286129 0.307526 -0.286559 -0.957015 -0.044800
73.113605 -118.870894 7005.751930 6599.550314 -0.047241 0.391570 0.918935 0.921841 0.371375 -0.110857 -0.384677 0.841875 -0.378509
57.070613 -116.493789 9524.750516 9101.194737 0.014867 0.226104 0.973990 0.939818 0.329387 -0.090810 -0.341353 0.916723 -0.207600
58.751104 -124.183476 1294.659588 813.716444 -0.038546 0.350463 0.935783 0.770835 0.606349 -0.195334 -0.635868 0.713805 -0.293521
97.620749 -110.035026 16101.553845 7340.658344 -0.033581 0.375768 0.926105 0.992351 0.122674 -0.013792 -0.118792 0.918558 -0.377014
6.943328 -51.208930 3167.382713 559.898195 -0.431878 0.847197 0.309416 -0.770079 -0.524956 0.362492 -0.469532 0.081722 -0.879125
9.558888 -49.435744 626.641693 -129.495237 -0.457763 0.849327 0.262861 -0.816077 -0.518718 0.254852 -0.352804 0.097853 -0.930567
3.275805 -51.309681 3447.052216 -1132.722727 -0.408507 0.857710 0.312178 -0.842797 -0.485767 0.231786 -0.350450 0.168416 -0.921315
-0.648313 -52.387024 3555.315179 -462.086775 -0.401383 0.869050 0.289212 -0.831250 -0.478236 0.283395 -0.384597 0.126658 -0.914354
1.086905 -52.113281 3552.845388 706.015312 -0.410885 0.861319 0.298835 -0.755380 -0.505161 0.417389 -0.510465 0.054235 -0.858186
12.456659 -46.955616 1355.710471 398.260402 -0.493630 0.812538 0.310019 0.869323 0.450922 0.202354 0.024626 0.369394 -0.928946
13.075993 -46.916988 3355.850532 -986.350237 -0.500235 0.796505 0.339624 0.859752 0.410274 0.304140 0.102910 0.444134 -0.890031
11.275223 -46.168894 2481.043531 -571.629959 -0.493967 0.792900 0.356799 0.869345 0.443134 0.218797 0.015375 0.418260 -0.908197
12.833649 -46.489625 2050.922210 849.819703 -0.493303 0.801607 0.337756 0.866679 0.486099 0.112139 -0.074291 0.348045 -0.934530
11.340719 -47.488908 346.005451 185.459457 -0.494751 0.791992 0.357728 0.865972 0.483832 0.126492 -0.072900 0.372364 -0.925219
-3.048142 -47.646621 -15.455521 -4756.104615 -0.410894 0.881304 -0.233386 0.909316 0.377737 -0.174525 -0.065651 -0.283933 -0.956594
-1.872707 -52.973445 -738.738729 -3031.746657 -0.429326 0.866839 -0.253515 0.898954 0.437175 -0.027549 0.086950 -0.239726 -0.966939
-2.745845 -47.401207 -596.022163 -3963.845757 -0.439653 0.863136 -0.248399 0.896437 0.404531 -0.180983 -0.055728 -0.302244 -0.951600
2.238699 -73.974730 -866.076436 415.261056 -0.411292 0.911066 -0.028244 0.468622 0.184774 -0.863859 0.781814 0.368534 0.502941
1.847702 -70.434868 -9.849421 -270.299409 -0.433552 0.901116 -0.004762 0.482604 0.227725 -0.845716 0.761003 0.368960 0.533613
2.888158 -75.171964 -316.868791 -1739.655325 -0.437907 0.898997 -0.006524 0.591084 0.282438 -0.755545 0.677390 0.334714 0.655065
3.187893 -78.037667 -579.865155 -61.063059 -0.424287 0.904796 -0.036388 0.498373 0.199774 -0.843632 0.756046 0.376077 0.535688
3.745449 -78.467469 -181.603602 -2128.916211 -0.458838 0.888446 -0.011451 0.638265 0.320612 -0.699875 0.618130 0.328438 0.714173
3.573160 -72.547999 207.391179 -1712.401879 -0.472863 0.881003 0.015320 0.687789 0.379915 -0.618556 0.550769 0.281955 0.785592
-8.358774 -119.904777 1243.200753 -4046.490031 0.455473 -0.870982 -0.184216 0.889804 0.438843 0.125165 -0.028174 -0.220926 0.974884
-10.831506 -123.292208 -399.328076 -2423.595172 0.453325 -0.885126 -0.105109 0.890021 0.455920 -0.000735 0.048572 -0.093216 0.994460
-9.171206 -118.007155 86.669155 -6173.004378 0.490097 -0.864324 -0.112910 0.850201 0.445429 0.280626 -0.192258 -0.233530 0.953153
-6.787581 -118.237350 669.654009 -6708.655874 0.475496 -0.864170 -0.164665 0.834144 0.383429 0.396467 -0.279478 -0.325872 0.903161
-6.261876 -104.692081 525.564828 -6824.515560 -0.510209 0.854394 0.098480 0.752867 0.388330 0.531405 -0.415786 -0.345270 0.841374
-6.716466 -103.424431 229.224681 -6808.412313 -0.521980 0.848851 0.083597 0.757161 0.415997 0.503640 -0.392740 -0.326186 0.859859
-7.763847 -103.321074 225.205102 -6411.864435 -0.518588 0.852206 0.069365 0.799228 0.454322 0.393479 -0.303812 -0.259492 0.916713
121.514445 -80.433938 -1694.704406 825.493944 0.800144 -0.471701 0.370497 0.084050 -0.523423 -0.847918 -0.593890 -0.709596 0.379167
80.195727 -76.380661 2026.293872 -1928.176028 0.831653 -0.403217 0.381798 0.000596 -0.686909 -0.726743 -0.555296 -0.604626 0.571029
107.983127 -88.730694 9978.632253 4018.577661 0.930509 -0.181883 0.317918 0.150209 -0.602141 -0.784132 -0.334052 -0.777396 0.532977
149.831967 -83.396023 13044.886754 9848.696251 0.920157 -0.201243 0.335876 0.235550 -0.400723 -0.885402 -0.312774 -0.893825 0.321325
-5.279946 -85.990535 -199.261722 9568.026589 0.851003 0.495885 0.172896 0.453527 -0.527962 -0.718031 0.264778 -0.689459 0.674194
-2.683980 -103.400201 1011.781607 14151.487864 0.827386 0.525911 0.197104 0.508433 -0.552279 -0.660670 0.238597 -0.646843 0.724338
-1.764251 -116.105490 -305.973282 13899.574824 0.839217 0.504607 0.202698 0.528346 -0.668390 -0.523552 0.128707 -0.546468 0.827531
-1.536452 -113.762562 -2787.309575 14003.362801 0.860898 0.465263 0.205877 0.492227 -0.659289 -0.568376 0.128712 -0.590652 0.796595
0.178722 -139.218321 -436.607325 8933.539357 0.839326 0.507291 0.195417 0.541707 -0.810654 -0.222247 -0.045672 -0.292396 0.955206
-0.004184 -139.855687 -1492.600580 15289.991582 0.851246 0.482188 0.207062 0.524725 -0.787099 -0.324252 -0.006628 -0.384669 0.923031
-0.504118 -31.420977 -99.598101 3631.738368 -0.464968 0.837145 0.288085 -0.306385 -0.457447 0.834788 -0.830622 -0.299885 -0.469187
-1.722713 -29.183752 -322.917686 3653.616052 -0.466357 0.839666 0.278339 -0.292700 -0.443400 0.847185 -0.834768 -0.313621 -0.452553
-0.567283 -37.068274 269.938478 2860.393593 -0.462483 0.840277 0.282919 -0.384382 -0.477569 0.790050 -0.798974 -0.256636 -0.543855
0.864531 -37.369813 18.033352 2883.795110 -0.464919 0.836382 0.290371 -0.372454 -0.482304 0.792881 -0.803199 -0.260475 -0.535746
2.524777 -28.811505 -932.979411 3421.045963 -0.472028 0.833470 0.287259 -0.275191 -0.448867 0.850170 -0.837532 -0.322252 -0.441241
-0.824406 -305.030802 2023.762614 10670.788596 0.926698 0.245130 0.284854 0.177029 0.383872 -0.906258 0.331499 -0.890255 -0.312338
-2.677579 -305.912727 -667.266036 41023.990062 0.944349 0.205016 0.257241 0.106968 0.548123 -0.829529 0.311067 -0.810882 -0.495690
-1.819300 -281.734919 -718.485495 -7621.037374 0.948084 0.192197 0.253370 0.248731 0.048302 -0.967367 0.198164 -0.980167 0.002011
0.521744 -282.356228 1135.629368 -31194.302787 0.936683 0.221302 0.271386 0.337306 -0.362003 -0.869010 0.094071 -0.905527 0.413729
-1.559757 -363.403722 1163.642961 -62289.377208 0.929164 0.247593 0.274505 0.313087 -0.132252 -0.940471 0.196550 -0.959795 0.200402
1.765480 -308.234427 -1096.190568 -42128.080248 0.943552 0.182714 0.276272 0.328051 -0.400290 -0.855658 0.045752 -0.897989 0.437633
9.294500 -420.161331 -3912.756326 74313.342624 0.925205 0.267300 0.269344 0.377871 -0.714013 -0.589405 -0.034768 -0.647098 0.761614
5.857256 -254.897822 -1355.205101 30364.252712 0.938477 0.252249 0.235861 0.321970 -0.886087 -0.333446 -0.124882 -0.388871 0.912789
2.755711 -289.147069 410.569259 31235.597949 0.936938 0.286260 0.200503 0.333255 -0.904603 -0.265770 -0.105296 -0.315829 0.942955
5.712506 -410.746727 -703.338549 49294.502354 0.939457 0.279788 0.197835 0.342589 -0.754628 -0.559615 0.007281 -0.593511 0.804793
6.202497 -313.250121 1679.442184 43102.372587 0.942821 0.285991 0.171165 0.324388 -0.905325 -0.274152 -0.076555 -0.314000 0.946331
23.920421 -1197.304243 2823.742599 -394987.161357 0.934122 0.323114 0.151698 -0.286527 0.932191 -0.221185 -0.212880 0.163148 0.963361
-1.166301 -10.554392 114.315943 -573.481846 -0.212925 0.480981 0.850482 0.718087 -0.513241 0.470037 0.662581 0.710803 -0.236104
-1.131579 -11.752003 213.375012 -998.417764 -0.141168 0.422429 0.895335 0.720837 -0.576047 0.385440 0.678577 0.699802 -0.223183
-2.032985 -11.957587 918.857910 -591.876721 -0.242389 0.492434 0.835916 0.717209 -0.489282 0.496201 0.653345 0.719800 -0.234582
-2.841807 -14.011203 895.335860 -1011.360029 -0.134292 0.419656 0.897694 0.718925 -0.582203 0.379718 0.681992 0.696368 -0.223516
-6.006080 -14.735912 1633.065612 -493.066851 -0.243152 0.503866 0.828852 0.702048 -0.498221 0.508826 0.669332 0.705616 -0.232595
6.055489 -158.323810 2097.718436 25738.674551 -0.072662 0.991052 0.111969 0.908304 0.019385 0.417860 -0.411951 -0.132064 0.901585
-7.958935 -152.224506 -265.853469 37099.489622 0.022302 0.976053 0.216386 0.960729 -0.080803 0.265463 -0.276591 -0.201968 0.939524
-8.453164 -245.020107 -4639.191071 60429.713552 0.087984 -0.991423 -0.096643 0.993665 0.080544 0.078371 -0.069915 -0.102926 0.992229
16.703823 -283.224086 -7062.502374 65906.592250 0.103244 0.956680 0.272219 0.788352 -0.245585 0.564083 -0.606500 -0.156367 0.779556
-25.762675 -113.204241 -3545.172278 -15370.171151 0.886901 0.109322 0.448838 0.291210 -0.886543 -0.359498 -0.358613 -0.449545 0.818111
-16.912321 -134.026032 304.139317 -26958.895811 0.940470 -0.081135 0.330050 0.115308 -0.837327 -0.534403 -0.319719 -0.540648 0.778126
-28.753761 -85.473577 3937.635504 -17985.988348 0.959716 -0.117701 0.255131 -0.007941 -0.919029 -0.394110 -0.280860 -0.376207 0.882942
-33.179522 -90.850872 -5722.616250 -1105.217645 0.777064 0.376516 0.504388 -0.487676 0.866774 0.104287 -0.397924 -0.327016 0.857156
-36.901035 -72.871384 -3996.063147 -279.452964 0.015853 0.989799 0.141585 0.945105 0.031389 -0.325256 0.326382 -0.138969 0.934967
-24.126511 -76.698171 -6902.209562 8925.007403 -0.036685 0.965487 0.257854 0.848526 0.166393 -0.502311 0.527880 -0.200369 0.825346
-51.574413 -69.517721 916.949014 2527.404889 -0.312694 0.539412 0.781830 0.866062 -0.176112 0.467889 0.390075 0.823419 -0.412095
-54.363768 -67.601476 2519.902408 4057.874601 -0.394460 0.753700 0.525679 0.664968 -0.160696 0.729380 0.634208 0.637271 -0.437798
-51.517768 -71.080709 1365.342029 4538.273966 -0.501181 0.719939 0.480110 0.685698 -0.008036 0.727842 0.527860 0.693991 -0.489633
-52.285909 -71.073768 463.170782 3342.176092 -0.485787 0.645949 0.588864 0.758509 -0.023257 0.651247 0.434368 0.763026 -0.478660
24.844636 -29.767161 1995.290260 -1237.533102 -0.578766 0.806697 -0.119462 0.765874 0.588005 0.260167 -0.280120 -0.059083 0.958145
25.857924 -26.402062 -744.265533 -2567.381447 -0.567128 0.823451 -0.017135 0.772449 0.538991 0.335873 -0.285811 -0.177247 0.941752
24.774782 -29.668002 2897.597800 -2839.063395 0.565665 -0.818729 -0.098519 0.800710 0.516750 0.303038 -0.197196 -0.250303 0.947872
-23.106323 -49.074108 -421.963681 641.777361 0.332792 0.545245 -0.769387 0.302990 0.710805 0.634786 0.892998 -0.444369 0.071346
-19.271236 -48.338473 -1653.252223 153.706657 0.426458 0.568124 -0.703825 0.301060 0.644607 0.702741 0.852934 -0.511583 0.103858
5.459969 -55.437481 1365.986122 1244.735262 0.477420 0.800676 -0.361924 0.862864 -0.349424 0.365197 0.165940 -0.486643 -0.857696
0.540119 -59.532886 10.593581 -295.439898 0.506827 0.783717 -0.359046 0.856372 -0.410022 0.313861 0.098761 -0.466550 -0.878964
8.284247 -53.606917 2741.758867 -3421.815366 0.419450 0.836488 -0.352633 0.905512 -0.412976 0.097462 -0.064103 -0.360194 -0.930673
0.408150 -58.871750 -952.651979 2157.428487 0.540680 0.765109 -0.349675 0.798437 -0.335856 0.499698 0.264883 -0.549371 -0.792483
72.321617 -38.794210 26901.073748 900.172278 0.054295 0.900006 -0.432482 0.996359 -0.020321 0.082797 0.065730 -0.435403 -0.897833
12.769635 -51.851522 4553.247674 1572.220805 0.465484 0.814129 -0.347157 0.839138 -0.281266 0.465550 0.281374 -0.508018 -0.814092
3.484786 -55.430632 1342.196679 2033.638449 0.514536 0.786586 -0.341371 0.802683 -0.301822 0.514396 0.301584 -0.538689 -0.786678
-1.381720 -69.978608 1389.844936 1691.304976 0.470554 0.871180 -0.140086 0.866985 -0.486003 -0.110172 0.164062 0.069611 0.983991
0.642018 -72.215731 -41.487463 -1776.975750 0.512958 0.847245 -0.138022 0.805074 -0.530619 -0.265141 0.297876 -0.024888 0.954280
0.513111 -65.806231 98.533485 -735.095547 0.510950 0.848272 -0.139155 0.818290 -0.529560 -0.223536 0.263310 -0.000347 0.964711
-1.374165 -72.549545 1281.345735 -1314.326266 0.484905 0.863831 -0.136611 0.827721 -0.503735 -0.247244 0.282393 -0.006814 0.959275
-0.209870 -65.901860 268.078330 2221.075086 0.479818 0.867161 -0.133441 0.865499 -0.492753 -0.090030 0.143824 0.072295 0.986959
-0.484651 -71.509934 -713.170890 2900.684256 -0.456201 -0.879522 0.135356 0.888944 -0.443457 0.114563 -0.040736 0.172588 0.984151
-4.743851 -70.540449 -1816.151402 2360.410044 -0.457943 -0.877586 0.141883 0.888898 -0.449838 0.086637 -0.012207 0.165794 0.986085
-5.379265 -71.222354 2016.509534 873.810137 0.450856 0.883105 -0.129827 0.879513 -0.464336 -0.104163 0.152270 0.067222 0.986050
-0.227828 -153.416189 -92.458219 6810.433016 -0.238932 -0.917308 -0.318523 0.959389 -0.172352 -0.223308 0.149944 -0.358943 0.921236
-1.685963 -137.502695 13.893932 2999.201900 0.293511 0.906457 0.303622 0.846096 -0.098500 -0.523851 0.444942 -0.410650 0.795860
602.356673 -47.513109 -164071.698775 5666.139449 -0.018691 -0.971740 -0.235311 0.997043 -0.000569 -0.076847 0.074541 -0.236052 0.968877
6025.364403 -413.335733 2071574.531208 -89363.140660 0.114774 -0.081411 -0.990050 0.993387 0.006484 0.114627 -0.002913 -0.996660 0.081617
1439.801476 -52.868021 365520.797366 1909.809001 0.042737 0.095224 -0.994538 0.949717 -0.312921 0.010849 -0.310179 -0.944993 -0.103810
253.023601 -39.865362 -35551.992686 -6502.412815 -0.054972 -0.570960 -0.819136 0.945985 -0.292301 0.140257 -0.319515 -0.767180 0.556188
376.478979 -51.727765 -97761.187757 -4760.803007 -0.153283 -0.953264 -0.260369 0.968714 -0.196997 0.150949 -0.195186 -0.229085 0.953637
2376.292105 -313.884725 -759795.931886 -39326.048000 -0.466896 -0.867577 -0.171224 0.824118 -0.356665 -0.440023 0.320684 -0.346554 0.881511
107.633671 -40.222906 34229.972839 4792.142630 0.176833 0.970458 0.164136 0.928613 -0.109233 -0.354606 0.326202 -0.215125 0.920497
140.023867 -32.203004 39053.069280 3928.913874 0.136615 0.973832 0.181623 0.901047 -0.045970 -0.431279 0.411644 -0.222570 0.883749
-5.377287 -69.706521 -295.032712 1552.995312 0.557159 0.702714 -0.442455 0.731988 -0.163999 0.661285 0.392132 -0.692313 -0.605752
-5.420056 -69.631490 189.745951 1420.633674 0.538029 0.719645 -0.438902 0.770491 -0.208696 0.602320 0.341859 -0.662236 -0.666765
-5.457136 -68.662939 565.186149 1264.323953 0.524616 0.737627 -0.425070 0.761284 -0.182963 0.622070 0.381084 -0.649947 -0.657529
15.673195 -108.738903 -823.524457 -580.390825 0.473322 0.824748 -0.309447 0.880688 -0.450563 0.146223 -0.018828 -0.341737 -0.939607
27.335090 -112.190606 -3856.204775 5184.366548 0.403078 0.864771 -0.299498 0.910112 -0.344434 0.230351 0.096044 -0.365426 -0.925872
12.626592 -109.463887 -676.159258 -3233.141488 0.436109 0.851874 -0.290034 0.878245 -0.473175 -0.069216 -0.196200 -0.224535 -0.954510
39.753251 -54.386146 -1254.372531 4961.610268 0.099207 0.060809 -0.993207 0.131708 0.988547 0.073680 0.986312 -0.138123 0.090062
30.464276 -38.830681 1776.188671 2437.536153 0.132867 -0.105891 -0.985461 0.068077 0.992903 -0.097512 0.988793 -0.054131 0.139133
18.563098 -40.284135 -18.131045 1209.180053 0.109761 0.075287 -0.991103 -0.006695 0.997161 0.075006 0.993935 -0.001597 0.109953
26.973461 -61.224161 576.198308 4562.817012 0.013730 0.283619 -0.958839 0.092130 0.954491 0.283652 0.995652 -0.092232 -0.013025
137.596366 -149.385812 -20646.841064 40200.118828 0.025571 0.346638 -0.937650 0.260905 0.903135 0.340993 0.965026 -0.253357 -0.067345
17.415205 -44.228191 -722.765766 126.878078 0.062223 0.263621 -0.962617 -0.019763 0.964623 0.262893 0.997867 0.002666 0.065231
46.230780 -827.509325 12708.614275 111360.019637 0.079131 0.913544 -0.398969 0.779946 0.192512 0.595502 -0.620823 0.358297 0.697281
16.575439 -1141.942335 4242.191607 30300.474314 -0.028449 0.856802 -0.514861 0.275010 0.501901 0.820039 -0.961020 0.118262 0.249907
-8.495140 -21.036546 782.702311 2069.628043 -0.617492 0.744396 0.254123 -0.231004 0.137206 -0.963230 0.751892 0.653490 -0.087235
-10.638815 -26.816789 452.749640 1931.560254 -0.576814 0.729077 0.368418 -0.252237 0.270003 -0.929234 0.776957 0.628924 -0.028158
-11.512155 -23.806321 822.495048 2271.829311 -0.544065 0.731603 0.410793 -0.308466 0.280902 -0.908814 0.780283 0.621169 -0.072845
-9.014521 -17.149073 974.671508 2510.337551 -0.594574 0.746126 0.299630 -0.287782 0.150486 -0.945799 0.750775 0.648576 -0.125246
-4.524288 -52.668038 -3919.338973 -1216.169285 -0.241787 -0.908903 0.339756 0.959068 -0.277043 -0.058615 0.147403 0.311677 0.938685
11.384882 -47.863482 -4401.001047 915.296627 -0.133063 -0.942358 0.307010 0.988646 -0.148022 -0.025854 0.069808 0.300084 0.951355
-0.063187 -50.545221 -4562.132079 -524.981602 -0.298845 -0.889069 0.346767 0.952755 -0.298645 0.055398 0.054307 0.346940 0.936314
-13.533732 -55.540798 2061.629485 -2377.281216 0.331429 0.885271 -0.326267 0.904571 -0.396443 -0.156797 0.268154 0.243165 0.932183
-6.004386 -52.088221 -3451.792433 -3371.648364 -0.216510 -0.915251 0.339764 0.947985 -0.280272 -0.150902 0.233340 0.289419 0.928326
-409.198308 -1780.963013 -8555.422591 -413734.577058 0.783647 0.359320 -0.506742 0.537650 -0.800929 0.263524 0.311175 0.478959 0.820834
-230.688008 -11334.193521 -41404.978991 -4707701.190784 0.590002 0.219945 -0.776867 0.274939 0.849948 0.449442 0.759148 -0.478762 0.440999
-186.667378 -2813.863039 6018.975794 906926.197747 0.406058 -0.208008 -0.889859 -0.006996 0.973014 -0.230638 0.913821 0.099878 0.393645
-372.108699 -2216.582044 25987.019124 -670234.554281 0.388116 0.011853 -0.921535 0.693885 0.654317 0.300654 0.606539 -0.756127 0.245726
-577.331215 -2356.979871 -5768.654263 552486.610542 0.609948 -0.290872 -0.737127 -0.412465 0.677728 -0.608734 0.676636 0.675335 0.293405
-126.760818 -1284.579131 20272.930321 378294.270197 0.254131 -0.104010 -0.961561 0.020737 0.994558 -0.102099 0.966948 0.006007 0.254904
-1.271648 -260.529583 4005.366777 -66311.024220 -0.066738 0.033170 -0.997219 0.962074 -0.262804 -0.073127 -0.264498 -0.964279 -0.014373
7.243297 -247.712564 2943.141603 -65971.643175 -0.025228 0.004817 -0.999670 0.948323 -0.316284 -0.025456 -0.316303 -0.948652 0.003411
9.952845 -91.415793 1463.754366 1551.107821 0.157010 -0.048301 -0.986415 0.914318 -0.370451 0.163673 -0.373324 -0.927596 -0.014002
6.724563 -41.075381 2956.734717 2402.385340 -0.035670 0.995473 -0.088103 0.401576 0.095006 0.910885 -0.915131 0.002889 0.403147
13.193509 -38.311036 2235.233892 2687.008928 -0.129106 0.975385 -0.178762 0.421022 0.217133 0.880678 -0.897815 -0.038438 0.438691
16.842166 -49.623247 4074.096036 2922.199293 -0.067461 0.990018 -0.123751 0.297787 0.138359 0.944553 -0.952246 -0.026870 0.304148
3.163602 -50.580089 4542.994568 2620.419230 0.006974 0.998301 -0.057847 0.276775 0.053661 0.959435 -0.960910 0.022701 0.275930
-4.812751 -44.773764 4131.543091 2282.065001 0.018860 0.999519 -0.024600 0.378327 0.015640 0.925540 -0.925480 0.026762 0.377850
16.926060 -47.800222 -4360.796013 -305.116166 -0.483025 0.802598 0.350033 0.873272 0.412396 0.259472 0.063899 0.431006 -0.900084
16.191629 -48.201414 -4369.650863 -297.423729 -0.475307 0.808413 0.347206 0.862494 0.350198 0.365330 0.173746 0.473107 -0.863703
22.722310 -48.691535 -3222.013577 211.784828 -0.484316 0.775421 0.405167 0.865935 0.358756 0.348497 0.124876 0.519631 -0.845216
22.616850 -49.375359 -4094.216942 -124.614103 -0.488593 0.781478 0.388032 0.871980 0.452875 0.185889 -0.030462 0.429180 -0.902705
13.890793 -47.828103 -2687.862591 -49.325253 -0.497171 0.790484 0.357708 0.867185 0.466240 0.174958 -0.028476 0.397183 -0.917297
-2.542405 -57.811413 -399.461392 -751.801662 -0.423130 0.875950 -0.231671 -0.878716 -0.459067 -0.130828 0.220951 -0.148216 -0.963957
-1.001976 -60.098340 -964.174944 1255.161401 -0.437375 0.862250 -0.255398 -0.863947 -0.481714 -0.146786 0.249596 -0.156450 -0.955628
-0.129880 -68.495053 -28.910889 2229.575627 -0.422050 0.906293 -0.022518 0.308309 0.120129 -0.943671 0.852537 0.405219 0.330118
1.215543 -66.685522 519.103882 898.100738 -0.444845 0.895553 0.009879 0.404114 0.210554 -0.890145 0.799253 0.391984 0.455569
1.044449 -70.616692 -381.600961 2073.940227 -0.417924 0.907489 -0.042463 0.367488 0.126123 -0.921437 0.830838 0.400695 0.386201
-10.277077 -121.419018 -573.103516 -943.493808 -0.442570 0.883357 0.154312 0.880059 0.460893 -0.114345 0.172129 -0.085197 0.981383
36.389887 -43.368830 -4557.383112 3592.791942 0.601405 -0.614974 0.510018 0.279786 0.760054 0.586547 -0.748353 -0.210057 0.629162
46.327975 -50.781865 6432.013632 4843.143791 -0.466492 0.776178 -0.424186 0.271494 0.582059 0.766484 -0.841829 -0.242394 0.482254
27.355255 -34.420998 4436.825353 4334.688680 -0.431464 0.787095 -0.440819 0.364940 0.599159 0.712620 -0.825020 -0.146598 0.545757
24.227347 -29.030958 -4034.428510 3652.654586 0.573066 -0.590459 0.568290 0.325430 0.800394 0.503453 -0.752124 -0.103573 0.650831
30.051990 -37.365029 -1089.576004 1192.053817 0.708822 -0.405797 0.576975 0.233173 0.906767 0.351289 -0.665734 -0.114466 0.737357
42.243435 -50.793125 165.398892 1948.175435 0.763384 -0.429869 0.482139 0.195449 0.865137 0.461885 -0.615666 -0.258361 0.744449
-6.537823 -77.262076 1969.231145 5433.457779 0.830832 0.535863 0.150232 0.418815 -0.424266 -0.802865 0.366487 -0.729965 0.576921
-1.055758 -26.992211 -71.065424 3901.122631 -0.459762 0.847248 0.266064 -0.276962 -0.421466 0.863515 -0.843748 -0.323322 -0.428429
-1.868754 -22.065880 205.383479 2417.564696 -0.455754 0.853446 0.252821 -0.251799 -0.396050 0.883030 -0.853748 -0.338784 -0.395398
-4.198691 -17.229779 -21.732029 -26.748829 -0.445851 0.865058 0.229983 -0.249085 -0.366688 0.896379 -0.859752 -0.342366 -0.378962
-3.136476 -19.161313 740.560609 -636.904978 -0.406260 0.906678 0.113524 -0.295653 -0.247985 0.922547 -0.864605 -0.341230 -0.368808
-2.506264 -221.179479 -1074.686757 23245.266980 0.929783 0.236547 0.282046 0.074617 0.629183 -0.773667 0.360467 -0.740388 -0.567353
-4.437619 -267.345194 -813.966041 36116.770115 0.940848 0.214394 0.262374 -0.023917 0.814448 -0.579744 0.337983 -0.539176 -0.771399
-2.532555 -250.063241 -60.939157 38668.943426 0.924735 0.255100 0.282470 -0.028278 0.786145 -0.617395 0.379559 -0.562939 -0.734190
-2.657814 -307.656886 565.648744 48265.872319 0.929660 0.248289 0.272184 0.123490 0.486045 -0.865165 0.347105 -0.837921 -0.421196
-17.542243 -35.377669 787.601000 -215.368987 0.692345 -0.696677 -0.187882 0.685975 0.554724 0.470871 0.223822 0.454888 -0.861963
-18.252313 -35.905142 -898.114852 593.991661 -0.624481 0.739907 0.250120 0.767573 0.522183 0.371695 0.144412 0.424102 -0.894026
-20.078452 -37.288468 605.656347 378.939709 0.703914 -0.662640 -0.255761 0.688205 0.547199 0.476389 0.175722 0.511353 -0.841213
-15.001825 -34.094753 -1398.633136 714.772702 -0.545578 0.806567 0.227585 0.824262 0.467354 0.319645 0.151452 0.361981 -0.919800
-18.351816 -37.706831 285.072316 -502.892307 0.743214 -0.637895 -0.201799 0.621838 0.547299 0.560162 0.246880 0.541806 -0.803428
-17.212543 -37.958939 -139.165260 -1052.523176 0.747419 -0.644845 -0.159813 0.600593 0.553015 0.577462 0.283994 0.527589 -0.800623
-14.147121 -32.210637 -1235.131509 27.616709 -0.573850 0.795977 0.192660 0.788007 0.472598 0.394585 0.223030 0.378250 -0.898435
-16.185380 -34.652115 711.604815 -1175.910658 0.690307 -0.710241 -0.137962 0.665807 0.548966 0.505309 0.283155 0.440675 -0.851839
4.029835 -244.199800 -1119.638041 20337.456047 0.938886 0.236219 0.250387 0.338108 -0.769385 -0.541968 -0.064621 -0.593504 0.802233
-9.650597 -21.822625 -183.111717 2072.763179 -0.357881 0.324969 0.875395 -0.121295 0.913366 -0.388653 -0.925856 -0.245272 -0.287459
-11.041036 -19.354424 928.822510 1401.878554 -0.337609 0.495560 0.800275 -0.055826 0.838155 -0.542568 -0.939629 -0.227852 -0.255303
-7.238182 -19.297891 1004.054007 815.920672 -0.355631 0.570067 0.740642 0.025228 0.798013 -0.602111 -0.934286 -0.195444 -0.298180
-6.067319 -21.880186 -442.977666 216.005754 -0.407574 0.491576 0.769569 -0.029231 0.835288 -0.549036 -0.912704 -0.246268 -0.326072
-5.764241 -21.113019 1417.874787 -365.982349 -0.362535 0.614930 0.700306 0.083523 0.769840 -0.632748 -0.928220 -0.170902 -0.330455
-16.389280 -38.256142 866.349093 76.370247 -0.624281 0.661881 0.414955 0.750181 0.359731 0.554818 0.217951 0.657653 -0.721103
-11.742189 -37.898351 1644.545810 300.792871 -0.601802 0.649867 0.464227 0.747517 0.253708 0.613882 0.281164 0.716453 -0.638468
-15.752869 -37.958630 -372.216297 -215.362517 0.686087 -0.650150 -0.326479 0.665288 0.379078 0.643189 0.294408 0.658486 -0.692618
-10.946959 -39.550385 2085.735462 376.811393 -0.531684 0.663886 0.525896 0.823666 0.260741 0.503575 0.197194 0.700906 -0.685452
-18.066763 -39.678070 1156.786416 563.056358 -0.565456 0.679805 0.467039 0.814212 0.369742 0.447604 0.131599 0.633369 -0.762578
-8.558106 -153.720859 -3245.192087 -8446.663367 0.904190 -0.086913 0.418194 0.286965 -0.601584 -0.745485 -0.316371 -0.794067 0.519006
-21.328301 -190.830135 -4385.599440 -32216.957972 0.927832 -0.099335 0.359527 0.174187 -0.736935 -0.653136 -0.329827 -0.668625 0.666449
-27.064747 -163.391087 -1389.314370 -32269.816341 0.960317 -0.112463 0.255230 0.005860 -0.906763 -0.421600 -0.278848 -0.406365 0.870121
-57.467820 -79.218049 1205.885608 348.454881 0.126795 0.981384 -0.144254 0.961805 -0.157205 -0.224093 0.242599 0.110330 0.963833
-50.998325 -74.357395 1155.709235 3841.068254 0.277543 0.913251 -0.298231 0.872870 -0.369387 -0.318827 0.401332 0.171829 0.899671
-45.547661 -67.237367 162.767065 3663.240266 -0.213851 0.415828 0.883943 0.867820 -0.334583 0.367347 0.448505 0.845660 -0.289313
19.787940 -32.723438 5293.157130 -389.415958 -0.600940 0.766346 -0.227124 0.739907 0.640843 0.204593 -0.302340 0.045103 0.952133
19.576196 -25.171414 2830.772299 -1930.659284 -0.588966 0.794884 -0.145874 0.723635 0.599071 0.342733 -0.359822 -0.096298 0.928038
12.141665 -29.603339 4353.468086 -1010.711056 -0.648252 0.720886 -0.245137 0.663203 0.692732 0.283345 -0.374074 -0.021103 0.927159
-22.171722 -48.319375 -1301.252256 525.319099 0.388145 0.534080 -0.751067 0.203250 0.745288 0.635008 0.898906 -0.399130 0.180728
-18.088034 -48.287033 -1892.284467 617.019698 0.459441 0.543264 -0.702693 0.196036 0.709604 0.676781 0.866304 -0.448694 0.219522
1.618571 -55.258036 1926.014014 -2692.892585 0.476397 0.808038 -0.346584 0.874824 -0.475042 0.094962 -0.087909 -0.348440 -0.933200
-3.035983 -62.661618 1484.514304 -133.353678 0.524319 0.786184 -0.327115 0.839024 -0.411409 0.356063 0.145353 -0.461148 -0.875337
-1.847092 -62.768084 179.698574 1301.677217 0.551939 0.768619 -0.323401 0.783018 -0.344329 0.517996 0.286785 -0.539131 -0.791892
2.203942 -69.474008 153.670187 -3150.424302 0.543313 0.825341 -0.153697 0.741938 -0.557710 -0.372138 0.392859 -0.088154 0.915364
0.130721 -77.418376 677.937231 -3447.409830 0.506380 0.851776 -0.134379 0.745831 -0.510843 -0.427522 0.432799 -0.116264 0.893962
0.523164 -164.859380 190.248663 6024.448793 -0.205252 -0.921775 -0.328942 0.969289 -0.237970 0.062036 -0.135462 -0.306107 0.942310
0.668112 -150.514158 -29.416603 -6249.595105 0.183509 0.930979 0.315600 0.876393 -0.300365 0.376451 -0.445263 -0.207507 0.871023
7.097416 -19.298104 -1996.710663 457.342525 -0.188735 0.932210 0.308812 -0.429326 0.204494 -0.879694 0.883209 0.298609 -0.361626
14.656372 -24.286697 -2767.080527 177.829214 -0.180988 0.920268 0.346914 -0.392414 0.255871 -0.883482 0.901806 0.296034 -0.314817
13.883045 -26.923804 -2007.766075 -812.182751 -0.290181 0.935065 0.203587 -0.390670 0.078456 -0.917181 0.873597 0.345684 -0.342536
10.488135 -22.921596 -2129.635000 1511.254383 -0.076975 0.883947 0.461207 -0.413465 0.392628 -0.821517 0.907260 0.253929 -0.335259
0.216191 -12.605363 -1735.398669 752.848859 -0.227448 0.943167 0.242288 -0.453140 0.117718 -0.883633 0.861935 0.310771 -0.400612
0.554822 -13.248258 989.398461 1260.248162 -0.061593 0.834128 0.548122 -0.500442 0.449339 -0.740036 0.863577 0.319884 -0.389756
3.750551 -19.199185 -319.911873 1676.499289 -0.036599 0.839244 0.542522 -0.470650 0.464432 -0.750194 0.881561 0.282794 -0.377992
22.170472 -13.908714 3542.441917 1004.492654 0.036640 -0.257532 -0.965575 0.783060 -0.592900 0.187849 -0.620866 -0.762986 0.179939
42.921649 -8.129600 10682.854074 -1748.286694 0.349382 -0.577590 -0.737782 0.713735 -0.346087 0.608938 -0.607053 -0.739333 0.291330
48.399642 -15.365631 13526.945237 -2446.271909 0.333673 -0.456819 -0.824608 0.755367 -0.393772 0.523798 -0.563989 -0.797659 0.213674
-5.787245 -55.277098 748.673289 -1529.413070 0.572749 0.730566 -0.371796 -0.432939 -0.115548 -0.893987 0.696077 -0.672995 -0.250110
-4.793173 -53.087708 594.968703 -1509.889254 0.595767 0.737257 -0.318613 -0.293817 -0.169137 -0.940778 0.747485 -0.654098 -0.115853
-2.087818 -47.496965 480.232955 -1220.909550 0.608705 0.745588 -0.271251 -0.252463 -0.142093 -0.957117 0.752157 -0.651083 -0.101740
-1.806835 -49.068625 582.811568 -1944.782571 0.591621 0.743097 -0.312716 -0.361270 -0.102405 -0.926821 0.720741 -0.661302 -0.207874
21.856498 -115.270046 -1947.439873 -338.025565 0.348924 0.910404 -0.222297 0.925217 -0.372384 -0.072828 -0.149083 -0.180262 -0.972255
39.374588 -112.787072 -5817.356367 10827.129297 0.323799 0.915825 -0.237527 0.929929 -0.261808 0.258243 0.174319 -0.304502 -0.936425
13.475797 -33.160186 118.727382 623.121884 0.161688 -0.148075 -0.975669 -0.005802 0.988519 -0.150987 0.986825 0.030074 0.158972
-9.384824 -25.477437 240.787575 1974.829235 -0.616386 0.739129 0.271580 -0.197457 0.188789 -0.961961 0.762285 0.646565 -0.029579
-12.203183 -31.064338 -98.294850 1467.982188 -0.582894 0.721592 0.373550 -0.186956 0.328289 -0.925891 0.790748 0.609533 0.056452
12.625944 -44.437707 -3933.431866 -977.160887 -0.245542 -0.920626 0.303573 0.961401 -0.191158 0.197906 -0.124167 0.340450 0.932028
-433.541148 -709.613605 -176592.501980 213697.478533 0.956434 0.232242 0.176914 0.284769 -0.608544 -0.740662 0.064353 -0.758774 0.648167
-356.662287 -1413.096852 21512.394514 -373037.954728 0.406678 -0.353257 -0.842510 0.913507 0.168179 0.370432 0.010835 -0.920286 0.391097
40.504603 -90.746046 575.536055 -11528.128791 -0.106882 0.895570 0.431892 -0.784851 -0.342667 0.516322 -0.610397 0.283785 -0.739514
59.056936 -70.566795 -224.935681 -3723.596374 -0.033637 0.965492 0.258252 -0.875454 -0.153115 0.458405 -0.482129 0.210668 -0.850394
67.146622 -86.295022 1541.783508 -6095.275097 -0.047688 0.853612 0.518723 -0.882803 -0.278978 0.377928 -0.467316 0.439907 -0.766875
28.347473 -47.609361 4096.817092 3649.087756 -0.216033 0.950559 -0.223087 0.325712 0.285555 0.901316 -0.920457 -0.122052 0.371298
17.521329 -31.806838 2068.432823 3794.195416 -0.255233 0.924200 -0.284097 0.439615 0.372626 0.817244 -0.861159 -0.083695 0.501399
10.334629 -26.604505 1164.266330 3379.012953 -0.155700 0.968227 -0.195688 0.513341 0.248563 0.821400 -0.843942 -0.027437 0.535732
22.367744 -48.481538 -5353.404282 366.881259 -0.482838 0.799381 0.357572 0.829169 0.285986 0.480302 0.281684 0.528396 -0.800907
-0.463053 -64.052813 521.390593 1920.135902 -0.441691 0.897155 0.004647 0.269165 0.137454 -0.953235 0.855839 0.419784 0.302195
2.192035 -65.103500 722.384521 198.922456 -0.462373 0.885826 0.039041 0.436110 0.265531 -0.859826 0.772023 0.380534 0.509092
-13.858861 -85.860324 -627.013067 836.527908 -0.535842 0.843831 0.028671 0.361190 0.259788 -0.895573 0.763161 0.469530 0.443989
-13.666641 -84.407826 -381.778846 353.639366 -0.539267 0.841917 0.019146 0.228469 0.168146 -0.958921 0.810551 0.512740 0.283028
-12.484186 -86.282559 291.449529 739.911878 -0.574148 0.818576 0.016963 0.315426 0.240263 -0.918031 0.755553 0.521735 0.396146
-13.276591 -85.164249 427.860210 498.502351 -0.579250 0.814873 0.021232 0.158200 0.137931 -0.977726 0.799651 0.562989 0.208809
-11.285512 -89.269205 361.502316 1453.402063 -0.571292 0.820646 0.012873 0.468197 0.338737 -0.816118 0.674104 0.460214 0.577742
-11.512038 -89.381181 1084.602177 1085.288725 -0.612920 0.790051 0.012208 0.401517 0.324728 -0.856350 0.680524 0.519972 0.516251
-12.649118 -85.038621 940.781643 821.581746 -0.608435 0.793447 0.015768 0.265874 0.222519 -0.937975 0.747742 0.566505 0.346345
