18559
37098
-37.609891 -66.938559 2473.285346 -8409.723832 0.703975 0.119827 0.700044 0.520768 -0.757307 -0.394063 -0.482929 -0.641971 0.595527
-46.772909 -79.610950 -2168.127501 -6604.151212 -0.576321 -0.258652 -0.775212 0.704989 -0.637132 -0.311533 -0.413334 -0.726059 0.549540
-48.453659 -78.141196 -317.087011 -13601.510865 -0.388072 -0.482728 -0.785095 0.802850 -0.595387 -0.030765 -0.452584 -0.642252 0.618611
-40.618131 -69.131096 -395.660011 -5423.798914 0.707270 -0.017240 0.706733 0.486303 -0.713729 -0.504084 -0.513106 -0.700210 0.496415
-34.316474 -55.728195 2620.448787 -10908.734910 0.730976 0.116078 0.672458 0.448693 -0.824214 -0.345466 -0.514148 -0.554254 0.654564
-32.109029 -58.537649 -389.564485 -5794.322995 0.782596 -0.151418 0.603834 0.284332 -0.775945 -0.563084 -0.553803 -0.612357 0.564199
73.716738 -38.058561 -27117.778547 -4020.755664 0.551385 0.758000 0.348440 0.469538 -0.627203 0.621410 -0.689572 0.179030 0.701740
51.168830 -59.700353 -14916.147933 -4043.343289 0.557670 0.687966 0.464443 -0.391543 0.711390 -0.583625 -0.731914 0.143620 0.666089
47.742527 -48.430627 -5035.084095 5461.114261 0.644497 0.562808 0.517562 -0.195480 0.775689 -0.600079 -0.739196 0.285576 0.609947
0.563828 -9.812390 16290.153884 4739.642457 -0.328167 0.943737 0.040823 0.737419 0.228936 0.635454 -0.590356 -0.238639 0.771059
10.936697 -15.840661 -6012.920062 5433.277929 0.727708 -0.468586 0.500868 0.252912 0.862110 0.439092 -0.637556 -0.192855 0.745875
19.280909 -29.778977 9662.481235 11766.281176 -0.485567 0.873025 -0.045297 0.684165 0.411758 0.601975 -0.544191 -0.261309 0.797229
3.110506 -17.783100 1851.664757 309.336467 0.264957 -0.188708 -0.945615 0.943942 -0.149494 0.294322 -0.196905 -0.970588 0.138520
1.551964 -16.185754 2199.071219 641.317247 0.477921 -0.215582 -0.851538 0.847498 -0.141717 0.511531 -0.230954 -0.966147 0.114976
4.210229 -21.951048 -1850.610180 606.655132 0.448690 -0.249507 -0.858151 0.858031 -0.148260 0.491733 -0.249921 -0.956956 0.147562
2.724635 -23.839191 -2850.768212 1929.080388 0.327268 -0.236573 -0.914838 0.925196 -0.116612 0.361129 -0.192114 -0.964591 0.180713
96.733545 -49.278833 8268.650309 -9465.114626 -0.163131 -0.418830 -0.893291 0.965909 -0.252277 -0.058110 -0.201018 -0.872318 0.445706
93.357820 -50.107209 -10515.543249 1154.132406 -0.105313 -0.588129 -0.801881 0.969050 -0.241741 0.050034 -0.223274 -0.771794 0.595385
88.223408 -58.376363 -16944.136314 -12763.979941 -0.206719 -0.596088 -0.775852 0.961957 -0.268599 -0.049940 -0.178624 -0.756660 0.628935
97.425491 -67.834270 -8110.669627 -20910.336873 -0.243227 -0.478207 -0.843895 0.955042 -0.270117 -0.122196 -0.169515 -0.835676 0.522408
90.014280 -60.099030 18578.540127 -12445.757334 -0.234736 -0.287314 -0.928628 0.957644 -0.232263 -0.170210 -0.166782 -0.929249 0.329665
16.607682 -59.003737 -2407.466229 2097.138220 0.649285 0.361923 0.668910 -0.570505 0.813389 0.113673 -0.502943 -0.455423 0.734601
9.580570 -58.192450 -1886.825467 4900.458176 0.659752 0.322380 0.678822 -0.509091 0.856184 0.088178 -0.552770 -0.403757 0.728990
11.239521 -56.302419 806.878745 3038.092223 0.664064 0.386288 0.640156 -0.499077 0.866542 -0.005179 -0.556723 -0.316048 0.768227
-17.816566 -46.532395 1368.952054 -3357.237471 0.817536 0.391340 0.422478 0.575841 -0.563672 -0.592183 -0.006394 -0.727411 0.686172
-12.629735 -36.707555 2055.919268 -5638.701855 0.748447 0.474516 0.463317 0.660804 -0.592852 -0.460288 -0.056264 -0.650662 0.757280
-15.575820 -39.404078 1238.116661 -5120.403648 0.831633 0.370024 0.414088 0.550970 -0.642995 -0.531968 -0.069416 -0.670552 0.738607
3.441392 -76.781300 625.471888 -3009.210741 0.820608 0.174697 0.544135 -0.117153 0.983335 -0.139027 -0.559355 0.050339 0.827398
2.192640 -73.866576 -61.218179 14.211693 0.805050 0.242847 0.541220 -0.268373 0.962757 -0.032795 -0.529028 -0.118847 0.840241
4.084167 -82.024617 258.248985 -3302.886254 0.809389 0.204366 0.550567 -0.144719 0.977995 -0.150272 -0.569163 0.041951 0.821154
6.269493 -84.049998 1169.625753 -3618.034897 0.817781 0.143480 0.557358 0.010998 0.964354 -0.264388 -0.575425 0.222341 0.787052
3.393303 -87.419746 -821.976839 -3640.694204 0.789164 0.258830 0.556980 -0.193958 0.965482 -0.173851 -0.582752 0.029166 0.812126
8.525898 -88.637948 702.579462 -3414.917170 0.803745 0.194316 0.562348 -0.027012 0.956107 -0.291770 -0.594361 0.219318 0.773715
-0.491627 -184.347734 238.169654 -2969.729096 0.744349 0.609245 0.273432 0.667735 -0.673739 -0.316553 0.008636 -0.418206 0.908311
-2.041108 -171.952138 174.159843 -14498.916648 0.761468 0.587712 0.273425 0.618256 -0.785242 -0.033961 -0.194746 -0.194907 0.961294
-0.972686 -172.078455 150.070154 -4150.403725 0.729996 0.624391 0.277925 0.683304 -0.658341 -0.315724 0.014166 -0.420384 0.907236
0.315700 -171.400829 208.754000 10125.036133 0.712978 0.642080 0.281771 0.662876 -0.486198 -0.569392 0.228599 -0.592743 0.772268
51.844930 -49.650230 -2253.732320 12709.322281 0.793495 0.098638 0.600530 -0.179942 0.980684 0.076683 -0.581366 -0.168908 0.795917
56.339239 -29.453252 -418.910059 11889.345381 0.795521 0.156699 0.585314 -0.182311 0.983120 -0.015413 -0.577849 -0.094448 0.810660
53.329675 -34.117912 4254.563157 14978.332796 0.837690 0.169934 0.519036 -0.187053 0.982153 -0.019669 -0.513115 -0.080611 0.854526
-2.386397 -89.826784 7595.361346 17979.306714 0.455069 0.857311 0.240686 0.043629 0.248503 -0.967648 0.889387 -0.450847 -0.075683
-14.379226 -92.973135 4450.952651 19607.203854 0.504992 0.809559 0.299328 0.012005 0.340174 -0.940286 0.863041 -0.478430 -0.162066
-2.987585 -63.618159 2619.355645 8100.919600 0.523409 0.811850 0.258734 -0.028775 0.320317 -0.946873 0.851596 -0.488157 -0.191018
-2.391391 -48.353038 -2987.022546 960.144771 0.621841 0.316922 0.716152 -0.314021 0.938629 -0.142709 -0.717429 -0.136144 0.683198
3.785756 -48.214666 -3046.667721 138.238463 0.599258 0.366975 0.711491 -0.383167 0.911814 -0.147573 -0.702903 -0.184186 0.687025
-0.412418 -50.213588 -3341.647742 32.607454 0.615369 0.323221 0.718922 -0.423223 0.904928 -0.044585 -0.664983 -0.276829 0.693659
-7.131294 -51.307755 -1752.014099 623.681351 0.668118 0.255724 0.698730 -0.337121 0.941202 -0.022113 -0.663301 -0.220782 0.715044
-9.023369 -48.605572 -1693.098887 1814.133526 0.666607 0.243739 0.704433 -0.215944 0.967650 -0.130466 -0.713445 -0.065149 0.697676
11.218404 -139.565861 -1811.434570 3190.513958 -0.312907 0.236693 0.919818 -0.010609 0.967519 -0.252576 -0.949725 -0.088791 -0.300232
11.308502 -143.916526 -1576.741659 605.765455 -0.312265 0.244020 0.918120 -0.221607 0.921074 -0.320176 -0.923786 -0.303441 -0.233543
7.683373 -142.571001 -1020.123189 2276.933743 -0.324327 0.232227 0.916997 -0.073404 0.960296 -0.269154 -0.943093 -0.154605 -0.294403
6.124508 -138.127818 1907.377361 -11191.691953 0.559156 0.023923 -0.828717 0.569284 0.715596 0.404768 0.602710 -0.698104 0.386511
2.128156 -137.366200 2260.277354 -10607.216517 0.545913 0.022114 -0.837550 0.532409 0.762715 0.367161 0.646931 -0.646357 0.404602
1.227419 -124.179401 2649.255999 -7727.892889 0.558414 0.041388 -0.828529 0.610745 0.655383 0.444370 0.561395 -0.754162 0.340698
-4.190066 -115.812189 2231.182981 -5081.710233 0.546767 0.034203 -0.836586 0.666762 0.586561 0.459756 0.506434 -0.809182 0.297907
-0.312423 -113.150025 2848.293396 -7378.797910 0.563534 0.052417 -0.824428 0.678738 0.539502 0.498250 0.470897 -0.840351 0.268450
6.431481 -123.711568 2841.310037 -11157.572991 0.572390 0.046069 -0.818687 0.640606 0.598116 0.481540 0.511853 -0.800084 0.312844
7.356401 -219.843955 -2321.067603 29448.994489 0.421985 -0.047703 -0.905347 0.906217 -0.006925 0.422756 -0.026436 -0.998838 0.040307
6.807772 -246.703884 323.214893 28275.297487 0.387143 -0.024586 -0.921692 0.890745 -0.248177 0.380765 -0.238104 -0.968403 -0.074180
8.694842 -211.169744 -1035.800685 21054.793634 0.405569 -0.050103 -0.912690 0.907290 -0.099277 0.408619 -0.111083 -0.993798 0.005194
-13.125417 -200.787261 1214.526156 45228.899581 -0.450884 -0.015961 0.892440 0.248334 0.958121 0.142601 -0.857341 0.285920 -0.428038
-14.281756 -252.094925 -774.962752 54872.975952 -0.461664 -0.041945 0.886063 0.025949 0.997815 0.060756 -0.886675 0.051042 -0.459567
-13.510446 -202.456671 -830.937455 47629.188749 -0.444597 -0.002243 0.895728 0.206430 0.972822 0.104898 -0.871619 0.231543 -0.432050
-10.774214 -150.994221 -51.842054 27787.832842 -0.434147 0.040090 0.899950 0.389064 0.909378 0.147180 -0.812494 0.414035 -0.410401
-10.984671 -151.923035 1209.492720 30621.103103 -0.438693 0.034383 0.897979 0.439822 0.879618 0.181188 -0.783649 0.474437 -0.401005
0.430409 -53.803158 7851.986801 1666.808992 -0.556061 -0.169419 0.813691 0.383585 0.816195 0.432075 -0.737332 0.552380 -0.388868
-1.673975 -52.999645 -2706.555386 2110.200934 -0.586836 -0.170801 0.791487 0.369533 0.813270 0.449486 -0.720465 0.556254 -0.414139
-3.559523 -57.634932 2930.268664 1702.228408 -0.559819 -0.149589 0.815001 0.322468 0.866702 0.380580 -0.763294 0.475868 -0.436958
6.690704 -55.568009 12641.774024 322.344114 -0.534652 -0.151162 0.831443 0.391878 0.827344 0.402411 -0.748718 0.540974 -0.383104
9.505795 -53.613793 8686.595733 1291.235745 -0.555819 -0.174459 0.812791 0.436732 0.770652 0.464069 -0.707340 0.612911 -0.352151
-0.701507 -57.750380 11629.461688 844.494452 -0.535752 -0.151043 0.830756 0.331394 0.867316 0.371405 -0.776626 0.474288 -0.414611
-7.857200 -154.048195 834.168831 -9805.957040 -0.461902 0.125342 0.878030 0.826451 -0.298480 0.477377 0.321910 0.946150 0.034280
-8.848198 -167.270268 1053.089769 -6941.264237 -0.459306 0.121376 0.879947 0.745339 -0.486239 0.456115 0.483226 0.865355 0.132867
-9.397895 -158.611793 815.213495 -11288.188015 -0.436524 0.134785 0.889539 0.823956 -0.337167 0.455429 0.361308 0.931746 0.036125
5.413438 -914.607589 -14938.351595 -646132.761413 0.202308 -0.193122 -0.960091 -0.344014 0.903872 -0.254303 0.916911 0.381732 0.116424
1.380395 -572.653531 -8245.068847 -439359.328214 0.214618 -0.250479 -0.944034 -0.009379 0.965983 -0.258435 0.976653 0.064319 0.204968
11.846678 -962.432911 -35949.577313 -678678.711601 0.169558 -0.168579 -0.970995 -0.326704 0.919934 -0.216764 0.929793 0.353982 0.100906
-12.079414 -843.498716 11129.304574 247131.194814 -0.165401 0.185582 0.968608 0.710872 -0.658327 0.247523 0.683596 0.729497 -0.023037
69.620067 -2433.257060 69923.625887 -936705.892209 0.033495 0.218634 -0.975232 0.013312 0.975595 0.219172 0.999350 -0.020323 0.029767
18.583703 -1334.436025 44955.205962 -114798.173509 0.044146 0.244029 -0.968763 -0.335036 0.917168 0.215765 0.941171 0.315045 0.122248
-16.992315 -1162.869343 34488.528546 550576.113816 0.051144 0.233492 -0.971013 -0.096314 0.968906 0.227912 0.994036 0.081866 0.072042
55.661168 -4289.831909 70020.334108 4282532.672536 0.069360 0.254263 -0.964645 -0.396746 0.894242 0.207179 0.915304 0.368349 0.162903
-0.778622 -1349.356968 52840.667717 -943411.253240 0.018253 0.191318 -0.981358 0.381223 0.906043 0.183725 0.924303 -0.377470 -0.056397
29.979311 -1610.050458 35731.177565 1327321.320163 0.051600 0.249555 -0.966985 0.476887 0.844587 0.243415 0.877449 -0.473703 -0.075429
31.538371 -3436.198476 -65510.539116 2479495.966194 0.052061 0.145163 -0.988037 0.304534 0.939946 0.154144 0.951078 -0.308916 0.004728
848.323845 -3531.150002 -1195208.074569 3048374.323291 0.360447 -0.876319 0.319599 0.823558 0.138097 -0.550165 0.437984 0.461514 0.771476
339.606966 -1440.461014 119443.889342 1181512.312818 -0.468807 0.815591 0.339162 0.738829 0.572509 -0.355480 0.484099 -0.083931 0.870978
508.875974 -1653.810628 218328.941475 912732.634656 -0.370827 0.928659 0.008961 0.925232 0.370258 -0.082792 0.080204 0.022411 0.996527
3784.129627 -3715.257155 -3124854.289675 2032842.993020 0.461206 -0.780740 0.421586 0.883915 0.362856 -0.295007 0.077349 0.508705 0.857459
86.219735 -1903.996836 -90459.493941 1470221.337203 0.072223 -0.578926 0.812175 -0.205353 0.788224 0.580115 -0.976019 -0.208680 -0.061956
5.623555 -2774.781706 10486.319414 2484635.167043 0.132332 -0.489806 0.861730 -0.533752 0.697352 0.478340 -0.835223 -0.523250 -0.169153
976.704586 -9781.846882 574278.155811 -29397340.444858 -0.105650 0.530266 -0.841223 0.801667 -0.455111 -0.387561 -0.588361 -0.715327 -0.377014
-116.581351 -1844.852118 -153233.637337 -792114.620449 0.161579 -0.544330 0.823163 -0.351471 0.747687 0.563411 -0.922150 -0.380354 -0.070506
485.145045 -4945.996543 -450814.913629 -6509105.997371 0.063811 -0.627172 0.776262 0.455338 0.710459 0.536577 -0.888029 0.319222 0.330911
41.048075 -48.043455 -24882.982960 851.555067 0.776375 0.311717 0.547791 0.626381 -0.478024 -0.615743 -0.069919 -0.821174 0.566379
42.900530 -45.696585 -24246.980586 -1618.106252 0.765536 0.337245 0.547924 0.633479 -0.544008 -0.550235 -0.112511 -0.768324 0.630095
101.949208 -48.338184 -43684.322901 926.172499 0.707211 0.387144 0.591585 0.703551 -0.467945 -0.534830 -0.069773 -0.794448 0.603311
105.565588 -46.847212 -44487.884768 2794.779346 0.737940 0.346768 0.578961 0.674294 -0.414181 -0.611377 -0.027789 -0.841550 0.539464
36.410060 -46.034555 -23809.879904 2195.673169 0.779085 0.297895 0.551620 0.626595 -0.398255 -0.669904 -0.020124 -0.867555 0.496934
44.379235 -44.607397 16408.963570 1426.561866 -0.522229 -0.623766 -0.581543 0.760763 -0.648903 0.012847 -0.385378 -0.435707 0.813414
37.635393 -48.842174 -13137.618042 -749.320531 0.521476 0.633211 0.571932 -0.719547 0.686598 -0.104094 -0.458601 -0.357250 0.813669
55.681258 -44.156964 8562.698238 687.189589 -0.498679 -0.713652 -0.491955 0.805359 -0.591337 0.041453 -0.320494 -0.375529 0.869633
18.752924 -49.531533 -10630.392909 -1768.459005 0.556554 0.573888 0.600750 -0.683970 0.726971 -0.060813 -0.471627 -0.377049 0.797121
67.360482 -41.756946 14822.810748 1566.426642 -0.512769 -0.687933 -0.513630 0.818575 -0.572140 -0.050905 -0.258849 -0.446547 0.856500
48.622310 -40.290876 18859.150762 2263.468539 -0.541546 -0.600544 -0.588281 0.777345 -0.624168 -0.078410 -0.320098 -0.499761 0.804846
19.735490 -44.370628 9564.472927 2777.247068 -0.564555 -0.573149 -0.593952 0.726358 -0.686758 -0.027703 -0.392023 -0.447061 0.804024
24.030523 -30.834862 -23656.957595 2809.781895 0.693705 0.715183 0.085363 0.053600 -0.169448 0.984080 -0.718262 0.678086 0.155881
0.236372 -35.817936 -11028.160662 1446.846990 0.701660 0.655090 0.280233 -0.115822 -0.283206 0.952040 -0.703036 0.700465 0.122841
16.605007 -34.881215 -19968.903907 -294.591455 0.700215 0.711032 0.064289 0.025366 -0.114770 0.993068 -0.713481 0.693730 0.098400
1.463259 -37.220612 -13134.536134 1269.465487 0.705216 0.691497 0.156533 -0.085612 -0.136113 0.986987 -0.703805 0.709440 0.036789
22.217297 -34.197851 -11480.971671 988.336524 0.734668 0.676674 -0.048743 0.083093 -0.018443 0.996371 -0.673319 0.736052 0.069777
-0.687329 -15.413054 -1401.704420 -2387.370947 0.288412 0.817722 0.498146 -0.601455 -0.250089 0.758754 -0.745030 0.518446 -0.419694
-1.301099 -10.299573 -1076.864511 -1071.156519 0.333238 0.833845 0.440063 -0.593747 -0.176973 0.784949 -0.732405 0.522861 -0.436119
1.565968 -15.320144 -118.029093 -2118.247740 0.325808 0.821487 0.467984 -0.588539 -0.211161 0.780405 -0.739913 0.529689 -0.414679
2.044787 -20.994315 -1121.658144 -3147.004513 0.279827 0.806777 0.520391 -0.585826 -0.285942 0.758317 -0.760595 0.517057 -0.392617
-1.501291 -21.544258 -1902.175653 -3382.871093 0.287125 0.817568 0.499141 -0.577742 -0.267827 0.771027 -0.764050 0.509756 -0.395443
62.950247 -44.432684 32335.251577 -40.296007 -0.652758 0.061539 -0.755063 0.707154 0.407007 -0.578168 0.271736 -0.911350 -0.309194
54.781688 -46.165135 21458.827769 1751.497010 -0.621666 0.030723 -0.782680 0.750798 0.308155 -0.584246 0.223237 -0.950840 -0.214636
124.471470 -42.044425 45460.705172 -308.713155 -0.529379 0.026685 -0.847966 0.782000 0.402939 -0.475517 0.328989 -0.914838 -0.234175
81.141204 35.751703 3171.993179 -2515.907829 0.727261 0.097481 -0.679404 0.593022 0.409132 0.693496 -0.345568 0.907253 -0.239738
78.279171 31.100492 -38451.454792 1344.633875 0.668411 0.409986 -0.620595 0.506597 0.359973 0.783440 -0.544597 0.838052 -0.032912
79.945994 30.166011 -35834.618779 5968.232702 0.690861 0.372520 -0.619629 0.550857 0.283867 0.784842 -0.468261 0.883543 0.009093
26.918661 -4224.187520 196848.628231 -4480058.559328 -0.072077 0.782785 -0.618104 0.649621 0.507089 0.566440 -0.756834 0.360706 0.545063
-135.564586 -2714.020721 154576.994048 1522599.488494 -0.174373 0.752702 -0.634850 0.713482 0.540919 0.445364 -0.678629 0.375295 0.631361
-50.807038 -2499.787285 -131586.945430 1729835.694806 0.062855 -0.754013 0.653845 0.922598 0.293744 0.250055 -0.380608 0.587518 0.714115
-17.687274 -3116.808397 124193.095077 -388313.170957 -0.063564 0.760648 -0.646045 0.674518 0.509850 0.533927 -0.735517 0.401830 0.545479
-162.121517 -326.843919 -34468.822052 -107736.789217 0.555979 0.414330 0.720567 0.728316 0.174923 -0.662539 -0.400554 0.893159 -0.204510
-182.994140 -353.535785 -41333.421930 -81178.550549 0.648004 0.357253 0.672653 0.756537 -0.199884 -0.622654 -0.087993 0.912369 -0.399801
-118.794825 -408.901736 -29347.217185 -121365.763998 0.652848 0.513779 0.556615 0.711709 -0.164461 -0.682952 -0.259345 0.842011 -0.473029
16.524527 -109.364211 -3201.045200 -28143.966137 0.277047 0.713457 -0.643603 0.558253 -0.664691 -0.496527 0.782047 0.221732 0.582440
8.321904 -170.901097 -9800.753389 -33458.845740 0.302840 0.758150 -0.577492 0.457905 -0.647172 -0.609501 0.835829 0.079855 0.543150
3.660241 -136.415201 -7323.473064 45107.468890 0.340862 0.687479 -0.641238 -0.570148 0.693502 0.440439 0.747492 0.215472 0.628353
221.331082 -73.352904 -164451.783902 -13823.613049 0.509377 0.425004 -0.748269 0.611534 0.432990 0.662227 0.605443 -0.794916 -0.039349
170.321625 -47.470617 -93916.425589 -41942.657742 0.390216 0.426486 -0.815991 0.721161 0.409409 0.558848 0.572415 -0.806532 -0.147807
86.263708 -56.473811 -116094.561811 -20294.743646 0.552956 0.355412 -0.753606 0.641500 0.395583 0.657261 0.531712 -0.846875 -0.009256
48.556959 -25.178414 -73681.484072 -39560.838919 0.398040 0.282341 -0.872839 0.771323 0.412065 0.485039 0.496613 -0.866306 -0.053758
-26.907642 -56.675924 -44728.768985 -26702.341337 0.361063 0.284269 -0.888158 0.752045 0.474403 0.457570 0.551418 -0.833146 -0.042494
48.918271 -73.593447 11475.046498 9849.911059 0.451254 0.152863 0.879206 0.726729 -0.634734 -0.262637 0.517914 0.757460 -0.397516
59.529551 -72.608558 4045.854382 13772.451755 0.474801 0.298840 0.827803 0.747311 -0.633705 -0.199863 0.464856 0.713522 -0.524210
47.077958 -69.059025 8354.871939 389.102079 0.436273 0.208133 0.875412 0.706954 -0.681157 -0.190372 0.556671 0.701930 -0.444311
-15.790210 -179.061357 20771.378307 -92186.492112 -0.538158 -0.447155 -0.714450 -0.103427 0.876295 -0.470543 0.836474 -0.179333 -0.517833
-10.186163 -83.668841 6537.899476 -13823.019127 -0.505026 -0.496897 -0.705720 -0.376549 0.862583 -0.337879 0.776633 0.095101 -0.622733
-55.019717 -110.676902 134224.546453 1520.630657 -0.772928 -0.497866 -0.393334 -0.427586 0.866724 -0.256827 0.468777 -0.030325 -0.882796
-30.392188 -271.466845 64774.742556 -126041.759033 -0.642862 -0.531071 -0.551990 -0.262977 0.829850 -0.492130 0.719424 -0.171211 -0.673138
-50.744395 -268.112932 -57761.359076 246927.162239 0.436789 0.805423 0.400635 -0.783886 0.559268 -0.269708 0.441292 0.196246 -0.875642
-68.617906 -115.183273 -1377.277531 -1054.269248 0.603064 0.337923 -0.722580 -0.410928 -0.644790 -0.644503 0.683705 -0.685605 0.249988
-68.204619 -111.545854 1241.984575 4844.164991 0.587431 0.382975 -0.712920 0.249521 0.752307 0.609733 0.769847 -0.536064 0.346368
-69.217812 -115.884583 -127.410229 500.914587 0.671074 0.271800 -0.689772 -0.416560 -0.631405 -0.654068 0.613301 -0.726259 0.310498
-68.405512 -109.567489 -1633.228944 5146.347862 0.603024 0.299223 -0.739478 -0.540005 -0.529186 -0.654490 0.587159 -0.793995 0.157530
-66.128561 -114.876482 -688.210641 364.847639 0.744215 0.188789 -0.640705 -0.384517 -0.663246 -0.642069 0.546160 -0.724199 0.421005
-66.651093 -112.354672 -666.993642 2876.888118 0.745780 0.203308 -0.634412 -0.458436 -0.534342 -0.710151 0.483372 -0.820454 0.305298
-65.877748 -104.629368 5.758733 9140.676086 0.693896 0.240588 -0.678694 -0.548935 -0.433257 -0.714814 0.466025 -0.868565 0.168568
260.761073 -214.811126 -129158.394367 -39144.841685 0.889069 -0.159426 -0.429115 0.273560 -0.566575 0.777276 0.367044 0.808441 0.460111
170.004694 -173.562214 -73260.480339 -67762.459251 0.861740 -0.250040 -0.441456 0.354160 -0.326580 0.876308 0.363283 0.911496 0.192873
248.303616 -181.149647 -56045.554876 -49959.248126 0.693458 -0.371486 -0.617344 0.375298 -0.545171 0.749627 0.615034 0.751523 0.238635
325.682144 -212.627956 -84046.486598 -17638.146356 0.746340 -0.303354 -0.592413 -0.197055 0.749468 -0.632034 0.635725 0.588450 0.499580
337.013553 -252.795057 -188053.726254 44766.753731 0.934932 -0.110533 -0.337173 0.131059 -0.775475 0.617627 0.329737 0.621628 0.710529
21.660709 -50.002717 11058.353767 1575.699526 -0.671324 -0.337733 0.659742 0.732647 -0.167838 0.659590 -0.112035 0.926157 0.360112
-11.545689 -49.397579 -1398.203308 4274.216174 0.852510 0.184403 -0.489103 0.520466 -0.212829 0.826934 -0.048394 0.959531 0.277414
-12.018821 -53.937722 -4114.306632 460.520048 0.785319 0.247231 -0.567583 0.599843 -0.077033 0.796401 -0.153173 0.965890 0.208795
47.423747 -52.078348 15235.636117 -36.782086 -0.555947 -0.357365 0.750475 0.816410 -0.065100 0.573792 -0.156198 0.931693 0.327949
56.125932 -52.447624 16351.973282 587.515816 -0.586539 -0.366202 0.722404 0.806360 -0.180488 0.563212 -0.075864 0.912864 0.401154
15.064580 -51.422329 11221.706420 -122.188562 -0.642738 -0.344322 0.684346 0.737516 -0.036430 0.674346 -0.207262 0.938144 0.277359
9.638208 -48.106259 -8730.122072 -1610.963498 0.712913 0.698808 0.058504 -0.455928 0.525282 -0.718476 0.532808 -0.485537 -0.693087
12.272098 -51.839486 -8744.438803 -1473.967842 0.709994 0.701806 0.058106 -0.517509 0.575942 -0.632832 0.477591 -0.419236 -0.772106
-1.590382 -50.782346 -8515.993683 -1060.939597 0.690648 0.722943 0.018940 -0.534958 0.528333 -0.659306 0.486647 -0.445216 -0.751637
-2.902045 -47.002282 -7741.722602 -1531.961245 0.692508 0.721070 0.022145 -0.470887 0.475064 -0.743357 0.546533 -0.504353 -0.668528
7.399538 -43.773206 -8387.654678 -2038.465504 0.714244 0.697395 0.059120 -0.393593 0.470073 -0.790010 0.578740 -0.540991 -0.610237
16.582635 -87.160132 1963.027453 7789.366552 0.802324 0.521571 0.290239 -0.387256 0.084837 0.918061 -0.454211 0.848979 -0.270048
19.108210 -96.282553 929.728851 6453.965904 0.783274 0.561409 0.267024 -0.383853 0.098879 0.918085 -0.489017 0.821610 -0.292948
17.748486 -95.676054 2381.642267 -4675.126155 0.788837 0.522508 0.323608 -0.499777 0.238885 0.832560 -0.357714 0.818486 -0.449579
11.909251 -88.619222 2173.075787 -1375.720895 0.800948 0.495578 0.335983 -0.490986 0.222495 0.842276 -0.342659 0.839582 -0.421529
11.085201 -80.033663 2012.797751 6446.682865 0.815499 0.489690 0.308488 -0.393564 0.078402 0.915948 -0.424345 0.868364 -0.256662
-0.527936 -124.355481 1246.530655 -4348.301364 0.841536 0.439409 0.314224 -0.540000 0.668428 0.511472 -0.014709 0.600103 -0.799787
-3.071265 -126.719828 840.233151 -6672.442553 0.824949 0.461898 0.325744 -0.565182 0.668653 0.483190 -0.005375 0.582712 -0.812661
-1.989497 -144.466082 1271.121664 -19614.032856 0.839914 0.438647 0.319582 -0.536122 0.579067 0.614210 -0.084362 0.687219 -0.721535
-1.517609 -119.362703 732.886221 7531.403330 0.817852 0.473938 0.326345 -0.570524 0.741751 0.352574 0.074968 0.474541 -0.877035
2.287586 -136.053564 1855.412734 -15553.369950 0.853533 0.421968 0.305655 -0.512835 0.576664 0.635970 -0.092099 0.699572 -0.708602
1.028294 -121.587686 802.080008 12661.462951 0.833438 0.455306 0.313175 -0.550212 0.736472 0.393542 0.051463 0.500305 -0.864318
3.840791 -121.774081 1528.493655 1014.631702 0.855985 0.424227 0.295502 -0.515757 0.661080 0.544947 -0.035831 0.618874 -0.784673
1.345277 -27.338960 -3560.678146 5394.976415 0.814688 0.530917 -0.233259 -0.153387 0.585204 0.796247 -0.559245 0.612914 -0.558194
10.269891 -18.434082 -4736.793408 2383.311519 0.830725 0.409650 -0.376939 0.021790 0.652669 0.757330 -0.556257 0.637346 -0.533262
1.642010 -23.065703 -4350.103363 4763.958600 0.802284 0.567335 -0.185663 -0.187760 0.535068 0.823680 -0.566645 0.625965 -0.535799
-5.782587 -33.266431 -4846.101144 5286.100136 0.774237 0.625204 -0.098377 -0.302932 0.502557 0.809734 -0.555689 0.597124 -0.578492
-5.234348 -38.890851 -2958.781441 5706.076769 0.800869 0.574330 -0.169571 -0.251236 0.579283 0.775443 -0.543590 0.578425 -0.608222
-3.674390 -132.146982 398.305567 -4172.875580 0.971869 -0.235507 0.002543 0.066728 0.285692 0.955996 0.225870 0.928933 -0.293370
-4.205647 -139.476167 721.735755 138.396660 0.969695 -0.243463 -0.020422 0.041415 0.081425 0.995819 0.240782 0.966486 -0.089041
-1.951956 -142.412460 879.129564 -676.993616 0.967522 -0.252403 -0.013950 0.048226 0.130124 0.990324 0.248146 0.958833 -0.138071
-1.565679 -135.092039 1206.560521 -7259.958545 0.967548 -0.252677 0.002417 0.079731 0.314356 0.945951 0.239779 0.915060 -0.324300
-2.775081 -122.708039 304.665806 -10253.592990 0.972651 -0.231562 0.018129 0.094616 0.466286 0.879560 0.212126 0.853789 -0.475443
-3.882599 -119.829859 253.106121 -8344.523228 0.976224 -0.215470 0.023643 0.080360 0.461054 0.883726 0.201317 0.860815 -0.467407
-16.355744 -90.823729 414.341818 613.156384 0.794251 0.583835 0.168229 0.042755 -0.329899 0.943048 -0.606083 0.741824 0.286984
-16.091655 -96.025733 551.105448 2870.871540 0.793643 0.581941 0.177410 -0.067949 -0.204997 0.976401 -0.604577 0.786969 0.123153
-17.708252 -90.776343 32.298084 653.483303 0.754661 0.628071 0.189774 0.043592 -0.336595 0.940640 -0.654665 0.701592 0.281394
-9.970130 -195.428996 -3421.585478 -39289.518975 0.994124 0.024129 -0.105526 0.084223 -0.784809 0.613988 0.068002 0.619268 0.782230
-12.555185 -193.860395 -933.393956 -30710.467799 0.990915 0.022381 -0.132617 0.102951 -0.760715 0.640869 0.086540 0.648700 0.756108
-3.677263 -157.143540 -7555.473466 -31621.093520 0.998589 0.007665 -0.052540 0.045449 -0.634992 0.771181 0.027451 0.772481 0.634444
-14.743022 -220.478917 1189.525295 -22139.008942 0.988180 0.032343 -0.149847 0.093188 -0.902885 0.419659 0.121721 0.428663 0.895227
1.439443 -156.757198 -9532.735676 -45230.855904 0.999458 -0.002784 -0.032793 0.022862 -0.658014 0.752659 0.023673 0.753001 0.657594
-14.100823 -222.791211 -99.817462 -24210.136066 0.991386 0.029078 -0.127705 0.075815 -0.922484 0.378517 0.106799 0.384938 0.916742
-5.860989 -197.722706 -4296.729004 -47409.455621 0.996529 0.004910 -0.083095 0.053073 -0.806521 0.588819 0.064127 0.591185 0.803982
2.498411 -153.755294 -230.905998 -9011.978067 0.970961 -0.239210 0.003516 0.040281 0.177953 0.983214 0.235821 0.954521 -0.182421
2.867857 -151.013274 1882.000885 -8328.697804 0.966900 -0.255139 -0.003021 0.045994 0.162631 0.985614 0.250978 0.953129 -0.168983
3.321650 -160.566783 540.777428 -4791.427304 0.970089 -0.241673 -0.022845 0.021254 -0.009187 0.999732 0.241818 0.970314 0.003776
3.580343 -165.136361 -1765.591473 -4013.173571 0.974099 -0.225446 -0.017441 0.018546 0.002784 0.999824 0.225358 0.974252 -0.006893
4.034211 -152.886314 1090.209452 5029.573819 0.969037 -0.244485 -0.034568 -0.015738 -0.200872 0.979491 0.246415 0.948619 0.198500
5.748709 -157.642294 -208.234785 7073.504699 0.972894 -0.229641 -0.027234 -0.017485 -0.190483 0.981535 0.230588 0.954453 0.189335
216.449129 -173.046628 -102669.040891 59598.311811 0.991422 -0.114265 0.063453 -0.125430 -0.968279 0.216109 -0.036747 0.222215 0.974305
238.871492 -108.761015 -116323.358753 38332.727778 0.990882 -0.122995 0.055001 -0.128493 -0.985459 0.111172 -0.040528 0.117225 0.992278
80.469618 -131.084820 -33820.744520 56836.739966 0.977909 -0.154076 0.141262 -0.171078 -0.978247 0.117325 -0.120112 0.138899 0.982995
67.758127 -193.813071 -26676.837463 76944.642464 0.979056 -0.159620 0.126375 -0.188206 -0.946311 0.262821 -0.077639 0.281101 0.956532
77.343674 -226.492553 -27322.380990 81411.580220 0.984820 -0.150173 0.087048 -0.171784 -0.915137 0.364712 -0.024891 0.374129 0.927042
197.136896 -238.793680 -94040.010052 89897.070944 0.996442 -0.080012 0.026474 -0.084251 -0.937808 0.336777 0.002119 0.337809 0.941212
6.156803 -130.190184 -3293.899653 10628.392412 0.962273 -0.161151 -0.219229 -0.271863 -0.602094 -0.750715 0.011018 -0.781993 0.623190
10.704472 -129.003382 -2102.785788 14774.394611 0.961635 -0.138562 -0.236767 -0.274051 -0.524260 -0.806255 0.012411 -0.840209 0.542120
5.604697 -114.699605 -4020.460940 14730.931679 0.955470 -0.179246 -0.234411 -0.292051 -0.460730 -0.838113 -0.042228 -0.869252 0.492562
-17.130484 -80.612239 -7012.421229 9452.242829 0.983014 0.147054 0.109810 -0.125885 0.975646 -0.179633 0.133551 -0.162758 -0.977586
-27.338260 -67.275077 3851.248069 16599.747215 -0.982232 -0.112710 -0.150055 -0.089306 0.983950 -0.154486 0.165059 -0.138340 -0.976533
-17.658596 -87.452350 -7027.595093 15844.205207 0.989183 0.058219 0.134639 -0.024299 0.970220 -0.241005 0.144660 -0.235127 -0.961139
-25.989038 -82.457184 5441.795865 -23364.231379 -0.934614 -0.336405 -0.115452 -0.321022 0.937638 -0.133340 0.153108 -0.087559 -0.984323
-7.378280 -94.202242 -7576.776331 10095.219953 0.987794 0.119399 0.100036 -0.089223 0.960126 -0.264946 0.127682 -0.252787 -0.959060
-10.187551 -92.750673 -11356.059801 3384.659077 0.975940 0.205428 0.073072 -0.188427 0.963255 -0.191405 0.109707 -0.173031 -0.978787
-19.086870 -90.468759 9445.171032 -15664.122257 -0.943385 -0.321874 -0.080131 -0.309611 0.941165 -0.135456 0.119017 -0.102978 -0.987538
8.582389 -338.299120 17101.306288 50674.457873 0.948739 0.011368 0.315857 0.312302 -0.187413 -0.931313 -0.048609 -0.982215 0.181356
24.674387 -332.285552 28345.875639 59894.047301 0.925053 0.019110 0.379358 0.376032 -0.187107 -0.907519 -0.053638 -0.982154 0.180270
28.844896 -392.751974 23394.351894 75435.274073 0.942932 0.014806 0.332657 0.305228 -0.437754 -0.845699 -0.133101 -0.898973 0.417292
-0.890250 -44.043096 -7173.729498 465.596507 0.562780 0.826329 0.021421 -0.720809 0.477901 0.502041 -0.404614 0.297979 -0.864579
-12.109017 -42.756258 -7344.875788 684.147854 0.516809 0.854343 0.054835 -0.746804 0.418587 0.516787 -0.418560 0.308031 -0.854356
-13.885891 -44.343196 -8209.383777 745.051365 0.537033 0.842858 0.034428 -0.768169 0.471765 0.432844 -0.348584 0.258898 -0.900811
13.706632 -46.264342 -7124.710683 483.503940 0.587520 0.808598 0.031457 -0.741517 0.522401 0.421011 -0.323995 0.270678 -0.906510
14.448583 -45.382195 -6006.727439 233.486057 0.569434 0.820381 0.052151 -0.725732 0.471914 0.500609 -0.386079 0.322912 -0.864101
-2.579482 -45.343249 -8440.844732 765.241577 0.583021 0.812451 0.003278 -0.742098 0.530884 0.409209 -0.330722 0.241010 -0.912435
1.537265 -71.952601 -3014.251905 1723.663755 0.967661 -0.241301 -0.073528 0.182469 0.468302 0.864522 0.174177 0.849981 -0.497187
8.000411 -71.667456 -4216.710991 -1382.253480 0.971827 -0.227091 -0.063098 0.149717 0.388024 0.909407 0.182035 0.893234 -0.411092
-1.692672 -71.042636 -567.102090 689.570048 0.979567 -0.200917 0.008957 0.094268 0.498032 0.862019 0.177655 0.843562 -0.506796
17.178172 -70.455061 -4800.339972 3022.645352 0.941108 -0.298574 -0.158648 0.261109 0.343716 0.902043 0.214796 0.890344 -0.401435
8.788977 -71.995170 -5150.311679 2259.525584 0.942490 -0.294761 -0.157573 0.282172 0.449025 0.847795 0.179143 0.843500 -0.506374
26.251060 -18.765800 20336.385175 -16307.554877 -0.557643 -0.098121 -0.824261 0.830080 -0.064729 -0.553874 0.000993 -0.993067 0.117544
51.295201 -25.856291 29389.201603 -16301.681341 -0.632383 -0.119456 -0.765390 0.774548 -0.113971 -0.622162 -0.012911 -0.986276 0.164597
28.033717 -28.387648 18961.536468 -17169.978738 -0.671448 -0.119672 -0.731325 0.739833 -0.051682 -0.670803 0.042480 -0.991467 0.123239
32.919787 -7.515096 26270.059091 -11927.010427 -0.593945 -0.058537 -0.802373 0.804149 -0.072885 -0.589942 -0.023948 -0.995621 0.090362
9.511324 -24.406118 5199.786112 -9472.991483 -0.574649 -0.134017 -0.807352 0.815433 -0.009835 -0.578768 0.069625 -0.990930 0.114934
11.847176 -12.719220 7936.380103 -8196.963086 -0.396710 -0.098221 -0.912674 0.917705 -0.019722 -0.396774 0.020972 -0.994969 0.097962
-14.772271 -124.479394 -895.257296 7099.561048 0.750758 0.635891 0.178899 -0.590985 0.767560 -0.248169 -0.295125 0.080589 0.952054
-11.612852 -122.724326 -1332.388964 5190.823266 0.714886 0.666392 0.211800 -0.623206 0.744581 -0.239195 -0.317100 0.039002 0.947590
-10.978660 -124.472422 -1700.385610 -715.704543 0.716294 0.663696 0.215474 -0.674530 0.737648 -0.029758 -0.178695 -0.124028 0.976056
-1271.670889 -29478.676699 1029072.216150 38957271.148477 0.926561 -0.225355 -0.301164 0.157036 -0.495788 0.854127 0.341796 0.838695 0.423989
-1065.303142 -3094.879591 300781.890874 -1489540.653466 -0.596970 -0.353398 0.720234 0.634535 -0.757327 0.154340 0.490909 0.549150 0.676345
-1275.369161 -2850.304913 -885045.998284 2284472.409733 0.913600 -0.364089 -0.181035 -0.005846 -0.456942 0.889477 0.406572 0.811568 0.419591
6.941348 -236.991836 2890.654622 -74708.394533 -0.939932 -0.075562 0.332892 0.018325 0.962618 0.270243 -0.340868 0.260110 -0.903411
14.383360 -96.137433 1827.010751 -15937.942491 -0.943512 -0.273444 0.187119 -0.208790 0.929169 0.305044 -0.257278 0.248744 -0.933774
7.921657 -182.677694 249.953164 -61371.448480 0.950559 0.045718 -0.307162 0.070635 0.931348 0.357213 -0.302406 0.361248 -0.882072
-61.886974 -95.867424 -541.693369 -7656.895962 -0.289778 -0.468645 -0.834506 0.913809 -0.394721 -0.095646 -0.284573 -0.790296 0.542633
-50.970281 -89.693915 -2433.887162 -4910.739643 -0.521936 -0.257858 -0.813076 0.776151 -0.538939 -0.327314 -0.353797 -0.801907 0.481428
-46.319798 -81.475546 191.539076 -6735.321483 0.639255 0.050016 0.767366 0.617051 -0.628868 -0.473047 -0.458912 -0.775902 0.432869
50.169012 -89.981095 12849.323714 7834.735353 0.774428 0.150988 0.614381 -0.372119 -0.676654 0.635348 -0.511654 0.720654 0.467834
53.077733 -72.955186 9546.106720 10723.357203 0.763825 0.164107 0.624212 -0.280930 -0.786181 0.550452 -0.581077 0.595809 0.554402
62.912041 -80.606510 3876.799642 -13721.417872 0.697282 0.261541 0.667378 0.290803 0.747775 -0.596881 -0.655158 0.610270 0.445353
68.213730 -100.647834 3456.144731 9121.342579 0.681051 0.265265 0.682499 -0.420821 -0.620979 0.661283 -0.599233 0.737577 0.311289
46.238452 -100.755873 16061.887498 5102.195276 0.764334 0.108894 0.635559 -0.481523 -0.559157 0.674892 -0.428869 0.821879 0.374948
20.466766 -90.909876 17539.258377 2035.870227 0.813953 0.076489 0.575874 -0.410482 -0.625735 0.663295 -0.411079 0.776277 0.477921
63.129410 -108.241830 8774.076816 7715.215264 0.714228 0.214730 0.666160 -0.463808 -0.567594 0.680234 -0.524176 0.794813 0.305798
8.519323 -27.090109 -5727.803309 7682.095850 0.745634 -0.132441 0.653061 -0.047532 0.966982 0.250374 -0.664658 -0.217729 0.714719
9.464518 -28.336948 -3898.495191 4341.344218 0.754985 -0.116180 0.645368 -0.093362 0.955109 0.281159 -0.649062 -0.272524 0.710246
1.920317 -41.808267 -4403.149882 -751.300274 0.710988 0.105060 0.695311 -0.313613 0.932371 0.179806 -0.629398 -0.345899 0.695853
2.116049 -34.570391 -807.834152 -1899.007499 0.751160 -0.007326 0.660079 -0.219431 0.940306 0.260145 -0.622582 -0.340252 0.704713
-2.460725 -12.681098 4803.795480 -1391.354165 0.184304 -0.153966 -0.970735 0.961377 -0.177173 0.210628 -0.204418 -0.972062 0.115366
-5.636179 -11.470096 1219.851662 -1371.302731 0.691608 -0.239745 -0.681323 -0.688393 0.066719 -0.722262 -0.218616 -0.968541 0.118895
-0.004555 -15.881720 2114.633386 -1699.567893 0.722882 -0.234229 -0.650061 -0.651334 0.083073 -0.754230 -0.230665 -0.968626 0.092509
-60.177038 -75.969888 -8521.321339 8912.394999 0.210626 -0.933775 -0.289311 0.959400 0.254243 -0.122120 0.187588 -0.251844 0.949413
-71.561496 -97.269238 -141.698617 -7813.753148 0.737543 -0.546081 -0.397274 -0.653774 -0.724753 -0.217513 0.169145 -0.420153 0.891550
-64.291530 -72.894835 -8352.207077 10540.236453 0.230046 -0.907122 -0.352433 0.932607 0.308968 -0.186501 0.278070 -0.285778 0.917065
-4.811494 -54.277230 5484.318886 -165.818686 0.627856 0.498922 0.597388 -0.553117 0.826004 -0.108529 -0.547593 -0.262286 0.794575
4.112558 -55.408765 5633.284005 218.323854 0.634334 0.478620 0.607078 -0.598971 0.800752 -0.005449 -0.488727 -0.360166 0.794623
5.407790 -53.956436 2862.078149 67.715582 0.643013 0.449809 0.619843 -0.517610 0.851760 -0.081149 -0.564459 -0.268657 0.780519
-20.409325 -52.058879 1734.294744 1023.744242 0.760224 0.448206 0.470288 0.632350 -0.344510 -0.693864 0.148975 -0.824878 0.545328
-19.635532 -51.211244 1581.412257 -1463.700426 0.788557 0.422554 0.446796 0.611210 -0.458394 -0.645211 0.067828 -0.781872 0.619739
-20.449282 -50.026252 -666.311170 1446.961942 0.786840 0.388118 0.479841 0.606731 -0.344160 -0.716541 0.112961 -0.854937 0.506282
-21.864265 -44.907221 614.178082 4271.716630 0.746789 0.420979 0.514862 0.635077 -0.221569 -0.739990 0.197442 -0.879593 0.432819
-12.540034 -41.549033 -4823.004440 3276.981930 0.710736 0.377279 0.593730 0.686995 -0.190731 -0.701184 0.151299 -0.906246 0.394748
-5.931367 -46.333813 -8472.338395 1708.148511 0.775150 0.338751 0.533283 0.627880 -0.319449 -0.709732 0.070066 -0.884986 0.460316
-1.498409 -187.661537 353.903283 13746.228967 0.775233 0.572254 0.267468 -0.600560 0.798969 0.031259 -0.195810 -0.184864 0.963060
-2.711999 -166.319910 179.053558 17989.288079 0.793616 0.544214 0.272038 -0.492999 0.837226 -0.236653 -0.356547 0.053697 0.932733
-3.123657 -151.086274 121.100727 17071.327688 0.782398 0.558448 0.275661 -0.511977 0.828776 -0.225853 -0.354589 0.035575 0.934345
60.287137 -33.629934 -30211.539012 2511.870662 0.740812 0.306215 0.597855 0.665016 -0.208986 -0.716992 0.094610 -0.928740 0.358457
90.453668 -41.313086 -35354.338267 5264.103558 0.767857 0.333195 0.547153 0.634733 -0.280169 -0.720152 0.086656 -0.900270 0.426620
73.396722 -28.653673 -15871.467615 2985.836821 0.751406 0.463467 0.469667 0.620534 -0.254345 -0.741786 0.224336 -0.848827 0.478713
59.650970 -20.612217 -12202.015064 1486.616128 0.709551 0.454485 0.538499 0.660738 -0.163554 -0.732581 0.244873 -0.875610 0.416345
63.406654 -14.641415 9282.704354 1858.577396 0.684992 0.622673 0.378237 0.616541 -0.218841 -0.756298 0.388153 -0.751257 0.533808
80.899749 -21.924233 15493.022356 3883.073709 0.684388 0.682134 0.257500 0.573962 -0.286237 -0.767226 0.449645 -0.672876 0.587416
33.372204 -121.512337 6249.590118 17202.985817 0.993030 -0.045151 0.108869 0.047077 -0.694871 -0.717591 -0.108050 -0.717715 0.687903
27.821323 -91.519373 9991.513092 20906.658562 0.996417 -0.044772 0.071752 0.036689 -0.535577 -0.843689 -0.076202 -0.843299 0.532015
39.660160 -108.997802 2632.652493 18203.922138 0.979534 -0.096868 0.176436 0.068499 -0.663821 -0.744748 -0.189264 -0.741592 0.643600
4.802799 -50.934832 -3419.079711 175.774431 0.601004 0.347935 0.719539 -0.463407 0.885198 -0.040974 -0.651190 -0.308814 0.693243
5.258862 -154.686414 1108.061637 -13889.772998 0.547479 0.000787 -0.836819 0.473431 0.824285 0.310512 0.690022 -0.566175 0.450906
6.355122 -232.474649 1287.425393 35063.893958 0.416116 -0.002013 -0.909309 0.909312 0.000988 0.416115 0.000061 -0.999997 0.002242
5.097487 -274.506750 2918.271441 16016.094824 0.386191 0.020468 -0.922192 0.822983 -0.459173 0.334453 -0.416600 -0.888111 -0.194173
5.860455 -262.521732 1509.942520 10610.962109 0.366962 -0.005089 -0.930222 0.798805 -0.510727 0.317914 -0.476707 -0.859728 -0.183352
5.978331 -261.801442 1119.131394 42130.153315 0.398083 0.012864 -0.917259 0.900673 -0.195269 0.388146 -0.174119 -0.980665 -0.089319
-16.656143 -250.583302 -1603.379100 54371.828595 -0.443785 -0.024267 0.895805 -0.019996 0.999653 0.017175 -0.895910 -0.010291 -0.444116
7.221457 -258.044368 -5452.078052 -215313.960371 0.218833 -0.270755 -0.937446 0.182769 0.955101 -0.233189 0.958492 -0.120307 0.258493
2.431102 -359.436011 -8060.631979 -346206.753743 0.218644 -0.338262 -0.915300 0.189649 0.934840 -0.300180 0.957198 -0.107954 0.268548
18.061422 -132.608670 -3293.778012 -170306.815895 0.212299 -0.264844 -0.940631 0.271201 0.940729 -0.203662 0.938818 -0.211863 0.271542
